0,0,0.0149149183887925,0,0.00402060157931701,0,0,0,0.0575893214096541,0,0,0,0,0,0.00013106746835205,0,0,7.36709565353998e-05,0.00143401834592094,0,0,0,0,0,0,0,0,0,0,0,0,0,0,0,0,1.39077775861658e-06,1.78981955763463e-05,0,0,0,0.000529533699976867,0,2.52393249373531e-05,0,0,0,0,0,0.0168654022046989,0,0.00101170833948319,0,0,0,0.0156320493906644,0,0.00020974920064211,0,0,0,7.15935844637912e-05,0,0,0.000343849344798037,0,0,0,0,0,0,0,0,5.67622029438524e-05,4.38118372324356e-05,0,0,0,0,0,0.000309949737104431,0,8.00425485684639e-05,7.8088113990861e-05,0,0.00651392149890372,0,0
0,0,0,0.070616625605058,0,0.000145942474299182,0,0,0,0.044699360083309,0,0,0,0,0,0.00354772135353322,1.45732342560439e-05,7.62709652741223e-05,0.00157386989624459,0,0,0,0,0.000181830393460695,0,6.4004369679379e-05,0,0,0,0,0,0,0,0,0,0,0,0,0,0,0,0.00168239050340366,0.000124878363247274,0,0,0,0,0,0,0.0163205513296875,0,0.00367568396863284,0,0,0,0.0738147767826411,0,4.67539117458642e-05,0,0.000233548442234495,0,0.029062250067886,0,0,0,0,0.000464204940269398,0,0.000162633001016418,0,0,0,0,0,0,0,0,0,3.89806155344593e-05,0,2.45705258880032e-06,0,0.000556738156926041,0,0.00548743313660529,0,0
0.0149149183887925,0,0,6.13936952897679e-05,0.0601033308720637,4.64986160384484e-05,0,0,0.00965440337958779,0,0,0,0,0,0,0,0,0,0.000334880283307724,0,2.22717473756554e-05,0,0,0,0,0,0,0,0,0,0,0,0,0,0,0,2.29670964011375e-06,0,0,3.54448779233201e-05,0.000456770505722709,0,0.00378755918450991,0,0,0,0.000293584822797315,4.8646925413399e-05,0.00494794708003662,0,0.00568922003223385,0.000278440898248702,0,0,0.0343157252872916,0,0.00256097088363663,0,0,0,0.00151840037488484,0,1.12786109239008e-05,0.000659874544001406,0,0,0,0,0,0,0,0,7.41868794299481e-05,0.000695173790727233,0,0,0,0,1.12561545515867e-05,9.56986587947187e-05,1.88451020424456e-05,4.05607040895567e-05,0.00018595553552323,0,0.00897226273039424,0,0.00124085368608955
0,0.070616625605058,6.13936952897679e-05,0,0,0.0213215163883748,0,0,0,0.0639659516268446,0,0,0,0,0,0.00301767126963203,4.09791010831716e-06,2.42079166566286e-05,0.00021756250626429,0,0,0,0,0,0,0,0,0,0,0,0,0,0,0,0,4.78378695068968e-06,0,0,0,0.000209306430673535,0,0.00381552730261873,2.24302588935914e-05,0,0,9.02127878305133e-05,0,2.60817130912248e-05,0,0.00755411881070893,0,0.0411845173066476,0,0,0,0.0778846439332982,7.4908192522205e-05,0.000805033358753981,0,0.00174880457118791,0,0.0169573288621472,0,2.17871721092406e-05,0,0,0,0,0,0,0,0,0.00019637901046643,4.52578635926418e-05,0,0,0,0,6.77895553350405e-05,0,0,0,0.000910302453661912,0,0.0135287872933248,0,0
0.00402060157931701,0,0.0601033308720637,0,0,0,0,0,0.0121550428566054,0,0,0,0,0,9.41007532178424e-05,0,0,0,0,0,0.000314642375502179,0,0,0,0,0,0,0,0,0,0,0,0,0,0,0,0.000186332840388237,0,0,0,0,0,8.49335000751683e-05,0,0,0,0,0,0.00380475139514373,0,0.0104709232768303,0,0,0,0.0299586288682076,0,0.00337373157570885,0,0,0,0.00102585426894349,0,0,0,0,0,0,0,0,0,0,0,0,0.000165841973743579,0,0,0,0,0,0,0,0,0.000126020385174365,0,0.00325839793429831,0,0
0,0.000145942474299182,4.64986160384484e-05,0.0213215163883748,0,0,0,0.0158623845254321,0,0.0311874094084051,0,0,0,0,0,0.00163601418254244,0,0,0,0.00626963113808951,0,0,0,0,0,0,0,0,0,0,0,0,0,0,0,0.000481228996460185,0,0,0,0.000317957406911207,0,0.00019161711826177,0,0,0,0.00437110908261186,0,1.81856995355167e-05,5.92385375888429e-05,0.000857226937375241,0,0.0509954462852016,0,0.000611599709730177,0,0.000859146980624248,9.41409129652916e-05,0,0,0.000245460428015492,0,0.000988234988845464,0.00906664026508418,2.99091634587967e-05,0,0,0,0,0,0,0,0,5.4068770632635e-05,0,0,0,0,0,0.00191498559827994,0,0,0,0.00271425111301123,0,0.0108282793829316,4.07173559990801e-05,0
0,0,0,0,0,0,0,0,0,0,0.00269094745025108,0,0.000116753721142002,0,0,0,0,0,0,0,0,0,0,0,0,0,0,0,0,0,0,0,0,0,0,0,0,0,0,0,0,0,0,0,0,0,0,0,0,0,0,0,0.00965969129108634,0,0,0,0.000349168542894772,0,0.000128957826503933,0,0,0,0,0,0,0,0,0,0,0,0,0,0,0,0,0,0,0,0,0,0,0,0,0,0,0,0
0,0,0,0,0,0.0158623845254321,0,0,0,0,0,0.0025627536202132,0,0,0,0,0,0,0,0.00173191524500143,0,0,0,0,0,0,0,0,0,0,0,0,0,0,0,0,0,0,0,0,0,0,0,0,0,0,0,0,0,0,0,0.000270484127323785,0,0.0058675314638,0,0,0,7.52971006054391e-05,0,0,0,0,0.000148539952207138,0,0,0,0,0,0,0,0,0,0,0,0,0,0,0,0,0,0,0,0.000331165140243465,0,0,0,0
0.0575893214096541,0,0.00965440337958779,0,0.0121550428566054,0,0,0,0,0,0,0,0,0,0.0282833380773918,0,0.000312097034884779,2.04572589383595e-05,0.000160080668661633,0,0,0,0,0,0.00391808444405521,0,0.000415576442985036,0,0,0,0,0,0,0,0,0,0,0,0.000896941011577068,0,0,0,8.6465840528154e-05,0,0,0,0,0,0.00959721191438061,0,0.000921683476958685,0,0,0,0.156449795510623,0,0.000308401299303674,0,0,0,0.0409488527773503,0,0,0,0,0,0,0.000245753525413685,0,0.00879634393897034,0,0,0,0,0,0,0,0,0,0,0,0.000577952661038619,0.00125423747481524,2.21887063048764e-06,0.00583068717371947,0,0
0,0.044699360083309,0,0.0639659516268446,0,0.0311874094084051,0,0,0,0,0,0,0,0,0,0.077252177088109,0,4.28451292615482e-05,0,0,0,0,0,0.00712040821356052,0,0.0042957963219207,0,0,0,0,0,0,0,0,0,0,0,0.000423923498654385,0,3.64528789452618e-05,0,0.000154174744767541,0,0,0,2.63770980513198e-05,0,0,0,0.00118224303086933,0,0.00144796582496523,0,0,0,0.135649433010877,0,0,0,0.00012708260802231,0,0.0215546942596297,0,6.19249529842517e-05,0,0,0.000137510534571784,0,4.06473912400139e-05,0,0,0,0,0,0,0,0,0,1.51363668212095e-06,0,0.00124733520192473,0,0.000910936167084849,0,0.00561321287965482,0,0
0,0,0,0,0,0,0.00269094745025108,0,0,0,0,0,0.00273172922466085,0,0,0,0,0,0,0,0.00861875420715654,0,0,0,0,0,0,0,0.0038100070251256,0,0.00241554577903147,0,0,0,0,0,0.00107463866360142,0,0.00414561082375762,0,0,0,0,0,0,0,0,0,0,0,0,0,0,0,0,0,0.0356248165771133,0,0.000926747069799685,0,0,0,0,0.000345460960977155,0,0,0,0,0,0,0,0.000109570831165715,0,0.00351856181333171,0,0,0,0,0,0.00012720863383899,0,0.000670372106294109,0.00118086989587955,0,0,0,0
0,0,0,0,0,0,0,0.0025627536202132,0,0,0,0,0,0.00230243261997157,0,0,0,0,0,0.0184450082498419,0,0,0,0,0,0,0,0,0,0.00392122672304087,0,0,0,0,0,0,0,0.00785627274709488,0,0,0,0,0,0,0,0.0004141693632246,0,0,0,0,0,0,0,0.00323071539424309,0,0,0,0.0279312566196656,0,0,0,0,0.0199761062069085,0,0,0,0,0,0,0,0,0,0.00884554893146871,0,0,0,0,0,3.37094628498841e-05,0,0.00229317710495237,0,0.000703911819687144,1.34316745942212e-06,0.000383025106881946,0,0
0,0,0,0,0,0,0.000116753721142002,0,0,0,0.00273172922466085,0,0,0,0,0,0,0,0,0,0,0,0,0,0,0,0,0,0,0,0,0,0,0,0,0,0,0,0,0,0,0,0,0,0,0,0,0,0,0,0,0,0.0003811925308011,0,0,0,0.000794175978934903,0,0.00321481495034923,0,0,0,0,0,0,0,0,0,0,0,0,0,0,0,0,0,0,0,0,0,0,0,0.000551208779360862,4.23223260348255e-05,0,0,0
0,0,0,0,0,0,0,0,0,0,0,0.00230243261997157,0,0,0,0.00820808492040662,0,0,0,0,0,0,0,0,0,0,0,0.00153614617318776,0,0,0,0,0,0,0,0,0,0,0,0,0,0,0,0,0,0,0,0,0,0,0,0,0,0,0,0,0,0.00118272254246183,0,0.0262627994841822,0,0.00869988195788213,0,0,0,0,0,0,0,0,0.00319992224927718,0,0,0,0,0,0,0,0,0,0,0,0.000585105286219028,0.00010373593342669,0,0,0
0.00013106746835205,0,0,0,9.41007532178424e-05,0,0,0,0.0282833380773918,0,0,0,0,0,0,0,0.00113351988338044,7.37481564202168e-06,9.60838319078513e-06,0,0,0,0,0,0,0,0.000252389033739897,0,0,0,0,0,0,0,0,0,0,0,0,0,0,0,0,0,0,0,0,0,0,0,0.000106121816848239,0,0,0,0.00825818687167397,0,0,0,0.000174657230672892,0,0.00823694191451877,0,0,0,0,0,0,0,0,0.00766355130704763,0,0,0,0,0,0,0,0,0,0,0,0,3.77603799646933e-05,0,0,0,0
0,0.00354772135353322,0,0.00301767126963203,0,0.00163601418254244,0,0,0,0.077252177088109,0,0,0,0.00820808492040662,0,0,0.000336857664025425,0.00607395886494239,0.000246685159446821,0,0,0,0,0,0,0.00157219974356581,0,5.85222217666979e-05,0,0,0,0,0,0,0,0,0,0,0,0,0,0,0,0,0,0,0,0,0,3.39239415099598e-05,0,0.00917920201676553,0,0,0,0.0486304174672238,0,0,0,0.00320640608308765,0,0.0634495701775364,0,0,1.17188848460157e-05,0,0.00253093472314331,0,0.000414272600288159,0,0.000111465910000798,0,0,0,0,0,0,0,0,0,6.46561930690856e-06,0,0.000528906971964381,0,0,0,0
0,1.45732342560439e-05,0,4.09791010831716e-06,0,0,0,0,0.000312097034884779,0,0,0,0,0,0.00113351988338044,0.000336857664025425,0,0.118481987668679,0.0365381278586067,0,0,0.000168773087156438,0.00540044888666615,2.57916629529508e-05,0.00581613844454166,0.00156196843167832,0.00985947455061763,3.62538144075181e-06,0.000153925082322881,0,0,0,0,0,0,8.81849487576933e-06,1.8101693708496e-05,0,0,0.000430603796717394,8.11591334379269e-05,0.000223250762606886,0.000309580574844313,3.3201949673853e-06,0,5.55015159173499e-06,0,0,0,1.02693962515613e-05,0,0,0,0,0,0,2.1589761535637e-06,3.30330334237617e-05,0,0,0.000507659445814607,6.79439619076661e-05,0,0.000408150308616522,3.10426981951553e-05,0.00219776399783583,0,0.00130565999136664,0.000380560480973749,0.00761548022404504,8.71500961263985e-06,0,7.95135644673207e-05,2.0789739104135e-06,0,0,0,0,0.00045870506719517,0.000218837748090823,9.40355189776607e-05,1.03965508559836e-05,0.0132871452527019,0.00019795527705431,0.000503640640000092,0.000154234447764648,2.47502467476762e-05
7.36709565353998e-05,7.62709652741223e-05,0,2.42079166566286e-05,0,0,0,0,2.04572589383595e-05,4.28451292615482e-05,0,0,0,0,7.37481564202168e-06,0.00607395886494239,0.118481987668679,0,0.038331297756838,6.70039968397353e-06,0,0.00820782625397855,2.48931907759645e-05,0.00083307174544497,0.000405089039932207,0.0498312220261094,4.01054250691475e-06,0.00122356070212164,0,0,0,0,0,0,0,1.03975299413316e-06,2.14765919978716e-06,1.11014901704892e-05,0,0.000986799520517882,8.82195530340312e-05,0.00101998037968454,0.000114156793621401,6.36512096481877e-05,0,7.36617567208112e-05,0,0,8.48600236600305e-06,4.24559228392861e-05,0,0,0,0,0,0,6.96492973647399e-06,8.28582124823404e-05,0,0,0,0.00072929669030873,1.47216368442854e-06,0.000654437452299334,0.000733845114034706,0,0.000214650968348891,0.000113982437931918,0.0159432938197283,0,0.000442718210622962,0,0.000345228416467836,0,0,0,0,0,0.00102378859197655,0.000484616569485536,0.000434898278403788,2.46068788105284e-05,0.0244188120384386,0.000340102353135737,0.000982591232589602,0.000227164068502179,1.14080236364737e-05
0.00143401834592094,0.00157386989624459,0.000334880283307724,0.00021756250626429,0,0,0,0,0.000160080668661633,0,0,0,0,0,9.60838319078513e-06,0.000246685159446821,0.0365381278586067,0.038331297756838,0,0,1.31746921760279e-05,1.03288812169369e-05,0,0,9.30422149181438e-05,0.00121583030932425,0,0,0,0,0,0,0,0,0,6.36041877755908e-05,0.000676187881667859,1.47904040965931e-05,0,0.0146341493924752,0.00766190084214381,0.0146580039944231,0.0134118168464351,0.00271011896445496,0,0.000259095051414674,2.51354812802404e-05,0,0.000199196596734377,0.000243686998912571,0,0,0,0,0,0,0.000248731232131658,0.00135274960744895,0,0,0,0,0.000158622303214908,0.0162795853481484,0,0,0,2.39922174941707e-05,0.000411627595208499,0,2.04881069685778e-05,0,0.00460445476535325,3.88152429533757e-05,0,0,0,7.05836756276729e-05,0.0108120874882916,0.0147495889976833,0.00432010973695744,0.00187580520637755,0.00810980555396419,0.00013136210755041,0.0239865760332661,0.00403046132391659,0.000870770930330111
0,0,0,0,0,0.00626963113808951,0,0.00173191524500143,0,0,0,0.0184450082498419,0,0,0,0,0,6.70039968397353e-06,0,0,0,0,0,0,0,0,0,0,0,0,0,0,0,0,0,0.00927525643766587,0,0.000722272868036616,0,0,0,0,0,2.54963902855659e-05,0,0.000444738372517211,0,0,0,0,0,0,0,0,0,0,0,0.000114220726025976,0,0,0,0,0.0311681373824289,0,0,0,0,0,0,0,0,0,0.000459699554435145,0,0,0,0,0,0.00299316831752986,0,0.00234038363031544,0,0.000255705003748842,0,0.000777303874515048,0,0
0,0,2.22717473756554e-05,0,0.000314642375502179,0,0,0,0,0,0.00861875420715654,0,0,0,0,0,0,0,1.31746921760279e-05,0,0,0,0,0,0,0,0,0,0,0,0,0,0,0,0,0,0.00463599839926474,0,0.000843334551453857,0,0,0,0.000190617217835318,0,0,0,0.0004564229143047,0,0,0,0.000403423407332357,0,0,0,0.000143989708790835,0,0.02332945099622,0,0,0,0,0,0,0.0606970604237225,0,0,0,0,0,0,0,0,0,0,0,0,0,1.58822410214359e-05,0,0.0020930535601957,0,0.000939912559926637,0.000101926298040939,0,0.0046303584474102,0,0
0,0,0,0,0,0,0,0,0,0,0,0,0,0,0,0,0.000168773087156438,0.00820782625397855,1.03288812169369e-05,0,0,0,0.0227118880551177,0.00696744835984681,0,0.0107067449431161,0,0.0154708110847167,0,0,0,0,0,0,0,0,0,0.012205656312869,5.04325429212319e-05,0,0,0,0,0,0,0,0,0,0,0.00572098708397961,0,0,0,0,0,0,0,0,0,0,0,0,0,0,0.214296162531333,0.00252496649802677,0.00738585506077552,2.50024574356884e-05,0.00444485487598345,0,0.0117555147343923,0,0,0,0,0,3.82342894118787e-06,0,0,0,0.00671787660878466,0,0.00557228510877753,0.00100132284583169,0.000124254951830458,0,0
0,0,0,0,0,0,0,0,0,0,0,0,0,0,0,0,0.00540044888666615,2.48931907759645e-05,0,0,0,0.0227118880551177,0,0,0.00327481957679285,0,0.00777623782899931,0,0.000141312332632048,0,0,0,0,0,0,0,0,0.000482074076962977,0.0179418928210996,0,0,0,0,0,0,0,0,2.49234190360912e-05,0.00102484191788764,0,0,0,0,0,3.31775025519333e-06,0,0,0,0,0,0,0,0,0,0.00527898950321734,0.167889574725053,0,0.00144932430981601,0,0.00469379307834418,0,0.000536756299145061,0,0,0,0,0,0,0,0,0.000496538981177128,0.00979282562829109,0.00851150866263828,0.00252056506302433,1.35569603944374e-05,0,0
0,0.000181830393460695,0,0,0,0,0,0,0,0.00712040821356052,0,0,0,0,0,0,2.57916629529508e-05,0.00083307174544497,0,0,0,0.00696744835984681,0,0,0,0.115584771026303,0,0,0,0,0,0,0,0,0,0,0,0.0111863876764238,0,0,0,0,0,0,0,0,0,0,0,0.00811562531451639,0,0,0,0,0,0.0270913949913156,0,0,0,0.000181149480272765,0,0.000556895289167655,0,0,0.0048340158323739,0,0.268999767963032,0,0.0764006669107815,0,0.000372978430696708,0,0,0,0,0,0,0,0,0,0.0104076419374007,0,0.00233748700837547,0.000505301404578312,0.0033240291241241,0,0
0,0,0,0,0,0,0,0,0.00391808444405521,0,0,0,0,0,0,0,0.00581613844454166,0.000405089039932207,9.30422149181438e-05,0,0,0,0.00327481957679285,0,0,0,0.00971928628402953,0,0,0,0,0,0,0,0,0,0,2.76548408422239e-05,0.00493723472045846,0,0,0,2.228146563099e-05,0,0,0,0,0,0.00223972675890168,0,0,0,0,0,0.0031528492637382,0,0,0,0,0,0,0,0,0.000120284091287274,0,0.0125541536659952,0,0.212558968734618,7.30172099040901e-05,0.0107455490911608,0,0,0,0,0,0,0,0,0,0,2.89336781746021e-05,0.00425012591069891,0.00159019224376407,8.5340398032683e-05,0.00117865775210312,0,0
0,6.4004369679379e-05,0,0,0,0,0,0,0,0.0042957963219207,0,0,0,0,0,0.00157219974356581,0.00156196843167832,0.0498312220261094,0.00121583030932425,0,0,0.0107067449431161,0,0.115584771026303,0,0,0,0.0248606285802592,0,0,0,0,0,0,0,0,0,4.63607920629121e-06,0,1.68899961286095e-05,0,8.96641277840522e-05,0,0,0,0,0,0,0,0.00033698557135279,0,0,0,0,0,0.00595750838122332,0,0,0,2.57800456329103e-05,0,0.00129540127441913,0,0,0.00291585281892471,0,0.132970229164495,0,0.232085263901455,0,0.0178480748335778,0,0,0,0,0,0,0,2.64590643868953e-05,0,3.22442202023426e-06,0,0.00245360858323154,0.000285059228931228,5.45597747534931e-05,2.13593386816455e-05,0
0,0,0,0,0,0,0,0,0.000415576442985036,0,0,0,0,0,0.000252389033739897,0,0.00985947455061763,4.01054250691475e-06,0,0,0,0,0.00777623782899931,0,0.00971928628402953,0,0,0,0.00271469372787918,0,0,0,0,0,0,0,0,0,1.59508305265608e-05,0,0,0,0,0,0,0,0,0,0,0,0,0,0,0,0,0,0,0,0,0,0,0,0,0,0,0.00490481341655865,0,0.00182631639004159,0,0.056368240728998,0,0.000314792171145701,0,0,0,0,0,0,0,0,0,1.59596645516189e-05,0.000543562081340916,0,6.30955840570891e-05,0,0
0,0,0,0,0,0,0,0,0,0,0,0,0,0.00153614617318776,0,5.85222217666979e-05,3.62538144075181e-06,0.00122356070212164,0,0,0,0.0154708110847167,0,0,0,0.0248606285802592,0,0,0,0.00633506847841726,0,0,0,0,0,0,0,0.00408019038378939,0,0,0,0,0,0,0,0,0,0,0,0,0,0,0,0,0,0,0,0,0,0.000315075776294047,0,0.00212514107388459,0,0,0.0058772064979936,0,0,0,0.0267602922938844,0,0.138426105687481,0,0.000151374443043228,0,0,0,0,0,0,0,0.00210942547017585,0,0.00308681916450752,0.000315513807673085,0,0,0
0,0,0,0,0,0,0,0,0,0,0.0038100070251256,0,0,0,0,0,0.000153925082322881,0,0,0,0,0,0.000141312332632048,0,0,0,0.00271469372787918,0,0,0,0.027516592418274,0,0,0,0,0,0,0,0.000307044577918382,0,0,0,0,0,0,0,0,0,0,0,0,0,0,0,0,0,2.61280319350617e-05,0,0,0,0,0,0,0,0,0.000274553532519703,0,0,0,0.00185499050053415,0,0.0241095600446727,0,0.00517090937989304,0,0,0,0,0,0,0,0.000191159216787702,9.26449698999202e-05,0.000617759485943393,0,0,0
0,0,0,0,0,0,0,0,0,0,0,0.00392122672304087,0,0,0,0,0,0,0,0,0,0,0,0,0,0,0,0.00633506847841726,0,0,0,0,0,0,0,0,0,0.000782803033467872,0,0,0,0,0,0,0,0,0,0,0,0,0,0,0,0,0,0,0,0.00162127219573886,0,0,0,0,0,0,0,0,0,0,0,0,0.0026960245320726,0,0.0529441923199324,0,0,0,0,0,0,0,0.000127108499240794,0,7.86518371224304e-05,0,0.000152414132819232,0,0
0,0,0,0,0,0,0,0,0,0,0.00241554577903147,0,0,0,0,0,0,0,0,0,0,0,0,0,0,0,0,0,0.027516592418274,0,0,0,0,0,0,0,0,0,0.00225497200876253,0,0,0,0,0,0,0,0,0,0,0,0,0,0,0,0,0,4.17421388010904e-05,0,0,0,0,0,0,0,0,0,0,0,0,0,0,0.00574248264017961,0,0.0358058647761773,0,0,0,0,0,0,0,2.02205608721641e-05,1.1479373558996e-05,0,0,0,0
0,0,0,0,0,0,0,0,0,0,0,0,0,0,0,0,0,0,0,0,0,0,0,0,0,0,0,0,0,0,0,0,0.0274948296661342,0.00118013770663326,0,0.0036126137876174,0,0,0,0,0,0,0,0,0,0,0,0.0747232235768531,0.000469930773556979,0,0,0,0,0,0,0,0,0,0,0,0,0,0,0,0,0,0,0,0,0,0,0,0,0,0.101590230988057,0.00282440445208203,0.000479374939763811,0,0.00403153694112386,0,0,0,0.00183379738652532,0,9.6326445050577e-06,0,0
0,0,0,0,0,0,0,0,0,0,0,0,0,0,0,0,0,0,0,0,0,0,0,0,0,0,0,0,0,0,0,0.0274948296661342,0,0,0,0,0.00030783986567345,0,0,0,0,0,0,0,0,0,0,0.0605191050537944,3.96700038956402e-05,0,0,0,0,0,0,0,0,0,0,0,0,0,0,0,0,0,0,0,0,0,0,0,0,0,0.00488850386260326,0.0580702829875019,0,0.000577337785804608,0,0.00219906241187113,0,0,0.000182313417262905,0,0,0,0
0,0,0,0,0,0,0,0,0,0,0,0,0,0,0,0,0,0,0,0,0,0,0,0,0,0,0,0,0,0,0,0.00118013770663326,0,0,0.0927537840068421,0.00967951636482648,0,0.00918945856844208,0.0021235525396052,0,0,0,0,0,0,0,0,0.091007193418147,3.02562485024588e-05,9.77066722700664e-05,0,0,0,0,0,0,0,0,0,0,0,0,0,0,0,0,0,0,0,0,0,0,0,0,0,0,0.0768029880014945,0.0443627017347358,0.00248230076754356,0,0.00108505189440535,0.000291901310264275,0.00208144941423953,8.7103357844373e-06,0.000112673688643979,0,0
0,0,0,0,0,0,0,0,0,0,0,0,0,0,0,0,0,0,0,0,0,0,0,0,0,0,0,0,0,0,0,0,0,0.0927537840068421,0,0,0.00200863967111181,4.68985260768691e-05,0.00552005716237917,0,0,0,0,0,0,0,0,0.0439160756779215,0.000386945484988891,0,0,0,0,0,0,0,0,0,0,0,0,0,0,0,0,0,0,0,0,0,0,0,0,0,0,0,0.0506957278092798,0.125127981561565,0,0.000854533926723177,0,0.0159825425040264,0.000358549529877784,0,2.81496596617431e-05,0,0
1.39077775861658e-06,0,0,4.78378695068968e-06,0,0.000481228996460185,0,0,0,0,0,0,0,0,0,0,8.81849487576933e-06,1.03975299413316e-06,6.36041877755908e-05,0.00927525643766587,0,0,0,0,0,0,0,0,0,0,0,0.0036126137876174,0,0.00967951636482648,0,0,0.000717198934331129,0.00913136214841509,3.26452106136511e-05,2.74728114456807e-05,0,9.85922370532494e-05,0,3.03393833650805e-06,0,3.578844504156e-05,0,0.00153660224948797,0.000136985680670895,1.47971668218886e-06,0,6.28430952515753e-05,0,0,0,0,0,4.26945579199358e-05,0,0,0,0,0.00329620848808456,7.96268745497926e-06,0,0,0,0,0,0,0,0,3.81835727217141e-06,0,0.00294358735011386,0,0.00215820334280998,0,0.0583717284472372,0.000475504386543268,0.00129582136991485,0,0.00433929038940977,2.81591246327386e-06,0.00038986037209709,1.13457855572618e-05,0
1.78981955763463e-05,0,2.29670964011375e-06,0,0.000186332840388237,0,0,0,0,0,0.00107463866360142,0,0,0,0,0,1.8101693708496e-05,2.14765919978716e-06,0.000676187881667859,0,0.00463599839926474,0,0,0,0,0,0,0,0,0,0,0,0.00030783986567345,0,0.00200863967111181,0.000717198934331129,0,0,0.00579544686208679,0,0.00044974995076806,1.56280719056262e-05,0.00012460449154407,0,0,0,0.000271521132723471,0.000848766327903548,0.000435204682583811,0,0,0,0,0,0,0,9.55648204722637e-06,0,0,0,0,0,0,0.00341692298630745,0,0,0,0,0,0,0,0,0,6.9239191668054e-06,0,0.000730216921623824,0,0.000433712162933913,4.73117836368535e-05,0.0320479977551156,0,0.00730933585982726,0.00156911961288643,4.39680890421844e-05,0.00162798240622586,0,1.03479506082202e-05
0,0,0,0,0,0,0,0,0,0.000423923498654385,0,0.00785627274709488,0,0,0,0,0,1.11014901704892e-05,1.47904040965931e-05,0.000722272868036616,0,0.012205656312869,0.000482074076962977,0.0111863876764238,2.76548408422239e-05,4.63607920629121e-06,0,0.00408019038378939,0,0.000782803033467872,0,0,0,0.00918945856844208,4.68985260768691e-05,0.00913136214841509,0,0,0.00566971531820031,0,0,5.92722551956155e-05,7.67212268818943e-06,0,0,0.000122387295846471,0,0.0143936561698642,0,0.00473457211323581,0,0,0,0,0,0.000708001389019142,0,0.000366155385904459,0,0,0,0,0.00058874079224615,0,0.00541972822661467,1.39685484527625e-05,0.00476509605596351,0,2.22848295574484e-05,0,0.00118019938961334,0,0.00111063541753733,0,0,0,0.00328241818703764,8.16659535185445e-06,0.00869430878805083,0,0.101105826667867,0.00101292056616155,0.0066613451616739,0.000771683406101339,0.00169573236859979,0,0
0,0,0,0,0,0,0,0,0.000896941011577068,0,0.00414561082375762,0,0,0,0,0,0,0,0,0,0.000843334551453857,5.04325429212319e-05,0.0179418928210996,0,0.00493723472045846,0,1.59508305265608e-05,0,0.000307044577918382,0,0.00225497200876253,0,0,0.0021235525396052,0.00552005716237917,3.26452106136511e-05,0.00579544686208679,0.00566971531820031,0,0,0,7.61576487583974e-06,0.000249275960677909,0,0,0,1.98681876199554e-06,0.00440314476300567,0.00216619481272953,0,0,0,0,0,0.00156920594649908,0,0.000993097280330833,0,0,0,0,0,0,1.54185011855742e-05,0,0.00952585037181019,0,0.00348340024043894,0,2.42141032173164e-05,0,0.000164719464696284,0,0.000622851601083715,0,0,0.00187261009141829,0.00248319526299352,0,0.00110735828058681,0.00194936395381492,0.0694697043417486,0.00593155844034766,0.000842493540985615,0.00121298718787391,0,3.36505770623895e-05
0,0,3.54448779233201e-05,0.000209306430673535,0,0.000317957406911207,0,0,0,3.64528789452618e-05,0,0,0,0,0,0,0.000430603796717394,0.000986799520517882,0.0146341493924752,0,0,0,0,0,0,1.68899961286095e-05,0,0,0,0,0,0,0,0,0,2.74728114456807e-05,0,0,0,0,7.89032619506894e-05,0.0573474444399662,0.000447073496282608,0.00391650729680137,0,0.00346136415620578,0,0.000266489899042965,6.10184377662214e-05,0.00817293962848069,0,0.000570482895815399,0,0,0,0,0.000118237709303131,0.000607022621692221,0,0,0,0,0.00106141189102991,0.000865467719644168,0,0,0,0,0,0,7.42484136254801e-06,0,0.00228686256038031,0,0.000189244569213654,0,0,0,0.00408118159534013,9.42552300452012e-05,0.000819148115115989,1.78899378925814e-06,0.000344242336384782,1.22699049678081e-06,0.0151575660051069,0.0100772209702294,0
0.000529533699976867,0,0.000456770505722709,0,0,0,0,0,0,0,0,0,0,0,0,0,8.11591334379269e-05,8.82195530340312e-05,0.00766190084214381,0,0,0,0,0,0,0,0,0,0,0,0,0,0,0,0,0,0.00044974995076806,0,0,7.89032619506894e-05,0,0.000160502772170798,0.00875332852338061,0,0,0,0.000237821383706323,0.00584773487409145,0.00912277889254633,0,1.79136919042724e-05,0,0,0,0,0,0.000381932961564711,0,0,0,0,0,0,0.00347323549906065,0,0,0,0,0,0,0,0,1.73769866637892e-05,0,0,0.000135196757479738,0,0,0,0.00729336777838163,0,0.000104842649067265,4.35274813059713e-05,0,0.00581720663569986,0,0.000509948441863609
0,0.00168239050340366,0,0.00381552730261873,0,0.00019161711826177,0,0,0,0.000154174744767541,0,0,0,0,0,0,0.000223250762606886,0.00101998037968454,0.0146580039944231,0,0,0,0,0,0,8.96641277840522e-05,0,0,0,0,0,0,0,0,0,9.85922370532494e-05,1.56280719056262e-05,5.92722551956155e-05,7.61576487583974e-06,0.0573474444399662,0.000160502772170798,0,0.00627991131213626,0.00230574355640583,0,0.00262333951805154,5.31708486903116e-05,0.00728772076869571,3.21583006337458e-05,0.00757820755284614,0,0.000216662802547687,0,0,0,1.82878549406691e-05,6.8644465005452e-05,0.01079207136831,0,4.55641147385989e-05,0,0,0.00089406728288103,0.000283055917019398,0,0,0,0,0,0,0.000349798574128981,0,0.0388955195285184,0,0,0,0,0,0.0127182985959843,0.000172785039769986,0.00295594731242403,1.86370910574222e-05,0.00489569468853047,4.97367072162038e-05,0.0531214255074914,0.0275649543634919,0
2.52393249373531e-05,0.000124878363247274,0.00378755918450991,2.24302588935914e-05,8.49335000751683e-05,0,0,0,8.6465840528154e-05,0,0,0,0,0,0,0,0.000309580574844313,0.000114156793621401,0.0134118168464351,0,0.000190617217835318,0,0,0,2.228146563099e-05,0,0,0,0,0,0,0,0,0,0,0,0.00012460449154407,7.67212268818943e-06,0.000249275960677909,0.000447073496282608,0.00875332852338061,0.00627991131213626,0,5.2687328346387e-05,0,5.45204312063112e-05,0.000558550637610067,0.000823037258941151,0.0108652902584168,0,8.18161400008586e-05,0,0,0,2.87300494109231e-05,0,0.0124772204104923,2.0527584130587e-05,0,0,0,0,0,0.0278140021712092,0,0,0,0,0,0,0,0,4.94810384589466e-05,0.00222906664021257,0,0,0,0,0.000122506555831582,0.00737748627147324,2.23531066103371e-05,0.0012942383963956,0.00310664774032022,3.57028539177637e-06,0.079844287577447,4.95467417928293e-05,0.011711728387595
0,0,0,0,0,0,0,0,0,0,0,0,0,0,0,0,3.3201949673853e-06,6.36512096481877e-05,0.00271011896445496,2.54963902855659e-05,0,0,0,0,0,0,0,0,0,0,0,0,0,0,0,3.03393833650805e-06,0,0,0,0.00391650729680137,0,0.00230574355640583,5.2687328346387e-05,0,0,8.3248126862453e-05,0,0,0,2.82025394126289e-05,0,0,0,0,0,0,0,0.000430610933188604,0,0,0,0,1.82260139194377e-05,0.000437674907359351,0,0,0,0,0.00028952098975594,0,0,0,0.00153138717877287,0,0,0,0,0,0.00128951670718239,2.23294611862712e-05,0.00099433129960408,0,9.64806400890734e-05,0,0.00270053156709592,0.000742293641678576,0
0,0,0,0,0,0,0,0,0,0,0,0,0,0,0,0,0,0,0,0,0,0,0,0,0,0,0,0,0,0,0,0,0,0,0,0,0,0,0,0,0,0,0,0,0,0,0,0,0,0,0,0,0,0,0,0,0,0,0,0,0,0,0,0,0,0,0,0,0,0,0,0,0,0,0,0,0,0,0,0,0,0,0,0,0,0,0
0,0,0,9.02127878305133e-05,0,0.00437110908261186,0,0,0,2.63770980513198e-05,0,0.0004141693632246,0,0,0,0,5.55015159173499e-06,7.36617567208112e-05,0.000259095051414674,0.000444738372517211,0,0,0,0,0,0,0,0,0,0,0,0,0,0,0,3.578844504156e-05,0,0.000122387295846471,0,0.00346136415620578,0,0.00262333951805154,5.45204312063112e-05,8.3248126862453e-05,0,0,0,1.19749215063197e-05,0,0.000828626868499125,0,0.000828084014376565,0,0,0,0,6.84383492372802e-05,0.00245133960687642,0,0,0,0,0.0070462009901226,0.000199035347106873,0,0,0,0,0,0,4.03100905179467e-05,0,0.0082331024994475,0,0,0,0,0,0.00430935479459322,0,0.00199370392889261,0,8.9935047440152e-05,6.90690680366654e-06,0.00802004938220686,8.71737193701601e-05,0
0,0,0.000293584822797315,0,0,0,0,0,0,0,0,0,0,0,0,0,0,0,2.51354812802404e-05,0,0.0004564229143047,0,0,0,0,0,0,0,0,0,0,0,0,0,0,0,0.000271521132723471,0,1.98681876199554e-06,0,0.000237821383706323,5.31708486903116e-05,0.000558550637610067,0,0,0,0,0,0.00143960718539482,0,0,0,0,0,0,0,0.000503056085176257,0,0,0,0,0,0,0.0081802718641915,0,0,0,0,0,0,0,0,4.27621445831371e-05,0.00042108174582262,0,0,0,0,2.65782238845501e-05,0.00173934549832359,0,0.000694740396230748,7.50680419536789e-06,0,0.00388750395152431,0,0
0,0,4.8646925413399e-05,2.60817130912248e-05,0,1.81856995355167e-05,0,0,0,0,0,0,0,0,0,0,0,0,0,0,0,0,2.49234190360912e-05,0,0,0,0,0,0,0,0,0.0747232235768531,0.0605191050537944,0.091007193418147,0.0439160756779215,0.00153660224948797,0.000848766327903548,0.0143936561698642,0.00440314476300567,0.000266489899042965,0.00584773487409145,0.00728772076869571,0.000823037258941151,0,0,1.19749215063197e-05,0,0,0.0580771492515575,0.0146793922418852,0,0,0,0,0,0,0,0,0,0,0,0,0,0,0,0,0,0,0,0,0,0,0,0,0.321083086832989,0.0593044303776971,0.00498339312006833,0.0171696231075589,0.00436223047731333,0.0286372967309285,0,0.0048154892974093,0.00406121077666126,3.43008273782116e-05,0.0272961206863657,0,0
0.0168654022046989,0,0.00494794708003662,0,0.00380475139514373,5.92385375888429e-05,0,0,0.00959721191438061,0,0,0,0,0,0,0,0,8.48600236600305e-06,0.000199196596734377,0,0,0,0.00102484191788764,0,0.00223972675890168,0,0,0,0,0,0,0.000469930773556979,3.96700038956402e-05,3.02562485024588e-05,0.000386945484988891,0.000136985680670895,0.000435204682583811,0,0.00216619481272953,6.10184377662214e-05,0.00912277889254633,3.21583006337458e-05,0.0108652902584168,0,0,0,0.00143960718539482,0.0580771492515575,0,0.00022918028107985,0.00290178774838537,0,0,0,0.0177385364872902,0,0.000453139427885394,0,2.02256012782852e-05,0,8.72960394550978e-05,0,0,0.00250138637538513,0,0.00634448016569486,0,0.0160716391021419,0,0.0095729445653671,0,0.00734956221154127,0,0.0145921811283118,0.000453922890364928,0.000155326478449888,0,0,0.000147674416290004,0.00782750572179199,3.56972331679983e-06,0.00283188429240119,0.000585477766965727,0,0.0265357515684276,0,0
0,0.0163205513296875,0,0.00755411881070893,0,0.000857226937375241,0,0,0,0.00118224303086933,0,0,0,0,0,3.39239415099598e-05,1.02693962515613e-05,4.24559228392861e-05,0.000243686998912571,0,0,0.00572098708397961,0,0.00811562531451639,0,0.00033698557135279,0,0,0,0,0,0,0,9.77066722700664e-05,0,1.47971668218886e-06,0,0.00473457211323581,0,0.00817293962848069,0,0.00757820755284614,0,2.82025394126289e-05,0,0.000828626868499125,0,0.0146793922418852,0.00022918028107985,0,0,0.000494621243605917,0,0,0,0.00192529090021681,0,0.00152160300662819,0,0.000894897169518265,0,0.0046653263877258,0.000287305433231525,0,0.00827809996430796,0,0.0207568105439756,0,0.0130916976788083,0,0.00724458301006158,0,0.00271122612073639,0,9.80048657669343e-05,0,9.75499348610103e-05,0,0.000353663423286437,0,0.00494600573132336,0,0.000420174238397547,0,0.0187496241071123,0.000438962633139261,0
0.00101170833948319,0,0.00568922003223385,0,0.0104709232768303,0,0,0,0.000921683476958685,0,0,0,0,0,0.000106121816848239,0,0,0,0,0,0.000403423407332357,0,0,0,0,0,0,0,0,0,0,0,0,0,0,0,0,0,0,0,1.79136919042724e-05,0,8.18161400008586e-05,0,0,0,0,0,0.00290178774838537,0,0,0,0,0,0.0100360437439554,0,0.00341760546536397,0,0.00290959461471712,0,0.000469998238017419,0,0,0.000253867315978789,0,0,0,0,0,0,0,0,0,0,0,0,0,0,0,9.67360262529681e-07,0,3.20307209063556e-06,0.000114195186256118,0,0.000550746327170032,0,7.888210414812e-05
0,0.00367568396863284,0.000278440898248702,0.0411845173066476,0,0.0509954462852016,0,0.000270484127323785,0,0.00144796582496523,0,0,0,0,0,0.00917920201676553,0,0,0,0,0,0,0,0,0,0,0,0,0,0,0,0,0,0,0,6.28430952515753e-05,0,0,0,0.000570482895815399,0,0.000216662802547687,0,0,0,0.000828084014376565,0,0,0,0.000494621243605917,0,0,0,0,0,0.000484416785260344,0,0.000418128080158167,0,0.0182921171603369,0,0.0252006194444595,0.000518362972114129,3.09738816541717e-05,0,0,0,0,0,0,0,0,0,0,0,0,0,0,0.000274262213666418,0,0,0,8.71206331984577e-05,0,0.00511932619470083,0,0
0,0,0,0,0,0,0.00965969129108634,0,0,0,0,0,0.0003811925308011,0,0,0,0,0,0,0,0,0,0,0,0,0,0,0,0,0,0,0,0,0,0,0,0,0,0,0,0,0,0,0,0,0,0,0,0,0,0,0,0,0,0,0,0.00207482966055849,0,0.00892440712673011,0,0,0,0,0,0,0,0,0,0,0,0,0,0,0,0,0,0,0,0,0,0,0,0,0,0,0,0
0,0,0,0,0,0.000611599709730177,0,0.0058675314638,0,0,0,0.00323071539424309,0,0,0,0,0,0,0,0,0,0,0,0,0,0,0,0,0,0,0,0,0,0,0,0,0,0,0,0,0,0,0,0,0,0,0,0,0,0,0,0,0,0,0,0,0,0.000786085174431976,0,0,0,0,8.43174648951987e-05,0,0,0,0,0,0,0,0,0,0,0,0,0,0,0,0,0,0,0,3.89863788413756e-06,0,0,0,0
0.0156320493906644,0,0.0343157252872916,0,0.0299586288682076,0,0,0,0.156449795510623,0,0,0,0,0,0.00825818687167397,0,0,0,0,0,0.000143989708790835,0,3.31775025519333e-06,0,0.0031528492637382,0,0,0,0,0,0,0,0,0,0,0,0,0,0.00156920594649908,0,0,0,2.87300494109231e-05,0,0,0,0,0,0.0177385364872902,0,0.0100360437439554,0,0,0,0,0,0.00218968290445893,0,1.3526028128124e-05,0,0.0117660564384879,0,0,0.000161444205539296,0,0,0,0.0058757189119472,0,0,0,0,0,4.03026382724534e-05,0,0,0,0,0,4.13544293767173e-06,0,0.0030141142744921,0.000399768221650845,0,0.00215327289515163,0,0
0,0.0738147767826411,0,0.0778846439332982,0,0.000859146980624248,0,0,0,0.135649433010877,0,0,0,0,0,0.0486304174672238,0,0,0,0,0,0,0,0.0270913949913156,0,0.00595750838122332,0,0,0,0,0,0,0,0,0,0,0,0.000708001389019142,0,0,0,1.82878549406691e-05,0,0,0,0,0,0,0,0.00192529090021681,0,0.000484416785260344,0,0,0,0,0,0,0,0.00170947401196109,0,0.0574690369669099,0,2.03434895682734e-05,0,0,0.00747578815628492,0,0.000724018137560869,0,0,0,0,0,0,0,0,0,0,0,0.0018181498183067,0,0.000132694106495167,0,0.00085285391583654,0,0
0.00020974920064211,0,0.00256097088363663,7.4908192522205e-05,0.00337373157570885,9.41409129652916e-05,0.000349168542894772,0,0.000308401299303674,0,0.0356248165771133,0,0.000794175978934903,0,0,0,2.1589761535637e-06,6.96492973647399e-06,0.000248731232131658,0,0.02332945099622,0,0,0,0,0,0,0,2.61280319350617e-05,0,4.17421388010904e-05,0,0,0,0,0,9.55648204722637e-06,0,0.000993097280330833,0.000118237709303131,0.000381932961564711,6.8644465005452e-05,0.0124772204104923,0,0,6.84383492372802e-05,0.000503056085176257,0,0.000453139427885394,0,0.00341760546536397,0,0.00207482966055849,0,0.00218968290445893,0,0,2.18096729423573e-05,0.00569245483506002,0,0.000578623101746626,0,1.11969031753797e-05,0.014387276679687,0,0,0,0,0,0,0,0.000414196111480445,5.01998762794122e-05,0.00352763920858208,0,0,0,0,2.62584456340333e-05,0.000149488061094522,6.86012565245613e-06,0.000571971589526834,0.000267761416482456,0,0.018882267882067,0.000244369701467129,0.00507519570375271
0,4.67539117458642e-05,0,0.000805033358753981,0,0,0,7.52971006054391e-05,0,0,0,0.0279312566196656,0,0.00118272254246183,0,0,3.30330334237617e-05,8.28582124823404e-05,0.00135274960744895,0.000114220726025976,0,0,0,0,0,0,0,0,0,0.00162127219573886,0,0,0,0,0,4.26945579199358e-05,0,0.000366155385904459,0,0.000607022621692221,0,0.01079207136831,2.0527584130587e-05,0.000430610933188604,0,0.00245133960687642,0,0,0,0.00152160300662819,0,0.000418128080158167,0,0.000786085174431976,0,0,2.18096729423573e-05,0,0,0.000706465892253263,0,0,0.0162161209101747,3.10483516953134e-05,0,0,4.20462910525124e-05,0,0.000122151392161586,0,0.0169325599887844,0,0.0166270417367409,0,0,0,0,0,0.000706560762034655,1.99555617599282e-06,0.000510846756258473,0,0.00028221591518311,0,0.017062424408662,0.00572647681194615,0
0,0,0,0,0,0,0.000128957826503933,0,0,0,0.000926747069799685,0,0.00321481495034923,0,0.000174657230672892,0,0,0,0,0,0,0,0,0,0,0,0,0,0,0,0,0,0,0,0,0,0,0,0,0,0,0,0,0,0,0,0,0,2.02256012782852e-05,0,0.00290959461471712,0,0.00892440712673011,0,1.3526028128124e-05,0,0.00569245483506002,0,0,0,0.000442975187288938,0,0,0,0,0,0,0,0,0,0,0,0,0,0,0,0,0,0,0,0,0,8.37357003095412e-05,0,1.21531349822141e-05,0,0
0,0.000233548442234495,0,0.00174880457118791,0,0.000245460428015492,0,0,0,0.00012708260802231,0,0,0,0.0262627994841822,0,0.00320640608308765,0,0,0,0,0,0,0,0.000181149480272765,0,2.57800456329103e-05,0,0.000315075776294047,0,0,0,0,0,0,0,0,0,0,0,0,0,4.55641147385989e-05,0,0,0,0,0,0,0,0.000894897169518265,0,0.0182921171603369,0,0,0,0.00170947401196109,0,0.000706465892253263,0,0,0,0.0127044820430131,0,0,0,0,0.000223664192780504,0,0.00378400903530429,0,0.0101138018241456,0,0,0,0,0,0,0,0,0,0,0,0.000588524774903613,0,8.61248476204258e-05,0,0
7.15935844637912e-05,0,0.00151840037488484,0,0.00102585426894349,0,0,0,0.0409488527773503,0,0,0,0,0,0.00823694191451877,0,0.000507659445814607,0,0,0,0,0,0,0,0,0,0,0,0,0,0,0,0,0,0,0,0,0,0,0,0,0,0,0,0,0,0,0,8.72960394550978e-05,0,0.000469998238017419,0,0,0,0.0117660564384879,0,0.000578623101746626,0,0.000442975187288938,0,0,0,0,0,0,0,0,0,0,0.00262032645261074,0,6.4194574741432e-05,0,0,0,0,0,0,0,0,0,0,7.41642442534594e-05,0,0,0,0
0,0.029062250067886,0,0.0169573288621472,0,0.000988234988845464,0,0,0,0.0215546942596297,0,0,0,0.00869988195788213,0,0.0634495701775364,6.79439619076661e-05,0.00072929669030873,0,0,0,0,0,0.000556895289167655,0,0.00129540127441913,0,0.00212514107388459,0,0,0,0,0,0,0,0,0,0,0,0,0,0,0,0,0,0,0,0,0,0.0046653263877258,0,0.0252006194444595,0,0,0,0.0574690369669099,0,0,0,0.0127044820430131,0,0,0,0,0,0,0.00937222481119471,0,0.00112548220252868,0,0.00251224180410344,0,0,0,0,0,0,0,0,0,0,0,0.000243581174351247,0,0.000590177669917862,0,0
0,0,1.12786109239008e-05,0,0,0.00906664026508418,0,0.000148539952207138,0,0,0,0.0199761062069085,0,0,0,0,0,1.47216368442854e-06,0.000158622303214908,0.0311681373824289,0,0,0,0,0,0,0,0,0,0,0,0,0,0,0,0.00329620848808456,0,0.00058874079224615,0,0.00106141189102991,0,0.00089406728288103,0,1.82260139194377e-05,0,0.0070462009901226,0,0,0,0.000287305433231525,0,0.000518362972114129,0,8.43174648951987e-05,0,0,1.11969031753797e-05,0.0162161209101747,0,0,0,0,0,6.19398353799027e-05,0,0,0,0,0,0,0.000493771261152965,0,0.0113820273251949,0,0,0,0,0,0.0155942875268735,0,0.00522168759957627,0,0.000315009785975537,0,0.0124150933181952,0,0
0.000343849344798037,0,0.000659874544001406,2.17871721092406e-05,0,2.99091634587967e-05,0,0,0,6.19249529842517e-05,0.000345460960977155,0,0,0,0,0,0.000408150308616522,0.000654437452299334,0.0162795853481484,0,0.0606970604237225,0,0,0,0.000120284091287274,0,0,0,0,0,0,0,0,0,0,7.96268745497926e-06,0.00341692298630745,0,1.54185011855742e-05,0.000865467719644168,0.00347323549906065,0.000283055917019398,0.0278140021712092,0.000437674907359351,0,0.000199035347106873,0.0081802718641915,0,0.00250138637538513,0,0.000253867315978789,3.09738816541717e-05,0,0,0.000161444205539296,2.03434895682734e-05,0.014387276679687,3.10483516953134e-05,0,0,0,0,6.19398353799027e-05,0,0,0,0,0,0,0,0,0,0.000122787796811113,0.00485408081322039,0,0,0,0,0.000186109100539607,0.0127875052460236,0.000126062588160086,0.00599687175955075,0.000445872153517155,0,0.0264266741063738,0.000360747304741886,0.000648144610251452
0,0,0,0,0,0,0,0,0,0,0,0,0,0,0,1.17188848460157e-05,3.10426981951553e-05,0.000733845114034706,0,0,0,0.214296162531333,0.00527898950321734,0.0048340158323739,0,0.00291585281892471,0,0.0058772064979936,0,0,0,0,0,0,0,0,0,0.00541972822661467,0,0,0,0,0,0,0,0,0,0,0,0.00827809996430796,0,0,0,0,0,0,0,0,0,0,0,0,0,0,0,0.000389506840271308,0.00788057795942564,0,0.00806286826007604,0,0.0182315642347307,0,0,0,0,0,0,0,0,0,0.00826597504951401,0,0.00217336185506955,0.000525174809337118,7.11815432560764e-05,0,0
0,0,0,0,0,0,0,0,0,0,0,0,0,0,0,0,0.00219776399783583,0,0,0,0,0.00252496649802677,0.167889574725053,0,0.0125541536659952,0,0.00490481341655865,0,0.000274553532519703,0,0,0,0,0,0,0,0,1.39685484527625e-05,0.00952585037181019,0,0,0,0,0,0,0,0,0,0.00634448016569486,0,0,0,0,0,0,0,0,0,0,0,0,0,0,0,0.000389506840271308,0,0,0.0161601278385426,0,0.0122896975845925,0,0.00514126863294708,0,0,0,0,0,0,0,0,6.16000697920404e-05,0.00891239306554997,0.00354732210141292,0.00109344083492931,0,0,0
0,0.000464204940269398,0,0,0,0,0,0,0,0.000137510534571784,0,0,0,0,0,0.00253093472314331,0,0.000214650968348891,0,0,0,0.00738585506077552,0,0.268999767963032,0,0.132970229164495,0,0,0,0,0,0,0,0,0,0,0,0.00476509605596351,0,0,0,0,0,0,0,0,0,0,0,0.0207568105439756,0,0,0,0,0,0.00747578815628492,0,4.20462910525124e-05,0,0.000223664192780504,0,0.00937222481119471,0,0,0.00788057795942564,0,0,0,0.0937489799246758,0,0.0012882230942178,0,0,0,0,0,0,0,0,0,0.00270446165558392,0,0.00141204555591954,5.91514762926305e-05,0.00555458742257421,0,0
0,0,0,0,0,0,0,0,0.000245753525413685,0,0,0,0,0,0,0,0.00130565999136664,0.000113982437931918,2.39922174941707e-05,0,0,2.50024574356884e-05,0.00144932430981601,0,0.212558968734618,0,0.00182631639004159,0,0,0,0,0,0,0,0,0,0,0,0.00348340024043894,0,0,0,0,0,0,0,0,0,0.0160716391021419,0,0,0,0,0,0.0058757189119472,0,0,0,0,0,0,0,0,0,0,0.0161601278385426,0,0,0,0.0676289384094174,0,0.000365133382869663,0,0,0,0,0,0,0,0,0,0.00292300653880592,0.00104131227213371,5.59196860275876e-06,0.00119100587198143,0,0
0,0.000162633001016418,0,0,0,0,0,0,0,4.06473912400139e-05,0,0,0,0,0,0.000414272600288159,0.000380560480973749,0.0159432938197283,0.000411627595208499,0,0,0.00444485487598345,0,0.0764006669107815,7.30172099040901e-05,0.232085263901455,0,0.0267602922938844,0,0,0,0,0,0,0,0,0,2.22848295574484e-05,0,0,0,0,0,0.00028952098975594,0,0,0,0,0,0.0130916976788083,0,0,0,0,0,0.000724018137560869,0,0.000122151392161586,0,0.00378400903530429,0,0.00112548220252868,0,0,0.00806286826007604,0,0.0937489799246758,0,0,0,0.023815092096393,0,0,0,0,0,0,0,0,0,4.29841532018863e-05,0,0.0012669013891917,0,0.000194271078701974,0,0
