0,0,0.036977612705624,0,0,0,0,0,0.0142488084607589,0,6.91014987312232e-05,0,0,0,0,0,0.000121355477233799,3.01249510182048e-05,0.000502066512526354,0,0.000120298198063635,0,0,0,0.00465310456458616,0,0,0,0,0,0,0,0,2.69378464729164e-05,0,0,7.44668351123267e-05,0,0.000115979535882963,1.46760890947046e-05,0,0,0.000982006434647178,0,0,0,0.000519805917215526,0,0.0137467723158806,0,0,0,0,0,0.0110633682323622,0,0.0144386922545754,0,0.00393118802497685,0,0.00120507216004428,0,0,0.000320450355648307,0,0,0,0.0060687678421182,0,0.000681437614966478,0,0.000632385321453743,0,0.000570285563882573,0,0,0,0,0,2.66376940958717e-05,0,1.41669881912221e-05,0.000325138228205862,2.88783461373916e-05,0.0253825396675882,0,5.75919372758794e-05
0,0,0,0.026692949442278,0,0.0023025853147046,0,0,0,0.0469654377302142,0,0,0,0,0,0.00139694543814236,0,0,0.000370428817169624,0,0,0.000955580795792308,0,0.00591963995913333,0,0.00103148557084624,0,0,0,0,0,0,0,5.34782363404546e-05,0,1.42848312323901e-06,0,0.00035098151535762,0,0.000142194292822231,0,0.000352848506008692,9.6519703403048e-06,0,0,0.000201214031304112,0,0.000251565308824707,0,0.053049285262829,0,0.000122970992005346,0,0,0,0.0412497298485683,0,0.00147357310798556,0,0.00014499970997311,0,0.0371881678635376,0,0,0.000210983159551457,0,0.00283828380993402,0,0.0293229593454242,0,0.000862231339630054,0,0,0,0,0,0,0,3.9044495472908e-06,0,0.000354509375418355,0,0.000229007083909047,6.0863094982451e-06,0.0229749008402368,0,0
0.036977612705624,0,0,7.48747327238355e-05,0.00824316288099239,0,0,0,0.00308945571723908,0,0,0,0,0,0,0,0,0,7.81566494618562e-05,0,4.76688889424408e-05,0,0,0,0,0,0,0,0,0,0,0,0,0,0,0,9.45374779784955e-05,0,2.3332375478035e-05,0,0,0,0.000175386895160861,0,0,0,0.00300824877015742,0,0.00658332503609757,0,0.0260992342186488,0,0,0,0.0164569133330637,0,0.000721570212866378,0,0.000948891991336416,0,8.79174895735899e-05,0,0,0.00067296998448186,0,0,0,0,0,0,0,0.000253114279559136,0,0,0,0,0,0,0,4.89270579419417e-05,0,2.39663290308063e-05,0.000446380486696447,1.90125890470793e-06,0.0105693979156728,0,0.000215952669432786
0,0.026692949442278,7.48747327238355e-05,0,0,0.0500130947147204,0,0,0,0.029802109795322,0,0,0,0,0,0.000896549394529753,3.59716100239684e-06,0,0.000420847907109332,0,0,7.80177141121066e-05,0,0.00145664963226432,0,0,0,0,0,0,0,0,0,1.50017343227497e-05,0,7.98805640700665e-05,1.18764347219496e-05,0.00030484209405308,0,0.00579857615152993,0,0.00594213280247655,0.00149406826474425,0,0,0.00130665597983113,6.25289670179826e-05,0.000567909258211284,0.00063654217772446,0.016404536687311,7.90253076029482e-05,0.0265473789151128,0,0,0,0.00391234148885943,9.94756042055377e-05,0.000711050177672995,1.26131704771886e-05,0.00303319903906264,0,0.00899320442981513,0,4.73280467960151e-05,1.20030680072132e-05,0,0.000591614699011816,0,0.000202228658510705,0,0,0,0,0,1.85998602838873e-05,0,9.88936164092609e-05,0,0.000160732930508023,0,0.000188739834214251,0,0.000537418283448211,4.44225274548118e-05,0.0135205394011651,0.000167662389612109,0
0,0,0.00824316288099239,0,0,0,0.00427811214207303,0,0.00736146744203614,0,0,0,0,0,0.00255163023972631,0,0,0,0,0,0.0057297567796576,0,0,0,0,0,0,0,0,0,0,0,0,0,0,0,0.00014286546328244,0,0,0.0001554322385746,0.000407800954912394,0,0.000134290235320308,0,0,0,0.00394093429997121,0,0.000135709480563973,0,0.145897106049219,0,0.0400224425562886,0,0.0346194145453037,0,0.00438051796500869,0,0.000239728277720057,0,0.000208992535203727,0,0,0.0173594543306886,0,0,0,0,0,0,0,0,0,0,0,0,0,0,0,0.000112721384628204,0,0,0.000654630328510871,0,0.0118124152504624,0,0
0,0.0023025853147046,0,0.0500130947147204,0,0,0,0.00470176867662008,0,0.0299627173270362,0,0,0,0,0,0,0,0,4.9570245073358e-05,0,0,0,0,9.22171880803234e-05,0,0,0,0,0,0,0,0,0,0,0,0,0,1.68672087359923e-05,0,7.39915197723053e-05,0,0.000347291401851744,0.000130505868247125,0,0,0,0,0,0,0.000505156283829461,0,0.0250222153474356,0,0.00392128028231793,0,0.000191451608643648,0,0,0,0,0,0.0010016085780974,0.000115164390394135,0,0,0,0,0,2.29303215736601e-05,0,0,0,0,0,0,0,0,0,1.59642977151113e-06,0,3.19095042194622e-05,0,0.00296791756573348,0.000555209256801146,0.0058263313200875,0,0
0,0,0,0,0.00427811214207303,0,0,0,0,0,0.00441911567936941,0,0.00299076498953562,0,0.000541306449340542,0,0,0,0,0,0.00163994120078293,0,0,0,0,0,0,0,0,0,0,0,0,0,0,0,0.000690031797692965,0,0,0,0,0,0,0,0,0,5.9777081044452e-05,0,0,0,0.0107995295065224,0,0.0572022441068866,0,0,0,0.0051825861287417,0,0.00355472868997843,0,0,0,0,0.000592165844513294,0,0,0,0,0,0,0,0,0,0,0,0,0,0,0,0.000135759840439879,0,0,0.00176872526006487,4.76021705887585e-05,0.000102706292358944,0,0
0,0,0,0,0,0.00470176867662008,0,0,0,0,0,0.00207160031231854,0,0.00194034178493172,0,0,0,0,0,4.32786104144756e-05,0,0,0,0,0,0,0,0,0,0,0,0,0,0,0,0,0,0,0,0,0,0,0,0,0,0,0,0,0,0,0,0.0308948217778925,0,0.0396593978606075,0,0,0,0.00409810916722144,0,0,0,0,0.000448859531769434,0,0,0,0,0,0,0,0,0,0,0,0,0,0,0,0,0,0,0,0.0003018812029334,0,5.26157489287902e-06,0,0
0.0142488084607589,0,0.00308945571723908,0,0.00736146744203614,0,0,0,0,0,7.05388190398448e-05,0,0,0,0.00393321717622847,0,0.00172898135446212,0.000283447664215798,0.000457393616548624,0,0.000146217216566262,0,0,0,0.0126874841412427,0,0,0,0,0,0,0,0,0,0,0,1.82399984103435e-05,0,0.000348051303130334,0,0,0,0.00452269812822985,0,0,0,0.000376453578645038,0,0.000349780538434154,0,0.00512551980194529,0,0,0,0.0879312211798692,0,0.000340220847863792,0,0.000382165773099818,0,0.0305669955651098,0,0,0.000102677439402931,0,0,0,0.0170012603341922,0,0.010798931174385,0,0.00104949723302543,0,0.000391380821092698,0,0,0,0,0,1.44611431123084e-05,0,0.000990436760428683,0.000932664160748104,1.67557606435038e-06,0.00423216064091235,0,0.00924649524747191
0,0.0469654377302142,0,0.029802109795322,0,0.0299627173270362,0,0,0,0,0,0,0,0,0,0.000793145102833015,0,0.000202757423582811,0.000381972369386482,0,0,0,0,0.0433702266866656,0,0.000507398474431632,0,0,0,0,0,0,0,0,0,0,1.93479748634252e-06,0.00164232195507274,0,1.35329730373001e-05,0,0.000244392431927538,0,0,0,0,0,0,0,0.000423442286177905,0,0.0152548538034329,0,0,0,0.0896647061066328,0,0,0,0,0,0.00132516651086007,0,0,0,0,0.00838327161987065,0,0.00011911142792087,0,0,0,0,0,0,0,0,0,0,0,0.00060347263181693,0,0.00371104542268313,0.000737136757795857,0.00235913403428869,0,0
6.91014987312232e-05,0,0,0,0,0,0.00441911567936941,0,7.05388190398448e-05,0,0,0,0.000493100643499096,0,0,0,9.93532575274084e-05,0.000100884952991207,0.000820303882186607,0,0.00759988765741124,0,1.67446243723819e-05,0,0,0,0,0,0.000389792823694428,0,0.0145809588459895,0,0,0,0,2.52272726772548e-06,0.000792168687815836,0,0.0102415221580038,3.03772848134105e-05,0,0,0.000516719855048263,0,0,1.53688097397825e-05,0.00225817932669145,0,0,0,3.78862786016114e-05,0,0.00327832960587226,0,0,0,0.128623037598251,0,0.00126671434543559,0,0,0,0,0.00343576184380103,0,2.15559167363259e-05,0,0,0,0,0,0.00482728657326152,0,0.017456868791076,0,0,0,0,1.14696439601031e-06,0.000500650588839552,0,0.000393052535535661,0.00367750632643727,0.000479121508819874,0.00127113142450011,0,7.51019952263086e-05
0,0,0,0,0,0,0,0.00207160031231854,0,0,0,0,0,0.0105055246362409,0,0,0,0,0,0.0179287294888743,0,0,0,0,0,0,0,0.000262935802337437,0,0.00571101972498377,0,0,0,0,0,0.00297506986397012,0,0.00459828953372317,0,0,0,4.03552602642916e-05,0,0,0,0,0,0,0,0,0,0,0,0.00498618027976349,0,0,0,0.121035501755128,0,0.00609888916101218,0,0,0.0025533824099335,0,0,0,0,0,0,0,0.000948274839963459,0,0.0115429087250967,0,0,0,0,0,2.29374767585051e-05,0,0.000844250641203393,0,0.00140609651043112,0,0.00130451487989702,0,0
0,0,0,0,0,0,0.00299076498953562,0,0,0,0.000493100643499096,0,0,0,0.00709693215789524,0,0,0,0,0,0,0,0,0,0,0,0,0,0.00195612357215984,0,0,0,0,0,0,0,0,0,0,0,0,0,0,0,0,0,0,0,0,0,0,0,0.00019839623121596,0,0,0,9.52566914635942e-05,0,0.00859878256115359,0,0.000711231481947263,0,0,0,0,0,0,0,0,0,0,0.00225760588659997,0,0,0,0,0,0,0,0,0,0,0.000402230274021356,0.000397884899810514,0,0,0
0,0,0,0,0,0,0,0.00194034178493172,0,0,0,0.0105055246362409,0,0,0,0.0046174010689438,0,5.4873329218172e-05,0,0,0,0,0,0,0,0.000764595618429849,0,0.000417985640412142,0,0,0,0,0,0,0,0,0,0,0,0,0,0,0,0,0,0,0,0,0,0,0,0.00111543129122823,0,0.00403024128708067,0,0,0,0.000449799096015144,0,0.0857654453948198,0,0.0170545859792674,0,0,0,0,0,0,0.00216427704329301,0,0.00113442677999404,0,9.20538582093319e-05,0,0,0,0,0,0,0,0,0,0.00155308799978975,0.000940305481395124,0,0,0
0,0,0,0,0.00255163023972631,0,0.000541306449340542,0,0.00393321717622847,0,0,0,0.00709693215789524,0,0,0,0,0,0,0,0,0,0,0,0,0,0.00201450093195058,0,0,0,0,0,0,0,0,0,0,0,0,0,0,0,0,0,0,0,0,0,0,0,0.00136355727357025,0,0,0,0.0160505081550468,0,0,0,0.00697937450165477,0,0.018549151183272,0,0,0,0,0,0,0,0,0.0177300556777215,0,0.000176884051526165,0,0,0,0,0,0,0,0,0,0,9.04121963891969e-05,0,4.64998699358527e-05,0,0
0,0.00139694543814236,0,0.000896549394529753,0,0,0,0,0,0.000793145102833015,0,0,0,0.0046174010689438,0,0,0,0.000613340671475937,0,0,0,0,0,0.000570255463289819,0,0.00566806172060852,0,0,0,0,0,0,0,0,0,0,0,0,0,0,0,0,0,0,0,0,0,0,0,0,0,0.0100663443247821,0,0,0,0.000991823987621168,0,0,0,0.00536225125553469,0,0.082563442866946,0,0,0,0,0,0,0.0022781349372188,0,0,0,0,0,0,0,0,0,0,0,0,0,0.000284960942326951,3.48188659524115e-06,0,0,0
0.000121355477233799,0,0,3.59716100239684e-06,0,0,0,0,0.00172898135446212,0,9.93532575274084e-05,0,0,0,0,0,0,0.122733729746225,0.0857712396149,0,0.000433856552265363,0,0.00719323800848327,0,0,0,0.0109770492387865,0,0,0,0,0,0,0,0,7.61690340304853e-05,3.30047424245662e-05,2.44385903640039e-06,0.000429548649876649,0.000600280297264926,1.22445323631315e-05,0.000647875252799061,0.00118660860932804,0,4.18767209562565e-05,3.33190189830262e-05,0.00230895376422853,1.36975744222827e-05,2.61938451376765e-05,0.000137452278365796,0,0,0,0,0,0,9.28555045300182e-05,0,1.83779603577137e-06,0,2.73852753670937e-05,0,0,0.000875157243615608,0,0.00132991445457039,0,0,0,0.00395184079488578,0,0.00025792829695888,0,0.000141602937824477,2.74312635065041e-05,0,0,0,0.000162939449669425,0.000483294951746203,1.27814659961329e-05,0.000285613337111128,0.0503235595706561,0.0718635966503344,0.00280940240802721,1.0160892511022e-05,0.000404533372323947
3.01249510182048e-05,0,0,0,0,0,0,0,0.000283447664215798,0.000202757423582811,0.000100884952991207,0,0,5.4873329218172e-05,0,0.000613340671475937,0.122733729746225,0,0.0887354734363315,0,0.000115872506879918,0.00197555791038926,0,0.00107155910557004,0,0.00728768506192175,0,0.00265737295587642,0,0,0,0,0,0,0,4.74701559625887e-05,9.54293249301989e-06,3.33527359324201e-06,6.50427911364629e-05,0.000385091892021666,0,0.00025159001931594,0.000286712488697607,0,1.61658334466545e-05,3.00401358993289e-06,0.000567207878874669,0,1.60451411309037e-05,5.66088447002659e-05,0,0,0,0,0,4.35433102014765e-05,1.91563460786769e-05,0,0,0,0,0.000569058002871445,0,0.000192206618060397,0.000733650031782918,0,0,0,0.00426350777149444,0,0.000694913225419194,1.81218980090872e-05,0,4.5356455977459e-05,3.33048524617848e-06,0,0,0,6.31395604485793e-05,6.4758565267027e-05,7.17317340278461e-06,5.84979045561285e-05,0.0482836748880326,0.0522319304416121,0.00043377269358067,6.03016937145498e-06,8.36378495147784e-05
0.000502066512526354,0.000370428817169624,7.81566494618562e-05,0.000420847907109332,0,4.9570245073358e-05,0,0,0.000457393616548624,0.000381972369386482,0.000820303882186607,0,0,0,0,0,0.0857712396149,0.0887354734363315,0,0,0.00299858004124248,9.39017762654606e-05,9.87024723175258e-06,2.89579866311362e-05,0,0,0,0,0,0,0,7.45207556740683e-05,0,5.46752421260301e-05,0,0.00424761667067352,0.000392599376475824,0.00145503292569171,0.001983344069896,0.0252735647018435,7.4226545346477e-05,0.0758566327561604,0.0192756872427186,0,0.00153159679474066,0.000909160893054722,0.0178294665163751,0.001963854373029,0.000293707580391044,0.0461666002480493,0,0,0,0,0,4.62296819158861e-05,0.000766817753435511,0,5.75829330924966e-06,0,0,0,0,0.00555630306184119,7.45260352295971e-06,0,3.71160208262353e-05,0,1.38788078322656e-05,0,2.72241060510887e-05,0.000394999990100545,0,0.00132969411804106,0.000626519734847025,0,0.00147010834554344,0,0.00678181105695186,0.00307858038280859,0.00509207103020833,0.00209215448539626,0.0345689176591542,0.00870398108744695,0.0313109516775722,0.00364782921436571,0.00427605910188358
0,0,0,0,0,0,0,4.32786104144756e-05,0,0,0,0.0179287294888743,0,0,0,0,0,0,0,0,0,0,0,0,0,0,0,0,0,0,0,0,0,0,0,0.00422383627333004,0,0.00445671038536723,0,0.00350656499435207,0,0.000371822167007042,0,0,0,0.00634475678655008,0,0,0,0,0,0,0,0,0,0,0,0.00527620361145955,0,0,0,0,0.107664429474667,0,0,0,0,0,0,0,0,0,0.00371276188273717,0,0,0,0,0,0.000311130422461025,0,0.00185412931772295,0,0.00189190555289847,0,0.00676928846264245,0,0
0.000120298198063635,0,4.76688889424408e-05,0,0.0057297567796576,0,0.00163994120078293,0,0.000146217216566262,0,0.00759988765741124,0,0,0,0,0,0.000433856552265363,0.000115872506879918,0.00299858004124248,0,0,0,0,0,0,0,0,0,0,0,0,0,0,0,0,0,0.00830378633310169,0,0.00588155495231409,5.68955069152556e-05,0.000245283736452985,0.00013848055917575,0.00423861839351997,0,0.000474332639103077,1.80189255836463e-05,0.0052660903719204,0,0.000166389524168713,0,0.00239988918672961,0,0.00966128239052681,0,0,0,0.0267022926101623,0,0.00117458052200959,0,0,0,0,0.13949095987157,0,4.08506763217051e-06,0,0,0,0,0,0.00203152188999399,0,0.0151809616449737,0,0,0,0,0,0.0124977088230552,0,0.00320946072813321,0.000952338907856787,0.000121523888182261,0.00636867371257578,0,0.00360541451876357
0,0.000955580795792308,0,7.80177141121066e-05,0,0,0,0,0,0,0,0,0,0,0,0,0,0.00197555791038926,9.39017762654606e-05,0,0,0,0.00332712064091036,0.00715851219090715,0,0.00663591314326899,0,0.00339679641707452,0,0,0,0,0,0,0,0,0,0.0080053634984263,0,3.35488649102399e-05,0,0.000572509391943704,1.06136862919355e-05,0,0,0.000114512844545557,0,0,0,0.00291158911336426,0,0,0,0,0,0,0,0,0,0,0,6.54443946159698e-06,0,0,0.092485440044007,8.20535306733112e-05,0.00388997167517272,0,0.00788353417921852,0,0.00132344579278936,0,0,0,0,0,0,0,2.25626763476346e-05,0,0.0052577855966633,1.03781471771062e-06,0.0064364181068721,0.00323523459873438,0.00316998693325379,1.94750667519342e-05,0
0,0,0,0,0,0,0,0,0,0,1.67446243723819e-05,0,0,0,0,0,0.00719323800848327,0,9.87024723175258e-06,0,0,0.00332712064091036,0,0,0.00245813118374276,0,0.00772216788685413,0,0.000857810837278224,0,0,0,0,0,0,0,0,0.000153043017126025,0.00779376268778131,0,0,0,0,0,0,0,1.01863631847684e-05,0,0.000341124213747532,0,0,0,0,0,0,0,0,0,0,0,0,0,0,3.81827012518626e-05,0.000424366345017885,0.066009458037179,0,0.000756256408048675,0,0.0086234750893537,0,0.00329611772903935,0,5.71961447202859e-05,0,0,0,0,0,6.31037005661679e-07,0.000950354685813003,0.00139840679726327,0.00461757460331002,0.0045567120527622,0.00011188745125938,0,0
0,0.00591963995913333,0,0.00145664963226432,0,9.22171880803234e-05,0,0,0,0.0433702266866656,0,0,0,0,0,0.000570255463289819,0,0.00107155910557004,2.89579866311362e-05,0,0,0.00715851219090715,0,0,0,0.0182138675804501,0,0,0,0,0,0,0,0,0,0,0,0.00766197930898115,0,3.35755879141487e-05,0,0.000196414696791846,0,0,0,0.000134449111974191,0,2.28464776549811e-05,0,0.00873592724569178,0,0,0,0,0,0.0285609649362485,0,0,0,0,0,6.23264286846201e-05,0,0,0.00452239318421041,0,0.107032119076884,0,0.00537147272279139,0,5.68952294250783e-05,0,0,0,0,0,0,0,0,0,0.00177843883109997,0,0.00235360034719893,0,0.00346554521744995,0,0
0.00465310456458616,0,0,0,0,0,0,0,0.0126874841412427,0,0,0,0,0,0,0,0,0,0,0,0,0,0.00245813118374276,0,0,0,0.03713821466359,0,0,0,0,0,0,0,0,0,0,0,0.00694807422598176,0,0,0,0.000123437013502863,0,0,0,0,2.02814423716571e-05,0.0156485932486157,0,0,0,0,0,0.0387809637218951,0,0,0,0,0,0,0,0,0,0,0.00407967084869888,0,0.106408559464056,0,0.0160296282562493,0,0,0,0,0,0,0,0,0,0,0,0.00208680189009576,0.000528345474911325,0,0.00139202996852691,0,0
0,0.00103148557084624,0,0,0,0,0,0,0,0.000507398474431632,0,0,0,0.000764595618429849,0,0.00566806172060852,0,0.00728768506192175,0,0,0,0.00663591314326899,0,0.0182138675804501,0,0,0,0.00338414184586322,0,0,0,0,0,0,0,0,0,0.00026990095154017,0,0,0,5.60108637844489e-05,0,0,0,7.41216188356042e-06,0,0,0,0.000551040595138169,0,0,0,0,0,0.00111982252052919,0,0,0,0.00059951644948572,0,0.00659780957663085,0,0,0.00235229524188559,0,0.000927473402641647,0,0.150454676672836,0,0.00018193739758242,0,0,0,0,0,0,0,0,0,4.89359560300031e-05,0,0.000264713786767529,0,0.000165126230472546,0,0
0,0,0,0,0,0,0,0,0,0,0,0,0,0,0.00201450093195058,0,0.0109770492387865,0,0,0,0,0,0.00772216788685413,0,0.03713821466359,0,0,0,0.00252779720900851,0,0,0,0,0,0,0,0,0,0.000133570683760252,0,0,0,0,0,0,0,0,0,0.000500804570384965,0,0,0,0,0,0,0,0,0,0.00145113515256183,0,0,0,0,0,0,0.00446970095166257,0,0.00526201575055145,0,0.11713905533337,0,0.0145375005260386,0,0,0,0,0,0,0,0,0,6.82764969581892e-06,0.00165077518993906,0.000291426481606541,0,0,0
0,0,0,0,0,0,0,0,0,0,0,0.000262935802337437,0,0.000417985640412142,0,0,0,0.00265737295587642,0,0,0,0.00339679641707452,0,0,0,0.00338414184586322,0,0,0,0.00911884566052604,0,0,0,0,0,0,0,0.00296890855858651,0,0,0,0,0,0,0,0,0,0,0,0.000204812776075415,0,0,0,0,0,0,0,0,0,0.00260744274260768,0,0,0,0,0.00126791667324284,0,0,0,0.002325165647868,0,0.0429645777503397,0,0.000696806097229587,0,0,0,0,0,0,0,0.000257443045041321,0,0.000222742117878523,0.000178761778605332,0,0,0
0,0,0,0,0,0,0,0,0,0,0.000389792823694428,0,0.00195612357215984,0,0,0,0,0,0,0,0,0,0.000857810837278224,0,0,0,0.00252779720900851,0,0,0,0.00855023451162796,0,0,0,0,0,0,0,1.60830396848668e-05,0,0,0,0,0,0,0,8.16017092302899e-06,0,0,0,0,0,0,0,0,0,0.000198288572774787,0,0.00123570074710232,0,0,0,0,3.512074986297e-05,0,0.000590074329966934,0,0,0,0.000260777609219437,0,0.065898191936461,0,0.00211585781640135,0,0,0,0,0,1.52528184988978e-06,0,1.27446983242407e-05,0.00150916359975624,0.000610642485280742,6.4105499241904e-05,0,0
0,0,0,0,0,0,0,0,0,0,0,0.00571101972498377,0,0,0,0,0,0,0,0,0,0,0,0,0,0,0,0.00911884566052604,0,0,0,0,0,0,0,0,0,0.0013695808238229,0,0,0,0,0,0,0,0,0,0,0,0,0,0,0,0,0,0,0,0.00238166768708656,0,0.000421798687063161,0,0,0,0,0,0,0,0,0,0,0.0120514874633776,0,0.0790759722976809,0,0,0,0,0,0,0,0.00129066209292625,0,0.000200253227521293,0,0,0,0
0,0,0,0,0,0,0,0,0,0,0.0145809588459895,0,0,0,0,0,0,0,0,0,0,0,0,0,0,0,0,0,0.00855023451162796,0,0,0,0,0,0,0,0,0,0.000688281519429689,2.28238313290732e-05,0,0,0,0,0,0,0,0,0,0,0,0,0,0,0,0,0.00834109520709213,0,0,0,0,0,0,0,0,0,0,0,0,0,0,0.00157631584516924,0,0.0610770013235629,0,0,0,0,0,0,0,0,0.00018076878115864,9.54923671974818e-05,0,0,0
0,0,0,0,0,0,0,0,0,0,0,0,0,0,0,0,0,0,7.45207556740683e-05,0,0,0,0,0,0,0,0,0,0,0,0,0,0.0471691080498625,0.00081856695093881,0.0025229710193889,0.00129467956524811,0.000181709881386869,0,0,5.43722279802428e-05,0.000106770489558071,0.000390274830175594,0,0,0,1.598865276562e-05,0,0.173208924871371,0.00234157745535979,0.00178881736236203,0,0,0,0,0,0,0,0,0,0,0,0,0,0,0,0,0,0,0,0,0,0,0,0,0.0307533262203437,0.0248918358847326,0.00182204205489307,9.95121178522234e-05,0.00122912499483273,0,0,0,0.00142753502482041,0,0.000543429066403111,0,0
0,0,0,0,0,0,0,0,0,0,0,0,0,0,0,0,0,0,0,0,0,0,0,0,0,0,0,0,0,0,0,0.0471691080498625,0,0.000702907885438728,0.00273380359971977,0,0.000517234209350864,0,0,0,0,0,0,0,0,0,0,0.0328009343909839,9.63388393668274e-05,0,0,0,0,0,0,0,0,0,0,0,0,0,0,0,0,0,0,0,0,0,0,0,0,0,0.0627088833604926,0.0487337199296961,0,0.00317832659619082,0,0.0028147278813259,0,0,0.00214816347996878,0,0,0,0
2.69378464729164e-05,5.34782363404546e-05,0,1.50017343227497e-05,0,0,0,0,0,0,0,0,0,0,0,0,0,0,5.46752421260301e-05,0,0,0,0,0,0,0,0,0,0,0,0,0.00081856695093881,0.000702907885438728,0,0.0790253581773972,0.00228422491164496,9.77827737507542e-05,0.00209546528486427,0.00148735701597716,0.000268623537895669,9.47637693665656e-05,0.000494632627504348,0.000336955126900597,0,0,0,0,0.155874892932135,0.000779523309294545,0.00367076200078268,0,0,0,0,0,0,0,0,0,0,0,0,0,0,0,0,0,0,0,0,0,0,0,0,0.000582834285435373,0,0.0897070974675954,0.0198094572494843,0.000137523157462955,4.92554707524516e-05,0.00100222453070655,0.00169049720243979,0.00287354556091674,9.76731590220841e-05,0.00233181629862157,0,0
0,0,0,0,0,0,0,0,0,0,0,0,0,0,0,0,0,0,0,0,0,0,0,0,0,0,0,0,0,0,0,0.0025229710193889,0.00273380359971977,0.0790253581773972,0,0.000100828016694118,0.00212682122078092,7.54682139260388e-06,0.000379490903074368,0,0,0,0,0,0,0,0,0.0393781916922221,0.00283467811953937,0,0,0,0,0,0,0,0,0,0,0,0,0,0,0,0,0,0,0,0,0,0,0,0,0,0,0.00276358039270095,0.0359616262199272,0.0487947926643769,0,0.00154500253599612,8.86175025627934e-06,0.00191906834860687,0.000842658515689172,4.63239288248371e-05,0,0,0
0,1.42848312323901e-06,0,7.98805640700665e-05,0,0,0,0,0,0,2.52272726772548e-06,0.00297506986397012,0,0,0,0,7.61690340304853e-05,4.74701559625887e-05,0.00424761667067352,0.00422383627333004,0,0,0,0,0,0,0,0,0,0,0,0.00129467956524811,0,0.00228422491164496,0.000100828016694118,0,0.003285633464881,0.00687188637550237,1.56265946026354e-05,0.00175290606348294,9.74275136101602e-05,0.00309915675888692,0.000188171678740995,0,0,0.00349173387899577,2.8235181720861e-05,0.00226725246555809,0.00136656299849544,0.00048065766550617,0,0,0,0,0,0,0,1.60718669428199e-05,0,0,0,0,0.00567236592990873,1.18706206750241e-05,0,0,8.4621899264128e-06,0,1.09021047924858e-06,0,0,1.99140292116666e-06,0,0,1.13433153991776e-05,0,0.00519721105406084,0,0.0622233608580006,0.000363520147098533,0.00902668974492463,0,0.00374623907189238,0.000543286642825033,0.00263783341269309,0.000186780038989134,0
7.44668351123267e-05,0,9.45374779784955e-05,1.18764347219496e-05,0.00014286546328244,0,0.000690031797692965,0,1.82399984103435e-05,1.93479748634252e-06,0.000792168687815836,0,0,0,0,0,3.30047424245662e-05,9.54293249301989e-06,0.000392599376475824,0,0.00830378633310169,0,0,0,0,0,0,0,0,0,0,0.000181709881386869,0.000517234209350864,9.77827737507542e-05,0.00212682122078092,0.003285633464881,0,0.000291989840771861,0.0085178438718438,0.000160938769141568,0.000577571744159089,0.00016611538996006,0.00103859091635902,0,8.26061218795131e-05,5.52621940755213e-05,0.00222028368988833,0.0022333585351089,0.0013077775335848,7.59420124363726e-05,1.10549797982104e-05,0,0.000136951009256239,0,0,0,0.0017136412709991,0,9.19237950226399e-06,0,0,0,1.68939254945544e-06,0.00941910902752436,0,0,0,0,0,0,0,2.96491636617024e-05,0,7.38428471948203e-05,1.22398628520277e-06,2.59568407650677e-05,0.000548612308103278,0.000718314016364966,0.000369848038278061,0.0559350541895711,0.000152398231450617,0.00549595721608148,0.0117882828631789,0.00186258782540075,0.00369328652070561,2.17021903983637e-05,4.1356576027187e-05
0,0.00035098151535762,0,0.00030484209405308,0,1.68672087359923e-05,0,0,0,0.00164232195507274,0,0.00459828953372317,0,0,0,0,2.44385903640039e-06,3.33527359324201e-06,0.00145503292569171,0.00445671038536723,0,0.0080053634984263,0.000153043017126025,0.00766197930898115,0,0.00026990095154017,0,0.00296890855858651,0,0.0013695808238229,0,0,0,0.00209546528486427,7.54682139260388e-06,0.00687188637550237,0.000291989840771861,0,0.00353300282858739,0.000371280317385241,0,0.0019489283024895,7.8012922450958e-05,0,0,0.000413739543019346,2.76477272303278e-06,0.00156174659611069,0,0.0015663415913224,0,0,0,0,0,0.000483614854443611,0,0.00422701741832905,0,0,0,0,0.000967273886044714,0,0.00264993179707418,0,0.00621162769525655,0,6.36798971603493e-05,0,1.8279745699801e-05,0,0.00699966526162932,0,0,0,0.00246868279481106,0,0.00218306183271575,9.68172320062031e-06,0.0914075432723571,0.00132175504266863,0.00480933949589435,0.00149526071837142,0.00464983208120878,0.000103030475307282,0
0.000115979535882963,0,2.3332375478035e-05,0,0,0,0,0,0.000348051303130334,0,0.0102415221580038,0,0,0,0,0,0.000429548649876649,6.50427911364629e-05,0.001983344069896,0,0.00588155495231409,0,0.00779376268778131,0,0.00694807422598176,0,0.000133570683760252,0,1.60830396848668e-05,0,0.000688281519429689,0,0,0.00148735701597716,0.000379490903074368,1.56265946026354e-05,0.0085178438718438,0.00353300282858739,0,9.18239908562136e-05,0,6.99031103553759e-05,0.00186709506321706,0,0.00019808092261097,2.72316052115675e-05,0.00499648470506929,0.0115876157669969,0.00140553369025431,2.10173018949037e-05,0,0,0,0,0.000803094860301204,0,0.000950159159330466,0,1.04381960191514e-05,0,0,0,0,0.00654538392117862,0,0.00161550991742229,0,0.00473055492226631,0,0.00164351573556184,0,0.000321842071188823,0,0.000553545943306842,0,0,0.000136197362103002,0.00162433026996864,1.9599446068909e-06,0.0020486508003353,0.00153038906195135,0.114224784652618,0.0118039850793452,0.00299562550721068,0.00451962026581275,0,0.000283447087132242
1.46760890947046e-05,0.000142194292822231,0,0.00579857615152993,0.0001554322385746,7.39915197723053e-05,0,0,0,1.35329730373001e-05,3.03772848134105e-05,0,0,0,0,0,0.000600280297264926,0.000385091892021666,0.0252735647018435,0.00350656499435207,5.68955069152556e-05,3.35488649102399e-05,0,3.35755879141487e-05,0,0,0,0,0,0,2.28238313290732e-05,5.43722279802428e-05,0,0.000268623537895669,0,0.00175290606348294,0.000160938769141568,0.000371280317385241,9.18239908562136e-05,0,0,0.0843498248606959,0.0116666366537158,0,0.000101492885896287,0.165840527332262,0.00109344673380732,0.0119778934363697,0.00290818548660419,0.0211180692422073,0,0,0,0,0,0,0.000296528822697691,0,2.37875389193465e-05,0,0,0,0.00942705050020942,0.000339970617464588,3.57360806131217e-06,0,5.63748323838943e-05,0,3.29102256695724e-05,0,7.7358675762472e-06,3.319945810754e-05,0,2.70052731222725e-05,0.00136244520554027,0,0.000159142202693746,0,0.0165770870750834,1.13311435097964e-05,0.00252507749249414,5.09287864845814e-05,0.00240003743544718,0.000750476686755885,0.0365250110844936,0.00184842151089733,2.76757085813429e-05
0,0,0,0,0.000407800954912394,0,0,0,0,0,0,0,0,0,0,0,1.22445323631315e-05,0,7.4226545346477e-05,0,0.000245283736452985,0,0,0,0,0,0,0,0,0,0,0.000106770489558071,0,9.47637693665656e-05,0,9.74275136101602e-05,0.000577571744159089,0,0,0,0,0,0.0112593176261219,0,0.000104850303278953,4.89934116802118e-05,0.0247800219535281,0.0332983863086092,0.120614731137088,0,0,0,0,0,0,0,8.27732652652303e-05,0,1.70419256619188e-05,0,0,0,0,0.0154119864446636,0,0,0,0,0,0,0,0,0,0.000206816700135028,0,0.00182550839512311,0,0,1.06586775710312e-05,0.0246868440343846,0,0.00151652598100307,2.50429481145948e-05,3.46353203913216e-06,0.0141240190898795,0,0.000774228467893111
0,0.000352848506008692,0,0.00594213280247655,0,0.000347291401851744,0,0,0,0.000244392431927538,0,4.03552602642916e-05,0,0,0,0,0.000647875252799061,0.00025159001931594,0.0758566327561604,0.000371822167007042,0.00013848055917575,0.000572509391943704,0,0.000196414696791846,0,5.60108637844489e-05,0,0,0,0,0,0.000390274830175594,0,0.000494632627504348,0,0.00309915675888692,0.00016611538996006,0.0019489283024895,6.99031103553759e-05,0.0843498248606959,0,0,0.0122675190289635,0,8.10750974352997e-06,0.0184555616567623,0.000835165901655161,0.0113537109914131,7.80289814025142e-05,0.0713226780625979,0,0,0,0,0,7.69825790603495e-05,2.41450263905479e-05,0.000153704420320061,0,0,0,0,0.00247225352469674,0.00027223296882985,1.42031713683689e-05,0,0.00015350470743658,0,0.000114174129099963,0,1.55890937861775e-05,2.51018674599181e-05,0,0.000171636768872987,0.00124687238533485,0,0.00154820527923139,0,0.0081124408830164,0.000103727499814273,0.00374467299760651,7.35870517815397e-05,0.0092631613939282,0.00068049528068612,0.0623740232734048,0.00727563299939101,9.81805770371678e-05
0.000982006434647178,9.6519703403048e-06,0.000175386895160861,0.00149406826474425,0.000134290235320308,0.000130505868247125,0,0,0.00452269812822985,0,0.000516719855048263,0,0,0,0,0,0.00118660860932804,0.000286712488697607,0.0192756872427186,0,0.00423861839351997,1.06136862919355e-05,0,0,0.000123437013502863,0,0,0,0,0,0,0,0,0.000336955126900597,0,0.000188171678740995,0.00103859091635902,7.8012922450958e-05,0.00186709506321706,0.0116666366537158,0.0112593176261219,0.0122675190289635,0,0,0.00988334386221554,0.00082247900613895,0.0370642594560825,0.002081457589942,0.0228066544647299,0.00622116527391014,1.64752907098179e-05,0,0,0,0,0,0.00226257371768908,0,0.000663888816512235,0,0,0,1.05819230782509e-05,0.0171332723098061,0,1.98419314593236e-05,0,0,0,0,0,0.00484627084550612,0,0.00227093064240871,7.0463583986396e-05,0,0.00012838054416236,0,0.000433705476429036,0.0133764507544187,0.000151879829872282,0.00210679954550619,0.00499512850404737,0.000496269135965634,0.117541508701425,0.000551353987306951,0.0284072720153549
0,0,0,0,0,0,0,0,0,0,0,0,0,0,0,0,0,0,0,0,0,0,0,0,0,0,0,0,0,0,0,0,0,0,0,0,0,0,0,0,0,0,0,0,0,0,0,0,0,0,0,0,0,0,0,0,0,0,0,0,0,0,0,0,0,0,0,0,0,0,0,0,0,0,0,0,0,0,0,0,0,0,0,0,0,0,0
0,0,0,0,0,0,0,0,0,0,0,0,0,0,0,0,4.18767209562565e-05,1.61658334466545e-05,0.00153159679474066,0,0.000474332639103077,0,0,0,0,0,0,0,0,0,0,0,0,0,0,0,8.26061218795131e-05,0,0.00019808092261097,0.000101492885896287,0.000104850303278953,8.10750974352997e-06,0.00988334386221554,0,0,0,0.0127339164352522,0,6.98230066855422e-05,0,0,0,0,0,0,0,0.000192290816601809,0,3.18397708626164e-05,0,0,0,0,0.00556281067728683,0,0,0,0,0,0,0,1.07801956894071e-05,0,0,0,0,0,0,7.12835998941134e-06,0.00148622250110374,0,0.000301882778697055,0.000120928895219824,2.59907911923982e-05,0.0129390748841919,0,0.00853257718683183
0,0.000201214031304112,0,0.00130665597983113,0,0,0,0,0,0,1.53688097397825e-05,0,0,0,0,0,3.33190189830262e-05,3.00401358993289e-06,0.000909160893054722,0.00634475678655008,1.80189255836463e-05,0.000114512844545557,0,0.000134449111974191,0,7.41216188356042e-06,0,0,0,0,0,1.598865276562e-05,0,0,0,0.00349173387899577,5.52621940755213e-05,0.000413739543019346,2.72316052115675e-05,0.165840527332262,4.89934116802118e-05,0.0184555616567623,0.00082247900613895,0,0,0,6.33552994105877e-05,0.00317156738169503,0.00282334187045947,0.01893823767102,0,0,0,0,0,1.24904145366801e-05,2.46873900758681e-05,0,2.42478071104746e-05,0,0,0,0.02669747216051,0.000114883163675158,1.39721507696373e-05,0,5.93115506238497e-05,0,5.56123027684368e-05,0,9.33643696507332e-05,0,0,0,0.000416725239111773,0,0,0,0.0127834030655351,2.40465285835159e-06,0.0035332143952234,0,0.000365194325428963,2.94043528687343e-05,0.0878798212192967,0.000101527332393608,0
0.000519805917215526,0,0.00300824877015742,6.25289670179826e-05,0.00394093429997121,0,5.9777081044452e-05,0,0.000376453578645038,0,0.00225817932669145,0,0,0,0,0,0.00230895376422853,0.000567207878874669,0.0178294665163751,0,0.0052660903719204,0,1.01863631847684e-05,0,0,0,0,0,8.16017092302899e-06,0,0,0,0,0,0,2.8235181720861e-05,0.00222028368988833,2.76477272303278e-06,0.00499648470506929,0.00109344673380732,0.0247800219535281,0.000835165901655161,0.0370642594560825,0,0.0127339164352522,6.33552994105877e-05,0,6.56054489928818e-05,0.00823068982386683,0.000269485897852414,0.00128216702815818,0,1.59466135339039e-05,0,0,0,0.00555938597128275,0,0.00147879120591585,0,0,0,0,0.0565682337411283,0,1.55218696710499e-05,0,0,0,0,0,0.00431832087316288,0,0.0083906503167327,0,0,0,0,7.12221578631101e-05,0.0164408131663203,3.77795403464312e-05,0.00401028947423998,0.00294364625392632,0.00103557510607349,0.0504228835641254,2.84268108138692e-05,0.00191724679130449
0,0.000251565308824707,0,0.000567909258211284,0,0,0,0,0,0,0,0,0,0,0,0,1.36975744222827e-05,0,0.001963854373029,0,0,0,0,2.28464776549811e-05,2.02814423716571e-05,0,0,0,0,0,0,0.173208924871371,0.0328009343909839,0.155874892932135,0.0393781916922221,0.00226725246555809,0.0022333585351089,0.00156174659611069,0.0115876157669969,0.0119778934363697,0.0332983863086092,0.0113537109914131,0.002081457589942,0,0,0.00317156738169503,6.56054489928818e-05,0,0.183308990751155,0.0224309701706515,0,0,0,0,0,0,2.09684166031922e-05,0,0,0,0,0,0,0.000142654891416394,0,0,0.000190884996378574,0,0,0,0,0,0,0,0.297341175741307,0.0121193251200079,0.035879128971484,0.00949968574978601,0.000973760823227525,0.0149886401212986,0.000929811489420574,0.0032907271708582,0.00808905847214174,1.37096770595814e-05,0.0155621644629291,7.46347826529429e-05,0
0.0137467723158806,0,0.00658332503609757,0.00063654217772446,0.000135709480563973,0,0,0,0.000349780538434154,0,0,0,0,0,0,0,2.61938451376765e-05,1.60451411309037e-05,0.000293707580391044,0,0.000166389524168713,0,0.000341124213747532,0,0.0156485932486157,0,0.000500804570384965,0,0,0,0,0.00234157745535979,9.63388393668274e-05,0.000779523309294545,0.00283467811953937,0.00136656299849544,0.0013077775335848,0,0.00140553369025431,0.00290818548660419,0.120614731137088,7.80289814025142e-05,0.0228066544647299,0,6.98230066855422e-05,0.00282334187045947,0.00823068982386683,0.183308990751155,0,0.00121795597652219,0,0,0,0,0.00011286644527096,0,0.0045991840656403,0,0.00323379574751061,0,0.00317694395495371,0,6.79715471339553e-05,8.74050125393849e-05,0,0.000414218710254032,0,0.00974906906457267,0,0.0124113146208217,0,0.00124238160071644,0,0.000111607983068582,0.000621242046959067,0.00170865805714662,8.65486538123256e-05,0.00351187092651995,0.000437108731925759,0.0130899576501613,0,0.00424581989261162,0.00457360017348158,1.86521283911239e-05,0.0267492127916876,0,0.000225187323385698
0,0.053049285262829,0,0.016404536687311,0,0.000505156283829461,0,0,0,0.000423442286177905,0,0,0,0,0,0,0.000137452278365796,5.66088447002659e-05,0.0461666002480493,0,0,0.00291158911336426,0,0.00873592724569178,0,0.000551040595138169,0,0.000204812776075415,0,0,0,0.00178881736236203,0,0.00367076200078268,0,0.00048065766550617,7.59420124363726e-05,0.0015663415913224,2.10173018949037e-05,0.0211180692422073,0,0.0713226780625979,0.00622116527391014,0,0,0.01893823767102,0.000269485897852414,0.0224309701706515,0.00121795597652219,0,0,0,0,0,0,0.0015532100547345,7.89186225264539e-05,0.000421962688115665,0,0.000358723187553601,0,0.0058528497447449,0.00240228896780304,1.95914694710422e-05,0.000151693011877839,0,0.00591530255233036,0,0.00407443268682429,0,0.00201111753330548,7.13681912927681e-06,0.000220394582294801,3.79896290976457e-05,0.000663201571469883,0,0.00186158983629342,0,0.00120720759870455,1.68911162001556e-05,0.00188336759582938,0,0.00128219850513619,0.000182416395076195,0.0419154143521886,0.00926629079320069,2.64083307423089e-05
0,0,0.0260992342186488,7.90253076029482e-05,0.145897106049219,0,0.0107995295065224,0,0.00512551980194529,0,3.78862786016114e-05,0,0,0,0.00136355727357025,0,0,0,0,0,0.00239988918672961,0,0,0,0,0,0,0,0,0,0,0,0,0,0,0,1.10549797982104e-05,0,0,0,0,0,1.64752907098179e-05,0,0,0,0.00128216702815818,0,0,0,0,0,0.0252516737984789,0,0.0228890347146206,0,0.00902594546817593,0,0.00768657384875737,0,0.0117864619682417,0,0,0.00683745687430977,0,0,0,0,0,0,0,0,0,0,0,0,0,0,0,0,0,0,0.000451459409622469,0,0.00775760970648691,0,0
0,0.000122970992005346,0,0.0265473789151128,0,0.0250222153474356,0,0.0308948217778925,0,0.0152548538034329,0,0,0,0.00111543129122823,0,0.0100663443247821,0,0,0,0,0,0,0,0,0,0,0,0,0,0,0,0,0,0,0,0,0,0,0,0,0,0,0,0,0,0,0,0,0,0,0,0,0,0.0167633940669172,0,0,0,0,0,0.00364542140449666,0,0.0137151595833491,0,0,0,0,0,0,0,0,0,0,0,0,0,0,0,0,0,0,0,0,4.60262868811238e-05,0,0,0,0
0,0,0,0,0.0400224425562886,0,0.0572022441068866,0,0,0,0.00327832960587226,0,0.00019839623121596,0,0,0,0,0,0,0,0.00966128239052681,0,0,0,0,0,0,0,0,0,0,0,0,0,0,0,0.000136951009256239,0,0,0,0,0,0,0,0,0,1.59466135339039e-05,0,0,0,0.0252516737984789,0,0,0,0,0,0.0163364504280782,0,0.0066455456060926,0,0,0,0,0.00701214614166157,0,0,0,0,0,0,0,1.80326843714517e-05,0,0,0,0,0,0,0,3.73536071146974e-06,0,0,0.000946973843552139,1.25218348330236e-05,0.000590569213339324,0,0
0,0,0,0,0,0.00392128028231793,0,0.0396593978606075,0,0,0,0.00498618027976349,0,0.00403024128708067,0,0,0,0,0,0,0,0,0,0,0,0,0,0,0,0,0,0,0,0,0,0,0,0,0,0,0,0,0,0,0,0,0,0,0,0,0,0.0167633940669172,0,0,0,0,0,0,0,0,0,0,0,0,0,0,0,0,0,0,0,0,0,0,0,0,0,0,0,0,0,0,0.000188592353487281,0,0,0,0
0.0110633682323622,0,0.0164569133330637,0,0.0346194145453037,0,0,0,0.0879312211798692,0,0,0,0,0,0.0160505081550468,0,0,0,0,0,0,0,0,0,0.0387809637218951,0,0,0,0,0,0,0,0,0,0,0,0,0,0.000803094860301204,0,0,0,0,0,0,0,0,0,0.00011286644527096,0,0.0228890347146206,0,0,0,0,0,0,0,0.000390905366499072,0,0.0155976751183418,0,0,0,0,0,0,0.0749961911715474,0,0.000764970604399312,0,0.000115422649664168,0,0,0,0,0,0,0,2.52867082210987e-06,0,0.000159003872880582,9.25895774914582e-05,0,0.000761402915925146,0,0.000615008623870358
0,0.0412497298485683,0,0.00391234148885943,0,0.000191451608643648,0,0,0,0.0896647061066328,0,0,0,0,0,0.000991823987621168,0,4.35433102014765e-05,4.62296819158861e-05,0,0,0,0,0.0285609649362485,0,0.00111982252052919,0,0,0,0,0,0,0,0,0,0,0,0.000483614854443611,0,0,0,7.69825790603495e-05,0,0,0,1.24904145366801e-05,0,0,0,0.0015532100547345,0,0,0,0,0,0,0,0,0,0,0,0.0117838138553096,0,0,0,0,0.0196533179528337,0,0,0,0,0,0,0,0,0,0,0,0,0,0.000571147879048703,0,0.00023941647190758,0,0.000820040956321352,0,0
0.0144386922545754,0,0.000721570212866378,9.94756042055377e-05,0.00438051796500869,0,0.0051825861287417,0,0.000340220847863792,0,0.128623037598251,0,9.52566914635942e-05,0,0,0,9.28555045300182e-05,1.91563460786769e-05,0.000766817753435511,0,0.0267022926101623,0,0,0,0,0,0,0,0.000198288572774787,0,0.00834109520709213,0,0,0,0,0,0.0017136412709991,0,0.000950159159330466,0.000296528822697691,8.27732652652303e-05,2.41450263905479e-05,0.00226257371768908,0,0.000192290816601809,2.46873900758681e-05,0.00555938597128275,2.09684166031922e-05,0.0045991840656403,7.89186225264539e-05,0.00902594546817593,0,0.0163364504280782,0,0,0,0,0,0.0360544184812365,0,8.03776116477251e-05,0,0,0.0311702129924651,0,1.62538285520663e-05,0,0,0,0,0,0.0119927957655665,0,0.0338216796132949,0,0,0,0,6.01613016213405e-06,0.000158322972516884,0,0.000444669499871165,0.00168162949296294,3.91716787893702e-05,0.0148674554793894,0,0.000919948819068356
0,0.00147357310798556,0,0.000711050177672995,0,0,0,0.00409810916722144,0,0,0,0.121035501755128,0,0.000449799096015144,0,0,0,0,0,0.00527620361145955,0,0,0,0,0,0,0,0,0,0.00238166768708656,0,0,0,0,0,1.60718669428199e-05,0,0.00422701741832905,0,0,0,0.000153704420320061,0,0,0,0,0,0,0,0.000421962688115665,0,0,0,0,0,0,0,0,0,0.00438273084978243,0,0.000653598815415144,0.00186288605646023,0,0,0,0,0,0,0,0,0,0.0392749832503918,0,0,0,0,0,0,0,0.000424814773619891,0,0.000426930792873399,0,0.00581774483477225,0,0
0.00393118802497685,0,0.000948891991336416,1.26131704771886e-05,0.000239728277720057,0,0.00355472868997843,0,0.000382165773099818,0,0.00126671434543559,0,0.00859878256115359,0,0.00697937450165477,0,1.83779603577137e-06,0,5.75829330924966e-06,0,0.00117458052200959,0,0,0,0,0,0.00145113515256183,0,0.00123570074710232,0,0,0,0,0,0,0,9.19237950226399e-06,0,1.04381960191514e-05,2.37875389193465e-05,1.70419256619188e-05,0,0.000663888816512235,0,3.18397708626164e-05,2.42478071104746e-05,0.00147879120591585,0,0.00323379574751061,0,0.00768657384875737,0,0.0066455456060926,0,0.000390905366499072,0,0.0360544184812365,0,0,0,0.00850329817138077,0,0,0.00838381907515382,0,0,0,0,0,5.31531150365196e-05,0,0.0186069765444948,0,0,0,0,0,0,0,3.76912889278296e-05,0,3.84865493555141e-06,0.000129074960182849,2.36933194393534e-06,0.00558912028049272,0,0.000190512450948104
0,0.00014499970997311,0,0.00303319903906264,0,0,0,0,0,0,0,0.00609888916101218,0,0.0857654453948198,0,0.00536225125553469,0,0,0,0,0,0,0,0,0,0.00059951644948572,0,0.00260744274260768,0,0.000421798687063161,0,0,0,0,0,0,0,0,0,0,0,0,0,0,0,0,0,0,0,0.000358723187553601,0,0.00364542140449666,0,0,0,0,0,0.00438273084978243,0,0,0,0.0162037665964121,0,0,0,0,0,0,0.00234277210328881,0,0.00987532565016754,0,0.000620808998784009,0,0,0,0,0,0,0,0,0,0.00030889801698514,2.25100575459768e-05,0,0,0
0.00120507216004428,0,8.79174895735899e-05,0,0.000208992535203727,0,0,0,0.0305669955651098,0,0,0,0.000711231481947263,0,0.018549151183272,0,2.73852753670937e-05,0,0,0,0,0,0,0,0,0,0,0,0,0,0,0,0,0,0,0,0,0,0,0,0,0,0,0,0,0,0,0,0.00317694395495371,0,0.0117864619682417,0,0,0,0.0155976751183418,0,8.03776116477251e-05,0,0.00850329817138077,0,0,0,0,0,0,0,0,0,0,0.00050024575277748,0,0.000830460668724506,0,0,0,0,0,0,0,0,0,0,4.85831583484981e-06,0,0.00198351394532693,0,0
