0,0,0.00939078213173464,0,0,0,0,0,0.0182079260288734,0,0,0,0,0,0,0,3.89763308251785e-05,3.57527552872086e-05,0.000672585841370515,0,0,0,0,0,0,0,0,0,0,0,0,0,0,0,0,0,0,0,0,0,0.00022134786453433,0,0.000953812075019148,0,0,0,0,0,0.0113705433201814,0,0,0,0,0,0.000949517803869235,0,0,0,0,0,0,0,0,0,0,0,0,0,0,0,0,0,0,0,0,0,0,0,0,8.02697712117022e-06,0,0,0.000133156732870394,0,0.0133670636257354,0,0
0,0,0,0.028847305484559,0,0,0,0,0,0.0617160210512761,0,0,0,0,0,0,0,0,0.000456879027524297,0,0,0,0,0,0,0,0,0,0,0,0,0,0,0,0,0,0,6.45682219758243e-05,0,0.000581284906734829,0,0.0116678896830492,0,0,0,0.000268478168658953,0,0,0,0.0414197044678153,0,0,0,0,0,0.0203309808118043,0,0.000199317480952794,0,0,0,7.20310956379869e-05,8.81958026398278e-06,0,0,0,0,0,0,0,0,0,0.0013391368880336,0,0,0,0,0,5.85471468296268e-05,0,0,0,0.000355473420937417,0,0.0223257205729058,0,0
0.00939078213173464,0,0,0,0.00312202451738242,0,0,0,0.0155250923223988,0,0,0,0,0,0,0,0,0,0.000148414943188022,0,1.79693357014383e-05,0,0,0,0,0,0,0,0,0,0,0,0,0,0,2.72856115275557e-06,1.95710439038275e-05,0,2.14452559313543e-06,0,0.00108334230096877,1.5029369559794e-05,0.00966233135547032,0,0.000315950160234328,3.36636388638595e-05,0.00160978550570932,2.45143855604351e-05,0.0114755898171076,0,0.00770722187863114,0,0,0,0.0330981984403273,0,0.0053596457047277,0,0.000508797682197571,0,0.00239501972005834,0,0,6.3930705418696e-05,0,0,0,0,0,0,0,0,0,0.00441467114317672,0,0,0,0,0,6.33213777583289e-05,0,4.94538754629761e-05,0.000626521673931176,0,0.0175382287636548,0,0.00273121476346251
0,0.028847305484559,0,0,0,0.00426330535120717,0,0,0,0.00356651989749509,0,0.00358878491852829,0,0,0,0.000639230903308995,4.76630370313872e-06,0,0.000319356904078104,0,0,0,0,0,0,0,0,0,0,0,0,0,0,0,0,7.11627688230345e-05,0,7.13934263389367e-06,0,0.00126892822681805,9.61891182603963e-05,0.00503644662652653,8.43199005259922e-05,0.00142448345868743,0,0.00244977450081774,1.22741503137642e-05,0,0,0.0331874885146504,0,0.030810893481943,0,0,0,0.0057605062588736,1.45030202063169e-05,0.00660565569097007,0,0.000865752892876082,0,0.0472526796286695,1.0624645890113e-05,0,0,0,0,0,0,0,0,0,0.00240007225209364,0,0,0,0,0,0.000171553606458014,1.46798294880553e-06,2.48186620754529e-06,0,0.000354112239067008,0,0.0211797846586448,6.31018162251984e-05,0
0,0,0.00312202451738242,0,0,0,0,0,0.000119653006549925,0,0,0,0,0,0.00136986023914745,0,0,0,0,0,0.000558688130732621,0,0,0,0,0,0,0,0,0,0,0,0,0,0,1.47097214672994e-05,9.07315971920544e-05,0,0,0,2.22142865485001e-05,0,3.99090988614843e-05,0,0,0,0,0,3.99767609912255e-05,0,0.0228113192385303,0,0,0,0,0,0.000204163898110296,0,0,0,0.00459077153749869,0,0,0.000489556270577664,0,0,0,0,0,0,0,0,0,0,0,0,0,0,0,1.46996770391346e-05,1.86065673068469e-05,0,0.000146639500116712,0,0.00484577027209052,0,0
0,0,0,0.00426330535120717,0,0,0,0,0,0,0,0,0,0,0,0.00117802892314432,0,0,0,0,0,0,0,0,0,0,0,0,0,0,0,0,0,0,0,6.62043884153149e-05,0,0,0,0.000108875999890824,0,0,0,0,0,0.000141644758272898,0,0,0,9.00757955684998e-05,0,0.00122581211326178,0,0,0,0,0,0,0,0,0,0,0,0,0,0,0,0,0,0,0,0,0,0,0,0,0,0,6.25938878024432e-06,0,0,0,0.000762645157972377,3.21803006542716e-05,0.000489879888181111,0,0
0,0,0,0,0,0,0,0,0,0,0,0,0,0,0,0,0,0,0,0,0,0,0,0,0,0,0,0,0,0,0,0,0,0,0,0,0,0,0,0,0,0,0,0,0,0,0,0,0,0,0,0,0.0296426030134358,0,0,0,0.000260790516992631,0,0,0,0,0,0,0,0,0,0,0,0,0,0,0,0,0,0,0,0,0,0,0,0,0,0,0,0,0,0
0,0,0,0,0,0,0,0,0,0,0,0.00093307832050684,0,0.0026622850931071,0,0,0,0,0,0,0,0,0,0,0,0,0,0,0,0,0,0,0,0,0,0.000227013572285546,0,0,0,0,0,0,0,0,0,0,0,0,0,0,0,0,0,0.00239211125709748,0,0,0,0.0123803725718708,0,0.00932261834998248,0,0,0,0,0,0,0,0,0,0,0,0,0,0,0,0,0,0,8.01061499380324e-05,0,0,0,0.000180818920893671,4.55760446672467e-05,0,0,0
0.0182079260288734,0,0.0155250923223988,0,0.000119653006549925,0,0,0,0,0,0,0,0,0,0.00860978961642734,0,0.00212000966136725,0,0,0,0,0,5.32242465141388e-05,0,0.00329124548590954,0,0.00150504289900182,0,0,0,0,0,0,0,0,0,0,0,0.000291651769599688,0,0,0,0.000262209463883537,0,0,0,0,0,0.00716164959216689,0,0,0,0,0,0.059560229108354,0,0.00021587684830486,0,0,0,0.0155361781455981,0,0,0,0,2.58244655765006e-05,0,0.000284350499576203,0,0,0,0,0,0.000249710244908242,0,0,0,0,0,1.43595086507346e-06,0,0,0.00113554331659428,0,0.00629495814198808,0,7.25568195611994e-05
0,0.0617160210512761,0,0.00356651989749509,0,0,0,0,0,0,0,0,0,0,0,0.0252848457197722,4.7181973586442e-06,0.000420362691930271,6.80827542921992e-06,0,0,0,0,0.00210482841290729,0,0,0,0,0,0,0,0,0,0,0,0,0,0.000348751733452377,0,0,0,0.000536646115552621,0,0.00021491876982913,0,4.79647507845748e-05,0,0,0,0.00333719201409221,0,0.000172287913344019,0,0,0,0.0405351262082667,0,0,0,0,0,0.00858409810497917,0,0,0,0,0.0179328670206933,0,0.000125101651065052,0,0,0,3.43810387554086e-05,0,0,0,0,0,0,0,0.000290847932855107,0,0.00230384427205875,9.20520546866537e-05,0.00109907674986994,0,0
0,0,0,0,0,0,0,0,0,0,0,0,0.0112919858754368,0,0,0,0,0,0,0,0.00457214784460715,0,0,0,0,0,0,0,0.000634953975676719,0,0.00654960802090264,0,0,0,0,0,0,0,0.00389827895867914,0,0,0,0,0,0,0,0,0,0,0,0,0,0.00018575276772026,0,0,0,0.0453133739345559,0,0.00251888467069783,0,0,0,0,0.00101519020174419,0,0,0,0,0,0,0,0,0,0.0138232472166031,0,0,0,0,0,0,0,0.00180003129063996,7.86203433757797e-05,0,1.61459527276802e-05,0,0
0,0,0,0.00358878491852829,0,0,0,0.00093307832050684,0,0,0,0,0,0.00564050796833003,0,0,0,0,0,0.0029049311530788,0,0,0,0,0,0,0,0,0,0.00449116951967436,0,0,0,0,0,0.000855135595636752,0,0.00826415940114458,0,0,0,8.2427001253384e-05,0,0,0,0,0,0,0,0,0,0,0,0,0,0,0,0.0758048878955655,0,0.00180862331082235,0,0,0.0010795786004628,0,0,0,0,0,0,0,0.000720067610069784,0,0.0306726535014121,0,0,0,0,0,0.000147029611203781,0,0.00087954953894037,0,0.0011900318405575,3.51193868775197e-06,0.000255584089929004,0,0
0,0,0,0,0,0,0,0,0,0,0.0112919858754368,0,0,0,0.000264745327217354,0,0,0,0,0,0,0,0,0,0,0,0,0,0,0,0,0,0,0,0,0,0,0,0,0,0,0,0,0,0,0,0,0,0,0,0,0,0,0,0,0,0.00544938326722608,0,0.00350742535027337,0,0.00229922682128914,0,0,0,0,0,0,0,0,0,0,0,0,0,0,0,0,0,0,0,0,0,0.000822690379202218,0.000165039686287124,0,0,0
0,0,0,0,0,0,0,0.0026622850931071,0,0,0,0.00564050796833003,0,0,0,0.000360343109538435,0,0,0,0,0,0,0,0,0,0,0,0.000262470567257062,0,0,0,0,0,0,0,0,0,0,0,0,0,0,0,0,0,0,0,0,0,0,0,0,0,0,0,0,0,2.49166229836072e-05,0,0.0023451882335219,0,0,0,0,0,0,0,0,0,0,0.00474547131663479,0,0,0,0,0,0,0,0,0,0,0,0.000545577350058137,0.000204094739559158,0,0,0
0,0,0,0,0.00136986023914745,0,0,0,0.00860978961642734,0,0,0,0.000264745327217354,0,0,0,0.000601435458105422,6.1421561169347e-06,0,0,0,0,0,0,0.000859620279428978,0,0.000582938512169737,0,0,0,0,0,0,0,0,0,0,0,0,0,0,0,0,0,0,0,0,0,0,0,0,0,0,0,0.000445739571977372,0,0,0,0.000600209911698058,0,0.0395786772213415,0,0,0,0,0,0,0,0,0.000160223787231525,0,0,0,0,0,0,0,0,0,0,0,0,0.0001596229591448,0,0,0,0
0,0,0,0.000639230903308995,0,0.00117802892314432,0,0,0,0.0252848457197722,0,0,0,0.000360343109538435,0,0,0,0,0,0,0,0,0,0,0,0,0,0,0,0,0,0,0,0,0,0,0,0,0,0,0,0,0,0,0,0,0,0,0,3.54585971763142e-05,0,0,0,0,0,0.0187383792023957,0,0,0,0.000459842779993455,0,0.0472852355817267,0,0,0,0,0,0,0.000149420986417681,0,0,0,0,0,0,0,0,0,0,0,0,0,0.00101813628852533,6.09716523261469e-06,0,0,0
3.89763308251785e-05,0,0,4.76630370313872e-06,0,0,0,0,0.00212000966136725,4.7181973586442e-06,0,0,0,0,0.000601435458105422,0,0,0.12687950020542,0.0652728591499755,0,0,0,0.0282263520624279,4.59713375603561e-05,0.0156272734793884,3.79812052091182e-05,0.0254995229956686,0,0.00127776264584412,0,0,0,0,0,0,9.51601102347629e-06,3.34356288234976e-05,1.02171963972928e-06,1.70077037280411e-06,0.000563446067230497,0.000881064604212502,0.000351229446988424,0.00031414221456166,0,0,0.00225764152897048,0.000422104784905274,0,0,0,0,0,0,0,5.38082248157284e-06,0,2.41796311604293e-05,0,0,0,3.97915217230822e-05,0,0.000289229867602566,0.000135068426137894,0,0.0035429932687822,0,9.40863612262977e-05,0,0.00422685998408322,0,0,2.39298635417812e-05,3.75927516457903e-05,0,0,0,3.25247002487517e-06,0.000410367836467246,0.000859480024449297,1.79781094284139e-05,8.52589879073243e-05,0.030172772128794,0.00634713635768098,0.00199753646438278,3.57971351441641e-05,0.000269601224182825
3.57527552872086e-05,0,0,0,0,0,0,0,0,0.000420362691930271,0,0,0,0,6.1421561169347e-06,0,0.12687950020542,0,0.0427612836266785,0,0,0.00470260035926161,0.000258919761230087,0.0103227038898944,0.000295303281752663,0.00511602676830206,2.40881823870973e-05,0,0,0,0,0,0,0,0,5.31309511542681e-06,1.05694857541144e-05,8.45386846923984e-06,0,0.000294629006416962,0.000515467451596575,0.00028712641129611,0.000147801798007001,1.24105285351277e-05,2.44839370000648e-05,0.00108697887025787,0.000121779106535654,0,0,8.4070253095485e-06,0,0,0,0,0,0,4.52954078725306e-05,0,0,0,0,0,0.000116425054892514,6.01505475991538e-05,5.514465061117e-05,4.67122025587802e-05,0,5.93976316536748e-05,0.00563546998474568,5.88644546859504e-05,0,0,1.45204811226892e-05,0,0,0,0,0,0.000243449933190651,0.000299886643575083,2.65914617286868e-05,7.4205866334637e-06,0.070458600206898,0.00823284506381409,0.00071357376381461,2.76570272788744e-05,8.25867160448164e-05
0.000672585841370515,0.000456879027524297,0.000148414943188022,0.000319356904078104,0,0,0,0,0,6.80827542921992e-06,0,0,0,0,0,0,0.0652728591499755,0.0427612836266785,0,6.12793837740148e-06,0,0,2.16287480569121e-05,0,0.000104869950261179,0,0.000231868053901376,0,0,0,0,0,0,0,0,0.000315775014119214,0.000617863078492929,8.14487238237668e-05,0.000321291677966747,0.0214795184500022,0.0387452365416326,0.0303941431764279,0.032578393293712,0.004587255369979,0.00293494390157543,0.0512636269380483,0.0136464021724971,1.40735253047265e-05,0.000218136100790208,0.00118561629003364,6.52337841502705e-06,0,0,0,0.000100541265576091,0,0.00168440922753402,0.000728757330057832,0,0,8.96770917312222e-05,0,0.0042093917015984,0.00419888208347366,0,0,0,0,0,0,0,0,0.00428810726604978,0.00193061429951196,0,0,0,0.000170838504253348,0.0103270697709237,0.0176169241932096,0.00389704098115943,0.00247641197540267,0.0112403843999127,1.46299755842655e-06,0.0607200729168453,0.00694759853328632,0.010565296307548
0,0,0,0,0,0,0,0,0,0,0,0.0029049311530788,0,0,0,0,0,0,6.12793837740148e-06,0,0,0,0,0,0,0,0,0,0,0,0,0,0,0,0,0.0111137763033022,0,0.00642976776702138,0,0,0,0,0,0,0,0.000440025296369969,0,0,0,0,0,0,0,0,0,0,0,0.0127932401888993,0,0,0,0,0.0811272403231898,0,0,0,0,0,0,0,0,0,0.000253140248004935,0,0,0,0,0,0.00122072699806209,0,0.00503899605743468,0,0.000952849385931383,0,0.00149491771705454,0,0
0,0,1.79693357014383e-05,0,0.000558688130732621,0,0,0,0,0,0.00457214784460715,0,0,0,0,0,0,0,0,0,0,0,0,0,0,0,0,0,0,0,0.000111321388896699,0,0,0,0,0,0.00259459522257765,0,0.00291350945556961,0,5.56082053622007e-05,0,2.04484282067952e-05,0,0,0,0.00145703565708455,0,0,0,0.000352912332282042,0,0,0,2.41642641695718e-05,0,0.00365267304962605,0,2.18794139295977e-05,0,0,0,0,0.0551871935556476,0,0,0,0,0,0,0,0,0,0.00769763583668437,0,0,0,0,0,0.00115612601073358,0,0.000305006425183573,0.000261275856270516,0,0.00140816039704871,0,0
0,0,0,0,0,0,0,0,0,0,0,0,0,0,0,0,0,0.00470260035926161,0,0,0,0,0.00522344322550583,0.00704237697556802,0,0,0,0,0,0,0,0,0,0,0,0,0,0.00550991003062048,0,0,0,0,0,0,0,0,0,0,0,0.00477682738278879,0,0,0,0,0,0,0,0,0,0,0,0,0,0,0.0345838198721317,0,0.000507252852438216,0,0.00065208822885019,0,0.00239703675386937,0,0,0,0,0,0,0,0,0,0.00498850432270492,0,0.00400495760415388,0.000985979342794315,0,0,0
0,0,0,0,0,0,0,0,5.32242465141388e-05,0,0,0,0,0,0,0,0.0282263520624279,0.000258919761230087,2.16287480569121e-05,0,0,0.00522344322550583,0,0,0.00856308818266586,0,0.00420873985703683,0,0.000558208559433027,0,0,0,0,0,0,0,0,0,0.00611109865043233,0,0,0,0,0,0,0,0,0,0.00112255535885871,0,0,0,0,0,3.55166444948217e-05,0,0,0,0,0,0,0,0,0,0.000290663360648838,0.0649130361853418,0,0.00026573196209155,0,0.000708456604776013,0,0.000129612637399502,0,0,0,0,0,0,0,0,0,0.00316739825360486,0.0044783982017843,0.000713773116564571,0,0,0
0,0,0,0,0,0,0,0,0,0.00210482841290729,0,0,0,0,0,0,4.59713375603561e-05,0.0103227038898944,0,0,0,0.00704237697556802,0,0,0,0.00414027394246621,0,0,0,0,0,0,0,0,0,0,0,0.00280830138594271,0,0,0,0,0,0,0,0,0,0,0,5.85207860231383e-05,0,0,0,0,0,0.0062516881014577,0,0,0,0,0,0,0,0,0.0010559263226907,0,0.0341227530523026,0,0.010655650789177,0,0,0,0,0,0,0,0,0,0,0,0.00308014741803943,0,0.000998350464746454,0,0,0,0
0,0,0,0,0,0,0,0,0.00329124548590954,0,0,0,0,0,0.000859620279428978,0,0.0156272734793884,0.000295303281752663,0.000104869950261179,0,0,0,0.00856308818266586,0,0,0,0.0111504864518989,0,0,0,0,0,0,0,0,0,0,0,0.00325569614771059,0,0,2.95621198283043e-05,0,0,0,2.10908882782085e-05,0,0,0,0,0,0,0,0,0.0227767044180292,0,0,0,0,0,0,0,0,0,0,0.00193038109013403,0,0.0672603037571623,0,0.0031485710953859,0,0,0,0,0,0,0,0,0,0,1.70644667166781e-05,0.000418345169085652,0.00186752461053892,6.08603600681595e-06,0.000151234267366442,0,0
0,0,0,0,0,0,0,0,0,0,0,0,0,0,0,0,3.79812052091182e-05,0.00511602676830206,0,0,0,0,0,0.00414027394246621,0,0,0,0.000866432330710485,0,0,0,0,0,0,0,0,0,0,0,0,0,0,0,0,0,0,0,0,0,0,0,0,0,0,0,0,0,0,0,0,0,0,0,0,0,0,0.00444775278038868,0,0.0233418488556679,0,0,0,0,0,0,0,0,0,0,0,0,0,8.98216343156163e-05,0,0,0,0
0,0,0,0,0,0,0,0,0.00150504289900182,0,0,0,0,0,0.000582938512169737,0,0.0254995229956686,2.40881823870973e-05,0.000231868053901376,0,0,0,0.00420873985703683,0,0.0111504864518989,0,0,0,0.00675481597688388,0,0,0,0,0,0,0,0,0,0,0.000112717106473515,0,0,0,0,0,0,0,0,0,0,0,0,0,0,0.000229479259349262,0,0,0,0,0,0,0,0,0,0,0.000153514461815553,0,0.000241571724414277,0,0.03504846377076,0,0,0,0,0,0,0,0,0,0,0,0,0.00125597228900786,0.000256660318132894,5.65581311458758e-05,0,5.15979806498985e-05
0,0,0,0,0,0,0,0,0,0,0,0,0,0.000262470567257062,0,0,0,0,0,0,0,0,0,0,0,0.000866432330710485,0,0,0,0.0097185104106985,0,0,0,0,0,0,0,0,0,0,0,0,0,0,0,0,0,0,0,0,0,0,0,0,0,0,0,0,0,0,0,0,0,0,0.00427295240290688,0,0,0,0.00383567431555788,0,0.0378184912219167,0,5.9742617136936e-05,0,0,0,0,0,0,0,0,0,5.56562116091824e-06,0,0,0,0
0,0,0,0,0,0,0,0,0,0,0.000634953975676719,0,0,0,0,0,0.00127776264584412,0,0,0,0,0,0.000558208559433027,0,0,0,0.00675481597688388,0,0,0,0.00633033589887165,0,0,0,0,0,0,0,2.10779425598986e-05,0,0,0,0,0,0,0,0,0,0,0,0,0,0,0,0,0,0.00139918061248135,0,0,0,0,0,0,0,0,1.01785344946027e-05,0,0,0,0,0,0.00974488352878816,0,0.0265159093080437,0,0,0,0,0,0,0,0.000483733783993511,0.000848444441061332,0.000200602776961121,0,0,0
0,0,0,0,0,0,0,0,0,0,0,0.00449116951967436,0,0,0,0,0,0,0,0,0,0,0,0,0,0,0,0.0097185104106985,0,0,0,0,0,0,0,0,0,0.000248724110458787,0,0,0,0,0,0,0,0,0,0,0,0,0,0,0,0,0,0,0,0.000279005036497978,0,0,0,0,0,0,0,0,0,0,0,0,0.0122149434579609,0,0.0436034926289593,0,0,0,0,0,0,0,0,0,1.73235162037599e-05,0,0,0,0
0,0,0,0,0,0,0,0,0,0,0.00654960802090264,0,0,0,0,0,0,0,0,0,0.000111321388896699,0,0,0,0,0,0,0,0.00633033589887165,0,0,0,0,0,0,0,0,0,0.00156120624395261,0,0,0,0,0,0,0,0,0,0,0,0,0,0,0,0,0,0.0141492744338495,0,0,0,0,0,0,0,0,0,0,0,0,0,0,0,0,0.106003557115031,0,0,0,0,0,0,0,0.00281699476841425,8.08100700653547e-05,0,0,0,0
0,0,0,0,0,0,0,0,0,0,0,0,0,0,0,0,0,0,0,0,0,0,0,0,0,0,0,0,0,0,0,0,0.0138399343533084,0.00877800980059937,0,0.00199713804743535,2.79961063534399e-06,0,0,0,0,0,0,0,0,0,0,0.02245928086093,0,0,0,0,0,0,0,0,0,0,0,0,0,0,0,0,0,0,0,0,0,0,0,0,0,0,0.127808832024951,0.00271199808009602,0.0175043791008731,0,0.000954373147449975,0,0,0,0.000312974236836769,0,0,0,0
0,0,0,0,0,0,0,0,0,0,0,0,0,0,0,0,0,0,0,0,0,0,0,0,0,0,0,0,0,0,0,0.0138399343533084,0,4.33582202297275e-05,0.00283826586592519,2.0268969819881e-05,0.00633283715560199,0,0,3.57797235885362e-05,0,0,0,0,0,0,0,0.0648160276608154,0,6.48428675443322e-05,0,0,0,0,0,0,0,0,0,0,0,0,0,0,0,0,0,0,0,0,0,0,0,0,0.00530789573790643,0.0814033749930916,0,0.00266165667906904,0,0.00194153061809983,0,0,0.000632061636834581,0,0,0,0
0,0,0,0,0,0,0,0,0,0,0,0,0,0,0,0,0,0,0,0,0,0,0,0,0,0,0,0,0,0,0,0.00877800980059937,4.33582202297275e-05,0,0.073459501874007,0.00155904888216105,0,0.00283068291775539,0.00235441334454578,0,0,0,0,0,0,0,0,0.0731289677059515,0,0,0,0,0,0,0,0,0,0,0,0,0,0,0,0,0,0,0,0,0,0,0,0,0,0,0.00506660600527463,0,0.157512398938806,0.0177679587337342,0.00152667193860756,0,0.00325252310046334,0,0.000524990843137074,2.44470393226948e-05,0.000226307830822717,0,0
0,0,0,0,0,0,0,0,0,0,0,0,0,0,0,0,0,0,0,0,0,0,0,0,0,0,0,0,0,0,0,0,0.00283826586592519,0.073459501874007,0,0,0.00346580585074213,0.00163646492120046,0.00436706216337352,0,0,0,0,0,0,0,0,0.0984787612193956,0.000364494300177931,0,0,0,0,0,0,0,0,0,0,0,0,0,0,0,0,0,0,0,0,0,0,0,0,0,0,0.00131075421327685,0.0388036221262084,0.154854330501041,0,0.000211530099735386,0,0.00559671974877965,0.000973086277554952,0,0,0,0
0,0,2.72856115275557e-06,7.11627688230345e-05,1.47097214672994e-05,6.62043884153149e-05,0,0.000227013572285546,0,0,0,0.000855135595636752,0,0,0,0,9.51601102347629e-06,5.31309511542681e-06,0.000315775014119214,0.0111137763033022,0,0,0,0,0,0,0,0,0,0,0,0.00199713804743535,2.0268969819881e-05,0.00155904888216105,0,0,0.000505762218705405,0.0078864831564901,7.59199739024221e-05,0.00101436148604136,0,0.000156353609350716,1.35465547887841e-05,1.65500744674227e-05,0,0.000330209636852291,0,0.000402552480161513,0,3.5892203743932e-05,0,5.40831138460615e-05,0,0,0,0,8.51450446741515e-06,1.95977602735337e-05,0,0,0,2.12735247802047e-05,0.00685892118321418,1.25843787228262e-05,0,0,0,0,0,0,0,0,2.68429749556096e-06,0,0.000521608702540369,0,3.8525321646326e-05,0,0.0679964172678003,0.000754745448720844,0.00931879158367116,0,0.00951926163992678,0.000710698912430247,0.00112702305936819,7.60500411100375e-05,0
0,0,1.95710439038275e-05,0,9.07315971920544e-05,0,0,0,0,0,0,0,0,0,0,0,3.34356288234976e-05,1.05694857541144e-05,0.000617863078492929,0,0.00259459522257765,0,0,0,0,0,0,0,0,0,0,2.79961063534399e-06,0.00633283715560199,0,0.00346580585074213,0.000505762218705405,0,0,0.00894022273070274,0,0.000171948505765139,1.26752977392592e-05,0.000552982943193129,0,7.28110123040879e-06,5.22569877956782e-06,0.000661620031938644,0.000478289131701605,3.73880235667429e-05,0,0.000440609848445787,0,0,0,2.70378520428132e-05,0,9.88406425546816e-05,0,1.03069704184664e-05,0,0,0,0,0.00349587565354521,0,0,0,0,0,0,0,0,0,1.97862616229067e-05,0,0.00198780213371048,0,0.00340104585735648,0.000344190719065924,0.0821948971193619,0,0.00101793547467502,0.00933005195934791,0.00203008170954067,0.00168747500813924,0,0.000321196634269737
0,6.45682219758243e-05,0,7.13934263389367e-06,0,0,0,0,0,0.000348751733452377,0,0.00826415940114458,0,0,0,0,1.02171963972928e-06,8.45386846923984e-06,8.14487238237668e-05,0.00642976776702138,0,0.00550991003062048,0,0.00280830138594271,0,0,0,0,0,0.000248724110458787,0,0,0,0.00283068291775539,0.00163646492120046,0.0078864831564901,0,0,0.00285051230078708,0,0,5.36795793334725e-05,8.70175210703947e-06,2.94104519320357e-06,0,0.000800039426735142,0,0.00609613916978565,0,0.00150484712180783,0,0,0,0,0,0.000152393888352622,0,0.004695713909982,0,0,0,0,0.00362549621401585,0,0.000968952763954902,0,0.00208497676362221,0,3.33607381520765e-05,0,4.94176560011692e-05,0,0.000233153753719656,0,0,0,0,0,0.00802789850709164,0,0.052971330638954,0.000254986360619006,0.00506858666179701,0.000684144652724551,0.00159993182314697,2.36185372101252e-05,0
0,0,2.14452559313543e-06,0,0,0,0,0,0.000291651769599688,0,0.00389827895867914,0,0,0,0,0,1.70077037280411e-06,0,0.000321291677966747,0,0.00291350945556961,0,0.00611109865043233,0,0.00325569614771059,0,0,0,2.10779425598986e-05,0,0.00156120624395261,0,0,0.00235441334454578,0.00436706216337352,7.59199739024221e-05,0.00894022273070274,0.00285051230078708,0,0,0.000110004515014763,0,0.00022908135203876,0,1.6333755759291e-05,1.31273247712847e-05,0.000252924850379806,0.00387174676427043,0.0125008872825861,2.10614984031511e-06,0,0,0,0,0.00177783438561521,0,0.00031839170017505,0,0,0,0,0,0,0.00162198174006916,0,0.000414201016562269,0,5.10671880717478e-05,0,0,0,7.29114780976094e-06,0,3.04069199046353e-05,0,0,0,0.0011775447170278,1.40578650141854e-06,0.00610250045694524,4.95528067723638e-05,0.0705719658238431,0.00381723403551798,0.000811278439857741,0.00198347161997946,0,0.000135252814715318
0,0.000581284906734829,0,0.00126892822681805,0,0.000108875999890824,0,0,0,0,0,0,0,0,0,0,0.000563446067230497,0.000294629006416962,0.0214795184500022,0,0,0,0,0,0,0,0.000112717106473515,0,0,0,0,0,3.57797235885362e-05,0,0,0.00101436148604136,0,0,0,0,0.000411591329309833,0.0408746459288779,0.000478198106255913,0.00578956105169768,2.22090226961289e-05,0.0256785570915648,0.00026784193350128,0.00968739959029475,0,0.0859731791298591,0,0.000409710798414684,0,0,0,0.000115902917604865,0,0.000287947293039979,0,0.000110789341207201,0,0.000131021691263319,0.00105724512842263,6.75059047233254e-05,0,0,0,0,0,0,0,0,0.00141012095012305,0,0,0,0,0,0.00330312219419192,2.45540785987026e-05,0.000271759868577268,0,0.000776371666483527,0,0.0299004522609302,0.0130095710257453,0.000393351539989192
0.00022134786453433,0,0.00108334230096877,9.61891182603963e-05,2.22142865485001e-05,0,0,0,0,0,0,0,0,0,0,0,0.000881064604212502,0.000515467451596575,0.0387452365416326,0,5.56082053622007e-05,0,0,0,0,0,0,0,0,0,0,0,0,0,0,0,0.000171948505765139,0,0.000110004515014763,0.000411591329309833,0,0.00023920646416308,0.0872184912554578,0.000172988838284573,0.00727710748148089,0.00290420708706695,0.0163831644541305,0.000671158648024173,0.00444619983072228,0.000121578169745189,0.000182567794432382,0,0,0,0.000237885574114927,0,0.0013237884445206,0,0,0,0,2.2247056540653e-05,0.000278567634877451,0.00460920546875524,0,0,0,0,0,0,0,0,0.000162902945821296,0.00124881817629342,0,0,0,0.000174050530034974,0.000189821229228697,0.00233485616967635,1.63124945065503e-05,0.000250225508337188,0.00113548916196045,0,0.0438386851806574,0,0.0204464196433031
0,0.0116678896830492,1.5029369559794e-05,0.00503644662652653,0,0,0,0,0,0.000536646115552621,0,8.2427001253384e-05,0,0,0,0,0.000351229446988424,0.00028712641129611,0.0303941431764279,0,0,0,0,0,2.95621198283043e-05,0,0,0,0,0,0,0,0,0,0,0.000156353609350716,1.26752977392592e-05,5.36795793334725e-05,0,0.0408746459288779,0.00023920646416308,0,0.0119760655626892,0.00731712925768796,4.47214501978826e-05,0.0543376851323408,0.000441257989994621,0.000619588834302035,0,0.0704904596477198,0,0.000422938367636076,0,0,0,0.00011057510552948,1.40553200768848e-05,0.00173449420699707,0,0,0,0.000927021971234036,0.0148441259909092,0.000174577201627146,0,0,0,0,0,0,0.000529856164595832,0,0.0397174822271752,1.30546039465831e-05,0,0,0,0,0.00527485226093852,0.000157821931226943,0.00258815252265126,3.22654204497007e-05,0.00819738850870113,1.16932661866746e-05,0.105394495294145,0.0216813755791415,0.000657634599888218
0.000953812075019148,0,0.00966233135547032,8.43199005259922e-05,3.99090988614843e-05,0,0,0,0.000262209463883537,0,0,0,0,0,0,0,0.00031414221456166,0.000147801798007001,0.032578393293712,0,2.04484282067952e-05,0,0,0,0,0,0,0,0,0,0,0,0,0,0,1.35465547887841e-05,0.000552982943193129,8.70175210703947e-06,0.00022908135203876,0.000478198106255913,0.0872184912554578,0.0119760655626892,0,6.69686628183679e-05,0.00828868104643025,0.00195585965542701,0.0201785039525478,0.00756918234166607,0.014833523295338,3.121945673619e-05,0.000891632827443823,0,0,0,0.00392620574522702,0,0.0382290513060446,0,4.65163581867659e-05,0,0.000357919659767421,0,0.000223830200935084,0.00297749594292354,0,0,0,0,0,0,2.96622124801662e-05,0,0.000299390915157323,0.0415372129938148,0,0,0,0.00033769664831412,0.000146684148700838,0.00842705445234583,1.76439853362633e-05,0.00132604646343018,0.00557046111595504,8.6217333516771e-06,0.104334591956469,2.97844465976804e-05,0.0448777615514293
0,0,0,0.00142448345868743,0,0,0,0,0,0.00021491876982913,0,0,0,0,0,0,0,1.24105285351277e-05,0.004587255369979,0,0,0,0,0,0,0,0,0,0,0,0,0,0,0,0,1.65500744674227e-05,0,2.94104519320357e-06,0,0.00578956105169768,0.000172988838284573,0.00731712925768796,6.69686628183679e-05,0,0.00064185464251125,0.0133997737843031,0.000490871116802002,0,0,0.0012197484306105,0,5.23006620401258e-05,0,0,0,0,0,0.000244720730114271,0,0,0,0,0.00271423845767324,0,0,0,0,0,0,0,0,0,0.00177090936727851,0,0,0,0,0,0.000470436705621482,3.82468718953497e-05,0.000117911882686943,0,0.000284086745432222,0,0.0046773136927438,0.00320567839730064,0.00210036324753923
0,0,0.000315950160234328,0,0,0,0,0,0,0,0,0,0,0,0,0,0,2.44839370000648e-05,0.00293494390157543,0,0,0,0,0,0,0,0,0,0,0,0,0,0,0,0,0,7.28110123040879e-06,0,1.6333755759291e-05,2.22090226961289e-05,0.00727710748148089,4.47214501978826e-05,0.00828868104643025,0.00064185464251125,0,5.62125362117412e-05,0.00257913629301392,0,1.19746928791544e-05,2.02763486805194e-05,0.000720294116632374,0,0,0,0,0,9.69344421050706e-05,0,0,0,0,0,0,0.000328153393982714,0,0,0,0,0,0,0,0,0,6.50640832870059e-05,0,0,0,2.65536860447801e-05,1.63540701747053e-06,0.00049010331351852,2.65378753269985e-05,3.75484048414181e-05,0.000306029348877504,9.76461424085138e-07,0.0046592906831408,0,0.00281099424229275
0,0.000268478168658953,3.36636388638595e-05,0.00244977450081774,0,0.000141644758272898,0,0,0,4.79647507845748e-05,0,0,0,0,0,0,0.00225764152897048,0.00108697887025787,0.0512636269380483,0.000440025296369969,0,0,0,0,2.10908882782085e-05,0,0,0,0,0,0,0,0,0,0,0.000330209636852291,5.22569877956782e-06,0.000800039426735142,1.31273247712847e-05,0.0256785570915648,0.00290420708706695,0.0543376851323408,0.00195585965542701,0.0133997737843031,5.62125362117412e-05,0,0.000879364116899444,0,0,0.00541814720075732,0,0,0,0,0,0,0.000114466883237868,0.00391125890786913,0,0,0,8.42360414122828e-05,0.1003007473101,0.000238963377256799,0,0,0,0,0,0,4.97420086433724e-05,0,0.0122749521213059,1.5463835152951e-05,0,0,0,0,0.0158103662170431,0.000614556616086041,0.00658888944592824,7.36503703552702e-05,0.0018414887709397,9.52227181613176e-07,0.0569257342691917,0.0041193395216032,0.0011241556752972
0,0,0.00160978550570932,1.22741503137642e-05,0,0,0,0,0,0,0,0,0,0,0,0,0.000422104784905274,0.000121779106535654,0.0136464021724971,0,0.00145703565708455,0,0,0,0,0,0,0,0,0,0,0,0,0,0,0,0.000661620031938644,0,0.000252924850379806,0.00026784193350128,0.0163831644541305,0.000441257989994621,0.0201785039525478,0.000490871116802002,0.00257913629301392,0.000879364116899444,0,0.000146031671361031,0.000513211921649147,1.97542344318106e-05,0.000180339948905943,0,0,0,0.00101684783984499,0,0.00971260616678435,0,0,0,2.79249189649765e-05,0,8.76517779407798e-05,0.101303889232498,0,0,0,0,0,0,0,0,3.8217416203356e-05,0.00339010178265391,0,0,0,8.45167044241334e-05,3.60437521942687e-05,0.0172089585903978,0,0.0059842658150272,0.000983117752840002,0,0.0375353404438974,4.45425938790465e-05,0.00239424110899798
0,0,2.45143855604351e-05,0,0,0,0,0,0,0,0,0,0,0,0,0,0,0,1.40735253047265e-05,0,0,0,0,0,0,0,0,0,0,0,0,0.02245928086093,0.0648160276608154,0.0731289677059515,0.0984787612193956,0.000402552480161513,0.000478289131701605,0.00609613916978565,0.00387174676427043,0.00968739959029475,0.000671158648024173,0.000619588834302035,0.00756918234166607,0,0,0,0.000146031671361031,0,0.0935958279965473,0.218648956913972,0,0,0,0,0,0,1.07164827098131e-05,0,0,0,0,0,0,0,0,0,0,0,0,0,0,0,0,0,0.00408861297105995,0.0402920340408029,0.0282592357027673,0.01437198459943,0.00831156375788274,0.00161722940520038,0.00459220094591816,0.00353093077050827,0.00760898704382471,6.71966751248944e-05,0.0172856765101787,3.06397047754444e-05,0
0.0113705433201814,0,0.0114755898171076,0,3.99767609912255e-05,0,0,0,0.00716164959216689,0,0,0,0,0,0,0,0,0,0.000218136100790208,0,0,0,0.00112255535885871,0,0,0,0,0,0,0,0,0,0,0,0.000364494300177931,0,3.73880235667429e-05,0,0.0125008872825861,0,0.00444619983072228,0,0.014833523295338,0,1.19746928791544e-05,0,0.000513211921649147,0.0935958279965473,0,0.000233387933824713,0.000293816269713077,0,0,0,0.00123771587081739,0,0.00198194717587595,0,0,0,4.2066272905965e-05,0,0,3.89909749850124e-05,0,0.00105712214047324,0,0.00141234472619472,0,0.000202877300225814,0,0.000255563315057317,0,0.00515553502296105,0,0.000148548791626107,0,0.00229328099564802,0,0.000185834999936171,0,0.00727543747272164,0.00226744767123129,0,0.035226063774661,0,0.00118101663102028
0,0.0414197044678153,0,0.0331874885146504,0,9.00757955684998e-05,0,0,0,0.00333719201409221,0,0,0,0,0,3.54585971763142e-05,0,8.4070253095485e-06,0.00118561629003364,0,0,0.00477682738278879,0,5.85207860231383e-05,0,0,0,0,0,0,0,0,6.48428675443322e-05,0,0,3.5892203743932e-05,0,0.00150484712180783,2.10614984031511e-06,0.0859731791298591,0.000121578169745189,0.0704904596477198,3.121945673619e-05,0.0012197484306105,2.02763486805194e-05,0.00541814720075732,1.97542344318106e-05,0.218648956913972,0.000233387933824713,0,0,0.000961998099952542,0,0,0,0.00111972204167487,0,0.00214896685484529,0,0,0,0.00649507983078593,0.000169141848354133,0,0.00310656606090195,0,0.000518517672044359,0,0.00756023733971538,0,0.00155606498682398,0,0.0140777480394937,0,2.32469518307787e-05,0,0,0,0.000685919401134159,4.80321196124889e-05,0.000716389349773395,7.68376220468947e-06,0.00549213826168875,2.11851973340525e-06,0.083572476269425,0.00113652440234646,0
0,0,0.00770722187863114,0,0.0228113192385303,0,0,0,0,0,0,0,0,0,0,0,0,0,6.52337841502705e-06,0,0.000352912332282042,0,0,0,0,0,0,0,0,0,0,0,0,0,0,0,0.000440609848445787,0,0,0,0.000182567794432382,0,0.000891632827443823,0,0.000720294116632374,0,0.000180339948905943,0,0.000293816269713077,0,0,0,0,0,0,0,0.0154454137475964,0,0.00393895178365975,0,0.00911286112971654,0,0,0.00319026331954869,0,0,0,0,0,0,0,0,0,0.000173793495319854,0,0,0,0,0,5.09833806289592e-05,0,3.66238428571949e-06,0.000342388907941043,0,0.0106691511541145,0,0.000474545554292754
0,0,0,0.030810893481943,0,0.00122581211326178,0,0,0,0.000172287913344019,0,0,0,0,0,0,0,0,0,0,0,0,0,0,0,0,0,0,0,0,0,0,0,0,0,5.40831138460615e-05,0,0,0,0.000409710798414684,0,0.000422938367636076,0,5.23006620401258e-05,0,0,0,0,0,0.000961998099952542,0,0,0,0,0,0.00285272526582947,0,0.00385441695960659,0,0.00192400049722218,0,0.000826296628911714,0,0,0,0,0,0,0,0,0,0,3.71013195034505e-05,0,0,0,0,0,3.08447601775155e-05,0,0,0,6.48555729322675e-05,0,0.00171303169083718,0,0
0,0,0,0,0,0,0.0296426030134358,0,0,0,0.00018575276772026,0,0,0,0,0,0,0,0,0,0,0,0,0,0,0,0,0,0,0,0,0,0,0,0,0,0,0,0,0,0,0,0,0,0,0,0,0,0,0,0,0,0,0,0,0,0.00597567533629065,0,0,0,0,0,0,0,0,0,0,0,0,0,0,0,0,0,0,0,0,0,0,0,0,0,7.00199188941042e-06,0,0,0,0
0,0,0,0,0,0,0,0.00239211125709748,0,0,0,0,0,0,0,0,0,0,0,0,0,0,0,0,0,0,0,0,0,0,0,0,0,0,0,0,0,0,0,0,0,0,0,0,0,0,0,0,0,0,0,0,0,0,0,0,0,0.0127225250055814,0,0,0,0,0,0,0,0,0,0,0,0,0,0,0,0,0,0,0,0,0,0,0,0,3.49997890225495e-06,0,0,0,0
0.000949517803869235,0,0.0330981984403273,0,0,0,0,0,0.059560229108354,0,0,0,0,0,0.000445739571977372,0,5.38082248157284e-06,0,0.000100541265576091,0,2.41642641695718e-05,0,3.55166444948217e-05,0,0.0227767044180292,0,0.000229479259349262,0,0,0,0,0,0,0,0,0,2.70378520428132e-05,0,0.00177783438561521,0,0.000237885574114927,0,0.00392620574522702,0,0,0,0.00101684783984499,0,0.00123771587081739,0,0,0,0,0,0,0,0.00151453979392038,0,0,0,0.00541355758371484,0,0,0.00019944327225663,0,0,0,0.066844253852668,0,0,0,0,0,0.00181800528463635,0,0,0,0,0,1.67655224698091e-05,0,0.00078638510430857,0.000142380003790395,0,0.020750322932838,0,0.00107667239982641
0,0.0203309808118043,0,0.0057605062588736,0,0,0,0,0,0.0405351262082667,0,0,0,0,0,0.0187383792023957,0,0,0,0,0,0,0,0.0062516881014577,0,0,0,0,0,0,0,0,0,0,0,0,0,0.000152393888352622,0,0.000115902917604865,0,0.00011057510552948,0,0,0,0,0,0,0,0.00111972204167487,0,0.00285272526582947,0,0,0,0,0,2.34837922270074e-05,0,0,0,0.0370829136477961,0,0,0,0,0.145275372392415,0,0,0,0,0,7.18703274350243e-05,0,0,0,0,0,1.21786175208858e-06,0,0.00283050236357286,0,0.000101189186453171,0,0.000165193856772835,0,0
0,0,0.0053596457047277,1.45030202063169e-05,0.000204163898110296,0,0.000260790516992631,0,0.00021587684830486,0,0.0453133739345559,0,0.00544938326722608,0,0,0,2.41796311604293e-05,4.52954078725306e-05,0.00168440922753402,0,0.00365267304962605,0,0,0,0,0,0,0,0.00139918061248135,0,0.0141492744338495,0,0,0,0,8.51450446741515e-06,9.88406425546816e-05,0,0.00031839170017505,0,0.0013237884445206,1.40553200768848e-05,0.0382290513060446,0,9.69344421050706e-05,0.000114466883237868,0.00971260616678435,1.07164827098131e-05,0.00198194717587595,0,0.0154454137475964,0,0.00597567533629065,0,0.00151453979392038,0,0,0,0.00302584567727549,0,0.000873143288858497,0,0,0.0287101102334684,0,0,0,0,0,0,0,0.00796700239237249,0,0.0486549071792561,0,0,0,0,1.88844242324682e-05,0.00100724423216964,0,0.000539283351578115,0.000630994701553667,0,0.0294954293002515,0,0.00630594999369605
0,0.000199317480952794,0,0.00660565569097007,0,0,0,0.0123803725718708,0,0,0,0.0758048878955655,0,2.49166229836072e-05,0,0,0,0,0.000728757330057832,0.0127932401888993,0,0,0,0,0,0,0,0,0,0.000279005036497978,0,0,0,0,0,1.95977602735337e-05,0,0.004695713909982,0,0.000287947293039979,0,0.00173449420699707,0,0.000244720730114271,0,0.00391125890786913,0,0,0,0.00214896685484529,0,0.00385441695960659,0,0.0127225250055814,0,2.34837922270074e-05,0,0,0,0.000370261955239109,0,0.0076586418485124,0.0207890096707362,1.83236018203894e-05,0,0,0,0,0,0,0.000270411598022586,0,0.0207558500629518,0,0,0,0,0,0.000154149098816583,1.06653095930856e-06,0.000108187786704236,0,0.00057038470953155,0,0.00932709556824169,0.000255584784351641,0
0,0,0.000508797682197571,0,0,0,0,0,0,0,0.00251888467069783,0,0.00350742535027337,0,0.000600209911698058,0,0,0,0,0,2.18794139295977e-05,0,0,0,0,0,0,0,0,0,0,0,0,0,0,0,1.03069704184664e-05,0,0,0,0,0,4.65163581867659e-05,0,0,0,0,0,0,0,0.00393895178365975,0,0,0,0,0,0.00302584567727549,0,0,0,0.017096571925669,0,0,0.000134004689771551,0,0,0,0,0,0.00294127218843454,0,0.00106183006719096,0,0,0,0,0,0,0,0,0,0,0.000136395167662606,0,0.000658490312578522,0,0
0,0,0,0.000865752892876082,0,0,0,0.00932261834998248,0,0,0,0.00180862331082235,0,0.0023451882335219,0,0.000459842779993455,0,0,0,0,0,0,0,0,0,0,0,0,0,0,0,0,0,0,0,0,0,0,0,0.000110789341207201,0,0,0,0,0,0,0,0,0,0,0,0.00192400049722218,0,0,0,0,0,0.000370261955239109,0,0,0,0.00191460801557693,0,0,0,0,0,0,0,0,0,0,0,0,0,0,0,0,2.15592755373508e-06,0,0,0,0,0,4.47806751330822e-05,0,0
0,0,0.00239501972005834,0,0.00459077153749869,0,0,0,0.0155361781455981,0,0,0,0.00229922682128914,0,0.0395786772213415,0,3.97915217230822e-05,0,8.96770917312222e-05,0,0,0,0,0,0,0,0,0,0,0,0,0,0,0,0,0,0,0,0,0,0,0,0.000357919659767421,0,0,0,2.79249189649765e-05,0,4.2066272905965e-05,0,0.00911286112971654,0,0,0,0.00541355758371484,0,0.000873143288858497,0,0.017096571925669,0,0,0,0,0,0,0,0,0,0,0.0099597664443966,0,0.000948943365918966,0,9.48612721059163e-05,0,0,0,0,0,0,0,0,0.000133517150912982,0,0.000610042095139042,0,0
0,7.20310956379869e-05,0,0.0472526796286695,0,0,0,0,0,0.00858409810497917,0,0,0,0,0,0.0472852355817267,0,0,0,0,0,0,0,0,0,0,0,0,0,0,0,0,0,0,0,2.12735247802047e-05,0,0,0,0.000131021691263319,2.2247056540653e-05,0.000927021971234036,0,0,0,8.42360414122828e-05,0,0,0,0.00649507983078593,0,0.000826296628911714,0,0,0,0.0370829136477961,0,0.0076586418485124,0,0.00191460801557693,0,0,0,0,0,0,0,0,0.00122239949221431,0,0,0,4.83483589929033e-05,0,0,0,0,0,1.8029861467015e-06,0,0,0,6.30803027946842e-06,0,0.00160762569940151,0,0
0,8.81958026398278e-06,0,1.0624645890113e-05,0,0,0,0,0,0,0,0.0010795786004628,0,0,0,0,0.000289229867602566,0.000116425054892514,0.0042093917015984,0.0811272403231898,0,0,0,0,0,0,0,0,0,0,0,0,0,0,0,0.00685892118321418,0,0.00362549621401585,0,0.00105724512842263,0.000278567634877451,0.0148441259909092,0.000223830200935084,0.00271423845767324,0,0.1003007473101,8.76517779407798e-05,0,0,0.000169141848354133,0,0,0,0,0,0,0,0.0207890096707362,0,0,0,0,0,4.37311205431337e-05,0,0,0,0,0,0,1.74933764387584e-05,0,0.00709466109649408,0,0,0,0,0,0.00390232147573193,6.90192499043786e-05,0.00461456599340788,0,0.00166837681326258,0,0.0489152748125883,0.000164087762835234,0
0,0,6.3930705418696e-05,0,0.000489556270577664,0,0,0,0,0,0.00101519020174419,0,0,0,0,0,0.000135068426137894,6.01505475991538e-05,0.00419888208347366,0,0.0551871935556476,0,0,0,0,0,0,0,0,0,0,0,0,0,0,1.25843787228262e-05,0.00349587565354521,0,0.00162198174006916,6.75059047233254e-05,0.00460920546875524,0.000174577201627146,0.00297749594292354,0,0.000328153393982714,0.000238963377256799,0.101303889232498,0,3.89909749850124e-05,0,0.00319026331954869,0,0,0,0.00019944327225663,0,0.0287101102334684,1.83236018203894e-05,0.000134004689771551,0,0,0,4.37311205431337e-05,0,0,0,0,0,0,0,0,0,6.15697419633276e-05,0.00319542578494286,0,0,0,0,5.34381688261504e-06,0.0121613698604254,0,0.0088583094950889,0.000394398618438246,0,0.0233040980949418,0,0.000507994375311441
0,0,0,0,0,0,0,0,0,0,0,0,0,0,0,0,0,5.514465061117e-05,0,0,0,0.0345838198721317,0.000290663360648838,0.0010559263226907,0,0,0,0.00427295240290688,0,0,0,0,0,0,0,0,0,0.000968952763954902,0,0,0,0,0,0,0,0,0,0,0,0.00310656606090195,0,0,0,0,0,0,0,0,0,0,0,0,0,0,0,0,0.0137916652614916,0,0.0217156147890616,0,0.0018996654690455,0,0,0,0,0,0,0,0,0,0.00883650382031202,0,0.000539722870822542,0.000393868866434777,0,0,0
0,0,0,0,0,0,0,0,2.58244655765006e-05,0,0,0,0,0,0,0,0.0035429932687822,4.67122025587802e-05,0,0,0,0,0.0649130361853418,0,0.00193038109013403,0,0.000153514461815553,0,1.01785344946027e-05,0,0,0,0,0,0,0,0,0,0.000414201016562269,0,0,0,0,0,0,0,0,0,0.00105712214047324,0,0,0,0,0,0,0,0,0,0,0,0,0,0,0,0,0,0,0.000353016107333876,0,0,0,0,0,0,0,0,0,0,0,0,0,0.00880696243598708,0.000355774412594049,5.86659013278475e-06,0,0,0
0,0,0,0,0,0,0,0,0,0.0179328670206933,0,0,0,0,0,0,0,0,0,0,0,0.000507252852438216,0,0.0341227530523026,0,0.00444775278038868,0,0,0,0,0,0,0,0,0,0,0,0.00208497676362221,0,0,0,0,0,0,0,0,0,0,0,0.000518517672044359,0,0,0,0,0,0.145275372392415,0,0,0,0,0,0,0,0,0.0137916652614916,0,0,0,0.0166342238810787,0,0.000991652494733463,0,0,0,0,0,0,0,0,0,0.00950770900854304,0,0.000215521782547918,0,5.06619506892726e-05,0,0
0,0,0,0,0,0,0,0,0.000284350499576203,0,0,0,0,0,0,0,9.40863612262977e-05,5.93976316536748e-05,0,0,0,0,0.00026573196209155,0,0.0672603037571623,0,0.000241571724414277,0,0,0,0,0,0,0,0,0,0,0,5.10671880717478e-05,0,0,0,0,0,0,0,0,0,0.00141234472619472,0,0,0,0,0,0.066844253852668,0,0,0,0,0,0,0,0,0,0,0.000353016107333876,0,0,0,0,0,0,0,0,0,0,0,0,0,0,0,0.000564358914387595,0.000343723900065854,0,4.60809091360141e-05,0,0
0,0,0,0,0,0,0,0,0,0.000125101651065052,0,0,0,0,0,0.000149420986417681,0,0.00563546998474568,0,0,0,0.00065208822885019,0,0.010655650789177,0,0.0233418488556679,0,0.00383567431555788,0,0,0,0,0,0,0,0,0,3.33607381520765e-05,0,0,0,0,0,0,0,0,0,0,0,0.00756023733971538,0,0,0,0,0,0,0,0,0,0,0,0.00122239949221431,0,0,0.0217156147890616,0,0.0166342238810787,0,0,0,0.0231732539324836,0,0,0,0,0,0,0,0,0,1.79520130590624e-05,0,0.000205951682671446,0,0.00132497060505288,0,0
0,0,0,0,0,0,0,0,0,0,0,0,0,0,0.000160223787231525,0,0.00422685998408322,5.88644546859504e-05,0,0,0,0,0.000708456604776013,0,0.0031485710953859,0,0.03504846377076,0,0,0,0,0,0,0,0,0,0,0,0,0,0,0,0,0,0,0,0,0,0.000202877300225814,0,0,0,0,0,0,0,0,0,0.00294127218843454,0,0.0099597664443966,0,0,0,0,0,0,0,0,0,0,0.00334437685370232,0,0,0,0,0,0,0,0,0,0,4.34567221583819e-05,2.10303912318428e-06,0,0,0
0,0,0,0,0,0,0,0,0,0,0,0.000720067610069784,0,0.00474547131663479,0,0,0,0,0,0,0,0.00239703675386937,0,0,0,0,0,0.0378184912219167,0,0.0122149434579609,0,0,0,0,0,0,0,4.94176560011692e-05,0,0,0,0.000529856164595832,2.96622124801662e-05,0,0,4.97420086433724e-05,0,0,0,0.00155606498682398,0,0,0,0,0,0,0,0.000270411598022586,0,0,0,0,1.74933764387584e-05,0,0.0018996654690455,0,0.000991652494733463,0,0.0231732539324836,0,0,0,0.0281871631792948,0,0,0,0,0,0,0,0.00144845871825048,0,0.000353666145560623,0,5.415581592231e-05,0,0
0,0,0,0,0,0,0,0,0,0,0,0,0,0,0,0,0,0,0,0,0,0,0.000129612637399502,0,0,0,0,0,0.00974488352878816,0,0,0,0,0,0,0,0,0,7.29114780976094e-06,0,0,0,0,0,0,0,0,0,0.000255563315057317,0,0,0,0,0,0,0,0.00796700239237249,0,0.00106183006719096,0,0.000948943365918966,0,0,0,0,0,0,0,0,0.00334437685370232,0,0,0,0.0131303241167656,0,0,0,0,0,0,0,0.000535241159846348,4.66184755776608e-05,2.52459474850054e-05,0,0,0
