0,0,0.140208448716847,0,0,0,0,0,0.217773709649172,0,0,0,0,0,0,0,0.217845598969496,0,0.281048375546932,0,0,0,0,0,0,0,0,0,0,0,0,0,0,0,0,0,0,0,0,0,0,0,0.148102797109987,0,0.280445396900177,0,0.31806978225708,0,0.150643140520827,0,0,0,0,0,0.199765594977126,0,0.161112326895818,0,0.190389983355999,0,0.178892231235902,0,0,0.251786887645721,0,0,0,0.252248732107026,0,0,0,0,0,0,0,0,0,0,0,0,0,0,0.196220414337332,0,0.223777035880448,0,0.223818104714155
0,0,0,0.166223085681467,0,0,0,0,0,0.219481481057478,0,0,0,0,0,0.164359436333179,0,0,0.132685787044466,0,0,0,0,0,0,0,0,0,0,0,0,0,0,0,0,0,0,0,0,0,0,0.146483327625162,0,0,0,0,0,0,0,0.182760893614316,0,0,0,0,0,0.184172589177563,0,0.181559167489284,0,0.1621887216717,0,0.184118597768247,0,0,0,0,0,0,0,0,0,0,0,0,0,0,0,0,0,0,0,0,0.122525409738607,0,0.169911118172523,0.118911931291223,0
0.140208448716847,0,0,0,0,0,0,0,0,0,0,0,0,0,0,0,0.25313726067543,0,0,0,0,0,0,0,0,0,0,0,0,0,0,0,0,0,0,0,0,0,0,0,0,0,0,0,0,0,0.275958635977336,0,0.129766240133904,0,0,0,0,0,0.154012569203609,0,0.182939008082429,0,0.184428642193476,0,0.198289226401936,0,0,0,0,0,0,0,0,0,0,0,0,0,0,0,0,0,0,0,0,0,0.174088747663931,0,0.149638041749335,0,0
0,0.166223085681467,0,0,0,0.118242579698563,0,0,0,0.111679424345493,0,0,0,0,0,0,0,0,0,0,0,0,0,0,0,0,0,0,0,0,0,0,0,0,0,0,0,0,0,0.259734662515776,0,0.214764641225338,0.328580439090729,0.19538851454854,0,0.169846865080171,0,0,0,0.217749012841119,0,0,0,0,0,0.147106605711973,0,0,0,0,0,0.0959771348208916,0,0,0,0,0.150925785303116,0,0,0,0,0,0,0,0,0,0,0,0.264751568436623,0,0,0,0.112520424603336,0,0.147795790379594,0,0
0,0,0,0,0,0,0.199902246548579,0,0.201852768659592,0,0,0,0.166287060827017,0,0,0,0,0,0,0,0,0,0,0,0,0,0,0,0,0,0,0,0,0,0,0,0,0,0,0,0,0,0,0,0,0,0,0,0,0,0.185270778925313,0,0.172439706530057,0,0,0,0,0,0,0,0,0,0,0,0,0,0,0,0,0,0,0,0,0,0,0,0,0,0,0,0,0,0.143431329890722,0,0,0,0
0,0,0,0.118242579698563,0,0,0,0.128429625614693,0,0.120495511218905,0,0,0,0,0,0,0,0,0,0.119917811027595,0,0,0,0,0,0,0,0,0,0,0,0,0,0,0,0.122056426399428,0,0,0,0,0,0,0,0,0,0.150638550519943,0,0,0,0,0,0.130351024515489,0,0.111601884663105,0,0,0,0,0,0,0,0,0.117711797356606,0,0,0,0,0,0,0,0,0,0,0,0,0,0,0,0,0,0,0,0.119625502815623,0.108994665245215,0.124828200452227,0,0
0,0,0,0,0.199902246548579,0,0,0,0,0,0.234352871775627,0,0.20430494609632,0,0,0,0,0,0,0,0.136547334727488,0,0,0,0,0,0,0,0,0,0,0,0,0,0,0,0,0,0,0,0,0,0,0,0,0,0,0,0,0,0.209073023166921,0,0.166533477567322,0,0,0,0.169205302267932,0,0.176660671830177,0,0,0,0,0.152006462520483,0,0,0,0,0,0,0,0,0,0,0,0,0,0,0,0,0,0,0.194961630078388,0.22748285688852,0,0,0
0,0,0,0,0,0.128429625614693,0,0,0,0,0,0,0,0,0,0,0,0,0,0,0,0,0,0,0,0,0,0,0,0,0,0,0,0,0,0,0,0,0,0,0,0,0,0,0,0,0,0,0,0,0,0.201755081208385,0,0.177416992404603,0,0,0,0,0,0.172639108366436,0,0,0,0,0,0,0,0,0,0,0,0,0,0,0,0,0,0,0,0,0,0,0.10650028856629,0,0,0,0
0.217773709649172,0,0,0,0.201852768659592,0,0,0,0,0,0,0,0.155009210109711,0,0.143329284262735,0,0.174252436701305,0,0.216424115908307,0,0,0,0,0,0.236254739933289,0,0.165943415462971,0,0,0,0,0,0,0,0,0,0,0,0,0,0.158340662717819,0,0.163994201440965,0,0,0,0,0,0.20575188845396,0,0,0,0,0,0.175567096520133,0,0,0,0.15791120322851,0,0.15873617064027,0,0,0.220900781452656,0,0,0,0.197525505540949,0,0.151995422691107,0,0,0,0.208501674234867,0,0,0,0,0,0,0,0.202500556906064,0.207936067780095,0.177266615132491,0.223723807563278,0,0.175446173442262
0,0.219481481057478,0,0.111679424345493,0,0.120495511218905,0,0,0,0,0,0,0,0,0,0.153349521494395,0,0.140945864002781,0.191533431924623,0,0,0,0,0.193307509124279,0,0.132980204111821,0,0,0,0,0,0,0,0,0,0,0,0.243138743134645,0,0,0,0.160355448190655,0,0,0,0,0,0,0,0.191674102021723,0,0,0,0,0,0.22484465027008,0,0.180596083402634,0,0.172568819102119,0,0.163567918870184,0,0,0,0,0.17603751477124,0,0.133461266756058,0,0,0,0,0,0.299214869737625,0,0.29932889342308,0,0,0,0.241443315148354,0,0.151272029546907,0.160175801979171,0.205920279863848,0.164870218119838,0
0,0,0,0,0,0,0.234352871775627,0,0,0,0,0,0.185030858855224,0,0,0,0,0,0,0,0.150981309905924,0,0,0,0,0,0,0,0,0,0.157323763621124,0,0,0,0,0,0.13038522976896,0,0.187111002754192,0,0,0,0,0,0,0,0,0,0,0,0,0,0.183129833356754,0,0,0,0.166026159979954,0,0.185530236179608,0,0,0,0,0.182587102428079,0,0,0,0,0,0,0,0,0,0.216860909813217,0,0,0,0,0,0.130972858485588,0,0.192100175119735,0.176772193432481,0.187148643676007,0.404969831307729,0,0
0,0,0,0,0,0,0,0,0,0,0,0,0,0.187914130091667,0,0,0,0,0,0.192096537862505,0,0,0,0,0,0,0,0,0,0,0,0,0,0,0,0.174701532615083,0,0.171146280748743,0,0,0,0,0,0,0,0.226406663656235,0,0,0,0.221356261521578,0,0,0,0,0,0,0,0.190278096196068,0,0.207391649484634,0,0,0.191324819778574,0,0,0,0,0,0.166268855333328,0,0.198494177546587,0,0.210797816105187,0,0,0,0,0,0.171964781667223,0,0.183425753386979,0,0.162141555547714,0,0,0,0
0,0,0,0,0.166287060827017,0,0.20430494609632,0,0.155009210109711,0,0.185030858855224,0,0,0,0.154843783449559,0,0.153747029602528,0,0,0,0,0,0,0,0,0,0,0,0.176578005970414,0,0,0,0,0,0,0,0,0,0,0,0,0,0,0,0,0,0,0,0,0,0,0,0.214745260775089,0,0.15407383441925,0,0.176209366381168,0,0.20382492924485,0,0.154571535331862,0,0,0,0,0,0,0,0,0,0,0.18483354896307,0,0,0,0,0,0,0,0,0,0,0.195006715085531,0.192264080187744,0,0,0
0,0,0,0,0,0,0,0,0,0,0,0.187914130091667,0,0,0,0.132507130503654,0,0,0,0,0,0,0,0,0,0,0,0,0,0,0,0,0,0,0,0,0,0,0,0,0,0,0,0,0,0,0,0,0,0,0,0,0,0,0,0,0,0.182584575244359,0,0.158445847247328,0,0,0,0,0,0,0,0,0.144040450453758,0,0.181847658103857,0,0,0,0,0,0,0,0,0,0,0,0,0,0,0,0
0,0,0,0,0,0,0,0,0.143329284262735,0,0,0,0.154843783449559,0,0,0,0.159704743818918,0,0,0,0,0,0,0,0,0,0.179586477577686,0,0.184786713549069,0,0,0,0,0,0,0,0,0,0,0,0,0,0,0,0,0,0,0,0.167289197444916,0,0,0,0,0,0.15469481721843,0,0.154620266304566,0,0.15311130265575,0,0.175411456870241,0,0,0,0,0,0,0.193488785198757,0,0.162345953285694,0,0.189443629235029,0,0,0,0,0,0,0,0,0,0,0.149863122357536,0.193910544738173,0.21323561668396,0,0
0,0.164359436333179,0,0,0,0,0,0,0,0.153349521494395,0,0,0,0.132507130503654,0,0,0,0.130070483770923,0,0,0,0,0,0.17523788030331,0,0.122252386786155,0,0,0,0,0,0,0,0,0,0,0,0,0,0,0,0,0,0,0,0,0,0,0,0.149784982204437,0,0,0,0,0,0.13453283905983,0,0.194032646715641,0,0.169926125635492,0,0.165121822137582,0,0,0,0,0.171129088075656,0,0,0,0,0,0,0,0,0,0,0,0,0,0,0,0.174232226670594,0.178350135684013,0.15093844383955,0,0
0.217845598969496,0,0.25313726067543,0,0,0,0,0,0.174252436701305,0,0,0,0.153747029602528,0,0.159704743818918,0,0,0.13291972128435,0.21505733454095,0,0,0,0.170542813009686,0,0.183993257853666,0,0.159398552949825,0,0.156054601122771,0,0,0,0,0,0,0,0,0,0,0,0.208473488688469,0,0.191629222676724,0,0.213053180111779,0,0,0,0,0,0,0,0,0,0.16725858970899,0,0.231787443161011,0,0.15156037554349,0,0.154770300930573,0,0,0,0,0.157755249797708,0,0.176521188269059,0,0.150013958802447,0,0.156064341847713,0,0,0,0,0,0,0,0.184340238571167,0,0.214012175798416,0.160534186636829,0.140466040346845,0.248425120451571,0,0.194045569090282
0,0,0,0,0,0,0,0,0,0.140945864002781,0,0,0,0,0,0.130070483770923,0.13291972128435,0,0.203439489885166,0,0,0.172187268733978,0,0.167233213871008,0,0.126629133570386,0,0,0,0,0,0,0,0,0,0,0,0,0,0,0,0,0,0,0,0,0,0,0,0,0,0,0,0,0,0.135317427416643,0,0,0,0,0,0.126942856186951,0,0,0.160473629832268,0,0.160192029945778,0,0.14109582375539,0,0,0,0,0,0,0,0,0,0,0,0,0,0.145102619242218,0.146416315010616,0,0,0
0.281048375546932,0.132685787044466,0,0,0,0,0,0,0.216424115908307,0.191533431924623,0,0,0,0,0,0,0.21505733454095,0.203439489885166,0,0,0,0,0,0.167368901403327,0,0,0,0,0,0,0,0,0,0,0,0,0,0.162762906816271,0,0.214983121344918,0.15260914961497,0.238874780763129,0.161726810295129,0.300393603986712,0.192628851668401,0.266720019330914,0.222957704216242,0.238005183637142,0.218478677173456,0.217703980478373,0,0,0,0,0.192113045603037,0.232309402690993,0,0,0,0,0,0,0,0.218808630650694,0,0,0.167954156796137,0,0,0,0,0,0,0.185665996745229,0,0,0,0,0.22220784612,0,0.165661989400784,0.201332976669073,0.201658838004911,0.148541430632273,0.230316455162307,0.27882741618098,0.167186498184877
0,0,0,0,0,0.119917811027595,0,0,0,0,0,0.192096537862505,0,0,0,0,0,0,0,0,0,0,0,0,0,0,0,0,0,0,0,0,0,0,0,0.154294464717113,0,0.169999461182777,0,0.192437652498484,0,0,0,0,0,0.181484919786453,0,0,0,0.215654820203781,0,0,0,0,0,0,0,0.204680376065274,0,0,0,0,0.16262293972295,0,0,0,0,0,0,0,0.216663520825043,0,0.224483255002844,0,0,0,0,0,0.161750447212819,0,0.190980749415315,0,0.138843816007415,0,0.140510890567512,0,0
0,0,0,0,0,0,0.136547334727488,0,0,0,0.150981309905924,0,0,0,0,0,0,0,0,0,0,0,0,0,0,0,0,0,0,0,0.29922841820452,0,0,0,0,0,0.16251786603921,0,0.245588207958227,0,0,0,0.364044100046158,0,0,0,0.275087130739707,0,0,0,0,0,0.17424839341806,0,0,0,0.170480263884795,0,0,0,0,0,0,0.240611814382394,0,0,0,0,0,0,0,0,0,0.30649252815379,0,0,0,0,0,0.205047615976382,0,0.280142096038231,0.135608527905518,0,0.311391998743338,0,0
0,0,0,0,0,0,0,0,0,0,0,0,0,0,0,0,0,0.172187268733978,0,0,0,0,0.126288524005868,0.175267333785693,0,0.177239707360665,0,0.170185557855614,0,0,0,0,0,0,0,0,0,0.172567178917792,0.131608435443138,0,0,0,0,0,0,0,0,0,0,0.219544411090941,0,0,0,0,0,0,0,0,0,0,0,0,0,0,0.171618005133839,0.138738366377685,0,0,0,0,0.158336977402751,0,0,0,0,0,0,0,0,0,0.147635058495342,0.14643481029914,0.152199881863578,0.156713789580642,0,0,0
0,0,0,0,0,0,0,0,0,0,0,0,0,0,0,0,0.170542813009686,0,0,0,0,0.126288524005868,0,0,0,0,0.151480786502361,0,0.170793414115906,0,0,0,0,0,0,0,0,0.135303928647652,0.147490865189973,0,0,0,0,0,0,0,0,0,0.187775803854068,0,0,0,0,0,0,0,0,0,0,0,0,0,0,0,0.121958662026119,0.157001541585955,0,0,0,0.162527495622635,0,0.151820771676558,0,0,0,0,0,0,0,0,0,0.156762202563218,0.153270413886067,0.158053392036395,0,0,0
0,0,0,0,0,0,0,0,0,0.193307509124279,0,0,0,0,0,0.17523788030331,0,0.167233213871008,0.167368901403327,0,0,0.175267333785693,0,0,0,0.168664961353244,0,0,0,0,0,0.312838673591614,0,0.297237083315849,0,0,0,0.271094642930171,0,0,0,0,0,0,0,0,0,0.362258938141167,0,0.28781760590417,0,0,0,0,0,0.176238910041072,0,0,0,0.185882609337568,0,0.175625238869641,0,0,0.184137246438435,0,0.196534604876275,0,0.197919434734753,0,0,0,0,0,0.294714123010635,0,0.270724110982635,0,0,0,0.236376710483509,0,0.197868864411957,0.285964637994766,0.175120364342417,0,0
0,0,0,0,0,0,0,0,0.236254739933289,0,0,0,0,0,0,0,0.183993257853666,0,0,0,0,0,0,0,0,0,0.204988084733486,0,0,0,0,0,0,0,0,0,0,0,0.152072068924705,0,0,0,0,0,0,0,0,0,0.160650566220284,0,0,0,0,0,0.265915626432838,0,0,0,0.205103889107704,0,0.188546571135521,0,0,0,0,0,0,0.157043657352326,0,0.177515862492069,0,0,0,0,0,0,0,0,0,0,0,0.148448108842498,0.230445199232135,0,0.23965947329998,0,0
0,0,0,0,0,0,0,0,0,0.132980204111821,0,0,0,0,0,0.122252386786155,0,0.126629133570386,0,0,0,0.177239707360665,0,0.168664961353244,0,0,0,0.169217714818857,0,0,0,0,0,0,0,0,0,0,0,0,0,0,0,0,0,0,0,0,0,0,0,0,0,0,0,0,0,0,0,0,0,0.13854322610078,0,0,0.214707565804323,0,0.177472543155793,0,0.181150257924959,0,0.190167217382363,0,0,0,0,0,0,0,0,0,0,0,0.153648531745847,0.13298037648201,0,0,0
0,0,0,0,0,0,0,0,0.165943415462971,0,0,0,0,0,0.179586477577686,0,0.159398552949825,0,0,0,0,0,0.151480786502361,0,0.204988084733486,0,0,0,0.150037291388099,0,0,0,0,0,0,0,0,0,0,0,0,0,0,0,0,0,0,0,0,0,0,0,0,0,0.181345443427563,0,0,0,0,0,0.172411575913429,0,0,0,0,0.146898360021653,0,0.162658076091059,0,0.167478239924245,0,0.14295140562617,0,0,0,0,0,0,0,0,0,0,0.177623800744739,0,0,0,0
0,0,0,0,0,0,0,0,0,0,0,0,0,0,0,0,0,0,0,0,0,0.170185557855614,0,0,0,0.169217714818857,0,0,0,0.206380008232026,0,0,0,0,0,0,0,0.171222258359194,0,0,0,0,0,0,0,0,0,0,0,0,0,0,0,0,0,0,0,0,0,0.156369276344776,0,0,0,0,0.142698782267141,0,0,0,0.186079710569917,0,0.166938737258933,0,0.211513261845771,0,0,0,0,0,0,0,0.167936120791869,0,0.196704516356642,0,0,0,0
0,0,0,0,0,0,0,0,0,0,0,0,0.176578005970414,0,0.184786713549069,0,0.156054601122771,0,0,0,0,0,0.170793414115906,0,0,0,0.150037291388099,0,0,0,0.190124164038094,0,0,0,0,0,0,0,0.184408573806286,0,0,0,0,0,0,0,0,0,0,0,0,0,0,0,0,0,0.185067047675451,0,0.167255252085883,0,0.182377462585767,0,0,0,0,0.179016665494355,0,0,0,0.145518274108569,0,0.172731735042601,0,0.172091510615062,0,0,0,0,0,0,0,0.175386702020963,0.172961112330942,0.181493104882886,0,0,0
0,0,0,0,0,0,0,0,0,0,0,0,0,0,0,0,0,0,0,0,0,0,0,0,0,0,0,0.206380008232026,0,0,0,0,0,0,0,0,0,0.15473634409053,0,0,0,0,0,0,0,0.206425540149212,0,0,0,0,0,0,0,0,0,0,0,0.209470713245017,0,0,0,0,0.204782918095589,0,0,0,0,0,0,0,0.164745007242475,0,0.200808181009367,0,0,0,0,0,0.204997569322586,0,0.16186053530934,0,0,0,0,0,0
0,0,0,0,0,0,0,0,0,0,0.157323763621124,0,0,0,0,0,0,0,0,0,0.29922841820452,0,0,0,0,0,0,0,0.190124164038094,0,0,0,0,0,0,0,0,0,0.169247673929545,0,0,0,0,0,0,0,0,0,0,0,0,0,0,0,0,0,0.213411495740553,0,0,0,0,0,0,0.306217759847641,0,0,0,0,0,0,0,0.187924963769083,0,0.181568293894821,0,0,0,0,0,0,0,0.181791566330801,0.151748469074567,0.136560400758964,0.379806887358427,0,0
0,0,0,0,0,0,0,0,0,0,0,0,0,0,0,0,0,0,0,0,0,0,0,0.312838673591614,0,0,0,0,0,0,0,0,0.318005965190863,0.324187713004914,0.257620066036413,0.162379224412943,0.143898456950079,0.297289674932306,0,0,0,0,0,0,0,0,0,0.298306596645138,0.265152347775606,0.135653319800722,0,0,0,0,0,0,0,0,0,0,0,0,0,0,0,0,0,0,0,0,0,0,0,0,0.268110301480302,0.275041826449678,0.296170121707798,0,0.243133654140438,0.419519278438801,0.227930364700464,0.274008482694626,0.25506248469833,0.294096708297729,0,0,0
0,0,0,0,0,0,0,0,0,0,0,0,0,0,0,0,0,0,0,0,0,0,0,0,0,0,0,0,0,0,0,0.318005965190863,0,0.291311422232972,0.241988253144045,0.267741284842761,0.152683541419045,0.249186118443807,0,0,0.202127058591161,0,0,0,0,0,0,0.37270623617645,0.227232363961992,0,0,0,0,0,0,0,0,0,0,0,0,0,0,0,0,0,0,0,0,0,0,0,0,0,0.374673232330248,0.282812181677745,0.368752117667879,0.253631969292959,0.329871672521366,0.348548328028622,0,0,0.148359439390547,0,0,0,0
0,0,0,0,0,0,0,0,0,0,0,0,0,0,0,0,0,0,0,0,0,0,0,0.297237083315849,0,0,0,0,0,0,0,0.324187713004914,0.291311422232972,0,0.311833301028917,0.223403932683998,0.156527310854099,0.244455252746506,0,0.267990693449974,0,0.274333938617598,0.369928807020187,0,0,0.295222815126181,0,0.420153633251025,0.364620983600616,0.276964807739625,0,0,0,0,0,0,0,0,0,0,0,0,0.260026127099991,0,0,0,0,0,0,0,0,0,0.29131411589109,0,0.352005243728359,0,0.280947981373824,0.170626975468002,0.259987467552955,0.355821493081748,0.314367182533336,0.183229068421429,0.220287218609805,0.231493489778772,0.307681530714035,0.340231768109582,0
0,0,0,0,0,0,0,0,0,0,0,0,0,0,0,0,0,0,0,0,0,0,0,0,0,0,0,0,0,0,0,0.257620066036413,0.241988253144045,0.311833301028917,0,0.315015420228952,0.180441197752953,0.191544949511687,0.177038477814716,0.289548456668854,0.281626178459688,0.292303290138853,0,0,0,0.314021661877632,0,0.323493895867399,0.340703274309635,0.25737871825695,0,0,0,0,0,0,0,0,0,0,0,0,0.277656510472298,0,0,0,0,0,0,0,0,0,0.290788412094116,0,0.318811224566566,0.258815838858999,0.363033084573651,0.181927139197529,0.325821122910717,0.325997404677352,0.355033895955883,0.250983006823908,0.171742139902057,0.196563912735831,0.328192642644832,0.363529418195997,0
0,0,0,0,0,0.122056426399428,0,0,0,0,0,0.174701532615083,0,0,0,0,0,0,0,0.154294464717113,0,0,0,0,0,0,0,0,0,0,0,0.162379224412943,0.267741284842761,0.223403932683998,0.315015420228952,0,0.155552084843318,0.185240304085306,0,0,0,0,0,0,0,0.166554622925245,0,0.252088866142369,0.180583223700523,0.296493809956771,0,0,0,0,0,0,0,0,0,0,0,0,0.15408040523098,0,0,0,0,0,0,0,0,0,0.215977981686592,0,0.183994085331669,0.26249862825575,0.208071158858397,0.268204560824509,0.173846361042566,0.184594362830194,0.196040392280444,0,0.160692073371967,0.136139091013408,0.13083789330356,0,0
0,0,0,0,0,0,0,0,0,0,0.13038522976896,0,0,0,0,0,0,0,0,0,0.16251786603921,0,0,0,0,0,0,0,0,0,0,0.143898456950079,0.152683541419045,0.156527310854099,0.180441197752953,0.155552084843318,0,0,0.154303643833466,0,0.151102684639596,0,0.194155130535364,0,0,0,0,0.131822038229023,0.180760534746306,0,0,0,0,0,0,0,0,0,0,0,0,0,0,0.155859804791127,0,0,0,0,0,0,0,0,0,0,0,0.153059663612451,0,0.207412413549873,0.151647217450588,0.172975177521812,0,0.179747099423252,0.151719411645454,0.140165243368104,0.203954568018719,0,0.224654480814934
0,0,0,0,0,0,0,0,0,0.243138743134645,0,0.171146280748743,0,0,0,0,0,0,0.162762906816271,0.169999461182777,0,0.172567178917792,0.135303928647652,0.271094642930171,0,0,0,0.171222258359194,0,0.15473634409053,0,0.297289674932306,0.249186118443807,0.244455252746506,0.191544949511687,0.185240304085306,0,0,0.158844739710679,0.230820246040821,0,0.22815376194194,0.339478150010109,0,0,0.257800667484601,0,0.437358129067325,0,0.240134965096201,0,0,0,0,0,0.257115462174018,0,0.168644951035579,0,0,0,0,0.166607196209952,0,0.177935858582905,0.126036267727613,0.28353533834692,0,0,0,0,0,0.163320973515511,0,0.288302987500241,0,0.258812106713759,0.182345060522065,0.210090640591227,0,0.190970573992887,0.179157478524676,0.228660051143947,0.220133704798562,0.246050676629867,0.340244859457016,0
0,0,0,0,0,0,0,0,0,0,0.187111002754192,0,0,0,0,0,0,0,0,0,0.245588207958227,0.131608435443138,0.147490865189973,0,0.152072068924705,0,0,0,0.184408573806286,0,0.169247673929545,0,0,0,0.177038477814716,0,0.154303643833466,0.158844739710679,0,0,0,0,0.294951856136322,0,0,0,0.301573731005192,0,0.287578259905179,0,0,0,0,0,0,0,0.189822818252666,0,0,0,0,0,0,0.304985717381581,0.126594265432734,0.149531167026953,0,0.210317716399829,0,0,0,0.179096780924333,0,0.177453492084169,0,0,0,0.174823289944066,0,0.165057143629539,0.160745099832223,0.168406592636574,0.139206407298803,0.151811110654048,0.347968325184451,0,0.292702436447144
0,0,0,0.259734662515776,0,0,0,0,0,0,0,0,0,0,0,0,0,0,0.214983121344918,0.192437652498484,0,0,0,0,0,0,0,0,0,0,0,0,0,0.267990693449974,0.289548456668854,0,0,0.230820246040821,0,0,0,0.254568348311964,0.205666276461938,0.300366095878595,0.228805787861347,0.236680444337296,0.177895843982697,0.224151049783597,0,0.211693989457378,0,0,0,0,0,0,0,0.265964837196995,0,0,0,0,0.252985761153932,0,0,0,0,0,0,0,0,0,0.24534413393806,0,0,0,0.261071234941483,0,0.184206508394249,0,0.244020944481255,0,0.220712525019714,0,0.252134667119573,0.285129389979623,0
0,0,0,0,0,0,0,0,0.158340662717819,0,0,0,0,0,0,0,0.208473488688469,0,0.15260914961497,0,0,0,0,0,0,0,0,0,0,0,0,0,0.202127058591161,0,0.281626178459688,0,0.151102684639596,0,0,0,0,0,0.217267111808843,0,0,0,0.172282243583659,0.272024203839008,0.262609368926344,0,0,0,0,0,0,0,0,0,0,0,0,0,0,0.170763395183283,0,0,0,0,0,0,0,0,0,0.179107278585434,0,0.234399554630121,0,0,0,0.182271934021717,0,0.245989486345878,0.385731584259442,0,0.253378709005651,0,0.172948667407036
0,0.146483327625162,0,0.214764641225338,0,0,0,0,0,0.160355448190655,0,0,0,0,0,0,0,0,0.238874780763129,0,0,0,0,0,0,0,0,0,0,0,0,0,0,0.274333938617598,0.292303290138853,0,0,0.22815376194194,0,0.254568348311964,0,0,0.179961888966633,0.297288947400337,0.152011748154958,0.253307598943267,0.197857737541199,0.296209556565704,0.290901304947005,0.231874211678311,0,0,0,0,0,0.20089970715344,0,0.266841581150105,0,0,0,0,0.262626529285094,0,0,0,0,0,0,0,0.294177005688349,0,0.325727677539639,0,0,0,0.283305717433024,0.302004218101501,0.275385250074292,0,0.31392120029323,0,0.232471910188906,0.174516953527927,0.255867056969532,0.253876162228056,0.300425142049789
0.148102797109987,0,0,0.328580439090729,0,0,0,0,0.163994201440965,0,0,0,0,0,0,0,0.191629222676724,0,0.161726810295129,0,0.364044100046158,0,0,0,0,0,0,0,0,0,0,0,0,0.369928807020187,0,0,0.194155130535364,0.339478150010109,0.294951856136322,0.205666276461938,0.217267111808843,0.179961888966633,0,0.216583536937833,0.172735863172976,0.20687379199883,0.239017363734196,0.354372639265762,0.344416795154897,0.240263969230431,0,0,0,0,0.145381538197398,0,0.241026634740275,0.296416101547388,0,0,0,0,0.283503943433364,0.25230369990385,0,0,0,0.230458647012711,0,0,0,0,0.26553025841713,0.21489461839764,0,0,0,0,0.220424392819405,0.173036853180212,0.316672101616859,0.211975168585777,0.283484493031069,0.180825801566243,0.218364995355918,0.195225190175207,0.147464311074304
0,0,0,0.19538851454854,0,0,0,0,0,0,0,0,0,0,0,0,0,0,0.300393603986712,0,0,0,0,0,0,0,0,0,0,0,0,0,0,0,0,0,0,0,0,0.300366095878595,0,0.297288947400337,0.216583536937833,0,0,0.281680398443098,0,0.308508750796318,0,0.276307176636613,0,0,0,0,0,0,0,0,0,0,0,0,0.27597188949585,0,0,0,0,0,0,0,0,0,0.341420451800029,0,0,0,0,0,0.327092930350615,0,0.348445882399877,0,0.287353436951587,0.206791430711746,0.279524335821628,0.306555646437186,0
0.280445396900177,0,0,0,0,0,0,0,0,0,0,0,0,0,0,0,0.213053180111779,0,0.192628851668401,0,0,0,0,0,0,0,0,0,0,0,0,0,0,0,0,0,0,0,0,0.228805787861347,0,0.152011748154958,0.172735863172976,0,0,0,0.265739297866821,0,0,0.189974921941757,0,0,0,0,0,0,0,0,0,0,0,0,0,0,0,0,0,0,0,0,0,0,0,0,0,0,0,0,0.216270551085472,0,0,0,0.19325517510113,0,0.237210770495809,0,0.143119048327208
0,0,0,0.169846865080171,0,0.150638550519943,0,0,0,0,0,0.226406663656235,0,0,0,0,0,0,0.266720019330914,0.181484919786453,0,0,0,0,0,0,0,0,0,0.206425540149212,0,0,0,0.295222815126181,0.314021661877632,0.166554622925245,0,0.257800667484601,0,0.236680444337296,0,0.253307598943267,0.20687379199883,0.281680398443098,0,0,0.216609028975169,0.333470633454822,0.237257987260818,0.256800828129053,0,0,0,0,0,0,0,0.267377053888945,0,0,0,0,0.172962201209112,0,0,0,0,0,0,0,0.285037813708186,0,0.299033713149032,0,0,0,0.285443425178528,0,0.220398725093512,0,0.280005150041829,0,0.251821876689792,0,0.222027408463319,0.253685843199492,0
0.31806978225708,0,0.275958635977336,0,0,0,0,0,0,0,0,0,0,0,0,0,0,0,0.222957704216242,0,0.275087130739707,0,0,0,0,0,0,0,0,0,0,0,0,0,0,0,0,0,0.301573731005192,0.177895843982697,0.172282243583659,0.197857737541199,0.239017363734196,0,0.265739297866821,0.216609028975169,0,0,0.259837892716346,0,0,0,0,0,0,0,0,0,0,0,0,0,0,0.23234447421571,0,0,0,0,0,0,0,0,0,0,0,0,0,0,0,0.178125177510083,0,0.326029217761496,0.220218958126174,0,0.300883467958803,0,0.229323906203111
0,0,0,0,0,0,0,0,0,0,0,0,0,0,0,0,0,0,0.238005183637142,0,0,0,0,0.362258938141167,0,0,0,0,0,0,0,0.298306596645138,0.37270623617645,0.420153633251025,0.323493895867399,0.252088866142369,0.131822038229023,0.437358129067325,0,0.224151049783597,0.272024203839008,0.296209556565704,0.354372639265762,0.308508750796318,0,0.333470633454822,0,0,0.298731209209863,0.225853475328951,0,0,0,0,0,0,0,0.305238433859565,0,0,0,0,0.305488700879381,0,0,0,0.339104488492012,0.257452785968781,0,0,0,0,0.344575044322521,0,0.287117407864258,0.389568666217763,0.359391319286399,0.251594712859706,0.242138410431128,0.397710354129093,0.410739855852069,0.369993572742552,0.298233917213564,0.244178147237191,0.328022002818269,0.346905826632656,0
0.150643140520827,0,0.129766240133904,0,0,0,0,0,0.20575188845396,0,0,0,0,0,0.167289197444916,0,0,0,0.218478677173456,0,0,0,0.187775803854068,0,0.160650566220284,0,0,0,0,0,0,0.265152347775606,0.227232363961992,0.364620983600616,0.340703274309635,0.180583223700523,0.180760534746306,0,0.287578259905179,0,0.262609368926344,0.290901304947005,0.344416795154897,0,0,0.237257987260818,0.259837892716346,0.298731209209863,0,0.153703365131821,0,0,0,0,0.170168056256241,0,0.165560297930942,0.290721267461777,0.208924099908279,0,0.184805580993991,0,0,0.231277597943942,0,0.203726790449308,0,0.232709377832796,0,0.195313545865844,0,0.183184269815683,0,0,0.291411811951548,0.263069453424421,0.357413351535797,0,0.3024562895298,0.26277638686072,0.348963730037212,0.292505864314214,0.363685392596748,0,0.281843010752828,0,0.498972147703171
0,0.182760893614316,0,0.217749012841119,0,0,0,0,0,0.191674102021723,0,0.221356261521578,0,0,0,0.149784982204437,0,0,0.217703980478373,0.215654820203781,0,0.219544411090941,0,0.28781760590417,0,0,0,0,0,0,0,0.135653319800722,0,0.276964807739625,0.25737871825695,0.296493809956771,0,0.240134965096201,0,0.211693989457378,0,0.231874211678311,0.240263969230431,0.276307176636613,0.189974921941757,0.256800828129053,0,0.225853475328951,0.153703365131821,0,0,0,0,0,0,0.156471023889812,0,0.234683963147462,0,0.221512403789457,0,0.16582772201475,0.26364101628142,0,0.190308784259878,0,0.22841435494748,0,0.218948362002302,0,0.200949509205326,0,0.265906568065934,0,0.135369658504175,0,0.173645023950694,0,0.193821166782108,0,0.206345341840995,0,0.260846527903638,0.196240913122892,0.2488024275897,0.27583767699876,0
0,0,0,0,0.185270778925313,0,0.209073023166921,0,0,0,0,0,0,0,0,0,0,0,0,0,0,0,0,0,0,0,0,0,0,0,0,0,0,0,0,0,0,0,0,0,0,0,0,0,0,0,0,0,0,0,0,0,0.199783280491829,0,0,0,0,0,0,0,0,0,0,0,0,0,0,0,0,0,0,0,0,0,0,0,0,0,0,0,0,0,0.189193842841891,0,0,0,0
0,0,0,0,0,0.130351024515489,0,0.201755081208385,0,0,0,0,0,0,0,0,0,0,0,0,0,0,0,0,0,0,0,0,0,0,0,0,0,0,0,0,0,0,0,0,0,0,0,0,0,0,0,0,0,0,0,0,0,0.252007693052292,0,0,0,0,0,0,0,0,0,0,0,0,0,0,0,0,0,0,0,0,0,0,0,0,0,0,0,0,0.124388912906412,0.11104603856802,0,0,0
0,0,0,0,0.172439706530057,0,0.166533477567322,0,0,0,0.183129833356754,0,0.214745260775089,0,0,0,0,0,0,0,0.17424839341806,0,0,0,0,0,0,0,0,0,0,0,0,0,0,0,0,0,0,0,0,0,0,0,0,0,0,0,0,0,0.199783280491829,0,0,0,0,0,0.167467406182958,0,0,0,0,0,0,0.169859908521175,0,0,0,0,0,0,0,0,0,0,0,0,0,0,0,0,0,0,0.159083585705907,0,0,0,0
0,0,0,0,0,0.111601884663105,0,0.177416992404603,0,0,0,0,0,0,0,0,0,0,0,0,0,0,0,0,0,0,0,0,0,0,0,0,0,0,0,0,0,0,0,0,0,0,0,0,0,0,0,0,0,0,0,0.252007693052292,0,0,0,0,0,0,0,0,0,0,0,0,0,0,0,0,0,0,0,0,0,0,0,0,0,0,0,0,0,0,0.112495891627718,0,0,0,0
0.199765594977126,0,0.154012569203609,0,0,0,0,0,0.175567096520133,0,0,0,0.15407383441925,0,0.15469481721843,0,0.16725858970899,0,0.192113045603037,0,0,0,0,0,0.265915626432838,0,0.181345443427563,0,0,0,0,0,0,0,0,0,0,0,0,0,0,0,0.145381538197398,0,0,0,0,0,0.170168056256241,0,0,0,0,0,0,0,0.179767173237917,0,0.186803634083548,0,0.183831452692751,0,0,0,0,0,0,0.234668194474001,0,0.165251057595015,0,0,0,0.218472599983215,0,0,0,0,0,0,0,0.219590097665787,0.172304089288963,0,0.274723439446271,0,0.18521074205637
0,0.184172589177563,0,0.147106605711973,0,0,0,0,0,0.22484465027008,0,0,0,0,0,0.13453283905983,0,0.135317427416643,0.232309402690993,0,0,0,0,0.176238910041072,0,0,0,0,0,0,0,0,0,0,0,0,0,0.257115462174018,0,0,0,0.20089970715344,0,0,0,0,0,0,0,0.156471023889812,0,0,0,0,0,0,0,0.146692957221107,0,0.136284558033502,0,0.133931916952133,0,0,0,0,0.163680976418697,0,0,0,0,0,0,0,0,0,0,0,0,0,0.219511228971756,0,0.23816051740538,0,0.190071242237157,0.187257481118043,0
0.161112326895818,0,0.182939008082429,0,0,0,0.169205302267932,0,0,0,0.166026159979954,0,0.176209366381168,0,0.154620266304566,0,0.231787443161011,0,0,0,0.170480263884795,0,0,0,0,0,0,0,0.185067047675451,0,0.213411495740553,0,0,0,0,0,0,0,0.189822818252666,0,0,0,0.241026634740275,0,0,0,0,0,0.165560297930942,0,0,0,0.167467406182958,0,0.179767173237917,0,0,0,0.198937243331839,0,0.175403438806534,0,0,0.22185878918747,0,0,0,0,0,0.237148106098175,0,0.209003915940411,0,0.263392375857558,0,0,0,0,0,0.128984072786055,0,0.196843964536235,0.166697331591733,0.161345178261399,0.224750735505522,0,0.230833746492863
0,0.181559167489284,0,0,0,0,0,0,0,0.180596083402634,0,0.190278096196068,0,0.182584575244359,0,0.194032646715641,0,0,0,0.204680376065274,0,0,0,0,0,0,0,0,0,0.209470713245017,0,0,0,0,0,0,0,0.168644951035579,0,0.265964837196995,0,0.266841581150105,0.296416101547388,0,0,0.267377053888945,0,0.305238433859565,0.290721267461777,0.234683963147462,0,0,0,0,0,0.146692957221107,0,0,0,0.202505287711694,0,0.239740814851678,0.219020262127742,0,0,0,0.182907378583243,0,0.173564699686826,0,0.188626407430722,0,0.225015415975424,0,0,0,0.232801914215088,0,0.26150300912559,0,0.22102320209807,0,0.283406645797267,0,0.247870878669722,0.262644290924072,0
0.190389983355999,0,0.184428642193476,0,0,0,0.176660671830177,0,0.15791120322851,0,0.185530236179608,0,0.20382492924485,0,0.15311130265575,0,0.15156037554349,0,0,0,0,0,0,0,0.205103889107704,0,0,0,0.167255252085883,0,0,0,0,0,0,0,0,0,0,0,0,0,0,0,0,0,0,0,0.208924099908279,0,0,0,0,0,0.186803634083548,0,0.198937243331839,0,0,0,0.24450136439704,0,0,0,0,0,0,0.210721745726562,0,0.205000704111887,0,0.185908587968085,0,0.251123875379562,0,0,0,0,0,0,0,0,0.210638756125138,0.176345988396894,0.211183199176082,0,0
0,0.1621887216717,0,0,0,0,0,0.172639108366436,0,0.172568819102119,0,0.207391649484634,0,0.158445847247328,0,0.169926125635492,0,0,0,0,0,0,0,0.185882609337568,0,0,0,0.156369276344776,0,0,0,0,0,0,0,0,0,0,0,0,0,0,0,0,0,0,0,0,0,0.221512403789457,0,0,0,0,0,0.136284558033502,0,0.202505287711694,0,0,0,0.18491454385221,0,0,0,0,0.177660550177097,0,0.152586514016856,0,0.168314309983418,0,0,0,0,0,0,0,0,0,0,0,0,0,0.203169589241346,0,0
0.178892231235902,0,0.198289226401936,0,0,0,0,0,0.15873617064027,0,0,0,0.154571535331862,0,0.175411456870241,0,0.154770300930573,0,0,0,0,0,0,0,0.188546571135521,0,0.172411575913429,0,0.182377462585767,0,0,0,0,0,0,0,0,0,0,0,0,0,0,0,0,0,0,0,0.184805580993991,0,0,0,0,0,0.183831452692751,0,0.175403438806534,0,0.24450136439704,0,0,0,0,0,0,0,0,0.193503552853172,0,0.200547667230879,0,0.186302643620743,0,0,0,0,0,0,0,0,0,0,0.177899977458375,0,0.180716991738269,0,0
0,0.184118597768247,0,0.0959771348208916,0,0,0,0,0,0.163567918870184,0,0,0,0,0,0.165121822137582,0,0.126942856186951,0,0,0,0,0,0.175625238869641,0,0.13854322610078,0,0,0,0,0,0,0,0,0,0,0,0,0,0,0,0,0,0,0,0,0,0,0,0.16582772201475,0,0,0,0,0,0.133931916952133,0,0.239740814851678,0,0.18491454385221,0,0,0,0,0,0,0.180013879695359,0,0.158511450445211,0,0.148115062691046,0,0,0,0,0,0,0,0,0,0,0,0.149462543427944,0,0.159759029746056,0,0
0,0,0,0,0,0.117711797356606,0,0,0,0,0,0.191324819778574,0,0,0,0,0,0,0,0.16262293972295,0,0,0,0,0,0,0,0,0,0.204782918095589,0,0,0,0.260026127099991,0.277656510472298,0.15408040523098,0,0.166607196209952,0,0.252985761153932,0,0.262626529285094,0.283503943433364,0.27597188949585,0,0.172962201209112,0,0.305488700879381,0,0.26364101628142,0,0,0,0,0,0,0,0.219020262127742,0,0,0,0,0,0,0,0,0.214532023668289,0,0.195742884820158,0,0.23638469194839,0,0.257508905136925,0,0,0,0.257199347019196,0,0.173220556270022,0,0.224108132866083,0,0.224805289915033,0,0.200679607646438,0.24252604941527,0
0.251786887645721,0,0,0,0,0,0.152006462520483,0,0.220900781452656,0,0.182587102428079,0,0,0,0,0,0,0,0.218808630650694,0,0.240611814382394,0,0,0,0,0,0,0,0,0,0.306217759847641,0,0,0,0,0,0.155859804791127,0,0.304985717381581,0,0.170763395183283,0,0.25230369990385,0,0,0,0.23234447421571,0,0.231277597943942,0,0,0,0.169859908521175,0,0,0,0.22185878918747,0,0,0,0,0,0,0,0,0,0,0,0,0,0,0,0,0.333999263312744,0,0,0,0,0,0.198297481498493,0,0.376341223457397,0.146060861350186,0,0.349246262201577,0,0.274668087916715
0,0,0,0,0,0,0,0,0,0,0,0,0,0,0,0,0,0.160473629832268,0,0,0,0.171618005133839,0.121958662026119,0.184137246438435,0,0.214707565804323,0,0.142698782267141,0,0,0,0,0,0,0,0,0,0.177935858582905,0.126594265432734,0,0,0,0,0,0,0,0,0,0,0.190308784259878,0,0,0,0,0,0,0,0,0,0,0,0,0,0,0,0.131130371109716,0,0,0.143665289800418,0,0.186404108691364,0,0,0,0,0,0,0,0,0,0.15109495887541,0,0.160196260572777,0.115602754056454,0,0,0
0,0,0,0,0,0,0,0,0,0,0,0,0,0,0,0,0.157755249797708,0,0,0,0,0.138738366377685,0.157001541585955,0,0,0,0.146898360021653,0,0.179016665494355,0,0,0,0,0,0,0,0,0.126036267727613,0.149531167026953,0,0,0,0,0,0,0,0,0,0.203726790449308,0,0,0,0,0,0,0,0,0,0,0,0,0,0,0,0.131130371109716,0,0,0.245214786380529,0,0.221614072842456,0,0.183628393897819,0,0,0,0,0,0,0,0,0,0.234971551506353,0.162607576746723,0.145188451852909,0,0,0
0,0,0,0.150925785303116,0,0,0,0,0,0.17603751477124,0,0,0,0,0,0.171129088075656,0,0.160192029945778,0.167954156796137,0,0,0,0,0.196534604876275,0,0.177472543155793,0,0,0,0,0,0,0,0,0,0,0,0.28353533834692,0,0,0,0,0,0,0,0,0,0.339104488492012,0,0.22841435494748,0,0,0,0,0,0.163680976418697,0,0.182907378583243,0,0.177660550177097,0,0.180013879695359,0.214532023668289,0,0,0,0,0,0.217220717351194,0,0,0,0,0,0.300083816051483,0,0,0,0,0,0.251035585331406,0,0.169308739943781,0,0.191724441473997,0,0
0.252248732107026,0,0,0,0,0,0,0,0.197525505540949,0,0,0,0,0,0.193488785198757,0,0.176521188269059,0,0,0,0,0,0,0,0.157043657352326,0,0.162658076091059,0,0,0,0,0,0,0,0,0,0,0,0.210317716399829,0,0,0,0.230458647012711,0,0,0,0,0.257452785968781,0.232709377832796,0,0,0,0,0,0.234668194474001,0,0,0,0.210721745726562,0,0.193503552853172,0,0,0,0,0.245214786380529,0,0,0,0.165675036949901,0,0,0,0,0,0,0,0,0,0,0,0.211757989959565,0.161891991665604,0,0.276026197398702,0,0
0,0,0,0,0,0,0,0,0,0.133461266756058,0,0.166268855333328,0,0.144040450453758,0,0,0,0.14109582375539,0,0,0,0,0,0.197919434734753,0,0.181150257924959,0,0.186079710569917,0,0,0,0,0,0,0,0,0,0,0,0,0,0,0,0,0,0,0,0,0,0.218948362002302,0,0,0,0,0,0,0,0.173564699686826,0,0.152586514016856,0,0.158511450445211,0.195742884820158,0,0.143665289800418,0,0.217220717351194,0,0,0,0.16988546012855,0,0,0,0,0,0,0,0,0,0,0,0.174166065187026,0,0,0,0
0,0,0,0,0,0,0,0,0.151995422691107,0,0,0,0,0,0.162345953285694,0,0.150013958802447,0,0,0,0,0,0.162527495622635,0,0.177515862492069,0,0.167478239924245,0,0.145518274108569,0,0,0,0,0,0,0,0,0,0,0,0,0,0,0,0,0,0,0,0.195313545865844,0,0,0,0,0,0.165251057595015,0,0.237148106098175,0,0.205000704111887,0,0.200547667230879,0,0,0,0,0.221614072842456,0,0.165675036949901,0,0,0,0.157743787130147,0,0,0,0,0,0,0,0,0,0,0.160503071470138,0,0.210842326283455,0,0
0,0,0,0,0,0,0,0,0,0,0,0.198494177546587,0,0.181847658103857,0,0,0,0,0,0.216663520825043,0,0.158336977402751,0,0,0,0.190167217382363,0,0.166938737258933,0,0.164745007242475,0,0,0,0,0,0,0,0,0,0,0,0.294177005688349,0,0,0,0.285037813708186,0,0,0,0.200949509205326,0,0,0,0,0,0,0,0.188626407430722,0,0.168314309983418,0,0.148115062691046,0.23638469194839,0,0.186404108691364,0,0,0,0.16988546012855,0,0,0,0.195092246774584,0,0,0,0,0,0,0,0.171478086489218,0,0.18496794005235,0,0.294156892015972,0,0
0,0,0,0,0,0,0,0,0,0,0,0,0.18483354896307,0,0.189443629235029,0,0.156064341847713,0,0,0,0,0,0.151820771676558,0,0,0,0.14295140562617,0,0.172731735042601,0,0.187924963769083,0,0,0,0,0,0,0,0.179096780924333,0,0,0,0,0,0,0,0,0,0.183184269815683,0,0,0,0,0,0,0,0.209003915940411,0,0.185908587968085,0,0.186302643620743,0,0,0,0,0.183628393897819,0,0,0,0.157743787130147,0,0,0,0.193570058086159,0,0,0,0,0,0,0,0.145281676203012,0.174623291990528,0.173895957480995,0,0,0
0,0,0,0,0,0,0,0,0,0,0,0.210797816105187,0,0,0,0,0,0,0,0.224483255002844,0,0,0,0,0,0,0,0.211513261845771,0,0.200808181009367,0,0,0,0.29131411589109,0.290788412094116,0.215977981686592,0,0.163320973515511,0,0.24534413393806,0,0.325727677539639,0.26553025841713,0.341420451800029,0,0.299033713149032,0,0.344575044322521,0,0.265906568065934,0,0,0,0,0,0,0,0.225015415975424,0,0,0,0,0.257508905136925,0,0,0,0,0,0,0,0.195092246774584,0,0,0,0,0,0.258628745563328,0,0.222670370978968,0,0.228991281560906,0,0.264338203602367,0,0.314416477753153,0.346427579720815,0
0,0,0,0,0,0,0,0,0.208501674234867,0,0.216860909813217,0,0,0,0,0,0,0,0.185665996745229,0,0.30649252815379,0,0,0,0,0,0,0,0.172091510615062,0,0.181568293894821,0,0,0,0,0,0,0,0.177453492084169,0,0.179107278585434,0,0.21489461839764,0,0,0,0,0,0,0,0,0,0,0,0.218472599983215,0,0.263392375857558,0,0.251123875379562,0,0,0,0,0.333999263312744,0,0,0,0,0,0,0,0.193570058086159,0,0,0,0,0,0,0,0,0,0.170123621640783,0.155461002490483,0.147159293994007,0.267683663025852,0,0.210075342229434
0,0,0,0,0,0,0,0,0,0.299214869737625,0,0,0,0,0,0,0,0,0,0,0,0,0,0.294714123010635,0,0,0,0,0,0,0,0.268110301480302,0.374673232330248,0.352005243728359,0.318811224566566,0.183994085331669,0,0.288302987500241,0,0,0,0,0,0,0,0,0,0.287117407864258,0.291411811951548,0.135369658504175,0,0,0,0,0,0,0,0,0,0,0,0,0,0,0,0,0.300083816051483,0,0,0,0,0,0,0,0,0.342161076233942,0.272519083190853,0.278931677341461,0.209268043586915,0.35692984272333,0.17975200075542,0.298142030835152,0.289799298110761,0.299662176105711,0.134959161281586,0,0
0,0,0,0,0,0,0,0,0,0,0,0,0,0,0,0,0,0,0,0,0,0,0,0,0,0,0,0,0,0,0,0.275041826449678,0.282812181677745,0,0.258815838858999,0.26249862825575,0.153059663612451,0,0,0,0.234399554630121,0,0,0,0,0,0,0.389568666217763,0.263069453424421,0,0,0,0,0,0,0,0,0,0,0,0,0,0,0,0,0,0,0,0,0,0,0,0,0,0.342161076233942,0,0.475483506917953,0.342207978324344,0.320546148427381,0.272018023888542,0,0.325830161571503,0.141918340963977,0,0,0,0
0,0,0,0,0,0,0,0,0,0.29932889342308,0,0,0,0,0,0,0,0,0,0,0,0,0,0.270724110982635,0,0,0,0,0,0,0,0.296170121707798,0.368752117667879,0.280947981373824,0.363033084573651,0.208071158858397,0,0.258812106713759,0,0.261071234941483,0,0.283305717433024,0,0,0,0.285443425178528,0,0.359391319286399,0.357413351535797,0.173645023950694,0,0,0,0,0,0,0,0.232801914215088,0,0,0,0,0.257199347019196,0,0,0,0,0,0,0,0,0,0.258628745563328,0,0.272519083190853,0.475483506917953,0,0.293745750451789,0.234987684705278,0.366033949785762,0.222451737799353,0.287541089786424,0.260444850672318,0.274318863238607,0.275995280321051,0.346763726789504,0
0,0,0,0,0,0,0,0,0,0,0,0,0,0,0,0,0,0,0,0,0,0,0,0,0,0,0,0,0,0,0,0,0.253631969292959,0.170626975468002,0.181927139197529,0.268204560824509,0.207412413549873,0.182345060522065,0.174823289944066,0,0,0.302004218101501,0,0,0,0,0,0.251594712859706,0,0,0,0,0,0,0,0,0,0,0,0,0,0,0,0,0,0,0,0,0,0,0,0,0,0,0.278931677341461,0.342207978324344,0.293745750451789,0,0.294112067776067,0.285874331081071,0.245798232880506,0.263184848627286,0.171311379212236,0.19103148344316,0,0,0
0,0,0,0.264751568436623,0,0,0,0,0,0,0,0.171964781667223,0,0,0,0,0,0,0.22220784612,0.161750447212819,0,0,0,0,0,0,0,0,0,0.204997569322586,0,0.243133654140438,0.329871672521366,0.259987467552955,0.325821122910717,0.173846361042566,0.151647217450588,0.210090640591227,0,0.184206508394249,0,0.275385250074292,0.220424392819405,0.327092930350615,0.216270551085472,0.220398725093512,0,0.242138410431128,0.3024562895298,0.193821166782108,0,0,0,0,0,0,0,0.26150300912559,0,0,0,0,0.173220556270022,0,0,0,0,0,0,0,0,0,0.222670370978968,0,0.209268043586915,0.320546148427381,0.234987684705278,0.294112067776067,0,0.334148618227048,0.210420675997039,0.290289372205734,0.168451982188938,0,0.258793066116094,0.363750036139237,0
0,0,0,0,0,0,0,0,0,0,0.130972858485588,0,0,0,0,0,0.184340238571167,0,0,0,0.205047615976382,0,0,0,0,0,0,0,0,0,0,0.419519278438801,0.348548328028622,0.355821493081748,0.325997404677352,0.184594362830194,0.172975177521812,0,0.165057143629539,0,0.182271934021717,0,0.173036853180212,0,0,0,0.178125177510083,0.397710354129093,0.26277638686072,0,0,0,0,0,0,0,0.128984072786055,0,0,0,0,0,0,0.198297481498493,0,0,0,0,0,0,0,0,0,0,0.35692984272333,0.272018023888542,0.366033949785762,0.285874331081071,0.334148618227048,0,0,0.221724701570925,0.152635428324071,0.132478392124176,0.215478853788227,0,0.186423115432262
0,0,0,0,0,0,0,0,0,0.241443315148354,0,0.183425753386979,0,0,0,0,0,0,0.165661989400784,0.190980749415315,0,0.147635058495342,0,0.236376710483509,0,0,0,0.167936120791869,0,0.16186053530934,0,0.227930364700464,0,0.314367182533336,0.355033895955883,0.196040392280444,0,0.190970573992887,0.160745099832223,0.244020944481255,0,0.31392120029323,0.316672101616859,0.348445882399877,0,0.280005150041829,0,0.410739855852069,0.348963730037212,0.206345341840995,0,0,0,0,0,0.219511228971756,0,0.22102320209807,0,0,0,0,0.224108132866083,0,0.15109495887541,0,0.251035585331406,0,0,0,0.171478086489218,0,0.228991281560906,0,0.17975200075542,0,0.222451737799353,0.245798232880506,0.210420675997039,0,0,0.197093640421999,0.243892975887853,0.274754409433195,0.293913022548202,0.365204853084043,0
0,0,0,0,0,0,0,0,0.202500556906064,0,0.192100175119735,0,0,0,0,0,0.214012175798416,0,0.201332976669073,0,0.280142096038231,0.14643481029914,0.156762202563218,0,0.148448108842498,0,0,0,0.175386702020963,0,0.181791566330801,0.274008482694626,0,0.183229068421429,0.250983006823908,0,0.179747099423252,0.179157478524676,0.168406592636574,0,0.245989486345878,0,0.211975168585777,0,0,0,0.326029217761496,0.369993572742552,0.292505864314214,0,0,0,0,0,0.219590097665787,0,0.196843964536235,0,0,0,0,0,0,0.376341223457397,0,0.234971551506353,0,0.211757989959565,0,0,0,0.145281676203012,0,0.170123621640783,0.298142030835152,0.325830161571503,0.287541089786424,0.263184848627286,0.290289372205734,0.221724701570925,0.197093640421999,0,0.154834539764906,0.178466681856662,0.305924013207807,0,0.225090415493862
