0,0,9.72909717276545,0,0,0,0,0,7.03346983916095,0,0,0,0,0,0,0,26.3688383102417,0,11.5657079535795,0,0,0,0,0,0,0,0,0,0,0,0,0,0,0,0,0,61.5444878472222,0,45.8967164357503,0,33.1553816749054,0,20.7478797177474,0,0,0,23.8283475390553,0,4.79045174618562,0,0,0,0,0,4.95760509744287,0,24.8799266815186,0,0,0,8.03929171195397,0,0,32.1655747890472,0,0,0,0,0,0,0,36.7739996910095,0,28.6330499649048,0,0,0,0,0,43.8242127606823,0,31.806809165261,13.6582178614446,0,14.0901532833917,0,19.4502673149109
0,0,0,7.68053014113985,0,18.5241927146912,0,0,0,8.15796969799285,0,0,0,0,0,15.6039803822835,69.8984069824219,61.6823043823242,14.7089352784333,0,0,22.1331650870187,0,16.8993105888367,0,0,0,0,0,0,0,0,0,0,0,59.9377940495809,0,25.0173835754395,0,39.701854133606,0,19.2813008438457,0,9.70413970947266,0,22.4968975468686,0,0,0,7.39425964832306,0,16.6239055486826,0,0,0,5.27847395305123,0,5.730626039505,0,6.66020296812057,0,9.31875947790761,29.8939151763916,0,0,0,5.05477920174599,0,0,0,6.99639826083402,0,0,0,0,0,0,0,46.7288914086684,0,29.3439853668213,0,7.76815616210718,0,10.4011682581462,12.8147148945752,0
9.72909717276545,0,0,0,7.44662469246484,0,0,0,7.9335853565823,0,0,0,0,0,0,0,0,0,34.3546333312988,0,0,0,0,0,0,0,0,0,0,0,0,0,0,0,0,0,14.8595097362995,0,0,0,39.9076470269097,0,25.2292881312807,0,0,0,29.5733957290649,0,9.20142619390237,0,10.1841264749994,0,0,0,0,0,19.518325153288,0,5.8598607050048,0,6.62512590203966,0,0,10.8758387565613,0,0,0,45.5840072631836,0,38.6306509971619,0,33.976071475801,0,31.2807733033833,0,0,0,0,0,35.1151505152384,0,42.5059323310852,17.1907034201393,0,18.1680760764908,0,19.2580924940503
0,7.68053014113985,0,0,0,13.078426628578,0,0,0,11.4867623076221,0,0,0,0,0,8.70080114813412,0,0,47.4118547439575,0,0,47.5710817972819,0,0,0,0,0,47.0594177246094,0,0,0,0,0,0,0,34.9032885811546,0,47.500298500061,0,43.2321082353592,0,27.2786739654334,0,22.0443210601807,0,22.8620563217356,0,0,0,15.5057570465276,0,10.2545894276012,0,0,0,5.6700204498059,0,23.440519045381,0,6.04330959640631,0,6.81609701582277,18.7381900787354,0,0,0,0,0,0,0,37.7800594568253,0,35.7960817163641,0,0,0,0,0,40.0887937054192,0,47.010666587136,0,23.4034594162223,21.6646064122518,14.9488040417411,19.2158105449312,0
0,0,7.44662469246484,0,0,0,2.73367365201314,0,7.73197574284724,0,0,0,0,0,5.21260794003804,0,0,0,38.1881904602051,0,9.94480801480157,0,0,0,0,0,0,0,0,0,0,0,0,0,0,0,4.38649606704712,0,0,0,45.9807014465332,0,38.2195868058638,0,24.0128269195557,0,31.269193649292,0,39.5572884877523,0,4.59959423742374,0,0,0,4.22636699676514,0,13.4543676376343,0,11.2860745083202,0,7.31408307345017,0,0,24.2225539684296,0,0,0,0,0,0,0,38.3267021179199,0,0,0,0,0,0,0,6.16242428158605,0,0,4.95472136333849,3.93343424797058,12.2995367980003,0,0
0,18.5241927146912,0,13.078426628578,0,0,0,0,0,7.38290585790362,0,0,0,0,0,12.5400230884552,0,0,0,2.88002777099609,0,51.8861694335938,0,0,0,0,0,0,0,0,0,0,0,0,0,0,0,0,0,57.4910354614258,0,41.4879172932018,0,0,0,57.1509475708008,0,0,0,27.6361207962036,0,4.03383673354349,0,0,0,6.53202438354492,0,28.5164736509323,0,0,0,18.0149534225464,8.15341981252035,0,0,0,0,0,0,0,44.2150349617004,0,40.9879469871521,0,0,0,0,0,41.5706303119659,0,51.8881649971008,0,4.14093702058403,6.68252328463963,11.6153430882401,27.3272444407145,0
0,0,0,0,2.73367365201314,0,0,0,0,0,0,0,0,0,0,0,0,0,0,0,0,0,0,0,0,0,0,0,0,0,0,0,0,0,0,0,0,0,0,0,0,0,0,0,0,0,0,0,0,0,5.15913298802498,0,4.1408277424899,0,0,0,0,0,2.95505881309509,0,0,0,0,0,0,0,0,0,0,0,0,0,0,0,0,0,0,0,0,0,0,0,3.20118717963879,2.88771467738681,0,0,0
0,0,0,0,0,0,0,0,0,0,0,0,0,5.41624156634013,0,0,0,0,0,0,0,0,0,0,0,0,0,0,0,0,0,0,0,0,0,0,0,0,0,0,0,0,0,0,0,0,0,0,0,0,0,4.01992758115133,0,3.91138103741866,0,0,0,0,0,5.26048996954253,0,0,0,0,0,0,0,0,0,0,0,0,0,0,0,0,0,0,0,0,0,0,4.7547926902771,0,0,0,0
7.03346983916095,0,7.9335853565823,0,7.73197574284724,0,0,0,0,0,42.1928787231445,0,0,0,4.18404528829786,0,4.96815564897325,0,74.1189708709717,0,0,0,0,0,3.44612786504957,0,0,0,0,0,0,0,0,0,0,0,0,0,9.12620915111743,0,0,0,16.1113063437598,0,42.6455497741699,0,38.1219037373861,0,19.2769154310226,0,6.17067829091498,0,0,0,7.17193301827454,0,30.3238376168644,0,24.6548709869385,0,4.92670261232476,0,0,19.8483734130859,0,0,0,3.82291442871094,0,0,0,40.0621198018392,0,37.5062756008572,0,0,0,0,0,60.2739229202271,0,20.6190382480621,7.99928259083984,0,13.1570288205758,0,16.1358634744372
0,8.15796969799285,0,11.4867623076221,0,7.38290585790362,0,0,0,0,0,0,0,8.79557347297668,0,6.41870209156538,0,0,32.2457102139791,0,0,58.835765838623,0,4.17539794017107,0,0,0,0,0,0,0,0,0,0,0,49.4566535949707,0,8.64912758363742,0,66.7151260375977,0,15.5664194408728,0,0,0,40.0170281728109,0,65.9607849121094,0,10.6712020304468,0,7.6050035238266,0,0,0,4.4462689785096,0,35.2654202779134,0,10.0202765067418,0,8.398265190558,51.483283996582,0,0,0,5.36656886923547,0,16.0199203491211,0,51.7640093289889,0,48.5258285999298,0,0,0,0,0,59.1386241912842,0,21.9481820125206,0,4.68384100409115,4.30660418903126,16.5035222907399,9.2466112613678,0
0,0,0,0,0,0,0,0,42.1928787231445,0,0,0,2.95636785030365,0,0,0,0,0,0,0,3.50715434310759,0,0,0,0,0,0,0,0,0,7.18449306488037,0,0,0,0,0,3.17458367347717,0,3.61078407595385,0,0,0,0,0,0,0,16.1990804672241,0,0,0,0,0,0,0,0,0,6.64246073336357,0,3.25514090061188,0,0,0,0,9.689884574325,0,0,0,0,0,0,0,0,0,8.32272529602051,0,0,0,0,0,0,0,4.23138207670242,3.82475406473333,0,7.09898134072622,0,0
0,0,0,0,0,0,0,0,0,0,0,0,0,2.79330836402045,0,0,0,0,0,3.07634189284544,0,0,0,0,0,0,0,0,0,4.01284029904534,0,0,0,0,0,4.92592425470228,0,5.53184258072465,0,0,0,0,0,0,0,28.3543224334717,0,0,0,0,0,8.82877480983734,0,0,0,0,0,5.25447151030929,0,2.89252797762553,0,0,6.56275509102176,0,0,0,0,0,0,0,0,0,8.70001074952899,0,0,0,0,0,0,0,6.80296196122797,0,4.64990488120488,0,7.90984157643287,0,0
0,0,0,0,0,0,0,0,0,0,2.95636785030365,0,0,0,3.80509122212728,0,0,0,0,0,0,0,0,0,0,0,0,0,0,0,0,0,0,0,0,0,0,0,0,0,0,0,0,0,0,0,0,0,0,0,0,0,0,0,0,0,6.44448607762655,0,5.04584280864612,0,4.9451885877871,0,0,0,0,0,0,0,0,0,0,0,0,0,0,0,0,0,0,0,0,0,0,0,0,0,0
0,0,0,0,0,0,0,5.41624156634013,0,8.79557347297668,0,2.79330836402045,0,0,0,4.54259944420594,0,0,0,0,0,0,0,0,0,0,0,0,0,0,0,0,0,0,0,0,0,0,0,0,0,0,0,0,0,0,0,0,0,0,0,0,0,3.89219951629639,0,0,0,0,0,5.25125750201814,0,2.78660301367442,0,0,0,0,0,0,0,0,0,0,0,0,0,0,0,0,0,0,0,0,3.3820575873057,5.90803527832031,0,0,0
0,0,0,0,5.21260794003804,0,0,0,4.18404528829786,0,0,0,3.80509122212728,0,0,0,3.84006944824668,0,0,0,0,0,0,0,0,0,0,0,0,0,0,0,0,0,0,0,0,0,0,0,0,0,0,0,0,0,0,0,0,0,3.55985891819,0,0,0,3.44797024272737,0,0,0,8.18877910483967,0,4.03561514322875,0,0,0,0,0,0,0,0,0,0,0,0,0,0,0,0,0,0,0,0,0,4.21283593295533,3.37867090437147,0,0,0
0,15.6039803822835,0,8.70080114813412,0,12.5400230884552,0,0,0,6.41870209156538,0,0,0,4.54259944420594,0,0,0,11.4782753863805,28.0061988830566,0,0,0,0,0,0,0,0,0,0,0,0,0,0,0,0,0,0,0,0,0,0,47.5594043731689,0,0,0,0,0,0,0,11.6460664360612,0,8.21400165557861,0,0,0,10.1504928198728,0,0,0,6.27100158627353,0,4.27871419774725,0,0,0,0,4.74512809236473,0,0,0,43.2892646789551,0,0,0,0,0,0,0,51.9483375549316,0,58.7012481689453,0,4.91188832469608,3.77473285794258,43.1242904663086,31.7603664398193,0
26.3688383102417,69.8984069824219,0,0,0,0,0,0,4.96815564897325,0,0,0,0,0,3.84006944824668,0,0,27.3637924516207,27.3405105478119,0,0,25.1115307013194,7.18073404396546,39.3149575042725,27.2229489326477,41.4608164741879,5.00375811200942,0,0,0,0,0,0,0,0,113.59508090549,90.1707941691081,0,100.290534973145,86.6030240160354,74.7342889746841,70.5453955608865,52.6937937055315,48.4598407745361,48.9641389846802,67.1063187296798,60.6315691976836,0,0,0,0,0,0,0,4.58762216567993,0,0,0,0,0,3.91101372241974,0,95.6546494333368,70.6902400746065,34.0417807553266,4.01655925761212,47.3761973698934,0,55.7462844848633,18.4448996782303,0,0,0,86.5125122070312,0,0,0,0,91.7259043100718,80.8459959484282,81.9655957903181,79.2884511947632,17.2737668000691,4.94660987872367,62.7529862539364,66.7682384490967,54.9424851157449
0,61.6823043823242,0,0,0,0,0,0,0,0,0,0,0,0,0,11.4782753863805,27.3637924516207,0,32.8571831142925,0,0,18.7654136449099,32.7889828390005,27.6993104219437,47.6973266601562,25.4424519042174,0,13.2070445418358,0,0,0,0,0,0,0,95.2079845775257,105.249849955241,0,0,74.2083585706808,81.0667599858464,52.5337072610855,76.8144626617432,44.2830562591553,63.1236635843913,59.9079066494055,81.2085219120634,0,0,0,0,0,0,0,0,0,0,65.8566207885742,0,3.59575915336609,0,0,80.2156353678022,89.4321316805753,29.1013075528641,20.2209644317627,27.3610418842685,0,27.6341839744931,0,0,120.44669342041,65.3616790771484,0,0,0,0,0,79.4452728134634,93.0358642877317,64.405625,174.271224975586,18.3620905492966,5.68868553866066,62.5815054515623,48.4726595878601,103.205469767253
11.5657079535795,14.7089352784333,34.3546333312988,47.4118547439575,38.1881904602051,0,0,0,74.1189708709717,32.2457102139791,0,0,0,0,0,28.0061988830566,27.3405105478119,32.8571831142925,0,0,31.2967967987061,47.2566941579183,69.0014314651489,53.3487100601196,65.7365856170654,47.8412704467773,0,0,0,0,0,0,0,0,0,78.6282930768226,73.5089396250617,40.3030185699463,43.4216769536336,51.3652478292714,43.9611777578081,26.9681976361757,20.5366966895694,21.1070165334158,17.5756519399694,39.3916046106616,38.5753875600989,57.1913833618164,75.6840667724609,46.7043622334798,0,0,0,0,0,0,45.4010935331646,40.6077319251166,0,0,0,0,55.6879709346874,50.0743154382026,55.8667597089495,69.5683670043945,47.962838490804,0,46.153507232666,0,35.236186163766,55.9932481447856,34.1282589523881,47.5455833810275,0,0,0,0,58.8790734745773,55.4541779002049,43.2557763662495,42.5309722865069,17.7505834237173,41.0179119110107,33.1054126970701,26.5922717530859,20.0561408188268
0,0,0,0,0,2.88002777099609,0,0,0,0,0,3.07634189284544,0,0,0,0,0,0,0,0,0,0,0,0,0,0,0,0,0,0,0,0,0,0,0,6.58328532105062,0,4.68432823094455,0,0,0,0,0,0,0,10.6535976727804,0,0,0,0,0,10.3924958155705,0,0,0,0,0,4.41981603205204,0,0,0,0,4.85553002877523,0,0,0,0,0,0,0,0,0,0,0,0,0,0,0,4.84666450564067,0,6.49777500970023,0,6.09792337770815,0,3.36554406239436,0,0
0,0,0,0,9.94480801480157,0,0,0,0,0,3.50715434310759,0,0,0,0,0,0,0,31.2967967987061,0,0,0,0,0,0,0,0,0,0,0,0,0,0,0,0,0,4.47543666951068,0,5.57912975781924,0,0,0,37.8007055918376,0,0,0,19.6833251606334,0,57.2575988769531,0,0,0,0,0,0,0,5.59940974553426,0,0,0,0,0,0,6.60483807573919,0,0,0,0,0,0,0,0,0,8.22896814346313,0,0,0,0,0,5.73526992288868,0,6.94186786810557,9.76508215069771,0,7.861808579509,0,23.1391067504883
0,22.1331650870187,0,47.5710817972819,0,51.8861694335938,0,0,0,58.835765838623,0,0,0,0,0,0,25.1115307013194,18.7654136449099,47.2566941579183,0,0,0,3.05565502908495,7.26739260705851,0,3.06302173137665,0,0,0,0,0,0,0,0,0,0,0,7.47955600629087,0,0,0,64.9940326213837,0,0,0,50.8293925065261,0,20.1944623815602,0,14.4717478485818,0,0,0,0,0,0,0,19.0125086751095,0,0,0,30.0817260742188,41.0311144828796,0,5.27007469355363,3.39689161663964,9.96532868779321,0,5.70470653639899,0,13.0668691163622,0,15.0302168042052,0,0,0,0,0,70.2670379638672,0,10.9241615614923,0,7.60422474674032,8.91191584413702,26.753969152095,32.6281597614288,0
0,0,0,0,0,0,0,0,0,0,0,0,0,0,0,0,7.18073404396546,32.7889828390005,69.0014314651489,0,0,3.05565502908495,0,0,7.9430986734537,0,3.34380705216352,0,4.40039637883504,0,0,0,0,0,0,0,0,0,5.42828200703576,0,0,0,36.9239730834961,0,0,0,0,0,10.8609757491133,0,0,0,0,0,0,0,22.3175268173218,0,23.3417291641235,0,0,0,0,0,0,4.76309052355903,0,9.27265570380471,0,0,0,9.33437531647662,0,14.3692613124847,0,0,0,0,0,0,0,8.04676139611992,4.98479699506992,4.57798713684082,20.2653926213582,0,0
0,16.8993105888367,0,0,0,0,0,0,0,4.17539794017107,0,0,0,0,0,0,39.3149575042725,27.6993104219437,53.3487100601196,0,0,7.26739260705851,0,0,0,5.68073627352715,0,0,0,0,0,0,0,0,0,0,0,5.62452378950484,0,0,0,20.3642289638519,0,0,0,0,0,20.4495048522949,0,10.601874679327,0,0,0,0,0,5.10912657947075,0,12.9716992127268,0,25.9296531677246,0,0,0,0,8.40384197373723,0,4.65528851600992,0,3.59542420277229,0,8.7689192533493,0,11.0062955617905,0,0,0,0,0,0,0,7.36010912130979,0,12.2970701646805,29.2098197937012,9.22540744382944,9.88262367248535,0
0,0,0,0,0,0,0,0,3.44612786504957,0,0,0,0,0,0,0,27.2229489326477,47.6973266601562,65.7365856170654,0,0,0,7.9430986734537,0,0,0,3.81001610480822,0,3.90625309944153,0,0,0,0,0,0,0,0,0,7.16458882110706,0,0,0,13.3495338984898,0,0,0,0,19.3469886779785,10.7444923400879,0,0,0,0,0,5.30973291279066,0,0,0,0,0,5.05267858505249,0,0,0,0,10.4426700331256,0,4.20267575600244,0,4.58126480467368,0,6.9399090607961,0,0,0,0,0,0,0,0,0,9.56155592745001,8.46708786010742,0,8.21435429028102,0,0
0,0,0,0,0,0,0,0,0,0,0,0,0,0,0,0,41.4608164741879,25.4424519042174,47.8412704467773,0,0,3.06302173137665,0,5.68073627352715,0,0,0,3.15162646770477,0,0,0,0,0,0,0,0,0,0,0,0,0,0,0,0,0,0,0,0,0,0,0,0,0,0,0,0,0,0,0,0,0,0,0,0,15.601128578186,0,6.73219955328739,0,5.00957747868129,0,8.47148704528809,0,0,0,0,0,0,0,0,0,0,0,31.8392473856608,0,0,0,0
0,0,0,0,0,0,0,0,0,0,0,0,0,0,0,0,5.00375811200942,0,0,0,0,0,3.34380705216352,0,3.81001610480822,0,0,0,6.12958701451619,0,0,0,0,0,0,0,0,0,0,0,0,0,0,0,0,0,0,0,0,0,0,0,0,0,0,0,0,0,0,0,0,0,0,0,0,0,0,3.82848734988107,0,3.41350995340655,0,5.41345763206482,0,0,0,0,0,0,0,0,0,0,2.81131744384766,0,0,0,0
0,0,0,47.0594177246094,0,0,0,0,0,0,0,0,0,0,0,0,0,13.2070445418358,0,0,0,0,0,0,0,3.15162646770477,0,0,0,0,0,0,0,0,0,0,0,0,0,0,0,0,0,0,0,0,0,0,0,0,0,0,0,0,0,0,0,32.4049224853516,0,0,0,0,0,0,0,0,0,0,2.7438751856486,0,3.63573154406761,0,14.2839946746826,0,0,0,0,0,0,0,0,0,4.66046190261841,0,18.2330780029297,0,0
0,0,0,0,0,0,0,0,0,0,0,0,0,0,0,0,0,0,0,0,0,0,4.40039637883504,0,3.90625309944153,0,6.12958701451619,0,0,0,0,0,0,0,0,0,0,0,0,0,0,0,0,0,0,0,0,0,11.2704935073853,0,0,0,0,0,0,0,0,0,0,0,0,0,0,0,0,3.47730058431625,0,3.58536899089813,0,5.0609198978969,0,4.84350647042129,0,0,0,0,0,0,0,0,0,0,3.81290389060974,3.16761485735575,0,0,0
0,0,0,0,0,0,0,0,0,0,0,4.01284029904534,0,0,0,0,0,0,0,0,0,0,0,0,0,0,0,0,0,0,0,0,0,0,0,0,0,3.35406008884732,0,0,0,0,0,0,0,0,0,0,0,0,0,0,0,0,0,0,0,4.74838567559236,0,0,0,0,0,0,0,0,0,0,0,0,0,0,3.68960034798202,0,0,0,0,0,0,0,3.93880315927359,0,2.95883936882019,0,0,0,0
0,0,0,0,0,0,0,0,0,0,7.18449306488037,0,0,0,0,0,0,0,0,0,0,0,0,0,0,0,0,0,0,0,0,0,0,0,0,0,0,0,2.80950386183602,0,0,0,0,0,0,0,0,0,0,0,0,0,0,0,0,0,5.70225890823033,0,0,0,0,0,0,21.9290838241577,0,0,0,0,0,0,0,2.95317554473877,0,3.56956720352173,0,0,0,0,0,0,0,0,0,0,2.89498180150986,0,0
0,0,0,0,0,0,0,0,0,0,0,0,0,0,0,0,0,0,0,0,0,0,0,0,0,0,0,0,0,0,0,0,3.80000784682853,8.85797607137802,13.7239327223405,4.29908302572907,6.83155250549316,0,0,0,0,0,0,0,0,0,0,4.41415884122999,0,6.87821078300476,0,0,0,0,0,0,0,0,0,0,0,0,0,0,0,0,0,0,0,0,0,0,0,0,3.59378677030906,4.23653991157944,8.53282119667226,5.90642070770264,8.25337357984649,4.12974533438683,0,0,5.42482681968967,0,0,0,0
0,0,0,0,0,0,0,0,0,0,0,0,0,0,0,0,0,0,0,0,0,0,0,0,0,0,0,0,0,0,0,3.80000784682853,0,5.59336539109548,4.92107668377104,3.38645958900452,4.14068940401077,0,0,0,0,0,0,0,0,0,0,4.09706146732654,0,0,0,0,0,0,0,0,0,0,0,0,0,0,0,0,0,0,0,0,0,0,0,0,0,0,4.88660957345625,4.84967017779275,8.18835865414661,6.41342614591122,0,6.15185066305026,0,0,2.94906321713622,0,0,0,0
0,0,0,0,0,0,0,0,0,0,0,0,0,0,0,0,0,0,0,0,0,0,0,0,0,0,0,0,0,0,0,8.85797607137802,5.59336539109548,0,4.35686841646,4.05864666319556,0,4.41348820357096,0,0,0,0,0,0,0,0,0,3.97409889712837,0,9.37987274593777,0,0,0,0,0,0,0,0,0,0,0,0,0,0,0,0,0,0,0,0,26.9259052276611,0,20.9139206409454,0,6.00558067877081,0,5.56335298648439,4.43906728735248,8.86578494417197,0,5.61721066743629,0,6.5205588306372,0,0,0,0
0,0,0,0,0,0,0,0,0,0,0,0,0,0,0,0,0,0,0,0,0,0,0,0,0,0,0,0,0,0,0,13.7239327223405,4.92107668377104,4.35686841646,0,0,3.84632646052734,0,4.68629164625617,0,0,0,0,0,0,0,0,4.32884830273002,5.58741116523743,0,0,0,0,0,0,0,0,0,0,0,0,0,0,0,0,0,0,0,0,0,0,0,0,0,13.1489901542664,4.66140179200606,5.61126042223301,4.82761821059112,0,5.40280325596149,0,6.60781975738107,3.90601010497557,0,0,0,0
0,59.9377940495809,0,34.9032885811546,0,0,0,0,0,49.4566535949707,0,4.92592425470228,0,0,0,0,113.59508090549,95.2079845775257,78.6282930768226,6.58328532105062,0,0,0,0,0,0,0,0,0,0,0,4.29908302572907,3.38645958900452,4.05864666319556,0,0,3.81805278778076,5.85206710148581,5.06522392776777,39.6640487873193,167.545684814453,49.0699258872441,0,57.4580136405097,0,41.4492730057758,98.0149459838867,11.0630574605175,0,23.4161780675252,0,77.9918823242188,0,0,0,0,0,8.10675220778494,0,0,0,66.9974530537923,10.4238401302184,0,0,0,0,0,0,0,51.4547939300537,0,55.4486389160156,0,6.10160439222762,11.5767011642456,5.3256338863838,0,7.76423827015783,6.77311979581232,9.3938606758612,0,9.23966774032516,10.7585601466043,34.9347086809147,50.6541077683612,0
61.5444878472222,0,14.8595097362995,0,4.38649606704712,0,0,0,0,0,3.17458367347717,0,0,0,0,0,90.1707941691081,105.249849955241,73.5089396250617,0,4.47543666951068,0,0,0,0,0,0,0,0,0,0,6.83155250549316,4.14068940401077,0,3.84632646052734,3.81805278778076,0,0,5.93740313206779,0,13.0337845543598,115.829559326172,49.3644185463587,0,55.9896438598633,0,44.622981896375,6.86596856619182,18.4075186145839,0,0,0,0,0,0,0,5.61710847313724,0,29.8323268890381,0,0,0,0,23.3020251396931,0,0,0,52.1492233276367,0,47.4751739501953,0,42.3459184646606,0,47.4687690734863,0,4.70556382699446,0,5.97523790928318,5.47823940004621,7.1891193804473,0,8.21613795376625,5.11404357445374,3.47630994796753,15.949902144742,0,50.1973514556885
0,25.0173835754395,0,47.500298500061,0,0,0,0,0,8.64912758363742,0,5.53184258072465,0,0,0,0,0,0,40.3030185699463,4.68432823094455,0,7.47955600629087,0,5.62452378950484,0,0,0,0,0,3.35406008884732,0,0,0,4.41348820357096,0,5.85206710148581,0,0,3.87710007146108,62.4031639099121,0,10.1784988852108,0,0,0,44.671356455485,0,7.87128913685776,0,8.5126657878028,0,0,0,0,0,12.7031026289314,0,9.313996571225,0,0,0,0,20.2414467296903,0,10.2705514642433,0,8.75902548715773,0,0,0,19.3466335892677,0,9.3562115220171,0,0,0,4.36170203743911,0,8.68018033881544,0,5.89434191185658,0,5.96800484495998,9.73127240401048,19.7244062192232,32.461413860321,0
45.8967164357503,0,0,0,0,0,0,0,9.12620915111743,0,3.61078407595385,0,0,0,0,0,100.290534973145,0,43.4216769536336,0,5.57912975781924,0,5.42828200703576,0,7.16458882110706,0,0,0,0,0,2.80950386183602,0,0,0,4.68629164625617,5.06522392776777,5.93740313206779,3.87710007146108,0,0,63.8409156799316,0,25.9405028378522,0,65.7916030883789,0,38.116111884246,5.21639938764675,6.82809411740936,0,0,0,0,0,8.61278231892475,0,8.27666246238633,0,0,0,0,0,0,14.8000688483245,0,11.2246366712236,0,8.67464712619782,0,0,0,12.5988292694092,0,3.41511160135269,0,0,0,4.07637485391215,7.60727977752686,8.15271743204819,4.02152983347575,5.7678448761023,5.30523215204652,3.68517855497507,8.10359317813087,0,0
0,39.701854133606,0,43.2321082353592,0,57.4910354614258,0,0,0,66.7151260375977,0,0,0,0,0,0,86.6030240160354,74.2083585706808,51.3652478292714,0,0,0,0,0,0,0,0,0,0,0,0,0,0,0,0,39.6640487873193,0,62.4031639099121,0,0,0,23.4699129615078,102.296682357788,32.7636742591858,0,23.0629366594288,99.2549629211426,5.51682628284801,0,9.80283942617275,0,0,0,0,0,0,0,55.9897971520057,0,54.8549842834473,0,52.6254374186198,13.3865391099176,0,0,0,0,0,0,0,64.2953294118245,0,48.9561924253191,0,0,0,0,0,15.8134449046981,116.799240112305,62.952717418256,0,48.3551327220181,0,18.9512162687615,26.9845859922212,0
33.1553816749054,0,39.9076470269097,0,45.9807014465332,0,0,0,0,0,0,0,0,0,0,0,74.7342889746841,81.0667599858464,43.9611777578081,0,0,0,0,0,0,0,0,0,0,0,0,0,0,0,0,167.545684814453,13.0337845543598,0,63.8409156799316,0,0,90.5753898620605,24.7714508403775,57.9868202209473,27.8282121851089,76.3770503997803,23.1866028425378,4.00067138671875,5.69260447775876,5.79426402875355,0,0,0,0,0,0,59.6484208357962,0,60.399471282959,0,0,0,100.858520507812,13.2059908305542,0,0,0,0,0,83.6845855712891,0,66.1732568740845,0,63.7680404186249,0,0,0,0,91.0235687255859,11.9198768387409,151.508712768555,40.1072098016739,47.9367183770245,0,19.0884850068894,58.8736419677734,23.6967521747255
0,19.2813008438457,0,27.2786739654334,0,41.4879172932018,0,0,0,15.5664194408728,0,0,0,0,0,47.5594043731689,70.5453955608865,52.5337072610855,26.9681976361757,0,0,64.9940326213837,0,20.3642289638519,0,0,0,0,0,0,0,0,0,0,0,49.0699258872441,115.829559326172,10.1784988852108,0,23.4699129615078,90.5753898620605,0,13.8412889814844,16.3307656665643,98.2887802124023,24.2749114189829,73.2607284545898,6.98746161990696,0,15.9293496266756,0,52.7107124328613,0,0,0,16.2256567862726,0,30.3079957483284,0,27.946709367964,0,42.2478728294373,30.46894104256,91.3813514709473,23.8141231536865,0,16.9199690385298,0,0,0,46.7249930812194,0,45.2870362275525,0,0,0,0,0,32.4205841248421,81.7299334208171,49.5344590111212,0,16.8052030212486,33.3753952980042,15.3358007689396,11.8026431739612,29.4898891448975
20.7478797177474,0,25.2292881312807,0,38.2195868058638,0,0,0,16.1113063437598,0,0,0,0,0,0,0,52.6937937055315,76.8144626617432,20.5366966895694,0,37.8007055918376,0,36.9239730834961,0,13.3495338984898,0,0,0,0,0,0,0,0,0,0,0,49.3644185463587,0,25.9405028378522,102.296682357788,24.7714508403775,13.8412889814844,0,0,15.5651301804422,0,20.7956852531002,9.90967798233032,17.4415937658332,19.6808462142944,0,0,0,0,0,0,22.3340082839757,0,23.6284965133667,0,25.5166266580646,0,0,30.3094349211075,0,39.4387168884277,0,15.9722408930461,0,37.242628510793,0,31.2910451542499,65.439826965332,33.7303765809583,0,0,0,0,79.0759143829346,33.6363269289575,86.9476165771484,34.5182174452653,15.4640122765227,0,16.5213211700108,66.6313304901123,12.0478706693268
0,9.70413970947266,0,22.0443210601807,0,0,0,0,0,0,0,0,0,0,0,0,48.4598407745361,44.2830562591553,21.1070165334158,0,0,0,0,0,0,0,0,0,0,0,0,0,0,0,0,57.4580136405097,0,0,0,32.7636742591858,57.9868202209473,16.3307656665643,0,0,71.6178588867188,19.2452728152275,0,0,0,15.5834808349609,0,0,0,0,0,0,0,0,0,0,0,0,32.9758409118652,0,0,0,0,0,0,0,0,0,0,0,0,0,0,0,37.7516868826784,0,38.5900707244873,0,18.7187220436855,0,16.5458249401772,16.360783726336,0
0,0,0,0,24.0128269195557,0,0,0,42.6455497741699,0,0,0,0,0,0,0,48.9641389846802,63.1236635843913,17.5756519399694,0,0,0,0,0,0,0,0,0,0,0,0,0,0,0,0,0,55.9896438598633,0,65.7916030883789,0,27.8282121851089,98.2887802124023,15.5651301804422,71.6178588867188,0,54.3249835968018,20.3897119611502,0,0,0,0,0,0,0,0,0,46.073184967041,0,0,0,0,0,0,29.1590483188629,0,0,0,0,0,0,0,57.3731498718262,0,0,0,0,0,0,0,36.2097306861697,0,29.8382670084635,18.9992669446882,0,13.6282679910843,0,23.4853114849184
0,22.4968975468686,0,22.8620563217356,0,57.1509475708008,0,0,0,40.0170281728109,0,28.3543224334717,0,0,0,0,67.1063187296798,59.9079066494055,39.3916046106616,10.6535976727804,0,50.8293925065261,0,0,0,0,0,0,0,0,0,0,0,0,0,41.4492730057758,0,44.671356455485,0,23.0629366594288,76.3770503997803,24.2749114189829,0,19.2452728152275,54.3249835968018,0,77.6432995796204,0,0,28.6786638475814,0,35.6303863525391,0,0,0,41.4978713989258,0,33.6365142468806,0,36.896764755249,0,35.8756897666238,15.206121824743,0,77.0125122070312,0,53.8395919799805,0,0,0,46.6928916840326,0,36.9516986278777,0,0,0,0,0,21.8230753947053,101.944796562195,23.7819234450876,0,34.710819624734,26.820216178894,17.9402286418823,40.4691236897519,46.8559055328369
23.8283475390553,0,29.5733957290649,0,31.269193649292,0,0,0,38.1219037373861,0,16.1990804672241,0,0,0,0,0,60.6315691976836,81.2085219120634,38.5753875600989,0,19.6833251606334,0,0,0,0,0,0,0,0,0,0,0,0,0,0,98.0149459838867,44.622981896375,0,38.116111884246,99.2549629211426,23.1866028425378,73.2607284545898,20.7956852531002,0,20.3897119611502,77.6432995796204,0,0,34.3097452890305,0,0,0,0,0,0,0,39.5909848958254,0,39.9085884094238,0,0,0,93.7906646728516,15.8742505618024,0,0,0,0,0,46.8483260018485,0,47.5838866635978,0,42.2549420952797,0,0,0,0,111.86473547894,25.3139092395344,0,21.4911489247078,41.9499359665043,0,21.0177648897529,82.3771194458008,39.014775741932
0,0,0,0,0,0,0,0,0,65.9607849121094,0,0,0,0,0,0,0,0,57.1913833618164,0,0,20.1944623815602,0,20.4495048522949,19.3469886779785,0,0,0,0,0,0,4.41415884122999,4.09706146732654,3.97409889712837,4.32884830273002,11.0630574605175,6.86596856619182,7.87128913685776,5.21639938764675,5.51682628284801,4.00067138671875,6.98746161990696,9.90967798233032,0,0,0,0,0,4.05571024748051,5.49264092221587,0,0,0,0,21.6842098236084,70.0748977661133,0,35.4465316772461,0,0,0,0,0,0,23.8554771496699,0,19.3273409737481,20.4874458312988,0,0,28.6010627746582,0,23.0031584810328,0,5.0978075459946,5.5338355794133,5.57490242743979,4.48442775466225,9.30730470231578,5.74024859168868,7.41926789010962,6.58704355676927,5.10471555959244,0,6.92966550588608,0,0
4.79045174618562,0,9.20142619390237,0,39.5572884877523,0,0,0,19.2769154310226,0,0,0,0,0,0,0,0,0,75.6840667724609,0,57.2575988769531,0,10.8609757491133,0,10.7444923400879,0,0,0,11.2704935073853,0,0,0,0,0,5.58741116523743,0,18.4075186145839,0,6.82809411740936,0,5.69260447775876,0,17.4415937658332,0,0,0,34.3097452890305,4.05571024748051,0,4.96698421852288,0,0,0,0,0,0,25.2219305515289,0,13.9059988751131,0,4.34322493726557,0,0,44.2398057301839,0,13.5018341616739,0,8.57027125662299,0,8.07580712601379,0,15.2454905444479,0,19.4673285838096,0,4.66354620456696,0,4.95928869928632,0,7.87769070026882,0,4.97057293001459,6.95262857197313,0,12.7121642650563,0,24.631104777841
0,7.39425964832306,0,15.5057570465276,0,27.6361207962036,0,0,0,10.6712020304468,0,0,0,0,0,11.6460664360612,0,0,46.7043622334798,0,0,14.4717478485818,0,10.601874679327,0,0,0,0,0,0,0,6.87821078300476,0,9.37987274593777,0,23.4161780675252,0,8.5126657878028,0,9.80283942617275,5.79426402875355,15.9293496266756,19.6808462142944,15.5834808349609,0,28.6786638475814,0,5.49264092221587,4.96698421852288,0,0,11.8624623298645,0,0,0,14.6326496754923,0,20.9251861053355,0,13.4185542218825,0,12.4203181420603,37.2591157210501,0,17.4924400743547,0,11.2286532774363,0,3.19794223043654,0,30.1789173703445,0,13.6460601817082,0,3.15869522094727,0,9.07441997528076,0,11.5552442976686,0,17.6224173779016,0,11.1143747526507,16.7016308307648,10.1150532088775,14.8718999668404,0
0,0,10.1841264749994,0,4.59959423742374,0,5.15913298802498,0,6.17067829091498,0,0,0,0,0,3.55985891819,0,0,0,0,0,0,0,0,0,0,0,0,0,0,0,0,0,0,0,0,0,0,0,0,0,0,0,0,0,0,0,0,0,0,0,0,0,3.15171380476518,0,6.08359745343526,0,6.92706026279595,0,5.40372883095298,0,6.72467591461626,0,0,0,0,0,0,0,0,0,0,0,0,0,0,0,0,0,0,0,0,0,7.46816697915395,0,0,0,0
0,16.6239055486826,0,10.2545894276012,0,4.03383673354349,0,4.01992758115133,0,7.6050035238266,0,8.82877480983734,0,0,0,8.21400165557861,0,0,0,10.3924958155705,0,0,0,0,0,0,0,0,0,0,0,0,0,0,0,77.9918823242188,0,0,0,0,0,52.7107124328613,0,0,0,35.6303863525391,0,0,0,11.8624623298645,0,0,0,3.16477398872375,0,0,0,6.19931116483069,0,3.84069447333996,0,6.82485027313232,5.39634572135078,0,0,0,0,0,0,0,51.3750915527344,0,41.9550285339355,0,0,0,0,0,0,0,0,0,16.08831234773,5.48776340484619,9.9721353460872,0,0
0,0,0,0,0,0,4.1408277424899,0,0,0,0,0,0,0,0,0,0,0,0,0,0,0,0,0,0,0,0,0,0,0,0,0,0,0,0,0,0,0,0,0,0,0,0,0,0,0,0,0,0,0,3.15171380476518,0,0,0,0,0,6.16409851610661,0,5.10871608584535,0,0,0,0,0,0,0,0,0,0,0,0,0,0,0,0,0,0,0,0,0,0,0,2.87541500727336,0,0,0,0
0,0,0,0,0,0,0,3.91138103741866,0,0,0,0,0,3.89219951629639,0,0,0,0,0,0,0,0,0,0,0,0,0,0,0,0,0,0,0,0,0,0,0,0,0,0,0,0,0,0,0,0,0,0,0,0,0,3.16477398872375,0,0,0,0,0,3.80327378523635,0,4.15600983446295,0,0,0,0,0,0,0,0,0,0,0,0,0,0,0,0,0,0,0,0,0,0,4.04468450546265,0,0,0,0
4.95760509744287,0,0,0,4.22636699676514,0,0,0,7.17193301827454,0,0,0,0,0,3.44797024272737,0,4.58762216567993,0,0,0,0,0,0,0,5.30973291279066,0,0,0,0,0,0,0,0,0,0,0,0,0,8.61278231892475,0,0,0,0,0,0,0,0,21.6842098236084,0,0,6.08359745343526,0,0,0,0,0,0,0,0,0,7.05364444164129,0,0,0,0,0,0,4.66886985210131,0,4.35587100982666,0,0,0,0,0,0,0,0,0,0,0,9.85230611110556,15.2560184001923,0,10.3565668855395,0,0
0,5.27847395305123,0,5.6700204498059,0,6.53202438354492,0,0,0,4.4462689785096,0,0,0,0,0,10.1504928198728,0,0,0,0,0,0,0,5.10912657947075,0,0,0,0,0,0,0,0,0,0,0,0,0,12.7031026289314,0,0,0,16.2256567862726,0,0,0,41.4978713989258,0,70.0748977661133,0,14.6326496754923,0,0,0,0,0,0,0,0,0,10.8360727750338,0,7.50583438404271,0,0,0,0,6.16851704968856,0,14.1135352078606,0,0,0,0,0,0,0,0,0,0,0,14.5097940058078,0,19.4497580528259,0,10.7199182799786,0,0
24.8799266815186,0,19.518325153288,0,13.4543676376343,0,0,0,30.3238376168644,0,6.64246073336357,0,6.44448607762655,0,0,0,0,0,45.4010935331646,0,5.59940974553426,0,22.3175268173218,0,0,0,0,0,0,0,5.70225890823033,0,0,0,0,0,5.61710847313724,0,8.27666246238633,0,59.6484208357962,0,22.3340082839757,0,46.073184967041,0,39.5909848958254,0,25.2219305515289,0,6.92706026279595,0,6.16409851610661,0,0,0,0,0,5.76565904815992,0,5.38280659781562,0,0,10.508591338905,0,21.420051574707,0,23.0940495332082,0,17.1105116160229,0,8.76947556238942,0,7.04640066463522,0,0,0,0,0,51.5327509099787,0,12.9917830614483,25.6586762365669,0,14.3978838584578,0,15.9557649087215
0,5.730626039505,0,23.440519045381,0,28.5164736509323,0,0,0,35.2654202779134,0,5.25447151030929,0,0,0,0,0,65.8566207885742,40.6077319251166,4.41981603205204,0,19.0125086751095,0,12.9716992127268,0,0,0,32.4049224853516,0,4.74838567559236,0,0,0,0,0,8.10675220778494,0,9.313996571225,0,55.9897971520057,0,30.3079957483284,0,0,0,33.6365142468806,0,35.4465316772461,0,20.9251861053355,0,6.19931116483069,0,3.80327378523635,0,0,0,0,0,6.9487438568394,0,6.10622893526254,16.3681701287546,0,18.9412022318159,0,11.915560062115,0,0,0,9.06117344872943,0,10.0187475499393,0,0,0,0,0,43.8563161140833,0,18.3309481409463,0,31.5204456461237,40.0238399505615,13.3366699401538,13.9291692972183,0
0,0,5.8598607050048,0,11.2860745083202,0,2.95505881309509,0,24.6548709869385,0,3.25514090061188,0,5.04584280864612,0,8.18877910483967,0,0,0,0,0,0,0,23.3417291641235,0,0,0,0,0,0,0,0,0,0,0,0,0,29.8323268890381,0,0,0,60.399471282959,0,23.6284965133667,0,0,0,39.9085884094238,0,13.9059988751131,0,5.40372883095298,0,5.10871608584535,0,0,0,5.76565904815992,0,0,0,6.53600196703584,0,0,28.579683303833,0,0,0,17.8513337648832,0,11.0928247898981,0,8.14949241978057,0,8.57656121253967,0,0,0,0,0,37.1488265991211,0,0,30.936580657959,0,16.3304526127807,0,20.1732225418091
0,6.66020296812057,0,6.04330959640631,0,0,0,5.26048996954253,0,10.0202765067418,0,2.89252797762553,0,5.25125750201814,0,6.27100158627353,0,3.59575915336609,0,0,0,0,0,25.9296531677246,0,0,0,0,0,0,0,0,0,0,0,0,0,0,0,54.8549842834473,0,27.946709367964,0,0,0,36.896764755249,0,0,0,13.4185542218825,0,3.84069447333996,0,4.15600983446295,0,10.8360727750338,0,6.9487438568394,0,0,0,4.24323569347984,15.8070055687264,0,0,0,18.4639911651611,0,11.9972076874707,0,7.61427383784693,0,39.1542625427246,0,0,0,0,0,45.5107421875,0,49.3607813517253,0,14.6279569864273,0,15.1942413395101,17.6612950960795,0
8.03929171195397,0,6.62512590203966,0,7.31408307345017,0,0,0,4.92670261232476,0,0,0,4.9451885877871,0,4.03561514322875,0,3.91101372241974,0,0,0,0,0,0,0,5.05267858505249,0,0,0,0,0,0,0,0,0,0,0,0,0,0,0,0,0,25.5166266580646,0,0,0,0,0,4.34322493726557,0,6.72467591461626,0,0,0,7.05364444164129,0,5.38280659781562,0,6.53600196703584,0,0,0,0,0,0,0,0,3.96511726909214,0,4.4366805035135,0,0,0,0,0,0,0,0,0,0,0,0,3.39720724194737,3.97946195448599,15.3037451517464,0,16.197208404541
0,9.31875947790761,0,6.81609701582277,0,18.0149534225464,0,0,0,8.398265190558,0,0,0,2.78660301367442,0,4.27871419774725,0,0,0,0,0,30.0817260742188,0,0,0,0,0,0,0,0,0,0,0,0,0,66.9974530537923,0,0,0,52.6254374186198,0,42.2478728294373,0,0,0,35.8756897666238,0,0,0,12.4203181420603,0,6.82485027313232,0,0,0,7.50583438404271,0,6.10622893526254,0,4.24323569347984,0,0,51.0539836883545,0,53.2450523376465,0,4.94545234044393,0,3.37898910045624,0,33.501171875,0,43.3740543789334,0,0,0,0,0,58.9490964412689,0,54.6226341247559,0,25.9348030090332,0,19.8259296809302,29.9936609268188,0
0,29.8939151763916,0,18.7381900787354,0,8.15341981252035,0,0,0,51.483283996582,0,6.56275509102176,0,0,0,0,95.6546494333368,80.2156353678022,55.6879709346874,4.85553002877523,0,41.0311144828796,0,0,0,0,0,0,0,0,0,0,0,0,0,10.4238401302184,0,20.2414467296903,0,13.3865391099176,100.858520507812,30.46894104256,0,32.9758409118652,0,15.206121824743,93.7906646728516,0,0,37.2591157210501,0,5.39634572135078,0,0,0,0,0,16.3681701287546,0,15.8070055687264,0,51.0539836883545,0,0,0,0,30.224573135376,0,0,0,25.8270739837788,0,24.5155320853156,0,0,0,0,0,15.3842313310361,97.268669128418,20.9928205328919,0,45.3514332778775,41.3430395126343,20.69020904015,50.5208365917206,0
32.1655747890472,0,10.8758387565613,0,24.2225539684296,0,0,0,19.8483734130859,0,9.689884574325,0,0,0,0,0,70.6902400746065,89.4321316805753,50.0743154382026,0,6.60483807573919,0,0,0,0,0,0,0,0,0,21.9290838241577,0,0,0,0,0,23.3020251396931,0,14.8000688483245,0,13.2059908305542,91.3813514709473,30.3094349211075,0,29.1590483188629,0,15.8742505618024,0,44.2398057301839,0,0,0,0,0,0,0,10.508591338905,0,28.579683303833,0,0,0,0,0,0,31.0733032226562,0,26.6830825805664,0,32.7178344726562,0,24.1964318731557,0,18.1555862009699,0,0,0,0,158.639595031738,19.6748258671872,0,14.1073274237912,43.2404434152485,0,16.2815309537771,115.476379394531,50.6898147265116
0,0,0,0,0,0,0,0,0,0,0,0,0,0,0,0,34.0417807553266,29.1013075528641,55.8667597089495,0,0,5.27007469355363,0,8.40384197373723,0,15.601128578186,0,0,0,0,0,0,0,0,0,0,0,10.2705514642433,0,0,0,23.8141231536865,0,0,0,77.0125122070312,0,23.8554771496699,0,17.4924400743547,0,0,0,0,0,0,0,18.9412022318159,0,0,0,53.2450523376465,0,0,0,0,7.52496559548126,0,6.82311020518507,0,6.19702696800232,0,14.2533155229357,0,0,0,0,0,0,0,9.2523223953307,0,5.95237546892308,24.8635857105255,26.8028369479709,0,0
0,0,0,0,0,0,0,0,0,0,0,0,0,0,0,0,4.01655925761212,20.2209644317627,69.5683670043945,0,0,3.39689161663964,4.76309052355903,0,10.4426700331256,0,0,0,3.47730058431625,0,0,0,0,0,0,0,0,0,11.2246366712236,0,0,0,39.4387168884277,0,0,0,0,0,13.5018341616739,0,0,0,0,0,0,0,21.420051574707,0,0,0,0,0,0,31.0733032226562,0,0,0,9.96921118255932,0,0,0,5.21366384101518,0,14.5896888362037,0,0,0,0,0,0,0,10.0301959119,3.96175999540678,3.48948451450893,26.858701133728,0,0
0,5.05477920174599,0,0,0,0,0,0,0,5.36656886923547,0,0,0,0,0,4.74512809236473,47.3761973698934,27.3610418842685,47.962838490804,0,0,9.96532868779321,0,4.65528851600992,0,6.73219955328739,0,0,0,0,0,0,0,0,0,0,0,8.75902548715773,0,0,0,16.9199690385298,0,0,0,53.8395919799805,0,19.3273409737481,0,11.2286532774363,0,0,0,0,0,6.16851704968856,0,11.915560062115,0,18.4639911651611,0,4.94545234044393,30.224573135376,0,7.52496559548126,0,0,0,6.42300428322383,0,6.82716362099899,0,9.75686492743315,0,0,0,22.6718807220459,0,0,0,7.69209895449016,0,16.3025411971858,0,11.9244140683092,0,0
0,0,45.5840072631836,0,0,0,0,0,3.82291442871094,0,0,0,0,0,0,0,0,0,0,0,0,0,9.27265570380471,0,4.20267575600244,0,3.82848734988107,0,3.58536899089813,0,0,0,0,0,0,0,52.1492233276367,0,8.67464712619782,0,0,0,15.9722408930461,0,0,0,0,20.4874458312988,8.57027125662299,0,0,0,0,0,4.66886985210131,0,23.0940495332082,0,17.8513337648832,0,3.96511726909214,0,0,26.6830825805664,0,9.96921118255932,0,0,0,4.83537877772165,0,8.03935684539654,0,0,0,0,0,0,0,51.0378303527832,0,10.2659575070897,16.7804487594088,0,11.5267163147161,0,30.3077754974365
0,0,0,0,0,0,0,0,0,16.0199203491211,0,0,0,0,0,0,55.7462844848633,27.6341839744931,46.153507232666,0,0,5.70470653639899,0,3.59542420277229,0,5.00957747868129,0,2.7438751856486,0,0,0,0,0,0,0,0,0,0,0,0,0,0,0,0,0,0,0,0,0,3.19794223043654,0,0,0,0,0,14.1135352078606,0,0,0,11.9972076874707,0,3.37898910045624,0,0,6.82311020518507,0,6.42300428322383,0,0,0,6.30821872220456,0,0,0,0,0,0,0,0,0,0,0,0,0,3.25624364614487,0,0
0,0,38.6306509971619,0,0,0,0,0,0,0,0,0,0,0,0,0,18.4448996782303,0,0,0,0,0,0,0,4.58126480467368,0,3.41350995340655,0,5.0609198978969,0,0,0,0,0,0,0,47.4751739501953,0,0,0,83.6845855712891,0,37.242628510793,0,0,0,46.8483260018485,0,8.07580712601379,0,0,0,0,0,4.35587100982666,0,17.1105116160229,0,11.0928247898981,0,4.4366805035135,0,0,32.7178344726562,0,0,0,4.83537877772165,0,0,0,6.5917289520356,0,35.5326461791992,0,0,0,0,0,57.7321315765381,0,0,31.5746218941428,0,27.9161295341723,0,26.7456738608224
0,6.99639826083402,0,37.7800594568253,0,44.2150349617004,0,0,0,51.7640093289889,0,0,0,0,0,43.2892646789551,0,0,35.236186163766,0,0,13.0668691163622,0,8.7689192533493,0,8.47148704528809,0,3.63573154406761,0,0,0,0,0,26.9259052276611,0,51.4547939300537,0,19.3466335892677,0,64.2953294118245,0,46.7249930812194,0,0,0,46.6928916840326,0,28.6010627746582,0,30.1789173703445,0,51.3750915527344,0,0,0,0,0,9.06117344872943,0,7.61427383784693,0,33.501171875,25.8270739837788,0,6.19702696800232,0,6.82716362099899,0,6.30821872220456,0,0,0,7.35085531541311,0,0,0,0,0,56.6103014381983,0,8.26939139621598,0,31.730366722355,51.8524990081787,30.1528097195932,23.6091416994731,0
36.7739996910095,0,33.976071475801,0,38.3267021179199,0,0,0,40.0621198018392,0,0,0,0,0,0,0,0,120.44669342041,55.9932481447856,0,0,0,9.33437531647662,0,6.9399090607961,0,5.41345763206482,0,4.84350647042129,0,2.95317554473877,0,0,0,0,0,42.3459184646606,0,12.5988292694092,0,66.1732568740845,0,31.2910451542499,0,57.3731498718262,0,47.5838866635978,0,15.2454905444479,0,0,0,0,0,0,0,8.76947556238942,0,8.14949241978057,0,0,0,0,24.1964318731557,0,5.21366384101518,0,8.03935684539654,0,6.5917289520356,0,0,0,6.41233093646463,0,0,0,0,0,58.9419175607187,0,6.20457450142057,39.1598753380053,0,21.9333024816387,0,25.8437154994291
0,0,0,35.7960817163641,0,40.9879469871521,0,0,0,48.5258285999298,0,8.70001074952899,0,0,0,0,0,65.3616790771484,34.1282589523881,0,0,15.0302168042052,0,11.0062955617905,0,0,0,14.2839946746826,0,3.68960034798202,0,0,0,20.9139206409454,0,55.4486389160156,0,9.3562115220171,0,48.9561924253191,0,45.2870362275525,65.439826965332,0,0,36.9516986278777,0,23.0031584810328,0,13.6460601817082,0,41.9550285339355,0,0,0,0,0,10.0187475499393,0,39.1542625427246,0,43.3740543789334,24.5155320853156,0,14.2533155229357,0,9.75686492743315,0,0,0,7.35085531541311,0,0,0,0,0,0,0,57.475287177346,0,9.97156460324115,0,37.1489258951216,39.4483642578125,15.3075981093648,23.0403118587676,0
28.6330499649048,0,31.2807733033833,0,0,0,0,0,37.5062756008572,0,8.32272529602051,0,0,0,0,0,86.5125122070312,0,47.5455833810275,0,8.22896814346313,0,14.3692613124847,0,0,0,0,0,0,0,3.56956720352173,0,0,0,0,0,47.4687690734863,0,3.41511160135269,0,63.7680404186249,0,33.7303765809583,0,0,0,42.2549420952797,0,19.4673285838096,0,0,0,0,0,0,0,7.04640066463522,0,8.57656121253967,0,0,0,0,18.1555862009699,0,14.5896888362037,0,0,0,35.5326461791992,0,6.41233093646463,0,0,0,0,0,0,0,59.7814742700377,0,10.3152037259132,31.2208703174148,0,20.7657151597151,0,19.5212649991435
0,0,0,0,0,0,0,0,0,0,0,0,0,0,0,0,0,0,0,0,0,0,0,0,0,0,0,0,0,0,0,3.59378677030906,4.88660957345625,6.00558067877081,13.1489901542664,6.10160439222762,0,0,0,0,0,0,0,0,0,0,0,5.0978075459946,0,3.15869522094727,0,0,0,0,0,0,0,0,0,0,0,0,0,0,0,0,0,0,0,0,0,0,0,0,0,5.52473147197436,6.12127918993088,15.3977355957031,5.43905277784206,0,0,0,6.27266586717762,0,0,0,0
0,0,0,0,0,0,0,0,0,0,0,0,0,0,0,0,0,0,0,0,0,0,0,0,0,0,0,0,0,0,0,4.23653991157944,4.84967017779275,0,4.66140179200606,11.5767011642456,4.70556382699446,0,0,0,0,0,0,0,0,0,0,5.5338355794133,4.66354620456696,0,0,0,0,0,0,0,0,0,0,0,0,0,0,0,0,0,0,0,0,0,0,0,0,0,5.52473147197436,0,0,4.37349614300949,0,5.19324290272833,0,0,3.25037449598312,0,0,0,0
0,0,0,0,0,0,0,0,0,0,0,0,0,0,0,0,0,0,0,0,0,0,0,0,0,0,0,0,0,0,0,8.53282119667226,8.18835865414661,5.56335298648439,5.61126042223301,5.3256338863838,0,4.36170203743911,0,0,0,0,0,0,0,0,0,5.57490242743979,0,9.07441997528076,0,0,0,0,0,0,0,0,0,0,0,0,0,0,0,0,22.6718807220459,0,0,0,0,0,0,0,6.12127918993088,0,0,7.72798054868525,5.31723161167073,0,4.90686291528734,0,7.1888369768858,0,0,0,0
0,0,0,0,0,0,0,0,0,0,0,0,0,0,0,0,0,0,0,0,0,0,0,0,0,0,0,0,0,0,0,5.90642070770264,6.41342614591122,4.43906728735248,4.82761821059112,0,5.97523790928318,0,4.07637485391215,0,0,0,0,0,0,0,0,4.48442775466225,4.95928869928632,0,0,0,0,0,0,0,0,0,0,0,0,0,0,0,0,0,0,0,0,0,0,0,0,0,15.3977355957031,4.37349614300949,7.72798054868525,0,0,6.59804820687096,0,5.24462308444475,4.62593039512634,0,0,0,0
