0,0,0.00159120195977961,0,5.04983506908075e-05,0,0,0,0.0673651215436559,0,0,0,0,0,0,0,0,0,0,0,0,0,0,0,0,0,0.000397793882744822,0,0,0,0,0,0,0,0,0,0,0,0,0,0,0,0.000959385277280879,0,0,0,0,0.000152715629508391,0.000704165953360323,0,0,0,0,0,0.0235780580193837,0,0,0,0,0,0,0,0,0,0,0,0,0,0,0,0,0,0,0,0,0,0,0,0,0,0,0,0.00104697605238495,0,0.00579665186894214,0,0
0,0,0,0.0519994698596445,0,0,0,0,0,0.0793282866959662,0,0,0,0,0,0,0,0,0,0,0,0,0,0,0,0,0,0,0,0,0,0,0,0,0,0,0,0,0,0,0,0.00543047188530487,0,0,0,0,0,0,0,0.000491946281724727,0,0,0,0,0,0.178450047227749,0,0,0,0,0,0.00656905591240219,0,0,0,0,0,0,0,0,0,0,0,0,0,0,0,0,0,0,0,0,0.000865321122854548,0,0.00582940085015669,0,0
0.00159120195977961,0,0,0,0,0,0,0,0,0,0,0,0,0,0,0,0,0,0,0,0,0,0,0,0,0,0,0,0,0,0,0,0,0,0,0,8.75395319516497e-05,0,0,0,0,0,0.000724407260746231,0,0,0,0.00184563014115794,0.000113116925916836,0.00253443072972067,0,0,0,0,0,0,0,0.000423201645481146,0,0,0,0,0,0,0,0,0,0,0,0,0,0,0,0,0.000469403690152848,0,0,0,0,0,0,0,0,0.00142342295250387,0,0.0121267845671026,0,0.000233275927765456
0,0.0519994698596445,0,0,0,0.00187093067016433,0,0,0,0.0109879328763984,0,5.01123962384628e-05,0,0,0,0,0,0,0.000342883730689842,0.00295827302620947,0,0,0,0,0,0,0,0,0,0,0,0,0,0,0,0,6.2026480804674e-06,0,0,0.00106316945963109,5.64435494619405e-05,0.00345452374747823,0,0,0,0.00420335344105347,0,0.00116050360462322,8.13668008621971e-05,0.0197710380032308,0,0.00760941592380148,0,0,0,0.000341519634651711,0,0.00152555536847826,0,0,0,0,0.00184602581020792,0,0,0,0,0,0,0,0,0,0.00623110348963628,0,0,0,2.92606010077552e-05,0,0.000229262412176716,5.7175479965343e-06,0.000170671151138828,0,0.000878982830928478,0.000180586796506372,0.00880349394359066,0.000405109105774133,0
5.04983506908075e-05,0,0,0,0,0,0,0,0.0275983956748011,0,0,0,0,0,0,0,0,0,0,0,0.00857713007055216,0,0,0,0,0,0,0,0,0,0,0,0,0,0,0,0.000400137407685018,0,0,0,0.0007277604225241,0,0.000405013145395433,0,0,0,0.00324984752167789,0.000198541790170246,0.00287481291206457,0,0.0751769741626401,0,0.000208268247661181,0,0.000671992638704526,0,0,0,0,0,0,0,0,0.0498789676596206,0,0,0,0,0,0,0,0,0,0,0,0,0,0,0,0.000185404778449871,0,0,0.00044640538275557,0,0.00486633631313087,0,0
0,0,0,0.00187093067016433,0,0,0,0.0302988293888926,0,0.0207834585705366,0,0,0,0,0,0,8.76150896743583e-06,3.44923317565737e-06,6.11774737886613e-05,0.0082290198805599,0,0,0,0,0,0,0,0,0,0,0,0,0,0,0,0,0,0,0,0.000622910548317999,5.14790273572544e-05,0.000556013477247562,0,0,0,0.00380347231565996,0,0.000934758034614618,0.000108110038531881,0.00160397413069952,0,0.187195207264023,0,0.0174579721617731,0,0,0,0.000157860190352283,0,7.57260204409249e-05,0,0,0.00951616444604696,0,0,0,0,0,0,0,0,0,0.000402168256748425,0,0,0,0,0,0.000146456799907645,2.6161684412274e-06,4.30807601137071e-05,0,0.00156583137252093,0,0.0078299992954867,0,0
0,0,0,0,0,0,0,0,0,0,0,0,0,0,0,0,0,0,0,0,0,0,0,0,0,0,0,0,0,0,0,0,0,0,0,0,0,0,0,0,0,0,0,0,0,0,0,0,0,0,0,0,0.153989651067024,0,0,0,0.000284269255187485,0,0,0,0,0,0,0,0,0,0,0,0,0,0,0,0,0,0,0,0,0,0,0,0,0,0.000728175060408605,0,0,0,0
0,0,0,0,0,0.0302988293888926,0,0,0,0,0,0.00235596292802644,0,0.000361551948678639,0,0,0,0,0,0,0,0,0,0,0,0,0,0,0,0,0,0,0,0,0,0,0,0,0,0,0,0,0,0,0,0,0,0,0,0,0,0,0,0.0405852104680425,0,0,0,0.00254366644525536,0,0.020786760569753,0,0,0,0,0,0,0,0,0,0,0,0,0,0,0,0,0,0,0,0,0,0,0.000222398029515206,0,0,0,0
0.0673651215436559,0,0,0,0.0275983956748011,0,0,0,0,0,0,0,0,0,0.00374656774830642,0,0.00720744543385202,0.00178814407992247,0.00244601855738624,0,0,0,0,0.000750076067263428,0.0534390665042558,0,0.0094549590156766,0,0,0,0,0,0,0,0,0,0,0,0.00719275720328364,0,0,0,0,0,0,0,0,0,0,0,0,0,0,0,0.144180527674376,0,0,0,0,0,0,0,0,0,0,0,0,0.00187293463400617,0,0,0,0,0,0,0,0,0,0,0,0,0,0.001150802166488,0.00596133328502552,0,0.00357358069256399,0.00104195337130134,0
0,0.0793282866959662,0,0.0109879328763984,0,0.0207834585705366,0,0,0,0,0,0,0,0,0.000203769627297342,0.0248612042032956,0.00156764658852113,0.00494241544326432,0.00128859378573654,0,0,1.64563679500853e-05,0,0.0336492568997123,0,5.66790717733173e-05,0,0,0,0,0,0,0,0,0,0,0,0.00416029634979355,0,6.37939580150251e-05,0.000251212571208415,0.0010477552795299,0,0,0,0.000214778409721079,0,0.000142009516160352,7.57754426601457e-05,0.000104044305820422,0,0,0,0,0,0.112383443811186,0,1.18546260780222e-05,0,0,0,0.00549109111708124,0,0,0,0,0.00353197520236878,0,0,0,0,0,0.000966420830810452,0,0,0,0,0,2.93904992083797e-05,3.03708210936231e-06,0.00181172992827875,2.91749269384258e-05,0.00554518747361521,0.000418595332847481,0.000874385913852018,0,0
0,0,0,0,0,0,0,0,0,0,0,0,0.00057900923230908,0,0,0,0,0,0,0,0.0173333920903191,0,0,0,0,0,0,0,0,0,0.00357904881818726,0,0,0,0,0,0,0,0.0015369869967027,0,0,0,0,0,0,0,4.67168101987074e-05,0,1.04604489536769e-05,0,0,0,0.0018188273661225,0,0,0,0.183061893769878,0,0,0,0,0,0,0.00327911737589994,0,0,0,0,0,0,0,0,0,0.00213921437669558,0,0,0,0,0,5.87899460360834e-06,0,0.000343398066773639,0.000133792374194808,0,1.75670774023333e-05,0,0
0,0,0,5.01123962384628e-05,0,0,0,0.00235596292802644,0,0,0,0,0,0.0219325674047917,0,0,0,0,4.47271264249322e-05,0.0144476851442833,0,0,0,0,0,0,0,0,0,0.0106506641681678,0,0,0,0,0,0.00622721766898459,0,0.0123719178463195,0,4.18617971389675e-05,0,0,0,4.31449669545223e-05,0,0.000323569764108872,0,0,0,0,0,8.20929578518945e-05,0,0.00171081727543302,0,0,0,0.141377527298768,0,0,0,0,0.0199183428578634,0,0,0,0,0,0,0,0,0,0.00214586759015385,0,0,0,0,0,0.00505525725978676,0,0.00909689005871887,0,0.00307401292023657,0,0.000136442002199509,7.95959911480681e-05,0
0,0,0,0,0,0,0,0,0,0,0.00057900923230908,0,0,0,0.034812040486931,0,0,0,0,0,0,0,0,0,0,0,0,0,0,0,0,0,0,0,0,0,0,0,0,0,0,0,0,0,0,0,0,0,0,0,0,0,0,0,0,0,0,0,0.00392594245010588,0,0.000251453694086981,0,0,0,0,0,0,0,0,0,0,0,0,0,0,0,0,0,0,0,0,0,0.000137985362925974,6.15695307715214e-06,0,0,0
0,0,0,0,0,0,0,0.000361551948678639,0,0,0,0.0219325674047917,0,0,0,0.000670737232718641,0,0,0,0,0,0,0,0,0,0.00837903236961866,0,0.00477358615335477,0,0,0,0,0,0,0,0,0,0,0,0,0,0,0,0,0,0,0,0,0,0,0,0.000140696443850175,0,0,0,0,0,0.0734299425272076,0,0.017925483314043,0,0.00705723760953896,0,0,0,0,0,0,0.00374818442721767,0,0.000115439032855586,0,0,0,0,0,0,0,0,0,0,0,0.000849341625354826,0.00018596229474285,0,0,0
0,0,0,0,0,0,0,0,0.00374656774830642,0.000203769627297342,0,0,0.034812040486931,0,0,0,0.00412779476572721,0.000490482375132893,0.000910202394323063,0,0,0,0,5.82529398290561e-05,0.0131657319254855,0,0.00441064479173813,0,0.00108589210767639,0,0,0,0,0,0,0,0,0,0,0,1.67690599438816e-05,0,0,0,0,0,0,0,0,0,0,0,0,0,0.00101763770363317,0,0,0,0.0149516169013099,0,0.00266011877101846,0,0,0,0,0,0,0.00189858519068232,0,0.000598749517134485,0,0,0,0,0,0,0,0,0,0,0,0,0.000998386372934655,0,0,0,0
0,0,0,0,0,0,0,0,0,0.0248612042032956,0,0,0,0.000670737232718641,0,0,1.47406944788556e-05,0.00495267544532649,0,0,0,2.16196041400605e-05,0,0.00859545178979178,0,0.0121304145314111,0,0,0,0,0,0,0,0,0,0,0,0,0,0,0,0,0,0,0,0,0,0,0,0,0,0,0,0,0,0.0873384539241302,0,0,0,0,0,0.0468406052559407,0,0,0,0,0.000743104967365027,0,0,0,0,0,0,0,0,0,0,0,0,0,0,0,0.000268063647018749,0,0,0,0
0,0,0,0,0,8.76150896743583e-06,0,0,0.00720744543385202,0.00156764658852113,0,0,0,0,0.00412779476572721,1.47406944788556e-05,0,0.145804396377978,0.0816301770479637,3.32756396656281e-05,0,0,0.00253406962630423,0.0028158065998834,0.00896547464243264,2.61553270972166e-05,0.0121614904301371,0,0,0,0,0,0,0,0,0,1.30574838349815e-05,0,0,0.00175996735544086,0.00281718062852506,0.000631948619291633,0.00191540467534624,0.00018204669448903,0.000130185144912892,0.000359508412563335,0.000100768265187376,2.31354099405643e-05,1.32438430778411e-05,6.87089743493887e-05,0,0,0,0,0.00042112799225938,8.87724619487937e-05,7.96533633443484e-05,3.1292260527948e-06,0,0,1.49906484417653e-05,0,0,5.59456552033012e-05,0,0.00121188803594281,0.000349795716187865,0.00139533371864313,0,0.0001107729067031,0,0,0.000162224766731094,0.000590018787821387,0,0,0,0,0.00136365106155528,0.00179052315127831,0.000124011382454353,0.00101159266570609,0.0456365258133297,0.000666078748423207,0.00200466210370328,0.000248083280818366,0.000382021458363277
0,0,0,0,0,3.44923317565737e-06,0,0,0.00178814407992247,0.00494241544326432,0,0,0,0,0.000490482375132893,0.00495267544532649,0.145804396377978,0,0.0860899757519839,1.61694184721405e-05,0,0.00506007042349563,0,0.0132609437492936,0.00146203223555646,0.0140124763210943,0.000653944319218882,0.000689524517387419,0,0,0,0,0,0,0,0,0,0,0,0.00119847581543162,0.00177308416868706,0.000683976325377849,0.000977923775536731,5.76304632946136e-06,7.28436739755014e-05,0.000236451365108666,1.23205210721525e-05,0,1.18876847474553e-05,3.63911541304148e-05,0,0,0,0,0,0.000557303586246459,8.46834674328837e-05,2.80389718201972e-05,0,0,0,0,0,5.67932845073744e-05,0.00017167810612339,0,0.00410033476319192,2.29342972501362e-05,0.0054882046944267,0,0,0,5.7216457577655e-05,0.000442016342039714,0,0,0,0,0.00108737868783117,0.00171238306150882,0.000143435500631672,0.000616708043137111,0.0447595055841912,0.000485095366029816,0.00168359831229548,0.000275470736054856,6.1422964679849e-05
0,0,0,0.000342883730689842,0,6.11774737886613e-05,0,0,0.00244601855738624,0.00128859378573654,0,4.47271264249322e-05,0,0,0.000910202394323063,0,0.0816301770479637,0.0860899757519839,0,0.000293609102855366,0,0,0,0.00233861282247211,0.000777763559651894,0,0.000496784846580794,0,0,0,0,0,0,0,0,0,3.72528880481204e-05,5.6287896830059e-06,0,0.0289645961952303,0.0244930220111197,0.0165648470910891,0.017231505661444,0.00283218212489578,0.00363782516355016,0.00692605202952097,0.000610086037943287,0.000590920276471916,0.000164166243332441,0.00136830137454034,0,2.38435594262683e-05,0,0,0.000193248182921785,0.000127295487252342,0.00129931662345788,0.000598948242565913,0,0,0,0,0.000255128996372692,0.000721966446981583,0,0,0.000306738096729479,1.27987181631388e-05,0,0,0,0,0.00101894059943654,0.0102679745560192,0,0,4.41852122113056e-06,0,0.0163467128025856,0.0140702632704868,0.00234320674574418,0.00883213243564912,0.0240576836766962,2.79383842218418e-05,0.0297805897381648,0.00556442346493494,0.00520308462338357
0,0,0,0.00295827302620947,0,0.0082290198805599,0,0,0,0,0,0.0144476851442833,0,0,0,0,3.32756396656281e-05,1.61694184721405e-05,0.000293609102855366,0,0,0,0,0,0,0,0,0,0,0,0,0,0,0,0,0.00993398665691837,9.21605941147979e-06,0.0011763343679564,0,0.00103893985601863,0,0.00100339692876037,6.05391494216162e-05,0,0,0.00421020735010014,0,0.00218484921728423,0.000151870367338268,0.00440408638192286,0,0,0,0,0,0,0,0.00508436740803783,0,0,0,0,0.0468466733824222,0,0,0,0,0,0,0,0,0,0.0040982630783118,0,0,0,0.000134877540994676,0,0.0112520996745242,3.64898955215829e-06,0.00438558933737671,3.81872342719147e-06,0.000359304527585527,0,0.0122973687430966,0.000104489005730448,0
0,0,0,0,0.00857713007055216,0,0,0,0,0,0.0173333920903191,0,0,0,0,0,0,0,0,0,0,0,0,0,0,0,0,0,0,0,0,0,0,0,0,0,0.00719120166417775,0,0.00433379233191509,0,0.000329735514465357,0,0.000148231090591514,0,0,0,0.000502814881189093,0,0.00170755086592655,0,0,0,0,0,0,0,0.00315852111959726,0,0,0,0,0,0,0.031380480410574,0,0,0,0,0,0,0,0,0,0.00130218111884182,0,0,0,0,0,0.0115397100568886,0,0.000289200747780922,0.000361503017923849,0,0.00397770684119472,0,0
0,0,0,0,0,0,0,0,0,1.64563679500853e-05,0,0,0,0,0,2.16196041400605e-05,0,0.00506007042349563,0,0,0,0,0.0228246833237104,0.00366966922197735,0,0.00224521974081367,0,0.00892818179341677,0,0,0,0,0,6.39917782104268e-05,6.17442186053174e-05,0,0,0.00961229366939813,0.00017676754443641,0,0,2.6362773960681e-06,8.38530160549462e-06,0,0,0,0,0.000365060359733919,4.55809841768196e-05,0.00319558162160934,0,0,0,0,0,0,0,0,0,0,0,0,0,0,0.0980787622412683,0.00257410899117732,0.00566789148573895,0,0.00245530366011211,0,0.00290203998275184,0,0,0,0,0,0,8.07302240190958e-06,0,0,0.00483120042503841,2.88842932577379e-05,0.00682965054559177,0.000413935779007194,0.000196579161909221,0,0
0,0,0,0,0,0,0,0,0,0,0,0,0,0,0,0,0.00253406962630423,0,0,0,0,0.0228246833237104,0,0,0.00709250594494397,0,0.013871905321435,0,2.33663959079422e-05,0,0,0,0,3.90783660212532e-05,1.62363282601317e-05,0,0,6.77433881401436e-06,0.0180455898800812,0,0,4.66345459856064e-06,0,0,0,0,0,0.000204794108597143,0.0012790866281593,2.55579489510526e-05,0,0,0,0,0,0,0,0,0,0,0,0,0,0,0.00293021848130918,0.0785051262591575,0,0.000338506077146776,0,0.00502516241988649,0,0.00107816363893591,0,0,0,0,6.21945254013657e-06,0,0,0,3.34574679307121e-05,0.025171133504519,0.00655191778949247,0.00118366368197247,0.000109599295289302,0,0
0,0,0,0,0,0,0,0,0.000750076067263428,0.0336492568997123,0,0,0,0,5.82529398290561e-05,0.00859545178979178,0.0028158065998834,0.0132609437492936,0.00233861282247211,0,0,0.00366966922197735,0,0,0.000598534131700638,0.0294676795939544,0,0,0,0,0,0,0,0,6.16920434344363e-05,0,0,0.0128513824416058,9.44774807392734e-06,0.000176742227561632,0,0,1.77978826498338e-05,0,0,0,0,0.000268193421518178,4.79935775875473e-05,0.00891272658987331,0,0,0,0,0,0.000778790302103389,0,0,0,0,0,0,0,0,0.00300156506104703,0,0.0878854252379536,0,0.000147721395478584,0,0,0,0,0,0,0,0,0,0,2.047147146193e-05,0.000872928298180478,6.66965906965036e-06,0.0036776911331463,0,0.00657626349211034,0,0
0,0,0,0,0,0,0,0,0.0534390665042558,0,0,0,0,0,0.0131657319254855,0,0.00896547464243264,0.00146203223555646,0.000777763559651894,0,0,0,0.00709250594494397,0.000598534131700638,0,0,0.0105434485175209,0,0,0,0,0,0,0,0,0,0,0,0.00451909496561739,0,0,0,0,0,0,0,0,0,0.00878821805589892,0,0,0,0,0,0.0369832891022084,0,0,0,0,0,0,0,0,0,0,0.000965956637797256,0,0.244529264431749,0,0.00103530525699821,0,0,0,0,0,0,0,0,0,0,0,0.0013115234443082,0.00785639820432507,0,0.000860377705804381,0,0
0,0,0,0,0,0,0,0,0,5.66790717733173e-05,0,0,0,0.00837903236961866,0,0.0121304145314111,2.61553270972166e-05,0.0140124763210943,0,0,0,0.00224521974081367,0,0.0294676795939544,0,0,0,0.0113859975673057,0,0,0,0,0,0,0,0,0,0,0,0,0,0,0,0,0,0,0,0,0,0,0,0,0,0,0,0,0,0,0,0,0,0,0,0,8.18821436989886e-05,0,0.0238534921553271,0,0.00964312561895989,0,0.00771081410054172,0,0,0,0,0,0,0,0,1.7233336474254e-06,0,0,0.00145638158828479,0,0,0,0
0.000397793882744822,0,0,0,0,0,0,0,0.0094549590156766,0,0,0,0,0,0.00441064479173813,0,0.0121614904301371,0.000653944319218882,0.000496784846580794,0,0,0,0.013871905321435,0,0.0105434485175209,0,0,0,0.00343024195903458,0,0,0,0,0,0,0,0,0,0,0,1.68887607119336e-05,0,0,0,0,0,0,0,0,0,0,0,0,0,0.0226803827147536,0,0,0,0,0,0.0117546629610726,0,0,0,0,0,0,0.0371975237433555,0,0.0463665801401619,0,0,0,0,0,0,0,0,0,0,0,3.08011146104626e-06,0.00221858620256926,0,0,0,0
0,0,0,0,0,0,0,0,0,0,0,0,0,0.00477358615335477,0,0,0,0.000689524517387419,0,0,0,0.00892818179341677,0,0,0,0.0113859975673057,0,0,0,0.0213919566486387,0,0,0,0,0,0,0,0.000129595660221603,0,0,0,0,0,0,0,0,0,0,0,0,0,0,0,0,0,0,0,0,0,0.000580151162491397,0,0,0,0,0.00456211922479156,0,0,0,0.0452292054078804,0,0.0342086244753356,0,0.0183904828026266,0,0,0,0,0,0,0,0.00351098411534649,0,0.000275008993744535,0,0,0,0
0,0,0,0,0,0,0,0,0,0,0,0,0,0,0.00108589210767639,0,0,0,0,0,0,0,2.33663959079422e-05,0,0,0,0.00343024195903458,0,0,0,0,0,0,0,0,0,0,0,2.99016624813759e-05,0,0,0,0,0,0,0,0,0,0,0,0,0,0,0,0,0,0,0,0,0,0,0,0,0,0,0,0,0,0,0.0127245950432687,0,0.0382689494767895,0,0,0,0,0,0,0,0,0,0.000249874215346294,0,0,0,0,0
0,0,0,0,0,0,0,0,0,0,0,0.0106506641681678,0,0,0,0,0,0,0,0,0,0,0,0,0,0,0,0.0213919566486387,0,0,0,0,0,0,0,0,0,0.00159957929429565,0,0,0,0,0,0,0,0,0,0,0,0,0,0,0,0,0,0,0,0,0,0,0,0,0,0,0,0,0,0,0,0,0.019823015094511,0,0.0915064230708698,0,0,0,0,0,0,0,0.00291406549029191,0,0.000443296090592199,0,0,0,0
0,0,0,0,0,0,0,0,0,0,0.00357904881818726,0,0,0,0,0,0,0,0,0,0,0,0,0,0,0,0,0,0,0,0,0,0,0,0,0,0,0,0.000456864537394869,0,0,0,0,0,0,0,0,0,0,0,0,0,0,0,0,0,0.0245508752983018,0,0,0,0,0,0,0,0,0,0,0,0,0,0,0,0,0.138886823873152,0,0,0,0,0,0,0,0.00218073189153009,3.23605577110973e-06,0,0,0,0
0,0,0,0,0,0,0,0,0,0,0,0,0,0,0,0,0,0,0,0,0,0,0,0,0,0,0,0,0,0,0,0,0.249400686472666,3.70718610223511e-05,0.00395823665402498,0.000533744967202491,0.00266006776659864,0,0,0.000995917765854847,0,0,0,0,0,0,0,0.0822793213208501,0.000148746634448989,0.000426273792928256,0,0,0,0,0,0,0,0,0,0,0,0,0,0,0,0,0,0,0,0,0,0,0,0,0.243944744981088,0.0405093676770801,0.000328359505200777,0.000873956666850246,0.00107857684974078,8.67009591939367e-05,0,0,0.00206956617598286,0,0,0,0
0,0,0,0,0,0,0,0,0,0,0,0,0,0,0,0,0,0,0,0,0,0,0,0,0,0,0,0,0,0,0,0.249400686472666,0,0.000940160340675963,0.00311546108514291,3.77270893544864e-05,0.00502981492139551,0,0,0,0,0,0,0,0,0,0,0.0173668522179805,0,0,0,0,0,0,0,0,0,0,0,0,0,0,0,0,0,0,0,0,0,0,0,0,0,0,0.33749736345129,0.583204003807916,0.00316234677928572,0.0252546362928856,3.17049973533593e-05,0.00383576066781659,0,0,0.00303806504534251,0,0,0,0
0,0,0,0,0,0,0,0,0,0,0,0,0,0,0,0,0,0,0,0,0,6.39917782104268e-05,3.90783660212532e-05,0,0,0,0,0,0,0,0,3.70718610223511e-05,0.000940160340675963,0,0.163144858966939,0.00205547814619758,2.62286939928014e-05,0.00778989497692579,0.00101163751578265,0,0,0,4.2090126136683e-05,0,0,3.64395994053432e-05,0,0.106206249556225,0.000885764750324323,0.00296018973144866,0,0,0,0,0,0,0,0,0,0,0,0,0,0,2.16112707912323e-05,0,0,0,0,0,0,0,0,0,0.00175238343218044,7.30887206332148e-05,0.474606892323081,0.0646659766129573,0.00105237255881004,0,0.00783223689053824,0.000533361113950262,0.0103988199494421,1.09290283175268e-05,0.000845010597052912,0,0
0,0,0,0,0,0,0,0,0,0,0,0,0,0,0,0,0,0,0,0,0,6.17442186053174e-05,1.62363282601317e-05,6.16920434344363e-05,0,0,0,0,0,0,0,0.00395823665402498,0.00311546108514291,0.163144858966939,0,0,0.0154745785912319,0.000479497078624923,0.00661875939772941,0,0,1.94466126245165e-05,0.000349724185340686,0,0,0,0,0.0700005860174431,0.0132202640072852,0.0080863502022038,0,0,0,0,0,0,0,0,0,0,0,0,0,0,6.56082494345056e-05,0,2.06437689541667e-05,0,0,0,0,0,0,0,0.0109946003612351,0.00275247720425575,0.183205704953301,0.738169600698181,0,0.0052497697128953,0.00239423485485558,0.00488331821003865,0.0101160331222727,6.57682611218375e-06,0.00139178517772724,0,0
0,0,0,0,0,0,0,0,0,0,0,0.00622721766898459,0,0,0,0,0,0,0,0.00993398665691837,0,0,0,0,0,0,0,0,0,0,0,0.000533744967202491,3.77270893544864e-05,0.00205547814619758,0,0,0.00914587992459432,0.0205728237416654,3.18861950595727e-05,8.48524696758988e-05,8.18990077199023e-06,0,0,0,0,0,0,0.0025632456650711,4.41498136530536e-05,4.34686946318099e-05,0,0,0,0,0,0,0,0.000220277510906249,0,0,0,0,0.00280062265500377,0,0,0,0,0,0,0,0,0,0,0,1.80959105083346e-05,0,0.000152087216466794,0,0.0972289691077061,0.00271815860914686,0.00714545867222755,0,0.0137806425000398,0.00421587935218931,4.99810701825469e-05,0,0
0,0,8.75395319516497e-05,6.2026480804674e-06,0.000400137407685018,0,0,0,0,0,0,0,0,0,0,0,1.30574838349815e-05,0,3.72528880481204e-05,9.21605941147979e-06,0.00719120166417775,0,0,0,0,0,0,0,0,0,0,0.00266006776659864,0.00502981492139551,2.62286939928014e-05,0.0154745785912319,0.00914587992459432,0,3.51258584093019e-05,0.0140517733116449,0.000346770912911728,0.000202887113323168,7.72462926498334e-05,0.00055538693108595,0,0,0.000129901551558239,0.000522228152589168,0.00280565647747726,0.00172071167861027,0.000494852103125026,8.08464998044395e-05,0,0,0,0,0,5.00516857350873e-05,3.35933534419421e-05,0,0,0,0,8.67829426927589e-06,0.00106653555079678,0,0,0,0,0,0,0,0,1.49379548702141e-05,7.531253728525e-05,3.26721862232786e-06,0.00460377631661918,0.000149885122130096,0.00122261234215849,0.00176131545480789,0.0904684080461941,6.93594469112883e-06,0.00216274787431923,0.0169875845905507,0.00924891678120123,0.00232335114482906,5.47430947415604e-06,2.53111693531873e-05
0,0,0,0,0,0,0,0,0,0.00416029634979355,0,0.0123719178463195,0,0,0,0,0,0,5.6287896830059e-06,0.0011763343679564,0,0.00961229366939813,6.77433881401436e-06,0.0128513824416058,0,0,0,0.000129595660221603,0,0.00159957929429565,0,0,0,0.00778989497692579,0.000479497078624923,0.0205728237416654,3.51258584093019e-05,0,0.0152690869051839,0,0,1.55025142372149e-05,6.30939924066351e-05,1.59537805539897e-05,0,3.83288280424625e-05,0,0.0160240130717445,0.00021614607163519,0.00488847084432359,0,0,0,0,0,0.00331575883617083,0,0.000481609268134796,0,0,0,0,0.00203407095188462,0,0.00546855416812793,0,0.0115799076241812,0,0,0,0,0,0.00132965348678994,0,0,0,3.73002112610266e-05,8.78178207074293e-05,0.00242015627806393,0,0.0971132857232863,0.000203772334375944,0.0135803261241399,0.0066516349506643,0.0053733290091639,0,0
0,0,0,0,0,0,0,0,0.00719275720328364,0,0.0015369869967027,0,0,0,0,0,0,0,0,0,0.00433379233191509,0.00017676754443641,0.0180455898800812,9.44774807392734e-06,0.00451909496561739,0,0,0,2.99016624813759e-05,0,0.000456864537394869,0,0,0.00101163751578265,0.00661875939772941,3.18861950595727e-05,0.0140517733116449,0.0152690869051839,0,0,0,6.98608143026915e-05,0,0,0,0,0,0.0291112101723866,0.007435435576536,0.000758275206895815,0,0,0,0,0.00152889011465561,0,1.81742711660764e-05,0,0,0,0,0,0,0.00182444046044881,5.60642007306831e-05,0.00431775568086414,2.80223774081585e-05,0.000534443005846969,0,0,0,0,0,5.16225658934565e-05,0,0,0.000109113771554453,0.000478137573951714,0,0.0026143546428964,0.00342368029035299,0.0926258812879127,0.0189679939356559,0.0108616310407929,0.00643290297430147,0,0
0,0,0,0.00106316945963109,0,0.000622910548317999,0,0,0,6.37939580150251e-05,0,4.18617971389675e-05,0,0,0,0,0.00175996735544086,0.00119847581543162,0.0289645961952303,0.00103893985601863,0,0,0,0.000176742227561632,0,0,0,0,0,0,0,0.000995917765854847,0,0,0,8.48524696758988e-05,0.000346770912911728,0,0,0,0.00378586840479972,0.0730221234348757,0.00110883983224224,0.00655893348041164,0,0.0142456483017877,0.000226392002165647,0.0148584176329446,0.0117418164199239,0.0486502705727179,0,0,0,0,0,0,0.000169828962478426,0.00104861738535146,0,0,0,0,0.00275973511110764,0.000103316593507628,0,0,0,0,0,0,0,0,0.00254100701949669,0.000958865904782078,0,0,0,0,0.0133020477921586,0.000614673103753172,0.00179441176544093,0.000290849384037091,0.0015691477391022,1.13991151176324e-06,0.0308445887159361,0.0169805329636196,0.000405795872114034
0,0,0,5.64435494619405e-05,0.0007277604225241,5.14790273572544e-05,0,0,0,0.000251212571208415,0,0,0,0,1.67690599438816e-05,0,0.00281718062852506,0.00177308416868706,0.0244930220111197,0,0.000329735514465357,0,0,0,0,0,1.68887607119336e-05,0,0,0,0,0,0,0,0,8.18990077199023e-06,0.000202887113323168,0,0,0.00378586840479972,0,0.000840882207157528,0.0511177250285355,0,0.00666326938544663,0.000833481430654769,0.0152356644315512,0.00256955650158042,0.0581667199160775,6.48910964033337e-05,3.42594775273588e-05,0,0,0,0,0,0.000844636726035137,7.91671277856173e-05,0,0,0,0,6.77780897025192e-06,0.0123942868933034,0,0,0,0,0,0,0,0,0.000262971130930432,0.00735471538271525,0,0,0,0,0.000564008722970137,0.0143937469767139,0.000212743077926364,0.00262640010287679,0.00203134713909585,7.7510851513315e-06,0.0356943958229426,0.000752491082051539,0.00169636798398848
0,0.00543047188530487,0,0.00345452374747823,0,0.000556013477247562,0,0,0,0.0010477552795299,0,0,0,0,0,0,0.000631948619291633,0.000683976325377849,0.0165648470910891,0.00100339692876037,0,2.6362773960681e-06,4.66345459856064e-06,0,0,0,0,0,0,0,0,0,0,0,1.94466126245165e-05,0,7.72462926498334e-05,1.55025142372149e-05,6.98608143026915e-05,0.0730221234348757,0.000840882207157528,0,0.00976898502345032,0.00249079433556021,0,0.0107806503094944,0,0.00437170708867721,0.00025232622296183,0.0172257911397062,0,1.27996540492622e-05,0,0,0,0,0.000119912929276915,0.0304171146253627,0,0,0,0,0.0203835428751408,3.33577437466315e-05,3.37909782010355e-06,0,1.09724380906728e-05,0,0,0,0,0,0.0466295744366876,0.000442454912810925,0,0,7.09156970511211e-05,0,0.0175746211170564,0.000303924967431652,0.00297813219017088,0.000264222510938281,0.00207130031041925,0,0.102860858849447,0.0542249806248549,1.46054283211105e-05
0.000959385277280879,0,0.000724407260746231,0,0.000405013145395433,0,0,0,0,0,0,0,0,0,0,0,0.00191540467534624,0.000977923775536731,0.017231505661444,6.05391494216162e-05,0.000148231090591514,8.38530160549462e-06,0,1.77978826498338e-05,0,0,0,0,0,0,0,0,0,4.2090126136683e-05,0.000349724185340686,0,0.00055538693108595,6.30939924066351e-05,0,0.00110883983224224,0.0511177250285355,0.00976898502345032,0,0,0.0013984414411216,0.000355448745796766,0.00534694976547595,0.00658666759402329,0.0263288850738431,0.000434069685577074,0.00052050048015935,0,0,0,0,0,0.0242150700064548,6.27258990898292e-05,0,0,0,0,7.94449138727545e-06,0.023347371021516,1.77848584376001e-05,0,2.35977228637164e-05,0,0,0,0,0,8.09738777765882e-05,0.0598733460764994,0,0,2.79743310276721e-05,2.1271887700475e-05,0.000464839600112251,0.0182704886499818,0.000302046007305913,0.00836108752618844,0.0041001433746592,1.3022540043924e-05,0.0832830902166383,0.000597845144353028,0.0554616473182111
0,0,0,0,0,0,0,0,0,0,0,4.31449669545223e-05,0,0,0,0,0.00018204669448903,5.76304632946136e-06,0.00283218212489578,0,0,0,0,0,0,0,0,0,0,0,0,0,0,0,0,0,0,1.59537805539897e-05,0,0.00655893348041164,0,0.00249079433556021,0,0,0,0.000490682183778119,0,0,0,0,0,0,0,0,0,0,0,0.00132427396733206,0,0,0,0,0.000230517796655021,0,0,0,0,0,0,0,0,0,0.015208431600049,0,0,0,0,0,0.00361672701270866,4.81422003254376e-05,0.0021031787551774,1.96135151285439e-05,2.2147967665144e-05,0,0.00768211153215157,0.00159427968985166,0
0,0,0,0,0,0,0,0,0,0,0,0,0,0,0,0,0.000130185144912892,7.28436739755014e-05,0.00363782516355016,0,0,0,0,0,0,0,0,0,0,0,0,0,0,0,0,0,0,0,0,0,0.00666326938544663,0,0.0013984414411216,0,0,0,0.000127508907533084,0,1.82606305253054e-05,0,0,0,0,0,0,0,0.000448256246333002,0,0,0,0,0,0,6.17731083018408e-05,0,0,0,0,0,0,0,0,0,0.00526315933367471,0,0,0,0,2.62565762406034e-05,0.000853511077783236,0,0.000795996585841426,3.62876030094694e-05,0,0.0015067117282029,0,0.000367165907474322
0,0,0,0.00420335344105347,0,0.00380347231565996,0,0,0,0.000214778409721079,0,0.000323569764108872,0,0,0,0,0.000359508412563335,0.000236451365108666,0.00692605202952097,0.00421020735010014,0,0,0,0,0,0,0,0,0,0,0,0,0,3.64395994053432e-05,0,0,0.000129901551558239,3.83288280424625e-05,0,0.0142456483017877,0.000833481430654769,0.0107806503094944,0.000355448745796766,0.000490682183778119,0,0,0.000188279289065201,0.00625410599824871,0.00153732863385153,0.0229788807886149,0,6.2447594071052e-05,0,0,0,0,0,0.00455689913594153,0,0,0,0,0.068677214390342,1.90009251915939e-05,0,0,0,0,0,0,0,0,0.0163224169966939,6.32283407808361e-05,0,0,0.00022383875494885,0,0.0138567799989784,0.000265176378346105,0.00543265985039383,8.97631483267019e-05,0.000548436925951911,0,0.0474280824728458,0.000619841518539872,0
0,0,0.00184563014115794,0,0.00324984752167789,0,0,0,0,0,4.67168101987074e-05,0,0,0,0,0,0.000100768265187376,1.23205210721525e-05,0.000610086037943287,0,0.000502814881189093,0,0,0,0,0,0,0,0,0,0,0,0,0,0,0,0.000522228152589168,0,0,0.000226392002165647,0.0152356644315512,0,0.00534694976547595,0,0.000127508907533084,0.000188279289065201,0,0.00109695569895813,0.0108836405756076,4.34182201021672e-05,0.000855858561262521,0,0,0,0,0,0.00425636569945209,0,0,0,0,0,0,0.0277669904425324,0,0,0,0,0,0,0,0,0,0.00317325052270209,0,0,0,0,3.53636075442319e-05,0.012979083708116,0,0.00119875706265955,0.000181864151584181,0,0.013607138210153,0,0.000312770154085414
0.000152715629508391,0,0.000113116925916836,0.00116050360462322,0.000198541790170246,0.000934758034614618,0,0,0,0.000142009516160352,0,0,0,0,0,0,2.31354099405643e-05,0,0.000590920276471916,0.00218484921728423,0,0.000365060359733919,0.000204794108597143,0.000268193421518178,0,0,0,0,0,0,0,0.0822793213208501,0.0173668522179805,0.106206249556225,0.0700005860174431,0.0025632456650711,0.00280565647747726,0.0160240130717445,0.0291112101723866,0.0148584176329446,0.00256955650158042,0.00437170708867721,0.00658666759402329,0,0,0.00625410599824871,0.00109695569895813,0,0.0626491516578674,0.0969833710677503,7.5461628112998e-05,0,0,0,8.41190867302121e-05,0,0.000182936728848576,0.000499569331938231,0,0,0,0,0.00193277341699008,0.000800355916480637,0.000415917877982521,6.22899067019757e-05,0.000297103621719215,0,1.64719791177327e-05,0,0,0,0.000566808623114734,2.82359304411039e-05,0.06800090662592,0.0317870581123572,0.119427142696957,0.082518358688372,0.0190601704017032,0.00983749513156974,0.00610282906343559,0.00587154031390168,0.00209131067425747,0,0.0456396609323947,3.6107220042149e-05,0.000595382485132253
0.000704165953360323,0,0.00253443072972067,8.13668008621971e-05,0.00287481291206457,0.000108110038531881,0,0,0,7.57754426601457e-05,1.04604489536769e-05,0,0,0,0,0,1.32438430778411e-05,1.18876847474553e-05,0.000164166243332441,0.000151870367338268,0.00170755086592655,4.55809841768196e-05,0.0012790866281593,4.79935775875473e-05,0.00878821805589892,0,0,0,0,0,0,0.000148746634448989,0,0.000885764750324323,0.0132202640072852,4.41498136530536e-05,0.00172071167861027,0.00021614607163519,0.007435435576536,0.0117418164199239,0.0581667199160775,0.00025232622296183,0.0263288850738431,0,1.82606305253054e-05,0.00153732863385153,0.0108836405756076,0.0626491516578674,0,0.00930040417649637,0.00300941441190395,0,0,0,0,0,0.00327592878867762,6.63457560461838e-05,0,0,0,0,7.32899312680088e-05,0.00646810393053816,7.31001280339989e-05,0.00118562820340789,2.28319286244747e-05,0.00269670915021307,0,0.00312889732142527,0,0.00190920967540346,5.62236931367656e-05,0.00533230133791209,0,0,0.0014755067319227,0.0100349135623403,0.000511349159275904,0.00615855486724506,0.000703832885177213,0.00296609624148233,0.00191616138204265,0,0.0600938738244586,0,0.000782861007829144
0,0.000491946281724727,0,0.0197710380032308,0,0.00160397413069952,0,0,0,0.000104044305820422,0,0,0,0,0,0,6.87089743493887e-05,3.63911541304148e-05,0.00136830137454034,0.00440408638192286,0,0.00319558162160934,2.55579489510526e-05,0.00891272658987331,0,0,0,0,0,0,0,0.000426273792928256,0,0.00296018973144866,0.0080863502022038,4.34686946318099e-05,0.000494852103125026,0.00488847084432359,0.000758275206895815,0.0486502705727179,6.48910964033337e-05,0.0172257911397062,0.000434069685577074,0,0,0.0229788807886149,4.34182201021672e-05,0.0969833710677503,0.00930040417649637,0,0,7.0601378080128e-05,0,0,0,0.000104068803136111,1.31517726755462e-05,0.00893048256264936,0,0.000986432151818426,0,0,0.0063547948088038,0.000133385290738752,0.00613533993161463,1.7765335244345e-05,0.0106709214444859,0,0.000615776824322027,0,0.00251119617897247,0,0.00471993344683059,1.24484384045522e-05,0.000264613538104286,0,0.00392859122649424,0.00674694398800209,0.00892982778289413,6.94843395747843e-05,0.00471776957954801,0.000674555203690138,0.00117100179494668,0,0.0452657771560817,0.000219140918169656,0.000101225092195988
0,0,0,0,0.0751769741626401,0,0,0,0,0,0,0,0,0,0,0,0,0,0,0,0,0,0,0,0,0,0,0,0,0,0,0,0,0,0,0,8.08464998044395e-05,0,0,0,3.42594775273588e-05,0,0.00052050048015935,0,0,0,0.000855858561262521,7.5461628112998e-05,0.00300941441190395,0,0,0,0,0,0,0,0,0,0.00191253805197139,0,0.00290696489708193,0,0,0.00836771842921834,0,0,0,0,0,0,0,0,0,3.09488082851953e-05,0,0,0,0,0,6.32257543312933e-06,0,0,6.67194686486884e-06,0,0.00429179640171592,0,0
0,0,0,0.00760941592380148,0,0.187195207264023,0,0,0,0,0,8.20929578518945e-05,0,0.000140696443850175,0,0,0,0,2.38435594262683e-05,0,0,0,0,0,0,0,0,0,0,0,0,0,0,0,0,0,0,0,0,0,0,1.27996540492622e-05,0,0,0,6.2447594071052e-05,0,0,0,7.0601378080128e-05,0,0,0,0,0,0,0,1.59939494003555e-05,0,0,0,0.00433483856443519,0,0,0,0,0,0,0,0,0,0,0,0,0,0,0,0,8.40622671857581e-06,0,0,0,0.000254326145229609,0,0.00162946790090128,0,0
0,0,0,0,0.000208268247661181,0,0.153989651067024,0,0,0,0.0018188273661225,0,0,0,0,0,0,0,0,0,0,0,0,0,0,0,0,0,0,0,0,0,0,0,0,0,0,0,0,0,0,0,0,0,0,0,0,0,0,0,0,0,0,0,0,0,0.000395255145491841,0,0,0,0,0,0,0,0,0,0,0,0,0,0,0,0,0,0,0,0,0,0,0,0,0,0,0,0,0,0
0,0,0,0,0,0.0174579721617731,0,0.0405852104680425,0,0,0,0.00171081727543302,0,0,0,0,0,0,0,0,0,0,0,0,0,0,0,0,0,0,0,0,0,0,0,0,0,0,0,0,0,0,0,0,0,0,0,0,0,0,0,0,0,0,0,0,0,0.0143852047599995,0,0.00229012997931275,0,0,0,0,0,0,0,0,0,0,0,0,0,0,0,0,0,0,0,0,0,0,2.01507164944042e-05,0,0,0,0
0.0235780580193837,0,0,0,0.000671992638704526,0,0,0,0.144180527674376,0,0,0,0,0,0.00101763770363317,0,0.00042112799225938,0,0.000193248182921785,0,0,0,0,0,0.0369832891022084,0,0.0226803827147536,0,0,0,0,0,0,0,0,0,0,0,0.00152889011465561,0,0,0,0,0,0,0,0,8.41190867302121e-05,0,0,0,0,0,0,0,0,0,0,0,0,0,0,0,0,0,0,0,0.00249216605445927,0,0,0,0,0,0,0,0,0,0,0,0,0,0.0019768398708965,0.000424399980089123,0,0.000326668382664171,0,0
0,0.178450047227749,0,0.000341519634651711,0,0,0,0,0,0.112383443811186,0,0,0,0,0,0.0873384539241302,8.87724619487937e-05,0.000557303586246459,0.000127295487252342,0,0,0,0,0.000778790302103389,0,0,0,0,0,0,0,0,0,0,0,0,0,0.00331575883617083,0,0,0,0,0,0,0,0,0,0,0,0.000104068803136111,0,0,0,0,0,0,0,0,0,0,0,0.0240858708492993,0,0,0,0,0.000740765707645235,0,0,0,0,0,0,0,0,0,0,0,0,0,0.0059954064447248,0,0.000247850472165984,0,0.000528867220145387,0,0
0,0,0.000423201645481146,0,0,0,0.000284269255187485,0,0,0,0.183061893769878,0,0,0,0,0,7.96533633443484e-05,8.46834674328837e-05,0.00129931662345788,0,0.00315852111959726,0,0,0,0,0,0,0,0,0,0.0245508752983018,0,0,0,0,0,5.00516857350873e-05,0,1.81742711660764e-05,0.000169828962478426,0.000844636726035137,0.000119912929276915,0.0242150700064548,0,0.000448256246333002,0,0.00425636569945209,0.000182936728848576,0.00327592878867762,1.31517726755462e-05,0,0,0.000395255145491841,0,0,0,0,0,0,0,0,0,0,0.0190229930982208,0,0,0,0,0,0,0,0,0,0.0127235647618218,0,0,0,0,4.96840142599994e-05,0.000442062491934592,9.59430138823189e-06,9.53267141369004e-05,0.00163053102764243,0,0.0211427152473332,2.90062725191442e-05,0.00491775766732938
0,0,0,0.00152555536847826,0,0.000157860190352283,0,0.00254366644525536,0,1.18546260780222e-05,0,0.141377527298768,0,0.0734299425272076,0,0,3.1292260527948e-06,2.80389718201972e-05,0.000598948242565913,0.00508436740803783,0,0,0,0,0,0,0,0,0,0,0,0,0,0,0,0.000220277510906249,3.35933534419421e-05,0.000481609268134796,0,0.00104861738535146,7.91671277856173e-05,0.0304171146253627,6.27258990898292e-05,0.00132427396733206,0,0.00455689913594153,0,0.000499569331938231,6.63457560461838e-05,0.00893048256264936,0,1.59939494003555e-05,0,0.0143852047599995,0,0,0,0,0,0.00241582616504323,0,0,0.0267257718618453,0,0,0,0,0,0,0,0,0,0.036556645927859,0.000129451752449362,0,0,1.05729461042595e-05,0,0.00036307134608072,9.43304000164671e-06,0.00028626512346449,1.55870621544384e-05,0.000205119694749057,0,0.0146789060949693,0.00520819035376935,0
0,0,0,0,0,0,0,0,0,0,0,0,0.00392594245010588,0,0.0149516169013099,0,0,0,0,0,0,0,0,0,0,0,0,0,0,0,0,0,0,0,0,0,0,0,0,0,0,0,0,0,0,0,0,0,0,0,0.00191253805197139,0,0,0,0,0,0,0,0,0,0.000534843675858552,0,0,0,0,0,0,0,0,0,0,0,0,0,0,0,0,0,0,0,0,0,0,0,0,0,0
0,0,0,0,0,7.57260204409249e-05,0,0.020786760569753,0,0,0,0,0,0.017925483314043,0,0,0,0,0,0,0,0,0,0,0,0,0,0.000580151162491397,0,0,0,0,0,0,0,0,0,0,0,0,0,0,0,0,0,0,0,0,0,0.000986432151818426,0,0,0,0.00229012997931275,0,0,0,0.00241582616504323,0,0,0,0,0,0,0,0,0,0,0,0,0,0,0,0,0,0,0,0,0,0,0,0,0.000481444933020127,5.96450536249904e-06,0,0,0
0,0,0,0,0,0,0,0,0,0,0,0,0.000251453694086981,0,0.00266011877101846,0,1.49906484417653e-05,0,0,0,0,0,0,0,0,0,0.0117546629610726,0,0,0,0,0,0,0,0,0,0,0,0,0,0,0,0,0,0,0,0,0,0,0,0.00290696489708193,0,0,0,0,0,0,0,0.000534843675858552,0,0,0,0,0,0,0,0,0,0,0.0126708650721746,0,0,0,0,0,0,0,0,0,0,0,0,4.7860079826825e-06,0,0,0,0
0,0.00656905591240219,0,0,0,0,0,0,0,0.00549109111708124,0,0,0,0.00705723760953896,0,0.0468406052559407,0,0,0,0,0,0,0,0,0,0,0,0,0,0,0,0,0,0,0,0,0,0,0,0,0,0,0,0,0,0,0,0,0,0,0,0.00433483856443519,0,0,0,0.0240858708492993,0,0,0,0,0,0,0,0,0,0,0.0149446099070602,0,0,0,0,0,0,0,0,0,0,0,0,0,0,0,5.40411959817216e-05,3.1533680556015e-05,0.00367805801435301,0,0
0,0,0,0.00184602581020792,0,0.00951616444604696,0,0,0,0,0,0.0199183428578634,0,0,0,0,0,0,0.000255128996372692,0.0468466733824222,0,0,0,0,0,0,0,0,0,0,0,0,0,0,0,0.00280062265500377,8.67829426927589e-06,0.00203407095188462,0,0.00275973511110764,6.77780897025192e-06,0.0203835428751408,7.94449138727545e-06,0.000230517796655021,0,0.068677214390342,0,0.00193277341699008,7.32899312680088e-05,0.0063547948088038,0,0,0,0,0,0,0,0.0267257718618453,0,0,0,0,0,0,0,0,0,0,0,0,0,0,0.0305483154974818,1.93657131133712e-05,0,0,4.302082803162e-05,0,0.0280790614719486,0,0.0101807651990689,0,0.00119703200720837,0,0.0231467128138798,0.00020870330440435,0
0,0,0,0,0.0498789676596206,0,0,0,0,0,0.00327911737589994,0,0,0,0,0,5.59456552033012e-05,5.67932845073744e-05,0.000721966446981583,0,0.031380480410574,0,0,0,0,0,0,0,0,0,0,0,0,0,0,0,0.00106653555079678,0,0.00182444046044881,0.000103316593507628,0.0123942868933034,3.33577437466315e-05,0.023347371021516,0,6.17731083018408e-05,1.90009251915939e-05,0.0277669904425324,0.000800355916480637,0.00646810393053816,0.000133385290738752,0.00836771842921834,0,0,0,0,0,0.0190229930982208,0,0,0,0,0,0,0,0,0,0,0,0,0,0,0,0,0.0111606581959908,0,0,0,0,1.56510639518348e-05,0.0322660503386766,0,0.014456802189631,0.00115191426916602,0,0.0406694144216812,0,0.000681301446733053
0,0,0,0,0,0,0,0,0,0,0,0,0,0,0,0,0,0.00017167810612339,0,0,0,0.0980787622412683,0.00293021848130918,0.00300156506104703,0,8.18821436989886e-05,0,0.00456211922479156,0,0,0,0,0,2.16112707912323e-05,6.56082494345056e-05,0,0,0.00546855416812793,5.60642007306831e-05,0,0,3.37909782010355e-06,1.77848584376001e-05,0,0,0,0,0.000415917877982521,7.31001280339989e-05,0.00613533993161463,0,0,0,0,0,0,0,0,0,0,0,0,0,0,0,9.6189036322319e-06,0.00401659970083748,0,0,0,0.000108394801806233,0,0,0,0,0,0,1.23197283838143e-05,0,0,0.00138347304375019,5.42157604492129e-05,0.00193450944196101,0.000236570029902374,9.12872093213124e-05,0,0
0,0,0,0,0,0,0,0,0,0,0,0,0,0,0,0,0.00121188803594281,0,0,0,0,0.00257410899117732,0.0785051262591575,0,0.000965956637797256,0,0,0,0,0,0,0,0,0,0,0,0,0,0.00431775568086414,0,0,0,0,0,0,0,0,6.22899067019757e-05,0.00118562820340789,1.7765335244345e-05,0,0,0,0,0,0,0,0,0,0,0,0,0,0,9.6189036322319e-06,0,0,0.00254430817776958,0,0,0,0,0,0,0,0,0,0,0,0,1.22182842897244e-05,0.00270379810305586,0.00107793661800172,5.52462234443956e-05,8.4060723040251e-05,0,0
0,0,0,0,0,0,0,0,0,0.00353197520236878,0,0,0,0,0,0.000743104967365027,0.000349795716187865,0.00410033476319192,0.000306738096729479,0,0,0.00566789148573895,0,0.0878854252379536,0,0.0238534921553271,0,0,0,0,0,0,0,0,2.06437689541667e-05,0,0,0.0115799076241812,2.80223774081585e-05,0,0,1.09724380906728e-05,2.35977228637164e-05,0,0,0,0,0.000297103621719215,2.28319286244747e-05,0.0106709214444859,0,0,0,0,0,0.000740765707645235,0,0,0,0,0,0.0149446099070602,0,0,0.00401659970083748,0,0,0,0.0407716226653225,0,0.00057975851494689,0,0,0,0,0,0,0,0,0,0.00727137360491798,5.363512948986e-06,0.000692809343497797,0,0.0100008106882893,0,0
0,0,0,0,0,0,0,0,0.00187293463400617,0,0,0,0,0,0.00189858519068232,0,0.00139533371864313,2.29342972501362e-05,1.27987181631388e-05,0,0,0,0.000338506077146776,0,0.244529264431749,0,0.0371975237433555,0,0,0,0,0,0,0,0,0,0,0,0.000534443005846969,0,0,0,0,0,0,0,0,0,0.00269670915021307,0,0,0,0,0,0.00249216605445927,0,0,0,0,0,0,0,0,0,0,0.00254430817776958,0,0,0,0.104938542902786,0,0,0,0,0,0,0,0,0,0,0,0.00103068789060838,0.000232156358013128,0,0.000174599101718323,0,0
0,0,0,0,0,0,0,0,0,0,0,0,0,0.00374818442721767,0,0,0,0.0054882046944267,0,0,0,0.00245530366011211,0,0.000147721395478584,0,0.00964312561895989,0,0.0452292054078804,0,0,0,0,0,0,0,0,0,0,0,0,0,0,0,0,0,0,0,1.64719791177327e-05,0,0.000615776824322027,0,0,0,0,0,0,0,0,0,0,0,0,0,0,0,0,0.0407716226653225,0,0,0,0.00196252181849945,0,0,0,0,0,0,0,0,0,0,0,0.0001390631101386,3.10540690406924e-05,0.00192350937510343,0,0
0,0,0,0,0,0,0,0,0,0,0,0,0,0,0.000598749517134485,0,0.0001107729067031,0,0,0,0,0,0.00502516241988649,0,0.00103530525699821,0,0.0463665801401619,0,0.0127245950432687,0,0,0,0,0,0,0,0,0,0,0,0,0,0,0,0,0,0,0,0.00312889732142527,0,0,0,0,0,0,0,0,0,0,0,0.0126708650721746,0,0,0,0,0,0,0.104938542902786,0,0,0,0,0,0,0,0,0,0,0,0,0,0,0.000989055850926127,0,0.00288765604797059,0,0
