0,0,0.000946188610650739,0,0,0,0,0,0.0198263005338391,0,0,0,0,0,0,0,0,0,0.000786741540837713,0,0,0,0,0,0,0,0,0,0,0,0,0,0,0,0,0,0,0,0.000275556581670567,0,0.000244854603990369,0,0.00246105448146868,0,0,0,0,9.27383425079619e-05,0.00619275979654474,0,4.66368606446338e-05,0,0,0,0.0236034858073672,0,0.000111644423794494,0,0,0,0.0120770097733783,0,0,0,0,0,0,0.000391778182897721,0,0.000156090401889361,0,2.16400028304131e-05,0,0,0,0,0,0,0,1.66090217420564e-05,3.71769795359821e-06,0.000116028120591684,0.000274313773789451,0,0.0124444332275316,0,0
0,0,0,0.0212658873837346,0,0,0,0,0,0.0105574112483937,0,0,0,0,0,0,0,2.0379326026652e-05,0.000949281903934671,9.38122327153353e-05,0,0,0,0.00818255406104952,0,0,0,0,0,0,0,0,0,0,0,0.000123550831639245,0,0.00104919199513852,0,2.99150585016924e-05,0,0.00181568650016455,0,0,0,0.000100573656235896,0,0,0,0.00848341684894136,0,0,0,0,0,0.040788646358543,0,0.000304202205022635,0,0.000967022737663763,0,0.0178390177797854,0.000129900532239263,0,0,0,0.0101812385877873,0,0,0,1.48441181169328e-05,0,0.00502740681145675,0,0,0,0,0,0.000330121779950362,0,0.000894113391730305,0,0.000375579813356401,0,0.00935139000356573,0.000170996261397304,0
0.000946188610650739,0,0,0,0.0227892499632933,0,0,0,0.0264254556020793,0,0,0,0,0,0,0,0,0,4.82382710611027e-05,0,0.000888597013777302,0,0,0,0,0,0,0,0,0,0,0,0,0,0,0,1.54399258486779e-05,0,0.000151904585848833,0,0.000212517000961049,0.00027073431035035,0.00816538571843119,0,0,0,5.87594919189542e-05,0.000435355650375951,0.00827540015581189,0,0.0470577304966847,0,0,0,0.00525495405498632,0,0.0096283205534855,0,0.00857606119718891,0,0.00404435228760576,0,0,5.62954180069724e-05,0,0,0,7.05975235719448e-05,0,0,0,0.00041727783791474,0,0.00978027460716699,0,0,0,0,0,9.42574280518159e-06,0,0.00054894033764563,0.000385901617372572,2.811421795449e-05,0.00967483477920669,0,0.00173062644404155
0,0.0212658873837346,0,0,0,0.00113529864885487,0,0,0,3.3753952248227e-05,0,0,0,0,0,0,0,0,0.000139740693046019,0.00077983166818929,0,0,0,0.000459292699270739,0,0,0,0,0,0,0,0,0,0,0,6.25534594488682e-06,0,0.000187533551811437,0,0.000194539080677027,0,0.00531182165630426,0,0,0,0,0,0,0,0.00930572279544313,0,0.00360795194824856,0,0,0,0.00143632873375278,0,0.00733805960585855,0,0.00099427933684294,0,0.0104125271685578,3.12074209689603e-05,0,0,0,6.11916194112588e-05,0,0,0,0.000884548411843182,0,0.00983793691351447,0,0,0,0,0,5.52496274071816e-05,0,0.000179837297631211,1.91707645739569e-05,0.000206603497562617,0,0.00932924950292329,0.000211032533426511,0
0,0,0.0227892499632933,0,0,0,0,0,0.000531213372536789,0,0,0,0,0,0.000534337677488322,0,0,0,0,0,0.00200025757759015,0,0,0,0,0,0,0,0,0,0,0,0,0,0,0,0.000331993382465248,0,4.08064035604677e-05,0,0.000673179588862983,1.52494157270811e-05,0.00478830692967854,0,0,0,0.000103682661292164,8.09686019872409e-05,0.00201236958516621,0,0.0546877659001417,0,0,0,0.00180893228468398,0,0.00588625335008386,0,0.000207590103226479,0,0.00202510727937602,0,0,0.00850064125989462,0,0,0,0,0,0,0,0,0,0.00334607371644547,0,0,0,0,0,0.00019163462284585,0,0.000261924121895506,0.000420512052123931,0,0.0153541796264655,0,0.000401016764566746
0,0,0,0.00113529864885487,0,0,0,0.000214585049452931,0,0,0,8.30749762111048e-05,0,0,0,0,0,0,0,0.000953086390615408,0,0,0,0,0,0,0,0,0,0,0,0,0,0,0,0,0,0,0,0,0,0.000286308699563315,0,0,0,0,0,0,0,0,0,0.0390307279879923,0,0.00142818368743992,0,0,0,0.00076010826447753,0,0,0,0,5.67241772846117e-05,0,0,0,0,0,0,0,0,0,0.000123014459216874,0,0,0,0,0,0,0,1.21155355177687e-05,0,1.57713760757511e-05,0,0.00224308761383411,0,0
0,0,0,0,0,0,0,0,0,0,0.00110227848282122,0,0,0,0,0,0,0,0,0,0,0,0,0,0,0,0,0,0,0,0,0,0,0,0,0,0,0,0,0,1.23969009416704e-05,0,0,0,0,0,2.73323076081279e-05,0,0,0,0,0,6.55432292106118e-05,0,0,0,0.0146429061420496,0,0,0,0,0,0,0.000301637473925016,0,0,0,0,0,0,0,0,0,0,0,0,0,0,0,0,0,1.38445909232411e-05,0,0,6.94925385641433e-05,0,0
0,0,0,0,0,0.000214585049452931,0,0,0,0,0,0.00771419484172367,0,0,0,0,0,0,0,0.00971134379106596,0,0,0,0,0,0,0,0,0,0,0,0,0,0,0,0,0,0,0,0,0,0,0,0,0,0,0,0,0,0,0,0.000970144152233709,0,0.0652960873463373,0,0,0,0.00519698449297931,0,0,0,0,1.21822343670649e-05,0,0,0,0,0,0,0,0,0,0,0,0,0,0,0,0,0,0,0,0.000137545708068469,0,0,0,0
0.0198263005338391,0,0.0264254556020793,0,0.000531213372536789,0,0,0,0,0,0,0,0,0,0.0141823483993218,0,0,0,0,0,0,0,0,0,0.00446757680734294,0,0.00024953213869594,0,0,0,0,0,0,0,0,0,0,8.24430699084739e-06,0.00176867502129586,0,0,9.6520367487621e-06,0.00165637278548745,0,0,0,0,1.26517268661569e-05,0.00118783638635958,0,0.00905801572652884,0,0,0,0.0695706192899421,0,0.00013461798389569,0,0,0,0.0021586659099414,0,0,0,0,0,0,0.00773660569197349,0,0.000799041161371861,0,8.2193710006658e-05,0,0.000508558125065988,0,0,0,0,0,0,0,0.00209568697231052,0.00174574412940286,4.53733231112099e-06,0.00449128566378615,0,0
0,0.0105574112483937,0,3.3753952248227e-05,0,0,0,0,0,0,0,0,0,0,0,0.00618685175805989,0,0.000449201638251872,0.000505199304962854,0,0,0,0,0.0337166058135504,0,0.004793687904515,0,0,0,0,0,0,0,0,0,0,0,0.00011030397718955,0,0,0,3.18416765030513e-05,0,0,0,0,0,0,0,0,0,0.000965913297063361,0,0,0,0.131447159023278,0,0,0,0,0,0.0447159476634939,0,0,0,0,0.0062273823856769,0,0.00606708892038217,0,0,0,0.000117329602069935,0,0,0,0,0,0,0,4.64578193320726e-05,0,0.00110583964255105,0,0.00025953936437669,0,0
0,0,0,0,0,0,0.00110227848282122,0,0,0,0,0,0.0081343229930204,0,0,0,0,0,0,0,0.0384144911122565,0,0,0,0,0,0,0,0,0,0.0102256982817203,0,0,0,0,0,0.000872379251986949,0,0.00970453088957519,0,8.31271648386216e-06,0,0,0,0,0,3.77708686714693e-05,0,0,0,0,0,9.63963252805285e-05,0,0,0,0.133268469989623,0,0.000277257924608421,0,0,0,0,0.00295125835683581,0,0,0,0,0,0,0,0.00228686377880197,0,0.00745027306632535,0,0,0,0,0,4.24197669376268e-05,0,0.000102360204117686,0.000680828300357876,0,0.00104238656627959,0,0
0,0,0,0,0,8.30749762111048e-05,0,0.00771419484172367,0,0,0,0,0,0.0380641112966101,0,0,0,0,0,0.0206440192474745,0,0,0,0,0,0,0,0.000325902486182921,0,0.0209311496898387,0,0,0,0,0,0.00142251630752725,0,0.00881786067632091,0,8.97363453822975e-06,0,6.20461957250333e-05,0,0,0,3.87709787607535e-05,0,0,0,0,0,0.000128042516487912,0,0.00820420046194108,0,0,0,0.145689802055454,0,0.00973413495991372,0,0,0.00124530362061529,0,0,0,0,0,0,0,0.000455220198376131,0,0.0142368269285253,0,0,0,0,0,7.40841129232108e-07,0,0.0006464367169426,0,0.00165716326103365,6.27858187081906e-05,6.94296434415842e-06,0,0
0,0,0,0,0,0,0,0,0,0,0.0081343229930204,0,0,0,0,0,0,0,0,0,0,0,0,0,0,0,0,0,0.000522833985686358,0,0,0,0,0,0,0,0,0,0,0,0,0,0,0,0,0,0,0,0,0,0,0,0,0,0,0,0.00353923403526585,0,0.00727936175461939,0,0.00648178216068691,0,0,0,0,0,0,0,0,0.00156052219897642,0,0,0,0,0,0,0,0,0,0,0,0,0,0,0,0,0
0,0,0,0,0,0,0,0,0,0,0,0.0380641112966101,0,0,0,0.00440492487203519,0,0,0,0,0,0,0,0,0,0,0,0,0,0,0,0,0,0,0,0,0,0,0,0,0,0,0,0,0,0,0,0,0,0,0,0,0,0,0,0,0,0.00143794396369652,0,0.0297304918915217,0,0,0,0,0,0,0,0,0,0,0.00968750826770749,0,0,0,0,0,0,0,0,0,0,0,0.000200311010862819,9.38081157073611e-05,0,0,0
0,0,0,0,0.000534337677488322,0,0,0,0.0141823483993218,0,0,0,0,0,0,0,0,0,0,0,0,0,0,0,0.00246221985625457,0,0,0,0,0,0,0,0,0,0,0,0,0,0,0,0,0,0,0,0,0,0,0,0,0,0.000718866737584395,0,0,0,0.0134566131470677,0,0,0,0,0,0.00117538529147612,0,0,0,0,0,0,0,0,0,0,0,0,0,0,0,0,0,0,0,0,0,7.56087288773806e-05,0,0,0,0
0,0,0,0,0,0,0,0,0,0.00618685175805989,0,0,0,0.00440492487203519,0,0,0,0.00683325908140115,0,0,0,0,0,0,0,0.00283584456837231,0,0,0,0,0,0,0,0,0,0,0,0,0,0,0,0,0,0,0,0,0,0,0,0,0,0,0,0,0,0.00725485183830298,0,0,0,0.0100422614983867,0,0.0184883668070535,0,0,0,0,0,0,0.00852513008725838,0,0,0,0,0,0,0,0,0,0,0,0,0,0.000557456531522191,0.000669636265832643,0,0,0
0,0,0,0,0,0,0,0,0,0,0,0,0,0,0,0,0,0.146003649328011,0.0618469992481899,0,0,0,0.00243066255628087,0,0,0,0.00204045378683017,0,0,0,0,0,0,0,0,5.69220885614794e-05,2.1847169561231e-05,3.02578776791582e-05,7.68968756571473e-05,0.000139145236912107,0.00182241982179713,0.000707689047660051,0.00261581657661056,0,0,0.000511399890574899,0.000432504825974673,8.0137405791294e-06,0.000470026195109398,0,0,0,0,0,0,0,0,0,0,0,0,0,0.000335624370407752,6.42645341995484e-05,0,0.000796226200969931,0,0,0,0,0,5.70740037945862e-06,0.000113938189749586,0.000308971440033986,0,0,0,0,0.000579880057131852,0.000175626620370828,0.000472363546311576,0.000558323219743235,0.0216180743000522,0.000224527519234403,0.00194839604727965,0.000365255750831718,0.00115692249388389
0,2.0379326026652e-05,0,0,0,0,0,0,0,0.000449201638251872,0,0,0,0,0,0.00683325908140115,0.146003649328011,0,0.0558816271057281,2.52421827163753e-06,0,0,0,0,0,0.00216507261049589,0,0,0,0,0,0,0,0,0,0.000211077073256964,1.27317253489125e-05,0.000110235445661911,3.85712704351036e-05,0.000109876451251949,0.000809772210973268,0.00285234879517829,0.00172247007623157,0,0,0.00144684670042258,0.000135084124305764,0,0.000236777001955656,0,0,0,0,0,0,0,8.02810424439197e-06,2.92944585550962e-06,0,0,0,0,0.000642438118065814,3.11632805498341e-05,0,0,0,0,4.10168067901395e-05,0,0,0,0.000432517213641855,0.000176276619714784,0,0,0,4.20864377784734e-06,0.00147208685304866,0.000128606088291998,0.00210971243650892,0.000295120781360222,0.0304470604230657,0.0138960235770072,0.00164961940166556,0.00142870300182664,0.00051837373073044
0.000786741540837713,0.000949281903934671,4.82382710611027e-05,0.000139740693046019,0,0,0,0,0,0.000505199304962854,0,0,0,0,0,0,0.0618469992481899,0.0558816271057281,0,0.00023753767797653,0,0,0,0,0,0,0,0,0,0,0,0,0,0,3.30466059603619e-05,0.000752827392078964,0.000474794491737846,0.000473470434274423,0.00134915586828208,0.00068538621235208,0.0246041831518825,0.0125335736233967,0.0396433546244509,0,0,0.00750235068933314,0.00409881276884356,0,0.00586688794657393,0,0,0,0,0,0,0,0.000296244909063255,9.69990756233787e-06,0,0,0,0,0.00584264825339762,0.000245772318000233,0,0,0,0,0,0,2.34781741286414e-05,0.000138532166179676,0.00170349457312233,0.00630030047310764,0,0,0,0,0.00851354207550303,0.00454143453472032,0.00671781833292536,0.0100235104315483,0.0157221052811862,1.40968414524122e-05,0.0291029746043923,0.00558530779822001,0.0114183791694064
0,9.38122327153353e-05,0,0.00077983166818929,0,0.000953086390615408,0,0.00971134379106596,0,0,0,0.0206440192474745,0,0,0,0,0,2.52421827163753e-06,0.00023753767797653,0,0,0,0,0,0,0,0,0,0,0.000715949356819852,0,0,0,0,0,0.00995697303455511,0,0.00708092778451928,0,5.16021295723316e-05,0,0.000523993323608766,0,0,0,0.00347845672194567,0,0,0,0,0,0.000270779372629061,0,0.00234356445696999,0,0,0,0.0295928830413926,0,0,0,0,0.118907214362195,0,0,0,0,0,0,0,0,0,0.0239374702711702,0,0,0,0,0,0.00135798139290817,0,0.00401877165805469,0,0.00174387630086803,0,0.0118125407260426,0,0
0,0,0.000888597013777302,0,0.00200025757759015,0,0,0,0,0,0.0384144911122565,0,0,0,0,0,0,0,0,0,0,0,0,0,0,0,0,0,0,0,0,0,0,0,0,0,0.00270270283192286,0,0.00325733082736049,0,0,1.48837812645298e-05,0.000158308613526303,0,0,0,8.9227505103691e-05,0,0.000164028284711931,0,0,0,0,0,0,0,0.00605438603750831,0,0,0,0,0,0,0.104138810773708,0,0,0,0,0,0,0,1.45621402324655e-05,0,0,0,0,0,0,0,0.000435870346742823,0,0.000370151693881187,0.000457493713999721,0,0.0076703772612692,0,0
0,0,0,0,0,0,0,0,0,0,0,0,0,0,0,0,0,0,0,0,0,0,0.00404791772562629,0.00424221604976139,0,0.00119721183867538,0,0.00351131854899887,0,0,0,0,0,0,0,0,0,0.00734726160891572,4.72930224681639e-05,0,0,0,0,0,0,0,0,0,0,0.0001301992893671,0,0,0,0,0,0,0,0,0,0,0,0,0,0,0.128665472052562,0.000316555955653594,0.00659258767557606,0,0.00113887067625576,0,0.0108623736825947,0,0,0,0,0,0,0,0,0,0.00449014219012632,0,0.00466951227862966,0.00319716621044293,0,0,0
0,0,0,0,0,0,0,0,0,0,0,0,0,0,0,0,0.00243066255628087,0,0,0,0,0.00404791772562629,0,0,0.00733390455028251,0,0.00566723003397236,0,0.00241157728512691,0,0,0,0,0,0,0,0,0,0.0149250569712761,0,0,0,1.18256180732879e-05,0,0,0,0,0,0.00285168210071996,0,0,0,0,0,0,0,0,0,0,0,0,0,0,0,0,0.13179232420331,0,0.0108169305032846,0,0.00205799790843274,0,0.00980553947157978,0,0,0,0,0,0,0,0,0,0.00740354511503839,0.00389902676279843,0.000896915811135603,2.41613495749187e-05,0,1.11273531475673e-05
0,0.00818255406104952,0,0.000459292699270739,0,0,0,0,0,0.0337166058135504,0,0,0,0,0,0,0,0,0,0,0,0.00424221604976139,0,0,0,0.00648244248607144,0,0,0,0,0,0,0,0,0,0,0,0.00775642058661486,0,0,0,4.97299098106826e-05,0,0,0,0,0,0.000153604720781111,0,0.00262710094084642,0,0,0,0,0,0.04213175890265,0,0,0,0,0,0,0,0,0.00057502982601214,0,0.168063472458239,0,0.0238354349426598,0,0,0,0,0,0,0,0,0,0,0,0.000859949436370814,0,0.000941236062373041,0,0.000809370891807623,0,0
0,0,0,0,0,0,0,0,0.00446757680734294,0,0,0,0,0,0.00246221985625457,0,0,0,0,0,0,0,0.00733390455028251,0,0,0,0.0580816830554238,0,0,0,0,0,0,0,0,0,0,0,0.00550025768677737,0,0,0,0,0,0,0,0,0,7.17515296493327e-05,0,0,0,0,0,0.128458090959851,0,0,0,0,0,0.000626865853754606,0,0,0,0,0.0164714152530194,0,0.192549400908767,0,0.0772095950633854,0,0.000256309976429553,0,0,0,0,0,0,0,0,0,0.000453271503443318,0.000209550723707332,0,0,0,0
0,0,0,0,0,0,0,0,0,0.004793687904515,0,0,0,0,0,0.00283584456837231,0,0.00216507261049589,0,0,0,0.00119721183867538,0,0.00648244248607144,0,0,0,0.010763419097389,0,0,0,0,0,0,0,0,0,0,0,0,0,0,0,0,0,0,0,0,0,0,0,0,0,0,0,0,0,0,0,0,0,0.0034195744284894,0,0,0.000225634239217267,0,9.49432726183479e-05,0,0.0426311692537391,0,0.00779731220446052,0,0,0,0,0,0,0,0,0,0,0,0.000257096158778866,1.51085966613904e-05,0,0,0
0,0,0,0,0,0,0,0,0.00024953213869594,0,0,0,0,0,0,0,0.00204045378683017,0,0,0,0,0,0.00566723003397236,0,0.0580816830554238,0,0,0,0.000736053903455644,0,0,0,0,0,0,0,0,0,0,0,0,0,0,0,0,0,0,0,0,0,0,0,0,0,0,0,0,0,0,0,0,0,0,0,0,0.00196376983316095,0,0.00630773076116338,0,0.0064807829231042,0,0.000391960264294442,0,0,0,0,0,0,0,0,0,0,2.71081424441617e-05,0,0,0,0
0,0,0,0,0,0,0,0,0,0,0,0.000325902486182921,0,0,0,0,0,0,0,0,0,0.00351131854899887,0,0,0,0.010763419097389,0,0,0,0.0113975191780197,0,0,0,0,0,0,0,0.000472011386333566,0,0,0,0,0,0,0,0,0,0,0,0,0,0,0,0,0,0,0,0,0,0,0,0,0,0,0,0,0,0,0.00387637317989586,0,0.0822100417499137,0,0.00315444336556282,0,0,0,0,0,0,0,7.47567054384633e-05,0,0.00089861865561696,0.00205746879885627,0,0,0
0,0,0,0,0,0,0,0,0,0,0,0,0.000522833985686358,0,0,0,0,0,0,0,0,0,0.00241157728512691,0,0,0,0.000736053903455644,0,0,0,0.00241398552950985,0,0,0,0,0,0,0,2.13292758338008e-05,0,0,0,0,0,0,0,0,0,3.4165271048352e-05,0,0,0,0,0,0,0,6.64107368959048e-05,0,0,0,0,0,0,0,0,0.000136606458167131,0,0,0,0.00516817463825413,0,0.0314029975605509,0,0,0,0,0,0,0,0,0,4.50766531309254e-06,2.78946426578128e-05,0,0,0,0
0,0,0,0,0,0,0,0,0,0,0,0.0209311496898387,0,0,0,0,0,0,0,0.000715949356819852,0,0,0,0,0,0,0,0.0113975191780197,0,0,0,0,0,0,0,0,0,0.00656348756302472,0,0,0,2.91643346943899e-05,0,0,0,0.00013049741078022,0,0,0,0,0,0,0,0,0,0,0,0.0162318196924391,0,0,0,0,0.000442338181219048,0,0,0,0,0,0,0,0.00427124494428845,0,0.0546822701891938,0,0,0,0,0,3.2172017481821e-06,0,0,0,0.000666918575782886,0.00131469168996636,1.70440224890301e-05,0,0
0,0,0,0,0,0,0,0,0,0,0.0102256982817203,0,0,0,0,0,0,0,0,0,0,0,0,0,0,0,0,0,0.00241398552950985,0,0,0,0,0,0,0,0,0,0.00221605712392034,0,0,0,0,0,0,0,0,0,0,0,0,0,0,0,0,0,0.00363528106050375,0,0,0,0,0,0,0,0,0,0,0,0,0,0,0.00698407762010829,0,0.064976846375861,0,0,0,0,0,0,0,0,1.23484805953922e-05,0,0,0,0
0,0,0,0,0,0,0,0,0,0,0,0,0,0,0,0,0,0,0,0,0,0,0,0,0,0,0,0,0,0,0,0,0.000270303558313206,0.00117847607285006,0.00124831604435736,0.00119882474451844,0,0,0,0,0,0,0,0,0,0,0,0.0323778370774815,0,0,0,0,0,0,0,0,0,0,0,0,0,0,0,0,0,0,0,0,0,0,0,0,0,0,0.0158942092581078,2.01489194461876e-05,0,0.000999733797460532,0.00102346836693497,0,0,0,1.14824808059069e-06,0,0,0,0
0,0,0,0,0,0,0,0,0,0,0,0,0,0,0,0,0,0,0,0,0,0,0,0,0,0,0,0,0,0,0,0.000270303558313206,0,0.00214499851259968,0.0112019890242166,0,0.00406362108481819,0,0,0,0,0,0,0,0,0,0,0.119622007728073,0.000164399432503379,0,0,0,0,0,0,0,0,0,0,0,0,0,0,0,0,0,0,0,0,0,0,0,0,0,0,0.170047302534756,0,0.00813170556315643,0,0.000492576352406597,0,0,0.000369383095660096,0,4.86242967105184e-05,0,0
0,0,0,0,0,0,0,0,0,0,0,0,0,0,0,0,0,0,0,0,0,0,0,0,0,0,0,0,0,0,0,0.00117847607285006,0.00214499851259968,0,0.0567657629003167,0.00868097603262036,0,0.000627128740068227,0.000608296800487408,0,0,0,0,0,0,0,0,0.0466022612986798,0,0,0,0,0,0,0,0,0,0,0,0,0,0,0,0,0,0,0,0,0,0,0,0,0,0,0.0025255902835543,0,0.177121368399709,0.0122215019050072,0.00155053376959065,0,0.000971922108563113,2.79667969377723e-05,0.00329751500648629,5.56977374799317e-06,0,0,0
0,0,0,0,0,0,0,0,0,0,0,0,0,0,0,0,0,0,3.30466059603619e-05,0,0,0,0,0,0,0,0,0,0,0,0,0.00124831604435736,0.0112019890242166,0.0567657629003167,0,0,0.0107265043630969,0.000216249711825861,0.00447917231645704,0,0,0,0.000196365054851045,0,0,0,0,0.228418489048854,0.00185373461351663,0.00348351346010373,0,0,0,0,0,0,0,0,0,0,0,0,0,0,0,0,0,0,0,0,0,0,0,0,0,0.00879389348286068,0.00584778001439959,0.29858449375097,0,0.000400076821855718,0,0.00251725844269106,0.00261509383212972,0,0.000486519959768833,0,4.76804541288817e-05
0,0.000123550831639245,0,6.25534594488682e-06,0,0,0,0,0,0,0,0.00142251630752725,0,0,0,0,5.69220885614794e-05,0.000211077073256964,0.000752827392078964,0.00995697303455511,0,0,0,0,0,0,0,0,0,0,0,0.00119882474451844,0,0.00868097603262036,0,0,9.54660709128533e-05,0.0127363351269268,1.1907925563203e-05,1.08816475084276e-05,6.55940808064399e-06,0.000693243918671581,1.34036850303121e-05,0,0,0.001712316118632,8.80516442987183e-07,0.000887783788629368,4.60038861492513e-06,0.000456064982413945,0,0,0,0,0,0,0,0.00118265071188711,0,0,0,0,0.00512288091664671,0,0,0,0,0,0,0,0,0,5.1634234964884e-05,0,0.00100435782513292,0,0.00220653321673399,0,0.0761336522260949,6.76177864661189e-07,0.0155179956092072,9.67382517606475e-06,0.00616534821429904,0.00128393040244771,0.0014060581904404,0.000311334976433678,0
0,0,1.54399258486779e-05,0,0.000331993382465248,0,0,0,0,0,0.000872379251986949,0,0,0,0,0,2.1847169561231e-05,1.27317253489125e-05,0.000474794491737846,0,0.00270270283192286,0,0,0,0,0,0,0,0,0,0,0,0.00406362108481819,0,0.0107265043630969,9.54660709128533e-05,0,0,0.0040620805053006,0,0.000100636013097592,6.52611060072912e-06,0.000317235911052833,0,0,0,0.00147645306297417,0.000559912779961552,6.47450132022255e-06,0,2.68314982366374e-05,0,0,0,0,0,0.0016144137947901,0,0,0,0,0,0,0.00506801221600475,0,0,0,0,0,0,0,0,0,7.52749173377482e-05,0,0.00332468711264841,0,0.00881217140000435,5.1433048671879e-05,0.0651930398016783,0,0.0117915078589873,0.00415840155774476,2.88847912307637e-05,0.00161506847580345,4.60800775829197e-06,2.94257432727641e-05
0,0.00104919199513852,0,0.000187533551811437,0,0,0,0,8.24430699084739e-06,0.00011030397718955,0,0.00881786067632091,0,0,0,0,3.02578776791582e-05,0.000110235445661911,0.000473470434274423,0.00708092778451928,0,0.00734726160891572,0,0.00775642058661486,0,0,0,0.000472011386333566,0,0.00656348756302472,0,0,0,0.000627128740068227,0.000216249711825861,0.0127363351269268,0,0,0.00492983103894284,1.67169790503329e-05,0,0.00092016562249226,2.9040379138216e-05,0,0,0.00145655799299199,0,0.0141092692183625,3.0667883912501e-06,0.00262009955937105,0,0,0,0,0,0.00161082295955975,0,0.00307384293160798,0,1.13242654617607e-05,0,0,0.00414226229546261,0,0.00650734063645126,0,0.015375618747548,0,0.00158142705680778,0,0.00517729240392175,0,0.00200508819220469,0,0,0,0.000201281062830269,5.25236157015579e-05,0.00423920502217555,9.47655580071498e-06,0.173618705740834,0.00112038041860987,0.0110177187428383,0.00143453409638068,0.00153853549385542,0.000284218079973849,6.40725063841881e-06
0.000275556581670567,0,0.000151904585848833,0,4.08064035604677e-05,0,0,0,0.00176867502129586,0,0.00970453088957519,0,0,0,0,0,7.68968756571473e-05,3.85712704351036e-05,0.00134915586828208,0,0.00325733082736049,4.72930224681639e-05,0.0149250569712761,0,0.00550025768677737,0,0,0,2.13292758338008e-05,0,0.00221605712392034,0,0,0.000608296800487408,0.00447917231645704,1.1907925563203e-05,0.0040620805053006,0.00492983103894284,0,3.72540395562638e-06,0.000170986972872013,6.14983369664964e-06,0.00145482738191215,0,0,2.47334429263149e-05,0.00248767881648869,0.0148747079696756,0.00574783332632671,2.1248447145566e-05,3.75206349928676e-05,0,0,0,0.00138810725870142,0,0.00195094499238536,0,6.20159058804793e-06,0,1.8848769030369e-05,0,5.18394758802657e-06,0.000637903847479089,0,0.00351177857391529,0,0.0180165066304931,0,4.69812085387661e-05,8.04380596080895e-06,0.000898634663152608,2.09058459010973e-06,0.00355101879764232,0,0,2.11325310329176e-05,0.0115741092354559,2.42342302647511e-05,0.0024249741543443,0.00112749794750109,0.158889699347843,0.00837208972818484,0.00108773248162594,0.00309464562993888,0,0.000126219548042986
0,2.99150585016924e-05,0,0.000194539080677027,0,0,0,0,0,0,0,8.97363453822975e-06,0,0,0,0,0.000139145236912107,0.000109876451251949,0.00068538621235208,5.16021295723316e-05,0,0,0,0,0,0,0,0,0,0,0,0,0,0,0,1.08816475084276e-05,0,1.67169790503329e-05,3.72540395562638e-06,0,8.98360674000628e-06,0.0135563661448045,0.0001423949318527,0,0,0.00265764135248746,7.52622327709097e-05,0.0175208264546369,0,0.00881274633955936,0,0,0,0,0,0,0,5.21603549421992e-05,0,0,0,0,0.00593668764175077,0,0,0,0,0,0,0,0,0,0.0013509164720476,0,0,0,0,0,0.00584475548913716,0,0.00198210986109782,2.81543884642762e-05,0.00013630271641044,0,0.0082893372738177,0.000916860519412899,0
0.000244854603990369,0,0.000212517000961049,0,0.000673179588862983,0,1.23969009416704e-05,0,0,0,8.31271648386216e-06,0,0,0,0,0,0.00182241982179713,0.000809772210973268,0.0246041831518825,0,0,0,0,0,0,0,0,0,0,0,0,0,0,0,0,6.55940808064399e-06,0.000100636013097592,0,0.000170986972872013,8.98360674000628e-06,0,0.000486336390340695,0.183665672924195,0,0,0.000269257824192539,0.031853999242335,0.00174991439874245,0.0103510061918145,0,0.000571147007166956,0,0,0,0,0,0.00078664070837481,0,0,0,0,0,0.000326446231853567,0.00811063424670063,0,0,0,0,0,0,0,6.80900767017941e-05,0.000162818232594917,0.00283400350711053,0,0,0,0,9.02961336055e-05,0.00123824556862359,6.47627006281656e-05,0.00133121152239922,0.00129803539118265,3.77441933977347e-06,0.0602776925089487,7.4134144886995e-05,0.0139455740961567
0,0.00181568650016455,0.00027073431035035,0.00531182165630426,1.52494157270811e-05,0.000286308699563315,0,0,9.6520367487621e-06,3.18416765030513e-05,0,6.20461957250333e-05,0,0,0,0,0.000707689047660051,0.00285234879517829,0.0125335736233967,0.000523993323608766,1.48837812645298e-05,0,0,4.97299098106826e-05,0,0,0,0,0,2.91643346943899e-05,0,0,0,0,0,0.000693243918671581,6.52611060072912e-06,0.00092016562249226,6.14983369664964e-06,0.0135563661448045,0.000486336390340695,0,0.0083799254957668,0,0,0.0295014964826975,0.000361205012380333,0.00149416846742339,0.000243955513674662,0.0434146712030218,5.09673205449017e-05,9.17400870538527e-05,0,0,0,1.5888629862375e-05,5.88626712841448e-05,0.0197037981217243,0,0.000342429678613721,0,0.000142741285572142,0.021623581564512,0,0,0,0.000335694990713929,0,0,0,0.00537081293877201,9.23308983107561e-06,0.0492893408915346,0.000361286167229011,0,0,0,0,0.0147848885258006,2.264779431998e-05,0.0205434485199244,8.9379186014768e-05,0.00640532139520259,2.75684234536347e-05,0.0466334773445405,0.0175697227241007,0.000359850199066318
0.00246105448146868,0,0.00816538571843119,0,0.00478830692967854,0,0,0,0.00165637278548745,0,0,0,0,0,0,0,0.00261581657661056,0.00172247007623157,0.0396433546244509,0,0.000158308613526303,0,1.18256180732879e-05,0,0,0,0,0,0,0,0,0,0,0,0.000196365054851045,1.34036850303121e-05,0.000317235911052833,2.9040379138216e-05,0.00145482738191215,0.0001423949318527,0.183665672924195,0.0083799254957668,0,0,0,0.000479703926901701,0.0195710995111094,0.00798169884435665,0.0536146377970417,0,0.00162436047194887,0,0,0,0.000254506251996202,0,0.004387138419712,0,0,0,1.32103587413709e-05,0,0.000460896294349572,0.00333984400245288,0,0,0,1.38391806112244e-05,0,0,0,0.00176547779331648,0.00012657713678116,0.0192836695706252,0,0,0,0,0.000250793467189082,0.00524862908051665,0.000340536162805338,0.0100359425243623,0.00906513572873857,4.06152522157049e-05,0.0905273248203096,0.000414811587505026,0.0347082282224475
0,0,0,0,0,0,0,0,0,0,0,0,0,0,0,0,0,0,0,0,0,0,0,0,0,0,0,0,0,0,0,0,0,0,0,0,0,0,0,0,0,0,0,0,0,0,0,0,0,0,0,0,0,0,0,0,0,0,0,0,0,0,0,0,0,0,0,0,0,0,0,0,0,0,0,0,0,0,0,0,0,0,0,0,3.35892437876995e-05,0,0
0,0,0,0,0,0,0,0,0,0,0,0,0,0,0,0,0,0,0,0,0,0,0,0,0,0,0,0,0,0,0,0,0,0,0,0,0,0,0,0,0,0,0,0,0,0,0,0,0,0,0,0,0,0,0,0,0,0,0,0,0,0,0,0,0,0,0,0,0,0,0,0,0,0,0,0,0,0,0,0,0,0,0,0,0,0,0
0,0.000100573656235896,0,0,0,0,0,0,0,0,0,3.87709787607535e-05,0,0,0,0,0.000511399890574899,0.00144684670042258,0.00750235068933314,0.00347845672194567,0,0,0,0,0,0,0,0,0,0.00013049741078022,0,0,0,0,0,0.001712316118632,0,0.00145655799299199,2.47334429263149e-05,0.00265764135248746,0.000269257824192539,0.0295014964826975,0.000479703926901701,0,0,0,0.000163559112049397,0,1.01789212930252e-05,0.000238718672570189,0,0,0,0,0,0,0,0.000305471111695133,0,0,0,0,0.0414732187581206,0,0,0,0,0,0,0,0.000237486520282263,0,0.00480929271798061,0,0,0,0,0,0.00701307385218094,9.30781948660817e-06,0.00754559110487989,5.29323988272369e-06,0.000874097176547265,9.46722111267341e-07,0.00834511718469346,0.00173648102515046,0.000145254494935709
0,0,5.87594919189542e-05,0,0.000103682661292164,0,2.73323076081279e-05,0,0,0,3.77708686714693e-05,0,0,0,0,0,0.000432504825974673,0.000135084124305764,0.00409881276884356,0,8.9227505103691e-05,0,0,0,0,0,0,0,0,0,0,0,0,0,0,8.80516442987183e-07,0.00147645306297417,0,0.00248767881648869,7.52622327709097e-05,0.031853999242335,0.000361205012380333,0.0195710995111094,0,0,0.000163559112049397,0,0.000411372006613071,0.00351240559181682,0,0.000234043271506756,0,5.77992139808453e-05,0,0,0,0.00229726081240691,0,0,0,0,0,0.000126552301122642,0.0471675340216769,0,0,0,0,0,0,0,0.000255483340623324,0,0.0112075964682746,0,0,0,1.21214379370519e-05,4.85976653593829e-05,0.00503639132740821,1.81238629318875e-05,0.0233618594001275,0.000591725468193006,3.22148794371933e-06,0.0270076940947074,0.00016074081853911,0.000847915679218016
9.27383425079619e-05,0,0.000435355650375951,0,8.09686019872409e-05,0,0,0,1.26517268661569e-05,0,0,0,0,0,0,0,8.0137405791294e-06,0,0,0,0,0,0,0.000153604720781111,0,0,0,0,0,0,0,0.0323778370774815,0.119622007728073,0.0466022612986798,0.228418489048854,0.000887783788629368,0.000559912779961552,0.0141092692183625,0.0148747079696756,0.0175208264546369,0.00174991439874245,0.00149416846742339,0.00798169884435665,0,0,0,0.000411372006613071,0,0.0310321295946904,0.353034685926718,0,0,0,0,0,3.16370832370294e-05,0,0,0,5.5449733914947e-05,0,0,3.19936279203833e-05,2.68779552307537e-05,0,0,0.00125285418150044,0,0,0,0,0,0.000105765841059285,0.000172389472572233,0.0194642038710484,0.0352541207560346,0.00748771592877227,0.00771951085691191,0.00566129901438993,0.0013357603762907,0.00615929317587669,0.00208491073468551,0.00389743560427257,0,0.0211238581043774,9.92536818602945e-06,0.000752242204910619
0.00619275979654474,0,0.00827540015581189,0,0.00201236958516621,0,0,0,0.00118783638635958,0,0,0,0,0,0,0,0.000470026195109398,0.000236777001955656,0.00586688794657393,0,0.000164028284711931,0,0.00285168210071996,0,7.17515296493327e-05,0,0,0,3.4165271048352e-05,0,0,0,0.000164399432503379,0,0.00185373461351663,4.60038861492513e-06,6.47450132022255e-06,3.0667883912501e-06,0.00574783332632671,0,0.0103510061918145,0.000243955513674662,0.0536146377970417,0,0,1.01789212930252e-05,0.00351240559181682,0.0310321295946904,0,8.46041202365625e-05,0.00215402657369319,0,0,0,0.0158114689784197,0,0.00286837099152261,0,0.000188665712973688,0,0.00338795440837581,0,0,0.00114169220890127,0,0.000246937187872739,0,0.0031313018424023,0,0.00748466143364213,0,0.00147697368304812,0,0.00273012754630195,0,0,0,0.00098946196246999,9.96504659537926e-06,0.00157682690807101,1.35895814141716e-05,0.00760285914968999,0.000938010903718507,1.54891092935662e-06,0.0390048679271536,4.82710020385856e-05,0.0202038055421912
0,0.00848341684894136,0,0.00930572279544313,0,0,0,0,0,0,0,0,0,0,0,0,0,0,0,0,0,0.0001301992893671,0,0.00262710094084642,0,0,0,0,0,0,0,0,0,0,0.00348351346010373,0.000456064982413945,0,0.00262009955937105,2.1248447145566e-05,0.00881274633955936,0,0.0434146712030218,0,0,0,0.000238718672570189,0,0.353034685926718,8.46041202365625e-05,0,0,0,0,0,0,0.000415993492659824,0,0.00750196321804389,0,0.00232827809037224,0,0.00292764196690263,0.0015442006039708,0,8.33663647610617e-05,0,0.00145924149413707,0,0.000237108421868739,0,0.00509051857095976,0,0.00491715375208725,0,0,0,0.000346078512161747,0,0.00259168449985391,0,0.00616100004647786,0,0.00153180877972403,0,0.0385556182270685,0,0
4.66368606446338e-05,0,0.0470577304966847,0,0.0546877659001417,0,0,0,0.00905801572652884,0,0,0,0,0,0.000718866737584395,0,0,0,0,0,0,0,0,0,0,0,0,0,0,0,0,0,0,0,0,0,2.68314982366374e-05,0,3.75206349928676e-05,0,0.000571147007166956,5.09673205449017e-05,0.00162436047194887,0,0,0,0.000234043271506756,0,0.00215402657369319,0,0,0,0,0,0.0178037226251044,0,0.00595632348006248,0,0.00191450687224801,0,0.0080655670854763,0,0,0.00106284546249837,0,0,0,0,0,0,0,0.000117687254525345,0,0.00449688486764091,0,0,0,0,0,4.28764298852274e-05,0,0.00019622967044825,2.20965373955999e-05,0,0.0114852415162029,0,0.000146215389453962
0,0,0,0.00360795194824856,0,0.0390307279879923,0,0.000970144152233709,0,0.000965913297063361,0,0.000128042516487912,0,0,0,0,0,0,0,0.000270779372629061,0,0,0,0,0,0,0,0,0,0,0,0,0,0,0,0,0,0,0,0,0,9.17400870538527e-05,0,0,0,0,0,0,0,0,0,0,0,0.00612785628155508,0,0.00108507303448782,0,0.0094662376583396,0,0.000229564981457004,0,0.00407717032536799,0.00112443042823402,0,0,0,0,0,0,0,0,0,0.000141732816347466,0,0,0,0,0,0,0,0,0,0,0,0.00495556767385992,0,0
0,0,0,0,0,0,6.55432292106118e-05,0,0,0,9.63963252805285e-05,0,0,0,0,0,0,0,0,0,0,0,0,0,0,0,0,0,0,0,0,0,0,0,0,0,0,0,0,0,0,0,0,0,0,0,5.77992139808453e-05,0,0,0,0,0,0,0,0,0,0.00489528615165945,0,0,0,0,0,0,0.000169404363480353,0,0,0,0,0,0,0,0,0,6.8719738536201e-05,0,0,0,0,0,0,0,0,0,0,3.67229125342191e-05,0,0
0,0,0,0,0,0.00142818368743992,0,0.0652960873463373,0,0,0,0.00820420046194108,0,0,0,0,0,0,0,0.00234356445696999,0,0,0,0,0,0,0,0,0,0,0,0,0,0,0,0,0,0,0,0,0,0,0,0,0,0,0,0,0,0,0,0.00612785628155508,0,0,0,0,0,0.0106881587662512,0,0,0,0,0.000125765381126264,0,0,0,0,0,0,0,0,0,0,0,0,0,0,0,0,0,0,0,0,0,0,0,0
0.0236034858073672,0,0.00525495405498632,0,0.00180893228468398,0,0,0,0.0695706192899421,0,0,0,0,0,0.0134566131470677,0,0,0,0,0,0,0,0,0,0.128458090959851,0,0,0,0,0,0,0,0,0,0,0,0,0,0.00138810725870142,0,0,0,0.000254506251996202,0,0,0,0,0,0.0158114689784197,0,0.0178037226251044,0,0,0,0,0,0.000365821054513177,0,0,0,0.0444819761875857,0,0,0,0,0,0,0.0142710742577511,0,0,0,4.82627097842438e-05,0,0.00133241483853399,0,0,0,0,0,0,0,0.000819418309369495,0.000323550979674795,0,0.000863816547740243,0,0.000475415866792242
0,0.040788646358543,0,0.00143632873375278,0,0,0,0,0,0.131447159023278,0,0,0,0,0,0.00725485183830298,0,0,0,0,0,0,0,0.04213175890265,0,0,0,0,0,0,0,0,0,0,0,0,0,0.00161082295955975,0,0,0,1.5888629862375e-05,0,0,0,0,0,3.16370832370294e-05,0,0.000415993492659824,0,0.00108507303448782,0,0,0,0,0,0,0,0.000987021664604568,0,0.0930877991159397,0,0,0,0,0.0612185911062349,0,0.00249326620592657,0,0,0,0,0,0,0,0,0,0,0,0.00073523445807876,0,2.4164738984328e-05,0,0.00216525017960431,0,0
0.000111644423794494,0,0.0096283205534855,0,0.00588625335008386,0,0.0146429061420496,0,0.00013461798389569,0,0.133268469989623,0,0.00353923403526585,0,0,0,0,8.02810424439197e-06,0.000296244909063255,0,0.00605438603750831,0,0,0,0,0,0,0,6.64107368959048e-05,0,0.00363528106050375,0,0,0,0,0,0.0016144137947901,0,0.00195094499238536,0,0.00078664070837481,5.88626712841448e-05,0.004387138419712,0,0,0,0.00229726081240691,0,0.00286837099152261,0,0.00595632348006248,0,0.00489528615165945,0,0.000365821054513177,0,0,0,0.00499911798501693,0,0.0011432697395252,0,0,0.00101768122465653,0,0,0,3.54847058492743e-05,0,0.000158999788679982,0,0.00266685830813657,0,0.0296999926727578,0,0,0,0,0,0.000178432837631534,0,0.000186251077832778,0.000353785016365439,0,0.013884335487082,0,0.00113025275998478
0,0.000304202205022635,0,0.00733805960585855,0,0.00076010826447753,0,0.00519698449297931,0,0,0,0.145689802055454,0,0.00143794396369652,0,0,0,2.92944585550962e-06,9.69990756233787e-06,0.0295928830413926,0,0,0,0,0,0,0,0,0,0.0162318196924391,0,0,0,0,0,0.00118265071188711,0,0.00307384293160798,0,5.21603549421992e-05,0,0.0197037981217243,0,0,0,0.000305471111695133,0,0,0,0.00750196321804389,0,0.0094662376583396,0,0.0106881587662512,0,0,0,0,0,0.0223584545783179,0,0.00426675269937475,0.0221389400761934,0,0,0,0,0,0,0,0.0147411923603316,0,0.0805233061989194,0,0,0,0,0,1.88192675815477e-05,0,0.000404090464632989,0,0.000450496996553023,0,0.0196004758634836,0,0
0,0,0.00857606119718891,0,0.000207590103226479,0,0,0,0,0,0.000277257924608421,0,0.00727936175461939,0,0,0,0,0,0,0,0,0,0,0,0,0,0,0,0,0,0,0,0,0,0,0,0,0,6.20159058804793e-06,0,0,0,0,0,0,0,0,0,0.000188665712973688,0,0.00191450687224801,0,0,0,0,0,0.00499911798501693,0,0,0,0.00677136514763982,0,0,0,0,0,0,0,0,0.00784111241858854,0,6.6422889863969e-05,0,6.79644126044018e-05,0,0,0,0,0,0,0,1.47358932003672e-05,0,0,0.000193910483431343,0,0
0,0.000967022737663763,0,0.00099427933684294,0,0,0,0,0,0,0,0.00973413495991372,0,0.0297304918915217,0,0.0100422614983867,0,0,0,0,0,0,0,0,0,0,0,0,0,0,0,0,0,0,0,0,0,1.13242654617607e-05,0,0,0,0.000342429678613721,0,0,0,0,0,5.5449733914947e-05,0,0.00232827809037224,0,0.000229564981457004,0,0,0,0.000987021664604568,0,0.0223584545783179,0,0,0,0.00104642369296809,0.000337046982617054,0,0,0,0,0,0.0014978194348805,0,0.0076885063239447,0,0.00104564193612301,0,0,0,0,0,0,0,2.11987437820607e-05,0,0.000114829118026577,0,0.00100243348624423,0,0
0.0120770097733783,0,0.00404435228760576,0,0.00202510727937602,0,0,0,0.0021586659099414,0,0,0,0.00648178216068691,0,0.00117538529147612,0,0,0,0,0,0,0,0,0,0.000626865853754606,0,0,0,0,0,0,0,0,0,0,0,0,0,1.8848769030369e-05,0,0,0,1.32103587413709e-05,0,0,0,0,0,0.00338795440837581,0,0.0080655670854763,0,0,0,0.0444819761875857,0,0.0011432697395252,0,0.00677136514763982,0,0,0,0,0,0,0,0,0.00324824086552156,0,0.00957358837507523,0,0.000201123696452948,0,0,0,0,0,0,0,0,0,0,0,0,0.00246309748215478,0,0
0,0.0178390177797854,0,0.0104125271685578,0,0,0,0,0,0.0447159476634939,0,0,0,0,0,0.0184883668070535,0,0,0,0,0,0,0,0,0,0.0034195744284894,0,0,0,0,0,0,0,0,0,0,0,0,0,0,0,0.000142741285572142,0,0,0,0,0,0,0,0.00292764196690263,0,0.00407717032536799,0,0,0,0.0930877991159397,0,0.00426675269937475,0,0.00104642369296809,0,0,0,0,0,0,0,0,0,0,0,0,0.000237763619276568,0,0,0,0,0,0,0,0,0,8.86136929158799e-07,0,0.00175670812823039,0,0
0,0.000129900532239263,0,3.12074209689603e-05,0,5.67241772846117e-05,0,1.21822343670649e-05,0,0,0,0.00124530362061529,0,0,0,0,0.000335624370407752,0.000642438118065814,0.00584264825339762,0.118907214362195,0,0,0,0,0,0,0,0,0,0.000442338181219048,0,0,0,0,0,0.00512288091664671,0,0.00414226229546261,5.18394758802657e-06,0.00593668764175077,0.000326446231853567,0.021623581564512,0.000460896294349572,0,0,0.0414732187581206,0.000126552301122642,3.19936279203833e-05,0,0.0015442006039708,0,0.00112443042823402,0,0.000125765381126264,0,0,0,0.0221389400761934,0,0.000337046982617054,0,0,0,0,0,0,0,0,0,0,0.00225813927369937,0,0.0284394382712238,0,0,0,0,0,0.00363167522728735,3.65620947700082e-06,0.00747207547497058,2.21648574060297e-06,0.000684325574256462,0,0.0152359455313131,0.000864591387959979,0.000115072481010484
0,0,5.62954180069724e-05,0,0.00850064125989462,0,0.000301637473925016,0,0,0,0.00295125835683581,0,0,0,0,0,6.42645341995484e-05,3.11632805498341e-05,0.000245772318000233,0,0.104138810773708,0,0,0,0,0,0,0,0,0,0,0,0,0,0,0,0.00506801221600475,0,0.000637903847479089,0,0.00811063424670063,0,0.00333984400245288,0,0,0,0.0471675340216769,2.68779552307537e-05,0.00114169220890127,0,0.00106284546249837,0,0.000169404363480353,0,0,0,0.00101768122465653,0,0,0,0,0,0,0,0,0,0,0,0,0,0,0.000125300976841871,0,0.0298555718900621,0,0,0,7.62061948610011e-05,1.96088555749366e-06,0.00370289457429311,0,0.0061282090047455,0.000344795866596546,0,0.0115027077761008,0,2.97840582117069e-05
0,0,0,0,0,0,0,0,0,0,0,0,0,0,0,0,0,0,0,0,0,0.128665472052562,0,0.00057502982601214,0,0.000225634239217267,0,0,0,0,0,0,0,0,0,0,0,0.00650734063645126,0,0,0,0,0,0,0,0,0,0,0,8.33663647610617e-05,0,0,0,0,0,0,0,0,0,0,0,0,0,0,0,0,0.0031501784188654,0,0.00366155048859077,0,0.00931334066347238,0,0,0,0,0,0,0,0,0,0.00357713288568017,0,0.00169366366440265,0.000683251183616263,0,0,0
0,0,0,0,0,0,0,0,0,0,0,0,0,0,0,0,0.000796226200969931,0,0,0,0,0.000316555955653594,0.13179232420331,0,0.0164714152530194,0,0.00196376983316095,0,0.000136606458167131,0,0,0,0,0,0,0,0,0,0.00351177857391529,0,0,0,0,0,0,0,0,0,0.000246937187872739,0,0,0,0,0,0,0,0,0,0,0,0,0,0,0,0,0,0,0.00901180388001087,0,0.0012337938879217,0,0.0125952639177968,0,0,0,0,0,0,0,0,0,0.00203276865624783,0.00136686564318446,7.07400892003698e-05,0,0,0
0,0.0101812385877873,0,6.11916194112588e-05,0,0,0,0,0,0.0062273823856769,0,0,0,0,0,0,0,0,0,0,0,0.00659258767557606,0,0.168063472458239,0,9.49432726183479e-05,0,0,0,0,0,0,0,0,0,0,0,0.015375618747548,0,0,0,0.000335694990713929,0,0,0,0,0,0.00125285418150044,0,0.00145924149413707,0,0,0,0,0,0.0612185911062349,0,0,0,0,0,0,0,0,0.0031501784188654,0,0,0,0.041638417040394,0,0.0014118958178928,0,0,0,0,0,0,0,0,0,0.00664610183373116,0,0.000367341506678346,0,0.00207892927039198,0,0
0.000391778182897721,0,7.05975235719448e-05,0,0,0,0,0,0.00773660569197349,0,0,0,0,0,0,0,0,0,0,0,0,0,0.0108169305032846,0,0.192549400908767,0,0.00630773076116338,0,0,0,0,0,0,0,0,0,0,0,0.0180165066304931,0,0,0,1.38391806112244e-05,0,0,0,0,0,0.0031313018424023,0,0,0,0,0,0.0142710742577511,0,3.54847058492743e-05,0,0,0,0.00324824086552156,0,0,0,0,0.00901180388001087,0,0,0,0.0173898378712815,0,0.000229686576334741,0,0,0,0,0,0,0,0,0,0.00740142794336634,0.000357604960784702,0,0.000846826183347301,0,0
0,0,0,0,0,0,0,0,0,0.00606708892038217,0,0,0,0,0,0.00852513008725838,0,4.10168067901395e-05,0,0,0,0.00113887067625576,0,0.0238354349426598,0,0.0426311692537391,0,0.00387637317989586,0,0,0,0,0,0,0,0,0,0.00158142705680778,0,0,0,0,0,0,0,0,0,0,0,0.000237108421868739,0,0,0,0,0,0.00249326620592657,0,0,0,0.0014978194348805,0,0,0,0,0.00366155048859077,0,0.041638417040394,0,0,0,0.0160215325911415,0,0,0,0,0,0,0,0,0,0.000229701195170948,0,0.000190025181789949,0,0,0,0
0.000156090401889361,0,0,0,0,0,0,0,0.000799041161371861,0,0,0,0.00156052219897642,0,0,0,0,0,0,0,0,0,0.00205799790843274,0,0.0772095950633854,0,0.0064807829231042,0,0.00516817463825413,0,0,0,0,0,0,0,0,0,4.69812085387661e-05,0,0,0,0,0,0,0,0,0,0.00748466143364213,0,0,0,0,0,0,0,0.000158999788679982,0,0.00784111241858854,0,0.00957358837507523,0,0,0,0,0.0012337938879217,0,0.0173898378712815,0,0,0,0.00589116845376018,0,0,0,0,0,0,0,0,0,1.58672269134453e-05,2.50815464216672e-06,0,0.000277109042058871,0,0
0,1.48441181169328e-05,0,0.000884548411843182,0,0,0,0,0,0,0,0.000455220198376131,0,0.00968750826770749,0,0,0,0,2.34781741286414e-05,0,0,0.0108623736825947,0,0,0,0.00779731220446052,0,0.0822100417499137,0,0.00427124494428845,0,0,0,0,0,0,0,0.00517729240392175,8.04380596080895e-06,0,0,0.00537081293877201,0,0,0,0.000237486520282263,0,0,0,0.00509051857095976,0,0,0,0,0,0,0,0.0147411923603316,0,0.0076885063239447,0,0,0.00225813927369937,0,0.00931334066347238,0,0.0014118958178928,0,0.0160215325911415,0,0,0,0.00828886673529273,0,0,0,0,0,2.74719165412377e-06,0,0.0119616975681981,0,0.000234451132123617,0,0.00169962207869925,0,2.72857216213442e-05
2.16400028304131e-05,0,0.00041727783791474,0,0,0,0,0,8.2193710006658e-05,0,0.00228686377880197,0,0,0,0,0,5.70740037945862e-06,0,0.000138532166179676,0,1.45621402324655e-05,0,0.00980553947157978,0,0.000256309976429553,0,0.000391960264294442,0,0.0314029975605509,0,0.00698407762010829,0,0,0,0,0,0,0,0.000898634663152608,0,6.80900767017941e-05,9.23308983107561e-06,0.00176547779331648,0,0,0,0.000255483340623324,0,0.00147697368304812,0,0.000117687254525345,0,0,0,4.82627097842438e-05,0,0.00266685830813657,0,6.6422889863969e-05,0,0.000201123696452948,0,0,0.000125300976841871,0,0.0125952639177968,0,0.000229686576334741,0,0.00589116845376018,0,0,0,0.000822849945044076,0,0,0,0,0,1.78043791333243e-05,0,0.00065449178331031,4.77321779684237e-05,0,0.00325946539091174,0,0.000631684375638568
