0,0,17.8097937011719,0,16.9991459093596,0,0,0,8.27901419538718,0,0,0,0,0,0,0,14.5715823173523,0,10.2129662930965,0,25.9526214599609,0,0,0,0,0,0,0,0,0,0,0,0,0,0,0,53.6092038154602,0,0,0,31.855918486913,0,20.4956714167739,0,0,38.4826183319092,26.7024828592936,0,5.86861359603762,0,20.0461217314005,0,0,0,7.18424338764614,0,23.4543587684631,0,11.174783706665,0,15.7517936388652,0,0,26.2477087577184,0,0,0,0,0,0,0,0,0,26.3966352462769,0,0,0,0,61.2239685058594,41.9236114609916,0,0,4.47511100619094,0,15.7530128003328,0,17.9308448791504
0,0,0,5.82267010517609,0,0,0,0,0,4.38790191076939,0,0,0,0,0,5.02865783373515,0,0,13.7012241556139,0,0,0,0,0,0,0,0,0,0,0,0,0,0,0,0,55.2276573181152,0,0,0,30.0045344034831,0,13.1483928881193,0,6.78170561790466,0,18.9401133855184,43.9335079193115,0,0,10.4173915267485,0,0,0,0,0,6.01889516322509,0,0,0,0,0,8.52208296096686,35.3674659729004,0,0,0,0,0,0,0,0,0,0,0,0,0,0,0,37.181170364906,72.8849496841431,0,0,9.14325371116935,0,10.9516070132906,13.0308399200439,0
17.8097937011719,0,0,0,9.71742054690485,0,0,0,7.29334067913794,0,0,0,0,0,0,0,0,0,0,0,0,0,0,0,0,0,0,0,0,0,0,0,0,0,0,0,49.2101898193359,0,0,0,0,0,23.5697651745118,0,0,0,0,0,15.4334246431078,0,9.87689343365756,0,0,0,0,0,25.5915345232537,0,4.43815688653426,0,0,0,0,19.9723328464436,0,0,0,0,0,0,0,0,0,29.7041625976562,0,0,0,0,0,36.5320510864258,0,0,12.6771260579427,0,18.7576248317525,0,19.81048019839
0,5.82267010517609,0,0,0,11.6263233275027,0,0,0,4.5936018454062,0,2.88991889357567,0,0,0,0,0,0,35.4013948440552,7.16308939045873,0,0,0,0,0,0,0,0,0,0,0,0,0,0,0,20.3109043294733,0,0,0,29.3097723792581,37.6207940028264,23.5422893382691,0,32.589714050293,0,0,0,0,0,11.6152544769586,0,8.62734271876224,0,0,0,6.72033380089904,0,3.19242225223117,0,3.63159946032933,0,3.91887161104303,12.5360778040356,0,0,0,0,0,0,0,0,0,0,0,0,0,0,0,23.3158336126504,39.808203125,0,0,17.1306328345939,0,19.7997656805325,11.8755623909735,0
16.9991459093596,0,9.71742054690485,0,0,0,5.12402602036794,0,7.65920785495213,0,10.0695381164551,0,0,0,0,0,0,0,0,0,5.2601375518701,0,0,0,0,0,0,0,0,0,0,0,0,0,0,0,0,0,0,0,0,0,29.5653699874878,0,0,0,0,0,12.8016159534454,0,8.21705256490146,0,0,0,12.0081661641598,0,12.7686622619629,0,0,0,4.85697882652283,0,0,24.4495277404785,0,0,0,0,0,0,0,0,0,36.1758460998535,0,0,0,0,0,0,0,0,5.82241964894672,4.527792096138,8.48121795145053,0,25.9185881614685
0,0,0,11.6263233275027,0,0,0,0,0,5.53901427984238,0,3.00637010165623,0,0,0,3.5826394374554,0,0,0,17.6790089607239,0,0,0,0,0,0,0,0,0,0,0,0,0,0,0,28.172327041626,0,0,0,0,0,49.2587807973226,0,0,0,0,0,0,0,17.7245178222656,0,4.07534236116039,0,0,0,0,0,11.5916678520941,0,10.4758862101513,0,4.45691353480021,34.0780439376831,0,0,0,0,0,0,0,0,0,0,0,0,0,0,0,35.6231496930122,0,0,0,8.35441683823208,10.0526700019836,18.119028595186,38.1712303161621,0
0,0,0,0,5.12402602036794,0,0,0,0,0,0,0,0,0,0,0,0,0,0,0,0,0,0,0,0,0,0,0,0,0,0,0,0,0,0,0,0,0,0,0,0,0,0,0,0,0,0,0,0,0,0,0,3.17369630871987,0,0,0,5.98645969926203,0,8.07405045297411,0,0,0,0,0,0,0,0,0,0,0,0,0,0,0,0,0,0,0,0,2.85212028026581,0,0,3.036719254085,0,3.70190634727478,0,0
0,0,0,0,0,0,0,0,0,0,0,3.81090418815613,0,0,0,0,0,0,0,0,0,0,0,0,0,0,0,0,0,0,0,0,0,0,0,3.69917285442352,0,0,0,0,0,0,0,0,0,0,0,0,0,0,0,0,0,4.17671413222949,0,0,0,4.63115818117872,0,5.34133399499429,0,0,0,0,0,0,0,0,0,0,0,0,0,0,0,0,0,0,0,0,0,0,2.84953987598419,0,0,0,0
8.27901419538718,0,7.29334067913794,0,7.65920785495213,0,0,0,0,0,0,0,0,0,0,0,3.65848452166507,0,70.1842975616455,0,0,0,0,0,4.75724559641899,0,2.86420534424863,0,0,0,0,0,0,0,0,0,61.2000255584717,0,0,0,38.1280574798584,0,26.7176981976158,0,0,0,33.0840733846029,0,5.05071912820523,0,9.35749809837341,0,0,0,6.23506376966138,0,0,0,7.48399138450623,0,5.58368980884552,0,0,43.0072650909424,0,0,0,3.80727219581604,0,0,0,0,0,33.2226409912109,0,0,0,0,0,45.5763404482887,0,0,6.88072437139658,2.80965089797974,13.4766207802427,0,23.3727318899972
0,4.38790191076939,0,4.5936018454062,0,5.53901427984238,0,0,0,0,0,12.0503997802734,0,0,0,3.39495913605941,0,0,11.6131114959717,17.5070877075195,0,0,0,5.21090607686874,0,0,0,0,0,0,0,0,0,0,0,0,0,6.01239785126277,0,0,0,54.8994064331055,0,0,0,0,0,0,0,11.9913848808834,0,4.32348227500916,0,0,0,6.20570436279781,0,0,0,0,0,6.45396808583102,0,0,0,0,5.65444145820759,0,0,0,0,0,0,0,0,0,0,0,34.9906821250916,0,11.5899142187995,0,4.64899474751968,5.61739104986191,11.9793130344815,0,0
0,0,0,0,10.0695381164551,0,0,0,0,0,0,0,0,0,0,0,0,0,0,0,3.75568909869819,0,0,0,0,0,0,0,0,0,3.15839672088623,0,0,0,0,0,3.79105798642438,0,4.1407650284612,0,0,0,0,0,0,0,0,0,0,0,0,0,3.10325282812119,0,0,0,5.39364550203988,0,3.76208893714413,0,0,0,0,4.46714807604695,0,0,0,0,0,0,0,0,0,7.21059536933899,0,0,0,0,0,2.8930622736613,0,4.07454351546629,3.86469958937742,0,3.8281111240387,0,0
0,0,0,2.88991889357567,0,3.00637010165623,0,3.81090418815613,0,12.0503997802734,0,0,0,3.03601224605854,0,0,0,0,0,3.45886258568083,0,0,0,0,0,0,0,2.96653419552427,0,6.79205609049116,0,0,0,0,0,3.06977128982544,0,3.60865574493919,0,0,0,0,0,0,0,0,0,0,0,0,0,3.49647040367126,0,0,0,0,0,5.82693798553677,0,3.02340630983052,0,0,3.64462897813681,0,0,0,0,0,0,0,3.39791160471299,0,8.33289711475372,0,0,0,0,0,4.86937012150884,0,10.2448792060216,0,3.84625437027878,0,0,0,0
0,0,0,0,0,0,0,0,0,0,0,0,0,0,0,0,0,0,0,0,0,0,0,0,0,0,0,0,0,0,0,0,0,0,0,0,0,0,0,0,0,0,0,0,0,0,0,0,0,0,0,0,0,0,0,0,0,0,3.20386728747138,0,0,0,0,0,0,0,0,0,0,0,0,0,0,0,0,0,0,0,0,0,0,0,0,0,0,0,0
0,0,0,0,0,0,0,0,0,0,0,3.03601224605854,0,0,0,2.88218915462494,0,0,0,0,0,0,0,0,0,0,0,3.03781730333964,0,0,0,0,0,0,0,0,0,0,0,0,0,0,0,0,0,0,0,0,0,0,0,0,0,0,0,0,0,0,0,3.48773723904348,0,0,0,0,0,0,0,0,4.2530357837677,0,4.70644103050232,0,0,0,0,0,0,0,0,0,0,0,3.28931439441183,2.73998320102692,0,0,0
0,0,0,0,0,0,0,0,0,0,0,0,0,0,0,0,3.09994745254517,0,0,0,0,0,0,0,0,0,0,0,0,0,0,0,0,0,0,0,0,0,0,0,0,0,0,0,0,0,0,0,0,0,0,0,0,0,5.60471524132623,0,0,0,2.74445843696594,0,2.98121187289556,0,0,0,0,0,0,0,0,0,0,0,0,0,0,0,0,0,0,0,0,0,3.24736930264367,2.83563319842021,0,0,0
0,5.02865783373515,0,0,0,3.5826394374554,0,0,0,3.39495913605941,0,0,0,2.88218915462494,0,0,43.4032135009766,19.6444007088156,0,0,0,0,0,0,0,0,0,0,0,0,0,0,0,0,0,0,0,0,0,0,0,0,0,0,0,0,0,0,0,0,0,3.48135389884313,0,0,0,5.45531131009587,0,0,0,0,0,4.87172780200547,0,0,0,0,0,0,0,0,0,0,0,0,0,0,0,0,0,0,0,0,5.73660577104447,2.99301017005489,0,0,0
14.5715823173523,0,0,0,0,0,0,0,3.65848452166507,0,0,0,0,0,3.09994745254517,43.4032135009766,0,22.6728403995002,15.5939954700075,0,0,17.1530261039734,6.01179177385001,29.8582170009613,7.7432001526676,27.9844065666199,6.04331657091777,0,7.03017414149953,0,0,0,0,0,0,88.610767364502,87.5247985839844,0,0,90.7470474243164,63.1383983905499,44.0806042353312,43.8952391815186,46.1421756744385,0,53.8385669708252,47.0841180801392,0,0,66.554084777832,0,0,0,0,2.85610508918762,0,0,0,0,0,0,0,76.7740943908691,68.126880645752,19.1920108795166,6.90915807517799,0,0,30.0339813232422,4.31607531011105,0,6.21781849861145,0,0,0,0,0,0,75.2771698801141,69.8949343363444,0,0,11.1541583421643,9.72765018442735,55.0338553474063,33.0997276306152,38.0265017918178
0,0,0,0,0,0,0,0,0,0,0,0,0,0,0,19.6444007088156,22.6728403995002,0,18.4863327796168,0,0,15.8946006513504,22.5515354701451,12.7550982754544,25.4609432220459,12.3507048171639,0,0,0,0,0,0,0,0,0,94.6027806599935,93.2171681722005,0,0,56.3777097066244,64.6083838144938,46.1661477088928,45.618278503418,35.3561522654998,0,46.4070540208083,55.6515701695492,0,0,63.9391639015891,0,0,0,0,0,0,0,0,0,0,0,0,64.5692390441895,60.147450038365,16.5220490773519,35.8341636657715,10.6705269813538,0,13.5247060739541,27.8350791931152,0,0,0,0,0,0,0,0,70.5116145693023,70.2900390625,0,0,14.8313259035917,6.54905503349645,50.5553370295344,47.5609741210938,51.6199671427409
10.2129662930965,13.7012241556139,0,35.4013948440552,0,0,0,0,70.1842975616455,11.6131114959717,0,0,0,0,0,0,15.5939954700075,18.4863327796168,0,0,0,0,0,0,22.9036121368408,36.3520708084106,0,0,0,0,0,0,0,0,0,79.2060319582621,68.7751980491307,0,0,49.4170723861119,47.680285835772,20.8647272028083,27.2088732692745,20.0293949641191,19.1596484834498,34.6828343114432,36.3311101655233,62.0495505332947,48.7318235265798,51.5070362864314,0,0,0,0,0,54.1179084777832,31.8006208481327,39.3975791931152,0,0,0,0,52.806649251701,52.2081862050433,0,0,0,0,0,19.6261157989502,0,0,0,33.9351867328991,0,53.8067289079939,0,0,53.7555650300012,56.8837697455224,0,47.1075146993001,14.1133860623744,35.9709924062093,29.0863354849242,17.7762564070085,29.1736581968539
0,0,0,7.16308939045873,0,17.6790089607239,0,0,0,17.5070877075195,0,3.45886258568083,0,0,0,0,0,0,0,0,0,0,0,0,0,0,0,0,0,0,0,0,0,0,0,4.77865253908986,0,3.33421912193298,0,0,0,43.6215629577637,0,0,0,0,0,0,0,0,0,20.9986902872721,0,0,0,19.286808013916,0,8.539252442973,0,11.5564432144165,0,0,4.71753432479086,0,0,0,0,0,0,0,0,0,0,0,0,0,0,0,6.79667760031835,0,0,0,6.2792053118996,0,4.68026794998013,0,0
25.9526214599609,0,0,0,5.2601375518701,0,0,0,0,0,3.75568909869819,0,0,0,0,0,0,0,0,0,0,0,0,0,0,0,0,0,0,0,0,0,0,0,0,0,6.25168018264155,0,4.29532253079944,0,17.8899693489075,0,0,0,0,0,16.8414742151896,0,0,0,4.10967338085175,0,0,0,0,0,5.26722133731842,0,0,0,0,0,0,5.84359845677697,0,0,0,0,0,0,0,0,0,5.47506523132324,0,0,0,0,0,10.4878011780224,0,9.56125203768412,5.92768274727514,0,4.55961817600688,0,0
0,0,0,0,0,0,0,0,0,0,0,0,0,0,0,0,17.1530261039734,15.8946006513504,0,0,0,0,4.81293669813558,4.56274797699668,0,9.90015273623996,0,3.02607248379634,0,0,0,0,0,0,0,0,0,6.67283338811946,3.47696129287161,0,0,0,0,0,0,0,0,23.2599670410156,0,15.9325385120478,0,0,0,0,0,0,0,0,0,0,0,0,0,0,4.67632272338433,3.70870312437954,6.30401245004991,0,10.1677062988281,0,0,0,15.3672132492065,0,0,0,15.6361012458801,0,0,0,6.26943155435415,3.66511567433675,4.33690663188337,5.06082484722137,18.1601645151774,0,0
0,0,0,0,0,0,0,0,0,0,0,0,0,0,0,0,6.01179177385001,22.5515354701451,0,0,0,4.81293669813558,0,0,5.65567313300239,0,6.01429075208204,0,5.38030646324158,0,0,0,0,0,0,0,0,0,3.85249482241544,0,0,0,0,0,0,0,0,0,3.95008995532989,0,0,0,0,0,0,0,0,0,0,0,0,0,0,0,5.07830500602722,4.43758823300806,0,5.13472042287268,27.6175289154053,3.13352338167337,0,3.71612734910918,0,0,0,0,0,0,0,0,0,4.43576775586549,4.77072390330465,6.18796574166327,0,0,0
0,0,0,0,0,0,0,0,0,5.21090607686874,0,0,0,0,0,0,29.8582170009613,12.7550982754544,0,0,0,4.56274797699668,0,0,0,4.9110399723053,0,0,0,0,0,0,0,0,0,0,0,4.76406186750565,0,0,0,0,0,0,0,0,0,0,0,5.66865687841898,0,0,0,0,0,5.16758469531411,0,0,0,0,0,8.11516761779785,0,0,5.42300863757388,0,5.57431149723207,0,6.63637899926731,0,0,0,0,0,0,0,0,0,0,0,3.76178445487187,0,5.09778655767441,0,4.05555363801809,0,0
0,0,0,0,0,0,0,0,4.75724559641899,0,0,0,0,0,0,0,7.7432001526676,25.4609432220459,22.9036121368408,0,0,0,5.65567313300239,0,0,0,0,0,0,0,0,0,0,0,0,0,0,0,3.44373956387931,0,0,0,0,0,0,0,0,0,9.4154847462972,0,0,0,0,0,8.18505873178181,0,0,0,0,0,0,0,0,0,0,8.33129715919495,0,3.48372905362736,0,0,0,0,0,0,0,0,0,0,0,0,0,8.74008011817932,5.43121430864296,13.053521156311,9.98889412198748,0,0
0,0,0,0,0,0,0,0,0,0,0,0,0,0,0,0,27.9844065666199,12.3507048171639,36.3520708084106,0,0,9.90015273623996,0,4.9110399723053,0,0,0,0,0,0,0,0,0,0,0,0,0,0,0,0,0,0,0,0,0,0,0,0,0,0,0,0,0,0,0,0,0,0,0,0,0,0,0,0,0,0,5.11648443010118,0,5.7451053361098,0,0,0,0,0,0,0,0,0,0,0,0,0,17.0741461396217,36.5167465209961,0,0,0
0,0,0,0,0,0,0,0,2.86420534424863,0,0,0,0,0,0,0,6.04331657091777,0,0,0,0,0,6.01429075208204,0,0,0,0,0,6.93849020737868,0,0,0,0,0,0,0,0,0,0,0,0,0,0,0,0,0,0,0,0,0,0,0,0,0,2.93116123859699,0,0,0,0,0,0,0,0,0,0,0,0,4.00626187854343,0,3.00167340040207,0,3.90134587654701,0,0,0,0,0,0,0,0,0,0,5.50245173931122,6.61221267117394,0,0,0
0,0,0,0,0,0,0,0,0,0,0,2.96653419552427,0,3.03781730333964,0,0,0,0,0,0,0,3.02607248379634,0,0,0,0,0,0,0,2.92570410705194,0,0,0,0,0,0,0,3.50997181236744,0,0,0,0,0,0,0,0,0,0,0,0,0,0,0,0,0,0,0,0,0,3.5949604511261,0,0,0,0,4.53166132441835,0,0,0,2.90702918859629,0,4.78273874096826,0,10.4026350827561,0,0,0,0,0,0,0,5.01528577009837,0,0,0,0,0,0
0,0,0,0,0,0,0,0,0,0,0,0,0,0,0,0,7.03017414149953,0,0,0,0,0,5.38030646324158,0,0,0,6.93849020737868,0,0,0,3.52644613385201,0,0,0,0,0,0,0,5.52864186337452,0,0,0,0,0,0,0,0,0,0,0,0,0,0,0,0,0,0,0,4.42363880872726,0,0,0,0,0,0,3.57573270797729,0,0,0,0,0,3.43055112529665,0,7.67729675978945,0,0,0,0,0,0,0,5.92468180083761,4.55741237940854,6.17098123871762,0,0,0
0,0,0,0,0,0,0,0,0,0,0,6.79205609049116,0,0,0,0,0,0,0,0,0,0,0,0,0,0,0,2.92570410705194,0,0,0,0,0,0,0,0,0,4.18783964344006,0,0,0,0,0,0,0,0,0,0,0,0,0,0,0,0,0,0,0,5.15863727160863,0,0,0,0,0,0,0,0,0,0,0,0,0,0,5.57753229519011,0,0,0,0,0,0,0,4.56515641137958,0,0,0,0,0,0
0,0,0,0,0,0,0,0,0,0,3.15839672088623,0,0,0,0,0,0,0,0,0,0,0,0,0,0,0,0,0,3.52644613385201,0,0,0,0,0,0,0,0,0,4.1268469741145,0,0,0,0,0,0,0,0,0,0,0,0,0,0,0,0,0,6.17479927964913,0,0,0,0,0,0,0,0,0,0,0,0,0,0,9.8669376373291,0,5.91535487473515,0,0,0,0,0,0,0,5.38955533281665,3.63061255878872,0,0,0,0
0,0,0,0,0,0,0,0,0,0,0,0,0,0,0,0,0,0,0,0,0,0,0,0,0,0,0,0,0,0,0,0,3.30700494807054,4.48877928733826,0,3.59064879136927,0,0,0,0,0,0,0,0,0,0,0,4.15191629856308,0,0,0,0,0,0,0,0,0,0,0,0,0,0,0,0,0,0,0,0,0,0,0,0,0,0,4.00159594455323,3.88920648892721,8.14396459947933,0,4.38467227561133,0,0,0,3.1997520973285,0,0,0,0
0,0,0,0,0,0,0,0,0,0,0,0,0,0,0,0,0,0,0,0,0,0,0,0,0,0,0,0,0,0,0,3.30700494807054,0,0,5.63131043646071,4.69617177730196,5.09745978813115,0,0,0,0,0,0,0,0,0,0,4.3737315585616,0,13.4606695175171,0,0,0,0,0,0,0,0,0,0,0,0,0,0,0,0,0,0,0,0,0,0,0,0,3.97800611676016,6.22054400537989,0,11.8198298676069,4.9434504032135,10.0608843016764,0,0,2.98432133641354,0,0,0,0
0,0,0,0,0,0,0,0,0,0,0,0,0,0,0,0,0,0,0,0,0,0,0,0,0,0,0,0,0,0,0,4.48877928733826,0,0,3.33693626016941,3.6789079464972,0,5.66330393498464,0,0,0,5.47937059402466,15.6030228932699,0,0,0,0,4.50118291038012,22.0434652964274,6.39115959405899,0,0,0,0,0,23.2843837738037,0,0,0,0,0,0,0,0,0,0,0,0,0,0,0,0,0,0,10.1779286166032,0,3.93932246356105,5.25292047806318,5.71505858024618,0,5.11967425768067,0,6.95492688166041,2.74694013595581,0,0,0
0,0,0,0,0,0,0,0,0,0,0,0,0,0,0,0,0,0,0,0,0,0,0,0,0,0,0,0,0,0,0,0,5.63131043646071,3.33693626016941,0,0,7.20202808973958,4.38048144455614,5.36638588617406,0,0,0,11.6921334266663,0,0,0,0,4.45554829280234,4.5317314692906,0,0,0,0,0,0,0,0,0,0,0,0,0,0,0,0,0,0,0,0,0,0,0,0,0,0,8.53290836861793,5.61515174252646,5.91255870949331,0,5.69513010943482,0,5.39435146053632,5.22431133633895,0,5.67877073287964,0,0
0,55.2276573181152,0,20.3109043294733,0,28.172327041626,0,3.69917285442352,0,0,0,3.06977128982544,0,0,0,0,88.610767364502,94.6027806599935,79.2060319582621,4.77865253908986,0,0,0,0,0,0,0,0,0,0,0,3.59064879136927,4.69617177730196,3.6789079464972,0,0,4.12610313302727,5.4428482351443,3.08973770141602,46.1826559702555,0,43.8523733177964,0,53.1135345458984,0,37.5216796912399,103.701316833496,9.77603190916556,0,33.7769720077515,0,36.8313594818115,0,0,0,0,0,26.1799811124802,0,28.1205501556396,0,28.2524967193604,10.7667255878448,0,0,0,0,0,0,0,0,0,0,0,14.1951282024384,0,4.92326994476171,0,7.90582557099376,5.91113330447485,7.41771779060364,0,5.55162519550754,3.78959935903549,36.7277991362292,44.1102175031389,0
53.6092038154602,0,49.2101898193359,0,0,0,0,0,61.2000255584717,0,3.79105798642438,0,0,0,0,0,87.5247985839844,93.2171681722005,68.7751980491307,0,6.25168018264155,0,0,0,0,0,0,0,0,0,0,0,5.09745978813115,0,7.20202808973958,4.12610313302727,0,0,5.26092616312881,0,40.789945602417,0,44.5407598139876,0,59.5097587585449,95.0849380493164,37.2577020899455,16.3107062432824,24.9368619844895,120.095504760742,0,0,0,0,0,0,12.3182413366106,0,0,0,0,0,0,19.4088605352461,0,0,0,0,0,0,0,0,0,0,4.6533374786377,6.96908384602708,0,8.43646641731262,5.53574117592403,7.83526407372134,0,5.44554427419843,5.3647347148342,5.41401173450329,32.3604214649375,0,49.4975032806396
0,0,0,0,0,0,0,0,0,6.01239785126277,0,3.60865574493919,0,0,0,0,0,0,0,3.33421912193298,0,6.67283338811946,0,4.76406186750565,0,0,0,3.50997181236744,0,4.18783964344006,0,0,0,5.66330393498464,4.38048144455614,5.4428482351443,0,0,3.43434881096456,0,0,4.49953271093823,0,0,0,0,0,5.83101219109126,0,8.71830486265882,0,0,0,0,0,12.7104195556641,0,4.59550191990651,0,0,0,0,7.40375383694967,0,7.90172587090601,0,9.15368372169701,0,0,0,3.32179817131587,0,4.94488345101526,0,0,0,7.91328614626449,4.75175688696689,6.8134291216105,0,5.88497449841173,3.26410089598762,5.07332039997299,6.17270968357722,4.8072567741323,0,0
0,0,0,0,0,0,0,0,0,0,4.1407650284612,0,0,0,0,0,0,0,0,0,4.29532253079944,3.47696129287161,3.85249482241544,0,3.44373956387931,0,0,0,5.52864186337452,0,4.1268469741145,0,0,0,5.36638588617406,3.08973770141602,5.26092616312881,3.43434881096456,0,0,0,0,6.58595356286741,0,0,0,0,3.67463946342468,6.28135819045397,0,0,0,0,0,0,0,6.33243790592693,0,0,0,0,0,0,5.25846011844682,0,4.49875509381294,0,8.70914124770903,0,0,0,5.75237131568621,0,6.4168233354342,0,0,0,6.07584394858434,0,5.39216478258117,4.79297161102295,5.26792152327609,4.38514157978762,4.40860986709595,5.64090550065041,0,0
0,30.0045344034831,0,29.3097723792581,0,0,0,0,0,0,0,0,0,0,0,0,90.7470474243164,56.3777097066244,49.4170723861119,0,0,0,0,0,0,0,0,0,0,0,0,0,0,0,0,46.1826559702555,0,0,0,0,24.7287282943726,20.099194415978,0,26.6026507377625,0,20.5872486014115,70.8151168823242,0,36.8911933898926,5.53719048778506,0,39.7543487548828,0,0,0,45.5032653808594,0,0,0,0,0,38.3615226745605,6.04113458915496,0,0,0,0,0,0,0,0,0,0,0,0,0,6.30059194564819,0,8.96689059848869,81.3641961415609,0,0,37.9919041853685,0,13.7589516563831,17.5402866303921,103.864448547363
31.855918486913,0,0,37.6207940028264,0,0,0,0,38.1280574798584,0,0,0,0,0,0,0,63.1383983905499,64.6083838144938,47.680285835772,0,17.8899693489075,0,0,0,0,0,0,0,0,0,0,0,0,0,0,0,40.789945602417,0,0,24.7287282943726,0,64.9992858886719,19.6554802963865,57.2220077514648,37.2045521206326,69.9549541473389,15.5626360903616,13.5729901650373,6.59503006914794,91.7660827636719,0,0,0,0,0,0,0,0,0,0,0,0,89.4503784179688,20.7568874818198,0,0,0,0,0,0,0,0,0,0,0,40.4695585727692,0,0,97.8492177327474,16.476937802317,0,0,43.4755726578415,0,9.60125947795635,56.5548152923584,20.379315999838
0,13.1483928881193,0,23.5422893382691,0,49.2587807973226,0,0,0,54.8994064331055,0,0,0,0,0,0,44.0806042353312,46.1661477088928,20.8647272028083,43.6215629577637,0,0,0,0,0,0,0,0,0,0,0,0,0,5.47937059402466,0,43.8523733177964,0,4.49953271093823,0,20.099194415978,64.9992858886719,0,6.74322007690015,13.8578914905849,0,30.3178613887114,62.6348190307617,5.1492950331081,9.20727974573771,15.3122475763462,0,32.0211067199707,0,0,0,49.8259366989136,0,22.0596335305108,0,27.0063794453939,0,26.1515470476293,27.9898429605696,69.7383193969727,0,0,14.4861822128296,0,0,0,0,0,3.1535667521613,0,0,0,0,13.239438533783,24.1399746520586,63.391487121582,8.58061695098877,0,10.4680085356347,4.29896974563599,9.47784960913154,6.12896798568705,8.69577169418335
20.4956714167739,0,23.5697651745118,0,29.5653699874878,0,0,0,26.7176981976158,0,0,0,0,0,0,0,43.8952391815186,45.618278503418,27.2088732692745,0,0,0,0,0,0,0,0,0,0,0,0,0,0,15.6030228932699,11.6921334266663,0,44.5407598139876,0,6.58595356286741,0,19.6554802963865,6.74322007690015,0,68.7566814422607,10.8249522504352,50.2572689056396,13.7826153750204,7.05524707721734,8.14452227636224,22.4250373840332,0,0,0,0,16.0772803624471,0,16.4175681323367,0,17.8663520812988,0,22.7144680023193,0,68.9740409851074,24.7226304708977,0,0,0,11.6984009742737,0,0,0,0,0,17.0078710222468,0,32.0869239807129,18.4667975107829,8.03307588577271,80.6300079345703,30.1955583370849,0,8.42965087890625,9.19349354624748,6.39888780044787,10.8928751825235,0,8.04311288296084
0,6.78170561790466,0,32.589714050293,0,0,0,0,0,0,0,0,0,0,0,0,46.1421756744385,35.3561522654998,20.0293949641191,0,0,0,0,0,0,0,0,0,0,0,0,0,0,0,0,53.1135345458984,0,0,0,26.6026507377625,57.2220077514648,13.8578914905849,68.7566814422607,0,0,22.9174409665559,44.5127153396606,0,0,30.7625244403708,0,0,0,0,0,0,0,0,0,0,0,0,35.1397724151611,65.0018692016602,0,0,0,0,0,0,0,0,0,0,0,0,0,0,34.3157181610932,73.5043997764587,20.7865505218506,0,26.4964412583245,0,14.7227816123588,11.9852694272995,44.4426355361938
0,0,0,0,0,0,0,0,0,0,0,0,0,0,0,0,0,0,19.1596484834498,0,0,0,0,0,0,0,0,0,0,0,0,0,0,0,0,0,59.5097587585449,0,0,0,37.2045521206326,0,10.8249522504352,0,0,0,15.8819284439087,0,16.7945671081543,0,0,0,0,0,0,0,0,0,0,0,0,0,0,0,0,0,0,0,0,0,0,0,0,0,0,0,0,0,0,43.3344404557172,0,0,13.2437643480301,0,10.5171883939539,0,23.5151853561401
38.4826183319092,18.9401133855184,0,0,0,0,0,0,0,0,0,0,0,0,0,0,53.8385669708252,46.4070540208083,34.6828343114432,0,0,0,0,0,0,0,0,0,0,0,0,0,0,0,0,37.5216796912399,95.0849380493164,0,0,20.5872486014115,69.9549541473389,30.3178613887114,50.2572689056396,22.9174409665559,0,0,54.659141752455,0,0,21.3078516620701,0,0,0,0,0,0,0,0,0,0,0,0,12.9333635363496,73.7116368611654,0,0,0,0,0,0,0,0,0,0,0,0,0,0,19.708735694002,75.824043697781,14.585487799211,0,31.3959998669832,0,20.2564784315045,37.022047996521,0
26.7024828592936,43.9335079193115,0,0,0,0,0,0,33.0840733846029,0,0,0,0,0,0,0,47.0841180801392,55.6515701695492,36.3311101655233,0,16.8414742151896,0,0,0,0,0,0,0,0,0,0,0,0,0,0,103.701316833496,37.2577020899455,0,0,70.8151168823242,15.5626360903616,62.6348190307617,13.7826153750204,44.5127153396606,15.8819284439087,54.659141752455,0,39.7216924939837,27.9950481414795,78.4039001464844,0,0,0,0,0,0,29.8567789622716,0,0,0,0,0,76.2087987263997,16.5998758243813,0,0,0,0,0,0,0,0,0,38.2891059875488,0,32.6092357635498,0,0,88.4664808000837,23.8633489783834,0,14.1880694679592,37.3463836557725,0,13.1544367021195,66.6972770690918,37.7188970777724
0,0,0,0,0,0,0,0,0,0,0,0,0,0,0,0,0,0,62.0495505332947,0,0,23.2599670410156,0,0,0,0,0,0,0,0,0,4.15191629856308,4.3737315585616,4.50118291038012,4.45554829280234,9.77603190916556,16.3107062432824,5.83101219109126,3.67463946342468,0,13.5729901650373,5.1492950331081,7.05524707721734,0,0,0,39.7216924939837,0,5.1644776149565,5.52621210303772,0,0,0,0,0,0,0,0,0,0,0,0,0,90.118408203125,22.6384906768799,0,0,0,0,0,0,0,13.2353962035406,0,4.38606377098504,5.91967679551436,5.83737271704508,5.83013838748666,7.09520747187626,6.48510862933982,5.9947058000648,7.00983031859673,5.801484371765,4.32579629761832,5.63022463938158,12.7960519790649,0
5.86861359603762,0,15.4334246431078,0,12.8016159534454,0,0,0,5.05071912820523,0,0,0,0,0,0,0,0,0,48.7318235265798,0,0,0,3.95008995532989,0,9.4154847462972,0,0,0,0,0,0,0,0,22.0434652964274,4.5317314692906,0,24.9368619844895,0,6.28135819045397,36.8911933898926,6.59503006914794,9.20727974573771,8.14452227636224,0,16.7945671081543,0,27.9950481414795,5.1644776149565,0,5.91705743681888,0,0,0,0,3.01199666659037,51.6802406311035,11.6508202850819,0,3.94796080248696,0,3.71378372340906,0,0,34.1467279434204,0,5.03741363332241,0,6.15220192074776,0,4.23810123621933,0,4.39984939098358,0,5.16640782356262,0,3.91214347392955,23.5498352050781,4.3522726893425,115.195938110352,10.6955247250985,0,5.65794282262158,11.4096055650295,17.7685186862946,7.71424402791822,0,21.4538457943843
0,10.4173915267485,0,11.6152544769586,0,17.7245178222656,0,0,0,11.9913848808834,0,0,0,0,0,0,66.554084777832,63.9391639015891,51.5070362864314,0,0,15.9325385120478,0,5.66865687841898,0,0,0,0,0,0,0,0,13.4606695175171,6.39115959405899,0,33.7769720077515,120.095504760742,8.71830486265882,0,5.53719048778506,91.7660827636719,15.3122475763462,22.4250373840332,30.7625244403708,0,21.3078516620701,78.4039001464844,5.52621210303772,5.91705743681888,0,0,0,0,0,0,12.6607344452764,0,8.58302296874344,0,9.05135447449154,0,7.41538663283743,43.0337442251352,0,6.89025508497179,0,5.41971991686213,0,6.42436326751413,0,5.55028190475345,0,7.05023700698974,0,3.30787515640259,16.088062286377,4.62383530583493,0,6.90853697548721,108.964891433716,6.97315216671279,0,13.278599678906,0,9.73875023200751,23.1842934906483,0
20.0461217314005,0,9.87689343365756,0,8.21705256490146,0,0,0,9.35749809837341,0,0,0,0,0,0,0,0,0,0,0,4.10967338085175,0,0,0,0,0,0,0,0,0,0,0,0,0,0,0,0,0,0,0,0,0,0,0,0,0,0,0,0,0,0,0,3.09132484594981,0,13.0286993874106,0,9.22423131969613,0,5.02678873037037,0,5.46922313705992,0,0,0,0,0,0,0,0,0,0,0,0,0,0,0,0,0,0,0,0,0,15.8283844391505,0,11.204329363505,0,0
0,0,0,8.62734271876224,0,4.07534236116039,0,0,0,4.32348227500916,0,3.49647040367126,0,0,0,3.48135389884313,0,0,0,20.9986902872721,0,0,0,0,0,0,0,0,0,0,0,0,0,0,0,36.8313594818115,0,0,0,39.7543487548828,0,32.0211067199707,0,0,0,0,0,0,0,0,0,0,0,3.91517174243927,0,0,0,6.3096092537225,0,6.1523081728276,0,4.09838695526123,24.8119115829468,0,0,0,0,0,0,0,0,0,0,0,0,0,0,0,35.053111076355,0,0,0,7.28546822260297,0,18.3972480373998,0,0
0,0,0,0,0,0,3.17369630871987,0,0,0,3.10325282812119,0,0,0,0,0,0,0,0,0,0,0,0,0,0,0,0,0,0,0,0,0,0,0,0,0,0,0,0,0,0,0,0,0,0,0,0,0,0,0,3.09132484594981,0,0,0,0,0,5.10604298623033,0,8.49268703460693,0,0,0,0,6.99713888535133,0,0,0,0,0,0,0,0,0,0,0,0,0,0,0,0,0,0,3.58253598213196,0,0,0,0
0,0,0,0,0,0,0,4.17671413222949,0,0,0,0,0,0,0,0,0,0,0,0,0,0,0,0,0,0,0,0,0,0,0,0,0,0,0,0,0,0,0,0,0,0,0,0,0,0,0,0,0,0,0,3.91517174243927,0,0,0,0,0,4.32996382766007,0,5.21639899412791,0,0,0,0,0,0,0,0,0,0,0,0,0,0,0,0,0,0,0,0,0,0,0,0,0,0,0
7.18424338764614,0,0,0,12.0081661641598,0,0,0,6.23506376966138,0,0,0,0,0,5.60471524132623,0,2.85610508918762,0,0,0,0,0,0,0,8.18505873178181,0,2.93116123859699,0,0,0,0,0,0,0,0,0,0,0,0,0,0,0,16.0772803624471,0,0,0,0,0,3.01199666659037,0,13.0286993874106,0,0,0,0,0,0,0,11.1623639130011,0,9.26122020035982,0,0,0,0,0,0,4.72133612632751,0,0,0,0,0,0,0,0,0,0,0,0,0,0,7.17343448410349,0,10.6646067310362,0,0
0,6.01889516322509,0,6.72033380089904,0,0,0,0,0,6.20570436279781,0,0,0,0,0,5.45531131009587,0,0,54.1179084777832,19.286808013916,0,0,0,5.16758469531411,0,0,0,0,0,0,0,0,0,23.2843837738037,0,0,0,12.7104195556641,0,45.5032653808594,0,49.8259366989136,0,0,0,0,0,0,51.6802406311035,12.6607344452764,0,0,0,0,0,0,0,12.051830291748,0,0,0,8.72198741218245,0,0,0,0,5.11585685978701,0,6.04405864079793,0,0,0,0,0,0,0,23.6834754943848,0,30.3095421261258,47.2308769226074,12.1959243218966,0,22.6960270575115,19.2446384429932,14.7579632739087,0,0
23.4543587684631,0,25.5915345232537,0,12.7686622619629,0,5.98645969926203,0,0,0,5.39364550203988,0,0,0,0,0,0,0,31.8006208481327,0,5.26722133731842,0,0,0,0,0,0,0,0,0,6.17479927964913,0,0,0,0,0,12.3182413366106,0,6.33243790592693,0,0,0,16.4175681323367,0,0,0,29.8567789622716,0,11.6508202850819,0,9.22423131969613,0,5.10604298623033,0,0,0,0,0,4.54978495901758,0,12.3642193317413,0,0,4.5823915588359,0,0,0,0,0,0,0,0,0,6.74524134184125,0,0,0,0,0,29.9192395074027,0,7.85736349650792,11.2549287023998,0,9.85028207675684,0,18.7443103790283
0,0,0,3.19242225223117,0,11.5916678520941,0,4.63115818117872,0,0,0,5.82693798553677,0,0,0,0,0,0,39.3975791931152,8.539252442973,0,0,0,0,0,0,0,0,0,5.15863727160863,0,0,0,0,0,26.1799811124802,0,4.59550191990651,0,0,0,22.0596335305108,0,0,0,0,0,0,0,8.58302296874344,0,6.3096092537225,0,4.32996382766007,0,12.051830291748,0,0,0,4.06328600228278,0,5.11799490451813,8.42777662292907,0,0,0,0,0,10.4774551391602,0,5.60036406902204,0,4.27124959353319,0,0,0,0,0,25.9324677907504,0,12.7545344901807,0,6.0837474776096,0,7.40072530500581,24.8340644836426,0
11.174783706665,0,4.43815688653426,0,0,0,8.07405045297411,0,7.48399138450623,0,3.76208893714413,0,3.20386728747138,0,2.74445843696594,0,0,0,0,0,0,0,0,0,0,0,0,0,4.42363880872726,0,0,0,0,0,0,0,0,0,0,0,0,0,17.8663520812988,0,0,0,0,0,3.94796080248696,0,5.02678873037037,0,8.49268703460693,0,11.1623639130011,0,4.54978495901758,0,0,0,3.53951251624834,0,0,0,0,0,0,0,0,0,0,4.21277220654038,0,0,0,0,0,0,0,0,0,0,2.85252959078008,0,16.3320466518402,0,0
0,0,0,3.63159946032933,0,10.4758862101513,0,5.34133399499429,0,0,0,3.02340630983052,0,3.48773723904348,0,0,0,0,0,11.5564432144165,0,0,0,0,0,0,0,3.5949604511261,0,0,0,0,0,0,0,28.1205501556396,0,0,0,0,0,27.0063794453939,0,0,0,0,0,0,0,9.05135447449154,0,6.1523081728276,0,5.21639899412791,0,0,0,4.06328600228278,0,0,0,0,15.018777012825,0,0,0,0,0,6.8934440612793,0,5.28900806098708,0,0,0,0,0,0,0,37.5579521656036,0,0,0,2.74823713302612,0,18.5444018396281,25.0065383911133,0
15.7517936388652,0,0,0,4.85697882652283,0,0,0,5.58368980884552,0,0,0,0,0,2.98121187289556,0,0,0,0,0,0,0,0,0,0,0,0,0,0,0,0,0,0,0,0,0,0,0,0,0,0,0,22.7144680023193,0,0,0,0,0,3.71378372340906,0,5.46922313705992,0,0,0,9.26122020035982,0,12.3642193317413,0,3.53951251624834,0,0,0,0,0,0,0,0,0,0,0,0,0,0,0,0,0,0,0,0,0,0,0,2.74798178672791,0,13.3354271669236,0,0
0,8.52208296096686,0,3.91887161104303,0,4.45691353480021,0,0,0,6.45396808583102,0,0,0,0,0,4.87172780200547,0,0,0,0,0,0,0,8.11516761779785,0,0,0,0,0,0,0,0,0,0,0,28.2524967193604,0,0,0,38.3615226745605,0,26.1515470476293,0,0,0,0,0,0,0,7.41538663283743,0,4.09838695526123,0,0,0,8.72198741218245,0,5.11799490451813,0,0,0,0,32.3153317769369,0,0,0,7.04582846315601,0,5.46060224653969,0,4.00184011459351,0,0,0,0,0,0,0,29.7294669904207,0,0,0,6.06612155344579,0,18.4273207327899,21.9031044006348,0
0,35.3674659729004,0,12.5360778040356,0,34.0780439376831,0,0,0,0,0,3.64462897813681,0,0,0,0,76.7740943908691,64.5692390441895,52.806649251701,4.71753432479086,0,0,0,0,0,0,0,0,0,0,0,0,0,0,0,10.7667255878448,0,7.40375383694967,0,6.04113458915496,89.4503784179688,27.9898429605696,68.9740409851074,35.1397724151611,0,12.9333635363496,76.2087987263997,0,0,43.0337442251352,0,24.8119115829468,0,0,0,0,0,8.42777662292907,0,15.018777012825,0,32.3153317769369,0,0,0,0,0,0,0,0,0,0,0,0,0,0,0,0,12.1033790777019,97.1727508544922,12.3059985006557,0,6.05081243767883,0,16.9096895430751,32.0801000595093,0
26.2477087577184,0,19.9723328464436,0,24.4495277404785,0,0,0,43.0072650909424,0,4.46714807604695,0,0,0,0,0,68.126880645752,60.147450038365,52.2081862050433,0,5.84359845677697,0,0,0,0,0,0,0,0,0,0,0,0,0,0,0,19.4088605352461,0,5.25846011844682,0,20.7568874818198,69.7383193969727,24.7226304708977,65.0018692016602,0,73.7116368611654,16.5998758243813,90.118408203125,34.1467279434204,0,0,0,6.99713888535133,0,0,0,4.5823915588359,0,0,0,0,0,0,0,0,0,0,0,0,0,0,0,0,19.9119693438212,0,36.9464650154114,0,0,0,20.7710201998662,0,9.7944447927072,24.0481910818205,32.6585884094238,14.9373815179602,0,43.6703987121582
0,0,0,0,0,0,0,0,0,0,0,0,0,0,0,0,19.1920108795166,16.5220490773519,0,0,0,4.67632272338433,5.07830500602722,5.42300863757388,0,0,0,4.53166132441835,0,0,0,0,0,0,0,0,0,7.90172587090601,0,0,0,0,0,0,0,0,0,22.6384906768799,0,6.89025508497179,0,0,0,0,0,0,0,0,0,0,0,0,0,0,0,0,5.50940534872294,0,3.98398950874031,0,5.81381022526572,0,0,0,0,0,0,0,0,0,5.72799437531328,0,6.06286844922535,0,19.340015411377,0,0
0,0,0,0,0,0,0,0,0,0,0,0,0,0,0,0,6.90915807517799,35.8341636657715,0,0,0,3.70870312437954,4.43758823300806,0,8.33129715919495,0,0,0,3.57573270797729,0,0,0,0,0,0,0,0,0,4.49875509381294,0,0,0,0,0,0,0,0,0,5.03741363332241,0,0,0,0,0,0,0,0,0,0,0,0,0,0,0,0,0,0,3.27129240830739,0,8.80336513519287,0,5.45723578328635,0,0,0,0,0,0,0,0,0,5.25107848976572,4.38525503504593,5.81335128270663,0,0,0
0,0,0,0,0,0,0,0,0,5.65444145820759,0,0,0,0,0,0,0,10.6705269813538,0,0,0,6.30401245004991,0,5.57431149723207,0,5.11648443010118,0,0,0,0,0,0,0,0,0,0,0,9.15368372169701,0,0,0,14.4861822128296,0,0,0,0,0,0,0,5.41971991686213,0,0,0,0,0,5.11585685978701,0,0,0,0,0,7.04582846315601,0,0,5.50940534872294,0,0,0,6.84696768641381,0,0,0,0,0,0,0,0,0,0,0,6.14798742733235,0,8.872906449594,20.6591300964355,4.34816397075922,0,0
0,0,0,0,0,0,0,0,3.80727219581604,0,0,0,0,0,0,0,0,0,0,0,0,0,5.13472042287268,0,3.48372905362736,0,4.00626187854343,0,0,0,0,0,0,0,0,0,0,0,8.70914124770903,0,0,0,11.6984009742737,0,0,0,0,0,6.15220192074776,0,0,0,0,0,4.72133612632751,0,0,0,0,0,0,0,0,0,0,3.27129240830739,0,0,0,5.05607825291308,0,4.3173770904541,0,0,0,0,0,0,0,0,0,7.90127523812381,7.63143440882365,0,8.57881833910942,0,0
0,0,0,0,0,0,0,0,0,0,0,0,0,4.2530357837677,0,0,30.0339813232422,13.5247060739541,0,0,0,10.1677062988281,27.6175289154053,6.63637899926731,0,5.7451053361098,0,2.90702918859629,0,0,0,0,0,0,0,0,0,0,0,0,0,0,0,0,0,0,0,0,0,6.42436326751413,0,0,0,0,0,6.04405864079793,0,10.4774551391602,0,6.8934440612793,0,5.46060224653969,0,0,3.98398950874031,0,6.84696768641381,0,0,0,4.89252748931806,0,0,0,0,0,0,0,0,0,0,0,14.3739140912106,22.3651638031006,4.760071849823,0,0
0,0,0,0,0,0,0,0,0,0,0,0,0,0,0,0,4.31607531011105,27.8350791931152,19.6261157989502,0,0,0,3.13352338167337,0,0,0,3.00167340040207,0,0,0,0,0,0,0,0,0,0,0,0,0,0,0,0,0,0,0,0,0,4.23810123621933,0,0,0,0,0,0,0,0,0,0,0,0,0,0,0,0,8.80336513519287,0,5.05607825291308,0,0,0,5.91349223237902,0,0,0,0,0,0,0,0,0,4.83450078964233,3.19196844100952,0,3.21385362744331,0,0
0,0,0,0,0,0,0,0,0,0,0,3.39791160471299,0,4.70644103050232,0,0,0,0,0,0,0,0,0,0,0,0,0,4.78273874096826,0,0,0,0,0,0,0,0,0,3.32179817131587,0,0,0,0,0,0,0,0,0,0,0,5.55028190475345,0,0,0,0,0,0,0,5.60036406902204,0,5.28900806098708,0,4.00184011459351,0,0,5.81381022526572,0,0,0,4.89252748931806,0,0,0,6.17887654102346,0,0,0,0,0,0,0,6.13489067026999,0,2.96145045757294,0,0,0,0
0,0,0,0,0,0,0,0,0,0,0,0,0,0,0,0,6.21781849861145,0,0,0,0,0,3.71612734910918,0,0,0,3.90134587654701,0,3.43055112529665,0,9.8669376373291,0,0,0,0,0,0,0,5.75237131568621,0,0,0,0,0,0,0,0,0,4.39984939098358,0,0,0,0,0,0,0,0,0,4.21277220654038,0,0,0,0,0,0,5.45723578328635,0,4.3173770904541,0,5.91349223237902,0,0,0,6.33175830251163,0,0,0,0,0,0,0,5.00181163740228,3.3424810603045,3.68082772360908,0,0,0
0,0,0,0,0,0,0,0,0,0,0,8.33289711475372,0,0,0,0,0,0,0,0,0,15.3672132492065,0,0,0,0,0,10.4026350827561,0,5.57753229519011,0,0,0,0,0,0,0,4.94488345101526,0,0,0,3.1535667521613,0,0,0,0,0,13.2353962035406,0,7.05023700698974,0,0,0,0,0,0,0,4.27124959353319,0,0,0,0,0,0,0,0,0,0,0,0,6.17887654102346,0,0,0,0,0,0,0,0,0,8.00477169704346,0,5.58884739875793,0,3.50568562857667,0,0
26.3966352462769,0,29.7041625976562,0,36.1758460998535,0,0,0,33.2226409912109,0,7.21059536933899,0,0,0,0,0,0,0,33.9351867328991,0,5.47506523132324,0,0,0,0,0,0,0,7.67729675978945,0,5.91535487473515,0,0,0,0,0,0,0,6.4168233354342,0,0,0,17.0078710222468,0,0,0,38.2891059875488,0,5.16640782356262,0,0,0,0,0,0,0,6.74524134184125,0,0,0,0,0,0,19.9119693438212,0,0,0,0,0,0,0,6.33175830251163,0,0,0,0,0,0,0,52.334361336448,0,5.85353524210502,27.9820577502251,0,7.60615197889601,0,21.4258264515498
0,0,0,0,0,0,0,0,0,0,0,0,0,0,0,0,0,0,0,0,0,0,0,0,0,0,0,0,0,0,0,4.00159594455323,3.97800611676016,10.1779286166032,0,14.1951282024384,4.6533374786377,0,0,0,0,0,0,0,0,0,0,4.38606377098504,0,3.30787515640259,0,0,0,0,0,0,0,0,0,0,0,0,0,0,0,0,0,0,0,0,0,0,0,0,0,5.4940505027771,9.65663823700966,0,6.9897171031345,0,0,0,3.30802780389786,0,0,0,0
0,0,0,0,0,0,0,0,0,0,0,0,0,0,0,0,0,0,53.8067289079939,0,0,0,0,0,0,0,0,0,0,0,0,3.88920648892721,6.22054400537989,0,8.53290836861793,0,6.96908384602708,0,0,0,40.4695585727692,0,32.0869239807129,0,0,0,32.6092357635498,5.91967679551436,3.91214347392955,16.088062286377,0,0,0,0,0,0,0,0,0,0,0,0,0,36.9464650154114,0,0,0,0,0,0,0,0,0,0,5.4940505027771,0,0,8.31197108421676,0,7.60897665234125,0,0,10.540470514542,0,36.5316783298146,0,42.361743927002
0,0,0,0,0,0,0,0,0,0,0,0,0,0,0,0,0,0,0,0,0,15.6361012458801,0,0,0,0,0,0,0,0,0,8.14396459947933,0,3.93932246356105,5.61515174252646,4.92326994476171,0,7.91328614626449,0,6.30059194564819,0,0,18.4667975107829,0,0,0,0,5.83737271704508,23.5498352050781,4.62383530583493,0,0,0,0,0,23.6834754943848,0,0,0,0,0,0,0,0,0,0,0,0,0,0,0,0,0,0,9.65663823700966,0,0,9.33853669166565,5.21253943098597,0,5.33807462267727,0,5.4718630586116,0,0,0,0
0,0,0,0,0,0,0,0,0,0,0,0,0,0,0,0,0,0,0,0,0,0,0,0,0,0,0,0,0,0,0,0,11.8198298676069,5.25292047806318,5.91255870949331,0,8.43646641731262,4.75175688696689,6.07584394858434,0,0,13.239438533783,8.03307588577271,0,0,0,0,5.83013838748666,4.3522726893425,0,0,0,0,0,0,0,0,0,0,0,0,0,0,0,0,0,0,0,0,0,0,0,0,0,0,8.31197108421676,9.33853669166565,0,0,5.88597512698509,0,4.54025212050741,6.75280833353858,0,9.14359238412645,0,0
61.2239685058594,37.181170364906,0,23.3158336126504,0,35.6231496930122,0,0,0,34.9906821250916,0,4.86937012150884,0,0,0,0,75.2771698801141,70.5116145693023,53.7555650300012,6.79667760031835,0,0,0,0,0,0,0,0,0,0,0,4.38467227561133,4.9434504032135,5.71505858024618,0,7.90582557099376,5.53574117592403,6.8134291216105,0,8.96689059848869,97.8492177327474,24.1399746520586,80.6300079345703,34.3157181610932,0,19.708735694002,88.4664808000837,7.09520747187626,115.195938110352,6.90853697548721,0,35.053111076355,0,0,0,30.3095421261258,0,25.9324677907504,0,37.5579521656036,0,29.7294669904207,12.1033790777019,0,0,0,0,0,0,0,0,0,0,0,6.9897171031345,0,5.21253943098597,0,0,85.2802934646606,6.55299660793715,0,9.43363635659023,4.4923882484436,26.5436767980209,29.9502460932968,85.9199447631836
41.9236114609916,72.8849496841431,36.5320510864258,39.808203125,0,0,2.85212028026581,0,45.5763404482887,0,2.8930622736613,0,0,0,0,0,69.8949343363444,70.2900390625,56.8837697455224,0,10.4878011780224,0,0,0,0,0,0,0,0,0,0,0,10.0608843016764,0,5.69513010943482,5.91113330447485,7.83526407372134,0,5.39216478258117,81.3641961415609,16.476937802317,63.391487121582,30.1955583370849,73.5043997764587,43.3344404557172,75.824043697781,23.8633489783834,6.48510862933982,10.6955247250985,108.964891433716,0,0,0,0,0,47.2308769226074,29.9192395074027,0,0,0,0,0,97.1727508544922,20.7710201998662,0,0,0,0,0,0,0,0,0,52.334361336448,0,7.60897665234125,0,5.88597512698509,85.2802934646606,0,0,6.28828366866893,10.8270251979151,11.4396378199259,23.3778634877802,0,32.8206112372443
0,0,0,0,0,0,0,0,0,11.5899142187995,0,10.2448792060216,0,0,0,0,0,0,0,0,0,6.26943155435415,0,3.76178445487187,0,0,0,5.01528577009837,0,4.56515641137958,0,0,0,5.11967425768067,0,7.41771779060364,0,5.88497449841173,4.79297161102295,0,0,8.58061695098877,0,20.7865505218506,0,14.585487799211,0,5.9947058000648,0,6.97315216671279,0,0,0,0,0,12.1959243218966,0,12.7545344901807,0,0,0,0,12.3059985006557,0,5.72799437531328,0,6.14798742733235,0,0,0,6.13489067026999,0,8.00477169704346,0,0,0,5.33807462267727,0,6.55299660793715,0,0,0,6.49905389776597,5.79911315441132,12.4746327223601,0,0
0,0,0,0,0,0,0,0,0,0,4.07454351546629,0,0,0,0,0,0,0,47.1075146993001,0,9.56125203768412,3.66511567433675,4.43576775586549,0,8.74008011817932,0,0,0,5.92468180083761,0,5.38955533281665,0,0,0,5.39435146053632,0,5.44554427419843,3.26410089598762,5.26792152327609,0,0,0,8.42965087890625,0,0,0,14.1880694679592,7.00983031859673,5.65794282262158,0,0,0,0,0,0,0,7.85736349650792,0,0,0,0,0,0,9.7944447927072,0,5.25107848976572,0,7.90127523812381,0,4.83450078964233,0,5.00181163740228,0,5.85353524210502,0,0,0,4.54025212050741,0,6.28828366866893,0,0,5.61195922537712,0,9.74436308988711,0,0
4.47511100619094,9.14325371116935,12.6771260579427,17.1306328345939,5.82241964894672,8.35441683823208,3.036719254085,2.84953987598419,6.88072437139658,4.64899474751968,3.86469958937742,3.84625437027878,0,3.28931439441183,3.24736930264367,5.73660577104447,11.1541583421643,14.8313259035917,14.1133860623744,6.2792053118996,5.92768274727514,4.33690663188337,4.77072390330465,5.09778655767441,5.43121430864296,17.0741461396217,5.50245173931122,0,4.55741237940854,0,3.63061255878872,3.1997520973285,2.98432133641354,6.95492688166041,5.22431133633895,5.55162519550754,5.3647347148342,5.07332039997299,4.38514157978762,37.9919041853685,43.4755726578415,10.4680085356347,9.19349354624748,26.4964412583245,13.2437643480301,31.3959998669832,37.3463836557725,5.801484371765,11.4096055650295,13.278599678906,15.8283844391505,7.28546822260297,3.58253598213196,0,7.17343448410349,22.6960270575115,11.2549287023998,6.0837474776096,2.85252959078008,2.74823713302612,2.74798178672791,6.06612155344579,6.05081243767883,24.0481910818205,6.06286844922535,4.38525503504593,8.872906449594,7.63143440882365,14.3739140912106,3.19196844100952,2.96145045757294,3.3424810603045,5.58884739875793,27.9820577502251,3.30802780389786,10.540470514542,5.4718630586116,6.75280833353858,9.43363635659023,10.8270251979151,6.49905389776597,5.61195922537712,0,4.86006720027491,16.243891404296,12.4121589779854,28.0904433486167
