0,0,4.81168291166231,0,0,0,0,0,4.64033776613382,0,0,0,0,0,0,0,34.0999277114868,56.1463088989258,26.7317003885905,0,0,0,0,0,0,0,105.197853088379,0,0,0,0,0,0,0,0,0,50.4371471405029,0,13.5472874641418,0,0,0,18.5962195396423,0,0,0,0,43.4886283874512,9.0574577213491,0,13.277847468853,0,0,0,5.41701646493031,0,0,0,0,0,3.23171679973602,0,0,39.4669799804688,0,0,0,0,0,0,0,0,0,0,0,0,0,0,0,45.7243919372559,0,32.037779490153,8.80657099168512,0,11.9984358169993,0,0
0,0,0,5.69173332202582,0,0,0,0,0,4.44595158141665,0,0,0,0,0,0,47.7561637878418,42.2653133392334,15.3370851763973,0,0,0,0,0,0,0,0,0,0,0,0,0,0,0,0,0,0,15.8077686309814,0,0,0,18.334996676445,0,0,0,0,0,0,0,6.28114502739023,0,0,0,0,0,5.47054283702793,0,0,0,0,0,3.97182614462716,0,0,0,0,3.61779894828796,0,0,0,0,0,0,0,0,0,0,0,50.1047242482503,86.3162536621094,36.0744152069092,0,8.58520250992487,0,12.093279367074,0,0
4.81168291166231,0,0,0,14.1017777919769,0,0,0,11.9246774613857,0,0,0,0,0,0,0,0,76.2673492431641,51.003343963623,0,0,0,0,0,0,0,0,0,0,0,0,0,0,0,0,33.3385276794434,17.242603302002,0,32.8016967773438,0,39.5830283164978,0,30.6396468520164,0,0,0,36.9702752431234,35.3148069381714,18.6359933376312,0,9.37287251921071,0,0,0,10.3309042453766,0,25.6907897790273,0,4.53158688545227,0,4.40138415856795,0,0,49.1288713727679,0,0,0,0,0,0,0,32.4234931945801,0,29.2173734322572,0,0,0,0,0,60.4941372680664,0,38.2215672901699,15.5970147204698,0,23.4242633055567,0,15.4007783216589
0,5.69173332202582,0,0,0,13.2133412361145,0,0,0,6.11212649128654,0,0,0,0,0,0,0,58.9345092773438,47.7164502825056,14.3209077394926,0,0,0,0,0,0,0,0,0,0,0,0,0,0,0,18.0315443515778,0,29.7440751393636,0,37.4932996204921,0,26.6805245295009,41.2391700744629,50.4026947021484,0,22.3335990905762,0,37.5040232340495,38.2260284423828,15.7162898758362,0,10.1186903964973,0,0,0,8.15732647230228,0,8.74515498408955,0,5.90548204583875,0,6.38497000985441,22.4962997436523,0,0,0,0,0,0,0,31.7911580085754,0,32.0108221115605,0,0,0,0,0,46.7806106650311,0,36.3929854172927,94.9477233886719,15.1335409543453,38.3761749267578,17.6477551713282,22.8835670031034,0
0,0,14.1017777919769,0,0,0,3.66859867022588,0,6.80488459269206,0,0,0,0,0,6.59282254089009,0,0,0,40.9356575012207,0,6.56863250732422,0,0,0,0,0,0,0,0,0,0,0,0,0,0,41.7205123901367,0,0,0,0,37.7698097229004,0,44.5244617462158,0,0,0,0,0,36.7426862716675,0,5.16316726275083,0,5.13316567738851,0,8.84580971977928,0,2.80519676208496,0,0,0,7.58580859826536,0,0,5.26736354827881,0,0,0,0,0,0,0,46.6904716491699,0,0,0,0,0,0,0,0,0,0,9.20126552675285,0,15.0732913174472,0,0
0,0,0,13.2133412361145,0,0,0,3.11588191986084,0,3.62072288676312,0,0,0,0,0,0,0,0,49.6989593505859,12.6401468821934,0,0,0,0,0,0,0,0,0,0,0,0,0,0,0,27.9697775633439,0,0,0,0,0,36.492911974589,40.6865921020508,0,0,20.6383075714111,0,40.0075378417969,0,40.5798473358154,0,4.53658524073892,0,3.61600518226624,0,0,0,10.8962777001517,0,33.4200859069824,0,0,13.6653819765363,0,0,0,0,0,0,0,42.7842741012573,0,41.6190252304077,0,0,0,0,0,33.4067072868347,0,57.3434753417969,0,4.65206719773256,0,17.8405390864327,30.805305480957,0
0,0,0,0,3.66859867022588,0,0,0,0,0,3.35139987866084,0,6.0833402055455,0,0,0,0,0,0,0,12.5148386955261,0,0,0,0,0,0,0,0,0,0,0,0,0,0,0,0,0,0,0,0,0,0,0,0,0,0,0,0,0,4.18108406066895,0,4.33010164835981,0,0,0,8.58275776140152,0,4.89345407327016,0,0,0,0,13.0446252822876,0,0,0,0,0,0,0,0,0,0,0,0,0,0,0,0,0,0,4.52374025185903,0,0,0,0
0,0,0,0,0,3.11588191986084,0,0,0,0,0,3.68720769882202,0,0,0,0,0,0,0,2.74956750869751,0,0,0,0,0,0,0,0,0,0,0,0,0,0,0,0,0,0,0,0,0,0,0,0,0,0,0,0,0,0,0,5.62402762556976,0,3.60470627403259,0,0,0,6.77670253084061,0,0,0,0,4.22030782699585,0,0,0,0,0,0,0,0,0,0,0,0,0,0,0,0,0,0,0,3.40791074265825,0,0,0,0
4.64033776613382,0,11.9246774613857,0,6.80488459269206,0,0,0,0,0,0,0,0,0,4.43052554881479,0,17.1542933316941,42.481170018514,0,0,0,0,0,0,6.38120126112914,0,3.13597862422466,0,0,0,0,0,0,0,0,0,0,0,8.77635510497623,0,0,0,9.10111802232032,0,0,0,55.1543121337891,0,7.35847184658051,0,12.7830192702157,0,0,0,4.82545483700447,0,22.4578247070312,0,0,0,4.8282719309797,0,0,0,0,0,0,3.99704040576072,0,3.84977886654915,0,0,0,0,0,0,0,0,81.4656677246094,0,0,10.1887719657984,4.85900641174611,4.22366952896118,10.7930556881428,0,5.23208796977997
0,4.44595158141665,0,6.11212649128654,0,3.62072288676312,0,0,0,0,0,0,0,0,0,3.48886272311211,48.3640302022298,13.542278634741,0,0,0,43.027156829834,0,4.20104950169722,0,0,0,0,0,0,0,0,0,0,0,0,0,9.17156765460968,0,42.3005256652832,0,24.6392630040646,0,0,0,0,0,0,0,8.34963685426957,0,0,0,0,0,4.4101510110737,0,0,0,0,0,4.51703577710871,0,0,0,0,8.01564567883809,0,0,0,0,0,0,0,0,0,19.6512885093689,0,43.335563659668,0,9.84487369964863,0,5.10977077653022,0,8.6402541325745,3.17139935493469,0
0,0,0,0,0,0,3.35139987866084,0,0,0,0,0,4.93333115577698,0,0,0,0,0,0,0,4.18038284230506,0,0,0,0,0,0,0,4.71472545906349,0,5.25493379296928,0,0,0,0,0,3.01608820395036,0,4.4441278075063,0,0,0,0,0,0,0,0,0,0,0,0,0,3.64343063036601,0,0,0,5.96506861354656,0,2.9828032761404,0,0,0,0,8.6106518016142,0,0,0,0,0,0,0,4.31018352508545,0,3.90666401173387,0,0,0,0,0,0,0,8.91096595423111,4.56020029747125,0,5.54893093109131,0,0
0,0,0,0,0,0,0,3.68720769882202,0,0,0,0,0,3.44610570777546,0,0,0,0,41.0326614379883,4.0454598226968,0,0,0,0,0,0,0,7.98104960419411,0,6.34520408069118,0,0,0,0,0,3.32336100498279,0,5.0922276777311,0,51.0192737579346,0,0,0,0,0,13.7776155471802,0,0,0,0,0,0,0,4.21460175350921,0,0,0,5.44021850474841,0,4.49343399086384,0,0,11.4481948967043,0,0,0,0,0,0,0,8.43877246644762,0,9.19199476691035,0,0,0,0,0,5.11421936537538,0,8.17503179726026,0,4.17582912925336,0,12.2233585800443,0,0
0,0,0,0,0,0,6.0833402055455,0,0,0,4.93333115577698,0,0,0,8.16875455379486,0,0,0,0,0,0,0,0,0,0,0,0,0,5.69165086746216,0,0,0,0,0,0,0,0,0,0,0,0,0,0,0,0,0,0,0,0,0,0,0,6.36411768198013,0,0,0,5.50207571630125,0,4.092569640112,0,10.9576954610886,0,0,0,0,0,0,0,0,4.09756350517273,0,0,0,0,0,0,0,0,0,0,0,0,2.91417502221607,3.08824503037237,0,0,0
0,0,0,0,0,0,0,0,0,0,0,3.44610570777546,0,0,0,2.99102562529856,0,0,0,0,0,0,0,0,0,0,0,3.27879548072815,0,0,0,0,0,0,0,0,0,0,0,0,0,0,0,0,0,0,0,0,0,0,0,0,0,2.84949934482574,0,0,0,4.34169182045331,0,3.29850046595032,0,3.30500276209944,0,0,0,0,0,0,0,0,3.16545252667533,0,0,0,0,0,0,0,0,0,0,0,3.17019915278954,3.34372323581151,0,0,0
0,0,0,0,6.59282254089009,0,0,0,4.43052554881479,0,0,0,8.16875455379486,0,0,0,10.951416766202,40.0723571777344,0,0,0,0,0,0,0,0,3.25839203596115,0,0,0,0,0,0,0,0,0,0,0,0,0,0,0,0,0,0,0,0,0,0,0,4.8357894718647,0,0,0,7.2202217909006,0,0,0,7.89895334508684,0,7.77480347836491,0,0,0,0,0,0,0,0,3.45094617023024,0,0,0,0,0,0,0,0,0,0,0,0,5.19785021884101,0,0,0,0
0,0,0,0,0,0,0,0,0,3.48886272311211,0,0,0,2.99102562529856,0,0,0,13.7102396567663,0,0,0,0,0,3.25366608798504,0,0,0,0,0,0,0,0,0,0,0,0,0,0,0,0,0,0,0,0,0,0,0,0,0,0,0,0,0,0,0,3.06591328212193,0,0,0,3.02297952698498,0,2.9573772963831,0,0,0,0,0,0,0,0,0,0,0,0,0,0,0,0,0,0,0,0,10.7529206926172,0,0,0,0
34.0999277114868,47.7561637878418,0,0,0,0,0,0,17.1542933316941,48.3640302022298,0,0,0,0,10.951416766202,0,0,31.1532900157835,24.0235861202975,0,0,42.6285009641905,12.106522869773,42.5217823028564,21.1029320738532,44.2107986450195,12.6622593958919,0,0,0,0,0,0,0,0,101.134696960449,84.1494297451443,0,0,81.6808322759775,69.2498644048517,75.9421761456658,53.4791546601516,0,0,68.9704976081848,58.7579188876682,0,0,113.05785369873,0,0,0,0,0,0,0,73.1777648925781,0,0,3.16342325210571,64.4437675476074,78.5332584381104,77.2804269790649,28.8792362213135,3.59231864704805,45.6865764194065,29.8268884023031,44.127479341295,4.79523631731669,0,0,93.7708282470703,54.8786506652832,0,0,0,0,88.8667731240531,84.7046853972644,86.0394565875714,78.1619273424149,21.3541699559369,33.1985060680996,67.8084979057312,72.4972629547119,57.8812118106418
56.1463088989258,42.2653133392334,76.2673492431641,58.9345092773438,0,0,0,0,42.481170018514,13.542278634741,0,0,0,0,40.0723571777344,13.7102396567663,31.1532900157835,0,26.5615732962986,0,0,17.9338539566624,61.0059013366699,10.5217604316198,35.8626203865841,13.0590822804769,42.019291305542,0,0,0,0,0,0,0,0,101.875471115112,139.501441955566,0,74.1417541503906,76.1236939556831,76.7156074523926,55.836166947944,70.027468763079,40.5337715148926,0,60.1163055896759,77.4882840243253,0,0,66.342456817627,0,70.7067260742188,0,0,0,98.9694442749023,94.8428497314453,98.8339462280273,0,0,0,10.8259367346764,89.5079666137695,100.143939971924,13.7460022717714,106.499189376831,20.3148162597265,0,13.0489149486182,0,0,0,81.9063344682966,0,0,0,0,0,86.4659089968186,99.7071317195892,74.9268333435059,82.0743239553351,18.64073178073,8.10001217994489,63.9233912021395,49.3729818132189,69.9619936261858
26.7317003885905,15.3370851763973,51.003343963623,47.7164502825056,40.9356575012207,49.6989593505859,0,0,0,0,0,41.0326614379883,0,0,0,0,24.0235861202975,26.5615732962986,0,0,0,43.2117748260498,45.7354888916016,20.4117603302002,27.2026176452637,51.182196299235,40.812172571818,0,0,0,0,0,0,0,0,80.205842865838,75.6240834322843,66.9289258321126,85.1861691474915,53.831284624594,52.0807577312794,33.7983533603574,36.1470842466109,29.6304919092279,0,36.5666097793579,50.2037548774328,0,19.2309551239014,50.3620703887939,57.7253952026367,65.4454650878906,0,0,0,24.4295825958252,56.7051458358765,57.7117727067735,0,0,0,0,62.6198363670936,56.5916011503765,44.1167221069336,0,25.1646325111389,0,0,0,60.1320381164551,67.1652069091797,45.4704843997955,49.4647021574133,0,0,0,70.9702835083008,61.8230179380538,62.9439364545569,52.0107630139305,50.2385370817116,18.783626146528,0,37.5195183272715,26.1316747278781,31.803842317141
0,0,0,14.3209077394926,0,12.6401468821934,0,2.74956750869751,0,0,0,4.0454598226968,0,0,0,0,0,0,0,0,0,0,0,0,0,0,0,0,0,0,0,0,0,0,0,5.78928991624465,0,5.56791742547543,0,44.819938659668,0,40.4261051177979,0,0,0,24.3662576675415,0,37.8867904663086,0,39.1242463853624,0,10.9946785958608,0,0,0,0,0,6.8877429323537,0,0,0,0,6.49574032100945,0,0,0,0,0,0,0,45.1725158691406,0,6.06581193208694,0,0,0,0,0,11.1378587402313,0,9.83319764388235,0,10.9263991739439,0,11.8375479935189,0,0
0,0,0,0,6.56863250732422,0,12.5148386955261,0,0,0,4.18038284230506,0,0,0,0,0,0,0,0,0,0,0,0,0,0,0,0,0,0,0,0,0,0,0,0,0,5.2906348398287,0,5.63493415608126,0,0,0,48.6884231567383,0,0,0,12.3458572387695,34.2848110198975,32.606761932373,0,8.19689123092159,0,12.035261631012,0,0,0,6.5097590198398,0,0,0,0,0,0,6.44625527760586,0,0,0,0,0,0,0,0,0,9.03995857919965,0,0,0,0,39.4365234375,7.40266227869796,0,10.125462778279,6.72530167333541,0,11.0887416485817,0,0
0,0,0,0,0,0,0,0,0,43.027156829834,0,0,0,0,0,0,42.6285009641905,17.9338539566624,43.2117748260498,0,0,0,4.2693172852941,5.42867631912231,0,9.84974259488723,0,3.51876307355947,0,0,0,0,0,0,0,0,0,4.26577212338779,3.89785662450288,0,0,0,0,0,0,0,0,0,0,6.2170975573428,0,0,0,0,0,0,0,0,0,0,0,0,0,0,5.49723013734421,3.8191726709667,9.83441781997681,0,11.9467435444103,0,3.32638573933797,0,0,0,0,0,0,0,0,0,7.77543115106905,4.43379688262939,17.7243308307778,8.11216403543949,17.0836582183838,0,0
0,0,0,0,0,0,0,0,0,0,0,0,0,0,0,0,12.106522869773,61.0059013366699,45.7354888916016,0,0,4.2693172852941,0,0,4.78329749855884,0,6.43798232151687,0,3.36916956421017,0,0,0,0,0,0,0,0,2.73986840248108,6.09518015134719,0,0,0,35.0981788635254,0,0,0,0,0,15.2275243762636,0,0,0,0,0,0,0,36.3104515075684,0,0,0,0,0,0,45.7314300537109,3.77219306747868,5.55878932086739,0,6.7738813148042,0,10.2735300411152,0,11.6183475726714,0,17.6269247152243,0,0,0,0,0,0,0,9.03967741545607,4.9500486841352,3.33017174402873,26.3612651323017,0,0
0,0,0,0,0,0,0,0,0,4.20104950169722,0,0,0,0,0,3.25366608798504,42.5217823028564,10.5217604316198,20.4117603302002,0,0,5.42867631912231,0,0,0,3.94709752635522,0,0,0,0,0,0,0,0,0,0,0,4.41598379371142,0,0,0,0,0,0,0,0,0,0,0,5.40595520973206,0,0,0,0,0,3.78940424552331,0,0,0,0,0,0,0,0,7.76175868374178,0,4.57159413400707,0,4.632657289505,0,13.3084030151367,0,0,0,0,0,18.2511043548584,0,0,0,5.79325135803223,0,5.75806650864451,0,2.74533462524414,0,0
0,0,0,0,0,0,0,0,6.38120126112914,0,0,0,0,0,0,0,21.1029320738532,35.8626203865841,27.2026176452637,0,0,0,4.78329749855884,0,0,0,3.4856549048088,0,0,0,0,0,0,0,0,0,0,0,5.95129489818541,0,0,0,7.70746517181396,0,0,0,0,0,8.7353442126307,0,0,0,0,0,4.64754328306983,0,0,0,0,0,8.2813150542123,0,0,0,0,5.89417789687573,0,4.24922918523632,0,4.93755340576172,0,5.90114879608154,0,0,0,0,0,0,0,0,0,9.67633169387286,16.0751869538251,0,10.7199438701976,0,0
0,0,0,0,0,0,0,0,0,0,0,0,0,0,0,0,44.2107986450195,13.0590822804769,51.182196299235,0,0,9.84974259488723,0,3.94709752635522,0,0,0,3.23689853419428,0,0,0,0,0,0,0,0,0,0,0,0,0,0,0,0,0,0,0,0,0,0,0,0,0,0,0,0,0,0,0,0,0,3.86813238688878,0,0,9.26434962451458,0,5.3704818636179,0,3.46296938040511,0,3.73093376159668,0,0,0,0,0,0,0,0,0,0,0,28.9197699189186,0,0,0,0
105.197853088379,0,0,0,0,0,0,0,3.13597862422466,0,0,0,0,0,3.25839203596115,0,12.6622593958919,42.019291305542,40.812172571818,0,0,0,6.43798232151687,0,3.4856549048088,0,0,0,3.5916539463732,0,0,0,0,0,0,0,0,0,0,0,0,0,0,0,0,0,0,0,0,0,0,0,0,0,4.0956175327301,0,0,0,0,0,5.15414872895116,0,0,0,0,6.7915491210409,0,5.47582135013505,0,4.60480683454325,0,13.1063079833984,0,0,0,0,0,0,0,0,0,0,12.1436384342335,27.2040348052979,0,0,0
0,0,0,0,0,0,0,0,0,0,0,7.98104960419411,0,3.27879548072815,0,0,0,0,0,0,0,3.51876307355947,0,0,0,3.23689853419428,0,0,0,3.33130063856802,0,0,0,0,0,0,0,6.76183846520215,0,0,0,0,0,0,0,0,0,0,0,0,0,0,0,0,0,0,0,8.16821022531879,0,4.95060114699285,0,3.59163308143616,0,0,3.78486713908968,0,0,0,4.59885361984637,0,3.84497994535875,0,7.19944722512189,0,0,0,0,0,0,0,16.5377068447344,0,3.03875719308853,2.74351930618286,0,0,0
0,0,0,0,0,0,0,0,0,0,4.71472545906349,0,5.69165086746216,0,0,0,0,0,0,0,0,0,3.36916956421017,0,0,0,3.5916539463732,0,0,0,3.96346165657043,0,0,0,0,0,0,0,3.13032198265979,0,0,0,0,0,0,0,0,0,8.83389186859131,0,0,0,0,0,0,0,11.4960545301437,0,4.62216911997114,0,0,0,0,0,0,4.26377210517724,0,0,0,4.65067835831389,0,4.85429676732578,0,9.22856918970744,0,0,0,0,0,0,0,16.2912957242557,4.40340956161762,2.95051980018616,16.6078910827637,0,0
0,0,0,0,0,0,0,0,0,0,0,6.34520408069118,0,0,0,0,0,0,0,0,0,0,0,0,0,0,0,3.33130063856802,0,0,0,0,0,0,0,0,0,3.36512894843035,0,0,0,0,0,0,0,0,0,0,0,0,0,0,0,0,0,0,0,10.1242065361568,0,0,0,0,0,0,0,0,0,0,0,0,3.33338412973616,0,7.29488235904324,0,0,0,0,0,0,0,7.23544832732942,0,0,0,0,0,0
0,0,0,0,0,0,0,0,0,0,5.25493379296928,0,0,0,0,0,0,0,0,0,0,0,0,0,0,0,0,0,3.96346165657043,0,0,0,0,0,0,0,0,0,3.55835848211128,0,0,0,0,0,0,0,0,0,0,0,0,0,0,0,0,0,4.27884197235107,0,0,0,0,0,0,0,0,0,0,0,0,0,0,3.92412186391426,0,5.77771153293266,0,0,0,0,0,0,0,13.7406747252853,2.96022880077362,0,0,0,0
0,0,0,0,0,0,0,0,0,0,0,0,0,0,0,0,0,0,0,0,0,0,0,0,0,0,0,0,0,0,0,0,3.20110457051884,11.2452795563675,0,4.3465787741206,3.60000038146973,0,0,0,0,0,0,0,0,0,0,4.45946720624581,13.4981396198273,7.10893515178135,0,0,0,0,0,0,0,0,0,0,0,0,0,0,0,0,0,0,0,0,0,0,0,0,4.83938038688537,4.36083604301418,8.41855191758701,0,4.69938553509727,0,0,0,3.5480704090812,0,14.5390548706055,0,0
0,0,0,0,0,0,0,0,0,0,0,0,0,0,0,0,0,0,0,0,0,0,0,0,0,0,0,0,0,0,0,3.20110457051884,0,4.52886986732483,3.44614299138387,0,3.88712471326192,0,0,0,0,0,0,0,0,0,0,5.94321178548906,4.42339611053467,0,0,0,0,0,0,0,0,0,0,0,0,0,0,0,0,0,0,0,0,0,0,0,0,0,7.87227752131801,4.45571379473382,0,3.644515209198,0,9.54308195016822,0,0,3.54568007787069,0,0,0,0
0,0,0,0,0,0,0,0,0,0,0,0,0,0,0,0,0,0,0,0,0,0,0,0,0,0,0,0,0,0,0,11.2452795563675,4.52886986732483,0,3.90924672897045,6.47877779078128,0,3.69675793276205,3.79397610028585,0,0,0,0,0,0,0,0,6.05649598868065,16.4334511323409,7.48952934477064,0,0,0,0,0,0,0,0,0,0,0,0,0,0,0,0,0,0,0,0,0,0,0,0,10.2233818591326,0,6.63337633768871,9.42703611235465,10.0769543487292,0,11.1207823081219,0,3.15450724874224,2.95128655433655,9.64237213134766,0,0
0,0,0,0,0,0,0,0,0,0,0,0,0,0,0,0,0,0,0,0,0,0,0,0,0,0,0,0,0,0,0,0,3.44614299138387,3.90924672897045,0,0,5.09459556123746,3.32412482344586,7.05545438351653,0,0,0,0,0,0,0,0,5.56550291212973,0,13.9520994186401,0,0,0,0,0,0,0,0,0,0,0,0,0,0,0,0,0,0,0,0,0,0,0,0,0,6.91202094274409,4.80828480846589,4.89406975389806,12.6656329631805,6.14460771056427,12.2862896124522,5.85918631991066,5.475141212858,0,0,0,0
0,0,33.3385276794434,18.0315443515778,41.7205123901367,27.9697775633439,0,0,0,0,0,3.32336100498279,0,0,0,0,101.134696960449,101.875471115112,80.205842865838,5.78928991624465,0,0,0,0,0,0,0,0,0,0,0,4.3465787741206,0,6.47877779078128,0,0,3.49837704176616,6.57125970032365,5.58825813233852,59.5215341567993,0,51.1637433556949,0,51.6735916137695,0,25.3271983799181,0,15.3444401290682,13.6105309592353,22.1059041456743,0,30.6836769739787,0,0,0,0,0,6.96254627062724,0,22.3442878723145,0,0,6.91693256142104,0,0,0,53.7733955383301,0,0,0,42.5197499593099,0,73.8453941345215,80.1604080200195,4.92021679470682,0,6.88033298897532,0,7.70291753575195,4.13990966189991,10.9528418656858,0,8.6817216246815,5.60019183158875,19.4389810828028,49.2039318084717,0
50.4371471405029,0,17.242603302002,0,0,0,0,0,0,0,3.01608820395036,0,0,0,0,0,84.1494297451443,139.501441955566,75.6240834322843,0,5.2906348398287,0,0,0,0,0,0,0,0,0,0,3.60000038146973,3.88712471326192,0,5.09459556123746,3.49837704176616,0,0,5.40497378856331,0,71.4805358886719,0,61.0307649884905,0,0,0,40.5160226345062,24.3518452114529,27.2119889259338,0,23.9430503845215,0,0,0,0,0,5.81050788383095,0,29.4939785003662,0,0,0,0,12.6672115745125,0,0,0,0,0,0,0,66.5245780944824,0,64.305046081543,0,3.95910849109773,0,5.4786696434021,3.44122360302852,6.65857623263078,0,9.02660766638015,8.30339955157182,5.51649154935564,16.7828631065786,0,52.6631679534912
0,15.8077686309814,0,29.7440751393636,0,0,0,0,0,9.17156765460968,0,5.0922276777311,0,0,0,0,0,0,66.9289258321126,5.56791742547543,0,4.26577212338779,2.73986840248108,4.41598379371142,0,0,0,6.76183846520215,0,3.36512894843035,0,0,0,3.69675793276205,3.32412482344586,6.57125970032365,0,0,3.60530395712171,0,0,75.5737457275391,0,0,0,12.2095699310303,0,4.62265515327454,0,6.72777225278335,0,44.6843948364258,0,0,0,14.5250220894814,0,8.01836497757268,0,0,0,0,10.2407139895604,0,5.08913697567615,0,6.13473558255604,0,0,0,17.7543449991205,0,9.50921741575642,0,0,0,5.46632062064277,2.88484032948812,10.3744409582722,0,6.57988144491595,2.96397638320923,4.70843598291632,0,8.85692621059105,41.1942739486694,0
13.5472874641418,0,32.8016967773438,0,0,0,0,0,8.77635510497623,0,4.4441278075063,0,0,0,0,0,0,74.1417541503906,85.1861691474915,0,5.63493415608126,3.89785662450288,6.09518015134719,0,5.95129489818541,0,0,0,3.13032198265979,0,3.55835848211128,0,0,3.79397610028585,7.05545438351653,5.58825813233852,5.40497378856331,3.60530395712171,0,0,0,0,58.6959461636013,0,0,0,33.9523850849697,5.05835530008868,7.52550073942481,0,65.1743850708008,0,0,0,9.32233308058865,0,6.13388719310363,0,0,0,0,0,0,14.4652814203669,0,6.0339153092549,0,7.29887802780315,0,0,0,9.82759678138877,0,6.42088152975312,0,0,0,5.61133055554496,4.80629905901457,8.82310819316692,7.78015653502862,6.31334637703655,5.27790946716133,0,6.58352420586806,0,47.0742721557617
0,0,0,37.4932996204921,0,0,0,0,0,42.3005256652832,0,51.0192737579346,0,0,0,0,81.6808322759775,76.1236939556831,53.831284624594,44.819938659668,0,0,0,0,0,0,0,0,0,0,0,0,0,0,0,59.5215341567993,0,0,0,0,104.353230794271,24.2619871091442,88.5947036743164,29.2881682078044,0,21.5486419311556,96.4110412597656,0,0,17.6733793735504,0,50.2360816955566,0,0,0,51.3362553914388,0,49.324623260498,0,46.7670516967773,0,48.3068885803223,15.1334316220346,88.7640686035156,0,0,103.62735748291,0,0,0,64.2248295375279,0,53.9445243431972,0,0,0,0,0,25.1965777189591,108.371860850941,47.9211501839397,107.545106887817,47.4990811196102,0,19.7790094901002,30.4268653950793,0
0,0,39.5830283164978,0,37.7698097229004,0,0,0,0,0,0,0,0,0,0,0,69.2498644048517,76.7156074523926,52.0807577312794,0,0,0,0,0,0,0,0,0,0,0,0,0,0,0,0,0,71.4805358886719,0,0,104.353230794271,0,109.354873657227,24.4222089331884,0,0,84.5530433654785,11.7887379531574,5.81622517108917,9.72717751061552,0,47.2626139322917,0,0,0,0,0,47.5403464181083,0,42.4435405731201,0,0,0,0,9.12333851366972,0,0,0,0,0,0,0,59.8998489379883,0,47.4198483467102,0,0,0,0,96.2640584309896,15.5593054086191,0,20.0442694460389,49.7377290725708,0,20.2802338420937,56.5913696289062,35.7986556159125
0,18.334996676445,0,26.6805245295009,0,36.492911974589,0,0,0,24.6392630040646,0,0,0,0,0,0,75.9421761456658,55.836166947944,33.7983533603574,40.4261051177979,0,0,0,0,0,0,0,0,0,0,0,0,0,0,0,51.1637433556949,0,75.5737457275391,0,24.2619871091442,109.354873657227,0,20.0676634038678,32.1099480390549,0,29.5422395765781,87.2418308258057,11.9828315526247,44.0759963989258,22.3439080779886,0,41.3128122423516,0,0,0,34.9484907090664,0,21.8300615016038,0,40.8986701965332,0,40.8856296539307,27.1385341727215,72.3641535441081,0,0,0,0,0,0,29.7018513748611,0,23.462853632364,0,0,0,0,0,36.148941843231,96.8647827875047,30.4091978947322,81.0122747421265,23.2004611560747,0,18.7392078505409,14.1113613921905,51.2871437072754
18.5962195396423,0,30.6396468520164,41.2391700744629,44.5244617462158,40.6865921020508,0,0,9.10111802232032,0,0,0,0,0,0,0,53.4791546601516,70.027468763079,36.1470842466109,0,48.6884231567383,0,35.0981788635254,0,7.70746517181396,0,0,0,0,0,0,0,0,0,0,0,61.0307649884905,0,58.6959461636013,88.5947036743164,24.4222089331884,20.0676634038678,0,0,0,0,23.9126824239143,12.2650294638517,13.912599171414,14.503794670105,43.6964899698893,47.6526222229004,0,0,36.1474571228027,0,32.2010452873939,54.1055755615234,35.2683209505948,44.227352142334,25.5342559814453,43.1642684936523,0,31.7589953075232,0,25.6753387451172,0,0,0,66.1188735961914,0,37.8043754696846,55.2588920593262,34.1684626291606,0,0,0,0,107.644621107313,33.9714221982669,99.1093368530273,39.9316700360166,21.1960838903059,81.6408538818359,18.2791122788891,56.394359588623,13.0845684422688
0,0,0,50.4026947021484,0,0,0,0,0,0,0,0,0,0,0,0,0,40.5337715148926,29.6304919092279,0,0,0,0,0,0,0,0,0,0,0,0,0,0,0,0,51.6735916137695,0,0,0,29.2881682078044,0,32.1099480390549,0,0,0,0,0,0,0,37.2633295059204,0,0,0,0,0,0,0,0,0,0,0,0,34.7454217274984,0,0,0,0,0,0,0,0,0,33.3198778969901,0,0,0,0,0,44.5296788801227,0,28.6084546089172,0,24.0703964233398,0,21.2339085910631,12.4901866912842,0
0,0,0,0,0,0,0,0,0,0,0,0,0,0,0,0,0,0,0,0,0,0,0,0,0,0,0,0,0,0,0,0,0,0,0,0,0,0,0,0,0,0,0,0,0,0,0,0,0,0,0,0,0,0,0,0,0,0,0,0,0,0,0,0,0,0,0,0,0,0,0,0,0,0,0,0,0,0,0,0,0,0,11.1497259140015,0,0,0,0
0,0,0,22.3335990905762,0,20.6383075714111,0,0,0,0,0,13.7776155471802,0,0,0,0,68.9704976081848,60.1163055896759,36.5666097793579,24.3662576675415,0,0,0,0,0,0,0,0,0,0,0,0,0,0,0,25.3271983799181,0,12.2095699310303,0,21.5486419311556,84.5530433654785,29.5422395765781,0,0,0,0,0,29.8236929575602,0,33.8757978820801,0,33.486317225865,0,0,0,49.1180648803711,0,26.6409389755943,0,0,0,29.4232225418091,14.2390616976298,69.1000595092773,0,0,0,0,0,0,47.0113890511649,0,30.1952823778478,0,0,0,0,0,25.7141613831928,67.559700012207,18.8257360389267,0,29.314078461634,0,14.6545516142753,38.7627563476562,0
0,0,36.9702752431234,0,0,0,0,0,55.1543121337891,0,0,0,0,0,0,0,58.7579188876682,77.4882840243253,50.2037548774328,0,12.3458572387695,0,0,0,0,0,0,0,0,0,0,0,0,0,0,0,40.5160226345062,0,33.9523850849697,96.4110412597656,11.7887379531574,87.2418308258057,23.9126824239143,0,0,0,0,38.4893646240234,24.8420785268148,75.3651809692383,48.2037124633789,0,0,0,0,0,40.4064320155552,0,0,0,0,0,0,16.4205757847343,0,0,0,0,0,0,0,56.0358612060547,78.4306182861328,41.1312527656555,0,0,0,0,121.713348388672,34.8693040493237,0,22.1604098815394,40.2970576469715,0,30.5896139376693,0,54.9894847869873
43.4886283874512,0,35.3148069381714,37.5040232340495,0,40.0075378417969,0,0,0,0,0,0,0,0,0,0,0,0,0,37.8867904663086,34.2848110198975,0,0,0,0,0,0,0,0,0,0,4.45946720624581,5.94321178548906,6.05649598868065,5.56550291212973,15.3444401290682,24.3518452114529,4.62265515327454,5.05835530008868,0,5.81622517108917,11.9828315526247,12.2650294638517,0,0,29.8236929575602,38.4893646240234,0,9.05790730540935,7.19268656105559,0,47.2049655914307,0,0,0,39.3300247192383,45.1944618225098,50.5756969451904,0,48.9196929931641,0,0,0,35.1480579376221,0,0,0,0,0,0,0,0,62.2314338684082,0,6.95527499297162,6.79679328845097,6.42969288416435,5.05831437484891,9.93835841072157,8.28803940617761,0,21.6731643676758,7.17463804159512,5.76946549646316,9.96062694323192,0,0
9.0574577213491,0,18.6359933376312,38.2260284423828,36.7426862716675,0,0,0,7.35847184658051,0,0,0,0,0,0,0,0,0,19.2309551239014,0,32.606761932373,0,15.2275243762636,0,8.7353442126307,0,0,0,8.83389186859131,0,0,13.4981396198273,4.42339611053467,16.4334511323409,0,13.6105309592353,27.2119889259338,0,7.52550073942481,0,9.72717751061552,44.0759963989258,13.912599171414,0,0,0,24.8420785268148,9.05790730540935,0,13.9952356482065,35.8176165790093,42.4555244445801,0,0,11.1333894834799,0,23.7733012835185,50.1721229553223,8.76396394598073,0,3.54124884769834,0,0,34.2126455307007,0,14.8908964690671,0,8.1276883431749,0,4.8702002186929,0,8.55662481168683,65.8354797363281,10.9455253085834,18.6008678311887,7.85133626725939,0,0,16.3542384420122,10.2090212023535,0,7.16320498595803,10.9678056485513,0,11.2714508541492,0,18.8135639826457
0,6.28114502739023,0,15.7162898758362,0,40.5798473358154,0,0,0,8.34963685426957,0,0,0,0,0,0,113.05785369873,66.342456817627,50.3620703887939,39.1242463853624,0,6.2170975573428,0,5.40595520973206,0,0,0,0,0,0,0,7.10893515178135,0,7.48952934477064,13.9520994186401,22.1059041456743,0,6.72777225278335,0,17.6733793735504,0,22.3439080779886,14.503794670105,37.2633295059204,0,33.8757978820801,75.3651809692383,7.19268656105559,13.9952356482065,0,0,41.8297518903559,0,0,0,14.790733355063,0,18.858198001017,0,44.6411733627319,0,16.3791031156267,35.0757524702284,0,6.09975100755692,0,4.96571856541712,0,4.86792834722079,0,9.5032913180498,0,17.1121985672356,0,7.36758102868733,0,0,0,18.3067685182278,21.7131576538086,6.24979060907093,0,13.7379248086183,0,12.7827852325825,35.8058407123272,0
13.277847468853,0,9.37287251921071,0,5.16316726275083,0,4.18108406066895,0,12.7830192702157,0,0,0,0,0,4.8357894718647,0,0,0,57.7253952026367,0,8.19689123092159,0,0,0,0,0,0,0,0,0,0,0,0,0,0,0,23.9430503845215,0,65.1743850708008,0,47.2626139322917,0,43.6964899698893,0,0,0,48.2037124633789,0,35.8176165790093,0,0,0,5.1029203136762,0,8.38669598817825,0,6.04304185075667,0,5.63551356715541,0,4.33866495945874,0,0,12.032856464386,0,0,0,0,0,0,0,46.6444320678711,0,52.8182487487793,0,0,0,0,0,61.1700137456258,0,50.1880226135254,6.49773025642271,0,12.6374178187652,0,32.1219444274902
0,0,0,10.1186903964973,0,4.53658524073892,0,5.62402762556976,0,0,0,0,0,0,0,0,0,70.7067260742188,65.4454650878906,10.9946785958608,0,0,0,0,0,0,0,0,0,0,0,0,0,0,0,30.6836769739787,0,44.6843948364258,0,50.2360816955566,0,41.3128122423516,47.6526222229004,0,0,33.486317225865,0,47.2049655914307,42.4555244445801,41.8297518903559,0,0,0,4.73390568127422,0,3.43991541862488,0,7.77601093501714,0,3.78842997550964,0,15.1603439535413,15.779858653362,0,0,0,53.828483581543,0,0,0,42.7085043589274,0,43.9006787563892,0,0,0,0,0,40.38682910758,0,49.4343062506782,0,7.42934559312538,0,15.4662030399559,35.7295659383138,0
0,0,0,0,5.13316567738851,0,4.33010164835981,0,0,0,3.64343063036601,0,6.36411768198013,0,0,0,0,0,0,0,12.035261631012,0,0,0,0,0,0,0,0,0,0,0,0,0,0,0,0,0,0,0,0,0,0,0,0,0,0,0,0,0,5.1029203136762,0,0,0,0,0,6.97802408913435,0,3.51123689427788,0,0,0,0,11.7675930903508,0,0,0,0,0,0,0,0,0,0,0,0,0,0,0,0,0,0,3.00043171644211,0,0,0,0
0,0,0,0,0,3.61600518226624,0,3.60470627403259,0,0,0,4.21460175350921,0,2.84949934482574,0,0,0,0,0,0,0,0,0,0,0,0,0,0,0,0,0,0,0,0,0,0,0,0,0,0,0,0,0,0,0,0,0,0,0,0,0,4.73390568127422,0,0,0,0,0,7.75069445708036,0,0,0,0,0,0,0,0,0,0,0,0,0,0,0,0,0,0,0,0,0,0,0,0,4.11207825796945,0,0,0,0
5.41701646493031,0,10.3309042453766,0,8.84580971977928,0,0,0,4.82545483700447,0,0,0,0,0,7.2202217909006,0,0,0,0,0,0,0,0,0,4.64754328306983,0,4.0956175327301,0,0,0,0,0,0,0,0,0,0,0,9.32233308058865,0,0,0,36.1474571228027,0,0,0,0,0,11.1333894834799,0,8.38669598817825,0,0,0,0,0,0,0,0,0,5.82490251545145,0,0,0,0,0,0,4.92842648550206,0,4.26621309193698,0,0,0,0,0,0,0,0,0,0,0,8.61858820158338,8.32864094915844,0,14.3921104732313,0,0
0,5.47054283702793,0,8.15732647230228,0,0,0,0,0,4.4101510110737,0,0,0,0,0,3.06591328212193,0,98.9694442749023,24.4295825958252,0,0,0,0,3.78940424552331,0,0,0,0,0,0,0,0,0,0,0,0,0,14.5250220894814,0,51.3362553914388,0,34.9484907090664,0,0,0,49.1180648803711,0,39.3300247192383,0,14.790733355063,0,3.43991541862488,0,0,0,0,0,36.4537073771159,0,0,0,3.50307229628046,35.1593589782715,0,0,0,4.53460033288163,0,0,0,33.8390083312988,0,41.4572857823865,0,0,0,0,0,56.8006548881531,0,10.258012848241,0,8.10793013711577,0,19.7592738989358,31.1852245330811,0
0,0,25.6907897790273,0,2.80519676208496,0,8.58275776140152,0,22.4578247070312,0,5.96506861354656,0,5.50207571630125,0,0,0,0,94.8428497314453,56.7051458358765,0,6.5097590198398,0,36.3104515075684,0,0,0,0,0,11.4960545301437,0,4.27884197235107,0,0,0,0,0,5.81050788383095,0,6.13388719310363,0,47.5403464181083,0,32.2010452873939,0,0,0,40.4064320155552,45.1944618225098,23.7733012835185,0,6.04304185075667,0,6.97802408913435,0,0,0,0,0,5.32237958957597,0,6.87236723135103,0,0,11.6558480817926,0,33.484956741333,0,0,0,11.8392836252848,0,7.82933302972112,0,7.22794832482175,0,0,0,0,0,46.989781036377,0,12.6035592513425,16.4165148089914,0,12.1923982758328,0,21.854883487408
0,0,0,8.74515498408955,0,10.8962777001517,0,6.77670253084061,0,0,0,5.44021850474841,0,4.34169182045331,0,0,73.1777648925781,98.8339462280273,57.7117727067735,6.8877429323537,0,0,0,0,0,0,0,8.16821022531879,0,10.1242065361568,0,0,0,0,0,6.96254627062724,0,8.01836497757268,0,49.324623260498,0,21.8300615016038,54.1055755615234,0,0,26.6409389755943,0,50.5756969451904,50.1721229553223,18.858198001017,0,7.77601093501714,0,7.75069445708036,0,36.4537073771159,0,0,0,6.00265759681926,0,7.67059624705996,11.6399901229845,0,0,0,27.7622976303101,0,9.441011095047,0,10.3789209045629,0,7.60228349540807,0,0,0,0,0,37.315205425024,0,15.1991258178438,0,7.68940205972983,0,11.4402173082925,23.5493057568868,0
0,0,4.53158688545227,0,0,0,4.89345407327016,0,0,0,2.9828032761404,0,4.092569640112,0,7.89895334508684,0,0,0,0,0,0,0,0,0,0,0,0,0,4.62216911997114,0,0,0,0,0,0,0,29.4939785003662,0,0,0,42.4435405731201,0,35.2683209505948,0,0,0,0,0,8.76396394598073,0,5.63551356715541,0,3.51123689427788,0,0,0,5.32237958957597,0,0,0,7.21981462565335,0,0,19.8131287725348,0,0,0,0,0,4.92336654663086,0,4.91089569136154,0,0,0,0,0,0,0,44.4167442321777,0,0,3.04208073471532,2.95724320411682,13.1540559768677,0,0
0,0,0,5.90548204583875,0,33.4200859069824,0,0,0,0,0,4.49343399086384,0,3.29850046595032,0,3.02297952698498,0,0,0,0,0,0,0,0,0,0,0,4.95060114699285,0,0,0,0,0,0,0,22.3442878723145,0,0,0,46.7670516967773,0,40.8986701965332,44.227352142334,0,0,0,0,48.9196929931641,0,44.6411733627319,0,3.78842997550964,0,0,0,0,0,6.00265759681926,0,0,0,4.06723042614552,20.0824792861938,0,0,0,0,0,8.26334095001221,0,4.18660631826368,0,41.6167278289795,0,0,0,0,0,46.431499004364,0,45.8028717041016,0,4.15140479025633,0,14.4816554367033,0,0
3.23171679973602,0,4.40138415856795,0,7.58580859826536,0,0,0,4.8282719309797,0,0,0,10.9576954610886,0,7.77480347836491,0,3.16342325210571,0,0,0,0,0,0,0,8.2813150542123,0,5.15414872895116,0,0,0,0,0,0,0,0,0,0,0,0,0,0,0,25.5342559814453,0,0,0,0,0,3.54124884769834,0,4.33866495945874,0,0,0,5.82490251545145,0,6.87236723135103,0,7.21981462565335,0,0,0,0,18.1812628640069,0,0,0,9.82150214896145,0,4.78047453263484,0,0,0,0,0,0,0,0,0,0,0,0,3.20864166231716,0,35.8364605903625,0,0
0,3.97182614462716,0,6.38497000985441,0,0,0,0,0,4.51703577710871,0,0,0,3.30500276209944,0,2.9573772963831,64.4437675476074,10.8259367346764,0,0,0,0,0,0,0,3.86813238688878,0,3.59163308143616,0,0,0,0,0,0,0,0,0,0,0,48.3068885803223,0,40.8856296539307,43.1642684936523,0,0,29.4232225418091,0,0,0,16.3791031156267,0,15.1603439535413,0,0,0,3.50307229628046,0,7.67059624705996,0,4.06723042614552,0,0,0,0,0,0,4.67172844422296,0,3.92137664242795,0,5.19429792676653,0,43.7593048095703,0,0,0,0,0,58.0462371826172,0,0,0,21.3132634162903,14.9571876525879,27.2677833859513,0,0
0,0,0,22.4962997436523,0,13.6653819765363,0,4.22030782699585,0,0,0,11.4481948967043,0,0,0,0,78.5332584381104,89.5079666137695,62.6198363670936,6.49574032100945,0,0,0,0,0,0,0,0,0,0,0,0,0,0,0,6.91693256142104,0,10.2407139895604,0,15.1334316220346,0,27.1385341727215,0,34.7454217274984,0,14.2390616976298,0,0,0,35.0757524702284,0,15.779858653362,0,0,0,35.1593589782715,0,11.6399901229845,0,20.0824792861938,0,0,0,0,0,0,32.3428392410278,0,18.0328769683838,0,21.5503742563443,0,23.4983608512118,0,37.9732780456543,0,0,0,15.4234867487252,128.745182037354,13.0687579315758,122.229026794434,30.9628565895314,0,15.1105072225656,50.9674701690674,0
39.4669799804688,0,49.1288713727679,0,5.26736354827881,0,13.0446252822876,0,0,0,8.6106518016142,0,0,0,0,0,77.2804269790649,100.143939971924,56.5916011503765,0,6.44625527760586,0,45.7314300537109,0,0,0,0,0,0,0,0,0,0,0,0,0,12.6672115745125,0,14.4652814203669,88.7640686035156,9.12333851366972,72.3641535441081,31.7589953075232,0,0,69.1000595092773,16.4205757847343,35.1480579376221,34.2126455307007,0,12.032856464386,0,11.7675930903508,0,0,0,11.6558480817926,0,19.8131287725348,0,18.1812628640069,0,0,0,0,0,0,0,0,30.9064559936523,0,29.8545430219626,0,24.1602420658535,0,0,0,0,97.4060592651367,19.8995313934917,0,19.3015384217613,25.4100528548662,0,19.4488374087535,90.8721389770508,39.1864330768585
0,0,0,0,0,0,0,0,0,0,0,0,0,0,0,0,28.8792362213135,13.7460022717714,44.1167221069336,0,0,5.49723013734421,3.77219306747868,7.76175868374178,0,9.26434962451458,0,3.78486713908968,0,0,0,0,0,0,0,0,0,5.08913697567615,0,0,0,0,0,0,0,0,0,0,0,6.09975100755692,0,0,0,0,0,0,0,0,0,0,0,0,0,0,0,0,9.5729343186368,0,7.22316782353288,0,5.18917913328518,0,19.6410694122314,0,0,0,0,0,0,0,6.90183486826695,0,5.17709767376935,0,35.0682144165039,0,0
0,0,0,0,0,0,0,0,0,0,0,0,0,0,0,0,3.59231864704805,106.499189376831,0,0,0,3.8191726709667,5.55878932086739,0,5.89417789687573,0,6.7915491210409,0,4.26377210517724,0,0,0,0,0,0,0,0,0,6.0339153092549,0,0,0,25.6753387451172,0,0,0,0,0,14.8908964690671,0,0,0,0,0,0,0,33.484956741333,0,0,0,0,0,0,0,0,0,0,5.38705093823662,0,7.05520035058328,0,8.88710973920969,0,19.008049348044,0,0,0,0,0,0,0,7.82202859688937,3.93602925198419,0,28.738035548817,0,0
0,3.61779894828796,0,0,0,0,0,0,0,8.01564567883809,0,0,0,0,0,0,45.6865764194065,20.3148162597265,25.1646325111389,0,0,9.83441781997681,0,4.57159413400707,0,5.3704818636179,0,0,0,0,0,0,0,0,0,53.7733955383301,0,6.13473558255604,0,103.62735748291,0,0,0,0,0,0,0,0,0,4.96571856541712,0,53.828483581543,0,0,0,4.53460033288163,0,27.7622976303101,0,0,0,4.67172844422296,32.3428392410278,0,9.5729343186368,0,0,0,5.18811417480864,0,9.45955601552638,0,0,0,0,0,17.8968057632446,0,0,0,5.98639795560363,0,19.6331887406818,26.2418823242188,6.71583025455475,0,0
0,0,0,0,0,0,0,0,3.99704040576072,0,0,0,0,0,0,0,29.8268884023031,0,0,0,0,0,6.7738813148042,0,4.24922918523632,0,5.47582135013505,0,0,0,0,0,0,0,0,0,0,0,7.29887802780315,0,0,0,0,0,0,0,0,0,8.1276883431749,0,0,0,0,0,4.92842648550206,0,0,0,0,0,9.82150214896145,0,0,0,0,5.38705093823662,0,0,0,5.50199587752179,0,7.6384632823881,0,23.3875427246094,0,0,0,0,0,0,0,9.13121720470618,3.28769608736038,0,9.7533210762797,0,0
0,0,0,0,0,0,0,0,0,0,0,0,0,0,0,0,44.127479341295,13.0489149486182,0,0,0,11.9467435444103,0,4.632657289505,0,3.46296938040511,0,4.59885361984637,0,0,0,0,0,0,0,0,0,0,0,0,0,0,0,0,0,0,0,0,0,4.86792834722079,0,0,0,0,0,0,0,9.441011095047,0,8.26334095001221,0,3.92137664242795,18.0328769683838,0,7.22316782353288,0,5.18811417480864,0,0,0,6.4917894306166,0,0,0,0,0,0,0,0,0,4.47199583053589,0,12.7793006526614,33.208670425415,21.4918526240758,0,0
0,0,0,0,0,0,0,0,3.84977886654915,0,0,0,4.09756350517273,0,3.45094617023024,0,4.79523631731669,0,0,0,0,0,10.2735300411152,0,4.93755340576172,0,4.60480683454325,0,4.65067835831389,0,0,0,0,0,0,0,0,0,0,0,0,0,66.1188735961914,0,0,0,0,0,4.8702002186929,0,0,0,0,0,4.26621309193698,0,11.8392836252848,0,4.92336654663086,0,4.78047453263484,0,0,30.9064559936523,0,7.05520035058328,0,5.50199587752179,0,0,0,6.84572218583283,0,0,0,0,0,0,0,0,0,0,0,0,0,0,0
0,0,0,31.7911580085754,0,42.7842741012573,0,0,0,0,0,8.43877246644762,0,3.16545252667533,0,0,0,0,60.1320381164551,45.1725158691406,0,3.32638573933797,0,13.3084030151367,0,3.73093376159668,0,3.84497994535875,0,3.33338412973616,0,0,0,0,0,42.5197499593099,0,17.7543449991205,0,64.2248295375279,0,29.7018513748611,0,0,0,47.0113890511649,0,0,0,9.5032913180498,0,42.7085043589274,0,0,0,33.8390083312988,0,10.3789209045629,0,4.18660631826368,0,5.19429792676653,21.5503742563443,0,5.18917913328518,0,9.45955601552638,0,6.4917894306166,0,0,0,7.53050530503649,0,0,0,0,0,57.575694140266,0,11.2354251305981,0,11.5437512738364,5.70367399851481,20.6699424442344,26.1288242340088,0
0,0,32.4234931945801,0,46.6904716491699,0,0,0,0,0,4.31018352508545,0,0,0,0,0,0,0,67.1652069091797,0,0,0,11.6183475726714,0,5.90114879608154,0,13.1063079833984,0,4.85429676732578,0,3.92412186391426,0,0,0,0,0,66.5245780944824,0,9.82759678138877,0,59.8998489379883,0,37.8043754696846,0,0,0,56.0358612060547,0,8.55662481168683,0,46.6444320678711,0,0,0,0,0,7.82933302972112,0,4.91089569136154,0,0,0,0,29.8545430219626,0,8.88710973920969,0,7.6384632823881,0,6.84572218583283,0,0,0,6.94861996991962,0,0,0,0,0,60.2702302430805,0,9.96168456818661,8.9091619126937,6.12453699111938,10.5134219390243,0,27.8475475311279
0,0,0,32.0108221115605,0,41.6190252304077,0,0,0,0,0,9.19199476691035,0,0,0,0,93.7708282470703,81.9063344682966,45.4704843997955,6.06581193208694,0,0,0,0,0,0,0,7.19944722512189,0,7.29488235904324,0,0,0,0,0,73.8453941345215,0,9.50921741575642,0,53.9445243431972,0,23.462853632364,55.2588920593262,33.3198778969901,0,30.1952823778478,78.4306182861328,62.2314338684082,65.8354797363281,17.1121985672356,0,43.9006787563892,0,0,0,41.4572857823865,0,7.60228349540807,0,41.6167278289795,0,43.7593048095703,23.4983608512118,0,19.6410694122314,0,0,0,0,0,7.53050530503649,0,0,0,0,0,0,0,59.8648895667721,159.888732910156,8.89603637839388,0,47.0282029030018,0,23.3903112685019,23.2088541140159,0
0,0,29.2173734322572,0,0,0,0,0,0,0,3.90666401173387,0,0,0,0,0,54.8786506652832,0,49.4647021574133,0,9.03995857919965,0,17.6269247152243,0,0,0,0,0,9.22856918970744,0,5.77771153293266,0,0,0,0,80.1604080200195,64.305046081543,0,6.42088152975312,0,47.4198483467102,0,34.1684626291606,0,0,0,41.1312527656555,0,10.9455253085834,0,52.8182487487793,0,0,0,0,0,7.22794832482175,0,0,0,0,0,0,24.1602420658535,0,19.008049348044,0,23.3875427246094,0,0,0,6.94861996991962,0,0,0,0,0,0,166.353378295898,59.5815373321078,0,8.92134148126434,36.3668933522468,0,14.2738289228037,0,20.8788776397705
0,0,0,0,0,0,0,0,0,0,0,0,0,0,0,0,0,0,0,0,0,0,0,0,0,0,0,0,0,0,0,4.83938038688537,7.87227752131801,10.2233818591326,0,4.92021679470682,0,0,0,0,0,0,0,0,0,0,0,6.95527499297162,18.6008678311887,7.36758102868733,0,0,0,0,0,0,0,0,0,0,0,0,37.9732780456543,0,0,0,0,0,0,0,0,0,0,0,0,19.8532509070176,5.35450645822248,0,5.65522462280588,29.4856510162354,0,0,5.12690469113792,0,25.1564386267411,0,0
0,0,0,0,0,0,0,0,0,0,0,0,0,0,0,0,0,0,0,0,0,0,0,0,0,0,0,0,0,0,0,4.36083604301418,4.45571379473382,0,6.91202094274409,0,3.95910849109773,0,0,0,0,0,0,0,0,0,0,6.79679328845097,7.85133626725939,0,0,0,0,0,0,0,0,0,0,0,0,0,0,0,0,0,0,0,0,0,0,0,0,0,19.8532509070176,0,0,6.8839990417103,20.9752839406331,4.96130462036919,0,0,4.77618714835909,0,0,0,0
0,0,0,0,0,0,0,0,0,19.6512885093689,0,0,0,0,0,0,0,0,0,0,0,0,0,18.2511043548584,0,0,0,0,0,0,0,8.41855191758701,0,6.63337633768871,4.80828480846589,6.88033298897532,0,5.46632062064277,0,0,0,0,0,0,0,0,0,6.42969288416435,0,0,0,0,0,0,0,0,0,0,0,0,0,0,0,0,0,0,17.8968057632446,0,0,0,0,0,0,0,5.35450645822248,0,0,7.71526196797689,5.80238490723514,0,7.84391112381796,0,4.83708663497652,0,0,0,0
0,0,0,0,0,0,0,0,0,0,0,0,0,0,0,0,0,0,70.9702835083008,0,0,0,0,0,0,0,0,0,0,0,0,0,3.644515209198,9.42703611235465,4.89406975389806,0,5.4786696434021,2.88484032948812,5.61133055554496,0,0,0,0,0,0,0,0,5.05831437484891,0,0,0,0,0,0,0,0,0,0,0,0,0,0,0,0,0,0,0,0,0,0,0,0,0,0,0,6.8839990417103,7.71526196797689,0,0,6.17046879866531,0,6.23152294470488,6.45496888955434,0,0,0,0
