0,0,0.3587211704984,0,0.152376741170883,0,0,0,0.225389780055342,0,0,0,0,0,0.134899064898491,0,0.366436138749123,0.304478794336319,0.388704592880514,0,0,0,0,0,0,0,0,0,0,0,0,0,0,0,0,0.324925392866135,0.372573137283325,0,0,0,0.467368259128318,0,0.33013472026214,0,0,0.35864993929863,0.428981657933306,0,0.372157697660336,0,0,0,0,0,0.127475869828056,0,0,0,0,0,0.124796822191553,0,0,0.358791640271311,0,0,0,0.132775202393532,0,0,0,0,0,0.441553816199303,0,0,0,0,0,0.417290353486615,0,0,0.350406734194575,0,0.326922984163967,0,0.33049445483886
0,0,0,0.193099232919422,0,0.127552619576454,0,0,0,0.18054001768449,0,0,0,0,0,0.172114798488716,0,0.406875431537628,0.392134687730244,0,0,0,0,0,0,0,0,0,0,0,0,0,0,0,0,0.354918017983437,0,0,0,0.432262289524078,0,0.452543270302145,0,0.426173269748688,0,0.402834201852481,0,0,0,0.263589481061155,0,0,0,0,0,0.168179860899865,0,0,0,0,0,0.19002197491817,0.365263995799151,0,0,0,0.140172209649805,0,0,0,0,0,0,0,0,0,0,0,0.392179180746493,0,0,0,0.299137058275913,0,0.373832298094226,0.247153197725614,0
0.3587211704984,0,0,0,0.168440678902946,0,0,0,0.210220123330752,0,0,0,0,0,0,0,0.308400195837021,0,0.274515803029508,0,0.321816623210907,0,0,0,0,0,0,0,0,0,0,0,0,0,0,0.252655380047285,0.260655413226535,0,0,0,0.322997994472583,0.344338431954384,0.297777874570459,0.290453046560287,0.284690041627203,0,0.283398857453104,0.321836665272713,0.254808159796059,0,0.16073455825448,0,0,0,0.173931803660733,0,0.275701470673084,0,0.196220780953322,0,0.160563213129838,0,0,0.319052176752893,0,0,0,0,0,0,0,0.31797194480896,0,0.365283001410334,0,0,0,0,0.286490944524606,0.299135029956859,0,0,0.306834815450165,0.262880593538284,0.288386286299959,0,0.28628145374598
0,0.193099232919422,0,0,0,0.17966121335349,0,0,0,0.217963809475203,0,0,0,0,0,0.209447564511764,0,0,0.308612495660782,0.282333653081547,0,0,0,0,0,0,0,0,0,0,0,0,0,0,0,0.242550321136202,0,0,0,0.277002840026005,0,0.305685295774928,0.309615875993456,0.298429658015569,0,0.261155214574602,0,0,0,0.241054428590311,0,0.231762325901676,0,0,0,0.197515960495177,0,0.311698984039032,0,0.303438209295273,0,0.241858693460623,0.337203696370125,0,0,0,0,0,0,0,0,0,0.40134421736002,0,0,0,0,0,0.276846880601211,0,0.394059257847922,0,0.321394962635373,0.200198103984197,0.277360688842248,0.323602139949799,0
0.152376741170883,0,0.168440678902946,0,0,0,0.218826785683632,0,0.242068114048645,0,0,0,0,0,0,0,0,0,0,0,0,0,0,0,0,0,0,0,0,0,0,0,0,0,0,0.212203681468964,0.19429231248796,0,0,0,0,0,0.256693521780627,0,0,0,0.293873727321625,0,0.223782032728195,0,0.193423924606238,0,0.289935376714258,0,0.189038929839929,0,0.19675749414048,0,0.179192974099091,0,0.239107800877258,0,0,0,0,0,0,0,0,0,0,0,0,0,0,0,0,0,0,0.211294340590636,0,0,0.167296558281063,0.16780131906271,0.197203891922017,0,0
0,0.127552619576454,0,0.17966121335349,0,0,0,0,0,0.214862797022855,0,0,0,0,0,0,0,0,0,0.216076039954236,0,0,0,0,0,0,0,0,0,0,0,0,0,0,0,0.227772290507952,0,0,0,0.213583707809448,0,0.258883457630873,0,0,0,0,0,0,0,0.205583646893501,0,0.189603971873785,0,0.2110687686551,0,0.160387927277403,0,0.231225922703743,0,0.226780938163196,0,0.18881635726602,0.227630627652009,0,0,0,0,0,0,0,0,0,0,0,0,0,0,0,0.237158980468909,0,0,0,0.204941416049705,0,0.203299122345116,0,0
0,0,0,0,0.218826785683632,0,0,0,0,0,0,0,0,0,0,0,0,0,0,0,0,0,0,0,0,0,0,0,0,0,0,0,0,0,0,0,0.191963636688888,0,0,0,0,0,0,0,0,0,0,0,0,0,0.230737611651421,0,0.234466737508774,0,0,0,0,0,0.200759025280085,0,0,0,0,0,0,0,0,0,0,0,0,0,0,0,0,0,0,0,0,0.210407671119486,0,0,0.181356188270353,0,0,0,0
0,0,0,0,0,0,0,0,0,0,0,0,0,0,0,0,0,0,0,0,0,0,0,0,0,0,0,0,0,0,0,0,0,0,0,0,0,0,0,0,0,0,0,0,0,0,0,0,0,0,0,0,0,0.160190233339866,0,0,0,0.228121623396873,0,0,0,0,0,0,0,0,0,0,0,0,0,0,0,0,0,0,0,0,0,0,0,0,0.145762943973144,0,0,0,0
0.225389780055342,0,0.210220123330752,0,0.242068114048645,0,0,0,0,0,0,0,0,0,0.167033708757824,0,0.406577260957824,0,0.336197018623352,0,0,0,0,0,0.261852198440049,0,0.247004880569875,0,0,0,0,0,0,0,0,0.306699126958847,0,0,0.271238911677809,0,0,0,0.245256999300586,0,0.341146856546402,0,0.470006257295609,0,0.309142662833134,0,0.240172978606604,0,0,0,0.208717348361696,0,0,0,0,0,0.212545022986161,0,0,0.313418050607045,0,0,0,0.255540840637009,0,0.236844696104527,0,0,0,0.373342019319534,0,0,0,0,0,0.31241970260938,0,0.228048161044717,0.238905260308918,0.267192642547582,0.264064580618336,0,0.234759870967175
0,0.18054001768449,0,0.217963809475203,0,0.214862797022855,0,0,0,0,0,0,0,0,0,0.244730320884221,0.158865809440613,0.179188493490219,0,0,0,0,0,0.224918281915141,0,0,0,0,0,0,0,0,0,0,0,0,0,0.215587004655745,0,0,0,0.240557763725519,0,0,0,0.375647008419037,0,0,0,0.205073439770124,0,0,0,0,0,0.218516601506108,0,0.161401622825199,0,0.241902738809586,0,0.206010586612827,0,0,0,0,0.273359787045864,0,0.240830533206463,0,0,0,0,0,0,0,0,0,0,0,0.237326037106307,0,0.231846712200176,0.171039465814829,0.235347909852862,0.184475228811304,0
0,0,0,0,0,0,0,0,0,0,0,0,0.197671861104343,0,0,0,0,0,0,0,0.135960715242051,0,0,0,0,0,0,0,0.183137516180674,0,0.287461404414738,0,0,0,0,0,0.195577637292445,0,0.159488760817774,0,0,0,0,0,0,0,0,0,0,0,0.178596246242523,0,0,0,0,0,0.255622251565252,0,0.16918624440829,0,0,0,0,0,0,0,0,0,0,0,0,0,0,0.267573062428518,0,0,0,0,0,0.220204455511911,0,0.155034065246582,0.142070289663783,0,0.201716447869937,0,0
0,0,0,0,0,0,0,0,0,0,0,0,0,0.139520564426978,0,0,0,0,0,0.147716589272022,0,0,0,0,0,0,0,0,0,0.184842604398727,0,0,0,0,0,0.154907574517685,0,0.148084825349787,0,0,0,0,0,0,0,0,0,0,0,0,0,0,0,0,0,0,0,0.230699260015034,0,0.153425124287605,0,0,0.164199399712839,0,0,0,0,0,0,0,0,0,0.209479766006165,0,0,0,0,0,0.168195767085189,0,0.154548564982234,0,0.150679129605175,0.150098159909248,0,0,0
0,0,0,0,0,0,0,0,0,0,0.197671861104343,0,0,0,0.240025804385426,0,0,0,0,0,0,0,0,0,0,0,0,0,0.260657926400503,0,0,0,0,0,0,0,0,0,0,0,0,0,0,0,0,0,0,0,0.317221435904503,0,0,0,0.214561447501183,0,0,0,0,0,0.288348407096776,0,0.293824498712177,0,0,0,0,0,0,0,0,0.283909672727952,0,0.263504970818758,0,0,0,0,0,0,0,0,0,0,0.128839179873466,0.288569390773773,0,0,0
0,0,0,0,0,0,0,0,0,0,0,0.139520564426978,0,0,0,0.225083396860531,0,0,0,0,0,0,0,0,0,0.222390812559006,0,0,0,0,0,0,0,0,0,0,0,0,0,0,0,0,0,0,0,0,0,0,0,0,0,0,0,0,0,0,0,0,0,0.25900443141984,0,0.259722819838386,0,0,0,0,0,0,0.276564745553609,0,0,0,0,0,0,0,0,0,0,0,0,0,0.226731347118286,0.166809859097004,0,0,0
0.134899064898491,0,0,0,0,0,0,0,0.167033708757824,0,0,0,0.240025804385426,0,0,0,0,0,0,0,0,0,0,0,0.243501542644067,0,0.243025720119476,0,0,0,0,0,0,0,0,0,0,0,0,0,0,0,0,0,0,0,0,0,0.302561001645194,0,0,0,0,0,0,0,0,0,0.278782025864809,0,0.259621591895427,0,0,0,0,0,0,0.271973222494125,0,0.318101457187108,0,0.331630199574507,0,0,0,0,0,0,0,0,0,0,0.113546323822399,0.274691638701102,0,0,0
0,0.172114798488716,0,0.209447564511764,0,0,0,0,0,0.244730320884221,0,0,0,0.225083396860531,0,0,0,0,0,0,0,0,0,0,0,0,0,0,0,0,0,0,0,0,0,0,0,0,0,0,0,0,0,0,0,0,0,0,0,0.230052530135907,0,0.142081734538078,0,0,0,0.232816085219383,0,0.315307339032491,0,0.257923393345931,0,0.219778528942495,0,0,0,0,0,0,0.21060826747041,0,0,0,0,0,0,0,0,0,0,0,0,0,0.202528616385673,0,0,0,0
0.366436138749123,0,0.308400195837021,0,0,0,0,0,0.406577260957824,0.158865809440613,0,0,0,0,0,0,0,0.203267011505358,0.332501619063915,0,0,0.167422181562237,0.160212484747171,0.17887109471485,0.187748607110094,0.155733354389668,0.183378521885191,0,0,0,0,0,0,0,0,0.32397635281086,0.333925342559814,0,0,0.338613442894889,0.353996992875368,0.282049360505322,0.292328399088648,0.287816468626261,0.309216235490406,0.317519903182983,0.334567013714049,0,0.325538575649261,0.27329009771347,0,0,0,0,0,0,0,0,0,0,0,0,0.348637853677456,0.360966354608536,0.156916707754135,0,0,0.214090824127197,0,0.172813229262829,0,0,0,0,0,0,0,0,0.348565000295639,0.351643347510925,0.378573397795359,0,0.251516746895411,0.178862096807831,0.33941183029674,0.271121673796275,0.312300181564163
0.304478794336319,0.406875431537628,0,0,0,0,0,0,0,0.179188493490219,0,0,0,0,0,0,0.203267011505358,0,0.345716300800588,0,0,0.154936592398894,0.16986579199632,0.157868068007862,0,0.142240014151146,0,0.166419740604318,0,0,0,0,0,0,0,0.337981969118118,0.29344168305397,0,0,0.339468508148971,0.343975657224655,0.290174987057553,0.279289938833403,0.291833915056721,0.292624306678772,0.344661652576178,0.318890157673094,0,0.315629422664642,0.342704974114895,0,0,0,0,0,0,0,0,0,0,0,0,0.336408304316657,0.355934277176857,0.146614296869798,0,0,0,0.138435823718707,0,0,0,0,0,0,0,0,0,0.332946316192025,0.348936730623245,0.394623848299185,0,0.242619359799052,0.222892476477034,0.33229002174066,0.284834854848062,0.287010809779167
0.388704592880514,0.392134687730244,0.274515803029508,0.308612495660782,0,0,0,0,0.336197018623352,0,0,0,0,0,0,0,0.332501619063915,0.345716300800588,0,0,0.515694707632065,0.312020145356655,0.186811581254005,0.254807847241561,0,0,0,0,0,0,0,0,0,0,0,0.345726082056034,0.320886096850759,0,0,0.400915656571452,0.389193594266755,0.304975272186719,0.242149761841404,0.301613918027362,0.280914851891495,0.415267661859592,0.387216606012384,0,0.288155589784895,0.384336649723675,0,0,0,0,0,0,0.280829250812531,0.325878620147705,0,0,0,0,0.370885634614575,0.385919528057665,0.168947979807854,0,0,0,0,0,0,0.373658229907354,0.381026148796082,0.416146299668721,0,0,0,0,0.386152502839602,0.376065004873078,0.417808045375915,0.471290339123119,0.276162640397804,0.232423014168082,0.385291307478402,0.289233158716449,0.240908437701608
0,0,0,0.282333653081547,0,0.216076039954236,0,0,0,0,0,0.147716589272022,0,0,0,0,0,0,0,0,0,0,0,0,0,0,0,0,0,0,0,0,0,0,0,0.189481293312579,0,0.21719816327095,0,0,0,0,0,0,0,0.230233747512102,0,0,0,0,0,0.237727631789607,0,0,0,0,0,0.268000760039345,0,0,0,0,0.209099220732848,0,0,0,0,0,0,0,0,0,0,0,0,0,0,0,0.250468927783707,0,0.275500766932964,0,0.173970513684409,0,0.281250166565336,0,0
0,0,0.321816623210907,0,0,0,0,0,0,0,0.135960715242051,0,0,0,0,0,0,0,0.515694707632065,0,0,0,0,0,0,0,0,0,0,0,0,0,0,0,0,0,0.253963995670837,0,0.286771609894628,0,0,0,0.334824432929357,0,0,0,0.37152510701168,0,0,0,0.18839347884059,0,0,0,0,0,0.181926363194832,0,0.185756366699934,0,0,0,0,0.256823080625028,0,0,0,0,0,0,0,0,0,0,0,0,0,0,0,0.291707278717691,0,0.253823101520538,0.188525206556446,0,0.274033484920379,0,0
0,0,0,0,0,0,0,0,0,0,0,0,0,0,0,0,0.167422181562237,0.154936592398894,0.312020145356655,0,0,0,0.0932318815109083,0.197682191431522,0,0.132972265283267,0,0.141176671970908,0,0,0,0,0,0,0,0,0,0.257723738236742,0,0,0,0,0,0,0,0,0,0,0,0.293863157811372,0,0,0,0,0,0,0,0.378388673067093,0,0,0,0,0.376376965216228,0,0.235268376778289,0,0.22445429811875,0,0.161086616801544,0,0.330346298689889,0,0.370845091095718,0,0,0,0,0,0,0,0.315286876281717,0,0.119751204720565,0.155333438645238,0.40895807908641,0,0
0,0,0,0,0,0,0,0,0,0,0,0,0,0,0,0,0.160212484747171,0.16986579199632,0.186811581254005,0,0,0.0932318815109083,0,0,0.220906238594212,0,0.161462219262665,0,0.11023054420948,0,0,0,0,0,0.381001859903336,0,0,0,0.182989675192069,0,0,0,0,0,0,0,0,0.411835461854935,0.204062849658427,0,0,0,0,0,0,0,0,0,0,0,0,0,0,0,0.108603653426354,0.230870796116077,0,0.164688550844425,0,0.260279598686753,0,0.247489885120959,0,0,0,0,0,0,0,0,0,0.208621942996979,0.134956847280264,0,0.261345991492271,0,0
0,0,0,0,0,0,0,0,0,0.224918281915141,0,0,0,0,0,0,0.17887109471485,0.157868068007862,0.254807847241561,0,0,0.197682191431522,0,0,0,0.192278524352746,0,0,0,0,0,0,0,0.334807533025742,0,0,0,0.235317990300855,0,0,0,0.214964593450228,0,0,0,0,0,0.4006387591362,0,0.213627123518994,0,0,0,0,0,0.241122388887027,0,0,0,0,0,0,0,0,0.232167477386871,0,0.207524213021482,0,0.190235170620409,0,0,0,0,0,0,0,0.297941505908966,0,0,0,0.320739915583566,0,0.182209030725062,0,0.279341667213223,0,0
0,0,0,0,0,0,0,0,0.261852198440049,0,0,0,0,0,0.243501542644067,0,0.187748607110094,0,0,0,0,0,0.220906238594212,0,0,0,0.195755159763767,0,0,0,0,0,0,0,0,0,0,0,0.17875395188729,0,0,0,0.167138159275055,0,0,0,0,0,0,0,0,0,0,0,0.230600333669119,0,0,0,0,0,0.242873567801255,0,0,0,0,0.301072574173771,0,0.243799767097553,0,0.25338411904028,0,0,0,0,0,0,0,0,0,0,0,0.25803928176562,0.185163989590788,0,0.175010145952304,0,0
0,0,0,0,0,0,0,0,0,0,0,0,0,0.222390812559006,0,0,0.155733354389668,0.142240014151146,0,0,0,0.132972265283267,0,0.192278524352746,0,0,0,0.196918627933452,0,0,0,0,0,0,0,0,0,0,0,0,0,0,0,0,0,0,0,0,0,0,0,0,0,0,0,0.265916377305984,0,0,0,0.241084106877202,0,0.234659414738417,0,0,0.128391712903976,0,0.21485633460375,0,0.212309332636113,0,0.230261653661728,0,0,0,0,0,0,0,0,0,0,0,0.17693313008005,0.134279355406761,0,0.301210224628448,0
0,0,0,0,0,0,0,0,0.247004880569875,0,0,0,0,0,0.243025720119476,0,0.183378521885191,0,0,0,0,0,0.161462219262665,0,0.195755159763767,0,0,0,0,0,0,0,0,0,0,0,0,0,0,0,0,0,0,0,0,0,0,0,0,0,0,0,0,0,0,0,0,0,0,0,0,0,0,0,0,0.186758898198605,0,0.205441807707151,0,0.230644084726061,0,0.216886142889659,0,0,0,0,0,0,0,0,0,0,0.188420330258933,0,0,0,0
0,0,0,0,0,0,0,0,0,0,0,0,0,0,0,0,0,0.166419740604318,0,0,0,0.141176671970908,0,0,0,0.196918627933452,0,0,0,0.138922021246475,0,0,0,0,0,0,0,0,0,0,0,0,0,0,0,0,0,0,0,0.33130469918251,0,0,0,0,0,0,0,0,0,0.237275501384455,0,0,0,0,0.190490091840426,0,0,0,0.252965042988459,0,0.204086531581504,0,0.146678790450096,0,0,0,0,0,0,0,0.340473353862762,0,0.158296262224515,0,0,0,0
0,0,0,0,0,0,0,0,0,0,0.183137516180674,0,0.260657926400503,0,0,0,0,0,0,0,0,0,0.11023054420948,0,0,0,0,0,0,0,0.205840840004385,0,0,0,0,0,0,0,0,0,0,0,0,0,0,0,0,0,0,0,0,0,0,0,0,0,0,0,0.24765644967556,0,0,0,0,0,0,0.11506574600935,0,0,0,0.217284561106653,0,0.237871839084817,0,0,0,0,0,0,0,0,0,0,0,0,0,0,0
0,0,0,0,0,0,0,0,0,0,0,0.184842604398727,0,0,0,0,0,0,0,0,0,0,0,0,0,0,0,0.138922021246475,0,0,0,0,0,0,0,0,0,0.187954222224653,0,0,0,0,0,0,0,0,0,0,0,0,0,0,0,0,0,0,0,0.204093625148137,0,0,0,0,0,0,0,0,0,0,0,0,0.147907848159472,0,0.192167520052508,0,0,0,0,0,0,0,0.139230932382976,0,0,0,0,0,0
0,0,0,0,0,0,0,0,0,0,0.287461404414738,0,0,0,0,0,0,0,0,0,0,0,0,0,0,0,0,0,0.205840840004385,0,0,0,0,0,0,0,0,0,0.144268459599951,0,0,0,0,0,0,0,0,0,0,0,0,0,0,0,0,0,0.299500653289613,0,0,0,0,0,0,0,0,0,0,0,0,0,0,0.233568904154441,0,0.260916931159569,0,0,0,0,0,0,0,0.191932082176208,0,0,0,0,0
0,0,0,0,0,0,0,0,0,0,0,0,0,0,0,0,0,0,0,0,0,0,0,0,0,0,0,0,0,0,0,0,0.184588241605805,0.312871033325791,0.180147000898918,0.299274498793085,0.26588286459446,0,0,0,0,0,0,0,0,0,0,0.362534612705218,0.571904540696043,0.591314281736101,0,0,0,0,0,0,0,0,0,0,0,0,0,0,0,0,0,0,0,0,0,0,0,0,0.252696589963891,0.159109897743581,0,0.140938613563776,0.303790884196456,0,0,0,0.198387916488894,0,0,0,0
0,0,0,0,0,0,0,0,0,0,0,0,0,0,0,0,0,0,0,0,0,0,0,0,0,0,0,0,0,0,0,0.184588241605805,0,0,0.253867912464417,0.189774183986279,0.236511415846291,0,0,0,0,0,0,0,0,0,0,0.293113791333732,0.291088226963492,0,0,0,0,0,0,0,0,0,0,0,0,0,0,0,0,0,0,0,0,0,0,0,0,0,0.238849066197872,0.181713472080953,0,0,0.269345772954134,0.239295014415879,0,0,0.159127514979808,0,0,0,0
0,0,0,0,0,0,0,0,0,0,0,0,0,0,0,0,0,0,0,0,0,0,0,0.334807533025742,0,0,0,0,0,0,0,0.312871033325791,0,0,0.165644967693022,0.182922591383641,0,0.322062493734796,0.130755339350019,0,0,0,0.387423038482666,0,0,0,0,0.296431324808106,0.388299328203385,0.342941969633102,0,0,0,0,0,0,0,0,0,0,0,0,0,0,0,0,0,0,0,0,0,0,0,0,0.250320396903488,0,0.228627920840235,0.161511441206528,0.286190439547811,0,0.349022884969005,0,0.265208805126768,0,0.392852589488029,0,0
0,0,0,0,0,0,0,0,0,0,0,0,0,0,0,0,0,0,0,0,0,0,0.381001859903336,0,0,0,0,0,0,0,0,0.180147000898918,0.253867912464417,0.165644967693022,0,0,0.144353260596593,0,0.217362981616405,0,0,0,0,0,0,0,0,0.339413388851373,0.300433106081826,0,0,0,0,0,0,0,0,0,0,0,0,0,0,0,0,0.418182164430618,0,0,0,0,0,0,0,0,0.189426735043526,0.14152664244175,0.192174717285946,0.228731034968978,0,0.166354662960484,0,0.32611053104584,0.132894150912762,0,0,0,0
0.324925392866135,0.354918017983437,0.252655380047285,0.242550321136202,0.212203681468964,0.227772290507952,0,0,0.306699126958847,0,0,0.154907574517685,0,0,0,0,0.32397635281086,0.337981969118118,0.345726082056034,0.189481293312579,0,0,0,0,0,0,0,0,0,0,0,0.299274498793085,0.189774183986279,0.182922591383641,0,0,0.173335096007419,0.169448454199594,0,0.287196596252157,0,0.31380220974972,0,0.396644576237752,0,0.31502720728369,0,0.31782216578722,0,0.316451638936996,0,0.24051587588963,0,0,0,0,0,0.218341779256366,0,0,0,0,0.240835742966699,0.279555529356003,0,0,0,0,0,0,0.307051420211792,0,0.321345165371895,0,0.274342915731166,0.187766396019557,0.260580273257213,0,0.246122665170605,0.170533591860926,0.276567682381112,0,0.19440165291994,0.20353083631822,0.275421139945501,0.343643720944723,0
0.372573137283325,0,0.260655413226535,0,0.19429231248796,0,0.191963636688888,0,0,0,0.195577637292445,0,0,0,0,0,0.333925342559814,0.29344168305397,0.320886096850759,0,0.253963995670837,0,0,0,0,0,0,0,0,0,0,0.26588286459446,0.236511415846291,0,0.144353260596593,0.173335096007419,0,0,0.175836665413376,0,0.293039834256782,0.326507240533829,0.279976333594236,0.309518843889236,0.327031623910774,0,0.291711479859445,0,0.278207722908029,0,0.221158117055893,0,0.193186817424638,0,0,0,0.258837699890137,0,0,0,0,0,0,0.287248908051657,0,0,0,0,0,0,0,0,0,0.333198845386505,0,0.212596009276351,0,0.130014113017491,0.240015277507329,0.253712943791737,0,0.200821822259972,0.205928206662198,0.201498906892334,0.253893738431857,0.312630365292231,0.28775124079906
0,0,0,0,0,0,0,0,0,0.215587004655745,0,0.148084825349787,0,0,0,0,0,0,0,0.21719816327095,0,0.257723738236742,0,0.235317990300855,0,0,0,0,0,0.187954222224653,0,0,0,0.322062493734796,0,0.169448454199594,0,0,0.170129927721891,0.273889482021332,0,0,0,0,0,0.308477770198475,0,0.480839970561624,0,0.297214314295268,0,0,0,0,0,0.261934271100724,0,0.194657394012739,0,0,0,0,0.260942496446185,0,0.329914206415077,0,0.303978525494274,0,0,0,0.323907700024153,0,0.260586039443326,0,0,0,0.268931635652561,0.181635826826096,0.236757572032511,0,0.258903685584127,0.20006812363863,0.196010475213445,0.191946588456631,0.241356840492874,0,0
0,0,0,0,0,0,0,0,0.271238911677809,0,0.159488760817774,0,0,0,0,0,0,0,0,0,0.286771609894628,0,0.182989675192069,0,0.17875395188729,0,0,0,0,0,0.144268459599951,0,0,0.130755339350019,0.217362981616405,0,0.175836665413376,0.170129927721891,0,0,0,0,0,0,0,0,0,0.495155787980591,0.365781877771951,0,0,0,0,0,0.237050743956192,0,0.138199542518531,0,0,0,0,0,0,0.276584187792685,0,0.194166083342184,0,0.227466554070512,0,0,0,0,0,0.217003194270311,0,0,0,0.20170101331813,0,0.247843421989513,0.315752536058426,0.259813273180018,0.195228336298385,0.133756590563627,0.367437280210736,0,0
0,0.432262289524078,0,0.277002840026005,0,0.213583707809448,0,0,0,0,0,0,0,0,0,0,0.338613442894889,0.339468508148971,0.400915656571452,0,0,0,0,0,0,0,0,0,0,0,0,0,0,0,0,0.287196596252157,0,0.273889482021332,0,0,0.320826560258865,0.340290599742523,0.303084832429886,0.480680681509519,0.38606271147728,0.385312352672242,0,0,0,0.236147588805148,0,0,0,0,0,0,0,0.312428441643715,0,0,0,0,0.314633689061651,0.371562376618385,0,0,0,0,0,0,0.292818069458008,0,0.317974050130163,0,0,0,0,0,0.323612983226776,0.321977645158768,0.307057102906032,0,0.3479339731412,0.38825298845768,0.415556394218539,0.415337605280325,0
0.467368259128318,0,0.322997994472583,0,0,0,0,0,0,0,0,0,0,0,0,0,0.353996992875368,0.343975657224655,0.389193594266755,0,0,0,0,0,0,0,0,0,0,0,0,0,0,0,0,0,0.293039834256782,0,0,0.320826560258865,0,0.366390007734299,0.303357909870721,0.396724492311478,0.414769168417512,0,0.404347651805061,0.501747474074364,0.36172784105042,0,0,0,0,0,0,0,0,0,0,0,0,0,0.312908887863159,0.325768946936583,0,0,0,0,0,0,0,0,0,0.421840488910675,0,0,0,0,0.342841267585754,0.304375964261237,0,0.434084564447403,0.395348249477955,0,0.345066352465352,0.316738083958626,0.298543047389159
0,0.452543270302145,0.344338431954384,0.305685295774928,0,0.258883457630873,0,0,0,0.240557763725519,0,0,0,0,0,0,0.282049360505322,0.290174987057553,0.304975272186719,0,0,0,0,0.214964593450228,0,0,0,0,0,0,0,0,0,0,0,0.31380220974972,0.326507240533829,0,0,0.340290599742523,0.366390007734299,0,0.258881401794016,0.303223207823098,0.294982373714447,0.317792676623092,0.292819880626418,0.436363697052002,0.369502892096837,0.394304592428463,0,0.286373883485794,0,0,0,0,0,0.391973115246871,0,0,0,0.434184730052948,0.349735866857457,0.32959671318531,0,0,0,0,0,0,0.340502351522446,0,0.45128082287939,0,0,0,0,0,0.333143992411126,0.327993131109646,0.451560181256563,0,0.297055457010453,0.304666367277764,0.345809699086494,0.314520251571417,0.301372140645981
0.33013472026214,0,0.297777874570459,0.309615875993456,0.256693521780627,0,0,0,0.245256999300586,0,0,0,0,0,0,0,0.292328399088648,0.279289938833403,0.242149761841404,0,0.334824432929357,0,0,0,0.167138159275055,0,0,0,0,0,0,0,0,0.387423038482666,0,0,0.279976333594236,0,0,0.303084832429886,0.303357909870721,0.258881401794016,0,0.280148121493834,0.256253149255481,0.301703676581383,0.266442231046687,0.381950569668211,0.340107673870436,0.458109310695103,0.275080335140228,0,0,0,0,0,0.312619712948799,0,0,0,0.217430174350739,0,0.332354128360748,0.331406224831729,0,0,0,0,0,0,0,0.417021956294775,0,0.430183354829777,0.48919352889061,0,0.45011003613472,0,0.370068135586652,0.30833845967982,0.380802482366562,0.369669233759244,0.292748700965431,0.32817368209362,0.30575725672067,0.257885246114297,0.241496336954059
0,0.426173269748688,0.290453046560287,0.298429658015569,0,0,0,0,0,0,0,0,0,0,0,0,0.287816468626261,0.291833915056721,0.301613918027362,0,0,0,0,0,0,0,0,0,0,0,0,0,0,0,0,0.396644576237752,0.309518843889236,0,0,0.480680681509519,0.396724492311478,0.303223207823098,0.280148121493834,0,0,0.403591645771966,0.306346217791239,0,0.329642295837402,0.482007331081799,0,0,0,0,0,0,0,0,0,0,0,0,0.366643210252126,0.31718381245931,0,0,0,0,0,0,0,0,0.459153145551682,0,0,0,0,0,0.454258697309408,0.329726308584213,0.549726820459553,0,0.294782584745013,0,0.535173262041993,0.404390122788616,0
0,0,0.284690041627203,0,0,0,0,0,0.341146856546402,0,0,0,0,0,0,0,0.309216235490406,0.292624306678772,0.280914851891495,0,0,0,0,0,0,0,0,0,0,0,0,0,0,0,0,0,0.327031623910774,0,0,0.38606271147728,0.414769168417512,0.294982373714447,0.256253149255481,0,0,0.342656284570694,0.40662683452232,0,0.264322191476822,0,0,0,0,0,0,0,0,0,0,0,0,0,0,0.407394595590292,0,0,0,0,0,0,0,0,0,0,0,0,0,0,0,0.402306579635479,0,0,0.290665872535616,0,0.354710247574581,0,0.259442089816158
0.35864993929863,0.402834201852481,0,0.261155214574602,0,0,0,0,0,0.375647008419037,0,0,0,0,0,0,0.317519903182983,0.344661652576178,0.415267661859592,0.230233747512102,0,0,0,0,0,0,0,0,0,0,0,0,0,0,0,0.31502720728369,0,0.308477770198475,0,0.385312352672242,0,0.317792676623092,0.301703676581383,0.403591645771966,0.342656284570694,0,0.265851557254791,0,0,0.35472377538681,0,0,0,0,0,0,0,0.352960071393422,0,0,0,0,0.292687720361579,0.398527055978775,0,0,0,0,0,0,0.348144099116325,0,0.373923477124084,0,0,0,0,0,0.34286779039536,0.316340357065201,0.388583082041058,0,0.373322269297205,0.34037871658802,0.327947047935518,0.341378366134383,0.31732577085495
0.428981657933306,0,0.283398857453104,0,0.293873727321625,0,0,0,0.470006257295609,0,0,0,0,0,0,0,0.334567013714049,0.318890157673094,0.387216606012384,0,0.37152510701168,0,0,0,0,0,0,0,0,0,0,0,0,0,0,0,0.291711479859445,0,0,0,0.404347651805061,0.292819880626418,0.266442231046687,0.306346217791239,0.40662683452232,0.265851557254791,0,0,0.256318028302903,0,0.21164496243,0,0,0,0,0,0.269574001431465,0,0,0,0.248505726456642,0,0,0.364078630440685,0,0,0,0,0,0,0,0,0,0.356069500629718,0,0,0,0,0,0.348455117735486,0,0.42738817135493,0.367417925167084,0,0.34446713844614,0.327115247646968,0.24869183628332
0,0,0.321836665272713,0,0,0,0,0,0,0,0,0,0,0,0,0,0,0,0,0,0,0,0.411835461854935,0.4006387591362,0,0,0,0,0,0,0,0.362534612705218,0.293113791333732,0.296431324808106,0.339413388851373,0.31782216578722,0,0.480839970561624,0.495155787980591,0,0.501747474074364,0.436363697052002,0.381950569668211,0,0,0,0,0,0.422594228400784,0.508260525235516,0,0,0,0,0,0,0,0,0,0,0,0,0,0,0.443622410297394,0.437792539596558,0.37070111433665,0,0,0,0,0,0,0,0.388110133426822,0.315506951571017,0.371275579863852,0.349092173136649,0.292049946502832,0.24659799478556,0.467856486555946,0.46613133025284,0.461823663793594,0,0.353880030442687,0,0
0.372157697660336,0,0.254808159796059,0,0.223782032728195,0,0,0,0.309142662833134,0,0,0,0.317221435904503,0,0.302561001645194,0,0.325538575649261,0.315629422664642,0.288155589784895,0,0,0,0.204062849658427,0,0,0,0,0,0,0,0,0.571904540696043,0.291088226963492,0.388299328203385,0.300433106081826,0,0.278207722908029,0,0.365781877771951,0,0.36172784105042,0.369502892096837,0.340107673870436,0.329642295837402,0.264322191476822,0,0.256318028302903,0.422594228400784,0,0.527876212969357,0.237414136528969,0,0,0,0.178307872552138,0,0.359677877277136,0,0.342719733998889,0,0.315034592418167,0,0,0.296812990849668,0,0.233899311243363,0,0.161259253858589,0,0.210665966930061,0,0.325927019819317,0,0.341409375232435,0.519527669582102,0.30794584526363,0.423869635789625,0.342065020611412,0.40823135972023,0.272404751118257,0.387094102799892,0.317770327611096,0.403636184880393,0,0.341725259615355,0,0.353603884473547
0,0.263589481061155,0,0.241054428590311,0,0.205583646893501,0,0,0,0.205073439770124,0,0,0,0,0,0.230052530135907,0.27329009771347,0.342704974114895,0.384336649723675,0,0,0.293863157811372,0,0.213627123518994,0,0,0,0.33130469918251,0,0,0,0.591314281736101,0,0.342941969633102,0,0.316451638936996,0,0.297214314295268,0,0.236147588805148,0,0.394304592428463,0.458109310695103,0.482007331081799,0,0.35472377538681,0,0.508260525235516,0.527876212969357,0,0,0.207389682531357,0,0,0,0.204170787334442,0,0.362497021045004,0,0,0,0.289679571726294,0.34044293127954,0,0.351704231379689,0,0.25809907808805,0,0,0,0.364856066857979,0,0.397166749440044,0,0.46410560031091,0,0.440059911459684,0,0.350507462811139,0,0.323249291598312,0,0.432709277352274,0.295236259698868,0.383914064692992,0.376232531946777,0
0,0,0.16073455825448,0,0.193423924606238,0,0.230737611651421,0,0.240172978606604,0,0.178596246242523,0,0,0,0,0,0,0,0,0,0.18839347884059,0,0,0,0,0,0,0,0,0,0,0,0,0,0,0,0.221158117055893,0,0,0,0,0,0.275080335140228,0,0,0,0.21164496243,0,0.237414136528969,0,0,0,0.227522708627642,0,0,0,0.179813182726502,0,0.197675034403801,0,0.240895093977451,0,0,0.204839438199997,0,0,0,0,0,0,0,0,0,0,0,0,0,0,0.255921632051468,0.268790900707245,0,0,0.19654296067628,0,0.210125096142292,0,0.230821453034878
0,0,0,0.231762325901676,0,0.189603971873785,0,0,0,0,0,0,0,0,0,0.142081734538078,0,0,0,0.237727631789607,0,0,0,0,0,0,0,0,0,0,0,0,0,0,0,0.24051587588963,0,0,0,0,0,0.286373883485794,0,0,0,0,0,0,0,0.207389682531357,0,0,0,0.190049527088801,0,0,0,0.213901881005738,0,0.237309319244043,0,0.193974507749081,0.228512248396873,0,0,0,0,0,0,0,0,0,0,0,0,0,0,0,0.244876385240232,0,0,0,0.160469684898853,0,0.229121028636553,0,0
0,0,0,0,0.289935376714258,0,0.234466737508774,0,0,0,0,0,0.214561447501183,0,0,0,0,0,0,0,0,0,0,0,0,0,0,0,0,0,0,0,0,0,0,0,0.193186817424638,0,0,0,0,0,0,0,0,0,0,0,0,0,0.227522708627642,0,0,0,0,0,0,0,0.271311378580029,0,0,0,0,0,0,0,0,0,0,0,0,0,0,0,0,0,0,0,0,0.209425276145339,0,0,0.167273377378782,0,0,0,0
0,0,0,0,0,0.2110687686551,0,0.160190233339866,0,0,0,0,0,0,0,0,0,0,0,0,0,0,0,0,0,0,0,0,0,0,0,0,0,0,0,0,0,0,0,0,0,0,0,0,0,0,0,0,0,0,0,0.190049527088801,0,0,0,0,0,0.188114250248129,0,0,0,0,0,0,0,0,0,0,0,0,0,0,0,0,0,0,0,0,0,0,0,0,0.151799019426107,0,0,0,0
0.127475869828056,0,0.173931803660733,0,0.189038929839929,0,0,0,0.208717348361696,0,0,0,0,0,0,0,0,0,0,0,0,0,0,0,0.230600333669119,0,0,0,0,0,0,0,0,0,0,0,0,0,0.237050743956192,0,0,0,0,0,0,0,0,0,0.178307872552138,0,0,0,0,0,0,0,0,0,0,0,0.18995600938797,0,0,0,0,0,0,0.260828373902669,0,0,0,0,0,0,0,0,0,0,0,0,0,0.232389252473408,0.161167048745685,0,0.170571547865078,0,0
0,0.168179860899865,0,0.197515960495177,0,0.160387927277403,0,0,0,0.218516601506108,0,0,0,0,0,0.232816085219383,0,0,0,0,0,0,0,0.241122388887027,0,0.265916377305984,0,0,0,0,0,0,0,0,0,0,0,0.261934271100724,0,0,0,0,0,0,0,0,0,0,0,0.204170787334442,0,0,0,0,0,0,0,0,0,0,0,0.153678303983595,0,0,0,0,0.307766269955169,0,0.245811596512794,0,0,0,0,0,0,0,0,0,0,0,0.2998604108338,0,0.216956379236998,0,0.223632525180427,0,0
0,0,0.275701470673084,0,0.19675749414048,0,0,0,0,0,0.255622251565252,0,0,0,0,0,0,0,0.280829250812531,0,0.181926363194832,0,0,0,0,0,0,0,0,0,0.299500653289613,0,0,0,0,0,0.258837699890137,0,0.138199542518531,0,0,0,0.312619712948799,0,0,0,0.269574001431465,0,0.359677877277136,0,0.179813182726502,0,0,0,0,0,0,0,0.331901230387631,0,0.363967467016644,0,0,0.231382868228815,0,0,0,0,0,0.378530234098434,0,0.389076098146667,0,0.264928817749023,0,0,0,0,0,0.278417021036148,0,0.369281083345413,0.136972050549406,0,0.324809011965472,0,0
0,0,0,0.311698984039032,0,0.231225922703743,0,0.228121623396873,0,0.161401622825199,0,0.230699260015034,0,0,0,0.315307339032491,0,0,0.325878620147705,0.268000760039345,0,0.378388673067093,0,0,0,0,0,0,0,0.204093625148137,0,0,0,0,0,0.218341779256366,0,0.194657394012739,0,0.312428441643715,0,0.391973115246871,0,0,0,0.352960071393422,0,0,0,0.362497021045004,0,0.213901881005738,0,0.188114250248129,0,0,0,0,0,0.269294364561311,0,0.362630199040136,0.289150770076297,0,0.380859831968943,0,0,0,0.389911280436949,0,0.35473584224746,0,0.302270381423837,0,0,0,0,0,0.282054245308205,0,0.32296500947548,0,0.176388378143311,0.319399505853653,0.353316675922642,0.44823801683055,0
0,0,0.196220780953322,0,0.179192974099091,0,0.200759025280085,0,0,0,0.16918624440829,0,0.288348407096776,0,0.278782025864809,0,0,0,0,0,0.185756366699934,0,0,0,0,0,0,0,0.24765644967556,0,0,0,0,0,0,0,0,0,0,0,0,0,0,0,0,0,0,0,0.342719733998889,0,0.197675034403801,0,0.271311378580029,0,0,0,0.331901230387631,0,0,0,0.302983198993394,0,0,0.182979613542557,0,0,0,0,0,0.272453378140926,0,0.307078100633553,0,0,0,0,0,0,0,0,0,0,0.170374069362879,0,0.334206777314345,0,0
0,0,0,0.303438209295273,0,0.226780938163196,0,0,0,0.241902738809586,0,0.153425124287605,0,0.25900443141984,0,0.257923393345931,0,0,0,0,0,0,0,0,0,0.241084106877202,0,0.237275501384455,0,0,0,0,0,0,0,0,0,0,0,0,0,0,0,0,0,0,0,0,0,0,0,0.237309319244043,0,0,0,0,0,0.269294364561311,0,0,0,0.342937635281418,0,0,0,0,0,0,0.35743696255585,0,0.384958172432795,0,0.276255762035196,0,0,0,0,0,0.291187107563019,0,0,0,0.269907282428308,0.221322551369667,0.332589864730835,0,0
0.124796822191553,0,0.160563213129838,0,0.239107800877258,0,0,0,0.212545022986161,0,0,0,0.293824498712177,0,0.259621591895427,0,0,0,0,0,0,0,0,0,0.242873567801255,0,0,0,0,0,0,0,0,0,0,0,0,0,0,0,0,0,0.217430174350739,0,0,0,0.248505726456642,0,0.315034592418167,0,0.240895093977451,0,0,0,0.18995600938797,0,0.363967467016644,0,0.302983198993394,0,0,0,0,0,0,0,0,0,0,0.276210937084574,0,0.343169851130561,0,0,0,0,0,0,0,0.224188923835754,0,0,0.164593198529954,0,0.348026864065064,0,0
0,0.19002197491817,0,0.241858693460623,0,0.18881635726602,0,0,0,0.206010586612827,0,0,0,0.259722819838386,0,0.219778528942495,0,0,0,0,0,0,0,0,0,0.234659414738417,0,0,0,0,0,0,0,0,0,0,0,0,0,0,0,0.434184730052948,0,0,0,0,0,0,0,0.289679571726294,0,0.193974507749081,0,0,0,0.153678303983595,0,0.362630199040136,0,0.342937635281418,0,0,0,0,0,0,0,0,0.258344626155767,0,0.455305384738105,0,0,0,0,0,0,0,0,0,0,0,0.245303228497505,0,0.311981409788132,0,0
0,0.365263995799151,0,0.337203696370125,0,0.227630627652009,0,0,0,0,0,0.164199399712839,0,0,0,0,0.348637853677456,0.336408304316657,0.370885634614575,0.209099220732848,0,0.376376965216228,0,0,0,0,0,0,0,0,0,0,0,0,0,0.240835742966699,0,0.260942496446185,0,0.314633689061651,0.312908887863159,0.349735866857457,0.332354128360748,0.366643210252126,0,0.292687720361579,0,0,0,0.34044293127954,0,0.228512248396873,0,0,0,0,0,0.289150770076297,0,0,0,0,0,0.335781246423721,0.398092478513718,0,0,0,0,0,0.359670309459462,0,0.347595669661123,0,0,0,0,0,0.280514705413272,0.353316277265549,0.330105972048619,0,0.323713752282394,0,0.319348760876307,0.34636338668711,0
0.358791640271311,0,0.319052176752893,0,0,0,0,0,0.313418050607045,0,0,0,0,0,0,0,0.360966354608536,0.355934277176857,0.385919528057665,0,0.256823080625028,0,0,0,0,0,0,0,0,0,0,0,0,0,0,0.279555529356003,0.287248908051657,0,0.276584187792685,0.371562376618385,0.325768946936583,0.32959671318531,0.331406224831729,0.31718381245931,0.407394595590292,0.398527055978775,0.364078630440685,0,0.296812990849668,0,0.204839438199997,0,0,0,0,0,0.231382868228815,0,0.182979613542557,0,0,0,0.335781246423721,0,0,0,0,0,0,0,0,0,0,0.387014862149954,0,0,0,0,0,0.305576749458339,0,0.311830200231707,0.340808264463451,0,0.343224129256393,0.330552289883296,0.323016084490284
0,0,0,0,0,0,0,0,0,0,0,0,0,0,0,0,0.156916707754135,0.146614296869798,0.168947979807854,0,0,0.235268376778289,0.108603653426354,0.232167477386871,0,0.128391712903976,0,0.190490091840426,0,0,0,0,0,0,0,0,0,0.329914206415077,0,0,0,0,0,0,0,0,0,0.443622410297394,0,0.351704231379689,0,0,0,0,0,0,0,0.380859831968943,0,0,0,0,0.398092478513718,0,0,0,0.242086262398094,0,0.28468983497509,0,0.312928927670687,0,0.388224559196507,0,0,0,0,0,0,0,0.345546402235147,0,0.133606666624546,0.242222502827644,0.426656502485275,0,0
0,0,0,0,0,0,0,0,0,0,0,0,0,0,0,0,0,0,0,0,0,0,0.230870796116077,0,0.301072574173771,0,0.186758898198605,0,0.11506574600935,0,0,0,0,0,0.418182164430618,0,0,0,0.194166083342184,0,0,0,0,0,0,0,0,0.437792539596558,0.233899311243363,0,0,0,0,0,0,0,0,0,0,0,0,0,0,0,0,0,0,0.227649735058813,0,0.260760207853374,0,0.242424906004925,0,0,0,0,0,0,0,0,0,0.246147321969781,0.163555474033658,0,0.319129112362862,0,0
0,0.140172209649805,0,0,0,0,0,0,0,0.273359787045864,0,0,0,0,0,0,0,0,0,0,0,0.22445429811875,0,0.207524213021482,0,0.21485633460375,0,0,0,0,0,0,0,0,0,0,0,0.303978525494274,0,0,0,0,0,0,0,0,0,0.37070111433665,0,0.25809907808805,0,0,0,0,0,0.307766269955169,0,0,0,0,0,0,0,0,0.242086262398094,0,0,0,0.234174638365706,0,0,0,0,0,0,0,0,0,0,0,0.400941635166393,0,0.331033717042633,0,0.313725073377486,0,0
0.132775202393532,0,0,0,0,0,0,0,0.255540840637009,0,0,0,0,0,0.271973222494125,0,0.214090824127197,0,0,0,0,0,0.164688550844425,0,0.243799767097553,0,0.205441807707151,0,0,0,0,0,0,0,0,0,0,0,0.227466554070512,0,0,0,0,0,0,0,0,0,0.161259253858589,0,0,0,0,0,0.260828373902669,0,0,0,0,0,0,0,0,0,0,0.227649735058813,0,0,0,0.21585611611471,0,0,0,0,0,0,0,0,0,0,0,0.324398111156541,0.19291918192591,0,0.175816930234432,0,0
0,0,0,0,0,0,0,0,0,0.240830533206463,0,0,0,0.276564745553609,0,0.21060826747041,0,0.138435823718707,0,0,0,0.161086616801544,0,0.190235170620409,0,0.212309332636113,0,0.252965042988459,0,0,0,0,0,0,0,0,0,0,0,0,0,0,0,0,0,0,0,0,0,0,0,0,0,0,0,0.245811596512794,0,0.389911280436949,0,0.35743696255585,0,0.258344626155767,0,0,0.28468983497509,0,0.234174638365706,0,0,0,0.321738892860377,0,0,0,0,0,0,0,0,0,0,0,0.150788804604894,0,0,0,0
0,0,0,0,0,0,0,0,0.236844696104527,0,0,0,0.283909672727952,0,0.318101457187108,0,0.172813229262829,0,0,0,0,0,0.260279598686753,0,0.25338411904028,0,0.230644084726061,0,0.217284561106653,0,0,0,0,0,0,0,0,0,0,0,0,0,0,0,0,0,0,0,0.210665966930061,0,0,0,0,0,0,0,0.378530234098434,0,0.272453378140926,0,0.276210937084574,0,0,0,0,0.260760207853374,0,0.21585611611471,0,0,0,0.3001765342711,0,0,0,0,0,0,0,0,0,0.191770892590284,0.19191292176644,0,0.169001299267014,0,0
0,0,0,0,0,0,0,0,0,0,0,0,0,0,0,0,0,0,0,0,0,0.330346298689889,0,0,0,0.230261653661728,0,0.204086531581504,0,0.147907848159472,0,0,0,0,0,0.307051420211792,0,0.323907700024153,0,0.292818069458008,0,0.340502351522446,0,0,0,0.348144099116325,0,0,0,0.364856066857979,0,0,0,0,0,0,0,0.35473584224746,0,0.384958172432795,0,0.455305384738105,0.359670309459462,0,0.312928927670687,0,0,0,0.321738892860377,0,0,0,0.339324855634026,0,0,0,0,0,0.323176895578702,0,0.330198853639125,0,0,0,0.376258709706551,0.423995405435562,0
0,0,0.31797194480896,0,0,0,0,0,0,0,0,0,0.263504970818758,0,0.331630199574507,0,0,0,0.373658229907354,0,0,0,0.247489885120959,0,0,0,0.216886142889659,0,0.237871839084817,0,0.233568904154441,0,0,0,0,0,0,0,0,0,0,0,0.417021956294775,0,0,0,0,0,0.325927019819317,0,0,0,0,0,0,0,0.389076098146667,0,0.307078100633553,0,0.343169851130561,0,0,0,0,0.242424906004925,0,0,0,0.3001765342711,0,0,0,0.334206988542311,0,0,0,0,0,0,0,0.325446639144323,0.39837207198143,0,0.367844212393046,0,0.40908470749855
0,0,0,0.40134421736002,0,0,0,0,0,0,0,0.209479766006165,0,0,0,0,0,0,0.381026148796082,0,0,0.370845091095718,0,0,0,0,0,0.146678790450096,0,0.192167520052508,0,0,0,0,0,0.321345165371895,0,0.260586039443326,0,0.317974050130163,0,0.45128082287939,0,0.459153145551682,0,0.373923477124084,0,0,0,0.397166749440044,0,0,0,0,0,0,0,0.302270381423837,0,0.276255762035196,0,0,0.347595669661123,0,0.388224559196507,0,0,0,0,0,0.339324855634026,0,0,0,0,0,0,0,0.321994267556132,0,0.352166745858987,0,0.359181874328189,0.325617492198944,0.425986681691733,0.482091808860952,0
0.441553816199303,0,0.365283001410334,0,0,0,0,0,0.373342019319534,0,0.267573062428518,0,0,0,0,0,0,0,0.416146299668721,0,0,0,0,0,0,0,0,0,0,0,0.260916931159569,0,0,0,0,0,0.333198845386505,0,0.217003194270311,0,0.421840488910675,0,0.430183354829777,0,0,0,0.356069500629718,0,0.341409375232435,0,0,0,0,0,0,0,0.264928817749023,0,0,0,0,0,0,0.387014862149954,0,0,0,0,0,0,0,0.334206988542311,0,0,0,0,0,0,0,0.359762926896413,0,0.32086120964436,0.41589545671429,0,0.42043803096181,0,0.425140823920568
0,0,0,0,0,0,0,0,0,0,0,0,0,0,0,0,0,0,0,0,0,0,0,0,0,0,0,0,0,0,0,0.252696589963891,0.238849066197872,0.250320396903488,0.189426735043526,0.274342915731166,0,0,0,0,0,0,0.48919352889061,0,0,0,0,0.388110133426822,0.519527669582102,0.46410560031091,0,0,0,0,0,0,0,0,0,0,0,0,0,0,0,0,0,0,0,0,0,0,0,0,0,0.158925246733886,0,0,0.274922869663249,0,0,0,0.1955466988912,0,0.527509838342667,0,0
0,0,0,0,0,0,0,0,0,0,0,0,0,0,0,0,0,0,0,0,0,0,0,0,0,0,0,0,0,0,0,0.159109897743581,0.181713472080953,0,0.14152664244175,0.187766396019557,0.212596009276351,0,0,0,0,0,0,0,0,0,0,0.315506951571017,0.30794584526363,0,0,0,0,0,0,0,0,0,0,0,0,0,0,0,0,0,0,0,0,0,0,0,0,0,0.158925246733886,0,0,0.147791564464569,0,0.229705326013513,0,0,0.155199212362132,0,0,0,0
0,0,0,0,0,0,0,0,0,0,0,0,0,0,0,0,0,0,0,0,0,0,0,0.297941505908966,0,0,0,0,0,0,0,0,0,0.228627920840235,0.192174717285946,0.260580273257213,0,0.268931635652561,0,0,0,0,0.45011003613472,0,0,0,0,0.371275579863852,0.423869635789625,0.440059911459684,0,0,0,0,0,0,0,0,0,0,0,0,0,0,0,0,0,0,0,0,0,0,0,0,0,0,0,0.163953717910882,0.293666808772146,0,0.320174875098458,0,0.289343704624722,0,0.470145974089118,0,0
0,0,0,0,0,0,0,0,0,0,0,0,0,0,0,0,0,0,0,0,0,0,0,0,0,0,0,0,0,0,0,0.140938613563776,0,0.161511441206528,0.228731034968978,0,0.130014113017491,0.181635826826096,0.20170101331813,0,0,0,0,0,0,0,0,0.349092173136649,0.342065020611412,0,0,0,0,0,0,0,0,0,0,0,0,0,0,0,0,0,0,0,0,0,0,0,0,0,0,0.147791564464569,0.163953717910882,0,0,0,0,0.280868936472267,0.144306241401604,0,0,0,0
0,0.392179180746493,0.286490944524606,0.276846880601211,0,0.237158980468909,0,0,0,0,0,0.168195767085189,0,0,0,0,0.348565000295639,0.332946316192025,0.386152502839602,0.250468927783707,0,0,0,0,0,0,0,0,0,0,0,0.303790884196456,0.269345772954134,0.286190439547811,0,0.246122665170605,0.240015277507329,0.236757572032511,0,0.323612983226776,0.342841267585754,0.333143992411126,0.370068135586652,0.454258697309408,0,0.34286779039536,0,0.292049946502832,0.40823135972023,0.350507462811139,0.255921632051468,0.244876385240232,0,0,0,0,0,0.282054245308205,0,0.291187107563019,0,0,0.280514705413272,0,0,0,0,0,0,0,0.323176895578702,0,0.321994267556132,0,0.274922869663249,0,0.293666808772146,0,0,0.315280437469482,0.304306736076887,0,0.274415630296853,0.218603913120167,0.357844862256852,0.38454698749951,0.288587659597397
0.417290353486615,0,0.299135029956859,0,0.211294340590636,0,0.210407671119486,0,0.31241970260938,0,0.220204455511911,0,0,0,0,0,0.351643347510925,0.348936730623245,0.376065004873078,0,0.291707278717691,0,0,0,0,0,0,0,0,0,0,0,0.239295014415879,0,0.166354662960484,0.170533591860926,0.253712943791737,0,0.247843421989513,0.321977645158768,0.304375964261237,0.327993131109646,0.30833845967982,0.329726308584213,0.402306579635479,0.316340357065201,0.348455117735486,0.24659799478556,0.272404751118257,0,0.268790900707245,0,0.209425276145339,0,0,0,0.278417021036148,0,0,0,0.224188923835754,0,0.353316277265549,0.305576749458339,0,0,0,0,0,0,0,0,0,0.359762926896413,0,0.229705326013513,0,0,0.315280437469482,0,0,0.245229077256169,0.261676848664438,0,0.307627572034546,0.326912081241608,0.321471844400678
