0,0,0.190837043541804,0,0,0,0,0,0.170538459249719,0,0,0,0,0,0,0,0.277614737550418,0,0.29843303247502,0,0,0.275741696357727,0,0,0.169779852032661,0,0,0,0,0,0,0,0,0,0,0,0.32262550507273,0.263643875718117,0.247845225036144,0,0.337053343653679,0,0.284018395387608,0,0,0,0.266513836734435,0.325852928493551,0.181315379365882,0,0,0,0,0,0.188518600775891,0,0.190674278707731,0,0,0,0.205276406591847,0,0,0.354071110486984,0,0,0,0,0,0,0,0.234409347176552,0,0.299842990934849,0,0,0,0,0,0.331684677833651,0.303146421909332,0.383640325675576,0.220554701234784,0,0.269493763940646,0,0.265170266230901
0,0,0,0.167220677003865,0,0.17874239385128,0,0,0,0.162763774345318,0,0,0,0,0,0,0,0,0.187419548630714,0,0,0,0,0.183524796575831,0,0,0,0,0,0,0,0,0,0,0,0,0,0.193881596061024,0,0,0,0.311248328103576,0,0,0,0,0,0,0,0.18946840556285,0,0,0,0,0,0.191451509203454,0,0.28834241554141,0,0,0,0.176685459911823,0.30418341755867,0,0,0,0.166014738819178,0,0.236095026135445,0,0.319066216548284,0,0,0,0,0,0,0,0.236906036734581,0,0,0,0.16930232219398,0.231621973216534,0.215676096566724,0,0
0.190837043541804,0,0,0,0.216366830468178,0,0,0,0.173661199483004,0,0,0,0,0,0.202572929588231,0,0,0,0,0,0,0,0,0,0,0,0,0,0,0,0,0,0,0,0,0,0.235630832612514,0,0.183615709344546,0,0.210985884070396,0.322761803865433,0.257595974148489,0,0,0,0.124504429988222,0.310017142830224,0.285857831438382,0,0.210632056218606,0,0,0,0.177157243857017,0,0.210279563611204,0,0,0,0.203792498961783,0,0,0.227979752150449,0,0,0,0,0,0,0,0,0,0.270956213275592,0,0,0,0,0,0.301453997691472,0,0.336465845505397,0.205016596449746,0,0.155272790988537,0,0.223574623465538
0,0.167220677003865,0,0,0,0.216067518062383,0,0,0,0.17182706931123,0,0,0,0,0,0,0,0.268722027540207,0.247656886776288,0,0,0,0,0.243970450013876,0,0,0,0,0,0,0,0,0,0,0,0.151822732140621,0,0.26993176539739,0,0.235278460383415,0,0.257860283562264,0.254579663276672,0,0,0.181507505476475,0,0.291155530512333,0,0.188998829573393,0,0.250628079304212,0,0,0,0.161272206767039,0,0.273390073941347,0,0.280819103906029,0,0.253751705993306,0.228898119181395,0,0,0,0.148316696286201,0,0,0,0,0,0.298089012935542,0,0,0,0,0,0.252475840704782,0.257159829139709,0.320097801089287,0,0.140329489684229,0,0.212285299596421,0.254163671942318,0
0,0,0.216366830468178,0,0,0,0.138218800226847,0,0.159648590467193,0,0,0,0,0,0,0,0,0,0.220650352537632,0,0.179662269301886,0,0,0,0,0,0,0,0,0,0,0,0,0,0,0,0.235899438460668,0,0.284891188144684,0,0.212874323129654,0,0.222092086879107,0,0,0,0.185974816977978,0.27737557888031,0.217312041670084,0,0.186419107374691,0,0.135242804884911,0,0.151937365531921,0,0.212727695703506,0,0.137997053563595,0,0.161296254931352,0,0,0.209754617472223,0,0,0,0,0,0,0,0,0,0.251299481093884,0,0,0,0,0,0.258784499019384,0,0.281379766521915,0.176436220944001,0.164788309823383,0.209829390338726,0,0
0,0.17874239385128,0,0.216067518062383,0,0,0,0.213203899562359,0,0.178669309810452,0,0,0,0.189150117337704,0,0,0,0,0,0.273160573381644,0,0,0,0,0,0,0,0,0,0,0,0,0,0,0,0.213493637740612,0,0.262746602296829,0,0.203686475753784,0,0.229719208242993,0,0,0,0.276160936388705,0,0.272904830319541,0,0.209850304449598,0,0.167093593230907,0,0.176131404936314,0,0.183002136647701,0,0.235640137394269,0,0,0,0,0.315368510039912,0,0,0,0,0,0,0,0,0,0.266123368963599,0,0,0,0,0,0.233225169990744,0,0.281562729315324,0,0.200936089201671,0.243537315112703,0.245513934137702,0.225413550933202,0
0,0,0,0,0.138218800226847,0,0,0,0,0,0.20855960377345,0,0,0,0,0,0,0,0,0,0.199471211785542,0,0,0,0,0,0,0,0,0,0,0,0,0,0,0,0,0,0,0,0,0,0,0,0,0,0,0,0,0,0.13994874060154,0,0.217650559809473,0,0,0,0.197224242488543,0,0.132564224302769,0,0,0,0,0.197775616000096,0,0,0,0,0,0,0,0,0,0,0,0,0,0,0,0,0,0,0.194129954203076,0,0,0,0
0,0,0,0,0,0.213203899562359,0,0,0,0,0,0.190126619761503,0,0.174375326021925,0,0,0,0,0,0,0,0,0,0,0,0,0,0,0,0,0,0,0,0,0,0,0,0,0,0,0,0,0,0,0,0,0,0,0,0,0,0.185047914407083,0,0.199063772688909,0,0,0,0.167205599447091,0,0.18588851479923,0,0,0,0,0,0,0,0,0,0,0,0,0,0,0,0,0,0,0,0,0,0,0.17233463935554,0,0,0,0
0.170538459249719,0,0.173661199483004,0,0.159648590467193,0,0,0,0,0,0,0,0,0,0.163553117308766,0.19889061152935,0.177565650585724,0.179685702684679,0.233875336892465,0,0,0,0,0.145854070782661,0.162100412044674,0,0.148928850889206,0,0,0,0,0,0,0,0,0,0,0.281433381140232,0.231747701319296,0,0,0.260827031731606,0.26588301671048,0,0,0,0.256519109010696,0.301880293003805,0.240585900015301,0,0,0,0,0,0.20132660149734,0,0,0,0,0,0.150121940536933,0,0,0.277500063180923,0,0,0,0.167294673246783,0,0,0,0,0,0,0,0,0,0,0.300150468945503,0.304923160208596,0.220934391021729,0.222574130266528,0.178188106170527,0.166670940816402,0.168470377772458,0,0.264041095972061
0,0.162763774345318,0,0.17182706931123,0,0.178669309810452,0,0,0,0,0,0,0,0,0,0.131457045674324,0.160867281258106,0.118390165269375,0,0,0,0,0,0.178761825909917,0,0.146873866518339,0,0,0,0,0,0,0,0,0,0,0,0.213859694903014,0,0,0,0.21341774314642,0,0,0,0,0,0.199293792247772,0,0.261140078306198,0,0,0,0,0,0.233268758382073,0,0.272758096456528,0,0,0,0.185369059443474,0.356707125902176,0,0,0,0.168849894560354,0,0.156842841101544,0,0,0,0.317395955324173,0,0,0,0,0,0,0,0.239307626893249,0,0.176334802328561,0,0.175165042344291,0.201620458680041,0
0,0,0,0,0,0,0.20855960377345,0,0,0,0,0,0.156640058908707,0,0,0,0,0,0,0,0.155255995205669,0,0,0,0,0,0,0,0.118019297719002,0,0.143387708300812,0,0,0,0,0,0.17449148493931,0,0.133134772248324,0,0,0,0,0,0,0,0,0,0,0,0,0,0.202079728768583,0,0,0,0.199261714389056,0,0.172035934546819,0,0,0,0,0.183580125371615,0,0,0,0,0,0,0,0,0,0.187694507604205,0,0,0,0,0,0.151014064851495,0,0.122465098459347,0.154053176122776,0,0.311573594808578,0,0
0,0,0,0,0,0,0,0.190126619761503,0,0,0,0,0,0.111786810227302,0,0,0,0,0,0.142106729194092,0,0,0,0,0,0,0,0,0,0.172879693331753,0,0,0,0,0,0.162017347865135,0,0.148675041460145,0,0,0,0,0,0,0,0,0,0,0,0,0,0,0,0.144374922491037,0,0,0,0.194166825200898,0,0.12177069910935,0,0,0.153609727981029,0,0,0,0,0,0,0,0,0,0.152229586002803,0,0,0,0,0,0.152006094440304,0,0.201430488158675,0,0.170048254647144,0,0,0,0
0,0,0,0,0,0,0,0,0,0,0.156640058908707,0,0,0,0.109737272063891,0,0,0,0,0,0,0,0,0,0,0,0,0,0,0,0,0,0,0,0,0,0,0,0,0,0,0,0,0,0,0,0,0,0,0,0,0,0,0,0,0,0.135148119713579,0,0.160176360211335,0,0.13457964360714,0,0,0,0,0,0,0,0,0,0,0.11310338228941,0,0,0,0,0,0,0,0,0,0,0.146911818445438,0,0,0,0
0,0,0,0,0,0.189150117337704,0,0.174375326021925,0,0,0,0.111786810227302,0,0,0,0.103288868442178,0,0,0,0,0,0,0,0,0,0,0,0,0,0,0,0,0,0,0,0,0,0,0,0,0,0,0,0,0,0,0,0,0,0,0,0.236002892255783,0,0.200701725482941,0,0,0,0.177352488994598,0,0.231505633204007,0,0,0,0,0,0,0,0,0,0,0,0,0,0,0,0,0,0,0,0,0,0,0.166016976314562,0.163432345858642,0,0,0
0,0,0.202572929588231,0,0,0,0,0,0.163553117308766,0,0,0,0.109737272063891,0,0,0,0.140148357780448,0.169148643811544,0.226122982800007,0,0,0,0,0,0.172484636306763,0,0.0840307746548206,0,0,0,0,0,0,0,0,0,0,0,0,0,0,0,0,0,0,0,0,0,0,0,0,0,0,0,0.163896046578884,0,0,0,0.146352825065454,0,0.135878576276203,0,0,0,0,0,0,0,0,0,0,0,0,0,0,0,0,0,0,0,0,0,0.152852666564286,0.152765095233917,0,0,0
0,0,0,0,0,0,0,0,0.19889061152935,0.131457045674324,0,0,0,0.103288868442178,0,0,0,0.168585357442498,0.195767149329185,0,0,0,0,0.164443276822567,0,0,0,0.18030159175396,0,0,0,0,0,0,0,0,0,0,0,0,0,0,0,0,0,0,0,0,0,0,0,0,0,0,0,0.152312820679263,0,0,0,0.126576198637486,0,0.173954836670625,0,0,0,0,0,0,0.19552632267513,0,0.191754035651684,0,0,0,0,0,0,0,0,0,0,0,0.155812303152154,0,0,0,0
0.277614737550418,0,0,0,0,0,0,0,0.177565650585724,0.160867281258106,0,0,0,0,0.140148357780448,0,0,0.15955701762589,0.242858770744476,0,0,0,0.176083862781525,0.162252167956187,0.141803757671048,0,0.102888114209617,0,0.0775294154882431,0,0,0,0,0,0,0.323302216000027,0.331979857757688,0.314306549727917,0.308942273259163,0.283704725680528,0.271232253685594,0.26466472751238,0.258976820711942,0.301914769411087,0.269779334465663,0,0.275077079534531,0,0,0,0,0,0,0,0.161441836135212,0,0.254896764953931,0.27275550365448,0,0,0.135974698120131,0.149545595049858,0.291231989860535,0.279796181356206,0,0,0,0.116152822971344,0,0.148306423654923,0,0,0.298601931333542,0.311648353934288,0,0,0,0,0.303894845431283,0.308182277122643,0.297514959105424,0.334727042341885,0.194765160060621,0.146803753064559,0.305262313632939,0.265895775422968,0.271448404122801
0,0,0,0.268722027540207,0,0,0,0,0.179685702684679,0.118390165269375,0,0,0,0,0.169148643811544,0.168585357442498,0.15955701762589,0,0.260417461011159,0,0,0.107847609453731,0,0.149814098084038,0.170566284097731,0.137482161246813,0,0.0938773062080145,0,0,0,0,0,0,0,0.261193905025721,0.340986460447311,0.298398467898369,0.257136553525925,0.307078512329044,0.279394639035066,0.264242679760465,0.253072077767891,0.321132987737656,0,0,0.25239491888455,0,0,0.291967213153839,0,0,0,0,0.146657047793269,0,0,0.259365290403366,0,0,0.171111421659589,0.171589747071266,0.290746447443962,0.27652715742588,0.0980482026934624,0,0.128588450936283,0,0.175557672977448,0.197912514209747,0,0,0.299297136068344,0.271768987178802,0,0,0,0,0.299484127175969,0.309670456581646,0.306954602577857,0.32286167939504,0.180792269278441,0.147556574174465,0.30203770636195,0.269877466818561,0.25569630804516
0.29843303247502,0.187419548630714,0,0.247656886776288,0.220650352537632,0,0,0,0.233875336892465,0,0,0,0,0,0.226122982800007,0.195767149329185,0.242858770744476,0.260417461011159,0,0,0.33618375658989,0,0,0.160782932821247,0.227249269684156,0,0,0,0,0,0,0,0,0,0,0.330511971591757,0.311945126994568,0.339531443706931,0.303652359545231,0.302414093238925,0.264996386797305,0.250055763603861,0.226234537305774,0.356399685507867,0.236828871748664,0.320248312183789,0.268497826930668,0.243830783913533,0.241280302405357,0.271220213837094,0.271666914224625,0,0,0,0.211467472836375,0,0.282359413305918,0.362053137591907,0,0,0.209508260091146,0.260637134313583,0.292464126254383,0.284265485855768,0,0,0.141040109097958,0,0,0,0,0,0.393133618014375,0.334325677026873,0,0,0,0,0.318137663510788,0.324750541396877,0.377251881849713,0.360435731553783,0.228699396754424,0.196948610404704,0.345721127656422,0.273455372635129,0.253502684640767
0,0,0,0,0,0.273160573381644,0,0,0,0,0,0.142106729194092,0,0,0,0,0,0,0,0,0,0,0,0,0,0,0,0,0,0,0,0,0,0,0,0.16766200419611,0,0.182236369231909,0,0,0,0.482436567544937,0,0,0,0.271771236260732,0,0,0,0,0,0,0,0,0,0,0,0.206303199487073,0,0,0,0,0.213956795471704,0,0,0,0,0,0,0,0,0,0.229046080849673,0,0,0,0,0,0.178166774728957,0,0.325774756354698,0,0.173132217726352,0.193956539034843,0.287203410906451,0,0
0,0,0,0,0.179662269301886,0,0.199471211785542,0,0,0,0.155255995205669,0,0,0,0,0,0,0,0.33618375658989,0,0,0,0,0,0,0,0,0,0,0,0,0,0,0,0,0,0.162673292731245,0,0.24481978385072,0,0.220402918756008,0,0.211401849985123,0,0,0,0.161674022674561,0.193147554993629,0.189126307765643,0,0.224212222957406,0,0.185386314779242,0,0,0,0.17767805922212,0,0,0,0,0,0,0.227269744169147,0,0,0,0,0,0,0,0,0,0.281563791833567,0,0,0,0,0,0.241047784303101,0,0.292360642667537,0.182054317906393,0.174099091440439,0.265038716678436,0,0
0.275741696357727,0,0,0,0,0,0,0,0,0,0,0,0,0,0,0,0,0.107847609453731,0,0,0,0,0.114393073134124,0.145705755603941,0,0.161291703385742,0,0.162053163366756,0,0,0,0,0,0,0.407487720251083,0,0,0.305295086798391,0.346213892102242,0,0,0,0,0,0,0,0,0.360985754558018,0,0.279069311572955,0,0,0,0,0,0,0,0,0,0,0,0,0,0,0.193212924703543,0.117715060710907,0.156147017597388,0,0.209235940732666,0,0.2455230611844,0,0,0,0,0,0,0,0,0,0.337398968318728,0,0.160716202552174,0.139732544578738,0.442893967032433,0,0
0,0,0,0,0,0,0,0,0,0,0,0,0,0,0,0,0.176083862781525,0,0,0,0,0.114393073134124,0,0,0.137421784353339,0,0.304176016400258,0,0.163961285725236,0,0,0,0,0,0,0,0,0,0.281249427128709,0,0,0,0,0,0,0,0,0.327110449473063,0.202036188510718,0,0,0,0,0,0,0,0,0,0,0,0,0,0,0,0,0.199298440388269,0,0.110048361122608,0,0.360171712314089,0,0.158921639124552,0,0,0,0,0,0,0,0,0,0.305390488075954,0.154967751324017,0.125810949867513,0,0,0
0,0.183524796575831,0,0.243970450013876,0,0,0,0,0.145854070782661,0.178761825909917,0,0,0,0,0,0.164443276822567,0.162252167956187,0.149814098084038,0.160782932821247,0,0,0.145705755603941,0,0,0,0.158828068845577,0,0,0,0,0,0,0,0,0,0,0,0.210368821864082,0,0,0,0.230435680598021,0,0,0,0,0,0.434542238712311,0,0.320783533155918,0,0,0,0,0,0.247124814789861,0,0,0,0,0,0.18248968450136,0,0,0.143260261610798,0,0.186317877677527,0,0.186800548816747,0,0,0,0,0,0,0,0,0,0.280622959136963,0,0.283695179082098,0.352978885173798,0.159248172855128,0,0.294653901032039,0.213263455033302,0
0.169779852032661,0,0,0,0,0,0,0,0.162100412044674,0,0,0,0,0,0.172484636306763,0,0.141803757671048,0.170566284097731,0.227249269684156,0,0,0,0.137421784353339,0,0,0,0.136725671589375,0,0,0,0,0,0,0,0,0,0,0,0.214137807764798,0.26982593536377,0,0,0.1973787099123,0,0,0,0,0.308372691273689,0.177254607280095,0,0,0,0,0,0.206113114248256,0,0,0,0,0,0,0,0,0,0,0.16751729528464,0,0.185826856742895,0,0.159721190783572,0,0,0,0,0,0,0,0,0,0,0,0.272851227841118,0.13178969782619,0.143862783908844,0.203057921108078,0,0
0,0,0,0,0,0,0,0,0,0.146873866518339,0,0,0,0,0,0,0,0.137482161246813,0,0,0,0.161291703385742,0,0.158828068845577,0,0,0,0.211718809604645,0,0,0,0,0,0,0,0,0,0,0,0,0,0,0,0,0,0,0,0,0,0,0,0,0,0,0,0.152274325489998,0,0,0,0,0,0.222302162647247,0,0,0.21318710098664,0,0.195729325924601,0,0.223475756629093,0,0.230436863504278,0,0,0,0,0,0,0,0,0,0,0,0.162531785078739,0,0,0,0
0,0,0,0,0,0,0,0,0.148928850889206,0,0,0,0,0,0.0840307746548206,0,0.102888114209617,0,0,0,0,0,0.304176016400258,0,0.136725671589375,0,0,0,0.161242519123632,0,0,0,0,0,0,0,0,0,0,0,0,0,0,0,0,0,0,0,0,0,0,0,0,0,0.151106883441248,0,0,0,0,0,0.109203526129325,0,0,0,0,0,0,0,0,0.262429019828376,0,0.140752631425858,0,0,0,0,0,0,0,0,0,0,0.123169133173568,0,0,0,0
0,0,0,0,0,0,0,0,0,0,0,0,0,0,0,0.18030159175396,0,0.0938773062080145,0,0,0,0.162053163366756,0,0,0,0.211718809604645,0,0,0,0.195277948134629,0,0,0,0,0,0,0,0.259438055144115,0,0,0,0,0,0,0,0,0,0,0,0,0,0,0,0,0,0,0,0,0,0.210386194020724,0,0,0,0,0.191684245649311,0,0,0,0.254889685206297,0,0.190866270837289,0,0.197828484876525,0,0,0,0,0,0,0,0,0,0.157112244219502,0.160613988618274,0,0,0
0,0,0,0,0,0,0,0,0,0,0.118019297719002,0,0,0,0,0,0.0775294154882431,0,0,0,0,0,0.163961285725236,0,0,0,0.161242519123632,0,0,0,0.140772098844702,0,0,0,0,0,0,0,0.141349869072437,0,0,0,0,0,0,0,0,0,0,0,0,0,0,0,0,0,0,0,0,0,0,0,0,0,0,0.0961010984399102,0,0,0,0.179048320651054,0,0.199273018899592,0,0,0,0,0,0,0,0,0,0,0.145854174780349,0.12401208281517,0,0,0
0,0,0,0,0,0,0,0,0,0,0,0.172879693331753,0,0,0,0,0,0,0,0,0,0,0,0,0,0,0,0.195277948134629,0,0,0,0,0,0,0,0,0,0.160749559536521,0,0,0,0,0,0,0,0,0,0,0,0,0,0,0,0,0,0,0,0.15988469357366,0,0,0,0,0,0,0,0,0,0,0,0,0.208745942558998,0,0.199593292682829,0,0,0,0,0,0,0,0.178717866539955,0,0.164856147498657,0,0,0,0
0,0,0,0,0,0,0,0,0,0,0.143387708300812,0,0,0,0,0,0,0,0,0,0,0,0,0,0,0,0,0,0.140772098844702,0,0,0,0,0,0,0,0,0,0.128192774419274,0,0,0,0,0,0,0,0,0,0,0,0,0,0,0,0,0,0.128112379461527,0,0,0,0,0,0,0,0,0,0,0,0,0,0,0.105027960240841,0,0.217478264607999,0,0,0,0,0,0,0,0.186507471377337,0.126935815136147,0.117504335939884,0,0,0
0,0,0,0,0,0,0,0,0,0,0,0,0,0,0,0,0,0,0,0,0,0,0,0,0,0,0,0,0,0,0,0,0.335071295046395,0.365646481513977,0.344682134687901,0.174008708528556,0.116441880078877,0,0,0,0,0,0,0,0,0,0,0.476143340109497,0,0,0,0,0,0,0,0,0,0,0,0,0,0,0,0,0,0,0,0,0,0,0,0,0,0,0.324572664623337,0.436628945985762,0.279027796039979,0.421834936365485,0.33768705705067,0,0,0,0.432275243924828,0,0,0,0
0,0,0,0,0,0,0,0,0,0,0,0,0,0,0,0,0,0,0,0,0,0,0,0,0,0,0,0,0,0,0,0.335071295046395,0,0.195884267037565,0.214250294634929,0,0.175515301684116,0,0,0,0.187890507280827,0,0,0,0,0,0,0.382946576029062,0.223166204988956,0,0,0,0,0,0,0,0,0,0,0,0,0,0,0,0,0,0,0,0,0,0,0,0,0,0.361602646736835,0.386089568911964,0.263335740566254,0.431312485371979,0,0.258365651286594,0,0,0.243776752118101,0,0,0,0
0,0,0,0,0,0,0,0,0,0,0,0,0,0,0,0,0,0,0,0,0,0,0,0,0,0,0,0,0,0,0,0.365646481513977,0.195884267037565,0,0.177269488714777,0.157778692706196,0,0.241811259862101,0.460250526666641,0,0,0,0,0,0,0,0,0.464372634171881,0,0.414130553603172,0,0,0,0,0,0,0,0,0,0,0,0,0,0,0,0,0,0,0,0,0,0,0,0,0.283361717288784,0.206393678007381,0.215998235324392,0.178261450332839,0.200932415685168,0,0.172550922224807,0.421710550785065,0.237368658234114,0.33475567794898,0.442275643348694,0,0
0,0,0,0,0,0,0,0,0,0,0,0,0,0,0,0,0,0,0,0,0,0.407487720251083,0,0,0,0,0,0,0,0,0,0.344682134687901,0.214250294634929,0.177269488714777,0,0,0.214226710033559,0.358767315745354,0.28795536831919,0,0,0,0,0,0,0,0,0.498046469842261,0.363669902086258,0.370650364955266,0,0,0,0,0,0,0,0,0,0,0,0,0,0,0,0,0,0,0,0,0,0,0,0,0.351840468970212,0.341872890209914,0.254172695274444,0.283213562903787,0,0.257108399874032,0,0.261863920556031,0.23573618399955,0.184355599880219,0.34140956401825,0,0
0,0,0,0.151822732140621,0,0.213493637740612,0,0,0,0,0,0.162017347865135,0,0,0,0,0.323302216000027,0.261193905025721,0.330511971591757,0.16766200419611,0,0,0,0,0,0,0,0,0,0,0,0.174008708528556,0,0.157778692706196,0,0,0.138847987167537,0.204192532167905,0,0.257835127413273,0,0.284776385488181,0.230475068092346,0.442700415849686,0,0.199698670563415,0,0.188131374311957,0.155786693096161,0.209533807270381,0,0,0,0,0,0,0,0.221121646463871,0,0,0,0,0.186956039501899,0,0,0,0,0,0,0,0,0,0.258243986964226,0,0.20279833532515,0,0.131490146870133,0,0.203913953743464,0.143238369571535,0.226956308318168,0,0.182475108089946,0,0.24335722248886,0.336626005727191,0
0.32262550507273,0,0.235630832612514,0,0.235899438460668,0,0,0,0,0,0.17449148493931,0,0,0,0,0,0.331979857757688,0.340986460447311,0.311945126994568,0,0.162673292731245,0,0,0,0,0,0,0,0,0,0,0.116441880078877,0.175515301684116,0,0.214226710033559,0.138847987167537,0,0.296692162752151,0.194003245003917,0.288727462291718,0.198911901135914,0.28396346171697,0.28685485340013,0,0.319504871964455,0,0.207614402404198,0.189882826633178,0.219663051267465,0.215712047285504,0.279374927282333,0,0,0,0,0,0.229381515130852,0.326326310634613,0,0,0,0,0.262367695569992,0.185501685815484,0,0,0,0,0,0,0,0,0.364889085292816,0.286535021467287,0,0.225809905192126,0,0.260676620505768,0,0.210660563350983,0,0.22198913768752,0.199937438701663,0.157949999906123,0.248072522963912,0.289818242192268,0.306740410980724
0.263643875718117,0.193881596061024,0,0.26993176539739,0,0.262746602296829,0,0,0.281433381140232,0.213859694903014,0,0.148675041460145,0,0,0,0,0.314306549727917,0.298398467898369,0.339531443706931,0.182236369231909,0,0.305295086798391,0,0.210368821864082,0,0,0,0.259438055144115,0,0.160749559536521,0,0,0,0.241811259862101,0.358767315745354,0.204192532167905,0.296692162752151,0,0.336444202354915,0.293730030208826,0,0.29199656032809,0.301330581307411,0.394760246078173,0,0.299891124941685,0,0.578675814743275,0,0.296908326231292,0,0,0,0,0,0.268471114039421,0,0.164946403811898,0,0,0,0,0.270669268432946,0,0.191299298405647,0,0.29897412689375,0,0.33118984401226,0,0.203905388712883,0,0.154201379341393,0,0,0,0.114315077662468,0,0.258088946091772,0.270816504955292,0.220523478296194,0.253673826654752,0.316724667271782,0.386248938866759,0.341751380402635,0.304493110606124,0
0.247845225036144,0,0.183615709344546,0,0.284891188144684,0,0,0,0.231747701319296,0,0.133134772248324,0,0,0,0,0,0.308942273259163,0.257136553525925,0.303652359545231,0,0.24481978385072,0.346213892102242,0.281249427128709,0,0.214137807764798,0,0,0,0.141349869072437,0,0.128192774419274,0,0,0.460250526666641,0.28795536831919,0,0.194003245003917,0.336444202354915,0,0,0.262717227141062,0,0.218952424489091,0,0,0,0.244067040085793,0.509136959279238,0.225977239971636,0.36355946958065,0,0,0,0,0.276447522721878,0,0.17243862582067,0,0,0,0,0,0,0.228805394934826,0.40902191400528,0.255464501212241,0.387088528701237,0.228666733265155,0.342905551195145,0,0,0.150600419681988,0,0.147769939464827,0,0,0,0.243544937871598,0,0.237353761114872,0.327728356688451,0.220354054718887,0.257293901579825,0.305792017079935,0.242971121036451,0,0.241415184405115
0,0,0,0.235278460383415,0,0.203686475753784,0,0,0,0,0,0,0,0,0,0,0.283704725680528,0.307078512329044,0.302414093238925,0,0,0,0,0,0.26982593536377,0,0,0,0,0,0,0,0,0,0,0.257835127413273,0.288727462291718,0.293730030208826,0,0,0.294258534908295,0.309082535649898,0.282799202291404,0.355658435821533,0,0.245343678118547,0.281830579042435,0.240116088784167,0.29727891087532,0.18954980453547,0,0,0,0,0,0,0,0.253503913991153,0,0,0,0,0.306483255175059,0.317825339734554,0,0,0,0,0,0,0,0,0.277194450298945,0.328880473971367,0,0,0,0,0.258423569708633,0.289608691419874,0.244022746785329,0.327936758597692,0.30968227432288,0,0.30173283790351,0.297040336765349,0.258504450321198
0.337053343653679,0,0.210985884070396,0,0.212874323129654,0,0,0,0,0,0,0,0,0,0,0,0.271232253685594,0.279394639035066,0.264996386797305,0,0.220402918756008,0,0,0,0,0,0,0,0,0,0,0,0.187890507280827,0,0,0,0.198911901135914,0,0.262717227141062,0.294258534908295,0,0.262065376554217,0.263018056800526,0.290800392627716,0.327174317836761,0,0.217434210777283,0.18180831690384,0.271712406810406,0.241326943039894,0.213266417384148,0,0,0,0,0,0.231518948270429,0,0,0,0,0,0.295877754688263,0.225630287489254,0,0,0,0,0,0,0,0,0,0.247051262429782,0,0.201002150503072,0,0,0.289112657308578,0.228474740063017,0.291083693504333,0.24001357883446,0.275814803983226,0,0.265293915211051,0.265188818176587,0.317164494201194
0,0.311248328103576,0.322761803865433,0.257860283562264,0,0.229719208242993,0,0,0.260827031731606,0.21341774314642,0,0,0,0,0,0,0.26466472751238,0.264242679760465,0.250055763603861,0.482436567544937,0,0,0,0.230435680598021,0,0,0,0,0,0,0,0,0,0,0,0.284776385488181,0.28396346171697,0.29199656032809,0,0.309082535649898,0.262065376554217,0,0.251443029206012,0.348252090540799,0,0.250548243008811,0.284993399914942,0.374181423648238,0.258810284237067,0.309469052931158,0,0,0,0,0,0,0.313792305333274,0.326066418535052,0,0,0,0,0.307048455945083,0.27796677450339,0,0,0.276354759931564,0,0,0,0,0,0.338416952773671,0.331540369987488,0,0,0,0,0.29069284191261,0.303887106282146,0.360174908903475,0.32940003991127,0.260637865061236,0.277548532932997,0.30330111394603,0.267632377037724,0.260982983435194
0.284018395387608,0,0.257595974148489,0.254579663276672,0.222092086879107,0,0,0,0.26588301671048,0,0,0,0,0,0,0,0.258976820711942,0.253072077767891,0.226234537305774,0,0.211401849985123,0,0,0,0.1973787099123,0,0,0,0,0,0,0,0,0,0,0.230475068092346,0.28685485340013,0.301330581307411,0.218952424489091,0.282799202291404,0.263018056800526,0.251443029206012,0,0.315793801099062,0.194638358222114,0.25602284570535,0.286081215498909,0.352781494604606,0.289914512563963,0.281722232699394,0.232604684738012,0,0,0,0,0,0.344107997935926,0.314054066936175,0,0,0,0,0.275093227624893,0.318152304765465,0,0,0,0,0,0,0,0.344748700037599,0.326607429981232,0.346382515970618,0,0,0,0.360860139131546,0.289354372837327,0.289160595818806,0.307670190930367,0.344770318509106,0.263732397554227,0.212991900742054,0.274115946341778,0.257762900243203,0.252043942623159
0,0,0,0,0,0,0,0,0,0,0,0,0,0,0,0,0.301914769411087,0.321132987737656,0.356399685507867,0,0,0,0,0,0,0,0,0,0,0,0,0,0,0,0,0.442700415849686,0,0.394760246078173,0,0.355658435821533,0.290800392627716,0.348252090540799,0.315793801099062,0,0,0,0,0,0.319406807422638,0,0,0,0,0,0,0,0,0,0,0,0,0,0.430067554116249,0.339813500642776,0,0,0,0,0,0,0,0,0.420634785294533,0,0,0,0,0,0.391988619015767,0.309525767962138,0.501554727151587,0.306805193424225,0.326685714625543,0,0.467778713327565,0.406409189105034,0
0,0,0,0,0,0,0,0,0,0,0,0,0,0,0,0,0.269779334465663,0,0.236828871748664,0,0,0,0,0,0,0,0,0,0,0,0,0,0,0,0,0,0.319504871964455,0,0,0,0.327174317836761,0,0.194638358222114,0,0,0,0.292708769440651,0,0,0,0,0,0,0,0,0,0,0,0,0,0,0,0,0.278267217179139,0,0,0,0,0,0,0,0,0,0,0,0,0,0,0,0.299707095054063,0.339868634939194,0.376996457576752,0.266565434634686,0,0.252927118226102,0,0
0,0,0,0.181507505476475,0,0.276160936388705,0,0,0,0,0,0,0,0,0,0,0,0,0.320248312183789,0.271771236260732,0,0,0,0,0,0,0,0,0,0,0,0,0,0,0,0.199698670563415,0,0.299891124941685,0,0.245343678118547,0,0.250548243008811,0.25602284570535,0,0,0,0,0.224895635316538,0.208197541534901,0.202820153506987,0,0.288433611392975,0,0,0,0,0,0.306596558348516,0,0,0,0,0.26031530655419,0,0,0,0,0,0,0,0,0,0.3142400408132,0,0,0,0,0,0.245204472969289,0.274512618780136,0.33618353215221,0,0.231935498806146,0,0.233493525436402,0.263517364859581,0
0.266513836734435,0,0.124504429988222,0,0.185974816977978,0,0,0,0.256519109010696,0,0,0,0,0,0,0,0.275077079534531,0.25239491888455,0.268497826930668,0,0.161674022674561,0,0,0,0,0,0,0,0,0,0,0,0,0,0,0,0.207614402404198,0,0.244067040085793,0.281830579042435,0.217434210777283,0.284993399914942,0.286081215498909,0,0.292708769440651,0,0,0.362203568220139,0.230921114192289,0,0.174879565834999,0,0,0,0,0,0.249770720799764,0,0,0,0,0,0.277784362435341,0.208511490742086,0,0,0,0,0,0,0,0,0.318157836794853,0.266340420486634,0,0,0,0,0.294153779745102,0.233810002028258,0,0.310313534826842,0.263771517808867,0,0.23151997202372,0.291413100702422,0.273276670277119
0.325852928493551,0,0.310017142830224,0.291155530512333,0.27737557888031,0.272904830319541,0,0,0.301880293003805,0.199293792247772,0,0,0,0,0,0,0,0,0.243830783913533,0,0.193147554993629,0.360985754558018,0.327110449473063,0.434542238712311,0.308372691273689,0,0,0,0,0,0,0.476143340109497,0.382946576029062,0.464372634171881,0.498046469842261,0.188131374311957,0.189882826633178,0.578675814743275,0.509136959279238,0.240116088784167,0.18180831690384,0.374181423648238,0.352781494604606,0,0,0.224895635316538,0.362203568220139,0,0.294268908578966,0.390700672314858,0,0.293277949094772,0,0,0,0,0.381758523045802,0.281091623008251,0,0,0,0,0.265688337385654,0.334719885140657,0.328188059421686,0,0.384020627150691,0.352593593299389,0.324025104443232,0,0,0,0.317213945090771,0.361489921808243,0.394068351763637,0.404301189217189,0.457586905458471,0.429163305260148,0.265485874876894,0.241040110370008,0.463395384832835,0.393946043203491,0.36984209533109,0.413180922760683,0.356850192121559,0.321206311384837,0.386308738163539
0.181315379365882,0,0.285857831438382,0,0.217312041670084,0,0,0,0.240585900015301,0,0,0,0,0,0,0,0,0,0.241280302405357,0,0.189126307765643,0,0.202036188510718,0,0.177254607280095,0,0,0,0,0,0,0,0.223166204988956,0,0.363669902086258,0.155786693096161,0.219663051267465,0,0.225977239971636,0.29727891087532,0.271712406810406,0.258810284237067,0.289914512563963,0.319406807422638,0,0.208197541534901,0.230921114192289,0.294268908578966,0,0.230560703797543,0.212711036205292,0,0,0,0.135987212260564,0,0.262363303017307,0.351333901286125,0,0,0.170464605651796,0,0,0.23192722771981,0,0.164001779200939,0,0.201079598618943,0,0.161760593696338,0,0,0.306105852127075,0.24858143435497,0,0.21168415248394,0,0.317101116884838,0.211455296386372,0.250931348475543,0,0.239492661407079,0.28501571879742,0,0.265319718582002,0,0.301196714242299
0,0.18946840556285,0,0.188998829573393,0,0.209850304449598,0,0,0,0.261140078306198,0,0,0,0,0,0,0,0.291967213153839,0.271220213837094,0,0,0.279069311572955,0,0.320783533155918,0,0,0,0,0,0,0,0,0,0.414130553603172,0.370650364955266,0.209533807270381,0.215712047285504,0.296908326231292,0.36355946958065,0.18954980453547,0.241326943039894,0.309469052931158,0.281722232699394,0,0,0.202820153506987,0,0.390700672314858,0.230560703797543,0,0,0,0,0,0,0.159299988299608,0.334447249770164,0.27037310509578,0,0.263297953103718,0,0.23220252096653,0.253793865442276,0.205007960398992,0.236056260764599,0,0.29981563795431,0,0.223442126810551,0,0.303658427252118,0,0.265429214052728,0,0,0,0.437869479258855,0.391030867894491,0.258828243156343,0,0.324165413465619,0.383814439177513,0.325044528397814,0,0.252933485276759,0.341999403455041,0
0,0,0.210632056218606,0,0.186419107374691,0,0.13994874060154,0,0,0,0,0,0,0,0,0,0,0,0.271666914224625,0,0.224212222957406,0,0,0,0,0,0,0,0,0,0,0,0,0,0,0,0.279374927282333,0,0,0,0.213266417384148,0,0.232604684738012,0,0,0,0.174879565834999,0,0.212711036205292,0,0,0,0,0,0.219611167198136,0,0.204442237626831,0,0.171975242594878,0,0.202763060251108,0,0,0.246741123023358,0,0,0,0,0,0,0,0,0,0.260894759193711,0,0,0,0,0,0.240735120243496,0,0.284334206237243,0.263778075575829,0,0.217402092225495,0,0.220763221383095
0,0,0,0.250628079304212,0,0.167093593230907,0,0.185047914407083,0,0,0,0,0,0.236002892255783,0,0,0,0,0,0,0,0,0,0,0,0,0,0,0,0,0,0,0,0,0,0,0,0,0,0,0,0,0,0,0,0.288433611392975,0,0.293277949094772,0,0,0,0,0,0.167485810177667,0,0,0,0.238790763213354,0,0.186478608127298,0,0.170814807216326,0.311638857169849,0,0,0,0,0,0,0,0,0,0.281984090805054,0,0,0,0,0,0,0,0.212571278214455,0,0.188551868383701,0,0.262089656426749,0,0
0,0,0,0,0.135242804884911,0,0.217650559809473,0,0,0,0.202079728768583,0,0,0,0,0,0,0,0,0,0.185386314779242,0,0,0,0,0,0,0,0,0,0,0,0,0,0,0,0,0,0,0,0,0,0,0,0,0,0,0,0,0,0,0,0,0,0,0,0.189244700982548,0,0.13124247698579,0,0,0,0,0.189082017540932,0,0,0,0,0,0,0,0,0,0,0,0,0,0,0,0,0,0,0.203920721095435,0,0,0,0
0,0,0,0,0,0.176131404936314,0,0.199063772688909,0,0,0,0.144374922491037,0,0.200701725482941,0,0,0,0,0,0,0,0,0,0,0,0,0,0,0,0,0,0,0,0,0,0,0,0,0,0,0,0,0,0,0,0,0,0,0,0,0,0.167485810177667,0,0,0,0,0,0.130702523142099,0,0.228583226601283,0,0,0,0,0,0,0,0,0,0,0,0,0,0,0,0,0,0,0,0,0,0,0,0,0,0,0
0.188518600775891,0,0.177157243857017,0,0.151937365531921,0,0,0,0.20132660149734,0,0,0,0,0,0.163896046578884,0,0.161441836135212,0.146657047793269,0.211467472836375,0,0,0,0,0,0.206113114248256,0,0.151106883441248,0,0,0,0,0,0,0,0,0,0,0,0.276447522721878,0,0,0,0,0,0,0,0,0,0.135987212260564,0,0.219611167198136,0,0,0,0,0,0,0,0,0,0.192576859037081,0,0,0,0,0,0,0.226616435729224,0,0.166230715811253,0,0,0,0,0,0,0,0,0,0,0,0.257024721584365,0.184357487209392,0,0.204783272808013,0,0.23740741610527
0,0.191451509203454,0,0.161272206767039,0,0.183002136647701,0,0,0,0.233268758382073,0,0,0,0,0,0.152312820679263,0,0,0,0,0,0,0,0.247124814789861,0,0.152274325489998,0,0,0,0,0,0,0,0,0,0,0,0.268471114039421,0,0,0,0,0,0,0,0,0,0,0,0.159299988299608,0,0,0,0,0,0,0,0,0,0,0,0.173344826873611,0,0,0,0,0.229215852916241,0,0.220284630854925,0,0,0,0,0,0,0,0,0,0,0,0.304288330689533,0,0.195633102790453,0,0.190025488535563,0,0
0.190674278707731,0,0.210279563611204,0,0.212727695703506,0,0.197224242488543,0,0,0,0.199261714389056,0,0.135148119713579,0,0,0,0.254896764953931,0,0.282359413305918,0,0.17767805922212,0,0,0,0,0,0,0,0,0,0.128112379461527,0,0,0,0,0,0.229381515130852,0,0.17243862582067,0,0.231518948270429,0.313792305333274,0.344107997935926,0,0,0,0.249770720799764,0.381758523045802,0.262363303017307,0.334447249770164,0.204442237626831,0,0.189244700982548,0,0,0,0,0.318214520812035,0.223758762436254,0,0.222701460123062,0,0,0.277622129885445,0,0,0,0,0,0,0,0.298740629851818,0,0.285502105794649,0,0,0,0,0.299071818590164,0.256325789489025,0.286738157272339,0.293212592277838,0.236946263297544,0,0.292325257324171,0.326379388570786,0.326153364243372
0,0.28834241554141,0,0.273390073941347,0,0.235640137394269,0,0.167205599447091,0,0.272758096456528,0,0.194166825200898,0,0.177352488994598,0,0,0.27275550365448,0.259365290403366,0.362053137591907,0.206303199487073,0,0,0,0,0,0,0,0,0,0.15988469357366,0,0,0,0,0,0.221121646463871,0.326326310634613,0.164946403811898,0,0.253503913991153,0,0.326066418535052,0.314054066936175,0,0,0.306596558348516,0,0.281091623008251,0.351333901286125,0.27037310509578,0,0.238790763213354,0,0.130702523142099,0,0,0.318214520812035,0,0,0.192030958445935,0,0.221558272838593,0.28825454806248,0,0,0,0,0,0,0,0.315447573150907,0,0.246520682716442,0.351438969373703,0,0,0,0,0.245561012272107,0.309167891740799,0.30385432690382,0.3716861307621,0.260528175118525,0,0.310470150851215,0.33265248495479,0.294467676430941
0,0,0,0,0.137997053563595,0,0.132564224302769,0,0,0,0.172035934546819,0,0.160176360211335,0,0.146352825065454,0,0,0,0,0,0,0,0,0,0,0,0,0,0,0,0,0,0,0,0,0,0,0,0,0,0,0,0,0,0,0,0,0,0,0,0.171975242594878,0,0.13124247698579,0,0,0,0.223758762436254,0,0,0,0.158790328742369,0,0,0,0,0,0,0,0,0.231138875087102,0,0.226767178737756,0,0,0,0,0,0,0,0,0,0,0.14598294368812,0,0.266050457954407,0,0
0,0,0,0.280819103906029,0,0,0,0.18588851479923,0,0,0,0.12177069910935,0,0.231505633204007,0,0.126576198637486,0,0,0,0,0,0,0,0,0,0,0,0.210386194020724,0,0,0,0,0,0,0,0,0,0,0,0,0,0,0,0,0,0,0,0,0,0.263297953103718,0,0.186478608127298,0,0.228583226601283,0,0,0,0.192030958445935,0,0,0,0.176192556853805,0,0,0,0,0,0,0,0,0.201211807924252,0,0,0,0,0,0,0,0,0,0,0,0.308203822800091,0.168709836900234,0.290899975941731,0,0
0.205276406591847,0,0.203792498961783,0,0.161296254931352,0,0,0,0.150121940536933,0,0,0,0.13457964360714,0,0.135878576276203,0,0.135974698120131,0.171111421659589,0.209508260091146,0,0,0,0,0,0,0,0.109203526129325,0,0,0,0,0,0,0,0,0,0,0,0,0,0,0,0,0,0,0,0,0,0.170464605651796,0,0.202763060251108,0,0,0,0.192576859037081,0,0.222701460123062,0,0.158790328742369,0,0,0,0,0,0,0,0,0.182222314686938,0,0.158721702271386,0,0.196044391393662,0,0,0,0,0,0,0,0,0,0,0.159431549078888,0,0,0,0
0,0.176685459911823,0,0.253751705993306,0,0,0,0,0,0.185369059443474,0,0,0,0,0,0.173954836670625,0.149545595049858,0.171589747071266,0.260637134313583,0,0,0,0,0.18248968450136,0,0.222302162647247,0,0,0,0,0,0,0,0,0,0,0,0,0,0,0,0,0,0,0,0,0,0,0,0.23220252096653,0,0.170814807216326,0,0,0,0.173344826873611,0,0.221558272838593,0,0.176192556853805,0,0,0,0,0,0,0.181202177206675,0,0.241949202831496,0,0,0,0,0,0,0,0,0,0,0,0,0,0.156915274605287,0,0.255772372086843,0,0
0,0.30418341755867,0,0.228898119181395,0,0.315368510039912,0,0,0,0.356707125902176,0,0.153609727981029,0,0,0,0,0.291231989860535,0.290746447443962,0.292464126254383,0.213956795471704,0,0,0,0,0,0,0,0,0,0,0,0,0,0,0,0.186956039501899,0.262367695569992,0.270669268432946,0,0.306483255175059,0.295877754688263,0.307048455945083,0.275093227624893,0.430067554116249,0,0.26031530655419,0.277784362435341,0.265688337385654,0,0.253793865442276,0,0.311638857169849,0,0,0,0,0,0.28825454806248,0,0,0,0,0,0,0,0,0,0,0,0,0,0,0.314288764756432,0,0,0,0,0,0.248009389783681,0.301120210438967,0.346698370859987,0.338935703039169,0.229476827368473,0,0.280588126001182,0.31038667938926,0
0.354071110486984,0,0.227979752150449,0,0.209754617472223,0,0.197775616000096,0,0.277500063180923,0,0.183580125371615,0,0,0,0,0,0.279796181356206,0.27652715742588,0.284265485855768,0,0.227269744169147,0,0,0,0,0,0,0,0,0,0,0,0,0,0,0,0.185501685815484,0,0.228805394934826,0.317825339734554,0.225630287489254,0.27796677450339,0.318152304765465,0.339813500642776,0.278267217179139,0,0.208511490742086,0.334719885140657,0.23192722771981,0.205007960398992,0.246741123023358,0,0.189082017540932,0,0,0,0.277622129885445,0,0,0,0,0,0,0,0,0,0,0,0,0,0,0.340129514535268,0,0.306328986798377,0,0,0,0,0.306505419313908,0.243970860796461,0.256085813045502,0.304111553098373,0.24464152025622,0.175617611833981,0.269102242765038,0.300117284059525,0.307065505377004
0,0,0,0,0,0,0,0,0,0,0,0,0,0,0,0,0,0.0980482026934624,0,0,0,0.193212924703543,0,0.143260261610798,0,0.21318710098664,0,0.191684245649311,0,0,0,0,0,0,0,0,0,0.191299298405647,0.40902191400528,0,0,0,0,0,0,0,0,0.328188059421686,0,0.236056260764599,0,0,0,0,0,0,0,0,0,0,0,0,0,0,0,0,0.165169821809167,0,0.267137062701362,0,0.267933564388992,0,0,0,0,0,0,0,0,0,0.257251856462011,0,0.159108092786966,0.106542237102985,0.263200019796689,0,0
0,0,0,0,0,0,0,0,0,0,0,0,0,0,0,0,0,0,0,0,0,0.117715060710907,0.199298440388269,0,0.16751729528464,0,0,0,0.0961010984399102,0,0,0,0,0,0,0,0,0,0.255464501212241,0,0,0,0,0,0,0,0,0,0.164001779200939,0,0,0,0,0,0,0,0,0,0,0,0,0,0,0,0,0,0,0.110659379512072,0,0.286456246788685,0,0.20402700389209,0,0,0,0,0,0,0,0,0,0.357173614707024,0.205082321020423,0.129563607275486,0,0,0
0,0.166014738819178,0,0.148316696286201,0,0,0,0,0,0.168849894560354,0,0,0,0,0,0,0,0.128588450936283,0.141040109097958,0,0,0.156147017597388,0,0.186317877677527,0,0.195729325924601,0,0,0,0,0,0,0,0,0,0,0,0.29897412689375,0.387088528701237,0,0,0.276354759931564,0,0,0,0,0,0.384020627150691,0,0.29981563795431,0,0,0,0,0,0.229215852916241,0,0,0,0,0,0.181202177206675,0,0,0.165169821809167,0,0,0,0.154246720044236,0,0,0,0,0,0,0,0,0,0,0,0.345683445986764,0.361663818359375,0.207135028364818,0,0.325107982765402,0,0
0,0,0,0,0,0,0,0,0.167294673246783,0,0,0,0,0,0,0,0.116152822971344,0,0,0,0,0,0.110048361122608,0,0.185826856742895,0,0,0,0,0,0,0,0,0,0,0,0,0,0.228666733265155,0,0,0,0,0,0,0,0,0.352593593299389,0.201079598618943,0,0,0,0,0,0.226616435729224,0,0,0,0,0,0.182222314686938,0,0,0,0,0.110659379512072,0,0,0,0.181047966892737,0,0,0,0,0,0,0,0,0,0,0,0.275988768392927,0.137782532889187,0,0.197002789884243,0,0
0,0.236095026135445,0,0,0,0,0,0,0,0.156842841101544,0,0,0,0,0,0.19552632267513,0,0.175557672977448,0,0,0,0.209235940732666,0,0.186800548816747,0,0.223475756629093,0,0.254889685206297,0,0,0,0,0,0,0,0,0,0.33118984401226,0.342905551195145,0,0,0,0,0,0,0,0,0.324025104443232,0,0.223442126810551,0,0,0,0,0,0.220284630854925,0,0,0,0,0,0.241949202831496,0,0,0.267137062701362,0,0.154246720044236,0,0,0,0.241125853272357,0,0,0,0,0,0,0,0,0,0.258753326204088,0,0.200803354382515,0,0,0,0
0,0,0,0,0,0,0,0,0,0,0,0,0,0,0,0,0.148306423654923,0.197912514209747,0,0,0,0,0.360171712314089,0,0.159721190783572,0,0.262429019828376,0,0.179048320651054,0,0,0,0,0,0,0,0,0,0,0,0,0,0,0,0,0,0,0,0.161760593696338,0,0,0,0,0,0.166230715811253,0,0,0,0.231138875087102,0,0.158721702271386,0,0,0,0,0.286456246788685,0,0.181047966892737,0,0,0,0.198079191148281,0,0,0,0,0,0,0,0,0,0,0.129552619531751,0,0,0,0
0,0.319066216548284,0,0,0,0,0,0,0,0,0,0,0,0,0,0.191754035651684,0,0,0,0,0,0.2455230611844,0,0,0,0.230436863504278,0,0.190866270837289,0,0.208745942558998,0,0,0,0,0,0,0,0.203905388712883,0,0,0,0,0,0,0,0,0,0,0,0.303658427252118,0,0,0,0,0,0,0,0.315447573150907,0,0.201211807924252,0,0,0,0,0.267933564388992,0,0,0,0.241125853272357,0,0,0,0.245780643261969,0,0,0,0,0,0,0,0.210620854129183,0,0.19861977994442,0,0.342322073876858,0,0
0.234409347176552,0,0,0,0,0,0,0,0,0,0,0,0.11310338228941,0,0,0,0,0,0,0,0,0,0.158921639124552,0,0,0,0.140752631425858,0,0.199273018899592,0,0.105027960240841,0,0,0,0,0,0,0,0.150600419681988,0,0,0,0.344748700037599,0,0,0,0,0,0,0,0,0,0,0,0,0,0.298740629851818,0,0.226767178737756,0,0.196044391393662,0,0,0.340129514535268,0,0.20402700389209,0,0,0,0.198079191148281,0,0,0,0.416388410058889,0,0,0,0,0,0,0,0,0.149823976473676,0.155975610017776,0.37492191195488,0,0
0,0,0,0.298089012935542,0,0.266123368963599,0,0,0,0.317395955324173,0,0.152229586002803,0,0,0,0,0.298601931333542,0.299297136068344,0.393133618014375,0.229046080849673,0,0,0,0,0,0,0,0.197828484876525,0,0.199593292682829,0,0,0,0,0,0.258243986964226,0.364889085292816,0.154201379341393,0,0.277194450298945,0,0.338416952773671,0.326607429981232,0.420634785294533,0,0.3142400408132,0.318157836794853,0.317213945090771,0.306105852127075,0.265429214052728,0,0.281984090805054,0,0,0,0,0,0.246520682716442,0,0,0,0,0.314288764756432,0,0,0,0,0,0,0,0.245780643261969,0,0,0,0,0,0,0,0.255084793733538,0.350642323493958,0.22315194256953,0,0.239725081691985,0,0.360770025788594,0.352846674958066,0.319000711043676
0.299842990934849,0,0.270956213275592,0,0.251299481093884,0,0,0,0,0,0.187694507604205,0,0,0,0,0,0.311648353934288,0.271768987178802,0.334325677026873,0,0.281563791833567,0,0,0,0,0,0,0,0,0,0.217478264607999,0,0,0,0,0,0.286535021467287,0,0.147769939464827,0.328880473971367,0.247051262429782,0.331540369987488,0.346382515970618,0,0,0,0.266340420486634,0.361489921808243,0.24858143435497,0,0.260894759193711,0,0,0,0,0,0.285502105794649,0.351438969373703,0,0,0,0,0,0.306328986798377,0,0,0,0,0,0,0,0.416388410058889,0,0,0,0,0,0,0,0.267810687989336,0,0.251554497292167,0.337838974876984,0,0.371054015308322,0.335541913906733,0.371214736088187
0,0,0,0,0,0,0,0,0,0,0,0,0,0,0,0,0,0,0,0,0,0,0,0,0,0,0,0,0,0,0,0.324572664623337,0.361602646736835,0.283361717288784,0.351840468970212,0.20279833532515,0,0,0,0,0,0,0,0,0,0,0,0.394068351763637,0,0,0,0,0,0,0,0,0,0,0,0,0,0,0,0,0,0,0,0,0,0,0,0,0,0,0,0.410675060624878,0.269644552259706,0.453222304582596,0.278224244537785,0,0,0,0.400235888901703,0,0,0,0
