0,0,341.035861730576,0,0,0,0,0,414.093676567078,0,0,0,0,0,0,0,130.95772343874,0,598.329623609781,0,0,0,0,0,0,0,0,0,0,0,0,0,0,0,0,0,0,0,0,0,0,0,110.039393678308,0,1.21917104721069,0,32.1124820113182,0,599.870579481125,0,0,0,0,0,533.095125973225,0,84.7774056792259,0,1.62827785313129,0,87.8433634787798,0,0,0.261716902256012,0,0,0,3.87105038762093,0,0,0,0,0,0,0,0,0,0,0,0,0,0,261.27009575069,0,1536.76247774065,0,4.08258618414402
0,0,0,274.194770798087,0,0,0,0,0,189.489551529288,0,0,0,0,0,25.7997714728117,0,0,7.07682675123215,0,0,0,0,0,0,0,0,0,0,0,0,0,0,0,0,0,0,0,0,0,0,62.2487518787384,0,0,0,0,0,0,0,80.530906394124,0,0,0,0,0,416.847454994917,0,40.8590069115162,0,89.6016187369823,0,16.6151689141989,0,0,0,0,0,0,0,0,0,0,0,0,0,0,0,0,0,0,0,0,255.027042970061,0,115.770248457789,12.6778912246227,0
341.035861730576,0,0,0,0,0,0,0,0,0,0,0,0,0,0,0,0.795004367828369,0,0,0,0,0,0,0,0,0,0,0,0,0,0,0,0,0,0,0,0,0,0,0,0,0,0,0,0,0,30.3328298330307,0,68.2175104469061,0,0,0,0,0,24.5926389843225,0,23.8321843445301,0,1.15941208600998,0,19.6302007734776,0,0,0,0,0,0,0,0,0,0,0,0,0,0,0,0,0,0,0,0,0,8.70301094651222,0,642.455609753728,0,0
0,274.194770798087,0,0,0,11.749878436327,0,0,0,83.4909064173698,0,0,0,0,0,0,0,0,0,0,0,0,0,0,0,0,0,0,0,0,0,0,0,0,0,0,0,0,0,2.80777114629745,0,11.5971223562956,0.256574541330338,2.23481193184853,0,32.1890443563461,0,0,0,16.9894282966852,0,0,0,0,0,188.789339214563,0,0,0,0,0,55.7869717478752,0,0,0,0,0.516878426074982,0,0,0,0,0,0,0,0,0,0,0,0.629735067486763,0,0,0,314.695310413837,0,470.408524736762,0,0
0,0,0,0,0,0,201.198084294796,0,2,0,0,0,22.7043352127075,0,0,0,0,0,0,0,0,0,0,0,0,0,0,0,0,0,0,0,0,0,0,0,0,0,0,0,0,0,0,0,0,0,0,0,0,0,1629.84294724464,0,143.11009401083,0,0,0,0,0,0,0,0,0,0,0,0,0,0,0,0,0,0,0,0,0,0,0,0,0,0,0,0,0,158.848545596004,0,0,0,0
0,0,0,11.749878436327,0,0,0,110.540930062532,0,29.6855701208115,0,0,0,0,0,0,0,0,0,31.7754375934601,0,0,0,0,0,0,0,0,0,0,0,0,0,0,0,76.630489051342,0,0,0,0,0,0,0,0,0,0.640605270862579,0,0,0,0,0,15.5498041808605,0,9.6510261297226,0,0,0,0,0,0,0,0,1.17224109172821,0,0,0,0,0,0,0,0,0,0,0,0,0,0,0,0,0,0,0,545.797274619341,2.78908312320709,118.628641426563,0,0
0,0,0,0,201.198084294796,0,0,0,0,0,3.05482602119446,0,40.6741386651993,0,0,0,0,0,0,0,104.227097034454,0,0,0,0,0,0,0,0,0,0,0,0,0,0,0,0,0,0,0,0,0,0,0,0,0,0,0,0,0,208.474669635296,0,813.597032278776,0,0,0,94.0400283038616,0,6.7797064781189,0,0,0,0,29.601988196373,0,0,0,0,0,0,0,0,0,0,0,0,0,0,0,0,0,0,1257.73677212,35.7254592180252,0,0,0
0,0,0,0,0,110.540930062532,0,0,0,0,0,0,0,0,0,0,0,0,0,0,0,0,0,0,0,0,0,0,0,0,0,0,0,0,0,0,0,0,0,0,0,0,0,0,0,0,0,0,0,0,0,81.7362280488014,0,239.351871848106,0,0,0,0,0,41.9732136726379,0,0,0,0,0,0,0,0,0,0,0,0,0,0,0,0,0,0,0,0,0,0,255.689231991768,0,0,0,0
414.093676567078,0,0,0,2,0,0,0,0,0,0,0,6.48018705844879,0,108.102071404457,0,1169.49411323667,0,643.349844753742,0,0,0,0,0,110.99292871356,0,13.8453104197979,0,0,0,0,0,0,0,0,0,0,0,0,0,0.684304639697075,0,80.3566239476204,0,0,0,0,0,3.55637431144714,0,0,0,0,0,557.539242163301,0,0,0,18.6926758885384,0,479.697802066803,0,0,1.6834873855114,0,0,0,123.83796043694,0,58.7279645204544,0,0,0,0.78735738992691,0,0,0,0,0,0,0,0.614815771579742,994.539219126105,7.81496077775955,511.541563555598,0,15.4036915749311
0,189.489551529288,0,83.4909064173698,0,29.6855701208115,0,0,0,0,0,0,0,0,0,160.143040537834,0,476.348089933395,51.3772792220116,0,0,0,0,45.4809301793575,0,36.4213910400867,0,0,0,0,0,0,0,0,0,0,0,97.1202441751957,0,0,0,48.7955552041531,0,0,0,0,0,0,0,27.4567604959011,0,0,0,0,0,223.672210305929,0,0.226645022630692,0,5.14194105565548,0,9.48711746931076,0,0,0,0,81.4132636338472,0,1.21848618984222,0,0,0,0,0,0.408676043152809,0,0.600481152534485,0,0,0,132.027068078518,0,636.65115685761,13.8034058213234,127.180014491081,16.0892955362797,0
0,0,0,0,0,0,3.05482602119446,0,0,0,0,0,1131.63857726753,0,0,0,0,0,0,0,627.961960300803,0,0,0,0,0,0,0,0,0,152.387017548084,0,0,0,0,0,10.3174326121807,0,1781.01881486177,0,0,0,0,0,0,0,0,0,0,0,0,0,20.4933792501688,0,0,0,1896.46817959845,0,704.762472003698,0,0,0,0,19.8535479009151,0,0,0,0,0,0,0,0,0,44.9286394417286,0,0,0,0,0,178.363064929843,0,1345.10194042325,1519.20947135985,538.086036473513,5.07033669948578,0,0
0,0,0,0,0,0,0,0,0,0,0,0,0,11.1172187328339,0,0,0,0,0,248.615757852793,0,0,0,0,0,0,0,0,0,0,0,0,0,0,0,61.8924659490585,0,88.6322508454323,0,0,0,0,0,0,0,6.4146728515625,0,0,0,3.56122767925262,0,0,0,0,0,0,0,1614.21535785496,0,1.02720534801483,0,0,60.643791437149,0,0,0,0,0,1.52046072483063,0,43.2814198508859,0,206.659089773893,0,0,0,0,0,240.648111701012,0,44.2906460091472,0,8.44541817903519,0,0,0,0
0,0,0,0,22.7043352127075,0,40.6741386651993,0,6.48018705844879,0,1131.63857726753,0,0,0,38.6480212211609,0,21.2412725389004,0,0,0,0,0,0,0,0,0,0,0,164.076156020164,0,0,0,0,0,0,0,0,0,0,0,0,0,0,0,0,0,0,0,0,0,0,0,4.83864951133728,0,1.01961266994476,0,251.200818151236,0,1438.74571169913,0,50.9595364332199,0,0,0,0,0,0,0,0,0,0,10.7020910978317,0,0,0,0,0,0,0,0,0,0,807.80372723937,1124.14390999079,0,0,0
0,0,0,0,0,0,0,0,0,0,0,11.1172187328339,0,0,0,0.15278559923172,0,0,0,0,0,0,0,0,0,0,0,0,0,0,0,0,0,0,0,0,0,0,0,0,0,0,0,0,0,0,0,0,0,0,0,0,0,0,0,0,0,94.9204737246037,0,72.3039875328541,0,0,0,0,0,0,0,0,10.1379995346069,0,154.706288844347,0,0,0,0,0,0,0,0,0,0,0,0,0,0,0,0
0,0,0,0,0,0,0,0,108.102071404457,0,0,0,38.6480212211609,0,0,0,214.657765477896,0,0,0,0,0,0,0,0,0,3.52879416942596,0,16.2941430211067,0,0,0,0,0,0,0,0,0,0,0,0,0,0,0,0,0,0,0,1.91103276610374,0,0,0,0,0,120.642681181431,0,45.2238666117191,0,823.757136374712,0,794.540241956711,0,0,0,0,0,0,5.83655568957329,0,5.32173585891724,0,10.8016531467438,0,0,0,0,0,0,0,0,0,0,165.303407758474,32.1803960800171,5.02714800834656,0,0
0,25.7997714728117,0,0,0,0,0,0,0,160.143040537834,0,0,0,0.15278559923172,0,0,0,332.801105558872,0,0,0,0,0,7.717399507761,0,67.2997799515724,0,0,0,0,0,0,0,0,0,0,0,0,0,0,0,0,0,0,0,0,0,0,0,9.5327832698822,0,0,0,0,0,1.36675095558167,0,0.579930633306503,0,41.5255989432335,0,461.159372657537,0,0,0,0,48.3807682096958,0,0,0,0,0,0,0,0,0,0,0,0,0,0,0,98.2244990468025,0.62125688791275,1.27931106090546,0,0
130.95772343874,0,0.795004367828369,0,0,0,0,0,1169.49411323667,0,0,0,21.2412725389004,0,214.657765477896,0,0,3801.96123857796,5364.46338802576,0,0,0,84.1178259178996,0,292.390594601631,0,954.803328186274,0,225.606355786324,0,0,0,0,0,0,0,0,0,0,0,0.17089056968689,0,44.190436065197,0,5.65129321813583,0,0,0,0,0,0,0,0,0,179.322884067893,0,1.52932584285736,0,84.5945914387703,0,124.738796770573,0,0,0,0,113.763523086905,0,40.0180226862431,0,109.970495223999,0,17.4259144365788,0,0,0,0,0,0,0,0.182961836457253,0,0.570674777030945,9125.70702111721,3406.18584910035,205.009540677071,0,5.82782751321793
0,0,0,0,0,0,0,0,0,476.348089933395,0,0,0,0,0,332.801105558872,3801.96123857796,0,1160.88307592273,0,0,1,0,59.4106421768665,0,487.044358432293,0,0,0,0,0,0,0,0,0,0,0,0,0,0,0,0,0,0,0,0,0,0,0,0,0,0,0,0,0,6.83500981330872,0,0,0,0,0,189.137245595455,0,0,4.66809278726578,0,21.240198135376,0,486.418337479234,0,0,0,0,0,0,0,0,0,0,0,0,0,2428.36136321723,2.77302545309067,0,0,0
598.329623609781,7.07682675123215,0,0,0,0,0,0,643.349844753742,51.3772792220116,0,0,0,0,0,0,5364.46338802576,1160.88307592273,0,0,0,0,0,17.8258680105209,0,0,0,0,0,0,0,0,0,0,0,0,0,11.1583781242371,0,4.22892063856125,0.788176387548447,1243.35270616412,2080.63089324534,1615.49073287845,591.756030917168,87.190465003252,9.02243706583977,0.911421731114388,4.97858026623726,2.4486338198185,0,0,0,0,13.9427783489227,5.11216807365417,0,0,0,0,0,0,0,6.15092340111732,0,0,0.942823737859726,0,0,0,0,0,0,4.65741488337517,0,0,0,0,1.37083106487989,0,5.33014065027237,7.90242956578732,7082.99705265462,160.767384320498,3952.94906933606,105.801812708378,88.5748138278723
0,0,0,0,0,31.7754375934601,0,0,0,0,0,248.615757852793,0,0,0,0,0,0,0,0,0,0,0,0,0,0,0,0,0,0,0,0,0,0,0,903.566541463137,0,216.013539344072,0,3.08555814623833,0,0,0,0,0,6.26114231348038,0,0,0,0.357774078845978,0,0,0,0,0,0,0,16.2517009153962,0,0,0,0,2105.95810036361,0,0,0,0,0,0,0,16.5274471193552,0,77.7682829871774,0,0,0,0,0,454.019209727645,0,131.873854726553,0,491.859613865614,0,50.505553483963,0,0
0,0,0,0,0,0,104.227097034454,0,0,0,627.961960300803,0,0,0,0,0,0,0,0,0,0,0,0,0,0,0,0,0,0,0,5.43542455136776,0,0,0,0,0,953.387019440532,0,966.518276914954,0,0,0,0.392435044050217,0,0,0,42.520800113678,0,0,0,0,0,116.926487550139,0,0,0,1618.42916421592,0,0,0,0,0,0,859.449856430292,0,0,0,0,0,0,0,0,0,17.6059403717518,0,0,0,0,0,847.232402965426,0,1624.36817355454,369.367179811001,0,157.772231757641,0,0
0,0,0,0,0,0,0,0,0,0,0,0,0,0,0,0,0,1,0,0,0,0,1883.20131757855,18.3115858435631,0,14.9407011270523,0,132.912400960922,0,0,0,0,0,0,0,0,0,586.154486745596,311.924043089151,0,0,0,0,0,0,0,0,0,0,44.8422878682613,0,0,0,0,0,0,0,0,0,0,0,0,0,0,8671.24490690231,1406.92072053254,0,0,0,0,290.700684547424,0,0,0,0,0,0,0,0,0,894.221068605781,18.0963894575834,2388.67003358901,139.631210386753,0,0,0
0,0,0,0,0,0,0,0,0,0,0,0,0,0,0,0,84.1178259178996,0,0,0,0,1883.20131757855,0,0,0,0,0.426879689097404,0,973.936641931534,0,0,0,0,0,0,0,0,59.2566238641739,612.320019930601,0,0,0,0,0,0,0,0,0,33.3597812950611,0,0,0,0,0,0,0,0,0,0,0,0,0,0,0,260.878047019243,10982.5697259679,0,0,0,6.56333741545677,0,550.795680657029,0,0,0,0,0,0,0,0,0,376.005727365613,3688.67813998461,350.012003496289,0,0,0
0,0,0,0,0,0,0,0,0,45.4809301793575,0,0,0,0,0,7.717399507761,0,59.4106421768665,17.8258680105209,0,0,18.3115858435631,0,0,0,163.034034967422,0,0,0,0,0,0.82182714343071,0,2.33827590942383,0,0,0,348.891042709351,0,0,0,0,0,0,0,0,0,14.3823423534632,0,3.71558573842049,0,0,0,0,0,25.7517130076885,0,0,0,1.76513236761093,0,25.401894569397,0,0,25.2511602640152,0,602.460826531053,0,14.0223019123077,0,0,0,0,0,0.145020678639412,0,3.80957981944084,0,0,0,589.488476365805,0,340.817835718393,1.06570303440094,13.0063480138779,0,0
0,0,0,0,0,0,0,0,110.99292871356,0,0,0,0,0,0,0,292.390594601631,0,0,0,0,0,0,0,0,0,172.133723497391,0,0,0,0,0,0,0,0,0,0,0,68.8923209905624,0,0,0,0,0,0,0,0,0,8.21311712265015,0,0,0,0,0,42.935643851757,0,0,0,5.07322007417679,0,4.54571107029915,0,0,0,0,0,0,323.214853718877,0,1520.58519732952,0,0,0,0,0,0,0,0,0,0,0,146.207444876432,156.801614552736,0,1.77434742450714,0,0
0,0,0,0,0,0,0,0,0,36.4213910400867,0,0,0,0,0,67.2997799515724,0,487.044358432293,0,0,0,14.9407011270523,0,163.034034967422,0,0,0,171.897726476192,0,0,0,0,0,0,0,0,0,0,0,0,0,0,0,0,0,0,0,0,0,0,0,0,0,0,0,0,0,0,0,0,0,45.0980849266052,0,0,15.1536951065063,0,100.43819475174,0,914.927195727825,0,53.0096211880445,0,0,0,0,0,0,0,0,0,0,0,259.672011643648,0.689795345067978,0,0,0
0,0,0,0,0,0,0,0,13.8453104197979,0,0,0,0,0,3.52879416942596,0,954.803328186274,0,0,0,0,0,0.426879689097404,0,172.133723497391,0,0,0,109.930111825466,0,0,0,0,0,0,0,0,0,0,0,0,0,0,0,0,0,0,0,0,0,0,0,0,0,45.1684211492538,0,0,0,0,0,1.79859638214111,0,0,0,0,7.59499573707581,0,120.666410118341,0,429.614921987057,0,158.693339049816,0,0,0,0,0,0,0,0,0,0,119.21676170826,0,0,0,0
0,0,0,0,0,0,0,0,0,0,0,0,0,0,0,0,0,0,0,0,0,132.912400960922,0,0,0,171.897726476192,0,0,0,92.1914157867432,0,0,0,0,0,0,0,13.1259155273438,0,0,0,0,0,0,0,0,0,0,0,0,0,0,0,0,0,0,0,0,0,9.66113948822021,0,0,0,0,247.983602702618,0,0,0,115.728005647659,0,2202.91513854265,0,557.494898289442,0,0,0,0,0,0,0,102.654707551003,0,27.6761368513107,0,0,0,0
0,0,0,0,0,0,0,0,0,0,0,0,164.076156020164,0,16.2941430211067,0,225.606355786324,0,0,0,0,0,973.936641931534,0,0,0,109.930111825466,0,0,0,631.691252872348,0,0,0,0,0,0,0,116.673123240471,0,0,0,0,0,0,0,0,0,0,0,0,0,0,0,0,0,10.6761627197266,0,285.377490490675,0,10.2102444171906,0,0,0,0,318.231870114803,0,0,0,98.4063256978989,0,4052.22102586925,0,301.403725028038,0,0,0,0,0,0,0,18.4201411008835,1499.91156623513,1751.14057397097,0,0,0
0,0,0,0,0,0,0,0,0,0,0,0,0,0,0,0,0,0,0,0,0,0,0,0,0,0,0,92.1914157867432,0,0,0,0,0,0,0,0,0,100.000343263149,0,0,0,0,0,0,0,0.315779939293861,0,0,0,0,0,0,0,0,0,0,0,113.414969086647,0,0,0,0,0.383612290024757,0,0,0,0,0,0,0,50.2993162795901,0,1904.5012408793,0,0,0,0,0,0.0977474302053452,0,391.789070822299,0,0,0,0,0,0
0,0,0,0,0,0,0,0,0,0,152.387017548084,0,0,0,0,0,0,0,0,0,5.43542455136776,0,0,0,0,0,0,0,631.691252872348,0,0,0,0,0,0,0,0,0,744.45480363071,0,0,0,0,0,0,0,0,0,0,0,0,0,0,0,0,0,162.405296295881,0,0,0,0,0,0,0.431650608778,0,0,0,0,0,0,0,1138.10241699219,0,487.242865771055,0,0,0,0,0,0,0,398.455700218678,100.742996543646,73.7144774794579,15.0468968153,0,0
0,0,0,0,0,0,0,0,0,0,0,0,0,0,0,0,0,0,0,0,0,0,0,0.82182714343071,0,0,0,0,0,0,0,0,1142.98996566236,445.994255110621,40.9430847018957,153.954723253846,50.979764342308,5.47000723332167,0,0,0,0,0,0,0,0,0,476.035255238414,7.20432162284851,6.65091021358967,0,0,0,0,0,0,0,0,0,0,0,0,0,0,0,0,0,0,0,0,0,0,0,0,1765.13735729456,969.141601726413,192.024969480932,0,689.54476416111,358.019036576152,3.83191871643066,0.269331276416779,107.630673363805,1.80322003364563,0,0,0
0,0,0,0,0,0,0,0,0,0,0,0,0,0,0,0,0,0,0,0,0,0,0,0,0,0,0,0,0,0,0,1142.98996566236,0,61.5452512949705,74.7526260018349,112.837626889348,112.004325598478,0.649075254797935,0,0,7.88321368396282,0,0,0,0,0,0,404.18159340322,16.4308680742979,0,0,0,0,0,0,0,0,0,0,0,0,0,0,0,0,0,0,0,0,0,0,0,0,0,1419.19436734915,3963.37333106995,101.746290266514,5.8954473733902,462.343702629209,893.123212635517,0,0,60.3244631290436,0,0,0,0
0,0,0,0,0,0,0,0,0,0,0,0,0,0,0,0,0,0,0,0,0,0,0,2.33827590942383,0,0,0,0,0,0,0,445.994255110621,61.5452512949705,0,933.353023290634,242.532438457012,77.9428398013115,120.469167381525,0,0.579187050461769,0,15.7678275033832,0.232815638184547,0,0,7.8919660449028,0,876.24815055728,1.7042498588562,18.5985362753272,0,0,0,0,0,0,0,0,0,0,0,0,1.48054766654968,0,0,0,0,0,0,0,0,0,2.85599875450134,0,160.996378533542,0,527.79284286499,1317.43639886379,200.153424493968,11.7714480906725,579.718543767929,328.307658493519,338.114765487611,35.8509780466557,4.72555382549763,5.9571423381567,0
0,0,0,0,0,0,0,0,0,0,0,0,0,0,0,0,0,0,0,0,0,0,0,0,0,0,0,0,0,0,0,40.9430847018957,74.7526260018349,933.353023290634,0,233.10356490314,169.643633514643,41.1581917703152,58.9018842577934,0.689493708312511,2.55932456254959,32.3872357085347,0,0,0,4.12657256424427,0,141.728869855404,13.8824578821659,1.59363420307636,0,0,0,0,0,0,0,0,0,0,0,0,0.580264985561371,0,0,0,0,0,0,0,0,0,0.392594158649445,0,5.44071236252785,21.0095295906067,1137.44810077548,1720.73078408837,414.919072650373,489.361611843109,355.173696517944,1150.78251601756,493.731308951974,54.9018720984459,20.4376279115677,6.05427551269531,0
0,0,0,0,0,76.630489051342,0,0,0,0,0,61.8924659490585,0,0,0,0,0,0,0,903.566541463137,0,0,0,0,0,0,0,0,0,0,0,153.954723253846,112.837626889348,242.532438457012,233.10356490314,0,1142.70357953012,739.341191932559,0,0,0,0,0,0,0,23.4964318871498,0,837.839953258634,0.802455484867096,8.067257553339,0,0,0,0,0,0,0,0,0,0,0,0,884.831987977028,0,0,0,0,0,0,0,0,0,2.09109997749329,0,129.52135027945,129.808441281319,188.74280294776,84.107154995203,9647.10907019675,476.582907810807,362.258698001504,0,3397.69180096686,14.0799090862274,260.250964909792,0,0
0,0,0,0,0,0,0,0,0,0,10.3174326121807,0,0,0,0,0,0,0,0,0,953.387019440532,0,0,0,0,0,0,0,0,0,0,50.979764342308,112.004325598478,77.9428398013115,169.643633514643,1142.70357953012,0,0,1358.46549409628,0,62.8883738517761,0,0.590925104916096,0,0,0,0,123.373359262943,6.68941052258015,0,0,0,0,0,0,0,0,0,0,0,0,0,0,316.303695894778,0,0,0,0,0,0,0,0,0,0,0,154.673542648554,0,43.9744164720178,118.260821163654,18238.1962587908,0,2848.13229545951,7402.67104621232,161.507099866867,54.1957958638668,0,0.168799892067909
0,0,0,0,0,0,0,0,0,97.1202441751957,0,88.6322508454323,0,0,0,0,0,0,11.1583781242371,216.013539344072,0,586.154486745596,59.2566238641739,348.891042709351,0,0,0,13.1259155273438,0,100.000343263149,0,5.47000723332167,0.649075254797935,120.469167381525,41.1581917703152,739.341191932559,0,0,1260.09687237442,0.36856135725975,0,9.6065668463707,1.73542308807373,0,0,8.49169330298901,0,939.071520358324,0,3.72199474275112,0,0,0,0,0,13.320960611105,0,57.4207424670458,0,0,0,0,151.684877038002,0,2166.75684279203,4.70155513286591,362.723609089851,0,0,0,0,0,29.3244674503803,0,17.0065044462681,0,320.357302106917,111.968520969152,1206.24575577676,0,12561.0273760334,2271.86851018667,2430.51259188354,104.681778341532,69.7333924174309,1.52505020797253,0
0,0,0,0,0,0,0,0,0,0,1781.01881486177,0,0,0,0,0,0,0,0,0,966.518276914954,311.924043089151,612.320019930601,0,68.8923209905624,0,0,0,116.673123240471,0,744.45480363071,0,0,0,58.9018842577934,0,1358.46549409628,1260.09687237442,0,0,0,0,0.933932304382324,0,0,0,2.17268426716328,0,9.37434566020966,0,0,0,0,0,0,0,744.149054452777,0,0,0,0,0,0,43.0405828356743,16.5546734333038,584.9356379807,0,521.212290167809,0,0,0,200.181356281042,0,1325.13832208514,0,0,0,76.1930702924728,0,262.593528151512,86.7792536169291,23141.2483062968,4533.12062889338,239.616748839617,320.528624236584,0,0.927160561084747
0,0,0,2.80777114629745,0,0,0,0,0,0,0,0,0,0,0,0,0,0,4.22892063856125,3.08555814623833,0,0,0,0,0,0,0,0,0,0,0,0,0,0.579187050461769,0.689493708312511,0,0,0.36856135725975,0,0,0,1388.79650790244,27.8497157171369,114.285524763167,4.02126368135214,261.435791552067,0.490711867809296,16.8663903400302,0,311.373132534325,0,0,0,0,0,0,0,7.03462640196085,0,0,0,0,25.6027844101191,0,0,0,0,0,0,0,0,0,7.88535703718662,0,0,0,0.757972747087479,0,409.292267985642,0,69.5704078003764,0,41.9320473894477,0,337.645963676274,26.5819233953953,0
0,0,0,0,0,0,0,0,0.684304639697075,0,0,0,0,0,0,0,0.17089056968689,0,0.788176387548447,0,0,0,0,0,0,0,0,0,0,0,0,0,7.88321368396282,0,2.55932456254959,0,62.8883738517761,0,0,0,0,0,251.711485147476,0,0,0,720.205118171871,325.616084441543,1035.42461331189,0,0,0,0,0,0,0,0,0,0,0,0,0,0,151.573400467634,0,0,0,0,0,0,0,0,0,0.166856467723846,0,8.4549368172884,0,0,0,1004.00760303438,0,103.575837731361,3.44850307703018,0,1311.00666254759,0,1.60628566145897
0,62.2487518787384,0,11.5971223562956,0,0,0,0,0,48.7955552041531,0,0,0,0,0,0,0,0,1243.35270616412,0,0,0,0,0,0,0,0,0,0,0,0,0,0,15.7678275033832,32.3872357085347,0,0,9.6065668463707,0,1388.79650790244,0,0,354.572728842497,737.550917744637,27.1769555211067,667.572139382362,2.85257720947266,508.069631174207,3.39308438450098,1390.52920788527,0,0,0,0,0,15.687266767025,0,17.0455786734819,0,0,0,0,17.9569546431303,0,0,0,0,0,0,0,0.671810552477837,0,362.097686320543,0,0,0,83.5396212637424,0.805998384952545,3431.20715989172,0,875.41427501291,0,1078.80470020324,2.39802864193916,4635.14468032867,668.480021052063,0.586441218852997
110.039393678308,0,0,0.256574541330338,0,0,0,0,80.3566239476204,0,0,0,0,0,0,0,44.190436065197,0,2080.63089324534,0,0.392435044050217,0,0,0,0,0,0,0,0,0,0,0,0,0.232815638184547,0,0,0.590925104916096,1.73542308807373,0.933932304382324,27.8497157171369,251.711485147476,354.572728842497,0,6.36498835682869,393.644909009337,45.6023538261652,394.554485931993,95.5033827722073,656.27770639956,261.332640729845,0,0,0,0,10.8512064516544,0,148.522206887603,1.96837060898542,0,0,0,0,2.0541253387928,53.5046886205673,0,0,0,2.04009342193604,0,0,0,0,0.144283652305603,160.926020354033,0,0,0,0,1.23799800872803,3.99963254481554,0.507898718118668,41.8176428824663,1006.0174671039,2.75220200419426,6466.16103227437,4.35282185673714,644.260418005288
0,0,0,2.23481193184853,0,0,0,0,0,0,0,0,0,0,0,0,0,0,1615.49073287845,0,0,0,0,0,0,0,0,0,0,0,0,0,0,0,0,0,0,0,0,114.285524763167,0,737.550917744637,6.36498835682869,0,0,387.990772992373,0,2.82205301523209,0,45.5648830607533,0,0,0,0,0,0,0,0,0,0,0,0,0.356342792510986,0,0,0,0,0,0,0,0,0,1.68768027424812,0,0,0,0,0,23.7890807390213,0,1.90348774194717,0,154.864501520991,0.75122058391571,1329.08013286442,40.4868396818638,0
1.21917104721069,0,0,0,0,0,0,0,0,0,0,0,0,0,0,0,5.65129321813583,0,591.756030917168,0,0,0,0,0,0,0,0,0,0,0,0,0,0,0,0,0,0,0,0,4.02126368135214,0,27.1769555211067,393.644909009337,0,0,0,89.3986195921898,0,0,0.726850248873234,0,0,0,0,0,0,0,0,0,0,0,0,0,0,0,0,0,0,0,0,0,0,0,0,0,0,0,0,1.38892145454884,0,0,0,13.7078453600407,0,789.58393509686,0,2.47887854278088
0,0,0,32.1890443563461,0,0.640605270862579,0,0,0,0,0,6.4146728515625,0,0,0,0,0,0,87.190465003252,6.26114231348038,0,0,0,0,0,0,0,0,0,0.315779939293861,0,0,0,7.8919660449028,4.12657256424427,23.4964318871498,0,8.49169330298901,0,261.435791552067,0,667.572139382362,45.6023538261652,387.990772992373,0,0,21.6638064980507,167.339645169675,0.330079406499863,194.257346041501,0,0,0,0,0,0,0,5.42641535401344,0,0,0,0,1246.23878655583,0,0,0,0,0,0,0,11.0271570160985,0,395.716118782759,0,0,0,13.2212408185005,0,1456.40813885629,0,1537.23148361593,0,119.194010674953,0,4581.8128907457,3.54678183794022,0
32.1124820113182,0,30.3328298330307,0,0,0,0,0,0,0,0,0,0,0,0,0,0,0,9.02243706583977,0,42.520800113678,0,0,0,0,0,0,0,0,0,0,0,0,0,0,0,0,0,2.17268426716328,0.490711867809296,720.205118171871,2.85257720947266,394.554485931993,0,89.3986195921898,21.6638064980507,0,0,25.7128692567348,0,0,0,0,0,0,0,0,0,0,0,0,0,0,503.644415721297,0,0,0,0,0,0,0,0,0,0,0,0,0,0,0,147.272948086262,0,11.6481587737799,6.28039941191673,0,3906.22232073545,0,43.761493563652
0,0,0,0,0,0,0,0,0,0,0,0,0,0,0,0,0,0,0.911421731114388,0,0,0,0,14.3823423534632,0,0,0,0,0,0,0,476.035255238414,404.18159340322,876.24815055728,141.728869855404,837.839953258634,123.373359262943,939.071520358324,0,16.8663903400302,325.616084441543,508.069631174207,95.5033827722073,2.82205301523209,0,167.339645169675,0,0,1071.64042851329,1619.81964670867,0,0,0,0,0,0,0,1.54565680772066,0,0,0,0,30.2978567034006,0,0,0,1.10675591230392,2.00630307197571,0,0,0,0,89.2459358945489,0,933.968296978623,614.564963251352,1059.20066259056,36.4751175045967,941.043245662004,2169.19254332781,4572.84787558764,524.50535801053,551.223300904036,65.1237663179636,587.769015148282,78.5272916853428,0
599.870579481125,0,68.2175104469061,0,0,0,0,0,3.55637431144714,0,0,0,0,0,1.91103276610374,0,0,0,4.97858026623726,0,0,0,33.3597812950611,0,8.21311712265015,0,0,0,0,0,0,7.20432162284851,16.4308680742979,1.7042498588562,13.8824578821659,0.802455484867096,6.68941052258015,0,9.37434566020966,0,1035.42461331189,3.39308438450098,656.27770639956,0,0,0.330079406499863,25.7128692567348,1071.64042851329,0,146.83856164664,0,0,0,0,92.1466170698404,0,126.315475568175,0.115850999951363,82.9293258935213,0,182.941726118326,0,0,3.55507090687752,0,622.978988036513,0,168.997699052095,0,130.665478110313,0,27.0091287195683,0,0,30.3370604515076,23.9610331207514,12.8486333340406,0,29.0055458247662,606.795837327838,0.775782078504562,387.594392105937,98.8818829506636,0,1413.98244668543,0,0.546469569206238
0,80.530906394124,0,16.9894282966852,0,0,0,0,0,27.4567604959011,0,3.56122767925262,0,0,0,9.5327832698822,0,0,2.4486338198185,0.357774078845978,0,44.8422878682613,0,3.71558573842049,0,0,0,0,0,0,0,6.65091021358967,0,18.5985362753272,1.59363420307636,8.067257553339,0,3.72199474275112,0,311.373132534325,0,1390.52920788527,261.332640729845,45.5648830607533,0.726850248873234,194.257346041501,0,1619.81964670867,146.83856164664,0,0,0,0,0,0,107.507495194674,0,743.660186693072,0,32.7206883579493,0,29.8639943003654,659.587255530059,0,1522.08633320034,0,118.258696466684,0,206.310416772962,0,238.744650527835,0,326.032575033605,0,48.3625143840909,0,48.9521587491035,0,175.514568336308,0,354.036178402603,0,346.280144274235,2.86635234951973,1690.33011743426,64.2337900847197,0
0,0,0,0,1629.84294724464,0,208.474669635296,0,0,0,0,0,0,0,0,0,0,0,0,0,0,0,0,0,0,0,0,0,0,0,0,0,0,0,0,0,0,0,0,0,0,0,0,0,0,0,0,0,0,0,0,0,4.26801490783691,0,0,0,0,0,0,0,0,0,0,0,0,0,0,0,0,0,0,0,0,0,0,0,0,0,0,0,0,0,434.859084874392,0,0,0,0
0,0,0,0,0,15.5498041808605,0,81.7362280488014,0,0,0,0,0,0,0,0,0,0,0,0,0,0,0,0,0,0,0,0,0,0,0,0,0,0,0,0,0,0,0,0,0,0,0,0,0,0,0,0,0,0,0,0,0,2.54641878604889,0,0,0,0,0,0,0,0,0,0,0,0,0,0,0,0,0,0,0,0,0,0,0,0,0,0,0,0,55.3643844425678,2.6760687828064,0,0,0
0,0,0,0,143.11009401083,0,813.597032278776,0,0,0,20.4933792501688,0,4.83864951133728,0,0,0,0,0,0,0,116.926487550139,0,0,0,0,0,0,0,0,0,0,0,0,0,0,0,0,0,0,0,0,0,0,0,0,0,0,0,0,0,4.26801490783691,0,0,0,0,0,50.1006866544485,0,0,0,0,0,0,8.00871701538563,0,0,0,0,0,0,0,0,0,0,0,0,0,0,0,0,0,0,1131.56750273705,0,0,0,0
0,0,0,0,0,9.6510261297226,0,239.351871848106,0,0,0,0,0,0,0,0,0,0,0,0,0,0,0,0,0,0,0,0,0,0,0,0,0,0,0,0,0,0,0,0,0,0,0,0,0,0,0,0,0,0,0,2.54641878604889,0,0,0,0,0,0,0,0,0,0,0,0,0,0,0,0,0,0,0,0,0,0,0,0,0,0,0,0,0,0,35.0574544966221,0,0,0,0
533.095125973225,0,24.5926389843225,0,0,0,0,0,557.539242163301,0,0,0,1.01961266994476,0,120.642681181431,0,179.322884067893,0,13.9427783489227,0,0,0,0,0,42.935643851757,0,45.1684211492538,0,0,0,0,0,0,0,0,0,0,0,0,0,0,0,10.8512064516544,0,0,0,0,0,92.1466170698404,0,0,0,0,0,0,0,16.0810726433992,0,35.9686599522829,0,585.899952679873,0,0,0,0,0,0,451.572389379144,0,4.15120390057564,0,0,0,0.882176160812378,0,0,0,0,0,0,0,1.20666252076626,179.518014863133,0,262.193793147802,0,1.73338112235069
0,416.847454994917,0,188.789339214563,0,0,0,0,0,223.672210305929,0,0,0,0,0,1.36675095558167,0,6.83500981330872,5.11216807365417,0,0,0,0,25.7517130076885,0,0,0,0,0,0,0,0,0,0,0,0,0,13.320960611105,0,0,0,15.687266767025,0,0,0,0,0,0,0,107.507495194674,0,0,0,0,0,0,0,42.8575101494789,0,14.3523912876844,0,5.1159258633852,0,0,0,0,290.967462033033,0,0,0,0,0,0,0,0,0,0,0,0,0,56.5723925232887,0,58.0256551802158,0,127.162206605077,7.78113037347794,0
84.7774056792259,0,23.8321843445301,0,0,0,94.0400283038616,0,0,0,1896.46817959845,0,251.200818151236,0,45.2238666117191,0,1.52932584285736,0,0,0,1618.42916421592,0,0,0,0,0,0,0,10.6761627197266,0,162.405296295881,0,0,0,0,0,0,0,744.149054452777,0,0,0,148.522206887603,0,0,0,0,0,126.315475568175,0,0,0,50.1006866544485,0,16.0810726433992,0,0,0,857.058660566807,0,146.347487837076,0,0,1532.74998168647,0,0,0,0,0,0.208735883235931,0,139.499619051814,0,1073.255956918,0,0,0,0,0,75.1051752567291,0,349.114822268486,999.219639316201,94.1244862228632,1247.87356948853,0,0.936259806156158
0,40.8590069115162,0,0,0,0,0,0,0,0.226645022630692,0,1614.21535785496,0,94.9204737246037,0,0.579930633306503,0,0,0,16.2517009153962,0,0,0,0,0,0,0,0,0,113.414969086647,0,0,0,0,0,0,0,57.4207424670458,0,7.03462640196085,0,17.0455786734819,1.96837060898542,0,0,5.42641535401344,0,1.54565680772066,0.115850999951363,743.660186693072,0,0,0,0,0,42.8575101494789,0,0,0,185.92770409584,0,9.24900394678116,38.8114537969232,0,0,0,12.543115645647,0,69.9669615477324,0,57.4817603677511,0,522.33973287791,0,0,0,0.147254392504692,0,2.23133364319801,0,164.49150711298,0,15.4721328020096,0,121.599459908903,0.119686499238014,0
1.62827785313129,0,1.15941208600998,0,0,0,6.7797064781189,0,18.6926758885384,0,704.762472003698,0,1438.74571169913,0,823.757136374712,0,84.5945914387703,0,0,0,0,0,0,0,5.07322007417679,0,0,0,285.377490490675,0,0,0,0,0,0,0,0,0,0,0,0,0,0,0,0,0,0,0,82.9293258935213,0,0,0,0,0,35.9686599522829,0,857.058660566807,0,0,0,242.227052718401,0,0,0,0,0,0,73.1516527831554,0,192.345575459301,0,757.112672060728,0,0.464843958616257,0,0,0,0,0,0,0,0,1619.25171935558,727.672672539949,14.9857438355684,0,0
0,89.6016187369823,0,0,0,0,0,41.9732136726379,0,5.14194105565548,0,1.02720534801483,0,72.3039875328541,0,41.5255989432335,0,0,0,0,0,0,0,1.76513236761093,0,0,0,9.66113948822021,0,0,0,0,0,0,0,0,0,0,0,0,0,0,0,0,0,0,0,0,0,32.7206883579493,0,0,0,0,0,14.3523912876844,0,185.92770409584,0,0,0,18.7782271951437,0,0,0,0,4.71618065237999,0,63.0772523880005,0,84.0159876644611,0,0,0,0,0,0,0,0,0,0,0,0,0,1.78638164699078,0,0
87.8433634787798,0,19.6302007734776,0,0,0,0,0,479.697802066803,0,0,0,50.9595364332199,0,794.540241956711,0,124.738796770573,0,0,0,0,0,0,0,4.54571107029915,0,1.79859638214111,0,10.2102444171906,0,0,0,0,0,0,0,0,0,0,0,0,0,0,0,0,0,0,0,182.941726118326,0,0,0,0,0,585.899952679873,0,146.347487837076,0,242.227052718401,0,0,0,0,0,0,0,0,45.2514411956072,0,70.3197179734707,0,19.5467656105757,0,0,0,0,0,0,0,0,0,0,152.955891221762,0,59.2807703614235,0,0
0,16.6151689141989,0,55.7869717478752,0,0,0,0,0,9.48711746931076,0,0,0,0,0,461.159372657537,0,189.137245595455,0,0,0,0,0,25.401894569397,0,45.0980849266052,0,0,0,0,0,0,0,0,0,0,0,0,0,0,0,0,0,0,0,0,0,0,0,29.8639943003654,0,0,0,0,0,5.1159258633852,0,9.24900394678116,0,18.7782271951437,0,0,0,0,0,0,50.200690895319,0,30.645404368639,0,70.7826846688986,0,0,0,0,0,0,0,0,0,0,0,12.1217783093452,0,2.1362636089325,0,0
0,0,0,0,0,1.17224109172821,0,0,0,0,0,60.643791437149,0,0,0,0,0,0,0,2105.95810036361,0,0,0,0,0,0,0,0,0,0.383612290024757,0,0,0,1.48054766654968,0.580264985561371,884.831987977028,0,151.684877038002,0,25.6027844101191,0,17.9569546431303,2.0541253387928,0.356342792510986,0,1246.23878655583,0,30.2978567034006,0,659.587255530059,0,0,0,0,0,0,0,38.8114537969232,0,0,0,0,0,0,0,0,3.43847930431366,0,5.35024896264076,0,286.128047734499,0,339.038023270667,0,0,0,3.8831479549408,0,680.421370275319,0,619.90629247576,0,141.587869532406,0,308.949912972748,0.834114998579025,0
0.261716902256012,0,0,0,0,0,29.601988196373,0,1.6834873855114,0,19.8535479009151,0,0,0,0,0,0,0,6.15092340111732,0,859.449856430292,0,0,0,0,0,0,0,0,0,0.431650608778,0,0,0,0,0,316.303695894778,0,43.0405828356743,0,151.573400467634,0,53.5046886205673,0,0,0,503.644415721297,0,3.55507090687752,0,0,0,8.00871701538563,0,0,0,1532.74998168647,0,0,0,0,0,0,0,0,0,0,0,0,0,0,0,0,201.455213084817,0,0,0,0,0,2011.99969276786,0,1049.77094174922,143.858805328608,0,1083.46892459691,0,16.7572437822819
0,0,0,0,0,0,0,0,0,0,0,0,0,0,0,0,0,4.66809278726578,0,0,0,8671.24490690231,260.878047019243,25.2511602640152,0,15.1536951065063,0,247.983602702618,0,0,0,0,0,0,0,0,0,2166.75684279203,16.5546734333038,0,0,0,0,0,0,0,0,0,0,1522.08633320034,0,0,0,0,0,0,0,0,0,0,0,0,0,0,0,61.3229140788317,0,0,120.172567337751,0,326.370169907808,0,0,0,0,0,0,0,0,0,685.970889881253,0,1190.45757958293,1.76561903953552,0,0,0
0,0,0,0,0,0,0,0,0,0,0,0,0,0,0,0,113.763523086905,0,0,0,0,1406.92072053254,10982.5697259679,0,0,0,7.59499573707581,0,318.231870114803,0,0,0,0,0,0,0,0,4.70155513286591,584.9356379807,0,0,0,0,0,0,0,0,0,622.978988036513,0,0,0,0,0,0,0,0,0,0,0,0,0,0,0,61.3229140788317,0,0,2.38394770026207,0,405.084999471903,0,608.467415750027,0,0,0,0,0,0,0,0,0,1171.01589128375,4048.45959417522,265.630532771349,0,0,0
0,0,0,0.516878426074982,0,0,0,0,0,81.4132636338472,0,0,0,0,0,48.3807682096958,0,21.240198135376,0.942823737859726,0,0,0,0,602.460826531053,0,100.43819475174,0,0,0,0,0,0,0,0,0,0,0,362.723609089851,0,0,0,0,0,0,0,0,0,1.10675591230392,0,118.258696466684,0,0,0,0,0,290.967462033033,0,12.543115645647,0,4.71618065237999,0,50.200690895319,3.43847930431366,0,0,0,0,0,168.391850054264,0,0,0,0,0,0.378384470939636,0,0,0,0,0,463.29374319315,0,185.610767841339,0,118.543852329254,0,0
3.87105038762093,0,0,0,0,0,0,0,123.83796043694,0,0,0,0,0,5.83655568957329,0,40.0180226862431,0,0,0,0,0,0,0,323.214853718877,0,120.666410118341,0,0,0,0,0,0,0,0,0,0,0,521.212290167809,0,0,0,2.04009342193604,0,0,0,0,2.00630307197571,168.997699052095,0,0,0,0,0,451.572389379144,0,0,0,73.1516527831554,0,45.2514411956072,0,0,0,0,2.38394770026207,0,0,0,653.55625449121,0,0,0,0,0,0,0,0,0,0,0,707.426332205534,157.46671038866,0,79.9890072345734,0,0
0,0,0,0,0,0,0,0,0,1.21848618984222,0,1.52046072483063,0,10.1379995346069,0,0,0,486.418337479234,0,0,0,0,0,14.0223019123077,0,914.927195727825,0,115.728005647659,0,0,0,0,0,0,0,0,0,0,0,0,0,0,0,0,0,0,0,0,0,206.310416772962,0,0,0,0,0,0,0,69.9669615477324,0,63.0772523880005,0,30.645404368639,5.35024896264076,0,120.172567337751,0,168.391850054264,0,0,0,329.909797251225,0,0,0,0,0,0,0,0,0,0,0,81.8556631803513,0,0,0,0
0,0,0,0,0,0,0,0,58.7279645204544,0,0,0,0,0,5.32173585891724,0,109.970495223999,0,0,0,0,0,6.56333741545677,0,1520.58519732952,0,429.614921987057,0,98.4063256978989,0,0,0,0,0,0,0,0,0,0,0,0,0,0,0,0,0,0,0,130.665478110313,0,0,0,0,0,4.15120390057564,0,0.208735883235931,0,192.345575459301,0,70.3197179734707,0,0,0,0,405.084999471903,0,653.55625449121,0,0,0,240.772144243121,0,0,0,0,0,0,0,0,0,0,103.688741654158,0,2.4447135925293,0,0
0,0,0,0,0,0,0,0,0,0,0,43.2814198508859,0,154.706288844347,0,0,0,0,0,16.5274471193552,0,290.700684547424,0,0,0,53.0096211880445,0,2202.91513854265,0,50.2993162795901,0,0,0,0,0,0,0,0,0,0,0,0.671810552477837,0,0,0,11.0271570160985,0,0,0,238.744650527835,0,0,0,0,0,0,0,57.4817603677511,0,84.0159876644611,0,70.7826846688986,286.128047734499,0,326.370169907808,0,0,0,329.909797251225,0,0,0,269.983033016324,0,0,0,0,0,0,0,122.594041422009,0,12.8637313842773,0,72.4438036754727,0,0
0,0,0,0,0,0,0,0,0,0,0,0,10.7020910978317,0,10.8016531467438,0,17.4259144365788,0,0,0,0,0,550.795680657029,0,0,0,158.693339049816,0,4052.22102586925,0,1138.10241699219,0,0,0,0,0,0,0,200.181356281042,0,0,0,0,0,0,0,0,0,27.0091287195683,0,0,0,0,0,0,0,139.499619051814,0,757.112672060728,0,19.5467656105757,0,0,0,0,608.467415750027,0,0,0,240.772144243121,0,0,0,377.178482830524,0,0,0,0,0,0,0,5.89599481225014,1642.69686819613,718.756680421531,0,0,0
0,0,0,0,0,0,0,0,0,0,0,206.659089773893,0,0,0,0,0,0,0,77.7682829871774,0,0,0,0,0,0,0,557.494898289442,0,1904.5012408793,0,0,0,2.85599875450134,0.392594158649445,2.09109997749329,0,29.3244674503803,0,7.88535703718662,0,362.097686320543,0.144283652305603,1.68768027424812,0,395.716118782759,0,89.2459358945489,0,326.032575033605,0,0,0,0,0,0,0,522.33973287791,0,0,0,0,339.038023270667,0,0,0,0,0,0,0,269.983033016324,0,0,0,0,0,3.1693692356348,0,7.35208477079868,0,1437.91743631661,0,5.44544576108456,0,648.68242418021,12.5676099061966,0
0,0,0,0,0,0,0,0,0.78735738992691,0,44.9286394417286,0,0,0,0,0,0,0,4.65741488337517,0,17.6059403717518,0,0,0,0,0,0,0,301.403725028038,0,487.242865771055,0,0,0,0,0,0,0,1325.13832208514,0,0.166856467723846,0,160.926020354033,0,0,0,0,0,0,0,0,0,0,0,0.882176160812378,0,1073.255956918,0,0.464843958616257,0,0,0,0,201.455213084817,0,0,0,0,0,0,0,377.178482830524,0,0,0,0,0,0,0,0,0,260.518364205956,247.137754201889,177.60393434763,769.744010448456,0,6.73155364394188
0,0,0,0,0,0,0,0,0,0.408676043152809,0,0,0,0,0,0,0,0,0,0,0,0,0,0.145020678639412,0,0,0,0,0,0,0,1765.13735729456,1419.19436734915,160.996378533542,5.44071236252785,129.52135027945,0,17.0065044462681,0,0,0,0,0,0,0,0,0,933.968296978623,30.3370604515076,48.3625143840909,0,0,0,0,0,0,0,0,0,0,0,0,0,0,0,0,0.378384470939636,0,0,0,0,0,0,0,0,654.958349391818,432.202277556062,0.45453816652298,644.335816796869,274.775756031275,60.2061539664865,0.613627448678017,14.5031752735376,1.86600744724274,0.202567771077156,0,0
0,0,0,0,0,0,0,0,0,0,0,0,0,0,0,0,0,0,0,0,0,0,0,0,0,0,0,0,0,0,0,969.141601726413,3963.37333106995,0,21.0095295906067,129.808441281319,154.673542648554,0,0,0,8.4549368172884,0,0,0,0,0,0,614.564963251352,23.9610331207514,0,0,0,0,0,0,0,0,0,0,0,0,0,0,0,0,0,0,0,0,0,0,0,0,0,654.958349391818,0,3.96739411354065,103.027520060539,323.644424468279,1325.58793413639,0,0.875203430652618,11.7938213944435,0,0,0,0
0,0,0,0,0,0,0,0,0,0.600481152534485,0,0,0,0,0,0,0,0,0,0,0,0,0,3.80957981944084,0,0,0,0,0,0,0,192.024969480932,101.746290266514,527.79284286499,1137.44810077548,188.74280294776,0,320.357302106917,0,0.757972747087479,0,83.5396212637424,0,0,0,13.2212408185005,0,1059.20066259056,12.8486333340406,48.9521587491035,0,0,0,0,0,0,0,0.147254392504692,0,0,0,0,3.8831479549408,0,0,0,0,0,0,0,0,0,3.1693692356348,0,432.202277556062,3.96739411354065,0,146.020133450627,65.346077375114,9.31218506395817,528.674560204148,14.9316608607769,242.193697139621,24.8149612993002,29.463675647974,13.6496513187885,0
0,0,0,0,0,0,0,0,0,0,0,0,0,0,0,0,0,0,0,0,0,0,0,0,0,0,0,0,0,0,0,0,5.8954473733902,1317.43639886379,1720.73078408837,84.107154995203,43.9744164720178,111.968520969152,76.1930702924728,0,0,0.805998384952545,0,0,0,0,0,36.4751175045967,0,0,0,0,0,0,0,0,0,0,0,0,0,0,0,0,0,0,0,0,0,0,0,0,0,0,0.45453816652298,103.027520060539,146.020133450627,0,35.1014142334461,556.582884401083,11.0712770819664,1831.57422667742,580.563434332609,20.4950782060623,0,0,0
0,0,0,0.629735067486763,0,0,0,0,0,0,0,240.648111701012,0,0,0,0,0,0,1.37083106487989,454.019209727645,0,0,0,0,0,0,0,0,0,0.0977474302053452,0,689.54476416111,462.343702629209,200.153424493968,414.919072650373,9647.10907019675,118.260821163654,1206.24575577676,0,409.292267985642,0,3431.20715989172,1.23799800872803,23.7890807390213,1.38892145454884,1456.40813885629,0,941.043245662004,29.0055458247662,175.514568336308,0,0,0,0,0,0,0,2.23133364319801,0,0,0,0,680.421370275319,0,0,0,0,0,0,0,0,0,7.35208477079868,0,644.335816796869,323.644424468279,65.346077375114,35.1014142334461,0,238.360995434225,1412.0133061558,0.175375372171402,908.930884495378,0,374.456442162395,163.636344328523,0
0,0,0,0,0,0,0,0,0,0,178.363064929843,0,0,0,0,0,0.182961836457253,0,0,0,847.232402965426,0,0,0,0,0,0,0,0,0,0,358.019036576152,893.123212635517,11.7714480906725,489.361611843109,476.582907810807,18238.1962587908,0,262.593528151512,0,1004.00760303438,0,3.99963254481554,0,0,0,147.272948086262,2169.19254332781,606.795837327838,0,0,0,0,0,0,0,75.1051752567291,0,0,0,0,0,0,2011.99969276786,0,0,0,0,0,0,0,0,0,0,274.775756031275,1325.58793413639,9.31218506395817,556.582884401083,238.360995434225,0,0,2325.09804917127,4519.92255857587,9.36266243457794,53.7526804879308,0,1.01871910691261
0,0,0,0,0,0,0,0,0,132.027068078518,0,44.2906460091472,0,0,0,0,0,0,5.33014065027237,131.873854726553,0,894.221068605781,0,589.488476365805,0,0,0,102.654707551003,0,391.789070822299,0,3.83191871643066,0,579.718543767929,355.173696517944,362.258698001504,0,12561.0273760334,86.7792536169291,69.5704078003764,0,875.41427501291,0.507898718118668,1.90348774194717,0,1537.23148361593,0,4572.84787558764,0.775782078504562,354.036178402603,0,0,0,0,0,56.5723925232887,0,164.49150711298,0,0,0,0,619.90629247576,0,685.970889881253,0,463.29374319315,0,0,0,122.594041422009,0,1437.91743631661,0,60.2061539664865,0,528.674560204148,11.0712770819664,1412.0133061558,0,0,70.8667813688517,1333.90472150594,76.0689353793859,683.449653320014,151.12257155776,0
0,0,0,0,0,0,0,0,0.614815771579742,0,1345.10194042325,0,0,0,0,0,0.570674777030945,0,7.90242956578732,0,1624.36817355454,18.0963894575834,376.005727365613,0,146.207444876432,0,0,0,18.4201411008835,0,398.455700218678,0.269331276416779,0,328.307658493519,1150.78251601756,0,2848.13229545951,2271.86851018667,23141.2483062968,0,103.575837731361,0,41.8176428824663,0,0,0,11.6481587737799,524.50535801053,387.594392105937,0,0,0,0,0,1.20666252076626,0,349.114822268486,0,0,0,0,0,0,1049.77094174922,0,1171.01589128375,0,707.426332205534,0,0,0,5.89599481225014,0,260.518364205956,0.613627448678017,0.875203430652618,14.9316608607769,1831.57422667742,0.175375372171402,2325.09804917127,70.8667813688517,0,4845.09512527287,547.118739083409,744.659888327122,0,35.1007581949234
261.27009575069,255.027042970061,8.70301094651222,314.695310413837,158.848545596004,545.797274619341,1257.73677212,255.689231991768,994.539219126105,636.65115685761,1519.20947135985,8.44541817903519,807.80372723937,0,165.303407758474,98.2244990468025,9125.70702111721,2428.36136321723,7082.99705265462,491.859613865614,369.367179811001,2388.67003358901,3688.67813998461,340.817835718393,156.801614552736,259.672011643648,119.21676170826,27.6761368513107,1499.91156623513,0,100.742996543646,107.630673363805,60.3244631290436,338.114765487611,493.731308951974,3397.69180096686,7402.67104621232,2430.51259188354,4533.12062889338,41.9320473894477,3.44850307703018,1078.80470020324,1006.0174671039,154.864501520991,13.7078453600407,119.194010674953,6.28039941191673,551.223300904036,98.8818829506636,346.280144274235,434.859084874392,55.3643844425678,1131.56750273705,35.0574544966221,179.518014863133,58.0256551802158,999.219639316201,15.4721328020096,1619.25171935558,0,152.955891221762,12.1217783093452,141.587869532406,143.858805328608,1190.45757958293,4048.45959417522,185.610767841339,157.46671038866,81.8556631803513,103.688741654158,12.8637313842773,1642.69686819613,5.44544576108456,247.137754201889,14.5031752735376,11.7938213944435,242.193697139621,580.563434332609,908.930884495378,4519.92255857587,1333.90472150594,4845.09512527287,0,3641.22000153363,2731.44936408103,37.7516082823277,53.8390051424503
