0,0,0.00260914972686533,0,0,0,0,0,0.0284845825959399,0,0,0,0,0,0,0,2.76253413416436e-05,0,0.00219909583263822,0,0,0,0,0,0,0,0,0,0,0,0,0,0,0,0,0,1.57259708117091e-05,0,0,0,0.000186263074159702,0,0.000642098356756382,0,0,0,3.56673840041606e-05,0,0.000975035021096694,0,0,0,0,0,0.0296027205197579,0,0,0,0,0,0.0197838325297733,0,0,0,0,0,0,0,0,0.00018544372505862,0,0,0,0,0,0,0,0,4.14580256514102e-06,0.000112430703788854,0,1.05384350479291e-05,0.000249814628648282,0,0.00786407553706317,0,6.44210443517604e-05
0,0,0,0.0221529310813146,0,0,0,0,0,0.0790423133976157,0,0,0,0,0,0.0003987698587192,1.14064705383692e-05,2.05231162993541e-05,5.75790156543891e-05,0,0,0,0,0.000330716530143074,0,0,0,0,0,0,0,0,0,0,0,5.88598974767852e-06,0,0,0,1.9774051694736e-05,0,0.00254369050269339,0,0,0,0,0,0,0,0.0198983901827598,0,0.00269781429071383,0,0,0,0.130878689425431,0,0,0,0,0,0.00416839674725302,0,0,0,0,6.13844493496693e-05,0,0,0,0,0,0,0,0,0,0,0,0.000149060678452359,0,1.09930156878958e-05,0,0.000263538510172761,0,0.00352288097821089,0,0
0.00260914972686533,0,0,0,0.00172702430291335,0,0,0,0,0,0,0,0,0,0,0,0,2.54080637590967e-05,7.5192995818051e-06,0,0,0,0,0,0,0,0,0,0,0,0,0,0,0,0,0,0,0,0,0,0.000116634957286971,0,0.00116442570237902,0,0,0,0.000622847942526677,1.75565039188953e-05,0.00853132119453783,0,0.0243414313997061,0,0,0,0.00656951526663666,0,0.000605604096410799,0,0.0049537017939493,0,0.0188534005254261,0,0,0,0,0,0,0,0,0,0,0,0,0.00147291165760737,0,0,0,0,0,8.05480322172466e-06,0,9.18452790190968e-06,0.000193743562654367,0,0.00526155972943154,0,0.00135609457725895
0,0.0221529310813146,0,0,0,0.0815158502631253,0,0,0,0.0142341477555512,0,1.76914688484638e-05,0,0,0,0,5.68047906220393e-05,9.9988701185794e-05,0.000347671806765588,0,0,0,0,0,0,0,0,0,0,0,0,0,0,0,0,2.30071106124496e-05,0,4.77713490422161e-06,0,0.00152688265157104,0,0.00154367327627253,0,0,0,0.000339194524430019,0,0.000348137327289291,0.000236778474012073,0.00476322155563751,0,0.00171124258238101,0,0,0,0.0242556068831904,0,0.00260578838050126,0,0,0,0.00159747494801218,0.000190675189946291,0,0,0,0,0,0,0,0.000290996738611928,0,0.00740766467415124,0,0,0,0,0,0.000372157606343417,0,0.000333990245781324,0,0.000698721404856525,0,0.00688287710035169,0.00112472745342618,0
0,0,0.00172702430291335,0,0,0,0.00123602684039865,0,0.0198277399723509,0,0,0,0,0,0,0,0,0,0,0,0.00318202749023213,0,0,0,0,0,0,0,0,0,0,0,0,0,0,0,0.000105513129213526,0,0,0,0.00034023460200411,0,0.000725760517930026,0,0,0,0.0001146288987675,0.000387180686030086,0.00547398294110103,0,0.0616327130442736,0,0.0149044483020707,0,0.000316578090784387,0,0,0,0,0,0,0,0,7.57031647188183e-05,0,0,0,0,0,0,0,0,0,0,0,0,0,0,0,0.000120636267174465,0,0,0.000683028190784633,0,0.00428754650642188,0,0
0,0,0,0.0815158502631253,0,0,0,0.0253206493544037,0,0.0175028739254435,0,0,0,0.000112074854530054,0,0,0,0,0,0.00650827843845055,0,0,0,0,0,0,0,0,0,0,0,0,0,0,0,0.000396218379665124,0,0,0,0.000135651616302797,0,0.000266985518680436,0,0,0,0.000160059839165093,0,0.000494144550366486,0.000162151384935601,0.00067737470350325,0,0.139369001586902,0,0.00174172131020325,0,0.00815808171761943,0,0.000146785257231341,0,0.00348622892878784,0,0.00518566883714677,0.00114210323398394,0,0,0,0,0,0,0,5.63369288596001e-05,0,0.000415801823687406,0,0,0,0,0,0.0008375273675938,0,0,0,0.00447625912028051,0.000198863435322055,0.0109698801878615,0,0
0,0,0,0,0.00123602684039865,0,0,0,0,0,0.000420974029850373,0,0,0,0,0,0,0,0,0,0,0,0,0,0,0,0,0,0,0,0,0,0,0,0,0,0,0,0,0,0,0,0,0,0,0,0,0,0,0,0.0043031273930739,0,0.026430641613546,0,0,0,0,0,0,0,0,0,0,0,0,0,0,0,0,0,0,0,0,0,0,0,0,0,0,0,0,0,2.30508788768018e-05,0,0,0,0
0,0,0,0,0,0.0253206493544037,0,0,0,0,0,0.005990500576349,0,0.00211387792607796,0,0,0,0,0,0.000580362921110834,0,0,0,0,0,0,0,0,0,0,0,0,0,0,0,0,0,0,0,0,0,0,0,0,0,0,0,0,0,0,0,0.0079437273099924,0,0.0458643448744498,0,0,0,0.00538436404471036,0,0.00180638383475688,0,0,0,0,0,0,0,0,0,0,0,0,0,0,0,0,0,0,0,0,0,0,0.00103223445673548,0,0.000635392131624262,0,0
0.0284845825959399,0,0,0,0.0198277399723509,0,0,0,0,0,0,0,0.00109345328157508,0,0.0422738913152694,0,0.000893532265263641,0.000510019292311375,2.93352027842869e-05,0,0,0,0,0,0.00528081194505311,0,0.000300207291924193,0,0,0,0,0,0,0,0,0,0,0,0.000343565326630076,0,0,0,0.000813859481239368,0,0,0,0,0,0.00364714224773933,0,0,0,0,0,0.141930542407885,0,0,0,0,0,0.0120532033106478,0,0,0,0,0,0,0.00138768219054708,0,0.00174668267997934,0,0,0,0,0,0,0,0,0,0,0,0.000469227742186153,0.000420234114215742,0,0.00335044710285765,0,0.00042014463217635
0,0.0790423133976157,0,0.0142341477555512,0,0.0175028739254435,0,0,0,0,0,0,0,0,0,0.000949864131239262,0.000541970285131257,0.00527547545397773,0.000363161315582371,0,0,0,0,0.00120172908352963,0,0,0,0,0,0,0,0,0,0.000238458219535765,0,0,0,0.00245733798476818,0,0,0,0.00252704087624069,0,0,0,0,0,0,0,0.00113280475013597,0,0.00978401912479034,0,0,0,0.103492091108389,0,0,0,0,0,0.00547106862165341,0,0,0,0,5.56134030562094e-05,0,0,0,0,0,0,0,0,0,0.000435271416849621,0,0,0,0.000177975688497869,0,0.00167726652014334,0,0.00935748393897801,0,0
0,0,0,0,0,0,0.000420974029850373,0,0,0,0,0,0,0,0,0,0,0,0,0,0.038134738969499,0,0,0,0,0,0,0,0,0,0.000314387440314284,0,0,0,0,0,0.00101656810118625,0,0.0053814262019964,0,0,0,0,0,0,0,0,0,0,0,0,0,0.000358814170467231,0,0,0,0.0203593438287106,0,0,0,0,0,0,4.67826767699464e-05,0,0,0,0,0,0,0,0,0,0.000156819903000509,0,0,0,0,0,0,0,3.02447575667224e-05,0.00109971927745518,0,0.0010276354503743,0,0
0,0,0,1.76914688484638e-05,0,0,0,0.005990500576349,0,0,0,0,0,0,0,0,0,0,7.18370995409393e-05,0.0293645442025353,0,0,0,0,0,0,0,0,0,0.00205513710050364,0,0,0,0,0,0.00872550642106207,0,0.00232998300164199,0,1.81572769655099e-05,0,6.50157772097071e-05,0,0,0,0.000494473107665924,0,0,0,1.92405093829579e-05,0,0,0,0.00248557995346239,0,0,0,0.0326734504844928,0,4.5361761294771e-05,0,0,0.00607393120563598,0,0,0,0,0,0,0,6.60327367688627e-06,0,0.00672117129284526,0,0,0,0,0,0.001786271826651,0,1.28592664676434e-05,0,0.00207865928318464,0,0.000532139482665984,2.97975060824971e-05,0
0,0,0,0,0,0,0,0,0.00109345328157508,0,0,0,0,0,0.007115806613564,0,0,0,0,0,0,0,0,0,0,0,0,0,0,0,0,0,0,0,0,0,0,0,0,0,0,0,0,0,0,0,0,0,0,0,0,0,0.00383524610033281,0,0,0,0,0,0.00193950786637842,0,0,0,0,0,0,0,0,0,0,0,0,0,0,0,0,0,0,0,0,0,0,0,0.000339156817408643,0,0,0,0
0,0,0,0,0,0.000112074854530054,0,0.00211387792607796,0,0,0,0,0,0,0,0.000347237306414172,0,0,0,0,0,0,0,0,0,0,0,0.000469487101889599,0,0,0,0,0,0,0,0,0,0,0,0,0,0,0,0,0,0,0,0,0,0,0,9.26020086411596e-05,0,0.00252370397193104,0,0,0,0,0,0.0110353620386824,0,8.86524794623256e-05,0,0,0,0,0,0,0,0,0,0,0,0,0,0,0,0,0,0,0,0,0,0,0,0,0
0,0,0,0,0,0,0,0,0.0422738913152694,0,0,0,0.007115806613564,0,0,0,0,0,0,0,0,0,0,0,0,0,0,0,0,0,0,0,0,0,0,0,0,0,0,0,0,0,0,0,0,0,0,0,0,0,0,0,0,0,0.024627665555895,0,0,0,0.00862879714474499,0,0.00822747109545805,0,0,0,0,0,0,0,0,0,0,0,0,0,0,0,0,0,0,0,0,0,0,0,0,0,0
0,0.0003987698587192,0,0,0,0,0,0,0,0.000949864131239262,0,0,0,0.000347237306414172,0,0,5.42362916057835e-06,0.000519589925210699,0,0,0,0,0,0,0,0.00290041309110678,0,0,0,0,0,0,0,0,0,0,0,0,0,0,0,0,0,0,0,0,0,0,0,0,0,0.00409065510603625,0,0,0,0.00787679720538193,0,0,0,0,0,0.00127822307130079,0,0,0,0,0,0,0,0,0,0,0,0,0,0,0,0,0,0,0,0,0.000145790718358449,0,0,0,0
2.76253413416436e-05,1.14064705383692e-05,0,5.68047906220393e-05,0,0,0,0,0.000893532265263641,0.000541970285131257,0,0,0,0,0,5.42362916057835e-06,0,0.134375079863796,0.0701415391379039,0,2.86625185631629e-05,2.18366253324784e-06,0.000576120268852287,7.86646996695515e-05,0,3.20528616345147e-05,1.31860285232976e-05,0,0,0,0,0,0,0,0,2.46718940798121e-05,5.03007894892523e-05,0,0,0.000709889701180702,0.000247545592982342,0.000239023514391913,0.000681277309746029,0,0,0.000365928900327585,0.000670916246889457,0,0,4.41435211515279e-05,0,0,0,0,0,0,0,0,0,0,0,0,2.24846885938384e-05,5.20205223101167e-05,0,0,0,0,0,0,0,0,1.61936132341601e-05,3.03546768418755e-06,0,0,0,0,0.000465390778525655,0.000508354767393548,1.78037046059718e-05,9.39969127747717e-05,0.035091585239095,0.00307893789497598,0.0010899207027923,0.000109708924633846,0.000258554082407833
0,2.05231162993541e-05,2.54080637590967e-05,9.9988701185794e-05,0,0,0,0,0.000510019292311375,0.00527547545397773,0,0,0,0,0,0.000519589925210699,0.134375079863796,0,0.091083346851124,0,3.44394676523278e-06,0.000100528889828721,0,0.000685517460918838,0,0.00109640531657279,0,2.97307288132797e-05,0,0,0,0,0,0,0,4.04519280320935e-05,3.84042352713938e-05,5.69522832802235e-06,0,0.000874139710950701,0.000173305936600803,0.000671295366084156,0.000236657197779906,0,1.08672727485932e-05,0.000364743785072549,0.000302334297368423,2.75739922732233e-06,0,4.27607930436895e-05,0,0,0,0,0,0,0,2.46263123283152e-05,0,0,0,6.20283113156051e-06,2.20867458518683e-06,7.5598134383401e-06,0,0,0,0,9.35886692712161e-05,0,6.53907531567672e-06,0,2.29423447207574e-05,2.55003470808568e-05,0,0,0,0,0.000478567322649059,0.000261906990690908,7.12858482939657e-05,7.40733714530827e-05,0.0514797080017234,0.0358025822288021,0.000886198468724245,0.000274847662729385,0.000225795220879845
0.00219909583263822,5.75790156543891e-05,7.5192995818051e-06,0.000347671806765588,0,0,0,0,2.93352027842869e-05,0.000363161315582371,0,7.18370995409393e-05,0,0,0,0,0.0701415391379039,0.091083346851124,0,0,0.000272179925046957,0,0,0,0,0,0,0,0,0,0,0,0,0,0,0.00100924010183764,0.00152635779488987,3.93542898966838e-06,0,0.0332783572668955,0.0116310845738739,0.0175802493586139,0.0179584700313371,3.47498805538938e-05,8.06964083092665e-05,0.00933763513870404,0.0225761601040923,1.29131868895744e-05,9.56124957849627e-05,0.001389497663203,4.21209772274191e-05,0,0,0,0,0,0,0.00221423154448314,0,0,0,0,0.000145174114241069,0.00145664069563988,0,0,0,0,0,0,0.000193960213022434,0,0.00363276356932892,0.0030507622323087,0,0,0,0,0.0146878984014108,0.0139443126296756,0.00362444231197946,0.00429385852752521,0.0217676186595165,0.000504240863684881,0.0468253939670717,0.00576401581467888,0.00941303476258745
0,0,0,0,0,0.00650827843845055,0,0.000580362921110834,0,0,0,0.0293645442025353,0,0,0,0,0,0,0,0,0,0,0,0,0,0,0,0,0,0,0,0,0,0,0,0.00686205682135226,0,0.00104019404116712,0,1.93985697522499e-05,0,0,0,0,0,0.000270116998776348,0,0.000517738228909781,8.86338095403214e-05,0,0,0,0,0,0,0,0,0.00426282133927801,0,0,0,0,0.0882423673706797,0,0,0,0,0,0,0,0,0,0.00502218513814572,0,0,0,0,0,0.00570676999428327,0,0.000957198819934198,0,0.00114076108010421,0,0.0032269971631652,0,0
0,0,0,0,0.00318202749023213,0,0,0,0,0,0.038134738969499,0,0,0,0,0,2.86625185631629e-05,3.44394676523278e-06,0.000272179925046957,0,0,0,0,0,0,0,0,0,0,0,0,0,0,0,0,0,0.00500855497491656,0,0.00316877394364233,0,0,0,0.000161147672249278,0,9.16904930488715e-05,0,0.000897156947780126,0,6.8320901911551e-05,0,0.0146183017750299,0,0,0,0,0,0.0106244012255895,0,0,0,0,0,0,0.145874060576635,0,0,0,0,0,0,0,5.91510973874795e-05,0,0.00172266328495689,0,0,0,0,1.75392533573518e-05,0.00687412598221083,0,0.00243393870878742,0.000413149837653792,1.07565703361658e-06,0.0024209705642684,0,0
0,0,0,0,0,0,0,0,0,0,0,0,0,0,0,0,2.18366253324784e-06,0.000100528889828721,0,0,0,0,2.19614903471665e-05,0.000707839978764172,0,0.00243654176417847,0,0.000419610945803978,0,0,0,0,0,0,0,0,0,0.00254673716430437,0,0,0,0,0,0,0,0,0,0,0,0.000909592339186347,0,0,0,0,0,0,0,0,0,0,0,0,0,0,0.0523917183587702,0,4.00556782551575e-05,0,0,0,0.00143880398878937,0,0,0,0,0,0,0,0,0,0.00115739709089538,0,0.000569119271621079,0,0.00013776619404473,0,0
0,0,0,0,0,0,0,0,0,0,0,0,0,0,0,0,0.000576120268852287,0,0,0,0,2.19614903471665e-05,0,0,0.000553748375388391,0,0.0046379812937127,0,0.000963296285571731,0,0,0,0,0,0,0,0,0,0.00265912903585759,0,0,0,0,0,0,0,0,0,0.00590114595336234,0,0,0,0,0,0,0,0,0,0,0,0,0,0,0,0,0.0556500523706965,0,0.0010506189225625,0,0.000487861499417149,0,1.40845857417222e-05,0,0,0,0,0,0,0,0,0,0.00129114014027494,0.000797657087658865,0,0,0,0
0,0.000330716530143074,0,0,0,0,0,0,0,0.00120172908352963,0,0,0,0,0,0,7.86646996695515e-05,0.000685517460918838,0,0,0,0.000707839978764172,0,0,0,3.69262374186759e-05,0,0,0,0,0,0,0,0,0,0,0,0.00131350553578401,0,0,0,6.61215827271137e-05,0,0,0,0,0,0,0,0.00040027124055542,0,0,0,0,0,0.0208864669031843,0,8.2963187866177e-05,0,0,0,0.000540639267231097,0,0,0.00019837964686648,0,0.0592291603699943,0,0.00415216593426309,0,6.13401773433111e-05,0,0,0,0,0,0,0,0,0,0.000983903411106616,0,0.000178099342909629,0,0.00488039665473102,0,0
0,0,0,0,0,0,0,0,0.00528081194505311,0,0,0,0,0,0,0,0,0,0,0,0,0,0.000553748375388391,0,0,0,0.0102898931784672,0,0,0,0,0,0,0,0,0,0,0,0.00423624504507184,0,0,0,0,0,0,0,0,0,0.000353412750129538,0,0,0,0,0,0.0194114399125137,0,0,0,0,0,0.000221803260501474,0,0,0,0,0.00129152619316719,0,0.0730336962055094,0,0.00370755999017774,0,0,0,0,0,0,0,0,0,0,0,0.00280937691070735,0.000264977518608089,0,0.00198974971002247,0,0
0,0,0,0,0,0,0,0,0,0,0,0,0,0,0,0.00290041309110678,3.20528616345147e-05,0.00109640531657279,0,0,0,0.00243654176417847,0,3.69262374186759e-05,0,0,0,0.000858896476707212,0,0,0,0,0,0,0,0,0,0,0,0,0,0,0,0,0,0,0,0,0,4.87456876607918e-05,0,0,0,0,0,0,0,0,0,0,0,5.32995003712719e-05,0,0,0,0,0.000435240072685099,0,0.0192507337264695,0,0.00018670685443134,0,0,0,0,0,0,0,0,0,0,0,0.000155284762345312,0,0,0,0
0,0,0,0,0,0,0,0,0.000300207291924193,0,0,0,0,0,0,0,1.31860285232976e-05,0,0,0,0,0,0.0046379812937127,0,0.0102898931784672,0,0,0,0.00464748923992973,0,0,0,0,0,0,0,0,0,0,0,0,0,0,0,0,0,0,0,0,0,0,0,0,0,0.00179578425297816,0,0,0,0,0,0,0,0,0,0,0.00804113176517327,0,0,0,0.0107026969095011,0,0.00183093434515424,0,0,0,0,0,0,0,0,0,0,0,0,0,0,0
0,0,0,0,0,0,0,0,0,0,0,0,0,0.000469487101889599,0,0,0,2.97307288132797e-05,0,0,0,0.000419610945803978,0,0,0,0.000858896476707212,0,0,0,0.00139971706320679,0,0,0,0,0,0,0,0,0,0,0,0,0,0,0,0,0,0,0,0,0,0,0,0,0,0,0,0,0,0,0,0,0,0,0,0,0,0,3.07207842340168e-05,0,0.00982269324243731,0,0.00926111846187999,0,0,0,0,0,0,0,0,0,3.83382999905918e-05,0,0,0,0
0,0,0,0,0,0,0,0,0,0,0,0,0,0,0,0,0,0,0,0,0,0,0.000963296285571731,0,0,0,0.00464748923992973,0,0,0,0.000107834152004216,0,0,0,0,0,0,0,0,0,0,0,0,0,0,0,0,0,0,0,0,0,0,0,0,0,0,0,0,0,0,0,0,0,0,0.000707392346198263,0,0,0,0.000558648458379571,0,0.0223368542220164,0,0,0,0,0,0,0,0,0,5.74093098338444e-06,2.99942257697694e-06,0,0,0,0
0,0,0,0,0,0,0,0,0,0,0,0.00205513710050364,0,0,0,0,0,0,0,0,0,0,0,0,0,0,0,0.00139971706320679,0,0,0,0,0,0,0,0,0,0.000723361627730436,0,0,0,0,0,0,0,0,0,0,0,0,0,0,0,0,0,0,0,0.000691202279149852,0,0,0,0,0,0,0,0,0,0,0,0,0,0,0.028074236815291,0,0,0,0,0,0,0,0,0,0,0,0,0,0
0,0,0,0,0,0,0,0,0,0,0.000314387440314284,0,0,0,0,0,0,0,0,0,0,0,0,0,0,0,0,0,0.000107834152004216,0,0,0,0,0,0,0,0,0,0.00281229315222171,0,0,0,0,0,0,0,0,0,0,0,0,0,0,0,0,0,0.000819259555221219,0,0,0,0,0,0,0,0,0,0,0,0,0,0,0.00031729011876409,0,0.0025803958597107,0,0,0,0,0,0,0,5.95669562808809e-05,0,0,0,0,0
0,0,0,0,0,0,0,0,0,0,0,0,0,0,0,0,0,0,0,0,0,0,0,0,0,0,0,0,0,0,0,0,0.102736018480422,0.00445561935163821,0.000273860281106916,0.0017401257822851,0.00131141105971926,0,0,0,0,0,0,0,0,0,0,0.121120592046061,0.00787796456816622,0.000252777965630602,0,0,0,0,0,0,0,0,0,0,0,0,0,0,0,0,0,0,0,0,0,0,0,0,0.127047475598187,0.0409768475702123,0.000302284935519997,0.000176888199857322,0.00393304548241663,0.000444841159556015,0,0,0.00266869324698729,0,1.65362843070039e-05,0,0
0,0,0,0,0,0,0,0,0,0,0,0,0,0,0,0,0,0,0,0,0,0,0,0,0,0,0,0,0,0,0,0.102736018480422,0,0.000396222379777703,0.0037434606932599,0.000164509560122857,0.00356762564574378,0,0,0,0,0,0,0,0,0,0,0.0632098551347693,0.00200735626517789,0,0,0,0,0,0,0,0,0,0,0,0,0,0,0,0,0,0,0,0,0,0,0,0,0,0.121317637294083,0.430216506823167,0,0.0025261259202898,0.00111070013396042,0.00752059311825314,0,0,0.000494087842954067,0,0,0,0
0,0,0,0,0,0,0,0,0,0.000238458219535765,0,0,0,0,0,0,0,0,0,0,0,0,0,0,0,0,0,0,0,0,0,0.00445561935163821,0.000396222379777703,0,0.0566511776382108,0.00356048951986662,1.96504833141781e-06,0.00349932678237249,0.00016926543495364,0,0,2.07344790983913e-05,0,0,0,0,0,0.178586604097439,0.00131128572025152,0.000113235426040525,0,0,0,0,0,0.000238541082589988,0,0,0,0,0,0,0,0,0,0,4.99459635922017e-05,0,0,0,0,0,0,0,0.00384116819516785,0.000156614800456146,0.0930227079131733,0.0172416557929273,0.000623406820398535,2.43568263419975e-05,0.00039903305275717,0,0.00123866359078839,2.92423282717922e-05,0.000122379482461587,0,0
0,0,0,0,0,0,0,0,0,0,0,0,0,0,0,0,0,0,0,0,0,0,0,0,0,0,0,0,0,0,0,0.000273860281106916,0.0037434606932599,0.0566511776382108,0,0,0.00150444005534585,0,0,0,0,0,0,0,0,0,0,0.0974232788253906,6.43097118912545e-05,0,0,0,0,0,0,0,0,0,0,0,0,0,0,0,0,0,0,0,0,0,0,0,0,0,0,0.00651219962629513,0.0702271079925109,0.10495991372912,0,0.00210501329939878,0,0.000411454092795095,0.000219580848623869,0,9.79415188437165e-06,0,0
0,5.88598974767852e-06,0,2.30071106124496e-05,0,0.000396218379665124,0,0,0,0,0,0.00872550642106207,0,0,0,0,2.46718940798121e-05,4.04519280320935e-05,0.00100924010183764,0.00686205682135226,0,0,0,0,0,0,0,0,0,0,0,0.0017401257822851,0.000164509560122857,0.00356048951986662,0,0,0.00147088176424022,0.00807651862018923,4.42821508432194e-05,0.00036713646602203,0,0.000658419004677611,2.92521404078511e-05,0,0,0.00130294586788826,4.36107813817337e-05,0.00419145958766101,0,1.44766675791913e-05,0,0,0,0,0,0,0,3.724680558969e-05,0,0,0,0,0.00122916911818999,0,0,0,0,0,0,0,1.04240594671012e-05,0,1.79544375155425e-05,1.43346681698636e-05,0.00131317313041847,6.96285466645773e-06,0.00043937787164387,0,0.10645105415396,0.000741376124490284,0.00106016569612001,1.59809915730336e-05,0.00775329183783337,0.000451006957649348,0.000679436833541376,0.000156241894851485,0
1.57259708117091e-05,0,0,0,0.000105513129213526,0,0,0,0,0,0.00101656810118625,0,0,0,0,0,5.03007894892523e-05,3.84042352713938e-05,0.00152635779488987,0,0.00500855497491656,0,0,0,0,0,0,0,0,0,0,0.00131141105971926,0.00356762564574378,1.96504833141781e-06,0.00150444005534585,0.00147088176424022,0,0,0.0116471331433571,1.64233409309659e-05,5.67427314389083e-05,4.60764911880987e-06,0.000752427767256669,0,1.28829973180738e-05,8.97673774283043e-06,0.00166312894012672,0.000817496167392154,0.000197586671820235,0,0.00025996150489792,0,0,0,0,0,0.000864196329555108,6.31208037220386e-06,6.486768542734e-06,0,0,0,0,0.00704625326018172,0,0,0,0,0,0,0,0,0,5.62432468007838e-05,0.000320432100264608,0.000550941261440216,0,0.000600637361963417,0.000423282916792078,0.0790656535860917,0,0.00792116807174578,0.00527593328820143,0.000539981538726494,0.00167239823069217,2.35614696944653e-06,0.000247088562947988
0,0,0,4.77713490422161e-06,0,0,0,0,0,0.00245733798476818,0,0.00232998300164199,0,0,0,0,0,5.69522832802235e-06,3.93542898966838e-06,0.00104019404116712,0,0.00254673716430437,0,0.00131350553578401,0,0,0,0,0,0.000723361627730436,0,0,0,0.00349932678237249,0,0.00807651862018923,0,0,0.00110789136275228,1.40621756267979e-05,0,0.00037374072201462,0,0,0,0.0002189656996271,0,0.00163176618605398,0,0.00374091600148234,0,0,0,0,0,0.00141273335835016,0,0.000254730998537255,0,0,0,0,0.000270811349989551,0,0.00142094545569003,0,0.00214242137857555,0,0,0,7.21872043377056e-05,0,0.000940088534409191,0,0,0,0.00353008356119282,0,0.00302801867464132,0,0.0379736369198084,0,0.00193161258997248,2.20398870475427e-05,0.00355834866468833,1.8791074199118e-05,0
0,0,0,0,0,0,0,0,0.000343565326630076,0,0.0053814262019964,0,0,0,0,0,0,0,0,0,0.00316877394364233,0,0.00265912903585759,0,0.00423624504507184,0,0,0,0,0,0.00281229315222171,0,0,0.00016926543495364,0,4.42821508432194e-05,0.0116471331433571,0.00110789136275228,0,0,0,0.00014284978503476,0,0,0,0,3.75275804626908e-05,0.00103229052170311,0.00192115712423628,0,0,0,0,0,0.00145330651262687,0,0.00436001773304901,0,0,0,0,0,0,0.000486297317995178,0,0.00121126357600548,0,0.0129668699536516,0,0,0,0.000193562187227532,0,0.00124251509257845,0,0,0,0.000175090213590682,0,0.00237421776495142,0,0.0697857003917404,0.00117471933069702,0.000153203582342171,0.000726243069478659,0,0
0,1.9774051694736e-05,0,0.00152688265157104,0,0.000135651616302797,0,0,0,0,0,1.81572769655099e-05,0,0,0,0,0.000709889701180702,0.000874139710950701,0.0332783572668955,1.93985697522499e-05,0,0,0,0,0,0,0,0,0,0,0,0,0,0,0,0.00036713646602203,1.64233409309659e-05,1.40621756267979e-05,0,0,0.000673452620917193,0.10230003284142,0.001595472190291,0.000380352387151238,0,0.0296400796369816,0.00110824189793976,0.0003807009766937,7.64622599312226e-05,0.0336685035529119,0,0,0,0,0,0,0,0.00303128998300477,0,0,0,0,0.0110876869692977,6.17064855753976e-06,0,0,3.03489273776594e-05,0,1.88184050374101e-05,0,0.000320144913019048,0,0.00331156605632886,0.000212837044455907,0,0,0,0,0.012917049018589,0.000270172233703566,0.00179226166440936,5.71417438566593e-05,0.00182868043522109,0.000100465396622413,0.0426775380519647,0.0264224336329377,0.000969496814750505
0.000186263074159702,0,0.000116634957286971,0,0.00034023460200411,0,0,0,0,0,0,0,0,0,0,0,0.000247545592982342,0.000173305936600803,0.0116310845738739,0,0,0,0,0,0,0,0,0,0,0,0,0,0,0,0,0,5.67427314389083e-05,0,0,0.000673452620917193,0,8.93882975484671e-05,0.0243856269883719,0,0.000613884415208825,8.87021414741295e-05,0.0145678550195672,0.000383160384848881,0.00905808663132435,0,0.000805029410819435,0,0,0,0.000212479223507103,0,0.000196132023399733,1.07739336320616e-05,3.77390495080905e-05,0,0,0,0,0.00347947193580017,0,0,0,0,0,0,0,0,0.000113730735622169,0.000428027732492241,0,0,0,0,3.55535829614438e-05,0.0159282592723025,1.90226297959234e-05,0.000307161278340885,0.000313379353178125,9.81733003165526e-06,0.0229998849983244,0,0.0212059428695513
0,0.00254369050269339,0,0.00154367327627253,0,0.000266985518680436,0,0,0,0.00252704087624069,0,6.50157772097071e-05,0,0,0,0,0.000239023514391913,0.000671295366084156,0.0175802493586139,0,0,0,0,6.61215827271137e-05,0,0,0,0,0,0,0,0,0,2.07344790983913e-05,0,0.000658419004677611,4.60764911880987e-06,0.00037374072201462,0.00014284978503476,0.10230003284142,8.93882975484671e-05,0,0.0160025093817723,0.000244127448986072,0,0.00695465420304325,0.0007946904649836,0.0107537618983785,0.00160135693154015,0.0444345020854061,0,0,0,0,0,0.000355165836985219,0,0.00772985018740749,0,0,0,0,0.00815215692177043,5.81320893230496e-05,0,0,0.000150413668756621,0,5.36767827162084e-05,0,0.00116736115587981,0,0.0255681809827047,5.76416437218444e-05,0,0,0,0,0.0150805857255095,0.000193016791079306,0.0017214783245697,2.46916514854318e-05,0.00952028912061534,0.000158201779010518,0.10756349532754,0.0684329647412314,0.000147839468623362
0.000642098356756382,0,0.00116442570237902,0,0.000725760517930026,0,0,0,0.000813859481239368,0,0,0,0,0,0,0,0.000681277309746029,0.000236657197779906,0.0179584700313371,0,0.000161147672249278,0,0,0,0,0,0,0,0,0,0,0,0,0,0,2.92521404078511e-05,0.000752427767256669,0,0,0.001595472190291,0.0243856269883719,0.0160025093817723,0,0,0.00156510636638096,0.000381124670396753,0.0456585660788598,0.00129308670729297,0.0136486395500635,0.000559404211031599,0.000648812301431494,0,0,0,0.0002617410709323,0,4.30646193850835e-05,3.73562659023519e-05,1.13625733570986e-05,0,0,0,0,0.00480790035462572,0,0,0,0,0,0,0,0,3.00688826395614e-05,0.0282533809316231,0,0,0,0,0.000435505488083023,0.0138500523831721,0.000146866596370231,0.00251303824154844,0.0032935489460558,5.18732776254011e-05,0.108390544816192,0.000783495523311249,0.0818051886981323
0,0,0,0,0,0,0,0,0,0,0,0,0,0,0,0,0,0,3.47498805538938e-05,0,0,0,0,0,0,0,0,0,0,0,0,0,0,0,0,0,0,0,0,0.000380352387151238,0,0.000244127448986072,0,0,0,1.43646803981282e-05,0,0,0,0,0,0,0,0,0,0,0,0,0,0,0,0,0,0,0,0,0,0,0,0,0,0,0,0,0,0,0,0,1.32259923636072e-05,0,0,0,0,0,0.000220086239821808,0,0
0,0,0,0,0,0,0,0,0,0,0,0,0,0,0,0,0,1.08672727485932e-05,8.06964083092665e-05,0,9.16904930488715e-05,0,0,0,0,0,0,0,0,0,0,0,0,0,0,0,1.28829973180738e-05,0,0,0,0.000613884415208825,0,0.00156510636638096,0,0,0,0.00166936303420325,0,0,0,0,0,0,0,0,0,0,0,0,0,0,0,0,0.00028865890915882,0,0,0,0,0,0,0,0,0,0.000155997398550836,0,0,0,0,0,0.000215651228467193,0,3.7569882549541e-06,1.60598555042568e-06,0,0.00341363895112249,0,0.000733689472529974
0,0,0,0.000339194524430019,0,0.000160059839165093,0,0,0,0,0,0.000494473107665924,0,0,0,0,0.000365928900327585,0.000364743785072549,0.00933763513870404,0.000270116998776348,0,0,0,0,0,0,0,0,0,0,0,0,0,0,0,0.00130294586788826,8.97673774283043e-06,0.0002189656996271,0,0.0296400796369816,8.87021414741295e-05,0.00695465420304325,0.000381124670396753,1.43646803981282e-05,0,0,0.000175636847456749,0.00432284651044848,0.00259914523186706,0.0049363911831863,0,0,0,0,0,0,0,0.00319231432999174,0,0,0,0,0.0335890288139631,9.16826622169929e-05,0,0,0,0,7.99274529072303e-06,0,0.000132408655251383,0,0.00412521745570941,4.61603818893909e-05,0,0,0,0,0.0293597648908437,0.000100008474415402,0.0114762735027351,3.11874759537606e-05,0.00102291626869794,2.97046223418477e-05,0.0185495108411108,0.0014089122843089,8.46655110404967e-05
3.56673840041606e-05,0,0.000622847942526677,0,0.0001146288987675,0,0,0,0,0,0,0,0,0,0,0,0.000670916246889457,0.000302334297368423,0.0225761601040923,0,0.000897156947780126,0,0,0,0,0,0,0,0,0,0,0,0,0,0,4.36107813817337e-05,0.00166312894012672,0,3.75275804626908e-05,0.00110824189793976,0.0145678550195672,0.0007946904649836,0.0456585660788598,0,0.00166936303420325,0.000175636847456749,0,4.63406109543359e-05,0.00653446047154716,1.92403594951365e-05,0.000170077052940429,0,0,0,0.000203034607989663,0,3.45887916940335e-05,1.63314695694178e-05,0,0,3.814724818159e-05,0,0,0.0177522226410067,0,0,0,0,0,0,5.87946563779371e-06,0,2.05284897331466e-05,0.00351181450378158,0,0,0,0,0.00018404795685599,0.0201734916793598,4.09216723254808e-05,0.00611662603690519,0.00117355318841041,0.000212911738253558,0.0378094390220362,0.000375167988808228,0.00236817809102255
0,0,1.75565039188953e-05,0.000348137327289291,0.000387180686030086,0.000494144550366486,0,0,0,0,0,0,0,0,0,0,0,2.75739922732233e-06,1.29131868895744e-05,0.000517738228909781,0,0,0,0,0,0,0,0,0,0,0,0.121120592046061,0.0632098551347693,0.178586604097439,0.0974232788253906,0.00419145958766101,0.000817496167392154,0.00163176618605398,0.00103229052170311,0.0003807009766937,0.000383160384848881,0.0107537618983785,0.00129308670729297,0,0,0.00432284651044848,4.63406109543359e-05,0,0.0751582563806032,0.0679379087506988,0.000109191995883367,0,0,0,0,0,0,8.46641451616261e-05,0,0,0,0,0.00273375513740605,8.8365557520618e-05,0,0,0,0,0,0,4.21953050137422e-05,0,5.15554154691764e-05,0,0.264311677415575,0.0660544704937944,0.00159932416579835,0.0677466830795181,0.0235244001863264,0.0388561227924415,0.00514058861988576,2.37671980301189e-05,0.010234272473051,0,0.0240294082764002,3.61698785472583e-05,0
0.000975035021096694,0,0.00853132119453783,0.000236778474012073,0.00547398294110103,0.000162151384935601,0,0,0.00364714224773933,0,0,0,0,0,0,0,0,0,9.56124957849627e-05,8.86338095403214e-05,6.8320901911551e-05,0,0.00590114595336234,0,0.000353412750129538,0,0,0,0,0,0,0.00787796456816622,0.00200735626517789,0.00131128572025152,6.43097118912545e-05,0,0.000197586671820235,0,0.00192115712423628,7.64622599312226e-05,0.00905808663132435,0.00160135693154015,0.0136486395500635,0,0,0.00259914523186706,0.00653446047154716,0.0751582563806032,0,0.0112469423341105,0.00414807934974218,0,0,0,0.00888068453989579,0,0.000583046512253464,0.000198587921304426,0.000453735478927078,0,0.000942093704219596,0,7.31016470164611e-05,0.000928993335221057,0,0.00777171582092187,0,0.00190948296298022,0,0.000873014368859997,9.13064134571784e-05,0.0114369283301469,0.000135975638471923,0.00512554319978196,0.00205910500455971,0.00122571498795668,0.000136389034658947,0,0.000297244627873625,0.029031289724654,1.29225432797694e-05,0.00278169574233335,0.00295686850293149,2.94277916690697e-06,0.046377701303269,3.97110374081651e-05,0.000540775850613664
0,0.0198983901827598,0,0.00476322155563751,0,0.00067737470350325,0,0,0,0.00113280475013597,0,1.92405093829579e-05,0,0,0,0,4.41435211515279e-05,4.27607930436895e-05,0.001389497663203,0,0,0.000909592339186347,0,0.00040027124055542,0,4.87456876607918e-05,0,0,0,0,0,0.000252777965630602,0,0.000113235426040525,0,1.44766675791913e-05,0,0.00374091600148234,0,0.0336685035529119,0,0.0444345020854061,0.000559404211031599,0,0,0.0049363911831863,1.92403594951365e-05,0.0679379087506988,0.0112469423341105,0,0,0.0144435376526925,0,0,0,0.00542828539996732,0,0.00357613820387223,0,8.22935303610151e-05,0,0.0062459329167521,0.000726400950247828,0,0.000522482587865762,0,0.00225944421982818,0,0.0038586948377239,0,0.00433081934387091,0,0.0136602709275426,0,0,0,7.0180423132303e-05,0.00047025227193248,0.00401762557696654,0.00012728823674229,0.0144905457807785,6.68696412314902e-06,0.0019085580454827,1.10251081375714e-05,0.0379762634033929,0.00150268944894821,0
0,0,0.0243414313997061,0,0.0616327130442736,0,0.0043031273930739,0,0,0,0,0,0,0,0,0,0,0,4.21209772274191e-05,0,0.0146183017750299,0,0,0,0,0,0,0,0,0,0,0,0,0,0,0,0.00025996150489792,0,0,0,0.000805029410819435,0,0.000648812301431494,0,0,0,0.000170077052940429,0.000109191995883367,0.00414807934974218,0,0,0,0.00569914111867289,0,0,0,0.00176327065003255,0,0.0152243703639692,0,0.00468802578490679,0,0,0.00767309963938435,0,0,0,0,0,0,0,0,0,0,0,0,0,0,0,0.000652786020548962,0,0,0.000325381557475764,0,0.0103593042396117,0,0
0,0.00269781429071383,0,0.00171124258238101,0,0.139369001586902,0,0.0079437273099924,0,0.00978401912479034,0,0,0,9.26020086411596e-05,0,0.00409065510603625,0,0,0,0,0,0,0,0,0,0,0,0,0,0,0,0,0,0,0,0,0,0,0,0,0,0,0,0,0,0,0,0,0,0.0144435376526925,0,0,0,0.00389557204987967,0,0.0298922691657187,0,0,0,0.0164021534989691,0,0.0848626048073001,0,0,0,0,0,0,0,0,0,0,0,0,0,0,0,0,0,0,0,0,0.000213129920795849,0,0,0,0
0,0,0,0,0.0149044483020707,0,0.026430641613546,0,0,0,0.000358814170467231,0,0.00383524610033281,0,0,0,0,0,0,0,0,0,0,0,0,0,0,0,0,0,0,0,0,0,0,0,0,0,0,0,0,0,0,0,0,0,0,0,0,0,0.00569914111867289,0,0,0,0,0,0.00328224274216682,0,0,0,0,0,0,0,0,0,0,0,0,0,0,0,0,0,0,0,0,0,0,0,0,0,0.000372770894680703,0,0,0,0
0,0,0,0,0,0.00174172131020325,0,0.0458643448744498,0,0,0,0.00248557995346239,0,0.00252370397193104,0,0,0,0,0,0,0,0,0,0,0,0,0,0,0,0,0,0,0,0,0,0,0,0,0,0,0,0,0,0,0,0,0,0,0,0,0,0.00389557204987967,0,0,0,0,0,0.0105703316800293,0,0.00149152817446253,0,0,0,0,0,0,0,0,0,0,0,0,0,0,0,0,0,0,0,0,0,0,7.14843052747815e-05,0,0,0,0
0.0296027205197579,0,0.00656951526663666,0,0.000316578090784387,0,0,0,0.141930542407885,0,0,0,0,0,0.024627665555895,0,0,0,0,0,0,0,0,0,0.0194114399125137,0,0.00179578425297816,0,0,0,0,0,0,0,0,0,0,0,0.00145330651262687,0,0.000212479223507103,0,0.0002617410709323,0,0,0,0.000203034607989663,0,0.00888068453989579,0,0,0,0,0,0,0,0,0,0,0,0.0592029454439906,0,0,0,0,0,0,0.0885294370595605,0,0.0270586469481679,0,0,0,0,0,0,0,0,0,0,0,0.00607311572749561,3.11685316219663e-05,0,0.00109138752439256,0,0
0,0.130878689425431,0,0.0242556068831904,0,0.00815808171761943,0,0,0,0.103492091108389,0,0,0,0,0,0.00787679720538193,0,0,0,0,0,0,0,0.0208864669031843,0,0,0,0,0,0,0,0,0,0.000238541082589988,0,0,0,0.00141273335835016,0,0,0,0.000355165836985219,0,0,0,0,0,0,0,0.00542828539996732,0,0.0298922691657187,0,0,0,0,0,0.000509170855882011,0,0.00052652715085495,0,0.035280808347766,0,0,0,0,0.0346775508230799,0,0,0,0,0,0,0,0,0,0.00077640698148496,0,0,0,0.00103810713057459,0,3.36653778679629e-05,0,0.00275279785207188,0,0
0,0,0.000605604096410799,0,0,0,0,0,0,0,0.0203593438287106,0,0,0,0,0,0,0,0,0,0.0106244012255895,0,0,0,0,0,0,0,0,0,0.000819259555221219,0,0,0,0,0,0.000864196329555108,0,0.00436001773304901,0,0.000196132023399733,0,4.30646193850835e-05,0,0,0,3.45887916940335e-05,0,0.000583046512253464,0,0.00176327065003255,0,0.00328224274216682,0,0,0,0,0,9.40647007204349e-05,0,0,0,0,0.0197600404853167,0,0,0,5.39805372635534e-05,0,0,0,0.00698515175752099,0,0.0114164608587129,0,0,0,0,0,0.000146985539779586,0,0.000403435189101752,0.000680736070128553,0,0.00575196870698814,0,0
0,0,0,0.00260578838050126,0,0.000146785257231341,0,0.00538436404471036,0,0,0,0.0326734504844928,0,0,0,0,0,2.46263123283152e-05,0.00221423154448314,0.00426282133927801,0,0,0,8.2963187866177e-05,0,0,0,0,0,0.000691202279149852,0,0,0,0,0,3.724680558969e-05,6.31208037220386e-06,0.000254730998537255,0,0.00303128998300477,1.07739336320616e-05,0.00772985018740749,3.73562659023519e-05,0,0,0.00319231432999174,1.63314695694178e-05,8.46641451616261e-05,0.000198587921304426,0.00357613820387223,0,0,0,0.0105703316800293,0,0.000509170855882011,0,0,0,0.00337904492497976,0,0,0.0232166988285573,0,1.51096654634546e-05,0,0.00223027785892105,0,0.00513496288660519,0,0.0160243717261183,0,0.0311745400417328,0,0,0,0,0,0.0013258549551522,4.09668686395475e-06,0.0001231249783363,0,0.000158597351657367,9.68486929095783e-06,0.01703689469965,0.00694864572975124,1.11660762544107e-05
0,0,0.0049537017939493,0,0,0,0,0,0,0,0,0,0.00193950786637842,0,0.00862879714474499,0,0,0,0,0,0,0,0,0,0,0,0,0,0,0,0,0,0,0,0,0,6.486768542734e-06,0,0,0,3.77390495080905e-05,0,1.13625733570986e-05,0,0,0,0,0,0.000453735478927078,0,0.0152243703639692,0,0,0,0,0,9.40647007204349e-05,0,0,0,0.00104371097831792,0,0,1.78530823586763e-05,0,0,0,0,0,8.60191750749796e-05,0,0.000125828521750576,0,0,0,0,0,0,0,0,0,0,0,0,0.000532082718463375,0,0
0,0,0,0,0,0.00348622892878784,0,0.00180638383475688,0,0,0,4.5361761294771e-05,0,0.0110353620386824,0,0,0,0,0,0,0,0,0,0,0,0,0,0,0,0,0,0,0,0,0,0,0,0,0,0,0,0,0,0,0,0,0,0,0,8.22935303610151e-05,0,0.0164021534989691,0,0.00149152817446253,0,0.00052652715085495,0,0.00337904492497976,0,0,0,0.000153516558154509,0,0,0,0,0.000100101321061464,0,9.97524396619577e-05,0,0.00161095930927339,0,0,0,0,0,0,0,0,0,0,0,4.77588361194783e-05,0,0,0,0
0.0197838325297733,0,0.0188534005254261,0,0,0,0,0,0.0120532033106478,0,0,0,0,0,0.00822747109545805,0,0,0,0,0,0,0,0,0,0.000221803260501474,0,0,0,0,0,0,0,0,0,0,0,0,0,0,0,0,0,0,0,0,0,3.814724818159e-05,0,0.000942093704219596,0,0.00468802578490679,0,0,0,0.0592029454439906,0,0,0,0.00104371097831792,0,0,0,0,0,0,0,0,0,0,0,0,0,0,0,0,0,0,0,0,0,0,0,0,0,1.06837292486147e-05,0,0
0,0.00416839674725302,0,0.00159747494801218,0,0.00518566883714677,0,0,0,0.00547106862165341,0,0,0,8.86524794623256e-05,0,0.00127822307130079,0,6.20283113156051e-06,0,0,0,0,0,0.000540639267231097,0,5.32995003712719e-05,0,0,0,0,0,0,0,0,0,0,0,0,0,0,0,0,0,0,0,0,0,0,0,0.0062459329167521,0,0.0848626048073001,0,0,0,0.035280808347766,0,0,0,0.000153516558154509,0,0,0,0,8.74716330617146e-06,0,0.00128052717657096,0,0.00383808730261642,0,0,0,0,0,0,0,0,0,0,0,0,0,0,0,6.88517378794702e-05,0,0
0,0,0,0.000190675189946291,0,0.00114210323398394,0,0,0,0,0,0.00607393120563598,0,0,0,0,2.24846885938384e-05,2.20867458518683e-06,0.000145174114241069,0.0882423673706797,0,0,0,0,0,0,0,0,0,0,0,0,0,0,0,0.00122916911818999,0,0.000270811349989551,0,0.0110876869692977,0,0.00815215692177043,0,0,0,0.0335890288139631,0,0.00273375513740605,7.31016470164611e-05,0.000726400950247828,0,0,0,0,0,0,0,0.0232166988285573,0,0,0,0,0,0,0,0,0.00016469149343779,0,0.000551869749035416,0,0.0025140150894645,0,0.00703530314446116,0,0,0,0,0,0.0368544459699443,0,0.00217891049505954,0,0.000497542666867085,4.21776386036937e-06,0.0184019512332418,0.00214721444719517,0
0,0,0,0,7.57031647188183e-05,0,0,0,0,0,4.67826767699464e-05,0,0,0,0,0,5.20205223101167e-05,7.5598134383401e-06,0.00145664069563988,0,0.145874060576635,0,0,0,0,0,0,0,0,0,0,0,0,0,0,0,0.00704625326018172,0,0.000486297317995178,6.17064855753976e-06,0.00347947193580017,5.81320893230496e-05,0.00480790035462572,0,0.00028865890915882,9.16826622169929e-05,0.0177522226410067,8.8365557520618e-05,0.000928993335221057,0,0.00767309963938435,0,0,0,0,0,0.0197600404853167,0,1.78530823586763e-05,0,0,0,0,0,0,0,0,0,0,0,0,6.37137977876635e-06,4.23043271976196e-05,0.0302001623675943,0,0,0,0,6.69978236411088e-06,0.0263826132039855,0,0.0138492072955269,0.000494502812221454,3.36559347031547e-05,0.0410352915693087,4.25604393042127e-05,0.000463114322499847
0,0,0,0,0,0,0,0,0,0,0,0,0,0,0,0,0,0,0,0,0,0.0523917183587702,0,0.00019837964686648,0,0,0,0,0,0,0,0,0,0,0,0,0,0.00142094545569003,0,0,0,0,0,0,0,0,0,0,0,0.000522482587865762,0,0,0,0,0,0,0,1.51096654634546e-05,0,0,0,8.74716330617146e-06,0,0,0,0,0.000580667762896659,0,0.000149665311005644,0,0.00371334133906402,0,0,0,0,0,0,0,0,0,0.00513819313545673,0,1.44600414530801e-05,0,0.000101368400084572,0,0
0,0,0,0,0,0,0,0,0,0,0,0,0,0,0,0,0,0,0,0,0,0,0.0556500523706965,0,0.00129152619316719,0,0.00804113176517327,0,0.000707392346198263,0,0,0,0,0,0,0,0,0,0.00121126357600548,0,0,0,0,0,0,0,0,0,0.00777171582092187,0,0,0,0,0,0,0,0,0,0,0,0,0,0,0,0,0,0,0.0133097600625398,0,0.00254742979079869,0,0.00289739307241823,0,3.31637062139399e-05,0,0,0,0,0,0,0,0.00692517607642949,0.000411742774447197,0,0,0,0
0,6.13844493496693e-05,0,0,0,0,0,0,0,5.56134030562094e-05,0,0,0,0,0,0,0,0,0,0,0,4.00556782551575e-05,0,0.0592291603699943,0,0.000435240072685099,0,0,0,0,0,0,0,4.99459635922017e-05,0,0,0,0.00214242137857555,0,3.03489273776594e-05,0,0.000150413668756621,0,0,0,0,0,0,0,0.00225944421982818,0,0,0,0,0,0.0346775508230799,0,0.00223027785892105,0,0.000100101321061464,0,0.00128052717657096,0.00016469149343779,0,0.000580667762896659,0,0,0,0.0325241811655524,0,0.0029492037562918,0,3.55244627428465e-05,0,0,0,0.0001648207295545,0,1.59251251239517e-05,0,0.00206325973828611,0,1.96672277511924e-05,0,0.0154751880580749,0,0
0,0,0,0,0,0,0,0,0.00138768219054708,0,0,0,0,0,0,0,0,0,0,0,0,0,0.0010506189225625,0,0.0730336962055094,0,0,0,0,0,0,0,0,0,0,0,0,0,0.0129668699536516,0,0,0,0,0,0,0,0,0,0.00190948296298022,0,0,0,0,0,0.0885294370595605,0,5.39805372635534e-05,0,0,0,0,0,0,0,0,0.0133097600625398,0,0,0,0.119725832594945,0,0.00825858296335782,0,0.000119534524639152,0,0,0,0,0,0,0,0.0150282813565279,0.000518560813557701,0,0.00767239902368422,0,0
0,0,0,0,0,0,0,0,0,0,0,0,0,0,0,0,0,9.35886692712161e-05,0,0,0,0,0,0.00415216593426309,0,0.0192507337264695,0,3.07207842340168e-05,0,0,0,0,0,0,0,0,0,0,0,1.88184050374101e-05,0,5.36767827162084e-05,0,0,0,7.99274529072303e-06,0,0,0,0.0038586948377239,0,0,0,0,0,0,0,0.00513496288660519,0,9.97524396619577e-05,0,0.00383808730261642,0.000551869749035416,0,0.000149665311005644,0,0.0325241811655524,0,0,0,0.0120380500536156,0,0,0,0,0,0,0,2.17408815011744e-05,0,0,0,0,0,0.000265637568876292,0,0
0.00018544372505862,0,0,0,0,0,0,0,0.00174668267997934,0,0,0,0,0,0,0,0,0,0,0,0,0,0.000487861499417149,0,0.00370755999017774,0,0.0107026969095011,0,0.000558648458379571,0,0,0,0,0,0,0,0,0,0,0,0,0,0,0,0,0,0,0,0.000873014368859997,0,0,0,0,0,0.0270586469481679,0,0,0,8.60191750749796e-05,0,0,0,0,0,0,0.00254742979079869,0,0.119725832594945,0,0,0,0.0149322324676057,0,0.000241136737903141,0,0,0,0,0,0,0,0,0,0,0.000167188565712134,0,0
0,0,0,0.000290996738611928,0,5.63369288596001e-05,0,0,0,0,0,6.60327367688627e-06,0,0,0,0,0,6.53907531567672e-06,0.000193960213022434,0,0,0.00143880398878937,0,6.13401773433111e-05,0,0.00018670685443134,0,0.00982269324243731,0,0,0,0,0,0,0,1.04240594671012e-05,0,7.21872043377056e-05,0,0.000320144913019048,0,0.00116736115587981,0,0,0,0.000132408655251383,5.87946563779371e-06,4.21953050137422e-05,9.13064134571784e-05,0.00433081934387091,0,0,0,0,0,0,0,0.0160243717261183,0,0.00161095930927339,0,0,0.0025140150894645,0,0.00371334133906402,0,0.0029492037562918,0,0.0120380500536156,0,0,0,0.0342921966238912,0,0,0,0,0,0.000117719820955002,4.16553958319761e-06,0.00479722292419327,0,0.000110634841296521,4.54273478352961e-06,0.00523506758202811,0.000638888785478526,0
0,0,0,0,0,0,0,0,0,0,0,0,0,0,0,0,0,0,0,0,5.91510973874795e-05,0,1.40845857417222e-05,0,0,0,0.00183093434515424,0,0.0223368542220164,0,0.00031729011876409,0,0,0,0,0,0,0,0.000193562187227532,0,0,0,0,0,0,0,0,0,0.0114369283301469,0,0,0,0,0,0,0,0.00698515175752099,0,0.000125828521750576,0,0,0,0,6.37137977876635e-06,0,0.00289739307241823,0,0.00825858296335782,0,0.0149322324676057,0,0,0,0.0331113538667843,0,0,0,0,0,4.70520213032892e-06,0,0.00182394472757797,8.72221356732397e-07,0,0.000711286867898052,0,4.23812240971967e-05
