0,0,0.0154357435728062,0,0,0,0,0,0.0241589081147498,0,0,0,0,0,4.16584580572004e-05,0,0.000182887509058373,2.06078671923893e-05,0.00114966644201901,0,0,0,0,0,0,0,0,0,0,0,0,0,0,0,0,0,6.9824382528147e-05,0,6.40987079767837e-05,0,0,0,0.00194852083827585,0,0,0,0.000284725164043155,1.85007242533403e-05,0.0286789321195218,0,0.000775303011164366,0,0,0,0.054484323139767,0,0.00805905166531191,0,0.00583034322758116,0,0.0121354574835858,0,0,0.000334146794964324,0,0,0,0,0,0.000200777386142424,0,0.000107624700769549,0,0.00126371198165376,0,0,0,0,2.87424603286482e-06,0.000543224520843927,0,0.00041732000120537,0.000243472047557449,5.40117507426252e-05,0.00705710583865264,0,0.00103594899904635
0,0,0,0.0344023685541136,0,0,0,0,0,0.0886475585112294,0,0,0,0,0,0,0,0,0.00492699666878067,0,0,0,0,0.0077476309021011,0,0,0,0,0,0,0,0,0,0,0,0,0,1.97618315541554e-05,0,0,0,0.0125439012651295,0,0,0,0,1.18820657942853e-05,0,0,0.022453829358616,0,0,0,0,0,0.1208687817574,0,0,0,5.71469572448946e-05,0,0.000218730991596063,0,0,0,0,0.0129482001555591,0,0,0,0,0,0,0,0,0,0,0,0,0,6.82916990536595e-05,0,0.00137683693979401,0,0.0137446411070188,0.00141644129546529,0
0.0154357435728062,0,0,0,0.00193050850143903,0,0,0,0.00961978822157841,0,0,0,0,0,0,0,9.16389359515216e-05,0,0.000220722294214878,0,0.00150557760205882,0,4.42783061682368e-06,0,0,0,0,0,0,0,0,0,0,0,0,0,0,0,0,1.05472155160716e-05,0.000778698633636183,0,0.000918328364654679,0,0,0,0.000172386632264594,0,0.00414145242388978,0,0.00384504359717429,0,0,0,0.0240471127905392,0,0.0138045732564381,0,0.0035167054603537,0,0.0248232752733018,0,0,0.00117276669195094,0,0,0,0,0,0,0,7.71665667895637e-05,0,0.000269373760065956,0,0,0,0,0,7.15870977298047e-05,0,6.64262668430144e-05,0.000278423736016635,3.47416272414349e-05,0.0237701691335903,0,0
0,0.0344023685541136,0,0,0,0.0482448946849228,0,0,0,0.101261895242159,0,0,0,0,0,0,0,0,0.000155431129516617,0.000309787325660131,0,0,0,0,0,0,0,0,0,0,0,0,0,0,0,4.44927854123634e-05,0,0,0,0.00642719121568283,0,0.00425908420999221,6.2108889212889e-05,0,0,0.0082085145148895,2.40502081325972e-05,7.61141008608552e-05,0.000551631522903323,0.0084328005496442,0,0,0,0,0,0.0128669815844781,0,0,0,0,0,0,0,0,0,0,0,0,0,0,0,0,0.000714127210985948,0,0,0,0,0,0.00035985917943119,0,5.26837796118205e-05,0,0.00128341592470622,0.000112070230041905,0.0133826105560491,0.00053599447045454,0
0,0,0.00193050850143903,0,0,0,0.0115948471747528,0,0.00372622382410052,0,0.00035398769756264,0,0,0,0,0,0,0,0,0,0.0120632791297266,0,0,0,0,0,0,0,0,0,0,0,0,0,0,0,2.88799412462448e-05,0,0,0,0.000466158515533296,0,0.000143874653932418,0,0,0,0.000280397430849658,0,0.000341915118450861,0,0.0790893905012762,0,0.00109597245550995,0,0.018757020880722,0,0.000197910054201009,0,0.00172686971117974,0,0.000545868598007919,0,0,0.00362999053460472,0,0,0,0,0,0,0,0,0,9.53201962217284e-05,0,0,0,0,0,0.000359585725508405,0,0,9.30010150452303e-05,8.26348849191061e-05,0.00347622469180992,0,0
0,0,0,0.0482448946849228,0,0,0,0,0,0.0113638844877488,0,0,0,0,0,0.00826451145110764,0,0,0,0.0109220952969545,0,0,0,0,0,0,0,0,0,0,0,0,0,0,0,0.000131639186527472,0,0,0,0.00119513705765335,0,0.000282360387433233,0,0,0,0.00301877311383208,0,0,0.000233006377320552,0.000163936529765572,0,0.074383368214814,0,0.010758363188161,0,0,0,0,0,0.00032298747805375,0,0.000528785251509727,0.0017760693667035,0,0,0,0,0,0,0,0,0,0.000132818292417728,0,0,0,0,0,0.00037544109700027,0,0,0,0.00296673019467838,0.000192599482456422,0.0170107868937315,0,0
0,0,0,0,0.0115948471747528,0,0,0,0,0,0.00606298472223022,0,0.00643959996841544,0,0,0,0,0,0,0,0.00675211289124087,0,0,0,0,0,0,0,0,0,0,0,0,0,0,0,0,0,0,0,0,0,7.69587579253455e-05,0,0,0,0,0,0,0,0.00468738683730694,0,0.0745714504478631,0,0.000388452705620278,0,0.00516503652994801,0,8.33540433494975e-05,0,0,0,0,0.00287005065273027,0,0,0,0,0,0,0,0,0,0,0,0,0,0,0,0,0,0,6.47234554336206e-05,0.000158891524350714,0.00187300561032736,0,0
0,0,0,0,0,0,0,0,0,0,0,0.0139573506961257,0,0,0,0,0,0,0,0,0,0,0,0,0,0,0,0,0,0,0,0,0,0,0,0.000164185934893293,0,0,0,0,0,0,0,0,0,0,0,0,0,0,0,0.00177343635348927,0,0.0470989759078204,0,0,0,0.00255913472920366,0,0,0,0,0,0,0,0,0,0,0,0,0,0,0,0,0,0,0,0,0,0,0,0,0.00102459768254577,0,0,0,0
0.0241589081147498,0,0.00961978822157841,0,0.00372622382410052,0,0,0,0,0,0,0,0.000177210543309696,0,0.0568635559860995,0,0.0189621893643434,0.00168677048214283,0.00113335828659587,0,0,0,1.44203311563452e-05,0,0.0221458914683832,0,0.0395465776389672,0,0.000367780335455759,0,0,0,0,0,0,0,0,0,0.00164684414414817,0,0,0.000170584428841389,0.000704318069706175,0,0,0,6.31773170803474e-05,0,0.00375773932453973,0,0.0198013025273044,0,0,0,0.124630830683288,0,0.00216035434272335,0,0.00482959018119752,0,0.0284354811334976,0,0,1.06622741185105e-05,0,1.6190045238918e-05,0,0.00184324876335727,0,0.0327263120511549,0,5.66970400204399e-05,0,4.72357976404503e-05,0,0,0,0,6.7786410939681e-06,3.72945156997162e-05,0,0.00180441619029414,0.00265333640265409,5.20667815997922e-05,0.00566593542625971,0,7.62392055326591e-05
0,0.0886475585112294,0,0.101261895242159,0,0.0113638844877488,0,0,0,0,0,0,0,0,0.000109410887005125,0.0273654886644416,0.000312199118521854,0.00489332055852779,0.00123160066889973,0,0,0,0,0.0116512362321608,0,0.000116109054295961,0,0,0,0,0,0,0,0,0,0,0,0.00289518854240695,0,0.000132733060749481,0,0.00126717990640382,5.27754465200828e-05,0,0,0.000488883930574582,0,2.00929121816381e-05,0,0.00320111649825484,0,0,0,0,0,0.0609964630657807,0,0,0,0,0,0.000799409101781442,0,0,0,0,0.00576377195783565,0,0.00114220503169635,0,0,0,0.000176132475874721,0,0,0,0.00020065307636215,0,3.07305588786459e-05,0,0.00122879093367073,0,0.00465577860382108,4.84857153095088e-05,0.00657853989639632,0.000802167729025364,0
0,0,0,0,0.00035398769756264,0,0.00606298472223022,0,0,0,0,0,0.000195790815563784,0,0,0,0,0,1.04667815365949e-05,0,0.048473705386824,0,0,0,0,0,0,0,0,0,0.00570005616429562,0,0,0,0,0,0.00132386492859852,0,0.0224399633424773,0,7.58881383493496e-05,0,3.28520301127827e-05,0,0,0,0.000168818078005942,0,9.77665468980939e-06,0,0.000238748014129263,0,0.00129398647736049,0,0,0,0.0928598473349636,0,2.871662884509e-05,0,0,0,0,0.00617173011711957,0,0,0,0,0,0,0,0,0,0.00314627585318091,0,0,0,0,0,0.000155721938875774,0,0.0134753794908508,0.00138562167340459,8.44448213613573e-05,0.000243077100379376,0,0
0,0,0,0,0,0,0,0.0139573506961257,0,0,0,0,0,0.0121603921949272,0,0,0,0,0,0.0465702700374227,0,0,0,0,0,0,0,0,0,0.000458032048445074,0,0,0,0,0,0.00694956783033668,0,0.0113277200442976,0,0,0,0,0,0,0,2.66923212738309e-05,0,0,0,0,0,0,0,0.0125392289375021,0,0,0,0.160560071649115,0,0.00597415586578772,0,0,0.0106005850419752,0,0,0,0,0,0,0,0,0,0.0044331909691011,0,0,0,0,0,0.00161368497356057,0,0.00134954788695743,0,0.00172104299983843,0,7.71380011616518e-06,0,0
0,0,0,0,0,0,0.00643959996841544,0,0.000177210543309696,0,0.000195790815563784,0,0,0,0.00227627822533807,0,0,0,0,0,0,0,0,0,0,0,0,0,0.00170363595697679,0,0,0,0,0,0,0,0,0,0,0,0,0,0,0,0,0,0,0,0,0,0.000481983551329709,0,0,0,5.04262003354766e-05,0,0,0,0.0067421379011597,0,0,0,0,0,0,0,0,0,0,0,0,3.11749395143057e-05,0,0,0,0,0,0,0,0,0,0,0.00042931000009274,0.000278700897388109,0,0,0
0,0,0,0,0,0,0,0,0,0,0,0.0121603921949272,0,0,0,0.00422076751566287,0,0,0,0,0,0,0,0,0,0.000202818834106892,0,0.0102374754528107,0,4.11847465113784e-05,0,0,0,0,0,0,0,0,0,0,0,0,0,0,0,0,0,0,0,0,0,0.000510795937085945,0,0,0,0,0,0.00724687750540425,0,0.0959383664690472,0,0.000214145840417943,0,0,0,0,0,0,0,0,0.000145280532627388,0,0,0,0,0,0,0,0,0,0,0,0.0018701514549191,0.000580104713192309,0,0,0
4.16584580572004e-05,0,0,0,0,0,0,0,0.0568635559860995,0.000109410887005125,0,0,0.00227627822533807,0,0,0,0.00554485277874677,0.000361852600887512,0.000305851636738704,0,0,0,8.49867736225415e-05,0,0.00257167036700862,0,0.0197360923951295,0,0.00065417112618881,0,0,0,0,0,0,0,0,0,0,0,0,1.94726863378403e-05,0,0,0,0,0,0,8.53230612176261e-05,0,0.00543240585785881,0,0,0,0.0356568394717733,0,0.000498518607022796,0,0.0103604081420132,0,0.0508450018994196,0,0,0,0,0,0,0.000644664093381661,0,0.0665031683050824,0,0,0,0,0,0,0,0,0,0,0,3.88584574282031e-05,0.000489752099744348,6.97474282342861e-05,0.000178628734098641,0,0
0,0,0,0,0,0.00826451145110764,0,0,0,0.0273654886644416,0,0,0,0.00422076751566287,0,0,0,0.00115392425568652,0,0,0,0,0,0,0,0.00492076610775166,0,0,0,0,0,0,0,0,0,0,0,0,0,0,0,0,0,0,0,0,0,0,0,0,0,0,0,0,0,0,0,0,0,0.00663008063839722,0,0.0124846206427592,0,0,0,0,0,0,0.000425204412360563,0,0,0,0,0,0,0,0,0,0,0,0,0,0.000753149617685481,0,0,0,0
0.000182887509058373,0,9.16389359515216e-05,0,0,0,0,0,0.0189621893643434,0.000312199118521854,0,0,0,0,0.00554485277874677,0,0,0.108202392941036,0.0446897244716468,0,4.99008636900412e-05,0.00022150278996143,0.0198666865778827,0,0.00695579768613945,7.2044681263764e-05,0.0480066284304934,0,0.00761540806102646,0,0,0,0,7.28040989433741e-06,0,4.19289229409807e-06,0.000138047278165005,0,1.67516841895609e-05,0.0010081674574747,0.000125838174121875,0.00034370049921483,0.000799224890750289,2.96768538498226e-05,0,0.00021942820275538,0.00179972195558301,5.95604030592206e-05,4.81310825758929e-05,9.81809091468554e-05,0,0,0,0,0.00413186135922025,0,2.23522889844396e-05,0,5.51831415770833e-05,0,0.00281490502126225,0,0,0.000473713317991409,0,0.0121458900848205,0,0.000726086015745282,0,0.0344914961222939,0,3.59950516902531e-05,9.6337268735454e-06,0.000351445076812266,0,0,0,0,0.000263930968874392,0.00230531677487984,1.68540678265332e-06,0.0011507739245831,0.0260006140965068,0.00247446566131023,0.00169188430976309,6.26634936654216e-05,0.000325888784228786
2.06078671923893e-05,0,0,0,0,0,0,0,0.00168677048214283,0.00489332055852779,0,0,0,0,0.000361852600887512,0.00115392425568652,0.108202392941036,0,0.0810474901910752,0,0,0.00850897958786127,6.75044566563014e-05,0.000138687138336632,0.00107978835613898,0.0273862399752905,0.00200359889104783,1.22431703989808e-05,0,0,0,0,0,2.08663896862723e-05,0,4.92316343378953e-06,1.09124257658838e-05,0,0,0.000580114664632366,4.96665596796604e-05,0.000114588399301806,8.68614967179129e-05,0,0,8.89394842118791e-05,0.000572635153857689,0,0,0.00011192937548755,0,0,0,0,0.000243449895694297,0.000311658336210159,3.1331587612362e-06,0,0,0,0.000218102220888553,0.00812945221395077,0,0.000161741590693731,0.00828696614873748,0,5.18648971779864e-05,2.9722702135967e-05,0.00993282067820732,0.00111360602091224,0,7.54523101266941e-06,2.72072101561679e-06,7.22030323846239e-05,2.90067549704558e-06,0,0,0,7.35406292755406e-05,0.000758653530644146,0,0.000287123064320037,0.0311017033639505,0.00723392810431299,0.000362866691010904,4.82959095683883e-06,8.41160997882254e-05
0.00114966644201901,0.00492699666878067,0.000220722294214878,0.000155431129516617,0,0,0,0,0.00113335828659587,0.00123160066889973,1.04667815365949e-05,0,0,0,0.000305851636738704,0,0.0446897244716468,0.0810474901910752,0,0,0.000283226629017075,0,1.51905078782693e-05,0,0.000934469671614172,4.66597505442007e-05,0.00148519694057109,0,0,0,0,0.000122415290236657,0,0.00042101282191826,0,0.000591092727388417,0.00036784995870911,0,5.90571548342387e-05,0.039547040033389,0.0014045585059236,0.0472885804267949,0.0100885319028532,0.0077468572449583,0.000228397358164249,0.00638468733225973,0.0146750275449263,0.00363767103544119,0.000116468989309289,0.0155144243889738,0,0,0,0,0.000782758629178442,0,0.000168551432689128,0,0,0,0.000115203161611893,5.10641556089263e-05,0,0.00345194066519172,0,0,0,0.000179583147069911,0,0.000789807960317735,0,0.00045195287694293,0.00175509319611777,0.00201941030949511,6.48887497574116e-05,0,0.00116188260507859,0,0.0110327848054438,0.0116697972299201,0.000338687650066045,0.00521572967352006,0.010469079361076,0.00030187674247265,0.0267173875323961,0.0112288139598575,0.0040605330846272
0,0,0,0.000309787325660131,0,0.0109220952969545,0,0,0,0,0,0.0465702700374227,0,0,0,0,0,0,0,0,0,0,0,0,0,0,0,0,0,0,0,0,0,0,0,0.0128581621041326,0,0.000833489576929106,0,0,0,0,0,0,0,0.00293593632354392,0,0,2.18584082458171e-05,0,0,0,0,0,0,0,0,0.00306938746365107,0,0,0,0,0.234566687510749,0,0,0,0,0,0,0,0,0,0,0,0,0,0,0,0.00572939672855818,0,0.000911637763388962,0,0.00322256823283959,0.000213376241069209,0.0139674362305481,0,0
0,0,0.00150557760205882,0,0.0120632791297266,0,0.00675211289124087,0,0,0,0.048473705386824,0,0,0,0,0,4.99008636900412e-05,0,0.000283226629017075,0,0,0,0,0,0,0,0,0,0,0,2.72285400293839e-05,0,0,0,0,0,0.00877140461692,0,0.00244679947690794,9.32312908821374e-06,0.000185526186853088,4.26905880007798e-06,0.000164084247695372,0,0.000146834025092171,7.46952217143279e-05,0.00297955603705429,0,2.39710086013739e-05,0,0.0145701441954982,0,0.00088410084416778,0,0,0,0.0776588730780745,0,4.10322034487744e-05,0,0.000270331185042842,0,0,0.119245117294903,0,0,0,0,0,0,0,0.000338118535779356,0,0.00679526090902796,0,0,0,0,9.3452882549921e-06,0.00929747375044201,0,0.00448006097145129,0.0014194564376378,0,0.0044280760156639,0,0.00019131510769177
0,0,0,0,0,0,0,0,0,0,0,0,0,0,0,0,0.00022150278996143,0.00850897958786127,0,0,0,0,0.00716396450959249,0.000545278755334076,0,0.00062630063627062,0,0.000856950744610763,0,0,0,0,0,0,0,0,0,0.00377907640787545,4.78026727441514e-05,0,0,0,0,0,0,0,0,0,0,0.00261469558809462,0,0,0,0,0,0,0,0,0,0,0,0,0,0,0.0460948561870278,0.00105286517525435,0.000627153652395014,0,2.73105535923337e-05,0,1.51327736483684e-05,0,0,0,0,0,0,0,0,0,0.00100760474732174,0,0.00696315195943965,0.00195155266713488,0,0,0
0,0,4.42783061682368e-06,0,0,0,0,0,1.44203311563452e-05,0,0,0,0,0,8.49867736225415e-05,0,0.0198666865778827,6.75044566563014e-05,1.51905078782693e-05,0,0,0.00716396450959249,0,0,0.00425807879448333,0,0.0194732111709285,0,0.000505570701008004,0,0,0,0,0,0,0,0,0,0.000819602662952721,0,0,0,0,0,0,0,0,0,0.0013546283043174,0,0,0,0,0,3.64253351786553e-05,0,0,0,0,0,0,0,0,0,0.00106312185625533,0.0650953109974906,0,0.000914323659735895,0,0.0123651699903805,0,0.000451627703101745,0,0,0,0,0,0,0,8.61497193558897e-06,0,0.00248192258481307,0.00448388459681683,0.000977658078498658,0,0,0
0,0.0077476309021011,0,0,0,0,0,0,0,0.0116512362321608,0,0,0,0,0,0,0,0.000138687138336632,0,0,0,0.000545278755334076,0,0,0,0.0191198649144934,0,0,0,0,0,0,0,0,0,0,0,0.00743264760974731,0,0,0,0,0,0,0,0,0,0,0,0.00105650751327712,0,0,0,0,0,0.0386894151440713,0,0,0,0,0,0,0,0,0.00294300163786021,0,0.0974470602931254,0,0.00915388498570066,0,0,0,0,0,0,0,9.87713021365186e-05,0,0,0,0.00585283621594171,0,0.000438518178022344,0,0.00426707272683321,0,0
0,0,0,0,0,0,0,0,0.0221458914683832,0,0,0,0,0,0.00257167036700862,0,0.00695579768613945,0.00107978835613898,0.000934469671614172,0,0,0,0.00425807879448333,0,0,0,0.0896121839235956,0,0.000186788577907744,0,0,0,0,0,0,0,0,0,0.0022111635382851,0,0,0,0,0,0,0,0,0,0.00786185731606067,0,0,0,0,0,0.0109485948097339,0,0,0,2.21794772941705e-05,0,0.000856201522921632,0,0,0,0,0.00253870591657944,0,0.0624783985348749,0,0.0482398545965699,0,1.7208475392046e-05,0,0,0,0,0,0,0,2.99084614775096e-05,0,0.000991872708421764,0.00115221484860481,5.38422077099219e-06,0.00313575876748848,0,4.52058623108915e-05
0,0,0,0,0,0,0,0,0,0.000116109054295961,0,0,0,0.000202818834106892,0,0.00492076610775166,7.2044681263764e-05,0.0273862399752905,4.66597505442007e-05,0,0,0.00062630063627062,0,0.0191198649144934,0,0,0,0.00284311888630387,0,0,0,0,0,0,0,0,0,0,0,0,0,0,0,0,0,0,0,0,0,0,0,0,0,0,0,0.00681802458155105,0,0,0,0.000414566337847182,0,0.0222608596733398,0,0,6.0352248742845e-05,0,0.0124896522028326,0,0.0623698997438343,0,0.000682188667183508,0,0,0,0,0,0,0,0,0,0,0,0.000375677361366916,0,0,0,0
0,0,0,0,0,0,0,0,0.0395465776389672,0,0,0,0,0,0.0197360923951295,0,0.0480066284304934,0.00200359889104783,0.00148519694057109,0,0,0,0.0194732111709285,0,0.0896121839235956,0,0,0,0.0070104216072301,0,0,0,0,0,0,0,2.38356678858482e-06,0,0,9.8992064735022e-05,0,0,0,0,0,0,0,0,0,0,0,0,0,0,0.00926916481136584,0,0,0,0,0,0.0092018661091994,0,0,0,0,0.012101169638977,0,0.0148679083091557,0,0.272770617675626,0,0.00296807394001537,0,0,0,0,0,0,8.51793670373331e-06,3.20303071035359e-05,0,0,0.00351564780186025,2.54790905309372e-05,0,0,0
0,0,0,0,0,0,0,0,0,0,0,0,0,0.0102374754528107,0,0,0,1.22431703989808e-05,0,0,0,0.000856950744610763,0,0,0,0.00284311888630387,0,0,0,0.00291378987753375,0,0,0,0,0,0,0,0.000360848519214762,0,0,0,0,0,0,0,0,0,0,0,0,0,0,0,0,0,0,0,0,0,0.0112552560466638,0,0.00246693946046799,0,0,0,0,0,0,0.0117973700602159,0,0.0124750024658388,0,0.0061044927871377,0,0,0,0,0,0,0,4.34124312986407e-05,0,0.000583533141670964,0.000559183023724346,0,0,0
0,0,0,0,0,0,0,0,0.000367780335455759,0,0,0,0.00170363595697679,0,0.00065417112618881,0,0.00761540806102646,0,0,0,0,0,0.000505570701008004,0,0.000186788577907744,0,0.0070104216072301,0,0,0,0.00172412197075185,0,0,0,0,0,0,0,0,0,0,0,1.90343788288371e-05,0,0,0,0,0,0,0,0,0,0,0,0.000149638976568334,0,0,0,0,0,0,0,0,0,0,0.00110843514750121,0,0,0,0.00379451599102325,0,0.0149397995986429,0,0.000254493310909369,0,0,0,0,0,0,0,0.000146961277510604,0.000629184529291101,1.49583740676616e-05,0,0,0
0,0,0,0,0,0,0,0,0,0,0,0.000458032048445074,0,4.11847465113784e-05,0,0,0,0,0,0,0,0,0,0,0,0,0,0.00291378987753375,0,0,0,0,0,0,0,0,0,0.000509133291785402,0,0,0,0,0,0,0,0,0,0,0,0,0,0,0,0,0,0,0,0.00318009305181299,0,0,0,0,0,0,0,0,0,0,0,0,0.00248032258026963,0,0.0717762263797316,0,0,0,0,0,0,0,0.00127730409871555,0,2.04934501896556e-05,0,0,0,0
0,0,0,0,0,0,0,0,0,0,0.00570005616429562,0,0,0,0,0,0,0,0,0,2.72285400293839e-05,0,0,0,0,0,0,0,0.00172412197075185,0,0,0,0,0,0,0,0,0,0.000167534518749411,0,0,0,0,0,0,0,7.32808950600072e-06,0,0,0,0,0,0,0,0,0,0.00209885592990334,0,0,0,0,0,0,0.000120442497201889,0,0,0,0,0,0,0,0.00171182117463532,0,0.00655419279427128,0,0,0,0,0,4.41462917413329e-06,0,0.000431368905037694,7.5652525331158e-06,0,0,0,0
0,0,0,0,0,0,0,0,0,0,0,0,0,0,0,0,0,0,0.000122415290236657,0,0,0,0,0,0,0,0,0,0,0,0,0,0.0571057967489252,0.00263422127816226,0,0.00250598695754194,0.000281639232129025,0,0,2.08810073751568e-05,0,0.000442262407127175,4.00932530427453e-05,0,0,0,8.34983831020223e-06,0.0579279867524766,0.000110449668480415,0.00284101069404187,0,0,0,0,0,0,0,0,0,0,0,0,0,0,0,0,0,0,0,0,0,0,0,0,0.0974814855642212,0.0163401066785247,0.00468219910657882,0.00063024938377151,0.00049972473949161,0.000335562938480792,0,0,0.00122176871977724,0,1.02589219659108e-05,0.000337674444797102,0
0,0,0,0,0,0,0,0,0,0,0,0,0,0,0,0,0,0,0,0,0,0,0,0,0,0,0,0,0,0,0,0.0571057967489252,0,0.00298284775158119,0.00519474979150933,0.000147787386840726,0.00331062127449282,0,0,0,0,0,0,0,0,0,0,0.0361020967449516,0.000508936533077747,0,0,0,0,0,0,0,0,0,0,0,0,0,0,0,0,0,0,0,0,0,0,0,0,0,0.0449051059845617,0.134776317131959,0.000950287514763498,0.0184101628829883,0,0.00727086543711089,0,0,0.000617420466015301,0,0,0,0
0,0,0,0,0,0,0,0,0,0,0,0,0,0,0,0,7.28040989433741e-06,2.08663896862723e-05,0.00042101282191826,0,0,0,0,0,0,0,0,0,0,0,0,0.00263422127816226,0.00298284775158119,0,0.127183587043943,0.00517818864905208,2.17406453950769e-05,0.00190051723373434,0.00012663883842045,0.000240488177022793,0,0.000645404062049586,0.00011214814011892,0.00134506186380398,0,7.32407898352302e-05,2.5568471415144e-05,0.131516274347303,0.00139391767482394,0.00585232434268898,0,0,0,0,0,0,0,0,0,0,0,0,0,7.12683211309998e-06,0,0,0,0,0,0,0,0,0,2.48016702396117e-05,0.000950500732707027,0.000121093384181594,0.102931526957211,0.0322293219156789,0.00356419287905844,5.7011408674205e-05,0.0111796861658869,9.31509029048902e-05,0.00208931758083105,0.000980598440605852,4.95454425955215e-05,0,0
0,0,0,0,0,0,0,0,0,0,0,0,0,0,0,0,0,0,0,0,0,0,0,0,0,0,0,0,0,0,0,0,0.00519474979150933,0.127183587043943,0,4.45776937697607e-05,0.00848876028748027,3.5719845339424e-05,0.00154141945839865,0,0,0,0,0,0,0,0,0.0673669517789675,0.0263047817602854,0,0,0,0,0,0,0,0,0,0,0,0,0,0,0,0,0,0,0,0,0,0,0,0,0,0,0.0104474206540046,0.0282767949062755,0.221576764585984,6.4984574775017e-06,0.00762239057309675,0,0.00244178548217856,0.000510676331718726,0.000271221722663916,0,0,0
0,0,0,4.44927854123634e-05,0,0.000131639186527472,0,0.000164185934893293,0,0,0,0.00694956783033668,0,0,0,0,4.19289229409807e-06,4.92316343378953e-06,0.000591092727388417,0.0128581621041326,0,0,0,0,0,0,0,0,0,0,0,0.00250598695754194,0.000147787386840726,0.00517818864905208,4.45776937697607e-05,0,0.00427842439153146,0.00844460479304114,0,0.000420838145009779,2.39570970865001e-05,0.000391845493117765,3.08749678638098e-05,0.000376153119516244,0,0.0015741929799888,8.34963629021377e-06,0.00573088578957018,0.000272124953973803,0.00041398027622581,0,0,0,0,0,0,0,2.40021182594856e-05,0,0,0,0,0.0132086767454344,2.67949250738015e-06,0,0,0,0,0,0,0,0,1.12086307049514e-05,0,0.00414053778961305,1.7976092503395e-05,0.00795717552040828,0,0.0665219835762119,0.00112859160594305,0.00142325326261274,0,0.0100835001341278,0.000814430218123647,0.00167631894120591,2.28632194609873e-05,0
6.9824382528147e-05,0,0,0,2.88799412462448e-05,0,0,0,0,0,0.00132386492859852,0,0,0,0,0,0.000138047278165005,1.09124257658838e-05,0.00036784995870911,0,0.00877140461692,0,0,0,0,0,2.38356678858482e-06,0,0,0,0,0.000281639232129025,0.00331062127449282,2.17406453950769e-05,0.00848876028748027,0.00427842439153146,0,0,0.00440086235690672,3.58158790785109e-05,0.00121732697927,3.87866351493286e-06,0.000182349044222485,1.51238056464052e-06,3.45804360779386e-06,1.73198508426266e-05,0.00105549236919021,0.000599077900494641,0.000705605429690118,1.45453218948374e-06,6.72397722467231e-05,0,0,0,0,0,0.000229023206825832,0,2.55308861680262e-06,0,6.59929299857791e-06,0,0,0.00787157510355877,0,0,0,0,0,1.68897359578222e-06,0,3.09257576600633e-05,1.07447363093366e-06,7.03501127698271e-05,5.4740139835889e-05,0.000213686755563924,0,0.00168719991795556,0.00073742958706597,0.0816098513569144,0,0.00586619330939643,0.00817120181708725,0.00305517987815206,0.000532181170903712,0,1.71320524142147e-05
0,1.97618315541554e-05,0,0,0,0,0,0,0,0.00289518854240695,0,0.0113277200442976,0,0,0,0,0,0,0,0.000833489576929106,0,0.00377907640787545,0,0.00743264760974731,0,0,0,0.000360848519214762,0,0.000509133291785402,0,0,0,0.00190051723373434,3.5719845339424e-05,0.00844460479304114,0,0,0.00011094906694218,0,0,1.38129852345244e-05,0,0,0,0,0,0.000108895480912161,0,0.00431033664820986,0,0,0,0,0,9.51976818907168e-05,0,0.00243071530175965,0,0,0,0,0.00086647859332133,0,0.00150449366151056,0,0.00158405199212295,0,0,0,0.000230575993657975,0,0.000361307324473723,0,0,0,0.000893155248911411,0,0.00320661376416821,0,0.0511172010079638,0.000243073564130926,0.00296281988562872,0.0004570848907315,0.00346380921946123,0,0
6.40987079767837e-05,0,0,0,0,0,0,0,0.00164684414414817,0,0.0224399633424773,0,0,0,0,0,1.67516841895609e-05,0,5.90571548342387e-05,0,0.00244679947690794,4.78026727441514e-05,0.000819602662952721,0,0.0022111635382851,0,0,0,0,0,0.000167534518749411,0,0,0.00012663883842045,0.00154141945839865,0,0.00440086235690672,0.00011094906694218,0,1.54332970755042e-05,1.45278382584417e-05,7.32862163693227e-06,5.48026394362806e-05,0,0,0,0.000464155380084735,0.00655047686707706,0.00225090353051803,0,0,0,0,0,0.000216972971342547,0,0.00161294140755204,0,0,0,0,0,0,0.00148870021499408,2.16909627204632e-05,0.000733579240188618,0,0.00106735893707741,0,0,0,2.15864357404639e-05,0,0.000214229169552385,0,0,1.26162248706655e-05,0.00111650502631564,4.57613428517359e-06,0.00127738403820368,0,0.0483479186019107,0.00167799198375919,0.000228006534916405,0.00151262139091134,0,0.000111122338844702
0,0,1.05472155160716e-05,0.00642719121568283,0,0.00119513705765335,0,0,0,0.000132733060749481,0,0,0,0,0,0,0.0010081674574747,0.000580114664632366,0.039547040033389,0,9.32312908821374e-06,0,0,0,0,0,9.8992064735022e-05,0,0,0,0,2.08810073751568e-05,0,0.000240488177022793,0,0.000420838145009779,3.58158790785109e-05,0,1.54332970755042e-05,0,1.79054848061478e-05,0.0895321030064663,0.0123367870630322,0.00895884079225944,0.000129759056984951,0.133992539872944,0.00281850921243918,0.00738204716754743,0.00180927145746586,0.0724216205218224,0,0,0,0,0,0,6.1518954190197e-06,1.86431694518922e-05,0,0,0,0,0.000775603592906591,0.000415314720772949,0,1.99479104024112e-05,0,0,0,0.000112925250979209,0,3.08716040600424e-05,0.00272409942056172,0.000847909461358052,0.000427781186394574,0,0.000751324480631526,0,0.00887363022153535,0.000858741227599975,0.0022311844425948,0.000210862557636683,0.00134642170412903,1.51672793637806e-05,0.0531425798099857,0.00559812177128642,0.000476370829936426
0,0,0.000778698633636183,0,0.000466158515533296,0,0,0,0,0,7.58881383493496e-05,0,0,0,0,0,0.000125838174121875,4.96665596796604e-05,0.0014045585059236,0,0.000185526186853088,0,0,0,0,0,0,0,0,0,0,0,0,0,0,2.39570970865001e-05,0.00121732697927,0,1.45278382584417e-05,1.79054848061478e-05,0,3.02890324911133e-05,0.0111716573907323,0,0.000644808031305928,0.000231346315676701,0.0279177743869899,0.0048712205287992,0.0202589665113801,0,0.000782203597581152,0,0,0,0.000511738074196955,0,0.000742689782931322,0,0.000200209380300595,0,0.000100103908228862,0,0,0.01144913155329,0,0,0,0,0,0,0,0.00019668760698097,0,0.00146791826063135,0,0,0,0,4.38398898018273e-06,0.00838078972158836,0,0.000521693952740974,3.62561506092733e-05,0,0.0182524806020928,0.00024335368416478,0.00305231605570417
0,0.0125439012651295,0,0.00425908420999221,0,0.000282360387433233,0,0,0.000170584428841389,0.00126717990640382,0,0,0,0,1.94726863378403e-05,0,0.00034370049921483,0.000114588399301806,0.0472885804267949,0,4.26905880007798e-06,0,0,0,0,0,0,0,0,0,0,0.000442262407127175,0,0.000645404062049586,0,0.000391845493117765,3.87866351493286e-06,1.38129852345244e-05,7.32862163693227e-06,0.0895321030064663,3.02890324911133e-05,0,0.0140918581674808,0.00770767636682568,7.75414042107625e-06,0.00362703622808674,0.00191002596962803,0.00594346251140977,0.000201851808786516,0.0756044994791133,0,0,0,0,0,0.000177305310266337,2.24776856286967e-05,9.02855786486228e-05,0,0,0,0,5.88554398231272e-05,0.000413737371093585,0,0,0,0,0,0,0,0,0.00903058696120502,0.000135264461517705,0.000276732883376418,0,0.00246060599186591,0,0.00756816429874204,0.000367109128520128,0.00042773420420439,0.000203649359924689,0.00327965028631592,2.64576845615074e-05,0.0605740362101582,0.0675299615997596,0.000333026506337047
0.00194852083827585,0,0.000918328364654679,6.2108889212889e-05,0.000143874653932418,0,7.69587579253455e-05,0,0.000704318069706175,5.27754465200828e-05,3.28520301127827e-05,0,0,0,0,0,0.000799224890750289,8.68614967179129e-05,0.0100885319028532,0,0.000164084247695372,0,0,0,0,0,0,0,1.90343788288371e-05,0,0,4.00932530427453e-05,0,0.00011214814011892,0,3.08749678638098e-05,0.000182349044222485,0,5.48026394362806e-05,0.0123367870630322,0.0111716573907323,0.0140918581674808,0,0.000114684280519915,0.00145550004829509,0.000611905802196781,0.0442551767778455,0.00447827897765513,0.0110945820491272,0.00179855478050172,0,0,0,0,3.57088160210646e-05,0,0.0121997027199323,0,0.000144721094065849,0,0.000894635485991261,0,0,0.0135752141282178,0,0,0,0,0,0.0002623725924312,0,0.00450583704248973,4.89811407600037e-05,0.0151358314682458,4.63582409103262e-05,0,6.47126401604999e-05,0,0.000520017416005875,0.0130048317547903,1.60134933334687e-05,0.00478367471724887,0.00211163645015161,3.50573286524174e-05,0.108412187407267,0.000323702519921611,0.0506832127565823
0,0,0,0,0,0,0,0,0,0,0,0,0,0,0,0,2.96768538498226e-05,0,0.0077468572449583,0,0,0,0,0,0,0,0,0,0,0,0,0,0,0.00134506186380398,0,0.000376153119516244,1.51238056464052e-06,0,0,0.00895884079225944,0,0.00770767636682568,0.000114684280519915,0,0,0.00557492566093957,0.000121413157058458,0.00164189647716786,0,0.00701198992475512,0,0,0,0,0,0,0,9.92286269381757e-05,0,0,0,0,0,5.28069903531279e-05,0,0,0,0,0,0,0,0,0.00961291776289748,0.000305983533981476,0,0,0.000609630200181233,0,0.00598094867341557,2.61202778676201e-05,0.000655821724688633,0,3.59931425525567e-05,0,0.00976755013446735,0.0065272059208656,0
0,0,0,0,0,0,0,0,0,0,0,0,0,0,0,0,0,0,0.000228397358164249,0,0.000146834025092171,0,0,0,0,0,0,0,0,0,0,0,0,0,0,0,3.45804360779386e-06,0,0,0.000129759056984951,0.000644808031305928,7.75414042107625e-06,0.00145550004829509,0,0,0,0.00191391288911806,0,0,0,0,0,0,0,0,0,0,0,0,0,0,0,0,0.000875085047078698,0,0,0,0,0,0,0,0,0,0,0,0,0,0,0,0.000454299994413656,0,5.29331119892791e-05,5.5875238748865e-06,0,0.00227951882718964,0,0.000285655878236538
0,0,0,0.0082085145148895,0,0.00301877311383208,0,0,0,0.000488883930574582,0,2.66923212738309e-05,0,0,0,0,0.00021942820275538,8.89394842118791e-05,0.00638468733225973,0.00293593632354392,7.46952217143279e-05,0,0,0,0,0,0,0,0,0,0,0,0,7.32407898352302e-05,0,0.0015741929799888,1.73198508426266e-05,0,0,0.133992539872944,0.000231346315676701,0.00362703622808674,0.000611905802196781,0.00557492566093957,0,0,0.000372160653876588,0.000580953074981449,0.00320021634726319,0.00546336553568756,0,0,0,0,5.246532343585e-05,0,0,0.00039723975383996,0,0,0,0,0.0500128527241592,0.000107015975334386,0,0,0,0,0,0,0,0,0.0102888958049474,0,0,0,0.00014623604725996,0,0.0155864958048465,0.000228401647679819,0.00146067961301004,6.59538352314867e-05,0.000601491826101722,7.26614084899161e-05,0.0947209608798726,0.000764152916363091,0.000114746525337291
0.000284725164043155,1.18820657942853e-05,0.000172386632264594,2.40502081325972e-05,0.000280397430849658,0,0,0,6.31773170803474e-05,0,0.000168818078005942,0,0,0,0,0,0.00179972195558301,0.000572635153857689,0.0146750275449263,0,0.00297955603705429,0,0,0,0,0,0,0,0,0,7.32808950600072e-06,8.34983831020223e-06,0,2.5568471415144e-05,0,8.34963629021377e-06,0.00105549236919021,0,0.000464155380084735,0.00281850921243918,0.0279177743869899,0.00191002596962803,0.0442551767778455,0.000121413157058458,0.00191391288911806,0.000372160653876588,0,5.37326231206349e-05,0.00284822084667081,0.000435757401059756,0.00120072023896578,0,0,0,4.40327454208356e-05,0,0.00149906864104116,0,0.000184825272594559,0,9.8218199246853e-05,0,0,0.0705772914829381,0,0,0,0,0,0,0,0.000818981259925083,9.92466529464291e-06,0.00514657127327203,8.03499788617731e-06,0,6.37612753464602e-05,0,0.000356785852765141,0.0143360113791753,0,0.00777170003830851,0.000479721998131987,5.26337762382013e-05,0.0248099867359216,0.000130652869864321,0.00202382284495596
1.85007242533403e-05,0,0,7.61141008608552e-05,0,0,0,0,0,2.00929121816381e-05,0,0,0,0,0,0,5.95604030592206e-05,0,0.00363767103544119,0,0,0,0,0,0,0,0,0,0,0,0,0.0579279867524766,0.0361020967449516,0.131516274347303,0.0673669517789675,0.00573088578957018,0.000599077900494641,0.000108895480912161,0.00655047686707706,0.00738204716754743,0.0048712205287992,0.00594346251140977,0.00447827897765513,0.00164189647716786,0,0.000580953074981449,5.37326231206349e-05,0,0.168700944173627,0.028305452708924,0,0,0,0,0,0,1.4613490129773e-05,0,0,0,0,0,0,2.29291208669333e-05,0,0,0,0,0,0,0,0,2.65684332528682e-05,1.2018664307695e-05,0.207999843954543,0.0415116398457952,0.0630257701850508,0.042362645390861,0.0196443873173308,0.0203339725551526,8.58970975068652e-05,0.00228310357009179,0.00313062201684457,0.000730180067829091,0.0232885916602138,0.00102760358959719,0
0.0286789321195218,0,0.00414145242388978,0.000551631522903323,0.000341915118450861,0.000233006377320552,0,0,0.00375773932453973,0,9.77665468980939e-06,0,0,0,8.53230612176261e-05,0,4.81310825758929e-05,0,0.000116468989309289,2.18584082458171e-05,2.39710086013739e-05,0,0.0013546283043174,0,0.00786185731606067,0,0,0,0,0,0,0.000110449668480415,0.000508936533077747,0.00139391767482394,0.0263047817602854,0.000272124953973803,0.000705605429690118,0,0.00225090353051803,0.00180927145746586,0.0202589665113801,0.000201851808786516,0.0110945820491272,0,0,0.00320021634726319,0.00284822084667081,0.168700944173627,0,0.000759966506706946,7.76188546214981e-05,0,0,0,0.0133120829966832,0,0.00508001031607577,0,0.00407790540055767,0,0.00598128905909976,0,0,0.00121098181118994,0,0.00193131359645155,0,0.0222250499720754,0,0.0067104676212201,0,0.00197511535478323,0,0.00171670041986248,0.000292611565384129,0.000491059670909318,0.000680345258972395,0.00192116037844071,0.000739475964910393,0.0114698064940189,2.91326225375989e-06,0.0150836746348971,0.00141389683414857,2.90493065238182e-05,0.0237461431131662,0,3.46717682892048e-05
0,0.022453829358616,0,0.0084328005496442,0,0.000163936529765572,0,0,0,0.00320111649825484,0,0,0,0,0,0,9.81809091468554e-05,0.00011192937548755,0.0155144243889738,0,0,0.00261469558809462,0,0.00105650751327712,0,0,0,0,0,0,0,0.00284101069404187,0,0.00585232434268898,0,0.00041398027622581,1.45453218948374e-06,0.00431033664820986,0,0.0724216205218224,0,0.0756044994791133,0.00179855478050172,0.00701198992475512,0,0.00546336553568756,0.000435757401059756,0.028305452708924,0.000759966506706946,0,0,0,0,0,0,0,0,0,0,0,0,0,0.000309257651590427,5.37949917428757e-05,0.00488480784390495,0,0.00682784830443049,0,0.000376041555825986,0,0.00541546655733583,0,0.00141348159606989,1.80173799025348e-05,0.00477394886107294,0,0.000711373308502315,0,0.00171889413969829,9.50202429408578e-05,0.00476389402270445,5.5962114738829e-05,0.000715785423783994,2.11545499065723e-05,0.0326670518656213,0.0183769279283028,0.000241091124199822
0.000775303011164366,0,0.00384504359717429,0,0.0790893905012762,0,0.00468738683730694,0,0.0198013025273044,0,0.000238748014129263,0,0.000481983551329709,0,0.00543240585785881,0,0,0,0,0,0.0145701441954982,0,0,0,0,0,0,0,0,0,0,0,0,0,0,0,6.72397722467231e-05,0,0,0,0.000782203597581152,0,0,0,0,0,0.00120072023896578,0,7.76188546214981e-05,0,0,0,0.0101171322727536,0,0.00537997264684985,0,0.000325018410304177,0,0.0246457689199292,0,0.00479539125963761,0,0,0.00744229189805684,0,0,0,0,0,0,0,0,0,0,0,0,0,0,0,0.000923826853270952,0,0,0.000170080979572317,0.000276962858241481,0.00220574244892554,0,0
0,0,0,0,0,0.074383368214814,0,0.00177343635348927,0,0,0,0,0,0.000510795937085945,0,0,0,0,0,0,0,0,0,0,0,0,0,0,0,0,0,0,0,0,0,0,0,0,0,0,0,0,0,0,0,0,0,0,0,0,0,0,0,0.00964344554541675,0,0,0,0,0,0.00187038139901258,0,0,0,0,0,0,0,0,0,0,0,0,0,0,0,0,0,0,0,0,0,0,0.000506102964052875,0,0,0,0
0,0,0,0,0.00109597245550995,0,0.0745714504478631,0,0,0,0.00129398647736049,0,0,0,0,0,0,0,0,0,0.00088410084416778,0,0,0,0,0,0,0,0,0,0,0,0,0,0,0,0,0,0,0,0,0,0,0,0,0,0,0,0,0,0.0101171322727536,0,0,0,0,0,0.00211867132283598,0,0.00350801137753793,0,0,0,0,0.000157568475868205,0,0,0,0,0,0,0,0,0,0,0,0,0,0,0,0,0,0,0.000209973063286691,3.00170749529405e-06,0,0,0
0,0,0,0,0,0.010758363188161,0,0.0470989759078204,0,0,0,0.0125392289375021,0,0,0,0,0,0,0,0,0,0,0,0,0,0,0,0,0,0,0,0,0,0,0,0,0,0,0,0,0,0,0,0,0,0,0,0,0,0,0,0.00964344554541675,0,0,0,0,0,0.00592076378468591,0,0.000159676414615442,0,0,0,0,0,0,0,0,0,0,0,0,0,0,0,0,0,0,0,0,0,0,0.000178127228912349,0,0,0,0
0.054484323139767,0,0.0240471127905392,0,0.018757020880722,0,0.000388452705620278,0,0.124630830683288,0,0,0,5.04262003354766e-05,0,0.0356568394717733,0,0.00413186135922025,0.000243449895694297,0.000782758629178442,0,0,0,3.64253351786553e-05,0,0.0109485948097339,0,0.00926916481136584,0,0.000149638976568334,0,0,0,0,0,0,0,0,0,0.000216972971342547,0,0.000511738074196955,0,3.57088160210646e-05,0,0,5.246532343585e-05,4.40327454208356e-05,0,0.0133120829966832,0,0.00537997264684985,0,0,0,0,0,0.00265945852228696,0,0.00663731670081685,0,0.0569062414123317,0,0,0.000346772540998852,0,0,0,0.0446298428443458,0,0.0107284901501016,0,0.000321655581315112,0,0.000100941402989287,0,0,0,0,0,4.10323423038661e-05,0,0.00214242747688322,0.00050358730861201,0,0.00463463744135987,0,0
0,0.1208687817574,0,0.0128669815844781,0,0,0,0,0,0.0609964630657807,0,0,0,0,0,0,0,0.000311658336210159,0,0,0,0,0,0.0386894151440713,0,0.00681802458155105,0,0,0,0,0,0,0,0,0,0,0,9.51976818907168e-05,0,0,0,0.000177305310266337,0,0,0,0,0,0,0,0,0,0,0,0,0,0,0,0,0,0,0,0,0,0,0,0,0.0737138046498513,0,7.80690389666806e-05,0,0,0,0,0,0,0,0,0,0,0,0.000395405843630679,0,0.000276709095684556,0,0.000723534171151369,0,0
0.00805905166531191,0,0.0138045732564381,0,0.000197910054201009,0,0.00516503652994801,0,0.00216035434272335,0,0.0928598473349636,0,0,0,0.000498518607022796,0,2.23522889844396e-05,3.1331587612362e-06,0.000168551432689128,0,0.0776588730780745,0,0,0,0,0,0,0,0,0,0.00209885592990334,0,0,0,0,0,0.000229023206825832,0,0.00161294140755204,6.1518954190197e-06,0.000742689782931322,2.24776856286967e-05,0.0121997027199323,0,0,0,0.00149906864104116,1.4613490129773e-05,0.00508001031607577,0,0.000325018410304177,0,0.00211867132283598,0,0.00265945852228696,0,0,0,0.010257481066645,0,0.00543993111967463,0,0,0.036843359200057,0,0,0,0,0,0,0,0.0218317761396414,0,0.0374447982620299,0,0,0,0,2.47124031141344e-06,0.00120486898377656,0,0.00345082453773664,0.000161350654263464,3.55684177545099e-06,0.0257138485104342,0,0.00902751237669227
0,0,0,0,0,0,0,0.00255913472920366,0,0,0,0.160560071649115,0,0.00724687750540425,0,0,0,0,0,0.00306938746365107,0,0,0,0,0,0,0,0,0,0.00318009305181299,0,0,0,0,0,2.40021182594856e-05,0,0.00243071530175965,0,1.86431694518922e-05,0,9.02855786486228e-05,0,9.92286269381757e-05,0,0.00039723975383996,0,0,0,0,0,0,0,0.00592076378468591,0,0,0,0,0,0.00834539354508175,0,0,0.00129817609691638,0,0,0,0,0,0.00208077645907892,0,0.00345718416631338,0,0.026207632437324,0,0,0,0,0,1.47822449327069e-05,0,0.000337590073457969,0,0.000201447059433288,0,0.00198552920279642,0.000228781243669058,0
0.00583034322758116,0,0.0035167054603537,0,0.00172686971117974,0,8.33540433494975e-05,0,0.00482959018119752,0,2.871662884509e-05,0,0.0067421379011597,0,0.0103604081420132,0,5.51831415770833e-05,0,0,0,4.10322034487744e-05,0,0,0,2.21794772941705e-05,0,0,0,0,0,0,0,0,0,0,0,2.55308861680262e-06,0,0,0,0.000200209380300595,0,0.000144721094065849,0,0,0,0.000184825272594559,0,0.00407790540055767,0,0.0246457689199292,0,0.00350801137753793,0,0.00663731670081685,0,0.010257481066645,0,0,0,0.0149791972605907,0,0,0.000943784079018993,0,0,0,0.000174404403311308,0,0.000559223271242887,0,8.0830526433743e-05,0,1.82843775760823e-05,0,0,0,0,0,0.000156311781795642,0,5.09763882929667e-06,0.000275759545697973,0,0.00280923142529737,0,0
0,5.71469572448946e-05,0,0,0,0.00032298747805375,0,0,0,0,0,0.00597415586578772,0,0.0959383664690472,0,0.00663008063839722,0,0,0,0,0,0,0,0,0,0.000414566337847182,0,0.0112552560466638,0,0,0,0,0,0,0,0,0,0,0,0,0,0,0,0,0,0,0,0,0,0,0,0.00187038139901258,0,0.000159676414615442,0,0,0,0.00834539354508175,0,0,0,0.00861154925662234,0,0,0,0,0,0,0.00137800894034723,0,0.00692038707016172,0,0,0,0,0,0,0,0,0,0,0,0.000281897630808487,0.000291875821472621,1.60481594723465e-05,0,0
0.0121354574835858,0,0.0248232752733018,0,0.000545868598007919,0,0,0,0.0284354811334976,0,0,0,0,0,0.0508450018994196,0,0.00281490502126225,0.000218102220888553,0.000115203161611893,0,0.000270331185042842,0,0,0,0.000856201522921632,0,0.0092018661091994,0,0,0,0,0,0,0,0,0,6.59929299857791e-06,0,0,0,0.000100103908228862,0,0.000894635485991261,0,0,0,9.8218199246853e-05,0,0.00598128905909976,0,0.00479539125963761,0,0,0,0.0569062414123317,0,0.00543993111967463,0,0.0149791972605907,0,0,0,0,0.00170402570739834,0,0,0,0.0039134414090197,0,0.0181019425580166,0,0.00385879856651085,0,0.000116606182628202,0,0,0,0,0,0.000169195004505666,0,0,0.000173886770491265,3.80221631130744e-06,0.00792007613710512,0,0
0,0.000218730991596063,0,0,0,0.000528785251509727,0,0,0,0.000799409101781442,0,0,0,0.000214145840417943,0,0.0124846206427592,0,0.00812945221395077,5.10641556089263e-05,0,0,0,0,0,0,0.0222608596733398,0,0.00246693946046799,0,0,0,0,0,0,0,0,0,0,0,0,0,0,0,0,0,0,0,0,0,0,0,0,0,0,0,0,0,0,0,0.00861154925662234,0,0,0,0,0,0,0.000147111539035852,0,0.0234250436895607,0,3.78108849239918e-05,0,0,0,0,0,0,0,0,0,3.1270941509437e-06,0,3.79186620689891e-05,0,0,0,0
0,0,0,0,0,0.0017760693667035,0,0,0,0,0,0.0106005850419752,0,0,0,0,0,0,0,0.234566687510749,0,0,0,0,0,0,0,0,0,0,0,0,0,0,0,0.0132086767454344,0,0.00086647859332133,0,0.000775603592906591,0,5.88554398231272e-05,0,0,0,0.0500128527241592,0,0,0,0.000309257651590427,0,0,0,0,0,0,0,0.00129817609691638,0,0,0,0,0,0,0,0,0,0,0,0,0,0,0.000258511108171471,0,0,0,0,0,0.0144760509828699,0,0.00199936559206772,0,0.0018717445556254,0.000769974871955018,0.0157852245366385,0,0
