0,0,0.170529695866752,0,0,0,0,0,0.14297856680221,0.222029243906339,0,0,0,0,0,0,0,0.325407654047012,0.414376018775834,0,0,0,0,0,0,0,0,0,0,0,0,0,0,0,0,0,0,0.261945578314009,0,0,0.436488950625062,0.247658368945122,0.237272104858851,0,0,0,0.308587692876657,0.325995162129402,0.145529560221915,0.338296150619333,0,0,0,0,0.175869762542702,0,0,0,0,0,0.159799176852713,0,0,0.426904946565628,0,0,0,0,0,0,0,0,0,0,0,0,0,0,0.290848195552826,0.373082863771363,0,0.38913631439209,0.253851731227977,0,0.259202164264927,0,0.196610227227211
0,0,0,0.11278635719374,0,0.115765212414165,0,0,0,0.130867569420501,0,0,0,0,0,0.161794089202611,0.334873181581497,0.277610898017883,0.274087695682302,0,0,0,0,0,0,0,0,0,0,0,0,0,0,0,0,0.310974180698395,0,0,0,0.295153545481818,0,0.211227808690187,0.261744235952695,0,0,0.297590335011482,0.264062233269215,0,0.315275353193283,0.167461851565552,0,0,0,0,0,0.152409477028209,0,0.189516976475716,0,0,0,0.192284416318538,0,0,0,0,0.192821592092514,0,0.199415346980095,0,0,0,0,0,0,0,0,0,0.347225592604705,0,0.376610681414604,0,0.215451513855038,0.111097618937492,0.265314732439223,0.234017696380615,0
0.170529695866752,0,0,0,0.140701387090827,0,0,0,0.129763840245349,0,0,0,0,0,0,0,0.252309162169695,0.251486085355282,0.277050349116325,0,0,0,0,0,0,0,0,0,0,0,0,0,0,0,0,0,0,0.287981937328974,0,0.269406884908676,0.227079525403678,0.230937004089355,0.252816967865718,0,0,0,0.25250133167031,0.267352911559018,0.240244104216496,0,0.159748145374092,0,0,0,0.130177332991106,0,0.225046452394752,0,0.152372692420613,0,0.125527635216713,0,0,0.209506841200703,0,0,0,0,0,0,0,0,0.283049821853638,0.262341320049018,0,0,0,0,0.260637521743774,0.299788924244543,0,0.224432962139448,0.250405168869925,0.288085579872131,0.22414590109346,0.230056285858154,0.247292430627914
0,0.11278635719374,0,0,0,0.138048001565039,0,0,0,0.124972653730462,0,0,0,0,0,0,0,0.268043220043182,0.230798300769594,0.172754708964091,0,0,0,0,0,0,0,0,0,0,0,0,0,0,0,0.179404858499765,0.213334366679192,0,0,0.240618688256844,0.213206738233566,0.23652817045028,0.229878746800952,0,0,0.171014308929443,0,0.236969334738595,0.25401964969933,0.224391068382697,0,0.171352702669981,0,0,0,0.141264053315602,0,0.163672927690532,0,0.158412840556015,0,0.161415748298168,0.205759006841429,0,0,0,0,0,0,0,0,0,0.247671005350572,0,0,0,0,0,0.213839829914154,0.234255939722061,0.246129461604616,0,0.158278799006494,0.231249876577279,0.190259151089849,0.249353483319283,0
0,0,0.140701387090827,0,0,0,0.130584638565779,0,0.117715453648049,0,0.140044882893562,0,0,0,0.134317313822416,0,0.237849488854408,0.245923846960068,0.228377361710255,0.211035415530205,0.156041125902125,0,0,0,0,0,0,0,0,0,0,0,0,0,0,0,0.19498804807663,0.239536255598068,0,0,0.205489527238043,0,0.224674933866875,0,0,0,0.208519951293343,0.234718869839396,0.223154762840789,0.240463182330132,0.164558875605021,0,0.147381335496902,0,0,0,0.191475970670581,0,0,0,0,0,0,0.172126625974973,0,0,0,0,0,0,0,0,0,0.226570479571819,0,0,0,0,0,0.237052710726857,0,0.265687853097916,0.149550789833845,0.220842513171109,0.183841256500297,0,0.222357861697674
0,0.115765212414165,0,0.138048001565039,0,0,0,0.144002115353942,0,0.115226118667768,0,0,0,0,0,0.18193951010704,0,0,0,0.186387809667181,0,0,0,0,0,0,0,0,0,0,0,0,0,0,0,0.179257680069317,0,0,0,0,0,0.227194186300039,0.236194476485252,0,0,0.182641997933388,0,0.208710074424744,0,0.220028067628543,0,0.211688570537657,0,0.14379246532917,0,0.131519787013531,0,0.289308496647411,0,0.175184719264507,0,0.167810321847598,0.24743884572616,0,0,0,0,0,0,0,0,0,0,0,0,0,0,0,0.195115777061266,0,0,0,0.164438570796231,0.223361078521301,0.168553618949001,0.225639993945758,0
0,0,0,0,0.130584638565779,0,0,0,0,0,0.147089265286922,0,0,0,0,0,0,0,0,0,0.158766742722661,0,0,0,0,0,0,0,0,0,0,0,0,0,0,0,0.21628050506115,0,0,0,0,0,0.203822553157806,0,0,0,0,0,0,0,0.122127320617437,0,0.144857719080684,0,0,0,0.146993222749896,0,0,0,0,0,0,0.146676767617464,0,0,0,0,0,0,0,0,0,0,0,0,0,0,0,0,0,0,0.15573731168758,0.135313051939011,0.161620438098907,0,0
0,0,0,0,0,0.144002115353942,0,0,0,0,0,0.172670697707396,0,0.156971754878759,0,0,0,0,0,0,0,0,0,0,0,0,0,0,0,0,0,0,0,0,0,0,0,0,0,0,0,0,0,0,0,0,0,0,0,0,0,0,0,0.168234397790262,0,0,0,0.203311059404822,0,0.163766955956817,0,0,0,0,0,0,0,0,0,0,0,0,0,0,0,0,0,0,0,0,0,0,0.157208028331138,0,0,0,0
0.14297856680221,0,0.129763840245349,0,0.117715453648049,0,0,0,0,0,0,0,0,0,0.132945480181383,0,0.175235971808434,0,0,0,0,0,0,0,0.158905003752027,0,0.161946773529053,0,0,0,0,0,0,0,0,0,0,0.238168224692345,0.16871212309421,0,0.262379795312881,0.235782667994499,0.117653513351431,0,0,0,0.302887712915738,0.34702608982722,0.147813488211897,0.339092701673508,0,0,0,0,0.166428165963063,0,0,0,0,0,0.131331407616281,0,0,0,0,0,0,0.186064248283704,0,0.189464047551155,0,0,0,0,0,0,0,0,0,0.282694791492663,0,0.205852682712258,0.15135135790874,0.159821137289206,0.15556425701804,0,0
0.222029243906339,0.130867569420501,0,0.124972653730462,0,0.115226118667768,0,0,0,0,0,0,0,0,0,0.146017266242807,0,0.156901732087135,0.151899639404181,0,0,0,0,0.174977011102087,0,0.144301507783973,0,0,0,0,0,0,0,0,0,0,0,0.168681715407498,0,0,0,0.193839399661455,0.264583736658096,0,0,0,0,0,0.335143432021141,0.160528172161326,0,0.130810841917992,0,0,0,0.166857137214489,0,0.211518893639247,0,0,0,0.176238162681842,0.221375271677971,0,0,0,0.197629853728272,0,0,0,0,0,0.221725448966026,0,0,0,0.200061552226543,0,0,0,0.231573016503278,0,0.148161437424768,0.144653574900424,0.153446259826834,0.234002158045769,0
0,0,0,0,0.140044882893562,0,0.147089265286922,0,0,0,0,0,0.152726417300957,0,0,0,0,0,0,0,0.137581433200873,0,0,0,0,0,0,0,0.161893299427526,0,0.060302409529686,0,0,0,0,0,0.136927997862751,0,0.127882817235147,0,0,0,0,0,0,0,0,0,0,0,0,0,0,0,0,0,0.159343901553484,0,0.162794190366532,0,0,0,0,0.134288103950076,0,0,0,0,0,0,0,0.153012895923958,0,0.0709112346172333,0,0,0,0,0,0.149916045154844,0,0.146119859743686,0.126663755777746,0.144937346378962,0,0,0
0,0,0,0,0,0,0,0.172670697707396,0,0,0,0,0,0.167673700450979,0,0,0,0,0,0.132046608806966,0,0,0,0,0,0,0,0.152054645121098,0,0.134938794590625,0,0,0,0,0,0.10785820027043,0,0.14300187023984,0,0,0,0,0,0,0,0,0,0,0,0,0,0,0,0.175185906323227,0,0,0,0.156839557260382,0,0.166326430729694,0,0,0.131965113437583,0,0,0,0,0,0,0,0,0,0.15905843005939,0,0,0,0,0,0.13548818975687,0,0.131894600968207,0,0.129679983280245,0.168853463871138,0.233952689629335,0,0
0,0,0,0,0,0,0,0,0,0,0.152726417300957,0,0,0,0.161775739820859,0,0,0,0,0,0,0,0,0,0,0,0,0,0.182423628866673,0,0,0,0,0,0,0,0,0,0,0,0,0,0,0,0,0,0,0,0,0,0,0,0,0,0,0,0.155160373911775,0,0.159148865368929,0,0.159917697310448,0,0,0,0,0,0,0,0,0,0,0,0,0,0,0,0,0,0,0,0,0,0.150924232912201,0.155944318606936,0,0,0
0,0,0,0,0,0,0,0.156971754878759,0,0,0,0.167673700450979,0,0,0,0.123282244259661,0,0,0,0,0,0,0,0,0,0,0,0.159044385157727,0,0.122433647871017,0,0,0,0,0,0,0,0,0,0,0,0,0,0,0,0,0,0,0,0,0,0,0,0.125825207680464,0,0,0,0.169175482400336,0,0.15602082242263,0,0.14248497340296,0,0,0,0,0,0,0,0,0.129237830638885,0,0,0,0,0,0,0,0,0,0,0,0.169460495466022,0.158626852743328,0,0,0
0,0,0,0,0.134317313822416,0,0,0,0.132945480181383,0,0,0,0.161775739820859,0,0,0,0.121193923322218,0,0,0,0,0,0,0,0,0,0.125290282070637,0,0,0,0,0,0,0,0,0,0,0,0,0,0,0,0,0,0,0,0,0,0,0,0.14452755600214,0,0,0,0.155224026092943,0,0,0,0.174413416274758,0,0.148410003383954,0,0,0,0,0,0,0,0,0.14837671816349,0,0,0,0,0,0,0,0,0,0,0,0,0.134225489837783,0.141166761517525,0,0,0
0,0.161794089202611,0,0,0,0.18193951010704,0,0,0,0.146017266242807,0,0,0,0.123282244259661,0,0,0,0.116125241108239,0,0,0,0,0,0.142982886832895,0,0.0987649643793702,0,0,0,0,0,0,0,0,0,0,0,0,0,0,0,0,0,0,0,0,0,0,0,0.205567114055157,0,0.154553895195325,0,0,0,0.14936540779822,0,0,0,0.141105257684276,0,0.147113726047489,0,0,0,0,0.157295521564674,0,0.139014620759657,0,0,0,0,0,0,0,0,0,0,0,0,0,0.161540947505273,0.161981265246868,0.178569590051969,0,0
0,0.334873181581497,0.252309162169695,0,0.237849488854408,0,0,0,0.175235971808434,0,0,0,0,0,0.121193923322218,0,0,0.154467316845944,0.25122526026174,0,0,0,0.125633754822694,0,0.179064337231896,0,0.124665670057968,0,0.161304221640934,0,0,0,0,0,0,0,0,0,0,0.281272892566288,0.280631331691317,0.223577698268513,0.226703128212897,0,0,0.276369195963655,0.276991615060871,0,0.205524817109108,0.2250277913279,0.240682691335678,0,0,0,0.156548887491226,0,0.277994025279494,0.265604226426645,0,0,0,0,0.257871901447123,0.271478440364202,0,0.124890688637441,0,0.182264646197238,0,0.133228931414044,0,0,0.279815667867661,0.254493735730648,0,0,0,0,0.306889976671027,0.304327126852302,0.306048294529319,0.300110338104738,0.196490467885756,0.212753391401334,0.274040784487174,0.22380540602737,0.232659474015236
0.325407654047012,0.277610898017883,0.251486085355282,0.268043220043182,0.245923846960068,0,0,0,0,0.156901732087135,0,0,0,0,0,0.116125241108239,0.154467316845944,0,0.261382553258133,0,0,0.149719464867297,0,0.164430571099122,0,0.103309269662194,0,0,0,0,0,0,0,0,0,0,0,0,0,0.270607840328936,0.275879147237745,0.235951904580955,0.217255081981421,0,0,0.284632094528364,0.273672297596931,0,0.21195513010025,0.24108817496083,0,0,0,0,0,0,0.287685632705688,0.279793519435859,0,0.24765333533287,0,0.109600841936444,0.289241292513907,0.269992639621099,0.174471394604315,0,0.155204320947329,0,0.12820141836281,0,0,0,0.288317678496242,0.283093363046646,0,0,0,0,0.308236184568007,0.305697651682319,0.311899746031988,0.271872490644455,0.18522276711128,0.145874676479381,0.273706126269571,0.248549698274347,0.238995760679245
0.414376018775834,0.274087695682302,0.277050349116325,0.230798300769594,0.228377361710255,0,0,0,0,0.151899639404181,0,0,0,0,0,0,0.25122526026174,0.261382553258133,0,0.238472312688828,0,0,0,0,0,0,0,0,0,0,0,0,0,0,0,0.228246808052063,0,0.136798001825809,0,0.263251024837428,0.282224750149614,0.195937517864707,0.191757780051586,0,0,0.314942585277385,0.284406006676163,0,0.219550165534019,0.21222433861759,0.244648143649101,0,0,0,0,0.216471674541632,0.28306512460641,0.286549924463034,0.222506582736969,0,0,0,0.308335783450227,0.298054285206885,0,0,0,0,0,0,0,0,0.293859284614091,0.282001165102939,0,0,0,0,0.320062050139004,0.318603628994422,0.330317620800664,0.341592332168862,0.216171271206882,0.218053821612287,0.279771702423116,0.206507468277881,0.199648090267092
0,0,0,0.172754708964091,0.211035415530205,0.186387809667181,0,0,0,0,0,0.132046608806966,0,0,0,0,0,0,0.238472312688828,0,0,0,0,0,0,0,0,0,0,0.118818402290344,0,0,0,0,0,0.156670877650083,0,0.136665647028464,0,0.25736190751195,0,0.224068946018815,0.228211686015129,0,0,0.167753010988235,0,0.226407382637262,0,0.218357243471675,0,0.258724022749042,0,0,0,0,0,0.284252050813738,0,0,0,0,0.156228171233057,0,0,0,0,0,0,0,0,0,0.171462848782539,0,0,0,0,0,0.175081365703163,0,0.152707355177921,0,0.144551556892274,0.231171412493593,0.175235021954928,0,0
0,0,0,0,0.156041125902125,0,0.158766742722661,0,0,0,0.137581433200873,0,0,0,0,0,0,0,0,0,0,0,0,0,0,0,0,0,0,0,0,0,0,0,0,0,0.149990731723065,0,0.140867479965774,0,0.183108635601543,0,0.216972497793344,0,0,0,0,0.229746416211128,0.209155036055523,0,0.189613872895035,0,0.154308199882507,0,0,0,0.148529091477394,0,0,0,0,0,0,0.15972454842856,0,0,0,0,0,0,0,0,0,0.208454638719559,0,0,0,0,0,0.161878896342588,0,0.18970395395389,0.158572465609256,0.237337083739089,0.195122126753282,0,0.237502783536911
0,0,0,0,0,0,0,0,0,0,0,0,0,0,0,0,0,0.149719464867297,0,0,0,0,0.121198256007356,0.159122333898173,0,0.132737312804569,0,0.174740152557691,0,0,0,0,0,0,0,0,0,0.135989993941584,0,0,0,0,0,0,0,0,0,0,0,0.211493510338995,0,0,0,0,0,0,0,0,0,0,0,0,0,0,0.137244992120169,0.140522130564147,0.16755611915328,0,0.131658331258222,0,0.161420105766934,0,0,0,0,0,0,0,0,0,0.141299339424213,0,0.134196735034824,0.134669367951709,0,0,0
0,0,0,0,0,0,0,0,0,0,0,0,0,0,0,0,0.125633754822694,0,0,0,0,0.121198256007356,0,0,0.167842465090124,0,0.160797788155457,0,0.157750580459833,0,0,0,0,0,0,0,0,0.135525671641032,0.183798856204623,0,0,0,0,0,0,0,0,0.414975188672543,0.322924142189928,0.453102707862854,0,0,0,0,0,0,0,0,0,0,0,0,0,0,0.131026311195455,0.159151081585788,0,0.153365924222661,0,0.136872919069396,0,0.148219282810505,0,0,0,0,0,0,0,0,0.144785762764513,0.20422080996282,0.134844781415203,0.1105073513421,0.228097272989077,0,0
0,0,0,0,0,0,0,0,0,0.174977011102087,0,0,0,0,0,0.142982886832895,0,0.164430571099122,0,0,0,0.159122333898173,0,0,0,0.159437987503022,0,0,0,0,0,0,0,0,0,0,0,0.189489445611229,0,0,0,0.148593664169312,0.346626222133636,0,0,0,0,0,0,0.231364274236037,0,0,0,0,0,0.263193589448929,0,0,0,0,0,0,0,0,0.156140022527646,0,0.154419258432953,0,0.161760345101357,0,0,0,0,0,0,0,0,0,0,0,0.188229466376246,0,0.143386285922249,0,0.276528890182575,0,0
0,0,0,0,0,0,0,0,0.158905003752027,0,0,0,0,0,0,0,0.179064337231896,0,0,0,0,0,0.167842465090124,0,0,0,0.168892421381603,0,0,0,0,0,0,0,0,0,0,0,0.193323526133294,0,0,0,0,0,0,0,0,0,0.235975847225035,0,0,0,0,0,0.175139456714799,0,0,0,0,0,0,0,0,0,0,0.221031754036968,0,0.218705124186778,0,0.176203755469158,0,0,0,0,0,0,0,0,0,0,0,0.204308952489668,0.155499209211842,0,0.309677125836806,0,0
0,0,0,0,0,0,0,0,0,0.144301507783973,0,0,0,0,0,0.0987649643793702,0,0.103309269662194,0,0,0,0.132737312804569,0,0.159437987503022,0,0,0,0.140075664394177,0,0,0,0,0,0,0,0,0,0,0,0,0,0,0,0,0,0,0,0,0,0,0,0,0,0,0,0.139800108969212,0,0,0,0,0,0,0,0,0.148964552132874,0,0.163643333930392,0,0.173649580918089,0,0.13903321325779,0,0,0,0,0,0,0,0,0,0,0,0.125067411111547,0,0,0,0
0,0,0,0,0,0,0,0,0.161946773529053,0,0,0,0,0,0.125290282070637,0,0.124665670057968,0,0,0,0,0,0.160797788155457,0,0.168892421381603,0,0,0,0.143063888375489,0,0,0,0,0,0,0,0,0,0,0,0,0,0,0,0,0,0,0,0,0,0,0,0,0,0.163896977475711,0,0,0,0,0,0,0,0,0,0,0.150651019587312,0,0.152595021855941,0,0.151342923878361,0,0.135603655129671,0,0,0,0,0,0,0,0,0,0,0.149461660364812,0,0,0,0
0,0,0,0,0,0,0,0,0,0,0,0.152054645121098,0,0.159044385157727,0,0,0,0,0,0,0,0.174740152557691,0,0,0,0.140075664394177,0,0,0,0.151431582444488,0,0,0,0,0,0,0,0.149358455091715,0,0,0,0,0,0,0,0,0,0,0,0,0,0,0,0,0,0,0,0.145508640690854,0,0.145448554111154,0,0,0,0,0.170459190958014,0,0,0,0.164406062666055,0,0.16095543556986,0,0.153036337325482,0,0,0,0,0,0,0,0.179129404718416,0,0.158823655364481,0.109658718109131,0,0,0
0,0,0,0,0,0,0,0,0,0,0.161893299427526,0,0.182423628866673,0,0,0,0.161304221640934,0,0,0,0,0,0.157750580459833,0,0,0,0.143063888375489,0,0,0,0.178024291916492,0,0,0,0,0,0,0,0.142000067698297,0,0,0,0,0,0,0,0,0,0,0,0,0,0,0,0,0,0.154660474509001,0,0.158681288361549,0,0,0,0,0,0,0.14749136792891,0,0,0,0.125101208686829,0,0.152397234181708,0,0.175863098761398,0,0,0,0,0,0,0,0.149044100053703,0.157926117522376,0.173119705915451,0,0,0
0,0,0,0,0,0,0,0,0,0,0,0.134938794590625,0,0.122433647871017,0,0,0,0,0,0.118818402290344,0,0,0,0,0,0,0,0.151431582444488,0,0,0,0,0,0,0,0,0,0.136650377384254,0,0,0,0,0,0,0,0,0,0,0,0,0,0,0,0,0,0,0,0.133744762804275,0,0.123898236453533,0,0,0,0,0,0,0,0,0,0,0.147182603729955,0,0.150669850347084,0,0,0,0,0,0,0,0.136450763083086,0,0.15691463347354,0,0,0,0
0,0,0,0,0,0,0,0,0,0,0.060302409529686,0,0,0,0,0,0,0,0,0,0,0,0,0,0,0,0,0,0.178024291916492,0,0,0,0,0,0,0,0,0,0.136829538305975,0,0,0,0,0,0,0,0,0,0,0,0,0,0,0,0,0,0.0816080843408902,0,0,0,0,0,0,0,0,0,0,0,0,0,0,0.1709765615843,0,0.171548304511754,0,0,0,0,0,0,0,0.141223166882992,0.138696115463972,0,0,0,0
0,0,0,0,0,0,0,0,0,0,0,0,0,0,0,0,0,0,0,0,0,0,0,0,0,0,0,0,0,0,0,0,0.144559482002561,0.272126574069262,0.177960390845935,0.162755417664064,0.146316355203881,0,0,0,0,0,0,0,0,0,0,0.362193502029481,0.440727128702051,0.428840849134657,0,0,0,0,0,0,0,0,0,0,0,0,0,0,0,0,0,0,0,0,0,0,0,0,0.280464466151405,0.137553721193201,0,0.128631722182035,0.308776696647831,0.118943671572883,0,0,0.134288086646026,0,0,0,0
0,0,0,0,0,0,0,0,0,0,0,0,0,0,0,0,0,0,0,0,0,0,0,0,0,0,0,0,0,0,0,0.144559482002561,0,0.138810605901044,0.210161406014647,0.211983003964027,0.152509601776209,0,0,0,0,0,0,0,0,0,0,0.327337933619591,0,0,0,0,0,0,0,0,0,0,0,0,0,0,0,0,0,0,0,0,0,0,0,0,0,0,0.220093185823687,0.201655110719066,0,0.192827343940735,0.294402919935458,0.171332008296152,0,0,0.141949745353323,0,0,0,0
0,0,0,0,0,0,0,0,0,0,0,0,0,0,0,0,0,0,0,0,0,0,0,0,0,0,0,0,0,0,0,0.272126574069262,0.138810605901044,0,0.191462387649292,0.169105524174887,0,0.136978898197412,0.206814015868806,0,0,0,0.522434453169505,0,0,0,0,0.358726723296078,0.448247608263046,0.515893280506134,0,0,0,0,0,0,0,0,0,0,0,0,0,0,0,0,0,0,0,0,0,0,0,0,0.367102270325025,0.138526974053218,0.168545907793975,0.153345489335295,0.166050535616906,0,0.142363383410833,0.150314337440899,0.203094019679538,0.180186316370964,0.565129555323545,0,0
0,0,0,0,0,0,0,0,0,0,0,0,0,0,0,0,0,0,0,0,0,0,0,0,0,0,0,0,0,0,0,0.177960390845935,0.210161406014647,0.191462387649292,0,0,0.154192975737323,0,0.159321710467339,0,0,0,0,0,0,0,0,0.330111522784104,0.44899377822876,0,0,0,0,0,0,0,0,0,0,0,0,0,0,0,0,0,0,0,0,0,0,0,0,0,0,0.180527309116149,0.170653267447866,0.180744831183655,0,0.152127357651886,0,0.140619336412503,0.152373074122739,0,0,0,0
0,0.310974180698395,0,0.179404858499765,0,0.179257680069317,0,0,0,0,0,0.10785820027043,0,0,0,0,0,0,0.228246808052063,0.156670877650083,0,0,0,0,0,0,0,0,0,0,0,0.162755417664064,0.211983003964027,0.169105524174887,0,0,0.146886127633341,0.170777520386811,0.0903445220199125,0.206595301628113,0.271403729915619,0.236446965871186,0.261928535997868,0,0,0.171561236065977,0,0.230691884440937,0.240903962509973,0.207406854573286,0,0.19088184514216,0,0,0,0,0,0.202637859261953,0,0,0,0,0.159645140102905,0,0,0,0,0,0,0,0,0,0.243040561676025,0,0.232941356957742,0.16772940158844,0.161084239326772,0,0.168980119546378,0.162610264696055,0.137857152460274,0,0.161289367503977,0.233611102648731,0.184767590433774,0,0
0,0,0,0.213334366679192,0.19498804807663,0,0.21628050506115,0,0,0,0.136927997862751,0,0,0,0,0,0,0,0,0,0.149990731723065,0,0,0,0,0,0,0,0,0,0,0.146316355203881,0.152509601776209,0,0.154192975737323,0.146886127633341,0,0,0.167204309514217,0,0.200022448268202,0.311578333377838,0.311420097947121,0,0,0.194384381175041,0.160716670982797,0.208098920843294,0.226083386112267,0.218667775392532,0.19566697627306,0,0.190950363874435,0,0,0,0.147248823985909,0,0,0,0,0,0,0.164018849907326,0,0,0,0,0,0,0,0,0,0,0.199807108258424,0.167503557040717,0,0.165579403050585,0.196495826497222,0.167112266970123,0,0.187938899217374,0.15366874501247,0.196190693750778,0.206337310792878,0,0
0.261945578314009,0,0.287981937328974,0,0.239536255598068,0,0,0,0.238168224692345,0.168681715407498,0,0.14300187023984,0,0,0,0,0,0,0.136798001825809,0.136665647028464,0,0.135989993941584,0.135525671641032,0.189489445611229,0,0,0,0.149358455091715,0,0.136650377384254,0,0,0,0.136978898197412,0,0.170777520386811,0,0,0.16092132255435,0,0,0.113373712769576,0.355672736763954,0,0,0,0,0.389435604614316,0.425615137815475,0.322220870376569,0,0,0,0,0,0.215153670584669,0,0.147044058854335,0,0,0,0,0.145333600923037,0,0.136826153776366,0.154865548014641,0.29358046377179,0,0,0,0,0,0.145579400352943,0,0,0,0.15741650641492,0,0.168061885019789,0,0.171926846620031,0.12858859449625,0.169756374798091,0.200467877482113,0.415051389538066,0,0
0,0,0,0,0,0,0,0,0.16871212309421,0,0.127882817235147,0,0,0,0,0,0,0,0,0,0.140867479965774,0,0.183798856204623,0,0.193323526133294,0,0,0,0.142000067698297,0,0.136829538305975,0,0,0.206814015868806,0.159321710467339,0.0903445220199125,0.167204309514217,0.16092132255435,0,0,0,0.370032519102097,0.223384484648705,0,0,0,0,0.530214007601616,0.382374306401831,0.423257942383106,0,0,0,0,0.291232679640093,0,0.123114916239922,0,0,0,0,0,0,0.133517089486122,0,0.269279456621325,0,0.292388402245789,0,0,0,0.142765442238135,0,0.135258960670659,0,0,0.189583978007648,0.145651140209773,0,0.198331872258282,0.184444349259138,0.190454684644234,0.161103706664474,0.156413872671478,0.295049231868606,0,0
0,0.295153545481818,0.269406884908676,0.240618688256844,0,0,0,0,0,0,0,0,0,0,0,0,0.281272892566288,0.270607840328936,0.263251024837428,0.25736190751195,0,0,0,0,0,0,0,0,0,0,0,0,0,0,0,0.206595301628113,0,0,0,0,0.285696363449097,0.251379437967986,0.227576611356603,0,0,0.18680999779257,0.283184360206863,0.168805848468434,0.271127879619598,0.189064594287662,0,0,0,0,0,0.196305230259895,0.291814059019089,0.239243045351864,0,0,0,0,0.212058185331233,0.255967580609851,0,0,0,0,0,0,0,0,0.211010080890927,0.241169944405556,0,0,0,0,0.231754921276819,0.315329660412291,0.288820126782293,0.316454875469208,0.274735161143295,0.285318686295364,0.261121311392253,0.263517303397451,0.224733461936315
0.436488950625062,0,0.227079525403678,0.213206738233566,0.205489527238043,0,0,0,0.262379795312881,0,0,0,0,0,0,0,0.280631331691317,0.275879147237745,0.282224750149614,0,0.183108635601543,0,0,0,0,0,0,0,0,0,0,0,0,0,0,0.271403729915619,0.200022448268202,0,0,0.285696363449097,0,0.244428544527008,0.247683309399521,0,0,0.222449630498886,0.263976086563839,0.265252269033728,0.161190240843488,0.282164722681046,0.206238582109412,0,0.195408694446087,0,0,0,0.237600343132561,0.261037647724152,0.210293710231781,0,0.220414757728577,0,0,0.211017327826372,0,0,0,0,0,0,0,0,0.267045080661774,0.203598523778575,0,0.220155715942383,0,0,0.313092792811601,0.221211521067713,0.284442199128015,0.269208549459775,0.274549527304807,0.247429129150179,0.242736889198885,0.208615916967392,0.241598382488721
0.247658368945122,0.211227808690187,0.230937004089355,0.23652817045028,0,0.227194186300039,0,0,0.235782667994499,0.193839399661455,0,0,0,0,0,0,0.223577698268513,0.235951904580955,0.195937517864707,0.224068946018815,0,0,0,0.148593664169312,0,0,0,0,0,0,0,0,0,0,0,0.236446965871186,0.311578333377838,0.113373712769576,0.370032519102097,0.251379437967986,0.244428544527008,0,0.193591196683599,0,0,0.236012806236013,0.232804210585298,0.422691279649735,0.370518749028864,0.252443376206318,0.224840253591537,0.229835376143456,0,0,0,0.221756498089858,0.213424685100714,0.282899005271974,0,0.227895382377836,0,0.231009215116501,0.311229707740194,0.244784045219421,0,0,0,0,0,0,0,0,0.252966479129261,0,0,0,0,0,0.283669222490146,0.266193925207403,0.293951773071942,0.277429521083832,0.231550382934498,0.262281689417455,0.261996144583892,0.207558411020267,0.174539369459336
0.237272104858851,0.261744235952695,0.252816967865718,0.229878746800952,0.224674933866875,0.236194476485252,0.203822553157806,0,0.117653513351431,0.264583736658096,0,0,0,0,0,0,0.226703128212897,0.217255081981421,0.191757780051586,0.228211686015129,0.216972497793344,0,0,0.346626222133636,0,0,0,0,0,0,0,0,0,0.522434453169505,0,0.261928535997868,0.311420097947121,0.355672736763954,0.223384484648705,0.227576611356603,0.247683309399521,0.193591196683599,0,0,0.172703564167023,0.246175900527409,0.233377770790189,0.489597372605767,0.330600428783287,0.351640915771796,0.226636621952057,0,0,0,0.194566821058591,0,0.274162594810074,0.242435925885251,0.235597809607332,0,0,0,0.257550954818726,0.248076618020612,0,0,0,0,0,0,0,0,0.199794210493565,0.260293318549851,0,0,0,0,0.264554660556451,0.288134488521188,0.298850587258736,0.303381108161476,0.256285419420811,0.256582412399759,0.262636928613705,0.192739066882775,0.204940661775423
0,0,0,0,0,0,0,0,0,0,0,0,0,0,0,0,0,0,0,0,0,0,0,0,0,0,0,0,0,0,0,0,0,0,0,0,0,0,0,0,0,0,0,0,0,0,0,0,0,0,0,0,0,0,0,0,0,0,0,0,0,0,0,0,0,0,0,0,0,0,0,0,0,0,0,0,0,0,0.284422308206558,0,0,0,0,0,0.220410421490669,0,0
0,0,0,0,0,0,0,0,0,0,0,0,0,0,0,0,0,0,0,0,0,0,0,0,0,0,0,0,0,0,0,0,0,0,0,0,0,0,0,0,0,0,0.172703564167023,0,0,0,0.302943468093872,0,0,0,0,0,0,0,0,0,0,0,0,0,0,0,0,0,0,0,0,0,0,0,0,0,0,0,0,0,0,0,0,0,0,0,0,0,0.19827538728714,0,0
0,0.297590335011482,0,0.171014308929443,0,0.182641997933388,0,0,0,0,0,0,0,0,0,0,0.276369195963655,0.284632094528364,0.314942585277385,0.167753010988235,0,0,0,0,0,0,0,0,0,0,0,0,0,0,0,0.171561236065977,0.194384381175041,0,0,0.18680999779257,0.222449630498886,0.236012806236013,0.246175900527409,0,0,0,0.256259149561326,0.226801548491825,0.239858987363609,0.217163144353709,0,0,0,0,0,0,0.266056448221207,0.211338098600226,0,0.174132794141769,0,0,0.204623713578497,0.246943533420563,0,0,0,0,0,0,0,0,0.229243415925238,0,0.221887484192848,0,0,0,0.229770235665466,0.302927725694396,0.309464604959269,0,0.257888764911701,0.252884466514409,0.217928357437238,0.249530498470579,0
0.308587692876657,0.264062233269215,0.25250133167031,0,0.208519951293343,0,0,0,0.302887712915738,0,0,0,0,0,0,0,0.276991615060871,0.273672297596931,0.284406006676163,0,0,0,0,0,0,0,0,0,0,0,0,0,0,0,0,0,0.160716670982797,0,0,0.283184360206863,0.263976086563839,0.232804210585298,0.233377770790189,0,0.302943468093872,0.256259149561326,0,0.22771607277294,0.227294698956624,0.23517715036869,0.230388954281807,0,0,0,0,0,0.267900974461527,0.286523766815662,0.215702265501022,0.229052066802979,0,0,0.269126564264297,0.215890737662434,0,0,0,0,0,0,0,0,0.205677911639214,0.232135166342442,0,0,0,0,0.28962909916834,0.220627474844109,0.294939497113228,0.32009433131648,0.310506656539017,0.268700593929799,0.275736282677207,0.221546770797835,0.219696374189469
0.325995162129402,0,0.267352911559018,0.236969334738595,0.234718869839396,0.208710074424744,0,0,0.34702608982722,0,0,0,0,0,0,0,0,0,0,0.226407382637262,0.229746416211128,0,0.414975188672543,0,0,0,0,0,0,0,0,0.362193502029481,0.327337933619591,0.358726723296078,0.330111522784104,0.230691884440937,0.208098920843294,0.389435604614316,0.530214007601616,0.168805848468434,0.265252269033728,0.422691279649735,0.489597372605767,0,0,0.226801548491825,0.22771607277294,0,0.458277865397619,0.502825927484674,0.227498198548953,0,0,0,0,0,0.260829597711563,0.237233047684034,0,0,0,0,0,0.236711613833904,0,0,0,0,0,0,0,0,0,0,0.453588941137045,0.444012104857138,0.294086302837096,0.293984218372391,0.198017600184003,0.361933314125054,0.397128371521831,0.396721601486206,0.523485749097698,0.239064161976178,0.545013230497968,0,0
0.145529560221915,0.315275353193283,0.240244104216496,0.25401964969933,0.223154762840789,0,0,0,0.147813488211897,0.335143432021141,0,0,0,0,0,0,0.205524817109108,0.21195513010025,0.219550165534019,0,0.209155036055523,0,0.322924142189928,0,0.235975847225035,0,0,0,0,0,0,0.440727128702051,0,0.448247608263046,0.44899377822876,0.240903962509973,0.226083386112267,0.425615137815475,0.382374306401831,0.271127879619598,0.161190240843488,0.370518749028864,0.330600428783287,0,0,0.239858987363609,0.227294698956624,0.458277865397619,0,0.398258049062182,0.232165604120209,0,0.200036202867826,0,0.196705871261656,0,0.276551673809687,0.254655629396439,0.22744258493185,0.253689229488373,0.155320505301158,0,0,0.227199015872819,0,0.268912723459102,0,0.272235216175095,0,0.256209139599868,0,0.266762960702181,0,0.276394665241241,0.467599936473517,0.494893401861191,0.454153895378113,0.470665756613016,0.215755487481753,0.193579345818647,0.40539133198121,0.38257500295271,0.431284475517897,0.251202908158302,0.306410397493609,0,0
0.338296150619333,0.167461851565552,0,0.224391068382697,0.240463182330132,0.220028067628543,0,0,0.339092701673508,0.160528172161326,0,0,0,0,0,0.205567114055157,0.2250277913279,0.24108817496083,0.21222433861759,0.218357243471675,0,0.211493510338995,0.453102707862854,0.231364274236037,0,0,0,0,0,0,0,0.428840849134657,0,0.515893280506134,0,0.207406854573286,0.218667775392532,0.322220870376569,0.423257942383106,0.189064594287662,0.282164722681046,0.252443376206318,0.351640915771796,0,0,0.217163144353709,0.23517715036869,0.502825927484674,0.398258049062182,0,0,0.21239048987627,0,0,0,0.179292206007701,0,0.238118234719779,0,0.208605967462063,0,0.213299271464348,0.212699070572853,0,0.225696645133252,0,0.254839955807647,0,0.242388843976218,0,0.296604216098785,0,0.212116568467834,0,0.41620983928442,0,0.393845200538635,0.463368097941081,0.160755288166304,0.264286597569784,0.385318475175923,0.383074420690536,0.400624500758069,0.246880257502198,0.283471888718121,0.231655668805946,0.197934200366338
0,0,0.159748145374092,0,0.164558875605021,0,0.122127320617437,0,0,0,0,0,0,0,0.14452755600214,0,0.240682691335678,0,0.244648143649101,0,0.189613872895035,0,0,0,0,0,0,0,0,0,0,0,0,0,0,0,0.19566697627306,0,0,0,0.206238582109412,0.224840253591537,0.226636621952057,0,0,0,0.230388954281807,0.227498198548953,0.232165604120209,0,0,0,0.140945894643664,0,0.156327575445175,0,0.254205392276654,0,0.17010685056448,0,0,0,0,0.212907218933105,0,0,0,0,0,0,0,0,0,0.21910959482193,0,0,0,0,0,0.289171487092972,0,0.200858876109123,0.15781322644666,0.215735634788871,0.192568998123005,0,0
0,0,0,0.171352702669981,0,0.211688570537657,0,0,0,0.130810841917992,0,0,0,0,0,0.154553895195325,0,0,0,0.258724022749042,0,0,0,0,0,0,0,0,0,0,0,0,0,0,0,0.19088184514216,0,0,0,0,0,0.229835376143456,0,0,0,0,0,0,0,0.21239048987627,0,0,0,0.203548546135426,0,0.16643200814724,0,0.183087345744882,0,0,0,0.159615167975426,0.264780971335202,0,0,0,0,0,0,0,0,0,0,0,0,0,0,0,0.227666404630457,0,0,0,0.177970066316576,0.223346461852392,0.226979741205772,0,0
0,0,0,0,0.147381335496902,0,0.144857719080684,0,0,0,0,0,0,0,0,0,0,0,0,0,0.154308199882507,0,0,0,0,0,0,0,0,0,0,0,0,0,0,0,0.190950363874435,0,0,0,0.195408694446087,0,0,0,0,0,0,0,0.200036202867826,0,0.140945894643664,0,0,0,0,0,0.19499117411949,0,0,0,0,0,0,0,0,0,0,0,0,0,0,0,0,0,0,0,0,0,0,0,0,0,0.156264988439424,0.137604796886444,0.18492172492875,0,0
0,0,0,0,0,0.14379246532917,0,0.168234397790262,0,0,0,0.175185906323227,0,0.125825207680464,0,0,0,0,0,0,0,0,0,0,0,0,0,0,0,0,0,0,0,0,0,0,0,0,0,0,0,0,0,0,0,0,0,0,0,0,0,0.203548546135426,0,0,0,0,0,0.18495774269104,0,0,0,0,0,0,0,0,0,0,0,0,0,0,0,0,0,0,0,0,0,0,0,0,0.169315500184894,0,0,0,0
0.175869762542702,0,0.130177332991106,0,0,0,0,0,0.166428165963063,0,0,0,0,0,0.155224026092943,0,0.156548887491226,0,0,0,0,0,0,0,0.175139456714799,0,0.163896977475711,0,0,0,0,0,0,0,0,0,0,0,0.291232679640093,0,0,0,0.194566821058591,0,0,0,0,0,0.196705871261656,0,0.156327575445175,0,0,0,0,0,0,0,0,0,0.176496587173883,0,0,0,0,0,0,0.219026452739825,0,0,0,0,0,0,0,0,0,0,0,0,0,0.279448893834223,0.194569362061364,0,0.202326432746999,0,0
0,0.152409477028209,0,0.141264053315602,0,0.131519787013531,0,0,0,0.166857137214489,0,0,0,0,0,0.14936540779822,0,0,0.216471674541632,0,0,0,0,0.263193589448929,0,0.139800108969212,0,0,0,0,0,0,0,0,0,0,0,0.215153670584669,0,0.196305230259895,0,0.221756498089858,0,0,0,0,0,0,0,0.179292206007701,0,0.16643200814724,0,0,0,0,0,0.209486181847751,0,0,0,0.179020308469117,0.195403615633647,0,0,0,0.224225901295802,0,0,0,0,0,0.237471820414066,0,0,0,0.22002911567688,0,0,0,0.251325567532331,0,0.175735513546637,0.109168343245983,0.166806700545993,0.212680235505104,0
0,0,0.225046452394752,0,0.191475970670581,0,0.146993222749896,0,0,0,0.159343901553484,0,0.155160373911775,0,0,0,0.277994025279494,0.287685632705688,0.28306512460641,0,0.148529091477394,0,0,0,0,0,0,0,0.154660474509001,0,0.0816080843408902,0,0,0,0,0,0.147248823985909,0,0.123114916239922,0.291814059019089,0.237600343132561,0.213424685100714,0.274162594810074,0,0,0.266056448221207,0.267900974461527,0.260829597711563,0.276551673809687,0,0.254205392276654,0,0.19499117411949,0,0,0,0,0.242477238178253,0.162692173582609,0,0,0,0,0.287036985266233,0,0,0,0,0,0,0,0.178586486726999,0,0.239334705497758,0,0,0,0,0.267694760113955,0.270593297870263,0.268713638186455,0.137559039948078,0.200349983480977,0.215808228992704,0.279771460949519,0.223853096365929,0.301626438822816
0,0.189516976475716,0,0.163672927690532,0,0.289308496647411,0,0.203311059404822,0,0.211518893639247,0,0.156839557260382,0,0.169175482400336,0,0,0.265604226426645,0.279793519435859,0.286549924463034,0.284252050813738,0,0,0,0,0,0,0,0.145508640690854,0,0.133744762804275,0,0,0,0,0,0.202637859261953,0,0.147044058854335,0,0.239243045351864,0.261037647724152,0.282899005271974,0.242435925885251,0,0,0.211338098600226,0.286523766815662,0.237233047684034,0.254655629396439,0.238118234719779,0,0.183087345744882,0,0.18495774269104,0,0.209486181847751,0.242477238178253,0,0,0.14682308381254,0,0,0.293704875618219,0,0,0,0,0,0,0,0,0,0.258112819086621,0,0,0,0,0,0.251262033584228,0.296672608171191,0.231057021570833,0,0.246193224390925,0.282700808346272,0.257924163481518,0.279904022304849,0
0,0,0.152372692420613,0,0,0,0,0,0,0,0.162794190366532,0,0.159148865368929,0,0.174413416274758,0,0,0,0.222506582736969,0,0,0,0,0,0,0,0,0,0.158681288361549,0,0,0,0,0,0,0,0,0,0,0,0.210293710231781,0,0.235597809607332,0,0,0,0.215702265501022,0,0.22744258493185,0,0.17010685056448,0,0,0,0,0,0.162692173582609,0,0,0,0.154464212687392,0,0,0.189708441495895,0,0,0,0,0,0,0,0,0,0.229831904172897,0,0,0,0,0.25200742483139,0.234064608812332,0,0,0.154233031984298,0.148069715499878,0.193447009641297,0,0.220147535204887
0,0,0,0.158412840556015,0,0.175184719264507,0,0.163766955956817,0,0,0,0.166326430729694,0,0.15602082242263,0,0.141105257684276,0,0.24765333533287,0,0,0,0,0,0,0,0,0,0.145448554111154,0,0.123898236453533,0,0,0,0,0,0,0,0,0,0,0,0.227895382377836,0,0,0,0.174132794141769,0.229052066802979,0,0.253689229488373,0.208605967462063,0,0,0,0,0,0,0,0.14682308381254,0,0,0,0.151215676440544,0.183551013469696,0,0,0,0,0,0,0,0.130129798429041,0,0.242440730333328,0,0,0,0,0,0.211584657430649,0,0.229033663868904,0,0.158505181471507,0.14779946509372,0.184338741418388,0.21262714266777,0
0.159799176852713,0,0.125527635216713,0,0,0,0,0,0.131331407616281,0,0,0,0.159917697310448,0,0.148410003383954,0,0,0,0,0,0,0,0,0,0,0,0,0,0,0,0,0,0,0,0,0,0,0,0,0,0.220414757728577,0,0,0,0,0,0,0,0.155320505301158,0,0,0,0,0,0.176496587173883,0,0,0,0.154464212687392,0,0,0,0,0,0,0,0,0.15847997367382,0,0,0,0,0,0,0,0,0,0,0,0,0,0,0.114352708889378,0,0.161869173248609,0,0
0,0.192284416318538,0,0.161415748298168,0,0.167810321847598,0,0,0,0.176238162681842,0,0,0,0.14248497340296,0,0.147113726047489,0,0.109600841936444,0,0,0,0,0,0,0,0,0,0,0,0,0,0,0,0,0,0,0,0,0,0,0,0.231009215116501,0,0,0,0,0,0,0,0.213299271464348,0,0.159615167975426,0,0,0,0.179020308469117,0,0,0,0.151215676440544,0,0,0,0,0,0,0.177291724544305,0,0.135555925468604,0,0,0,0,0,0,0,0,0,0,0,0,0,0.146239622786481,0.146488982168111,0.198177263140678,0,0
0,0,0,0.205759006841429,0,0.24743884572616,0,0,0,0.221375271677971,0,0.131965113437583,0,0,0,0,0.257871901447123,0.289241292513907,0.308335783450227,0.156228171233057,0,0,0,0,0,0,0,0,0,0,0,0,0,0,0,0.159645140102905,0,0.145333600923037,0,0.212058185331233,0,0.311229707740194,0.257550954818726,0,0,0.204623713578497,0.269126564264297,0,0,0.212699070572853,0,0.264780971335202,0,0,0,0.195403615633647,0,0.293704875618219,0,0.183551013469696,0,0,0,0,0,0,0,0,0,0,0,0,0.318109967559576,0,0,0,0,0,0.201466744626899,0.338856667280197,0.275009221046407,0,0.163729453399297,0.264287324888366,0.225920110503536,0.248861053815255,0
0.426904946565628,0,0.209506841200703,0,0.172126625974973,0,0.146676767617464,0,0,0,0.134288103950076,0,0,0,0,0,0.271478440364202,0.269992639621099,0.298054285206885,0,0.15972454842856,0,0,0,0,0,0,0,0,0,0,0,0,0,0,0,0.164018849907326,0,0.133517089486122,0.255967580609851,0.211017327826372,0.244784045219421,0.248076618020612,0,0,0.246943533420563,0.215890737662434,0.236711613833904,0.227199015872819,0,0.212907218933105,0,0,0,0,0,0.287036985266233,0,0.189708441495895,0,0,0,0,0,0,0,0,0,0,0,0,0,0,0.326455977227953,0,0,0,0,0.311556165417035,0.215081423982873,0,0.314398331774606,0.203027631454873,0.245555528336101,0.250585038368585,0,0.291880173815621
0,0,0,0,0,0,0,0,0,0,0,0,0,0,0,0,0,0.174471394604315,0,0,0,0.137244992120169,0.131026311195455,0.156140022527646,0,0.148964552132874,0,0.170459190958014,0,0,0,0,0,0,0,0,0,0.136826153776366,0,0,0,0,0,0,0,0,0,0,0,0.225696645133252,0,0,0,0,0,0,0,0,0,0,0,0,0,0,0,0.144506230950356,0.200852545081567,0,0.118826046586037,0,0.153136970587524,0,0,0,0,0,0,0,0,0,0.182472700485131,0,0.136519713271963,0.134680191675822,0,0,0
0,0,0,0,0,0,0,0,0,0,0,0,0,0,0,0,0.124890688637441,0,0,0,0,0.140522130564147,0.159151081585788,0,0.221031754036968,0,0.150651019587312,0,0.14749136792891,0,0,0,0,0,0,0,0,0.154865548014641,0.269279456621325,0,0,0,0,0,0,0,0,0,0.268912723459102,0,0,0,0,0,0,0,0,0,0,0,0,0,0,0,0.144506230950356,0,0,0.242788480191501,0,0.262283658007468,0,0.220146087471303,0,0,0,0,0,0,0,0,0,0.312317412826094,0.150791904078557,0.138303493460019,0.249453372188977,0,0
0,0.192821592092514,0,0,0,0,0,0,0,0.197629853728272,0,0,0,0,0,0.157295521564674,0,0.155204320947329,0,0,0,0.16755611915328,0,0.154419258432953,0,0.163643333930392,0,0,0,0,0,0,0,0,0,0,0,0.29358046377179,0,0,0,0,0,0,0,0,0,0,0,0.254839955807647,0,0,0,0,0,0.224225901295802,0,0,0,0,0,0.177291724544305,0,0,0.200852545081567,0,0,0,0.192644402144417,0,0,0,0,0,0,0,0.213772937655449,0,0,0,0.260621584422444,0,0.144515050282957,0,0.351475574188496,0,0
0,0,0,0,0,0,0,0,0.186064248283704,0,0,0,0,0,0,0,0.182264646197238,0,0,0,0,0,0.153365924222661,0,0.218705124186778,0,0.152595021855941,0,0,0,0,0,0,0,0,0,0,0,0.292388402245789,0,0,0,0,0,0,0,0,0,0.272235216175095,0,0,0,0,0,0.219026452739825,0,0,0,0,0,0.15847997367382,0,0,0,0,0.242788480191501,0,0,0,0.211835423310598,0,0.18514046818018,0,0,0,0,0,0,0,0,0,0.261057298742321,0.149719923280361,0,0.325775061082463,0,0
0,0.199415346980095,0,0,0,0,0,0,0,0,0,0,0,0,0,0.139014620759657,0,0.12820141836281,0,0,0,0.131658331258222,0,0.161760345101357,0,0.173649580918089,0,0.164406062666055,0,0,0,0,0,0,0,0,0,0,0,0,0,0,0,0,0,0,0,0,0,0.242388843976218,0,0,0,0,0,0,0,0,0,0,0,0.135555925468604,0,0,0.118826046586037,0,0.192644402144417,0,0,0,0.189131000528082,0,0,0,0,0,0,0,0,0,0,0,0.147954819972316,0,0.224847684303919,0,0
0,0,0,0,0,0,0,0,0.189464047551155,0,0,0,0,0,0.14837671816349,0,0.133228931414044,0,0,0,0,0,0.136872919069396,0,0.176203755469158,0,0.151342923878361,0,0.125101208686829,0,0,0,0,0,0,0,0,0,0,0,0,0,0,0,0,0,0,0,0.256209139599868,0,0,0,0,0,0,0,0,0,0,0,0,0,0,0,0,0.262283658007468,0,0.211835423310598,0,0,0,0.278087718252625,0,0,0,0,0,0,0,0,0,0,0.142545602946396,0,0,0,0
0,0,0,0,0,0,0,0,0,0,0,0,0,0.129237830638885,0,0,0,0,0,0,0,0.161420105766934,0,0,0,0.13903321325779,0,0.16095543556986,0,0.147182603729955,0,0,0,0,0,0,0,0,0,0,0,0,0,0,0,0,0,0,0,0.296604216098785,0,0,0,0,0,0,0,0,0,0.130129798429041,0,0,0,0,0.153136970587524,0,0,0,0.189131000528082,0,0,0,0.167188067594145,0,0,0,0,0,0,0,0.164619806859284,0,0.144187217322289,0.178948797285557,0,0,0
0,0,0,0,0,0,0,0,0,0,0.153012895923958,0,0,0,0,0,0,0,0,0,0,0,0.148219282810505,0,0,0,0.135603655129671,0,0.152397234181708,0,0.1709765615843,0,0,0,0,0,0,0,0.142765442238135,0,0,0,0,0,0,0,0,0,0.266762960702181,0,0,0,0,0,0,0,0.178586486726999,0,0,0,0,0,0,0,0,0.220146087471303,0,0.18514046818018,0,0.278087718252625,0,0,0,0.207116011743035,0,0,0,0,0,0,0,0.224248950720283,0.147498680995061,0,0.369917213916779,0,0
0,0,0.283049821853638,0.247671005350572,0,0,0,0,0,0.221725448966026,0,0.15905843005939,0,0,0,0,0.279815667867661,0.288317678496242,0.293859284614091,0.171462848782539,0,0,0,0,0,0,0,0.153036337325482,0,0.150669850347084,0,0,0,0,0,0.243040561676025,0,0.145579400352943,0,0.211010080890927,0.267045080661774,0.252966479129261,0.199794210493565,0,0,0.229243415925238,0.205677911639214,0,0,0.212116568467834,0,0,0,0,0,0.237471820414066,0,0.258112819086621,0,0.242440730333328,0,0,0.318109967559576,0,0,0,0,0,0,0,0.167188067594145,0,0,0,0,0,0,0,0.277531226667074,0.290396342674891,0.166341587280234,0,0.249002804377904,0.310616822196887,0.284809499118803,0.277809074487198,0.210595443844795
0,0,0.262341320049018,0,0.226570479571819,0,0,0,0,0,0.0709112346172333,0,0,0,0,0,0.254493735730648,0.283093363046646,0.282001165102939,0,0.208454638719559,0,0,0,0,0,0,0,0.175863098761398,0,0.171548304511754,0,0,0,0,0,0,0,0.135258960670659,0.241169944405556,0.203598523778575,0,0.260293318549851,0,0,0,0.232135166342442,0,0.276394665241241,0,0.21910959482193,0,0,0,0,0,0.239334705497758,0,0.229831904172897,0,0,0,0,0.326455977227953,0,0,0,0,0,0,0,0.207116011743035,0,0,0,0,0,0,0,0.218795965824808,0,0.277572926619779,0.21499903780399,0.309912760149349,0.282015080279426,0,0.280504805803299
0,0,0,0,0,0,0,0,0,0,0,0,0,0,0,0,0,0,0,0,0,0,0,0,0,0,0,0,0,0,0,0.280464466151405,0.220093185823687,0.367102270325025,0,0.232941356957742,0.199807108258424,0,0,0,0,0,0,0,0,0.221887484192848,0,0.453588941137045,0.467599936473517,0.41620983928442,0,0,0,0,0,0,0,0,0,0,0,0,0,0,0,0,0,0,0,0,0,0,0,0,0,0.290383642723023,0,0,0.293364928145798,0.273625675949358,0,0,0.191592121299725,0.272867858409882,0.218595519661903,0,0
