0,4.74842850005461e-05,0.0149060203750426,0,0.0141761029926369,0,0,0,0.080873372994194,0.000133516360488654,0,0,0,0,0,0,5.40322444839158e-06,0,0.000127209971594049,0,0,0,0,0,0.000151158314270106,0,0,0,0,0,0,0,0,0,0,0,0,9.44193427383333e-06,9.01018990836197e-05,0,5.93267837553631e-05,0.000236559589176803,0.006572574962015,0,0,0,5.021764637873e-05,0.000217161414203275,0.0172786029409414,7.31572483222412e-05,0,0,0,0,0.0542130621205911,3.37709513984139e-05,0.000102207157718235,0,0,0,0.0203614221515898,0,0,3.36881728976504e-05,0,0,0.000256649908529342,0,0,0,0,0,0,9.99558660294444e-05,0,0,0,0,9.10504826429205e-07,0.000115876110317726,3.05448300107468e-06,0.000115551521212225,0.000416128194085685,0,0.00827552824171322,0,0.000108637896902191
4.74842850005461e-05,0,2.42218214635799e-05,0.00975515861909647,0,0,0,0,2.13505842044373e-05,0.100510599194822,0,0,0,0,0,0.00209212077000329,2.35067999275147e-05,3.08746080303129e-05,0.00184435699789659,0,0,9.39224717816638e-06,0,0,2.43128325774387e-05,0,0,0,0,0,0,0,0,0,0,0,0,0.000104791851333674,0.000132028872319988,0.000361387706310785,0,0.0206851298369686,4.86939159880846e-05,0,0,2.26511383349899e-05,0,2.90520486008442e-05,0.000257110228717897,0.022227003324323,0,0,0,0,0,0.0782645829324894,0,0,0,0,0,0.0552695657782398,7.36011764424214e-05,0,0,0,0.00303051042924697,0,0,0,0,0,4.91337617402874e-05,0,0,0,0,0,0.000408654073197261,0,0.000217110176515282,0,0.00153673821323275,2.28222612508235e-05,0.0155861119159454,0,0
0.0149060203750426,2.42218214635799e-05,0,0,0.0210426702965166,0,0,0,0,0,0,0,0,0,0,0,0,0,0,0,0,0,0,0,0,0,0,0,0,0,0,0,0,0,0,0,2.60991529930327e-05,0,5.54112701820338e-06,0,0.00100334975219296,1.29044310146112e-05,0.0136034108104588,0,0,0,0.000119272470623232,1.82990253422299e-05,0.00655101217770906,5.53092510210593e-05,0.0339100428348737,0,0,0,0,9.61893546139051e-05,0.00020697442519623,0,0.00516300547904084,0,0,0,0,0.000783509020628,0,0,0,0,0,0,0,0,0,0.000309331303158676,0,0,0,0,9.23534051801112e-07,9.42715023044159e-05,0,5.70260070741643e-05,4.24836571911195e-05,0,0.0107939387680254,0,0.00188940648166754
0,0.00975515861909647,0,0,0,0.00587873528006668,0,0,3.21284945117156e-05,0.0032979288290679,0,0.000153487061035585,0,0,0,0,3.60277057014956e-05,0.000130177113332704,0.000634224855751089,0,0,0,0,0,3.40068918895211e-05,0,0,0,0,0,0,0,0,0,0,3.80908468230635e-06,0,5.62075022057242e-05,7.94501034225516e-06,0.00652906889153103,0,0.00856298571185979,8.49161977674543e-05,0,0,0.00218545354005128,7.46702473869513e-06,0,0.000112021965833777,0.036875432871729,0,0.0433305662743429,0,0,0,0,0,0.00121466345817676,0,0.00506036516892626,0,0.00605997455586512,5.01144578782004e-05,0,0,0,0,0,0,0,0,0,0,0,0,0,0,0,0.000111518280892532,0,4.91105727004897e-06,0,0.000725122771761568,5.50916787173074e-05,0.0238475822014877,0.00021367815400119,0
0.0141761029926369,0,0.0210426702965166,0,0,0,0.00315663290848768,0,0.0044205384588688,0,0,0,0,0,0,0,0,0,0,0,0.0215075916880568,0,0,0,0,0,0,0,0,0,0,0,0,0,0,0,7.12473519634271e-05,0,0,0,0.000646727072496776,0,0.0016367198000596,0,0,0,0,0,0,0,0.00759230342972422,0,0,0,0.000228777491517833,0,0,0,3.50715973204208e-05,0,0,0,0,0.000165089899174218,0,0,0,0,0,0,0,0,0,0,0,0,0,0,0,0,0,0,0.000420466873706795,0,0.00479854141777473,0,0
0,0,0,0.00587873528006668,0,0,0,0,0,0.00639021837979221,0,0.000437938724816325,0,0,0,0,0,0,1.86628594891908e-05,0.0187470481588181,0,0,0,0,0,0,0,0,0,0,0,0,0,0,0,9.18563507431314e-05,0,0,0,0.000706290185159968,0,0.000789181468281437,0,0,0,0,0,0,0.000234575847050528,0.000125106907556,0,0.00906070492708119,0,0,0,0,0,9.46591637019393e-05,0,0,0,0,0.0010795668199573,0,0,0,0,0,0,0,0,0,0,0,0,0,0,0,0,0,0,0,0.00301525850571971,3.21370411598863e-05,0.00396699735849169,0,0
0,0,0,0,0.00315663290848768,0,0,0,0,0,0,0,0,0,0,0,0,0,0,0,0.018075510311263,0,0,0,0,0,0,0,0,0,0,0,0,0,0,0,0.000786832065499321,0,0,0,0,0,0,0,0,0,0,0,0,0,0,0,0,0,0,0,0,0,0,0,0,0,0,0.000577308414625124,0,0,0,0,0,0,0,0,0,0,0,0,0,0,0,0,0,0,0.000567729181330813,0.000461609868823538,0,0,0
0,0,0,0,0,0,0,0,0,0,0,0.000896883753190503,0,0.0156880276971402,0,0,0,0,0,0.00590739513152699,0,0,0,0,0,0,0,0,0,0,0,0,0,0,0,0,0,0,0,0,0,0,0,0,0,0,0,0,0,0,0,0,0,0.00271028995620781,0,0,0,0.0110771139358117,0,0.00480719122125799,0,0,0.000290442436758084,0,0,0,0,0,0,0,0,0,0,0,0,0,0,0,0,0,0,0,0.00107623597299033,0.000432766651800398,0,0,0
0.080873372994194,2.13505842044373e-05,0,3.21284945117156e-05,0.0044205384588688,0,0,0,0,2.18818355236333e-05,0,0,0,0,0.00251410157842855,0,8.2492936442838e-05,0,0.000321290688277057,0,0,0,0,9.58553281731021e-05,0.00945719921724715,0,0,0,0,0,0,0,0,0,0,0,0,4.48204904629864e-06,0.00494548822528744,0,0.000108369697489584,8.04971974891041e-05,0.0045794191126047,0,0,0,1.35846173053859e-05,8.11666545372787e-05,0.000944163918948106,0,0,0,0,0,0.109121304445129,6.57953593887917e-05,0.000129949797446608,0,0,0,0.0517882995684974,0,0,0,0,0,0.000132823028117351,0.000657310377860612,0,0,0,0,0,0.000367985706202711,0,0,0,0,0,6.76596755561923e-05,4.3363227106317e-06,0.00135803978765489,0.00408816655991662,0.000427540826806356,0.00403005023234804,0,0.00515008646615182
0.000133516360488654,0.100510599194822,0,0.0032979288290679,0,0.00639021837979221,0,0,2.18818355236333e-05,0,0,0,0,0,0,0.122114886422276,2.73556572316205e-06,6.71508951869116e-05,0.00837515026613556,0,0,0,0,0.017775781334519,0.00017986936676354,0.0068103341451511,0,0,0,0,0,0,0,0,0,0,0,0.00258138177172437,0.000120899468685577,0.000469537438818907,0,0.00711496553165342,5.14767417580461e-05,0,0,0,0,0.000176971898308283,0.000200429818033587,0.00180021391584483,0,0,0,0,2.70906840349977e-05,0.0995574912229541,0,0,0,0,0,0.0444798277788318,0,0,0,0,0.0250506875166399,0,0.00182382890290306,0,0,0,0,0,0,0,0,0,3.89430973693146e-05,0,0.0011150824998505,0,0.00557122336763151,0.00162051762782378,0.00696922002222491,0.00546344467454626,0
0,0,0,0,0,0,0,0,0,0,0,0,0.0767337243581438,0,0,0,0,0,0,0,0.0461904056736819,0,0,0,0,0,0,0,0.0165038829461237,0,0.00730258182441719,0,0,0,0,0,0.00863438301007615,0,0.0419789315560621,0,0,0,0,0,0,0,0,0,0,0,0,0,0,0,0,0,0.114311678604372,0,0.0264513362300681,0,0,0,0,0.0704438591744522,0,0,0,0,0,0,0,0.0143094288773727,0,0.000821246554315425,0,0,0,0,0,0.00547580443956877,0,0.0368201391624439,0.0017750598610053,0.00108796616596059,0,0,0
0,0,0,0.000153487061035585,0,0.000437938724816325,0,0.000896883753190503,0,0,0,0,0,0.133349005090934,0,0,0,0,0,0.0877055555439968,0,0,0,0,0,0,0,0.052513169118154,0,0.0085399060397654,0,0,0,0,0,0.00123793337909839,0,0.0682997004615184,0,0,0,0,0,0,0,5.20956679565276e-05,0,0,0,0,0,0.000808714168746276,0,0.0020521555043714,0,0,0,0.126645891779849,0,0.0915347824802639,0,0,0.0348377695036842,0,0,0,0,0,0,0,0.0227981518340082,0,0.0146195067394964,0,0,0,0,0,0.0039018010233019,0,0.0204653336462222,0,0.00290981290503716,0,0.00321640797987581,0,0
0,0,0,0,0,0,0,0,0,0,0.0767337243581438,0,0,0,0.00268333737723039,0,0,0,0,0,0,0,0,0,0,0,0,0,0.000456018959869557,0,0,0,0,0,0,0,0,0,0,0,0,0,0,0,0,0,0,0,0,0,0,0,0,0,0,0,0.0375542030597271,0,0.0308190400099735,0,0,0,0,0,0,0,0,0,0,0,0,0,0,0,0,0,0,0,0,0,0,0,0.00186499161436309,0.00188402978484429,0,0,0
0,0,0,0,0,0,0,0.0156880276971402,0,0,0,0.133349005090934,0,0,0,0.0424711462914712,0,0,0,0,0,0,0,0,0,0,0,0.00275202787004482,0,0,0,0,0,0,0,0,0,0,0,0,0,0,0,0,0,0,0,0,0,0,0,0,0,0,0,0,0,0.0830537397011173,0,0.109936182333616,0,0.0109688666039277,0,0,0,0,0,0,0,0,0.00107776404761209,0,0,0,0,0,0,0,0,0,0,0,0.0031653722437311,0.00144089655638278,0,0,0
0,0,0,0,0,0,0,0,0.00251410157842855,0,0,0,0.00268333737723039,0,0,0,0.0055806949892893,0,0,0,0,0,0,0,0,0,0.0149440668305174,0,0.000184597615187181,0,0,0,0,0,0,0,0,0,0,0,0,0,0,0,0,0,0,0,0,0,0,0,0,0,0.0775250358993678,0,0,0,0.028930273734868,0,0.0399619289933354,0,0,0,0,0,0,0,0,0,0,0,0,0,0,0,0,0,0,0,0,0,0.000486272893998821,0.00089004246449637,0,0,0
0,0.00209212077000329,0,0,0,0,0,0,0,0.122114886422276,0,0,0,0.0424711462914712,0,0,0,0.00618045105645606,0,0,0,0,0,0.000826623170719945,0,0.00585408226464059,0,0.00089653722015591,0,0,0,0,0,0,0,0,0,5.70815232462386e-06,0,0,0,6.73886597801212e-05,0,0,0,0,0,0,0,0.00122662752672985,0,0,0,0,0,0.498901910096627,0,0,0,0.00526547559838192,0,0.129074910944399,0,0,0,0,0,0,0.000226989031859297,0,0,0,0,0,0,0,0,0,0,0,0,0,0.00113458575295716,3.35544249149079e-05,0,0,0
5.40322444839158e-06,2.35067999275147e-05,0,3.60277057014956e-05,0,0,0,0,8.2492936442838e-05,2.73556572316205e-06,0,0,0,0,0.0055806949892893,0,0,0.138968021320984,0.0607547486956807,0,5.56097760687387e-06,0,0.00256838322232324,0,0.00445680603512394,0,0.0251338165171131,0,0.000410858523714491,0,0,0,0,0,0,0,0,0,0,0.00129500812496899,0.00123111015548743,0.00178301257677931,0.00277430047463838,0,5.07705524338217e-06,0.000763111596262472,0.00390898667721668,0,0,0,0,8.08683742520641e-06,0,0,0,0,6.24569281168333e-05,0,0,0,0,0,1.82488839000424e-05,0.000124433979983641,0,0,0,0.00184972739157463,0,0.00162114837978691,0,0,0,0.000204136027506906,0,0,0,0,0.0012937428797568,0.00212550430631099,0.000211274833167154,0.000529738554370679,0.0296060801606483,0.00177868038120937,0.00923485988041808,0,0.000139520959351288
0,3.08746080303129e-05,0,0.000130177113332704,0,0,0,0,0,6.71508951869116e-05,0,0,0,0,0,0.00618045105645606,0.138968021320984,0,0.0600776062093726,0,0,0.00683315706620156,0,0.0179153206334902,0,0.0772032743022068,0,9.63908685431697e-05,0,0,0,0,0,0,0,0,0,0,0,0.00299597904161205,0.000877827470736393,0.00279588854269703,0.00113046740185293,0,0,0.00107573090838549,0.00244647957539721,0,0,0,0,4.8700856679954e-06,0,0,0,0,0,0,0,0,0,0,2.88234337318602e-05,3.73385624721107e-05,0.000633192389571704,0,0.000272419810461755,0,0.00292745138002159,0,0,0,0,1.6488129947335e-05,0,0,0,0,0.00191638175109673,0.000806939228267208,0.000285727362632151,0.00033694427809391,0.03032274875859,0.000824121115640113,0.00971255657636553,2.15081150835767e-05,1.82094680502471e-05
0.000127209971594049,0.00184435699789659,0,0.000634224855751089,0,1.86628594891908e-05,0,0,0.000321290688277057,0.00837515026613556,0,0,0,0,0,0,0.0607547486956807,0.0600776062093726,0,0,0,0,0,0.000773756055369407,0.000280435513662528,0,0,0,0,0,0,0,0,0,0,0,0,0,1.68449891695572e-05,0.0180883272028433,0.00939100828806509,0.0260551727067835,0.0163848103437222,0,4.0574151530152e-05,0.00432971076522456,0.0291091145739716,4.61520910855981e-06,2.09922356311037e-05,0.000581416199083216,0,3.00479413244216e-05,0,0,7.4529857581363e-05,0.000177605631790999,0.000328892581237386,0.000395649981807753,0,0,0,0,0.000528402641082852,0.000180361658163048,0,0,0.000483491085740925,0.00028138972849198,0,0,0,0,0,0.000959050758547983,0,0,0,0,0.0120483321254638,0.0120546998941173,0.00281405732036322,0.00367070901104752,0.0179112247718457,4.00442714715967e-05,0.0804522868861647,0.00478106013532316,0.00225439848132707
0,0,0,0,0,0.0187470481588181,0,0.00590739513152699,0,0,0,0.0877055555439968,0,0,0,0,0,0,0,0,0,0,0,0,0,0,0,0,0,0,0,0,0,0,0,0.018764624539391,0,0.00500471644507219,0,1.50213941821694e-05,0,0,0,0,0,0.00117163865019903,0,0,0,0.000166993102179181,0,0.0103276071831291,0,0.00370821001162638,0,0,0,0.0285499842059297,0,0,0,0,0.116900218164759,0,0,0,0,0,0,0,0,0,0,0,0,0,0,0,0.0120886888784112,0,0.000851379945044728,0,0.00148332712468075,0,0.0084067698288348,0,0
0,0,0,0,0.0215075916880568,0,0.018075510311263,0,0,0,0.0461904056736819,0,0,0,0,0,5.56097760687387e-06,0,0,0,0,0,0,0,0,0,0,0,0,0,0,0,0,0,0,0,0.0245963509986521,0,0.00933871870158282,0,0,0,5.15895861495259e-05,0,0,0,0.000254389933855114,0,0,0,0.0243311843373653,0,0.000596660769454003,0,0,0,0.0341384267230407,0,0,0,0,0,0,0.056020738241199,0,0,0,0,0,0,0,0,0,0,0,0,0,0,0,0.0402418085894687,0,0.000325709965278342,0.00325081509311864,1.83088775247814e-05,0.00357588950688758,0,0
0,9.39224717816638e-06,0,0,0,0,0,0,0,0,0,0,0,0,0,0,0,0.00683315706620156,0,0,0,0,0.0302292740632797,0.00963932924524936,0,0.00997400387100852,0,0.00966083166819572,0,0,0,0,0,0,0,0,0,0.0412739973405156,0.00135346391510583,0,0,0,0,0,0,0,0,9.72232754001274e-05,1.22208219769765e-05,0.00540454075036913,0,0,0,0,0,0,0,0,0,0,0,0,0,0,0.350005960629894,0.010120174086792,0.0106491941492775,0,0.016264840978538,0,0.000901853535906345,0,0,0,0,0,0,0,0,0,0.0174102261862473,0,0.0174565406515951,0.00071595164776469,9.96176282126901e-05,0,0
0,0,0,0,0,0,0,0,0,0,0,0,0,0,0,0,0.00256838322232324,0,0,0,0,0.0302292740632797,0,0,0.00811193520254964,0,0.0246895286835522,0,0.00124869831974181,0,0,0,0,0,0,0,0,0,0.0409384484698431,0,0,0,0,0,0,0,0,0,0.00101358963128675,0,0,0,0,0,0,0,0,0,0,0,0,0,0,0,0.00330975488231509,0.306161465298928,0,0.00754252986959898,0,0.0277046763075299,0,0.0121205132928159,0,0,0,0,0,0,0,0,0,0.0253397368382593,0.0171118821866597,0.00570113856467172,0,0,0
0,0,0,0,0,0,0,0,9.58553281731021e-05,0.017775781334519,0,0,0,0,0,0.000826623170719945,0,0.0179153206334902,0.000773756055369407,0,0,0.00963932924524936,0,0,8.91958336195018e-05,0.147019690118642,0,0,0,0,0,0,0,0,0,0,0,0.0270585859917183,9.93232335085373e-06,0,0,4.85859131292947e-05,0,0,0,0,0,0.000615935603762029,0,0.0173262898770115,0,0,0,0,0,0.00176769124491426,0,0,0,0,0,0.00387611647606765,0,0,0.00650009047978681,0,0.129233146835356,0,0.325600714299618,0,0.000267285108291027,0,0,0,0,0,0,0,2.08327506732314e-06,0,0.00780018831498718,0,0.00221102848417739,0,0.00940595255160894,0,0
0.000151158314270106,2.43128325774387e-05,0,3.40068918895211e-05,0,0,0,0,0.00945719921724715,0.00017986936676354,0,0,0,0,0,0,0.00445680603512394,0,0.000280435513662528,0,0,0,0.00811193520254964,8.91958336195018e-05,0,0,0.033991928336604,0,0,0,0,0,0,3.8385615042122e-05,0,0,0,8.68105095415927e-05,0.0326087138983648,0,0,0.000127871170696674,0.000954648066382534,0,0,0,0,0.000456266589345295,0.0416112749451174,5.75234147728043e-05,0,0,0,0,0.0201568780788249,0.000109514056671515,0,0,0,0,0.000198399444937486,0,0,0,0,0.000501860701024913,0.000131241488057162,0.0987226898636456,0,0.0790501416923114,0,0.000517653945602562,0,0,0,0,0,0,0,0,1.95205528731249e-05,0.00500734872010332,0.00221670744625407,1.56894751517778e-06,0.00381178944473722,0,0
0,0,0,0,0,0,0,0,0,0.0068103341451511,0,0,0,0,0,0.00585408226464059,0,0.0772032743022068,0,0,0,0.00997400387100852,0,0.147019690118642,0,0,0,0.108649270367872,0,0,0,0,0,0,0,0,0,0,0,0,0,0,0,0,0,0,0,0,0,0,0,0,0,0,0,0.000961099547311939,0,0,0,0,0,0.00255547224729048,0,0,0.0186774201122274,0,0.164889271503375,0,0.0106284244227053,0,0.000302273188672748,0,0,0,0,0,0,0,0,0,0,0,0.00165770206285061,4.3573836329523e-05,0,0,0
0,0,0,0,0,0,0,0,0,0,0,0,0,0,0.0149440668305174,0,0.0251338165171131,0,0,0,0,0,0.0246895286835522,0,0.033991928336604,0,0,0,0.00245640053392139,0,0,0,0,0,0,0,0,0,0,0,0,0,0,0,0,0,0,0,0,0,0,0,0,0,0,0,0,0,0,0,0,0,0,0,0,0.000118823084229748,0,0.000950053509069425,0,0.189812779032039,0,0.000488266856304638,0,0,0,0,0,0,0,0,0,2.87516072390034e-06,0.00147788893309088,0,0,0,0
0,0,0,0,0,0,0,0,0,0,0,0.052513169118154,0,0.00275202787004482,0,0.00089653722015591,0,9.63908685431697e-05,0,0,0,0.00966083166819572,0,0,0,0.108649270367872,0,0,0,0.0603544630694886,0,0,0,0,0,0,0,0.00885695480400886,0,0,0,0,0,0,0,0,0,0,0,0,0,0,0,0,0,0,0,0.0103200900824018,0,0.00271961112782854,0,0.0228008854659846,0,0,0.0126341967567584,0,0,0,0.105795069659076,0,0.407457662739858,0,0.0395797375333807,0,0,0,0,0,0,0,0.00117046226128289,0,0.00131925322939208,0.00126225733009629,0,0,0
0,0,0,0,0,0,0,0,0,0,0.0165038829461237,0,0.000456018959869557,0,0.000184597615187181,0,0.000410858523714491,0,0,0,0,0,0.00124869831974181,0,0,0,0.00245640053392139,0,0,0,0.162309849813967,0,0,0,0,0,0,0,0.0210486888175309,0,0,0,0,0,0,0,0,0,0,0,0,0,0,0,0,0,0.0102931533637793,0,0,0,0,0,0,0,0,0.000743508232891272,0,0,0,0.032690911756591,0,0.245168051680297,0,0.131632195341335,0,0,0,0,0,0,0,0.00088927967928126,0.000573185906738236,0.000727231367242272,0,0,0
0,0,0,0,0,0,0,0,0,0,0,0.0085399060397654,0,0,0,0,0,0,0,0,0,0,0,0,0,0,0,0.0603544630694886,0,0,0,0,0,0,0,0,0,0.0162212044071261,0,0,0,0,0,0,0,0,0,0,0,0,0,0,0,0,0,0,0,0.00889003700353562,0,0,0,0,0,0,0,0,0,0,0,0,0.0804519018386391,0,0.165770862770351,0,0,0,0,0,0,0,0.00434755842365897,0,0.000179697297363121,0,0,0,0
0,0,0,0,0,0,0,0,0,0,0.00730258182441719,0,0,0,0,0,0,0,0,0,0,0,0,0,0,0,0,0,0.162309849813967,0,0,0,0,0,0,0,0,0,0.0129142148333192,0,0,0,0,0,0,0,0,0,0,0,0,0,0,0,0,0,8.26864458364045e-05,0,0,0,0,0,0,0,0,0,0,0,0,0,0,0.0220488369232159,0,0.195142895813704,0,0,0,0,0,0,0,0.0295342207670934,0.00141166288895388,0.000641282142712852,0,0,0
0,0,0,0,0,0,0,0,0,0,0,0,0,0,0,0,0,0,0,0,0,0,0,0,0,0,0,0,0,0,0,0,0.443279104316277,0.00159323968870217,0.000892644027025639,0.00527341199965194,0.000273607194510239,0,0,0,0,0,0,0,0,0,0,0.146337882445513,0.00160417832775988,7.13828545306338e-05,0,0,0,0,0,0,0,0,0,0,0,0,0,0,0,0,0,0,0,0,0,0,0,0,0.0539134943795716,0.504422370427191,0.00513823239242411,0.00369937405984919,0.0107457202826557,0.00178069969354951,0,0,0.00178761307235814,0,9.03334744950402e-05,0,0
0,0,0,0,0,0,0,0,0,0,0,0,0,0,0,0,0,0,0,0,0,0,0,0,0,0,0,0,0,0,0,0.443279104316277,0,0.00283777186096338,0,0.00127815780190202,0.00421501426296587,0,0,0,0,0,0,0,0,0,0,0.125431565250763,0.000249459569648551,0.00179774107585616,0,0,0,0,0,0,0,0,0,0,0,0,0,0,0,0,0,0,0,0,0,0,0,0,0.184926633569352,0.176503365450835,0,0.00010946153123749,0.000408156054834768,0.011022316139119,0,0,0.00203066377618451,0,1.42681170341847e-05,0,0
0,0,0,0,0,0,0,0,0,0,0,0,0,0,0,0,0,0,0,0,0,0,0,0,3.8385615042122e-05,0,0,0,0,0,0,0.00159323968870217,0.00283777186096338,0,0.3020133336441,0.0055188186485216,0,0.00250160140013921,0.00639189177568457,0,0,0,0,0,0,0,0,0.0592093103648511,0.000182580062583993,0,0,0,0,0,0,0,0,0,0,0,0,0,0,0,0,0,0,0,0,0,0,0,0,0,0.00762858111715109,0.0011079365463593,0.214837955196113,0.171289488985427,0.00266212655337119,0,0.00222716969625511,0.0091578876428117,0.000702510519389953,0.000279617221362699,0,0,0
0,0,0,0,0,0,0,0,0,0,0,0,0,0,0,0,0,0,0,0,0,0,0,0,0,0,0,0,0,0,0,0.000892644027025639,0,0.3020133336441,0,1.55680835629324e-05,0.00459446223339796,0.00110198381690737,0.0103419252715607,0,0,0,0,0,0,0,0,0.133602462341829,0,0.000291960214951576,0,0,0,0,0,0,0,0,0,0,0,0,0,0,0,0,0,0,0,0,0,0,0,0,0,0.0171908571119315,0.229726683194374,0.133626917415031,0,0.00272972022101802,0.00134189178922702,0.00248918578809651,0.000439084186690487,8.54358833240684e-05,0,0,0
0,0,0,3.80908468230635e-06,0,9.18563507431314e-05,0,0,0,0,0,0.00123793337909839,0,0,0,0,0,0,0,0.018764624539391,0,0,0,0,0,0,0,0,0,0,0,0.00527341199965194,0.00127815780190202,0.0055188186485216,1.55680835629324e-05,0,0.0327021861584921,0.0230758417428636,0.000930461629113983,0.000136813607928061,0,7.84725668527905e-05,0,0,0,0.000403660895917531,0,0.00154290793846143,0,0.000422726887719733,0,0,0,0,0,0,0,0.00402409304663962,0,0,0,0,0.032582020268458,0,0,0,0,0,0,0,0,0,0,0,0.00516284796472156,0.00573802447874713,0.0111686481607534,0,0.206869395084776,0.0206911710407987,0.00698839016662298,1.28219676596706e-05,0.0164481256161119,0.00565718509416556,0.00196704640481317,0,0
0,0,2.60991529930327e-05,0,7.12473519634271e-05,0,0.000786832065499321,0,0,0,0.00863438301007615,0,0,0,0,0,0,0,0,0,0.0245963509986521,0,0,0,0,0,0,0,0,0,0,0.000273607194510239,0.00421501426296587,0,0.00459446223339796,0.0327021861584921,0,0,0.0201258831207947,0,8.96662213570223e-05,0,4.4255665709857e-05,0,0,0,7.68167267670448e-06,0.000341116352602741,0.000315356144193564,0,0.000137224577576004,0,0,0,0,0,0.00273916641610591,0,0,0,0,0,0,0.010033007645655,0,0,0,0,0,0,0,0,0,0,0.000229712101824611,0.00589232749276011,0,0.0111600742344869,0.0141274567425597,0.198297909168687,0,0.00483061082538959,0.0199938850060079,0.0154606978890861,0.00206782960022684,0,0
9.44193427383333e-06,0.000104791851333674,0,5.62075022057242e-05,0,0,0,0,4.48204904629864e-06,0.00258138177172437,0,0.0682997004615184,0,0,0,5.70815232462386e-06,0,0,0,0.00500471644507219,0,0.0412739973405156,0,0.0270585859917183,8.68105095415927e-05,0,0,0.00885695480400886,0,0.0162212044071261,0,0,0,0.00250160140013921,0.00110198381690737,0.0230758417428636,0,0,0.0135809370876953,0,0,0.00233450473758359,1.95415099514341e-05,0,0,7.51877046137489e-05,0,0.0158776360238649,0.000289451281848613,0.00431918768097308,0,0,0,0,1.02926478012692e-05,0.00176829798176034,0,0.0278502071705707,0,0,0,1.58643510548948e-05,0.00502493146853973,5.29442922921473e-06,0.0308639730488665,0,0.0242395843282646,0,0,0,0.00551232670359876,0,0.0156770189175162,0,0,0,0.000441030689230742,0.000434467482836299,0.0294956478384635,0,0.201631955389672,0.0172066709370612,0.0055599471105516,0.000486847807705924,0.00285935156356067,0,0
9.01018990836197e-05,0.000132028872319988,5.54112701820338e-06,7.94501034225516e-06,0,0,0,0,0.00494548822528744,0.000120899468685577,0.0419789315560621,0,0,0,0,0,0,0,1.68449891695572e-05,0,0.00933871870158282,0.00135346391510583,0.0409384484698431,9.93232335085373e-06,0.0326087138983648,0,0,0,0.0210486888175309,0,0.0129142148333192,0,0,0.00639189177568457,0.0103419252715607,0.000930461629113983,0.0201258831207947,0.0135809370876953,0,0,0,0.000524940800126336,0.00294458187404828,0,0,0,1.19232199783901e-05,0.0192543642342022,0.0057759622551326,0.00015189906376129,0,0,0,0,0.0033795439045427,0.000171114878751421,0.00938817190420888,0,0,0,1.53617962826523e-05,0,0,0.00182322039219996,3.99689050705017e-05,0.019103653495856,0.000255686106503928,0.0221443066266212,0,2.49009493485078e-05,0,0.0163169835541472,0,0.00264249117378386,0,0,0,0.0175419590306082,0.000698193635665328,0.0327442416458077,0.00734757339237107,0.243020034854939,0.0149161997515559,0.00429252549281868,0.00227743925186741,0,0
0,0.000361387706310785,0,0.00652906889153103,0,0.000706290185159968,0,0,0,0.000469537438818907,0,0,0,0,0,0,0.00129500812496899,0.00299597904161205,0.0180883272028433,1.50213941821694e-05,0,0,0,0,0,0,0,0,0,0,0,0,0,0,0,0.000136813607928061,0,0,0,0,0.000330411563328088,0.0371674698990558,0.00039904843813544,0,0,0.0281328647868099,0.000380641076649589,0.00061829157114427,1.32324563200755e-05,0.0220988776584681,0,0.000507638421468343,0,0,0,0,0,0.000123640262689365,0,0,0,0,0.0267213604657,0,0,0,0,0,0,0,0,0,0,0,0,0,0,0,0.00671677338697811,8.62476342893976e-05,0.000283706402793849,3.53674891521104e-05,0.000933595435303837,4.00218576345116e-06,0.0824032992757507,0.00206788496479539,0
5.93267837553631e-05,0,0.00100334975219296,0,0.000646727072496776,0,0,0,0.000108369697489584,0,0,0,0,0,0,0,0.00123111015548743,0.000877827470736393,0.00939100828806509,0,0,0,0,0,0,0,0,0,0,0,0,0,0,0,0,0,8.96662213570223e-05,0,0,0.000330411563328088,0,9.99650016381555e-05,0.037500432517562,0,0.000983792245754053,0.000450501107336368,0.037900140881253,0.00098952544962139,0.0205513530146926,0,0.000402092407717588,0,0,0,0.000115880507579489,0,3.67722522160934e-05,0,0,0,0,0,0,0.0591677150321177,0,0,0,0,0,0,0,0,0,0.00359177253892722,0,8.06375053026944e-05,0,0,8.31738406596118e-05,0.0109624873158681,5.58913413007812e-05,0.00135293246984202,0.000849126087698333,3.73678807046639e-06,0.0478299690038832,0,0.00230609824037779
0.000236559589176803,0.0206851298369686,1.29044310146112e-05,0.00856298571185979,0,0.000789181468281437,0,0,8.04971974891041e-05,0.00711496553165342,0,0,0,0,0,6.73886597801212e-05,0.00178301257677931,0.00279588854269703,0.0260551727067835,0,0,0,0,4.85859131292947e-05,0.000127871170696674,0,0,0,0,0,0,0,0,0,0,7.84725668527905e-05,0,0.00233450473758359,0.000524940800126336,0.0371674698990558,9.99650016381555e-05,0,0.00668136265826876,0,0,0.00633539682233916,0.000690594477624434,0.00076490405510762,0.000473014872738502,0.025897338437856,0,0.00133883781869372,0,0,9.13632687851414e-06,0.00309348561688848,3.48697308785047e-05,0.00983518774004183,0,0.000146708360563103,0,0.000573859832134423,0.000633634949995341,9.74501399480095e-06,0,0,0.000631371597687829,3.18614994222717e-05,0,0,0,0,0.00147293117437303,2.45431236801728e-05,0,0,0,0,0.00994856866811026,0.000175404433987733,0.000407631227233185,0.000106669612343367,0.00543787146392273,7.15619953068071e-05,0.143732005156321,0.0220969955744892,0.000221398304797738
0.006572574962015,4.86939159880846e-05,0.0136034108104588,8.49161977674543e-05,0.0016367198000596,0,0,0,0.0045794191126047,5.14767417580461e-05,0,0,0,0,0,0,0.00277430047463838,0.00113046740185293,0.0163848103437222,0,5.15895861495259e-05,0,0,0,0.000954648066382534,0,0,0,0,0,0,0,0,0,0,0,4.4255665709857e-05,1.95415099514341e-05,0.00294458187404828,0.00039904843813544,0.037500432517562,0.00668136265826876,0,0,0.00171281061742862,0.000225653774078104,0.0177995858810179,0.00134534434110545,0.0218587442039176,0.000432978791091265,0.000713595582970887,0,0,0,0.00108403573134109,0.000135782036607716,0.00808138710923123,0,0.000116474162584216,0,8.07141396151172e-05,9.19631928790812e-06,0,0.00332015009847881,0,0,9.26966803100153e-05,0,0,0,0,0,0,0.00324315573216263,0,0,0,0,0.000199978241887898,0.0150844043281534,3.54718854108215e-05,0.00331129000935981,0.00527881637081898,9.101626765631e-06,0.124004145691459,8.21160470739854e-05,0.0409666487814321
0,0,0,0,0,0,0,0,0,0,0,0,0,0,0,0,0,0,0,0,0,0,0,0,0,0,0,0,0,0,0,0,0,0,0,0,0,0,0,0,0,0,0,0,0,0,0,0,0,0,0,0,0,0,0,0,0,0,0,0,0,0,0,0,0,0,0,0,0,0,0,0,0,0,0,0,0,0,0,0,0,0,0,0,0,0,0
0,0,0,0,0,0,0,0,0,0,0,0,0,0,0,0,5.07705524338217e-06,0,4.0574151530152e-05,0,0,0,0,0,0,0,0,0,0,0,0,0,0,0,0,0,0,0,0,0,0.000983792245754053,0,0.00171281061742862,0,0,0,2.60783890308101e-05,0,0,0,0,0,0,0,0,0,0,0,0,0,0,0,0,3.46290005321815e-05,0,0,0,0,0,0,0,0,0,0,0,0,0,0,0,0.000341154627151638,0,0.000106637884331096,0,0,0.000269497834845817,0,0.00123925493335981
0,2.26511383349899e-05,0,0.00218545354005128,0,0,0,0,0,0,0,5.20956679565276e-05,0,0,0,0,0.000763111596262472,0.00107573090838549,0.00432971076522456,0.00117163865019903,0,0,0,0,0,0,0,0,0,0,0,0,0,0,0,0.000403660895917531,0,7.51877046137489e-05,0,0.0281328647868099,0.000450501107336368,0.00633539682233916,0.000225653774078104,0,0,0,0.000298515630032948,5.41972115397299e-05,0,0.00302518740230168,0,0.000141586357681041,0,0,0,1.8017320417194e-05,0,1.24514166447281e-05,0,0,0,0,0.0431364944987115,0,0,0,0,0,0,0,0,0,0,1.2384817741706e-05,0,0,0,0,0.00623278734881777,4.82780925301003e-05,0.00216120834340456,2.57841184477404e-06,0.000377035547424427,2.02698173728051e-05,0.0363179555033728,5.81263031339701e-05,0
5.021764637873e-05,0,0.000119272470623232,7.46702473869513e-06,0,0,0,0,1.35846173053859e-05,0,0,0,0,0,0,0,0.00390898667721668,0.00244647957539721,0.0291091145739716,0,0.000254389933855114,0,0,0,0,0,0,0,0,0,0,0,0,0,0,0,7.68167267670448e-06,0,1.19232199783901e-05,0.000380641076649589,0.037900140881253,0.000690594477624434,0.0177995858810179,0,2.60783890308101e-05,0.000298515630032948,0,0,0.00047339729800596,0,0.000285138463862979,0,0,0,0,0,0.000148641343803711,0,0,0,0,0,0,0.0416636912626058,0,0,0,0,0,0,0,0,0,0.000431751470943067,0,0,0,0,0.000179599913373772,0.0152994991417024,2.63706267537411e-05,0.00657482363256803,0.00273734846115534,1.27559185474125e-05,0.0237113200880065,0,0.000551301784705296
0.000217161414203275,2.90520486008442e-05,1.82990253422299e-05,0,0,0,0,0,8.11666545372787e-05,0.000176971898308283,0,0,0,0,0,0,0,0,4.61520910855981e-06,0,0,9.72232754001274e-05,0,0.000615935603762029,0.000456266589345295,0,0,0,0,0,0,0.146337882445513,0.125431565250763,0.0592093103648511,0.133602462341829,0.00154290793846143,0.000341116352602741,0.0158776360238649,0.0192543642342022,0.00061829157114427,0.00098952544962139,0.00076490405510762,0.00134534434110545,0,0,5.41972115397299e-05,0,0,0.138553603390592,0.0587896674753473,0,0,0,0,9.43404055942115e-05,0.000284368070259519,1.0551014402595e-05,0,0,0,0,0,0,0,0.000267364002506627,0,0.00100190583296041,0.000110046833240724,0,0,0,0,0,0,0.0836513838568527,0.191151417031869,0.00650396236396668,0.0432514520095336,0.00821467765018848,0.0293116484964036,0.00158710173085197,0.000497549730096312,0.010661301016859,0.00038793163121197,0.0183401165508485,0,5.18742645238724e-05
0.0172786029409414,0.000257110228717897,0.00655101217770906,0.000112021965833777,0,0.000234575847050528,0,0,0.000944163918948106,0.000200429818033587,0,0,0,0,0,0,0,0,2.09922356311037e-05,0,0,1.22208219769765e-05,0.00101358963128675,0,0.0416112749451174,0,0,0,0,0,0,0.00160417832775988,0.000249459569648551,0.000182580062583993,0,0,0.000315356144193564,0.000289451281848613,0.0057759622551326,1.32324563200755e-05,0.0205513530146926,0.000473014872738502,0.0218587442039176,0,0,0,0.00047339729800596,0.138553603390592,0,0.00835821568322444,0.00117267578486996,0,0,0,0.000287098522371449,9.75244085902326e-05,0.0015763287910993,0,6.59071753045797e-05,0,0.000462523107061016,0,0,0.000480104769190457,0,0.00286114544914744,0.000248782057439933,0.0160588345500211,0,0.000720692125607487,0,0.00105678453632454,0,0.0119401520811803,0,0.011404804490502,0,0,0,0.00509782132231754,0.000106127879546784,0.00701064309153116,0.00548913580167885,0,0.0389888568617826,0,0.0011414037356014
7.31572483222412e-05,0.022227003324323,5.53092510210593e-05,0.036875432871729,0,0.000125106907556,0,0,0,0.00180021391584483,0,0,0,0,0,0.00122662752672985,0,0,0.000581416199083216,0.000166993102179181,0,0.00540454075036913,0,0.0173262898770115,5.75234147728043e-05,0,0,0,0,0,0,7.13828545306338e-05,0.00179774107585616,0,0.000291960214951576,0.000422726887719733,0,0.00431918768097308,0.00015189906376129,0.0220988776584681,0,0.025897338437856,0.000432978791091265,0,0,0.00302518740230168,0,0.0587896674753473,0.00835821568322444,0,0.000306667849189366,0.00242113199529337,0,0,0,0.00316602305066057,0,1.75733785730645e-05,0,7.16413104714852e-05,0,0.0112981743222132,1.22687094889981e-05,6.52116481127617e-05,0.00608093396718175,0,0.0268583515415166,0,0,0,6.64054642738731e-05,0,7.66277203954034e-05,0,0,0.000565143430273041,0,0.000110504934721922,0.00221822173860328,1.08697160721282e-05,0.00182471522761515,0,0.00482508420227727,6.64745409044817e-05,0.0328484874721555,0,0.000246652280065077
0,0,0.0339100428348737,0,0.00759230342972422,0,0,0,0,0,0,0,0,0,0,0,0,0,0,0,0.0243311843373653,0,0,0,0,0,0,0,0,0,0,0,0,0,0,0,0.000137224577576004,0,0,0,0.000402092407717588,0,0.000713595582970887,0,0,0,0.000285138463862979,0,0.00117267578486996,0.000306667849189366,0,0,0,0,0,0,0.00320512645965374,0,5.73661752667246e-05,0,0,0,0,0.0135056206766433,0,0,0,0,0,0,0,0,0,0,0,0,0,0,0,3.71748089019608e-05,0,2.47751541206029e-05,0.000145999775642632,0,0.0097176309317144,0,0
0,0,0,0.0433305662743429,0,0.00906070492708119,0,0,0,0,0,0.000808714168746276,0,0,0,0,8.08683742520641e-06,4.8700856679954e-06,3.00479413244216e-05,0.0103276071831291,0,0,0,0,0,0,0,0,0,0,0,0,0,0,0,0,0,0,0,0.000507638421468343,0,0.00133883781869372,0,0,0,0.000141586357681041,0,0,0,0.00242113199529337,0,0,0,0,0,0,0,6.37395905333854e-05,0,0,0,0,0.000188854599497437,0,0,0,6.35068571548589e-05,0,0,0,0,0,0,0,0,0,0,0,1.17423702944866e-05,0,2.74486353764294e-05,0,0.000936833841423312,3.49957975997055e-05,0.00415454866447113,0,0
0,0,0,0,0,0,0,0,0,0,0,0,0,0,0,0,0,0,0,0,0.000596660769454003,0,0,0,0,0,0,0,0,0,0,0,0,0,0,0,0,0,0,0,0,0,0,0,0,0,0,0,0,0,0,0,0,0,0,0,0.0254708521646877,0,0,0,0,0,0,0,0,0,0,0,0,0,0,0,0,0,0,0,0,0,0,0,0,0,1.74306204663887e-05,0.000112527237628446,0,0,0
0,0,0,0,0,0,0,0.00271028995620781,0,0,0,0.0020521555043714,0,0,0,0,0,0,0,0.00370821001162638,0,0,0,0,0,0,0,0,0,0,0,0,0,0,0,0,0,0,0,0,0,0,0,0,0,0,0,0,0,0,0,0,0,0,0,0,0,0.00682960511786733,0,0,0,0,0.000100992849238271,0,0,0,0,0,0,0,0,0,0,0,0,0,0,0,0,0,0,0,0.000218141524982062,6.5375900971405e-05,0,0,0
0.0542130621205911,0,0,0,0.000228777491517833,0,0,0,0.109121304445129,2.70906840349977e-05,0,0,0,0,0.0775250358993678,0,0,0,7.4529857581363e-05,0,0,0,0,0,0.0201568780788249,0,0,0,0,0,0,0,0,0,0,0,0,1.02926478012692e-05,0.0033795439045427,0,0.000115880507579489,9.13632687851414e-06,0.00108403573134109,0,0,0,0,9.43404055942115e-05,0.000287098522371449,0,0,0,0,0,0,4.09609678861562e-05,0.000214163407171408,0,0,0,0.0376027938597658,0,0,0,0,0,3.70503794202574e-05,0.00841467073760119,0,0,0,0,0,0.000396955144944314,0,0,0,0,0,2.27143415873172e-06,0,0.00419676923090703,0.00103053876312602,0,0.00408344908895226,0,0.00369071706303302
3.37709513984139e-05,0.0782645829324894,9.61893546139051e-05,0,0,0,0,0,6.57953593887917e-05,0.0995574912229541,0,0,0,0,0,0.498901910096627,0,0,0.000177605631790999,0,0,0,0,0.00176769124491426,0.000109514056671515,0.000961099547311939,0,0,0,0,0,0,0,0,0,0,0,0.00176829798176034,0.000171114878751421,0,0,0.00309348561688848,0.000135782036607716,0,0,1.8017320417194e-05,0,0.000284368070259519,9.75244085902326e-05,0.00316602305066057,0,0,0,0,4.09609678861562e-05,0,0,0,0,0,0,0.059066371291216,0,0,0,0,0.0511997267908036,0,0.000949530010622018,0,0,0,0,0,0,0,0,0,0,0,0.00114827437120171,0,0.00233454722661831,0.000753088662457812,0.00710979098356951,0,0
0.000102207157718235,0,0.00020697442519623,0,0,0,0,0,0.000129949797446608,0,0.114311678604372,0,0.0375542030597271,0,0,0,6.24569281168333e-05,0,0.000328892581237386,0,0.0341384267230407,0,0,0,0,0,0,0,0.0102931533637793,0,8.26864458364045e-05,0,0,0,0,0,0.00273916641610591,0,0.00938817190420888,0,3.67722522160934e-05,3.48697308785047e-05,0.00808138710923123,0,0,0,0.000148641343803711,1.0551014402595e-05,0.0015763287910993,0,0.00320512645965374,0,0.0254708521646877,0,0.000214163407171408,0,0,0,0.00275726365467488,0,0.00021389251225103,0,0,0.00496835445698065,0,0,0,0,0,0,0,0.00405983336298641,0,0.00655595545720668,0,0,0,0,0,0.000193044578319999,0,0.00267890711649627,0.00302447794663607,0.00126989335820464,0.0285649005224332,0,0.00155360219271832
0,0,0,0.00121466345817676,0,9.46591637019393e-05,0,0.0110771139358117,0,0,0,0.126645891779849,0,0.0830537397011173,0,0,0,0,0.000395649981807753,0.0285499842059297,0,0,0,0,0,0,0,0.0103200900824018,0,0.00889003700353562,0,0,0,0,0,0.00402409304663962,0,0.0278502071705707,0,0.000123640262689365,0,0.00983518774004183,0,0,0,1.24514166447281e-05,0,0,0,1.75733785730645e-05,0,6.37395905333854e-05,0,0.00682960511786733,0,0,0,0,0,0.0061765588622296,0,0,0.00994270675127671,0,0,0,0,0,0,0,0.00929267767447289,0,0.0387699760948884,0,0,0,0,0,0.00132468898796392,0,0.0021725142516047,0,0.00480505065941719,1.23631019130194e-05,0.0257392288626161,0.000119945568608014,0
0,0,0.00516300547904084,0,3.50715973204208e-05,0,0,0,0,0,0.0264513362300681,0,0.0308190400099735,0,0.028930273734868,0,0,0,0,0,0,0,0,0,0,0,0,0,0,0,0,0,0,0,0,0,0,0,0,0,0,0,0.000116474162584216,0,0,0,0,0,6.59071753045797e-05,0,5.73661752667246e-05,0,0,0,0,0,0.00275726365467488,0,0,0,0.000440190881669539,0,0,0.000469954983491378,0,0,0,0,0,0,0,7.3966998898448e-05,0,0.000312657486444684,0,0,0,0,0,8.01929833630006e-06,0,0,0.00231785111217225,0.0024839058958251,0.00432073471574293,0,0
0,0,0,0.00506036516892626,0,0,0,0.00480719122125799,0,0,0,0.0915347824802639,0,0.109936182333616,0,0.00526547559838192,0,0,0,0,0,0,0,0,0,0,0,0.00271961112782854,0,0,0,0,0,0,0,0,0,0,0,0,0,0.000146708360563103,0,0,0,0,0,0,0,7.16413104714852e-05,0,0,0,0,0,0,0,0.0061765588622296,0,0,0,0.00182385528589477,0,0,0,0,0,0,0,0,5.88602552399728e-05,0,0,0,0,0,0,0,0,0,0,0,0.00243483586480571,0.0015414465740729,8.77409912305449e-05,0,0
0.0203614221515898,0,0,0,0,0,0,0,0.0517882995684974,0,0,0,0,0,0.0399619289933354,0,0,0,0,0,0,0,0,0,0.000198399444937486,0,0,0,0,0,0,0,0,0,0,0,0,0,1.53617962826523e-05,0,0,0,8.07141396151172e-05,0,0,0,0,0,0.000462523107061016,0,0,0,0,0,0.0376027938597658,0,0.00021389251225103,0,0.000440190881669539,0,0,0,0,0,0,0,4.68715568310808e-05,0,0,0,0,0,0,0,0,0,0,0,0,0,0,3.67101949970471e-06,0.00206523680313512,0,0.000199458507194148,0,0
0,0.0552695657782398,0,0.00605997455586512,0,0,0,0,0,0.0444798277788318,0,0,0,0.0109688666039277,0,0.129074910944399,0,0,0,0,0,0,0,0.00387611647606765,0,0.00255547224729048,0,0.0228008854659846,0,0,0,0,0,0,0,0,0,1.58643510548948e-05,0,0,0,0.000573859832134423,9.19631928790812e-06,0,0,0,0,0,0,0.0112981743222132,0,0,0,0,0,0.059066371291216,0,0,0,0.00182385528589477,0,0,0,0,0,0,0.0132010772119359,0,0.00986101286408471,0,0.0012031811919009,0,0,0,0,0,0,0,0,0,1.04167872833054e-05,0,0.00125751552670937,0.000245098436123643,0.000201254568136734,0,0
0,7.36011764424214e-05,0,5.01144578782004e-05,0,0.0010795668199573,0,0.000290442436758084,0,0,0,0.0348377695036842,0,0,0,0,1.82488839000424e-05,2.88234337318602e-05,0.000528402641082852,0.116900218164759,0,0,0,0,0,0,0,0,0,0,0,0,0,0,0,0.032582020268458,0,0.00502493146853973,0,0.0267213604657,0,0.000633634949995341,0,0,0,0.0431364944987115,0,0,0,1.22687094889981e-05,0,0.000188854599497437,0,0.000100992849238271,0,0,0,0.00994270675127671,0,0,0,0,0,0,0,0,0,0,0,0,0,0,0,0,0,0,0,0,0.014596131897927,0,0.00407418471098821,0,0.00110812679352895,0,0.0174738139989549,0,0
3.36881728976504e-05,0,0.000783509020628,0,0.000165089899174218,0,0.000577308414625124,0,0,0,0.0704438591744522,0,0,0,0,0,0.000124433979983641,3.73385624721107e-05,0.000180361658163048,0,0.056020738241199,0,0,0,0,0,0,0,0,0,0,0,0,0,0,0,0.010033007645655,5.29442922921473e-06,0.00182322039219996,0,0.0591677150321177,9.74501399480095e-06,0.00332015009847881,0,3.46290005321815e-05,0,0.0416636912626058,0,0.000480104769190457,6.52116481127617e-05,0.0135056206766433,0,0,0,0,0,0.00496835445698065,0,0.000469954983491378,0,0,0,0,0,0,0,0,0,0,0,0,0,0,1.25423218616961e-05,0,0,0,0,8.22602874619559e-06,0.0104864789389174,0,0.0101283275352799,0.00232797656569855,4.96852242124827e-06,0.0185144390219219,0,0.00025905146417737
0,0,0,0,0,0,0,0,0,0,0,0,0,0,0,0,0,0.000633192389571704,0,0,0,0.350005960629894,0.00330975488231509,0.00650009047978681,0,0.0186774201122274,0,0.0126341967567584,0,0,0,0,0,0,0,0,0,0.0308639730488665,3.99689050705017e-05,0,0,0,0,0,0,0,0,0.000267364002506627,0,0.00608093396718175,0,0,0,0,0,0,0,0,0,0,0,0,0,0,0,0,0.00555568865259146,0,0.00568550662077929,0,0.0014420840955327,0,0,0,0,0,0,0,0,0,0.00902686217575434,0,0.0115028119166194,9.7060405647155e-05,0.000239171954201363,0,0
0,0,0,0,0,0,0,0,0,0,0,0,0,0,0,0,0,0,0,0,0,0.010120174086792,0.306161465298928,0,0.000501860701024913,0,0.000118823084229748,0,0.000743508232891272,0,0,0,0,0,0,0,0,0,0.019103653495856,0,0,0,0,0,0,0,0,0,0.00286114544914744,0,0,0,0,0,0,0,0,0,0,0,0,0,0,0,0,0,0,0.00521111775873303,0,0.00629419816905335,0,0.0140857030470045,0,0,0,0,0,0,0,0,0,0.00389319726272155,0.0108658598124568,0.00153077876527862,0,0,0
0.000256649908529342,0.00303051042924697,0,0,0,0,0,0,0.000132823028117351,0.0250506875166399,0,0,0,0,0,0,0,0.000272419810461755,0.000483491085740925,0,0,0.0106491941492775,0,0.129233146835356,0.000131241488057162,0.164889271503375,0,0,0,0,0,0,0,0,0,0,0,0.0242395843282646,0.000255686106503928,0,0,0.000631371597687829,9.26966803100153e-05,0,0,0,0,0.00100190583296041,0.000248782057439933,0.0268583515415166,0,6.35068571548589e-05,0,0,3.70503794202574e-05,0.0511997267908036,0,0,0,0,4.68715568310808e-05,0.0132010772119359,0,0,0.00555568865259146,0,0,0,0.224384022609394,0,0.00263304604015141,0,0,0,0,0,0,0,0,0,0.00890569167995451,2.87364375032542e-06,0.00587663706446428,3.942579617899e-05,0.0170344395882577,0,0
0,0,0,0,0,0,0,0,0.000657310377860612,0,0,0,0,0,0,0,0.00184972739157463,0,0.00028138972849198,0,0,0,0.00754252986959898,0,0.0987226898636456,0,0.000950053509069425,0,0,0,0,0,0,0,0,0,0,0,0.0221443066266212,0,0,3.18614994222717e-05,0,0,0,0,0,0.000110046833240724,0.0160588345500211,0,0,0,0,0,0.00841467073760119,0,0,0,0,0,0,0,0,0,0,0.00521111775873303,0,0,0,0.0209199405440246,0,0.00927285004770732,0,0,0,0,0,0,0,0,0,0.0029930060673696,0.00173936518458526,0,0.00440563142034285,0,0
0,0,0,0,0,0,0,0,0,0.00182382890290306,0,0,0,0,0,0.000226989031859297,0,0.00292745138002159,0,0,0,0.016264840978538,0,0.325600714299618,0,0.0106284244227053,0,0.105795069659076,0,0,0,0,0,0,0,0,0,0,0,0,0,0,0,0,0,0,0,0,0,0,0,0,0,0,0,0.000949530010622018,0,0,0,0,0,0.00986101286408471,0,0,0.00568550662077929,0,0.224384022609394,0,0,0,0.00362549155927155,0,0,0,0,0,0,0,0,0,0,0,0.000949757758477369,0,0,0,0
0,0,0,0,0,0,0,0,0,0,0,0,0,0,0,0,0.00162114837978691,0,0,0,0,0,0.0277046763075299,0,0.0790501416923114,0,0.189812779032039,0,0.032690911756591,0,0,0,0,0,0,0,0,0,2.49009493485078e-05,0,0,0,0,0,0,0,0,0,0.000720692125607487,0,0,0,0,0,0,0,0,0,0,0,0,0,0,0,0,0.00629419816905335,0,0.0209199405440246,0,0,0,0.0107958461296952,0,0,0,0,0,0,0,0,0,6.33855251140625e-05,0.00133742840556607,0,0,0,0
