0,0,3.59768231231046,0,0,0,0,0,4.58548837210003,0,0,0,0,0,4.86260843276978,0,0,0,0,0,0,0,0,0,0,0,0,0,0,0,0,0,0,56.3354721069336,0,0,0,0,15.9248277119228,0,0,0,6.62573669574879,0,0,0,0,29.5149422385476,15.4203827752442,0,17.2366580963135,0,0,0,7.65021143432792,0,0,0,0,0,4.33174019177755,0,0,0,0,0,0,8.55612123012543,0,25.9569988250732,0,0,0,0,0,0,0,0,0,0,0,0,21.7047217590734,0,6.84092490566509,0,4.59244845224463
0,0,0,5.00767803192139,0,0,0,0,0,3.74897250344482,0,0,0,0,0,0,0,0,0,0,0,0,0,5.04110976957506,0,0,0,0,0,0,0,0,0,0,0,0,0,13.8908814863725,0,0,0,9.4528382397615,0,0,0,54.9159660339355,0,26.5251078605652,0,17.4068595471142,0,0,0,0,0,4.66840487718582,0,13.3976939519246,0,0,0,0,0,0,0,0,7.62631561824254,0,6.33248090744019,0,29.8477344512939,0,0,0,0,0,0,0,0,0,11.2483304197138,0,22.7468306223551,0,9.9374604981836,4.57761865943225,0
3.59768231231046,0,0,0,8.18747379161693,0,0,0,5.65546476756427,0,0,0,0,0,0,0,51.5779685974121,55.9355506896973,78.6266784667969,0,0,0,0,0,0,0,0,0,0,0,0,0,0,0,0,0,0,0,0,0,50.5077743530273,0,37.0442348758116,0,0,0,14.6190739178252,43.8150367736816,15.233661148553,39.7907209396362,6.92540578953704,0,0,0,5.20406500498454,0,4.2040855884552,0,3.11608827114105,0,2.73060750961304,0,0,0,0,0,0,0,0,0,0,0,0,35.3645248413086,0,0,0,0,0,19.2829125722249,0,58.0644702911377,21.7338368838484,0,10.5343267177937,0,0
0,5.00767803192139,0,0,0,4.39504714445634,0,0,0,4.26689198383918,0,0,0,0,0,0,0,119.671516418457,29.9974052906036,0,0,0,0,0,0,0,0,0,0,0,0,0,0,0,0,0,0,50.3448810577393,0,53.5492172241211,0,35.8068395305324,43.1065788269043,0,0,18.1921098276016,0,47.134516398112,0,28.0394463159036,0,0,0,0,0,4.21744680404663,0,0,0,0,0,0,11.5405757060418,0,0,0,0,0,0,0,0,0,37.3944985071818,0,0,0,0,0,43.7400207519531,0,50.5709031757556,0,44.8838450113932,0,10.4755250769768,0,0
0,0,8.18747379161693,0,0,0,3.08941986927619,0,0,0,0,0,0,0,0,0,0,0,0,0,3.65609698295593,0,0,0,0,0,0,0,0,0,0,0,0,0,0,0,4.01517224311829,0,0,0,0,0,38.1263669331869,0,0,0,17.5392333666484,46.765858968099,23.4298558515661,42.0360069274902,4.05442000759972,0,4.06500458921123,0,3.703605395097,0,0,0,7.353906194369,0,10.5939163565636,0,0,7.34209255377452,0,0,0,0,0,0,0,0,0,0,0,0,0,0,0,4.96715227762858,0,0,4.89036109447479,0,12.6850768658387,0,0
0,0,0,4.39504714445634,0,0,0,0,0,0,0,0,0,0,0,0,0,0,0,0,0,0,0,0,0,0,0,0,0,0,0,0,0,0,0,0,0,0,0,31.6346416473389,0,35.8471832275391,0,0,0,16.8508752281986,0,54.7829170227051,0,40.3823595046997,0,3.16827368736267,0,0,0,0,0,0,0,0,0,0,11.0679898262024,0,0,0,0,0,0,0,0,0,0,0,0,0,0,0,0,0,0,0,2.86196851730347,0,15.0708046070365,0,0
0,0,0,0,3.08941986927619,0,0,0,0,0,0,0,0,0,0,0,0,0,0,0,0,0,0,0,0,0,0,0,0,0,0,0,0,0,0,0,0,0,0,0,0,0,0,0,0,0,0,0,0,0,3.84687462874821,0,3.70976690812544,0,0,0,0,0,3.30101802474574,0,0,0,0,0,0,0,0,0,0,0,0,0,0,0,0,0,0,0,0,0,0,0,3.248416525977,0,0,0,0
0,0,0,0,0,0,0,0,0,0,0,0,0,0,0,0,0,0,0,0,0,0,0,0,0,0,0,0,0,0,0,0,0,0,0,0,0,0,0,0,0,0,0,0,0,0,0,0,0,0,0,0,0,4.24069109931588,0,0,0,0,0,0,0,0,0,0,0,0,0,0,0,0,0,0,0,0,0,0,0,0,0,0,0,0,2.77859270572662,0,0,0,0
4.58548837210003,0,5.65546476756427,0,0,0,0,0,0,0,0,0,0,0,6.56074857711792,0,0,0,52.2406158447266,0,0,0,0,0,7.84263341933225,0,10.0802098910014,0,0,0,0,0,0,0,0,0,0,0,0,0,0,0,9.5443779744354,0,0,0,15.8825598728808,44.7247009277344,19.8219314488498,41.5138168334961,4.09868502616882,0,0,0,7.39357661101879,0,0,0,0,0,4.54173015753428,0,0,0,0,0,0,10.0440331168894,0,9.01364833513896,0,0,0,0,0,0,0,0,0,0,0,47.9157028198242,9.42881803189294,3.69955153763294,13.1856061518192,0,5.46236339410146
0,3.74897250344482,0,4.26689198383918,0,0,0,0,0,0,0,0,0,0,0,3.74117777424474,0,0,0,0,0,0,0,6.61613841176033,0,3.59859228134155,0,0,0,0,0,0,0,0,0,0,0,6.88254391295569,0,0,0,7.22152384331352,0,0,0,22.3173328399658,0,0,0,4.41866976481218,0,0,0,0,0,5.52668145388705,0,0,0,0,0,6.0236061047285,0,0,0,0,9.20309609448773,0,13.446155166626,0,0,0,13.8374519348145,0,0,0,0,0,0,0,7.80857869117491,0,6.55160790331223,0,11.1197445544791,5.97518807076491,0
0,0,0,0,0,0,0,0,0,0,0,0,0,0,0,0,0,0,0,0,3.30149228118715,0,0,0,0,0,0,0,0,0,5.05729899406433,0,0,0,0,0,2.78316857598045,0,3.63276091975135,0,0,0,0,0,0,0,0,0,0,0,0,0,0,0,0,0,4.45960181122849,0,0,0,0,0,0,11.0165348052979,0,0,0,0,0,0,0,2.879567583402,0,10.3292430461138,0,0,0,0,0,0,0,4.98758314337049,3.13965046494095,0,0,0,0
0,0,0,0,0,0,0,0,0,0,0,0,0,3.24974174797535,0,0,0,0,0,3.49910911719004,0,0,0,0,0,0,0,2.73832809925079,0,4.7838558062611,0,0,0,0,0,0,0,4.20864225189767,0,0,0,0,0,0,0,0,0,0,0,0,0,0,0,0,0,0,0,4.16473961512248,0,0,0,0,4.62153673171997,0,0,0,0,0,0,0,9.64344882965088,0,7.24777841894594,0,0,0,0,0,0,0,7.1648711570104,0,3.91495166099177,0,0,0,0
0,0,0,0,0,0,0,0,0,0,0,0,0,0,4.8011227033355,0,0,0,0,0,0,0,0,0,0,0,0,0,4.4958680493491,0,0,0,0,0,0,0,0,0,0,0,0,0,0,0,0,0,0,0,0,0,0,0,0,0,0,0,0,0,4.13129718746759,0,5.98336987268357,0,0,0,0,0,0,0,0,0,0,3.96280049193989,0,0,0,0,0,0,0,0,0,0,0,0,0,0,0
0,0,0,0,0,0,0,0,0,0,0,3.24974174797535,0,0,0,6.68478488922119,0,0,0,0,0,0,0,0,0,0,0,0,0,0,0,0,0,0,0,0,0,0,0,0,0,0,0,0,0,0,0,0,0,0,0,0,0,0,0,0,0,4.86327838897705,0,4.41073763449987,0,11.2761346879213,0,0,0,0,0,0,0,0,2.74423813819885,0,0,0,0,0,0,0,0,0,0,0,2.82469034194946,0,0,0,0
4.86260843276978,0,0,0,0,0,0,0,6.56074857711792,0,0,0,4.8011227033355,0,0,0,6.91020652226039,0,0,0,0,0,0,0,0,0,4.12307596206665,0,0,0,0,0,0,0,0,0,0,0,0,0,0,0,0,0,0,0,0,0,0,0,0,0,0,0,5.91302791143718,0,0,0,5.65308917971218,0,4.85304962980139,0,0,0,0,0,0,0,0,3.22239857912064,0,0,0,0,0,0,0,0,0,0,0,0,0,0,0,0,0
0,0,0,0,0,0,0,0,0,3.74117777424474,0,0,0,6.68478488922119,0,0,48.6686973571777,26.0528089546022,72.7771244049072,0,0,0,0,15.3770626386007,0,24.2234382629395,0,0,0,0,0,0,0,0,0,0,0,21.4967956542969,0,0,0,0,0,0,0,0,0,0,0,0,0,0,0,0,0,2.98548289140066,0,0,0,7.09760839939117,0,7.29464773799098,0,0,0,0,13.3575280645619,0,8.91221793492635,0,0,0,0,0,0,0,0,0,0,0,0,0,19.93186378479,0,0,0,0
0,0,51.5779685974121,0,0,0,0,0,0,0,0,0,0,0,6.91020652226039,48.6686973571777,0,27.8216606706714,29.061760721543,0,0,0,2.87530283927917,0,0,44.442895340197,16.5694339374701,0,0,0,0,0,0,0,0,114.020341237386,89.9171124626608,91.5168914794922,95.4887967790876,88.4094734191895,71.7011969323252,77.4918084395559,49.7770265779997,50.6720247268677,37.5675616264343,74.8322632368221,63.0789749596709,0,69.4703374342485,85.7648803710938,0,0,0,0,0,0,0,0,0,0,0,0,81.2082557678223,87.7745208740234,0,0,0,0,35.0194876627489,0,0,0,0,0,0,0,0,0,89.3052418502336,75.0308568099449,89.5621874067518,72.9927623302906,17.8055121644571,0,61.3802770342146,70.2192586263021,48.4938456217448
0,0,55.9355506896973,119.671516418457,0,0,0,0,0,0,0,0,0,0,0,26.0528089546022,27.8216606706714,0,29.8462432430439,0,0,0,0,19.5220279693604,0,17.4961040368296,66.9017639160156,0,0,0,0,0,0,0,0,89.545969543457,105.182906150818,102.795175294618,117.181785583496,73.4549398422241,81.4511236533141,53.7573989055196,68.7265620948994,52.4898789269584,63.8561325073242,62.9738866404483,75.8534150965073,0,85.0660419464111,65.1913350163674,0,0,0,0,0,0,0,0,0,0,0,0,70.5212798283018,0,0,0,0,0,16.1044498713457,0,0,0,78.418327331543,0,0,0,0,0,70.2512526734748,86.8747093145796,69.7027290531846,88.8210988044739,18.0478527996568,6.48798864315119,65.608169414379,44.3760516093327,55.9673606872559
0,0,78.6266784667969,29.9974052906036,0,0,0,0,52.2406158447266,0,0,0,0,0,0,72.7771244049072,29.061760721543,29.8462432430439,0,0,0,0,0,0,0,41.0996565818787,39.9812791347504,0,0,0,0,0,0,0,0,68.4889564973762,68.4082310188107,73.6672863006592,72.3732370293659,56.2049270529088,52.4144376068633,32.9010801898779,35.1392073044827,19.5626671381086,29.7227404687716,34.4990005264147,39.1797866768004,95.2228775024414,54.9548939848846,47.1741198227869,0,0,0,0,0,0,0,0,0,0,0,0,48.2763728828697,53.9405194332725,0,0,0,0,49.9848808288574,0,78.224552154541,0,72.0084509849548,76.8687629699707,0,0,0,0,51.581211586083,57.2346239458499,51.6395615461831,57.6845700630775,20.9514160924626,0,35.7208787167755,35.6789050535722,34.6300071202792
0,0,0,0,0,0,0,0,0,0,0,3.49910911719004,0,0,0,0,0,0,0,0,0,0,0,0,0,0,0,0,0,0,0,0,0,0,0,5.21117676005644,0,13.2228305675614,0,0,0,61.0560111999512,0,0,0,14.1930094594541,0,0,0,0,0,0,0,0,0,0,0,8.55505044643695,0,0,0,0,4.91832380491053,0,0,0,0,0,0,0,0,0,14.9314898649851,0,0,0,0,0,6.60072701152822,0,14.3362628485752,0,7.09553037823497,0,32.7792687416077,0,0
0,0,0,0,3.65609698295593,0,0,0,0,0,3.30149228118715,0,0,0,0,0,0,0,0,0,0,0,0,0,0,0,0,0,0,0,0,0,0,0,0,0,5.41995666696013,0,16.7270086765289,0,0,0,93.2475891113281,0,0,0,55.9723892211914,0,0,0,3.21293352047602,0,0,0,0,0,3.88298389680924,0,0,0,0,0,0,4.58085314009119,0,0,0,0,0,0,0,0,0,13.2717001778739,0,0,0,0,0,11.9824540379213,0,11.8154764094747,3.04784936275122,0,11.0829474131266,0,0
0,0,0,0,0,0,0,0,0,0,0,0,0,0,0,0,0,0,0,0,0,0,2.87815830924294,7.89569774795981,0,4.92428003403605,0,3.18826901912689,0,0,0,0,0,0,0,0,0,5.73622998913373,0,0,0,34.7217413584391,0,0,0,53.6405334472656,0,0,0,10.1716845458554,0,0,0,0,0,0,0,29.4862217903137,0,0,0,0,36.6838614145915,0,5.11565037142138,6.75656759738922,3.74043144226074,0,4.01095048855927,0,9.17162190238349,0,19.8347718556722,0,0,0,0,0,0,0,5.87159065737812,0,3.9768560857663,3.06295258204142,38.8065017700195,0,0
0,0,0,0,0,0,0,0,0,0,0,0,0,0,0,0,2.87530283927917,0,0,0,0,2.87815830924294,0,0,5.8273703987534,0,5.98093296708287,0,4.22261111389636,0,0,0,0,0,0,0,0,0,6.68100508013858,0,0,0,0,0,0,0,0,0,9.81349329889557,0,0,0,0,0,0,0,0,0,0,0,0,0,0,0,0,5.07347722471276,0,7.16944500906714,0,7.227480328408,0,4.75146456745988,0,0,0,0,0,0,0,0,0,6.13183139947553,4.70074884346871,3.59586933404207,0,0,0
0,5.04110976957506,0,0,0,0,0,0,0,6.61613841176033,0,0,0,0,0,15.3770626386007,0,19.5220279693604,0,0,0,7.89569774795981,0,0,0,5.69671534715141,0,0,0,0,0,0,0,0,0,0,0,5.62289552445452,0,0,0,7.196428267652,0,0,0,0,0,0,0,5.03864574432373,0,0,0,0,0,13.1824135505236,0,0,0,0,0,14.3670858383179,0,0,5.58370846793765,0,6.85656416343034,0,7.20387043563308,0,0,0,0,0,0,0,0,0,0,0,9.79841829326055,0,3.38677008016452,0,7.30461582199472,9.62944062550863,0
0,0,0,0,0,0,0,0,7.84263341933225,0,0,0,0,0,0,0,0,0,0,0,0,0,5.8273703987534,0,0,0,2.99945556840231,0,0,0,0,0,0,0,0,0,0,0,4.59188890457153,0,0,0,10.7204611301422,0,0,0,0,0,0,0,0,0,0,0,9.14317624533878,0,0,0,0,0,0,0,0,0,0,6.61658783753713,0,3.93727978923456,0,4.22097225819132,0,0,0,0,0,0,0,0,0,0,0,2.73420917987823,5.01467814652816,0,3.47663247585297,0,10.7213706970215
0,0,0,0,0,0,0,0,0,3.59859228134155,0,0,0,0,0,24.2234382629395,44.442895340197,17.4961040368296,41.0996565818787,0,0,4.92428003403605,0,5.69671534715141,0,0,0,3.58545295397441,0,0,0,0,0,0,0,0,0,0,0,0,0,0,0,0,0,0,0,0,0,60.2297058105469,0,0,0,0,0,5.67406606674194,0,0,0,0,0,0,0,0,7.91981444775479,0,11.784817647934,0,4.22146605277181,0,5.37179331290416,0,0,0,0,0,0,0,0,0,21.7174596786499,0,5.66526069924167,0,0,0,0
0,0,0,0,0,0,0,0,10.0802098910014,0,0,0,0,0,4.12307596206665,0,16.5694339374701,66.9017639160156,39.9812791347504,0,0,0,5.98093296708287,0,2.99945556840231,0,0,0,4.46802163329618,0,0,0,0,0,0,0,0,0,0,0,77.5531005859375,0,0,0,0,0,0,0,0,0,0,0,0,0,13.0402164459229,0,0,0,0,0,4.58509894212087,0,0,0,0,3.68187066224905,0,2.75321841239929,0,4.3826279979087,0,7.74321445964632,0,0,0,0,0,0,0,0,0,0,14.7999709765116,0,0,0,0
0,0,0,0,0,0,0,0,0,0,0,2.73832809925079,0,0,0,0,0,0,0,0,0,3.18826901912689,0,0,0,3.58545295397441,0,0,0,8.89593077761866,0,0,0,0,0,0,0,9.21630958248587,0,0,0,0,0,0,0,0,0,0,0,0,0,0,0,0,0,0,0,0,0,0,0,0,0,0,9.58273031207041,0,0,0,6.60966797975393,0,5.09120497751209,0,6.56341714522554,0,0,0,0,0,0,0,8.93529381659038,0,6.6664775800705,0,0,0,0
0,0,0,0,0,0,0,0,0,0,0,0,4.4958680493491,0,0,0,0,0,0,0,0,0,4.22261111389636,0,0,0,4.46802163329618,0,0,0,4.22767945074699,0,0,0,0,0,0,0,7.19523111381153,0,0,0,0,0,0,0,0,0,0,0,0,0,0,0,0,0,0,0,6.73310542106628,0,0,0,0,0,0,3.80355727672577,0,0,0,4.24952131509781,0,4.26884278114025,0,10.3467358748118,0,0,0,0,0,0,0,11.266245188841,2.91829810142517,0,0,0,0
0,0,0,0,0,0,0,0,0,0,0,4.7838558062611,0,0,0,0,0,0,0,0,0,0,0,0,0,0,0,8.89593077761866,0,0,0,0,0,0,0,0,0,5.42993604534804,0,0,0,0,0,0,0,0,0,0,0,22.9705772399902,0,0,0,0,0,0,0,0,0,0,0,0,0,0,0,0,0,0,0,0,10.1178788456478,0,5.96349620969229,0,0,0,0,0,0,0,5.47166598836581,0,3.95167681311264,3.63409431775411,0,0,0
0,0,0,0,0,0,0,0,0,0,5.05729899406433,0,0,0,0,0,0,0,0,0,0,0,0,0,0,0,0,0,4.22767945074699,0,0,0,0,0,0,0,0,0,3.69368808409747,0,0,0,0,0,0,0,0,0,0,0,0,0,0,0,0,0,5.19409094810486,0,0,0,0,0,0,0,0,0,0,0,0,0,0,3.51127204424898,0,4.65087441755145,0,0,0,0,0,0,0,4.98702281171625,4.96420518944903,0,0,0,0
0,0,0,0,0,0,0,0,0,0,0,0,0,0,0,0,0,0,0,0,0,0,0,0,0,0,0,0,0,0,0,0,5.04093796328494,25.4209736188253,12.9712285995483,3.40608721363301,0,0,0,0,0,0,0,0,0,0,0,7.79924386840269,0,25.503176007952,0,0,0,0,0,0,0,0,0,0,0,0,0,0,0,0,0,0,0,0,0,0,0,0,6.82281021173321,12.3986759778616,10.9011738526124,26.2799739837646,9.48319308125243,0,0,0,3.3569690656662,0,0,0,0
0,0,0,0,0,0,0,0,0,0,0,0,0,0,0,0,0,0,0,0,0,0,0,0,0,0,0,0,0,0,0,5.04093796328494,0,37.989933013916,23.7593946582393,0,4.03780135748878,0,0,0,0,0,0,0,0,0,0,8.46436806137745,0,0,0,0,0,0,0,0,0,0,0,0,0,0,0,0,0,0,0,0,0,0,0,0,0,0,9.97127045417318,6.4448631616706,0,22.9901181822238,14.2774414486355,4.27713120425189,0,0,4.30711441380637,0,0,0,0
56.3354721069336,0,0,0,0,0,0,0,0,0,0,0,0,0,0,0,0,0,0,0,0,0,0,0,0,0,0,0,0,0,0,25.4209736188253,37.989933013916,0,7.92696280621771,4.03307927691418,42.7067108154297,4.17359954466616,26.2853889465332,0,0,0,0,0,0,0,0,7.95050470454119,26.0272456577846,0,0,0,0,0,0,0,0,0,0,0,0,0,0,0,0,0,0,0,0,0,0,0,0,0,20.494329872416,16.5450494766235,5.55502448520028,14.5700350121706,7.98524170497368,18.6535568237305,6.10086051040682,25.4481335449219,4.40768392244975,3.12700233739965,28.908805847168,0,0
0,0,0,0,0,0,0,0,0,0,0,0,0,0,0,0,0,0,0,0,0,0,0,0,0,0,0,0,0,0,0,12.9712285995483,23.7593946582393,7.92696280621771,0,0,6.31788597575658,0,3.29508174471108,0,0,0,0,0,0,0,0,7.55309249829078,5.11105716228485,0,0,0,0,0,0,0,0,0,0,0,0,0,0,0,0,0,0,0,0,0,0,0,0,0,0,20.3117606255316,15.2727826137047,6.8321092555005,13.623607635498,6.01602370184821,0,5.77752326059779,3.41810469545552,0,0,0,0
0,0,0,0,0,0,0,0,0,0,0,0,0,0,0,0,114.020341237386,89.545969543457,68.4889564973762,5.21117676005644,0,0,0,0,0,0,0,0,0,0,0,3.40608721363301,0,4.03307927691418,0,0,3.22228300571442,7.84278724508112,0,65.5267355782645,131.995590209961,54.1071622855819,90.0707931518555,53.8364015059038,0,44.1332084075264,0,8.8048692047596,2.73963284492493,68.2941181659698,0,0,0,0,0,0,0,0,0,0,0,0,10.1726147693658,0,0,0,0,0,0,0,0,0,75.1910603841146,0,4.1062997341156,0,4.11176414643564,0,7.57208063547495,4.36580365093042,12.7006897161555,0,6.90409903965712,6.37781450754245,48.337635684581,43.1667318344116,0
0,0,0,0,4.01517224311829,0,0,0,0,0,2.78316857598045,0,0,0,0,0,89.9171124626608,105.182906150818,68.4082310188107,0,5.41995666696013,0,0,0,0,0,0,0,0,0,0,0,4.03780135748878,42.7067108154297,6.31788597575658,3.22228300571442,0,0,7.27010103201295,0,76.381804784139,86.0416946411133,58.0076482037464,0,48.6659126281738,134.523422241211,42.4801626828202,13.5938009775203,62.0307007431984,79.8143157958984,0,0,0,0,0,0,0,0,0,0,0,0,0,6.44070800434459,0,0,0,0,0,0,0,0,0,61.3326988220215,0,25.2861454140427,0,18.8707012180191,0,6.95118980255858,0,11.9050270195786,7.3560123780804,8.65615372657776,46.4170670093492,0,59.1708768208822
0,13.8908814863725,0,50.3448810577393,0,0,0,0,0,6.88254391295569,0,4.20864225189767,0,0,0,21.4967956542969,91.5168914794922,102.795175294618,73.6672863006592,13.2228305675614,0,5.73622998913373,0,5.62289552445452,0,0,0,9.21630958248587,0,5.42993604534804,0,0,0,4.17359954466616,0,7.84278724508112,0,0,2.74853301048279,62.0821762084961,0,23.4500154473108,125.579002380371,55.8533084175803,0,48.948735093737,0,6.31979967157046,26.2804365158081,16.155220823288,0,0,0,0,0,12.7410931587219,0,6.05510828516505,0,0,0,0,40.9999292259631,0,7.10465218214609,0,7.32192411153547,0,0,0,11.0824266811948,0,8.13301516516825,0,0,0,3.59008021508494,0,21.5747825492546,0,6.36011989257868,0,6.38269123288607,4.42313915345727,32.5044812191003,19.1855903004491,0
15.9248277119228,0,0,0,0,0,0,0,0,0,3.63276091975135,0,0,0,0,0,95.4887967790876,117.181785583496,72.3732370293659,0,16.7270086765289,0,6.68100508013858,0,4.59188890457153,0,0,0,7.19523111381153,0,3.69368808409747,0,0,26.2853889465332,3.29508174471108,0,7.27010103201295,2.74853301048279,0,0,89.7162017822266,0,23.6987911135421,0,54.4295776367187,0,48.946839928627,6.33928205468438,6.96838812254093,0,0,0,0,0,0,0,4.32910074506487,0,0,0,0,0,0,22.7950125347484,0,7.11081324937274,0,7.83276645521649,0,0,0,7.93174664306033,0,3.80472642845578,0,0,27.4145488739014,5.64494576377253,142.876556396484,16.6587494035943,26.3214893341064,5.64074046728324,5.73722411686446,2.95535290241241,23.1354710333688,0,15.1882275132572
0,0,0,53.5492172241211,0,31.6346416473389,0,0,0,0,0,0,0,0,0,0,88.4094734191895,73.4549398422241,56.2049270529088,0,0,0,0,0,0,0,0,0,0,0,0,0,0,0,0,65.5267355782645,0,62.0821762084961,0,0,97.3336639404297,28.9424530519512,32.1348855495453,37.6372676393879,114.686214447021,15.7185664991995,84.5603332519531,26.9950762772169,0,21.6495405715738,0,0,0,0,0,0,0,70.4833068847656,0,0,0,0,12.5758976822204,0,0,0,0,0,0,0,82.8731155395508,0,63.623908996582,0,0,0,37.9259986877441,0,22.2658989063451,119.288524627686,50.1046711394024,0,41.3608043644526,0,20.9451711924587,43.0785840579442,0
0,0,50.5077743530273,0,0,0,0,0,0,0,0,0,0,0,0,0,71.7011969323252,81.4511236533141,52.4144376068633,0,0,0,0,0,0,0,77.5531005859375,0,0,0,0,0,0,0,0,131.995590209961,76.381804784139,0,89.7162017822266,97.3336639404297,0,93.3027229309082,27.5878281547256,49.030948638916,32.4818110746496,120.999450683594,12.3022179258531,8.76962543788709,18.6645417082127,0,0,0,0,0,0,0,49.7056503295898,0,0,0,0,0,0,19.9569965317845,0,0,0,0,0,0,0,0,0,46.720102582659,0,0,0,0,82.1911926269531,21.8984742766357,83.3052062988281,56.8661129987693,36.3927099484116,0,21.0168061908747,0,38.0816954099215
0,9.4528382397615,0,35.8068395305324,0,35.8471832275391,0,0,0,7.22152384331352,0,0,0,0,0,0,77.4918084395559,53.7573989055196,32.9010801898779,61.0560111999512,0,34.7217413584391,0,7.196428267652,0,0,0,0,0,0,0,0,0,0,0,54.1071622855819,86.0416946411133,23.4500154473108,0,28.9424530519512,93.3027229309082,0,12.8304986753771,16.816219405481,37.9892196655273,21.8443041806846,73.6144504547119,19.2805166824191,24.2440767509993,17.3953696822323,0,0,0,0,0,35.415355682373,0,20.2253866060406,0,31.8950653076172,0,0,27.5306295717321,0,37.3721235715426,0,9.36066824197769,0,52.816593170166,0,29.4174618033034,0,20.5544460310212,0,0,0,35.4101905822754,0,29.3994459542375,95.1078575134277,30.6719700997274,101.080309295654,16.8286658194222,0,20.9218225785102,16.5217899017864,44.6320877075195
6.62573669574879,0,37.0442348758116,43.1065788269043,38.1263669331869,0,0,0,9.5443779744354,0,0,0,0,0,0,0,49.7770265779997,68.7265620948994,35.1392073044827,0,93.2475891113281,0,0,0,10.7204611301422,0,0,0,0,0,0,0,0,0,0,90.0707931518555,58.0076482037464,125.579002380371,23.6987911135421,32.1348855495453,27.5878281547256,12.8304986753771,0,22.4610724272551,19.6488883647052,28.4544780065143,27.8784610737292,22.0714172984278,16.3476696592389,33.2051984998915,0,0,0,0,0,0,53.678638458252,0,0,0,0,0,0,34.8380695728773,0,0,0,0,0,0,0,62.4829521179199,0,51.4712427145726,0,0,0,0,69.504560807172,29.1682814135014,84.0252235412598,38.5798383015688,17.5111921548152,0,19.7597155980022,0,11.448733712753
0,0,0,0,0,0,0,0,0,0,0,0,0,0,0,0,50.6720247268677,52.4898789269584,19.5626671381086,0,0,0,0,0,0,0,0,0,0,0,0,0,0,0,0,53.8364015059038,0,55.8533084175803,0,37.6372676393879,49.030948638916,16.816219405481,22.4610724272551,0,0,24.7373479966606,0,31.299864087786,0,36.4329663981562,0,0,0,0,0,0,0,0,0,0,0,0,34.5644413630168,0,0,0,0,0,0,0,0,0,26.6064577102661,0,0,0,0,0,36.4490642599297,75.5889434814453,41.9229009701655,69.3879013061523,28.2120710143244,0,14.061342655976,20.7742976082696,0
0,0,0,0,0,0,0,0,0,0,0,0,0,0,0,0,37.5675616264343,63.8561325073242,29.7227404687716,0,0,0,0,0,0,0,0,0,0,0,0,0,0,0,0,0,48.6659126281738,0,54.4295776367187,114.686214447021,32.4818110746496,37.9892196655273,19.6488883647052,0,0,0,23.9700861811638,25.0655899047852,31.0336866269166,0,0,0,0,0,0,0,0,0,0,0,0,0,0,0,0,0,0,0,0,0,0,0,0,0,0,0,0,0,0,37.8050233378555,0,39.2516304341758,22.9781807603188,0,12.5043234496572,0,29.3549111684163
0,54.9159660339355,0,18.1921098276016,0,16.8508752281986,0,0,0,22.3173328399658,0,0,0,0,0,0,74.8322632368221,62.9738866404483,34.4990005264147,14.1930094594541,0,53.6405334472656,0,0,0,0,0,0,0,0,0,0,0,0,0,44.1332084075264,134.523422241211,48.948735093737,0,15.7185664991995,120.999450683594,21.8443041806846,28.4544780065143,24.7373479966606,0,0,66.2972640991211,32.9464199444479,25.1929564476013,32.1435230397968,0,0,0,0,0,18.1150622367859,0,23.8187198740371,0,0,0,0,10.1657928840078,0,48.3556089401245,0,0,0,0,0,36.4377947527953,0,30.5189833565364,0,0,0,0,0,24.32361931636,108.812269592285,36.4998893931885,94.7952156066895,37.2399348033596,0,15.0602209659101,40.2425969321773,0
0,0,14.6190739178252,0,17.5392333666484,0,0,0,15.8825598728808,0,0,0,0,0,0,0,63.0789749596709,75.8534150965073,39.1797866768004,0,55.9723892211914,0,0,0,0,0,0,0,0,0,0,0,0,0,0,0,42.4801626828202,0,48.946839928627,84.5603332519531,12.3022179258531,73.6144504547119,27.8784610737292,0,23.9700861811638,66.2972640991211,0,41.9224312543869,34.4819392966799,41.5156358718872,16.7018862962723,0,0,0,15.8482172489166,0,24.4394398498535,0,0,0,0,0,0,10.2425358218277,0,0,0,0,0,0,0,39.5320772443499,0,31.8686964275032,0,0,0,0,89.2362991333008,25.5878637090423,0,35.2133853907062,40.3943114240084,0,16.9682831075355,0,36.0097420556205
29.5149422385476,26.5251078605652,43.8150367736816,47.134516398112,46.765858968099,54.7829170227051,0,0,44.7247009277344,0,0,0,0,0,0,0,0,0,95.2228775024414,0,0,0,0,0,0,0,0,0,0,0,0,7.79924386840269,8.46436806137745,7.95050470454119,7.55309249829078,8.8048692047596,13.5938009775203,6.31979967157046,6.33928205468438,26.9950762772169,8.76962543788709,19.2805166824191,22.0714172984278,31.299864087786,25.0655899047852,32.9464199444479,41.9224312543869,0,8.54364399294538,6.52242418704647,0,0,0,0,0,0,0,36.6232872009277,0,0,0,0,0,57.2966003417969,0,0,0,0,0,0,0,0,66.6894950866699,0,9.53324915524636,14.47591089333,11.6736544403822,11.813628209346,10.9354561383607,25.4316489207439,9.08339333484776,10.3853186436521,10.4530614415178,0,19.653793390789,23.7663927078247,29.6720695495605
15.4203827752442,0,15.233661148553,0,23.4298558515661,0,0,0,19.8219314488498,0,0,0,0,0,0,0,69.4703374342485,85.0660419464111,54.9548939848846,0,0,0,9.81349329889557,0,0,0,0,0,0,0,0,0,0,26.0272456577846,5.11105716228485,2.73963284492493,62.0307007431984,26.2804365158081,6.96838812254093,0,18.6645417082127,24.2440767509993,16.3476696592389,0,31.0336866269166,25.1929564476013,34.4819392966799,8.54364399294538,0,9.39374296665192,8.33097078005473,0,0,0,6.26019398475948,0,6.81628572940826,0,3.91476964950562,0,4.65029872980985,0,0,46.115745135716,0,4.81713518336811,0,5.9517494532489,0,8.71627715022065,0,7.15981812704177,0,64.9690155029297,0,0,25.8470668792725,15.4871032238007,90.1632461547852,24.7237865770072,0,25.8498872839574,28.1641035236374,0,22.9515081766168,0,30.9271112788807
0,17.4068595471142,39.7907209396362,28.0394463159036,42.0360069274902,40.3823595046997,0,0,41.5138168334961,4.41866976481218,0,0,0,0,0,0,85.7648803710938,65.1913350163674,47.1741198227869,0,0,10.1716845458554,0,5.03864574432373,0,60.2297058105469,0,0,0,22.9705772399902,0,25.503176007952,0,0,0,68.2941181659698,79.8143157958984,16.155220823288,0,21.6495405715738,0,17.3953696822323,33.2051984998915,36.4329663981562,0,32.1435230397968,41.5156358718872,6.52242418704647,9.39374296665192,0,0,5.38493806614595,0,0,0,15.2701817088657,0,20.95669405761,0,4.29442338943481,0,3.94130804913103,26.1848665655476,0,15.473659637023,0,14.9347330257297,0,10.7089210224676,0,7.99445453706066,0,7.95083618446549,0,17.3246256457435,0,36.3034800735174,0,18.3855361760799,63.6651331583659,9.6781370964069,71.5351531982422,17.9679774409035,0,19.0318125652897,23.3475801007501,0
17.2366580963135,0,6.92540578953704,0,4.05442000759972,0,3.84687462874821,0,4.09868502616882,0,0,0,0,0,0,0,0,0,0,0,3.21293352047602,0,0,0,0,0,0,0,0,0,0,0,0,0,0,0,0,0,0,0,0,0,0,0,0,0,16.7018862962723,0,8.33097078005473,0,0,0,4.82807616392771,0,4.31088361144066,0,2.72320604324341,0,5.66150432435152,0,5.03210588422804,0,0,4.94697041840389,0,0,0,0,0,0,0,0,0,0,0,0,0,0,0,20.0312385559082,0,0,6.62574357053508,0,6.73966665222095,0,0
0,0,0,0,0,3.16827368736267,0,0,0,0,0,0,0,0,0,0,0,0,0,0,0,0,0,0,0,0,0,0,0,0,0,0,0,0,0,0,0,0,0,0,0,0,0,0,0,0,0,0,0,5.38493806614595,0,0,0,0,0,0,0,3.22226489507235,0,4.21996610865873,0,3.84570151174854,0,0,0,0,0,0,0,0,0,0,0,0,0,0,0,0,0,0,0,0,0,0,3.77928637464841,0,0
0,0,0,0,4.06500458921123,0,3.70976690812544,0,0,0,0,0,0,0,0,0,0,0,0,0,0,0,0,0,0,0,0,0,0,0,0,0,0,0,0,0,0,0,0,0,0,0,0,0,0,0,0,0,0,0,4.82807616392771,0,0,0,0,0,0,0,3.207883644104,0,0,0,0,0,0,0,0,0,0,0,0,0,0,0,0,0,0,0,0,0,0,0,4.57551478422605,0,0,0,0
0,0,0,0,0,0,0,4.24069109931588,0,0,0,0,0,0,0,0,0,0,0,0,0,0,0,0,0,0,0,0,0,0,0,0,0,0,0,0,0,0,0,0,0,0,0,0,0,0,0,0,0,0,0,0,0,0,0,0,0,3.07517955984388,0,0,0,0,0,0,0,0,0,0,0,0,0,0,0,0,0,0,0,0,0,0,0,0,0,0,0,0,0
7.65021143432792,0,5.20406500498454,0,3.703605395097,0,0,0,7.39357661101879,0,0,0,0,0,5.91302791143718,0,0,0,0,0,0,0,0,0,9.14317624533878,0,13.0402164459229,0,0,0,0,0,0,0,0,0,0,0,0,0,0,0,0,0,0,0,15.8482172489166,0,6.26019398475948,0,4.31088361144066,0,0,0,0,0,0,0,0,0,5.5345981016577,0,0,0,0,0,0,8.76893522310366,0,10.5520299564708,0,0,0,0,0,0,0,0,0,0,0,0,15.9857187271118,0,10.9358053408171,0,0
0,4.66840487718582,0,4.21744680404663,0,0,0,0,0,5.52668145388705,0,0,0,0,0,2.98548289140066,0,0,0,0,0,0,0,13.1824135505236,0,5.67406606674194,0,0,0,0,0,0,0,0,0,0,0,12.7410931587219,0,0,0,35.415355682373,0,0,0,18.1150622367859,0,0,0,15.2701817088657,0,0,0,0,0,0,0,0,0,0,0,5.38526221337142,0,0,0,0,10.0020936570169,0,10.2945316005761,0,0,0,0,0,0,0,0,0,0,0,14.4314933776855,0,0,0,11.1770322322845,0,0
0,0,4.2040855884552,0,0,0,0,0,0,0,4.45960181122849,0,0,0,0,0,0,0,0,0,3.88298389680924,0,0,0,0,0,0,0,0,0,5.19409094810486,0,0,0,0,0,0,0,4.32910074506487,0,49.7056503295898,0,53.678638458252,0,0,0,24.4394398498535,0,6.81628572940826,0,2.72320604324341,0,0,0,0,0,0,0,6.39552241390671,0,5.69822276032661,0,0,6.52543363182633,0,0,0,0,0,19.7947473526001,0,10.3864065250661,0,8.69753938013879,0,0,0,0,0,53.0251874056729,0,14.0616023166602,4.31774327971719,0,5.05926254873406,0,0
0,13.3976939519246,0,0,0,0,0,0,0,0,0,4.16473961512248,0,4.86327838897705,0,0,0,0,0,8.55505044643695,0,29.4862217903137,0,0,0,0,0,0,0,0,0,0,0,0,0,0,0,6.05510828516505,0,70.4833068847656,0,20.2253866060406,0,0,0,23.8187198740371,0,36.6232872009277,0,20.95669405761,0,3.22226489507235,0,3.07517955984388,0,0,0,0,0,5.68415658468928,0,4.32605199813843,7.38469466423779,0,27.7657543027023,0,24.6097529499801,0,16.7505943257371,0,13.1739230307091,0,7.64117571727933,0,0,0,0,0,39.0067138671875,0,15.2988079858549,0,9.90014203227296,0,9.7399124297927,19.2355971336365,0
0,0,3.11608827114105,0,7.353906194369,0,3.30101802474574,0,0,0,0,0,4.13129718746759,0,5.65308917971218,0,0,0,0,0,0,0,0,0,0,0,0,0,6.73310542106628,0,0,0,0,0,0,0,0,0,0,0,0,0,0,0,0,0,0,0,3.91476964950562,0,5.66150432435152,0,3.207883644104,0,0,0,6.39552241390671,0,0,0,7.26872592598852,0,0,0,0,0,0,0,0,18.9015979766846,0,6.53230581445209,0,9.91468143463135,0,0,0,0,0,0,0,0,5.51030880212784,0,5.03472328186035,0,0
0,0,0,0,0,0,0,0,0,0,0,0,0,4.41073763449987,0,7.09760839939117,0,0,0,0,0,0,0,0,0,0,0,0,0,0,0,0,0,0,0,0,0,0,0,0,0,31.8950653076172,0,0,0,0,0,0,0,4.29442338943481,0,4.21996610865873,0,0,0,0,0,5.68415658468928,0,0,0,8.50431965078626,11.4008301221407,0,0,0,0,0,9.90955321227803,0,6.19855619696054,0,0,0,0,0,0,0,0,0,0,0,0,0,11.7807808655959,0,0
4.33174019177755,0,2.73060750961304,0,10.5939163565636,0,0,0,4.54173015753428,0,0,0,5.98336987268357,0,4.85304962980139,0,0,0,0,0,0,0,0,0,0,0,4.58509894212087,0,0,0,0,0,0,0,0,0,0,0,0,0,0,0,0,0,0,0,0,0,4.65029872980985,0,5.03210588422804,0,0,0,5.5345981016577,0,5.69822276032661,0,7.26872592598852,0,0,0,0,0,0,0,0,0,0,4.29852031384196,0,3.58475303649902,0,0,0,0,0,0,0,0,0,0,13.213680267334,0,0,0,0
0,0,0,0,0,0,0,0,0,6.0236061047285,0,0,0,11.2761346879213,0,7.29464773799098,0,0,0,0,0,0,0,14.3670858383179,0,0,0,0,0,0,0,0,0,0,0,0,0,0,0,0,0,0,0,0,0,0,0,0,0,3.94130804913103,0,3.84570151174854,0,0,0,5.38526221337142,0,4.32605199813843,0,8.50431965078626,0,0,0,0,0,0,13.9756853239877,0,6.25369545817375,0,3.1342236995697,0,0,0,0,0,0,0,0,0,0,0,0,0,0,0,0
0,0,0,11.5405757060418,0,11.0679898262024,0,0,0,0,0,4.62153673171997,0,0,0,0,81.2082557678223,70.5212798283018,48.2763728828697,4.91832380491053,0,36.6838614145915,0,0,0,0,0,0,0,0,0,0,0,0,0,10.1726147693658,0,40.9999292259631,0,12.5758976822204,0,27.5306295717321,0,34.5644413630168,0,10.1657928840078,0,0,0,26.1848665655476,0,0,0,0,0,0,0,7.38469466423779,0,11.4008301221407,0,0,0,0,37.9717828073809,0,35.4730644226074,0,30.5576927185059,0,23.8338169026293,0,18.1033368350216,0,0,0,0,0,17.0045315285441,0,18.1573030860515,0,19.9085566434967,0,11.7507252579234,34.2653815405709,0
0,0,0,0,7.34209255377452,0,0,0,0,0,11.0165348052979,0,0,0,0,0,87.7745208740234,0,53.9405194332725,0,4.58085314009119,0,0,0,0,0,0,0,0,0,0,0,0,0,0,0,6.44070800434459,0,22.7950125347484,0,19.9569965317845,0,34.8380695728773,0,0,0,10.2425358218277,57.2966003417969,46.115745135716,0,4.94697041840389,0,0,0,0,0,6.52543363182633,0,0,0,0,0,0,0,0,0,0,0,0,0,0,28.779056151708,0,20.5503054781566,0,0,0,0,0,17.8195312481462,0,15.0255696072298,54.1034319950984,0,11.0672504962501,0,68.4733200073242
0,0,0,0,0,0,0,0,0,0,0,0,0,0,0,0,0,0,0,0,0,5.11565037142138,0,5.58370846793765,0,7.91981444775479,0,9.58273031207041,0,0,0,0,0,0,0,0,0,7.10465218214609,0,0,0,37.3721235715426,0,0,0,48.3556089401245,0,0,0,15.473659637023,0,0,0,0,0,0,0,27.7657543027023,0,0,0,0,37.9717828073809,0,0,0,4.6263238466703,0,5.69435395397935,0,7.8287376691063,0,18.5561878681183,0,0,0,0,0,0,0,6.77758157347769,0,6.18397986660515,3.66188988478287,39.1240808425411,0,0
0,0,0,0,0,0,0,0,0,0,0,0,0,0,0,0,0,0,0,0,0,6.75656759738922,5.07347722471276,0,6.61658783753713,0,3.68187066224905,0,3.80355727672577,0,0,0,0,0,0,0,0,0,7.11081324937274,0,0,0,0,0,0,0,0,0,4.81713518336811,0,0,0,0,0,0,0,0,0,0,0,0,0,0,0,0,0,0,10.7336807250977,0,4.92100528308323,0,3.86982599800155,0,0,0,0,0,0,0,0,0,5.54312740576604,5.05496279221007,3.4738938421398,0,0,0
0,7.62631561824254,0,0,0,0,0,0,0,9.20309609448773,0,0,0,0,0,13.3575280645619,0,0,0,0,0,3.74043144226074,0,6.85656416343034,0,11.784817647934,0,0,0,0,0,0,0,0,0,0,0,7.32192411153547,0,0,0,9.36066824197769,0,0,0,0,0,0,0,14.9347330257297,0,0,0,0,0,10.0020936570169,0,24.6097529499801,0,0,0,13.9756853239877,35.4730644226074,0,4.6263238466703,0,0,0,8.31407104667864,0,14.5467720131079,0,0,0,0,0,0,0,0,0,7.0900080429588,0,3.60504078865051,0,6.11806678127598,10.9402650020741,0
8.55612123012543,0,0,0,0,0,0,0,10.0440331168894,0,0,0,0,0,0,0,0,0,0,0,0,0,7.16944500906714,0,3.93727978923456,0,2.75321841239929,0,0,0,0,0,0,0,0,0,0,0,7.83276645521649,0,0,0,0,0,0,0,0,0,5.9517494532489,0,0,0,0,0,8.76893522310366,0,0,0,0,0,0,0,0,0,0,10.7336807250977,0,0,0,5.4940290965391,0,0,0,0,0,0,0,0,0,0,0,7.10484059152192,5.36866768768856,0,0,0,0
0,6.33248090744019,0,0,0,0,0,0,0,13.446155166626,0,0,0,0,0,8.91221793492635,35.0194876627489,16.1044498713457,49.9848808288574,0,0,4.01095048855927,0,7.20387043563308,0,4.22146605277181,0,6.60966797975393,0,0,0,0,0,0,0,0,0,0,0,0,0,52.816593170166,0,0,0,0,0,0,0,10.7089210224676,0,0,0,0,0,10.2945316005761,0,16.7505943257371,0,9.90955321227803,0,6.25369545817375,30.5576927185059,0,5.69435395397935,0,8.31407104667864,0,0,0,7.05999667573396,0,0,0,0,0,0,0,0,0,17.2867894172668,0,7.71992765393173,0,28.309617638588,0,0
25.9569988250732,0,0,0,0,0,0,0,9.01364833513896,0,0,0,0,0,3.22239857912064,0,0,0,0,0,0,0,7.227480328408,0,4.22097225819132,0,4.3826279979087,0,4.24952131509781,0,0,0,0,0,0,0,0,0,0,0,0,0,0,0,0,0,0,0,8.71627715022065,0,0,0,0,0,10.5520299564708,0,19.7947473526001,0,18.9015979766846,0,4.29852031384196,0,0,0,0,4.92100528308323,0,5.4940290965391,0,0,0,5.86425067845,0,0,0,0,0,0,0,0,0,0,5.36560342528603,0,0,0,0
0,29.8477344512939,0,0,0,0,0,0,0,0,0,9.64344882965088,0,2.74423813819885,0,0,0,0,78.224552154541,0,0,9.17162190238349,0,0,0,5.37179331290416,0,5.09120497751209,0,10.1178788456478,0,0,0,0,0,0,0,11.0824266811948,0,82.8731155395508,0,29.4174618033034,0,0,0,36.4377947527953,0,0,0,7.99445453706066,0,0,0,0,0,0,0,13.1739230307091,0,6.19855619696054,0,3.1342236995697,23.8338169026293,0,7.8287376691063,0,14.5467720131079,0,7.05999667573396,0,0,0,6.80293708080457,0,0,0,0,0,72.0419940948486,0,8.02261310961981,0,14.5598920631409,0,23.6996476037375,27.7059346712553,0
0,0,0,0,0,0,0,0,0,0,2.879567583402,0,3.96280049193989,0,0,0,0,0,0,0,0,0,4.75146456745988,0,0,0,7.74321445964632,0,4.26884278114025,0,3.51127204424898,0,0,0,0,0,0,0,7.93174664306033,0,0,0,62.4829521179199,0,0,0,39.5320772443499,0,7.15981812704177,0,0,0,0,0,0,0,10.3864065250661,0,6.53230581445209,0,3.58475303649902,0,0,28.779056151708,0,3.86982599800155,0,0,0,5.86425067845,0,0,0,7.2901867204658,0,0,0,0,0,58.4924748738607,0,8.55341951581779,3.11504946436201,0,17.1607451999889,0,0
0,0,0,37.3944985071818,0,0,0,0,0,13.8374519348145,0,7.24777841894594,0,0,0,0,0,78.418327331543,72.0084509849548,14.9314898649851,0,19.8347718556722,0,0,0,0,0,6.56341714522554,0,5.96349620969229,0,0,0,0,0,75.1910603841146,0,8.13301516516825,0,63.623908996582,0,20.5544460310212,0,26.6064577102661,0,30.5189833565364,0,66.6894950866699,0,7.95083618446549,0,0,0,0,0,0,0,7.64117571727933,0,0,0,0,18.1033368350216,0,18.5561878681183,0,0,0,0,0,6.80293708080457,0,0,0,0,0,0,0,61.1483971445184,0,7.56475414167961,0,24.3123904069265,2.90352940559387,21.8061288017749,20.4744280815124,0
0,0,35.3645248413086,0,0,0,0,0,0,0,10.3292430461138,0,0,0,0,0,0,0,76.8687629699707,0,13.2717001778739,0,0,0,0,0,0,0,10.3467358748118,0,4.65087441755145,0,0,0,0,0,61.3326988220215,0,3.80472642845578,0,46.720102582659,0,51.4712427145726,0,0,0,31.8686964275032,0,64.9690155029297,0,0,0,0,0,0,0,8.69753938013879,0,9.91468143463135,0,0,0,0,20.5503054781566,0,0,0,0,0,0,0,7.2901867204658,0,0,0,0,0,0,0,54.7744950116691,0,7.54354498861613,58.9993721008301,0,9.11097249855199,0,19.919744849205
0,0,0,0,0,0,0,0,0,0,0,0,0,0,0,0,0,0,0,0,0,0,0,0,0,0,0,0,0,0,0,6.82281021173321,9.97127045417318,20.494329872416,0,4.1062997341156,0,0,0,0,0,0,0,0,0,0,0,9.53324915524636,0,17.3246256457435,0,0,0,0,0,0,0,0,0,0,0,0,0,0,0,0,0,0,0,0,0,0,0,0,0,18.1422320789015,18.3437295593133,32.3062058176313,6.61579338877306,0,0,0,5.86692936057287,0,0,0,0
0,0,0,0,0,0,0,0,0,0,0,0,0,0,0,0,0,0,0,0,0,0,0,0,0,0,0,0,0,0,0,12.3986759778616,6.4448631616706,16.5450494766235,20.3117606255316,0,25.2861454140427,0,0,0,0,0,0,0,0,0,0,14.47591089333,0,0,0,0,0,0,0,0,0,0,0,0,0,0,0,0,0,0,0,0,0,0,0,0,0,0,18.1422320789015,0,0,25.4777710685482,23.743533987748,0,0,0,7.34599985530198,0,0,0,0
0,0,0,0,0,0,0,0,0,0,0,0,0,0,0,0,0,0,0,0,0,0,0,0,0,0,0,0,0,0,0,10.9011738526124,0,5.55502448520028,15.2727826137047,4.11176414643564,0,3.59008021508494,27.4145488739014,37.9259986877441,0,35.4101905822754,0,0,0,0,0,11.6736544403822,25.8470668792725,36.3034800735174,0,0,0,0,0,0,0,0,0,0,0,0,0,0,0,0,0,0,0,0,0,0,0,0,18.3437295593133,0,0,22.3696500246341,22.3862250907081,0,3.92651528556172,28.9614679385454,6.34892395854222,6.65692664436672,0,0,0
0,0,0,0,0,0,0,0,0,0,0,0,0,0,0,0,0,0,0,0,0,0,0,0,0,0,0,0,0,0,0,26.2799739837646,22.9901181822238,14.5700350121706,6.8321092555005,0,18.8707012180191,0,5.64494576377253,0,0,0,0,0,0,0,0,11.813628209346,15.4871032238007,0,0,0,0,0,0,0,0,0,0,0,0,0,0,0,0,0,0,0,0,0,0,0,0,0,32.3062058176313,25.4777710685482,22.3696500246341,0,29.4603780110677,4.45701693655342,0,4.00593877515418,7.50935397272796,0,0,0,0
0,0,0,43.7400207519531,0,0,0,0,0,0,0,0,0,0,0,0,89.3052418502336,70.2512526734748,51.581211586083,6.60072701152822,0,0,0,0,0,0,0,0,0,0,0,9.48319308125243,14.2774414486355,7.98524170497368,13.623607635498,7.57208063547495,0,21.5747825492546,142.876556396484,22.2658989063451,82.1911926269531,29.3994459542375,69.504560807172,36.4490642599297,0,24.32361931636,89.2362991333008,10.9354561383607,90.1632461547852,18.3855361760799,0,0,0,0,0,0,0,39.0067138671875,0,0,0,0,17.0045315285441,0,0,0,0,0,0,0,72.0419940948486,0,61.1483971445184,0,6.61579338877306,23.743533987748,22.3862250907081,29.4603780110677,0,119.623841285706,13.9414714309997,115.819691975911,27.8154429026441,10.5567264556885,25.3883960063532,29.6732757039314,0
0,0,19.2829125722249,0,4.96715227762858,0,0,0,0,0,0,0,0,0,0,0,75.0308568099449,86.8747093145796,57.2346239458499,0,11.9824540379213,0,0,0,0,0,0,0,0,0,0,0,4.27713120425189,18.6535568237305,6.01602370184821,4.36580365093042,6.95118980255858,0,16.6587494035943,119.288524627686,21.8984742766357,95.1078575134277,29.1682814135014,75.5889434814453,37.8050233378555,108.812269592285,25.5878637090423,25.4316489207439,24.7237865770072,63.6651331583659,20.0312385559082,0,0,0,0,0,53.0251874056729,0,0,0,0,0,0,17.8195312481462,0,0,0,0,0,0,0,58.4924748738607,0,54.7744950116691,0,0,0,4.45701693655342,119.623841285706,0,0,12.3806351581899,19.1966803717257,12.4566583633423,25.7791574266048,0,37.8314595063527
0,11.2483304197138,0,50.5709031757556,0,0,0,0,0,7.80857869117491,0,7.1648711570104,0,0,0,0,89.5621874067518,69.7027290531846,51.6395615461831,14.3362628485752,0,5.87159065737812,0,9.79841829326055,0,21.7174596786499,0,8.93529381659038,0,5.47166598836581,0,0,0,6.10086051040682,0,12.7006897161555,0,6.36011989257868,26.3214893341064,50.1046711394024,83.3052062988281,30.6719700997274,84.0252235412598,41.9229009701655,0,36.4998893931885,0,9.08339333484776,0,9.6781370964069,0,0,0,0,0,14.4314933776855,0,15.2988079858549,0,0,0,0,18.1573030860515,0,6.77758157347769,0,7.0900080429588,0,17.2867894172668,0,8.02261310961981,0,7.56475414167961,0,0,0,3.92651528556172,0,13.9414714309997,0,0,108.018980407715,18.4308849542956,7.79759521233408,32.410185663006,27.832649798045,0
0,0,58.0644702911377,0,0,0,0,0,47.9157028198242,0,4.98758314337049,0,0,0,0,0,72.9927623302906,88.8210988044739,57.6845700630775,0,11.8154764094747,0,6.13183139947553,0,2.73420917987823,0,0,0,11.266245188841,0,4.98702281171625,0,0,25.4481335449219,5.77752326059779,0,11.9050270195786,0,5.64074046728324,0,56.8661129987693,101.080309295654,38.5798383015688,69.3879013061523,39.2516304341758,94.7952156066895,35.2133853907062,10.3853186436521,25.8498872839574,71.5351531982422,0,0,0,0,0,0,14.0616023166602,0,0,0,0,0,0,15.0255696072298,0,5.54312740576604,0,7.10484059152192,0,0,0,8.55341951581779,0,7.54354498861613,0,0,28.9614679385454,4.00593877515418,115.819691975911,12.3806351581899,108.018980407715,0,16.8021034837374,4.65501832962036,28.8498884233492,0,27.6566869475913
21.7047217590734,22.7468306223551,21.7338368838484,44.8838450113932,4.89036109447479,2.86196851730347,3.248416525977,2.77859270572662,9.42881803189294,6.55160790331223,3.13965046494095,3.91495166099177,0,2.82469034194946,0,19.93186378479,17.8055121644571,18.0478527996568,20.9514160924626,7.09553037823497,3.04784936275122,3.9768560857663,4.70074884346871,3.38677008016452,5.01467814652816,5.66526069924167,14.7999709765116,6.6664775800705,2.91829810142517,3.95167681311264,4.96420518944903,3.3569690656662,4.30711441380637,4.40768392244975,3.41810469545552,6.90409903965712,7.3560123780804,6.38269123288607,5.73722411686446,41.3608043644526,36.3927099484116,16.8286658194222,17.5111921548152,28.2120710143244,22.9781807603188,37.2399348033596,40.3943114240084,10.4530614415178,28.1641035236374,17.9679774409035,6.62574357053508,0,4.57551478422605,0,15.9857187271118,0,4.31774327971719,9.90014203227296,5.51030880212784,0,13.213680267334,0,19.9085566434967,54.1034319950984,6.18397986660515,5.05496279221007,3.60504078865051,5.36866768768856,7.71992765393173,5.36560342528603,14.5598920631409,3.11504946436201,24.3123904069265,58.9993721008301,5.86692936057287,7.34599985530198,6.34892395854222,7.50935397272796,27.8154429026441,19.1966803717257,18.4308849542956,16.8021034837374,0,5.02472623393522,27.3469577511648,26.2805439004531,18.8588345983754
