0,51.2841453552246,5.11708865846906,54.2156181335449,13.5465233127276,58.1539688110352,0,0,12.6391264756966,61.9537798563639,0,0,0,0,12.1654606925117,59.0084042915931,89.526616414388,57.3178927103678,45.5417498909966,82.5634177071708,0,0,0,0,18.5603270284908,0,0,0,0,0,0,0,0,0,50.6595706939697,87.4870459816673,32.4743755047138,93.298656463623,22.9817297082198,0,30.7714391897533,37.6277346694679,32.5122113854762,30.3283004760742,33.0235319335666,60.8402603149414,30.4740312433954,0,6.54381799907936,57.129824924469,0,0,0,0,12.0362451826081,61.5703086853027,0,65.7565011055239,0,58.5762072718421,13.0682510882616,57.3923110304208,68.340551844183,27.132924079895,0,0,0,11.392607394454,0,13.6864998275287,0,0,75.1179110209147,0,0,0,0,0,89.5789079666138,29.7039402732014,81.2172088623047,21.0962244139777,26.2832592518523,27.1081922478355,24.8926559544892,0,41.9379832458496
51.2841453552246,0,0,7.4653963247935,0,13.8915348052979,0,0,0,11.5024440233735,0,26.8185054234096,0,11.3360815048218,0,12.7875064214071,52.8830900192261,14.19866771698,21.1754958187182,29.6165486088506,0,0,0,21.3799156525556,0,16.819409942627,0,0,0,0,0,0,0,0,0,45.4382542201451,0,38.5115083058675,0,62.5324974060059,0,20.2572132831311,58.286979675293,26.9555702209473,0,26.6547570228577,72.8558197021484,0,0,8.7989603690247,0,0,0,0,42.0476226806641,13.7423008829355,0,14.1261497071359,0,12.3002304957794,0,8.00341104880898,27.8933015005929,0,0,0,23.0476195431459,0,19.8160725484292,62.7074089050293,15.8189680254533,0,22.6436905860901,0,0,0,57.5779037475586,0,47.2015778941493,0,36.1550254821777,0,13.7312134694142,21.8962410518101,21.9207827166199,0,0
5.11708865846906,0,0,56.2503700256348,7.40537181505209,49.3538856506348,0,0,8.32806358283216,0,0,0,0,0,15.8867750167847,0,0,0,0,0,0,0,0,0,0,0,0,0,0,0,0,0,0,0,0,0,20.1925729370117,0,0,0,25.4121164594378,37.622807820638,37.6564331054688,0,30.7898101806641,0,22.5400511903583,0,6.44965422153473,58.5853233337402,10.9234947321708,0,0,0,5.25744548936685,0,3.86362020174662,0,6.04025608301163,53.1223487854004,6.4220546739442,52.41259765625,0,0,0,0,0,0,0,0,0,0,0,0,0,0,0,0,0,23.5726999435982,0,0,12.7985939271254,19.2385647681452,8.47424542620069,0,0
54.2156181335449,7.4653963247935,56.2503700256348,0,0,6.54907098390106,0,0,58.3761914571126,9.02922573381541,0,0,0,0,72.1757049560547,10.228656922928,0,0,20.8431782288985,25.7643591562907,0,0,0,0,0,0,0,0,0,0,0,0,0,0,0,14.5989801972001,90.9143905639648,0,0,0,0,35.2958312468095,64.8101506233215,23.0519714355469,0,26.8567454141515,0,0,65.2275447845459,6.6226462657635,0,0,0,0,55.9122581481934,8.43877468109131,0,4.51568776668783,0,5.26873035516058,60.5199441348805,6.86515450725953,19.5042402479384,0,0,0,0,64.1427993774414,0,0,27.6255340576172,0,0,0,0,0,0,0,49.0499835014343,0,37.8114585876465,0,13.9921313741933,20.2005928797894,29.0403865916744,0,62.3489608764648
13.5465233127276,0,7.40537181505209,0,0,0,0,0,8.66308686007624,0,0,0,0,0,9.90944684028626,0,0,0,0,0,0,0,0,0,0,0,0,0,0,0,0,0,0,0,0,23.2929000854492,13.7641687687532,0,0,30.1779479980469,0,0,0,0,26.8782396316528,0,0,0,11.4887531499543,0,4.21162330564648,0,0,0,9.23933051881336,0,0,0,3.02165333429972,0,10.8927457641443,0,0,0,0,0,0,0,0,26.7890968322754,0,0,0,0,0,0,0,0,0,19.3578820824623,0,0,5.65740879985007,14.6138843023627,31.8166624069214,0,0
58.1539688110352,13.8915348052979,49.3538856506348,6.54907098390106,0,0,0,5.45308924524972,64.8376884460449,25.0372875928879,0,9.39207744598389,0,0,71.2937774658203,17.5776090621948,0,42.1508102416992,35.7338395118713,7.79288932272032,0,0,0,0,0,0,0,0,0,0,0,0,0,0,0,7.26706280008063,0,0,0,0,0,37.0227928161621,67.2101821899414,26.554479598999,0,29.5207488720234,0,0,0,11.8339117595128,0,4.80211145386976,0,3.88736487797328,61.2096748352051,50.3564796447754,0,6.92238032231565,0,10.8147513188353,60.1294953482492,24.6323187351227,9.64325737184094,0,0,0,0,0,0,67.1677932739258,0,0,0,0,0,0,0,0,7.73125798039716,84.1190414428711,0,0,5.21029462734669,15.7725142853601,17.2379796260443,0,0
0,0,0,0,0,0,0,0,0,0,0,0,0,0,0,0,0,0,0,0,0,0,0,0,0,0,0,0,0,0,0,0,0,0,0,0,0,0,0,0,0,0,0,0,0,0,0,0,0,0,0,0,0,0,0,0,0,0,3.34381701265063,0,0,0,0,0,0,0,0,0,0,0,0,0,0,0,0,0,0,0,0,0,0,0,0,0,0,0,0
0,0,0,0,0,5.45308924524972,0,0,0,0,0,4.03893336127786,0,0,0,0,0,0,0,5.34538793563843,0,0,0,0,0,0,0,0,0,0,0,0,0,0,0,8.66934041948879,0,0,0,0,0,0,0,0,0,0,0,0,0,0,0,6.5926161802732,0,3.88116445541382,0,0,0,3.62899459525943,0,2.75224661827087,0,0,7.17284917831421,0,0,0,0,0,0,0,0,0,0,0,0,0,0,0,5.99765825271606,0,0,0,4.87154044616349,3.46066230535507,0,0,0
12.6391264756966,0,8.32806358283216,58.3761914571126,8.66308686007624,64.8376884460449,0,0,0,74.1486358642578,0,0,0,0,3.63362746579306,73.2435811360677,4.73321132283462,0,30.9240770041943,86.8002166748047,0,0,0,0,6.16570064458954,0,4.51452940702438,0,0,0,0,0,0,0,0,0,0,0,11.6718985892054,0,51.6050148010254,38.8603845076127,12.183068780981,0,33.4304736944345,42.9588947296143,41.0755157470703,0,15.5808535871052,64.4995565414429,0,0,0,0,10.4960737290807,0,0,75.3251495361328,0,54.0753955841064,16.0455338474777,63.005574798584,71.8338953653971,0,0,0,0,8.22466477491917,0,16.1127389158521,0,0,0,0,0,0,0,0,0,41.0776962280273,0,11.3401415887869,8.78346259752331,20.3036363021747,12.8897511176693,0,0
61.9537798563639,11.5024440233735,0,9.02922573381541,0,25.0372875928879,0,0,74.1486358642578,0,0,26.8601492563883,0,24.4187717437744,0,5.23042048395208,46.4952827736183,9.73239399661188,21.3584192297817,29.8694454932558,0,0,0,6.33050153081509,53.5214805603027,12.4644647836685,0,0,0,0,0,0,0,54.6306495666504,0,49.5312821960449,82.617317199707,42.2887723567122,0,65.2098210652669,57.5894660949707,11.3307113578058,58.6515526404748,31.2400396892003,49.595775604248,29.7115271988265,55.9889537811279,0,74.2375297546387,15.345812784998,0,11.410439491272,0,0,0,6.93839661934796,0,20.3966861552438,0,14.6317662239075,62.6693801879883,14.0359292799427,30.3153673670462,0,0,0,12.2131368974587,0,24.8663125991821,0,19.9779854199744,0,21.5654894806618,0,0,0,56.2019004821777,0,43.7932431516592,90.8922424316406,36.007568265571,0,7.50499578991776,12.6598058300359,17.9116379874539,24.519141515096,47.6577262878418
0,0,0,0,0,0,0,0,0,0,0,0,4.02249336242676,0,0,0,0,0,0,0,2.85679892393259,0,0,0,0,0,0,0,3.17306756973267,0,0,0,0,0,0,0,5.82125533652807,0,4.93772414347127,0,0,0,0,0,0,0,0,0,0,0,0,0,0,0,0,0,6.02417122692424,0,3.20018672943115,0,0,0,0,2.95188474655151,0,0,0,0,0,0,0,0,0,3.08422447840373,0,0,0,0,0,0,0,3.70855931937695,3.07615642712034,0,5.96836397051811,0,0
0,26.8185054234096,0,0,0,9.39207744598389,0,4.03893336127786,0,26.8601492563883,0,0,0,3.38732486111777,0,0,0,49.3268089294434,43.1268365279488,10.9008635045346,0,0,0,0,0,0,0,0,0,4.76312345663706,0,0,0,0,0,6.06016837456904,0,6.26145863701352,0,0,0,37.2593355178833,0,46.4919738769531,0,46.5900014241536,0,0,0,27.6060307820638,0,0,0,2.95796513557434,0,25.0322730200631,0,7.43909552457055,0,7.76790189743042,0,27.6966114044189,9.65088536212971,0,0,0,0,0,0,0,0,0,5.12483779340982,0,0,0,0,0,7.02122162701039,0,0,0,7.82564458314862,7.77660758035225,19.9817310969035,0,0
0,0,0,0,0,0,0,0,0,0,4.02249336242676,0,0,0,0,0,0,0,0,0,0,0,0,0,0,0,0,0,0,0,0,0,0,0,0,0,0,0,0,0,33.5675582885742,0,0,0,0,0,0,0,5.70342063903809,0,0,0,0,0,0,0,0,0,3.58253198106524,0,3.80908203125,0,0,0,0,0,0,0,0,0,0,3.10971647500992,0,0,0,0,0,0,0,0,0,0,3.07569551467896,3.48820664264538,0,0,0
0,11.3360815048218,0,0,0,0,0,0,0,24.4187717437744,0,3.38732486111777,0,0,0,3.73718981941541,0,0,30.5258846282959,0,0,0,0,11.7506103515625,0,0,0,4.79180064897859,0,4.52009551171903,0,0,0,0,0,0,0,0,0,0,0,24.4718761444092,0,0,0,0,0,0,0,0,0,0,0,0,0,0,0,10.1416115249906,0,5.57704875473294,0,6.394429694572,0,0,0,0,16.8201954841614,0,10.3039576634765,0,8.14046004927082,0,8.63047401110331,0,0,0,0,0,0,0,23.9705390930176,0,4.05100731331056,6.1252558529377,16.7147771744501,0,0
12.1654606925117,0,15.8867750167847,72.1757049560547,9.90944684028626,71.2937774658203,0,0,3.63362746579306,0,0,0,0,0,0,0,7.97835616061562,0,66.831169128418,90.6091232299805,0,0,0,0,7.81840372085571,0,5.9472674926122,0,0,0,0,0,0,0,0,0,43.593799273173,0,0,0,36.2644233703613,0,88.929313659668,0,42.5620797475179,0,0,0,9.49448792527362,71.9514083862305,5.48909378051758,0,0,0,10.6895937218386,0,0,0,0,65.6806182861328,5.4150118300023,67.390355682373,73.7419662475586,0,0,0,0,24.759360631307,0,5.0484772000994,0,0,0,0,0,0,0,0,0,34.4544308980306,93.7928619384766,0,9.96716757118702,32.7888117517744,47.1174955368042,0,0
59.0084042915931,12.7875064214071,0,10.228656922928,0,17.5776090621948,0,0,73.2435811360677,5.23042048395208,0,0,0,3.73718981941541,0,0,0,3.5705429485866,35.4016504702361,36.398168182373,0,0,0,7.86671731384303,0,5.9273085357287,0,2.74957752227783,0,0,0,0,0,0,0,55.2368885040283,0,87.2050857543945,0,0,79.7818069458008,38.2222947139366,68.6464753584428,30.5024318695068,0,32.0975115034315,74.0906219482422,0,72.6204770406087,7.39938682317734,0,0,0,0,58.7447900772095,7.30682601066346,0,18.0479818674234,0,8.8236869281652,61.9122077941895,5.55822575730178,31.7961023504084,0,0,0,13.0707168277033,70.4241485595703,10.8003872029922,69.814951578776,14.2671476459004,0,23.4998095376151,0,0,0,0,0,52.8318033218384,94.4478225708008,19.1403064727783,0,5.62347012694507,7.0111681264136,28.5853872358799,32.9815673828125,71.1734041486468
89.526616414388,52.8830900192261,0,0,0,0,0,0,4.73321132283462,46.4952827736183,0,0,0,0,7.97835616061562,0,0,26.832888020943,26.6141572644145,82.9085450172424,0,0,12.863055964311,0,5.71287053428236,44.5992031097412,5.61476897418014,0,0,0,0,0,0,0,0,90.4362233479818,92.0773210525513,99.244384765625,15.8836923339992,0,74.6665554046631,74.9520263671875,63.1373083708716,51.8759613037109,53.8231643676758,73.5508720397949,71.9498774937221,0,74.9856071472168,0,0,0,0,0,52.8764495849609,48.4804458618164,0,77.6664886474609,0,0,11.0661172866821,0,77.7570734585033,0,0,0,0,6.94019735184161,54.4110145568848,8.19205449819565,0,0,85.7270050048828,0,0,0,0,0,86.6318950653076,92.2326145172119,0,18.2328227996826,14.7088410731668,5.7982077817617,63.5933208105699,0,63.8175968442644
57.3178927103678,14.19866771698,0,0,0,42.1508102416992,0,0,0,9.73239399661188,0,49.3268089294434,0,0,0,3.5705429485866,26.832888020943,0,22.2346217728277,47.8231436331061,79.6241149902344,8.12108169303017,0,9.64815008429507,0,5.86609468234213,0,0,0,0,0,0,0,67.8917922973633,68.9433822631836,60.4803642272949,86.8907899527714,51.5353443145752,94.9429575602214,0,65.0188110351562,44.8879985809326,56.4377056309434,31.5571471320258,40.3979757229487,39.0849751881191,58.3116413319605,0,46.716682434082,57.6853847503662,0,0,0,0,34.7320709228516,9.46524220307668,0,41.5590243869358,0,39.0890102386475,73.2652988433838,48.0038248697917,46.5914333202221,0,9.23047321066897,0,10.7297113410064,0,8.98720277796735,44.3800392150879,33.6204948425293,0,0,0,0,0,0,0,63.0326692793104,83.4137561798096,44.1969209909439,104.567001342773,12.3753491236233,7.49359555177109,46.4107833612161,0,57.2584102578359
45.5417498909966,21.1754958187182,0,20.8431782288985,0,35.7338395118713,0,0,30.9240770041943,21.3584192297817,0,43.1268365279488,0,30.5258846282959,66.831169128418,35.4016504702361,26.6141572644145,22.2346217728277,0,39.1472287731032,57.11591796875,0,0,33.1784057617188,34.7854404449463,0,0,0,0,0,0,0,0,62.8080935758703,62.4916360643175,56.331935789527,65.7899602134273,52.9432640799993,67.6206919352214,77.1972732543945,35.4006954606446,10.9484113379342,20.0323246216774,12.1559986707411,19.6388945180627,30.4667788035269,34.8845717275844,0,48.8549860495108,27.5319332465147,0,0,0,0,37.7782943725586,24.6160082056167,0,35.7509464784102,0,34.4256669558012,53.653146906102,31.9758272376112,36.3993424163263,0,0,0,43.0779546101888,41.2511269705636,0,42.7478420423425,35.8182609821188,0,38.0759410858154,0,0,0,57.742700958252,0,49.0933021066813,53.2202793148392,45.1573717722424,35.5636520385742,13.1387724534888,24.0031471961786,27.7263301941136,10.7488709598459,34.2766161617599
82.5634177071708,29.6165486088506,0,25.7643591562907,0,7.79288932272032,0,5.34538793563843,86.8002166748047,29.8694454932558,0,10.9008635045346,0,0,90.6091232299805,36.398168182373,82.9085450172424,47.8231436331061,39.1472287731032,0,0,0,0,0,0,0,0,0,0,0,0,0,0,31.8004207611084,0,9.8721647466969,0,12.5147466970527,0,0,87.6929512023926,30.3837777591887,81.2104192461286,35.880396270752,82.479850769043,33.4524661010939,83.7717695236206,0,0,29.2643483281136,0,0,0,0,0,28.1855445246879,0,15.3867348108899,0,22.3528734842936,83.8095135158963,36.5630840018944,8.38440763056734,0,0,0,0,0,0,85.3591766357422,42.0507659912109,0,49.3902606964111,0,0,0,0,0,16.3531561949122,0,9.29878755084804,0,21.5726124118755,47.9344487950422,31.9588967756943,25.9994291158823,83.7725448608398
0,0,0,0,0,0,0,0,0,0,2.85679892393259,0,0,0,0,0,0,79.6241149902344,57.11591796875,0,0,0,0,0,0,0,0,0,0,0,0,0,0,0,0,0,7.94231703716172,0,5.27860402602416,0,9.14539588125128,0,59.4655933380127,0,0,0,9.281636186413,0,31.8316116333008,0,0,0,0,0,0,0,3.69480133056641,0,0,0,0,0,0,4.50526727883814,0,0,0,0,0,0,0,0,0,0,0,0,0,0,0,8.97087051429393,0,7.15365166817942,4.7505675626855,0,10.4627898878756,0,49.352991104126
0,0,0,0,0,0,0,0,0,0,0,0,0,0,0,0,0,8.12108169303017,0,0,0,0,5.32923399599808,6.69656199581367,0,15.4772800098766,0,3.85719618563459,0,0,0,0,0,0,0,0,0,5.08392502416467,0,0,0,0,0,0,0,0,0,0,0,10.8183892567952,0,0,0,0,0,0,0,0,0,0,0,0,0,0,5.08515717682282,6.73318341118949,5.5378216191342,0,7.9071179151535,0,3.9231310912541,0,0,0,0,0,0,0,0,0,4.58753223130197,0,4.82919522876739,4.82984565380262,0,0,0
0,0,0,0,0,0,0,0,0,0,0,0,0,0,0,0,12.863055964311,0,0,0,0,5.32923399599808,0,0,8.98464612543148,0,3.24473674157087,0,6.12918350333992,0,0,0,0,0,0,0,0,0,8.19708167098639,0,0,0,0,0,0,0,0,0,8.87837976264954,0,0,0,0,0,0,0,0,0,0,0,0,0,0,0,0,4.69833676422344,0,8.0831925671461,0,3.76894704500834,0,4.3168419146202,0,0,0,0,0,0,0,0,0,9.95482864346303,4.98591818340199,5.2607671531827,0,0,0
0,21.3799156525556,0,0,0,0,0,0,0,6.33050153081509,0,0,0,11.7506103515625,0,7.86671731384303,0,9.64815008429507,33.1784057617188,0,0,6.69656199581367,0,0,0,5.34854257904384,0,0,0,0,0,0,0,0,0,0,0,6.08895258511898,0,0,0,0,0,0,0,49.3161697387695,0,0,0,7.97201236154212,0,0,0,0,0,7.88228766577584,0,12.8111562728882,0,13.2472861153739,0,15.0571367186169,0,0,5.8094821297099,0,4.82087535941983,0,5.97735986525183,0,7.65613323743226,0,0,0,0,0,0,0,0,0,10.3371407139953,0,6.57487095832825,37.0922781229019,9.51368840093966,0,0
18.5603270284908,0,0,0,0,0,0,0,6.16570064458954,53.5214805603027,0,0,0,0,7.81840372085571,0,5.71287053428236,0,34.7854404449463,0,0,0,8.98464612543148,0,0,0,3.53249613333631,0,0,0,0,0,0,0,0,0,0,0,7.92810343105094,0,0,47.5753211975098,27.2300052642822,0,0,0,0,0,0,0,0,0,0,0,7.32089201778385,0,0,0,0,0,21.2122601747513,0,0,0,0,5.42116510957704,0,4.13788891562057,0,4.60448867766584,0,0,0,0,0,0,0,0,0,0,0,8.39197334144341,9.64442432187423,35.5191275213183,3.02124158541361,0,0
0,16.819409942627,0,0,0,0,0,0,0,12.4644647836685,0,0,0,0,0,5.9273085357287,44.5992031097412,5.86609468234213,0,0,0,15.4772800098766,0,5.34854257904384,0,0,0,2.91051034594691,0,0,0,0,0,0,0,0,0,13.3829094872755,0,0,0,17.4451789855957,0,0,0,0,0,0,0,7.54919342336984,0,0,0,0,0,9.09148216247559,0,0,0,0,0,5.16551483472188,0,0,7.61887105148618,0,6.54032441759572,0,5.48938272731684,0,5.23950396265302,0,0,0,0,0,0,0,0,0,11.5405083714109,0,4.98553408637191,12.4258827429551,13.0142466446449,0,0
0,0,0,0,0,0,0,0,4.51452940702438,0,0,0,0,0,5.9472674926122,0,5.61476897418014,0,0,0,0,0,3.24473674157087,0,3.53249613333631,0,0,0,4.26620972156525,0,0,0,0,0,0,0,0,0,0,0,0,0,0,0,0,0,0,0,0,0,0,0,0,0,0,0,0,0,0,0,0,0,0,0,0,3.45045838753382,0,4.05222716114738,0,3.72638197547024,0,4.63750820889953,0,0,0,0,0,0,0,0,0,0,4.17066349068733,0,0,0,0
0,0,0,0,0,0,0,0,0,0,0,0,0,4.79180064897859,0,2.74957752227783,0,0,0,0,0,3.85719618563459,0,0,0,2.91051034594691,0,0,0,6.43550403301532,0,0,0,0,0,0,0,2.75354671478271,0,0,0,0,0,0,0,0,0,0,0,0,0,0,0,0,0,0,0,0,0,6.38778998502871,0,0,0,0,5.43064442537269,0,0,0,3.33335397757736,0,4.99696268606827,0,5.86921273384775,0,0,0,0,0,0,0,0,0,3.4070472667872,4.76569654636886,0,0,0
0,0,0,0,0,0,0,0,0,0,3.17306756973267,0,0,0,0,0,0,0,0,0,0,0,6.12918350333992,0,0,0,4.26620972156525,0,0,0,2.87075604200363,0,0,0,0,0,0,0,2.84971636533737,0,0,0,0,0,0,0,0,0,0,0,0,0,0,0,0,0,0,0,2.9115140914917,0,0,0,0,0,0,0,0,0,0,5.55123201538535,0,5.35420746623745,0,4.85588979721069,0,0,0,0,0,0,0,0,3.48568112720143,0,0,0,0
0,0,0,0,0,0,0,0,0,0,0,4.76312345663706,0,4.52009551171903,0,0,0,0,0,0,0,0,0,0,0,0,0,6.43550403301532,0,0,0,0,0,0,0,0,0,6.04389047957303,0,0,0,0,0,0,0,0,0,0,0,0,0,0,0,0,0,0,0,6.55782655874888,0,0,0,0,0,0,0,0,0,0,0,0,6.63782707306055,0,3.43342130485622,0,0,0,0,0,0,0,0,0,3.58928682389467,4.73466314872106,0,0,0
0,0,0,0,0,0,0,0,0,0,0,0,0,0,0,0,0,0,0,0,0,0,0,0,0,0,0,0,2.87075604200363,0,0,0,0,0,0,0,0,0,4.98896194421328,0,0,0,0,0,0,0,0,0,0,0,0,0,0,0,0,0,3.50865826010704,0,0,0,0,0,0,0,0,0,0,0,0,0,0,5.30138898852677,0,3.43330149861831,0,0,0,0,0,0,0,4.70822108619743,0,0,0,0,0
0,0,0,0,0,0,0,0,0,0,0,0,0,0,0,0,0,0,0,0,0,0,0,0,0,0,0,0,0,0,0,0,2.89320217680048,0,0,2.82078955250402,0,0,0,0,0,0,0,0,0,0,0,2.94614562322927,0,0,0,0,0,0,0,0,0,0,0,0,0,0,0,0,0,0,0,0,0,0,0,0,0,0,3.27244388642518,0,0,0,3.85851900374636,0,0,0,3.00199380015383,0,0,0,0
0,0,0,0,0,0,0,0,0,0,0,0,0,0,0,0,0,0,0,0,0,0,0,0,0,0,0,0,0,0,0,2.89320217680048,0,0,0,0,4.54692322413127,0,0,0,7.35229000678429,0,0,0,0,0,0,3.65767286612642,7.15556246749908,0,0,0,0,0,0,0,0,0,0,0,0,0,0,0,0,0,0,0,0,0,0,0,0,0,0,3.94314351408544,0,0,0,4.24780765878798,0,0,2.91653187572956,0,0,0,0
0,0,0,0,0,0,0,0,0,54.6306495666504,0,0,0,0,0,0,0,67.8917922973633,62.8080935758703,31.8004207611084,0,0,0,0,0,0,0,0,0,0,0,0,0,0,3.25451097061049,3.26794015711004,3.16321396827698,3.83165252909941,5.70324468612671,19.9687092873902,0,40.8644869877742,0,0,0,65.3868865966797,0,3.76410746785766,0,13.1615552035245,0,0,0,0,0,56.5669157845633,0,0,0,0,0,0,41.349674542745,0,0,0,0,0,0,0,0,0,0,0,0,0,3.39058224300506,5.00107155687669,7.34514564615457,0,4.74722924886965,13.5640245437622,10.0272442593294,75.9957809448242,34.9280528068542,37.571834564209,0
50.6595706939697,0,0,0,0,0,0,0,0,0,0,0,0,0,0,0,0,68.9433822631836,62.4916360643175,0,0,0,0,0,0,0,0,0,0,0,0,0,0,3.25451097061049,0,0,6.80568967980743,10.4605322729611,8.27950413132276,0,11.0048007042177,15.8576718559561,21.1884722555837,0,0,0,50.5879073143005,6.0507485413665,9.88751512805358,23.0473356912302,0,0,0,0,0,0,0,0,0,0,0,0,107.379615783691,18.9332647323608,0,0,0,0,0,0,0,0,0,0,0,2.94618058204651,0,4.8869343341963,0,6.1570442221418,15.7316019535065,6.91649804452644,8.43871708546629,5.30094267340267,15.4051270617379,0,39.0446128845215
87.4870459816673,45.4382542201451,0,14.5989801972001,23.2929000854492,7.26706280008063,0,8.66934041948879,0,49.5312821960449,0,6.06016837456904,0,0,0,55.2368885040283,90.4362233479818,60.4803642272949,56.331935789527,9.8721647466969,0,0,0,0,0,0,0,0,0,0,0,2.82078955250402,0,3.26794015711004,0,0,3.83857544051533,15.0752372865464,2.9527280330658,17.8880287861478,0,41.9563200588884,91.4357032775879,48.4907802084218,0,25.740214850398,108.552459716797,5.56692214608192,56.7146010398865,18.8622889827799,0,7.77767750749556,0,9.2273744827861,103.894195556641,50.9803691243016,0,16.0808396065457,0,23.3361259676375,96.5545915876116,51.1214504241943,14.1982968842407,0,0,0,0,0,0,0,71.2890319824219,0,65.980339050293,0,3.02650213241577,0,5.50660701607758,17.493851184845,6.22910690232031,7.22571446678855,14.496454824217,0,7.96153880812766,10.5028210006611,38.0617880426851,35.8462622358992,72.3621368408203
32.4743755047138,0,20.1925729370117,90.9143905639648,13.7641687687532,0,0,0,0,82.617317199707,5.82125533652807,0,0,0,43.593799273173,0,92.0773210525513,86.8907899527714,65.7899602134273,0,7.94231703716172,0,0,0,0,0,0,0,0,0,0,0,4.54692322413127,3.16321396827698,6.80568967980743,3.83857544051533,0,0,7.1168126951415,7.30451670714787,17.9842332439658,80.0284156799316,30.750849816107,0,65.0437188829694,101.602428436279,46.8226192214272,7.64941807720057,16.0181133507807,19.4989224554787,9.47019004821777,0,0,0,29.5056838989258,0,7.99310926500573,100.615028381348,0,83.8090591430664,41.103479497573,99.151039759318,109.472820281982,8.24635771284131,0,0,0,37.7413558959961,0,0,0,0,0,0,0,4.94434306838296,0,10.4030018030708,8.42003951072693,6.32289538895209,100.006660461426,13.371686693919,6.55295028816909,15.7439765618226,23.7969658517578,0,29.9091339111328
93.298656463623,38.5115083058675,0,0,0,0,0,0,0,42.2887723567122,0,6.26145863701352,0,0,0,87.2050857543945,99.244384765625,51.5353443145752,52.9432640799993,12.5147466970527,0,5.08392502416467,0,6.08895258511898,0,13.3829094872755,0,2.75354671478271,0,6.04389047957303,0,0,0,3.83165252909941,10.4605322729611,15.0752372865464,0,0,7.47817719016088,0,0,11.1127232066746,65.6689224243164,61.3259391784668,0,37.6548762061379,0,5.76122037204289,0,6.98520075556744,0,0,0,0,0,38.7411730448405,0,9.04983460932032,0,52.9224662780762,96.4652862548828,45.0732236589704,15.2323572168995,0,5.43335561058538,0,6.4719953722424,0,10.5403971998101,0,6.41728140910466,0,4.0341719767143,0,0,0,3.25769886777208,12.9666153528515,15.9189892567064,0,8.17610295475316,11.1925460338593,7.939866644169,10.9868731988353,8.29007774514037,36.1183250427246,0
22.9817297082198,0,0,0,0,0,0,0,11.6718985892054,0,4.93772414347127,0,0,0,0,0,15.8836923339992,94.9429575602214,67.6206919352214,0,5.27860402602416,0,8.19708167098639,0,7.92810343105094,0,0,0,2.84971636533737,0,4.98896194421328,0,0,5.70324468612671,8.27950413132276,2.9527280330658,7.1168126951415,7.47817719016088,0,0,22.2522248876268,18.5253994281475,21.5810114893802,0,87.7023162841797,0,69.6680202484131,5.15628877983374,11.0295591137626,104.153709411621,0,0,0,0,9.16746229438458,0,6.2388226796599,0,0,0,27.8552664243258,101.440979003906,0,7.80511390038256,0,7.57204728556755,0,7.3522502013034,0,0,0,7.50004397498237,0,7.14435316584871,0,0,0,4.32378303252718,0,8.13399678317242,12.5822355340167,5.96542777827193,6.88291741358606,8.78439821168289,9.25518757563371,0,0
0,62.5324974060059,0,0,30.1779479980469,0,0,0,0,65.2098210652669,0,0,0,0,0,0,0,0,77.1972732543945,0,0,0,0,0,0,0,0,0,0,0,0,0,0,19.9687092873902,0,17.8880287861478,7.30451670714787,0,0,0,0,4.68459031646316,0,63.177806854248,0,3.33819027900696,0,7.93340368704362,9.33170944452286,5.22408017149611,0,0,0,0,0,70.0165023803711,0,0,0,0,44.1288108825684,0,7.4743393085621,0,0,0,0,0,0,0,0,0,0,0,0,0,12.3438505087749,0,10.1997764625549,0,22.70905745414,0,15.3145028049663,0,5.19832488344861,44.9187316894531,0
30.7714391897533,0,25.4121164594378,0,0,0,0,0,51.6050148010254,57.5894660949707,0,0,33.5675582885742,0,36.2644233703613,79.7818069458008,74.6665554046631,65.0188110351562,35.4006954606446,87.6929512023926,9.14539588125128,0,0,0,0,0,0,0,0,0,0,0,7.35229000678429,0,11.0048007042177,0,17.9842332439658,0,22.2522248876268,0,0,46.1882629394531,22.0140091947768,0,13.3033953614122,76.1783081054687,12.1463992933539,8.88450783491135,27.5334611417485,0,0,0,0,0,40.9672069549561,81.6507873535156,0,92.9443130493164,34.6332855224609,0,34.9232800062313,73.5107498168945,107.67875289917,15.1504875564575,0,0,0,42.7822471618652,0,43.4626593870275,0,0,0,0,0,6.22184830904007,0,6.62510087092717,109.890754699707,17.9464730973538,0,5.00887419271839,29.1534372183584,47.8738062381744,19.1142241777864,0,45.7727360609101
37.6277346694679,20.2572132831311,37.622807820638,35.2958312468095,0,37.0227928161621,0,0,38.8603845076127,11.3307113578058,0,37.2593355178833,0,24.4718761444092,0,38.2222947139366,74.9520263671875,44.8879985809326,10.9484113379342,30.3837777591887,0,0,0,0,47.5753211975098,17.4451789855957,0,0,0,0,0,0,0,40.8644869877742,15.8576718559561,41.9563200588884,80.0284156799316,11.1127232066746,18.5253994281475,4.68459031646316,46.1882629394531,0,6.46781529060896,9.07198080205016,30.7397272586823,15.1965746900694,50.1782414471662,10.3570636032926,7.82285618100848,11.8465392107417,0,37.2836723327637,0,0,42.1158103942871,17.1614137794032,0,13.3057415485382,0,22.313247639669,42.7405552497277,36.0510330956558,22.8725151515776,0,0,0,28.08083152771,0,14.0941433225359,49.5179023742676,15.1128839441479,0,12.7737750796711,0,0,0,26.8678075245449,16.5766055351865,31.9745656440555,74.7814846038818,24.1726613087314,23.2891874313354,6.75594321898112,23.5598197280666,7.56341394191671,7.14526108537632,46.3161240745993
32.5122113854762,58.286979675293,37.6564331054688,64.8101506233215,0,67.2101821899414,0,0,12.183068780981,58.6515526404748,0,0,0,0,88.929313659668,68.6464753584428,63.1373083708716,56.4377056309434,20.0323246216774,81.2104192461286,59.4655933380127,0,0,0,27.2300052642822,0,0,0,0,0,0,0,0,0,21.1884722555837,91.4357032775879,30.750849816107,65.6689224243164,21.5810114893802,0,22.0140091947768,6.46781529060896,0,16.0484194437663,25.1609552731117,76.1843867399255,20.7171138353576,4.17155847549438,14.4286662034499,66.0641565322876,0,0,0,0,22.3684676188343,58.4840240478516,0,74.9206314086914,0,67.4661598205566,41.2418603983011,69.8561092785427,79.9612562391493,11.3867123126984,0,0,0,26.6343902349472,0,28.5579456601824,0,0,0,0,0,0,0,7.08527323832879,86.0661358303494,31.0955200821606,78.0216941833496,15.2029430389404,15.095404607105,29.1469257415795,14.5699949597061,43.4976959228516,19.7177840998298
30.3283004760742,26.9555702209473,0,23.0519714355469,0,26.554479598999,0,0,0,31.2400396892003,0,46.4919738769531,0,0,0,30.5024318695068,51.8759613037109,31.5571471320258,12.1559986707411,35.880396270752,0,0,0,0,0,0,0,0,0,0,0,0,0,0,0,48.4907802084218,0,61.3259391784668,0,63.177806854248,0,9.07198080205016,16.0484194437663,0,68.2814102172852,18.78205725894,65.2635599772135,0,0,24.8629788557688,0,0,0,0,0,0,0,38.6146354675293,0,28.9339218139648,30.0985450744629,27.3896199332343,25.3655455037167,0,0,0,0,0,0,0,34.1360664367676,0,43.3454513549805,0,0,0,0,0,39.0446781317393,65.2676162719727,48.6035167149135,0,15.4068542679588,21.580319628996,6.59708263805934,7.27609001306387,61.936092376709
33.0235319335666,0,30.7898101806641,0,26.8782396316528,0,0,0,33.4304736944345,49.595775604248,0,0,0,0,42.5620797475179,0,53.8231643676758,40.3979757229487,19.6388945180627,82.479850769043,0,0,0,0,0,0,0,0,0,0,0,0,0,0,0,0,65.0437188829694,0,87.7023162841797,0,13.3033953614122,30.7397272586823,25.1609552731117,68.2814102172852,0,53.7391323290373,15.2329326640235,0,38.5173209110896,54.3002643585205,0,0,0,0,37.633974647522,0,0,0,0,60.5125885009766,38.3485966093803,57.2043590545654,69.8735160827637,46.1998519897461,0,0,0,44.8647203445435,0,46.2108782599954,0,0,0,0,0,0,0,0,83.5449981689453,27.106532194483,0,0,20.0058278280509,27.3315622430099,18.8163801525098,0,37.9376351540549
60.8402603149414,26.6547570228577,0,26.8567454141515,0,29.5207488720234,0,0,42.9588947296143,29.7115271988265,0,46.5900014241536,0,0,0,32.0975115034315,73.5508720397949,39.0849751881191,30.4667788035269,33.4524661010939,0,0,0,49.3161697387695,0,0,0,0,0,0,0,0,0,65.3868865966797,0,25.740214850398,101.602428436279,37.6548762061379,0,3.33819027900696,76.1783081054687,15.1965746900694,76.1843867399255,18.78205725894,53.7391323290373,0,76.9323811531067,0,0,26.3910021071001,0,30.8511917114258,0,0,54.7768115997314,30.9187404170181,0,28.9164468226821,0,29.0506351055243,41.4557018280029,29.9542450522884,15.5933866885613,0,0,0,51.4186515808105,0,0,0,41.1917996406555,0,47.8270405360631,0,0,0,0,0,44.6147135754222,93.9056396484375,52.8737588950566,0,30.3204687116531,27.2207681631967,19.0417713086183,16.5382362197244,73.8345914987417
30.4740312433954,72.8558197021484,22.5400511903583,0,0,0,0,0,41.0755157470703,55.9889537811279,0,0,0,0,0,74.0906219482422,71.9498774937221,58.3116413319605,34.8845717275844,83.7717695236206,9.281636186413,0,0,0,0,0,0,0,0,0,0,0,0,0,50.5879073143005,108.552459716797,46.8226192214272,0,69.6680202484131,0,12.1463992933539,50.1782414471662,20.7171138353576,65.2635599772135,15.2329326640235,76.9323811531067,0,0,31.1979522669293,72.430180867513,0,0,0,0,43.7097215652466,76.612621307373,0,74.8620719909668,0,67.6873016357422,44.5449478249801,69.2114415168762,85.7188924153646,7.21070468613693,0,0,87.8379821777344,41.8355534871419,0,41.2853885226779,0,0,0,0,0,0,0,0,90.0648956298828,26.9387659564791,87.347526550293,23.9669808281793,35.6501670678457,45.9905907948812,28.9338000561494,0,43.9544340939445
0,0,0,0,0,0,0,0,0,0,0,0,0,0,0,0,0,0,0,0,0,0,0,0,0,0,0,0,0,0,0,2.94614562322927,3.65767286612642,3.76410746785766,6.0507485413665,5.56692214608192,7.64941807720057,5.76122037204289,5.15628877983374,7.93340368704362,8.88450783491135,10.3570636032926,4.17155847549438,0,0,0,0,0,5.31685921237336,7.46450939660288,0,0,0,0,0,0,0,0,0,0,0,0,0,0,0,0,0,0,0,0,0,0,0,0,3.06815412640572,3.32480577504125,10.8000889112209,6.12540140926223,7.7781982421875,8.83663729258946,3.79218871653581,11.127848695486,6.06193687611347,5.19070100784302,7.38170430074103,0,0
6.54381799907936,0,6.44965422153473,65.2275447845459,11.4887531499543,0,0,0,15.5808535871052,74.2375297546387,0,0,5.70342063903809,0,9.49448792527362,72.6204770406087,74.9856071472168,46.716682434082,48.8549860495108,0,31.8316116333008,0,8.87837976264954,0,0,0,0,0,0,0,0,0,7.15556246749908,0,9.88751512805358,56.7146010398865,16.0181133507807,0,11.0295591137626,9.33170944452286,27.5334611417485,7.82285618100848,14.4286662034499,0,38.5173209110896,0,31.1979522669293,5.31685921237336,0,4.78240675412657,10.2167427539825,0,0,0,0,0,0,74.8459625244141,6.12610041011463,69.5489492416382,4.20590448688006,65.8125089009603,93.1903533935547,25.3812828063965,0,6.59528217092853,0,3.31519135306863,0,11.2763113975525,0,0,0,0,0,4.86312853553748,0,5.06499062818639,5.68184089660645,28.5911621626926,0,8.60946577367648,18.2696868432405,26.4942830114654,6.07420372348018,4.85023880004883,0
57.129824924469,8.7989603690247,58.5853233337402,6.6226462657635,0,11.8339117595128,0,0,64.4995565414429,15.345812784998,0,27.6060307820638,0,0,71.9514083862305,7.39938682317734,0,57.6853847503662,27.5319332465147,29.2643483281136,0,10.8183892567952,0,7.97201236154212,0,7.54919342336984,0,0,0,0,0,0,0,13.1615552035245,23.0473356912302,18.8622889827799,19.4989224554787,6.98520075556744,104.153709411621,5.22408017149611,0,11.8465392107417,66.0641565322876,24.8629788557688,54.3002643585205,26.3910021071001,72.430180867513,7.46450939660288,4.78240675412657,0,0,0,0,0,65.2590510050456,15.0480872204429,0,10.1645317438309,0,7.6203958444428,61.1994173018659,6.5969785202795,20.2931152573467,0,7.44733391489301,0,4.69433736382869,70.9873809814453,4.32612458331137,67.2238025665283,5.50591561751913,0,10.4640067577362,0,0,0,13.3350802393824,0,9.92307940749235,92.8943815231323,5.77986707092014,41.5339349110921,14.5421615776263,24.46800067101,8.32381362571448,37.2423362731934,67.5066735403878
0,0,10.9234947321708,0,4.21162330564648,0,0,0,0,0,0,0,0,0,5.48909378051758,0,0,0,0,0,0,0,0,0,0,0,0,0,0,0,0,0,0,0,0,0,9.47019004821777,0,0,0,0,0,0,0,0,0,0,0,10.2167427539825,0,0,0,4.83606147766113,0,8.42806258201599,0,0,0,2.93288762779797,0,6.24109312828551,0,0,0,0,0,0,0,0,0,0,0,0,0,0,0,0,0,0,0,0,0,6.18423658809613,11.9782619476318,0,0,0
0,0,0,0,0,4.80211145386976,0,6.5926161802732,0,11.410439491272,0,0,0,0,0,0,0,0,0,0,0,0,0,0,0,0,0,0,0,0,0,0,0,0,0,7.77767750749556,0,0,0,0,0,37.2836723327637,0,0,0,30.8511917114258,0,0,0,0,0,0,0,3.82677481174469,0,0,0,2.86151186157675,0,5.04648613929749,0,0,0,0,0,0,0,0,0,0,0,0,0,0,0,0,0,0,7.69055023165636,0,0,0,5.97823460489511,22.0747395063701,34.2740882873535,0,0
0,0,0,0,0,0,0,0,0,0,0,0,0,0,0,0,0,0,0,0,0,0,0,0,0,0,0,0,0,0,0,0,0,0,0,0,0,0,0,0,0,0,0,0,0,0,0,0,0,0,4.83606147766113,0,0,0,0,0,0,0,0,0,0,0,0,0,0,0,0,0,0,0,0,0,0,0,0,0,0,0,0,0,0,0,0,0,0,0,0
0,0,0,0,0,3.88736487797328,0,3.88116445541382,0,0,0,2.95796513557434,0,0,0,0,0,0,0,0,0,0,0,0,0,0,0,0,0,0,0,0,0,0,0,9.2273744827861,0,0,0,0,0,0,0,0,0,0,0,0,0,0,0,3.82677481174469,0,0,0,0,0,2.84388113021851,0,2.75324392318726,0,0,0,0,0,0,0,0,0,0,0,0,0,0,0,0,0,0,8.22900036106939,0,0,0,6.65951305165942,0,0,0,0
12.0362451826081,42.0476226806641,5.25744548936685,55.9122581481934,9.23933051881336,61.2096748352051,0,0,10.4960737290807,0,0,0,0,0,10.6895937218386,58.7447900772095,52.8764495849609,34.7320709228516,37.7782943725586,0,0,0,0,0,7.32089201778385,0,0,0,0,0,0,0,0,0,0,103.894195556641,29.5056838989258,0,9.16746229438458,0,40.9672069549561,42.1158103942871,22.3684676188343,0,37.633974647522,54.7768115997314,43.7097215652466,0,0,65.2590510050456,8.42806258201599,0,0,0,0,0,4.27185286581516,57.5731086730957,3.39333884914716,69.3476867675781,14.9738053911262,56.5563043866839,72.4315414428711,0,0,0,0,9.11681442297352,0,14.9216798146566,0,0,0,0,0,0,0,0,81.3092651367188,39.5489540100098,0,7.55740485110525,12.1672637995482,27.1488499022367,13.8714656514465,0,0
61.5703086853027,13.7423008829355,0,8.43877468109131,0,50.3564796447754,0,0,0,6.93839661934796,0,25.0322730200631,0,0,0,7.30682601066346,48.4804458618164,9.46524220307668,24.6160082056167,28.1855445246879,0,0,0,7.88228766577584,0,9.09148216247559,0,0,0,0,0,0,0,56.5669157845633,0,50.9803691243016,0,38.7411730448405,0,70.0165023803711,81.6507873535156,17.1614137794032,58.4840240478516,0,0,30.9187404170181,76.612621307373,0,0,15.0480872204429,0,0,0,0,0,0,0,17.7212079739475,0,13.7105678863429,0,14.600959640777,26.4595133580199,0,0,0,10.7967898757369,0,9.37323799133301,0,16.8055582987838,0,19.170200758293,0,0,0,0,0,46.7135205885943,0,34.7244323966777,0,9.56264309763576,32.0943418775286,16.579328811653,25.2187093734741,0
0,0,3.86362020174662,0,0,0,0,0,0,0,6.02417122692424,0,0,0,0,0,0,0,0,0,3.69480133056641,0,0,0,0,0,0,0,0,0,3.50865826010704,0,0,0,0,0,7.99310926500573,0,6.2388226796599,0,0,0,0,0,0,0,0,0,0,0,0,0,0,0,4.27185286581516,0,0,0,3.59865597023587,0,0,0,0,3.4026505417294,0,0,0,0,0,0,0,0,0,6.0958361249221,0,0,0,0,0,0,0,0,3.81557505925496,0,3.40806397726369,0,0
65.7565011055239,14.1261497071359,0,4.51568776668783,0,6.92238032231565,0,3.62899459525943,75.3251495361328,20.3966861552438,0,7.43909552457055,0,10.1416115249906,0,18.0479818674234,77.6664886474609,41.5590243869358,35.7509464784102,15.3867348108899,0,0,0,12.8111562728882,0,0,0,0,0,6.55782655874888,0,0,0,0,0,16.0808396065457,100.615028381348,9.04983460932032,0,0,92.9443130493164,13.3057415485382,74.9206314086914,38.6146354675293,0,28.9164468226821,74.8620719909668,0,74.8459625244141,10.1645317438309,0,2.86151186157675,0,2.84388113021851,57.5731086730957,17.7212079739475,0,0,0,5.12509564030606,68.2862972259522,16.9982450577428,10.9167943214187,0,0,0,14.5714884757996,0,0,0,7.11376723647118,0,4.64868712653748,0,0,0,0,0,18.6084746762326,0,35.0165954317365,0,10.8501711578541,28.651247307537,10.6777477909537,15.8698287010193,0
0,0,6.04025608301163,0,3.02165333429972,0,3.34381701265063,0,0,0,3.20018672943115,0,3.58253198106524,0,0,0,0,0,0,0,0,0,0,0,0,0,0,0,2.9115140914917,0,0,0,0,0,0,0,0,0,0,0,34.6332855224609,0,0,0,0,0,0,0,6.12610041011463,0,2.93288762779797,0,0,0,3.39333884914716,0,3.59865597023587,0,0,0,5.18613147735596,0,0,0,0,0,0,0,0,0,0,0,0,0,0,0,0,0,0,0,0,0,10.18764093944,0,3.95990806818008,0,0
58.5762072718421,12.3002304957794,53.1223487854004,5.26873035516058,0,10.8147513188353,0,2.75224661827087,54.0753955841064,14.6317662239075,0,7.76790189743042,0,5.57704875473294,65.6806182861328,8.8236869281652,0,39.0890102386475,34.4256669558012,22.3528734842936,0,0,0,13.2472861153739,0,0,0,6.38778998502871,0,0,0,0,0,0,0,23.3361259676375,83.8090591430664,52.9224662780762,0,0,0,22.313247639669,67.4661598205566,28.9339218139648,60.5125885009766,29.0506351055243,67.6873016357422,0,69.5489492416382,7.6203958444428,0,5.04648613929749,0,2.75324392318726,69.3476867675781,13.7105678863429,0,5.12509564030606,0,0,62.082985496521,7.31010881827696,19.656804238865,0,0,0,15.6980637141636,0,5.50001392364502,68.6002998352051,5.59816340892487,0,12.5407331173237,0,0,0,0,0,50.3559808731079,94.4217274983724,40.4330944061279,77.5869674682617,17.4979306736658,22.4115895614151,22.1077402050113,21.6524982452393,67.9465688069661
13.0682510882616,0,6.4220546739442,60.5199441348805,10.8927457641443,60.1294953482492,0,0,16.0455338474777,62.6693801879883,0,0,3.80908203125,0,5.4150118300023,61.9122077941895,11.0661172866821,73.2652988433838,53.653146906102,83.8095135158963,0,0,0,0,21.2122601747513,0,0,0,0,0,0,0,0,0,0,96.5545915876116,41.103479497573,96.4652862548828,27.8552664243258,44.1288108825684,34.9232800062313,42.7405552497277,41.2418603983011,30.0985450744629,38.3485966093803,41.4557018280029,44.5449478249801,0,4.20590448688006,61.1994173018659,6.24109312828551,0,0,0,14.9738053911262,0,0,68.2862972259522,5.18613147735596,62.082985496521,0,61.3530454530821,70.18152037121,0,0,0,0,15.0485017849849,0,5.51116313934326,0,0,82.3554611206055,0,0,0,0,0,94.6794019426618,33.475797157783,0,27.1583335876465,26.4351604121911,34.4532770026814,36.0910837408614,0,40.8462767167525
57.3923110304208,8.00341104880898,52.41259765625,6.86515450725953,0,24.6323187351227,0,0,63.005574798584,14.0359292799427,0,27.6966114044189,0,6.394429694572,67.390355682373,5.55822575730178,0,48.0038248697917,31.9758272376112,36.5630840018944,0,0,0,15.0571367186169,0,5.16551483472188,0,0,0,0,0,0,0,0,0,51.1214504241943,99.151039759318,45.0732236589704,101.440979003906,0,73.5107498168945,36.0510330956558,69.8561092785427,27.3896199332343,57.2043590545654,29.9542450522884,69.2114415168762,0,65.8125089009603,6.5969785202795,0,0,0,0,56.5563043866839,14.600959640777,0,16.9982450577428,0,7.31010881827696,61.3530454530821,0,26.8713996266744,0,0,0,16.1500425972305,68.8405151367188,9.19046757120542,70.3302993774414,13.1772890559451,0,22.1167573928833,0,0,0,0,0,55.5183710370745,94.296876695421,34.9055688381195,0,10.0193531751023,13.6680351539216,28.4256914059723,37.2578868865967,69.2595679543235
68.340551844183,27.8933015005929,0,19.5042402479384,0,9.64325737184094,0,7.17284917831421,71.8338953653971,30.3153673670462,0,9.65088536212971,0,0,73.7419662475586,31.7961023504084,77.7570734585033,46.5914333202221,36.3993424163263,8.38440763056734,0,0,0,0,0,0,0,0,0,0,0,0,0,41.349674542745,107.379615783691,14.1982968842407,109.472820281982,15.2323572168995,0,7.4743393085621,107.67875289917,22.8725151515776,79.9612562391493,25.3655455037167,69.8735160827637,15.5933866885613,85.7188924153646,0,93.1903533935547,20.2931152573467,0,0,0,0,72.4315414428711,26.4595133580199,0,10.9167943214187,0,19.656804238865,70.18152037121,26.8713996266744,0,0,0,0,0,90.0031585693359,0,78.3680801391602,43.4681142171224,0,44.7872740427653,0,0,0,0,0,27.4387248419879,0,17.3133736809959,0,28.1691866509353,42.2041315728045,28.7203667724394,19.6997716659787,84.9830535888672
27.132924079895,0,0,0,0,0,0,0,0,0,2.95188474655151,0,0,0,0,0,0,0,0,0,4.50526727883814,0,0,0,0,0,0,0,0,0,0,0,0,0,18.9332647323608,0,8.24635771284131,0,7.80511390038256,0,15.1504875564575,0,11.3867123126984,0,46.1998519897461,0,7.21070468613693,0,25.3812828063965,0,0,0,0,0,0,0,3.4026505417294,0,0,0,0,0,0,0,0,0,0,42.5764999389648,0,0,0,0,0,0,0,0,0,0,0,10.5670839225819,0,7.36170976089709,6.63577699321627,0,7.93085113017679,0,0
0,0,0,0,0,0,0,0,0,0,0,0,0,0,0,0,0,9.23047321066897,0,0,0,5.08515717682282,0,5.8094821297099,0,7.61887105148618,0,5.43064442537269,0,0,0,0,0,0,0,0,0,5.43335561058538,0,0,0,0,0,0,0,0,0,0,0,7.44733391489301,0,0,0,0,0,0,0,0,0,0,0,0,0,0,0,0,5.57942906344259,0,4.40783090224633,0,8.57077313037666,0,0,0,0,0,0,0,0,0,4.721862588855,0,7.34687448537201,7.28874256205262,0,0,0
0,0,0,0,0,0,0,0,0,0,0,0,0,0,0,0,0,0,0,0,0,6.73318341118949,4.69833676422344,0,5.42116510957704,0,3.45045838753382,0,0,0,0,0,0,0,0,0,0,0,7.57204728556755,0,0,0,0,0,0,0,0,0,6.59528217092853,0,0,0,0,0,0,0,0,0,0,0,0,0,0,0,0,0,0,5.82043797881515,0,6.19417691230774,0,0,0,0,0,0,0,0,0,0,0,8.58982232085035,6.64286500744134,6.73283099068536,0,0,0
0,23.0476195431459,0,0,0,0,0,0,0,12.2131368974587,0,0,0,16.8201954841614,0,13.0707168277033,0,10.7297113410064,43.0779546101888,0,0,5.5378216191342,0,4.82087535941983,0,6.54032441759572,0,0,0,0,0,0,0,0,0,0,0,6.4719953722424,0,0,0,28.08083152771,0,0,0,51.4186515808105,87.8379821777344,0,0,4.69433736382869,0,0,0,0,0,10.7967898757369,0,14.5714884757996,0,15.6980637141636,0,16.1500425972305,0,0,5.57942906344259,0,0,0,6.58375836318394,0,7.06869599554274,0,0,0,0,0,0,0,0,0,11.348664321964,0,10.7869417194848,40.1576052232222,6.34650929427586,0,0
