0,0,0.133739022331105,0,0.127329673618078,0,0,0,0.111005015257332,0,0,0,0,0,0,0,0,0,0,0,0,0,0,0,0,0,0,0,0,0,0,0,0,0,0,0,0,0,0,0,0,0,0.146503410405583,0,0,0,0,0,0.135395228862762,0,0,0,0,0,0.133283780089446,0,0,0,0,0,0,0,0,0,0,0,0,0,0,0,0,0,0,0,0,0,0,0,0,0,0,0,0.145825438112199,0.15229068969337,0.161377818331677,0,0
0,0,0,0,0,0,0,0,0,0.128885708749294,0,0,0,0,0,0,0,0,0.28841757029295,0,0,0,0,0,0,0,0,0,0,0,0,0,0,0,0,0,0,0,0,0,0,0.227943098019151,0,0,0,0,0,0,0,0.193260155045069,0,0,0,0,0,0.187722616318253,0,0,0,0.151459894246525,0,0.16567736031378,0,0,0,0,0.226826312286513,0,0,0,0,0,0,0,0,0,0,0,0,0,0,0,0.155513331350934,0,0.159750528480425,0,0
0.133739022331105,0,0,0,0.111324203355449,0,0,0,0.0872044033991794,0,0,0,0,0,0,0,0,0,0,0,0,0,0,0,0,0,0,0,0,0,0,0,0,0,0,0,0,0,0,0,0,0,0,0,0,0,0,0,0.130584908825047,0,0,0,0,0,0,0,0,0,0,0,0,0,0,0,0,0,0,0,0,0,0,0,0,0,0,0,0,0,0,0,0,0,0.0948489515641548,0,0.165087667504145,0,0.226472094655037
0,0,0,0,0,0.0727100235286293,0,0,0,0.0921374681591988,0,0,0,0,0,0,0,0,0,0,0,0,0,0,0,0,0,0,0,0,0,0,0,0,0,0,0,0,0,0,0,0,0,0,0,0,0,0,0,0.217178456485271,0,0,0,0,0,0.123355992138386,0,0.205308719641632,0,0.185242882370949,0,0.171605296432972,0,0,0,0,0,0,0,0,0,0,0,0,0,0,0,0,0,0,0,0,0.0722402021827468,0,0.228251680731773,0,0
0.127329673618078,0,0.111324203355449,0,0,0,0,0,0.116781821995974,0,0,0,0.128587543964386,0,0,0,0,0,0,0,0,0,0,0,0,0,0,0,0,0,0,0,0,0,0,0,0.0978677070566586,0,0,0,0,0,0,0,0,0,0,0,0,0,0.148524754238825,0,0,0,0.126447761741777,0,0,0,0,0,0,0,0,0,0,0,0,0,0,0,0,0,0,0,0,0,0,0,0,0,0,0,0.136404166661436,0.227357998490334,0,0,0
0,0,0,0.0727100235286293,0,0,0,0,0,0.133791133151813,0,0,0,0.186772122979164,0,0.215886224061251,0,0.167058348655701,0,0.117333742678165,0,0,0,0,0,0,0,0,0,0,0,0,0,0,0,0,0,0,0,0,0,0,0,0,0,0,0,0,0,0,0,0.17944899881975,0,0,0,0.142665135751077,0,0,0,0.210729246338209,0,0.193023971640147,0,0,0,0,0,0,0,0,0,0,0,0,0,0,0,0,0,0,0,0,0.157342696224724,0.240438245914199,0.05863749794662,0,0
0,0,0,0,0,0,0,0,0,0,0,0,0,0,0,0,0,0,0,0,0,0,0,0,0,0,0,0,0,0,0,0,0,0,0,0,0.147431902587414,0,0,0,0,0,0,0,0,0,0,0,0,0,0,0,0.175976287041392,0,0,0,0.159293192625046,0,0.183325435788859,0,0,0,0,0,0,0,0,0,0,0,0,0,0,0,0,0,0,0,0,0,0,0,0.168148842837129,0,0,0,0
0,0,0,0,0,0,0,0,0,0,0,0,0,0,0,0,0,0,0,0.162666216492653,0,0,0,0,0,0,0,0,0,0,0,0,0,0,0,0,0,0,0,0,0,0,0,0,0,0,0,0,0,0,0,0.151299844594563,0,0.152625525764611,0,0,0,0.175700827417049,0,0.173913463403781,0,0,0,0,0,0,0,0,0,0,0,0,0,0,0,0,0,0,0,0,0,0,0.167655205448805,0.217890766050134,0,0,0
0.111005015257332,0,0.0872044033991794,0,0.116781821995974,0,0,0,0,0,0,0,0,0,0.140216241280238,0,0,0,0,0,0,0,0,0,0.136896729469299,0,0,0,0,0,0,0,0,0,0,0,0,0,0,0,0,0,0,0,0,0,0,0,0.139221038669348,0,0,0,0,0,0.142128899494475,0,0,0,0,0,0,0,0,0,0,0,0,0.131066501140594,0,0,0,0,0,0,0,0,0,0,0,0,0,0,0.150877812323443,0.173739917396347,0,0,0
0,0.128885708749294,0,0.0921374681591988,0,0.133791133151813,0,0,0,0,0,0,0,0,0,0,0,0.21301069483161,0.22218704489725,0,0,0,0,0.206434805423785,0,0,0,0,0,0,0,0,0,0,0,0,0,0.180710764520842,0,0,0,0,0,0,0,0,0,0,0,0.181898823806218,0,0,0,0,0,0.207209114509169,0,0,0,0,0,0.160217752059301,0,0,0,0,0.223545832766427,0,0,0,0,0,0,0,0,0,0,0,0,0,0.221095445659734,0,0.166520887101314,0.229268345567915,0.154889342542305,0,0
0,0,0,0,0,0,0,0,0,0,0,0,0.241459227608938,0,0,0,0,0,0,0,0.231774749950721,0,0,0,0,0,0,0,0,0,0,0,0,0,0,0,0.164946863055229,0,0.201043465905465,0,0,0,0,0,0,0,0.287689924240112,0,0,0,0,0,0,0,0,0,0.205334393588524,0,0.234300243848262,0,0,0,0,0.224682196292258,0,0,0,0,0,0,0,0,0,0,0,0,0,0,0,0.17856752499938,0,0.184267332282247,0.2050109595134,0,0.296224559346835,0,0
0,0,0,0,0,0,0,0,0,0,0,0,0,0.221645755768626,0,0,0,0,0,0.183949245675597,0,0,0,0,0,0,0,0.226757402447137,0,0.187936258666656,0,0,0,0,0,0.180406256906084,0,0.209560793381865,0,0,0,0,0,0,0,0,0,0,0,0,0,0,0,0,0,0,0,0.187100936251712,0,0.220536516768526,0,0,0.186777986303607,0,0,0,0,0,0,0,0.229229853304471,0,0.190741779060284,0,0,0,0,0,0.174936894580956,0,0.205695701698527,0,0.203100666507974,0.210181096775149,0,0,0
0,0,0,0,0.128587543964386,0,0,0,0,0,0.241459227608938,0,0,0,0,0,0,0,0,0,0,0,0,0,0,0,0,0,0.250591768309323,0,0,0,0,0,0,0,0,0,0,0,0,0,0,0,0,0,0,0,0,0,0,0,0,0,0,0,0.229332097855053,0,0.211681851406387,0,0,0,0,0,0,0,0,0,0,0,0,0.249447365376082,0,0,0,0,0,0,0,0,0,0,0.22376171537375,0,0,0,0
0,0,0,0,0,0.186772122979164,0,0,0,0,0,0.221645755768626,0,0,0,0.242794359723727,0,0,0,0,0,0,0,0,0,0.206334948539734,0,0,0,0,0,0,0,0,0,0,0,0,0,0,0,0,0,0,0,0,0,0,0,0,0,0.205731229348616,0,0.188776656985283,0,0,0,0.236066452829548,0,0.192909137380046,0,0.227911461889744,0,0,0,0,0,0,0,0,0.212399502284825,0,0,0,0,0,0,0,0,0,0,0,0.222368231182483,0.228293995084656,0,0,0
0,0,0,0,0,0,0,0,0.140216241280238,0,0,0,0,0,0,0,0,0,0,0,0,0,0,0,0,0,0,0,0,0,0,0,0,0,0,0,0,0,0,0,0,0,0,0,0,0,0,0,0,0,0.148764036595821,0,0,0,0.138379182327877,0,0,0,0,0,0,0,0,0,0,0,0,0,0,0,0,0,0,0,0,0,0,0,0,0,0,0,0.160831480584246,0,0,0,0
0,0,0,0,0,0.215886224061251,0,0,0,0,0,0,0,0.242794359723727,0,0,0,0,0,0,0,0,0,0,0,0,0,0,0,0,0,0,0,0,0,0,0,0,0,0,0,0,0,0,0,0,0,0,0,0,0,0.224719077348709,0,0,0,0,0,0,0,0.216550037264824,0,0.220913514556218,0,0,0,0,0,0,0,0,0,0,0,0,0,0,0,0,0,0,0,0,0.240372584778288,0.211751802387286,0,0,0
0,0,0,0,0,0,0,0,0,0,0,0,0,0,0,0,0,0.111174657854017,0.205525717268964,0,0,0,0.123428247869015,0,0.105455063697365,0,0,0,0,0,0,0,0,0,0,0,0,0,0,0,0.17868630339702,0.140724286075356,0.185931024634663,0.169684052467346,0.210402871171633,0,0,0,0,0,0,0,0,0,0,0,0,0,0,0,0,0,0,0,0,0,0,0,0,0,0,0,0,0,0,0,0,0,0.170375092575947,0.181829457481702,0,0,0.115922374258999,0,0.177216958541137,0,0.177998271465302
0,0,0,0,0,0.167058348655701,0,0,0,0.21301069483161,0,0,0,0,0,0,0.111174657854017,0,0.179944303163541,0,0,0,0,0.16734407544136,0,0,0,0,0,0,0,0,0,0,0,0,0,0,0,0.163468480110168,0.166736751794815,0.15242142205437,0.142009980148739,0,0,0,0,0,0,0,0,0,0,0,0,0,0,0,0,0,0,0,0,0,0,0,0,0,0,0,0,0,0,0,0,0,0,0,0.182765777294452,0,0,0,0.165520287509583,0.202573731541634,0.158887671306729,0.180616883670582,0.149850239356359
0,0.28841757029295,0,0,0,0,0,0,0,0.22218704489725,0,0,0,0,0,0,0.205525717268964,0.179944303163541,0,0,0,0,0,0.180761076509953,0,0,0,0,0,0,0,0,0,0,0,0,0,0,0,0.179378649840752,0.171263921008983,0.17271484994983,0.163042199750495,0.241582387209644,0.194848918691278,0.168680850416422,0,0,0,0,0,0,0,0,0,0,0,0,0,0,0,0,0,0,0,0,0,0,0,0,0,0,0,0,0,0,0,0,0.187975321263704,0.180942120030522,0,0,0.207217691920802,0.169661614249964,0.234914067790344,0.190047797164306,0.158457434869238
0,0,0,0,0,0.117333742678165,0,0.162666216492653,0,0,0,0.183949245675597,0,0,0,0,0,0,0,0,0,0,0,0,0,0,0,0,0,0,0,0,0,0,0,0.191794084620264,0,0.165974809961804,0,0,0,0,0,0,0,0,0,0,0,0,0,0.117844712734222,0,0.168320909142494,0,0,0,0.164977627260261,0,0,0,0,0.181320620700717,0,0,0,0,0,0,0,0,0,0.143440797924995,0,0,0,0,0,0.191970535895051,0,0.162491601508696,0,0.159988282455338,0,0,0,0
0,0,0,0,0,0,0,0,0,0,0.231774749950721,0,0,0,0,0,0,0,0,0,0,0,0,0,0,0,0,0,0,0,0.261068427562714,0,0,0,0,0,0.199122010877258,0,0.181829307956257,0,0,0,0,0,0,0,0.285119245449702,0,0,0,0,0,0,0,0,0,0.257106599211693,0,0,0,0,0,0,0.225973225014414,0,0,0,0,0,0,0,0,0,0.281757617709022,0,0,0,0,0,0.204227955771263,0,0.199132336185951,0,0,0.270636465528916,0,0
0,0,0,0,0,0,0,0,0,0,0,0,0,0,0,0,0,0,0,0,0,0,0.162658022213824,0.128058660775423,0,0,0,0,0,0,0,0,0,0,0,0,0,0.215068593275863,0.195510864257812,0,0,0,0,0,0,0,0,0,0,0,0,0,0,0,0,0,0,0,0,0,0,0,0,0,0.211064346603139,0.177544455370307,0.167150041231742,0,0,0,0.189464490001018,0,0,0,0,0,0,0,0,0,0.224556797713626,0,0.242864224135767,0.323893161316606,0,0,0
0,0,0,0,0,0,0,0,0,0,0,0,0,0,0,0,0.123428247869015,0,0,0,0,0.162658022213824,0,0,0,0,0.166953485120427,0,0.191955201192336,0,0,0,0,0,0,0,0,0,0.192849831271172,0,0,0,0,0,0,0,0,0,0,0,0,0,0,0,0,0,0,0,0,0,0,0,0,0,0.108680747449398,0.205086819911021,0,0,0,0.189871216772503,0,0.217810606252872,0,0,0,0,0,0,0,0,0,0.203601393648373,0.21117707986278,0.293779746790465,0,0,0
0,0,0,0,0,0,0,0,0,0.206434805423785,0,0,0,0,0,0,0,0.16734407544136,0.180761076509953,0,0,0.128058660775423,0,0,0,0,0,0,0,0,0,0,0,0,0,0,0,0.227131188156442,0,0,0,0,0,0,0,0,0,0,0,0.328733551231298,0,0,0,0,0,0.241344475692698,0,0,0,0,0,0.167920336127281,0,0,0.117854644854863,0,0.207251135602685,0,0.1548430159688,0,0,0,0,0,0,0,0,0,0,0,0.235734529197552,0,0.15504385466161,0,0.346390864831938,0,0
0,0,0,0,0,0,0,0,0.136896729469299,0,0,0,0,0,0,0,0.105455063697365,0,0,0,0,0,0,0,0,0,0,0,0,0,0,0,0,0,0,0,0,0,0.182917927655409,0,0,0,0,0,0,0,0,0,0.269940661131472,0,0,0,0,0,0.112864337861538,0,0,0,0,0,0,0,0,0,0,0,0,0.232439846584671,0,0,0,0,0,0,0,0,0,0,0,0,0,0.186406910917206,0.12554252724112,0,0.266465507593809,0,0
0,0,0,0,0,0,0,0,0,0,0,0,0,0.206334948539734,0,0,0,0,0,0,0,0,0,0,0,0,0,0.211898311972618,0,0,0,0,0,0,0,0,0,0,0,0,0,0,0,0,0,0,0,0,0,0,0,0,0,0,0,0,0,0,0,0,0,0,0,0,0,0,0,0,0.171472281217575,0,0.185241058468819,0,0,0,0,0,0,0,0,0,0,0,0,0,0,0,0
0,0,0,0,0,0,0,0,0,0,0,0,0,0,0,0,0,0,0,0,0,0,0.166953485120427,0,0,0,0,0,0,0,0,0,0,0,0,0,0,0,0,0,0,0,0,0,0,0,0,0,0,0,0,0,0,0,0,0,0,0,0,0,0,0,0,0,0,0,0,0,0,0.18504951570345,0,0,0,0,0,0,0,0,0,0,0,0,0,0,0,0,0
0,0,0,0,0,0,0,0,0,0,0,0.226757402447137,0,0,0,0,0,0,0,0,0,0,0,0,0,0.211898311972618,0,0,0,0.2321919253936,0,0,0,0,0,0,0,0,0,0,0,0,0,0,0,0,0,0,0,0,0,0,0,0,0,0,0,0.234457205325253,0,0.16284498223599,0,0,0,0,0.184726481520852,0,0,0,0,0,0.20878444149715,0,0.230481985365522,0,0,0,0,0,0,0,0,0,0.197804906151511,0.171356357421194,0,0,0
0,0,0,0,0,0,0,0,0,0,0,0,0.250591768309323,0,0,0,0,0,0,0,0,0,0.191955201192336,0,0,0,0,0,0,0,0.207846721797659,0,0,0,0,0,0,0,0.191563911644029,0,0,0,0,0,0,0,0,0,0,0,0,0,0,0,0,0,0,0,0.236841803522614,0,0,0,0,0,0,0.215758377576576,0,0,0,0.190428090303443,0,0.204720167218767,0,0.190580444793179,0,0,0,0,0,0,0,0.208890348672867,0.193372503930672,0,0,0,0
0,0,0,0,0,0,0,0,0,0,0,0.187936258666656,0,0,0,0,0,0,0,0,0,0,0,0,0,0,0,0.2321919253936,0,0,0,0,0,0,0,0,0,0.238919461844489,0,0,0,0,0,0,0,0,0,0,0,0,0,0,0,0,0,0,0,0.189889471445765,0,0,0,0,0,0,0,0,0,0,0,0,0.199943139106082,0,0.219107892387991,0,0,0,0,0,0,0,0.235879507025375,0,0.184573820233345,0,0,0,0
0,0,0,0,0,0,0,0,0,0,0,0,0,0,0,0,0,0,0,0,0.261068427562714,0,0,0,0,0,0,0,0.207846721797659,0,0,0,0,0,0,0,0,0,0,0,0,0,0,0,0,0,0,0,0,0,0,0,0,0,0,0,0,0,0,0,0,0,0,0.269010345141093,0,0,0,0,0,0,0,0.201717421412468,0,0.171450352727972,0,0,0,0,0,0,0,0,0.193486554755105,0,0,0,0
0,0,0,0,0,0,0,0,0,0,0,0,0,0,0,0,0,0,0,0,0,0,0,0,0,0,0,0,0,0,0,0,0.317722598063227,0.21426605113915,0.21489505469799,0.325217808405645,0.254886057445479,0,0,0,0,0,0,0,0,0,0,0.480180022372054,0,0,0,0,0,0,0,0,0,0,0,0,0,0,0,0,0,0,0,0,0,0,0,0,0,0,0.335782176416497,0.322414547344463,0,0.426315191093572,0.296007172294929,0.391119635573267,0,0,0.125806868251543,0,0,0,0
0,0,0,0,0,0,0,0,0,0,0,0,0,0,0,0,0,0,0,0,0,0,0,0,0,0,0,0,0,0,0,0.317722598063227,0,0.140151180326939,0.174654256552458,0.141007352058448,0.175377579018978,0,0,0,0,0,0,0,0,0,0,0.490677551389203,0,0,0,0,0,0,0,0,0,0,0,0,0,0,0,0,0,0,0,0,0,0,0,0,0,0,0.2247037236725,0.379465782197297,0,0.25841277009911,0.170703240475076,0.33795810470378,0,0,0.173234713309814,0,0,0,0
0,0,0,0,0,0,0,0,0,0,0,0,0,0,0,0,0,0,0,0,0,0,0,0,0,0,0,0,0,0,0,0.21426605113915,0.140151180326939,0,0.217765427114051,0.146312954525153,0,0.173056058585644,0.437364742159843,0,0,0,0.563267803192139,0,0,0,0,0.523329285098546,0.591669273376465,0,0,0,0,0,0,0,0,0,0,0,0,0,0,0,0,0,0,0,0,0,0,0,0,0,0.254377964138985,0.432961770466396,0.274078930819958,0.252934125587196,0.310609918629581,0.380891477210181,0.344562389232494,0.486605239714064,0.198372227011942,0,0.591080245104703,0,0
0,0,0,0,0,0,0,0,0,0,0,0,0,0,0,0,0,0,0,0,0,0,0,0,0,0,0,0,0,0,0,0.21489505469799,0.174654256552458,0.217765427114051,0,0,0.173043970018625,0.181877364963293,0.190492467392211,0,0,0,0,0,0,0,0,0.366907279070159,0,0.430312976241112,0,0,0,0,0,0,0,0,0,0,0,0,0,0,0,0,0,0,0,0,0,0,0,0,0,0.274820153601468,0.257302485944798,0.253854232941084,0,0.40636420249939,0.3369696029162,0.199859489365058,0.175849585225118,0,0,0,0
0,0,0,0,0,0,0,0,0,0,0,0.180406256906084,0,0,0,0,0,0,0,0.191794084620264,0,0,0,0,0,0,0,0,0,0,0,0.325217808405645,0.141007352058448,0.146312954525153,0,0,0.169484176502693,0.151834069925275,0.15526379602296,0.178465176128342,0.251544997096062,0,0,0,0,0.182192169484638,0.187984608113766,0.442759101553787,0.216219191749891,0.273283655670556,0,0,0,0,0,0,0,0.192918143988604,0,0,0,0,0.182555143920512,0,0,0,0,0,0,0,0,0,0,0,0.222907335032635,0.172174484026237,0.225103249152501,0,0.198700192519436,0.256142663571814,0.155611502243798,0,0.177036380245035,0.24852584762379,0.218885569908732,0,0
0,0,0,0,0.0978677070566586,0,0.147431902587414,0,0,0,0.164946863055229,0,0,0,0,0,0,0,0,0,0.199122010877258,0,0,0,0,0,0,0,0,0,0,0.254886057445479,0.175377579018978,0,0.173043970018625,0.169484176502693,0,0,0.15756018380462,0.177465071536113,0.183828270828663,0,0,0,0,0.188864360253016,0.176352359953968,0.455077726709641,0.193796587751267,0.247550287180477,0,0,0,0,0,0,0,0,0,0,0,0,0,0.185403794909899,0,0,0,0,0,0,0,0,0,0,0.16489625748644,0.192703052714307,0,0,0.186800151408869,0.189587542880466,0,0.152731668949127,0.177804867194917,0.2673912370952,0.193117870762944,0,0
0,0,0,0,0,0,0,0,0,0.180710764520842,0,0.209560793381865,0,0,0,0,0,0,0,0.165974809961804,0,0.215068593275863,0,0.227131188156442,0,0,0,0,0,0.238919461844489,0,0,0,0.173056058585644,0.181877364963293,0.151834069925275,0,0,0.244428860242309,0,0,0,0.436318755974411,0,0,0,0,0.4748880381536,0.554470698719155,0.348005659142999,0,0,0,0,0,0.237564103029738,0,0.207661389419348,0,0,0,0,0.161221209788482,0,0.27959486251969,0.47085452824831,0.251913956743062,0,0.268314607938131,0,0,0,0.22213370753419,0,0,0,0.19640626013279,0.184636004198165,0.164087217603181,0,0.238398376370205,0.291189041838311,0.244376756837518,0.159528903663158,0.494045988632943,0,0
0,0,0,0,0,0,0,0,0,0,0.201043465905465,0,0,0,0,0,0,0,0,0,0.181829307956257,0.195510864257812,0.192849831271172,0,0.182917927655409,0,0,0,0.191563911644029,0,0,0,0,0.437364742159843,0.190492467392211,0.15526379602296,0.15756018380462,0.244428860242309,0,0,0,0,0.197688381461536,0,0,0,0.289649188518524,0.444187891089691,0.287850252499706,0,0,0,0,0,0,0,0,0,0,0,0,0,0,0.279889805799853,0,0.238225329425428,0,0.228973091053819,0,0,0,0.219310064938399,0,0,0,0,0.345040471071289,0.17185461272796,0.150146921475728,0.171597898569928,0.344617062856343,0.206979646741976,0.192001559722475,0.199326636350673,0.239541413703,0,0
0,0,0,0,0,0,0,0,0,0,0,0,0,0,0,0,0,0.163468480110168,0.179378649840752,0,0,0,0,0,0,0,0,0,0,0,0,0,0,0,0,0.178465176128342,0.177465071536113,0,0,0,0.247316958675594,0.240881894913662,0.166813656687737,0,0,0.186920776195301,0.200234627834073,0.326225382728236,0.283572554588318,0.241805784214778,0,0,0,0,0,0,0,0.237275794148445,0,0,0,0,0.205560720462388,0,0,0,0,0,0,0,0,0,0.224358302386565,0,0.211001560091972,0,0,0,0.209482664527361,0.223940116116556,0.193113489525325,0,0.191449864241092,0,0.263068380418344,0.216216233558953,0
0,0,0,0,0,0,0,0,0,0,0,0,0,0,0,0,0.17868630339702,0.166736751794815,0.171263921008983,0,0,0,0,0,0,0,0,0,0,0,0,0,0,0,0,0.251544997096062,0.183828270828663,0,0,0.247316958675594,0,0.148766256868839,0.29379292113474,0,0.401523321866989,0.207988684376081,0.249895273319808,0.244339584420293,0.1726677581013,0.243380752994734,0,0,0,0,0,0,0.243275662263234,0,0,0,0,0,0,0.223686151221903,0,0,0,0,0,0,0,0,0,0.213148279278451,0,0.200878530740738,0,0,0.268897622217119,0.179321095067752,0,0.20013239426077,0.178944628685713,0,0.244015399481131,0,0
0,0.227943098019151,0,0,0,0,0,0,0,0,0,0,0,0,0,0,0.140724286075356,0.15242142205437,0.17271484994983,0,0,0,0,0,0,0,0,0,0,0,0,0,0,0,0,0,0,0,0,0.240881894913662,0.148766256868839,0,0.146114053090973,0.312948339554683,0,0.29767171197676,0,0.289032816886902,0,0.286820182847416,0,0,0,0,0,0,0,0.280178727737187,0,0,0,0,0.30071070665216,0,0,0,0,0,0,0,0,0,0.256911525599145,0,0,0,0,0,0.258975760781958,0,0.283403613749956,0,0.184298764301562,0,0.284734366404261,0.229016489399293,0.131204084113792
0.146503410405583,0,0,0,0,0,0,0,0,0,0,0,0,0,0,0,0.185931024634663,0.142009980148739,0.163042199750495,0,0,0,0,0,0,0,0,0,0,0,0,0,0,0.563267803192139,0,0,0,0.436318755974411,0.197688381461536,0.166813656687737,0.29379292113474,0.146114053090973,0,0.132197618484497,0.282557047837603,0,0.411317459383949,0.417607013229281,0.316041411155038,0.314859165576847,0,0,0,0,0,0,0.254107263966252,0,0,0,0,0,0,0.2757298797369,0,0,0,0,0,0,0,0,0,0.24384415995593,0,0,0.546047291585377,0,0.175446238149615,0.262627840261501,0.458206939101219,0.24092871434194,0.224881149133046,0,0.27258946464426,0.171506404876709,0.165128868688777
0,0,0,0,0,0,0,0,0,0,0,0,0,0,0,0,0.169684052467346,0,0.241582387209644,0,0,0,0,0,0,0,0,0,0,0,0,0,0,0,0,0,0,0,0,0,0,0.312948339554683,0.132197618484497,0,0,0.358446463942528,0,0,0,0,0,0,0,0,0,0,0,0,0,0,0,0,0.357992649078369,0,0,0,0,0,0,0,0,0,0,0,0,0,0,0,0.40713832247464,0,0,0,0.205716034525061,0.254769623279572,0.309285233524664,0.224372100304155,0
0,0,0,0,0,0,0,0,0,0,0,0,0,0,0,0,0.210402871171633,0,0.194848918691278,0,0,0,0,0,0,0,0,0,0,0,0,0,0,0,0,0,0,0,0,0,0.401523321866989,0,0.282557047837603,0,0,0,0.297991414864858,0,0,0,0,0,0,0,0,0,0,0,0,0,0,0,0,0,0,0,0,0,0,0,0,0,0,0,0,0,0,0,0,0.37124133922837,0,0,0.231415829580763,0,0.271041954012011,0,0.179279394447803
0,0,0,0,0,0,0,0,0,0,0,0,0,0,0,0,0,0,0.168680850416422,0,0,0,0,0,0,0,0,0,0,0,0,0,0,0,0,0.182192169484638,0.188864360253016,0,0,0.186920776195301,0.207988684376081,0.29767171197676,0,0.358446463942528,0,0,0.218630447983742,0,0,0.255774907767773,0,0,0,0,0,0,0,0,0,0,0,0,0.180822029674404,0,0,0,0,0,0,0,0,0,0.261560201644897,0,0,0,0,0,0.171348260456349,0.230120677500963,0.265742580095927,0,0.198441974818707,0,0.233203231922528,0.386208638548851,0
0,0,0,0,0,0,0,0,0,0,0.287689924240112,0,0,0,0,0,0,0,0,0,0.285119245449702,0,0,0,0,0,0,0,0,0,0,0,0,0,0,0.187984608113766,0.176352359953968,0,0.289649188518524,0.200234627834073,0.249895273319808,0,0.411317459383949,0,0.297991414864858,0.218630447983742,0,0,0.171121106379562,0.187141512831052,0,0,0,0,0,0,0.247190300966131,0,0,0,0,0,0,0.183034308247178,0,0,0,0,0,0,0,0,0,0.282241686138996,0,0,0,0,0.219390246706704,0.265656498546111,0,0.298489029037541,0.290798376515969,0,0.263329577642737,0,0.232533559203148
0,0,0,0,0,0,0,0,0,0,0,0,0,0,0,0,0,0,0,0,0,0,0,0,0,0,0,0,0,0,0,0.480180022372054,0.490677551389203,0.523329285098546,0.366907279070159,0.442759101553787,0.455077726709641,0.4748880381536,0.444187891089691,0.326225382728236,0.244339584420293,0.289032816886902,0.417607013229281,0,0,0,0,0,0.237976029583558,0.26165806421224,0,0,0,0,0,0,0,0,0,0,0,0,0,0,0.457253813743591,0.430238246917725,0,0,0,0,0,0,0.312117543071508,0.322472224632899,0.351437196275691,0.319749493555681,0.428515028597704,0.384154628299869,0.405519549225514,0.377861795634227,0.433590095381981,0.476346940684378,0.35151319722603,0,0.447560874832109,0,0
0.135395228862762,0,0.130584908825047,0,0,0,0,0,0.139221038669348,0,0,0,0,0,0,0,0,0,0,0,0,0,0,0,0.269940661131472,0,0,0,0,0,0,0,0,0.591669273376465,0,0.216219191749891,0.193796587751267,0.554470698719155,0.287850252499706,0.283572554588318,0.1726677581013,0,0.316041411155038,0,0,0,0.171121106379562,0.237976029583558,0,0.307882472383622,0,0,0,0,0.135476229919328,0,0.262818905711174,0,0,0,0,0,0,0,0,0.310763954982027,0,0.279556973203528,0,0.208277540178749,0,0.285167068243027,0.390006631612778,0.217469694053171,0,0.224756163720306,0.421210871802436,0,0.295463332699405,0.247393714519946,0.493167907111207,0.268189572962358,0.345232804496349,0,0.287672473373966,0,0
0,0.193260155045069,0,0.217178456485271,0,0,0,0,0,0.181898823806218,0,0,0,0,0,0,0,0,0,0,0,0,0,0.328733551231298,0,0,0,0,0,0,0,0,0,0,0.430312976241112,0.273283655670556,0.247550287180477,0.348005659142999,0,0.241805784214778,0.243380752994734,0.286820182847416,0.314859165576847,0,0,0.255774907767773,0.187141512831052,0.26165806421224,0.307882472383622,0,0,0,0,0,0,0.219800448015569,0,0.211976339311703,0,0.217608742415905,0,0,0,0,0.394836221073495,0.255237733324369,0.273136698847844,0,0.255103165140519,0,0.19986866414547,0,0.222608490836008,0.255936682224274,0.218545678212787,0,0.267794096469879,0,0.328398522828721,0.326258083263402,0.235264963124966,0.302093335675977,0.281841406329749,0,0.295617431980983,0.228382974863052,0
0,0,0,0,0.148524754238825,0,0,0,0,0,0,0,0,0,0.148764036595821,0,0,0,0,0,0,0,0,0,0,0,0,0,0,0,0,0,0,0,0,0,0,0,0,0,0,0,0,0,0,0,0,0,0,0,0,0,0,0,0,0,0,0,0,0,0,0,0,0,0,0,0,0,0,0,0,0,0,0,0,0,0,0,0,0,0,0,0.14140489293683,0,0,0,0
0,0,0,0,0,0.17944899881975,0,0.151299844594563,0,0,0,0,0,0.205731229348616,0,0.224719077348709,0,0,0,0.117844712734222,0,0,0,0,0,0,0,0,0,0,0,0,0,0,0,0,0,0,0,0,0,0,0,0,0,0,0,0,0,0,0,0,0,0,0,0,0,0.212624819080035,0,0.200056040757581,0,0.189722215135892,0,0,0,0,0,0,0,0,0,0,0,0,0,0,0,0,0,0,0,0,0.1704583771457,0.195936980346839,0,0,0
0,0,0,0,0,0,0.175976287041392,0,0,0,0,0,0,0,0,0,0,0,0,0,0,0,0,0,0,0,0,0,0,0,0,0,0,0,0,0,0,0,0,0,0,0,0,0,0,0,0,0,0,0,0,0,0,0,0,0,0,0,0,0,0,0,0,0,0,0,0,0,0,0,0,0,0,0,0,0,0,0,0,0,0,0,0.180552742532676,0,0,0,0
0,0,0,0,0,0,0,0.152625525764611,0,0,0,0,0,0.188776656985283,0,0,0,0,0,0.168320909142494,0,0,0,0,0,0,0,0,0,0,0,0,0,0,0,0,0,0,0,0,0,0,0,0,0,0,0,0,0,0,0,0,0,0,0,0,0,0,0,0,0,0,0,0,0,0,0,0,0,0,0,0,0,0,0,0,0,0,0,0,0,0,0.160881114819208,0,0,0,0
0.133283780089446,0,0,0,0.126447761741777,0,0,0,0.142128899494475,0,0,0,0,0,0.138379182327877,0,0,0,0,0,0,0,0,0,0.112864337861538,0,0,0,0,0,0,0,0,0,0,0,0,0,0,0,0,0,0,0,0,0,0,0,0.135476229919328,0,0,0,0,0,0,0,0,0,0,0,0,0,0,0,0,0,0,0,0,0,0,0,0,0,0,0,0,0,0,0,0,0,0.153318756136236,0.157312611636427,0,0,0
0,0.187722616318253,0,0.123355992138386,0,0.142665135751077,0,0,0,0.207209114509169,0,0,0,0,0,0,0,0,0,0,0,0,0,0.241344475692698,0,0,0,0,0,0,0,0,0,0,0,0,0,0.237564103029738,0,0,0,0,0,0,0,0,0,0,0,0.219800448015569,0,0,0,0,0,0,0,0,0,0,0,0.200090866736186,0,0,0,0,0.244519357289918,0,0.184021154046059,0,0,0,0,0,0,0,0,0,0,0,0.286741616825263,0,0.147441072389483,0.229368135333061,0.199024663822918,0,0
0,0,0,0,0,0,0.159293192625046,0,0,0,0.205334393588524,0,0.229332097855053,0,0,0,0,0,0,0,0.257106599211693,0,0,0,0,0,0,0,0,0,0,0,0,0,0,0,0,0,0,0,0.243275662263234,0,0.254107263966252,0,0,0,0.247190300966131,0,0.262818905711174,0,0,0,0,0,0,0,0,0,0.225320990549193,0,0,0,0,0.281211483808635,0,0,0,0,0,0,0,0.270509202692701,0,0.255781836807728,0,0,0,0,0,0.230825444062551,0,0.21331425011158,0.199422735330861,0,0.277044410719812,0,0.274454310536385
0,0,0,0.205308719641632,0,0,0,0.175700827417049,0,0,0,0.187100936251712,0,0.236066452829548,0,0,0,0,0,0.164977627260261,0,0,0,0,0,0,0,0.234457205325253,0,0.189889471445765,0,0,0,0,0,0.192918143988604,0,0.207661389419348,0,0.237275794148445,0,0.280178727737187,0,0,0,0,0,0,0,0.211976339311703,0,0.212624819080035,0,0,0,0,0,0,0,0.212646611187226,0,0.182280734181404,0.22993970769423,0,0,0,0,0,0,0,0.232299760899669,0,0.22734046881694,0,0,0,0,0,0.185291119710062,0,0.23643076557335,0,0.188499192177695,0.21302199974702,0.256897418712646,0.255164975424608,0
0,0,0,0,0,0,0.183325435788859,0,0,0,0.234300243848262,0,0.211681851406387,0,0,0,0,0,0,0,0,0,0,0,0,0,0,0,0.236841803522614,0,0,0,0,0,0,0,0,0,0,0,0,0,0,0,0,0,0,0,0,0,0,0,0,0,0,0,0.225320990549193,0,0,0,0,0,0,0,0,0,0,0,0,0,0,0.23541430135568,0,0,0,0,0,0,0,0,0,0,0.210580133440423,0.201448600400578,0,0,0
0,0.151459894246525,0,0.185242882370949,0,0.210729246338209,0,0.173913463403781,0,0,0,0.220536516768526,0,0.192909137380046,0,0.216550037264824,0,0,0,0,0,0,0,0,0,0,0,0.16284498223599,0,0,0,0,0,0,0,0,0,0,0,0,0,0,0,0,0,0,0,0,0,0.217608742415905,0,0.200056040757581,0,0,0,0,0,0.212646611187226,0,0,0,0.180925192558776,0,0,0,0,0,0,0,0,0.215251990209738,0,0,0,0,0,0,0,0,0,0,0,0.213503232687658,0.221186802467911,0,0,0
0,0,0,0,0,0,0,0,0,0,0,0,0,0,0,0,0,0,0,0,0,0,0,0,0,0,0,0,0,0,0,0,0,0,0,0,0,0,0,0,0,0,0,0,0,0,0,0,0,0,0,0,0,0,0,0,0,0,0,0,0,0,0,0,0,0,0,0,0,0,0,0,0,0,0,0,0,0,0,0,0,0,0,0,0,0,0
0,0.16567736031378,0,0.171605296432972,0,0.193023971640147,0,0,0,0.160217752059301,0,0,0,0.227911461889744,0,0.220913514556218,0,0,0,0,0,0,0,0.167920336127281,0,0,0,0,0,0,0,0,0,0,0,0,0,0,0,0,0,0,0,0,0,0,0,0,0,0,0,0.189722215135892,0,0,0,0.200090866736186,0,0.182280734181404,0,0.180925192558776,0,0,0,0,0,0,0.187857642769814,0,0,0,0,0,0,0,0,0,0,0,0,0,0,0,0.220696636676248,0.212591026197462,0,0,0
0,0,0,0,0,0,0,0,0,0,0,0.186777986303607,0,0,0,0,0,0,0,0.181320620700717,0,0,0,0,0,0,0,0,0,0,0,0,0,0,0,0.182555143920512,0,0.161221209788482,0,0.205560720462388,0,0.30071070665216,0,0.357992649078369,0,0.180822029674404,0,0,0,0,0,0,0,0,0,0,0,0.22993970769423,0,0,0,0,0,0,0,0,0,0,0,0,0,0,0.287503654758135,0,0,0,0,0,0.179743835832296,0,0.233862737823948,0,0.163440786419422,0,0.273538856980904,0.339693666680863,0
0,0,0,0,0,0,0,0,0,0,0.224682196292258,0,0,0,0,0,0,0,0,0,0.225973225014414,0,0,0,0,0,0,0,0,0,0.269010345141093,0,0,0,0,0,0.185403794909899,0,0.279889805799853,0,0.223686151221903,0,0.2757298797369,0,0,0,0.183034308247178,0,0,0,0,0,0,0,0,0,0.281211483808635,0,0,0,0,0,0,0,0,0,0,0,0,0,0,0.243304437647263,0,0.301746820074893,0,0,0,0,0,0.225777960161727,0,0.295116392007241,0,0,0.281902573162016,0,0
0,0,0,0,0,0,0,0,0,0,0,0,0,0,0,0,0,0,0,0,0,0.211064346603139,0.108680747449398,0.117854644854863,0,0,0,0.184726481520852,0,0,0,0,0,0,0,0,0,0.27959486251969,0,0,0,0,0,0,0,0,0,0.457253813743591,0,0.394836221073495,0,0,0,0,0,0,0,0,0,0,0,0,0,0,0,0,0,0,0.233375087380409,0,0.233234056168132,0,0,0,0,0,0,0,0,0,0.378333393411651,0.458896547555923,0.17830563157235,0.205685573646881,0,0,0
0,0,0,0,0,0,0,0,0,0,0,0,0,0,0,0,0,0,0,0,0,0.177544455370307,0.205086819911021,0,0,0,0,0,0.215758377576576,0,0,0,0,0,0,0,0,0.47085452824831,0.238225329425428,0,0,0,0,0,0,0,0,0.430238246917725,0.310763954982027,0.255237733324369,0,0,0,0,0,0,0,0,0,0,0,0,0,0,0,0,0,0,0,0.206324234604836,0,0.218968356999901,0,0,0,0,0.40608012676239,0,0,0,0.370848834514618,0.339318177868835,0.195040917467103,0.23599980866986,0.406545386649668,0,0
0,0.226826312286513,0,0,0,0,0,0,0,0.223545832766427,0,0,0,0,0,0,0,0,0,0,0,0.167150041231742,0,0.207251135602685,0,0,0,0,0,0,0,0,0,0,0,0,0,0.251913956743062,0,0,0,0,0,0,0,0,0,0,0,0.273136698847844,0,0,0,0,0,0.244519357289918,0,0,0,0,0,0.187857642769814,0,0,0,0,0,0,0.205309805592388,0,0.283165268599987,0,0,0,0,0,0,0,0,0,0.307245526104972,0,0.150673012419413,0,0.28636341471717,0,0
0,0,0,0,0,0,0,0,0.131066501140594,0,0,0,0,0,0,0,0,0,0,0,0,0,0,0,0.232439846584671,0,0,0,0,0,0,0,0,0,0,0,0,0,0.228973091053819,0,0,0,0,0,0,0,0,0,0.279556973203528,0,0,0,0,0,0,0,0,0,0,0,0,0,0,0,0,0,0,0,0,0.226898864975997,0,0,0,0,0,0,0,0,0,0,0,0.209432740695775,0.152898944476072,0,0.298261091930454,0,0
0,0,0,0,0,0,0,0,0,0,0,0,0,0,0,0,0,0,0,0,0,0,0,0.1548430159688,0,0.171472281217575,0,0,0,0,0,0,0,0,0,0,0,0.268314607938131,0,0,0,0,0,0,0,0,0,0,0,0.255103165140519,0,0,0,0,0,0.184021154046059,0,0,0,0,0,0,0,0,0.233375087380409,0,0.205309805592388,0,0,0,0.257059193053446,0,0,0,0,0,0,0,0,0,0.266602250436942,0,0.18881593644619,0,0.251988352699713,0,0
0,0,0,0,0,0,0,0,0,0,0,0,0,0,0,0,0,0,0,0,0,0,0.189871216772503,0,0,0,0.18504951570345,0,0.190428090303443,0,0,0,0,0,0,0,0,0,0,0,0,0,0,0,0,0,0,0,0.208277540178749,0,0,0,0,0,0,0,0,0,0,0,0,0,0,0,0,0.206324234604836,0,0.226898864975997,0,0,0,0.216391860785023,0,0,0,0,0,0,0,0,0,0,0,0,0.266325763293675,0,0
0,0,0,0,0,0,0,0,0,0,0,0.229229853304471,0,0.212399502284825,0,0,0,0,0,0,0,0.189464490001018,0,0,0,0.185241058468819,0,0.20878444149715,0,0.199943139106082,0,0,0,0,0,0,0,0,0,0,0,0,0,0,0,0,0,0,0,0.19986866414547,0,0,0,0,0,0,0,0.232299760899669,0,0.215251990209738,0,0,0,0,0.233234056168132,0,0.283165268599987,0,0.257059193053446,0,0,0,0.151131349623203,0,0,0,0,0,0,0,0,0,0.210508006624877,0.191911451518536,0,0,0
0,0,0,0,0,0,0,0,0,0,0,0,0.249447365376082,0,0,0,0,0,0,0,0,0,0.217810606252872,0,0,0,0,0,0.204720167218767,0,0.201717421412468,0,0,0,0,0,0,0,0.219310064938399,0,0,0,0,0,0,0,0,0,0.285167068243027,0,0,0,0,0,0,0,0.270509202692701,0,0.23541430135568,0,0,0,0,0.243304437647263,0,0.218968356999901,0,0,0,0.216391860785023,0,0,0,0.20803687274456,0,0,0,0,0,0,0,0.308958619832993,0.197408282668953,0,0.239964440464973,0,0
0,0,0,0,0,0,0,0,0,0,0,0.190741779060284,0,0,0,0,0,0,0,0.143440797924995,0,0,0,0,0,0,0,0.230481985365522,0,0.219107892387991,0,0,0,0,0,0,0,0.22213370753419,0,0.224358302386565,0,0.256911525599145,0,0,0,0.261560201644897,0,0.312117543071508,0.390006631612778,0.222608490836008,0,0,0,0,0,0,0,0.22734046881694,0,0,0,0,0.287503654758135,0,0,0,0,0,0,0,0.151131349623203,0,0,0,0,0,0,0,0.225882473486391,0,0.282275612601502,0.396896973252296,0.186766674617926,0,0.25316682697269,0.242246845620019,0
0,0,0,0,0,0,0,0,0,0,0,0,0,0,0,0,0,0,0,0,0.281757617709022,0,0,0,0,0,0,0,0.190580444793179,0,0.171450352727972,0,0,0,0,0,0,0,0,0,0.213148279278451,0,0.24384415995593,0,0,0,0.282241686138996,0.322472224632899,0.217469694053171,0.255936682224274,0,0,0,0,0,0,0.255781836807728,0,0,0,0,0,0,0.301746820074893,0,0,0,0,0,0,0,0.20803687274456,0,0,0,0,0,0,0,0.212336905780485,0.380763411521912,0.254710982610282,0.223813614497582,0,0.25630287001297,0,0.264704577624798
0,0,0,0,0,0,0,0,0,0,0,0,0,0,0,0,0,0,0,0,0,0,0,0,0,0,0,0,0,0,0,0.335782176416497,0.2247037236725,0.254377964138985,0,0.222907335032635,0.16489625748644,0,0,0.211001560091972,0,0,0,0,0,0,0,0.351437196275691,0,0.218545678212787,0,0,0,0,0,0,0,0,0,0,0,0,0,0,0,0,0,0,0,0,0,0,0,0,0,0.267914878565016,0.289808201902712,0.351527765393257,0.2644290036008,0.226113957377662,0,0.293316662311554,0.150325039982342,0,0,0,0
0,0,0,0,0,0,0,0,0,0,0,0,0,0,0,0,0,0,0,0,0,0,0,0,0,0,0,0,0,0,0,0.322414547344463,0.379465782197297,0.432961770466396,0.274820153601468,0.172174484026237,0.192703052714307,0,0,0,0.200878530740738,0,0,0,0,0,0,0.319749493555681,0.224756163720306,0,0,0,0,0,0,0,0,0,0,0,0,0,0,0,0,0,0,0,0,0,0,0,0,0,0.267914878565016,0,0,0.282136357278404,0.266650128377085,0.267833278558284,0,0,0.178787146350236,0,0,0,0
0,0,0,0,0,0,0,0,0,0,0,0,0,0,0,0,0,0,0,0,0,0,0,0,0,0,0,0,0,0,0,0,0,0.274078930819958,0.257302485944798,0.225103249152501,0,0.19640626013279,0.345040471071289,0,0,0,0.546047291585377,0,0,0,0,0.428515028597704,0.421210871802436,0.267794096469879,0,0,0,0,0,0,0,0,0,0,0,0,0,0,0,0.40608012676239,0,0,0,0,0,0,0,0,0.289808201902712,0,0,0.197079724722647,0.264475155903512,0.297474503517151,0.414189880988637,0.427918508648872,0.222479216541563,0,0.537947546690702,0,0
0,0,0,0,0,0,0,0,0,0,0,0,0,0,0,0,0,0,0,0,0,0,0,0,0,0,0,0,0,0,0,0.426315191093572,0.25841277009911,0.252934125587196,0.253854232941084,0,0,0.184636004198165,0.17185461272796,0,0,0,0,0,0,0,0,0.384154628299869,0,0,0,0,0,0,0,0,0,0,0,0,0,0,0,0,0,0,0,0,0,0,0,0,0,0,0.351527765393257,0.282136357278404,0.197079724722647,0,0.336567644919119,0.313049495220184,0.187688105292734,0.178434048275479,0.169524924973597,0,0,0,0
0,0,0,0,0,0,0,0,0,0,0,0.174936894580956,0,0,0,0,0.170375092575947,0.182765777294452,0.187975321263704,0.191970535895051,0,0,0,0,0,0,0,0,0,0,0,0.296007172294929,0.170703240475076,0.310609918629581,0,0.198700192519436,0.186800151408869,0.164087217603181,0.150146921475728,0.209482664527361,0.268897622217119,0.258975760781958,0.175446238149615,0.40713832247464,0,0.171348260456349,0.219390246706704,0.405519549225514,0.295463332699405,0.328398522828721,0,0,0,0,0,0,0,0.185291119710062,0,0,0,0,0.179743835832296,0,0,0,0,0,0,0,0,0,0.225882473486391,0,0.2644290036008,0.266650128377085,0.264475155903512,0.336567644919119,0,0.287144988615026,0.197796123686121,0,0.175843135376874,0.24442832930423,0.31982396525157,0.363198313092397,0.177536368370056
0,0,0,0,0,0,0,0,0,0,0.17856752499938,0,0,0,0,0,0.181829457481702,0,0.180942120030522,0,0.204227955771263,0,0,0,0,0,0,0,0,0,0,0.391119635573267,0.33795810470378,0.380891477210181,0.40636420249939,0.256142663571814,0.189587542880466,0,0.171597898569928,0.223940116116556,0.179321095067752,0,0.262627840261501,0,0.37124133922837,0.230120677500963,0.265656498546111,0.377861795634227,0.247393714519946,0.326258083263402,0,0,0,0,0,0,0.230825444062551,0,0,0,0,0,0,0.225777960161727,0,0,0,0,0,0,0,0,0,0.212336905780485,0.226113957377662,0.267833278558284,0.297474503517151,0.313049495220184,0.287144988615026,0,0,0.234580987569098,0.181445578324359,0.262849365832626,0.267466714481786,0,0.185086622834206
0,0,0,0,0,0,0,0,0,0.221095445659734,0,0.205695701698527,0,0,0,0,0,0,0,0.162491601508696,0,0.224556797713626,0,0.235734529197552,0,0,0,0,0,0.235879507025375,0,0,0,0.344562389232494,0.3369696029162,0.155611502243798,0,0.238398376370205,0.344617062856343,0.193113489525325,0,0.283403613749956,0.458206939101219,0,0,0.265742580095927,0,0.433590095381981,0.493167907111207,0.235264963124966,0,0,0,0,0,0.286741616825263,0,0.23643076557335,0,0,0,0,0.233862737823948,0,0.378333393411651,0.370848834514618,0.307245526104972,0,0.266602250436942,0,0,0,0.282275612601502,0.380763411521912,0,0,0.414189880988637,0.187688105292734,0.197796123686121,0,0,0.486261289786484,0.217974883386863,0.176703376695514,0.297511783502996,0.272889028276716,0
0,0,0,0,0,0,0,0,0,0,0.184267332282247,0,0,0,0,0,0,0,0,0,0.199132336185951,0,0.203601393648373,0,0.186406910917206,0,0,0,0.208890348672867,0,0,0,0,0.486605239714064,0.199859489365058,0,0.152731668949127,0.291189041838311,0.206979646741976,0,0.20013239426077,0,0.24092871434194,0,0,0,0.298489029037541,0.476346940684378,0.268189572962358,0.302093335675977,0,0,0,0,0,0,0.21331425011158,0,0,0,0,0,0,0.295116392007241,0.458896547555923,0.339318177868835,0,0.209432740695775,0,0,0,0.308958619832993,0.396896973252296,0.254710982610282,0.293316662311554,0,0.427918508648872,0.178434048275479,0,0.234580987569098,0.486261289786484,0,0.258473755017861,0.188106980461341,0.295486125482953,0,0.284716814756393
0.145825438112199,0.155513331350934,0.0948489515641548,0.0722402021827468,0.136404166661436,0.157342696224724,0.168148842837129,0.167655205448805,0.150877812323443,0.166520887101314,0.2050109595134,0.203100666507974,0.22376171537375,0.222368231182483,0.160831480584246,0.240372584778288,0.115922374258999,0.165520287509583,0.207217691920802,0.159988282455338,0,0.242864224135767,0.21117707986278,0.15504385466161,0.12554252724112,0,0,0.197804906151511,0.193372503930672,0.184573820233345,0.193486554755105,0.125806868251543,0.173234713309814,0.198372227011942,0.175849585225118,0.177036380245035,0.177804867194917,0.244376756837518,0.192001559722475,0.191449864241092,0.178944628685713,0.184298764301562,0.224881149133046,0.205716034525061,0.231415829580763,0.198441974818707,0.290798376515969,0.35151319722603,0.345232804496349,0.281841406329749,0.14140489293683,0.1704583771457,0.180552742532676,0.160881114819208,0.153318756136236,0.147441072389483,0.199422735330861,0.188499192177695,0.210580133440423,0.213503232687658,0,0.220696636676248,0.163440786419422,0,0.17830563157235,0.195040917467103,0.150673012419413,0.152898944476072,0.18881593644619,0,0.210508006624877,0.197408282668953,0.186766674617926,0.223813614497582,0.150325039982342,0.178787146350236,0.222479216541563,0.169524924973597,0.175843135376874,0.181445578324359,0.217974883386863,0.258473755017861,0,0.245517760484946,0.228463753463645,0.185219038277864,0.157091211591157
0.15229068969337,0,0,0,0.227357998490334,0.240438245914199,0,0.217890766050134,0.173739917396347,0.229268345567915,0,0.210181096775149,0,0.228293995084656,0,0.211751802387286,0,0.202573731541634,0.169661614249964,0,0,0.323893161316606,0.293779746790465,0,0,0,0,0.171356357421194,0,0,0,0,0,0,0,0.24852584762379,0.2673912370952,0.159528903663158,0.199326636350673,0,0,0,0,0.254769623279572,0,0,0,0,0,0,0,0.195936980346839,0,0,0.157312611636427,0.229368135333061,0,0.21302199974702,0.201448600400578,0.221186802467911,0,0.212591026197462,0,0,0.205685573646881,0.23599980866986,0,0,0,0,0.191911451518536,0,0,0,0,0,0,0,0.24442832930423,0.262849365832626,0.176703376695514,0.188106980461341,0.245517760484946,0,0.270206693623747,0,0
0.161377818331677,0.159750528480425,0.165087667504145,0.228251680731773,0,0.05863749794662,0,0,0,0.154889342542305,0.296224559346835,0,0,0,0,0,0.177216958541137,0.158887671306729,0.234914067790344,0,0.270636465528916,0,0,0.346390864831938,0.266465507593809,0,0,0,0,0,0,0,0,0.591080245104703,0,0.218885569908732,0.193117870762944,0.494045988632943,0.239541413703,0.263068380418344,0.244015399481131,0.284734366404261,0.27258946464426,0.309285233524664,0.271041954012011,0.233203231922528,0.263329577642737,0.447560874832109,0.287672473373966,0.295617431980983,0,0,0,0,0,0.199024663822918,0.277044410719812,0.256897418712646,0,0,0,0,0.273538856980904,0.281902573162016,0,0.406545386649668,0.28636341471717,0.298261091930454,0.251988352699713,0.266325763293675,0,0.239964440464973,0.25316682697269,0.25630287001297,0,0,0.537947546690702,0,0.31982396525157,0.267466714481786,0.297511783502996,0.295486125482953,0.228463753463645,0.270206693623747,0,0.364515031752383,0.220060788820409
0,0,0,0,0,0,0,0,0,0,0,0,0,0,0,0,0,0.180616883670582,0.190047797164306,0,0,0,0,0,0,0,0,0,0,0,0,0,0,0,0,0,0,0,0,0.216216233558953,0,0.229016489399293,0.171506404876709,0.224372100304155,0,0.386208638548851,0,0,0,0.228382974863052,0,0,0,0,0,0,0,0.255164975424608,0,0,0,0,0.339693666680863,0,0,0,0,0,0,0,0,0,0.242246845620019,0,0,0,0,0,0.363198313092397,0,0.272889028276716,0,0.185219038277864,0,0.364515031752383,0,0
0,0,0.226472094655037,0,0,0,0,0,0,0,0,0,0,0,0,0,0.177998271465302,0.149850239356359,0.158457434869238,0,0,0,0,0,0,0,0,0,0,0,0,0,0,0,0,0,0,0,0,0,0,0.131204084113792,0.165128868688777,0,0.179279394447803,0,0.232533559203148,0,0,0,0,0,0,0,0,0,0.274454310536385,0,0,0,0,0,0,0,0,0,0,0,0,0,0,0,0,0.264704577624798,0,0,0,0,0.177536368370056,0.185086622834206,0,0.284716814756393,0.157091211591157,0,0.220060788820409,0,0
