0,49.9834472949688,8.25132285644268,60.2524261474609,0,0,0,0,8.05033348789095,53.1465867360433,0,0,0,0,14.0746843118583,51.0031661987305,25.6337651130728,37.8857001933922,18.0418705961677,0,0,0,0,0,0,0,12.6457646687826,0,0,0,0,0,0,0,0,68.9614000320435,0,0,0,0,0,25.523157119751,10.8557406902313,26.9602801799774,23.7387697513287,0,0,0,8.65179609385404,56.7940940856934,0,0,0,0,7.99463757480364,53.593433380127,0,0,0,0,8.33792834049318,0,0,19.2117118835449,0,0,0,7.19799137115479,0,7.00659619918977,0,0,0,0,0,0,0,0,61.1240968704224,0,0,0,20.6321058168968,37.4478499468635,8.29947467775721,0,3.38787066936493
49.9834472949688,0,45.828275680542,7.71748364454991,0,0,0,0,38.97236328125,9.82950482896944,0,0,0,0,0,12.709713728,40.6411195966933,22.8866161789213,20.6236105576105,0,0,0,0,0,0,0,0,0,0,0,0,0,0,0,0,0,0,0,0,0,0,5.32062847797687,0,7.70475387573242,18.0149078369141,0,0,0,56.7922859191895,5.77268781661987,0,0,0,0,47.2651019096375,8.23347693547086,0,3.37691569328308,0,0,48.2630386352539,10.8115012483163,0,0,0,0,5.79417775926136,0,0,0,0,0,0,0,0,0,0,0,0,0,0,0,15.6456504374358,13.5014944871267,7.57990053776772,5.35456491913257,0
8.25132285644268,45.828275680542,0,58.8559856414795,0,0,0,0,9.8529242784419,56.7358638218471,0,0,0,0,17.1901960372925,0,31.6079715588392,41.216854095459,23.616413510723,0,0,0,0,0,0,0,70.1993026733398,0,0,0,0,0,0,79.4054718017578,0,0,0,0,0,0,0,0,23.3321599593529,24.4224109649658,34.977765083313,0,8.3723450978597,0,4.84430385143199,0,0,0,0,0,13.7352778840948,0,0,0,0,0,12.0889802660261,61.1066093444824,0,8.748104653116,0,0,0,0,0,35.807975769043,0,0,0,0,0,0,0,0,61.0355949401855,16.5962573518144,0,0,21.8316612384386,58.7414894104004,6.69669347476959,40.1669731140137,9.48405170440674
60.2524261474609,7.71748364454991,58.8559856414795,0,0,0,0,0,37.631721496582,10.8990128810847,0,0,0,0,0,18.367909749349,43.8216386522566,24.6525846389727,22.3625730011198,0,0,0,0,0,0,0,0,0,0,0,0,0,0,0,0,6.31831169128418,0,0,0,0,0,10.5970351031569,0,0,0,7.61501983495859,0,0,0,4.39734985140078,0,0,0,0,0,10.7096366688488,0,0,0,0,53.1420478820801,18.5193452358246,11.6024861335754,0,0,0,0,0,0,0,0,0,0,0,0,0,0,0,12.0627299308777,0,0,0,13.5250706336686,21.0836474895477,5.60820347710518,12.0969091879355,0
0,0,0,0,0,0,0,0,0,0,0,0,0,0,0,0,0,0,0,0,0,0,0,0,0,0,0,0,0,0,0,0,0,0,0,0,0,0,0,0,0,0,0,0,0,0,0,0,0,0,0,0,0,0,0,0,0,0,0,0,0,0,0,0,0,0,0,0,0,0,0,0,0,0,0,0,0,0,0,0,0,0,0,0,0,0,0
0,0,0,0,0,0,0,0,0,3.94497556382037,0,0,0,0,0,0,0,0,23.7694463729858,3.01217872755868,0,0,0,0,0,0,0,0,0,0,0,0,0,0,0,0,0,0,0,0,0,0,0,0,0,0,0,0,0,0,0,0,0,0,37.7400894165039,7.66425132751465,0,0,0,0,0,0,0,0,0,0,0,0,0,0,0,0,0,0,0,0,0,0,0,0,0,0,8.4566358609633,7.37085657119751,0,0,0
0,0,0,0,0,0,0,0,0,0,0,0,0,0,0,0,0,0,0,0,3.91818690299988,0,0,0,0,0,0,0,0,0,0,0,0,0,0,0,0,0,0,0,0,0,0,0,0,0,0,0,0,0,0,0,0,0,0,0,0,0,0,0,0,0,0,0,0,0,0,0,0,0,0,0,0,0,0,0,0,0,0,0,0,0,3.1893649651454,0,0,0,0
0,0,0,0,0,0,0,0,0,0,0,0,0,0,0,0,0,0,0,0,0,0,0,0,0,0,0,0,0,0,0,0,0,0,0,0,0,0,0,0,0,0,0,0,0,0,0,0,0,0,0,0,0,0,0,0,0,0,0,0,0,0,0,0,0,0,0,0,0,0,0,0,0,0,0,0,0,0,0,0,0,0,0,0,0,0,0
8.05033348789095,38.97236328125,9.8529242784419,37.631721496582,0,0,0,0,0,41.9614682404891,0,0,0,0,5.7277179189691,56.7714252471924,15.7605102452182,39.0226444965456,22.3117911725585,0,0,0,0,0,6.41885647636193,0,13.4330817858378,0,0,0,0,0,0,0,0,73.0866394042969,71.8607482910156,83.464469909668,5.72072272228472,49.7586364746094,59.2104454040527,55.0959730148315,8.12432262800398,33.4568811144148,23.8304459115733,0,0,0,13.9410388767719,0,0,0,0,0,5.7045363195184,0,0,0,0,0,6.08826978666237,59.2319831848145,0,0,0,0,0,4.83248804027437,0,15.365344619751,0,0,0,0,0,0,0,0,69.5389836629232,75.4423853556315,105.131942749023,5.46935249277063,9.88376146288938,6.66147417986571,20.2193905428378,0,6.07869685579229
53.1465867360433,9.82950482896944,56.7358638218471,10.8990128810847,0,3.94497556382037,0,0,41.9614682404891,0,0,0,0,0,0,6.62693584300428,40.4578390032332,16.3274125468831,23.1102152887281,0,0,0,0,6.35640902519226,0,10.3456908543905,0,0,0,0,0,0,0,0,0,77.9562149047852,0,9.90538665735833,0,0,0,7.51206236174612,0,27.4511284828186,31.7412569382611,0,0,0,0,10.6186133304112,0,0,0,0,41.9009727478027,7.72279643354563,0,0,0,0,52.9390830993652,5.56885031599747,0,0,0,0,5.01366470837445,0,9.80286232062748,0,0,0,0,0,0,0,0,0,0,0,12.3241104002922,0,11.8053846286174,8.58708794703658,19.230856611031,6.80262041091919,0
0,0,0,0,0,0,0,0,0,0,0,0,0,0,0,0,0,0,0,0,4.44609004675624,0,0,0,0,0,0,0,2.74844574928284,0,4.53497592608134,0,0,0,0,0,4.24711469367698,0,3.86976761358944,0,0,0,0,0,0,0,19.1036338806152,0,17.8164539337158,0,0,0,0,0,0,0,4.2568221385177,0,3.66880982572382,0,0,0,0,5.88957733601595,0,0,0,0,0,0,0,0,0,6.21579585355871,0,0,0,0,0,0,0,7.58902019889731,3.90334476450438,0,0,0,0
0,0,0,0,0,0,0,0,0,0,0,0,0,3.87934692700704,0,0,0,0,29.0421333312988,4.83151129113526,0,0,0,0,0,0,0,7.84811848088315,0,9.69248874273349,0,0,0,0,0,29.3974495955876,0,3.75581859720164,0,27.1932201385498,0,34.392186164856,0,0,0,12.2311445417858,0,0,0,6.66687786579132,0,0,0,0,0,0,0,5.27260477479359,0,4.27430427074432,0,0,6.14180175293363,0,0,0,0,0,0,0,16.971813583374,0,7.46991253521905,0,0,0,0,0,42.5219612121582,0,9.23414634134127,0,4.23549302672125,2.73509109020233,17.1397959102284,11.107702255249,0
0,0,0,0,0,0,0,0,0,0,0,0,0,0,4.12458305235033,0,10.4206384420395,0,0,0,0,0,0,0,0,0,0,0,0,0,0,0,0,0,0,0,0,0,0,0,0,0,0,0,0,0,0,0,0,0,0,0,0,0,0,0,0,0,3.57586394037519,0,5.48881273269653,0,0,0,0,0,0,0,0,0,0,0,0,0,0,0,0,0,0,0,0,0,4.08762659132481,0,0,0,0
0,0,0,0,0,0,0,0,0,0,0,3.87934692700704,0,0,0,4.43648646975949,0,8.50613927841187,0,0,0,0,0,0,0,6.16807990603977,0,0,0,0,0,0,0,0,0,0,0,0,0,0,0,0,0,0,0,0,0,0,0,0,0,0,0,0,0,0,0,0,0,4.00971161325773,0,6.23907592892647,0,0,0,0,0,0,7.59867572784424,0,2.95680403709412,0,0,0,0,0,0,0,0,0,0,0,3.51816532611847,3.98755118480095,0,0,0
14.0746843118583,0,17.1901960372925,0,0,0,0,0,5.7277179189691,0,0,0,4.12458305235033,0,0,0,11.4691844334092,38.6612827301025,40.2706120564387,0,0,0,0,0,0,0,0,0,0,0,0,0,0,0,0,0,0,0,0,0,0,0,0,0,0,0,0,0,23.1888008117676,0,0,0,0,0,9.09349573655025,0,0,0,3.24378231855539,0,5.25364023897636,0,0,0,0,0,0,0,0,20.5414218902588,0,0,0,0,0,0,0,0,0,0,0,0,5.42632521591707,4.89212045110302,35.9347038269043,0,0
51.0031661987305,12.709713728,0,18.367909749349,0,0,0,0,56.7714252471924,6.62693584300428,0,0,0,4.43648646975949,0,0,32.2753117425101,13.3513257622118,37.0952106924618,0,0,0,0,0,0,11.6838045929963,0,0,0,0,0,0,0,0,0,0,0,0,0,0,0,0,0,0,0,0,0,0,0,10.5505790710449,0,0,0,0,58.6103630065918,9.19538795187118,0,0,0,0,0,4.73242478768461,0,0,0,0,0,0,5.64701863741263,0,0,0,0,0,0,0,0,0,0,0,0,0,5.9396991633254,6.73780960004245,23.6988501548767,0,0
25.6337651130728,40.6411195966933,31.6079715588392,43.8216386522566,0,0,0,0,15.7605102452182,40.4578390032332,0,0,10.4206384420395,0,11.4691844334092,32.2753117425101,0,14.428048003649,18.9478121330492,0,0,0,5.15393312772115,0,0,0,5.93578471960845,0,0,0,0,0,0,0,62.656717300415,79.7659378051758,78.6586825052897,78.0005226135254,84.584659576416,61.1519393920898,57.9622611999512,49.5575596202504,36.6598016414405,39.1587566028942,33.2888586256239,0,0,0,36.5123200416565,61.5308208465576,0,0,0,0,17.9603633223424,47.289111504188,0,89.4858779907227,0,0,12.2195304301723,0,0,0,0,8.2567572593689,0,0,0,8.44504763461925,0,0,0,0,0,0,0,73.9475402832031,68.2161712646484,72.7297052082262,76.4788907368978,76.3496899604797,14.6176734655688,6.75784585835799,33.4729634219525,0,41.2249641418457
37.8857001933922,22.8866161789213,41.216854095459,24.6525846389727,0,0,0,0,39.0226444965456,16.3274125468831,0,0,0,8.50613927841187,38.6612827301025,13.3513257622118,14.428048003649,0,15.9581822479265,0,0,5.03496137396856,0,2.95566383997599,0,3.39654692333547,23.3063926696777,0,0,0,0,59.0299339294434,0,0,0,79.8147481282552,0,0,0,45.4789772033691,66.4579772949219,47.7537407345242,57.2087641821967,44.715181350708,40.0947163489557,62.4142427444458,74.9149017333984,0,43.2192338943481,29.480337354872,0,0,0,0,33.1948412275806,14.3235622813948,0,0,0,0,37.3421875635783,11.8713468370682,0,0,3.40771121297564,0,0,0,4.46322336152335,35.4036617279053,0,0,0,0,0,0,0,0,103.723503112793,112.383117675781,76.7962226867676,84.4010772705078,11.4718237355293,10.3903335969039,28.6029750215056,55.5238494873047,0
18.0418705961677,20.6236105576105,23.616413510723,22.3625730011198,0,23.7694463729858,0,0,22.3117911725585,23.1102152887281,0,29.0421333312988,0,0,40.2706120564387,37.0952106924618,18.9478121330492,15.9581822479265,0,0,0,0,0,0,0,0,23.3643398284912,0,0,0,0,34.8541167122977,0,33.9249325706845,31.3770967431971,53.7926772872755,54.6747512817383,65.9453646685626,62.0052039736793,37.3407100897569,41.5460096359253,14.3590201908968,16.992718379467,21.2126337454869,18.5025101307143,36.5985601288932,38.4027002396122,31.1583052548495,31.9983923019619,35.245484996587,0,0,0,0,25.9060573629431,25.5086198881561,58.965461730957,56.7232635899594,0,0,34.4409056769477,29.9282111254605,54.8047332763672,43.0376410484314,0,0,0,0,0,48.3257541656494,64.541722869873,0,55.2658887811609,53.029257774353,0,37.1227722167969,49.5263686709934,35.9830160140991,48.275588074448,50.3938172583487,47.8116207299409,53.1086091555082,12.5475271529349,18.2587792000848,21.135767673646,25.0465486263617,18.74004188849
0,0,0,0,0,3.01217872755868,0,0,0,0,0,4.83151129113526,0,0,0,0,0,0,0,0,0,0,0,0,0,0,0,0,0,10.7235334714254,0,41.4582424163818,0,40.5571060180664,0,12.837596631612,0,7.33745015362453,0,29.7108554840088,0,35.6540794372559,0,0,0,14.180158348165,0,36.4531784057617,0,21.6749351024628,0,0,0,0,0,0,0,7.19182005009977,0,0,0,0,5.93695546397705,0,0,0,0,0,0,0,20.9688062547128,0,15.3952846451411,0,41.1101036071777,0,41.9013646443685,0,16.3693738451731,0,14.2423038912837,0,4.31246810346036,0,11.5009489881581,0,0
0,0,0,0,0,0,3.91818690299988,0,0,0,4.44609004675624,0,0,0,0,0,0,0,0,0,0,0,0,0,0,0,0,0,0,0,0,0,46.2635467529297,0,44.3720798492432,0,12.2825845003128,0,6.33312260876213,0,30.7522039413452,0,39.3682708740234,0,0,0,13.7283608862627,36.8718973795573,17.5450830459595,0,0,0,0,0,0,0,5.46408137687979,0,0,0,0,0,0,5.59677886153101,0,0,0,0,0,0,0,0,0,8.8059045552532,0,39.2711811065674,0,41.0515174865723,0,12.2638693855837,0,13.2157453919865,6.85732204872265,0,12.5316591343183,0,0
0,0,0,0,0,0,0,0,0,0,0,0,0,0,0,0,0,5.03496137396856,0,0,0,0,2.94441990625291,4.21113851776829,0,4.89569451227221,0,4.22225579791044,0,0,0,0,0,20.2633056640625,0,0,0,5.17173365677459,0,0,0,0,0,0,0,0,0,0,0,3.60857537038186,0,0,0,0,0,0,0,0,0,0,0,0,0,0,4.78472346278891,0,3.80961302348546,0,4.4250227597452,0,4.22087305320237,0,0,0,0,0,0,0,0,0,4.08571849238705,0,4.50630021790374,4.63828583747622,0,0,0
0,0,0,0,0,0,0,0,0,0,0,0,0,0,0,0,5.15393312772115,0,0,0,0,2.94441990625291,0,0,8.02376827209715,0,5.89129286045795,0,12.0760653618484,0,0,0,0,0,0,0,0,0,7.96135121444964,0,0,0,0,0,0,0,0,0,4.41372422377269,0,0,0,0,0,0,0,0,0,0,0,0,0,0,0,0,4.35077933574661,0,7.13551583994066,0,4.42144060543605,0,10.5345590817131,0,0,0,0,0,0,0,0,0,9.48485843795988,5.02482673643761,3.08246251940727,0,0,0
0,0,0,0,0,0,0,0,0,6.35640902519226,0,0,0,0,0,0,0,2.95566383997599,0,0,0,4.21113851776829,0,0,0,7.9221827070478,0,0,0,0,0,0,0,0,0,0,0,5.93447118300896,0,0,0,7.41142371325817,0,0,0,0,0,0,0,5.5881954199738,0,0,0,0,0,9.03147447109222,0,0,0,0,0,0,0,0,6.84686403438963,0,4.79383491771491,0,6.95925232730913,0,6.72780475616455,0,0,0,0,0,0,0,0,0,6.34149044159195,0,4.41753744397845,0,6.04141003074068,6.48317604064941,0
0,0,0,0,0,0,0,0,6.41885647636193,0,0,0,0,0,0,0,0,0,0,0,0,0,8.02376827209715,0,0,0,6.22391439974308,0,0,0,0,0,0,0,0,0,0,0,6.41231780488231,0,0,0,6.69878619011134,0,0,0,0,0,0,0,0,0,0,0,5.69640944401423,0,0,0,0,0,0,0,0,0,0,7.88957532730817,0,4.04587331264531,0,5.94767120472954,0,0,0,0,0,0,0,0,0,0,0,8.79905128979358,6.66496562206839,15.5489673614502,4.4326912094565,0,8.83531129360199
0,0,0,0,0,0,0,0,0,10.3456908543905,0,0,0,6.16807990603977,0,11.6838045929963,0,3.39654692333547,0,0,0,4.89569451227221,0,7.9221827070478,0,0,0,5.28230475717121,0,0,0,0,0,0,0,0,0,11.7320706984576,0,0,0,22.399037361145,0,0,0,0,0,0,0,10.2650643384682,0,0,0,0,0,10.6007778247197,0,0,0,0,0,12.5591163635254,0,0,4.48543658116871,0,9.60831914884483,0,5.00386634088042,0,5.02422097606479,0,0,0,0,0,0,0,0,0,12.5800095713416,0,3.36297222028805,0,10.0623586972555,0,0
12.6457646687826,0,70.1993026733398,0,0,0,0,0,13.4330817858378,0,0,0,0,0,0,0,5.93578471960845,23.3063926696777,23.3643398284912,0,0,0,5.89129286045795,0,6.22391439974308,0,0,0,2.9549540739793,0,0,0,0,0,0,0,0,0,10.4382484753927,0,0,0,0,0,0,0,0,0,0,0,0,0,0,0,8.20494206746419,0,0,0,0,0,10.5515553084287,0,0,0,0,6.39063048546131,0,7.37292715907097,0,4.20957907395213,0,5.02259900172551,0,0,0,0,0,0,0,0,0,11.5646619796753,4.55161050755343,0,20.4925731023153,0,0
0,0,0,0,0,0,0,0,0,0,0,7.84811848088315,0,0,0,0,0,0,0,0,0,4.22225579791044,0,0,0,5.28230475717121,0,0,0,6.7289102829383,0,0,0,0,0,0,0,3.49067308685996,0,0,0,0,0,0,0,0,0,0,0,0,0,0,0,0,0,0,0,8.89154395690331,0,0,0,0,0,0,3.5621170453858,0,0,0,4.01771826031564,0,4.83277137291552,0,0,0,0,0,0,0,0,0,5.01082372665405,0,5.5036548309856,0,0,0,0
0,0,0,0,0,0,0,0,0,0,2.74844574928284,0,0,0,0,0,0,0,0,0,0,0,12.0760653618484,0,0,0,2.9549540739793,0,0,0,3.4267876364968,0,0,0,0,0,0,0,5.02317419758549,0,0,0,0,0,0,0,0,0,0,0,0,0,0,0,0,0,0,0,0,0,0,0,0,0,0,14.0045668284098,0,0,0,3.0285894340939,0,5.42215250101767,0,0,0,0,0,0,0,0,0,9.27745342254639,5.73932169543372,0,0,0,0
0,0,0,0,0,0,0,0,0,0,0,9.69248874273349,0,0,0,0,0,0,0,10.7235334714254,0,0,0,0,0,0,0,6.7289102829383,0,0,0,0,0,0,0,0,0,3.5279939706377,0,0,0,0,0,0,0,0,0,0,0,0,0,0,0,0,0,0,0,7.82694519510146,0,0,0,0,11.4524399439494,0,0,0,0,0,0,0,7.14826164425723,0,4.09478496743467,0,0,0,0,0,42.9181442260742,0,6.28470825504612,0,5.53912820487187,0,0,0,0
0,0,0,0,0,0,0,0,0,0,4.53497592608134,0,0,0,0,0,0,0,0,0,0,0,0,0,0,0,0,0,3.4267876364968,0,0,0,0,0,0,0,0,0,3.99609884115366,0,0,0,0,0,0,0,0,0,0,0,0,0,0,0,0,0,4.97060084342957,0,0,0,0,0,0,0,0,0,0,0,0,0,0,0,0,4.24516472785301,0,0,0,0,0,0,0,5.08631572809564,0,0,0,0,0
0,0,0,0,0,0,0,0,0,0,0,0,0,0,0,0,0,59.0299339294434,34.8541167122977,41.4582424163818,0,0,0,0,0,0,0,0,0,0,0,0,4.8299085299174,6.19764964367316,6.07868332862854,7.97532520470796,0,77.7319869995117,0,13.5229772196876,24.0634784698486,16.0565005143483,0,0,0,31.215892791748,31.8703179359436,4.8840810234348,15.6615948677063,14.3192373998336,0,0,0,0,0,0,51.4550476074219,48.6765916006906,0,0,0,0,49.156909942627,0,0,0,0,0,0,0,52.6433887481689,0,53.8916900341327,0,3.65747051653655,0,11.0753859006442,0,6.52597093729325,53.4589500427246,58.0894510904948,0,6.12381779734451,0,18.0904280218211,25.7278633117676,0
0,0,0,0,0,0,0,0,0,0,0,0,0,0,0,0,0,0,0,0,46.2635467529297,0,0,0,0,0,0,0,0,0,0,4.8299085299174,0,4.78831481933594,5.78984377444801,5.40897475519488,4.34345258495765,0,65.3386077880859,0,16.7458273172379,0,30.4935111132535,0,0,0,29.1443124586536,7.95487580849574,15.000631573995,0,0,0,0,0,0,0,49.5302651723226,0,0,0,0,0,0,38.7798114352756,0,0,0,0,0,0,0,0,0,0,5.63365311235995,5.03763653332799,0,6.35235244294871,5.5389594123477,11.4422972720177,0,56.2678009033203,7.40823843028094,0,15.7874223286251,0,0
0,0,79.4054718017578,0,0,0,0,0,0,0,0,0,0,0,0,0,0,0,33.9249325706845,40.5571060180664,0,20.2633056640625,0,0,0,0,0,0,0,0,0,6.19764964367316,4.78831481933594,0,5.2981859831145,9.00996808433257,9.36039965412961,10.433547373644,11.0996197223663,21.4451347078596,15.5702867507935,16.9012242473332,19.5814955855069,35.9465599060059,0,31.0546692257369,31.2581392923991,6.83066967886548,23.9480087573712,15.0145833135395,0,0,0,0,0,0,0,48.7957374652227,0,0,0,0,38.3910944085372,0,0,0,0,0,0,0,59.649969736735,0,51.6281423686463,0,9.01224441206857,0,5.79708572947153,5.87461288534958,11.3692669371464,12.8736809719814,10.2966498385692,14.0206776559353,9.81442656598948,11.416153534599,18.0761128414607,0,0
0,0,0,0,0,0,0,0,0,0,0,0,0,0,0,0,62.656717300415,0,31.3770967431971,0,44.3720798492432,0,0,0,0,0,0,0,0,0,0,6.07868332862854,5.78984377444801,5.2981859831145,0,10.8751116083629,5.48994675538203,5.7813849882646,6.71493756702812,0,21.1216720132267,21.7643464406331,14.8224609824589,0,0,0,32.9882325637035,5.18701162598646,20.0171650303197,0,0,0,0,0,0,0,44.2514355977376,0,0,0,0,0,0,39.765460729599,0,0,0,0,0,0,0,0,0,44.2442321777344,5.89093494415283,14.0273376192365,7.80093549790783,5.44851320428398,12.0635900873887,13.6142314741245,14.3102903366089,13.3056350091264,6.63670099618014,15.1333203077316,17.9536625116859,0,22.6140381097794
68.9614000320435,0,0,6.31831169128418,0,0,0,0,73.0866394042969,77.9562149047852,0,29.3974495955876,0,0,0,0,79.7659378051758,79.8147481282552,53.7926772872755,12.837596631612,0,0,0,0,0,0,0,0,0,0,0,7.97532520470796,5.40897475519488,9.00996808433257,10.8751116083629,0,6.22747548002946,10.5305447368581,0,19.5674380250118,0,32.5628910778789,56.1984262466431,44.5835824898089,58.049918401809,21.926551350859,0,25.5782851189061,0,25.2047442824013,0,0,0,0,73.5608215332031,0,0,49.9248809814453,0,0,0,73.5605239868164,20.5543978400471,0,0,0,0,0,0,0,58.4429807390486,0,55.1746174596971,0,7.87468539584767,0,10.1907847615609,14.7015218734741,8.06778155406498,29.21908876631,20.3234042177838,0,8.15274410363734,39.0890378758714,38.5457512818958,41.6209306887218,0
0,0,0,0,0,0,0,0,71.8607482910156,0,4.24711469367698,0,0,0,0,0,78.6586825052897,0,54.6747512817383,0,12.2825845003128,0,0,0,0,0,0,0,0,0,0,0,4.34345258495765,9.36039965412961,5.48994675538203,6.22747548002946,0,0,6.58220155243312,0,14.0009210586548,40.2619895935059,26.9062629120853,70.4584255218506,39.8915833972749,0,25.5429191847105,23.6989187639813,22.0759919865638,0,0,0,0,0,0,0,45.9604797363281,0,0,0,0,0,0,26.1618696515049,0,0,0,0,0,0,0,0,0,47.5912061418806,0,8.11570022322915,11.6545221086532,8.46984472317187,20.2812495598426,5.54254983437664,0,11.1145391770975,4.41227644778966,6.24376880451714,24.5424133532465,0,33.7626432272104
0,0,0,0,0,0,0,0,83.464469909668,9.90538665735833,0,3.75581859720164,0,0,0,0,78.0005226135254,0,65.9453646685626,7.33745015362453,0,5.17173365677459,0,5.93447118300896,0,11.7320706984576,0,3.49067308685996,0,3.5279939706377,0,77.7319869995117,0,10.433547373644,5.7813849882646,10.5305447368581,0,0,6.70986994963426,38.1505587259928,0,25.5404786240218,79.9752731323242,54.5954307556152,59.6328125,47.4273267225786,0,7.05249650441303,0,5.99298112311689,0,0,0,0,0,9.33031263718238,0,51.0541529655457,0,0,0,0,11.9917455452115,0,5.79773129416644,0,5.2999038139979,0,10.0127459848206,0,8.03186045548855,0,42.648094003265,0,54.7593460083008,0,12.4283535242081,0,17.8378410210712,0,8.73617438034446,3.63884173120771,7.44771183052022,19.404278755188,12.2985773566696,38.5708095464814,0
0,0,0,0,0,0,0,0,5.72072272228472,0,3.86976761358944,0,0,0,0,0,84.584659576416,0,62.0052039736793,0,6.33312260876213,0,7.96135121444964,0,6.41231780488231,0,10.4382484753927,0,5.02317419758549,0,3.99609884115366,0,65.3386077880859,11.0996197223663,6.71493756702812,0,6.58220155243312,6.70986994963426,0,0,62.8075205485026,0,27.9437903574893,0,0,0,40.0517270565033,6.81617205942505,28.0585989787661,0,0,0,0,0,4.63414698839188,0,25.3238644233117,0,0,0,0,0,0,41.7626826442889,0,11.0733338016255,0,5.78487649346298,0,0,0,5.80697883459238,0,59.5898644373967,0,61.1167602539062,0,7.53653949983953,0,14.8211054952213,0,6.8929960834065,4.43772796371741,4.09191878751523,13.3037624590251,0,40.0385485681994
0,0,0,0,0,0,0,0,49.7586364746094,0,0,27.1932201385498,0,0,0,0,61.1519393920898,45.4789772033691,37.3407100897569,29.7108554840088,0,0,0,0,0,0,0,0,0,0,0,13.5229772196876,0,21.4451347078596,0,19.5674380250118,0,38.1505587259928,0,0,0,17.160869255128,35.6505489349365,27.7731966495514,34.4327587127686,8.61094815611712,0,5.5352652116157,0,8.21460998897821,0,0,0,0,0,0,0,34.9563653365425,0,0,0,0,11.8046529467513,0,0,0,0,0,0,0,45.5507176717122,0,38.4039589775933,0,12.87070420096,0,22.8283105426364,0,7.20024654383032,0,29.0009135640397,0,35.9993724822998,57.0988311767578,20.3548805351499,24.2186638514201,0
0,0,0,0,0,0,0,0,59.2104454040527,0,0,0,0,0,0,0,57.9622611999512,66.4579772949219,41.5460096359253,0,30.7522039413452,0,0,0,0,0,0,0,0,0,0,24.0634784698486,16.7458273172379,15.5702867507935,21.1216720132267,0,14.0009210586548,0,62.8075205485026,0,0,0,22.048807852196,0,0,0,6.58519935666097,9.2590425239419,10.7490517852012,0,0,0,0,0,0,0,33.1221981048584,0,0,0,0,0,0,6.85606559803891,0,0,0,0,0,0,0,0,0,42.3661956787109,0,4.66387839445332,0,20.7287271817525,0,6.26313371022542,0,33.9359916567802,30.05090876988,0,12.5358695419886,0,35.0795402526855
25.523157119751,5.32062847797687,0,10.5970351031569,0,0,0,0,55.0959730148315,7.51206236174612,0,34.392186164856,0,0,0,0,49.5575596202504,47.7537407345242,14.3590201908968,35.6540794372559,0,0,0,7.41142371325817,0,22.399037361145,0,0,0,0,0,16.0565005143483,0,16.9012242473332,21.7643464406331,32.5628910778789,40.2619895935059,25.5404786240218,0,17.160869255128,0,0,19.5979928563281,12.007958919713,29.4431230756972,14.0905113719829,40.2039527893066,9.84531973273353,39.834192276001,9.9950369922307,0,0,0,0,0,0,0,20.8084225584479,0,0,0,0,18.0470288781559,0,0,0,7.10535758602462,0,22.3470058441162,0,34.8410581987958,0,25.6106895026408,0,14.0331164963391,0,17.2045906410217,0,27.5753846557652,51.0194873809814,21.9179495557572,0,11.2385162802496,42.6411726184008,9.69647325727744,7.45690949483995,0
10.8557406902313,0,23.3321599593529,0,0,0,0,0,8.12432262800398,0,0,0,0,0,0,0,36.6598016414405,57.2087641821967,16.992718379467,0,39.3682708740234,0,0,0,6.69878619011134,0,0,0,0,0,0,0,30.4935111132535,19.5814955855069,14.8224609824589,56.1984262466431,26.9062629120853,79.9752731323242,27.9437903574893,35.6505489349365,22.048807852196,19.5979928563281,0,23.3534309932164,9.15314321870154,41.9293665885925,18.4376210421066,7.77556884126012,9.51854518134315,38.5109214782715,0,0,0,0,13.8230649232864,78.879467010498,14.1522746607661,55.6094741821289,0,0,0,0,61.4778900146484,23.3964358264894,0,0,0,9.05254622323172,0,0,42.583251953125,19.7322735786438,55.4188461303711,23.9500160898481,0,18.4027763564011,18.0965911865234,15.1121976425044,49.6161509062115,29.1201024653213,50.1844133649554,22.9374980043538,13.6893543400172,42.0105783187019,9.08021903008585,31.3311412811279,7.84463709353665
26.9602801799774,7.70475387573242,24.4224109649658,0,0,0,0,0,33.4568811144148,27.4511284828186,0,0,0,0,0,0,39.1587566028942,44.715181350708,21.2126337454869,0,0,0,0,0,0,0,0,0,0,0,0,0,0,35.9465599060059,0,44.5835824898089,70.4584255218506,54.5954307556152,0,27.7731966495514,0,12.007958919713,23.3534309932164,0,8.54149806952175,9.26888886963328,0,39.875129699707,0,29.6103656768799,0,0,0,0,27.9689035415649,0,0,0,0,0,0,0,34.9865951538086,0,0,0,0,0,0,0,0,0,49.3960151672363,0,0,0,37.6013374328613,0,42.2368465347938,89.4932708740234,45.5604965686798,0,14.1804771659509,26.1796584622613,5.51076789980843,19.6914644241333,0
23.7387697513287,18.0149078369141,34.977765083313,0,0,0,0,0,23.8304459115733,31.7412569382611,0,0,0,0,0,0,33.2888586256239,40.0947163489557,18.5025101307143,0,0,0,0,0,0,0,0,0,0,0,0,0,0,0,0,58.049918401809,39.8915833972749,59.6328125,0,34.4327587127686,0,29.4431230756972,9.15314321870154,8.54149806952175,0,17.446403503418,7.56359958648682,0,23.4573355964992,35.0856437683105,0,0,0,0,25.2395388285319,0,0,0,0,0,0,0,0,0,0,0,0,0,0,0,0,0,46.2881660461426,0,0,0,0,0,51.8254992167155,41.4936046600342,56.2176154000419,58.3801282246908,16.2924731613813,32.6509773050036,7.47915973692142,36.787738164266,3.20313716597027
0,0,0,7.61501983495859,0,0,0,0,0,0,0,12.2311445417858,0,0,0,0,0,62.4142427444458,36.5985601288932,14.180158348165,0,0,0,0,0,0,0,0,0,0,0,31.215892791748,0,31.0546692257369,0,21.926551350859,0,47.4273267225786,0,8.61094815611712,0,14.0905113719829,41.9293665885925,9.26888886963328,17.446403503418,0,0,26.3898386282424,0,22.9714750463312,0,0,0,0,0,0,0,18.4917046162586,0,0,0,0,8.16419076865871,0,0,0,0,0,0,0,28.3031034116392,0,24.2227064309449,0,29.9814740419388,0,32.4314727708987,0,18.2915718713861,0,40.5251939694087,0,11.5173942001387,58.4561748504639,8.95765348776297,24.6757266998291,0
0,0,8.3723450978597,0,0,0,0,0,0,0,19.1036338806152,0,0,0,0,0,0,74.9149017333984,38.4027002396122,0,13.7283608862627,0,0,0,0,0,0,0,0,0,0,31.8703179359436,29.1443124586536,31.2581392923991,32.9882325637035,0,25.5429191847105,0,40.0517270565033,0,6.58519935666097,40.2039527893066,18.4376210421066,0,7.56359958648682,0,0,24.9659616717227,23.2746286567198,0,0,0,0,0,0,0,19.5734981339553,0,0,0,0,0,0,8.30447282228026,0,0,0,0,0,0,0,22.268045425415,0,20.4023447285528,0,19.1505365371704,0,28.8674158112616,0,14.6206542538698,0,25.1556177436686,35.0046975438188,61.6847877502441,10.0154258096934,0,13.0668262655085
0,0,0,0,0,0,0,0,0,0,0,0,0,0,0,0,0,0,31.1583052548495,36.4531784057617,36.8718973795573,0,0,0,0,0,0,0,0,0,0,4.8840810234348,7.95487580849574,6.83066967886548,5.18701162598646,25.5782851189061,23.6989187639813,7.05249650441303,6.81617205942505,5.5352652116157,9.2590425239419,9.84531973273353,7.77556884126012,39.875129699707,0,26.3898386282424,24.9659616717227,0,8.69929986268702,7.89957489994388,0,0,0,0,0,0,41.2760025024414,45.0779499053955,0,0,0,0,33.0460469066233,35.6041886097676,0,0,0,0,0,0,55.7601356506348,0,48.3363924026489,43.8248910903931,4.46583341889911,8.11786321733819,8.76533189764358,6.57950177198378,16.7207271839138,18.8813603167285,10.0796759632918,12.7778210296631,6.72693715641496,9.92993496145521,11.1560395163698,26.8302834828695,15.0295142173767
8.65179609385404,56.7922859191895,4.84430385143199,0,0,0,0,0,13.9410388767719,0,17.8164539337158,0,0,0,23.1888008117676,0,36.5123200416565,43.2192338943481,31.9983923019619,0,17.5450830459595,0,4.41372422377269,0,0,0,0,0,0,0,0,15.6615948677063,15.000631573995,23.9480087573712,20.0171650303197,0,22.0759919865638,0,28.0585989787661,0,10.7490517852012,39.834192276001,9.51854518134315,0,23.4573355964992,0,23.2746286567198,8.69929986268702,0,54.4532241821289,0,0,0,0,15.4486620903015,0,28.9020689896175,0,0,0,0,0,0,26.0792966418796,0,3.37535414099693,0,0,0,0,0,4.76906792513149,0,6.22167086254046,0,6.24595153927803,0,13.0272958851236,63.0858459472656,19.4363834107814,0,10.1004517733781,10.04269931085,55.8669246673584,8.02604150746568,0,16.1397360338681
56.7940940856934,5.77268781661987,0,4.39734985140078,0,0,0,0,0,10.6186133304112,0,6.66687786579132,0,0,0,10.5505790710449,61.5308208465576,29.480337354872,35.245484996587,21.6749351024628,0,3.60857537038186,0,5.5881954199738,0,10.2650643384682,0,0,0,0,0,14.3192373998336,0,15.0145833135395,0,25.2047442824013,0,5.99298112311689,0,8.21460998897821,0,9.9950369922307,38.5109214782715,29.6103656768799,35.0856437683105,22.9714750463312,0,7.89957489994388,54.4532241821289,0,0,0,0,0,0,11.6333492279053,0,19.1919320159488,0,0,0,16.1973524093628,21.7050498912209,0,3.85359831705485,0,5.13894005511936,0,5.07318819641436,0,6.07305889226952,0,4.82488467553083,0,13.5473558333925,0,13.9892684403465,0,19.9151525078315,0,8.54014496866079,0,8.14043875816649,59.2639465332031,8.92474055370769,14.8152003854377,0
0,0,0,0,0,0,0,0,0,0,0,0,0,0,0,0,0,0,0,0,0,0,0,0,0,0,0,0,0,0,0,0,0,0,0,0,0,0,0,0,0,0,0,0,0,0,0,0,0,0,0,0,0,0,0,0,0,0,0,0,0,0,0,0,0,0,0,0,0,0,0,0,0,0,0,0,0,0,0,0,0,0,0,0,0,0,0
0,0,0,0,0,0,0,0,0,0,0,0,0,0,0,0,0,0,0,0,0,0,0,0,0,0,0,0,0,0,0,0,0,0,0,0,0,0,0,0,0,0,0,0,0,0,0,0,0,0,0,0,0,0,0,0,0,0,0,0,0,0,0,0,0,0,0,0,0,0,0,0,0,0,0,0,0,0,0,0,0,0,0,0,0,0,0
0,0,0,0,0,0,0,0,0,0,0,0,0,0,0,0,0,0,0,0,0,0,0,0,0,0,0,0,0,0,0,0,0,0,0,0,0,0,0,0,0,0,0,0,0,0,0,0,0,0,0,0,0,0,0,0,0,0,0,0,0,0,0,0,0,0,0,0,0,0,0,0,0,0,0,0,0,0,0,0,0,0,0,0,0,0,0
0,0,0,0,0,0,0,0,0,0,0,0,0,0,0,0,0,0,0,0,0,0,0,0,0,0,0,0,0,0,0,0,0,0,0,0,0,0,0,0,0,0,0,0,0,0,0,0,0,0,0,0,0,0,0,0,0,0,0,0,0,0,0,0,0,0,0,0,0,0,0,0,0,0,0,0,0,0,0,0,0,0,0,0,0,0,0
7.99463757480364,47.2651019096375,13.7352778840948,0,0,37.7400894165039,0,0,5.7045363195184,41.9009727478027,0,0,0,0,9.09349573655025,58.6103630065918,17.9603633223424,33.1948412275806,25.9060573629431,0,0,0,0,0,5.69640944401423,0,8.20494206746419,0,0,0,0,0,0,0,0,73.5608215332031,0,0,4.63414698839188,0,0,0,13.8230649232864,27.9689035415649,25.2395388285319,0,0,0,15.4486620903015,0,0,0,0,0,0,50.4697246551514,0,0,0,0,7.39937966891697,0,0,0,0,0,0,4.12877836319116,0,6.44634101291498,0,0,0,0,0,0,0,0,80.8213907877604,75.4892654418945,0,3.64681196212769,12.5497537774482,15.1612019538879,19.9771243674415,0,6.94468992673434
53.593433380127,8.23347693547086,0,10.7096366688488,0,7.66425132751465,0,0,0,7.72279643354563,0,0,0,0,0,9.19538795187118,47.289111504188,14.3235622813948,25.5086198881561,0,0,0,0,9.03147447109222,0,10.6007778247197,0,0,0,0,0,0,0,0,0,0,0,9.33031263718238,0,0,0,0,78.879467010498,0,0,0,0,0,0,11.6333492279053,0,0,0,0,50.4697246551514,0,0,0,0,0,0,8.66769474202936,0,0,0,0,4.51221905201673,0,10.0087287425995,0,0,0,0,0,0,0,0,0,70.8382263183594,0,5.97633375440325,0,10.1984231687292,9.87565129143851,15.2813964457739,0,0
0,0,0,0,0,0,0,0,0,0,4.2568221385177,0,0,0,0,0,0,0,58.965461730957,0,5.46408137687979,0,0,0,0,0,0,0,0,0,4.97060084342957,51.4550476074219,49.5302651723226,0,44.2514355977376,0,45.9604797363281,0,25.3238644233117,0,33.1221981048584,0,14.1522746607661,0,0,0,19.5734981339553,41.2760025024414,28.9020689896175,0,0,0,0,0,0,0,0,0,3.59113073348999,0,0,0,0,9.65656043215191,0,0,0,0,0,7.08445900364926,0,6.85785644155153,0,3.5728133222559,0,48.93505859375,0,45.8846124921526,0,47.1640663146973,0,37.4877071380615,29.4644843101501,72.860107421875,7.30393674711868,0,12.9362114392794
0,3.37691569328308,0,0,0,0,0,0,0,0,0,5.27260477479359,0,0,0,0,89.4858779907227,0,56.7232635899594,7.19182005009977,0,0,0,0,0,0,0,8.89154395690331,0,7.82694519510146,0,48.6765916006906,0,48.7957374652227,0,49.9248809814453,0,51.0541529655457,0,34.9563653365425,0,20.8084225584479,55.6094741821289,0,0,18.4917046162586,0,45.0779499053955,0,19.1919320159488,0,0,0,0,0,0,0,0,0,3.75785102599706,0,0,11.7140038979736,0,0,0,0,0,0,0,11.3680500984192,0,8.17416909034239,0,47.9450197219849,0,51.6768980893222,0,43.2050468849413,0,16.5316901790442,0,15.3109351226262,57.9297904968262,7.35257089936937,15.534724803198,0
0,0,0,0,0,0,0,0,0,0,3.66880982572382,0,3.57586394037519,0,3.24378231855539,0,0,0,0,0,0,0,0,0,0,0,0,0,0,0,0,0,0,0,0,0,0,0,0,0,0,0,0,0,0,0,0,0,0,0,0,0,0,0,0,0,3.59113073348999,0,0,0,0,0,0,0,0,0,0,0,0,0,0,0,0,0,0,0,0,0,0,0,0,0,3.08583719200558,0,0,0,0
0,0,0,0,0,0,0,0,0,0,0,4.27430427074432,0,4.00971161325773,0,0,0,0,0,0,0,0,0,0,0,0,0,0,0,0,0,0,0,0,0,0,0,0,0,0,0,0,0,0,0,0,0,0,0,0,0,0,0,0,0,0,0,3.75785102599706,0,0,0,0,0,0,0,0,0,0,0,0,3.18925492465496,0,0,0,0,0,0,0,0,0,0,0,0,0,0,0,0
8.33792834049318,48.2630386352539,12.0889802660261,53.1420478820801,0,0,0,0,6.08826978666237,52.9390830993652,0,0,5.48881273269653,0,5.25364023897636,0,12.2195304301723,37.3421875635783,34.4409056769477,0,0,0,0,0,0,0,10.5515553084287,0,0,0,0,0,0,0,0,0,0,0,0,0,0,0,0,0,0,0,0,0,0,0,0,0,0,0,7.39937966891697,0,0,0,0,0,0,0,0,0,0,0,0,0,0,6.95917292977824,0,0,0,0,0,0,0,0,0,0,0,0,6.27464003128758,5.92193384604021,10.4857178032398,0,0
0,10.8115012483163,61.1066093444824,18.5193452358246,0,0,0,0,59.2319831848145,5.56885031599747,0,0,0,6.23907592892647,0,4.73242478768461,0,11.8713468370682,29.9282111254605,0,0,0,0,0,0,12.5591163635254,0,0,0,0,0,0,0,0,0,73.5605239868164,0,0,0,0,0,0,0,0,0,0,0,0,0,16.1973524093628,0,0,0,0,0,8.66769474202936,0,0,0,0,0,0,0,0,0,0,0,0,4.14173839642451,0,0,0,0,0,0,0,0,0,0,0,0,0,7.54727472517054,9.39674867061247,21.8389825820923,0,0
0,0,0,11.6024861335754,0,0,0,0,0,0,0,6.14180175293363,0,0,0,0,0,0,54.8047332763672,5.93695546397705,0,0,0,0,0,0,0,0,0,11.4524399439494,0,49.156909942627,0,38.3910944085372,0,20.5543978400471,0,11.9917455452115,0,11.8046529467513,0,18.0470288781559,61.4778900146484,34.9865951538086,0,8.16419076865871,0,33.0460469066233,0,21.7050498912209,0,0,0,0,0,0,0,11.7140038979736,0,0,0,0,0,0,0,0,0,0,0,0,24.4105925201681,0,17.9147914522523,0,43.3019670758929,0,46.5344228744507,0,13.1083798368486,0,17.7395202316736,0,31.2515204681291,90.7329254150391,10.9398618939931,11.7174174785614,0
19.2117118835449,0,8.748104653116,0,0,0,0,0,0,0,5.88957733601595,0,0,0,0,0,0,0,43.0376410484314,0,5.59677886153101,0,0,0,0,0,0,0,0,0,0,0,38.7798114352756,0,39.765460729599,0,26.1618696515049,0,41.7626826442889,0,6.85606559803891,0,23.3964358264894,0,0,0,8.30447282228026,35.6041886097676,26.0792966418796,0,0,0,0,0,0,0,9.65656043215191,0,0,0,0,0,0,0,0,0,0,0,0,0,0,14.8920192718506,0,12.7319324398041,0,40.3565635681152,0,39.0156086512974,0,12.0549958591262,0,14.6878783764477,31.9188287523058,0,14.5628740763201,0,19.5929381600742
0,0,0,0,0,0,0,0,0,0,0,0,0,0,0,0,0,3.40771121297564,0,0,0,4.78472346278891,0,6.84686403438963,0,4.48543658116871,0,3.5621170453858,0,0,0,0,0,0,0,0,0,5.79773129416644,0,0,0,0,0,0,0,0,0,0,0,3.85359831705485,0,0,0,0,0,0,0,0,0,0,0,0,0,0,0,0,11.0783402919769,0,4.81350323020435,0,3.2376617182856,0,0,0,0,0,0,0,0,0,7.64478223482768,0,3.70916859856967,4.54916937120499,0,0,0
0,0,0,0,0,0,0,0,0,0,0,0,0,0,0,0,8.2567572593689,0,0,0,0,0,4.35077933574661,0,7.88957532730817,0,6.39063048546131,0,14.0045668284098,0,0,0,0,0,0,0,0,0,11.0733338016255,0,0,0,0,0,0,0,0,0,3.37535414099693,0,0,0,0,0,0,0,0,0,0,0,0,0,0,0,0,0,0,11.024246374766,0,7.11490751046401,0,4.62141621923771,0,0,0,0,0,0,0,0,0,10.3697434352147,5.21106979015826,0,0,0,0
0,5.79417775926136,0,0,0,0,0,0,0,5.01366470837445,0,0,0,0,0,0,0,0,0,0,0,3.80961302348546,0,4.79383491771491,0,9.60831914884483,0,0,0,0,0,0,0,0,0,0,0,5.2999038139979,0,0,0,7.10535758602462,0,0,0,0,0,0,0,5.13894005511936,0,0,0,0,0,4.51221905201673,0,0,0,0,0,0,0,0,11.0783402919769,0,0,0,6.5821422037292,0,5.89590167999268,0,0,0,0,0,0,0,0,0,5.37685604876626,0,6.74330893016997,0,5.79765399430087,9.47565946578979,0
7.19799137115479,0,0,0,0,0,0,0,4.83248804027437,0,0,0,0,0,0,0,0,0,0,0,0,0,7.13551583994066,0,4.04587331264531,0,7.37292715907097,0,0,0,0,0,0,0,0,0,0,0,5.78487649346298,0,0,0,9.05254622323172,0,0,0,0,0,0,0,0,0,0,0,4.12877836319116,0,0,0,0,0,0,0,0,0,0,11.024246374766,0,0,0,12.1695251118053,0,0,0,0,0,0,0,0,0,0,0,7.75437532273014,9.25890854619584,0,5.54114096908159,0,10.6722061683734
0,0,0,0,0,0,0,0,0,9.80286232062748,0,0,0,7.59867572784424,0,5.64701863741263,0,4.46322336152335,0,0,0,4.4250227597452,0,6.95925232730913,0,5.00386634088042,0,4.01771826031564,0,0,0,0,0,0,0,0,0,10.0127459848206,0,0,0,22.3470058441162,0,0,0,0,0,0,0,5.07318819641436,0,0,0,0,0,10.0087287425995,0,0,0,0,0,4.14173839642451,0,0,4.81350323020435,0,6.5821422037292,0,0,0,4.31365015726273,0,0,0,0,0,0,0,0,0,13.3092516175023,0,5.43822872475402,0,12.4994565963745,11.9895343780518,0
7.00659619918977,0,35.807975769043,0,0,0,0,0,15.365344619751,0,0,0,0,0,20.5414218902588,0,8.44504763461925,35.4036617279053,48.3257541656494,0,0,0,4.42144060543605,0,5.94767120472954,0,4.20957907395213,0,3.0285894340939,0,0,0,0,0,0,0,0,0,0,0,0,0,0,0,0,0,0,0,0,0,0,0,0,0,6.44634101291498,0,7.08445900364926,0,0,0,6.95917292977824,0,0,0,0,7.11490751046401,0,12.1695251118053,0,0,0,5.14081076098366,0,11.3223045269648,0,0,0,0,0,0,0,0,14.0476843516032,0,6.09863943564586,0,0
0,0,0,0,0,0,0,0,0,0,0,16.971813583374,0,2.95680403709412,0,0,0,0,64.541722869873,20.9688062547128,0,4.22087305320237,0,6.72780475616455,0,5.02422097606479,0,4.83277137291552,0,7.14826164425723,0,52.6433887481689,0,59.649969736735,0,58.4429807390486,0,8.03186045548855,0,45.5507176717122,0,34.8410581987958,42.583251953125,0,0,28.3031034116392,0,55.7601356506348,0,6.07305889226952,0,0,0,0,0,0,0,11.3680500984192,0,3.18925492465496,0,0,24.4105925201681,0,3.2376617182856,0,5.89590167999268,0,4.31365015726273,0,0,0,4.42863848075017,0,56.9598337809245,0,59.8502111434937,0,53.690794130651,0,9.94060949559482,0,11.9006450623274,0,21.9441044697395,22.7902444601059,0
0,0,0,0,0,0,0,0,0,0,0,0,0,0,0,0,0,0,0,0,0,0,10.5345590817131,0,0,0,5.02259900172551,0,5.42215250101767,0,0,0,0,0,0,0,0,0,5.80697883459238,0,0,0,19.7322735786438,0,0,0,22.268045425415,0,4.76906792513149,0,0,0,0,0,0,0,6.85785644155153,0,0,0,0,0,0,14.8920192718506,0,4.62141621923771,0,0,0,5.14081076098366,0,0,0,6.05119614938895,0,0,0,0,0,0,0,5.98825685183207,11.205117225647,0,8.02920922366056,0,25.9957885742188
0,0,0,0,0,0,0,0,0,0,0,7.46991253521905,0,0,0,0,0,0,55.2658887811609,15.3952846451411,0,0,0,0,0,0,0,0,0,4.09478496743467,0,53.8916900341327,0,51.6281423686463,0,55.1746174596971,0,42.648094003265,0,38.4039589775933,0,25.6106895026408,55.4188461303711,49.3960151672363,46.2881660461426,24.2227064309449,0,48.3363924026489,0,4.82488467553083,0,0,0,0,0,0,0,8.17416909034239,0,0,0,0,17.9147914522523,0,0,0,0,0,0,0,4.42863848075017,0,0,0,50.7088158471244,0,54.4350003422918,0,48.3022600744857,0,8.37948169543707,0,52.5842436443676,69.6730575561523,12.8816469345362,16.4070626033171,0
0,0,0,0,0,0,0,0,0,0,6.21579585355871,0,0,0,0,0,0,0,53.029257774353,0,8.8059045552532,0,0,0,0,0,0,0,0,0,4.24516472785301,0,0,0,44.2442321777344,0,47.5912061418806,0,59.5898644373967,0,42.3661956787109,0,23.9500160898481,0,0,0,20.4023447285528,43.8248910903931,6.22167086254046,0,0,0,0,0,0,0,3.5728133222559,0,0,0,0,0,0,12.7319324398041,0,0,0,0,0,11.3223045269648,0,6.05119614938895,0,0,0,0,0,45.5979232788086,0,48.7621721728095,0,6.16441068308484,49.901252746582,0,5.99269062485104,0,18.1023662567139
0,0,0,0,0,0,0,0,0,0,0,0,0,0,0,0,0,0,0,41.1101036071777,0,0,0,0,0,0,0,0,0,0,0,3.65747051653655,5.63365311235995,9.01224441206857,5.89093494415283,7.87468539584767,0,54.7593460083008,0,12.87070420096,0,14.0331164963391,0,0,0,29.9814740419388,0,4.46583341889911,0,13.5473558333925,0,0,0,0,0,0,0,47.9450197219849,0,0,0,0,43.3019670758929,0,0,0,0,0,0,0,56.9598337809245,0,50.7088158471244,0,0,0,8.4458306418906,0,6.03637221049179,0,52.2384978074294,0,12.3771159518849,0,18.1766672383184,29.3099956512451,0
0,0,0,0,0,0,0,0,0,0,0,0,0,0,0,0,0,0,37.1227722167969,0,39.2711811065674,0,0,0,0,0,0,0,0,0,0,0,5.03763653332799,0,14.0273376192365,0,8.11570022322915,0,61.1167602539062,0,4.66387839445332,0,18.4027763564011,0,0,0,19.1505365371704,8.11786321733819,6.24595153927803,0,0,0,0,0,0,0,48.93505859375,0,0,0,0,0,0,40.3565635681152,0,0,0,0,0,0,0,0,0,0,0,0,0,16.4257230551347,0,9.1787250957489,0,62.3243017196655,20.8953888151381,22.6552782058716,17.2753256787075,0,0
0,0,0,0,0,0,0,0,0,0,0,0,0,0,0,0,0,0,49.5263686709934,41.9013646443685,0,0,0,0,0,0,0,0,0,0,0,11.0753859006442,0,5.79708572947153,7.80093549790783,10.1907847615609,11.6545221086532,12.4283535242081,0,22.8283105426364,0,17.2045906410217,18.0965911865234,37.6013374328613,0,32.4314727708987,0,8.76533189764358,0,13.9892684403465,0,0,0,0,0,0,0,51.6768980893222,0,0,0,0,46.5344228744507,0,0,0,0,0,0,0,59.8502111434937,0,54.4350003422918,0,8.4458306418906,0,0,6.72214880196945,11.7900368325364,14.2453418211503,9.06150538902512,0,13.680603666739,70.5933685302734,23.5501839945544,37.1433048248291,0
0,0,0,0,0,0,0,0,0,0,0,0,0,0,0,0,73.9475402832031,0,35.9830160140991,0,41.0515174865723,0,0,0,0,0,0,0,0,0,0,0,6.35235244294871,5.87461288534958,5.44851320428398,14.7015218734741,8.46984472317187,0,7.53653949983953,0,20.7287271817525,0,15.1121976425044,0,0,0,28.8674158112616,6.57950177198378,13.0272958851236,0,0,0,0,0,0,0,45.8846124921526,0,0,0,0,0,0,39.0156086512974,0,0,0,0,0,0,0,0,0,45.5979232788086,0,16.4257230551347,6.72214880196945,0,0,18.2776050374553,0,9.88136953834734,5.97167482260735,6.93870337804158,16.9594287577428,0,21.8572483062744
61.1240968704224,0,61.0355949401855,12.0627299308777,0,0,0,0,69.5389836629232,0,0,42.5219612121582,0,0,0,0,68.2161712646484,103.723503112793,48.275588074448,16.3693738451731,0,0,0,0,0,0,0,0,0,42.9181442260742,0,6.52597093729325,5.5389594123477,11.3692669371464,12.0635900873887,8.06778155406498,20.2812495598426,17.8378410210712,0,7.20024654383032,0,27.5753846557652,49.6161509062115,42.2368465347938,51.8254992167155,18.2915718713861,0,16.7207271839138,63.0858459472656,19.9151525078315,0,0,0,0,80.8213907877604,70.8382263183594,0,43.2050468849413,0,0,0,0,13.1083798368486,0,0,0,0,0,0,0,53.690794130651,0,48.3022600744857,0,6.03637221049179,0,11.7900368325364,0,0,58.2689542770386,21.5438171343383,86.1124801635742,13.1336998515358,54.3686756947461,30.6124975623587,35.934560219901,0
