0,0.66575101017952,70.7129484266043,0,0,0,0,0,926.221131876111,0,0,0,2.79422774910927,0,95.2333357334137,0,9.88817720115185,3.40131787955761,97.6069451570511,0,11.6223139166832,0,0,0,70.2864035665989,0,0,0,0,0,0,0,0,0,0,0,1.91990526020527,3.42918239533901,59.2199270129204,1.92062401771545,1.10120366513729,0,325.855925530195,0,7.81700927019119,0,152.202229842544,3.6532659381628,324.203496024013,1.2379555106163,0,0,0,0,109.381551921368,0,0.554697513580322,0,21.4289139807224,0,194.978591561317,0,0,221.96817523241,0,0,1.62880882620811,63.9198895692825,0,49.3652254641056,0,263.809973672032,0,61.3769070357084,0,0,0,0,0.221146568655968,61.5180995315313,1.57994067668915,97.4793094992638,393.666485443711,0.793838411569595,985.480825513601,0,0
0.66575101017952,0,0,51.2885134965181,0,2.88086104393005,0,0,0.347491040825844,1190.62467509508,0,0,0,0,0,8.37838566303253,0,0,150.280102819204,0,0,0,0.143693864345551,8.44563844799995,1.25915663689375,0,0,0,0,0,0,0,0,0,0,0,0,104.782540291548,2.21717290580273,61.4965355843306,0,658.859136894345,0,0,0,37.9198487699032,0,1.27077285945415,0,619.843318879604,0,0,0,0,0.250178962945938,266.080047592521,0,12.9663540273905,0,0.780827522277832,0.316636562347412,86.2580667287111,0,0,0,0.330602049827576,32.7785617187619,0.226032987236977,0,0,0,0,14.2545264661312,0,0,0,0,0,36.0177937597036,0,67.6760851293802,6.73983810842037,351.276555150747,2.17706564068794,756.310844525695,0,0
70.7129484266043,0,0,0,4.715929210186,0,0,0,222.760894015431,0,0,0,11.0170697271824,0,66.4789256453514,0,0,0,0,0,2.31553864479065,0,0,0,0,0,0,0,0,0,0,0,0,0,0,0,10.4340260326862,0,0.768088042736053,0,0,0,9.96880127489567,0,0,0,2.41693377494812,0,30.8114344924688,0,0,0,0,0,86.6025349795818,0,0.203750550746918,0,11.3262486457825,0,58.816162109375,0,0,60.1235752850771,0,0,0,0,0,0.283526450395584,0,12.3840059489012,0,3.33373853564262,0,0,0,0,0,1.14613020420074,0,1.63123941421509,14.8504200130701,1.23611626029015,149.678765878081,0,0
0,51.2885134965181,0,0,0,61.0992925465107,0,0,0,506.605118453503,0,0.984168946743011,0,0.333287298679352,0,20.7367254495621,0.175730779767036,0,6.18381989747286,10.8832529187202,0,0,0,0,0,0,0,0,0,0,0,0,0,0,0,139.437258273363,1.26233917474747,0,0,36.3181321173906,0,85.4508698284626,3.17318549752235,0,0,55.7124578803778,0,0,1.13676731288433,158.395236849785,0,36.5051963180304,0,0,0,132.032227173448,0,18.8205143809319,0,30.8639082312584,0,187.439190343022,102.366140067577,0.865141689777374,0,0,0,0,0,0,0.194505795836449,0,1.50503274798393,0,0,0,0,0,230.389627560973,1.16370482742786,3.8235045298934,0,215.049453988671,0,473.647170528769,0,0
0,0,4.715929210186,0,0,0,0,0,58.6712046414614,0,0,0,4.94575089216232,0,58.8626271039248,0,0.854167729616165,0,0,0,0.239240720868111,0,0,0,0,0,0,0,0,0,0,0,0,0,0,0,0,0,0,0,0,0,0,0,0,0,0,0,0.347586542367935,0,0,0,1,0,25.9667465686798,0,2.35231773555279,0,2.46205288171768,0,88.4616708904505,0,0,0,0,0,0,0,0,0,0,0,0,0,0,0,0,0,0,0.744358539581299,0,0,158.55911411345,0.146299064159393,1.2923259139061,0,0
0,2.88086104393005,0,61.0992925465107,0,0,0,0,0,368.546908512712,0,1.00565230846405,0,0.653496146202087,0,38.1518574506044,0,0,0,5.38766092061996,0,0,0,0,0,0,0,0,0,0,0,0,0,0,0,21.4804207980633,0,0,0,0,0,2.41784977912903,0,0,0,0,0,0,0,0,0,277.864708632231,0,9.00964426994324,0,7.32045522332191,0,1.47811332345009,0,0,0,2.50047677755356,2.64567935466766,0,0,0,0,0,0,0,0,0,0,0,0,0,0,0,0.701108530163765,0,0,0,255.106108859181,155.095494627953,101.872373431921,0,0
0,0,0,0,0,0,0,0,0,0,0,0,0,0,0,0,0,0,0,0,0,0,0,0,0,0,0,0,0,0,0,0,0,0,0,0,1,0,0,0,0,0,0,0,0,0,0,0,0,0,0,0,0,0,0,0,0,0,0,0,0,0,0,0,0,0,0,0,0,0,0,0,0,0,0,0,0,0,0,0,0,0,183.428856372833,0,0,0,0
0,0,0,0,0,0,0,0,0,0,0,0,0,0,0,0,0,0,0,0,0,0,0,0,0,0,0,0,0,0,0,0,0,0,0,0,0,0,0,0,0,0,0,0,0,0,0,0,0,0,0,89.1372891962528,0,113.702148497105,0,0,0,43.2003650665283,0,0,0,0,0,0,0,0,0,0,0,0,0,0,0,0,0,0,0,0,0,0,0,0,38.0020939707756,26.2527782917023,0,0,0
926.221131876111,0.347491040825844,222.760894015431,0,58.6712046414614,0,0,0,0,0.130687177181244,5.7071008682251,0,0,0,109.025212600827,0,130.197833389044,0.613518863916397,140.267690852284,0,4.69996556639671,0,0,0,37.341657653451,0,1.0617573261261,0,0,0,0,0,0,0,0,0,9.86891677975655,0.236242294311523,87.0869661420584,1.03136575222015,0.524808526039124,0.1474639326334,222.725567504764,0,0,0.300437748432159,30.5836233347654,0.219646766781807,300.530761644244,0,0,0,0,0,26.6837149560452,0,3.35845947265625,0,2.06731766462326,0,41.0887164026499,0,0,17.1168093457818,0,0,0,32.0798100084066,0,10.7481100857258,0,253.359219014645,0,166.513148710132,0,0,0,0,0,33.2747317403555,0,183.443467631936,622.614657178521,64.8082450777292,468.760526940227,0,0
0,1190.62467509508,0,506.605118453503,0,368.546908512712,0,0,0.130687177181244,0,0,0,0,0.311233878135681,0,190.489968001842,0.281834453344345,127.51200067997,46.8704799413681,0,0,0,0,251.638218417764,0,35.6292997226119,0,0,0,0,0,0,0,0,0,12.1579467058182,0,29.2330401018262,0.17084576189518,55.4499158710241,0,363.557312756777,2.20481096208096,0,0,22.7204758226871,0,0.278705708682537,3.02171072363853,281.172692090273,0,12.2578215450048,0,0,0.169775977730751,427.517787069082,0,78.542407348752,0,1.02110433578491,0,18.3957132697105,0.801824122667313,0.573272228240967,0,0,16.2938379049301,0.27342101931572,0.284470543265343,0,3.32947838306427,0,51.7887989580631,0,0,0,0,0,20.3123544678092,0.188769802451134,14.78350777179,0.710290938615799,1459.57032518834,1429.86752794683,605.397023998201,0,0
0,0,0,0,0,0,0,0,5.7071008682251,0,0,0,74.3469921052456,0,0.280375570058823,0,0,0,0,0,381.708315685391,0,0,0,0,0,0,0,0,0,0,0,0,0,0,0,16.4732563495636,0,302.181089311838,0,0,0,0,0,0,0,0,0,0,0,0,0,0,0,0,0,1321.26937004924,0,15.2719612419605,0,0,0,0,27.0231190174818,0,0,0,0,0,0,0,0,0,96.2574651241302,0,0,0,0,0,2.51495476067066,0,36.7766245603561,321.983470201492,0,2.43747475743294,0,0
0,0,0,0.984168946743011,0,1.00565230846405,0,0,0,0,0,0,0,184.472801059484,0,0,0,0,0,706.296400606632,0,0,0,0,0,0,0,0,0,46.0436934828758,0,0,0,0,0,287.073288798332,0,726.349477082491,0,0,0,0,0,0,0,0,0,0,0,0,0,11.5948810279369,0,0,0,1.95461997389793,0,2119.20606808364,0,150.096844986081,0,0,17.1128978729248,0,0,0,0,0,0,0,0,0,150.744814872742,0,0,0,0,0,5.37795281410217,0,97.0278712809086,0,180.961724311113,13.2696629166603,33.5789169073105,0,0
2.79422774910927,0,11.0170697271824,0,4.94575089216232,0,0,0,0,0,74.3469921052456,0,0,0,288.15185764432,0,8.56271648406982,0,0,0,19.0130102783442,0,0,0,0,0,0,0,3.3977016210556,0,0,0,0,0,0,0,63.3414084613323,0,0,0,0.783733785152435,0,2.12283581495285,0,0,0,1.75657992064953,0,10.0886707603931,0,0,0,0,0,1.94045001268387,0,123.844249382615,0,1062.75156837702,0,53.5609690248966,0,0,154.152039557695,0,0,0,0.658147752285004,0,2.21957597136497,0,22.0685049891472,0,0,0,0,0,0,0,2.62666049599648,0,0,232.646891504526,2.00958690047264,77.5270817577839,0,0
0,0,0,0.333287298679352,0,0.653496146202087,0,0,0,0.311233878135681,0,184.472801059484,0,0,0,177.321707367897,0,0,0,0,0,0,0,0,0,0,0,177.061046749353,0,0,0,0,0,0,0,0.282695919275284,0,0,0,0,0,0,0,0,0,0,0,0,0,0,0,1.44659668207169,0,0,0,0,0,2.23771326243877,0,1310.2409710288,0,114.891632080078,0,0,0,0,0,0,0,0,5.04878640174866,0,0,0,0,0,0,0,0,0,0,0,114.943478018045,775.816668331623,2.79818096756935,0,0
95.2333357334137,0,66.4789256453514,0,58.8626271039248,0,0,0,109.025212600827,0,0.280375570058823,0,288.15185764432,0,0,0,118.185076355934,0,0.998501271009445,0,10.5259309709072,0,0,0,0,0,24.9817564189434,0,3.5466992855072,0,0,0,0,0,0,0,58.6358646005392,0,0,0,0,0,22.8606535643339,0,0,0,35.8584560900927,0,90.987921744585,0,0.605723917484283,0,0,0,12.9756105542183,0,15.6214006543159,0,507.870935946703,0,477.055693536997,0,0,40.6395132392645,0,0,0,1.73251187801361,0,86.5971334278584,0,72.4075672626495,0,1.51937827467918,0,0,0,0,0,0.762478917837143,0,0.350281089544296,411.002172842622,18.8402369022369,115.285620331764,0,0
0,8.37838566303253,0,20.7367254495621,0,38.1518574506044,0,0,0,190.489968001842,0,0,0,177.321707367897,0,0,0,72.2904461920261,0,0,0,0,0,160.004423588514,0,26.0900180786848,0,0,0,0,0,0,0,0,0,0.601932048797607,0,0,0,1.83235186338425,0,9.47160531580448,0,0,0,0.8082055747509,0,0,0,2.00651425123215,0,7.75225980579853,0,0,0,6.66001485288143,0,0,0,43.6942329406738,0,477.112288102508,0,0,0,0,0.241206735372543,0,1.20865380764008,0,0,0,0,0,0,0,0,0,2.43965902924538,0,0,0,112.964423328638,151.360047250986,3.9687847495079,0,0
9.88817720115185,0,0,0.175730779767036,0.854167729616165,0,0,0,130.197833389044,0.281834453344345,0,0,8.56271648406982,0,118.185076355934,0,0,12552.1607536897,3876.27868426591,0,3.18547347187996,6.57069543004036,1225.99641792476,0,132.188727766275,4.57614088058472,386.499626114964,0,0,0,0,0,0,0,0,0,0,0,9.78120955824852,42.5052553117275,7.77210278809071,5.14931769669056,64.7838364169002,0.346527829766273,10.5638428777456,4.86213220655918,87.0137014389038,0,6.88484062254429,0,0,0,0,0,8.14517557621002,0,0,0,0,0,24.5978702306747,0,1.11206831037998,170.624106369913,0,94.0877143740654,0,14.0432400107384,0,4.50601720809937,0,2.00911167263985,0,12.2526614740491,0,0,0,0,15.7936109080911,102.507868662477,2.20939381420612,56.4700878039002,6564.19071806222,14902.5676990077,134.120224371552,2.90111446380615,3.55757904052734
3.40131787955761,0,0,0,0,0,0,0,0.613518863916397,127.51200067997,0,0,0,0,0,72.2904461920261,12552.1607536897,0,3243.54303215444,0,0.157588273286819,713.302684143186,54.7101524025202,709.672111347318,0,848.166861459613,0,66.0698993206024,0,0,0,0,0,0,0,0,1.06185328960419,0,1.69038355350494,108.613557100296,3.00282037258148,19.7969212085009,34.252960562706,0.432825118303299,3.8463176637888,15.259442538023,34.5506922006607,0,2.74049665033817,0.427099868655205,0,0,0,0,0,0,0,0.736519455909729,0,0,0,0,0.660032883286476,49.5370796471834,100.183850646019,0,5.08691558241844,0,161.044811248779,0,0,0.18406243622303,0,6.59129440784454,0,0,0,0,35.6355360075831,30.2999610602856,14.9458799660206,25.626282967627,6600.2937657088,19417.1468432248,92.787520185113,0.453975796699524,2.26664328575134
97.6069451570511,150.280102819204,0,6.18381989747286,0,0,0,0,140.267690852284,46.8704799413681,0,0,0,0,0.998501271009445,0,3876.27868426591,3243.54303215444,0,0,37.1648504883051,0.64835786819458,5.06000442802906,0.498849421739578,0,2.35898856818676,0,0,0,0,0,0,0,0,0,0.907706692814827,4.35176280140877,0,26.5326627865434,3072.02378295362,120.66824413836,948.784538246691,1159.52126447111,24.9190118834376,292.414872735739,816.80657082051,735.041942387819,0,47.4925693422556,48.0093395113945,0,0,0,0,0.778145879507065,2.59583710134029,0,31.5991217792034,0.623885214328766,0,1.27626366913319,0.541311144828796,77.4777585566044,1094.77718443424,0,0,0,0,0,0,0,20.6508723199368,19.2927209287882,84.2780460044742,0,0,0,0,1130.53749796748,755.118017710745,469.218753881752,655.507884822786,5810.33502192795,146.416875943542,3538.80929990858,14.7466984242201,26.0087436437607
0,0,0,10.8832529187202,0,5.38766092061996,0,0,0,0,0,706.296400606632,0,0,0,0,0,0,0,0,0,0,0,0,0,0,0,0,0,0,0,0,0,0,0,571.660502433777,0,2.35313126444817,0,0,0,0,0,0,0,168.187472060323,0,0,0,0,0,0,0,0,0,0,0,21.2911269664764,0,0,0,0,2237.35176752508,0,0,0,0,0,0,0,0,0,0,0,0,0,0,0,286.246203139424,0,0,0,45.114987924695,0,143.749091997743,0,0
11.6223139166832,0,2.31553864479065,0,0.239240720868111,0,0,0,4.69996556639671,0,381.708315685391,0,19.0130102783442,0,10.5259309709072,0,3.18547347187996,0.157588273286819,37.1648504883051,0,0,0,0,0,0.281677156686783,0,0,0,0,0,0,0,0,0,0,0,960.797259882092,0,622.277131401002,0.338267683982849,0,0,8.81552435457706,0,3.47400560975075,0,93.0753637999296,0,4.16275154054165,0,0,0,0,0,0.322869420051575,0,401.021417304873,0,34.4683280438185,0,27.0687080472708,0,0,1630.0806684792,0,0,0,0,0,0,0,3.85434278100729,0,6.66643267869949,0,0,0,0,0,285.690865330398,0,268.492653511465,697.92066975683,0,242.295215904713,0,0
0,0,0,0,0,0,0,0,0,0,0,0,0,0,0,0,6.57069543004036,713.302684143186,0.64835786819458,0,0,0,543.678991287947,246.917101278901,0.236370101571083,182.106341913342,0,108.909423440695,0,0,0,0,0,0,0,0,0,1058.91127079725,0,0,0,0,0,0,0,0,0,0.922430321574211,0,113.913167193532,0,0,0,0,0,0,0,0,0,0,0,0,0,0,9376.62962839007,77.3263808488846,91.0196701735258,0,15.32665617764,0,170.426716923714,0,0,0,0,0,0,0,0,0,133.32519313693,0,639.025018185377,648.893715620041,0.484968900680542,0,0
0,0.143693864345551,0,0,0,0,0,0,0,0,0,0,0,0,0,0,1225.99641792476,54.7101524025202,5.06000442802906,0,0,543.678991287947,0,0.16902819275856,133.723563805223,0,16.9521621614695,0,167.755858719349,0,0,0,0,0,0,0,0,1.56632019579411,997.643123582006,0,0,0,1.47226984798908,0,0,0,0,3.35841602087021,22.0573500692844,0.240357488393784,0,0,0,0,0,0.484658420085907,0,0,0,0,0,0,0,0,8.38107351958752,4797.22310975194,0.387293994426727,214.783073738217,0,40.9857149273157,0,179.138174057007,0,0,0,0,0,0,0,0,0.27192622423172,1283.91948346794,941.987387016416,282.025994792581,2.98428219556808,0,0
0,8.44563844799995,0,0,0,0,0,0,0,251.638218417764,0,0,0,0,0,160.004423588514,0,709.672111347318,0.498849421739578,0,0,246.917101278901,0.16902819275856,0,0.555475860834122,192.280212178826,0,0,0,0,0,0,0,0,0,0,0,462.008093610406,1.17125454545021,0.19329047203064,0,5.46102897822857,0,0,0,0,0,3.61451545357704,0.400576084852219,9.75153650343418,0,0,0,0,0.368367955088615,155.28387182951,0,0.412384629249573,0,0,0,12.7494199424982,0,0,519.004644811153,0,939.551489546895,0.510700792074203,46.1977092325687,0,0,0,1.85111144185066,0,0,0,0,0,0,0,58.8899635970592,2.54132828116417,68.3309035748243,1.10328796505928,5.02181589603424,0,0
70.2864035665989,1.25915663689375,0,0,0,0,0,0,37.341657653451,0,0,0,0,0,0,0,132.188727766275,0,0,0,0.281677156686783,0.236370101571083,133.723563805223,0.555475860834122,0,0,399.290646716952,0,0,0,0,0,0,0,0,0,0.386483281850815,7.73789308965206,399.985112026334,0,0,0,67.5321081876755,0,0,0,0,20.9108261317015,12.6176447868347,3.52939680218697,0,0,0,0,71.4113057553768,0.267345979809761,0,0,0.524115204811096,0,24.3706488013268,0,0,0.241204679012299,0.250427395105362,57.9558995962143,1.7565443366766,744.910556823015,0,59.7162837982178,0,23.8637915253639,0,0,0,0,0,0,0,0,1.55760000646114,76.2876536101103,200.951278418303,2.95095393061638,29.2898499518633,0,0
0,0,0,0,0,0,0,0,0,35.6292997226119,0,0,0,0,0,26.0900180786848,4.57614088058472,848.166861459613,2.35898856818676,0,0,182.106341913342,0,192.280212178826,0,0,0,73.1481362879276,0,0,0,0,0,0,0,0,0,0.67721101641655,0,0.130402311682701,0,0,0,0,0,0,0,0,0,0,0,0,0,0,0,0.828296169638634,0,0,0,0,0,1.9255296587944,0,0,42.211447507143,0,5.84563013911247,0,461.826056569815,0,123.844648748636,0,0,0,0,0,0,0,0,0,0,1.28480017185211,58.3604187071323,5.08586278557777,0,0,0
0,0,0,0,0,0,0,0,1.0617573261261,0,0,0,0,0,24.9817564189434,0,386.499626114964,0,0,0,0,0,16.9521621614695,0,399.290646716952,0,0,0,0,0,0,0,0,0,0,0,0,0,0,0,0,0,0.507952839136124,0,0,0,0,1.81702035665512,0,0,0,0,0,0,1.75521311163902,0,0,0,0,0,12.8460677564144,0,0,0,0,23.2381785064936,0,1.83635532855988,0,1005.93516886234,0,0,0,0,0,0,0,0,0,0,0,0,100.322740286589,0,0,0,0
0,0,0,0,0,0,0,0,0,0,0,0,0,177.061046749353,0,0,0,66.0698993206024,0,0,0,108.909423440695,0,0,0,73.1481362879276,0,0,0,15.3358238190413,0,0,0,0,0,0,0,35.5439650714397,0,0,0,0,0,0,0,0,0,0,0,0,0,0,0,0,0,0,0,0,0,280.054286956787,0,0,0,0,36.4394129514694,0,0,0,20.9125902056694,0,2227.16381177306,0,6.40179584920406,0,0,0,0,0,0,0,1.28909668326378,0,435.677439957857,22.8747119903564,0,0,0
0,0,0,0,0,0,0,0,0,0,0,0,3.3977016210556,0,3.5466992855072,0,0,0,0,0,0,0,167.755858719349,0,0,0,0,0,0,0,102.59026658535,0,0,0,0,0,0,0,33.570196211338,0,0,0,0,0,0,0,0,0,0,0,0,0,0,0,0,0,0.766978919506073,0,73.142242193222,0,0,0,0,0,0,0.315416485071182,0,0,0,1,0,589.888643398881,0,6.56968063116074,0,0,0,0,0,0,0,0,298.030423551798,16.9077653884888,0,0,0
0,0,0,0,0,0,0,0,0,0,0,46.0436934828758,0,0,0,0,0,0,0,0,0,0,0,0,0,0,0,15.3358238190413,0,0,0,0,0,0,0,0,0,759.712427645922,0,0,0,0,0,0,0,0,0,0,0,0,0,0,0,0,0,0,0,5.15998569130898,0,0,0,0,0,0,0,0,0,0,0,0,273.551819905639,0,901.701717287302,0,0,0,0,0,0,0,72.4768803715706,0,149.26743337512,0,0,0,0
0,0,0,0,0,0,0,0,0,0,0,0,0,0,0,0,0,0,0,0,0,0,0,0,0,0,0,0,102.59026658535,0,0,0,0,0,0,0,0,0,138.578296452761,0,0,0,0,0,0,0,0,0,0,0,0,0,0,0,0,0,0,0,0,0,0,0,0,0,0,0,0,0,0,0,0,21.9387746453285,0,737.424525856972,0,0,0,0,0,0,0,42.7358618378639,45.7263693809509,0,0,0,0
0,0,0,0,0,0,0,0,0,0,0,0,0,0,0,0,0,0,0,0,0,0,0,0,0,0,0,0,0,0,0,0,251.858701586723,71.7211885452271,0,269.759774461389,1,0,0,0,0,0,0,0,0,0,0,235.624174997211,0,0,0,0,0,0,0,0,0,0,0,0,0,0,0,0,0,0,0,0,0,0,0,0,0,0,148.23610880971,98.6964007019997,0,0,46.5888904035091,0,0,0,195.433288961649,0,0,0,0
0,0,0,0,0,0,0,0,0,0,0,0,0,0,0,0,0,0,0,0,0,0,0,0,0,0,0,0,0,0,0,251.858701586723,0,0,95.5870158672333,1.77480220794678,85.0537136793137,0,0,0,0,0,0,0,0,0,0,262.382184773684,0,0,0,0,0,0,0,0,0,0,0,0,0,0,0,0,0,0,0,0,0,0,0,0,0,0,63.7622563689947,524.436218082905,0,52.3030573427677,0,138.609514221549,0,0,282.912096738815,0,0,0,0
0,0,0,0,0,0,0,0,0,0,0,0,0,0,0,0,0,0,0,0,0,0,0,0,0,0,0,0,0,0,0,71.7211885452271,0,0,1341.98686510324,167.861548490822,0,325.171382218599,0,0,0,0,0,0,0,0,0,1192.16381069273,0,7.20628808438778,0,0,0,0,0,0,0,0,0,0,0,0,0,0,0,0,0,0,0,0,0,0,0,0,3.4134134054184,0,1982.42811341584,221.483115702868,344.746196568012,0,256.368967965245,0.643069505691528,392.89987462759,3.99721947312355,0,0,0
0,0,0,0,0,0,0,0,0,0,0,0,0,0,0,0,0,0,0,0,0,0,0,0,0,0,0,0,0,0,0,0,95.5870158672333,1341.98686510324,0,0,216.006921708584,45.7073038220406,190.510522767901,0,0,0,0,0,0,0,0,1177.21723695099,31.5159958899021,0,0,0,0,0,0,0,0,0,0,0,0,0,0,0,0,0,0,0,0,0,0,0,0,0,0,0,365.768341243267,2389.23275005817,0,77.3385681509972,84.3151968717575,591.411663427949,265.710291445255,0,0,0,0
0,0,0,139.437258273363,0,21.4804207980633,0,0,0,12.1579467058182,0,287.073288798332,0,0.282695919275284,0,0.601932048797607,0,0,0.907706692814827,571.660502433777,0,0,0,0,0,0,0,0,0,0,0,269.759774461389,1.77480220794678,167.861548490822,0,0,724.443355172873,1209.79978372157,0,0.738599002361298,27.3935170471668,0,0,0,0,103.993769556284,0,409.461367376149,5.20481112599373,2.51771008968353,0,3.41872695088387,0,0,0,0.69932609796524,0,2.63846254348755,0,0.601320773363113,0,3.14577901363373,689.077941134572,0,0,0,0,0,0,0,0,0,0,0,70.5454308092594,6.10872173309326,76.5490741729736,0,10347.0386983603,321.9172270298,1014.30520150065,0,2341.82320302725,554.707800090313,56.1249172240496,0,0
1.91990526020527,0,10.4340260326862,1.26233917474747,0,0,1,0,9.86891677975655,0,16.4732563495636,0,63.3414084613323,0,58.6358646005392,0,0,1.06185328960419,4.35176280140877,0,960.797259882092,0,0,0,0.386483281850815,0,0,0,0,0,0,1,85.0537136793137,0,216.006921708584,724.443355172873,0,0,622.110066585243,0,342.787042379379,0,0.460303604602814,0,0,0,0.186370939016342,130.622718274593,8.13872873783112,0.439050316810608,0,1.37343394756317,0,0,0.23309463262558,0,81.904346704483,0,54.2234609127045,0,75.0607049912214,0,0,395.971844412386,0,0,0,0,0,0,0,4.16472837328911,0,3.50276724994183,0,8.18544548749924,0,38.4425257593393,418.0870000422,11138.0814978108,0,1767.96431109309,2452.86497346312,587.125723972917,268.870136745274,0,0
3.42918239533901,104.782540291548,0,0,0,0,0,0,0.236242294311523,29.2330401018262,0,726.349477082491,0,0,0,0,0,0,0,2.35313126444817,0,1058.91127079725,1.56632019579411,462.008093610406,7.73789308965206,0.67721101641655,0,35.5439650714397,0,759.712427645922,0,0,0,325.171382218599,45.7073038220406,1209.79978372157,0,0,314.111555993557,0,0,6.97370089590549,0.206803321838379,0,0,1.34676373004913,0,1114.50593867898,0.830178871750832,183.452231258154,0,0,0,0,3.3297775387764,64.1629831269383,0,106.030598789454,0,0,0.186778217554092,2.06436109542847,4.51270923018456,0,630.410117402673,4.22467456758022,644.857498914003,2.64740268886089,0,0,28.5974320918322,0,315.714182406664,0,0,0,52.6783654689789,0,424.329606577754,0,8405.3724713847,52.913467168808,1015.56450282037,725.111682534218,22.5304601341486,0,0
59.2199270129204,2.21717290580273,0.768088042736053,0,0,0,0,0,87.0869661420584,0.17084576189518,302.181089311838,0,0,0,0,0,9.78120955824852,1.69038355350494,26.5326627865434,0,622.277131401002,0,997.643123582006,1.17125454545021,399.985112026334,0,0,0,33.570196211338,0,138.578296452761,0,0,0,190.510522767901,0,622.110066585243,314.111555993557,0,0,0,0,64.5371327102184,0,0.544512331485748,0,24.1757819205523,411.793713122606,199.077041476965,2.14204753935337,0,0,0,0,92.0326059609652,0.848049640655518,82.3414986133575,0,2.44132176041603,0,6.9503818154335,0,0,232.681988082826,2.69964011013508,293.124869793653,4.22757908701897,341.028691619635,0,3.30510613322258,0,86.6285523176193,0,108.041622951627,0,0,0,6.86641456186771,0,801.683120012283,25.0726034641266,13938.8573698401,1461.77653336525,358.061574444175,187.322716809809,0,0
1.92062401771545,61.4965355843306,0,36.3181321173906,0,0,0,0,1.03136575222015,55.4499158710241,0,0,0,0,0,1.83235186338425,42.5052553117275,108.613557100296,3072.02378295362,0,0.338267683982849,0,0,0.19329047203064,0,0.130402311682701,0,0,0,0,0,0,0,0,0,0.738599002361298,0,0,0,0,0.426756918430328,1638.14454565942,12.9433161765337,16.2586900517344,2.02445676922798,169.243378870189,0.815788760781288,0,1.40864251554012,214.631597109139,0,0,0,0,0,1.92249865829945,0,14.4758547097445,0,0,0,5.99091976881027,110.423416815698,3.33631180226803,0,0,1.47242620587349,0,0,0,0.398933053016663,0.241524115204811,6.7454282194376,0.851400196552277,0,0,0,0,143.061395078897,2.79983960092068,53.1100024133921,6.51322834193707,869.982242509723,3.90771497786045,856.805434703827,15.7186440229416,0
1.10120366513729,0,0,0,0,0,0,0,0.524808526039124,0,0,0,0.783733785152435,0,0,0,7.77210278809071,3.00282037258148,120.66824413836,0,0,0,0,0,0,0,0,0,0,0,0,0,0,0,0,27.3935170471668,342.787042379379,0,0,0.426756918430328,0,0,114.242573708296,0,3.96091605722904,0.565816879272461,13.9271553307772,11.9827230274677,2048.9629407227,0,0,0,0,0,0.217664703726768,0,0,0.167039796710014,0,0,0,0,0,6.58492425084114,0,0,0,0,0,0,0,0.775673389434814,0,1.63695120811462,0,0,0,0,5.0304791033268,1263.61169530451,0,15.7544559985399,53.8206589072943,157.399128675461,122.793774500489,0,9.26738426089287
0,658.859136894345,0,85.4508698284626,0,2.41784977912903,0,0,0.1474639326334,363.557312756777,0,0,0,0,0,9.47160531580448,5.14931769669056,19.7969212085009,948.784538246691,0,0,0,0,5.46102897822857,0,0,0,0,0,0,0,0,0,0,0,0,0,6.97370089590549,0,1638.14454565942,0,0,10.8615279495716,4.58806262910366,2.2070979475975,232.637082055211,1.90265691280365,1.21065607666969,0,303.919464305043,0,0,0,0,0,53.8435423374176,0,40.14058996737,0,0,0,17.5954050570726,52.4514965415001,0,0,0,12.065118521452,0,0,0,0,0,19.0983222723007,0.502398371696472,0,0,0,0,186.679710127413,0.226612657308578,52.4887168928981,0.212154358625412,1820.75151926279,7.26593540608883,1089.36506753415,3.1060413569212,0
325.855925530195,0,9.96880127489567,3.17318549752235,0,0,0,0,222.725567504764,2.20481096208096,0,0,2.12283581495285,0,22.8606535643339,0,64.7838364169002,34.252960562706,1159.52126447111,0,8.81552435457706,0,1.47226984798908,0,67.5321081876755,0,0.507952839136124,0,0,0,0,0,0,0,0,0,0.460303604602814,0.206803321838379,64.5371327102184,12.9433161765337,114.242573708296,10.8615279495716,0,0.13485124707222,106.247212290764,0.197675123810768,1044.23136593401,43.8973423540592,2497.51611533761,39.7852591723204,0,0,0,0,83.8476501852274,0.697944149374962,0,0.351041525602341,3.92354494333267,0,42.4655180722475,0,0,1089.67243099213,0,3.31367194652557,0,30.8730182498693,0,3.23564401268959,0,98.4879502058029,0,195.910413868725,0,0,0,0,2.08304500579834,207.595385275781,1.42237031459808,359.116955310106,1885.50209984183,1.53129233419895,1572.87633433938,0,53.667663782835
0,0,0,0,0,0,0,0,0,0,0,0,0,0,0,0,0.346527829766273,0.432825118303299,24.9190118834376,0,0,0,0,0,0,0,0,0,0,0,0,0,0,0,0,0,0,0,0,16.2586900517344,0,4.58806262910366,0.13485124707222,0,1.08361920714378,4.31855370104313,0,0,0,1.19149994850159,0,0,0,0,0,0,0,0,0,0,0,0,1.40212386846542,0,0,0,0,0,0,0,0,0,0,0,0,0,0,0,1.24875929951668,0,0.279992163181305,0,46.1366454213858,0,2.85802660882473,0,0
7.81700927019119,0,0,0,0,0,0,0,0,0,0,0,0,0,0,0,10.5638428777456,3.8463176637888,292.414872735739,0,3.47400560975075,0,0,0,0,0,0,0,0,0,0,0,0,0,0,0,0,0,0.544512331485748,2.02445676922798,3.96091605722904,2.2070979475975,106.247212290764,1.08361920714378,0,0.343716681003571,91.6090606898069,0,2.39204557240009,0,0,0,0,0,0,0,0,0,0,0,0,0,0,110.610326521099,0,0,0,0,0,0,0,2.10679362714291,0,0.393668442964554,0,0,0,0,2.44449305534363,28.9735285937786,2.35462963581085,11.5306177139282,126.310534715652,1.95047926902771,33.4580505788326,0,2.16770792007446
0,37.9198487699032,0,55.7124578803778,0,0,0,0,0.300437748432159,22.7204758226871,0,0,0,0,0,0.8082055747509,4.86213220655918,15.259442538023,816.80657082051,168.187472060323,0,0,0,0,0,0,0,0,0,0,0,0,0,0,0,103.993769556284,0,1.34676373004913,0,169.243378870189,0.565816879272461,232.637082055211,0.197675123810768,4.31855370104313,0.343716681003571,0,0,0,0,36.1591930091381,0,0,0,0,0,4.45498311519623,0,15.0518407449126,0,0,0,1.73079499602318,1474.74486903101,1.35373538732529,0,0,0,0,0,0,0,0,7.34865707159042,0,0,0,0,0,248.510134488344,0.516289889812469,164.060028716922,0,280.202049955726,0.199506178498268,2574.17296001315,6.23240613937378,0
152.202229842544,0,2.41693377494812,0,0,0,0,0,30.5836233347654,0,0,0,1.75657992064953,0,35.8584560900927,0,87.0137014389038,34.5506922006607,735.041942387819,0,93.0753637999296,0,0,0,0,0,0,0,0,0,0,0,0,0,0,0,0.186370939016342,0,24.1757819205523,0.815788760781288,13.9271553307772,1.90265691280365,1044.23136593401,0,91.6090606898069,0,0,0,84.2685754299164,0,0,0,0,0,1.53287680447102,0,0.979291245341301,0,7.06776860356331,0,25.1966072767973,0,0,794.245504066348,0,0,0,0.616695627570152,0,0,0,44.3743683323264,0,52.0083049088717,0,0,0,0,1.68162342905998,175.949708923697,0,179.511377386749,228.606200285256,1.82499793171883,379.037944950163,0,10.1238419115543
3.6532659381628,1.27077285945415,0,0,0,0,0,0,0.219646766781807,0.278705708682537,0,0,0,0,0,0,0,0,0,0,0,0.922430321574211,3.35841602087021,3.61451545357704,20.9108261317015,0,1.81702035665512,0,0,0,0,235.624174997211,262.382184773684,1192.16381069273,1177.21723695099,409.461367376149,130.622718274593,1114.50593867898,411.793713122606,0,11.9827230274677,1.21065607666969,43.8973423540592,0,0,0,0,0,2288.94865876436,1127.84388488531,0,0,0,0,3.41545188426971,0.328733056783676,0,0,0,0,0,0,0,0,9.35828967392445,11.1770317405462,11.3193486183882,12.6357358843088,0,0,0,0,0,0,215.445187695324,12.9492993354797,11.1585770845413,132.80156083405,519.73997014761,312.396049648523,76.9901410341263,694.045227512717,1494.02776095271,27.6096327602863,451.164315983653,0,0
324.203496024013,0,30.8114344924688,1.13676731288433,0.347586542367935,0,0,0,300.530761644244,3.02171072363853,0,0,10.0886707603931,0,90.987921744585,0,6.88484062254429,2.74049665033817,47.4925693422556,0,4.16275154054165,0,22.0573500692844,0.400576084852219,12.6176447868347,0,0,0,0,0,0,0,0,0,31.5159958899021,5.20481112599373,8.13872873783112,0.830178871750832,199.077041476965,1.40864251554012,2048.9629407227,0,2497.51611533761,0,2.39204557240009,0,84.2685754299164,2288.94865876436,0,91.0641059577465,0,0,0,0,130.133771762252,0,27.1817303448915,0,62.350927233696,0,166.264568403363,0,0,74.7487961128354,0,32.3224419504404,0,21.6201041638851,0,70.1740634441376,0,533.615290507674,0,44.3889413625002,0,0,0,0,5.46354272961617,358.747522674501,0.806160062551498,294.167828708887,1468.8219300434,0,1532.79535956681,0,0
1.2379555106163,619.843318879604,0,158.395236849785,0,0,0,0,0,281.172692090273,0,0,0,0,0,2.00651425123215,0,0.427099868655205,48.0093395113945,0,0,113.913167193532,0.240357488393784,9.75153650343418,3.52939680218697,0,0,0,0,0,0,0,0,7.20628808438778,0,2.51771008968353,0.439050316810608,183.452231258154,2.14204753935337,214.631597109139,0,303.919464305043,39.7852591723204,1.19149994850159,0,36.1591930091381,0,1127.84388488531,91.0641059577465,0,0,0,0,0,0.178704246878624,15.7176851332188,0,99.3637930750847,0,1.21020400524139,1.84924226999283,107.816028535366,0.703840747475624,0,439.932362362742,0.515459537506104,14.6540078520775,0.553984180092812,170.572581768036,0.340482831001282,36.0008556395769,0,10.0076684951782,0,0,0,0,0,77.568886116147,0,148.642152026296,5.52725696563721,1931.51954565942,10.3119516670704,701.769177027047,0,0
0,0,0,0,0,0,0,0,0,0,0,0,0,0,0.605723917484283,0,0,0,0,0,0,0,0,0,0,0,0,0,0,0,0,0,0,0,0,0,0,0,0,0,0,0,0,0,0,0,0,0,0,0,0,0,0,0,0,0,0,0,0,0,64.072982147336,0,0,0,0,0,0,0,0,0,0,0,0,0,0,0,0,0,0,0,0,0,0.171699225902557,0,0,0,0
0,0,0,36.5051963180304,0,277.864708632231,0,89.1372891962528,0,12.2578215450048,0,11.5948810279369,0,1.44659668207169,0,7.75225980579853,0,0,0,0,0,0,0,0,0,0,0,0,0,0,0,0,0,0,0,3.41872695088387,1.37343394756317,0,0,0,0,0,0,0,0,0,0,0,0,0,0,0,0,6.5754446387291,0,0,0,34.1604625582695,0,0.500268578529358,0,0.667327478528023,0.218093857169151,0,0,0,0,0,0,0,0,0,0,0,0,0,0,0,1.30285766720772,0,0,0,58.7927493453026,0,55.9688261151314,0,0
0,0,0,0,1,0,0,0,0,0,0,0,0,0,0,0,0,0,0,0,0,0,0,0,0,0,0,0,0,0,0,0,0,0,0,0,0,0,0,0,0,0,0,0,0,0,0,0,0,0,0,0,0,0,0,0,0,0,0,0,0,0,0,0,0,0,0,0,0,0,0,0,0,0,0,0,0,0,0,0,0,0,0,0,0,0,0
0,0,0,0,0,9.00964426994324,0,113.702148497105,0,0,0,0,0,0,0,0,0,0,0,0,0,0,0,0,0,0,0,0,0,0,0,0,0,0,0,0,0,0,0,0,0,0,0,0,0,0,0,0,0,0,0,6.5754446387291,0,0,0,0,0,86.4344873428345,0,1.96102130413055,0,0,0,0,0,0,0,0,0,0,0,0,0,0,0,0,0,0,0,0,0,0,65.861518740654,0,0,0,0
109.381551921368,0.250178962945938,86.6025349795818,0,25.9667465686798,0,0,0,26.6837149560452,0.169775977730751,0,0,1.94045001268387,0,12.9756105542183,0,8.14517557621002,0,0.778145879507065,0,0.322869420051575,0,0,0.368367955088615,71.4113057553768,0,1.75521311163902,0,0,0,0,0,0,0,0,0,0.23309463262558,3.3297775387764,92.0326059609652,0,0.217664703726768,0,83.8476501852274,0,0,0,1.53287680447102,3.41545188426971,130.133771762252,0.178704246878624,0,0,0,0,0,0.538239419460297,0,0,0,0,3.22180452942848,0,0,3.93991579115391,0,0,0.571222066879272,173.575145766139,0,0,0,128.318445146084,0,12.5177591443062,0,0,0,0,0,0,0.193676844239235,81.716682434082,48.3579283058643,0,129.717527657747,0,0.270257979631424
0,266.080047592521,0,132.032227173448,0,7.32045522332191,0,0,0,427.517787069082,0,1.95461997389793,0,0,0,6.66001485288143,0,0,2.59583710134029,0,0,0,0.484658420085907,155.28387182951,0.267345979809761,0.828296169638634,0,0,0,0,0,0,0,0,0,0.69932609796524,0,64.1629831269383,0.848049640655518,1.92249865829945,0,53.8435423374176,0.697944149374962,0,0,4.45498311519623,0,0.328733056783676,0,15.7176851332188,0,0,0,0,0.538239419460297,0,0,5.28714509308338,0,0,0,0,0,0,0,0.135008752346039,220.044621989131,0.325688600540161,0,0,0,0,3.08232909440994,0,0,0,0,0,5.64130829274654,0,73.5508019775152,2.890604801476,42.6989698633552,1.49069249629974,73.4795385971665,0,0
0.554697513580322,0,0.203750550746918,0,2.35231773555279,0,0,0,3.35845947265625,0,1321.26937004924,0,123.844249382615,0,15.6214006543159,0,0,0,0,0,401.021417304873,0,0,0,0,0,0,0,0.766978919506073,0,0,0,0,0,0,0,81.904346704483,0,82.3414986133575,0,0,0,0,0,0,0,0.979291245341301,0,27.1817303448915,0,0,0,0,0,0,0,0,0,198.592518821359,0,28.7081760317087,0,0,307.645967513323,0,0,0,0,0,0,0,0.765902444720268,0,8.16492755711079,0,0,0,0,0,6.35311272740364,0,0.50123405456543,112.126086339355,0,225.107185773551,0,0
0,12.9663540273905,0,18.8205143809319,0,1.47811332345009,0,43.2003650665283,0,78.542407348752,0,2119.20606808364,0,2.23771326243877,0,0,0,0.736519455909729,31.5991217792034,21.2911269664764,0,0,0,0.412384629249573,0,0,0,0,0,5.15998569130898,0,0,0,0,0,2.63846254348755,0,106.030598789454,0,14.4758547097445,0.167039796710014,40.14058996737,0.351041525602341,0,0,15.0518407449126,0,0,0,99.3637930750847,0,34.1604625582695,0,86.4344873428345,0,5.28714509308338,0,0,0,5.28686909377575,0,1.15581437945366,7.28299228847027,0,0,0,0.751359283924103,0,0,0,5.81261205673218,0,1.46932868659496,0,0,0,0,0,11.123136870563,0,13.3792842775583,0,130.433885365725,0,505.967090174556,0,0
21.4289139807224,0,11.3262486457825,0,2.46205288171768,0,0,0,2.06731766462326,0,15.2719612419605,0,1062.75156837702,0,507.870935946703,0,0,0,0.623885214328766,0,34.4683280438185,0,0,0,0.524115204811096,0,0,0,73.142242193222,0,0,0,0,0,0,0,54.2234609127045,0,2.44132176041603,0,0,0,3.92354494333267,0,0,0,7.06776860356331,0,62.350927233696,0,0,0,0,0,0,0,198.592518821359,0,0,0,189.655857637525,0,0,160.819399356842,0,0,0,0.436732798814774,0,40.8437466919422,0,36.5039184391499,0,0,0,0,0,0,0,4.16798622906208,0,2.62300065159798,55.8357676714659,2.02657394111156,281.575375124812,0,0
0,0.780827522277832,0,30.8639082312584,0,0,0,0,0,1.02110433578491,0,150.096844986081,0,1310.2409710288,0,43.6942329406738,0,0,0,0,0,0,0,0,0,0,0,280.054286956787,0,0,0,0,0,0,0,0.601320773363113,0,0,0,0,0,0,0,0,0,0,0,0,0,1.21020400524139,0,0.500268578529358,0,1.96102130413055,0,0,0,5.28686909377575,0,0,0,15.8680526912212,0,0,0,0,0,0,0,0,112.285419464111,0,0,0,0,0,0,0,0,0,0,0,6.29711322486401,131.268473744392,5.62318328022957,0,0
194.978591561317,0.316636562347412,58.816162109375,0,88.4616708904505,0,0,0,41.0887164026499,0,0,0,53.5609690248966,0,477.055693536997,0,24.5978702306747,0,1.27626366913319,0,27.0687080472708,0,0,0,24.3706488013268,0,12.8460677564144,0,0,0,0,0,0,0,0,0,75.0607049912214,0.186778217554092,6.9503818154335,0,0,0,42.4655180722475,0,0,0,25.1966072767973,0,166.264568403363,1.84924226999283,64.072982147336,0,0,0,3.22180452942848,0,28.7081760317087,0,189.655857637525,0,0,0,0,119.308505505323,0,0,0,15.6639307439327,0,106.411981195211,0,53.2862277030945,0,0.625783920288086,0,0,0,0,0,1.92766961455345,0,4.03057450056076,184.004482313991,7.73093643784523,361.899001166224,0,0
0,86.2580667287111,0,187.439190343022,0,2.50047677755356,0,0,0,18.3957132697105,0,0,0,114.891632080078,0,477.112288102508,0,0,0.541311144828796,0,0,0,0,12.7494199424982,0,1.9255296587944,0,0,0,0,0,0,0,0,0,3.14577901363373,0,2.06436109542847,0,5.99091976881027,0,17.5954050570726,0,0,0,1.73079499602318,0,0,0,107.816028535366,0,0.667327478528023,0,0,0,0,0,1.15581437945366,0,15.8680526912212,0,0,1.42971989512444,0,0,0,0,0,0,0,0,0,0,0,0,0,0,0,4.86810959875584,0.202340692281723,0,0,20.8794004321098,0,14.6944815218449,0,0
0,0,0,102.366140067577,0,2.64567935466766,0,0,0,0.801824122667313,0,17.1128978729248,0,0,0,0,1.11206831037998,0.660032883286476,77.4777585566044,2237.35176752508,0,0,0,0,0,0,0,0,0,0,0,0,0,0,0,689.077941134572,0,4.51270923018456,0,110.423416815698,0,52.4514965415001,0,1.40212386846542,0,1474.74486903101,0,0,0,0.703840747475624,0,0.218093857169151,0,0,0,0,0,7.28299228847027,0,0,0,1.42971989512444,0,0.175599336624146,0,0,0,0,0,0,0.173105180263519,0,0.918036133050919,0,0,0,0,0,278.32087662071,0.66013377904892,25.2653345167637,0,77.8153861835599,0,1156.12651656568,0,0
221.96817523241,0,60.1235752850771,0.865141689777374,0,0,0,0,17.1168093457818,0.573272228240967,27.0231190174818,0,154.152039557695,0,40.6395132392645,0,170.624106369913,49.5370796471834,1094.77718443424,0,1630.0806684792,0,0,0,0.241204679012299,0,0,0,0,0,0,0,0,0,0,0,395.971844412386,0,232.681988082826,3.33631180226803,6.58492425084114,0,1089.67243099213,0,110.610326521099,1.35373538732529,794.245504066348,0,74.7487961128354,0,0,0,0,0,3.93991579115391,0,307.645967513323,0,160.819399356842,0,119.308505505323,0,0.175599336624146,0,0,0,0,0,0,0,0,58.5962679758668,0,59.6205016970634,0,0,0,0,0.7764583081007,191.363824591041,0,392.556598618627,485.978576473892,0.206272467970848,774.654445365071,0,23.35793774575
0,0,0,0,0,0,0,0,0,0,0,0,0,0,0,0,0,100.183850646019,0,0,0,9376.62962839007,8.38107351958752,519.004644811153,0.250427395105362,42.211447507143,0,36.4394129514694,0,0,0,0,0,0,0,0,0,630.410117402673,2.69964011013508,0,0,0,0,0,0,0,0,9.35828967392445,0,439.932362362742,0,0,0,0,0,0,0,0,0,0,0,0,0,0,0,0,215.819460496306,0,152.240566730499,0,411.103384375572,0,0,0,0,0,0,0,0,0,367.744038015604,3.12594240903854,165.925815701485,160.197668999434,0.789493799209595,0,0
0,0.330602049827576,0,0,0,0,0,0,0,0,0,0,0,0,0,0,94.0877143740654,0,0,0,0,77.3263808488846,4797.22310975194,0,57.9558995962143,0,23.2381785064936,0,0.315416485071182,0,0,0,0,0,0,0,0,4.22467456758022,293.124869793653,0,0,0,3.31367194652557,0,0,0,0,11.1770317405462,32.3224419504404,0.515459537506104,0,0,0,0,0,0.135008752346039,0,0,0,0,0,0,0,0,0,0,1.13728518784046,112.498584985733,0,388.25198443234,0,80.8179471790791,0,0,0,0,0,0,0,0,2.12780499458313,432.55274116993,269.241663217545,34.3355813026428,0.211258262395859,0,0
1.62880882620811,32.7785617187619,0,0,0,0,0,0,0,16.2938379049301,0,0,0,0,0,0.241206735372543,0,5.08691558241844,0,0,0,91.0196701735258,0.387293994426727,939.551489546895,1.7565443366766,5.84563013911247,0,0,0,0,0,0,0,0,0,0,0,644.857498914003,4.22757908701897,1.47242620587349,0,12.065118521452,0,0,0,0,0,11.3193486183882,0,14.6540078520775,0,0,0,0,0.571222066879272,220.044621989131,0,0.751359283924103,0,0,0,0,0,0,215.819460496306,1.13728518784046,0,0.811340525746346,23.1481148451567,0,0,0,0,0,0,0,0,0,0,0,125.846456721425,13.0146349072456,98.2876701503992,5.06429854035378,7.22976557910442,0,0
63.9198895692825,0.226032987236977,0,0,0,0,0,0,32.0798100084066,0.27342101931572,0,0,0.658147752285004,0,1.73251187801361,0,14.0432400107384,0,0,0,0,0,214.783073738217,0.510700792074203,744.910556823015,0,1.83635532855988,0,0,0,0,0,0,0,0,0,0,2.64740268886089,341.028691619635,0,0,0,30.8730182498693,0,0,0,0.616695627570152,12.6357358843088,21.6201041638851,0.553984180092812,0,0,0,0,173.575145766139,0.325688600540161,0,0,0.436732798814774,0,15.6639307439327,0,0,0,0,112.498584985733,0.811340525746346,0,0,6.09258955717087,0,30.2650443315506,0,1.20997196435928,0,0,0,0,0,0,2.56159351766109,110.177450314164,100.101775422692,0.747425526380539,20.7446204721928,0,0
0,0,0,0,0,0,0,0,0,0.284470543265343,0,0,0,0,0,1.20865380764008,0,161.044811248779,0,0,0,15.32665617764,0,46.1977092325687,0,461.826056569815,0,20.9125902056694,0,0,0,0,0,0,0,0,0,0,0,0,0,0,0,0,0,0,0,0,0,170.572581768036,0,0,0,0,0,0,0,0,0,0,0,0,0,0,152.240566730499,0,23.1481148451567,0,0,0,33.3025663346052,0,0,0,0,0,0,0,0,0,0,0,0,0,0,0,0
49.3652254641056,0,0.283526450395584,0,0,0,0,0,10.7481100857258,0,0,0,2.21957597136497,0,86.5971334278584,0,4.50601720809937,0,0,0,0,0,40.9857149273157,0,59.7162837982178,0,1005.93516886234,0,1,0,0,0,0,0,0,0,0,0,3.30510613322258,0,0,0,3.23564401268959,0,0,0,0,0,70.1740634441376,0.340482831001282,0,0,0,0,0,0,0,0,40.8437466919422,0,106.411981195211,0,0,0,0,388.25198443234,0,6.09258955717087,0,0,0,139.521960824728,0,0,0,0,0,0,0,0,0,3.15192365646362,9.73461896181107,0,62.4597636014223,0,0
0,0,0,0.194505795836449,0,0,0,0,0,3.32947838306427,0,0,0,5.04878640174866,0,0,0,0,0,0,0,170.426716923714,0,0,0,123.844648748636,0,2227.16381177306,0,273.551819905639,0,0,0,0,0,0,0,28.5974320918322,0,0.398933053016663,0,0,0,0,0,0,0,0,0,36.0008556395769,0,0,0,0,0,0,0,5.81261205673218,0,112.285419464111,0,0,0.173105180263519,0,411.103384375572,0,0,0,33.3025663346052,0,0,0,63.4380521327257,0,0,0,0,0,0,0,410.005090504885,0,74.1337105035782,3.01737689971924,2.49888715147972,0,0
263.809973672032,0,12.3840059489012,0,0,0,0,0,253.359219014645,0,0,0,22.0685049891472,0,72.4075672626495,0,2.00911167263985,0.18406243622303,20.6508723199368,0,3.85434278100729,0,179.138174057007,0,23.8637915253639,0,0,0,589.888643398881,0,21.9387746453285,0,0,0,0,0,4.16472837328911,0,86.6285523176193,0.241524115204811,0.775673389434814,0,98.4879502058029,0,2.10679362714291,0,44.3743683323264,0,533.615290507674,0,0,0,0,0,128.318445146084,0,0.765902444720268,0,36.5039184391499,0,53.2862277030945,0,0,58.5962679758668,0,80.8179471790791,0,30.2650443315506,0,139.521960824728,0,0,0,14.4643398076296,0,0,0,0,0,5.94695825874805,0,122.332363724709,102.845542863011,0,641.584428653121,0,0
