0,0,2.57269828021526,0,0,0,0,0,33.5995873659849,0,0,0,0,0,87.9054303765297,0,2.10523271560669,0,7.25043135881424,0,4.30858808755875,0,0,0,0.264574378728867,0,0,0,0,0,0,0,0,0,7.00949530303478,0,5.5928672850132,0,0,0,0,0,208.376699432731,0,0,0,12.3927712142467,0.34260056912899,104.160940438509,0,0,0,0,0,42.1766283810139,0.213789775967598,22.3823134899139,0,1,0,21.6805875599384,0,0,30.2572783827782,0,0,0,1.60455858707428,0,0,0,0,0,0.902120113372803,0,0,0,0.229942172765732,0,10.1890746876597,0,3.36263327300549,128.26668600738,16.91835026443,579.807937540114,0,12.7240726947784
0,0,0,25.8123475015163,0,0,0,0,0,300.954255260527,0,10.839009553194,0,36.5517484247684,0.133376643061638,233.894843526185,0.66317492723465,1421.67729329318,338.30217975378,44.1179491579533,0,0,0,15.8444439172745,0.145544081926346,7.76278686523438,0.333521008491516,0.188501566648483,0,0,0,0,0,0,0.284539818763733,5.54944872111082,1.16640216112137,0.221513405442238,0.127459540963173,0.890358977019787,0,98.2605395019054,4.71493611484766,11.4934920668602,0,301.598270870745,6.60492303222418,0,0,47.3247875273228,0,0,0,0,0,163.90654527396,0,9.78576235473156,0,2.55944417417049,0,181.847567200661,185.364483356476,0,0,0,18.4807127565145,0,12.7022916972637,0,0,0,0,0,0,0,0,0,30.6186703294516,3.47442249953747,8.06596611440182,0,730.289084658027,245.530893571675,223.936389647424,40.7409781813622,0
2.57269828021526,0,0,0,2.06171500682831,0,0,0,0.717187404632568,0,0,0,0,0,1.65046399831772,0,0,0,0,0,0,0,0,0,0,0,0,0,0,0,0,0,0,0,0.12262699753046,0,0,0,0,0,0,0,1.59227127581835,0,0,0,20.6668507605791,0,2.02020058035851,0,3.54950833320618,0,0,0,2.92616727948189,0,0,0,0,0,0.334033772349358,0,0,3.25743722915649,0,0,0,0,0,0,0,0,0,0,0,0,0,0,0,0,0,0,0,0,576.536351293325,0,0
0,25.8123475015163,0,0,0,0,0,0,0.458026617765427,26.6885970160365,0,0.231499969959259,0,1.28323186188936,0,5.39819931983948,1.71457804739475,96.9762305691838,245.145837083459,29.8939232230186,0,0,0,0.560141578316689,2.22013568878174,0.920729994773865,0,0.38271264731884,0,0,0,0,0,0,0.207863256335258,6.69319526106119,0.191962018609047,0,0.168495073914528,0.205831304192543,0,63.8426312804222,3.02267054468393,62.6876603215933,0,20.6181637346745,5.41317196190357,0.448813274502754,0.190178439021111,4.39667358249426,0,0,0,0,0,16.9314760863781,0,0.261905193328857,0,0,0,3.70039983093739,230.284103341401,0,0,0,1.11732272803783,2.79322791099548,1.58989095687866,0,0,0,0,0,0,0,0,0,48.9842625334859,3.60355919599533,0.747644565999508,3.6470000743866,230.798170626163,74.3919437527657,89.1239828839898,16.8401315361261,0.782978892326355
0,0,2.06171500682831,0,0,0,14.6499218940735,0,85.0334439873695,0,0,0,0,0,0.638592422008514,0,0,0,0,0,2.74991750717163,0,0,0,0,0,0,0,0,0,0,0,0,0,0,0,11.0616241693497,0,0,0,0,0,0,0,0,0,2.1329884827137,0,0,0,409.484322577715,0,7.73084545135498,0,16.7256975769997,0,109.214436411858,0,8.62971544265747,0,3.22280979156494,0,0,60.4377104341984,0,0,0,0,0,0,0,0,0,0,0,0,0,0,0,6.42595455050468,0,0,314.143143340945,306.210292384028,29.9663800299168,0,0
0,0,0,0,0,0,0,10.3583980798721,0,0,0,0,0,58.664962336421,0,20.6154565364122,0,0,0,28.4304121136665,0,0,0,0,0,0,0,0,0,0,0,0,0,0,0,0.925720036029816,0,0,0,0,0,0,0,0,0,0,0,0,0,0,0,504.026139393449,0,0,0,0,0,207.470868229866,0,98.8463222533464,0,21.0907603353262,0,0,0,0,0,0,0,0,0,0,0,0,0,0,0,0,0,0,0,0,300.388390347362,118.533894389868,11.7852363884449,0,0
0,0,0,0,14.6499218940735,0,0,0,0,0,1.90688839554787,0,0,0,0,0,0,0,0,0,16.4574086666107,0,0,0,0,0,0,0,0,0,0,0,0,0,0,0,6.19962364435196,0,0,0,0,0,0,0,0,0,0,0,0,0,6.8360710144043,0,153.147004336119,0,0,0,7.60396970808506,0,0,0,0,0,0,22.1308370530605,0,0,0,0,0,0,0,0,0,0,0,0,0,0,0,1.63265150785446,0,0,254.512297794223,0,0,0,0
0,0,0,0,0,10.3583980798721,0,0,0,0,0,3.37261222302914,0,0,0,0,0,0,0,91.8680458068848,0,0,0,0,0,0,0,0,0,0,0,0,0,0,0,33.9024055600166,0,0,0,0,0,0,0,0,0,0,0,0,0,0,0,1,0,167.014889836311,0,0,0,60.5317713320255,0,0,0,0,11.8491528630257,0,0,0,0,0,0,0,0,0,0,0,0,0,0,0,0,0,0,0,515.840998694301,14.8952219486237,0,0,0
33.5995873659849,0,0.717187404632568,0.458026617765427,85.0334439873695,0,0,0,0,0,0,0,0,0,196.464088872075,0,110.215017348528,1.55662386119366,108.639407679439,0,0,0,0,0,169.713591203094,0,75.2817825078964,0.214000180363655,0,0,0,0,0,0.141640990972519,6.63215334713459,0,69.0018839687109,0,27.2298071980476,0,0,0,239.171659126878,0.824918866157532,0,0.19700776040554,122.886295847595,1.37352052330971,2.23091465234756,0,6.51496887207031,0,0,0,141.629203245044,0,0,0,0,0,191.645022839308,0,2.62147867679596,14.7444287389517,0,0,0,90.9570561796427,0,82.7065358608961,0,0,0,0,0,0,0,2.24109365046024,0,93.9157868176699,0,8.37757785618305,315.979106277227,756.793723836541,222.595178171992,0,22.7375304549932
0,300.954255260527,0,26.6885970160365,0,0,0,0,0,0,0,3.33142989873886,0,5.77811857312918,0,64.0515938252211,1.34359119087458,519.97927506268,356.813549265265,18.9566505923867,0,0,0,31.3331143558025,0.697698771953583,5.56671782582998,0,0.346426323056221,0,0,0,0,0,0,0,2.71894286572933,0.177774414420128,0.320078194141388,0.196436882019043,2.14416424185038,0,124.667787924409,2.18068417906761,16.376858830452,0,258.623326770961,0.358541950583458,0,0,48.9377527311444,0,0,0,0,0,355.655159167945,0,2.641507178545,0,0,0,25.1149826869369,130.576854072511,0,0,0,60.2625835835934,0,19.8672368228436,0,0,0,0,0,0,0,0,0,9.46887731552124,1.66099029779434,8.73417679965496,0,547.693519100547,74.1979197785258,314.545403398573,64.6694348454475,0
0,0,0,0,0,0,1.90688839554787,0,0,0,0,0,90.7995909452438,0,0,0,0,0,0,0,358.693498060107,0,0,0,0,0,0,0,0,0,86.6312694549561,0,0,0,0,0,49.3734831809998,0,278.530869796872,0,0,0,21.0520459413528,0,0,0,17.5084221959114,0,0,0,0,0,0.442941278219223,0,0,0,1847.0902299732,0,97.7382657527924,0,0,0,0,383.029904901981,0,0,0,0,0,0,0,0,0,38.9987664669752,0,0,0,0,0,0,0,7.28345349431038,178.005389541388,1.49273130297661,160.032173916698,0,13.6144063472748
0,10.839009553194,0,0.231499969959259,0,0,0,3.37261222302914,0,3.33142989873886,0,0,0,150.259789347649,0,1.49582073092461,0,11.5236949324608,8.54479236900806,398.814964689314,0,0,0,0,0,0,0,0,0,52.1336676925421,0,0,0,0,0,79.7773431539536,0,1099.83469201624,0,0,0,0,0,0,0,1.01354984939098,0,0,0,63.4516920745373,0,0,0,1.92167031764984,0,1.74059590697289,0,3540.67192727327,0,148.199679270387,0,25.2611375153065,173.055246338248,0,0,0,0,0,1.75336258113384,0,0,0,6.30999657511711,0,0,0,0,0,5.17891064286232,0,473.023302689195,0,940.798864081502,35.7333317250013,30.391420006752,0,0
0,0,0,0,0,0,0,0,0,0,90.7995909452438,0,0,0,12.8372858464718,0,0,0,0,0,1.23583287000656,0,0,0,0,0,0,0,57.0585018694401,0,0,0,0,0,0,0,0,0,0,0,0,0,0.395027354359627,0,0,0,0,0,0,0,0,0,0,0,0,0,138.905596852303,0,481.20381295681,0,53.8779667615891,0,0,0.373550549149513,0,0,0,0,0,0,0,35.0960444808006,0,0,0,0,0,0,0,0,0,0,291.902226358652,49.974608361721,0.907128527760506,0,1.98401217162609
0,36.5517484247684,0,1.28323186188936,0,58.664962336421,0,0,0,5.77811857312918,0,150.259789347649,0,0,0,363.145601406693,0,76.0065005719662,9.6996907889843,1.79178577661514,0,0,0,7.99838253855705,0,106.582059621811,0,38.455274283886,0,0,0,0,0,0,0,4.47491610050201,0,0,0,0,0,0.463883563876152,0,1.38045418262482,0,0.281377300620079,0,0,0,24.5246637910604,0,240.14211577177,0,0,0.180933311581612,2.60806351900101,0,234.050872728229,0,2291.11450853944,0,355.708815872669,0.258146084845066,0,0,0,2.3828634172678,0,217.909392431378,0,10.6284102797508,0,0,0,0,0,0,0,0,0,0,0,1220.13754428923,1526.13185047358,74.3495976775885,0.17019334435463,0
87.9054303765297,0.133376643061638,1.65046399831772,0,0.638592422008514,0,0,0,196.464088872075,0,0,0,12.8372858464718,0,0,0,63.7546094059944,0,13.2075848430395,0,0,0,0,0,37.1976244598627,0,56.312040194869,0,0,0,0,0,0,0,0.52445225417614,0,42.5353523269296,0,0.267205879092216,0,0,0,11.8462428078055,0,0,0,22.1596891880035,0.715570151805878,0.370829433202744,0,4.0112326592207,0,0,0,64.1716614365578,0,0,0,84.2640939950943,0,921.01705545187,0,0,13.7339289039373,0,0,0,4.18921910226345,0,21.1959222704172,0,0,0,0,0,0,0,0,0,47.6189359948039,0,0,497.492238245904,516.499825507402,99.4968449622393,0,1.90274238586426
0,233.894843526185,0,5.39819931983948,0,20.6154565364122,0,0,0,64.0515938252211,0,1.49582073092461,0,363.145601406693,0,0,0,509.298856303096,37.2820413410664,67.8173488080502,0,0,0,35.8250479251146,0,171.57874083519,0,26.8626066744328,0,0,0,0,0,0,0.208495177328587,15.0189886912704,0,0.193157717585564,0,0,0,16.4687710031867,0.258571781218052,11.2485407814384,0,1.89052273333073,1.60432147979736,0,0,50.5454835742712,0,8.26533515751362,0,0,0,70.81433891505,0,107.721012018621,0,215.371862664819,0,740.635536924005,43.79086124897,0,0,0,17.5697090774775,0,318.428290978074,0,0,0,0,0,0,0,0,0,0.551852829754353,0,0,0,748.172078959644,486.056551255286,183.647350899875,3.55743528902531,0
2.10523271560669,0.66317492723465,0,1.71457804739475,0,0,0,0,110.215017348528,1.34359119087458,0,0,0,0,63.7546094059944,0,0,4467.19452263415,2218.14534139633,2.14849528670311,0,0.181447073817253,1715.74376839399,256.345996960998,569.780199840665,52.3082703799009,333.363905802369,1.04500721395016,0.574545651674271,0,0,0,0,0.102051712572575,31.3731688633561,0.110642626881599,20.0989460349083,0,50.8476793393493,0,0,0.280758902430534,704.600218437612,0.202565610408783,0.21146921813488,1.87835701555014,80.1123235449195,10.1750696897507,0.392709136009216,0,0,0,0,0,24.4555647373199,1.39176464080811,0,0,0,0,5.86341470479965,0.183571726083755,6.71594395488501,0.394273430109024,0,1326.94789397717,113.937119007111,125.888228222728,2.51490943133831,224.862873196602,0,0,0,0,0,0,0,7.25670068711042,0.548590362071991,36.9039837419987,0,88.6713060885668,5123.68951877207,7161.67625629157,63.8510193303227,0,12.081331089139
0,1421.67729329318,0,96.9762305691838,0,0,0,0,1.55662386119366,519.97927506268,0,11.5236949324608,0,76.0065005719662,0,509.298856303096,4467.19452263415,0,1229.04216111451,80.3798769712448,0,791.155756190419,0,1792.54422165453,0.423366516828537,1395.1541094929,2.76644229888916,117.085898131132,0,0,0,0,0,0,1.14624232053757,6.70926467329264,2.32725465297699,4.38278917968273,1.25975304841995,5.63077471405268,0,313.507918380201,20.6617269814014,6.73052705824375,0,259.832931630313,14.6629370898008,0.865107476711273,0,113.221851356328,0,0.225058600306511,0,0,0.846781432628632,803.090216480196,0,14.7156923115253,0,0,0,506.420371457934,364.923659831285,0,458.426451846957,0,1193.95759743452,1.51313075423241,1300.47964844108,0,39.6758774071932,0,0,0,0,0,0,0,27.0920400619507,3.95785775780678,12.6413170695305,3.26294273138046,4562.3417141661,9070.25262711197,881.328461624682,33.1857855618,0
7.25043135881424,338.30217975378,0,245.145837083459,0,0,0,0,108.639407679439,356.813549265265,0,8.54479236900806,0,9.6996907889843,13.2075848430395,37.2820413410664,2218.14534139633,1229.04216111451,0,63.8331347107887,0.618759155273438,0,0,329.703787088394,215.747227281332,5.13387363404036,61.5846408158541,2.65717551857233,0,0,0,0,0,3.35179407149553,130.255921185017,34.4811279252172,189.033636711538,54.1618853062391,164.857720129192,1.43459945172071,0,1638.73780717701,3853.01214399189,139.473083786666,13.5810260623693,179.415129609406,1727.14798516035,40.556908890605,5.36573056876659,117.122993141413,0,0,0,0,22.0119829624891,243.927511923015,0,5.08577923476696,0,0,11.6582248657942,16.5667840316892,535.465033441782,2.63765873014927,0,0,418.630625203252,155.576346993446,26.5085364356637,56.2750678360462,0,0,0,0,0,0,0.449593633413315,23.6762808561325,145.995766244829,329.017804957926,5.48244313150644,180.833568148315,9084.79049962759,2062.70418854058,1016.03428264707,533.843819975853,22.1127361953259
0,44.1179491579533,0,29.8939232230186,0,28.4304121136665,0,91.8680458068848,0,18.9566505923867,0,398.814964689314,0,1.79178577661514,0,67.8173488080502,2.14849528670311,80.3798769712448,63.8331347107887,0,0,0,0,0,0.773400723934174,0,0,0.509658098220825,0,1.54596799612045,0,0,0,0,0,301.57460001111,0.482658684253693,588.307383328676,0,0.949997633695602,0,4.02304826676846,3.84731563925743,6.88905608654022,0,237.845739319921,1.13586108386517,0,0,90.2358010411263,0,7.83447155356407,0,4.60858651995659,0,33.2606841698289,0,659.267630860209,0,61.9737145155668,0.221419438719749,95.9138051122427,887.261066384614,0,0,0,0,0.664852321147919,5.24533568322659,0,0,0,1.60252130031586,0,0,0,0,0,244.55527241528,0,667.725460626185,0,412.925986088812,93.9925613701344,75.4921894222498,2.30287683010101,0
4.30858808755875,0,0,0,2.74991750717163,0,16.4574086666107,0,0,0,358.693498060107,0,1.23583287000656,0,0,0,0,0,0.618759155273438,0,0,0,0,0,0,0,0,0,0,0,0,0,0,0,0,0,475.980027735233,0,55.4611838907003,0,0,0,114.134127520025,0,0,0,500.747330293059,0,0,0,0,0,44.8737494051456,0,0,0,156.772982299328,0,0,0,0,0,0,1712.31958685815,0,0,0,0,0,0,0,0,0,0,0,0,0,0,0,185.605487987399,0,1.02833013236523,363.0267932266,4.83793759346008,430.087944589555,0,16.8106989264488
0,0,0,0,0,0,0,0,0,0,0,0,0,0,0,0,0.181447073817253,791.155756190419,0,0,0,0,119.617277294397,512.62073789537,0,137.049471497536,0,764.235132366419,0,0,0,0,0,0,0,0,0,314.801968336105,0,0,0,0,0,0,0,0,0,0,0,33.6492298096418,0,0,0,0,0,0,0,0,0,0,0,0,0,0,3657.27873952687,46.3822508901358,561.240740314126,0,23.3305771052837,0,107.241709277034,0,0,0,0,0,0,0,0,0,33.3955332636833,0,444.982136279345,636.33205512166,0,0,0
0,0,0,0,0,0,0,0,0,0,0,0,0,0,0,0,1715.74376839399,0,0,0,0,119.617277294397,0,0,26.3893408477306,0,188.278794199228,0,80.5138366520405,0,0,0,0,0,0,0,0,0,146.04336823523,0,0,0,0,0,0,0,0,0,0,0,0,0,0,0,0,0,0,0,0,0,0,0,0,0,15.7194650173187,4552.44902804494,0,6.0148668885231,0,43.2631347179413,0,24.840263068676,0,0,0,0,0,0,0,0,0,1.59946708381176,707.415743559599,1155.46285262704,0,0,0
0,15.8444439172745,0,0.560141578316689,0,0,0,0,0,31.3331143558025,0,0,0,7.99838253855705,0,35.8250479251146,256.345996960998,1792.54422165453,329.703787088394,0,0,512.62073789537,0,0,0,419.034372091293,0,103.345218241215,0,0,0,0,0,0,0,0,0,41.3595389127731,0,0,0,61.9514197409153,0.40295884013176,3.43642930686474,0,0.313773274421692,0,0,0,5.12721039354801,0,0,0,0,0,43.0018218755722,0,0,0,0,0,37.5744693875313,1.86962538957596,0,230.72875161469,0,756.818518295884,0,1698.13056537509,0,198.19940212369,0,0,0,0,0,0,0,0.450428321957588,0,65.3197392225266,0,1744.90821130574,60.9096147269011,126.315747275949,30.3164784908295,0
0.264574378728867,0.145544081926346,0,2.22013568878174,0,0,0,0,169.713591203094,0.697698771953583,0,0,0,0,37.1976244598627,0,569.780199840665,0.423366516828537,215.747227281332,0.773400723934174,0,0,26.3893408477306,0,0,0,132.409157320857,0,0,0,0,0,0,0.151986256241798,6.98318229615688,0,4.98919647186995,0,74.2304233759642,0,0,0,103.751939624548,0,0.756753027439117,0.161569237709045,6.9650206938386,2.44548057019711,11.5888116359711,0,0,0,0,0,121.352738216519,0,0,0,0,0,1.72622388601303,0,0.708053231239319,0,0,10.1283948421478,0,315.050943642855,0,117.435845270753,0,0,0,0,0,0,0,2.07887125015259,0,12.3252615183592,0,3.51701463758945,352.620895244181,50.1672972738743,7.73627416789532,0.255703389644623,11.7379382103682
0,7.76278686523438,0,0.920729994773865,0,0,0,0,0,5.56671782582998,0,0,0,106.582059621811,0,171.57874083519,52.3082703799009,1395.1541094929,5.13387363404036,0,0,137.049471497536,0,419.034372091293,0,0,0,608.606465891004,0,0,0,0,0,0,0,0,0,0,0,0,0,5.90193077921867,0,0.234379008412361,0,1.26760375499725,0.179311752319336,0,0,0,0,0,0,0,0,8.61466162651777,0,0,0,11.1776653975248,0,58.6865033507347,0.36850068718195,0,208.123310178518,0,137.870047986507,0,1600.63432116807,0.525971531867981,260.935949444771,0,0,0,0,0,0,0,0.279226556420326,0,0.802680134773254,0,297.788069196045,600.365278407931,23.3997521400452,1.42973090708256,0
0,0.333521008491516,0,0,0,0,0,0,75.2817825078964,0,0,0,0,0,56.312040194869,0,333.363905802369,2.76644229888916,61.5846408158541,0,0,0,188.278794199228,0,132.409157320857,0,0,0,0,0,0,0,0,0,2.5258873552084,0,1.54440560936928,0,5.66401602327824,0,0,0,15.231212772429,0,0,0,2.28400985896587,0,0,0,0,0,0,0,22.7522221207619,0,0,0,0,0,4.44196197390556,0,0,0.662850499153137,0,8.23888018727303,0,45.1044272780418,0,776.448820024729,0,0,0,0,0,0,0,0.651938736438751,0,6.76228427141905,0,1.43555299937725,114.037578314543,14.8926946073771,9.94905282557011,0,3.26279966533184
0,0.188501566648483,0,0.38271264731884,0,0,0,0,0.214000180363655,0.346426323056221,0,0,0,38.455274283886,0,26.8626066744328,1.04500721395016,117.085898131132,2.65717551857233,0.509658098220825,0,764.235132366419,0,103.345218241215,0,608.606465891004,0,0,0,20.2311833500862,0,0,0,0,0.769805550575256,0,0,0,0,0,0,0,0,0.135954558849335,0,0.290178030729294,0,0,0,0,0,0,0,0,0,0,0,0,0,10.8229028135538,0,1.61173625290394,2.29417461156845,0,151.333052352071,0,1.8866595774889,0,62.8704829663038,0,1377.93226493895,0,0,0,0,0,0,0,0,0,0,0,305.067452766001,930.794139869511,1.26460402458906,0,0
0,0,0,0,0,0,0,0,0,0,0,0,57.0585018694401,0,0,0,0.574545651674271,0,0,0,0,0,80.5138366520405,0,0,0,0,0,0,0,46.325926721096,0,0,0,0,0,0,0,0.886428892612457,0,0,0,0,0,0,0,0,0,0,0,0,0,0,0,0,0,0,0,6.14055299758911,0,0,0,0,0,0,4.03088682889938,0,0,0,0,0,1194.99869130552,0,41.5876308977604,0,0,0,0,0,0,0,0,117.840131103992,160.408978760242,0,0,0
0,0,0,0,0,0,0,0,0,0,0,52.1336676925421,0,0,0,0,0,0,0,1.54596799612045,0,0,0,0,0,0,0,20.2311833500862,0,0,0,0,0,0,0,0,0,210.788073390722,0,0,0,0,0,0,0,0,0,0,0,0,0,0,0,0,0,0,0,144.217640340328,0,0,0,0,0,0,0,0,0,0,0,0,8.5883002281189,0,236.332132339478,0,0,0,0,0,0,0,100.826496556401,0,32.8903331756592,0,0.3259457051754,0,0
0,0,0,0,0,0,0,0,0,0,86.6312694549561,0,0,0,0,0,0,0,0,0,0,0,0,0,0,0,0,0,46.325926721096,0,0,0,0,0,0,0,0,0,18.7893117666245,0,0,0,0,0,0,0,0,0,0,0,0,0,0,0,0,0,9.82073085010052,0,0,0,0,0,0,0,0,0,0,0,0,0,0,0,0,163.791962459683,0,0,0,0,0,0,0,93.2816236317158,0.535588681697845,0,89.3943637609482,0,0
0,0,0,0,0,0,0,0,0,0,0,0,0,0,0,0,0,0,0,0,0,0,0,0,0,0,0,0,0,0,0,0,0,0,0,0,0,0,0,0,0,0,0,0,0,0,0,0,0,0,0,0,0,0,0,0,0,0,0,0,0,0,0,0,0,0,0,0,0,0,0,0,0,0,1,0,0,0,0,0,0,0,0,0,0,0,0
0,0,0,0,0,0,0,0,0,0,0,0,0,0,0,0,0,0,0,0,0,0,0,0,0,0,0,0,0,0,0,0,0,0,0,7.09813690185547,59.3637138605118,0,0,0,0,0,0,0,0,0,0,11.8120576143265,0,0,0,0,0,0,0,0,0,0,0,0,0,0,0,0,0,0,0,0,0,0,0,0,0,0,0,26.4490119218826,0,0,0,7.24051809310913,0,0,24.1681236028671,0,0,0,0
0,0,0,0,0,0,0,0,0.141640990972519,0,0,0,0,0,0,0,0.102051712572575,0,3.35179407149553,0,0,0,0,0,0.151986256241798,0,0,0,0,0,0,0,0,0,465.073335558176,0,0,162.068169981241,0,0,0,0,13.412698417902,0,0,0,0,32.5902476608753,0,0,0,0,0,0,0,0,0,0,0,0,0,0,0,0,0,0,0,0,0,0,0,0,0,0,0,0,717.588978722692,14.5964650958776,0,0,251.362213730812,0,101.644070833921,0.711961984634399,0,0,0.262781426310539
7.00949530303478,0.284539818763733,0.12262699753046,0.207863256335258,0,0,0,0,6.63215334713459,0,0,0,0,0,0.52445225417614,0.208495177328587,31.3731688633561,1.14624232053757,130.255921185017,0,0,0,0,0,6.98318229615688,0,2.5258873552084,0.769805550575256,0,0,0,0,0,465.073335558176,0,0,107.672246165574,85.4832176566124,643.139538310468,0,0,0,698.942242667079,0.569136917591095,0,0.145990014076233,3.45350218564272,448.064000159502,190.974440269172,0,0,0,0,0,1.79919943213463,0.0935538187623024,0,0,0,0,0,0.0957220792770386,1.42457816004753,0,0,0,0,4.12245716899633,0,0.697561696171761,0,0,0,0,0,0,118.943339765072,2290.91122609377,0.179975003004074,49.0642299726605,0,191.442981801927,626.250215791166,20.3739364519715,3.41740154474974,0,10.1579504981637
0,5.54944872111082,0,6.69319526106119,0,0.925720036029816,0,33.9024055600166,0,2.71894286572933,0,79.7773431539536,0,4.47491610050201,0,15.0189886912704,0.110642626881599,6.70926467329264,34.4811279252172,301.57460001111,0,0,0,0,0,0,0,0,0,0,0,0,7.09813690185547,0,0,0,1147.17621150613,18.8366008400917,0,415.016296476126,66.2174672782421,3.93534906208515,6.44054089486599,5.71590106189251,0,671.723900265992,0,96.4953911304474,0,1.73652600497007,0,1.04507628083229,0,1.05111443996429,0,0.175761729478836,0,3.56692978739738,0,3.12605635821819,0,9.96547418832779,365.841268479824,0,0,0,0,0,0.360183998942375,0,0,0,0,0,0,0,0,0,6246.15011048317,769.073395758867,2.07134792208672,0,1203.27360390127,1012.95526900887,204.560381323099,0,0
5.5928672850132,1.16640216112137,0,0.191962018609047,11.0616241693497,0,6.19962364435196,0,69.0018839687109,0.177774414420128,49.3734831809998,0,0,0,42.5353523269296,0,20.0989460349083,2.32725465297699,189.033636711538,0.482658684253693,475.980027735233,0,0,0,4.98919647186995,0,1.54440560936928,0,0,0,0,0,59.3637138605118,0,107.672246165574,1147.17621150613,0,0,48.4166612625122,0,47.6967490613461,0.138938069343567,91.9516687095165,0,2.53931933641434,39.6937190368772,63.6867386996746,59.8964604139328,8.26261587440968,12.73832654953,8.5683071911335,0,24.4287225306034,0,33.257871620357,0.203607976436615,0,0,0,0,123.503595493734,0,3.13506495207548,456.673326045275,0,0,0,5.25708242505789,0.234979823231697,3.40438522398472,0,0,0,0,0,88.3016729354858,0,103.150041729212,418.690588347614,3335.56843833625,0,67.3688002377748,1437.3414760679,106.985216937959,147.297801442444,0,6.46836057305336
0,0.221513405442238,0,0,0,0,0,0,0,0.320078194141388,0,1099.83469201624,0,0,0,0.193157717585564,0,4.38278917968273,54.1618853062391,588.307383328676,0,314.801968336105,0,41.3595389127731,0,0,0,0,0,210.788073390722,0,0,0,162.068169981241,85.4832176566124,18.8366008400917,0,0,58.5169967412949,0,0,37.3011096715927,0,0,0,0,0,69.4854341447353,0,10.425108268857,0,0,0,0,0,0.337248057126999,0,236.034832000732,0,0,0,0,141.72823227942,0,4.37001705169678,0,135.871067404747,0,0,0,0,0,100.697550758719,0,0,0,40.387011885643,2.56643727421761,43.2623960375786,0,4647.67272236198,2.41739243268967,610.052333161235,164.677340507507,79.9276181459427,0,0
0,0.127459540963173,0,0.168495073914528,0,0,0,0,27.2298071980476,0.196436882019043,278.530869796872,0,0,0,0.267205879092216,0,50.8476793393493,1.25975304841995,164.857720129192,0,55.4611838907003,0,146.04336823523,0,74.2304233759642,0,5.66401602327824,0,0.886428892612457,0,18.7893117666245,0,0,0,643.139538310468,0,48.4166612625122,58.5169967412949,0,0,0,0,275.762903735042,0,1.73994424939156,0,13.5956094935536,13.0074269026518,32.5449405908585,0,0,0,0,0,24.8529014959931,0,281.087406724691,0,0,0,0,0,0.795413121581078,213.623796880245,0,17.5499095469713,0,59.0258747041225,0,2.14463198184967,0,16.6371687650681,0,134.85563480854,0,0,0,380.154457747936,0,5.36620229482651,0,1989.33921058476,328.692089796066,23.8484020829201,297.527316093445,0,13.7793107256293
0,0.890358977019787,0,0.205831304192543,0,0,0,0,0,2.14416424185038,0,0,0,0,0,0,0,5.63077471405268,1.43459945172071,0.949997633695602,0,0,0,0,0,0,0,0,0,0,0,0,0,0,0,415.016296476126,0,0,0,0,0,0,0,0,0,804.263016879559,0,0,0,92.6260494440794,0,0,0,0,0,4.114177942276,0,1.1526695638895,0,0,0,1.78708183765411,6.4066022336483,0,0,0,0,0,0,0,0,0,0,0,0,0,0,0,726.059280708432,0.494788974523544,61.4139637053013,0,11.1401500254869,3.10879857093096,718.289845570922,0.74589666724205,0
0,0,0,0,0,0,0,0,0,0,0,0,0,0,0,0,0,0,0,0,0,0,0,0,0,0,0,0,0,0,0,0,0,0,0,66.2174672782421,47.6967490613461,0,0,0,0,0,0,0,0,23.5167489051819,13.8544372022152,191.961244672537,188.942710936069,0,0,0,0,0,0,0,0,0,0,0,0,0,0,0,0,0,0,0,0,0,0,0,0,0,0,27.8696231842041,0,0,9.51339036226273,43.8937926292419,0,0,340.605825066566,0,374.509464859962,0,0
0,98.2605395019054,0,63.8426312804222,0,0,0,0,0,124.667787924409,0,0,0,0.463883563876152,0,16.4687710031867,0.280758902430534,313.507918380201,1638.73780717701,4.02304826676846,0,0,0,61.9514197409153,0,5.90193077921867,0,0,0,0,0,0,0,0,0,3.93534906208515,0.138938069343567,37.3011096715927,0,0,0,0,1458.68750400841,538.240810349584,0,139.345327593386,0,4.67447912693024,0,46.5123763158917,0,0,0,0,0,126.81232431531,0,0,0,0,0,5.14473684132099,117.191007874906,0,0,0,66.244243696332,0,21.7936060130596,0,0,0,0.268545120954514,0,0,0,0,0,17.0670113563538,0,141.770063966513,0,1476.91184141487,54.3355724588037,1366.28010798991,1846.33150959015,0
208.376699432731,4.71493611484766,1.59227127581835,3.02267054468393,0,0,0,0,239.171659126878,2.18068417906761,21.0520459413528,0,0.395027354359627,0,11.8462428078055,0.258571781218052,704.600218437612,20.6617269814014,3853.01214399189,3.84731563925743,114.134127520025,0,0,0.40295884013176,103.751939624548,0,15.231212772429,0,0,0,0,0,0,13.412698417902,698.942242667079,6.44054089486599,91.9516687095165,0,275.762903735042,0,0,1458.68750400841,0,12.0801726430655,355.395889207721,2.53641538321972,312.729818835855,539.231380999088,461.363474205136,1.05372546613216,0,0,0,0,193.096826195717,3.82625463604927,19.2076737433672,0.849337160587311,0,0,8.13399890065193,0.747904926538467,5.48855582624674,29.9902648702264,0,0,0.186210930347443,67.8885893523693,0.180755823850632,29.7264988720417,0,0,0,0,0,0,3.61330794543028,123.524126604199,1.911989338696,69.0306411758065,0.655012547969818,425.577093921602,3861.99045593292,390.311978951097,1914.61888886988,255.469784557819,644.712563000619
0,11.4934920668602,0,62.6876603215933,0,0,0,0,0.824918866157532,16.376858830452,0,0,0,1.38045418262482,0,11.2485407814384,0.202565610408783,6.73052705824375,139.473083786666,6.88905608654022,0,0,0,3.43642930686474,0,0.234379008412361,0,0.135954558849335,0,0,0,0,0,0,0.569136917591095,5.71590106189251,0,0,0,0,0,538.240810349584,12.0801726430655,0,52.3747322559357,979.921323210001,0.105815961956978,0,0,1.885174036026,0,0,0,0,0,4.56532548367977,0,0.264757841825485,0,0,0,2.00837287306786,131.058736875653,0,0,0,14.0699258744717,0.200437813997269,1.82043945789337,0,0,0,0,0,0,0,0,0,24.1444460302591,0,0,0,200.841864302754,21.0961823612452,708.94218800962,196.437437355518,0
0,0,0,0,0,0,0,0,0,0,0,0,0,0,0,0,0.21146921813488,0,13.5810260623693,0,0,0,0,0,0.756753027439117,0,0,0,0,0,0,0,0,0,0,0,2.53931933641434,0,1.73994424939156,0,0,0,355.395889207721,52.3747322559357,0,0,11.0619571655989,0,0,0,0,0,0,0,0,0,0,0,0,0,1.7622195482254,0,0,0,0,0,0,0.684644252061844,0,0,0,0,0,0,0,0,0,0,0,1.90497183799744,0,1.29961627721786,263.842849105597,0,136.226496487856,0,0.462460279464722
0,301.598270870745,0,20.6181637346745,0,0,0,0,0.19700776040554,258.623326770961,0,1.01354984939098,0,0.281377300620079,0,1.89052273333073,1.87835701555014,259.832931630313,179.415129609406,237.845739319921,0,0,0,0.313773274421692,0.161569237709045,1.26760375499725,0,0.290178030729294,0,0,0,0,0,0,0.145990014076233,671.723900265992,39.6937190368772,0,0,804.263016879559,23.5167489051819,139.345327593386,2.53641538321972,979.921323210001,0,0,0.252031102776527,0,0,39.1760830506682,0,0,0,0,0,213.32017198205,0,21.8190738409758,0,0,0,9.15154194831848,270.853427924216,0,0,0,0,0,10.2612150013447,0,0,0,0,0,0,0,0,0,395.662077404559,37.0612226128578,4.0601921826601,0.404627233743668,585.879608169198,241.337558686733,1639.84988375008,62.280079908669,0.897219479084015
12.3927712142467,6.60492303222418,20.6668507605791,5.41317196190357,2.1329884827137,0,0,0,122.886295847595,0.358541950583458,17.5084221959114,0,0,0,22.1596891880035,1.60432147979736,80.1123235449195,14.6629370898008,1727.14798516035,1.13586108386517,500.747330293059,0,0,0,6.9650206938386,0.179311752319336,2.28400985896587,0,0,0,0,0,0,0,3.45350218564272,0,63.6867386996746,0,13.5956094935536,0,13.8544372022152,0,312.729818835855,0.105815961956978,11.0619571655989,0.252031102776527,0,2.41179606318474,11.8398331999779,0.122714079916477,0,0,0,0,35.8565044403076,0.384430214762688,1.81269487738609,0,0,0,21.6271224170923,0.405909389257431,6.69655102491379,582.218163132668,0,0,0,5.41828334331512,0.179823130369186,7.05459821224213,0,0,0,0,0,0,0,1.68818883597851,2.26606033742428,102.281131766737,0,6.88675355166197,601.433980107307,162.908250212669,451.07495533675,0,7.78553834557533
0.34260056912899,0,0,0.448813274502754,0,0,0,0,1.37352052330971,0,0,0,0,0,0.715570151805878,0,10.1750696897507,0.865107476711273,40.556908890605,0,0,0,0,0,2.44548057019711,0,0,0,0,0,0,0,11.8120576143265,32.5902476608753,448.064000159502,96.4953911304474,59.8964604139328,69.4854341447353,13.0074269026518,0,191.961244672537,4.67447912693024,539.231380999088,0,0,0,2.41179606318474,0,157.313250780106,3.3600355386734,0,0,0,0,0.50749346613884,0,0,0,0,0,0,0,0,0,0,0,0,0.89154851436615,0,0.3586405813694,0,0,0,0,1,0,34.4176947772503,440.75510469079,0,103.426619112492,2.81235089898109,54.5731439590454,453.08424770087,34.8606067895889,40.1052170917392,0,4.66544318199158
104.160940438509,0,2.02020058035851,0.190178439021111,0,0,0,0,2.23091465234756,0,0,0,0,0,0.370829433202744,0,0.392709136009216,0,5.36573056876659,0,0,0,0,0,11.5888116359711,0,0,0,0,0,0,0,0,0,190.974440269172,0,8.26261587440968,0,32.5449405908585,0,188.942710936069,0,461.363474205136,0,0,0,11.8398331999779,157.313250780106,0,13.759198307991,0,0,0,0,0.207663670182228,0,1.05324673652649,0,0,0,37.7443507909775,0,0,0,0,1.62648332118988,0,56.3469796180725,0,1.05962371826172,0,0.857947766780853,0,21.0792159736156,0,0,0,133.635420799255,0,6.48636212944984,0,1452.22736573219,22.6516859233379,1.01417745649815,221.264517053962,0,123.238600194454
0,47.3247875273228,0,4.39667358249426,0,0,0,0,0,48.9377527311444,0,63.4516920745373,0,24.5246637910604,0,50.5454835742712,0,113.221851356328,117.122993141413,90.2358010411263,0,33.6492298096418,0,5.12721039354801,0,0,0,0,0,0,0,0,0,0,0,1.73652600497007,12.73832654953,10.425108268857,0,92.6260494440794,0,46.5123763158917,1.05372546613216,1.885174036026,0,39.1760830506682,0.122714079916477,3.3600355386734,13.759198307991,0,0,0,0,0,0,23.0316702276468,0,35.934897005558,0,15.5827370882034,0,84.940589979291,140.533056020737,0,17.6936536580324,0,50.4009922295809,0,0.238752335309982,0.292771220207214,0,0,13.1876605600119,0,0,0,0,0,4.53074362128973,0.78541898727417,172.786490276456,0,175.362614564598,21.2527387067676,400.253346897662,8.37400539219379,0
0,0,3.54950833320618,0,409.484322577715,0,6.8360710144043,0,6.51496887207031,0,0,0,0,0,4.0112326592207,0,0,0,0,0,0,0,0,0,0,0,0,0,0,0,0,0,0,0,0,0,8.5683071911335,0,0,0,0,0,0,0,0,0,0,0,0,0,0,0,0,0,0,0,101.514639437199,0,0,0,39.7771090567112,0,0,2.33934283256531,0,0,0,0,0,0,0,0,0,0,0,0,0,0,0,0.254006773233414,0,0,176.079498395324,96.5047903358936,0,0,0
0,0,0,0,0,504.026139393449,0,1,0,0,0,0,0,240.14211577177,0,8.26533515751362,0,0.225058600306511,0,7.83447155356407,0,0,0,0,0,0,0,0,0,0,0,0,0,0,0,1.04507628083229,0,0,0,0,0,0,0,0,0,0,0,0,0,0,0,0,0,0,0,0,0,3.31477248668671,0,130.784031435847,0,2.07512871921062,0,0,0,0,0,0,0,0,0,0,0,0,0,0,0,0,0,0,0,0,336.620732903481,152.133730426431,17.8305207788944,0,0
0,0,0,0,7.73084545135498,0,153.147004336119,0,0,0,0.442941278219223,0,0,0,0,0,0,0,0,0,44.8737494051456,0,0,0,0,0,0,0,0,0,0,0,0,0,0,0,24.4287225306034,0,0,0,0,0,0,0,0,0,0,0,0,0,0,0,0,0,0,0,54.3630078732967,0,0,0,0,0,0,9.13325506448746,0,0,0,0,0,0,0,0,0,0,0,0,0,0,0,2.05113223195076,0,0,251.265414208174,3.67836606502533,0,0,0
0,0,0,0,0,0,0,167.014889836311,0,0,0,1.92167031764984,0,0,0,0,0,0,0,4.60858651995659,0,0,0,0,0,0,0,0,0,0,0,0,0,0,0,1.05111443996429,0,0,0,0,0,0,0,0,0,0,0,0,0,0,0,0,0,0,0,0,0,0,0,40.7635662555695,0,0,0,0,0,0,0,0,0,0,0,0,0,0,0,0,0,0,0,0,0,0,65.5160090327263,0,0,0,0
42.1766283810139,0,2.92616727948189,0,16.7256975769997,0,0,0,141.629203245044,0,0,0,0,0.180933311581612,64.1716614365578,0,24.4555647373199,0.846781432628632,22.0119829624891,0,0,0,0,0,121.352738216519,0,22.7522221207619,0,0,0,0,0,0,0,1.79919943213463,0,33.257871620357,0,24.8529014959931,0,0,0,193.096826195717,0,0,0,35.8565044403076,0.50749346613884,0.207663670182228,0,0,0,0,0,0,0.230532065033913,6.00637528300285,0,0,0,205.236592844129,0,0,5.08583571016788,0,0,0,91.8026752173901,0,16.8331496417522,0,0,0,12.1119698882103,0,0,0,0.825150653719902,0,48.3730725422502,0,9.58053821325302,54.0899285972118,93.5714737027884,216.566885344684,0,7.30790887773037
0.213789775967598,163.90654527396,0,16.9314760863781,0,0,0,0,0,355.655159167945,0,1.74059590697289,0,2.60806351900101,0,70.81433891505,1.39176464080811,803.090216480196,243.927511923015,33.2606841698289,0,0,0,43.0018218755722,0,8.61466162651777,0,0,0,0,0,0,0,0,0.0935538187623024,0.175761729478836,0.203607976436615,0.337248057126999,0,4.114177942276,0,126.81232431531,3.82625463604927,4.56532548367977,0,213.32017198205,0.384430214762688,0,0,23.0316702276468,0,0,0,0,0.230532065033913,0,0,1.60209733247757,0,0,0,35.217788040638,156.096639245749,0,0,0,71.6227122545242,0,15.8490751385689,0,0,0,0,0,0,0,0,0,18.3735817223787,0.98687406629324,8.3272360265255,0,318.11413885653,58.3326319903135,323.810361795127,31.8072452694178,0
22.3823134899139,0,0,0,109.214436411858,0,7.60396970808506,0,0,0,1847.0902299732,0,138.905596852303,0,0,0,0,0,0,0,156.772982299328,0,0,0,0,0,0,0,0,0,9.82073085010052,0,0,0,0,0,0,0,281.087406724691,0,0,0,19.2076737433672,0,0,0,1.81269487738609,0,1.05324673652649,0,101.514639437199,0,54.3630078732967,0,6.00637528300285,0,0,0,669.473050445318,0,27.1083549261093,0,0,209.734994098544,0,0,0,0,0,77.5987335145473,0,201.943239688873,0,47.1447878926992,0,0,0,0,0,0,0,1.77873250842094,152.607949584723,0,99.7511526346207,0,24.8888997733593
0,9.78576235473156,0,0.261905193328857,0,207.470868229866,0,60.5317713320255,0,2.641507178545,0,3540.67192727327,0,234.050872728229,0,107.721012018621,0,14.7156923115253,5.08577923476696,659.267630860209,0,0,0,0,0,0,0,0,0,144.217640340328,0,0,0,0,0,3.56692978739738,0,236.034832000732,0,1.1526695638895,0,0,0.849337160587311,0.264757841825485,0,21.8190738409758,0,0,0,35.934897005558,0,3.31477248668671,0,0,0,1.60209733247757,0,0,0,870.909880951047,0,47.6114715710282,468.022584885359,0,0,0,0,0,1.55701953172684,0,0,0,190.911272585392,0,0,0,0,0,0.472393006086349,0,162.074784100056,0,428.578157037497,18.1751141995192,122.865471333265,0,0
1,0,0,0,8.62971544265747,0,0,0,0,0,97.7382657527924,0,481.20381295681,0,84.2640939950943,0,0,0,0,0,0,0,0,0,0,0,0,0,6.14055299758911,0,0,0,0,0,0,0,0,0,0,0,0,0,0,0,0,0,0,0,0,0,0,0,0,0,0,0,669.473050445318,0,0,0,4.73384141921997,0,0,0,0,0,0,0,0,0,0,66.3739446401596,0,0,0,0,0,0,0,0,0,0,154.813701152802,79.0232802778482,0,0,0
0,2.55944417417049,0,0,0,98.8463222533464,0,0,0,0,0,148.199679270387,0,2291.11450853944,0,215.371862664819,0,0,0,61.9737145155668,0,0,0,0,0,11.1776653975248,0,10.8229028135538,0,0,0,0,0,0,0,3.12605635821819,0,0,0,0,0,0,0,0,0,0,0,0,0,15.5827370882034,0,130.784031435847,0,40.7635662555695,0,0,0,870.909880951047,0,0,0,177.716813534498,136.310051441193,0,0,0,0,0,30.8237580955029,0,32.6713332533836,0,0,0,0,0,0,0,0,0,0,0,340.948897503316,208.517085671425,36.7363777905703,0,0
21.6805875599384,0,0.334033772349358,0,3.22280979156494,0,0,0,191.645022839308,0,0,0,53.8779667615891,0,921.01705545187,0,5.86341470479965,0,11.6582248657942,0.221419438719749,0,0,0,0,1.72622388601303,0,4.44196197390556,0,0,0,0,0,0,0,0,0,123.503595493734,0,0,0,0,0,8.13399890065193,0,1.7622195482254,0,21.6271224170923,0,37.7443507909775,0,39.7771090567112,0,0,0,205.236592844129,0,27.1083549261093,0,4.73384141921997,0,0,0,0,27.7459850460291,0,0,0,0,0,2.41007450222969,0,0,0,10.5363323688507,0,0,0,0,0,99.2324975728989,0,0,291.422751560807,102.485139667988,94.1952362209558,0,0.847903788089752
0,181.847567200661,0,3.70039983093739,0,21.0907603353262,0,0,0,25.1149826869369,0,25.2611375153065,0,355.708815872669,0,740.635536924005,0.183571726083755,506.420371457934,16.5667840316892,95.9138051122427,0,0,0,37.5744693875313,0,58.6865033507347,0,1.61173625290394,0,0,0,0,0,0,0.0957220792770386,9.96547418832779,0,0,0,1.78708183765411,0,5.14473684132099,0.747904926538467,2.00837287306786,0,9.15154194831848,0.405909389257431,0,0,84.940589979291,0,2.07512871921062,0,0,0,35.217788040638,0,47.6114715710282,0,177.716813534498,0,0,48.6507227346301,0,0,0,7.22521632909775,0,190.251348808408,0,0,0,0,0,0,0,0,0,3.52219673991203,0.0973023101687431,0.883979141712189,0,436.838784135878,214.396985083818,108.763087682426,2.40129275619984,0
0,185.364483356476,0,230.284103341401,0,0,0,11.8491528630257,2.62147867679596,130.576854072511,0,173.055246338248,0,0.258146084845066,0,43.79086124897,6.71594395488501,364.923659831285,535.465033441782,887.261066384614,0,0,0,1.86962538957596,0.708053231239319,0.36850068718195,0,2.29417461156845,0,0,0,0,0,0,1.42457816004753,365.841268479824,3.13506495207548,141.72823227942,0.795413121581078,6.4066022336483,0,117.191007874906,5.48855582624674,131.058736875653,0,270.853427924216,6.69655102491379,0,0,140.533056020737,0,0,0,0,0,156.096639245749,0,468.022584885359,0,136.310051441193,0,48.6507227346301,0,0.862385779619217,0,0,2.15125449001789,0,10.9958053678274,0,0,0,0,0,0,0,0,0.0973188430070877,262.362734571099,2.00685001909733,373.4342822209,0.216002151370049,1006.72965246439,323.740233361721,575.644313432276,68.158709987998,0
30.2572783827782,0,3.25743722915649,0,60.4377104341984,0,22.1308370530605,0,14.7444287389517,0,383.029904901981,0,0.373550549149513,0,13.7339289039373,0,0.394273430109024,0,2.63765873014927,0,1712.31958685815,0,0,0,0,0,0.662850499153137,0,0,0,0,0,0,0,0,0,456.673326045275,0,213.623796880245,0,0,0,29.9902648702264,0,0,0,582.218163132668,0,0,0,2.33934283256531,0,9.13325506448746,0,5.08583571016788,0,209.734994098544,0,0,0,27.7459850460291,0,0.862385779619217,0,0,0,0,0.800027504563332,0,1.83637970685959,0,0,0,0,0,0,0,0,0,58.1366773247719,0,29.6045542061329,771.038815066218,17.8514452725649,784.491493351758,0,2.27699345350266
0,0,0,0,0,0,0,0,0,0,0,0,0,0,0,0,0,458.426451846957,0,0,0,3657.27873952687,15.7194650173187,230.72875161469,0,208.123310178518,0,151.333052352071,0,0,0,0,0,0,0,0,0,4.37001705169678,0,0,0,0,0,0,0,0,0,0,0,17.6936536580324,0,0,0,0,0,0,0,0,0,0,0,0,0,0,0,0,135.520058125257,0,231.569315493107,0,240.98803858459,0,0,0,0,0,0,0,0,0,27.6418911516666,0,293.694867178798,251.76733854413,0,0,0
0,0,0,0,0,0,0,0,0,0,0,0,0,0,0,0,1326.94789397717,0,0,0,0,46.3822508901358,4552.44902804494,0,10.1283948421478,0,8.23888018727303,0,4.03088682889938,0,0,0,0,0,0,0,0,0,17.5499095469713,0,0,0,0,0,0,0,0,0,1.62648332118988,0,0,0,0,0,0,0,0,0,0,0,0,0,0,0,0,0,0,0,0,16.4806773066521,0,0,0,0,0,0,0,0,0,0,0,32.5089373588562,312.897606492043,155.821344837546,0,0,0
0,18.4807127565145,0,1.11732272803783,0,0,0,0,0,60.2625835835934,0,0,0,2.3828634172678,0,17.5697090774775,113.937119007111,1193.95759743452,418.630625203252,0,0,561.240740314126,0,756.818518295884,0,137.870047986507,0,1.8866595774889,0,0,0,0,0,0,0,0,0,135.871067404747,0,0,0,66.244243696332,0.186210930347443,14.0699258744717,0,0,0,0,0,50.4009922295809,0,0,0,0,0,71.6227122545242,0,0,0,0,0,7.22521632909775,2.15125449001789,0,135.520058125257,0,0,0,309.908425524831,0,0,0,0,0,0,0,0,0,0.935764878988266,0,19.6230698823929,0,921.639178588986,39.6233408972621,91.4248313307762,24.0574032515287,0
1.60455858707428,0,0,2.79322791099548,0,0,0,0,90.9570561796427,0,0,0,0,0,4.18921910226345,0,125.888228222728,1.51313075423241,155.576346993446,0.664852321147919,0,0,6.0148668885231,0,315.050943642855,0,45.1044272780418,0,0,0,0,0,0,0,4.12245716899633,0,5.25708242505789,0,59.0258747041225,0,0,0,67.8885893523693,0.200437813997269,0.684644252061844,0,5.41828334331512,0.89154851436615,56.3469796180725,0,0,0,0,0,91.8026752173901,0,0,0,0,0,0,0,0,0.800027504563332,0,0,0,0,0,30.3138447105885,0,0,0,0,0,0,0,0.310952723026276,0,6.71439742296934,0,8.20613537728786,398.50676125288,21.3641366362572,10.8524966239929,0,9.09973725676537
0,12.7022916972637,0,1.58989095687866,0,0,0,0,0,19.8672368228436,0,1.75336258113384,0,217.909392431378,0,318.428290978074,2.51490943133831,1300.47964844108,26.5085364356637,5.24533568322659,0,23.3305771052837,0,1698.13056537509,0,1600.63432116807,0,62.8704829663038,0,0,0,0,0,0,0,0.360183998942375,0.234979823231697,0,0,0,0,21.7936060130596,0.180755823850632,1.82043945789337,0,10.2612150013447,0.179823130369186,0,0,0.238752335309982,0,0,0,0,0,15.8490751385689,0,1.55701953172684,0,30.8237580955029,0,190.251348808408,10.9958053678274,0,231.569315493107,0,309.908425524831,0,0,0,195.349076583982,0,0,0,0,0,0,0,0.337597757577896,0,1.10150742530823,0,364.067339241505,1138.36678436399,69.3418264165521,1.84694422781467,0
