0,0,0.00453129833151496,0,0,0,0,0,0.0669914323645085,0.00010411175815709,0,0,0,0,0,0,0.000829537200858206,0,0.0354244609413371,0,0,0,0,0,0,0,0,0,0,0,0,0,0,0,0,0,0,0,0,0,0,0,0,0,0,0,0,0,0.00129589431179195,0,0,0,0,0,0.0327288668249435,0,0,0,0,0,0,0,0,0,0,0,0,0,0,0,0,0,0,0,0,0,0,0,0,0,0,0,0.00291273350961396,0,0.00346319786211394,0,0
0,0,0,0.032000137349036,0,0.00105308351800715,0,0,0,0.0680305452790287,0,0,0,0,0,0,0,0,0.00484628634359318,0,0,0,0,0,0,0,0,0,0,0,0,0,0,0,0,1.87888107478634e-05,0,0.00102075757217724,0,0.00508997053859578,0,0.0567889178895112,0,0,0,0.00323610582669349,0,0,0,0.0337410782580644,0,0.00140765970868098,0,0,0,0.161685978117963,0,0.0109298011444816,0,0.00926198264668725,0,0.0257170834721664,0.00182601511330476,0,0,0,0.000743841763773346,0,0,0,0.00106144415691273,0,0.0124631217395941,0,0,0,0,0,0.00209830598816233,0,0.00237297369841099,0,0.00221542356174469,0,0.0188542272762108,0.00176550171137957,0
0.00453129833151496,0,0,0,0.0863335345478673,0,0,0,0.0287193808425872,0,0,0,0,0,0,0,0,0,9.58723104940032e-05,0,0,0,0,0,0,0,0,0,0,0,0,0,0,0,0,0,0,0,0,0,0,0,0,0,0,0,0.000230281340079023,0,0.00015268257198791,0,0.0168891953060123,0,0,0,0.110372679004076,0,0,0,0.028390328912511,0,0.0401064131932219,0,0,0,0,0,0,0,0,0,0,0,0,0,0,0,0,0,0,0,0,0,0.000419536314390989,9.01806970619274e-05,0.00269874129608474,0,0
0,0.032000137349036,0,0,0,0.0539061555338198,0,0,0,0.0243463759849011,0,0.00168276179805282,0,0,0,0,0,0,0.000972550635488935,0.000959812406541324,0,0,0,0.00100907570215726,0,0,0,0,0,0,0,0,0,0,0,0.00117315028288861,1.96699766852925e-05,7.35430928298152e-05,0,0.0114565794896294,0,0.00928547453421791,0,0,0,0.0353957669048572,0.00041909838961648,0,0,0.00322043567783248,0,0.00319054309706707,0,0,0,0.0161035600439873,0,0.00494469447232189,0,0,0,0,0.00611894425421202,0,4.70456574963671e-06,0,0,0,0,0,0.0003237699494567,0,0.0270282661151071,0,0,0,0,0,0.00273767779603221,0,0.00293173246611331,0,0.00082511009409058,2.69374225898059e-05,0.0121946640475593,0.003086742559378,0
0,0,0.0863335345478673,0,0,0,0,0,0.00653202068365652,0,0.000394612240144771,0,0,0,0,0,0,0,0,0,0.0127875340803704,0,0,0,0,0,0,0,0,0,0,0,0,0,0,0,4.99307098958401e-05,0,0,0,0,0,0,0,0,0,0,0,0,0,0.197103023071957,0,0,0,0.017805203597188,0,0.00338613179207786,0,0.00150080541009773,0,0.000160613514434423,0,0,0.00810095768884601,0,0,0,0,0,0,0,0,0,0,0,0,0,0,0,0,0,0,0.00273237767018925,4.1622004966489e-05,0.00525369128555094,0,0
0,0.00105308351800715,0,0.0539061555338198,0,0,0,0.023905617106199,0,0.00545959732081266,0,0.0272344034755212,0,0,0,0,0,0,7.85410425545074e-05,0.0257674984788922,0,0,0,0,0,0,0,0,0,0,0,0,0,0,0,0.00341651364162643,0,0.000183142950326897,0,0.000495803587400204,0,0.000280065176338119,0,0,0,0.00183844038603435,0,0,0,0.000208330529192218,0,0.33161568667051,0,0.00462598999771969,0,0.0116945901195369,0,0.0231835893630629,0,0,0,0,0.000605470389934998,0,0,0,0,0,0,0,0.000648887186075238,0,0.00884668742892815,0,0,0,0,0,0.000394088541853756,0,0.00105812588056658,0,0.00133222378772015,0.000183369698025873,0.00185702809667738,6.12916177278062e-05,0
0,0,0,0,0,0,0,0,0,0,0,0,0,0,0,0,0,0,0,0,0.0305850913367425,0,0,0,0,0,0,0,0,0,0,0,0,0,0,0,0,0,0,0,0,0,0,0,0,0,0,0,0,0,0,0,0.0739998868801532,0,0,0,0.0229221411390326,0,0.00594531044065175,0,0,0,0,0.0012490532523076,0,0,0,0,0,0,0,0,0,0,0,0,0,0,0,0,0,0,0.000704287818986087,0,0,0,0
0,0,0,0,0,0.023905617106199,0,0,0,0,0,0.00451847243770748,0,0,0,0,0,0,0,0.00372829909102655,0,0,0,0,0,0,0,0,0,0,0,0,0,0,0,0.0052408188021559,0,0,0,0,0,0,0,0,0,0,0,0,0,0,0,0.0217544214070678,0,0.0179551609377487,0,0,0,0.00287534486954444,0,0,0,0,0,0,0,0,0,0,0,0,0,0,0,0,0,0,0,0,7.8502457099722e-05,0,0,0,0.000532066471545586,1.01478988779074e-05,8.69295809351588e-05,0,0
0.0669914323645085,0,0.0287193808425872,0,0.00653202068365652,0,0,0,0,9.10597654629839e-05,0,0,0,0,0.0587898019357469,0,0.0105097765685424,0,0.0047560823892365,0,0,0,0,0,0,0,0,0,0,0,0,0,0,0,0,0,0,0,0.000155059808683805,0,0,9.92004531928589e-05,0.000602391220794042,0,0.000430802719265055,0,0,0,0.00280570873683866,0,0.000189683563118743,0,0,0,0.127781407987633,0,0,0,0.000118728198695098,0,0.0157742888482552,0,0,0,0,0,0,8.48747308867326e-05,0,0,0,0,0,0,0,0,0,0,0,0,0,4.95683323170663e-05,0.00801860710315795,0.000687086759848257,0.000910016861792405,0,0.00461696922726074
0.00010411175815709,0.0680305452790287,0,0.0243463759849011,0,0.00545959732081266,0,0,9.10597654629839e-05,0,0,0,0,0,0,0.0532108635635471,0,0.000178647386177466,0.00376339221127019,0,0,0,0,0.0110376789650273,0,0.000639159564564101,0,0,0,0,0,0,0,0,0,3.83543987245974e-06,0,0.000469686548519776,0,0.00265352923486235,0,0.00815892542593346,0,0,0,0.00317599139441119,0.000277983558127859,0,0,0.00306782421062252,0,0,0,0,0,0.121158586925505,0,0.000844439345837318,0,0.00182622228183382,0,0.021851870946185,0.000186780371882768,0,0,0,0.0452363508967775,0,0,0,0,0,0.00727237313740391,0,0,0,0,0,0.000546763355312768,0,0.00101605155270805,0,0.00729666514565534,0.000694053949621124,0.00323265248129104,0.0030189484960143,0
0,0,0,0,0.000394612240144771,0,0,0,0,0,0,0,0.023361601584485,0,0,0,0,0,0,0,0.151465673037738,0,0,0,0,0,0,0,0,0,0.0132577300415145,0,0,0,0,0,0.00948695653542342,0,0.0380037382187898,0,0,0,0,0,0,0,0,0,0,0,0.000464137624312071,0,5.28212614774974e-05,0,0,0,0.176783085730313,0,0.0375465937466437,0,0,0,0,0.0683837464145732,0,0,0,0,0,0,0,0,0,0.0130828113154695,0,0,0,0,0,0,0,0.00482063236569114,0.00356433049665294,0.000121701615646324,0.000520005787198787,0,0
0,0,0,0.00168276179805282,0,0.0272344034755212,0,0.00451847243770748,0,0,0,0,0,0.0101633432183089,0,0,0,0,0,0.0348687052956609,0,0,0,0,0,0,0,0,0,0.0184733437731921,0,0,0,0,0,0.00324233201410502,0,0.0581408100115588,0,0,0,0,0,0,0,0,0,0,0,0,0,0.00523543123939477,0,0,0,0,0,0.0860484185038249,0,0.0605401526083041,0,0,0.00897354442500282,0,0,0,0,0,0,0,0.00255874824321226,0,0.0247851661804567,0,0,0,0,0,0.00020713072282995,0,0.00798722178390662,0,0.00136315019449921,0,0.000867875275226907,0,0
0,0,0,0,0,0,0,0,0,0,0.023361601584485,0,0,0,0.0776550192865334,0,0,0,0,0,0,0,0,0,0,0,0.00419225475771002,0,0.0327311906773754,0,0.0193871942682783,0,0,0,0,0,0,0,0,0,0,0,0,0,0,0,0,0,0,0,0,0,0,0,0,0,0.0174164932825147,0,0.173600277480852,0,0.0509383902715286,0,0,0,0,0,0,0,0,0.00089733524607221,0,0.00797491912813531,0,0,0,0,0,0,0,0,0,0,0.00297521485297509,0.0008988902369303,0,0,0
0,0,0,0,0,0,0,0,0,0,0,0.0101633432183089,0,0,0,0.0076597409270205,0,0.000104955178922141,0,0,0,0,0,0,0,0,0,0.00929660466666557,0,0,0,0,0,0,0,0,0,0,0,0,0,0,0,0,0,0,0,0,0,0,0,0,0,0,0,0,0,0.00413521641898072,0,0.0791091976738566,0,0,0,0,0,0,0,0,0,0,0.000842818017254244,0,0,0,0,0,0,0,0,0,0,0,0.00129159022845026,0.0035197367374572,0,0,0
0,0,0,0,0,0,0,0,0.0587898019357469,0,0,0,0.0776550192865334,0,0,0,0.00686781792226533,0,0,0,0,0,0,0,0,0,0.000581073453838607,0,0.00200048646837795,0,0,0,0,0,0,0,0,0,0,0,0,0,0,0,0,0,0,0,0,0,0,0,0,0,0.0118163717945293,0,0,0,0.00265252326382635,0,0.0503073730208816,0,0,0,0,0,0,0,0,0,0,0.00103201789274532,0,0,0,0,0,0,0,0,0,0,0.00613009967901111,0.00260475054606191,0,0,0
0,0,0,0,0,0,0,0,0,0.0532108635635471,0,0,0,0.0076597409270205,0,0,0,0.00303699420406475,0,0,0,0,0,0.00403431192904392,0,0.0368019951994727,0,0.00613510298315245,0,0,0,0,0,0,0,0,0,0,0,0,0,0,0,0,0,0,0,0,0,0,0,0,0,0,0,0.0137124548565541,0,0,0,0.000196478636198091,0,0.0247594217349284,0,0,0,0,0.0162393226314812,0,0,0,0,0,0,0,0,0,0,0,0,0,0,0,0.00215711747798809,0.000265103877739897,0,0,0
0.000829537200858206,0,0,0,0,0,0,0,0.0105097765685424,0,0,0,0,0,0.00686781792226533,0,0,0.0754400692683689,0.0730577010513624,0,0,0,0.0104693312504651,0,0,0,0.0647720058517366,0,0,0,0,0,0,0,0,0,0,0,0,0,0,0,6.67519827334605e-06,0,0.000152516769669536,0,7.92507835093427e-05,0,0,0,0,0,0,0,0.000232078916172887,0,0,0,0,0,0.000592785080766209,0,0,0,0,0.000387394217094767,0,0,0,0.00105745139263775,0,0,0,0,0,0,0,0,0,0,0,0,0.0159697449055914,0.000107287493036825,0.000262101275609458,0,0
0,0,0,0,0,0,0,0,0,0.000178647386177466,0,0,0,0.000104955178922141,0,0.00303699420406475,0.0754400692683689,0,0.0358764884678712,0,0,0,0,0.000953969681935864,0,0.0717487638365042,0,0.00299473474054384,0,0,0,0,0,0,0,0,0,0,0,0,0,1.45986966134069e-05,0,0,0,0,0,0,0,0,0,0,0,0,0,0,0,0,0,0,0,0,0,0,0,0,0,0,0.00153311432983021,0,5.38575477548875e-05,0,3.28170025337277e-05,0,0,0,0,0,0,0,0,0,0.00984033720761864,0.000420311821114766,0,5.95769396607498e-05,0
0.0354244609413371,0.00484628634359318,9.58723104940032e-05,0.000972550635488935,0,7.85410425545074e-05,0,0,0.0047560823892365,0.00376339221127019,0,0,0,0,0,0,0.0730577010513624,0.0358764884678712,0,0,0,0,0,0.00341871846703144,0.000797926797319477,0,0,0,0,0,0,0,0,0,0,4.87800301141481e-06,0,2.19622406072697e-05,0,0.0316069370375563,0.000177615080690545,0.0764738376774339,0.0523296049081688,0,0.0598179940561067,0.0256046402352163,0.0291767259113578,7.28198317051607e-06,7.83480135375177e-06,0.000390751901115738,0,0,0,0,0,0.00474678493646879,0,5.14049457544492e-05,0,0,0,0,0.00501653294274444,0,0,0,0.00490833290670649,0,0,0,0,0,0.00529638008343172,0,0,0,0,0,0.0200883911371578,0,0.0116917489364123,0,0.0312989128339305,6.12212151260222e-05,0.0925516801702267,0.0184619269561326,0.00120810860986852
0,0,0,0.000959812406541324,0,0.0257674984788922,0,0.00372829909102655,0,0,0,0.0348687052956609,0,0,0,0,0,0,0,0,0,0,0,0,0,0,0,0,0,0,0,0,0,0,0,0.0150175363249762,0,0.00600738250569341,0,0.000150094009340955,0,0,0,0,0,0,0,0,0,0,0,0.00691425697150355,0,0,0,0,0,0.0105773884230667,0,0,0,0,0.0795123341580303,0,0,0,0,0,0,0,0.000347814122827434,0,0.012221164321633,0,0,0,0,0,0.00595200773267305,0,0.00292353183253177,0,0.000453350402667853,0,0.00240594747019879,0,0
0,0,0,0,0.0127875340803704,0,0.0305850913367425,0,0,0,0.151465673037738,0,0,0,0,0,0,0,0,0,0,0,0,0,0,0,0,0,0,0,0,0,0,0,0,0,0.011559949277909,0,0.00438213574905808,0,0,0,0,0,0,0,0,0,0,0,0.00310753671924485,0,0.00238554103797949,0,0,0,0.0428294147053996,0,0,0,0,0,0,0.271575890784549,0,0,0,0,0,0,0,0,0,0.000145396067221301,0,0,0,0,0,0.00728397808665045,0,0.000416031050508565,0.000112990792103191,0,0.00223657400971787,0,0
0,0,0,0,0,0,0,0,0,0,0,0,0,0,0,0,0,0,0,0,0,0,0.132940647787788,0.00159455919951572,0,0.00237013742015397,0,0.0258868265118888,0,0,0,0,0,0,0,0,0,0.034481452349827,0.00709932116690393,0,0,0,0,0,0,0,0,2.49718155799608e-05,0,0.00278223229865245,0,0,0,0,0,0,0,0,0,0,0,0,0,0,0.253337793687485,0.0160697162464508,0.00165790837298855,0,0.0040183912016064,0,0.00909126341928999,0,0,0,0,0,0.000174727729882123,0,0,0,0.0130788435327032,0.00188029900758587,0.0148276545121806,0.000280705028928638,0,0,0
0,0,0,0,0,0,0,0,0,0,0,0,0,0,0,0,0.0104693312504651,0,0,0,0,0.132940647787788,0,0,0.00926917314398904,0,0,0,0.00376968250548044,0,0,0,0,0,0,0,0,0.000284947217474533,0.04969454082513,0,0,0,0,0,0,0,0,0,0.000504856414583555,0,0,0,0,0,0,0,0,0,0,0,0,0,0,0,0.0651563862934997,0.147218520188686,0,0.0123772659568382,0,0,0,0.00847250630360925,0,0,0,0,0,0,0,0,0.000149038981266673,0.0134281057190148,0.0182933873365002,0.000353133882121462,0,0,0
0,0,0,0.00100907570215726,0,0,0,0,0,0.0110376789650273,0,0,0,0,0,0.00403431192904392,0,0.000953969681935864,0.00341871846703144,0,0,0.00159455919951572,0,0,0,0.152084276247003,0,0.000344040961110299,0,0,0,0,0,0,0,0,0,0.0117786457394662,0,0.00112749215153883,0,0.00588664329634586,0,0,0,0.000410907460569314,0,0,0,0.0137414228675834,0,0,0,0,0,0.0124782763590929,0,0,0,0.000339364281237702,0,0.00807787963932242,1.94978732516324e-05,0,0.000698719071998522,0,0.201901670988458,0,0.294896891604321,0,0.000963578903007831,0,0.00215834389200195,0,0,0,0,0,0.000131495132582171,0,0.00526541082292621,0,0.00137798472954808,0,0.000904832268662104,0.00688326901003956,0
0,0,0,0,0,0,0,0,0,0,0,0,0,0,0,0,0,0,0.000797926797319477,0,0,0,0.00926917314398904,0,0,0,0,0,0,0,0,0,0,0,0,0,0,0,0.0136798605694515,0,0,0,0,0,0,0,0,0,0,0,0,0,0,0,0,0,0,0,0,0,0,0,0,0,0,0.00342161417076647,0,0.147536489229696,0,0,0,0,0,0,0,0,0,0,0,0,0,2.89949183828247e-05,0.00201755550734306,0,1.40094842544193e-05,0,0
0,0,0,0,0,0,0,0,0,0.000639159564564101,0,0,0,0,0,0.0368019951994727,0,0.0717487638365042,0,0,0,0.00237013742015397,0,0.152084276247003,0,0,0,0,0,0,0,0,0,0,0,0,0,0,0,0,0,0,0,0,0,0,0,0,0,0,0,0,0,0,0,0.000398086108124333,0,0,0,0,0,0.00439863640168528,0,0,0.000260151800198272,0,0.00831659844565785,0,0.0404755015841493,0,0,0,0,0,0,0,0,0,0,0,0,0,0.00119264369477745,0.000201484196675235,0,0,0
0,0,0,0,0,0,0,0,0,0,0,0,0.00419225475771002,0,0.000581073453838607,0,0.0647720058517366,0,0,0,0,0,0,0,0,0,0,0,0.0532922560158758,0,0,0,0,0,0,0,0,0,0,0,0,0,0,0,0,0,0,0,0,0,0,0,0,0,0,0,0,0,0,0,0,0,0,0,0,0,0,0,0,0.0411174660375744,0,0.00857137535075282,0,0,0,0,0,0,0,0,0,0,0.00339510197449743,6.04141486159715e-06,0,0,0
0,0,0,0,0,0,0,0,0,0,0,0,0,0.00929660466666557,0,0.00613510298315245,0,0.00299473474054384,0,0,0,0.0258868265118888,0,0.000344040961110299,0,0,0,0,0,0.13784861361009,0,0,0,0,0,0,0,0.0124701090949683,0,0,0,0,0,0,0,0,0,0,0,0.000139352507788584,0,0,0,0,0,0,0,0,0,0.00370803551535283,0,0,0,0,0.00527377677816737,0,0.000371648756661317,0,0.000614397183036467,0,0.132498897156887,0,0.00655561059098791,0,0,0,0,0,0,0,0.0024350402894488,0,0.0053969617838983,0.00155719096536777,0,0,0
0,0,0,0,0,0,0,0,0,0,0,0,0.0327311906773754,0,0.00200048646837795,0,0,0,0,0,0,0,0.00376968250548044,0,0,0,0.0532922560158758,0,0,0,0.0107317069924066,0,0,0,0,0,0,0,0.000147799758235881,0,0,0,0,0,0,0,0,0,0,0,0,0,0,0,0,0,0,0,0.0893572617183525,0,0.00694490534572001,0,0,0,0,0.00171147507418599,0,0,0,0.107068604391262,0,0.294523140121275,0,0,0,0,0,0,0,0,0,0.000308771828927573,0.0029897201368572,0.000296242660181182,0,0,0
0,0,0,0,0,0,0,0,0,0,0,0.0184733437731921,0,0,0,0,0,0,0,0,0,0,0,0,0,0,0,0.13784861361009,0,0,0,0,0,0,0,0,0,0.0368843585041067,0,0,0,0,0,0,0,0,0,0,0,0,0,0,0,0,0,0,0,0.0262443152452859,0,0,0,0,0,0,0,0,0,0,0,0,0.0438891309162528,0,0.23983860577414,0,0,0,0,0,0,0,0.0151883715252943,0,0.000759914840232733,0,0,0,0
0,0,0,0,0,0,0,0,0,0,0.0132577300415145,0,0.0193871942682783,0,0,0,0,0,0,0,0,0,0,0,0,0,0,0,0.0107317069924066,0,0,0,0,0,0,0,0,0,0.0225209053970086,0,0,0,0,0,0,0,0,0,0,0,0,0,0,0,0,0,0.016659222528479,0,0.00190220656642332,0,0,0,0,0,0,0,0,0,0,0,0,0.0548960037205797,0,0.17720242373919,0,0,0,0,0,0,0,0.00160148793947454,0.000647649426118855,0.000125674998701758,0,0,0
0,0,0,0,0,0,0,0,0,0,0,0,0,0,0,0,0,0,0,0,0,0,0,0,0,0,0,0,0,0,0,0,0.114152273879037,0.014211808316341,0.00833145580384964,0.00711691060331298,0,0,0,0,0,0,0,0,0,0,0,0.115287836989383,0,3.51874153240676e-05,0,0,0,0,0,0,0,0,0,0,0,0,0,0,0,0,0,0,0,0,0,0,0,0,0.150299984181533,0.0205859999963077,0.0194717822957191,0.00025556373470223,0.00242509220053307,9.91550921660981e-05,0,0,0.00120881042154915,0,0,0,0
0,0,0,0,0,0,0,0,0,0,0,0,0,0,0,0,0,0,0,0,0,0,0,0,0,0,0,0,0,0,0,0.114152273879037,0,0.00479876290795495,0.0108576567642052,0.00511777738618827,0.00716473551561744,0,0,0,0,0,0,0,0,0,0,0.0829839257914814,0,0.0017716634050965,0,0,0,0,0,0,0,0,0,0,0,0,0,0,0,0,0,0,0,0,0,0,0,0,0.0372626949844992,0.0643260443648922,0.0102838251449909,0.0181682013750216,0.00329217358525326,9.62909597586022e-05,0,0.000100222163305387,0.000953701024565642,0,0,0,0
0,0,0,0,0,0,0,0,0,0,0,0,0,0,0,0,0,0,0,0,0,0,0,0,0,0,0,0,0,0,0,0.014211808316341,0.00479876290795495,0,0.305473222045579,0.00907682467930171,0.00163473840649276,0.00544037702653186,0.00490898826339253,0.000255896484491168,0,0.000156942973099307,1.72229611185206e-05,0,0,0,0,0.130079094909995,0.00026183947945185,0.000301097184432693,0,0,0,0,0,0,0,0,0,0,0,0,0,0,0,0,0,0,0,0,0,0,0,0,0.00869301994256935,0.00255982017654389,0.12802683265055,0.13264002768131,0.00131319256418601,0,0.00613111326404705,0.00110063606991006,0.00264735142189219,0.000260554848775057,0.000211293318850348,0,0
0,0,0,0,0,0,0,0,0,0,0,0,0,0,0,0,0,0,0,0,0,0,0,0,0,0,0,0,0,0,0,0.00833145580384964,0.0108576567642052,0.305473222045579,0,0,0.00494715104066267,0.00255004373927524,0.00739308983156133,0,0,0,0,0,0,0,0,0.0688022322685566,0,0.00080067066526698,0,0,0,0,0,0,0,0,0,0,0,0,0,0,0,0,0,0,0,0,0,0,0,0,0.0139526983508729,0.0207000070246676,0.363464382069273,0.18364513939656,0.000270586317443898,1.79098240623522e-05,0.00369823123166869,0.00139504378336971,0.00144318962498464,0,0,0,0
0,1.87888107478634e-05,0,0.00117315028288861,0,0.00341651364162643,0,0.0052408188021559,0,3.83543987245974e-06,0,0.00324233201410502,0,0,0,0,0,0,4.87800301141481e-06,0.0150175363249762,0,0,0,0,0,0,0,0,0,0,0,0.00711691060331298,0.00511777738618827,0.00907682467930171,0,0,0.0316783310736945,0.0476273763844805,3.5880096860467e-05,0.00150066061344785,0,0.000147106047426757,0,0,0,0.00113394125738826,0,0.00650813914813575,0,5.96771274003313e-05,0,0.00145361357047897,0,0.0026557034412908,0,0,0,0.00541714830207111,0,0,0,0,0.0340199653732443,0,0,0,0,0,0,0,0.000130463887020241,0,0.000474361964103256,0,0.0114923888025408,0.00321555068982765,0.0217200666416399,0,0.118467716383867,0.00484056060635181,0.0119786938718222,0,0.0117562602209818,0.00675716387475743,0.0048776778502239,0,0
0,0,0,1.96699766852925e-05,4.99307098958401e-05,0,0,0,0,0,0.00948695653542342,0,0,0,0,0,0,0,0,0,0.011559949277909,0,0,0,0,0,0,0,0,0,0,0,0.00716473551561744,0.00163473840649276,0.00494715104066267,0.0316783310736945,0,0,0.045249588648925,0,0.000128855985116008,3.21334295162092e-06,0,0,0,0,0,0.000699747533416819,0,0,4.60587028756369e-05,0,0,0,0,0,0.0122354536074372,0,0,0,0,0,0,0.0467284520198872,0,0,0,0,0,0,0,0,2.63063767348738e-06,0,0,0.0328171503072738,0.000958822450244753,0.0111119766592569,0.019803458824612,0.154769255769911,5.04859441808254e-05,0.00746020492717697,0.0147280028452451,0.00431539466709986,0.003876277884266,0,0
0,0.00102075757217724,0,7.35430928298152e-05,0,0.000183142950326897,0,0,0,0.000469686548519776,0,0.0581408100115588,0,0,0,0,0,0,2.19622406072697e-05,0.00600738250569341,0,0.034481452349827,0.000284947217474533,0.0117786457394662,0,0,0,0.0124701090949683,0,0.0368843585041067,0,0,0,0.00544037702653186,0.00255004373927524,0.0476273763844805,0,0,0.041194529776255,1.88374644820052e-05,0,0.00054854913463844,6.66793611654032e-06,0,0,4.52006772809464e-05,0,0.00551130081880512,6.93662723847462e-06,0.00291032057071284,0,3.50182409285965e-05,0,0,0,0.000826667046818584,0,0.0475855547586912,0,0,0,0,0.000564954328094696,0,0.0445043175382148,0,0.0115909336301001,0,0,0,0.018072905195481,0,0.0263759175182138,0,0,0,0.00432697529889423,0.000422608372095589,0.0165134790319421,0,0.208569477107978,0.0111653486030993,0.00914662051063217,8.70372026728324e-05,0.00141865044539567,0,0
0,0,0,0,0,0,0,0,0.000155059808683805,0,0.0380037382187898,0,0,0,0,0,0,0,0,0,0.00438213574905808,0.00709932116690393,0.04969454082513,0,0.0136798605694515,0,0,0,0.000147799758235881,0,0.0225209053970086,0,0,0.00490898826339253,0.00739308983156133,3.5880096860467e-05,0.045249588648925,0.041194529776255,0,0,0,0,0.000115061930895952,0,0,0,0,0.0138125971659874,0.00292206218481598,0.000130443743574759,0,0,0,0,0,0,0.0500907214815519,0,0,0,0,0,0,0.00925032162021969,0.00886969032673511,0.0295886174107392,0,0.0418297490975551,0,0,0,0.000220202529855657,0,0.0258043572199016,0,0,0.000860140018232634,0.0167719340031091,6.32764778228029e-05,0.0137067034448623,0.0316557003103641,0.18423192850345,0.00712492039094038,0.00025549576867243,0.0012865604766634,0,0
0,0.00508997053859578,0,0.0114565794896294,0,0.000495803587400204,0,0,0,0.00265352923486235,0,0,0,0,0,0,0,0,0.0316069370375563,0.000150094009340955,0,0,0,0.00112749215153883,0,0,0,0,0,0,0,0,0,0.000255896484491168,0,0.00150066061344785,0,1.88374644820052e-05,0,0,0.000168310268213241,0.0867439829450188,1.19232884315121e-05,0,0,0.0344523458026043,0,0.000177665285970979,1.45389989408544e-05,0.0392463499829479,0,0,0,0,0,0.00110249578350177,0,0.00146594942475932,0,0,0,0,0.00953677985948338,0,0,0,0.000101734265443167,0,0,0,5.23700653348503e-05,0,0.00413460662154167,0,0,0,0.000549834735710057,0,0.0148164940111472,0,0.00193181254244939,0,0.00223734693445583,0,0.0549784122959274,0.0094993742840277,0
0,0,0,0,0,0,0,0,0,0,0,0,0,0,0,0,0,0,0.000177615080690545,0,0,0,0,0,0,0,0,0,0,0,0,0,0,0,0,0,0.000128855985116008,0,0,0.000168310268213241,0,0.000163604345030435,0.0242923947903722,0,0.000649245040923617,0,0.0473339353390094,0,0.0337904519131367,0.000144027138175008,0,0,0,0,0,0,0,0,0,0,0,0,0,0.00411183404260298,0,0,0,0,0,0,0,0,0,0,0,0,0,0,0,0.00709798905919524,0,0,6.16399572112394e-06,0,0.0583210118470484,0,0
0,0.0567889178895112,0,0.00928547453421791,0,0.000280065176338119,0,0,9.92004531928589e-05,0.00815892542593346,0,0,0,0,0,0,0,1.45986966134069e-05,0.0764738376774339,0,0,0,0,0.00588664329634586,0,0,0,0,0,0,0,0,0,0.000156942973099307,0,0.000147106047426757,3.21334295162092e-06,0.00054854913463844,0,0.0867439829450188,0.000163604345030435,0,0.022308398751188,0,8.4218793071457e-05,0.00994728477665888,0.00127481584514704,0.000516552606677124,0.000195267686483152,0.022400353000484,0,0,0,0,0,0.00907255422640117,0,0.00539028678868713,0,3.30024196749967e-05,0,0,0.00918402006692119,0,0,0,0.0052914536694083,0,0,0,0.00210055944968324,0,0.0381002932758289,0,0,0,0.000524534265672887,0,0.0120051187114928,0,0.00921315864732925,0,0.00920356392055989,7.00903545425399e-07,0.104666090026056,0.0258971430473144,1.53096680525942e-05
0,0,0,0,0,0,0,0,0.000602391220794042,0,0,0,0,0,0,0,6.67519827334605e-06,0,0.0523296049081688,0,0,0,0,0,0,0,0,0,0,0,0,0,0,1.72229611185206e-05,0,0,0,6.66793611654032e-06,0.000115061930895952,1.19232884315121e-05,0.0242923947903722,0.022308398751188,0,0,0.0154367274700535,0,0.0359880555247187,0.000812835069813418,0.0135102537502015,0.000629512083242903,0,0,0,0,5.01108095075226e-05,0,0,0,0,0,0,0,0,0.00222646444220201,0,0,0,0.000168776879522453,0,0,0,0,1.60009670225145e-05,0.00117422341572838,0,0,7.90551369755732e-05,0,3.19452162038513e-05,0.000556222832560377,6.27105569259731e-05,0.00122880265685901,0.0073705152408885,6.27257153928171e-06,0.175456593834118,0,0.0986051315063075
0,0,0,0,0,0,0,0,0,0,0,0,0,0,0,0,0,0,0,0,0,0,0,0,0,0,0,0,0,0,0,0,0,0,0,0,0,0,0,0,0,0,0,0,0,0,0,0,0,0,0,0,0,0,0,0,0,0,0,0,0,0,0,0,0,0,0,0,0,0,0,0,0,0,0,0,0,0,0,0,0,0,0,0,0,0,0
0,0,0,0,0,0,0,0,0.000430802719265055,0,0,0,0,0,0,0,0.000152516769669536,0,0.0598179940561067,0,0,0,0,0,0,0,0,0,0,0,0,0,0,0,0,0,0,0,0,0,0.000649245040923617,8.4218793071457e-05,0.0154367274700535,0,0,0,0.0233829105618993,0,0,0,0,0,0,0,0,0,0,0,0,0,0,0,0,0,0,0,0,0,0,0,0,0,0,0,0,0,0,0,0,0,0,0,0.000235499044892517,0,0.0412690286088673,0,0.00153751230484266
0,0.00323610582669349,0,0.0353957669048572,0,0.00183844038603435,0,0,0,0.00317599139441119,0,0,0,0,0,0,0,0,0.0256046402352163,0,0,0,0,0.000410907460569314,0,0,0,0,0,0,0,0,0,0,0,0.00113394125738826,0,4.52006772809464e-05,0,0.0344523458026043,0,0.00994728477665888,0,0,0,0,0.000154403949739758,0,0,0.00407818034949669,0,0,0,0,0,0.00416028646914435,0,0.00293832501022164,0,0,0,0,0.00546066617297717,0,0,0,0,0,0,0,0.00101800299097946,0,0.0216155208823817,0,0,0,0,0,0.00812361945790681,0,0.0124461260941929,0,0.00252387680532947,7.43071471783234e-07,0.0197752561141467,0.00175174791996204,0
0,0,0.000230281340079023,0.00041909838961648,0,0,0,0,0,0.000277983558127859,0,0,0,0,0,0,7.92507835093427e-05,0,0.0291767259113578,0,0,0,0,0,0,0,0,0,0,0,0,0,0,0,0,0,0,0,0,0,0.0473339353390094,0.00127481584514704,0.0359880555247187,0,0.0233829105618993,0.000154403949739758,0,0,7.70716237041965e-06,0,0,0,0,0,0,0,0,6.92995679619644e-05,0,0,0,0,0,0.0856472490589495,0,0,0,0,0,0,0,0,0.000101351345253622,0,0,0,0,0,8.83700600523747e-06,0.0119660921530529,6.2667274534336e-05,0.000699797112186535,0.000176865408850149,0,0.162884991221164,0,0
0,0,0,0,0,0,0,0,0,0,0,0,0,0,0,0,0,0,7.28198317051607e-06,0,0,2.49718155799608e-05,0,0,0,0,0,0,0,0,0,0.115287836989383,0.0829839257914814,0.130079094909995,0.0688022322685566,0.00650813914813575,0.000699747533416819,0.00551130081880512,0.0138125971659874,0.000177665285970979,0,0.000516552606677124,0.000812835069813418,0,0,0,0,0,0.02259771702719,0.110288593340314,0,0,0,0,0,0,0,0,0,0,0,0,0,0,7.93044467404271e-05,1.20547348647002e-05,0,0,0,0,0,0,0,0,0.133428481796031,0.124404992868497,0.109325541898551,0.0597689269862124,0.0379892410950323,0.00861344392504954,0.044397564726235,0.0222984861089188,0.00554153963081021,0.000211177416721811,0.00662224154805208,0,0
0.00129589431179195,0,0.00015268257198791,0,0,0,0,0,0.00280570873683866,0,0,0,0,0,0,0,0,0,7.83480135375177e-06,0,0,0,0.000504856414583555,0,0,0,0,0,0,0,0,0,0,0.00026183947945185,0,0,0,6.93662723847462e-06,0.00292206218481598,1.45389989408544e-05,0.0337904519131367,0.000195267686483152,0.0135102537502015,0,0,0,7.70716237041965e-06,0.02259771702719,0,0.0566388576095568,0,0,0,0,0,0,0,0,0.00145009285689095,0,0.00831557223191997,0,0,8.4286142753966e-06,0,0.00219280729172723,0,0,0,0,0,0.000974375345649554,0,0.00603116839886731,0.000388540216941665,0.00405940675339359,0.000858747291419936,0.000940781370689289,0.0018317884491268,0.00265564568920939,0.000196976986347938,0.010829316188369,0.00114594487608874,0,0.0218679884480233,0,0
0,0.0337410782580644,0,0.00322043567783248,0,0.000208330529192218,0,0,0,0.00306782421062252,0,0,0,0,0,0,0,0,0.000390751901115738,0,0,0.00278223229865245,0,0.0137414228675834,0,0,0,0.000139352507788584,0,0,0,3.51874153240676e-05,0.0017716634050965,0.000301097184432693,0.00080067066526698,5.96771274003313e-05,0,0.00291032057071284,0.000130443743574759,0.0392463499829479,0.000144027138175008,0.022400353000484,0.000629512083242903,0,0,0.00407818034949669,0,0.110288593340314,0.0566388576095568,0,0,0,0,0,0,0.00201308677931644,0,0.00227276925186773,0,0.000255878168871613,0,0.00212198738976387,0.000576628353936978,0,0.00708054987965979,0,0.0444550285484822,0,0.0174558797269495,0,0.0135349101515071,0,0.0141062500936536,0,0.00486827463654086,0.00533747494844491,0.00111480363003284,0.000732284313533223,0.00835918934481293,0.000761168709701115,0.0107178012438745,0.000156511775590455,0.00260922237130471,1.30537423088398e-06,0.0372453685374109,0.00179250183656686,2.59765045160405e-05
0,0,0.0168891953060123,0,0.197103023071957,0,0,0,0.000189683563118743,0,0.000464137624312071,0,0,0,0,0,0,0,0,0,0.00310753671924485,0,0,0,0,0,0,0,0,0,0,0,0,0,0,0,4.60587028756369e-05,0,0,0,0,0,0,0,0,0,0,0,0,0,0,0,0,0,0.000593256780479072,0,0.0190086069665381,0,0.000850775094268302,0,0,0,0,0.0155133614226042,0,0,0,0,0,0,0,0,0,0,0,0,0,0,0,0,0,0,0.0015636050504857,0,0.0126549849454109,0,0
0,0.00140765970868098,0,0.00319054309706707,0,0.33161568667051,0,0.0217544214070678,0,0,0,0.00523543123939477,0,0,0,0,0,0,0,0.00691425697150355,0,0,0,0,0,0,0,0,0,0,0,0,0,0,0,0.00145361357047897,0,3.50182409285965e-05,0,0,0,0,0,0,0,0,0,0,0,0,0,0,0,0.00150391350403906,0,0,0,0.00863325737402564,0,0,0,0,0.000333905571104987,0,0,0,0,0,0,0,0,0,0.00292825394396393,0,0,0,0,0,3.56834983930578e-05,0,0.000308595799303125,0,0.00198961290879731,0,0.000233696550577325,0,0
0,0,0,0,0,0,0.0739998868801532,0,0,0,5.28212614774974e-05,0,0,0,0,0,0,0,0,0,0.00238554103797949,0,0,0,0,0,0,0,0,0,0,0,0,0,0,0,0,0,0,0,0,0,0,0,0,0,0,0,0,0,0,0,0,0,0,0,0.0211413476077807,0,0.000770440259476611,0,0,0,0,0.00191312421472918,0,0,0,0,0,0,0,0,0,0,0,0,0,0,0,0,0,0,0.000802560412318883,0,1.30903090009657e-05,0,0
0,0,0,0,0,0.00462598999771969,0,0.0179551609377487,0,0,0,0,0,0,0,0,0,0,0,0,0,0,0,0,0,0,0,0,0,0,0,0,0,0,0,0.0026557034412908,0,0,0,0,0,0,0,0,0,0,0,0,0,0,0,0.00150391350403906,0,0,0,0,0,0.00194638115933062,0,0,0,0,0,0,0,0,0,0,0,0,0,0,0,0,0,0,0,0,6.44070727299059e-05,0,0,0,0.000471296760769524,1.5138230937246e-06,0,0,0
0.0327288668249435,0,0.110372679004076,0,0.017805203597188,0,0,0,0.127781407987633,0,0,0,0,0,0.0118163717945293,0,0.000232078916172887,0,0,0,0,0,0,0,0,0,0,0,0,0,0,0,0,0,0,0,0,0,0,0,0,0,5.01108095075226e-05,0,0,0,0,0,0,0,0.000593256780479072,0,0,0,0,0,2.17180005531102e-05,0,0.000357051091415816,0,0.00584815229006557,0,0,0,0,0,0,0,0,0,0,0,0,0,0,0,0,0,0,0,0,0,0.000937155818311119,1.63065752353346e-05,0.00107438738170313,0,0
0,0.161685978117963,0,0.0161035600439873,0,0.0116945901195369,0,0,0,0.121158586925505,0,0,0,0,0,0.0137124548565541,0,0,0.00474678493646879,0,0,0,0,0.0124782763590929,0,0.000398086108124333,0,0,0,0,0,0,0,0,0,0,0,0.000826667046818584,0,0.00110249578350177,0,0.00907255422640117,0,0,0,0.00416028646914435,0,0,0,0.00201308677931644,0,0,0,0,0,0,0,0.00098733687466685,0,0.00480557219323642,0,0.0470535427553519,4.09337803002324e-05,0,0,0,0.108703208483512,0,0,0,0,0,0.00290496360550373,0,0,0,0,0,0.000439626003507729,0,0.00118352905580954,0,0.000708018106950382,0,0.00230942919312421,0.00771649737805188,0
0,0,0,0,0.00338613179207786,0,0.0229221411390326,0,0,0,0.176783085730313,0,0.0174164932825147,0,0,0,0,0,0,0,0.0428294147053996,0,0,0,0,0,0,0,0,0,0.016659222528479,0,0,0,0,0,0.0122354536074372,0,0.0500907214815519,0,0,0,0,0,0,0,0,0,0,0,0.0190086069665381,0,0.0211413476077807,0,2.17180005531102e-05,0,0,0,0.0416015312112567,0,0.00214871226547786,0,0,0.0332700333245845,0,0,0,0,0,0,0,1.82656713304231e-05,0,0.032902050103619,0,0,0,0,0,0,0,0.00327266053892496,0.00500259552136374,0.000157797007865917,0.00467146101299258,0,0
0,0.0109298011444816,0,0.00494469447232189,0,0.0231835893630629,0,0.00287534486954444,0,0.000844439345837318,0,0.0860484185038249,0,0.00413521641898072,0,0,0,0,5.14049457544492e-05,0.0105773884230667,0,0,0,0,0,0,0,0,0,0.0262443152452859,0,0,0,0,0,0.00541714830207111,0,0.0475855547586912,0,0.00146594942475932,0,0.00539028678868713,0,0,0,0.00293832501022164,6.92995679619644e-05,0,0,0.00227276925186773,0,0.00863325737402564,0,0.00194638115933062,0,0.00098733687466685,0,0,0,0.0326893147835928,0,0.00863619748853746,0.0119493321307163,0,0,0,0.000143468860991955,0,0,0,0.0269797930093439,0,0.058379735102231,0,0,0,0,0,0.00287176451269428,0,0.00171165940380194,0,0.00228296234120753,6.33522748540654e-06,0.0160736653395253,6.37936025106106e-05,0
0,0,0.028390328912511,0,0.00150080541009773,0,0.00594531044065175,0,0.000118728198695098,0,0.0375465937466437,0,0.173600277480852,0,0.00265252326382635,0,0,0,0,0,0,0,0,0,0,0,0,0,0.0893572617183525,0,0.00190220656642332,0,0,0,0,0,0,0,0,0,0,0,0,0,0,0,0,0,0.00145009285689095,0,0.000850775094268302,0,0.000770440259476611,0,0.000357051091415816,0,0.0416015312112567,0,0,0,0.0344706026898287,0,0,0.00476248236834672,0,0,0,0,0,2.50602908526461e-05,0,0.0326174812203862,0,0,0,0,0,0,0,0,0,0,0.00443798462997788,0.00124854867515022,0.0106487905500971,0,0
0,0.00926198264668725,0,0,0,0,0,0,0,0.00182622228183382,0,0.0605401526083041,0,0.0791091976738566,0,0.000196478636198091,0,0,0,0,0,0,0,0.000339364281237702,0,0,0,0.00370803551535283,0,0,0,0,0,0,0,0,0,0,0,0,0,3.30024196749967e-05,0,0,0,0,0,0,0,0.000255878168871613,0,0,0,0,0,0.00480557219323642,0,0.0326893147835928,0,0,0,0.0112058733060133,0,0,0,0,0.00246021176295725,0,0.0150243971384425,0,0.00860235468889097,0,6.53301516477013e-05,0,0,0,0,0,0,0,6.16320529214873e-06,0,2.0490176490388e-05,0.000118843182972727,0.000213832730309539,0,0
0,0,0.0401064131932219,0,0.000160613514434423,0,0,0,0.0157742888482552,0,0,0,0.0509383902715286,0,0.0503073730208816,0,0.000592785080766209,0,0,0,0,0,0,0,0,0,0,0,0.00694490534572001,0,0,0,0,0,0,0,0,0,0,0,0,0,0,0,0,0,0,0,0.00831557223191997,0,0,0,0,0,0.00584815229006557,0,0.00214871226547786,0,0.0344706026898287,0,0,0,0,0,0,0,0,0,0,0.000353406985565885,0,0.000476262386720956,0,0,0,0,0,0,0,0,0,0,0.00262686500638212,0.000175673014772566,0.000880392003201839,0,0
0,0.0257170834721664,0,0,0,0,0,0,0,0.021851870946185,0,0,0,0,0,0.0247594217349284,0,0,0,0,0,0,0,0.00807787963932242,0,0.00439863640168528,0,0,0,0,0,0,0,0,0,0,0,0,0,0,0,0,0,0,0,0,0,0,0,0.00212198738976387,0,0,0,0,0,0.0470535427553519,0,0.00863619748853746,0,0.0112058733060133,0,0,0,0,0,0,0.0261326031814486,0,0.0112464785946754,0,0,0,0,0,0,0,0,0,0,0,0,0,2.87508850550088e-05,0,0.000242678684286198,0,0
0,0.00182601511330476,0,0.00611894425421202,0,0.000605470389934998,0,0,0,0.000186780371882768,0,0.00897354442500282,0,0,0,0,0,0,0.00501653294274444,0.0795123341580303,0,0,0,1.94978732516324e-05,0,0,0,0,0,0,0,0,0,0,0,0.0340199653732443,0,0.000564954328094696,0,0.00953677985948338,0,0.00918402006692119,0,0,0,0.00546066617297717,0,0,0,0.000576628353936978,0,0.000333905571104987,0,0,0,4.09337803002324e-05,0,0.0119493321307163,0,0,0,0,0,0,0,0,0.000151308167393518,0,0,0,0.0020981204243006,0,0.0256658547159072,0,0,0,0,0,0.00792163180054995,0,0.00602651924232317,0,0.00137814449350498,0,0.00611655997070989,0.000280105008890153,0
0,0,0,0,0.00810095768884601,0,0.0012490532523076,0,0,0,0.0683837464145732,0,0,0,0,0,0,0,0,0,0.271575890784549,0,0,0,0,0,0,0,0,0,0,0,0,0,0,0,0.0467284520198872,0,0.00925032162021969,0,0.00411183404260298,0,0.00222646444220201,0,0,0,0.0856472490589495,0,8.4286142753966e-06,0,0.0155133614226042,0,0.00191312421472918,0,0,0,0.0332700333245845,0,0.00476248236834672,0,0,0,0,0,0,0,0,0,0,0,0,0,0,0.00149185138905915,0,0,0,0,0,0.00611878242230241,0,0.00696469262405831,0.000117125263613227,0,0.0222021330353567,0,0
0,0,0,4.70456574963671e-06,0,0,0,0,0,0,0,0,0,0,0,0,0,0,0,0,0,0.253337793687485,0.0651563862934997,0.000698719071998522,0,0.000260151800198272,0,0.00527377677816737,0,0,0,0,0,0,0,0,0,0.0445043175382148,0.00886969032673511,0,0,0,0,0,0,0,0,7.93044467404271e-05,0,0.00708054987965979,0,0,0,0,0,0,0,0,0,0,0,0,0,0,0,0.00179850114091999,0.00647701548865454,0,0.013318613023329,0,0.0104811027420315,0,9.77096687794962e-05,0,0,0,0,0,0,0,0.0103767165020084,0.00231052872926253,0.0161276455596342,0.000481749880734384,0,0,0
0,0,0,0,0,0,0,0,0,0,0,0,0,0,0,0,0.000387394217094767,0,0,0,0,0.0160697162464508,0.147218520188686,0,0.00342161417076647,0,0,0,0.00171147507418599,0,0,0,0,0,0,0,0,0,0.0295886174107392,0,0,0,0,0,0,0,0,1.20547348647002e-05,0.00219280729172723,0,0,0,0,0,0,0,0,0,0,0,0,0,0,0,0.00179850114091999,0,0,0.00423821911237786,0,0.000507961201443308,0,0.00306303854933318,0,0,0,0,0,0,0,0,0,0.00535996692433587,0.00455514351522521,0.000109327605801751,0,0,0
0,0.000743841763773346,0,0,0,0,0,0,0,0.0452363508967775,0,0,0,0,0,0.0162393226314812,0,0,0.00490833290670649,0,0,0.00165790837298855,0,0.201901670988458,0,0.00831659844565785,0,0.000371648756661317,0,0,0,0,0,0,0,0,0,0.0115909336301001,0,0.000101734265443167,0,0.0052914536694083,0,0,0,0,0,0,0,0.0444550285484822,0,0,0,0,0,0.108703208483512,0,0.000143468860991955,0,0.00246021176295725,0,0.0261326031814486,0.000151308167393518,0,0.00647701548865454,0,0,0,0.0765961289372785,0,0.0155857134321574,0,0.000610185967497684,0,0,0,0,0,0.000125240492290909,0,0.0107754028616154,0,0.00151050913304253,0,0.00575592668587101,0.00389566617392848,0
0,0,0,0,0,0,0,0,8.48747308867326e-05,0,0,0,0,0,0,0,0,0,0,0,0,0,0.0123772659568382,0,0.147536489229696,0,0,0,0,0,0,0,0,0,0,0,0,0,0.0418297490975551,0,0,0,0.000168776879522453,0,0,0,0,0,0,0,0,0,0,0,0,0,0,0,0,0,0,0,0,0,0,0.00423821911237786,0,0,0,0,0,0,0,0,0,0,0,0,0,0,0,0.00677845166998477,0.00102153269617343,0,4.45604079976094e-05,0,0
0,0,0,0,0,0,0,0,0,0,0,0,0,0,0,0,0,0.00153311432983021,0,0,0,0.0040183912016064,0,0.294896891604321,0,0.0404755015841493,0,0.000614397183036467,0,0,0,0,0,0,0,0,0,0,0,0,0,0,0,0,0,0,0,0,0,0.0174558797269495,0,0,0,0,0,0,0,0,0,0.0150243971384425,0,0.0112464785946754,0,0,0.013318613023329,0,0.0765961289372785,0,0,0,0.0527693236069696,0,0,0,0,0,0,0,0,0,0,0,0.000984740183625535,0,1.36589548606137e-05,0,0
0,0,0,0,0,0,0,0,0,0,0,0,0.00089733524607221,0,0,0,0.00105745139263775,0,0,0,0,0,0,0,0,0,0.0411174660375744,0,0.107068604391262,0,0,0,0,0,0,0,0,0,0,0,0,0,0,0,0,0,0,0,0,0,0,0,0,0,0,0,0,0,2.50602908526461e-05,0,0.000353406985565885,0,0,0,0,0.000507961201443308,0,0,0,0,0,0.0143551760007502,0,0,0,0,0,0,0,0,0,0,0.00197110747668743,0,0,0,0
0,0.00106144415691273,0,0.0003237699494567,0,0.000648887186075238,0,0,0,0,0,0.00255874824321226,0,0.000842818017254244,0,0,0,5.38575477548875e-05,0,0.000347814122827434,0,0.00909126341928999,0,0.000963578903007831,0,0,0,0.132498897156887,0,0.0438891309162528,0,0,0,0,0,0.000130463887020241,0,0.018072905195481,0,5.23700653348503e-05,0,0.00210055944968324,0,0,0,0.00101800299097946,0,0,0,0.0135349101515071,0,0,0,0,0,0,0,0.0269797930093439,0,0.00860235468889097,0,0,0.0020981204243006,0,0.0104811027420315,0,0.0155857134321574,0,0.0527693236069696,0,0,0,0.00974709076778449,0,0,0,0,0,0.000506548268325481,0,0.00701777529129847,0,0.00229747564918561,0.00022579977233877,0.00571438967696354,0.000297300341174639,0
0,0,0,0,0,0,0,0,0,0,0,0,0.00797491912813531,0,0.00103201789274532,0,0,0,0,0,0,0,0.00847250630360925,0,0,0,0.00857137535075282,0,0.294523140121275,0,0.0548960037205797,0,0,0,0,0,0,0,0.000220202529855657,0,0,0,0,0,0,0,0,0,0.000974375345649554,0,0,0,0,0,0,0,1.82656713304231e-05,0,0.0326174812203862,0,0.000476262386720956,0,0,0,0,0.00306303854933318,0,0,0,0.0143551760007502,0,0,0,0,0,0,0,0,0,0,0,0.00527226407469585,0.000849567301111608,7.95056874925825e-06,0,0,0
0,0.0124631217395941,0,0.0270282661151071,0,0.00884668742892815,0,0,0,0.00727237313740391,0,0.0247851661804567,0,0,0,0,0,3.28170025337277e-05,0.00529638008343172,0.012221164321633,0,0,0,0.00215834389200195,0,0,0,0.00655561059098791,0,0.23983860577414,0,0,0,0,0,0.000474361964103256,2.63063767348738e-06,0.0263759175182138,0,0.00413460662154167,0,0.0381002932758289,1.60009670225145e-05,0,0,0.0216155208823817,0.000101351345253622,0,0,0.0141062500936536,0,0.00292825394396393,0,0,0,0.00290496360550373,0,0.058379735102231,0,6.53301516477013e-05,0,0,0.0256658547159072,0,9.77096687794962e-05,0,0.000610185967497684,0,0,0,0.00974709076778449,0,0,0,0,0,0,0,0.00283212867042021,0,0.0173975331486625,0,0.00287092972648536,1.06168797209862e-06,0.0263928906908083,0.000149044715077451,0
0,0,0,0,0,0,0,0,0,0,0.0130828113154695,0,0,0,0,0,0,0,0,0,0.000145396067221301,0,0,0,0,0,0,0,0,0,0.17720242373919,0,0,0,0,0,0,0,0.0258043572199016,0,0,0,0.00117422341572838,0,0,0,0,0,0.00603116839886731,0,0,0,0,0,0,0,0.032902050103619,0,0,0,0,0,0,0.00149185138905915,0,0,0,0,0,0,0,0,0,0,0,0,0,0,0,0,0,0.0257826695299703,0.00011962391235674,1.05149397430979e-05,0.0286913549352098,0,0
0,0,0,0,0,0,0,0,0,0,0,0,0,0,0,0,0,0,0,0,0,0,0,0,0,0,0,0,0,0,0,0.150299984181533,0.0372626949844992,0.00869301994256935,0.0139526983508729,0.0114923888025408,0,0,0,0,0,0,0,0,0,0,0,0.133428481796031,0.000388540216941665,0.00486827463654086,0,0,0,0,0,0,0,0,0,0,0,0,0,0,0,0,0,0,0,0,0,0,0,0,0,0.0125239444464809,0.0735052803306476,0.000656609755578043,0.0114614090348407,0.000256664807328804,0,0,0.00139704168380781,0,0,0,0
0,0,0,0,0,0,0,0,0,0,0,0,0,0,0,0,0,0,0,0,0,0,0,0,0,0,0,0,0,0,0,0.0205859999963077,0.0643260443648922,0.00255982017654389,0.0207000070246676,0.00321555068982765,0.0328171503072738,0,0,0,0,0,0,0,0,0,0,0.124404992868497,0.00405940675339359,0.00533747494844491,0,0,0,0,0,0,0,0,0,0,0,0,0,0,0,0,0,0,0,0,0,0,0,0,0.0125239444464809,0,0.00194755861990532,0.0673290650673334,0.00367264915391071,0.0050523290272373,0,4.5139376457222e-05,0.000860742953116807,0,0,0,0
0,0,0,0,0,0,0,0,0,0,0,0,0,0,0,0,0,0,0,0,0,0.000174727729882123,0,0,0,0,0,0,0,0,0,0.0194717822957191,0.0102838251449909,0.12802683265055,0.363464382069273,0.0217200666416399,0.000958822450244753,0.00432697529889423,0.000860140018232634,0.000549834735710057,0,0.000524534265672887,7.90551369755732e-05,0,0,0,0,0.109325541898551,0.000858747291419936,0.00111480363003284,0,0,0,0,0,0,0,0,0,0,0,0,0,0,0,0,0,0,0,0,0,0,0,0,0.0735052803306476,0.00194755861990532,0,0.100697130529686,0.00189381739684866,4.85968885482847e-05,0.00784922280086898,0.00051202408642218,0.00341980899099183,7.99207285647744e-05,0.000975118673860007,0,0
0,0,0,0,0,0,0,0,0,0,0,0,0,0,0,0,0,0,0,0,0,0,0,0,0,0,0,0,0,0,0,0.00025556373470223,0.0181682013750216,0.13264002768131,0.18364513939656,0,0.0111119766592569,0.000422608372095589,0.0167719340031091,0,0,0,0,0,0,0,0,0.0597689269862124,0.000940781370689289,0.000732284313533223,0,0,0,0,0,0,0,0,0,0,0,0,0,0,0,0,0,0,0,0,0,0,0,0,0.000656609755578043,0.0673290650673334,0.100697130529686,0,0.00323870958350451,1.32008572922975e-05,0.00138709625295702,0.0105253489449454,0.00169986243356449,2.55558117912208e-05,0,0,0
