0,0,286.47661305964,0,0,0,0,0,57.3998978585005,0,0,0,0,0,0,0,5.40780314803123,0,9.29273615777493,0,0,0,0,0,0,0,0,0,0,0,0,0,0,0,0,0,0,0,8.12430404126644,0,0,0,105.905399039388,0,0,0,0,0,136.012406900525,0,0,0,0,0,10.1158232986927,0,0,0,0,0,0,0,0,0,0,0,0,0,0,0,0,0,0,0,0,0,0,0,0,0,0,0,455.53885576129,0,84.3087323457003,0,13.7816733568907
0,0,0,784.682830959558,0,0,0,0,0,25.0698597431183,0,0,0,0,0,0,0,0,45.7735557258129,0,0,0,0,0,0,0,0,0,0,0,0,0,0,0,0,4.18790328502655,0,0,0,0,0,83.077588185668,0,0,0,0,0,0,0,399.199757277966,0,0,0,0,0,187.152082920074,0,16.932999163866,0,0,0,16.7246833443642,0,0,0,0,0,0,0,0,0,0,0,0,0,0,0,0,0,0,0,0,385.105928450823,0,220.079704925418,27.5867236256599,0
286.47661305964,0,0,0,62.9800705015659,0,0,0,5.49906206130981,0,0,0,0,0,0,0,0,0,5.38242739439011,0,0,0,0,0,0,0,0,0,0,0,0,0,0,0,0,0,35.9296102821827,0,0,0,0,0,40.5137423574924,0,2.67371076345444,0,28.2186771333218,0,295.485404714942,0,0,0,0,0,36.335862159729,0,0,0,0,0,0,0,0,0,0,0,0,0,0,0,0,0,0,0,0,0,0,0,0,1.4616080224514,0,0,309.666468277574,0,632.386970087886,0,12.7524078637362
0,784.682830959558,0,0,0,252.85332763195,0,0,0,53.2563048601151,0,0,0,0,0,15.1758043766022,0,0,47.9464872777462,0,0,0,0,0,0,0,0,0,0,0,0,0,0,0,0,45.0470269322395,0,0,0,0,0,0.828834891319275,0,0,0,4.8192024230957,0,0,0,607.174955964088,0,0,0,0,0,12.6561059951782,0,0,0,0,0,26.8111319541931,0,0,0,0,0,0,0,0,0,0,0,0,0,0,0,0,0,0,1.18048334121704,0,211.461261674762,0,429.83923509717,4.67398184537888,0
0,0,62.9800705015659,0,0,0,8.14199197292328,0,1.57207190990448,0,0,0,0,0,0,0,0,0,0,0,0,0,0,0,0,0,0,0,0,0,0,0,0,0,0,0,0.473163634538651,0,0,0,0,0,0,0,0,0,0,0,0,0,7.98395156860352,0,47.4318437576294,0,0,0,0,0,0,0,0,0,0,0,0,0,0,0,0,0,0,0,0,0,0,0,0,0,0,0,0,0,58.9634501636028,0,4.06713488698006,0,0
0,0,0,252.85332763195,0,0,0,0,0,9.53979754447937,0,0,0,0,0,0,0,0,0,0,0,0,0,0,0,0,0,0,0,0,0,0,0,0,0,79.9310938119888,0,0,0,0,0,0,0,0,0,0,0,0,0,0,0,160.528831124306,0,0,0,4.16239976882935,0,84.0336976051331,0,0,0,0,0,0,0,0,0,0,0,0,0,0,0,0,0,0,0,0,43.5549968481064,0,0,0,193.027746737003,0,8.70164203643799,0,0
0,0,0,0,8.14199197292328,0,0,0,0,0,1.13789796829224,0,0,0,0,0,0,0,0,0,0,0,0,0,0,0,0,0,0,0,0,0,0,0,0,0,0,0,0,0,0,0,0,0,0,0,0,0,0,0,3.04419779777527,0,675.487364888191,0,0,0,124.903710961342,0,1.44136583805084,0,0,0,0,0,0,0,0,0,0,0,0,0,0,0,0,0,0,0,0,0,0,0,207.995638787746,0,0,0,0
0,0,0,0,0,0,0,0,0,0,0,0,0,5.94047141075134,0,0,0,0,0,0,0,0,0,0,0,0,0,0,0,0,0,0,0,0,0,0,0,0,0,0,0,0,0,0,0,0,0,0,0,0,0,0,0,344.225246965885,0,0,0,51.3915883898735,0,9.16897702217102,0,0,0,0,0,0,0,0,0,0,0,0,0,0,0,0,0,0,0,0,0,0,0,0,0,0,0
57.3998978585005,0,5.49906206130981,0,1.57207190990448,0,0,0,0,107.003242954612,1.12849162518978,0,0,0,78.8999668955803,0.267223685979843,2152.50290948153,360.654790341854,573.023388750851,0,0,0.220878109335899,0,41.8547020554543,408.612547293305,0,591.236349076033,0,0,0,0,0,0,0,0.11381433904171,6.28615471720695,38.9755313247442,0,71.8657673448324,4.70465962588787,9.93046889454126,19.4959378689528,441.036218836904,8.65044525265694,0.479997664690018,6.96566677093506,0.225721791386604,2.69484877586365,7.94146898388863,2.27507853507996,2.68086838722229,0,0,0,583.998234570026,47.3114882111549,0,0,0,0,0,0,0,1.33717864751816,0,0,3.02251935005188,195.770923703909,0.193797543644905,87.7928844690323,0,0,2.94163393974304,0,0,0,0,0,54.4697668403387,71.9081001207232,21.1683516651392,13.1110358759761,2295.39732985198,0.507319152355194,67.6135812997818,0,22.1170512884855
0,25.0698597431183,0,53.2563048601151,0,9.53979754447937,0,0,107.003242954612,0,0.277799487113953,0,0,0,0.191198229789734,159.436714947224,256.57129894197,505.135072186589,155.48040574789,0,0.212610244750977,8.50173932313919,0,409.499695166945,4.15458054840565,77.2877217382193,0,0,0,0,0,0,0,0,0,24.910176217556,1.28423714637756,0,0.358399838209152,0,2.39543759822845,5.10595469176769,4.01492899656296,2.67063593864441,0,0,0,4.28209829330444,0,1.11942100524902,0,0,0,0,51.5678888857365,298.141024902463,0,0,0,0,0,10.2188092470169,0.209384918212891,0,1.85105654597282,0,135.51951661706,0,34.3657388687134,0,0,0,0,3.32943344116211,0,0,0,0,0.726185441017151,26.3678818941116,2.43923258781433,3.52550014853477,1052.74878919125,0,9.35189883410931,0,0
0,0,0,0,0,0,1.13789796829224,0,1.12849162518978,0.277799487113953,0,0,1,0,0.283210724592209,0,3.26973794400692,0.751482963562012,26.4812226071954,0,38.4565983116627,0,0,0,0.205247670412064,0,0,0,0,0,3.16877388954163,0,3.1563688069582,0,7.54403755068779,1.66969919204712,117.326046019793,0,234.342640668154,0.68038135766983,13.3256039321423,3.45304794609547,252.558212697506,4.4225207567215,0,0,166.154124513268,11.1929438561201,21.3795612752438,5.05171249806881,0,0,8.37715756893158,0,0.210375398397446,0.276085764169693,450.976012319326,0,0,0,0,0,0,266.355055570602,0,0,0,0,0,0,0,0,0,11.1217259764671,0,0.453325167298317,0,9.54466405510902,5.07698106765747,66.0558137893677,0.526677131652832,25.8806022033095,187.037848412991,0,217.699312135577,0,89.3849597126245
0,0,0,0,0,0,0,0,0,0,0,0,0,0,0,0,0,0,2.74817490577698,26.0683008730412,0,0,0,0,0,0,0,0,0,80.2263148725033,0,0,0,0.246094316244125,0,227.143532633781,0,606.177085727453,0,0,0,1.12423324584961,0,0,0,0.916488982737064,0,0,0,1.6757425069809,0,0,0,77.0102764964104,0,0,0,1449.87207211554,0,0,0,0,28.2480370998383,0,0,0,0,0,0,0,0,0,45.8223222643137,0,0,0,0,0,2.90753358602524,0,390.685724273324,0,512.714314073324,0,0.169610604643822,0,0
0,0,0,0,0,0,0,0,0,0,1,0,0,0,0,0,0,0,0,0,0,0,0,0,0,0,0,0,0,0,0,0,0,0,0,0,0,0,0,0,0,0,0,0,0,0,0,0,0,0,0,0,0,0,0,0,0,0,181.90424144268,0,0,0,0,0,0,0,0,0,0,0,0,0,0,0,0,0,0,0,0,0,0,0,32.8912004232407,0,0,0,0
0,0,0,0,0,0,0,5.94047141075134,0,0,0,0,0,0,0,0,0,0,0,0,0,0,0,0,0,0,0,0,0,0,0,0,0,0,0,0,0,0,0,0,0,0,0,0,0,0,0,0,0,0,0,0,0,6.17720079421997,0,0,0,2.73525643348694,0,773.325839877129,0,0,0,0,0,0,0,0,0,0,0,0,0,0,0,0,0,0,0,0,0,0,56.8290181159973,0,0,0,0
0,0,0,0,0,0,0,0,78.8999668955803,0.191198229789734,0.283210724592209,0,0,0,0,0,151.55556255579,8.30593794584274,2.89924965798855,0,0,0,0,0,6.1282584965229,0,51.2734203934669,0,0,0,0,0,0,0,0,0,0,0,0,0,0,0,0.169988915324211,0,0,0,0,0,0,0,0,0,0,0,16.3786466419697,1.63326777517796,0,0,32.4186315536499,0,0,0,0,0,0,0,0,0,0,24.5410313010216,0,0,0,0,0,0,0,0,0,0.223927244544029,0,0.311248898506165,35.0933517515659,0,0.314855098724365,0,0
0,0,0,15.1758043766022,0,0,0,0,0.267223685979843,159.436714947224,0,0,0,0,0,0,0,180.262560665607,3.95275139808655,0,0,0,0,59.9280089735985,0,272.410842895508,0,7.92288672924042,0,0,0,0,0,0,0,0,0,0,0,0,0,0,0,0,0,0,0,0,0,29.2229747772217,0,0,0,0,0,23.3260347247124,0,0,0,0,0,45.9128453731537,0,0,0,0,0,0,243.930977582932,0,3.71411955356598,0,0,0,0,0,0,0,0,0,0,0,98.9786977171898,0,0,0,0
5.40780314803123,0,0,0,0,0,0,0,2152.50290948153,256.57129894197,3.26973794400692,0,0,0,151.55556255579,0,0,10389.5752341077,2016.21794936806,0.23256504535675,0,0,0.991382777690887,133.92977656424,170.264559403062,2.81908187270164,67.3891320228577,0,0,0,0.188590317964554,0,0,0.116651475429535,0.275641232728958,37.5283350422978,17.2713522836566,0,34.6665137708187,43.9680085405707,39.8896392956376,65.3496455997229,42.4070463180542,18.8300320506096,10.8978871703148,4.79726947844028,7.16544657945633,0.43206462264061,5.2468689084053,0.474203959107399,0,0,0,0,392.292088836432,161.393125459552,0.304021030664444,1.5948294326663,0,0,0,0,3.02881364524364,0.833292677998543,0,0,1.58477835357189,60.7213850617409,0.768979072570801,2.34715646505356,0,0,9.08356782793999,0.208747074007988,0,0,0.140877142548561,0.665273010730743,196.738544821739,278.537797018886,60.8784034624696,44.9737601801753,7706.63347195089,116.496237754822,108.291650414467,12.2404784411192,0.497359961271286
0,0,0,0,0,0,0,0,360.654790341854,505.135072186589,0.751482963562012,0,0,0,8.30593794584274,180.262560665607,10389.5752341077,0,3178.49739683419,0.600255444645882,0,10.1360239982605,0,332.162308752537,52.3505180776119,651.412177398801,16.4157375693321,0,0,0,0,0,0,0,0.335151687264442,26.0269026011229,13.469660744071,0,4.1299724727869,8.99352809786797,21.0147638618946,43.9034371972084,34.7435756921768,44.303909227252,10.1424604952335,8.09307259321213,5.00133803486824,0.710604771971703,2.56219945847988,1.41882341355085,0,0,0,0,126.5029604882,265.281080588698,0.191544890403748,0.318710923194885,0,0,0,5.21666085720062,6.70543336868286,1.23137271404266,0,0,15.010148614645,7.71946722269058,393.292142897844,0,0,0,6.41480501741171,0,0,0.171949997544289,0.213591180741787,0,148.180082440376,163.415217608213,30.394026517868,23.0455353930593,5859.44366768748,149.114339351654,99.2929986268282,16.859160721302,0
9.29273615777493,45.7735557258129,5.38242739439011,47.9464872777462,0,0,0,0,573.023388750851,155.48040574789,26.4812226071954,2.74817490577698,0,0,2.89924965798855,3.95275139808655,2016.21794936806,3178.49739683419,0,5.36303001642227,1.46915222704411,0.335597097873688,0,44.9493680745363,25.6578892916441,2.57585006952286,17.7255154550076,0,0,0,4.15908816456795,0.42662075906992,0,6.69030472636223,9.33646732568741,233.101196303964,145.28288936615,0.511309430003166,62.7374444678426,258.676778376102,374.318394690752,756.614256843925,592.636186383665,219.464287914336,25.1924471408129,53.5265630930662,54.2229754477739,21.7973753511906,37.4736617282033,50.090757355094,0,0,0,0,63.3781607598066,38.16714823246,1.44494703412056,7.09147551655769,0,0,0,0,17.7526117935777,15.1130586266518,0,0,1.11616778373718,4.0323366522789,0,0,0,0,16.8785290420055,2.09151339530945,2.49098835140467,2.21390356123447,22.9704640060663,6.68488761782646,1549.54138357192,2049.46558348835,254.107934638858,280.685633406043,2517.84192138165,0,1428.87282292545,105.619816944003,13.9583804309368
0,0,0,0,0,0,0,0,0,0,0,26.0683008730412,0,0,0,0,0.23256504535675,0.600255444645882,5.36303001642227,0,0,0,0,0,0,0,0,0,0,2.18396157026291,0,0,0,0,0.189191669225693,466.502364590764,0,9.04739324748516,0,1.88081252574921,0,15.0074483156204,0,0.671772241592407,0,122.323693402112,0,1.4443576335907,0,5.93064992129803,0,0,0,0,0,0,0,174.091091141105,0,0,0,0,1407.12386818975,0,0,0,0,0,0,0,0,0,107.028201952577,0,5.00063519179821,0,1.82605446875095,0.182188808917999,332.974350675941,0,878.017990656197,0,419.746312141418,6.49787735939026,12.7888861745596,3.15774351358414,0
0,0,0,0,0,0,0,0,0,0.212610244750977,38.4565983116627,0,0,0,0,0,0,0,1.46915222704411,0,0,0,0,0,0,0,0,0,0,0,0.819852530956268,0,0,0,0.866215780377388,0,253.060682445765,0,94.2348733246326,0,6.59272056818008,0.175310656428337,3.37599816918373,0,0,0,294.638101056218,0.800837248563766,3.18550585210323,1.70894831418991,0,0,0,0,0,0,45.6115523129702,0,0,0,0,0,0,1386.88264781982,0,0,0,0,0,0,0,0,0,52.0649718940258,0,0.420787133276463,0,0.851215966045856,0,809.322936758399,0,156.571760609746,339.434499248862,0,22.8278315216303,0,2.09499377012253
0,0,0,0,0,0,0,0,0.220878109335899,8.50173932313919,0,0,0,0,0,0,0,10.1360239982605,0.335597097873688,0,0,0,697.334042370319,57.9391819238663,0,1.30232155323029,0,9,0,0,0,0,0,0.31815892457962,0,0,0,1032.69647414982,21.6121659874916,0,0,0,0,0,0,0,0,1.03884407877922,0,2.97375774383545,0,0,0,0,0,32.9139036685228,0,0,0,0,0,0,0,0,1212.13436074555,61.4541226625443,113.846408307552,0,0,0,3,0,0,0,0,0,0.878473177552223,0,0,0,306.922645449638,0,737.748790770769,1,0,0,0
0,0,0,0,0,0,0,0,0,0,0,0,0,0,0,0,0.991382777690887,0,0,0,0,697.334042370319,0,0,49.9574065208435,0,51.6807718276978,0,2,0,0,0,0,0,1.37414020299911,0,0,22.850391805172,884.780013278127,0,0,0,0,0,0,0,0,2.41018790006638,180.74838924408,0,0,0,0,0,0,0,0,0,0,0,0,0,0,0,49.9078924953938,4225.62650461495,0,0,0,1.62237787246704,0,3.68862336874008,0,0,0,0,0,0,0,0,0,494.940249741077,762.667503640056,0,4.44829180836678,0,0
0,0,0,0,0,0,0,0,41.8547020554543,409.499695166945,0,0,0,0,0,59.9280089735985,133.92977656424,332.162308752537,44.9493680745363,0,0,57.9391819238663,0,0,4.82569169998169,195.407443493605,0,0,0,0,0,0,0,0,0,0,0,6.07912445068359,0,0,0,61.6584841310978,0,0.733525812625885,0,0,0,0,0,0,0,0,0,0,5.20535965263844,556.280550807714,0,0,0,0,0,6.32529652118683,0,0,42.2089669108391,0,402.559663385153,0,73.8046936988831,0,0,0,0,0,0,0,0,0,2.69125314056873,1.80370515584946,0.225485131144524,0,539.810560688376,0,1.77292335033417,0,0
0,0,0,0,0,0,0,0,408.612547293305,4.15458054840565,0.205247670412064,0,0,0,6.1282584965229,0,170.264559403062,52.3505180776119,25.6578892916441,0,0,0,49.9574065208435,4.82569169998169,0,0,259.695410728455,0,0,0,0,0,0,0,0,0.233600080013275,0.162210270762444,0,44.1983693540096,0,1.43898420035839,0,9.83741866052151,0,0,0,0,0.291234642267227,0.322764098644257,0,0,0,0,0,462.755088344216,7.85002270340919,0,0,0,0,0,0,0,0,0,0,0,243.439456105232,0,1.64562058448792,0,0,0,0,0,0,0,0,1.56868024915457,5.30051264166832,0,34.2390302419662,342.038055211306,0,7.60980816185474,0,0
0,0,0,0,0,0,0,0,0,77.2877217382193,0,0,0,0,0,272.410842895508,2.81908187270164,651.412177398801,2.57585006952286,0,0,1.30232155323029,0,195.407443493605,0,0,0,3,0,0,0,0,0,0,0,0,0,0,0,0,0,0,0,0,0,0,0,0,0,0,0,0,0,0,0.993375480175018,35.3170020878315,0,0,0,0,0,89.4609234333038,0,0,0,0,11.2186354994774,0,552.607493817806,0,0,0,0,0,0,0,0,0,0,0,0,0,196.700183272362,0,0,0,0
0,0,0,0,0,0,0,0,591.236349076033,0,0,0,0,0,51.2734203934669,0,67.3891320228577,16.4157375693321,17.7255154550076,0,0,0,51.6807718276978,0,259.695410728455,0,0,0,0,0,0,0,0,0,0,0,0,0,0,0,0,0,1.99236172437668,0,0,0,0,0,0,0,0,0,0,0,118.132741600275,4.18458092212677,0,0,0,0,0,0,0,0,0,0,1.53247761726379,8.97758835554123,0,73.5543953180313,0,0,0,0,0,0,0,0,3.38801583647728,6.22455072402954,0.16851532459259,0.231139302253723,286.41838619113,0,0,0,0
0,0,0,0,0,0,0,0,0,0,0,0,0,0,0,7.92288672924042,0,0,0,0,0,9,0,0,0,3,0,0,0,11.4622383117676,0,0,0,0,0,0,0,26.6772665977478,0,0,0,0,0,0,0,0,0,0,0,0,0,0,0,0,0,0,0,0,0,0,0,0,0,0,1,0,0,0,0,0,200.32327413559,0,0,0,0,0,0,0,0,0,1,0,5.90300250053406,0,0,0,0
0,0,0,0,0,0,0,0,0,0,0,0,0,0,0,0,0,0,0,0,0,0,2,0,0,0,0,0,0,0,34.4840843677521,0,0,0,0,0,0,0,172.629970371723,0,0,0,0,0,0,0,0,0,0,0,0,0,0,0,0,0,0,0,0,0,0,0,0,0,0,0,0,0,0,0,0,695.751875609159,0,0,0,0,0,0,0,0,0,330.259352535009,0,0,0,0,0
0,0,0,0,0,0,0,0,0,0,0,80.2263148725033,0,0,0,0,0,0,0,2.18396157026291,0,0,0,0,0,0,0,11.4622383117676,0,0,0,0,0,0,0,0,0,596.12831223011,0,0,0,0,0,0,0,0.199527025222778,0,0,0,0,0,0,0,0,0,0,0,0,0,0,0,0,0.409232720732689,0,0,0,0,0,0,0,0,0,194.627814412117,0,0,0,0,0,0,0,259.871949017048,0,69.5824771225452,0,0,0,0
0,0,0,0,0,0,0,0,0,0,3.16877388954163,0,0,0,0,0,0.188590317964554,0,4.15908816456795,0,0.819852530956268,0,0,0,0,0,0,0,34.4840843677521,0,0,0,0,0,0.533669084310532,0,0,0,146.350065946579,0,0,0,112.636771902442,0,0,0,33.5817191302776,0,8.50378228724003,0.793974578380585,0,0,0,0,0,0,12.6149598956108,0,0,0,0,0,0,37.5947382003069,0,0,0,0,0,0,0,0,0,225.516341120005,0,0.172864004969597,0,0.363740980625153,0,0,0,154.197596266866,0.577361136674881,0,83.6761701703072,0,22.9421391189098
0,0,0,0,0,0,0,0,0,0,0,0,0,0,0,0,0,0,0.42662075906992,0,0,0,0,0,0,0,0,0,0,0,0,0,1109.8442465961,145.75842961669,116.222432538867,722.707188636065,484.728363066912,0.555452525615692,0,70.7899820506573,7.69099618494511,24.3874623626471,8.86737960577011,0,0,37.3714575842023,0.988706588745117,480.438175395131,2.88219773769379,62.3843025267124,0,0,0,0,0,0,0,1.40265420079231,0,0,0,0,19.9513240456581,0,0,0,0,0,0,0,0,0,1.88245219737291,0,544.585795104504,547.627206087112,96.8655218183994,12.2735754996538,3134.25174253434,199.934120848775,15.7806935682893,1.60513699054718,273.039392143488,0,101.17917881906,2.18620605766773,0
0,0,0,0,0,0,0,0,0,0,3.1563688069582,0,0,0,0,0,0,0,0,0,0,0,0,0,0,0,0,0,0,0,0,1109.8442465961,0,12.5367505550385,440.200620681047,112.395233541727,1480.66763840616,0,1.06873992085457,5.23675799369812,41.786832138896,2.32145230472088,2.46610856056213,0,0,0.547011017799377,20.6489596813917,529.306519255042,10.9649657458067,28.9741611778736,0,0,0,0,0,0,0.977475702762604,0,0,0,0,0,0.232301354408264,9.33219218254089,0,0,0,0,0,0,0,0,0,0,53.5475676059723,2411.45277379453,3.47973626852036,81.3629884421825,163.795543462038,2380.66300220788,0.155839383602142,13.4736606627703,469.863679587841,0,22.580655708909,0,0
0,0,0,0,0,0,0,0,0,0,0,0.246094316244125,0,0,0,0,0.116651475429535,0,6.69030472636223,0,0,0.31815892457962,0,0,0,0,0,0,0,0,0,145.75842961669,12.5367505550385,0,3431.83354686201,507.885202750564,145.595097869635,220.994540125132,8.75596928596497,107.39787890017,0,554.068419352174,22.5673351287842,0,0,23.4488041326404,0.280891865491867,1419.96148276329,6.02299029380083,153.007958650589,0,0,0,0,0,0,0,1.12910416722298,0,0,0,0,14.0330175086856,0,0,0,0,0,0,0,0,0,4.13230341672897,0,148.38243176043,0,6604.95397095382,438.09341904521,604.475945778191,1.69833141565323,1033.2937335372,18.6891505420208,1168.3743846789,0,199.720485456288,11.8245899155736,0
0,0,0,0,0,0,0,0,0.11381433904171,0,7.54403755068779,0,0,0,0,0,0.275641232728958,0.335151687264442,9.33646732568741,0.189191669225693,0.866215780377388,0,1.37414020299911,0,0,0,0,0,0,0,0.533669084310532,116.222432538867,440.200620681047,3431.83354686201,0,295.528307497501,875.945172518492,25.6818141937256,161.245050922036,1.04356026649475,86.7051761224866,149.283837601542,350.562430545688,0,0,1.54398755729198,61.2019773870707,1403.95777446032,312.397806145251,66.2518840283155,0,0,0,0,0,0,0.739462345838547,0,0,0,0,0,2.09532731771469,8.93559129536152,0,0,0,0,0,0,0,0,0.146775603294373,0.414616793394089,11.124014928937,59.5327620357275,3126.2461733073,6186.54813180864,224.248283445835,311.49586185813,23.3034281134605,1117.77948655188,544.444235704839,0,297.206579364836,4.28951698541641,8.00152322649956
0,4.18790328502655,0,45.0470269322395,0,79.9310938119888,0,0,6.28615471720695,24.910176217556,1.66969919204712,227.143532633781,0,0,0,0,37.5283350422978,26.0269026011229,233.101196303964,466.502364590764,0,0,0,0,0.233600080013275,0,0,0,0,0,0,722.707188636065,112.395233541727,507.885202750564,295.528307497501,0,856.60540086031,1945.70408177376,124.727678775787,75.7047190368176,4.99786242842674,284.05694489181,13.8713148608804,43.613467425108,1.40614581108093,237.024378105998,0,109.578206054866,3.77734386920929,42.0064635202289,0,0,0,0,2.54436445236206,3.38645797967911,0,7.91432563960552,0,0,0,0,338.065040640533,0,0,0,0,0,0,0,0,0,3.65652506053448,0,139.639055341482,23.4817677736282,71.6803747713566,16.9563153982162,19026.0249704123,48.907944701612,1816.62071178854,3.7845353782177,6555.093649894,4119.12195459008,160.829166173935,38.1635869294405,0
0,0,35.9296102821827,0,0.473163634538651,0,0,0,38.9755313247442,1.28423714637756,117.326046019793,0,0,0,0,0,17.2713522836566,13.469660744071,145.28288936615,0,253.060682445765,0,0,0,0.162210270762444,0,0,0,0,0,0,484.728363066912,1480.66763840616,145.595097869635,875.945172518492,856.60540086031,0,0,3933.59617389739,0,231.525443121791,9.32209519296885,128.192116610706,0,7.60141995549202,0.168259635567665,230.745296433568,125.370681002736,55.9001979082823,3.59865398705006,0,0,0,0,1.07033276557922,0,4.99400135874748,0.870988249778748,0,0,0,0,1.96632714569569,215.810875639319,0,0,0,0,0,0,0,0,1.66084921360016,0,160.520753085613,83.8380071073771,47.9914670586586,228.358425974846,666.494404017925,18391.0143144652,4.46114285290241,1254.23099794984,10039.0169659108,4672.67068845034,181.551518820226,6.00609874725342,3.8544547110796
0,0,0,0,0,0,0,0,0,0,0,606.177085727453,0,0,0,0,0,0,0.511309430003166,9.04739324748516,0,1032.69647414982,22.850391805172,6.07912445068359,0,0,0,26.6772665977478,0,596.12831223011,0,0.555452525615692,0,220.994540125132,25.6818141937256,1945.70408177376,0,0,1352.20461580157,0,0,101.175126850605,0,0,0,0.723176181316376,0,86.1826257407665,0.180791467428207,218.333355516195,0,0,0,0,0,0,0,69.6891393512487,0,0,0,0,13.5084283947945,0,66.290407627821,0,118.523384094238,0,0,0,71.8623731136322,0,12.7890756130219,0,0,0,169.611246421933,0,854.220137923956,0,10508.3789735436,73.7069980204105,4149.94835454226,2781.76573193073,46.899213373661,3.99023509025574,0
8.12430404126644,0,0,0,0,0,0,0,71.8657673448324,0.358399838209152,234.342640668154,0,0,0,0,0,34.6665137708187,4.1299724727869,62.7374444678426,0,94.2348733246326,21.6121659874916,884.780013278127,0,44.1983693540096,0,0,0,172.629970371723,0,146.350065946579,0,1.06873992085457,8.75596928596497,161.245050922036,124.727678775787,3933.59617389739,1352.20461580157,0,0,9.56537681818008,7.69616205990314,267.602845072746,0,0,0,120.456794440746,9.31169439852238,228.789544671774,1.44989478588104,0,0,0,0,19.1894643902779,0,95.078773021698,0,0,0,0,0,0,292.189113527536,0,354.445175424218,0,52.550793081522,0,0,0,2.73243749141693,0,75.3894462585449,0,0,0,122.897017836571,1.77291825413704,1478.87509714812,131.25825291872,10718.9046098292,4466.10926485807,2465.94776903093,268.943407811224,0,64.2909508645535
0,0,0,0,0,0,0,0,4.70465962588787,0,0.68038135766983,0,0,0,0,0,43.9680085405707,8.99352809786797,258.676778376102,1.88081252574921,0,0,0,0,0,0,0,0,0,0,0,70.7899820506573,5.23675799369812,107.39787890017,1.04356026649475,75.7047190368176,0,0,0,0,5.83860120177269,1294.51247638464,7.17621713876724,4.95280799269676,0.712920472025871,464.354788325727,0.980578303337097,714.761624209583,26.443725913763,377.962468877435,0,0,0,0,0,0,0,4.64631563425064,0,0,0,0,126.061375007033,0,0,0,0,0,0,0,0,0,16.8482787013054,0,157.419255644083,0,349.188246697187,0,1998.90140585601,8.65472745895386,230.594663128257,0.940125964581966,78.1313906237483,0,656.791831851006,27.1218173727393,0
0,0,0,0,0,0,0,0,9.93046889454126,2.39543759822845,13.3256039321423,0,0,0,0,0,39.8896392956376,21.0147638618946,374.318394690752,0,6.59272056818008,0,0,0,1.43898420035839,0,0,0,0,0,0,7.69099618494511,41.786832138896,0,86.7051761224866,4.99786242842674,231.525443121791,0,9.56537681818008,5.83860120177269,0,32.1679060682654,1036.76839922369,5.42629957199097,7.62711577117443,3.21480096876621,1270.91359366477,337.228389501572,311.804447308183,124.378414854407,0,0,0,0,3.28425389528275,1.00039391219616,0.458142936229706,0,0,0,0,0,2.63957262039185,117.683503165841,0,0,0,0.403204590082169,0,0,0,0,0.202660501003265,0,4.05215579271317,21.3899053782225,0.264854460954666,179.608950719237,9.5811909288168,2084.46866223961,4.42590966075659,174.911488540471,152.831323564053,0,676.593979395926,1.00184750556946,59.8465412855148
0,83.077588185668,0,0.828834891319275,0,0,0,0,19.4959378689528,5.10595469176769,3.45304794609547,1.12423324584961,0,0,0,0,65.3496455997229,43.9034371972084,756.614256843925,15.0074483156204,0.175310656428337,0,0,61.6584841310978,0,0,0,0,0,0,0,24.3874623626471,2.32145230472088,554.068419352174,149.283837601542,284.05694489181,9.32209519296885,101.175126850605,7.69616205990314,1294.51247638464,32.1679060682654,0,245.585705861449,64.2233826816082,0,608.302104696631,0.556837409734726,1143.07209900767,13.7047008946538,683.275563724339,0,0,0,0,4.04712677001953,47.3082230091095,0,122.405896902084,0,0,0,0,428.001622907817,0.732815951108932,0,0,68.7811626195908,0,0,0,0,0,509.825165390968,0,41.9789216294885,0,841.592137053609,59.4784520566463,5527.48667640984,145.030791327357,2759.03705895692,70.3120331317186,898.767917834222,0,2668.71542330831,1375.26557845622,5.05988357961178
105.905399039388,0,40.5137423574924,0,0,0,0,0,441.036218836904,4.01492899656296,252.558212697506,0,0,0,0.169988915324211,0,42.4070463180542,34.7435756921768,592.636186383665,0,3.37599816918373,0,0,0,9.83741866052151,0,1.99236172437668,0,0,0,112.636771902442,8.86737960577011,2.46610856056213,22.5673351287842,350.562430545688,13.8713148608804,128.192116610706,0,267.602845072746,7.17621713876724,1036.76839922369,245.585705861449,0,6.84076176583767,10.7304707020521,0.154078096151352,533.794047467411,811.513144284487,1975.32453415543,8.05140449106693,0,0,0,0,9.52411997318268,1.79721999168396,42.8204791247845,0.0928234159946442,0,0,0,0,1.02769071608782,220.441662654281,0,0,0,2.70267915725708,0,0,0,0,0,73.3538125604391,1.66169390082359,17.8186818063259,11.1185125932097,769.848560333252,35.7811587899923,5314.26872513443,10.2221930325031,2078.4572642073,690.301715567708,0,3908.53947378695,12.0549572408199,991.264919936657
0,0,0,0,0,0,0,0,8.65044525265694,2.67063593864441,4.4225207567215,0,0,0,0,0,18.8300320506096,44.303909227252,219.464287914336,0.671772241592407,0,0,0,0.733525812625885,0,0,0,0,0,0,0,0,0,0,0,43.613467425108,0,0,0,4.95280799269676,5.42629957199097,64.2233826816082,6.84076176583767,0,1.44217038154602,30.9924979507923,0,0,0,3.23469313979149,0,0,0,0,0,0.125093415379524,0,0.470454394817352,0,0,0,0,0.725408360362053,0,0,0,0,0,0,0,0,0,6.75539317727089,0,0,0,0.159853562712669,0,216.967383652925,22.3145550638437,29.2614343464375,2.84342893958092,37.1278784275055,0,108.608621612191,12.2991310805082,0.935571625828743
0,0,2.67371076345444,0,0,0,0,0,0.479997664690018,0,0,0,0,0,0,0,10.8978871703148,10.1424604952335,25.1924471408129,0,0,0,0,0,0,0,0,0,0,0,0,0,0,0,0,1.40614581108093,7.60141995549202,0,0,0.712920472025871,7.62711577117443,0,10.7304707020521,1.44217038154602,0,0,5.15837949514389,0,0.244818851351738,0,0,0,0,0,0,0,0,0,0,0,0,0,0,2.30564641952515,0,0,0,0,0,0,0,0,0.181398242712021,0,0,0,0,0,1.92511107027531,88.0479289144278,0,7.41056495904922,5.32942314445972,0,36.2568705976009,0,0.973832279443741
0,0,0,4.8192024230957,0,0,0,0,6.96566677093506,0,0,0.916488982737064,0,0,0,0,4.79726947844028,8.09307259321213,53.5265630930662,122.323693402112,0,0,0,0,0,0,0,0,0,0.199527025222778,0,37.3714575842023,0.547011017799377,23.4488041326404,1.54398755729198,237.024378105998,0.168259635567665,0.723176181316376,0,464.354788325727,3.21480096876621,608.302104696631,0.154078096151352,30.9924979507923,0,0,2.51663136482239,151.175060302019,0.684450969099998,428.259735584259,0,0,0,0,0,0,0,49.7136980444193,0,0,0,0,2450.65201246738,0,0,0,0,0,0,0,0,0,159.18130300194,0,115.324319332838,0,89.2165231183171,0.129451781511307,1400.15375207365,6.68224291503429,760.12459141016,1.31409426033497,10.4808370769024,0,1133.06442528218,43.9914130717516,0
0,0,28.2186771333218,0,0,0,0,0,0.225721791386604,0,166.154124513268,0,0,0,0,0,7.16544657945633,5.00133803486824,54.2229754477739,0,294.638101056218,0,0,0,0,0,0,0,0,0,33.5817191302776,0.988706588745117,20.6489596813917,0.280891865491867,61.2019773870707,0,230.745296433568,0,120.456794440746,0.980578303337097,1270.91359366477,0.556837409734726,533.794047467411,0,5.15837949514389,2.51663136482239,0,113.55980399251,495.950744971633,53.6427326798439,0,0,0,0,0,0,47.4108025431633,0,0,0,0,0,0,1310.93507041782,0,0,0,0,0,0,0,0,0,48.7785830646753,0.249993532896042,13.6108255535364,0,57.8467012271285,0.322722852230072,2938.03308240324,0.238591536879539,436.209078863263,46.6669828742743,0.475163981318474,1682.42592075467,0,52.7560134381056
0,0,0,0,0,0,0,0,2.69484877586365,4.28209829330444,11.1929438561201,0,0,0,0,0,0.43206462264061,0.710604771971703,21.7973753511906,1.4443576335907,0.800837248563766,1.03884407877922,2.41018790006638,0,0.291234642267227,0,0,0,0,0,0,480.438175395131,529.306519255042,1419.96148276329,1403.95777446032,109.578206054866,125.370681002736,86.1826257407665,9.31169439852238,714.761624209583,337.228389501572,1143.07209900767,811.513144284487,0,0,151.175060302019,113.55980399251,0,974.21873998642,1275.53917463124,0,0,0,0,0,0,0.928015545010567,1.95363955199718,0,0,0,0,60.1735639646649,20.2662086486816,0,0,0,0,0,0,0,0,17.8192673623562,0,274.124175861478,150.851308315992,1535.4789647758,728.754856221378,569.750777579844,386.080879181623,364.167366437614,195.728681266308,499.928908593953,0,681.636348307133,29.1673412173986,22.9526108056307
136.012406900525,0,295.485404714942,0,0,0,0,0,7.94146898388863,0,21.3795612752438,0,0,0,0,0,5.2468689084053,2.56219945847988,37.4736617282033,0,3.18550585210323,0,180.74838924408,0,0.322764098644257,0,0,0,0,0,8.50378228724003,2.88219773769379,10.9649657458067,6.02299029380083,312.397806145251,3.77734386920929,55.9001979082823,0.180791467428207,228.789544671774,26.443725913763,311.804447308183,13.7047008946538,1975.32453415543,0,0.244818851351738,0.684450969099998,495.950744971633,974.21873998642,0,195.907350420952,0,0,0,0,4.18332374095917,0,6.59776313602924,0,0,0,0,0,0.367239192128181,224.925071403384,0,1.31888097524643,0,0,0,0,0,88.465063303709,0,8.35464316606522,0,20.9441373050213,1.44182093441486,763.016172431409,5.20948219299316,1281.19701366872,0.719512291252613,1449.30245736241,104.117003381252,0,1226.64781598002,0,31.169459104538
0,399.199757277966,0,607.174955964088,0,0,0,0,2.27507853507996,1.11942100524902,5.05171249806881,1.6757425069809,0,0,0,29.2229747772217,0.474203959107399,1.41882341355085,50.090757355094,5.93064992129803,1.70894831418991,2.97375774383545,0,0,0,0,0,0,0,0,0.793974578380585,62.3843025267124,28.9741611778736,153.007958650589,66.2518840283155,42.0064635202289,3.59865398705006,218.333355516195,1.44989478588104,377.962468877435,124.378414854407,683.275563724339,8.05140449106693,3.23469313979149,0,428.259735584259,53.6427326798439,1275.53917463124,195.907350420952,0,0,0,0,0,0,6.37478464841843,0.270541727542877,59.0145945996046,0,3.31792783737183,0,83.4683101177216,485.136180505157,3.68078188598156,46.1188519597054,0,0,0,0,0,27.7136994600296,0,106.477848932147,0.247169554233551,333.725480176508,0.403834864497185,300.921885900199,36.0461051464081,524.225335255265,45.0509366393089,576.304511085153,15.0121865570545,62.4529564157128,0,1131.88839167356,61.1096670404077,1.728819206357
0,0,0,0,7.98395156860352,0,3.04419779777527,0,2.68086838722229,0,0,0,0,0,0,0,0,0,0,0,0,0,0,0,0,0,0,0,0,0,0,0,0,0,0,0,0,0,0,0,0,0,0,0,0,0,0,0,0,0,0,0,5.58438444137573,0,0,0,40.7366881370544,0,245.939805150032,0,74.9097567498684,0,0,0,0,0,0,0,0,0,0,0,0,0,0,0,0,0,0,0,0,0,3.07043838500977,0,0,0,0
0,0,0,0,0,160.528831124306,0,0,0,0,0,0,0,0,0,0,0,0,0,0,0,0,0,0,0,0,0,0,0,0,0,0,0,0,0,0,0,0,0,0,0,0,0,0,0,0,0,0,0,0,0,0,0,0,0,0,0,0,0,0,0,0,0,0,0,0,0,0,0,0,0,0,0,0,0,0,0,0,0,0,0,0,1,0,0,0,0
0,0,0,0,47.4318437576294,0,675.487364888191,0,0,0,8.37715756893158,0,0,0,0,0,0,0,0,0,0,0,0,0,0,0,0,0,0,0,0,0,0,0,0,0,0,0,0,0,0,0,0,0,0,0,0,0,0,0,5.58438444137573,0,0,0,0,0,185.559720516205,0,44.2421957850456,0,0,0,0,0,0,0,0,0,0,0,0,0,0,0,0,0,0,0,0,0,0,0,58.2692991495132,0,0,0,0
0,0,0,0,0,0,0,344.225246965885,0,0,0,77.0102764964104,0,6.17720079421997,0,0,0,0,0,0,0,0,0,0,0,0,0,0,0,0,0,0,0,0,0,0,0,0,0,0,0,0,0,0,0,0,0,0,0,0,0,0,0,0,0,0,0,58.5693368911743,0,28.2225532531738,0,0,0,0,0,0,0,0,0,0,0,0,0,0,0,0,0,0,0,0,0,0,2,0,0,0,0
10.1158232986927,0,36.335862159729,0,0,0,0,0,583.998234570026,51.5678888857365,0.210375398397446,0,0,0,16.3786466419697,0,392.292088836432,126.5029604882,63.3781607598066,0,0,0,0,5.20535965263844,462.755088344216,0.993375480175018,118.132741600275,0,0,0,0,0,0,0,0,2.54436445236206,1.07033276557922,0,19.1894643902779,0,3.28425389528275,4.04712677001953,9.52411997318268,0,0,0,0,0,4.18332374095917,0,0,0,0,0,0,13.9604797512293,0,0,0,0,0,0,0,0,0,0,0,463.591820657253,0,2.51807117462158,0,0,0,0,0,0,0,0,3.26847887039185,8.77622170746326,1.3075156211853,2.31546674668789,717.276743158698,0,5.02501948177814,0,0.436633139848709
0,187.152082920074,0,12.6561059951782,0,4.16239976882935,0,0,47.3114882111549,298.141024902463,0.276085764169693,0,0,0,1.63326777517796,23.3260347247124,161.393125459552,265.281080588698,38.16714823246,0,0,32.9139036685228,0,556.280550807714,7.85002270340919,35.3170020878315,4.18458092212677,0,0,0,0,0,0,0,0,3.38645797967911,0,0,0,0,1.00039391219616,47.3082230091095,1.79721999168396,0.125093415379524,0,0,0,0,0,6.37478464841843,0,0,0,0,13.9604797512293,0,0,0,0,0,0,59.7897844314575,0,0,0,0,266.404061302543,0,2.12059187889099,0,0,0,0,0,0,0,0,0,0.28611809015274,5.74492104351521,0,1.22276842594147,516.520189493895,0,19.0484490692616,0,0
0,0,0,0,0,0,124.903710961342,0,0,0,450.976012319326,0,0,0,0,0,0.304021030664444,0.191544890403748,1.44494703412056,0,45.6115523129702,0,0,0,0,0,0,0,0,0,12.6149598956108,0,0.977475702762604,0,0.739462345838547,0,4.99400135874748,0,95.078773021698,0,0.458142936229706,0,42.8204791247845,0,0,0,47.4108025431633,0.928015545010567,6.59776313602924,0.270541727542877,40.7366881370544,0,185.559720516205,0,0,0,0,0,497.447103440762,0,0,0,0,95.7541074901819,0,0,0,0,0,0,0,0,0,320.030373632908,0,0,0,1.23113007843494,0,3.30766898393631,0,34.6475150585175,6.31768321990967,0,57.2370308488607,0,11.1703344881535
0,16.932999163866,0,0,0,84.0336976051331,0,51.3915883898735,0,0,0,1449.87207211554,0,2.73525643348694,0,0,1.5948294326663,0.318710923194885,7.09147551655769,174.091091141105,0,0,0,0,0,0,0,0,0,0,0,1.40265420079231,0,1.12910416722298,0,7.91432563960552,0.870988249778748,69.6891393512487,0,4.64631563425064,0,122.405896902084,0.0928234159946442,0.470454394817352,0,49.7136980444193,0,1.95363955199718,0,59.0145945996046,0,0,0,58.5693368911743,0,0,0,0,0,6.00426232814789,0,0,311.744457267225,0,0,0,0,0,0,0,0,0,208.503788873553,0,3.70857191830873,0,3.46333490312099,0,14.0529058724642,1.73639616370201,232.059830799699,0.0910829678177834,395.767838403583,0,55.8132866099477,20.4767419248819,0
0,0,0,0,0,0,1.44136583805084,0,0,0,0,0,181.90424144268,0,32.4186315536499,0,0,0,0,0,0,0,0,0,0,0,0,0,0,0,0,0,0,0,0,0,0,0,0,0,0,0,0,0,0,0,0,0,0,0,245.939805150032,0,44.2421957850456,0,0,0,497.447103440762,0,0,0,40.6153656244278,0,0,0,0,0,0,0,0,0,0,0,0,0,0,0,0,0,0,0,0,0,92.9179283380508,0,0,0,0
0,0,0,0,0,0,0,9.16897702217102,0,0,0,0,0,773.325839877129,0,0,0,0,0,0,0,0,0,0,0,0,0,0,0,0,0,0,0,0,0,0,0,0,0,0,0,0,0,0,0,0,0,0,0,3.31792783737183,0,0,0,28.2225532531738,0,0,0,6.00426232814789,0,0,0,0,0,0,0,0,0,0,0,0,45.0219230651855,0,0,0,0,0,0,0,0,0,0,0,0,0,0,0,0
0,0,0,0,0,0,0,0,0,0,0,0,0,0,0,0,0,0,0,0,0,0,0,0,0,0,0,0,0,0,0,0,0,0,0,0,0,0,0,0,0,0,0,0,0,0,0,0,0,0,74.9097567498684,0,0,0,0,0,0,0,40.6153656244278,0,0,0,0,0,0,0,0,0,0,0,0,0,0,0,0,0,0,0,0,0,0,0,0,0,0,0,0
0,16.7246833443642,0,26.8111319541931,0,0,0,0,0,10.2188092470169,0,0,0,0,0,45.9128453731537,0,5.21666085720062,0,0,0,0,0,6.32529652118683,0,89.4609234333038,0,0,0,0,0,0,0,0,0,0,0,0,0,0,0,0,0,0,0,0,0,0,0,83.4683101177216,0,0,0,0,0,59.7897844314575,0,0,0,0,0,0,0,0,0,0,0,0,87.8106430768967,0,0,0,0,0,0,0,0,0,0,0,0,0,39.8845157027245,0,0,0,0
0,0,0,0,0,0,0,0,0,0.209384918212891,0,28.2480370998383,0,0,0,0,3.02881364524364,6.70543336868286,17.7526117935777,1407.12386818975,0,0,0,0,0,0,0,0,0,0.409232720732689,0,19.9513240456581,0.232301354408264,14.0330175086856,2.09532731771469,338.065040640533,1.96632714569569,13.5084283947945,0,126.061375007033,2.63957262039185,428.001622907817,1.02769071608782,0.725408360362053,0,2450.65201246738,0,60.1735639646649,0.367239192128181,485.136180505157,0,0,0,0,0,0,0,311.744457267225,0,0,0,0,0,0,0,0,0,0,0,0,0,0,294.048435866833,0,67.098869793117,0,51.716833896935,0.748867601156235,1030.05682355165,2.01403929293156,2050.46421505511,0.610236987471581,268.818444371223,0,270.76028983295,38.6017600297928,0
0,0,0,0,0,0,0,0,1.33717864751816,0,266.355055570602,0,0,0,0,0,0.833292677998543,1.23137271404266,15.1130586266518,0,1386.88264781982,0,0,0,0,0,0,0,0,0,37.5947382003069,0,9.33219218254089,0,8.93559129536152,0,215.810875639319,0,292.189113527536,0,117.683503165841,0.732815951108932,220.441662654281,0,2.30564641952515,0,1310.93507041782,20.2662086486816,224.925071403384,3.68078188598156,0,0,0,0,0,0,95.7541074901819,0,0,0,0,0,0,0,0,0,0,0,0,0,0,0,0.192481502890587,242.531757742167,0,1.3484808281064,0.36719286441803,32.6240873858333,0.87162321805954,1918.33091374487,0,1380.63181513548,33.7606702595949,0,565.780725717545,0,22.6104899048805
0,0,0,0,0,0,0,0,0,1.85105654597282,0,0,0,0,0,0,0,0,0,0,0,1212.13436074555,49.9078924953938,42.2089669108391,0,0,0,1,0,0,0,0,0,0,0,0,0,66.290407627821,0,0,0,0,0,0,0,0,0,0,0,46.1188519597054,0,0,0,0,0,0,0,0,0,0,0,0,0,0,0,0,173.600652933121,0,0,0,5.17779612541199,0,0,0,0,0,0,0,0,0,33.7039666175842,0,97.2537349164486,0,0,0,0
0,0,0,0,0,0,0,0,0,0,0,0,0,0,0,0,0,0,0,0,0,61.4541226625443,4225.62650461495,0,0,0,0,0,0,0,0,0,0,0,0,0,0,0,354.445175424218,0,0,0,0,0,0,0,0,0,1.31888097524643,0,0,0,0,0,0,0,0,0,0,0,0,0,0,0,0,0,0,1,0,0,0,53.0184263288975,0,0,0,0,0,0,0,0,0,420.948998391628,281.141920924187,0,0,0,0
0,0,0,0,0,0,0,0,3.02251935005188,135.51951661706,0,0,0,0,0,0,1.58477835357189,15.010148614645,1.11616778373718,0,0,113.846408307552,0,402.559663385153,0,11.2186354994774,1.53247761726379,0,0,0,0,0,0,0,0,0,0,118.523384094238,0,0,0,68.7811626195908,0,0,0,0,0,0,0,0,0,0,0,0,0,266.404061302543,0,0,0,0,0,0,0,0,173.600652933121,0,0,0,0,0,0,0,0,0,0,0,0,0,0,0,4.08631813526154,0,192.758822888136,0,47.1997933387756,0,0
0,0,0,0,0,0,0,0,195.770923703909,0,0,0,0,0,0,0,60.7213850617409,7.71946722269058,4.0323366522789,0,0,0,0,0,243.439456105232,0,8.97758835554123,0,0,0,0,0,0,0,0,0,0,0,52.550793081522,0,0.403204590082169,0,2.70267915725708,0,0,0,0,0,0,0,0,0,0,0,463.591820657253,0,0,0,0,0,0,0,0,0,0,1,0,0,0,0,0,0,0,0,0,0,0,0,0,0,0,88.7411646842957,60.8933239877224,0,0,0,0
0,0,0,0,0,0,0,0,0.193797543644905,34.3657388687134,0,0,0,0,0,243.930977582932,0.768979072570801,393.292142897844,0,0,0,0,0,73.8046936988831,0,552.607493817806,0,0,0,0,0,0,0,0,0,0,0,0,0,0,0,0,0,0,0,0,0,0,0,0,0,0,0,0,0,2.12059187889099,0,0,0,0,0,87.8106430768967,0,0,0,0,0,0,0,0,82.131534576416,0,0,0,0,0,0,0,0,0,0,0,164.928081542253,0,0,0,0
0,0,0,0,0,0,0,0,87.7928844690323,0,0,0,0,0,24.5410313010216,0,2.34715646505356,0,0,0,0,0,1.62237787246704,0,1.64562058448792,0,73.5543953180313,0,0,0,0,0,0,0,0,0,0,0,0,0,0,0,0,0,0,0,0,0,0,0,0,0,0,0,2.51807117462158,0,0,0,0,0,0,0,0,0,0,0,0,0,0,0,0,0,0,0,0,0,0,0,0,0,0,0,61.2166694402695,0,0,0,0
0,0,0,0,0,0,0,0,0,0,0,0,0,0,0,3.71411955356598,0,0,0,0,0,3,0,0,0,0,0,200.32327413559,0,0,0,0,0,0,0,0,0,71.8623731136322,0,0,0,0,0,0,0,0,0,0,0,27.7136994600296,0,0,0,0,0,0,0,0,0,45.0219230651855,0,0,0,0,5.17779612541199,0,0,0,82.131534576416,0,0,0,25.6733404994011,0,0,0,0,0,0,0,210.556645125151,0,13.2680335044861,0,0,0,0
0,0,0,0,0,0,0,0,0,0,0,0,0,0,0,0,0,0,0,0,0,0,3.68862336874008,0,0,0,0,0,695.751875609159,0,0,0,0,0,0,0,0,0,2.73243749141693,0,0,0,0,0,0,0,0,0,88.465063303709,0,0,0,0,0,0,0,0,0,0,0,0,0,0,0,0,53.0184263288975,0,0,0,0,0,0,0,81.4190489053726,0,0,0,0,0,0,0,19.547841668129,0,0,0,0,0
0,0,0,0,0,0,0,0,2.94163393974304,0,0,45.8223222643137,0,0,0,0,9.08356782793999,6.41480501741171,16.8785290420055,107.028201952577,0,0,0,0,0,0,0,0,0,194.627814412117,0,1.88245219737291,0,4.13230341672897,0.146775603294373,3.65652506053448,1.66084921360016,12.7890756130219,0,16.8482787013054,0.202660501003265,509.825165390968,0,6.75539317727089,0.181398242712021,159.18130300194,0,17.8192673623562,0,106.477848932147,0,0,0,0,0,0,0,208.503788873553,0,0,0,0,294.048435866833,0.192481502890587,0,0,0,0,0,0,25.6733404994011,0,0,0,12.0744810849428,0,10.9077758491039,0,41.4026788547635,7.94467090815306,1198.57926174998,2.95501404255629,6.17379869520664,0,126.554625086486,112.478777065873,0
0,0,0,0,0,0,0,0,0,3.32943344116211,11.1217259764671,0,0,0,0,0,0.208747074007988,0,2.09151339530945,0,52.0649718940258,0,0,0,0,0,0,0,0,0,225.516341120005,0,0,0,0.414616793394089,0,0,0,75.3894462585449,0,0,0,73.3538125604391,0,0,0,48.7785830646753,0,8.35464316606522,0.247169554233551,0,0,0,0,0,0,320.030373632908,0,0,0,0,0,0,242.531757742167,0,0,0,0,0,0,0,81.4190489053726,0,0,0,0,0,0,0,0.690484374761581,0,250.806907922029,0.383389592170715,0,287.739517569542,0,19.516031473875
0,0,0,0,0,0,0,0,0,0,0,0,0,0,0,0,0,0,2.49098835140467,5.00063519179821,0,0,0,0,0,0,0,0,0,0,0,544.585795104504,53.5475676059723,148.38243176043,11.124014928937,139.639055341482,160.520753085613,0,0,157.419255644083,4.05215579271317,41.9789216294885,1.66169390082359,0,0,115.324319332838,0.249993532896042,274.124175861478,0,333.725480176508,0,0,0,0,0,0,0,3.70857191830873,0,0,0,0,67.098869793117,0,0,0,0,0,0,0,0,0,12.0744810849428,0,0,1.64663721621037,234.851601213217,2.44629737734795,1632.16510330886,5.72215640544891,48.8772976994514,0.213999554514885,178.189801082015,0,101.283655829728,3.41282206773758,0
