0,0,4.25963554382324,0,0,0,0,0,4.16920021713757,0,0,0,0,0,0,0,27.4121447971889,0,12.3578391332884,0,0,0,0,0,0,0,0,0,0,0,0,0,0,0,0,0,0,0,0,0,24.8978617986043,0,9.07702632781563,0,0,0,17.1014137268066,0,3.97266827914732,0,0,0,0,0,4.9612694978714,0,23.4726529121399,0,18.4601526260376,0,16.4097252136622,0,0,27.3917663574219,0,0,0,0,0,0,0,0,0,0,0,0,0,0,55.242769241333,28.4355230498732,0,25.8208357493083,5.99314641261446,0,6.79203518451034,0,0
0,0,0,7.03579525720505,0,31.6119861602783,0,0,0,6.87362978588707,0,0,0,0,0,0,0,0,21.3078763749864,0,0,0,0,16.9708568499638,0,0,0,0,0,0,0,0,0,0,0,0,0,17.3573227150496,0,27.7177778879801,0,12.6136544047267,0,9.68917274475098,0,24.3410806655884,0,0,0,6.62407597851109,0,0,0,0,0,5.66440927885149,0,19.2030906677246,0,0,0,0,35.0918807983398,0,0,0,0,0,0,0,0,0,0,0,0,0,0,0,29.9000397273472,0,20.7416925430298,0,9.70786515764288,0,16.1705635700777,0,0
4.25963554382324,0,0,50.7654056549072,11.0179602941581,0,0,0,5.44237897320399,0,0,0,0,0,0,0,0,0,16.8247318949018,0,11.1851119995117,0,0,0,0,0,0,0,0,0,0,0,0,0,0,0,22.5884046554565,0,0,0,32.9629109700521,0,23.9519569719991,0,14.5975166956584,0,34.094543838501,0,18.5008836159339,0,8.71099267571659,0,0,0,6.80638390549263,0,22.4548487792144,0,4.58141484043815,0,6.85831427574158,0,0,26.9927700042725,0,0,0,0,0,0,0,0,0,0,0,0,0,0,59.6168231964111,45.022740205129,0,30.9093132019043,17.8261167194532,20.020357131958,18.2286480470302,0,23.1770648956299
0,7.03579525720505,50.7654056549072,0,64.1716003417969,8.94669485465944,0,0,0,8.11117420936453,0,0,0,0,0,0,60.07297706604,56.6487579345703,35.4239994770772,0,0,0,0,0,0,0,0,0,0,0,0,0,0,0,0,13.8036073990239,0,23.8897292063786,0,34.0440023506389,57.0711085001628,24.1735684718305,49.1520264434814,35.505590057373,55.3928680419922,14.7642863707109,55.8674579967152,51.4361038208008,33.981273651123,18.2547650517536,56.0945243835449,6.84753879681558,0,0,52.6631889343262,4.58509806611321,58.9886045744925,21.9376683916364,0,0,0,0,23.1568474769592,62.3186074829102,0,0,0,0,0,0,0,0,0,0,0,0,0,0,24.2751897493998,69.1072545893052,0,68.5733991350446,21.5220269366567,23.626767701291,23.2784652040633,22.5570856730143,42.8541933695475
0,0,11.0179602941581,64.1716003417969,0,0,8.1489265759786,0,6.91312857774588,0,0,0,0,0,0,0,0,82.716194152832,40.9099884033203,0,7.51654683626615,0,0,0,0,0,0,0,0,0,0,0,0,0,0,0,33.1387138366699,0,0,0,41.2284965515137,86.0785446166992,36.992399034046,0,0,0,44.945140838623,0,43.6860730097844,62.5359268188477,7.75840676032891,0,3.79131988116673,0,16.9226451873779,0,22.6696603775024,0,4.18259773254394,0,3.4059771001339,0,0,27.3522123495738,0,0,0,0,0,0,0,0,0,0,0,0,0,0,0,72.1587982177734,0,37.8906669616699,20.8821107359493,0,16.4451564474951,0,30.654426574707
0,31.6119861602783,0,8.94669485465944,0,0,0,0,0,9.1884181541309,0,0,0,0,0,0,0,0,49.1011428833008,3.43045570476946,0,0,0,0,0,0,0,0,0,0,0,0,0,0,0,11.499427318573,0,36.4790725708008,0,44.6821428934733,0,36.0957382375544,0,0,0,18.8911730448405,0,0,0,39.4570579528809,0,4.20363261631557,0,0,0,7.00603531323946,70.595947265625,33.9978504180908,0,5.26506061088748,0,5.9389053662618,6.61956739425659,0,0,0,0,0,0,0,0,0,0,0,0,0,0,0,10.2955965995789,77.5520477294922,0,0,6.94781481016667,4.96202121365745,20.6674417607925,0,0
0,0,0,0,8.1489265759786,0,0,0,0,0,4.2302041053772,0,0,0,0,0,0,0,0,0,3.7945941289266,0,0,0,0,0,0,0,0,0,0,0,0,0,0,0,3.81444868871144,0,0,0,0,0,0,0,0,0,0,0,0,0,7.10072381155832,0,4.89920653315151,0,0,0,4.02542302463994,0,0,0,0,0,0,0,0,0,0,0,0,0,0,0,0,0,0,0,0,0,0,4.25139582157135,0,0,4.90842575612275,3.76703853077359,0,0,0
0,0,0,0,0,0,0,0,0,0,0,4.85908985137939,0,3.2958744764328,0,0,0,0,0,0,0,0,0,0,0,0,0,0,0,0,0,0,0,0,0,3.83007180690765,0,0,0,0,0,0,0,0,0,0,0,0,0,0,0,0,0,3.10994673006743,0,0,0,3.69945986182601,0,4.58434985697955,0,0,12.2553596496582,0,0,0,0,0,0,0,0,0,0,0,0,0,0,0,0,0,0,0,3.47405884606498,2.9595673084259,0,0,0
4.16920021713757,0,5.44237897320399,0,6.91312857774588,0,0,0,0,0,0,0,0,0,4.80567950034047,0,12.8515455173294,32.1232927762545,41.7414482116699,0,0,0,0,0,6.76174697662011,0,9.86195204105783,0,0,0,0,0,0,0,0,0,0,0,6.83333319286967,0,39.1292057037354,0,32.0443592071533,0,0,0,0,17.3803901672363,7.66764003580267,0,0,0,0,0,7.77661139748629,0,18.8856342633565,0,0,0,4.43601459165082,0,0,32.6703567504883,0,0,0,4.46511013146603,0,10.7610173225403,0,0,0,0,0,0,0,0,84.4117279052734,36.0719149569248,0,9.23213509056303,7.02776536813725,4.86568975448608,4.82337932596947,0,0
0,6.87362978588707,0,8.11117420936453,0,9.1884181541309,0,0,0,0,0,0,0,0,0,3.36846026705533,0,4.34558095512809,36.705142127143,0,0,0,0,6.61067939152683,0,3.75890060833522,0,0,0,0,0,0,0,0,0,0,0,11.1996370496793,0,0,0,15.9072596952319,0,0,0,40.1362457275391,0,0,0,18.8966513701848,0,8.84984850883484,0,0,0,5.75858349186533,0,0,0,0,0,3.06363060841194,0,0,0,0,10.1533960444587,0,3.58445072174072,0,0,0,0,0,0,0,0,0,42.7470397949219,0,10.7152859625463,0,5.92429588298202,5.31874698709559,13.2248063487391,0,0
0,0,0,0,0,0,4.2302041053772,0,0,0,0,0,2.92012267934865,0,0,0,0,0,0,0,3.6105065583292,0,0,0,0,0,0,0,2.89247297077644,0,3.43849344377394,0,0,0,0,0,3.55325068473816,0,3.86073935589595,0,0,0,0,0,0,0,0,0,0,0,0,0,0,0,0,0,5.83082300685567,0,3.0871572127709,0,0,0,0,5.68583923849193,0,0,0,0,0,0,0,3.10766269763311,0,7.61116223586233,0,0,0,0,0,5.13075651441302,0,5.24334646154333,3.47866690493076,2.94621485471725,0,0,0
0,0,0,0,0,0,0,4.85908985137939,0,0,0,0,0,3.34760545573983,0,0,0,0,0,4.94408422981927,0,0,0,0,0,0,0,3.23482529690724,0,0,0,0,0,0,0,3.57943764859182,0,3.73319623552784,0,0,0,0,0,0,0,0,0,0,0,0,0,3.35721325874329,0,4.59158683568239,0,0,0,5.23586938690869,0,3.33129382999711,0,0,6.15744495251599,0,0,0,0,0,0,0,3.38153231882416,0,0,0,0,0,0,0,4.1485701694208,0,0,0,3.40939796114542,0,19.8057041168213,0,0
0,0,0,0,0,0,0,0,0,0,2.92012267934865,0,0,0,3.39082326410024,0,0,0,0,0,0,0,0,0,0,0,2.95630073547363,0,3.06607615947723,0,0,0,0,0,0,0,0,0,0,0,0,0,0,0,0,0,0,0,0,0,0,0,0,0,0,0,2.96077479015697,0,3.66936428730304,0,3.73203840255737,0,0,0,0,0,0,0,0,0,0,3.17027683258057,0,0,0,0,0,0,0,0,0,0,3.31118360569603,0,0,0,0
0,0,0,0,0,0,0,3.2958744764328,0,0,0,3.34760545573983,0,0,0,2.73625373840332,0,4.85119771957397,0,0,0,0,0,0,0,0,0,3.57476970127651,0,0,0,0,0,0,0,0,0,0,0,0,0,0,0,0,0,0,0,0,0,0,0,0,0,0,0,0,0,3.9289245223271,0,3.53376646426098,0,0,0,0,0,0,0,0,0,0,0,0,0,0,0,0,0,0,0,0,0,0,2.89950225425489,3.02518788049387,0,0,0
0,0,0,0,0,0,0,0,4.80567950034047,0,0,0,3.39082326410024,0,0,0,16.8650714436623,33.6840976368297,47.0627117156982,0,0,0,0,0,12.7090723429407,0,12.8464979171753,0,0,0,0,0,0,0,0,0,0,0,0,0,0,0,0,0,0,0,0,0,0,0,0,0,0,0,8.90200770251891,0,8.45632171630859,0,3.59772323792981,0,3.67379732460811,0,0,0,0,0,0,0,0,4.50878588358561,0,0,0,0,0,0,0,0,0,0,0,0,6.57053991144958,3.06100571155548,0,0,0
0,0,0,0,0,0,0,0,0,3.36846026705533,0,0,0,2.73625373840332,0,0,0,2.80972818533579,0,0,0,0,0,0,0,0,0,0,0,0,0,0,0,0,0,0,0,0,0,0,0,0,0,0,0,0,0,0,0,0,0,3.3174385952227,0,0,0,3.92261534723742,0,0,0,0,0,2.92433895383562,0,0,0,0,0,0,0,0,0,0,0,0,0,0,0,0,0,0,0,0,3.22390025030307,3.53221451869378,0,0,0
27.4121447971889,0,0,60.07297706604,0,0,0,0,12.8515455173294,0,0,0,0,0,16.8650714436623,0,0,14.2215914331741,25.0464220015256,0,0,15.4021377563477,3.01385617256165,25.6591544151306,11.7455772276551,22.1342506408691,8.07492092090287,0,0,0,0,0,0,0,0,0,0,0,0,66.7500052018599,58.335431495599,52.3558571225121,42.0307206904635,42.8273024925819,36.9450227250444,56.2844836223556,50.7968595392564,0,0,69.3477172851562,0,0,0,0,13.4582300186157,0,57.992575781686,130.582611083984,0,0,14.0098663217881,0,66.6713638305664,59.7331798408605,0,0,0,0,0,0,0,0,0,0,0,0,0,0,72.1901781717936,60.3646057304519,0,56.6381147384644,15.8595429034577,6.8356487992881,48.4720919459625,0,39.4107574735369
0,0,0,56.6487579345703,82.716194152832,0,0,0,32.1232927762545,4.34558095512809,0,0,0,4.85119771957397,33.6840976368297,2.80972818533579,14.2215914331741,0,16.6498402738817,0,0,5.4991950972804,0,5.53519447738364,14.548731803894,5.11363425566323,23.2657290458679,4.86450233570365,0,0,0,0,0,0,0,0,0,0,0,71.6066125233968,65.2968105740017,48.8484010696411,52.0809963771275,42.138479868571,42.618414984809,55.7507832175807,57.5458494822184,0,0,59.6292152404785,80.2756958007812,0,0,0,0,5.17219924926758,66.5067176818848,63.4572334289551,0,0,0,0,0,69.3540204366048,0,0,0,0,0,0,0,0,0,0,0,0,0,0,79.2808173043387,71.6665812099681,0,61.9994659423828,8.50069369146675,7.84324567624947,56.1872000013079,0,50.2738757133484
12.3578391332884,21.3078763749864,16.8247318949018,35.4239994770772,40.9099884033203,49.1011428833008,0,0,41.7414482116699,36.705142127143,0,0,0,0,47.0627117156982,0,25.0464220015256,16.6498402738817,0,0,0,18.363697052002,0,22.5104635678805,0,16.8469742366246,36.5695953369141,0,0,0,0,0,0,0,0,38.1686172485352,0,38.5535494486491,0,38.6265242038629,40.1548048766343,16.9665105421681,20.4135918536464,17.2694640540088,18.5585298472262,33.4124872304,33.3696354228088,0,43.4415884017944,34.0879151480539,43.8427886962891,0,0,0,41.1609706878662,0,38.6741078186035,25.0781111717224,0,0,0,0,46.268667441148,46.1354161574155,0,0,0,0,0,0,0,0,0,0,0,0,0,0,39.1030083957048,45.4558667611776,0,39.829693031311,11.2683142490715,23.4149150559396,26.6513431359459,7.49491087655376,21.5281709655126
0,0,0,0,0,3.43045570476946,0,0,0,0,0,4.94408422981927,0,0,0,0,0,0,0,0,0,0,0,0,0,0,0,0,0,0,0,0,0,0,0,4.23072306231726,0,4.24868844594328,0,0,0,0,0,0,0,8.76140359469822,0,0,0,0,0,4.26124790998606,0,7.48103090432974,0,0,0,4.93785715453765,0,0,0,0,4.72748404108557,0,0,0,0,0,0,0,0,0,0,0,0,0,0,0,5.30820017244135,0,0,0,4.62215957722226,0,5.24890827316127,0,0
0,0,11.1851119995117,0,7.51654683626615,0,3.7945941289266,0,0,0,3.6105065583292,0,0,0,0,0,0,0,0,0,0,0,0,0,0,0,0,0,0,0,0,0,0,0,0,0,4.93305125855101,0,4.30568334743725,0,0,0,41.239688873291,0,0,0,9.45678234100342,0,34.1700232470477,0,6.64389937245444,0,6.95350468569788,0,0,0,5.4423510653632,0,0,0,0,0,0,9.52677126708313,0,0,0,0,0,0,0,0,0,0,0,0,0,0,73.5608978271484,6.21065505253252,0,7.58047352339092,4.21336425695758,0,16.9894068805795,0,0
0,0,0,0,0,0,0,0,0,0,0,0,0,0,0,0,15.4021377563477,5.4991950972804,18.363697052002,0,0,0,5.44333839743745,6.8976308958871,0,2.99842646959666,0,2.92557320594788,0,0,0,0,0,0,0,0,0,5.22292995417629,2.82306734720866,0,0,0,0,0,0,0,0,0,0,9.85480550924937,0,0,0,0,0,0,0,0,0,0,0,0,0,0,3.99589382468208,3.46681813895702,10.2246728192928,0,3.59459900856018,0,4.04403599986324,0,0,0,0,0,0,0,0,0,11.2091674462078,0,4.24655542560201,5.99560448656911,19.3057422637939,0,0
0,0,0,0,0,0,0,0,0,0,0,0,0,0,0,0,3.01385617256165,0,0,0,0,5.44333839743745,0,0,4.19465740748814,0,3.15910578308961,0,3.80797871947289,0,0,0,0,0,0,0,0,0,3.73904980568218,0,0,0,0,0,0,0,0,0,6.86569178104401,0,0,0,0,0,0,0,0,0,0,0,0,0,0,0,4.9516007900238,3.87540815821561,0,3.17972714022586,0,4.14600306510925,0,3.3720977306366,0,0,0,0,0,0,0,0,0,4.69243543977896,4.62667791029986,5.93858312093295,0,0,0
0,16.9708568499638,0,0,0,0,0,0,0,6.61067939152683,0,0,0,0,0,0,25.6591544151306,5.53519447738364,22.5104635678805,0,0,6.8976308958871,0,0,0,3.45606000646949,0,0,0,0,0,0,0,0,0,0,0,4.81148035231892,0,0,0,0,0,0,0,0,0,0,0,7.2634969892956,0,0,0,0,0,5.24669727345103,0,0,0,0,0,0,0,0,7.49955132374397,0,4.34244844163286,0,3.37710525411548,0,0,0,0,0,0,0,0,0,0,0,8.86788822588964,0,4.14011130855606,0,6.3899630150163,0,0
0,0,0,0,0,0,0,0,6.76174697662011,0,0,0,0,0,12.7090723429407,0,11.7455772276551,14.548731803894,0,0,0,0,4.19465740748814,0,0,0,3.60325373543633,0,0,0,0,0,0,0,0,0,0,0,5.0724515934621,0,0,0,0,0,0,0,0,12.8409886360168,6.135523493697,0,0,0,0,0,4.58976563480165,0,0,0,0,0,10.041979153951,0,0,0,0,4.01399216651916,0,4.53923173524715,0,3.35310541202382,0,0,0,0,0,0,0,0,0,0,0,6.94617844090878,10.1051304281626,21.2802772521973,0,0,52.1451225280762
0,0,0,0,0,0,0,0,0,3.75890060833522,0,0,0,0,0,0,22.1342506408691,5.11363425566323,16.8469742366246,0,0,2.99842646959666,0,3.45606000646949,0,0,0,0,0,0,0,0,0,0,0,0,0,0,0,0,0,0,0,0,0,0,0,0,0,0,0,0,0,0,0,4.29963779449463,0,0,0,0,0,0,0,0,3.17012866338094,0,3.05150520801544,0,3.3496872054206,0,0,0,0,0,0,0,0,0,0,0,0,0,6.54938206305871,0,0,0,0
0,0,0,0,0,0,0,0,9.86195204105783,0,0,0,2.95630073547363,0,12.8464979171753,0,8.07492092090287,23.2657290458679,36.5695953369141,0,0,0,3.15910578308961,0,3.60325373543633,0,0,0,2.93444474538167,0,0,0,0,0,0,0,0,0,0,0,0,0,0,0,0,0,0,0,0,0,0,0,0,0,9.24899855852127,0,0,0,0,0,13.4936847686768,0,0,0,0,3.62762576777761,0,0,0,4.55526385099992,0,0,0,0,0,0,0,0,0,0,0,0,8.18552373756062,0,0,0,0
0,0,0,0,0,0,0,0,0,0,0,3.23482529690724,0,3.57476970127651,0,0,0,4.86450233570365,0,0,0,2.92557320594788,0,0,0,0,0,0,0,3.72242767825911,0,0,0,0,0,0,0,2.86355985294689,0,0,0,0,0,0,0,0,0,0,0,0,0,0,0,0,0,0,0,4.55343671028431,0,3.90109822878966,0,0,0,0,2.97596421140306,0,0,0,0,0,3.49817602662765,0,4.5904599644921,0,0,0,0,0,0,0,3.87767233671965,0,3.09796205810879,4.93220350477431,0,0,0
0,0,0,0,0,0,0,0,0,0,2.89247297077644,0,3.06607615947723,0,0,0,0,0,0,0,0,0,3.80797871947289,0,0,0,2.93444474538167,0,0,0,3.08939540394195,0,0,0,0,0,0,0,3.21027015944322,0,0,0,0,0,0,0,0,0,0,0,0,0,0,0,0,0,0,0,0,0,0,0,0,0,0,2.96145796775818,0,0,0,3.35505428910255,0,3.4369131255673,0,3.57753916846381,0,0,0,0,0,0,0,2.90652149915695,2.81867617368698,4.07864179611206,0,0,0
0,0,0,0,0,0,0,0,0,0,0,0,0,0,0,0,0,0,0,0,0,0,0,0,0,0,0,3.72242767825911,0,0,0,0,0,0,0,0,0,3.30751320217433,0,0,0,0,0,0,0,0,0,0,0,0,0,0,0,0,0,0,0,3.32797008752823,0,0,0,0,0,0,0,0,0,0,0,0,4.18197570528303,0,3.6238423104612,0,0,0,0,0,0,0,7.12812220861041,0,3.07448960343997,0,0,0,0
0,0,0,0,0,0,0,0,0,0,3.43849344377394,0,0,0,0,0,0,0,0,0,0,0,0,0,0,0,0,0,3.08939540394195,0,0,0,0,0,0,0,0,0,3.53122842058991,0,0,0,0,0,0,0,0,0,0,0,0,0,0,0,0,0,3.84845822507685,0,0,0,0,0,0,0,0,0,0,0,0,0,0,3.19424564100355,0,4.25389158795452,0,0,0,0,0,0,0,0,3.31471260388692,0,0,0,0
0,0,0,0,0,0,0,0,0,0,0,0,0,0,0,0,0,0,0,0,0,0,0,0,0,0,0,0,0,0,0,0,6.29075649886927,3.70150986493032,8.66460704803467,3.05862391113839,2.87955741559045,0,0,0,0,0,0,0,0,0,0,4.97563660374394,10.9191727638245,0,0,0,0,0,0,0,0,0,0,0,0,0,0,0,0,0,0,0,0,0,0,0,0,0,4.89659390981553,5.52256844016943,5.26090528567632,0,3.41086424550703,3.0234118987774,0,0,6.01954251986283,0,0,0,0
0,0,0,0,0,0,0,0,0,0,0,0,0,0,0,0,0,0,0,0,0,0,0,0,0,0,0,0,0,0,0,6.29075649886927,0,3.54295115470886,3.72746308644613,0,2.85574457380507,0,0,0,0,0,0,0,0,0,0,6.32115753994712,0,0,0,0,0,0,0,0,0,0,0,0,0,0,0,0,0,0,0,0,0,0,0,0,0,0,6.97183870352232,3.74274847129333,0,0,0,8.23536654108578,0,0,3.24073905693857,0,0,0,0
0,0,0,0,0,0,0,0,0,0,0,0,0,0,0,0,0,0,0,0,0,0,0,0,0,0,0,0,0,0,0,3.70150986493032,3.54295115470886,0,5.04575618670835,3.85603650952647,0,5.87267850665596,2.805983543396,0,0,0,0,0,0,0,0,5.72898195741173,10.4077436783734,0,0,0,0,0,0,0,0,0,0,0,0,0,0,0,0,0,0,0,0,0,0,0,0,0,5.89215145360178,2.73358249664307,4.8254189489683,4.41948132010761,5.08668958620321,0,4.07384446525207,20.9432926177979,7.58934442656381,0,0,0,0
0,0,0,0,0,0,0,0,0,0,0,0,0,0,0,0,0,0,0,0,0,0,0,0,0,0,0,0,0,0,0,8.66460704803467,3.72746308644613,5.04575618670835,0,0,4.3183025858883,0,5.06165927153367,0,0,0,0,0,0,0,0,4.52815127929052,0,0,0,0,0,0,0,0,0,0,0,0,0,0,0,0,0,0,0,18.1568050384521,0,0,0,0,0,0,0,10.0944234132767,6.2288670171079,4.70037269417528,17.2995103200277,5.30735766644381,0,5.04321414610919,4.25628969404432,4.63432691778455,0,0,0
0,0,0,13.8036073990239,0,11.499427318573,0,3.83007180690765,0,0,0,3.57943764859182,0,0,0,0,0,0,38.1686172485352,4.23072306231726,0,0,0,0,0,0,0,0,0,0,0,3.05862391113839,0,3.85603650952647,0,0,3.25067686629363,4.5839916951145,2.97087904810905,27.6651210784912,0,38.4555988311768,0,0,0,14.3967064289564,0,18.9198360443115,28.4182777404785,21.924294312795,0,0,0,4.00907942652702,0,0,0,6.7277692258358,0,0,0,0,6.3553099525086,0,0,0,0,0,0,0,0,0,0,0,3.68077793575469,0,4.90466920770705,0,5.47469696193806,3.84975035848289,7.14666026853956,0,4.83302948898095,3.66072461159542,13.6392471736373,0,0
0,0,22.5884046554565,0,33.1387138366699,0,3.81444868871144,0,0,0,3.55325068473816,0,0,0,0,0,0,0,0,0,4.93305125855101,0,0,0,0,0,0,0,0,0,0,2.87955741559045,2.85574457380507,0,4.3183025858883,3.25067686629363,0,3.65140755971273,5.38964050595123,0,0,0,41.4738924238417,0,0,0,30.9504075552288,3.37302362918854,0,12.4677314758301,30.7013804117839,0,0,0,0,0,26.4809670831336,0,0,0,0,0,0,11.507892394882,0,0,0,0,0,0,0,0,0,0,0,3.9215141955544,0,4.10834976470116,3.33182336833026,4.36709095290455,0,8.49244717276801,4.82194037694105,3.74405200527646,23.2707494778362,0,0
0,17.3573227150496,0,23.8897292063786,0,36.4790725708008,0,0,0,11.1996370496793,0,3.73319623552784,0,0,0,0,0,0,38.5535494486491,4.24868844594328,0,5.22292995417629,0,4.81148035231892,0,0,0,2.86355985294689,0,3.30751320217433,0,0,0,5.87267850665596,0,4.5839916951145,3.65140755971273,0,3.03960460550171,0,0,3.19221462986686,0,0,0,0,68.5447311401367,4.77048508644104,0,5.92143178534234,0,0,0,0,0,10.3218459752705,0,5.43461122016561,0,0,0,0,6.4244910811269,0,6.45594630034074,0,9.89210030197743,0,0,0,4.41888885433171,0,3.63844107369245,0,0,0,5.67666788002199,3.21521329879761,7.43827036645999,22.5783791542053,5.7393697243269,3.06651805761533,4.92139983084295,7.82111601898636,6.27570408523281,0,0
0,0,0,0,0,0,0,0,6.83333319286967,0,3.86073935589595,0,0,0,0,0,0,0,0,0,4.30568334743725,2.82306734720866,3.73904980568218,0,5.0724515934621,0,0,0,3.21027015944322,0,3.53122842058991,0,0,2.805983543396,5.06165927153367,2.97087904810905,5.38964050595123,3.03960460550171,0,0,0,0,0,0,0,0,24.4174599647522,8.62539479221616,7.89720501494772,0,0,0,0,0,13.0979519707816,0,3.86285436985105,0,0,0,0,0,0,17.2735975778022,0,4.40018175906889,0,10.589389587203,0,0,0,3.05939795091314,0,3.2924487718189,0,0,0,3.58470462607505,0,6.93628203906551,4.2295446395874,6.2311719289332,3.74978000109958,3.17381286621094,7.16267930136787,0,0
0,27.7177778879801,0,34.0440023506389,0,44.6821428934733,0,0,0,0,0,0,0,0,0,0,66.7500052018599,71.6066125233968,38.6265242038629,0,0,0,0,0,0,0,0,0,0,0,0,0,0,0,0,27.6651210784912,0,0,0,0,77.0539035797119,13.1218300727049,51.1681470416841,26.1066679587731,60.9034601847331,9.90526560011918,69.4897546768188,0,0,13.9747176921886,0,0,0,0,0,0,62.7784948348999,39.1607507069906,0,0,0,0,9.18379595535292,75.9634759691026,0,0,0,0,0,0,0,0,0,0,0,0,0,0,13.9282254804137,79.6239113277859,0,0,31.6049339532852,34.3166139125824,10.6146028981832,18.585494858878,52.0348825454712
24.8978617986043,0,32.9629109700521,57.0711085001628,41.2284965515137,0,0,0,39.1292057037354,0,0,0,0,0,0,0,58.335431495599,65.2968105740017,40.1548048766343,0,0,0,0,0,0,0,0,0,0,0,0,0,0,0,0,0,0,0,0,77.0539035797119,0,54.7292694678673,16.6087582701793,51.0125579833984,25.8321978343282,65.8601158405172,12.6713147284576,0,9.95656709074974,75.3896255493164,43.2871887207031,0,0,0,0,0,40.5993964983069,72.8599853515625,0,0,0,0,73.8395792643229,25.6268845065204,0,0,0,0,0,0,0,0,0,0,0,0,0,0,82.2366676330566,15.5836528526662,0,45.999685075548,42.7914931292091,0,13.1079262965106,0,18.305341685944
0,12.6136544047267,0,24.1735684718305,86.0785446166992,36.0957382375544,0,0,0,15.9072596952319,0,0,0,0,0,0,52.3558571225121,48.8484010696411,16.9665105421681,0,0,0,0,0,0,0,0,0,0,0,0,0,0,0,0,38.4555988311768,0,3.19221462986686,0,13.1218300727049,54.7292694678673,0,8.64589443341741,11.1326634593126,30.4233322143555,16.2799147647293,56.9881901741028,8.42483801097539,17.6682019233704,14.6291118416251,0,0,0,0,0,12.641819190979,64.8865381876628,22.164811912848,0,0,0,0,30.5146300976093,70.7929979051862,0,0,0,0,0,0,0,0,0,0,0,0,0,0,17.7340554628977,62.9083983592498,0,64.8127498626709,14.7469202865116,31.6409243415384,12.316414004088,9.12312279144084,34.1213743421767
9.07702632781563,0,23.9519569719991,49.1520264434814,36.992399034046,0,0,0,32.0443592071533,0,0,0,0,0,0,0,42.0307206904635,52.0809963771275,20.4135918536464,0,41.239688873291,0,0,0,0,0,0,0,0,0,0,0,0,0,0,0,41.4738924238417,0,0,51.1681470416841,16.6087582701793,8.64589443341741,0,30.3202796936035,8.35235737087452,46.5602620124817,11.8732116325905,12.2096134048324,11.5182864412573,16.4145530973162,35.9073137850375,0,0,0,31.4802319662912,0,21.4014125050639,57.055061340332,29.3444719034083,0,31.0369750073082,0,0,25.6148182951289,0,0,0,0,0,0,0,0,0,0,0,0,0,0,59.9143282572428,21.397755843867,0,39.3111335754395,14.6702915453864,30.3411960601807,11.2127028038257,0,7.93315662004515
0,9.68917274475098,0,35.505590057373,0,0,0,0,0,0,0,0,0,0,0,0,42.8273024925819,42.138479868571,17.2694640540088,0,0,0,0,0,0,0,0,0,0,0,0,0,0,0,0,0,0,0,0,26.1066679587731,51.0125579833984,11.1326634593126,30.3202796936035,0,27.2447696685791,16.7843361397584,42.7792399724325,0,0,37.9135246276855,0,0,0,0,0,0,47.4099712371826,20.7795826594035,0,0,0,0,48.8275299072266,61.0026062011719,0,0,0,0,0,0,0,0,0,0,0,0,0,0,27.3962549583332,53.2617114140437,0,49.2646865844727,21.0492713582797,22.2653579711914,18.2598357590639,8.52926397323608,33.0436237041767
0,0,14.5975166956584,55.3928680419922,0,0,0,0,0,0,0,0,0,0,0,0,36.9450227250444,42.618414984809,18.5585298472262,0,0,0,0,0,0,0,0,0,0,0,0,0,0,0,0,0,0,0,0,60.9034601847331,25.8321978343282,30.4233322143555,8.35235737087452,27.2447696685791,0,49.7270151774089,12.4560141046842,0,17.8966197967529,0,0,0,0,0,0,0,28.7338551415337,0,0,0,0,0,65.3370971679688,31.8079183366564,0,0,0,0,0,0,0,0,0,0,0,0,0,0,56.1134586334229,28.3830351423077,0,33.2860505845812,15.7345983765342,0,14.0877126853705,0,17.1744451211846
0,24.3410806655884,0,14.7642863707109,0,18.8911730448405,0,0,0,40.1362457275391,0,0,0,0,0,0,56.2844836223556,55.7507832175807,33.4124872304,8.76140359469822,0,0,0,0,0,0,0,0,0,0,0,0,0,0,0,14.3967064289564,0,0,0,9.90526560011918,65.8601158405172,16.2799147647293,46.5602620124817,16.7843361397584,49.7270151774089,0,58.9227594724843,0,0,32.4886176726397,0,0,0,0,71.4806900024414,0,63.4285600835627,16.1602282067563,0,0,0,0,12.0490624680268,72.3522860663278,0,0,0,0,0,0,0,0,0,0,0,0,0,0,16.1307839881669,71.5619381495884,0,62.238026936849,31.3053417219712,34.9861266726539,14.9505039624999,13.6266112327576,46.0386784076691
17.1014137268066,0,34.094543838501,55.8674579967152,44.945140838623,0,0,0,0,0,0,0,0,0,0,0,50.7968595392564,57.5458494822184,33.3696354228088,0,9.45678234100342,0,0,0,0,0,0,0,0,0,0,0,0,0,0,0,30.9504075552288,68.5447311401367,24.4174599647522,69.4897546768188,12.6713147284576,56.9881901741028,11.8732116325905,42.7792399724325,12.4560141046842,58.9227594724843,0,0,45.0825676321983,76.9443435668945,33.0786724090576,0,0,0,0,0,30.6747832510206,69.3478469848633,0,0,0,0,74.7921562194824,13.7832605303835,0,0,0,0,0,0,0,0,0,0,0,0,0,0,71.2466879757968,14.7832865557475,0,10.8901611457124,37.1425693518196,55.0604228973389,20.1937923627357,0,31.2791979096153
0,0,0,51.4361038208008,0,0,0,0,17.3803901672363,0,0,0,0,0,0,0,0,0,0,0,0,0,0,0,12.8409886360168,0,0,0,0,0,0,4.97563660374394,6.32115753994712,5.72898195741173,4.52815127929052,18.9198360443115,3.37302362918854,4.77048508644104,8.62539479221616,0,0,8.42483801097539,12.2096134048324,0,0,0,0,0,6.4635896520913,6.00174230147802,0,0,0,0,18.0695408907804,0,0,0,0,0,0,0,44.702091217041,0,0,0,0,14.0033525675535,0,0,0,0,0,0,5.09971875192035,4.25472940326902,8.22026217895688,3.65395324086321,10.3086081509638,4.94261653830365,4.72103012830783,7.13991632217654,6.92292981490798,4.03942791739506,11.2982267980653,0,0
3.97266827914732,0,18.5008836159339,33.981273651123,43.6860730097844,0,0,0,7.66764003580267,0,0,0,0,0,0,0,0,0,43.4415884017944,0,34.1700232470477,0,6.86569178104401,0,6.135523493697,0,0,0,0,0,0,10.9191727638245,0,10.4077436783734,0,28.4182777404785,0,0,7.89720501494772,0,9.95656709074974,17.6682019233704,11.5182864412573,0,17.8966197967529,0,45.0825676321983,6.4635896520913,0,9.10034876086495,44.272123336792,0,0,0,9.67143269266401,0,39.9766909429826,0,16.035130049053,0,10.4530293534672,0,0,47.8882399967739,0,11.1664953231812,0,7.50361254015042,0,6.86571927737164,0,4.36241432336661,0,0,13.2593851089478,0,12.4060413837433,3.16782522201538,26.9912185668945,30.5659883500512,0,8.54291394270586,9.08560230606023,0,12.1800736756869,0,40.1275964975357
0,6.62407597851109,0,18.2547650517536,62.5359268188477,39.4570579528809,0,0,0,18.8966513701848,0,0,0,0,0,0,69.3477172851562,59.6292152404785,34.0879151480539,0,0,9.85480550924937,0,7.2634969892956,0,0,0,0,0,0,0,0,0,0,0,21.924294312795,12.4677314758301,5.92143178534234,0,13.9747176921886,75.3896255493164,14.6291118416251,16.4145530973162,37.9135246276855,0,32.4886176726397,76.9443435668945,6.00174230147802,9.10034876086495,0,0,0,0,0,0,0,49.8086540222168,35.7217968532017,40.4425239562988,0,0,0,37.5150020811293,57.7697048187256,8.22257189239774,0,5.7443597065775,0,0,0,0,0,0,0,0,0,0,0,11.9690308888753,75.997548421224,4.770556088524,0,9.29945455170417,26.9816589355469,11.7496768533804,0,0
0,0,8.71099267571659,56.0945243835449,7.75840676032891,0,7.10072381155832,0,0,0,0,0,0,0,0,0,0,80.2756958007812,43.8427886962891,0,6.64389937245444,0,0,0,0,0,0,0,0,0,0,0,0,0,0,0,30.7013804117839,0,0,0,43.2871887207031,0,35.9073137850375,0,0,0,33.0786724090576,0,44.272123336792,0,0,0,3.88576275168113,0,0,0,8.94469490494595,0,4.64171021572058,0,5.20073450695385,0,0,23.3938551743825,0,0,0,0,0,0,0,0,0,0,0,0,0,0,0,53.9887135823568,0,37.4028091430664,16.6750670625613,0,16.3009716922906,0,38.0079426765442
0,0,0,6.84753879681558,0,4.20363261631557,0,0,0,8.84984850883484,0,3.35721325874329,0,0,0,3.3174385952227,0,0,0,4.26124790998606,0,0,0,0,0,0,0,0,0,0,0,0,0,0,0,0,0,0,0,0,0,0,0,0,0,0,0,0,0,0,0,0,0,2.89370039105415,0,6.30802094551825,0,4.67738900465124,0,4.70444024097153,0,4.40041059891223,6.70278469721476,0,0,0,0,0,0,0,0,0,0,0,0,0,0,0,0,0,0,0,5.02760869681117,6.12313144654036,0,0,0
0,0,0,0,3.79131988116673,0,4.89920653315151,0,0,0,0,0,0,0,0,0,0,0,0,0,6.95350468569788,0,0,0,0,0,0,0,0,0,0,0,0,0,0,0,0,0,0,0,0,0,0,0,0,0,0,0,0,0,3.88576275168113,0,0,0,0,0,5.45219147671534,0,7.49911298751831,0,0,0,0,22.5486184358597,0,0,0,0,0,0,0,0,0,0,0,0,0,0,0,0,0,0,6.56177503964672,7.30141678723422,6.22853483472552,0,0
0,0,0,0,0,0,0,3.10994673006743,0,0,0,4.59158683568239,0,0,0,0,0,0,0,7.48103090432974,0,0,0,0,0,0,0,0,0,0,0,0,0,0,0,4.00907942652702,0,0,0,0,0,0,0,0,0,0,0,0,0,0,0,2.89370039105415,0,0,0,0,0,4.6997437267369,0,4.60158064251854,0,0,8.5886965401565,0,0,0,0,0,0,0,0,0,0,0,0,0,0,0,0,0,0,0,3.23778498873991,4.28851127624512,0,0,0
4.9612694978714,0,6.80638390549263,52.6631889343262,16.9226451873779,0,0,0,7.77661139748629,0,0,0,0,0,8.90200770251891,0,13.4582300186157,0,41.1609706878662,0,0,0,0,0,4.58976563480165,0,9.24899855852127,0,0,0,0,0,0,0,0,0,0,0,13.0979519707816,0,0,0,31.4802319662912,0,0,71.4806900024414,0,18.0695408907804,9.67143269266401,0,0,0,0,0,0,0,29.4179374149867,0,0,0,4.15591301347898,0,0,32.5470247268677,0,0,0,4.84838003228321,0,4.05502913548396,0,0,0,0,0,0,0,0,0,0,0,7.27659880774362,11.3960583984852,0,7.00107655498419,0,0
0,5.66440927885149,0,4.58509806611321,0,7.00603531323946,0,0,0,5.75858349186533,0,0,0,0,0,3.92261534723742,0,5.17219924926758,0,0,0,0,0,5.24669727345103,0,4.29963779449463,0,0,0,0,0,0,0,0,0,0,0,10.3218459752705,0,0,0,12.641819190979,0,0,0,0,0,0,0,0,0,6.30802094551825,0,0,0,0,0,0,0,0,0,2.7421156167984,0,0,0,0,5.93283803122384,0,0,0,0,0,0,0,0,0,0,0,0,0,10.0513471836268,0,10.2915383720398,0,12.7776309745065,0,0
23.4726529121399,0,22.4548487792144,58.9886045744925,22.6696603775024,70.595947265625,4.02542302463994,0,18.8856342633565,0,5.83082300685567,0,2.96077479015697,0,8.45632171630859,0,57.992575781686,66.5067176818848,38.6741078186035,0,5.4423510653632,0,0,0,0,0,0,0,0,0,3.84845822507685,0,0,0,0,0,26.4809670831336,0,3.86285436985105,62.7784948348999,40.5993964983069,64.8865381876628,21.4014125050639,47.4099712371826,28.7338551415337,63.4285600835627,30.6747832510206,0,39.9766909429826,49.8086540222168,8.94469490494595,0,5.45219147671534,0,29.4179374149867,0,0,0,5.46428223805768,0,9.1494735229847,0,71.8295471191406,12.3482854296202,0,0,0,0,0,5.1258336330982,0,4.32167538729581,0,6.22403508966619,0,0,0,0,67.1922317504883,38.0952650646554,0,21.578653717041,15.6427816658309,58.3195610046387,17.3656013714931,0,20.0126302507189
0,19.2030906677246,0,21.9376683916364,0,33.9978504180908,0,3.69945986182601,0,0,0,5.23586938690869,0,3.9289245223271,0,0,130.582611083984,63.4572334289551,25.0781111717224,4.93785715453765,0,0,0,0,0,0,0,4.55343671028431,0,3.32797008752823,0,0,0,0,0,6.7277692258358,0,5.43461122016561,0,39.1607507069906,72.8599853515625,22.164811912848,57.055061340332,20.7795826594035,0,16.1602282067563,69.3478469848633,0,0,35.7217968532017,0,4.67738900465124,0,4.6997437267369,0,0,0,0,0,3.40584213462743,0,0,4.23444362308668,77.8155746459961,0,0,0,0,0,0,4.64704333411323,0,8.53794190372385,0,0,0,0,0,26.8336270763761,80.9637781778971,14.1430770646101,0,8.35193268876327,36.8692067464193,16.5248873377107,16.3916153377957,0
18.4601526260376,0,4.58141484043815,0,4.18259773254394,0,0,0,0,0,3.0871572127709,0,3.66936428730304,0,3.59772323792981,0,0,0,0,0,0,0,0,0,0,0,0,0,0,0,0,0,0,0,0,0,0,0,0,0,0,0,29.3444719034083,0,0,0,0,0,16.035130049053,40.4425239562988,4.64171021572058,0,7.49911298751831,0,0,0,5.46428223805768,0,0,0,4.75663616543724,0,0,56.5718040466309,0,0,0,0,0,4.35319528299219,0,5.26293791117875,0,0,0,0,0,0,0,34.5361671447754,0,0,4.60449736316999,0,12.0761218027896,0,21.6336460113525
0,0,0,0,0,5.26506061088748,0,4.58434985697955,0,0,0,3.33129382999711,0,3.53376646426098,0,0,0,0,0,0,0,0,0,0,0,0,0,3.90109822878966,0,0,0,0,0,0,0,0,0,0,0,0,0,0,0,0,0,0,0,0,0,0,0,4.70444024097153,0,4.60158064251854,0,0,0,3.40584213462743,0,0,0,0,0,0,0,0,0,0,0,0,3.19387768208981,0,0,0,0,0,0,0,0,0,0,0,3.08017865293904,3.13136607408524,0,0,0
16.4097252136622,0,6.85831427574158,0,3.4059771001339,0,0,0,4.43601459165082,0,0,0,3.73203840255737,0,3.67379732460811,0,14.0098663217881,0,0,0,0,0,0,0,10.041979153951,0,13.4936847686768,0,0,0,0,0,0,0,0,0,0,0,0,0,0,0,31.0369750073082,0,0,0,0,0,10.4530293534672,0,5.20073450695385,0,0,0,4.15591301347898,0,9.1494735229847,0,4.75663616543724,0,0,0,0,0,0,0,0,8.07836104841793,0,8.07820316607087,0,4.3074728012085,0,0,0,0,0,0,0,0,0,0,4.27356082251092,0,15.2134174741407,0,0
0,0,0,0,0,5.9389053662618,0,0,0,3.06363060841194,0,0,0,0,0,2.92433895383562,0,0,0,0,0,0,0,0,0,0,0,0,0,0,0,0,0,0,0,0,0,0,0,0,0,0,0,0,0,0,0,0,0,0,0,4.40041059891223,0,0,0,2.7421156167984,0,0,0,0,0,0,0,0,0,0,0,0,0,0,0,0,0,0,0,0,0,0,0,0,0,0,3.13397457148578,3.33514785766602,0,0,0
0,35.0918807983398,0,23.1568474769592,0,6.61956739425659,0,12.2553596496582,0,0,0,6.15744495251599,0,0,0,0,66.6713638305664,0,46.268667441148,4.72748404108557,0,0,0,0,0,0,0,0,0,0,0,0,0,0,0,6.3553099525086,0,6.4244910811269,0,9.18379595535292,73.8395792643229,30.5146300976093,0,48.8275299072266,65.3370971679688,12.0490624680268,74.7921562194824,44.702091217041,0,37.5150020811293,0,6.70278469721476,0,8.5886965401565,0,0,71.8295471191406,4.23444362308668,0,0,0,0,0,77.3019002278646,0,0,0,0,0,0,0,0,0,0,0,0,0,0,10.9368485598019,80.2942978995187,10.4399356842041,85.4684524536133,8.8895408003986,38.3140487670898,16.2722674026193,0,0
27.3917663574219,0,26.9927700042725,62.3186074829102,27.3522123495738,0,0,0,32.6703567504883,0,5.68583923849193,0,0,0,0,0,59.7331798408605,69.3540204366048,46.1354161574155,0,9.52677126708313,0,0,0,0,0,0,0,0,0,0,0,0,0,0,0,11.507892394882,0,17.2735975778022,75.9634759691026,25.6268845065204,70.7929979051862,25.6148182951289,61.0026062011719,31.8079183366564,72.3522860663278,13.7832605303835,0,47.8882399967739,57.7697048187256,23.3938551743825,0,22.5486184358597,0,32.5470247268677,0,12.3482854296202,77.8155746459961,56.5718040466309,0,0,0,77.3019002278646,0,0,0,0,0,0,0,0,0,0,0,0,0,0,0,85.5677018599077,18.8250549035892,0,14.0049162050379,20.7225681190384,40.7525787353516,23.5840767428261,0,28.0067764009748
0,0,0,0,0,0,0,0,0,0,0,0,0,0,0,0,0,0,0,0,0,3.99589382468208,4.9516007900238,7.49955132374397,0,3.17012866338094,0,2.97596421140306,0,0,0,0,0,0,0,0,0,6.45594630034074,0,0,0,0,0,0,0,0,0,0,0,8.22257189239774,0,0,0,0,0,0,0,0,0,0,0,0,0,0,0,0,5.52459729176836,0,3.17122554779053,0,4.34259676424045,0,0,0,0,0,0,0,0,0,7.51161334269287,0,3.81059399276104,0,16.213560295105,0,0
0,0,0,0,0,0,0,0,0,0,0,0,0,0,0,0,0,0,0,0,0,3.46681813895702,3.87540815821561,0,4.01399216651916,0,3.62762576777761,0,2.96145796775818,0,0,0,0,0,0,0,0,0,4.40018175906889,0,0,0,0,0,0,0,0,0,11.1664953231812,0,0,0,0,0,0,0,0,0,0,0,0,0,0,0,0,0,0,4.51834742552569,0,6.19378301832411,0,8.83147572963796,0,0,0,0,0,0,0,0,0,5.23435314496358,4.21675783980126,0,0,0,0
0,0,0,0,0,0,0,0,0,10.1533960444587,0,0,0,0,0,0,0,0,0,0,0,10.2246728192928,0,4.34244844163286,0,3.05150520801544,0,0,0,0,0,0,0,0,0,0,0,9.89210030197743,0,0,0,0,0,0,0,0,0,0,0,5.7443597065775,0,0,0,0,0,5.93283803122384,0,0,0,0,0,0,0,0,5.52459729176836,0,0,0,3.18735299791609,0,0,0,0,0,0,0,0,0,0,0,8.6608450315357,0,5.55952089973118,0,8.78996124947496,0,0
0,0,0,0,0,0,0,0,4.46511013146603,0,0,0,0,0,0,0,0,0,0,0,0,0,3.17972714022586,0,4.53923173524715,0,0,0,0,0,0,0,0,0,18.1568050384521,0,0,0,10.589389587203,0,0,0,0,0,0,0,0,14.0033525675535,7.50361254015042,0,0,0,0,0,4.84838003228321,0,0,0,0,0,8.07836104841793,0,0,0,0,4.51834742552569,0,0,0,3.49990419326005,0,0,0,0,0,0,0,0,0,0,0,6.67776224410233,6.80110977447196,0,11.438408099688,0,0
0,0,0,0,0,0,0,0,0,3.58445072174072,0,0,0,0,0,0,0,0,0,0,0,3.59459900856018,0,3.37710525411548,0,3.3496872054206,0,0,0,0,0,0,0,0,0,0,0,0,0,0,0,0,0,0,0,0,0,0,0,0,0,0,0,0,0,0,0,0,0,0,0,0,0,0,3.17122554779053,0,3.18735299791609,0,0,0,3.57368064764233,0,0,0,0,0,0,0,0,0,0,0,0,0,0,0,0
0,0,0,0,0,0,0,0,10.7610173225403,0,0,0,0,0,4.50878588358561,0,0,0,0,0,0,0,4.14600306510925,0,3.35310541202382,0,4.55526385099992,0,3.35505428910255,0,0,0,0,0,0,0,0,0,0,0,0,0,0,0,0,0,0,0,6.86571927737164,0,0,0,0,0,4.05502913548396,0,5.1258336330982,0,4.35319528299219,0,8.07820316607087,0,0,0,0,6.19378301832411,0,3.49990419326005,0,0,0,6.12573534239077,0,0,0,0,0,0,0,0,0,0,5.0092959245046,0,0,0,0
0,0,0,0,0,0,0,0,0,0,0,3.38153231882416,0,0,0,0,0,0,0,0,0,4.04403599986324,0,0,0,0,0,3.49817602662765,0,4.18197570528303,0,0,0,0,0,0,0,4.41888885433171,0,0,0,0,0,0,0,0,0,0,0,0,0,0,0,0,0,0,0,4.64704333411323,0,3.19387768208981,0,0,0,0,4.34259676424045,0,0,0,3.57368064764233,0,0,0,0,0,0,0,0,0,0,0,4.18625749860491,0,4.41439053438006,0,0,0,0
0,0,0,0,0,0,0,0,0,0,3.10766269763311,0,3.17027683258057,0,0,0,0,0,0,0,0,0,3.3720977306366,0,0,0,0,0,3.4369131255673,0,3.19424564100355,0,0,0,0,0,0,0,3.05939795091314,0,0,0,0,0,0,0,0,0,4.36241432336661,0,0,0,0,0,0,0,4.32167538729581,0,5.26293791117875,0,4.3074728012085,0,0,0,0,8.83147572963796,0,0,0,6.12573534239077,0,0,0,4.22326421737671,0,0,0,0,0,0,0,0,2.8920197140786,0,0,0,0
0,0,0,0,0,0,0,0,0,0,0,0,0,0,0,0,0,0,0,0,0,0,0,0,0,0,0,4.5904599644921,0,3.6238423104612,0,0,0,0,0,0,0,3.63844107369245,0,0,0,0,0,0,0,0,0,0,0,0,0,0,0,0,0,0,0,8.53794190372385,0,0,0,0,0,0,0,0,0,0,0,0,0,0,0,0,0,0,0,0,0,0,5.74813466734356,0,0,0,0,0,0
0,0,0,0,0,0,0,0,0,0,7.61116223586233,0,0,0,0,0,0,0,0,0,0,0,0,0,0,0,0,0,3.57753916846381,0,4.25389158795452,0,0,0,0,0,0,0,3.2924487718189,0,0,0,0,0,0,0,0,0,0,0,0,0,0,0,0,0,6.22403508966619,0,0,0,0,0,0,0,0,0,0,0,0,0,0,4.22326421737671,0,0,0,0,0,0,0,0,0,3.62287613749504,3.41810216903687,0,0,0,0
0,0,0,0,0,0,0,0,0,0,0,0,0,0,0,0,0,0,0,0,0,0,0,0,0,0,0,0,0,0,0,4.89659390981553,6.97183870352232,5.89215145360178,0,3.68077793575469,0,0,0,0,0,0,0,0,0,0,0,5.09971875192035,13.2593851089478,0,0,0,0,0,0,0,0,0,0,0,0,0,0,0,0,0,0,0,0,0,0,0,0,0,0,10.6977920532227,7.83635261534892,0,4.54886382374358,0,0,0,4.89403124378152,0,0,0,0
0,0,0,0,0,0,0,0,0,0,0,0,0,0,0,0,0,0,0,0,0,0,0,0,0,0,0,0,0,0,0,5.52256844016943,3.74274847129333,2.73358249664307,10.0944234132767,0,3.9215141955544,0,0,0,0,0,0,0,0,0,0,4.25472940326902,0,0,0,0,0,0,0,0,0,0,0,0,0,0,0,0,0,0,0,0,0,0,0,0,0,0,10.6977920532227,0,0,11.14495607887,0,5.01460514197993,0,0,2.81395402821628,0,0,0,0
0,0,0,0,0,0,0,0,0,0,0,0,0,0,0,0,0,0,0,0,0,0,0,0,0,0,0,0,0,0,0,5.26090528567632,0,4.8254189489683,6.2288670171079,4.90466920770705,0,5.67666788002199,0,0,0,0,0,0,0,0,0,8.22026217895688,12.4060413837433,0,0,0,0,0,0,0,0,0,0,0,0,0,0,0,0,0,0,0,0,0,0,0,0,0,7.83635261534892,0,0,6.78754978439435,6.52207800209575,0,3.27967610107018,0,5.24367561638355,0,0,0,0
0,0,0,0,0,0,0,0,0,0,0,0,0,0,0,0,0,0,0,0,0,0,0,0,0,0,0,0,0,0,0,0,0,4.41948132010761,4.70037269417528,0,4.10834976470116,3.21521329879761,3.58470462607505,0,0,0,0,0,0,0,0,3.65395324086321,3.16782522201538,0,0,0,0,0,0,0,0,0,0,0,0,0,0,0,0,0,0,0,0,0,0,0,0,0,0,11.14495607887,6.78754978439435,0,0,5.50856419670282,0,3.2882636155917,3.47317703825528,4.64190379619598,0,0,0
55.242769241333,29.9000397273472,59.6168231964111,24.2751897493998,0,10.2955965995789,0,0,84.4117279052734,42.7470397949219,0,4.1485701694208,0,0,0,0,72.1901781717936,79.2808173043387,39.1030083957048,5.30820017244135,73.5608978271484,0,0,0,0,0,0,0,0,0,0,3.41086424550703,0,5.08668958620321,17.2995103200277,5.47469696193806,3.33182336833026,7.43827036645999,0,13.9282254804137,82.2366676330566,17.7340554628977,59.9143282572428,27.3962549583332,56.1134586334229,16.1307839881669,71.2466879757968,10.3086081509638,26.9912185668945,11.9690308888753,0,0,0,0,0,0,67.1922317504883,26.8336270763761,0,0,0,0,10.9368485598019,85.5677018599077,0,0,0,0,0,0,0,0,0,0,4.54886382374358,0,6.52207800209575,0,0,54.6281835444986,6.90973609625077,83.9654006958008,14.5489571382642,6.92262944887424,21.6387180675148,20.9761686809992,55.0416770935059
28.4355230498732,0,45.022740205129,69.1072545893052,72.1587982177734,77.5520477294922,4.25139582157135,0,36.0719149569248,0,5.13075651441302,0,0,0,0,0,60.3646057304519,71.6665812099681,45.4558667611776,0,6.21065505253252,0,0,0,0,0,0,0,0,0,0,3.0234118987774,8.23536654108578,0,5.30735766644381,3.84975035848289,4.36709095290455,22.5783791542053,6.93628203906551,79.6239113277859,15.5836528526662,62.9083983592498,21.397755843867,53.2617114140437,28.3830351423077,71.5619381495884,14.7832865557475,4.94261653830365,30.5659883500512,75.997548421224,53.9887135823568,0,0,0,0,0,38.0952650646554,80.9637781778971,34.5361671447754,0,0,0,80.2942978995187,18.8250549035892,0,0,0,0,0,0,0,0,0,0,0,5.01460514197993,0,5.50856419670282,54.6281835444986,0,0,7.48373001507495,26.4058458622597,4.82060199072867,21.6577274312439,0,25.4222581187092
0,20.7416925430298,0,0,0,0,0,0,0,10.7152859625463,0,0,0,0,0,0,0,0,0,0,0,11.2091674462078,0,8.86788822588964,0,0,0,3.87767233671965,0,7.12812220861041,0,0,0,4.07384446525207,0,7.14666026853956,0,5.7393697243269,4.2295446395874,0,0,0,0,0,0,0,0,4.72103012830783,0,4.770556088524,0,0,0,0,0,10.0513471836268,0,14.1430770646101,0,0,0,0,10.4399356842041,0,7.51161334269287,0,8.6608450315357,0,0,0,4.18625749860491,0,5.74813466734356,0,0,0,3.27967610107018,0,6.90973609625077,0,0,0,5.94430619992918,10.4152011871338,5.99157967518285,0,0
25.8208357493083,0,30.9093132019043,68.5733991350446,37.8906669616699,0,0,0,9.23213509056303,0,5.24334646154333,0,0,0,0,0,56.6381147384644,61.9994659423828,39.829693031311,0,7.58047352339092,0,4.69243543977896,0,6.94617844090878,0,0,0,2.90652149915695,0,0,0,0,20.9432926177979,5.04321414610919,0,8.49244717276801,3.06651805761533,6.2311719289332,0,45.999685075548,64.8127498626709,39.3111335754395,49.2646865844727,33.2860505845812,62.238026936849,10.8901611457124,7.13991632217654,8.54291394270586,0,37.4028091430664,0,0,0,7.27659880774362,0,21.578653717041,0,0,0,0,0,85.4684524536133,14.0049162050379,0,5.23435314496358,0,6.67776224410233,0,0,0,0,0,3.62287613749504,0,0,0,3.2882636155917,83.9654006958008,7.48373001507495,0,0,8.51988273059728,4.8325138092041,29.2372397038401,0,14.3514391183853
