0,0,0.0405969397061204,0,0,0,0,0,0.0101366766205761,0,0,0,0,0,0,0,0,0,6.16896751661974e-05,0,0,0,0,0,0,0,0,0,0,0,0,0,0,0,0,0,0,0,0,0,0,0,0.000491648839441448,0,0,0,0,0,0.00984232514488166,0,0,0,0,0,0.00911572006929185,0,0,0,0,0,0,0,0,0,0,0,0,0,0,0,0,0,0,0,0,0,0,0,0,0,0,0,0.00092881720835836,0,0.00469476017447642,0,0.00465251261896999
0,0,0,0.0677029682402356,0,0.000240469874231402,0,0,0,0.132926925666332,0,0,0,0,0,0,0,0,9.64442620158632e-05,0,0,0,0,0,0,0,0,0,0,0,0,0,0,0,0,0,0,0,0,0,0,0.002885423020054,0,0,0,0,1.52757218366553e-05,0,0,0.0268252373263163,0,0.000396030576529055,0,0,0,0.0280486017828675,0,0,0,0,0,0.00146999540608517,0,0,0,0,0,0,0,0,0,0,0,0,0,0,0,0,0,0,0,0,0.000702523323130535,0,0.00363643676384931,0.00610639819690357,0
0.0405969397061204,0,0,0,0.0158100089706826,0,0,0,0.0139374808525416,0,0,0,0,0,0,0,0,0,0,0,0.000176394862749173,0,0,0,0,0,0,0,0,0,0,0,0,0,0,0,0,0,0,0,0,0,0.00023460864053425,0,0.000872057078840204,0,0.0161842121280776,9.54152913784975e-05,0.00387742708569351,0,0.00109428179164138,0,0,0,0.00335304686510431,0,0,0,0,0,0,0,0,0,0,0,0,0,0,0,0,0,0,0,0,0,0,0,0,0,0,0,0.000279988952380864,0,0.0127220542760565,0,0.000411245502558943
0,0.0677029682402356,0,0,0,0.000462603599461698,0,0,0,0.00356023814827116,0,0,0,0,0,0,0,0,0,0,0,0,0,0,0,0,0,0,0,0,0,0,0,0,0,1.81774818381662e-06,0,0,0,0,0,0.00107264828124199,0,0,0,0.0165375012906769,0,2.86242169064345e-05,0,0.00420552188437092,0,0.0111794456839537,0,0,0,0.00630837371955003,0,8.27831410805897e-05,0,0.000886741624668291,0,0.00582964404223084,0,0,0,0,0,0,0,0,0,0,6.26817447921082e-05,0,0,0,0,0,0,0,5.1203147465956e-06,0,6.8018182508544e-05,0,0.0238660897603329,0.000170901602324819,0
0,0,0.0158100089706826,0,0,0,0.00196402271384119,0,0.00454257204241024,0,0,0,0,0,0,0,0,0,0,0,0.000455636509198373,0,0,0,0,0,0,0,0,0,0,0,0,0,0,0,0,0,0,0,0,0,0,0,0,0,0.000333654060879939,0.000175195618937805,0,0,0.0858322658822266,0,0.00278486159603208,0,0.000513702879376082,0,0,0,0.000272468206367123,0,0.0032829769684399,0,0,0,0,0,0,0,0,0,0,0,0,0,0,0,0,0,0,0,0,0,0.000126023751163414,0,0.00135687483594916,0,0
0,0.000240469874231402,0,0.000462603599461698,0,0,0,0.00184225729711108,0,0.0197527823724339,0,6.46530688687696e-05,0,0,0,0,0,0,0,0.0189474163393904,0,0,0,0,0,0,0,0,0,0,0,2.75759348434999e-05,0,2.18189657128919e-05,0,0.000476015304832288,0,9.0559259986243e-06,0,0.00139265943891243,0,0.000182906363679909,0,0,0,0.00917829256086944,0,0.000760805042065095,0,0.00149629344446138,0,0.0837323579532964,0,0.0065005404079702,0,0.00141660707887612,0,0.000523292811949705,0,0.0088208150673974,0,0.000742536393902038,0.0130882038837153,0,0,0,0,0,0,0,0,0,0.000514263231725303,0,0,0,3.52127314680777e-05,0,0.000135432993870216,0,3.28539068320281e-05,0,0.00257044305536124,0,0.00701258370776407,0,0
0,0,0,0,0.00196402271384119,0,0,0,0,0,0,0,0,0,0,0,0,0,0,0,0,0,0,0,0,0,0,0,0,0,0,0,0,0,0,0,0.000289095293507487,0,0,0,0,0,0,0,0,0,0,0,0,0,0.0360256950679822,0,0.0579802539119404,0,0,0,0.00393999193326884,0,0.0043189436890597,0,0,0,0,0,0,0,0,0,0,0,0,0,0,0,0,0,0,0,0,0,0,0,0.000203490632529844,6.50819511826924e-05,0,0,0
0,0,0,0,0,0.00184225729711108,0,0,0,0,0,0.00209931267594056,0,0.000659521691073533,0,0,0,0,0,0,0,0,0,0,0,0,0,0,0,0,0,0,0,0,0,0,0,0,0,0,0,0,0,0,0,0,0,0,0,0,0,0.0111923940728855,0,0.055345574939239,0,0,0,0.00204114196698064,0,0.00557713832751773,0,0,0,0,0,0,0,0,0,0,0,0,0,0,0,0,0,0,0,0,0,0,5.29869005245985e-05,0,0,0,0
0.0101366766205761,0,0.0139374808525416,0,0.00454257204241024,0,0,0,0,0.0019152173722154,0,0,0,0,0.0487932233399585,0,0.0127585959788454,0.00265361737685738,0.00604879369834006,0,0,6.27016867400335e-05,4.57049924384439e-05,0.0020922258784493,0.05797405075594,0.000257769504061727,0.0260159920697758,0,0,0,0,0,0,0,0,0,0,0.000146221009101681,1.75858817029956e-05,0.000136293530567872,1.61348806483378e-05,1.12442252348872e-05,0.000244792621364465,0,7.18979681336679e-05,0,0,0,0.00214177601036871,0,0,0,0,0,0.0492070283123142,0.00299459972353473,0,0,0,0,0.0247717028280652,0,0,0,1.12904343313884e-05,1.78233834522074e-05,0.000102760761148557,0.0441333117157278,9.81138592083652e-05,0.0212651229594387,0,0,0,0,0,0,0,0,1.99488809893163e-05,8.44144131590848e-05,0,0,0.00486809116624001,0.000114944840364144,0.000211534263545909,0,0
0,0.132926925666332,0,0.00356023814827116,0,0.0197527823724339,0,0,0.0019152173722154,0,0,0,0,0,0.000201507767234535,0.0154286407447223,0.00215167736012858,0.0119004301553522,0.00622959935604731,0,0,0.000271023908358083,0,0.0241121848762508,0.00199123198385031,0.00208101473169237,0.00133452770633018,2.80308833395051e-05,0,0,0,0,0,0,0,0,0,0.000328801765921702,0,7.97816705266179e-05,0.000388156387314811,0.000486900923789689,0,0,0.000210076107025751,0,8.31140059070886e-05,0,2.22339368933892e-05,0.00382474710385793,0,0.000599966348794351,0,0,0.000711982863473978,0.0516539821030853,0,0,0,0,0.000501511803481024,0.0109711946225486,0,0,9.10543061824866e-05,0,0.00251106535598066,0.00035192640070547,0.00100379498861157,0.000431092968992095,0,0,0,0,0,0,0,0,7.49261038590166e-06,3.25537797662871e-05,0,0,0.00324330338093894,1.4987629960638e-05,0.000334464157473618,0.000884028007922408,0
0,0,0,0,0,0,0,0,0,0,0,0,0,0,0,0,0,0,6.27599998616005e-05,0,0.0138674209455822,0,0,0,0,0,0,0,0,0,7.2616806939946e-05,0,0,0,0,0,0.000494982601836377,0,0.00387170543767892,0,1.13489745048469e-05,0,0.00199827719227105,0,0.000217671030406693,0,0.00204937801951076,1.30650075260363e-05,3.79826866365248e-05,0,0,0,0,0,0,0,0.0141284372743064,0,4.63381293229759e-05,0,0,0,0,0.000554236904870068,0,0,0,0,0,0,0,0,0,0.00151238602870023,0,0,0,0,0,9.2194748226592e-05,0,1.17480025030524e-05,0.000835780896255746,0,0.00105125263177563,0,0.00339647535492471
0,0,0,0,0,6.46530688687696e-05,0,0.00209931267594056,0,0,0,0,0,0.0189859501785407,0,0,0,6.34365283003251e-06,7.46115978030562e-05,0.0164500003362047,0,0,0,0,0,0,0,0.000525567916835041,0,0.00231020903010962,0,0,0,0,0,7.44185092457693e-05,0,0.00559028533177751,0,8.77331604387903e-05,9.344316711062e-05,0.000915736563366879,0,0.000489231278236375,0,0.00215338543847683,0,5.16426172851508e-05,0,0.000124868911347489,0,0.000470111411461318,0,0.00595205475403893,0,0,0,0.0650081943457965,0,0.00824716315543576,0,0,0.00960219418862896,0,0,0,0,0,0,0,0.0036694848922708,0,0.0104618628091365,0,0,0,0,0,0.000327104145357548,0,0.000427755954797544,0,0.00130364577285833,0,0.000888579887320422,0.00101273681126761,0
0,0,0,0,0,0,0,0,0,0,0,0,0,0,0.000270941190253372,0,2.75995851073005e-05,0,0,0,0,0,0,0,0,0,0,0,0.000219821063370873,0,0,0,0,0,0,0,0,0,0,0,0,0,0,0,0,0,0,0,0,0,0.00154995706376702,0,0,0,0,0,0,0,0.0122621124421857,0,0,0,0,0,0,0,0,0,0,0,0,9.5637671946962e-05,0,0,0,0,0,0,0,0,0,0,9.39739062755384e-06,0,0,0,0
0,0,0,0,0,0,0,0.000659521691073533,0,0,0,0.0189859501785407,0,0,0,0.0138232735179465,0,0.000316726282687665,0,0,0,0,0,0,0,0.000500971368176487,0,0.00336131812838703,0,0,0,0,0,0,0,0,0,0,0,0,0,0,0,0,0,0,0,0,0,0,0,0.00169839360316998,0,0.00287818557276308,0,0,0,0,0,0.115329041466853,0,0.00446649255556419,0,0,0,0,0,0,0.000346061768320931,0,0.00130992265034792,0,0,0,0,0,0,0,0,0,0,0,0.00352812912891526,2.94175746835476e-05,0,0,0
0,0,0,0,0,0,0,0,0.0487932233399585,0.000201507767234535,0,0,0.000270941190253372,0,0,0,0.00517749467954031,0.000749351797806542,0.000853897226447959,0,0,0,0.000295587523387244,0,0.0240455325368051,6.40582851149543e-05,0.068266835814647,0,0.000399785962748984,0,0,0,0,0,0,9.18457631737812e-06,0,1.84870568919673e-05,0,0,0,0,0,0,0,0,0,0,0,0,0,0,0,0,0.0220249295812681,0.00108926362687235,0,0,0.00128065506578101,0,0.126824120500965,0,0,0,0,1.50222664305607e-05,3.64419399667343e-05,0.00942939111278434,0,0.123241840472995,0,0.00549071950707768,0,0,0,0,0,0,1.05782638665145e-05,2.1682480012674e-06,0,0,0.00134939006710224,1.37383349738954e-05,0,0,0
0,0,0,0,0,0,0,0,0,0.0154286407447223,0,0,0,0.0138232735179465,0,0,0.000694302150047927,0.0144063782924802,0.000953354582790912,0,0,0.000736189627303438,0,0.00991380066421705,0.00033367896329993,0.021365830422031,8.15744079152823e-05,2.39215590545181e-05,0,0,0,0,0,0,0,0,0,0.000148652174039111,0,0,0,0,0,0,0,0,0,0,0,0.000583763317602796,0,0,0,0,0.000329360934031592,0.00931575487495157,0,0.000244581938120955,0,0.02159765740487,0.000309777114808948,0.0218622215874792,0,0,0.000233407297052667,0,0.00191507685371704,0.000124118253414754,0.0217938559148846,0,0.000228036961957491,0,0,0,0,0,0,0,3.50215919371977e-06,0,0,0,0.0008769716617479,2.37535124511385e-06,0,0,0
0,0,0,0,0,0,0,0,0.0127585959788454,0.00215167736012858,0,0,2.75995851073005e-05,0,0.00517749467954031,0.000694302150047927,0,0.0756149524879439,0.0691382405711534,3.62234502609213e-05,3.89212866471385e-05,0.000253384943513945,0.00201510344154106,0.00267709577424821,0.0110049511073317,0.000630482670622618,0.0221793705404304,0,0.00090573962629076,0,0,0,0,0,2.57022690546815e-06,3.77376395335536e-05,4.14382840415754e-05,0.000394996090430959,5.95813879554129e-05,7.05232677676826e-05,0.000472903153749789,0.000593780110064138,0.00161364575311867,0.000195645349333811,0.000280944531492919,0.000120337877738715,0.000392255099114019,0.00012802905192842,0.000631609193143254,0.000158114557582563,0,0,0,0,0.00159835685814446,0.00110332561434005,0,9.59581635457882e-06,0,0,0.00138308435305038,0.000205109569590614,3.09795100826557e-05,7.68229418734969e-05,6.95260969897419e-05,0.000264008001052689,9.22130777189286e-05,0.00279694752905367,0.000386147166128105,0.0110286103019014,4.21801023796716e-06,0,0,0,0,0,0,0,0.00057713483424925,0.00163583173484108,6.91284654031211e-06,0,0.029909034466472,0.00188988245806675,0.000679853361303334,8.24456041631351e-05,9.72563911026876e-06
0,0,0,0,0,0,0,0,0.00265361737685738,0.0119004301553522,0,6.34365283003251e-06,0,0.000316726282687665,0.000749351797806542,0.0144063782924802,0.0756149524879439,0,0.0774467148189085,1.86370394305912e-05,4.45766842825917e-05,0.00796525024866085,1.95969499565694e-06,0.0147824005008403,0.00344100038238664,0.0336114731775129,0.0010119729260864,0.000228340479330969,0,0,0,0,3.25924281134645e-05,0,0,8.08604199087386e-05,1.48717907362761e-05,0.000997395418361473,6.17314724987185e-06,9.87545940415403e-05,0.000178200834610049,0.000876068492639866,0.000296698473060502,6.83758127491338e-05,0.000103073863127899,0.000178915926657826,0.000108473193426083,1.97638994157167e-05,0.000362886340347201,0.000128548353116108,0,0,0,0,0.000396321563943026,0.00481677865670502,0,5.01514162840706e-06,0,1.38352412778484e-05,0.000277287941795766,0.00222147875237852,1.17389201640637e-05,2.47194297689951e-05,0.0022807599143546,4.16681803393015e-06,0.00208600425946518,0.000883180487718039,0.012960797487034,0.00102703464425214,0.00011021180268239,0,2.08786404771913e-05,0,0,0,0,0,0.000898936044951034,0.00042447022773598,4.34382230746455e-05,0,0.0304159194063896,0.000453212921444254,0.000555722591774046,8.44998619699934e-05,0
6.16896751661974e-05,9.64442620158632e-05,0,0,0,0,0,0,0.00604879369834006,0.00622959935604731,6.27599998616005e-05,7.46115978030562e-05,0,0,0.000853897226447959,0.000953354582790912,0.0691382405711534,0.0774467148189085,0,0.000216708477324855,0.000540279474735767,0.000221377621966662,1.17299258574734e-05,0.00398606615782969,0.00510382589552514,0.000800661414195981,0.00234190805419747,0,0,5.40415095786648e-05,0,0,0,0,5.22942045465063e-06,0.00148226679861009,0.000247315260722735,0.00051273058648506,0,0.00285261067033878,0.00493419779032079,0.0199245611066468,0.0149519380415745,0.00573629462125212,0.00498405425816805,0.00822604848892847,0.010776464012188,0.00178726372685118,0.0051460117555593,0.00279159394207398,0,0,0,0,0.0021680909247049,0.00212446344695645,0,0.000401365799359375,0,0,0.000746365532194892,0,0.000728959152041996,0.000893218444803493,7.01319455276168e-05,0,0.00061974381310119,0.00282137598457351,0.000257043074770507,0.00264331250557835,2.07281003722504e-06,0,9.33031731109868e-05,0,0,0.000235276513784711,0,1.13661520968559e-05,0.0114382943565466,0.0137208496455219,0.000725858515024193,4.23382844451112e-05,0.0206136546719555,5.58348221174814e-05,0.0151793575862976,0.00373304497632781,0.000393024712076656
0,0,0,0,0,0.0189474163393904,0,0,0,0,0,0.0164500003362047,0,0,0,0,3.62234502609213e-05,1.86370394305912e-05,0.000216708477324855,0,0,0,0,0,0,0,0,0.000141015221451601,0,0.000851595431885839,0,0,0,8.19987752422079e-06,0,0.0111715657211283,0,0.0028599579334943,0,0.00163615108322607,0,0.00303834798088032,0,0.000484147550234125,0,0.00882812254959383,0,0.00135514842260738,0,0.00144321811527039,0,0.00485254230936629,0,0,0,0,0,0.015888431130404,0,0,0,0,0.150070618181467,0,0,0,0,0,0,0,0.00243697981459931,0,0.0181259267359894,0,0,0,0.00016417520469684,0,0.0120069751133516,0,0.0041315571595212,0,0.00263593916137483,1.46801470596349e-05,0.00240017372888569,0.00136060050437098,0
0,0,0.000176394862749173,0,0.000455636509198373,0,0,0,0,0,0.0138674209455822,0,0,0,0,0,3.89212866471385e-05,4.45766842825917e-05,0.000540279474735767,0,0,0,0,0,0,0,0,0,0,0,0,0,0.000251910484727798,0,9.83428441123481e-06,2.06782624741133e-06,0.00723244640430468,0,0.00125184831846069,0,0.00083162285476579,0,0.0243229887040837,0,0.00610983335079175,0,0.0361895901604483,0.0012114882307884,0.00165540050166287,0.000194768342246793,0,0,0,0,0,0,0.00333995281996561,8.20860773456786e-06,0,0,0,0,0,0.057955420439926,0,0,0,0,0,0,0,0,0,0.000549002742851948,0,0.000339320914916846,0,4.01679679947102e-05,8.48902475485928e-06,0.00504674961815638,0,0.000469308847723729,0.00220937942486332,0.00014701589148136,0.0165375509089864,0,0.0307017880503857
0,0,0,0,0,0,0,0,6.27016867400335e-05,0.000271023908358083,0,0,0,0,0,0.000736189627303438,0.000253384943513945,0.00796525024866085,0.000221377621966662,0,0,0,0.000325108248564031,0.00304184003066425,6.15518506330603e-05,0.00473332190220557,0,0,0,0,0,0,0,0,0,1.01736402158548e-05,0,0.00273180734884175,0,0,0,0,0,0,0,0,0,0,0,0.00115774518409239,0,0,0,0,0,0.000232698414492023,0,0,0,0,0,0.000103296481780032,0,0,0.0422973642999636,0,0.000398546198296265,4.36043482319121e-05,0.00230213028950345,0,0.000553343802365335,0,1.00268448258397e-05,0,0,0,0,0,1.18978320821999e-05,0,0.00523396688359423,0,0.00332409652588046,1.26297106111768e-05,2.43646502316936e-06,0,0
0,0,0,0,0,0,0,0,4.57049924384439e-05,0,0,0,0,0,0.000295587523387244,0,0.00201510344154106,1.95969499565694e-06,1.17299258574734e-05,0,0,0.000325108248564031,0,0,0.000518172107941994,0,0.00184269763883037,0,0.00101066886722769,0,0,0,0,0,0,0,0,0,0.00111284842351298,0,0,0,0,0,0,0,0,0,0.0034911220889223,0,0,0,0,0,7.36173521972538e-06,0,0,0,0,0,0.000120655079617168,0,0,0,0,0.0419616132723237,0,5.04319292974583e-05,0,0.00197142015572072,0,0.00193285439743156,0,3.3236555426657e-05,0,0,0,0,0,0,0,0.00140725054678201,0.00283054033636794,0.00013572602313529,0,0,0
0,0,0,0,0,0,0,0,0.0020922258784493,0.0241121848762508,0,0,0,0,0,0.00991380066421705,0.00267709577424821,0.0147824005008403,0.00398606615782969,0,0,0.00304184003066425,0,0,0.0020407221612028,0.0167337696308377,0.000454517031891134,1.4831826751332e-05,0,0,0,0,0,0,0,0,0,0.000284203361043865,2.34683592257126e-06,0,0,0.000109983904945515,0.000107856901095624,0,0.000566796255786747,0,0,0,7.9207319845712e-05,0.00261667214205356,0,0,0,0,0,0.0239976090744188,0,0,0,0,0.000244514098875132,0.000799099194057333,0,0,0.00126526381950931,0,0.00936326120092759,0.000791111968503554,0.00753986692210087,0.000546274647731968,0,0,0,0,0,0,0,0,6.04112348849115e-05,1.65203690828497e-06,9.01281990482337e-06,0,0.00185029318840814,4.88737285591564e-06,7.42565814316812e-05,0,0
0,0,0,0,0,0,0,0,0.05797405075594,0.00199123198385031,0,0,0,0,0.0240455325368051,0.00033367896329993,0.0110049511073317,0.00344100038238664,0.00510382589552514,0,0,6.15518506330603e-05,0.000518172107941994,0.0020407221612028,0,0.000328046155606109,0.0375066208957597,0,0,0,0,0,0,0,0,0,0,5.9494423029531e-05,0.00022616369041994,2.81680165870653e-05,0,0,0,0,0,0,0,0,0,0,0,0,0,0,0.020039278532078,0.00110409071997678,0,0,0,0,0.00944256409686664,0,0,3.10186048583898e-05,2.05877289751767e-05,0.000139741933490813,0.000940151768864111,0.0258625536726479,9.53834215728505e-05,0.0344209766275761,0,0,0,0,0,0,0,0,3.6864289946845e-05,5.0865332469534e-05,0,0,0.00375788557840414,8.65114986983952e-05,1.28920792919407e-05,0,0
0,0,0,0,0,0,0,0,0.000257769504061727,0.00208101473169237,0,0,0,0.000500971368176487,6.40582851149543e-05,0.021365830422031,0.000630482670622618,0.0336114731775129,0.000800661414195981,0,0,0.00473332190220557,0,0.0167337696308377,0.000328046155606109,0,0.000196437832636925,0.00171555212153197,0,0,0,0,0,0,0,0,0,4.97773803369299e-05,0,0,0,0,0,0,0,0,0,0,0,0,0,0,0,0,0.000286187218532789,0.000645313952333516,0,0,0,3.62301542896522e-05,0,0.00363665585417965,0,0,0.0052070875852527,0,0.00236731846711025,7.91804325081941e-05,0.0516698204002492,0.000161214701381321,0.00390112035846459,0,0,0,0,0,0,0,2.79127660978287e-06,0,0,0,0.00263609285227853,2.52719825568394e-05,0,0,0
0,0,0,0,0,0,0,0,0.0260159920697758,0.00133452770633018,0,0,0,0,0.068266835814647,8.15744079152823e-05,0.0221793705404304,0.0010119729260864,0.00234190805419747,0,0,0,0.00184269763883037,0.000454517031891134,0.0375066208957597,0.000196437832636925,0,0,0.00032019764988894,0,0,0,0,0,0,0,0,4.38384982579475e-05,0,0,0,0,0,0,0,0,0,0,4.22703469780909e-05,1.9357956362129e-05,0,0,0,0,0.0099167426167999,0.000299673724806534,0,0,0,0,0.0225493124577244,0,0,0,0,0.00224601322656135,0,0.0137949150127504,0,0.234614993007288,0,0.00128390694133879,0,0,0,0,0,0,9.54861488404403e-06,1.0049044819442e-05,0,0,0.00276277501571733,2.69968066824781e-05,5.99710274895755e-06,0,0
0,0,0,0,0,0,0,0,0,2.80308833395051e-05,0,0.000525567916835041,0,0.00336131812838703,0,2.39215590545181e-05,0,0.000228340479330969,0,0.000141015221451601,0,0,0,1.4831826751332e-05,0,0.00171555212153197,0,0,0,0.00319315993886304,0,0,0,0,0,0,0,2.21604023479354e-05,0,0,0,7.27367476418211e-05,0,0,0,2.89558114407258e-05,0,0,0,0,0,0,0,0,0,0,0,0.000409606808205308,0,0.00443880629362087,0,0,0.000184742722784944,0,0,0,0,0,0.00101455276227041,0,0.0275307531652198,0,3.60660489288808e-05,0,0,0,0,0,0,0,7.11386589167936e-05,0,6.06498134662416e-05,0,2.50613541332211e-05,0,0
0,0,0,0,0,0,0,0,0,0,0,0,0.000219821063370873,0,0.000399785962748984,0,0.00090573962629076,0,0,0,0,0,0.00101066886722769,0,0,0,0.00032019764988894,0,0,0,0.00810216829083878,0,0,0,0,0,0,0,0.000740856642438052,0,0,0,0,0,0,0,0,0,0,0,0,0,0,0,0,0,0,0,0,0,0.000473700484404783,0,0,0,0,0,0,0,0,0.000633241197253504,0,0.0113447210204836,0,0.00205703367208348,0,0,0,0,0,0,0,0.000103909833087449,0,0,0,0,0
0,0,0,0,0,0,0,0,0,0,0,0.00231020903010962,0,0,0,0,0,0,5.40415095786648e-05,0.000851595431885839,0,0,0,0,0,0,0,0.00319315993886304,0,0,0,0,0,0,0,1.14363453469963e-05,0,0.00151239979838703,0,2.09813559406003e-05,0,0.000145519863533358,0,0.000166978578693888,0,0.000209089816091843,0,0,0,0,0,0,0,0,0,0,0,0.0104903042285636,0,0,0,0,0.000407633423184359,0,0,0,0,0,0,0,0.00112524537916049,0,0.0642786618204217,0,0,0,0,0,1.63885477486388e-05,7.08395965317386e-06,0.00266188618264723,0,8.83532178062713e-06,0,0.000175850693784681,0.00048660983219332,0
0,0,0,0,0,0,0,0,0,0,7.2616806939946e-05,0,0,0,0,0,0,0,0,0,0,0,0,0,0,0,0,0,0.00810216829083878,0,0,0,0,0,0,0,0,0,0.00310109172990871,0,0,0,0,0,0,0,0,0,0,0,0,0,0,0,0,0,0,0,0,0,0,0,0,0,0,0,0,0,0,0,0,0.0020653745366658,0,0.00498066440396644,0,0,0,0,0,0,0,0.00165360406094307,8.03109064287947e-05,0,0,0,0
0,0,0,0,0,2.75759348434999e-05,0,0,0,0,0,0,0,0,0,0,0,0,0,0,0,0,0,0,0,0,0,0,0,0,0,0,0.161986363299085,0.0116648122469094,0.00641854592607545,0.00241454195777818,0.00276365595397076,7.68876178144662e-06,0,0.000172114243771804,0,0.000410201835966435,0,0,0,0.00060847543184643,0,0.0114055642917194,0,0.00514075380505207,0,0,0,0,0,0,0,0,0,0,0,0,0.000487976423652595,0,0,0,0,0,0,0,0,0,6.90253925342124e-05,0,0.132144548902468,0.0594119100242686,0.0246689489101952,0.013093905873067,0.0182540639474596,2.51468718548607e-05,9.5145411583768e-05,0,0.000585966140342647,0,0.000352516728022143,0,0
0,0,0,0,0,0,0,0,0,0,0,0,0,0,0,0,0,3.25924281134645e-05,0,0,0.000251910484727798,0,0,0,0,0,0,0,0,0,0,0.161986363299085,0,0.00054978085207253,0.0146134322428908,1.6918828603431e-05,0.00765594631658449,0,0,0,0.000381561996463915,0,0.000915877851287184,0,0,0,0.000695576551290554,0.00932174731616828,0.0052290919966165,0,0,0,0,0,0,0,0,0,0,0,0,0,0,0.000962801309658385,0,0,0,0,0,0,0,0,0,0,0.0339542641232775,0.111723090843552,0.00246599530613942,0.0284995125869368,0.000379243948209603,0.00432510679964458,0,0,0.00769330181447689,0,0.000392581264696892,0,0
0,0,0,0,0,2.18189657128919e-05,0,0,0,0,0,0,0,0,0,0,0,0,0,8.19987752422079e-06,0,0,0,0,0,0,0,0,0,0,0,0.0116648122469094,0.00054978085207253,0,0.159208168063191,0.00109535271093951,1.69514822814091e-05,0.00222637299680344,0,0.00021527009362873,0,0.00239534582001388,0.000350293513031898,0.000113957664929609,0,0.000241933342808962,0,0.0608430013689199,0.00108354749862611,0.0128006048322356,0,0,0,0,0,0,0,6.57347699984539e-06,0,0,0,0,0.000417350592567357,3.04190670223956e-05,0,0,0,0,0,0,5.13104324581786e-06,0,0.00199094906240086,0,0.00133367004751932,0.000162770050558904,0.247093884985288,0.113434252420091,0.00163082931457199,0,0.0198411092162508,0,0.00262161151067024,0,0.00219398834039535,0.000126159195534532,0
0,0,0,0,0,0,0,0,0,0,0,0,0,0,0,0,2.57022690546815e-06,0,5.22942045465063e-06,0,9.83428441123481e-06,0,0,0,0,0,0,0,0,0,0,0.00641854592607545,0.0146134322428908,0.159208168063191,0,1.05405939516115e-05,0.00329135148407723,0,0.00189787378762988,0,7.75941491253252e-05,0.000143781307692245,0.0045648795313566,0,0,0,9.44704158451745e-05,0.1034015142048,0.0152188352112257,0.00227203445019778,0,0,0,0,0,0,0,0,0,0,0,0,0,0.000214776635504924,0,0,0,0,0,0,0,0,0.000290725095020812,0,0.000352221361677954,0.000152590194987069,0.0863851678844726,0.242029713448675,0.000104871876161674,0.000268564041002714,0.00108832085319612,0.00764960848324973,0.000928060493861891,0,0.000456955714774483,0,0
0,0,0,1.81774818381662e-06,0,0.000476015304832288,0,0,0,0,0,7.44185092457693e-05,0,0,9.18457631737812e-06,0,3.77376395335536e-05,8.08604199087386e-05,0.00148226679861009,0.0111715657211283,2.06782624741133e-06,1.01736402158548e-05,0,0,0,0,0,0,0,1.14363453469963e-05,0,0.00241454195777818,1.6918828603431e-05,0.00109535271093951,1.05405939516115e-05,0,0.000550275353650332,0.007431170105498,0,0.000883715582379801,1.9851816682574e-05,0.00157225454612901,0.000112857277463235,0.000603315734091596,0,0.00177508121186489,0.000229164824360133,0.0043072623229071,0.000747550888075657,0.00292836852749794,0,1.87266037872548e-06,0,0,0,0,0,6.279276145015e-05,0,0,0,0,0.00595051361260202,0.000124360371229896,0,0,0,5.25268860684697e-06,0,0,3.52483407963402e-06,0,0.000113898999449332,0,0.000539194272910028,4.29481106566949e-05,0.000215687773205403,4.78372387072317e-05,0.0734912820133964,0.000191414212342129,0.00100683121567923,0,0.0106366523024081,0.000405847901752764,0.00221296570889178,0.000198232808545092,0
0,0,0,0,0,0,0.000289095293507487,0,0,0,0.000494982601836377,0,0,0,0,0,4.14382840415754e-05,1.48717907362761e-05,0.000247315260722735,0,0.00723244640430468,0,0,0,0,0,0,0,0,0,0,0.00276365595397076,0.00765594631658449,1.69514822814091e-05,0.00329135148407723,0.000550275353650332,0,0,0.003555431748039,0,0.000169740942034441,0,0.00012755782029775,0,0.000174992340093818,0,0.00148377936167953,0.00258923559597349,0.000249736108787904,3.91102967851739e-05,0,0,0,0,0,0,0,0,0,0,0,0,0,0.00183294199143312,0,0,0,0,0,0,0,0,0,0,0,0.00251448607263855,0,0.00120360866152696,3.75010765913925e-05,0.0642350727916672,0,0.002471502817237,0.0122374254412231,0.00253094883193224,0.000519798658541242,3.8582081419552e-06,2.08619089669923e-05
0,0,0,0,0,9.0559259986243e-06,0,0,0.000146221009101681,0.000328801765921702,0,0.00559028533177751,0,0,1.84870568919673e-05,0.000148652174039111,0.000394996090430959,0.000997395418361473,0.00051273058648506,0.0028599579334943,0,0.00273180734884175,0,0.000284203361043865,5.9494423029531e-05,4.97773803369299e-05,4.38384982579475e-05,2.21604023479354e-05,0,0.00151239979838703,0,7.68876178144662e-06,0,0.00222637299680344,0,0.007431170105498,0,0,0.00033235132265773,7.6915225541951e-05,0,0.000921227209562685,0,0.000158201389052277,0,0.000470648330411832,0,0.000395914758926016,0,0.00945149294570562,0,0,0,0,0,0.000370695836627755,0,5.31284838907159e-05,0,0,0,6.84894892361519e-06,0.00219565502287782,0,0.000230948853646344,0,3.27809390872149e-05,1.72292827432504e-05,4.45716791246551e-05,0,0.000405663291004514,0,0.000172906514955644,0,0,0,0.0034103715479154,0,0.00345293814760723,1.92020919147357e-05,0.0621330095974165,0,0.0039897867560132,7.96769242211059e-05,0.00240216761519846,0.000281256653253523,0
0,0,0,0,0,0,0,0,1.75858817029956e-05,0,0.00387170543767892,0,0,0,0,0,5.95813879554129e-05,6.17314724987185e-06,0,0,0.00125184831846069,0,0.00111284842351298,2.34683592257126e-06,0.00022616369041994,0,0,0,0.000740856642438052,0,0.00310109172990871,0,0,0,0.00189787378762988,0,0.003555431748039,0.00033235132265773,0,0,0,0,0.000797630085102097,0,0,0,0,0.00100791833478388,0.00615746174895986,0,0,0,0,0,0,0,0.000604402078222983,0,0,0,0,0,0,3.31271892061238e-05,0,0.00100373272099917,0,7.15898643759326e-05,0,6.22858492681829e-06,0,0.00108888979256245,0,0.00150888253767345,0,0,0,0.000444609173639356,0,0.00190319683524104,0,0.0539872760348678,0.0018444791210718,0.000226703400473102,0.000680016741180406,0,0
0,0,0,0,0,0.00139265943891243,0,0,0.000136293530567872,7.97816705266179e-05,0,8.77331604387903e-05,0,0,0,0,7.05232677676826e-05,9.87545940415403e-05,0.00285261067033878,0.00163615108322607,0,0,0,0,2.81680165870653e-05,0,0,0,0,2.09813559406003e-05,0,0.000172114243771804,0,0.00021527009362873,0,0.000883715582379801,0,7.6915225541951e-05,0,0,0,0.0167934967653572,5.55007101877029e-05,0.00267121546719019,0,0.00637987771022972,0,0.00776388681255858,0,0.0378025790627621,0,0.000249300909653852,0,0,0,0,0,0.0004214622593986,0,0,0,0,0.0130559972939351,1.64643342889571e-05,0,0,0,0,0,0,0,0,0.000245998744943606,0,0.000244980779309635,0,0.000318137298640577,0,0.00823831592180751,4.40143006969573e-05,0.000597995955574866,0,9.57159647444701e-05,0,0.0102341853781873,0.00443853532678853,0
0,0,0,0,0,0,0,0,1.61348806483378e-05,0.000388156387314811,1.13489745048469e-05,9.344316711062e-05,0,0,0,0,0.000472903153749789,0.000178200834610049,0.00493419779032079,0,0.00083162285476579,0,0,0,0,0,0,0,0,0,0,0,0.000381561996463915,0,7.75941491253252e-05,1.9851816682574e-05,0.000169740942034441,0,0,0,0,0.000165643001608136,0.0199225943479142,0.000198986402762044,0.0132302935684096,5.88894026082674e-05,0.0331942945725544,0.00171277450640171,0.00684970033248453,0.000288865098768854,0,0,0,0,0.000129668200060329,0,0,6.34455113736393e-05,0,0,0,0,0,0.00720175776472889,0,0,0,0,0,0,0,0,0,0,0,0.000694430185925995,0,0.000960683332487174,4.5496306443512e-05,0.00442985860588845,1.681646742569e-05,0.00109863842468773,0.000287892701783496,2.49253468685373e-06,0.0209473051103023,0,0.00761229285972615
0,0.002885423020054,0,0.00107264828124199,0,0.000182906363679909,0,0,1.12442252348872e-05,0.000486900923789689,0,0.000915736563366879,0,0,0,0,0.000593780110064138,0.000876068492639866,0.0199245611066468,0.00303834798088032,0,0,0,0.000109983904945515,0,0,0,7.27367476418211e-05,0,0.000145519863533358,0,0.000410201835966435,0,0.00239534582001388,0.000143781307692245,0.00157225454612901,0,0.000921227209562685,0,0.0167934967653572,0.000165643001608136,0,0.00268308670345004,0.00041093815116283,0,0.0222595215406133,8.95244505490175e-05,0.0254947682637797,0.00105010833292544,0.0760264823334014,0,0,0,0,0,0,0,0.034693403195482,0,0,0,0,0.0162450043320712,1.0113274790531e-05,0,0,0.000148158343309054,4.98145846522007e-05,0,1.23644905864248e-05,0.00155883426345641,0,0.0102506320319502,0,8.7103984568375e-06,0,0.000975734178885262,0,0.0160938142964594,0.000535460212429854,0.00463009545632518,2.01311053170578e-05,0.0028348126643772,6.58221510316436e-06,0.0960336685319579,0.0785126074731358,1.68821770276462e-05
0.000491648839441448,0,0.00023460864053425,0,0,0,0,0,0.000244792621364465,0,0.00199827719227105,0,0,0,0,0,0.00161364575311867,0.000296698473060502,0.0149519380415745,0,0.0243229887040837,0,0,0.000107856901095624,0,0,0,0,0,0,0,0,0.000915877851287184,0.000350293513031898,0.0045648795313566,0.000112857277463235,0.00012755782029775,0,0.000797630085102097,5.55007101877029e-05,0.0199225943479142,0.00268308670345004,0,0,0.000568467218376004,5.62949290744061e-06,0.0172044784445922,0.0319301008469782,0.0960429364821599,0.000503256613016866,0,0,0,0,0,1.2484354315365e-05,0.00131395968215668,0,0,0,0,0,0,0.0158429879970621,0,0,0,0,0,0,0,0,0,4.32394928729333e-05,0,0.000305176459397834,4.1204378724851e-05,0.00167508530253551,0.000117375702329444,0.017689495221626,4.49075775541283e-05,0.000503919665410452,0.00256093127431366,1.18396050848176e-05,0.0665102551093637,0,0.116710882097354
0,0,0,0,0,0,0,0,0,0,0,0.000489231278236375,0,0,0,0,0.000195645349333811,6.83758127491338e-05,0.00573629462125212,0.000484147550234125,0,0,0,0,0,0,0,0,0,0.000166978578693888,0,0,0,0.000113957664929609,0,0.000603315734091596,0,0.000158201389052277,0,0.00267121546719019,0.000198986402762044,0.00041093815116283,0,0,0.00078445775077576,0.00228200947169444,6.39162422317319e-05,0,0,0.000542925115088,0,0,0,0,0,0.000422520554900871,0,0.000415680949115437,0,0,0,0,0.000219452586045222,0,0,0,0,0,0,0,0,0,0.00162144462507289,0,0,0,0,0,0.00344101497175119,8.33730571749536e-05,0.00144687991363034,0,0.000128721856192995,0,0.00184888310894505,0.00130629125353796,0
0,0,0.000872057078840204,0,0,0,0,0,7.18979681336679e-05,0.000210076107025751,0.000217671030406693,0,0,0,0,0,0.000280944531492919,0.000103073863127899,0.00498405425816805,0,0.00610983335079175,0,0,0.000566796255786747,0,0,0,0,0,0,0,0,0,0,0,0,0.000174992340093818,0,0,0,0.0132302935684096,0,0.000568467218376004,0.00078445775077576,0,0.000145160042705293,0.00282932421519019,0,0,3.36901269360752e-05,0,0,0,0,0,0,0,0,0,0,0.000640317995698469,0,0,0.0060744611795422,0,0,0,0,0,0,0,0,0,0,0,0.000199695930467508,0,0,8.32564811758039e-05,0.00397843629049444,0,0.000144805232271188,6.60885740192625e-05,0,0.00612983542368485,0,0.0014693009427446
0,0,0,0.0165375012906769,0,0.00917829256086944,0,0,0,0,0,0.00215338543847683,0,0,0,0,0.000120337877738715,0.000178915926657826,0.00822604848892847,0.00882812254959383,0,0,0,0,0,0,0,2.89558114407258e-05,0,0.000209089816091843,0,0.00060847543184643,0,0.000241933342808962,0,0.00177508121186489,0,0.000470648330411832,0,0.00637987771022972,5.88894026082674e-05,0.0222595215406133,5.62949290744061e-06,0.00228200947169444,0.000145160042705293,0,1.8269224375472e-05,0.00890317059859368,2.48746717033087e-05,0.0129097166783392,0,0.000157725387348703,0,0,0,3.10020357396227e-05,0,0.00912826526523277,0,0,0,0,0.0459801057626537,2.14452790142077e-05,0,0,0,0,0,0,0.000621894878073246,0,0.0086038097637491,0,2.96079414807586e-05,0,0.000432427598670568,0,0.00784740245221077,0.000134425323969393,0.00289400586356894,0,0.000503790704605744,0,0.0353873945409223,0.00421007014559875,0
0,1.52757218366553e-05,0.0161842121280776,0,0.000333654060879939,0,0,0,0,8.31140059070886e-05,0.00204937801951076,0,0,0,0,0,0.000392255099114019,0.000108473193426083,0.010776464012188,0,0.0361895901604483,0,0,0,0,0,0,0,0,0,0,0,0.000695576551290554,0,9.44704158451745e-05,0.000229164824360133,0.00148377936167953,0,0,0,0.0331942945725544,8.95244505490175e-05,0.0172044784445922,6.39162422317319e-05,0.00282932421519019,1.8269224375472e-05,0,0.00889534130493656,0.012266945968678,0.00124904900469984,0,0,0,0,0,0,0.00051001993698995,0,0,0,0,0,6.26987290310336e-06,0.080621251932223,0,0,0,0,3.57704839218844e-05,0,0,0,0,0,0,0.00116775360052489,0,0.000399476003438047,4.70458491620052e-05,0.0200014169020915,0,0.000240878301840867,0.00149008455856285,4.03786980183586e-05,0.0562968655996373,0,0.0126021682876299
0,0,9.54152913784975e-05,2.86242169064345e-05,0.000175195618937805,0.000760805042065095,0,0,0,0,1.30650075260363e-05,5.16426172851508e-05,0,0,0,0,0.00012802905192842,1.97638994157167e-05,0.00178726372685118,0.00135514842260738,0.0012114882307884,0,0,0,0,0,0,0,0,0,0,0.0114055642917194,0.00932174731616828,0.0608430013689199,0.1034015142048,0.0043072623229071,0.00258923559597349,0.000395914758926016,0.00100791833478388,0.00776388681255858,0.00171277450640171,0.0254947682637797,0.0319301008469782,0,0,0.00890317059859368,0.00889534130493656,0,0.0912032667089245,0.107984329372086,0,0,0,0,0,0,0,0.000264683570696421,0,0,0,0,0.0080925173889856,0.00938111312907858,0,0,0,0,0,0,7.24407127799539e-06,0,0.00228588021528206,0,0.00175211915108598,0.014734140429546,0.0267787902966358,0.0785065613608646,0.00499637818549793,0.00661249016567181,0.0270137300514217,0.0130814735519353,0.00394705733217458,1.63919138825069e-05,0.0265106850014533,2.61621384997433e-05,7.9522841343431e-05
0.00984232514488166,0,0.00387742708569351,0,0,0,0,0,0.00214177601036871,2.22339368933892e-05,3.79826866365248e-05,0,0,0,0,0,0.000631609193143254,0.000362886340347201,0.0051460117555593,0,0.00165540050166287,0,0.0034911220889223,7.9207319845712e-05,0,0,4.22703469780909e-05,0,0,0,0,0,0.0052290919966165,0.00108354749862611,0.0152188352112257,0.000747550888075657,0.000249736108787904,0,0.00615746174895986,0,0.00684970033248453,0.00105010833292544,0.0960429364821599,0,0,2.48746717033087e-05,0.012266945968678,0.0912032667089245,0,0.000989923732223995,0,0,0,0,0.00215884733711973,0,1.10863847881088e-05,0,0,0,0,0,0.000228056875249344,0.011024934247042,0,0.000936342371205699,0,0,0,0.000881027014090381,0,0.00708349660586796,0,0.00438071574432729,0,0.00501022072379533,7.82854374632952e-05,0.0154266658782356,0.000117271487952248,0.00794870854820198,6.58820068936463e-05,0.0143973479956894,0.002252073255665,1.39160071356812e-05,0.0348060592452281,0,0.00212859886584705
0,0.0268252373263163,0,0.00420552188437092,0,0.00149629344446138,0,0,0,0.00382474710385793,0,0.000124868911347489,0,0,0,0.000583763317602796,0.000158114557582563,0.000128548353116108,0.00279159394207398,0.00144321811527039,0.000194768342246793,0.00115774518409239,0,0.00261667214205356,0,0,1.9357956362129e-05,0,0,0,0,0.00514075380505207,0,0.0128006048322356,0.00227203445019778,0.00292836852749794,3.91102967851739e-05,0.00945149294570562,0,0.0378025790627621,0.000288865098768854,0.0760264823334014,0.000503256613016866,0.000542925115088,3.36901269360752e-05,0.0129097166783392,0.00124904900469984,0.107984329372086,0.000989923732223995,0,0,0.000398649187686617,0,0,1.73235314375947e-05,0,0,0.00121775579277538,0,5.80723331098428e-05,0,0.00148311394356,0.00757255641860388,0.00131241669095718,0.000141713796606659,0,0.00177873499558231,0,0,0,0.00102898431198888,0,0.00252462252095227,0,0.00237086862872043,0,0.00611676209492768,0.000286668724300332,0.00756509699418461,3.23968281407617e-05,0.009715403163227,0,0.0019120488462623,0,0.0478565971865753,0.00119278886744901,0
0,0,0.00109428179164138,0,0.0858322658822266,0,0.0360256950679822,0,0,0,0,0,0.00154995706376702,0,0,0,0,0,0,0,0,0,0,0,0,0,0,0,0,0,0,0,0,0,0,0,0,0,0,0,0,0,0,0,0,0,0,0,0,0,0,0,0.0057691902998891,0,0,0,0.00120750499463021,0,0.0162812963593838,0,0.00673527180811417,0,0,0,0,0,0,0,0,0,0,0,0,0,0,0,0,0,0,0,0,0,3.82862044932627e-06,0,0,0,0
0,0.000396030576529055,0,0.0111794456839537,0,0.0837323579532964,0,0.0111923940728855,0,0.000599966348794351,0,0.000470111411461318,0,0.00169839360316998,0,0,0,0,0,0.00485254230936629,0,0,0,0,0,0,0,0,0,0,0,0,0,0,0,1.87266037872548e-06,0,0,0,0.000249300909653852,0,0,0,0,0,0.000157725387348703,0,0,0,0.000398649187686617,0,0,0,0.0146593963558933,0,0.00176587425973401,0,0.00206110201417164,0,0.0105098537829083,0,0.00100208669502437,0.00118276123963278,0,0,0,0,0,0,0,0,0,0,0,0,0,0,0,1.69775634895885e-06,0,0,0,0,0,0.000756428836624808,0,0
0,0,0,0,0.00278486159603208,0,0.0579802539119404,0,0,0,0,0,0,0,0,0,0,0,0,0,0,0,0,0,0,0,0,0,0,0,0,0,0,0,0,0,0,0,0,0,0,0,0,0,0,0,0,0,0,0,0.0057691902998891,0,0,0,0,0,0.00241048625618004,0,0.00730888348907599,0,0,0,0,0,0,0,0,0,0,0,0,0,0,0,0,0,0,0,0,0,0,0,0.000154812685644906,0,0,0,0
0,0,0,0,0,0.0065005404079702,0,0.055345574939239,0,0,0,0.00595205475403893,0,0.00287818557276308,0,0,0,0,0,0,0,0,0,0,0,0,0,0,0,0,0,0,0,0,0,0,0,0,0,0,0,0,0,0,0,0,0,0,0,0,0,0.0146593963558933,0,0,0,0,0,0.00231388293712104,0,0.00531870919664256,0,0,0,0,0,0,0,0,0,0,0,0,0,0,0,0,0,0,0,0,0,0,0,0,0,0,0
0.00911572006929185,0,0.00335304686510431,0,0.000513702879376082,0,0,0,0.0492070283123142,0.000711982863473978,0,0,0,0,0.0220249295812681,0.000329360934031592,0.00159835685814446,0.000396321563943026,0.0021680909247049,0,0,0,7.36173521972538e-06,0,0.020039278532078,0.000286187218532789,0.0099167426167999,0,0,0,0,0,0,0,0,0,0,0,0,0,0.000129668200060329,0,0,0,0,0,0,0,0.00215884733711973,1.73235314375947e-05,0,0,0,0,0,0.000527607358899992,0,0,0,0,0.00780641202123424,0,9.21073045430214e-06,0,0,0,0,0.0182601614912091,0,0.00862106836320088,0,0,0,0,0,0,0,0,1.77203068886445e-05,0,0,0,0.000763844427228992,5.79925708103622e-06,0,0,0
0,0.0280486017828675,0,0.00630837371955003,0,0.00141660707887612,0,0,0.00299459972353473,0.0516539821030853,0,0,0,0,0.00108926362687235,0.00931575487495157,0.00110332561434005,0.00481677865670502,0.00212446344695645,0,0,0.000232698414492023,0,0.0239976090744188,0.00110409071997678,0.000645313952333516,0.000299673724806534,0,0,0,0,0,0,0,0,0,0,0.000370695836627755,0,0,0,0,1.2484354315365e-05,0.000422520554900871,0,3.10020357396227e-05,0,0,0,0,0,0.00176587425973401,0,0,0.000527607358899992,0,0,0,0,0,0.000542926761304327,0,0,0,0,0,0.0130179279794627,0.00243799677040802,0.00189577199814296,0,0,0,0,0,0,0,0,0,6.30749556698914e-06,1.67402188739002e-06,0,0,0.00114277219466183,1.79135273402644e-05,3.08513444906566e-05,0,0
0,0,0,0,0,0,0.00393999193326884,0,0,0,0.0141284372743064,0,0,0,0,0,0,0,0,0,0.00333995281996561,0,0,0,0,0,0,0,0,0,0,0,0,0,0,0,0,0,0.000604402078222983,0,0,0,0.00131395968215668,0,0,0,0.00051001993698995,0,1.10863847881088e-05,0,0.00120750499463021,0,0.00241048625618004,0,0,0,0,0,0.00317968414171273,0,0,0,0,0.00231123128437084,0,0,0,0,0,0,0,0,0,0.0012291576928135,0,0,0,0,0,2.42880367457438e-06,0,0.000515492288054184,0.000120701374805818,0,0.00331069578237033,0,0.00189957125618382
0,0,0,8.27831410805897e-05,0,0.000523292811949705,0,0.00204114196698064,0,0,0,0.0650081943457965,0,0,0,0.000244581938120955,9.59581635457882e-06,5.01514162840706e-06,0.000401365799359375,0.015888431130404,8.20860773456786e-06,0,0,0,0,0,0,0.000409606808205308,0,0.0104903042285636,0,0,0,6.57347699984539e-06,0,6.279276145015e-05,0,5.31284838907159e-05,0,0.0004214622593986,6.34455113736393e-05,0.034693403195482,0,0.000415680949115437,0,0.00912826526523277,0,0.000264683570696421,0,0.00121775579277538,0,0.00206110201417164,0,0.00231388293712104,0,0,0,0,0,0.0081876713022709,0,0.00105947536099494,0.0191493934419468,0,0,0,0,0,0,0,0.0111807992502019,0,0.0489452780270211,0,2.12472611119927e-05,0,0,0,0.000444342712296583,4.14265240938565e-06,0.00140825603296057,0,4.6232151798274e-05,0,0.0199565062454817,0.00998224726155171,0
0,0,0,0,0.000272468206367123,0,0.0043189436890597,0,0,0,4.63381293229759e-05,0,0.0122621124421857,0,0.00128065506578101,0,0,0,0,0,0,0,0,0,0,0,0,0,0,0,0,0,0,0,0,0,0,0,0,0,0,0,0,0,0,0,0,0,0,0,0.0162812963593838,0,0.00730888348907599,0,0,0,0.00317968414171273,0,0,0,0.00123366079954943,0,0,0,0,0,0,0,0,0,0,0,0,0,0,0,0,0,0,0,0,0,8.26049235723811e-05,0,0,0,0
0,0,0,0.000886741624668291,0,0.0088208150673974,0,0.00557713832751773,0,0,0,0.00824716315543576,0,0.115329041466853,0,0.02159765740487,0,1.38352412778484e-05,0,0,0,0,0,0,0,3.62301542896522e-05,0,0.00443880629362087,0,0,0,0,0,0,0,0,0,0,0,0,0,0,0,0,0,0,0,0,0,5.80723331098428e-05,0,0.0105098537829083,0,0.00531870919664256,0,0,0,0.0081876713022709,0,0,0,0.00529911269018236,0,0,0,0,0,0,0.000509148176829556,0,0.000757471302442806,0,0,0,0,0,0,0,0,0,0,0,0.00211319052094639,7.95458394098016e-06,0,0,0
