0,0,0.136333666741848,0,0,0,0,0,0.178359209014489,0,0,0,0,0,0,0,0,0,0.14211143553257,0,0,0,0,0,0,0,0,0,0,0,0,0,0,0,0,0,0,0,0,0,0,0,0,0,0.199690386652946,0,0,0,0,0,0,0,0,0,0,0,0,0,0,0,0,0,0,0,0,0,0,0,0,0,0,0,0,0,0,0,0,0,0,0.339394807815552,0,0,0.142065212096985,0,0.145179775738439,0,0
0,0,0,0.159511769625628,0,0.1446692943573,0,0,0,0.158146320791218,0,0,0,0,0,0.223305344581604,0,0,0.123329162597656,0,0,0,0,0,0,0,0,0,0,0,0,0,0,0,0,0,0,0.182357135502731,0,0.26176922330085,0,0.296660575205273,0,0.205382578074932,0,0.288162603974342,0,0.301269260113654,0,0.272003097931113,0,0,0,0,0,0.247155269964145,0,0,0,0,0,0,0,0,0,0,0,0,0,0,0,0,0.236858896729423,0,0,0,0,0,0,0,0.248915209621191,0,0.133651839165958,0,0.207631981231828,0,0
0.136333666741848,0,0,0,0,0,0,0,0.150462493300438,0,0,0,0,0,0,0,0,0,0,0,0,0,0,0,0,0,0,0,0,0,0,0,0,0,0,0,0,0,0,0,0,0,0,0,0,0,0.140141074146543,0,0.166993111371994,0,0,0,0,0,0,0,0,0,0,0,0,0,0,0,0,0,0,0,0,0,0,0,0,0,0,0,0,0,0,0,0,0,0.150546615322431,0,0.147636414693687,0,0
0,0.159511769625628,0,0,0,0.157677590547495,0,0,0,0.147363255920294,0,0,0,0,0,0,0,0,0.128451034426689,0,0,0,0,0,0,0,0,0,0,0,0,0.21704064309597,0,0.30555405219396,0,0,0,0,0,0.276757508516312,0,0.243456892583562,0.266706198453903,0,0,0.255890101947811,0,0.279851879577997,0,0.222994950577688,0,0,0,0,0,0.188954001472842,0,0.269178867340088,0,0,0,0,0,0,0,0,0,0,0,0,0,0,0.269384205341339,0,0,0,0.273508176207542,0,0.236243621259928,0,0.269174687288426,0,0.146838210911854,0,0.191153643551871,0,0
0,0,0,0,0,0,0,0,0,0,0,0,0,0,0,0,0,0,0,0,0,0,0,0,0,0,0,0,0,0,0,0,0,0,0,0,0,0,0,0,0,0,0,0,0,0,0,0,0,0,0.127666220068932,0,0,0,0,0,0,0,0.197363018989563,0,0,0,0,0,0,0,0,0,0,0,0,0,0,0,0,0,0,0,0,0,0,0,0,0,0.169235441833735,0,0
0,0.1446692943573,0,0.157677590547495,0,0,0,0,0,0.126080401241779,0,0,0,0,0,0,0,0,0,0,0,0,0,0,0,0,0,0,0,0,0,0,0,0,0,0.145824134349823,0,0,0,0,0,0,0,0,0,0,0,0,0,0,0,0.171461306512356,0,0,0,0.165067131320635,0,0,0,0,0,0.165309271216393,0,0,0,0,0,0,0,0,0,0,0,0,0,0,0,0,0,0,0,0,0.120595403015614,0,0.164822535589337,0,0
0,0,0,0,0,0,0,0,0,0,0,0,0,0,0,0,0,0,0,0,0,0,0,0,0,0,0,0,0,0,0,0,0,0,0,0,0,0,0,0,0,0,0,0,0,0,0,0,0,0,0,0,0,0,0,0,0,0,0,0,0,0,0,0,0,0,0,0,0,0,0,0,0,0,0,0,0,0,0,0,0,0,0,0,0,0,0
0,0,0,0,0,0,0,0,0,0,0,0,0,0,0,0,0,0,0,0,0,0,0,0,0,0,0,0,0,0,0,0,0,0,0,0,0,0,0,0,0,0,0,0,0,0,0,0,0,0,0,0,0,0,0,0,0,0,0,0,0,0,0,0,0,0,0,0,0,0,0,0,0,0,0,0,0,0,0,0,0,0,0,0,0,0,0
0.178359209014489,0,0.150462493300438,0,0,0,0,0,0,0,0,0,0,0,0.180454231798649,0,0,0,0,0,0,0,0,0,0,0,0,0,0,0,0,0,0,0,0,0,0,0,0,0,0,0,0.130939289656552,0,0,0,0,0,0,0,0,0,0,0,0.230731169556578,0,0,0,0,0,0,0,0,0,0,0,0,0,0,0,0,0,0,0,0,0,0,0,0,0,0,0,0.183582640858182,0.188830962777138,0.157157865979455,0,0
0,0.158146320791218,0,0.147363255920294,0,0.126080401241779,0,0,0,0,0,0,0,0,0,0.21948089722053,0.153222760185599,0,0.13193822093308,0,0,0,0,0.204500797009745,0,0,0,0,0,0,0,0,0,0,0,0,0,0.207646751054772,0,0,0,0,0,0,0,0,0,0,0,0.220520001649857,0,0,0,0,0,0.243180384798736,0,0,0,0,0,0.155574350839569,0,0,0,0,0.226609738772376,0,0,0,0,0,0,0,0,0,0,0,0,0,0.229782834649086,0,0.188792436424955,0.237158734374826,0.160772638466522,0.13562922924757,0
0,0,0,0,0,0,0,0,0,0,0,0,0,0,0,0,0,0,0,0,0.191664938238405,0,0,0,0,0,0,0,0,0,0.152926372458236,0,0,0,0,0,0.158364142565166,0,0.183895429354851,0,0,0,0,0,0,0,0,0,0,0,0,0,0,0,0,0,0.213768485411305,0,0,0,0,0,0,0.179717228747904,0,0,0,0,0,0,0,0,0,0,0,0,0,0,0,0.162617594003677,0,0.183375058244718,0.143424198528131,0,0,0,0
0,0,0,0,0,0,0,0,0,0,0,0,0,0.244916200637817,0,0,0,0,0,0.138890769267291,0,0,0,0,0,0,0,0.183085988958677,0,0.162509696641025,0,0,0,0,0,0.143325689693462,0,0.175135448334679,0,0,0,0,0,0,0,0,0,0,0,0,0,0,0,0,0,0,0,0.23185558617115,0,0,0,0,0.142290976878844,0,0,0,0,0,0,0,0.191553970408994,0,0.163668858835281,0,0,0,0,0,0.151993175791133,0,0.182362304962707,0,0,0,0,0,0
0,0,0,0,0,0,0,0,0,0,0,0,0,0,0.221081048250198,0,0,0,0,0,0,0,0,0,0,0,0,0,0,0,0,0,0,0,0,0,0,0,0,0,0,0,0,0,0,0,0,0,0,0,0,0,0,0,0,0,0,0,0,0,0,0,0,0,0,0,0,0,0,0,0,0,0,0,0,0,0,0,0,0,0,0,0.222913275162379,0,0,0,0
0,0,0,0,0,0,0,0,0,0,0,0.244916200637817,0,0,0,0.296179407089949,0,0,0,0,0,0,0,0,0,0,0,0.200425177812576,0,0,0,0,0,0,0,0,0,0,0,0,0,0,0,0,0,0,0,0,0,0,0,0,0,0,0,0,0,0.226137793064117,0,0.199461144705613,0,0.165427497439626,0,0,0,0,0,0,0,0,0,0,0,0,0,0,0,0,0,0,0,0,0.307270011462663,0,0,0,0
0,0,0,0,0,0,0,0,0.180454231798649,0,0,0,0.221081048250198,0,0,0,0,0,0,0,0,0,0,0,0,0,0,0,0,0,0,0,0,0,0,0,0,0,0,0,0,0,0,0,0,0,0,0,0,0,0,0,0,0,0,0,0,0,0,0,0,0,0,0,0,0,0,0,0,0,0,0,0,0,0,0,0,0,0,0,0,0,0.173241566138074,0,0,0,0
0,0.223305344581604,0,0,0,0,0,0,0,0.21948089722053,0,0,0,0.296179407089949,0,0,0,0,0,0,0,0,0,0,0,0,0,0,0,0,0,0,0,0,0,0,0,0,0,0,0,0,0,0,0,0,0,0,0,0,0,0,0,0,0,0.178758293390274,0,0,0,0.225173816084862,0,0.16804758310318,0,0,0,0,0,0,0,0,0,0,0,0,0,0,0,0,0,0,0,0,0.320488406611981,0.207826316356659,0,0,0
0,0,0,0,0,0,0,0,0,0.153222760185599,0,0,0,0,0,0,0,0.16774852038954,0.234313263890382,0,0,0,0.156158140526628,0.145988503098488,0.154076045751572,0,0,0,0,0,0,0,0,0,0,0,0,0,0,0.240495807556219,0.274853529939146,0.222320965801676,0.236279073777535,0.21452450293761,0.235585975672554,0.242428116500378,0.248026336901463,0,0.243829972080646,0,0,0,0,0,0,0,0,0,0,0,0,0,0,0.295851903918542,0,0,0,0,0,0,0,0,0.255470518022776,0.251421985335839,0,0,0,0,0.268108227889832,0.281936987584185,0.293484311699867,0.306930652745455,0.154194217275007,0,0.269255089898442,0.206894048131429,0.257678930599665
0,0,0,0,0,0,0,0,0,0,0,0,0,0,0,0,0.16774852038954,0,0.277145002180962,0,0,0.142775450975208,0,0.151629010592965,0,0,0,0,0,0,0,0,0,0,0,0,0,0,0,0.278268489460333,0.238696347583424,0.244467575971345,0.21807366221192,0.238427557837889,0.239767666467849,0.253516679718381,0.246309671823571,0.195993714034557,0.20651044100523,0,0,0,0,0,0,0,0.226318359375,0,0,0,0,0,0,0.250467419624329,0,0,0,0,0,0,0,0,0.277192287147045,0.233259197685026,0,0,0,0,0.303026839154553,0.255026161389531,0.328435050988836,0.274398158770055,0.159239985617163,0.225069562594096,0.259751916145448,0.238081490000089,0.242661073803902
0.14211143553257,0.123329162597656,0,0.128451034426689,0,0,0,0,0,0.13193822093308,0,0,0,0,0,0,0.234313263890382,0.277145002180962,0,0,0,0,0,0,0,0,0,0,0,0,0,0,0,0,0,0,0,0,0,0.340303828907515,0.33133868302828,0.314965572303145,0.244476860486979,0.275435740864939,0.268521344122952,0.249370030288039,0.237864845246077,0.207803760381306,0.193858572675122,0.269480514526367,0,0,0,0,0,0,0.258851838608583,0.292980551719666,0,0,0,0,0,0.335977270347731,0,0,0,0,0,0,0,0,0.313764896392822,0.25293794641756,0,0,0,0,0.363921714290907,0.342151777627183,0.393080640069786,0.343499748800427,0.205257620087392,0,0.305460286804019,0.2893872752028,0.219609675559017
0,0,0,0,0,0,0,0,0,0,0,0.138890769267291,0,0,0,0,0,0,0,0,0,0,0,0,0,0,0,0,0,0,0,0,0,0,0,0.168045907758133,0,0.176152655702769,0,0,0,0,0,0,0,0,0,0,0,0,0,0,0,0,0,0,0,0.137022143229842,0,0,0,0,0.133414559066296,0,0,0,0,0,0,0,0,0,0,0,0,0,0,0,0.182360414918319,0,0.193030179076254,0,0.143640036551865,0,0,0,0
0,0,0,0,0,0,0,0,0,0,0.191664938238405,0,0,0,0,0,0,0,0,0,0,0,0,0,0,0,0,0,0,0,0,0,0,0,0,0,0.160445550663604,0,0.17138988333089,0,0,0,0,0,0,0,0,0,0,0,0,0,0,0,0,0,0.171452738344669,0,0,0,0,0,0,0,0,0,0,0,0,0,0,0,0,0,0,0,0,0,0,0.176729938104039,0,0.16487184053014,0,0,0,0,0
0,0,0,0,0,0,0,0,0,0,0,0,0,0,0,0,0,0.142775450975208,0,0,0,0,0.141393143682294,0.236066718186651,0,0,0,0.162869627277056,0,0,0,0,0,0.385207682847977,0,0,0,0.242117418094338,0,0,0,0,0,0,0,0,0,0.440823127241696,0,0.336176818547149,0,0,0,0,0,0,0,0,0,0,0,0,0,0,0.185354054217844,0.155398962845983,0,0,0,0,0,0,0,0,0,0,0.351359178622564,0,0,0,0.211157207174185,0,0.176481642816644,0.198446933212431,0,0,0
0,0,0,0,0,0,0,0,0,0,0,0,0,0,0,0,0.156158140526628,0,0,0,0,0.141393143682294,0,0,0.147275725784509,0,0,0,0,0,0,0,0,0,0,0,0,0,0.175652676720298,0,0,0,0,0,0,0,0,0,0,0,0,0,0,0,0,0,0,0,0,0,0,0,0,0,0,0.159739505909732,0,0,0,0,0,0,0,0,0,0,0,0,0,0,0,0.206268577131888,0.145895075461027,0.133754627581415,0,0,0
0,0,0,0,0,0,0,0,0,0.204500797009745,0,0,0,0,0,0,0.145988503098488,0.151629010592965,0,0,0,0.236066718186651,0,0,0,0.167266126871109,0,0,0,0,0,0,0,0,0,0,0,0.237099448485034,0,0,0,0,0,0,0,0,0,0,0,0,0,0,0,0,0,0,0,0,0,0,0,0,0,0,0.181152477860451,0,0.18317600577949,0,0,0,0,0,0,0,0,0,0,0,0,0,0.278237849473953,0,0.159653393726998,0,0.202978447079659,0,0
0,0,0,0,0,0,0,0,0,0,0,0,0,0,0,0,0.154076045751572,0,0,0,0,0,0.147275725784509,0,0,0,0,0,0,0,0,0,0,0,0,0,0,0,0.135386095805602,0,0,0,0,0,0,0,0,0,0,0,0,0,0,0,0,0,0,0,0,0,0,0,0,0,0,0,0,0.162977278232574,0,0,0,0,0,0,0,0,0,0,0,0,0,0.171894507110119,0.163276030528314,0,0,0,0
0,0,0,0,0,0,0,0,0,0,0,0,0,0,0,0,0,0,0,0,0,0,0,0.167266126871109,0,0,0,0.186183184799221,0,0,0,0,0,0,0,0,0,0,0,0,0,0,0,0,0,0,0,0,0,0,0,0,0,0,0,0,0,0,0,0,0,0,0,0,0.182965390510478,0,0.175719268873053,0,0,0,0,0,0,0,0,0,0,0,0,0,0,0,0,0,0,0,0
0,0,0,0,0,0,0,0,0,0,0,0,0,0,0,0,0,0,0,0,0,0,0,0,0,0,0,0,0,0,0,0,0,0,0,0,0,0,0,0,0,0,0,0,0,0,0,0,0,0,0,0,0,0,0,0,0,0,0,0,0,0,0,0,0,0,0,0,0,0,0,0,0,0,0,0,0,0,0,0,0,0,0,0,0,0,0
0,0,0,0,0,0,0,0,0,0,0,0.183085988958677,0,0.200425177812576,0,0,0,0,0,0,0,0.162869627277056,0,0,0,0.186183184799221,0,0,0,0.188525097444654,0,0,0,0,0,0,0,0,0,0,0,0,0,0,0,0,0,0,0,0,0,0,0,0,0,0,0,0.178492024540901,0,0,0,0,0,0,0.165338938434919,0,0,0,0.187106237070173,0,0.177030162903413,0,0,0,0,0,0,0,0,0,0,0,0.222475491560899,0.226471790766462,0,0,0
0,0,0,0,0,0,0,0,0,0,0,0,0,0,0,0,0,0,0,0,0,0,0,0,0,0,0,0,0,0,0,0,0,0,0,0,0,0,0,0,0,0,0,0,0,0,0,0,0,0,0,0,0,0,0,0,0,0,0,0,0,0,0,0,0,0,0,0,0,0,0,0,0,0,0,0,0,0,0,0,0,0,0,0,0,0,0
0,0,0,0,0,0,0,0,0,0,0,0.162509696641025,0,0,0,0,0,0,0,0,0,0,0,0,0,0,0,0.188525097444654,0,0,0,0,0,0,0,0,0,0.151189891276536,0,0,0,0,0,0,0,0,0,0,0,0,0,0,0,0,0,0,0,0,0,0,0,0,0,0,0,0,0,0,0,0,0.203538730894697,0,0.169047921895981,0,0,0,0,0,0,0,0.150939481866943,0,0.144108074903488,0,0,0,0
0,0,0,0,0,0,0,0,0,0,0.152926372458236,0,0,0,0,0,0,0,0,0,0,0,0,0,0,0,0,0,0,0,0,0,0,0,0,0,0,0,0.164893716573715,0,0,0,0,0,0,0,0,0,0,0,0,0,0,0,0,0,0.148405095934868,0,0,0,0,0,0,0,0,0,0,0,0,0,0,0,0,0,0,0,0,0,0,0,0,0.206213143343727,0,0,0,0,0
0,0,0,0.21704064309597,0,0,0,0,0,0,0,0,0,0,0,0,0,0,0,0,0,0,0,0,0,0,0,0,0,0,0,0,0.17419950440526,0.346325367689133,0,0.17129557898387,0,0.332931855072578,0,0,0,0,0,0,0,0.1725521273911,0,0.286505527881857,0,0.190601392703898,0,0,0,0,0,0,0,0,0,0,0,0,0,0,0,0,0,0,0,0,0,0,0,0,0.342678231449806,0.142838227748871,0.34443134226639,0,0.208417209092101,0,0.245638295615974,0,0.136141032525679,0,0,0,0
0,0,0,0,0,0,0,0,0,0,0,0,0,0,0,0,0,0,0,0,0,0,0,0,0,0,0,0,0,0,0,0.17419950440526,0,0.123067893087864,0.340611959843995,0.203077077865601,0.171921506524086,0,0.338577121496201,0,0,0,0,0,0,0,0,0.362345604598522,0.280679166316986,0,0,0,0,0,0,0,0,0,0,0,0,0,0,0,0,0,0,0,0,0,0,0,0,0,0,0.382130211771818,0,0.382310234271643,0,0.146930947899818,0,0,0.16643961839951,0,0.277511447668076,0,0
0,0,0,0.30555405219396,0,0,0,0,0,0,0,0,0,0,0,0,0,0,0,0,0,0.385207682847977,0,0,0,0,0,0,0,0,0,0.346325367689133,0.123067893087864,0,0.336257829264569,0.185911333911559,0,0.53149609113841,0.400839439920477,0.357707463204861,0,0.330606187765415,0,0,0,0.325783522161719,0,0.518231983085973,0.644534266170333,0.375637856605527,0,0,0,0,0,0,0,0,0,0,0,0,0,0,0,0,0,0,0,0,0,0,0.319938319921494,0,0.34160029218438,0,0.3621461781269,0.42480125547518,0.298770180110328,0,0.50269688283548,0.599805309792674,0.40770751186819,0.266754548996687,0.441956873983145,0,0
0,0,0,0,0,0,0,0,0,0,0,0,0,0,0,0,0,0,0,0,0,0,0,0,0,0,0,0,0,0,0,0,0.340611959843995,0.336257829264569,0,0,0.233405565690994,0.442656296340725,0.522834398218843,0,0,0,0,0,0,0,0.316375928691455,0.480909038803914,0.320840452721825,0.520072162151337,0,0,0,0,0,0,0,0,0,0,0,0,0,0,0,0,0,0,0,0,0,0,0,0,0,0.371354629990481,0.397120475791021,0.398054692822118,0,0.332258652217563,0.620903615917109,0.481792218281739,0.476709249115338,0.224259824261946,0.358167489158346,0,0
0,0,0,0,0,0.145824134349823,0,0,0,0,0,0.143325689693462,0,0,0,0,0,0,0,0.168045907758133,0,0,0,0,0,0,0,0,0,0,0,0.17129557898387,0.203077077865601,0.185911333911559,0,0,0.160009778560774,0.164151994197304,0,0,0,0,0,0,0,0.178702335804701,0,0.188217654421523,0,0.242432527244091,0,0,0,0,0,0,0,0.139909217642112,0,0,0,0,0.191031757742167,0,0,0,0,0,0,0,0,0,0,0,0.186171866509299,0.200780406594276,0.29495719090565,0,0.208681122799173,0.165798620320857,0.134532822356543,0,0.242567675891293,0.310561233609376,0.263057733575503,0,0
0,0,0,0,0,0,0,0,0,0,0.158364142565166,0,0,0,0,0,0,0,0,0,0.160445550663604,0,0,0,0,0,0,0,0,0,0,0,0.171921506524086,0,0.233405565690994,0.160009778560774,0,0,0.187895411933889,0,0,0,0,0,0,0,0.199914226929347,0,0,0,0,0,0,0,0,0,0,0,0,0,0,0,0,0.195547575131059,0,0,0,0,0,0,0,0,0,0,0,0.17993485618819,0.303060968716939,0.284380681761023,0.159918938474409,0.20092206653336,0,0.158991407230496,0.263436059149677,0.306263034542402,0.202417815725009,0,0
0,0.182357135502731,0,0,0,0,0,0,0,0.207646751054772,0,0.175135448334679,0,0,0,0,0,0,0,0.176152655702769,0,0.242117418094338,0,0.237099448485034,0,0,0,0,0,0.151189891276536,0,0.332931855072578,0,0.53149609113841,0.442656296340725,0.164151994197304,0,0,0.264587036147714,0,0,0.204474145612296,0,0,0,0,0,0.520078138704749,0.630880367188227,0.348324584429834,0,0,0,0,0,0,0,0.161467244227727,0,0,0,0,0.162763866285483,0,0.395453343737495,0,0.278088375926018,0,0,0,0,0,0,0,0.339114489725658,0,0.260203636070686,0.346600653444018,0.154031570838845,0,0.313291525172547,0.585625200280372,0.194667198232837,0,0.250223789215088,0.207515968995936,0
0,0,0,0,0,0,0,0,0,0,0.183895429354851,0,0,0,0,0,0,0,0,0,0.17138988333089,0,0.175652676720298,0,0.135386095805602,0,0,0,0,0,0.164893716573715,0,0.338577121496201,0.400839439920477,0.522834398218843,0,0.187895411933889,0.264587036147714,0,0,0,0,0.154640393124686,0,0,0,0,0.533342244117187,0.364627325478005,0.603057980537415,0,0,0,0,0,0,0,0,0,0,0,0,0,0,0,0.223372446446075,0,0,0,0,0,0,0,0,0,0.341831552130835,0.360990149279435,0.285983314045838,0,0.155640587210655,0.581292215802453,0.269623575644352,0.229364290955614,0.292818248271942,0.293390608220526,0,0
0,0.26176922330085,0,0.276757508516312,0,0,0,0,0,0,0,0,0,0,0,0,0.240495807556219,0.278268489460333,0.340303828907515,0,0,0,0,0,0,0,0,0,0,0,0,0,0,0.357707463204861,0,0,0,0,0,0,0.262309101720651,0.278992196693406,0.24048941237713,0.357348286713243,0.279329143464565,0.321902630822017,0,0.294394045949457,0.237712755799294,0.248772968165007,0,0,0,0,0,0,0,0.269355541467667,0,0,0,0,0.272712856531143,0.266573250293732,0,0,0,0,0,0,0,0,0.271736551385259,0.249822120774876,0,0,0.299685567617416,0,0.314006356674641,0.29345315694809,0.260143621002927,0.257825623859059,0.253266904772235,0.220568105578423,0.282725370087432,0.272789551615715,0.25661301612854
0,0,0,0,0,0,0,0,0,0,0,0,0,0,0,0,0.274853529939146,0.238696347583424,0.33133868302828,0,0,0,0,0,0,0,0,0,0,0,0,0,0,0,0,0,0,0,0,0.262309101720651,0,0.301777333021164,0.272884688719154,0,0.384923006668224,0,0.301611763409206,0.192213539034128,0.196159128274881,0,0,0,0,0,0,0,0.264742374420166,0,0,0,0,0,0,0.456039445580177,0,0,0,0,0,0,0,0,0.25733545422554,0.254352579512623,0,0,0,0,0.295937473575274,0.280017421440515,0.262388378381729,0.226316404997194,0.23274904743755,0,0.27705171232205,0.233725622296333,0.289286652579904
0,0.296660575205273,0,0.243456892583562,0,0,0,0,0,0,0,0,0,0,0,0,0.222320965801676,0.244467575971345,0.314965572303145,0,0,0,0,0,0,0,0,0,0,0,0,0,0,0.330606187765415,0,0,0,0.204474145612296,0,0.278992196693406,0.301777333021164,0,0.211677368554585,0.369560512079323,0.28212958201766,0.274956906424999,0,0.288363561906414,0,0.301447414361716,0,0,0,0,0,0,0.22058741748333,0.318749429359016,0,0,0,0,0.34961408644864,0,0,0,0,0,0,0,0,0,0.304027576486112,0.234024641769273,0,0,0.24374105442654,0,0.280424947552054,0.266397073864937,0.356041516490753,0.247344904475742,0.221552215514022,0.221461047551462,0.299096093331296,0.281801314454481,0
0,0,0,0.266706198453903,0,0,0,0,0.130939289656552,0,0,0,0,0,0,0,0.236279073777535,0.21807366221192,0.244476860486979,0,0,0,0,0,0,0,0,0,0,0,0,0,0,0,0,0,0,0,0.154640393124686,0.24048941237713,0.272884688719154,0.211677368554585,0,0.186682468652725,0.406603235573996,0.260110278982063,0.2577836716093,0.348736353255052,0.263279406357593,0.226689678701487,0,0,0,0,0,0,0.285725261475167,0,0,0,0,0,0,0.340652585346648,0,0,0,0,0,0,0,0,0.252350529034932,0.297439804078599,0,0,0,0.26734647154808,0.253512745416617,0.307684807512373,0.290365104765996,0.324754179970346,0.201063915151425,0.212524910091426,0.28269185627631,0.299674719572067,0.223927435793088
0,0.205382578074932,0,0,0,0,0,0,0,0,0,0,0,0,0,0,0.21452450293761,0.238427557837889,0.275435740864939,0,0,0,0,0,0,0,0,0,0,0,0,0,0,0,0,0,0,0,0,0.357348286713243,0,0.369560512079323,0.186682468652725,0,0.245335221290588,0.330092191840838,0,0.284594006008572,0,0.281775663296382,0,0,0,0,0,0,0,0,0,0,0,0,0,0,0,0,0,0,0,0,0,0,0,0,0,0,0,0,0.364082745256194,0.268023207783699,0.427543792952882,0,0.219098607916385,0,0.343133346306958,0.439291831105947,0
0.199690386652946,0,0,0,0,0,0,0,0,0,0,0,0,0,0,0,0.235585975672554,0.239767666467849,0.268521344122952,0,0,0,0,0,0,0,0,0,0,0,0,0,0,0,0,0,0,0,0,0.279329143464565,0.384923006668224,0.28212958201766,0.406603235573996,0.245335221290588,0,0,0.300437052760805,0,0.278027415275574,0,0,0,0,0,0,0,0,0,0,0,0,0,0,0.401383444395932,0,0,0,0,0,0,0,0,0,0.269205898046494,0,0,0,0,0.309015676379204,0.380490297642752,0.336458762486776,0.483562032381694,0.215571967331139,0,0.371958002877923,0.313912719488144,0
0,0.288162603974342,0,0.255890101947811,0,0,0,0,0,0,0,0,0,0,0,0,0.242428116500378,0.253516679718381,0.249370030288039,0,0,0,0,0,0,0,0,0,0,0,0,0.1725521273911,0,0.325783522161719,0,0.178702335804701,0,0,0,0.321902630822017,0,0.274956906424999,0.260110278982063,0.330092191840838,0,0,0,0.302815353319824,0,0.264179312569085,0,0,0,0,0,0,0,0.299404934048653,0,0,0,0,0.381216787985552,0,0,0,0,0,0,0,0,0,0.288940668356519,0,0.207047484815121,0,0.287780789918797,0,0.27014176791951,0,0.316470391280439,0,0.28114153527472,0.338905656337738,0.263393658625594,0.328629434108734,0
0,0,0.140141074146543,0,0,0,0,0,0,0,0,0,0,0,0,0,0.248026336901463,0.246309671823571,0.237864845246077,0,0,0,0,0,0,0,0,0,0,0,0,0,0,0,0.316375928691455,0,0.199914226929347,0,0,0,0.301611763409206,0,0.2577836716093,0,0.300437052760805,0,0,0.307775876846384,0.264464987461035,0.240683903296789,0,0,0,0,0,0,0.238684143338885,0,0,0,0,0,0,0.382241158649839,0,0,0,0,0,0,0,0,0,0.263481187222172,0,0,0,0.290185104654386,0.32576122879982,0.319191937126072,0.301563754677773,0.243469772087107,0.265991022544248,0,0.285999678301089,0,0
0,0.301269260113654,0,0.279851879577997,0,0,0,0,0,0,0,0,0,0,0,0,0,0.195993714034557,0.207803760381306,0,0,0.440823127241696,0,0,0,0,0,0,0,0,0,0.286505527881857,0.362345604598522,0.518231983085973,0.480909038803914,0.188217654421523,0,0.520078138704749,0.533342244117187,0.294394045949457,0.192213539034128,0.288363561906414,0.348736353255052,0.284594006008572,0,0.302815353319824,0.307775876846384,0,0.383517002321706,0.32605725080811,0,0,0,0,0,0,0,0.323771662712097,0,0,0,0,0.353104753626717,0,0.541500329971313,0.466561779379845,0,0,0,0,0,0,0.291688522685964,0,0.27653964444892,0.377772747101515,0.429559244755036,0.445101076665978,0.256723246150292,0.218132168054581,0.521238900906437,0.59158665413533,0.392062445277394,0.420533985927187,0.36097368274788,0.2209416081508,0
0,0,0.166993111371994,0,0,0,0,0,0,0,0,0,0,0,0,0,0.243829972080646,0.20651044100523,0.193858572675122,0,0,0,0,0,0,0,0,0,0,0,0,0,0.280679166316986,0.644534266170333,0.320840452721825,0,0,0.630880367188227,0.364627325478005,0.237712755799294,0.196159128274881,0,0.263279406357593,0,0.278027415275574,0,0.264464987461035,0.383517002321706,0,0.391156359513601,0,0,0,0,0,0,0,0,0,0,0,0,0,0.341812899979678,0,0,0,0,0,0,0,0,0,0.270276646062983,0,0,0.626781038939953,0.271078114022208,0.232642307877541,0.243928113498747,0.63960927353855,0.258516379255253,0.253886833786964,0,0.305840901977437,0,0.274878184000651
0,0.272003097931113,0,0.222994950577688,0,0,0,0,0,0.220520001649857,0,0,0,0,0,0,0,0,0.269480514526367,0,0,0.336176818547149,0,0,0,0,0,0,0,0,0,0.190601392703898,0,0.375637856605527,0.520072162151337,0.242432527244091,0,0.348324584429834,0.603057980537415,0.248772968165007,0,0.301447414361716,0.226689678701487,0.281775663296382,0,0.264179312569085,0.240683903296789,0.32605725080811,0.391156359513601,0,0,0,0,0,0,0.243275682841028,0,0.330144195362579,0,0.374020844697952,0,0.202923238277435,0.380504320316677,0,0.323538444535707,0,0,0,0,0,0.355226583778858,0,0.285237079174602,0.24733604490757,0.191317577111094,0,0.251501247816877,0.392386835813522,0.259643663179347,0,0.305703177811764,0.605868932097516,0.289431511776444,0.285028514266014,0.295889786490878,0.27834636370341,0
0,0,0,0,0.127666220068932,0,0,0,0,0,0,0,0,0,0,0,0,0,0,0,0,0,0,0,0,0,0,0,0,0,0,0,0,0,0,0,0,0,0,0,0,0,0,0,0,0,0,0,0,0,0,0,0,0,0,0,0,0,0.201502174139023,0,0,0,0,0,0,0,0,0,0,0,0,0,0,0,0,0,0,0,0,0,0,0,0,0,0,0,0
0,0,0,0,0,0.171461306512356,0,0,0,0,0,0,0,0,0,0,0,0,0,0,0,0,0,0,0,0,0,0,0,0,0,0,0,0,0,0,0,0,0,0,0,0,0,0,0,0,0,0,0,0,0,0,0,0,0,0,0,0,0,0,0,0,0,0,0,0,0,0,0,0,0,0,0,0,0,0,0,0,0,0,0,0,0,0,0,0,0
0,0,0,0,0,0,0,0,0,0,0,0,0,0,0,0,0,0,0,0,0,0,0,0,0,0,0,0,0,0,0,0,0,0,0,0,0,0,0,0,0,0,0,0,0,0,0,0,0,0,0,0,0,0,0,0,0,0,0,0,0,0,0,0,0,0,0,0,0,0,0,0,0,0,0,0,0,0,0,0,0,0,0,0,0,0,0
0,0,0,0,0,0,0,0,0,0,0,0,0,0,0,0,0,0,0,0,0,0,0,0,0,0,0,0,0,0,0,0,0,0,0,0,0,0,0,0,0,0,0,0,0,0,0,0,0,0,0,0,0,0,0,0,0,0,0,0,0,0,0,0,0,0,0,0,0,0,0,0,0,0,0,0,0,0,0,0,0,0,0,0,0,0,0
0,0,0,0,0,0,0,0,0.230731169556578,0,0,0,0,0,0,0,0,0,0,0,0,0,0,0,0,0,0,0,0,0,0,0,0,0,0,0,0,0,0,0,0,0,0,0,0,0,0,0,0,0,0,0,0,0,0,0,0,0,0,0,0,0,0,0,0,0,0,0,0,0,0,0,0,0,0,0,0,0,0,0,0,0,0.181460475248675,0,0,0,0
0,0.247155269964145,0,0.188954001472842,0,0.165067131320635,0,0,0,0.243180384798736,0,0,0,0,0,0.178758293390274,0,0,0,0,0,0,0,0,0,0,0,0,0,0,0,0,0,0,0,0,0,0,0,0,0,0,0,0,0,0,0,0,0,0.243275682841028,0,0,0,0,0,0,0,0,0,0,0,0,0,0,0,0,0.307321205735207,0,0,0,0,0,0,0,0,0,0,0,0,0,0,0,0.182677435129881,0,0,0,0
0,0,0,0,0,0,0,0,0,0,0.213768485411305,0,0,0,0,0,0,0.226318359375,0.258851838608583,0,0.171452738344669,0,0,0,0,0,0,0,0,0,0.148405095934868,0,0,0,0,0,0,0,0,0,0.264742374420166,0.22058741748333,0.285725261475167,0,0,0,0.238684143338885,0,0,0,0,0,0,0,0,0,0,0,0,0,0,0,0,0.172912992537022,0,0,0,0,0,0,0,0,0,0.354089503091845,0,0,0,0,0.248591065406799,0,0,0,0.177488510871862,0,0.300209753215313,0,0.298670162882986
0,0,0,0.269178867340088,0,0,0,0,0,0,0,0.23185558617115,0,0.226137793064117,0,0,0,0,0.292980551719666,0.137022143229842,0,0,0,0,0,0,0,0.178492024540901,0,0,0,0,0,0,0,0.139909217642112,0,0.161467244227727,0,0.269355541467667,0,0.318749429359016,0,0,0,0.299404934048653,0,0.323771662712097,0,0.330144195362579,0,0,0,0,0,0,0,0,0,0.372178465127945,0,0,0.363426923751831,0,0,0,0,0,0,0,0,0,0.349016996120152,0,0,0,0,0,0.154144406318665,0,0.188141193240881,0,0.31519766483042,0,0.372374128843291,0.325791265070438,0
0,0,0,0,0.197363018989563,0,0,0,0,0,0,0,0,0,0,0,0,0,0,0,0,0,0,0,0,0,0,0,0,0,0,0,0,0,0,0,0,0,0,0,0,0,0,0,0,0,0,0,0,0,0.201502174139023,0,0,0,0,0,0,0,0,0,0,0,0,0,0,0,0,0,0,0,0,0,0,0,0,0,0,0,0,0,0,0,0,0,0,0,0
0,0,0,0,0,0,0,0,0,0,0,0,0,0.199461144705613,0,0.225173816084862,0,0,0,0,0,0,0,0,0,0,0,0,0,0,0,0,0,0,0,0,0,0,0,0,0,0,0,0,0,0,0,0,0,0.374020844697952,0,0,0,0,0,0,0,0.372178465127945,0,0,0,0,0,0,0,0,0,0,0,0,0,0,0,0,0,0,0,0,0,0,0,0,0.232157845123141,0,0,0,0
0,0,0,0,0,0,0,0,0,0,0,0,0,0,0,0,0,0,0,0,0,0,0,0,0,0,0,0,0,0,0,0,0,0,0,0,0,0,0,0,0,0,0,0,0,0,0,0,0,0,0,0,0,0,0,0,0,0,0,0,0,0,0,0,0,0,0,0,0,0,0,0,0,0,0,0,0,0,0,0,0,0,0.195914819836617,0,0,0,0
0,0,0,0,0,0.165309271216393,0,0,0,0.155574350839569,0,0,0,0.165427497439626,0,0.16804758310318,0,0,0,0,0,0,0,0,0,0,0,0,0,0,0,0,0,0,0,0,0,0,0,0,0,0,0,0,0,0,0,0,0,0.202923238277435,0,0,0,0,0,0,0,0,0,0,0,0,0,0,0,0,0,0,0,0,0,0,0,0,0,0,0,0,0,0,0,0,0.176108374543812,0.212915142377218,0,0,0
0,0,0,0,0,0,0,0,0,0,0,0.142290976878844,0,0,0,0,0,0,0,0.133414559066296,0,0,0,0,0,0,0,0,0,0,0,0,0,0,0,0.191031757742167,0,0.162763866285483,0,0.272712856531143,0,0.34961408644864,0,0,0,0.381216787985552,0,0.353104753626717,0,0.380504320316677,0,0,0,0,0,0,0,0.363426923751831,0,0,0,0,0,0,0,0,0,0,0,0,0,0,0.404260288329388,0,0,0,0,0,0.195926458984613,0,0.248943860430529,0,0.152728224977512,0,0.380219451451706,0,0
0,0,0,0,0,0,0,0,0,0,0.179717228747904,0,0,0,0,0,0.295851903918542,0.250467419624329,0.335977270347731,0,0,0,0,0,0,0,0,0,0,0,0,0,0,0,0,0,0.195547575131059,0,0,0.266573250293732,0.456039445580177,0,0.340652585346648,0,0.401383444395932,0,0.382241158649839,0,0.341812899979678,0,0,0,0,0,0,0,0.172912992537022,0,0,0,0,0,0,0,0,0,0,0,0,0,0,0,0,0.309781694412231,0,0,0,0,0,0.374632885058721,0,0.329724786182245,0.225752275437117,0,0.331251569092274,0,0
0,0,0,0,0,0,0,0,0,0,0,0,0,0,0,0,0,0,0,0,0,0.185354054217844,0,0.181152477860451,0,0.182965390510478,0,0.165338938434919,0,0,0,0,0,0,0,0,0,0.395453343737495,0,0,0,0,0,0,0,0,0,0.541500329971313,0,0.323538444535707,0,0,0,0,0,0,0,0,0,0,0,0,0,0,0,0,0,0,0,0,0.351135858893394,0,0,0,0,0,0,0,0,0,0.330509538873437,0,0.181031996495015,0.236655827103691,0,0,0
0,0,0,0,0,0,0,0,0,0,0,0,0,0,0,0,0,0,0,0,0,0.155398962845983,0.159739505909732,0,0,0,0,0,0,0,0,0,0,0,0,0,0,0,0.223372446446075,0,0,0,0,0,0,0,0,0.466561779379845,0,0,0,0,0,0,0,0,0,0,0,0,0,0,0,0,0,0,0,0,0,0,0,0,0,0,0,0,0,0,0,0,0,0.301011358986752,0.161866135895252,0.15704114309379,0,0,0
0,0,0,0,0,0,0,0,0,0.226609738772376,0,0,0,0,0,0,0,0,0,0,0,0,0,0.18317600577949,0,0.175719268873053,0,0,0,0,0,0,0,0,0,0,0,0.278088375926018,0,0,0,0,0,0,0,0,0,0,0,0,0,0,0,0,0,0.307321205735207,0,0,0,0,0,0,0,0,0,0,0,0,0,0,0,0,0,0,0,0,0,0,0,0,0.28704501972312,0,0,0,0,0,0
0,0,0,0,0,0,0,0,0,0,0,0,0,0,0,0,0,0,0,0,0,0,0,0,0.162977278232574,0,0,0,0,0,0,0,0,0,0,0,0,0,0,0,0,0,0,0,0,0,0,0,0,0,0,0,0,0,0,0,0,0,0,0,0,0,0,0,0,0,0,0,0,0,0,0,0,0,0,0,0,0,0,0,0,0,0.137952821042675,0,0,0,0
0,0,0,0,0,0,0,0,0,0,0,0,0,0,0,0,0,0,0,0,0,0,0,0,0,0,0,0.187106237070173,0,0,0,0,0,0,0,0,0,0,0,0,0,0,0,0,0,0,0,0,0,0,0,0,0,0,0,0,0,0,0,0,0,0,0,0,0,0,0,0,0,0,0,0,0,0,0,0,0,0,0,0,0,0,0,0,0,0,0
0,0,0,0,0,0,0,0,0,0,0,0,0,0,0,0,0,0,0,0,0,0,0,0,0,0,0,0,0,0,0,0,0,0,0,0,0,0,0,0,0,0,0,0,0,0,0,0,0,0,0,0,0,0,0,0,0,0,0,0,0,0,0,0,0,0,0,0,0,0,0,0,0,0,0,0,0,0,0,0,0,0,0,0,0,0,0
0,0,0,0,0,0,0,0,0,0,0,0.191553970408994,0,0,0,0,0,0,0,0,0,0,0,0,0,0,0,0.177030162903413,0,0.203538730894697,0,0,0,0,0,0,0,0,0,0,0,0,0,0,0,0,0,0,0,0.355226583778858,0,0,0,0,0,0,0,0,0,0,0,0,0,0,0.351135858893394,0,0,0,0,0,0,0,0,0,0,0,0,0,0,0,0,0,0,0.194441508501768,0,0,0
0,0,0,0,0,0,0,0,0,0,0,0,0,0,0,0,0,0,0,0,0,0,0,0,0,0,0,0,0,0,0,0,0,0,0,0,0,0,0,0,0,0,0,0,0,0,0,0,0,0,0,0,0,0,0,0,0,0,0,0,0,0,0,0,0,0,0,0,0,0,0,0,0,0,0,0,0,0,0,0,0,0,0,0,0,0,0
0,0.236858896729423,0,0.269384205341339,0,0,0,0,0,0,0,0.163668858835281,0,0,0,0,0.255470518022776,0.277192287147045,0.313764896392822,0,0,0,0,0,0,0,0,0,0,0.169047921895981,0,0,0,0.319938319921494,0,0,0,0,0,0.271736551385259,0.25733545422554,0.304027576486112,0.252350529034932,0,0,0.288940668356519,0,0.291688522685964,0,0.285237079174602,0,0,0,0,0,0,0,0.349016996120152,0,0,0,0,0.404260288329388,0,0,0,0,0,0,0,0,0,0,0,0,0,0.280370473861694,0,0.285742246442371,0,0.295138082695457,0.242360278964043,0.25386515666138,0.241161044687033,0.3664123442173,0.328181063942917,0
0,0,0,0,0,0,0,0,0,0,0,0,0,0,0,0,0.251421985335839,0.233259197685026,0.25293794641756,0,0,0,0,0,0,0,0,0,0,0,0,0,0,0,0,0,0,0,0,0.249822120774876,0.254352579512623,0.234024641769273,0.297439804078599,0,0.269205898046494,0,0.263481187222172,0,0.270276646062983,0.24733604490757,0,0,0,0,0,0,0.354089503091845,0,0,0,0,0,0,0.309781694412231,0,0,0,0,0,0,0,0,0,0,0,0,0,0,0.25252236922582,0.263362688328519,0,0.328157393432952,0.242288603489079,0.229677028954029,0.300155880334992,0.23348006606102,0.328969284349125
0,0,0,0,0,0,0,0,0,0,0,0,0,0,0,0,0,0,0,0,0,0,0,0,0,0,0,0,0,0,0,0.342678231449806,0,0.34160029218438,0,0.186171866509299,0,0.339114489725658,0,0,0,0,0,0,0,0.207047484815121,0,0.27653964444892,0,0.191317577111094,0,0,0,0,0,0,0,0,0,0,0,0,0,0,0,0,0,0,0,0,0,0,0,0,0,0,0.353107474949921,0,0.250986779056903,0,0.239253437549798,0,0.14277502826669,0,0.276311665773392,0,0
0,0,0,0,0,0,0,0,0,0,0,0,0,0,0,0,0,0,0,0,0,0,0,0,0,0,0,0,0,0,0,0.142838227748871,0.382130211771818,0,0.371354629990481,0.200780406594276,0.17993485618819,0,0.341831552130835,0,0,0,0,0,0,0,0,0.377772747101515,0,0,0,0,0,0,0,0,0,0,0,0,0,0,0,0,0,0,0,0,0,0,0,0,0,0,0,0,0,0.386942845023079,0,0.370636403560638,0,0.334597766399384,0.162450366058657,0,0,0,0
0,0,0,0.273508176207542,0,0,0,0,0,0,0,0,0,0,0,0,0,0,0,0,0,0.351359178622564,0,0,0,0,0,0,0,0,0,0.34443134226639,0,0.3621461781269,0.397120475791021,0.29495719090565,0.303060968716939,0.260203636070686,0.360990149279435,0.299685567617416,0,0.24374105442654,0,0,0,0.287780789918797,0,0.429559244755036,0.626781038939953,0.251501247816877,0,0,0,0,0,0,0,0,0,0,0,0,0,0,0,0,0,0,0,0,0,0,0.280370473861694,0,0.353107474949921,0,0,0.458232303911275,0.316772865777877,0,0.33939231185496,0.570626574579407,0.404736755856895,0.308436065912247,0.295906140501129,0,0
0,0,0,0,0,0,0,0,0,0,0,0,0,0,0,0,0,0,0,0,0,0,0,0,0,0,0,0,0,0,0,0,0.382310234271643,0.42480125547518,0.398054692822118,0,0.284380681761023,0.346600653444018,0.285983314045838,0,0,0,0.26734647154808,0,0,0,0.290185104654386,0.445101076665978,0.271078114022208,0.392386835813522,0,0,0,0,0,0,0,0,0,0,0,0,0,0,0,0,0,0,0,0,0,0,0,0,0,0.386942845023079,0.458232303911275,0,0,0.317308859878711,0.502612366106199,0.335704004293994,0.367657312821542,0.225907617947087,0.314270291663706,0,0
0,0,0,0.236243621259928,0,0,0,0,0,0,0,0.151993175791133,0,0,0,0,0.268108227889832,0.303026839154553,0.363921714290907,0.182360414918319,0,0,0,0,0,0,0,0,0,0,0,0.208417209092101,0,0.298770180110328,0,0.208681122799173,0.159918938474409,0.154031570838845,0,0.314006356674641,0.295937473575274,0.280424947552054,0.253512745416617,0.364082745256194,0.309015676379204,0.27014176791951,0.32576122879982,0.256723246150292,0.232642307877541,0.259643663179347,0,0,0,0,0,0,0.248591065406799,0.154144406318665,0,0,0,0,0.195926458984613,0,0,0,0,0,0,0,0,0,0.285742246442371,0.25252236922582,0.250986779056903,0,0.316772865777877,0,0,0.2741448031022,0.279427520403495,0.300742089748383,0.238697557408914,0.284837870841038,0.289307343039474,0.332098026464625,0
0.339394807815552,0,0,0,0,0,0,0,0,0,0.162617594003677,0,0,0,0,0,0.281936987584185,0.255026161389531,0.342151777627183,0,0.176729938104039,0,0,0,0,0,0,0,0,0,0,0,0.146930947899818,0,0.332258652217563,0.165798620320857,0.20092206653336,0,0.155640587210655,0.29345315694809,0.280017421440515,0.266397073864937,0.307684807512373,0.268023207783699,0.380490297642752,0,0.319191937126072,0.218132168054581,0.243928113498747,0,0,0,0,0,0,0,0,0,0,0,0,0,0,0.374632885058721,0,0,0,0,0,0,0,0,0,0.263362688328519,0,0.370636403560638,0,0.317308859878711,0.2741448031022,0,0.302161142230034,0.222262460389175,0.227819518178409,0.291643677882745,0.296922769246433,0.30565881729126,0.358311027288437
0,0.248915209621191,0,0.269174687288426,0,0,0,0,0,0.229782834649086,0,0.182362304962707,0,0,0,0,0.293484311699867,0.328435050988836,0.393080640069786,0.193030179076254,0,0.211157207174185,0,0.278237849473953,0,0,0,0,0,0.150939481866943,0,0.245638295615974,0,0.50269688283548,0.620903615917109,0.134532822356543,0,0.313291525172547,0.581292215802453,0.260143621002927,0.262388378381729,0.356041516490753,0.290365104765996,0.427543792952882,0.336458762486776,0.316470391280439,0.301563754677773,0.521238900906437,0.63960927353855,0.305703177811764,0,0,0,0,0,0,0,0.188141193240881,0,0,0,0,0.248943860430529,0,0.330509538873437,0,0.28704501972312,0,0,0,0,0,0.295138082695457,0,0.239253437549798,0,0.33939231185496,0.502612366106199,0.279427520403495,0.302161142230034,0,0.633173351861914,0.297655338578353,0.303076446056366,0.333459810977649,0.366511725161861,0.292187839746475
0,0,0,0,0,0,0,0,0,0,0.183375058244718,0,0,0,0,0,0.306930652745455,0.274398158770055,0.343499748800427,0,0.16487184053014,0,0.206268577131888,0,0.171894507110119,0,0,0,0,0,0.206213143343727,0,0,0.599805309792674,0.481792218281739,0,0.158991407230496,0.585625200280372,0.269623575644352,0.257825623859059,0.226316404997194,0.247344904475742,0.324754179970346,0,0.483562032381694,0,0.243469772087107,0.59158665413533,0.258516379255253,0.605868932097516,0,0,0,0,0,0,0,0,0,0,0,0,0,0.329724786182245,0,0.301011358986752,0,0,0,0,0,0,0.242360278964043,0.328157393432952,0,0.334597766399384,0.570626574579407,0.335704004293994,0.300742089748383,0.222262460389175,0.633173351861914,0,0.336297267055059,0.216515190899372,0.38035433215494,0.2903111577034,0.346759658590337
0.142065212096985,0.133651839165958,0.150546615322431,0.146838210911854,0,0.120595403015614,0,0,0.183582640858182,0.188792436424955,0.143424198528131,0,0.222913275162379,0.307270011462663,0.173241566138074,0.320488406611981,0.154194217275007,0.159239985617163,0.205257620087392,0.143640036551865,0,0.176481642816644,0.145895075461027,0.159653393726998,0.163276030528314,0,0,0.222475491560899,0,0.144108074903488,0,0.136141032525679,0.16643961839951,0.40770751186819,0.476709249115338,0.242567675891293,0.263436059149677,0.194667198232837,0.229364290955614,0.253266904772235,0.23274904743755,0.221552215514022,0.201063915151425,0.219098607916385,0.215571967331139,0.28114153527472,0.265991022544248,0.392062445277394,0.253886833786964,0.289431511776444,0,0,0,0,0.181460475248675,0.182677435129881,0.177488510871862,0.31519766483042,0,0.232157845123141,0.195914819836617,0.176108374543812,0.152728224977512,0.225752275437117,0.181031996495015,0.161866135895252,0,0.137952821042675,0,0,0,0,0.25386515666138,0.242288603489079,0.14277502826669,0.162450366058657,0.404736755856895,0.367657312821542,0.238697557408914,0.227819518178409,0.297655338578353,0.336297267055059,0,0.32272352935654,0.238821427947244,0.157044544559101,0.174108930505239
0,0,0,0,0,0,0,0,0.188830962777138,0.237158734374826,0,0,0,0,0,0.207826316356659,0,0.225069562594096,0,0,0,0.198446933212431,0.133754627581415,0,0,0,0,0.226471790766462,0,0,0,0,0,0.266754548996687,0.224259824261946,0.310561233609376,0.306263034542402,0,0.292818248271942,0.220568105578423,0,0.221461047551462,0.212524910091426,0,0,0.338905656337738,0,0.420533985927187,0,0.285028514266014,0,0,0,0,0,0,0,0,0,0,0,0.212915142377218,0,0,0.236655827103691,0.15704114309379,0,0,0,0,0.194441508501768,0,0.241161044687033,0.229677028954029,0,0,0.308436065912247,0.225907617947087,0.284837870841038,0.291643677882745,0.303076446056366,0.216515190899372,0.32272352935654,0,0.27370558572667,0,0
0.145179775738439,0.207631981231828,0.147636414693687,0.191153643551871,0.169235441833735,0.164822535589337,0,0,0.157157865979455,0.160772638466522,0,0,0,0,0,0,0.269255089898442,0.259751916145448,0.305460286804019,0,0,0,0,0.202978447079659,0,0,0,0,0,0,0,0,0.277511447668076,0.441956873983145,0.358167489158346,0.263057733575503,0.202417815725009,0.250223789215088,0.293390608220526,0.282725370087432,0.27705171232205,0.299096093331296,0.28269185627631,0.343133346306958,0.371958002877923,0.263393658625594,0.285999678301089,0.36097368274788,0.305840901977437,0.295889786490878,0,0,0,0,0,0,0.300209753215313,0.372374128843291,0,0,0,0,0.380219451451706,0.331251569092274,0,0,0,0,0,0,0,0,0.3664123442173,0.300155880334992,0.276311665773392,0,0.295906140501129,0.314270291663706,0.289307343039474,0.296922769246433,0.333459810977649,0.38035433215494,0.238821427947244,0.27370558572667,0,0.300802358232748,0.352963885139017
0,0,0,0,0,0,0,0,0,0.13562922924757,0,0,0,0,0,0,0.206894048131429,0.238081490000089,0.2893872752028,0,0,0,0,0,0,0,0,0,0,0,0,0,0,0,0,0,0,0.207515968995936,0,0.272789551615715,0.233725622296333,0.281801314454481,0.299674719572067,0.439291831105947,0.313912719488144,0.328629434108734,0,0.2209416081508,0,0.27834636370341,0,0,0,0,0,0,0,0.325791265070438,0,0,0,0,0,0,0,0,0,0,0,0,0,0,0.328181063942917,0.23348006606102,0,0,0,0,0.332098026464625,0.30565881729126,0.366511725161861,0.2903111577034,0.157044544559101,0,0.300802358232748,0,0
0,0,0,0,0,0,0,0,0,0,0,0,0,0,0,0,0.257678930599665,0.242661073803902,0.219609675559017,0,0,0,0,0,0,0,0,0,0,0,0,0,0,0,0,0,0,0,0,0.25661301612854,0.289286652579904,0,0.223927435793088,0,0,0,0,0,0.274878184000651,0,0,0,0,0,0,0,0.298670162882986,0,0,0,0,0,0,0,0,0,0,0,0,0,0,0,0,0.328969284349125,0,0,0,0,0,0.358311027288437,0.292187839746475,0.346759658590337,0.174108930505239,0,0.352963885139017,0,0
