0,0,3.02683552106222,0,8.82882030010223,0,0,0,4.15158203575346,0,0,0,0,0,0,0,0,0,0,0,0,0,0,0,0,0,0,0,0,0,0,0,0,0,0,0,0,0,0,0,0,0,8.57568981912401,0,0,0,0,0,3.5916588306427,0,0,0,0,0,4.39810381616865,0,0,0,0,0,0,0,0,0,0,0,0,0,0,0,0,0,0,0,0,0,0,0,0,0,0,0,12.4492570097575,9.99045633486179,5.34622074334874,0,0
0,0,0,0,0,0,0,0,0,4.66700289296169,0,0,0,0,0,0,0,0,2.94094848632812,0,0,0,0,0,0,0,0,0,0,0,0,0,0,0,0,0,0,0,0,0,0,5.10706984295565,0,0,0,0,0,0,0,5.59663834938636,0,0,0,0,0,3.37151411079591,0,0,0,3.9323664771186,0,3.06108583422268,0,0,0,0,3.39940272058759,0,0,0,0,0,0,0,0,0,0,0,0,0,0,0,3.85924972286661,0,4.95630859786018,0,0
3.02683552106222,0,0,0,3.27918232336522,0,0,0,3.05271416902542,0,0,0,0,0,0,0,0,0,0,0,0,0,0,0,0,0,0,0,0,0,0,0,0,0,0,0,0,0,0,0,0,0,0,0,0,0,0,0,3.83987443851975,0,0,0,0,0,0,0,0,0,0,0,0,0,0,0,0,0,0,0,0,0,0,0,0,0,0,0,0,0,0,0,0,0,3.33636730476465,0,3.36107122417419,0,8.83786773681641
0,0,0,0,0,3.73886824487806,0,0,0,3.51314560890198,0,0,0,0,0,0,0,0,0,0,0,0,0,0,0,0,0,0,0,0,0,0,0,0,0,0,0,0,0,0,0,0,0,0,0,0,0,0,0,4.73843193054199,0,0,0,0,0,2.73404264450073,0,3.56279524167379,0,3.33076057434082,0,2.94994699954987,0,0,0,0,0,0,0,0,0,0,0,0,0,0,0,0,0,0,0,0,3.61817720137447,0,2.93330383300781,0,0
8.82882030010223,0,3.27918232336522,0,0,0,0,0,4.61935873985291,0,0,0,2.75241565704346,0,0,0,0,0,0,0,0,0,0,0,0,0,0,0,0,0,0,0,0,0,0,0,3.26638758182526,0,0,0,0,0,0,0,0,0,0,0,0,0,2.90104644838041,0,0,0,7.09825519720713,0,0,0,0,0,0,0,0,0,0,0,0,0,0,0,0,0,0,0,0,0,0,0,0,0,0,0,3.65717196872092,9.97636453310649,0,0,0
0,0,0,3.73886824487806,0,0,0,0,0,3.17484089677984,0,0,0,11.3696150779724,0,10.5193521976471,0,17.9556770324707,0,2.87837628364563,0,0,0,0,0,0,0,0,0,0,0,0,0,0,0,0,0,0,0,0,0,0,0,0,0,0,0,0,0,0,0,3.03724902409774,0,0,0,2.95033030772428,0,0,0,12.7559611002604,0,4.2570928977086,0,0,0,0,0,0,0,0,0,0,0,0,0,0,0,0,0,0,0,0,4.35623051864631,9.91974839297208,2.84858047962189,0,0
0,0,0,0,0,0,0,0,0,0,0,0,0,0,0,0,0,0,0,0,0,0,0,0,0,0,0,0,0,0,0,0,0,0,0,0,3.36919379234314,0,0,0,0,0,0,0,0,0,0,0,0,0,0,0,3.01403369222369,0,0,0,3.58587055206299,0,3.05629989079067,0,0,0,0,0,0,0,0,0,0,0,0,0,0,0,0,0,0,0,0,0,0,0,2.98862911496844,0,0,0,0
0,0,0,0,0,0,0,0,0,0,0,0,0,0,0,0,0,0,0,2.74035048484802,0,0,0,0,0,0,0,0,0,0,0,0,0,0,0,0,0,0,0,0,0,0,0,0,0,0,0,0,0,0,0,4.22047473355836,0,3.4186826323065,0,0,0,3.17922069809654,0,3.12791039864222,0,0,0,0,0,0,0,0,0,0,0,0,0,0,0,0,0,0,0,0,0,0,2.92673026909262,3.41213689531599,0,0,0
4.15158203575346,0,3.05271416902542,0,4.61935873985291,0,0,0,0,0,0,0,0,0,3.92806665102641,0,0,0,0,0,0,0,0,0,7.19594812393188,0,0,0,0,0,0,0,0,0,0,0,0,0,0,0,0,0,0,0,0,0,0,0,3.68294632434845,0,0,0,0,0,3.51025923345244,0,0,0,0,0,0,0,0,0,0,0,0,2.73050880432129,0,0,0,0,0,0,0,0,0,0,0,0,0,0,5.97626516561617,7.20736927859449,0,0,0
0,4.66700289296169,0,3.51314560890198,0,3.17484089677984,0,0,0,0,0,0,0,0,0,0,0,3.99288612604141,5.46435065780367,0,0,0,0,4.74097470748119,0,0,0,0,0,0,0,0,0,0,0,0,0,4.57112115276033,0,0,0,0,0,0,0,0,0,0,0,6.61936044692993,0,0,0,0,0,3.21885792165995,0,0,0,0,0,2.81391994158427,0,0,0,0,4.06229338822541,0,0,0,0,0,0,0,0,0,0,0,0,0,7.69678827404052,0,4.42736724633877,10.0117565932097,6.94441514436589,0,0
0,0,0,0,0,0,0,0,0,0,0,0,3.94053598912093,0,0,0,0,0,0,0,4.13267364257421,0,0,0,0,0,0,0,0,0,0,0,0,0,0,0,2.82049694061279,0,3.45385792255402,0,0,0,0,0,0,0,13.0518007278442,0,0,0,0,0,0,0,0,0,3.16631851249567,0,4.79016873716306,0,0,0,0,4.67764282044564,0,0,0,0,0,0,0,0,0,0,0,0,0,0,0,4.31407231092453,0,4.19798239704498,3.10164163552556,0,15.2706384658813,0,0
0,0,0,0,0,0,0,0,0,0,0,0,0,3.38687937118294,0,0,0,0,0,3.41039219017595,0,0,0,0,0,0,0,3.51369496547815,0,3.50373255505281,0,0,0,0,0,3.46398098645983,0,3.48141932743852,0,0,0,0,0,0,0,0,0,0,0,0,0,0,0,0,0,0,0,3.64800983144116,0,4.30684403587681,0,0,3.33403279092075,0,0,0,0,0,0,0,4.96554516461081,0,4.99118686033719,0,0,0,0,0,4.18965629258081,0,3.78407293519416,0,4.09368541524127,4.41445953433273,0,0,0
0,0,0,0,2.75241565704346,0,0,0,0,0,3.94053598912093,0,0,0,0,0,0,0,0,0,0,0,0,0,0,0,0,0,3.66263923500523,0,0,0,0,0,0,0,0,0,0,0,0,0,0,0,0,0,0,0,0,0,0,0,0,0,0,0,5.14453733281085,0,3.72508039913065,0,0,0,0,0,0,0,0,0,0,0,0,4.04019660028544,0,0,0,0,0,0,0,0,0,0,3.31629361621404,0,0,0,0
0,0,0,0,0,11.3696150779724,0,0,0,0,0,3.38687937118294,0,0,0,2.9847141901652,0,0,0,0,0,0,0,0,0,2.94349575042725,0,0,0,0,0,0,0,0,0,0,0,0,0,0,0,0,0,0,0,0,0,0,0,0,0,15.5090962323275,0,2.73982334136963,0,0,0,3.69080320686706,0,3.3690673273932,0,3.29833760261536,0,0,0,0,0,0,0,0,4.87613341957331,0,0,0,0,0,0,0,0,0,0,0,6.63192284051503,4.42912305904802,0,0,0
0,0,0,0,0,0,0,0,3.92806665102641,0,0,0,0,0,0,0,0,0,0,0,0,0,0,0,0,0,0,0,0,0,0,0,0,0,0,0,0,0,0,0,0,0,0,0,0,0,0,0,0,0,5.07086777687073,0,0,0,3.6367138299075,0,0,0,0,0,0,0,0,0,0,0,0,0,0,0,0,0,0,0,0,0,0,0,0,0,0,0,4.95298875773207,0,0,0,0
0,0,0,0,0,10.5193521976471,0,0,0,0,0,0,0,2.9847141901652,0,0,0,0,0,0,0,0,0,0,0,0,0,0,0,0,0,0,0,0,0,0,0,0,0,0,0,0,0,0,0,0,0,0,0,0,0,14.0893616676331,0,0,0,0,0,0,0,2.94932985305786,0,3.55590908321334,0,0,0,0,0,0,0,0,0,0,0,0,0,0,0,0,0,0,0,0,4.69642415510015,5.2051600607074,0,0,0
0,0,0,0,0,0,0,0,0,0,0,0,0,0,0,0,0,6.73228635973238,14.6038982667029,0,0,0,4.22311902046204,0,5.76607672594212,0,0,0,0,0,0,0,0,0,0,0,0,0,0,0,43.0670943790012,26.4197669723659,19.2201181042428,40.2249336242676,19.6108481089274,0,0,0,0,0,0,0,0,0,0,0,0,0,0,0,0,0,0,0,0,0,0,0,0,0,0,0,0,0,0,0,0,0,50.5860141118368,44.7246437072754,0,0,5.76103605384507,0,37.8806328406701,0,17.3756893310547
0,0,0,0,0,17.9556770324707,0,0,0,3.99288612604141,0,0,0,0,0,0,6.73228635973238,0,8.76711748176318,0,0,0,0,15.1650514602661,0,0,0,0,0,0,0,0,0,0,0,0,0,0,0,45.3090896606445,44.0699806213379,22.8690237681071,30.7114293840196,0,0,0,0,0,0,0,0,0,0,0,0,0,0,0,0,0,0,0,0,0,0,0,0,0,0,0,0,0,0,0,0,0,0,0,46.1916324908917,0,0,0,6.19387382118935,21.2963499181411,41.0798552831014,19.5678736742805,32.1779581705729
0,2.94094848632812,0,0,0,0,0,0,0,5.46435065780367,0,0,0,0,0,0,14.6038982667029,8.76711748176318,0,0,0,0,0,11.1379427909851,0,0,0,0,0,0,0,0,0,0,0,0,0,0,0,35.3560520807902,34.920867570689,7.17701474056958,10.9560919190045,3.64386806932427,7.27806653618813,32.4002962112427,0,0,0,0,0,0,0,0,0,0,0,0,0,0,0,0,0,0,0,0,0,0,0,0,0,0,0,0,0,0,0,0,34.7880265360643,41.2464611530304,0,0,11.1713167328124,11.2619954015388,7.96078915965953,5.29762474108604,13.8904660982745
0,0,0,0,0,2.87837628364563,0,2.74035048484802,0,0,0,3.41039219017595,0,0,0,0,0,0,0,0,0,0,0,0,0,0,0,0,0,0,0,0,0,0,0,3.44646973337828,0,3.18553309925532,0,0,0,0,0,0,0,0,0,0,0,0,0,3.43612492879232,0,3.26251423358917,0,0,0,5.0597812381104,0,0,0,0,3.04848657051722,0,0,0,0,0,0,0,0,0,2.94632577896118,0,0,0,0,0,3.55014832966948,0,3.62588822084127,0,2.84504663944244,0,0,0,0
0,0,0,0,0,0,0,0,0,0,4.13267364257421,0,0,0,0,0,0,0,0,0,0,0,0,0,0,0,0,0,0,0,5.91484842300415,0,0,0,0,0,2.84206845885829,0,3.89180395520967,0,0,0,0,0,0,0,13.319346110026,0,0,0,0,0,0,0,0,0,4.83863825268216,0,0,0,0,0,0,4.30555809054145,0,0,0,0,0,0,0,0,0,6.92759590628762,0,0,0,0,0,3.14411605849411,0,4.39549760881223,0,0,4.08361226114733,0,0
0,0,0,0,0,0,0,0,0,0,0,0,0,0,0,0,0,0,0,0,0,0,3.3715456608682,2.8156618475914,0,0,0,0,0,0,0,0,0,0,0,0,0,3.03579897675293,4.95878553390503,0,0,0,0,0,0,0,0,0,0,0,0,0,0,0,0,0,0,0,0,0,0,0,0,0,3.10851163222203,3.86006916875839,2.88305846544412,0,0,0,3.2400714800908,0,0,0,0,0,0,0,0,0,3.90983361707014,0,3.72228952824816,4.22918827463498,0,0,0
0,0,0,0,0,0,0,0,0,0,0,0,0,0,0,0,4.22311902046204,0,0,0,0,3.3715456608682,0,0,0,0,2.82247252897783,0,3.4649098071185,0,0,0,0,0,0,0,0,0,3.05949535484314,0,0,0,0,0,0,0,0,0,0,0,0,0,0,0,0,0,0,0,0,0,0,0,0,0,4.46621532440186,3.58824550654421,0,0,0,3.6228096128994,0,3.65208218929079,0,0,0,0,0,0,0,0,0,3.48981723178672,5.45921455234439,4.6275977223836,0,0,0
0,0,0,0,0,0,0,0,0,4.74097470748119,0,0,0,0,0,0,0,15.1650514602661,11.1379427909851,0,0,2.8156618475914,0,0,0,0,0,0,0,0,0,0,0,0,0,0,0,4.36350712628098,0,0,0,0,0,0,0,0,0,0,0,6.32783296433362,0,0,0,0,0,4.25343813382991,0,0,0,0,0,2.94126749038696,0,0,2.87766265869141,0,3.28108250217204,0,3.00387752056122,0,0,0,0,0,0,0,0,0,0,0,4.4293455967495,0,6.32165785457777,0,6.93800885900319,0,0
0,0,0,0,0,0,0,0,7.19594812393188,0,0,0,0,0,0,0,5.76607672594212,0,0,0,0,0,0,0,0,0,0,0,0,0,0,0,0,0,0,0,0,0,3.68902806216066,0,0,0,0,0,0,0,0,0,5.92676049730052,0,0,0,0,0,14.3590297698975,0,0,0,0,0,0,0,0,0,0,0,0,4.73676879782426,0,0,0,0,0,0,0,0,0,0,0,0,0,3.04873838454547,5.28293636219784,0,7.31334398307052,0,0
0,0,0,0,0,0,0,0,0,0,0,0,0,2.94349575042725,0,0,0,0,0,0,0,0,0,0,0,0,0,2.91637325286865,0,0,0,0,0,0,0,0,0,0,0,0,0,0,0,0,0,0,0,0,0,0,0,0,0,0,0,0,0,0,0,0,0,0,0,0,0,0,0,0,3.14915609359741,0,2.94272804260254,0,0,0,0,0,0,0,0,0,0,0,0,0,0,0,0
0,0,0,0,0,0,0,0,0,0,0,0,0,0,0,0,0,0,0,0,0,0,2.82247252897783,0,0,0,0,0,0,0,0,0,0,0,0,0,0,0,0,0,0,0,0,0,0,0,0,0,0,0,0,0,0,0,0,0,0,0,0,0,0,0,0,0,0,0,0,0,0,3.01921819603961,0,0,0,0,0,0,0,0,0,0,0,0,0,0,0,0,0
0,0,0,0,0,0,0,0,0,0,0,3.51369496547815,0,0,0,0,0,0,0,0,0,0,0,0,0,2.91637325286865,0,0,0,2.98391323619419,0,0,0,0,0,0,0,0,0,0,0,0,0,0,0,0,0,0,0,0,0,0,0,0,0,0,0,4.60606248994892,0,6.71026745248348,0,0,0,0,3.09570098477741,0,0,0,0,0,3.48690504128699,0,3.28284946227896,0,0,0,0,0,0,0,0,0,3.32155358791351,4.05924322264535,0,0,0
0,0,0,0,0,0,0,0,0,0,0,0,3.66263923500523,0,0,0,0,0,0,0,0,0,3.4649098071185,0,0,0,0,0,0,0,3.24027820114504,0,0,0,0,0,0,0,3.15152320155391,0,0,0,0,0,0,0,0,0,0,0,0,0,0,0,0,0,0,0,4.49423411609681,0,0,0,0,0,0,3.72847376325551,0,0,0,3.31720301162365,0,3.49192625855842,0,4.65650898136505,0,0,0,0,0,0,0,2.73947179317474,3.0305563787945,0,0,0,0
0,0,0,0,0,0,0,0,0,0,0,3.50373255505281,0,0,0,0,0,0,0,0,0,0,0,0,0,0,0,2.98391323619419,0,0,0,0,0,0,0,0,0,3.29631884396076,0,0,0,0,0,0,0,0,0,0,0,0,0,0,0,0,0,0,0,3.69533997490293,0,0,0,0,0,0,0,0,0,0,0,0,3.56230342078276,0,2.90541736791088,0,0,0,0,0,0,0,3.99104401995154,0,2.85679316520691,0,0,0,0
0,0,0,0,0,0,0,0,0,0,0,0,0,0,0,0,0,0,0,0,5.91484842300415,0,0,0,0,0,0,0,3.24027820114504,0,0,0,0,0,0,0,0,0,0,0,0,0,0,0,0,0,0,0,0,0,0,0,0,0,0,0,0,0,0,0,0,0,0,8.72086922327677,0,0,0,0,0,0,0,3.54818971260734,0,3.27866516997483,0,0,0,0,0,0,0,0,2.91385041342841,0,0,0,0
0,0,0,0,0,0,0,0,0,0,0,0,0,0,0,0,0,0,0,0,0,0,0,0,0,0,0,0,0,0,0,0,4.00095675842177,4.40713705335345,7.59044170379639,3.33704410057401,5.89013779040464,0,0,0,0,0,0,0,0,0,0,4.83152706158626,0,0,0,0,0,0,0,0,0,0,0,0,0,0,0,0,0,0,0,0,0,0,0,0,0,0,4.26111610092927,4.60536041117239,0,8.61418943904167,4.93849470495786,10.6867510048689,0,0,3.50820644062721,0,0,0,0
0,0,0,0,0,0,0,0,0,0,0,0,0,0,0,0,0,0,0,0,0,0,0,0,0,0,0,0,0,0,0,4.00095675842177,0,6.07744127511978,6.44766536951065,3.52729226757028,3.89288689318486,0,0,0,0,0,0,0,0,0,0,4.6301244455375,0,0,0,0,0,0,0,0,0,0,0,0,0,0,0,0,0,0,0,0,0,0,0,0,0,0,4.67529722986635,3.75263094961053,0,16.9499279658,4.95399128670399,6.28452461019104,0,0,2.99784775937035,0,0,0,0
0,0,0,0,0,0,0,0,0,0,0,0,0,0,0,0,0,0,0,0,0,0,0,0,0,0,0,0,0,0,0,4.40713705335345,6.07744127511978,0,4.0370353085841,3.03534471988678,0,2.88472026586533,12.2722063700358,0,0,0,16.1803415298462,0,0,0,0,9.4118899213734,16.5359483718872,0,0,0,0,0,0,0,0,0,0,0,0,0,0,0,0,0,0,0,0,0,0,0,0,0,20.8021710395813,7.02054977416992,4.66234362293297,5.94170102956992,9.01561630151489,9.22021503448486,4.01795849976716,17.497256098724,3.56383001103121,0,13.8099540363659,0,0
0,0,0,0,0,0,0,0,0,0,0,0,0,0,0,0,0,0,0,0,0,0,0,0,0,0,0,0,0,0,0,7.59044170379639,6.44766536951065,4.0370353085841,0,0,3.04030364751816,3.77870432138443,3.50540015361453,0,0,0,0,0,0,0,0,7.2813522188287,0,11.5222363471985,0,0,0,0,0,0,0,0,0,0,0,0,0,0,0,0,0,0,0,0,0,0,0,0,0,19.9607583880424,6.544820918654,7.6068412946288,0,8.65170233590262,9.24073250347612,3.61983352520249,3.12556979800231,0,0,0,0
0,0,0,0,0,0,0,0,0,0,0,3.46398098645983,0,0,0,0,0,0,0,3.44646973337828,0,0,0,0,0,0,0,0,0,0,0,3.33704410057401,3.52729226757028,3.03534471988678,0,0,3.5023947809131,3.81370450175086,3.45655927658081,9.75186081203872,13.8121150334676,0,0,0,0,6.13720837093535,26.832347869873,4.56123647243857,10.0539552370707,10.6282398267226,0,0,0,0,0,0,0,4.65208761129202,0,0,0,0,4.17225269202528,0,0,0,0,0,0,0,0,0,0,0,5.29685573771075,3.62824996963876,2.87082044283549,0,4.53567700081691,6.2519527204145,3.49127075551319,0,4.34059906445038,6.64820128296166,8.08638377286292,0,0
0,0,0,0,3.26638758182526,0,3.36919379234314,0,0,0,2.82049694061279,0,0,0,0,0,0,0,0,0,2.84206845885829,0,0,0,0,0,0,0,0,0,0,5.89013779040464,3.89288689318486,0,3.04030364751816,3.5023947809131,0,0,2.93477155157813,16.8448925385965,13.3023648600893,0,0,0,0,31.1731211344401,6.10061070562779,5.04546212745925,6.0073102890177,8.74899082713657,0,0,0,0,0,0,0,0,0,0,0,0,0,2.94431985341586,0,0,0,0,0,0,0,0,0,0,6.15328352463427,5.77399490127427,0,0,5.6765609165465,3.98449178121965,0,2.9035028219223,3.68175651945907,5.62516238125445,6.7667380819718,0,0
0,0,0,0,0,0,0,0,0,4.57112115276033,0,3.48141932743852,0,0,0,0,0,0,0,3.18553309925532,0,3.03579897675293,0,4.36350712628098,0,0,0,0,0,3.29631884396076,0,0,0,2.88472026586533,3.77870432138443,3.81370450175086,0,0,6.38587792103107,0,0,0,18.8987395923599,0,0,0,0,7.28758914462645,17.4092219888347,5.54101723354114,0,0,0,0,0,5.91195654570122,0,4.22012851358426,0,0,0,0,4.10545079980121,0,5.10399131761508,31.575897693634,5.73387726093349,0,11.5638454437256,0,0,0,3.91234310912179,0,0,0,2.94962477684021,4.41001604852222,3.01891394241436,0,4.3568912752998,9.75743044520679,4.60831831853221,2.73739266395569,11.4632081291599,0,0
0,0,0,0,0,0,0,0,0,0,3.45385792255402,0,0,0,0,0,0,0,0,0,3.89180395520967,4.95878553390503,3.05949535484314,0,3.68902806216066,0,0,0,3.15152320155391,0,0,0,0,12.2722063700358,3.50540015361453,3.45655927658081,2.93477155157813,6.38587792103107,0,0,0,0,6.74628874834846,0,0,0,14.0943493843079,10.3889753143742,5.31308627756018,0,0,0,0,0,0,0,0,0,0,0,0,0,0,5.15557962264458,0,6.12000648696701,0,5.4645436854521,0,0,0,3.0290830430418,0,0,0,0,12.2857707341512,4.45510431627433,2.94497934977214,3.30106388220266,11.3512054671926,4.05200050436618,3.27716261783637,3.09771215397379,6.10225702797234,0,0
0,0,0,0,0,0,0,0,0,0,0,0,0,0,0,0,0,45.3090896606445,35.3560520807902,0,0,0,0,0,0,0,0,0,0,0,0,0,0,0,0,9.75186081203872,16.8448925385965,0,0,0,17.5400531097028,29.6569160894463,39.8166046142578,0,0,6.66514353480255,23.9679419199626,13.8279245070049,10.6318283081055,15.3974845530673,0,0,0,0,0,0,0,36.5758758544922,0,0,0,0,5.50399297389012,0,0,0,0,0,0,0,0,0,35.8079898549723,0,13.5949818293254,0,0,0,6.29944326922936,18.3603054062795,25.7323075748352,0,15.4252509474754,0,13.0109625478922,29.8478652238846,0
0,0,0,0,0,0,0,0,0,0,0,0,0,0,0,0,43.0670943790012,44.0699806213379,34.920867570689,0,0,0,0,0,0,0,0,0,0,0,0,0,0,0,0,13.8121150334676,13.3023648600893,0,0,17.5400531097028,0,49.5278968811035,14.0903871360975,0,17.0945332845052,25.4767246246338,7.30936809124741,9.69210936659474,6.36740267480889,9.3616795224302,0,0,0,0,0,0,30.4407384963263,0,0,0,0,0,0,4.66030666450927,0,0,0,0,0,0,0,0,0,35.7454983091173,0,15.3568000793457,0,0,19.8758919639925,5.21935252732972,0,28.9857190683347,23.9169189135234,0,11.3355542588532,0,0
0,5.10706984295565,0,0,0,0,0,0,0,0,0,0,0,0,0,0,26.4197669723659,22.8690237681071,7.17701474056958,0,0,0,0,0,0,0,0,0,0,0,0,0,0,0,0,0,0,0,0,29.6569160894463,49.5278968811035,0,14.9082889019603,4.22853109823964,0,24.3030883777799,0,23.8165728251139,0,26.8354693304779,0,0,0,0,0,0,0,9.0861262715695,0,0,0,0,7.97600867882824,0,0,0,0,0,0,0,0,0,13.1427100043872,0,0,0,0,0,19.0490414243816,0,16.9478535831319,0,17.1965447687789,0,11.382071289631,3.624693248221,17.848005188836
8.57568981912401,0,0,0,0,0,0,0,0,0,0,0,0,0,0,0,19.2201181042428,30.7114293840196,10.9560919190045,0,0,0,0,0,0,0,0,0,0,0,0,0,0,16.1803415298462,0,0,0,18.8987395923599,6.74628874834846,39.8166046142578,14.0903871360975,14.9082889019603,0,33.699275970459,3.52932828295547,0,3.71842354242919,15.4896488010883,19.5711534946313,25.9295791035824,0,0,0,0,0,0,8.52410073848183,0,0,0,0,0,0,6.39257256189982,0,0,0,0,0,0,0,0,0,18.5788161297037,0,0,16.3650080817086,0,37.5048875247731,17.4061152682185,20.4579990641276,17.770162648343,15.2709939747295,0,10.4981813150613,33.0026016235352,3.47988917055048
0,0,0,0,0,0,0,0,0,0,0,0,0,0,0,0,40.2249336242676,0,3.64386806932427,0,0,0,0,0,0,0,0,0,0,0,0,0,0,0,0,0,0,0,0,0,0,4.22853109823964,33.699275970459,0,0,3.97549070581032,0,0,0,0,0,0,0,0,0,0,0,0,0,0,0,0,11.7678680419922,0,0,0,0,0,0,0,0,0,0,0,0,0,0,0,19.5515721106116,0,0,0,9.00262150699145,9.88071918487549,6.53377517378357,3.85729352165671,0
0,0,0,0,0,0,0,0,0,0,0,0,0,0,0,0,19.6108481089274,0,7.27806653618813,0,0,0,0,0,0,0,0,0,0,0,0,0,0,0,0,0,0,0,0,0,17.0945332845052,0,3.52932828295547,0,0,0,5.18623852729797,0,0,0,0,0,0,0,0,0,0,0,0,0,0,0,0,0,0,0,0,0,0,0,0,0,0,0,0,0,0,0,0,20.5571817918257,0,0,13.7891751683277,0,4.50708155802528,0,5.14490342140198
0,0,0,0,0,0,0,0,0,0,0,0,0,0,0,0,0,0,32.4002962112427,0,0,0,0,0,0,0,0,0,0,0,0,0,0,0,0,6.13720837093535,31.1731211344401,0,0,6.66514353480255,25.4767246246338,24.3030883777799,0,3.97549070581032,0,0,30.6534996032715,0,0,32.9155788638375,0,0,0,0,0,0,0,0,0,0,0,0,6.15224358564094,0,0,0,0,0,0,0,0,0,31.7879002888997,0,0,0,0,0,9.60729716906456,27.6268062591553,30.0309651692708,0,7.35357417379107,0,7.5276224660748,15.3050384521484,0
0,0,0,0,0,0,0,0,0,0,13.0518007278442,0,0,0,0,0,0,0,0,0,13.319346110026,0,0,0,0,0,0,0,0,0,0,0,0,0,0,26.832347869873,6.10061070562779,0,14.0943493843079,23.9679419199626,7.30936809124741,0,3.71842354242919,0,5.18623852729797,30.6534996032715,0,0,13.5071048206753,15.6193072001139,0,0,0,0,0,0,11.6291022465147,0,0,0,0,0,0,7.0693252549963,0,0,0,0,0,0,0,0,0,14.7027712016143,0,0,0,0,24.9409473141034,11.1494016626987,0,15.3739391524216,7.28898681807764,0,6.72868497260566,0,9.9275369644165
0,0,0,0,0,0,0,0,0,0,0,0,0,0,0,0,0,0,0,0,0,0,0,0,0,0,0,0,0,0,0,4.83152706158626,4.6301244455375,9.4118899213734,7.2813522188287,4.56123647243857,5.04546212745925,7.28758914462645,10.3889753143742,13.8279245070049,9.69210936659474,23.8165728251139,15.4896488010883,0,0,0,0,0,6.3150056979724,6.03336542866197,0,0,0,0,0,0,0,0,0,0,0,0,0,0,26.883975982666,28.6500731574165,0,0,0,0,0,0,23.0570967992147,27.9252513249715,4.90432975485425,4.78204467058406,8.36929558640096,8.84157137497409,7.18779926899136,7.5973610812225,12.3117143604029,14.9331058670632,8.7200787937319,0,12.8314551791379,0,0
3.5916588306427,0,3.83987443851975,0,0,0,0,0,3.68294632434845,0,0,0,0,0,0,0,0,0,0,0,0,0,0,0,5.92676049730052,0,0,0,0,0,0,0,0,16.5359483718872,0,10.0539552370707,6.0073102890177,17.4092219888347,5.31308627756018,10.6318283081055,6.36740267480889,0,19.5711534946313,0,0,0,13.5071048206753,6.3150056979724,0,18.0804794175591,0,0,0,0,2.92360676659478,0,32.213599395752,0,0,0,0,0,0,0,0,8.51051561252491,0,9.04674485110611,0,7.00799737952826,0,6.6561502456665,37.3039321899414,29.1099083187838,0,7.46120248778595,22.6754772398207,0,16.1291890144348,10.1791385486333,22.449464676532,13.2172034578823,14.1823247159747,0,13.7943114403337,0,0
0,5.59663834938636,0,4.73843193054199,0,0,0,0,0,6.61936044692993,0,0,0,0,0,0,0,0,0,0,0,0,0,6.32783296433362,0,0,0,0,0,0,0,0,0,0,11.5222363471985,10.6282398267226,8.74899082713657,5.54101723354114,0,15.3974845530673,9.3616795224302,26.8354693304779,25.9295791035824,0,0,32.9155788638375,15.6193072001139,6.03336542866197,18.0804794175591,0,0,0,0,0,0,5.65196088003734,0,4.97684490680695,0,4.80509734153748,0,0,0,0,13.413322930779,44.2295227050781,5.12823002288739,0,3.11315971154433,0,2.74964356422424,0,35.6553107024181,33.4758377075195,7.4755080685471,0,8.32916965484619,0,7.50050596906387,12.1981327407575,8.8393271472376,31.8291857447559,13.1383346127954,0,19.030204422104,31.3701095581055,0
0,0,0,0,2.90104644838041,0,0,0,0,0,0,0,0,0,5.07086777687073,0,0,0,0,0,0,0,0,0,0,0,0,0,0,0,0,0,0,0,0,0,0,0,0,0,0,0,0,0,0,0,0,0,0,0,0,0,0,0,0,0,0,0,0,0,0,0,0,0,0,0,0,0,0,0,0,0,0,0,0,0,0,0,0,0,0,0,3.29746902527348,0,0,0,0
0,0,0,0,0,3.03724902409774,0,4.22047473355836,0,0,0,0,0,15.5090962323275,0,14.0893616676331,0,0,0,3.43612492879232,0,0,0,0,0,0,0,0,0,0,0,0,0,0,0,0,0,0,0,0,0,0,0,0,0,0,0,0,0,0,0,0,0,0,0,0,0,2.99289954503377,0,15.3079090620342,0,5.30674970511234,0,0,0,0,0,0,0,0,0,0,0,0,0,0,0,0,0,0,0,0,5.15391259324279,12.1298470497131,0,0,0
0,0,0,0,0,0,3.01403369222369,0,0,0,0,0,0,0,0,0,0,0,0,0,0,0,0,0,0,0,0,0,0,0,0,0,0,0,0,0,0,0,0,0,0,0,0,0,0,0,0,0,0,0,0,0,0,0,0,0,0,0,0,0,0,0,0,0,0,0,0,0,0,0,0,0,0,0,0,0,0,0,0,0,0,0,3.03074853902771,0,0,0,0
0,0,0,0,0,0,0,3.4186826323065,0,0,0,0,0,2.73982334136963,0,0,0,0,0,3.26251423358917,0,0,0,0,0,0,0,0,0,0,0,0,0,0,0,0,0,0,0,0,0,0,0,0,0,0,0,0,0,0,0,0,0,0,0,0,0,0,0,0,0,0,0,0,0,0,0,0,0,0,0,0,0,0,0,0,0,0,0,0,0,0,3.2518078098667,0,0,0,0
4.39810381616865,0,0,0,7.09825519720713,0,0,0,3.51025923345244,0,0,0,0,0,3.6367138299075,0,0,0,0,0,0,0,0,0,14.3590297698975,0,0,0,0,0,0,0,0,0,0,0,0,0,0,0,0,0,0,0,0,0,0,0,2.92360676659478,0,0,0,0,0,0,0,0,0,0,0,0,0,0,0,0,0,0,0,0,0,0,0,0,0,0,0,0,0,0,0,0,0,6.23031138456785,8.92772483334099,0,0,0
0,3.37151411079591,0,2.73404264450073,0,2.95033030772428,0,0,0,3.21885792165995,0,0,0,0,0,0,0,0,0,0,0,0,0,4.25343813382991,0,0,0,0,0,0,0,0,0,0,0,0,0,5.91195654570122,0,0,0,0,0,0,0,0,0,0,0,5.65196088003734,0,0,0,0,0,0,0,0,0,0,0,3.09311691407234,0,0,0,0,4.04972344804274,0,3.01867772738139,0,0,0,0,0,0,0,0,0,0,0,5.35627481589715,0,3.39716119515268,22.1097520192464,6.31085706253416,0,0
0,0,0,0,0,0,3.58587055206299,0,0,0,3.16631851249567,0,5.14453733281085,0,0,0,0,0,0,0,4.83863825268216,0,0,0,0,0,0,0,0,0,0,0,0,0,0,0,0,0,0,0,30.4407384963263,0,8.52410073848183,0,0,0,11.6291022465147,0,32.213599395752,0,0,0,0,0,0,0,0,0,6.24411846796672,0,0,0,0,5.02724857783016,0,0,0,0,0,0,0,3.28819712551161,0,6.79986089468002,0,0,0,0,0,30.1917070661272,0,11.0159435272217,3.35721013348025,0,7.82755821852836,0,11.4463243484497
0,0,0,3.56279524167379,0,0,0,3.17922069809654,0,0,0,3.64800983144116,0,3.69080320686706,0,0,0,0,0,5.0597812381104,0,0,0,0,0,0,0,4.60606248994892,0,3.69533997490293,0,0,0,0,0,4.65208761129202,0,4.22012851358426,0,36.5758758544922,0,9.0861262715695,0,0,0,0,0,0,0,4.97684490680695,0,2.99289954503377,0,0,0,0,0,0,0,4.81850078551847,0,3.36689440409342,3.80281175860652,0,0,0,0,0,0,0,5.82523505323197,0,4.09027474704817,0,0,0,0,0,6.05058724470813,0,5.44572846121786,0,4.04271814824116,3.37249504255923,5.71792106858111,10.2709941466649,0
0,0,0,0,0,0,3.05629989079067,0,0,0,4.79016873716306,0,3.72508039913065,0,0,0,0,0,0,0,0,0,0,0,0,0,0,0,4.49423411609681,0,0,0,0,0,0,0,0,0,0,0,0,0,0,0,0,0,0,0,0,0,0,0,0,0,0,0,6.24411846796672,0,0,0,0,0,0,0,0,0,0,0,0,0,0,5.45138144493103,0,0,0,0,0,0,0,0,0,0,3.69991722561064,3.61766628785567,0,0,0
0,3.9323664771186,0,3.33076057434082,0,12.7559611002604,0,3.12791039864222,0,0,0,4.30684403587681,0,3.3690673273932,0,2.94932985305786,0,0,0,0,0,0,0,0,0,0,0,6.71026745248348,0,0,0,0,0,0,0,0,0,0,0,0,0,0,0,0,0,0,0,0,0,4.80509734153748,0,15.3079090620342,0,0,0,0,0,4.81850078551847,0,0,0,5.17986057511315,0,0,0,0,0,0,0,0,4.41868515505563,0,0,0,0,0,0,0,0,0,0,0,5.15999283314396,4.56303673389025,0,0,0
0,0,0,0,0,0,0,0,0,0,0,0,0,0,0,0,0,0,0,0,0,0,0,0,0,0,0,0,0,0,0,0,0,0,0,0,0,0,0,0,0,0,0,0,0,0,0,0,0,0,0,0,0,0,0,0,0,0,0,0,0,0,0,0,0,0,0,0,0,0,0,0,0,0,0,0,0,0,0,0,0,0,0,0,0,0,0
0,3.06108583422268,0,2.94994699954987,0,4.2570928977086,0,0,0,2.81391994158427,0,0,0,3.29833760261536,0,3.55590908321334,0,0,0,0,0,0,0,2.94126749038696,0,0,0,0,0,0,0,0,0,0,0,0,0,0,0,0,0,0,0,0,0,0,0,0,0,0,0,5.30674970511234,0,0,0,3.09311691407234,0,3.36689440409342,0,5.17986057511315,0,0,0,0,0,0,3.55162875652313,0,0,0,0,0,0,0,0,0,0,0,0,0,0,0,5.32744771688163,5.73582252100402,0,0,0
0,0,0,0,0,0,0,0,0,0,0,3.33403279092075,0,0,0,0,0,0,0,3.04848657051722,0,0,0,0,0,0,0,0,0,0,0,0,0,0,0,4.17225269202528,0,4.10545079980121,0,5.50399297389012,0,7.97600867882824,0,11.7678680419922,0,6.15224358564094,0,0,0,0,0,0,0,0,0,0,0,3.80281175860652,0,0,0,0,0,0,0,0,0,0,0,0,0,0,7.14393483951528,0,0,0,0,0,5.42498999767089,0,7.2278685787733,0,3.41596499531288,0,5.79265207162319,7.40791583061218,0
0,0,0,0,0,0,0,0,0,0,4.67764282044564,0,0,0,0,0,0,0,0,0,4.30555809054145,0,0,0,0,0,0,0,0,0,8.72086922327677,0,0,0,0,0,2.94431985341586,0,5.15557962264458,0,4.66030666450927,0,6.39257256189982,0,0,0,7.0693252549963,0,0,0,0,0,0,0,0,0,5.02724857783016,0,0,0,0,0,0,0,0,0,0,0,0,0,0,7.99713973204295,0,7.45560221291759,0,0,0,0,0,4.2898159673415,0,6.83006764191848,0,0,5.99734323910187,0,0
0,0,0,0,0,0,0,0,0,0,0,0,0,0,0,0,0,0,0,0,0,3.10851163222203,4.46621532440186,2.87766265869141,0,0,0,3.09570098477741,0,0,0,0,0,0,0,0,0,5.10399131761508,0,0,0,0,0,0,0,0,0,26.883975982666,0,13.413322930779,0,0,0,0,0,0,0,0,0,0,0,0,0,0,0,0,0,0,6.77522373199463,0,4.59853050443861,0,0,0,0,0,0,0,0,0,7.30932113803553,39.4913215637207,3.42141125390632,3.13293166862902,0,0,0
0,0,0,0,0,0,0,0,0,0,0,0,0,0,0,0,0,0,0,0,0,3.86006916875839,3.58824550654421,0,0,0,0,0,3.72847376325551,0,0,0,0,0,0,0,0,31.575897693634,6.12000648696701,0,0,0,0,0,0,0,0,28.6500731574165,8.51051561252491,44.2295227050781,0,0,0,0,0,0,0,0,0,0,0,0,0,0,0,0,0,0,0,3.52901824315389,0,3.66050859631358,0,0,0,0,30.4383735656738,0,0,0,41.8073768615723,10.0070613752776,3.28551971092568,3.32098343710914,16.3762300014496,0,0
0,3.39940272058759,0,0,0,0,0,0,0,4.06229338822541,0,0,0,0,0,0,0,0,0,0,0,2.88305846544412,0,3.28108250217204,0,0,0,0,0,0,0,0,0,0,0,0,0,5.73387726093349,0,0,0,0,0,0,0,0,0,0,0,5.12823002288739,0,0,0,0,0,4.04972344804274,0,0,0,0,0,3.55162875652313,0,0,0,0,0,0,3.68378479844008,0,3.41935306787491,0,0,0,0,0,0,0,0,0,4.96036640657842,0,3.0220610813428,0,6.61720020660295,0,0
0,0,0,0,0,0,0,0,2.73050880432129,0,0,0,0,0,0,0,0,0,0,0,0,0,0,0,4.73676879782426,0,0,0,0,0,0,0,0,0,0,0,0,0,5.4645436854521,0,0,0,0,0,0,0,0,0,9.04674485110611,0,0,0,0,0,0,0,0,0,0,0,0,0,0,0,0,0,0,0,0,2.85574994768415,0,0,0,0,0,0,0,0,0,0,0,4.39405060311158,3.96524213141754,0,8.82718589637853,0,0
0,0,0,0,0,0,0,0,0,0,0,0,0,0,0,0,0,0,0,0,0,0,0,3.00387752056122,0,3.14915609359741,0,0,0,0,0,0,0,0,0,0,0,11.5638454437256,0,0,0,0,0,0,0,0,0,0,0,3.11315971154433,0,0,0,0,0,3.01867772738139,0,0,0,0,0,0,0,0,6.77522373199463,0,3.68378479844008,0,0,0,4.66137063229358,0,0,0,0,0,0,0,0,0,11.3111933072408,0,6.10318803787231,0,11.8653130964799,0,0
0,0,0,0,0,0,0,0,0,0,0,0,0,0,0,0,0,0,0,0,0,0,3.6228096128994,0,0,0,3.01921819603961,0,3.31720301162365,0,0,0,0,0,0,0,0,0,0,0,0,0,0,0,0,0,0,0,7.00799737952826,0,0,0,0,0,0,0,0,0,0,0,0,0,0,0,0,3.52901824315389,0,2.85574994768415,0,0,0,3.62971757427339,0,0,0,0,0,0,0,0,0,0,0,0,13.9067088535854,0,0
0,0,0,0,0,0,0,0,0,0,0,4.96554516461081,0,4.87613341957331,0,0,0,0,0,0,0,3.2400714800908,0,0,0,2.94272804260254,0,3.48690504128699,0,3.56230342078276,0,0,0,0,0,0,0,0,0,0,0,0,0,0,0,0,0,0,0,2.74964356422424,0,0,0,0,0,0,0,5.82523505323197,0,4.41868515505563,0,0,0,0,4.59853050443861,0,3.41935306787491,0,4.66137063229358,0,0,0,3.60170125818253,0,0,0,0,0,0,0,0,0,3.47844085097313,4.63180577754974,0,0,0
0,0,0,0,0,0,0,0,0,0,0,0,4.04019660028544,0,0,0,0,0,0,0,0,0,3.65208218929079,0,0,0,0,0,3.49192625855842,0,3.54818971260734,0,0,0,0,0,0,0,3.0290830430418,0,0,0,0,0,0,0,0,0,6.6561502456665,0,0,0,0,0,0,0,3.28819712551161,0,5.45138144493103,0,0,0,0,7.99713973204295,0,3.66050859631358,0,0,0,3.62971757427339,0,0,0,4.83641901016235,0,0,0,0,0,0,0,5.78430271148682,3.38865180783261,0,7.60728073120117,0,0
0,0,0,0,0,0,0,0,0,0,0,4.99118686033719,0,0,0,0,0,0,0,2.94632577896118,0,0,0,0,0,0,0,3.28284946227896,0,2.90541736791088,0,0,0,0,0,0,0,3.91234310912179,0,35.8079898549723,0,13.1427100043872,0,0,0,31.7879002888997,0,23.0570967992147,37.3039321899414,35.6553107024181,0,0,0,0,0,0,0,4.09027474704817,0,0,0,0,7.14393483951528,0,0,0,0,0,0,0,3.60170125818253,0,0,0,0,0,0,0,22.00558998368,0,7.83967616334558,42.6924724578857,4.72036934892337,0,14.5836443183198,13.2396421269008,0
0,0,0,0,0,0,0,0,0,0,0,0,0,0,0,0,0,0,0,0,6.92759590628762,0,0,0,0,0,0,0,4.65650898136505,0,3.27866516997483,0,0,0,0,0,0,0,0,0,35.7454983091173,0,18.5788161297037,0,0,0,14.7027712016143,27.9252513249715,29.1099083187838,33.4758377075195,0,0,0,0,0,0,6.79986089468002,0,0,0,0,0,0,7.45560221291759,0,0,0,0,0,0,0,4.83641901016235,0,0,0,0,0,0,0,31.4750185174457,37.0892384847005,7.35425445906021,6.93335048357646,0,16.8876545299367,0,16.569774945577
0,0,0,0,0,0,0,0,0,0,0,0,0,0,0,0,0,0,0,0,0,0,0,0,0,0,0,0,0,0,0,4.26111610092927,4.67529722986635,20.8021710395813,0,5.29685573771075,6.15328352463427,0,0,13.5949818293254,0,0,0,0,0,0,0,4.90432975485425,0,7.4755080685471,0,0,0,0,0,0,0,0,0,0,0,0,0,0,0,0,0,0,0,0,0,0,0,0,0,6.93703098519439,12.5894462072498,16.8072061538696,4.17983603967209,9.67389961681535,0,24.4852333068848,3.80170866649869,0,0,0,0
0,0,0,0,0,0,0,0,0,0,0,0,0,0,0,0,0,0,0,0,0,0,0,0,0,0,0,0,0,0,0,4.60536041117239,3.75263094961053,7.02054977416992,19.9607583880424,3.62824996963876,5.77399490127427,0,0,0,15.3568000793457,0,0,0,0,0,0,4.78204467058406,7.46120248778595,0,0,0,0,0,0,0,0,0,0,0,0,0,0,0,0,0,0,0,0,0,0,0,0,0,6.93703098519439,0,0,15.9622415524484,13.4264642691412,5.47578264459814,0,0,3.15746696838816,0,0,0,0
0,0,0,0,0,0,0,0,0,0,0,0,0,0,0,0,0,0,0,0,0,0,0,0,0,0,0,0,0,0,0,0,0,4.66234362293297,6.544820918654,2.87082044283549,0,2.94962477684021,12.2857707341512,0,0,0,16.3650080817086,0,0,0,0,8.36929558640096,22.6754772398207,8.32916965484619,0,0,0,0,0,0,0,0,0,0,0,0,0,0,0,30.4383735656738,0,0,0,0,0,0,0,0,12.5894462072498,0,0,5.71924714528982,6.84400245522251,19.9986438751221,4.69260365064027,23.5481916764203,4.52456675801958,0,14.1685975790024,0,0
0,0,0,0,0,0,0,0,0,0,0,0,0,0,0,0,0,0,0,0,0,0,0,0,0,0,0,0,0,0,0,8.61418943904167,16.9499279658,5.94170102956992,7.6068412946288,0,0,4.41001604852222,4.45510431627433,0,0,0,0,0,0,0,0,8.84157137497409,0,0,0,0,0,0,0,0,0,0,0,0,0,0,0,0,0,0,0,0,0,0,0,0,0,0,16.8072061538696,15.9622415524484,5.71924714528982,0,19.8277953855453,3.01262307167053,5.74504083302737,4.76576417000567,3.31951605530451,0,0,0,0
0,0,0,0,0,0,0,0,0,0,0,4.18965629258081,0,0,0,0,50.5860141118368,46.1916324908917,34.7880265360643,3.55014832966948,0,0,0,0,0,0,0,0,0,0,0,4.93849470495786,4.95399128670399,9.01561630151489,0,4.53567700081691,5.6765609165465,3.01891394241436,2.94497934977214,6.29944326922936,19.8758919639925,19.0490414243816,37.5048875247731,19.5515721106116,0,9.60729716906456,24.9409473141034,7.18779926899136,16.1291890144348,7.50050596906387,0,0,0,0,0,0,0,6.05058724470813,0,0,0,0,5.42498999767089,0,0,0,0,0,0,0,0,0,22.00558998368,0,4.17983603967209,13.4264642691412,6.84400245522251,19.8277953855453,0,18.2598739044796,16.2993171713245,0,4.34323203713749,7.6100500147574,14.1728864069154,20.1461088716491,42.7758331298828
0,0,0,0,0,0,0,0,0,0,4.31407231092453,0,0,0,0,0,44.7246437072754,0,41.2464611530304,0,3.14411605849411,0,0,0,0,0,0,0,0,0,0,10.6867510048689,6.28452461019104,9.22021503448486,8.65170233590262,6.2519527204145,3.98449178121965,0,3.30106388220266,18.3603054062795,5.21935252732972,0,17.4061152682185,0,20.5571817918257,27.6268062591553,11.1494016626987,7.5973610812225,10.1791385486333,12.1981327407575,0,0,0,0,0,0,30.1917070661272,0,0,0,0,0,0,4.2898159673415,0,0,0,0,0,0,0,0,0,31.4750185174457,9.67389961681535,5.47578264459814,19.9986438751221,3.01262307167053,18.2598739044796,0,0,17.5647139772494,4.01141135760989,6.46990924227809,13.122145189041,0,28.4635305404663
0,0,0,0,0,0,0,0,0,7.69678827404052,0,3.78407293519416,0,0,0,0,0,0,0,3.62588822084127,0,3.90983361707014,0,4.4293455967495,0,0,0,0,0,3.99104401995154,0,0,0,4.01795849976716,9.24073250347612,3.49127075551319,0,4.3568912752998,11.3512054671926,25.7323075748352,0,16.9478535831319,20.4579990641276,0,0,30.0309651692708,0,12.3117143604029,22.449464676532,8.8393271472376,0,0,0,0,0,5.35627481589715,0,5.44572846121786,0,0,0,0,7.2278685787733,0,7.30932113803553,41.8073768615723,4.96036640657842,0,11.3111933072408,0,0,0,7.83967616334558,37.0892384847005,0,0,4.69260365064027,5.74504083302737,16.2993171713245,0,0,26.7574939559678,6.21095210687908,2.96279016137123,13.1198083274066,16.9885338919503,0
0,0,0,0,0,0,0,0,0,0,4.19798239704498,0,0,0,0,0,0,0,0,0,4.39549760881223,0,3.48981723178672,0,3.04873838454547,0,0,0,2.73947179317474,0,0,0,0,17.497256098724,3.61983352520249,0,2.9035028219223,9.75743044520679,4.05200050436618,0,28.9857190683347,0,17.770162648343,0,0,0,15.3739391524216,14.9331058670632,13.2172034578823,31.8291857447559,0,0,0,0,0,0,11.0159435272217,0,0,0,0,0,0,6.83006764191848,39.4913215637207,10.0070613752776,0,4.39405060311158,0,0,0,5.78430271148682,42.6924724578857,7.35425445906021,24.4852333068848,0,23.5481916764203,4.76576417000567,0,17.5647139772494,26.7574939559678,0,8.70529250880423,3.09581639216496,14.2526862150163,0,14.5990043640137
12.4492570097575,3.85924972286661,3.33636730476465,3.61817720137447,3.65717196872092,4.35623051864631,2.98862911496844,2.92673026909262,5.97626516561617,4.42736724633877,3.10164163552556,4.09368541524127,3.31629361621404,6.63192284051503,4.95298875773207,4.69642415510015,5.76103605384507,6.19387382118935,11.1713167328124,2.84504663944244,0,3.72228952824816,5.45921455234439,6.32165785457777,5.28293636219784,0,0,3.32155358791351,3.0305563787945,2.85679316520691,2.91385041342841,3.50820644062721,2.99784775937035,3.56383001103121,3.12556979800231,4.34059906445038,3.68175651945907,4.60831831853221,3.27716261783637,15.4252509474754,23.9169189135234,17.1965447687789,15.2709939747295,9.00262150699145,13.7891751683277,7.35357417379107,7.28898681807764,8.7200787937319,14.1823247159747,13.1383346127954,3.29746902527348,5.15391259324279,3.03074853902771,3.2518078098667,6.23031138456785,3.39716119515268,3.35721013348025,4.04271814824116,3.69991722561064,5.15999283314396,0,5.32744771688163,3.41596499531288,0,3.42141125390632,3.28551971092568,3.0220610813428,3.96524213141754,6.10318803787231,0,3.47844085097313,3.38865180783261,4.72036934892337,6.93335048357646,3.80170866649869,3.15746696838816,4.52456675801958,3.31951605530451,4.34323203713749,4.01141135760989,6.21095210687908,8.70529250880423,0,7.63066287157967,6.07456095244991,20.3467749357224,9.06765557881508
9.99045633486179,0,0,0,9.97636453310649,9.91974839297208,0,3.41213689531599,7.20736927859449,10.0117565932097,0,4.41445953433273,0,4.42912305904802,0,5.2051600607074,0,21.2963499181411,11.2619954015388,0,0,4.22918827463498,4.6275977223836,0,0,0,0,4.05924322264535,0,0,0,0,0,0,0,6.64820128296166,5.62516238125445,2.73739266395569,3.09771215397379,0,0,0,0,9.88071918487549,0,0,0,0,0,0,0,12.1298470497131,0,0,8.92772483334099,22.1097520192464,0,3.37249504255923,3.61766628785567,4.56303673389025,0,5.73582252100402,0,0,3.13293166862902,3.32098343710914,0,0,0,0,4.63180577754974,0,0,0,0,0,0,0,7.6100500147574,6.46990924227809,2.96279016137123,3.09581639216496,7.63066287157967,0,4.88284921850477,0,0
5.34622074334874,4.95630859786018,3.36107122417419,2.93330383300781,0,2.84858047962189,0,0,0,6.94441514436589,15.2706384658813,0,0,0,0,0,37.8806328406701,41.0798552831014,7.96078915965953,0,4.08361226114733,0,0,6.93800885900319,7.31334398307052,0,0,0,0,0,0,0,0,13.8099540363659,0,8.08638377286292,6.7667380819718,11.4632081291599,6.10225702797234,13.0109625478922,11.3355542588532,11.382071289631,10.4981813150613,6.53377517378357,4.50708155802528,7.5276224660748,6.72868497260566,12.8314551791379,13.7943114403337,19.030204422104,0,0,0,0,0,6.31085706253416,7.82755821852836,5.71792106858111,0,0,0,0,5.79265207162319,5.99734323910187,0,16.3762300014496,6.61720020660295,8.82718589637853,11.8653130964799,13.9067088535854,0,7.60728073120117,14.5836443183198,16.8876545299367,0,0,14.1685975790024,0,14.1728864069154,13.122145189041,13.1198083274066,14.2526862150163,6.07456095244991,4.88284921850477,0,7.51820101792056,5.03614669965682
0,0,0,0,0,0,0,0,0,0,0,0,0,0,0,0,0,19.5678736742805,5.29762474108604,0,0,0,0,0,0,0,0,0,0,0,0,0,0,0,0,0,0,0,0,29.8478652238846,0,3.624693248221,33.0026016235352,3.85729352165671,0,15.3050384521484,0,0,0,31.3701095581055,0,0,0,0,0,0,0,10.2709941466649,0,0,0,0,7.40791583061218,0,0,0,0,0,0,0,0,0,13.2396421269008,0,0,0,0,0,20.1461088716491,0,16.9885338919503,0,20.3467749357224,0,7.51820101792056,0,0
0,0,8.83786773681641,0,0,0,0,0,0,0,0,0,0,0,0,0,17.3756893310547,32.1779581705729,13.8904660982745,0,0,0,0,0,0,0,0,0,0,0,0,0,0,0,0,0,0,0,0,0,0,17.848005188836,3.47988917055048,0,5.14490342140198,0,9.9275369644165,0,0,0,0,0,0,0,0,0,11.4463243484497,0,0,0,0,0,0,0,0,0,0,0,0,0,0,0,0,16.569774945577,0,0,0,0,42.7758331298828,28.4635305404663,0,14.5990043640137,9.06765557881508,0,5.03614669965682,0,0
