0,0,0.155977879464626,0,0,0,0,0,0.161504015433446,0,0,0,0,0,0,0,0,0,0.403560383452309,0,0,0,0,0,0,0,0,0,0,0,0,0,0,0,0,0,0,0,0,0,0.382221966981888,0.259266220033169,0.301062913317429,0,0,0,0.424196809530258,0,0.134052352099977,0,0,0,0,0,0.235971102757113,0,0,0,0,0,0.197101297389184,0,0,0,0,0,0,0,0,0,0,0,0,0.403626412153244,0,0,0,0,0,0.418880510661337,0,0.433652619520823,0.258670108922578,0.254869759082794,0.23678066949634,0,0
0,0,0,0.122587984935804,0,0,0,0,0,0.191481183560295,0,0,0,0,0,0,0,0,0.42473102522933,0,0,0,0,0,0,0,0,0,0,0,0,0,0,0,0,0,0,0.355031162500381,0,0.469813972711563,0,0.256266493947451,0,0,0,0,0,0,0,0.22856490495049,0,0,0,0,0,0.276912858831015,0,0.321876853704453,0,0,0,0.282930730249394,0,0,0,0,0,0,0,0,0.377900719642639,0,0,0,0,0,0,0,0.424974909850529,0,0.416947066783905,0,0.248188533033094,0,0.335531642536322,0.170049361884594,0
0.155977879464626,0,0,0,0.171238268663486,0,0,0,0.14460043553541,0,0.372881680727005,0,0,0,0,0,0,0,0.308968417919599,0,0.316099107265472,0,0,0,0,0,0,0,0,0,0,0,0,0,0,0,0,0,0,0,0.306230473518372,0.3001708984375,0.301858182884976,0,0,0,0.258229260381899,0,0.209934173695122,0,0.207742546818086,0,0,0,0.174945299176202,0,0.306114677817394,0,0.208455095688502,0,0,0,0,0.344190925359726,0,0,0,0,0,0,0,0.345364948113759,0,0.365039003690084,0,0,0,0,0,0.322879648634366,0,0.384979645411174,0.196468649098294,0.323406457901001,0.276823736694984,0,0.252288103103638
0,0.122587984935804,0,0,0,0.166257854993686,0,0,0,0.165486400647793,0,0,0,0,0,0,0,0,0.279580834507942,0,0,0,0,0,0,0,0,0,0,0,0,0,0,0,0,0.302024490066937,0,0.306407257914543,0,0.294717366496722,0,0.280477424405214,0.281449337800344,0,0,0.212390693097279,0,0,0.272471949458122,0.232860555251439,0,0.235122378915548,0,0,0,0.18213263792651,0,0.27528289226549,0,0.248322308063507,0,0,0.282626688480377,0,0.326427042484283,0,0,0,0.304689854383469,0,0.324067753904006,0,0.343830565853817,0,0,0,0,0,0.310236034223012,0.296266913414001,0.355422417907154,0,0.172443208262396,0.288132598002752,0.279788564803988,0.267026624083519,0
0,0,0.171238268663486,0,0,0,0.179159585386515,0,0.166934645694235,0,0.297529608011246,0,0,0,0,0,0,0.297947376966476,0.282250415533781,0,0.251482548085419,0,0,0,0,0,0,0,0,0,0,0,0,0,0,0,0.246950786560774,0,0,0,0.277112193179853,0,0.282429717408801,0,0,0,0.242308999733491,0,0.280446384977174,0.233471155166626,0.232556258880995,0,0.186301372945309,0,0.203424925605456,0,0.279214362011236,0,0.208912645777067,0,0,0,0,0.238672120127384,0,0,0,0,0,0,0,0,0,0.31613908254582,0,0,0,0,0.333757072687149,0.256207161538658,0,0.318578734993935,0.210789062661453,0,0.255172983260281,0,0.245728760957718
0,0,0,0.166257854993686,0,0,0,0.172444732859731,0,0.190626564677115,0,0,0,0.162436529994011,0,0.204320587217808,0,0.270403832197189,0.260036031405131,0.23368995581578,0,0,0,0,0,0,0,0,0,0,0,0,0,0,0,0.222153183932488,0,0.324282094836235,0,0.258518995903432,0,0.261330648277798,0.261870235204697,0,0,0.219827416997689,0,0.248932585120201,0.264479707394327,0.262973136865021,0,0.224500724627347,0,0,0,0,0,0.265475881899275,0,0.261175575000899,0,0,0.297877990609997,0,0,0,0.284468561410904,0,0,0,0.27527479827404,0,0.307251188017073,0,0,0,0,0,0.274419720827436,0.282490149140358,0.318427762814931,0,0.184028368736346,0.176075807772577,0.264411060222043,0.240635968744755,0
0,0,0,0,0.179159585386515,0,0,0,0,0,0,0,0,0,0,0,0,0,0,0,0.179448709956237,0,0,0,0,0,0,0,0,0,0,0,0,0,0,0,0,0,0,0,0,0,0,0,0,0,0,0,0,0,0.234492828448613,0,0.185297345656615,0,0,0,0,0,0,0,0,0,0,0.17485772818327,0,0,0,0,0,0,0,0,0,0,0,0,0,0,0,0,0,0,0.162152569208826,0,0,0,0
0,0,0,0,0,0.172444732859731,0,0,0,0,0,0.135671938459078,0,0.21945442010959,0,0,0,0,0,0.170859793821971,0,0,0,0,0,0,0,0,0,0,0,0,0,0,0,0.176468928654989,0,0,0,0,0,0,0,0,0,0,0,0,0,0,0,0.219602930445631,0,0.233933374612299,0,0,0,0.253128786881765,0,0.233312009088695,0,0,0,0,0,0,0,0,0,0,0,0,0,0,0,0,0,0,0,0,0,0,0.174828614638402,0,0,0,0
0.161504015433446,0,0.14460043553541,0,0.166934645694235,0,0,0,0,0,0,0,0,0,0.176451970316187,0,0.18331789845016,0.192748972525199,0.246623497456312,0,0,0,0,0,0,0,0,0,0,0,0,0,0,0,0,0,0,0,0.200663367975248,0,0,0,0.211386805772781,0,0,0,0,0,0.159299685060978,0,0,0,0,0,0.254923898107161,0,0.259055376052856,0,0,0,0.199753597264106,0,0,0,0,0,0,0.30824401974678,0,0,0,0,0,0.311583489179611,0,0,0,0,0,0,0,0.267885719736417,0.176422702497519,0.184241668558588,0.139709404302817,0,0
0,0.191481183560295,0,0.165486400647793,0,0.190626564677115,0,0,0,0,0,0,0,0,0,0.174073073239821,0.195167903788388,0.215156006966791,0.219752833247185,0,0,0,0,0.240164244579057,0,0.174900630658323,0,0,0,0,0,0,0,0,0,0,0,0.217727656444807,0,0.332510620355606,0,0.138106510043144,0,0,0,0,0,0,0,0.215629832943281,0,0.1283362851966,0,0,0,0.254522076355741,0,0,0,0,0,0.138723649892462,0,0,0,0,0.294236528633655,0,0,0,0,0,0,0,0,0,0,0,0,0,0.300125923226861,0,0.197027016292565,0.225577381749948,0.175200939444559,0.162517927587032,0
0,0,0.372881680727005,0,0.297529608011246,0,0,0,0,0,0,0,0,0,0,0,0,0,0.507314622402191,0,0.148378956917818,0,0,0,0,0,0,0,0,0,0.131602431224151,0,0,0,0,0,0.126302869369586,0,0.142173767063423,0,0,0,0.393183246254921,0,0,0,0.327900230884552,0,0,0,0.283567488193512,0,0,0,0,0,0.202833557502835,0,0,0,0,0,0,0.328315230933103,0,0,0,0,0,0,0,0,0,0.237841277072827,0,0,0,0,0,0.181113653481007,0,0.222858145833015,0.146692326562158,0,0.31181542078654,0,0.423640102148056
0,0,0,0,0,0,0,0.135671938459078,0,0,0,0,0,0.110550671815872,0,0,0,0,0,0.1594421101941,0,0,0,0,0,0,0,0,0,0,0,0,0,0,0,0,0,0.128495742223765,0,0,0,0,0,0,0,0.321348428726196,0,0,0,0,0,0.32118300978954,0,0.267081201076508,0,0,0,0.238364509177896,0,0,0,0,0.151682067502822,0,0,0,0,0,0,0,0.364526212215424,0,0.32681282848682,0,0,0,0,0,0.289132565259933,0,0.226706527918577,0,0.135382441634482,0,0.226375232140223,0,0
0,0,0,0,0,0,0,0,0,0,0,0,0,0,0.182147011160851,0,0,0,0,0,0,0,0,0,0,0,0,0,0,0,0,0,0,0,0,0,0,0,0,0,0,0,0,0,0,0,0,0,0,0,0,0,0,0,0,0,0.169004958409529,0,0.207400902289234,0,0,0,0,0,0,0,0,0,0,0,0,0,0,0,0,0,0,0,0,0,0,0,0,0,0,0,0
0,0,0,0,0,0.162436529994011,0,0.21945442010959,0,0,0,0.110550671815872,0,0,0,0.191749952733517,0,0,0,0,0,0,0,0,0,0,0,0,0,0,0,0,0,0,0,0,0,0,0,0,0,0,0,0,0,0,0,0,0,0,0,0.190332407301122,0,0.230092775821686,0,0,0,0,0,0.188767503051795,0,0,0,0,0,0,0,0,0,0,0,0,0,0,0,0,0,0,0,0,0,0,0.174741769830386,0.233024284243584,0,0,0
0,0,0,0,0,0,0,0,0.176451970316187,0,0,0,0.182147011160851,0,0,0,0.176719872901837,0,0,0,0,0,0,0,0,0,0,0,0,0,0,0,0,0,0,0,0,0,0,0,0,0,0,0,0,0,0,0,0,0,0,0,0,0,0.244020044453004,0,0,0,0,0,0,0,0,0,0,0,0,0,0,0,0,0,0,0,0,0,0,0,0,0,0,0,0.160636315743128,0.167644798755646,0,0,0
0,0,0,0,0,0.204320587217808,0,0,0,0.174073073239821,0,0,0,0.191749952733517,0,0,0,0.163465503741194,0,0,0,0,0,0,0,0,0,0,0,0,0,0,0,0,0,0,0,0,0,0,0,0,0,0,0,0,0,0,0,0,0,0.135565384523943,0,0,0,0.273228606615943,0,0,0,0,0,0.174317021627684,0,0,0,0,0,0,0,0,0,0,0,0,0,0,0,0,0,0,0,0,0.178222867575559,0.19815319776535,0,0,0
0,0,0,0,0,0,0,0,0.18331789845016,0.195167903788388,0,0,0,0,0.176719872901837,0,0,0.189388473765894,0.300488531558353,0,0,0,0.156125396490097,0,0,0,0.142343269661069,0,0,0,0,0,0,0,0,0.363299024105072,0.353337645530701,0,0.348929742972056,0.337474489212036,0.319889116941429,0.305877155571614,0.300899473230761,0,0,0.274585694074631,0.31788652886947,0,0.32582251727581,0.309852451086044,0.309492379426956,0,0,0,0.165311314165592,0,0.388777494430542,0,0,0,0,0,0.369522333145142,0.338755476805899,0,0.191617732246717,0,0,0,0,0,0,0.313082844018936,0.359677672386169,0,0,0,0,0.349928197690419,0.336512122220951,0.378083022577422,0.369998053054918,0.206527241860323,0.154570947919049,0.315280579701066,0.314862673932856,0.312102913856506
0,0,0,0,0.297947376966476,0.270403832197189,0,0,0.192748972525199,0.215156006966791,0,0,0,0,0,0.163465503741194,0.189388473765894,0,0.301919680570034,0,0,0.208266849393275,0,0.169247782064809,0,0.142251446624013,0,0,0,0,0,0,0,0,0,0.313829874992371,0.329926401376724,0,0,0.34841137903708,0.311861483114106,0.302666969121771,0.299372595090132,0,0,0.315461377302806,0.323084622621536,0,0,0,0,0,0,0,0,0,0.319084316492081,0,0,0,0,0.168003550420205,0,0.313371494412422,0.146668918430805,0,0.14256826043129,0,0.149580262973905,0,0,0,0.347359263896942,0,0,0,0,0,0.355336128160207,0.329790182577239,0.375113142259193,0.366327873865763,0.217923016248533,0.173127157672071,0.332498391353807,0.313357629559257,0.304956482215361
0.403560383452309,0.42473102522933,0.308968417919599,0.279580834507942,0.282250415533781,0.260036031405131,0,0,0.246623497456312,0.219752833247185,0.507314622402191,0,0,0,0,0,0.300488531558353,0.301919680570034,0,0,0.333962738513947,0,0,0,0,0,0,0,0,0,0,0,0,0,0,0.361356816313288,0.366220952736007,0.381706386804581,0.363103613257408,0.345474570662624,0.322344731848414,0.274575170528871,0.265951176849238,0.248760187200138,0,0.303796267012755,0.324316236204826,0.333485275506973,0.307279157141844,0.361012192503099,0.278573349118233,0,0,0,0,0,0.395862086613973,0.407276750852664,0.291401594877243,0,0,0,0.335810299430575,0.349227368831635,0,0,0,0,0,0,0.394343664248784,0.316612988710403,0.422223309631896,0.387851971116933,0,0,0,0,0.3666868642869,0.347301226584632,0.409201624725438,0.413711089387382,0.262581758074636,0.273660036646539,0.360476749979701,0.29412324937335,0.284112606279171
0,0,0,0,0,0.23368995581578,0,0.170859793821971,0,0,0,0.1594421101941,0,0,0,0,0,0,0,0,0,0,0,0,0,0,0,0,0,0,0,0,0,0,0,0.163774164431949,0,0.133554974198341,0,0.242812505364418,0,0.254723062945737,0,0,0,0.216177029742135,0,0.231556117534637,0.235183656215668,0.251754649811321,0,0.288359872996807,0,0,0,0,0,0.263473925265399,0,0,0,0,0.203316867981159,0,0,0,0,0,0,0,0,0,0.352829948067665,0,0,0,0,0,0.218120394995616,0,0.260028410899012,0,0.177453854211928,0,0.21147481532711,0,0
0,0,0.316099107265472,0,0.251482548085419,0,0.179448709956237,0,0,0,0.148378956917818,0,0,0,0,0,0,0,0.333962738513947,0,0,0,0,0,0,0,0,0,0,0,0,0,0,0,0,0,0.150640393834784,0,0.188519623311399,0,0.189347937703133,0,0.37290246784687,0,0,0,0.332781617388581,0,0.231398181782828,0.25284880399704,0.328705124671643,0,0.285792887210846,0,0,0,0.274401581585407,0,0,0,0,0,0,0.256329264038338,0,0,0,0,0,0,0,0,0,0.394366532564163,0,0,0,0,0,0.209224286151275,0,0.245574766838992,0.198611201607698,0,0.267329584889942,0,0
0,0,0,0,0,0,0,0,0,0,0,0,0,0,0,0,0,0.208266849393275,0,0,0,0,0.0993687632243808,0.160848577817281,0,0.206239918011358,0,0,0,0,0,0,0,0,0,0,0,0.290490337774193,0,0.305165961384773,0,0.348687113573154,0,0,0,0.327859405960356,0,0,0,0.335936387672144,0,0,0,0,0,0.263881045083205,0,0.343622390089965,0,0.334037111942158,0,0.267890642086665,0.340155189742847,0,0.22680460704508,0.0808521583676338,0.208315349723163,0,0.276094589024973,0,0.373978096705217,0,0.374423946253955,0,0,0,0,0,0.317360331614812,0,0.349928533448684,0,0.116038139460357,0.112299085656802,0.334337538906506,0.361422002315521,0
0,0,0,0,0,0,0,0,0,0,0,0,0,0,0,0,0.156125396490097,0,0,0,0,0.0993687632243808,0,0,0.142661399998755,0,0.247233258826392,0,0.194744383916259,0,0,0,0,0,0,0,0,0,0.155753532324785,0,0,0,0,0,0,0,0,0,0.316233518733599,0,0,0,0,0,0,0,0,0,0.334378570318222,0,0,0,0,0,0,0.251272329600214,0,0.249359352514148,0,0.282511363999966,0,0.272478349782802,0,0,0,0,0,0,0,0,0,0.326409424833878,0.130029529477786,0.120812747627497,0.331227079033852,0,0
0,0,0,0,0,0,0,0,0,0.240164244579057,0,0,0,0,0,0,0,0.169247782064809,0,0,0,0.160848577817281,0,0,0,0.207120862953803,0,0,0,0,0,0,0,0,0,0,0,0.144701199715628,0,0,0,0.3215139011542,0,0,0,0.315054506063461,0,0,0,0.315094262361526,0,0,0,0,0,0.221538540441543,0,0.337943582623093,0,0.339463762111134,0,0.242430723706881,0.337106694777807,0,0.114565853443411,0,0.132285266879358,0,0.184847245812416,0,0,0,0,0,0,0,0,0,0,0,0.128425147097844,0,0.166938847358074,0,0.179090488363396,0.297243446111679,0
0,0,0,0,0,0,0,0,0,0,0,0,0,0,0,0,0,0,0,0,0,0,0.142661399998755,0,0,0,0.222480167945226,0,0,0,0,0,0,0,0,0,0,0,0.193998968407798,0,0,0,0,0,0,0,0,0,0,0,0,0,0,0,0.266696105080266,0,0,0,0,0,0,0,0,0,0,0.138065548934813,0,0.203570419539736,0,0.223877373796243,0,0,0,0,0,0,0,0,0,0,0,0.196661923991309,0.158181511235575,0.16427931189537,0.28421661805494,0,0
0,0,0,0,0,0,0,0,0,0.174900630658323,0,0,0,0,0,0,0,0.142251446624013,0,0,0,0.206239918011358,0,0.207120862953803,0,0,0,0.132818756997585,0,0,0,0,0,0,0,0,0,0,0,0,0,0.339606742064158,0,0,0,0.312183618545532,0,0,0,0.326683640480042,0,0,0,0,0,0.171316770836711,0,0.348671698844747,0,0.339644263772403,0,0.283447596222855,0.349066103143351,0,0.246511516033434,0,0.255402553826571,0,0.274120281296864,0,0.367184428607716,0,0.332315504550934,0,0,0,0,0,0.314414466420809,0,0,0,0.140507009501259,0,0.333255462348461,0,0
0,0,0,0,0,0,0,0,0,0,0,0,0,0,0,0,0.142343269661069,0,0,0,0,0,0.247233258826392,0,0.222480167945226,0,0,0,0.219524262845516,0,0,0,0,0,0,0,0,0,0,0,0,0,0,0,0,0,0,0,0,0,0,0,0,0,0.181886515834115,0,0.307329714298248,0,0.362311184406281,0,0,0,0,0,0,0.20435437134334,0,0.302424669265747,0,0.272720473366124,0,0,0,0,0,0,0,0,0,0,0,0,0.16059286147356,0,0,0,0
0,0,0,0,0,0,0,0,0,0,0,0,0,0,0,0,0,0,0,0,0,0,0,0,0,0.132818756997585,0,0,0,0.161009843150775,0,0,0,0,0,0,0,0,0,0,0,0,0,0,0,0,0,0,0,0,0,0,0,0,0,0,0,0,0,0.135752126574516,0,0,0,0,0,0,0,0,0.152769287427266,0,0.202443060864295,0,0.194097318819591,0,0,0,0,0,0,0,0,0,0,0,0,0,0
0,0,0,0,0,0,0,0,0,0,0,0,0,0,0,0,0,0,0,0,0,0,0.194744383916259,0,0,0,0.219524262845516,0,0,0,0.238221794798754,0,0,0,0,0,0,0,0.255080014467239,0,0,0,0,0,0,0,0,0,0.309645451167051,0,0,0,0,0,0,0,0,0,0,0,0,0,0,0,0,0.216367674144832,0,0,0,0.213787254379239,0,0.203657325399056,0,0.263731164932251,0,0,0,0,0,0,0,0.269749608906833,0,0.1488126963377,0.320365458726883,0,0
0,0,0,0,0,0,0,0,0,0,0,0,0,0,0,0,0,0,0,0,0,0,0,0,0,0,0,0.161009843150775,0,0,0,0,0,0,0,0,0,0.114720192394759,0,0,0,0,0,0,0,0,0,0,0,0,0,0,0,0,0,0,0,0.166479577620824,0,0,0,0,0,0,0,0,0,0,0,0,0,0,0.21842048444399,0,0,0,0,0,0,0,0,0,0,0,0,0,0
0,0,0,0,0,0,0,0,0,0,0.131602431224151,0,0,0,0,0,0,0,0,0,0,0,0,0,0,0,0,0,0.238221794798754,0,0,0,0,0,0,0,0,0,0.127847081464198,0,0,0,0,0,0,0,0,0,0,0,0,0,0,0,0,0,0.0882599033415317,0,0,0,0,0,0,0,0,0,0,0,0,0,0,0.259819367600904,0,0.235890906772327,0,0,0,0,0,0,0,0,0.157817989587784,0,0,0,0
0,0,0,0,0,0,0,0,0,0,0,0,0,0,0,0,0,0,0,0,0,0,0,0,0,0,0,0,0,0,0,0,0.26228948643333,0.286451615600122,0,0.237151808324326,0.243299960025719,0,0,0,0,0,0,0,0,0,0,0.411651192524401,0,0,0,0,0,0,0,0,0,0,0,0,0,0,0,0,0,0,0,0,0,0,0,0,0,0,0.301933280708645,0.166922110319138,0.218905584727015,0,0.391541547590248,0.284002754837275,0,0,0.237208946840213,0,0,0,0
0,0,0,0,0,0,0,0,0,0,0,0,0,0,0,0,0,0,0,0,0,0,0,0,0,0,0,0,0,0,0,0.26228948643333,0,0.124450678937137,0.204074159264565,0.274091601371765,0.151090858007471,0,0,0,0,0,0,0,0,0,0,0.453381634785631,0,0,0,0,0,0,0,0,0,0,0,0,0,0,0,0,0,0,0,0,0,0,0,0,0,0,0.252788401156102,0.300311593483413,0,0.211742220180375,0.300504237413406,0.384121517725114,0,0,0.250900921068693,0,0,0,0
0,0,0,0,0,0,0,0,0,0,0,0,0,0,0,0,0,0,0,0,0,0,0,0,0,0,0,0,0,0,0,0.286451615600122,0.124450678937137,0,0.131774398963898,0.146628443394666,0,0.229686003923416,0,0,0,0,0,0,0,0,0,0.317473929516344,0,0.457415908575058,0,0,0,0,0,0,0,0,0,0,0,0,0,0,0,0,0,0,0,0,0,0,0,0,0.316873981407955,0,0.218736921050927,0.150324575603008,0.201669887995178,0,0.346256715280038,0,0.198884973273827,0.197542537003756,0.597583711147308,0,0
0,0,0,0,0,0,0,0,0,0,0,0,0,0,0,0,0,0,0,0,0,0,0,0,0,0,0,0,0,0,0,0,0.204074159264565,0.131774398963898,0,0,0.151244894601405,0,0.149965061806142,0,0,0,0,0,0,0,0,0.237367386065874,0.386710574229558,0,0,0,0,0,0,0,0,0,0,0,0,0,0,0,0,0,0,0,0,0,0,0,0,0,0,0.258535458902607,0.131993368268013,0.189748394133401,0,0.235046209501369,0,0.194451534748077,0.209443735353874,0.168490186333656,0,0,0
0,0,0,0.302024490066937,0,0.222153183932488,0,0.176468928654989,0,0,0,0,0,0,0,0,0.363299024105072,0.313829874992371,0.361356816313288,0.163774164431949,0,0,0,0,0,0,0,0,0,0,0,0.237151808324326,0.274091601371765,0.146628443394666,0,0,0.165871111351416,0.171465027698521,0,0.310329010673598,0.385995924472809,0.323064441971591,0.298939526081085,0,0,0.305250825927309,0.322720289230347,0.252865280371067,0.276441667100479,0.278872794037064,0,0.255310341715813,0,0,0,0,0,0.298070606589317,0,0,0,0,0.180320147974178,0,0,0,0.34190434217453,0,0.312940746545792,0,0.315419356028239,0,0.336905442178249,0,0.260068699425342,0,0.244534137822893,0,0.232008288485109,0.172172823804431,0.22487657719135,0,0.19126576531368,0.287487139449502,0.305498625679188,0.3597662309354,0
0,0,0,0,0.246950786560774,0,0,0,0,0,0.126302869369586,0,0,0,0,0,0.353337645530701,0.329926401376724,0.366220952736007,0,0.150640393834784,0,0,0,0,0,0,0,0,0,0,0.243299960025719,0.151090858007471,0,0.151244894601405,0.165871111351416,0,0,0.173322649029607,0.349137425422668,0.328814488649368,0.328445017337799,0.330002837889903,0,0,0,0.2821011402317,0.228601142076346,0.293722620606422,0,0.275287250677745,0,0,0,0,0,0.25860401391983,0,0.289906114339828,0,0,0,0,0.26157134448774,0,0,0,0,0,0,0,0.304530501365662,0,0.346583493053913,0.26077696418061,0.278147105364441,0,0.133153709272544,0.217661170106308,0.231246142541641,0.371556043624878,0.230909257338195,0.183126188734649,0.240399903593919,0.335649363123454,0,0.340153508114092
0,0.355031162500381,0,0.306407257914543,0,0.324282094836235,0,0,0,0.217727656444807,0,0.128495742223765,0,0,0,0,0,0,0.381706386804581,0.133554974198341,0,0.290490337774193,0,0.144701199715628,0,0,0,0,0,0.114720192394759,0,0,0,0.229686003923416,0,0.171465027698521,0,0,0.209156240026156,0.352506458759308,0.315380275249481,0.344332344830036,0,0,0,0.313063921720794,0,0.224708004130257,0,0.321583055660571,0,0,0,0,0,0.297977122374707,0,0.131379521350459,0,0,0,0,0.248766284258593,0,0.287955123569284,0,0.258155299369822,0,0,0,0.374272662401199,0,0.342131448142669,0,0,0,0.351337359258623,0,0.237876599037221,0,0.265901303209584,0,0.149053108748756,0.159054161264346,0.255857544803554,0.367083964745204,0
0,0,0,0,0,0,0,0,0.200663367975248,0,0.142173767063423,0,0,0,0,0,0.348929742972056,0,0.363103613257408,0,0.188519623311399,0,0.155753532324785,0,0.193998968407798,0,0,0,0.255080014467239,0,0.127847081464198,0,0,0,0.149965061806142,0,0.173322649029607,0.209156240026156,0,0,0,0,0.287274837493896,0,0,0,0.356971874833107,0.514394884492144,0.356483669914747,0,0,0,0,0,0.283193682470629,0,0.140860544686968,0,0,0,0,0,0,0.229113584321536,0,0.205776187304024,0,0.277525587391529,0,0,0,0,0,0.142173472337606,0,0,0,0.163047171497749,0,0.231274777281037,0,0.234269023161166,0.287447501884566,0.177126733281396,0.280490116910501,0,0.393670397996902
0,0.469813972711563,0,0.294717366496722,0,0.258518995903432,0,0,0,0.332510620355606,0,0,0,0,0,0,0.337474489212036,0.34841137903708,0.345474570662624,0.242812505364418,0,0.305165961384773,0,0,0,0,0,0,0,0,0,0,0,0,0,0.310329010673598,0.349137425422668,0.352506458759308,0,0,0.354490987956524,0.326662319495738,0.298705684172141,0.351813380916913,0,0.311507534033742,0.329531244933605,0.245190086572067,0,0.25465085932833,0,0.253733153144519,0,0,0,0,0,0.292188891934024,0,0,0,0.298236638307571,0.268055761396061,0,0.312647014856339,0,0,0,0.306135369198663,0,0.328077845275402,0,0.347386829200245,0,0,0,0,0,0.30097183935468,0.35189205691928,0.366127130280181,0.412650093436241,0.334005191538825,0.340439821992602,0.305654540819685,0.331958679740246,0.309708565473557
0.382221966981888,0,0.306230473518372,0,0.277112193179853,0,0,0,0,0,0,0,0,0,0,0,0.319889116941429,0.311861483114106,0.322344731848414,0,0.189347937703133,0,0,0,0,0,0,0,0,0,0,0,0,0,0,0.385995924472809,0.328814488649368,0.315380275249481,0,0.354490987956524,0,0.278660284148322,0.316258686235907,0.28079354763031,0,0,0.341598764399313,0.412782428264618,0.269010872581878,0.265666365623474,0.28689409079759,0,0,0,0,0,0.313457475354274,0,0.275756160418193,0,0,0,0.354184776544571,0.267931047753383,0,0,0,0,0,0,0,0.318034917116165,0,0.31048128265759,0,0,0,0,0.343211610208858,0.296364721293574,0,0.307208599035556,0.329993574721057,0.30980196595192,0.323165493550071,0.309943288564682,0.290480085330851
0.259266220033169,0.256266493947451,0.3001708984375,0.280477424405214,0,0.261330648277798,0,0,0,0.138106510043144,0,0,0,0,0,0,0.305877155571614,0.302666969121771,0.274575170528871,0.254723062945737,0,0.348687113573154,0,0.3215139011542,0,0.339606742064158,0,0,0,0,0,0,0,0,0,0.323064441971591,0.328445017337799,0.344332344830036,0,0.326662319495738,0.278660284148322,0,0.26946194554684,0.231116228243884,0,0.273794712515171,0.285691805183887,0.6068522188009,0.274929814040661,0.32168658348017,0.274589940905571,0.268527377396822,0,0,0,0,0.34325098991394,0.332084535480917,0.31207263469696,0.367401480674744,0,0.284831255674362,0.323120119236105,0.290195609132449,0.337541189862461,0,0.339754315359252,0,0.346433605208541,0,0.336037548248377,0,0.333437405976673,0,0,0,0.316354483366013,0,0.332404271101747,0.312591498019174,0.341755532761158,0.337067325909932,0.343063136704853,0.33521685109419,0.308345078248108,0.26033761000652,0.250089973211288
0.301062913317429,0,0.301858182884976,0.281449337800344,0.282429717408801,0.261870235204697,0,0,0.211386805772781,0,0.393183246254921,0,0,0,0,0,0.300899473230761,0.299372595090132,0.265951176849238,0,0.37290246784687,0,0,0,0,0,0,0,0,0,0,0,0,0,0,0.298939526081085,0.330002837889903,0,0.287274837493896,0.298705684172141,0.316258686235907,0.26946194554684,0,0,0,0.261698463559151,0.296195540049424,0.56374922964616,0.334394816487032,0.276195777580142,0.287643635986556,0.255697965621948,0,0,0.264834672212601,0,0.355471726851438,0.366234302520752,0.298327018817266,0,0,0,0,0.330249746450397,0,0.381863534450531,0,0,0,0.341826682289441,0,0.35387818802867,0,0.362813269724819,0,0,0,0,0.33527416075979,0.31598266098905,0.351925243933996,0.386349997815809,0.387229736835118,0.315447757368559,0.300173782482377,0.269352984428406,0.237313194398863
0,0,0,0,0,0,0,0,0,0,0,0,0,0,0,0,0,0,0.248760187200138,0,0,0,0,0,0,0,0,0,0,0,0,0,0,0,0,0,0,0,0,0.351813380916913,0.28079354763031,0.231116228243884,0,0,0,0.238022968173027,0,0,0,0.290851682424545,0,0,0,0,0,0,0,0,0,0,0,0,0,0,0,0,0,0,0,0,0,0,0,0,0,0,0,0,0.346173202290255,0.282050490379333,0,0,0.268576437234879,0,0.274957966804504,0.249757640063763,0
0,0,0,0,0,0,0,0,0,0,0,0,0,0,0,0,0,0,0,0,0,0,0,0,0,0,0,0,0,0,0,0,0,0,0,0,0,0,0,0,0,0,0,0,0,0,0.54127699136734,0,0,0,0,0,0,0,0,0,0.511772692203522,0,0,0,0,0,0,0,0,0,0,0,0,0,0,0,0,0,0,0,0,0,0,0.495142716169357,0,0.507007539272308,0,0,0.521060883998871,0,0
0,0,0,0.212390693097279,0,0.219827416997689,0,0,0,0,0,0.321348428726196,0,0,0,0,0.274585694074631,0.315461377302806,0.303796267012755,0.216177029742135,0,0.327859405960356,0,0.315054506063461,0,0.312183618545532,0,0,0,0,0,0,0,0,0,0.305250825927309,0,0.313063921720794,0,0.311507534033742,0,0.273794712515171,0.261698463559151,0.238022968173027,0,0,0,0.242081233433315,0.242379321970723,0.259686973290863,0,0.266502112150192,0,0,0,0,0,0.322208470135343,0,0.273778170347214,0,0,0.28760070695776,0,0.317148335278034,0,0.306358257929484,0,0.321887425094281,0,0.302665407841022,0,0.33702586489181,0,0,0,0,0,0.285390120659087,0.297759488224983,0.337283372729924,0,0.28620052207557,0.287558898329735,0.27309453611887,0.273744302717122,0
0.424196809530258,0,0.258229260381899,0,0.242308999733491,0,0,0,0,0,0.327900230884552,0,0,0,0,0,0.31788652886947,0.323084622621536,0.324316236204826,0,0.332781617388581,0,0,0,0,0,0,0,0,0,0,0,0,0,0,0.322720289230347,0.2821011402317,0,0.356971874833107,0.329531244933605,0.341598764399313,0.285691805183887,0.296195540049424,0,0.54127699136734,0,0,0.243735140562058,0.280134069576185,0.326032429933548,0.245216737298862,0,0,0,0,0,0.289367876776302,0,0.257571863010526,0,0,0,0,0.28800722728462,0,0,0,0,0,0,0,0.315792512148619,0,0.352120042379413,0,0,0,0,0.343247337774797,0.277842105483521,0.34145724773407,0.362744032154008,0.321878905859462,0.30579406448773,0.3019071017645,0.300691872835159,0.282876039926822
0,0,0,0,0,0.248932585120201,0,0,0,0,0,0,0,0,0,0,0,0,0.333485275506973,0.231556117534637,0,0,0,0,0,0,0,0,0,0,0,0.411651192524401,0.453381634785631,0.317473929516344,0.237367386065874,0.252865280371067,0.228601142076346,0.224708004130257,0.514394884492144,0.245190086572067,0.412782428264618,0.6068522188009,0.56374922964616,0,0,0.242081233433315,0.243735140562058,0,0.479406834925104,0.413003849362085,0.297171086072922,0,0,0,0,0,0.454572886228561,0,0.294296413660049,0,0,0,0,0.272225648164749,0,0,0,0,0,0,0,0,0,0,0.401877470811979,0.384017186373606,0.326913519187977,0.283467138742472,0.370500339113208,0.436428760608079,0,0.273572742938995,0.645950584696687,0.552437601530034,0.544605884515031,0.328430771827698,0
0.134052352099977,0,0.209934173695122,0.272471949458122,0.280446384977174,0.264479707394327,0,0,0.159299685060978,0,0,0,0,0,0,0,0.32582251727581,0,0.307279157141844,0.235183656215668,0.231398181782828,0,0.316233518733599,0,0,0,0,0,0.309645451167051,0,0,0,0,0,0.386710574229558,0.276441667100479,0.293722620606422,0,0.356483669914747,0,0.269010872581878,0.274929814040661,0.334394816487032,0,0,0.242379321970723,0.280134069576185,0.479406834925104,0,0.270717081336575,0.289983761518501,0.250186651945114,0,0,0.282192161679268,0,0.31895065449533,0,0.271954126301266,0,0.261385373393946,0,0.219878181815147,0.246996703092009,0,0.309692014187289,0,0.177285258431692,0,0.295286209906562,0,0.334238887294527,0.323285937309265,0.34709711568764,0,0.377340562641621,0,0.356736272573471,0.268484916538,0.313456092498848,0.329007491469383,0.351215545000741,0.471982369338575,0.317733764648438,0.323479364379797,0,0.307170003652573
0,0.22856490495049,0,0.232860555251439,0.233471155166626,0.262973136865021,0,0,0,0.215629832943281,0,0,0,0,0,0,0.309852451086044,0,0.361012192503099,0.251754649811321,0.25284880399704,0.335936387672144,0,0.315094262361526,0,0.326683640480042,0,0,0,0,0,0,0,0.457415908575058,0,0.278872794037064,0,0.321583055660571,0,0.25465085932833,0.265666365623474,0.32168658348017,0.276195777580142,0.290851682424545,0,0.259686973290863,0.326032429933548,0.413003849362085,0.270717081336575,0,0,0.258023478918605,0,0,0,0.293044331669807,0.315832644701004,0.320602133546506,0,0.301002713626829,0,0.242990228391829,0.326965083782913,0,0.314916334705415,0,0.316472518869809,0,0.345989037458211,0,0.361884966492653,0,0.346732203976824,0,0.279443000753721,0,0,0,0.277404751062906,0.284891809735979,0.373408885686764,0,0.423947045588058,0.378842934966087,0.331053071393519,0.349163240194321,0.278233140707016
0,0,0.207742546818086,0,0.232556258880995,0,0.234492828448613,0,0,0,0.283567488193512,0,0,0,0,0,0.309492379426956,0,0.278573349118233,0,0.328705124671643,0,0,0,0,0,0,0,0,0,0,0,0,0,0,0,0.275287250677745,0,0,0,0.28689409079759,0.274589940905571,0.287643635986556,0,0,0,0.245216737298862,0.297171086072922,0.289983761518501,0,0,0,0,0,0,0,0.286195933166402,0,0.261492081341289,0,0,0,0,0.352225407774066,0,0,0,0,0,0,0,0,0,0.3268975073641,0,0,0,0,0.328723311424255,0.287290632303031,0,0.322563026960079,0.221041573890977,0,0.300937968519642,0,0.262308605015278
0,0,0,0.235122378915548,0,0.224500724627347,0,0.219602930445631,0,0.1283362851966,0,0.32118300978954,0,0.190332407301122,0,0.135565384523943,0,0,0,0.288359872996807,0,0,0,0,0,0,0,0,0,0,0,0,0,0,0,0.255310341715813,0,0,0,0.253733153144519,0,0.268527377396822,0.255697965621948,0,0,0.266502112150192,0,0,0.250186651945114,0.258023478918605,0,0,0,0.2398410414656,0,0.201353403925896,0,0.27721931041638,0,0.268438740813432,0,0.202577456831932,0.341887349113822,0,0,0,0,0,0,0,0,0,0.300801374018192,0,0,0,0,0,0.312692771106958,0.24964427947998,0,0,0.208229692285832,0,0.319632492142339,0,0
0,0,0,0,0.186301372945309,0,0.185297345656615,0,0,0,0,0,0,0,0,0,0,0,0,0,0.285792887210846,0,0,0,0,0,0,0,0,0,0,0,0,0,0,0,0,0,0,0,0,0,0,0,0,0,0,0,0,0,0,0,0,0,0,0,0.156017310089535,0,0,0,0,0,0,0,0,0,0,0,0,0,0,0,0,0,0,0,0,0,0,0,0,0,0.143426476253404,0,0,0,0
0,0,0,0,0,0,0,0.233933374612299,0,0,0,0.267081201076508,0,0.230092775821686,0,0,0,0,0,0,0,0,0,0,0,0,0,0,0,0,0,0,0,0,0,0,0,0,0,0,0,0,0,0,0,0,0,0,0,0,0,0.2398410414656,0,0,0,0,0,0.26903454234716,0,0,0,0,0,0,0,0,0,0,0,0,0,0,0,0,0,0,0,0,0,0,0,0,0.185427657083461,0,0,0,0
0.235971102757113,0,0.174945299176202,0,0.203424925605456,0,0,0,0.254923898107161,0,0,0,0,0,0.244020044453004,0,0.165311314165592,0,0,0,0,0,0,0,0.266696105080266,0,0.181886515834115,0,0,0,0,0,0,0,0,0,0,0,0.283193682470629,0,0,0,0.264834672212601,0,0,0,0,0,0.282192161679268,0,0,0,0,0,0,0,0.204864516854286,0,0.194767229259014,0,0.216452142019426,0,0,0,0,0,0,0.297520408136784,0,0,0,0,0,0.315110892057419,0,0,0,0,0,0.298565447330475,0,0.334610188719381,0.172532867108073,0,0,0,0
0,0.276912858831015,0,0.18213263792651,0,0,0,0,0,0.254522076355741,0,0,0,0,0,0.273228606615943,0,0,0,0,0,0.263881045083205,0,0.221538540441543,0,0.171316770836711,0,0,0,0,0,0,0,0,0,0,0,0.297977122374707,0,0,0,0,0,0,0,0,0,0,0,0.293044331669807,0,0.201353403925896,0,0,0,0,0,0,0,0,0,0.284643537664818,0,0,0.273982642425431,0,0.305083679618748,0,0,0,0,0,0,0,0,0,0,0,0,0,0.289041492931857,0,0.211423968275388,0,0.248526748269796,0,0
0,0,0.306114677817394,0,0.279214362011236,0,0,0,0.259055376052856,0,0.202833557502835,0,0.169004958409529,0,0,0,0.388777494430542,0.319084316492081,0.395862086613973,0,0.274401581585407,0,0,0,0,0,0.307329714298248,0,0,0,0.0882599033415317,0,0,0,0,0,0.25860401391983,0,0.140860544686968,0,0.313457475354274,0.34325098991394,0.355471726851438,0,0.511772692203522,0,0.289367876776302,0.454572886228561,0.31895065449533,0.315832644701004,0.286195933166402,0,0.156017310089535,0,0.204864516854286,0,0,0,0.323539254687468,0,0.281450920245227,0,0,0.334277706052459,0,0.356305658817291,0,0,0,0.354775940644599,0,0.378457710891962,0,0.407439295142984,0,0,0,0,0.3559809923172,0.301125653882821,0,0.378408524394035,0.244415145656727,0.3504468947649,0.348245078286567,0.299463838338852,0.362344322650413
0,0.321876853704453,0,0.27528289226549,0,0.265475881899275,0,0.253128786881765,0,0,0,0.238364509177896,0,0,0,0,0,0,0.407276750852664,0.263473925265399,0,0.343622390089965,0,0.337943582623093,0,0.348671698844747,0,0,0,0.166479577620824,0,0,0,0,0,0.298070606589317,0,0.131379521350459,0,0.292188891934024,0,0.332084535480917,0.366234302520752,0,0,0.322208470135343,0,0,0,0.320602133546506,0,0.27721931041638,0,0.26903454234716,0,0,0,0,0,0.300977975247347,0,0.318946223579296,0.302860555396056,0,0.359105336545694,0,0.345174769844328,0,0.359286408022612,0,0.32294148121984,0,0.345413463776042,0,0,0,0,0,0.293014630320526,0,0.370993309115109,0,0.293383730963493,0.381187826395035,0.306461358615147,0.364039130922821,0
0,0,0.208455095688502,0,0.208912645777067,0,0,0,0,0,0,0,0.207400902289234,0,0,0,0,0,0.291401594877243,0,0,0,0.334378570318222,0,0,0,0.362311184406281,0,0,0,0,0,0,0,0,0,0.289906114339828,0,0,0,0.275756160418193,0.31207263469696,0.298327018817266,0,0,0,0.257571863010526,0.294296413660049,0.271954126301266,0,0.261492081341289,0,0,0,0.194767229259014,0,0.323539254687468,0,0,0,0.245953340422023,0,0,0.302545547485352,0,0.348548167943954,0,0,0,0.354447459058,0,0.37119174176561,0,0.339106718699137,0,0,0,0,0,0.282985866069794,0,0.369608283042908,0.284679338335991,0,0.323860309011227,0,0
0,0,0,0.248322308063507,0,0.261175575000899,0,0.233312009088695,0,0,0,0,0,0.188767503051795,0,0,0,0,0,0,0,0.334037111942158,0,0.339463762111134,0,0.339644263772403,0,0.135752126574516,0,0,0,0,0,0,0,0,0,0,0,0,0,0.367401480674744,0,0,0,0.273778170347214,0,0,0,0.301002713626829,0,0.268438740813432,0,0,0,0,0,0.300977975247347,0,0,0,0.304654218694743,0.312736896106175,0,0.359709482162427,0,0.305117910106977,0,0.364955137235618,0,0.309689136796279,0,0,0,0,0,0,0,0.27218010276556,0,0,0,0.215712921032982,0.231635343283415,0.309432124098142,0,0
0.197101297389184,0,0,0,0,0,0,0,0.199753597264106,0,0,0,0,0,0,0,0,0,0,0,0,0,0,0,0,0,0,0,0,0,0,0,0,0,0,0,0,0,0,0,0,0,0,0,0,0,0,0,0.261385373393946,0,0,0,0,0,0.216452142019426,0,0.281450920245227,0,0.245953340422023,0,0,0,0,0,0,0.340823918581009,0,0,0,0.334836249550184,0,0.347184873053006,0,0,0,0,0,0,0,0,0,0,0.169382865230242,0,0,0,0
0,0.282930730249394,0,0,0,0,0,0,0,0.138723649892462,0,0,0,0,0,0.174317021627684,0,0.168003550420205,0,0,0,0.267890642086665,0,0.242430723706881,0,0.283447596222855,0,0,0,0,0,0,0,0,0,0,0,0,0,0.298236638307571,0,0.284831255674362,0,0,0,0,0,0,0,0.242990228391829,0,0.202577456831932,0,0,0,0.284643537664818,0,0.318946223579296,0,0.304654218694743,0,0,0.308325976133347,0,0.333571672439575,0,0.203098095774651,0,0.290001713340743,0,0,0,0,0,0,0,0,0,0.312719911336899,0,0,0,0.196932957930998,0,0.214480289699216,0,0
0,0,0,0.282626688480377,0,0.297877990609997,0,0,0,0,0,0.151682067502822,0,0,0,0,0.369522333145142,0,0.335810299430575,0.203316867981159,0,0.340155189742847,0,0.337106694777807,0,0.349066103143351,0,0,0,0,0,0,0,0,0,0.180320147974178,0,0.248766284258593,0,0.268055761396061,0.354184776544571,0.323120119236105,0,0,0,0.28760070695776,0,0,0.219878181815147,0.326965083782913,0,0.341887349113822,0,0,0,0,0,0.302860555396056,0,0.312736896106175,0,0.308325976133347,0,0,0.358879606898238,0,0.350283886705126,0,0.36020191646488,0,0.334075455077066,0,0.332062756948684,0,0,0,0,0,0.287445693079495,0,0.310421356360539,0,0.201325831812267,0.348960181077321,0.335330784216627,0.337301190252657,0
0,0,0.344190925359726,0,0.238672120127384,0,0.17485772818327,0,0,0,0.328315230933103,0,0,0,0,0,0.338755476805899,0.313371494412422,0.349227368831635,0,0.256329264038338,0,0,0,0,0,0,0,0,0,0,0,0,0,0,0,0.26157134448774,0,0.229113584321536,0,0.267931047753383,0.290195609132449,0.330249746450397,0,0,0,0.28800722728462,0.272225648164749,0.246996703092009,0,0.352225407774066,0,0,0,0,0,0.334277706052459,0,0.302545547485352,0,0,0,0,0,0,0,0,0,0,0.345467507839203,0,0.35568049207501,0,0.388518602208745,0,0,0,0,0.370029985904694,0.288124324574366,0.410854190587997,0.365230945595785,0.263967983502544,0.274388343095779,0.343342873262987,0,0.331868534286817
0,0,0,0.326427042484283,0,0,0,0,0,0,0,0,0,0,0,0,0,0.146668918430805,0,0,0,0.22680460704508,0,0.114565853443411,0,0.246511516033434,0,0,0,0,0,0,0,0,0,0,0,0.287955123569284,0,0.312647014856339,0,0.337541189862461,0,0,0,0.317148335278034,0,0,0,0.314916334705415,0,0,0,0,0,0.273982642425431,0,0.359105336545694,0,0.359709482162427,0,0.333571672439575,0.358879606898238,0,0,0,0.179807195684524,0,0.335863475824973,0,0.359368387005619,0,0.367020916193724,0,0,0,0,0,0.318661988658064,0,0.30861692316074,0,0.100389443837651,0,0.340249880552292,0.36622329056263,0
0,0,0,0,0,0,0,0,0,0,0,0,0,0,0,0,0.191617732246717,0,0,0,0,0.0808521583676338,0.251272329600214,0,0.138065548934813,0,0.20435437134334,0,0.216367674144832,0,0,0,0,0,0,0,0,0,0.205776187304024,0,0,0,0.381863534450531,0,0,0,0,0,0.309692014187289,0,0,0,0,0,0,0,0.356305658817291,0,0.348548167943954,0,0.340823918581009,0,0,0,0,0,0,0.228872161722038,0,0.31813437547388,0,0.249943215014606,0,0,0,0,0,0,0,0,0,0.372314902563249,0.215700638666749,0,0.357105374336243,0,0
0,0,0,0,0,0.284468561410904,0,0,0,0.294236528633655,0,0,0,0,0,0,0,0.14256826043129,0,0,0,0.208315349723163,0,0.132285266879358,0,0.255402553826571,0,0,0,0,0,0,0,0,0,0.34190434217453,0,0.258155299369822,0,0,0,0.339754315359252,0,0,0,0.306358257929484,0,0,0,0.316472518869809,0,0,0,0,0,0.305083679618748,0,0.345174769844328,0,0.305117910106977,0,0.203098095774651,0.350283886705126,0,0.179807195684524,0,0,0,0.225293867546937,0,0.391864415334196,0,0.356516465544701,0,0,0,0,0,0.314939204071249,0,0.241454206612887,0,0.163076380267739,0,0.309836522936821,0.362427353858948,0
0,0,0,0,0,0,0,0,0.30824401974678,0,0,0,0,0,0,0,0,0,0,0,0,0,0.249359352514148,0,0.203570419539736,0,0.302424669265747,0,0,0,0,0,0,0,0,0,0,0,0.277525587391529,0,0,0,0,0,0,0,0,0,0.177285258431692,0,0,0,0,0,0.297520408136784,0,0,0,0,0,0,0,0,0,0,0.228872161722038,0,0,0,0.333415014701977,0,0,0,0,0,0,0,0,0,0,0,0.295454913140496,0.155424706961798,0.166280254721642,0.287015278637409,0,0
0,0,0,0.304689854383469,0,0,0,0,0,0,0,0,0,0,0,0,0,0.149580262973905,0,0,0,0.276094589024973,0,0.184847245812416,0,0.274120281296864,0,0.152769287427266,0,0,0,0,0,0,0,0.312940746545792,0,0,0,0.306135369198663,0,0.346433605208541,0,0,0,0.321887425094281,0,0,0,0.345989037458211,0,0,0,0,0,0,0,0.359286408022612,0,0.364955137235618,0,0.290001713340743,0.36020191646488,0,0.335863475824973,0,0.225293867546937,0,0,0,0.405415410669441,0,0.348169047385454,0,0,0,0,0,0.314763592369854,0,0.343879267573357,0,0.236094815656543,0,0.343741163436104,0.381654458386557,0
0,0,0,0,0,0,0,0,0,0,0,0,0,0,0,0,0,0,0,0,0,0,0.282511363999966,0,0.223877373796243,0,0.272720473366124,0,0.213787254379239,0,0,0,0,0,0,0,0,0,0,0,0,0,0.341826682289441,0,0,0,0,0,0.295286209906562,0,0,0,0,0,0,0,0.354775940644599,0,0.354447459058,0,0.334836249550184,0,0,0.345467507839203,0,0.31813437547388,0,0.333415014701977,0,0,0,0.320650357065634,0,0,0,0,0,0,0,0,0,0,0.154242560267448,0,0.363918331323885,0,0
0,0.377900719642639,0,0.324067753904006,0,0.27527479827404,0,0,0,0,0,0.364526212215424,0,0,0,0,0,0,0.394343664248784,0,0,0.373978096705217,0,0,0,0.367184428607716,0,0.202443060864295,0,0,0,0,0,0,0,0.315419356028239,0,0.374272662401199,0,0.328077845275402,0,0.336037548248377,0,0,0,0.302665407841022,0,0,0,0.361884966492653,0,0,0,0,0,0,0,0.32294148121984,0,0.309689136796279,0,0,0.334075455077066,0,0.359368387005619,0,0.391864415334196,0,0.405415410669441,0,0,0,0.353627607561809,0,0,0,0,0,0.307552054237071,0,0.320754526014877,0,0.358812940617402,0,0.350940295715922,0.36187579540106,0
0,0,0.345364948113759,0,0,0,0,0,0,0,0,0,0,0,0,0,0,0,0.316612988710403,0,0,0,0.272478349782802,0,0,0,0,0,0.203657325399056,0,0.259819367600904,0,0,0,0,0,0.304530501365662,0,0,0,0.318034917116165,0,0.35387818802867,0,0,0,0.315792512148619,0,0.334238887294527,0,0,0,0,0,0,0,0.378457710891962,0,0.37119174176561,0,0.347184873053006,0,0,0.35568049207501,0,0.249943215014606,0,0,0,0.320650357065634,0,0,0,0.323133509894373,0,0,0,0,0,0.323245853185654,0,0.288810323329939,0.18400996029377,0,0.394242282523665,0,0.352600727762495
0,0,0,0.343830565853817,0,0.307251188017073,0,0,0,0,0,0.32681282848682,0,0,0,0,0.313082844018936,0.347359263896942,0.422223309631896,0.352829948067665,0,0.374423946253955,0,0,0,0.332315504550934,0,0.194097318819591,0,0.21842048444399,0,0,0,0,0,0.336905442178249,0,0.342131448142669,0,0.347386829200245,0,0.333437405976673,0,0,0,0.33702586489181,0,0,0.323285937309265,0.346732203976824,0,0.300801374018192,0,0,0,0,0,0.345413463776042,0,0,0,0,0.332062756948684,0,0.367020916193724,0,0.356516465544701,0,0.348169047385454,0,0.353627607561809,0,0,0,0,0,0,0,0.31105275815015,0.33643498023351,0.367020560835683,0,0.382732294499874,0.363868944346905,0.380439349802675,0.384097197187056,0
0.403626412153244,0,0.365039003690084,0,0.31613908254582,0,0,0,0.311583489179611,0,0.237841277072827,0,0,0,0,0,0.359677672386169,0,0.387851971116933,0,0.394366532564163,0,0,0,0,0,0,0,0.263731164932251,0,0.235890906772327,0,0,0,0,0,0.346583493053913,0,0.142173472337606,0,0.31048128265759,0,0.362813269724819,0,0,0,0.352120042379413,0,0.34709711568764,0,0.3268975073641,0,0,0,0.315110892057419,0,0.407439295142984,0,0.339106718699137,0,0,0,0,0.388518602208745,0,0,0,0,0,0,0,0.323133509894373,0,0,0,0,0,0,0.317978054285049,0.323964359233217,0,0.317645400762558,0.404598963398909,0.32618722319603,0.407833649572303,0,0.391376138164129
0,0,0,0,0,0,0,0,0,0,0,0,0,0,0,0,0,0,0,0,0,0,0,0,0,0,0,0,0,0,0,0.301933280708645,0.252788401156102,0.316873981407955,0,0.260068699425342,0.26077696418061,0,0,0,0,0,0,0,0,0,0,0.401877470811979,0,0.279443000753721,0,0,0,0,0,0,0,0,0,0,0,0,0,0,0,0,0,0,0,0,0,0,0,0,0,0.242960362384717,0.311319293071892,0,0.380688927637407,0.286006982837404,0,0,0.239090669621247,0,0,0,0
0,0,0,0,0,0,0,0,0,0,0,0,0,0,0,0,0,0,0,0,0,0,0,0,0,0,0,0,0,0,0,0.166922110319138,0.300311593483413,0,0.258535458902607,0,0.278147105364441,0,0,0,0,0,0,0,0,0,0,0.384017186373606,0.377340562641621,0,0,0,0,0,0,0,0,0,0,0,0,0,0,0,0,0,0,0,0,0,0,0,0,0,0.242960362384717,0,0,0.301790758688873,0.296054512262344,0.373098215373612,0,0,0.258037432457538,0,0,0,0
