0,0,0.000206099847135013,0,0,0,0,0,0.0782999631755196,0,0,0,0,0,0,0,5.8308704935467e-05,0.000101594295115537,0.00107032480408114,0,0,0,0,0,0,0,0,0,0,0,0,0,0,0,0,0,2.33600598870394e-05,0,0,0,0.00020971130462846,0,0.00136596726240833,0,0,0,4.32210252175856e-05,0,0.00735870606493036,0,0,0,0,0,0.0270130017733487,0,2.09022962159604e-05,0,0,0,0.000837621892135848,0,0,2.65061124391353e-05,0,0,0,0,0,0,0,0,0,0,0,0,0,0,1.68711200078113e-05,0.000201776068603999,0,3.77763220542281e-05,0.000189745770098275,0,0.00300764988345164,0,0.000450012103021535
0,0,0,0.081459674820384,0,0,0,0,0,0.036021896849227,0,0,0,0,0,0.00421220692320057,0,0,0,0,0,0,0,0.0031862454897041,0,0.00173516914024638,0,0,0,0,0,0,0,0,0,0,0,0.000720742610403886,0,0,0,0.00195830607773778,0,0,0,0,0,0.000141719624252665,0,0.0241691002155625,0,0,0,0,0,0.0758888313720587,0,0.00028468884480378,0,0.00137579255598998,0,0.0287081181107551,0,0,0,0,0.00439519622566649,0,0,0,0,0,0,0,0,0,3.5441811873196e-05,0,0,0,0.000479684035502228,0,0.000658027546297119,0,0.00458650769766458,0,0
0.000206099847135013,0,0,0,0,0,0,0,0.00567355502054996,0,0,0,0,0,0,0,0,0,6.7041978642293e-05,0,0,0,0,0,0,0,0,0,0,0,0,0,0,0,0,0,7.76632057672636e-06,0,0,0,0,0,0.0026648714619248,0,0,0,0,0,0.00188304526467584,0,0.0124888735499378,0,0,0,0.010868281424626,0,0.000195745901321974,0,0.000515661705942713,0,0.00116314908138589,0,0,2.29699306705713e-05,0,0,0,0,0,0,0,0,0,0.000182438827202784,0,0,0,0,0,2.36694690035613e-05,0,3.04691786002088e-06,6.2154624678458e-05,0,0.0117199793317596,0,0.00193837285066199
0,0.081459674820384,0,0,0,0.00385573695716081,0,0,0,0,0,0,0,0,0,0,0,0,0,0,0,0,0,0,0,0,0,0,0,0,0,0,0,0,0,2.20516327416305e-05,0,0,0,3.4172220029866e-05,0,0.00107124001135233,0,0,0,0.000468890042854345,0,1.68463087009364e-05,0.000498223647722184,0.00224173957347745,0,0.0129555999794953,0,0,0,0.00785287131726563,0,0.000644838719708048,0,0.00276313619862838,0,0.0113163877158098,3.54753612962773e-05,0,0,0,0,0,0,0,0,0,0,0,0,0,0,0,0,0,0,0,0.000669365765194868,0,0.00806882034914361,0,0
0,0,0,0,0,0,0,0,0,0,0,0,0.00129634082276991,0,0.00321629153240506,0,0,0,0,0,0.00673101765153722,0,0,0,0,0,0,0,0,0,0,0,0,0,0,0,0.00022026888714723,0,0,0,0,0,0,0,0,0,0,0,0,0,0.0756175354451324,0,0,0,0,0,0.00251852128270661,0,0.00182757641702826,0,9.93700891755381e-05,0,0,0.00359068937839665,0,0,0,0,0,0,0,0,0,0,0,0,0,0,0,9.94664715275317e-05,0,0,0.00157622420352536,0,0.000978838206129891,0,0
0,0,0,0.00385573695716081,0,0,0,0,0,0,0,0.0024872717980566,0,0,0,0,0,0,0,0.00549549200701964,0,0,0,0,0,0,0,0,0,0,0,0,0,0,0,3.15535610971232e-05,0,0,0,6.14805633601168e-05,0,4.88123842434431e-05,0,0,0,0.000292468117038657,0,0,0.000754244404206535,0.00136265605524023,0,0.0519091119758401,0,0.00407667303467873,0,0,0,0.00489662912759798,0,0.00143003253928781,0,0,0.000402495168813688,0,0,0,0,0,0,0,0,0,0,0,0,0,0,0,1.01633062021104e-06,0,0,0,0.00105051395204229,0,0.0042046163376321,0,0
0,0,0,0,0,0,0,0,0,0,0.0045072832077454,0,8.93770071148572e-05,0,0,0,0,0,0,0,0.00922858421096247,0,0,0,0,0,0,0,0,0,0,0,0,0,0,0,0,0,0,0,0,0,0,0,0,0,0,0,0,0,0,0,0.0863566494749365,0,0,0,0.017529313810504,0,0.00084221267281373,0,0,0,0,0.00207107586751293,0,0,0,0,0,0,0,0,0,0,0,0,0,0,0,0,0,0,0.000184679239470186,5.13959640916959e-06,0,0,0
0,0,0,0,0,0,0,0,0,0,0,0.00444603776573626,0,0.000327923808140958,0,0,0,0,0,0.00263834146513975,0,0,0,0,0,0,0,0,0,0,0,0,0,0,0,0,0,0,0,0,0,0,0,0,0,0,0,0,0,0,0,0.00599937837504172,0,0.137333124513287,0,0,0,0.000605657362952208,0,0.0115064439925198,0,0,2.90629205248376e-05,0,0,0,0,0,0,0,0,0,0,0,0,0,0,0,0,0,0,0,0.000215906659859547,0,0,0,0
0.0782999631755196,0,0.00567355502054996,0,0,0,0,0,0,0,0,0,0,0,0.0191209745240489,0,0.000651048316256456,0,0.000100104879072966,0,0,0,0,0,0.00342382982269138,0,0.000553940802954152,0,0,0,0,0,0,0,0,0,0,0,0.00114352521403303,0,0,0,0.0035579754799204,0,0,0,0,1.40846812966667e-05,0.000883652419607743,0,0.000250609580461809,0,0,0,0.0983245859547929,0,0,0,0,0,0.0117834985373142,0,0,0,0,0,0,0.00142436275355608,0,9.48017506617266e-05,0,0,0,0,0,0,0,0,0,0,0,0.0010181254786017,0.0011964758991909,0,0.0073847097122317,0,0.000418226844579796
0,0.036021896849227,0,0,0,0,0,0,0,0,0,0,0,0,0,0.0110934606005385,0.000198250965079823,0.00300243761337079,0.000472217105913781,0,0,1.85392368169859e-05,0,0.0046429322963658,0,0.000197845214058575,0,0,0,0,0,0,0,8.49351483625527e-05,0,0,0,0.00217261359508614,0,0,0,0.000159385562304059,0,0,0,0,0,6.1761544804269e-05,0,0.00157828946593268,0,0,0,0,0,0.0961373805260715,0,0,0,0,0,0.000572419440116917,0,0,0,0,0.0079191847346166,0,0,0,0,0,0,0,0,0,0.000146937464748324,0,0,0,0.000747605374329034,0,0.00162371698590966,1.13282994789188e-05,0.00193769583871836,0,0
0,0,0,0,0,0,0.0045072832077454,0,0,0,0,0,0.0262461540957267,0,0,0,0,0,0,0,0.0494137104761128,0,0,0,0,0,0,0,0.000817984920621494,0,0.0330718660690324,0,0,0,0,0,0,0,0.00822153426193655,0,0,0,0,0,0,0,0,0,0,0,0,0,0.000296408635453389,0,0,0,0.0911678056189079,0,0.0435932335963488,0,0,0,0,0.00997726363829978,0,0,0,0,0,0,0,0,0,0.00325447844652601,0,0,0,0,0,0,0,0.00325149561634026,0.000553879216753798,0.000120948790170807,0,0,0
0,0,0,0,0,0.0024872717980566,0,0.00444603776573626,0,0,0,0,0,0,0,0,0,0,0,0.00567521345762793,0,0,0,0,0,0,0,0.00085621673978938,0,0.0101896553761232,0,0,0,0,0,0.0012848866145636,0,0.00270987367728345,0,0,0,0,0,0,0,8.40145414613691e-05,0,0,0,2.70730275776763e-05,0,0.000334236693757253,0,0.0365297441509405,0,0,0,0.206149937335289,0,0,0,0,0.00304548059086505,0,0,0,0,0,0,0,6.51934974872951e-05,0,0.000186719079038218,0,0,0,0,0,0.000169135402919525,0,0.00285536197557584,0,0.00199426553728459,0,0.000167643619535733,0,0
0,0,0,0,0.00129634082276991,0,8.93770071148572e-05,0,0,0,0.0262461540957267,0,0,0,0.00828634336772952,0,0,0,0,0,0,0,0,0,0,0,0,0,0.000270286215969841,0,0,0,0,0,0,0,0,0,0,0,0,0,0,0,0,0,0,0,0,0,0.0298668581143882,0,0,0,0,0,0.0240101502241356,0,0.0276536228844859,0,0.00781178389647929,0,0,0,0,0,0,0,0,0,0,0.001174104450431,0,0,0,0,0,0,0,0,0,0,0.00134132584736658,0.000613445598205063,0,0,0
0,0,0,0,0,0,0,0.000327923808140958,0,0,0,0,0,0,0,0.000115586895844899,0,0,0,0,0,0,0,0,0,0,0,0,0,0,0,0,0,0,0,0,0,0,0,0,0,0,0,0,0,0,0,0,0,0,0,0,0,0.00367332665705404,0,0,0,0.00192082939421833,0,0.0372014677449148,0,0,0,0,0,0,0,0,0,0,0.00174870950572081,0,0,0,0,0,0,0,0,0,0,0,0.000609056631239288,4.59780246410109e-05,0,0,0
0,0,0,0,0.00321629153240506,0,0,0,0.0191209745240489,0,0,0,0.00828634336772952,0,0,0,0.00602252841014064,0,0,0,0,0,0,0,0.00244659539477096,0,0.0101589581266336,0,0.000731763719264686,0,0,0,0,0,0,0,0,0,0,0,0,0,0,0,0,0,0,0,0,0,0.0738243484573425,0,0,0,0.0955314773080743,0,0,0,0.00585074932751527,0,0.0922153783655765,0,0,0,0,0,0,0.00349587253891005,0,0,0,0,0,0,0,0,0,0,0,0,0,0,0.000778359625302532,0,0,0,0
0,0.00421220692320057,0,0,0,0,0,0,0,0.0110934606005385,0,0,0,0.000115586895844899,0,0,0,0.000394401062681765,0,0,0,2.07887298448733e-05,0,0.000122189915610013,0,0.00986196507431217,0,0,0,0,0,0,0,0,0,0,0,4.72225067988654e-06,0,0,0,0,0,0,0,0,0,0,0,0,0,0,0,0,0,0.00519350983342621,0,0,0,0.00188640028137771,0,0.0948064045973365,0,0,0,0,0.0290535749190481,0,0,0,0,0,0,0,0,0,0,0,0,0,0,0,0.000302232237270348,0,0,0,0
5.8308704935467e-05,0,0,0,0,0,0,0,0.000651048316256456,0.000198250965079823,0,0,0,0,0.00602252841014064,0,0,0.126510199024242,0.0700258863563588,0,0,1.62855851016828e-05,0.0078176089175627,0.000719810005918331,0.00275438109168865,0.0002472143987897,0.016871789450069,0,0.000383594670128241,0,0,0,0,0,0,0,3.74568424907447e-05,0,0,0.000994910560269727,0.000987251062041093,0.000342564410131366,0.000564227390919061,0,0,0,0.000216204535232584,0,0,5.74806676178433e-06,0,0,0,0,0,0,1.16059164043858e-05,5.35873483281549e-06,0,0,0.00290248991417105,0,2.58823548171323e-05,3.92359565325044e-05,0,0.000139584196093213,4.44316396067956e-05,0.00016130349637854,0,0.00267267211082268,0,0,0,0,0,0,0,0,0.000777116698364059,0.00108098761353468,2.24061969747537e-05,0,0.0258978511201447,0.00246780791794963,0.00123034396244156,8.63336499481138e-05,0.00050344128000527
0.000101594295115537,0,0,0,0,0,0,0,0,0.00300243761337079,0,0,0,0,0,0.000394401062681765,0.126510199024242,0,0.0562727325757717,0,0,0.00649410584894541,1.00148587853691e-05,0.00940892078268579,0,0.0120853131517549,0,0.000184952714426757,0,0,0,0,0,0,0,0,2.57689026999871e-05,0,0,0.0012491962518999,0.000821585707002192,0.000682041295650466,0.000226905657618943,0,0,8.33525542664646e-06,4.94596184019084e-05,0,0,1.76167730775579e-05,0,0,0,0,0,0,4.95028040901316e-06,0,0,0,0,0,5.32229337884082e-05,1.64009043873589e-05,1.07223914151324e-05,0,0.00118703792632336,0,0.00209930148094603,0,0,0,0,0,0,0,0,0,0.000680173908852464,0.000524913487338425,1.50762953991719e-05,8.71800461345101e-06,0.0268198224799595,0.00178595584572471,0.00117174295608816,9.59088279004611e-05,0.000268903518534491
0.00107032480408114,0,6.7041978642293e-05,0,0,0,0,0,0.000100104879072966,0.000472217105913781,0,0,0,0,0,0,0.0700258863563588,0.0562727325757717,0,0,0,0,3.19064383701292e-05,0.000955049226898604,0,0,0,0,0,0,0,0,0,0,0,0,0.000358724451969709,0,2.05436630948445e-05,0.0190684280394582,0.0152235929568914,0.0103355978786156,0.00850818330648969,0,7.97947647229531e-05,0.000511675359220323,0.00254573594095338,0,7.11997633263128e-05,0.000163567433892498,0,0,0,0,0,0,0.00117934053314843,0.00029676495169657,0,0,0,0,0.000617765554451156,0.00150210390775265,0,0,0,0,0,0,0,0,0,0.000216372484860852,0,0,0,0,0.00804323566021417,0.00822737743798658,0.000639215633186219,0.000673909065505449,0.0119285487841854,7.76613933674579e-05,0.0260068633909393,0.00358816246349418,0.00522067126541882
0,0,0,0,0,0.00549549200701964,0,0.00263834146513975,0,0,0,0.00567521345762793,0,0,0,0,0,0,0,0,0,0,0,0,0,0,0,0,0,0,0,0,0,0,0,0.0063014967383483,0,0.00246729385644911,0,0,0,0,0,0,0,0.000122322100790763,0,0,0,8.06020383356072e-05,0,0,0,0,0,0,0,0.000104603382725281,0,0,0,0,0.0527164934948889,0,0,0,0,0,0,0,0,0,0,0,0,0,0,0,0.00996430382782095,0,0.00699234949399181,0,0.00381584526919956,2.50729245340993e-05,9.32911637579945e-05,0,0
0,0,0,0,0.00673101765153722,0,0.00922858421096247,0,0,0,0.0494137104761128,0,0,0,0,0,0,0,0,0,0,0,0,0,0,0,0,0,0,0,0,0,0,0,0,0,0.00653727173344827,0,0.00104151240096186,0,0,0,0,0,0,0,0,0,0,0,0.000760058329583993,0,0.002340037501061,0,0,0,0.00183328245266916,0,0,0,0,0,0,0.0199933490262713,0,0,0,0,0,0,0,0,0,0,0,0,0,0,0,0.00894524076532729,0,0.00128051012556805,0.000881908191290895,0,0.00264524664495075,0,0
0,0,0,0,0,0,0,0,0,1.85392368169859e-05,0,0,0,0,0,2.07887298448733e-05,1.62855851016828e-05,0.00649410584894541,0,0,0,0,0.0158431622431716,0.0025681081534136,0,0.00480559938469471,0,0.00353296868071851,0,0,0,0,0,2.98417404025451e-05,0,0,0,0.0192160707042445,6.9748522363623e-05,0,0,1.11421767426179e-05,0,0,0,0,0,0.000139319476704708,0,0.00589920561788162,0,0,0,0,0,1.63763827454943e-05,0,0,0,0,0,0,0,0,0.119836982223041,0.00105876095131553,0.00133662990082533,0,0.00315634162171531,0,0.00134235791631057,0,0,0,0,0,1.77662427868314e-05,0,0,0,0.0153935941341516,0.000397455036442535,0.00643215423967602,0.000359401729046057,9.08832623739441e-05,0,0
0,0,0,0,0,0,0,0,0,0,0,0,0,0,0,0,0.0078176089175627,1.00148587853691e-05,3.19064383701292e-05,0,0,0.0158431622431716,0,0,0.00239117789027016,0,0.000136624013022198,0,0.0070475081716956,0,0,0,0,0,0,0,0,9.60390850548458e-05,0.0158342439693551,0,0,0,0,0,0,0,0,0,0,0,0,0,0,0,0,0,0,0,0,0,0,0,0,0,0.0043347164576028,0.101790702467739,0,0.00280745464410036,0,0.000637305135335018,0,0.00124236706149255,0,0,0,0,0,0,0,0,0,0.0106984208866122,0.0044365724983437,0.000416723682947681,0,0,0
0,0.0031862454897041,0,0,0,0,0,0,0,0.0046429322963658,0,0,0,0,0,0.000122189915610013,0.000719810005918331,0.00940892078268579,0.000955049226898604,0,0,0.0025681081534136,0,0,0,0.0460000871893979,0,0,0,0,0,0,0,0,0,0,0,0.00837382345471263,0,0,0,4.06222123168791e-05,0,0,0,0,0,0.00273366178499909,0,0.00616083944476506,0,0,0,0,0,0.00107734645475224,0,0,0,0,0,9.87275540585697e-05,0,0,0.00475756845069277,0,0.136676869274572,0,0.000582089559389936,0,0,0,0,0,0,0,0,0,0,1.32599032898156e-05,0.00570163297998421,0,0.00221614869919913,0,0.00230347280456204,0,0
0,0,0,0,0,0,0,0,0.00342382982269138,0,0,0,0,0,0.00244659539477096,0,0.00275438109168865,0,0,0,0,0,0.00239117789027016,0,0,0,0.0126491027156874,0,0,0,0,0,0,0,0,0,0,0,0.0147379455425203,0,0,0,0,0,0,0,0,0.00014045771963254,0.00292903860499234,0,0,0,0,0,0.0130569620128612,0,0,0,0,0,0,0,0,0,0,0.00119653985517962,0,0.0682814890006309,0,0,0,0,0,0,0,0,0,0,0,0,0,0.0172693629771339,0.00109580253216878,3.48401130834499e-05,0.00247850814501182,0,0
0,0.00173516914024638,0,0,0,0,0,0,0,0.000197845214058575,0,0,0,0,0,0.00986196507431217,0.0002472143987897,0.0120853131517549,0,0,0,0.00480559938469471,0,0.0460000871893979,0,0,0,0.000596624838602126,0,0,0,0,0,0,0,0,0,0,0,0,0,0,4.54762275651412e-05,0,0,0,0,0,0,0,0,0,0,0,0,0.00143778922691384,0,0,0,0,0,0,0,0,0.00226311615476186,0,0.180789080211876,0,0.0595873626883429,0,0,0,0,0,0,0,0,0,0,0,0,0,0.00145770011299053,0,0,0,0
0,0,0,0,0,0,0,0,0.000553940802954152,0,0,0,0,0,0.0101589581266336,0,0.016871789450069,0,0,0,0,0,0.000136624013022198,0,0.0126491027156874,0,0,0,0.00536289986199383,0,0,0,0,0,0,0,0,0,0,0,0,0,0,0,0,0,0,0,0,0,0,0,0,0,0.0150255542046202,0,0,0,0,0,0,0,0,0,0,0,0,0.217715216142985,0,0.0398457149496789,0,0,0,0,0,0,0,0,0,0,0,0,0.000731542969183462,8.64818948007843e-06,0,0,0
0,0,0,0,0,0,0,0,0,0,0,0.00085621673978938,0,0,0,0,0,0.000184952714426757,0,0,0,0.00353296868071851,0,0,0,0.000596624838602126,0,0,0,0.0122366217543858,0,0,0,0,0,0,0,0,0,0,0,0,0,0,0,0,0,0,0,0,0,0,0,0,0,0,0,0,0,0.00451756273535212,0,0,0,0,0.000613686500265554,0,0,0,0.00465059708193149,0,0.0718603493025731,0,0.0093373573006946,0,0,0,0,0,0,0,1.53350652610252e-05,0,0.000444626742059648,0,0,0,0
0,0,0,0,0,0,0,0,0,0,0.000817984920621494,0,0.000270286215969841,0,0.000731763719264686,0,0.000383594670128241,0,0,0,0,0,0.0070475081716956,0,0,0,0.00536289986199383,0,0,0,0.0245864431843977,0,0,0,0,0,0,0,0.0017113087626518,0,0,0,0,0,0,0,0,0,0,0,0,0,0,0,0,0,0.000197767671263401,0,0.000358325291106719,0,0.00228218005472399,0,0,0,0,0.00115089008170552,0,0,0,0.00896266737920245,0,0.123554171318727,0,0.00942218358814483,0,0,0,0,0,0,0,0.00109701275853769,0.00059178454530682,0.000145870576416005,0,0,0
0,0,0,0,0,0,0,0,0,0,0,0.0101896553761232,0,0,0,0,0,0,0,0,0,0,0,0,0,0,0,0.0122366217543858,0,0,0,0,0,0,0,0,0,0.00512238621800018,0,0,0,0,0,0,0,0,0,0,0,0,0,0,0,0,0,0,0,0.000779920256092397,0,0,0,0,0,0,0,0,0,0,0,0,0.000489742471278507,0,0.170582841342188,0,0,0,0,0,0,0,0.000400254065453513,0,6.04614622004011e-05,0,0,0,0
0,0,0,0,0,0,0,0,0,0,0.0330718660690324,0,0,0,0,0,0,0,0,0,0,0,0,0,0,0,0,0,0.0245864431843977,0,0,0,0,0,0,0,0,0,0.00636130140796287,0,0,0,0,0,0,0,0,0,0,0,0,0,0,0,0,0,0.00201688054708218,0,0,0,0,0,0,0,0,0,0,0,0,0,0,0.00605403317900505,0,0.0489284725709291,0,0,0,0,0,0,0,0.00247114338339243,0.000275056759619864,0,0,0,0
0,0,0,0,0,0,0,0,0,0,0,0,0,0,0,0,0,0,0,0,0,0,0,0,0,0,0,0,0,0,0,0,0.211027021266616,0.00160981978870793,0.000500358568851665,0.0030793780787684,0.00521453555504819,0,0,0,0,0,0,0,0,0,0,0.0466187666642156,0,0,0,0,0,0,0,0,0,0,0,0,0,0,0,0,0,0,0,0,0,0,0,0,0,0,0.118665939823952,0.0897675634068229,0.00090889969542645,0.000368339580106979,0.00284137225407042,0.00218095305526247,0,0,0.000803616612343413,0,0,0,0
0,0,0,0,0,0,0,0,0,0,0,0,0,0,0,0,0,0,0,0,0,0,0,0,0,0,0,0,0,0,0,0.211027021266616,0,0.00898623264516981,0.000286179518674117,0.000252821208684184,0.00542788944329087,0,0,0,0,0,0,0,0,0,0,0.00740660170728029,0,0,0,0,0,0,0,0,0,0,0,0,0,0,0,0,0,0,0,0,0,0,0,0,0,0,0.310236080831864,0.182440987933191,0.000258645382876279,0.000431225777656837,0.0001167697291991,0.0185993534635578,0,0,0.000788289317761996,0,0,0,0
0,0,0,0,0,0,0,0,0,8.49351483625527e-05,0,0,0,0,0,0,0,0,0,0,0,2.98417404025451e-05,0,0,0,0,0,0,0,0,0,0.00160981978870793,0.00898623264516981,0,0.101286009912281,0.00531958359384934,9.8935176120753e-05,0.00915564856507667,8.13385640169289e-05,0,0,0.000152794423549374,0,0,0,0,0,0.108866007579355,0.000635296294917311,0.00336678357357663,0,0,0,0,0,0.000109115560063891,0,0,0,0,0,0,0,0,2.01936074893487e-05,0,0.000283998129404602,0,0,0,0,0,9.6596784248993e-05,0,0.00836977176603309,0.0110649080790147,0.146487580101627,0.131807920401468,0.00479203819003345,0,0.012599659401091,0,0.002864713951973,0.000164137059513603,0.000107560438128082,0,0
0,0,0,0,0,0,0,0,0,0,0,0,0,0,0,0,0,0,0,0,0,0,0,0,0,0,0,0,0,0,0,0.000500358568851665,0.000286179518674117,0.101286009912281,0,0,0.000273372402513673,0.000598741350172016,0.00585343504072219,0,0,0,0,0,0,0,0,0.0341873079973119,0,0,0,0,0,0,0,0,0,0,0,0,0,0,0,0,0,0,0,0,0,0,0,0,0,0,0,0.0180558417562583,0.0191219110901225,0.17401720095237,0,0.00347447139184836,0,0.00317471988198749,0.00156051566114829,2.42715878746218e-05,0,0,0
0,0,0,2.20516327416305e-05,0,3.15535610971232e-05,0,0,0,0,0,0.0012848866145636,0,0,0,0,0,0,0,0.0063014967383483,0,0,0,0,0,0,0,0,0,0,0,0.0030793780787684,0.000252821208684184,0.00531958359384934,0,0,0.0105688469278878,0.0231898893130253,0.000281566242450289,9.86204680049792e-06,1.22363452791568e-05,0.000119181675310021,0,0,0,0.000699710709809306,0,0.00251720848997309,0.000108847109571545,0.000589115097530834,0,5.81833274308593e-06,0,0,0,0,0,0.000341710207923925,0,0,0,0,0.00463547490794301,0,0,0,0,0,0,0,0,0,0,0,0.000798003772540508,0,0.00291695360472574,0,0.113334611051326,0.00671535593818394,0.00216257445423664,0,0.0161690002756786,0.00643079617754831,0.000985721961563499,0,0
2.33600598870394e-05,0,7.76632057672636e-06,0,0.00022026888714723,0,0,0,0,0,0,0,0,0,0,0,3.74568424907447e-05,2.57689026999871e-05,0.000358724451969709,0,0.00653727173344827,0,0,0,0,0,0,0,0,0,0,0.00521453555504819,0.00542788944329087,9.8935176120753e-05,0.000273372402513673,0.0105688469278878,0,1.96706198453739e-05,0.0415611868221039,1.27282434546743e-05,0.000812301582825934,3.00164278972328e-06,0.00024920125541683,0,0,0,0.000159566416073372,0.00161898018142002,0.00116086141416194,8.79875516651056e-06,9.59529382441239e-05,0,0,0,1.66709729799573e-06,0,2.22905380520454e-05,0,4.43878746420762e-06,0,1.71495581546634e-06,0,0,0.00277874292541557,0,0,0,0,0,0,0,0,0,9.04809530110945e-06,0.000102609687347052,0.000822516893779165,2.91774851674052e-05,0.000208303684616896,0.00123427803856598,0.0959211006903646,0,0.0175993391250395,0.0138359963245796,0.00685000206615953,0.00168589884490673,0,4.33342082949014e-05
0,0.000720742610403886,0,0,0,0,0,0,0,0.00217261359508614,0,0.00270987367728345,0,0,0,4.72225067988654e-06,0,0,0,0.00246729385644911,0,0.0192160707042445,9.60390850548458e-05,0.00837382345471263,0,0,0,0,0,0.00512238621800018,0,0,0,0.00915564856507667,0.000598741350172016,0.0231898893130253,1.96706198453739e-05,0,0.00665252624499136,0,0,0.00173936553468885,0,0,0,0,0,0.00465304655821315,0,0.00594194784122883,0,0,0,0,0,0.00119682778393799,0,7.32989959140175e-05,0,0,0,0,0.000899783439484844,0,0.00764830618330939,0,0.00168659674773426,0,0,0,0.000180138366554423,0,0.00255382999276428,0,0,0,0.00341722354679557,0.000266692780663602,0.0122694680007653,0.000139905151310517,0.160303792076649,0.00244226482389099,0.00616154200833137,0.00197984972631191,0.00308818578980243,0,0
0,0,0,0,0,0,0,0,0.00114352521403303,0,0.00822153426193655,0,0,0,0,0,0,0,2.05436630948445e-05,0,0.00104151240096186,6.9748522363623e-05,0.0158342439693551,0,0.0147379455425203,0,0,0,0.0017113087626518,0,0.00636130140796287,0,0,8.13385640169289e-05,0.00585343504072219,0.000281566242450289,0.0415611868221039,0.00665252624499136,0,0,1.37487882273697e-05,0,0.000222994238083373,0,0,0,0,0.00219169897026254,0.00222777774238989,0,0,0,0,0,0.00208240020251677,0,0.000351718829248484,0,0,0,0,0,0,8.09010463306631e-05,0,0.00539628193651087,0,0.00475962583094224,0,0,0,0.000269016674625909,0,0.0113272517435576,0,0,0,0.00337536663616272,6.82589217944894e-05,0.00461723873649919,0.000480619469292836,0.111683218230685,0.00595187808066485,0.00127878572510431,0.0019625316505973,0,0
0,0,0,3.4172220029866e-05,0,6.14805633601168e-05,0,0,0,0,0,0,0,0,0,0,0.000994910560269727,0.0012491962518999,0.0190684280394582,0,0,0,0,0,0,0,0,0,0,0,0,0,0,0,0,9.86204680049792e-06,1.27282434546743e-05,0,0,0,0.00964209532170091,0.0451363062293289,0.000456689767500554,0,0,0.0020458344726002,3.6534188827075e-05,0.000134360242093021,0.00122354734788194,0.0205764718817317,0,0,0,0,0,0,8.42762126641091e-06,0.000538676316348459,0.000167264335373144,0,0,0,0.00751979572696132,3.22234842109568e-05,0,0,0,0,0,0,0,0,0,0,0,0,0,0,0.00625405567163903,0.00022767243428273,0.000278869050042885,0,0.000931623347606636,1.34590717659436e-05,0.0165852205879996,0.00471919129398436,0.000150720349832902
0.00020971130462846,0,0,0,0,0,0,0,0,0,0,0,0,0,0,0,0.000987251062041093,0.000821585707002192,0.0152235929568914,0,0,0,0,0,0,0,0,0,0,0,0,0,0,0,0,1.22363452791568e-05,0.000812301582825934,0,1.37487882273697e-05,0.00964209532170091,0,0.000293828174166036,0.0217998002369305,0,0,0,0.00272544007213179,0.000719619743335176,0.0343738801098664,0.00103785405303182,0.000423492972892851,0,0,0,0,0,0.000167759919552928,0,0,0,0,0,6.56918331682642e-06,0.0199775890198258,0,0,0,0,0,0,0,0,0,0.000206415314581482,0,0,0,3.01297646259583e-05,0.000235242369204686,0.00869085684605646,2.23917582810519e-06,8.53599670658514e-05,0.000545443235536637,4.94739671383519e-05,0.0303611664397557,0.000104977990397752,0.0302354232876051
0,0.00195830607773778,0,0.00107124001135233,0,4.88123842434431e-05,0,0,0,0.000159385562304059,0,0,0,0,0,0,0.000342564410131366,0.000682041295650466,0.0103355978786156,0,0,1.11421767426179e-05,0,4.06222123168791e-05,0,0,0,0,0,0,0,0,0,0.000152794423549374,0,0.000119181675310021,3.00164278972328e-06,0.00173936553468885,0,0.0451363062293289,0.000293828174166036,0,0.00385245245419935,0,0,0.00206822458168471,0,0.00345177508644025,7.58388177333097e-05,0.0232098034384009,0,3.983746361559e-05,0,0,0,4.7262926861123e-05,0,0.0248763095191989,0,5.54920610136241e-05,0,0.000222459101174603,0.0166226106157042,0,0,0,1.52259644329322e-05,0,0,0,0,0,0.000139261150683939,0,0,0,1.32934708598199e-05,0,0.00855201697717789,9.13470328095278e-05,0.00260663672331711,0,0.00405881430838306,1.84672654503432e-05,0.0699711666486819,0.0734100245123867,1.17291958623197e-05
0.00136596726240833,0,0.0026648714619248,0,0,0,0,0,0.0035579754799204,0,0,0,0,0,0,0,0.000564227390919061,0.000226905657618943,0.00850818330648969,0,0,0,0,0,0,4.54762275651412e-05,0,0,0,0,0,0,0,0,0,0,0.00024920125541683,0,0.000222994238083373,0.000456689767500554,0.0217998002369305,0.00385245245419935,0,0,0.000203338680767287,0,0.000743387650365359,0.00269308448014979,0.0204707769545074,5.33254207782719e-05,6.43167812987968e-05,0,0,0,9.4562146093889e-05,0,0.0227910188888298,0,9.83504001133474e-05,0,1.24420552044448e-05,0,0,0.00494083344547703,0,0,0,0,0,0,0,0,0,0.00440885941841476,0,4.74904553608366e-05,0,0,5.1467318215175e-05,0.00871797946954301,0,0.000142011184633048,0.00277153101915608,0.000247525057344904,0.0767314365983115,0,0.0528176108619013
0,0,0,0,0,0,0,0,0,0,0,0,0,0,0,0,0,0,0,0,0,0,0,0,0,0,0,0,0,0,0,0,0,0,0,0,0,0,0,0,0,0,0,0,0,0,0,0,0,0,0,0,0,0,0,0,0,0,0,0,0,0,0,0,0,0,0,0,0,0,0,0,0,0,0,0,0,0,0,0,0,0,0,0,0,0,0
0,0,0,0,0,0,0,0,0,0,0,0,0,0,0,0,0,0,7.97947647229531e-05,0,0,0,0,0,0,0,0,0,0,0,0,0,0,0,0,0,0,0,0,0,0,0,0.000203338680767287,0,0,0,0,0,0,0,0,0,0,0,0,0,0,0,0,0,0,0,0,0,0,0,0,0,0,0,0,0,0,0,0,0,0,0,0,0,0,0,3.07408313036635e-06,0,9.94397663964261e-05,0,0
0,0,0,0.000468890042854345,0,0.000292468117038657,0,0,0,0,0,8.40145414613691e-05,0,0,0,0,0,8.33525542664646e-06,0.000511675359220323,0.000122322100790763,0,0,0,0,0,0,0,0,0,0,0,0,0,0,0,0.000699710709809306,0,0,0,0.0020458344726002,0,0.00206822458168471,0,0,0,0,0,1.1053279989681e-05,0.000444786934026567,0.00227604819274011,0,0.000684402430277788,0,0,0,0,0,0.00277281441655932,0,1.88937263039032e-05,0,0,0.0224917251115339,0,0,0,0,0,0,0,0,0,0.000114973615404155,0,0,0,0,0,0.00740888361473451,5.66427806139968e-06,0.00529747803539844,0,0.000111804823464625,0,0.012956812076179,0.000301825462909262,0
4.32210252175856e-05,0,0,0,0,0,0,0,0,0,0,0,0,0,0,0,0.000216204535232584,4.94596184019084e-05,0.00254573594095338,0,0,0,0,0,0,0,0,0,0,0,0,0,0,0,0,0,0.000159566416073372,0,0,3.6534188827075e-05,0.00272544007213179,0,0.000743387650365359,0,0,0,0,0,0,0,0,0,0,0,0,0,7.51297474836283e-05,0,0,0,0,0,0,0.0038182551084832,0,0,0,0,0,0,0,0,0,0.000138035675529533,0,0,0,0,2.7926978439547e-05,0.00154978898427747,0,0.00147300217606925,0.000106463160698488,2.19579988825586e-06,0.00318216690214288,0,0
0,0.000141719624252665,0,1.68463087009364e-05,0,0,0,0,1.40846812966667e-05,6.1761544804269e-05,0,0,0,0,0,0,0,0,0,0,0,0.000139319476704708,0,0.00273366178499909,0.00014045771963254,0,0,0,0,0,0,0.0466187666642156,0.00740660170728029,0.108866007579355,0.0341873079973119,0.00251720848997309,0.00161898018142002,0.00465304655821315,0.00219169897026254,0.000134360242093021,0.000719619743335176,0.00345177508644025,0.00269308448014979,0,0,1.1053279989681e-05,0,0,0.0643697316369754,0.0281546831339214,0,0,0,0,0,8.91500709277503e-05,1.17244936404487e-05,2.73937632758153e-05,0,0,0,0,0.000233899032451971,0,0.000446184880342462,0,0.000854871523147946,0.000170963863573871,0,0,0,0,0,0,0.15493014839024,0.0626200157348845,0.0399668658576678,0.0454567174360291,0.0138954530935677,0.0237044353625864,0.00320094792512687,0.000252318806283566,0.00398609706150544,8.19020518763016e-05,0.012550524501136,1.90084018957007e-05,0
0.00735870606493036,0,0.00188304526467584,0.000498223647722184,0,0.000754244404206535,0,0,0.000883652419607743,0,0,0,0,0,0,0,0,0,7.11997633263128e-05,0,0,0,0,0,0.00292903860499234,0,0,0,0,0,0,0,0,0.000635296294917311,0,0.000108847109571545,0.00116086141416194,0,0.00222777774238989,0.00122354734788194,0.0343738801098664,7.58388177333097e-05,0.0204707769545074,0,0,0.000444786934026567,0,0.0643697316369754,0,0.0164679386040276,0.000332851325869519,0,0,0,0.000875222000837263,0,0.000628922458389709,1.08249429762726e-05,0.00255413775041899,0,0.00643138076349786,0,0.00223854884338376,0.00126428823510051,0,0.000868641085803665,0,0.0166821758961739,0,0.00199010107472273,0,0.00178132804680723,0,0.00684303939922824,0,0.000105242779977903,0.00146468030945753,0.00028308443074456,0.00143899965489873,0.00597116377727843,0,0.00320791939426263,0.0012774808481638,4.21476349041284e-05,0.03489797566732,0.000275341472893802,0.000872093130164636
0,0.0241691002155625,0,0.00224173957347745,0,0.00136265605524023,0,0,0,0.00157828946593268,0,2.70730275776763e-05,0,0,0,0,5.74806676178433e-06,1.76167730775579e-05,0.000163567433892498,8.06020383356072e-05,0,0.00589920561788162,0,0.00616083944476506,0,0,0,0,0,0,0,0,0,0.00336678357357663,0,0.000589115097530834,8.79875516651056e-06,0.00594194784122883,0,0.0205764718817317,0.00103785405303182,0.0232098034384009,5.33254207782719e-05,0,0,0.00227604819274011,0,0.0281546831339214,0.0164679386040276,0,0,3.38381130048906e-05,0,0,0,0.00194195845781242,0,0.0113812607695832,0,0.00144009483563933,0,0.00186595915016986,0.00102277780479771,0,0.00277420898853286,0,0.0097963101484968,0,0.00100506092447455,0,0.00284150668356663,0,0.000547364223617633,0,0.000306361864802702,0,0.000657361924322201,0,0.00376632550387496,0,0.00372034269214198,0,0.00106957656467443,1.29043004735276e-06,0.027499364404503,0.000212639318447129,0
0,0,0.0124888735499378,0,0.0756175354451324,0,0,0,0.000250609580461809,0,0,0,0.0298668581143882,0,0.0738243484573425,0,0,0,0,0,0.000760058329583993,0,0,0,0,0,0,0,0,0,0,0,0,0,0,0,9.59529382441239e-05,0,0,0,0.000423492972892851,0,6.43167812987968e-05,0,0,0,0,0,0.000332851325869519,0,0,0,0,0,0.00777033261519952,0,0.0156185591050185,0,0.0191909760742342,0,0.0059056782277124,0,0,0.00295342296821919,0,0,0,0,0,0,0,0,0,0,0,0,0,0,0,0,0,0,0.000857803903583432,0,0.00726196032527999,0,0
0,0,0,0.0129555999794953,0,0.0519091119758401,0,0.00599937837504172,0,0,0,0.000334236693757253,0,0,0,0,0,0,0,0,0,0,0,0,0,0,0,0,0,0,0,0,0,0,0,5.81833274308593e-06,0,0,0,0,0,3.983746361559e-05,0,0,0,0.000684402430277788,0,0,0,3.38381130048906e-05,0,0,0,0.00899681486829814,0,0,0,0.0128056799652105,0,0.00404636014133684,0,0,0,0,0,0,0,0,0,0,0,0,0,0,0,0,0,0,0,0,5.10007770954113e-06,0,8.63274796905324e-05,0,0.00271861360223224,0,0
0,0,0,0,0,0,0.0863566494749365,0,0,0,0.000296408635453389,0,0,0,0,0,0,0,0,0,0.002340037501061,0,0,0,0,0,0,0,0,0,0,0,0,0,0,0,0,0,0,0,0,0,0,0,0,0,0,0,0,0,0,0,0,0,0,0,0.0139144216373323,0,0,0,0,0,0,0.00150779638287422,0,0,0,0,0,0,0,0,0,0,0,0,0,0,0,0,0,0,0.000507768221853393,0,0,0,0
0,0,0,0,0,0.00407667303467873,0,0.137333124513287,0,0,0,0.0365297441509405,0,0.00367332665705404,0,0,0,0,0,0,0,0,0,0,0,0,0,0,0,0,0,0,0,0,0,0,0,0,0,0,0,0,0,0,0,0,0,0,0,0,0,0.00899681486829814,0,0,0,0,0,0.0162861778112978,0,0.0124733577854901,0,0,0,0,0,0,0,0,0,0,0,0,0,0,0,0,0,0,0,0,0,0,0.000123692303278419,0,0,0,0
0.0270130017733487,0,0.010868281424626,0,0,0,0,0,0.0983245859547929,0,0,0,0,0,0.0955314773080743,0,0,0,0,0,0,0,0,0,0.0130569620128612,0,0.0150255542046202,0,0,0,0,0,0,0,0,0,1.66709729799573e-06,0,0.00208240020251677,0,0,0,9.4562146093889e-05,0,0,0,0,0,0.000875222000837263,0,0.00777033261519952,0,0,0,0,0,6.24990973418626e-05,0,0,0,0.0081232436893872,0,0,1.27057859351722e-05,0,6.7298531346671e-06,0,0.026407300659639,0,0.000497070196783683,0,0,0,0.00011006263466971,0,0,0,0,0,0,0,0.00331534983481318,8.66464033317927e-05,0,0.0006316146720267,0,7.03458693840516e-05
0,0.0758888313720587,0,0.00785287131726563,0,0,0,0,0,0.0961373805260715,0,0,0,0,0,0.00519350983342621,0,0,0,0,0,1.63763827454943e-05,0,0.00107734645475224,0,0.00143778922691384,0,0,0,0,0,0,0,0.000109115560063891,0,0,0,0.00119682778393799,0,0,0,4.7262926861123e-05,0,0,0,0,0,8.91500709277503e-05,0,0.00194195845781242,0,0,0,0,0,0,0,0,0,0,0,0.00503204534645909,0,0,8.83133466690134e-06,0,0.0035246222793411,0,0,0,0,0,0,0,0,0,3.20089554790544e-05,0,0,0,0.000989960262438836,0,0.000243223744544695,0,0.000643245663274022,0,0
2.09022962159604e-05,0,0.000195745901321974,0,0.00251852128270661,0,0.017529313810504,0,0,0,0.0911678056189079,0,0.0240101502241356,0,0,0,1.16059164043858e-05,4.95028040901316e-06,0.00117934053314843,0,0.00183328245266916,0,0,0,0,0,0,0,0.000197767671263401,0,0.00201688054708218,0,0,0,0,0,2.22905380520454e-05,0,0.000351718829248484,8.42762126641091e-06,0.000167759919552928,0,0.0227910188888298,0,0,0,7.51297474836283e-05,1.17244936404487e-05,0.000628922458389709,0,0.0156185591050185,0,0.0139144216373323,0,6.24990973418626e-05,0,0,0,0.00685231001537055,0,0.000511157512528406,0,0,0.0298641087380574,0,0,0,0,0,0,0,0,0,0.0260581883290217,0,0,0,0,0,0.000138372508494454,0,0.00032328355807716,0.00143774356636791,0,0.0322974867243911,0,0.0100859568708812
0,0.00028468884480378,0,0.000644838719708048,0,0.00489662912759798,0,0.000605657362952208,0,0,0,0.206149937335289,0,0.00192082939421833,0,0,5.35873483281549e-06,0,0.00029676495169657,0.000104603382725281,0,0,0,0,0,0,0,0,0,0.000779920256092397,0,0,0,0,0,0.000341710207923925,0,7.32989959140175e-05,0,0.000538676316348459,0,0.0248763095191989,0,0,0,0.00277281441655932,0,2.73937632758153e-05,1.08249429762726e-05,0.0113812607695832,0,0.0128056799652105,0,0.0162861778112978,0,0,0,0,0,0.000884367030168491,0,0,0.0471921015016649,0,0,0,0,0,0,0,0.00388318133735762,0,0.0212053578761113,0,0,0,0,0,4.34175901986299e-05,0,3.92031873955998e-05,0,0.000345263692811225,0,0.0207060213849806,0.00504452472719651,0
0,0,0.000515661705942713,0,0.00182757641702826,0,0.00084221267281373,0,0,0,0.0435932335963488,0,0.0276536228844859,0,0.00585074932751527,0,0,0,0,0,0,0,0,0,0,0,0,0,0.000358325291106719,0,0,0,0,0,0,0,4.43878746420762e-06,0,0,0.000167264335373144,0,0,9.83504001133474e-05,0,0,0,0,0,0.00255413775041899,0,0.0191909760742342,0,0,0,0,0,0.00685231001537055,0,0,0,0.00174757233605538,0,0,2.23794843897868e-05,0,0,0,0,0,0,0,0.00241491688032924,0,1.53227062222539e-05,0,0,0,0,0,0,0,0,0.00191706153285092,0.000207508720875366,0.000621189941582885,0,1.77116483804733e-05
0,0.00137579255598998,0,0.00276313619862838,0,0.00143003253928781,0,0.0115064439925198,0,0,0,0,0,0.0372014677449148,0,0.00188640028137771,0,0,0,0,0,0,0,0,0,0,0,0.00451756273535212,0,0,0,0,0,0,0,0,0,0,0,0,0,5.54920610136241e-05,0,0,0,1.88937263039032e-05,0,0,0,0.00144009483563933,0,0.00404636014133684,0,0.0124733577854901,0,0,0,0.000884367030168491,0,0,0,0,0,0,0,0,0,0,0,0,0.00040303961772447,0,0,0,0,0,0,0,0,0,0,0,0.000129396388901238,8.95253798961376e-05,0.00051043050517359,0,0
0.000837621892135848,0,0.00116314908138589,0,9.93700891755381e-05,0,0,0,0.0117834985373142,0,0,0,0.00781178389647929,0,0.0922153783655765,0,0.00290248991417105,0,0,0,0,0,0,0,0,0,0,0,0.00228218005472399,0,0,0,0,0,0,0,1.71495581546634e-06,0,0,0,0,0,1.24420552044448e-05,0,0,0,0,0,0.00643138076349786,0,0.0059056782277124,0,0,0,0.0081232436893872,0,0.000511157512528406,0,0.00174757233605538,0,0,0,0,0,0,0,0,0,0,0,0,0,0,0,0,0,0,0,0,0,0,0,0.00064226554362712,0.000205637033016684,0.000388022625227272,0,0
0,0.0287081181107551,0,0.0113163877158098,0,0,0,0,0,0.000572419440116917,0,0,0,0,0,0.0948064045973365,0,0,0,0,0,0,0,9.87275540585697e-05,0,0,0,0,0,0,0,0,0,0,0,0,0,0,0,0,0,0.000222459101174603,0,0,0,0,0,0,0,0.00186595915016986,0,0,0,0,0,0.00503204534645909,0,0,0,0,0,0,0,0,0,0,0.00265399084974339,0,0,0,0,0,0,0,0,0,0,0,0,0,0,0,0.000429470416582624,0,0.000930113635176779,0,0
0,0,0,3.54753612962773e-05,0,0.000402495168813688,0,2.90629205248376e-05,0,0,0,0.00304548059086505,0,0,0,0,2.58823548171323e-05,5.32229337884082e-05,0.000617765554451156,0.0527164934948889,0,0,0,0,0,0,0,0,0,0,0,0,0,0,0,0.00463547490794301,0,0.000899783439484844,0,0.00751979572696132,6.56918331682642e-06,0.0166226106157042,0,0,0,0.0224917251115339,0,0.000233899032451971,0.00223854884338376,0.00102277780479771,0,0,0,0,0,0,0,0.0471921015016649,0,0,0,0,0,0,0,0,0,0,0,0,0,0,0.000670037842813875,0,0,0,0,0,0.0298134605767178,0,0.0103871312605046,0,0.00098547857709847,0,0.0205087853514057,0.00463208671783998,0
2.65061124391353e-05,0,2.29699306705713e-05,0,0.00359068937839665,0,0.00207107586751293,0,0,0,0.00997726363829978,0,0,0,0,0,3.92359565325044e-05,1.64009043873589e-05,0.00150210390775265,0,0.0199933490262713,0,0,0,0,0,0,0,0,0,0,0,0,0,0,0,0.00277874292541557,0,8.09010463306631e-05,3.22234842109568e-05,0.0199775890198258,0,0.00494083344547703,0,0,0,0.0038182551084832,0,0.00126428823510051,0,0.00295342296821919,0,0.00150779638287422,0,1.27057859351722e-05,0,0.0298641087380574,0,2.23794843897868e-05,0,0,0,0,0,0,0,0,0,0,0,0,0,0,0.0091961693854509,0,0,0,2.62598745513685e-05,1.20858210363422e-06,0.0156130492990291,0,0.00687427131912678,0.00147487819139245,4.74491644933194e-06,0.0174040639505538,0,0.00429766845058087
0,0,0,0,0,0,0,0,0,0,0,0,0,0,0,0,0,1.07223914151324e-05,0,0,0,0.119836982223041,0.0043347164576028,0.00475756845069277,0,0.00226311615476186,0,0.000613686500265554,0,0,0,0,0,2.01936074893487e-05,0,0,0,0.00764830618330939,0,0,0,0,0,0,0,0,0,0.000446184880342462,0,0.00277420898853286,0,0,0,0,0,8.83133466690134e-06,0,0,0,0,0,0,0,0,0,0.000226702143735802,0.00610324897933722,0,0.00347518763265207,0,0.000196811039937083,0,0,0,0,0,5.26130908810554e-06,0,0,0,0.00732192901285944,0,0.00116851062931363,8.88767772664614e-06,8.9417967205231e-05,0,0
0,0,0,0,0,0,0,0,0,0,0,0,0,0,0,0,0.000139584196093213,0,0,0,0,0.00105876095131553,0.101790702467739,0,0.00119653985517962,0,0,0,0.00115089008170552,0,0,0,0,0,0,0,0,0,0.00539628193651087,0,0,0,0,0,0,0,0,0,0.000868641085803665,0,0,0,0,0,6.7298531346671e-06,0,0,0,0,0,0,0,0,0,0.000226702143735802,0,0,0.00493658739218559,0,0.0015702119927932,0,0.00223075143672787,0,0,0,0,0,0,0,0,0,0.00855691297022508,0.00392621083225419,1.63761547802974e-05,0,0,0
0,0.00439519622566649,0,0,0,0,0,0,0,0.0079191847346166,0,0,0,0,0,0.0290535749190481,4.44316396067956e-05,0.00118703792632336,0,0,0,0.00133662990082533,0,0.136676869274572,0,0.180789080211876,0,0,0,0,0,0,0,0.000283998129404602,0,0,0,0.00168659674773426,0,0,0,1.52259644329322e-05,0,0,0,0,0,0.000854871523147946,0,0.0097963101484968,0,0,0,0,0,0.0035246222793411,0,0,0,0,0,0.00265399084974339,0,0,0.00610324897933722,0,0,0,0.00207945164757702,0,1.77379770951148e-05,0,0,0,0,0,0.000131889972109725,0,0,0,0.00312722564223277,0,0.000323509342275818,0,0.00304893269645488,0,0
0,0,0,0,0,0,0,0,0.00142436275355608,0,0,0,0,0,0.00349587253891005,0,0.00016130349637854,0,0,0,0,0,0.00280745464410036,0,0.0682814890006309,0,0.217715216142985,0,0,0,0,0,0,0,0,0,0,0,0.00475962583094224,0,0,0,0,0,0,0,0,0.000170963863573871,0.0166821758961739,0,0,0,0,0,0.026407300659639,0,0,0,0,0,0,0,0,0,0,0.00493658739218559,0,0,0,0.00682412001296676,0,0,0,0,0,0,0,0,0,0,0,0.00455268579846943,0.00033065059471773,0,0.00392634977427789,0,0
0,0,0,0,0,0,0,0,0,0,0,0,0,0,0,0,0,0.00209930148094603,0,0,0,0.00315634162171531,0,0.000582089559389936,0,0.0595873626883429,0,0.00465059708193149,0,0,0,0,0,0,0,0,0,0,0,0,0,0,0,0,0,0,0,0,0,0.00100506092447455,0,0,0,0,0,0,0,0,0,0,0,0,0,0,0.00347518763265207,0,0.00207945164757702,0,0,0,0.00572956242508478,0,0,0,0,0,0,0,0,0,0,0,0.000104402253508383,0,0,0,0
0,0,0,0,0,0,0,0,9.48017506617266e-05,0,0,0,0,0,0,0,0.00267267211082268,0,0,0,0,0,0.000637305135335018,0,0,0,0.0398457149496789,0,0.00896266737920245,0,0,0,0,0,0,0,0,0,0,0,0,0,0,0,0,0,0,0,0.00199010107472273,0,0,0,0,0,0.000497070196783683,0,0,0,0,0,0,0,0,0,0,0.0015702119927932,0,0.00682412001296676,0,0,0,0,0,0,0,0,0,0,0,0,0,0,0.000588324261374769,0,0.000762081152617396,0,0
0,0,0,0,0,0,0,0,0,0,0,6.51934974872951e-05,0,0.00174870950572081,0,0,0,0,0,0,0,0.00134235791631057,0,0,0,0,0,0.0718603493025731,0,0.000489742471278507,0,0,0,0,0,0,0,0.000180138366554423,0,0,0,0,0,0,0,0,0,0,0,0.00284150668356663,0,0,0,0,0,0,0,0.00388318133735762,0,0.00040303961772447,0,0,0,0,0.000196811039937083,0,1.77379770951148e-05,0,0.00572956242508478,0,0,0,0.00270745001912997,0,0,0,0,0,0,0,0.00226584306112096,0,5.29342060081359e-05,0,0,0,0
0,0,0,0,0,0,0,0,0,0,0,0,0.001174104450431,0,0,0,0,0,0,0,0,0,0.00124236706149255,0,0,0,0,0,0.123554171318727,0,0.00605403317900505,0,0,0,0,0,0,0,0.000269016674625909,0,0,0,0,0,0,0,0,0,0.00178132804680723,0,0,0,0,0,0,0,0,0,0.00241491688032924,0,0,0,0,0,0,0.00223075143672787,0,0,0,0,0,0,0,0.000800807354629144,0,0,0,0,0,0,0,0.00488792528483581,0.00133739908851468,0.000448884461370906,1.80958936488878e-05,0,0
0,0,0,0,0,0,0,0,0,0,0,0.000186719079038218,0,0,0,0,0,0,0,0,0,0,0,0,0,0,0,0.0093373573006946,0,0.170582841342188,0,0,0,9.6596784248993e-05,0,0,0,0.00255382999276428,0,0,0,0.000139261150683939,0,0,0,0.000114973615404155,0,0,0,0.000547364223617633,0,0,0,0,0,0,0,0.0212053578761113,0,0,0,0,0.000670037842813875,0,0,0,0,0,0,0,0.00270745001912997,0,0,0,0,0,0,0,0,0,0.0019836407948793,0,0,0,0.000139962453237804,0.000354147461736319,0
0,0,0.000182438827202784,0,0,0,0,0,0,0,0.00325447844652601,0,0,0,0,0,0,0,0.000216372484860852,0,0,0,0,0,0,0,0,0,0.00942218358814483,0,0.0489284725709291,0,0,0,0,0,9.04809530110945e-06,0,0.0113272517435576,0,0.000206415314581482,0,0.00440885941841476,0,0,0,0.000138035675529533,0,0.00684303939922824,0,0,0,0,0,0.00011006263466971,0,0.0260581883290217,0,1.53227062222539e-05,0,0,0,0,0.0091961693854509,0,0,0,0,0,0,0,0.000800807354629144,0,0,0,0,0,0,0,1.49623371665078e-05,0,0.00665105254389675,0.000140939119269154,0,0.0119031273083047,0,0.00718409002538663
0,0,0,0,0,0,0,0,0,0,0,0,0,0,0,0,0,0,0,0,0,0,0,0,0,0,0,0,0,0,0,0.118665939823952,0.310236080831864,0.00836977176603309,0,0.000798003772540508,0.000102609687347052,0,0,0,0,0,0,0,0,0,0,0.15493014839024,0,0.000306361864802702,0,0,0,0,0,0,0,0,0,0,0,0,0,0,0,0,0,0,0,0,0,0,0,0,0,0.0466170845287188,0.0553952477735868,0,0.00382850558064647,0.000154883395670369,0,0,2.74582874293107e-06,0,0,0,0
0,0,0,0,0,0,0,0,0,0,0,0,0,0,0,0,0,0,0,0,0,0,0,0,0,0,0,0,0,0,0,0.0897675634068229,0.182440987933191,0.0110649080790147,0.0180558417562583,0,0.000822516893779165,0,0,0,0,0,4.74904553608366e-05,0,0,0,0,0.0626200157348845,0.000105242779977903,0,0,0,0,0,0,0,0,0,0,0,0,0,0,0,0,0,0,0,0,0,0,0,0,0,0.0466170845287188,0,0,0.0952065573586614,0,0.0133242603811742,0,6.65539820961014e-06,0.000365153022855434,0,0,0,0
