0,0,57.1583468019962,0,3.18859130144119,0,0,0,664.151322036982,0,0,0,0,0,0,0,0,0,0,0,0,0,0,0,0,0,0,0,0,0,0,0,0,0,0,0,0,0,0,0,0,0,22.007616892457,0,0,0,0,0,156.962291389704,0,0,0,0,0,342.3439489007,0,0,0,0,0,27.1670276373625,0,0,0,0,0,0,0,0,0,0,0,0,0,0,0,0,0,0,0,0,0,68.3469756245613,0,231.385408118367,0,4.22704842686653
0,0,0,119.701148092747,0,0,0,0,0,386.081722125411,0,0,0,0,0,0,0,0.28055927157402,1.82462960481644,0,0,0,0,2.70074167847633,0,0,0,0,0,0,0,0,0,0,0,0,0,0,0,0,0,102.083384007215,0,0,0,0,0,0.218979164958,0,42.4761465638876,0,0,0,0,0,308.040517523885,0,50.0828811079264,0,18.1386017203331,0,27.7649241089821,0,0,0,0,37.9654120802879,0,0,0,0,0,0,0,0,0,0,0,0,0,0,0,70.96907530725,0,117.971826642752,0.462645530700684,0
57.1583468019962,0,0,0,33.187673792243,0,0,0,136.12554602325,0,0,0,0,0,0,0,0,0,1.80163848400116,0,0,0,0,0,0,0,0,0,0,0,0,0,0,0,0,0,0,0,0,0,0.180051982402802,0,94.9553430825472,0,0,0,3.29853291809559,0,109.515900984406,0,4.50480404496193,0,0,0,91.3978576213121,0,8.47673468291759,0,0,0,0,0,0,8.35250580310822,0,0,0,0,0,0,0,0.28987655043602,0,1.62897618114948,0,0,0,0,0,2.07239802181721,0,0,199.052087634802,0,507.833273500204,0,1.9300431907177
0,119.701148092747,0,0,0,166.88284997642,0,0,0,122.529126286507,0,0,0,0,0,12.7793107032776,0,0,0,0,0,0,0,0,0,0,0,0,0,0,0,0,0,0,0,0,0,0,0,6.2405156493187,0,114.900957778096,0,0,0,2.00028002262115,0,0.277140870690346,0,126.068139106035,0,71.4744009673595,0,0,0,51.2933900356293,0,39.1721400618553,0,0.856561034917831,0,0,1.75644759833813,0,0,0,0,0,0,0,2.3297676295042,0,4.81805165112019,0,0,0,0,0,0,0,0.951059207320213,0,95.7923998236656,0,791.058385193348,2.51350876688957,0
3.18859130144119,0,33.187673792243,0,0,0,4.06661537289619,0,155.381413966417,0,0,0,0,0,1.2432641685009,0,0,0,0,0,45.5499791204929,0,0,0,0,0,0,0,0,0,0,0,0,0,0,0,0,0,0,0,3.14726017415524,0,0,0,0,0,5.96323838829994,0,9.62691897898912,0,422.165185287595,0,23.1901311576366,0,96.8096989393234,0,7.48458251357079,0,0,0,26.2373524010181,0,0,40.8450952917337,0,0,0,0,0,0,0,0,0,0,0,0,0,0,0,2.28731702268124,0,0,266.888401150703,3.99552977085114,193.969045981765,0,0
0,0,0,166.88284997642,0,0,0,0,0,35.6194422245026,0,0,0,0,0,78.0858827233315,0,0,0,50.6042914688587,0,0,0,0,0,0,0,0,0,0,0,0,0,0,0,0.648792237043381,0,0,0,10.4789227247238,0,10.8726055175066,0.255593031644821,0,0,31.594180971384,0,3.61184258759022,0,8.16039705276489,0,72.372247621417,0,0,0,2.76471430063248,0,3.46011038124561,0,72.2447880208492,0,0,159.756637662649,0,0,0,0,0,0,0,0.424824833869934,0,1.77889485657215,0,0,0,0,0,12.1316813826561,0,0.107143193483353,0,76.4739501476288,0.556477725505829,486.089845046401,0,0
0,0,0,0,4.06661537289619,0,0,0,0,0,13.6896878480911,0,39.4324540495872,0,0,0,0,0,0,0,10.8702893257141,0,0,0,0,0,0,0,0,0,0,0,0,0,0,0,0,0,0,0,0,0,0,0,0,0,0,0,0,0,11.0567611157894,0,380.915260881186,0,0,0,325.839563578367,0,8.82420246303082,0,0,0,0,11.5677993297577,0,0,0,0,0,0,0,0,0,0,0,0,0,0,0,0,0,0,406.516000285745,6.32055854797363,0,0,0
0,0,0,0,0,0,0,0,0,0,0,0,0,41.0117726922035,0,0,0,0,0,0,0,0,0,0,0,0,0,0,0,0,0,0,0,0,0,1,0,0,0,0,0,0,0,0,0,0,0,0,0,0,0,0,0,115.725008845329,0,0,0,0,0,0,0,0,0,0,0,0,0,0,0,0,0,0,0,0,0,0,0,0,0,0,0,0,38.2639646530151,0,0,0,0
664.151322036982,0,136.12554602325,0,155.381413966417,0,0,0,0,0.413762509822845,0,0,0,0,91.1151354312897,0,195.118358716369,19.4426294565201,20.2122122347355,0,0,0,0.313170701265335,4.16218328475952,32.8987437486649,0.23417167365551,14.7417656779289,0,0,0,0,0,0,0,0,0,0,0,68.6896066516638,0,1.88219787180424,0,16.1894998848438,0,0,0,0.176598712801933,0,20.5325478315353,0,1.47915363311768,0,0,0,1393.31552457809,0,0.48298467695713,0,0,0,14.3438264131546,0,0,0,0,1.60850717127323,0,14.4860144108534,0,35.7558737397194,0,0,0,0.277118682861328,0,0,0,0,0,0,0,51.2532784193754,651.137628257275,48.3815683722496,282.52675640583,0.807625591754913,2.75942730903625
0,386.081722125411,0,122.529126286507,0,35.6194422245026,0,0,0.413762509822845,0,0,0,0,0,0,54.7988602817059,25.6408836990595,268.721501991153,16.8291689902544,0,0,0,0,54.0210481584072,0,3.66621775925159,0,0,0,0,0,0,0,0,0,0,0,14.6690056622028,0,0,0,0.295429468154907,0,0,0,0.93791575729847,0,0.452235877513885,0,38.1556530296803,0,0,0,0,2.26679110527039,876.406913593411,0,0,0,0,0,2.83654573559761,0,0,0,0,43.1756164580584,0,5.4965834915638,0,0,0,0,0,0,0,0,0,0,0,7.0868681371212,0,264.074298635125,0,129.671650111675,0.347473114728928,0
0,0,0,0,0,0,13.6896878480911,0,0,0,0,0,221.762445181608,0,0,0,0,0,0,0,548.507634654641,0,0,0,0,0,0,0,0,0,45.449005484581,0,0,0,0,0,224.552671700716,0,935.834070965648,0,0.610468208789825,0,0,0,0,0,0,0,0,0,0,0,8.95027056336403,0,0,0,2433.9245044291,0,27.5418721437454,0,0,0,0,216.992676600814,0,0,0,0,0,0,0,0,0,45.7657118588686,0,0,0,0,0,204.290402054787,0,663.209363296628,167.084572225809,48.2210915088654,4.04201471805573,0,0
0,0,0,0,0,0,0,0,0,0,0,0,0,228.66468256712,0,0,0,0,0,45.0448334217072,0,0,0,0,0,0,0,0,0,14.1614022701979,0,0,0,0,0,79.5943785905838,0,861.988802447915,0,0,0,0,0,0,0,0,0,0,0,0,0,0,0,0,0,0,0,977.091897532344,0,51.1364395618439,0,0,278.127102345228,0,0,0,0,0,0,0,0,0,71.6087407916784,0,0,0,0,0,50.9332463294268,0,376.431780308485,0,49.5832701325417,0,0,0,0
0,0,0,0,0,0,39.4324540495872,0,0,0,221.762445181608,0,0,0,59.5109424591064,0,0,0,0,0,0,0,0,0,0,0,0,0,1,0,0,0,0,0,0,0,0,0,0,0,0,0,0,0,0,0,0,0,0,0,0,0,29.7196175158024,0,0,0,59.5555274486542,0,615.812178164721,0,9.00331723690033,0,0,0,0,0,0,0,0,0,0,0,0,0,0,0,0,0,0,0,0,0,156.861805617809,20.2732183933258,0,0,0
0,0,0,0,0,0,0,41.0117726922035,0,0,0,228.66468256712,0,0,0,67.3623859882355,0,25.5859605073929,0,0,0,0,0,0,0,1.06652683019638,0,48.184152007103,0,52.4839801192284,0,0,0,0,0,0,0,0,0,0,0,0,0,0,0,0,0,0,0,0,0,6.3185408115387,0,22.9059880971909,0,0,0,125.901574313641,0,475.310923933983,0,0,0,0,0,0,0,0,0,0,22.2665747404099,0,0,0,0,0,0,0,0,0,0,0,59.264137595892,35.7824242115021,0,0,0
0,0,0,0,1.2432641685009,0,0,0,91.1151354312897,0,0,0,59.5109424591064,0,0,0,21.7260887622833,0,0,0,0,0,0,0,7.87845087051392,0,10.8978459537029,0,0.676733016967773,0,0,0,0,0,0,0,0,0,0,0,0,0,0,0,0,0,0,0,0,0,3.64850795269012,0,0,0,217.943630337715,0,0,0,22.7676088213921,0,268.064958751202,0,0,0,0,0,0,1,0,1.30709481239319,0,0,0,0,0,0,0,0,0,0,0,0,72.1366455405951,3.29689621925354,0,0,0
0,0,0,12.7793107032776,0,78.0858827233315,0,0,0,54.7988602817059,0,0,0,67.3623859882355,0,0,25.0416225194931,369.566729202867,15.1501715779305,0,0,0,0,1.91045433282852,0,9.30022576451302,1.41648018360138,0,0,0,0,0,0,0,0,0,0,0,0,0,0,0,0,0,0,0,0,0,0,0,0,10.4847697019577,0,0,0,159.156569451094,0,0,0,38.5555386543274,0,79.2483379840851,0,0,0,0,0,0,7.68632596731186,0,0,0,0,0,0,0,0,0,0,0,0,0,311.897204086185,1.01338562369347,0,0,0
0,0,0,0,0,0,0,0,195.118358716369,25.6408836990595,0,0,0,0,21.7260887622833,25.0416225194931,0,8876.49057213962,3992.1067571193,0,0,10.8490854501724,279.071720123291,131.561568021774,239.47811755538,43.1629074960947,1865.4944666326,0,286.697917073965,0,0,0,0,0,0,0,0,0,0,11.5028587058187,1.19346523284912,19.6940349787474,30.7808911800385,0.793085038661957,0.496244519948959,0,0,0,0,0,0,0,0,0,381.503044053912,2.73192924261093,0,0,0,0,312.893499687314,2.34209084510803,6.31655240058899,0,0,6.36738276481628,6.08124822378159,42.3066407889128,75.4371689558029,1177.48600193858,0,204.935179710388,0.396325707435608,0,0,0,0,0,36.6642997413874,27.3134152367711,1.02609270811081,0,8456.25018606335,1139.17947919667,39.6104903146625,2.6357130408287,3.515231102705
0,0.28055927157402,0,0,0,0,0,0,19.4426294565201,268.721501991153,0,0,0,25.5859605073929,0,369.566729202867,8876.49057213962,0,4396.97089856118,0,0,96.1535719782114,4.66608464717865,731.079465940595,20.708674788475,1340.16884848475,29.3454071879387,40.9340919554234,0,0,0,0,0,0,0,0,0,0,0,4.61629481613636,1.70254576206207,37.9199785292149,20.0465309917927,5.632045134902,2.50669872760773,0.346739113330841,0,0.739585220813751,0.52703332901001,0,0,0,0,0,57.5340418666601,96.0897853523493,0,0,0,0,13.5554646253586,199.380124926567,4.68950781226158,0,1.04010319709778,0,63.4482036828995,0.250381767749786,1029.17807522416,28.1998618841171,9.1871702671051,0,0.190217867493629,0,0,0,0,0,51.6218853741884,24.1271478384733,6.73616832494736,0.282790631055832,8271.31648023427,285.474413841963,38.7356144487858,5.70487514138222,6.50598376989365
0,1.82462960481644,1.80163848400116,0,0,0,0,0,20.2122122347355,16.8291689902544,0,0,0,0,0,15.1501715779305,3992.1067571193,4396.97089856118,0,0,0,0.456095665693283,4.34466648101807,52.0786263346672,4.47273647785187,42.645028680563,17.8502336442471,0,0,0,0,0,0,0,0,17.5043071210384,10.6370834112167,0,0,222.090139754117,74.5194368585944,841.62380155921,1064.65624089539,169.091957874596,55.5522728636861,11.7675479650497,2.92204815149307,4.1099816635251,20.7950622588396,8.4312742203474,0,0,0,0,72.9619106203318,0.574132815003395,11.6396139711142,8.56265997886658,0,0,20.7278574109077,2.87623655796051,95.5960426330566,6.03829762339592,0,0,0,0.268137127161026,66.4886401891708,31.0527805536985,0.870138198137283,0,8.77324633300304,3.44970661401749,0,0,0,0,1313.28145938367,1620.75046608597,138.664944365621,42.2205174267292,5114.53505527228,4.77089289575815,1290.62927646935,140.561775878072,93.199555143714
0,0,0,0,0,50.6042914688587,0,0,0,0,0,45.0448334217072,0,0,0,0,0,0,0,0,0,0,0,0,0,0,0,0,0,0,0,0,0,0,0,855.585894316435,0,470.197397351265,0,0,0,0,0,0,0,10.6336146891117,0,0,0,0,0,0,0,0,0,0,0,2.25166916847229,0,0,0,0,588.266079902649,0,0,0,0,0,0,0,0,0,0,0,0,0,0,0,857.982292734087,0,595.27978131175,0,128.795139938593,0,35.5691529065371,0,0
0,0,0,0,45.5499791204929,0,10.8702893257141,0,0,0,548.507634654641,0,0,0,0,0,0,0,0,0,0,0,0,0,0,0,0,0,0,0,0,0,0,0,0,0,346.912332415581,0,180.241645723581,0,0,0,0,0,0,0,23.3976453989744,0,0,0,0,0,0,0,0,0,76.0052725076675,0,0,0,0,0,0,1019.45093777776,0,0,0,0,0,0,0,0,0,18.5507091879845,0,0,0,0,0,715.710013985634,0,66.9269331842661,21.2594347596169,0,17.4377852678299,0,0
0,0,0,0,0,0,0,0,0,0,0,0,0,0,0,0,10.8490854501724,96.1535719782114,0.456095665693283,0,0,0,208.355920284986,334.858795762062,0,119.913658052683,0,102.912798941135,0,0,0,0,0,0,0,0,0,658.989356607199,0,0,0,0.853714689612389,0,0,0,0,0,0.400542944669724,0,185.878141313791,0,0,0,0,0,0,0,0,0,0,0,0,0,0,6656.7535443902,0,339.840043023229,0,72.3528386354446,0,130.876341313124,0,1.57343420386314,0,0,0,0,0,0,0,545.129994034767,0,460.576722085476,23.6159045696259,0.506112441420555,0,0
0,0,0,0,0,0,0,0,0.313170701265335,0,0,0,0,0,0,0,279.071720123291,4.66608464717865,4.34466648101807,0,0,208.355920284986,0,0,238.727601781487,0,108.210774958134,0,56.1666090488434,0,0,0,0,0,0,0,0,0,854.205957740545,0,0,0,0,0,0,0,0,0,97.2527038156986,0,0,0,0,0,1.94194100797176,0,0,0,0,0,0,0,0,0,33.8789324760437,6071.83547266573,0,137.582629084587,0,140.431869849563,0,1.2702966183424,0,0,0,0,0,0,0,0,0,601.13580994308,971.312822312117,17.8854715824127,6.48225322365761,0,0
0,2.70074167847633,0,0,0,0,0,0,4.16218328475952,54.0210481584072,0,0,0,0,0,1.91045433282852,131.561568021774,731.079465940595,52.0786263346672,0,0,334.858795762062,0,0,0,380.343297854066,0,0,0,0,0,0,0,0,0,0,0,315.834386110306,0,0.264529377222061,0,0,0,0,0,0,0,24.5107994526625,0,133.692971512675,0,0,0,0,0,41.5803421884775,0,0,0,0,0,4.10143393278122,0,0,170.133378088474,0,1044.8547616601,1.98680877685547,175.385372504592,3.92614078521729,0.959905326366425,0,0,0,0,0,0,0,0,0.272927820682526,219.600039929152,0,455.073393180966,0,57.7346888929605,0,0
0,0,0,0,0,0,0,0,32.8987437486649,0,0,0,0,0,7.87845087051392,0,239.47811755538,20.708674788475,4.47273647785187,0,0,0,238.727601781487,0,0,0,776.592872396111,0,2.23593688011169,0,0,0,0,0,0,0,0,0,94.9903251826763,0,0,0,0,0,0,0,0,0,66.1476297825575,0,0,0,0,0,30.8003329336643,0,0,0,0,0,0,0,0,0,0,52.5829400569201,0,675.037499889731,0,83.4371649473906,0,0,0,0,0,0,0,0,0,0,0,31.4611776024103,206.780995354056,0,23.5440233051777,0,0
0,0,0,0,0,0,0,0,0.23417167365551,3.66621775925159,0,0,0,1.06652683019638,0,9.30022576451302,43.1629074960947,1340.16884848475,42.645028680563,0,0,119.913658052683,0,380.343297854066,0,0,0.647042751312256,53.4950859546661,0,0,0,0,0,0,0,0,0,0,0,0.159682229161263,0,0,0,0,0,0,0,0,0,1.82427358627319,0,0,0,0,0.360737264156342,8.88394576311111,0,0,0,0,0,13.4337002635002,0,0,228.527457714081,0,96.8101388514042,0,366.559847652912,0,2.33479070663452,0,0,0,0,0,0,0,1.67040765285492,0,0,0,280.292285367846,1.58242157101631,0,0,0
0,0,0,0,0,0,0,0,14.7417656779289,0,0,0,0,0,10.8978459537029,1.41648018360138,1865.4944666326,29.3454071879387,17.8502336442471,0,0,0,108.210774958134,0,776.592872396111,0.647042751312256,0,0,126.513992846012,0,0,0,0,0,0,0,0,0,0,0,0,0,0,0,0,0,0,0,0,0,0,0,0,0,18.7335159778595,0,0,0,0,0,28.6424058675766,0,0,0,0,95.7616794109344,0,462.293255165219,0,538.744486898184,0,19.350674033165,0,0,0,0,0,0,0.827331244945526,0,0,0,231.678681984544,13.2823074758053,0,0,0
0,0,0,0,0,0,0,0,0,0,0,0,0,48.184152007103,0,0,0,40.9340919554234,0,0,0,102.912798941135,0,0,0,53.4950859546661,0,0,0,503.003488540649,0,0,0,0,0,0,0,8.74770291149616,0,0,0,0,0,0,0,0,0,0,0,0,0,0,0,0,0,0,0,0,0,94.3203583955765,0,0,0,0,43.0292291641235,0,0,0,0,0,619.096087753773,0,101.474969565868,0,0,0,0,0,0,0,18.0568699389696,0,92.8693811893463,0,0,0,0
0,0,0,0,0,0,0,0,0,0,0,0,1,0,0.676733016967773,0,286.697917073965,0,0,0,0,0,56.1666090488434,0,2.23593688011169,0,126.513992846012,0,0,0,0,0,0,0,0,0,0,0,33.2754950225353,0,0,0,0,0,0,0,0,0,0,0,0,0,0,0,0,0,0,0,0,0,8.37559172511101,0,0,0,0,26.9000009000301,0,0,0,16.1506184339523,0,468.400564476848,0,0,0,0,0,0,0,0,0,51.6662266850471,61.5772991776466,4.7809926867485,0,0,0
0,0,0,0,0,0,0,0,0,0,0,14.1614022701979,0,52.4839801192284,0,0,0,0,0,0,0,0,0,0,0,0,0,503.003488540649,0,0,0,0,0,0,0,0,0,24.6740439534187,0,0,0,0,0,0,0,0.291350036859512,0,0,0,0,0,0,0,0,0,0,0,39.0371940732002,0,60.8239190578461,0,0,5.02915862202644,0,0,0,0,0,0,0,69.7852929830551,0,467.206676155329,0,0,0,0,0,0,0,0,0,3.50404572486877,0,0,0,0
0,0,0,0,0,0,0,0,0,0,45.449005484581,0,0,0,0,0,0,0,0,0,0,0,0,0,0,0,0,0,0,0,0,0,0,0,0,0,0,0,115.308881163597,0,0,0,0,0,0,0,0,0,0,0,0,0,0,0,0,0,38.7834057807922,0,0,0,0,0,0,0,0,0,0,0,0,0,0,0,0,387.62438043952,0,0,0,0,0,0,0,58.8335056006908,0,0,0,0,0
0,0,0,0,0,0,0,0,0,0,0,0,0,0,0,0,0,0,0,0,0,0,0,0,0,0,0,0,0,0,0,0,421.305028438568,1.54363477230072,1.57246243953705,267.366801068187,0,0,0,4.46607267856598,0,0.600185111165047,0,0,0,0,0,1005.68510368466,12.3523216247559,13.7388346791267,0,0,0,0,0,0,0,0,0,0,0,0,0,0,0,0,0,0,0,0,0,0,0,0,2641.33044424653,64.4763987064362,55.893295019865,1.77201175689697,679.910509452224,0,0.491319924592972,0,657.134804874659,0,0.370669335126877,0,0
0,0,0,0,0,0,0,0,0,0,0,0,0,0,0,0,0,0,0,0,0,0,0,0,0,0,0,0,0,0,0,421.305028438568,0,31.0522903800011,34.6408477276564,0.387432783842087,125.849348783493,0,0,1.20658659934998,1.93118822574615,0,0,0,0,0,0,746.765302270651,37.991969704628,4.86824309825897,0,0,0,0,0,0,0,0,0,0,0,0,0,0,0,0,0,0,0,0,0,0,0,0,121.98533397913,1071.05479958653,49.1999772191048,22.9561915397644,2.01020616292953,258.300033062696,0,0,161.854720771313,0,2.04709768295288,0,0
0,0,0,0,0,0,0,0,0,0,0,0,0,0,0,0,0,0,0,0,0,0,0,0,0,0,0,0,0,0,0,1.54363477230072,31.0522903800011,0,963.744239151478,454.057303860784,0,121.69294758141,0,0,0,41.4878937005997,0.810411989688873,0,0,0,0,436.414417892694,0,18.8327232599258,0,0,0,0,0,0,0,0,0,0,0,0,0,0,0,0,0,0,0,0,0,0,0.558847188949585,0,18.7350072860718,1.34132164716721,2693.15627199411,308.15644416213,745.907171726227,0,94.8994519710541,0,552.449659347534,33.5727739334106,2.50045269727707,0,0
0,0,0,0,0,0,0,0,0,0,0,0,0,0,0,0,0,0,0,0,0,0,0,0,0,0,0,0,0,0,0,1.57246243953705,34.6408477276564,963.744239151478,0,0,431.174275025725,0,389.890616491437,0,0,0,54.0840979814529,0,0,0,0,663.636769711971,56.8061077743769,1.41987121105194,0,0,0,0,0,0,0,0,0,0,0,0,0,0,0,0,0,0,0,0,0,0,0,16.1538839787245,0,32.070370554924,469.324335366488,2837.09646118432,0,562.93381935358,0,695.169398352504,926.462379932404,22.7119592726231,14.3388424515724,0,0
0,0,0,0,0,0.648792237043381,0,1,0,0,0,79.5943785905838,0,0,0,0,0,0,17.5043071210384,855.585894316435,0,0,0,0,0,0,0,0,0,0,0,267.366801068187,0.387432783842087,454.057303860784,0,0,175.882440209389,3399.3252876699,38.973739862442,2.56675578653812,0,78.7366218864918,1.87232935428619,33.1996327489614,0,1.57011665403843,0,415.485185757279,0,7.6887125223875,0,0,0,0,0,0,0.174533262848854,6.61758810281754,0,0,0,0,261.854690767825,0,0,0,0,0,0,0,0,0,1.60037168860435,0,102.49497166276,0,211.286057054996,0,11458.4207619503,2.06620514392853,489.376739911735,0,1918.61600917578,867.780765280128,22.6175571978092,43.8611446470022,0
0,0,0,0,0,0,0,0,0,0,224.552671700716,0,0,0,0,0,0,0,10.6370834112167,0,346.912332415581,0,0,0,0,0,0,0,0,0,0,0,125.849348783493,0,431.174275025725,175.882440209389,0,17.1875113248825,2506.13881106675,0,5.7396307438612,0.266362309455872,39.3156610578299,0,10.8113139122725,0,5.47823755443096,438.733954466879,0,0,0,0,0,0,0,0,9.13515764474869,0,0,0,0,0,0,221.538426689804,0,0,0,0,0,0,0,0,0,0.291159719228745,0,26.6716827452183,0,230.433177947998,68.2983605861664,12814.7036624104,3.19965219497681,221.170255050063,1971.44079130888,778.621150791645,34.2296389490366,0,5.43453778326511
0,0,0,0,0,0,0,0,0,14.6690056622028,0,861.988802447915,0,0,0,0,0,0,0,470.197397351265,0,658.989356607199,0,315.834386110306,0,0,0,8.74770291149616,0,24.6740439534187,0,0,0,121.69294758141,0,3399.3252876699,17.1875113248825,0,817.189588308334,0,0,6.87776358425617,0,0,0,1.27228674292564,0,717.299811065197,0,327.3369884938,0,0,0,0,0,32.7539582550526,0,74.7199923992157,0,0,0,0,170.560339584947,0,142.384162977338,0,61.1150402575731,0,0,0,65.7729904055595,0,93.1628576368093,0,0,0,521.708837345243,0,1452.49078661948,0,11469.8172174692,6.40388917922974,1690.57338705659,606.796508535743,38.743903234601,0.988137602806091,0
0,0,0,0,0,0,0,0,68.6896066516638,0,935.834070965648,0,0,0,0,0,0,0,0,0,180.241645723581,0,854.205957740545,0,94.9903251826763,0,0,0,33.2754950225353,0,115.308881163597,0,0,0,389.890616491437,38.973739862442,2506.13881106675,817.189588308334,0,0,0,0,23.0276834964752,0,0,0,0.575039803981781,176.742305189371,427.868444010615,0,0,0,0,0,80.311441719532,0,35.1434205323458,0,0,0,0,0,0,3.76120069622993,0,307.600242212415,0,38.4168661981821,0,0,0,2.96344810724258,0,44.0634060204029,0,0,0,171.143769577146,0,1384.7745756954,212.288348734379,10458.134624064,1122.0619995445,206.547596633434,157.234792172909,0,0
0,0,0,6.2405156493187,0,10.4789227247238,0,0,0,0,0,0,0,0,0,0,11.5028587058187,4.61629481613636,222.090139754117,0,0,0,0,0.264529377222061,0,0.159682229161263,0,0,0,0,0,4.46607267856598,1.20658659934998,0,0,2.56675578653812,0,0,0,0,0.0936926081776619,535.269403904676,2.66913890838623,95.8217004537582,0,89.3567880988121,0,337.71144926548,0,311.244530931115,0,0.683717086911201,0,0,0,0,0,31.1333304792643,0,1.23334445059299,0,0,48.2779679149389,0,0,0,0,0,0,0,5.04958998411894,0,23.8209140151739,0,19.3174692392349,0,0,0,716.97126622498,0.155599802732468,66.4064582511783,0,38.2329819500446,0,831.186399571598,41.7312210947275,2.22455632686615
0,0,0.180051982402802,0,3.14726017415524,0,0,0,1.88219787180424,0,0.610468208789825,0,0,0,0,0,1.19346523284912,1.70254576206207,74.5194368585944,0,0,0,0,0,0,0,0,0,0,0,0,0,1.93118822574615,0,0,0,5.7396307438612,0,0,0.0936926081776619,0,0,225.206859052181,0,20.6102674007416,0,9.82265974581242,166.689778193831,404.026025511324,0,0.362975895404816,0,0,0,0.17110487818718,0,13.9200725331903,0,0,0,0,0,0,48.3301348760724,0,0,0,0,0,0,0,0,0,4.11262937635183,0,57.5419337898493,0,2.04284025728703,0,478.812955912203,0,118.863101691008,14.0758191049099,0,458.626003105193,0,36.5936269313097
0,102.083384007215,0,114.900957778096,0,10.8726055175066,0,0,0,0.295429468154907,0,0,0,0,0,0,19.6940349787474,37.9199785292149,841.62380155921,0,0,0.853714689612389,0,0,0,0,0,0,0,0,0,0.600185111165047,0,41.4878937005997,0,78.7366218864918,0.266362309455872,6.87776358425617,0,535.269403904676,0,0,240.832474350929,98.076628267765,4.10875368118286,55.8009638488293,0.617112338542938,527.888781696558,2.66940960288048,557.723514735699,0,2.46676054596901,0,0,2.25567317008972,0.387810915708542,0,805.67414174974,0,18.5871362388134,0,0,217.404383435845,0,0,0,0,0,0.580685436725616,0,174.116068854928,0,432.736173279583,0,1.17374637722969,0,237.632880017161,0.828586459159851,2153.11476793885,21.584541618824,573.709080800414,0,787.221854515374,5.57480816543102,3926.17257265747,1965.68502439559,2.03693902492523
22.007616892457,0,94.9553430825472,0,0,0.255593031644821,0,0,16.1894998848438,0,0,0,0,0,0,0,30.7808911800385,20.0465309917927,1064.65624089539,0,0,0,0,0,0,0,0,0,0,0,0,0,0,0.810411989688873,54.0840979814529,1.87232935428619,39.3156610578299,0,23.0276834964752,2.66913890838623,225.206859052181,240.832474350929,0,0,23.1101122349501,0,5.93127071857452,820.382610142231,470.57910567522,0,0.384096473455429,0,0,0,3.11614395678043,0,184.413891449571,0,0,0,0,0,3.05818974971771,80.2326984629035,0,0,0,0,0,0,0,8.16844916343689,0.821947932243347,43.1854663640261,0,0,0,28.4273693561554,9.50577282905579,2328.51018943638,0,52.4527510851622,927.219318240881,7.22513870894909,5635.07483629137,11.3327414989471,2126.91413038969
0,0,0,0,0,0,0,0,0,0,0,0,0,0,0,0,0.793085038661957,5.632045134902,169.091957874596,0,0,0,0,0,0,0,0,0,0,0,0,0,0,0,0,33.1996327489614,0,0,0,95.8217004537582,0,98.076628267765,0,0,0,5.08303235471249,0,1.5694717168808,0,0.580757796764374,0,0,0,0,0,0,2.19286584854126,2.03434237837791,0,0,0,0,17.2794512808323,0,0,0,0,0,0,0,3.71006612479687,0,28.6147054135799,0,2.30225968360901,0,1.36877092719078,0,657.958803609014,0,403.281383737922,5.31255292892456,48.5384707078338,2.29283277690411,125.905916020274,9.23783874511719,0
0,0,0,0,0,0,0,0,0,0,0,0,0,0,0,0,0.496244519948959,2.50669872760773,55.5522728636861,0,0,0,0,0,0,0,0,0,0,0,0,0,0,0,0,0,10.8113139122725,0,0,0,20.6102674007416,4.10875368118286,23.1101122349501,0,0,0,0,0.676480114459991,4.59780088067055,0,0,0,0,0,0,0,2.61087808012962,0,0,0,0,0,0,4.61080515384674,0,0,0,0,0,0,0,0,0,5.01838535070419,0,0,0,0,1.42567253112793,462.543178513646,0,42.6441400647163,10.7902703583241,0,68.9015175700188,0,0.614203348755836
0,0,0,2.00028002262115,0,31.594180971384,0,0,0,0.93791575729847,0,0,0,0,0,0,0,0.346739113330841,11.7675479650497,10.6336146891117,0,0,0,0,0,0,0,0,0,0.291350036859512,0,0,0,0,0,1.57011665403843,0,1.27228674292564,0,89.3567880988121,0,55.8009638488293,0,5.08303235471249,0,0,0,38.0571276247501,0.774637639522552,56.5012593865395,0,4.40974813699722,0,0,0,0.862928077578545,0,17.5440769791603,0,0.81866954267025,0,0,215.405558466911,0,0,0,0,0,0,0,5.88062953948975,0,23.7384155318141,0,0,0,0,0,178.684387132525,0,370.118538305163,0,8.74736844003201,0,464.406681105494,2.22621983289719,0
0,0,3.29853291809559,0,5.96323838829994,0,0,0,0.176598712801933,0,0,0,0,0,0,0,0,0,2.92204815149307,0,23.3976453989744,0,0,0,0,0,0,0,0,0,0,0,0,0,0,0,5.47823755443096,0,0.575039803981781,0,9.82265974581242,0.617112338542938,5.93127071857452,0,0,0,0,5.70981043577194,19.275803476572,0,2.76405918598175,0,0,0,0.167320534586906,0,85.6197260022163,0,0,0,0,0,0,285.191832005978,0,0,0,0,0,0,0,0.529613450169563,0,23.582811832428,0,0,0,0,0,433.523875355721,0,243.02678912878,7.61863258481026,0,234.985269293189,0,0.468168765306473
0,0.218979164958,0,0.277140870690346,0,3.61184258759022,0,0,0,0.452235877513885,0,0,0,0,0,0,0,0.739585220813751,4.1099816635251,0,0,0.400542944669724,0,24.5107994526625,0,0,0,0,0,0,0,1005.68510368466,746.765302270651,436.414417892694,663.636769711971,415.485185757279,438.733954466879,717.299811065197,176.742305189371,337.71144926548,166.689778193831,527.888781696558,820.382610142231,1.5694717168808,0.676480114459991,38.0571276247501,5.70981043577194,0,539.947494335473,1280.49468761683,0,0.309944026172161,0,0,0,1.32559138536453,2.73712438344955,5.0139487683773,0,0,0,0,2.55981101095676,10.9891929030418,0,0,22.3479562699795,0,0,0,2.64530009031296,0,8.72012619674206,0.634562246501446,799.328953906894,1338.6169667393,2197.62899896502,1437.23530589044,938.938457727432,981.348947543651,599.634606406093,1007.7572503686,2461.33765315264,13.9957840144634,950.472900919616,0.843981802463531,1.26748272776604
156.962291389704,0,109.515900984406,0,9.62691897898912,0,0,0,20.5325478315353,0,0,0,0,0,0,0,0,0.52703332901001,20.7950622588396,0,0,0,97.2527038156986,0,66.1476297825575,0,0,0,0,0,0,12.3523216247559,37.991969704628,0,56.8061077743769,0,0,0,427.868444010615,0,404.026025511324,2.66940960288048,470.57910567522,0,4.59780088067055,0.774637639522552,19.275803476572,539.947494335473,0,0.944840490818024,1.78598883748055,0,0,0,16.7007146179676,0,93.5261460244656,0.150779351592064,0.672095522284508,0,0,0,0,19.5604304969311,0,361.662760019302,0,192.559368774295,0,78.0489918291569,0,242.026119053364,0.14404484629631,99.2183426469564,3.78274792432785,65.0543193370104,0,26.7607794702053,0.437535554170609,237.072798822075,0,787.332148507237,100.960781030357,1.40983331203461,2025.654443454,0,6.26074706763029
0,42.4761465638876,0,126.068139106035,0,8.16039705276489,0,0,0,38.1556530296803,0,0,0,0,0,0,0,0,8.4312742203474,0,0,185.878141313791,0,133.692971512675,0,1.82427358627319,0,0,0,0,0,13.7388346791267,4.86824309825897,18.8327232599258,1.41987121105194,7.6887125223875,0,327.3369884938,0,311.244530931115,0,557.723514735699,0,0.580757796764374,0,56.5012593865395,0,1280.49468761683,0.944840490818024,0,0,2.7324952930212,0,0,0,25.00697080791,0,78.5077256858349,0,4.84236972033978,0,32.0554448068142,25.700965449214,0,212.414102077484,0,290.862276032567,0,6.92350295186043,0,87.9609599560499,0,111.775401324034,0,49.4209984540939,0.360773712396622,132.955394119024,0,257.881846733391,0,625.141803234816,0,246.825915798545,0.98521015048027,1008.97166444361,17.44075153023,0
0,0,4.50480404496193,0,422.165185287595,0,11.0567611157894,0,1.47915363311768,0,0,0,0,0,3.64850795269012,0,0,0,0,0,0,0,0,0,0,0,0,0,0,0,0,0,0,0,0,0,0,0,0,0,0.362975895404816,0,0.384096473455429,0,0,0,2.76405918598175,0,1.78598883748055,0,0,0,0,0,0,0,82.4990692436695,0,39.5132509171963,0,6.54315030574799,0,0,106.500384867191,0,0,0,0,0,0,0,0,0,0.27567657828331,0,0,0,0,0,3.56528931856155,0,0,77.5691471099854,0,110.094158627093,0,0
0,0,0,71.4744009673595,0,72.372247621417,0,0,0,0,0,0,0,6.3185408115387,0,10.4847697019577,0,0,0,0,0,0,0,0,0,0,0,0,0,0,0,0,0,0,0,0,0,0,0,0.683717086911201,0,2.46676054596901,0,0,0,4.40974813699722,0,0.309944026172161,0,2.7324952930212,0,0,0,0,0,2.34563001990318,0,90.0748102813959,0,64.6598899513483,0,3.4915217757225,63.6578097641468,0,0,0,0,0,0,0,0,0,0,0,0,0,0,0,0,0,0,0,0,0,98.7677441611886,0,0
0,0,0,0,23.1901311576366,0,380.915260881186,0,0,0,8.95027056336403,0,29.7196175158024,0,0,0,0,0,0,0,0,0,0,0,0,0,0,0,0,0,0,0,0,0,0,0,0,0,0,0,0,0,0,0,0,0,0,0,0,0,0,0,0,0,0,0,171.593330174685,0,21.9492249041796,0,0,0,0,0,0,0,0,0,0,0,0,0,0,0,0,0,0,0,0,0,0,0,190.055148005486,0,0,0,0
0,0,0,0,0,0,0,115.725008845329,0,0,0,0,0,22.9059880971909,0,0,0,0,0,0,0,0,0,0,0,0,0,0,0,0,0,0,0,0,0,0,0,0,0,0,0,0,0,0,0,0,0,0,0,0,0,0,0,0,0,0,0,10.7809221744537,0,28.2552759647369,0,0,0,0,0,0,0,0,0,0,0,0,0,0,0,0,0,0,0,0,0,0,23.8495255708694,0,0,0,0
342.3439489007,0,91.3978576213121,0,96.8096989393234,0,0,0,1393.31552457809,2.26679110527039,0,0,0,0,217.943630337715,0,381.503044053912,57.5340418666601,72.9619106203318,0,0,0,1.94194100797176,0,30.8003329336643,0.360737264156342,18.7335159778595,0,0,0,0,0,0,0,0,0,0,0,80.311441719532,0,0.17110487818718,2.25567317008972,3.11614395678043,0,0,0,0.167320534586906,0,16.7007146179676,0,0,0,0,0,0,0,1.04374061524868,0,0,0,43.5077866911888,0,0,0.329772889614105,0,1.50524331629276,0,139.208345293999,0,71.2250800132751,0,0,0,0.241795480251312,0,0,0,0,0,2.80898635089397,0,166.135430112481,168.140071421862,1.1334400177002,117.135757774115,0,0
0,308.040517523885,0,51.2933900356293,0,2.76471430063248,0,0,0,876.406913593411,0,0,0,0,0,159.156569451094,2.73192924261093,96.0897853523493,0.574132815003395,0,0,0,0,41.5803421884775,0,8.88394576311111,0,0,0,0,0,0,0,0,0,0,0,32.7539582550526,0,0,0,0.387810915708542,0,0,0,0.862928077578545,0,1.32559138536453,0,25.00697080791,0,2.34563001990318,0,0,0,0,0,0.911723002791405,0,9.71104973554611,0,8.62833720445633,0,0,0,0,337.403322964907,0,10.9626279175282,2.52568864822388,0.221225306391716,0,0,0,0,0,0,0,0,0,27.753141105175,0,33.525209903717,0,99.0501829087734,0,0
0,0,8.47673468291759,0,7.48458251357079,0,325.839563578367,0,0.48298467695713,0,2433.9245044291,0,59.5555274486542,0,0,0,0,0,11.6396139711142,0,76.0052725076675,0,0,0,0,0,0,0,0,0,38.7834057807922,0,0,0,0,0.174533262848854,9.13515764474869,0,35.1434205323458,0,13.9200725331903,0,184.413891449571,2.19286584854126,2.61087808012962,0,85.6197260022163,2.73712438344955,93.5261460244656,0,82.4990692436695,0,171.593330174685,0,1.04374061524868,0,0,0,623.786820486188,0,0.520352959632874,0,0,1097.63661698997,0,0,0,0,0,0,0,389.045615971088,0,488.41084164381,0,0,0,0,0,97.6630120873451,0,74.3891102075577,396.800314337015,0,984.648510113358,0,38.2020483314991
0,50.0828811079264,0,39.1721400618553,0,3.46011038124561,0,0,0,0,0,977.091897532344,0,125.901574313641,0,0,0,0,8.56265997886658,2.25166916847229,0,0,0,0,0,0,0,0,0,39.0371940732002,0,0,0,0,0,6.61758810281754,0,74.7199923992157,0,31.1333304792643,0,805.67414174974,0,2.03434237837791,0,17.5440769791603,0,5.0139487683773,0.150779351592064,78.5077256858349,0,90.0748102813959,0,10.7809221744537,0,0.911723002791405,0,0,0,437.614009916782,0,24.0989481210709,836.581704437733,0,0,0,0,0,0,0,598.867879360914,0,398.218256786466,0,0,0,0,0,29.0314684286714,0,135.901185065508,0,42.5321013480425,0,698.090596757829,44.9881151914597,0
0,0,0,0,0,0,8.82420246303082,0,0,0,27.5418721437454,0,615.812178164721,0,22.7676088213921,0,0,0,0,0,0,0,0,0,0,0,0,0,0,0,0,0,0,0,0,0,0,0,0,0,0,0,0,0,0,0,0,0,0.672095522284508,0,39.5132509171963,0,21.9492249041796,0,0,0,623.786820486188,0,0,0,210.668878525496,0,0,11.4930306375027,0,0,0,0,0,72.6720026880503,0,40.6306711435318,0,0,0,0,0,0,0,0,0,0,221.448977127671,93.7599556446075,20.67197483778,0,0
0,18.1386017203331,0,0.856561034917831,0,72.2447880208492,0,0,0,0,0,51.1364395618439,0,475.310923933983,0,38.5555386543274,0,0,0,0,0,0,0,0,0,0,0,94.3203583955765,0,60.8239190578461,0,0,0,0,0,0,0,0,0,1.23334445059299,0,18.5871362388134,0,0,0,0.81866954267025,0,0,0,4.84236972033978,0,64.6598899513483,0,28.2552759647369,0,9.71104973554611,0,437.614009916782,0,0,0,130.13346157968,39.9831364899874,0,0,0,0,0,67.9620628505945,0,228.221986010671,0,0,0,0,0,0,0,0,0,0,0,107.023582994938,13.1571645736694,11.6713254228234,3.90413928031921,0
27.1670276373625,0,0,0,26.2373524010181,0,0,0,14.3438264131546,0,0,0,9.00331723690033,0,268.064958751202,0,312.893499687314,13.5554646253586,20.7278574109077,0,0,0,0,0,0,0,28.6424058675766,0,8.37559172511101,0,0,0,0,0,0,0,0,0,0,0,0,0,0,0,0,0,0,0,0,0,6.54315030574799,0,0,0,43.5077866911888,0,0.520352959632874,0,210.668878525496,0,0,0,0,0,0,0,0,0,0,4.7030790746212,0,0,0,0,0,0,0,0,0,0,0,0,78.0689215362072,2.72022649645805,0,0,0
0,27.7649241089821,0,0,0,0,0,0,0,2.83654573559761,0,0,0,0,0,79.2483379840851,2.34209084510803,199.380124926567,2.87623655796051,0,0,0,0,4.10143393278122,0,13.4337002635002,0,0,0,0,0,0,0,0,0,0,0,0,0,0,0,0,0,0,0,0,0,0,0,32.0554448068142,0,3.4915217757225,0,0,0,8.62833720445633,0,24.0989481210709,0,130.13346157968,0,0,0,0,0,0,0.891106307506561,0,4.36759281158447,1.09515058994293,0,0,0,0,0,0,0,0,0,0,0,0,116.684462785721,0.652406692504883,0,0,0
0,0,0,1.75644759833813,0,159.756637662649,0,0,0,0,0,278.127102345228,0,0,0,0,6.31655240058899,4.68950781226158,95.5960426330566,588.266079902649,0,0,0,0,0,0,0,0,0,5.02915862202644,0,0,0,0,0,261.854690767825,0,170.560339584947,0,48.2779679149389,0,217.404383435845,3.05818974971771,17.2794512808323,0,215.405558466911,0,2.55981101095676,0,25.700965449214,0,63.6578097641468,0,0,0,0,0,836.581704437733,0,39.9831364899874,0,0,0,0,0,0,0,0,0,0,103.44903768599,0,215.307833358645,0,0,0,0,0,3582.48641128093,1.76369881629944,1673.9432772994,0,231.546733781695,0,483.78600858897,17.9029249250889,0
0,0,8.35250580310822,0,40.8450952917337,0,11.5677993297577,0,0,0,216.992676600814,0,0,0,0,0,0,0,6.03829762339592,0,1019.45093777776,0,0,0,0,0,0,0,0,0,0,0,0,0,0,0,221.538426689804,0,3.76120069622993,0,48.3301348760724,0,80.2326984629035,0,4.61080515384674,0,285.191832005978,10.9891929030418,19.5604304969311,0,106.500384867191,0,0,0,0.329772889614105,0,1097.63661698997,0,11.4930306375027,0,0,0,0,0,0,0,0,0,0,0,0,4.08620351552963,0,104.786045283079,0,0,0,0,0,4670.7252926901,0,754.794461540878,126.861283548176,0,572.885374501348,0,9.05140036344528
0,0,0,0,0,0,0,0,0,0,0,0,0,0,0,0,0,1.04010319709778,0,0,0,6656.7535443902,33.8789324760437,170.133378088474,0,228.527457714081,0,43.0292291641235,0,0,0,0,0,0,0,0,0,142.384162977338,0,0,0,0,0,0,0,0,0,0,0,212.414102077484,0,0,0,0,0,0,0,0,0,0,0,0,0,0,0,0,176.775910645723,0,320.606622308493,0,406.212772861123,0,0,0,0,0,0,0,0,0,997.133671611547,0,298.534727841616,21.7925316095352,0.1852967441082,0,0
0,0,0,0,0,0,0,0,1.60850717127323,0,0,0,0,0,0,0,6.36738276481628,0,0,0,0,0,6071.83547266573,0,52.5829400569201,0,95.7616794109344,0,26.9000009000301,0,0,0,0,0,0,0,0,0,307.600242212415,0,0,0,0,0,0,0,0,0,361.662760019302,0,0,0,0,0,1.50524331629276,0,0,0,0,0,0,0,0,0,0,0,0,116.211132109165,0,203.382773652673,0,91.7905094176531,0,0,0,0,0,0,0,0,0,653.145519733429,337.208733171225,1,0.392826080322266,0,0
0,37.9654120802879,0,0,0,0,0,0,0,43.1756164580584,0,0,0,0,0,0,6.08124822378159,63.4482036828995,0,0,0,339.840043023229,0,1044.8547616601,0,96.8101388514042,0,0,0,0,0,0,0,0,0,0,0,61.1150402575731,0,0,0,0,0,0,0,0,0,22.3479562699795,0,290.862276032567,0,0,0,0,0,337.403322964907,0,0,0,0,0,0.891106307506561,0,0,176.775910645723,0,0,0,88.2248702794313,0,1.30475926399231,0,0,0,0,0,0,0,0,0,232.965114310384,0,159.002857610583,0,59.1356943547726,0,0
0,0,0,0,0,0,0,0,14.4860144108534,0,0,0,0,0,1,0,42.3066407889128,0.250381767749786,0.268137127161026,0,0,0,137.582629084587,1.98680877685547,675.037499889731,0,462.293255165219,0,0,0,0,0,0,0,0,0,0,0,38.4168661981821,0,0,0,0,0,0,0,0,0,192.559368774295,0,0,0,0,0,139.208345293999,0,0,0,0,0,0,0,0,0,0,116.211132109165,0,0,0,66.4998010396957,0,2.33846919238567,0,0,0,0,0,0,0,0,0,141.763913467526,25.7776124030352,0,83.6301988065243,0,0
0,0,0,0,0,0,0,0,0,5.4965834915638,0,0,0,0,0,7.68632596731186,75.4371689558029,1029.17807522416,66.4886401891708,0,0,72.3528386354446,0,175.385372504592,0,366.559847652912,0,0,0,0,0,0,0,0,0,0,0,0,0,0,0,0.580685436725616,0,0,0,0,0,0,0,6.92350295186043,0,0,0,0,0,10.9626279175282,0,0,0,67.9620628505945,0,4.36759281158447,0,0,320.606622308493,0,88.2248702794313,0,0,0,246.542534857988,0,0,0,0,0,0,0,0,0,0,0,292.243722915649,2.05084733664989,0.286631077528,0,0
0,0,0,0,0,0,0,0,35.7558737397194,0,0,0,0,0,1.30709481239319,0,1177.48600193858,28.1998618841171,31.0527805536985,0,0,0,140.431869849563,3.92614078521729,83.4371649473906,0,538.744486898184,0,16.1506184339523,0,0,0,0,0,0,0,0,0,0,0,0,0,0,0,0,0,0,0,78.0489918291569,0,0,0,0,0,71.2250800132751,2.52568864822388,0,0,72.6720026880503,0,4.7030790746212,1.09515058994293,0,0,0,203.382773652673,0,66.4998010396957,0,0,0,246.527700409293,0,0,0,0,0,0,0,0,0,0,206.488768920302,0.92777207493782,2.04052746295929,0,0
0,0,0,2.3297676295042,0,0.424824833869934,0,0,0,0,0,0,0,22.2665747404099,0,0,0,9.1871702671051,0.870138198137283,0,0,130.876341313124,0,0.959905326366425,0,2.33479070663452,0,619.096087753773,0,69.7852929830551,0,0,0,0,0,0,0,65.7729904055595,0,5.04958998411894,0,174.116068854928,0,3.71006612479687,0,5.88062953948975,0,2.64530009031296,0,87.9609599560499,0,0,0,0,0,0.221225306391716,0,598.867879360914,0,228.221986010671,0,0,103.44903768599,0,406.212772861123,0,1.30475926399231,0,246.542534857988,0,0,0,520.545517116785,0,0,0,0,0,7.81656134128571,0.158207654953003,166.565688639879,0,113.7799872756,20.5088849067688,204.583705767989,25.9890824407339,0
0,0,0.28987655043602,0,0,0,0,0,0,0,0,0,0,0,0,0,204.935179710388,0,0,0,0,0,1.2702966183424,0,0,0,19.350674033165,0,468.400564476848,0,0,0,0,0,0,0,0,0,2.96344810724258,0,0,0,8.16844916343689,0,0,0,0.529613450169563,0,242.026119053364,0,0,0,0,0,0,0,389.045615971088,0,40.6306711435318,0,0,0,0,4.08620351552963,0,91.7905094176531,0,2.33846919238567,0,246.527700409293,0,0,0,317.057794481516,0,0,0,0,0,0,0,169.843142151833,2.21553212404251,0,211.253228694201,0,1.92803478240967
0,0,0,4.81805165112019,0,1.77889485657215,0,0,0,0,0,71.6087407916784,0,0,0,0,0.396325707435608,0.190217867493629,8.77324633300304,0,0,1.57343420386314,0,0,0,0,0,101.474969565868,0,467.206676155329,0,0,0,0.558847188949585,0,1.60037168860435,0,93.1628576368093,0,23.8209140151739,0,432.736173279583,0.821947932243347,28.6147054135799,0,23.7384155318141,0,8.72012619674206,0.14404484629631,111.775401324034,0,0,0,0,0,0,0,398.218256786466,0,0,0,0,215.307833358645,0,0,0,0,0,0,0,520.545517116785,0,0,0,0,0,2.06084184348583,0,67.7227756604552,0,1646.37488928437,0,198.478256523609,0,533.225338295102,135.55056039989,0
0,0,1.62897618114948,0,0,0,0,0,0.277118682861328,0,45.7657118588686,0,0,0,0,0,0,0,3.44970661401749,0,18.5507091879845,0,0,0,0,0,0,0,0,0,387.62438043952,0,0,0,16.1538839787245,0,0.291159719228745,0,44.0634060204029,0,4.11262937635183,0,43.1854663640261,0,5.01838535070419,0,23.582811832428,0.634562246501446,99.2183426469564,0,0.27567657828331,0,0,0,0.241795480251312,0,488.41084164381,0,0,0,0,0,0,104.786045283079,0,0,0,0,0,0,0,317.057794481516,0,0,0,0,0,0,0,32.7645154967904,0,1440.8487765193,6.12101401388645,0,822.607093557715,0,28.6935903728008
0,0,0,0,0,0,0,0,0,0,0,0,0,0,0,0,0,0,0,0,0,0,0,0,0,0,0,0,0,0,0,2641.33044424653,121.98533397913,18.7350072860718,0,102.49497166276,0,0,0,19.3174692392349,0,1.17374637722969,0,2.30225968360901,0,0,0,799.328953906894,3.78274792432785,49.4209984540939,0,0,0,0,0,0,0,0,0,0,0,0,0,0,0,0,0,0,0,0,0,0,0,0,0,28.2319078147411,144.906458094716,0.997919261455536,1299.19659182429,0,14.022473603487,0,289.175541073084,0,2.39986997842789,0,0
0,0,0,0,0,0,0,0,0,0,0,0,0,0,0,0,0,0,0,0,0,0,0,0,0,0,0,0,0,0,0,64.4763987064362,1071.05479958653,1.34132164716721,32.070370554924,0,26.6716827452183,0,0,0,57.5419337898493,0,0,0,0,0,0,1338.6169667393,65.0543193370104,0.360773712396622,0,0,0,0,0,0,0,0,0,0,0,0,0,0,0,0,0,0,0,0,0,0,0,0,28.2319078147411,0,4.28193712234497,126.334145158529,2.29481267929077,1852.04540759325,0,0,96.3855056464672,0,1.63788452744484,0,0
0,0,0,0,0,0,0,0,0,0,0,0,0,0,0,0,0,0,0,0,0,0,0,0,0,0,0,0,0,0,0,55.893295019865,49.1999772191048,2693.15627199411,469.324335366488,211.286057054996,0,521.708837345243,0,0,0,237.632880017161,0,1.36877092719078,0,0,0,2197.62899896502,0,132.955394119024,0,0,0,0,0,0,0,0,0,0,0,0,0,0,0,0,0,0,0,0,0,0,2.06084184348583,0,144.906458094716,4.28193712234497,0,162.608603775501,1006.54008026421,0,1890.60006161034,39.2760057449341,890.406884588301,0.241728574037552,9.46265687048435,3.88542503118515,0
0,0,0,0,0,0,0,0,0,0,0,0,0,0,0,0,0,0,0,0,0,0,0,0,0,0,0,0,0,0,0,1.77201175689697,22.9561915397644,308.15644416213,2837.09646118432,0,230.433177947998,0,171.143769577146,0,2.04284025728703,0.828586459159851,28.4273693561554,0,0,0,0,1437.23530589044,26.7607794702053,0,0,0,0,0,0,0,0,0,0,0,0,0,0,0,0,0,0,0,0,0,0,0,0,0,0.997919261455536,126.334145158529,162.608603775501,0,0.614190876483917,1374.66159044206,0,775.621856600046,551.962342873216,13.7187179327011,83.3247821927071,0,0
0,0,0,0,0,12.1316813826561,0,0,0,0,0,50.9332463294268,0,0,0,0,36.6642997413874,51.6218853741884,1313.28145938367,857.982292734087,0,0,0,0,0,1.67040765285492,0.827331244945526,0,0,0,0,679.910509452224,2.01020616292953,745.907171726227,0,11458.4207619503,68.2983605861664,1452.49078661948,0,716.97126622498,0,2153.11476793885,9.50577282905579,657.958803609014,1.42567253112793,178.684387132525,0,938.938457727432,0.437535554170609,257.881846733391,0,0,0,0,0,0,0,29.0314684286714,0,0,0,0,3582.48641128093,0,0,0,0,0,0,0,7.81656134128571,0,67.7227756604552,0,1299.19659182429,2.29481267929077,1006.54008026421,0.614190876483917,0,31.2922198325396,2309.19463551044,1.39528524875641,2592.39966119081,193.676085665822,1043.69930446148,474.328202329576,0
