0,0,140.471727594733,0,0.318635612726212,0,0,0,697.532012194395,0,0,0,0,0,0.325920104980469,0,3.37720283865929,2.11500728130341,41.1768981665373,0,0,0,0,0,0.184587761759758,0,0,0,0,0,0,0,0,0,0,0,0,0,18.3418050184846,0,5.73090627044439,0.370235174894333,71.4986270293593,0,0,0,1.22436429560184,5.38142418861389,137.55389238894,0,1.22802224755287,0,0,0,368.659116834402,0,1.7007846981287,0,0,0,99.7844275832176,0,0,0.534661933779716,0,0,0,0,0,0,0,0,0,0,0,0,0,0,0,28.1510402113199,0,1.34775595366955,376.851158864796,1.35639200359583,213.720104560256,0,0.134800791740417
0,0,0,162.684499278665,0,20.091500043869,0,0,0,361.769069954753,0,0,0,0,0,11.1830059289932,0.392670005559921,0,21.0076747611165,0,0,0,0,0,0,0,0,0,0,0,0,0,0,0,0,0,0,11.388582482934,0,4.07292076945305,0.505521699786186,157.472771927714,0,0,0,1.20640340447426,1.6399827003479,0,0,86.8078775256872,0,0,0,0,0,126.719607561827,0,16.0736414790154,0,5.35190105438232,0,28.4151637554169,0,0,0,0,15.6898614168167,0,0,0,0,0,0.609727084636688,0,0,0,0,0,13.7214307561517,0.126090675592422,0,0,55.0134838819504,0,234.532360561192,0,0
140.471727594733,0,0,0,18.5368648767471,0,0,0,126.700591184199,0,0,0,0,0,0,0,0.138631284236908,0,17.6732758432627,0,0,0,0,0,0,0,0,0,0,0,0,0,0,0,0,0,0.66619086265564,0.549219578504562,5.76159415394068,0,9.72825227677822,0,105.180366635323,0,0,0,2.57822163403034,0.301033407449722,64.641719430685,0,78.1713385283947,0,0,0,84.931358538568,0,13.105190217495,0,117.405723124743,0,4.78424155712128,0,0,0.257339954376221,0,0,0,0,0,0,0,0,0,1.82406628131866,0,0,0,0,0,60.9730196744204,0,5.23772059381008,131.279668293893,1.37165862321854,234.732313916087,0,1.31649306416512
0,162.684499278665,0,0,0,95.4517484307289,0,0,0,31.9603741765022,0,0,0,0,0,0,0,0,1.06672996282578,0,0,0,0,0,0,0,0,0,0,0,0,0,0,0,0,0,0,0.751881554722786,0,2.22503936290741,0,101.375426545739,0,0,0,2.9115938320756,0,0,0,224.427696436644,0,1.57859009504318,0,0,0,7.3042539358139,0,173.044662550092,0,100.279155433178,0,4.54560214281082,9.64852517098188,0,0,0,0,0,0,0,0.121061913669109,0,14.3222113028169,0,0,0,0,0,72.8302648812532,0,13.1008664891124,0,54.3189490586519,0,276.191957466304,0,0
0.318635612726212,0,18.5368648767471,0,0,0,0,0,0,0,0,0,0,0,0,0,0,0,0,0,119.459456682205,0,0,0,0,0,0,0,0,0,0,0,0,0,0,0,0,0,0,0,0.631762728095055,0,2.28247740864754,0,0,0,0.39179190993309,0.259756147861481,1.90730690956116,0,46.7916410267353,0,0,0,0,0,20.0722420215607,0,0,0,0,0,0,83.490439966321,0,0,0,0,0,0,0,0,0,0,0,0,0,0,0,7.43063192814589,0,1.04447296261787,43.8333869874477,0,141.308810763061,0,0
0,20.091500043869,0,95.4517484307289,0,0,0,0,0,145.378442287445,0,3.07690787315369,0,0,0,0,0,0,0,0,0,0,0,0,0,0,0,0,0,0,0,0,0,0,0,0,0,0,0,0.409795522689819,0,3.11687597632408,0,0,0,0,0,0,0,5.01144123077393,0,23.8198159337044,0,0,0,0,0,125.520975083113,0,0,0,0,0,0,0,0,0,0,0,0,0,0,2.3737918138504,0,0,0,0,0,0,0,0,0,26.7777630090714,0,273.952429026365,0,0
0,0,0,0,0,0,0,0,0,0,0.504525780677795,0,0,0,0,0,0,0,0,0,33.2668796181679,0,0,0,0,0,0,0,0,0,0,0,0,0,0,0,0,0,0,0,0,0,0,0,0,0,0,0,0,0,0,0,0,0,0,0,232.714311957359,0,16.8203696012497,0,0,0,0,19.0027049183846,0,0,0,0,0,0,0,0,0,0,0,0,0,0,0,0,0,0,0,0,0,0,0
0,0,0,0,0,0,0,0,0,0,0,0,0,0,0,0,0,0,0,92.5942671895027,0,0,0,0,0,0,0,0,0,0,0,0,0,0,0,0,0,0,0,0,0,0,0,0,0,0,0,0,0,0,0,0,0,15.0184721946716,0,0,0,39.0644279569387,0,2.10080932080746,0,0,78.5921897888184,0,0,0,0,0,0,0,0,0,0,0,0,0,0,0,0,0,0,0,3.99650418758392,0,0,0,0
697.532012194395,0,126.700591184199,0,0,0,0,0,0,0,0,0,0,0,133.504841640592,0,170.071997076273,0.266129106283188,44.7786279842257,0,0,0,0,0,26.877109348774,0,77.3013290762901,0,0,0,0,0,0,0,0,0,0,0,46.7437668144703,0,8.08231388777494,0.152605772018433,84.1798469722271,0,0,0,5.32842124998569,0.644985020160675,70.4922150224447,0,4.1443252786994,0,0,0,481.787288784981,0,0.25566104054451,0,0,0,30.5230848491192,0,0,0.413771279156208,0,0,0,7.09386363625526,0,2.86989936232567,0,0,0,0.176469326019287,0,0,0,0,0,38.8570502623916,0,16.060127004981,1258.80873096734,169.364259764552,161.804590806365,0,0.129951432347298
0,361.769069954753,0,31.9603741765022,0,145.378442287445,0,0,0,0,0,0,0,0,0,959.364252597094,0,96.6779127120972,0.122028142213821,0,0,11.2303247153759,0,55.3191401809454,0,99.41621530056,0,0,0,0,0,0,0,0,0,0,0,12.3403993993998,0,0,0,16.8551944047213,0,0,0,0,0,0,0,68.0130444318056,0,0,0,0,0,455.635866731405,0,0.35623961687088,0,1.33814859390259,0,1452.46734325588,0,0,0,0,9.62526439130306,0,265.468801885843,0,0,0,2.71404057741165,0,0,0,0,0,0,0,42.6532194316387,0,1232.92334613949,198.84962657094,106.770082242787,0,0
0,0,0,0,0,0,0.504525780677795,0,0,0,0,0,614.588900223374,0,0,0,0,0,0,0,1105.95684027672,0,0,0,0,0,0,0,36.0244206190109,0,226.752529203892,0,0,0,0,0,72.2780424952507,0,1608.5068833828,0,0,0,0,0,0,0,0,0,0,0,0,0,0,0,0,0,2401.68752998114,0,2452.76115505397,0,0,0,0,1613.71923963726,0,0,0,0,0,0,0,0,0,74.0302130579948,0,0,0,0,0,28.176174223423,0,472.536719337106,487.614707306027,16.1714116334915,0,0,0
0,0,0,0,0,3.07690787315369,0,0,0,0,0,0,0,610.694281995296,0,0,0,0,0,1423.4624003619,0,0,0,0,0,0,0,468.95967400074,0,150.39390578866,0,0,0,0,0,107.457196772099,0,1782.32253018022,0,0,0,0,0,0,0,0,0,0,0,0,0,1.89098960161209,0,5.36375737190247,0,0,0,1592.93110027909,0,1630.47891810536,0,0,200.167442500591,0,0,0,0,0,0,0,62.5772102624178,0,85.8480975776911,0,0,0,0,0,0,0,884.672879293561,0,761.045905455947,87.1793587207794,3.00429612398148,0,0
0,0,0,0,0,0,0,0,0,0,614.588900223374,0,0,0,480.048255413771,0,9.20548319816589,0,0,0,0,0,0,0,0,0,112.268262863159,0,206.52418255806,0,13.925849199295,0,0,0,0,0,0,0,0,0,0,0,0,0,0,0,0,0,0,0,0,0,0,0,0,0,202.256802678108,0,1924.59046363831,0,371.877094209194,0,0,0,0,0,0,0,0,2.59153938293457,0,0,0,0,0,0,0,0,0,0,0,0,862.969190239906,1404.37994557619,0,0,0
0,0,0,0,0,0,0,0,0,0,0,610.694281995296,0,0,0,1425.14449009299,0,0,0,0,0,0,0,0,0,2.12272810935974,0,94.0728336572647,0,3.98479151725769,0,0,0,0,0,0,0,0,0,0,0,0,0,0,0,0,0,0,0,0,0,0,0,0,0,0,0,24.928094625473,0,734.910734415054,0,1.11521065235138,0,0,0,0,0,0,0,0,31.5482236742973,0,0,0,0,0,0,0,0,0,0,0,478.030572354794,398.372398436069,0,0,0
0.325920104980469,0,0,0,0,0,0,0,133.504841640592,0,0,0,480.048255413771,0,0,0,169.546692281961,0,0,0,0,0,0,0,1.49032416939735,0,10.4039319753647,0,28.125247657299,0,0,0,0,0,0,0,0,0,0,0,0,0,0,0,0,0,0,0,0,0,0,0,0,0,399.076290711761,0,0,0,0,0,152.51848000288,0,0,0,0,0,0,0,0,6.41749399900436,0,0,0,0,0,0,0,0,0,0,0,0,302.873337566853,117.440021276474,0,0,0
0,11.1830059289932,0,0,0,0,0,0,0,959.364252597094,0,0,0,1425.14449009299,0,0,0,144.745982885361,0,0,0,0,0,17.5557419061661,0,8.66480502486229,0,65.8802015185356,0,0,0,0,0,0,0,0,0,0,0,0,0,0.23097637295723,0,0,0,0,0,0,0,0,0,0,0,0,0,89.6413830518723,0,0,0,423.468020409346,0,185.117396339774,0,0,0,0,0,0,2.75138461589813,0,8.49439561367035,0,0,0,0,0,0,0,0,0,0,0,581.343412324786,267.944368705153,1.34754493832588,0,0
3.37720283865929,0.392670005559921,0.138631284236908,0,0,0,0,0,170.071997076273,0,0,0,9.20548319816589,0,169.546692281961,0,0,11219.77063182,3499.92450794578,0,0,0,152.033412456512,0,40.9796011447906,0,460.770276069641,0,269.955688089132,0,0,0,0,0,0,0,0,0,0,25.5759652554989,74.9163028225303,16.7567736431956,92.905802205205,0,0,0,12.1591166332364,2.30626311153173,2.78465339541435,0,0,0,0,0,0.229897320270538,0,0,0.176178142428398,0,0,2.14385706186295,0,1.52729460597038,4.18750822544098,0,3.74595904350281,0,21.8545761108398,0,442.484742939472,0,40.1718581914902,0,0.196084722876549,0,0,0,0,101.917636334896,188.89818546921,2.93502867221832,10.150999262929,2963.96939012408,15.2985224872828,196.125429026783,1.99751497805119,6.87926724553108
2.11500728130341,0,0,0,0,0,0,0,0.266129106283188,96.6779127120972,0,0,0,0,0,144.745982885361,11219.77063182,0,3158.63367439806,0,0,1597.66083072126,0,186.919539615512,0,1240.90322142839,0,129.715647608042,0,0,0,0,0,0,0,0,0,0,0,47.4993795230985,48.7635629326105,90.2976076081395,29.6199266985059,0,0,9.84748174995184,2.51158860325813,0.264902591705322,0,0,0,0,0,0,0,19.1218096017838,0,1.52086682617664,0,0,0,29.400938898325,8.58937171846628,0.88109028339386,109.42132344842,0,11.1111993193626,0,383.338033378124,0,53.4473586678505,0,0.369167119264603,0,0,0,0,0,181.759644046426,113.685139983892,12.8528165519238,3.73954713344574,3136.59581387043,129.933356180787,215.761680707335,8.46310597658157,7.74095045030117
41.1768981665373,21.0076747611165,17.6732758432627,1.06672996282578,0,0,0,0,44.7786279842257,0.122028142213821,0,0,0,0,0,0,3499.92450794578,3158.63367439806,0,0,0,0,0,0,0,0,0,0,0,0,0,0,0,0,0,0,0,1.07984305173159,0.497786164283752,465.533215284348,632.739703208208,645.714001752436,934.546190962195,0,0,52.8237669169903,115.127589419484,6.10427094995975,6.56161544471979,16.9845574945211,0,0,0,0,2.94443111121655,0.263976454734802,0,6.21418415009975,0,0,0,0,44.8228285610676,10.7701828181744,0,0,0,0,0,0,0,0,16.6029308289289,5.49999123811722,0,0,0,0,1468.71624574065,1356.30235348642,87.7579578831792,121.925975471735,2210.78957629204,1.22930000722408,2277.61803846061,87.1990902945399,94.3496903032064
0,0,0,0,0,0,0,92.5942671895027,0,0,0,1423.4624003619,0,0,0,0,0,0,0,0,0,0,0,0,0,0,0,0,0,5.55821603536606,0,0,0,0,0,1584.55075386167,0,297.348514646292,0,5.37117560207844,0,0,0,0,0,0,0,0,0,0,0,0,0,1.98207700252533,0,0,0,914.986634895205,0,0,0,0,497.273096248507,0,0,0,0,0,0,0,0,0,10.2939342260361,0,0,0,0,0,125.296763032675,0,160.170727610588,0,350.988298431039,0,14.8425419330597,0,0
0,0,0,0,119.459456682205,0,33.2668796181679,0,0,0,1105.95684027672,0,0,0,0,0,0,0,0,0,0,0,0,0,0,0,0,0,0,0,0,0,0,0,0,0.382751256227493,680.619166105986,0,687.616037338972,0,0,0,2.53424772620201,0,0,0,0.299955546855927,0.929285883903503,0.948051691055298,2.89004683494568,8.65941724181175,0,0,0,0,0,571.268873333931,0,0,0,0,0,0,3087.24867425859,0,0,0,0,0,0,0,0,0,0,0,0,0,0,0,420.29515735805,0,201.035664141178,353.789726957679,1.97527192533016,149.47332534194,0,0
0,0,0,0,0,0,0,0,0,11.2303247153759,0,0,0,0,0,0,0,1597.66083072126,0,0,0,0,1823.42143121362,405.454426422715,0,397.769744589925,0,394.102079808712,0,0,0,0,0,0,0,0,0,2956.69754196703,0,0,0,0,0,0,0,0,0,0,0,265.269629493356,0,0,0,0,0,1.19582343101501,0,0,0,0,0,0,0,0,10395.4782683626,348.823893785477,135.881608575583,0,3197.5919931531,0,161.796261459589,0,0,0,0,0,0,0,0,0,1296.58260448277,1.04781240224838,3426.97898897529,875.834584206343,0,0,0
0,0,0,0,0,0,0,0,0,0,0,0,0,0,0,0,152.033412456512,0,0,0,0,1823.42143121362,0,0,77.0039903521538,0,37.4853982329369,0,750.626690506935,0,0,0,0,0,0,0,0,209.940726518631,832.96635235846,0,0,0,0.180250093340874,0,0,0,0,5.00847493112087,104.780321195722,0,0,0,0,0,0,0,0,0,0,0,0,0,0,0,209.967184364796,8659.38917730749,0,68.9138804376125,0,75.1214869618416,0,191.671958938241,0,0,0,0,0,0,0,0,8.09223383665085,258.295308887959,1783.27299618721,488.276321142912,0.381770595908165,0,0
0,0,0,0,0,0,0,0,0,55.3191401809454,0,0,0,0,0,17.5557419061661,0,186.919539615512,0,0,0,405.454426422715,0,0,0,218.480839595199,0,0,0,0,0,0,0,0,0,0,0,243.25661367178,0,0,0,0,0,0,0,0,0,0,0,3.89895033836365,0,0,0,0,0,5.04724022746086,0,0,0,0,0,9.88274043798447,0,0,95.209990054369,0,835.203876003623,0,3547.81337587535,0,0,0,0,0,0,0,0,0,0,0,313.358079314232,0,558.857630237937,0.677761614322662,2.09685254096985,0,0
0.184587761759758,0,0,0,0,0,0,0,26.877109348774,0,0,0,0,0,1.49032416939735,0,40.9796011447906,0,0,0,0,0,77.0039903521538,0,0,0,135.832716822624,0,0,0,0,0,0,0,0,0,0,0,1197.35005493462,0,0,0,0.658425733447075,0,0,0,0,4.01433393359184,17.8136607855558,0,0,0,0,0,94.3897646069527,0,0,0,0,0,2.06358247995377,0,0,0,0,378.02717910707,0,972.117624059319,0,536.759007826447,0,0.938208669424057,0,0,0,0,0,0,0,0,0,200.300099045038,618.702321380377,1.64560744166374,18.5724787861109,0,0
0,0,0,0,0,0,0,0,0,99.41621530056,0,0,0,2.12272810935974,0,8.66480502486229,0,1240.90322142839,0,0,0,397.769744589925,0,218.480839595199,0,0,0,160.811115384102,0,0,0,0,0,0,0,0,0,0,0,0,0,0,0,0,0,0,0,0,0,0,0,0,0,0,0,8.29909074306488,0,0,0,0,0,1.99282956123352,0,0,39.909037232399,0,32.5420890003443,0,529.125013172626,0,1.93781888484955,0,0,0,0,0,0,0,0,0,0,0,402.024688258767,42.0141747891903,0,0,0
0,0,0,0,0,0,0,0,77.3013290762901,0,0,0,112.268262863159,0,10.4039319753647,0,460.770276069641,0,0,0,0,0,37.4853982329369,0,135.832716822624,0,0,0,42.2874759435654,0,0,0,0,0,0,0,0,0,0,0,0,0,0,0,0,0,0,0,0,0,0,0,0,0,315.718560606241,0,0,0,5.30912339687347,0,7.63779181241989,0,0,0,0,220.648181170225,0,755.354516491294,0,39.8007153570652,0,93.374071598053,0,0,0,0,0,0,0,0,0,0,393.055570155382,0,0,0,0
0,0,0,0,0,0,0,0,0,0,0,468.95967400074,0,94.0728336572647,0,65.8802015185356,0,129.715647608042,0,0,0,394.102079808712,0,0,0,160.811115384102,0,0,0,664.914137035608,0,0,0,0,0,0,0,51.784487247467,0,0,0,0,0,0,0,0,0,0,0,0,0,0,0,0,0,0,0,88.2811833918095,0,26.8469606339931,0,0.776899099349976,0,0,152.535206511617,0,0,0,14.8338817358017,0,2411.83414209634,0,105.485271513462,0,0,0,0,0,0,0,108.307582944632,0,1411.72429034114,437.314723283052,0,0,0
0,0,0,0,0,0,0,0,0,0,36.0244206190109,0,206.52418255806,0,28.125247657299,0,269.955688089132,0,0,0,0,0,750.626690506935,0,0,0,42.2874759435654,0,0,0,492.178383737803,0,0,0,0,0,0,0,150.913784846663,0,0,0,0,0,0,0,0,0,0,0,0,0,0,0,0,0,2.07632902264595,0,819.018118053675,0,0,0,0,0,0,383.094490289688,0,0,0,47.8195351362228,0,3057.31280706823,0,12.4413802176714,0,0,0,0,0,0,0,97.4623847901821,811.101823121309,62.0538516044617,0,0,0
0,0,0,0,0,0,0,0,0,0,0,150.39390578866,0,3.98479151725769,0,0,0,0,0,5.55821603536606,0,0,0,0,0,0,0,664.914137035608,0,0,0,0,0,0,0,0,0,251.66222704947,0,0,0,0,0,0,0,0,0,0,0,0,0,0,0,0,0,0,0,31.5972317308187,0,0,0,0,0,0,0,0,0,0,0,0,1639.11840703338,0,227.776031270623,0,0,0,0,0,0,0,134.832424774766,0,81.9208076670766,0,0,0,0
0,0,0,0,0,0,0,0,0,0,226.752529203892,0,13.925849199295,0,0,0,0,0,0,0,0,0,0,0,0,0,0,0,492.178383737803,0,0,0,0,0,0,0,0,0,285.524042278528,0,0,0,0,0,0,0,0,0,0,0,0,0,0,0,0,0,138.368168726563,0,1.40557527542114,0,0,0,0,0,0,0,0,0,0,0,0,682.013438791037,0,516.064962118864,0,0,0,0,0,0,0,174.194584876299,58.3105141222477,0,0,0,0
0,0,0,0,0,0,0,0,0,0,0,0,0,0,0,0,0,0,0,0,0,0,0,0,0,0,0,0,0,0,0,0,1377.33661079407,74.704574495554,57.8776701688766,284.73878864944,371.169135138392,0,0,0,0,0,0,0,0,0,0,398.623576685786,0,0,0,0,0,0,0,0,0,0,0,0,0,0,0,0,0,0,0,0,0,0,0,0,0,0,1333.2330045104,266.898038521409,52.8981152549386,20.3332988843322,1285.25901971757,354.393709763885,0.176572427153587,0,187.993904575706,2.83048602938652,0,0,0
0,0,0,0,0,0,0,0,0,0,0,0,0,0,0,0,0,0,0,0,0,0,0,0,0,0,0,0,0,0,0,1377.33661079407,0,29.7349724024534,72.9396757632494,149.567086905241,1155.2898876816,0,0,1.04228195548058,0,0,0,0,0,0,0,2250.01687675714,7.66141498088837,104.734545424581,0,0,0,0,0,0,0,0,0,0,0,0,0,0,0,0,0,0,0,0,0,0,0,0,4664.87261508405,1488.00209791958,13.4433790892363,94.1185903549194,727.04752805829,235.399058781564,0,0,164.351345121861,0.543887376785278,0.300386667251587,0,0
0,0,0,0,0,0,0,0,0,0,0,0,0,0,0,0,0,0,0,0,0,0,0,0,0,0,0,0,0,0,0,74.704574495554,29.7349724024534,0,2108.10207627714,671.764823138714,1.10374961793423,87.4794987738132,80.7346093207598,0,0,0,0,0,0,0,0,806.192509353161,0,0,0,0,0,0,0,0,0,0,0,0,0,0,0,0,0,0,0,0,0,0,0,0,0,0,115.239804074168,0.262313842773438,1065.75146076083,1245.52262634039,423.66719096154,0.243102848529816,292.520338594913,0,81.2875608056784,6.24507060647011,0,0,0
0,0,0,0,0,0,0,0,0,0,0,0,0,0,0,0,0,0,0,0,0,0,0,0,0,0,0,0,0,0,0,57.8776701688766,72.9396757632494,2108.10207627714,0,156.281380861998,692.449479818344,180.09247776866,112.347375929356,0,0,0,0,0,0,0,0,1015.17539510131,3.65138390660286,0,0,0,0,0,0,0,0,0,0,0,0,0,0,0,0,0,0,0,0,0,0,0,0,0,99.6168661564589,45.5437571704388,3139.64952835441,940.21522782743,6.42097090184689,234.797693610191,190.666810326278,1.89802876114845,549.360238686204,105.92948359251,0,0,0
0,0,0,0,0,0,0,0,0,0,0,107.457196772099,0,0,0,0,0,0,0,1584.55075386167,0.382751256227493,0,0,0,0,0,0,0,0,0,0,284.73878864944,149.567086905241,671.764823138714,156.281380861998,0,3912.26109465957,3866.64311310649,108.580407932401,52.5900937095284,0,7.18066875636578,0,0,0,3.18816018104553,0,2.39829051494598,3.28743110597134,21.0763958543539,0,0,0,0,0,0,0,165.61533254385,0,0,0,0,1527.37876094133,0,0,0,0,0,0,0,0,0,0,0,1643.46824447811,79.8173158168793,751.822551831603,0,19936.5182746127,1918.86694201827,2421.59770648926,6.90849226713181,2654.51736672968,697.922913387418,273.09789134562,0,0
0,0,0.66619086265564,0,0,0,0,0,0,0,72.2780424952507,0,0,0,0,0,0,0,0,0,680.619166105986,0,0,0,0,0,0,0,0,0,0,371.169135138392,1155.2898876816,1.10374961793423,692.449479818344,3912.26109465957,0,17.6072452068329,4997.18770995736,0,12.7248331159353,0,0.911529362201691,0,0,0,0.695738032460213,372.705522865057,121.771857053041,12.2714771404862,0,0,0,0,0,0,109.281330943108,0,0,0,0,0,0,2369.11445364356,0,0,0,0,0,0,0,0,0,0,470.988062143326,1051.37027743459,53.9572129845619,1932.85109867156,5037.22611472011,23581.2667001635,0.30921471118927,1492.91224820912,2556.9956908375,112.162888243794,123.673207506537,0,0
0,11.388582482934,0.549219578504562,0.751881554722786,0,0,0,0,0,12.3403993993998,0,1782.32253018022,0,0,0,0,0,0,1.07984305173159,297.348514646292,0,2956.69754196703,209.940726518631,243.25661367178,0,0,0,51.784487247467,0,251.66222704947,0,0,0,87.4794987738132,180.09247776866,3866.64311310649,17.6072452068329,0,1319.98463359475,0.576673269271851,0,11.1303642392159,0,0,0,0,0,781.8318900913,0.534952282905579,101.878948509693,0,0,0,0,0,23.9802177995443,0,1047.34802235663,0,0,0,0,29.9622156918049,0,2655.58059369028,74.2625488638878,331.733019337058,0.210550606250763,0,0,13.9533746540546,0,282.963020406663,0,0,0,244.501902274787,3.4559969753027,1035.99490456283,30.9610299766064,13086.2547509372,329.924295172095,2707.21427070349,426.401764169335,193.18280979991,0,0
18.3418050184846,0,5.76159415394068,0,0,0,0,0,46.7437668144703,0,1608.5068833828,0,0,0,0,0,0,0,0.497786164283752,0,687.616037338972,0,832.96635235846,0,1197.35005493462,0,0,0,150.913784846663,0,285.524042278528,0,0,80.7346093207598,112.347375929356,108.580407932401,4997.18770995736,1319.98463359475,0,0.165027558803558,0,0,19.3343306332827,0,0,0,1.16682052612305,638.68470929563,207.555388383567,0,0,0,0,0,57.5465801805258,0,1673.13993869722,0,0.381050229072571,0,0,0,0,553.101718872786,0,638.260930880904,0,1142.60316519439,0,0,0,225.407459050417,0,805.79829198122,0,0,36.3562127053738,12.5029398202896,18.758545525372,2706.30350977182,1941.17681151628,16053.1053664386,1863.11194149405,275.689781859517,53.7234310433269,0,0
0,4.07292076945305,0,2.22503936290741,0,0.409795522689819,0,0,0,0,0,0,0,0,0,0,25.5759652554989,47.4993795230985,465.533215284348,5.37117560207844,0,0,0,0,0,0,0,0,0,0,0,0,1.04228195548058,0,0,52.5900937095284,0,0.576673269271851,0.165027558803558,0,5.79217756539583,539.324124015868,16.4141029343009,0,0,272.480299293995,0,9.25183357298374,3.04198604822159,304.115983322263,0,0,0,0,0,0,0,4.79251224547625,0,0.935908704996109,0,0,544.725756585598,0,0,0,0,0,0,0,0,0,22.4920145124197,0,0,0.624337121844292,0,0,663.382071569562,12.0912519618869,36.4417168647051,0,170.885376758873,0.70202499628067,1302.41553153098,19.4244776964188,2.37966959178448
5.73090627044439,0.505521699786186,9.72825227677822,0,0.631762728095055,0,0,0,8.08231388777494,0,0,0,0,0,0,0,74.9163028225303,48.7635629326105,632.739703208208,0,0,0,0,0,0,0,0,0,0,0,0,0,0,0,0,0,12.7248331159353,0,0,5.79217756539583,0,4.25193910300732,745.496482282877,0,0,8.96204710006714,89.9066358953714,75.7805003672838,138.421544641256,0.126794502139091,0.524952948093414,0,0,0,8.70733937621117,0,0,0.304663926362991,2.05000276863575,0,0,0,0.118268944323063,418.00791554898,0,0,0,0,0,0,0,0,0,1.30080187320709,0,15.1300373971462,0,0,17.7023086324334,1229.88182280213,1.18160092830658,11.2711866497993,223.334025688469,3.47058917582035,1390.79368207604,0,50.9050673693419
0.370235174894333,157.472771927714,0,101.375426545739,0,3.11687597632408,0,0,0.152605772018433,16.8551944047213,0,0,0,0,0,0.23097637295723,16.7567736431956,90.2976076081395,645.714001752436,0,0,0,0,0,0,0,0,0,0,0,0,0,0,0,0,7.18066875636578,0,11.1303642392159,0,539.324124015868,4.25193910300732,0,161.453273303807,0,0,143.852687329054,0.378178104758263,148.240382216871,2.85885266214609,801.900602608919,0.121948838233948,0,0,0,0,26.5925935059786,0.185240268707275,600.750267654657,0,10.1661036163568,0,11.8292040526867,296.503961287439,0.135483756661415,0,0,4.81680941581726,0.14349402487278,0,0,10.6788451820612,0,693.363577708602,0,0,0,0,0,1733.10435162485,16.1787595972419,103.906263060868,0.907675832509995,1398.48621679842,11.7146445065737,4249.03864616901,583.302362516522,3.08790883421898
71.4986270293593,0,105.180366635323,0,2.28247740864754,0,0,0,84.1798469722271,0,0,0,0,0,0,0,92.905802205205,29.6199266985059,934.546190962195,0,2.53424772620201,0,0.180250093340874,0,0.658425733447075,0,0,0,0,0,0,0,0,0,0,0,0.911529362201691,0,19.3343306332827,16.4141029343009,745.496482282877,161.453273303807,0,0,0,23.9786401093006,31.5686646327376,240.240889973938,618.671358443797,5.71245211362839,3.56396007537842,0,0,0,39.336324095726,0,66.3514533042908,0,22.7872983515263,0,1.8376726359129,0,1.39227079600096,70.526701875031,0,0,0,0.343705028295517,0,0,0,0,0.110721774399281,126.741013303399,0,0,0,0,7.30126383900642,1557.72186277062,0,54.1624842584133,1237.28658904135,23.9864379316568,4231.67664278299,1.27555490285158,297.152526348829
0,0,0,0,0,0,0,0,0,0,0,0,0,0,0,0,0,0,0,0,0,0,0,0,0,0,0,0,0,0,0,0,0,0,0,0,0,0,0,0,0,0,0,0,0,0,0,0.40481561422348,0,0,0,0,0,0,0,0,0,0,0,0,0,0,0.425531625747681,0,0,0,0,0,0,0,0,0,0,0,0,0,0,0,0.172038361430168,0,0,0,2.79203295707703,0,0,0,0
0,0,0,0,0,0,0,0,0,0,0,0,0,0,0,0,0,0,0,0,0,0,0,0,0,0,0,0,0,0,0,0,0,0,0,0,0,0,0,0,0,0,0,0,0,0,0,0,0,0,0,0,0,0,0,0,0,0,0,0,0,0,0,0,0,0,0,0,0,0,0,0,0,0,0,0,0,0,0,0,0,0,0,0,0,0,0
0,1.20640340447426,0,2.9115938320756,0,0,0,0,0,0,0,0,0,0,0,0,0,9.84748174995184,52.8237669169903,0,0,0,0,0,0,0,0,0,0,0,0,0,0,0,0,3.18816018104553,0,0,0,272.480299293995,8.96204710006714,143.852687329054,23.9786401093006,0,0,0,5.25370931625366,0.360636711120605,3.27008390426636,28.8038453906775,0,0,0,0,0,0,0,4.96754006296396,0,0,0,0,378.243239946663,0,0,0,0,0,0,0,0,0,0,0,0,0,0,0,467.780483558774,14.0020944476128,148.833617016673,0,25.222950860858,0,416.825308866799,0,0
1.22436429560184,1.6399827003479,2.57822163403034,0,0.39179190993309,0,0,0,5.32842124998569,0,0,0,0,0,0,0,12.1591166332364,2.51158860325813,115.127589419484,0,0.299955546855927,0,0,0,0,0,0,0,0,0,0,0,0,0,0,0,0.695738032460213,0,1.16682052612305,0,89.9066358953714,0.378178104758263,31.5686646327376,0,0,5.25370931625366,0,0.245338968932629,2.71994709968567,0.880853697657585,0,0,0,0,3.81033284217119,0,0,0,0.157430872321129,0,0,0,0,958.282457906753,0,0,0,0,0,0,0,0,0,0,0,0,0,0,4.46580934524536,504.291582390666,0,19.5558771938086,43.5011852756143,0,374.151028491557,0,0
5.38142418861389,0,0.301033407449722,0,0.259756147861481,0,0,0,0.644985020160675,0,0,0,0,0,0,0,2.30626311153173,0.264902591705322,6.10427094995975,0,0.929285883903503,0,5.00847493112087,0,4.01433393359184,0,0,0,0,0,0,398.623576685786,2250.01687675714,806.192509353161,1015.17539510131,2.39829051494598,372.705522865057,781.8318900913,638.68470929563,9.25183357298374,75.7805003672838,148.240382216871,240.240889973938,0.40481561422348,0,0.360636711120605,0.245338968932629,0,670.084087818861,1226.04725860059,0,0,0,0,0.241905957460403,0.389870494604111,0,0,0,0,0,0,1.28123618662357,0.12721960246563,0,2.94467771053314,0,28.1160518527031,0,0,0,0,0,0,1053.35684998333,1621.44649375975,605.465920552611,75.8437450826168,1926.64645192027,405.560535386205,29.2858844101429,56.2639691829681,1564.7014746666,79.902663692832,860.970877692103,0.908170700073242,9.23851536214352
137.55389238894,0,64.641719430685,0,1.90730690956116,0,0,0,70.4922150224447,0,0,0,0,0,0,0,2.78465339541435,0,6.56161544471979,0,0.948051691055298,0,104.780321195722,0,17.8136607855558,0,0,0,0,0,0,0,7.66141498088837,0,3.65138390660286,3.28743110597134,121.771857053041,0.534952282905579,207.555388383567,3.04198604822159,138.421544641256,2.85885266214609,618.671358443797,0,0,3.27008390426636,2.71994709968567,670.084087818861,0,130.495402485132,19.4099564552307,0,0,0,101.420441836119,0,62.628878891468,0,41.8505555987358,0,33.2986487150192,0,0,0.91317991912365,0,141.594867631793,0,118.283613994718,0,61.983582213521,0,278.067482441664,0.264850467443466,24.5228912234306,0,40.0150921046734,0,0,1.88221049308777,303.218175634742,0,183.825774088502,246.59560482949,1.57194288820028,1072.36321554333,0.837877690792084,2.42066004127264
0,86.8078775256872,0,224.427696436644,0,5.01144123077393,0,0,0,68.0130444318056,0,0,0,0,0,0,0,0,16.9845574945211,0,2.89004683494568,265.269629493356,0,3.89895033836365,0,0,0,0,0,0,0,0,104.734545424581,0,0,21.0763958543539,12.2714771404862,101.878948509693,0,304.115983322263,0.126794502139091,801.900602608919,5.71245211362839,0,0,28.8038453906775,0.880853697657585,1226.04725860059,130.495402485132,0,0,0,0,0,0,75.6121983081102,0,62.4538372159004,0,18.0671973526478,0,18.5207359194756,16.8811462000012,0.146441951394081,311.888645902276,0,324.930947676301,0.574421048164368,4.67634063959122,0,25.314642816782,0,117.988662950695,0,6.79696136713028,96.2370083034039,0,0,351.116894118488,0.711173325777054,454.361297056079,0,322.559022054076,3.19706705212593,1457.57020504028,0.902416303753853,0
1.22802224755287,0,78.1713385283947,0,46.7916410267353,0,0,0,4.1443252786994,0,0,0,0,0,0,0,0,0,0,0,8.65941724181175,0,0,0,0,0,0,0,0,0,0,0,0,0,0,0,0,0,0,0,0.524952948093414,0.121948838233948,3.56396007537842,0,0,0,0,0,19.4099564552307,0,0,0,0,0,6.73146266490221,0,167.537409976125,0,3.1899505853653,0,6.94356513023376,0,0,47.3705665841699,0,0,0,0,0,0,0,0,0,0,0,0,0,0,0,6.12729930877686,0,0.154043421149254,10.7705913186073,0,236.847635984421,0,0.45244973897934
0,0,0,1.57859009504318,0,23.8198159337044,0,0,0,0,0,1.89098960161209,0,0,0,0,0,0,0,0,0,0,0,0,0,0,0,0,0,0,0,0,0,0,0,0,0,0,0,0,0,0,0,0,0,0,0,0,0,0,0,0,0,0,0,0,0,229.03486764431,0,0,0,0,0,0,0,0,0,0,0,0,0,0,0,0,0,0,0,0,0,0,0,0,0,0,24.6165652871132,0,0
0,0,0,0,0,0,0,0,0,0,0,0,0,0,0,0,0,0,0,0,0,0,0,0,0,0,0,0,0,0,0,0,0,0,0,0,0,0,0,0,0,0,0,0,0,0,0,0,0,0,0,0,0,0,0,0,113.905038312078,0,0,0,0,0,0,29.2881400883198,0,0,0,0,0,0,0,0,0,0,0,0,0,0,0,0,0,0,0,0,0,0,0
0,0,0,0,0,0,0,15.0184721946716,0,0,0,5.36375737190247,0,0,0,0,0,0,0,1.98207700252533,0,0,0,0,0,0,0,0,0,0,0,0,0,0,0,0,0,0,0,0,0,0,0,0,0,0,0,0,0,0,0,0,0,0,0,0,0,175.671490684152,0,22.004494458437,0,0,0,0,0,0,0,0,0,0,0,0,0,0,0,0,0,0,0,0,0,0,26.0307869911194,0,0,0,0
368.659116834402,0,84.931358538568,0,0,0,0,0,481.787288784981,0,0,0,0,0,399.076290711761,0,0.229897320270538,0,2.94443111121655,0,0,0,0,0,94.3897646069527,0,315.718560606241,0,0,0,0,0,0,0,0,0,0,0,57.5465801805258,0,8.70733937621117,0,39.336324095726,0,0,0,3.81033284217119,0.241905957460403,101.420441836119,0,6.73146266490221,0,0,0,0,0,0.51007941365242,0,0,0,237.957754194736,0,0,1.15621369332075,0,0,0,385.238999903202,0,31.9870144426823,0,0,0,0.952235341072083,0,0,0,0,0,64.5116489082575,0,67.4250958859921,27.3878796771169,4.32159052789211,291.928527005017,0,0
0,126.719607561827,0,7.3042539358139,0,0,0,0,0,455.635866731405,0,0,0,0,0,89.6413830518723,0,19.1218096017838,0.263976454734802,0,0,1.19582343101501,0,5.04724022746086,0,8.29909074306488,0,0,0,0,0,0,0,0,0,0,0,23.9802177995443,0,0,0,26.5925935059786,0,0,0,0,0,0.389870494604111,0,75.6121983081102,0,0,0,0,0,0,0,0,0,5.95873177051544,0,1144.89323401451,0,0,0,0,94.8912781178951,0,27.2927248477936,0,0,0,2.17405134439468,0,0,0,0,0,0,0,123.701741650701,0,184.27311180532,5.90463781356812,276.972936332226,0,0
1.7007846981287,0,13.105190217495,0,20.0722420215607,0,232.714311957359,0,0.25566104054451,0,2401.68752998114,0,202.256802678108,0,0,0,0,0,0,0,571.268873333931,0,0,0,0,0,0,0,2.07632902264595,0,138.368168726563,0,0,0,0,0,109.281330943108,0,1673.13993869722,0,0,0.185240268707275,66.3514533042908,0,0,0,0,0,62.628878891468,0,167.537409976125,0,113.905038312078,0,0.51007941365242,0,0,0,99.6880070865154,0,0,0,0,344.527987748384,0,0,0,0,0,0.509345591068268,0,0,0,75.8608402311802,0,0,0,0,0,54.9481226801872,0,360.47183611989,640.19389732182,23.2679387927055,121.917510002851,0,0.13966029882431
0,16.0736414790154,0,173.044662550092,0,125.520975083113,0,39.0644279569387,0,0.35623961687088,0,1592.93110027909,0,24.928094625473,0,0,0.176178142428398,1.52086682617664,6.21418415009975,914.986634895205,0,0,0,0,0,0,0,88.2811833918095,0,31.5972317308187,0,0,0,0,0,165.61533254385,0,1047.34802235663,0,4.79251224547625,0.304663926362991,600.750267654657,0,0,0,4.96754006296396,0,0,0,62.4538372159004,0,229.03486764431,0,175.671490684152,0,0,0,0,0,120.658181756735,0,12.2306434810162,475.673889368773,0,0,0,0,0,0,0,91.7427666783333,0,1159.67336161435,0,0,0,0,0,6.99082618951797,0.959797233343124,367.637759417295,0,811.870005078614,43.2096863985062,783.191991902888,5.16721780598164,0
0,0,117.405723124743,0,0,0,16.8203696012497,0,0,0,2452.76115505397,0,1924.59046363831,0,0,0,0,0,0,0,0,0,0,0,0,0,5.30912339687347,0,819.018118053675,0,1.40557527542114,0,0,0,0,0,0,0,0.381050229072571,0,2.05000276863575,0,22.7872983515263,0,0,0,0.157430872321129,0,41.8505555987358,0,3.1899505853653,0,0,0,0,0,99.6880070865154,0,0,0,21.3067439198494,0,0,0,0,0,0,0,0,0,0,0,0,0,0,0,0,0,0,2.96259519457817,0,0,490.773620769382,133.542385101318,56.0350007116795,0,0
0,5.35190105438232,0,100.279155433178,0,0,0,2.10080932080746,0,1.33814859390259,0,1630.47891810536,0,734.910734415054,0,423.468020409346,0,0,0,0,0,0,0,0,0,0,0,26.8469606339931,0,0,0,0,0,0,0,0,0,0,0,0.935908704996109,0,10.1661036163568,0,0,0,0,0,0,0,18.0671973526478,0,0,0,22.004494458437,0,5.95873177051544,0,120.658181756735,0,0,0,7.14279349148273,1.29891383647919,0,0,0,0,0,28.8447397053242,0,86.3349765986204,0,46.1239608079195,0,0,0,0,0,1.33334000408649,0,3.34754000604153,0,1129.43548703194,207.930812865496,63.5767285823822,0,0
99.7844275832176,0,4.78424155712128,0,0,0,0,0,30.5230848491192,0,0,0,371.877094209194,0,152.51848000288,0,2.14385706186295,0,0,0,0,0,0,0,2.06358247995377,0,7.63779181241989,0,0,0,0,0,0,0,0,0,0,0,0,0,0,0,1.8376726359129,0,0,0,0,0,33.2986487150192,0,6.94356513023376,0,0,0,237.957754194736,0,0,0,21.3067439198494,0,0,0,0,0,0,0,0,1.34234073758125,0,2.90319001674652,0,0,0,0,0,0,0,0,0,0.226438492536545,0,0,47.643550992012,4.48298823833466,1.90495735406876,0,0
0,28.4151637554169,0,4.54560214281082,0,0,0,0,0,1452.46734325588,0,0,0,1.11521065235138,0,185.117396339774,0,29.400938898325,0,0,0,0,0,9.88274043798447,0,1.99282956123352,0,0.776899099349976,0,0,0,0,0,0,0,0,0,0,0,0,0,11.8292040526867,0,0,0,0,0,0,0,18.5207359194756,0,0,0,0,0,1144.89323401451,0,12.2306434810162,0,7.14279349148273,0,0,0,0,0,0,58.3074818104506,0,0,0,0.685243144631386,0,11.7730911523104,0,0,0,0,0,0,0,0.568276435136795,0,76.0615613460541,2.31923919916153,55.6742239743471,0,0
0,0,0,9.64852517098188,0,0,0,78.5921897888184,0,0,0,200.167442500591,0,0,0,0,1.52729460597038,8.58937171846628,44.8228285610676,497.273096248507,0,0,0,0,0,0,0,0,0,0,0,0,0,0,0,1527.37876094133,0,29.9622156918049,0,544.725756585598,0.118268944323063,296.503961287439,1.39227079600096,0.425531625747681,0,378.243239946663,0,1.28123618662357,0,16.8811462000012,0,0,0,0,0,0,0,475.673889368773,0,1.29891383647919,0,0,0,0,0,0,0,0,0,0,0.652187168598175,0,176.575125314295,0,0,0,0,0,1214.61970242113,2.10826050490141,460.657122597098,0,610.870341718197,0,994.043099857867,1.06074500083923,0
0.534661933779716,0,0.257339954376221,0,83.490439966321,0,19.0027049183846,0,0.413771279156208,0,1613.71923963726,0,0,0,0,0,4.18750822544098,0.88109028339386,10.7701828181744,0,3087.24867425859,0,0,0,0,0,0,0,0,0,0,0,0,0,0,0,2369.11445364356,0,553.101718872786,0,418.00791554898,0.135483756661415,70.526701875031,0,0,0,958.282457906753,0.12721960246563,0.91317991912365,0.146441951394081,47.3705665841699,0,29.2881400883198,0,1.15621369332075,0,344.527987748384,0,0,0,0,0,0,0,0,0,0,0,0,0,0,0,0,1.92164874076843,0,0,0,0,0,1570.61567561328,0,69.0276429504156,370.652473911643,0.173518180847168,751.256055958569,0,0.201231360435486
0,0,0,0,0,0,0,0,0,0,0,0,0,0,0,0,0,109.42132344842,0,0,0,10395.4782683626,209.967184364796,95.209990054369,0,39.909037232399,0,152.535206511617,0,0,0,0,0,0,0,0,0,2655.58059369028,0,0,0,0,0,0,0,0,0,0,0,311.888645902276,0,0,0,0,0,0,0,0,0,0,0,0,0,0,0,23.5611847341061,68.6411813795567,0,79.9108154177666,0,554.106969937682,0,0,0,0,0,0,0,0,0,632.113085731864,0,1839.9050411582,1430.78771725297,0,0,0
0,0,0,0,0,0,0,0,0,0,0,0,0,0,0,0,3.74595904350281,0,0,0,0,348.823893785477,8659.38917730749,0,378.02717910707,0,220.648181170225,0,383.094490289688,0,0,0,0,0,0,0,0,74.2625488638878,638.260930880904,0,0,0,0,0,0,0,0,2.94467771053314,141.594867631793,0,0,0,0,0,0,0,0,0,0,0,0,0,0,0,23.5611847341061,0,0,225.243631839752,0,312.112571597099,0,75.2856703102589,0,0.26105397939682,0,0,0,0,0,0,2.05960536003113,654.562751337886,1166.20807316899,80.8959800601006,0.183249771595001,0,0
0,15.6898614168167,0,0,0,0,0,0,0,9.62526439130306,0,0,0,0,0,0,0,11.1111993193626,0,0,0,135.881608575583,0,835.203876003623,0,32.5420890003443,0,0,0,0,0,0,0,0,0,0,0,331.733019337058,0,0,0,4.81680941581726,0,0,0,0,0,0,0,324.930947676301,0,0,0,0,0,94.8912781178951,0,0,0,0,0,58.3074818104506,0,0,68.6411813795567,0,0,0,90.6815715432167,0,9.05679085850716,0,0,0,0,0,0,0,0,0,522.482790872455,0,253.031503975391,0,338.45389033854,0,0
0,0,0,0,0,0,0,0,7.09386363625526,0,0,0,0,0,0,0,21.8545761108398,0,0,0,0,0,68.9138804376125,0,972.117624059319,0,755.354516491294,0,0,0,0,0,0,0,0,0,0,0.210550606250763,1142.60316519439,0,0,0.14349402487278,0.343705028295517,0,0,0,0,28.1160518527031,118.283613994718,0.574421048164368,0,0,0,0,385.238999903202,0,0,0,0,0,1.34234073758125,0,0,0,0,225.243631839752,0,0,0,527.005756646395,0,9.61229202151299,0,0,0,0,0,0,0,0,0,777.79624375701,249.151770398021,5.15630213916302,154.671990960836,0,0
0,0,0,0,0,0,0,0,0,265.468801885843,0,0,0,0,0,2.75138461589813,0,383.338033378124,0,0,0,3197.5919931531,0,3547.81337587535,0,529.125013172626,0,14.8338817358017,0,0,0,0,0,0,0,0,0,0,0,0,0,0,0,0,0,0,0,0,0,4.67634063959122,0,0,0,0,0,27.2927248477936,0,0,0,28.8447397053242,0,0,0,0,79.9108154177666,0,90.6815715432167,0,0,0,678.947476953268,0,0,0,0,0,0,0,0,0,0,0,98.0833529978991,0,0,0,0
0,0,0,0,0,0,0,0,2.86989936232567,0,0,0,2.59153938293457,0,6.41749399900436,0,442.484742939472,0,0,0,0,0,75.1214869618416,0,536.759007826447,0,39.8007153570652,0,47.8195351362228,0,0,0,0,0,0,0,0,0,0,0,0,0,0,0,0,0,0,0,61.983582213521,0,0,0,0,0,31.9870144426823,0,0.509345591068268,0,0,0,2.90319001674652,0,0,0,0,312.112571597099,0,527.005756646395,0,0,0,133.341780334711,0,0,0,0,0,0,0,0,0,0,430.397737234831,5.7428765296936,0,0,0
0,0,0,0.121061913669109,0,0,0,0,0,0,0,62.5772102624178,0,31.5482236742973,0,8.49439561367035,0,53.4473586678505,0,0,0,161.796261459589,0,0,0,1.93781888484955,0,2411.83414209634,0,1639.11840703338,0,0,0,0,0,0,0,13.9533746540546,0,0,0,10.6788451820612,0,0,0,0,0,0,0,25.314642816782,0,0,0,0,0,0,0,91.7427666783333,0,86.3349765986204,0,0.685243144631386,0.652187168598175,0,554.106969937682,0,9.05679085850716,0,678.947476953268,0,0,0,290.469720616937,0,0,0,0,0,0,0,526.83547142148,0,1223.62357406318,238.756851911545,15.822782382369,0,0
0,0,0,0,0,0,0,0,0,0,0,0,0,0,0,0,40.1718581914902,0,0,0,0,0,191.671958938241,0,0.938208669424057,0,93.374071598053,0,3057.31280706823,0,682.013438791037,0,0,0,0,0,0,0,225.407459050417,0,0,0,0,0,0,0,0,0,278.067482441664,0,0,0,0,0,0,0,0,0,0,0,0,0,0,0,0,75.2856703102589,0,9.61229202151299,0,133.341780334711,0,0,0,17.3583725094795,0,0,0,0,0,0,0,366.046094447374,581.931564927101,198.235475063324,1.12038892507553,0,0
0,0.609727084636688,0,14.3222113028169,0,2.3737918138504,0,0,0,2.71404057741165,0,85.8480975776911,0,0,0,0,0,0.369167119264603,16.6029308289289,10.2939342260361,0,0,0,0,0,0,0,105.485271513462,0,227.776031270623,0,0,0,0,0,0,0,282.963020406663,0,22.4920145124197,0,693.363577708602,0.110721774399281,0,0,0,0,0,0.264850467443466,117.988662950695,0,0,0,0,0,2.17405134439468,0,1159.67336161435,0,46.1239608079195,0,11.7730911523104,176.575125314295,0,0,0,0,0,0,0,290.469720616937,0,0,0,0,0,0,0,4.49597755074501,0.0950952246785164,349.622645534575,1.36687397956848,285.170008450747,18.8179288804531,1071.46736428887,5.01378536224365,0
0,0,1.82406628131866,0,0,0,0,0,0.176469326019287,0,74.0302130579948,0,0,0,0,0,0.196084722876549,0,5.49999123811722,0,0,0,0,0,0,0,0,0,12.4413802176714,0,516.064962118864,0,0,0,0,0,0,0,805.79829198122,0,1.30080187320709,0,126.741013303399,0,0,0,0,0,24.5228912234306,0,0,0,0,0,0.952235341072083,0,75.8608402311802,0,0,0,0,0,0,1.92164874076843,0,0.26105397939682,0,0,0,0,0,17.3583725094795,0,0,0,0,0,0,0,0,0,316.515465244651,46.0989194214344,0,177.028466671705,0,1.38280415534973
0,0,0,0,0,0,0,0,0,0,0,0,0,0,0,0,0,0,0,0,0,0,0,0,0,0,0,0,0,0,0,1333.2330045104,4664.87261508405,115.239804074168,99.6168661564589,1643.46824447811,470.988062143326,0,0,0,0,0,0,0,0,0,0,1053.35684998333,0,6.79696136713028,0,0,0,0,0,0,0,0,0,0,0,0,0,0,0,0,0,0,0,0,0,0,0,0,0,574.220190644264,704.061396405101,15.9553264379501,2340.92746142298,125.829036176205,1.46690223366022,0,156.467936366796,0.532341241836548,0,0,0
0,0,0,0,0,0,0,0,0,0,0,0,0,0,0,0,0,0,0,0,0,0,0,0,0,0,0,0,0,0,0,266.898038521409,1488.00209791958,0.262313842773438,45.5437571704388,79.8173158168793,1051.37027743459,0,0,0.624337121844292,15.1300373971462,0,0,0,0,0,0,1621.44649375975,40.0150921046734,96.2370083034039,0,0,0,0,0,0,0,0,0,0,0,0,0,0,0,0,0,0,0,0,0,0,0,0,574.220190644264,0,0,537.470641605556,137.785505652428,410.452125489712,0,0,138.17330019176,0,0,0,0
0,0,0,0,0,0,0,0,0,0,0,0,0,0,0,0,0,0,0,0,0,0,0,0,0,0,0,0,0,0,0,52.8981152549386,13.4433790892363,1065.75146076083,3139.64952835441,751.822551831603,53.9572129845619,244.501902274787,36.3562127053738,0,0,0,0,0,0,0,0,605.465920552611,0,0,0,0,0,0,0,0,0,0,0,0,0,0,0,0,0,0,0,0,0,0,0,0,0,0,704.061396405101,0,0,260.967339426279,890.342739671469,6.12943778932095,442.312559016049,0,249.630852438509,1.6605709195137,0,0,0
0,0,0,0,0,0,0,0,0,0,0,0,0,0,0,0,0,0,0,0,0,0,0,0,0,0,0,0,0,0,0,20.3332988843322,94.1185903549194,1245.52262634039,940.21522782743,0,1932.85109867156,3.4559969753027,12.5029398202896,0,0,0,0,0,0,0,0,75.8437450826168,0,0,0,0,0,0,0,0,0,0,0,0,0,0,0,0,0,0,0,0,0,0,0,0,0,0,15.9553264379501,537.470641605556,260.967339426279,0,0,795.533795759082,6.20666950941086,28.7263162881136,791.036397591233,89.8979913890362,0,0,0
0,13.7214307561517,0,72.8302648812532,0,0,0,0,0,0,0,0,0,0,0,0,101.917636334896,181.759644046426,1468.71624574065,125.296763032675,0,0,0,0,0,0,0,0,0,0,0,1285.25901971757,727.04752805829,423.66719096154,6.42097090184689,19936.5182746127,5037.22611472011,1035.99490456283,18.758545525372,663.382071569562,17.7023086324334,1733.10435162485,7.30126383900642,0.172038361430168,0,467.780483558774,4.46580934524536,1926.64645192027,1.88221049308777,351.116894118488,0,0,0,0,0,0,0,6.99082618951797,0,1.33334000408649,0,0,1214.61970242113,0,0,0,0,0,0,0,0,0,4.49597755074501,0,2340.92746142298,137.785505652428,890.342739671469,0,0,1460.65754321218,2332.65350686759,5.87415215373039,8781.76273742318,1403.61653831601,1514.81500826031,29.8083175420761,9.66186213493347
28.1510402113199,0.126090675592422,60.9730196744204,0,7.43063192814589,0,0,0,38.8570502623916,0,28.176174223423,0,0,0,0,0,188.89818546921,113.685139983892,1356.30235348642,0,420.29515735805,0,0,0,0,0,0,0,0,0,0,354.393709763885,235.399058781564,0.243102848529816,234.797693610191,1918.86694201827,23581.2667001635,30.9610299766064,2706.30350977182,12.0912519618869,1229.88182280213,16.1787595972419,1557.72186277062,0,0,14.0020944476128,504.291582390666,405.560535386205,303.218175634742,0.711173325777054,6.12729930877686,0,0,0,64.5116489082575,0,54.9481226801872,0.959797233343124,2.96259519457817,0,0.226438492536545,0,2.10826050490141,1570.61567561328,0,0,0,0,0,0,0,0,0.0950952246785164,0,125.829036176205,410.452125489712,6.12943778932095,795.533795759082,1460.65754321218,0,1.0275085195899,1544.61047121137,6870.13672399521,656.007872052491,1666.78250528127,0.178198233246803,22.0743903666735
