0,0,0.0313613247536563,0.000153134369429387,0,0,0,0,0.0259312234717705,0,0,0,0,0,0.00468919643172066,0,0.00394343065783506,0.00186217630667254,0.0353184334043585,0,0.00137628618762633,0,0,0,0.000225552325066543,0,4.3327452833258e-05,0,0,0,0,0,0,2.73346856084283e-05,0,0,3.49336533227682e-05,0,4.43046295813132e-05,0.00369209964992237,0.000726973270814085,0.000207310544491168,0.00719422627933657,0.000367549072479772,0,3.94707900149683e-05,0.0371883489243894,8.87323594647177e-05,0.0399184863750992,9.74451376710981e-05,0.00130946919112162,0,0,0,0.103265615825472,0,0.00271792574645725,0,0.00488515459120896,0,0.04178815497204,0,0,0.00422178329393741,0,5.25691616523405e-05,0,0.00110832753093945,0,0.00489223891144012,0,0.00717425232868118,0.000181721920231153,0.000853218992609723,0,0,0,0,0.000100898022166689,0.00336329595805928,2.32413944769155e-05,0.000288181534738985,0.00125094972849081,0,0.0274942016377383,0,0.000565681800805649
0,0,0,0.0421178903894022,0,0.000408483598040889,0,0,0,0.0716903011591974,0,0,0,0,0,0.00822574444314812,0,0.000115265233988899,0.000875932775066531,0,0,0,0,0,0,0,0,0,0,0,0,0,0,0,0,0,0,0,0,1.51935649099153e-05,0,0.0271797855410161,0,0,0,0,0,0.0020284638743055,0.000188573203575457,0.0257727370901163,0,0,0,0,0,0.0468653770252907,0,0,0,4.45340963525324e-05,0,0.0122081874739227,0,0,0,0,0.00279805735329823,0,0,0,0,0,0,0,0,0,0,0.000153619099871305,0,0,0,5.46448435774396e-05,0.00217353968596948,0,0.00726285283695674,0.00721752371715536,0
0.0313613247536563,0,0,0,0.00239185978598722,0,0,0,0.00596041541186629,0,0,0,0,0,0,0,0,5.37533651096076e-06,1.36393793704814e-05,0,0.00108973319029562,0,0,0,0,0,0,0,0,0,0,0,0,0,0,0,9.76290625658802e-06,2.02103369228057e-06,1.27483207620817e-05,0,0,0,0.00421276938376426,0,0,0,0.00481939099029562,2.04395024103456e-05,0.0245638707349729,0,0.00857615413730196,0,0,0,0.0158781483915001,0,0.00152781219091678,0,0.00319497737119492,0,0.000742774087111219,0,0,0.00310082210811832,0,0,0,0,0,0,0,0,0,0.000578507527859498,0,0,0,0,0,0.000432246564745803,0,7.55735768350505e-05,0.000145959692395166,0,0.0514407423368371,0,0
0.000153134369429387,0.0421178903894022,0,0,0,0.0955533956442412,0,0,0,0.141907971152796,0,0,0,0,0,0.00152528066040383,4.39594481371145e-05,1.21972896869164e-05,0.00114369221102318,0.0019979582872831,0,0,0,0,0,0,0,0,0,0,0,0,0,0,0,0.000197462709248487,0,0,0,0.0083776407130396,0,0.00414971164067367,0.000370899105402339,0.0012470451747485,0.00014689973337157,0.0338950773504291,0,0.000576889465904944,0.000459630901980743,0.0103062051813549,0,0.014012971674161,0,0,0,0.057502353084963,0,0,0,0.000596126801766405,0,0.00930510663263768,0.0132231208716073,9.57219300873856e-06,0,0,0,0,0,0,0,0,4.22103126379212e-05,0,0,0,0,0,0.00223370287683057,1.47584010934832e-05,2.52755328845398e-05,5.51569046902667e-06,0.00152320560442398,0,0.0408684662198856,0.0101711901482736,0
0,0,0.00239185978598722,0,0,0,0,0,0.000203107099871565,0,0.000526627457680985,0,0.00784433756374489,0,0,0,0,0,0,0,0.00125951775976715,0,0,0,0,0,0,0,0,0,0,0,0,0,0,0,0,0,0,0,0,0,1.06616816140663e-05,0,0,0,0.000529967636549911,0,0.000260318484472583,0,0.0387130443052727,0,0,0,0.0177970060620651,0,0.00220693026943476,0,0.000272946604021003,0,0.000352381033911761,0,0,0.000459243149575415,0,0,0,0,0,0,0,0,0,0,0,0,0,0,0,6.30028944681897e-05,0,0,8.04619427754143e-06,3.29792921376966e-06,0.00136751569171895,0,4.02488048051233e-05
0,0.000408483598040889,0,0.0955533956442412,0,0,0,0,0,0.0101778824465622,0,0,0,0,0,0,0,0,0.000344692575114787,0.0201241916204849,0,0,0,0,0,0,0,0,0,0,0,0,0,0,0,0.000364994053207073,0,0,0,0.00183710883988126,0,0.000443082535283376,5.5003060916459e-05,0.000108210866150796,0,0.0171646734298474,0,8.61631035356904e-05,0.000108041018481504,0.00046214073049202,0,0.0611476808441819,0,0,0,0.0471284477817534,0,0,0,0.00370298469321634,0,0.00360759092313052,0.0052865390736721,0,0,0,2.86171874692119e-05,0,0,0,0,0,0,0,0,0,0,0,0.000247948497234489,2.7902042354085e-06,0,0,0.00152254014164917,0,0.0153480968698401,0,0
0,0,0,0,0,0,0,0,0,0,0.00259626247655099,0,0.0112403981767752,0,0,0,0,0,0,0,0,0,0,0,0,0,0,0,0,0,0,0,0,0,0,0,0,0,0,0,0,0,0,0,0,0,0,0,0,0,0.000605168153848457,0,0.0457311380034917,0,0,0,0.000696312749762391,0,0.00444791419470255,0,0,0,0,0,0,0,0,0,0,0,0,0,0,0,0,0,0,0,0,0,0,0,1.84158711702888e-05,1.04862201624201e-05,0,0,0
0,0,0,0,0,0,0,0,0,0,0,0.00321521803260426,0,0.0057076780436516,0,0,0,0,0,0,0,0,0,0,0,0,0,0,0,0,0,0,0,0,0,0,0,0,0,0,0,0,0,0,0,0,0,0,0,0,0,0.00321885994957267,0,0.0458657631557546,0,0,0,0.00728228439765457,0,0.0132249801990929,0,0.000265625154055962,0,0,0,0,0,0,0,0,0,0,0,0,0,0,0,0,0,0,0,0,0.000624975172471476,0,0,0,0
0.0259312234717705,0,0.00596041541186629,0,0.000203107099871565,0,0,0,0,0,0,0,0.000115254753872158,0,0.013946800993971,0,0.0127791439614697,0.00161378936964664,0.0123824201573943,0,3.4994843463565e-05,0,5.98064242353974e-05,0,0.015009113424635,0,0.000709503799708247,0,0,0,0,0,0,0,0,0,0,0,2.78198630228177e-05,0.000475503751150496,0,1.63096405414071e-05,0.000334782026185199,0,0,0,0.000245862580546329,0,0.00373882662089575,2.37187281721914e-05,0.00562698349833349,0,0,0,0.164162839878265,0,8.82657455377293e-05,0,0.00373068892942503,0,0.0684177521704502,0,0,1.02165903235948e-05,0,0,0,0.0224682900779346,0,0.00212838503983259,0,0.000327557463139504,0,0,0,0,0,0,2.84016586566757e-05,8.26546305476355e-05,0,0.000174307465419942,0.00139001864882421,0,0.00751231653881799,0,0.000409595404079398
0,0.0716903011591974,0,0.141907971152796,0,0.0101778824465622,0,0,0,0,0,0,0,0,0,0.0354656409991616,2.46529702430616e-05,0.00191271115675974,0.00310670681023558,0,0,0,0,0.00353003708383709,0,0,0,0,0,0,0,0,0,0,0,0,0,0.000972812062582769,0,0.000598127749647065,0,0.00128548565891396,0,7.30422602920758e-05,0,0.00145692661780079,4.99965038490857e-05,0.00104464986316251,0.000203142999639849,0.00236335934930429,0,0.00251268860291536,0,0,0,0.0985097996115914,0,0,0,0,0,0.00497000085560082,0,0,0,0,0.0424763245029477,0,0,0,0,0,0,0,0,0,0,0,0,0,0.000919248220286613,3.64567153019063e-05,0.0033310340208671,0.000155471803489748,0.0158474489525648,0.00117169194838866,0
0,0,0,0,0.000526627457680985,0,0.00259626247655099,0,0,0,0,0,0.00704523862523695,0,0,0,1.25262002228802e-05,0,8.03678825988922e-05,0,0.0138941414346826,0,0,0,0,0,0,0,0,0,0.00419543343179632,0,0,0,0,0,0.00178513314380974,0,0.0168893097646052,4.82050643305521e-05,0,0,9.5343180347075e-05,0,0,0,0.000240056437780383,0,0,0,0.000780374596963984,0,0,0,0,0,0.124871692590881,0,0.00153896303319139,0,0,0,0,0.00281654970895607,0,0,0,0,0,0,0,0.0032719426014336,0,0.00721556773092583,0,0,0,0,0,6.29648465168329e-05,0,0.000899448419147534,0.000727125241601198,0.000603934424616222,0.000427183297251236,0,0.000259190203208536
0,0,0,0,0,0,0,0.00321521803260426,0,0,0,0,0,0.0126008662185539,0,0,0,0,0,0.00544040566536646,0,0,0,0,0,0,0,8.4404215158429e-05,0,0.00746092500297695,0,0,0,0,0,0,0,0.0118096286880822,0,0,0,0,0,0,0,0,0,0,0,0,0,0,0,0,0,0,0,0.0730414175100257,0,0.00447437831361133,0,0,0.00145634398745438,0,0,0,0,0,0,0,0.00385577808924765,0,0.00173132059554588,0,0,0,0,0,0,0,0.0025770412013958,0,0.000721446453616156,0,0.000202984262335065,0,0
0,0,0,0,0.00784433756374489,0,0.0112403981767752,0,0.000115254753872158,0,0.00704523862523695,0,0,0,0.00436901595506549,0,0,0,0,0,0,0,0,0,0,0,0,0,0,0,0,0,0,0,0,0,0,0,0,0,0,0,0,0,0,0,0,0,0,0,0,0,0,0,2.22766866633251e-05,0,0.00259521335647423,0,0.0497473242411489,0,0.000466189249211795,0,0,0,0,0,0,0,0,0,0,0.000189246085938066,0,0,0,0,0,0,0,0,0,0,0.000373305044735982,0.00136697263079559,5.33800746889336e-06,0,0
0,0,0,0,0,0,0,0.0057076780436516,0,0,0,0.0126008662185539,0,0,0,0,0,0,0,0,0,0,0,0,0,0,0,0,0,0,0,0,0,0,0,0,0,0,0,0,0,0,0,0,0,0,0,0,0,0,0,0.000579454970153521,0,0.000704877108973753,0,0,0,0.000591912059469527,0,0.0702029166437621,0,0.000184230346483717,0,0,0,0,0,0,0,0,0,0,0,0,0,0,0,0,0,0,0,0,0.000838093758249192,0,0,0,0
0.00468919643172066,0,0,0,0,0,0,0,0.013946800993971,0,0,0,0.00436901595506549,0,0,0,0.000185887243272905,0,0,0,0,0,4.39756154913787e-06,0,0.000134525668188789,0,0.00105990217952552,0,0,0,0,0,0,0,0,0,0,0,0,0,0,0,0,0,0,0,0,0,0,0,0.00269163931447964,0,0,0,0.0141776845270681,0,0.000764944274218447,0,0.0130696240328317,0,0.0576895237549954,0,0,0,0,0,0,0.000897750971558407,0,0.00356161852057763,0,0,0,0,0,0,0,0,0,0,0,0,4.85630444148055e-05,0,0,0,0
0,0.00822574444314812,0,0.00152528066040383,0,0,0,0,0,0.0354656409991616,0,0,0,0,0,0,0,4.61876502527008e-05,0,0,0,0,0,0,0,0,0,0,0,0,0,0,0,0,0,0,0,0,0,0,0,0,0,0,0,0,0,0,0,0.0056291218776534,0,0.00154000904710741,0,0,0,0.00548051011451112,0,0.000131841709496118,0,0.00586515803396775,0,0.0317671918298747,0,0,0,0,5.93872774709995e-05,0,0,0,0,0,0,0,0,0,0,0,0,0,0,0,8.71170087405401e-06,0,0,0,0
0.00394343065783506,0,0,4.39594481371145e-05,0,0,0,0,0.0127791439614697,2.46529702430616e-05,1.25262002228802e-05,0,0,0,0.000185887243272905,0,0,0.176719814184059,0.0671719851798112,0,0.000178330933564595,0,0.0084019267884992,0,0.0259353461720225,0,0.0219253736341525,0,4.93631328489115e-05,0,0,0,0,0,0,0,0,0,0.000106183247706271,0.00405859473735018,5.99608248862809e-05,0.00165422561751935,0.00135017062608647,0.000102608788971369,7.33808403737679e-05,0.000272271674497434,0.00367480328505479,1.895366928893e-05,0.000102105525138459,0.000463064155186541,2.74839190834725e-06,0,0,0,0,0,0.000159984380147363,0,3.51735440749733e-06,0,0.00110089629245865,0,0,0.0006359373237277,0,0.00120846481336167,0,0.00208515739213607,0,0.00818387958291109,0,0,6.24011533232652e-05,0.000673039836430335,0,0,0,0,0.000485826567555217,0.0023558350777364,0.000105337002788047,0.00166567489813088,0.0157503077004357,0.000382987033771511,0.00496665373557629,0,0.000462532257891999
0.00186217630667254,0.000115265233988899,5.37533651096076e-06,1.21972896869164e-05,0,0,0,0,0.00161378936964664,0.00191271115675974,0,0,0,0,0,4.61876502527008e-05,0.176719814184059,0,0.102414771941442,0,5.87016477905563e-05,0.00209850374735454,0.000247965499434296,0.000221975099901493,0.00482150323251025,0,0.000610521222205181,0,0,0,0,0,0,0,0,0,0,0,0,0.00189853537929619,9.28297422603881e-06,0.000958884794565274,0.000457773224497931,7.93956231463316e-05,1.88736966164711e-05,0.000203948150907561,0.000889468605972067,5.53054277955298e-06,4.4236590821817e-05,0.000202206744233288,0,0,0,0,0,0,2.86284524100939e-05,0,0,0,0,0,0,0.000131539737515044,0.000799141751714573,9.2416666408266e-05,0.000217675874190877,0.000539308699255232,5.55334533760566e-05,0.000480819530201006,0,0,8.49497987032347e-05,0.000216274365021783,0,0,0,0,0.000408484793533987,0.000445298645944391,5.92167800437852e-05,0.000175429913019663,0.0180126414424027,3.05332106957909e-05,0.00168478066145974,0,0.000190082823419797
0.0353184334043585,0.000875932775066531,1.36393793704814e-05,0.00114369221102318,0,0.000344692575114787,0,0,0.0123824201573943,0.00310670681023558,8.03678825988922e-05,0,0,0,0,0,0.0671719851798112,0.102414771941442,0,0,0.00183872516335733,0,0.000181328981046517,0,0.000860787491338493,0,0.000610446641043666,0,0,0,0,0,0,0,0,0,7.79122358835385e-05,0,0.000630947263174688,0.071985095239189,0.000618667454358506,0.0336983322003932,0.0150052501632896,0.0133543369885075,0.00388405531981754,0.00449046363545702,0.0258627019528764,0.000176583286890528,0.00059340032808494,0.0082997110886012,0.000134725854749419,0,0,0,0,0,0.0011837908947108,4.31752618449186e-06,3.74324333464666e-05,0,0,0,0,0.00461798065899823,0,4.5301227943734e-06,0,0.000124679995386358,0,0.000276837839898414,0,0,0.00234304180070473,0.00538810998365629,0,0,0,0,0.00942450919585023,0.00871761712061686,0.00271837411526448,0.00745983284190199,0.0130707671378888,1.66499132510508e-06,0.0424296572090982,0.000223381195136465,0.00247027875535092
0,0,0,0.0019979582872831,0,0.0201241916204849,0,0,0,0,0,0.00544040566536646,0,0,0,0,0,0,0,0,0,0,0,0,0,0,0,0,0,0,0,0,0,0,0,0.00587156098397488,0,0.00415253220699119,0,0,0,0,0,0,0,0.0047473096270272,0,0,0,0,0,0,0,0,0,0,0,0,0,0,0,0,0.135147811246606,0,0,0,0,0,0,0,0,0,0,0,0,0,0,0,0.00251030488222099,0,0.000905904289604458,0,0.000378712745069766,0,0.019915110139226,0,0
0.00137628618762633,0,0.00108973319029562,0,0.00125951775976715,0,0,0,3.4994843463565e-05,0,0.0138941414346826,0,0,0,0,0,0.000178330933564595,5.87016477905563e-05,0.00183872516335733,0,0,0,0,0,0,0,0,0,0,0,0,0,0,0,0,0,0.0148235452207253,0,0.00560966563768909,8.57599323219487e-05,0,5.09723474195701e-05,0.0016841987983199,0.000258801482190152,0.000197892055841634,0,0.0150072786628216,0,8.21591491607048e-06,0,0.00724576903117184,0,0,0,0,0,0.0965224892152268,0,0.000371175440566882,0,0,0,0,0.232012181764592,0,0,0,0,0,0,0,0,0,0.0127258864069324,0,0,0,0,3.92464425850363e-05,0.00676216558611617,6.66883053061351e-06,0.0186981330306837,0.00122796341950149,5.77289982691538e-06,0.00961426137188466,0,0.00135220678257612
0,0,0,0,0,0,0,0,0,0,0,0,0,0,0,0,0,0.00209850374735454,0,0,0,0,0.00162599770008308,0.00121951732886397,0,0.000631203784884192,0,0.000384304423121902,0,0,0,0,0,3.38333167876955e-06,0,0,0,0.0120566092413783,0,0,0,0,0,0,0,0,0,0,0,0.00535544522354134,0,0,0,0,0,0,0,0,0,0,0,0,0,0,0.0177698019606962,0.000242904239184591,7.58058254713709e-05,0,1.81042996700853e-05,0,0.00150733039059025,0,0,0,0,0,3.63274529537391e-06,0,0,0,0.00981264978235795,0,0.00109153749984354,4.11476793947259e-06,0,0,0
0,0,0,0,0,0,0,0,5.98064242353974e-05,0,0,0,0,0,4.39756154913787e-06,0,0.0084019267884992,0.000247965499434296,0.000181328981046517,0,0,0.00162599770008308,0,0,0.00130303642235738,0,0.00136131940179871,0,0.00391567952400257,0,0,0,0,0,0,0,0,0,0.00338957550269338,0,0,0,0,0,0,5.16660257495545e-06,1.53345414194074e-05,1.05630506665391e-05,0.00114265720822599,0,0,0,0,0,0,0,0,0,0,0,0,0,0,0,0,0.0120989655065929,0,0.000896024156672751,0,0.000601791924650044,0,0,0,0,0,0,0,0,2.94261817097033e-06,0,0,0.000512393404331543,0.000901892607089249,4.20970218328875e-06,2.08941411318102e-05,0,0
0,0,0,0,0,0,0,0,0,0.00353003708383709,0,0,0,0,0,0,0,0.000221975099901493,0,0,0,0.00121951732886397,0,0,0,0.0496342965850674,0,0,0,0,0,0,0,0,0,0,0,0.0138431839894376,4.75789454165598e-06,0,0,0,0,0,0,0,0,0.000154871805342315,0,0,0,0,0,0,0,0.00216145467046632,0,0,0,0,0,0,0,0,1.26649399589074e-05,0,0.0916382543897911,0,0,0,0,0,0,0,0,0,3.25888433638745e-05,0,0,0,0.0044153765462596,0,0.0017348589989925,0,0.000547927269991932,0,0
0.000225552325066543,0,0,0,0,0,0,0,0.015009113424635,0,0,0,0,0,0.000134525668188789,0,0.0259353461720225,0.00482150323251025,0.000860787491338493,0,0,0,0.00130303642235738,0,0,0,0.0103998605899198,0,0,0,0,0,0,0,0,0,0,0,0.00167810290066354,0.000245778015874429,0,0,0,0,0,0,0,0,0.000664283519274396,0,0,0,0,0,0.0196382488770671,0,0,0,0,0,0,0,0,1.44973094823879e-05,0,0.00214484131193477,0,0.056163406371378,0,0.060567223831908,0,0,0,0,0,0,0,0,0,7.7819349463427e-06,0,0.00342926015558139,0.00054141410210789,0,0.00194611494313283,0,0
0,0,0,0,0,0,0,0,0,0,0,0,0,0,0,0,0,0,0,0,0,0.000631203784884192,0,0.0496342965850674,0,0,0,0,0,0,0,0,0,0,0,0,0,0,0,0,0,0,0,0,0,0,0,0,0,0,0,0,0,0,0,0,0,0,0,0,0,0,0,0,0.00335458784328098,0,0.0116575712455287,0,0.0205870848632634,0,0,0,0,0,0,0,0,0,0,0,0,0,5.11086091137258e-06,0,0,0,0
4.3327452833258e-05,0,0,0,0,0,0,0,0.000709503799708247,0,0,0,0,0,0.00105990217952552,0,0.0219253736341525,0.000610521222205181,0.000610446641043666,0,0,0,0.00136131940179871,0,0.0103998605899198,0,0,0,0,0,0,0,0,0,0,0,0,0,0,0,0,7.75737104998159e-06,0,0,0,0,6.44989305249831e-05,0,0,0,0,0,0,0,0,0,0,0,0,0,0,0,0,0,0,0,0,0,0,0.0359688397260071,0,0.00033784734114306,0,0,0,0,0,0,1.63409957720583e-06,0,0,0,0.00050614487760726,0,3.77637302084984e-05,0,0
0,0,0,0,0,0,0,0,0,0,0,8.4404215158429e-05,0,0,0,0,0,0,0,0,0,0.000384304423121902,0,0,0,0,0,0,0,0.00510850476284304,0,0,0,0,0,0,0,0.000709989171115739,0,0,0,0,0,0,0,0,0,0,0,0,0,0,0,0,0,0,0,0,0,0.00628071283903769,0,0,0,0,0,0,0,0,0.0011268666102355,0,0.0221710904792256,0,0,0,0,0,0,0,0,0,0,0,0,0,0,0,0
0,0,0,0,0,0,0,0,0,0,0,0,0,0,0,0,4.93631328489115e-05,0,0,0,0,0,0.00391567952400257,0,0,0,0,0,0,0,0.0084275740605989,0,0,0,0,0,0,0,0.00227138221931544,0,0,0,0,0,0,0,0,0,0,0,0,0,0,0,0,0,0,0,0,0,0,0,0,0,0,0.000219692379716584,0,0,0,0,0,0.0182212027429254,0,0,0,0,0,0,0,0,0,0,0.000401021773029846,1.48563026414195e-05,0,0,0
0,0,0,0,0,0,0,0,0,0,0,0.00746092500297695,0,0,0,0,0,0,0,0,0,0,0,0,0,0,0,0.00510850476284304,0,0,0,0,0,0,0,0,0,0.00267409170969416,0,0,0,0,0,0,0,0,0,0,0,0,0,0,0,0,0,0,0,0.000107603220442948,0,0.000319051358715294,0,0,0,0,0,0,0,0,0,0,0.00482869626471636,0,0.0400423290693656,0,0,0,0,0,0,0,0,0,0,0,0,0,0
0,0,0,0,0,0,0,0,0,0,0.00419543343179632,0,0,0,0,0,0,0,0,0,0,0,0,0,0,0,0,0,0.0084275740605989,0,0,0,0,0,0,0,0,0,0.00642416342635861,0,0,0,0,0,0,0,0,0,0,0,0,0,0,0,0,0,7.27076285843157e-05,0,0,0,0,0,0,0,0,0,0,0,0,0,0,0,0,0.0168058564509439,0,0,0,0,0,0,0,0.000401660913221157,0.00102803331479309,0.000221246326151657,0,0,0
0,0,0,0,0,0,0,0,0,0,0,0,0,0,0,0,0,0,0,0,0,0,0,0,0,0,0,0,0,0,0,0,0.0325798488236898,0.01372737666362,0,0.00231809222683243,3.06462010782405e-05,0,0,0,0,0,0,0,0,0,0,0.0143713734741791,0.00149858040369254,0,0,0,0,0,0,0,0,0,0,0,0,0,0,0,0,0,0,0,0,0,0,0,0,0,0.0322687596314172,0.0027002055305367,0.0416638934553796,0,6.26105284324183e-05,0.000457293549786302,1.0491346275662e-05,0,0.00234972483632841,0,0,0,0
0,0,0,0,0,0,0,0,0,0,0,0,0,0,0,0,0,0,0,0,0,0,0,0,0,0,0,0,0,0,0,0.0325798488236898,0,0.000417594477822178,0.000217474828175281,0,5.27311940257263e-05,0,0,0,0,0,0,0,0,0,0,0.00187784128894235,0,0,0,0,0,0,0,0,0,0,0,0,0,0,0,0,0,0,0,0,0,0,0,0,0,0,0.0120073464537221,0.0785603727195418,0.00411316241011632,0,1.42047086289687e-06,0.0035771254737603,0,0,0.000252378727706509,0,0,0,0
2.73346856084283e-05,0,0,0,0,0,0,0,0,0,0,0,0,0,0,0,0,0,0,0,0,3.38333167876955e-06,0,0,0,0,0,0,0,0,0,0.01372737666362,0.000417594477822178,0,0.00653465556602016,0.0212240934444714,1.08851753806311e-06,0.00116411744549699,0.00203135693210967,0,0,0,0,0,0,5.81194964938254e-05,0,0.169276186736697,0.0199060218958111,0,0,0,0,0,0,0,0,0,0,0,0,0,0,0,0,2.60245123313851e-05,0,2.29215865686836e-05,0,0,0,0,0,0,0.00283166125446131,0,0.104134489967354,0.0152130520719365,0.00143078257469953,0,0.00181747995837028,0.00660981870446849,0.0031599153532388,0.00287554990628706,0.000789549703272013,0,0
0,0,0,0,0,0,0,0,0,0,0,0,0,0,0,0,0,0,0,0,0,0,0,0,0,0,0,0,0,0,0,0,0.000217474828175281,0.00653465556602016,0,4.97824578237199e-06,0.000145709626670044,5.87130496848897e-05,1.67304473740019e-05,0,0,0,0,0,0,0,0,0.037137444657461,0.000277034316461921,0,0,0,0,0,0,0,0,0,0,0,0,0,0,0,0,0,0,0,0,0,0,0,0,0,0,0.000415596624458476,0.00450599188861678,0.480771883008848,1.82309556425183e-05,0.00116187251852313,2.99670248029112e-06,0.00298495763331175,0.000118876147729918,1.16992109004414e-05,0,0,0
0,0,0,0.000197462709248487,0,0.000364994053207073,0,0,0,0,0,0,0,0,0,0,0,0,0,0.00587156098397488,0,0,0,0,0,0,0,0,0,0,0,0.00231809222683243,0,0.0212240934444714,4.97824578237199e-06,0,0.000586335648750995,0.00424658793872484,0,4.56531439381519e-06,0.00211473312061704,0,0,0,0,0.000500446598231437,0,0.0108739624536697,0.000406569819034108,0,0,0,0,0,0,0,0,0.000160867261734871,0,0,0,0,0.00377543209658478,0,0,0,0,0,0,0,0,0,0,0,5.28158468897832e-05,0,0.00492004627843908,0,0.068813170244572,0.00182628224404548,0.000139995687076969,0,0.00162704825770074,2.69849261930281e-05,0.000509874564830987,0,0
3.49336533227682e-05,0,9.76290625658802e-06,0,0,0,0,0,0,0,0.00178513314380974,0,0,0,0,0,0,0,7.79122358835385e-05,0,0.0148235452207253,0,0,0,0,0,0,0,0,0,0,3.06462010782405e-05,5.27311940257263e-05,1.08851753806311e-06,0.000145709626670044,0.000586335648750995,0,0,0.00395602722557211,1.81765189480994e-05,0.003066637561741,2.15082553892797e-05,6.49309825738676e-05,0,0,1.73237177822832e-05,0.000603146970660504,0.000489057248373488,0.00035882071424816,0,0,0,0,0,0,0,0.000528115201754716,0,7.31986211282946e-06,0,0,0,0,0.00969471226893934,0,0,0,0,0,0,0,0,0,5.05589477012443e-05,0,0.00039866417697123,2.0143033131215e-06,0,1.30130045250542e-05,0.0489218783063294,0,0.00470940271557124,0.00426685508336931,0.000192392337297782,0.00100256907879038,0,0
0,0,2.02103369228057e-06,0,0,0,0,0,0,0.000972812062582769,0,0.0118096286880822,0,0,0,0,0,0,0,0.00415253220699119,0,0.0120566092413783,0,0.0138431839894376,0,0,0,0.000709989171115739,0,0.00267409170969416,0,0,0,0.00116411744549699,5.87130496848897e-05,0.00424658793872484,0,0,0.000376209614591189,0,0,0.000140030384425883,0,0,0,1.74498820483199e-05,0,0.00209311532508055,0.000478084624287097,0.000687594386247367,0,0,0,0,0,0,0,0.000728755093817719,0,0,0,0,0.00223514996073721,0,0.00223365304788143,0,0.00592666549948228,0,0,0,8.4622144416107e-05,0,0.00012229932964225,0,0,0,1.13888064902167e-05,3.73530769889917e-06,0.000493281326537229,0,0.0502683591509305,0.000196443611535835,0.00244592413282326,0.000196543582786612,0.00190581122766602,0,0
4.43046295813132e-05,0,1.27483207620817e-05,0,0,0,0,0,2.78198630228177e-05,0,0.0168893097646052,0,0,0,0,0,0.000106183247706271,0,0.000630947263174688,0,0.00560966563768909,0,0.00338957550269338,4.75789454165598e-06,0.00167810290066354,0,0,0,0.00227138221931544,0,0.00642416342635861,0,0,0.00203135693210967,1.67304473740019e-05,0,0.00395602722557211,0.000376209614591189,0,3.4615173450006e-05,5.52222883595213e-06,5.78190615405642e-05,0.000608557227247742,2.65346013439421e-05,2.72369170595319e-05,0,0.000786903783418262,0.0268366346541631,0.00392400351609624,0,0,0,0,0,0,0,0.00486991722851911,0,0,0,0,0,0,0.000496625589338974,0,0.00229545135600439,0,0.00102351537944328,0,0,0,0.000395141763590525,0,0.00109336549509559,0,0,1.49100955483707e-05,0.00203834237170383,2.69826569899233e-06,0.000255173503760833,3.21958572396788e-06,0.0529357033697825,0.00204797341193086,0.000445743573252771,0.00140101417882489,0,0.000221926313034201
0.00369209964992237,1.51935649099153e-05,0,0.0083776407130396,0,0.00183710883988126,0,0,0.000475503751150496,0.000598127749647065,4.82050643305521e-05,0,0,0,0,0,0.00405859473735018,0.00189853537929619,0.071985095239189,0,8.57599323219487e-05,0,0,0,0.000245778015874429,0,0,0,0,0,0,0,0,0,0,4.56531439381519e-06,1.81765189480994e-05,0,3.4615173450006e-05,0,0,0.108106509672378,0.0256522363328794,0.0440038975073757,0.0043028123015665,0.135599893237143,0.0032746273685202,0.00243475761888408,0.000633931635896822,0.0504917207172238,0,0,0,0,0,0,0.000178041821794276,3.65394510405909e-05,0,0,0,0,0.00459572296670369,0.000173014684863873,0,0,0,0,0,0,0,0,0.00479573840381016,0.00127301516068449,0,0,0,0,0.0171466416733754,0.00059814370922479,0.00244783735803536,0.000422204223737197,0.00270512068556917,1.57890647979986e-05,0.0747015024352717,0.00371502819734185,0.000400526337109606
0.000726973270814085,0,0,0,0,0,0,0,0,0,0,0,0,0,0,0,5.99608248862809e-05,9.28297422603881e-06,0.000618667454358506,0,0,0,0,0,0,0,0,0,0,0,0,0,0,0,0,0.00211473312061704,0.003066637561741,0,5.52222883595213e-06,0,0,2.66260279817897e-05,0.000986766965977304,0,2.7816642343016e-05,0,0.0056725993930156,0.0340069297520745,0.0551522425541223,0,0,0,0,0,0,0,0.000321707944942302,0,0,0,0,0,0,0.000635614890969947,0,0,0,0,0,0,0,0,0,0.00340805699013011,0,0,0,0,0.000374815448499469,0.0158648816571269,0,0.00168092423650629,3.99043055892222e-05,7.12150188878172e-06,0.00829684662604827,0,0
0.000207310544491168,0.0271797855410161,0,0.00414971164067367,0,0.000443082535283376,0,0,1.63096405414071e-05,0.00128548565891396,0,0,0,0,0,0,0.00165422561751935,0.000958884794565274,0.0336983322003932,0,5.09723474195701e-05,0,0,0,0,0,7.75737104998159e-06,0,0,0,0,0,0,0,0,0,2.15082553892797e-05,0.000140030384425883,5.78190615405642e-05,0.108106509672378,2.66260279817897e-05,0,0.0366816225737432,0.0215892972022218,0.00270903919703607,0.00919384800861986,0.00169203596904435,0.00644466292677871,0.000536251161158517,0.0294600411617668,0,0,0,0,0,5.58842637963358e-05,7.58423062253973e-05,0.000211090514763039,7.62585283818444e-06,0,0,0,0.000105591476641809,0.000205148314263446,0,0,0,0,0,0,0,0,0.0265650347542346,0.00042241240442217,0,0,0,0,0.00814057291876331,0.000318443134505242,0.0114547838300588,0.000747312167943848,0.00685447567492816,9.68784702640831e-05,0.0981246744230649,0.0531342463226171,0.000631263072516884
0.00719422627933657,0,0.00421276938376426,0.000370899105402339,1.06616816140663e-05,5.5003060916459e-05,0,0,0.000334782026185199,0,9.5343180347075e-05,0,0,0,0,0,0.00135017062608647,0.000457773224497931,0.0150052501632896,0,0.0016841987983199,0,0,0,0,0,0,0,0,0,0,0,0,0,0,0,6.49309825738676e-05,0,0.000608557227247742,0.0256522363328794,0.000986766965977304,0.0366816225737432,0,0.00102812916677616,0.00318029989536533,0.00166512119589261,0.0620339876095102,0.0029795927769707,0.0364672806842235,0.00388191973613975,0.00011239877936699,0,0,0,0.000212930518385077,0,0.0832889936922527,0,0.00100256020544159,0,0.000977613867070752,0,0,0.0152898822247565,0,0,0,0,0,0,0,0,0.000407218887719023,0.0468589286943696,0,0,0,0,0.0016139816150075,0.0106724785481503,0.000461085760242956,0.00784010340657816,0.00196423935482872,1.23550110359111e-05,0.0959754900468632,0.000204919627275741,0.0209265607430081
0.000367549072479772,0,0,0.0012470451747485,0,0.000108210866150796,0,0,0,7.30422602920758e-05,0,0,0,0,0,0,0.000102608788971369,7.93956231463316e-05,0.0133543369885075,0,0.000258801482190152,0,0,0,0,0,0,0,0,0,0,0,0,0,0,0,0,0,2.65346013439421e-05,0.0440038975073757,0,0.0215892972022218,0.00102812916677616,0,0.00143631559595659,0.00483458300564858,0.000578386397052675,0.000414936100954381,0,0.00295425401829564,0,0,0,0,0,0,0,2.13688183277623e-05,0,0,0,0,0,7.29248923080471e-05,0,0,0,0,0,4.23716182929405e-05,0,0,0.0230412423303971,0.000278217425101797,0,0,0,0,0.00435571865444963,6.33992349820589e-05,0.00278286571608636,3.61165118837733e-05,0.000124265544244605,0,0.0128290895823995,0.00694314148897596,0
0,0,0,0.00014689973337157,0,0,0,0,0,0,0,0,0,0,0,0,7.33808403737679e-05,1.88736966164711e-05,0.00388405531981754,0,0.000197892055841634,0,0,0,0,0,0,0,0,0,0,0,0,0,0,0,0,0,2.72369170595319e-05,0.0043028123015665,2.7816642343016e-05,0.00270903919703607,0.00318029989536533,0.00143631559595659,0,0.000189309889030244,0.00217618368100919,3.73545468141388e-05,7.31769142570777e-05,0.000843493854789305,0.000120581513876492,0,0,0,0,0,0.000113587602299092,0,0,0,0,0,0,0.000724533162614477,0,0,0,0,0,0,0,0,5.59740895919782e-05,0.00131688212890314,0,0,0,0,9.43876201973753e-05,0.000485316996310834,9.8104129677603e-05,0.000419671501130168,6.7233627803313e-05,0,0.00736427829738057,7.5227955724122e-05,0.000265885583330022
3.94707900149683e-05,0,0,0.0338950773504291,0,0.0171646734298474,0,0,0,0.00145692661780079,0,0,0,0,0,0,0.000272271674497434,0.000203948150907561,0.00449046363545702,0.0047473096270272,0,0,5.16660257495545e-06,0,0,0,0,0,0,0,0,0,0,5.81194964938254e-05,0,0.000500446598231437,1.73237177822832e-05,1.74498820483199e-05,0,0.135599893237143,0,0.00919384800861986,0.00166512119589261,0.00483458300564858,0.000189309889030244,0,0.000138308111962833,0.0014289651323168,0.00196909200944766,0.00442521247949634,0,0,0,0,0,0,0,0.000542233232564112,0,0,0,0,0.0671838817562383,5.33214441117771e-05,0,0,0,0,0,0,0,0,0.0279990553348098,0,0,0,0,0,0.0119222889298424,8.15686032773168e-06,0.00612203644808994,6.98389272641067e-05,0.000234786031754617,2.42194467108969e-06,0.0693925732427608,0.000142767329010331,3.01891805477017e-05
0.0371883489243894,0,0.00481939099029562,0,0.000529967636549911,0,0,0,0.000245862580546329,4.99965038490857e-05,0.000240056437780383,0,0,0,0,0,0.00367480328505479,0.000889468605972067,0.0258627019528764,0,0.0150072786628216,0,1.53345414194074e-05,0,0,0,6.44989305249831e-05,0,0,0,0,0,0,0,0,0,0.000603146970660504,0,0.000786903783418262,0.0032746273685202,0.0056725993930156,0.00169203596904435,0.0620339876095102,0.000578386397052675,0.00217618368100919,0.000138308111962833,0,5.93958069023165e-05,0.0186896629177906,0.000411308504651915,0.00153659560354528,0,0,0,0,0,0.00868782238779504,0,0.00111148158063592,0,1.79986906949821e-05,0,0,0.0780146325996837,0,0,0,0,0,0,0,0,0.000238540137135141,0.0168479349570505,0,0,0,0,0.000194350272611133,0.0165102327936932,0.000159603993842864,0.00609911301027144,0.00105464248401457,0,0.0745616519440025,0,0.00376386201196847
8.87323594647177e-05,0.0020284638743055,2.04395024103456e-05,0.000576889465904944,0,8.61631035356904e-05,0,0,0,0.00104464986316251,0,0,0,0,0,0,1.895366928893e-05,5.53054277955298e-06,0.000176583286890528,0,0,0,1.05630506665391e-05,0.000154871805342315,0,0,0,0,0,0,0,0.0143713734741791,0.00187784128894235,0.169276186736697,0.037137444657461,0.0108739624536697,0.000489057248373488,0.00209311532508055,0.0268366346541631,0.00243475761888408,0.0340069297520745,0.00644466292677871,0.0029795927769707,0.000414936100954381,3.73545468141388e-05,0.0014289651323168,5.93958069023165e-05,0,0.23755571749468,0.00445035786416917,0,0,0,0,0,0,1.90409484676437e-05,0,0,0,0,0,0,0,0,0.000119177071926017,0,0,0,0,0,3.29151987855937e-05,0,0,0.0611078925700484,0.00407804703095079,0.147705654541306,0.0144389341293006,0.00620479947037957,0.0155840584467997,0.000997028021033687,0.0225908905568684,0.0017080219261643,0.000375475892117146,0.0378070665617874,0.000428134180934549,0.000222825030538657
0.0399184863750992,0.000188573203575457,0.0245638707349729,0.000459630901980743,0.000260318484472583,0.000108041018481504,0,0,0.00373882662089575,0.000203142999639849,0,0,0,0,0,0,0.000102105525138459,4.4236590821817e-05,0.00059340032808494,0,8.21591491607048e-06,0,0.00114265720822599,0,0.000664283519274396,0,0,0,0,0,0,0.00149858040369254,0,0.0199060218958111,0.000277034316461921,0.000406569819034108,0.00035882071424816,0.000478084624287097,0.00392400351609624,0.000633931635896822,0.0551522425541223,0.000536251161158517,0.0364672806842235,0,7.31769142570777e-05,0.00196909200944766,0.0186896629177906,0.23755571749468,0,0.000230416261265583,3.9283247734454e-05,0,0,0,0.00773025930278285,0,0.00921957886028324,0,0.000726237132525939,0,0.0022502732074164,0,0,0.00124126429175182,0,0.0115004340868428,0,0.0253252375043736,0,0.00119964347991806,0,0.00173730728381358,0,0.000866027458203742,0.000410571099054742,3.14942460390953e-05,0.0556464842782575,0.000102629134027773,0.000216755774674325,0.0188284229445355,0.000661887357058264,0.0179314259613846,0.000893675673354202,0,0.0939992033608196,9.63648745538677e-05,5.80640861733402e-05
9.74451376710981e-05,0.0257727370901163,0,0.0103062051813549,0,0.00046214073049202,0,0,2.37187281721914e-05,0.00236335934930429,0,0,0,0,0,0.0056291218776534,0.000463064155186541,0.000202206744233288,0.0082997110886012,0,0,0.00535544522354134,0,0,0,0,0,0,0,0,0,0,0,0,0,0,0,0.000687594386247367,0,0.0504917207172238,0,0.0294600411617668,0.00388191973613975,0.00295425401829564,0.000843493854789305,0.00442521247949634,0.000411308504651915,0.00445035786416917,0.000230416261265583,0,0,0,0,0,0,0.00134178768640128,0.0002347422450987,1.75350259459145e-05,0,0.00158801412786363,0,0.00831533121426622,0,2.6053513522341e-05,0.0012442347310046,0,0.00343876801337325,0,0.000408561316869116,1.69367915522469e-05,0,0,0.00124858843240441,8.13296127244604e-05,0,0,0,0,0.000596910278922536,4.19316119202189e-05,0.00834453396882288,0.000102242819988869,0.000580612335084907,5.35151847609066e-06,0.0245110055696537,0.00591276968042922,0.000173678041487192
0.00130946919112162,0,0.00857615413730196,0,0.0387130443052727,0,0.000605168153848457,0,0.00562698349833349,0,0.000780374596963984,0,0,0,0.00269163931447964,0,2.74839190834725e-06,0,0.000134725854749419,0,0.00724576903117184,0,0,0,0,0,0,0,0,0,0,0,0,0,0,0,0,0,0,0,0,0,0.00011239877936699,0,0.000120581513876492,0,0.00153659560354528,0,3.9283247734454e-05,0,0,0,0.0111096397651429,0,0.00694588372054648,0,0.00857603145742478,0,0.0179611302880899,0,0.0316066477065305,0,0,0.00811294837025461,0,0,0,0,0,0,0,0,0,0,0,0,0,0,0,7.02482735884398e-05,0,2.27410078328073e-05,4.03237665778871e-05,4.7671070726065e-05,0.00601405875267228,0,0
0,0,0,0.014012971674161,0,0.0611476808441819,0,0.00321885994957267,0,0.00251268860291536,0,0,0,0.000579454970153521,0,0.00154000904710741,0,0,0,0,0,0,0,0,0,0,0,0,0,0,0,0,0,0,0,0,0,0,0,0,0,0,0,0,0,0,0,0,0,0,0,0,0,0.0230211727331424,0,0.00806558386500226,0,0,0,0.00379302264995737,0,0,0,0,0,0,0,0,0,0,0,0,0,0,0,0,0,0,0,0,0,0,0,0,0,0,0
0,0,0,0,0,0,0.0457311380034917,0,0,0,0,0,0,0,0,0,0,0,0,0,0,0,0,0,0,0,0,0,0,0,0,0,0,0,0,0,0,0,0,0,0,0,0,0,0,0,0,0,0,0,0.0111096397651429,0,0,0,0,0,0,0,3.10868781103939e-05,0,0,0,0,0,0,0,0,0,0,0,0,0,0,0,0,0,0,0,0,0,0,0,9.43040186725118e-06,0,0,0,0
0,0,0,0,0,0,0,0.0458657631557546,0,0,0,0,0,0.000704877108973753,0,0,0,0,0,0,0,0,0,0,0,0,0,0,0,0,0,0,0,0,0,0,0,0,0,0,0,0,0,0,0,0,0,0,0,0,0,0.0230211727331424,0,0,0,0,0,0,0,0.0310494606032923,0,0,0,0,0,0,0,0,0,0,0,0,0,0,0,0,0,0,0,0,0,0,2.40714447503555e-05,0,0,0,0
0.103265615825472,0,0.0158781483915001,0,0.0177970060620651,0,0,0,0.164162839878265,0,0,0,2.22766866633251e-05,0,0.0141776845270681,0,0,0,0,0,0,0,0,0,0.0196382488770671,0,0,0,0,0,0,0,0,0,0,0,0,0,0,0,0,0,0.000212930518385077,0,0,0,0,0,0.00773025930278285,0,0.00694588372054648,0,0,0,0,0,0,0,0.0142207336985433,0,0.106353375384307,0,0,0,0,0,0,0.108318345292938,0,0.00919018689533836,0,0.00116273478985187,0,0,0,0,0,0,0,0,0,3.37673205362715e-05,1.11940438032611e-06,0,0.00322428203732743,0,0
0,0.0468653770252907,0,0.057502353084963,0,0.0471284477817534,0,0,0,0.0985097996115914,0,0,0,0,0,0.00548051011451112,0,0,0,0,0,0,0,0.00216145467046632,0,0,0,0,0,0,0,0,0,0,0,0,0,0,0,0,0,5.58842637963358e-05,0,0,0,0,0,0,0,0.00134178768640128,0,0.00806558386500226,0,0,0,0,0,0,0,0,0,0.00119908312522686,0,0,0,0,0.0900987543014721,0,0,0,0,0,0,0,0,0,0,0,0,0,0,0,8.45299082561651e-05,0,0.00393964915476436,9.06661624664237e-05,0
0.00271792574645725,0,0.00152781219091678,0,0.00220693026943476,0,0.000696312749762391,0,8.82657455377293e-05,0,0.124871692590881,0,0.00259521335647423,0,0.000764944274218447,0,0.000159984380147363,2.86284524100939e-05,0.0011837908947108,0,0.0965224892152268,0,0,0,0,0,0,0,0,0,7.27076285843157e-05,0,0,0,0,0,0.000528115201754716,0,0.00486991722851911,0.000178041821794276,0.000321707944942302,7.58423062253973e-05,0.0832889936922527,0,0.000113587602299092,0,0.00868782238779504,1.90409484676437e-05,0.00921957886028324,0.0002347422450987,0.00857603145742478,0,0,0,0,0,0,0,0.0470327822581884,0,0.00502206106997898,0,0,0.0780946654180549,0,0,0,0,0,0,0,0,0,0.0136711244240642,0,0,0,0,1.46089101805056e-05,0.000929953329244026,2.73190353565012e-06,0.000294208852148054,0.000387317374479072,4.81375693355982e-05,0.0758906661394421,0,0.00687179556365562
0,0,0,0,0,0,0,0.00728228439765457,0,0,0,0.0730414175100257,0,0.000591912059469527,0,0.000131841709496118,0,0,4.31752618449186e-06,0,0,0,0,0,0,0,0,0,0,0.000107603220442948,0,0,0,0,0,0.000160867261734871,0,0.000728755093817719,0,3.65394510405909e-05,0,0.000211090514763039,0,2.13688183277623e-05,0,0.000542233232564112,0,0,0,1.75350259459145e-05,0,0,0,0,0,0,0,0,0,0.000392033638359093,0,0.000323045056324858,8.07783187163351e-05,0,0,0,0,0,0,0,0,0,0.00707085124624022,0,0,0,0,0,2.02312495633966e-06,0,0.000100366474182346,0,7.54780558054335e-06,0,0.0065200323315918,0,0
0.00488515459120896,0,0.00319497737119492,0,0.000272946604021003,0,0.00444791419470255,0,0.00373068892942503,0,0.00153896303319139,0,0.0497473242411489,0,0.0130696240328317,0,3.51735440749733e-06,0,3.74324333464666e-05,0,0.000371175440566882,0,0,0,0,0,0,0,0,0,0,0,0,0,0,0,7.31986211282946e-06,0,0,0,0,7.62585283818444e-06,0.00100256020544159,0,0,0,0.00111148158063592,0,0.000726237132525939,0,0.0179611302880899,0,3.10868781103939e-05,0,0.0142207336985433,0,0.0470327822581884,0,0,0,0.0219557582422993,0,0,0.000943607102181619,0,0,0,0,0,3.34535967471345e-05,0,0.017983320305722,0,0.000186731675055126,0,0,0,0,0,0.000179946980961927,0,7.61394463399202e-06,2.78016957146971e-05,9.00810494086418e-06,0.00693095213251775,0,0.000131082442000412
0,4.45340963525324e-05,0,0.000596126801766405,0,0.00370298469321634,0,0.0132249801990929,0,0,0,0.00447437831361133,0,0.0702029166437621,0,0.00586515803396775,0,0,0,0,0,0,0,0,0,0,0,0.00628071283903769,0,0.000319051358715294,0,0,0,0,0,0,0,0,0,0,0,0,0,0,0,0,0,0,0,0.00158801412786363,0,0.00379302264995737,0,0.0310494606032923,0,0,0,0.000392033638359093,0,0,0,0.0110977821546559,0,0,0,0,0,0,0,0,0,0,0,0,0,0,0,0,0,0,0,0,8.45755668368928e-05,0,0,0,0
0.04178815497204,0,0.000742774087111219,0,0.000352381033911761,0,0,0,0.0684177521704502,0,0,0,0.000466189249211795,0,0.0576895237549954,0,0.00110089629245865,0,0,0,0,0,0,0,0,0,0,0,0,0,0,0,0,0,0,0,0,0,0,0,0,0,0.000977613867070752,0,0,0,1.79986906949821e-05,0,0.0022502732074164,0,0.0316066477065305,0,0,0,0.106353375384307,0,0.00502206106997898,0,0.0219557582422993,0,0,0,0,0,0,0,0,0.00227540891672762,0,0.00331083052015818,0,0.000573957556527139,0,7.71197417443704e-05,0,0,0,0,0,8.27904046853387e-06,0,0,2.73415484922741e-05,0,0.00267101213211242,0,0.000111405386283621
0,0.0122081874739227,0,0.00930510663263768,0,0.00360759092313052,0,0.000265625154055962,0,0.00497000085560082,0,0,0,0.000184230346483717,0,0.0317671918298747,0,0,0,0,0,0,0,0,0,0,0,0,0,0,0,0,0,0,0,0,0,0,0,0,0,0,0,0,0,0,0,0,0,0.00831533121426622,0,0,0,0,0,0.00119908312522686,0,0.000323045056324858,0,0.0110977821546559,0,0,0,0,0,0,0,0,0,0,0,0,0,0,0,0,0,0,0,0,0,0,2.31295568937639e-05,0,0,0,0
0,0,0,0.0132231208716073,0,0.0052865390736721,0,0,0,0,0,0.00145634398745438,0,0,0,0,0,0,0,0.135147811246606,0,0,0,0,0,0,0,0,0,0,0,0,0,0,0,0.00377543209658478,0,0.00223514996073721,0,0.00459572296670369,0,0.000105591476641809,0,0,0,0.0671838817562383,0,0,0,0,0,0,0,0,0,0,0,8.07783187163351e-05,0,0,0,0,0,0,0,0,0,0,0,0,0,0,0.000394347121062684,0,0,0,0,0,0.00891375608794003,0,0.00013604241706485,0,0.000269330156947149,0,0.0236719938873962,0,0
0.00422178329393741,0,0.00310082210811832,9.57219300873856e-06,0.000459243149575415,0,0,0,1.02165903235948e-05,0,0.00281654970895607,0,0,0,0,0,0.0006359373237277,0.000131539737515044,0.00461798065899823,0,0.232012181764592,0,0,0,1.44973094823879e-05,0,0,0,0,0,0,0,0,0,0,0,0.00969471226893934,0,0.000496625589338974,0.000173014684863873,0.000635614890969947,0.000205148314263446,0.0152898822247565,7.29248923080471e-05,0.000724533162614477,5.33214441117771e-05,0.0780146325996837,0,0.00124126429175182,2.6053513522341e-05,0.00811294837025461,0,0,0,0,0,0.0780946654180549,0,0.000943607102181619,0,0,0,0,0,0,0,0,0,0,0,0,0,1.4955618270085e-05,0.0108004796240822,0,0,0,0,4.10381202324169e-05,0.017245793419636,5.84461510910839e-05,0.00530489413397493,0.000186253520417445,1.02083713349384e-05,0.0367741697403289,0,0.00141070556095289
0,0,0,0,0,0,0,0,0,0,0,0,0,0,0,0,0,0.000799141751714573,0,0,0,0.0177698019606962,0,1.26649399589074e-05,0,0.00335458784328098,0,0,0,0,0,0,0,0,0,0,0,0.00223365304788143,0,0,0,0,0,0,0,0,0,0,0,0.0012442347310046,0,0,0,0,0,0,0,0,0,0,0,0,0,0,0,0,0.001533886430455,0,0,0,0,0,0,0,0,0,0,0,0,0,0.00507966619124173,0,0.000175729825706928,0,0,0,0
5.25691616523405e-05,0,0,0,0,0,0,0,0,0,0,0,0,0,0,0,0.00120846481336167,9.2416666408266e-05,4.5301227943734e-06,0,0,0.000242904239184591,0.0120989655065929,0,0.00214484131193477,0,0,0,0.000219692379716584,0,0,0,0,2.60245123313851e-05,0,0,0,0,0.00229545135600439,0,0,0,0,0,0,0,0,0.000119177071926017,0.0115004340868428,0,0,0,0,0,0,0,0,0,0,0,0,0,0,0,0,0,0,0.0029069120713295,0,0.00969043208853925,0,0.000385702940974878,0,0,0,0,3.08287021334755e-05,0,0,0,0,0.00130476788859923,0.000129363394291279,0,0.000213543193213052,0,0
0,0.00279805735329823,0,0,0,2.86171874692119e-05,0,0,0,0.0424763245029477,0,0,0,0,0,5.93872774709995e-05,0,0.000217675874190877,0,0,0,7.58058254713709e-05,0,0.0916382543897911,0,0.0116575712455287,0,0,0,0,0,0,0,0,0,0,0,0.00592666549948228,0,0,0,0,0,0,0,0,0,0,0,0.00343876801337325,0,0,0,0,0,0.0900987543014721,0,0,0,0,0,0,0,0,0.001533886430455,0,0,0,0.000197587610343775,0,0,0,0,0,0,0,0,0,0,0,0.00591630561884046,0,0.000306216555636023,0,0.00302992779943116,0,0
