0,0,0.000258833504778798,0,0.00322099666061942,0,0,0,0.0249100526425165,0,0,0,0,0,0.00351268134418801,0,8.16053225629648e-05,3.76798132275939e-05,0.00202518513616657,0,0,0,0,0,0.0111535357521828,0,0,0,0,0,0,0,0,0,0,0,0,0,0.000476365526567758,0,0,0,0.00692133323751078,0,0,0,0.00629143904938092,0,0.0126292013412569,0,0,0,0,0,0.0101204278859677,0,0.000408895830887063,0,0.000261723348384523,0,0.000705578370955236,0,0,0.00268224205478068,0,0,0,0.0430779082130381,0,0,1.02313233789839e-05,0.0023699256062397,0,0.0032640730179135,0,0,0,0,0,0.000476175412107088,1.31818848871849e-06,0.000824011200100987,0.000702020098188263,0,0.0280641821109385,0,0
0,0,0,0.0294385734641325,0,0,0,0,0,0.0604596427639534,0,0,0,0,0,0,0,0,0.000822470070967659,0,0,0,0,0.00197721349624946,0,0,0,0,0,0,0,0,0,0,0,0,0,0.00187277485329468,0,0.000284767119045668,0,0.00520592878953476,0,0.000131520774951985,0,0,0,0.00195990650552096,0,0.0144810328260538,0,0,0,0,0,0.0545691292428621,0,0.000428452369416715,0,0.000247505828851873,0,0,0,0,0,0,0.000948254084005186,0,0,0,0.000293495572764391,0,0.000551899350163514,0,0,0,0,0,4.29902453465212e-06,0,0.000330822907831151,0,0.00196052026260994,0,0.0221347418738517,0.000133431515540944,0
0.000258833504778798,0,0,0.000530630466709775,0.0136417304426412,3.31336116668837e-05,0,0,0.000193371791580629,0,0,0,0,0,0,0,8.95271192334591e-06,1.91475709375535e-05,0.000809490551927792,0,0,0,0,0,0.000535750120117726,0,0,0,0,0,0,0,0,0,0,0,0,0,1.73582009508275e-06,2.0005024096759e-05,0,0,0.0100988508583709,0,0.00194602612584145,5.46462927645548e-05,0.00370394725703553,0,0.0030552855932966,0,0.0429812885355095,0,0,0,0.00735930954215443,0,0.000849577865179953,0,0.00100423515805243,0,0.00503656697285669,0,0,0,0,0,0,0.00363066662230282,0,0,0,0.00027929529920971,0,0.000617924644077486,0,0,0,0,3.00247136308896e-06,4.29462124336508e-06,1.4363143566542e-05,0.000138237615761958,4.31099221468766e-05,0,0.00787852241533584,0,0
0,0.0294385734641325,0.000530630466709775,0,0,0.0339327565533479,0,0,0,0.00258082599098161,0,0,0,0,0,0,0,0,0.000747139070013382,0,0,0,0,0.00301822335708613,0,0,0,0,0,0,0,0,0,5.84590827718142e-05,0,2.42110177344404e-05,0,0.000300991260272663,0,0.000149793273834216,0,0.0134112442932159,0.000853166712805379,0.00874921918014812,0,0.00209132099213168,0.000287326399927148,0.000245146404151294,1.6288663455117e-05,0.0123277095885255,0.000210989591094427,0.000411063621924182,0,0,0,0.00321886272292718,0,0.00140923149844379,8.56950380584377e-05,0,6.13531675065244e-05,0,0.000683587420566819,0,0,0,0.000462727416674142,2.30467497248487e-05,0,0,0.00125648850095388,0,0.0061254760549303,0,0,0,0,0,1.38262851686588e-06,0,0.000400126518881092,1.39000361134466e-06,0.000773222422011501,0,0.0162333393024907,0.00449538401070557,0
0.00322099666061942,0,0.0136417304426412,0,0,0,0.00175892195626516,0,0.00703014517838294,0,0,0,0,0,0.00159930174940146,0,0,0,5.60630673019436e-05,0,0.000464274634959308,0,0,0,0,0,0,0,0,0,0,0,0,0,0,0,0.000352036758937098,0,0,0,0,0,0.00147802096815924,0,0.000533237897341497,5.09499602447744e-05,0.000164881908893657,0,0,0,0.0152521658846365,0,0.0156092663188162,0,0.000380209035734862,0,0,0,0.00121481509909555,0,0.00386486331308654,0,0,9.24126288841393e-05,0,0,0,0,0,0,0,0,0,0,0,0,0,0,0,5.10774617647203e-06,0,0,0.00243182914093466,0.000236025748632383,0.00131324938168664,0,0
0,0,3.31336116668837e-05,0.0339327565533479,0,0,0,0.00413235554167812,0,0.00827867549070216,0,0,0,0,0,0.0134900609364792,0,0,0,7.67601138391883e-05,0,0,0,0,0,0,0,0,0,0,0,0,0,7.74088654292325e-05,0,0.000104290778499665,0,0,0,0,0,0.00321485447373375,0.000141165419181286,0.00198730268841297,0.000155970309784047,9.92801766292248e-05,4.11395266713183e-05,0.000120109287314241,0,0,0,0.0215250479598685,0,0.00226587505190734,0,0,0,6.533812120324e-05,0,0,2.39790065009338e-05,0,0.000231474458329792,0,0,0,0,0,0,0,1.28918647959772e-05,0,0,0,0,0,0,0,0,0,0,0,0.00112525897965222,0.00078255897359533,0.0038668496516104,2.48186105654296e-05,0
0,0,0,0,0.00175892195626516,0,0,0,0,0,0,0,0,0,0,0,0,0,0,0,0.000283205888990778,0,0,0,0,0,0,0,0,0,0,0,0,0,0,0,0,0,0,0,0,0,0,0,0,0,0,0,0,0,0.00204012568141554,0,0.0371462791172777,0,0,0,0,0,0,0,0,0,0,0,0,0,0,0,0,0,0,0,0,0,0,0,0,0,0,0,0,0,0.0022766635467637,0.00362549775917677,0,0,0
0,0,0,0,0,0.00413235554167812,0,0,0,0,0,0,0,0.00258600312442176,0,0,0,0,0,0,0,0,0,0,0,0,0,0,0,0,0,0,0,0,0,0,0,0,0,0,0,0,0,0,0,0,0,0,0,0,0,0.000805007301184102,0,0.0419155176785402,0,0,0,0,0,0.00184340638902096,0,0,0,0,0,0,0,0,0,0,0,0,0,0,0,0,0,0,0,0,0,0,0,0,0,0,0
0.0249100526425165,0,0.000193371791580629,0,0.00703014517838294,0,0,0,0,0,0,0,0,0,0.00372639251336067,0,0.000283291475869823,2.55945357780699e-05,0.00276792452245814,0,0,0,0,0,0.00741228281579627,0,0,0,0,0,0,0,0,0,0,0,0,0,0.000217900427682845,3.1546718732586e-05,0,0.000152623399684477,0.00162666989689526,0,0.000337932149168948,5.72830105999571e-06,9.56454397790906e-05,0,0.00125923696251291,0.000210846407488098,0,0,0,0,0.127937732074904,0,0.000501868473526154,0,3.52997124329264e-05,0,0.0175806340006917,0,0,0,0,0,0,0.0165255572024194,0,0,0,0.00555444527163999,0.000103860611107711,0.00892202024395903,0,0,0,0,0,2.51526785158211e-05,1.30984474557064e-05,0.000602399737121365,0.00249975837146223,0.000100240400197192,0.00318318640445166,0.000118166420559201,0
0,0.0604596427639534,0,0.00258082599098161,0,0.00827867549070216,0,0,0,0,0,0,0,0,0,0.116986192618014,0,0.0019510242528419,0.000768323659947878,0,0,0,0,0.00330987548368359,0,0.00012483615137171,0,0,0,0,0,0,0,1.33773169654014e-05,0,0,0,0.00030707512383724,0,0,0,0.00203139311721406,3.10870259824923e-05,0.000179888427583874,0,0,0,3.54094800595738e-05,0,0.00440790850021965,0,0,0,0,0,0.0920147562385136,0,0,0,0,0,0.0339412028849831,0,0,0,0,0.00304267714269613,0,0,0,0.000554800610693601,0,0.00294804648537408,0,0,0,0,0,0,0,0.000514831139338717,0,0.00395325614434986,0.00367746311237868,0.00200436491132444,2.31721587133594e-05,0
0,0,0,0,0,0,0,0,0,0,0,0,0.00331597496689087,0,0,0,0,0,0,0,0.0155942680989698,0,0,0,0,0,0,0,0,0,0.000955954969654694,0,0,0,0,0,0.00173548508691257,0,0.00371009293740753,0,0,0,0,0,0,0,0,0,0,0,0,0,0.000393159025406931,0,0,0,0.162227256576238,0,0.000554818172530669,0,0,0,0,0.000899284597132035,0,0,0,0,0,0,0,0,0,0.000143859011586756,0,0,0,0,0,0,0,0.000712815449217054,0.00182872330281939,0.000363245503270223,3.27591380114419e-05,0,0
0,0,0,0,0,0,0,0,0,0,0,0,0,0.00786779205993751,0,0,0,0,0,0.0239590513886575,0,0,0,0,0,0,0,0,0,0.0100697872888378,0,0,0,0,0,0.00140480997340593,0,0.00210729814494171,0,0,0,0,0,0,0,0,0,0,0,0,0,0,0,0,0,0,0,0.0911720493609496,0,0.0205811568615885,0,0,0.0164040420455967,0,0,0,0,0,0,0,0.000470819307991499,0,0.00396372586683924,0,0,0,0,0,0.000753226054061614,0,4.93269599764694e-05,0,0.00122877408995889,0,3.91878978417891e-05,0,0
0,0,0,0,0,0,0,0,0,0,0.00331597496689087,0,0,0,0.000126971573048064,0,0,0,0,0,0,0,0,0,0,0,0,0,0.00182017844040872,0,0,0,0,0,0,0,0,0,0,0,0,0,0,0,0,0,0,0,0,0,0,0,0,0,0,0,0.000418704410983207,0,0.00935947667967995,0,0.00156563192298186,0,0,0,0,0,0,0,0,0,0,9.73646764177317e-05,0,0,0,0,0,0,0,0,0,0,0.000330284713619927,0.000211334151518733,0,0,0
0,0,0,0,0,0,0,0.00258600312442176,0,0,0,0.00786779205993751,0,0,0,0.0293482762681268,0,0,0,0,0,0,0,0,0,0.00689729486860385,0,0.000594052082169116,0,0,0,0,0,0,0,0,0,0,0,0,0,0,0,0,0,0,0,0,0,0,0,0,0,0,0,0,0,0.00117960334697625,0,0.00517414499349528,0,0.0219761236625282,0,0,0,0,0,0,0,0,0.0023148929032121,0,0,0,0,0,0,0,0,0,0,0,0.000705787225039372,0.00183811115334213,0,0,0
0.00351268134418801,0,0,0,0.00159930174940146,0,0,0,0.00372639251336067,0,0,0,0.000126971573048064,0,0,0,0.000931151833627299,0,2.81433827783249e-05,0,0,0,0,0,4.29779004422412e-05,0,0,0,0,0,0,0,0,0,0,0,0,0,0,0,0,0,3.09094548224142e-05,0,0,0,0,0,0.000104563647530027,0,0.00075052953551614,0,0,0,0.00141797361217355,0,0,0,0.00415419030523221,0,0.0228955351716771,0,0,0,0,0,0,6.01790540657168e-05,0,8.88218276546247e-05,0,7.08724030264495e-05,0,7.48363372416067e-05,0,0,0,0,0,0,0,2.16391349242199e-06,3.71965350571179e-05,8.85311850252627e-05,3.62076149226892e-05,0,0
0,0,0,0,0,0.0134900609364792,0,0,0,0.116986192618014,0,0,0,0.0293482762681268,0,0,0,0.00199903208496494,0,0,0,0,0,0,0,0.00058781191794615,0,0.000946712798645101,0,0,0,0,0,0,0,0,0,0,0,0,0,0,0,0,0,0,0,0,0,0,0,0,0,0,0,0.0120890751532428,0,0,0,0.00114497239490102,0,0.00857764018245919,0,0,0,0,0,0,0,0,0,0,0,0,0,0,0,0,0,0,0,0,0.00140199687490606,0.000889624874243005,0,0,0
8.16053225629648e-05,0,8.95271192334591e-06,0,0,0,0,0,0.000283291475869823,0,0,0,0,0,0.000931151833627299,0,0,0.117437770761192,0.0529952791918935,0,0,0,0.000722464162501144,0,0,0,0.00102129285464412,0,0,0,0,0,0,0,0,1.34008500767146e-05,0,9.17513518041469e-07,0,0.000313962136832378,0,0.000714107189580159,0.000585644152085221,0.000452897671148681,0.000157362085597316,7.90302809024156e-05,0.00149068479022116,0,6.01343031085707e-05,0.000214240005531863,0,0,0,0,1.88363645966154e-05,0,5.91657098249652e-05,0,1.3220666356423e-05,0,0,0,0,0.000227970307953747,0,0,0,0,0,0.002373386057918,0,0.000195901846609654,6.27977496406972e-05,0.00055426098458265,0,0,0,0,4.11292509926362e-05,0.000260073735127321,0.000169490224403913,0.00059413017817731,0.0430407474427305,0.0081535277729727,0.000890808136752498,2.83696690845861e-05,0
3.76798132275939e-05,0,1.91475709375535e-05,0,0,0,0,0,2.55945357780699e-05,0.0019510242528419,0,0,0,0,0,0.00199903208496494,0.117437770761192,0,0.0351836463123201,0,0,0.00173638917630146,0,0.000657450210352665,0,0.00561533823704787,0,0,0,0,0,0,0,0,0,2.19063992499057e-05,0,2.06430867080547e-06,0,0.000735137837986521,0,0.00161768106056176,0.000184639017956989,0.000948804346497987,0.000254610121702517,0.000124029369312362,0.000478262328283957,0,0,0.000332092304217696,0,0,0,0,2.55375980353002e-06,0,3.67415391852046e-06,0,0,0,0,0,0,0.00010662156121551,0.00186719391479272,0,0,0,0,0,0,7.93227990280472e-05,7.46590405814444e-05,0.000344210756126975,0,0,0,0,0.000129270323337399,0.000184265674620831,0.000278168985219287,0.00027696412105113,0.0551210677787719,0.0191221665003122,0.000929422991055939,0.000180250527882598,0
0.00202518513616657,0.000822470070967659,0.000809490551927792,0.000747139070013382,5.60630673019436e-05,0,0,0,0.00276792452245814,0.000768323659947878,0,0,0,0,2.81433827783249e-05,0,0.0529952791918935,0.0351836463123201,0,0,0,0,0,1.63803935586664e-05,0.000114519179262789,0,0,0,0,0,0,0,0,0,0,0.00135635890487563,0.000487103075545769,0.000217609541381573,0.000524984414400151,0.0366460813492109,4.36614301091429e-06,0.0366337184689191,0.0238401431923541,0.0172433740687969,0.0043826825379906,0.00306722927097434,0.0270324682077356,4.96056831191606e-06,0.00104332086430608,0.0226093859475793,0.000195959383636923,0,0,0,0.000773174060942222,7.8600204539119e-05,0.000707360933523819,2.20962636273562e-05,0.000206557662911341,0,0.000260711214262407,0,0,0.00609731448208724,0,0,4.28164818098308e-06,5.7542291989623e-05,0,0,0.00039103511949775,0.00606017922944279,0.00932181754159786,0.0164036483029292,0,0,0,0,0.00453766448835094,0.00816738694149017,0.00752649975732197,0.0170354866684303,0.0279092142757193,8.46619267648939e-06,0.0319839827544556,0.00233048662508822,0.000499819919109548
0,0,0,0,0,7.67601138391883e-05,0,0,0,0,0,0.0239590513886575,0,0,0,0,0,0,0,0,0,0,0,0,0,0,0,0,0,0,0,0,0,0,0,0.0049270951520849,0,5.30622265522052e-06,0,0,0,0,0,0,0,0.00110483752895565,0,0,0,0,0,0.000737855334307639,0,0,0,0,0,0.00204203356846487,0,0,0,0,0.145841401902996,0,0,0,0,0,0,0,0,0,0,0,0,0,0,0,0.000873905925253223,0,4.31770349341651e-05,0,0.000220695543750239,0,0.000313383925574094,0,0
0,0,0,0,0.000464274634959308,0,0.000283205888990778,0,0,0,0.0155942680989698,0,0,0,0,0,0,0,0,0,0,0,0,0,0,0,0,0,0,0,0,0,0,0,0,0,0.00921566534166456,0,0.00515444335314356,0,0,0,0,0,0,0,0,0,0,0,0.00151394003061792,0,0,0,0,0,0.0062357503149403,0,0.000199528832532792,0,0,0,0,0.0357038502194678,0,0,0,0,0,0,0,0,0,0.00169463140786101,0,0,0,0,0,0.00288131090069566,0,0.00672783877301925,0.000832511139450307,1.13940372272756e-05,0.00290093682234938,0,0
0,0,0,0,0,0,0,0,0,0,0,0,0,0,0,0,0,0.00173638917630146,0,0,0,0,0.00836006003388549,0.00158006021806916,0,0.00062751553121808,0,0,0,0,0,0,0,0,0,0,0,0.00736918887609817,4.47697261344255e-05,0,0,0,0,0,0,0,0,6.76048797523797e-05,0,0,0,0,0,0,0,0,0,0,0,0,0,0,0,0,0.102537073735851,0.00276405462489788,0.00260809301241107,0,0.000423979138300889,0,0.000194799284432341,0,0,0,0,0,0,0,0,0,0.00477788132903499,0.000197542711377255,0.0134753873379754,0.00954817533440911,0,0,0
0,0,0,0,0,0,0,0,0,0,0,0,0,0,0,0,0.000722464162501144,0,0,0,0,0.00836006003388549,0,0,0.00374853868458738,0,0.0176864459138106,0,0.000105179198726546,0,0,0,0,0,0,0,0,0.000389043834521236,0.0129225946899743,0,0,0,0,0,0,0,0,1.92434690766497e-05,0.00430187949238255,0,0,0,0,0,0,0,0,0,0,0,0,0,0,0,0.0012922934548722,0.128086378862029,0,0.00406147075527873,0,0.00593748922608463,0,0.000253463434779683,0,0,0,0,0,0,0,0,0.000140081427525182,0.00754150598893517,0.00955114436172668,0.00868117769633248,0,0,0
0,0.00197721349624946,0,0.00301822335708613,0,0,0,0,0,0.00330987548368359,0,0,0,0,0,0,0,0.000657450210352665,1.63803935586664e-05,0,0,0.00158006021806916,0,0,0,0.000658626774546191,0,0,0,0,0,0,0,0,0,0,0,0.00270872762660948,0,0,0,0.000218884756600758,1.38983277031416e-05,0,0,0,0,0.000765601481068798,0,0.00228715548775321,0,0,0,0,0,0.0332588056066473,0,0,0,0,0,0,0,0,0.00224385996334752,0,0.204160003428739,0,0.0016845588202313,0,5.51709812248664e-05,0,5.43841825231973e-05,0,0,0,0,0,0,0,0.000556180663087679,6.08403953907335e-06,0.00195415087119221,0,0.00113816822587529,0,0
0.0111535357521828,0,0.000535750120117726,0,0,0,0,0,0.00741228281579627,0,0,0,0,0,4.29779004422412e-05,0,0,0,0.000114519179262789,0,0,0,0.00374853868458738,0,0,0,0.0283122197156225,0,0,0,0,0,0,0,0,0,0,5.46087634918649e-06,0.00715756509636625,0,0,0,0.00035078966072679,0,0.000999661252072535,0,0,0.000213165999979113,0.00110526858656862,0,0,0,0,0,0.0155076392538052,0,0,0,2.66034059080996e-05,0,0.000524972940099099,0,0,0,0,0.00140027609511076,0,0.243114944870205,0,0.0129537550960825,0,7.24329404497761e-05,0,3.7746829591824e-05,0,0,0,0,0,0,1.50243265903873e-05,0.00105093880161715,0.000880366616558644,0,0.00106765055302227,0,0
0,0,0,0,0,0,0,0,0,0.00012483615137171,0,0,0,0.00689729486860385,0,0.00058781191794615,0,0.00561533823704787,0,0,0,0.00062751553121808,0,0.000658626774546191,0,0,0,0.00293353532502919,0,0,0,0,0,0,0,0,0,0,0,0,0,0,0,0,0,0,0,0,0,0,0,0,0,0,0,0,0,0,0,0.000692329989618726,0,0,0,0,0.000727744761488761,0,0.000189547711180182,0,0.0139572580013685,0,0,0,0,0,0,0,0,0,0,0,0,0,0.00115637760146727,0.000437532205566974,0,0,0
0,0,0,0,0,0,0,0,0,0,0,0,0,0,0,0,0.00102129285464412,0,0,0,0,0,0.0176864459138106,0,0.0283122197156225,0,0,0,0.00422687772436358,0,0,0,0,0,0,0,0,0,1.17958487325264e-05,0,0,0,0,0,0,0,0,0,0,0,0,0,0,0,0,0,0,0,0,0,0.0164109831423352,0,0,0,0,0.00891033899334149,0,0.00460095963459625,0,0.0245725033298098,0,0.0004867673067269,0,0,0,0,0,0,0,0,0,0,0.000688525795865757,3.02773155881168e-05,0,0,0
0,0,0,0,0,0,0,0,0,0,0,0,0,0.000594052082169116,0,0.000946712798645101,0,0,0,0,0,0,0,0,0,0.00293353532502919,0,0,0,0.00657683765983241,0,0,0,0,0,0,0,0.00111828831242963,0,0,0,0,0,0,0,0,0,0,0,0,0,0,0,0,0,0,0,0,0,0,0,0,0,0,0,0,0,0,0.0060788249387598,0,0.0232011607652752,0,0,0,0,0,0,0,0,0,0,0,8.43512433053946e-05,0.000163884720891325,0,0,0
0,0,0,0,0,0,0,0,0,0,0,0,0.00182017844040872,0,0,0,0,0,0,0,0,0,0.000105179198726546,0,0,0,0.00422687772436358,0,0,0,0,0,0,0,0,0,0,0,0,0,0,0,0,0,0,0,0,0,0,0,0,0,0,0,0,0,0,0,0,0,0,0,0,0,0,0,0,0,0,0.00276518547142713,0,0.0228529622728912,0,0,0,0,0,0,0,0,0,0,0.000305272804956566,0.000118361494855281,0,0,0
0,0,0,0,0,0,0,0,0,0,0,0.0100697872888378,0,0,0,0,0,0,0,0,0,0,0,0,0,0,0,0.00657683765983241,0,0,0,0,0,0,0,0,0,0.00175079909060769,0,0,0,0,0,0,0,0,0,0,0,0,0,0,0,0,0,0,0,0.00419791280940796,0,0,0,0,0,0,0,0,0,0,0,0,0.0315317629608179,0,0.0336147267975564,0,0,0,0,0,0,0,0.000426082125100979,0,0,0,0,0,0
0,0,0,0,0,0,0,0,0,0,0.000955954969654694,0,0,0,0,0,0,0,0,0,0,0,0,0,0,0,0,0,0,0,0,0,0,0,0,0,0,0,0.000784228312557086,0,0,0,0,0,0,0,0,0,0,0,0,0,0,0,0,0,0.00375718939312237,0,0,0,0,0,0,0,0,0,0,0,0,0,0,0,0,0.00405057067908679,0,0,0,0,0,0,0,0.000205692806045531,0,0,0,0,0
0,0,0,0,0,0,0,0,0,0,0,0,0,0,0,0,0,0,0,0,0,0,0,0,0,0,0,0,0,0,0,0,0.0213343229499048,0.00189216379201593,0.000866440104697643,0.000561098576927346,0.000713488439835726,0,0,0,0.00711833812630029,0,0,0,0,0,0,0.0711789629669078,0.0439932117626536,0.00622540373945124,0,0,0,0,0,0,0,0,0,0,0,0,0,0,0,0,0,0,0,0,0,0,0,0,0.0230939582343834,0.000913839923687758,0.00124194116448253,0,0.000371894383353238,0.000286346265235009,0,0,0.00101552970696148,0,5.22477461141616e-05,0,0
0,0,0,0,0,0,0,0,0,0,0,0,0,0,0,0,0,0,0,0,0,0,0,0,0,0,0,0,0,0,0,0.0213343229499048,0,2.09209089380808e-05,0.00182965058577929,8.52023127680254e-05,0.00281959841136091,0,0,0,0.000340379068012464,0,0,0,0,0,0,0.0423606601405129,0.00402411480920754,0,0,0,0,0,0,0,0,0,0,0,0,0,0,0,0,0,0,0,0,0,0,0,0,0,1.87560068575835e-05,0.149849182565875,0,0.00364997419487025,0,0.000112164008187722,0,0,0.00130687255871968,0,0,0,0
0,0,0,5.84590827718142e-05,0,7.74088654292325e-05,0,0,0,1.33773169654014e-05,0,0,0,0,0,0,0,0,0,0,0,0,0,0,0,0,0,0,0,0,0,0.00189216379201593,2.09209089380808e-05,0,0.258885110853435,0.0106200311835715,0.00116864189053489,0.00401932547668167,0.00139581272065966,0,0.000701778992027668,0,0.00101288411237465,0,0,0,0,0.165830301281124,0.0719933299367154,0.00229730259269237,0,0,0,0,0,0,0,0,0,0,0,0,0,0,0,0,0,9.05106142303454e-05,0,0,0,0,0,0,0.000195567581332727,0,0.146840230095043,0.152915013522931,0.000573398215681806,0.000607332872384831,0.00651253003559103,0.00245776390104354,0.00360345021398303,0.000185779211972281,0.00184675198817748,0,0
0,0,0,0,0,0,0,0,0,0,0,0,0,0,0,0,0,0,0,0,0,0,0,0,0,0,0,0,0,0,0,0.000866440104697643,0.00182965058577929,0.258885110853435,0,0.000610451053648534,0.00510056775970896,0.00159250725548431,0.00381814934261069,0,1.11886599197109e-05,0,0,0,0,0,0,0.0377110858553453,0.00940084645652749,0,0,0,0,0,0,0,0,0,0,0,0,0,0,0,0,0,0,0,0,0,0,0,0,0,1.92284906711627e-05,0.00189872372695677,0.0160367413173099,0.190617208978536,0,0.000208634381611808,0,0.00253203333227231,0.00325348683499884,0.00017810442377429,0,0,0
0,0,0,2.42110177344404e-05,0,0.000104290778499665,0,0,0,0,0,0.00140480997340593,0,0,0,0,1.34008500767146e-05,2.19063992499057e-05,0.00135635890487563,0.0049270951520849,0,0,0,0,0,0,0,0,0,0,0,0.000561098576927346,8.52023127680254e-05,0.0106200311835715,0.000610451053648534,0,0.00390726867771056,0.0156338865329233,0.000711135239368245,0.000196355294567566,0.000169549498287653,0.000686860620804224,4.51818292278782e-06,0.000132224184661544,0,0.00193570807509197,1.39853283428611e-05,0.00229974462353102,0.000263653042854723,7.83275954796323e-05,0,4.3660043183832e-05,0,0,0,0,4.59787109013303e-06,0.000339690161519136,0,0,0,0,0.00538079611922968,0,0,0,0,0,0,0,0,0,4.83333831359446e-06,0,0.000855965163380993,0,0.00474032002512106,0,0.0586806455800161,0.00164333560689532,0.0131425360906379,3.70568287335693e-06,0.00610162225864551,0.00154993812408366,0.00324139446628916,0.000208333091818748,0
0,0,0,0,0.000352036758937098,0,0,0,0,0,0.00173548508691257,0,0,0,0,0,0,0,0.000487103075545769,0,0.00921566534166456,0,0,0,0,0,0,0,0,0,0,0.000713488439835726,0.00281959841136091,0.00116864189053489,0.00510056775970896,0.00390726867771056,0,0.000182305255125709,0.0100807319183951,0,0.00143039078438211,0,0.000511164160942078,7.05033939843962e-06,4.42296993055187e-05,0,0,0.00161288193308844,2.06594188205152e-05,0,0,0,0,0,0,0,0.000153203116927044,0,5.15968341358811e-06,0,0,0,0,0.00404997503752179,0,0,0,0,0,0,0,0,0,0,0,0.00413436766524423,0,0.000574085714595918,0.000481500274000765,0.0645539626698687,2.30916398253293e-05,0.00959616657327989,0.0118980687966463,0.00402535003736856,0.00054473350300415,0,4.88169980606907e-05
0,0.00187277485329468,0,0.000300991260272663,0,0,0,0,0,0.00030707512383724,0,0.00210729814494171,0,0,0,0,9.17513518041469e-07,2.06430867080547e-06,0.000217609541381573,5.30622265522052e-06,0,0.00736918887609817,0.000389043834521236,0.00270872762660948,5.46087634918649e-06,0,0,0.00111828831242963,0,0.00175079909060769,0,0,0,0.00401932547668167,0.00159250725548431,0.0156338865329233,0.000182305255125709,0,0.00726740172031403,7.46431757710657e-05,0,0.000413169186669706,1.45819134543806e-06,3.04093757211052e-06,0,0.000736598650378423,0,0.00263946047988618,2.97207484138322e-05,0.00095911318663311,0,0,0,0,3.28139163284928e-06,0.00137471980124202,0,0.00555071359297125,0,0,0,1.65719970758609e-05,0.00152056348698816,0,0.00611473980486351,0.000169925246331651,0.00504927308120028,1.6430552265657e-05,0,0,0.00106655062206718,0,0.000556812179567584,0,0,0,0.00215516914639281,1.30686534573188e-05,0.00302631005918657,0,0.0686750212006109,0.00325000251402098,0.00874481218609983,0.00377087979921781,0.003770445013981,2.69031442282182e-05,0
0.000476365526567758,0,1.73582009508275e-06,0,0,0,0,0,0.000217900427682845,0,0.00371009293740753,0,0,0,0,0,0,0,0.000524984414400151,0,0.00515444335314356,4.47697261344255e-05,0.0129225946899743,0,0.00715756509636625,0,1.17958487325264e-05,0,0,0,0.000784228312557086,0,0,0.00139581272065966,0.00381814934261069,0.000711135239368245,0.0100807319183951,0.00726740172031403,0,0,0,0,0.00118090987738776,0,2.18746707527032e-05,0,0,0.00420803516444239,0.00216637338857612,0,0,0,0,0,0.0012016988016581,1.40043217265826e-05,0.000277408441155303,0,0,0,8.51115306055113e-06,0,0,0.00506253579561752,5.40203357883109e-05,0.00394671808357036,9.37064344586037e-06,0.0100503443705073,0,0.000856790363878808,0,0.000178150579287906,0,0,0,0,0.000690711465490885,0.000381477957719726,9.46116425158558e-06,0.00218231870033513,0.00153124066592434,0.114234267257238,0.00895603097454473,0.0051659968266434,0.00164786535863871,0,0.000110458573670289
0,0.000284767119045668,2.0005024096759e-05,0.000149793273834216,0,0,0,0,3.1546718732586e-05,0,0,0,0,0,0,0,0.000313962136832378,0.000735137837986521,0.0366460813492109,0,0,0,0,0,0,0,0,0,0,0,0,0,0,0,0,0.000196355294567566,0,7.46431757710657e-05,0,0,0,0.142780129315638,0.000108322829397359,0.0421397611627155,0.000309216734843627,0.0069956219023672,0.000192921974440027,0,0,0.00315686905519788,0.000105446701135103,0,0,0,3.03190742133462e-05,0.00018025926777061,0,0,0,0,0,0,0.00013170816713487,8.72626297831894e-05,0,0,0,0,0,0,1.63084214137403e-05,2.2772113622241e-05,0.000322379320601677,2.10769509653987e-05,0,0,0,0,0.00152857685194764,1.10328828092671e-05,0.000502017341423451,8.30465436558486e-05,0.00064604023037756,0,0.0258394330831053,0.00106928023153969,0
0,0,0,0,0,0,0,0,0,0,0,0,0,0,0,0,0,0,4.36614301091429e-06,0,0,0,0,0,0,0,0,0,0,0,0,0.00711833812630029,0.000340379068012464,0.000701778992027668,1.11886599197109e-05,0.000169549498287653,0.00143039078438211,0,0,0,0,0,0.00417622344585281,0,0.000202272988812089,0,0,0.0888824998258222,0.323229773463642,0.0256043956766067,0,0,0,0,0,0,0,0,1.56385829821852e-05,0,0,0,0,0,0,0,0,0,0,0,0,0,0,0,0.00018765919821577,0.0015708516907298,0.000157109782387458,8.17856761713503e-05,0.000186953476583679,0.00378009348759803,0,2.44969833815284e-05,0.000158043375669153,0,0.00444023705025884,0,0
0,0.00520592878953476,0,0.0134112442932159,0,0.00321485447373375,0,0,0.000152623399684477,0.00203139311721406,0,0,0,0,0,0,0.000714107189580159,0.00161768106056176,0.0366337184689191,0,0,0,0,0.000218884756600758,0,0,0,0,0,0,0,0,0,0,0,0.000686860620804224,0,0.000413169186669706,0,0.142780129315638,0,0,0.00523455526590851,0.00572130176295482,0.000137261132818201,0.0136467832828336,0.000325269173300697,0.00231969743296437,8.57256578142116e-06,0.0282022066950449,0.000157666886301336,0.000175262174894158,0,0,0.000212739753016028,0.00231956679955083,4.43592540617845e-06,0.000380668685455683,9.99582211386098e-06,0,9.69823801807137e-05,0,6.61834423980589e-05,9.00366132605213e-06,0,0,1.74207312667834e-05,9.15392178866951e-05,0,0,0.00142598911986458,6.75166476555038e-05,0.0114849288837033,0.00025972356049124,0,0,0,0,0.00155250385701629,3.45230035375115e-05,0.00198939697106988,9.072966407824e-05,0.00682335643209184,0,0.0540892718122094,0.00196931106043403,0
0.00692133323751078,0,0.0100988508583709,0.000853166712805379,0.00147802096815924,0.000141165419181286,0,0,0.00162666989689526,3.10870259824923e-05,0,0,0,0,3.09094548224142e-05,0,0.000585644152085221,0.000184639017956989,0.0238401431923541,0,0,0,0,1.38983277031416e-05,0.00035078966072679,0,0,0,0,0,0,0,0,0.00101288411237465,0,4.51818292278782e-06,0.000511164160942078,1.45819134543806e-06,0.00118090987738776,0.000108322829397359,0.00417622344585281,0.00523455526590851,0,0.000234039687011872,0.00271956250764094,6.02602222181392e-05,0.0634428567092965,0.0042735952823021,0.067995979574693,0.000171987440177929,0.0045771605800622,1.04655510398949e-05,0,0,0.00469298510559743,0.000186571106739486,0.00124675686349665,1.17176470240279e-05,0.00342756368405068,0,0.00427937086274682,0,0,0.00309893267368115,0,0,0,0.00192158936474356,0,9.87130907647172e-06,2.77863922658062e-05,0.0074671276992147,0.000364282535953667,0.00709689295004958,0,0,0,0,3.00222957958841e-06,0.00572931752047675,2.77626902772455e-05,0.00548746892240252,0.00349867890622155,0,0.0416420368344261,1.2402562021181e-05,0.00281355427870237
0,0.000131520774951985,0,0.00874921918014812,0,0.00198730268841297,0,0,0,0.000179888427583874,0,0,0,0,0,0,0.000452897671148681,0.000948804346497987,0.0172433740687969,0,0,0,0,0,0,0,0,0,0,0,0,0,0,0,0,0.000132224184661544,7.05033939843962e-06,3.04093757211052e-06,0,0.0421397611627155,0,0.00572130176295482,0.000234039687011872,0,0.00177355059096882,0.0160078724639104,0.000150221871293334,0,0.000115935507722729,0.001594921374127,0,0,0,0,8.73582757014608e-05,0.000415174478052345,0,0,1.00261993365775e-05,0,0,0,0,0,0,0,0,0,0,0,2.81105402242729e-05,0,0.000479299725937851,0.000256892695646705,0,0,0,0,0.000612187138593635,6.60511128265473e-05,0.000159448450325078,5.48241294118041e-05,0.000754428980421119,0,0.0125920561139751,0.00104558273286111,0
0,0,0.00194602612584145,0,0.000533237897341497,0.000155970309784047,0,0,0.000337932149168948,0,0,0,0,0,0,0,0.000157362085597316,0.000254610121702517,0.0043826825379906,0,0,0,0,0,0.000999661252072535,0,0,0,0,0,0,0,0,0,0,0,4.42296993055187e-05,0,2.18746707527032e-05,0.000309216734843627,0.000202272988812089,0.000137261132818201,0.00271956250764094,0.00177355059096882,0,0.000108884452323302,0.0400914293619968,0,0.000152973056242074,0,0,0,0,0,0.000958340761107341,0,0.000216548330569965,0,4.9147746795261e-05,0,0.000629178962244463,0,0,0.00352776380678108,0,0,0,0.00110718939355431,0,0,0,0.000218709445372059,2.07616895672289e-05,0.0007708238497994,0,0,0,0,3.40766592810306e-05,0.000989206261639497,2.35969747804143e-05,0.00015908377745865,8.13761453604012e-05,0,0.00232091486625078,0,0
0,0,5.46462927645548e-05,0.00209132099213168,5.09499602447744e-05,9.92801766292248e-05,0,0,5.72830105999571e-06,0,0,0,0,0,0,0,7.90302809024156e-05,0.000124029369312362,0.00306722927097434,0.00110483752895565,0,0,0,0,0,0,0,0,0,0,0,0,0,0,0,0.00193570807509197,0,0.000736598650378423,0,0.0069956219023672,0,0.0136467832828336,6.02602222181392e-05,0.0160078724639104,0.000108884452323302,0,0.00243519511156114,2.54055714588151e-05,5.07233239674984e-06,0.000663898526992679,0,7.13325897378427e-05,0,0,0,0,3.72127119452377e-05,0.000948922523995054,5.28637684582567e-05,0,9.73988114933767e-06,0,0.0236470910422319,0,0,0,0,1.06819474685457e-05,0,0,0,0,0.0035429658689083,0,0,0,0,0,0.00203511238164158,6.56167090570814e-06,0.00727203434778268,2.43659951337184e-06,0.000327096232832941,0,0.0395101934376154,3.31628733621116e-05,0
0.00629143904938092,0,0.00370394725703553,0.000287326399927148,0.000164881908893657,4.11395266713183e-05,0,0,9.56454397790906e-05,0,0,0,0,0,0,0,0.00149068479022116,0.000478262328283957,0.0270324682077356,0,0,0,0,0,0,0,0,0,0,0,0,0,0,0,0,1.39853283428611e-05,0,0,0,0.000192921974440027,0,0.000325269173300697,0.0634428567092965,0.000150221871293334,0.0400914293619968,0.00243519511156114,0,6.66835664789984e-06,0.00060497370175273,0.000107122464307666,0.000517151975903289,5.11910178442789e-05,0,0,0.000348379077647416,4.69022253956203e-05,0.000157035989909353,5.85546629817732e-05,0.000517582425635233,0,0.000597686096736118,0,0,0.0191136824777792,0,0,0,7.70016264337134e-06,0,0,0,0.000126261498315867,0.000126468839400196,0.00100164353392548,0,0,0,0,2.27859064909503e-05,0.000241260657225873,1.20552026041428e-05,0.000315532203338877,0.00277694829410525,0,0.0371382836616843,7.15644899917586e-05,4.34283832210299e-05
0,0.00195990650552096,0,0.000245146404151294,0,0.000120109287314241,0,0,0,3.54094800595738e-05,0,0,0,0,0,0,0,0,4.96056831191606e-06,0,0,6.76048797523797e-05,1.92434690766497e-05,0.000765601481068798,0.000213165999979113,0,0,0,0,0,0,0.0711789629669078,0.0423606601405129,0.165830301281124,0.0377110858553453,0.00229974462353102,0.00161288193308844,0.00263946047988618,0.00420803516444239,0,0.0888824998258222,0.00231969743296437,0.0042735952823021,0,0,2.54055714588151e-05,6.66835664789984e-06,0,0.431158088756625,0.0760422744933253,0,0,0,0,3.67853948546002e-05,0.000179394589362486,0,0,0,0,0,0,0,0,2.28505948606786e-05,0,0.00107867847437618,0.000220741833645885,0,0,0,0,4.00771115259998e-05,0,0.00301185797041769,0.0111607600869622,0.0564643395047606,0.00800569279795284,0.00440089160707585,0.00502982323830423,0.0069490877619487,0.0198913721190096,0.00770893307681939,2.83110371359599e-06,0.0154519038628702,0,0
0.0126292013412569,0,0.0030552855932966,1.6288663455117e-05,0,0,0,0,0.00125923696251291,0,0,0,0,0,0.000104563647530027,0,6.01343031085707e-05,0,0.00104332086430608,0,0,0,0.00430187949238255,0,0.00110526858656862,0,0,0,0,0,0,0.0439932117626536,0.00402411480920754,0.0719933299367154,0.00940084645652749,0.000263653042854723,2.06594188205152e-05,2.97207484138322e-05,0.00216637338857612,0,0.323229773463642,8.57256578142116e-06,0.067995979574693,0.000115935507722729,0.000152973056242074,5.07233239674984e-06,0.00060497370175273,0.431158088756625,0,0.0530965595720949,0.000303933942966576,0,0,0,0.00109484753489505,0,0.00105859755502377,0,0.00131347837568686,0,0.00807450446338975,0,0,0,0,0.00289280052111371,5.55835605369568e-05,0.00214883779477094,0,0.00957692365734136,0,0.00826743007692962,0,0.00692859009980989,0.00103777514137177,0.00215705478537689,0.0177366501148929,0.00331845478257407,0.000476495291642793,0.000887035327395563,6.87650222264148e-05,0.00418899623828653,0.00295558085106887,0,0.0283405867026287,0,0
0,0.0144810328260538,0,0.0123277095885255,0,0,0,0,0.000210846407488098,0.00440790850021965,0,0,0,0,0,0,0.000214240005531863,0.000332092304217696,0.0226093859475793,0,0,0,0,0.00228715548775321,0,0,0,0,0,0,0,0.00622540373945124,0,0.00229730259269237,0,7.83275954796323e-05,0,0.00095911318663311,0,0.00315686905519788,0.0256043956766067,0.0282022066950449,0.000171987440177929,0.001594921374127,0,0.000663898526992679,0.000107122464307666,0.0760422744933253,0.0530965595720949,0,0,0,0,0,0.000193543640080569,1.70256845814631e-05,0,0.00378982827898675,0,0.0050864047298823,0,0.00556955716020541,8.05489347354972e-05,6.26799437083124e-06,0,0,0.000213654573046188,0,0.00164466752822714,0,0.00213795992601749,5.11136524569335e-05,0.00202934689834231,0.000164768895091037,0,0,0.000317456252530627,0,4.21184096489316e-05,7.64293771545202e-06,0.00105188003986307,3.57811989849297e-05,0.00184830922651068,0,0.0179821726016643,0.00377427516836825,0
0,0,0.0429812885355095,0.000210989591094427,0.0152521658846365,0,0.00204012568141554,0,0,0,0,0,0,0,0.00075052953551614,0,0,0,0.000195959383636923,0,0.00151394003061792,0,0,0,0,0,0,0,0,0,0,0,0,0,0,0,0,0,0,0.000105446701135103,0,0.000157666886301336,0.0045771605800622,0,0,0,0.000517151975903289,0,0.000303933942966576,0,0,0,0,0,0.00608268751538134,0,0.00816494987796544,0,0.0120742280433686,0,0.022944289708693,0,0,0.0109540937360171,0,0,0,0,0,0,0,1.11866678291432e-05,0,0,0,0,0,0,0,1.22333996586249e-05,0,0,0.000920442991156307,0,0.00584808272650336,0,0
0,0,0,0.000411063621924182,0,0.0215250479598685,0,0.000805007301184102,0,0,0,0,0,0,0,0,0,0,0,0.000737855334307639,0,0,0,0,0,0,0,0,0,0,0,0,0,0,0,4.3660043183832e-05,0,0,0,0,0,0.000175262174894158,1.04655510398949e-05,0,0,7.13325897378427e-05,5.11910178442789e-05,0,0,0,0,0,0,0,0,0,0,4.26697612075077e-05,3.28029129146247e-05,0,0,0,0.0002508944495819,0,0,0,0,0,0,0,0,0,0,0,0,0,0,0,0,0,0,0,6.94330108999557e-05,0,0.00195614250493454,0,0
0,0,0,0,0.0156092663188162,0,0.0371462791172777,0,0,0,0.000393159025406931,0,0,0,0,0,0,0,0,0,0,0,0,0,0,0,0,0,0,0,0,0,0,0,0,0,0,0,0,0,0,0,0,0,0,0,0,0,0,0,0,0,0,0,0,0,0,0,0,0,0,0,0,0,0,0,0,0,0,0,0,0,0,0,0,0,0,0,0,0,0,0,0.000244347983003265,0.000423459297699966,0,0,0
0,0,0,0,0,0.00226587505190734,0,0.0419155176785402,0,0,0,0,0,0,0,0,0,0,0,0,0,0,0,0,0,0,0,0,0,0,0,0,0,0,0,0,0,0,0,0,0,0,0,0,0,0,0,0,0,0,0,0,0,0,0,0,0,0,0,0,0,0,0,0,0,0,0,0,0,0,0,0,0,0,0,0,0,0,0,0,0,0,0,0,0,0,0
0.0101204278859677,0,0.00735930954215443,0,0.000380209035734862,0,0,0,0.127937732074904,0,0,0,0,0,0.00141797361217355,0,1.88363645966154e-05,2.55375980353002e-06,0.000773174060942222,0,0,0,0,0,0.0155076392538052,0,0,0,0,0,0,0,0,0,0,0,0,3.28139163284928e-06,0.0012016988016581,3.03190742133462e-05,0,0.000212739753016028,0.00469298510559743,8.73582757014608e-05,0.000958340761107341,0,0.000348379077647416,3.67853948546002e-05,0.00109484753489505,0.000193543640080569,0.00608268751538134,0,0,0,0,0,0.000293155483084288,0,0,0,0.0116413822108974,0,0,0,0,0,0,0.0629004008508133,0,0,0,0.00410217182787246,5.01886179980413e-05,0.00260607833859065,0,0,0,0,0,1.08441385790432e-05,1.23428539480686e-05,0.000441533836063479,0.000242138029022905,0,0.00434605555904794,0,0
0,0.0545691292428621,0,0.00321886272292718,0,0,0,0,0,0.0920147562385136,0,0,0,0,0,0.0120890751532428,0,0,7.8600204539119e-05,0,0,0,0,0.0332588056066473,0,0,0,0,0,0,0,0,0,0,0,0,0,0.00137471980124202,1.40043217265826e-05,0.00018025926777061,0,0.00231956679955083,0.000186571106739486,0.000415174478052345,0,0,4.69022253956203e-05,0.000179394589362486,0,1.70256845814631e-05,0,0,0,0,0,0,0,5.00017302942669e-05,0,0,0,0.0412804645327098,0,0,0,0,0.0650129662192251,0,0,0,2.44940638648992e-05,1.43139014943394e-05,0.000343213484297418,1.91630857926811e-05,0,0,0,0,0,0,0.00123131293605891,3.7549130994433e-06,0.000443602578879577,5.28583312631051e-06,0.000815480274387958,0,0
0.000408895830887063,0,0.000849577865179953,0,0,0,0,0,0.000501868473526154,0,0.162227256576238,0,0.000418704410983207,0,0,0,5.91657098249652e-05,3.67415391852046e-06,0.000707360933523819,0,0.0062357503149403,0,0,0,0,0,0,0,0,0,0.00375718939312237,0,0,0,0,4.59787109013303e-06,0.000153203116927044,0,0.000277408441155303,0,0,4.43592540617845e-06,0.00124675686349665,0,0.000216548330569965,3.72127119452377e-05,0.000157035989909353,0,0.00105859755502377,0,0.00816494987796544,0,0,0,0.000293155483084288,0,0,0,0.00183011869979898,0,0.00024127586074651,0,0,0.0273768651451771,0,0,0,0,0,0.000143469537984844,0,0.0329331667165908,0,0.0213605312929562,0,0,0,0,0,4.0197281738177e-06,1.08921981561627e-05,0.00137970987170995,0.000583144824841281,1.56858545821844e-05,0.0155742660138813,0,0
0,0.000428452369416715,0,0.00140923149844379,0,6.533812120324e-05,0,0,0,0,0,0.0911720493609496,0,0.00117960334697625,0,0,0,0,2.20962636273562e-05,0.00204203356846487,0,0,0,0,0,0,0,0,0,0.00419791280940796,0,0,0,0,0,0.000339690161519136,0,0.00555071359297125,0,0,0,0.000380668685455683,1.17176470240279e-05,0,0,0.000948922523995054,5.85546629817732e-05,0,0,0.00378982827898675,0,4.26697612075077e-05,0,0,0,5.00017302942669e-05,0,0,0,0.000782990551758061,0,0.000465099283548796,0.00583960491555996,0,0,0,0,0,1.32592773058034e-05,0,0.00787288123636211,0,0.0265695810146479,0,0,0,0,0,0,0,0.000726427938413208,0,0.000318297191361546,0,0.0272494598485684,6.130588901513e-05,0
0.000261723348384523,0,0.00100423515805243,8.56950380584377e-05,0.00121481509909555,0,0,0,3.52997124329264e-05,0,0.000554818172530669,0,0.00935947667967995,0,0.00415419030523221,0,1.3220666356423e-05,0,0.000206557662911341,0,0.000199528832532792,0,0,0,2.66034059080996e-05,0,0,0,0,0,0,0,0,0,0,0,5.15968341358811e-06,0,0,0,1.56385829821852e-05,9.99582211386098e-06,0.00342756368405068,1.00261993365775e-05,4.9147746795261e-05,5.28637684582567e-05,0.000517582425635233,0,0.00131347837568686,0,0.0120742280433686,3.28029129146247e-05,0,0,0,0,0.00183011869979898,0,0,0,0.00108337533327549,0,0,0.00162738759085501,0,0,0,6.77085846232254e-05,0,0.000879532023299906,0,0.00807419650227853,0,0.000264207691304542,0,0,0,0,0,0,0,4.03793951206601e-05,0.00025522805199896,0,0.0067263855218009,0,0
0,0.000247505828851873,0,0,0,0,0,0.00184340638902096,0,0,0,0.0205811568615885,0,0.00517414499349528,0,0.00114497239490102,0,0,0,0,0,0,0,0,0,0.000692329989618726,0,0,0,0,0,0,0,0,0,0,0,0,0,0,0,0,0,0,0,0,0,0,0,0.0050864047298823,0,0,0,0,0,0,0,0.000782990551758061,0,0,0,0.0154527676089633,0,0,0,0,0,0,0.000942050443739534,0,0.0115114523515022,0,0,0,0,0,0,0,0,0,0,0,2.20436677558797e-05,2.80857766568756e-05,0.000272311590985471,0,0
0.000705578370955236,0,0.00503656697285669,6.13531675065244e-05,0.00386486331308654,2.39790065009338e-05,0,0,0.0175806340006917,0,0,0,0.00156563192298186,0,0.0228955351716771,0,0,0,0.000260711214262407,0,0,0,0,0,0.000524972940099099,0,0.0164109831423352,0,0,0,0,0,0,0,0,0,0,0,8.51115306055113e-06,0,0,9.69823801807137e-05,0.00427937086274682,0,0.000629178962244463,9.73988114933767e-06,0.000597686096736118,0,0.00807450446338975,0,0.022944289708693,0,0,0,0.0116413822108974,0,0.00024127586074651,0,0.00108337533327549,0,0,0,0,2.74604074304834e-05,0,0,0,0.00213579086193972,0,0.00239299955058472,0,0.0118820501167169,0,0.00530032506903567,0,0,0,0,0,3.27215713501005e-06,0,0.000546959951589461,1.1372669795855e-05,0,0.00560876764815238,0,0
0,0,0,0,0,0,0,0,0,0.0339412028849831,0,0,0,0.0219761236625282,0,0.00857764018245919,0,0,0,0,0,0,0,0,0,0,0,0,0,0,0,0,0,0,0,0,0,1.65719970758609e-05,0,0,0,0,0,0,0,0,0,0,0,0.00556955716020541,0,0,0,0,0,0.0412804645327098,0,0.000465099283548796,0,0.0154527676089633,0,0,0,0,0,0,0,0,0.001613818287812,0,0.000825385882413592,0,0,0,0,0,0,0,0,0,0,0,0.000134658328686094,0.000275582048451932,9.23746657042246e-05,0,0
0,0,0,0.000683587420566819,0,0.000231474458329792,0,0,0,0,0,0.0164040420455967,0,0,0,0,0,0,0,0.145841401902996,0,0,0,0,0,0,0,0,0,0,0,0,0,0,0,0.00538079611922968,0,0.00152056348698816,0,0.00013170816713487,0,6.61834423980589e-05,0,0,0,0.0236470910422319,0,0,0,8.05489347354972e-05,0,0.0002508944495819,0,0,0,0,0,0.00583960491555996,0,0,0,0,0,0,0,0,0,0,0,0,0,0,0.00606168757994927,0,0,0,0,0,0.00170300335700185,0,0.00210686870827481,0,0.000132289531627397,0,0.0153463693108662,0,0
0.00268224205478068,0,0,0,9.24126288841393e-05,0,0,0,0,0,0.000899284597132035,0,0,0,0,0,0.000227970307953747,0.00010662156121551,0.00609731448208724,0,0.0357038502194678,0,0,0,0,0,0,0,0,0,0,0,0,0,0,0,0.00404997503752179,0,0.00506253579561752,8.72626297831894e-05,0,9.00366132605213e-06,0.00309893267368115,0,0.00352776380678108,0,0.0191136824777792,0,0,6.26799437083124e-06,0.0109540937360171,0,0,0,0,0,0.0273768651451771,0,0.00162738759085501,0,2.74604074304834e-05,0,0,0,0,0,0,0,0,0,3.64060826763324e-06,1.10863224750154e-05,0,0.00944145533713656,0,0,0,0,2.13848223841939e-06,0.00494208388621415,0,0.0106538940552202,0.000550758706685899,0,0.00827938779382153,0,0
0,0,0,0,0,0,0,0,0,0,0,0,0,0,0,0,0,0.00186719391479272,0,0,0,0.102537073735851,0.0012922934548722,0.00224385996334752,0,0.000727744761488761,0,0,0,0,0,0,0,0,0,0,0,0.00611473980486351,5.40203357883109e-05,0,0,0,0,0,0,0,0,2.28505948606786e-05,0,0,0,0,0,0,0,0,0,0,0,0,0,0,0,0,0,0.000360875526099391,0.012657542830601,1.00204071563696e-05,0.00723507456142531,0,0.00187241238962317,0,0,0,0,0,0,0,0,0,0.00470962201367405,0.000148661829731304,0.00211449717302218,0.00155352123512391,0,0,0
