0,0,126.934892147779,0,0,0,0,0,1415.2400316745,0,0,0,0,0,14.3361936211586,0,1.36345386505127,0.708262115716934,167.131694883108,0,0,0,0,0,20.6305615007877,0,0,0,0,0,0,0,0,0,0,0,0,0,0.693378865718842,0,53.0456350594759,0,61.2616690099239,0,0,0,11.7599949091673,0,922.338598027825,0,0,0,0,0,413.686125129461,0,0,0,0,0,68.1627632975578,0,0,1.70694303512573,0,0,0,26.1203269958496,0,0,0,0,0,0,0,0,0,0,0,7.07070733606815,0,8.28445874154568,705.195172354579,0,130.704867959023,0,3.84170532226562
0,0,0,324.297174677253,0,0,0,0,0,142.725324437022,0,0,0,0,0,0,0,0,6.83405756950378,0,0,0,0,60.5791916102171,0,0,0,0,0,0,0,0,0,0,0,0,0,57.6978656500578,0,3.79730156064034,0,8.82768674194813,0,0,0,21.1502350568771,0,2.98998758196831,0,925.60008815676,0,0,0,0,0,648.888421759009,0,3.74445348978043,0,0,0,33.2708672732115,0,0,0,0,483.135851278901,0,0.838533639907837,0,61.1460983455181,0,11.432894423604,0,0,0,0,0,0.520795986056328,0,45.4713131189346,0,406.164017096162,0,903.944059431553,0,0
126.934892147779,0,0,0,285.391212642193,0,0,0,326.529735386372,0,0,0,0,0,0,0,0,0,3.42816731333733,0,17.2644442617893,0,0,0,0,0,0,0,0,0,0,0,0,0.28001469373703,0,0,39.0313722789288,0,0.146224424242973,0,20.2786074578762,0,115.348689287901,0,0,0,63.0894218981266,1.53022000193596,403.009796231985,0,135.164375185966,0,0,0,310.998609721661,0,25.4861250817776,0,3.74690559506416,0,6.48824292421341,0,0,3.47168958187103,0,0,0,0,0,0,0,0,0,0,0,0,0,0,0,35.2491188645363,0,6.14996273070574,504.598538041115,0,625.755097419024,0,0
0,324.297174677253,0,0,0,150.882112532854,0,0,0,117.655521810055,0,0,0,0,0,0,0,0,0,12.6685428619385,0,0,0,0.196929469704628,0,0,0,0,0,0,0,0,0,0,0,1.12633576989174,0,1.53798604011536,0,0.235478289425373,0,6.06926470994949,0,0,0,10.9297269657254,0,0,0,215.358537137508,0,19.1214448213577,0,0,0,170.522517293692,0,36.7987625300884,0,57.3564804196358,0,3.62973272800446,1.87478418648243,0,0,0,8.88843524456024,0,0,0,1.3390654027462,0,0.729277104139328,0,0,0,0,0,2.24549174308777,0,5.87393581867218,0,385.941527664661,0,320.817714616656,0,0
0,0,285.391212642193,0,0,0,0,0,2.80506581068039,0,0,0,0,0,0,0,0,0,0,0,29.0897967666388,0,0,0,0,0,0,0,0,0,0,0,0,0,0,0,46.8827847838402,0,0,0,0,0,0,0,0,0,0,0,0,0,140.28685182333,0,0,0,0,0,0,0,0,0,0,0,0,24.0763541013002,0,0,0,0,0,0,0,0,0,0,0,0,0,0,0,25.6329583525658,0,0,235.099422097206,0,73.3501608669758,0,0
0,0,0,150.882112532854,0,0,0,9.89413380622864,0,177.560865283012,0,1.35261654853821,0,0,0,9.08900088071823,0,0,0,0,0,0,0,0,0,0,0,0,0,0,0,0,0,0,0,0,0,0,0,0,0,0,0,0,0,0,0,0,0,0,0,510.522602170706,0,0,0,5.45404198765755,0,1.68312782049179,0,0,0,53.4646248221397,0,0,0,0,0,0,0,0,0,0,0,0,0,0,0,0,0,0,0,0,174.340845316648,0,46.2442983090878,0,0
0,0,0,0,0,0,0,0,0,0,0,0,0,0,0,0,0,0,0,0,0,0,0,0,0,0,0,0,0,0,0,0,0,0,0,0,0,0,0,0,0,0,0,0,0,0,0,0,0,0,0,0,0,0,0,0,0,0,0,0,0,0,0,0,0,0,0,0,0,0,0,0,0,0,0,0,0,0,0,0,0,0,0,0,0,0,0
0,0,0,0,0,9.89413380622864,0,0,0,0,0,151.160828351974,0,7.47089636325836,0,0,0,0,0,0,0,0,0,0,0,0,0,0,0,0,0,0,0,0,0,0,0,0,0,0,0,0,0,0,0,0,0,0,0,0,0,0,0,473.141323804855,0,0,0,0,0,118.693251490593,0,0,0,0,0,0,0,0,0,0,0,0,0,0,0,0,0,0,0,0,0,0,8.75623857975006,0,0,0,0
1415.2400316745,0,326.529735386372,0,2.80506581068039,0,0,0,0,0,0,0,0,0,244.033796131611,0,190.22796484828,8.37143527716398,3.19179753959179,0,1.31107598543167,0,0,0,309.127725154161,0,193.835031330585,0,0,0,0,0,0,0,0,0,0,0,2.93954882025719,0,0.80157807469368,0,66.2514463067055,0,0,0,0.551813006401062,1.25040876865387,50.1669891178608,0,3.78665387630463,0,0,0,1038.54214940965,0,0,0,0,0,115.834494516253,0,0,0,0,0,0,162.92472037673,0,29.8522711396217,0,0,0,0,0,0,0,0,0,0.178956523537636,0,2.83022585511208,330.052744463086,0.260750107467175,416.885551482439,0,1.09213292598724
0,142.725324437022,0,117.655521810055,0,177.560865283012,0,0,0,0,0,0,0,0,0,654.238227158785,6.898960031569,61.8270649462938,3.31968013942242,0,0,0,0,552.199282556772,0,294.333528086543,0,0,0,0,0,0,0,0,0,0,0,14.9593595266342,0,2.29116992652416,1.0881370306015,65.2625733464956,0.144824206829071,0,0,1.0772735029459,0,0,0,87.6584092974663,0,13.9087523818016,0,0,0,1308.16152460873,0,0,0,0,0,472.434246525168,0,0,0,0,112.365004524589,0,148.944288998842,0,31.6002917289734,0,40.0960499942303,0,0,0,0,0,0.50482177734375,0,4.41563241183758,0,849.77971881628,0,112.682872489095,0.941151693463326,0
0,0,0,0,0,0,0,0,0,0,0,0,45.0758163332939,0,0,0,0,0,0,0,822.257231205702,0,0,0,0,0,0,0,10.1377719640732,0,66.6988701820374,0,0,0,0,0,90.7125166356564,0,140.038494437933,0,0.2511987388134,0,0,0,0,0,3.63320690393448,0,0,0,0,0,0,0,0,0,705.678592860699,0,0.62675929069519,0,0,0,0,256.295576676726,0,0,0,0,0,0,0,10.1183727383614,0,22.1315774023533,0,0,0,0,0,1.86999244987965,0,0.651757001876831,616.009035468102,0,28.2563989162445,0,0
0,0,0,0,0,1.35261654853821,0,151.160828351974,0,0,0,0,0,203.529871851206,0,0,0,0,0,107.615320652723,0,0,0,0,0,0,0,90.7633859962225,0,228.424267292023,0,0,0,0,0,0,0,281.206562176347,0,0,0,0,0,0,0,0,0,0,0,0,0,0,0,0,0,0,0,2078.57305496931,0,83.5428774803877,0,0,59.3236528337002,0,0,0,0,0,0,0,29.2372687906027,0,298.324067741632,0,0,0,0,0,0,0,13.3792991042137,0,322.153634518385,0,2.05469819903374,0,0
0,0,0,0,0,0,0,0,0,0,45.0758163332939,0,0,0,0,0,0,0,0,0,0,0,0,0,0,0,0,0,0,0,0,0,0,0,0,0,0,0,0,0,0,0,0,0,0,0,0,0,0,0,0,0,0,0,0,0,27.3127679228783,0,186.827953100204,0,0,0,0,0,0,0,0,0,0,0,0,24.3551530539989,0,0,0,0,0,0,0,0,0,0,0,0,0,0,0
0,0,0,0,0,0,0,7.47089636325836,0,0,0,203.529871851206,0,0,0,244.101797819138,0,0,0,0,0,0,0,0,0,0,0,225.907233044505,0,0,0,0,0,0,0,0,0,0,0,0,0,0,0,0,0,0,0,0,0,0,0,0,0,0.533351480960846,0,0,0,51.8771240860224,0,612.677666202188,0,19.5192377865314,0,0,0,0,0,0,0,0,54.6296918690205,0,10.7361372262239,0,0,0,0,0,0,0,0,0,25.616377979517,0,0,0,0
14.3361936211586,0,0,0,0,0,0,0,244.033796131611,0,0,0,0,0,0,0,52.820408821106,0,0,0,0,0,0,0,17.1502161622047,0,12.3376580476761,0,0,0,0,0,0,0,0,0,0,0,0,0,0,0,0,0,0,0,0,0,0,0,0,0,0,0,161.671789705753,0,0,0,61.3735420703888,0,132.161842107773,0,0,0,0,0,0,0.963196098804474,0,19.614554643631,0,0,0,0,0,0,0,0,0,0,0,0,58.2176316380501,0,0,0,0
0,0,0,0,0,9.08900088071823,0,0,0,654.238227158785,0,0,0,244.101797819138,0,0,0.201609224081039,9.21028599143028,0,0,0,0,0,37.8696713596582,0,144.807343319058,0,0,0,0,0,0,0,0,0,0,0,0,0,0,0,0,0,0,0,0,0,0,0,0,0,7.77032884955406,0,0,0,91.5218387544155,0,0,0,63.3925570845604,0,354.263422876596,0,0,0,0,1.22191309928894,0,103.912709340453,0,0,0,0,0,0,0,0,0,0,0,0,0,40.1628296822309,148.95040667057,0,0,0
1.36345386505127,0,0,0,0,0,0,0,190.22796484828,6.898960031569,0,0,0,0,52.820408821106,0.201609224081039,0,15149.0122856051,3991.77692912519,0,0,0,336.835385769606,0,4.05799269676208,0,392.663646996021,0,26.0302052497864,0,0,0,0,0,0,0.245612189173698,0,1.7908900976181,0,6.35240516066551,39.2223977074027,8.26928200572729,35.4659411758184,0,0,13.7417809590697,11.7112637907267,0,0,4.7621685564518,0,0,0,0,0,0,0,0,0,0,0,0,0,1.32264384627342,0,144.276501953602,0,0,0,65.9883068203926,0,0,0,0,0,0,0,0,3.6298244073987,5.79252866655588,13.2200745865703,7.60873754322529,14068.9587416425,2225.53379301727,40.2811462804675,2.43990184366703,0.943855687975883
0.708262115716934,0,0,0,0,0,0,0,8.37143527716398,61.8270649462938,0,0,0,0,0,9.21028599143028,15149.0122856051,0,4241.38009919226,0,0,239.68092776835,0,3.30655708909035,0,307.538072407246,0,13.0681486129761,0,0,0,0,0,0,0,0.440798491239548,0,0.205164641141891,0,14.5931474789977,25.6223829686642,23.399845726788,21.8280440196395,0,0,20.1221848577261,8.67078031599522,0,3.54037058353424,12.3657464832067,0,0,0,0,0,1.45646217465401,0,0,0,0,0,0,0.527155697345734,1.71007484197617,32.4111101478338,0,0.780360639095306,0,131.28520463407,0,0,0,0,1.82252764701843,0,0,0,0,14.5162864550948,2.37536644935608,34.735251121223,7.12243098020554,18622.266720891,10545.066427514,38.1382103264332,2.09167119860649,1.59878396987915
167.131694883108,6.83405756950378,3.42816731333733,0,0,0,0,0,3.19179753959179,3.31968013942242,0,0,0,0,0,0,3991.77692912519,4241.38009919226,0,0,0,0,0,0,0,0,0,0,0,0,0,0,0,0,0,33.8580560460687,0.170180037617683,27.1657451242208,4.55201999843121,458.038694746792,1724.78346306086,830.101123355329,825.006911888719,22.8319238573313,18.4555195569992,1316.57925009727,742.378780208528,0,83.8867290765047,320.049998611212,0,0,0,0,0,0.314335525035858,0,0.704256981611252,0,0,0,0,11.4631043076515,52.952146731317,0,0,0,0,0,0,1.02756515145302,0,3.34356424212456,15.5562136620283,0,0,0,0,459.48318939656,241.049561157823,731.485274486244,322.914717525244,13278.6174948066,827.470920726657,1613.2230129391,71.2936217784882,158.240032270551
0,0,0,12.6685428619385,0,0,0,0,0,0,0,107.615320652723,0,0,0,0,0,0,0,0,0,0,0,0,0,0,0,0,0,19.6254243254662,0,0,0,0,0,241.863773077726,0,453.688414976001,0,0,0,0,0,0,0,10.007660150528,0,0,0,0,0,0,0,0,0,0,0,28.9873883426189,0,0,0,0,1081.35584042966,0,0,0,0,0,0,0,0,0,5.22470512986183,0,0,0,0,0,31.1105349063873,0,289.715756699443,0,106.693584620953,0,92.1344388276339,0,0
0,0,17.2644442617893,0,29.0897967666388,0,0,0,1.31107598543167,0,822.257231205702,0,0,0,0,0,0,0,0,0,0,0,0,0,0,0,0,0,0,0,5.31024077534676,0,0,0,0,0,609.277061641216,0,256.843876555562,0,2.11658072471619,0,1.66556915640831,0,0,0,11.4917448014021,0,0,0,20.0314273387194,0,0,0,0,0,42.2799736708403,0,0,0,0,0,0,2068.96415437758,0,0,0,0,0,0,0,0,0,2.80043524503708,0,0,0,0,0,199.393520243466,0,40.9091274738312,908.411816835403,6.03872013092041,96.9355442076921,0,0
0,0,0,0,0,0,0,0,0,0,0,0,0,0,0,0,0,239.68092776835,0,0,0,0,800.645585238934,432.50890044868,0,473.197752043605,0,113.82004147768,0,0,0,0,0,0,0,0,0,2103.45435337722,0,0,0,0,0,0,0,0,0,1.70277133584023,0,121.632098510861,0,0,0,0,0,0,0,0,0,0,0,0,0,0,6700.67539432645,0,60.1626726686954,0,112.722844853997,0,68.2281801998615,0,0,0,0,0,0,0,0,0,461.569720953703,0,1541.81099146605,577.580346226692,0,0,0
0,0,0,0,0,0,0,0,0,0,0,0,0,0,0,0,336.835385769606,0,0,0,0,800.645585238934,0,0,527.719917565584,0,567.838630527258,0,57.3239808082581,0,0,0,0,0,0,0,0,0,2179.55705526471,0,0,0,0,0,0,0,0,0.206952601671219,1072.17932079732,0,0,0,0,0,0,0,0,0,0,0,0,0,0,0,208.672609508038,11992.7414025366,0,2.64643627405167,0,527.298999205232,0,0,0,0,0,0,0,0,0,0,0,725.102237865329,2038.6488032639,1266.56269046664,0,0,0
0,60.5791916102171,0,0.196929469704628,0,0,0,0,0,552.199282556772,0,0,0,0,0,37.8696713596582,0,3.30655708909035,0,0,0,432.50890044868,0,0,0,401.429251179099,0,0,0,0,0,0,0,0,0,0,0,573.447297543287,0,0,0,0,0,0,0,0,0,0,0,34.909450173378,0,0,0,0,0,353.40095500648,0,0,0,0,0,6.56467372179031,0,0,174.265082791448,0,947.428452268243,0,732.225681602955,0,0.572927534580231,0,0,0,0,0,0,0,0,0,0.718562126159668,0,224.521661654115,0,23.7443560957909,0,0
20.6305615007877,0,0,0,0,0,0,0,309.127725154161,0,0,0,0,0,17.1502161622047,0,4.05799269676208,0,0,0,0,0,527.719917565584,0,0,0,421.206124678254,0,0,0,0,0,0,0,0,0,0,0,462.009043633938,0,0,0,0,0,0,0,0,0,99.1754479706287,0,0,0,0,0,512.362054079771,0,0,0,0,0,507.979343295097,0,0,0,0,393.76000648737,0,1178.89915682375,0,715.465652570128,0,0,0,0,0,0,0,0,0,0,0,111.850380837917,601.047678336501,22.4103825986385,35.0733346045017,0,0
0,0,0,0,0,0,0,0,0,294.333528086543,0,0,0,0,0,144.807343319058,0,307.538072407246,0,0,0,473.197752043605,0,401.429251179099,0,0,0,118.525236815214,0,0,0,0,0,0,0,0,0,0,0,0,0,0,0,0,0,0,0,0,0,0,0,0,0,0,0,34.8481826633215,0,0,0,3.51760351657867,0,53.2177413702011,0,0,266.712009906769,0,38.4453986883163,0,721.533913612366,0,68.6839239299297,0,0,0,0,0,0,0,0,0,0,0,192.581711411476,0,0,0,0
0,0,0,0,0,0,0,0,193.835031330585,0,0,0,0,0,12.3376580476761,0,392.663646996021,0,0,0,0,0,567.838630527258,0,421.206124678254,0,0,0,236.971531480551,0,0,0,0,0,0,0,0,0,2.66256554424763,0,0,0,0,0,0,0,0,0,0,0,0,0,0,0,14.8250993490219,0,0,0,0,0,61.569530248642,0,0,0,0,19.4096325039864,0,44.4129938483238,0,1434.74419441819,0,173.795504361391,0,0,0,0,0,0,0,0,0,0,319.405487149954,0,0,0,0
0,0,0,0,0,0,0,0,0,0,0,90.7633859962225,0,225.907233044505,0,0,0,13.0681486129761,0,0,0,113.82004147768,0,0,0,118.525236815214,0,0,0,40.0342530012131,0,0,0,0,0,0,0,0,0,0,0,0,0,0,0,0,0,0,0,0,0,0,0,0,0,0,0,0,0,42.1567198038101,0,0,0,0,130.275971993804,0,0,0,56.0352095067501,0,1285.57340316474,0,82.6161501258612,0,0,0,0,0,0,0,0,0,15.7832554727793,63.7119108438492,0,0,0
0,0,0,0,0,0,0,0,0,0,10.1377719640732,0,0,0,0,0,26.0302052497864,0,0,0,0,0,57.3239808082581,0,0,0,236.971531480551,0,0,0,185.39858931303,0,0,0,0,0,0,0,82.4434469938278,0,0,0,0,0,0,0,0,0,0,0,0,0,0,0,0,0,0,0,0,0,0,0,0,0,0,0,0,0,0,0.415681838989258,0,417.109706252813,0,31.8419918715954,0,0,0,0,0,0,0,0,68.0935884714127,118.386531233788,0,0,0
0,0,0,0,0,0,0,0,0,0,0,228.424267292023,0,0,0,0,0,0,0,19.6254243254662,0,0,0,0,0,0,0,40.0342530012131,0,0,0,0,0,0,0,0,0,11.2691640257835,0,0,0,0,0,0,0,0,0,0,0,0,0,0,0,0,0,0,0,251.062126129866,0,0,0,0,7.13751363754272,0,0,0,0,0,0,0,2.29366934299469,0,475.380995392799,0,0,0,0,0,0,0,110.594503670931,0,58.3095813989639,0,0,0,0
0,0,0,0,0,0,0,0,0,0,66.6988701820374,0,0,0,0,0,0,0,0,0,5.31024077534676,0,0,0,0,0,0,0,185.39858931303,0,0,0,0,0,0,0,0,0,257.667738437653,0,0,0,0,0,0,0,0,0,0,0,0,0,0,0,0,0,39.6282374858856,0,0,0,0,0,0,8.07167349755764,0,0,0,0,0,0,0,139.643457978964,0,345.143542230129,0,0,0,0,0,0.396705895662308,0,1.77803814411163,31.0901913642883,0,0.332621246576309,0,0
0,0,0,0,0,0,0,0,0,0,0,0,0,0,0,0,0,0,0,0,0,0,0,0,0,0,0,0,0,0,0,0,4.19125425815582,6.25006450712681,0,39.8056831359863,0,0,0,0,0,0,0,0,0,0,0,14.3330377340317,0,0,0,0,0,0,0,0,0,0,0,0,0,0,0,0,0,0,0,0,0,0,0,0,0,0,1209.39755636454,97.467290699482,1.77526599168777,0,0,0,0,0,63.4844635725021,0,0,0,0
0,0,0,0,0,0,0,0,0,0,0,0,0,0,0,0,0,0,0,0,0,0,0,0,0,0,0,0,0,0,0,4.19125425815582,0,0,59.8228652477264,0,85.9288029670715,0,0,0,0,0,0,0,0,0,0,419.247719556093,2.68970009684563,0,0,0,0,0,0,0,0,0,0,0,0,0,0,0,0,0,0,0,0,0,0,0,0,0,0,631.665874674916,0,30.8371264636517,0,4,0,0,90.2309212088585,0,0,0,0
0,0,0.28001469373703,0,0,0,0,0,0,0,0,0,0,0,0,0,0,0,0,0,0,0,0,0,0,0,0,0,0,0,0,6.25006450712681,0,0,741.220316439867,507.850599765778,0,241.52572324872,1.82569551467896,0,0,0,0,0,0,0,0,2860.81614540517,11.5937995612621,102.539436161518,0,0,0,0,0,0,0,0,0,0,0,0,0,0,0,0,0,0,0,0,0,0,0,0,5.53110536932945,0,2318.20879918337,357.592262536287,40.0641813278198,0,192.506290197372,5.95988488197327,501.966793775558,17.3479770720005,14.6265837103128,0,0
0,0,0,0,0,0,0,0,0,0,0,0,0,0,0,0,0,0,0,0,0,0,0,0,0,0,0,0,0,0,0,0,59.8228652477264,741.220316439867,0,0,635.342957317829,2.34899747371674,347.061050221324,0,0,0,0,0,0,0,0,4045.03590579331,1043.2204284817,13.3316661417484,0,0,0,0,0,0,0,0,0,0,0,0,0,0,0,0,0,0,0,0,0,0,0,0,0,29.6469378173351,358.873866736889,2300.79795467854,0,413.018983826041,2.4057354927063,369.372337609529,226.543984293938,3.66260260343552,0,0,0
0,0,0,1.12633576989174,0,0,0,0,0,0,0,0,0,0,0,0,0.245612189173698,0.440798491239548,33.8580560460687,241.863773077726,0,0,0,0,0,0,0,0,0,0,0,39.8056831359863,0,507.850599765778,0,0,70.9260542392731,685.352886974812,0,7.46740683913231,0.680613778531551,6.28375244140625,0.884489066898823,6.37289693951607,0,17.7852405533195,0,10.7124658823013,0,2.31672690808773,0,0,0,0,0,0,0,0.207742162048817,0,0,0,0,957.067914500833,0,0,0,0,0,0,0,0.774371936917305,0,0.578117221593857,0,0,0,199.328392967582,0,7044.10093641281,30.8770919442177,839.316396318376,0,133.598235063255,4,85.4021020755172,0.662044540047646,0.43984591960907
0,0,39.0313722789288,0,46.8827847838402,0,0,0,0,0,90.7125166356564,0,0,0,0,0,0,0,0.170180037617683,0,609.277061641216,0,0,0,0,0,0,0,0,0,0,0,85.9288029670715,0,635.342957317829,70.9260542392731,0,0,1121.81624545157,23.9712321460247,0.672714054584503,0,0.813599586486816,0,0.153504893183708,0,15.834753215313,216.631169915199,35.732163220644,119.461799681187,67.7729547917843,0,0,0,1.04418656229973,0,22.0987418591976,0,0,0,0,0,0,1692.68472900987,0,0,0,0,0,0,0,0,0,0,0,19.9037989377975,0,63.4294740259647,27.4740387797356,9145.43204779923,0,667.272380143404,566.790163390338,6.89800024032593,200.634094342589,0,0
0,57.6978656500578,0,1.53798604011536,0,0,0,0,0,14.9593595266342,0,281.206562176347,0,0,0,0,1.7908900976181,0.205164641141891,27.1657451242208,453.688414976001,0,2103.45435337722,0,573.447297543287,0,0,0,0,0,11.2691640257835,0,0,0,241.52572324872,2.34899747371674,685.352886974812,0,0,20.8825770020485,4.53483246266842,1.33920618146658,16.3169351816177,0.948406264185905,5.26118403673172,0,28.2439722195268,0.137767389416695,773.742180868983,18.7309314608574,207.703818358481,0,0,0,0,0,23.5838726758957,0,4.20488721132278,0,0,0,0.29940727353096,544.659617014229,0,342.100129872561,0,298.162422016263,0,0,0,0.813834108412266,0,25.7655049785972,0,0,0,30.437394708395,0,634.934897951782,0,13133.2924331203,4.4761721342802,2289.71238592267,904.422405093908,308.461597509682,0.752043448388577,0.873721867799759
0.693378865718842,0,0.146224424242973,0,0,0,0,0,2.93954882025719,0,140.038494437933,0,0,0,0,0,0,0,4.55201999843121,0,256.843876555562,0,2179.55705526471,0,462.009043633938,0,2.66256554424763,0,82.4434469938278,0,257.667738437653,0,0,1.82569551467896,347.061050221324,0,1121.81624545157,20.8825770020485,0,0,6.69010734558105,0,7.07767844200134,0,0,0,17.8729862943292,815.545144662261,398.044161781669,0,0,0,0,0,13.9829339385033,0,6.51366028189659,0,0,0,0,0,0,445.933007642627,0,564.97160089016,0,661.815260306001,0,0.200524404644966,0,84.1570273041725,0,124.185501247644,0,0,0,346.666227340698,0,952.038223430514,305.002509832382,13136.785122633,4132.47983836383,544.269583404064,83.4797639101744,0,0
0,3.79730156064034,0,0.235478289425373,0,0,0,0,0,2.29116992652416,0,0,0,0,0,0,6.35240516066551,14.5931474789977,458.038694746792,0,0,0,0,0,0,0,0,0,0,0,0,0,0,0,0,7.46740683913231,23.9712321460247,4.53483246266842,0,0,7.76155684143305,846.17186511308,8.30124566704035,9.68067711591721,0,465.012033998966,4.25823234021664,107.439296007156,0.708012789487839,1245.4868626222,0,0,0,0,0,1.04601146280766,0,0,0,0,0,0,21.0639941245317,0,0,0,0,0,0,0,0.0970083996653557,0,2.37717240303755,0.160239890217781,0,0,0,0,656.470528334379,2.29375424981117,67.5520742088556,2.06996208429337,460.148322060704,8.14474627375603,460.252002000809,42.9017512053251,4.1118410974741
53.0456350594759,0,20.2786074578762,0,0,0,0,0,0.80157807469368,1.0881370306015,0.2511987388134,0,0,0,0,0,39.2223977074027,25.6223829686642,1724.78346306086,0,2.11658072471619,0,0,0,0,0,0,0,0,0,0,0,0,0,0,0.680613778531551,0.672714054584503,1.33920618146658,6.69010734558105,7.76155684143305,0,19.857718989253,2663.88536312431,2.24634443223476,18.3075120151043,37.7892347276211,1707.65370163321,0.458970606327057,71.5730208307505,4.10360786318779,0,0,0,0,0,0,0,0,0,0,0,0,0.175679609179497,535.803139232099,0,0,0,0,0,0,0.113323993980885,0,0.116089053452015,15.8832454234362,0,0,0,0,9.26048894226551,803.354704290628,15.2951532974839,94.6925653144717,1104.30352859944,23.8489782959223,1433.71198003739,0.944944955408573,147.143738217652
0,8.82768674194813,0,6.06926470994949,0,0,0,0,0,65.2625733464956,0,0,0,0,0,0,8.26928200572729,23.399845726788,830.101123355329,0,0,0,0,0,0,0,0,0,0,0,0,0,0,0,0,6.28375244140625,0,16.3169351816177,0,846.17186511308,19.857718989253,0,184.309228368104,17.3948135599494,0,1209.02744336426,3.06798085570335,0,0.186780601739883,509.746925592422,0,0,0,0,0,35.2919795513153,0,0.452425017952919,0,0.172787383198738,0,0,17.4464462473989,1.94360361993313,0,0,0.590167462825775,0,0,0,1.92460115253925,0,51.7689518779516,0.175020352005959,0,0,0,0,345.867291256785,2.27106341719627,806.721155300736,8.30500090867281,2578.03493303061,9.69047778099775,2535.87961514294,78.172040745616,1.42888632416725
61.2616690099239,0,115.348689287901,0,0,0,0,0,66.2514463067055,0.144824206829071,0,0,0,0,0,0,35.4659411758184,21.8280440196395,825.006911888719,0,1.66556915640831,0,0,0,0,0,0,0,0,0,0,0,0,0,0,0.884489066898823,0.813599586486816,0.948406264185905,7.07767844200134,8.30124566704035,2663.88536312431,184.309228368104,0,1.07383439689875,2.67347225546837,32.0938753038645,778.479752339423,1.71280717849731,144.585375666618,4.06064643710852,0,0,0,0,0.501897394657135,0,0,0.119405798614025,0,0,0,0,0.20583564043045,60.4060343950987,0,0,0,0,0,0,0,0,0.877547293901443,259.06318923831,0,0,0,0,10.4104774668813,86.0774659365416,15.8178376704454,193.632286831737,2374.76104321331,20.2068815082312,4451.74335384369,2.02464093267918,292.810706362128
0,0,0,0,0,0,0,0,0,0,0,0,0,0,0,0,0,0,22.8319238573313,0,0,0,0,0,0,0,0,0,0,0,0,0,0,0,0,6.37289693951607,0,5.26118403673172,0,9.68067711591721,2.24634443223476,17.3948135599494,1.07383439689875,0,0,18.0330794751644,0.159666016697884,0,0.13051663339138,35.9932094067335,0,0,0,0,0,0,0,0,0,0,0,0,1.14782762527466,0.140146419405937,0,0,0,0,0,0,0,0,0,0,0,0,0,0,33.6348943412304,0.110076084733009,45.0970258414745,0.181761592626572,31.2348394840956,0,24.5818692669272,0,0.111851401627064
0,0,0,0,0,0,0,0,0,0,0,0,0,0,0,0,0,0,18.4555195569992,0,0,0,0,0,0,0,0,0,0,0,0,0,0,0,0,0,0.153504893183708,0,0,0,18.3075120151043,0,2.67347225546837,0,0,0,0,0,0,0,0,0,0,0,0,0,0,0,0,0,0,0,0,0.424339592456818,0,0,0,0,0,0,0,0,0,0,0,0,0,0,0,1.04982113838196,0,38.5930276960135,1.86303271353245,0,11.9610929191113,0,2.91804379224777
0,21.1502350568771,0,10.9297269657254,0,0,0,0,0,1.0772735029459,0,0,0,0,0,0,13.7417809590697,20.1221848577261,1316.57925009727,10.007660150528,0,0,0,0,0,0,0,0,0,0,0,0,0,0,0,17.7852405533195,0,28.2439722195268,0,465.012033998966,37.7892347276211,1209.02744336426,32.0938753038645,18.0330794751644,0,0,9.09004824608564,0,0.895166546106339,109.50605738163,0,0,0,0,0,0.970185205340385,0,3.98519269376993,0,0,0,0,1039.0401796326,0.216832287609577,0,0,0,0,0,0,11.6208488717675,0,32.3476132005453,0.317215785384178,0,0,0,0,900.606724709272,2.83456210792065,291.444655962288,5.3627827167511,1211.62281622738,12.8005914241076,2441.06668464094,9.36537975072861,8.51173075288534
11.7599949091673,0,63.0894218981266,0,0,0,0,0,0.551813006401062,0,3.63320690393448,0,0,0,0,0,11.7112637907267,8.67078031599522,742.378780208528,0,11.4917448014021,0,0,0,0,0,0,0,0,0,0,0,0,0,0,0,15.834753215313,0.137767389416695,17.8729862943292,4.25823234021664,1707.65370163321,3.06798085570335,778.479752339423,0.159666016697884,0,9.09004824608564,0,2.44781732559204,108.767080061138,2.27340918034315,0,0,0,0,0,0,0.765753865242004,0,0,0,0,0,0,1336.26895810664,0,0,0,0,0,0,0,0,0,31.8358124047518,0,0,0,0,4.12122923135757,1078.02299807966,2.89347571134567,370.995565347373,758.296163186431,5.00933381170034,1774.8251953721,0,18.2960523962975
0,2.98998758196831,1.53022000193596,0,0,0,0,0,1.25040876865387,0,0,0,0,0,0,0,0,0,0,0,0,1.70277133584023,0.206952601671219,0,0,0,0,0,0,0,0,14.3330377340317,419.247719556093,2860.81614540517,4045.03590579331,10.7124658823013,216.631169915199,773.742180868983,815.545144662261,107.439296007156,0.458970606327057,0,1.71280717849731,0,0,0,2.44781732559204,0,1720.02264642715,987.980003431439,0,0,0,0,0,1.15207922458649,0,0,0,0,0,0,0,0,0.343167543411255,0,3.43832990527153,0,0,0,0,0,0,0,5.54154455661774,186.191571697593,626.486058458686,490.771178141236,264.279380112886,237.893457666039,1620.84326381981,119.317028194666,448.684529870749,0,150.050509959459,0,0
922.338598027825,0,403.009796231985,0,0,0,0,0,50.1669891178608,0,0,0,0,0,0,0,0,3.54037058353424,83.8867290765047,0,0,0,1072.17932079732,0,99.1754479706287,0,0,0,0,0,0,0,2.68970009684563,11.5937995612621,1043.2204284817,0,35.732163220644,18.7309314608574,398.044161781669,0.708012789487839,71.5730208307505,0.186780601739883,144.585375666618,0.13051663339138,0,0.895166546106339,108.767080061138,1720.02264642715,0,445.206875249743,0,0,0,0,46.823008954525,0,0,0,0,0,3.18084555864334,0,0,47.1629110053182,0,655.444004431367,0,18.4352842569351,0,1.22580981254578,0,26.0397837162018,0,1.92007145285606,0,0,0.482342481613159,160.003636747599,0.118275918066502,430.112687781453,27.0842469930649,633.250939905643,221.183603093028,3.48305323719978,420.058094315231,0,5.76795329153538
0,925.60008815676,0,215.358537137508,0,0,0,0,0,87.6584092974663,0,0,0,0,0,0,4.7621685564518,12.3657464832067,320.049998611212,0,0,121.632098510861,0,34.909450173378,0,0,0,0,0,0,0,0,0,102.539436161518,13.3316661417484,2.31672690808773,119.461799681187,207.703818358481,0,1245.4868626222,4.10360786318779,509.746925592422,4.06064643710852,35.9932094067335,0,109.50605738163,2.27340918034315,987.980003431439,445.206875249743,0,0,0,0,0,0,214.901940479875,0,82.2845584750175,0,81.6357151567936,0,4.83887857198715,53.3801102340221,0,17.2972539067268,0,155.978985220194,0.883771359920502,178.823971807957,0,1237.29282375425,0,106.200951129198,0,0,0,35.1113536506891,0,585.442368432879,22.2576529681683,361.716628886759,2.39542201161385,1309.55748035759,8.21783916652203,1115.6389002651,36.3262880444527,1.2796309441328
0,0,135.164375185966,0,140.28685182333,0,0,0,3.78665387630463,0,0,0,0,0,0,0,0,0,0,0,20.0314273387194,0,0,0,0,0,0,0,0,0,0,0,0,0,0,0,67.7729547917843,0,0,0,0,0,0,0,0,0,0,0,0,0,0,0,0,0,0,0,24.131522834301,0,15.93676674366,0,0,0,0,12.1205664426088,0,0,0,0,0,0,0,0,0,0,0,0,0,0,0,19.9541276544333,0,0,57.2266802489758,0,181.656171351671,0,0
0,0,0,19.1214448213577,0,510.522602170706,0,0,0,13.9087523818016,0,0,0,0,0,7.77032884955406,0,0,0,0,0,0,0,0,0,0,0,0,0,0,0,0,0,0,0,0,0,0,0,0,0,0,0,0,0,0,0,0,0,0,0,0,0,0,0,1.22924357652664,0,0,0,70.0608439147472,0,11.7362172305584,0,0,0,0,0,0,0,0,0,0,0,0,0,0,0,0,0,0,0,0,20.513364315033,0,0.666022539138794,0,0
0,0,0,0,0,0,0,0,0,0,0,0,0,0,0,0,0,0,0,0,0,0,0,0,0,0,0,0,0,0,0,0,0,0,0,0,0,0,0,0,0,0,0,0,0,0,0,0,0,0,0,0,0,0,0,0,0,0,0,0,0,0,0,0,0,0,0,0,0,0,0,0,0,0,0,0,0,0,0,0,0,0,0,0,0,0,0
0,0,0,0,0,0,0,473.141323804855,0,0,0,0,0,0.533351480960846,0,0,0,0,0,0,0,0,0,0,0,0,0,0,0,0,0,0,0,0,0,0,0,0,0,0,0,0,0,0,0,0,0,0,0,0,0,0,0,0,0,0,0,0,0,18.2587832212448,0,0,0,0,0,0,0,0,0,0,0,0,0,0,0,0,0,0,0,0,0,0,7.43050146102905,0,0,0,0
413.686125129461,0,310.998609721661,0,0,0,0,0,1038.54214940965,0,0,0,0,0,161.671789705753,0,0,0,0,0,0,0,0,0,512.362054079771,0,14.8250993490219,0,0,0,0,0,0,0,0,0,1.04418656229973,0,13.9829339385033,0,0,0,0.501897394657135,0,0,0,0,0,46.823008954525,0,0,0,0,0,0,0,0,0,0,0,14.0270545482635,0,0,0,0,0,0,19.8063240647316,0,0.898210942745209,0,0,0,0,0,0,0,0,0,0,0,0,138.127901241183,0,46.6684664785862,0,0
0,648.888421759009,0,170.522517293692,0,5.45404198765755,0,0,0,1308.16152460873,0,0,0,0,0,91.5218387544155,0,1.45646217465401,0.314335525035858,0,0,0,0,353.40095500648,0,34.8481826633215,0,0,0,0,0,0,0,0,0,0,0,23.5838726758957,0,1.04601146280766,0,35.2919795513153,0,0,0,0.970185205340385,0,1.15207922458649,0,214.901940479875,0,1.22924357652664,0,0,0,0,0,0,0,0,0,95.431333810091,0.265030890703201,0,0,0,207.276866644621,0,19.0344956368208,0,78.5205284059048,0,18.5493045151234,0,0,0,0,0,0.527461647987366,0,16.0966388136148,0,488.790640406311,0,530.056178510189,0,0
0,0,25.4861250817776,0,0,0,0,0,0,0,705.678592860699,0,27.3127679228783,0,0,0,0,0,0,0,42.2799736708403,0,0,0,0,0,0,0,0,0,39.6282374858856,0,0,0,0,0,22.0987418591976,0,6.51366028189659,0,0,0,0,0,0,0,0.765753865242004,0,0,0,24.131522834301,0,0,0,0,0,0,0,17.7319737970829,0,1.32412606477737,0,0,106.476673692465,0,0,0,0,0,0,0,17.0752527713776,0,104.057209402323,0,0,0,0,0,11.5142507106066,0,0,70.0443403124809,0,277.146028622985,0,0
0,3.74445348978043,0,36.7987625300884,0,1.68312782049179,0,0,0,0,0,2078.57305496931,0,51.8771240860224,0,0,0,0,0.704256981611252,28.9873883426189,0,0,0,0,0,0,0,0,0,251.062126129866,0,0,0,0,0,0.207742162048817,0,4.20488721132278,0,0,0,0.452425017952919,0.119405798614025,0,0,3.98519269376993,0,0,0,82.2845584750175,0,0,0,0,0,0,0,0,0,115.758171349764,0,0,188.099596321583,0,0,0,0,0,0,0,111.612636134028,0,463.569254338741,0,0,0,0,0,3.56987416744232,0,44.2904025167227,0,42.5682473629713,0,357.437971681356,0,0
0,0,3.74690559506416,0,0,0,0,0,0,0,0.62675929069519,0,186.827953100204,0,61.3735420703888,0,0,0,0,0,0,0,0,0,0,0,0,0,0,0,0,0,0,0,0,0,0,0,0,0,0,0,0,0,0,0,0,0,0,0,15.93676674366,0,0,0,0,0,17.7319737970829,0,0,0,0,0,0,0,0,0,0,0,0,0,0,10.702453494072,0,0,0,0,0,0,0,0,0,0,2.14518594741821,0,3.03422313928604,0,0
0,0,0,57.3564804196358,0,0,0,118.693251490593,0,0,0,83.5428774803877,0,612.677666202188,0,63.3925570845604,0,0,0,0,0,0,0,0,0,3.51760351657867,0,42.1567198038101,0,0,0,0,0,0,0,0,0,0,0,0,0,0.172787383198738,0,0,0,0,0,0,0,81.6357151567936,0,70.0608439147472,0,18.2587832212448,0,0,0,115.758171349764,0,0,0,127.279107183218,9.63603734970093,0,0,0,0,0,0,0,26.1528527736664,0,0,0,0,0,0,0,0,0,0,0,3.14564880728722,0,8.84526561200619,0,0
68.1627632975578,0,6.48824292421341,0,0,0,0,0,115.834494516253,0,0,0,0,0,132.161842107773,0,0,0,0,0,0,0,0,0,507.979343295097,0,61.569530248642,0,0,0,0,0,0,0,0,0,0,0,0,0,0,0,0,0,0,0,0,0,3.18084555864334,0,0,0,0,0,14.0270545482635,0,1.32412606477737,0,0,0,0,0,0,0,0,0,0,39.9112137556076,0,99.5644891262054,0,0,0,0,0,0,0,0,0,0,0,0,25.2479240000248,0,0,0,0
0,33.2708672732115,0,3.62973272800446,0,53.4646248221397,0,0,0,472.434246525168,0,0,0,19.5192377865314,0,354.263422876596,0,0,0,0,0,0,0,6.56467372179031,0,53.2177413702011,0,0,0,0,0,0,0,0,0,0,0,0.29940727353096,0,0,0,0,0,0,0,0,0,0,0,4.83887857198715,0,11.7362172305584,0,0,0,95.431333810091,0,0,0,127.279107183218,0,0,0,0,0,0,2.01657795906067,0,303.015772476792,0,0,0,0,0,0,0,0,0,0,0,0,0,1.83882278203964,0,1.95937253534794,0,0
0,0,0,1.87478418648243,0,0,0,0,0,0,0,59.3236528337002,0,0,0,0,0,0.527155697345734,11.4631043076515,1081.35584042966,0,0,0,0,0,0,0,0,0,7.13751363754272,0,0,0,0,0,957.067914500833,0,544.659617014229,0,21.0639941245317,0.175679609179497,17.4464462473989,0.20583564043045,1.14782762527466,0,1039.0401796326,0,0,0,53.3801102340221,0,0,0,0,0,0.265030890703201,0,188.099596321583,0,9.63603734970093,0,0,0,0,0,0,0,0,0,0,39.7183295786381,0,78.7214574292302,0,0,0,0,0,819.009372130036,0,820.037585303187,0,336.952592812479,0,1419.56714508682,0,0
1.70694303512573,0,3.47168958187103,0,24.0763541013002,0,0,0,0,0,256.295576676726,0,0,0,0,0,1.32264384627342,1.71007484197617,52.952146731317,0,2068.96415437758,0,0,0,0,0,0,0,0,0,8.07167349755764,0,0,0,0,0,1692.68472900987,0,445.933007642627,0,535.803139232099,1.94360361993313,60.4060343950987,0.140146419405937,0.424339592456818,0.216832287609577,1336.26895810664,0,47.1629110053182,0,12.1205664426088,0,0,0,0,0,106.476673692465,0,0,0,0,0,0,0,0,0,0,0,0,0,0,0,0,119.129947498441,0,0,0,0,0,1621.09002698213,0.126166343688965,635.094798542559,812.541216641665,0.396542638540268,765.670119360089,0,2.18543009459972
0,0,0,0,0,0,0,0,0,0,0,0,0,0,0,0,0,32.4111101478338,0,0,0,6700.67539432645,208.672609508038,174.265082791448,0,266.712009906769,0,130.275971993804,0,0,0,0,0,0,0,0,0,342.100129872561,0,0,0,0,0,0,0,0,0,0.343167543411255,0,17.2972539067268,0,0,0,0,0,0,0,0,0,0,0,0,0,0,0,0,120.523895710707,0,330.44288136065,0,256.329123333097,0,0,0,0,0,0,0,0,0,27.546631872654,0,503.585922926664,232.791670978069,0,0,0
0,0,0,0,0,0,0,0,0,0,0,0,0,0,0,0,144.276501953602,0,0,0,0,0,11992.7414025366,0,393.76000648737,0,19.4096325039864,0,0,0,0,0,0,0,0,0,0,0,564.97160089016,0,0,0,0,0,0,0,0,0,655.444004431367,0,0,0,0,0,0,0,0,0,0,0,0,0,0,0,0,0,0,198.041377142072,0,241.357131719589,0,73.6607962995768,0,0,0,0,0,0,0,0,0,173.02129560709,832.847270965576,397.242271363735,0,0,0
0,483.135851278901,0,8.88843524456024,0,0,0,0,0,112.365004524589,0,0,0,0,0,1.22191309928894,0,0.780360639095306,0,0,0,60.1626726686954,0,947.428452268243,0,38.4453986883163,0,0,0,0,0,0,0,0,0,0,0,298.162422016263,0,0,0,0.590167462825775,0,0,0,0,0,3.43832990527153,0,155.978985220194,0,0,0,0,0,207.276866644621,0,0,0,0,0,2.01657795906067,0,0,120.523895710707,0,0,0,13.5039225816727,0,1.22075873613358,0,0,0,0,0,0,0,0,0,69.7354979217052,0,228.903410345316,0,134.496443420649,0,0
26.1203269958496,0,0,0,0,0,0,0,162.92472037673,0,0,0,0,0,0.963196098804474,0,0,0,0,0,0,0,2.64643627405167,0,1178.89915682375,0,44.4129938483238,0,0,0,0,0,0,0,0,0,0,0,661.815260306001,0,0,0,0,0,0,0,0,0,18.4352842569351,0.883771359920502,0,0,0,0,19.8063240647316,0,0,0,0,0,39.9112137556076,0,0,0,0,198.041377142072,0,0,0,11.2886146605015,0,0,0,0,0,0,0,0,0,0,0,404.625289320946,175.811142444611,0.999846071004868,10.7214651703835,0,0
0,0.838533639907837,0,0,0,0,0,0,0,148.944288998842,0,0,0,0,0,103.912709340453,0,131.28520463407,0,0,0,112.722844853997,0,732.225681602955,0,721.533913612366,0,56.0352095067501,0,0,0,0,0,0,0,0,0,0,0,0,0,0,0,0,0,0,0,0,0,178.823971807957,0,0,0,0,0,19.0344956368208,0,0,0,0,0,303.015772476792,0,0,330.44288136065,0,13.5039225816727,0,0,0,580.841988787055,0,0,0,0,0,0,0,0,0,0,0,7.68958063423634,0,1.499038413167,0,0
0,0,0,0,0,0,0,0,29.8522711396217,0,0,0,0,0,19.614554643631,0,65.9883068203926,0,0,0,0,0,527.298999205232,0,715.465652570128,0,1434.74419441819,0,0.415681838989258,0,0,0,0,0,0,0,0,0,0.200524404644966,0,0,0,0,0,0,0,0,0,1.22580981254578,0,0,0,0,0,0.898210942745209,0,0,0,0,0,99.5644891262054,0,0,0,0,241.357131719589,0,11.2886146605015,0,0,0,88.8221707642078,0,0,0,0,0,0,0,0,0,0,110.583231091499,1.68134009838104,0,0,0
0,61.1460983455181,0,1.3390654027462,0,0,0,0,0,31.6002917289734,0,29.2372687906027,0,54.6296918690205,0,0,0,0,1.02756515145302,0,0,68.2281801998615,0,0.572927534580231,0,68.6839239299297,0,1285.57340316474,0,2.29366934299469,0,0,0,0,0,0.774371936917305,0,0.813834108412266,0,0.0970083996653557,0.113323993980885,1.92460115253925,0,0,0,11.6208488717675,0,0,0,1237.29282375425,0,0,0,0,0,78.5205284059048,0,111.612636134028,0,26.1528527736664,0,0,39.7183295786381,0,256.329123333097,0,1.22075873613358,0,580.841988787055,0,0,0,19.0954288244247,0,0,0,0,0,6.44426217675209,0,5.50328000634909,0,323.189624711871,0,357.563559293747,0,0.140338584780693
0,0,0,0,0,0,0,0,0,0,10.1183727383614,0,24.3551530539989,0,0,0,0,0,0,0,0,0,0,0,0,0,173.795504361391,0,417.109706252813,0,139.643457978964,0,0,0,0,0,0,0,84.1570273041725,0,0,0,0,0,0,0,0,0,26.0397837162018,0,0,0,0,0,0,0,17.0752527713776,0,10.702453494072,0,0,0,0,0,0,73.6607962995768,0,0,0,88.8221707642078,0,0,0,111.305287271738,0,0,0,0,0,0,0,288.283414155245,12.228101670742,0,0,0,0
0,11.432894423604,0,0.729277104139328,0,0,0,0,0,40.0960499942303,0,298.324067741632,0,10.7361372262239,0,0,0,0,3.34356424212456,5.22470512986183,0,0,0,0,0,0,0,82.6161501258612,0,475.380995392799,0,0,0,0,0,0.578117221593857,0,25.7655049785972,0,2.37717240303755,0.116089053452015,51.7689518779516,0.877547293901443,0,0,32.3476132005453,0,0,0,106.200951129198,0,0,0,0,0,18.5493045151234,0,463.569254338741,0,0,0,0,78.7214574292302,0,0,0,0,0,0,0,19.0954288244247,0,0,0,0,0,0,0,7.3962588980794,0,88.9087295755744,0,675.659275114536,0,931.032276436687,6.41013491153717,0
0,0,0,0,0,0,0,0,0,0,22.1315774023533,0,0,0,0,0,0,1.82252764701843,15.5562136620283,0,2.80043524503708,0,0,0,0,0,0,0,31.8419918715954,0,345.143542230129,0,0,0,0,0,0,0,124.185501247644,0.160239890217781,15.8832454234362,0.175020352005959,259.06318923831,0,0,0.317215785384178,31.8358124047518,0,1.92007145285606,0,0,0,0,0,0,0,104.057209402323,0,0,0,0,0,0,119.129947498441,0,0,0,0,0,0,0,111.305287271738,0,0,0,0,0,0,0,2.51346945762634,0.557687103748322,278.728779599071,176.039594039321,2.16388896107674,855.239907518029,0,6.96726682782173
0,0,0,0,0,0,0,0,0,0,0,0,0,0,0,0,0,0,0,0,0,0,0,0,0,0,0,0,0,0,0,1209.39755636454,0,5.53110536932945,0,0,0,0,0,0,0,0,0,0,0,0,0,5.54154455661774,0,0,0,0,0,0,0,0,0,0,0,0,0,0,0,0,0,0,0,0,0,0,0,0,0,0,0,0,9.4380130469799,0,48.9628294110298,0,0,0,374.125532746315,0,0,0,0
0,0,0,0,0,0,0,0,0,0,0,0,0,0,0,0,0,0,0,0,0,0,0,0,0,0,0,0,0,0,0,97.467290699482,631.665874674916,0,29.6469378173351,0,19.9037989377975,0,0,0,0,0,0,0,0,0,0,186.191571697593,0,0,0,0,0,0,0,0,0,0,0,0,0,0,0,0,0,0,0,0,0,0,0,0,0,0,0,0,0,12.132538318634,0,17.1195741295815,0,0,54.6303728818893,0,0,0,0
0,0,0,0,0,0,0,0,0,0,0,0,0,0,0,0,0,0,0,0,0,0,0,0,0,0,0,0,0,0,0,1.77526599168777,0,2318.20879918337,358.873866736889,199.328392967582,0,30.437394708395,0,0,0,0,0,0,0,0,0,626.486058458686,0.482342481613159,35.1113536506891,0,0,0,0,0,0,0,0,0,0,0,0,0,0,0,0,0,0,0,0,0,0,0,0,9.4380130469799,0,0,28.1951361894608,51.437039911747,0,214.990404605865,0,40.103470146656,32.9441403150558,8.70189729332924,0,0
0,0,0,0,0,0,0,0,0,0,0,0,0,0,0,0,0,0,0,0,0,0,0,0,0,0,0,0,0,0,0,0,30.8371264636517,357.592262536287,2300.79795467854,0,63.4294740259647,0,346.666227340698,0,0,0,0,0,0,0,0,490.771178141236,160.003636747599,0,0,0,0,0,0,0,0,0,0,0,0,0,0,0,0,0,0,0,0,0,0,0,0,0,0,12.132538318634,28.1951361894608,0,0,8.38997086882591,0.868429183959961,421.684798970819,297.061432346702,12.8795182406902,0,0,0
0,0.520795986056328,0,2.24549174308777,0,0,0,0,0,0.50482177734375,0,0,0,0,0,0,3.6298244073987,14.5162864550948,459.48318939656,31.1105349063873,0,0,0,0,0,0,0,0,0,0,0,0,0,40.0641813278198,0,7044.10093641281,27.4740387797356,634.934897951782,0,656.470528334379,9.26048894226551,345.867291256785,10.4104774668813,33.6348943412304,0,900.606724709272,4.12122923135757,264.279380112886,0.118275918066502,585.442368432879,0,0,0,0,0,0.527461647987366,0,3.56987416744232,0,0,0,0,819.009372130036,0,0,0,0,0,0,0,6.44426217675209,0,7.3962588980794,0,48.9628294110298,0,51.437039911747,0,0,2.74905726313591,857.399987742305,2.43018881231546,642.400705292821,4.64106594026089,904.23981410265,15.0957855656743,2.76670670509338
7.07070733606815,0,35.2491188645363,0,25.6329583525658,0,0,0,0.178956523537636,0,1.86999244987965,0,0,0,0,0,5.79252866655588,2.37536644935608,241.049561157823,0,199.393520243466,0,0,0,0,0,0,0,0,0,0.396705895662308,0,4,0,413.018983826041,30.8770919442177,9145.43204779923,0,952.038223430514,2.29375424981117,803.354704290628,2.27106341719627,86.0774659365416,0.110076084733009,1.04982113838196,2.83456210792065,1078.02299807966,237.893457666039,430.112687781453,22.2576529681683,19.9541276544333,0,0,0,0,0,11.5142507106066,0,0,0,0,0,0,1621.09002698213,0,0,0,0,0,0,0,0,0,2.51346945762634,0,17.1195741295815,0,8.38997086882591,2.74905726313591,0,2.89556956291199,1268.17257098854,566.963457137346,2.68672353029251,870.363278321922,0.214207053184509,7.66086608171463
0,45.4713131189346,0,5.87393581867218,0,0,0,0,0,4.41563241183758,0,13.3792991042137,0,0,0,0,13.2200745865703,34.735251121223,731.485274486244,289.715756699443,0,461.569720953703,0,0.718562126159668,0,0,0,0,0,110.594503670931,0,0,0,192.506290197372,2.4057354927063,839.316396318376,0,13133.2924331203,305.002509832382,67.5520742088556,15.2951532974839,806.721155300736,15.8178376704454,45.0970258414745,0,291.444655962288,2.89347571134567,1620.84326381981,27.0842469930649,361.716628886759,0,0,0,0,0,16.0966388136148,0,44.2904025167227,0,0,0,0,820.037585303187,0.126166343688965,27.546631872654,0,69.7354979217052,0,0,0,5.50328000634909,0,88.9087295755744,0.557687103748322,0,0,214.990404605865,0.868429183959961,857.399987742305,2.89556956291199,0,10.102334715426,3612.22924473882,934.657684080303,2118.77848750353,69.870453722775,2.2308849170804
8.28445874154568,0,6.14996273070574,0,0,0,0,0,2.83022585511208,0,0.651757001876831,0,0,0,0,0,7.60873754322529,7.12243098020554,322.914717525244,0,40.9091274738312,0,725.102237865329,0,111.850380837917,0,0,0,0,0,1.77803814411163,0,0,5.95988488197327,369.372337609529,0,667.272380143404,4.4761721342802,13136.785122633,2.06996208429337,94.6925653144717,8.30500090867281,193.632286831737,0.181761592626572,38.5930276960135,5.3627827167511,370.995565347373,119.317028194666,633.250939905643,2.39542201161385,0,0,0,0,0,0,0,0,0,0,0,0,0,635.094798542559,0,173.02129560709,0,404.625289320946,0,0,0,288.283414155245,0,278.728779599071,0,0,0,421.684798970819,2.43018881231546,1268.17257098854,10.102334715426,0,1542.54723064601,65.8079932332039,1319.86334012449,1.06185019016266,69.3197472393513
