0,0,12.330480552855,0,0,0,0,0,12.5331442197164,0,0,0,17.6290836334229,0,15.3904528617859,0,37.0534973144531,57.7055206298828,28.0657713963435,0,0,0,0,0,15.0770480632782,0,0,0,0,0,0,0,0,0,0,0,22.0347354888916,0,15.8487215042114,0,0,53.4767303466797,13.2097132258427,0,17.4225769042969,100.833892822266,25.3959277759899,0,10.8100149479127,0,0,0,0,0,12.5888931751251,0,4.4852503935496,0,13.6708649529351,0,8.42936747194194,0,0,23.9613456726074,0,0,0,16.0449448886671,0,11.5476585229238,0,9.50673416184216,0,11.11549949646,0,0,0,0,0,23.6148638725281,0,19.3148374557495,13.9851642911748,0,12.3565983954248,0,0
0,0,0,21.9248027801514,0,0,0,0,0,6.95227384567261,0,0,0,0,0,0,0,0,26.9271545410156,0,0,0,0,0,0,0,0,0,0,0,0,0,0,0,0,0,0,0,43.3317375183105,0,0,22.0913761095567,0,0,0,0,0,0,0,16.1541898682714,0,0,0,0,0,6.32936985959712,0,17.2054927132346,0,23.9228941599528,0,29.1202306747437,0,0,0,0,4.92559714544387,0,0,0,0,0,16.918659845988,0,0,0,0,0,0,0,0,0,13.8894099871318,35.5138702392578,14.4090064822268,0,0
12.330480552855,0,0,0,10.0596248003153,0,0,0,19.5353574399595,0,0,0,22.0406513214111,0,0,0,0,61.8774223327637,30.4692128896713,0,8.53687262535095,0,0,0,21.0524597167969,0,0,0,0,0,0,0,0,0,0,0,17.0745439027485,0,38.2251853942871,0,25.9707896892841,0,21.7845362884956,0,21.7082204818726,0,14.810141788496,0,10.6298721190542,0,9.28092479705811,0,0,0,19.3708672523499,0,8.43772818247477,0,7.18604928034323,0,7.47328057476119,0,0,7.27564018422907,0,0,0,21.2267761230469,0,21.1035842895508,0,23.4770801605717,0,23.9668069666082,0,0,0,0,0,20.3778609439826,0,30.2224451700846,19.4692108260558,0,11.9298690348665,54.1508979797363,9.04622161388397
0,21.9248027801514,0,0,0,6.75493134615076,0,0,0,18.3992654155282,0,0,0,0,0,10.2676574967124,0,0,31.8449143001011,27.8527050018311,0,0,0,25.5863084793091,0,0,0,0,0,0,0,0,0,0,0,18.7454282045364,0,28.9967851638794,0,28.6896948814392,0,20.5881695665162,0,0,0,17.6849263785542,0,0,0,9.88585487701608,0,7.6077489818518,0,0,0,8.58937219486517,0,16.2133336148216,0,6.5194501840707,0,8.27926064394191,16.8097969327654,0,0,0,25.814893586295,0,0,0,0,0,25.4831345128078,0,0,0,0,0,29.3597848150465,0,34.900840065696,0,14.8358995028532,0,11.1808512565056,0,0
0,0,10.0596248003153,0,0,0,0,0,4.28953512509664,0,0,0,0,0,0,0,0,0,0,0,8.03216171264648,0,0,0,0,0,0,0,0,0,0,0,0,0,0,0,0,0,0,0,0,0,30.3164691925049,0,0,0,0,0,15.999674650339,0,3.54322206302428,0,0,0,0,0,16.5024878184001,0,10.5683045387268,0,19.7759075164795,0,0,8.45077419281006,0,0,0,0,0,0,0,0,0,0,0,0,0,0,0,0,0,0,15.0688749621896,6.54203510284424,13.2461460007562,0,0
0,0,0,6.75493134615076,0,0,0,0,0,14.7977352142334,0,0,0,0,0,0,0,0,0,4.94340988369875,0,0,0,0,0,0,0,0,0,0,0,0,0,0,0,21.9817216826267,0,0,0,0,0,0,0,0,0,19.3164472579956,0,0,0,0,0,3.47956040134169,0,0,0,13.5255994796753,0,6.87754583358765,0,0,0,0,13.4898458231579,0,0,0,0,0,0,0,0,0,0,0,0,0,0,0,26.2928908211844,0,0,0,17.6825502465169,3.46850860118866,11.3925456835927,0,0
0,0,0,0,0,0,0,0,0,0,0,0,2.74519896507263,0,0,0,0,0,0,0,0,0,0,0,0,0,0,0,0,0,0,0,0,0,0,0,0,0,0,0,0,0,0,0,0,0,0,0,0,0,0,0,0,0,0,0,0,0,2.89994752407074,0,0,0,0,0,0,0,0,0,0,0,0,0,0,0,0,0,0,0,0,0,0,0,0,0,0,0,0
0,0,0,0,0,0,0,0,0,0,0,0,0,0,0,0,0,0,0,0,0,0,0,0,0,0,0,0,0,0,0,0,0,0,0,0,0,0,0,0,0,0,0,0,0,0,0,0,0,0,0,0,0,3.80092868289432,0,0,0,3.93929542813982,0,0,0,0,0,0,0,0,0,0,0,0,0,0,0,0,0,0,0,0,0,0,0,0,2.95217784245809,0,0,0,0
12.5331442197164,0,19.5353574399595,0,4.28953512509664,0,0,0,0,0,0,0,20.6427454948425,0,14.8970606399305,0,5.71493478062787,0,15.1221560685994,0,0,0,0,0,6.38414230031415,0,8.46784170150757,0,0,0,0,0,0,0,0,0,32.6986656188965,0,6.92315896793648,0,0,61.4987258911133,13.8604025779626,0,0,0,0,0,18.5476431075841,0,0,0,0,0,5.01265222163656,0,24.3086802164714,0,19.8442970911662,0,12.0141367161715,0,0,0,0,0,0,6.16306908974281,0,12.3824844954391,0,16.6143329408434,0,16.7114479541779,0,0,0,0,0,0,0,5.79506717139868,7.08282303549077,3.94980615377426,15.4786953137075,0,0
0,6.95227384567261,0,18.3992654155282,0,14.7977352142334,0,0,0,0,0,0,0,0,0,7.31523897097661,0,13.0757745574502,12.836939229415,0,0,0,0,8.03142284813518,0,0,0,0,0,0,0,0,0,0,0,0,0,32.593433380127,0,30.8872184753418,0,18.4315076980038,0,0,0,38.6891994476318,0,0,0,17.8950632039238,0,4.04679092994103,0,0,0,5.0282186857982,0,17.6703513425939,0,26.6185760498047,0,8.92951501332796,29.7810516357422,0,0,0,6.59557471975036,0,12.8495092391968,0,0,0,19.7577318350474,0,0,0,0,0,0,0,23.1666533152262,0,5.81406977003735,4.74790479940012,16.540088578398,26.3031139373779,0
0,0,0,0,0,0,0,0,0,0,0,0,3.96583589178617,0,0,0,0,0,0,0,4.05352805360504,0,0,0,0,0,0,0,0,0,4.33237584934959,0,0,0,0,0,6.25274533861466,0,3.87508138640102,0,0,0,0,0,0,0,0,0,0,0,0,0,0,0,0,0,4.78278461185847,0,3.75091283321381,0,0,0,0,3.15002890995571,0,0,0,0,0,0,0,6.7822660947863,0,6.03982903146502,0,0,0,0,0,8.64676094055176,0,4.42590753237406,3.76118792968542,0,4.57883992365428,0,0
0,0,0,0,0,0,0,0,0,0,0,0,0,3.12434748471793,0,0,0,0,0,4.00894563632775,0,0,0,0,0,0,0,3.58182215690613,0,5.98624685659247,0,0,0,0,0,3.00226196304697,0,3.69923898555614,0,0,0,0,0,0,0,0,0,0,0,0,0,6.53637886047363,0,4.01336985826492,0,0,0,5.47859614518701,0,3.67736848004222,0,0,4.37609441140119,0,0,0,0,0,0,0,0,0,6.65593432653008,0,0,0,0,0,6.43479474385579,0,8.6468584720905,0,3.32596485582117,3.02671735926372,0,0,0
17.6290836334229,0,22.0406513214111,0,0,0,2.74519896507263,0,20.6427454948425,0,3.96583589178617,0,0,0,3.16728711128235,0,0,0,0,0,0,0,0,0,23.7319450378418,0,0,0,3.8085001707077,0,0,0,0,0,0,0,0,0,0,0,0,0,21.9154846484845,0,0,0,0,0,5.53463888168335,0,0,0,0,0,23.006311416626,0,9.11722395726754,0,3.59153495648111,0,4.01447647809982,0,0,0,0,0,0,25.3708915710449,0,0,0,6.989717065371,0,13.2206948720492,0,0,0,0,0,0,0,0,28.4420280456543,2.8431476354599,22.6783743964301,0,0
0,0,0,0,0,0,0,0,0,0,0,3.12434748471793,0,0,0,2.86798739433289,0,3.90012836456299,0,0,0,0,0,0,0,0,0,3.25130336625235,0,3.9900541305542,0,0,0,0,0,0,0,0,0,0,0,0,0,0,0,0,0,0,0,0,0,0,0,3.53399000167847,0,0,0,0,0,3.21796960267696,0,2.96482634544373,0,0,0,0,0,0,2.75460076332092,0,3.25166563987732,0,0,0,0,0,0,0,0,0,0,0,3.21201964820304,3.63802371579547,0,0,0
15.3904528617859,0,0,0,0,0,0,0,14.8970606399305,0,0,0,3.16728711128235,0,0,0,0,0,35.7847735087077,0,0,0,0,0,0,0,3.30991257656188,0,0,0,0,0,0,0,0,0,0,0,0,0,0,0,22.068129963345,0,0,0,51.7514572143555,0,7.92753879560365,0,0,0,0,0,10.1026535715376,0,0,0,3.81005072593689,0,5.42462140138646,0,0,0,0,0,0,18.8208383832659,0,9.59926213986344,0,22.8721542358398,0,0,0,0,0,0,0,0,0,28.7874412536621,8.38288278321186,3.37730000235818,21.2691968720535,0,20.1368103027344
0,0,0,10.2676574967124,0,0,0,0,0,7.31523897097661,0,0,0,2.86798739433289,0,0,0,0,54.0167999267578,0,0,0,0,10.1609361897344,0,0,0,0,0,0,0,0,0,0,0,0,0,0,0,0,0,31.5119190216064,0,0,0,24.7016806602478,0,0,0,10.2438242053986,0,4.55142950493356,0,0,0,5.29381991716532,0,32.818518789191,0,2.77326052529471,0,5.01803584628635,0,0,0,0,25.1065616607666,0,6.80333267125216,0,3.57835352420807,0,36.2368476867676,0,0,0,0,0,0,0,45.6168533325195,0,7.25484845855019,3.95335858208793,24.6538591546527,0,0
37.0534973144531,0,0,0,0,0,0,0,5.71493478062787,0,0,0,0,0,0,0,0,28.0739263426821,20.0162063467092,0,0,33.2545440196991,2.82292098999023,0,4.61296849958064,32.3952496366681,3.63101668357849,0,0,0,0,0,0,0,0,87.7081279754639,85.3456555070548,0,18.4936275482178,78.3542843773251,59.3542301940918,58.0978538158328,46.3516348145108,51.0099966149581,40.2640346439405,66.7427856005155,55.6214202123744,0,46.4600188732147,0,0,0,0,0,0,0,0,51.9247608184814,0,0,31.5055675506592,0,0,0,0,0,0,5.39596591497722,0,18.0836514949799,0,47.3444715499878,65.1556587219238,50.4526824951172,0,0,0,95.0690002441406,93.237953821818,70.1163403987885,71.3636693954468,57.894412279129,8.9129072136891,8.72018209016985,53.147421442864,50.765443166097,41.4075998114061
57.7055206298828,0,61.8774223327637,0,0,0,0,0,0,13.0757745574502,0,0,0,3.90012836456299,0,0,28.0739263426821,0,21.5395391231928,32.6829566955566,0,6.48233362985036,0,3.68425158003102,0,16.2057102481123,0,0,0,0,0,0,0,0,0,80.8851443981302,96.9787689208984,89.4704360961914,0,57.5463021614182,71.0287866592407,42.8233069374176,51.1350011706352,41.2392068470226,47.500802413277,52.9688356190442,60.7741364373101,0,54.8288050564853,44.2689390182495,0,0,0,0,0,0,0,34.6079716682434,0,0,0,0,31.1394023895264,0,2.96216225624084,0,0,0,11.2212579559397,0,31.10719871521,56.8839917864118,38.3035764694214,64.7700634002686,0,0,0,0,72.8854165977641,85.7053346633911,52.3212570725826,81.9671630859375,13.0695171610451,10.4121808404444,47.3430316343188,40.0450802346071,44.6602162794633
28.0657713963435,26.9271545410156,30.4692128896713,31.8449143001011,0,0,0,0,15.1221560685994,12.836939229415,0,0,0,0,35.7847735087077,54.0167999267578,20.0162063467092,21.5395391231928,0,39.4250469207764,0,0,0,0,43.6164407730103,35.4053287506104,0,0,0,0,0,0,0,0,0,61.6328246003838,64.2201551421871,56.5909932454427,68.4329933166504,37.2778239835532,42.0429040356412,19.4587759592644,22.8711803662267,28.3302717981068,21.0661632942897,34.5798769008937,34.2362110115396,0,35.2961715062459,29.5582467440901,0,0,0,0,24.6404806458673,25.4983156811107,34.3509502410889,31.5860873780599,34.7498605728149,34.8688570658366,33.2320919036865,36.9305521647135,39.3661373456319,39.3083648681641,0,0,29.2268810272217,34.5818961216853,0,35.6708150591169,0,36.3822967727463,31.3744176756661,35.6922774251302,0,0,0,0,51.1668393995378,51.705336814304,43.993883932579,43.979112849516,13.6283761886581,61.8073443537173,32.1652062534395,22.8928558321141,23.2141738813683
0,0,0,27.8527050018311,0,4.94340988369875,0,0,0,0,0,4.00894563632775,0,0,0,0,0,32.6829566955566,39.4250469207764,0,0,0,0,0,0,0,0,0,0,7.18544387817383,0,0,0,0,0,6.02715966578055,0,4.85048680867606,0,0,0,0,0,0,0,13.6276248296102,0,0,0,0,0,9.46935252845287,0,0,0,0,0,4.99491554668971,0,0,0,38.6339626312256,6.60975709224872,0,0,0,0,0,0,0,0,0,0,0,0,0,0,0,6.57204645181957,0,12.353832244873,0,12.7224760978897,12.1101341247559,9.56657079103831,0,0
0,0,8.53687262535095,0,8.03216171264648,0,0,0,0,0,4.05352805360504,0,0,0,0,0,0,0,0,0,0,0,0,0,0,0,0,0,0,0,0,0,0,0,0,0,5.70265277974746,0,3.87002982199192,0,0,0,0,0,0,0,12.8288563622369,0,35.9246788024902,0,7.19116353988647,0,0,0,0,0,5.78885878421165,0,0,0,0,0,0,6.12440307154458,0,0,0,0,0,0,0,0,0,3.94015796979268,0,0,0,0,0,8.84721541134973,0,5.59114674864144,4.32746269429723,0,6.82590166051337,0,0
0,0,0,0,0,0,0,0,0,0,0,0,0,0,0,0,33.2545440196991,6.48233362985036,0,0,0,0,4.28485516493614,6.05687016910977,0,3.50400876998901,0,3.53204413717107,0,0,0,0,0,0,0,0,0,4.39415998121469,5.46844863891602,0,0,0,0,0,0,0,0,0,0,4.82830858230591,0,0,0,0,0,0,0,0,0,0,0,0,0,0,4.59523015808586,4.44682255544161,6.22240072972066,0,5.44749243891969,0,4.30263277964714,0,0,0,0,0,0,0,0,0,6.14261544022759,0,4.22107170717937,3.59402773818191,0,0,0
0,0,0,0,0,0,0,0,0,0,0,0,0,0,0,0,2.82292098999023,0,0,0,0,4.28485516493614,0,0,4.22962388285884,0,3.59576749801636,0,3.93573328641456,0,0,0,0,0,0,0,0,0,5.40937661063491,0,0,0,0,0,0,0,0,0,4.29180969056629,0,0,0,0,0,0,0,0,0,0,0,0,0,0,0,6.94187247753143,4.08496937473096,0,4.05456336736679,0,2.74849213872637,0,5.51259062403724,0,0,0,0,0,0,0,0,0,8.19569381449534,4.15520661658742,4.30462804862431,0,0,0
0,0,0,25.5863084793091,0,0,0,0,0,8.03142284813518,0,0,0,0,0,10.1609361897344,0,3.68425158003102,0,0,0,6.05687016910977,0,0,0,3.29575794219971,0,0,0,0,0,0,0,0,0,0,0,4.04533012759054,0,0,0,16.1825642585754,0,0,0,0,0,0,0,12.0951244916235,0,0,0,0,0,7.71240871802144,0,19.3462843213763,0,30.8568649291992,0,15.9691567420959,0,0,6.31594600810252,0,3.69105947110948,0,5.99572171406312,0,11.3793517549833,0,21.3966693878174,0,0,0,14.8924474716187,0,0,0,6.60357771129728,0,4.24518934592673,27.4961465199788,8.95173933357,0,0
15.0770480632782,0,21.0524597167969,0,0,0,0,0,6.38414230031415,0,0,0,23.7319450378418,0,0,0,4.61296849958064,0,43.6164407730103,0,0,0,4.22962388285884,0,0,0,3.06652040301629,0,0,0,0,0,0,0,0,0,0,0,5.20668122812671,0,0,0,26.1247224074144,0,0,0,0,25.0840721130371,20.9321710798475,0,0,0,0,0,6.54063102441241,0,0,0,23.1159009933472,0,17.2060451507568,0,0,0,0,4.39369070481842,0,4.58188766108082,0,4.98557739070624,0,0,0,0,0,0,0,0,0,0,0,8.08462937672933,4.5764752484144,0,6.71206978389195,0,0
0,0,0,0,0,0,0,0,0,0,0,0,0,0,0,0,32.3952496366681,16.2057102481123,35.4053287506104,0,0,3.50400876998901,0,3.29575794219971,0,0,0,3.7526203595675,0,0,0,0,0,0,0,0,0,0,0,0,0,0,0,0,0,0,0,0,0,0,0,0,0,0,0,0,0,0,0,3.81041431427002,0,0,0,0,4.18024419335758,0,0,0,3.57723892887099,0,3.31469978604998,0,0,0,0,0,0,0,0,0,0,0,8.22914344469706,35.8771553039551,0,0,0
0,0,0,0,0,0,0,0,8.46784170150757,0,0,0,0,0,3.30991257656188,0,3.63101668357849,0,0,0,0,0,3.59576749801636,0,3.06652040301629,0,0,0,2.74578428268433,0,0,0,0,0,0,0,0,0,0,0,0,0,0,0,0,0,0,0,0,0,0,0,0,0,15.808377456665,0,0,0,0,0,9.06936640559502,0,0,0,0,2.73311948776245,0,0,0,3.45635984858421,0,0,0,0,0,0,0,0,0,0,0,0,3.45912233193715,0,0,0,0
0,0,0,0,0,0,0,0,0,0,0,3.58182215690613,0,3.25130336625235,0,0,0,0,0,0,0,3.53204413717107,0,0,0,3.7526203595675,0,0,0,4.05061060952586,0,0,0,0,0,0,0,3.00531928679522,0,0,0,0,0,0,0,0,0,0,0,0,0,0,0,0,0,0,0,0,0,3.07165458446413,0,0,0,0,5.60538545456426,0,0,0,4.33775438581194,0,3.56297707227459,0,6.61601463953654,0,0,0,0,0,0,0,3.66721006234487,0,3.24550933241844,2.95464429824682,0,0,0
0,0,0,0,0,0,0,0,0,0,0,0,3.8085001707077,0,0,0,0,0,0,0,0,0,3.93573328641456,0,0,0,2.74578428268433,0,0,0,3.81311825911204,0,0,0,0,0,0,0,4.55643578009172,0,0,0,0,0,0,0,0,0,0,0,0,0,0,0,0,0,0,0,2.99681813716888,0,0,0,0,0,0,4.21889305114746,0,0,0,0,0,3.86012455980952,0,4.18600679579235,0,0,0,0,0,0,0,6.13644005358219,2.98061329710717,2.91043834686279,0,0,0
0,0,0,0,0,0,0,0,0,0,0,5.98624685659247,0,3.9900541305542,0,0,0,0,0,7.18544387817383,0,0,0,0,0,0,0,4.05061060952586,0,0,0,0,0,0,0,0,0,3.02595553948329,0,0,0,0,0,0,0,0,0,0,0,0,0,0,0,0,0,0,0,3.57819776535034,0,3.42807323485613,0,0,0,0,0,0,0,0,0,0,4.55007698917221,0,3.74558777052259,0,0,0,0,0,0,0,4.79920944461116,0,7.93401419393944,0,0,0,0
0,0,0,0,0,0,0,0,0,0,4.33237584934959,0,0,0,0,0,0,0,0,0,0,0,0,0,0,0,0,0,3.81311825911204,0,0,0,0,0,0,0,0,0,4.69350192102335,0,0,0,0,0,0,0,0,0,0,0,0,0,0,0,0,0,3.84994308239705,0,0,0,0,0,0,0,0,0,0,0,0,0,0,2.93988728523254,0,3.66815805753922,0,0,0,0,0,0,0,3.42472587197514,3.3269522190094,0,0,0,0
0,0,0,0,0,0,0,0,0,0,0,0,0,0,0,0,0,0,0,0,0,0,0,0,0,0,0,0,0,0,0,0,3.60468783353766,8.41785701657968,0,9.901004275968,3.09507835904757,0,0,5.49074305806841,0,0,0,0,0,0,0,7.2465586667109,12.7106202932505,5.79154866933823,0,0,0,0,0,0,0,0,0,0,0,0,0,0,0,0,0,0,0,0,0,0,0,0,9.10177316058705,4.74982047080994,9.43365339385315,0,10.3784455939638,0,0,0,3.07258357243104,0,0,0,0
0,0,0,0,0,0,0,0,0,0,0,0,0,0,0,0,0,0,0,0,0,0,0,0,0,0,0,0,0,0,0,3.60468783353766,0,0,9.83327851619535,2.82308834791183,4.60642615419168,0,0,0,0,0,0,0,0,0,0,7.32166422260264,7.68217592438062,0,0,0,0,0,0,0,0,0,0,0,0,0,0,0,0,0,0,0,0,0,0,0,0,0,3.44775515252894,4.69741760056302,3.24403501593548,15.5762088719536,0,11.3818336888089,0,0,3.37141728401184,0,0,0,0
0,0,0,0,0,0,0,0,0,0,0,0,0,0,0,0,0,0,0,0,0,0,0,0,0,0,0,0,0,0,0,8.41785701657968,0,0,3.42929793832716,6.69104917844137,2.95452153682709,5.08264892587165,0,0,0,0,10.4459943771362,0,0,0,0,5.76001208064642,16.546774148941,18.7632716950916,0,0,0,0,0,0,0,0,0,0,0,0,0,0,0,0,0,0,0,0,0,0,0,0,11.0273550106929,0,6.11593170166016,4.05296144315175,12.8498297067317,36.9300117492676,8.88708550880353,0,3.04708106961536,4.51264563728781,8.3075138092041,0,0
0,0,0,0,0,0,0,0,0,0,0,0,0,0,0,0,0,0,0,0,0,0,0,0,0,0,0,0,0,0,0,0,9.83327851619535,3.42929793832716,0,0,6.67936756292192,5.68344206423373,6.98900141309963,0,0,6.95985889434814,21.721962928772,0,0,0,0,4.67533910543978,19.4863775571187,0,0,0,0,0,0,0,0,0,0,0,0,0,0,0,0,0,0,0,0,0,0,0,0,0,0,11.8202363943853,3.25602271271952,5.98431281757956,18.5729103088379,6.95710105101267,5.24514698982239,5.86369924903049,4.34382561892271,4.98408036231995,47.0600166320801,0,0
0,0,0,18.7454282045364,0,21.9817216826267,0,0,0,0,0,3.00226196304697,0,0,0,0,87.7081279754639,80.8851443981302,61.6328246003838,6.02715966578055,0,0,0,0,0,0,0,0,0,0,0,9.901004275968,2.82308834791183,6.69104917844137,0,0,3.39837478876114,4.36687583528817,0,15.1476725086089,7.99111068248749,41.2304797899925,86.4576797485352,62.8886400858561,80.8792419433594,41.7872919114255,0,7.67860218149276,23.6881838904487,18.0059562249873,0,24.6137141725596,0,3.4692619095246,98.5386352539062,0,0,7.46091306126395,0,72.3310852050781,0,41.6788335527693,6.95596323598423,0,0,0,0,0,0,0,0,0,58.1965682983398,0,8.28674281560458,0,7.94037263141656,0,7.6343367237424,3.90584533539928,7.87997457780444,0,5.48114196032062,5.33825980673591,23.9884168778308,40.5301942825317,0
22.0347354888916,0,17.0745439027485,0,0,0,0,0,32.6986656188965,0,6.25274533861466,0,0,0,0,0,85.3456555070548,96.9787689208984,64.2201551421871,0,5.70265277974746,0,0,0,0,0,0,0,0,0,0,3.09507835904757,4.60642615419168,2.95452153682709,6.67936756292192,3.39837478876114,0,4.53716957569122,6.64635852552576,10.0360025465488,13.3396107900417,58.7532558441162,36.1257458425337,71.1014213562012,50.3948036932176,0,39.1196728674214,10.9399495435258,23.1118597215857,0,0,0,0,0,0,0,11.9929908843751,0,18.4114855252779,0,0,0,0,9.8709968457637,0,0,0,0,0,28.9038429260254,0,44.0534922281901,0,0,3.09703469276428,3.43737825022803,0,11.3086404085159,6.64196712100083,8.38888556215252,0,7.38904014203427,6.89114167045593,3.29737100490304,30.6465058215137,0,41.3690401077271
0,0,0,28.9967851638794,0,0,0,0,0,32.593433380127,0,3.69923898555614,0,0,0,0,0,89.4704360961914,56.5909932454427,4.85048680867606,0,4.39415998121469,0,4.04533012759054,0,0,0,3.00531928679522,0,3.02595553948329,0,0,0,5.08264892587165,5.68344206423373,4.36687583528817,4.53716957569122,0,9.23076908282061,23.6737070083618,0,14.2050005495548,0,52.9455070495605,0,28.2789937052233,0,8.69229965781269,0,5.1006990224123,0,40.0138778686523,0,0,0,15.3401874762315,0,4.54602696982072,0,0,0,39.7665481567383,8.51813920877748,0,3.71354246139526,0,5.057310056143,31.0142889022827,0,0,6.18927641184825,0,3.99152095373287,0,0,0,5.26403703497744,13.274315060796,9.40151597239901,0,6.24241079480183,11.8793266574789,6.21693434452235,4.94029399637993,5.88695247993108,0,0
15.8487215042114,43.3317375183105,38.2251853942871,0,0,0,0,0,6.92315896793648,0,3.87508138640102,0,0,0,0,0,18.4936275482178,0,68.4329933166504,0,3.87002982199192,5.46844863891602,5.40937661063491,0,5.20668122812671,0,0,0,4.55643578009172,0,4.69350192102335,0,0,0,6.98900141309963,0,6.64635852552576,9.23076908282061,0,0,22.0604331724105,18.3082002556842,20.1492534868277,0,45.0460586547852,0,41.2763900267772,5.07061369440744,12.2686530351639,28.8587013244629,0,0,0,0,8.6921631503351,39.8145275115967,4.65071447193623,0,0,0,0,0,0,24.1257613045829,0,5.89264880374359,0,5.6531548865931,0,0,0,0,0,6.11975022157033,0,0,15.8853957653046,8.18720081743303,0,9.24919295413336,5.17591810644719,5.28996764922571,7.14523395537182,6.03293284492113,13.3048311992591,0,39.4859008789062
0,0,0,28.6896948814392,0,0,0,0,0,30.8872184753418,0,0,0,0,0,0,78.3542843773251,57.5463021614182,37.2778239835532,0,0,0,0,0,0,0,0,0,0,0,0,5.49074305806841,0,0,0,15.1476725086089,10.0360025465488,23.6737070083618,0,0,11.6162246295384,18.3221108526758,69.7555305480957,21.097228091634,56.8612985610962,11.6806839875618,66.1451187133789,4.74288809102429,46.7186574935913,4.58119352544446,0,30.7899312973022,0,0,0,0,0,35.8777314699613,0,0,0,43.536506652832,16.0081100463867,0,0,0,0,0,0,0,0,0,49.4408893585205,79.536750793457,4.21459599641653,0,0,0,16.5035941212763,12.8793036937714,45.4344901275635,0,36.6896404118314,83.7902870178223,12.3144331463508,21.7974170736364,60.5075950622559
0,0,25.9707896892841,0,0,0,0,0,0,0,0,0,0,0,0,0,59.3542301940918,71.0287866592407,42.0429040356412,0,0,0,0,0,0,0,0,0,0,0,0,0,0,0,0,7.99111068248749,13.3396107900417,0,22.0604331724105,11.6162246295384,0,60.1960182189941,14.8981475360202,0,28.4489207060441,0,12.7543237889186,6.51241276787885,6.7418450066777,9.50768884023031,0,0,0,0,0,0,29.8952703475952,0,35.0307540893555,0,0,0,0,19.3145177364349,0,0,0,0,0,0,0,0,0,0,0,4.02454499668545,0,0,16.0852727156419,12.3870510485719,0,23.3432216008504,11.8882270300225,0,10.4771156843865,0,17.6984777069092
53.4767303466797,22.0913761095567,0,20.5881695665162,0,0,0,0,61.4987258911133,18.4315076980038,0,0,0,0,0,31.5119190216064,58.0978538158328,42.8233069374176,19.4587759592644,0,0,0,0,16.1825642585754,0,0,0,0,0,0,0,0,0,0,6.95985889434814,41.2304797899925,58.7532558441162,14.2050005495548,18.3082002556842,18.3221108526758,60.1960182189941,0,11.9138901169596,14.2593349118953,51.0314903259277,17.063229296127,59.4552677699498,7.84219502267383,11.4790504796164,20.2001824912394,0,28.3433017730713,0,0,0,23.8202701025996,0,18.1533977616694,0,22.8200337748882,72.4203567504883,28.1292743301392,26.8899922804399,0,0,0,12.7214293479919,0,0,0,17.9977408515082,65.578847249349,13.9110604901817,0,0,0,0,14.4853401184082,30.6093374313373,51.1521789005824,40.3211103835196,37.8277269999186,15.2873580981373,32.8768997607024,12.680119008945,11.9712253022885,38.7553470318134
13.2097132258427,0,21.7845362884956,0,30.3164691925049,0,0,0,13.8604025779626,0,0,0,21.9154846484845,0,22.068129963345,0,46.3516348145108,51.1350011706352,22.8711803662267,0,0,0,0,0,26.1247224074144,0,0,0,0,0,0,0,0,10.4459943771362,21.721962928772,86.4576797485352,36.1257458425337,0,20.1492534868277,69.7555305480957,14.8981475360202,11.9138901169596,0,47.8200828234355,14.3582507254409,61.7310106277466,16.5116577171736,6.42537616938353,11.6669190600158,12.0815887451172,0,0,0,0,18.9807027280331,0,21.32439132973,60.091316986084,20.7174044538427,0,15.3591108357334,0,52.8663787841797,23.071445366771,0,0,0,26.3635978031158,0,13.6875346163486,0,15.5273161350481,58.341721534729,14.2970156886361,0,0,0,9.96307913462321,78.6387447010387,24.2402816833902,79.0613412857056,23.483809126748,13.7309028161473,7.91640148692661,14.1640799381806,48.34514132413,9.82789454747129
0,0,0,0,0,0,0,0,0,0,0,0,0,0,0,0,51.0099966149581,41.2392068470226,28.3302717981068,0,0,0,0,0,0,0,0,0,0,0,0,0,0,0,0,62.8886400858561,71.1014213562012,52.9455070495605,0,21.097228091634,0,14.2593349118953,47.8200828234355,0,38.2587730407715,19.1224996767588,63.3506633213588,0,51.544994354248,0,0,0,0,0,0,0,0,32.2679409980774,0,0,0,0,0,0,0,0,0,0,0,0,0,0,41.1057047843933,54.7012901306152,0,0,0,0,36.9827638036276,55.8196449279785,38.0483421144031,0,18.3402135472198,64.8584976196289,18.0315094884438,28.030113697052,45.0131924947103
17.4225769042969,0,21.7082204818726,0,0,0,0,0,0,0,0,0,0,0,0,0,40.2640346439405,47.500802413277,21.0661632942897,0,0,0,0,0,0,0,0,0,0,0,0,0,0,0,0,80.8792419433594,50.3948036932176,0,45.0460586547852,56.8612985610962,28.4489207060441,51.0314903259277,14.3582507254409,38.2587730407715,0,51.8140205383301,16.6791226920131,0,37.9768395423889,41.9139404296875,0,0,0,0,0,0,0,53.2066230773926,25.91357421875,0,0,0,0,21.0230102539062,0,0,0,0,0,0,0,0,0,0,0,0,0,0,76.6208682060242,34.0024660792919,0,28.1041450500488,16.4270596893871,0,20.0247515511467,39.7335739135742,19.9561894088984
100.833892822266,0,0,17.6849263785542,0,19.3164472579956,0,0,0,38.6891994476318,0,0,0,0,0,24.7016806602478,66.7427856005155,52.9688356190442,34.5798769008937,13.6276248296102,0,0,0,0,0,0,0,0,0,0,0,0,0,0,0,41.7872919114255,0,28.2789937052233,0,11.6806839875618,0,17.063229296127,61.7310106277466,19.1224996767588,51.8140205383301,0,78.7749150594075,0,0,20.4592056274414,0,25.9169232050578,0,0,0,34.7502517700195,0,21.895968359285,0,26.5927757024765,0,26.282496213913,11.5943334236873,0,0,0,36.4127044677734,0,0,0,0,0,34.5523980729123,0,0,0,0,0,27.4063785272823,0,18.2083010793987,0,36.4511297157288,74.2255111694336,16.8329947890128,26.0279044917986,64.2066116333008
25.3959277759899,0,14.810141788496,0,0,0,0,0,0,0,0,0,0,0,51.7514572143555,0,55.6214202123744,60.7741364373101,34.2362110115396,0,12.8288563622369,0,0,0,0,0,0,0,0,0,0,0,0,0,0,0,39.1196728674214,0,41.2763900267772,66.1451187133789,12.7543237889186,59.4552677699498,16.5116577171736,63.3506633213588,16.6791226920131,78.7749150594075,0,0,24.0170505346652,0,23.5520420074463,0,0,0,38.0691680908203,0,19.0993029414744,0,21.817345012318,0,24.245888710022,0,0,6.87451066742186,0,0,0,43.3277740478516,0,32.4951054255168,0,32.6903408595494,73.3872299194336,32.9214307373645,0,0,0,49.0857086181641,92.8893356323242,21.5681692703965,80.6391296386719,16.5413149251776,32.6825072459019,0,16.0675223943437,0,36.2576493535723
0,0,0,0,0,0,0,0,0,0,0,0,0,0,0,0,0,0,0,0,0,0,0,0,25.0840721130371,0,0,0,0,0,0,7.2465586667109,7.32166422260264,5.76001208064642,4.67533910543978,7.67860218149276,10.9399495435258,8.69229965781269,5.07061369440744,4.74288809102429,6.51241276787885,7.84219502267383,6.42537616938353,0,0,0,0,0,5.2583146591784,5.286674676447,0,0,0,0,0,35.6765670776367,0,0,0,0,0,0,0,0,0,0,0,17.8950958251953,0,0,0,0,0,0,5.25469331453759,6.44575601903404,5.91936043368445,6.3021250123763,10.1834539807361,7.58780581408861,19.1158739725749,5.65676163014582,5.75411919122622,6.0344197485182,7.43281218072488,0,8.0066614151001
10.8100149479127,0,10.6298721190542,0,15.999674650339,0,0,0,18.5476431075841,0,0,0,5.53463888168335,0,7.92753879560365,0,46.4600188732147,54.8288050564853,35.2961715062459,0,35.9246788024902,0,4.29180969056629,0,20.9321710798475,0,0,0,0,0,0,12.7106202932505,7.68217592438062,16.546774148941,19.4863775571187,23.6881838904487,23.1118597215857,0,12.2686530351639,46.7186574935913,6.7418450066777,11.4790504796164,11.6669190600158,51.544994354248,37.9768395423889,0,24.0170505346652,5.2583146591784,0,5.09001520203381,6.08882015092032,0,0,0,19.2654736178879,0,5.52618935373094,72.200569152832,9.26682619253794,0,8.99227088212593,0,0,18.5990441565244,0,6.10192047316453,0,18.5071943600972,0,7.8967786653718,0,18.2978785196319,70.5635503133138,22.9599976050002,14.4542365074158,5.64625126974923,19.9659161567688,6.66614312963971,20.5307471603155,8.59930283035052,0,7.80354023751942,15.4775520382048,0,10.2983152123577,54.2437108357747,18.0625497650456
0,16.1541898682714,0,9.88585487701608,0,0,0,0,0,17.8950632039238,0,0,0,0,0,10.2438242053986,0,44.2689390182495,29.5582467440901,0,0,4.82830858230591,0,12.0951244916235,0,0,0,0,0,0,0,5.79154866933823,0,18.7632716950916,0,18.0059562249873,0,5.1006990224123,28.8587013244629,4.58119352544446,9.50768884023031,20.2001824912394,12.0815887451172,0,41.9139404296875,20.4592056274414,0,5.286674676447,5.09001520203381,0,0,10.7250719070435,0,0,0,16.215631318896,0,16.1166073092332,0,8.44515669973273,0,10.0225480165122,0,0,3.22766555845737,0,15.4382780330016,0,4.71396902402242,0,4.50645394784021,0,17.4538607660425,0,4.32694903843933,0,4.15804367337908,0,15.3017380911622,0,4.7198686827001,33.2927856445312,11.9927706629261,16.412876701355,10.5739749381503,37.6833457946777,0
0,0,9.28092479705811,0,3.54322206302428,0,0,0,0,0,0,0,0,0,0,0,0,0,0,0,7.19116353988647,0,0,0,0,0,0,0,0,0,0,0,0,0,0,0,0,0,0,0,0,0,0,0,0,0,23.5520420074463,0,6.08882015092032,0,0,0,0,0,0,0,8.6157089471817,0,5.71756036288967,0,3.78895281042371,0,0,0,0,0,0,0,0,0,0,0,0,0,0,0,0,0,0,0,0,0,4.64206409454346,0,28.0889987945557,0,0
0,0,0,7.6077489818518,0,3.47956040134169,0,0,0,4.04679092994103,0,6.53637886047363,0,0,0,4.55142950493356,0,0,0,9.46935252845287,0,0,0,0,0,0,0,0,0,0,0,0,0,0,0,24.6137141725596,0,40.0138778686523,0,30.7899312973022,0,28.3433017730713,0,0,0,25.9169232050578,0,0,0,10.7250719070435,0,0,0,3.41993078108757,0,14.0483598709106,0,5.57832928792554,0,3.5772237849958,0,0,17.6522764420649,0,0,0,36.5468711853027,0,0,0,0,0,36.1591415405273,0,0,0,0,0,28.074214244711,0,46.4032454490662,0,25.3958531633873,0,18.7007410633671,0,0
0,0,0,0,0,0,0,0,0,0,0,0,0,0,0,0,0,0,0,0,0,0,0,0,0,0,0,0,0,0,0,0,0,0,0,0,0,0,0,0,0,0,0,0,0,0,0,0,0,0,0,0,0,0,0,0,0,0,3.1637008190155,0,0,0,0,0,0,0,0,0,0,0,0,0,0,0,0,0,0,0,0,0,0,0,0,0,0,0,0
0,0,0,0,0,0,0,3.80092868289432,0,0,0,4.01336985826492,0,3.53399000167847,0,0,0,0,0,0,0,0,0,0,0,0,0,0,0,0,0,0,0,0,0,3.4692619095246,0,0,0,0,0,0,0,0,0,0,0,0,0,0,0,3.41993078108757,0,0,0,0,0,4.90219260681243,0,3.57019085719668,0,0,8.87807141106559,0,0,0,0,0,0,0,0,0,0,0,0,0,0,0,0,0,0,0,3.00645456314087,0,8.2000818874525,0,0
12.5888931751251,0,19.3708672523499,0,0,0,0,0,5.01265222163656,0,0,0,23.006311416626,0,10.1026535715376,0,0,0,24.6404806458673,0,0,0,0,0,6.54063102441241,0,15.808377456665,0,0,0,0,0,0,0,0,98.5386352539062,0,0,8.6921631503351,0,0,0,18.9807027280331,0,0,0,38.0691680908203,0,19.2654736178879,0,0,0,0,0,0,0,21.6306476593018,0,22.7505501338414,0,12.7078658824271,0,0,0,0,0,0,5.87351845458529,0,14.2695926520683,0,18.432787100474,0,19.4291063944499,0,0,0,0,0,0,0,6.29899858788356,11.580823122993,0,11.0866983169463,0,4.186607837677
0,6.32936985959712,0,8.58937219486517,0,13.5255994796753,0,0,0,5.0282186857982,0,0,0,0,0,5.29381991716532,0,0,25.4983156811107,0,0,0,0,7.71240871802144,0,0,0,0,0,0,0,0,0,0,0,0,0,15.3401874762315,39.8145275115967,0,0,23.8202701025996,0,0,0,34.7502517700195,0,35.6765670776367,0,16.215631318896,0,14.0483598709106,0,0,0,0,0,19.6940881801101,0,26.1226299285889,0,7.01539338644778,32.4370269775391,0,0,0,6.99715304905026,0,0,0,0,0,20.3444903878605,0,0,0,0,0,53.0243721008301,0,11.1320102366995,0,16.1832239487592,34.4992340087891,14.9576766610146,0,0
4.4852503935496,0,8.43772818247477,0,16.5024878184001,0,0,0,24.3086802164714,0,4.78278461185847,0,9.11722395726754,0,0,0,0,0,34.3509502410889,0,5.78885878421165,0,0,0,0,0,0,0,0,0,3.84994308239705,0,0,0,0,0,11.9929908843751,0,4.65071447193623,0,29.8952703475952,0,21.32439132973,0,0,0,19.0993029414744,0,5.52618935373094,0,8.6157089471817,0,0,0,21.6306476593018,0,0,0,5.80423891331268,0,15.8525213400523,0,0,9.98705549407424,0,0,0,24.7057857513428,0,4.32205457157559,0,4.26764641556085,0,5.77674104196752,0,0,0,0,0,19.8997261718619,0,0,19.4390518133525,0,6.84204099760499,0,0
0,17.2054927132346,0,16.2133336148216,0,6.87754583358765,0,3.93929542813982,0,17.6703513425939,0,5.47859614518701,0,0,0,32.818518789191,51.9247608184814,34.6079716682434,31.5860873780599,4.99491554668971,0,0,0,19.3462843213763,0,0,0,0,0,3.57819776535034,0,0,0,0,0,7.46091306126395,0,4.54602696982072,0,35.8777314699613,0,18.1533977616694,60.091316986084,32.2679409980774,53.2066230773926,21.895968359285,0,0,72.200569152832,16.1166073092332,0,5.57832928792554,0,4.90219260681243,0,19.6940881801101,0,0,0,5.18727558889742,0,27.6430407524109,10.3164695300637,0,0,0,19.9874769511976,0,0,0,4.25747305197681,0,10.5946471037351,0,0,0,0,0,36.4456302737012,96.8611679077148,19.666002539488,0,14.2477836444882,4.57196635466356,12.1558607338795,21.2264843940735,52.938801574707
13.6708649529351,0,7.18604928034323,0,10.5683045387268,0,2.89994752407074,0,19.8442970911662,0,3.75091283321381,0,3.59153495648111,0,3.81005072593689,0,0,0,34.7498605728149,0,0,0,0,0,23.1159009933472,0,0,0,2.99681813716888,0,0,0,0,0,0,0,18.4114855252779,0,0,0,35.0307540893555,0,20.7174044538427,0,25.91357421875,0,21.817345012318,0,9.26682619253794,0,5.71756036288967,0,3.1637008190155,0,22.7505501338414,0,5.80423891331268,0,0,0,3.66965756321898,0,0,13.9927634239197,0,0,0,24.8934326171875,0,0,0,7.49626398086548,0,18.842022895813,0,0,0,0,0,23.178985786438,0,0,24.2673323419359,3.16263341903687,14.5003243625754,0,20.3747873306274
0,23.9228941599528,0,6.5194501840707,0,0,0,0,0,26.6185760498047,0,3.67736848004222,0,3.21796960267696,0,2.77326052529471,0,0,34.8688570658366,0,0,0,0,30.8568649291992,0,3.81041431427002,0,3.07165458446413,0,3.42807323485613,0,0,0,0,0,72.3310852050781,0,0,0,0,0,22.8200337748882,0,0,0,26.5927757024765,0,0,0,8.44515669973273,0,3.5772237849958,0,3.57019085719668,0,26.1226299285889,0,5.18727558889742,0,0,0,4.87147781401873,8.04449205045347,0,0,0,29.0842927296956,0,6.82790231510876,0,4.52517071759926,0,14.5892823423658,0,0,0,0,0,48.8222910563151,0,43.4679090059721,0,4.39856637792384,4.30321008280704,16.0398235749908,0,0
8.42936747194194,0,7.47328057476119,0,19.7759075164795,0,0,0,12.0141367161715,0,0,0,4.01447647809982,0,5.42462140138646,0,31.5055675506592,0,33.2320919036865,0,0,0,0,0,17.2060451507568,0,9.06936640559502,0,0,0,0,0,0,0,0,0,0,0,0,0,0,72.4203567504883,15.3591108357334,0,0,0,24.245888710022,0,8.99227088212593,0,3.78895281042371,0,0,0,12.7078658824271,0,15.8525213400523,0,3.66965756321898,0,0,0,0,45.4368019104004,0,0,0,11.5760461405704,0,10.6874800609065,0,18.5546903212865,0,28.5722090403239,0,0,0,0,0,0,0,0,22.0899608702887,0,14.2051667925361,0,0
0,29.1202306747437,0,8.27926064394191,0,0,0,0,0,8.92951501332796,0,0,0,2.96482634544373,0,5.01803584628635,0,0,36.9305521647135,38.6339626312256,0,0,0,15.9691567420959,0,0,0,0,0,0,0,0,0,0,0,41.6788335527693,0,39.7665481567383,0,43.536506652832,0,28.1292743301392,0,0,0,26.282496213913,0,0,0,10.0225480165122,0,0,0,0,0,7.01539338644778,0,27.6430407524109,0,4.87147781401873,0,0,35.5187887464251,0,0,0,27.0671005249023,0,7.70229905705119,0,5.66350111961365,0,28.9536034795973,0,0,0,0,0,52.393489074707,0,43.9813113965486,0,28.5606715944078,0,24.6225676793538,0,0
0,0,0,16.8097969327654,0,13.4898458231579,0,0,0,29.7810516357422,0,4.37609441140119,0,0,0,0,0,31.1394023895264,39.3661373456319,6.60975709224872,0,0,0,0,0,0,0,0,0,0,0,0,0,0,0,6.95596323598423,0,8.51813920877748,0,16.0081100463867,0,26.8899922804399,52.8663787841797,0,0,11.5943334236873,0,0,0,0,0,17.6522764420649,0,8.87807141106559,0,32.4370269775391,0,10.3164695300637,0,8.04449205045347,0,35.5187887464251,0,0,0,0,0,0,0,0,0,0,15.1193162661332,0,0,0,0,0,11.1945038470006,0,9.99668468328623,0,7.45895430405935,0,12.618879635364,0,0
23.9613456726074,0,7.27564018422907,0,8.45077419281006,0,0,0,0,0,3.15002890995571,0,0,0,0,0,0,0,39.3083648681641,0,6.12440307154458,0,0,0,0,0,0,0,0,0,0,0,0,0,0,0,9.8709968457637,0,24.1257613045829,0,19.3145177364349,0,23.071445366771,0,21.0230102539062,0,6.87451066742186,0,18.5990441565244,0,0,0,0,0,0,0,9.98705549407424,0,13.9927634239197,0,45.4368019104004,0,0,0,0,0,0,0,0,0,0,30.4460960244233,0,20.6498744419643,0,0,0,0,0,10.4918069521092,0,8.80851130158293,6.09743836190965,0,11.3402445866707,0,0
0,0,0,0,0,0,0,0,0,0,0,0,0,0,0,0,0,2.96216225624084,0,0,0,4.59523015808586,6.94187247753143,6.31594600810252,0,4.18024419335758,0,5.60538545456426,0,0,0,0,0,0,0,0,0,3.71354246139526,0,0,0,0,0,0,0,0,0,0,0,3.22766555845737,0,0,0,0,0,0,0,0,0,0,0,0,0,0,0,0,3.98625771725764,0,8.02503979206085,0,5.90277507152963,0,0,0,0,0,0,0,0,0,4.73405089103259,0,4.38221552346705,2.75188446044922,0,0,0
0,0,0,0,0,0,0,0,0,0,0,0,0,0,0,0,0,0,0,0,0,4.44682255544161,4.08496937473096,0,4.39369070481842,0,2.73311948776245,0,4.21889305114746,0,0,0,0,0,0,0,0,0,5.89264880374359,0,0,0,0,0,0,0,0,0,6.10192047316453,0,0,0,0,0,0,0,0,0,0,0,0,0,0,0,0,0,0,4.47346560359001,0,2.74911546707153,0,4.67201810412937,0,0,0,0,0,0,0,0,0,8.9406785437169,4.46313687947791,5.26120556484569,0,0,0
0,4.92559714544387,0,25.814893586295,0,0,0,0,0,6.59557471975036,0,0,0,0,0,25.1065616607666,0,0,29.2268810272217,0,0,6.22240072972066,0,3.69105947110948,0,0,0,0,0,0,0,0,0,0,0,0,0,5.057310056143,0,0,0,12.7214293479919,0,0,0,36.4127044677734,0,0,0,15.4382780330016,0,36.5468711853027,0,0,0,6.99715304905026,0,19.9874769511976,0,29.0842927296956,0,27.0671005249023,0,0,3.98625771725764,0,0,0,5.05090593619033,0,12.8888866595733,0,25.0294551849365,0,0,0,14.2861436208089,0,0,0,7.82072996850741,0,9.65190577034903,24.0277380943298,6.46071219444275,0,0
16.0449448886671,0,21.2267761230469,0,0,0,0,0,6.16306908974281,0,0,0,25.3708915710449,0,18.8208383832659,0,5.39596591497722,0,34.5818961216853,0,0,0,4.05456336736679,0,4.58188766108082,0,0,0,0,0,0,0,0,0,0,0,0,31.0142889022827,5.6531548865931,0,0,0,26.3635978031158,0,0,0,43.3277740478516,17.8950958251953,18.5071943600972,0,0,0,0,0,5.87351845458529,0,24.7057857513428,0,24.8934326171875,0,11.5760461405704,0,0,0,0,4.47346560359001,0,0,0,3.37511038780212,0,0,0,0,0,0,0,0,0,0,0,4.33278505818373,9.41655690906284,16.9340410232544,6.27247544257872,0,0
0,0,0,0,0,0,0,0,0,12.8495092391968,0,0,0,2.75460076332092,0,6.80333267125216,0,11.2212579559397,0,0,0,5.44749243891969,0,5.99572171406312,0,3.57723892887099,0,4.33775438581194,0,0,0,0,0,0,0,0,0,0,0,0,0,0,0,0,0,0,0,0,0,4.71396902402242,0,0,0,0,0,0,0,0,0,6.82790231510876,0,7.70229905705119,0,0,8.02503979206085,0,5.05090593619033,0,0,0,3.38831114172935,0,4.14972857634227,0,0,0,0,0,0,0,0,0,5.90373611450195,0,4.83952980853142,0,0
11.5476585229238,0,21.1035842895508,0,0,0,0,0,12.3824844954391,0,0,0,0,0,9.59926213986344,0,18.0836514949799,0,35.6708150591169,0,0,0,2.74849213872637,0,4.98557739070624,0,3.45635984858421,0,0,0,0,0,0,0,0,0,28.9038429260254,0,0,0,0,0,13.6875346163486,0,0,0,32.4951054255168,0,7.8967786653718,0,0,0,0,0,14.2695926520683,0,4.32205457157559,0,0,0,10.6874800609065,0,0,0,0,2.74911546707153,0,3.37511038780212,0,0,0,11.7879505157471,0,0,0,0,0,0,0,0,0,0,16.0375694731871,0,12.634838283062,0,0
0,0,0,0,0,0,0,0,0,0,0,0,0,3.25166563987732,0,3.57835352420807,0,31.10719871521,0,0,0,4.30263277964714,0,11.3793517549833,0,3.31469978604998,0,3.56297707227459,0,4.55007698917221,0,0,0,0,0,0,0,6.18927641184825,0,0,0,17.9977408515082,0,0,0,0,0,0,0,4.50645394784021,0,0,0,0,0,0,0,4.25747305197681,0,4.52517071759926,0,5.66350111961365,0,0,5.90277507152963,0,12.8888866595733,0,3.38831114172935,0,0,0,5.94724122907074,0,0,0,0,0,0,0,7.22875129150239,0,4.21596992181407,3.04285960197449,7.35117335226929,0,0
9.50673416184216,0,23.4770801605717,0,0,0,0,0,16.6143329408434,0,6.7822660947863,0,6.989717065371,0,22.8721542358398,0,47.3444715499878,56.8839917864118,36.3822967727463,0,0,0,5.51259062403724,0,0,0,0,0,3.86012455980952,0,2.93988728523254,0,0,0,0,0,44.0534922281901,0,0,0,0,65.578847249349,15.5273161350481,0,0,0,32.6903408595494,0,18.2978785196319,0,0,0,0,0,18.432787100474,0,4.26764641556085,0,7.49626398086548,0,18.5546903212865,0,0,30.4460960244233,0,4.67201810412937,0,0,0,11.7879505157471,0,0,0,3.72607796450695,0,0,0,0,103.757121276855,35.7390155792236,0,5.99882492146695,20.3489250722139,0,11.6138494496518,51.8740386962891,14.54571946462
0,16.918659845988,0,25.4831345128078,0,0,0,0,0,19.7577318350474,0,6.65593432653008,0,0,0,36.2368476867676,65.1556587219238,38.3035764694214,31.3744176756661,0,0,0,0,21.3966693878174,0,0,0,6.61601463953654,0,3.74558777052259,0,0,0,0,0,58.1965682983398,0,3.99152095373287,0,49.4408893585205,0,13.9110604901817,58.341721534729,41.1057047843933,0,34.5523980729123,73.3872299194336,0,70.5635503133138,17.4538607660425,0,36.1591415405273,0,0,0,20.3444903878605,0,10.5946471037351,0,14.5892823423658,0,28.9536034795973,15.1193162661332,0,0,0,25.0294551849365,0,4.14972857634227,0,5.94724122907074,0,0,0,0,0,0,0,64.6049359639486,0,2.96784918838077,0,22.0770672531185,0,13.9187176887552,20.7448053359985,54.9726123809814
11.11549949646,0,23.9668069666082,0,0,0,0,0,16.7114479541779,0,6.03982903146502,0,13.2206948720492,0,0,0,50.4526824951172,64.7700634002686,35.6922774251302,0,3.94015796979268,0,0,0,0,0,0,0,4.18600679579235,0,3.66815805753922,0,0,0,0,0,0,0,6.11975022157033,79.536750793457,0,0,14.2970156886361,54.7012901306152,0,0,32.9214307373645,0,22.9599976050002,0,0,0,0,0,19.4291063944499,0,5.77674104196752,0,18.842022895813,0,28.5722090403239,0,0,20.6498744419643,0,0,0,0,0,0,0,3.72607796450695,0,0,0,0,0,0,96.7574844360352,35.7834612528483,0,3.60450959833045,17.0876780110736,0,8.74155771185812,0,17.5436445871989
0,0,0,0,0,0,0,0,0,0,0,0,0,0,0,0,0,0,0,0,0,0,0,0,0,0,0,0,0,0,0,9.10177316058705,3.44775515252894,11.0273550106929,0,8.28674281560458,3.09703469276428,0,0,4.21459599641653,0,0,0,0,0,0,0,5.25469331453759,14.4542365074158,4.32694903843933,0,0,0,0,0,0,0,0,0,0,0,0,0,0,0,0,0,0,0,0,0,0,0,0,0,0,12.0807310001335,0,7.00894498825073,0,0,0,2.91051993199757,0,0,0,0
0,0,0,0,0,0,0,0,0,0,0,0,0,0,0,0,0,0,0,0,0,0,0,0,0,0,0,0,0,0,0,4.74982047080994,4.69741760056302,0,11.8202363943853,0,3.43737825022803,0,0,0,4.02454499668545,0,0,0,0,0,0,6.44575601903404,5.64625126974923,0,0,0,0,0,0,0,0,0,0,0,0,0,0,0,0,0,0,0,0,0,0,0,0,0,0,0,0,11.0437721674542,0,3.85539919137955,0,0,0,0,10.309642791748,0,0
