0,0,4.23322107615294,0,14.8069000244141,0,0,0,3.48407658338547,0,0,0,0,0,0,0,18.5959734022617,0,17.1002481533931,0,0,0,0,0,0,0,0,0,0,0,0,0,0,0,0,0,0,0,0,0,0,0,25.2304800604559,0,0,0,22.3783684332394,0,6.12742394799585,0,0,0,0,0,4.12162345647812,0,0,0,9.04479932785034,0,6.84139793102558,0,0,0,0,0,0,19.500537554423,0,13.929840862751,0,0,0,22.8533903757731,0,0,0,0,0,0,0,29.9745216369629,7.51645399243743,0,10.2686698723556,0,0
0,0,0,4.53874391631076,0,17.1824754714966,0,0,0,11.1162437536778,0,0,0,0,0,0,0,40.5563564300537,13.8949647355587,0,0,0,0,0,0,0,0,0,0,0,0,0,0,0,0,0,0,30.9959223535326,0,0,0,40.0670310338338,0,0,0,24.7863243530537,0,43.6449382488544,0,6.28591441611449,0,15.1847400665283,0,0,0,10.3347035082904,0,25.2999858856201,0,0,0,7.99868726730347,34.7490272521973,0,0,0,0,0,0,0,0,0,35.377981821696,0,0,0,0,0,0,0,30.4262259531829,0,25.242628212898,0,29.15659916136,0,0
4.23322107615294,0,0,0,9.79907529257177,0,0,0,5.1879426493161,0,0,0,0,0,0,0,0,0,16.6699620713579,0,5.80698696772258,0,0,0,0,0,0,0,0,0,0,0,0,0,0,0,13.8698348999023,0,0,0,0,0,32.9519500448801,0,0,0,13.2439339309931,0,5.07069787714216,0,5.93117845555147,0,0,0,7.08843613599802,0,8.08127660751343,0,5.01970760027568,0,7.70057711601257,0,0,8.96722166878837,0,0,0,0,0,0,0,0,0,24.8341070175171,0,0,0,0,0,0,0,0,10.1645235746258,0,7.28468077007493,0,0
0,4.53874391631076,0,0,0,5.67818008316681,0,0,0,6.36264824867249,0,0,0,0,0,0,0,0,30.0447319746017,8.04241555077689,0,0,0,0,0,0,0,0,0,0,0,0,0,0,0,0,0,0,0,0,0,34.750962617446,0,0,0,14.4199160136534,0,0,0,5.68496799649614,0,7.03134621547747,0,0,0,7.26474838761183,0,15.7699291365487,0,6.16532780673053,0,7.94301284154256,9.94096829493841,0,0,0,0,0,0,0,0,0,28.1511631011963,0,0,0,0,0,0,0,0,0,9.85056227615901,20.5346710541669,8.37439270166182,0,0
14.8069000244141,0,9.79907529257177,0,0,0,3.49908899177204,0,7.582268627741,0,3.2412561416626,0,0,0,0,0,0,0,0,0,3.80916373299323,0,0,0,0,0,0,0,0,0,0,0,0,0,0,0,4.64789021015167,0,37.224417368571,0,0,0,44.7222480773926,0,0,0,21.3683493932088,0,45.1038093566895,0,4.1088944863688,0,0,0,14.0638211448238,0,14.5308364354647,0,4.774374951487,0,0,0,0,11.9813801844915,0,0,0,0,0,0,0,0,0,38.7549209594727,0,0,0,0,0,0,0,38.0633354187012,4.25657189456051,4.34733028411865,10.0587095857092,0,0
0,17.1824754714966,0,5.67818008316681,0,0,0,3.18692403254302,0,8.03132264349196,0,0,0,0,0,0,0,0,0,5.20458271280156,0,0,0,0,0,0,0,0,0,0,0,0,0,0,0,0,0,0,0,0,0,51.2453514099121,0,0,0,17.5908677101135,0,53.0727157592773,0,12.0945039987564,0,3.92405049311358,0,2.91157393455505,0,6.34867844581604,0,8.67749911546707,0,23.6007499694824,0,0,8.90318855261191,0,0,0,0,0,0,0,0,0,0,0,0,0,0,0,12.7974093755086,0,39.4613971710205,0,4.34481798962343,3.49833768208822,7.99681370447832,0,0
0,0,0,0,3.49908899177204,0,0,0,0,0,2.8302840931075,0,3.06214785575867,0,0,0,0,0,0,0,3.13757946734526,0,0,0,0,0,0,0,0,0,0,0,0,0,0,0,0,0,0,0,0,0,0,0,0,0,0,0,0,0,4.77039591471354,0,3.42764957930079,0,0,0,3.24617613156637,0,3.03048734734024,0,0,0,0,0,0,0,0,0,0,0,0,0,0,0,0,0,0,0,0,0,0,0,3.05451009954725,0,0,0,0
0,0,0,0,0,3.18692403254302,0,0,0,0,0,0,0,0,0,0,0,0,0,5.02273826888113,0,0,0,0,0,0,0,0,0,0,0,0,0,0,0,0,0,0,0,0,0,0,0,0,0,0,0,0,0,0,0,0,0,3.167678129673,0,0,0,3.17403936386108,0,3.8102331161499,0,0,4.30764064035918,0,0,0,0,0,0,0,0,0,0,0,0,0,0,0,0,0,0,0,3.73882613182068,0,0,0,0
3.48407658338547,0,5.1879426493161,0,7.582268627741,0,0,0,0,0,0,0,0,0,12.8607006072998,0,17.2349691255183,0,20.9892464138213,0,0,0,0,0,30.011882464091,0,0,0,0,0,0,0,0,0,0,0,0,0,28.0080399262278,0,0,0,38.0497430313465,0,0,0,0,0,5.90778875350952,0,7.01413115159965,0,0,0,5.55956794094074,0,0,0,0,0,8.40742338535398,0,0,0,0,0,0,22.4528114578941,0,16.2848924430641,0,0,0,39.1507442474365,0,0,0,0,0,0,0,28.4475235263858,6.88214016124555,12.4756891941596,32.8861155615133,0,0
0,11.1162437536778,0,6.36264824867249,0,8.03132264349196,0,0,0,0,0,0,0,0,0,6.7818299141897,0,16.5892465753215,15.3535040219625,0,0,0,0,28.894994190761,0,20.7110500335693,0,0,0,0,0,0,0,0,0,0,0,28.3926925982459,0,0,0,42.3887900419013,0,0,0,0,0,44.2091551886665,0,10.3880766762627,0,10.6331453365562,0,0,0,7.01507559944602,0,0,0,0,0,10.0050567614066,0,0,0,0,24.8828576405843,0,0,0,0,0,0,0,0,0,0,0,0,0,27.9639293457651,0,12.310955733592,4.4462084349464,37.0852451713718,0,0
0,0,0,0,3.2412561416626,0,2.8302840931075,0,0,0,0,0,3.26177611408463,0,0,0,0,0,0,0,3.17779121752138,0,0,0,0,0,0,0,0,0,3.40182235164027,0,0,0,0,0,2.92682745524815,0,3.16597157836991,0,0,0,0,0,0,0,0,0,0,0,3.45219861268997,0,0,0,0,0,5.55550308307087,0,5.7672575712204,0,0,0,0,7.19362455606461,0,0,0,0,0,0,0,2.87890534102917,0,14.1007281395697,0,0,0,0,0,3.67727614824588,0,4.43831763490599,4.31866456872673,0,5.0775614465986,0,0
0,0,0,0,0,0,0,0,0,0,0,0,0,2.83499553799629,0,0,0,0,0,4.5858453810215,0,0,0,0,0,0,0,2.96030080318451,0,2.96156406402588,0,0,0,0,0,3.50301700118203,0,3.5947557764556,0,0,0,0,0,0,0,0,0,0,0,0,0,0,0,8.24851202964783,0,0,0,3.75976263363364,0,2.93876337122034,0,0,6.85428133010864,0,0,0,0,0,0,0,3.1669704914093,0,4.3230117559433,0,0,0,0,0,12.671516418457,0,3.58912583870616,0,3.61188265255519,0,4.36965624754094,0,0
0,0,0,0,0,0,3.06214785575867,0,0,0,3.26177611408463,0,0,0,3.27358364523127,0,0,0,0,0,0,0,0,0,0,0,0,0,3.36281253950936,0,0,0,0,0,0,0,0,0,0,0,0,0,0,0,0,0,0,0,0,0,0,0,0,0,0,0,5.22964575886726,0,3.55715430997118,0,4.45361557489709,0,0,0,0,0,0,0,0,0,0,0,0,0,0,0,0,0,0,0,0,0,3.63681634892239,3.56151447778052,0,0,0
0,0,0,0,0,0,0,0,0,0,0,2.83499553799629,0,0,0,5.22232720586989,0,0,0,0,0,0,0,0,0,0,0,2.8097693655226,0,0,0,0,0,0,0,0,0,0,0,0,0,0,0,0,0,0,0,0,0,0,0,0,0,0,0,0,0,4.14082505152776,0,3.39031460182518,0,5.98901351292928,0,0,0,0,0,0,0,0,0,0,0,0,0,0,0,0,0,0,0,0,2.99479877948761,3.40610048174858,0,0,0
0,0,0,0,0,0,0,0,12.8607006072998,0,0,0,3.27358364523127,0,0,0,0,0,0,0,0,0,0,0,0,0,0,0,3.3188050587972,0,0,0,0,0,0,0,0,0,36.5041360855103,0,0,0,0,0,0,0,0,0,0,0,0,0,0,0,7.54685319386996,0,0,0,4.38973542622158,0,5.32904412898611,0,0,0,0,0,0,21.1561596943782,0,14.5786796663747,0,0,0,0,0,0,0,0,0,0,0,36.647855758667,3.1484703200204,4.66031839001563,38.2608478069305,0,0
0,0,0,0,0,0,0,0,0,6.7818299141897,0,0,0,5.22232720586989,0,0,0,3.00869622826576,0,0,0,0,0,34.053305264177,0,33.8006362915039,0,0,0,0,0,0,0,0,0,0,0,37.2103683070133,0,0,0,44.4727522532145,0,0,0,0,0,44.4276252746582,0,23.9046545028687,0,10.8780193487803,0,0,0,8.27288910559007,0,0,0,4.6673726439476,0,8.15740105919678,0,0,0,0,27.7567403793335,0,16.5643529891968,0,0,0,0,0,0,0,0,0,0,0,31.8637840612148,0,11.1456057270493,4.73004478961229,36.9862577264959,0,0
18.5959734022617,0,0,0,0,0,0,0,17.2349691255183,0,0,0,0,0,0,0,0,5.38786265515019,10.7692821925367,0,0,12.5548833370209,4.59166967074076,0,0,0,8.42259282496438,0,2.87082968439375,0,0,0,0,0,0,0,0,0,30.326744897025,0,0,54.3256898880005,38.459333192403,0,29.5784257542003,0,41.3549262909662,0,19.5862681070964,0,0,0,0,0,4.68651508730511,0,0,0,0,0,0,0,0,48.5553347269694,0,0,0,30.2531051635742,0,8.47878597842323,0,6.31556712015711,84.6462631225586,47.062061727047,0,0,0,0,0,0,0,30.5955606036716,6.83079176262016,6.71193640988048,39.8645660041068,45.0925350189209,38.9323999404907
0,40.5563564300537,0,0,0,0,0,0,0,16.5892465753215,0,0,0,0,0,3.00869622826576,5.38786265515019,0,16.7787758009951,0,0,6.1112419378299,0,0,0,7.98978941775277,0,0,0,0,0,0,0,0,0,0,0,36.8420734405518,0,66.2339553833008,0,38.3762540213937,49.441855161618,32.1779290305244,44.2136344909668,41.0818519650614,57.5608401828342,0,0,0,0,0,0,0,0,0,0,45.2138622283936,0,0,0,0,51.2319196065267,0,5.12900567054749,0,26.1664485931396,0,5.50623690514337,0,50.9746475219727,0,49.3843493615427,66.3643779754639,0,0,0,0,59.9174041748047,0,42.9256967397837,0,11.7095006920009,12.8754868507385,44.4077563553342,35.4281140804291,56.7780952453613
17.1002481533931,13.8949647355587,16.6699620713579,30.0447319746017,0,0,0,0,20.9892464138213,15.3535040219625,0,0,0,0,0,0,10.7692821925367,16.7787758009951,0,0,0,0,0,0,0,39.2763118743896,0,0,0,0,0,0,0,0,0,0,0,0,0,45.6998127528599,54.637656211853,25.6716177186348,29.4073678437355,17.672251945734,25.5154498186376,30.0625308092697,34.1670930859889,0,17.8019227981567,31.6928497041975,0,0,0,0,0,0,32.1917269780086,29.0309752146403,0,0,0,0,34.6867159329928,43.4438407897949,0,0,0,0,0,0,36.8444671630859,0,36.9941035082311,41.3286030719735,0,0,0,0,51.0038010446649,51.6405471801758,43.8627727611645,46.7622909545898,19.6934627115937,47.1983698568036,33.4190679491306,19.0895267715891,33.5520595563512
0,0,0,8.04241555077689,0,5.20458271280156,0,5.02273826888113,0,0,0,4.5858453810215,0,0,0,0,0,0,0,0,0,0,0,0,0,0,0,0,0,0,0,0,0,0,0,3.28811544353522,0,3.11155376434326,0,0,0,0,0,0,0,0,0,0,0,0,0,4.38713087065745,0,7.71562043970281,0,0,0,4.97362816880602,0,0,0,0,4.14448291489653,0,0,0,0,0,0,0,0,0,0,0,0,0,0,0,4.45613097781641,0,0,0,3.27014441129773,0,4.48311993021231,0,0
0,0,5.80698696772258,0,3.80916373299323,0,3.13757946734526,0,0,0,3.17779121752138,0,0,0,0,0,0,0,0,0,0,0,0,0,0,0,0,0,0,0,0,0,0,0,0,0,3.47127528416602,0,0,0,0,0,0,0,0,0,20.1911919116974,0,0,0,3.93321356804747,0,3.92951422929764,0,0,0,3.24257017004079,0,0,0,0,0,0,4.58679380434444,0,0,0,0,0,0,0,0,0,21.6267016728719,0,0,0,0,0,4.29580956653957,0,0,3.9625457557472,2.95415759086609,4.59270604236706,0,0
0,0,0,0,0,0,0,0,0,0,0,0,0,0,0,0,12.5548833370209,6.1112419378299,0,0,0,0,3.833879243003,6.13862800598145,0,0,0,3.12512965202332,0,0,0,0,0,0,0,0,0,3.12706057183883,0,0,0,0,0,0,0,0,0,0,0,0,0,0,0,0,0,0,0,0,0,0,0,0,0,0,4.28941181543711,0,5.77559787886483,0,0,0,3.01381510012859,0,0,0,0,0,0,0,0,0,3.0690669463231,0,3.96786052077564,0,0,0,0
0,0,0,0,0,0,0,0,0,0,0,0,0,0,0,0,4.59166967074076,0,0,0,0,3.833879243003,0,0,0,0,0,0,3.56217753092448,0,0,0,0,0,0,0,0,0,2.94092257691439,0,0,0,0,0,0,0,0,0,3.16029520773552,0,0,0,0,0,0,0,0,0,0,0,0,0,0,0,0,5.2821112471135,0,7.61792755126953,0,0,0,5.12054193417231,0,0,0,0,0,0,0,0,0,4.34409030846187,4.00276584994225,3.56018318448748,0,0,0
0,0,0,0,0,0,0,0,0,28.894994190761,0,0,0,0,0,34.053305264177,0,0,0,0,0,6.13862800598145,0,0,0,3.68228194292854,0,0,0,0,0,0,0,0,0,0,0,10.7134484555986,0,0,0,17.6389331817627,0,0,0,0,0,16.5963064081529,0,3.53813346572544,0,0,0,0,0,24.3469307510941,0,0,0,14.5804734230042,0,17.3709558486938,0,0,5.27090334892273,0,4.36465133326206,0,2.74397873878479,0,0,0,0,0,0,0,0,0,0,0,7.90803731210304,0,15.7455740272999,32.719165802002,11.38925377982,0,0
0,0,0,0,0,0,0,0,30.011882464091,0,0,0,0,0,0,0,0,0,0,0,0,0,0,0,0,0,0,0,0,0,0,0,0,0,0,0,0,0,6.01114466143589,0,0,0,0,0,0,0,0,0,0,0,0,0,0,0,24.7430700694813,0,0,0,0,0,40.8379898071289,0,0,0,0,0,0,5.26236260105187,0,3.4456832408905,0,0,0,0,0,0,0,0,0,0,0,4.39118608832359,32.1265602111816,0,7.91753103377971,0,0
0,0,0,0,0,0,0,0,0,20.7110500335693,0,0,0,0,0,33.8006362915039,0,7.98978941775277,39.2763118743896,0,0,0,0,3.68228194292854,0,0,0,2.83462119102478,0,0,0,0,0,0,0,0,0,0,0,0,0,50.7452239990234,0,0,0,0,0,0,0,0,0,0,0,0,0,24.8070520673479,0,0,0,19.0085468292236,0,0,0,0,0,0,4.88467248280843,0,4.02299727242568,0,4.32190561294556,0,0,0,0,0,0,0,0,0,0,0,3.06300437450409,0,0,0,0
0,0,0,0,0,0,0,0,0,0,0,0,0,0,0,0,8.42259282496438,0,0,0,0,0,0,0,0,0,0,0,5.28841733932495,0,0,0,0,0,0,0,0,0,0,0,0,0,0,0,0,0,0,0,0,0,0,0,0,0,0,0,0,0,0,0,0,0,0,0,0,0,0,4.65456628799438,0,3.20189950340673,0,0,0,0,0,0,0,0,0,0,0,0,0,0,0,0,0
0,0,0,0,0,0,0,0,0,0,0,2.96030080318451,0,2.8097693655226,0,0,0,0,0,0,0,3.12512965202332,0,0,0,2.83462119102478,0,0,0,0,0,0,0,0,0,0,0,0,0,0,0,0,0,0,0,0,0,0,0,0,0,0,0,0,0,0,0,0,0,2.81204884392875,0,0,0,0,0,0,0,0,2.88657431602478,0,3.80494094047987,0,0,0,0,0,0,0,0,0,0,0,0,2.97379955729923,0,0,0
0,0,0,0,0,0,0,0,0,0,0,0,3.36281253950936,0,3.3188050587972,0,2.87082968439375,0,0,0,0,0,3.56217753092448,0,0,0,5.28841733932495,0,0,0,4.16944509073329,0,0,0,0,0,0,0,5.27643489837646,0,0,0,0,0,0,0,0,0,0,0,0,0,0,0,0,0,0,0,4.86070235570272,0,0,0,0,0,0,5.48912048339844,0,0,0,4.06474419201122,0,4.10235302915836,0,4.23208481735653,0,0,0,0,0,0,0,0,3.23923441990703,3.47536659240723,0,0,0
0,0,0,0,0,0,0,0,0,0,0,2.96156406402588,0,0,0,0,0,0,0,0,0,0,0,0,0,0,0,0,0,0,0,0,0,0,0,0,0,3.25645052833396,0,0,0,0,0,0,0,0,0,0,0,0,0,0,0,0,0,0,0,0,0,0,0,0,0,0,0,0,0,0,0,0,3.01890691280365,0,3.37115404480382,0,0,0,0,0,0,0,4.84258917967478,0,0,0,0,0,0
0,0,0,0,0,0,0,0,0,0,3.40182235164027,0,0,0,0,0,0,0,0,0,0,0,0,0,0,0,0,0,4.16944509073329,0,0,0,0,0,0,0,0,0,3.37423439820608,0,0,0,0,0,0,0,0,0,0,0,0,0,0,0,0,0,4.25349874723525,0,0,0,0,0,0,0,0,0,0,0,0,0,0,3.52992807494269,0,3.53160978141038,0,0,0,0,0,0,0,3.51522900841453,2.99798969427745,0,0,0,0
0,0,0,0,0,0,0,0,0,0,0,0,0,0,0,0,0,0,0,0,0,0,0,0,0,0,0,0,0,0,0,0,4.44580133388987,7.03787220909482,2.92246769368649,4.46541272591208,36.2607105800084,0,0,0,0,0,0,0,0,0,0,5.93071772071608,9.60673817148748,0,0,0,0,0,0,0,0,0,0,0,0,0,0,0,0,0,0,0,0,0,0,0,0,0,6.18560519453092,6.6445952367179,5.87435536291085,2.88950101067038,7.06706831242778,27.8718446839786,0,0,3.89558935165405,0,0,0,0
0,0,0,0,0,0,0,0,0,0,0,0,0,0,0,0,0,0,0,0,0,0,0,0,0,0,0,0,0,0,0,4.44580133388987,0,0,5.61895109477796,21.7596660190158,3.25090626307896,0,0,0,0,0,0,0,0,0,0,5.60379895859195,3.49117457866669,14.937141418457,0,0,0,0,0,0,0,0,0,0,0,0,0,0,0,0,0,0,0,0,0,0,0,0,13.7569127386267,4.9417270898819,0,4.85027732019839,18.3715113306663,6.21271330563456,0,0,3.78485723849266,0,0,0,0
0,0,0,0,0,0,0,0,0,0,0,0,0,0,0,0,0,0,0,0,0,0,0,0,0,0,0,0,0,0,0,7.03787220909482,0,0,5.13820974399651,4.823305669789,0,5.7352632237568,15.6405585900897,0,0,0,0,0,0,0,0,7.23233254420655,17.7150024331134,0,0,0,0,0,0,0,0,0,0,0,0,0,0,0,0,0,0,0,0,0,0,0,0,0,8.26002256892552,2.91083431243896,5.02704232280681,3.22679926149593,13.6485590404934,0,4.65710044295891,8.13235314846039,8.00158928871155,3.43263535812253,0,0,0
0,0,0,0,0,0,0,0,0,0,0,0,0,0,0,0,0,0,0,0,0,0,0,0,0,0,0,0,0,0,0,2.92246769368649,5.61895109477796,5.13820974399651,0,0,2.99366146933149,21.2035024135928,5.61289039902065,0,0,0,0,0,0,0,0,6.61883625956088,0,23.1158416054466,0,0,0,0,0,0,0,0,0,0,0,0,0,0,0,0,0,0,0,0,0,0,0,0,0,6.19726765533037,5.15711408171707,3.50873570761552,14.0179848670959,4.10278070491293,9.41731250286102,0,3.53601148218479,2.96738871046015,18.5333480834961,0,0
0,0,0,0,0,0,0,0,0,0,0,3.50301700118203,0,0,0,0,0,0,0,3.28811544353522,0,0,0,0,0,0,0,0,0,0,0,4.46541272591208,21.7596660190158,4.823305669789,0,0,4.14378375966441,4.38993484107628,0,17.3004951477051,0,0,0,0,0,2.78105890750885,0,18.4779971667698,16.140766620636,0,0,0,0,0,0,0,0,2.95757985115051,0,0,0,0,3.77917149893603,0,0,0,0,0,0,0,0,0,0,0,7.59562161990574,19.8224565717909,4.45929691696167,0,4.4293410134537,8.6558719049008,6.2874887842473,0,6.42444273345324,16.2056196024924,3.84238091536931,0,0
0,0,13.8698348999023,0,4.64789021015167,0,0,0,0,0,2.92682745524815,0,0,0,0,0,0,0,0,0,3.47127528416602,0,0,0,0,0,0,0,0,0,0,36.2607105800084,3.25090626307896,0,2.99366146933149,4.14378375966441,0,0,4.86994478857794,0,4.52009269465571,0,0,0,0,22.2864761352539,4.89531193281475,48.5225227355957,14.2462225218077,0,0,0,0,0,0,0,3.08089246247944,0,0,0,0,0,0,4.60072552792134,0,0,0,0,0,0,0,0,0,0,18.6454093979626,4.43475497302724,0,3.39935678531119,24.919468643312,4.85604836761048,0,4.76303591637754,4.13248296789449,4.03319165684761,4.1050406083276,0,0
0,30.9959223535326,0,0,0,0,0,0,0,28.3926925982459,0,3.5947557764556,0,0,0,37.2103683070133,0,36.8420734405518,0,3.11155376434326,0,3.12706057183883,0,10.7134484555986,0,0,0,0,0,3.25645052833396,0,0,0,5.7352632237568,21.2035024135928,4.38993484107628,0,0,20.1504838135991,0,0,8.60569242636363,0,0,0,0,0,11.0338595133561,23.669124966576,4.90421019514946,0,41.6683979034424,0,0,0,31.2039844925339,0,5.46267367009636,0,0,0,43.3992557525635,0,0,3.22357257481279,0,9.78294260718606,0,0,0,0,0,4.2136215435134,0,0,0,3.89364796876907,0,6.73390536799005,0,5.56396468085755,12.2594769249664,5.91355893412373,4.43671665763855,10.7715858618418,0,0
0,0,0,0,37.224417368571,0,0,0,28.0080399262278,0,3.16597157836991,0,0,0,36.5041360855103,0,30.326744897025,0,0,0,0,0,2.94092257691439,0,6.01114466143589,0,0,0,5.27643489837646,0,3.37423439820608,0,0,15.6405585900897,5.61289039902065,0,4.86994478857794,20.1504838135991,0,0,0,0,0,0,0,0,0,9.06861774894704,5.2383628172033,23.4877480726976,40.9175148010254,0,0,0,25.0794899416286,0,3.32900194575389,0,0,0,36.8234737102802,0,0,0,0,4.2329199967111,0,7.98428376957222,0,0,0,0,0,3.42238434807199,0,0,7.37136459350586,0,0,6.3514895012101,20.8291831486662,4.9874696277646,8.78744164431039,5.9055963679205,12.3875336647034,0,0
0,0,0,0,0,0,0,0,0,0,0,0,0,0,0,0,0,66.2339553833008,45.6998127528599,0,0,0,0,0,0,0,0,0,0,0,0,0,0,0,0,17.3004951477051,0,0,0,0,0,12.8761027896094,0,26.4871571858724,0,6.19645493178847,0,0,0,4.38403195500374,0,0,0,0,0,0,0,0,0,0,0,0,4.43986638956928,0,0,0,0,0,0,0,0,0,0,0,0,0,0,0,6.2244482786343,0,0,0,23.8803123897976,31.7033760070801,6.37518883889623,0,0
0,0,0,0,0,0,0,0,0,0,0,0,0,0,0,0,0,0,54.637656211853,0,0,0,0,0,0,0,0,0,0,0,0,0,0,0,0,0,4.52009269465571,0,0,0,0,0,26.4819428126017,0,28.1157512664795,18.2425260543823,5.18055474132364,10.7773475646973,6.30626768851115,0,0,0,0,0,0,0,0,0,0,0,0,0,0,4.28094619925798,0,0,0,0,0,0,0,0,0,0,0,0,0,0,29.7315902709961,9.44668221637555,0,2.75297546386719,15.787846326828,0,6.03410251205417,0,0
0,40.0670310338338,0,34.750962617446,0,51.2453514099121,0,0,0,42.3887900419013,0,0,0,0,0,44.4727522532145,54.3256898880005,38.3762540213937,25.6716177186348,0,0,0,0,17.6389331817627,0,50.7452239990234,0,0,0,0,0,0,0,0,0,0,0,8.60569242636363,0,12.8761027896094,0,0,30.8755221305222,12.9433118060417,44.2789669036865,21.6936954075858,57.3756847381592,11.9962098757426,20.2219802992684,23.4472511420247,0,51.1104340553284,0,0,0,40.130980993572,0,29.0545743874644,0,35.198537009103,0,34.494195764715,33.4335930347443,0,0,0,18.6395418908861,0,0,0,32.6015367507935,0,21.392968695691,59.5704250335693,0,0,0,0,20.2520425126359,74.3872299194336,31.1695800669053,60.458137512207,21.4451781775534,40.6518328475952,17.291109116285,11.2003264369429,33.3768730163574
25.2304800604559,0,32.9519500448801,0,44.7222480773926,0,0,0,38.0497430313465,0,0,0,0,0,0,0,38.459333192403,49.441855161618,29.4073678437355,0,0,0,0,0,0,0,0,0,0,0,0,0,0,0,0,0,0,0,0,0,26.4819428126017,30.8755221305222,0,27.5859760284424,15.5205952050735,43.7599395952727,22.4175294628219,9.96517967663223,17.7334633863578,21.2947599887848,0,0,0,0,27.8553287159313,0,29.6756179997178,35.4299049377441,0,0,41.4722010294596,0,52.2167854309082,42.8798351287842,0,0,0,12.1520773569743,0,0,0,0,70.008839743478,31.6241437085727,0,0,0,0,0,22.8918862342834,69.2372741699219,38.5509501865932,17.5287293431249,38.7651324705644,16.5042427147591,31.1530447006226,11.8935346955519
0,0,0,0,0,0,0,0,0,0,0,0,0,0,0,0,0,32.1779290305244,17.672251945734,0,0,0,0,0,0,0,0,0,0,0,0,0,0,0,0,0,0,0,0,26.4871571858724,0,12.9433118060417,27.5859760284424,0,0,17.4418822068434,45.2081699371338,0,0,0,0,0,0,0,0,0,0,0,0,0,0,0,0,0,0,0,0,0,0,0,0,0,0,59.944953918457,0,0,0,0,29.1106442345513,0,30.8559646606445,0,18.6424675918207,18.7145195007324,16.5339689538317,11.7284116744995,0
0,0,0,0,0,0,0,0,0,0,0,0,0,0,0,0,29.5784257542003,44.2136344909668,25.5154498186376,0,0,0,0,0,0,0,0,0,0,0,0,0,0,0,0,0,0,0,0,0,28.1157512664795,44.2789669036865,15.5205952050735,0,0,24.4106826782227,15.3414455736716,0,0,0,0,0,0,0,0,0,0,0,0,0,0,0,0,0,0,0,0,0,0,0,0,0,0,29.9675494602748,0,0,0,0,0,0,0,0,24.6984192569081,0,18.315497253958,0,24.4166316986084
0,24.7863243530537,0,14.4199160136534,0,17.5908677101135,0,0,0,0,0,0,0,0,0,0,0,41.0818519650614,30.0625308092697,0,0,0,0,0,0,0,0,0,0,0,0,0,0,0,0,2.78105890750885,22.2864761352539,0,0,6.19645493178847,18.2425260543823,21.6936954075858,43.7599395952727,17.4418822068434,24.4106826782227,0,47.3498077392578,0,0,0,0,17.6005973815918,0,0,0,18.9650783538818,0,21.0688001671616,0,17.112193107605,0,17.5012874603271,7.53485923643561,0,0,0,0,0,0,0,0,0,30.5681319917951,0,0,0,0,0,6.68255130762336,0,28.6480956395467,0,23.9949588488383,28.0362650927375,12.430837707782,31.176594543457,72.4514236450195
22.3783684332394,0,13.2439339309931,0,21.3683493932088,0,0,0,0,0,0,0,0,0,0,0,41.3549262909662,57.5608401828342,34.1670930859889,0,20.1911919116974,0,0,0,0,0,0,0,0,0,0,0,0,0,0,0,4.89531193281475,0,0,0,5.18055474132364,57.3756847381592,22.4175294628219,45.2081699371338,15.3414455736716,47.3498077392578,0,0,19.0950787585715,0,22.6404933929443,0,0,0,0,0,19.3688404446556,0,0,0,0,0,0,6.42236722200897,0,0,0,0,0,0,0,0,60.5315157572428,29.1116177251164,0,0,0,0,0,6.11274162529679,0,0,27.8840113170713,46.1823787689209,12.101990183676,0,37.5667625427246
0,43.6449382488544,0,0,0,53.0727157592773,0,0,0,44.2091551886665,0,0,0,0,0,44.4276252746582,0,0,0,0,0,0,0,16.5963064081529,0,0,0,0,0,0,0,5.93071772071608,5.60379895859195,7.23233254420655,6.61883625956088,18.4779971667698,48.5225227355957,11.0338595133561,9.06861774894704,0,10.7773475646973,11.9962098757426,9.96517967663223,0,0,0,0,0,6.97043776800503,7.56874752964292,0,51.5490862528483,0,0,0,36.1457458778664,0,0,0,0,0,35.5371694564819,0,0,0,0,17.1475253105164,0,0,0,0,0,0,0,7.50666154672039,6.36204479684678,6.13097692853357,4.75356762111187,9.1343990751396,8.179810042791,4.59534077849977,7.71314342152488,6.40464367251392,3.6939906279246,6.61441205960733,0,0
6.12742394799585,0,5.07069787714216,0,45.1038093566895,0,0,0,5.90778875350952,0,0,0,0,0,0,0,19.5862681070964,0,17.8019227981567,0,0,0,3.16029520773552,0,0,0,0,0,0,0,0,9.60673817148748,3.49117457866669,17.7150024331134,0,16.140766620636,14.2462225218077,23.669124966576,5.2383628172033,0,6.30626768851115,20.2219802992684,17.7334633863578,0,0,0,19.0950787585715,6.97043776800503,0,8.80702223313319,0,0,0,0,17.222451536996,0,9.02434147198995,0,8.22659186522166,0,8.15212909380595,0,0,26.110005569458,0,3.51350361052014,0,8.14941625034108,0,3.52895351250966,0,4.80981310375074,0,8.55630222212505,10.9273083137743,5.54988325115576,12.4789835611979,6.95178940421657,15.1209519666784,10.9973143584486,0,8.71443095106651,7.9578883268747,0,8.00125957160299,0,0
0,6.28591441611449,0,5.68496799649614,0,12.0945039987564,0,0,0,10.3880766762627,0,0,0,0,0,23.9046545028687,0,0,31.6928497041975,0,0,0,0,3.53813346572544,0,0,0,0,0,0,0,0,14.937141418457,0,23.1158416054466,0,0,4.90421019514946,23.4877480726976,4.38403195500374,0,23.4472511420247,21.2947599887848,0,0,0,0,7.56874752964292,8.80702223313319,0,0,0,0,0,0,12.0814632574717,0,9.87511771172285,0,10.8163687422469,0,15.7686533222537,0,0,4.3179758532995,0,3.98484114746549,0,14.3865216744913,0,6.42621478153642,0,5.27623005253928,0,4.83924704719992,16.5055119514465,7.45777326363784,0,9.20167981568029,14.7512055635452,7.62785308361053,0,10.2277459409516,0,10.759400186162,0,0
0,0,5.93117845555147,0,4.1088944863688,0,4.77039591471354,0,7.01413115159965,0,3.45219861268997,0,0,0,0,0,0,0,0,0,3.93321356804747,0,0,0,0,0,0,0,0,0,0,0,0,0,0,0,0,0,40.9175148010254,0,0,0,0,0,0,0,22.6404933929443,0,0,0,0,0,2.95264158248901,0,17.627099609375,0,5.88167505770182,0,5.35353274525337,0,3.20405209237251,0,0,9.62474952425275,0,0,0,0,0,0,0,0,0,0,0,0,0,0,0,0,0,41.3181810379028,4.01412041433926,0,8.13364214870517,0,0
0,15.1847400665283,0,7.03134621547747,0,3.92405049311358,0,0,0,10.6331453365562,0,0,0,0,0,10.8780193487803,0,0,0,4.38713087065745,0,0,0,0,0,0,0,0,0,0,0,0,0,0,0,0,0,41.6683979034424,0,0,0,51.1104340553284,0,0,0,17.6005973815918,0,51.5490862528483,0,0,0,0,0,3.96051204615626,0,17.2091344197591,0,5.23760952026613,0,5.41684103693281,0,0,5.68670323830617,0,0,0,0,0,0,0,0,0,0,0,0,0,0,0,0,0,40.0952707926432,0,10.8127234427134,0,10.4026768817299,0,0
0,0,0,0,0,0,3.42764957930079,0,0,0,0,0,0,0,0,0,0,0,0,0,3.92951422929764,0,0,0,0,0,0,0,0,0,0,0,0,0,0,0,0,0,0,0,0,0,0,0,0,0,0,0,0,0,2.95264158248901,0,0,0,0,0,5.6061121903933,0,3.58047997951508,0,0,0,0,0,0,0,0,0,0,0,0,0,0,0,0,0,0,0,0,0,0,0,4.59100211498349,0,0,0,0
0,0,0,0,0,2.91157393455505,0,3.167678129673,0,0,0,8.24851202964783,0,0,0,0,0,0,0,7.71562043970281,0,0,0,0,0,0,0,0,0,0,0,0,0,0,0,0,0,0,0,0,0,0,0,0,0,0,0,0,0,0,0,3.96051204615626,0,0,0,0,0,5.07563852521626,0,4.73025352893732,0,0,8.2065665317794,0,0,0,0,0,0,0,0,0,0,0,0,0,0,0,0,0,0,0,3.33406890233358,0,7.07831630706787,0,0
4.12162345647812,0,7.08843613599802,0,14.0638211448238,0,0,0,5.55956794094074,0,0,0,0,0,7.54685319386996,0,4.68651508730511,0,0,0,0,0,0,0,24.7430700694813,0,0,0,0,0,0,0,0,0,0,0,0,0,25.0794899416286,0,0,0,27.8553287159313,0,0,0,0,0,17.222451536996,0,17.627099609375,0,0,0,0,0,0,0,14.9907503128052,0,8.46747114913223,0,0,0,0,0,0,23.938969384069,0,16.1335709368596,0,0,0,0,0,0,0,0,0,0,0,23.4448482581722,9.20517581750539,13.1889705657959,28.1304301920321,0,0
0,10.3347035082904,0,7.26474838761183,0,6.34867844581604,0,0,0,7.01507559944602,0,0,0,0,0,8.27288910559007,0,0,0,0,0,0,0,24.3469307510941,0,24.8070520673479,0,0,0,0,0,0,0,0,0,0,0,31.2039844925339,0,0,0,40.130980993572,0,0,0,18.9650783538818,0,36.1457458778664,0,12.0814632574717,0,17.2091344197591,0,0,0,0,0,0,0,0,0,8.8485250890255,0,0,0,0,18.4160427225047,0,25.3405799865723,0,0,0,0,0,0,0,0,0,0,0,26.3707566875622,0,31.2790398272601,0,27.4610620530184,0,0
0,0,8.08127660751343,0,14.5308364354647,0,3.24617613156637,0,0,0,5.55550308307087,0,5.22964575886726,0,0,0,0,0,32.1917269780086,0,3.24257017004079,0,0,0,0,0,0,0,0,0,4.25349874723525,0,0,0,0,0,3.08089246247944,0,3.32900194575389,0,0,0,29.6756179997178,0,0,0,19.3688404446556,0,9.02434147198995,0,5.88167505770182,0,5.6061121903933,0,0,0,0,0,5.31335834587145,0,3.7984078725179,0,0,7.72725221368898,0,0,0,0,0,13.1303114096324,0,8.85279736753021,0,10.7629254038261,0,0,0,0,0,17.6939626421247,0,21.9127025604248,8.31831172534398,0,6.3067377790319,0,0
0,25.2999858856201,0,15.7699291365487,0,8.67749911546707,0,3.17403936386108,0,0,0,3.75976263363364,0,4.14082505152776,0,0,0,45.2138622283936,29.0309752146403,4.97362816880602,0,0,0,0,0,0,0,0,0,0,0,0,0,0,0,2.95757985115051,0,5.46267367009636,0,0,0,29.0545743874644,35.4299049377441,0,0,21.0688001671616,0,0,0,9.87511771172285,0,5.23760952026613,0,5.07563852521626,0,0,0,0,0,4.06808673056832,0,4.78032529354095,7.4170471008836,0,0,0,0,0,11.1909519604274,0,11.1562352274921,0,9.72822428656287,0,0,0,0,0,13.4550180435181,0,7.99049983620644,0,13.0418324865144,0,8.26641147230801,0,0
9.04479932785034,0,5.01970760027568,0,4.774374951487,0,3.03048734734024,0,0,0,5.7672575712204,0,3.55715430997118,0,4.38973542622158,0,0,0,0,0,0,0,0,0,0,0,0,0,4.86070235570272,0,0,0,0,0,0,0,0,0,0,0,0,0,0,0,0,0,0,0,8.22659186522166,0,5.35353274525337,0,3.58047997951508,0,14.9907503128052,0,5.31335834587145,0,0,0,4.27939881547292,0,0,9.01941967010498,0,0,0,0,0,13.4142814288064,0,8.64011804684134,0,12.6874748865763,0,0,0,0,0,0,0,0,4.1813160005163,4.04520825335854,8.27470731735229,0,0
0,0,0,6.16532780673053,0,23.6007499694824,0,3.8102331161499,0,0,0,2.93876337122034,0,3.39031460182518,0,4.6673726439476,0,0,0,0,0,0,0,14.5804734230042,0,19.0085468292236,0,2.81204884392875,0,0,0,0,0,0,0,0,0,0,0,0,0,35.198537009103,0,0,0,17.112193107605,0,0,0,10.8163687422469,0,5.41684103693281,0,4.73025352893732,0,0,0,4.06808673056832,0,0,0,4.00772980906537,11.6858024597168,0,0,0,20.0687770843506,0,7.94436731792632,0,5.32627241084518,0,0,0,0,0,0,0,0,0,0,0,4.01811262634065,2.95443868637085,16.554295952456,0,0
6.84139793102558,0,7.70057711601257,0,0,0,0,0,8.40742338535398,0,0,0,4.45361557489709,0,5.32904412898611,0,0,0,0,0,0,0,0,0,40.8379898071289,0,0,0,0,0,0,0,0,0,0,0,0,0,36.8234737102802,0,0,0,41.4722010294596,0,0,0,0,0,8.15212909380595,0,3.20405209237251,0,0,0,8.46747114913223,0,3.7984078725179,0,4.27939881547292,0,0,0,0,0,0,0,0,22.2248950226362,0,11.7270188192042,0,6.87607307434082,0,11.6336089307612,0,0,0,0,0,0,0,36.4104950054973,3.55435427752408,4.23073732852936,20.2836389198578,0,0
0,7.99868726730347,0,7.94301284154256,0,0,0,0,0,10.0050567614066,0,0,0,5.98901351292928,0,8.15740105919678,0,0,0,0,0,0,0,17.3709558486938,0,0,0,0,0,0,0,0,0,0,0,0,0,43.3992557525635,0,0,0,34.494195764715,0,0,0,17.5012874603271,0,35.5371694564819,0,15.7686533222537,0,0,0,0,0,8.8485250890255,0,4.78032529354095,0,4.00772980906537,0,0,0,0,0,0,0,0,10.2546989968482,0,0,0,0,0,0,0,0,0,0,0,39.1474609375,0,13.0288540260904,10.8797121355611,27.0398437071612,0,0
0,34.7490272521973,0,9.94096829493841,0,8.90318855261191,0,4.30764064035918,0,0,0,6.85428133010864,0,0,0,0,0,51.2319196065267,34.6867159329928,4.14448291489653,0,0,0,0,0,0,0,0,0,0,0,0,0,0,0,3.77917149893603,0,0,0,4.43986638956928,0,33.4335930347443,52.2167854309082,0,0,7.53485923643561,0,0,0,0,0,5.68670323830617,0,8.2065665317794,0,0,0,7.4170471008836,0,11.6858024597168,0,0,0,0,0,0,0,0,0,0,0,0,17.346919025519,0,0,0,0,0,6.6267913088095,0,16.4364393870036,0,4.10445694923401,0,11.1172136081287,35.9719772338867,0
0,0,8.96722166878837,0,11.9813801844915,0,0,0,0,0,7.19362455606461,0,0,0,0,0,48.5553347269694,0,43.4438407897949,0,4.58679380434444,0,0,0,0,0,0,0,0,0,0,0,0,0,0,0,4.60072552792134,0,0,0,4.28094619925798,0,42.8798351287842,0,0,0,6.42236722200897,0,26.110005569458,0,9.62474952425275,0,0,0,0,0,7.72725221368898,0,9.01941967010498,0,0,0,0,0,0,0,0,0,0,0,0,17.8885269704855,0,14.6019410138002,0,0,0,0,35.6506462097168,5.05794752880308,0,2.7341320514679,13.8501843724932,0,8.31794369531004,0,0
0,0,0,0,0,0,0,0,0,0,0,0,0,0,0,0,0,5.12900567054749,0,0,0,4.28941181543711,0,5.27090334892273,0,0,0,0,0,0,0,0,0,0,0,0,0,3.22357257481279,0,0,0,0,0,0,0,0,0,0,0,4.3179758532995,0,0,0,0,0,0,0,0,0,0,0,0,0,0,0,0,0,0,0,0,4.36176947986378,0,0,0,0,0,0,0,0,0,3.78006091337308,0,2.96132302284241,0,0,0,0
0,0,0,0,0,0,0,0,0,0,0,0,0,0,0,0,0,0,0,0,0,0,5.2821112471135,0,0,0,0,0,5.48912048339844,0,0,0,0,0,0,0,0,0,4.2329199967111,0,0,0,0,0,0,0,0,0,3.51350361052014,0,0,0,0,0,0,0,0,0,0,0,0,0,0,0,0,0,0,0,0,4.68693361729207,0,5.54011485886735,0,0,0,0,0,0,0,0,0,5.59211580204878,5.79817610316806,0,0,0,0
0,0,0,0,0,0,0,0,0,24.8828576405843,0,0,0,0,0,27.7567403793335,0,26.1664485931396,0,0,0,5.77559787886483,0,4.36465133326206,0,4.88467248280843,0,0,0,0,0,0,0,0,0,0,0,9.78294260718606,0,0,0,18.6395418908861,0,0,0,0,0,17.1475253105164,0,3.98484114746549,0,0,0,0,0,18.4160427225047,0,0,0,20.0687770843506,0,0,0,0,0,0,0,0,0,0,0,0,0,0,0,0,0,0,0,0,7.4829000342976,0,17.848305938875,29.5893783569336,11.8859514348647,0,0
19.500537554423,0,0,0,0,0,0,0,22.4528114578941,0,0,0,0,0,21.1561596943782,0,30.2531051635742,0,0,0,0,0,7.61792755126953,0,5.26236260105187,0,4.65456628799438,0,0,0,0,0,0,0,0,0,0,0,7.98428376957222,0,0,0,12.1520773569743,0,0,0,0,0,8.14941625034108,0,0,0,0,0,23.938969384069,0,0,0,0,0,22.2248950226362,0,0,0,0,0,0,0,0,3.80129744940334,0,0,0,0,0,0,0,0,0,0,0,6.48875154767718,34.8052635192871,45.3362998962402,10.3076952615481,0,0
0,0,0,0,0,0,0,0,0,0,0,0,0,0,0,16.5643529891968,0,5.50623690514337,0,0,0,0,0,2.74397873878479,0,4.02299727242568,0,2.88657431602478,0,0,0,0,0,0,0,0,0,0,0,0,0,0,0,0,0,0,0,0,0,14.3865216744913,0,0,0,0,0,25.3405799865723,0,11.1909519604274,0,7.94436731792632,0,10.2546989968482,0,0,0,0,0,0,0,0,7.28244532572305,0,0,0,0,0,0,0,0,0,0,0,2.91403994560242,0,0,0,0
13.929840862751,0,0,0,0,0,0,0,16.2848924430641,0,0,0,0,0,14.5786796663747,0,8.47878597842323,0,0,0,0,0,0,0,3.4456832408905,0,3.20189950340673,0,4.06474419201122,0,0,0,0,0,0,0,0,0,0,0,0,0,0,0,0,0,0,0,3.52895351250966,0,0,0,0,0,16.1335709368596,0,13.1303114096324,0,13.4142814288064,0,11.7270188192042,0,0,0,0,4.68693361729207,0,3.80129744940334,0,0,0,6.13885710601195,0,0,0,0,0,0,0,0,0,0,6.20641001462936,0,15.2963998443202,0,0
0,0,0,0,0,0,0,0,0,0,0,3.1669704914093,0,0,0,0,0,50.9746475219727,36.8444671630859,0,0,3.01381510012859,0,0,0,4.32190561294556,0,3.80494094047987,0,3.01890691280365,0,0,0,0,0,0,0,0,0,0,0,32.6015367507935,0,0,0,0,0,0,0,6.42621478153642,0,0,0,0,0,0,0,11.1562352274921,0,5.32627241084518,0,0,0,0,4.36176947986378,0,0,0,7.28244532572305,0,0,0,5.98276050237893,0,0,0,0,0,0,0,6.53416468092014,0,3.02590076128642,0,12.1213283164161,0,0
0,0,0,0,0,0,0,0,0,0,2.87890534102917,0,0,0,0,0,6.31556712015711,0,0,0,0,0,5.12054193417231,0,0,0,0,0,4.10235302915836,0,3.52992807494269,0,0,0,0,0,0,0,0,0,0,0,0,0,0,0,0,0,4.80981310375074,0,0,0,0,0,0,0,8.85279736753021,0,8.64011804684134,0,6.87607307434082,0,0,17.8885269704855,0,5.54011485886735,0,0,0,6.13885710601195,0,0,0,5.42144378092162,0,0,0,0,0,0,0,8.11509577240105,3.95474516948945,3.97036924069388,10.0036778121159,0,0
0,35.377981821696,0,28.1511631011963,0,0,0,0,0,0,0,4.3230117559433,0,0,0,0,84.6462631225586,49.3843493615427,36.9941035082311,0,0,0,0,0,0,0,0,0,0,3.37115404480382,0,0,0,0,0,0,0,4.2136215435134,0,0,0,21.392968695691,70.008839743478,0,0,30.5681319917951,60.5315157572428,0,0,5.27623005253928,0,0,0,0,0,0,0,9.72822428656287,0,0,0,0,17.346919025519,0,0,0,0,0,0,0,5.98276050237893,0,0,79.9971694946289,0,0,0,0,0,0,5.06016074245837,0,39.1748728434245,47.4382944107056,10.3895726581392,18.3064289093018,0
22.8533903757731,0,24.8341070175171,0,38.7549209594727,0,0,0,39.1507442474365,0,14.1007281395697,0,0,0,0,0,47.062061727047,66.3643779754639,41.3286030719735,0,21.6267016728719,0,0,0,0,0,0,0,4.23208481735653,0,3.53160978141038,0,0,0,0,0,0,0,3.42238434807199,0,0,59.5704250335693,31.6241437085727,59.944953918457,29.9675494602748,0,29.1116177251164,0,8.55630222212505,0,0,0,0,0,0,0,10.7629254038261,0,12.6874748865763,0,11.6336089307612,0,0,14.6019410138002,0,0,0,0,0,0,0,5.42144378092162,79.9971694946289,0,0,0,0,0,0,0,0,6.81983731092433,44.1890559529149,0,11.2401520700995,0,34.8303050994873
0,0,0,0,0,0,0,0,0,0,0,0,0,0,0,0,0,0,0,0,0,0,0,0,0,0,0,0,0,0,0,6.18560519453092,13.7569127386267,8.26002256892552,0,7.59562161990574,18.6454093979626,0,0,0,0,0,0,0,0,0,0,7.50666154672039,10.9273083137743,4.83924704719992,0,0,0,0,0,0,0,0,0,0,0,0,0,0,0,0,0,0,0,0,0,0,0,0,0,16.1945548906718,6.29208367444668,0,6.35176723249316,23.9169863737922,0,0,10.9770335621304,0,0,0,0
0,0,0,0,0,0,0,0,0,0,0,0,0,0,0,0,0,0,0,0,0,0,0,0,0,0,0,0,0,0,0,6.6445952367179,4.9417270898819,2.91083431243896,6.19726765533037,19.8224565717909,4.43475497302724,0,0,0,0,0,0,0,0,0,0,6.36204479684678,5.54988325115576,16.5055119514465,0,0,0,0,0,0,0,0,0,0,0,0,0,0,0,0,0,0,0,0,0,0,0,0,16.1945548906718,0,0,4.9496277117229,20.5479818564742,6.66335299298716,0,0,4.03876079212536,0,0,0,0
0,0,0,0,0,0,0,0,0,0,0,0,0,0,0,0,0,0,0,0,0,0,0,0,0,0,0,0,0,0,0,5.87435536291085,0,5.02704232280681,5.15711408171707,4.45929691696167,0,3.89364796876907,7.37136459350586,0,0,0,0,0,0,0,0,6.13097692853357,12.4789835611979,7.45777326363784,0,0,0,0,0,0,0,0,0,0,0,0,0,0,0,0,0,0,0,0,0,0,0,0,6.29208367444668,0,0,5.21320595741272,10.3360355300903,0,3.80695233814278,0,4.0964159895392,3.06805307997598,0,0,0
0,0,0,0,0,0,0,0,0,0,0,0,0,0,0,0,0,0,0,0,0,0,0,0,0,0,0,0,0,0,0,2.88950101067038,4.85027732019839,3.22679926149593,3.50873570761552,0,3.39935678531119,0,0,0,0,0,0,0,0,0,0,4.75356762111187,6.95178940421657,0,0,0,0,0,0,0,0,0,0,0,0,0,0,0,0,0,0,0,0,0,0,0,0,0,0,4.9496277117229,5.21320595741272,0,0,4.6446095934281,0,6.00881749342498,2.97784821085028,2.80139604210854,0,0,0
0,0,0,0,0,12.7974093755086,0,0,0,0,0,12.671516418457,0,0,0,0,0,59.9174041748047,51.0038010446649,4.45613097781641,0,0,0,0,0,0,0,0,0,0,0,7.06706831242778,18.3715113306663,13.6485590404934,14.0179848670959,4.4293410134537,24.919468643312,6.73390536799005,0,6.2244482786343,29.7315902709961,20.2520425126359,0,29.1106442345513,0,6.68255130762336,0,9.1343990751396,15.1209519666784,9.20167981568029,0,0,0,0,0,0,0,13.4550180435181,0,0,0,0,6.6267913088095,35.6506462097168,0,0,0,0,0,0,0,0,0,0,6.35176723249316,20.5479818564742,10.3360355300903,0,0,24.7837836579707,6.17274553641987,0,6.52973754213786,21.2719650268555,8.15240380898961,0,0
0,0,0,0,0,0,0,0,0,0,3.67727614824588,0,0,0,0,0,0,0,51.6405471801758,0,4.29580956653957,0,0,0,0,0,0,0,0,0,0,27.8718446839786,6.21271330563456,0,4.10278070491293,8.6558719049008,4.85604836761048,0,6.3514895012101,0,9.44668221637555,74.3872299194336,22.8918862342834,0,0,0,6.11274162529679,8.179810042791,10.9973143584486,14.7512055635452,0,0,0,0,0,0,17.6939626421247,0,0,0,0,0,0,5.05794752880308,0,0,0,0,0,0,0,0,0,0,23.9169863737922,6.66335299298716,0,4.6446095934281,24.7837836579707,0,0,4.36951099175673,4.08288542558307,3.59745854139328,6.7792026763377,0,0
0,30.4262259531829,0,0,0,39.4613971710205,0,0,0,27.9639293457651,0,3.58912583870616,0,0,0,31.8637840612148,0,42.9256967397837,43.8627727611645,0,0,3.0690669463231,0,7.90803731210304,0,0,0,0,0,4.84258917967478,0,0,0,4.65710044295891,9.41731250286102,6.2874887842473,0,5.56396468085755,20.8291831486662,0,0,31.1695800669053,69.2372741699219,30.8559646606445,0,28.6480956395467,0,4.59534077849977,0,7.62785308361053,0,40.0952707926432,0,0,0,26.3707566875622,0,7.99049983620644,0,0,0,39.1474609375,16.4364393870036,0,3.78006091337308,0,7.4829000342976,0,0,0,6.53416468092014,0,5.06016074245837,0,0,0,3.80695233814278,0,6.17274553641987,0,0,18.3022081179497,16.5163050856624,11.766691367505,16.5420649575024,0,0
29.9745216369629,0,0,0,38.0633354187012,0,0,0,28.4475235263858,0,4.43831763490599,0,0,0,36.647855758667,0,30.5955606036716,0,46.7622909545898,0,0,0,4.34409030846187,0,4.39118608832359,0,0,0,0,0,3.51522900841453,0,0,8.13235314846039,0,0,4.76303591637754,12.2594769249664,4.9874696277646,0,2.75297546386719,60.458137512207,38.5509501865932,0,0,0,0,7.71314342152488,8.71443095106651,0,41.3181810379028,0,0,0,23.4448482581722,0,21.9127025604248,0,0,0,36.4104950054973,0,0,2.7341320514679,0,5.59211580204878,0,6.48875154767718,0,0,0,8.11509577240105,0,6.81983731092433,0,0,0,6.00881749342498,0,4.36951099175673,18.3022081179497,0,9.28995286020739,4.84254273501309,10.5585425083454,0,0
7.51645399243743,25.242628212898,10.1645235746258,9.85056227615901,4.25657189456051,4.34481798962343,3.05451009954725,3.73882613182068,6.88214016124555,12.310955733592,4.31866456872673,3.61188265255519,3.63681634892239,2.99479877948761,3.1484703200204,11.1456057270493,6.83079176262016,11.7095006920009,19.6934627115937,3.27014441129773,3.9625457557472,3.96786052077564,4.00276584994225,15.7455740272999,32.1265602111816,3.06300437450409,0,0,3.23923441990703,0,2.99798969427745,3.89558935165405,3.78485723849266,8.00158928871155,3.53601148218479,6.42444273345324,4.13248296789449,5.91355893412373,8.78744164431039,23.8803123897976,15.787846326828,21.4451781775534,17.5287293431249,18.6424675918207,24.6984192569081,23.9949588488383,27.8840113170713,6.40464367251392,7.9578883268747,10.2277459409516,4.01412041433926,10.8127234427134,4.59100211498349,3.33406890233358,9.20517581750539,31.2790398272601,8.31831172534398,13.0418324865144,4.1813160005163,4.01811262634065,3.55435427752408,13.0288540260904,4.10445694923401,13.8501843724932,2.96132302284241,5.79817610316806,17.848305938875,34.8052635192871,2.91403994560242,6.20641001462936,3.02590076128642,3.95474516948945,39.1748728434245,44.1890559529149,10.9770335621304,4.03876079212536,4.0964159895392,2.97784821085028,6.52973754213786,4.08288542558307,16.5163050856624,9.28995286020739,0,6.70164279762481,17.8934006189566,28.89414478302,35.0497703552246
0,0,0,20.5346710541669,4.34733028411865,3.49833768208822,0,0,12.4756891941596,4.4462084349464,0,0,3.56151447778052,3.40610048174858,4.66031839001563,4.73004478961229,6.71193640988048,12.8754868507385,47.1983698568036,0,2.95415759086609,0,3.56018318448748,32.719165802002,0,0,0,2.97379955729923,3.47536659240723,0,0,0,0,3.43263535812253,2.96738871046015,16.2056196024924,4.03319165684761,4.43671665763855,5.9055963679205,31.7033760070801,0,40.6518328475952,38.7651324705644,18.7145195007324,0,28.0362650927375,46.1823787689209,3.6939906279246,0,0,0,0,0,0,13.1889705657959,0,0,0,4.04520825335854,2.95443868637085,4.23073732852936,10.8797121355611,0,0,0,0,29.5893783569336,45.3362998962402,0,0,0,3.97036924069388,47.4382944107056,0,0,0,3.06805307997598,2.80139604210854,21.2719650268555,3.59745854139328,11.766691367505,4.84254273501309,6.70164279762481,0,23.5733124979313,37.8023935556412,0
