0,0,3.26843170019297,0,0,0,0,0,4.40478427121134,0,0,0,0,0,4.14279691378276,0,36.3527374267578,47.1474151611328,22.8641916373197,0,37.2691924882972,0,0,0,0,0,0,0,0,0,0,0,0,0,0,0,43.1546237312969,0,51.8909432547433,0,53.7543144226074,43.2009423573812,29.2913682028867,0,0,0,21.8287033006257,0,12.0926702800874,0,0,0,0,0,3.6882630226224,0,41.7839534282684,0,8.72648611935702,0,4.24269750832164,0,0,32.3534781138102,0,0,0,0,0,0,0,36.0384414672852,0,33.6017262776693,0,0,0,0,0,41.5645105375418,0,41.619460027726,13.1661619450386,0,12.2349340626688,0,18.2183634440104
0,0,0,6.00238839920531,0,0,0,0,0,5.35140931665957,0,0,0,11.5863389968872,0,11.0111560821533,0,0,0,0,0,0,0,0,0,0,0,0,0,0,0,0,0,0,0,0,0,0,0,0,0,16.3789968779593,0,0,0,0,0,0,0,6.25462369172554,0,13.5822689468796,0,0,0,4.68496109138836,0,7.60666188928816,0,10.352833032608,0,5.03608472872589,0,0,0,0,0,0,0,0,0,0,13.665843963623,0,0,0,0,0,0,0,0,0,8.65120410228121,0,6.63461514878691,14.9802682876587,0
3.26843170019297,0,0,0,24.8476905822754,0,0,0,3.41341057690707,0,16.0183200836182,0,0,0,0,0,106.344116210938,0,59.1941261291504,0,37.401442527771,0,0,0,0,0,0,0,0,0,0,0,0,0,0,0,40.8176560636427,0,42.716256459554,0,38.9567383986253,0,24.4827145122042,0,0,0,28.9358709559721,0,5.23918915220669,0,16.2663192749023,0,0,0,3.28029320790217,0,20.2622636648325,0,18.5334812072386,0,16.827227410816,0,0,39.4084552764893,0,0,0,0,0,0,0,33.5248378117879,0,32.2952083125259,0,0,0,0,0,39.9795799646221,0,42.4888194783529,17.6065382115981,0,11.2667425035793,0,19.3590222676595
0,6.00238839920531,0,0,0,10.0122089907527,0,0,0,7.33040350074664,0,26.8284077644348,0,0,0,0,0,0,67.3325225830078,27.964522619317,0,0,0,0,0,0,0,0,0,0,0,0,0,0,0,44.4970199429259,24.7394580841064,0,0,28.4162365626363,0,25.4670832473453,45.4662908826555,24.7560591697693,0,15.3432130884067,0,37.9628719753689,43.0682051522391,19.9875965362096,0,6.90544780150227,0,0,0,7.35661112484725,0,25.1355010797312,0,5.49163901805878,0,3.93138867266038,22.8669574359232,0,0,0,0,0,0,0,0,0,32.6119677225749,0,40.8140274047852,0,0,0,42.7992665982964,0,0,0,15.8008987102015,0,13.8298464416028,24.0129138805248,0
0,0,24.8476905822754,0,0,0,5.20222885544236,0,0,0,0,0,0,0,0,0,0,0,0,0,4.52083673300567,0,0,0,0,0,0,0,0,0,0,0,0,0,0,0,6.57184916734695,0,0,0,0,0,0,0,0,0,0,0,11.4141511917114,0,4.12278552055359,0,4.57000620611783,0,0,0,0,0,5.41659083469309,0,5.86894351217002,0,0,20.7830638885498,0,0,0,0,0,0,0,0,0,0,0,0,0,0,0,5.96939206123352,0,0,4.59594728018491,0,36.8493518829346,0,0
0,0,0,10.0122089907527,0,0,0,4.56874607297666,0,10.0588452214954,0,40.3762397766113,0,0,0,0,0,0,72.652437210083,38.6527179082235,0,0,0,0,0,0,0,0,0,0,0,0,0,0,0,18.5018926837487,33.3597087860107,0,0,35.3509794818468,0,52.8761172824436,61.0629014968872,0,0,29.7701036574993,0,44.9599976716218,46.5601489543915,44.2453603744507,0,4.07832834390257,0,3.16324098904928,0,5.69050431251526,0,15.3399643031034,0,10.9903697600731,0,0,36.2368396759033,0,0,0,0,0,0,0,0,0,0,0,55.1135622660319,0,0,0,51.1002726993678,0,0,0,5.93865449747935,7.85573602389622,29.9709981971858,0,0
0,0,0,0,5.20222885544236,0,0,0,0,0,11.7964236736298,0,4.70750153837381,0,0,0,0,0,0,0,4.0230845451355,0,0,0,0,0,0,0,0,0,0,0,0,0,0,0,6.6413297355175,0,0,0,0,0,0,0,0,0,0,0,0,0,3.82146544456482,0,3.42739759731293,0,0,0,9.69138201077779,0,8.31644344329834,0,0,0,0,0,0,0,0,0,0,0,0,0,0,0,0,0,0,0,0,0,0,0,3.69644000787001,4.13872027397156,0,0,0
0,0,0,0,0,4.56874607297666,0,0,0,0,0,0,0,0,0,0,0,0,0,11.3807294514714,0,0,0,0,0,0,0,0,0,0,0,0,0,0,0,6.61014007386707,0,0,0,0,0,0,0,0,0,0,0,0,0,0,0,3.1988487016587,0,2.9491753578186,0,0,0,0,0,0,0,0,13.6920151180691,0,0,0,0,0,0,0,0,0,0,0,0,0,0,0,0,0,0,0,6.01526037956539,0,0,0,0
4.40478427121134,0,3.41341057690707,0,0,0,0,0,0,0,0,0,0,0,5.32599195946168,0,14.2007143263231,0,9.3782187461853,0,0,0,0,0,4.00204266548157,0,0,0,0,0,0,0,0,0,0,0,0,0,7.78544082854054,0,0,0,13.1321700149112,0,0,0,36.4520835876465,57.2538070678711,8.6525533312843,57.3327331542969,0,0,0,0,7.40552015468381,0,0,0,0,0,4.53782963577439,0,0,0,0,0,0,13.3660305763813,0,16.8983459472656,0,0,0,41.3869094848633,0,0,0,0,63.5868740081787,72.8632316589355,0,13.6503206710426,4.99789834720023,0,6.25230898175921,0,0
0,5.35140931665957,0,7.33040350074664,0,10.0588452214954,0,0,0,0,0,0,0,0,0,4.53584955288814,27.0813178062439,12.8238591376473,20.6323086420695,0,0,0,0,5.2393274307251,0,8.08788434664408,0,0,0,0,0,0,0,0,0,0,0,4.69733478561524,0,0,0,12.2416407746427,0,0,0,0,0,0,0,4.31304516678765,0,0,0,0,0,5.38862043913064,0,0,0,0,0,3.06616910629802,0,0,0,0,2.89400679186771,0,0,0,0,0,0,0,0,0,0,0,0,0,0,0,7.24466632660097,7.22944766070162,9.60811359060686,14.6972951889038,0
0,0,16.0183200836182,0,0,0,11.7964236736298,0,0,0,0,0,6.68176156435257,0,0,0,0,0,0,0,7.70827296915825,0,0,0,0,0,0,0,0,0,10.3961051890725,0,0,0,0,0,18.1576248828103,0,4.60609621815867,0,0,0,31.5062389373779,0,0,0,0,0,0,0,15.9120916219858,0,13.1907896995544,0,0,0,4.76546436970304,0,9.67249694790214,0,16.0232734680176,0,0,13.9203811900716,0,0,0,0,0,0,0,4.54140354085852,0,16.2119991982237,0,0,0,0,0,28.7001647505649,0,23.6975922073637,5.75581191631895,0,11.062521870931,0,40.1231346130371
0,0,0,26.8284077644348,0,40.3762397766113,0,0,0,0,0,0,0,3.83475200684516,0,0,0,0,33.3826789855957,11.4496101624257,0,0,0,0,0,0,0,0,0,3.32534797051374,0,0,0,0,0,74.6353073120117,0,6.19135403799844,0,48.7578163146973,0,24.6698285420736,40.4031372070312,22.9420356750488,0,32.1596254348755,0,0,0,46.4189720153809,0,0,0,0,0,0,0,6.73660011308473,0,3.98191011363062,0,0,11.8246580220144,0,0,0,0,0,0,0,0,0,6.86594732602437,0,0,0,0,0,52.1486701965332,0,0,0,7.4944877431058,0,26.3046464003049,15.5210475921631,0
0,0,0,0,0,0,4.70750153837381,0,0,0,6.68176156435257,0,0,0,6.12542955005338,0,0,0,0,0,20.2856225967407,0,0,0,0,0,0,0,2.95512425899506,0,5.45417022705078,0,0,0,0,0,0,0,0,0,0,0,0,0,0,0,0,0,0,0,0,0,4.6548449165967,0,0,0,5.45713935802185,0,4.52718886174368,0,7.45030619014393,0,0,26.7105979919434,0,0,0,0,0,0,0,6.8214467048645,0,0,0,0,0,0,0,0,0,0,4.02015701114622,3.30794659782858,0,0,0
0,11.5863389968872,0,0,0,0,0,0,0,0,0,3.83475200684516,0,0,0,0,0,12.5741728978736,0,0,0,18.6672967274984,0,0,0,10.7413301588614,0,3.47318949169583,0,0,0,0,0,0,0,0,0,0,0,0,0,0,0,0,0,0,0,0,0,13.0203808678521,0,0,0,2.96346918741862,0,0,0,10.4626250267029,0,5.39620161357679,0,0,0,0,0,0,0,0,13.4977848346417,0,3.43244904279709,0,0,0,0,0,0,0,0,0,0,0,7.32998473827656,4.4928129778968,0,0,0
4.14279691378276,0,0,0,0,0,0,0,5.32599195946168,0,0,0,6.12542955005338,0,0,0,0,0,0,0,0,0,0,0,10.714695930481,0,0,0,0,0,0,0,0,0,0,0,0,0,0,0,0,0,0,0,0,0,0,0,3.62854838371277,0,4.98402072833135,0,0,0,8.47794164206884,0,0,0,5.6943045750405,0,5.17717720491998,0,0,0,0,0,0,13.6658345135775,0,2.81215230623881,0,0,0,0,0,0,0,0,0,0,0,0,3.84818536263925,0,15.4867928822835,0,0
0,11.0111560821533,0,0,0,0,0,0,0,4.53584955288814,0,0,0,0,0,0,59.0607064565023,15.0528340173804,24.9066097259521,0,0,20.6006298065186,0,5.45729565620422,0,10.2700652328192,0,0,0,0,0,0,0,0,0,0,0,0,0,62.3270835876465,0,0,0,0,0,0,0,0,0,5.60684370994568,0,0,0,0,0,2.85692024230957,0,0,0,0,0,4.01139852080015,0,0,0,0,0,0,11.6777502536774,0,0,0,0,0,0,0,0,0,0,0,0,0,8.2493787271857,8.67248820677036,0,0,0
36.3527374267578,0,106.344116210938,0,0,0,0,0,14.2007143263231,27.0813178062439,0,0,0,0,0,59.0607064565023,0,20.1185838866194,26.228274142921,71.7874011993408,69.7300717970904,29.5764771987652,9.52380209746465,40.433806737264,15.6615543562895,45.3614692687988,12.5708110379468,0,0,0,0,0,0,111.065773010254,0,95.9410529666477,74.2822579437832,0,73.8532724380493,69.9368320888943,57.8376483917236,60.3732487315863,51.6359041113602,76.0967102050781,0,71.7294543584188,58.6034627381493,73.2213967975817,0,72.4002105049465,0,0,0,0,0,0,82.8124465942383,0,0,0,0,51.1897506713867,0,66.4986803973163,0,9.31450803463276,64.1132507324219,0,46.2748186323378,16.6519182068961,0,67.5941696166992,0,56.6757804646211,79.7902198791504,0,0,0,80.4467210292816,67.6434497757564,0,62.0208704812186,17.4638128396743,7.30547458569523,55.622085723148,76.9485511779785,38.3402144908905
47.1474151611328,0,0,0,0,0,0,0,0,12.8238591376473,0,0,0,12.5741728978736,0,15.0528340173804,20.1185838866194,0,19.0434940396115,71.2101402282715,73.0242328643799,8.91236340600137,28.2682717641195,17.1648440557368,42.4208755493164,11.3471670124924,32.3012308393206,5.84773832358024,0,0,0,0,0,86.6785430908203,0,80.0663923605894,91.0060143904252,0,123.06755065918,67.525915145874,0,51.6387909253438,62.3591857183547,0,0,65.4431828090123,71.5637132471258,72.4993608181293,0,68.3662435358221,0,0,0,0,0,0,0,87.1890029907227,0,0,0,9.63361549704042,0,70.8186349868774,9.748380924793,44.2265357971191,17.4541109800339,0,13.1503383151166,33.83318456014,7.34179911017418,0,0,77.725959777832,74.7290743873233,0,0,0,75.0457299156527,83.43001134055,0,84.6683478037516,13.3744669851868,8.27373534971824,62.8184389634566,61.7548351287842,77.2327697753906
22.8641916373197,0,59.1941261291504,67.3325225830078,0,72.652437210083,0,0,9.3782187461853,20.6323086420695,0,33.3826789855957,0,0,0,24.9066097259521,26.228274142921,19.0434940396115,0,45.7039613356957,60.4558535124126,36.6349646250407,48.3452808380127,29.7732172012329,49.086540222168,30.2067605654399,0,0,0,0,0,85.9243850708008,0,61.6264969507853,0,63.323422686723,65.6390456004315,0,76.3044957927629,50.59744862803,65.7970123291016,37.8743162954339,40.8737127706805,42.238224710737,9.26626777648926,32.3594217207697,46.1542833365646,58.3093334677441,29.1249765396118,53.1655007439184,0,0,0,0,0,0,75.6638648986816,51.3738772392273,83.3969395955404,0,0,0,40.7630773891102,55.6126279995359,32.840586344401,0,33.1831126742893,0,29.368292427063,0,0,50.7188758850098,67.1765060424805,58.5676948264793,54.9736647848356,0,0,0,56.4343258423571,61.4009528343988,0,61.5925122063058,16.3984427682924,43.7652086814245,44.9016258287692,32.9220593993583,41.6508062093154
0,0,0,27.964522619317,0,38.6527179082235,0,11.3807294514714,0,0,0,11.4496101624257,0,0,0,0,71.7874011993408,71.2101402282715,45.7039613356957,0,0,0,0,0,0,0,0,0,0,0,0,0,0,0,0,6.0951558604473,0,3.27564748128255,0,23.4422940579583,0,22.120151345159,0,21.0464869382089,0,16.746354804065,0,49.2333873748779,0,49.4968138885498,0,0,0,0,0,0,0,12.2522066423557,0,0,0,0,5.5666218548264,0,0,0,0,0,0,0,0,0,0,0,63.2271270751953,0,0,0,19.0720947107224,0,0,76.37353515625,7.88221062766582,44.3838958740234,24.5605458605599,19.5236298306783,0
37.2691924882972,0,37.401442527771,0,4.52083673300567,0,4.0230845451355,0,0,0,7.70827296915825,0,20.2856225967407,0,0,0,69.7300717970904,73.0242328643799,60.4558535124126,0,0,0,89.189697265625,0,0,0,0,0,0,0,19.5808448791504,0,0,0,0,0,18.3665007951073,0,10.3729076713324,89.4183311462402,30.0549142020089,67.6398239135742,33.417127310061,0,0,0,17.978565920483,83.5544395446777,46.1856155395508,0,25.6920003890991,0,0,0,0,0,16.1193889772604,0,24.051053944756,0,27.810791015625,0,0,9.27764233455181,0,0,0,0,0,0,0,29.0649421811104,0,23.9998508394755,84.3563995361328,0,0,0,101.656005859375,22.6790302747805,0,17.6794692117316,13.7799972343245,37.4745206832886,30.4719877126832,0,45.8415135277642
0,0,0,0,0,0,0,0,0,0,0,0,0,18.6672967274984,0,20.6006298065186,29.5764771987652,8.91236340600137,36.6349646250407,0,0,0,5.84423904452224,4.48261105673654,0,6.05949277989566,0,3.92617055949043,0,0,0,0,0,0,0,0,0,4.88370212234614,0,0,0,0,0,0,0,0,0,0,0,4.82300404032821,0,0,0,0,0,0,0,0,0,0,0,19.3717498779297,0,0,4.77670355559269,6.24057684502294,4.41568936941759,0,11.7119203771864,0,3.95551061630249,0,0,0,0,0,0,0,0,0,6.90324410148289,0,7.40004324133648,23.4020880063375,85.0033340454102,0,0
0,0,0,0,0,0,0,0,0,0,0,0,0,0,0,0,9.52380209746465,28.2682717641195,48.3452808380127,0,89.189697265625,5.84423904452224,0,0,4.13505630133903,0,22.6789569854736,0,4.00097827477889,0,0,0,0,0,0,0,0,0,7.64741522036021,0,0,0,0,0,0,0,0,0,10.7916093823652,0,0,0,0,0,0,0,0,0,0,0,0,0,0,0,6.28930891904616,4.81719791284427,0,7.86971689015627,0,7.97170027819547,0,5.46599779129028,0,0,0,0,0,0,0,0,0,9.56054776040153,5.37903307215373,4.09046965405561,0,0,0
0,0,0,0,0,0,0,0,0,5.2393274307251,0,0,0,0,0,5.45729565620422,40.433806737264,17.1648440557368,29.7732172012329,0,0,4.48261105673654,0,0,0,4.7405062596575,0,0,0,0,0,0,0,0,0,0,0,3.26856866548228,0,0,0,9.78637075424194,0,0,0,0,0,0,0,3.48692246982029,0,0,0,0,0,0,0,0,0,0,0,19.1329018274943,0,0,3.37883281707764,0,3.73990666159528,0,3.37060961723328,0,0,0,0,0,0,0,0,0,0,0,0,0,10.0827983351658,29.34983253479,7.13302264986811,0,0
0,0,0,0,0,0,0,0,4.00204266548157,0,0,0,0,0,10.714695930481,0,15.6615543562895,42.4208755493164,49.086540222168,0,0,0,4.13505630133903,0,0,0,4.47589243667713,0,0,0,0,0,0,0,0,0,0,0,5.69218164682388,0,0,0,0,0,0,0,0,0,8.05618100183111,0,0,0,0,0,4.55294316013654,0,0,0,0,0,13.3197972774506,0,0,0,0,5.39255555470784,0,4.87521964647401,0,8.00559790666438,0,0,0,0,0,0,0,0,0,0,0,6.85783732979537,5.99834110396249,0,4.48413289979447,0,0
0,0,0,0,0,0,0,0,0,8.08788434664408,0,0,0,10.7413301588614,0,10.2700652328192,45.3614692687988,11.3471670124924,30.2067605654399,0,0,6.05949277989566,0,4.7405062596575,0,0,0,3.89178488084248,0,0,0,0,0,0,0,0,0,0,0,0,0,0,0,0,0,0,0,0,0,0,0,0,0,0,0,0,0,0,0,0,0,5.74647703478413,0,0,3.92876991092182,0,5.56644857834125,0,6.44801345755001,0,3.71448556582133,0,0,0,0,0,0,0,0,0,0,0,15.7700245621204,20.1753967637047,0,0,0
0,0,0,0,0,0,0,0,0,0,0,0,0,0,0,0,12.5708110379468,32.3012308393206,0,0,0,0,22.6789569854736,0,4.47589243667713,0,0,0,0,0,0,0,0,0,0,0,0,0,0,0,0,0,0,0,0,0,0,0,0,0,0,0,0,0,0,0,0,0,0,0,2.94977426528931,0,0,0,0,0,0,6.49400353431702,0,4.53346671446776,0,4.33433330059052,0,0,0,0,0,0,0,0,0,105.438041687012,7.00832455808466,0,0,0,77.1661682128906
0,0,0,0,0,0,0,0,0,0,0,0,0,3.47318949169583,0,0,0,5.84773832358024,0,0,0,3.92617055949043,0,0,0,3.89178488084248,0,0,0,5.53493441854204,0,0,0,0,0,0,0,4.3678728826344,0,0,0,0,0,0,0,0,0,0,0,0,0,0,0,0,0,0,0,0,0,3.33783876895905,0,0,0,0,5.35025894271661,0,0,0,5.17766064405441,0,3.70060072088112,0,7.65474707276558,0,0,0,0,0,0,0,7.72076578140259,0,5.00598133128622,4.12003940716386,0,0,0
0,0,0,0,0,0,0,0,0,0,0,0,2.95512425899506,0,0,0,0,0,0,0,0,0,4.00097827477889,0,0,0,0,0,0,0,5.33909759106424,0,0,0,0,0,0,0,0,0,0,0,0,0,0,0,0,0,0,0,0,0,0,0,0,0,0,0,2.74065351486206,0,0,0,0,0,0,3.56329131126404,0,0,0,5.78918546040853,0,4.43604060444163,0,9.81163984186509,0,0,0,0,0,0,0,3.90765311501243,3.91266882419586,0,0,0,0
0,0,0,0,0,0,0,0,0,0,0,3.32534797051374,0,0,0,0,0,0,0,0,0,0,0,0,0,0,0,5.53493441854204,0,0,0,0,0,0,0,0,0,4.48440257430597,0,0,0,0,0,0,0,0,0,0,0,0,0,0,0,0,0,0,0,4.75875381122936,0,0,0,0,0,0,0,0,0,0,0,0,4.99431263941985,0,5.8426590916378,0,0,0,0,0,0,0,4.44838892329823,0,4.65781688690186,0,0,0,0
0,0,0,0,0,0,0,0,0,0,10.3961051890725,0,5.45417022705078,0,0,0,0,0,0,0,19.5808448791504,0,0,0,0,0,0,0,5.33909759106424,0,0,0,0,0,0,0,0,0,4.12317927231949,0,0,0,0,0,0,0,0,0,0,0,0,0,0,0,0,0,8.19452618943514,0,0,0,0,0,0,0,0,0,0,0,0,0,0,6.87751269340515,0,6.34477090432383,0,0,0,0,0,0,0,4.50574723879496,4.44590141851577,0,0,0,0
0,0,0,0,0,0,0,0,0,0,0,0,0,0,0,0,0,0,85.9243850708008,0,0,0,0,0,0,0,0,0,0,0,0,0,7.16318924591933,4.91217902026226,8.0327844619751,5.86142848856622,9.8970140283758,0,0,15.1472358703613,0,36.8741838667128,44.8134059906006,0,0,0,0,5.41477823099814,10.3592218097888,14.1556574168958,0,0,0,0,0,0,0,0,0,0,0,0,0,0,0,0,0,0,0,0,0,0,0,0,3.96338940518243,15.4205302350661,3.56635767898776,0,7.80539135843794,16.0142941832542,0,0,5.28263652735743,0,32.2031721387591,0,0
0,0,0,0,0,0,0,0,0,0,0,0,0,0,0,0,0,0,0,0,0,0,0,0,0,0,0,0,0,0,0,7.16318924591933,0,0,0,0,17.3863910311988,0,0,0,0,0,0,0,0,0,0,5.74276766788683,5.77186630862628,0,0,0,0,0,0,0,0,0,0,0,0,0,0,0,0,0,0,0,0,0,0,0,0,0,6.62107218106588,4.47767067622472,0,4.1271089553833,0,9.14718728185392,0,0,10.7238363599945,0,0,0,0
0,0,0,0,0,0,0,0,0,0,0,0,0,0,0,0,111.065773010254,86.6785430908203,61.6264969507853,0,0,0,0,0,0,0,0,0,0,0,0,4.91217902026226,0,0,5.81109332984389,4.94869410884273,8.67610277668122,4.46386703929386,0,56.4014039039612,0,41.2392919328478,86.201416015625,0,0,42.3474906921387,0,5.01104766060912,21.5577091217041,23.5935916900635,0,0,0,0,0,0,0,47.5754013061523,0,0,0,0,0,0,0,0,0,0,0,0,0,0,0,0,5.9625437151302,0,6.9990257515751,9.42013412934763,6.81621340949937,23.96790599823,4.3196120262146,19.2145001093547,9.89951126954772,3.48221117258072,46.7694278717041,39.6379890441895,80.6617965698242
0,0,0,0,0,0,0,0,0,0,0,0,0,0,0,0,0,0,0,0,0,0,0,0,0,0,0,0,0,0,0,8.0327844619751,0,5.81109332984389,0,0,3.56887143615663,2.75090503692627,4.88643529835869,0,0,24.1577625274658,0,0,0,0,0,7.24211416998209,8.785105084264,19.9376524244036,0,0,0,0,0,0,0,0,0,0,0,0,0,0,0,0,0,0,0,0,0,0,0,0,0,0,7.98640978998608,4.72188687303103,0,5.87878456115723,0,5.66751762841429,11.1140791317471,0,0,0,0
0,0,0,44.4970199429259,0,18.5018926837487,0,6.61014007386707,0,0,0,74.6353073120117,0,0,0,0,95.9410529666477,80.0663923605894,63.323422686723,6.0951558604473,0,0,0,0,0,0,0,0,0,0,0,5.86142848856622,0,4.94869410884273,0,0,7.82904209135089,4.23433702546845,0,14.2301258453772,13.6352691650391,43.2084228569102,52.2976899230689,45.6450800214495,0,28.6870606381819,93.3685862223307,19.3750811961485,23.1097624703329,31.5356776124901,0,0,0,0,0,0,0,57.3333030700684,0,0,0,0,8.4313450674001,0,0,0,0,0,0,0,0,0,0,87.6142883300781,7.67839346183446,0,10.006034783463,0,7.09011103527409,16.5388683484948,5.05711397378132,109.421998977661,7.52148124446574,7.9793963432312,36.2614372597112,42.3981046115651,76.2301483154297
43.1546237312969,0,40.8176560636427,24.7394580841064,6.57184916734695,33.3597087860107,6.6413297355175,0,0,0,18.1576248828103,0,0,0,0,0,74.2822579437832,91.0060143904252,65.6390456004315,0,18.3665007951073,0,0,0,0,0,0,0,0,0,0,9.8970140283758,17.3863910311988,8.67610277668122,3.56887143615663,7.82904209135089,0,0,8.27720816547473,73.6755065917969,40.003770228227,79.0628982543945,38.0664123037587,0,33.6850789388021,22.6553973120612,24.1449169659305,6.10425954125822,8.87130932031676,93.3977546691895,0,0,0,0,0,0,34.3687541019394,0,44.2766159459164,0,55.3767505221897,0,0,22.2857697704699,0,0,0,0,0,0,0,53.1320533752441,0,53.6054880478803,35.6148114204407,5.58253336615033,14.6281612873077,4.26124165058136,15.7567043603906,6.6886387239445,0,14.2144847585032,9.14912269457347,6.96411725659071,37.7141925475745,0,42.4391777640895
0,0,0,0,0,0,0,0,0,4.69733478561524,0,6.19135403799844,0,0,0,0,0,0,0,3.27564748128255,0,4.88370212234614,0,3.26856866548228,0,0,0,4.3678728826344,0,4.48440257430597,0,0,0,4.46386703929386,2.75090503692627,4.23433702546845,0,0,0,0,0,8.27017942070961,0,0,0,0,0,4.82870553912538,0,5.96615019516511,0,0,0,0,0,0,0,10.9974533081055,0,0,0,0,0,0,4.30010434141699,0,4.64137411117554,0,0,0,0,0,4.56388629566539,0,0,0,9.42691903644138,0,7.4465785815798,0,5.47840604987549,0,5.09062734522201,3.23182396888733,7.67286540852587,0,0
51.8909432547433,0,42.716256459554,0,0,0,0,0,7.78544082854054,0,4.60609621815867,0,0,0,0,0,73.8532724380493,123.06755065918,76.3044957927629,0,10.3729076713324,0,7.64741522036021,0,5.69218164682388,0,0,0,0,0,4.12317927231949,0,0,0,4.88643529835869,0,8.27720816547473,0,0,0,93.0467046101888,23.5480089187622,38.3647460174561,0,0,0,50.2037196912264,5.00827922480447,6.24506071564201,43.6676254272461,0,0,0,0,10.730586723021,0,13.0349723389072,0,0,0,0,0,0,35.0030580023502,0,6.69161860834298,0,8.54179505547087,0,4.20311627123091,0,5.15947658675058,0,17.8899599780207,0,0,0,5.41176227937665,0,12.8420813125945,0,5.60327910673789,5.67326578667862,3.70921080008797,25.8323524951935,0,34.9058395113264
0,0,0,28.4162365626363,0,35.3509794818468,0,0,0,0,0,48.7578163146973,0,0,0,62.3270835876465,69.9368320888943,67.525915145874,50.59744862803,23.4422940579583,89.4183311462402,0,0,0,0,0,0,0,0,0,0,15.1472358703613,0,56.4014039039612,0,14.2301258453772,73.6755065917969,0,0,0,83.6046524047852,28.9907716145362,40.100266407276,31.7644763522678,0,12.664882707626,80.9496930440267,17.995265224437,49.0429677963257,14.8800817307126,0,0,0,0,0,0,0,46.8088110330943,0,0,0,0,15.41025499116,81.2110341389974,0,0,0,0,0,0,0,0,54.2542528424944,71.1511459350586,46.3979706650689,0,0,0,13.6569382468377,102.506745379904,0,86.1491616566976,36.0944054067249,43.9108009338379,23.2045737752778,27.7911514833749,0
53.7543144226074,0,38.9567383986253,0,0,0,0,0,0,0,0,0,0,0,0,0,57.8376483917236,0,65.7970123291016,0,30.0549142020089,0,0,0,0,0,0,0,0,0,0,0,0,0,0,13.6352691650391,40.003770228227,0,93.0467046101888,83.6046524047852,0,0,39.7975192599826,0,0,21.4792509078979,14.1806821545051,9.04056882858276,6.48168838802894,15.0083335240682,42.1030476888021,0,0,0,0,0,39.1743033964242,0,46.2374683136636,0,47.0781952295548,0,0,14.6090563076545,0,0,0,0,0,0,0,61.3128494262695,0,60.6574045817057,0,44.7432880401611,0,0,0,13.0631825565075,0,55.1542792717616,29.2107221603394,24.2534437179565,21.2598275732208,0,42.1671257019043
43.2009423573812,16.3789968779593,0,25.4670832473453,0,52.8761172824436,0,0,0,12.2416407746427,0,24.6698285420736,0,0,0,0,60.3732487315863,51.6387909253438,37.8743162954339,22.120151345159,67.6398239135742,0,0,9.78637075424194,0,0,0,0,0,0,0,36.8741838667128,0,41.2392919328478,24.1577625274658,43.2084228569102,79.0628982543945,8.27017942070961,23.5480089187622,28.9907716145362,0,0,24.4227856793535,20.31607050474,0,34.0813331522493,58.6207930246989,33.8325942683719,25.9640120144548,22.7380493593101,0,0,0,0,0,14.6499896730695,0,20.9853465088971,0,0,0,0,17.9066005639881,72.4340614318848,24.1499032974243,0,9.43957085079617,0,0,0,0,50.1389999389648,24.4732137123744,82.186243057251,29.9765409724728,0,0,19.7662029266357,37.0505777417411,78.7711005672332,17.660163862055,60.1968496413458,11.5196927546497,29.3163814544678,19.3832288986409,9.60874429021695,36.5601933797201
29.2913682028867,0,24.4827145122042,45.4662908826555,0,61.0629014968872,0,0,13.1321700149112,0,31.5062389373779,40.4031372070312,0,0,0,0,51.6359041113602,62.3591857183547,40.8737127706805,0,33.417127310061,0,0,0,0,0,0,0,0,0,0,44.8134059906006,0,86.201416015625,0,52.2976899230689,38.0664123037587,0,38.3647460174561,40.100266407276,39.7975192599826,24.4227856793535,0,35.842342376709,0,33.0581437519618,22.5894846312735,35.1042681215942,12.1525352727673,29.4845522684069,53.0605773925781,0,0,0,0,0,22.8612953659392,57.049337387085,33.3477605798028,0,48.6380102494184,0,0,33.3168153901871,0,0,0,0,0,0,0,20.8330695252669,0,17.6238998892843,47.7318025316511,0,0,0,44.4030679160818,31.1479678072405,0,30.0728323285672,27.4542872783372,29.3031016588211,16.9239493338589,38.416339302063,11.8373947712773
0,0,0,24.7560591697693,0,0,0,0,0,0,0,22.9420356750488,0,0,0,0,76.0967102050781,0,42.238224710737,21.0464869382089,0,0,0,0,0,0,0,0,0,0,0,0,0,0,0,45.6450800214495,0,0,0,31.7644763522678,0,20.31607050474,35.842342376709,0,0,14.5476553440094,0,45.0010585784912,0,40.6696237133395,0,0,0,0,0,0,0,22.7254487496835,0,0,0,0,18.5239240206205,0,0,0,0,0,0,0,0,0,0,0,48.1483612060547,0,0,0,36.0942870190269,68.0887145996094,0,0,40.5895863638984,0,22.9150618261929,12.9849745599847,0
0,0,0,0,0,0,0,0,0,0,0,0,0,0,0,0,0,0,9.26626777648926,0,0,0,0,0,0,0,0,0,0,0,0,0,0,0,0,0,33.6850789388021,0,0,0,0,0,0,0,0,0,11.9850630760193,0,0,0,0,0,0,0,0,0,0,0,0,0,0,0,0,0,0,0,0,0,0,0,0,0,0,0,0,0,0,0,0,48.6039034525553,0,37.3946914672852,0,0,5.71745384307135,0,0
0,0,0,15.3432130884067,0,29.7701036574993,0,0,0,0,0,32.1596254348755,0,0,0,0,71.7294543584188,65.4431828090123,32.3594217207697,16.746354804065,0,0,0,0,0,0,0,0,0,0,0,0,0,42.3474906921387,0,28.6870606381819,22.6553973120612,0,0,12.664882707626,21.4792509078979,34.0813331522493,33.0581437519618,14.5476553440094,0,0,0,22.2761324234365,31.8883133603815,21.9532894857941,0,0,0,0,0,0,0,27.8081892896819,0,0,0,0,11.574463078866,61.9921951293945,0,0,0,0,0,0,0,0,36.670877456665,64.0923004150391,24.8360330760479,0,0,0,22.3618782748009,90.1003799438477,0,66.6280975341797,21.0364719688892,36.0448379516602,13.6566876253174,25.874379183795,0
21.8287033006257,0,28.9358709559721,0,0,0,0,0,36.4520835876465,0,0,0,0,0,0,0,58.6034627381493,71.5637132471258,46.1542833365646,0,17.978565920483,0,0,0,0,0,0,0,0,0,0,0,0,0,0,93.3685862223307,24.1449169659305,0,50.2037196912264,80.9496930440267,14.1806821545051,58.6207930246989,22.5894846312735,0,11.9850630760193,0,0,86.2137832641602,22.9686447143555,81.32555809021,41.9117336273193,0,0,0,0,0,29.6254037083806,0,37.4047889312108,0,35.8710314143788,0,0,15.1324115027135,0,0,0,0,0,0,0,44.8285414955833,0,44.536292526457,74.4183158874512,0,0,0,83.5527469090053,25.2478953147961,0,42.4768580558908,28.7465492486954,25.2077147165934,21.5284485403006,0,28.1289859891727
0,0,0,37.9628719753689,0,44.9599976716218,0,0,57.2538070678711,0,0,0,0,0,0,0,73.2213967975817,72.4993608181293,58.3093334677441,49.2333873748779,83.5544395446777,0,0,0,0,0,0,0,0,0,0,5.41477823099814,5.74276766788683,5.01104766060912,7.24211416998209,19.3750811961485,6.10425954125822,4.82870553912538,5.00827922480447,17.995265224437,9.04056882858276,33.8325942683719,35.1042681215942,45.0010585784912,0,22.2761324234365,86.2137832641602,0,10.1169720211228,12.2655007916962,0,0,0,0,0,0,69.2912216186523,47.7857547941662,0,0,0,0,40.9005139939328,0,0,0,0,0,0,0,0,0,51.2225666046143,84.5301361083984,7.89279572498749,7.05704213666013,4.98365607211987,6.69533051988353,17.8930382753988,8.77815024269147,6.03461394880129,10.2078645809458,12.0858311342524,25.5776774088542,28.5228442915381,48.8588922207172,71.6854248046875
12.0926702800874,0,5.23918915220669,43.0682051522391,11.4141511917114,46.5601489543915,0,0,8.6525533312843,0,0,0,0,0,3.62854838371277,0,0,0,29.1249765396118,0,46.1856155395508,0,10.7916093823652,0,8.05618100183111,0,0,0,0,0,0,10.3592218097888,5.77186630862628,21.5577091217041,8.785105084264,23.1097624703329,8.87130932031676,0,6.24506071564201,49.0429677963257,6.48168838802894,25.9640120144548,12.1525352727673,0,0,31.8883133603815,22.9686447143555,10.1169720211228,0,9.16159628760752,10.6743531227112,0,0,0,6.41601794958115,0,16.9568633583357,0,16.5467551136305,0,11.3507148096527,0,51.5448036193848,4.8494850226811,0,16.70877567653,0,4.92020625862286,0,4.7004303808737,0,4.60388269798815,0,20.9685638091143,28.1781499862671,7.31579483879937,0,8.04531790827313,40.7763549288114,6.77515246214678,0,7.59043118816626,16.0995861973363,0,12.1258472293297,45.12677637736,0
0,6.25462369172554,0,19.9875965362096,0,44.2453603744507,0,0,57.3327331542969,4.31304516678765,0,46.4189720153809,0,13.0203808678521,0,5.60684370994568,72.4002105049465,68.3662435358221,53.1655007439184,49.4968138885498,0,4.82300404032821,0,3.48692246982029,0,0,0,0,0,0,0,14.1556574168958,0,23.5935916900635,19.9376524244036,31.5356776124901,93.3977546691895,5.96615019516511,43.6676254272461,14.8800817307126,15.0083335240682,22.7380493593101,29.4845522684069,40.6696237133395,0,21.9532894857941,81.32555809021,12.2655007916962,9.16159628760752,0,0,11.4308356350253,0,0,0,3.34029592037201,0,22.9788153334561,0,8.78631311120658,0,4.71350357471368,30.8857749286273,0,6.12798338150852,0,4.32793862126398,0,0,0,4.58978617602381,0,28.2200655937195,0,30.9318368661971,0,3.60599936379327,0,28.9064853498472,81.329912741979,6.77639143476755,62.041948519255,20.8556175891797,47.9486103057861,18.9847377800131,33.3235865300245,74.5284423828125
0,0,16.2663192749023,0,4.12278552055359,0,3.82146544456482,0,0,0,15.9120916219858,0,0,0,4.98402072833135,0,0,0,0,0,25.6920003890991,0,0,0,0,0,0,0,0,0,0,0,0,0,0,0,0,0,0,0,42.1030476888021,0,53.0605773925781,0,0,0,41.9117336273193,0,10.6743531227112,0,0,0,3.69000880858477,0,0,0,19.4986486434937,0,4.82990963284562,0,4.51126163223493,0,0,18.9467609723409,0,0,0,0,0,0,0,38.6808662414551,0,43.5215559005737,0,0,0,0,0,32.1749811172485,0,47.1794738769531,6.15556049346924,0,27.2609474182129,0,0
0,13.5822689468796,0,6.90544780150227,0,4.07832834390257,0,3.1988487016587,0,0,0,0,0,0,0,0,0,0,0,0,0,0,0,0,0,0,0,0,0,0,0,0,0,0,0,0,0,0,0,0,0,0,0,0,0,0,0,0,0,11.4308356350253,0,0,0,2.98392450809479,0,0,0,6.99095615326549,0,5.81554354258946,0,8.1257700920105,0,0,0,0,0,0,0,0,0,0,0,0,0,0,0,0,0,0,0,0,4.32370641786758,0,9.57003509081327,0,0
0,0,0,0,4.57000620611783,0,3.42739759731293,0,0,0,13.1907896995544,0,4.6548449165967,0,0,0,0,0,0,0,0,0,0,0,0,0,0,0,0,0,0,0,0,0,0,0,0,0,0,0,0,0,0,0,0,0,0,0,0,0,3.69000880858477,0,0,0,0,0,9.20672011375427,0,2.93695139884949,0,0,0,0,0,0,0,0,0,0,0,0,0,0,0,0,0,0,0,0,0,0,0,3.81932217597961,0,0,0,0
0,0,0,0,0,3.16324098904928,0,2.9491753578186,0,0,0,0,0,2.96346918741862,0,0,0,0,0,0,0,0,0,0,0,0,0,0,0,0,0,0,0,0,0,0,0,0,0,0,0,0,0,0,0,0,0,0,0,0,0,2.98392450809479,0,0,0,0,0,4.07779204368591,0,3.01098212328824,0,0,0,0,0,0,0,0,0,0,0,0,0,0,0,0,0,0,0,0,0,0,0,0,0,0,0
3.6882630226224,0,3.28029320790217,0,0,0,0,0,7.40552015468381,0,0,0,0,0,8.47794164206884,0,0,0,0,0,0,0,0,0,4.55294316013654,0,0,0,0,0,0,0,0,0,0,0,0,0,10.730586723021,0,0,0,0,0,0,0,0,0,6.41601794958115,0,0,0,0,0,0,0,0,0,0,0,6.44988374120181,0,0,0,0,0,0,5.73901183075375,0,10.0122156937917,0,0,0,0,0,0,0,0,0,0,0,11.0351645706752,14.6465663001651,0,5.36766413932151,0,0
0,4.68496109138836,0,7.35661112484725,0,5.69050431251526,0,0,0,5.38862043913064,0,0,0,0,0,2.85692024230957,0,0,0,0,0,0,0,0,0,0,0,0,0,0,0,0,0,0,0,0,0,0,0,0,0,14.6499896730695,0,0,0,0,0,0,0,3.34029592037201,0,0,0,0,0,0,0,0,0,0,0,0,0,0,0,0,3.79105706512928,0,0,0,0,0,0,0,0,0,0,0,0,0,0,0,9.17440289995644,0,15.5616041819255,14.2059507369995,0
41.7839534282684,0,20.2622636648325,0,0,0,9.69138201077779,0,0,0,4.76546436970304,0,5.45713935802185,0,0,0,82.8124465942383,0,75.6638648986816,0,16.1193889772604,0,0,0,0,0,0,0,0,0,8.19452618943514,0,0,0,0,0,34.3687541019394,0,13.0349723389072,0,39.1743033964242,0,22.8612953659392,0,0,0,29.6254037083806,69.2912216186523,16.9568633583357,0,19.4986486434937,0,9.20672011375427,0,0,0,0,0,8.00238253662515,0,19.4083150401711,0,0,10.8918738368639,0,0,0,0,0,0,0,7.0643547640388,0,11.1172651050076,0,0,0,0,0,38.0776913214703,0,24.7322820841781,14.1149697983159,2.74414443969727,15.7815350579513,0,16.5283156633377
0,7.60666188928816,0,25.1355010797312,0,15.3399643031034,0,0,0,0,0,6.73660011308473,0,10.4626250267029,0,0,0,87.1890029907227,51.3738772392273,12.2522066423557,0,0,0,0,0,0,0,0,0,4.75875381122936,0,0,0,47.5754013061523,0,57.3333030700684,0,10.9974533081055,0,46.8088110330943,0,20.9853465088971,57.049337387085,22.7254487496835,0,27.8081892896819,0,47.7857547941662,0,22.9788153334561,0,6.99095615326549,0,4.07779204368591,0,0,0,0,0,4.86386976170896,0,0,7.03634802915564,0,0,0,0,0,0,0,3.5776561498642,0,4.15035836223294,0,72.063455581665,0,0,0,51.5121242381908,109.881217956543,2.72984298070272,0,17.9906359708915,49.9533767700195,14.2792193548542,16.9539556100335,0
8.72648611935702,0,18.5334812072386,0,5.41659083469309,0,8.31644344329834,0,0,0,9.67249694790214,0,4.52718886174368,0,5.6943045750405,0,0,0,83.3969395955404,0,24.051053944756,0,0,0,0,0,0,0,2.74065351486206,0,0,0,0,0,0,0,44.2766159459164,0,0,0,46.2374683136636,0,33.3477605798028,0,0,0,37.4047889312108,0,16.5467551136305,0,4.82990963284562,0,2.93695139884949,0,0,0,8.00238253662515,0,0,0,6.59114805289677,0,0,20.663707654279,0,0,0,0,0,0,0,7.0997676967049,0,20.2748736654009,0,0,0,0,0,36.2079869632063,0,51.4946599440141,11.2893784812519,3.86296021938324,19.7635016827496,0,0
0,10.352833032608,0,5.49163901805878,0,10.9903697600731,0,0,0,0,0,3.98191011363062,0,5.39620161357679,0,0,0,0,0,0,0,0,0,0,0,0,0,3.33783876895905,0,0,0,0,0,0,0,0,0,0,0,0,0,0,0,0,0,0,0,0,0,8.78631311120658,0,5.81554354258946,0,3.01098212328824,0,0,0,4.86386976170896,0,0,0,2.96043372154236,0,0,0,0,0,0,0,0,3.66194842202323,0,0,0,0,0,0,0,0,0,0,0,0,0,7.46333575248718,0,0
4.24269750832164,0,16.827227410816,0,5.86894351217002,0,0,0,4.53782963577439,0,16.0232734680176,0,7.45030619014393,0,5.17717720491998,0,0,0,0,0,27.810791015625,0,0,0,13.3197972774506,0,2.94977426528931,0,0,0,0,0,0,0,0,0,55.3767505221897,0,0,0,47.0781952295548,0,48.6380102494184,0,0,0,35.8710314143788,0,11.3507148096527,0,4.51126163223493,0,0,0,6.44988374120181,0,19.4083150401711,0,6.59114805289677,0,0,0,0,19.3547779963567,0,0,0,11.8847437649965,0,5.29147186431479,0,14.9556888926704,0,22.0192125900505,0,0,0,0,0,50.2368782184742,0,49.6057401958265,23.1941785812378,0,19.4112200511067,0,69.1726055145264
0,5.03608472872589,0,3.93138867266038,0,0,0,0,0,3.06616910629802,0,0,0,0,0,4.01139852080015,51.1897506713867,9.63361549704042,0,0,0,19.3717498779297,0,19.1329018274943,0,5.74647703478413,0,0,0,0,0,0,0,0,0,0,0,0,0,0,0,0,0,0,0,0,0,0,0,4.71350357471368,0,8.1257700920105,0,0,0,0,0,0,0,2.96043372154236,0,0,0,0,0,0,0,0,5.60224809343853,0,2.95689964294434,0,0,0,0,0,0,0,0,0,0,0,8.07883446588429,10.1050608322538,0,0,0
0,0,0,22.8669574359232,0,36.2368396759033,0,13.6920151180691,0,0,0,11.8246580220144,0,0,0,0,0,0,40.7630773891102,5.5666218548264,0,0,0,0,0,0,0,0,0,0,0,0,0,0,0,8.4313450674001,0,0,0,15.41025499116,0,17.9066005639881,0,18.5239240206205,0,11.574463078866,0,40.9005139939328,51.5448036193848,30.8857749286273,0,0,0,0,0,0,0,7.03634802915564,0,0,0,0,0,0,0,0,0,0,0,0,0,0,7.13114953041077,0,49.3039855957031,0,0,0,12.7426156104575,84.986328125,0,84.2161560058594,9.08537939814414,0,11.8619198819811,13.7591519213434,0
32.3534781138102,0,39.4084552764893,0,20.7830638885498,0,0,0,0,0,13.9203811900716,0,26.7105979919434,0,0,0,66.4986803973163,70.8186349868774,55.6126279995359,0,9.27764233455181,0,0,0,0,0,0,0,0,0,0,0,0,0,0,0,22.2857697704699,0,35.0030580023502,81.2110341389974,14.6090563076545,72.4340614318848,33.3168153901871,0,0,61.9921951293945,15.1324115027135,0,4.8494850226811,0,18.9467609723409,0,0,0,0,0,10.8918738368639,0,20.663707654279,0,19.3547779963567,0,0,0,0,0,0,0,0,0,0,25.000099652434,0,26.3372083149196,0,40.7807865142822,0,0,96.1980606079102,23.2987957377744,0,30.0840734889319,16.4750243053436,31.0011185540093,25.4592778773886,0,40.4980274382092
0,0,0,0,0,0,0,0,0,0,0,0,0,0,0,0,0,9.748380924793,32.840586344401,0,0,4.77670355559269,6.28930891904616,3.37883281707764,0,3.92876991092182,0,5.35025894271661,0,0,0,0,0,0,0,0,0,4.30010434141699,0,0,0,24.1499032974243,0,0,0,0,0,0,0,6.12798338150852,0,0,0,0,0,0,0,0,0,0,0,0,0,0,0,11.4034080505371,3.92303189864525,0,9.24783640437656,0,5.43855338424217,0,0,0,0,0,0,0,0,0,4.12189368778849,0,7.24214646096766,0,15.4081735610962,0,0
0,0,0,0,0,0,0,0,0,0,0,0,0,0,0,0,9.31450803463276,44.2265357971191,0,0,0,6.24057684502294,4.81719791284427,0,5.39255555470784,0,0,0,3.56329131126404,0,0,0,0,0,0,0,0,0,6.69161860834298,0,0,0,0,0,0,0,0,0,16.70877567653,0,0,0,0,0,0,0,0,0,0,0,0,0,0,0,11.4034080505371,0,0,6.3997845351696,0,9.64529991149902,0,2.96022272109985,0,0,0,0,0,0,0,0,0,8.85018425727314,5.59287974176736,3.2650324864821,0,0,0
0,0,0,0,0,0,0,0,0,2.89400679186771,0,0,0,0,0,0,64.1132507324219,17.4541109800339,33.1831126742893,0,0,4.41568936941759,0,3.73990666159528,0,5.56644857834125,0,0,0,0,0,0,0,0,0,0,0,4.64137411117554,0,0,0,9.43957085079617,0,0,0,0,0,0,0,4.32793862126398,0,0,0,0,0,3.79105706512928,0,0,0,0,0,0,0,0,3.92303189864525,0,0,0,3.42473369533733,0,8.03207015991211,0,0,0,0,0,0,0,0,0,0,0,13.3575330600142,33.0051765441895,7.57590344067543,0,0
0,0,0,0,0,0,0,0,13.3660305763813,0,0,0,0,0,13.6658345135775,0,0,0,0,0,0,0,7.86971689015627,0,4.87521964647401,0,6.49400353431702,0,0,0,0,0,0,0,0,0,0,0,8.54179505547087,0,0,0,0,0,0,0,0,0,4.92020625862286,0,0,0,0,0,5.73901183075375,0,0,0,0,0,11.8847437649965,0,0,0,0,6.3997845351696,0,0,0,9.87774218972196,0,4.21025800704956,0,0,0,0,0,0,0,0,0,6.10477611292091,5.62479105293751,0,4.40392280541934,0,0
0,0,0,0,0,0,0,0,0,0,0,0,0,13.4977848346417,0,11.6777502536774,46.2748186323378,13.1503383151166,29.368292427063,0,0,11.7119203771864,0,3.37060961723328,0,6.44801345755001,0,5.17766064405441,0,0,0,0,0,0,0,0,0,0,0,0,0,0,0,0,0,0,0,0,0,0,0,0,0,0,0,0,0,0,0,0,0,5.60224809343853,0,0,9.24783640437656,0,3.42473369533733,0,0,0,4.16685908778584,0,0,0,0,0,0,0,0,0,0,0,17.9697838050518,20.6224560429973,0,0,0
0,0,0,0,0,0,0,0,16.8983459472656,0,0,0,0,0,2.81215230623881,0,16.6519182068961,33.83318456014,0,0,0,0,7.97170027819547,0,8.00559790666438,0,4.53346671446776,0,5.78918546040853,0,0,0,0,0,0,0,0,0,4.20311627123091,0,0,0,0,0,0,0,0,0,4.7004303808737,0,0,0,0,0,10.0122156937917,0,0,0,0,0,5.29147186431479,0,0,0,0,9.64529991149902,0,9.87774218972196,0,0,0,4.84111037552357,0,0,0,0,0,0,0,0,0,3.7856920560201,9.3949677567733,0,6.91445453142382,0,0
0,0,0,0,0,0,0,0,0,0,0,0,0,3.43244904279709,0,0,0,7.34179911017418,0,0,0,3.95551061630249,0,0,0,3.71448556582133,0,3.70060072088112,0,4.99431263941985,0,0,0,0,0,0,0,0,0,0,0,0,0,0,0,0,0,0,0,4.58978617602381,0,0,0,0,0,0,0,3.5776561498642,0,3.66194842202323,0,2.95689964294434,0,0,5.43855338424217,0,8.03207015991211,0,4.16685908778584,0,0,0,5.53345786684599,0,0,0,0,0,0,0,3.66853839793104,0,5.33550785569584,3.7575626373291,0,0,0
36.0384414672852,0,33.5248378117879,0,0,0,0,0,0,0,4.54140354085852,0,6.8214467048645,0,0,0,67.5941696166992,0,50.7188758850098,0,29.0649421811104,0,5.46599779129028,0,0,0,4.33433330059052,0,4.43604060444163,0,6.87751269340515,0,0,0,0,0,53.1320533752441,0,5.15947658675058,0,61.3128494262695,50.1389999389648,20.8330695252669,0,0,0,44.8285414955833,0,4.60388269798815,0,38.6808662414551,0,0,0,0,0,7.0643547640388,0,7.0997676967049,0,14.9556888926704,0,0,25.000099652434,0,2.96022272109985,0,4.21025800704956,0,4.84111037552357,0,0,0,8.41197896003723,0,0,0,0,0,55.100995877894,0,51.0812177975972,35.0869464874268,0,19.3215600649516,0,18.1642540332883
0,13.665843963623,0,32.6119677225749,0,0,0,0,0,0,0,6.86594732602437,0,0,0,0,0,0,67.1765060424805,0,0,0,0,0,0,0,0,7.65474707276558,0,5.8426590916378,0,0,0,0,0,0,0,4.56388629566539,0,54.2542528424944,0,24.4732137123744,0,0,0,36.670877456665,0,51.2225666046143,0,28.2200655937195,0,0,0,0,0,0,0,4.15035836223294,0,0,0,0,7.13114953041077,0,0,0,0,0,0,0,5.53345786684599,0,0,0,0,0,0,0,59.3802528381348,0,4.97379805375864,0,31.3088054656982,0,6.18796266650702,18.7404260635376,0
33.6017262776693,0,32.2952083125259,0,0,0,0,0,41.3869094848633,0,16.2119991982237,0,0,0,0,0,56.6757804646211,77.725959777832,58.5676948264793,0,23.9998508394755,0,0,0,0,0,0,0,9.81163984186509,0,6.34477090432383,0,0,0,0,87.6142883300781,53.6054880478803,0,17.8899599780207,71.1511459350586,60.6574045817057,82.186243057251,17.6238998892843,0,0,64.0923004150391,44.536292526457,84.5301361083984,20.9685638091143,0,43.5215559005737,0,0,0,0,0,11.1172651050076,0,20.2748736654009,0,22.0192125900505,0,0,26.3372083149196,0,0,0,0,0,0,0,8.41197896003723,0,0,0,0,0,0,93.5533752441406,56.1510452278077,0,23.6096218861351,33.3946922989635,37.3728103637695,20.2883974342452,0,18.5655081994015
0,0,0,40.8140274047852,0,55.1135622660319,0,0,0,0,0,0,0,0,0,0,79.7902198791504,74.7290743873233,54.9736647848356,63.2271270751953,84.3563995361328,0,0,0,0,0,0,0,0,0,0,3.96338940518243,6.62107218106588,5.9625437151302,0,7.67839346183446,35.6148114204407,0,0,46.3979706650689,0,29.9765409724728,47.7318025316511,48.1483612060547,0,24.8360330760479,74.4183158874512,7.89279572498749,28.1781499862671,30.9318368661971,0,0,0,0,0,0,0,72.063455581665,0,0,0,0,49.3039855957031,0,0,0,0,0,0,0,0,0,0,0,0,0,3.91279955705007,0,7.10568289777397,34.5056582556831,0,83.4522476196289,40.7526017476435,0,36.7350464200349,38.8561346871512,73.7617950439453
0,0,0,0,0,0,0,0,0,0,0,0,0,0,0,0,0,0,0,0,0,0,0,0,0,0,0,0,0,0,0,15.4205302350661,4.47767067622472,0,0,0,5.58253336615033,0,0,0,44.7432880401611,0,0,0,0,0,0,7.05704213666013,7.31579483879937,0,0,0,0,0,0,0,0,0,0,0,0,0,0,40.7807865142822,0,0,0,0,0,0,0,0,0,0,0,0,0,3.63036717971166,0,23.2528609715284,0,0,8.25923295471799,0,0,0,0
0,0,0,0,0,0,0,0,0,0,0,0,0,0,0,0,0,0,0,0,0,0,0,0,0,0,0,0,0,0,0,3.56635767898776,0,6.9990257515751,7.98640978998608,10.006034783463,14.6281612873077,9.42691903644138,0,0,0,0,0,0,0,0,0,4.98365607211987,0,3.60599936379327,0,0,0,0,0,0,0,0,0,0,0,0,0,0,0,0,0,0,0,0,0,0,0,0,3.91279955705007,0,0,13.5233412349925,9.66011228379996,0,16.87890625,0,12.1911081549421,0,12.4464645385742,0,0
0,0,0,0,0,0,0,0,0,0,0,0,0,0,0,0,0,0,0,0,0,0,0,0,0,0,0,0,0,0,0,0,4.1271089553833,9.42013412934763,4.72188687303103,0,4.26124165058136,0,5.41176227937665,0,0,19.7662029266357,0,0,0,0,0,6.69533051988353,8.04531790827313,0,0,0,0,0,0,0,0,0,0,0,0,0,0,0,0,0,0,0,0,0,0,0,0,0,0,3.63036717971166,13.5233412349925,0,0,8.18561433512589,0,5.09148687602364,10.6164981734996,0,0,0,0
