0,0,0.000313970912094925,0,0,0,0,0,0.00763860935178025,0,0,0,0,0,0,0,3.85750673344493e-05,3.94296259725972e-05,0.00192964212406634,0,0,0,0,0,0.00345407192619562,0,0,0,0,0,0,0,0,0,0,0,0,0,0.000507373125711786,0,0,8.84592462612339e-06,0.00283594198001702,0,0,0,0,0,0.0126468263773787,0,0.000113755527424523,0,0,0,0.0161966670985118,0,0.00126764196816691,0,9.25522772763623e-05,0,0.000913400158069681,0,0,0,0,1.17785444462424e-05,0,0.00202308533800951,0,5.34371177366936e-05,0,1.34294483297328e-05,0,0.000281194018666279,0,0,0,0,0,0,0,0.000146659881813685,8.49598160274885e-05,8.64959898083748e-06,0.0162037036633669,0,4.1534102882234e-05
0,0,0,0.0165522408080406,0,0,0,0,0,0.028415484140096,0,0,0,0,0,0,0,0,0.00034006308472508,0,0,0,0,0,0,0,0,0,0,0,0,0,0,0,0,0,0,8.50806326457842e-06,0,0.000202219622520478,0,0.0019600835398494,0,0,0,0,0,0.000164011134450815,0,0.024567376597074,0,0,0,0,0,0.0387947479861871,0,0,0,0,0,0.0010113422990682,0,0,0,0,0.00110871692719914,0,0,0,3.7009569401684e-05,0,0.000168845883332148,0,0,0,0,0,0,0,1.7964524770102e-05,0,0.000276342963119423,0,0.00473134873975235,0,0
0.000313970912094925,0,0,0,0.000287694186714427,0,0,0,0.00150838122223968,0,0,0,0,0,0,0,0,0,7.37662341071619e-05,0,0,0,0,0,0.000289738518324673,0,0,0,0,0,0,0,0,0,0,0,1.26710120099591e-05,0,5.62923556078506e-05,0,0,5.53744391152099e-05,0.00156649387293392,0,0,0,0.000125584106027577,0,0.00925849834918771,0,0.000342749737733403,0,0,0,0,0,1.91033749755857e-05,0,0,0,0,0,0,0,0,0,0,0.000168271803982052,0,0,0,0.000817066508015474,0,0.00258051349665255,0,0,0,0,0,3.10518825512677e-05,0,0.000140010723900286,8.49159714247267e-05,0,0.00256840411600295,0,0.000325952608443827
0,0.0165522408080406,0,0,0,0.00529199197241008,0,0,0,0.0321805562712144,0,0,0,0,0,0,0,0,0.000122901597156257,0,0,0,0,0,0,0,0,0,0,0,0,0,0,0,0,1.79540145843198e-05,0,5.07621731418465e-05,0,0.000225622931851919,0,0.0049735328759338,0,0,0,0.000642609966681139,0,3.34475022905423e-05,0,0.00935294411988055,0,0.0159312553511577,0,0,0,0.0161640982722055,0,0.00525604034792154,0,0.00329449201426788,0,0.0104535406332916,0.000207696319589185,0,1.11042413073331e-05,0,0,0,9.45714153749166e-05,0,0.00267265985295328,0,0.00727124632295295,0,0,0,0,0,1.80696986430004e-05,0,0.000559316887374227,2.14820079386701e-05,0.000291452570402768,2.17766540373744e-06,0.0037327025782985,0.000126124822035025,0
0,0,0.000287694186714427,0,0,0,0,0,0.00259509115635574,0,0,0,0,0,0,0,0,0,0,0,0.00110400807868153,0,0,0,0,0,0,0,0,0,0,0,0,0,0,0,1.53671846824915e-05,0,3.07885260717708e-06,0.000119094230182151,0,0,0.000455316418947938,0,0,0,0.000650107133173844,0,0.000312079744615334,0,0.0390511799394922,0,0,0,0.00159563305276098,0,0.000918747027656954,0,0.00744630713031987,0,0.00618886184621264,0,0,0.000889869416531737,0,5.82879807592629e-06,0,0,0,0,0,0.000373381145717234,0,0.000602820344874413,0,0,0,0,0,0,0,3.61129866954309e-05,7.49348415473712e-05,0,0.00517852611443511,0,0
0,0,0,0.00529199197241008,0,0,0,0.0140019757085214,0,0,0,0,0,0,0,0.00274143212654111,0,0,0.00021205254773786,0.00209574976045709,0,0,0,0,0,0,0,0,0,0,0,0,0,0,0,0.000736125544030734,0,2.27296496665231e-06,0,0.000326065134051683,0,0.00182712599477514,0,0,0,0.000709181508703493,0.000255795378484414,0,0,0.000135687077130521,0,0.178917401200735,0,0.00669254469778734,0,5.46845579414632e-05,0,0.000653144225616371,0,0,0,0.000858603622401618,0.00124701558645815,0,0,0,0,0,0,0,0.000644422283663092,0,0.00193398596449221,0,0,0,0,0,0.000172753177655955,2.37748594167197e-05,0.000196838766274582,2.76503489602677e-06,0.00234368041881959,1.86434090599587e-05,0.00258741026543576,0,0
0,0,0,0,0,0,0,0,0,0,0.0031174950406274,0,0,0,0,0,0,0,0,0,0,0,0,0,0,0,0,0,0,0,0,0,0,0,0,0,0.000136050045115436,0,0,0,0,0,0,0,0,0,0,0,0,0,0.0066016179138753,0,0.0163294652784993,0,0,0,0.000462336454657118,0,0,0,0,0,0,0,0,0,0,0,0,0,0,0,0,0,0,0,0,0,0,0.00015481001061176,0,0,0.000151009562566035,0,0,0,0
0,0,0,0,0,0.0140019757085214,0,0,0,0,0,0.012424117871391,0,0.000167056467034854,0,0,0,0,0,0,0,0,0,0,0,0,0,0,0,0,0,0,0,0,0,0.000108053992938475,0,0,0,0,0,0,0,0,0,0,0,0,0,0,0,0.00267726414406291,0,0.0278105993948289,0,0,0,0.00376641497191991,0,0,0,0,0,0,0,0,0,0,0,0,0,0,0,0,0,0,0,0,0,0,0,0,0.000741615950553449,0,0,0,0
0.00763860935178025,0,0.00150838122223968,0,0.00259509115635574,0,0,0,0,0,0,0,0,0,0.00616019735416379,0,0.00327087391647884,0.000314970876327904,0.000695124862892837,0,0,0,0,0,0.0134197173878426,0,0.00116841494870562,0,0,0,0,0,0,0,0,0,0,0,0.00107374995216664,0,0,0,0.000542899023771123,0,9.68163250206315e-05,0,0.000492301908132204,0,0,0,0,0,0,0,0.131643906468615,0,2.24079267398241e-05,0,6.01637285350606e-05,0,0.0469762247845063,0,0,7.92988505885564e-05,0,2.81644497296396e-05,0,0.0162871820220559,0,0.0172363765570787,0,0.000101177314736351,0,0.00011840703735199,0,0,0,0,0,0,0,0.00084221789779736,0.00296307592175651,0.00039007744581926,0.00106646312520551,0,0.000105025584953868
0,0.028415484140096,0,0.0321805562712144,0,0,0,0,0,0,0,0,0,0,0,0.00339907823684368,0,0.000101369520721519,0,0,0,0,0,0.00289038779786161,0,0,0,0,0,0,0,0,0,0,0,0,0,0.000309298760753888,0,0,0,9.29089918929427e-05,0,0,0,0,0,0,0,0.000491650049340443,0,0,0,0,0,0.111220943363554,0,0,0,0,0,0.00232846008370712,0,0,0,0,0.00711079131792323,0,0,0,4.28496127872685e-05,0,0.000273174816788128,0,0,0,0,0,0,0,0.000634347483322592,0,0.00248852358172179,0.000269417210303504,0.000688366988213766,0,0
0,0,0,0,0,0,0.0031174950406274,0,0,0,0,0,0.000280665712194614,0,0,0,0,0,0,0,0.00406568397624621,0,0,0,0,0,0,0,2.35710738326653e-05,0,0.000759773614007247,0,0,0,0,0,0.00316373694270836,0,0.00544056433416813,0,0,0,0,0,0,0,0,0,0,0,0,0,0.00310560880880768,0,0,0,0.103543411316395,0,0.00043733272110518,0,0,0,0,0.000422238947207086,0,0,0,0,0,0,0,0.00425485793794955,0,0.0139691953474203,0,0,0,0,0,5.8654552446467e-05,0,0.000304380501142546,0.000649625170783305,3.54983954642006e-05,5.93957140349018e-05,0,0
0,0,0,0,0,0,0,0.012424117871391,0,0,0,0,0,0,0,0,0,0,0,0.0623497843146215,0,0,0,0,0,0,0,3.16032961559468e-05,0,0.0144865899560837,0,0,0,0,0,0.000260925828812231,0,0.0112926494390605,0,0,0,0,0,0,0,0,0,0,0,0,0,0,0,0.00101980786231105,0,0,0,0.0686331860390354,0,0.00157084875226331,0,0,0.0275165802608139,0,0,0,0,0,0,0,0.000208319831875872,0,0.00867654972192896,0,0,0,0,0,2.48680409296377e-05,0,0.00153347719375689,0,0.00049186857150831,0,8.72061506659058e-06,0,0
0,0,0,0,0,0,0,0,0,0,0.000280665712194614,0,0,0,0.0102495735357456,0,0,0,0,0,0,0,0,0,0,0,0,0,9.04445332707837e-05,0,0,0,0,0,0,0,0,0,0,0,0,0,0,0,0,0,0,0,0,0,0,0,0,0,0,0,0,0,0.0074225558911292,0,3.9494542698415e-05,0,0,0,0,0,0,0,0,7.46847590102229e-05,0,0.00604618552959628,0,0,0,0,0,0,0,0,0,0,0.000119089082720731,1.15739403554471e-05,2.78666799963449e-05,0,0
0,0,0,0,0,0,0,0.000167056467034854,0,0,0,0,0,0,0,0.0205683334707394,0,0,0,0,0,0,0,0,0,0,0,0.000124992184282746,0,0,0,0,0,0,0,0,0,0,0,0,0,0,0,0,0,0,0,0,0,0,0,0.000269959673093362,0,0.000654236166155897,0,0,0,0.000541866656516524,0,0.0203632391285404,0,0.00809561188997518,0,0,0,0,0,0,0,0,4.32788037869614e-05,0,7.70406777201443e-05,0,0,0,0,0,0,0,0,0,3.95745960175356e-05,0.000118218829108084,0,0,0
0,0,0,0,0,0,0,0,0.00616019735416379,0,0,0,0.0102495735357456,0,0,0,0.00483859881548993,0,0,0,0,0,0,0,0.000687011539052935,0,0,0,0,0,0,0,0,0,0,0,0,0,0,0,0,0,0,0,0,0,0,0,0,0,0.000760520503438895,0,0,0,0.00180112972819285,0,0,0,0.0029792782487704,0,0.0427735320256191,0,0,0,0,0,0,0,0,0.0100033619886441,0,0,0,0,0,0,0,0,0,0,0,0,0.000504646775772598,0.00011665552849648,0,0,0
0,0,0,0,0,0.00274143212654111,0,0,0,0.00339907823684368,0,0,0,0.0205683334707394,0,0,0.000455417472642748,0.00970093457144905,2.90676597899265e-05,0,0,0,0,0,0,0,0,4.54774960463031e-05,0,0,0,0,0,0,0,0,0,0,0,0,0,0,0,0,0,0,0,0,0,0,0,0,0,0,0,0.00878482898867243,0,0,0,0.00562212070370601,0,0.0128063746004678,0,1.87182479329852e-05,0,0,0,0,0,0,0,0,0,0,0,0,0,0,0,0,0,0,0.000533846040378709,1.62656677162255e-05,0,0,0
3.85750673344493e-05,0,0,0,0,0,0,0,0.00327087391647884,0,0,0,0,0,0.00483859881548993,0.000455417472642748,0,0.109499339604086,0.0470631517562923,0,0,7.58456083124605e-05,0.00234677234960527,0.000174015244004139,0.00290964866038392,2.65523796508576e-05,0.0192275000498564,3.48529060367059e-05,0.00179616821778517,0,0,0,0,0,0,8.80402120082791e-05,1.83885916466954e-05,2.84245552907236e-05,2.54618822928684e-06,0.00138813517469687,0.000144223488025208,0.00053538668557071,0.000869945487071408,5.0065912448937e-06,0.000268734955898533,0.000219797720319789,0.00102667495344947,0,0,4.38397572620454e-05,0,0,0,0,0,0,0,0,0,0,0.000110241985046497,0,0.000138802646303498,0.000123269423463533,1.57607077937594e-06,8.59923120507221e-05,8.5004361049682e-05,0,0,0.00145838060695563,1.0211177244367e-05,3.72038904094779e-05,3.72412755317733e-05,0.000233696983390118,0,0,7.47942953607122e-06,0,0.000617584880024263,0.0005026199429545,0.000351978750202331,0.000252354793312297,0.0358567675780577,0.0189204544427359,0.000965562809505814,0.000454546733443169,0.000602656063279609
3.94296259725972e-05,0,0,0,0,0,0,0,0.000314970876327904,0.000101369520721519,0,0,0,0,0,0.00970093457144905,0.109499339604086,0,0.0390783806465711,0,0,0.00218406749490487,0,0.00274178821578172,0,0.0164241247554054,8.82917202878796e-05,0.00132973435769181,0,0,0,0,0,0,0,3.91229156765851e-05,4.41944675556958e-06,1.90954567081542e-05,1.54064104332987e-05,0.00083057394628469,0,0.000714637652908803,0.00040436357816434,5.98099319309197e-05,8.656035367452e-05,0.000238589582348051,0.000422179031307978,0,0,4.41221911631906e-05,0,0,0,0,0,5.5894316982922e-05,0,0,0,0,0,0,8.89003356326079e-05,9.74565206609239e-05,0.00163697894672367,0,0.00178296357509006,0,0.0103080797673609,0,5.52243276923174e-05,0,2.7648670866592e-05,0.000108938037762188,0,0,2.87029372480943e-05,0,0.000325791756484347,0.000164413013238359,0.000227464014564267,6.02075629372819e-05,0.0355515831145037,0.0169017941512677,0.000343325348945248,0.00072954663327821,9.15914326076581e-05
0.00192964212406634,0.00034006308472508,7.37662341071619e-05,0.000122901597156257,0,0.00021205254773786,0,0,0.000695124862892837,0,0,0,0,0,0,2.90676597899265e-05,0.0470631517562923,0.0390783806465711,0,0,0,0,2.44692991263223e-06,5.45305115540705e-05,0,0,0.0002510922309284,0,0,0,0,0,0,0,0,0.000664415091631394,0.000288243298636582,0.000227985567631905,0.000321994257675103,0.018893614074224,0.00116919888401167,0.0176022360638807,0.014888359229699,0.00339689017529829,0.00466966962805903,0.00402400908031793,0.0188890940825664,0.000124336968371185,0.000238825996337678,0.00309386660242119,0,4.46068577527651e-05,0,0,0,0.000127974909595731,0.000203046824750242,0.000431262154962804,5.95857195298999e-06,0.000107254946014984,0,4.18202355311793e-05,0.00224247879813328,0.00215060305398342,1.62274384221568e-05,9.6631367397953e-06,4.73230398028746e-05,0,0,3.78809721392572e-05,0.00236193909402133,0.000513576334462836,0.00571087552201199,0.00384888618382271,0,0,0.000379015536745716,0,0.00671642934330424,0.00525900133294713,0.0116466700939862,0.0024406447477429,0.0121776468384689,9.79484616780201e-05,0.0174241583222794,0.0105335341606797,0.00549861839892954
0,0,0,0,0,0.00209574976045709,0,0,0,0,0,0.0623497843146215,0,0,0,0,0,0,0,0,0,0,0,0,0,0,0,0,0,0,0,0,0,0,0,0.00613296870230585,0,0.000262037798637177,0,0,0,0,0,0,0,0.000352071010726485,0,0,0,0,0,0.000215841638683989,0,0,0,0,0,0.00287587435207523,0,0,0,0,0.0701203912992339,0,0,0,0,0,0,0,0,0,0.000155591263620447,0,0,0,0,0,0.00163375614127772,0,0.000248843377497498,0,8.23207952211226e-05,0,2.04029805664556e-05,0,0
0,0,0,0,0.00110400807868153,0,0,0,0,0,0.00406568397624621,0,0,0,0,0,0,0,0,0,0,0,0,0,0,0,0,0,0,0,1.45731511915978e-05,0,0,0,0,0,0.0102569501123228,0,0.00216194010878944,0,0,0,8.67190215577179e-05,0,0,0,0.000247894272901445,0,0.000200926705402374,0,0,0,0,0,0,0,0.011862368809659,0,0.000125857533016195,0,0,0,0,0.0447504590708484,0,0,0,0,0,0,0,0.000172877955584807,0,0.00271003097355176,0,0,0,0,0,0.00365159967343647,0,0.00052326779112499,0.000718121249531555,0,0.00238273445734862,0,0
0,0,0,0,0,0,0,0,0,0,0,0,0,0,0,0,7.58456083124605e-05,0.00218406749490487,0,0,0,0,0.00484304051890614,0.00164874490630742,0,0.00054880121302026,0,0.000619609829992578,0,0,0,0,0,0,0,0,0,0.0125024597728602,0,0,0,0,0,0,0,0,0,0,0,0.00184843722497329,0,0,0,0,0,0,0,6.54362405376203e-05,0,6.56131592695989e-05,0,0,1.50447241500547e-05,0,0.166671854947349,2.81523607554846e-05,0.00222646648188641,0,0.00406406389147977,0,0.000633082264736963,0,0,0,0,0,0,0,0,0,0.00192491296599828,0,0.00750838949032435,0.00415458817853618,8.82287963372661e-06,0,0
0,0,0,0,0,0,0,0,0,0,0,0,0,0,0,0,0.00234677234960527,0,2.44692991263223e-06,0,0,0.00484304051890614,0,5.80996503422694e-05,0.00385607467791443,0,0.000833599420349604,0,0.00261099944128565,0,0,0,0,0,0,0,3.20249949203159e-06,0,0.0077886733919829,0,0,0,4.19735506754084e-05,0,0,0,5.02192909026224e-06,0,0.000317783922519682,0,0,0,0,0,0,0,0.000181506284388275,0,0.000101945426439389,0,0,0,0,4.9985338468378e-05,0.00052576770413982,0.175457846291382,0,0.00163341855243728,0,0.00208605873625234,0,0.0033321396281504,0,6.44349105268183e-06,0,0,0,0,0,8.69609526662095e-06,0,0.00399779195079137,0.00718348242571087,0.0031767181162696,8.00050247540761e-05,0,1.21440553963451e-05
0,0,0,0,0,0,0,0,0,0.00289038779786161,0,0,0,0,0,0,0.000174015244004139,0.00274178821578172,5.45305115540705e-05,0,0,0.00164874490630742,5.80996503422694e-05,0,0,0.0141287108155199,0,0,0,0,0,0,0,0,0,0,0,0.00326767404976577,0,0,0,0,0,0,0,0,0,0,0,0,0,0,0,0,0,0.00719209898699668,0,0.000429810556805185,0,0.000707227195953197,0,0.000553847698911598,4.97010356963904e-05,0,0.00326268159181692,0,0.0535453184930927,0,0.0219690245636604,0,0,0,0,0,0,0,0,0,0,0,0.00250217058724138,0,0.000821820004242203,0,3.29414968597031e-05,0,0
0.00345407192619562,0,0.000289738518324673,0,0,0,0,0,0.0134197173878426,0,0,0,0,0,0.000687011539052935,0,0.00290964866038392,0,0,0,0,0,0.00385607467791443,0,0,0,0.0278291121158836,0,0,0,0,0,0,0,0,0,0,0,0.00735334837359715,0,0,0,4.20571969064293e-05,0,0,0,1.32163568705075e-05,0,5.59760876997478e-05,0,0,0,0,0,0.0128367360925809,0,0.000569114879457806,0,0.000536922874293716,0,0.0110305685768504,0,0,0.000224372701809282,0,0.00172650736473361,0,0.103305570593516,0,0.154787551387451,0,0.00186217305685144,0,0,0,0,0,0,0,5.28362709980521e-06,0,0.00310847827690389,0.000590618500937775,7.90503523354401e-06,0.000116160837998536,0,0
0,0,0,0,0,0,0,0,0,0,0,0,0,0,0,0,2.65523796508576e-05,0.0164241247554054,0,0,0,0.00054880121302026,0,0.0141287108155199,0,0,0,0.00269216389644351,0,0,0,0,0,0,0,0,0,0,0,0,0,0,0,0,0,0,0,0,0,0,0,0,0,0,0,0,0,0,0,0,0,0.000122530631164554,0,0,0.000708364077090563,0,0.0140140171748957,0,0.0226178525516769,0,0.00117143162484984,0,0,0,0,0,0,0,0,0,0,0,0.000460420361212374,2.06442222918969e-06,0,0,0
0,0,0,0,0,0,0,0,0.00116841494870562,0,0,0,0,0,0,0,0.0192275000498564,8.82917202878796e-05,0.0002510922309284,0,0,0,0.000833599420349604,0,0.0278291121158836,0,0,0,0.00738246365053594,0,0,0,0,0,0,0,0,0,0,0,0,0,0,0,0,0,0,0,0,0,3.01999260255317e-05,0,0,0,0.00194082096198811,0,0.0001299589670204,0,0.000110847857290122,0,0.00196377803920638,0,0,0,0,0.00704027329466839,0,0.00465622961481824,0,0.0327182276921138,0,0.00555979366273129,0,0,0,0,0,0,0,2.61406581041583e-06,0,7.712613369636e-06,0.000348512483734164,1.63607415912826e-05,4.73650472040228e-05,0,0.000227266994209115
0,0,0,0,0,0,0,0,0,0,0,3.16032961559468e-05,0,0.000124992184282746,0,4.54774960463031e-05,3.48529060367059e-05,0.00132973435769181,0,0,0,0.000619609829992578,0,0,0,0.00269216389644351,0,0,0,0.0136174543430047,0,0,0,0,0,0,0,0,0,0,0,0,0,0,0,0,0,0,0,0,0,0,0,0,0,0,0,5.23643912055567e-05,0,0.00187726755345872,0,0,0,0,0.00033186819725987,0,0,0,0.0022939266433235,0,0.053638578218456,0,0.000772526289191066,0,0,0,0,0,0,0,0,0,0.000287568799053555,4.17146520986771e-05,0,0,0
0,0,0,0,0,0,0,0,0,0,2.35710738326653e-05,0,9.04445332707837e-05,0,0,0,0.00179616821778517,0,0,0,0,0,0.00261099944128565,0,0,0,0.00738246365053594,0,0,0,0.00389005360912326,0,0,0,0,0,0,0,0.00278505036710056,0,0,0,0,0,0,0,0,0,0,0,0,0,0,0,0,0,0,0,0,0,0,0,0,6.87132464822625e-06,0,0.00389001450484089,0,0,0,0.00221010527882852,0,0.0387136981448013,0,0.00011443165189648,0,0,0,0,0,0,0,0,0.000503607340940731,0.000387129120937262,2.43031353079762e-05,0,0
0,0,0,0,0,0,0,0,0,0,0,0.0144865899560837,0,0,0,0,0,0,0,0,0,0,0,0,0,0,0,0.0136174543430047,0,0,0,0,0,0,0,3.73948535437401e-05,0,0.00753313697727835,0,0,0,0,0,0,0,0,0,0,0,0,0,0,0,0,0,0,0,0.0033973714450195,0,0.000769137221751599,0,0,0,0,0,0,0,0,0,0,0.0188502465023347,0,0.0992057734645391,0,0,0,0,0,0,0,0.00336451727667436,0,0.000137010851550316,0,0,0,0
0,0,0,0,0,0,0,0,0,0,0.000759773614007247,0,0,0,0,0,0,0,0,0,1.45731511915978e-05,0,0,0,0,0,0,0,0.00389005360912326,0,0,0,0,0,0,0,0,0,0.00711733304906049,0,0,0,0,0,0,0,0,0,0,0,0,0,0,0,0,0,0.000578173370697705,0,0,0,0,0,0,2.37376073549747e-05,0,0,0,0,0,0,0,0.0240379480792583,0,0.0730525660177845,0,0,0,0,0,0,0,0.000118880871683514,0.00013308171482264,7.3823557548971e-05,0,0,0
0,0,0,0,0,0,0,0,0,0,0,0,0,0,0,0,0,0,0,0,0,0,0,0,0,0,0,0,0,0,0,0,0.075290879704011,0.000438134175260161,0.00124505549513173,0.00703967803943278,0.000254546160868811,0,0,0,0,0,0,0,0,0,0,0.112909041010659,0.00493971994024729,0,0,0,0,0,0,0,0,0,0,0,0,0,0,0,0,0,0,0,0,0,0,0,0,0,0.0404377800974139,0.04102724554719,0.0142208156553643,0.000260845313593265,0.00400115070853339,1.97828942527442e-05,0,0,0.00176012697291592,0,0,0,0
0,0,0,0,0,0,0,0,0,0,0,0,0,0,0,0,0,0,0,0,0,0,0,0,0,0,0,0,0,0,0,0.075290879704011,0,0.000859369881466121,0.00168645149818911,0.000702492044514543,0.00812101244717035,0,0,0,0,0,0,0,0,0,0,0.0351121848776935,8.30421782183153e-05,0,0,0,0,0,0,0,0,0,0,0,0,0,0,0,0,0,0,0,0,0,0,0,0,0,0.00747321335139661,0.0979545101725558,0,0.0149000338980231,0.000190460532624725,0.00244748998483234,0,0,0.000186646449058482,0,0,0,0
0,0,0,0,0,0,0,0,0,0,0,0,0,0,0,0,0,0,0,0,0,0,0,0,0,0,0,0,0,0,0,0.000438134175260161,0.000859369881466121,0,0.0831431254086052,0.00672637115842748,0,0.00313089976796809,0,0,0,0.000103678009644385,0,0,0,0,0,0.00625765097713026,0,0.000340231185783996,0,0,0,0,0,0,0,0,0,0,0,0,0,0,0,0,0,0,0,0,0,0,0,0,0,0,0.188260664708333,0.0330044234648071,9.25006456890189e-05,1.90554246721473e-06,0.0016649756905495,3.88138849102415e-05,0.00256040221105588,0.000210284176996142,0,0,0
0,0,0,0,0,0,0,0,0,0,0,0,0,0,0,0,0,0,0,0,0,0,0,0,0,0,0,0,0,0,0,0.00124505549513173,0.00168645149818911,0.0831431254086052,0,0,0.00544023293994929,2.96778825923238e-05,0.0012459709679725,0,0,0,0,0,0,0,0,0.0603975498486112,0.000198597115238805,0,0,0,0,0,0,0,0,0,0,0,0,0,0,0,0,0,0,0,0,0,0,0,0,0,0,4.927537432214e-05,0.064817938262632,0.124547379666588,0,0.00295391779175117,3.18433041156473e-05,0.00494980481431342,0.000457630533937333,5.5174412242291e-06,0,0,0
0,0,0,1.79540145843198e-05,0,0.000736125544030734,0,0.000108053992938475,0,0,0,0.000260925828812231,0,0,0,0,8.80402120082791e-05,3.91229156765851e-05,0.000664415091631394,0.00613296870230585,0,0,0,0,0,0,0,0,0,3.73948535437401e-05,0,0.00703967803943278,0.000702492044514543,0.00672637115842748,0,0,0.00440624416817506,0.0139193693467838,0,7.72382615023675e-05,0,0.000537865408190372,2.394559507323e-05,1.25485087381895e-05,2.59182910960611e-06,0.00171667868654137,2.79846120890194e-05,0.0027398977678752,0,9.16771335292466e-05,0,0.000247579764690533,0,1.10928853870698e-05,0,3.51336969098994e-06,0,0.000102439628133497,0,2.86512771410303e-06,0,1.98274680060197e-06,0.0164865443840532,0,0,0,0,0,0,0,0,0,7.16263376493932e-06,1.93716495453186e-06,0.0101914371285035,0.000108064289948291,0.0106246195475913,0,0.0979441553539422,0.000686747736400885,0.0172706469721037,0,0.0110490560554624,0.00041147243289136,0.00196086217856681,0.0001886859127141,0
0,0,1.26710120099591e-05,0,1.53671846824915e-05,0,0.000136050045115436,0,0,0,0.00316373694270836,0,0,0,0,0,1.83885916466954e-05,4.41944675556958e-06,0.000288243298636582,0,0.0102569501123228,0,3.20249949203159e-06,0,0,0,0,0,0,0,0,0.000254546160868811,0.00812101244717035,0,0.00544023293994929,0.00440624416817506,0,0,0.0086533768600174,0,1.38019040697814e-05,1.16471921629991e-06,0.00122644538790354,0,4.0681113200378e-05,4.77655777266026e-06,0.000329434805799983,0.000396297486826207,0.000164340255554916,0,4.14378121642851e-05,0,0,0,0,0,0.00203044865625864,0,2.23909798912773e-05,0,0,0,0,0.0089875908211256,0,1.69128158707636e-06,0,0,0,2.55584097912012e-06,0,9.09944631424881e-05,0,2.94558879252333e-05,0.000685611222015153,0.00764756455908991,2.27722382543051e-06,0.00399266722233483,0.000906219103107188,0.106990573020848,8.00796865396388e-06,0.0233429372699479,0.00772277897688309,0.00051116450338789,0.0019027098687993,0,0.000749275933128195
0,8.50806326457842e-06,0,5.07621731418465e-05,0,2.27296496665231e-06,0,0,0,0.000309298760753888,0,0.0112926494390605,0,0,0,0,2.84245552907236e-05,1.90954567081542e-05,0.000227985567631905,0.000262037798637177,0,0.0125024597728602,0,0.00326767404976577,0,0,0,0,0,0.00753313697727835,0,0,0,0.00313089976796809,2.96778825923238e-05,0.0139193693467838,0,0,0.00343683347671975,2.33392479727998e-05,0,0.000235374322541561,1.79331265661832e-06,1.54273729380897e-05,0,0.000277438479848023,0,0.00804467569333005,0,0.00644693091022763,0,0,0,0,0,0.000776868229295118,0,0.00317619790194815,0,4.73501636183459e-06,0,0,0.0013890396735948,0,0.0118224191487391,0,0.0084503226836743,0,6.8869314833069e-05,0,1.12340532046611e-05,0,0.00543961440321347,0,0,0,0.000633947850184068,2.25008308204222e-05,0.00526654244613578,0,0.128788044983628,0.000901501004298916,0.00560584272375116,0.00103292164920737,0.00146330292369675,9.2800637524935e-05,0
0.000507373125711786,0,5.62923556078506e-05,0,3.07885260717708e-06,0,0,0,0.00107374995216664,0,0.00544056433416813,0,0,0,0,0,2.54618822928684e-06,1.54064104332987e-05,0.000321994257675103,0,0.00216194010878944,0,0.0077886733919829,0,0.00735334837359715,0,0,0,0.00278505036710056,0,0.00711733304906049,0,0,0,0.0012459709679725,0,0.0086533768600174,0.00343683347671975,0,1.48612019685614e-05,6.64094357852042e-06,0,0.00109463437032278,0,2.64735555426854e-05,0,0.000489910456878737,0.0191740199984944,0.0016259366410182,3.35457867399014e-06,4.02051249571834e-05,0,0,0,0.00017186043552482,0,0.0058655942055302,0,4.87400083859518e-05,0,0,0,0,0.00449680547529453,0,0.00659061025239914,0,0.00825441898605987,0,2.4801792175029e-05,1.26885766716723e-05,0.00349811827497059,4.83953081647649e-06,0.00749458803099141,0,0,0,0.000986781921176275,0,0.00211700962054811,0.00107466477366343,0.143261859437786,0.00444817901076442,0.000686424331513756,0.00105530985304285,0,0.000500425249348148
0,0.000202219622520478,0,0.000225622931851919,0.000119094230182151,0.000326065134051683,0,0,0,0,0,0,0,0,0,0,0.00138813517469687,0.00083057394628469,0.018893614074224,0,0,0,0,0,0,0,0,0,0,0,0,0,0,0,0,7.72382615023675e-05,0,2.33392479727998e-05,1.48612019685614e-05,0,0,0.0926682145380176,0.000608067738283122,0.00444177630978782,0.000299022284704614,0.0353474548532462,0.00164752573036095,0.000855118549185413,0,0.0237914346558431,0,0.000331832442139276,0,0,0,0.000576171236533875,6.44710034036905e-05,0.000430382828889579,0,0,0,2.50292885964449e-05,0.0133164115776582,0.000164446411915617,0,0,0,0,0,0,0.00045204909060343,6.80621981174132e-05,0.00201934170342495,0.000128661796937454,0,0,0.00028337874437706,0,0.00478622667032922,0.00013309109217164,0.00224755941730338,3.90142384816254e-05,0.00125977218172249,5.14919403842637e-05,0.0173266821776916,0.00770870583168408,0.000306657671199745
0,0,0,0,0,0,0,0,0,0,0,0,0,0,0,0,0.000144223488025208,0,0.00116919888401167,0,0,0,0,0,0,0,0,0,0,0,0,0,0,0,0,0,1.38019040697814e-05,0,6.64094357852042e-06,0,0,2.34179849251565e-05,0.0108535045192135,4.63891722366039e-05,0.00127857055118907,2.37818526145503e-05,0.00448691901199216,9.44041126888081e-05,0.0223094843302187,0,0,0,0,0,0,0,3.36118850735537e-05,0,4.13847621011472e-05,0,0,0,4.36299623002821e-05,0.00538391670439767,0,0,0,0,0,0,0,0.000306177138167517,1.37205779070435e-05,0.00375468568513732,0,0,0,0,0,0.00664262921665308,1.12492487289203e-05,0.00143733098605923,3.92689793915843e-05,1.06094485507926e-05,0.00865437214890636,0,0.00252865498630511
8.84592462612339e-06,0.0019600835398494,5.53744391152099e-05,0.0049735328759338,0,0.00182712599477514,0,0,0,9.29089918929427e-05,0,0,0,0,0,0,0.00053538668557071,0.000714637652908803,0.0176022360638807,0,0,0,0,0,0,0,0,0,0,0,0,0,0,0.000103678009644385,0,0.000537865408190372,1.16471921629991e-06,0.000235374322541561,0,0.0926682145380176,2.34179849251565e-05,0,0.0097042604255657,0.00125934406578061,6.52276539446247e-05,0.00835583361306886,0.000376325548951616,0.00627544192210607,1.53243530844047e-05,0.0210680902225968,0,0.000344929574575752,0,0,0,0.000464608381359833,0,0.00336578838837758,0,0.000187925239393844,0,0.00026180826922873,0.00918095508012332,4.92480195628314e-05,1.82482027573609e-05,0,0,0,0.000184726844170542,0,0.00675225848954364,0,0.0108260171512515,4.54265126867612e-05,0,0,0.00109231548083838,0,0.00796173567475781,8.68142342247526e-05,0.00750678708511968,3.88636301228151e-05,0.00371746202486589,0.000167062265448432,0.0313587160287505,0.0120804511547651,1.5851599759184e-05
0.00283594198001702,0,0.00156649387293392,0,0.000455316418947938,0,0,0,0.000542899023771123,0,0,0,0,0,0,0,0.000869945487071408,0.00040436357816434,0.014888359229699,0,8.67190215577179e-05,0,4.19735506754084e-05,0,4.20571969064293e-05,0,0,0,0,0,0,0,0,0,0,2.394559507323e-05,0.00122644538790354,1.79331265661832e-06,0.00109463437032278,0.000608067738283122,0.0108535045192135,0.0097042604255657,0,9.9991087528133e-06,0.00497749514863541,0.00069227555968875,0.0355006750562469,0.00737898918474071,0.0285467883218783,0.000334413169774791,0.000617985395158096,0.000136334845938229,0,0,1.45635100119191e-05,0,0.00826469473989081,1.44108991210104e-05,0.00263009557430801,8.00492226291707e-05,0.000136776596236572,0,7.58885821134701e-05,0.0134627832907746,0,0.000367921602727678,0,1.68012239654613e-05,0,0.000405218845468555,4.3907726665999e-05,0.0152565537013484,7.67874224686195e-05,0.0286329384350317,7.07826509317331e-05,0,0,0,0.000218060765221132,0.0161774392103498,0.000117834477207406,0.0102327808783735,0.0042569285257062,0.000257457094407697,0.0710528987137552,0.000268091374038356,0.0188613273450454
0,0,0,0,0,0,0,0,0,0,0,0,0,0,0,0,5.0065912448937e-06,5.98099319309197e-05,0.00339689017529829,0,0,0,0,0,0,0,0,0,0,0,0,0,0,0,0,1.25485087381895e-05,0,1.54273729380897e-05,0,0.00444177630978782,4.63891722366039e-05,0.00125934406578061,9.9991087528133e-06,0,0,0,6.78583764157845e-05,0,0,4.52945448144119e-05,0,0,0,0,0,0,0,2.54152404312118e-05,0,0,0,0,2.31484389484845e-05,0,0,0,0,0,0,0,3.61612931893969e-05,0,0.000731118477439504,0,0,0,0.000141955506512586,0,0.000378039053520926,1.69619487903185e-05,0.000341576118820768,0,0.00014312544396227,4.19306480732262e-05,0.00115144667409314,0.00234143691458345,0
0,0,0,0,0,0,0,0,9.68163250206315e-05,0,0,0,0,0,0,0,0.000268734955898533,8.656035367452e-05,0.00466966962805903,0,0,0,0,0,0,0,0,0,0,0,0,0,0,0,0,2.59182910960611e-06,4.0681113200378e-05,0,2.64735555426854e-05,0.000299022284704614,0.00127857055118907,6.52276539446247e-05,0.00497749514863541,0,0,0,0.00675175987750286,0,0.000319749563186714,1.58834141364091e-05,0.00013968381103963,0,0,0,0,0,0,7.2885716055915e-05,0,0,0,0,9.61088158106371e-05,0.00273123272039652,0,0,0,0,3.78567410007928e-05,0,8.53382126942792e-06,0.000341972558036473,0.000107682872529842,0.00176786265310627,0,0,0,0,4.34528357660678e-06,0.00138960847086668,1.69790066153239e-05,0.000461684037747696,0.000175540101137447,1.60659679207801e-05,0.00557092501203792,0,0.00691350038948754
0,0,0,0.000642609966681139,0,0.000709181508703493,0,0,0,0,0,0,0,0,0,0,0.000219797720319789,0.000238589582348051,0.00402400908031793,0.000352071010726485,0,0,0,0,0,0,0,0,0,0,0,0,0,0,0,0.00171667868654137,4.77655777266026e-06,0.000277438479848023,0,0.0353474548532462,2.37818526145503e-05,0.00835583361306886,0.00069227555968875,0,0,0,0.0002389335476039,0.000734607907320365,8.15388249653277e-06,0.00202461376832276,0,0.000604754761297781,0,0,0,0,7.79774684592205e-06,0.000640119557089279,0,4.04061043732352e-05,0,0,0.0716008961126927,9.73263902690805e-05,1.21451472597052e-05,0,0,0,2.39169457241056e-05,0,0.000768402554110701,0,0.00303394964322309,8.36672479098276e-06,0,0,0.000595832850478893,0,0.0181561422668558,6.20041838575794e-05,0.00575172230433448,3.32201180636607e-06,0.000816146509609627,3.74686789240504e-05,0.018392789172609,0.000596277293298286,0
0,0,0.000125584106027577,0,0.000650107133173844,0.000255795378484414,0,0,0.000492301908132204,0,0,0,0,0,0,0,0.00102667495344947,0.000422179031307978,0.0188890940825664,0,0.000247894272901445,0,5.02192909026224e-06,0,1.32163568705075e-05,0,0,0,0,0,0,0,0,0,0,2.79846120890194e-05,0.000329434805799983,0,0.000489910456878737,0.00164752573036095,0.00448691901199216,0.000376325548951616,0.0355006750562469,6.78583764157845e-05,0.00675175987750286,0.0002389335476039,0,0,0.00152482052390665,3.17522204274254e-05,0.00132247030436212,8.86658019642883e-05,0,0,0,0,0.000547651384485128,1.12919118506246e-05,7.97025212203865e-05,0,0,0,0.000208805802645609,0.0240084050282339,0,3.39877407045411e-05,0,0,0,1.50909896616705e-05,0.000124678025282079,0.00190811274141568,0.000233352278279037,0.00662803135246313,0,0,9.01732769428409e-06,0,0.000172687208880073,0.00850729827059259,0.000138049613093547,0.00368100475990407,0.00145883365325768,7.19644197030596e-05,0.0196375913633411,0.000238937728201802,0.00275324538127425
0,0.000164011134450815,0,3.34475022905423e-05,0,0,0,0,0,0,0,0,0,0,0,0,0,0,0.000124336968371185,0,0,0,0,0,0,0,0,0,0,0,0,0.112909041010659,0.0351121848776935,0.00625765097713026,0.0603975498486112,0.0027398977678752,0.000396297486826207,0.00804467569333005,0.0191740199984944,0.000855118549185413,9.44041126888081e-05,0.00627544192210607,0.00737898918474071,0,0,0.000734607907320365,0,0,0.185046639129681,0.0312477007038516,0,0,0,0,0,7.49183631596467e-05,1.01073565797248e-05,2.84192525269802e-05,0,2.79640301400336e-05,0,2.16597396265035e-05,1.00531946232061e-05,8.67103253706844e-05,0,0,0,0,0,0,0,0,2.42881736031123e-05,0,0.166492126029211,0.0605724256321333,0.0135346937815121,0.023296076205254,0.0109396151107705,0.0089129687707598,0.00266384331523477,8.60373661686744e-05,0.00311076906770867,6.2655625655457e-06,0.0404288920459221,7.17786896381419e-05,0
0.0126468263773787,0,0.00925849834918771,0,0.000312079744615334,0,0,0,0,0,0,0,0,0,0,0,0,0,0.000238825996337678,0,0.000200926705402374,0,0.000317783922519682,0,5.59760876997478e-05,0,0,0,0,0,0,0.00493971994024729,8.30421782183153e-05,0,0.000198597115238805,0,0.000164340255554916,0,0.0016259366410182,0,0.0223094843302187,1.53243530844047e-05,0.0285467883218783,0,0.000319749563186714,8.15388249653277e-06,0.00152482052390665,0.185046639129681,0,0,0.000127615750391283,0,0,0,0.000535397785285327,0,0.00226216011853353,0,0.00105827865172287,0,0.00589261990959674,0,0,0.000474891582241173,0,0.000551590673874105,0,0.00263236958656113,0,0.000513426463563071,1.24302129148531e-05,0.0165490474550751,0,0.0154327139913946,0.00504551513807666,0.00018882474565015,0,0.00186702769207763,0,0.00913066390685245,0,0.0122510600042652,0.00113688943926602,1.1369916288044e-06,0.0297315355508069,0,0.00216341025084383
0,0.024567376597074,0,0.00935294411988055,0,0.000135687077130521,0,0,0,0.000491650049340443,0,0,0,0,0,0,4.38397572620454e-05,4.41221911631906e-05,0.00309386660242119,0,0,0.00184843722497329,0,0,0,0,0,0,0,0,0,0,0,0.000340231185783996,0,9.16771335292466e-05,0,0.00644693091022763,3.35457867399014e-06,0.0237914346558431,0,0.0210680902225968,0.000334413169774791,4.52945448144119e-05,1.58834141364091e-05,0.00202461376832276,3.17522204274254e-05,0.0312477007038516,0,0,0,0.000308771794099671,0,0,0,0.00393689674163224,0,0.0171476066288403,0,0.00454441919459081,0,0.00265487916069868,0.00240542248601233,6.45771365706611e-06,0.0140283953156318,0,0.000294900070844237,0,0.00111398395902579,0,0.0045014762144532,0,0.00557793433958851,0,0.000271821898647584,0,0.00541286096127717,0,0.00138684694427086,6.48821034104633e-06,0.00976200115356663,0,0.000506337627475006,2.58073277435836e-05,0.0208012027108975,0.00205052281282786,0
0.000113755527424523,0,0.000342749737733403,0,0.0390511799394922,0,0.0066016179138753,0,0,0,0,0,0,0,0.000760520503438895,0,0,0,0,0,0,0,0,0,0,0,3.01999260255317e-05,0,0,0,0,0,0,0,0,0,4.14378121642851e-05,0,4.02051249571834e-05,0,0,0,0.000617985395158096,0,0.00013968381103963,0,0.00132247030436212,0,0.000127615750391283,0,0,0,0.0214321082959457,0,0.000605429555688942,0,0.00166863175622078,0,0.0304600637832525,0,0.0400463924481515,0,0,0.00594427501857124,0,2.2636276637873e-05,0,0,0,0,0,0.000593301674105978,0,0.0027497629501928,0,0,0,0,0,6.47660155164987e-05,0,0.000198744100419162,0.000515868988184667,0,0.00650870154781256,0,0
0,0,0,0.0159312553511577,0,0.178917401200735,0,0.00267726414406291,0,0,0,0,0,0.000269959673093362,0,0,0,0,4.46068577527651e-05,0.000215841638683989,0,0,0,0,0,0,0,0,0,0,0,0,0,0,0,0.000247579764690533,0,0,0,0.000331832442139276,0,0.000344929574575752,0.000136334845938229,0,0,0.000604754761297781,8.86658019642883e-05,0,0,0.000308771794099671,0,0,0,0,0,0,0,0.00186137992964267,0,0.00870634817915593,0,0.0063152581441811,0.000418705228646704,0,0,0,0,0,0,0,0.000289860451084811,0,0.00154751222928887,0,0,0,0,0,1.52373009332142e-05,0,9.11417708544204e-05,0,0.00117060088817922,6.23292723835793e-06,0.00219929503771161,0.000175854599888191,0
0,0,0,0,0,0,0.0163294652784993,0,0,0,0.00310560880880768,0,0,0,0,0,0,0,0,0,0,0,0,0,0,0,0,0,0,0,0,0,0,0,0,0,0,0,0,0,0,0,0,0,0,0,0,0,0,0,0.0214321082959457,0,0,0,0,0,0.0117051886387375,0,0.000821539789267378,0,0,0,0,0,0,0,0,0,0,0,0,0,0,0,0,0,0,0,0,0,0,0,2.60054637599323e-05,0,3.10264736467741e-05,0,0
0,0,0,0,0,0.00669254469778734,0,0.0278105993948289,0,0,0,0.00101980786231105,0,0.000654236166155897,0,0,0,0,0,0,0,0,0,0,0,0,0,0,0,0,0,0,0,0,0,1.10928853870698e-05,0,0,0,0,0,0,0,0,0,0,0,0,0,0,0,0,0,0,0,0,0,0.00188747614251354,0,0.000836079985167007,0,0,0,0,0,0,0,0,0,0,0,0,0,0,0,0,0,0,0,0,0,0,0.000240158187040009,0,0,0,0
0.0161966670985118,0,0,0,0.00159563305276098,0,0,0,0.131643906468615,0,0,0,0,0,0.00180112972819285,0,0,0,0,0,0,0,0,0,0.0128367360925809,0,0.00194082096198811,0,0,0,0,0,0,0,0,0,0,0,0.00017186043552482,0,0,0,1.45635100119191e-05,0,0,0,0,0,0.000535397785285327,0,0.000605429555688942,0,0,0,0,0,3.44014720074332e-05,0,0,0,0.0383554075060574,0,0,0,0,0,0,0.0508897784233324,0,0.00208292703005976,0,0,0,0,0,0,0,0,0,0,0,0.000148653161779049,0.000439805522535883,1.50519765727119e-05,3.4862111874475e-05,0,0
0,0.0387947479861871,0,0.0161640982722055,0,5.46845579414632e-05,0,0,0,0.111220943363554,0,0,0,0,0,0.00878482898867243,0,5.5894316982922e-05,0.000127974909595731,0,0,0,0,0.00719209898699668,0,0,0,0,0,0,0,0,0,0,0,3.51336969098994e-06,0,0.000776868229295118,0,0.000576171236533875,0,0.000464608381359833,0,0,0,0,0,7.49183631596467e-05,0,0.00393689674163224,0,0,0,0,0,0,0,0.000139876280606917,0,0,0,0.0350514184577388,0.000159382761358079,0,1.8471379842201e-05,0,0.084667575442759,0,2.57736041818402e-05,0,0.000401394607205819,0,0.00205224708804858,0,0,0,0,0,1.68718181682374e-06,0,0.00223638263915498,0,0.000324179062507856,1.89303882567752e-05,0.00155568546293193,0,0
0.00126764196816691,0,1.91033749755857e-05,0,0.000918747027656954,0,0.000462336454657118,0,2.24079267398241e-05,0,0.103543411316395,0,0,0,0,0,0,0,0.000203046824750242,0,0.011862368809659,0,0.000181506284388275,0,0.000569114879457806,0,0.0001299589670204,0,0,0,0.000578173370697705,0,0,0,0,0,0.00203044865625864,0,0.0058655942055302,6.44710034036905e-05,3.36118850735537e-05,0,0.00826469473989081,0,0,7.79774684592205e-06,0.000547651384485128,1.01073565797248e-05,0.00226216011853353,0,0.00166863175622078,0,0.0117051886387375,0,3.44014720074332e-05,0,0,0,0.0123471375301632,0,0.000563604311349476,0,0,0.0352616097220206,0,0.000338650873659485,0,8.21187008385018e-05,0,0.00238672808030302,0,0.0311504189020767,3.35613504813892e-05,0.0239390502332967,0,0,0,0,0,0.00065749634449001,0,0.000551709248130948,0.00125214504450942,1.36315338304676e-06,0.0136322333252839,0,0.00104829276242708
0,0,0,0.00525604034792154,0,0.000653144225616371,0,0.00376641497191991,0,0,0,0.0686331860390354,0,0.000541866656516524,0,0,0,0,0.000431262154962804,0.00287587435207523,0,6.54362405376203e-05,0,0.000429810556805185,0,0,0,5.23643912055567e-05,0,0.0033973714450195,0,0,0,0,0,0.000102439628133497,0,0.00317619790194815,0,0.000430382828889579,0,0.00336578838837758,1.44108991210104e-05,2.54152404312118e-05,7.2885716055915e-05,0.000640119557089279,1.12919118506246e-05,2.84192525269802e-05,0,0.0171476066288403,0,0.00186137992964267,0,0.00188747614251354,0,0.000139876280606917,0,0,0,0.0214476768521376,0,0.00488908255623814,0.0171637317204735,0,0.00057791898195336,0,0.00207152623460574,0,0.00636246750668317,0,0.0124369534388858,0,0.0330327225172604,0,0,0,0,0,9.01206014662802e-05,3.6071097441819e-06,0.00423431207695567,0,0.000187995783116732,2.80903997347161e-06,0.00894633146354057,2.26914328529393e-05,0
9.25522772763623e-05,0,0,0,0.00744630713031987,0,0,0,6.01637285350606e-05,0,0.00043733272110518,0,0.0074225558911292,0,0.0029792782487704,0,0,0,5.95857195298999e-06,0,0.000125857533016195,0,0.000101945426439389,0,0.000536922874293716,0,0.000110847857290122,0,0,0,0,0,0,0,0,0,2.23909798912773e-05,0,4.87400083859518e-05,0,4.13847621011472e-05,0,0.00263009557430801,0,0,0,7.97025212203865e-05,0,0.00105827865172287,0,0.0304600637832525,0,0.000821539789267378,0,0,0,0.0123471375301632,0,0,0,0.0191472060712468,0,1.02567201775441e-05,0.00614959280742762,0,4.94932106473742e-05,0,0.000442141063057762,0,0.0146180103047351,0,0.0085208299876138,0,0.00115433508393355,0,0,0,0,0,0.000130489475462504,0,4.47145443723386e-05,0.00040901069837463,6.15414312961082e-05,0.00571778143573411,0,0.000117833800933222
0,0,0,0.00329449201426788,0,0,0,0,0,0,0,0.00157084875226331,0,0.0203632391285404,0,0.00562212070370601,0,0,0.000107254946014984,0,0,6.56131592695989e-05,0,0.000707227195953197,0,0,0,0.00187726755345872,0,0.000769137221751599,0,0,0,0,0,2.86512771410303e-06,0,4.73501636183459e-06,0,0,0,0.000187925239393844,8.00492226291707e-05,0,0,4.04061043732352e-05,0,2.79640301400336e-05,0,0.00454441919459081,0,0.00870634817915593,0,0.000836079985167007,0,0,0,0.0214476768521376,0,0,0,0.0126615485994975,0.000730211390382296,0,0.000360883943059889,0,0.00588078527962657,0,0.00752053539215186,0,0.00440187778018965,0,0.00128118097600338,0,0,0,0,0,0,0,8.08198560163075e-05,0,0.000110851832333705,0,0.00101803031013626,0,0
0.000913400158069681,0,0,0,0.00618886184621264,0,0,0,0.0469762247845063,0,0,0,3.9494542698415e-05,0,0.0427735320256191,0,0.000110241985046497,0,0,0,0,0,0,0,0.0110305685768504,0,0.00196377803920638,0,0,0,0,0,0,0,0,0,0,0,0,0,0,0,0.000136776596236572,0,0,0,0,0,0.00589261990959674,0,0.0400463924481515,0,0,0,0.0383554075060574,0,0.000563604311349476,0,0.0191472060712468,0,0,0,0,0,0,0,0,0.00156365032545556,0,0.0380537484962114,0,0.00211453606649498,0,6.98486529933202e-05,0,0,0,0,0,0,0,0,9.01832534081499e-05,5.45574719592884e-05,0.00112208393244172,0,0
0,0.0010113422990682,0,0.0104535406332916,0,0.000858603622401618,0,0,0,0.00232846008370712,0,0,0,0.00809561188997518,0,0.0128063746004678,0,0,4.18202355311793e-05,0,0,0,0,0.000553847698911598,0,0.000122530631164554,0,0,0,0,0,0,0,0,0,1.98274680060197e-06,0,0,0,2.50292885964449e-05,0,0.00026180826922873,0,0,0,0,0,2.16597396265035e-05,0,0.00265487916069868,0,0.0063152581441811,0,0,0,0.0350514184577388,0,0.00488908255623814,0,0.0126615485994975,0,0,0.000256742645918506,0,7.73735418923291e-06,0,0.00824672993568957,0,0.00301920355186002,0,0.000453045410633376,0,0.000908777522231241,0,0,0,0,0,0,0,8.27356646615231e-05,0,2.26118867268435e-05,1.23035905733877e-06,0.000266385551800461,0,0
