0,0,38.303053021431,0,0,0,0,0,289.547403201461,0,0,0,0,0,0,0,0.282529652118683,3.31017756462097,49.462855219841,0,0,0,0,0,0,0,0,0,0,0,0,0,0,0,0,0,0,0,0,0,0,0,12.9927688241005,0,0,0,2.42843055725098,0,28.7452792525291,0,0,0,0,0,179.320918411016,0,0,0,0,0,20.531229019165,0,0,0,0,0,0,2.32693339884281,0,1.54442977905273,0,0,0,0,0,0,0,0,0,0,0,0,38.1343333423138,0,72.7314257770777,0,0
0,0,0,12.0641647279263,0,0,0,0,0,55.4533058106899,0,0,0,0,0,0,0,0,0,0,0,0.458889499306679,0,0.241038143634796,0,0,0,0,0,0,0,0,0,0,0,0,0,0,0,0,0,0.994013130664825,0,0,0,0,0,0,0,61.8062167614698,0,0,0,0,0,483.760498568416,0,21.9198261201382,0,0,0,95.5126536786556,0,0,0.469366297125816,0,24.3404170870781,0,0,0,0,0,0.504482373595238,0,0,0,0,0,0,0,0.3923579454422,0,161.996003419161,0,74.8839070498943,0,0
38.303053021431,0,0,0,195.880375921726,0,0,0,106.907768845558,0,0,0,0,0,0,0,0,0,0.272970229387283,0,4.73726162314415,0,0,0,0,0,0,0,0,0,0.251908987760544,0,0,0,0,0,0,0,0,0,8.87612886726856,0,81.4887535274029,0,0.715477406978607,0,9.36329226195812,2.03224802017212,75.8074381649494,0,23.4474352300167,0,0,0,54.8938466906548,0,35.5832962095737,0,23.5042523741722,0,3.79944849014282,0,0,0.876678645610809,0,0,0,0,0,0,0,0,0,2.04407000541687,0,0,0,0,0,0.910383522510529,0,1.60530078411102,186.967245906591,0,772.584091901779,0,2.42866006493568
0,12.0641647279263,0,0,0,6.84895539283752,0,0,0,51.6361788213253,0,0,0,0,0,0,0,0,0.41966325044632,3.58877059817314,0,0,0,0,0,0,0,0,0,0,0,0,0,0,0,1.54438269138336,0,0,0,3.39190419018269,0,27.8014655262232,1.02734863758087,0,0,28.2192198336124,0,1.99542579054832,0,26.0835354328156,0,0.325753629207611,0,0,0,0,0,23.1941191256046,0,11.8654575496912,0,0,0.792564809322357,0,0,0,0,0,0,0,0.219285160303116,0,2.35471652448177,0,0,0,0,0,0,0.823468208312988,0.221647769212723,0,113.875854358077,0,409.273945853114,0.321532100439072,0
0,0,195.880375921726,0,0,0,0,0,5.79052847623825,0,0,0,0,0,0.515804708003998,0,0,0,0,0,61.9534380733967,0,0,0,0,0,0,0,0,0,0.702705860137939,0,0,0,0,0,1.51337075233459,0,0.130017548799515,0,3.76913963258266,0,7.01744498312473,0,0,0,4.82280051708221,2.31121996045113,7.86804214119911,1.61794769763947,302.43846385181,0,0,0,10.3631365299225,0,12.9186893999577,0,0,0,5.79060363769531,0,0,29.5292944461107,0,0,0,0,0,0,0,0,0,0,0,0,0,0,0,9.48695746064186,0,0,11.8333966135979,4.03851723670959,145.780039846897,0,0.371155023574829
0,0,0,6.84895539283752,0,0,0,0,0,15.4019820094109,0,0,0,0.434091746807098,0,38.7436726093292,0,0,0,15.5553453862667,0,0,0,0,0,0,0,0,0,0,0,0,0,0,0,0.490427434444427,0,0,0,0.28024023771286,0,3.43733292818069,0,0,0,0.484011441469193,0,0,0,0.871566474437714,0,492.207720011473,0,0,0,0,0,0.452919483184814,0,13.874840259552,0,15.3889913260937,11.8351548612118,0,0,0,0,0,0,0,0,0,0.573606908321381,0,0,0,0,0,1.92437791824341,0,0,0,212.551195323467,55.2045286297798,76.3676961660385,0,0
0,0,0,0,0,0,0,0,0,0,16.3440294265747,0,9.43786752223969,0,0,0,0,0,0,0,84.3888205289841,0,0,0,0,0,0,0,0,0,0,0,0,0,0,0,0,0,0,0,0,0,0,0,0,0,0,0,0,0,40.710102558136,0,198.200293183327,0,0,0,46.9184297919273,0,69.0761698484421,0,0,0,0,2.07963791489601,0,0,0,0,0,0,0,0,0,0,0,0,0,0,0,0,0,0,5.43488216400146,0,0,0,0
0,0,0,0,0,0,0,0,0,0,0,8.60286518931389,0,0,0,0,0,0,0,1,0,0,0,0,0,0,0,0,0,0,0,0,0,0,0,0,0,0,0,0,0,0,0,0,0,0,0,0,0,0,0,0,0,195.109508395195,0,0,0,0,0,14.7703812122345,0,0,0,0,0,0,0,0,0,0,0,0,0,0,0,0,0,0,0,0,0,0,10.0439386367798,1,0,0,0
289.547403201461,0,106.907768845558,0,5.79052847623825,0,0,0,0,0,0,0,0,0,34.4568116664886,0,5.44598373770714,3.11317801475525,0,0,0,0,0,0,10.1671895384789,0,35.5564074516296,0,0,0,0,0,0,0,0,0,0,0,81.9298085272312,0,0,0,19.1922088265419,0,0,0,0,0,15.7048329114914,0,10.8269613981247,0,0,0,634.956206262112,0,2.54316589236259,0,0,0,19.7258866429329,0,0,0.522995069622993,0,0,0,51.5022941976786,0,3.12859845161438,0,0,0,0,0,0,0,0,0,0,0,33.8657216131687,83.5785266906023,6.87408310174942,243.816643878818,0,0
0,55.4533058106899,0,51.6361788213253,0,15.4019820094109,0,0,0,0,0,0,0,0,0,63.1146712303162,0,0,0,0,0,0,0,18.5170647054911,0,26.1356513500214,0,0,0,0,0,0,0,0,0,0,0,0,0,0,0,4.85619838535786,0,0,0,1.08437371253967,0,0,0,13.3260580301285,0,0,0,0,0,532.397575229406,0,0,0,0,0,42.5009527206421,0,0,0,0,33.9110271632671,0,0,0,0,0,0,0,0,0,0,0,1.16747090220451,0,5.3188374042511,0,308.816863417625,71.6939036250114,83.8782565891743,0,0
0,0,0,0,0,0,16.3440294265747,0,0,0,0,0,89.9972578585148,0,0,0,0,0,0.23514623939991,0,589.840064644814,0,0,0,0,0,0,0,0,0,12.050128608942,0,0,0,0,0,17.0596795082092,0,269.896274596453,0,0.188294604420662,0,1.15986526012421,0,0,0,0.844547510147095,0,0,0,0,0,0,0,0,0,1992.57490035892,0,29.7504643797874,0,0,0,0,109.556435503066,0,0,0,0,0,0,0,5.55664825439453,0,23.5358693301678,0,0,0,0,0,7.29610408842564,0,344.167133852839,354.643035203218,0,0.855751216411591,0,1.70474708080292
0,0,0,0,0,0,0,8.60286518931389,0,0,0,0,0,342.430974960327,0,0,0,0,0,632.186550825834,0,0,0,0,0,0,0,0,0,78.1316570192575,0,0,0,0,0,143.123445034027,0,740.111158147454,0,0,0,0,0,0,0,0,0,0,0,0,0,0,0,271.924495309591,0,0,0,2118.40862894058,0,10.8375265002251,0,0,478.741653129458,0,0,0,0,0,0,0,26.425687879324,0,109.014688774943,0,0,0,0,0,6.60434973239899,0,349.106588497758,0,286.011603444815,0,13.6764312386513,0,0
0,0,0,0,0,0,9.43786752223969,0,0,0,89.9972578585148,0,0,0,1,0,0,0,0,0,0,0,0,0,0,0,1,0,81.1732714176178,0,0,0,0,0,0,0,0,0,0,0,0,0,0,0,0,0,0,0,0,0,0,0,0,0,0,0,71.7829496562481,0,590.653168201447,0,1,0,0,0,0,0,0,0,0,0,0,0,0,0,0,0,0,0,0,0,0,0,7.51890826225281,0,0,0,0
0,0,0,0,0,0.434091746807098,0,0,0,0,0,342.430974960327,0,0,0,61.9072630405426,0,0,0,0,0,0,0,0,0,0,0,8.52882766723633,0,0,0,0,0,0,0,0,0,0,0,0,0,0,0,0,0,0,0,0,0,0,0,0,0,0,0,0,0,156.608996152878,0,1147.53247261047,0,0,0,0,0,0,0,0,0,0,7.75873866677284,0,0,0,0,0,0,0,0,0,0,0,7.00666856765747,0,0,0,0
0,0,0,0,0.515804708003998,0,0,0,34.4568116664886,0,0,0,1,0,0,0,105.925947278738,3.76738023757935,0,0,0,0,3.25748312473297,0,5.45216608047485,0,17.8944982886314,0,0,0,0,0,0,0,0,0,0,0,0,0,0,0,0,0,0,0,0,0,0,0,0.690655171871185,0,0,0,96.7184745371342,0,0,0,15.159070789814,0,50.6682146787643,0,0,0,0,0,0,0,0,9.4634273648262,0,0,0,0,0,0,0,0,0,0,0,0,27.3967488706112,0,0,0,0
0,0,0,0,0,38.7436726093292,0,0,0,63.1146712303162,0,0,0,61.9072630405426,0,0,2.59833550453186,29.5608119666576,0.778257191181183,0,0,0,0,8.7249550819397,0,1.67591619491577,0,0,0,0,0,0,0,0,0,0,0,0,0,0,0,0,0,0,0,0,0,0,0,0,0,0,0,0,0,9.53598690032959,0,0,0,61.8383446335793,0,39.2479531466961,0,0,0,0,0,0,2.16428852081299,0,0,0,0,0,0,0,0,0,0,0,0,0,55.8114561289549,0,0,0,0
0.282529652118683,0,0,0,0,0,0,0,5.44598373770714,0,0,0,0,0,105.925947278738,2.59833550453186,0,11220.2735809609,3516.11886955798,0,0,2.44851851463318,506.446323364973,6.14723968505859,261.667645037174,12.5429311096668,568.038659155369,0,14.064120978117,0,0.197863548994064,0,0,0,0,0.59843772649765,0.611917808651924,0,0.764852583408356,22.4442517384887,8.89917747676373,32.3900916725397,30.9543212354183,26.6250720322132,9.27796280384064,13.1055287569761,38.3495396822691,0,0,1.35797813534737,0,0,0,0,6.34618762135506,0,0.728565096855164,0,0,0,63.156501352787,0,2.47861686348915,5.70375421643257,0,0,0,14.3565562665462,0,270.871186062694,0,0,1.91804632544518,0.249682500958443,0,0,0,0,17.1227067708969,62.7543166056275,6.02552691102028,2.96584214270115,6677.10014766455,822.28238889575,58.9267911314964,2.64233670383692,4.39976567029953
3.31017756462097,0,0,0,0,0,0,0,3.11317801475525,0,0,0,0,0,3.76738023757935,29.5608119666576,11220.2735809609,0,3913.13434691727,0,0,26.4233572483063,36.1465577185154,40.2183786928654,31.2792110443115,350.589557871222,21.3228878974915,1,0,0,0,0,0,0,0,1.09746880829334,0.926037669181824,0.168398037552834,0,22.8566363677382,6.62685312330723,54.59202465415,22.4112750142813,26.8445699810982,1.07800400257111,4.40469589829445,20.5539297088981,0,0,1.06934770941734,0,0,0,0,4.24032354354858,0,2.78882817924023,0,0,0,10.6042546033859,64.3202067613602,0.436724618077278,7.93662075698376,3.23207116127014,0,3.47991049289703,27.477641582489,149.51110035181,36.6072542667389,0,0,1.30843804776669,0.259549021720886,0,0,0,0,21.7290891259909,37.5856603980064,4.77239943295717,0.871411502361298,6078.81800851971,293.43653228879,50.5082049071789,6.18052853643894,0.325264476239681
49.462855219841,0,0.272970229387283,0.41966325044632,0,0,0,0,0,0,0.23514623939991,0,0,0,0,0.778257191181183,3516.11886955798,3913.13434691727,0,1.30787295103073,2.93951736390591,0,7.60684934258461,15.8800909221172,3.82940977811813,20.3031395375729,3.58456373214722,0,0,0,3.07239806652069,0,0,0,0,28.5102284476161,27.1004674062133,6.057368516922,9.93172752857208,471.345543041825,252.973910167813,1426.13429167867,927.920335829258,465.561684675515,153.192496336997,84.9419054836035,450.314604192972,4.06625494360924,13.1042840704322,43.2648228183389,0,0,0,0,0,0,74.8352210372686,0.303758166730404,0,0,2.28044745326042,0,62.5809789150953,129.086809024215,0,0,1.86803025007248,0,0,6.11921811103821,2.61303009092808,0,62.186891682446,57.2572249099612,0,0,0,7.65625900030136,807.986647352576,1503.54734551162,388.875580281019,108.708208322525,2896.68464329839,4.80140276253223,1570.11800903082,180.816132418811,230.385307319462
0,0,0,3.58877059817314,0,15.5553453862667,0,1,0,0,0,632.186550825834,0,0,0,0,0,0,1.30787295103073,0,0,0,0,0,0,0,0,0,0,0,0,0,0,0,0,515.953978203237,0,162.689538449049,0,3.14636701345444,0,4.21350818872452,0,0,0,2.08658447861671,0,3.84026592969894,0,9.41957040131092,0,9.42331653833389,0,28.0568947792053,0,0,0,36.8254202902317,0,0.310517430305481,0,0.564359664916992,1057.92199918628,0,0,0,0,0,0,0,0,0,16.60753428936,0,0,0,0,0,1015.79815185815,0,163.268289417028,0,103.44607745111,0,77.5560244321823,0.346700936555862,0
0,0,4.73726162314415,0,61.9534380733967,0,84.3888205289841,0,0,0,589.840064644814,0,0,0,0,0,0,0,2.93951736390591,0,0,0,0,0,0,0,0,0,0,0,19.2276465892792,0,0,0,0,0,738.709996700287,0,339.871432721615,0.7057244181633,0.343639209866524,0,1.32560394704342,0,0.470756024122238,0,11.9765358045697,1.39409494400024,5.54140119254589,0,17.0956000834703,0,21.3900784850121,0,1.39078593254089,0,155.9950222224,0,0,0,0,0,0,1361.3542586118,0,0,0,0,0,0,0,0,0,50.2276724278927,0,0,0,0,0,487.991900719702,0,118.020339459181,212.204758942127,0,154.346020877361,0,0
0,0.458889499306679,0,0,0,0,0,0,0,0,0,0,0,0,0,0,2.44851851463318,26.4233572483063,0,0,0,0,140.05106395483,282.519258260727,0,9.15120083093643,0,51.5919239073992,0,0,0,0,0,0,0,0,0,1390.57227244973,0,0,0,0,0,0,0,0,0,0,0,18.6971511244774,0,0,0,0,0,0,0,0,0,0,0,0,0,0,5648.47296948731,20.4291217327118,178.919539883733,0,10.1617218852043,0,214.180330350995,0,0,0,0,0,0,0,0,0,551.736026510596,0,1243.68265962601,3.53501081466675,0,0,0
0,0,0,0,0,0,0,0,0,0,0,0,0,0,3.25748312473297,0,506.446323364973,36.1465577185154,7.60684934258461,0,0,140.05106395483,0,0,65.7829167246819,0,129.440034389496,0,130.79667596519,0,0,0,0,0,0,0,0,6.86748170852661,1074.24063226581,0,0,0,0,0,0,0,0,0,143.063095167279,0,0,0,0,0,0,0,0,0,0,0,5.64705446362495,0,0,0.370512098073959,18.2982078790665,5092.34060296416,0,38.452583745122,0,434.110263213515,0,123.080141291022,0,0,0,0,0,0,0,0,0,225.755043268204,986.61012147367,18.9326153546572,0,0,0
0,0.241038143634796,0,0,0,0,0,0,0,18.5170647054911,0,0,0,0,0,8.7249550819397,6.14723968505859,40.2183786928654,15.8800909221172,0,0,282.519258260727,0,0,0,187.643796265125,0,0,0,0,0,0,0,0,0,0,0,609.679858714342,0,0,0,0,0,0,0,0,0,0.356395989656448,0,44.1413923501968,0,0,0,0,0,2.34971031546593,0,0.220318645238876,0,0,0,0,0,0,98.7884671539068,0,829.872335195541,0,22.0879336297512,0,1.56694513559341,0,0,0,0,0,0,0,0,0,448.846407711506,0,363.818290323019,0,19.2513718307018,0,0
0,0,0,0,0,0,0,0,10.1671895384789,0,0,0,0,0,5.45216608047485,0,261.667645037174,31.2792110443115,3.82940977811813,0,0,0,65.7829167246819,0,0,0,184.124712318182,0,0,0,0,0,0,0,0,0,0,0,449.967211589217,0,0,0,0,0,0,0,0,0,56.6200772225857,0,0,0,0,0,96.0784066617489,0,0,0,0,0,0,0,0,0,0,0,0,235.39945062995,0,260.626787826419,0,0,0,0,0,0,0,0,0,0,0,203.227724865079,183.077190995216,1.9340288490057,19.2336200773716,0,0
0,0,0,0,0,0,0,0,0,26.1356513500214,0,0,0,0,0,1.67591619491577,12.5429311096668,350.589557871222,20.3031395375729,0,0,9.15120083093643,0,187.643796265125,0,0,0,35.2326042354107,0,0,0,0,0,0,0,0,0,0,0,0,0,0,0.163516387343407,0,0,0,0,0,0,0,0,0,0,0,0,0,0,0,0,0,0,1.98771810531616,0,0,24.5848928689957,0,34.7642225921154,0,377.55982349813,0,66.008078366518,0,0,0,0,0,0,0,0,0,0,0,91.4411938637495,0,0,0,0
0,0,0,0,0,0,0,0,35.5564074516296,0,0,0,1,0,17.8944982886314,0,568.038659155369,21.3228878974915,3.58456373214722,0,0,0,129.440034389496,0,184.124712318182,0,0,0,267.57595539093,0,0,0,0,0,0,0,0,0,0,0,0,0,0,0,0,0,0,0,0,0,0,0,0,0,101.396104812622,0,0,0,6.88189110159874,0,5.62104466557503,0,0,0,0,0,0,0.160680890083313,0,274.885066688061,0,91.5900985300541,0,0,0,0,0,0,0,0,0,0,221.449107840657,0.412883311510086,0,0,0
0,0,0,0,0,0,0,0,0,0,0,0,0,8.52882766723633,0,0,0,1,0,0,0,51.5919239073992,0,0,0,35.2326042354107,0,0,0,43.6940946578979,0,0,0,0,0,0,0,12.7802151739597,0,0,0,0,0,0,0,0,0,0,0,0,0,0,0,0,0,0,0,0,0,30.2103818058968,0,0,0,0,109.798192694783,0,0,0,14.6002514958382,0,2275.91171838343,0,150.103757500648,0,0,0,0,0,0,0,88.2053902596235,0,16.0931091606617,0,0,0,0
0,0,0,0,0,0,0,0,0,0,0,0,81.1732714176178,0,0,0,14.064120978117,0,0,0,0,0,130.79667596519,0,0,0,267.57595539093,0,0,0,289.306598335505,0,0,0,0,0,0,0,54.1230332553387,0,0,0,0,0,0,0,0,0,0,0,0,0,0,0,0,0,6.5510036945343,0,44.9854953885078,0,0,0,0,0,0,31.3257040083408,0,0,0,40.1881191730499,0,1885.7938850373,0,68.0800692290068,0,0,0,0,0,0,0,120.171275347471,114.606789320707,8.78032863140106,0,0,0
0,0,0,0,0,0,0,0,0,0,0,78.1316570192575,0,0,0,0,0,0,0,0,0,0,0,0,0,0,0,43.6940946578979,0,0,0,0,0,0,0,0,0,383.857008397579,0,0,0,0,0,0,0,0,0,0,0,0,0,0,0,0,0,0,0,80.6673919260502,0,0,0,0,1.61652570962906,0,0,0,0,0,0,0,43.5699666440487,0,401.648253083229,0,0,0,0,0,0,0,141.299032777548,0,49.1127517223358,0,0,0,0
0,0,0.251908987760544,0,0.702705860137939,0,0,0,0,0,12.050128608942,0,0,0,0,0,0.197863548994064,0,3.07239806652069,0,19.2276465892792,0,0,0,0,0,0,0,289.306598335505,0,0,0,0,0,0,0,0,0,177.536718428135,0,0,0,4.55920372903347,0,0,0,2.57432800531387,0,0,0,0,0,0,0,0,0,273.582599952817,0,0,0,0,0,0,26.6048296540976,0,0,0,0,0,0,0,32.523392572999,0,268.385005861521,0,0,0,0,0,6.51373189687729,0,44.6436479389668,68.1078041046858,17.7414323091507,6.27082346379757,0,1.09798514842987
0,0,0,0,0,0,0,0,0,0,0,0,0,0,0,0,0,0,0,0,0,0,0,0,0,0,0,0,0,0,0,0,100.776615262032,164.639226168394,0,249.126471281052,0,0,0,0,0,0,0,0,0,0,0,73.9456907808781,0,2.08102214336395,0,0,0,0,0,0,0,0,0,0,0,0,0,0,0,0,0,0,0,0,0,0,0,0,1764.17804197967,90.0448681712151,293.246830552816,0,578.76178984344,0,0.496909886598587,0,68.9705314338207,0,0,0,0
0,0,0,0,0,0,0,0,0,0,0,0,0,0,0,0,0,0,0,0,0,0,0,0,0,0,0,0,0,0,0,100.776615262032,0,0,83.0576683282852,0,34.7344026267529,0,0,0,0,0,3.07177376747131,0,0,0,0,712.112041056156,0.876841127872467,0,0,0,0,0,0,0,0,0,0,0,0,0,0,0,0,0,0,0,0,0,0,0,0,0,0.407246917486191,906.481613859534,0,60.5948899686337,0,439.258880466223,0,0,6.60879564285278,0,0,0,0
0,0,0,0,0,0,0,0,0,0,0,0,0,0,0,0,0,0,0,0,0,0,0,0,0,0,0,0,0,0,0,164.639226168394,0,0,127.070913791656,446.214266732335,0,401.866246581078,5.31453084945679,0,0,0,0,0,0,0,0,840.172633707523,0,0.257463961839676,0,0,0,0,0,0,0,0,0,0,0,0,0,0,0,0,0,0,0,0,0,0,0,0,149.706653803587,1.35235667228699,1841.03478968143,358.428265035152,256.300215959549,0,252.846846073866,0,912.136317625642,54.7340226173401,1.05045676231384,0,0
0,0,0,0,0,0,0,0,0,0,0,0,0,0,0,0,0,0,0,0,0,0,0,0,0,0,0,0,0,0,0,0,83.0576683282852,127.070913791656,0,0,583.706038758159,0,294.830618053675,0,0,0,0,0,0,0,0,1057.2106872797,8.73477333784103,0,0,0,0,0,0,0,0,0,0,0,0,0,0,0,0,0,0,0,0,0,0,0,0,0,0,158.429428890347,136.525667279959,2164.71763798594,0,365.55487203598,0.831847488880157,473.94729834795,145.192953079939,0,13.8860182762146,0,0
0,0,0,1.54438269138336,0,0.490427434444427,0,0,0,0,0,143.123445034027,0,0,0,0,0.59843772649765,1.09746880829334,28.5102284476161,515.953978203237,0,0,0,0,0,0,0,0,0,0,0,249.126471281052,0,446.214266732335,0,0,65.8724648952484,2898.16352114081,0,12.3747172504663,0,34.477141648531,0,17.2998521924019,0,7.58103460818529,0.408581286668777,45.5987782925367,6.80035525560379,21.6817622557282,0,1.23598247766495,0,0,0,0,0,4.6654499694705,0,0.751019895076752,0,1.40312552452087,361.032035700977,0,0,0,0,0,0,0,1.03257613629103,0,14.4942186251283,0,18.390252918005,0,67.6576936841011,0,14157.1060247868,3.39447569847107,829.407715819776,0,852.117732226849,30.3990982174873,106.160621203482,10.1326880455017,0
0,0,0,0,1.51337075233459,0,0,0,0,0,17.0596795082092,0,0,0,0,0,0.611917808651924,0.926037669181824,27.1004674062133,0,738.709996700287,0,0,0,0,0,0,0,0,0,0,0,34.7344026267529,0,583.706038758159,65.8724648952484,0,0,3641.20125553012,0,3.18254809826612,0,31.7392187044024,0,6.33284892141819,0,14.1793996542692,188.181265175343,11.3748917579651,0,4.60925084352493,0,0,0,0,0,13.8805149868131,0,0,0,0,0,0,549.311063498259,0,0,0,0,0,0,0,0,0,3.08157895505428,0,15.8631077110767,0,239.698119714856,43.6291118860245,16095.3950327486,0,897.128113307059,692.739312298596,60.4719272255898,63.3003046065569,0,5.73338897526264
0,0,0,0,0,0,0,0,0,0,0,740.111158147454,0,0,0,0,0,0.168398037552834,6.057368516922,162.689538449049,0,1390.57227244973,6.86748170852661,609.679858714342,0,0,0,12.7802151739597,0,383.857008397579,0,0,0,401.866246581078,0,2898.16352114081,0,0,297.39511346817,2.78220957517624,0,7.12376983463764,0,0.8990508466959,0,0.487563714385033,0.497855395078659,821.329154580832,0,197.585059136152,0,0,0,0,0,0.643251895904541,0,31.3639873415232,0,0,0,0,93.3694589734077,0,358.637150853872,0,214.674548119307,0,0,0,1.32114866375923,0,198.691710993648,0,0,0,421.898872792721,0,1585.49287534505,5.6068731546402,16532.0575784296,92.371467590332,1966.86235103011,34.5229341387749,82.1826224178076,0.235230654478073,0
0,0,0,0,0.130017548799515,0,0,0,81.9298085272312,0,269.896274596453,0,0,0,0,0,0.764852583408356,0,9.93172752857208,0,339.871432721615,0,1074.24063226581,0,449.967211589217,0,0,0,54.1230332553387,0,177.536718428135,0,0,5.31453084945679,294.830618053675,0,3641.20125553012,297.39511346817,0,0,2.34933732450008,0,10.0791276693344,0,0,0,14.0137423276901,405.040132075548,954.842481076717,0,0,0,0,0,26.0126957297325,0,215.239160999656,0,0,0,0,0,0,165.690864667296,0,359.433989107609,0,179.821391433477,0,0,0,9.74908445775509,0,234.657001316547,0,0,0,341.663191109896,0,1359.90178237855,0,15357.8321838528,1166.34234184027,107.292466640472,360.555445641279,0,9.66611760854721
0,0,0,3.39190419018269,0,0.28024023771286,0,0,0,0,0,0,0,0,0,0,22.4442517384887,22.8566363677382,471.345543041825,3.14636701345444,0.7057244181633,0,0,0,0,0,0,0,0,0,0,0,0,0,0,12.3747172504663,0,2.78220957517624,0,0,2.88598942756653,1752.28468647599,9.13494738936424,151.974780708551,1.45882570743561,92.9578751027584,1.77028325200081,8.9389406144619,0,356.541427478194,0,0,0,0,0,0,0.190133050084114,9.99402259290218,0,0.256923824548721,0,0,182.362750828266,0,0,0,0,0,0,0,9.31177619099617,0,52.3840773850679,0,0,0,0,0,1037.88689693063,6.3129570633173,173.843663230538,0,93.3962819352746,0,895.08192203939,65.4898450523615,2.9626952111721
0,0,8.87612886726856,0,3.76913963258266,0,0,0,0,0,0.188294604420662,0,0,0,0,0,8.89917747676373,6.62685312330723,252.973910167813,0,0.343639209866524,0,0,0,0,0,0,0,0,0,0,0,0,0,0,0,3.18254809826612,0,2.34933732450008,2.88598942756653,0,11.100923538208,819.683491364121,0.268573507666588,20.2858151197433,2.78622770309448,96.227205529809,93.5392786860466,298.453830778599,1.09745624661446,0.911163985729218,0,0,0,0.214490100741386,0,27.576856084168,0,0,0,0,0,0.218662798404694,43.3716604188085,0,0,0,0,0,0,0,0,0,20.7674551606178,0,0,0,0.198896080255508,1.88680717349052,457.585356727242,0.17854055762291,111.240411326289,57.6721899732947,0,663.064094677567,0,210.262905359268
0,0.994013130664825,0,27.8014655262232,0,3.43733292818069,0,0,0,4.85619838535786,0,0,0,0,0,0,32.3900916725397,54.59202465415,1426.13429167867,4.21350818872452,0,0,0,0,0,0,0,0,0,0,0,0,0,0,0,34.477141648531,0,7.12376983463764,0,1752.28468647599,11.100923538208,0,418.849007628858,112.959393382072,1.75470149517059,64.8623401671648,21.651563346386,101.063237592578,0.434798806905746,599.026658505201,0,0,0,0,0,0,0,190.16930770874,0,5.80781118571758,0,1.30117857456207,171.657148361206,5.25646108388901,0,0,0,0,0,0,138.825204908848,0,900.480784401298,0,0,0,0.20641827583313,0,2461.18958322704,24.7051068097353,910.950975060463,1.97730749845505,1274.88538916409,0,3772.92821209878,1287.59783187509,2.84287182241678
12.9927688241005,0,81.4887535274029,1.02734863758087,7.01744498312473,0,0,0,19.1922088265419,0,1.15986526012421,0,0,0,0,0,30.9543212354183,22.4112750142813,927.920335829258,0,1.32560394704342,0,0,0,0,0.163516387343407,0,0,0,0,4.55920372903347,0,3.07177376747131,0,0,0,31.7392187044024,0,10.0791276693344,9.13494738936424,819.683491364121,418.849007628858,0,10.7009621337056,48.341755002737,2.74004931747913,128.915494382381,293.570723041892,551.166575834155,3.55922546982765,0,0,0,0,1.35607028007507,0,788.980126217008,0,0.218054220080376,0,0,0,1.91561621427536,373.131558537483,0,0,0,0,0,0,0,0,2.16020247340202,120.400841146708,0,3.51558266580105,0,2.8149561882019,6.70226565003395,2178.32792759687,6.07566256821156,69.1907206326723,752.983477182686,0,4088.77468459308,3.37875753641129,1096.29592971504
0,0,0,0,0,0,0,0,0,0,0,0,0,0,0,0,26.6250720322132,26.8445699810982,465.561684675515,0,0,0,0,0,0,0,0,0,0,0,0,0,0,0,0,17.2998521924019,0,0.8990508466959,0,151.974780708551,0.268573507666588,112.959393382072,10.7009621337056,0,0,13.6608673632145,3.81466729938984,0,0,8.07034206390381,0,0,0,0,0,0,5.73977954685688,0.76298314332962,0,0,0,0,8.45047608017921,0,0,0,0,0,0,0,0,0,16.2828539609909,0,0,0,0,0,415.311825990677,12.2225402146578,64.1369148790836,0,46.0643112957478,0,125.402668364346,14.2038731426001,3.10592776536942
0,0,0.715477406978607,0,0,0,0,0,0,0,0,0,0,0,0,0,9.27796280384064,1.07800400257111,153.192496336997,0,0.470756024122238,0,0,0,0,0,0,0,0,0,0,0,0,0,0,0,6.33284892141819,0,0,1.45882570743561,20.2858151197433,1.75470149517059,48.341755002737,0,0,0,32.1206752508879,0,1.42848685383797,0,0,0,0,0,0,0,8.31710360944271,0,0,0,0,0,0,20.11572958529,0,0,0,0,0,0,0,0,0,4.3729732632637,0,0,0,0,0.295942068099976,145.717826113105,0.779710471630096,10.6363888978958,13.2805417105556,0,76.2309081703424,0.184306338429451,2.92711552977562
0,0,0,28.2192198336124,0,0.484011441469193,0,0,0,1.08437371253967,0,0,0,0,0,0,13.1055287569761,4.40469589829445,84.9419054836035,2.08658447861671,0,0,0,0,0,0,0,0,0,0,0,0,0,0,0,7.58103460818529,0,0.487563714385033,0,92.9578751027584,2.78622770309448,64.8623401671648,2.74004931747913,13.6608673632145,0,0,1.65624868869781,27.1915906518698,0.729616403579712,95.1705855578184,0,1.56519785523415,0,0,0,0,0,11.3093402832747,0,1.74083089828491,0,0,365.726977325976,0,0,0,0,0,0,0,8.3686346411705,0,75.7342383414507,0,0,0,0,0,408.909661851823,4.62251454591751,282.567024365067,0,29.8945715725422,0,214.465031675994,0.756864368915558,0
2.42843055725098,0,9.36329226195812,0,4.82280051708221,0,0,0,0,0,0.844547510147095,0,0,0,0,0,38.3495396822691,20.5539297088981,450.314604192972,0,11.9765358045697,0,0,0,0,0,0,0,0,0,2.57432800531387,0,0,0,0,0.408581286668777,14.1793996542692,0.497855395078659,14.0137423276901,1.77028325200081,96.227205529809,21.651563346386,128.915494382381,3.81466729938984,32.1206752508879,1.65624868869781,0,14.2691248208284,80.5809050798416,2.32622265815735,2.73157232999802,0,0,0,1.76087355613708,0,129.345575243235,0,0,0,0,0,3.8141770362854,401.696468129754,0,0,0,0,0,0,0,0,1.06202507019043,56.5294218957424,0,0,0,0.304571628570557,5.32263475656509,936.867076054215,0,119.270309612155,123.685504674911,0,474.639040917158,0,16.232828438282
0,0,2.03224802017212,1.99542579054832,2.31121996045113,0,0,0,0,0,0,0,0,0,0,0,0,0,4.06625494360924,3.84026592969894,1.39409494400024,0,0,0.356395989656448,0,0,0,0,0,0,0,73.9456907808781,712.112041056156,840.172633707523,1057.2106872797,45.5987782925367,188.181265175343,821.329154580832,405.040132075548,8.9389406144619,93.5392786860466,101.063237592578,293.570723041892,0,0,27.1915906518698,14.2691248208284,0,1640.95375487208,963.566964462399,3.01505962014198,0,0,0,0,0,30.6160974949598,1.79448980093002,0,0,0,0,8.17029348015785,13.5212850868702,0.303783655166626,0,0.362698465585709,0,0,0,0.970841735601425,0,3.47281241416931,1.05146203935146,1740.28405608237,3230.45792806149,1306.52187626064,1595.68831670284,1845.24566052854,2840.41894738376,19.0996067970991,119.000194996595,1197.22868923843,10.3106220960617,1576.70657914877,0.162124484777451,4.08932590484619
28.7452792525291,0,75.8074381649494,0,7.86804214119911,0,0,0,15.7048329114914,0,0,0,0,0,0,0,0,0,13.1042840704322,0,5.54140119254589,0,143.063095167279,0,56.6200772225857,0,0,0,0,0,0,0,0.876841127872467,0,8.73477333784103,6.80035525560379,11.3748917579651,0,954.842481076717,0,298.453830778599,0.434798806905746,551.166575834155,0,1.42848685383797,0.729616403579712,80.5809050798416,1640.95375487208,0,42.124188542366,4.09379421174526,0,0,0,27.9570423364639,0,67.8157939612865,0,22.680434346199,0,87.7724225670099,0,0,24.0234186649323,0,607.076286897063,0,132.994648963213,0,2.57030938565731,0,70.387035548687,0,57.5145556479692,0,36.1302868723869,3.33786627650261,30.9039962291718,0.447837084531784,295.865937501192,0,826.785143062472,135.047278352082,0,1581.14263424277,0,2.26146000623703
0,61.8062167614698,0,26.0835354328156,1.61794769763947,0.871566474437714,0,0,0,13.3260580301285,0,0,0,0,0,0,1.35797813534737,1.06934770941734,43.2648228183389,9.41957040131092,0,18.6971511244774,0,44.1413923501968,0,0,0,0,0,0,0,2.08102214336395,0,0.257463961839676,0,21.6817622557282,0,197.585059136152,0,356.541427478194,1.09745624661446,599.026658505201,3.55922546982765,8.07034206390381,0,95.1705855578184,2.32622265815735,963.566964462399,42.124188542366,0,0,3.81862843036652,0,0,0,0.802327454090118,1.29793810844421,226.541559040546,0,13.4805107116699,0,0,102.598727613688,0,216.314148455858,0,281.468207448721,0,196.372276484966,0,522.230384498835,0,121.382076114416,0,0,0.940734535455704,8.93299533426762,0.334038257598877,357.034015245736,2.4625608921051,672.332243129611,0,174.342806205153,0,1326.86908507347,29.4713984727859,0
0,0,23.4474352300167,0,302.43846385181,0,40.710102558136,0,10.8269613981247,0,0,0,0,0,0.690655171871185,0,0,0,0,0,17.0956000834703,0,0,0,0,0,0,0,0,0,0,0,0,0,0,0,4.60925084352493,0,0,0,0.911163985729218,0,0,0,0,0,2.73157232999802,3.01505962014198,4.09379421174526,0,0,0,120.637696683407,0,109.742536574602,0,49.7532660216093,0,0,0,12.1106664389372,0,0,90.2019279152155,0,0,0,0,0,0,0,0,0,0,0,0,0,0,0,3.69510334730148,0,0,41.7899665087461,0,135.491171017289,0,0
0,0,0,0.325753629207611,0,492.207720011473,0,0,0,0,0,0,0,0,0,0,0,0,0,9.42331653833389,0,0,0,0,0,0,0,0,0,0,0,0,0,0,0,1.23598247766495,0,0,0,0,0,0,0,0,0,1.56519785523415,0,0,0,3.81862843036652,0,0,0,0,0,0,0,12.529690772295,0,9.8825478553772,0,0.383665710687637,87.6396760046482,0,0,0,0,0,0,0,0,0,0,0,0,0,0,0,15.2111323475838,0,0,0,0,0,132.485184699297,0,0
0,0,0,0,0,0,198.200293183327,0,0,0,0,0,0,0,0,0,0,0,0,0,21.3900784850121,0,0,0,0,0,0,0,0,0,0,0,0,0,0,0,0,0,0,0,0,0,0,0,0,0,0,0,0,0,120.637696683407,0,0,0,0,0,3.88162302970886,0,128.81791806221,0,0,0,0,0,0,0,0,0,0,0,0,0,0,0,0,0,0,0,0,0,0,0,121.79308372736,0,0,0,0
0,0,0,0,0,0,0,195.109508395195,0,0,0,271.924495309591,0,0,0,0,0,0,0,28.0568947792053,0,0,0,0,0,0,0,0,0,0,0,0,0,0,0,0,0,0,0,0,0,0,0,0,0,0,0,0,0,0,0,0,0,0,0,0,0,0,0,11.2749130725861,0,0,8.25650373101234,0,0,0,0,0,0,0,0,0,0,0,0,0,0,0,0,0,0,0,0,0,0,0,0
179.320918411016,0,54.8938466906548,0,10.3631365299225,0,0,0,634.956206262112,0,0,0,0,0,96.7184745371342,0,6.34618762135506,4.24032354354858,0,0,1.39078593254089,0,0,0,96.0784066617489,0,101.396104812622,0,0,0,0,0,0,0,0,0,0,0,26.0126957297325,0,0.214490100741386,0,1.35607028007507,0,0,0,1.76087355613708,0,27.9570423364639,0,109.742536574602,0,0,0,0,0,1.46370035409927,0,0,0,215.39522922039,0,0,0,0,0,0,309.001194044948,0,82.9474272727966,0,0,0,0,0,0,0,0,0,0.165765807032585,0,184.110094055533,12.11427102983,0,81.6102726012468,0,0
0,483.760498568416,0,0,0,0,0,0,0,532.397575229406,0,0,0,0,0,9.53598690032959,0,0,0,0,0,0,0,2.34971031546593,0,0,0,0,0,0,0,0,0,0,0,0,0,0.643251895904541,0,0,0,0,0,0,0,0,0,0,0,0.802327454090118,0,0,0,0,0,0,0,0,0,0,0,114.433394640684,0,0,0,0,391.208465248346,0,0,0,0,0,0,0,0,0,0,0,0,0,4.61793646216393,0,21.2012563943863,0,0,0,0
0,0,35.5832962095737,0,12.9186893999577,0,46.9184297919273,0,2.54316589236259,0,1992.57490035892,0,71.7829496562481,0,0,0,0.728565096855164,2.78882817924023,74.8352210372686,0,155.9950222224,0,0,0,0,0,0,0,6.5510036945343,0,273.582599952817,0,0,0,0,0,13.8805149868131,0,215.239160999656,0.190133050084114,27.576856084168,0,788.980126217008,5.73977954685688,8.31710360944271,0,129.345575243235,30.6160974949598,67.8157939612865,1.29793810844421,49.7532660216093,0,3.88162302970886,0,1.46370035409927,0,0,0.719202041625977,349.644318237901,0,8.69520728290081,0,0,875.36863899976,0,0,0,0,0,4.38790878653526,0,517.306479752064,1.78862166404724,971.52400945127,0,0,0,0.321163713932037,0,178.192730508745,0,84.2867930233479,737.600862331688,0,1000.28869637847,0,105.862740695477
0,21.9198261201382,0,23.1941191256046,0,0.452919483184814,0,0,0,0,0,2118.40862894058,0,156.608996152878,0,0,0,0,0.303758166730404,36.8254202902317,0,0,0,0.220318645238876,0,0,0,0,0,80.6673919260502,0,0,0,0,0,4.6654499694705,0,31.3639873415232,0,9.99402259290218,0,190.16930770874,0,0.76298314332962,0,11.3093402832747,0,1.79448980093002,0,226.541559040546,0,12.529690772295,0,0,0,0,0.719202041625977,0,0,18.2243347465992,0,0,766.329242378473,0,0.775289073586464,0,0.633675426244736,0,0,0,269.118347078562,0,949.787174060941,0,0,0,0,0,26.2048405483365,0,77.0750266760588,0,164.970601931214,0,634.056453883648,12.5622800886631,0
0,0,23.5042523741722,0,0,0,69.0761698484421,0,0,0,29.7504643797874,0,590.653168201447,0,15.159070789814,0,0,0,0,0,0,0,0,0,0,0,6.88189110159874,0,44.9854953885078,0,0,0,0,0,0,0,0,0,0,0,0,0,0.218054220080376,0,0,0,0,0,22.680434346199,0,0,0,128.81791806221,0,0,0,349.644318237901,0,0,0,256.892338246107,0,0,0,0,0,0,0,0,33.1964732706547,0,723.014068096876,0,0,0,0,0,0,0,0,0,0,133.886216461658,22.9860374927521,10.5513017773628,0,0
0,0,0,11.8654575496912,0,13.874840259552,0,14.7703812122345,0,0,0,10.8375265002251,0,1147.53247261047,0,61.8383446335793,0,0,0,0.310517430305481,0,0,0,0,0,0,0,30.2103818058968,0,0,0,0,0,0,0,0.751019895076752,0,0,0,0.256923824548721,0,5.80781118571758,0,0,0,1.74083089828491,0,0,0,13.4805107116699,0,9.8825478553772,0,11.2749130725861,0,0,0,18.2243347465992,0,0,0,59.2078590989113,8.32420960068703,0,0,0,0,0,29.7166654467583,0,218.828100055456,0,0,0,0,0,0,0,0,0,0,0,0.884550333023071,0,51.2317029982805,0,0
20.531229019165,0,3.79944849014282,0,5.79060363769531,0,0,0,19.7258866429329,0,0,0,1,0,50.6682146787643,0,63.156501352787,10.6042546033859,2.28044745326042,0,0,0,5.64705446362495,0,0,0,5.62104466557503,0,0,0,0,0,0,0,0,0,0,0,0,0,0,0,0,0,0,0,0,0,87.7724225670099,0,12.1106664389372,0,0,0,215.39522922039,0,8.69520728290081,0,256.892338246107,0,0,0,0,0,0,0,0,3.1377902328968,0,155.129253715277,0,0,0,0,0,0,0,0,0,0,0,0,8.18668830394745,0,1.44618400931358,0,0
0,95.5126536786556,0,0,0,15.3889913260937,0,0,0,42.5009527206421,0,0,0,0,0,39.2479531466961,0,64.3202067613602,0,0.564359664916992,0,0,0,0,0,1.98771810531616,0,0,0,0,0,0,0,0,0,1.40312552452087,0,0,0,0,0,1.30117857456207,0,0,0,0,0,0,0,0,0,0.383665710687637,0,0,0,114.433394640684,0,0,0,59.2078590989113,0,0,0.377892106771469,0,0,0,0,0,10.3713785856962,0,4.00624626874924,0,0,0,0,0,0,0,0,0,0,0,102.628435969353,0,17.1213753819466,0,0
0,0,0,0.792564809322357,0,11.8351548612118,0,0,0,0,0,478.741653129458,0,0,0,0,2.47861686348915,0.436724618077278,62.5809789150953,1057.92199918628,0,0,0,0,0,0,0,0,0,1.61652570962906,0,0,0,0,0,361.032035700977,0,93.3694589734077,0,182.362750828266,0.218662798404694,171.657148361206,1.91561621427536,8.45047608017921,0,365.726977325976,3.8141770362854,8.17029348015785,0,102.598727613688,0,87.6396760046482,0,8.25650373101234,0,0,0,766.329242378473,0,8.32420960068703,0,0.377892106771469,0,0,0,0,0,0,0,0,105.264446213841,0,768.512693919241,0,0,0,0,0,2940.08235456795,2.2940149307251,1201.06442071497,0,162.223312653601,0,508.066366076469,16.9997334629297,0
0,0,0.876678645610809,0,29.5292944461107,0,2.07963791489601,0,0.522995069622993,0,109.556435503066,0,0,0,0,0,5.70375421643257,7.93662075698376,129.086809024215,0,1361.3542586118,0,0.370512098073959,0,0,0,0,0,0,0,26.6048296540976,0,0,0,0,0,549.311063498259,0,165.690864667296,0,43.3716604188085,5.25646108388901,373.131558537483,0,20.11572958529,0,401.696468129754,13.5212850868702,24.0234186649323,0,90.2019279152155,0,0,0,0,0,875.36863899976,0,0,0,0,0,0,0,0,0,0,0,0,0,0,0,0,225.067725978792,0,0.273253202438354,0,0.349110454320908,0.242674827575684,3326.1219509691,0,516.634769842029,176.931603714824,0,605.424037277699,0,6.5274338722229
0,0.469366297125816,0,0,0,0,0,0,0,0,0,0,0,0,0,0,0,3.23207116127014,0,0,0,5648.47296948731,18.2982078790665,98.7884671539068,0,24.5848928689957,0,109.798192694783,0,0,0,0,0,0,0,0,0,358.637150853872,0,0,0,0,0,0,0,0,0,0.303783655166626,0,216.314148455858,0,0,0,0,0,0,0,0.775289073586464,0,0,0,0,0,0,0,0,514.421299666166,0,32.7138501554728,0,638.009310275316,0,0,0,0,0,0,0,0,0,445.648323848844,0,220.404934465885,0,2.33447010815144,0,0
0,0,0,0,0,0,0,0,0,0,0,0,0,0,0,0,0,0,0,0,0,20.4291217327118,5092.34060296416,0,0,0,0,0,31.3257040083408,0,0,0,0,0,0,0,0,0,359.433989107609,0,0,0,0,0,0,0,0,0,607.076286897063,0,0,0,0,0,0,0,0,0,0,0,0,0,0,0,0,0,0,115.26084767282,0,354.186351329088,0,659.354078352451,0,0,0,0,0,0,0,0,0,682.535940364003,218.124641269445,0,0,0,0
0,24.3404170870781,0,0,0,0,0,0,0,33.9110271632671,0,0,0,0,0,0,0,3.47991049289703,1.86803025007248,0,0,178.919539883733,0,829.872335195541,0,34.7642225921154,0,0,0,0,0,0,0,0,0,0,0,214.674548119307,0,0,0,0,0,0,0,0,0,0.362698465585709,0,281.468207448721,0,0,0,0,0,391.208465248346,0,0.633675426244736,0,0,0,0,0,0,514.421299666166,0,0,0,125.766550526023,0,3.44458788633347,0,0,0,0,0,6.89462599158287,0,0,0,842.279886841774,0,148.895671844482,0,172.037236958742,0,0
2.32693339884281,0,0,0,0,0,0,0,51.5022941976786,0,0,0,0,0,0,0,14.3565562665462,27.477641582489,0,0,0,0,38.452583745122,0,235.39945062995,0,0.160680890083313,0,0,0,0,0,0,0,0,0,0,0,179.821391433477,0,0,0,0,0,0,0,0,0,132.994648963213,0,0,0,0,0,309.001194044948,0,0,0,0,0,3.1377902328968,0,0,0,0,115.26084767282,0,0,0,205.135560341179,0,0,0,0,0,0,0,0,0,0,0,432.36178137362,17.5717763453722,0.561510652303696,23.0086419582367,0,0
0,0,0,0,0,0,0,0,0,0,0,0,0,0,0,2.16428852081299,0,149.51110035181,0,0,0,10.1617218852043,0,22.0879336297512,0,377.55982349813,0,14.6002514958382,0,0,0,0,0,0,0,0,0,0,0,0,0,0,0,0,0,0,0,0,0,196.372276484966,0,0,0,0,0,0,0,0,0,29.7166654467583,0,10.3713785856962,0,0,32.7138501554728,0,125.766550526023,0,0,0,460.358445540071,0,0,0,0,0,0,0,0,0,0,0,85.9830666184425,0,0,0,0
1.54442977905273,0,0,0,0,0,0,0,3.12859845161438,0,0,0,0,0,9.4634273648262,0,270.871186062694,36.6072542667389,6.11921811103821,0,0,0,434.110263213515,0,260.626787826419,0,274.885066688061,0,40.1881191730499,0,0,0,0,0,0,0,0,0,0,0,0,0,0,0,0,0,0,0,2.57030938565731,0,0,0,0,0,82.9474272727966,0,4.38790878653526,0,33.1964732706547,0,155.129253715277,0,0,0,0,354.186351329088,0,205.135560341179,0,0,0,418.23624818027,0,0,0,0,0,0,0,0,0,0,53.4548713564873,0.346691399812698,0,0,0
0,0,0,0.219285160303116,0,0,0,0,0,0,0,26.425687879324,0,7.75873866677284,0,0,0,0,2.61303009092808,0,0,214.180330350995,0,1.56694513559341,0,66.008078366518,0,2275.91171838343,0,43.5699666440487,0,0,0,0,0,1.03257613629103,0,1.32114866375923,0,9.31177619099617,0,138.825204908848,0,0,0,8.3686346411705,0,0.970841735601425,0,522.230384498835,0,0,0,0,0,0,0,269.118347078562,0,218.828100055456,0,4.00624626874924,105.264446213841,0,638.009310275316,0,3.44458788633347,0,460.358445540071,0,0,0,89.7704434394836,0,0,0,0,0,18.372733451426,0,735.717565730214,0,11.5175089240074,0,89.6863825768232,9.51664426922798,0
0,0,0,0,0,0,0,0,0,0,5.55664825439453,0,0,0,0,0,0,0,0,0,0,0,123.080141291022,0,0,0,91.5900985300541,0,1885.7938850373,0,32.523392572999,0,0,0,0,0,0,0,9.74908445775509,0,0,0,0,0,0,0,0,0,70.387035548687,0,0,0,0,0,0,0,517.306479752064,0,723.014068096876,0,0,0,0,0,0,659.354078352451,0,0,0,418.23624818027,0,0,0,199.607222154737,0,0,0,0,0,0,0,191.894899308681,103.294964909554,11.133763551712,1.33242905139923,0,0
0,0.504482373595238,0,2.35471652448177,0,0.573606908321381,0,0,0,0,0,109.014688774943,0,0,0,0,1.91804632544518,1.30843804776669,62.186891682446,16.60753428936,0,0,0,0,0,0,0,150.103757500648,0,401.648253083229,0,0,0,0,0,14.4942186251283,0,198.691710993648,0,52.3840773850679,0,900.480784401298,2.16020247340202,16.2828539609909,0,75.7342383414507,1.06202507019043,3.47281241416931,0,121.382076114416,0,0,0,0,0,0,1.78862166404724,949.787174060941,0,0,0,0,768.512693919241,0,0,0,0,0,0,0,89.7704434394836,0,0,0,0,0,0,0,250.468319945037,4.25482335686684,859.720300137997,0,111.573865815997,0,418.425453186035,119.411367610097,0
0,0,2.04407000541687,0,0,0,0,0,0,0,23.5358693301678,0,0,0,0,0,0.249682500958443,0.259549021720886,57.2572249099612,0,50.2276724278927,0,0,0,0,0,0,0,68.0800692290068,0,268.385005861521,0,0,0,0,0,3.08157895505428,0,234.657001316547,0,20.7674551606178,0,120.400841146708,0,4.3729732632637,0,56.5294218957424,1.05146203935146,57.5145556479692,0,0,0,0,0,0,0,971.52400945127,0,0,0,0,0,0,225.067725978792,0,0,0,0,0,0,0,199.607222154737,0,0,0,0,0,0,0,96.8730549737811,0,735.500022828579,144.029923602939,4.08829045295715,767.505009815097,0,33.1355949342251
0,0,0,0,0,0,0,0,0,0,0,0,0,0,0,0,0,0,0,0,0,0,0,0,0,0,0,0,0,0,0,1764.17804197967,0.407246917486191,149.706653803587,0,18.390252918005,0,0,0,0,0,0,0,0,0,0,0,1740.28405608237,0,0,0,0,0,0,0,0,0,0,0,0,0,0,0,0,0,0,0,0,0,0,0,0,0,0,0,0,380.51104144752,0,590.368472903967,0,0,0,31.283275693655,0,0,0,0
0,0,0,0,0,0,0,0,0,0,0,0,0,0,0,0,0,0,0,0,0,0,0,0,0,0,0,0,0,0,0,90.0448681712151,906.481613859534,1.35235667228699,158.429428890347,0,15.8631077110767,0,0,0,0,0,3.51558266580105,0,0,0,0,3230.45792806149,36.1302868723869,0.940734535455704,0,0,0,0,0,0,0,0,0,0,0,0,0,0.273253202438354,0,0,0,0,0,0,0,0,0,0,0,0,0,285.634562477469,0,1120.53697562218,0,0.864717543125153,133.81380790472,0,0.74065862596035,0,0
0,0,0,0,0,0,0,0,0,0,0,0,0,0,0,0,0,0,0,0,0,0,0,0,0,0,0,0,0,0,0,293.246830552816,0,1841.03478968143,136.525667279959,67.6576936841011,0,421.898872792721,0,0,0,0.20641827583313,0,0,0,0,0,1306.52187626064,3.33786627650261,8.93299533426762,0,0,0,0,0,0,0,0,0,0,0,0,0,0,0,0,6.89462599158287,0,0,0,0,0,0,0,380.51104144752,0,0,83.103154823184,403.596379697323,0.688087522983551,1029.65173748136,0,1054.04920817912,4.22200530767441,6.11175173521042,0,0
0,0,0,0,0,0,0,0,0,0,0,0,0,0,0,0,0,0,7.65625900030136,0,0,0,0,0,0,0,0,0,0,0,0,0,60.5948899686337,358.428265035152,2164.71763798594,0,239.698119714856,0,341.663191109896,0,0.198896080255508,0,2.8149561882019,0,0,0,0.304571628570557,1595.68831670284,30.9039962291718,0.334038257598877,0,0,0,0,0,0,0.321163713932037,0,0,0,0,0,0,0.349110454320908,0,0,0,0,0,0,0,0,0,0,0,285.634562477469,83.103154823184,0,0,499.752044409513,0,1561.58798488975,370.316171735525,0,22.3836251795292,0,0
0,0,0,0,0,1.92437791824341,0,0,0,1.16747090220451,0,6.60434973239899,0,0,0,0,17.1227067708969,21.7290891259909,807.986647352576,1015.79815185815,0,0,0,0,0,0,0,0,0,0,0,578.76178984344,0,256.300215959549,0,14157.1060247868,43.6291118860245,1585.49287534505,0,1037.88689693063,1.88680717349052,2461.18958322704,6.70226565003395,415.311825990677,0.295942068099976,408.909661851823,5.32263475656509,1845.24566052854,0.447837084531784,357.034015245736,0,15.2111323475838,0,0,0,0,0,26.2048405483365,0,0,0,0,2940.08235456795,0.242674827575684,0,0,0,0,0,0,18.372733451426,0,250.468319945037,0,590.368472903967,0,403.596379697323,0,0,8.06774170696735,2758.35815756768,0,1392.44183956832,2.83331015706062,1107.77115576714,346.454338654876,0
