0,0,83.1546239256859,0,0,0,0,0,443.047244682908,0,0,0,0,0,0,0,0,0,48.890221118927,0,0,0,0,0,0,0,0,0,0,0,0,0,0,0,0,0,0,0,0,0,0,0,6.96004801988602,0,0,0,0.924275279045105,0,137.611079931259,0,0,0,0,0,110.496125623584,0,0,0,0,0,51.0696234107018,0,0,0,0,0,0,0,0,0,0,0,0,0,0,0,0,0,0,1.43612785637379,0,0,262.708746656775,0,266.782162100077,0,6.55216816067696
0,0,0,186.557293057442,0,0,0,0,0,373.188782334328,0,0,0,0,0,0,0,0,0,0,0,0,0,0,0,0,0,0,0,0,0,0,0,0,0,0,0,0,0,0,0,10.0421513020992,0,0,0,0,0,0,0,61.3356497883797,0,0,0,0,0,476.000787258148,0,4.39360129833221,0,0,0,5.06448441743851,0,0,0,0,73.6451775431633,0,0,0,0,0,0,0,0,0,0,0,0,0,0,0,16.6543284654617,0,354.924854010344,0,0
83.1546239256859,0,0,0,46.1866486668587,0,0,0,83.0814394652843,0,0,0,0,0,0,0,0,0,0.644461080431938,0,11.508493244648,0,0,0,0,0,0,0,0,0,0,0,0,0,0,0,0,0,0,0,11.4328758865595,0,1.67034678161144,0,0,0,10.4311039745808,0.896828830242157,93.4410077035427,0,0,0,0,0,52.060772895813,0,17.499069839716,0,0,0,29.0224522054195,0,0,37.3980213999748,0,0,0,0,0,0,0,0,0,2.43059292435646,0,0,0,0,0,0.528241395950317,0,0.147020012140274,1.95060223340988,0,1208.19821664691,0,0
0,186.557293057442,0,0,0,102.155798792839,0,0,0,247.077850908041,0,0.487354606389999,0,0,0,0,0,0,0.177291065454483,1.3922194391489,0,0,0,0,0,0,0,0,0,0,0,0,0,0,0,0.230720996856689,0.521046102046967,0.767726302146912,0,3.76319722831249,0,5.03953419625759,0,0.263262003660202,0,78.5742689073086,0,4.45604120194912,4.4686222076416,44.7538384944201,0,83.5046520531178,0,0,0,609.390865921974,0,27.7708178758621,0,0,0,2.17694440484047,3.1432825922966,0,0,0,0,0,0,0,0,0,5.11912424862385,0,0,0,0,0,2.46785259246826,0,4.14023956656456,0,211.757895201445,29.5999500751495,378.468493327498,0.935957849025726,0
0,0,46.1866486668587,0,0,0,65.8442785739899,0,2.85654187202454,0,0,0,0,0,0.314505845308304,0,0,0,0,0,24.8246885538101,0,0,0,0,0,0,0,0,0,0,0,0,0,0,0,0,0,0,0,0,0,0,0,0,0,0.492622643709183,0,0,0,425.861659616232,0,20.5673286020756,0,203.125271677971,0,16.2998007535934,0,56.1333248913288,0,13.3251605331898,0,0,23.1019535660744,0,0,0,0,0,0,0,0,0,3.83813022077084,0,0,0,0,0,0,0,0,10.0969616770744,0,35.2460082471371,0,0.218535736203194
0,0,0,102.155798792839,0,0,0,27.4363198280334,0,13.1221383213997,0,0,0,0,0,12.0629410147667,0,0,0,124.665270060301,0,0,0,0,0,0,0,0,0,0,0,0,0,0,0,78.2897714972496,0,0,0,0,0,0,0,0,0,36.7057447135448,0,1.59590069949627,0,0.179873585700989,0,560.911580353975,0,49.046938598156,0,192.688281983137,0,0,0,0.792361915111542,0,59.7001447975636,243.998471438885,0,0,0,0,0,0,0,0,0,0.760235786437988,0,0,0,0,0,61.5620240569115,0,0.723564997315407,0,697.563503667712,98.3573485016823,325.271374195814,0,0
0,0,0,0,65.8442785739899,0,0,0,0,0,0,0,15.341617166996,0,0,0,0,0,0,0,0.472951889038086,0,0,0,0,0,0,0,0,0,0,0,0,0,0,0,0,0,0,0,0,0,0,0,0,0,0,0,0,0,123.137804150581,0,131.348230928183,0,0,0,0,0,77.2770045399666,0,0,0,0,0,0,0,0,0,0,0,0,0,0,0,0,0,0,0,0,0,0,0,12.4703726768494,0,0,0,0
0,0,0,0,0,27.4363198280334,0,0,0,0,0,177.242529571056,0,0,0,0,0,0,0,0,0,0,0,0,0,0,0,0,0,0,0,0,0,0,0,0,0,0,0,0,0,0,0,0,0,0,0,0,0,0,0,40.2471289038658,0,136.261819392443,0,0,0,106.465049535036,0,0,0,0,0,0,0,0,0,0,0,0,0,0,0,0,0,0,0,0,0,0,0,0,2.28557974100113,0,0,0,0
443.047244682908,0,83.0814394652843,0,2.85654187202454,0,0,0,0,0,0,0,0,0,49.2983347773552,0,394.213108778,23.9076361656189,10.6384314000607,0,1.46050536632538,0.218844667077065,47.4269019812346,2.23024079203606,90.1194524168968,0,62.2892473042011,0,0,0,0,0,0,0,0,0,0,0,14.1817124187946,0,0,0,166.88795170188,0,0,0,0,0.616187155246735,6.00586318969727,0,9.45549952983856,0,0,0,780.253997400403,0,13.4943565428257,0,35.9368424117565,0,101.731295853853,0,0,0,0,2.63323672115803,0,95.5766340792179,0,29.1138898581266,0,0,0,0,0,0,0,0,0,0,0,9.73848977684975,637.39963555336,0,165.244480788708,0,8.78915712237358
0,373.188782334328,0,247.077850908041,0,13.1221383213997,0,0,0,0,0,0,0,0,0,19.2844605445862,0.25529471039772,137.591091901064,5.44264984130859,0.393889427185059,0,2.8813199698925,0,26.4703165888786,0,8.8827323615551,0,0,0,0,0,0,0,0,0,0,0.295384973287582,2.45654004812241,0,0,0,76.3809196650982,0,0,0,4.18696212768555,0.70209139585495,2.09290337562561,0,20.9397673904896,0,0,0,0,0,513.563138782978,0,0.300943344831467,0,0,0,3.55002588033676,0,0,1.46884453296661,0,0,0,2.29897505044937,0,0,0,0,0,0,0,0,0,0,0,0,0,818.897262513638,3.82591593265533,426.888551861048,13.3041062951088,0
0,0,0,0,0,0,0,0,0,0,0,0,2,0,0,0,0,0,0.807315155863762,0,652.866025939584,0,0,0,0,0,0,0,0,0,66.7629126012325,0,0,0,0,0,0,0,233.834269359708,0,2.46362064033747,0,3.40541322529316,0,0,0,9.89655788242817,0,0.42087322473526,0,0.809089362621307,0,0,0,0,0,829.97230643034,0,0,0,0,0,0,180.825741454959,0,0,0,0,0,0,0,2.55574834346771,0,56.5793223977089,0,0,0,0,0,2.18862944841385,0,89.8906712830067,138.722343146801,0,7.31460450589657,0,0
0,0,0,0.487354606389999,0,0,0,177.242529571056,0,0,0,0,0,144.574787378311,0,0,0,0,0,161.678448542953,0,0,0,0,0,0,0,0,0,56.5646916627884,0,0,0,0,0,158.144402384758,0,135.728351682425,0,0.172608837485313,0,1.6087800860405,0,2.46291244029999,0,19.9743967503309,0,0.136208161711693,0,0.222399666905403,0,0,0,16.3473404943943,0,0,0,569.484570518136,0,3.11507534980774,0,0,4.9480242729187,0,0,0,0,0,0,0,0,0,13.7056880891323,0,0,0,0,0,4.61804291605949,0,78.6831121444702,0,734.365482702851,0,3.62730988115072,2.03020834922791,0
0,0,0,0,0,0,15.341617166996,0,0,0,2,0,0,0,0,0,0,0,0,0,0,0,0,0,0,0,0,0,0,0,0,0,0,0,0,0,0,0,0,0,0,0,0,0,0,0,0,0,0,0,0,0,0,0,0,0,2.63544893264771,0,359.083309799433,0,0,0,0,0,0,0,0,0,0,0,0,0,0,0,0,0,0,0,0,0,0,0,0,0,0,0,0
0,0,0,0,0,0,0,0,0,0,0,144.574787378311,0,0,0,3,0,0,0,0,0,0,0,0,0,0,0,0,0,0,0,0,0,0,0,0,0,0,0,0,0,0,0,0,0,0,0,0,0,0,0,5.31180381774902,0,0,0,0,0,57.7039818763733,0,57.992980837822,0,4.10373055934906,0,0,0,0,0,0,0,0,0,0,0,0,0,0,0,0,0,0,0,0,20.3064332008362,0,0,0,0
0,0,0,0,0.314505845308304,0,0,0,49.2983347773552,0,0,0,0,0,0,0,130.482393473387,4.50657284259796,0.646349966526031,0,0,0,20.7437181472778,0,43.89103063941,0,28.6600092053413,0,0,0,0,0,0,0,0,0,0,0,0,0,0,0,0,0,0,0,0,0,0,0,0,0,0,0,31.6090755462646,0,0,0,0.934679418802261,0,25.7125111222267,0,0,0,0,3.98011910915375,0,2.36298537254333,0,24.4255684614182,0,0,0,0,0,0,0,0,0,0,0,0,78.061350941658,0,0,0,0
0,0,0,0,0,12.0629410147667,0,0,0,19.2844605445862,0,0,0,3,0,0,1.10389804840088,415.453014314175,10.0569706559181,0,0,6.12040817737579,0,2.9850115776062,0,172.847197413445,0,0,0,0,0,0,0,0,0,0,0,0,0,0,0,0,0,0,0,0,0,0,0,0,0,9.05067926645279,0,0,0,39.1859536170959,0,0,0,5.08817121386528,0,72.7499743998051,0,0,5.87715423107147,0,0,0,60.4625532627106,0,0,0,0,0,0,0,0,0,0,0,0,0,129.237676054239,0,0,0,0
0,0,0,0,0,0,0,0,394.213108778,0.25529471039772,0,0,0,0,130.482393473387,1.10389804840088,0,10337.2375201806,5107.69532692432,0,1.81950294971466,266.797092661262,3625.21811076999,50.6260355114937,1112.86259424686,51.8023194074631,5836.77843707055,0,165.762660980225,0,0,0,0,0,0,1.99301111698151,19.6034551411867,0,0.750263124704361,8.12556368112564,12.263519898057,18.1417306512594,89.1565580591559,1.09074530005455,7.42637151479721,5.75689604878426,44.278496183455,0,0,0,0,0,0,0,38.7050300836563,0,1.62260223925114,0,0,0,13.5273625999689,0,0,1.44014076888561,42.2020796984434,420.823901340365,0,53.6601615548134,8.33855104446411,1470.09182183444,0,11.9146814346313,0,1.05998322367668,0,0,0,0,17.9025273621082,152.904416896403,0,32.6548228561878,13896.640337266,2244.99690465629,70.6750643625855,0.968027532100677,18.1444645002484
0,0,0,0,0,0,0,0,23.9076361656189,137.591091901064,0,0,0,0,4.50657284259796,415.453014314175,10337.2375201806,0,5502.84254527092,0,0,2553.43649657071,123.633088588715,583.579152405262,184.944795250893,4926.27273608744,81.2310940474272,711.664166271687,0,0,0,0,0,0,0,0.359369486570358,0.249487146735191,0,0,12.9400820732117,3.34471669793129,28.6659093797207,20.3396885246038,5.7388521283865,2.89779940247536,4.13341806828976,9.34535127878189,0,0,1.13184960186481,0,0,0,0,0,0.27913111448288,0,0,0,0,0,194.692997992039,0,0,827.298495903611,19.5646549463272,0,6.08981639146805,814.307141035795,27.7420570254326,86.3371512293816,0,0,0,0,0,0,0,17.3075332641602,21.4736503437161,0.155792117118835,1.06508092582226,13815.6962333769,1862.14040456712,11.5286754220724,0.453205704689026,3.04611812531948
48.890221118927,0,0.644461080431938,0.177291065454483,0,0,0,0,10.6384314000607,5.44264984130859,0.807315155863762,0,0,0,0.646349966526031,10.0569706559181,5107.69532692432,5502.84254527092,0,2.21363131701946,25.4272476360202,77.8707955181599,58.8815858215094,51.4028714001179,58.5112413764,101.407901868224,61.1210929304361,3.16634646058083,0,0,0,0,0,0,0,123.226549454033,163.60986481607,0,9.38645407557487,751.161829084158,196.149043790996,1102.79585547745,865.233134329319,546.209551632404,103.667535185814,704.841290824115,1130.29456308484,1.30096849799156,7.5616962313652,59.9820972979069,0,0,0,0,0,0,20.6000648736954,0.784631371498108,0,0,0,2.32026687264442,3.70477288961411,61.7688857316971,23.789619743824,8.59522166848183,0.872501373291016,1.95078825950623,28.2570952177048,23.8864181488752,0,0,2.22583757340908,15.6045870780945,0,0,0,0,1382.24693167955,1714.03341140598,53.0849027633667,256.291944563389,6975.67255941033,33.3149377405643,1499.77466763556,133.24469307065,177.316570736468
0,0,0,1.3922194391489,0,124.665270060301,0,0,0,0.393889427185059,0,161.678448542953,0,0,0,0,0,0,2.21363131701946,0,0,0,0,0,0,0,0,0,0,13.6723106503487,0,0,0,0,0,973.826702162623,0,354.540804743767,0,4.24854008108377,0,24.280671313405,0.126390486955643,19.364655226469,0,366.922464452684,0,0.205738201737404,0,1.66237132996321,0,1.62342339754105,0,0,0,0,0,77.7597353756428,0,0,0,0,1843.18687446415,0,0,0,0,0,0,0,0,0,101.702681809664,0,0,0,0,0,149.125946894288,0,294.412772536278,0,709.605849102139,0.410038262605667,89.0298560932279,25.200949639082,0
0,0,11.508493244648,0,24.8246885538101,0,0.472951889038086,0,1.46050536632538,0,652.866025939584,0,0,0,0,0,1.81950294971466,0,25.4272476360202,0,0,0,0,0,0,0,0,0,0,0,16.6016176939011,0,0,0,0,0,1146.01486723125,0,407.104256391525,0,12.2622047662735,0,31.5335994809866,0,4.35135588049889,0,219.684605509043,0,1.7116773724556,0,114.948591738939,0,0,0,16.5195945948362,0,327.05048301816,0,0,0,4.54697832465172,0,0,2227.63606221974,0,0,0,0,0,0,0,0.749766409397125,0,50.1466683745384,0,0,0,0,0,1416.16272187233,0,203.813170939684,639.622320011258,0,46.8520400822163,0,1.40084701776505
0,0,0,0,0,0,0,0,0.218844667077065,2.8813199698925,0,0,0,0,0,6.12040817737579,266.797092661262,2553.43649657071,77.8707955181599,0,0,0,54.5562874078751,568.001174837351,19.8584247231483,1215.67585512996,9.7311879992485,228.329788297415,0,0,0,0,0,0,0,0,0,652.777094006538,0,0,0,1.08343321084976,0.312947183847427,0,0,0.311567157506943,1.78811740875244,0,0,224.96259945631,0,0,0,0,0,0,0,17.5121466517448,0,0,0,10.9661689400673,2.91161686182022,0,5663.9424046576,4.24850368499756,139.329683661461,0,163.073114693165,0,111.644707024097,0,25.1658289730549,0,0,0,0,0,0.461695939302444,1.14512249082327,242.691482692957,0,3903.91608694196,440.016967594624,54.8241208195686,0,0
0,0,0,0,0,0,0,0,47.4269019812346,0,0,0,0,0,20.7437181472778,0,3625.21811076999,123.633088588715,58.8815858215094,0,0,54.5562874078751,0,1.10137951374054,394.312373638153,4.35007733106613,1646.05230680108,0,16.1769092679024,0,0,0,0,0,0,0,0,0,1101.86105760932,0,0.140070751309395,0.407679080963135,0.401167154312134,0,0,0,0.319117844104767,0,280.507791399956,0,0,0,0,0,0,0,0,0,0,0,0,0,0,0,0,5645.14733417332,0,63.5947316288948,1.14224100112915,1005.17449384928,0,193.645627558231,0,46.4683923721313,0,0,0,0,0,0.585043027997017,0,199.480068847537,4067.39072476327,1114.94220459461,1.51306486129761,0,1.59890162944794
0,0,0,0,0,0,0,0,2.23024079203606,26.4703165888786,0,0,0,0,0,2.9850115776062,50.6260355114937,583.579152405262,51.4028714001179,0,0,568.001174837351,1.10137951374054,0,5.02613091468811,201.604627162218,5.92885541915894,0,0,0,0,0,0,0,0,0,0,212.06528365612,0,0.438971847295761,0,0,0,0,0,0,0,0,0,13.2369439303875,0,0,0,0,0,2.35567402839661,0,0.421778500080109,0,0,0,2.84423160552979,0,0,429.848788619041,0,606.363104939461,0,27.5965436697006,0,0,0,0,0,0,0,0,0,0,0,57.9319977164268,0,1085.96315899491,0,23.7372877895832,0,0
0,0,0,0,0,0,0,0,90.1194524168968,0,0,0,0,0,43.89103063941,0,1112.86259424686,184.944795250893,58.5112413764,0,0,19.8584247231483,394.312373638153,5.02613091468811,0,11.7200455665588,170.870463818312,0,0,0,0,0,0,0,0,0,0,0,47.6065139472485,0,0,0,0.575512111186981,0,0,0,0,0,53.2408010065556,0,0,0,0,0,56.6962628364563,0,0,0,0,0,6.63477566838264,0,0,0,0.944663107395172,140.218134403229,0,160.313855528831,0,149.466862738132,0,0,0,0,0,0,0,0,0.988354086875916,0.980394095182419,0,12.7318132519722,928.538768589497,3.67072340846062,62.3787309229374,0,0
0,0,0,0,0,0,0,0,0,8.8827323615551,0,0,0,0,0,172.847197413445,51.8023194074631,4926.27273608744,101.407901868224,0,0,1215.67585512996,4.35007733106613,201.604627162218,11.7200455665588,0,5.75800180435181,707.19955316186,0,0,0,0,0,0,0,0,0.327629745006561,0,0,0,0,0,0.259949892759323,0,0,0,0,0,0,0,0,0,0,0,0,0,0,0,0,0,0,92.5728433430195,0,0,389.906148582697,3.580317735672,5.0392906665802,0,2249.3595226109,0,297.444931656122,0,0,0,0,0,0,0,0,0.758190393447876,0,0,2078.95818018913,18.2806506752968,0.276287496089935,0,0
0,0,0,0,0,0,0,0,62.2892473042011,0,0,0,0,0,28.6600092053413,0,5836.77843707055,81.2310940474272,61.1210929304361,0,0,9.7311879992485,1646.05230680108,5.92885541915894,170.870463818312,5.75800180435181,0,0,293.893976330757,0,0,0,0,0,0,0,0.37361678481102,0,0,0,0,0,0.91604095697403,0,0,0,0.694417595863342,0,0,0,0,0,0,0,0,0,0,0,0,0,1.16079330444336,0,0,0,3.31142616271973,439.033419162035,0,5.03827685117722,0,1690.99574995041,0,15.7292546033859,0,0,0,0,0,0,0.235617384314537,0.125603333115578,0,0,1803.12317577004,93.4653059244156,0.205901548266411,0,0
0,0,0,0,0,0,0,0,0,0,0,0,0,0,0,0,0,711.664166271687,3.16634646058083,0,0,228.329788297415,0,0,0,707.19955316186,0,0,0,213.351902395487,0,0,0,0,0,0,0,117.63322070241,0,0,0,0,0,0,0,0,0,0,0,0,0,0,0,0,0,0,0,0,0,0,0,0,0,0,22.9121321439743,0,0,0,14.0266342163086,0,207.642694920301,0,276.931952193379,0,0,0,0,0,0,0,25.8572314977646,0,355.935914233327,23.2882950305939,0,0,0
0,0,0,0,0,0,0,0,0,0,0,0,0,0,0,0,165.762660980225,0,0,0,0,0,16.1769092679024,0,0,0,293.893976330757,0,0,0,0,0,0,0,0,0,0,0,6.53113651275635,0,0,0,0,0,0,0,0,0,0,0,0,0,0,0,0,0,5.34080868959427,0,0,0,0,0,0,0,0,10.3540180921555,0,0,0,12.4755136072636,0,256.949531406164,0,37.8187789916992,0,0,0,0,0,0,0,0.377542704343796,234.262067675591,45.8717943429947,0,0,0
0,0,0,0,0,0,0,0,0,0,0,56.5646916627884,0,0,0,0,0,0,0,13.6723106503487,0,0,0,0,0,0,0,213.351902395487,0,0,0,0,0,0,0,0,0,2,0,0,0,2.86018544435501,0,0,0,3.43361653387547,0,0,0,0,0,0,0,0,0,0,0,0,0,0,0,0,0,0,0,0,0,0,0,0,0,0,251.006313204765,0,0,0,0,0,0.263126015663147,0,4.79380671679974,0,1,0,4.18222457170486,3.12572681903839,0
0,0,0,0,0,0,0,0,0,0,66.7629126012325,0,0,0,0,0,0,0,0,0,16.6016176939011,0,0,0,0,0,0,0,0,0,0,0,0,0,0,0,0,0,34.041887909174,0,2.63969703018665,0,7.17772072553635,0,0,0,11.6329031139612,0,0.214603781700134,0,0,0,0,0,0,0,198.871630206704,0,0,0,0,0,0,40.1499647945166,0,0,0,0,0,0,0,0,0,254.345480531454,0,0,0,0,0,0.491182893514633,0,185.743585824966,5.89994053542614,0,11.2419466376305,0,1.47748702764511
0,0,0,0,0,0,0,0,0,0,0,0,0,0,0,0,0,0,0,0,0,0,0,0,0,0,0,0,0,0,0,0,839.636324882507,6.12224246561527,3.47604203224182,240.175115972757,532.705454617739,0,0,0,0,0,0.20515313744545,0,0,0.204644113779068,0,1403.04501786828,4.97340121865273,11.5051089376211,0,0,0,0,0,0,0,0,0,0,0,0,0,0,0,0,0,0,0,0,0,0,0,0,2139.98172426224,97.1975452303886,197.141997650266,0,411.381204098463,70.5002617835999,0,0,2075.50725463033,0,7.07740485668182,0,0
0,0,0,0,0,0,0,0,0,0,0,0,0,0,0,0,0,0,0,0,0,0,0,0,0,0,0,0,0,0,0,839.636324882507,0,36.7553117275238,135.289310872555,26.1672967076302,82.0284944176674,0,0,0,0,0,0,0,0,0,0,427.988570690155,9.60250025987625,0,0,0,0,0,0,0,0,0,0,0,0,0,0,0,0,0,0,0,0,0,0,0,0,0,401.873435944319,504.545616298914,28.4929640591145,67.5630693435669,35.268949508667,151.042369574308,0,0,242.045980542898,0,0,0,0
0,0,0,0,0,0,0,0,0,0,0,0,0,0,0,0,0,0,0,0,0,0,0,0,0,0,0,0,0,0,0,6.12224246561527,36.7553117275238,0,446.063411772251,232.676026254892,0,32.6547673344612,0,0,0,0,0,0,0,0,0,1303.1020013392,0,0,0,0,0,0,0,0,0,0,0,0,0,0,0,0,0,0,0,0,0,0,0,0,0,0,16.320430546999,0,760.827537149191,462.186740815639,159.40226957202,0,86.0428397059441,0,374.906947672367,4.03170502185822,0,0,0
0,0,0,0,0,0,0,0,0,0,0,0,0,0,0,0,0,0,0,0,0,0,0,0,0,0,0,0,0,0,0,3.47604203224182,135.289310872555,446.063411772251,0,0,120.418404996395,0,64.6521010547876,0,0,0,52.8100968301296,0,0,0,0,1372.48999030888,7.46552214026451,0,0,0,0,0,0,0,0,0,0,0,0,0,0,0,0,0,0,0,0,0,0,0,0,0,1.8268449306488,79.3306329548359,535.684105277061,2742.66934147477,0,208.005149781704,0,52.5694322288036,153.961287349463,0,83.9412310421467,0,0
0,0,0,0.230720996856689,0,78.2897714972496,0,0,0,0,0,158.144402384758,0,0,0,0,1.99301111698151,0.359369486570358,123.226549454033,973.826702162623,0,0,0,0,0,0,0,0,0,0,0,240.175115972757,26.1672967076302,232.676026254892,0,0,649.033631265163,862.261253654957,0,57.7754314616323,0,161.023281350732,2.42352990806103,170.43231125176,0,621.327150568366,0.498351514339447,653.138980135322,28.0826480388641,31.1863925382495,0,5.39589327573776,0,0,0,0,0,0.689576387405396,0,0,0,0,583.298577189445,0,0,0,0,0,0,0,0,0,0.988132372498512,0,236.977762594819,52.8076094985008,119.178445875645,0,21399.4277227968,197.460548251867,339.882058754563,0,4706.44201238453,156.491495922208,252.411454342306,34.3378454744816,0
0,0,0,0.521046102046967,0,0,0,0,0,0.295384973287582,0,0,0,0,0,0,19.6034551411867,0.249487146735191,163.60986481607,0,1146.01486723125,0,0,0,0,0.327629745006561,0.37361678481102,0,0,0,0,532.705454617739,82.0284944176674,0,120.418404996395,649.033631265163,0,0,778.600115135312,4.11598685383797,74.7229777052999,0.997184693813324,113.914939373732,0.195515170693398,36.7022945955396,14.2538804411888,356.205656550825,132.410746634007,10.6304631456733,3.84924675524235,0.703949213027954,0,0,0,0,0.494782418012619,4.55242645740509,0,0,0,1.88745278120041,0,0,1619.30570330471,0,0,0,0,0,0,0,0,0,2.11332841217518,37.6621062755585,5.08855640888214,0,4.8304882645607,362.21956962347,22109.5657835156,0.620585486292839,149.848289199173,5714.82549514621,393.035181432962,290.68159738183,2.33187854290009,20.3288193941116
0,0,0,0.767726302146912,0,0,0,0,0,2.45654004812241,0,135.728351682425,0,0,0,0,0,0,0,354.540804743767,0,652.777094006538,0,212.06528365612,0,0,0,117.63322070241,0,2,0,0,0,32.6547673344612,0,862.261253654957,0,0,3.63798594474792,0.667844578623772,0,26.3099733293056,0,6.85753571987152,0,47.1526448130608,0,0.141749188303947,0,151.49445708096,0,0,0,0,0,0,0,22.066706225276,0,0,0,0,27.4502774775028,0,183.157817929983,0,60.1038716137409,0,0,0,75.524549305439,0,55.2294130623341,0,0,0,35.9763480424881,0,62.24016495049,0,2954.4237948209,0,701.876201167703,0,462.308796703815,16.1691626906395,0
0,0,0,0,0,0,0,0,14.1817124187946,0,233.834269359708,0,0,0,0,0,0.750263124704361,0,9.38645407557487,0,407.104256391525,0,1101.86105760932,0,47.6065139472485,0,0,0,6.53113651275635,0,34.041887909174,0,0,0,64.6521010547876,0,778.600115135312,3.63798594474792,0,0,5.28565267473459,0,38.3535996675491,0,0,0,62.1348491162062,1.89045357704163,293.272872805595,0,0,0,0,0,0,0,9.42807276546955,0,0,0,0,0,0,143.624360114336,0,163.719048798084,0,16.0771850645542,0,0,0,64.1752206981182,0,8.1984988451004,0,0,0,143.50379101932,0,172.960000313818,0,4547.71103405952,1110.72997309268,0.61631190776825,280.261594325304,0,15.595599770546
0,0,0,3.76319722831249,0,0,0,0,0,0,0,0.172608837485313,0,0,0,0,8.12556368112564,12.9400820732117,751.161829084158,4.24854008108377,0,0,0,0.438971847295761,0,0,0,0,0,0,0,0,0,0,0,57.7754314616323,4.11598685383797,0.667844578623772,0,0,0.17669889330864,1276.74855066091,84.9758719801903,249.975567772985,0,1328.22474529594,1.60879835486412,76.4983860403299,7.71315832436085,1186.68353162706,0,0,0,0,0,0,0,2.1455325037241,0,0,0,0,311.422546587884,0,0,0,0,0,0,0,0,0,3.2515561953187,0.49833171069622,0.696180999279022,0,0,0,2870.62101010978,9.80082288384438,50.3090942576528,2.46604711562395,466.509997062385,1.98614088445902,886.588328063488,86.1100567579269,0
0,0,11.4328758865595,0,0,0,0,0,0,0,2.46362064033747,0,0,0,0,0,12.263519898057,3.34471669793129,196.149043790996,0,12.2622047662735,0,0.140070751309395,0,0,0,0,0,0,0,2.63969703018665,0,0,0,0,0,74.7229777052999,0,5.28565267473459,0.17669889330864,0,0.188624203205109,332.085234865546,0,11.1067169457674,0,577.532477162778,93.6623664498329,303.294108606875,0.196466520428658,0,0,0,0,0,0,9.14481620490551,0,0,0,0,0,0,114.3589848876,0,0,0,0,0,0,0,0,0,14.6259595826268,0,0,0,0,0.668901309370995,1089.51262895018,0,157.691009953618,172.720071837306,6.42098569869995,733.959355346859,0,21.0211720168591
0,10.0421513020992,0,5.03953419625759,0,0,0,0,0,76.3809196650982,0,1.6087800860405,0,0,0,0,18.1417306512594,28.6659093797207,1102.79585547745,24.280671313405,0,1.08343321084976,0.407679080963135,0,0,0,0,0,0,2.86018544435501,0,0,0,0,0,161.023281350732,0.997184693813324,26.3099733293056,0,1276.74855066091,0.188624203205109,0,455.509827896953,259.930477812886,0.276249587535858,439.595753610134,3.57963353395462,260.045999571681,0,918.691278994083,0,0,0,0,0,0.447022199630737,0.691267430782318,247.294267192483,0,0,0,0,279.110464379191,0,0,0,0.813912391662598,0,0.686248898506165,0,0,0,372.038628757,1.35081946849823,0,0,0,0,2553.20266851783,15.9833778515458,382.444553956389,1.37041509151459,1899.12372414023,12.877687305212,3923.71749874204,1010.88822996616,0.319787055253983
6.96004801988602,0,1.67034678161144,0,0,0,0,0,166.88795170188,0,3.40541322529316,0,0,0,0,0,89.1565580591559,20.3396885246038,865.233134329319,0.126390486955643,31.5335994809866,0.312947183847427,0.401167154312134,0,0.575512111186981,0.259949892759323,0.91604095697403,0,0,0,7.17772072553635,0.20515313744545,0,0,52.8100968301296,2.42352990806103,113.914939373732,0,38.3535996675491,84.9758719801903,332.085234865546,455.509827896953,0,13.2017629444599,86.9232032746077,20.6985485479236,1325.82364396006,107.244699448347,564.857941448689,56.9936454296112,0,0,0,0,1.21493673324585,1.97060608863831,324.112760215998,0.290722548961639,0,0,0,0,0,291.851279988885,0,0,0,0,0,0,0,2.15637701749802,0.387157380580902,527.131930023432,0,0,0,10.6579721868038,92.5325566753745,1688.22530497611,1.75376155972481,548.641644142568,1241.51598306,34.7075084745884,5497.33704916388,3.55517667531967,1210.28468200564
0,0,0,0.263262003660202,0,0,0,0,0,0,0,2.46291244029999,0,0,0,0,1.09074530005455,5.7388521283865,546.209551632404,19.364655226469,0,0,0,0,0,0,0,0,0,0,0,0,0,0,0,170.43231125176,0.195515170693398,6.85753571987152,0,249.975567772985,0,259.930477812886,13.2017629444599,0,0,215.006407052279,13.3681861162186,4.05910240113735,0,13.4770904481411,0,0,0,0,0,0,0,40.1551133990288,0,0,0,2.83922934532166,36.6387085616589,0,0,0,0,0,0,0,0,0,48.5216521918774,0,0,0,0,0,966.939430549741,2.83739542961121,179.631224989891,0,82.4780243337154,8.09156762063503,502.380260527134,42.4256884753704,0
0,0,0,0,0,0,0,0,0,0,0,0,0,0,0,0,7.42637151479721,2.89779940247536,103.667535185814,0,4.35135588049889,0,0,0,0,0,0,0,0,0,0,0,0,0,0,0,36.7022945955396,0,0,0,11.1067169457674,0.276249587535858,86.9232032746077,0,0,0,117.656583726406,0,5.78673508763313,0,0,0,0,0,0,0,7.81330478191376,0,0,0,0,0,0,8.02184280753136,0,0,0,0,0,0,0,0,0,3.73743218183517,0,0,0,0,1.05501037836075,232.128005072474,0,48.4996069818735,16.7801355868578,1.34837067127228,124.519596651196,0,3.17717863619328
0,0,0,78.5742689073086,0,36.7057447135448,0,0,0,4.18696212768555,0,19.9743967503309,0,0,0,0,5.75689604878426,4.13341806828976,704.841290824115,366.922464452684,0,0.311567157506943,0,0,0,0,0,0,0,3.43361653387547,0,0.204644113779068,0,0,0,621.327150568366,14.2538804411888,47.1526448130608,0,1328.22474529594,0,439.595753610134,20.6985485479236,215.006407052279,0,0,0.308052808046341,68.6404933109879,69.0135467648506,155.094192735851,0,5.19127029180527,0,0,0,3.20269286632538,0,161.592150084674,0,0,0,0,1795.78548728675,0,0,0,0,0,0,0,0,0,186.804113231599,0,0,0,0,0,4643.56945258379,4.80299146473408,493.614729255438,2.14090812206268,381.736060485244,14.9019881114364,2073.08320426941,43.4802144169807,0
0.924275279045105,0,10.4311039745808,0,0.492622643709183,0,0,0,0,0.70209139585495,9.89655788242817,0,0,0,0,0,44.278496183455,9.34535127878189,1130.29456308484,0,219.684605509043,1.78811740875244,0.319117844104767,0,0,0,0.694417595863342,0,0,0,11.6329031139612,0,0,0,0,0.498351514339447,356.205656550825,0,62.1348491162062,1.60879835486412,577.532477162778,3.57963353395462,1325.82364396006,13.3681861162186,117.656583726406,0.308052808046341,0,35.8530834615231,286.111253596842,0,0,0,0,0,0,0,127.756401956081,0,0,0,0,0,0,965.093839854002,0,0,0,0,0.536197185516357,0,0,1.55670636892319,0,165.509488895535,0,0,0,0,13.4017326906323,2895.70780706406,0.390095040202141,444.721029810607,247.63996425271,14.080280020833,1706.1958231926,0.232226490974426,33.5531355291605
0,0,0.896828830242157,4.45604120194912,0,1.59590069949627,0,0,0.616187155246735,2.09290337562561,0,0.136208161711693,0,0,0,0,0,0,1.30096849799156,0.205738201737404,0,0,0,0,0,0,0,0,0,0,0,1403.04501786828,427.988570690155,1303.1020013392,1372.48999030888,653.138980135322,132.410746634007,0.141749188303947,1.89045357704163,76.4983860403299,93.6623664498329,260.045999571681,107.244699448347,4.05910240113735,0,68.6404933109879,35.8530834615231,0,1746.74904702604,653.105219393969,0,0.309039920568466,0,0,0,0,0.440880417823792,1.28925617784262,0,0,0,0,1.5530112683773,1.56197695434093,0,0,0,0,0,0,0,0,0.215543046593666,1.5307725071907,627.690928429365,95.8077708184719,1335.63667276502,2625.31187191606,2334.96277716011,749.820566833019,18.8280897587538,79.9745561778545,3217.26380011439,0.12819205224514,725.359159171581,2.99972228705883,0
137.611079931259,0,93.4410077035427,4.4686222076416,0,0,0,0,6.00586318969727,0,0.42087322473526,0,0,0,0,0,0,0,7.5616962313652,0,1.7116773724556,0,280.507791399956,0,53.2408010065556,0,0,0,0,0,0.214603781700134,4.97340121865273,9.60250025987625,0,7.46552214026451,28.0826480388641,10.6304631456733,0,293.272872805595,7.71315832436085,303.294108606875,0,564.857941448689,0,5.78673508763313,69.0135467648506,286.111253596842,1746.74904702604,0,5.58168810606003,0,0,0,0,0,0,5.94413001835346,0.495352640748024,0,0,6.99795210361481,0,0.889600425958633,35.6840449795127,0,126.344467073679,0,20.2724949419498,0,0,0,165.826353818178,0.168974563479424,41.1690279245377,0,0.751785695552826,0,23.3059920072556,86.0249813944101,121.197290986776,0,283.978364728391,1241.24755305052,0.154496520757675,1485.91563820839,0,0
0,61.3356497883797,0,44.7538384944201,0,0.179873585700989,0,0,0,20.9397673904896,0,0.222399666905403,0,0,0,0,0,1.13184960186481,59.9820972979069,1.66237132996321,0,224.96259945631,0,13.2369439303875,0,0,0,0,0,0,0,11.5051089376211,0,0,0,31.1863925382495,3.84924675524235,151.49445708096,0,1186.68353162706,0.196466520428658,918.691278994083,56.9936454296112,13.4770904481411,0,155.094192735851,0,653.105219393969,5.58168810606003,0,0,0,0,0,0,8.83288538455963,0,106.003855139017,0,0,0,0,8.2799916639924,0,63.1689050197601,0,36.5071920454502,0,3.99147456884384,0,7.91131860017776,0,56.3178438991308,0,0,0,19.4062027931213,0,580.065871760249,0.428126841783524,933.993011206388,0.174025222659111,411.997304871678,0.721159756183624,1094.21030666679,20.4007325321436,0
0,0,0,0,425.861659616232,0,123.137804150581,0,9.45549952983856,0,0.809089362621307,0,0,0,0,0,0,0,0,0,114.948591738939,0,0,0,0,0,0,0,0,0,0,0,0,0,0,0,0.703949213027954,0,0,0,0,0,0,0,0,0,0,0,0,0,0,0,16.6396909058094,0,69.8108251094818,0,96.7615950852633,0,355.211786463857,0,30.7036169171333,0,0,32.0045719742775,0,0,0,0,0,0,0,0,0,0,0,0,0,0,0,1.39722847938538,0,0,34.1572814583778,0,87.9332054555416,0,0
0,0,0,83.5046520531178,0,560.911580353975,0,40.2471289038658,0,0,0,0,0,5.31180381774902,0,9.05067926645279,0,0,0,1.62342339754105,0,0,0,0,0,0,0,0,0,0,0,0,0,0,0,5.39589327573776,0,0,0,0,0,0,0,0,0,5.19127029180527,0,0.309039920568466,0,0,0,0,0,48.474281847477,0,13.2005479335785,0,167.298080414534,0,57.4252905845642,0,115.021838396788,5.92205074429512,0,0,0,0,0,0,0,0,0,0,0,0,0,0,0,3.07090869545937,0,0,0,70.0589244961739,0,130.020722717047,0,0
0,0,0,0,20.5673286020756,0,131.348230928183,0,0,0,0,0,0,0,0,0,0,0,0,0,0,0,0,0,0,0,0,0,0,0,0,0,0,0,0,0,0,0,0,0,0,0,0,0,0,0,0,0,0,0,16.6396909058094,0,0,0,0,0,0,0,7.37850952148438,0,0,0,0,0,0,0,0,0,0,0,0,0,0,0,0,0,0,0,0,0,0,0,0,0,0,0,0
0,0,0,0,0,49.046938598156,0,136.261819392443,0,0,0,16.3473404943943,0,0,0,0,0,0,0,0,0,0,0,0,0,0,0,0,0,0,0,0,0,0,0,0,0,0,0,0,0,0,0,0,0,0,0,0,0,0,0,48.474281847477,0,0,0,0,0,53.1873400509357,0,0,0,0,0,0,0,0,0,0,0,0,0,0,0,0,0,0,0,0,0,0,0,0,3.65862491726875,0,0,0,0
110.496125623584,0,52.060772895813,0,203.125271677971,0,0,0,780.253997400403,0,0,0,0,0,31.6090755462646,0,38.7050300836563,0,0,0,16.5195945948362,0,0,0,56.6962628364563,0,0,0,0,0,0,0,0,0,0,0,0,0,0,0,0,0,1.21493673324585,0,0,0,0,0,0,0,69.8108251094818,0,0,0,0,0,39.3819224536419,0,35.6962742209435,0,62.0624259412289,0,0,17.1115939319134,0,0,0,106.159291237593,0,0,0,0,0,0,0,0,0,0,0,0,0,0,87.875623062253,0,75.7779768109322,0,1.38683474063873
0,476.000787258148,0,609.390865921974,0,192.688281983137,0,0,0,513.563138782978,0,0,0,0,0,39.1859536170959,0,0.27913111448288,0,0,0,0,0,2.35567402839661,0,0,0,0,0,0,0,0,0,0,0,0,0.494782418012619,0,0,0,0,0.447022199630737,1.97060608863831,0,0,3.20269286632538,0,0,0,8.83288538455963,0,13.2005479335785,0,0,0,0,0,0,0,0.28207129240036,0,0.295645117759705,0,0,0,0,20.4222882986069,0,0,0,0,0,0.323058992624283,0,0,0,0,0,0,0,0.300893783569336,0,102.942690521479,0.544448733329773,118.648883342743,0,0
0,0,17.499069839716,0,16.2998007535934,0,0,0,13.4943565428257,0,829.97230643034,0,2.63544893264771,0,0,0,1.62260223925114,0,20.6000648736954,0,327.05048301816,0,0,0,0,0,0,0,5.34080868959427,0,198.871630206704,0,0,0,0,0,4.55242645740509,0,9.42807276546955,0,9.14481620490551,0.691267430782318,324.112760215998,0,7.81330478191376,0,127.756401956081,0.440880417823792,5.94413001835346,0,96.7615950852633,0,0,0,39.3819224536419,0,0,0,190.931531876326,0,84.6193570196629,0,0,916.933282330632,0,0.375623971223831,0,0,0,0,0,323.690660387278,0,890.654367759824,0,0,0,0,0,17.7191685885191,0,128.18236669898,13.4589775949717,0.399387419223785,1390.06542630494,0,82.5949405729771
0,4.39360129833221,0,27.7708178758621,0,0,0,106.465049535036,0,0.300943344831467,0,569.484570518136,0,57.7039818763733,0,0,0,0,0.784631371498108,77.7597353756428,0,17.5121466517448,0,0.421778500080109,0,0,0,0,0,0,0,0,0,0,0,0.689576387405396,0,22.066706225276,0,2.1455325037241,0,247.294267192483,0.290722548961639,40.1551133990288,0,161.592150084674,0,1.28925617784262,0.495352640748024,106.003855139017,0,167.298080414534,0,53.1873400509357,0,0,0,0,0,21.6938832998276,0,14.6781935691833,401.498830676079,0,2.07668349146843,0,0,0,0,0,30.0249546021223,0,340.882970541716,0,0,0,0,0,5.02951180934906,0.220310099422932,31.9443638920784,0,72.0486224964261,0.252039790153503,552.324935123324,49.5801930725574,0
0,0,0,0,56.1333248913288,0,77.2770045399666,0,35.9368424117565,0,0,0,359.083309799433,0,0.934679418802261,0,0,0,0,0,0,0,0,0,0,0,0,0,0,0,0,0,0,0,0,0,0,0,0,0,0,0,0,0,0,0,0,0,0,0,355.211786463857,0,7.37850952148438,0,35.6962742209435,0,190.931531876326,0,0,0,45.7583581209183,0,0,0,0,0,0,0,0,0,0,5.23610007762909,0,0,0,0,0,0,0,0,0,0,0,0,19.4553535282612,0,0
0,0,0,0,0,0.792361915111542,0,0,0,0,0,3.11507534980774,0,57.992980837822,0,5.08817121386528,0,0,0,0,0,0,0,0,0,0,0,0,0,0,0,0,0,0,0,0,0,0,0,0,0,0,0,0,0,0,0,0,0,0,0,57.4252905845642,0,0,0,0.28207129240036,0,21.6938832998276,0,0,0,13.6195793449879,0,0,0,0,0,0,0,0,6,0,0,0,0,0,0,0,0,0,0,0,45.5925807952881,0,2.13634312152863,0,0
51.0696234107018,0,29.0224522054195,0,13.3251605331898,0,0,0,101.731295853853,0,0,0,0,0,25.7125111222267,0,13.5273625999689,0,0,0,4.54697832465172,0,0,0,6.63477566838264,0,1.16079330444336,0,0,0,0,0,0,0,0,0,1.88745278120041,0,0,0,0,0,0,0,0,0,0,0,6.99795210361481,0,30.7036169171333,0,0,0,62.0624259412289,0,84.6193570196629,0,45.7583581209183,0,0,0,0,24.6683792769909,0,0,0,0,0,0,0,0,0,0,0,0,0,0,0,1.09206220507622,0,0,6.07792294025421,0,33.3785566091537,0,0
0,5.06448441743851,0,2.17694440484047,0,59.7001447975636,0,0,0,3.55002588033676,0,0,0,4.10373055934906,0,72.7499743998051,0,194.692997992039,2.32026687264442,0,0,10.9661689400673,0,2.84423160552979,0,92.5728433430195,0,0,0,0,0,0,0,0,0,0,0,0,0,0,0,0,0,2.83922934532166,0,0,0,0,0,0,0,115.021838396788,0,0,0,0.295645117759705,0,14.6781935691833,0,13.6195793449879,0,0,0,0,1.10107362270355,0,0,0,20.276112049818,0,0,0,0,0,0,0,0,0,0,0,0,0,72.774050027132,0,0,0,0
0,0,0,3.1432825922966,0,243.998471438885,0,0,0,0,0,4.9480242729187,0,0,0,0,0,0,3.70477288961411,1843.18687446415,0,2.91161686182022,0,0,0,0,0,0,0,0,0,0,0,0,0,583.298577189445,0,27.4502774775028,0,311.422546587884,0,279.110464379191,0,36.6387085616589,0,1795.78548728675,0,1.5530112683773,0.889600425958633,8.2799916639924,0,5.92205074429512,0,0,0,0,0,401.498830676079,0,0,0,0,0,0,0,0,0,0,0,0,3.58605679869652,0,62.9569697678089,0,0,0,0,0,2724.40274933726,0,18.1130266487598,0,155.534079298377,0.20695336163044,698.729283042252,17.6662327647209,0
0,0,37.3980213999748,0,23.1019535660744,0,0,0,0,0,180.825741454959,0,0,0,0,0,1.44014076888561,0,61.7688857316971,0,2227.63606221974,0,0,0,0,0,0,0,0,0,40.1499647945166,0,0,0,0,0,1619.30570330471,0,143.624360114336,0,114.3589848876,0,291.851279988885,0,8.02184280753136,0,965.093839854002,1.56197695434093,35.6840449795127,0,32.0045719742775,0,0,0,17.1115939319134,0,916.933282330632,0,0,0,24.6683792769909,0,0,0,0,0,0,0,0,0,0,3.02608554065228,0,301.497349500656,0,0,0,0,2.55763764679432,3135.18761137128,0,769.902387313545,288.401557385921,0.878072917461395,807.581307321787,0,14.5011842548847
0,0,0,0,0,0,0,0,0,1.46884453296661,0,0,0,0,0,5.87715423107147,42.2020796984434,827.298495903611,23.789619743824,0,0,5663.9424046576,0,429.848788619041,0.944663107395172,389.906148582697,3.31142616271973,22.9121321439743,0,0,0,0,0,0,0,0,0,183.157817929983,0,0,0,0,0,0,0,0,0,0,0,63.1689050197601,0,0,0,0,0,0,0,2.07668349146843,0,0,0,1.10107362270355,0,0,0,0,151.291244089603,0,46.102693349123,0,71.1176779866219,0,30.537533223629,0,0,0,0,0,0,0,414.588158011436,0,1120.73692849278,41.9203780293465,3.45338228344917,0,0
0,0,0,0,0,0,0,0,2.63323672115803,0,0,0,0,0,3.98011910915375,0,420.823901340365,19.5646549463272,8.59522166848183,0,0,4.24850368499756,5645.14733417332,0,140.218134403229,3.580317735672,439.033419162035,0,10.3540180921555,0,0,0,0,0,0,0,0,0,163.719048798084,0,0,0,0,0,0,0,0,0,126.344467073679,0,0,0,0,0,0,0,0.375623971223831,0,0,0,0,0,0,0,0,0,0,4.50383234024048,0,394.089650422335,0,29.040346622467,0,28.451122790575,0,0,0,0,0,0,0,231.69309386611,786.842355564237,92.2355313897133,0,0,0
0,73.6451775431633,0,0,0,0,0,0,0,0,0,0,0,0,0,0,0,0,0.872501373291016,0,0,139.329683661461,0,606.363104939461,0,5.0392906665802,0,0,0,0,0,0,0,0,0,0,0,60.1038716137409,0,0,0,0.813912391662598,0,0,0,0,0,0,0,36.5071920454502,0,0,0,0,0,20.4222882986069,0,0,0,0,0,0,0,0,151.291244089603,0,0,0,19.6890031695366,0,0,0,0,0,0,0,0,0,0,0,113.595301389694,0,50.8545763492584,0,185.788433134556,0,0
0,0,0,0,0,0,0,0,95.5766340792179,0,0,0,0,0,2.36298537254333,0,53.6601615548134,6.08981639146805,1.95078825950623,0,0,0,63.5947316288948,0,160.313855528831,0,5.03827685117722,0,0,0,0,0,0,0,0,0,0,0,16.0771850645542,0,0,0,0,0,0,0,0,0,20.2724949419498,0,0,0,0,0,106.159291237593,0,0,0,0,0,0,0,0,0,0,4.50383234024048,0,0,0,1.7808735370636,0,0,0,0,0,0,0,0,0,0,0,17.0459056198597,36.418990701437,0,73.6097638010979,0,0
0,0,0,0,0,0,0,0,0,2.29897505044937,0,0,0,0,0,60.4625532627106,8.33855104446411,814.307141035795,28.2570952177048,0,0,163.073114693165,1.14224100112915,27.5965436697006,0,2249.3595226109,0,14.0266342163086,0,0,0,0,0,0,0,0,0,0,0,0,0,0.686248898506165,0,0,0,0,0.536197185516357,0,0,3.99147456884384,0,0,0,0,0,0,0,0,0,0,0,20.276112049818,0,0,46.102693349123,0,19.6890031695366,0,0,0,161.289902418852,0,0,0,0,0,0,0,0,0,2.96733626723289,0,446.007450908422,6.22907328605652,0,0,0
0,0,0,0,0,0,0,0,29.1138898581266,0,0,0,0,0,24.4255684614182,0,1470.09182183444,27.7420570254326,23.8864181488752,0,0,0,1005.17449384928,0,149.466862738132,0,1690.99574995041,0,12.4755136072636,0,0,0,0,0,0,0,0,0,0,0,0,0,0,0,0,0,0,0,0,0,0,0,0,0,0,0,0,0,0,0,0,0,0,0,0,394.089650422335,0,1.7808735370636,0,0,0,7.34163749217987,0,0,0,0,0,0,0,0,0,0,532.725054055452,7.63755655288696,0,0,1.05815446376801
0,0,0,0,0,0,0,0,0,0,0,0,0,0,0,0,0,86.3371512293816,0,0,0,111.644707024097,0,0,0,297.444931656122,0,207.642694920301,0,0,0,0,0,0,0,0,0,75.524549305439,0,0,0,0,0,0,0,0,0,0,0,7.91131860017776,0,0,0,0,0,0,0,30.0249546021223,0,6,0,0,3.58605679869652,0,71.1176779866219,0,0,0,161.289902418852,0,0,0,310.996687844396,0,0,0,0,0,0,0,173.087402358651,0,84.6682282686234,0,13.515590056777,0,0
0,0,0,0,0,0,0,0,0,0,2.55574834346771,0,0,0,0,0,11.9146814346313,0,0,0,0.749766409397125,0,193.645627558231,0,0,0,15.7292546033859,0,256.949531406164,0,0,0,0,0,0,0,0,0,64.1752206981182,0,0,0,2.15637701749802,0,0,0,1.55670636892319,0,165.826353818178,0,0,0,0,0,0,0,323.690660387278,0,5.23610007762909,0,0,0,0,3.02608554065228,0,29.040346622467,0,0,0,7.34163749217987,0,0,0,297.526020437479,0,0,0,0,0,0,0,345.824357748032,52.1567858457565,4.3795919418335,4.43048165738583,0,0
0,0,0,5.11912424862385,0,0.760235786437988,0,0,0,0,0,13.7056880891323,0,0,0,0,0,0,2.22583757340908,101.702681809664,0,25.1658289730549,0,0,0,0,0,276.931952193379,0,251.006313204765,0,0,0,0,0,0.988132372498512,0,55.2294130623341,0,3.2515561953187,0,372.038628757,0.387157380580902,48.5216521918774,0,186.804113231599,0,0.215543046593666,0.168974563479424,56.3178438991308,0,0,0,0,0,0.323058992624283,0,340.882970541716,0,0,0,0,62.9569697678089,0,30.537533223629,0,0,0,0,0,310.996687844396,0,0,0,0,0,0,0,6.53213429450989,0,1196.53643016517,0,6.62225569039583,0,480.737875938416,88.10304287076,0
0,0,2.43059292435646,0,3.83813022077084,0,0,0,0,0,56.5793223977089,0,0,0,0,0,1.05998322367668,0,15.6045870780945,0,50.1466683745384,0,46.4683923721313,0,0,0,0,0,37.8187789916992,0,254.345480531454,0,0,0,0,0,2.11332841217518,0,8.1984988451004,0.49833171069622,14.6259595826268,1.35081946849823,527.131930023432,0,3.73743218183517,0,165.509488895535,1.5307725071907,41.1690279245377,0,0,0,0,0,0,0,890.654367759824,0,0,0,0,0,0,301.497349500656,0,28.451122790575,0,0,0,0,0,297.526020437479,0,0,0,0,0,0,0,23.9602985531092,0,987.934151813388,8.00863303244114,0,899.378877311945,0,174.481714874506
0,0,0,0,0,0,0,0,0,0,0,0,0,0,0,0,0,0,0,0,0,0,0,0,0,0,0,0,0,0,0,2139.98172426224,401.873435944319,16.320430546999,1.8268449306488,236.977762594819,37.6621062755585,0,0,0.696180999279022,0,0,0,0,0,0,0,627.690928429365,0,0,0,0,0,0,0,0,0,0,0,0,0,0,0,0,0,0,0,0,0,0,0,0,0,0,0,18.9353742897511,172.178853914142,0,221.942253887653,23.7032849192619,0,0,767.252315506339,0,0.313470929861069,0,0
0,0,0,0,0,0,0,0,0,0,0,0,0,0,0,0,0,0,0,0,0,0,0,0,0,0,0,0,0,0,0,97.1975452303886,504.545616298914,0,79.3306329548359,52.8076094985008,5.08855640888214,0,0,0,0,0,0,0,0,0,0,95.8077708184719,0.751785695552826,0,0,0,0,0,0,0,0,0,0,0,0,0,0,0,0,0,0,0,0,0,0,0,0,0,18.9353742897511,0,0,460.649684533477,22.5545862913132,606.606319248676,0,0,122.030810385942,0,0,0,0
0,0,0,0,0,0,0,0,0,0,0,0,0,0,0,0,0,0,0,0,0,0,0,0,0,0,0,0,0,0,0,197.141997650266,28.4929640591145,760.827537149191,535.684105277061,119.178445875645,0,35.9763480424881,0,0,0,0,0,0,0,0,0,1335.63667276502,0,19.4062027931213,0,0,0,0,0,0,0,0,0,0,0,0,0,0,0,0,0,0,0,0,0,0,0,0,172.178853914142,0,0,92.684418618679,156.391297608614,0.678863883018494,139.490441739559,0,697.604702174664,0,0,0,0
0,0,0,0,0,0,0,0,0,0,0,0,0,0,0,0,0,0,0,0,0,0,0,0,0,0,0,0,0,0,0,0,67.5630693435669,462.186740815639,2742.66934147477,0,4.8304882645607,0,143.50379101932,0,0,0,10.6579721868038,0,0,0,0,2625.31187191606,23.3059920072556,0,0,0,0,0,0,0,0,0,0,0,0,0,0,0,0,0,0,0,0,0,0,0,0,0,0,460.649684533477,92.684418618679,0,0,234.676208555698,0,25.6051767766476,205.038391679525,0,19.4759354740381,0,0
