0,0,0.234123451828462,0,0.213769352967808,0,0,0,0.263548036505282,0,0,0,0,0,0,0,0.263125883415341,0,0.243670088358414,0,0,0,0,0,0.246983930468559,0,0,0,0,0,0,0,0,0,0,0,0.287401646375656,0,0.210500702261925,0,0.376588788644181,0.239309641447934,0.278085480235895,0,0,0,0.357215159126021,0.365510284900665,0.220794369370875,0,0,0,0,0,0.248697647686768,0,0.255372336619113,0,0.215285571867769,0,0.247875103246082,0,0,0.327816961772123,0,0,0,0,0,0,0,0,0,0,0,0,0,0,0,0.364881306886673,0,0,0.233336884655855,0.33351476987203,0.28064915198813,0,0.254837197753099
0,0,0,0,0,0,0,0,0,0.296297871699072,0,0,0,0,0,0.172859072685242,0,0.191010385751724,0.227455303072929,0,0,0,0,0,0,0,0,0,0,0,0,0,0,0,0,0,0,0,0,0,0,0,0,0,0,0,0,0,0,0.178338184952736,0,0,0,0,0,0.232603559198306,0,0,0,0,0,0.208057105541229,0,0,0,0,0,0,0,0,0,0,0,0,0,0,0,0,0,0,0,0,0.241208167165838,0.171695247292519,0,0,0
0.234123451828462,0,0,0,0.209069419267386,0,0,0,0.226489311367655,0,0,0,0,0,0,0,0,0,0.251835811276769,0,0.275230462352435,0,0,0,0,0,0,0,0,0,0,0,0,0,0,0,0.233211072391104,0,0,0,0.321269099911054,0.253399759531021,0.305530319951274,0,0,0,0.286685990837557,0,0.260433793839705,0,0.227279957449227,0,0,0,0.20934788819168,0,0.275599743788677,0,0,0,0,0,0,0.301973388356678,0,0,0,0,0,0,0,0,0,0,0,0,0,0,0,0.269574418663979,0,0,0.249009601240955,0,0.287137233560156,0,0.248363659199741
0,0,0,0,0,0.187615832402593,0,0,0,0,0,0,0,0,0,0,0,0,0,0,0,0,0,0,0,0,0,0,0,0,0,0,0,0,0,0,0,0,0,0,0,0,0,0,0,0,0,0,0,0.147313618371564,0,0.175404985305629,0,0,0,0.184036170668264,0,0,0,0.2071183770895,0,0.157846155140711,0,0,0,0,0,0,0,0,0,0,0,0,0,0,0,0,0,0,0,0,0.184675042390823,0.187137193977833,0,0,0
0.213769352967808,0,0.209069419267386,0,0,0,0,0,0.201614828936965,0,0,0,0,0,0,0,0,0,0.260549057932461,0,0.257958960533142,0,0,0,0,0,0,0,0,0,0,0,0,0,0,0,0.203781859839664,0,0,0,0.245081469416618,0,0.322789332932896,0,0,0,0.296659735295008,0,0.247708715995153,0,0.216730225136725,0,0.207338253491455,0,0.190338688757685,0,0.298368225140231,0,0.238073419440876,0,0.232041032984853,0,0,0.308538853722131,0,0,0,0,0,0,0,0,0,0,0,0,0,0,0,0,0,0,0.211300997850908,0.279010097185771,0.304579335149754,0,0.315515045076609
0,0,0,0.187615832402593,0,0,0,0,0,0.197749767700831,0,0,0,0,0,0.20954692363739,0,0,0,0.191809135888304,0,0,0,0,0,0,0,0,0,0,0,0,0,0,0,0.181411991808929,0,0,0,0,0,0,0,0,0,0,0,0,0,0.165218346967147,0,0.177953714000246,0,0,0,0.197311381676367,0,0.156741610169411,0,0.175949612086379,0,0.189342862247217,0.197514409820239,0,0,0,0,0,0,0,0,0,0,0,0,0,0,0,0,0,0,0,0.203200449234764,0.253848477945489,0,0,0
0,0,0,0,0,0,0,0,0,0,0,0,0,0,0,0,0,0,0,0,0.23897477487723,0,0,0,0,0,0,0,0,0,0,0,0,0,0,0,0,0,0,0,0,0,0,0,0,0,0,0,0,0,0.203135367482901,0,0.198323937869349,0,0,0,0,0,0.202023386955261,0,0,0,0,0,0,0,0,0,0,0,0,0,0,0,0,0,0,0,0,0,0,0,0,0,0,0,0
0,0,0,0,0,0,0,0,0,0,0,0,0,0,0,0,0,0,0,0,0,0,0,0,0,0,0,0,0,0,0,0,0,0,0,0,0,0,0,0,0,0,0,0,0,0,0,0,0,0,0,0,0,0,0,0,0,0,0,0,0,0,0,0,0,0,0,0,0,0,0,0,0,0,0,0,0,0,0,0,0,0,0,0,0,0,0
0.263548036505282,0,0.226489311367655,0,0.201614828936965,0,0,0,0,0.270314410328865,0,0,0,0,0.184938784688711,0,0.256258418714559,0.252620698540074,0.253475595110332,0,0,0,0,0,0.243843444000741,0,0,0,0,0,0,0,0,0,0,0,0,0,0.205325323072347,0,0.311668679118156,0.247964968735521,0.281050728086163,0.276223704218864,0,0,0.29961620820196,0,0.225228549086529,0,0.206636526730171,0,0,0,0.266606416288199,0,0.250017634514025,0,0.235683433711529,0,0.224937831362089,0,0,0.273004755377769,0,0,0,0,0,0,0,0,0,0,0,0,0,0,0,0,0,0,0.242606596407202,0.275025249048989,0.284388318814113,0,0.243986227056559
0,0.296297871699072,0,0,0,0.197749767700831,0,0,0.270314410328865,0,0,0,0,0,0,0.199106879532337,0,0.258005724481817,0.234927813952359,0,0,0,0,0,0,0,0,0,0,0,0,0,0,0,0,0,0,0.281672060489655,0,0,0,0.333577511527322,0,0,0,0,0,0,0,0,0,0,0,0,0,0.248155967131549,0,0,0,0,0,0.185780400738997,0,0,0,0,0.233837989600081,0,0,0,0,0,0,0,0,0,0,0,0,0,0,0,0.236271516795095,0.244106464331344,0.244911298598393,0,0
0,0,0,0,0,0,0,0,0,0,0,0,0,0,0,0,0,0,0,0,0,0,0,0,0,0,0,0,0.22003704288476,0,0,0,0,0,0,0,0,0,0,0,0,0,0,0,0,0,0,0,0,0,0,0,0,0,0,0,0.140860726435979,0,0,0,0,0,0,0,0,0,0,0,0,0,0,0,0,0,0,0,0,0,0,0,0,0,0.201431814195781,0,0,0,0
0,0,0,0,0,0,0,0,0,0,0,0,0,0,0,0,0,0,0,0,0,0,0,0,0,0,0,0,0,0,0,0,0,0,0,0.214110072702169,0,0.229642376303673,0,0,0,0,0,0,0,0,0,0,0,0,0,0,0,0,0,0,0,0.190149456419443,0,0,0,0,0,0,0,0,0,0,0,0,0,0,0,0,0,0,0,0,0,0,0,0,0.222005775570869,0.213568449020386,0,0,0
0,0,0,0,0,0,0,0,0,0,0,0,0,0,0.369876784086227,0,0,0,0,0,0,0,0,0,0,0,0,0,0,0,0,0,0,0,0,0,0,0,0,0,0,0,0,0,0,0,0,0,0,0,0,0,0,0,0,0,0,0,0.320980687033046,0,0,0,0,0,0,0,0,0,0,0,0,0,0,0,0,0,0,0,0,0,0,0,0.384760085639637,0.456527613272721,0,0,0
0,0,0,0,0,0,0,0,0,0,0,0,0,0,0,0.204309374094009,0,0,0,0,0,0,0,0,0,0,0,0.210571470084014,0,0,0,0,0,0,0,0,0,0,0,0,0,0,0,0,0,0,0,0,0,0,0,0,0,0,0,0,0,0,0,0.1906537430421,0,0.196047027829366,0,0,0,0,0,0,0,0,0,0,0,0,0,0,0,0,0,0,0,0,0.229628592078547,0.275252795700944,0,0,0
0,0,0,0,0,0,0,0,0.184938784688711,0,0,0,0.369876784086227,0,0,0,0,0,0.233117908239365,0,0,0,0,0,0.211184408177029,0,0,0,0,0,0,0,0,0,0,0,0,0,0,0,0,0,0,0,0,0,0,0,0,0,0,0,0,0,0.17796815931797,0,0,0,0.258781123687239,0,0.22622717987254,0,0,0,0,0,0,0,0,0,0,0,0,0,0,0,0,0,0,0,0,0,0.320846504723753,0.339347117047273,0,0,0
0,0.172859072685242,0,0,0,0.20954692363739,0,0,0,0.199106879532337,0,0,0,0.204309374094009,0,0,0,0,0,0,0,0,0,0,0,0,0,0,0,0,0,0,0,0,0,0,0,0,0,0,0,0,0,0,0,0,0,0,0,0,0,0,0,0,0,0,0,0,0,0.189612945460755,0,0.188786643435527,0,0,0,0,0,0,0,0,0,0,0,0,0,0,0,0,0,0,0,0,0.207246141009039,0.278350979598783,0,0,0
0.263125883415341,0,0,0,0,0,0,0,0.256258418714559,0,0,0,0,0,0,0,0,0.214907808544757,0.265853340298066,0,0,0,0,0,0.250899579686423,0,0,0,0,0,0,0,0,0,0,0,0,0,0,0,0.291937410831451,0.241160338371992,0.23522690019092,0.252315759658813,0,0,0.260887652635574,0,0,0,0,0,0,0,0.251673340797424,0,0.218610044568777,0,0,0,0,0,0,0.272579550743103,0,0.305670129401343,0,0,0,0,0,0,0,0,0,0,0,0,0,0,0,0,0.259126343291469,0.217792427583457,0.255917979442343,0,0
0,0.191010385751724,0,0,0,0,0,0,0.252620698540074,0.258005724481817,0,0,0,0,0,0,0.214907808544757,0,0.239186370137251,0,0,0,0,0,0,0,0,0,0,0,0,0,0,0,0,0,0,0,0,0,0,0,0,0,0,0,0,0,0,0,0,0,0,0,0,0,0,0,0,0,0,0.204385690391064,0,0,0,0,0,0,0,0,0,0,0,0,0,0,0,0,0,0,0,0,0.235651555564729,0.261653372350166,0,0,0
0.243670088358414,0.227455303072929,0.251835811276769,0,0.260549057932461,0,0,0,0.253475595110332,0.234927813952359,0,0,0,0,0.233117908239365,0,0.265853340298066,0.239186370137251,0,0,0.261513352394104,0,0,0.225942444307013,0.233288643938122,0,0,0,0,0,0,0,0,0,0,0,0.26245524485906,0,0,0.279297411441803,0.323217703301797,0.255297137020041,0.23635948667664,0.286280526049191,0,0.31804895957311,0.325148347151416,0,0.249312270898372,0,0,0,0,0,0.223132819564719,0,0.240386122209685,0,0,0,0,0,0,0.28945421667631,0,0,0,0.235371790557611,0,0,0,0,0,0,0,0,0,0,0,0.35529546936353,0,0,0.240781286722559,0.217959258556366,0.285511976909075,0.21817611520705,0.237998607754707
0,0,0,0,0,0.191809135888304,0,0,0,0,0,0,0,0,0,0,0,0,0,0,0,0,0,0,0,0,0,0,0,0,0,0,0,0,0,0.178009647427965,0,0,0,0,0,0,0,0,0,0,0,0,0,0,0,0,0,0,0,0,0,0,0,0,0,0,0.189983561948726,0,0,0,0,0,0,0,0,0,0,0,0,0,0,0,0.171586987003684,0,0,0,0.19159726412605,0.180009557228339,0.169551951973611,0,0
0,0,0.275230462352435,0,0.257958960533142,0,0.23897477487723,0,0,0,0,0,0,0,0,0,0,0,0.261513352394104,0,0,0,0,0,0,0,0,0,0,0,0,0,0,0,0,0,0.253026272765015,0,0,0,0,0,0.303062260150909,0,0,0,0.281760763790872,0,0,0,0,0,0,0,0,0,0.287788239618142,0,0,0,0,0,0,0.283037857367442,0,0,0,0,0,0,0,0,0,0,0,0,0,0,0,0,0,0,0.224021709940401,0,0.277062600168089,0,0
0,0,0,0,0,0,0,0,0,0,0,0,0,0,0,0,0,0,0,0,0,0,0.260211360127061,0.242177918553352,0,0,0,0,0,0,0,0,0,0,0,0,0,0.200942719228489,0.187055541651522,0,0,0,0,0,0,0,0,0,0,0.17284075660365,0,0,0,0,0,0,0,0,0,0,0,0,0,0,0.205888707986241,0,0.194080693060405,0,0,0,0,0,0,0,0,0,0,0,0,0,0.197954593825989,0.179759181229795,0.219776636535549,0.270336300844958,0,0,0
0,0,0,0,0,0,0,0,0,0,0,0,0,0,0,0,0,0,0,0,0,0.260211360127061,0,0.218724207658517,0.236774686351418,0,0,0,0,0,0,0,0,0,0,0,0,0.172752500981347,0.18200051953624,0,0,0,0,0,0,0,0,0,0.201111260801554,0,0,0,0,0,0,0,0,0,0,0,0,0,0,0,0.2264390833585,0.20043862486879,0.217525521914164,0,0,0,0,0,0,0,0,0,0,0,0,0,0,0.211048463714027,0.212213115814825,0.339198126866106,0,0,0
0,0,0,0,0,0,0,0,0,0,0,0,0,0,0,0,0,0,0.225942444307013,0,0,0.242177918553352,0.218724207658517,0,0.22384113073349,0,0,0,0,0,0,0,0,0,0,0,0,0.22009773635202,0,0,0,0.246410239826549,0,0.241578534245491,0,0,0.263629943132401,0.226371422410011,0,0.173245425025622,0,0,0,0,0,0,0,0,0,0,0,0,0,0,0,0,0.223475456237793,0.199439391493797,0,0,0,0,0,0,0,0,0,0,0,0,0,0,0.22837880181658,0.248375445799749,0.2366334853264,0,0
0.246983930468559,0,0,0,0,0,0,0,0.243843444000741,0,0,0,0,0,0.211184408177029,0,0.250899579686423,0,0.233288643938122,0,0,0,0.236774686351418,0.22384113073349,0,0,0.217154799596123,0,0,0,0,0,0,0,0,0,0,0,0.246190350916651,0,0,0.262499541044235,0.244590625166893,0,0,0,0,0,0,0,0,0,0,0,0.25972582373549,0,0,0,0,0,0,0,0,0.271690040826797,0,0,0.201380476355553,0.282886266708374,0,0,0,0,0,0,0,0,0,0,0,0,0,0.230171620017952,0.209056159671339,0.260746664621613,0.249873891472816,0,0
0,0,0,0,0,0,0,0,0,0,0,0,0,0,0,0,0,0,0,0,0,0,0,0,0,0,0,0,0,0,0,0,0,0,0,0,0,0,0,0,0,0,0,0,0,0,0,0,0,0,0,0,0,0,0,0,0,0,0,0,0,0,0,0,0,0,0,0,0,0,0,0,0,0,0,0,0,0,0,0,0,0,0,0,0,0,0
0,0,0,0,0,0,0,0,0,0,0,0,0,0,0,0,0,0,0,0,0,0,0,0,0.217154799596123,0,0,0,0,0,0,0,0,0,0,0,0,0,0,0,0,0,0,0,0,0,0,0,0,0,0,0,0,0,0,0,0,0,0,0,0,0,0,0,0,0,0,0,0,0,0,0,0,0,0,0,0,0,0,0,0,0,0.20870733580419,0,0,0,0
0,0,0,0,0,0,0,0,0,0,0,0,0,0.210571470084014,0,0,0,0,0,0,0,0,0,0,0,0,0,0,0,0,0,0,0,0,0,0,0,0,0,0,0,0,0,0,0,0,0,0,0,0,0,0,0,0,0,0,0,0,0,0,0,0,0,0,0,0,0,0,0,0,0,0,0,0,0,0,0,0,0,0,0,0,0.221651003501402,0.228265586024987,0,0,0
0,0,0,0,0,0,0,0,0,0,0.22003704288476,0,0,0,0,0,0,0,0,0,0,0,0,0,0,0,0,0,0,0,0.277866505086422,0,0,0,0,0,0,0,0,0,0,0,0,0,0,0,0,0,0,0,0,0,0,0,0,0,0,0,0,0,0,0,0,0,0,0,0,0,0,0,0,0,0,0,0,0,0,0,0,0,0,0,0.181560258171996,0,0,0,0
0,0,0,0,0,0,0,0,0,0,0,0,0,0,0,0,0,0,0,0,0,0,0,0,0,0,0,0,0,0,0,0,0,0,0,0,0,0.218835545910729,0,0,0,0,0,0,0,0,0,0,0,0,0,0,0,0,0,0,0,0,0,0,0,0,0,0,0,0,0,0,0,0,0,0,0,0,0,0,0,0,0,0,0,0,0,0,0,0,0
0,0,0,0,0,0,0,0,0,0,0,0,0,0,0,0,0,0,0,0,0,0,0,0,0,0,0,0,0.277866505086422,0,0,0,0,0,0,0,0,0,0,0,0,0,0,0,0,0,0,0,0,0,0,0,0,0,0,0,0,0,0,0,0,0,0,0,0,0,0,0,0,0,0,0,0,0,0,0,0,0,0,0,0,0,0,0,0,0,0
0,0,0,0,0,0,0,0,0,0,0,0,0,0,0,0,0,0,0,0,0,0,0,0,0,0,0,0,0,0,0,0,0.391753900491492,0,0,0,0.464190982623931,0,0,0.258855700492859,0,0.269589424133301,0,0,0,0,0,0.408951128515863,0.266259008134254,0.259202609336916,0,0,0,0,0,0,0,0,0,0,0,0,0,0,0,0,0,0,0,0,0,0,0,0,0.408138860413369,0.360157654739765,0,0,0.373045697235144,0.329097115341291,0,0,0.226966547996107,0,0.233049377799034,0,0
0,0,0,0,0,0,0,0,0,0,0,0,0,0,0,0,0,0,0,0,0,0,0,0,0,0,0,0,0,0,0,0.391753900491492,0,0,0,0.584921319757478,0,0,0,0,0,0,0,0,0,0,0,0.398014807366695,0.290927410125732,0,0,0,0,0,0,0,0,0,0,0,0,0,0,0,0,0,0,0,0,0,0,0,0,0,0.430597838569195,0.407690709079701,0,0,0.532967654115792,0.237129310104582,0,0,0.225708669559522,0,0,0,0
0,0,0,0,0,0,0,0,0,0,0,0,0,0,0,0,0,0,0,0,0,0,0,0,0,0,0,0,0,0,0,0,0,0,0.315887148307545,0,0,0,0.236832289894422,0,0,0,0,0,0,0,0,0.344260175012448,0.360755064858581,0,0,0,0,0,0,0,0,0,0,0,0,0,0,0,0,0,0,0,0,0,0,0,0,0,0,0,0,0.279956658573254,0,0,0,0.259715367319449,0.260371521115303,0.215912878513336,0,0,0
0,0,0,0,0,0,0,0,0,0,0,0,0,0,0,0,0,0,0,0,0,0,0,0,0,0,0,0,0,0,0,0,0,0.315887148307545,0,0,0,0.251635365188122,0,0,0,0,0,0,0,0,0,0.355714927564749,0.518973305821419,0,0,0,0,0,0,0,0,0,0,0,0,0,0,0,0,0,0,0,0,0,0,0,0,0,0,0,0,0.330330590024973,0,0,0.247210338711739,0.351728181044261,0.370808792300522,0,0,0,0
0,0,0,0,0,0.181411991808929,0,0,0,0,0,0.214110072702169,0,0,0,0,0,0,0,0.178009647427965,0,0,0,0,0,0,0,0,0,0,0,0,0.584921319757478,0,0,0,0.381190759717364,0.141813254874686,0,0,0,0,0,0,0,0,0,0.540923940568602,0.315105068294898,0.248050021273749,0,0,0,0,0,0,0,0.213751035657796,0,0,0,0,0.164492774237159,0,0,0,0,0,0,0,0,0,0,0,0,0.439620361343408,0,0,0.181589501091105,0.240504385447604,0,0,0.188311738436883,0.240190312197636,0.204268867996606,0,0
0.287401646375656,0,0.233211072391104,0,0.203781859839664,0,0,0,0,0,0,0,0,0,0,0,0,0,0.26245524485906,0,0.253026272765015,0,0,0,0,0,0,0,0,0,0,0.464190982623931,0,0,0,0.381190759717364,0,0,0,0,0,0,0.298870887358983,0,0,0,0.283810217181842,0.469300360679626,0.361565381288528,0,0,0,0,0,0,0,0.271759934274547,0,0,0,0,0,0,0.259223037145355,0,0,0,0,0,0,0,0,0,0,0.500906286331324,0,0,0,0.242874160228354,0.200063693439564,0,0,0.180445344842115,0.356883768311913,0.234035950453177,0,0
0,0,0,0,0,0,0,0,0,0.281672060489655,0,0.229642376303673,0,0,0,0,0,0,0,0,0,0.200942719228489,0.172752500981347,0.22009773635202,0,0,0,0,0,0.218835545910729,0,0,0,0,0.251635365188122,0.141813254874686,0,0,0.190607830167706,0,0,0.276550891206545,0,0,0,0,0,0.476722590245984,0,0.175467694923282,0,0,0,0,0,0,0,0,0,0,0,0,0,0,0.196916103689534,0,0.222146629940632,0,0,0,0,0,0,0,0,0,0,0,0.154392115379635,0,0.198414357796611,0.172597806556088,0.169406696612836,0.262881362423448,0.257745802402496,0,0
0.210500702261925,0,0,0,0,0,0,0,0.205325323072347,0,0,0,0,0,0,0,0,0,0,0,0,0.187055541651522,0.18200051953624,0,0.246190350916651,0,0,0,0,0,0,0,0,0.236832289894422,0,0,0,0.190607830167706,0,0,0,0.223270043730736,0,0,0,0,0.27027428150177,0.412053777962118,0.205174587431397,0,0,0,0,0,0.233031620581945,0,0,0,0,0,0,0,0,0.304128110408783,0.19391734653947,0.210325657017529,0,0,0,0,0,0,0,0,0,0,0.241728544235229,0,0,0.209502875804901,0.213665339000085,0.160640064129901,0.163489542643293,0.339293090999126,0.29676584841369,0,0
0,0,0,0,0,0,0,0,0,0,0,0,0,0,0,0,0,0,0.279297411441803,0,0,0,0,0,0,0,0,0,0,0,0,0.258855700492859,0,0,0,0,0,0,0,0,0,0.349089604336768,0,0,0,0.259259897584832,0,0.228869290284391,0,0.253894296192748,0,0,0,0,0,0,0,0,0,0,0,0,0,0,0,0,0,0,0,0,0,0,0,0,0,0,0,0,0,0,0,0,0.241066358983517,0,0.336061650134255,0,0
0.376588788644181,0,0.321269099911054,0,0.245081469416618,0,0,0,0.311668679118156,0,0,0,0,0,0,0,0.291937410831451,0,0.323217703301797,0,0,0,0,0,0,0,0,0,0,0,0,0,0,0,0,0,0,0,0,0,0,0.297927122735819,0.268474456780612,0.326295860111713,0,0,0.256625037658045,0.202726693680653,0.185676041715529,0,0,0,0,0,0,0,0.289478689432144,0,0,0,0,0,0,0.201932712165373,0,0,0,0.305180092652639,0,0,0,0,0,0,0,0.225528551265597,0,0,0,0.192971614630599,0,0,0.32876829776939,0,0.283756743218441,0,0.21937545761466
0.239309641447934,0,0.253399759531021,0,0,0,0,0,0.247964968735521,0.333577511527322,0,0,0,0,0,0,0.241160338371992,0,0.255297137020041,0,0,0,0,0.246410239826549,0.262499541044235,0,0,0,0,0,0,0.269589424133301,0,0,0,0,0,0.276550891206545,0.223270043730736,0.349089604336768,0.297927122735819,0,0.219750239704907,0.28838333856034,0,0.318130835598016,0.298246672924827,0.295134513667136,0.206881613470614,0.328492316462914,0,0,0,0,0,0,0.250104881823063,0,0,0,0,0,0,0.240239001810551,0,0,0,0.258116241544485,0,0,0,0,0,0,0,0,0,0,0.412078484016306,0.344293504953384,0,0,0.244406339433976,0,0.325965156879509,0.237744649898418,0
0.278085480235895,0,0.305530319951274,0,0.322789332932896,0,0,0,0.281050728086163,0,0,0,0,0,0,0,0.23522690019092,0,0.23635948667664,0,0.303062260150909,0,0,0,0.244590625166893,0,0,0,0,0,0,0,0,0,0,0,0.298870887358983,0,0,0,0.268474456780612,0.219750239704907,0,0.281623281538486,0,0,0.27218420991221,0.364769116044044,0.310031927587932,0.350446343421936,0,0,0,0,0.262554329453093,0,0.322578809303454,0,0,0,0,0,0,0.298343702726517,0,0,0,0,0,0,0,0,0,0,0,0,0,0.349367424845695,0,0.258198995143175,0,0.319340854883194,0.244001036189225,0.201915726065636,0.282773358226748,0.309285819530487,0.193058190246423
0,0,0,0,0,0,0,0,0.276223704218864,0,0,0,0,0,0,0,0.252315759658813,0,0.286280526049191,0,0,0,0,0.241578534245491,0,0,0,0,0,0,0,0,0,0,0,0,0,0,0,0,0.326295860111713,0.28838333856034,0.281623281538486,0,0,0.332451152580756,0.30474050839742,0,0,0,0,0,0,0,0,0,0.241309002041817,0,0,0,0,0,0,0,0,0,0,0.293362587690353,0,0,0,0,0,0,0,0,0,0,0,0,0,0,0.25861964079569,0,0.294876477998489,0.25573143362999,0
0,0,0,0,0,0,0,0,0,0,0,0,0,0,0,0,0,0,0,0,0,0,0,0,0,0,0,0,0,0,0,0,0,0,0,0,0,0,0,0,0,0,0,0,0,0,0,0,0,0,0,0,0,0,0,0,0,0,0,0,0,0,0,0,0,0,0,0,0,0,0,0,0,0,0,0,0,0,0,0,0,0,0,0,0,0,0
0,0,0,0,0,0,0,0,0,0,0,0,0,0,0,0,0,0,0.31804895957311,0,0,0,0,0,0,0,0,0,0,0,0,0,0,0,0,0,0,0,0,0.259259897584832,0,0.318130835598016,0,0.332451152580756,0,0,0,0,0,0,0,0,0,0,0,0,0,0,0,0,0,0,0.205157300890274,0,0,0,0,0,0,0,0,0,0,0,0,0,0,0,0.261291803436984,0,0,0,0.281944874674082,0,0.279575575691785,0.269374161958694,0
0.357215159126021,0,0.286685990837557,0,0.296659735295008,0,0,0,0.29961620820196,0,0,0,0,0,0,0,0.260887652635574,0,0.325148347151416,0,0.281760763790872,0,0,0.263629943132401,0,0,0,0,0,0,0,0,0,0,0,0,0.283810217181842,0,0.27027428150177,0,0.256625037658045,0.298246672924827,0.27218420991221,0.30474050839742,0,0,0,0,0.348253786563873,0,0,0,0,0,0.314418792724609,0,0.281742522900803,0,0,0,0,0,0,0.283232775225606,0,0,0,0,0,0,0,0,0,0,0,0,0,0,0,0.2543355322936,0,0,0.343071473515798,0,0.314644045622967,0,0.300563786178827
0.365510284900665,0,0,0,0,0,0,0,0,0,0,0,0,0,0,0,0,0,0,0,0,0,0,0.226371422410011,0,0,0,0,0,0,0,0.408951128515863,0.398014807366695,0.344260175012448,0.355714927564749,0.540923940568602,0.469300360679626,0.476722590245984,0.412053777962118,0.228869290284391,0.202726693680653,0.295134513667136,0.364769116044044,0,0,0,0,0,0.308305402016602,0.237231736278729,0,0,0,0,0,0,0,0,0,0,0,0,0,0,0,0,0,0,0,0,0,0,0,0,0.47256162431505,0.334531324714243,0,0.298325676822114,0.365416327379644,0.230047303570017,0.558669789237265,0.404647662045476,0.340086986285033,0.199029302367797,0.381022849310952,0,0
0.220794369370875,0,0.260433793839705,0,0.247708715995153,0,0,0,0.225228549086529,0,0,0,0,0,0,0,0,0,0.249312270898372,0,0,0,0.201111260801554,0,0,0,0,0,0,0,0,0.266259008134254,0.290927410125732,0.360755064858581,0.518973305821419,0.315105068294898,0.361565381288528,0,0.205174587431397,0,0.185676041715529,0.206881613470614,0.310031927587932,0,0,0,0.348253786563873,0.308305402016602,0,0.216026499773721,0.190006703386704,0,0,0,0.229832734223947,0,0.22393975591025,0,0.193826771100405,0,0.169817539158637,0,0,0.362859148870815,0,0,0,0,0,0,0,0,0,0,0,0.269425802557917,0,0.532649193491255,0.306544261984527,0.261669506754108,0,0.28577800611978,0.340827661870557,0,0.294270720506322,0,0.235234860558899
0,0.178338184952736,0,0.147313618371564,0,0.165218346967147,0,0,0,0,0,0,0,0,0,0,0,0,0,0,0,0.17284075660365,0,0.173245425025622,0,0,0,0,0,0,0,0.259202609336916,0,0,0,0.248050021273749,0,0.175467694923282,0,0.253894296192748,0,0.328492316462914,0.350446343421936,0,0,0,0,0.237231736278729,0.216026499773721,0,0,0.156924516228693,0,0,0,0.167179557308555,0,0.152769890427589,0,0.165239742167946,0,0.152566555783013,0,0,0,0,0,0,0,0,0.184314168081051,0,0.174140505279814,0,0,0.237860863064897,0,0,0.278155416019203,0.258175938929382,0.179915722536365,0,0.278665937066554,0.174486979842186,0.301972665076081,0,0
0,0,0.227279957449227,0,0.216730225136725,0,0.203135367482901,0,0.206636526730171,0,0,0,0,0,0,0,0,0,0,0,0,0,0,0,0,0,0,0,0,0,0,0,0,0,0,0,0,0,0,0,0,0,0,0,0,0,0,0,0.190006703386704,0,0,0,0.202266636426668,0,0.186826792457243,0,0,0,0.176951471623497,0,0.227842575182085,0,0,0,0,0,0,0,0,0,0,0,0,0,0,0,0,0,0,0,0,0,0.22958986859682,0,0,0,0
0,0,0,0.175404985305629,0,0.177953714000246,0,0,0,0,0,0,0,0,0,0,0,0,0,0,0,0,0,0,0,0,0,0,0,0,0,0,0,0,0,0,0,0,0,0,0,0,0,0,0,0,0,0,0,0.156924516228693,0,0,0,0,0,0,0,0.153509706017655,0,0.160117740733515,0,0.181276390196723,0,0,0,0,0,0,0,0,0,0,0,0,0,0,0,0,0,0,0,0,0.186930432066737,0.190609010202544,0,0,0
0,0,0,0,0.207338253491455,0,0.198323937869349,0,0,0,0,0,0,0,0,0,0,0,0,0,0,0,0,0,0,0,0,0,0,0,0,0,0,0,0,0,0,0,0,0,0,0,0,0,0,0,0,0,0,0,0.202266636426668,0,0,0,0,0,0,0,0.197490875367765,0,0,0,0,0,0,0,0,0,0,0,0,0,0,0,0,0,0,0,0,0,0,0,0,0,0,0,0
0,0,0,0,0,0,0,0,0,0,0,0,0,0,0,0,0,0,0,0,0,0,0,0,0,0,0,0,0,0,0,0,0,0,0,0,0,0,0,0,0,0,0,0,0,0,0,0,0,0,0,0,0,0,0,0,0,0,0,0,0,0,0,0,0,0,0,0,0,0,0,0,0,0,0,0,0,0,0,0,0,0,0,0,0,0,0
0.248697647686768,0,0.20934788819168,0,0.190338688757685,0,0,0,0.266606416288199,0,0,0,0,0,0.17796815931797,0,0.251673340797424,0,0.223132819564719,0,0,0,0,0,0.25972582373549,0,0,0,0,0,0,0,0,0,0,0,0,0,0.233031620581945,0,0,0,0.262554329453093,0,0,0,0.314418792724609,0,0.229832734223947,0,0.186826792457243,0,0,0,0,0,0.229093858040869,0,0.221127163045681,0,0.243229684493999,0,0,0,0,0,0,0,0,0,0,0,0,0,0,0,0,0,0,0,0,0,0.217709249912578,0.229441748932004,0.257156951882975,0,0.245734950527549
0,0.232603559198306,0,0.184036170668264,0,0.197311381676367,0,0,0,0.248155967131549,0,0,0,0,0,0,0,0,0,0,0,0,0,0,0,0,0,0,0,0,0,0,0,0,0,0,0,0,0,0,0,0,0,0,0,0,0,0,0,0.167179557308555,0,0,0,0,0,0,0,0,0,0,0,0.194157102704048,0,0,0,0,0.23287453161915,0,0,0,0,0,0,0,0,0,0,0,0,0,0,0,0.186108286829631,0.173752516508102,0.269258409738541,0,0
0.255372336619113,0,0.275599743788677,0,0.298368225140231,0,0,0,0.250017634514025,0,0.140860726435979,0,0,0,0,0,0.218610044568777,0,0.240386122209685,0,0.287788239618142,0,0,0,0,0,0,0,0,0,0,0,0,0,0,0,0.271759934274547,0,0,0,0.289478689432144,0.250104881823063,0.322578809303454,0.241309002041817,0,0,0.281742522900803,0,0.22393975591025,0,0,0,0,0,0.229093858040869,0,0,0,0.191254115744915,0,0.184023703263782,0,0,0.277686944444974,0,0,0,0,0,0,0,0,0,0.209589881252269,0,0,0,0,0,0.268259208253089,0,0,0.271958916884246,0,0.281749088356787,0,0.254174396395683
0,0,0,0,0,0.156741610169411,0,0,0,0,0,0.190149456419443,0,0,0,0,0,0,0,0,0,0,0,0,0,0,0,0,0,0,0,0,0,0,0,0.213751035657796,0,0,0,0,0,0,0,0,0,0,0,0,0,0.152769890427589,0,0.153509706017655,0,0,0,0,0,0,0,0.162448086817959,0,0.163192987442017,0,0,0,0,0,0,0,0,0,0,0.272113488735379,0,0,0,0,0,0,0,0,0,0.206402297373171,0,0.197155214570187,0,0
0.215285571867769,0,0,0,0.238073419440876,0,0.202023386955261,0,0.235683433711529,0,0,0,0.320980687033046,0,0.258781123687239,0,0,0,0,0,0,0,0,0,0,0,0,0,0,0,0,0,0,0,0,0,0,0,0,0,0,0,0,0,0,0,0,0,0.193826771100405,0,0.176951471623497,0,0.197490875367765,0,0.221127163045681,0,0.191254115744915,0,0,0,0.19865511849369,0,0,0,0,0,0,0,0,0,0,0,0,0.170465353131294,0,0,0,0,0,0,0,0,0.317172526639311,0.360399353835318,0.168819470897965,0,0
0,0,0,0.2071183770895,0,0.175949612086379,0,0,0,0,0,0,0,0.1906537430421,0,0.189612945460755,0,0,0,0,0,0,0,0,0,0,0,0,0,0,0,0,0,0,0,0,0,0,0,0,0,0,0,0,0,0,0,0,0,0.165239742167946,0,0.160117740733515,0,0,0,0,0,0.162448086817959,0,0,0,0.189579521846933,0,0,0,0,0,0,0,0,0,0,0,0,0,0,0,0,0,0,0,0,0.203972809016705,0,0.218030768700621,0,0
0.247875103246082,0,0,0,0.232041032984853,0,0,0,0.224937831362089,0,0,0,0,0,0.22622717987254,0,0,0,0,0,0,0,0,0,0,0,0,0,0,0,0,0,0,0,0,0,0,0,0,0,0,0,0,0,0,0,0,0,0.169817539158637,0,0.227842575182085,0,0,0,0.243229684493999,0,0.184023703263782,0,0.19865511849369,0,0,0,0,0,0,0,0,0,0,0,0,0,0,0.170727564021945,0,0,0,0,0,0,0,0,0.264513400070118,0.303079370913547,0.163569578280052,0,0
0,0.208057105541229,0,0.157846155140711,0,0.189342862247217,0,0,0,0.185780400738997,0,0,0,0.196047027829366,0,0.188786643435527,0,0.204385690391064,0,0,0,0,0,0,0,0,0,0,0,0,0,0,0,0,0,0,0,0,0,0,0,0,0,0,0,0,0,0,0,0.152566555783013,0,0.181276390196723,0,0,0,0.194157102704048,0,0.163192987442017,0,0.189579521846933,0,0,0,0,0,0,0,0,0,0,0,0,0,0,0,0,0,0,0,0,0,0,0.209453861424288,0.277227515077799,0,0,0
0,0,0,0,0,0.197514409820239,0,0,0,0,0,0,0,0,0,0,0,0,0,0.189983561948726,0,0,0,0,0,0,0,0,0,0,0,0,0,0,0,0.164492774237159,0,0,0,0,0,0,0,0,0,0.205157300890274,0,0,0,0,0,0,0,0,0,0,0,0,0,0,0,0,0,0,0,0,0,0,0,0,0,0,0,0,0,0,0,0,0.180249878014737,0,0,0,0.172327807022108,0.237967810283105,0.187415572263083,0,0
0.327816961772123,0,0.301973388356678,0,0.308538853722131,0,0,0,0.273004755377769,0,0,0,0,0,0,0,0.272579550743103,0,0.28945421667631,0,0.283037857367442,0,0,0,0.271690040826797,0,0,0,0,0,0,0,0,0,0,0,0.259223037145355,0,0.304128110408783,0,0.201932712165373,0.240239001810551,0.298343702726517,0,0,0,0.283232775225606,0,0.362859148870815,0,0,0,0,0,0,0,0.277686944444974,0,0,0,0,0,0,0,0,0,0,0,0,0,0,0,0,0,0,0,0,0,0,0.267967875024914,0,0,0.311897990263608,0,0.35221394581224,0,0
0,0,0,0,0,0,0,0,0,0,0,0,0,0,0,0,0,0,0,0,0,0.205888707986241,0.2264390833585,0,0,0,0,0,0,0,0,0,0,0,0,0,0,0.196916103689534,0.19391734653947,0,0,0,0,0,0,0,0,0,0,0,0,0,0,0,0,0,0,0,0,0,0,0,0,0,0,0,0.21770685338057,0,0,0,0,0,0,0,0,0,0,0,0,0,0.193929295934072,0.187326249342861,0.207819920868337,0,0,0,0
0,0,0,0,0,0,0,0,0,0,0,0,0,0,0,0,0.305670129401343,0,0,0,0,0,0.20043862486879,0,0,0,0,0,0,0,0,0,0,0,0,0,0,0,0.210325657017529,0,0,0,0,0,0,0,0,0,0,0,0,0,0,0,0,0,0,0,0,0,0,0,0,0,0,0,0,0,0,0,0,0,0,0,0,0,0,0,0,0,0,0.230568334460258,0.234650341527803,0,0,0,0
0,0,0,0,0,0,0,0,0,0.233837989600081,0,0,0,0,0,0,0,0,0,0,0,0.194080693060405,0.217525521914164,0.223475456237793,0.201380476355553,0,0,0,0,0,0,0,0,0,0,0,0,0.222146629940632,0,0,0,0,0,0,0,0,0,0,0,0,0,0,0,0,0,0.23287453161915,0,0,0,0,0,0,0,0,0.21770685338057,0,0,0,0,0,0,0,0,0,0,0,0,0,0,0,0,0,0.192888658123407,0.236381650765737,0,0,0
0,0,0,0,0,0,0,0,0,0,0,0,0,0,0,0,0,0,0.235371790557611,0,0,0,0,0.199439391493797,0.282886266708374,0,0,0,0,0,0,0,0,0,0,0,0,0,0,0,0.305180092652639,0.258116241544485,0,0.293362587690353,0,0,0,0,0,0,0,0,0,0,0,0,0,0,0,0,0,0,0,0,0,0,0,0,0,0,0,0,0,0,0,0,0,0,0,0,0,0,0.257433448211256,0.199358448386192,0.286099360747771,0,0
0,0,0,0,0,0,0,0,0,0,0,0,0,0,0,0,0,0,0,0,0,0,0,0,0,0,0,0,0,0,0,0,0,0,0,0,0,0,0,0,0,0,0,0,0,0,0,0,0,0,0,0,0,0,0,0,0,0,0,0,0,0,0,0,0,0,0,0,0,0,0,0,0,0,0,0,0,0,0,0,0,0,0.244618713855743,0,0,0,0
0,0,0,0,0,0,0,0,0,0,0,0,0,0,0,0,0,0,0,0,0,0,0,0,0,0,0,0,0,0,0,0,0,0,0,0,0,0,0,0,0,0,0,0,0,0,0,0,0,0,0,0,0,0,0,0,0,0,0,0,0,0,0,0,0,0,0,0,0,0,0,0,0,0,0,0,0,0,0,0,0,0,0,0,0,0,0
0,0,0,0,0,0,0,0,0,0,0,0,0,0,0,0,0,0,0,0,0,0,0,0,0,0,0,0,0,0,0,0,0,0,0,0,0,0,0,0,0,0,0,0,0,0,0,0,0,0.184314168081051,0,0,0,0,0,0,0,0,0,0,0,0,0,0,0,0,0,0,0,0,0,0,0.14787553737943,0,0,0,0,0,0,0,0.136194355906955,0,0,0,0,0,0
0,0,0,0,0,0,0,0,0,0,0,0,0,0,0,0,0,0,0,0,0,0,0,0,0,0,0,0,0,0,0,0,0,0,0,0,0,0,0,0,0,0,0,0,0,0,0,0,0,0,0,0,0,0,0,0,0,0,0,0,0,0,0,0,0,0,0,0,0,0,0,0,0,0,0,0,0,0,0,0,0,0,0,0,0.160162925720215,0,0
0,0,0,0,0,0,0,0,0,0,0,0,0,0,0,0,0,0,0,0,0,0,0,0,0,0,0,0,0,0,0,0,0,0,0,0,0,0,0,0,0,0,0,0,0,0,0,0,0,0.174140505279814,0,0,0,0,0,0,0,0.272113488735379,0,0,0,0,0,0,0,0,0,0,0,0,0.14787553737943,0,0,0,0,0,0,0,0,0,0,0,0,0,0.200514175398375,0,0
0,0,0,0,0,0,0,0,0,0,0,0,0,0,0,0,0,0,0,0,0,0,0,0,0,0,0,0,0,0,0,0,0,0,0,0,0,0,0,0,0,0,0,0,0,0,0,0,0,0,0,0,0,0,0,0,0.209589881252269,0,0.170465353131294,0,0.170727564021945,0,0,0,0,0,0,0,0,0,0,0,0,0,0,0,0,0,0,0,0,0,0,0,0.181637117072292,0,0
0,0,0,0,0,0,0,0,0,0,0,0,0,0,0,0,0,0,0,0,0,0,0,0,0,0,0,0,0,0,0,0.408138860413369,0.430597838569195,0,0,0,0.500906286331324,0,0,0,0,0,0,0,0,0,0,0.47256162431505,0,0,0,0,0,0,0,0,0,0,0,0,0,0,0,0,0,0,0,0,0,0,0,0,0,0,0,0.464754624499215,0,0,0.26552227139473,0.460740268230438,0,0,0.22033243857581,0,0,0,0
0,0,0,0,0,0,0,0,0,0,0,0,0,0,0,0,0,0,0,0,0,0,0,0,0,0,0,0,0,0,0,0.360157654739765,0.407690709079701,0,0,0.439620361343408,0,0,0,0,0.225528551265597,0,0,0,0,0,0,0.334531324714243,0.269425802557917,0.237860863064897,0,0,0,0,0,0,0,0,0,0,0,0,0,0,0,0,0,0,0,0,0,0,0,0,0.464754624499215,0,0,0,0.45551932425726,0,0,0,0.238816265036716,0,0.236963845789433,0,0
0,0,0,0,0,0,0,0,0,0,0,0,0,0,0,0,0,0,0,0,0,0,0,0,0,0,0,0,0,0,0,0,0,0,0,0,0,0,0.241728544235229,0,0,0,0,0,0,0,0,0,0,0,0,0,0,0,0,0,0,0,0,0,0,0,0,0,0,0,0,0,0,0,0,0,0,0,0,0,0,0.224335660537084,0,0,0,0.244674369692802,0,0,0,0,0
0,0,0,0,0,0,0,0,0,0,0,0,0,0,0,0,0,0,0,0,0,0,0,0,0,0,0,0,0,0,0,0,0,0.279956658573254,0.330330590024973,0,0,0,0,0,0,0,0.349367424845695,0,0,0,0,0.298325676822114,0.532649193491255,0,0,0,0,0,0,0,0,0,0,0,0,0,0,0,0,0,0,0,0,0,0,0,0,0,0,0,0.224335660537084,0,0,0,0,0,0.330408635637621,0,0,0,0
0,0,0,0,0,0,0,0,0,0,0,0,0,0,0,0,0,0,0,0.171586987003684,0,0,0,0,0,0,0,0,0,0,0,0.373045697235144,0.532967654115792,0,0,0.181589501091105,0.242874160228354,0.154392115379635,0,0,0,0.412078484016306,0,0,0,0.261291803436984,0,0.365416327379644,0.306544261984527,0.278155416019203,0,0,0,0,0,0,0,0,0,0,0,0,0.180249878014737,0,0,0,0,0,0,0,0,0,0,0,0.26552227139473,0.45551932425726,0,0,0,0.201956266771147,0,0,0.184956379910708,0.207541671008654,0.393980971651294,0,0
0.364881306886673,0,0.269574418663979,0,0,0,0,0,0,0,0,0,0,0,0,0,0,0,0.35529546936353,0,0,0,0,0,0,0,0,0,0,0,0,0.329097115341291,0.237129310104582,0,0,0.240504385447604,0.200063693439564,0,0.209502875804901,0,0.192971614630599,0.344293504953384,0.258198995143175,0,0,0,0.2543355322936,0.230047303570017,0.261669506754108,0.258175938929382,0,0,0,0,0,0,0.268259208253089,0,0,0,0,0,0,0.267967875024914,0,0,0,0,0,0,0,0,0,0,0.460740268230438,0,0,0,0.201956266771147,0,0,0,0.176136499542716,0.258414842648271,0.315970242828936,0,0
0,0,0,0,0,0,0,0,0,0,0,0,0,0,0,0,0,0,0,0,0,0.197954593825989,0,0,0,0,0,0,0,0,0,0,0,0,0.247210338711739,0,0,0.198414357796611,0.213665339000085,0,0,0,0,0,0,0,0,0.558669789237265,0,0.179915722536365,0,0,0,0,0,0,0,0,0,0,0,0,0,0,0.193929295934072,0,0,0,0,0,0.136194355906955,0,0,0,0,0,0,0,0,0,0,0.212875361418166,0.193736680180022,0.252667501568794,0.431668301423391,0,0
0,0,0,0,0,0,0,0,0,0,0,0,0,0,0,0,0,0,0,0,0,0.179759181229795,0.211048463714027,0,0.230171620017952,0,0,0,0,0,0,0,0,0.259715367319449,0.351728181044261,0,0,0.172597806556088,0.160640064129901,0,0,0,0.319340854883194,0,0,0,0,0.404647662045476,0.28577800611978,0,0,0,0,0,0,0,0,0,0,0,0,0,0,0,0.187326249342861,0.230568334460258,0,0,0,0,0,0,0,0,0,0,0.244674369692802,0,0,0,0.212875361418166,0,0.183962401816497,0,0.295204196463932,0,0
0.233336884655855,0.241208167165838,0.249009601240955,0.184675042390823,0.211300997850908,0.203200449234764,0,0,0.242606596407202,0.236271516795095,0.201431814195781,0.222005775570869,0.384760085639637,0.229628592078547,0.320846504723753,0.207246141009039,0.259126343291469,0.235651555564729,0.240781286722559,0.19159726412605,0.224021709940401,0.219776636535549,0.212213115814825,0.22837880181658,0.209056159671339,0,0.20870733580419,0.221651003501402,0.181560258171996,0,0,0.226966547996107,0.225708669559522,0.260371521115303,0.370808792300522,0.188311738436883,0.180445344842115,0.169406696612836,0.163489542643293,0.241066358983517,0.32876829776939,0.244406339433976,0.244001036189225,0.25861964079569,0,0.281944874674082,0.343071473515798,0.340086986285033,0.340827661870557,0.278665937066554,0.22958986859682,0.186930432066737,0,0,0.217709249912578,0.186108286829631,0.271958916884246,0.206402297373171,0.317172526639311,0.203972809016705,0.264513400070118,0.209453861424288,0.172327807022108,0.311897990263608,0.207819920868337,0.234650341527803,0.192888658123407,0.257433448211256,0.244618713855743,0,0,0,0,0,0.22033243857581,0.238816265036716,0,0.330408635637621,0.184956379910708,0.176136499542716,0.193736680180022,0.183962401816497,0,0.301124864116998,0.288036559562984,0.23449072085954,0.282659815988321
0.33351476987203,0.171695247292519,0,0.187137193977833,0.279010097185771,0.253848477945489,0,0,0.275025249048989,0.244106464331344,0,0.213568449020386,0.456527613272721,0.275252795700944,0.339347117047273,0.278350979598783,0.217792427583457,0.261653372350166,0.217959258556366,0.180009557228339,0,0.270336300844958,0.339198126866106,0.248375445799749,0.260746664621613,0,0,0.228265586024987,0,0,0,0,0,0.215912878513336,0,0.240190312197636,0.356883768311913,0.262881362423448,0.339293090999126,0,0,0,0.201915726065636,0,0,0,0,0.199029302367797,0,0.174486979842186,0,0.190609010202544,0,0,0.229441748932004,0.173752516508102,0,0,0.360399353835318,0,0.303079370913547,0.277227515077799,0.237967810283105,0,0,0,0.236381650765737,0.199358448386192,0,0,0,0,0,0,0,0,0,0,0.207541671008654,0.258414842648271,0.252667501568794,0,0.301124864116998,0,0.257179873910817,0,0
0.28064915198813,0,0.287137233560156,0,0.304579335149754,0,0,0,0.284388318814113,0.244911298598393,0,0,0,0,0,0,0.255917979442343,0,0.285511976909075,0.169551951973611,0.277062600168089,0,0,0.2366334853264,0.249873891472816,0,0,0,0,0,0,0.233049377799034,0,0,0,0.204268867996606,0.234035950453177,0.257745802402496,0.29676584841369,0.336061650134255,0.283756743218441,0.325965156879509,0.282773358226748,0.294876477998489,0,0.279575575691785,0.314644045622967,0.381022849310952,0.294270720506322,0.301972665076081,0,0,0,0,0.257156951882975,0.269258409738541,0.281749088356787,0.197155214570187,0.168819470897965,0.218030768700621,0.163569578280052,0,0.187415572263083,0.35221394581224,0,0,0,0.286099360747771,0,0,0,0.160162925720215,0.200514175398375,0.181637117072292,0,0.236963845789433,0,0,0.393980971651294,0.315970242828936,0.431668301423391,0.295204196463932,0.288036559562984,0.257179873910817,0,0.31360977510409,0.249194832201357
0,0,0,0,0,0,0,0,0,0,0,0,0,0,0,0,0,0,0.21817611520705,0,0,0,0,0,0,0,0,0,0,0,0,0,0,0,0,0,0,0,0,0,0,0.237744649898418,0.309285819530487,0.25573143362999,0,0.269374161958694,0,0,0,0,0,0,0,0,0,0,0,0,0,0,0,0,0,0,0,0,0,0,0,0,0,0,0,0,0,0,0,0,0,0,0,0,0.23449072085954,0,0.31360977510409,0,0
0.254837197753099,0,0.248363659199741,0,0.315515045076609,0,0,0,0.243986227056559,0,0,0,0,0,0,0,0,0,0.237998607754707,0,0,0,0,0,0,0,0,0,0,0,0,0,0,0,0,0,0,0,0,0,0.21937545761466,0,0.193058190246423,0,0,0,0.300563786178827,0,0.235234860558899,0,0,0,0,0,0.245734950527549,0,0.254174396395683,0,0,0,0,0,0,0,0,0,0,0,0,0,0,0,0,0,0,0,0,0,0,0,0,0,0.282659815988321,0,0.249194832201357,0,0
