0,0,14.4226713180542,0,0,0,0,0,6.19187102715174,0,0,0,0,0,0,0,7.76296925544739,39.4852561950684,14.4714623632885,0,0,0,0,0,11.451697663257,0,0,0,0,0,0,0,0,0,0,0,0,0,13.5272425170493,0,0,74.6210250854492,19.257664447607,0,0,0,0,0,8.64289943925266,0,17.5484848022461,0,0,0,5.64074461132872,0,11.7503987210138,0,14.9316396713257,0,10.0707947909832,0,0,0,0,36.9052581787109,0,10.4519844412804,0,35.2776489257812,0,32.0390548706055,0,27.4396858215332,0,0,0,0,0,0,0,13.4277195521763,13.1856121222178,35.818244934082,16.4239581354613,0,18.3521595001221
0,0,0,7.62324787398516,0,0,0,0,0,5.05130138030419,0,0,0,0,0,0,0,0,16.9098281860352,0,0,0,0,0,0,0,0,0,0,0,0,0,0,0,0,0,0,17.4376125335693,0,63.9581508636475,0,29.3071293733558,0,0,0,0,0,48.2746562957764,0,7.52874698684114,0,0,0,0,0,7.03499046961467,0,0,0,0,0,5.95726301934984,0,0,0,0,22.717312918769,0,0,0,38.0793190002441,0,24.4934609731038,0,0,0,0,0,0,0,29.1416373252869,0,15.0523190819815,0,13.0824739886943,0,0
14.4226713180542,0,0,0,17.7109203338623,0,0,0,11.3938825130463,0,0,0,0,0,0,0,0,0,36.1151593526204,0,0,0,0,0,25.4608311653137,0,0,0,0,0,0,0,0,0,0,0,59.8700141906738,0,28.0460891723633,0,0,54.0157661437988,27.7718062617562,0,0,0,28.8267421722412,0,4.80714309537733,0,12.2229093551636,0,0,0,0,0,30.2490463256836,0,0,0,0,0,0,0,0,0,0,24.0394039154053,0,0,0,32.2556121462867,0,31.9272802216666,0,0,0,0,0,42.9811795552572,0,34.7814927534624,14.184977628968,0,26.0487750604612,0,19.1174528598785
0,7.62324787398516,0,0,0,10.3420090848749,0,0,0,7.37406343999116,0,0,0,0,0,0,0,0,32.3147367749895,0,0,0,0,0,0,0,0,0,0,0,0,0,0,0,0,38.0758228302002,0,32.1214942932129,0,67.8829803466797,0,32.5268702577488,0,0,0,34.8528124945504,0,39.2645282745361,0,15.0439100223675,0,7.84701529381767,0,0,0,7.17755837636451,0,8.72495003789663,0,6.58710151672363,0,5.99285863008764,25.0317821502686,0,49.3373031616211,0,0,0,44.7044868469238,0,33.5980443087491,0,32.8347530536823,0,0,0,0,0,57.194176864624,0,38.8667925557783,73.2597885131836,28.5869154974679,28.8045120239258,20.5951074400256,29.055721282959,0
0,0,17.7109203338623,0,0,0,0,0,6.69196836153666,0,0,0,0,0,0,0,0,0,0,0,14.2269878387451,0,0,0,0,0,0,0,0,0,0,0,0,0,0,0,33.9617156982422,0,50.113582611084,68.4712295532227,0,0,48.9962916374207,0,0,0,41.8665817260742,0,57.6929206848145,0,3.73399291094944,0,0,0,11.1760358810425,0,23.1507345835368,0,11.6052079287442,0,10.0810589056749,0,0,34.1820389032364,0,68.1153030395508,0,0,0,0,0,48.6191841574276,0,47.6630622318813,0,0,0,0,0,0,0,53.8852653503418,29.5003678957621,0,19.7620122054528,0,0
0,0,0,10.3420090848749,0,0,0,3.16231249926383,0,0,0,0,0,0,0,2.99206018447876,0,0,45.3769388198853,7.3497922477268,0,0,0,0,0,0,0,0,0,0,0,0,0,0,0,24.7317793170611,0,38.8895492553711,0,58.8750877380371,0,47.3548833673651,0,0,0,17.916861707514,61.1051612854004,0,0,51.9808705647786,0,4.31935060859486,0,3.32153816223145,0,2.73992514610291,0,8.85680928723565,0,0,0,4.29901632666588,10.1930342614651,0,0,0,0,0,0,0,48.3475513458252,0,46.0547155564831,0,0,0,0,0,32.5402939753099,83.7241770426432,50.9165184714577,144.68180847168,6.3347696775834,2.74279522895813,16.7150675418765,0,0
0,0,0,0,0,0,0,0,0,0,6.03795190900564,0,0,0,0,0,0,0,0,0,0,0,0,0,0,0,0,0,0,0,0,0,0,0,0,0,7.90919512860915,0,0,0,0,0,0,0,0,0,0,0,0,0,3.22530266817878,0,3.01350541548295,0,0,0,2.89852559566498,0,0,0,0,0,0,0,0,0,0,0,0,0,0,0,0,0,0,0,0,0,0,10.6357322782278,0,0,3.78066802024841,0,0,0,0
0,0,0,0,0,3.16231249926383,0,0,0,0,0,4.60563203436217,0,2.73711562156677,0,0,0,0,0,0,0,0,0,0,0,0,0,0,0,0,0,0,0,0,0,7.07011432647705,0,0,0,0,0,0,0,0,0,0,0,0,0,0,0,3.2933235168457,0,3.5801240977119,0,0,0,3.97150289444696,0,0,0,0,0,0,0,0,0,0,0,0,0,0,0,0,0,0,0,0,0,0,0,0,5.43330714026013,0,0,0,0
6.19187102715174,0,11.3938825130463,0,6.69196836153666,0,0,0,0,0,0,0,0,0,3.7984183564478,0,16.3246759446162,46.4847278594971,32.0559029579163,0,0,0,0,0,5.77529619177994,0,6.59271204471588,0,0,0,0,0,0,0,0,0,0,0,8.90891299797938,0,0,0,18.897588187998,0,39.013599395752,0,47.5498104095459,0,0,0,0,0,0,0,4.9356205413575,0,22.3791446685791,0,26.5294742584229,0,4.9055840463742,0,0,85.6382369995117,0,65.7849273681641,0,5.50269696826027,0,4.61450953872836,0,26.2039553324382,0,48.3718070983887,0,0,0,0,0,0,0,11.6174458382176,4.88318443451875,4.39463334637029,12.4408020315499,0,5.4715518951416
0,5.05130138030419,0,7.37406343999116,0,0,0,0,0,0,0,0,0,0,0,2.94298031113364,0,28.8634243011475,0,0,0,0,0,9.4834589180739,0,0,0,0,0,0,0,0,0,0,0,0,0,11.5018775155467,0,0,0,33.5376598358154,0,0,0,0,0,0,0,27.4712601389204,0,0,0,0,0,5.81830707230793,0,0,0,0,0,3.08234580357869,0,0,0,0,16.253009985571,0,0,0,48.635934193929,0,40.0664749145508,0,0,0,0,0,0,0,14.6738407824721,0,6.06654556886176,4.90410582480892,19.9341591022633,0,0
0,0,0,0,0,0,6.03795190900564,0,0,0,0,0,4.00817145000805,0,0,0,0,0,0,0,5.95583703120549,0,0,0,0,0,0,0,5.70635747909546,0,3.18985342979431,0,0,0,0,0,4.01247790774459,0,4.26721585330678,0,0,0,0,0,0,0,0,0,0,0,0,0,5.13008285485781,0,0,0,6.21227399387811,0,4.8000922732883,0,0,0,0,13.4936796824137,0,0,0,0,0,0,0,3.08885757384762,0,6.11611305942852,0,0,0,0,0,8.0801479956683,0,9.92784913380941,4.57011205979756,2.75317931175232,3.89041078090668,0,0
0,0,0,0,0,0,0,4.60563203436217,0,0,0,0,0,0,0,0,0,0,0,3.31816622035879,0,0,0,0,0,0,0,2.74348115921021,0,8.99321538326787,0,0,0,0,0,3.02641411622365,0,5.24585068819623,0,0,0,0,0,0,0,0,0,0,0,0,0,0,0,3.96455223219735,0,0,0,5.72793631352684,0,3.84351718786991,0,0,3.96740157674686,0,0,0,0,0,0,0,2.85831089019775,0,13.7516965340964,0,0,0,0,0,3.48328685760498,0,13.6459170240697,0,4.30214851042804,0,9.69147968292236,0,0
0,0,0,0,0,0,0,0,0,0,4.00817145000805,0,0,0,3.00824361642202,0,0,0,0,0,0,0,0,0,0,0,0,0,2.74141681194305,0,0,0,0,0,0,0,0,0,0,0,0,0,0,0,0,0,0,0,0,0,0,0,0,0,0,0,0,0,3.66064948505825,0,2.93489170074463,0,0,0,0,0,0,0,0,4.4247545003891,0,2.93682275339961,0,0,0,0,0,0,0,0,0,0,2.82875218391418,2.96426033973694,29.2072582244873,0,0
0,0,0,0,0,0,0,2.73711562156677,0,0,0,0,0,0,0,3.06799471643236,0,0,0,0,0,0,0,0,0,0,0,2.95050239562988,0,0,0,0,0,0,0,0,0,0,0,0,0,0,0,0,0,0,0,0,0,0,0,3.37174224853516,0,2.9470613683973,0,0,0,3.16521797180176,0,3.6006038209312,0,3.47430040286137,0,0,0,0,0,0,0,0,2.95714569091797,0,4.00113964080811,0,0,0,0,0,0,0,0,0,3.16945377985636,2.88681570688883,0,0,0
0,0,0,0,0,0,0,0,3.7984183564478,0,0,0,3.00824361642202,0,0,0,6.14727033283694,0,0,0,0,0,0,0,3.11610193252563,0,0,0,0,0,0,0,0,0,0,0,0,0,0,0,0,0,0,0,0,0,0,0,0,0,5.47697806358337,0,0,0,4.29081099033356,0,0,0,4.23321007815274,0,3.47927070574628,0,0,0,0,0,0,0,0,5.32096876664595,0,0,0,0,0,0,0,0,0,0,0,0,4.46343914411401,3.46089553833008,0,0,0
0,0,0,0,0,2.99206018447876,0,0,0,2.94298031113364,0,0,0,3.06799471643236,0,0,36.9952724163349,14.9718276484155,52.3474502563477,0,0,0,0,0,0,0,0,22.7468700408936,0,0,0,0,0,0,0,0,0,0,0,0,0,0,0,0,0,0,0,0,0,0,0,0,0,0,0,3.7934932190439,0,0,0,3.12523616105318,0,3.56511942863464,0,109.819610595703,0,0,0,0,0,0,0,0,0,0,0,0,0,0,0,0,0,0,13.3184046288754,13.4264523983002,0,0,0
7.76296925544739,0,0,0,0,0,0,0,16.3246759446162,0,0,0,0,0,6.14727033283694,36.9952724163349,0,23.4090906134323,25.0418306056177,0,0,22.6408726374308,3.664219437984,38.7284965515137,3.21987158060074,32.7308883666992,8.19319789721207,38.8036270141602,5.34678061803182,0,0,0,0,0,0,93.8674144744873,85.3416112263997,96.8591705322266,44.2570304870605,69.9534992839015,71.2308006286621,61.9249756720758,41.0326515596304,50.8601379394531,40.2288646697998,61.1356567969689,48.2088454034593,0,0,80.8535346984863,0,0,0,0,0,0,0,0,0,0,3.10828566551208,0,64.2345537458147,68.0973928769429,111.697540283203,3.56457376480103,46.8963006337484,0,0,4.28034523056775,76.0711479187012,66.4873676300049,71.1662664413452,57.6547336578369,0,0,115.995269775391,0,78.2584473206116,67.2799929766588,79.7473488762265,65.4664343756598,14.323202596059,6.26135802224351,51.0449157544036,59.1817908287048,43.7480326380049
39.4852561950684,0,0,0,0,0,0,0,46.4847278594971,28.8634243011475,0,0,0,0,0,14.9718276484155,23.4090906134323,0,23.4601502256923,0,0,4.67076242637634,0,7.80490121395468,0,5.68084690483776,51.0224367777506,10.507923927572,0,0,0,0,0,0,0,88.3587417602539,95.6974639892578,95.4631866455078,103.434776306152,67.7138672397561,0,49.6360965650909,58.6508848190308,44.850772857666,59.5773918151855,57.1060808181763,62.8752332051595,0,0,75.4291998545329,0,0,0,0,0,20.6480026245117,0,0,0,0,0,0,69.6931689126151,89.1429968939887,4.09917626088979,0,10.5612357385515,0,5.11833425214159,0,60.5126813252767,0,90.1085993448893,79.3630027770996,0,0,103.656585693359,0,78.9594721342388,78.8423034667969,76.7597444974459,90.3651649475098,14.5634994377057,9.38306362708116,66.227814078331,44.205165153326,55.4261538187663
14.4714623632885,16.9098281860352,36.1151593526204,32.3147367749895,0,45.3769388198853,0,0,32.0559029579163,0,0,0,0,0,0,52.3474502563477,25.0418306056177,23.4601502256923,0,0,0,0,57.9049873352051,30.6389179229736,0,0,37.9848122066922,0,0,0,0,0,0,0,0,68.5384987442582,68.0627580122514,60.2527632810632,44.8511161226215,45.1031882589924,42.6413959503174,28.2328897827795,21.053353379602,15.7746798213166,20.8715527233661,41.0140390722161,36.8832375013272,63.477560933431,50.4095357259115,39.8818364319978,0,103.759231567383,0,0,0,47.8910446166992,39.1999657154083,30.4321297327677,47.6195373535156,64.2728500366211,0,52.3268699645996,50.7453698244962,55.1721296821322,58.2783527374268,72.2198448181152,30.8590211868286,0,0,49.8890762329102,34.492923359812,46.9827454686165,34.7440338134766,41.3183532537416,0,0,86.1830983369247,0,55.1887564841591,51.326136834234,38.9876587658944,48.5242465392403,17.3304093638667,36.8644766556589,28.4603994158343,25.0537435690214,20.2564625076101
0,0,0,0,0,7.3497922477268,0,0,0,0,0,3.31816622035879,0,0,0,0,0,0,0,0,0,0,0,0,0,0,0,0,0,0,0,0,0,0,0,7.56092244177289,0,12.3045976638794,0,0,0,0,0,0,0,13.4137581911954,0,0,0,0,0,6.20138382911682,0,0,0,0,0,6.81813649620329,0,0,0,0,4.29070577065638,0,0,0,0,0,0,0,0,0,14.7820010185242,0,0,0,0,0,7.10528831117472,0,12.64675887192,0,14.3447530446229,0,13.1868777275085,0,0
0,0,0,0,14.2269878387451,0,0,0,0,0,5.95583703120549,0,0,0,0,0,0,0,0,0,0,0,0,0,0,0,0,0,0,0,17.0576610565186,0,0,0,0,0,7.87094631177538,0,10.5000519495524,0,0,0,37.1531047821045,0,0,0,24.0816688537598,0,31.6807428995768,0,0,0,0,0,0,0,7.78647609007986,0,28.1741822560628,0,0,0,0,5.07480803317148,0,0,0,0,0,0,0,36.6769886016846,0,15.5609985063242,0,0,0,0,0,11.823388097798,0,13.9710233751933,5.89018722884675,0,13.2688345071432,0,0
0,0,0,0,0,0,0,0,0,0,0,0,0,0,0,0,22.6408726374308,4.67076242637634,0,0,0,0,4.8924101134478,8.30102242573653,0,5.13366778000541,0,4.56054131473814,0,0,0,0,0,0,0,0,0,7.06672097117732,0,0,0,0,0,0,0,0,0,0,0,5.12245403984447,0,0,0,0,0,0,0,36.4002728095421,0,32.4928230285645,0,0,40.0410321553548,0,5.63307004101074,2.83726716041565,6.64599592685699,0,13.3719660373604,0,9.13045716047287,0,0,0,0,0,0,0,0,0,10.6394890166562,0,4.90986772328327,4.55678231293923,44.0542348225911,0,0
0,0,0,0,0,0,0,0,0,0,0,0,0,0,0,0,3.664219437984,0,57.9049873352051,0,0,4.8924101134478,0,20.4757843017578,6.42370754830977,0,11.8319930593173,0,5.72341427050139,0,0,0,0,0,0,0,66.308479309082,0,7.82174848720727,0,0,0,40.7820470333099,0,0,0,52.1379070281982,0,12.2065892450271,0,0,0,0,0,0,0,32.7973913524462,0,33.1202941693758,0,0,0,0,43.7074177081768,9.45884422461192,5.58282943686681,0,10.8355276385943,0,12.3174289067586,0,16.3649171953935,0,23.1581840515137,0,0,0,0,0,69.5750198364258,0,10.1110193646424,4.40106281310684,4.1802938486795,42.4760611274026,0,38.3225517272949
0,0,0,0,0,0,0,0,0,9.4834589180739,0,0,0,0,0,0,38.7284965515137,7.80490121395468,30.6389179229736,0,0,8.30102242573653,20.4757843017578,0,0,8.03813678627714,0,0,0,0,0,0,0,0,0,0,0,7.91556025660315,0,0,0,0,0,0,0,0,0,0,0,0,0,0,0,0,0,10.7838443311056,0,21.1037209454705,0,17.1128509521484,0,10.4022082941873,28.981276512146,0,7.53556952138585,0,4.95875906298154,0,9.00675239218505,0,0,0,0,0,0,0,0,0,0,0,7.3489755526185,0,4.72468139748824,0,21.6469717025757,0,0
11.451697663257,0,25.4608311653137,0,0,0,0,0,5.77529619177994,0,0,0,0,0,3.11610193252563,0,3.21987158060074,0,0,0,0,0,6.42370754830977,0,0,0,3.00350646177928,0,0,0,0,0,0,0,0,0,0,0,6.08057150741418,0,0,0,31.4784870147705,0,0,0,46.5705642700195,0,23.6128911972046,0,0,0,0,0,6.88483530377585,0,24.3903931584851,0,19.3603949913612,0,6.18188879471417,0,0,39.0361844843084,0,9.15867994626363,0,4.76048813858032,0,4.63011589613669,0,13.6887637034501,0,0,0,0,0,0,0,55.6278114318848,0,9.8187710635173,4.72884481878423,43.5725746154785,28.3782035437497,0,0
0,0,0,0,0,0,0,0,0,0,0,0,0,0,0,0,32.7308883666992,5.68084690483776,0,0,0,5.13366778000541,0,8.03813678627714,0,0,0,4.11273553636339,0,0,0,0,0,0,0,0,0,0,0,0,0,0,0,0,0,0,0,0,0,0,0,0,0,0,0,0,0,0,0,0,0,8.22247952222824,0,0,5.24224026825117,0,6.25564923707177,0,6.19502928696181,0,3.26044130325317,0,0,0,0,0,0,0,0,0,0,0,6.7058943330117,18.6790351867676,0,0,0
0,0,0,0,0,0,0,0,6.59271204471588,0,0,0,0,0,0,0,8.19319789721207,51.0224367777506,37.9848122066922,0,0,0,11.8319930593173,0,3.00350646177928,0,0,0,3.44690336466987,0,0,0,0,0,0,0,0,0,0,0,0,0,0,0,0,0,0,0,0,0,50.4516334533691,0,0,0,3.574032386144,0,21.7965309619904,0,21.4026226043701,0,7.28867851770841,0,0,0,0,12.2559031034771,0,4.56266037984328,0,4.2370194600976,0,6.36502891729686,0,0,0,0,0,0,0,57.5019435882568,0,17.6277675628662,13.0503087192774,13.6590456962585,30.2144653320312,0,28.3049812316895
0,0,0,0,0,0,0,0,0,0,0,2.74348115921021,0,2.95050239562988,0,22.7468700408936,38.8036270141602,10.507923927572,0,0,0,4.56054131473814,0,0,0,4.11273553636339,0,0,0,3.46461634425556,0,0,0,0,0,0,0,0,0,0,0,0,0,0,0,0,0,0,0,0,0,0,0,0,0,0,0,2.94393754005432,0,3.5059597492218,0,0,0,0,5.94835634458633,0,0,0,6.06110529039727,0,5.75873591722015,0,3.22367797579084,0,0,0,0,0,0,0,0,0,7.62591420520436,7.85320949554443,0,0,0
0,0,0,0,0,0,0,0,0,0,5.70635747909546,0,2.74141681194305,0,0,0,5.34678061803182,0,0,0,0,0,5.72341427050139,0,0,0,3.44690336466987,0,0,0,7.3740230401357,0,0,0,0,0,0,0,3.70124232246165,0,0,0,0,0,0,0,0,0,0,0,0,0,0,0,0,0,0,0,0,0,0,0,0,40.563777923584,0,5.8686186617071,0,0,0,3.61027907713866,0,5.57071905677899,0,12.3877073129018,0,0,0,0,0,0,0,0,3.79908557341132,3.08742620547613,66.2475509643555,0,0
0,0,0,0,0,0,0,0,0,0,0,8.99321538326787,0,0,0,0,0,0,0,0,0,0,0,0,0,0,0,3.46461634425556,0,0,0,0,0,0,0,13.3076143264771,0,3.65791077771277,0,0,0,0,0,0,0,0,0,0,0,0,0,0,0,0,0,0,0,8.64588045870137,0,3.44246315956116,0,0,0,0,0,0,0,0,0,0,3.25029452835641,0,7.411608727726,0,0,0,0,0,0,0,4.52863564561395,0,3.64080208539963,0,0,0,0
0,0,0,0,0,0,0,0,0,0,3.18985342979431,0,0,0,0,0,0,0,0,0,17.0576610565186,0,0,0,0,0,0,0,7.3740230401357,0,0,0,0,0,0,0,0,0,3.09621402182669,0,0,0,0,0,0,0,0,0,0,0,0,0,0,0,0,0,3.98055989401681,0,0,0,0,0,0,16.9432048797607,0,0,0,0,0,0,0,6.24155524989404,0,4.57398645990931,0,0,0,0,0,0,0,3.93604063987732,3.05064728985662,2.95503258705139,0,0,0
0,0,0,0,0,0,0,0,0,0,0,0,0,0,0,0,0,0,0,0,0,0,0,0,0,0,0,0,0,0,0,0,4.04643217722575,8.16419388697698,3.0158043384552,3.90367115388943,3.09986751420157,0,0,0,0,0,0,0,0,0,0,5.51960140706855,10.4889767765999,0,0,0,0,0,0,0,0,0,0,0,0,0,0,0,0,0,0,0,0,0,0,0,0,0,4.55299648181679,5.49548627901186,4.35622235225595,5.49113798141479,4.78546497468338,19.4899749755859,0,0,3.60325531209453,0,0,0,0
0,0,0,0,0,0,0,0,0,0,0,0,0,0,0,0,0,0,0,0,0,0,0,0,0,0,0,0,0,0,0,4.04643217722575,0,2.78082875410716,4.71748769283295,5.53257544005095,3.02813728972326,0,0,0,0,0,0,0,0,0,0,3.98702451372265,4.42881011962891,0,0,0,0,0,0,0,0,0,0,0,0,0,0,0,0,0,0,0,0,0,0,0,0,0,4.73754458929363,3.57544617165009,0,5.18857605116708,13.0098942394914,6.85148782653605,0,0,4.14549786703927,0,0,0,0
0,0,0,0,0,0,0,0,0,0,0,0,0,0,0,0,0,0,0,0,0,0,0,0,0,0,0,0,0,0,0,8.16419388697698,2.78082875410716,0,3.69843069792193,4.75918651105888,0,3.45316389319185,0,0,0,5.65887880325317,0,0,0,0,0,4.75140511989594,0,3.36761480569839,0,0,0,0,0,0,0,0,0,0,0,0,0,0,0,0,0,0,0,0,0,0,0,0,0,0,5.05302106246407,5.50150638068164,12.4001846313477,16.027660369873,4.41032222211361,14.9043789505959,4.79342289382605,3.05586682425605,0,0,0
0,0,0,0,0,0,0,0,0,0,0,0,0,0,0,0,0,0,0,0,0,0,0,0,0,0,0,0,0,0,0,3.0158043384552,4.71748769283295,3.69843069792193,0,0,4.78887993466538,4.42087197303772,6.83648620512253,0,0,0,0,0,0,0,0,4.2614729395427,15.1416549682617,0,0,0,0,0,0,0,0,0,0,0,0,0,0,0,0,0,0,0,0,0,0,0,0,0,0,10.3230075836182,5.97893494586198,6.77228560920062,0,7.24533093322828,5.71411371231079,9.04878693753257,4.38938078165054,4.74454236030579,0,0,0
0,0,0,38.0758228302002,0,24.7317793170611,0,7.07011432647705,0,0,0,3.02641411622365,0,0,0,0,93.8674144744873,88.3587417602539,68.5384987442582,7.56092244177289,0,0,0,0,0,0,0,0,0,13.3076143264771,0,3.90367115388943,5.53257544005095,4.75918651105888,0,0,5.90567633004512,6.92731043351541,0,74.170140504837,0,50.2536708882313,74.8407592773438,54.1818428039551,69.0804748535156,32.0159508891912,95.3013229370117,13.9849259392271,0,29.3928901354472,0,24.469467549097,0,4.08003171284993,0,64.9164428710938,0,25.8807211483226,0,19.1127319335938,0,67.9398040771484,6.93238087546703,0,0,0,0,0,0,0,0,0,84.2639932632446,101.610694885254,4.97122908061892,9.04792145320347,11.4652826758877,0,6.26773472864973,9.74453347194486,10.3872078802275,0,6.9248507199778,4.20442958991893,20.7277508555907,50.2407364956168,0
0,0,59.8700141906738,0,33.9617156982422,0,7.90919512860915,0,0,0,4.01247790774459,0,0,0,0,0,85.3416112263997,95.6974639892578,68.0627580122514,0,7.87094631177538,0,66.308479309082,0,0,0,0,0,0,0,0,3.09986751420157,3.02813728972326,0,4.78887993466538,5.90567633004512,0,0,6.68900767213357,0,68.7655281066895,69.5431823730469,48.9449984810569,0,57.7224826812744,92.6673278808594,42.1155333618323,5.83296953800113,22.2889915042453,0,48.1788983345032,0,0,0,0,0,6.05179980952164,0,36.4995729446411,0,0,0,0,15.0922418637546,0,63.3449363708496,0,0,0,44.3382453918457,0,46.2590163793319,0,45.3161993026733,5.29456631587102,5.4276032277516,22.3334121704102,6.71810532451435,7.91913106224754,8.35569944582798,104.414733886719,13.0889739771205,6.47226974184572,3.67674458756739,24.7602013544319,0,45.4578464296129
0,17.4376125335693,0,32.1214942932129,0,38.8895492553711,0,0,0,11.5018775155467,0,5.24585068819623,0,0,0,0,96.8591705322266,95.4631866455078,60.2527632810632,12.3045976638794,0,7.06672097117732,0,7.91556025660315,0,0,0,0,0,3.65791077771277,0,0,0,3.45316389319185,4.42087197303772,6.92731043351541,0,0,3.81537582676792,83.010383605957,0,53.3428598072218,57.0698699951172,62.366995493571,0,42.9066651526918,0,7.47673868568691,0,12.277872793222,0,0,0,0,0,14.8145852722488,0,12.4353727202549,0,39.3800926208496,0,0,14.1860021536167,0,7.13054937969309,0,7.23644392473944,0,11.1629371643066,0,3.37046921253204,0,5.52536933850019,0,0,0,23.1008393799049,3.06106531620026,9.60953253665914,0,6.70811408108873,4.79068769871349,6.68529711286411,5.11974580117634,16.3390412746914,47.7224434939298,0
13.5272425170493,0,28.0460891723633,0,50.113582611084,0,0,0,8.90891299797938,0,4.26721585330678,0,0,0,0,0,44.2570304870605,103.434776306152,44.8511161226215,0,10.5000519495524,0,7.82174848720727,0,6.08057150741418,0,0,0,3.70124232246165,0,3.09621402182669,0,0,0,6.83648620512253,0,6.68900767213357,3.81537582676792,0,67.5338668823242,43.9323921203613,0,25.0637854202506,0,35.6613788604736,0,40.046435462104,4.19045558499127,8.31537779569626,109.492897033691,47.6801007588704,0,0,0,9.94046760860242,0,6.46545265464165,0,35.1171631813049,0,0,0,0,16.2572535853693,0,10.3802922290419,0,7.43362284123724,0,12.394814491272,98.4689483642578,4.81653702963056,85.8061332702637,4.03415741097813,0,0,0,8.50824927975392,0,14.875964755156,5.06869503032942,6.62113475592688,7.34480150380017,5.22290144841882,19.3781969547272,0,29.8892112029226
0,63.9581508636475,0,67.8829803466797,68.4712295532227,58.8750877380371,0,0,0,0,0,0,0,0,0,0,69.9534992839015,67.7138672397561,45.1031882589924,0,0,0,0,0,0,0,0,0,0,0,0,0,0,0,0,74.170140504837,0,83.010383605957,67.5338668823242,0,0,21.1549957247912,41.3122374590705,25.5669194354287,42.7609191894531,16.7027984343708,65.9431277746442,19.1501256724199,0,20.7222745564295,0,67.9368273417155,0,0,0,61.5547399520874,74.5335922241211,59.0954433441162,0,0,0,82.1353759765625,12.3197743545132,79.4618003845215,0,0,0,0,0,0,66.1069570688101,91.1076838175456,54.7594709209367,80.8219909667969,0,0,87.1977462768555,0,21.4076750292153,83.8001155447453,46.5334643054008,75.6721391677856,42.3523453658535,43.8708747227987,18.5000936470906,29.1173058255514,60.790225982666
0,0,0,0,0,0,0,0,0,0,0,0,0,0,0,0,71.2308006286621,0,42.6413959503174,0,0,0,0,0,0,0,0,0,0,0,0,0,0,0,0,0,68.7655281066895,0,43.9323921203613,0,0,53.1835950215658,22.2554467936866,44.4065971374512,29.4268221173968,58.0599784851074,11.012199487005,5.26016664505005,7.8150666394791,0,0,0,0,0,0,0,55.8484497070312,0,46.2835998535156,0,0,0,94.3910522460938,11.4693643722128,0,0,0,0,0,0,0,55.6729526519775,74.2047882080078,26.792613123284,0,0,0,0,0,9.22895556976202,87.680721282959,10.1730702363926,48.236368884211,32.6108322143555,13.1229271733359,0,26.8697950272333
74.6210250854492,29.3071293733558,54.0157661437988,32.5268702577488,0,47.3548833673651,0,0,0,33.5376598358154,0,0,0,0,0,0,61.9249756720758,49.6360965650909,28.2328897827795,0,0,0,0,0,0,0,0,0,0,0,0,0,0,5.65887880325317,0,50.2536708882313,69.5431823730469,53.3428598072218,0,21.1549957247912,53.1835950215658,0,12.1530693492022,15.3460454007854,40.6365715026855,25.4034911234749,61.8330066943991,15.1124650543196,21.7914485931396,22.2325030601036,0,48.5625805324978,0,0,0,44.4103463979868,0,31.2141068150299,0,40.6257658004761,0,38.9093015988668,25.9448265644921,76.4362645830427,52.2900530497233,0,0,0,39.3393592834473,0,30.754553788503,0,29.3924388320358,67.3627490997314,0,0,58.9727769525428,0,31.9038639263908,76.8022331964402,32.2862037911271,73.2182884216309,21.5660768090061,33.5791124197153,17.9193003111228,14.2905934876551,31.3572292327881
19.257664447607,0,27.7718062617562,0,48.9962916374207,0,0,0,18.897588187998,0,0,0,0,0,0,0,41.0326515596304,58.6508848190308,21.053353379602,0,37.1531047821045,0,40.7820470333099,0,31.4784870147705,0,0,0,0,0,0,0,0,0,0,74.8407592773438,48.9449984810569,57.0698699951172,25.0637854202506,41.3122374590705,22.2554467936866,12.1530693492022,0,22.3018493652344,13.1800422865645,35.8508457770714,18.4556306393614,11.0072761268516,11.0930620197876,32.9401654667325,45.4036494890849,63.0095901489258,0,0,8.45549488067627,0,25.5122208737422,61.2632160186768,28.177880806498,57.1950263977051,22.1670818328857,0,52.1727970123291,27.599616479392,0,37.409296353658,0,41.3224754333496,0,36.0825735393323,65.4620671953474,23.2251713533755,66.5421188354492,20.3628908147217,26.687744140625,0,0,0,59.8807694861229,26.1505100629238,64.4794894627162,26.5347900660879,16.0555354366152,27.9356044019972,11.5183088234412,25.304556104872,12.2700822901235
0,0,0,0,0,0,0,0,0,0,0,0,0,0,0,0,50.8601379394531,44.850772857666,15.7746798213166,0,0,0,0,0,0,0,0,0,0,0,0,0,0,0,0,54.1818428039551,0,62.366995493571,0,25.5669194354287,44.4065971374512,15.3460454007854,22.3018493652344,0,0,0,53.7276034355164,0,0,31.4044634501139,0,0,0,0,0,0,0,19.5316352844238,0,0,0,0,29.6250152587891,0,0,0,0,0,0,0,23.0845699310303,0,26.4594680468241,0,0,0,78.010913848877,0,36.5829816666325,64.5323740641276,33.6242104530334,0,16.5805946985881,22.2036333084106,13.2972844425513,8.02722227005732,0
0,0,0,0,0,0,0,0,39.013599395752,0,0,0,0,0,0,0,40.2288646697998,59.5773918151855,20.8715527233661,0,0,0,0,0,0,0,0,0,0,0,0,0,0,0,0,69.0804748535156,57.7224826812744,0,35.6613788604736,42.7609191894531,29.4268221173968,40.6365715026855,13.1800422865645,0,0,0,18.678820033348,0,31.3452129364014,77.5759506225586,41.7282333374023,0,0,0,0,0,0,61.6885986328125,0,0,0,0,58.2713317871094,29.1917991002401,0,0,0,0,58.0712852478027,0,54.3459663391113,37.1300722757975,57.2782834370931,34.2333464304606,0,0,0,0,56.1796404520671,30.175874710083,62.7310104370117,35.8004709043001,24.7900372201746,19.4631519317627,11.5561218991572,0,16.4423865285413
0,0,0,34.8528124945504,0,17.916861707514,0,0,0,0,0,0,0,0,0,0,61.1356567969689,57.1060808181763,41.0140390722161,13.4137581911954,0,0,0,0,0,0,0,0,0,0,0,0,0,0,0,32.0159508891912,92.6673278808594,42.9066651526918,0,16.7027984343708,58.0599784851074,25.4034911234749,35.8508457770714,0,0,0,52.0148903528849,36.0150198618571,78.0671081542969,39.5732883378571,0,18.444374356951,0,0,0,0,59.8072738647461,28.9167323416852,0,24.2722091674805,0,0,11.0790298577538,68.8522987365723,49.5570297241211,0,0,0,35.1135377883911,0,30.7539837049401,0,32.2920780732081,65.2719650268555,0,0,61.9796430799696,0,26.3339042760111,66.8671053718118,29.3048688261447,61.5044479370117,26.1943672530907,26.2125326792399,13.6912452917603,35.7263435787625,0
0,0,28.8267421722412,0,41.8665817260742,61.1051612854004,0,0,47.5498104095459,0,0,0,0,0,0,0,48.2088454034593,62.8752332051595,36.8832375013272,0,24.0816688537598,0,52.1379070281982,0,46.5705642700195,0,0,0,0,0,0,0,0,0,0,95.3013229370117,42.1155333618323,0,40.046435462104,65.9431277746442,11.012199487005,61.8330066943991,18.4556306393614,53.7276034355164,18.678820033348,52.0148903528849,0,0,37.6893982357449,74.8564033508301,36.0221337212457,49.8962898254395,0,0,0,0,29.3995041438511,55.612512588501,31.0436814626058,0,0,0,69.1409360100241,15.8060231795454,0,57.3997497558594,0,0,0,40.587718963623,74.5883576529367,39.8671784094203,71.5963273889878,41.0562894639515,0,0,123.664123535156,0,75.3093353582888,19.287132460771,79.3457391402301,36.6685429089807,37.2938149825783,36.8480436007182,14.6633582429382,46.8452018737793,35.4345471858978
0,48.2746562957764,0,39.2645282745361,0,0,0,0,0,0,0,0,0,0,0,0,0,0,63.477560933431,0,0,0,0,0,0,0,0,0,0,0,0,5.51960140706855,3.98702451372265,4.75140511989594,4.2614729395427,13.9849259392271,5.83296953800113,7.47673868568691,4.19045558499127,19.1501256724199,5.26016664505005,15.1124650543196,11.0072761268516,0,0,36.0150198618571,0,0,6.25939778115781,8.07875618836567,0,0,0,0,0,23.6438331604004,96.2009582519531,54.020268758138,0,38.9578418731689,0,35.6361045837402,38.8395538330078,41.1998500823975,0,0,0,0,0,0,0,0,71.8006706237793,0,7.15102645995769,5.04171079046586,7.87383074529709,4.82457479281598,10.2171139507803,7.27708543467725,11.0209093175036,8.0465042591095,8.62329562438302,43.6852912902832,6.89167278069238,46.9645166397095,0
8.64289943925266,0,4.80714309537733,0,57.6929206848145,0,0,0,0,0,0,0,0,0,0,0,0,0,50.4095357259115,0,31.6807428995768,0,12.2065892450271,0,23.6128911972046,0,0,0,0,0,0,10.4889767765999,4.42881011962891,0,15.1416549682617,0,22.2889915042453,0,8.31537779569626,0,7.8150666394791,21.7914485931396,11.0930620197876,0,31.3452129364014,78.0671081542969,37.6893982357449,6.25939778115781,0,0,47.2108860015869,0,0,0,17.4490976333618,0,15.7153150037278,0,11.0623961637417,0,7.0181805998721,0,0,37.2073068618774,0,16.4245421509994,0,7.58373160765205,0,8.56629141894254,111.33812713623,8.52018680801471,0,6.28915470524838,11.6494230031967,11.7173051834106,0,4.78448183059692,0,5.72620964570403,0,5.8814339297474,10.4112232386944,48.3472290039062,11.5060528328361,0,26.8586239178975
0,7.52874698684114,0,15.0439100223675,0,51.9808705647786,0,0,0,27.4712601389204,0,0,0,0,0,0,80.8535346984863,75.4291998545329,39.8818364319978,0,0,5.12245403984447,0,0,0,0,0,0,0,0,0,0,0,3.36761480569839,0,29.3928901354472,0,12.277872793222,109.492897033691,20.7222745564295,0,22.2325030601036,32.9401654667325,31.4044634501139,77.5759506225586,39.5732883378571,74.8564033508301,8.07875618836567,0,0,0,48.4909538269043,0,0,0,11.1247233482117,0,16.7310651896605,0,12.4029039494077,0,7.47765414387572,26.1921271877129,108.425369262695,5.26386672989377,0,27.3112344741821,0,6.58868632172093,0,8.45365679758485,0,17.086742401123,0,6.5006856918335,0,7.67526103634583,0,16.4141350132256,84.1944618225098,13.8756658561187,0,29.5475393819482,55.3278363545736,18.6338004392977,27.7388042211533,0
17.5484848022461,0,12.2229093551636,0,3.73399291094944,0,3.22530266817878,0,0,0,0,0,0,0,5.47697806358337,0,0,0,0,0,0,0,0,0,0,0,50.4516334533691,0,0,0,0,0,0,0,0,0,48.1788983345032,0,47.6801007588704,0,0,0,45.4036494890849,0,41.7282333374023,0,36.0221337212457,0,47.2108860015869,0,0,0,3.24250886990474,0,11.7292237281799,0,12.8091809229417,0,8.28597080476822,0,5.61170370985822,0,0,15.5938040741154,0,68.8061485290527,0,0,0,0,0,46.1770739062079,0,47.2339774309579,0,0,0,0,0,52.319787979126,0,52.1769452095032,16.2167408773976,0,15.4340402810378,0,0
0,0,0,7.84701529381767,0,4.31935060859486,0,3.2933235168457,0,0,0,0,0,3.37174224853516,0,0,0,0,103.759231567383,6.20138382911682,0,0,0,0,0,0,0,0,0,0,0,0,0,0,0,24.469467549097,0,0,0,67.9368273417155,0,48.5625805324978,63.0095901489258,0,0,18.444374356951,49.8962898254395,0,0,48.4909538269043,0,0,0,0,0,0,0,6.22110485533873,0,3.51446312904358,0,3.16458977536952,7.74855941534042,0,0,0,0,0,0,0,43.4625004359654,0,42.2919156304721,0,0,0,0,0,47.3201476505824,0,47.6599150264964,0,7.43920507102177,36.6231269836426,14.0306711334119,102.132675170898,0
0,0,0,0,0,0,3.01350541548295,0,0,0,5.13008285485781,0,0,0,0,0,0,0,0,0,0,0,0,0,0,0,0,0,0,0,0,0,0,0,0,0,0,0,0,0,0,0,0,0,0,0,0,0,0,0,3.24250886990474,0,0,0,0,0,4.24304187747667,0,2.84920883178711,0,0,0,0,0,0,0,0,0,0,0,0,0,0,0,0,0,0,0,0,0,0,0,3.57701599597931,0,10.2975330352783,0,0
0,0,0,0,0,3.32153816223145,0,3.5801240977119,0,0,0,3.96455223219735,0,2.9470613683973,0,0,0,0,0,0,0,0,0,0,0,0,0,0,0,0,0,0,0,0,0,4.08003171284993,0,0,0,0,0,0,0,0,0,0,0,0,0,0,0,0,0,0,0,0,0,3.08214272771563,0,3.54456891332354,0,0,0,0,0,0,0,0,0,0,0,0,0,0,0,0,0,0,0,0,0,0,4.5093422293663,0,0,0,0
5.64074461132872,0,0,0,11.1760358810425,0,0,0,4.9356205413575,0,0,0,0,0,4.29081099033356,0,0,0,0,0,0,0,0,0,6.88483530377585,0,3.574032386144,0,0,0,0,0,0,0,0,0,0,0,9.94046760860242,0,0,0,8.45549488067627,0,0,0,0,0,17.4490976333618,0,11.7292237281799,0,0,0,0,0,25.0785388946533,0,0,0,4.4306388318213,0,0,0,0,0,0,5.3040680170727,0,4.75317792892456,0,0,0,0,0,0,0,0,0,0,0,12.4682171344757,8.68317116861758,6.41397008895874,2.95101952552795,0,0
0,7.03499046961467,0,7.17755837636451,0,2.73992514610291,0,0,0,5.81830707230793,0,0,0,0,0,3.7934932190439,0,20.6480026245117,47.8910446166992,0,0,0,0,10.7838443311056,0,0,0,0,0,0,0,0,0,0,0,64.9164428710938,0,14.8145852722488,0,61.5547399520874,0,44.4103463979868,0,0,0,0,0,23.6438331604004,0,11.1247233482117,0,0,0,0,0,0,0,37.7645034790039,0,0,0,5.40006821544942,52.8014755249023,0,60.519214630127,0,10.0776094598809,0,57.802906036377,0,46.326553143953,0,42.9680706205822,0,0,0,0,0,51.2230644226074,0,14.009651673431,0,14.7360810298546,25.080687046051,21.1118159883478,0,0
11.7503987210138,0,30.2490463256836,0,23.1507345835368,0,2.89852559566498,0,22.3791446685791,0,6.21227399387811,0,0,0,0,0,0,0,39.1999657154083,0,7.78647609007986,0,32.7973913524462,0,24.3903931584851,0,21.7965309619904,0,0,0,3.98055989401681,0,0,0,0,0,6.05179980952164,0,6.46545265464165,74.5335922241211,55.8484497070312,0,25.5122208737422,0,0,59.8072738647461,29.3995041438511,96.2009582519531,15.7153150037278,0,12.8091809229417,0,4.24304187747667,0,25.0785388946533,0,0,0,7.45920776419279,0,9.98806996967481,0,0,11.3197411510326,0,33.8807868128238,0,23.0502506256104,0,18.5549656161556,0,10.1662249999795,73.9772109985352,11.698057634206,0,0,0,0,0,33.1947046791215,0,28.0830986658732,13.6075865122477,38.7469863891602,15.8728469310011,0,21.2835099697113
0,0,0,8.72495003789663,0,8.85680928723565,0,3.97150289444696,0,0,0,5.72793631352684,0,3.16521797180176,0,0,0,0,30.4321297327677,6.81813649620329,0,36.4002728095421,0,21.1037209454705,0,0,0,2.94393754005432,0,8.64588045870137,0,0,0,0,0,25.8807211483226,0,12.4353727202549,0,59.0954433441162,0,31.2141068150299,61.2632160186768,19.5316352844238,61.6885986328125,28.9167323416852,55.612512588501,54.020268758138,0,16.7310651896605,0,6.22110485533873,0,3.08214272771563,0,37.7645034790039,0,0,0,4.85556222253165,0,10.5590567997147,9.32898547972999,0,36.8066843831262,0,21.1412870851282,0,20.3595202039566,0,14.1131769541268,0,9.84580447499631,0,0,0,0,0,43.851533759724,74.6031163533529,15.1800883633231,0,24.4751543703767,38.0413093566895,11.320699549289,20.4230098724365,0
14.9316396713257,0,0,0,11.6052079287442,0,0,0,26.5294742584229,0,4.8000922732883,0,3.66064948505825,0,4.23321007815274,0,0,0,47.6195373535156,0,28.1741822560628,0,33.1202941693758,0,19.3603949913612,0,21.4026226043701,0,0,0,0,0,0,0,0,0,36.4995729446411,0,35.1171631813049,0,46.2835998535156,0,28.177880806498,0,0,0,31.0436814626058,0,11.0623961637417,0,8.28597080476822,0,2.84920883178711,0,0,0,7.45920776419279,0,0,0,5.45705764397331,0,92.1805191040039,13.4513387538419,0,30.8464550018311,0,21.6415598392487,0,9.34729517926561,0,9.41072996910111,0,35.8012818495433,0,0,0,0,0,34.5276679503612,0,36.0945828755697,15.3603729468126,2.84972270329793,15.1514909810461,0,23.4239091873169
0,0,0,6.58710151672363,0,0,0,0,0,0,0,3.84351718786991,0,3.6006038209312,0,3.12523616105318,0,0,64.2728500366211,0,0,32.4928230285645,0,17.1128509521484,0,0,0,3.5059597492218,0,3.44246315956116,0,0,0,0,0,19.1127319335938,0,39.3800926208496,0,0,0,40.6257658004761,57.1950263977051,0,0,24.2722091674805,0,38.9578418731689,0,12.4029039494077,0,3.51446312904358,0,3.54456891332354,0,0,0,4.85556222253165,0,0,0,7.36149307083061,12.434300667899,0,30.111216156571,0,16.6433739308958,0,12.191546869278,0,8.05687062874019,0,30.8393704045203,0,0,0,0,0,0,0,39.2715331486293,0,19.5682281085423,0,14.8402757469346,0,0
10.0707947909832,0,0,0,10.0810589056749,0,0,0,4.9055840463742,0,0,0,2.93489170074463,0,3.47927070574628,0,3.10828566551208,0,0,0,0,0,0,0,6.18188879471417,0,7.28867851770841,0,0,0,0,0,0,0,0,0,0,0,0,0,0,0,22.1670818328857,0,0,0,0,0,7.0181805998721,0,5.61170370985822,0,0,0,4.4306388318213,0,9.98806996967481,0,5.45705764397331,0,0,0,0,0,0,0,0,7.22336296413256,0,4.92005182361939,0,7.17358807226022,0,19.7807273864746,0,0,0,0,0,0,0,0,3.18586684675778,3.78844658533732,14.768728242201,0,0
0,5.95726301934984,0,5.99285863008764,0,4.29901632666588,0,0,0,3.08234580357869,0,0,0,3.47430040286137,0,3.56511942863464,0,0,52.3268699645996,0,0,0,0,10.4022082941873,0,8.22247952222824,0,0,0,0,0,0,0,0,0,67.9398040771484,0,0,0,82.1353759765625,0,38.9093015988668,0,0,0,0,0,35.6361045837402,0,7.47765414387572,0,3.16458977536952,0,0,0,5.40006821544942,0,10.5590567997147,0,7.36149307083061,0,0,18.8839380264282,0,26.7913970947266,0,10.3552264267246,0,5.33222366571426,0,42.4027005709135,0,40.5627716466,0,0,0,0,0,0,0,44.8954342433384,0,26.9061554500035,34.7587280273438,17.1642072041829,0,0
0,0,0,25.0317821502686,0,10.1930342614651,0,0,0,0,0,3.96740157674686,0,0,0,0,64.2345537458147,69.6931689126151,50.7453698244962,4.29070577065638,0,40.0410321553548,0,28.981276512146,0,0,0,0,0,0,0,0,0,0,0,6.93238087546703,0,14.1860021536167,0,12.3197743545132,94.3910522460938,25.9448265644921,52.1727970123291,29.6250152587891,58.2713317871094,11.0790298577538,69.1409360100241,38.8395538330078,0,26.1921271877129,0,7.74855941534042,0,0,0,52.8014755249023,0,9.32898547972999,92.1805191040039,12.434300667899,0,18.8839380264282,0,79.6843292236328,40.4491880641264,0,26.9349721272786,0,24.6106333846138,0,20.9008820957829,0,17.7799298352209,0,0,0,86.1660029093425,0,10.6563823497991,84.6863057063176,12.934724770581,0,30.4398097585423,42.2178916931152,10.0083668193007,53.1875249544779,47.7922840118408
0,0,0,0,34.1820389032364,0,0,0,85.6382369995117,0,13.4936796824137,0,0,0,0,109.819610595703,68.0973928769429,89.1429968939887,55.1721296821322,0,5.07480803317148,0,43.7074177081768,0,39.0361844843084,0,0,0,40.563777923584,0,16.9432048797607,0,0,0,0,0,15.0922418637546,0,16.2572535853693,79.4618003845215,11.4693643722128,76.4362645830427,27.599616479392,0,29.1917991002401,68.8522987365723,15.8060231795454,41.1998500823975,37.2073068618774,108.425369262695,15.5938040741154,0,0,0,0,0,11.3197411510326,0,13.4513387538419,0,0,0,79.6843292236328,0,0,57.1546836266151,0,39.1671413421631,0,30.5293049131121,82.6329574584961,29.2172200191452,80.8907508850098,20.7732092005441,0,0,0,0,92.2475474964489,19.5894382203329,100.411327362061,20.2479055764955,20.8777930042692,0,19.0066076616807,0,42.20873078056
0,0,0,49.3373031616211,0,0,0,0,0,0,0,0,0,0,0,0,111.697540283203,4.09917626088979,58.2783527374268,0,0,5.63307004101074,9.45884422461192,7.53556952138585,0,5.24224026825117,0,5.94835634458633,0,0,0,0,0,0,0,0,0,7.13054937969309,0,0,0,52.2900530497233,0,0,0,49.5570297241211,0,0,0,5.26386672989377,0,0,0,0,0,60.519214630127,0,36.8066843831262,0,30.111216156571,0,26.7913970947266,40.4491880641264,0,0,0,6.74570118279016,0,10.342540534379,0,5.82386419519394,0,17.3246803283691,0,0,0,0,0,0,0,6.77586170032487,0,5.6431877338185,4.84839751741342,38.8957786949313,0,0
36.9052581787109,0,0,0,68.1153030395508,0,0,0,65.7849273681641,0,0,0,0,0,0,0,3.56457376480103,0,72.2198448181152,0,0,2.83726716041565,5.58282943686681,0,9.15867994626363,0,12.2559031034771,0,5.8686186617071,0,0,0,0,0,0,0,63.3449363708496,0,10.3802922290419,0,0,0,37.409296353658,0,0,0,57.3997497558594,0,16.4245421509994,0,68.8061485290527,0,0,0,0,0,33.8807868128238,0,30.8464550018311,0,0,0,0,57.1546836266151,0,0,0,12.964690044948,0,9.61826663294593,0,9.60558253253707,0,31.3185802035862,0,0,0,0,0,66.0338203430176,0,12.5762378928923,7.18461478143543,25.6604221661886,37.877728483412,0,41.3511182785034
0,22.717312918769,0,0,0,0,0,0,0,16.253009985571,0,0,0,0,0,0,46.8963006337484,10.5612357385515,30.8590211868286,0,0,6.64599592685699,0,4.95875906298154,0,6.25564923707177,0,0,0,0,0,0,0,0,0,0,0,7.23644392473944,0,0,0,0,0,0,0,0,0,0,0,27.3112344741821,0,0,0,0,0,10.0776094598809,0,21.1412870851282,0,16.6433739308958,0,10.3552264267246,26.9349721272786,0,6.74570118279016,0,0,0,7.9153335343485,0,10.8060735066732,0,0,0,0,0,0,0,0,0,6.4849341251764,0,5.99406265213852,0,13.7087391614914,0,0
10.4519844412804,0,24.0394039154053,0,0,0,0,0,5.50269696826027,0,0,0,0,0,0,0,0,0,0,0,0,0,10.8355276385943,0,4.76048813858032,0,4.56266037984328,0,0,0,0,0,0,0,0,0,0,0,7.43362284123724,0,0,0,41.3224754333496,0,0,0,0,0,7.58373160765205,0,0,0,0,0,5.3040680170727,0,23.0502506256104,0,21.6415598392487,0,7.22336296413256,0,0,39.1671413421631,0,12.964690044948,0,0,0,7.12567380124872,0,11.7501285197371,0,0,0,0,0,0,0,0,0,8.74628231594864,6.36771163073453,30.3552570343018,6.4488094138284,0,0
0,0,0,44.7044868469238,0,0,0,0,0,0,0,0,0,0,0,0,0,5.11833425214159,0,0,0,13.3719660373604,0,9.00675239218505,0,6.19502928696181,0,6.06110529039727,0,0,0,0,0,0,0,0,0,11.1629371643066,0,0,0,39.3393592834473,0,0,58.0712852478027,35.1135377883911,0,0,0,6.58868632172093,0,0,0,0,0,57.802906036377,0,20.3595202039566,0,12.191546869278,0,5.33222366571426,24.6106333846138,0,10.342540534379,0,7.9153335343485,0,0,0,5.86733739116347,0,0,0,0,0,0,0,0,0,24.7581009498009,0,15.7391992807388,0,27.8508426560296,0,0
35.2776489257812,0,0,0,0,0,0,0,4.61450953872836,0,0,0,4.4247545003891,0,5.32096876664595,0,4.28034523056775,0,49.8890762329102,0,0,0,12.3174289067586,0,4.63011589613669,0,4.2370194600976,0,3.61027907713866,0,0,0,0,0,0,0,44.3382453918457,0,12.394814491272,0,0,0,36.0825735393323,0,0,0,40.587718963623,0,8.56629141894254,0,0,0,0,0,4.75317792892456,0,18.5549656161556,0,9.34729517926561,0,4.92005182361939,0,0,30.5293049131121,0,9.61826663294593,0,7.12567380124872,0,0,0,6.70733618617798,0,0,0,0,0,0,0,51.9765196906196,0,15.3634819984436,12.8621577769518,0,31.4789650099618,0,31.848913192749
0,38.0793190002441,0,33.5980443087491,0,48.3475513458252,0,0,0,48.635934193929,0,2.85831089019775,0,2.95714569091797,0,0,76.0711479187012,60.5126813252767,34.492923359812,0,0,9.13045716047287,0,0,0,3.26044130325317,0,5.75873591722015,0,3.25029452835641,0,0,0,0,0,0,0,3.37046921253204,98.4689483642578,66.1069570688101,0,30.754553788503,65.4620671953474,23.0845699310303,54.3459663391113,30.7539837049401,74.5883576529367,0,111.33812713623,8.45365679758485,0,43.4625004359654,0,0,0,46.326553143953,0,14.1131769541268,0,8.05687062874019,0,42.4027005709135,20.9008820957829,82.6329574584961,5.82386419519394,0,10.8060735066732,0,5.86733739116347,0,0,0,8.15413339201704,84.9790954589844,0,0,0,0,72.3139251260196,84.7979301003849,7.5972081948925,92.8098653157552,33.7146195149353,51.2904023064507,24.0557697678512,50.1192684173584,73.7970523834229
