0,0,315.136624336243,0,0,0,0,0,519.472951978445,0,0,0,0,0,0,0,8.79465560615063,0,27.4096615612507,0,0,0,0,0,0,0,0,0,0,0,0,0,0,0,0,0,1.93692979216576,0,9.55803574621677,0.171461507678032,3.43867039680481,0,20.0025401562452,0,0,0,15.2840510457754,4.65742781758308,15.7734045088291,0,0,0,0,0,388.439965605736,0,4.39508159458637,0,3.50843143463135,0,44.7952789068222,0,0,5.44393916428089,0,0,0,0,0,0,0,0,0,0.622827306389809,0,0,0,0,0,97.8990508243442,0,15.2871038764715,175.274769380689,0.459763586521149,244.755958944559,0,3.88409152626991
0,0,0,67.9767725467682,0,2.16099977493286,0,0,0,717.352106705308,0,0.396208107471466,0,0,0,23.3590235710144,0.52644819021225,0,11.4747464358807,0,0,0,0,0,0,0.398929804563522,0,0,0,0,0,0,0,0,0,0.180742025375366,0,3.30248618125916,0,6.11414064466953,0,205.931276157498,0.206427752971649,0,0,6.07053457200527,0,13.2904760241508,0,453.764700964093,0,0,0,0,0,77.9157692342997,0,0.221162781119347,0,0,0,199.922424554825,0,0,0,0,7.76196557283401,0,0,0,0,0,0.272530198097229,0,0,0,0,0,25.1620282381773,1.047134578228,11.5801823735237,0.444255381822586,412.168903797865,1.73601019382477,432.51540184021,0.411168783903122,0
315.136624336243,0,0,0,43.5066103935242,0,0,0,53.2071146070957,0,0,0,0,0,0,0,0,0,0.928047060966492,0,2.35795104503632,0,0,0,0,0,0,0,0,0,0,0,0,0,2.46300077438354,0,10.4128273278475,0,0,0,0,0,29.8337121903896,0,0,0,24.1159253418446,1.28318446874619,171.171853631735,0,40.9594314098358,0,0,0,33.437583565712,0,96.7732161581516,0,28.6861841082573,0,13.7184561491013,0,0,4.74113246798515,0,0,0,0,0,0,0,0,0,1.1151414513588,0,0,0,0,0,2.12647131085396,1.31469482183456,0.179992780089378,121.713434726,0,476.604106590152,0,0.302931725978851
0,67.9767725467682,0,0,0,105.416434288025,0,0,0,91.4745354056358,0,0,0,0,0,0,0,0.159474566578865,4.41449878364801,0,0,0,0,0,0,0,0,0,0,0,0,0,0,0,0,1.79235491156578,0.49712473154068,0,0,3.00937412679195,0,25.1509293615818,0,0,0,18.8533261120319,0,0,2.26206564903259,14.6928465813398,0,54.9693011045456,0,0,0,93.6898723244667,0,203.250119224191,0,51.3195393681526,0,4.01093912124634,7.75333252549171,0,0,0,0,0,0,0,1.34876862168312,0,6.14272364974022,0,0,0,0,0,2.84640049934387,0.652791321277618,0.183321475982666,0,120.494091823697,0,714.094930306077,1.10057792067528,0
0,0,43.5066103935242,0,0,0,0,0,124.419700652361,0,0,0,0,0,0,0,0,0,0,0,144.198801517487,0,0,0,0,0,0,0,0,0,0,0,0,0,0,0,11.569507598877,0,0,0,1.41161921620369,0,8.29779201745987,0,0,0,30.8144337236881,5.20159158110619,39.0637827962637,0,179.214488834143,0,0,0,61.0236661881208,0,0,0,0,0,0,0,0,158.276401102543,0,0,0,0,0,0,0,0,0,0,0,0,0,0.437848716974258,0,5.37033881247044,0,0.169499456882477,405.003673747182,0,196.017587587237,0,0
0,2.16099977493286,0,105.416434288025,0,0,0,38.0424715280533,0,234.623840808868,0,0,0,0,0,0,0,0,0.646680474281311,2.75543531775475,0,0,0,0,0,0,0,0,0,0,0,0,0,0,0,2.46201694011688,0,0,0,3.70413927733898,0,5.94781772792339,0,0,0,11.6002420186996,0,2.18743029236794,7.66214472055435,16.3064708709717,0,346.335444271564,0,27.8531302213669,0,103.597997367382,0,2.81669947504997,0,0,0,0,3.46569377183914,0,0,0,0,0,0,0,1.43637284636497,0,1.05097019672394,0,0,0,0.47281651198864,0,0.706226482987404,1.43800222873688,0,0.984761536121368,856.427191853523,0,118.504716828465,0,0
0,0,0,0,0,0,0,0,0,0,0,0,0,0,0,0,0,0,0,0,0,0,0,0,0,0,0,0,0,0,0,0,0,0,0,0,1.74052202701569,0,0,0,0,0,0,0,0,0,0,0,0,0,0,0,490.947380691767,0,0,0,0,0,64.0023319721222,0,0,0,0,0,0,0,0,0,0,0,0,0,0,0,0,0,0,0,0,0,0,0,432.958538740873,4.163569688797,0,0,0
0,0,0,0,0,38.0424715280533,0,0,0,0,0,208.984131932259,0,0,0,0,0,0,0,0,0,0,0,0,0,0,0,0,0,0,0,0,0,0,0,5.4763360619545,0,0,0,0,0,0,0,0,0,0,0,0,0,0,0,0,0,61.2729225754738,0,0,0,83.4723947644234,0,0,0,0,0,0,0,0,0,0,0,0,0,0,0,0,0,0,0,0,0,0,0,0,333.93231767416,0,0,0,0
519.472951978445,0,53.2071146070957,0,124.419700652361,0,0,0,0,0,0,0,0,0,122.315482616425,0,87.0775293111801,6.67699950933456,11.7303920090199,0,0,0,0,0,47.3156953305006,0,33.7192793488503,0,0,0,0,0,0,0,0,0,0,0,70.1878090053797,0,0,0.374716132879257,10.1814126223326,0,0,0,0,10.3484177142382,0.782593250274658,0,24.0879354476929,0,0,0,1016.86915655434,0,0,0,0,0,3.27604827284813,0,0,0,0,0,0,9.09791426360607,0,0,0,0,0,0,0,0,0,0,0,0.859698534011841,0,44.7960719019175,224.812234431505,0.714826107025146,42.0162316411734,0,0
0,717.352106705308,0,91.4745354056358,0,234.623840808868,0,0,0,0,0,0,0,0,0,138.356011986732,8.35986670851707,440.500219732523,33.1573370993137,0,0,0,0,111.605168521404,0,69.1821821331978,0,0,0,0,0,0,0,0,0,0,0,202.790192320943,0,0,0,0.402805924415588,0,0,0,0.381433844566345,0,0,0,16.8853549510241,0,17.269905269146,0,0,0,535.921357750893,0,0.975182294845581,0,0.80481892824173,0,146.833292007446,0,0,0,0,62.0980593264103,0,30.483508720994,0,0,0,0,0,0,0,0,0,0,0,149.876825720072,0,391.034192532301,0,117.69553861022,0,0
0,0,0,0,0,0,0,0,0,0,0,0,5.43460297584534,0,0,0,0,0,0,0,480.303597986698,0,0,0,0,0,0,0,1.47033488750458,0,0,0,0,0,0,0,0,0,1154.02499222755,0,0,0,0,0,0,0,0,0,0,0,0,0,3,0,0,0,1772.53410205245,0,162.302959561348,0,0,0,0,3.79347229003906,0,0,0,0,0,0,0,57.3596032857895,0,97.8058569133282,0,0,0,0,0,0,0,84.3322698175907,210.165409341455,7.55694532394409,4.95671433210373,0,0
0,0.396208107471466,0,0,0,0,0,208.984131932259,0,0,0,0,0,330.402738779783,0,0,0,0,0.552651397883892,559.545399218798,0,0,0,0,0,0,0,0,0,46.5448634624481,0,0,0,0,0,45.0984613895416,0,1886.52948877215,0,1.24304841458797,0,0.493727445602417,0.876969039440155,0,0,10.6656136959791,0,0,0,0.33021953701973,0,0,0,9.90971350669861,0,0,0,1564.15020269156,0,89.2612328827381,0,0,292.234473615885,0,0,0,0,0,0,0,0,0,17.1462130844593,0,0,0,0,0,22.6341175287962,0,811.525365784764,0,605.785135045648,0,6.83471295237541,0,0
0,0,0,0,0,0,0,0,0,0,5.43460297584534,0,0,0,0,0,0,0,0,0,0,0,0,0,0,0,0,0,1,0,0,0,0,0,0,0,0,0,0,0,0,0,0,0,0,0,0,0,0,0,0,0,0,0,0,0,0,0,324.052265405655,0,0,0,0,0,0,0,0,0,0,0,0,4.98780632019043,0,0,0,0,0,0,0,0,0,0,65.631569981575,1.61005663871765,0,0,0
0,0,0,0,0,0,0,0,0,0,0,330.402738779783,0,0,0,0,0,0,0,0,0,0,0,0,0,0,0,0,0,0,0,0,0,0,0,0,0,0,0,0,0,0,0,0,0,0,0,0,0,0,0,0,0,0,0,0,0,71.3369652330875,0,828.11571854353,0,0,0,0,0,0,0,0,0,0,3.90596401691437,0,0,0,0,0,0,0,0,0,0,0,54.9355289936066,0,0,0,0
0,0,0,0,0,0,0,0,122.315482616425,0,0,0,0,0,0,0,330.746809139848,1.75267022848129,0,0,0,0,0,0,0,0,0,0,0,0,0,0,0,0,0,0,0,0,0,0,0,0,0,0,0,0,0,0,0,0,0,0,0,0,0,0,0,0,8.67363333702087,0,26.3275178670883,0,0,0,0,0,0,0,0,0,0,0,0,0,0,0,0,0,0,0,0,0,40.597788721323,0,0,0,0
0,23.3590235710144,0,0,0,0,0,0,0,138.356011986732,0,0,0,0,0,0,0,7.84233367443085,0,0,0,0,0,0,0,15.6778918504715,0,0,0,0,0,0,0,0,0,0,0,0,0,0,0,0,0,0,0,0,0,0,0,0,0,16.814272403717,0,0,0,101.209725022316,0,0,0,0,0,155.532394170761,0,0,0,0,0,0,0,0,0,0,0,0,0,0,0,0,0,0,0,0,29.0185259580612,0,0,0,0
8.79465560615063,0.52644819021225,0,0,0,0,0,0,87.0775293111801,8.35986670851707,0,0,0,0,330.746809139848,0,0,6920.71296557784,4018.51730508357,0.372896939516068,0,0,148.988262951374,0,0,0,414.937620997429,0,0,0,0,0,0,0,0,3.86246263980865,3.52367502450943,1.41606843471527,2.79608815908432,36.6279532238841,3.41844554245472,9.08494506776333,29.4990879744291,0,0.186721831560135,10.1049003303051,28.939807087183,0,5.73908711969852,0.144861593842506,0,0,0,0,0,0,1.21639768779278,1.93396764993668,0,0,0,0,1.3402843773365,11.0190135911107,0,0,0,0,0,58.6585019826889,0.328996866941452,0,4.28377331793308,0.627582535147667,0,0,0,0,61.259409725666,106.959016278386,27.1248842775822,34.255445599556,13352.9071528465,11.8722748458385,73.6577400565147,3.32394607365131,6.1242930740118
0,0,0,0.159474566578865,0,0,0,0,6.67699950933456,440.500219732523,0,0,0,0,1.75267022848129,7.84233367443085,6920.71296557784,0,3733.77827382088,0,0,342.645708024502,0,0,0,176.790825694799,0,20.2711149454117,0,0,0,0,0,0,0,3.78134569525719,2.02452175319195,5.28621955215931,0.319381415843964,29.271400526166,0.303040042519569,23.4491678774357,11.0591918006539,0,0.187681615352631,14.1890547946095,18.8756373524666,0,1.61138699948788,0,0,0,0,0,0,0,0,0.168078973889351,0,0,0,0,7.41128392517567,11.4174049049616,49.7257837951183,0,0,0,0,0,1.02488660812378,0,2.5275259912014,0.17908900976181,0,0,0,0,55.9943359196186,56.3241942599416,21.1496169865131,5.50374501943588,21371.8435650989,670.513163104653,45.2879597768188,5.71836492419243,0.423240929841995
27.4096615612507,11.4747464358807,0.928047060966492,4.41449878364801,0,0.646680474281311,0,0,11.7303920090199,33.1573370993137,0,0.552651397883892,0,0,0,0,4018.51730508357,3733.77827382088,0,2.52245092391968,0,0,0,0,0,0,0,0,0,0.239915072917938,0,0,0,0,0,62.9483129307628,42.5253011286259,48.0740489810705,60.5762123838067,591.654220499098,109.103706091642,970.919460535049,1014.41766789556,0,12.8354632407427,240.82772295177,439.933686256409,0.731496319174767,227.318964108825,3.34210982918739,0.372939437627792,0,0,0,0,0,4.53797262907028,102.028981178999,0,4.29947452247143,0,0,77.8952326849103,178.918606117368,0,0,0,0,0,0,40.4624216780066,0,206.645458616316,25.6390641927719,0,0,0.236468717455864,0,1091.94860574603,1586.89367274195,656.167084246874,802.85832015425,5936.96891504526,71.1658760905266,1824.43526789546,203.064300909638,175.667941048741
0,0,0,0,0,2.75543531775475,0,0,0,0,0,559.545399218798,0,0,0,0,0.372896939516068,0,2.52245092391968,0,0,0,0,0,0,0,0,0,0,0,0,0,0,0,0,1657.12047311664,0,913.423126280308,0,3.35722334682941,0,0.854086756706238,0,0,0.290073961019516,41.0638426095247,0,0,2.36800675094128,0.991295009851456,0,0,0,0,0,0,0,6.41785418987274,0,0,0,0,1528.14272332191,0,0,0,0,0,0,0,0,0,18.664911866188,0,0,0,0.213157907128334,0,533.921568498015,0,398.946596890688,0,500.965439319611,7.75101709365845,5.32080307602882,1.55965936183929,0
0,0,2.35795104503632,0,144.198801517487,0,0,0,0,0,480.303597986698,0,0,0,0,0,0,0,0,0,0,0,0,0,0,0,0,0,0,0,0,0,0,0,0,0,929.817996516824,0,550.249876096845,0,0,0,0.245039984583855,0,0,0,0,0,11.4513238668442,0,41.4069777876139,0,0,0,0,0,1024.93005630374,0,0,0,0,0,0,1270.56827767938,0,0,0,0,0,0,0,0,0,54.0060695111752,0,0,0,0,0,1042.99957600236,0,515.242263197899,1345.46345975995,0,17.4169418141246,0,0
0,0,0,0,0,0,0,0,0,0,0,0,0,0,0,0,0,342.645708024502,0,0,0,0,29.3484093546867,110.279059141874,0,43.0041015148163,0,119.859518319368,0,0,0,0,0,0,0,0,0,779.660966604948,0,0,0,0,0,0,0,0,0,0,0,422.096258223057,0,0,0,0,0,0,0,0,0,0,0,0,0,0,7044.82882675529,3.88897907733917,122.304375141859,0,107.571848720312,0,0.625582695007324,0,0,0,0,0,0,0,0,0,107.328919157386,0,1757.49164772034,122.520305246115,5.62462243437767,0,0
0,0,0,0,0,0,0,0,0,0,0,0,0,0,0,0,148.988262951374,0,0,0,0,29.3484093546867,0,0,246.411609068513,0,83.5517591536045,0,171.036309719086,0,0,0,0,0,0,0,0,0,749.154722467065,0,0,0,0,0,0,0,0,1.75614467263222,69.0094288289547,0,0,0,0,0,0,0,0,0,0,0,0,0,0,0,0,5832.11823280156,0,32.7054290175438,0,127.826743483543,0,25.0498961806297,0,0,0,0,0,0,0,0,0,96.8804602771997,1728.85793939233,1055.54917450249,0,0,0
0,0,0,0,0,0,0,0,0,111.605168521404,0,0,0,0,0,0,0,0,0,0,0,110.279059141874,0,0,0,458.261690691113,0,0,0,0,0,0,0,0,0,0,0,698.645059615374,0,0,0,0,0,0,0,0,0,0,0,353.49244555831,0,0,0,0,0,88.3129628300667,0,0,0,0,0,0,0,0,290.547802478075,0,990.94591088593,0,174.921527773142,0,0,0,0,0,0,0,0,0,0,0,113.737249135971,0,283.421964377165,0,145.643999159336,0,0
0,0,0,0,0,0,0,0,47.3156953305006,0,0,0,0,0,0,0,0,0,0,0,0,0,246.411609068513,0,0,0,207.592642247677,0,0,0,0,0,0,0,0,0,0,0,462.1456464082,0,0,0,2.45875385403633,0,0,0,0,7.99496524035931,0,0,0,0,0,0,297.307929173112,0,0,0,0,0,0,0,0,0,0,100.016931563616,0,1295.3082844615,0,201.571535885334,0,0,0,0,0,0,0,0,0,0,0,81.2919583916664,257.80062097311,0,0.570644378662109,0,0
0,0.398929804563522,0,0,0,0,0,0,0,69.1821821331978,0,0,0,0,0,15.6778918504715,0,176.790825694799,0,0,0,43.0041015148163,0,458.261690691113,0,0,0,1.47234615683556,0,0,0,0,0,0,0,0,0,0,0,0,0,0,0,0,0,0,0,0,0,35.992327272892,0,0,0,0,0,66.6142849326134,0,0,0,0,0,4.71889543533325,0,0,73.8426958471537,0,132.90993091464,0,462.724910885096,0,57.3246734291315,0,0,0,0,0,0,0,0,0,0,0,140.132386744022,0,48.7285514473915,0,0
0,0,0,0,0,0,0,0,33.7192793488503,0,0,0,0,0,0,0,414.937620997429,0,0,0,0,0,83.5517591536045,0,207.592642247677,0,0,0,184.023195266724,0,0,0,0,0,0,0,0,0,0,0,0,0,0,0,0,0,0,0,0,0,0,0,0,0,1.21709430217743,0,0,0,0,0,0,0,0,0,0,66.5208579599857,0,40.7308487892151,0,142.979182690382,0,38.5524525642395,0,0,0,0,0,0,0,0,0,0,591.818088471889,0,0,0,0
0,0,0,0,0,0,0,0,0,0,0,0,0,0,0,0,0,20.2711149454117,0,0,0,119.859518319368,0,0,0,1.47234615683556,0,0,0,417.362853229046,0,0,0,0,0,0,0,123.570175617933,0,0,0,0,0,0,0,0,0,0,0,2.51992964744568,0,0,0,0,0,0,0,2,0,14.6818175911903,0,0,0,0,2.46965384483337,0,0,0,0,0,689.625505387783,0,52.0506232380867,0,0,0,0,0,0,0,0,0,731.308475524187,66.9465273320675,0,0,0
0,0,0,0,0,0,0,0,0,0,1.47033488750458,0,1,0,0,0,0,0,0,0,0,0,171.036309719086,0,0,0,184.023195266724,0,0,0,79.8698499798775,0,0,0,0,0,0,0,75.5223957300186,0,0,0,0,0,0,0,0,0,0,0,0,0,0,0,0,0,0,0,0,0,0,0,0,0,0,140.96461379528,0,0,0,120.2160987854,0,526.596101850271,0,46.1642413139343,0,0,0,0,0,0,0,89.699352145195,27.4108210802078,0,0,0,0
0,0,0,0,0,0,0,0,0,0,0,46.5448634624481,0,0,0,0,0,0,0.239915072917938,0,0,0,0,0,0,0,0,417.362853229046,0,0,0,0,0,0,0,0,0,165.515910536051,0,0,0,0,0,0,0,0.299017727375031,0,0,0,0,0,0,0,0,0,0,0,0,0,0,0,0,2.88866281509399,0,0,0,0,0,0,0,31.0299060344696,0,667.263535454869,0,0,0,0,0,0,0,3.52702066302299,0,307.599072396755,153.890679836273,0,0,0
0,0,0,0,0,0,0,0,0,0,0,0,0,0,0,0,0,0,0,0,0,0,0,0,0,0,0,0,79.8698499798775,0,0,0,0,0,0,0,0,0,86.0702114254236,0,0,0,0,0,0,0,0,0,0,0,0,0,0,0,0,0,0.711446583271027,0,0,0,0,0,0,0,0,0,0,0,0,0,0,150.64970138669,0,699.965367332101,0,0,0,0,0,0,0,50.5672274231911,3.50705935060978,0,0,0,0
0,0,0,0,0,0,0,0,0,0,0,0,0,0,0,0,0,0,0,0,0,0,0,0,0,0,0,0,0,0,0,0,319.958046734333,10.7735649645329,0,21.0534471720457,97.7375543117523,0,0,0,0,0,0,0,0,0.866130620241165,0,831.540133908391,1.31367647647858,35.2029523849487,0,0,0,0,0,0,0,0,0,0,0,0,0.390114694833755,0,0,0,0,0,0,0,0,0,0.839885354042053,0,5180.44154313207,227.476316571236,371.99507163465,6.8322012424469,537.963711217046,0.454636424779892,2.2380323857069,0,640.222586855292,0,4.71579678356647,0,0
0,0,0,0,0,0,0,0,0,0,0,0,0,0,0,0,0,0,0,0,0,0,0,0,0,0,0,0,0,0,0,319.958046734333,0,0,115.241185665131,0,266.475364714861,0,0,0,1.90683686733246,0,0,0,0,0,0,200.058959648013,8.50555516779423,0,0,0,0,0,0,0,0,0,0,0,0,0,0,0,0,0,0,0,0,0,0,0,0,0,1369.19378584623,4485.29909706116,4.18863332271576,367.230554044247,129.388158708811,199.318147808313,0,0,591.843948334455,0,0,0,0
0,0,0,0,0,0,0,0,0,0,0,0,0,0,0,0,0,0,0,0,0,0,0,0,0,0,0,0,0,0,0,10.7735649645329,0,0,2011.34277966619,755.453252375126,0,357.67667016387,21.4545814990997,0,0,0.182600975036621,0,0,0,0,0,1308.54112651944,0,14.386562615633,0,0,0,0,0,0,0,0,0,0,0,0,0,0,0,0,0,0,0,0,0,0,0,0,62.83033400774,0,2723.48467937112,346.457253009081,435.538059383631,0,800.9355917871,0,252.292230471969,0,5.30932548642159,0,0
0,0,2.46300077438354,0,0,0,0,0,0,0,0,0,0,0,0,0,0,0,0,0,0,0,0,0,0,0,0,0,0,0,0,0,115.241185665131,2011.34277966619,0,0,586.828509032726,8.8442519903183,122.486431568861,0,6.20205426216125,0,7.92351621389389,0,0,0,1.39109519124031,6528.86352872849,25.8419903218746,0.437520772218704,0.449412122368813,0,0,0,0,0,0.986721262335777,0,0,0,0,0,0,1.64565911889076,0,0,0,0,0,0,0,0,0,0,0,10.8393191695213,699.724095880985,2468.14640432596,0,257.454652756453,0,110.19496139884,1306.48539245129,0,80.8869424015284,0,0
0,0.180742025375366,0,1.79235491156578,0,2.46201694011688,0,5.4763360619545,0,0,0,45.0984613895416,0,0,0,0,3.86246263980865,3.78134569525719,62.9483129307628,1657.12047311664,0,0,0,0,0,0,0,0,0,0,0,21.0534471720457,0,755.453252375126,0,0,819.894767835736,1966.95546013117,0,30.0814379751682,0,71.2527072280645,2.24315574020147,0,0,156.52783061564,0.136104062199593,132.867725044489,12.2527020871639,74.3298504576087,0,0,0,0,0,0,0,7.16494995355606,0,1.51041878759861,0,0,246.409958809614,1.12418915331364,0,0,0,0,0,0,2.10565873980522,0,9.20456164330244,0,14.5108810514212,11.2954119741917,114.907805874944,0,19500.1728947386,38.9645758122206,1232.0271890983,2.22453480958939,3735.61620236933,11.1312077641487,92.2261930257082,14.6933884620667,0
1.93692979216576,0,10.4128273278475,0.49712473154068,11.569507598877,0,1.74052202701569,0,0,0,0,0,0,0,0,0,3.52367502450943,2.02452175319195,42.5253011286259,0,929.817996516824,0,0,0,0,0,0,0,0,0,0,97.7375543117523,266.475364714861,0,586.828509032726,819.894767835736,0,0.166346579790115,1179.46394838393,10.2682663202286,15.5344818383455,9.48864576220512,164.268119171262,0,1.5794030725956,12.2664440274239,60.3733325302601,32.0337450057268,123.817318663001,15.2887988984585,1.84749983251095,0,0,0,0,0,3.40795972943306,2.85723407566547,0,0,0,0,3.77994646131992,396.146149210632,0,0,0,0,0,0,0.312851935625076,0,0.88519212603569,0.780946210026741,12.7555106282234,187.348051428795,0,312.455261662602,101.207966968417,18456.9509042725,0.150172740221024,765.061508528888,3492.95765182376,974.0237801373,303.962349027395,0,12.3884219527245
0,3.30248618125916,0,0,0,0,0,0,0,202.790192320943,0,1886.52948877215,0,0,0,0,1.41606843471527,5.28621955215931,48.0740489810705,913.423126280308,0,779.660966604948,0,698.645059615374,0,0,0,123.570175617933,0,165.515910536051,0,0,0,357.67667016387,8.8442519903183,1966.95546013117,0.166346579790115,0,576.852858394384,19.8446657955647,0,40.2921860516071,1.68152159452438,0,0,57.5717631280422,0.201587781310081,234.250267773867,0,608.658922761679,0,0,0,0,0,38.0605852007866,0,153.823434308171,0,0,0,0,552.353431001306,0.213300794363022,209.254746034741,0,168.07355260849,0,0,0,0.934182107448578,0,27.9885101318359,0,0,0,56.9433646202087,0,462.937750674784,2.44531855732203,15034.9170440733,131.912189662457,3688.84449192882,141.657939970493,261.871747970581,31.5661818087101,0.979391187429428
9.55803574621677,0,0,0,0,0,0,0,70.1878090053797,0,1154.02499222755,0,0,0,0,0,2.79608815908432,0.319381415843964,60.5762123838067,0,550.249876096845,0,749.154722467065,0,462.1456464082,0,0,0,75.5223957300186,0,86.0702114254236,0,0,21.4545814990997,122.486431568861,0,1179.46394838393,576.852858394384,0,1.02908879518509,0.652434810996056,3.48339131474495,132.292137883604,0,0,0.416384994983673,32.2971288636327,1532.73073452711,36.4525401741266,0,0,0,0,0,56.5328055620193,0,819.554003447294,0,0,0,0,0,0.432379633188248,112.66585945338,0,236.707142412663,0,848.445065900683,0,0,0,331.539469540119,0,232.181220799685,0,0,0,126.572103902698,1.77568902075291,346.115137510002,58.956998705864,18415.8892627507,4644.78987114131,110.612315475941,300.639256961644,0,8.53833551704884
0.171461507678032,6.11414064466953,0,3.00937412679195,0,3.70413927733898,0,0,0,0,0,1.24304841458797,0,0,0,0,36.6279532238841,29.271400526166,591.654220499098,3.35722334682941,0,0,0,0,0,0,0,0,0,0,0,0,0,0,0,30.0814379751682,10.2682663202286,19.8446657955647,1.02908879518509,0,4.46459074318409,1607.15404477715,28.4434300735593,0,0.906022608280182,720.582269772887,13.2820707857609,16.6055221408606,53.7332915067673,389.769355043769,0,0,0,0,0,0,0.187848880887032,72.5527075976133,0,1.86647127568722,0,0,249.308243006468,13.1251461803913,0,0,0,0,0,0,7.15158884972334,0,73.5203058347106,0,0.291333049535751,0,0.209987446665764,0,1169.03454831243,64.4314322695136,201.092084601521,11.3673401623964,519.35575068742,1.09117183089256,1135.72787683457,36.8524316623807,2.44557365775108
3.43867039680481,0,0,0,1.41161921620369,0,0,0,0,0,0,0,0,0,0,0,3.41844554245472,0.303040042519569,109.103706091642,0,0,0,0,0,0,0,0,0,0,0,0,0,1.90683686733246,0,6.20205426216125,0,15.5344818383455,0,0.652434810996056,4.46459074318409,0,4.65883396565914,544.079619124532,0,1.26688697934151,2.88749791681767,699.577199339867,54.4853003919125,487.056135952473,0,3.79696877300739,0,0,0,0,0,5.6040558218956,0,0,0,0,0,0.15542921423912,107.695656865835,0,0,0,0,0,0,0,0,0.972860515117645,0,0,17.3451841473579,0,0.848847806453705,6.72136794030666,554.578412726521,2.2601114064455,16.8006180673838,65.3281412571669,0,291.066409900784,0.454940363764763,3.27197621762753
0,205.931276157498,0,25.1509293615818,0,5.94781772792339,0,0,0.374716132879257,0.402805924415588,0,0.493727445602417,0,0,0,0,9.08494506776333,23.4491678774357,970.919460535049,0.854086756706238,0,0,0,0,0,0,0,0,0,0,0,0,0,0.182600975036621,0,71.2527072280645,9.48864576220512,40.2921860516071,3.48339131474495,1607.15404477715,4.65883396565914,0,669.461834579706,0,0,403.18551222235,8.51289434731007,266.638930484653,3.84736801683903,584.462613135576,0,0,0,0,0.193499535322189,0,0.234396561980247,965.170654393733,0,29.4835741221905,0,0,214.442202143371,3.87527890503407,0,0,1.4886971116066,0,0.362264454364777,0,120.356713220477,0,403.431819282472,0,0,0,0.866293504834175,0,2258.75848054886,44.9636574089527,542.470322102308,10.6094513088465,1078.79153303802,5.20535193383694,4231.38092020154,1099.94221998751,13.1618826985359
20.0025401562452,0.206427752971649,29.8337121903896,0,8.29779201745987,0,0,0,10.1814126223326,0,0,0.876969039440155,0,0,0,0,29.4990879744291,11.0591918006539,1014.41766789556,0,0.245039984583855,0,0,0,2.45875385403633,0,0,0,0,0,0,0,0,0,7.92351621389389,2.24315574020147,164.268119171262,1.68152159452438,132.292137883604,28.4434300735593,544.079619124532,669.461834579706,0,0,6.90666931867599,19.1994744688272,994.624138139188,269.301639452577,1640.24775736034,2.65300239622593,12.6652200073004,0,0,0,1.85811053216457,0,165.670276939869,2.7395882755518,1.22366523742676,0,0,0,0.376699298620224,237.547313429415,0,0,0,0,0,0,1.00752794742584,19.0047298967838,3.60632210969925,70.250276401639,0,0,0,6.01518975198269,36.4503241181374,2543.109873496,16.6501107811928,791.375950165093,1486.05573418736,2.03431788086891,4863.67329907417,11.8617358952761,712.430708423257
0,0,0,0,0,0,0,0,0,0,0,0,0,0,0,0,0,0,0,0,0,0,0,0,0,0,0,0,0,0,0,0,0,0,0,0,0,0,0,0,0,0,0,0,0,0,0,0,0,0,0,0,0,0,0,0,0,0,0,0,0,0,0,0,0,0,0,0,0,0,0,0,0,0,0,0,0,0,0,0,0,0,0,0,0,0,0
0,0,0,0,0,0,0,0,0,0,0,0,0,0,0,0,0.186721831560135,0.187681615352631,12.8354632407427,0.290073961019516,0,0,0,0,0,0,0,0,0,0,0,0,0,0,0,0,1.5794030725956,0,0,0.906022608280182,1.26688697934151,0,6.90666931867599,0,0,0,9.21245035529137,0,2.81677773594856,0,0,0,0,0,0,0,0,0,0,0,0,0,0,0.661003619432449,0,0,0,0,0,0,0,0,0,0,0,0,0,0,0.424719773232937,17.6204311847687,0,21.3466049730778,5.09024553000927,0,11.6244921535254,0,0.221045613288879
0,6.07053457200527,0,18.8533261120319,0,11.6002420186996,0,0,0,0.381433844566345,0,10.6656136959791,0,0,0,0,10.1049003303051,14.1890547946095,240.82772295177,41.0638426095247,0,0,0,0,0,0,0,0,0,0.299017727375031,0,0.866130620241165,0,0,0,156.52783061564,12.2664440274239,57.5717631280422,0.416384994983673,720.582269772887,2.88749791681767,403.18551222235,19.1994744688272,0,0,0,13.2169464528561,28.5697548091412,21.1338384002447,129.31563603133,0,0,0,0,0,0,0.214332520961761,192.222224347293,0,6.86074279248714,0,0,1123.66110523045,5.25548852980137,0,0,0,0,0,0,40.5691526085138,0,190.114677853882,0,0.87684577703476,0,9.43932758271694,0,1676.25260450691,36.4703115820885,924.414203673601,10.3384610489011,370.167844243348,2.75175577402115,993.60975253582,42.7355484291911,1.58500301837921
15.2840510457754,0,24.1159253418446,0,30.8144337236881,0,0,0,0,0,0,0,0,0,0,0,28.939807087183,18.8756373524666,439.933686256409,0,0,0,0,0,0,0,0,0,0,0,0,0,0,0,1.39109519124031,0.136104062199593,60.3733325302601,0.201587781310081,32.2971288636327,13.2820707857609,699.577199339867,8.51289434731007,994.624138139188,0,9.21245035529137,13.2169464528561,0,32.564199924469,334.125815555453,0.377803415060043,33.2369607388973,0,0,0,0,0,64.9273266196251,0.338456571102142,0,0.369266167283058,0,0,1.67130935192108,1073.99080957472,0,0,0,0,0,0,0,0,0.841037258505821,40.4548909664154,0,0,0,5.00469961762428,18.9971869364381,1260.30064230412,5.16492235660553,421.34316945821,325.350802518427,0.206140160560608,1353.46561393142,0.426249578595161,9.0579598993063
4.65742781758308,13.2904760241508,1.28318446874619,0,5.20159158110619,2.18743029236794,0,0,10.3484177142382,0,0,0,0,0,0,0,0,0,0.731496319174767,0,0,0,1.75614467263222,0,7.99496524035931,0,0,0,0,0,0,831.540133908391,200.058959648013,1308.54112651944,6528.86352872849,132.867725044489,32.0337450057268,234.250267773867,1532.73073452711,16.6055221408606,54.4853003919125,266.638930484653,269.301639452577,0,0,28.5697548091412,32.564199924469,0,1247.39181606472,2059.84848591685,5.83645090460777,0,0,0,0.368049219250679,0,8.55133417248726,0.34948568046093,0,1.13242715597153,0,0,4.35093469917774,7.27489402890205,0,2.4539860188961,0,8.89639917016029,0,0,0.184043437242508,0,0,0,843.622433871031,378.034235283732,888.40539804101,1459.22694981098,720.210748016834,939.093167066574,459.257794588804,974.990759268403,1316.23350381106,1.10684786736965,1763.58489491045,0.208863198757172,1.74459262192249
15.7734045088291,0,171.171853631735,2.26206564903259,39.0637827962637,7.66214472055435,0,0,0.782593250274658,0,0,0,0,0,0,0,5.73908711969852,1.61138699948788,227.318964108825,2.36800675094128,11.4513238668442,0,69.0094288289547,0,0,0,0,0,0,0,0,1.31367647647858,8.50555516779423,0,25.8419903218746,12.2527020871639,123.817318663001,0,36.4525401741266,53.7332915067673,487.056135952473,3.84736801683903,1640.24775736034,0,2.81677773594856,21.1338384002447,334.125815555453,1247.39181606472,0,85.2230535298586,30.9115464240313,0,0,0,14.4531137347221,0,94.470848441124,7.62259566783905,4.94597029685974,0.432209640741348,127.368634611368,0,30.6863194108009,119.028008542955,0,18.8362238258123,0,35.3588006347418,0,17.1228791922331,0.649592369794846,0.938585758209229,1.06283782422543,13.5081661343575,1.16173073649406,145.425573185086,2.27061688899994,101.658559456468,140.808074146509,719.905220292509,7.06481838226318,91.8829955384135,133.316934488714,0.562633365392685,1991.31108807772,0,193.641847059131
0,453.764700964093,0,14.6928465813398,0,16.3064708709717,0,0,0,16.8853549510241,0,0.33021953701973,0,0,0,0,0.144861593842506,0,3.34210982918739,0.991295009851456,0,422.096258223057,0,353.49244555831,0,35.992327272892,0,2.51992964744568,0,0,0,35.2029523849487,0,14.386562615633,0.437520772218704,74.3298504576087,15.2887988984585,608.658922761679,0,389.769355043769,0,584.462613135576,2.65300239622593,0,0,129.31563603133,0.377803415060043,2059.84848591685,85.2230535298586,0,0.265494614839554,0,0,0,0,52.6165297329426,0,151.946750693023,0,1.59647047519684,0,0,71.715687148273,0.351500079035759,926.904758810997,0,371.336140245199,0,83.5369311720133,0,219.098845370114,0,69.9967312887311,0,12.3075466156006,0.856224149465561,40.7149297893047,0,303.156775377691,0.194568812847137,1681.0237397626,0,574.729395754635,0,1181.5528350994,1.60766419768333,0
0,0,40.9594314098358,0,179.214488834143,0,0,0,24.0879354476929,0,0,0,0,0,0,0,0,0,0.372939437627792,0,41.4069777876139,0,0,0,0,0,0,0,0,0,0,0,0,0,0.449412122368813,0,1.84749983251095,0,0,0,3.79696877300739,0,12.6652200073004,0,0,0,33.2369607388973,5.83645090460777,30.9115464240313,0.265494614839554,0,0,0,0,0,0,61.4616203904152,0,91.3262532949448,0,0,0,0,107.814854413271,0,0,0,0,0,0,0,0,0,0,0,0,0,0,0,1.23717503249645,0,0,85.5087335407734,0,151.920367881656,0,0
0,0,0,54.9693011045456,0,346.335444271564,0,0,0,17.269905269146,0,0,0,0,0,16.814272403717,0,0,0,0,0,0,0,0,0,0,0,0,0,0,0,0,0,0,0,0,0,0,0,0,0,0,0,0,0,0,0,0,0,0,0,0,0,0,0,69.7900414466858,0,0,0,41.2528443336487,0,0,0,0,0,0,0,0,0,0,0,0,0,0,0,0,0,0,0,0,0,0,10.9390298724174,0,0,0,0
0,0,0,0,0,0,490.947380691767,0,0,0,3,0,0,0,0,0,0,0,0,0,0,0,0,0,0,0,0,0,0,0,0,0,0,0,0,0,0,0,0,0,0,0,0,0,0,0,0,0,0,0,0,0,0,0,0,0,0,0,4.49322271347046,0,0,0,0,0,0,0,0,0,0,0,0,0,0,0,0,0,0,0,0,0,0,0,392.169760286808,0,0,0,0
0,0,0,0,0,27.8531302213669,0,61.2729225754738,0,0,0,9.90971350669861,0,0,0,0,0,0,0,0,0,0,0,0,0,0,0,0,0,0,0,0,0,0,0,0,0,0,0,0,0,0,0,0,0,0,0,0,0,0,0,0,0,0,0,0,0,88.5062200427055,0,0,0,0,0,0,0,0,0,0,0,0,0,0,0,0,0,0,0,0,0,0,0,0,67.1744754910469,0,0,0,0
388.439965605736,0,33.437583565712,0,61.0236661881208,0,0,0,1016.86915655434,0,0,0,0,0,0,0,0,0,0,0,0,0,0,0,297.307929173112,0,1.21709430217743,0,0,0,0,0,0,0,0,0,0,0,56.5328055620193,0,0,0.193499535322189,1.85811053216457,0,0,0,0,0.368049219250679,14.4531137347221,0,0,0,0,0,0,0,1.3319787979126,0,1.47825253009796,0,168.408381134272,0,0,0,0,0,0,192.209001123905,0,0,0,0,0,0,0,0,0,0,0,0,0,72.283199056983,49.8035129457712,0,0.94979003071785,0,0
0,77.9157692342997,0,93.6898723244667,0,103.597997367382,0,0,0,535.921357750893,0,0,0,0,0,101.209725022316,0,0,0,0,0,0,0,88.3129628300667,0,66.6142849326134,0,0,0,0,0,0,0,0,0,0,0,38.0605852007866,0,0,0,0,0,0,0,0,0,0,0,52.6165297329426,0,69.7900414466858,0,0,0,0,0,17.8346013426781,0,4.87319374084473,0,212.871448814869,0,0,0,0,224.852300524712,0,136.905086785555,0,0,0,0,0,0,0,0,0,0,0,135.211398750544,0,73.5523286759853,0,187.582051202655,0,0
4.39508159458637,0,96.7732161581516,0,0,0,0,0,0,0,1772.53410205245,0,0,0,0,0,1.21639768779278,0,4.53797262907028,0,1024.93005630374,0,0,0,0,0,0,0,0,0,0.711446583271027,0,0,0,0.986721262335777,0,3.40795972943306,0,819.554003447294,0.187848880887032,5.6040558218956,0.234396561980247,165.670276939869,0,0,0.214332520961761,64.9273266196251,8.55133417248726,94.470848441124,0,61.4616203904152,0,0,0,1.3319787979126,0,0,0,11.4569770395756,0,15.059814453125,0,0,289.408660851419,0,0,0,0,0,0,0,0,0,41.7476697564125,0,0,0,0,0,13.5553286448121,0,190.702443510294,303.232213810086,1.30238682031631,449.324682153761,0,7.53866308927536
0,0.221162781119347,0,203.250119224191,0,2.81669947504997,0,83.4723947644234,0,0.975182294845581,0,1564.15020269156,0,71.3369652330875,0,0,1.93396764993668,0.168078973889351,102.028981178999,6.41785418987274,0,0,0,0,0,0,0,2,0,0,0,0,0,0,0,7.16494995355606,2.85723407566547,153.823434308171,0,72.5527075976133,0,965.170654393733,2.7395882755518,0,0,192.222224347293,0.338456571102142,0.34948568046093,7.62259566783905,151.946750693023,0,0,0,88.5062200427055,0,17.8346013426781,0,0,0,415.341865867376,0,0,494.062159739435,0.999117776751518,0,0,0,0,0,0,503.717472717166,0,293.284526765347,0,0,0,0.410100817680359,0,122.911457195878,3.02736331522465,83.4922625347972,1.27412661910057,350.084126122296,0.27800852060318,784.504438653588,183.332138881087,1.4977525472641
3.50843143463135,0,28.6861841082573,0,0,0,64.0023319721222,0,0,0,162.302959561348,0,324.052265405655,0,8.67363333702087,0,0,0,0,0,0,0,0,0,0,0,0,0,0,0,0,0,0,0,0,0,0,0,0,0,0,0,1.22366523742676,0,0,0,0,0,4.94597029685974,0,91.3262532949448,0,4.49322271347046,0,1.47825253009796,0,11.4569770395756,0,0,0,77.5158548951149,0,0,0,0,0,0,0,0,0,0,0,0,0,0,0,0,0,0,0,0,0,148.018362760544,0,4.25201401114464,0,0
0,0,0,51.3195393681526,0,0,0,0,0,0.80481892824173,0,89.2612328827381,0,828.11571854353,0,0,0,0,4.29947452247143,0,0,0,0,0,0,0,0,14.6818175911903,0,0,0,0,0,0,0,1.51041878759861,0,0,0,1.86647127568722,0,29.4835741221905,0,0,0,6.86074279248714,0.369266167283058,1.13242715597153,0.432209640741348,1.59647047519684,0,41.2528443336487,0,0,0,4.87319374084473,0,415.341865867376,0,0,0,3.03494024276733,20.494501799345,0,0,0,0,0,70.010983645916,0,253.070927277207,0,0.828000575304031,0,0,0,0.207789540290833,0,1.20670859515667,0.142886161804199,0.637419536709785,0,64.9995436221361,0,24.1329079866409,5.23394972085953,0
44.7952789068222,0,13.7184561491013,0,0,0,0,0,3.27604827284813,0,0,0,0,0,26.3275178670883,0,0,0,0,0,0,0,0,0,0,0,0,0,0,0,0,0,0,0,0,0,0,0,0,0,0,0,0,0,0,0,0,0,127.368634611368,0,0,0,0,0,168.408381134272,0,15.059814453125,0,77.5158548951149,0,0,0,0,0,0,0,0,0,0,0,0,0,0,0,0,0,0,0,0,0,0,0,23.9035193920135,0,0,0,0
0,199.922424554825,0,4.01093912124634,0,0,0,0,0,146.833292007446,0,0,0,0,0,155.532394170761,0,0,0,0,0,0,0,0,0,4.71889543533325,0,0,0,0,0,0,0,0,0,0,0,0,0,0,0,0,0,0,0,0,0,0,0,0,0,0,0,0,0,212.871448814869,0,0,0,3.03494024276733,0,0,0,0,0,0,0,0,55.2860070466995,0,0,0,0,0,0,0,0,0,0,0,0,0,43.9301149845123,0,0,0,0
0,0,0,7.75333252549171,0,3.46569377183914,0,0,0,0,0,292.234473615885,0,0,0,0,1.3402843773365,7.41128392517567,77.8952326849103,1528.14272332191,0,0,0,0,0,0,0,0,0,2.88866281509399,0,0.390114694833755,0,0,0,246.409958809614,3.77994646131992,552.353431001306,0.432379633188248,249.308243006468,0.15542921423912,214.442202143371,0.376699298620224,0,0,1123.66110523045,1.67130935192108,4.35093469917774,30.6863194108009,71.715687148273,0,0,0,0,0,0,0,494.062159739435,0,20.494501799345,0,0,0,1.09982371330261,0,0,0,0,0,0,63.4215634167194,0,344.422271318734,0,0,0,2.3144109994173,0,4058.91963879019,1.88040330260992,1041.33378766477,0,456.208846151829,1.64963264763355,419.416679441929,36.5086665600538,2.87382972240448
5.44393916428089,0,4.74113246798515,0,158.276401102543,0,0,0,0,0,3.79347229003906,0,0,0,0,0,11.0190135911107,11.4174049049616,178.918606117368,0,1270.56827767938,0,0,0,0,0,0,0,0,0,0,0,0,0,1.64565911889076,1.12418915331364,396.146149210632,0.213300794363022,112.66585945338,13.1251461803913,107.695656865835,3.87527890503407,237.547313429415,0,0.661003619432449,5.25548852980137,1073.99080957472,7.27489402890205,119.028008542955,0.351500079035759,107.814854413271,0,0,0,0,0,289.408660851419,0.999117776751518,0,0,0,0,1.09982371330261,0,0,0,0,0,0,0,0.127934336662292,0.589187324047089,0.390265047550201,193.60511187464,0,0,0,0,12.1182617545128,1579.96927733719,6.76236522942781,1991.27274163067,791.332827486098,0,1633.13714022934,1.5815539509058,4.95962728559971
0,0,0,0,0,0,0,0,0,0,0,0,0,0,0,0,0,49.7257837951183,0,0,0,7044.82882675529,0,290.547802478075,0,73.8426958471537,0,2.46965384483337,0,0,0,0,0,0,0,0,0,209.254746034741,0,0,0,0,0,0,0,0,0,0,0,926.904758810997,0,0,0,0,0,0,0,0,0,0,0,0,0,0,0,0,158.659506946802,0,195.603875905275,0,455.573362484574,0,0,0,0,0,0,0,0,0,256.447365477681,0,395.083519846201,79.4543517231941,8.89051562547684,0,0
0,0,0,0,0,0,0,0,0,0,0,0,0,0,0,0,0,0,0,0,0,3.88897907733917,5832.11823280156,0,100.016931563616,0,66.5208579599857,0,140.96461379528,0,0,0,0,0,0,0,0,0,236.707142412663,0,0,0,0,0,0,0,0,2.4539860188961,18.8362238258123,0,0,0,0,0,0,0,0,0,0,0,0,0,0,0,0,0,0,3.97763365507126,0,134.559371232986,0,276.663561969995,0,0,0,0,0,0,0,0,0,39.2395713627338,261.853420302272,194.497952476144,0,0,0
0,7.76196557283401,0,0,0,0,0,0,0,62.0980593264103,0,0,0,0,0,0,0,0,0,0,0,122.304375141859,0,990.94591088593,0,132.90993091464,0,0,0,0,0,0,0,0,0,0,0,168.07355260849,0,0,0,1.4886971116066,0,0,0,0,0,0,0,371.336140245199,0,0,0,0,0,224.852300524712,0,0,0,0,0,0,0,0,158.659506946802,0,0,0,172.371566861868,0,0,0,0,0,0,0,0,0,0,0,302.972652822733,0,99.5618995130062,0,205.714570403099,0,0
0,0,0,0,0,0,0,0,9.09791426360607,0,0,0,0,0,0,0,0,0,0,0,0,0,32.7054290175438,0,1295.3082844615,0,40.7308487892151,0,0,0,0,0,0,0,0,0,0,0,848.445065900683,0,0,0,0,0,0,0,0,8.89639917016029,35.3588006347418,0,0,0,0,0,192.209001123905,0,0,0,0,0,0,0,0,0,0,3.97763365507126,0,0,0,40.7838431298733,0,0,0,0,0,0,0,0,0,0,0,249.152777701616,69.7341331839561,0,0,0,0
0,0,0,0,0,0,0,0,0,30.483508720994,0,0,0,0,0,0,0,0,0,0,0,107.571848720312,0,174.921527773142,0,462.724910885096,0,0,0,0,0,0,0,0,0,0,0,0,0,0,0,0.362264454364777,0,0,0,0,0,0,0,83.5369311720133,0,0,0,0,0,136.905086785555,0,0,0,70.010983645916,0,55.2860070466995,0,0,195.603875905275,0,172.371566861868,0,0,0,878.295949026942,0,0,0,0,0,0,0,0,0,0,0,3.43782451748848,0,69.9205638021231,0,0
0,0,0,0,0,0,0,0,0,0,0,0,0,0,0,0,58.6585019826889,0,0,0,0,0,127.826743483543,0,201.571535885334,0,142.979182690382,0,120.2160987854,0,0,0,0,0,0,0,0,0,0,0,0,0,0,0,0,0,0,0,17.1228791922331,0,0,0,0,0,0,0,0,0,0,0,0,0,0,0,0,134.559371232986,0,40.7838431298733,0,0,0,26.4649729728699,0,0,0,0,0,0,0,0,0,0,33.4116371273994,0,0,0,0
0,0,0,1.34876862168312,0,1.43637284636497,0,0,0,0,0,0,0,3.90596401691437,0,0,0.328996866941452,1.02488660812378,40.4624216780066,0,0,0.625582695007324,0,0,0,57.3246734291315,0,689.625505387783,0,31.0299060344696,0,0,0,0,0,2.10565873980522,0.312851935625076,0.934182107448578,0,7.15158884972334,0,120.356713220477,1.00752794742584,0,0,40.5691526085138,0,0.184043437242508,0.649592369794846,219.098845370114,0,0,0,0,0,0,0,503.717472717166,0,253.070927277207,0,0,63.4215634167194,0.127934336662292,455.573362484574,0,0,0,878.295949026942,0,0,0,113.442940711975,0,0,0,0,0,7.36351336538792,0,6.39049370586872,0,262.393051400781,0,185.186915457249,60.2045117765665,0.293138325214386
0,0,0,0,0,0,0,0,0,0,57.3596032857895,0,4.98780632019043,0,0,0,0,0,0,0,0,0,25.0498961806297,0,0,0,38.5524525642395,0,526.596101850271,0,150.64970138669,0,0,0,0,0,0,0,331.539469540119,0,0,0,19.0047298967838,0,0,0,0,0,0.938585758209229,0,0,0,0,0,0,0,0,0,0,0,0,0,0,0.589187324047089,0,276.663561969995,0,0,0,26.4649729728699,0,0,0,71.1295739412308,0,0,0,0,0,0.519219219684601,0,415.652546778321,1.67746658623219,0,14.5695952177048,0,3.72307711839676
0,0.272530198097229,0,6.14272364974022,0,1.05097019672394,0,0,0,0,0,17.1462130844593,0,0,0,0,4.28377331793308,2.5275259912014,206.645458616316,18.664911866188,0,0,0,0,0,0,0,52.0506232380867,0,667.263535454869,0,0.839885354042053,0,0,0,9.20456164330244,0.88519212603569,27.9885101318359,0,73.5203058347106,0.972860515117645,403.431819282472,3.60632210969925,0,0,190.114677853882,0.841037258505821,0,1.06283782422543,69.9967312887311,0,0,0,0,0,0,0,293.284526765347,0,0.828000575304031,0,0,344.422271318734,0.390265047550201,0,0,0,0,0,0,113.442940711975,0,0,0,0,0,0,0,157.86183463037,8.95822751522064,274.291478529572,1.07889553904533,72.5194086059928,0.75234717130661,589.237258024514,233.278699755669,0.262688308954239
0.622827306389809,0,1.1151414513588,0,0,0,0,0,0,0,97.8058569133282,0,0,0,0,0,0.627582535147667,0.17908900976181,25.6390641927719,0,54.0060695111752,0,0,0,0,0,0,0,46.1642413139343,0,699.965367332101,0,0,0,0,0,0.780946210026741,0,232.181220799685,0,0,0,70.250276401639,0,0,0,40.4548909664154,0,13.5081661343575,0,0,0,0,0,0,0,41.7476697564125,0,0,0,0,0,0,193.60511187464,0,0,0,0,0,0,0,71.1295739412308,0,0,0,0,0,0,1.31047081947327,30.9932055473328,0,701.705646127462,18.0201480314136,0,296.596769414842,0,10.057991027832
0,0,0,0,0,0,0,0,0,0,0,0,0,0,0,0,0,0,0,0,0,0,0,0,0,0,0,0,0,0,0,5180.44154313207,1369.19378584623,62.83033400774,0,14.5108810514212,12.7555106282234,0,0,0.291333049535751,0,0,0,0,0,0.87684577703476,0,843.622433871031,1.16173073649406,12.3075466156006,0,0,0,0,0,0,0,0,0,0,0,0,0,0,0,0,0,0,0,0,0,0,0,0,0,372.837927877903,265.499129638076,3.13763010501862,309.840037196875,0,3.34092497825623,0,1097.92549930513,0,0.688083082437515,0,0
0,0,0,0,0,0,0,0,0,0,0,0,0,0,0,0,0,0,0,0,0,0,0,0,0,0,0,0,0,0,0,227.476316571236,4485.29909706116,0,10.8393191695213,11.2954119741917,187.348051428795,0,0,0,17.3451841473579,0,0,0,0,0,0,378.034235283732,145.425573185086,0.856224149465561,0,0,0,0,0,0,0,0,0,0,0,0,0,0,0,0,0,0,0,0,0,0,0,0,372.837927877903,0,0.470621347427368,178.959173873067,39.456117361784,1137.37993609905,0,0,222.506563544273,0,0,0,0
0,0,0,0,0,0.47281651198864,0,0,0,0,0,0,0,0,0,0,0,0,0.236468717455864,0.213157907128334,0,0,0,0,0,0,0,0,0,0,0,371.99507163465,4.18863332271576,2723.48467937112,699.724095880985,114.907805874944,0,56.9433646202087,0,0.209987446665764,0,0.866293504834175,0,0,0,9.43932758271694,0,888.40539804101,2.27061688899994,40.7149297893047,0,0,0,0,0,0,0,0.410100817680359,0,0.207789540290833,0,0,2.3144109994173,0,0,0,0,0,0,0,0,0,0,0,265.499129638076,0.470621347427368,0,28.6126292347908,1486.21146892011,0.419502288103104,606.550540402532,0,285.076630339026,0,27.5720448195934,0,0
0,0,0,0,0.437848716974258,0,0,0,0,0,0,0,0,0,0,0,0,0,0,0,0,0,0,0,0,0,0,0,0,0,0,6.8322012424469,367.230554044247,346.457253009081,2468.14640432596,0,312.455261662602,0,126.572103902698,0,0.848847806453705,0,6.01518975198269,0,0,0,5.00469961762428,1459.22694981098,101.658559456468,0,0,0,0,0,0,0,0,0,0,0,0,0,0,0,0,0,0,0,0,0,0,0,0,0,3.13763010501862,178.959173873067,28.6126292347908,0,0,660.219361260533,0,428.676649466157,1125.85350643098,0,25.2774733752012,0,0
