0,43.0481071472168,3.26076641608411,0,0,0,0,0,4.73741219765141,41.9004020690918,0,0,0,0,4.08532809322163,0,7.19787391708011,43.8295669555664,7.59472446022116,0,0,0,0,0,0,0,0,0,0,0,0,0,0,0,0,0,0,28.3863336389715,13.7662629535937,0,20.7332450725414,38.011585659451,8.65328774567573,0,3.63135075569153,0,9.3458880202411,24.8202959736691,3.80226578958397,32.0463676452637,0,0,0,0,5.2308716524479,42.5843124389648,17.1436400647257,0,4.40086325804393,0,4.61267008794391,0,0,17.0047814986285,0,0,0,0,0,0,0,4.41650915145874,0,0,0,0,0,0,0,21.7317762276561,31.080418066545,12.7879179053836,9.48375701622673,11.2314734061559,6.28742180994559,38.3159713745117,11.5622922502538
43.0481071472168,0,0,3.08793012387645,0,0,0,0,0,4.17619573266412,0,0,0,0,0,0,0,0,4.96072678360642,0,0,0,0,0,0,0,0,0,0,0,0,0,0,19.9696750640869,0,14.5584917068481,0,18.9901978865914,34.8494739532471,0,0,4.60342046374795,0,0,0,8.60512065887451,0,0,34.7065650939941,4.11595272837945,0,0,0,0,0,4.59545896596248,0,0,0,0,0,4.6975691733153,0,0,0,0,0,0,0,0,0,0,0,0,0,0,0,0,0,0,0,40.2349166870117,5.29373922622586,14.8165651957194,4.32163082877991,4.69460782499024,0
3.26076641608411,0,0,0,3.34514667771079,0,0,0,3.33871291932606,0,0,0,0,0,0,0,0,0,0,0,0,0,0,0,0,0,0,0,0,0,0,0,0,0,0,0,4.12675938010216,0,0,0,17.7431693077087,0,0,0,0,0,6.17616971333822,0,3.33188180547012,0,3.01983785629272,0,0,0,0,0,0,0,0,0,0,0,0,20.845356464386,0,0,0,0,0,0,0,0,0,0,0,0,0,0,0,19.6754527568817,0,0,5.44847354066783,6.33761970202128,3.29283403037176,0,0
0,3.08793012387645,0,0,0,3.20792560577393,0,0,0,0,0,0,0,0,0,0,0,0,0,0,0,0,0,0,0,0,0,0,0,0,0,0,0,0,0,4.52653789520264,0,0,0,0,0,23.1371974945068,0,0,0,5.03922259807587,0,0,0,2.97520040310427,0,0,0,0,0,0,0,0,0,0,0,0,0,0,0,0,0,0,0,0,0,0,0,0,0,0,0,0,0,0,0,0,4.99510283591384,13.9120621681213,4.09299826385951,0,0
0,0,3.34514667771079,0,0,0,5.75529718399048,0,0,0,5.90585803985596,0,0,0,0,0,0,0,0,0,4.60666685544623,0,0,0,0,0,0,0,0,0,0,0,0,0,0,0,5.11865004626187,0,0,0,0,0,0,0,0,0,0,0,0,0,3.15200400352478,0,0,0,0,0,0,0,0,0,0,0,0,5.48400449752808,0,0,0,0,0,0,0,0,0,0,0,0,0,0,0,0,0,0,8.38967160540303,0,3.5624506000448,0,0
0,0,0,3.20792560577393,0,0,0,0,0,0,0,0,0,0,0,0,0,0,0,2.98098514031391,0,0,0,0,0,0,0,0,0,0,0,0,0,0,0,0,0,0,0,0,0,0,0,0,0,7.01019024848938,0,0,0,0,0,0,0,0,0,0,0,0,0,0,0,0,6.65165290342729,0,0,0,0,0,0,0,0,0,0,0,0,0,0,0,0,0,0,0,2.82952913485075,2.95006227493286,3.21575940411265,0,0
0,0,0,0,5.75529718399048,0,0,0,0,0,3.85047670773097,0,0,0,0,0,0,0,0,0,5.82903042101996,0,0,0,0,0,0,0,0,0,0,0,0,0,0,0,14.9723872554545,0,0,0,0,0,0,0,0,0,0,0,0,0,5.5668466091156,0,3.20117650429408,0,0,0,0,0,0,0,0,0,0,10.4349405571266,0,0,0,0,0,0,0,0,0,0,0,0,0,0,0,12.5738416910172,0,0,4.10503134628822,5.15983230417425,15.6765112195696,0,0
0,0,0,0,0,0,0,0,0,0,0,2.74408084154129,0,0,0,0,0,0,0,0,0,0,0,0,0,0,0,0,0,0,0,0,0,0,0,0,0,0,0,0,0,0,0,0,0,0,0,0,0,0,0,3.16095717748006,0,3.15608203411102,0,0,0,2.99130249023438,0,0,0,0,0,0,0,0,0,0,0,0,0,0,0,0,0,0,0,0,0,0,0,0,2.95281060536702,0,0,0,0
4.73741219765141,0,3.33871291932606,0,0,0,0,0,0,16.2169494628906,0,0,0,0,5.16890884082864,0,10.6201189329764,17.116591084905,8.66896458442728,0,0,0,0,0,19.3672103881836,0,6.60171143213908,0,0,0,0,0,0,0,0,0,0,0,12.0156599081279,0,24.4117221832275,34.7479103088379,9.25711651704629,0,0,0,17.8223635355632,27.1048393249512,11.9587936401367,0,0,0,0,0,8.15932528008806,0,22.1502079734435,0,0,0,6.87584791580836,0,0,20.1323113441467,0,0,0,0,0,26.9908351898193,0,0,0,0,0,0,0,0,0,0,0,13.3328518072764,6.05487331833158,6.40882461267219,11.6176488662189,38.7393989562988,9.44707201032336
41.9004020690918,4.17619573266412,0,0,0,0,0,0,16.2169494628906,0,0,0,0,0,0,0,28.2563362121582,3.88386266702471,3.74958537870152,0,0,0,0,0,0,0,0,0,0,0,0,0,0,18.3117658297221,0,0,0,16.1776190298575,29.7636136594026,0,0,6.43145465020892,0,0,0,0,0,17.5025283813477,31.9228514716739,0,0,0,0,0,0,4.51800878669905,0,0,0,0,0,0,0,0,0,0,0,0,0,0,0,0,0,0,0,0,0,0,0,0,22.2674126625061,32.2462381362915,8.4703651314432,3.74437689781189,9.04690459885116,25.6945323944092,0
0,0,0,0,5.90585803985596,0,3.85047670773097,0,0,0,0,0,0,0,0,0,0,0,0,0,3.61696727783326,0,0,0,0,0,0,0,0,0,2.94414658844471,0,0,0,0,0,0,0,3.64099364447295,0,0,0,0,0,0,0,0,0,0,0,8.02577304840088,0,4.32230036398944,0,0,0,3.10835638145606,0,0,0,0,0,0,0,0,0,0,0,0,0,0,0,0,0,0,0,0,0,0,0,0,4.47898429443855,2.92302334308624,3.01616632277377,0,0,0
0,0,0,0,0,0,0,2.74408084154129,0,0,0,0,0,4.35413324832916,0,0,0,0,0,3.19875275766527,0,0,0,0,0,0,0,0,0,2.7193922996521,0,0,0,0,0,5.44129323959351,0,3.07811791457019,0,0,0,0,0,0,0,4.83564128875732,0,0,0,0,0,0,0,0,0,0,0,3.47902798134689,0,6.33124053955078,0,0,3.51566933498048,0,0,0,0,0,0,0,3.66652947113294,0,3.19438349116932,0,0,0,0,0,0,0,3.4179439879111,0,3.14325974204323,0,7.02538766860962,0,0
0,0,0,0,0,0,0,0,0,0,0,0,0,0,0,0,0,0,0,0,0,0,0,0,0,0,0,0,0,0,0,0,0,0,0,0,0,0,0,0,0,0,0,0,0,0,0,0,0,0,0,0,0,0,0,0,0,0,3.16262340907809,0,0,0,0,0,0,0,0,0,0,0,0,0,0,0,0,0,0,0,0,0,0,0,3.4196537733078,3.20958444421444,0,0,0
0,0,0,0,0,0,0,0,0,0,0,4.35413324832916,0,0,0,2.94212476412455,0,0,0,0,0,0,0,0,0,0,0,4.00885605812073,0,0,0,0,0,0,0,0,0,0,0,0,0,0,0,0,0,0,0,0,0,0,0,0,0,0,0,0,0,3.77501002006982,0,3.55588901432126,0,0,0,0,0,0,0,0,0,0,3.02433305476085,0,0,0,0,0,0,0,0,0,0,0,4.00005459785461,2.96972581318447,0,0,0
4.08532809322163,0,0,0,0,0,0,0,5.16890884082864,0,0,0,0,0,0,0,7.67684641692429,22.5535774230957,25.9073361228494,0,0,0,0,0,0,0,3.21377326353737,0,3.44846831668507,0,0,0,0,0,0,0,0,0,0,0,0,0,15.4367836543492,0,0,0,0,0,4.05672425972788,0,0,0,0,0,6.89635057951275,0,4.38753865466398,0,3.17681653499603,0,4.12576957650335,0,0,21.9053268432617,0,0,0,0,0,6.71883869171143,0,0,0,0,0,0,0,0,0,0,0,0,4.7696735928585,3.15006306436327,18.8499006342005,0,13.8806943893433
0,0,0,0,0,0,0,0,0,0,0,0,0,2.94212476412455,0,0,0,3.0089878873174,0,0,0,0,0,0,0,0,0,0,0,0,0,0,0,0,0,0,0,0,0,0,0,0,0,0,0,0,0,0,0,0,0,0,0,0,0,0,0,0,0,3.17581877708435,0,3.15076647389118,0,0,0,0,0,0,0,0,0,0,0,0,0,0,0,0,0,0,0,0,3.08811427652836,3.14867444038391,0,0,0
7.19787391708011,0,0,0,0,0,0,0,10.6201189329764,28.2563362121582,0,0,0,0,7.67684641692429,0,0,10.7872409176345,13.6744702749383,0,0,2.95180547237396,3.78402066230774,0,9.88745212554932,0,4.56623087423604,0,5.75168758690959,0,0,0,0,0,0,0,0,0,0,0,0,36.6942635197793,16.6770244312044,0,0,0,0,0,0,0,0,0,0,0,14.363698378164,0,32.483515058245,0,0,0,4.18063999026009,0,0,0,0,0,0,11.522091456822,0,4.75211033785254,0,4.2672243679271,0,0,0,0,0,0,0,0,0,0,8.86290972399086,18.3141578492664,19.1472959597905,37.5432394201105,15.6217826243809
43.8295669555664,0,0,0,0,0,0,0,17.116591084905,3.88386266702471,0,0,0,0,22.5535774230957,3.0089878873174,10.7872409176345,0,13.6155319740086,0,0,6.29222995915816,0,13.7060031890869,0,3.89088120536199,0,3.81102659967211,0,0,0,0,0,0,0,0,0,0,0,0,0,29.6547722498576,25.7919683456421,0,0,0,0,0,0,0,0,0,0,0,0,3.80563391447067,0,0,0,0,0,3.22305679321289,0,0,0,0,0,0,0,0,0,0,0,0,0,0,0,0,0,0,0,0,6.91233372835595,5.81226020110281,29.1075117425485,29.8013112280104,25.5604111931541
7.59472446022116,4.96072678360642,0,0,0,0,0,0,8.66896458442728,3.74958537870152,0,0,0,0,25.9073361228494,0,13.6744702749383,13.6155319740086,0,0,0,0,0,14.1381177902222,0,0,0,0,0,0,0,0,0,18.8467216491699,0,0,0,15.7132869323498,0,19.2687796528904,20.115755092598,10.0799586522698,11.4764638763564,4.96916933149638,3.69667750597,12.6909142209315,12.3689038244745,18.9806480407715,25.2028121948242,0,0,0,0,0,24.4725640160697,0,22.8447791099548,19.1003913879395,0,0,0,0,0,24.8697358644926,0,0,0,0,0,0,0,0,0,0,0,0,0,0,22.0374414020114,20.5769080242128,0,0,6.92054295831098,5.8646082574671,9.11806038919788,10.1744369774396,22.9032890113754
0,0,0,0,0,2.98098514031391,0,0,0,0,0,3.19875275766527,0,0,0,0,0,0,0,0,0,0,0,0,0,0,0,0,0,0,0,0,0,0,0,4.07927053776857,0,0,0,0,0,0,0,0,0,4.13142609596252,0,0,0,0,0,0,0,0,0,0,0,0,0,0,0,0,3.73656155852665,0,0,0,0,0,0,0,0,0,2.94712470769882,0,0,0,0,0,3.96451876538218,0,3.45506993361882,0,4.36806474445022,0,5.18864620920947,0,0
0,0,0,0,4.60666685544623,0,5.82903042101996,0,0,0,3.61696727783326,0,0,0,0,0,0,0,0,0,0,0,0,0,0,0,0,0,0,0,0,0,0,0,0,0,3.71816106414795,0,3.27514348434786,0,31.5669943491618,0,27.9234466552734,0,0,0,0,0,26.4881388346354,0,5.49832101404314,0,6.16911988457044,0,0,0,3.71207949859461,0,0,0,0,0,0,5.10300085249912,0,0,0,0,0,0,0,0,0,0,0,0,0,0,0,3.69859442321227,0,4.41016065743234,5.31744199127986,0,4.85976173400879,0,0
0,0,0,0,0,0,0,0,0,0,0,0,0,0,0,0,2.95180547237396,6.29222995915816,0,0,0,0,4.10943305196781,5.12731132701952,0,8.82276344299316,0,0,0,0,0,0,0,0,0,0,0,3.93131856287183,10.4727872848511,0,0,0,0,0,0,0,0,0,0,0,0,0,0,0,0,0,0,0,0,0,0,0,0,0,3.93751074638786,4.55831546491332,4.01012248292156,0,0,0,0,0,0,0,0,0,0,0,0,0,4.22495857042235,10.5394735336304,4.82401332716912,8.47062699993451,0,0,0
0,0,0,0,0,0,0,0,0,0,0,0,0,0,0,0,3.78402066230774,0,0,0,0,4.10943305196781,0,0,6.55726025730783,0,0,0,0,0,0,0,0,0,0,0,0,0,4.39208212462495,0,0,0,20.4461822509766,0,0,0,0,0,6.49400643618458,0,0,0,0,0,0,0,0,0,0,0,0,0,0,0,3.96082453498899,3.50488749584721,0,4.94992335836545,0,13.6830205917358,0,0,0,0,0,0,0,0,0,0,0,4.04412061427713,6.37527501132434,6.25435316720025,29.5230846405029,0,0
0,0,0,0,0,0,0,0,0,0,0,0,0,0,0,0,0,13.7060031890869,14.1381177902222,0,0,5.12731132701952,0,0,0,0,0,0,0,0,0,0,0,0,0,0,0,4.97447687343445,0,0,0,16.2052875518799,0,0,0,0,0,0,0,0,0,0,0,0,0,0,0,0,0,0,0,0,0,0,3.04266881942749,0,3.36783653883625,0,0,0,0,0,0,0,0,0,0,0,0,0,3.57617608741556,0,4.34982737660861,11.7353274822235,22.5112924575806,16.2092227935791,0
0,0,0,0,0,0,0,0,19.3672103881836,0,0,0,0,0,0,0,9.88745212554932,0,0,0,0,0,6.55726025730783,0,0,0,0,0,0,0,0,0,0,0,0,0,0,0,3.75442819374287,0,0,0,0,0,0,0,0,0,4.52391192295568,0,0,0,0,0,0,0,0,0,0,0,0,0,0,0,0,7.62073445724229,0,3.04171299624753,0,13.6707773208618,0,0,0,0,0,0,0,0,0,0,0,4.36823555064584,7.17221344972995,5.75548791885376,0,0,0
0,0,0,0,0,0,0,0,0,0,0,0,0,0,0,0,0,3.89088120536199,0,0,0,8.82276344299316,0,0,0,0,0,0,0,0,0,0,0,0,0,0,0,0,0,0,0,0,0,0,0,0,0,0,0,0,0,0,0,0,0,0,0,0,0,0,0,0,0,0,0,0,0,0,0,0,0,0,0,0,0,0,0,0,0,0,0,0,8.97326275507609,0,0,0,0
0,0,0,0,0,0,0,0,6.60171143213908,0,0,0,0,0,3.21377326353737,0,4.56623087423604,0,0,0,0,0,0,0,0,0,0,0,3.19034300130956,0,0,0,0,0,0,0,0,0,0,0,0,0,16.229040145874,0,0,0,0,0,0,0,0,0,0,0,0,0,0,0,0,0,3.73369459672408,0,0,0,0,0,0,0,0,2.9820951067883,0,2.97838866710663,0,0,0,0,0,0,0,0,0,0,3.93812109800902,0,0,0,14.9421453475952
0,0,0,0,0,0,0,0,0,0,0,0,0,4.00885605812073,0,0,0,3.81102659967211,0,0,0,0,0,0,0,0,0,0,0,0,0,0,0,0,0,0,0,0,0,0,0,0,0,0,0,0,0,0,0,0,0,0,0,0,0,0,0,4.02829968929291,0,3.04088918368022,0,0,0,0,0,0,0,0,0,0,3.15322643066898,0,0,0,0,0,0,0,0,0,0,0,0,0,0,0,0
0,0,0,0,0,0,0,0,0,0,0,0,0,0,3.44846831668507,0,5.75168758690959,0,0,0,0,0,0,0,0,0,3.19034300130956,0,0,0,4.45552573818713,0,0,0,0,0,0,0,0,0,0,0,0,0,0,0,0,0,0,0,0,0,0,0,0,0,0,0,0,0,3.17890012908626,0,0,0,0,0,0,0,0,3.28935614724954,0,3.13957492640761,0,5.1940804977043,0,0,0,0,0,0,0,0,4.45351353987352,3.08515532012273,0,0,0
0,0,0,0,0,0,0,0,0,0,0,2.7193922996521,0,0,0,0,0,0,0,0,0,0,0,0,0,0,0,0,0,0,0,0,0,0,0,0,0,3.05672847738071,0,0,0,0,0,0,0,0,0,0,0,0,0,0,0,0,0,0,0,3.03738129138947,0,0,0,0,0,0,0,0,0,0,0,0,0,0,3.08967020988464,0,0,0,0,0,0,0,3.74514058841416,0,2.84467196464539,0,0,0,0
0,0,0,0,0,0,0,0,0,0,2.94414658844471,0,0,0,0,0,0,0,0,0,0,0,0,0,0,0,0,0,4.45552573818713,0,0,0,0,0,0,0,0,0,4.44922334874977,0,0,0,0,0,0,0,0,0,0,0,0,0,0,0,0,0,0,0,0,0,0,0,0,0,0,0,0,0,0,0,0,4.52652215957642,0,3.69542926050002,0,0,0,0,0,0,0,5.25617363893793,3.43674802183553,3.87041311361352,0,0,0
0,0,0,0,0,0,0,0,0,0,0,0,0,0,0,0,0,0,0,0,0,0,0,0,0,0,0,0,0,0,0,0,3.97754304926883,2.95380449295044,3.13633930683136,0,3.00073593371623,0,0,0,0,0,0,0,0,0,0,5.73978843907527,8.8274291086877,4.11505000655715,0,0,0,0,0,0,0,0,0,0,0,0,0,0,0,0,0,0,0,0,0,0,0,0,3.49559421997922,4.85451702038496,0,5.64928390763023,4.12528603792191,4.77749604789674,0,0,2.91052005507729,0,0,0,0
0,0,0,0,0,0,0,0,0,0,0,0,0,0,0,0,0,0,0,0,0,0,0,0,0,0,0,0,0,0,0,3.97754304926883,0,6.71395969390869,4.03414661483427,3.21068635853854,3.34100222587585,0,0,0,6.45354000727336,0,0,0,0,0,0,3.59372387574903,4.71134832700094,0,0,0,0,0,0,0,0,0,0,0,0,0,0,0,0,0,0,0,0,0,0,0,0,0,5.33765472549765,3.60006205143667,0,3.53319676510275,7.60822653089251,3.33692269931118,0,0,2.78980737030506,0,0,0,0
0,19.9696750640869,0,0,0,0,0,0,0,18.3117658297221,0,0,0,0,0,0,0,0,18.8467216491699,0,0,0,0,0,0,0,0,0,0,0,0,2.95380449295044,6.71395969390869,0,4.10260779062907,0,2.89256435632706,8.38373313126741,8.03602275095488,0,0,15.3417636871338,0,0,0,0,0,5.27742286009271,11.829701523627,3.27917172908783,0,0,0,0,0,0,0,0,0,0,0,0,0,0,0,0,0,0,0,0,0,0,0,0,0,0,2.9073358685223,4.27029275430285,0,3.02531090203454,10.4246711169972,4.91320480281629,7.32929910184965,9.48470592498779,20.2360654718736,15.5577782850999,0
0,0,0,0,0,0,0,0,0,0,0,0,0,0,0,0,0,0,0,0,0,0,0,0,0,0,0,0,0,0,0,3.13633930683136,4.03414661483427,4.10260779062907,0,0,0,0,2.93830823898315,0,0,0,0,0,0,0,0,3.45017019493087,3.04388626416524,0,0,0,0,0,0,0,0,0,0,0,0,0,0,0,0,0,0,0,0,0,0,0,0,0,11.3879585266113,3.65618570034321,9.04612563956868,3.47355790932973,0,3.19238115951933,0,3.46983575335117,4.40144342929125,0,0,0,0
0,14.5584917068481,0,4.52653789520264,0,0,0,0,0,0,0,5.44129323959351,0,0,0,0,0,0,0,4.07927053776857,0,0,0,0,0,0,0,0,0,0,0,0,3.21068635853854,0,0,0,3.10962870970607,3.13242836120678,3.05705485343933,23.2089054385821,7.1545391489369,29.018182020921,0,0,0,5.65901379872367,0,4.60699589865548,0,36.3825035095215,0,0,0,0,0,0,0,0,0,0,0,0,4.02364334161731,0,0,0,0,0,0,0,0,0,0,0,4.62540499369303,4.61818838119507,0,0,3.50387786555267,3.74375559467139,3.50598551698787,3.14278071014969,5.66844919849421,5.01159217058309,5.93656378380721,23.183048248291,0
0,0,4.12675938010216,0,5.11865004626187,0,14.9723872554545,0,0,0,0,0,0,0,0,0,0,0,0,0,3.71816106414795,0,0,0,0,0,0,0,0,0,0,3.00073593371623,3.34100222587585,2.89256435632706,0,3.10962870970607,0,0,3.46220449417061,0,16.4195717933566,0,25.9178256988525,0,0,0,5.68898202313317,4.09875053167343,27.6087699890137,0,0,0,13.3617324829102,0,0,0,4.1820406516393,0,0,0,0,0,0,3.6028761451061,0,0,0,0,0,0,0,0,0,0,0,2.96447234749794,0,0,7.75012497901916,3.57447577858997,0,3.84358617091576,4.5400442932392,4.59186171070974,5.3109152194477,0,0
28.3863336389715,18.9901978865914,0,0,0,0,0,0,0,16.1776190298575,0,3.07811791457019,0,0,0,0,0,0,15.7132869323498,0,0,3.93131856287183,0,4.97447687343445,0,0,0,0,0,3.05672847738071,0,0,0,8.38373313126741,0,3.13242836120678,0,0,5.26056868071101,0,0,11.8734790354359,22.6987047195435,0,0,0,0,7.10634939132198,17.3800378462084,6.2064673512481,0,0,0,0,0,14.5391923586528,0,0,0,0,0,0,0,0,3.86690055290399,0,4.80526156687323,0,0,0,0,0,3.27046740055084,0,0,0,0,0,3.74378884020463,0,3.45695344987447,5.98134270053993,7.44857161464151,3.27063323150982,16.2425251673503,13.7145852352443,0
13.7662629535937,34.8494739532471,0,0,0,0,0,0,12.0156599081279,29.7636136594026,3.64099364447295,0,0,0,0,0,0,0,0,0,3.27514348434786,10.4727872848511,4.39208212462495,0,3.75442819374287,0,0,0,0,0,4.44922334874977,0,0,8.03602275095488,2.93830823898315,3.05705485343933,3.46220449417061,5.26056868071101,0,0,0,26.8523529900445,8.27026953460267,0,0,0,0,7.22395980064505,6.02342921078205,0,0,0,0,0,11.7862721173957,0,4.65307955501572,0,0,0,0,0,0,3.25851655006409,0,8.57391681242241,0,4.17388388454276,0,0,0,0,0,4.6693812046051,0,0,0,3.48626101016998,0,3.61232393458142,17.8812137764191,3.67279900495617,3.84097926428639,3.36907298461077,10.7145250068117,27.8787550245013,0
0,0,0,0,0,0,0,0,0,0,0,0,0,0,0,0,0,0,19.2687796528904,0,0,0,0,0,0,0,0,0,0,0,0,0,0,0,0,23.2089054385821,0,0,0,0,0,10.9100786350551,0,13.8775130744394,0,9.44277645865806,0,8.43624928134128,18.6941261291504,8.55391840360829,0,0,0,0,0,0,0,0,0,0,0,0,0,0,0,0,0,0,0,0,0,0,0,0,0,0,0,0,6.30516364423996,0,0,0,17.6102580768306,29.0467867170061,10.6573256353849,24.5223194925409,0
20.7332450725414,0,17.7431693077087,0,0,0,0,0,24.4117221832275,0,0,0,0,0,0,0,0,0,20.115755092598,0,31.5669943491618,0,0,0,0,0,0,0,0,0,0,0,6.45354000727336,0,0,7.1545391489369,16.4195717933566,0,0,0,0,0,12.9931383734427,0,18.5219877358639,0,12.7463237339382,5.94304889048275,8.29681737821585,4.75791025161743,0,0,0,0,0,0,0,0,0,0,0,0,0,4.12275030279203,0,0,0,0,0,0,0,0,0,0,18.13987159729,3.10504237810771,0,0,13.6229000091553,9.19114313571489,0,3.4719157940463,24.0414907974109,28.4449001312256,13.2402172118227,0,0
38.011585659451,4.60342046374795,0,23.1371974945068,0,0,0,0,34.7479103088379,6.43145465020892,0,0,0,0,0,0,36.6942635197793,29.6547722498576,10.0799586522698,0,0,0,0,16.2052875518799,0,0,0,0,0,0,0,0,0,15.3417636871338,0,29.018182020921,0,11.8734790354359,26.8523529900445,10.9100786350551,0,0,12.6301191704614,6.0123762140835,0,14.3181791614548,0,13.2411923885345,22.1762169787758,10.1173037865862,0,0,0,0,44.9334297180176,5.08398300579616,0,0,0,0,0,0,4.1880354147691,0,0,0,0,0,0,0,0,0,2.74857711791992,0,0,0,0,0,11.0604774664715,0,17.2398548126221,28.1187472710243,8.21319331864564,24.1927793502808,8.07853356557583,4.98856616059256,43.0034385681152
8.65328774567573,0,0,0,0,0,0,0,9.25711651704629,0,0,0,0,0,15.4367836543492,0,16.6770244312044,25.7919683456421,11.4764638763564,0,27.9234466552734,0,20.4461822509766,0,0,0,16.229040145874,0,0,0,0,0,0,0,0,0,25.9178256988525,22.6987047195435,8.27026953460267,0,12.9931383734427,12.6301191704614,0,0,16.3286911646525,21.6682682037354,17.6099356377673,23.5976880391439,7.82102859446392,6.83230431874593,0,0,0,0,7.15479017513386,0,11.6540777597948,0,0,0,18.7545757293701,0,0,13.819736144248,0,0,0,0,0,25.3077344894409,0,0,0,7.22065913677216,0,0,0,0,0,11.2784888453086,28.5322710673014,8.76273051823411,7.77437393092046,20.7667671203613,7.77246167930627,14.1195579767227,4.89859468095443
0,0,0,0,0,0,0,0,0,0,0,0,0,0,0,0,0,0,4.96916933149638,0,0,0,0,0,0,0,0,0,0,0,0,0,0,0,0,0,0,0,0,13.8775130744394,0,6.0123762140835,0,0,0,8.91846440527767,0,0,0,0,0,0,0,0,0,0,0,0,0,0,0,0,0,0,0,0,0,0,0,0,0,0,0,0,0,0,0,0,17.95040231002,0,0,0,5.50988862043369,13.0571584701538,6.58028018932116,8.37392981052399,0
3.63135075569153,0,0,0,0,0,0,0,0,0,0,0,0,0,0,0,0,0,3.69667750597,0,0,0,0,0,0,0,0,0,0,0,0,0,0,0,0,0,0,0,0,0,18.5219877358639,0,16.3286911646525,0,0,0,12.7097397694736,0,0,0,0,0,0,0,0,0,0,0,0,0,0,0,0,24.7316002315945,0,0,0,0,0,0,0,0,0,0,0,0,0,0,0,19.7247394908558,0,0,7.2668835566594,0,5.77447404406377,0,0
0,8.60512065887451,0,5.03922259807587,0,7.01019024848938,0,0,0,0,0,4.83564128875732,0,0,0,0,0,0,12.6909142209315,4.13142609596252,0,0,0,0,0,0,0,0,0,0,0,0,0,0,0,5.65901379872367,0,0,0,9.44277645865806,0,14.3181791614548,21.6682682037354,8.91846440527767,0,0,0,24.8510818481445,0,24.1790192830758,0,0,0,0,0,0,0,0,0,0,0,0,4.02002800528596,0,0,0,0,0,0,0,0,0,0,0,0,0,0,0,12.1710713798883,0,4.98537107793296,0,13.5265289505404,18.8390981356303,6.33100062879372,20.5065629879634,0
9.3458880202411,0,6.17616971333822,0,0,0,0,0,17.8223635355632,0,0,0,0,0,0,0,0,0,12.3689038244745,0,0,0,0,0,0,0,0,0,0,0,0,0,0,0,0,0,5.68898202313317,0,0,0,12.7463237339382,0,17.6099356377673,0,12.7097397694736,0,0,0,19.4791579780504,0,0,0,0,0,0,0,0,0,0,0,0,0,0,5.09246875149335,0,0,0,0,0,0,0,0,0,0,0,0,0,0,0,8.98617974777687,0,0,12.8431818497005,19.9360610788519,7.46180515060247,0,0
24.8202959736691,0,0,0,0,0,0,0,27.1048393249512,17.5025283813477,0,0,0,0,0,0,0,0,18.9806480407715,0,0,0,0,0,0,0,0,0,0,0,0,5.73978843907527,3.59372387574903,5.27742286009271,3.45017019493087,4.60699589865548,4.09875053167343,7.10634939132198,7.22395980064505,8.43624928134128,5.94304889048275,13.2411923885345,23.5976880391439,0,0,24.8510818481445,0,0,6.44618560241765,4.45351306754967,0,0,0,0,31.9561042785645,17.0604572296143,0,0,0,0,0,0,0,0,0,0,0,0,0,0,0,0,0,0,5.59578093207456,4.68777479130627,4.28588245886344,4.27091284941282,4.86770718972069,5.28179763744245,8.29744850067896,7.5306769663551,5.10064695974232,0,14.1806369277803,15.1100631040685,0
3.80226578958397,34.7065650939941,3.33188180547012,0,0,0,0,0,11.9587936401367,31.9228514716739,0,0,0,0,4.05672425972788,0,0,0,25.2028121948242,0,26.4881388346354,0,6.49400643618458,0,4.52391192295568,0,0,0,0,0,0,8.8274291086877,4.71134832700094,11.829701523627,3.04388626416524,0,27.6087699890137,17.3800378462084,6.02342921078205,18.6941261291504,8.29681737821585,22.1762169787758,7.82102859446392,0,0,0,19.4791579780504,6.44618560241765,0,7.37379526476265,0,0,0,0,0,29.9027643203735,3.06538098733298,0,3.4891514058383,0,2.92445460144354,0,0,28.1142133985247,0,3.73834593861089,0,4.6753108624991,0,0,0,3.91788470260871,0,3.57813030028645,9.87966866134315,3.74006840160915,11.2944467067719,3.18890677798878,0,4.49523924785546,19.7600624648183,5.93842659420723,6.30511772547513,0,7.1095310339759,30.8617706298828,9.28619575500488
32.0463676452637,4.11595272837945,0,2.97520040310427,0,0,0,0,0,0,0,0,0,0,0,0,0,0,0,0,0,0,0,0,0,0,0,0,0,0,0,4.11505000655715,0,3.27917172908783,0,36.3825035095215,0,6.2064673512481,0,8.55391840360829,4.75791025161743,10.1173037865862,6.83230431874593,0,0,24.1790192830758,0,4.45351306754967,7.37379526476265,0,0,0,0,0,0,0,0,0,0,0,0,0,0,0,0,0,0,0,0,0,0,0,2.74203491210938,0,0,7.58090782165527,0,0,6.78707453700191,8.85305847167969,4.26003300487995,20.8198490142822,8.80103244206321,35.1556930541992,21.4636029589911,0,0
0,0,3.01983785629272,0,3.15200400352478,0,5.5668466091156,0,0,0,8.02577304840088,0,0,0,0,0,0,0,0,0,5.49832101404314,0,0,0,0,0,0,0,0,0,0,0,0,0,0,0,0,0,0,0,0,0,0,0,0,0,0,0,0,0,0,0,0,0,0,0,3.02500419183211,0,0,0,0,0,0,0,0,0,0,0,0,0,0,0,0,0,0,0,0,0,0,0,0,0,9.87575213511785,0,3.2646939297245,0,0
0,0,0,0,0,0,0,3.16095717748006,0,0,0,0,0,0,0,0,0,0,0,0,0,0,0,0,0,0,0,0,0,0,0,0,0,0,0,0,0,0,0,0,0,0,0,0,0,0,0,0,0,0,0,0,0,0,0,0,0,0,0,0,0,0,0,0,0,0,0,0,0,0,0,0,0,0,0,0,0,0,0,0,0,0,3.20288560125563,0,0,0,0
0,0,0,0,0,0,3.20117650429408,0,0,0,4.32230036398944,0,0,0,0,0,0,0,0,0,6.16911988457044,0,0,0,0,0,0,0,0,0,0,0,0,0,0,0,13.3617324829102,0,0,0,0,0,0,0,0,0,0,0,0,0,0,0,0,0,0,0,2.95596313476562,0,0,0,0,0,0,10.3660418646676,0,0,0,0,0,0,0,0,0,0,0,0,0,0,0,11.7893686294556,0,0,5.98045556545258,0,16.7386798858643,0,0
0,0,0,0,0,0,0,3.15608203411102,0,0,0,0,0,0,0,0,0,0,0,0,0,0,0,0,0,0,0,0,0,0,0,0,0,0,0,0,0,0,0,0,0,0,0,0,0,0,0,0,0,0,0,0,0,0,0,0,0,3.16172711054484,0,0,0,0,0,0,0,0,0,0,0,0,0,0,0,0,0,0,0,0,0,0,0,0,3.08480648199717,0,0,0,0
5.2308716524479,0,0,0,0,0,0,0,8.15932528008806,0,0,0,0,0,6.89635057951275,0,14.363698378164,0,24.4725640160697,0,0,0,0,0,0,0,0,0,0,0,0,0,0,0,0,0,0,0,11.7862721173957,0,0,44.9334297180176,7.15479017513386,0,0,0,0,31.9561042785645,0,0,0,0,0,0,0,0,26.3500318527222,0,4.63466215133667,0,5.00366005301476,0,0,0,0,0,0,0,0,0,0,0,0,0,0,0,0,0,0,0,0,13.1485246760505,7.9315680970086,18.1682951233604,19.2306999206543,0,13.539580292645
42.5843124389648,4.59545896596248,0,0,0,0,0,0,0,4.51800878669905,0,0,0,0,0,0,0,3.80563391447067,0,0,0,0,0,0,0,0,0,0,0,0,0,0,0,0,0,0,0,14.5391923586528,0,0,0,5.08398300579616,0,0,0,0,0,17.0604572296143,29.9027643203735,0,0,0,0,0,0,0,0,0,0,0,0,0,0,0,0,0,0,0,0,0,0,0,0,0,0,0,0,0,0,0,0,30.1599674224854,4.91768279657677,0,7.32831124882949,0,0
17.1436400647257,0,0,0,0,0,0,0,22.1502079734435,0,3.10835638145606,0,0,0,4.38753865466398,0,32.483515058245,0,22.8447791099548,0,3.71207949859461,0,0,0,0,0,0,0,0,0,0,0,0,0,0,0,4.1820406516393,0,4.65307955501572,0,0,0,11.6540777597948,0,0,0,0,0,3.06538098733298,0,3.02500419183211,0,2.95596313476562,0,26.3500318527222,0,0,0,3.2700013336928,0,4.21586502848805,0,0,3.76173381644619,0,0,0,0,0,0,0,2.90719468593597,0,0,0,0,0,0,0,0,0,6.1233234476335,11.0815781177818,3.41871535967267,6.62482078612596,0,12.9273853756133
0,0,0,0,0,0,0,2.99130249023438,0,0,0,3.47902798134689,0,3.77501002006982,0,0,0,0,19.1003913879395,0,0,0,0,0,0,0,0,4.02829968929291,0,3.03738129138947,0,0,0,0,0,0,0,0,0,0,0,0,0,0,0,0,0,0,0,0,0,0,0,3.16172711054484,0,0,0,0,0,8.9290806485298,0,0,0,0,0,0,0,0,0,0,8.25327236311776,0,2.98205710252126,0,0,0,0,0,0,0,3.03578984737396,0,3.9231798374251,0,7.54005901018779,0,0
4.40086325804393,0,0,0,0,0,0,0,0,0,0,0,3.16262340907809,0,3.17681653499603,0,0,0,0,0,0,0,0,0,0,0,0,0,0,0,0,0,0,0,0,0,0,0,0,0,0,0,0,0,0,0,0,0,3.4891514058383,0,0,0,0,0,4.63466215133667,0,3.2700013336928,0,0,0,4.05185895164808,0,0,0,0,0,0,0,0,0,0,0,0,0,0,0,0,0,0,0,0,0,3.245859186853,3.25466630327592,2.94199597835541,0,0
0,0,0,0,0,0,0,0,0,0,0,6.33124053955078,0,3.55588901432126,0,3.17581877708435,0,0,0,0,0,0,0,0,0,0,0,3.04088918368022,0,0,0,0,0,0,0,0,0,0,0,0,0,0,0,0,0,0,0,0,0,0,0,0,0,0,0,0,0,8.9290806485298,0,0,0,0,0,0,0,0,0,0,0,0,0,0,0,0,0,0,0,0,0,0,0,0,3.79736740736314,3.93568283319473,0,0,0
4.61267008794391,0,0,0,0,0,0,0,6.87584791580836,0,0,0,0,0,4.12576957650335,0,4.18063999026009,0,0,0,0,0,0,0,0,0,3.73369459672408,0,3.17890012908626,0,0,0,0,0,0,0,0,0,0,0,0,0,18.7545757293701,0,0,0,0,0,2.92445460144354,0,0,0,0,0,5.00366005301476,0,4.21586502848805,0,4.05185895164808,0,0,0,0,0,0,0,0,0,0,0,0,0,0,0,0,0,0,0,0,0,0,0,3.65257447708153,3.13887423150083,20.6194667816162,0,12.1845378875732
0,4.6975691733153,0,0,0,0,0,0,0,0,0,0,0,0,0,3.15076647389118,0,3.22305679321289,0,0,0,0,0,0,0,0,0,0,0,0,0,0,0,0,0,0,0,0,0,0,0,0,0,0,0,0,0,0,0,0,0,0,0,0,0,0,0,0,0,0,0,0,0,0,0,0,0,0,0,0,0,0,0,0,0,0,0,0,0,0,0,0,3.11730742454529,3.22521668238781,0,0,0
0,0,0,0,0,6.65165290342729,0,0,0,0,0,3.51566933498048,0,0,0,0,0,0,0,3.73656155852665,0,0,0,0,0,0,0,0,0,0,0,0,0,0,0,4.02364334161731,0,0,0,0,0,4.1880354147691,0,0,0,4.02002800528596,0,0,0,0,0,0,0,0,0,0,0,0,0,0,0,0,0,0,0,0,0,0,0,0,0,0,3.16019678115845,0,0,0,0,0,4.54573149998842,0,2.9389804049236,0,8.81416309953301,0,4.00489371318322,5.43384994779314,0
17.0047814986285,0,20.845356464386,0,5.48400449752808,0,10.4349405571266,0,20.1323113441467,0,0,0,0,0,21.9053268432617,0,0,0,24.8697358644926,0,5.10300085249912,0,0,0,0,0,0,0,0,0,0,0,0,0,0,0,3.6028761451061,0,3.25851655006409,0,4.12275030279203,0,13.819736144248,0,24.7316002315945,0,5.09246875149335,0,28.1142133985247,0,0,0,10.3660418646676,0,0,0,3.76173381644619,0,0,0,0,0,0,0,0,0,0,0,0,0,0,0,0,0,0,0,0,0,0,3.81661690643587,0,5.45598239165086,8.45419245070599,0,6.68242597089815,0,10.6416730880737
0,0,0,0,0,0,0,0,0,0,0,0,0,0,0,0,0,0,0,0,0,3.93751074638786,3.96082453498899,3.04266881942749,0,0,0,0,0,0,0,0,0,0,0,0,0,3.86690055290399,0,0,0,0,0,0,0,0,0,0,0,0,0,0,0,0,0,0,0,0,0,0,0,0,0,0,0,5.47538256005153,3.57115942781622,0,0,0,3.14620733261108,0,0,0,0,0,0,0,0,0,4.50368648577648,0,3.90767003025561,0,0,0,0
0,0,0,0,0,0,0,0,0,0,0,0,0,0,0,0,0,0,0,0,0,4.55831546491332,3.50488749584721,0,7.62073445724229,0,0,0,0,0,0,0,0,0,0,0,0,0,8.57391681242241,0,0,0,0,0,0,0,0,0,3.73834593861089,0,0,0,0,0,0,0,0,0,0,0,0,0,0,0,5.47538256005153,0,0,5.05416653387008,0,0,0,0,0,0,0,0,0,0,0,0,0,7.5361301830276,5.87368949529933,4.1347239914738,0,0,0
0,0,0,0,0,0,0,0,0,0,0,0,0,0,0,0,0,0,0,0,0,4.01012248292156,0,3.36783653883625,0,0,0,0,0,0,0,0,0,0,0,0,0,4.80526156687323,0,0,0,0,0,0,0,0,0,0,0,0,0,0,0,0,0,0,0,0,0,0,0,0,0,0,3.57115942781622,0,0,0,0,0,0,0,0,0,0,0,0,0,0,0,5.21976945981258,0,4.11412113524167,0,0,0,0
0,0,0,0,0,0,0,0,0,0,0,0,0,0,0,0,11.522091456822,0,0,0,0,0,4.94992335836545,0,3.04171299624753,0,0,0,0,0,0,0,0,0,0,0,0,0,4.17388388454276,0,0,0,0,0,0,0,0,0,4.6753108624991,0,0,0,0,0,0,0,0,0,0,0,0,0,0,0,0,5.05416653387008,0,0,0,14.9052076339722,0,0,0,0,0,0,0,0,0,0,0,5.50221264798467,6.53122141082292,8.64088800430298,0,0,0
0,0,0,0,0,0,0,0,0,0,0,0,0,0,0,0,0,0,0,0,0,0,0,0,0,0,0,0,0,0,0,0,0,0,0,0,0,0,0,0,0,0,0,0,0,0,0,0,0,0,0,0,0,0,0,0,0,0,0,0,0,0,0,0,0,0,0,0,0,0,0,0,0,0,0,0,0,0,0,0,0,0,0,0,0,0,0
0,0,0,0,0,0,0,0,26.9908351898193,0,0,0,0,0,6.71883869171143,0,4.75211033785254,0,0,0,0,0,13.6830205917358,0,13.6707773208618,0,2.9820951067883,0,3.28935614724954,0,0,0,0,0,0,0,0,0,0,0,0,0,25.3077344894409,0,0,0,0,0,0,0,0,0,0,0,0,0,0,0,0,0,0,0,0,0,0,0,0,14.9052076339722,0,0,0,0,0,0,0,0,0,0,0,0,0,0,3.98804914086399,28.2388305664062,30.9986457824707,0,23.21351146698
0,0,0,0,0,0,0,0,0,0,0,3.66652947113294,0,3.02433305476085,0,0,0,0,0,0,0,0,0,0,0,0,0,3.15322643066898,0,0,0,0,0,0,0,0,0,0,0,0,0,0,0,0,0,0,0,0,0,0,0,0,0,0,0,0,0,8.25327236311776,0,0,0,0,0,0,3.14620733261108,0,0,0,0,0,0,0,0,0,0,0,0,0,0,0,0,0,3.32207042372166,0,0,0,0
4.41650915145874,0,0,0,0,0,0,0,0,0,0,0,0,0,0,0,4.2672243679271,0,0,0,0,0,0,0,0,0,2.97838866710663,0,3.13957492640761,0,4.52652215957642,0,0,0,0,0,0,0,0,0,0,0,0,0,0,0,0,0,3.91788470260871,0,0,0,0,0,0,0,2.90719468593597,0,0,0,0,0,0,0,0,0,0,0,0,0,0,0,0,3.07077634334564,0,0,0,0,0,0,0,4.3432046298323,3.68604862617283,3.85919683419975,0,0,0
0,0,0,0,0,0,0,0,0,0,0,3.19438349116932,0,0,0,0,0,0,0,2.94712470769882,0,0,0,0,0,0,0,0,0,3.08967020988464,0,0,0,0,0,0,0,3.27046740055084,0,0,0,2.74857711791992,0,0,0,0,0,0,0,2.74203491210938,0,0,0,0,0,0,0,2.98205710252126,0,0,0,0,3.16019678115845,0,0,0,0,0,0,0,0,0,0,0,0,0,0,0,0,0,3.73956813812256,0,21.5471382141113,0,3.44989576900707,0,0
0,0,0,0,0,0,0,0,0,0,0,0,0,0,0,0,0,0,0,0,0,0,0,0,0,0,0,0,5.1940804977043,0,3.69542926050002,0,0,0,0,0,0,0,4.6693812046051,0,0,0,7.22065913677216,0,0,0,0,0,3.57813030028645,0,0,0,0,0,0,0,0,0,0,0,0,0,0,0,0,0,0,0,0,0,0,3.07077634334564,0,0,0,0,0,0,0,0,0,4.84465265080212,3.79162238263862,3.75360412102241,3.37033285238804,0,0
0,0,0,0,0,0,0,0,0,0,0,0,0,0,0,0,0,0,0,0,0,0,0,0,0,0,0,0,0,0,0,3.49559421997922,5.33765472549765,0,11.3879585266113,4.62540499369303,0,0,0,0,18.13987159729,0,0,0,0,0,0,5.59578093207456,9.87966866134315,0,0,0,0,0,0,0,0,0,0,0,0,0,0,0,0,0,0,0,0,0,0,0,0,0,0,8.8355922014625,0,9.08981766019549,2.79043833414714,12.1978163957596,0,0,0,0,0,0,0
0,0,0,0,0,0,0,0,0,0,0,0,0,0,0,0,0,0,0,0,0,0,0,0,0,0,0,0,0,0,0,4.85451702038496,3.60006205143667,0,3.65618570034321,4.61818838119507,2.96447234749794,0,0,0,3.10504237810771,0,0,0,0,0,0,4.68777479130627,3.74006840160915,7.58090782165527,0,0,0,0,0,0,0,0,0,0,0,0,0,0,0,0,0,0,0,0,0,0,0,0,8.8355922014625,0,0,5.07466572422092,0,3.15117143982294,0,0,3.06178595125675,0,0,0,0
0,0,0,0,0,0,0,0,0,0,0,0,0,0,0,0,0,0,0,0,0,0,0,0,0,0,0,0,0,0,0,0,0,2.9073358685223,9.04612563956868,0,0,0,0,0,0,0,0,0,0,0,0,4.28588245886344,11.2944467067719,0,0,0,0,0,0,0,0,0,0,0,0,0,0,0,0,0,0,0,0,0,0,0,0,0,0,0,0,8.54295353094737,0,0,0,16.3719596862793,8.09707927703857,0,0,0,0
0,0,0,0,0,0,0,0,0,0,0,0,0,0,0,0,0,0,0,0,0,0,0,0,0,0,0,0,0,0,0,5.64928390763023,3.53319676510275,4.27029275430285,3.47355790932973,0,0,0,3.48626101016998,0,0,0,0,0,0,0,0,4.27091284941282,3.18890677798878,0,0,0,0,0,0,0,0,0,0,0,0,0,0,0,0,0,0,0,0,0,0,0,0,0,9.08981766019549,5.07466572422092,8.54295353094737,0,0,0,0,0,3.73028088337372,0,0,0,0
0,0,0,0,0,0,0,0,0,0,0,0,0,0,0,0,0,0,22.0374414020114,3.96451876538218,0,0,0,0,0,0,0,0,0,0,0,4.12528603792191,7.60822653089251,0,0,3.50387786555267,7.75012497901916,3.74378884020463,0,6.30516364423996,13.6229000091553,11.0604774664715,0,17.95040231002,0,12.1710713798883,0,4.86770718972069,0,6.78707453700191,0,0,0,0,0,0,0,0,0,0,0,0,4.54573149998842,0,0,0,0,0,0,0,0,0,0,0,2.79043833414714,0,0,0,0,0,4.48066198214507,0,4.18507510483359,5.11353795816924,6.44676472305676,6.24511036872864,0
21.7317762276561,0,19.6754527568817,0,0,0,12.5738416910172,0,0,0,0,0,0,0,0,0,0,0,20.5769080242128,0,3.69859442321227,0,0,0,0,0,0,0,0,0,0,4.77749604789674,3.33692269931118,3.02531090203454,3.19238115951933,3.74375559467139,3.57447577858997,0,3.61232393458142,0,9.19114313571489,0,11.2784888453086,0,19.7247394908558,0,8.98617974777687,5.28179763744245,4.49523924785546,8.85305847167969,0,0,11.7893686294556,0,0,0,0,0,0,0,0,0,0,3.81661690643587,0,0,0,0,0,0,0,0,0,0,12.1978163957596,3.15117143982294,0,0,0,0,0,3.94656078107351,4.00959326025379,6.15649440900471,10.1685313090391,0,0
31.080418066545,0,0,0,0,0,0,0,0,22.2674126625061,0,3.4179439879111,0,0,0,0,0,0,0,3.45506993361882,0,4.22495857042235,0,3.57617608741556,0,0,0,0,0,3.74514058841416,0,0,0,10.4246711169972,0,3.50598551698787,0,3.45695344987447,17.8812137764191,0,0,17.2398548126221,28.5322710673014,0,0,4.98537107793296,0,8.29744850067896,19.7600624648183,4.26003300487995,0,0,0,0,0,0,0,3.03578984737396,0,0,0,0,2.9389804049236,0,4.50368648577648,0,5.21976945981258,0,0,0,0,0,3.73956813812256,0,0,0,0,0,4.48066198214507,0,0,19.497843642916,6.81035157557208,0,9.47992651352937,17.7035036087036,0
12.7879179053836,40.2349166870117,0,0,0,0,0,0,13.3328518072764,32.2462381362915,4.47898429443855,0,0,0,0,0,0,0,0,0,4.41016065743234,10.5394735336304,4.04412061427713,0,4.36823555064584,0,0,0,0,0,5.25617363893793,0,0,4.91320480281629,3.46983575335117,3.14278071014969,3.84358617091576,5.98134270053993,3.67279900495617,0,3.4719157940463,28.1187472710243,8.76273051823411,0,0,0,0,7.5306769663551,5.93842659420723,20.8198490142822,0,0,0,0,13.1485246760505,30.1599674224854,6.1233234476335,0,0,0,0,0,0,5.45598239165086,0,7.5361301830276,0,5.50221264798467,0,0,0,4.3432046298323,0,4.84465265080212,0,0,16.3719596862793,0,0,3.94656078107351,19.497843642916,0,3.67463432791654,3.76392748880319,9.19838974849287,29.1274576187134,0
9.48375701622673,5.29373922622586,5.44847354066783,4.99510283591384,8.38967160540303,2.82952913485075,4.10503134628822,2.95281060536702,6.05487331833158,8.4703651314432,2.92302334308624,3.14325974204323,3.4196537733078,4.00005459785461,4.7696735928585,3.08811427652836,8.86290972399086,6.91233372835595,6.92054295831098,4.36806474445022,5.31744199127986,4.82401332716912,6.37527501132434,4.34982737660861,7.17221344972995,8.97326275507609,3.93812109800902,0,4.45351353987352,2.84467196464539,3.43674802183553,2.91052005507729,2.78980737030506,7.32929910184965,4.40144342929125,5.66844919849421,4.5400442932392,7.44857161464151,3.84097926428639,17.6102580768306,24.0414907974109,8.21319331864564,7.77437393092046,5.50988862043369,7.2668835566594,13.5265289505404,12.8431818497005,5.10064695974232,6.30511772547513,8.80103244206321,9.87575213511785,3.20288560125563,5.98045556545258,3.08480648199717,7.9315680970086,4.91768279657677,11.0815781177818,3.9231798374251,3.245859186853,3.79736740736314,3.65257447708153,3.11730742454529,8.81416309953301,8.45419245070599,3.90767003025561,5.87368949529933,4.11412113524167,6.53122141082292,0,3.98804914086399,3.32207042372166,3.68604862617283,21.5471382141113,3.79162238263862,0,3.06178595125675,8.09707927703857,3.73028088337372,4.18507510483359,4.00959326025379,6.81035157557208,3.67463432791654,0,6.0201541077211,7.62926625072395,14.5340137126598,12.4350511627908
11.2314734061559,14.8165651957194,6.33761970202128,13.9120621681213,0,2.95006227493286,5.15983230417425,0,6.40882461267219,3.74437689781189,3.01616632277377,0,3.20958444421444,2.96972581318447,3.15006306436327,3.14867444038391,18.3141578492664,5.81226020110281,5.8646082574671,0,0,8.47062699993451,6.25435316720025,11.7353274822235,5.75548791885376,0,0,0,3.08515532012273,0,3.87041311361352,0,0,9.48470592498779,0,5.01159217058309,4.59186171070974,3.27063323150982,3.36907298461077,29.0467867170061,28.4449001312256,24.1927793502808,20.7667671203613,13.0571584701538,0,18.8390981356303,19.9360610788519,0,0,35.1556930541992,0,0,0,0,18.1682951233604,0,3.41871535967267,0,3.25466630327592,3.93568283319473,3.13887423150083,3.22521668238781,0,0,0,4.1347239914738,0,8.64088800430298,0,28.2388305664062,0,3.85919683419975,0,3.75360412102241,0,0,0,0,5.11353795816924,6.15649440900471,0,3.76392748880319,6.0201541077211,0,9.76752177874247,24.7973585128784,15.6629199114713
6.28742180994559,4.32163082877991,3.29283403037176,4.09299826385951,3.5624506000448,3.21575940411265,15.6765112195696,0,11.6176488662189,9.04690459885116,0,7.02538766860962,0,0,18.8499006342005,0,19.1472959597905,29.1075117425485,9.11806038919788,5.18864620920947,4.85976173400879,0,29.5230846405029,22.5112924575806,0,0,0,0,0,0,0,0,0,20.2360654718736,0,5.93656378380721,5.3109152194477,16.2425251673503,10.7145250068117,10.6573256353849,13.2402172118227,8.07853356557583,7.77246167930627,6.58028018932116,5.77447404406377,6.33100062879372,7.46180515060247,14.1806369277803,7.1095310339759,21.4636029589911,3.2646939297245,0,16.7386798858643,0,19.2306999206543,7.32831124882949,6.62482078612596,7.54005901018779,2.94199597835541,0,20.6194667816162,0,4.00489371318322,6.68242597089815,0,0,0,0,0,30.9986457824707,0,0,3.44989576900707,3.37033285238804,0,0,0,0,6.44676472305676,10.1685313090391,9.47992651352937,9.19838974849287,7.62926625072395,9.76752177874247,0,7.08713210832693,6.06368912664872
38.3159713745117,4.69460782499024,0,0,0,0,0,0,38.7393989562988,25.6945323944092,0,0,0,0,0,0,37.5432394201105,29.8013112280104,10.1744369774396,0,0,0,0,16.2092227935791,0,0,0,0,0,0,0,0,0,15.5577782850999,0,23.183048248291,0,13.7145852352443,27.8787550245013,24.5223194925409,0,4.98856616059256,14.1195579767227,8.37392981052399,0,20.5065629879634,0,15.1100631040685,30.8617706298828,0,0,0,0,0,0,0,0,0,0,0,0,0,5.43384994779314,0,0,0,0,0,0,0,0,0,0,0,0,0,0,0,6.24511036872864,0,17.7035036087036,29.1274576187134,14.5340137126598,24.7973585128784,7.08713210832693,0,0
11.5622922502538,0,0,0,0,0,0,0,9.44707201032336,0,0,0,0,0,13.8806943893433,0,15.6217826243809,25.5604111931541,22.9032890113754,0,0,0,0,0,0,0,14.9421453475952,0,0,0,0,0,0,0,0,0,0,0,0,0,0,43.0034385681152,4.89859468095443,0,0,0,0,0,9.28619575500488,0,0,0,0,0,13.539580292645,0,12.9273853756133,0,0,0,12.1845378875732,0,0,10.6416730880737,0,0,0,0,0,23.21351146698,0,0,0,0,0,0,0,0,0,0,0,0,12.4350511627908,15.6629199114713,6.06368912664872,0,0
