0,0,0.00309303725811949,0,0,0,0,0,0.0646256167514078,0,0,0,0,0,0.00224798604300547,0,4.4938806666369e-05,5.00963210224308e-05,0.00163793584003004,0,0.000222217828817071,0,0,3.37039512027324e-05,0.00968550072448162,0,0,0,0,0,0,0,0,0,0,0,5.80719046014285e-05,0,0.00104317792133362,0,0.000646154385333257,0.000107945651130481,0.00323141952225269,0,0,0,0.000670088580504884,0,0.00984596601623178,0,0,0,0,0,0.0206983125419004,0,0.000290761539119889,0,2.58907742355062e-05,0,0.0236128648804099,0,0,0.000493615761228095,0,0,0,0.0113966269811205,0,0.00103438295085474,0,0.00266480521778222,0,0.00121542230400961,0,0,0,0,0,0.000139546671227413,2.21887545985645e-06,0.000418671695424757,0.0004054328931237,0,0.0157671684746327,0,4.73358793365891e-05
0,0,0,0.00646508717936469,0,0,0,0,0,0.0449650662505941,0,6.75971539891722e-05,0,0,0,0,3.72960282091217e-05,0.000717428003292808,0.0111542365114185,0.000113429220002987,0,0,0,0,0,0,0,0,0,0,0,0,0,0,0,4.2440672086893e-05,0,4.02753284345896e-05,0,0.00283063903091568,0,0.0346196294580732,2.48597648684302e-05,2.1749574680107e-05,0,0.00562764456907575,0.000143702862618923,0,2.62381658880859e-05,0.00291043074749876,0,4.56992537394273e-05,0,0,0,0.0393442982896913,0,0.00370170167998531,0,0.00075576557807661,0,0.00326064416639733,0.000236913749625121,0,0,0,0.000202089162473664,0,0,0,1.57298833310322e-05,0,0.00389270640153239,0,0,0,0,0,0.000258003697699113,2.88569604721808e-05,0.000808408264841669,0,0.00127637015345212,0,0.00603443070670487,0.000822190672578839,0
0.00309303725811949,0,0,0.000163661540215813,0.0107784355867081,0,0,0,0.012107631281949,0,0,0,0,0,0.00280016883511322,0,0,0,1.83379259151364e-05,0,0,0,0,0,0.000174794710062946,0,0,0,0,0,0,0,0,0,0,0,2.88482653792801e-06,0,6.04977924986212e-05,0.000253014683207353,0.000429286144873511,0,0.00546184272518132,0,0,0,0.000652988108328789,0,0.00791383802684736,0.000367062593325661,0.00983143717555361,0,0,0,0.00127419566191868,0,0.0140241127214544,0,0.000886535559153078,0,0.00444225323912066,0,0,0.00017393937179931,0,0,0,0.000442231744165566,0,0.000100349724383953,0,0.000165640114922877,0,0.000197361610070995,0,0,0,0,1.16589405222014e-05,0.000350158364564207,0,5.73646400023851e-05,0.000235755773117653,3.24120145479936e-05,0.0145154548856619,0,0
0,0.00646508717936469,0.000163661540215813,0,0,0.0163392714486799,0,0,0,0.0755672133887935,0,2.30677488418062e-05,0,0,0,0,1.91735405595205e-05,0,0.000949592632270912,0.000179789414140252,0,0,0,0,0,0,0,0,0,0,0,0,0,0,0,0.000152773883474692,0,7.8774099307648e-05,0,0.005808671310959,0,0.0119263249245464,7.96117254226315e-05,0.000774902761059007,0,0.00260505244935074,0,0,0,0.0183365055836774,0,0.0518192403180597,0,0,0,0.109505879223646,0,0.0104210829194044,0,0.00687855947100235,0,0.0625495228490784,0.00101244968574371,0,0,0,0,0,0,0,1.09140735546419e-05,0,0.0115054975360967,0,0,0,0,0,0.000983682345732067,4.75028566786302e-05,0.000513568945688853,0,0.00133583330089993,0,0.0155074420501289,0.000935760487842413,0
0,0,0.0107784355867081,0,0,0,0.00048140570288524,0,0,0,0,0,0,0,0.000116786758566379,0,0,0,0,0,0,0,0,0,0,0,0,0,0,0,0,0,0,0,0,0,5.03097336644401e-05,0,0,0,0,0,0.00245561722000456,0,0,0,0.000126387649439489,0,0.000893965050988778,0,0.000481997970725494,0,0.00229663332012638,0,0,0,0.000656538810073325,0,0,0,0.000662873819318207,0,0,3.54248699021864e-05,0,0,0,0,0,0,0,0,0,0,0,0,0,0,0,5.12535678118175e-05,0,0,0.000444833013928932,1.23265099827068e-05,0.000991240334483293,0,0
0,0,0,0.0163392714486799,0,0,0,0,0,0.00910906906311061,0,0,0,0.00261880439527507,0,0.00619853460314973,0,0,0.000101878932638117,0.00702699006500727,0,0,0,0,0,0,0,0,0,0,0,0,0,0,0,0.0039019374339514,0,0,0,0.0005824859314902,0,0.0016160600924997,4.28792568759605e-05,0,0,0.000103287202735742,0,0,0,0.000732087410428212,0,0.0327384161088327,0,0.00271438840298547,0,5.82553705804848e-05,0,0.000434651271454202,0,0.000212101497664365,0,0.00494036830286759,0.00130741169387698,0,0,0,0,0,0,0,1.11682133012669e-05,0,0.00020071342713822,0,0,0,0,0,0.000986514673391335,0,0,0,0.00437432072223056,0.00205891479948405,0.00510276215833372,0,0
0,0,0,0,0.00048140570288524,0,0,0,0,0,0,0,0.00148999950221637,0,0,0,0,0,0,0,0,0,0,0,0,0,0,0,0,0,0,0,0,0,0,0,0.000235144021226818,0,0,0,0,0,0,0,0,0,0,0,0,0,0,0,0.00734288760005747,0,0,0,0,0,0.00465873332052758,0,0,0,0,0,0,0,0,0,0,0,0,0,0,0,0,0,0,0,0,0,0,0,1.20172772772277e-05,0,0,0,0
0,0,0,0,0,0,0,0,0,0,0,0,0,0.000218963572987262,0,0,0,0,0,0,0,0,0,0,0,0,0,0,0,0,0,0,0,0,0,1.96228805094106e-05,0,0,0,0,0,0,0,0,0,0,0,0,0,0,0,0,0,0.000798169124873856,0,0,0,0,0,0,0,0,0,0,0,0,0,0,0,0,0,0,0,0,0,0,0,0,0,0,0,0,0.0005987094157351,0.000742383767566034,0,0,0
0.0646256167514078,0,0.012107631281949,0,0,0,0,0,0,0,0,0,0,0,0.0110095717758794,0,0.00232227337645175,1.51449913676526e-05,0.00202468154356398,0,1.96369140601113e-05,0,0,0,0.00488821991513649,0,0.000107503765320871,0,0,0,0,0,0,0,0,0,3.23367984132213e-05,0,0.000912250382842031,0,0.00114973648740613,5.93222255036238e-05,0.0078626115841049,0,0,0,0.000588013339248371,0,0.0204274415828486,2.12126282675262e-05,0,0,0,0,0.0386663998749581,0,0.00142942118379066,0,0.000179352646082554,0,0.0495659882322929,0,0,0.000531645665422418,0,0,0,0.00700185316529169,0,0.00161610826490893,0,0.00312461960006069,0,0.00226705277032097,0,0,0,0,0,0.000173342400107879,0,0.00146986268469851,0.00187507384483238,1.88101431551315e-06,0.00768759965877111,0,0.000706003014634813
0,0.0449650662505941,0,0.0755672133887935,0,0.00910906906311061,0,0,0,0,0,0,0,0,0,0.0316971911607545,0,8.71288148615069e-05,0.000137236038688519,0,0,0,0,0.00918596944934124,0,0.000161859179888855,0,0,0,0,0,0,0,0,0,2.06917902377676e-06,0,7.8794512832337e-05,2.87277787451836e-06,0.000712896028620824,0,0.00260663024878259,8.83857698915117e-06,0,0,7.23844738993077e-05,0,0,0,0.00519687945665745,0,0.000600931260989752,0,0,0,0.0910452917623616,0,0.00211109761484149,0,8.99027502828526e-05,0,0.00405496841566931,7.5297334449915e-05,0,0,0,0.0304796255625342,0,0.000532236906089965,0,0,0,0.000837835420922886,0,0,0,0,0,1.22705876679315e-05,9.30972258649269e-06,0.000285270011185755,0,0.00194957003134314,2.99944716200483e-05,0.00242411247679941,0,0
0,0,0,0,0,0,0,0,0,0,0,0,0.0137777143941541,0,0,0,0,0,0,0,0.00412615546861559,0,0,0,0,0,0,0,0.000253153705782638,0,0.0036470405477613,0,0,0,0,0,0.00152713562323758,0,0.00409249167610806,0,0,0,0,0,0,0,0,0,0.000139410878247075,0,0,0,0,0,0,0,0.0584145552752988,0,0.00419412934757767,0,0,0,0,4.57528230224693e-05,0,0,0,0,0,0,0,0.000827000205853815,0,0.0089838121447065,0,0,0,0,0,8.65546693687884e-05,0,0.00020371577623016,0.000460780795283607,0,0.000760759938780609,0,0
0,6.75971539891722e-05,0,2.30677488418062e-05,0,0,0,0,0,0,0,0,0,0.0121766754895495,0,0,0,0,0,0.00805488609820277,0,0,0,0,0,0,0,0,0,0.00564308465520437,0,0,0,0,0,0.000841743884869275,0,0.00192865182700759,0,7.97007148322945e-05,0,5.52685511762905e-05,0,0,0,0.000396387307073287,0,0,0,0,0,0,0,0,0,0,0,0.118376763375321,0,0.00947898978394381,0,0,0.00581030618578329,0,0,0,0,0,0,0,0,0,0.00662221160063382,0,0,0,0,0,9.32439633422001e-05,0,1.33985016257832e-05,0,0.00164495693874059,0,0.00101461827363264,0,0
0,0,0,0,0,0,0.00148999950221637,0,0,0,0.0137777143941541,0,0,0,0.0122018355147051,0,0,0,0,0,0,0,0,0,0,0,0,0,0.00133045420084393,0,0,0,0,0,0,0,0,0,0,0,0,0,0,0,0,0,0,0,0,0,0,0,0.00775715975381197,0,0,0,0.00823657720701629,0,0.0180768528471706,0,0.000635316420643048,0,0,0,0,0,0,0,0,0,0,0.00236678792590033,0,0.000810697022141579,0,0,0,0,0,0,0,0,0.000196734616199938,0,8.29972473338173e-05,0,0
0,0,0,0,0,0.00261880439527507,0,0.000218963572987262,0,0,0,0.0121766754895495,0,0,0,0.00890715234911774,0,0,0,0,0,0,0,0,0,0,0,0,0,0,0,0,0,0,0,0,0,0,0,0,0,0,0,0,0,0,0,0,0,0,0,0,0,0,0,0,0,0.00405496215483954,0,0.0141211830946037,0,0,0,0,0,0,0,0,0,0,0,0,0,0,0,0,0,0,0,0,0,0,0.000735880769780071,0,0,0,0
0.00224798604300547,0,0.00280016883511322,0,0.000116786758566379,0,0,0,0.0110095717758794,0,0,0,0.0122018355147051,0,0,0,0.000109738364699297,0,8.02575387043982e-05,0,8.9969599055259e-05,0,0,0,0.00267135418421328,0,0,0,0,0,0,0,0,0,0,0,3.58936552700875e-06,0,0.000326975777071943,0,0.000312399761851189,7.99318224995236e-06,0.00336224840351336,0,0,0,0.000538153986260603,0,0.00528816868699477,0,0,0,0,0,0.00239215680215899,0,0.0015316050221487,0,0.00202318067824405,0,0.0685666818838797,0,0,5.51715180964717e-05,0,0,0,0.00233349855487014,0,0.00152174041063036,0,0.00107406599778576,0,0.000377745952844262,0,0,0,0,0,6.63356309082946e-05,0,5.84943124325387e-05,0.000306362988710338,0,0.00487213984773969,0,0
0,0,0,0,0,0.00619853460314973,0,0,0,0.0316971911607545,0,0,0,0.00890715234911774,0,0,0,0,0,0,0,0,0,0.00283514463005261,0,0.0021894452521467,0,0,0,0,0,0,0,0,0,0,0,0,0,0,0,0,0,0,0,0,0,0,0,0.000126691570373552,0,0.00892612623818619,0,0,0,0.00621806835026649,0,0,0,0.0014088764642122,0,0.00682182809247388,0,0,0,0,0,0,0.0114862575931783,0,0,0,0,0,0,0,0,0,0,0,0,0,0.000118217785924968,0,0,0,0
4.4938806666369e-05,3.72960282091217e-05,0,1.91735405595205e-05,0,0,0,0,0.00232227337645175,0,0,0,0,0,0.000109738364699297,0,0,0.125556025501616,0.0553513035279924,1.35651472168944e-05,4.0378854602935e-06,0,3.19884602608891e-05,0,0,8.68345631876912e-05,0.00102288064999887,0,0,0,0,0,0,0,0,3.51032322700494e-05,4.91120283463525e-05,3.14435647448359e-05,6.74157632977597e-06,0.00133606933002829,0.00105647348266792,0.000238650952038406,0.000494311144427568,9.5313965340308e-05,0,0.000905113176925355,0.00103416877930214,0,0.000154814638179136,0,0,0,0,0,9.4238677623786e-06,0,0,4.22360663567315e-05,0,0,2.41691676221181e-06,0,6.32823671125217e-06,0.000450688135968657,0,0,0,0,0,0.000177690908458317,0,0,3.27170359698539e-05,6.98803877114029e-05,0,0,0,0,0.000275551501833795,0.000543588687262899,0.000340989578344952,0.000239035400920302,0.0435362928327333,0.0371102073495166,0.00129211837473108,9.15396172918339e-05,0.000535364274424701
5.00963210224308e-05,0.000717428003292808,0,0,0,0,0,0,1.51449913676526e-05,8.71288148615069e-05,0,0,0,0,0,0,0.125556025501616,0,0.0572732893620529,0,0,0,0,7.92550436725804e-05,0,0.00991664992396907,0,0.000512885100235415,0,0,0,0,0,0,0,3.80787784803145e-05,1.90058835072334e-05,2.20619756719805e-05,8.76316699339142e-06,0.00212342982723255,0.000603966537396599,0.000794797694716293,0.000322287258662351,2.0676160207414e-05,0,0.00174916695255575,0.000523331110736098,0,6.59414903859657e-05,1.92528399856442e-05,0,8.56683824622395e-06,0,0,6.86566169225545e-06,0,0,0.000255732174041822,0,1.10720729622953e-05,2.0381521925164e-06,3.42811916106578e-05,8.39141551588203e-05,0.000618513793860993,0,0,0,0,0,0,0,2.22553648584925e-05,0.000142735354508684,0,0,0,0,0,0.00051593552551468,0.000400120450130438,0.000785326088192774,0.000103902908094856,0.0604095935113308,0.0522987294982789,0.00230041073933007,0.000331308800584188,8.38316458466776e-05
0.00163793584003004,0.0111542365114185,1.83379259151364e-05,0.000949592632270912,0,0.000101878932638117,0,0,0.00202468154356398,0.000137236038688519,0,0,0,0,8.02575387043982e-05,0,0.0553513035279924,0.0572732893620529,0,4.22708746780312e-05,0,0,0,0,7.66275679140241e-06,0.000100502010786922,0,0,0,0,0,0,0,0,0,0.000333219077984707,0.000811275995186641,0.000127991576417288,0.000188934388842303,0.0230882017603351,0.0155655706486752,0.0155891899235156,0.0235471378776219,0.000350141493112142,0.000135601513673325,0.0248161259287968,0.021366870681328,0,0.004644844035936,0.000773330950118562,0,0.000272871607788314,0,0,0.000370319921077937,5.98128609743676e-05,0,0.00342743165172662,0,6.23614758061078e-05,0.000423201699455384,4.51370454493063e-06,0.00085933194573925,0.0155419223803228,0,0,0,4.28848721117112e-05,0,0.000205285204144526,1.82067180544996e-05,0.00111380107850236,0.00214255301638152,0.000213693158191035,0,0,0,0,0.00431015802323178,0.00618389002608843,0.00544835537645959,0.00307845713953682,0.0214638206074108,0.000515550089709459,0.027366378513692,0.00381819013169163,0.00474060804674526
0,0.000113429220002987,0,0.000179789414140252,0,0.00702699006500727,0,0,0,0,0,0.00805488609820277,0,0,0,0,1.35651472168944e-05,0,4.22708746780312e-05,0,0,0,0,0,0,0,0,0,0,0,0,0,0,0,0,0.00410673923088437,0,0.000425398503140417,0,0.000260012526131775,0,4.27123848668395e-05,0,0,0,0.00744664721316731,0,0,0,2.51960890163925e-05,0,0,0,0,0,0,0,0.00293091401008121,0,0,0,0,0.0955511622753701,0,0,0,0,0,0,0,0,0,0.000766828821579088,0,0,0,0,0,0.00316486634057858,0,0.000157866048840315,0,0.000633301090595608,0,0.00317620132528791,0,0
0.000222217828817071,0,0,0,0,0,0,0,1.96369140601113e-05,0,0.00412615546861559,0,0,0,8.9969599055259e-05,0,4.0378854602935e-06,0,0,0,0,0,0,0,0,0,0,0,0,0,0,0,0,0,0,0,0.00713812930948774,0,0.00553256879171455,0,6.41583319585196e-05,0,8.82913642215296e-05,0,0,0,0.00308938327863535,0,0.0039900215152001,0,0,0,0,0,0,0,0.00810197529864242,0,6.43461455401694e-05,0,0.000400622615930949,0,0,0.0683014377399983,0,0,0,0,0,4.34995119463328e-05,0,0.000330236005753188,0,0.00100403643739521,0,0,0,0,0,0.00277238107440889,0,0.00203536223984479,0.00086227249607585,0,0.00680843152554166,0,0
0,0,0,0,0,0,0,0,0,0,0,0,0,0,0,0,0,0,0,0,0,0,0.00358569380188326,0.000481580094397747,0,0.00125200024607899,0,0.00115444360350839,0,0,0,0,0,0,0,0,0,0.00375072394702631,0.000104786977206435,0,0,1.15124199676305e-05,0,0,0,0,0,0,0,0.000283001793140954,0,0,0,0,0,0,0,0,0,0,0,0,0,0,0.0490017741925401,0,0.00162020829726079,0,0.000289573991289598,0,9.24781926955398e-05,0,0,0,0,0,0,0,0,0,0.0021397124108371,0,0.00061452780068825,1.79680995612587e-05,0.000310096826807406,0,0
0,0,0,0,0,0,0,0,0,0,0,0,0,0,0,0,3.19884602608891e-05,0,0,0,0,0.00358569380188326,0,0,0.00239731510945503,0,0.000442951425363616,0,0.000201004047655229,0,0,0,0,0,0,0,0,0,0.0122840054539419,0,0,3.18417833448426e-05,0,0,0,0,0,1.60555463016551e-05,0.00195960066068839,0,0,0,0,0,0,0,0,0,0,0,0,0,0,0,0.000469172368650816,0.0569566522394042,0,0.00206167724927176,0,0.00422860520409623,0,0,0,0,0,0,0,0,0,0,0,0.00588746051360056,0.00157471585720926,0.00281495278218182,3.76006617214569e-05,0,0
3.37039512027324e-05,0,0,0,0,0,0,0,0,0.00918596944934124,0,0,0,0,0,0.00283514463005261,0,7.92550436725804e-05,0,0,0,0.000481580094397747,0,0,0,0.0288705165754885,0,0,0,0,0,0,0,0,0,0,0,0.00449228546764146,0,0,0,0.00581919083085802,0,0,0,0,0,0,0,0.00274106629045976,0,0,0,0,0,0.0141524195678709,0,0,0,0,0,0.00326094701938883,0,0,0.00107796909242962,0,0.132509281171867,0,0.0616602270857648,0,0,0,0,0,0,0,0,0,0,0,0.00526058218220947,3.51477989943134e-06,0.000247289974555621,0,0.00702812998187118,0,0
0.00968550072448162,0,0.000174794710062946,0,0,0,0,0,0.00488821991513649,0,0,0,0,0,0.00267135418421328,0,0,0,7.66275679140241e-06,0,0,0,0.00239731510945503,0,0,0,0.000232007029482992,0,0,0,0,0,0,0,0,0,0,0,0.0146555871801249,0,0,0.000159340749253935,0.000705809747586357,0,0,0,1.23306611194756e-05,0,0.0194997770177988,0,0,0,0,0,0.0177953133717701,0,0,0,0,0,0.00739680062478227,0,0,0,0,0.00164020712651666,0,0.13965935634434,0,0.0361249426435933,0,0.000113605863305473,0,0,0,0,0,0,0,0,0,0.00047041816995334,0.000357779852215099,0,0.00376608909312885,0,0
0,0,0,0,0,0,0,0,0,0.000161859179888855,0,0,0,0,0,0.0021894452521467,8.68345631876912e-05,0.00991664992396907,0.000100502010786922,0,0,0.00125200024607899,0,0.0288705165754885,0,0,0,0,0,0,0,0,0,0,0,0,0,2.34685562030119e-05,0,0,0,1.60650309900868e-05,0,0,0,0,0,0,0,0,0,0,0,0,0,0,0,0,0,0,0,0.000290416126759907,0,0,0.000561510130163042,0,0.00195675197184049,0,0.00877194362091682,0,0,0,0,0,0,0,0,0,0,0,6.01764597508804e-06,3.48330426335509e-06,0.0001455568040458,1.59991466890681e-05,0.000340711518807625,0,0
0,0,0,0,0,0,0,0,0.000107503765320871,0,0,0,0,0,0,0,0.00102288064999887,0,0,0,0,0,0.000442951425363616,0,0.000232007029482992,0,0,0,0.00360117262251531,0,0,0,0,0,0,0,0,0,0,0,0,0,0,0,0,0,0,0,0,0,0,0,0,0,0,0,0,0,0,0,0,0,0,0,0,0.000657904957239143,0,0.000287427001396619,0,0.0884740370445614,0,0,0,0,0,0,0,0,0,0,0,0,0,0,0,0,0
0,0,0,0,0,0,0,0,0,0,0,0,0,0,0,0,0,0.000512885100235415,0,0,0,0.00115444360350839,0,0,0,0,0,0,0,0,0,0,0,0,0,0,0,0,0,0,0,0,0,0,0,0,0,0,0,0,0,0,0,0,0,0,0,0,0,0.000122640719195603,0,0,0,0,0.00873164599872644,0,0,0,0,0,0.0474921411697106,0,0,0,0,0,0,0,0,0,0.000843626714105,0,0,0,0,0,0
0,0,0,0,0,0,0,0,0,0,0.000253153705782638,0,0.00133045420084393,0,0,0,0,0,0,0,0,0,0.000201004047655229,0,0,0,0.00360117262251531,0,0,0,0.00033717245075095,0,0,0,0,0,0,0,0.000500832864888327,0,0,0,0,0,0,0,0,0,1.9390066512549e-05,0,0,0,0,0,0,0,0.00106986518776676,0,0,0,0,0,0,0,0,0,0,0,0,0.00921754627070587,0,0.0184463717728482,0,0.00158956276838413,0,0,0,0,0,0,0,0,9.57749632829068e-06,0,2.48106059158571e-05,0,0
0,0,0,0,0,0,0,0,0,0,0,0.00564308465520437,0,0,0,0,0,0,0,0,0,0,0,0,0,0,0,0,0,0,0,0,0,0,0,0,0,0.000357702409851734,0,0,0,0,0,0,0,0,0,0,0,0,0,0,0,0,0,0,0,0.00541867094930979,0,0,0,0,0,0,0,0,0,0,0,0,0,0,0.0433823774981862,0,0,0,0,0,0,0,0,0,8.48356112110237e-05,0,0,0,0
0,0,0,0,0,0,0,0,0,0,0.0036470405477613,0,0,0,0,0,0,0,0,0,0,0,0,0,0,0,0,0,0.00033717245075095,0,0,0,0,0,0,0,0,0,0.000581815653513345,0,0,0,0,0,0,0,0,0,0,0,0,0,0,0,0,0,0.000307699909032517,0,0,0,0,0,0,0,0,0,0,0,0,0,0,0.00057812107745281,0,0.0239341029610267,0,0,0,0,0,0,0,0,1.59986023143283e-05,0,0.000167742330940487,0,0
0,0,0,0,0,0,0,0,0,0,0,0,0,0,0,0,0,0,0,0,0,0,0,0,0,0,0,0,0,0,0,0,0.0122750622228594,0.00385271112773056,0,0.00421459727910409,3.35075013837456e-05,0,0,0,0,0,0,0,0,0,0,0.0597967732437757,0.000855433517367693,0.036811693657089,0,0,0,0,0,0,0,0,0,0,0,0,0,0,0,0,0,0,0,0,0,0,0,0,0.0354932262703943,0.00179804757428903,0.0018581720995116,0,0.00055079671276711,3.39097865471029e-05,0,0,0.000227622653055517,0,0,0,0
0,0,0,0,0,0,0,0,0,0,0,0,0,0,0,0,0,0,0,0,0,0,0,0,0,0,0,0,0,0,0,0.0122750622228594,0,0.000988696561893048,0.0195116514521363,8.19789402539532e-06,0.0009015610185285,0,0,0,0,0,0,0,0,0,0,0.00291700183998037,0.000302094281166914,0,0,0,0,0,0,0,0,0,0,0,0,0,0,0,0,0,0,0,0,0,0,0,0,0,0,0.0198171922634336,0,0.00156245368074097,0,0.000109924832613681,0,0,0.000364707193704889,0,0,0,0
0,0,0,0,0,0,0,0,0,0,0,0,0,0,0,0,0,0,0,0,0,0,0,0,0,0,0,0,0,0,0,0.00385271112773056,0.000988696561893048,0,0.0212351693566321,0.00285017681495379,0,0.000697811981440526,0.00039451311257695,0,0,0,0,0,0,0,0,0.0247825618794761,0,0,0,0,0,0,0,0,0,0,0,0,0,0,0,0,0,0,0,0,0,0,0,0,0,0,0.00707776928555967,0,0.12928602637062,0.00363229444747853,0.00242689748983662,0,0.00063953222897773,0,0.000846892816445287,5.66236706519603e-05,0,0,0
0,0,0,0,0,0,0,0,0,0,0,0,0,0,0,0,0,0,0,0,0,0,0,0,0,0,0,0,0,0,0,0,0.0195116514521363,0.0212351693566321,0,0,0.00559705347418737,8.18817299767121e-05,0.00156306341900908,0,6.98458970289605e-05,0.000391585672377251,0,0,0,0,0,0.143767177819024,0.000340398731818781,0,0,0,0,0,0,0,0,0,0,0,0,0,0,0,0,0,0,0,0,0,0,0,0,0,0,0,0.00501556985698599,0.107264633991249,0,0.00122274594126114,0,0.00227571005797035,0.000595229170178758,0,3.7213296008011e-05,0,0
0,4.2440672086893e-05,0,0.000152773883474692,0,0.0039019374339514,0,1.96228805094106e-05,0,2.06917902377676e-06,0,0.000841743884869275,0,0,0,0,3.51032322700494e-05,3.80787784803145e-05,0.000333219077984707,0.00410673923088437,0,0,0,0,0,0,0,0,0,0,0,0.00421459727910409,8.19789402539532e-06,0.00285017681495379,0,0,0.00351466791231119,0.0125391400536451,0,0.000239996325269919,6.23477511878403e-05,0.000188327074387622,2.68931750015404e-06,0,0,0.000296788142746394,4.14056720461596e-06,0.00213537794418455,1.40218329640234e-05,0.00127269830649757,0,2.21654160753725e-05,0,2.11245164446431e-05,0,0,0,0.000100438039060738,0,0,0,0,0.00517629272726971,0,0,0,0,0,0,0,0,0,0,0,0.000304970557032782,0,0.00039691726156879,0,0.0842006233723035,0.003674105014236,0.009708626233492,0,0.00693615492989802,0.00156752109920735,0.00267475456528229,3.01923060156976e-05,0
5.80719046014285e-05,0,2.88482653792801e-06,0,5.03097336644401e-05,0,0.000235144021226818,0,3.23367984132213e-05,0,0.00152713562323758,0,0,0,3.58936552700875e-06,0,4.91120283463525e-05,1.90058835072334e-05,0.000811275995186641,0,0.00713812930948774,0,0,0,0,0,0,0,0,0,0,3.35075013837456e-05,0.0009015610185285,0,0.00559705347418737,0.00351466791231119,0,1.13871874418692e-05,0.0142773811479891,0,0.000309903818709792,2.51263287792431e-06,0.000482109546416083,0,4.95928746955976e-06,0,0.000633138464700991,0.000556571698942225,0.000949043209765368,2.05621396490941e-06,0,0,2.58090229686263e-05,0,0,9.73185905352994e-06,0.000176936936227504,1.44756256797401e-05,3.76681857646495e-05,0,4.48100473903285e-05,0,0,0.00211973145218332,0,0,0,0,0,0,0,0,0,3.90743772916943e-06,4.47786903261199e-05,0,0,0.00541129648503145,0.00408707798234413,0.0504028838603315,6.55076172762989e-06,0.0134128543616713,0.00678113469233346,0.000535170334848065,0.00215168388752728,2.01782961608502e-06,0.000597959387551826
0,4.02753284345896e-05,0,7.8774099307648e-05,0,0,0,0,0,7.8794512832337e-05,0,0.00192865182700759,0,0,0,0,3.14435647448359e-05,2.20619756719805e-05,0.000127991576417288,0.000425398503140417,0,0.00375072394702631,0,0.00449228546764146,0,2.34685562030119e-05,0,0,0,0.000357702409851734,0,0,0,0.000697811981440526,8.18817299767121e-05,0.0125391400536451,1.13871874418692e-05,0,0.000472327668120898,9.13460446381472e-05,0,0.000376099744925533,0,8.96745570708245e-06,0,0.000613432628684268,0,0.00677135934018748,0,0.00648454203587177,0,6.0737048408724e-06,0,0,0,0.000484619674215831,0,0.00111580821073341,0,0,0,0,0.000343705590811712,0,0.0048494419599999,0,0.00366588284793509,0,0.00015216388246809,0,0.000453783794610681,0,0,0,0,0,0.00117644999681926,0,0.00335623731781001,0,0.0542484345374211,8.03618842895013e-05,0.00432465985199325,0.000776588424084835,0.00301397663818566,1.25513588965685e-05,0
0.00104317792133362,0,6.04977924986212e-05,0,0,0,0,0,0.000912250382842031,2.87277787451836e-06,0.00409249167610806,0,0,0,0.000326975777071943,0,6.74157632977597e-06,8.76316699339142e-06,0.000188934388842303,0,0.00553256879171455,0.000104786977206435,0.0122840054539419,0,0.0146555871801249,0,0,0,0.000500832864888327,0,0.000581815653513345,0,0,0.00039451311257695,0.00156306341900908,0,0.0142773811479891,0.000472327668120898,0,8.92750594577057e-06,6.03400750781369e-05,0.002166625924146,0.00119259857463888,0,0,2.78537892731633e-06,0.00114311116233425,0.0236392818891062,0.00255359797756382,3.52717042558588e-05,0,0,0,0,0.00150540955004273,0,2.4403015548671e-05,0,0,0,0.0015356231374745,0,0,0.00490690978916076,0,0.00628994376255092,4.5143829336112e-06,0.00707337295078076,0,0.000297904173658625,0,0.000341145288101063,0,1.37996703415411e-05,0,0,0,0.00156843174711187,1.5975001163418e-06,0.0042096329398802,7.56152257963549e-06,0.0799670139153282,0.00815460173297269,0.00214106964695113,0.00176987288326879,7.9554268647935e-05,6.01701281364007e-05
0,0.00283063903091568,0.000253014683207353,0.005808671310959,0,0.0005824859314902,0,0,0,0.000712896028620824,0,7.97007148322945e-05,0,0,0,0,0.00133606933002829,0.00212342982723255,0.0230882017603351,0.000260012526131775,0,0,0,0,0,0,0,0,0,0,0,0,0,0,0,0.000239996325269919,0,9.13460446381472e-05,8.92750594577057e-06,0,0.000433897614753048,0.110842964421477,0.000508643518357974,0.00319925087371673,0,0.0869396662637049,0.000357775861931144,0.00202918296086429,0.000174796388584888,0.0733521357591465,0,0.000942253497612998,0,0,0,0.000289641474555233,0,0.00343839018747088,0,0.000302372986898786,0,0.000557626167932991,0.0114772640059672,0.000376205740137883,0,0,0,0,0,0,2.00077585928504e-05,9.17399904720144e-05,0.00324688328630566,1.41967278741133e-05,0,0,0,0,0.0025664544303199,0.000105237850792868,0.00189372957880801,7.48244761196222e-06,0.00261094783148468,6.41922082337415e-06,0.0265523021608654,0.00853740913132407,0.000364378179398496
0.000646154385333257,0,0.000429286144873511,0,0,0,0,0,0.00114973648740613,0,0,0,0,0,0.000312399761851189,0,0.00105647348266792,0.000603966537396599,0.0155655706486752,0,6.41583319585196e-05,0,0,0,0,0,0,0,0,0,0,0,0,0,6.98458970289605e-05,6.23477511878403e-05,0.000309903818709792,0,6.03400750781369e-05,0.000433897614753048,0,0.000136413297038483,0.0143191985947926,0,0.00118863612826886,0.000620139817047639,0.00903622664573469,0.00882393818477711,0.243653531703828,0.0125153694300281,0,0,0,0,0.00016932953257883,0,0,1.73489272213209e-05,0,0,0.000295130313731949,0,0,0.00387761230237364,0,0,0,0,0,1.77880877944838e-05,0,0.000185966271404019,0,2.93507887394147e-05,0,0,0,0,5.49180916936002e-05,0.0122460025363054,6.55312276256052e-05,0.00032278221690815,0.00122985492824691,4.79500382179329e-06,0.0188585838952512,2.01755312468732e-05,0.0213231524657071
0.000107945651130481,0.0346196294580732,0,0.0119263249245464,0,0.0016160600924997,0,0,5.93222255036238e-05,0.00260663024878259,0,5.52685511762905e-05,0,0,7.99318224995236e-06,0,0.000238650952038406,0.000794797694716293,0.0155891899235156,4.27123848668395e-05,0,1.15124199676305e-05,3.18417833448426e-05,0.00581919083085802,0.000159340749253935,1.60650309900868e-05,0,0,0,0,0,0,0,0,0.000391585672377251,0.000188327074387622,2.51263287792431e-06,0.000376099744925533,0.002166625924146,0.110842964421477,0.000136413297038483,0,0.0203230680965486,0.000626434603704917,9.99474731300102e-06,0.0153814277137603,0.000169641679127871,0.0393718036955623,0.00784579136530954,0.0630236024615815,0,0.00241732003536062,0,0,0.000236635916041369,0.00373604022735799,0,0.0200077591724654,0,0.00492521714186338,0,0.0100877792247125,0.00148141832373054,0.000125801051738239,3.6116797419734e-05,4.46202210488899e-06,0.0012087542229908,9.89426423790841e-05,1.54481945684613e-05,0,0.000302417697663873,0,0.00875889392542913,0,0,0,0,0,0.00359421908580041,4.78844262300831e-05,0.0016772730667964,0.000696613941159799,0.020662719820852,0.000395592275804279,0.0626297747344284,0.0147992060180688,5.80602363158184e-06
0.00323141952225269,2.48597648684302e-05,0.00546184272518132,7.96117254226315e-05,0.00245561722000456,4.28792568759605e-05,0,0,0.0078626115841049,8.83857698915117e-06,0,0,0,0,0.00336224840351336,0,0.000494311144427568,0.000322287258662351,0.0235471378776219,0,8.82913642215296e-05,0,0,0,0.000705809747586357,0,0,0,0,0,0,0,0,0,0,2.68931750015404e-06,0.000482109546416083,0,0.00119259857463888,0.000508643518357974,0.0143191985947926,0.0203230680965486,0,9.83657752711575e-06,0.00291107859234946,0.000247725141142152,0.0629913732123368,0.0100062393858387,0.0972434582302582,0.00529939672724784,0.000738208056045526,1.04926730876672e-05,0,0,0.00461972594917378,1.65429706371447e-05,0.000696173750443991,0.000110120265013979,8.57191900838234e-05,0,0.0124104249634229,3.26327881585472e-05,3.36171815611078e-05,0.0220174636057485,0,0,0,0.000327042953500231,0,0.00372808457144519,0,0.00765490689521059,0.00023335509854997,0.00101510110373043,0,0,0,0,2.86725412473927e-05,0.00400001512947795,8.03761348261462e-05,0.00148200084130391,0.00766597889904131,0.000271398324268069,0.0612110705453042,0.000169985879175061,0.0143982037747702
0,2.1749574680107e-05,0,0.000774902761059007,0,0,0,0,0,0,0,0,0,0,0,0,9.5313965340308e-05,2.0676160207414e-05,0.000350141493112142,0,0,0,0,0,0,0,0,0,0,0,0,0,0,0,0,0,0,8.96745570708245e-06,0,0.00319925087371673,0,0.000626434603704917,9.83657752711575e-06,0,0,5.90863897711492e-05,0,0,0,0,0,0.000388176713486976,0,0,0,0,0,0.00017273006361682,0,1.23079555804143e-05,0,0,0,1.8814616630759e-05,0,0,0,0,0,0,0,0,0,0,0,0,0,0,0.000123590889348446,0,5.33873064444951e-05,0,2.89135951198196e-05,0,0.000268896013087352,0.000382076021336755,0
0,0,0,0,0,0,0,0,0,0,0,0,0,0,0,0,0,0,0.000135601513673325,0,0,0,0,0,0,0,0,0,0,0,0,0,0,0,0,0,4.95928746955976e-06,0,0,0,0.00118863612826886,9.99474731300102e-06,0.00291107859234946,0,0,0,0.00119101382661847,0,0,0,0,0,0,0,0,0,0,0,0,0,0,0,0,0.000512960281401474,0,0,0,0,0,0,0,1.27606242810963e-05,0,0,0,0,0,0,0,2.95548875216972e-05,0,7.46675694402103e-06,2.03325351563966e-06,0,0.000451656661813371,0,0.00413662933327291
0,0.00562764456907575,0,0.00260505244935074,0,0.000103287202735742,0,0,0,7.23844738993077e-05,0,0.000396387307073287,0,0,0,0,0.000905113176925355,0.00174916695255575,0.0248161259287968,0.00744664721316731,0,0,0,0,0,0,0,0,0,0,0,0,0,0,0,0.000296788142746394,0,0.000613432628684268,2.78537892731633e-06,0.0869396662637049,0.000620139817047639,0.0153814277137603,0.000247725141142152,5.90863897711492e-05,0,0,0.000320583423879478,0,0,0.000204251678719452,0,0.000234404076723138,0,0,0,0.000229398167320147,0,0.00354510150431405,0,6.81768522494859e-05,0,9.0811496635612e-06,0.0729509039637328,0.000141461169069389,0,0,0,0,0,0,0,0,0.00212975911423216,0,0,0,0,0,0.00862177949881866,6.62174091995255e-05,0.00427250815654443,2.58030665535557e-05,0.00170838609076875,1.96399583861168e-06,0.020845928971173,0.00126327088078882,1.02278158050436e-05
0.000670088580504884,0.000143702862618923,0.000652988108328789,0,0.000126387649439489,0,0,0,0.000588013339248371,0,0,0,0,0,0.000538153986260603,0,0.00103416877930214,0.000523331110736098,0.021366870681328,0,0.00308938327863535,0,0,0,1.23306611194756e-05,0,0,0,0,0,0,0,0,0,0,4.14056720461596e-06,0.000633138464700991,0,0.00114311116233425,0.000357775861931144,0.00903622664573469,0.000169641679127871,0.0629913732123368,0,0.00119101382661847,0.000320583423879478,0,0,0.00445730401753164,0,6.96342945159264e-05,7.58543497680637e-05,0,0,7.74625475040052e-05,0,1.32071494229613e-05,0,0,0,0.00187053456979199,0,0,0.0520931723735611,0,0,0,2.8146412568903e-05,0,7.90995448745876e-05,0,0.000402958616194469,4.00760357439295e-05,0.000795470340358092,0,0,0,0,2.55695681882559e-05,0.00764882444257645,9.71766171245397e-05,0.00285799592173804,0.00202649951140017,1.83227191321647e-05,0.0166005990784954,0.000175948522251541,0.00492373998033197
0,0,0,0,0,0,0,0,0,0,0,0,0,0,0,0,0,0,0,0,0,0,1.60555463016551e-05,0,0,0,0,0,0,0,0,0.0597967732437757,0.00291700183998037,0.0247825618794761,0.143767177819024,0.00213537794418455,0.000556571698942225,0.00677135934018748,0.0236392818891062,0.00202918296086429,0.00882393818477711,0.0393718036955623,0.0100062393858387,0,0,0,0,0,0.0944312543218631,0.242193055741259,0,0,0,0,0,0,0,0,0,0,0,0,0,0,0,0,0,3.54102972558879e-05,0,0,0,0,0,0,0.00113146806689215,6.71987868023942e-05,0,0.000126334402011707,0.000777886842647504,0.00353918864614087,1.45834854502012e-05,0.0028061484821264,0.015616192501292,4.02391007965007e-06,0.0286787590206281,0,0
0.00984596601623178,2.62381658880859e-05,0.00791383802684736,0,0.000893965050988778,0,0,0,0.0204274415828486,0,0.000139410878247075,0,0,0,0.00528816868699477,0,0.000154814638179136,6.59414903859657e-05,0.004644844035936,0,0.0039900215152001,0,0.00195960066068839,0,0.0194997770177988,0,0,0,1.9390066512549e-05,0,0,0.000855433517367693,0.000302094281166914,0,0.000340398731818781,1.40218329640234e-05,0.000949043209765368,0,0.00255359797756382,0.000174796388584888,0.243653531703828,0.00784579136530954,0.0972434582302582,0,0,0,0.00445730401753164,0.0944312543218631,0,0.123296205134975,8.02170772783244e-05,0,0,0,0.0117842333545911,0,0.00183121473501555,0,0.000585720892025624,0,0.0358152267743786,2.43732275414951e-05,0,0.0049287930776827,0,0.00210049987461118,0,0.0172924890586976,0,0.0343718479458447,0,0.0065919029567463,0,0.00648360854938802,0,0,0,0,1.07498061888627e-05,0.00692325202191486,0,0.00301881462240452,0.00470621147391226,4.17810124408748e-06,0.0876078711789919,0,0.00214511154745613
0,0.00291043074749876,0.000367062593325661,0.0183365055836774,0,0.000732087410428212,0,0,2.12126282675262e-05,0.00519687945665745,0,0,0,0,0,0.000126691570373552,0,1.92528399856442e-05,0.000773330950118562,2.51960890163925e-05,0,0.000283001793140954,0,0.00274106629045976,0,0,0,0,0,0,0,0.036811693657089,0,0,0,0.00127269830649757,2.05621396490941e-06,0.00648454203587177,3.52717042558588e-05,0.0733521357591465,0.0125153694300281,0.0630236024615815,0.00529939672724784,0,0,0.000204251678719452,0,0.242193055741259,0.123296205134975,0,0,0.00271809115527068,0,0,0,0.000527015524998386,0,0.00820915221206243,0,0.00982714324340734,0,0.018125610403339,0.000145714499625176,0,0.00308772839557748,0,0.00609894165941361,4.40020038702253e-05,0.0031618876706972,0,0.011300415160271,0,0.0111141032156062,0,0.000662587095638186,0,0,0,0.00203876562323426,0,0.00854291129069654,1.2935755617802e-05,0.00704307100527587,3.97174423846703e-05,0.0769668122356531,0.000995691252371512,0
0,0,0.00983143717555361,0,0.000481997970725494,0,0,0,0,0,0,0,0,0,0,0,0,0,0,0,0,0,0,0,0,0,0,0,0,0,0,0,0,0,0,0,0,0,0,0,0,0,0.000738208056045526,0,0,0,6.96342945159264e-05,0,8.02170772783244e-05,0,0,0,0,0,0,0,0,0,0,0,0,0,0,0,0,0,0,0,0,0,0,0,0,0,0,0,0,0,0,0,0,0,2.1891781550759e-05,0,0.00045922252838183,0,0
0,4.56992537394273e-05,0,0.0518192403180597,0,0.0327384161088327,0,0,0,0.000600931260989752,0,0,0,0,0,0.00892612623818619,0,8.56683824622395e-06,0.000272871607788314,0,0,0,0,0,0,0,0,0,0,0,0,0,0,0,0,2.21654160753725e-05,0,6.0737048408724e-06,0,0.000942253497612998,0,0.00241732003536062,1.04926730876672e-05,0.000388176713486976,0,0.000234404076723138,7.58543497680637e-05,0,0,0.00271809115527068,0,0,0,0,0,0,0,0.00659896355728735,0,0.00033606443094917,0,0.0117739189943357,1.08447359879517e-05,0,0,0,0,0,0,0,0,0,0.00028253520811312,0,0,0,0,0,8.60934446772673e-05,1.69567031416664e-05,2.19408732052028e-05,0,0.000980910066233378,0.000103540470574148,0.00279125563447367,6.70006494320171e-05,0
0,0,0,0,0.00229663332012638,0,0.00734288760005747,0,0,0,0,0,0.00775715975381197,0,0,0,0,0,0,0,0,0,0,0,0,0,0,0,0,0,0,0,0,0,0,0,2.58090229686263e-05,0,0,0,0,0,0,0,0,0,0,0,0,0,0,0,0,0,0,0,0,0,0.00093075995487645,0,0,0,0,0,0,0,0,0,0,0,0,0,0,0,0,0,0,0,0,0,0,0,0.000167407984948788,0,0,0,0
0,0,0,0,0,0.00271438840298547,0,0.000798169124873856,0,0,0,0,0,0,0,0,0,0,0,0,0,0,0,0,0,0,0,0,0,0,0,0,0,0,0,2.11245164446431e-05,0,0,0,0,0,0,0,0,0,0,0,0,0,0,0,0,0,0,0,0,0,0,0,0,0,0,0,0,0,0,0,0,0,0,0,0,0,0,0,0,0,0,0,0,0,0,0.000101593316727153,0,0,0,0
0.0206983125419004,0,0.00127419566191868,0,0,0,0,0,0.0386663998749581,0,0,0,0,0,0.00239215680215899,0,9.4238677623786e-06,6.86566169225545e-06,0.000370319921077937,0,0,0,0,0,0.0177953133717701,0,0,0,0,0,0,0,0,0,0,0,0,0,0.00150540955004273,0,0.00016932953257883,0.000236635916041369,0.00461972594917378,0,0,0,7.74625475040052e-05,0,0.0117842333545911,0,0,0,0,0,0,0,0.000266848020622656,0,0,0,0.0168708267785882,0,0,5.92542311569047e-05,0,0,0,0.025271153132942,0,0.00177717762958513,0,0.00206206277595935,0,0.000664664143129818,0,0,0,0,0,1.24375963597753e-05,0,0.0011831606418156,0.00033305030730112,0,0.00265075475383771,0,0.000163423054005327
0,0.0393442982896913,0,0.109505879223646,0,5.82553705804848e-05,0,0,0,0.0910452917623616,0,0,0,0,0,0.00621806835026649,0,0,5.98128609743676e-05,0,0,0,0,0.0141524195678709,0,0,0,0,0,0,0,0,0,0,0,0,9.73185905352994e-06,0.000484619674215831,0,0.000289641474555233,0,0.00373604022735799,1.65429706371447e-05,0,0,0.000229398167320147,0,0,0,0.000527015524998386,0,0,0,0,0,0,0,0.00044421782045577,0,2.25807942576283e-05,0,0.029430957331968,0,0,0,0,0.0317616387129937,0,0,0,0,0,0.000158903757784893,0,0,0,0,0,1.57603907367036e-05,0,8.10296643715621e-05,0,0.000732873929929839,8.20794962263305e-05,0.00263652619998325,0.000118487101851216,0
0.000290761539119889,0,0.0140241127214544,0,0.000656538810073325,0,0,0,0.00142942118379066,0,0.0584145552752988,0,0.00823657720701629,0,0.0015316050221487,0,0,0,0,0,0.00810197529864242,0,0,0,0,0,0,0,0.00106986518776676,0,0.000307699909032517,0,0,0,0,0,0.000176936936227504,0,2.4403015548671e-05,0,0,0,0.000696173750443991,0,0,0,1.32071494229613e-05,0,0.00183121473501555,0,0,0,0,0,0.000266848020622656,0,0,0,0.0257069812398553,0,0.0117543419494387,0,0,0.000953139111373353,0,0,0,0,0,0.000196285522590842,0,0.00201308920296095,0,0.00789373992005258,0,0,0,0,0,2.92836479952297e-05,0,0,0.00035504564248869,2.10711150647406e-06,0.00877656250679717,0,0
0,0.00370170167998531,0,0.0104210829194044,0,0.000434651271454202,0,0,0,0.00211109761484149,0,0.118376763375321,0,0.00405496215483954,0,0,4.22360663567315e-05,0.000255732174041822,0.00342743165172662,0.00293091401008121,0,0,0,0,0,0,0,0,0,0.00541867094930979,0,0,0,0,0,0.000100438039060738,1.44756256797401e-05,0.00111580821073341,0,0.00343839018747088,1.73489272213209e-05,0.0200077591724654,0.000110120265013979,0.00017273006361682,0,0.00354510150431405,0,0,0,0.00820915221206243,0,0.00659896355728735,0,0,0,0.00044421782045577,0,0,0,0.025161172715417,0,0.00398276905567611,0.033083409191285,0,0,0,0,0,0,0,0.00239790152052584,0,0.0326132450414315,0,0,0,0,0,0.000168598570604148,2.96685759562133e-06,7.06276879246609e-05,0,0.00159906309855857,0,0.022811471042765,0.00459108373023325,0.000274438115126518
2.58907742355062e-05,0,0.000886535559153078,0,0,0,0.00465873332052758,0,0.000179352646082554,0,0.00419412934757767,0,0.0180768528471706,0,0.00202318067824405,0,0,0,0,0,6.43461455401694e-05,0,0,0,0,0,0,0,0,0,0,0,0,0,0,0,3.76681857646495e-05,0,0,0,0,0,8.57191900838234e-05,0,0,0,0,0,0.000585720892025624,0,0,0,0.00093075995487645,0,0,0,0.0257069812398553,0,0,0,0.00205324336045238,0,0,8.84568384624735e-05,0,0,0,0,0,0.000598776601485861,0,0.0023509409549249,0,0,0,0,0,0,0,0,0,0,0.000175389463717608,1.66078406062774e-06,0.00491099194392835,0,0
0,0.00075576557807661,0,0.00687855947100235,0,0.000212101497664365,0,0,0,8.99027502828526e-05,0,0.00947898978394381,0,0.0141211830946037,0,0.0014088764642122,0,1.10720729622953e-05,6.23614758061078e-05,0,0,0,0,0,0,0,0,0.000122640719195603,0,0,0,0,0,0,0,0,0,0,0,0.000302372986898786,0,0.00492521714186338,0,1.23079555804143e-05,0,6.81768522494859e-05,0,0,0,0.00982714324340734,0,0.00033606443094917,0,0,0,2.25807942576283e-05,0,0.025161172715417,0,0,0,0.00453077398452891,0.000403730249147537,0,0,0,0,0,0.00358253143501268,0,0.0186963560418435,0,0.000263992499914487,0,0,0,0,0,4.10494439286776e-06,0,9.12850059003566e-06,0,4.64390301327132e-05,0,0.00410980677672126,1.91407886767161e-05,0
0.0236128648804099,0,0.00444225323912066,0,0.000662873819318207,0,0,0,0.0495659882322929,0,0,0,0.000635316420643048,0,0.0685666818838797,0,2.41691676221181e-06,2.0381521925164e-06,0.000423201699455384,0,0.000400622615930949,0,0,0,0.00739680062478227,0,0,0,0,0,0,0,0,0,0,0,4.48100473903285e-05,0,0.0015356231374745,0,0.000295130313731949,0,0.0124104249634229,0,0,0,0.00187053456979199,0,0.0358152267743786,0,0,0,0,0,0.0168708267785882,0,0.0117543419494387,0,0.00205324336045238,0,0,0,0,0.00060065700073109,0,0,0,0.010819037928509,0,0.0322181927260486,0,0.00592983231172799,0,0.00434413046307037,0,0,0,0,0,0.000347794988360964,0,0.000462881600340315,0.000325934557653744,9.14032135814995e-06,0.0288531873175935,0,0.000141517958417697
0,0.00326064416639733,0,0.0625495228490784,0,0.00494036830286759,0,0,0,0.00405496841566931,0,0,0,0,0,0.00682182809247388,0,3.42811916106578e-05,4.51370454493063e-06,0,0,0,0,0.00326094701938883,0,0.000290416126759907,0,0,0,0,0,0,0,0,0,0,0,0,0,0.000557626167932991,0,0.0100877792247125,3.26327881585472e-05,0,0,9.0811496635612e-06,0,0,2.43732275414951e-05,0.018125610403339,0,0.0117739189943357,0,0,0,0.029430957331968,0,0.00398276905567611,0,0.00453077398452891,0,0,2.26174960914807e-05,0,0,0,0.00210642799894489,0,0.0128236584325711,0,0.00406317964991482,0,0.00222655128858209,0,0,0,0,0,2.49709587418594e-05,0,2.26731939961412e-05,0,3.8286187039031e-05,0,0.00311201668714355,0,0
0,0.000236913749625121,0,0.00101244968574371,0,0.00130741169387698,0,0,0,7.5297334449915e-05,0,0.00581030618578329,0,0,0,0,6.32823671125217e-06,8.39141551588203e-05,0.00085933194573925,0.0955511622753701,0,0,0,0,0,0,0,0,0,0,0,0,0,0,0,0.00517629272726971,0,0.000343705590811712,0,0.0114772640059672,0,0.00148141832373054,3.36171815611078e-05,0,0,0.0729509039637328,0,0,0,0.000145714499625176,0,1.08447359879517e-05,0,0,0,0,0,0.033083409191285,0,0.000403730249147537,0,2.26174960914807e-05,0,0,0,0,0,0,0,0,0.000195340731381258,0,0.0225772142798712,0,0,0,0,0,0.00922571153730494,0,0.00212699567288762,0,0.000830051307889338,0,0.0148833097543909,0.000173562283443249,0
