0,0,7.66722543691767,0,14.1091519193687,0,0,0,14.7310047390264,0,0,0,0,0,8.63706498588158,0,24.4470945994059,67.2389742533366,32.2264113590635,0,0,0,0,0,19.1373721664235,0,0,0,0,0,0,0,0,0,0,0,57.4995987632058,45.122428894043,26.8253831474149,79.2038421630859,40.1268768310547,98.3237075805664,19.6986006611749,0,0,0,23.9596002366808,0,10.5046664418244,0,13.1274425792694,0,0,0,14.7572115975865,0,11.7652322735105,0,0,0,8.29244505374803,0,0,0,0,0,0,18.5031726675214,0,16.4735871228305,0,20.6634567270676,0,26.6786461688926,0,0,0,0,0,61.6812047958374,96.5897979736328,37.4727890595146,10.4976367184658,23.5085191726685,16.8735758013265,0,0
0,0,0,10.7025775909424,0,0,0,0,0,11.9334784424947,0,0,0,3.42451659838359,0,9.58942931890488,69.525520324707,6.53037786483765,26.4815138641157,0,0,0,63.8820877075195,16.102303254086,0,0,0,0,0,0,0,0,0,0,49.5435104370117,57.8073768615723,0,21.208301098116,47.2945003509521,52.3622880299886,0,21.2401210130811,56.8569984436035,0,0,45.4160440989903,0,45.1125602722168,0,11.743259602096,0,0,0,0,0,11.9301862522047,0,6.41300758581895,0,4.74375744019785,0,6.4405303548594,0,0,0,0,16.377462482696,47.3714599609375,11.6851814190547,0,12.6524858619808,0,24.5821839374678,0,0,0,0,0,42.7006968089512,0,24.8651213411425,47.0288696289062,13.6769316112417,21.9585855946396,15.7760583497099,63.8263702392578,0
7.66722543691767,0,0,0,11.0137337961712,0,0,0,7.32792403499285,0,0,0,0,0,10.4002330720425,0,0,0,0,0,0,0,0,0,29.5676898956299,0,0,0,0,0,0,0,0,0,0,0,0,0,0,0,0,0,27.664625676473,0,0,0,15.2508474349976,0,4.61139530566201,0,12.3821518242359,0,0,0,14.5182901558123,0,5.90035743778255,0,4.00252485275269,0,8.25520326810725,0,0,0,0,0,0,27.553378423055,0,27.5996856689453,0,32.5007403237479,0,32.7493518829346,0,0,0,0,134.440338134766,0,0,0,9.85514425929589,17.1766968557279,10.4396639664968,0,0
0,10.7025775909424,0,0,0,8.21325719040052,0,0,0,11.8798735171189,0,0,0,0,0,10.0073587449166,0,0,0,9.80803084373474,0,0,0,0,0,0,0,0,0,0,0,0,0,0,0,8.88585374666297,0,70.9788513183594,0,40.6477149160285,0,34.6950260040175,38.7441139221191,0,0,40.2445234680176,0,55.3464584350586,0,33.7377994401114,0,14.7828192975786,0,0,0,13.3921473552364,0,4.83942685127258,0,7.09355180028459,0,7.58391919697838,10.7072143554688,0,0,0,0,0,0,0,0,0,50.4274272918701,0,0,0,0,0,37.8067127863566,0,0,0,16.6536843237812,18.7158966407776,10.3220256577702,0,0
14.1091519193687,0,11.0137337961712,0,0,0,2.80493060747782,0,5.28637508153915,0,0,0,0,0,5.44720619622572,0,0,0,0,0,8.36231769884334,0,0,0,0,0,0,0,0,0,0,0,0,0,0,0,6.59416144192219,0,0,0,0,0,46.1778150285993,0,0,0,0,0,11.8131665836681,0,3.28925827435085,0,2.73795104026794,0,9.77230035874151,0,9.14307542671835,0,7.02889681416889,0,7.44115591482683,0,0,8.97148051212743,0,0,0,34.9671560014997,0,0,0,39.4866461753845,0,40.3948832920619,0,0,0,0,0,5.55557772091457,0,48.6506805419922,3.47030921691173,5.79216855764389,6.24901857290949,0,0
0,0,0,8.21325719040052,0,0,0,3.37494961420695,0,3.89962169486032,0,6.43518037796021,0,0,0,17.7175322450124,0,0,0,5.36330468654633,0,0,0,0,0,0,0,0,0,0,0,0,0,0,0,6.42420602462452,0,0,0,19.2753970406272,0,47.7165781656901,0,0,0,0,0,0,0,13.6318016052246,0,4.60032983877326,0,3.20390993356705,0,6.81367456250721,0,6.24719948768616,0,14.2290219823519,0,16.505657968067,6.57194413457598,0,0,0,0,0,0,0,0,0,0,0,0,0,0,0,12.6352839205,0,0,0,3.60008383078561,6.30302044801545,8.68989612162113,0,0
0,0,0,0,2.80493060747782,0,0,0,0,0,0,0,3.65617236495018,0,0,0,0,0,0,0,12.2762497559838,0,0,0,0,0,0,0,0,0,0,0,0,0,0,0,4.41701292991638,0,0,0,0,0,0,0,0,0,0,0,0,0,0,0,2.98259942459338,0,0,0,11.4217012804865,0,7.08397888031203,0,0,0,0,16.355380821228,0,0,0,0,0,0,0,0,0,0,0,0,0,0,0,0,0,0,3.40342563040116,2.8244739373525,3.02570715817538,0,0
0,0,0,0,0,3.37494961420695,0,0,0,0,0,3.91338765621185,0,0,0,0,0,0,0,3.55438996616163,0,0,0,0,0,0,0,0,0,0,0,0,0,0,0,0,0,0,0,0,0,0,0,0,0,0,0,0,0,0,0,0,0,2.74761557579041,0,0,0,2.75129723548889,0,0,0,0,0,0,0,0,0,0,0,0,0,0,0,0,0,0,0,0,0,0,0,0,2.95946314599779,2.87884048492678,0,0,0
14.7310047390264,0,7.32792403499285,0,5.28637508153915,0,0,0,0,71.1119155883789,0,0,0,0,5.75650425788459,80.3888549804688,7.36185523721038,51.6816101074219,10.4141541673587,0,0,0,0,63.2108497619629,9.13485312899627,0,10.0649932116678,0,0,0,0,0,0,0,0,96.7542190551758,54.4497487921464,47.551326751709,16.4749472887915,0,31.0894673665365,37.1149291992188,16.8545446925693,0,0,0,32.8229549952916,0,17.2081223726273,0,8.78175499041875,0,0,0,5.35220815464268,62.7184982299805,11.1362477090624,0,0,0,9.38158794538474,69.2725219726562,0,0,70.603645324707,0,58.5317306518555,8.25852666030059,0,10.2439322471619,0,19.3961240835864,0,22.7931068476745,0,0,0,0,0,48.3587697681628,48.2249755859375,21.5090018577382,7.52817931752416,8.51239071465404,21.9433071054134,0,9.04935169219971
0,11.9334784424947,0,11.8798735171189,0,3.89962169486032,0,0,71.1119155883789,0,0,0,0,0,0,7.27990957621102,35.7232181549072,13.6591181089712,11.2889655160904,0,0,0,63.4683570861816,9.36968065474344,64.2311637878418,0,0,0,0,0,0,0,0,0,0,62.9360605541028,0,26.3123456637065,52.1277729988098,45.933515921883,80.6266937255859,22.9141680921703,69.8494243621826,0,0,54.1558303833008,98.4480361938477,0,0,31.1699606372464,0,18.777912457784,0,0,81.1803970336914,6.54921121040857,0,14.6847608967831,0,19.9601907730103,0,7.82382468824033,0,0,0,56.5234921773275,12.0970200352583,54.5462348937988,13.4834247231483,0,30.2016415990385,0,28.0598509883153,0,0,0,0,0,52.062042038162,0,31.8853785955361,54.4569192613874,8.79693334191906,17.9447833609908,26.6744894209625,0,0
0,0,0,0,0,0,0,0,0,0,0,0,5.91139299213733,0,0,0,0,0,0,0,5.89678171611725,0,0,0,0,0,0,0,5.91580718442013,0,3.5792857915163,0,0,0,0,0,4.8901692728811,0,4.54335419700448,0,0,0,0,0,0,0,0,0,0,0,0,0,2.734130859375,0,0,0,4.71552847549617,0,5.50758948796232,0,0,0,0,15.1018851598104,0,0,0,0,0,0,0,10.1582470017095,0,6.48139160646583,0,0,0,0,0,6.44644167790046,0,19.7861870129903,3.32767132350377,0,17.8410409780649,0,0
0,0,0,0,0,6.43518037796021,0,3.91338765621185,0,0,0,0,0,3.90361561541568,0,12.4309158325195,0,0,0,3.13028826973318,0,0,0,0,0,0,0,4.37082038290514,0,5.20668410091865,0,0,0,0,0,4.07720399989083,0,4.79196295921619,0,0,0,0,0,0,0,0,0,0,0,0,0,0,0,0,0,0,0,4.47407576060892,0,7.96535852977208,0,11.7490844726562,7.80538607993216,0,0,0,0,0,0,0,2.95409488677979,0,4.07625356473421,0,0,0,0,0,5.99151293797927,0,5.08698400855064,0,3.17086506023836,4.61009599367778,2.95195865631104,0,0
0,0,0,0,0,0,3.65617236495018,0,0,0,5.91139299213733,0,0,0,9.88776111602783,0,0,0,0,0,0,0,0,0,0,0,0,0,5.01353336970011,0,0,0,0,0,0,0,0,0,0,0,0,0,0,0,0,0,0,0,0,0,0,0,2.79907646179199,0,0,0,9.00705441332752,0,3.63408880421285,0,7.24482568105062,0,0,0,0,0,0,0,0,0,0,10.0535936912933,0,12.8347754932585,0,0,0,0,0,0,0,0,3.13754062233744,3.86154026626259,0,0,0
0,3.42451659838359,0,0,0,0,0,0,0,0,0,3.90361561541568,0,0,0,3.21185786940835,0,0,63.5438766479492,0,0,0,0,0,0,0,0,4.4481102740511,0,0,0,0,0,0,0,0,0,25.2853559766497,54.0257987976074,61.6717805862427,0,48.7156467437744,0,0,0,63.6607284545898,0,0,0,24.8652170414016,0,0,0,0,0,0,0,3.76213091473247,0,3.45967680311458,0,4.10229472971674,0,0,0,0,0,0,8.99893366244801,0,9.27590894699097,0,23.9123379389445,0,0,0,0,0,0,0,0,52.7698295593262,8.66044016160827,2.93665257961519,25.5434665259193,0,0
8.63706498588158,0,10.4002330720425,0,5.44720619622572,0,0,0,5.75650425788459,0,0,0,9.88776111602783,0,0,0,47.7700309753418,0,0,0,16.4113299051921,0,0,0,0,0,0,0,0,0,0,0,0,0,0,0,0,0,25.2494036356608,0,0,0,40.2736129760742,0,0,0,0,0,11.9756262446024,0,7.16457295417786,0,0,0,8.77093575982487,0,8.97086995255713,0,7.01169072428057,0,4.60824799751128,0,0,15.1941995620728,0,0,0,24.5146481990814,0,8.3723590360369,0,38.6336792839898,0,38.8546536763509,0,0,0,0,0,71.4494552612305,0,0,3.77072834374377,4.1946009781401,25.1195929233844,0,0
0,9.58942931890488,0,10.0073587449166,0,17.7175322450124,0,0,80.3888549804688,7.27990957621102,0,12.4309158325195,0,3.21185786940835,0,0,0,0,49.8622550964355,19.3577919006348,0,0,66.4343795776367,3.15969252586365,0,3.79002118110657,0,0,0,0,0,0,0,0,0,60.4873294830322,0,27.8958012898763,52.8824601606889,58.1235718360314,0,39.5460451328202,0,0,0,49.4922243754069,0,66.3101196289062,56.3560791015625,14.3212785943445,0,3.50826653567227,0,0,0,15.1667941680321,0,9.40300954798217,0,4.64536966997034,0,4.02999757197725,17.0049807230632,0,0,0,30.6958950360616,56.9462776184082,6.29758615493774,0,21.6942745685577,0,37.3236132401686,0,0,0,0,0,58.5923399925232,0,41.4760248184204,49.0483927726746,11.2607003223798,30.9631148444282,27.2121758631852,0,0
24.4470945994059,69.525520324707,0,0,0,0,0,0,7.36185523721038,35.7232181549072,0,0,0,0,47.7700309753418,0,0,19.5004512525807,20.3969474327813,0,0,0,3.61022401196616,0,2.95119750088659,0,3.7837021256748,0,0,0,0,0,0,0,0,93.6683095296224,87.1945817029035,104.390159606934,101.269706726074,75.8456739342731,67.36496534103,58.9917110679424,53.6506292095224,0,0,61.8210805257161,64.9906629162695,0,66.4176559448242,0,0,0,0,0,6.08392319959753,57.0167503356934,0,0,0,0,0,0,0,61.3374500274658,0,2.95419979095459,60.5065167744954,0,0,0,0,34.6042782919748,69.5617297860079,35.8803412914276,0,0,0,0,88.1840149123093,75.0833227494184,74.6289595090426,47.1456826527913,11.2569371647602,11.8057414672171,59.9268111969267,49.745288848877,52.0921281178792
67.2389742533366,6.53037786483765,0,0,0,0,0,0,51.6816101074219,13.6591181089712,0,0,0,0,0,0,19.5004512525807,0,21.2061913788141,0,0,3.3074178850496,0,2.9865471124649,0,2.91238650594439,0,0,0,0,0,0,0,0,0,76.8572128491524,91.4032776355743,83.1803830464681,0,54.8338465763972,74.3634915351868,37.7468427070831,62.9691203905189,0,0,43.6742297808329,71.0560419718424,0,0,90.1537653605143,0,0,0,0,49.8020992279053,35.734028679984,0,69.4812393188477,0,0,0,2.74759829044342,96.9911117553711,0,0,0,0,0,4.89359615908729,0,46.0126950400216,62.8214025497437,48.009648506458,75.2852104187012,0,0,0,0,64.163328591515,85.2812841992045,56.1498300405649,88.8953905105591,12.6273532322687,10.0171886711701,59.1304399967194,49.5971908569336,66.1910190582275
32.2264113590635,26.4815138641157,0,0,0,0,0,0,10.4141541673587,11.2889655160904,0,0,0,63.5438766479492,0,49.8622550964355,20.3969474327813,21.2061913788141,0,0,0,0,0,38.9348473548889,0,0,0,0,0,0,0,0,0,59.4936637878418,0,72.3589722992944,65.1197663373488,66.7930089165183,60.8258607046945,48.7510037149243,43.683785539407,26.996837233139,20.4975491273698,0,0,36.6768952803178,39.2389765634587,0,45.3629333789532,42.2977039630596,0,0,0,0,13.1237121464913,24.2920059053986,0,38.1060543060303,0,0,81.1515731811523,0,98.3157424926758,65.9778741200765,0,0,37.2158941268921,23.8351149029202,0,34.3638639450073,40.4822285136238,34.4462278614873,42.9328557872926,35.9530523088243,0,0,0,0,55.4423072220601,52.4049068942214,51.3864883826761,46.6703122896166,13.7741437679635,26.1237120415754,37.3814710654497,30.4727104504903,24.1793804168701
0,0,0,9.80803084373474,0,5.36330468654633,0,3.55438996616163,0,0,0,3.13028826973318,0,0,0,19.3577919006348,0,0,0,0,0,0,0,0,0,0,0,0,0,0,0,0,0,0,0,5.95091941586985,0,4.78670425463449,0,0,0,0,0,0,0,6.53750628232956,0,0,0,0,0,0,0,0,0,0,0,4.46825091632796,0,16.9636945724487,0,18.3345108032227,5.82103747006028,0,0,0,0,0,0,0,0,0,0,0,0,0,0,0,8.60449896472515,0,9.36317435432883,0,3.93571673170493,0,5.19572263124929,0,0
0,0,0,0,8.36231769884334,0,12.2762497559838,0,0,0,5.89678171611725,0,0,0,16.4113299051921,0,0,0,0,0,0,0,0,0,0,0,0,0,0,0,0,0,0,0,0,0,7.41453742336266,0,7.13759786949545,0,0,0,0,0,0,0,0,0,0,0,11.5164746612009,0,4.33063938400962,0,0,0,4.53997744538913,0,11.2010390298408,0,15.6738971074422,0,0,4.50963789146812,0,0,0,0,0,0,0,0,0,11.836713331717,0,0,0,0,0,9.59835284039648,0,13.0665000782073,3.70911317637988,0,4.57186264761033,0,0
0,0,0,0,0,0,0,0,0,0,0,0,0,0,0,0,0,3.3074178850496,0,0,0,0,5.31842720827317,7.46402026133591,50.9333095550537,5.31990118253799,0,4.68211107783847,0,0,0,0,0,0,0,0,0,6.5734370656767,41.3856862386068,0,0,0,0,0,0,0,0,27.7380662645612,0,7.25400924682617,0,0,0,0,0,0,0,0,0,0,0,0,0,0,5.78729541373145,8.05802909112134,9.51316168250107,0,7.30210267001318,0,5.87474067889861,0,0,0,0,0,0,0,0,0,7.75758072976713,39.4503071269051,4.47338755976234,3.80618233871097,31.6611042022705,0,0
0,63.8820877075195,0,0,0,0,0,0,0,63.4683570861816,0,0,0,0,0,66.4343795776367,3.61022401196616,0,0,0,0,5.31842720827317,0,50.54563331604,7.42058497772409,0,0,0,3.12758053779602,0,0,0,0,34.395393371582,0,0,0,37.9279597600301,5.87649208599548,0,0,30.0477788448334,31.3128420114517,0,0,0,0,26.7916316986084,3.93117006455061,41.1463631850023,0,0,0,0,0,56.8813753128052,0,0,0,0,0,57.2447662353516,0,0,36.1730993270874,5.38753054570748,47.5693777084351,5.3212564290348,0,3.61058050872636,0,4.21738028526306,0,0,0,0,0,0,0,0,38.0871488584889,5.75055653696329,5.68062420253656,7.36307763192887,43.254995073591,0,0
0,16.102303254086,0,0,0,0,0,0,63.2108497619629,9.36968065474344,0,0,0,0,0,3.15969252586365,0,2.9865471124649,38.9348473548889,0,0,7.46402026133591,50.54563331604,0,40.6599140167236,7.09762155043112,0,0,0,0,0,0,0,0,36.560718536377,82.3521347045898,0,9.36072778799695,41.1970258818732,0,0,26.2978355183321,0,0,0,0,0,22.7725807825724,0,13.8002641042074,0,0,0,0,60.7293968200684,10.109718906855,0,0,0,0,70.8134002685547,18.4532604217529,0,0,6.97233745764042,48.066780090332,5.89962490977869,45.7360452016195,6.10586278417469,0,13.9890234231949,0,23.0023964473179,0,0,0,0,0,0,0,8.0776601610957,38.3027633031209,11.199872962319,26.3484511997389,16.2693335570787,0,0
19.1373721664235,0,29.5676898956299,0,0,0,0,0,9.13485312899627,64.2311637878418,0,0,0,0,0,0,2.95119750088659,0,0,0,0,50.9333095550537,7.42058497772409,40.6599140167236,0,0,5.3391410321421,0,0,0,0,0,0,0,0,0,0,39.2234556674957,6.94339112603409,0,0,28.8339672088623,21.9398179281326,0,0,0,0,0,9.69016331784865,40.9733123779297,0,0,0,0,8.89322367791207,0,0,0,0,0,17.1842241287231,60.3730621337891,0,0,0,7.0923767968478,49.6759675343831,5.16278589469912,0,5.30389438595688,0,21.2190135809091,0,22.7320976257324,0,0,0,0,0,0,38.1251098087856,8.02124251035544,5.80764909190033,23.4191341400146,8.72516348303818,0,0
0,0,0,0,0,0,0,0,0,0,0,0,0,0,0,3.79002118110657,0,2.91238650594439,0,0,0,5.31990118253799,0,7.09762155043112,0,0,0,0,0,0,0,0,0,0,0,0,0,12.499492769656,0,0,0,0,0,0,0,0,0,0,0,0,0,0,0,0,0,0,0,0,0,0,0,3.58202028274536,0,0,4.88059269587199,0,7.04515038837086,0,3.44486958762309,0,7.00549384951591,0,0,0,0,0,0,0,0,0,13.3519225120544,0,5.5263959746207,0,0,0,0
0,0,0,0,0,0,0,0,10.0649932116678,0,0,0,0,0,0,0,3.7837021256748,0,0,0,0,0,0,0,5.3391410321421,0,0,0,3.3723628346513,0,0,0,0,0,0,0,0,0,23.9850168228149,0,0,0,0,0,0,0,0,0,0,0,0,0,0,0,12.2658588027954,0,0,0,0,0,0,0,0,0,0,0,0,4.37743483337702,0,4.49094159625898,0,2.74348330497742,0,0,0,0,0,0,0,0,0,16.8297567367554,4.92422249024374,0,0,0,0
0,0,0,0,0,0,0,0,0,0,0,4.37082038290514,0,4.4481102740511,0,0,0,0,0,0,0,4.68211107783847,0,0,0,0,0,0,0,4.96175041117451,0,0,0,0,0,0,0,2.96276664733887,0,0,0,0,0,0,0,0,0,0,0,0,0,0,0,0,0,0,0,0,0,2.8731972694397,0,0,0,0,4.56736626625061,0,0,0,4.78087264299393,0,3.59737228761913,0,0,0,0,0,0,0,0,0,0,0,2.82340049743652,2.90682394273819,0,0,0
0,0,0,0,0,0,0,0,0,0,5.91580718442013,0,5.01353336970011,0,0,0,0,0,0,0,0,0,3.12758053779602,0,0,0,3.3723628346513,0,0,0,4.28314595361151,0,0,0,0,0,0,0,4.5168929955055,0,0,0,0,0,0,0,0,0,0,0,0,0,0,0,0,0,3.15442144870758,0,0,0,0,0,0,0,0,3.23664252898272,0,0,0,0,0,5.48447235586595,0,9.47244140704473,0,0,0,0,0,0,0,7.00912806120786,4.90307568215035,3.05197015885384,0,0,0
0,0,0,0,0,0,0,0,0,0,0,5.20668410091865,0,0,0,0,0,0,0,0,0,0,0,0,0,0,0,4.96175041117451,0,0,0,0,0,0,0,0,0,5.66272282600403,0,0,0,0,0,0,0,0,0,0,0,0,0,0,0,0,0,0,0,4.33519120777355,0,0,0,0,0,0,0,0,0,0,0,0,0,0,3.84144679231381,0,0,0,0,0,0,0,0,0,4.77759403195874,2.81742374102275,0,0,0
0,0,0,0,0,0,0,0,0,0,3.5792857915163,0,0,0,0,0,0,0,0,0,0,0,0,0,0,0,0,0,4.28314595361151,0,0,0,0,0,0,0,0,0,3.9328282411034,0,0,0,0,0,0,0,0,0,0,0,0,0,0,0,0,0,3.1550560593605,0,0,0,0,0,0,0,0,0,0,0,0,0,0,6.39844687779744,0,3.66959670235439,0,0,0,0,0,0,0,3.58531866754804,5.68218829929829,0,0,0,0
0,0,0,0,0,0,0,0,0,0,0,0,0,0,0,0,0,0,0,0,0,0,0,0,0,0,0,0,0,0,0,0,3.04209092005956,6.83589339256287,0,3.05731062281807,3.11720687570706,0,0,0,0,0,0,0,0,0,0,4.30635170689945,0,6.74020338058472,0,0,0,0,0,0,0,0,0,0,0,0,0,0,0,0,0,0,0,0,0,0,0,0,3.57616629815919,4.87449790040652,5.83856541232059,0,3.94338690350247,0,0,0,3.21532116927992,0,0,0,0
0,0,0,0,0,0,0,0,0,0,0,0,0,0,0,0,0,0,0,0,0,0,0,0,0,0,0,0,0,0,0,3.04209092005956,0,0,3.88584914244711,3.45675941517479,3.71752693937786,0,0,0,7.08115428686142,0,0,0,0,0,0,4.569355078527,5.35665126800537,0,0,0,0,0,0,0,0,0,0,0,0,0,0,0,0,0,0,0,0,0,0,0,0,0,2.93673393943093,4.66889496099262,0,3.90263020837462,0,4.18726217710936,0,0,3.00937213897705,0,0,0,0
0,0,0,0,0,0,0,0,0,0,0,0,0,0,0,0,0,0,59.4936637878418,0,0,0,34.395393371582,0,0,0,0,0,0,0,0,6.83589339256287,0,0,4.21880451959323,7.26064315307431,7.21365825335185,4.79262347428695,23.0678366290198,76.6402587890625,0,16.281025989239,33.8131771087646,0,0,0,0,5.63945092243414,0,15.3755872823157,0,0,0,0,0,0,0,0,0,0,0,0,0,0,0,0,0,0,0,0,0,0,0,0,8.10566613890908,0,4.69880107810558,4.73595323767818,11.236932856477,0,7.24219464516455,27.5816440582275,4.77574610186786,3.54177147418529,12.5858470996221,0,0
0,49.5435104370117,0,0,0,0,0,0,0,0,0,0,0,0,0,0,0,0,0,0,0,0,0,36.560718536377,0,0,0,0,0,0,0,0,3.88584914244711,4.21880451959323,0,0,5.70913257700078,25.5335583686829,4.28628007365811,0,0,18.1584310531616,33.9446357727051,0,0,0,70.6844151814779,5.74308355232765,11.7379983642497,24.5006344658988,0,0,0,0,0,46.6706619262695,0,0,0,0,0,0,0,0,47.8748245239258,0,38.2770767211914,0,0,0,0,0,0,0,0,6.68559849262238,3.96178410416943,4.77426117479095,0,8.59879954535552,28.0963122049967,7.72197641645159,4.73006001823698,3.65350474669919,29.5552399953206,0,0
0,57.8073768615723,0,8.88585374666297,0,6.42420602462452,0,0,96.7542190551758,62.9360605541028,0,4.07720399989083,0,0,0,60.4873294830322,93.6683095296224,76.8572128491524,72.3589722992944,5.95091941586985,0,0,0,82.3521347045898,0,0,0,0,0,0,0,3.05731062281807,3.45675941517479,7.26064315307431,0,0,4.94017640975068,7.9002948349696,7.96862106323242,8.85046604190554,9.80988992466016,40.5177168389584,49.5729049444199,0,0,46.3958665944528,103.346977233887,9.76697136994564,32.940502166748,18.0834018202111,0,23.7670564651489,0,0,0,61.6144495010376,0,9.52475381404795,0,16.434033849965,0,19.8876012166341,10.2370102517768,0,0,0,0,0,0,0,0,0,104.715520586286,0,3.52078436283355,4.86891467991997,7.18137831278522,0,6.74561410935736,9.39816137305347,12.3852004636991,145.791641235352,8.31588919092076,30.2168018167669,18.7845506664015,0,0
57.4995987632058,0,0,0,6.59416144192219,0,4.41701292991638,0,54.4497487921464,0,4.8901692728811,0,0,0,0,0,87.1945817029035,91.4032776355743,65.1197663373488,0,7.41453742336266,0,0,0,0,0,0,0,0,0,0,3.11720687570706,3.71752693937786,7.21365825335185,5.70913257700078,4.94017640975068,0,0,8.69325844738512,110.694803873698,9.3706563683618,115.567334493001,53.5152325989449,0,0,0,46.8674673082981,12.8169603948834,15.8036019271161,27.1352572441101,6.64560513307819,0,0,0,54.0305786132812,0,8.77964429855347,0,0,0,57.2830390930176,0,0,15.8407469163861,0,0,0,0,0,0,0,101.599220275879,129.38236618042,38.9876341819763,0,3.46705394524794,0,7.91491231969243,8.13413388815271,6.57155302784421,164.616592407227,13.3322855320606,11.1926297024716,6.29084195456374,38.9363918896322,0,42.8862352371216
45.122428894043,21.208301098116,0,70.9788513183594,0,0,0,0,47.551326751709,26.3123456637065,0,4.79196295921619,0,25.2853559766497,0,27.8958012898763,104.390159606934,83.1803830464681,66.7930089165183,4.78670425463449,0,6.5734370656767,37.9279597600301,9.36072778799695,39.2234556674957,12.499492769656,0,2.96276664733887,0,5.66272282600403,0,0,0,4.79262347428695,25.5335583686829,7.9002948349696,0,0,27.6104392640787,89.6959648132324,0,21.548609813419,27.6173858642578,0,0,18.9434850566527,105.933532714844,13.2782577380027,28.0215123748779,6.31699484895777,0,0,0,0,50.2143585205078,15.2455228059599,0,0,0,0,59.3771362304688,22.9729211868778,8.09310044909632,0,9.41041446544907,35.0465967332995,7.15292759936491,35.7976748602731,9.07596991459529,0,5.88333871581338,0,5.44357883855232,0,0,0,4.71911432172941,0,12.1806048529857,119.24836730957,6.47197123845328,28.7854970749687,9.05743222069579,13.5039686399957,19.1329707963126,29.8025054931641,0
26.8253831474149,47.2945003509521,0,0,0,0,0,0,16.4749472887915,52.1277729988098,4.54335419700448,0,0,54.0257987976074,25.2494036356608,52.8824601606889,101.269706726074,0,60.8258607046945,0,7.13759786949545,41.3856862386068,5.87649208599548,41.1970258818732,6.94339112603409,0,23.9850168228149,0,4.5168929955055,0,3.9328282411034,0,0,23.0678366290198,4.28628007365811,7.96862106323242,8.69325844738512,27.6104392640787,0,0,65.879528590611,21.8658527894454,23.456454379387,0,0,0,54.6094755284926,11.1473249982198,10.3446092826192,30.9937568028768,0,0,0,0,16.9452501459618,52.5915877024333,5.3844581090487,0,0,0,24.383181638885,51.8981151580811,0,12.0026902116578,52.4282121658325,6.3077710424862,38.8106073273553,6.62659032418461,44.7357391357422,11.9552940712419,0,4.07893049716949,0,5.2752340271969,0,0,0,9.47310573206109,0,12.2907791042829,23.914438782279,6.60404039171227,8.64026378005104,9.54114090312611,20.1925028274799,0,0
79.2038421630859,52.3622880299886,0,40.6477149160285,0,19.2753970406272,0,0,0,45.933515921883,0,0,0,61.6717805862427,0,58.1235718360314,75.8456739342731,54.8338465763972,48.7510037149243,0,0,0,0,0,0,0,0,0,0,0,0,0,0,76.6402587890625,0,8.85046604190554,110.694803873698,89.6959648132324,0,0,17.0351485339078,24.1195273216608,46.2591751098633,0,0,15.1238337755203,132.277378082275,7.20803174775028,8.45439537280777,6.18402793717793,0,0,0,0,0,54.3766605152803,0,0,0,53.8657468159994,0,51.8347460428874,4.18994400113128,115.642707824707,0,0,62.4013061523438,0,42.1109008789062,0,54.3985939025879,0,68.9353759665238,0,0,0,0,0,14.9757008201125,76.1803633371989,70.6918073654175,0,29.934980937067,57.3832810141824,11.2726547923566,24.573578675588,0
40.1268768310547,0,0,0,0,0,0,0,31.0894673665365,80.6266937255859,0,0,0,0,0,0,67.36496534103,74.3634915351868,43.683785539407,0,0,0,0,0,0,0,0,0,0,0,0,0,7.08115428686142,0,0,9.80988992466016,9.3706563683618,0,65.879528590611,17.0351485339078,0,132.74235534668,22.767923946288,0,0,101.291180928548,12.9236158268564,5.65856192962094,5.18777822766057,13.3410316720066,0,0,0,0,46.3431882858276,0,0,0,0,0,45.3805046081543,0,0,10.1090560458427,0,0,0,0,0,0,107.959953308105,76.8070907592773,0,79.6101779937744,0,6.41128708154727,0,0,24.8889517721377,6.93100212980895,110.497512817383,12.7548795873469,25.0441008778069,77.8421382904053,9.5398181596356,0,14.5597106860234
98.3237075805664,21.2401210130811,0,34.6950260040175,0,47.7165781656901,0,0,37.1149291992188,22.9141680921703,0,0,0,48.7156467437744,0,39.5460451328202,58.9917110679424,37.7468427070831,26.996837233139,0,0,0,30.0477788448334,26.2978355183321,28.8339672088623,0,0,0,0,0,0,0,0,16.281025989239,18.1584310531616,40.5177168389584,115.567334493001,21.548609813419,21.8658527894454,24.1195273216608,132.74235534668,0,11.7438649988259,0,0,19.6880104868019,92.1874084472656,10.8280311119556,17.4606379389763,14.9254972664691,0,0,0,0,52.9221878051758,36.0032565173173,0,21.6171671867371,0,21.6016996761538,0,28.8359657309272,43.2413638432821,0,0,28.6500844955444,23.1400726384754,0,28.9798545360565,0,20.5146316534636,87.1618194580078,21.3545067532504,86.0076370239258,0,0,28.454060236613,0,37.3508995114402,95.8013966878255,32.6497205947335,27.9815791772336,16.2280388367249,35.9022672844575,14.6013426414068,11.5883130696641,0
19.6986006611749,56.8569984436035,27.664625676473,38.7441139221191,46.1778150285993,0,0,0,16.8545446925693,69.8494243621826,0,0,0,0,40.2736129760742,0,53.6506292095224,62.9691203905189,20.4975491273698,0,0,0,31.3128420114517,0,21.9398179281326,0,0,0,0,0,0,0,0,33.8131771087646,33.9446357727051,49.5729049444199,53.5152325989449,27.6173858642578,23.456454379387,46.2591751098633,22.767923946288,11.7438649988259,0,0,9.35434645414352,65.4026437239213,18.8418962711575,8.2042251834163,13.0885083898269,21.5076740334887,41.1829261779785,0,0,0,18.7291289464287,41.8299446105957,14.1752734184265,0,0,0,24.2313338180087,0,0,26.2481685721356,0,32.6942691802979,39.0445976257324,20.9277936762029,0,21.1463408999973,0,15.7459077303788,77.887321472168,18.4631991948902,0,0,0,0,55.9377560165693,34.0423185975989,41.2435669898987,34.0479505532341,13.7429109517927,25.6106124755948,15.5799207429203,0,12.0654824916227
0,0,0,0,0,0,0,0,0,0,0,0,0,0,0,0,0,0,0,0,0,0,0,0,0,0,0,0,0,0,0,0,0,0,0,0,0,0,0,0,0,0,0,0,0,0,0,0,0,0,0,0,0,0,0,0,0,0,0,0,0,0,0,0,0,0,0,0,0,0,0,0,0,0,0,0,0,0,0,0,0,0,0,0,0,0,0
0,0,0,0,0,0,0,0,0,0,0,0,0,0,0,0,0,0,0,0,0,0,0,0,0,0,0,0,0,0,0,0,0,0,0,0,0,0,0,0,0,0,9.35434645414352,0,0,0,14.3723511695862,0,25.0960102081299,0,0,0,0,0,0,0,0,0,0,0,0,0,0,0,0,0,0,0,0,0,0,0,0,0,0,0,0,0,0,15.7685260772705,0,0,0,0,7.06616771221161,0,0
0,45.4160440989903,0,40.2445234680176,0,0,0,0,0,54.1558303833008,0,0,0,63.6607284545898,0,49.4922243754069,61.8210805257161,43.6742297808329,36.6768952803178,6.53750628232956,0,0,0,0,0,0,0,0,0,0,0,0,0,0,0,46.3958665944528,0,18.9434850566527,0,15.1238337755203,101.291180928548,19.6880104868019,65.4026437239213,0,0,0,84.5842034476144,0,0,35.8994315754284,0,0,0,0,0,48.5234255730351,0,20.2808535893758,0,55.3048477172852,0,55.0594635009766,7.21445935464853,0,0,0,62.6594734191895,0,0,0,59.3322639465332,0,53.069975939664,117.970657348633,0,0,0,0,19.462870418387,99.2750282287598,29.835350792248,0,32.2306230593463,56.4044889722552,16.9758090206003,24.9753247261047,0
23.9596002366808,0,15.2508474349976,0,0,0,0,0,32.8229549952916,98.4480361938477,0,0,0,0,0,0,64.9906629162695,71.0560419718424,39.2389765634587,0,0,0,0,0,0,0,0,0,0,0,0,0,0,0,70.6844151814779,103.346977233887,46.8674673082981,105.933532714844,54.6094755284926,132.277378082275,12.9236158268564,92.1874084472656,18.8418962711575,0,14.3723511695862,84.5842034476144,0,0,23.206912279129,0,0,0,0,0,33.4582862854004,76.6956939697266,21.797828912735,0,0,0,0,0,0,6.72898256804757,0,0,0,0,0,0,0,54.0245043436686,95.086067199707,46.5521575712389,0,0,0,0,110.922225054573,19.0622433042737,105.354833602905,41.3069635831393,38.2330438397888,73.820770517985,19.7441919507995,0,34.3404510066194
0,45.1125602722168,0,55.3464584350586,0,0,0,0,0,0,0,0,0,0,0,66.3101196289062,0,0,0,0,0,27.7380662645612,26.7916316986084,22.7725807825724,0,0,0,0,0,0,0,4.30635170689945,4.569355078527,5.63945092243414,5.74308355232765,9.76697136994564,12.8169603948834,13.2782577380027,11.1473249982198,7.20803174775028,5.65856192962094,10.8280311119556,8.2042251834163,0,0,0,0,0,5.67442161838214,8.74353655832082,0,0,0,0,0,43.5633563995361,0,0,0,0,0,39.2477149963379,0,0,40.7059049606323,23.9668305714925,31.6827373504639,0,0,0,0,0,0,0,4.55318168799082,6.89259518090115,4.53021455161712,5.18574533186668,10.7488902601272,6.50835071593452,13.6518086207282,11.6528839390233,6.73660070091669,7.97452470503355,6.25174155330658,0,0
10.5046664418244,0,4.61139530566201,0,11.8131665836681,0,0,0,17.2081223726273,0,0,0,0,0,11.9756262446024,56.3560791015625,66.4176559448242,0,45.3629333789532,0,0,0,3.93117006455061,0,9.69016331784865,0,0,0,0,0,0,0,5.35665126800537,0,11.7379983642497,32.940502166748,15.8036019271161,28.0215123748779,10.3446092826192,8.45439537280777,5.18777822766057,17.4606379389763,13.0885083898269,0,25.0960102081299,0,23.206912279129,5.67442161838214,0,8.76415206398425,11.4946704161795,0,0,0,17.356941144491,51.4249572753906,4.56910005069914,0,5.0469681792789,0,19.2728132562247,48.7763938903809,0,42.5979829788208,49.6564922332764,3.34239077568054,41.563528696696,9.82744863705757,0,8.25128732291348,0,6.98275932271628,95.0460815429688,17.2446779476272,0,4.78869980195792,0,6.29324673929959,24.7954400380452,10.4456263868345,38.9532523685031,7.60433146486663,10.0339074474305,11.8554336547852,7.10852306855827,0,0
0,11.743259602096,0,33.7377994401114,0,13.6318016052246,0,0,0,31.1699606372464,0,0,0,24.8652170414016,0,14.3212785943445,0,90.1537653605143,42.2977039630596,0,0,7.25400924682617,41.1463631850023,13.8002641042074,40.9733123779297,0,0,0,0,0,0,6.74020338058472,0,15.3755872823157,24.5006344658988,18.0834018202111,27.1352572441101,6.31699484895777,30.9937568028768,6.18402793717793,13.3410316720066,14.9254972664691,21.5076740334887,0,0,35.8994315754284,0,8.74353655832082,8.76415206398425,0,0,10.2964286804199,0,0,0,30.9313205155459,0,0,0,13.6399664853749,0,8.83773555873353,56.0050086975098,0,20.5137673786708,41.6095809936523,20.7587868478563,0,9.76533765420117,0,8.79615191890769,0,12.5811165404874,0,0,0,14.5227039720191,0,19.9000036176646,31.4087501525879,6.19201564250253,31.2075766979809,10.4101464405341,39.9956415176392,8.55368270069106,26.5070171356201,0
13.1274425792694,0,12.3821518242359,0,3.28925827435085,0,0,0,8.78175499041875,0,0,0,0,0,7.16457295417786,0,0,0,0,0,11.5164746612009,0,0,0,0,0,0,0,0,0,0,0,0,0,0,0,6.64560513307819,0,0,0,0,0,41.1829261779785,0,0,0,0,0,11.4946704161795,0,0,0,0,0,4.96161266167959,0,12.4804031399713,0,7.54002488255501,0,3.672353262073,0,0,13.057125269198,0,0,0,34.1281814575195,0,0,0,38.8320007324219,0,43.7719955444336,0,0,0,0,0,7.41285122142119,0,0,4.05569179085168,0,31.3264122009277,0,0
0,0,0,14.7828192975786,0,4.60032983877326,0,0,0,18.777912457784,0,0,0,0,0,3.50826653567227,0,0,0,0,0,0,0,0,0,0,0,0,0,0,0,0,0,0,0,23.7670564651489,0,0,0,0,0,0,0,0,0,0,0,0,0,10.2964286804199,0,0,0,0,0,2.89623168536595,0,10.2707877800244,0,4.67398905754089,0,3.38101027228615,17.3257077534993,0,0,0,0,0,0,0,0,0,0,0,0,0,0,0,37.7752075195312,0,0,0,21.4442022868565,24.512119439932,23.655975818634,0,0
0,0,0,0,2.73795104026794,0,2.98259942459338,0,0,0,2.734130859375,0,2.79907646179199,0,0,0,0,0,0,0,4.33063938400962,0,0,0,0,0,0,0,0,0,0,0,0,0,0,0,0,0,0,0,0,0,0,0,0,0,0,0,0,0,0,0,0,0,0,0,11.3402220959566,0,9.30132115804232,0,0,0,0,0,0,0,0,0,0,0,0,0,0,0,0,0,0,0,0,0,0,0,0,0,0,0,0
0,0,0,0,0,3.20390993356705,0,2.74761557579041,0,0,0,0,0,0,0,0,0,0,0,0,0,0,0,0,0,0,0,0,0,0,0,0,0,0,0,0,0,0,0,0,0,0,0,0,0,0,0,0,0,0,0,0,0,0,0,0,0,2.95677876472473,0,2.88605777422587,0,0,0,0,0,0,0,0,0,0,0,0,0,0,0,0,0,0,0,0,0,0,2.91006387604607,3.15474820137024,0,0,0
14.7572115975865,0,14.5182901558123,0,9.77230035874151,0,0,0,5.35220815464268,81.1803970336914,0,0,0,0,8.77093575982487,0,6.08392319959753,49.8020992279053,13.1237121464913,0,0,0,0,60.7293968200684,8.89322367791207,0,12.2658588027954,0,0,0,0,0,0,0,0,0,54.0305786132812,50.2143585205078,16.9452501459618,0,46.3431882858276,52.9221878051758,18.7291289464287,0,0,0,33.4582862854004,0,17.356941144491,0,4.96161266167959,0,0,0,0,64.289680480957,11.2412390275435,0,0,0,12.2303163166046,0,0,0,75.9572219848633,0,57.3108571370443,7.84570769847385,0,14.9248983595106,0,20.2945395112038,0,23.9783407641995,0,0,0,0,87.8752517700195,54.6573600769043,45.7369537353516,20.7532182118249,10.4109640333645,14.4984180550826,18.5800137355881,0,45.4937858581543
0,11.9301862522047,0,13.3921473552364,0,6.81367456250721,0,0,62.7184982299805,6.54921121040857,0,0,0,0,0,15.1667941680321,57.0167503356934,35.734028679984,24.2920059053986,0,0,0,56.8813753128052,10.109718906855,0,0,0,0,0,0,0,0,0,0,46.6706619262695,61.6144495010376,0,15.2455228059599,52.5915877024333,54.3766605152803,0,36.0032565173173,41.8299446105957,0,0,48.5234255730351,76.6956939697266,43.5633563995361,51.4249572753906,30.9313205155459,0,2.89623168536595,0,0,64.289680480957,0,0,14.2961070914018,0,16.7038774490356,0,8.11511979103088,0,0,0,0,9.393625158957,56.5557022094727,16.8263530731201,0,22.020497636842,0,23.2938005197395,0,0,0,0,0,53.9585651719427,0,22.578689744792,54.223443031311,14.3761413275137,23.0221781690412,27.6553628269717,0,0
11.7652322735105,0,5.90035743778255,0,9.14307542671835,0,11.4217012804865,0,11.1362477090624,0,4.71552847549617,0,9.00705441332752,0,8.97086995255713,0,0,0,0,0,4.53997744538913,0,0,0,0,0,0,0,3.15442144870758,0,3.1550560593605,0,0,0,0,0,8.77964429855347,0,5.3844581090487,0,0,0,14.1752734184265,0,0,0,21.797828912735,0,4.56910005069914,0,12.4804031399713,0,11.3402220959566,0,11.2412390275435,0,0,0,6.83674525777707,0,8.17850840923398,0,0,4.55388098614556,0,0,0,0,0,5.33724656105042,0,3.82958526611328,0,4.41918602649202,0,0,0,0,0,9.29265213012695,0,0,11.4748842375619,24.1760216416984,6.37047322025503,0,0
0,6.41300758581895,0,4.83942685127258,0,6.24719948768616,0,2.75129723548889,0,14.6847608967831,0,4.47407576060892,0,3.76213091473247,0,9.40300954798217,0,69.4812393188477,38.1060543060303,4.46825091632796,0,0,0,0,0,0,0,0,0,4.33519120777355,0,0,0,0,0,9.52475381404795,0,0,0,0,0,21.6171671867371,0,0,0,20.2808535893758,0,0,0,0,0,10.2707877800244,0,2.95677876472473,0,14.2961070914018,0,0,0,4.29740928703336,0,7.18781228373128,6.83434483778738,0,0,0,0,0,0,0,6.27933531795229,0,5.81090809654126,0,0,0,0,0,32.1310439109802,0,12.5516236623128,0,10.2480739951134,18.481942987442,5.12636603161507,0,0
0,0,4.00252485275269,0,7.02889681416889,0,7.08397888031203,0,0,0,5.50758948796232,0,3.63408880421285,0,7.01169072428057,0,0,0,0,0,11.2010390298408,0,0,0,0,0,0,0,0,0,0,0,0,0,0,0,0,0,0,0,0,0,0,0,0,0,0,0,5.0469681792789,0,7.54002488255501,0,9.30132115804232,0,0,0,6.83674525777707,0,0,0,4.22867935865037,0,0,9.10707670847575,0,0,0,0,0,0,0,11.7413702011108,0,0,0,0,0,0,0,0,0,0,3.0092630982399,2.84629738330841,7.5889605774599,0,0
0,4.74375744019785,0,7.09355180028459,0,14.2290219823519,0,0,0,19.9601907730103,0,7.96535852977208,0,3.45967680311458,0,4.64536966997034,0,0,0,16.9636945724487,0,0,0,0,0,0,0,2.8731972694397,0,0,0,0,0,0,0,16.434033849965,0,0,0,53.8657468159994,0,21.6016996761538,0,0,0,55.3048477172852,0,0,0,13.6399664853749,0,4.67398905754089,0,2.88605777422587,0,16.7038774490356,0,4.29740928703336,0,0,0,4.04827962116319,11.6435282230377,0,0,0,0,0,5.9728670227222,0,6.77322840353228,0,20.0643888473511,0,0,0,0,0,0,0,0,0,10.1067178010941,18.5708439350128,12.9000844907116,0,0
8.29244505374803,0,8.25520326810725,0,7.44115591482683,0,0,0,9.38158794538474,0,0,0,7.24482568105062,0,4.60824799751128,0,0,0,81.1515731811523,0,15.6738971074422,0,0,70.8134002685547,17.1842241287231,0,0,0,0,0,0,0,0,0,0,0,57.2830390930176,59.3771362304688,24.383181638885,0,45.3805046081543,0,24.2313338180087,0,0,0,0,0,19.2728132562247,0,3.672353262073,0,0,0,12.2303163166046,0,8.17850840923398,0,4.22867935865037,0,0,0,0,13.4109674453735,0,0,0,16.2507390130924,0,6.41907839021663,0,13.4276159200512,0,22.6270503997803,0,0,0,0,0,0,0,23.6649559736252,8.27503655140216,4.32323861122131,18.2019469913543,0,0
0,6.4405303548594,0,7.58391919697838,0,16.505657968067,0,0,69.2725219726562,7.82382468824033,0,11.7490844726562,0,4.10229472971674,0,4.02999757197725,0,2.74759829044342,0,18.3345108032227,0,0,57.2447662353516,18.4532604217529,60.3730621337891,3.58202028274536,0,0,0,0,0,0,0,0,0,19.8876012166341,0,22.9729211868778,51.8981151580811,51.8347460428874,0,28.8359657309272,0,0,0,55.0594635009766,0,39.2477149963379,48.7763938903809,8.83773555873353,0,3.38101027228615,0,0,0,8.11511979103088,0,7.18781228373128,0,4.04827962116319,0,0,72.1503448486328,0,0,0,17.6938324546814,59.6119480133057,6.50391693983823,0,10.0699919392081,0,27.7698031338778,0,0,0,0,0,30.1470851898193,0,27.2424507141113,51.2855843764085,11.6284154698365,34.099787575858,22.8629212835395,0,0
0,0,0,10.7072143554688,0,6.57194413457598,0,0,0,0,0,7.80538607993216,0,0,0,17.0049807230632,0,96.9911117553711,98.3157424926758,5.82103747006028,0,0,0,0,0,0,0,0,0,0,0,0,0,0,0,10.2370102517768,0,8.09310044909632,0,4.18994400113128,0,43.2413638432821,0,0,0,7.21445935464853,0,0,0,56.0050086975098,0,17.3257077534993,0,0,0,0,0,6.83434483778738,0,11.6435282230377,0,72.1503448486328,0,0,0,0,0,0,0,0,0,0,16.9661673757386,0,0,0,0,0,12.6519264105689,0,15.7459273131937,0,9.72429174650844,0,8.70360165839508,0,0
0,0,0,0,8.97148051212743,0,16.355380821228,0,0,0,15.1018851598104,0,0,0,15.1941995620728,0,61.3374500274658,0,65.9778741200765,0,4.50963789146812,0,0,0,0,0,0,0,0,0,0,0,0,0,0,0,15.8407469163861,0,12.0026902116578,115.642707824707,10.1090560458427,0,26.2481685721356,0,0,0,6.72898256804757,0,42.5979829788208,0,13.057125269198,0,0,0,0,0,4.55388098614556,0,9.10707670847575,0,13.4109674453735,0,0,0,0,0,0,0,0,0,0,31.4059190750122,0,15.3007641250107,0,0,0,0,0,17.1616777147514,0,18.6715687545726,21.1748026812949,0,9.46776787055186,0,0
0,0,0,0,0,0,0,0,70.603645324707,0,0,0,0,0,0,0,0,0,0,0,0,5.78729541373145,36.1730993270874,6.97233745764042,0,4.88059269587199,0,4.56736626625061,0,0,0,0,0,0,47.8748245239258,0,0,9.41041446544907,52.4282121658325,0,0,0,0,0,0,0,0,40.7059049606323,49.6564922332764,20.5137673786708,0,0,0,0,75.9572219848633,0,0,0,0,0,0,0,0,0,0,55.0808410644531,17.0995955623564,53.7293128967285,8.37564161794269,0,9.59542490995449,0,0,0,0,0,0,0,0,0,13.8549071064702,50.3989287156325,5.28971229520295,8.17957428496654,0,0,0
0,0,0,0,0,0,0,0,0,56.5234921773275,0,0,0,0,0,0,2.95419979095459,0,0,0,0,8.05802909112134,5.38753054570748,48.066780090332,7.0923767968478,0,0,0,3.23664252898272,0,0,0,0,0,0,0,0,35.0465967332995,6.3077710424862,0,0,28.6500844955444,32.6942691802979,0,0,0,0,23.9668305714925,3.34239077568054,41.6095809936523,0,0,0,0,0,0,0,0,0,0,0,0,0,0,55.0808410644531,0,44.3098602294922,4.50417848130067,0,3.38294281959534,0,3.96621016568916,0,0,0,0,0,0,0,0,34.7598268284517,4.68624523008007,6.94001376855941,10.0292258030031,37.7770093282064,0,0
0,16.377462482696,0,0,0,0,0,0,58.5317306518555,12.0970200352583,0,0,0,0,0,30.6958950360616,60.5065167744954,0,37.2158941268921,0,0,9.51316168250107,47.5693777084351,5.89962490977869,49.6759675343831,7.04515038837086,0,0,0,0,0,0,0,0,38.2770767211914,0,0,7.15292759936491,38.8106073273553,62.4013061523438,0,23.1400726384754,39.0445976257324,0,0,62.6594734191895,0,31.6827373504639,41.563528696696,20.7587868478563,0,0,0,0,57.3108571370443,9.393625158957,0,0,0,0,0,17.6938324546814,0,0,17.0995955623564,44.3098602294922,0,43.9491340637207,7.35467886924744,0,15.725363303039,0,21.6777476410368,0,0,0,0,0,57.9477844238281,96.8789978027344,5.67513744084816,38.3459286638485,18.765052436886,31.8976991387862,14.0893107400814,0,0
18.5031726675214,47.3714599609375,27.553378423055,0,34.9671560014997,0,0,0,8.25852666030059,54.5462348937988,0,0,0,0,24.5146481990814,56.9462776184082,0,0,23.8351149029202,0,0,0,5.3212564290348,45.7360452016195,5.16278589469912,0,4.37743483337702,0,0,0,0,0,0,0,0,0,0,35.7976748602731,6.62659032418461,0,0,0,20.9277936762029,0,0,0,0,0,9.82744863705757,0,34.1281814575195,0,0,0,7.84570769847385,56.5557022094727,0,0,0,0,16.2507390130924,59.6119480133057,0,0,53.7293128967285,4.50417848130067,43.9491340637207,0,0,5.60299153327942,0,19.0585003580366,0,28.6495628356934,0,0,0,0,0,0,33.6657396952311,5.40724671326594,14.5194831962465,18.8488878250122,11.4218280231251,0,0
0,11.6851814190547,0,0,0,0,0,0,0,13.4834247231483,0,0,0,8.99893366244801,0,6.29758615493774,0,4.89359615908729,0,0,0,7.30210267001318,0,6.10586278417469,0,3.44486958762309,0,4.78087264299393,0,0,0,0,0,0,0,0,0,9.07596991459529,44.7357391357422,42.1109008789062,0,28.9798545360565,0,0,0,0,0,0,0,9.76533765420117,0,0,0,0,0,16.8263530731201,0,0,0,5.9728670227222,0,6.50391693983823,0,0,8.37564161794269,0,7.35467886924744,0,0,0,4.83694614810073,0,11.5193642510308,0,0,0,0,0,0,0,5.38205218315125,44.602224622454,24.9936785264449,24.3854904174805,13.0019788670361,0,0
16.4735871228305,0,27.5996856689453,0,0,0,0,0,10.2439322471619,0,0,0,0,0,8.3723590360369,0,0,0,34.3638639450073,0,0,0,3.61058050872636,0,5.30389438595688,0,4.49094159625898,0,0,0,0,0,0,0,0,0,0,0,11.9552940712419,0,0,0,21.1463408999973,0,0,0,0,0,8.25128732291348,0,0,0,0,0,14.9248983595106,0,5.33724656105042,0,0,0,6.41907839021663,0,0,0,0,3.38294281959534,0,5.60299153327942,0,0,0,4.60857003734958,0,14.1228981018066,0,0,0,0,0,0,0,13.2726492881775,12.3448073523385,0,13.445307597247,0,0
