0,0,0.0321462886953957,0,0.00059144407835867,0,0,0,0.0920843680977841,0,0,0,0,0,0.00525118190176772,0,0,0,0.000695606158453729,0,0,0,0,0,0,0,0,0,0,0,0,0,0,0,0,0,1.4449556321711e-05,8.67861370652898e-06,0,0,0.00141042385369903,0,0.0111448351240292,0,0,0,0.000204103715193358,9.16485603480992e-05,0.0715933048893547,2.92669860358875e-05,7.99512840854166e-05,0,0,0,0.0741785269129383,0,0,0,0,0,0.0430309859651637,0,0,0.000116949700436263,0,0,0,0,0,0,0,0,0,0.000376763885362624,0,0,0,0,0,0.000198847318617148,1.93846216889462e-06,5.83111351472717e-05,0.000461743579811543,0,0.00282543641999282,0,0.00530494297133685
0,0,0,0.00517269194434442,0,0,0,0,0,0.0458710551168249,0,0,0,0,0,0,0,7.3045254805894e-06,0.000933639488572337,0,0,0,0,0,0,0,0,0,0,0,0,0,0,0,0,0,0,0,6.72533320245536e-06,0.00236876639222112,0,0.0174139715815609,3.30207573336313e-05,0,0,0.00252794683162996,0,0,4.89320156474003e-05,0.0145143386029676,0,0,0,0,0,0.0394618363016111,0,0.000442724288417858,0,0,0,0.00129512889666901,0.000314172874261927,0,0,0,0.00382455449531587,0,0,0,0,0,0.000736290585020201,0,0,0,0,0,0.000564754063202591,0,7.60431590720645e-05,4.72555314726407e-06,0.000565164440429701,8.79937738485559e-06,0.00804769566020086,0.000158322313515463,5.96208885123546e-05
0.0321462886953957,0,0,0,0.0220655835603111,0,0,0,0.023610292196986,0,0,0,0,0,0,0,0,0,9.32466844348449e-05,0,0,0,0,0,0,0,0,0,0,0,0,0,0,0,0,0,3.74820673128479e-06,0,0,0,0.0015827663468701,0,0.0105399842059208,0,0,0,0.00104076249283056,0,0.0158898004477808,4.50815554243924e-05,0.0264407952027482,0,0,0,0.169878957085721,0,0.000166822099455434,0,0.00065256434247252,0,0.00762411555069777,0,0,9.24027109214264e-05,0,0,0,0,0,0,0,3.88296705471397e-05,0,0.000659550487850239,0,0.000120789210387141,0,0,0,0.000187898437800026,0,3.91240330069483e-05,0.0006597312502264,0,0.013903340109683,0,0.0150849138128872
0,0.00517269194434442,0,0,0,0.00537320021239414,0,0,0,0.00131059096977045,0,0,0,0,0,0,0,4.0888248142506e-05,0.000357071696116817,0.000812630701426269,0,0,0,0,0,0,0,0,0,0,0,0,0,0,0,0,0,1.34996238633229e-05,9.48053493693115e-06,0.0021152670689651,0,0.0271195122858696,9.07338993735973e-05,0,0,0.000879922446168462,9.57203277006033e-05,0.000323369372863388,8.70176492722109e-05,0.00709642567556427,0,0.042945700894033,0,0,0,0.00555424589044749,0,0.00685123809444397,0,0.00258350192297796,0,0.00194056089085243,0.000264650399261485,0,0,0,0,0,0,0,0,0,0.00159444848265026,0,0,0,0,0,5.11082301840767e-05,1.20406739322053e-05,0,3.38221200224165e-06,0.000342396161070558,0,0.0116578527121773,0.0151178042919999,0
0.00059144407835867,0,0.0220655835603111,0,0,0,0.00741269670078157,0,0.00580495392733144,0,0,0,0.000112103241075741,0,0.00739238324287722,0,0,0,0,0,0.0404155711354608,0,0,0,0,0,0,0,0,0,0,0,0,0,0,0,0.000463769227731157,0,0,0,0.000285912029055156,0,0.00193032836352511,0,9.13316176941025e-05,0,0.000176305041881781,0.000269628647269549,0.000626465229791629,0.000208022436339239,0.145484495267385,0,0.00654144196104563,0,0.00935804069973815,0,0.000270174372597001,0,0,0,0.0195898228605707,0,0,0.0387261557008002,0,0,0,0,0,0,0,0,0,0.000383350708939332,0,0,0,0,0,0.000128895068353694,0,0,0.0127486830043399,7.00881000075951e-05,0.00926746332648738,0,0.0029483223048263
0,0,0,0.00537320021239414,0,0,0,0.000671289216658218,0,0.00182570913917389,0,0.000594060728299813,0,0,0,0,6.2453002744804e-06,0,7.63872832850354e-05,0.0265458692921396,0,0,0,0,0,0,0,0,0,0,0,0,0,0,0,0,0,0,0,7.18909807985442e-05,0,0.00100959200161317,3.96049795640301e-05,0,0,0.000119629248434312,0,0.000148096727631634,0,0.000484889532756794,0,0.0911904853572021,0,0.00399568082898316,0,0,0,0.000109170962589167,0,0,0,0,0.000732549578926593,0,0,0,2.7887421937948e-05,0,0,0,0,0,0,0,0,0,0,0,6.4786822868805e-06,0,0,0,0.00501139736512721,0,0.00540612518633891,0.000962535716367015,0
0,0,0,0,0.00741269670078157,0,0,0,0,0,0.011847169303366,0,0.00674849408949426,0,0,0,0,0,0,0,0.00655158347693562,0,0,0,0,0,0,0,0,0,0,0,0,0,0,0,0,0,0,0,0,0,0,0,0,0,0,0,0,0,0.0191513728165003,0,0.0960360129407159,0,0,0,0.0320906924657826,0,0.00038559827362413,0,0,0,0,0.000942379409840699,0,0,0,0,0,0,0,0,0,0,0,0,0,0,0,0,0,0,0.00153490804293523,0.000485611508937424,0,0,0
0,0,0,0,0,0.000671289216658218,0,0,0,0,0,0.000680788486586271,0,0.000837527139254226,0,0,0,0,0,6.44324886339342e-05,0,0,0,0,0,0,0,0,0,0,0,0,0,0,0,0,0,0,0,0,0,0,0,0,0,0,0,0,0,0,0,0.0178154341844631,0,0.101328821891643,0,0,0,0.00300455948471,0,0.0105428731744129,0,0,0,0,0,0,0,0,0,0,0,0,0,0,0,0,0,0,0,0,0,0,0.00149940455311291,3.59143815303713e-05,0,0,0
0.0920843680977841,0,0.023610292196986,0,0.00580495392733144,0,0,0,0,0,0,0,0,0,0.156920050431524,0,0.00403782092974155,0.000300017219147741,2.75791476064247e-05,0,0,0,0,0,0.00920728578664223,0,0.0153161822329196,0,0,0,0,0,0,0,0,0,3.8094811408468e-06,0,0.00301916769919752,0,9.51489134236171e-05,0,0.0020615511248556,0,0,0,5.20953892835588e-05,0,0.0137656954896756,3.406637784678e-05,6.28001920727293e-05,0,0,0,0.149744055073382,0,0,0,0.000102613325229269,0,0.0188312305743305,0,0,0.000267731292147623,0,0,0,0.00144743239713559,0,0.0131129682899032,0,0,0,0,0,0,0,0,0,4.19060804082917e-05,0,0.000531142420654811,0.014257481250683,0.000501310016682429,0.0115369146248897,0,0.000750596485504428
0,0.0458710551168249,0,0.00131059096977045,0,0.00182570913917389,0,0,0,0,0,0,0,0,0,0.145517602922427,0.000407571536728886,0.0029347381687899,9.87829498695983e-05,0,0,0,0,0.00558519780824578,0,0.000177349474345034,0.000358159300704604,0,0,0,0,0,0,0,0,0,0,0.000324113526690265,1.7212258219758e-05,9.11115939464577e-05,0,0.00165028965763284,1.82141481749762e-05,0,0,3.17465401971698e-05,0,1.009858348507e-05,2.11505220287008e-05,0.00278966505033969,0,0,0,0,0,0.195786782309177,0,0,0,0,0,0.0444497914019535,4.34948457350287e-05,0,0,0,0.0145123936519164,0,0.00187299476986794,0,0,0,0,0,0,0,0,0,0,0,0.00206044537934842,2.29301837015093e-06,0.00890936603032574,0.00194430335892257,0.00233031515029513,0.0014772919583289,0
0,0,0,0,0,0,0.011847169303366,0,0,0,0,0,0.0896218597664859,0,0,0,0,0,0,0,0.0517992175046918,0,0,0,0,0,0,0,0.00771728147926643,0,0.00234424118403846,0,0,0,0,0,0.0117558637524136,0,0.0186789618996904,0,0,0,0,0,0,0,0,0,0,0,0,0,0.0123549075467306,0,0,0,0.175250415174891,0,0.0603450474369625,0,0,0,0,0.0707308573469317,0,0,0,0,0,0,0,0.0107196852363595,0,0.000603367966583177,0,0,0,0,0,0.00531274213798366,0,0.00211101379287149,0.00275418628946642,0.000485116396233004,0.000105707877362641,0,0
0,0,0,0,0,0.000594060728299813,0,0.000680788486586271,0,0,0,0,0,0.0127473900083911,0,0,0,0,0,0.00338807584129047,0,0,0,0,0,0,0,0,0,0.000422752915558822,0,0,0,0,0,0.0062082981446487,0,0.0241620224744074,0,0,0,0,0,0,0,0,0,0,0,0,0,0.000163769448806241,0,0.00105430265241508,0,0,0,0.0457577890166208,0,0.0476971269465035,0,0,0.00164512753888558,0,0,0,0,0,0,0,0,0,0.000915712191769476,0,0,0,0,0,0.00144171070913653,0,0.00157350917474581,0,0.00130574770031604,0.000990968702565825,0.000112164589736864,0,0
0,0,0,0,0.000112103241075741,0,0.00674849408949426,0,0,0,0.0896218597664859,0,0,0,0.0318591318955716,0,0,0,0,0,0,0,0,0,0,0,0,0,0.00942869456871658,0,0.000392559520219063,0,0,0,0,0,0,0,0,0,0,0,0,0,0,0,0,0,0,0,0.00165928282506191,0,0.000339006575078654,0,0,0,0.0891775475055946,0,0.274624020491251,0,0.0007618535875885,0,0,0,0,0,0,0,0,0,0,0.000145875007395106,0,0,0,0,0,0,0,0,0,0,0.00284057764066366,0.00470259166106137,0,0,0
0,0,0,0,0,0,0,0.000837527139254226,0,0,0,0.0127473900083911,0,0,0,0.0078267283450321,0,0,0,0,0,0,0,0,0,0,0,0.00439886837473307,0,0,0,0,0,0,0,0,0,0,0,0,0,0,0,0,0,0,0,0,0,0,0,0,0,0,0,0,0,0.00252243308924035,0,0.0812768234973719,0,0.00515983116567317,0,0,0,0,0,0,0,0,0.000137631448559058,0,0,0,0,0,0,0,0,0,0,0,0.00337930823278334,0.00353425476815854,0,0,0
0.00525118190176772,0,0,0,0.00739238324287722,0,0,0,0.156920050431524,0,0,0,0.0318591318955716,0,0,0,0.00958454382937805,0.000266744622351742,0.000490209138509331,0,0,0,0,0,0,0,0.00527563987208707,0,0,0,0,0,0,0,0,0,0,0,0,0.000286506268053811,0.000172603803487756,0,9.48271786628194e-06,0,0,0,0.000198914000041088,0,0,0,0.00176530771184864,0,0,0,0.244275878869785,0,0,0,0.0242361798605226,0,0.113283232472723,0,0,0,0,0,0,0,0,0.00347546347574477,0,0,0,0,0,0,0,0,0,1.78468933394939e-05,0,0,0.00191597823623268,0.000725048426177425,8.83668237542483e-05,0,0.000102111229387802
0,0,0,0,0,0,0,0,0,0.145517602922427,0,0,0,0.0078267283450321,0,0,4.76539382042962e-05,0.00740243620804074,0,0,0,0,0,0,0,0.00652446519963206,0,0.000497489828497163,0,0,0,0,0,0,0,0,0,0,0,0,0,0,0,0,0,0,0,0,0,0.000152560847832476,0,0,0,0,0,0.159249705141338,0,0,0,0.00949127792925159,0,0.207675736534594,0,0,0,0,0,0,0.00822574235279737,0,0,0,0,0,0,0,0,0,0,0,0,0,0.00361023300875125,0.00048714720659238,0,0,0
0,0,0,0,0,6.2453002744804e-06,0,0,0.00403782092974155,0.000407571536728886,0,0,0,0,0.00958454382937805,4.76539382042962e-05,0,0.182320617202163,0.106313906053194,0,0,0.000319074962317731,0.00597034768891765,0.00453393289973973,0.00803709703827366,0.000430290514686649,0.0480063351521626,0,3.38863282720557e-05,0,0,0,0,0,0,0,0,0,0,0.00126420668009109,0.00395848845759542,0.000574110660488801,0.00174074932831926,0,5.34563503727951e-06,0.000508585030822402,0.00209238189157515,0,1.62310191181368e-05,2.39199934326745e-06,0,0,0,0,4.11373730861818e-05,0,9.20683131809219e-05,0,0,0,0.00101677671146325,3.1002815486237e-05,0.000102179412797236,3.52054471541417e-05,0,1.70940556277926e-05,3.30807449417554e-05,0.00132408557992937,0,0.0023857248727718,0,0,3.14150845383297e-05,0.000382195695718482,0,0,0,1.03718360689188e-05,0.00040047673831922,0.000783061354415274,5.14769634420249e-05,0.000312221749920866,0.0576036328883285,0.0452652102208188,0.00378332872657437,5.07752100859852e-05,0.000516124340431051
0,7.3045254805894e-06,0,4.0888248142506e-05,0,0,0,0,0.000300017219147741,0.0029347381687899,0,0,0,0,0.000266744622351742,0.00740243620804074,0.182320617202163,0,0.0885588994256716,0,0,0.00926265347685979,0.000469864491479748,0.0250916100469235,0.000997686807657258,0.0363570656640268,0.00078647158415289,0.000217993980252898,0,0,0,0,0,0,0,0,0,0,1.37535170447866e-06,0.00268519907435476,0.00201237487089674,0.00121282505237486,0.000778587517800399,0,1.47979408584483e-05,0.00124549211012197,0.000857247982463748,0,1.31195391643808e-05,5.81620166309074e-06,0,0,0,0,7.50078560007089e-05,7.00969093443259e-05,0,0.000104191958170992,0,0,0,0.00328430478772068,0.00021588294319561,4.82970422663875e-05,0,0,0.00128233399417226,0,0.00208795780176365,4.07958588016315e-05,0,0,2.96976233023898e-05,8.38621116746342e-05,0,0,0,0,0.000879873027206434,0.000403102168191138,8.06839956677322e-05,0.000126180091949541,0.0551098710658603,0.0542147393981013,0.00329205498593593,0.000269198854838499,0.000144194698149338
0.000695606158453729,0.000933639488572337,9.32466844348449e-05,0.000357071696116817,0,7.63872832850354e-05,0,0,2.75791476064247e-05,9.87829498695983e-05,0,0,0,0,0.000490209138509331,0,0.106313906053194,0.0885588994256716,0,5.33987909767777e-05,0,6.58906835002798e-05,4.15911743508108e-06,0.000942932809195812,0,0.000106305038697672,0.000983385952894237,0,0,0,0,0,0,0,0,0,0,0,0,0.0346334385984631,0.0400856091662507,0.0145332124839025,0.0148243216942423,0,9.26863483550741e-05,0.0192013361513954,0.0219191705345946,5.00752715725197e-05,0.000300915291173269,0.000308743680304809,0.000111113703565463,2.5426970298695e-05,0,0,0,4.92548526032438e-06,0.000276693562945008,0.00313858453747606,0,0,0,9.60270565668678e-05,0.00341082578315286,0.000702453973674798,0,0,0,0,0,0,0,0,0.00512443654817721,0.00252867994750224,0,0,0,1.47952409646899e-05,0.0103623006140168,0.00734314367698919,0.00242686156677299,0.00240814594600602,0.0335892961227199,0.00141600345362164,0.0589615089489884,0.010111122948317,0.00450103215719432
0,0,0,0.000812630701426269,0,0.0265458692921396,0,6.44324886339342e-05,0,0,0,0.00338807584129047,0,0,0,0,0,0,5.33987909767777e-05,0,0,0,0,0,0,0,0,0,0,0,0,0,0,0,0,0.0199530736320542,7.27800751044313e-06,0.000692485275758223,0,0.000200850249734258,0,0.000751806763557152,4.33232748129264e-05,0,0,2.07748794320533e-05,0,0.000315875825754264,0.00018391149412686,0.000593252683537775,0,0.000177746410268347,0,0,0,0,0,0.000163520022145338,0,0,0,0,0.0231221608795129,0,0,0,0,0,0,0,0,0,7.86117549890061e-05,0,0,0,0,0,0.00815015508715763,0,0.000177995924204018,0,0.000864354370419562,2.35622814410242e-05,0.00957196274250568,0.000752736654319204,0
0,0,0,0,0.0404155711354608,0,0.00655158347693562,0,0,0,0.0517992175046918,0,0,0,0,0,0,0,0,0,0,0,0,0,0,0,0,0,0,0,0,0,0,0,0,0,0.0227558310024347,0,0.00128051524128771,0,0,0,0,0,0,0,0,0,0,0,0.030042687903913,0,0.00156146338725635,0,0.000181709532608888,0,0.00296773464600988,0,0,0,0,0,0,0.0242925776462495,0,0,0,0,0,0,0,0,0,0,0,0,0,0,0,0.0106811229687527,0,0.00161933648512147,0.00376846993842971,2.11469154972357e-06,0.000443666673652947,0,0
0,0,0,0,0,0,0,0,0,0,0,0,0,0,0,0,0.000319074962317731,0.00926265347685979,6.58906835002798e-05,0,0,0,0.00979497110669784,0.00332994288228207,0,0.00150708069949152,0,0,0,0,0,0,0,0,0,0,0,0.0122613393180587,0,4.1887977836383e-06,0,2.50443458132081e-06,2.31114082276262e-06,0,0,0,0,7.20514259923834e-06,4.06732714727787e-06,0.00215799902561681,0,0,0,0,0,0,0,0,0,0,0,0,0,0,0.0624003305418302,0.00130444061813528,0.00154559752135309,0,0.000226590624537284,0,0.000105212881137896,0,0,0,0,0,0,0,0,0,0.00463451726608799,0,0.00202730600647088,0.00299726769369031,2.87984460862784e-06,0,0
0,0,0,0,0,0,0,0,0,0,0,0,0,0,0,0,0.00597034768891765,0.000469864491479748,4.15911743508108e-06,0,0,0.00979497110669784,0,0,0.00747549557602186,0,0.000294804996884349,0,0.00425023351286143,0,0,0,0,0,0,0,0,4.74093761329409e-06,0.009861947370139,0,0,0,3.68455040253594e-06,0,0,0,2.64293789607396e-05,0,0.000837070588049371,8.62096562492625e-06,0,0,0,0,0,0,0,0,0,0,0,0,0,0,0,0.107110179849844,0,0.00172544598043578,0,0,0,0.00158977212195934,0,0,0,0,0,0,0,0,0,0.00439525013797403,0.00395136136497688,0.00325960413021119,1.97281025942751e-05,0,0
0,0,0,0,0,0,0,0,0,0.00558519780824578,0,0,0,0,0,0,0.00453393289973973,0.0250916100469235,0.000942932809195812,0,0,0.00332994288228207,0,0,0.000312326971089863,0.0787884771441999,0.000231966759089029,0,0,0,0,0,0,0,0,0,0,0.000390039469172881,4.61493790902573e-06,0,8.16832621939599e-05,0.000246607486447131,8.29545641286623e-06,0,0,0,0.000114866493352845,0,0,0,0,0,0,0,0,0.0343402114158856,0,0,0,0,0,0,0,0,0.00243756559405329,0,0.266167764454788,0,0.0281756763163428,0,0,0,0,0,0,0,0,0,0,0,0.00241974095914889,2.5070755940358e-06,0.00379947126535709,4.47610147925176e-06,0.000484221177132041,0,0
0,0,0,0,0,0,0,0,0.00920728578664223,0,0,0,0,0,0,0,0.00803709703827366,0.000997686807657258,0,0,0,0,0.00747549557602186,0.000312326971089863,0,0,0.0620018774145065,0,0,0,0,0,0,0,0,0,0,1.18935520310485e-05,0.00806923270029235,0,0,0,9.68971196169191e-05,0,0,0,0,0,0,0,0,0,0,0,0.0294968524411477,0,0,0,0,0,5.92811746066846e-05,0,0,0,0,0.00569112344970843,0,0.196333414240323,0,0.174656875116553,0,0,0,0,0,0,0,0,0,0,0,0.00229921105223326,0.00383802537599126,0,4.29811922935154e-05,0,0
0,0,0,0,0,0,0,0,0,0.000177349474345034,0,0,0,0,0,0.00652446519963206,0.000430290514686649,0.0363570656640268,0.000106305038697672,0,0,0.00150708069949152,0,0.0787884771441999,0,0,0,0.00143028947632995,0,0,0,0,0,0,0,0,0,0,0,0,0,0,0,0,0,0,0,0,0,0,0,0,0,0,0,0,0,0,0,0.00322972806780076,0,9.62291154982405e-05,0,0,0.00134916253036158,0,0.0246336998853433,0,0.250746376325703,0,0,0,0,0,0,0,0,0,0,0,0,0,0.00116584876104068,0.000259483937052797,0,0,0
0,0,0,0,0,0,0,0,0.0153161822329196,0.000358159300704604,0,0,0,0,0.00527563987208707,0,0.0480063351521626,0.00078647158415289,0.000983385952894237,0,0,0,0.000294804996884349,0.000231966759089029,0.0620018774145065,0,0,0,0.0274761439755447,0,0,0,0,0,0,0,0,0,0,0,5.9881647139679e-05,0,5.76314854997741e-05,0,0,0,9.10981320390004e-05,0,0,0,0,0,0,0,0.14165679603874,0,0,0,0.00158876577483131,0,0,0,0,0,0,0,0,0.000397470125753124,0,0.0780479341966884,0,0.0100145866346315,0,8.94085206223482e-05,0,0,0,0,2.56248867951656e-05,2.8765550589634e-05,0,1.67785255180857e-05,0.00151151859485782,0.000109003491840781,0.000143096800772922,0,3.91771870664969e-05
0,0,0,0,0,0,0,0,0,0,0,0,0,0.00439886837473307,0,0.000497489828497163,0,0.000217993980252898,0,0,0,0,0,0,0,0.00143028947632995,0,0,0,0.0322699333591136,0,0,0,0,0,0,0,0.00170987511106836,0,0,0,0,0,0,0,0,0,0,0,0,0,0,0,0,0,0,0,0.00517117281234665,0,0.0011896980499915,0,0,0,0,0.00578630543028897,0,0,0,0,0,0.167122214945968,0,0.00410673270180278,0,0,0,0,0,0,0,0,0,0.00208863626697461,0.00427322548211665,0,0,0
0,0,0,0,0,0,0,0,0,0,0.00771728147926643,0,0.00942869456871658,0,0,0,3.38863282720557e-05,0,0,0,0,0,0.00425023351286143,0,0,0,0.0274761439755447,0,0,0,0.0109987326208635,0,0,0,0,0,0,0,0.000164077471602784,0,0,0,0,0,0,0,0,0,0,0,0,0,0,0,0,0,0.000173897185973663,0,0.0200374534968028,0,0,0,0,0,0,0.00127375177515798,0,0,0,0.00684469200100953,0,0.209998826925776,0,0.00714137900977788,0,0,0,0,0,0,0,0,0.00158105261073972,0.00549088023217561,0,0,0
0,0,0,0,0,0,0,0,0,0,0,0.000422752915558822,0,0,0,0,0,0,0,0,0,0,0,0,0,0,0,0.0322699333591136,0,0,0,0,0,0,0,0,0,0.00660653729887396,0,0,0,0,0,0,0,0,0,0,0,0,0,0,0,0,0,0,0,0.0260102648522482,0,0,0,0,0,0,0,0,0,0,0,0,0.0664100382869471,0,0.0650627077717061,0,0,0,0,0,0,0,4.2199969402963e-05,0,0.000382838642949375,0.000189130478605904,0,0,0
0,0,0,0,0,0,0,0,0,0,0.00234424118403846,0,0.000392559520219063,0,0,0,0,0,0,0,0,0,0,0,0,0,0,0,0.0109987326208635,0,0,0,0,0,0,0,0,0,0.0044397464025614,0,0,0,0,0,0,0,0,0,0,0,0,0,0,0,0,0,0.00124895168837629,0,0,0,0,0,0,0,0,0,0,0,0,0,0,0.0823139560173945,0,0.141475270669372,0,0,0,0,0,0,0,0.000417755613596298,0,2.56030307355104e-05,0,0,0
0,0,0,0,0,0,0,0,0,0,0,0,0,0,0,0,0,0,0,0,0,0,0,0,0,0,0,0,0,0,0,0,0.299848528876599,0.0161841289504037,0.000421927234318079,0.00467138495428743,0.00116588411014377,0,0,0,0,0,3.50549887828877e-05,0,0,0,0,0.138684306965199,0.000423250407077299,0.000837070341845906,0,0,0,0,0,0,0,0,0,0,0,0,0,0,0,0,0,0,0,0,0,0,0,0,0.0498763405841995,0.0764840066741784,0.016793694989436,0.000146860431032962,0.0130751340793301,0.00126108137369388,0,0,0.000615364098963635,0,2.68711738682995e-05,0,0
0,0,0,0,0,0,0,0,0,0,0,0,0,0,0,0,0,0,0,0,0,0,0,0,0,0,0,0,0,0,0,0.299848528876599,0,0.00235670016211656,0.00954544261851142,0.00028856510182861,0.00428429906857649,0,0,0,0,0,0,0,0,0,3.12486129794838e-05,0.0720389882200112,0.000581021553351612,0.000614329460689839,0,0,0,0,0,0,0,0,0,0,0,0,0,0,0,0,0,0,0,0,0,0,0,0,0.0975242573959644,0.0711687657103483,0.000576040111140166,0.00162159851444514,9.89826207855655e-05,0.00407801553326823,0,0,1.70989444828463e-05,0,2.7624336480774e-05,0,0
0,0,0,0,0,0,0,0,0,0,0,0,0,0,0,0,0,0,0,0,0,0,0,0,0,0,0,0,0,0,0,0.0161841289504037,0.00235670016211656,0,0.0811111576562756,0.000292849774276256,0,0.012028426969268,0.00297217664399062,0,0,0,0,0,0,0,0,0.157566568853463,0.000120358499455854,0,0,0,0,0,0,0,0,0,0,0,0,0,0,0,0,0,0,0,0,0,0,0,0,0,0.00875690703494827,0.00145970251977348,0.0845107869304095,0.122493058346101,0.000807971550738901,0,0.00557516667644244,0.00114376896108321,0.000970889558569211,0,7.10239304693326e-05,0,0
0,0,0,0,0,0,0,0,0,0,0,0,0,0,0,0,0,0,0,0,0,0,0,0,0,0,0,0,0,0,0,0.000421927234318079,0.00954544261851142,0.0811111576562756,0,0,0.0048737114524963,0.00422192734088428,0.00356448212586457,0,0,0,0.000764890925361035,0,0,0,3.20779658613776e-05,0.108728019185853,0.000307570858941081,1.42424381455696e-05,0,0,0,0,0,0,0,0,0,0,0,0,0,0,0,0,0,0,0,0,0,0,0,0,0.000240571115879393,0.00715424527563095,0.0341440216480157,0.21312854922887,0,0.000136596780999737,0.00296269369100012,0.00594621979125879,0.00262634019064129,9.96719580893227e-05,0.000849047176820452,0,0
0,0,0,0,0,0,0,0,0,0,0,0.0062082981446487,0,0,0,0,0,0,0,0.0199530736320542,0,0,0,0,0,0,0,0,0,0,0,0.00467138495428743,0.00028856510182861,0.000292849774276256,0,0,0.0173160952574782,0.0100643930489797,0,0.000136250053650764,0,5.88318705882683e-06,0,0,0,0.000124033938319009,0,0.00412075736911306,3.95233064110128e-05,0.000346863953429452,0,0,0,0,0,0,0,0.00601329992144536,0,0,0,0,0.01936564844303,0,0,0,0,0,0,0,0,0,0,0,0.00419473299248857,0.000165024521409961,0.000113887105058246,0,0.0725632808463866,0.00271877135959769,0.00628902938304723,0,0.00877525333806903,0.00185926730397012,0.000834449332532535,0,0
1.4449556321711e-05,0,3.74820673128479e-06,0,0.000463769227731157,0,0,0,3.8094811408468e-06,0,0.0117558637524136,0,0,0,0,0,0,0,0,7.27800751044313e-06,0.0227558310024347,0,0,0,0,0,0,0,0,0,0,0.00116588411014377,0.00428429906857649,0,0.0048737114524963,0.0173160952574782,0,0,0.0143099929055669,4.39423413816544e-05,6.93983821761516e-06,5.0111573658947e-06,0.000106834959690175,0,0,0,5.73645562863943e-05,0.00705097940230149,0.000276023009256989,0.000620784216372609,0.000351107143926034,0,0,0,4.88703421675083e-05,0,0.00936141468466597,0,0,0,0,0,2.57562407775274e-06,0.0178945074236798,0,0,0,0,0,0,0,0,0,0,0.000869227643805086,0.0011133306434092,0,0.00682191023522695,0.00601101544566476,0.0891281737205404,8.98184225248033e-05,0.00584644685524289,0.0100940905595209,0.00543038663650493,0.00206001298382053,0,4.07656253235367e-06
8.67861370652898e-06,0,0,1.34996238633229e-05,0,0,0,0,0,0.000324113526690265,0,0.0241620224744074,0,0,0,0,0,0,0,0.000692485275758223,0,0.0122613393180587,4.74093761329409e-06,0.000390039469172881,1.18935520310485e-05,0,0,0.00170987511106836,0,0.00660653729887396,0,0,0,0.012028426969268,0.00422192734088428,0.0100643930489797,0,0,0.00964832914888065,1.96172870004726e-05,0,0.000582469674047848,8.91540927948092e-05,0,0,7.45793553126455e-05,0,0.022255330192914,0.000647336483377392,0.00657569918415487,0,0,0,0,5.71712165539813e-06,7.58082861722485e-05,0,0.0290773506901083,0,0,0,0,0.000629951286056052,0,0.00755326321464754,7.14367600971124e-06,0.00698272494167271,1.59525537748481e-05,0,0,0,0,0.00926985903587065,0,0,0,0.000213608321348534,0.00320902647700668,0.00101155298414572,0,0.0744390308429315,0.00547728800374537,0.00953545423775356,0.00245385360425801,0.00101805603110747,0.000271770738070754,0
0,6.72533320245536e-06,0,9.48053493693115e-06,0,0,0,0,0.00301916769919752,1.7212258219758e-05,0.0186789618996904,0,0,0,0,0,0,1.37535170447866e-06,0,0,0.00128051524128771,0,0.009861947370139,4.61493790902573e-06,0.00806923270029235,0,0,0,0.000164077471602784,0,0.0044397464025614,0,0,0.00297217664399062,0.00356448212586457,0,0.0143099929055669,0.00964832914888065,0,0,5.29219945807885e-06,3.87029785289572e-05,0.00133635481387662,0,0,0,1.7628054680439e-05,0.0165468543209087,0.00670145513738204,0.000337975194797786,0,0,0,0,0.00186651303397783,0,0.0171779867376604,0,0,0,0,0,0,0.000629067450768822,7.43465189979864e-06,0.00347896711599506,3.33354478717971e-05,0.0160606016480088,0,0,0,0.00668503052333462,0,0.00332913176719575,0,0,0,0.00271181657917074,0,0.00587666255853974,0.0037164760714176,0.0936146508700655,0.00972918733624178,0.000650131999684451,0.000692871971397048,0,0
0,0.00236876639222112,0,0.0021152670689651,0,7.18909807985442e-05,0,0,0,9.11115939464577e-05,0,0,0,0,0.000286506268053811,0,0.00126420668009109,0.00268519907435476,0.0346334385984631,0.000200850249734258,0,4.1887977836383e-06,0,0,0,0,0,0,0,0,0,0,0,0,0,0.000136250053650764,4.39423413816544e-05,1.96172870004726e-05,0,0,0.00131140737555971,0.118396219822065,0.000921951873818954,0,0,0.0332490026933568,0.000548084398319229,0.0055153683438957,9.96372850838973e-05,0.060554269720309,0,0.000471395873398121,0,0,0,0,0,0.00232096124385772,0,7.20519167220289e-06,0,0,0.0134021887254957,0.000107892927735474,0,0,1.89836350118471e-05,0,0,0,0,0,0.00366233882636524,0,4.7179532204583e-05,0,0,0,0.00788630463623076,0.000166427609985285,0.00054104662891687,4.73370287448279e-05,0.00265896839513831,2.24960250331083e-05,0.0627546989561982,0.0271296377903479,0.000454403188164481
0.00141042385369903,0,0.0015827663468701,0,0.000285912029055156,0,0,0,9.51489134236171e-05,0,0,0,0,0,0.000172603803487756,0,0.00395848845759542,0.00201237487089674,0.0400856091662507,0,0,0,0,8.16832621939599e-05,0,0,5.9881647139679e-05,0,0,0,0,0,0,0,0,0,6.93983821761516e-06,0,5.29219945807885e-06,0.00131140737555971,0,0.00052233425555401,0.0997517897644668,0,0.00145267898355505,0.000515080651540203,0.062964133912591,0.000600403957422446,0.00932410406831013,0,0.000201975940382595,0,0,0,0,0,0.000488079529623192,7.89893125607713e-05,0,0,2.97584111983392e-05,0,0.000101013207908345,0.0215019339061583,0,0,0,0,0,0,0,0,4.56005673610954e-05,0.00823397390418051,0,0,0,1.90211579952605e-05,0.00016521290063286,0.0104775468543843,2.15247597092631e-05,0.00163268784400532,0.00327786464727118,1.97679453405521e-05,0.0459058339693868,0.00021704020519042,0.02586665421898
0,0.0174139715815609,0,0.0271195122858696,0,0.00100959200161317,0,0,0,0.00165028965763284,0,0,0,0,0,0,0.000574110660488801,0.00121282505237486,0.0145332124839025,0.000751806763557152,0,2.50443458132081e-06,0,0.000246607486447131,0,0,0,0,0,0,0,0,0,0,0,5.88318705882683e-06,5.0111573658947e-06,0.000582469674047848,3.87029785289572e-05,0.118396219822065,0.00052233425555401,0,0.0153432931308527,0,0,0.00864662432864466,0.000155812681808166,0.00142575912920999,0.000578201918525616,0.0333251626455446,0,0.0010330156788901,0,0,0,8.58323740966695e-06,0,0.0393418057559301,0,0.000242583461770038,0,0,0.00865280648697921,0,0,0,3.88319757059774e-05,1.34505545996203e-05,0,0,0,0,0.0138208922661028,6.92344759053756e-05,0,0,0,6.64602737396902e-05,0.00835589041358533,6.13015708761754e-05,0.00175848849746528,3.46948448555946e-05,0.00556616546862176,2.94896352184171e-05,0.0998164124922096,0.033025764021845,0.000400998029232524
0.0111448351240292,3.30207573336313e-05,0.0105399842059208,9.07338993735973e-05,0.00193032836352511,3.96049795640301e-05,0,0,0.0020615511248556,1.82141481749762e-05,0,0,0,0,9.48271786628194e-06,0,0.00174074932831926,0.000778587517800399,0.0148243216942423,4.33232748129264e-05,0,2.31114082276262e-06,3.68455040253594e-06,8.29545641286623e-06,9.68971196169191e-05,0,5.76314854997741e-05,0,0,0,0,3.50549887828877e-05,0,0,0.000764890925361035,0,0.000106834959690175,8.91540927948092e-05,0.00133635481387662,0.000921951873818954,0.0997517897644668,0.0153432931308527,0,0,0.000871893413301562,0.000514948442555879,0.0203112020177949,0.0400310689425056,0.0469734196269743,0.003298318803973,0.00211224624940961,3.35980893254141e-05,0,0,0.00233469026271602,0,0.00739991478560496,3.04293401726055e-05,2.6536136010962e-05,0,0.00029226994057209,0,0.000129405998197898,0.00388508083826258,0,1.66211398252257e-05,1.34065413892411e-05,0.0002584480600669,0,0,0,0.00032496577176481,0.000121095494938578,0.0256586182331226,0,0,0,0.000747522509385381,0.000131587248433543,0.0100057401357257,3.39577775737245e-05,0.00200533174343308,0.0069852555065421,1.94983548711812e-05,0.10698710763004,0.000217022968518233,0.0375262309646225
0,0,0,0,0,0,0,0,0,0,0,0,0,0,0,0,0,0,0,0,0,0,0,0,0,0,0,0,0,0,0,0,0,0,0,0,0,0,0,0,0,0,0,0,0,0,0,0,0,0,0,0,0,0,0,0,0,0,0,0,0,0,0,0,0,0,0,0,0,0,0,0,0,0,0,0,0,0,0,0,0,0,0,0,0,0,0
0,0,0,0,9.13316176941025e-05,0,0,0,0,0,0,0,0,0,0,0,5.34563503727951e-06,1.47979408584483e-05,9.26863483550741e-05,0,0,0,0,0,0,0,0,0,0,0,0,0,0,0,0,0,0,0,0,0,0.00145267898355505,0,0.000871893413301562,0,0,0,0.000435401142812313,0,0,0,0,0,0,0,0,0,0,0,0,0,0,0,0,0,0,0,0,0,0,0,0,0,0,0,0,0,0,0,0,7.73555449394744e-05,0,5.51835281741573e-06,0,0,0.00054981744731746,0,0.00102881903220726
0,0.00252794683162996,0,0.000879922446168462,0,0.000119629248434312,0,0,0,3.17465401971698e-05,0,0,0,0,0,0,0.000508585030822402,0.00124549211012197,0.0192013361513954,2.07748794320533e-05,0,0,0,0,0,0,0,0,0,0,0,0,0,0,0,0.000124033938319009,0,7.45793553126455e-05,0,0.0332490026933568,0.000515080651540203,0.00864662432864466,0.000514948442555879,0,0,0,0.000199788317167905,0.000347296482922272,0.000209519752500581,0.00566210071611756,0,0.00016366500377315,0,0,0,0,0,0.00198445663658794,0,0,0,0,0.0405153098561133,6.54767784703707e-05,0,0,0,0,0,0,0,0,0.00220053350719387,0.000118984059449277,0,0,0,0,0.0116496983444604,3.17977737731343e-05,0.00101735041517682,2.28708061192446e-05,0.00112319581087047,7.51997606589195e-07,0.0297268043938219,0.000339324006499064,8.06326610004564e-05
0.000204103715193358,0,0.00104076249283056,9.57203277006033e-05,0.000176305041881781,0,0,0,5.20953892835588e-05,0,0,0,0,0,0.000198914000041088,0,0.00209238189157515,0.000857247982463748,0.0219191705345946,0,0,0,2.64293789607396e-05,0.000114866493352845,0,0,9.10981320390004e-05,0,0,0,0,0,3.12486129794838e-05,0,3.20779658613776e-05,0,5.73645562863943e-05,0,1.7628054680439e-05,0.000548084398319229,0.062964133912591,0.000155812681808166,0.0203112020177949,0,0.000435401142812313,0.000199788317167905,0,0.000358455345965678,0.00445547330707337,0.000325535536081825,0.000180383715838711,0,0,0,2.28518906714777e-05,0,0.000352113341190108,9.03081379686407e-05,0,0,0,0,0.000119704651371122,0.0364237905221867,0,0,0,0,0,0,0,0,4.99422227596418e-06,0.00132880780339408,0,5.52077265932114e-05,0,2.18405970333761e-05,0.000136013871285412,0.0153642421118025,0,0.0043032912229386,0.00207680259142245,1.19814159425695e-05,0.0266003178440892,0,0.000998403042493301
9.16485603480992e-05,0,0,0.000323369372863388,0.000269628647269549,0.000148096727631634,0,0,0,1.009858348507e-05,0,0,0,0,0,0,0,0,5.00752715725197e-05,0.000315875825754264,0,7.20514259923834e-06,0,0,0,0,0,0,0,0,0,0.138684306965199,0.0720389882200112,0.157566568853463,0.108728019185853,0.00412075736911306,0.00705097940230149,0.022255330192914,0.0165468543209087,0.0055153683438957,0.000600403957422446,0.00142575912920999,0.0400310689425056,0,0,0.000347296482922272,0.000358455345965678,0,0.059767367486305,0.0807931215207806,1.48350663871928e-05,0,0,0,0,0,0,2.02448939527122e-05,0,0,0,0,3.03279726468391e-05,0.000188305736651147,6.19356713855889e-06,2.62322444715953e-05,7.63960285858119e-05,0,0,0,0,0,2.3535375769266e-05,0,0.203542891225519,0.213308823439996,0.0363839130934319,0.0206822167073133,0.0105185766618207,0.0213264089822437,0.000332060767599675,0.00111813692921921,0.0109409262414415,0.000452981681134261,0.0222100902730222,5.70084172154409e-05,0
0.0715933048893547,4.89320156474003e-05,0.0158898004477808,8.70176492722109e-05,0.000626465229791629,0,0,0,0.0137656954896756,2.11505220287008e-05,0,0,0,0,0,0,1.62310191181368e-05,1.31195391643808e-05,0.000300915291173269,0.00018391149412686,0,4.06732714727787e-06,0.000837070588049371,0,0,0,0,0,0,0,0,0.000423250407077299,0.000581021553351612,0.000120358499455854,0.000307570858941081,3.95233064110128e-05,0.000276023009256989,0.000647336483377392,0.00670145513738204,9.96372850838973e-05,0.00932410406831013,0.000578201918525616,0.0469734196269743,0,0,0.000209519752500581,0.00445547330707337,0.059767367486305,0,0.0114409031406149,0.00115164034564996,0.000217008656214132,0,0,0.00337621098432801,0,0.000320842235626697,6.94055716123198e-05,0,0,1.72418707990288e-05,0,8.99177372190905e-06,0.00195408276245267,0,0.00154619393497714,6.92996110025507e-05,0.000794524374760408,0,0,0,0.000529749721783547,4.23012117610984e-05,0.00372021118092798,0,0.00219692247352175,0,0.00149895286289139,1.76568218197047e-05,0.00162115802464472,0.000119647551759973,0.0105568251764399,0.00387460254481815,8.41333380228893e-05,0.0262489173603169,6.43311612662906e-05,0.00086647158599545
2.92669860358875e-05,0.0145143386029676,4.50815554243924e-05,0.00709642567556427,0.000208022436339239,0.000484889532756794,0,0,3.406637784678e-05,0.00278966505033969,0,0,0,0,0,0.000152560847832476,2.39199934326745e-06,5.81620166309074e-06,0.000308743680304809,0.000593252683537775,0,0.00215799902561681,8.62096562492625e-06,0,0,0,0,0,0,0,0,0.000837070341845906,0.000614329460689839,0,1.42424381455696e-05,0.000346863953429452,0.000620784216372609,0.00657569918415487,0.000337975194797786,0.060554269720309,0,0.0333251626455446,0.003298318803973,0,0,0.00566210071611756,0.000325535536081825,0.0807931215207806,0.0114409031406149,0,0.000379227856733782,0.000424690029309753,0,0,4.16714383247472e-05,0.00393571794487602,0,0.00131900745560034,0,0.00013247527321244,0,0.000686609804003123,0.00189249756899705,6.60372284823963e-05,0.0118957537764655,5.23599511205247e-06,0.000337850104120219,0.000102734812570449,0.000150641344340861,0,0.000195679365744793,0,0.0050656039064879,5.00897032697955e-05,4.0918678145813e-05,0.000582324138295271,0,0.000431926828912399,0.00668567832359565,0.000295140396821657,0.00415814730720409,4.43172415396354e-05,0.00634232439195901,0.000181886804724337,0.0377679361391205,0.00118052663964255,1.9452339214324e-05
7.99512840854166e-05,0,0.0264407952027482,0,0.145484495267385,0,0.0191513728165003,0,6.28001920727293e-05,0,0,0,0.00165928282506191,0,0.00176530771184864,0,0,0,0.000111113703565463,0,0.030042687903913,0,0,0,0,0,0,0,0,0,0,0,0,0,0,0,0.000351107143926034,0,0,0,0.000201975940382595,0,0.00211224624940961,0,0,0,0.000180383715838711,1.48350663871928e-05,0.00115164034564996,0.000379227856733782,0,0,0.0332930052000946,0,0.0306490847563499,0,0.00708007344966773,0,0,0,0.0279774101204348,0,0,0.0317721721699771,0,0,0,0,0,0,0,3.13267417783006e-05,0,0.00102354581997396,0,0,0,0,0,0.000116823029122002,0,0,0.00236403880656803,4.85133178673377e-05,0.0170838375432196,0,0.00280708770529775
0,0,0,0.042945700894033,0,0.0911904853572021,0,0.0178154341844631,0,0,0,0.000163769448806241,0,0,0,0,0,0,2.5426970298695e-05,0.000177746410268347,0,0,0,0,0,0,0,0,0,0,0,0,0,0,0,0,0,0,0,0.000471395873398121,0,0.0010330156788901,3.35980893254141e-05,0,0,0.00016366500377315,0,0,0.000217008656214132,0.000424690029309753,0,0,0,0.0133870575496477,0,0,0,0.000713015583050349,0,0.000157116834459233,0,0,0,0,0,0,0,0,0,0,0,0,0.000188258188879559,0,0,0,0,0,2.49221076872753e-05,0,0,0,0.00296894136501221,7.69778474204877e-06,0.00274924251280143,0.00083908196797816,0
0,0,0,0,0.00654144196104563,0,0.0960360129407159,0,0,0,0.0123549075467306,0,0.000339006575078654,0,0,0,0,0,0,0,0.00156146338725635,0,0,0,0,0,0,0,0,0,0,0,0,0,0,0,0,0,0,0,0,0,0,0,0,0,0,0,0,0,0.0332930052000946,0,0,0,0,0,0.0289437961727997,0,0.000308847571452803,0,0,0,0,0.00318362522680536,0,0,0,0,0,0,0,0,0,0,0,0,0,0,0,0,0,0,0.00119883640298217,0.000151684303098764,0,0,0
0,0,0,0,0,0.00399568082898316,0,0.101328821891643,0,0,0,0.00105430265241508,0,0,0,0,0,0,0,0,0,0,0,0,0,0,0,0,0,0,0,0,0,0,0,0,0,0,0,0,0,0,0,0,0,0,0,0,0,0,0,0.0133870575496477,0,0,0,0,0,0.0245577666640841,0,0.000227398254664233,0,0,0,0,0,0,0,0,0,0,0,0,0,0,0,0,0,0,0,0,0,0,0.00157737629011991,9.63083260773436e-06,0,0,0
0.0741785269129383,0,0.169878957085721,0,0.00935804069973815,0,0,0,0.149744055073382,0,0,0,0,0,0.244275878869785,0,4.11373730861818e-05,7.50078560007089e-05,0,0,0.000181709532608888,0,0,0,0.0294968524411477,0,0.14165679603874,0,0,0,0,0,0,0,0,0,4.88703421675083e-05,5.71712165539813e-06,0.00186651303397783,0,0,0,0.00233469026271602,0,0,0,2.28518906714777e-05,0,0.00337621098432801,4.16714383247472e-05,0.0306490847563499,0,0,0,0,0,1.80958507987438e-05,0,0.000703652637548263,0,0.0596558026292125,0,0,0.00221842881572348,0,0,0,0.0412424847251016,0,0.0436418883468897,0,0,0,0.000132920130553158,0,0,0,0,0,1.13646997799586e-05,0,0.00341397248129736,0.00216838818629293,1.074608456545e-05,0.00580511757384785,0,0.00267543242877741
0,0.0394618363016111,0,0.00555424589044749,0,0,0,0,0,0.195786782309177,0,0,0,0,0,0.159249705141338,0,7.00969093443259e-05,4.92548526032438e-06,0,0,0,0,0.0343402114158856,0,0,0,0,0,0,0,0,0,0,0,0,0,7.58082861722485e-05,0,0,0,8.58323740966695e-06,0,0,0,0,0,0,0,0.00393571794487602,0,0,0,0,0,0,0,0,0,0,0,0.157943669626748,0,0,0,0,0.0340029939143172,0,0,0,0,0,0,0,0,0,0,0,0,0,0.00135846584100433,0,0.00129200122139151,9.96614930044928e-05,0.0047593327537532,0,0
0,0,0.000166822099455434,0,0.000270174372597001,0,0.0320906924657826,0,0,0,0.175250415174891,0,0.0891775475055946,0,0,0,9.20683131809219e-05,0,0.000276693562945008,0,0.00296773464600988,0,0,0,0,0,0,0,0.000173897185973663,0,0.00124895168837629,0,0,0,0,0,0.00936141468466597,0,0.0171779867376604,0,0.000488079529623192,0,0.00739991478560496,0,0,0,0.000352113341190108,0,0.000320842235626697,0,0.00708007344966773,0,0.0289437961727997,0,1.80958507987438e-05,0,0,0,0.0175759055507735,0,5.83137606431569e-05,0,0,0.0152496255657681,0,0,0,0,0,0,0,0.00208351005009506,0,0.00142885777820992,0,0,0,0,0,0.00203136671438228,0,0.000464553631228923,0.00251854042472305,0.000407371384568797,0.0155094355224636,0,0.00128803167411584
0,0.000442724288417858,0,0.00685123809444397,0,0.000109170962589167,0,0.00300455948471,0,0,0,0.0457577890166208,0,0.00252243308924035,0,0,0,0.000104191958170992,0.00313858453747606,0.000163520022145338,0,0,0,0,0,0,0,0.00517117281234665,0,0.0260102648522482,0,0,0,0,0,0.00601329992144536,0,0.0290773506901083,0,0.00232096124385772,7.89893125607713e-05,0.0393418057559301,3.04293401726055e-05,0,0,0.00198445663658794,9.03081379686407e-05,2.02448939527122e-05,6.94055716123198e-05,0.00131900745560034,0,0.000713015583050349,0,0.0245577666640841,0,0,0,0,0,0.00227119341548411,0,0,0.00806554801101043,0,0,0,0,0,0,0,6.46278941835213e-05,0,0.0236349025207353,0,0,0,0,0,0.00108887509570158,3.03821720994179e-06,0.00203457395057058,0,0.00169288392344186,0.00015490181094537,0.0274195866331375,0.00424494531107727,0
0,0,0.00065256434247252,0,0,0,0.00038559827362413,0,0.000102613325229269,0,0.0603450474369625,0,0.274624020491251,0,0.0242361798605226,0,0,0,0,0,0,0,0,0,0,0,0.00158876577483131,0,0.0200374534968028,0,0,0,0,0,0,0,0,0,0,0,0,0,2.6536136010962e-05,0,0,0,0,0,0,0,0,0,0.000308847571452803,0,0.000703652637548263,0,0.0175759055507735,0,0,0,0.00131045465319929,0,0,8.25226526968842e-06,0,0,0,0,0,0,0,0.000298632886645679,0,0,0,0,0,0,0,0,0,0,0.00282461671337326,0.00252743927139114,0.000555774320111961,0,0
0,0,0,0.00258350192297796,0,0,0,0.0105428731744129,0,0,0,0.0476971269465035,0,0.0812768234973719,0,0.00949127792925159,0,0,0,0,0,0,0,0,0,0.00322972806780076,0,0.0011896980499915,0,0,0,0,0,0,0,0,0,0,0,7.20519167220289e-06,0,0.000242583461770038,0,0,0,0,0,0,0,0.00013247527321244,0,0.000157116834459233,0,0.000227398254664233,0,0,0,0.00227119341548411,0,0,0,0.00886271418229431,0,0,0,0,0,0,0,0,0.00346451956219862,0,0.000139875955021124,0,0,0,0,0,0,0,0,0,0.00305057266143589,0.0016986721939225,0.000906911146957053,9.39280645279386e-05,0
0.0430309859651637,0,0.00762411555069777,0,0.0195898228605707,0,0,0,0.0188312305743305,0,0,0,0.0007618535875885,0,0.113283232472723,0,0.00101677671146325,0,0,0,0,0,0,0,5.92811746066846e-05,0,0,0,0,0,0,0,0,0,0,0,0,0,0,0,2.97584111983392e-05,0,0.00029226994057209,0,0,0,0,0,1.72418707990288e-05,0,0.0279774101204348,0,0,0,0.0596558026292125,0,5.83137606431569e-05,0,0.00131045465319929,0,0,0,0,1.64350332514974e-05,0,0,0,9.07197868396238e-05,0,0,0,0,0,0,0,0,0,0,0,0,0,0,0.00066311860785669,1.40468687963994e-05,0.000591423588715,0,0.00031943086935055
0,0.00129512889666901,0,0.00194056089085243,0,0,0,0,0,0.0444497914019535,0,0,0,0.00515983116567317,0,0.207675736534594,3.1002815486237e-05,0.00328430478772068,9.60270565668678e-05,0,0,0,0,0,0,9.62291154982405e-05,0,0,0,0,0,0,0,0,0,0,0,0,0,0,0,0,0,0,0,0,0,0,0,0.000686609804003123,0,0,0,0,0,0.157943669626748,0,0,0,0.00886271418229431,0,0,0,0,0,0,0,0,0,0,0,0,0,0,0,0,0,0,0,0,0,0,0.00128700457531872,0,0,0,0
0,0.000314172874261927,0,0.000264650399261485,0,0.000732549578926593,0,0,0,4.34948457350287e-05,0,0.00164512753888558,0,0,0,0,0.000102179412797236,0.00021588294319561,0.00341082578315286,0.0231221608795129,0,0,0,0,0,0,0,0,0,0,0,0,0,0,0,0.01936564844303,2.57562407775274e-06,0.000629951286056052,0,0.0134021887254957,0.000101013207908345,0.00865280648697921,0.000129405998197898,0,0,0.0405153098561133,0.000119704651371122,3.03279726468391e-05,8.99177372190905e-06,0.00189249756899705,0,0,0,0,0,0,0,0.00806554801101043,0,0,0,0,0,9.50806116793452e-06,0,0,0,0,0,0,0,0,0.00386302534469472,0,0,0,0,0,0.0123466140461725,1.89854843382776e-05,0.000960615834821818,8.52832660735471e-06,0.00171883757038287,2.75488759862601e-05,0.0226222356573997,0.000429338840706321,0
