0,0,0.0308774245125809,0,0.000296475827726524,0,0,0,0.0535069144349663,0,0,0,0,0,0,0,0,0,0,0,0,0,0,0,0,0,0,0,0,0,0,0,0,0,0,0,0,0,0,0,1.49388983887262e-05,0,0.000671023652803247,0,0,0,2.86471999007861e-05,0.000173802006337564,0.0198011745336072,5.18386892790941e-05,0.00136876069478957,0,0,0,0.0198419793714456,0,0.000200158676920023,0,0,0,0.0015387642006756,0,0,0,0,0,0,0,0,0,0,0,0,0.000103541627300567,0,0,0,0,0,1.58830650345612e-06,0,2.35496142746941e-06,0.000842279078521452,0,0.00475446683286951,0,0
0,0,0,0.0516927255788027,0,7.02854876295129e-05,0,0,0,0.0706901890819457,0,0,0,0,0,0,0,0,0,0,0,0,0,0.000678800257156986,0,0,0,0,0,0,0,0,0,0,0,0,0,0,0,0,0,0.000290263361056725,0,0,0,7.9999454401047e-05,0,0,0,0.0216843492283764,0,0.000234258374293258,0,0,0,0.0445498848664322,0,0.00125247423381644,0,0,0,0.0117462120416329,0,0,0,0,0.00128864470281341,0,0,0,0,0,0,0,0,0,0,0,0,0,0,0,0.000157166204913606,0,0.00863071465808761,0.000122226763134108,0
0.0308774245125809,0,0,0,0.0127644410315525,0,0,0,0.0145528557849155,0,9.83845246471421e-06,0,0,0,0,0,0,0,7.76516213791924e-05,0,4.3812480790802e-05,0,0,0,0,0,0,0,0,0,0,4.43813977764905e-05,0,0,0,0,6.64995480620725e-06,0,4.94185322089292e-06,0,0.000339479737718119,1.08083946480188e-05,0.000704924798928712,0,0,0,0.00208795232607474,0.000727521175097093,0.00613340253414619,0,0.0273374569111285,0,0,0,0.0111527844620667,0,0.000238919767041439,0,0,0,0.000145003103952312,0,0,0.000497451359619632,0,0,0,0,0,0,0,2.27468915770619e-05,0,0.004674199934202,0,0,0,0,0,4.60824291467026e-05,0,0.00026125727272475,0.000365739900631181,0,0.0119301276340763,0,5.82359526817705e-05
0,0.0516927255788027,0,0,0,0.0154573959545144,0,0,0,0.043593421246184,0,0,0,0,0,0.00277879370203585,0,0,0.000145925231097793,0,0,0,0,0,0,0,0,0,0,0,0,0.000114673211764593,0,0,1.5989509762612e-05,0,0,0,0,0.00103394353780769,0,0.0024288147586803,2.87139919252968e-05,0,0,0.00699196750664121,1.03137683989457e-05,0.000662033286047092,0,0.00906216338129342,0,0.0356794285942108,0,0,0,0.0205030383139122,0,0.00025323022827419,0,0,0,0.0124816777282534,0.00178590177693694,0,0,0,0,0,0,0,9.49542932614238e-05,0,0.00157395644467811,0,2.47247053389451e-05,0,4.26280490984118e-05,0,2.78525778450202e-05,5.16458972097725e-06,2.48149578773905e-05,0,0.000487602078611179,0,0.0568457810395564,0,0
0.000296475827726524,0,0.0127644410315525,0,0,0,0.00490980154684253,0,0.0543840263911751,0,0,0,0,0,0,0,1.8048943713515e-06,0,2.32277366282225e-05,0,0.00672666305969431,0,0,0,0,0,0,0,0,0,0,0,0,0,0,0,3.06507786355423e-05,0,0,0,0.000341971927458371,8.37972505219205e-05,0.000253516907247031,0,0,5.0231820324792e-06,0.00102422059712199,0.00100562126960565,0.00282732910921302,2.53652556733708e-05,0.208406794220601,0,0.0119361639290169,0,0.0232600667257121,0,1.22478955493753e-05,0,0.00106838866697481,0,4.26806884041547e-05,0,0,0.00609925352377458,0,0,0,0,0,0,0,0,0,0.000161337626009531,0,0,0,0,0,7.77158483651246e-05,0,9.32063226393771e-06,0.0032331225269061,0,0.00656081221106223,0,0
0,7.02854876295129e-05,0,0.0154573959545144,0,0,0,0.00273656425431797,0,0.0474533895447266,0,0.00110889883758765,0,0.000144938036100939,0,0.0001047504338203,0,1.80674414096407e-06,7.87837911124796e-06,0.00399448981577333,0,0,0,0,0,0,0,0,0,0,0,8.58189666165074e-05,0,1.7759030953161e-05,0,0,0,0,0,0.00524683749009661,0,0.00105811772576968,4.61198853719889e-05,0,0,0.0160004391749325,1.46661294249117e-05,0.00173044249997615,2.07844924597296e-05,0.00566746684613807,0,0.0881501236546661,0,0.0117874511421997,0,0.0102253305044297,0,0.000302342109288772,0,0.000862924585878361,0,0.0012997176209868,0.00948446798982294,0,0,0,0,0,0,0,2.22816948179465e-05,0,0.000219692261778515,0,0,0,3.39185449459178e-05,0,7.97628868893385e-05,1.79956902721745e-05,8.82257216304748e-05,0,0.00429404264211676,0,0.00474488170737066,7.27913096006247e-05,0
0,0,0,0,0.00490980154684253,0,0,0,0,0,0.00449728591437825,0,0,0,0,0,0,0,0,0,0,0,0,0,0,0,0,0,0,0,0,0,0,0,0,0,0,0,0,0,0,0,0,0,0,0,0,0,0,0,0.00614560307220571,0,0.0383608683929798,0,0,0,0.00894784136180701,0,3.1632242261849e-05,0,0,0,0,0,0,0,0,0,0,0,0,0,0,0,0,0,0,0,0,0,0,0,0.000679106579011389,8.11885612233805e-05,7.16608472516624e-05,0,0
0,0,0,0,0,0.00273656425431797,0,0,0,0,0,0.00392148771571178,0,0.0111951856564798,0,0,0,0,0,0.00239707227230699,0,0,0,0,0,0,0,0,0,0,0,0,0,0,0,0,0,0,0,0,0,0,0,0,0,2.73881533800334e-05,0,0,0,0,0,0.018652204103061,0,0.0903603313740923,0,0,0,0.00263303854233003,0,0.00965771468611726,0,0,0.00600453476237905,0,0,0,0,0,0,0,0,0,0,0,0,0,0,0,0,0,0,0,0.0010260847996616,0,0,0,0
0.0535069144349663,0,0.0145528557849155,0,0.0543840263911751,0,0,0,0,0,0,0,0,0,0.00284212874963249,0,0.00380279283072042,0.000541697343174907,0.000333963180866108,0,0,0,0,0.000472306997888011,0.0201330148397858,0,0.00168177404189743,0,0,0,0,0,0,0,0,0,1.05909773286671e-06,0,5.13731415353601e-05,0,6.62537084951299e-05,1.13311975548011e-05,0.000840973723337027,0,0.0001396302699266,0,0.000717130385484085,0.000505403220722843,0.00172850063544356,5.79061466302877e-05,0.0111454553199449,0,0,0,0.217363164330818,0,1.24288800652041e-05,0,0,0,0.0015267727075277,0,0,0.000107060925201219,0,0,0,0.000175332249977141,0,0.000290559256828291,0,0,0,0.000700531381977107,0,0,0.000103290375789645,0,0,2.75871163947922e-05,0,7.26358244265681e-05,0.00188403898518653,0,0.00356671069063754,0,0
0,0.0706901890819457,0,0.043593421246184,0,0.0474533895447266,0,0,0,0,0,0,0,0,0,0.00835147699670469,0.000123963717341542,0.00265950619735521,0.000153139567963244,0,0,0,0,0.00308620906859477,0,2.68724709034823e-05,0,0,0,0,0,0,0,0,0,0,0,0.00190420023558783,0,0.000120273780605963,0,4.73906562397188e-05,7.78221940463846e-06,0,0,0.000101421211535227,0,0,0,0.000449673915148469,0,0.00136456763943143,0,0,0,0.137684545423034,0,0,0,0,0,0.0112608168389543,6.8915864850339e-05,0,0,0,0.00239878723544043,0,0,0,0,0,0,0,0,0,0,0,1.66358458042548e-06,1.07512543428642e-06,0.000785084681429117,0,0.00162821388461716,4.86135422761436e-06,0.00146023677707816,0,0
0,0,9.83845246471421e-06,0,0,0,0.00449728591437825,0,0,0,0,0,0.000193149629922118,0,0,0,0,0,0,0,0.000869048260596182,0,0,0,0,0,0,0,0,0,0.00406703554926957,0,0,0,0,0,0,0,0.00420788358974214,0,0,0,0,0,0,0,2.99201831894765e-05,0,5.58871024913983e-06,0,0,0,0.00165599884217443,0,0,0,0.0347545685464261,0,0,0,0,0,0,0.000582396066957215,0,0,0,0,0,0,0,0,0,0.00348902534664626,0,0,0,0,0,1.01666836410463e-06,0,0.00247434172591741,0.000192285785152903,0,8.42792819639424e-05,0,0
0,0,0,0,0,0.00110889883758765,0,0.00392148771571178,0,0,0,0,0,0,0,0,0,0,0,0.0398407713319264,0,0,0,0,0,0,0,0,0,0.00237999805257393,0,0,0,0,0,6.83821463098866e-06,0,0.00209879964226934,0,0.000210571593618564,0,0,0,0,0,0.000601429834006933,0,9.67944971462292e-06,0,0,0,0.000188042154674073,0,0.000151475968681168,0,0,0,0.0141795220719294,0,0,0,0,0.0164485000557726,0,0,0,0,0,0,0,0.000177003195983548,0,0.000740127077552343,0,0,0,0,0,2.81325212540563e-05,0,0.000974778685230261,0,0.000316314638820054,0,0,0,0
0,0,0,0,0,0,0,0,0,0,0.000193149629922118,0,0,0,0.000156916081323288,0,0,0,0,0,0,0,0,0,0,0,0,0,0,0,0,0,0,0,0,0,0,0,0,0,0,0,0,0,0,0,0,0,0,0,0,0,0,0,0,0,0,0,0.0103910863903674,0,0,0,0,0,0,0,0,0,0,0,0,0.00256353754287908,0,0,0,0,0,0,0,0,0,0,3.12362637423307e-05,0,0,0,0
0,0,0,0,0,0.000144938036100939,0,0.0111951856564798,0,0,0,0,0,0,0,0.0170118737369557,0,0,0,0,0,0,0,0,0,0,0,0.00236715831008396,0,0,0,0,0,0,0,0,0,0,0,0,0,0,0,0,0,0,0,0,0,0,0,0,0,0.00295106890721081,0,0,0,2.35209541054654e-05,0,0.0596404919089397,0,0.00616666712673692,0,0,0,0,0,0,0,0,0.000311972746697205,0,0,0,0,0,0,0,0,0,0,0,0.000636740115700022,0,0,0,0
0,0,0,0,0,0,0,0,0.00284212874963249,0,0,0,0.000156916081323288,0,0,0,0.00389540065747932,0.000332076208822507,4.71676223917322e-05,0,0,0,0,0,0,0,0.00723655226402501,0,0,0,0,0,0,0,0,0,0,0,0,0,0,0,0,0,0,0,0,0,0,0,0.000608697146860127,0,0,0,7.53365455439699e-05,0,1.21145692985519e-05,0,0.000791629924025369,0,0.00641713892910073,0,0,0,0,0,0,0,0,0.00395042389583307,0,0,0,0,0,0,0,0,0,0,0,0,0.000329526783841121,4.9013790670853e-05,0,0,0
0,0,0,0.00277879370203585,0,0.0001047504338203,0,0,0,0.00835147699670469,0,0,0,0.0170118737369557,0,0,7.11832487979544e-05,0.00168000979759291,0,0,0,3.16352309574288e-05,0,0,0,0.000973888335179131,0,0,0,0,0,0,0,0,0,0,0,0,0,0,0,0,0,0,0,0,0,0,0,6.63868807454279e-05,0,0.000335579642410648,0,0,0,0.00147599751188552,0,0,0,0.00311245883531692,0,0.0939541144654003,0,0,0,0,0,0,0,0,0,0,0,0,0,0,0,0,0,0,0,0,8.48800593957751e-05,0,0,0,0
0,0,0,0,1.8048943713515e-06,0,0,0,0.00380279283072042,0.000123963717341542,0,0,0,0,0.00389540065747932,7.11832487979544e-05,0,0.110846821949423,0.0723575511817414,0,0,0,0,0.000887664697922351,0.0024202001792945,0.000117442198427996,0.0061848077096508,0,0.000324097830612664,0,0,0,0,0,0,2.87964678910069e-05,4.05846432888081e-05,0,7.31019828894728e-06,0.000271969609201123,0.000156905430587367,0.00028837243906972,0.000803691905059461,4.28785907138552e-05,5.2716909205646e-05,4.22848315606498e-05,0.000281668860161334,0,4.33897814821449e-05,4.96361501923655e-06,0,0,0,0,7.01054490184426e-05,0,4.88993736787592e-06,0,0,0,2.06070823053196e-05,0.000244724404403192,3.20270238229489e-05,0.000254332533008529,0,0,0,0.00142940869628119,0.000133743765123349,2.97508082811252e-05,0,0,3.08490439348066e-05,1.33566644965478e-05,0,0,0,0,0.000537338177030902,0.000977800987230563,0.000145959221226796,0.000157915531474457,0.0284339094572756,0.0029216166941303,0.000522803020366723,4.67981544906662e-05,9.27640356588178e-05
0,0,0,0,0,1.80674414096407e-06,0,0,0.000541697343174907,0.00265950619735521,0,0,0,0,0.000332076208822507,0.00168000979759291,0.110846821949423,0,0.0857260291406508,0,0,0.000787865400010762,0,0.00692699767594647,0.000220549214713917,0.00219503090414199,0.000166515817890325,0,1.16365818318727e-05,0,0,0,0,0,0,2.86858390222119e-05,9.7518324630165e-06,1.33309154624907e-05,0,0.000628166847040895,0.000120275119854106,0.00118578495933936,0.00034137774010073,4.7796861879491e-05,6.32954160947709e-05,0.000100330277398092,0.00017779164159395,0,1.54828644638309e-05,1.9218633615326e-05,0,0,0,0,0,4.23507432149011e-05,0,0,0,0,0,0.000951095917274816,5.46457292676637e-05,0.000241643840433058,5.54616289628104e-06,0,0,4.5642902548552e-05,0.00046382197322536,0,0,0,0.000131782338383553,5.87695814370916e-05,0,0,0,0,0.00112870550778772,0.00064291839791509,0.000348621384600659,8.37924305238033e-05,0.0339631168714113,0.000742856973752391,0.00083192746762475,0.0005729556547913,5.66768045642731e-05
0,0,7.76516213791924e-05,0.000145925231097793,2.32277366282225e-05,7.87837911124796e-06,0,0,0.000333963180866108,0.000153139567963244,0,0,0,0,4.71676223917322e-05,0,0.0723575511817414,0.0857260291406508,0,0,0,0,0,0.000465215221221642,9.63698071646302e-05,0,1.5516769257964e-05,0,0,0,0,0,0,0,0,0.000572954591029898,0.000449418061629579,0.000140101127887978,8.3207769913031e-05,0.0148588546470837,0.00665454554019702,0.0184193589024818,0.022978331430932,0.008150736330553,0.0051621021775014,0.00263548463715433,0.00817017735191421,2.79784885212797e-05,0.000522904028936026,0.000486671785247383,0,0,0,0,0,0,6.33789558749506e-05,2.78156361434805e-05,0,0,0,0,0.00186791363864912,0.00643667461193822,0,0,0,0,0,0,1.39729487571978e-05,3.75403169700813e-06,0.00169255433927702,0.000756077062155585,0,0,1.32851319055091e-05,0,0.0178080028992444,0.0171605747612409,0.00495235759870922,0.00322397609937293,0.0124007983454468,5.09150284228846e-05,0.0197313478209944,0.00761985897624564,0.00351054154200893
0,0,0,0,0,0.00399448981577333,0,0.00239707227230699,0,0,0,0.0398407713319264,0,0,0,0,0,0,0,0,0,0,0,0,0,0,0,0,0,0,0,0,0,0,0,0.00113796890325449,0,0.000759578748618335,0,0,0,0,0,0,0,1.31529266596282e-05,0,0,0,0,0,0,0,0,0,0,0,0.0127978047142682,0,0,0,0,0.0179930442936263,0,0,0,0,0,0,0,1.06954047895695e-05,0,0.000300267422601606,0,0,0,0,0,0.0055100518577042,0,0.00353115963505382,0,4.06615409255015e-05,0,3.62153278575597e-05,0,0
0,0,4.3812480790802e-05,0,0.00672666305969431,0,0,0,0,0,0.000869048260596182,0,0,0,0,0,0,0,0,0,0,0,0,0,0,0,0,0,0,0,0,0,0,0,0,0,0.000474452198678439,0,0,0,0.000127670733965551,0,0.000203106752365944,0,0,0,0.00185388003773326,0.000229094268410164,0.000407465745978632,0,0,0,0,0,0,0,0.00288240093532737,0,0,0,0,0,0,0.0664413586105457,0,0,0,0,0,0,0,0,0,0.00417431239427479,0,0,0,0,0,0.00447249961883001,0,0.0012029634208399,0.000415768675513846,0,0.00199753609588577,0,0
0,0,0,0,0,0,0,0,0,0,0,0,0,0,0,3.16352309574288e-05,0,0.000787865400010762,0,0,0,0,0.00209907296017054,0.000243185858981725,0,0.0018491689621998,0,1.35358348060163e-05,0,0,0,0,0,0,0,0,0,0.00318254709586234,0,0,0,0,0,0,0,0,0,0,0,0.00372611232152888,0,0,0,0,0,0,0,0,0,0,0,0,0,0,0.0209762900685465,0,8.58965324836737e-05,0,0.00040481769340042,0,0.00043308196838421,0,3.01815414491141e-05,0,0,0,0,0,0,0,0.00281061708636577,0,0.00109558011749705,0,0.000126080570902677,0,0
0,0,0,0,0,0,0,0,0,0,0,0,0,0,0,0,0,0,0,0,0,0.00209907296017054,0,0,0.000995262914945428,0,0,0,0.000144193849609029,0,0,0,0,0,0,0,0,0,0.00378674516988371,0,0,0,0,0,0,0,0,5.23664774039592e-06,0.00115913710156182,0,0,0,0,0,0,0,0,0,0,0,0,0,0,0,5.1776943525185e-05,0.022305991687565,0,9.20088793491245e-06,0,0.000172250160258706,0,7.37656440985494e-05,0,0,0,0,0,0,0,0,0,0.00148360938146085,0.000698089403331034,0,0,0,0
0,0.000678800257156986,0,0,0,0,0,0,0.000472306997888011,0.00308620906859477,0,0,0,0,0,0,0.000887664697922351,0.00692699767594647,0.000465215221221642,0,0,0.000243185858981725,0,0,0,0.011039335205216,0,0,0,0,0,0,0,0,0,0,0,0.00138054076460352,0,0,0,0,0,0,0,0,0,0,0,0.00461408929651974,0,0,0,0,0,0.0177520173212888,0,0,0,0,0,0,0,0,0.00209693781879114,0,0.0819173447134077,0,0.00236609745893836,0,0,0,0,0,0,0,0,0,6.89175720837903e-06,0,0.00181308581594141,0,0.000551647264103922,0,0.00165901642945139,0,0
0,0,0,0,0,0,0,0,0.0201330148397858,0,0,0,0,0,0,0,0.0024202001792945,0.000220549214713917,9.63698071646302e-05,0,0,0,0.000995262914945428,0,0,0,0.0319215963806962,0,0,0,0,0,0,0,0,0,0,0,0.000642560494537514,0,0,0,0,0,0,0,0,0,0.00200986716991629,0,0,0,0,0,0.0251079947031242,0,0,0,0,0,0,0,0,0,0,0,0,0.080214076806734,0,0.000340498549040334,0,0,0,0,0,0,0,0,0,0,0,0.000518059631772624,0.000888500464384498,7.36537161581105e-06,0.00350983055669225,0,0.00020763082670279
0,0,0,0,0,0,0,0,0,2.68724709034823e-05,0,0,0,0,0,0.000973888335179131,0.000117442198427996,0.00219503090414199,0,0,0,0.0018491689621998,0,0.011039335205216,0,0,0,0,0,0,0,0,0,0,0,0,0,0,0,0,0,0,0,0,0,0,0,0,0,0,0,0,0,0,0,0,0,0,0,0,0,0.00624407315529778,0,0,0.000257336646824207,0,0.00404815355195123,0,0.0413428464180191,0,0,0,0,0,0,0,0,0,0,0,0,0,0.000248884161907498,2.96169513947403e-06,0,0,0
0,0,0,0,0,0,0,0,0.00168177404189743,0,0,0,0,0,0.00723655226402501,0,0.0061848077096508,0.000166515817890325,1.5516769257964e-05,0,0,0,0,0,0.0319215963806962,0,0,0,0.00271104747961806,0,0,0,0,0,0,0,0,0,0,0,0,0,0,0,0,0,0,0,0,0,0,0,0,0,0,0,0,0,0,0,0.00191863313632585,0,0,0,0,0.000213388912512119,0,0.00422630965990048,0,0.00965150912071474,0,0,0,0,0,0,0,0,0,0,0,0,0.000698552043579522,1.17880273204883e-05,0,0,0
0,0,0,0,0,0,0,0,0,0,0,0,0,0.00236715831008396,0,0,0,0,0,0,0,1.35358348060163e-05,0,0,0,0,0,0,0,0.00203376409764051,0,0,0,0,0,0,0,0.00037277918155216,0,0,0,0,0,0,0,0,0,0,0,0,0,0,0,0,0,0,0,0,0,0.00100580529950269,0,0,0,0,0,0,0,0,0,0,0.00108906044963408,0,0,0,0,0,0,0,0,0,7.94733253917513e-05,0,8.18403476912096e-06,8.44532438406993e-05,0,0,0
0,0,0,0,0,0,0,0,0,0,0,0,0,0,0,0,0.000324097830612664,1.16365818318727e-05,0,0,0,0,0.000144193849609029,0,0,0,0.00271104747961806,0,0,0,0.0153883305750894,0,0,0,0,0,0,0,0.000278062349754028,0,0,0,0,0,0,0,0,0,0,0,0,0,0,0,0,0,0,0,0,0,0,0,0,0,0,0.000123539595798712,0,0,0,0.000719400500595442,0,0.00840619146348339,0,0.00269718895520892,0,0,0,0,0,0,0,0.000637013274816997,0.000109165466296732,0,0,0,0
0,0,0,0,0,0,0,0,0,0,0,0.00237999805257393,0,0,0,0,0,0,0,0,0,0,0,0,0,0,0,0.00203376409764051,0,0,0,0,0,0,0,0,0,0.00026403278333403,0,0,0,0,0,0,0,0,0,0,0,0,0,0,0,0,0,0,0,0.000375832480739437,0,0,0,0,1.72277746740608e-05,0,0,0,0,0,0,0,0,0,0.0089359671709203,0,0,0,0,0,0,0,0.00282806907655534,0,1.32822455808744e-06,0,0,0,0
0,0,0,0,0,0,0,0,0,0,0.00406703554926957,0,0,0,0,0,0,0,0,0,0,0,0,0,0,0,0,0,0.0153883305750894,0,0,0,0,0,0,0,0,0,0.0007022130877967,0,0,0,0,0,0,0,0,0,0,0,0,0,0,0,0,0,0.00062121254175445,0,0,0,0,0,0,2.23469045316105e-05,0,0,0,0,0,0,0,0,0,0.0134022760603235,0,0,0,0,0,0,0,0.000241939863066187,4.14404383338395e-05,0,0,0,0
0,0,4.43813977764905e-05,0.000114673211764593,0,8.58189666165074e-05,0,0,0,0,0,0,0,0,0,0,0,0,0,0,0,0,0,0,0,0,0,0,0,0,0,0,0.134036172527496,0,0.000494601402214762,0.00253829682698361,0,1.57370654098863e-06,0,0.000128189492403371,0,0,0,0,0,8.45135900981423e-05,0,0.0348184738458161,0,0.000120198547706003,0,0,0,0,0,0,0,1.53681964276307e-05,0,0,0,0,5.0818694319352e-05,0,0,0,0,0,0,0,0,0,0,0,0.265547110670734,0.046039933100545,0.00332623841219741,0.00051741843946353,0.00571767206156325,9.05447807249965e-06,7.72098370957426e-06,0,0.00128369948387114,0,5.13472977500956e-05,0,0
0,0,0,0,0,0,0,0,0,0,0,0,0,0,0,0,0,0,0,0,0,0,0,0,0,0,0,0,0,0,0,0.134036172527496,0,0.000302423856378527,0.000844231133150894,0,0.000593123298417033,0,0,0,0,0,0,0,0,0,0,0.0394397439018238,0.000138730576087747,0,0,0,0,0,0,0,0,0,0,0,0,0,0,0,0,0,0,0,0,0,0,0,0,0,0.0426182854757532,0.182687131113757,0,0.00229539553244378,7.42422326556873e-05,0.0104331381051964,0,0,0.00230423293795998,0,0,0,0
0,0,0,0,0,1.7759030953161e-05,0,0,0,0,0,0,0,0,0,0,0,0,0,0,0,0,0,0,0,0,0,0,0,0,0,0,0.000302423856378527,0,0.050040036300616,0.00124981462083308,6.88804165278304e-06,0.00274261968378579,0,1.65549693674874e-05,0,0,0,0,0,2.87572825557617e-05,0,0.113466856506358,0,0.00690194954917837,0,0,0,0,0,0,0,1.559206992516e-05,0,0,0,0,0,0,0,0,0,0,0,0,0,0,0,0,0.00140435714697225,0,0.44514776780142,0.0864539385508143,0.00321859826109972,8.7494939632236e-05,0.00182200326341242,7.69308364189942e-06,0.000357661752486223,0,9.66188760364829e-05,0,0
0,0,0,1.5989509762612e-05,0,0,0,0,0,0,0,0,0,0,0,0,0,0,0,0,0,0,0,0,0,0,0,0,0,0,0,0.000494601402214762,0.000844231133150894,0.050040036300616,0,0,0.00639559897752571,0,0.000228425754185786,4.90931202297095e-05,6.01520048775058e-05,1.02418236410911e-05,0,0,0,1.16009758257714e-05,1.30655246008589e-05,0.123791885008897,0.000671781096273755,6.59418536947641e-05,0,0,0,0,0,0,0,0,0,0,0,0,4.19533261144525e-05,0,0,0,0,0,0,0,0,0,0,0,0.000101413817902782,0,0.0221630330550166,0.124659410212193,4.16750417113738e-05,0.00496401417920881,3.01236054769639e-05,0.000965318784729494,0.0006917850003904,8.94179165001447e-07,0.00040593936867705,0,0
0,0,0,0,0,0,0,0,0,0,0,6.83821463098866e-06,0,0,0,0,2.87964678910069e-05,2.86858390222119e-05,0.000572954591029898,0.00113796890325449,0,0,0,0,0,0,0,0,0,0,0,0.00253829682698361,0,0.00124981462083308,0,0,0.000349795411926385,0.00528326872805984,0,3.6269555334214e-05,0,0.000259533735923771,8.11256396233116e-06,0.000322191919794448,0,0.00070612081562795,0,0.000562854889007224,0,1.55379619614206e-05,0,0,0,0,0,0,0,0,0,0,0,0,0.000970467916224701,0,0,0,0,0,0,0,0,0,1.83065063311938e-05,0,0.000699959134536061,0,0.000893963376108856,8.58374727982762e-07,0.0386623755445637,7.34076087685151e-05,0.00375001293314576,0,0.00114869830937009,0,0.000267969455007503,0.000227886092276423,0
0,0,6.64995480620725e-06,0,3.06507786355423e-05,0,0,0,1.05909773286671e-06,0,0,0,0,0,0,0,4.05846432888081e-05,9.7518324630165e-06,0.000449418061629579,0,0.000474452198678439,0,0,0,0,0,0,0,0,0,0,0,0.000593123298417033,6.88804165278304e-06,0.00639559897752571,0.000349795411926385,0,0.000558536657617175,0.00692973514308096,0,3.81687302339796e-05,0,0.00040196781145,0,0.000630182351962442,0,0.000432187822236363,0.000774008651638584,6.25870685265003e-05,0.000127051742757017,0,0,0,0,0,0,0,0,0,0,0,0,0,0.000616093568072536,0,0,0,0,0,0,0,0,0,5.2920466890388e-06,1.6196890814479e-05,0.000286244919103658,0,0.0020221452769184,4.29899350307177e-06,0.0417316014145675,0,0.0012750888992782,0.00258877237907912,0.00058146948041231,0.000582683161419513,9.34078964300202e-06,0.000101802321917667
0,0,0,0,0,0,0,0,0,0.00190420023558783,0,0.00209879964226934,0,0,0,0,0,1.33309154624907e-05,0.000140101127887978,0.000759578748618335,0,0.00318254709586234,0,0.00138054076460352,0,0,0,0.00037277918155216,0,0.00026403278333403,0,1.57370654098863e-06,0,0.00274261968378579,0,0.00528326872805984,0.000558536657617175,0,0.00017806312680585,8.28416411743202e-06,0,0.000392874083351816,4.62470767992123e-06,9.56864107751819e-05,0,9.45370499650009e-05,0,0.00967064454954117,0,0.0025178631993193,0,0,0,0,0,1.20349195513429e-05,0,0.000281659842457649,0,0,0,0,2.92569008583862e-05,0,0.00123087468215479,0,0.000773118956513662,0,0,0,0.000152759358447123,0,2.18673718243284e-05,0,0,0,0.000168882166198297,0,0.00107190730945487,0,0.0373674929178019,0,0.000963306747976186,0.000735516500296756,0.00119538816090153,8.99459558455737e-05,0
0,0,4.94185322089292e-06,0,0,0,0,0,5.13731415353601e-05,0,0.00420788358974214,0,0,0,0,0,7.31019828894728e-06,0,8.3207769913031e-05,0,0,0,0.00378674516988371,0,0.000642560494537514,0,0,0,0.000278062349754028,0,0.0007022130877967,0,0,0,0.000228425754185786,0,0.00692973514308096,0.00017806312680585,0,0,1.75724243413965e-05,0,0.000141799265661769,1.5378320298893e-06,0.000120500553900606,0,2.29382487392562e-05,0.00176531848311196,0.00401811837516907,0,0,0,0,0,0.000232860788215152,0,0.000745590059169617,0,0,0,0,0,0,1.08582492889305e-05,0,0.000468343839901538,0,0.000190480487380689,0,0,0,0,0,0.000190492157605174,0,0,0,5.64046935690892e-05,0,0.0032889307330268,0,0.0404011471979875,0.00129953996506312,0.000302431332249745,0.000742821998140572,0,5.18182853702197e-05
0,0,0,0.00103394353780769,0,0.00524683749009661,0,0,0,0.000120273780605963,0,0.000210571593618564,0,0,0,0,0.000271969609201123,0.000628166847040895,0.0148588546470837,0,0,0,0,0,0,0,0,0,0,0,0,0.000128189492403371,0,1.65549693674874e-05,4.90931202297095e-05,3.6269555334214e-05,0,8.28416411743202e-06,0,0,0.000297238034343611,0.0443661387430768,0.000548264550519258,0.00654564018702621,0.000224839986210252,0.0175210476566628,0.000240596195590368,0.00354058672390848,0.000393885184327425,0.024680769456109,0,0.000308137770354658,0,0,0,0,0,0.00137199861654941,0,0,0,0,0.0104158810220857,0.000300994143827662,0,0,0,0,0,0,0,0,0.00109357145782372,2.40508220261638e-05,0.000103693834961767,0,3.69805984554287e-05,0,0.00514131890386001,0.000191444049277813,0.000805402524382305,4.12937664343071e-06,0.000700357910393165,0,0.0185303650370238,0.00357941179621575,0
1.49388983887262e-05,0,0.000339479737718119,0,0.000341971927458371,0,0,0,6.62537084951299e-05,0,0,0,0,0,0,0,0.000156905430587367,0.000120275119854106,0.00665454554019702,0,0.000127670733965551,0,0,0,0,0,0,0,0,0,0,0,0,0,6.01520048775058e-05,0,3.81687302339796e-05,0,1.75724243413965e-05,0.000297238034343611,0,0.000638340300817862,0.0419632717113393,0.00044986624473311,0.005411501001588,0.000148893298349776,0.00359033123666492,0.0146182065969982,0.0417416688035829,0.000852432415750273,0,0,0,0,0.000130474996450873,0,0.000247191915689029,0,0,0,0,0,5.28954093093517e-06,0.000805236989099027,0,0,0,0,0,0,0,0,9.23085351350991e-05,0.00166874810452705,0,0,0,2.08151881729902e-05,1.92513074730644e-05,0.00479251052955177,6.05509191782849e-05,0.00109187963232048,0.000292325152296416,0,0.0146537252560326,7.88133052018251e-05,0.00329273750197612
0,0.000290263361056725,1.08083946480188e-05,0.0024288147586803,8.37972505219205e-05,0.00105811772576968,0,0,1.13311975548011e-05,4.73906562397188e-05,0,0,0,0,0,0,0.00028837243906972,0.00118578495933936,0.0184193589024818,0,0,0,0,0,0,0,0,0,0,0,0,0,0,0,1.02418236410911e-05,0.000259533735923771,0,0.000392874083351816,0,0.0443661387430768,0.000638340300817862,0,0.00882906383495691,0.00405311418081126,0,0.00775892463091978,8.01785044476193e-05,0.00481925148862285,0.000683020442630705,0.0204535824160023,0,1.32239310954691e-05,0,0,0,1.75141664337881e-05,0,0.0184158351286126,0,0,0,8.50155568276733e-06,0.0123409902324639,7.53313047336182e-05,9.18063771832716e-06,0,0,0,0,0,0.000549684574143611,0,0.0382545521609816,3.93376767482802e-05,0,0,0,0,0.0212299980651278,0.000284672397481427,0.0129749230683164,4.24288067373681e-05,0.00432616655114437,0,0.0841112457909421,0.0614850052110315,8.28918432814901e-05
0.000671023652803247,0,0.000704924798928712,2.87139919252968e-05,0.000253516907247031,4.61198853719889e-05,0,0,0.000840973723337027,7.78221940463846e-06,0,0,0,0,0,0,0.000803691905059461,0.00034137774010073,0.022978331430932,0,0.000203106752365944,0,0,0,0,0,0,0,0,0,0,0,0,0,0,8.11256396233116e-06,0.00040196781145,4.62470767992123e-06,0.000141799265661769,0.000548264550519258,0.0419632717113393,0.00882906383495691,0,0.000577910243592723,0.00449310846177529,0.000200010714910795,0.00732386693537515,0.00312744538503627,0.0275114345278803,2.63914380340454e-05,0,0,0,0,0.000425194762664156,0,0.00249792503316297,4.77605784763267e-06,0,0,0,0,2.39882046436339e-05,0.0155938028616227,0,0,0,0,0,0,0,0.000151557862484243,9.38795417001312e-05,0.044686733208316,0,0,0,0,0.000280972933731742,0.016997405948498,0.000131525712449566,0.0118360263370855,0.00371190644561362,2.22399967846515e-05,0.0785079832053521,0.000137430286381952,0.0300939683347002
0,0,0,0,0,0,0,0,0,0,0,0,0,0,0,0,4.28785907138552e-05,4.7796861879491e-05,0.008150736330553,0,0,0,0,0,0,0,0,0,0,0,0,0,0,0,0,0.000322191919794448,0,9.56864107751819e-05,1.5378320298893e-06,0.00654564018702621,0.00044986624473311,0.00405311418081126,0.000577910243592723,0,0.00346601453571899,0.00256037365970829,2.28274377615315e-05,0,0,0.000369845881658636,0,0,0,0,0,0,0,3.57333687187049e-05,0,0,0,0,0.000564918719693561,0.000423811008124837,0,0,0,0,0,0,4.08983916151435e-05,0,0.0053982834837708,0,0,0,0,0,0.00278960756962204,0.000151112770249866,0.00518806447709818,0,0.000116281340958919,3.26934328470004e-06,0.00417983611157376,0.00180100049697098,0
0,0,0,0,0,0,0,0,0.0001396302699266,0,0,0,0,0,0,0,5.2716909205646e-05,6.32954160947709e-05,0.0051621021775014,0,0,0,0,0,0,0,0,0,0,0,0,0,0,0,0,0,0.000630182351962442,0,0.000120500553900606,0.000224839986210252,0.005411501001588,0,0.00449310846177529,0.00346601453571899,0,0,0.00159162976032946,0,0.000258328057619749,0,0,0,0,0,0,0,0.000118708674594832,0,0,0,0,0,0,0.00181992271459795,0,0,0,0,0,0,0,0,0.000101994466716299,0.00475349825932636,0,0,0,0,7.02006525784356e-06,0.00730984244075239,1.88902999428745e-05,0.00328199905624642,0.000197703713083543,2.95085604950166e-05,0.00612325230883339,0,0.000138670798710445
0,7.9999454401047e-05,0,0.00699196750664121,5.0231820324792e-06,0.0160004391749325,0,2.73881533800334e-05,0,0.000101421211535227,0,0.000601429834006933,0,0,0,0,4.22848315606498e-05,0.000100330277398092,0.00263548463715433,1.31529266596282e-05,0,0,0,0,0,0,0,0,0,0,0,8.45135900981423e-05,0,2.87572825557617e-05,1.16009758257714e-05,0.00070612081562795,0,9.45370499650009e-05,0,0.0175210476566628,0.000148893298349776,0.00775892463091978,0.000200010714910795,0.00256037365970829,0,0,6.05289485076767e-05,0.00294287741190226,6.71537399263616e-05,0.00483496096361006,0,0.000512368044841033,0,0,0,2.97255698936327e-05,5.03880520108909e-06,0.00697718402861439,0,1.62359094649153e-05,0,0,0.0103850897859493,6.80174800026546e-05,0,0,0,0,0,0,0.000938541798135115,0,0.0103770115782436,1.49311407544369e-05,7.94819514255795e-05,0,8.52665699802566e-06,0.000133787063182534,0.0117407761382887,0.000149270532667989,0.00734767409705951,1.60195377645339e-05,0.000592987625399533,5.96859275323833e-07,0.0145069432127305,0.00435156958064868,8.8226350722769e-06
2.86471999007861e-05,0,0.00208795232607474,1.03137683989457e-05,0.00102422059712199,1.46661294249117e-05,0,0,0.000717130385484085,0,2.99201831894765e-05,0,0,0,0,0,0.000281668860161334,0.00017779164159395,0.00817017735191421,0,0.00185388003773326,0,0,0,0,0,0,0,0,0,0,0,0,0,1.30655246008589e-05,0,0.000432187822236363,0,2.29382487392562e-05,0.000240596195590368,0.00359033123666492,8.01785044476193e-05,0.00732386693537515,2.28274377615315e-05,0.00159162976032946,6.05289485076767e-05,0,0.00111668618616331,0.00827595245864161,1.76198214793946e-05,0,0,0,0,0.000163299107064332,0,0.00287025453034832,0,0,0,0,0,7.5073982021732e-05,0.0922396406714745,0,0,0,0,0,0,0,2.47783189986413e-05,1.23028788881776e-05,0.0124995982240659,0,0,0,0,7.85202195341091e-05,0.016335255557601,9.3131272244114e-06,0.0058615608076734,0.000239511331593359,4.82383134260819e-06,0.0199458802030901,2.11160392294951e-05,0.000565484768163425
0.000173802006337564,0,0.000727521175097093,0.000662033286047092,0.00100562126960565,0.00173044249997615,0,0,0.000505403220722843,0,0,9.67944971462292e-06,0,0,0,0,0,0,2.79784885212797e-05,0,0.000229094268410164,0,5.23664774039592e-06,0,0,0,0,0,0,0,0,0.0348184738458161,0.0394397439018238,0.113466856506358,0.123791885008897,0.000562854889007224,0.000774008651638584,0.00967064454954117,0.00176531848311196,0.00354058672390848,0.0146182065969982,0.00481925148862285,0.00312744538503627,0,0,0.00294287741190226,0.00111668618616331,0,0.0470739464764901,0.0480716115316455,0,1.28428626968363e-05,0,0,0.000133750576829773,0,0.000109732469320264,0.00104621027663059,0,1.31974932521591e-05,0,0,0.000520615842117353,0.000296596344389963,0,0,0,0,0,0,5.50718317588773e-06,0,6.15671006552707e-05,0.000137452145828442,0.0889787085874072,0.0559103976295362,0.0690201076156363,0.14638161941479,0.0114959049641571,0.0194952336471397,0.00110378894013122,0.00324237877221207,0.00308938681754289,0,0.0340183025065409,0.000454283415562045,0.000255346036245559
0.0198011745336072,0,0.00613340253414619,0,0.00282732910921302,2.07844924597296e-05,0,0,0.00172850063544356,0,5.58871024913983e-06,0,0,0,0,0,4.33897814821449e-05,1.54828644638309e-05,0.000522904028936026,0,0.000407465745978632,0,0.00115913710156182,0,0.00200986716991629,0,0,0,0,0,0,0,0.000138730576087747,0,0.000671781096273755,0,6.25870685265003e-05,0,0.00401811837516907,0.000393885184327425,0.0417416688035829,0.000683020442630705,0.0275114345278803,0,0.000258328057619749,6.71537399263616e-05,0.00827595245864161,0.0470739464764901,0,0.00139244287260778,0,0,0,0,0.00153466015298772,0,0.00478871497882908,0,0.000586858900217868,0,0.00288785615580341,0,0,0.00292996731023566,1.78614407611582e-05,0.00627781162259938,0,0.00487018466130639,0,0.00359037312826757,0,0.00914206363845968,0,0.012144816874545,6.48657813555244e-05,0,0,0,0,0.00398699578913557,1.00981734063398e-05,0.0081338704532726,0.000850657006840329,1.20087268596248e-06,0.0238945561207537,0,0.000338141808906975
5.18386892790941e-05,0.0216843492283764,0,0.00906216338129342,2.53652556733708e-05,0.00566746684613807,0,0,5.79061466302877e-05,0.000449673915148469,0,0,0,0,0,6.63868807454279e-05,4.96361501923655e-06,1.9218633615326e-05,0.000486671785247383,0,0,0.00372611232152888,0,0.00461408929651974,0,0,0,0,0,0,0,0.000120198547706003,0,0.00690194954917837,6.59418536947641e-05,1.55379619614206e-05,0.000127051742757017,0.0025178631993193,0,0.024680769456109,0.000852432415750273,0.0204535824160023,2.63914380340454e-05,0.000369845881658636,0,0.00483496096361006,1.76198214793946e-05,0.0480716115316455,0.00139244287260778,0,0,0.000471836290652679,0,0,0,0.000161064700684622,0,0.00898563292964021,0,4.12330687199088e-05,0,0.00609533466480415,0.00404958336791239,0,0.0063826667732829,0,0.00257052485751285,0,0.00280175948108793,0,0.00521493666618637,0,0.0163820196532743,0,3.37741689195015e-05,0,0.000814219342297953,8.59017911034965e-05,0.00515678406172276,1.68655358211444e-05,0.00641748597473694,0,0.000701390687351995,0,0.0337544881812691,0.000653863844674232,0
0.00136876069478957,0,0.0273374569111285,0,0.208406794220601,0,0.00614560307220571,0,0.0111454553199449,0,0,0,0,0,0.000608697146860127,0,0,0,0,0,0,0,0,0,0,0,0,0,0,0,0,0,0,0,0,0,0,0,0,0,0,0,0,0,0,0,0,0,0,0,0,0,0.00256428627001246,0,0.0181759192857838,0,0,0,0.00132279136207366,0,0.00109056804076129,0,0,0,0,0,0,0,0,0,0,0,0,0,0,0,0,0,0,0,0,0,0.000622553989334907,0,1.51803883393125e-05,0,0
0,0.000234258374293258,0,0.0356794285942108,0,0.0881501236546661,0,0.018652204103061,0,0.00136456763943143,0,0.000188042154674073,0,0,0,0.000335579642410648,0,0,0,0,0,0,0,0,0,0,0,0,0,0,0,0,0,0,0,0,0,0,0,0.000308137770354658,0,1.32239310954691e-05,0,0,0,0.000512368044841033,0,1.28428626968363e-05,0,0.000471836290652679,0,0,0,0.0395670625941495,0,0.0580856819779734,0,0.00111567932092664,0,0.000398292886464149,0,0.0314645238062949,3.0907639877257e-05,0,0,0,0,0,0,0,0,0,0,0,0,0,0,0,5.94124968404663e-06,0,0,0,0.00039268036325652,0,8.02954856333599e-05,0,0
0,0,0,0,0.0119361639290169,0,0.0383608683929798,0,0,0,0.00165599884217443,0,0,0,0,0,0,0,0,0,0,0,0,0,0,0,0,0,0,0,0,0,0,0,0,0,0,0,0,0,0,0,0,0,0,0,0,0,0,0,0.00256428627001246,0,0,0,0,0,0.0113204885851671,0,0.00608662335842246,0,0,0,0,0,0,0,0,0,0,0,0,0,0,0,0,0,0,0,0,0,0,0,6.45035941810273e-05,0,0,0,0
0,0,0,0,0,0.0117874511421997,0,0.0903603313740923,0,0,0,0.000151475968681168,0,0.00295106890721081,0,0,0,0,0,0,0,0,0,0,0,0,0,0,0,0,0,0,0,0,0,0,0,0,0,0,0,0,0,0,0,0,0,0,0,0,0,0.0395670625941495,0,0,0,0,0,0,0,0.00597997728021224,0,0,5.65686081093007e-05,0,0,0,0,0,0,0,0,0,0,0,0,0,0,0,0,0,0,0,0.000558448059395773,0,0,0,0
0.0198419793714456,0,0.0111527844620667,0,0.0232600667257121,0,0,0,0.217363164330818,0,0,0,0,0,7.53365455439699e-05,0,7.01054490184426e-05,0,0,0,0,0,0,0,0.0251079947031242,0,0,0,0,0,0,0,0,0,0,0,0,0,0.000232860788215152,0,0.000130474996450873,0,0.000425194762664156,0,0,0,0.000163299107064332,0.000133750576829773,0.00153466015298772,0,0.0181759192857838,0,0,0,0,0,9.59635796647879e-06,0,0,0,0,0,0,6.37737895604684e-05,0,0,0,0.0132987528645552,0,0,0,0,0,0.000490160678523876,0,0,0,0,9.14714319380662e-07,2.54757509170734e-06,0,0.000729576023016764,0.00029726057514019,0,0.00127983840742942,0,0
0,0.0445498848664322,0,0.0205030383139122,0,0.0102253305044297,0,0,0,0.137684545423034,0,0,0,0,0,0.00147599751188552,0,4.23507432149011e-05,0,0,0,0,0,0.0177520173212888,0,0,0,0,0,0,0,0,0,0,0,0,0,1.20349195513429e-05,0,0,0,1.75141664337881e-05,0,0,0,2.97255698936327e-05,0,0,0,0.000161064700684622,0,0.0580856819779734,0,0,0,0,0,0,0,0,0,0.00415988802069498,0,0,0,0,0.0124462716628964,0,0,0,0,0,0,0,0,0,0,0,0,0,2.09527909835376e-05,0,0.000103729313043338,0,0.00049676703688253,0,0
0.000200158676920023,0,0.000238919767041439,0,1.22478955493753e-05,0,0.00894784136180701,0,1.24288800652041e-05,0,0.0347545685464261,0,0,0,1.21145692985519e-05,0,4.88993736787592e-06,0,6.33789558749506e-05,0,0.00288240093532737,0,0,0,0,0,0,0,0,0,0.00062121254175445,0,0,0,0,0,0,0,0.000745590059169617,0,0.000247191915689029,0,0.00249792503316297,0,0.000118708674594832,5.03880520108909e-06,0.00287025453034832,0.000109732469320264,0.00478871497882908,0,0,0,0.0113204885851671,0,9.59635796647879e-06,0,0,0,0.00720593772086453,0,0.00521604583303937,0,0,0.0164375980684875,0,0,0,3.81754695809883e-05,0,5.77490770145932e-05,0,0.0130037696744579,0,0.0426106465588214,0,0,0,1.08465334923897e-05,2.71845098456531e-06,7.08451243385749e-05,1.47377577907877e-06,0.000950868569216877,1.05134672754174e-05,0,0.0107267171938647,0,0.000252564040918692
0,0.00125247423381644,0,0.00025323022827419,0,0.000302342109288772,0,0.00263303854233003,0,0,0,0.0141795220719294,0,2.35209541054654e-05,0,0,0,0,2.78156361434805e-05,0.0127978047142682,0,0,0,0,0,0,0,0,0,0.000375832480739437,0,1.53681964276307e-05,0,1.559206992516e-05,0,0,0,0.000281659842457649,0,0.00137199861654941,0,0.0184158351286126,4.77605784763267e-06,3.57333687187049e-05,0,0.00697718402861439,0,0.00104621027663059,0,0.00898563292964021,0,0.00111567932092664,0,0,0,0,0,0,0,0.0103241548734407,0,0.000598104421908013,0.0567215460117147,0,0.000117417353918407,0,0,0,0.00049103026502126,0,0.0320511097386634,0,0.0205522844291562,0,9.79590391979616e-06,0,2.06137850536783e-05,0,0.000243478310646707,1.77866767004811e-06,0.00322077616268631,0,3.19354393458117e-05,0,0.0236604536957793,0.00163688873553119,0
0,0,0,0,0.00106838866697481,0,3.1632242261849e-05,0,0,0,0,0,0.0103910863903674,0,0.000791629924025369,0,0,0,0,0,0,0,0,0,0,0,0,0,0,0,0,0,0,0,0,0,0,0,0,0,0,0,0,0,0,0,0,0,0.000586858900217868,0,0.00132279136207366,0,0.00608662335842246,0,0,0,0.00720593772086453,0,0,0,0.0108909924025875,0,0,0,0,0,0,0,0,0,0,0.00380477717975549,0,0,0,0,0,0,0,0,0,0,0.000107907776496723,0,0,0,0
0,0,0,0,0,0.000862924585878361,0,0.00965771468611726,0,0,0,0,0,0.0596404919089397,0,0.00311245883531692,0,0,0,0,0,0,0,0,0,0,0,0.00100580529950269,0,0,0,0,0,0,0,0,0,0,0,0,0,0,0,0,0,1.62359094649153e-05,0,1.31974932521591e-05,0,4.12330687199088e-05,0,0.000398292886464149,0,0.00597997728021224,0,0,0,0.0103241548734407,0,0,0,0.00975163828208878,0.00100674751501741,0,0,0,0,0,7.10549945896304e-05,0,0.00319898857185822,0,3.76992761562563e-05,0,0,0,0,0,0,0,0,0,0.000155694444441277,0,5.04127775517827e-05,0,0
0.0015387642006756,0,0.000145003103952312,0,4.26806884041547e-05,0,0,0,0.0015267727075277,0,0,0,0,0,0.00641713892910073,0,2.06070823053196e-05,0,0,0,0,0,0,0,0,0,0.00191863313632585,0,0,0,0,0,0,0,0,0,0,0,0,0,0,0,0,0,0,0,0,0,0.00288785615580341,0,0.00109056804076129,0,0,0,0,0,0.00521604583303937,0,0.0108909924025875,0,0,0,0,0,0,0,0,0,0,0.000936922705502274,0,0,0,0,0,0,0,0,0,0,0,0,6.17884983257342e-06,0,0,0,0
0,0.0117462120416329,0,0.0124816777282534,0,0.0012997176209868,0,0,0,0.0112608168389543,0,0,0,0.00616666712673692,0,0.0939541144654003,0.000244724404403192,0.000951095917274816,0,0,0,0,0,0,0,0.00624407315529778,0,0,0,0,0,0,0,0,0,0,0,0,0,0,0,8.50155568276733e-06,0,0,0,0,0,0,0,0.00609533466480415,0,0.0314645238062949,0,0,0,0.00415988802069498,0,0.000598104421908013,0,0.00975163828208878,0,0,0,0,0,0,0,0,0,0,0,0,0,0,0,0,0,0,0,0,0,0,3.88690277763523e-05,0,0.000154647239730215,0,0
0,0,0,0.00178590177693694,0,0.00948446798982294,0,0.00600453476237905,0,6.8915864850339e-05,0,0.0164485000557726,0,0,0,0,3.20270238229489e-05,5.46457292676637e-05,0.00186791363864912,0.0179930442936263,0,0,0,0,0,0,0,0,0,1.72277746740608e-05,0,5.0818694319352e-05,0,0,4.19533261144525e-05,0.000970467916224701,0,2.92569008583862e-05,0,0.0104158810220857,5.28954093093517e-06,0.0123409902324639,2.39882046436339e-05,0.000564918719693561,0,0.0103850897859493,7.5073982021732e-05,0.000520615842117353,0,0.00404958336791239,0,3.0907639877257e-05,0,5.65686081093007e-05,0,0,0,0.0567215460117147,0,0.00100674751501741,0,0,0,1.44487173596897e-05,1.69696040072122e-05,0,0,0,0.000137852085061217,0,0.00618687357768983,0,0.015301238060989,0,0,0,4.53337972666087e-05,2.6579102572127e-05,0.00939241701077367,2.67536358160056e-05,0.0213019211022735,0,0.000131496237569616,0,0.0105334072460001,0.000392793459430942,0
0,0,0.000497451359619632,0,0.00609925352377458,0,0,0,0.000107060925201219,0,0.000582396066957215,0,0,0,0,0,0.000254332533008529,0.000241643840433058,0.00643667461193822,0,0.0664413586105457,0,0,0,0,0,0,0,0,0,2.23469045316105e-05,0,0,0,0,0,0.000616093568072536,0,1.08582492889305e-05,0.000300994143827662,0.000805236989099027,7.53313047336182e-05,0.0155938028616227,0.000423811008124837,0.00181992271459795,6.80174800026546e-05,0.0922396406714745,0.000296596344389963,0.00292996731023566,0,0,0,0,0,6.37737895604684e-05,0,0.0164375980684875,0,0,0,0,0,1.44487173596897e-05,0,0,0,0,0,0,0,0,5.10857532580052e-05,0,0.0182384637450716,0,0,0,1.69918726483104e-05,5.98834347159247e-05,0.0201331538817746,1.61295036610148e-05,0.00675656900425531,0.000751922246271461,8.40038033269011e-07,0.0203651046729832,2.81261311724356e-05,0.000349015210875903
0,0,0,0,0,0,0,0,0,0,0,0,0,0,0,0,0,5.54616289628104e-06,0,0,0,0.0209762900685465,5.1776943525185e-05,0.00209693781879114,0,0.000257336646824207,0,0,0,0,0,0,0,0,0,0,0,0.00123087468215479,0,0,0,9.18063771832716e-06,0,0,0,0,0,0,1.78614407611582e-05,0.0063826667732829,0,0,0,0,0,0,0,0.000117417353918407,0,0,0,0,1.69696040072122e-05,0,0,0,0.00190891464957951,0,0.000795509020683571,0,0.0222911473517039,0,0.000759618825508618,0,0,0,0,0,0,0,0.00818791452268634,0,0.000346100897379008,0,6.89924151085725e-06,0,0
0,0,0,0,0,0,0,0,0,0,0,0,0,0,0,0,0,0,0,0,0,0,0.022305991687565,0,0,0,0.000213388912512119,0,0.000123539595798712,0,0,0,0,0,0,0,0,0,0.000468343839901538,0,0,0,0,0,0,0,0,0,0.00627781162259938,0,0,0,0,0,0,0,0,0,0,0,0,0,0,0,0,0,0,3.80264609426643e-05,0,0.0107991708070484,0,0.014862206718249,0,0,0,0,0,0,0,0,0,0.00575946015463745,0.000109331686896841,0.00010022306491071,0,0,0
