0,0,0.0328385777252089,0,0,0,0,0,0.023855925381798,0,0,0,0,0,0.000284175122347598,0,0,0,0.000347172637586224,0,0,0,0,0,0,0,0,0,0,0,0,0,0,0,0,0,0,0,0,0,1.6610600793236e-05,0,0.00210285339252919,0,0,0,0,0,0.0158410888558249,0,0,0,0,0,0.0101614452000423,0,0.000282009438738602,0,1.84868912019205e-05,0,0.0116037285099119,0,0,0,0,0,0,0.000337391540837839,0,0.00296705466999152,0,0,0,7.70991135505615e-05,0,0,0,0,0,2.57963069979736e-05,0,0,0.000398955222030204,1.28893353359242e-06,0.00755612181714885,0,0.000219705379221745
0,0,0,0.00573790091609005,0,0.00269982103534123,0,0,0,0.0120250473543465,0,0,0,0,0,0,0,5.05177743833447e-06,0.000567749233251228,0,0,0,0,0,0,0,0,0,0,0,0,0,0,0,0,1.18537713954853e-05,0,4.57792710783717e-05,0,0.000223368791199972,0,0.0323193376465276,0,0,0,0.000301537030148672,0,2.69592722706383e-05,0,0.013134836288851,0,0,0,0,0,0.0137028513842916,0,0.000353381185697042,0,0,0,0,3.90262821030371e-05,0,0,0,0,0,0,0,5.56055931700244e-05,0,0.00102757675161943,0,0,0,0,0,0.000702877273001546,0,4.76273251810082e-06,0,0.000448431760890853,0,0.00856464443037755,0.000103804181266875,0
0.0328385777252089,0,0,0,0.00327653884120588,0,0,0,0.0115293062010253,0,1.75852721082673e-05,0,0,0,0,0,1.29002611230712e-05,4.17686304871501e-06,0.000201894331422872,0,0.00807907097322788,0,0,0,0,0,0,0,0,0,0,0,0,0,0,0,2.97420674112334e-05,0,0,0,0.00126025748625702,0,0.00788009481287994,0,0,0,0.00131523013944819,0.000113370568202996,0.00903875688178317,0,0.00297540836767033,0,0,0,0.016645934752128,0,0.000483196306271398,2.4578675242221e-05,0,0,0,0,0.000166975172319321,0.000341240659981666,0,0,0,0,0,0,0,0,0,0.000294303975430486,0,0,0,0,6.39430697446754e-06,0,0,0,0.000192071749541051,6.21598646452866e-05,0.0201097533285327,0,0.00157262353694004
0,0.00573790091609005,0,0,0,0.0449391698292288,0,0,0,0.000136397439710406,0,0,0,0,0,0,0,0,0.000162151912392383,0,0,0,0,3.9185925502849e-05,0,0,0,0,0,0,0,0,0,0,0,0,0,8.48863581197974e-06,0,0.000826117477463314,0,0.0098973537081698,5.64679692314522e-05,0,0,0.00015344730210867,5.83495094952668e-05,9.63078321486975e-05,3.96124910159511e-05,0.0216959975868653,0,0.0271530056483714,0,0,0,0.0686671734108483,0.000219774726525301,0.00746039678424392,0,0.0021486426550437,0,0.013159481312265,2.01361029897856e-05,9.65249111702592e-05,0,0,0,0,0,0,0.000227742605630529,0,0.0106252847648406,0,0,0,0,0,4.69056119100768e-05,1.11073057022205e-05,7.12564915255416e-05,0,0.000326098458414818,6.84422054995363e-05,0.0153312241013827,0.000390898106578198,0
0,0,0.00327653884120588,0,0,0,0.0128709554411851,0,0.00254386734448601,0,0,0,0,0,0,0,0,0,0,0,0.0142978981464615,0,0,0,0,0,0,0,0,0,0,0,0,0,0,0,6.46102642782708e-06,0,0,0,0,0,0.000404888152732387,0,0,0,0,0,0.000610585132741518,0,0.124215541386196,0,0,0,0,0,0.000617860790618795,0,0,0,0.00644038529233504,0,0,0.00289866236205677,0,0,0,0,0,0,0,0,0,0,0,0,0,0,0,6.37247484305213e-06,0,0,0.000346431139673973,0,0.00293847287493452,0,0
0,0.00269982103534123,0,0.0449391698292288,0,0,0,0,0,6.82330042370465e-05,0,0.00306025699208384,0,0,0,0,0,0,0.000182569041866144,0.0148661642886977,0,0,0,0,0,0,0,0,0,0,0,0,0,0,0,0,0,0,0,0,0,0.00220400232330459,0,0,0,0,0,0,0,0.00189860149839417,0,0.0293654609481088,0,0.000232334808490033,0,0.00117381660733665,0,0.0016425330334208,0,0,0,0,0,0.000107656423773963,0,0,0,0,0,0,5.15539901964773e-05,0,0.00076792417575183,0,0,0,0,0,0,0,0,0,0.000331800936259827,5.16467409598307e-05,0.00512197453632096,0,0
0,0,0,0,0.0128709554411851,0,0,0,0,0,0.00338796492678942,0,0.0238669048612938,0,0,0,0,0,0,0,0,0,0,0,0,0,0,0,0,0,0,0,0,0,0,0,0,0,0,0,0,0,0,0,0,0,0,0,0,0,0.00765504080180951,0,0.0446142915118258,0,0,0,0.0149939580553638,0,0.0102407422695004,0,0,0,0,0,0,0,0,0,0,0,0,0,0,0,0,0,0,0,0,0,0,0,0.000130499884074053,0,0,0,0
0,0,0,0,0,0,0,0,0,0,0,0,0,0,0,0,0,0,0,0,0,0,0,0,0,0,0,0,0,0,0,0,0,0,0,0,0,0,0,0,0,0,0,0,0,0,0,0,0,0,0,0,0,0.00117719263485025,0,0,0,0.00191140927847177,0,0,0,0,0,0,0,0,0,0,0,0,0,0,0,0,0,0,0,0,0,0,0,0,2.6907474882171e-05,0,0,0,0
0.023855925381798,0,0.0115293062010253,0,0.00254386734448601,0,0,0,0,0,0,0,0,0,0.0437107585451915,0,0.00558311820829289,0.00100051802557374,0.000348433384729603,0,0,0,0.000144851494835654,0,0.000207554838127213,0,0.00177501932045972,0,0,0,0,0,0,0,0.00124342460627707,0,0,0,0.00486458395979492,0,0.000100960650933039,0,0.00163876518848964,0,0,0,0.000166685090639635,3.2959899671366e-05,0.00202886016253521,0,0,0,0,0,0.151973537501653,0,0.000249275648230702,0,0,0,0.0118534794916174,0,0,0,0,0,0,0.00224502893979661,0,0.00288189084039723,0,0,0,0,0,0,0,0.000195546495189101,0,0,0,0.000323955297441277,0.00151804586506205,0,0.0106725083830941,0,0
0,0.0120250473543465,0,0.000136397439710406,0,6.82330042370465e-05,0,0,0,0,0,0,0,0,0,0.0105971379046208,0,0,0,0,0,0,0,0.0113016928602097,0,0,0,0,0,0,0,0,0,0,0,0,0,0.000881609738594407,0,0,0,0.000650246857275439,0,0,0,0,0,0,0,0.000172445912682432,0,0,0,0,0,0.112989390081277,0,0,0,0,0,0.000429632281995641,0,0,0,0,0.00545937956583733,0,0,0,0,0,3.38283142318106e-05,0,0,0,0,0,0,0,8.31639733324976e-05,0,0.00298627186403922,0.000653422715073917,0.00734265552190195,0,0
0,0,1.75852721082673e-05,0,0,0,0.00338796492678942,0,0,0,0,0,0.0112536262418461,0,0,0,0,0,9.3685482160104e-06,0,0.0253452194804521,0,0,0,0,0,0,0,0,0,0.00110020847335909,0,0,0,0,0,0.000624228510403666,0,0.00477180566466354,0,0,0,0,0,0,0,0.000385485173291602,0,9.82736282793785e-06,0,0,0,0.00727815386846378,0,0,0,0.0795541711495747,0,0.000507383070723233,0,0,0,0,0.00179338953804379,0,0,0,0,0,0,0,0,0,0.000683780677669337,0,0,0,0,0,0.00121742458991259,0,0.00196241531040977,0.000342684629670236,0,0.000137680734109121,0,0
0,0,0,0,0,0.00306025699208384,0,0,0,0,0,0,0,0.00577412720547525,0,0,0,0,0,0.020960259805987,0,0,0,0,0,0,0,0.00113779586289972,0,0,0,0,0,0,0,0.000334827247890273,0,0.000393836807926172,0,0,0,0,0,0,0,8.23500108284789e-05,0,0,0,0,0,0.00283262532494172,0,0,0,0,0,0.0314662898279015,0,0.0504053141399906,0,0,0.00040398226929277,0,0,0,0,0,0,0,0.0095133865946697,0,6.77562609804026e-05,0,0,0,0,0,0.00046651688658816,0,0,0,0.000396790482890602,0,9.25200505297141e-05,0,0
0,0,0,0,0,0,0.0238669048612938,0,0,0,0.0112536262418461,0,0,0,0.00923204598443811,0,0,0,0,0,0,0,0,0,0,0,0,0,0,0,0,0,0,0,0,0,0,0,0,0,0,0,0,0,0,0,0,0,0,0,0,0,0.00959312930816759,0,0,0,0.00485620475823122,0,0.0260385142919683,0,0,0,0,0,0,0,0,0,0,0,0,0,0,0,0,0,0,0,0,0,0,0,0,0,0,0,0
0,0,0,0,0,0,0,0,0,0,0,0.00577412720547525,0,0,0,0.000140532732372641,0,0,0,0,0,0,0,0,0,0,0,0.00209881675391624,0,0,0,0,0,0,0,0,0,0,0,0,0,0,0,0,0,0,0,0,0,0,0,0,0,0,0,0,0,0,0,0.00197807192483096,0,0,0,0,0,0,0,0,0,0,0,0,0,0,0,0,0,0,0,0,0,0,0,4.30569812534065e-05,0,0,0
0.000284175122347598,0,0,0,0,0,0,0,0.0437107585451915,0,0,0,0.00923204598443811,0,0,0,0.000432403329048155,4.05114758458628e-05,1.0368707671746e-05,0,0,0,3.70279072905303e-05,0,0,0,0.00262685908079955,0,0,0,0,0,0,0,0,0,0,0,0,0,0,0,0,0,0,0,0,0,0,0,0,0,0,0,0.020958457989779,0,0,0,0,0,0.0035505046635298,0,0,0,0,0,0,0,0,0.000161499143479151,0,0,0,0,0,0,0,0,0,0,0,0,0.000695692758566234,0,0,0,0
0,0,0,0,0,0,0,0,0,0.0105971379046208,0,0,0,0.000140532732372641,0,0,0,0,0,0,0,0,0,0,0,0,0,0,0,0,0,0,0,0,0,0,0,0,0,0,0,0,0,0,0,0,0,0,0,0,0,0,0,0,0,0.00147177205418588,0,0,0,0,0,0,0,0,0,0,0.000102745350886835,0,0,0,0,0,0,0,0,0,0,0,0,0,0,0,0.000878126284818688,0.000385115213439278,0,0,0
0,0,1.29002611230712e-05,0,0,0,0,0,0.00558311820829289,0,0,0,0,0,0.000432403329048155,0,0,0.228981983060593,0.110809714348902,0,0,0,0.00125390501464058,1.84797801778152e-05,0.00264953996277514,0.000102391962857942,0.0324077297547874,0,6.26321021539639e-05,0,0,0,0,0,0,1.53364057804053e-06,0,0,1.63242916138984e-06,0.000716409540313617,0.00476393895317313,0.000903394754156443,0.00199417906546001,0,0,0.00133400083535837,0.00131122521453041,0,0,0,0,0,0,0,0,0,0.000239124216052659,0,0,0,0.000865086541583667,0,0.000291607632299776,0.00102241419562639,0,0,0,0.00147470680101853,0,0.0417140394303666,0,0,3.08277230928974e-05,0.00010210428474312,0,0,0,0,0.000935544088029004,0.00129261753869583,0.000115739100893282,5.64495871656627e-05,0.0299887620359286,0,0.0036304930737641,0.000261748760212369,0.00214138097884772
0,5.05177743833447e-06,4.17686304871501e-06,0,0,0,0,0,0.00100051802557374,0,0,0,0,0,4.05114758458628e-05,0,0.228981983060593,0,0.0825973079881158,0,0,5.38578867982781e-05,8.17211090464432e-05,0.000118892779730744,0.00141906362396671,0.00279642811478349,0.00496050613094391,0,0,0,0,0,0,0,0,4.36228149175151e-06,0,0,3.0518006617343e-06,0.00116284071375716,0.00226446702911191,0.0030943193661442,0.00105640214589511,0,0,0.00123865647087142,0.000869861026343713,0,0,0,0,0,0,0,0,0,0.00014700182328077,3.59271957492681e-05,0,0,0.000114987353698661,0,0.000371708561283138,0.000362267860088326,0,0,0,0.000255172617137734,0.00073275662414687,0.00430359857928082,0,0,8.14489859179281e-05,3.59784461209677e-05,0,0,0,0,0.00183901474747851,0.000850793642800073,0.000259531155722753,3.04015115186598e-05,0.0359512892742452,0.00129952522858094,0.00311476849386695,0.00092595099374709,0.000846093453994647
0.000347172637586224,0.000567749233251228,0.000201894331422872,0.000162151912392383,0,0.000182569041866144,0,0,0.000348433384729603,0,9.3685482160104e-06,0,0,0,1.0368707671746e-05,0,0.110809714348902,0.0825973079881158,0,0,0,0,2.95710445207207e-05,0,0.00034171556626599,0,0.00165385508761178,0,0,6.8727694636317e-06,8.08248541669455e-06,0,0,0,0,0.00013465905138689,0,8.76625464559463e-05,5.84907435000038e-05,0.0175226871177158,0.0527677291229706,0.0214675604892924,0.0212493277627056,0,0,0.0276405479482485,0.0183163823149217,0,2.11734730221269e-05,5.12991793368282e-06,0,0,0,0,0,0,0.00305333617583106,0.000699534615732213,0,0,0,0,0.00805652853505452,0.00860277615682204,0,0,0,0.000108888955544063,0,0.00256079952910518,1.50863101253151e-05,0,0.00557306862009235,0.00084598588675277,0,0,0,0,0.0241142930485664,0.0151914374191531,0.00490084795390321,0.000465328483223716,0.0134426943715599,1.58935637335598e-06,0.0585142868266445,0.0105537751623732,0.0201388024205184
0,0,0,0,0,0.0148661642886977,0,0,0,0,0,0.020960259805987,0,0,0,0,0,0,0,0,0,0,0,0,0,0,0,0,0,2.9300695367899e-05,0,0,0,0,0,0.00919160684590553,0,0.00243388607465092,0,0.000204274542073824,0,0,0,0,0,0.000356003939018956,0,0,0,0,0,0.0035602790767431,0,0.0009612219776338,0,0,0,0.00577017406607002,0,0,0,0,0.026080381816562,0,0,0,0,0,0,0,0,0,0.00267753508655405,0,0,0,0,0,0.000607108867610735,0,0.00121286270434665,0,0.00124036120539996,0,0.00296501420469785,0,0
0,0,0.00807907097322788,0,0.0142978981464615,0,0,0,0,0,0.0253452194804521,0,0,0,0,0,0,0,0,0,0,0,0,0,0,0,0,0,0,0,0,0,0,0,0,0,0.0130171324687034,0,0.00476930027061174,0,0,0,1.87731894803426e-05,0,0,0,8.72519694813511e-06,0,0.000396042221617426,0,0.000643939939692308,0,0,0,0,0,8.84732312421885e-05,0,0,0,0,0,0,0.0387882338781105,0,0,0,0,0,0,0,0,0,0,0,0,0,0,0,0.00365924626264712,0,0.00318203786713406,0.0010621775205521,4.50405957481373e-06,0.00352316532597956,0,0
0,0,0,0,0,0,0,0,0,0,0,0,0,0,0,0,0,5.38578867982781e-05,0,0,0,0,0.00597933581059362,0.00123260085495422,0,0.00122833513420252,0,0.00385120021774957,0,0,0,0,0,0,0,0,0,0.00611677843861038,0,0,0,0,0,0,0,0,0,5.10756044890068e-06,0,0.00476514357885367,0,0,0,0,0,0,0,0,0,0,0,0,0,0,0.0419311226000523,0,0.00115613728441118,0,0.000104526135861772,0,0.000557458432904698,0,0,0,0,0,0,0,0,0,0.00447689447898752,0,0.00223716010910956,3.08494362166563e-05,0.000106187138858263,0,0
0,0,0,0,0,0,0,0,0.000144851494835654,0,0,0,0,0,3.70279072905303e-05,0,0.00125390501464058,8.17211090464432e-05,2.95710445207207e-05,0,0,0.00597933581059362,0,0,0.00136702563916059,0,0.00483983545052226,0,0,0,0,0,0,0,0,0,0,0,0.0106716114260064,0,1.23437396343212e-05,0,0,0,0,0,0,2.35941260284363e-05,0.00297446300869845,0,0,0,0,0,0,0,0,0,0,0,0,0,0,0,0.000756077816367169,0.0241228436050648,0,0.000608842237948052,0,0.000424414986463211,0,0,0,0,0,0,0,0,8.78331251260851e-07,0,0,0.00371018575049142,0.00268921176767956,4.79379500829995e-05,1.21230682593991e-05,0,0
0,0,0,3.9185925502849e-05,0,0,0,0,0,0.0113016928602097,0,0,0,0,0,0,1.84797801778152e-05,0.000118892779730744,0,0,0,0.00123260085495422,0,0,0,0,0,0,0,0,0,0,0,0.000288897624228654,0,0,0,0.00151171389509959,0,0,0,0,0,0,0,0,0,0,0,0.000654722416533624,0,0,0,0,0,0.00687132070524741,0,0,0,0,0,0,0,0,0.00103197134796296,0,0.0153953823576307,0,0.000142572288199286,0,0,0,0,0,0,0,0.000950710762949989,0,0,0,0.00169747011832446,0,0.000749487955963376,8.34789059058611e-07,0.00234301176681615,0,0
0,0,0,0,0,0,0,0,0.000207554838127213,0,0,0,0,0,0,0,0.00264953996277514,0.00141906362396671,0.00034171556626599,0,0,0,0.00136702563916059,0,0,0,0.000535968444672352,0,0,0,0,0,0,0,0,0,0,0,0.00245400450309659,0,0,0,2.82846082314448e-05,0,0,0,0,0,0.0116994027810556,0,0,0,0,0,0.000918456436740869,0,0,0,0,0,0,0,0,8.58475177499117e-06,0,0,0,0.0496648766578232,0,0.00454518577631937,0,6.86810863998084e-05,0,0,0,0,0,0,0,4.76866342081095e-06,0,0.0010019970791128,0.000694922935946196,0,0.00323563127362325,0,4.67358216565993e-05
0,0,0,0,0,0,0,0,0,0,0,0,0,0,0,0,0.000102391962857942,0.00279642811478349,0,0,0,0.00122833513420252,0,0,0,0,0.000102610836686987,0.0162520835469826,0,0,0,0,0,0,0,0,0,0,0,0,0,0,0,0,0,0,0,0,0,0,0,0,0,0,0,0,0,0,0,0,0,0,0,0,0,0,0,0,0,0,0.00133156434021403,0,0,0,0,0,0,0,0,0,0,0,9.14318422647305e-05,0,0,0,0
0,0,0,0,0,0,0,0,0.00177501932045972,0,0,0,0,0,0.00262685908079955,0,0.0324077297547874,0.00496050613094391,0.00165385508761178,0,0,0,0.00483983545052226,0,0.000535968444672352,0.000102610836686987,0,0,0.00061826462512915,0,0,0,0,0,0,0,0,0,0,0,0,5.11311623185859e-05,9.92156614232191e-06,0,0,0,4.47936574125454e-05,0,0,0,0,0,0,0,0,0,0,0,0,0,0.000652186209668403,0,0,0,0,0.000449542406813273,0,0,0,0.0188644747998077,0,0,0,0,0,0,0,0,0,6.69259109891199e-06,0,0,0.00276746493688914,0,1.62736576863026e-05,0,0.000373081569737836
0,0,0,0,0,0,0,0,0,0,0,0.00113779586289972,0,0.00209881675391624,0,0,0,0,0,0,0,0.00385120021774957,0,0,0,0.0162520835469826,0,0,0,0.0254877994819365,0,0,0,0,0,0,0,2.83149765891721e-05,0,0,0,0,0,0,0,0,0,0,0,0,0,0,0,0,0,0,0,0,0,0.000600119556022445,0,0,0,0,0,0,0,0,0.00441331372518348,0,0.0103942412607398,0,0.000168199148902204,0,0,0,0,0,0,0,2.76864502666285e-05,0,0.000280463822160217,0.000362889634668722,0,0,0
0,0,0,0,0,0,0,0,0,0,0,0,0,0,0,0,6.26321021539639e-05,0,0,0,0,0,0,0,0,0,0.00061826462512915,0,0,0,0.00289784798555698,0,0,0,0,0,0,0,0,0,0,0,0,0,0,0,0,0,0,0,0,0,0,0,0,0,9.13429685169831e-05,0,0,0,0,0,0,0,0,0,0,0,0,0,0,0.0129447844610714,0,0.000399486380047165,0,0,0,0,0,0,0,0,0.000330871396396103,0,0,0,0
0,0,0,0,0,0,0,0,0,0,0,0,0,0,0,0,0,0,6.8727694636317e-06,2.9300695367899e-05,0,0,0,0,0,0,0,0.0254877994819365,0,0,0,0,0,0,0,0,0,0.00268451805023308,0,0,0,9.43367634673008e-06,0,0,0,8.2905288990555e-05,0,0,0,0,0,0,0,0,0,0,0,0.00463831046227058,0,0,0,0,0.000723059843743936,0,0,0,0,0,0,0,0.0125522094462322,0,0.0226376922281454,0,0,0,0,0,0,0,0,0,0.000118546807876895,2.46789642279971e-06,0.000116463008619928,0,0
0,0,0,0,0,0,0,0,0,0,0.00110020847335909,0,0,0,0,0,0,0,8.08248541669455e-06,0,0,0,0,0,0,0,0,0,0.00289784798555698,0,0,0,0,0,0,0,0,0,0,0,0,0,1.11444568798515e-05,0,0,0,9.53366107081842e-05,0,1.28318359480878e-05,0,0,0,0,0,0,0,0.00426184077198097,0,0,0,0,0,0,0.00044997434726585,0,0,0,0,0,0,0,0,0,0.00146437621151563,0,0,0,0,0,0,0,0,0,5.05502534040993e-06,9.18890697950365e-05,0,0
0,0,0,0,0,0,0,0,0,0,0,0,0,0,0,0,0,0,0,0,0,0,0,0,0,0,0,0,0,0,0,0,0.0614111870631114,0.000159901184540354,0.00265146151907434,0.00179952779061703,0.00274872258009949,0,0,0,0,0,0,0,0,0,0,0.157234431526235,0,7.98471433030344e-05,0,0,0,0,0,0,0,0,0,0,0,0,0,0,0,0,0,0,0,0,0,0,0,0,0.130642773622669,0.00210556020036539,0.000324511607824768,0.00603586546639755,0.00125445040433588,0,0,0,0.000436996962780733,0,0,0,0
0,0,0,0,0,0,0,0,0,0,0,0,0,0,0,0,0,0,0,0,0,0,0,0,0,0,0,0,0,0,0,0.0614111870631114,0,0.0035651248935471,0.000749853243753755,0.000554877313623762,0.00475496452494167,0,0,0.000101947908674021,0,0,0,0,0,0,0,0.332558435173148,0.00218889395979312,0.030525160261692,0,0,0,0,0,0,0,0,0,0,0,0,0,0,0,0,0,0,0,0,0,0,0,0,0.0145193453604071,0.0586564843881182,0,0.00219271612597336,0,0.0015716987157624,0,0,0.0012326508853858,0,0,0,0
0,0,0,0,0,0,0,0,0,0,0,0,0,0,0,0,0,0,0,0,0,0,0,0.000288897624228654,0,0,0,0,0,0,0,0.000159901184540354,0.0035651248935471,0,0.229099102756144,0.00695665831110203,0,0.00910938198917219,0,0,0,0,1.84855635634585e-05,0,0,0,0,0.0641366968363943,0,0.000242285881413006,0,0,0,0,0,0,0,0,0,0,0,0,0,0,0,0,0,0,0,0,0,0,0,0,0.00134644978277578,0,0.0821738669134271,0.000607141606915324,0.00347574601997776,0,0.0120926262503395,0,0.000667730765799354,0,0,0,0
0,0,0,0,0,0,0,0,0.00124342460627707,0,0,0,0,0,0,0,0,0,0,0,0,0,0,0,0,0,0,0,0,0,0,0.00265146151907434,0.000749853243753755,0.229099102756144,0,0,0.0185432990921867,2.43732218484425e-05,0.00219759887739711,0,0,0,2.299358622019e-05,0,0,0,0,0.133811815727817,0.000362823462834512,0.000439519812315094,0,0,0,0,0.000629534362151258,0,0,0,0,0,0,0,0,0,0,0,0,0,0,0,0,0,0,0,0,0.000173881660978225,0.0972318882633284,0.123925943589469,0,0.0017464746446258,0,0.0118143953816531,0.000655647117517906,0,9.11003126326436e-05,0,0
0,1.18537713954853e-05,0,0,0,0,0,0,0,0,0,0.000334827247890273,0,0,0,0,1.53364057804053e-06,4.36228149175151e-06,0.00013465905138689,0.00919160684590553,0,0,0,0,0,0,0,0,0,0,0,0.00179952779061703,0.000554877313623762,0.00695665831110203,0,0,0.00257879819000081,0.017320078326196,0,3.26775728554573e-06,1.15285788103424e-06,1.93208994813138e-05,0,0,0,0.000150061276350022,0,0.0003906898941898,0,3.18642779463107e-06,0,3.20741929737929e-05,0,0,0,0,3.09691881472958e-06,0.000124020824090657,0,0,0,0,0.00799641392880978,2.08858648370631e-06,0,0,0,0,0,0,0,0,0,0,0.0038133258825102,3.30293258286906e-05,0.00176096474236902,0,0.0440921185907472,0.000168355108998235,0.00152732280182313,0,0.00288109907617563,0.000218127431837264,0.00107693679241072,2.52240885431285e-06,0
0,0,2.97420674112334e-05,0,6.46102642782708e-06,0,0,0,0,0,0.000624228510403666,0,0,0,0,0,0,0,0,0,0.0130171324687034,0,0,0,0,0,0,0,0,0,0,0.00274872258009949,0.00475496452494167,0,0.0185432990921867,0.00257879819000081,0,0,0.0121781807490071,0,0,0,1.70520826654893e-06,0,0,0,6.63770925327239e-05,5.61797059360036e-05,4.8395837891104e-05,0,4.97907908437309e-06,0,0,0,0,0,0.000105233090072694,0,0,0,0,0,0,0.00806926237342018,0,0,0,0,0,0,0,0,0,0,0,0.00805856727634913,0,0.0113242153360074,7.44297822674489e-05,0.0597569550394224,0,0.00084177529463338,0.00412146740222435,4.65723806503386e-05,0.00164491415051043,0,1.55145652581848e-06
0,4.57792710783717e-05,0,8.48863581197974e-06,0,0,0,0,0,0.000881609738594407,0,0.000393836807926172,0,0,0,0,0,0,8.76625464559463e-05,0.00243388607465092,0,0.00611677843861038,0,0.00151171389509959,0,0,0,2.83149765891721e-05,0,0.00268451805023308,0,0,0,0.00910938198917219,2.43732218484425e-05,0.017320078326196,0,0,0.00488829547364577,0,0,1.8654817056885e-05,0,0,0,0.000259755402612488,0,0.0275563942738135,0,0.00847497031305205,0,0,0,0,0,7.4969091499121e-06,2.21488875879261e-06,0.00216818101377667,0,0,0,0,0.000791363592558183,7.40894610108515e-06,0.00346658990953832,0,0.00222112614340958,0,0,0,0.000242857695406143,0,0.000747787762699617,0,0,0,0.00121662813023569,0,0.00931096220813644,0,0.0637878604920267,5.7660933169974e-06,0.00380024503717796,3.13179393745338e-05,0.00285021743369044,0,0
0,0,0,0,0,0,0,0,0.00486458395979492,0,0.00477180566466354,0,0,0,0,0,1.63242916138984e-06,3.0518006617343e-06,5.84907435000038e-05,0,0.00476930027061174,0,0.0106716114260064,0,0.00245400450309659,0,0,0,0,0,0,0,0,0,0.00219759887739711,0,0.0121781807490071,0.00488829547364577,0,0,2.09291790061921e-06,0,0.000547346592408846,0,0,0,0.000342855937702007,0.0124845919346128,0.00696598633766252,0,0,0,0,0,0.0037791828455729,0,0.000329986889036426,0,0,0,0,0,0,0.00142919839455375,0,0.000823870381312297,0,0.000637147931139757,0,0,0,0,0,0,0,0,0,0.00304388430002579,0,0.0050704014333216,0.000190417865338598,0.0634878619503365,0.00253319833093568,4.13202634352475e-06,0.00327632078827343,0,1.43153239412451e-05
0,0.000223368791199972,0,0.000826117477463314,0,0,0,0,0,0,0,0,0,0,0,0,0.000716409540313617,0.00116284071375716,0.0175226871177158,0.000204274542073824,0,0,0,0,0,0,0,0,0,0,0,0,0.000101947908674021,0,0,3.26775728554573e-06,0,0,0,0,0.000357577475151989,0.0583061995260303,0.000373188545177684,0,0,0.0132460631081807,8.01820362457385e-05,0.000797674861122463,0,0.0071535630167038,0,0,0,0,0,0,0.000182040575759889,0.000242544502110669,0,0,0,0,0.0148668187391493,0.000119912408774831,0,0,0,0,0,0,9.10206165399689e-05,0,0.00112405327470472,0,0,0,0,0,0.00167946947584757,7.64210546281019e-05,0.000425128117918004,0,0.000712724408724177,8.55795008929576e-07,0.0398473696682278,0.0116516227932436,0.000315456175945186
1.6610600793236e-05,0,0.00126025748625702,0,0,0,0,0,0.000100960650933039,0,0,0,0,0,0,0,0.00476393895317313,0.00226446702911191,0.0527677291229706,0,0,0,1.23437396343212e-05,0,0,0,0,0,0,0,0,0,0,0,0,1.15285788103424e-06,0,0,2.09291790061921e-06,0.000357577475151989,0,0.000443833498638037,0.102728396545415,0,0.00957104617317538,0.000987212035584604,0.0359855766778596,4.33538817630757e-05,0.00626452861345503,0,0,0,0,0,0,0,0.00220331640906847,8.69626409089644e-06,0,0,0,0,0.000123960682110816,0.00867891830496911,0,0,0,3.8156296879502e-05,0,0,0,0,9.13600332381748e-05,0.000353587710864182,0,0,0,1.58794572699708e-05,0.000293839729950567,0.00525031316521979,5.5642663563614e-05,8.22280745680002e-05,0.000959757281905176,4.32760695882124e-05,0.0896438510116854,0.000870318954186716,0.052770200941689
0,0.0323193376465276,0,0.0098973537081698,0,0.00220400232330459,0,0,0,0.000650246857275439,0,0,0,0,0,0,0.000903394754156443,0.0030943193661442,0.0214675604892924,0,0,0,0,0,0,0,5.11311623185859e-05,0,0,9.43367634673008e-06,0,0,0,0,0,1.93208994813138e-05,0,1.8654817056885e-05,0,0.0583061995260303,0.000443833498638037,0,0.0149805407817657,0,0.00106204233780915,0.0167064788407272,0.000232110809263075,0.00226723610265126,0.000177594937917761,0.0366614562875542,0,0,0,0,0,1.5546814832399e-05,2.60743908759739e-05,0.0136417061964664,0,0,0,0,0.013399076922701,8.69611315155384e-05,0,0,0,0,0,0,0.00163202121431648,0,0.0530090880684202,8.49994257169043e-06,0,0,0,0,0.0142301699123535,4.42633195076896e-05,0.00264247895454284,4.67617873617585e-06,0.00565170841101297,0.000305584662801338,0.0948542012201371,0.0280633834681477,0.000175637822449367
0.00210285339252919,0,0.00788009481287994,5.64679692314522e-05,0.000404888152732387,0,0,0,0.00163876518848964,0,0,0,0,0,0,0,0.00199417906546001,0.00105640214589511,0.0212493277627056,0,1.87731894803426e-05,0,0,0,2.82846082314448e-05,0,9.92156614232191e-06,0,0,0,1.11444568798515e-05,0,0,1.84855635634585e-05,2.299358622019e-05,0,1.70520826654893e-06,0,0.000547346592408846,0.000373188545177684,0.102728396545415,0.0149805407817657,0,0,0.00579515068785396,0.000319186621656873,0.0130172718330325,0.00588478043034502,0.0193798637212906,6.1709407603494e-05,0,0,0,0,0.000394920468832881,0,0.0549935634997772,1.13646347513034e-05,0,0,0,0,0.000220292237183309,0.00526695325874598,0,0,0,0,0,4.18012140223688e-05,0,0,0.000114327570660846,0.0134029659408321,0,0,0,5.41999384952828e-05,0.000233009767695885,0.0109477569793277,6.15364354555184e-05,0.000251142843821963,0.00610069633789934,0.000458493641141916,0.135507499699696,0.000131080684574243,0.107673467088018
0,0,0,0,0,0,0,0,0,0,0,0,0,0,0,0,0,0,0,0,0,0,0,0,0,0,0,0,0,0,0,0,0,0,0,0,0,0,0,0,0,0,0,0,0,0,0,0,0,0,0,0,0,0,0,0,0,0,0,0,0,0,0,0,0,0,0,0,0,0,0,0,0,0,0,0,0,0,0,0,0,0,0,0,0,0,0
0,0,0,0,0,0,0,0,0,0,0,0,0,0,0,0,0,0,0,0,0,0,0,0,0,0,0,0,0,0,0,0,0,0,0,0,0,0,0,0,0.00957104617317538,0.00106204233780915,0.00579515068785396,0,0,0,0.00180755074383505,0,0.000130746921469324,0,0,0,0,0,0,0,3.03439026252145e-05,0,0,0,0,0,0,0.000958128619564658,0,0,0,0,0,0,0,0,0,0,0,0,0,0,0,0.000149050537296741,0,0,0.000276551119718137,0,0.00517468591340627,0,0
0,0.000301537030148672,0,0.00015344730210867,0,0,0,0,0,0,0,8.23500108284789e-05,0,0,0,0,0.00133400083535837,0.00123865647087142,0.0276405479482485,0.000356003939018956,0,0,0,0,0,0,0,0,0,8.2905288990555e-05,0,0,0,0,0,0.000150061276350022,0,0.000259755402612488,0,0.0132460631081807,0.000987212035584604,0.0167064788407272,0.000319186621656873,0,0,0,0.000293631134522432,0.000119942202263998,2.27849236059563e-05,0.00145083883921217,0,0,0,0,0,0,0.00134518092917695,0.00139168017171405,0,0,0,0,0.111922897575804,0.00026711596483292,0,0,0,0,0,0,6.3713934715936e-06,0,0.00596059715687236,1.92841700661966e-05,0,0,0,0,0.014076886122588,0.000105636308466765,0.00539484803679239,0,0.00116463824359314,2.59124635353682e-05,0.0301345851552729,0.00137033886233482,0.000166726442826313
0,0,0.00131523013944819,5.83495094952668e-05,0,0,0,0,0.000166685090639635,0,0.000385485173291602,0,0,0,0,0,0.00131122521453041,0.000869861026343713,0.0183163823149217,0,8.72519694813511e-06,0,0,0,0,0,4.47936574125454e-05,0,0,0,9.53366107081842e-05,0,0,0,0,0,6.63770925327239e-05,0,0.000342855937702007,8.01820362457385e-05,0.0359855766778596,0.000232110809263075,0.0130172718330325,0,0.00180755074383505,0.000293631134522432,0,3.76212228564665e-05,0.00123050221674193,0,0,0,0,0,0,0,0.00648243999463911,0,0,0,0,0,0.000108059709826682,0.028482286822308,0,0,0,4.7848883904562e-05,0,2.68147149425851e-05,0,0,2.08089797170126e-05,0.00120236429911938,0,0,0,0,0.000113114975622841,0.0273998896350296,2.09885106530888e-05,0.00550018847737617,0.000495477288110815,1.97245283921108e-05,0.0234876159771924,5.21702108159308e-05,0.000677149630634726
0,2.69592722706383e-05,0.000113370568202996,9.63078321486975e-05,0,0,0,0,3.2959899671366e-05,0,0,0,0,0,0,0,0,0,0,0,0,5.10756044890068e-06,2.35941260284363e-05,0,0,0,0,0,0,0,0,0.157234431526235,0.332558435173148,0.0641366968363943,0.133811815727817,0.0003906898941898,5.61797059360036e-05,0.0275563942738135,0.0124845919346128,0.000797674861122463,4.33538817630757e-05,0.00226723610265126,0.00588478043034502,0,0,0.000119942202263998,3.76212228564665e-05,0,0.0664488083824693,0.213030317675731,0,0,0,0,0,0,0.000230267090661152,0,0,0,0,0,0,4.7896479710575e-05,0,0,0,0,0,0,0,0,0,0,0.133408896269941,0.200361197621825,0.0179390935097664,0.0382951578868596,0.0030937455134179,0.000117925868967863,0.00109484770868054,0.0216274744806268,0.00772670182438418,5.14407321644889e-06,0.0237251182684386,0,3.42621722009486e-05
0.0158410888558249,0,0.00903875688178317,3.96124910159511e-05,0.000610585132741518,0,0,0,0.00202886016253521,0,9.82736282793785e-06,0,0,0,0,0,0,0,2.11734730221269e-05,0,0.000396042221617426,0,0.00297446300869845,0,0.0116994027810556,0,0,0,0,0,1.28318359480878e-05,0,0.00218889395979312,0,0.000362823462834512,0,4.8395837891104e-05,0,0.00696598633766252,0,0.00626452861345503,0.000177594937917761,0.0193798637212906,0,0.000130746921469324,2.27849236059563e-05,0.00123050221674193,0.0664488083824693,0,0.0112072215610033,0,0,0,0,0.00544490896547608,0,0.00804969617343354,0,0.000662828689906663,0,0.0204853024746906,0,0,0.0013993978665143,0,0.00607339343963971,0,0.0116629560273872,0,0.0164420241317442,0,0.0124546963188004,0,0.0101172741978713,0,0.00228767001043085,0,0.000154625267033202,7.08188364928074e-07,0.00101630102524626,0,0.0130741310507714,0.00131382396755928,2.95074629268094e-05,0.0469553598410818,0,0.000443265400194784
0,0.013134836288851,0,0.0216959975868653,0,0.00189860149839417,0,0,0,0.000172445912682432,0,0,0,0,0,0,0,0,5.12991793368282e-06,0,0,0.00476514357885367,0,0.000654722416533624,0,0,0,0,0,0,0,7.98471433030344e-05,0.030525160261692,0.000242285881413006,0.000439519812315094,3.18642779463107e-06,0,0.00847497031305205,0,0.0071535630167038,0,0.0366614562875542,6.1709407603494e-05,0,0,0.00145083883921217,0,0.213030317675731,0.0112072215610033,0,0,0,0,0,0,2.39497607879054e-05,0.000108988470894659,0.00397340721688938,0,0,0,0,0.000795677067860178,0,0.00726237196499206,0,0.0216506919569458,0,0.00628251849450998,0,0.00801544967578239,0,0.0110422150772554,2.4887820955663e-05,0,0.000902315176451142,0,9.00619006880025e-05,0.00112709839009168,0,0.0110047636146571,4.27412735274548e-06,0.0055747645263631,0.000167945418386164,0.0519972134424827,0.000348807459133759,0
0,0,0.00297540836767033,0,0.124215541386196,0,0.00765504080180951,0,0,0,0,0,0,0,0,0,0,0,0,0,0.000643939939692308,0,0,0,0,0,0,0,0,0,0,0,0,0,0,0,4.97907908437309e-06,0,0,0,0,0,0,0,0,0,0,0,0,0,0,0,0,0,0,0,0.0123908156069114,0,0,0,0.0361095616471739,0,0,0.00316482363278417,0,0,0,0,0,0,0,0,0,0,0,0,0,0,0,4.37083296832533e-05,0,0,0.000425581078316916,0,0.0103897493775717,0,0
0,0,0,0.0271530056483714,0,0.0293654609481088,0,0,0,0,0,0.00283262532494172,0,0,0,0,0,0,0,0.0035602790767431,0,0,0,0,0,0,0,0,0,0,0,0,0,0,0,3.20741929737929e-05,0,0,0,0,0,0,0,0,0,0,0,0,0,0,0,0,0,0,0,0.00283190620155298,0,0.00938585096964823,0,0.0026653532707796,0,0.00434502309561507,0,0,0,0,0,0,0,0,0,0,0,0,0,0,0,0,0,0,0,0,8.93859513021635e-05,0,0.00557097628857014,0,0
0,0,0,0,0,0,0.0446142915118258,0,0,0,0.00727815386846378,0,0.00959312930816759,0,0,0,0,0,0,0,0,0,0,0,0,0,0,0,0,0,0,0,0,0,0,0,0,0,0,0,0,0,0,0,0,0,0,0,0,0,0,0,0,0,0,0,0.0374673647807909,0,0,0,0,0,0,0,0,0,0,0,0,0,0,0,0,0,0,0,0,0,0,0,0,0,0.000334084757026162,0,0,0,0
0,0,0,0,0,0.000232334808490033,0,0.00117719263485025,0,0,0,0,0,0,0,0,0,0,0,0.0009612219776338,0,0,0,0,0,0,0,0,0,0,0,0,0,0,0,0,0,0,0,0,0,0,0,0,0,0,0,0,0,0,0,0,0,0,0,0,0,0.00524417321246895,0,0,0,0,0,0,0,0,0,0,0,0,0,0,0,0,0,0,0,0,0,0,0,0,9.0046546111779e-05,0,0,0,0
0.0101614452000423,0,0.016645934752128,0,0,0,0,0,0.151973537501653,0,0,0,0,0,0.020958457989779,0,0,0,0,0,0,0,0,0,0.000918456436740869,0,0,0,0,0,0,0,0,0,0.000629534362151258,0,0,0,0.0037791828455729,0,0,0,0.000394920468832881,0,0,0,0,0,0.00544490896547608,0,0,0,0,0,0,0,0,0,0,0,0.0192522633910366,0,0,0,0,0,0,0.0218195294324951,0,0.00819643996030065,0,1.51650232297108e-05,0,0,0,0,0,0.000317307245623251,0,0,0,0.000611933532381288,9.23029632327864e-05,0,0.000825868376438811,0,0
0,0.0137028513842916,0,0.0686671734108483,0,0.00117381660733665,0,0,0,0.112989390081277,0,0,0,0,0,0.00147177205418588,0,0,0,0,0,0,0,0.00687132070524741,0,0,0,0,0,0,0,0,0,0,0,0,0,7.4969091499121e-06,0,0,0,1.5546814832399e-05,0,0,0,0,0,0,0,2.39497607879054e-05,0,0.00283190620155298,0,0,0,0,0,6.94408230151261e-05,0,0.000729496003296039,0,0.0274697131336929,0,0,0,0,0.140889895937154,0,0,0,0,0,0,0,0,0,0,0,0,0,0.000904807756501794,0,0.000204197310442929,0,0.00367162853007581,0,0
0.000282009438738602,0,0.000483196306271398,0.000219774726525301,0.000617860790618795,0,0.0149939580553638,0,0.000249275648230702,0,0.0795541711495747,0,0.00485620475823122,0,0,0,0.000239124216052659,0.00014700182328077,0.00305333617583106,0,8.84732312421885e-05,0,0,0,0,0,0,0,9.13429685169831e-05,0,0.00426184077198097,0,0,0,0,3.09691881472958e-06,0.000105233090072694,2.21488875879261e-06,0.000329986889036426,0.000182040575759889,0.00220331640906847,2.60743908759739e-05,0.0549935634997772,0,3.03439026252145e-05,0.00134518092917695,0.00648243999463911,0.000230267090661152,0.00804969617343354,0.000108988470894659,0.0123908156069114,0,0.0374673647807909,0,0,0,0,5.03606628822252e-05,0.000718332245793806,0,0.000135531690632766,0,0.00107820587591667,0.0521606342051034,0,0,0,0,0,0.000124795498326058,0,0,0.000199953378516818,0.0102652897022548,0,0,0,0,0.000157391467975242,0.00103475267044651,6.36263181136087e-05,0.000822369977210339,0.000328413088785565,8.7763868581153e-05,0.0478176407590886,2.70090821312303e-05,0.0285114922123553
0,0.000353381185697042,2.4578675242221e-05,0.00746039678424392,0,0.0016425330334208,0,0.00191140927847177,0,0,0,0.0314662898279015,0,0,0,0,0,3.59271957492681e-05,0.000699534615732213,0.00577017406607002,0,0,0,0,0,0,0,0,0,0.00463831046227058,0,0,0,0,0,0.000124020824090657,0,0.00216818101377667,0,0.000242544502110669,8.69626409089644e-06,0.0136417061964664,1.13646347513034e-05,0,0,0.00139168017171405,0,0,0,0.00397340721688938,0,0.00938585096964823,0,0.00524417321246895,0,6.94408230151261e-05,5.03606628822252e-05,0,0,0.00133048676130514,0,0,0.00799014051321315,7.79154304982488e-06,0,0,0,0,0,0,0.0228560287726335,0,0.0892539404266707,0,0,0,0,0,0.000165134916473225,1.32275348777613e-06,0,0,0.000263249130836691,1.52099264382391e-05,0.0196840668518658,0.00240956637950958,0
1.84868912019205e-05,0,0,0,0,0,0.0102407422695004,0,0,0,0.000507383070723233,0,0.0260385142919683,0,0,0,0,0,0,0,0,0,0,0,0,0,0,0,0,0,0,0,0,0,0,0,0,0,0,0,0,0,0,0,0,0,0,0,0.000662828689906663,0,0,0,0,0,0,0,0.000718332245793806,0,0,0,3.74029631147461e-05,0,0,0,0,0,0,0,0,0,0,0.000441719187799906,0,0,0,0,0,0,0,0,0,0,2.14583404620656e-05,0,0.000114080475129886,0,0
0,0,0,0.0021486426550437,0,0,0,0,0,0,0,0.0504053141399906,0,0.00197807192483096,0,0,0,0,0,0,0,0,0,0,0,0,0,0.000600119556022445,0,0,0,0,0,0,0,0,0,0,0,0,0,0,0,0,0,0,0,0,0,0,0,0.0026653532707796,0,0,0,0.000729496003296039,0,0.00133048676130514,0,0,0,0.000175344438230102,0,0,0,0,0,0,0,0,0.00816586195165402,0,0,0,0,0,0,0,0,0,0,0,0.000408975928788409,0,0.00107550430265513,0,0
0.0116037285099119,0,0,0,0.00644038529233504,0,0,0,0.0118534794916174,0,0,0,0,0,0.0035505046635298,0,0.000865086541583667,0.000114987353698661,0,0,0,0,0,0,0,0,0.000652186209668403,0,0,0,0,0,0,0,0,0,0,0,0,0,0,0,0,0,0,0,0,0,0.0204853024746906,0,0.0361095616471739,0,0,0,0.0192522633910366,0,0.000135531690632766,0,3.74029631147461e-05,0,0,0,0,0,0,0,0,0,0,0.00279542150466938,0,0.00189687253152476,0,0,0,0,0,0,0,0,0,0,0.000260595809940427,0,9.77532419388109e-05,0,0
0,0,0,0.013159481312265,0,0,0,0,0,0.000429632281995641,0,0,0,0,0,0,0,0,0,0,0,0,0,0,0,0,0,0,0,0,0,0,0,0,0,0,0,0,0,0,0,0,0,0,0,0,0,0,0,0,0,0.00434502309561507,0,0,0,0.0274697131336929,0,0,0,0.000175344438230102,0,0,0,0,0,0,0,0,0,0,0,0,0,0,0,0,0,0,0,0,0,0,3.79129609778153e-05,1.37240728752587e-05,0,0,0
0,3.90262821030371e-05,0.000166975172319321,2.01361029897856e-05,0,0,0,0,0,0,0,0.00040398226929277,0,0,0,0,0.000291607632299776,0.000371708561283138,0.00805652853505452,0.026080381816562,0,0,0,0,0,0,0,0,0,0.000723059843743936,0,0,0,0,0,0.00799641392880978,0,0.000791363592558183,0,0.0148668187391493,0.000123960682110816,0.013399076922701,0.000220292237183309,0,0,0.111922897575804,0.000108059709826682,0,0,0.000795677067860178,0,0,0,0,0,0,0.00107820587591667,0.00799014051321315,0,0,0,0,0,0.000263548795481618,0,0,0,0,0,0,0.000365375861966182,0,0.0314546009713095,9.0534813652328e-06,0,0,0,0,0.00731247707810141,4.55468436021959e-05,0.00813949430511949,5.51025690992863e-06,0.000869479422277408,7.3614409625384e-06,0.0270512860168884,0.000896590913996738,0.000144408086276876
0,0,0.000341240659981666,9.65249111702592e-05,0.00289866236205677,0.000107656423773963,0,0,0,0,0.00179338953804379,0,0,0,0,0,0.00102241419562639,0.000362267860088326,0.00860277615682204,0,0.0387882338781105,0,0,0,8.58475177499117e-06,0,0,0,0,0,0.00044997434726585,0,0,0,0,2.08858648370631e-06,0.00806926237342018,7.40894610108515e-06,0.00142919839455375,0.000119912408774831,0.00867891830496911,8.69611315155384e-05,0.00526695325874598,0,0.000958128619564658,0.00026711596483292,0.028482286822308,4.7896479710575e-05,0.0013993978665143,0,0.00316482363278417,0,0,0,0,0,0.0521606342051034,7.79154304982488e-06,0,0,0,0,0.000263548795481618,0,0,0,0,0,0,0,0,0,1.03628382811608e-05,0.00209893482861085,0,0,0,0,9.70683448347838e-05,0.0100576308876112,2.03616339365508e-05,0.00395776572765296,0.000236749337433289,9.02323611242448e-06,0.0245275669822628,8.42147668555934e-05,0.000790214351609844
0,0,0,0,0,0,0,0,0,0,0,0,0,0,0,0,0,0,0,0,0,0.0419311226000523,0.000756077816367169,0.00103197134796296,0,0,0,0,0,0,0,0,0,0,0,0,0,0.00346658990953832,0,0,0,0,0,0,0,0,0,0,0,0.00726237196499206,0,0,0,0,0,0,0,0,0,0,0,0,0,0,0,0,0.00259061740048273,0,7.32545173159681e-05,0,0.001385823411882,0,0,0,0,0,0,0,0,0,0.00524501175746105,0,0.000386382734918692,0,3.33033756827322e-05,0,0
0,0,0,0,0,0,0,0,0,0,0,0,0,0,0,0,0,0,0,0,0,0,0.0241228436050648,0,0,0,0.000449542406813273,0,0,0,0,0,0,0,0,0,0,0,0.000823870381312297,0,0,0,0,0,0,0,0,0,0.00607339343963971,0,0,0,0,0,0,0,0,0,0,0,0,0,0,0,0,0,0,0,0,0.000143894750209355,0,0,0,0,0,0,0,0,0,0,0,0.00332952231644427,1.34916323966211e-05,0,1.49211149138011e-05,0,0
0,0,0,0,0,0,0,0,0,0.00545937956583733,0,0,0,0,0,0.000102745350886835,0,0,0,0,0,0.00115613728441118,0,0.0153953823576307,0,0,0,0,0,0,0,0,0,0,0,0,0,0.00222112614340958,0,0,0,0,0,0,0,0,0,0,0,0.0216506919569458,0,0,0,0,0,0.140889895937154,0,0,0,0,0,0,0,0,0.00259061740048273,0,0,0,0.0180568498248301,0,9.53584682656652e-05,0,0,0,0,0,0.000341271728774727,0,0,0,0.0016491882660661,0,6.6632734987623e-05,0,0.00303631716574383,0,0
0.000337391540837839,0,0,0,0,0,0,0,0.00224502893979661,0,0,0,0,0,0,0,0.00147470680101853,0.000255172617137734,0.000108888955544063,0,0,0,0.000608842237948052,0,0.0496648766578232,0,0,0,0,0,0,0,0,0,0,0,0,0,0.000637147931139757,0,3.8156296879502e-05,0,0,0,0,0,4.7848883904562e-05,0,0.0116629560273872,0,0,0,0,0,0.0218195294324951,0,0,0,0,0,0,0,0,0,0,0,0,0,0,0.0161181053565384,0,0.00304693611219662,0,0,0,0,0,0,0,0,0,0.000129057860977694,6.36970658919452e-05,0,0.000211839110007132,0,0
0,0,0,0,0,0,0,0,0,0,0,0,0,0,0,0,0,0.00073275662414687,0,0,0,0.000104526135861772,0,0.000142572288199286,0,0,0,0.00441331372518348,0,0,0,0,0,0,0,0,0,0,0,0,0,0,0,0,0,0,0,0,0,0.00628251849450998,0,0,0,0,0,0,0,0,0,0,0,0,0,0,7.32545173159681e-05,0,0.0180568498248301,0,0,0,0.00476317402926828,0,0,0,0,0,0,0,0,0,0,0,8.54012254006232e-06,0,0,0,0
0.00296705466999152,0,0,0,0,0,0,0,0.00288189084039723,0,0,0,0,0,0.000161499143479151,0,0.0417140394303666,0.00430359857928082,0.00256079952910518,0,0,0,0.000424414986463211,0,0.00454518577631937,0,0.0188644747998077,0,0,0,0,0,0,0,0,0,0,0,0,0,0,0,4.18012140223688e-05,0,0,0,2.68147149425851e-05,0,0.0164420241317442,0,0,0,0,0,0.00819643996030065,0,0.000124795498326058,0,0,0,0.00279542150466938,0,0,0,0,0.000143894750209355,0,0.0161181053565384,0,0,0,0.00490706921136226,0,0,0,0,0,0,5.32534426785363e-06,2.24941007747609e-05,0,0,0.0015095675724814,0,0.000190785497404945,0,0.000352800331203624
0,5.56055931700244e-05,0,0.000227742605630529,0,5.15539901964773e-05,0,0,0,0,0,0.0095133865946697,0,0,0,0,0,0,1.50863101253151e-05,0,0,0.000557458432904698,0,0,0,0.00133156434021403,0,0.0103942412607398,0,0.0125522094462322,0,0,0,0,0,0,0,0.000242857695406143,0,9.10206165399689e-05,0,0.00163202121431648,0,0,0,6.3713934715936e-06,0,0,0,0.00801544967578239,0,0,0,0,0,0,0,0.0228560287726335,0,0.00816586195165402,0,0,0.000365375861966182,0,0.001385823411882,0,9.53584682656652e-05,0,0.00476317402926828,0,0,0,0.00424694866070628,0,0,0,0,0,1.8697163598453e-05,0,0.00553574163710856,0,0.000163821286802869,2.65154569217087e-06,0.00181927474967258,0.000111201258926157,0
0,0,0,0,0,0,0,0,0,0,0,0,0,0,0,0,0,0,0,0,0,0,0,0,6.86810863998084e-05,0,0,0,0.0129447844610714,0,0,0,0,0,0,0,0,0,0,0,0,0,0,0,0,0,0,0,0.0124546963188004,0,0,0,0,0,1.51650232297108e-05,0,0,0,0.000441719187799906,0,0.00189687253152476,0,0,0,0,0,0,0.00304693611219662,0,0.00490706921136226,0,0,0,0,0,0,0,0,0,0,0,0.00389599046917657,0,0,0,0,0
0,0.00102757675161943,0,0.0106252847648406,0,0.00076792417575183,0,0,0,3.38283142318106e-05,0,6.77562609804026e-05,0,0,0,0,3.08277230928974e-05,8.14489859179281e-05,0.00557306862009235,0.00267753508655405,0,0,0,0,0,0,0,0.000168199148902204,0,0.0226376922281454,0,0,0,0,0,0,0,0.000747787762699617,0,0.00112405327470472,9.13600332381748e-05,0.0530090880684202,0.000114327570660846,0,0,0.00596059715687236,2.08089797170126e-05,0,0,0.0110422150772554,0,0,0,0,0,0,0.000199953378516818,0.0892539404266707,0,0,0,0,0.0314546009713095,1.03628382811608e-05,0,0,0,0,0,0,0.00424694866070628,0,0,1.17352172291696e-05,0,0,0,0,0.000181232428665809,1.54568599962341e-05,0.0026441151711298,1.77125500527151e-06,0.000506676872733667,4.76528188500032e-05,0.0372122424868524,0.0246729759605611,2.6090394912969e-05
