0,0,5.0173594545435,0,0,0,0,0,4.66063394384869,0,0,0,0,0,0,0,0,0,0,0,0,0,0,0,0,0,0,0,0,0,0,0,0,0,0,0,0,0,20.0915278654832,0,0,0,16.5795804659526,0,0,0,0,35.6374015808105,5.8712727222054,0,0,0,0,0,6.68215762664921,0,0,0,11.1647594946402,0,11.9475355744362,0,0,0,0,0,0,0,0,0,0,0,0,0,0,0,0,0,0,0,0,22.1027536392212,6.98276699020202,0,13.8203932422975,0,0
0,0,0,3.60381362155864,0,0,0,0,0,4.89406485865193,0,0,0,0,0,0,0,0,0,0,0,0,0,0,0,0,0,0,0,0,0,0,0,0,0,0,0,25.724437713623,0,0,0,25.2175137201945,0,0,0,0,0,0,0,4.5643335972452,0,0,0,0,0,4.52241655298181,0,0,0,0,0,0,0,0,0,0,0,0,0,0,0,0,0,0,0,0,0,0,0,0,0,0,7.42302969265299,0,6.50736264490711,0,0
5.0173594545435,0,0,0,0,0,0,0,5.6263045324729,0,0,0,0,0,0,0,0,0,47.8496971130371,0,0,0,0,0,0,0,0,0,0,0,0,0,0,0,0,0,0,0,0,0,0,0,26.9411002939398,0,0,0,20.637866973877,0,7.21743451224433,0,4.47142922676216,0,0,0,8.15860687974674,0,4.35693341426635,0,3.75710455295832,0,3.43706716895103,0,0,12.9439118825472,0,0,0,0,0,0,0,0,0,27.0497236251831,0,0,0,0,0,29.2880554199219,0,0,10.4872602657838,0,8.46179660188185,0,0
0,3.60381362155864,0,0,0,5.41430669712419,0,0,0,3.35252584729876,0,0,0,0,0,0,0,0,61.9382545471191,0,0,0,0,0,0,0,0,0,0,0,0,0,0,0,0,0,0,0,0,43.2313612302144,0,30.9909140492043,0,0,0,14.3159594314043,0,51.2332641377169,38.1649751663208,14.8777363544374,0,3.43590328020927,0,0,0,3.21079969406128,0,18.329861951678,0,2.85495364665985,0,3.74826419353485,11.2248739694294,0,0,71.1942291259766,0,0,0,0,0,0,33.2718239391551,0,0,0,61.0056133270264,58.1877326965332,47.4401672069843,0,37.190625,0,23.0998709353995,0,10.3254209971015,52.9603888988495,0
0,0,0,0,0,0,3.02615605754617,0,3.98624903815133,0,0,0,0,0,3.03244164466858,0,0,0,52.5078201293945,0,8.8866023644805,0,0,0,0,0,0,0,0,0,0,0,0,0,0,0,32.4475631713867,0,0,0,44.3784637451172,0,40.7010050234587,0,0,0,21.3822350935502,56.5659465789795,43.2324494706823,0,4.0444242680968,0,2.74152445793152,0,0,0,24.4326310157776,0,0,0,3.75110077857971,0,0,11.6160140783937,0,0,0,0,0,0,0,0,0,38.5070571899414,0,0,0,61.3854866027832,0,30.6916722384366,0,45.04749584198,9.44811692124321,0,12.1944933897321,0,0
0,0,0,5.41430669712419,0,0,0,2.72072696685791,0,0,0,0,0,0,0,0,135.852081298828,0,106.529304504395,3.91787855552905,0,0,0,0,0,0,0,0,0,0,0,0,0,60.8969459533691,0,0,0,0,0,31.6314744949341,0,57.7903090582954,0,0,0,17.1323776871411,0,50.4105767538381,38.7765084486741,42.7129781386432,0,3.42302267599587,0,0,0,0,0,32.9277782440186,0,0,0,3.25882787704468,7.2736591285037,0,0,0,0,0,0,0,0,0,58.7834606170654,0,0,0,63.8053963401101,0,27.3380626950945,0,46.4043025970459,0,9.53719536632511,0,8.97849937767513,84.5939559936523,0
0,0,0,0,3.02615605754617,0,0,0,0,0,5.39586387029508,0,3.31121246019999,0,0,0,0,0,0,0,0,0,0,0,0,0,0,0,0,0,0,0,0,0,0,0,0,0,0,0,0,0,0,0,0,0,0,0,0,0,0,0,3.73320796875039,0,0,0,3.60448130439309,0,3.51043000221252,0,0,0,0,15.9414979934692,0,0,0,0,0,0,0,0,0,0,0,0,0,0,0,0,0,0,2.99738696031272,3.38464478651683,0,0,0
0,0,0,0,0,2.72072696685791,0,0,0,0,0,3.3446123500665,0,3.32318756657262,0,0,0,0,0,4.44557018280029,0,0,0,0,0,0,0,0,0,0,0,0,0,0,0,0,0,0,0,0,0,0,0,0,0,0,0,0,0,0,0,2.96931463479996,0,3.53582563083408,0,0,0,2.74213528633118,0,4.82944122950236,0,0,0,0,0,0,0,0,0,0,0,0,0,0,0,0,0,0,0,0,0,0,3.40411367870512,0,0,0,0
4.66063394384869,0,5.6263045324729,0,3.98624903815133,0,0,0,0,0,0,0,0,0,4.23382563152532,0,17.8989554651347,32.6666116385624,25.5897762635175,0,0,0,25.7366612507747,27.6450328826904,6.93984287605911,0,17.3622012138367,0,21.8117866516113,0,0,0,0,0,0,0,0,0,9.73138153168463,0,55.9920501708984,0,5.94607381259694,0,0,0,18.4904050827026,0,8.09006905019953,0,3.10094034671783,0,0,0,5.5042683566694,0,0,0,10.0402064323425,0,5.63667930341234,0,0,13.5912687437875,0,25.8929786682129,0,7.20625246895684,48.7190971374512,9.00855112075806,0,0,0,0,0,0,0,0,79.088939666748,96.4213714599609,0,13.5417702748225,7.10339437839765,23.8394870758057,11.100708517448,0,0
0,4.89406485865193,0,3.35252584729876,0,0,0,0,0,0,0,0,0,0,0,4.77487177054087,0,15.2527878284454,0,0,0,26.2550487518311,0,8.10558905524592,0,8.84428684528057,0,0,0,0,0,0,0,0,0,0,0,7.83630580197049,45.1917037963867,0,0,16.5853928074692,0,0,0,15.9833908081055,0,34.5817629496256,0,12.7927059655142,0,0,0,0,0,4.55311215154586,0,0,0,0,0,4.39559322992961,0,0,28.205883026123,0,8.41728210449219,0,0,0,0,0,0,0,0,0,0,0,101.977935791016,0,10.5036610011216,0,8.35909944956459,0,5.90326354976221,0,0
0,0,0,0,0,0,5.39586387029508,0,0,0,0,0,4.10663400755988,0,0,0,0,0,43.3418998718262,0,5.43663834581772,0,0,0,0,0,0,0,0,0,8.19420672874702,0,0,0,0,0,8.61232767105103,0,7.03201646748043,0,0,0,13.434534072876,0,0,0,21.7524585194058,0,50.3931922912598,0,0,0,3.15178544576778,0,0,0,5.4939641556788,0,4.57077944543627,0,0,0,0,11.6908650477337,0,0,0,0,0,0,0,0,0,13.3595443579458,0,0,0,0,0,27.2316387284477,0,13.7058016513242,5.70173103973078,0,25.8279797690255,43.7921142578125,19.5798263549805
0,0,0,0,0,0,0,3.3446123500665,0,0,0,0,0,3.35026011711512,0,0,66.6996231079102,0,44.0279922485352,4.69119063636352,0,0,0,0,0,0,0,0,0,5.47947080641831,0,0,0,0,0,6.81045151224323,0,5.63516271114349,0,0,0,0,0,22.8734970092773,0,21.0882865504215,0,0,50.0893783569336,0,0,0,0,3.88673305511475,0,0,0,5.15732020808634,0,3.94110189895241,0,0,9.259008086698,0,0,0,0,0,0,0,0,0,7.18836005334932,0,0,0,0,0,15.815286954244,0,15.7585116739931,0,5.37900582483511,4.37388867139816,6.74658646303065,11.5632181167603,0
0,0,0,0,0,0,3.31121246019999,0,0,0,4.10663400755988,0,0,0,3.23413356145223,0,0,0,0,0,0,0,0,0,0,0,0,0,4.06436760438596,0,0,0,0,0,0,0,0,0,0,0,0,0,0,0,0,0,0,0,0,0,0,0,0,0,0,0,6.57310558151413,0,3.8375257688387,0,3.16007471084595,0,0,0,0,0,0,0,0,3.86024324099223,0,5.6471611109356,0,0,0,0,0,0,0,0,0,0,4.56203329758566,4.73514398856041,0,0,0
0,0,0,0,0,0,0,3.32318756657262,0,0,0,3.35026011711512,0,0,0,3.79238432332089,0,0,0,0,0,0,0,0,0,4.63590323925018,0,0,0,0,0,0,0,0,0,0,0,0,0,0,0,0,0,0,0,0,0,0,0,0,0,2.88467058013467,0,2.96508974017519,0,0,0,3.36096715927124,0,3.26867580867086,0,3.68433343039619,0,0,0,0,0,0,0,0,3.58291194779532,0,0,0,0,0,0,0,0,0,0,0,2.85261285305023,0,0,0,0
0,0,0,0,3.03244164466858,0,0,0,4.23382563152532,0,0,0,3.23413356145223,0,0,0,10.2555943871221,33.268970489502,0,0,0,0,23.6461143493652,0,9.70057117938995,0,6.53451003040279,0,2.81955949465434,0,0,0,0,0,0,0,0,0,0,0,0,0,0,0,0,0,0,0,4.67315108635846,0,0,0,0,0,5.04921404881911,0,0,0,3.0307129919529,0,3.38236538413068,0,0,0,0,19.3614158630371,0,9.02421855926514,0,5.09608589324398,0,4.6541979710261,0,0,0,0,0,0,0,0,0,0,5.02259495021394,0,0,0,0
0,0,0,0,0,0,0,0,0,4.77487177054087,0,0,0,3.79238432332089,0,0,0,15.4709808955321,15.6307382583618,0,0,18.9750320210176,0,12.4660686736411,0,5.94125768952741,0,0,0,0,0,0,0,0,0,0,0,0,0,0,0,0,0,0,0,0,0,0,0,0,0,0,0,0,0,0,0,0,0,4.51900405698008,0,2.96264251684531,0,0,17.2917159398397,0,9.81457475515512,0,5.4969224276816,0,0,0,0,0,0,0,0,0,0,0,0,0,5.76638504582593,0,0,0,0
0,0,0,0,0,135.852081298828,0,0,17.8989554651347,0,0,66.6996231079102,0,0,10.2555943871221,0,0,19.2058174531997,18.5187996539324,0,0,26.4717037836711,6.98912161259563,23.5004116272036,8.06552875041962,29.8698943001883,6.63462537377606,0,5.26991107665886,0,0,0,0,0,0,0,0,66.057487487793,0,66.7811457985326,61.9278055463518,57.0578013828823,49.0660604749407,48.8535688400269,13.8819561004639,44.8878517150879,65.308650970459,74.3826198577881,60.6640825271606,70.2966537475586,0,0,0,0,0,0,44.2748413085938,65.9607942754572,0,0,7.83133414851295,32.7788772583008,71.967423248291,67.5589134042913,32.1378059387207,4.9810596467995,30.8431826591492,10.7098736763,46.5230140686035,7.58055883085026,0,5.26534603118897,63.7723169326782,53.2959213256836,0,0,0,0,72.7326305717047,64.2825244121472,68.8318034278022,64.181102290298,15.305380640201,6.57040931016971,47.265910950574,48.7013549804688,42.8151168823242
0,0,0,0,0,0,0,0,32.6666116385624,15.2527878284454,0,0,0,0,33.268970489502,15.4709808955321,19.2058174531997,0,25.5767649994819,0,0,13.1987441567562,18.911551117897,18.609260995601,35.3621869087219,10.7774250333066,27.2579383850098,3.76481387274606,0,0,0,0,0,0,0,77.7866668701172,0,67.1825370788574,0,73.2411632537842,75.8146067532626,49.8226659798328,66.1089498731825,42.9424237569173,0,59.5839233398438,83.6718521118164,0,69.2244815826416,89.7758350372314,0,0,0,0,0,0,49.9067268371582,60.2190263366699,0,0,40.4312705993652,18.7966620705344,75.758264541626,79.6017946879069,12.7982835290821,22.6359243392944,17.5040156706324,22.3672657012939,9.85801362759859,0,0,0,62.0741124557237,67.6263427734375,0,0,0,0,72.4120175036155,77.6181718735468,65.832670603043,79.7017990915399,16.6956943511623,3.78546619415283,61.1884328668768,45.4481023441662,0
0,0,47.8496971130371,61.9382545471191,52.5078201293945,106.529304504395,0,0,25.5897762635175,0,43.3418998718262,44.0279922485352,0,0,0,15.6307382583618,18.5187996539324,25.5767649994819,0,0,33.5628924369812,37.9770139058431,28.2671276728312,32.0947165074556,35.1093444824219,29.6388177871704,22.0236835479736,0,0,0,0,0,0,44.0881576538086,0,60.6808247036404,0,42.5115330505371,0,44.3315735267666,43.5009582675233,29.2737836663265,36.3477567802123,14.2699501815992,14.2740597263459,45.2126859029134,37.4158763018521,40.3544229170855,45.9982610046864,45.3270817806846,0,0,0,0,0,0,40.8713642813943,40.0865173745663,0,0,0,62.4232406616211,51.2967996702089,47.50853281778,42.1420504252116,0,50.58154296875,0,44.6169128417969,0,0,0,41.2494522345186,43.5029261642032,0,0,55.6480598449707,0,50.042574202569,51.8275439961438,44.2906111536008,48.1911840586611,14.8145206744216,0,30.4875221887874,25.2462631661257,37.6964220533184
0,0,0,0,0,3.91787855552905,0,4.44557018280029,0,0,0,4.69119063636352,0,0,0,0,0,0,0,0,0,0,0,0,0,0,0,0,0,9.90541744232178,0,0,0,0,0,4.01807386976494,0,4.36550534389637,0,20.8569355010986,0,30.7351818084717,0,0,0,14.2517621517181,0,0,49.9533729553223,0,0,5.44710683822632,0,0,0,0,0,9.80428478174042,0,0,0,0,5.05215800223333,0,0,0,0,0,0,0,0,0,10.9717883033268,0,0,0,0,0,8.79915753225001,0,11.1157842767302,0,4.10859104151566,0,8.22176485061646,0,0
0,0,0,0,8.8866023644805,0,0,0,0,0,5.43663834581772,0,0,0,0,0,0,0,33.5628924369812,0,0,0,0,0,0,0,0,0,0,0,0,0,0,0,0,0,4.98861365294809,0,4.82199282986777,0,28.9601998329163,44.8408145904541,24.3588953472319,0,0,0,17.5881492764342,0,24.9746992190679,0,8.0839760853694,0,0,0,0,0,8.41579206500735,0,0,0,0,0,0,8.9149339856902,0,0,0,0,0,0,0,0,0,6.96115307374434,0,0,0,0,0,11.4683050771465,0,15.0418065203444,5.85521556850019,0,19.7733674125468,0,18.4772309523362
0,0,0,0,0,0,0,0,0,26.2550487518311,0,0,0,0,0,18.9750320210176,26.4717037836711,13.1987441567562,37.9770139058431,0,0,0,4.37489878850825,8.07996132629553,16.7304039001465,7.45863303194191,0,4.63659410967546,0,0,0,0,0,0,0,0,0,5.75571277384368,3.16129946708679,0,0,0,0,0,0,0,0,0,0,11.2828124789678,0,0,0,0,0,0,0,58.212158203125,0,0,0,18.5683126449585,0,0,4.70499519575031,4.02432276652409,5.31013024614212,0,7.25215462817774,0,4.45028325406517,0,0,0,0,0,0,0,73.4436848958333,0,8.08238722364001,0,5.68162819165938,5.52948821542834,0,70.4262084960938,0
0,0,0,0,0,0,0,0,25.7366612507747,0,0,0,0,0,23.6461143493652,0,6.98912161259563,18.911551117897,28.2671276728312,0,0,4.37489878850825,0,30.2259883880615,5.75153522537863,0,5.675167483705,0,3.53490264837941,0,0,0,0,0,0,0,0,7.30965194702148,7.79181072487295,0,0,0,0,0,0,0,0,24.1308428976271,16.6269762299278,0,0,0,0,0,0,0,0,0,0,0,23.5787887573242,0,0,0,4.18049454972858,4.41114611456663,0,5.54141861862606,0,7.59589230797508,0,3.00476956367493,0,0,0,0,0,0,0,0,0,10.1915372143621,5.69826857806902,6.06439071081598,0,0,0
0,0,0,0,0,0,0,0,27.6450328826904,8.10558905524592,0,0,0,0,0,12.4660686736411,23.5004116272036,18.609260995601,32.0947165074556,0,0,8.07996132629553,30.2259883880615,0,20.4208393096924,6.16551440307893,29.5041046142578,0,0,0,0,0,0,0,0,0,0,7.83625146847416,0,0,0,0,0,0,0,0,0,0,0,9.95961512078761,0,0,0,0,0,4.84996237357457,0,50.0332164764404,0,0,0,15.7787380218506,0,0,6.73167093419238,0,4.16918315619042,0,8.27484712998072,0,4.86475598812103,0,0,0,0,0,0,0,80.2649383544922,91.5984649658203,9.28983940729281,0,11.2180723025507,17.490140914917,6.98007404102999,0,0
0,0,0,0,0,0,0,0,6.93984287605911,0,0,0,0,0,9.70057117938995,0,8.06552875041962,35.3621869087219,35.1093444824219,0,0,16.7304039001465,5.75153522537863,20.4208393096924,0,0,5.15481262462806,0,0,0,0,0,0,0,0,0,0,0,4.65730582615908,0,0,0,0,0,0,0,0,0,5.38214571597212,0,0,0,0,0,7.81378594040871,0,0,0,0,0,0,0,0,0,0,4.16685393121507,0,5.13111918606782,0,3.60031946500142,0,0,0,0,0,0,0,0,0,0,0,6.65419894770572,6.10385415394436,11.543722682529,4.76657539767188,0,0
0,0,0,0,0,0,0,0,0,8.84428684528057,0,0,0,4.63590323925018,0,5.94125768952741,29.8698943001883,10.7774250333066,29.6388177871704,0,0,7.45863303194191,0,6.16551440307893,0,0,0,3.80278900691441,0,0,0,0,0,0,0,0,0,0,0,0,0,0,0,0,0,0,0,0,0,0,0,0,0,0,0,3.59041786193848,0,0,0,0,0,4.39026762962341,0,0,7.30048088528015,0,5.66200947180027,0,4.34478466461469,0,3.59252905845642,0,0,0,0,0,0,0,0,0,68.8750686645508,0,9.49584286393864,16.9245393276215,0,0,0
0,0,0,0,0,0,0,0,17.3622012138367,0,0,0,0,0,6.53451003040279,0,6.63462537377606,27.2579383850098,22.0236835479736,0,0,0,5.675167483705,29.5041046142578,5.15481262462806,0,0,0,4.37977034551032,0,0,0,0,0,0,0,0,0,0,0,0,0,0,0,0,0,0,0,0,0,0,0,0,0,0,0,0,0,4.34678363800049,0,7.09817984524895,0,0,0,0,6.67526929775527,0,5.06021122020834,0,4.84109368651552,0,4.85901806002758,0,0,0,0,0,0,0,0,0,0,6.809365900997,17.3145790100098,0,0,0
0,0,0,0,0,0,0,0,0,0,0,0,0,0,0,0,0,3.76481387274606,0,0,0,4.63659410967546,0,0,0,3.80278900691441,0,0,0,4.53430532781701,0,0,0,0,0,0,0,4.40082749070191,0,0,0,0,0,0,0,0,0,0,0,0,0,0,0,0,0,0,0,0,0,2.99043707414107,0,0,0,0,4.64433073997498,0,0,0,4.01133624712626,0,4.77102838004633,0,7.30641826423439,0,0,0,0,0,0,0,7.88451725897724,0,3.15742264923296,0,0,0,0
0,0,0,0,0,0,0,0,21.8117866516113,0,0,0,4.06436760438596,0,2.81955949465434,0,5.26991107665886,0,0,0,0,0,3.53490264837941,0,0,0,4.37977034551032,0,0,0,3.24805227915446,0,0,0,0,0,0,0,5.13978232065837,0,0,0,0,0,0,0,0,0,0,0,0,0,0,0,0,0,0,0,4.05152362538135,0,0,0,0,0,0,4.30153746604919,0,0,0,3.4757752759116,0,3.88237351520471,0,8.08760346816136,0,0,0,0,0,0,0,7.11042247215907,5.99809141592546,2.96237134933472,0,0,0
0,0,0,0,0,0,0,0,0,0,0,5.47947080641831,0,0,0,0,0,0,0,9.90541744232178,0,0,0,0,0,0,0,4.53430532781701,0,0,0,0,0,0,0,0,0,5.26748478765841,0,0,0,0,0,0,0,0,0,0,0,0,0,0,0,0,0,0,0,3.71453177928925,0,0,0,0,12.2155466079712,0,0,0,0,0,0,0,3.2847945690155,0,4.39107255229244,0,0,0,0,0,0,0,9.0901458075172,0,7.35392559899224,0,0,0,0
0,0,0,0,0,0,0,0,0,0,8.19420672874702,0,0,0,0,0,0,0,0,0,0,0,0,0,0,0,0,0,3.24805227915446,0,0,0,0,0,0,0,0,0,7.1396877608129,0,0,0,0,0,0,0,0,0,0,0,0,0,0,0,0,0,5.95133569229271,0,0,0,0,0,0,0,0,0,0,0,0,0,0,0,0,4.79863808231969,0,0,0,0,0,0,0,4.26074956672779,22.8226106643677,0,0,0,0
0,0,0,0,0,0,0,0,0,0,0,0,0,0,0,0,0,0,0,0,0,0,0,0,0,0,0,0,0,0,0,0,4.04875918922808,3.91164366950356,2.81186811129252,3.54718767688388,4.251322889328,0,0,0,0,0,0,0,0,0,0,8.00852365873346,0,28.496021270752,0,0,0,0,0,0,0,56.7350006103516,0,0,0,0,0,0,0,0,0,0,0,0,0,0,0,0,4.83045230575177,6.17345967430335,11.0954728541167,5.26012897491455,3.66704196347193,15.550933265686,0,0,3.74778338870561,0,0,0,0
0,0,0,0,0,0,0,0,0,0,0,0,0,0,0,0,0,0,0,0,0,0,0,0,0,0,0,0,0,0,0,4.04875918922808,0,4.86171770095825,7.02513893457938,4.21175670623779,4.87412396415335,0,0,0,0,0,0,0,0,0,0,6.96391148882264,13.9098437253167,0,0,0,0,0,0,0,0,0,0,0,0,0,0,0,0,0,0,0,0,0,0,0,0,0,5.82415262935231,4.18636327957973,0,5.66267705536806,2.95639300346375,4.55200071885957,0,0,3.29333652768816,0,0,0,0
0,0,0,0,0,60.8969459533691,0,0,0,0,0,0,0,0,0,0,0,0,44.0881576538086,0,0,0,0,0,0,0,0,0,0,0,0,3.91164366950356,4.86171770095825,0,3.56753576299037,3.40992788945214,4.31310391426086,6.02998162167413,25.2488307952881,0,0,32.5283953348796,24.1231722831726,0,0,74.383186340332,0,5.4678367796148,16.5394692950779,10.9661477033538,0,0,0,0,0,0,0,66.1516914367676,0,0,0,0,0,0,0,0,0,0,0,0,0,0,75.0071868896484,0,4.90318054160221,10.8920879364014,4.97683712223537,5.16284526415504,4.3087025211282,0,7.96577325509145,19.9788093566895,3.49888531113029,0,16.1448477956984,0,0
0,0,0,0,0,0,0,0,0,0,0,0,0,0,0,0,0,0,0,0,0,0,0,0,0,0,0,0,0,0,0,2.81186811129252,7.02513893457938,3.56753576299037,0,3.84192123413086,4.81595465701113,0,7.53048868932963,0,0,32.2522430419922,14.9207558631897,0,0,0,44.1096721225315,6.03829647337622,15.7669000029564,28.8495084085772,0,0,0,0,0,0,0,0,0,0,0,0,56.4790878295898,50.6085510253906,0,0,0,0,0,0,0,0,0,0,10.4578755696615,4.0460561578924,5.2945330618133,4.84336639292506,0,5.63025303633259,20.2104879379272,5.91272173301528,4.43952746848779,0,13.403733681453,39.5284690856934,0
0,0,0,0,0,0,0,0,0,0,0,6.81045151224323,0,0,0,0,0,77.7866668701172,60.6808247036404,4.01807386976494,0,0,0,0,0,0,0,0,0,0,0,3.54718767688388,4.21175670623779,3.40992788945214,3.84192123413086,0,4.71439514793716,5.7463334666796,0,63.4754066467285,0,39.8156852722168,0,39.0400238037109,0,15.8392714286337,0,9.72917486372448,26.5872432390849,35.2130686442057,0,0,0,0,0,0,0,12.3114571279409,0,0,0,0,6.4961100711542,0,0,0,0,0,0,0,0,0,44.5949859619141,0,12.3584218422572,0,4.78096529133412,0,5.19951399827955,4.61541253262824,9.19781492021349,0,5.70490782681694,8.73525918503197,14.4359249335069,43.4655583699544,0
0,0,0,0,32.4475631713867,0,0,0,0,0,8.61232767105103,0,0,0,0,0,0,0,0,0,4.98861365294809,0,0,0,0,0,0,0,0,0,0,4.251322889328,4.87412396415335,4.31310391426086,4.81595465701113,4.71439514793716,0,14.3235177993774,8.31069025420095,0,31.3610324859619,0,39.7079652998182,0,0,0,18.9925812772802,4.50492862554697,27.9284597930908,6.11756658554077,0,0,0,0,0,0,17.202225152184,0,0,0,0,0,0,9.91090996780587,0,0,0,0,0,0,0,0,0,40.2855663299561,0,8.01596641540527,0,7.182302756743,6.86713991392226,4.98639997959446,0,8.67189871319392,5.08283854127064,4.02164730241027,23.4206659825643,0,0
0,25.724437713623,0,0,0,0,0,0,0,7.83630580197049,0,5.63516271114349,0,0,0,0,66.057487487793,67.1825370788574,42.5115330505371,4.36550534389637,0,5.75571277384368,7.30965194702148,7.83625146847416,0,0,0,4.40082749070191,0,5.26748478765841,0,0,0,6.02998162167413,0,5.7463334666796,14.3235177993774,0,4.38231491431212,63.7303504943848,0,21.2587820688883,0,22.4283321925572,0,22.2804475952597,0,6.10708576095383,24.5480807622274,7.08625845042142,0,0,0,0,0,7.06536601600847,0,13.4978943784186,0,0,0,0,16.6720000232032,0,6.47441432549972,8.02263641357422,4.36622690161069,0,0,0,4.8691873550415,0,6.851229596138,0,0,0,4.8420828742981,0,8.29711061986039,0,4.70661583132432,25.8068809509277,5.16593188735465,5.58443152190553,7.14130158797323,16.2178879651156,0
20.0915278654832,0,0,0,0,0,0,0,9.73138153168463,45.1917037963867,7.03201646748043,0,0,0,0,0,0,0,0,0,4.82199282986777,3.16129946708679,7.79181072487295,0,4.65730582615908,0,0,0,5.13978232065837,0,7.1396877608129,0,0,25.2488307952881,7.53048868932963,0,8.31069025420095,4.38231491431212,0,0,41.2730445861816,33.6968644460042,8.61871560827478,0,0,51.355354309082,0,9.76348763917174,5.08236037948985,30.2495437349592,0,0,0,0,3.65795850753784,0,6.4401524066925,0,0,0,0,0,0,18.4109373092651,0,5.24263521207599,0,4.04636155857759,0,0,0,6.8226681804657,0,8.81905424594879,0,0,25.6253929138184,7.35029260082358,0,10.7755685540829,23.1914331436157,4.91837142837112,6.3085192289765,4.8618640051488,9.97791817938664,38.4962120056152,0
0,0,0,43.2313612302144,0,31.6314744949341,0,0,0,0,0,0,0,0,0,0,66.7811457985326,73.2411632537842,44.3315735267666,20.8569355010986,0,0,0,0,0,0,0,0,0,0,0,0,0,0,0,63.4754066467285,0,63.7303504943848,0,0,60.7082958221436,21.7568621731817,45.5174572106564,28.9196128845215,0,12.4980510376995,0,18.6196163273775,65.7149810791016,11.8552686555336,0,0,0,0,0,0,65.9675216674805,48.1460540559557,0,0,0,0,14.751985415645,68.9011607170105,0,0,0,0,0,0,0,0,51.8559028006889,0,0,0,38.2391538619995,0,14.4318264590556,75.8958791535476,54.9580385088921,74.8612174987793,30.5489959250413,0,17.6087320879294,38.038036661633,57.2614415486654
0,0,0,0,44.3784637451172,0,0,0,55.9920501708984,0,0,0,0,0,0,0,61.9278055463518,75.8146067532626,43.5009582675233,0,28.9601998329163,0,0,0,0,0,0,0,0,0,0,0,0,0,0,0,31.3610324859619,0,41.2730445861816,60.7082958221436,0,49.5625012341668,20.8082495938019,0,0,0,10.6570086540495,10.7448883390427,10.8516486384652,52.0775756835938,0,0,0,0,0,0,40.5138911008835,79.6945114135742,0,0,0,0,77.0692520141602,27.7715319693089,0,0,0,0,0,0,0,0,91.021598815918,35.0043709225125,0,0,0,34.904727935791,76.3737723032634,11.8026144197493,75.3534978230794,25.3721328874068,31.5807909011841,0,16.767599356527,61.6827774047852,37.1066963807592
0,25.2175137201945,0,30.9909140492043,0,57.7903090582954,0,0,0,16.5853928074692,0,0,0,0,0,0,57.0578013828823,49.8226659798328,29.2737836663265,30.7351818084717,44.8408145904541,0,0,0,0,0,0,0,0,0,0,0,0,32.5283953348796,32.2522430419922,39.8156852722168,0,21.2587820688883,33.6968644460042,21.7568621731817,49.5625012341668,0,14.2001419428669,12.6631309656387,0,22.4585457284767,63.4148979187012,17.1719097356417,46.3334733872187,14.1244791433809,0,0,0,0,0,25.472827911377,54.3188285827637,17.6968745786973,0,0,0,0,23.9409637557136,55.6624276902941,35.3485336303711,0,0,0,0,0,0,0,16.2985427551688,68.9973983764648,0,0,32.3697871244871,75.0467071533203,26.0746168845432,62.2909033536911,24.016024062014,56.7868327670627,20.021080447116,0,15.7667917371752,11.6632168292999,34.1227002382278
16.5795804659526,0,26.9411002939398,0,40.7010050234587,0,0,0,5.94607381259694,0,13.434534072876,0,0,0,0,0,49.0660604749407,66.1089498731825,36.3477567802123,0,24.3588953472319,0,0,0,0,0,0,0,0,0,0,0,0,24.1231722831726,14.9207558631897,0,39.7079652998182,0,8.61871560827478,45.5174572106564,20.8082495938019,14.2001419428669,0,0,48.2299308776855,63.7159881591797,27.5802525171793,15.7519122147828,11.2539366257281,28.085175978399,0,0,0,0,0,0,19.9854095487595,101.07723236084,0,0,0,0,58.492094039917,23.8375454261655,0,0,0,0,0,0,0,0,70.5283575057983,18.818531165425,0,0,31.0745306015015,0,59.5057180518778,26.8687963584259,62.1635061899821,26.3382574371512,20.7645643882631,0,16.2069402223812,13.6083353778294,15.9810264932348
0,0,0,0,0,0,0,0,0,0,0,22.8734970092773,0,0,0,0,48.8535688400269,42.9424237569173,14.2699501815992,0,0,0,0,0,0,0,0,0,0,0,0,0,0,0,0,39.0400238037109,0,22.4283321925572,0,28.9196128845215,0,12.6631309656387,0,0,0,18.0135668648614,0,42.2993202209473,0,41.4917259216309,0,0,0,0,0,0,0,19.8930414517721,0,0,0,0,19.5980725288391,60.926586151123,0,0,0,0,0,0,0,0,21.3129716030387,0,0,0,0,0,33.8356967116847,61.0608177185059,26.0029651039525,0,15.166465311784,0,8.9479082555187,5.90526699136805,0
0,0,0,0,0,0,0,0,0,0,0,0,0,0,0,0,13.8819561004639,0,14.2740597263459,0,0,0,0,0,0,0,0,0,0,0,0,0,0,0,0,0,0,0,0,0,0,0,48.2299308776855,0,0,0,0,0,0,0,0,0,0,0,0,0,19.2310914993286,51.406120300293,0,0,0,0,0,17.0114669799805,0,0,0,0,0,0,0,0,0,21.8556137084961,0,0,0,0,0,31.4886980438232,0,30.164461680821,0,0,11.5342091832842,0,0
0,0,0,14.3159594314043,0,17.1323776871411,0,0,0,15.9833908081055,0,21.0882865504215,0,0,0,0,44.8878517150879,59.5839233398438,45.2126859029134,14.2517621517181,0,0,0,0,0,0,0,0,0,0,0,0,0,74.383186340332,0,15.8392714286337,0,22.2804475952597,51.355354309082,12.4980510376995,0,22.4585457284767,63.7159881591797,18.0135668648614,0,0,0,40.7282030133234,21.8839649177459,22.5619195924289,0,0,0,0,0,0,0,20.1604661029318,0,0,0,0,9.50792914225528,0,0,0,0,0,0,0,0,0,26.9129714899593,0,0,0,55.9843101501465,0,16.0305561915062,73.1273651123047,30.3535163105486,51.402702331543,18.9851594003255,0,10.9934398190462,17.7805629125456,0
0,0,20.637866973877,0,21.3822350935502,0,0,0,18.4904050827026,0,21.7524585194058,0,0,0,0,0,65.308650970459,83.6718521118164,37.4158763018521,0,17.5881492764342,0,0,0,0,0,0,0,0,0,0,0,0,0,44.1096721225315,0,18.9925812772802,0,0,0,10.6570086540495,63.4148979187012,27.5802525171793,0,0,0,0,36.1709737044114,26.9630122791637,58.2715759277344,15.9673414230347,0,0,0,17.4593200683594,0,23.4813262755612,0,0,0,16.3555965423584,0,0,11.2479550812247,0,0,0,0,0,0,0,0,0,26.8763751813344,0,0,0,46.5981058393206,84.7049827575684,18.1576056159899,0,26.7938566122546,24.4595035463572,0,14.7742613193151,64.0547409057617,33.829262415568
35.6374015808105,0,0,51.2332641377169,56.5659465789795,50.4105767538381,0,0,0,34.5817629496256,0,0,0,0,0,0,74.3826198577881,0,40.3544229170855,0,0,0,24.1308428976271,0,0,0,0,0,0,0,0,8.00852365873346,6.96391148882264,5.4678367796148,6.03829647337622,9.72917486372448,4.50492862554697,6.10708576095383,9.76348763917174,18.6196163273775,10.7448883390427,17.1719097356417,15.7519122147828,42.2993202209473,0,40.7282030133234,36.1709737044114,0,9.46237432485188,11.0053711839672,0,0,0,0,0,0,0,50.1365677261353,0,0,0,0,43.3987789154053,42.3798568725586,0,24.3379975727626,0,0,0,0,0,0,60.2057769775391,0,13.2256819342003,6.59630720359172,8.10286146631501,6.9936492608426,8.43464549295482,9.88316737168224,10.7017765405856,11.1893196052249,17.6873565328835,0,13.6873604787292,25.8322849374068,0
5.8712727222054,0,7.21743451224433,38.1649751663208,43.2324494706823,38.7765084486741,0,0,8.09006905019953,0,50.3931922912598,50.0893783569336,0,0,4.67315108635846,0,60.6640825271606,69.2244815826416,45.9982610046864,49.9533729553223,24.9746992190679,0,16.6269762299278,0,5.38214571597212,0,0,0,0,0,0,0,13.9098437253167,16.5394692950779,15.7669000029564,26.5872432390849,27.9284597930908,24.5480807622274,5.08236037948985,65.7149810791016,10.8516486384652,46.3334733872187,11.2539366257281,0,0,21.8839649177459,26.9630122791637,9.46237432485188,0,21.677806151997,0,0,0,0,11.2413704006859,0,18.0464826814134,42.1467605713875,5.74905816408304,0,3.08735993746165,0,35.8814245370718,25.7693815641212,0,3.00047868297946,0,4.4619904507452,0,3.59000563447493,0,2.97105377653371,49.7830015240294,11.5702102168021,0,12.0919704055786,21.7334472526938,18.3151701756886,52.4765637496422,14.8803230095836,43.5956847381592,11.4267012634426,24.2195789881946,0,14.0626689117646,44.4042449951172,21.8707592120537
0,4.5643335972452,0,14.8777363544374,0,42.7129781386432,0,0,0,12.7927059655142,0,0,0,0,0,0,70.2966537475586,89.7758350372314,45.3270817806846,0,0,11.2828124789678,0,9.95961512078761,0,0,0,0,0,0,0,28.496021270752,0,10.9661477033538,28.8495084085772,35.2130686442057,6.11756658554077,7.08625845042142,30.2495437349592,11.8552686555336,52.0775756835938,14.1244791433809,28.085175978399,41.4917259216309,0,22.5619195924289,58.2715759277344,11.0053711839672,21.677806151997,0,0,0,0,0,0,14.4825622558594,0,37.9395753214182,0,0,0,2.93069801330566,32.0857189976892,0,6.64801825652039,0,3.83622304448542,0,0,0,5.84200847850126,0,46.8180296729593,0,35.4995746612549,0,8.80568584890077,26.3189675807953,19.8188081834661,71.5747375488281,7.00318393707275,33.1104617779072,21.7387613194048,0,13.7737820838091,30.7328947257996,60.0911750793457
0,0,4.47142922676216,0,4.0444242680968,0,0,0,3.10094034671783,0,0,0,0,0,0,0,0,0,0,0,8.0839760853694,0,0,0,0,0,0,0,0,0,0,0,0,0,0,0,0,0,0,0,0,0,0,0,0,0,15.9673414230347,0,0,0,0,0,0,0,3.88108767941594,0,3.021358470659,0,0,0,3.93548834323883,0,0,7.3653376970423,0,0,0,0,0,0,0,0,0,0,0,0,0,0,0,0,0,0,0,0,6.88799311499019,0,0
0,0,0,3.43590328020927,0,3.42302267599587,0,2.96931463479996,0,0,0,0,0,2.88467058013467,0,0,0,0,0,5.44710683822632,0,0,0,0,0,0,0,0,0,0,0,0,0,0,0,0,0,0,0,0,0,0,0,0,0,0,0,0,0,0,0,0,0,3.05459060933855,0,3.17417669296265,0,3.80848741531372,0,3.22478562798993,0,3.69944940247667,6.69983435713727,0,0,0,0,0,0,0,0,0,0,0,0,0,0,0,0,0,0,0,0,0,4.91803348650698,0,0
0,0,0,0,2.74152445793152,0,3.73320796875039,0,0,0,3.15178544576778,0,0,0,0,0,0,0,0,0,0,0,0,0,0,0,0,0,0,0,0,0,0,0,0,0,0,0,0,0,0,0,0,0,0,0,0,0,0,0,0,0,0,0,0,0,5.9322067313078,0,3.93862803777059,0,0,0,0,0,0,0,0,0,0,0,0,0,0,0,0,0,0,0,0,0,0,0,3.05676024300712,0,0,0,0
0,0,0,0,0,0,0,3.53582563083408,0,0,0,3.88673305511475,0,2.96508974017519,0,0,0,0,0,0,0,0,0,0,0,0,0,0,0,0,0,0,0,0,0,0,0,0,0,0,0,0,0,0,0,0,0,0,0,0,0,3.05459060933855,0,0,0,0,0,0,0,5.04364013671875,0,0,0,0,0,0,0,0,0,0,0,0,0,0,0,0,0,0,0,0,0,0,0,0,0,0,0
6.68215762664921,0,8.15860687974674,0,0,0,0,0,5.5042683566694,0,0,0,0,0,5.04921404881911,0,0,0,0,0,0,0,0,0,7.81378594040871,0,0,0,0,0,0,0,0,0,0,0,0,0,3.65795850753784,0,0,0,0,0,0,0,17.4593200683594,0,11.2413704006859,0,3.88108767941594,0,0,0,0,0,0,0,11.4952812194824,0,6.94602183500926,0,0,13.4793741001802,0,0,0,7.50875336329142,0,0,0,0,0,0,0,0,0,0,0,31.4454441070557,0,4.80422460837442,7.14077006265955,0,10.5023356402362,0,0
0,4.52241655298181,0,3.21079969406128,0,0,0,0,0,4.55311215154586,0,0,0,0,0,0,0,0,0,0,0,0,0,4.84996237357457,0,3.59041786193848,0,0,0,0,0,0,0,0,0,0,0,7.06536601600847,0,0,0,25.472827911377,0,0,0,0,0,0,0,14.4825622558594,0,3.17417669296265,0,0,0,0,0,0,0,0,0,0,0,0,0,0,3.15916085243225,0,0,0,0,0,0,0,0,0,0,0,0,0,11.0865647993355,0,10.1166628637621,0,9.13279266357422,0,0
0,0,4.35693341426635,0,24.4326310157776,0,3.60448130439309,0,0,0,5.4939641556788,0,6.57310558151413,0,0,0,44.2748413085938,49.9067268371582,40.8713642813943,0,8.41579206500735,0,0,0,0,0,0,0,0,0,5.95133569229271,0,0,0,0,0,17.202225152184,0,6.4401524066925,65.9675216674805,40.5138911008835,54.3188285827637,19.9854095487595,0,19.2310914993286,0,23.4813262755612,0,18.0464826814134,0,3.021358470659,0,5.9322067313078,0,0,0,0,0,4.96663259011407,0,4.60552752017975,0,0,13.4805497576052,0,0,0,0,0,0,0,3.49341706607653,0,11.1546410618852,0,0,0,0,74.713996887207,39.3672716477338,0,14.2009079177973,14.3180456858177,2.96454906463623,11.9251003239766,68.0217952728271,18.7109438198716
0,0,0,18.329861951678,0,32.9277782440186,0,2.74213528633118,0,0,0,5.15732020808634,0,3.36096715927124,0,0,65.9607942754572,60.2190263366699,40.0865173745663,9.80428478174042,0,58.212158203125,0,50.0332164764404,0,0,0,0,0,3.71453177928925,0,56.7350006103516,0,66.1516914367676,0,12.3114571279409,0,13.4978943784186,0,48.1460540559557,79.6945114135742,17.6968745786973,101.07723236084,19.8930414517721,51.406120300293,20.1604661029318,0,50.1365677261353,42.1467605713875,37.9395753214182,0,3.80848741531372,0,0,0,0,0,0,0,3.51101920604706,0,2.75276780128479,11.6665760875941,93.9480819702148,0,0,0,0,0,0,4.37008357048035,0,8.20795109778795,0,0,0,65.7002388000488,61.6145451863607,38.5418581046037,81.1156341552734,37.6555850346883,0,28.2346234336,0,16.8325064182281,15.6146946394143,0
11.1647594946402,0,3.75710455295832,0,0,0,3.51043000221252,0,10.0402064323425,0,4.57077944543627,0,3.8375257688387,0,3.0307129919529,0,0,0,0,0,0,0,0,0,0,0,4.34678363800049,0,4.05152362538135,0,0,0,0,0,0,0,0,0,0,0,0,0,0,0,0,0,0,0,5.74905816408304,0,0,0,3.93862803777059,0,11.4952812194824,0,4.96663259011407,0,0,0,3.71711989204482,0,0,12.5906200408936,0,0,0,0,0,4.20271253585815,0,3.51190334558487,0,0,0,0,0,0,0,25.7413539886475,0,0,5.51212062730509,4.950866154262,7.56349321206411,0,0
0,0,0,2.85495364665985,0,0,0,4.82944122950236,0,0,0,3.94110189895241,0,3.26867580867086,0,4.51900405698008,0,0,0,0,0,0,0,0,0,0,0,2.99043707414107,0,0,0,0,0,0,0,0,0,0,0,0,0,0,0,0,0,0,0,0,0,0,0,3.22478562798993,0,5.04364013671875,0,0,0,3.51101920604706,0,0,0,2.98698106408119,0,0,0,0,0,0,0,0,4.08694730338975,0,0,0,0,0,0,0,0,0,0,0,0,0,0,0,0
11.9475355744362,0,3.43706716895103,0,3.75110077857971,0,0,0,5.63667930341234,0,0,0,3.16007471084595,0,3.38236538413068,0,7.83133414851295,40.4312705993652,0,0,0,0,23.5787887573242,0,0,0,7.09817984524895,0,0,0,0,0,0,0,0,0,0,0,0,0,0,0,0,0,0,0,16.3555965423584,0,3.08735993746165,0,3.93548834323883,0,0,0,6.94602183500926,0,4.60552752017975,0,3.71711989204482,0,0,0,0,13.285523891449,0,0,0,0,0,4.98306555112203,0,0,0,0,0,0,0,0,0,0,0,0,4.90038294885673,0,8.52466376455207,0,0
0,0,0,3.74826419353485,0,3.25882787704468,0,0,0,4.39559322992961,0,0,0,3.68433343039619,0,2.96264251684531,32.7788772583008,18.7966620705344,62.4232406616211,0,0,18.5683126449585,0,15.7787380218506,0,4.39026762962341,0,0,0,0,0,0,0,0,0,0,0,0,0,0,0,0,0,0,0,0,0,0,0,2.93069801330566,0,3.69944940247667,0,0,0,0,0,2.75276780128479,0,2.98698106408119,0,0,0,0,16.6535491943359,0,0,0,4.85973451877462,0,0,0,0,0,0,0,0,0,0,0,0,0,14.7288745641708,0,0,0,0
0,0,0,11.2248739694294,0,7.2736591285037,0,0,0,0,0,9.259008086698,0,0,0,0,71.967423248291,75.758264541626,51.2967996702089,5.05215800223333,0,0,0,0,0,0,0,0,0,12.2155466079712,0,0,0,0,56.4790878295898,6.4961100711542,0,16.6720000232032,0,14.751985415645,77.0692520141602,23.9409637557136,58.492094039917,19.5980725288391,0,9.50792914225528,0,43.3987789154053,35.8814245370718,32.0857189976892,0,6.69983435713727,0,0,0,0,0,11.6665760875941,0,0,0,0,0,84.0140914916992,0,0,0,0,0,0,0,0,18.2763797821152,0,0,0,58.0845266977946,0,13.3040801739306,80.3038459777832,15.8956047394262,106.312767028809,14.594527699999,0,8.72224362109389,39.0313848257065,0
0,0,12.9439118825472,0,11.6160140783937,0,15.9414979934692,0,13.5912687437875,0,11.6908650477337,0,0,0,0,0,67.5589134042913,79.6017946879069,47.50853281778,0,8.9149339856902,0,0,0,0,0,0,0,0,0,0,0,0,0,50.6085510253906,0,9.91090996780587,0,18.4109373092651,68.9011607170105,27.7715319693089,55.6624276902941,23.8375454261655,60.926586151123,17.0114669799805,0,11.2479550812247,42.3798568725586,25.7693815641212,0,7.3653376970423,0,0,0,13.4793741001802,0,13.4805497576052,93.9480819702148,12.5906200408936,0,13.285523891449,0,84.0140914916992,0,0,0,0,0,0,0,0,0,76.4679565429688,18.9054960063215,0,0,0,51.3804817199707,83.0820030443596,18.6082164608831,90.8232711791992,14.9408242032064,26.9517351406462,0,14.5519653761945,66.2915410995483,25.2748486270075
0,0,0,0,0,0,0,0,0,28.205883026123,0,0,0,0,0,17.2917159398397,32.1378059387207,12.7982835290821,42.1420504252116,0,0,4.70499519575031,4.18049454972858,6.73167093419238,0,7.30048088528015,0,4.64433073997498,0,0,0,0,0,0,0,0,0,6.47441432549972,0,0,0,35.3485336303711,0,0,0,0,0,0,0,6.64801825652039,0,0,0,0,0,0,0,0,0,0,0,16.6535491943359,0,0,0,0,5.42632794380188,0,6.87888713858344,0,6.91089696844085,0,0,0,0,0,0,0,0,0,5.36931950659365,0,7.02543955350501,7.60072774067521,0,0,0
0,0,0,71.1942291259766,0,0,0,0,25.8929786682129,0,0,0,0,0,19.3614158630371,0,4.9810596467995,22.6359243392944,0,0,0,4.02432276652409,4.41114611456663,0,4.16685393121507,0,6.67526929775527,0,4.30153746604919,0,0,0,0,0,0,0,0,8.02263641357422,5.24263521207599,0,0,0,0,0,0,0,0,24.3379975727626,3.00047868297946,0,0,0,0,0,0,0,0,0,0,0,0,0,0,0,0,0,0,5.15111603055681,0,7.95923217082846,0,4.24937385442306,0,0,0,0,0,0,0,0,0,5.79628394964817,6.15607981940907,6.96917303644045,0,0,0
0,0,0,0,0,0,0,0,0,8.41728210449219,0,0,0,0,0,9.81457475515512,30.8431826591492,17.5040156706324,50.58154296875,0,0,5.31013024614212,0,4.16918315619042,0,5.66200947180027,0,0,0,0,0,0,0,0,0,0,0,4.36622690161069,0,0,0,0,0,0,0,0,0,0,0,3.83622304448542,0,0,0,0,0,3.15916085243225,0,0,0,0,0,0,0,0,5.42632794380188,0,0,0,3.53080250008005,0,0,0,0,0,0,0,0,0,74.8618392944336,0,5.86613954544067,0,9.18367731776731,0,3.06033313274384,0,0
0,0,0,0,0,0,0,0,7.20625246895684,0,0,0,0,0,9.02421855926514,0,10.7098736763,22.3672657012939,0,0,0,0,5.54141861862606,0,5.13111918606782,0,5.06021122020834,0,0,0,0,0,0,0,0,0,0,0,4.04636155857759,0,0,0,0,0,0,0,0,0,4.4619904507452,0,0,0,0,0,7.50875336329142,0,0,0,0,0,0,0,0,0,0,5.15111603055681,0,0,0,0,0,0,0,0,0,0,0,0,0,0,0,4.42978032430013,8.79057865018969,16.3376713991165,4.35461362202962,0,0
0,0,0,0,0,0,0,0,48.7190971374512,0,0,0,0,0,0,5.4969224276816,46.5230140686035,9.85801362759859,44.6169128417969,0,0,7.25215462817774,0,8.27484712998072,0,4.34478466461469,0,4.01133624712626,0,0,0,0,0,0,0,0,0,0,0,0,0,0,0,0,0,0,0,0,0,0,0,0,0,0,0,0,0,0,0,0,0,4.85973451877462,0,0,6.87888713858344,0,3.53080250008005,0,0,0,0,0,0,0,0,0,0,0,0,0,0,0,11.8682082240321,0,0,0,0
0,0,0,0,0,0,0,0,9.00855112075806,0,0,0,3.86024324099223,0,5.09608589324398,0,7.58055883085026,0,0,0,0,0,7.59589230797508,0,3.60031946500142,0,4.84109368651552,0,3.4757752759116,0,0,0,0,0,0,0,0,0,0,0,0,0,0,0,0,0,0,0,3.59000563447493,0,0,0,0,0,0,0,0,0,4.20271253585815,0,4.98306555112203,0,0,0,0,7.95923217082846,0,0,0,0,0,4.01565322346157,0,0,0,0,0,0,0,0,0,0,4.98687090790063,0,0,0,0
0,0,0,0,0,0,0,0,0,0,0,0,0,3.58291194779532,0,0,0,0,0,0,0,4.45028325406517,0,4.86475598812103,0,3.59252905845642,0,4.77102838004633,0,3.2847945690155,0,0,0,0,0,0,0,4.8691873550415,0,0,0,0,0,0,0,0,0,0,0,5.84200847850126,0,0,0,0,0,0,0,4.37008357048035,0,4.08694730338975,0,0,0,0,6.91089696844085,0,0,0,0,0,0,0,3.24593290090561,0,0,0,0,0,0,0,7.88270283047157,0,0,0,0,0,0
0,0,0,0,0,0,0,0,0,0,0,0,5.6471611109356,0,4.6541979710261,0,5.26534603118897,0,0,0,0,0,3.00476956367493,0,0,0,4.85901806002758,0,3.88237351520471,0,0,0,0,0,0,0,0,0,6.8226681804657,0,0,0,0,0,0,0,0,0,2.97105377653371,0,0,0,0,0,0,0,3.49341706607653,0,3.51190334558487,0,0,0,0,0,0,4.24937385442306,0,0,0,4.01565322346157,0,0,0,3.66897907711211,0,0,0,0,0,0,0,3.23878431029436,5.40335697477514,0,0,0,0
0,0,0,33.2718239391551,0,58.7834606170654,0,0,0,0,0,7.18836005334932,0,0,0,0,63.7723169326782,62.0741124557237,41.2494522345186,10.9717883033268,0,0,0,0,0,0,0,7.30641826423439,0,4.39107255229244,0,0,0,75.0071868896484,0,44.5949859619141,0,6.851229596138,0,51.8559028006889,91.021598815918,16.2985427551688,70.5283575057983,21.3129716030387,0,26.9129714899593,0,60.2057769775391,49.7830015240294,46.8180296729593,0,0,0,0,0,0,0,8.20795109778795,0,0,0,0,18.2763797821152,76.4679565429688,0,0,0,0,0,0,3.24593290090561,0,0,0,0,0,70.9461555480957,0,44.2889651545772,85.6061477661133,34.4888718101416,70.6670227050781,40.502279142342,0,23.3857230248801,15.995227846606,0
0,0,27.0497236251831,0,38.5070571899414,0,0,0,0,0,13.3595443579458,0,0,0,0,0,53.2959213256836,67.6263427734375,43.5029261642032,0,6.96115307374434,0,0,0,0,0,0,0,8.08760346816136,0,4.79863808231969,0,0,0,0,0,40.2855663299561,0,8.81905424594879,0,35.0043709225125,68.9973983764648,18.818531165425,0,21.8556137084961,0,26.8763751813344,0,11.5702102168021,0,0,0,0,0,0,0,11.1546410618852,0,0,0,0,0,0,18.9054960063215,0,0,0,0,0,0,0,3.66897907711211,0,0,0,0,0,0,84.847972869873,40.041255803398,74.1190490722656,11.9206166980313,37.8940485818045,0,15.5005684352834,0,20.4378435255036
0,0,0,0,0,0,0,0,0,0,0,0,0,0,0,0,0,0,0,0,0,0,0,0,0,0,0,0,0,0,0,4.83045230575177,5.82415262935231,4.90318054160221,10.4578755696615,12.3584218422572,0,0,0,0,0,0,0,0,0,0,0,13.2256819342003,0,35.4995746612549,0,0,0,0,0,0,0,0,0,0,0,0,0,0,0,0,0,0,0,0,0,0,0,0,0,9.60988014677297,5.01984705758649,11.7398082733154,4.30358915328979,17.3246191569737,0,0,4.75424189859637,0,0,0,0
0,0,0,0,0,0,0,0,0,0,0,0,0,0,0,0,0,0,0,0,0,0,0,0,0,0,0,0,0,0,0,6.17345967430335,4.18636327957973,10.8920879364014,4.0460561578924,0,8.01596641540527,0,0,0,0,0,0,0,0,0,0,6.59630720359172,12.0919704055786,0,0,0,0,0,0,0,0,0,0,0,0,0,0,0,0,0,0,0,0,0,0,0,0,0,9.60988014677297,0,0,0,0,4.80531940834556,0,0,5.78058724654348,0,0,0,0
0,0,0,61.0056133270264,0,63.8053963401101,0,0,0,0,0,0,0,0,0,0,0,0,55.6480598449707,0,0,0,0,0,0,0,0,0,0,0,0,11.0954728541167,0,4.97683712223537,5.2945330618133,4.78096529133412,0,4.8420828742981,25.6253929138184,38.2391538619995,0,32.3697871244871,31.0745306015015,0,0,55.9843101501465,0,8.10286146631501,21.7334472526938,8.80568584890077,0,0,0,0,0,0,0,65.7002388000488,0,0,0,0,58.0845266977946,0,0,0,0,0,0,0,0,0,70.9461555480957,0,5.01984705758649,0,0,9.57874216200184,5.14951673907203,20.602698802948,5.23347712430087,24.5627578735352,10.329558852107,0,23.3554203090955,52.9146537780762,0
0,0,0,58.1877326965332,61.3854866027832,0,0,0,0,0,0,0,0,0,0,0,0,0,0,0,0,0,0,0,0,0,0,0,0,0,0,5.26012897491455,5.66267705536806,5.16284526415504,4.84336639292506,0,7.182302756743,0,7.35029260082358,0,34.904727935791,75.0467071533203,0,0,0,0,46.5981058393206,6.9936492608426,18.3151701756886,26.3189675807953,0,0,0,0,0,0,0,61.6145451863607,0,0,0,0,0,51.3804817199707,0,0,0,0,0,0,0,0,0,0,11.7398082733154,0,9.57874216200184,0,0,6.33962403386434,22.8732023239136,5.66608025450999,7.40432381144276,0,21.3152030981504,0,0
