0,0,5.21350027276919,0,0,0,0,0,6.28944399107748,0,0,0,0,0,3.05504785478115,0,0,0,5.67793917655945,0,0,0,0,0,0,0,0,0,0,0,0,0,0,0,0,0,0,0,0,0,0,0,38.3816553751628,0,0,0,0,38.6127822058541,5.09949742555618,0,0,0,0,0,2.94976496696472,0,6.35193061828613,0,0,0,6.5352897644043,0,0,0,0,0,0,0,0,0,0,0,0,0,0,0,0,0,0,0,0,0,8.13767810907874,0,7.44898936814732,0,0
0,0,0,8.62339435588746,0,0,0,0,0,6.92063156013136,0,0,0,0,0,0,0,0,3.86727922804215,0,0,0,0,0,0,0,0,0,0,0,0,0,0,0,0,0,0,27.2874585257636,0,0,0,27.7247962143462,0,0,0,0,0,0,0,6.71203046043714,0,0,0,0,0,6.7004368651997,0,0,0,0,0,0,0,0,0,0,0,0,0,0,0,0,0,0,0,0,0,0,0,0,0,0,6.09684617277505,0,14.6916185980258,0,0
5.21350027276919,0,0,0,3.17021894454956,0,0,0,3.00930187837133,0,0,0,0,0,0,0,0,0,0,0,0,0,0,0,0,0,0,0,0,0,0,0,0,0,0,0,0,0,0,0,0,0,9.14931843015883,0,0,0,0,0,4.84363808890813,0,0,0,0,0,3.11230077346166,0,0,0,0,0,0,0,0,0,0,0,0,0,0,0,0,0,0,0,0,0,0,0,0,0,0,0,8.43348458835057,0,7.56895231184804,0,0
0,8.62339435588746,0,0,0,5.06588704646135,0,0,0,6.95290391061498,0,33.5250651836395,0,0,0,0,0,0,0,33.0045890808105,0,0,0,0,0,0,0,0,0,0,0,0,0,0,0,0,0,38.3565784922817,0,0,0,38.9008517765499,0,0,0,11.6530320009119,0,0,0,33.4248634709252,0,0,0,0,0,8.5488663102096,0,37.6533164978027,0,0,0,0,0,0,0,0,0,0,0,0,0,0,38.0392570495605,0,0,0,0,0,0,0,41.3489112854004,0,15.2606816768646,4.78959894180298,9.70654401046869,0,0
0,0,3.17021894454956,0,0,0,0,0,0,0,0,0,0,0,0,0,0,0,0,0,0,0,0,0,0,0,0,0,0,0,0,0,0,0,0,0,0,0,0,0,0,0,0,0,0,0,0,0,0,0,0,0,0,0,0,0,0,0,2.85274002768777,0,0,0,0,0,0,0,0,0,0,0,0,0,0,0,0,0,0,0,0,0,0,0,0,0,0,0,0
0,0,0,5.06588704646135,0,0,0,3.82470466196537,0,3.12142261420146,0,0,0,3.5791220664978,0,5.12182253599167,0,0,0,6.52646255493164,0,0,0,0,0,0,0,0,0,0,0,0,0,0,0,6.69512987136841,0,0,0,0,0,0,0,0,0,12.4942723181513,0,0,0,0,0,4.2233601208345,0,0,0,0,0,5.06531231743949,0,4.33530161597512,0,5.79799795150757,9.8828592300415,0,0,0,0,0,0,0,0,0,0,0,0,0,0,0,0,0,0,0,4.37743546440815,3.02207684516907,6.45874370783098,0,0
0,0,0,0,0,0,0,0,0,0,0,0,0,0,0,0,0,0,0,0,0,0,0,0,0,0,0,0,0,0,0,0,0,0,0,0,0,0,0,0,0,0,0,0,0,0,0,0,0,0,0,0,0,0,0,0,0,0,0,0,0,0,0,0,0,0,0,0,0,0,0,0,0,0,0,0,0,0,0,0,0,0,3.08831024169922,0,0,0,0
0,0,0,0,0,3.82470466196537,0,0,0,0,0,0,0,3.47327664920262,0,4.86026239395142,0,0,0,0,0,0,0,0,0,0,0,0,0,0,0,0,0,0,0,0,0,0,0,0,0,0,0,0,0,0,0,0,0,0,0,3.41295972737399,0,4.38922589581187,0,0,0,0,0,3.66639914512634,0,0,0,0,0,0,0,0,0,0,0,0,0,0,0,0,0,0,0,0,0,0,3.3282039382241,0,0,0,0
6.28944399107748,0,3.00930187837133,0,0,0,0,0,0,0,0,0,0,0,3.05886128970555,0,20.3009127113554,27.8302251815796,19.2977258046468,0,0,0,0,0,0,0,0,0,0,0,0,0,0,0,38.4806291792128,0,0,0,36.7208210178679,0,0,0,40.5402912563748,0,0,0,0,45.357562856321,38.5815238952637,0,0,0,0,0,7.2214015816178,0,0,0,0,0,0,0,0,0,0,0,0,0,0,0,0,0,0,43.0537223815918,0,0,0,41.3541572570801,0,0,0,37.7253861907345,16.751933634191,4.61372668620868,40.3132774829865,0,9.48103713989258
0,6.92063156013136,0,6.95290391061498,0,3.12142261420146,0,0,0,0,0,0,0,0,0,6.6593321511086,17.4550819396973,21.6173685886689,13.269627985747,37.8444595336914,0,30.9583031790597,0,16.9367092397478,0,27.6369860659745,0,0,0,0,0,0,0,0,0,0,0,28.0502544045448,0,0,0,27.6566569976163,0,0,0,15.3849068931911,0,0,0,32.027073542277,0,0,0,0,0,6.25548642643249,0,0,0,0,0,6.89398787079788,0,0,30.211371421814,0,10.1795486467225,0,22.4479369788334,0,0,0,0,0,0,0,0,0,0,0,51.9165477752686,0,13.2281721696281,11.8841141462326,11.8966423997579,40.0768051147461,0
0,0,0,0,0,0,0,0,0,0,0,0,4.81686716079712,0,0,0,0,0,0,0,3.91373715275212,0,0,0,0,0,0,0,0,0,3.08699815273285,0,0,0,0,0,2.953555727005,0,3.80408765223988,0,0,0,0,0,0,0,0,0,0,0,0,0,0,0,0,0,3.55798422272095,0,0,0,0,0,0,7.80577373504639,0,0,0,0,0,0,0,0,0,3.2690662537949,0,0,0,0,0,0,0,0,3.49830052807073,0,0,0,0
0,0,0,33.5250651836395,0,0,0,0,0,0,0,0,0,3.15356739362081,0,0,0,52.8389010959201,40.9747890621037,7.36105793812236,0,0,0,18.935001373291,0,0,0,6.64520894050598,0,4.50879374512455,0,0,0,0,0,3.79786962974729,0,6.90115076361351,0,0,0,27.2845433700916,0,24.3501614379883,0,20.9095829109037,0,0,0,17.0531978607178,0,0,0,0,0,0,0,3.00904998330787,0,3.11556529998779,0,0,8.36045454082818,0,21.5921659469604,0,17.6722145080566,0,0,0,6.65664860280622,0,3.90487265388995,0,0,0,0,0,0,0,8.01671427488327,0,6.76040675242742,0,22.8143499435917,84.0024948120117,0
0,0,0,0,0,0,0,0,0,0,4.81686716079712,0,0,0,0,0,0,0,0,0,0,0,0,0,0,0,0,0,0,0,0,0,0,0,0,0,0,0,0,0,0,0,0,0,0,0,0,0,0,0,0,0,3.02561649349001,0,0,0,0,0,2.96765378914257,0,0,0,0,0,0,0,0,0,0,0,0,0,0,0,0,0,0,0,0,0,0,0,2.90838531653086,0,0,0,0
0,0,0,0,0,3.5791220664978,0,3.47327664920262,0,0,0,3.15356739362081,0,0,0,3.95117224587335,0,4.87720646858215,0,0,0,0,0,0,0,6.10397672653198,0,3.32620486482844,0,0,0,0,0,0,0,0,0,0,0,0,0,0,0,0,0,0,0,0,0,0,0,4.94567811489105,0,0,0,0,0,3.10212051868439,0,3.21887181551402,0,0,0,0,0,0,0,0,0,0,0,0,0,0,0,0,0,0,0,0,0,0,3.28308084938261,5.99321460723877,0,0,0
3.05504785478115,0,0,0,0,0,0,0,3.05886128970555,0,0,0,0,0,0,0,23.7878027184065,32.0566596984863,49.6585273742676,0,0,0,0,0,0,0,14.5224123001099,0,0,0,0,0,0,0,0,0,0,0,0,0,0,0,40.4145514170329,0,0,0,0,40.3968182881673,6.94458025152033,0,0,0,0,0,0,0,0,0,0,0,2.90602152164166,0,0,0,0,0,0,0,0,0,0,0,0,0,0,0,0,0,0,0,0,0,27.4402247278058,0,0,0,0
0,0,0,0,0,5.12182253599167,0,4.86026239395142,0,6.6593321511086,0,0,0,3.95117224587335,0,0,0,15.2681488785069,0,0,0,29.3377244949341,0,30.5437959035238,0,12.9269623571874,0,0,0,0,0,0,0,0,0,0,0,0,0,0,0,77.6461334228516,0,0,0,0,0,0,0,0,0,3.32026025454203,0,0,0,6.0793698310852,0,0,0,3.31627497306237,0,4.76471590727903,0,0,29.5169067382812,0,0,0,11.9617650669612,0,0,0,0,0,0,0,0,0,0,0,0,0,5.86483405119832,3.98133052719964,0,0,0
0,0,0,0,0,0,0,0,20.3009127113554,17.4550819396973,0,0,0,0,23.7878027184065,0,0,7.06408772122769,15.1912002695304,0,55.6411628723145,12.2036043167114,3.36953401565552,0,0,0,12.5068310129902,0,0,0,0,0,0,0,0,0,0,0,0,0,0,44.2343148318204,43.9594182708171,0,40.8244957923889,0,40.4784465789795,0,55.0964132944743,0,0,0,0,0,17.9497954686483,0,0,0,0,0,0,0,0,51.1355574823195,13.7137174606323,0,0,0,0,0,0,0,0,57.9620254997193,0,0,0,0,0,0,0,60.3728130871097,10.1100755354447,5.05095525575827,49.1808520538361,0,40.8341923141479
0,0,0,0,0,0,0,0,27.8302251815796,21.6173685886689,0,52.8389010959201,0,4.87720646858215,32.0566596984863,15.2681488785069,7.06408772122769,0,13.4737093040355,42.168628692627,0,6.87919558552113,0,11.4901313166465,0,10.8816776916115,0,4.33695314487098,0,62.6427268981934,0,0,0,0,0,0,0,53.6313916430061,0,0,0,34.6725643249481,47.5409887487238,29.7773880285719,60.1001510620117,0,47.3789939880371,0,76.4570465087891,0,0,0,0,0,32.6653861999512,12.6836314375808,0,51.1528302510579,0,0,0,16.7043544961059,47.1688007778592,0,12.0251128071486,0,12.6062670018938,0,15.2094345009845,0,73.9605541229248,0,52.1866424374464,0,0,0,0,0,0,0,55.9041943610469,72.4262784322103,7.9155365828151,6.59249747440972,43.3604304633229,34.8115853348823,37.8425643708971
5.67793917655945,3.86727922804215,0,0,0,0,0,0,19.2977258046468,13.269627985747,0,40.9747890621037,0,0,49.6585273742676,0,15.1912002695304,13.4737093040355,0,32.6898293033723,42.842677116394,38.2711238861084,0,36.1863498687744,0,33.4954977769118,0,0,0,41.5300073623657,0,0,0,0,0,0,0,42.1820710126091,0,0,0,28.5449900926964,33.0875731021406,11.9397226605282,19.2337620211583,10.1709769037035,24.8099025386875,0,43.6563798692491,5.48273277282715,0,0,0,0,0,20.7731018066406,0,38.3425167838296,0,0,0,0,31.5562516513624,42.3415301243464,62.2567096710205,0,27.5367889404297,0,0,0,56.0786272684733,0,40.1371168731361,43.0752534206558,0,0,0,0,0,0,46.8067727994748,47.6792664331664,9.13731127471803,28.7437629699707,24.7199668772873,29.9212840594787,30.9517600896623
0,0,0,33.0045890808105,0,6.52646255493164,0,0,0,37.8444595336914,0,7.36105793812236,0,0,0,0,0,42.168628692627,32.6898293033723,0,0,0,0,0,0,0,0,0,0,0,0,0,0,0,0,3.14210044435296,0,4.84116784839526,0,0,0,23.0119614601135,0,18.9709836711054,0,13.4142572168487,0,0,0,0,0,0,0,0,0,0,0,4.7976201281828,0,0,0,0,3.98051310428465,0,35.4305953979492,0,0,0,0,0,27.9176006317139,0,14.204031539917,0,0,0,0,0,4.99324353635311,0,9.5786594117389,0,4.45087249905958,0,8.86369091272354,0,0
0,0,0,0,0,0,0,0,0,0,3.91373715275212,0,0,0,0,0,55.6411628723145,0,42.842677116394,0,0,0,0,0,0,0,0,0,0,0,0,0,0,0,0,0,7.37065823036701,0,13.8627787921164,0,7.00352895259857,0,16.4086391008817,0,0,0,8.80821851605681,0,0,0,0,0,0,0,0,0,7.40793022314707,0,15.5660257339478,0,0,0,0,5.69155437272377,0,0,0,0,0,0,0,0,0,16.4284065853466,0,0,0,0,0,8.27634445858444,0,14.4304102099042,8.32458748634045,0,10.6761840474606,0,15.752179145813
0,0,0,0,0,0,0,0,0,30.9583031790597,0,0,0,0,0,29.3377244949341,12.2036043167114,6.87919558552113,38.2711238861084,0,0,0,3.51539774143949,4.86309003829956,0,5.63507189430533,0,3.20511997327572,0,0,0,0,0,0,0,0,0,3.84574738940837,0,0,0,72.7554931640625,0,0,0,0,0,0,0,0,0,0,0,0,0,32.6895713806152,0,17.4841264795374,0,0,0,0,0,0,4.55852915820067,0,24.4459011554718,0,5.07336926460266,0,5.0576202080696,0,15.3851939251548,0,0,0,0,0,0,0,5.67260674067906,0,10.267171008877,0,0,0,0
0,0,0,0,0,0,0,0,0,0,0,0,0,0,0,0,3.36953401565552,0,0,0,0,3.51539774143949,0,0,7.39577064719251,0,3.38332939147949,0,3.31280164096666,0,0,0,0,0,0,0,0,0,7.33399618863177,0,0,0,0,0,0,0,0,26.837964423617,7.36358135649301,0,0,0,0,0,0,0,0,0,0,0,0,0,0,0,3.30427312850952,4.30020368312086,0,7.50193198109086,0,0,0,2.86443583909855,0,0,0,0,0,17.5580656901002,0,0,0,10.5189210145847,7.92710718836103,2.91477714135097,0,0,0
0,0,0,0,0,0,0,0,0,16.9367092397478,0,18.935001373291,0,0,0,30.5437959035238,0,11.4901313166465,36.1863498687744,0,0,4.86309003829956,0,0,0,8.01491948653912,0,0,0,0,0,0,0,0,0,0,0,3.09311451409992,0,0,0,0,0,41.4797286987305,0,0,0,0,0,0,0,0,0,0,0,0,0,18.5364269256592,0,0,0,0,0,0,3.2769523859024,0,3.25817127943039,0,3.16705691814423,0,11.0167958341326,0,0,0,0,0,0,0,0,0,0,0,7.76945616659128,0,0,0,0
0,0,0,0,0,0,0,0,0,0,0,0,0,0,0,0,0,0,0,0,0,0,7.39577064719251,0,0,0,0,0,0,0,0,0,0,0,0,0,0,0,0,0,0,0,0,0,0,0,0,20.3744010925293,0,0,0,0,0,0,0,0,0,0,0,0,0,0,0,0,0,8.76091408729553,0,3.26101517677307,0,0,0,0,0,0,0,0,0,0,0,0,0,0,0,0,0,0,0
0,0,0,0,0,0,0,0,0,27.6369860659745,0,0,0,6.10397672653198,0,12.9269623571874,0,10.8816776916115,33.4954977769118,0,0,5.63507189430533,0,8.01491948653912,0,0,0,4.59169316046017,0,0,0,0,0,0,0,0,0,0,0,0,0,0,0,0,0,0,0,0,0,0,0,0,0,0,0,24.5144669850667,0,0,0,0,0,15.1732491745668,0,0,3.99675233467765,0,9.38292516361583,0,5.25425310878011,0,95.5019836425781,0,67.8511962890625,0,0,0,0,0,0,0,85.8776168823242,0,14.5365809333157,0,68.5599937438965,0,0
0,0,0,0,0,0,0,0,0,0,0,0,0,0,14.5224123001099,0,12.5068310129902,0,0,0,0,0,3.38332939147949,0,0,0,0,0,0,0,0,0,0,0,0,0,0,0,0,0,0,0,0,0,0,0,0,0,0,0,0,0,0,0,0,0,0,0,0,0,0,0,0,0,0,0,0,0,0,0,0,0,0,0,0,0,0,0,0,0,0,71.9034805297852,9.06537365913391,0,0,0,0
0,0,0,0,0,0,0,0,0,0,0,6.64520894050598,0,3.32620486482844,0,0,0,4.33695314487098,0,0,0,3.20511997327572,0,0,0,4.59169316046017,0,0,0,0,0,0,0,0,0,0,0,0,0,0,0,0,0,0,0,42.4801851908366,0,0,0,0,0,0,0,0,0,0,0,11.922594563292,0,0,0,0,27.0619287490845,0,9.15601023178888,0,0,0,4.02025854587555,0,8.54038986263963,0,13.722515417329,0,0,0,0,0,0,0,0,0,4.24868364968608,3.02329570596868,0,0,0
0,0,0,0,0,0,0,0,0,0,0,0,0,0,0,0,0,0,0,0,0,0,3.31280164096666,0,0,0,0,0,0,0,0,0,0,0,0,0,0,0,0,0,0,0,0,0,0,0,0,0,0,0,0,0,0,0,0,0,0,0,0,0,0,0,0,0,0,0,0,0,0,0,0,0,0,0,0,0,0,0,0,0,0,0,2.87381310462952,0,0,0,0
0,0,0,0,0,0,0,0,0,0,0,4.50879374512455,0,0,0,0,0,62.6427268981934,41.5300073623657,0,0,0,0,0,0,0,0,0,0,0,0,0,0,0,0,0,0,0,0,0,0,32.475715637207,0,0,0,25.0396295848646,0,0,0,0,0,0,0,0,0,0,0,4.40489381708597,0,0,0,0,15.4166665077209,0,0,0,0,0,0,0,10.1566789944967,0,4.02779701598605,0,0,0,0,0,0,0,2.74339437484741,0,0,0,25.8534545898438,0,0
0,0,0,0,0,0,0,0,0,0,3.08699815273285,0,0,0,0,0,0,0,0,0,0,0,0,0,0,0,0,0,0,0,0,0,0,0,0,0,0,0,2.84891028063638,0,0,0,0,0,0,0,0,0,0,0,0,0,0,0,0,0,3.16490304470062,0,0,0,0,0,0,0,0,0,0,0,0,0,0,0,0,3.05156219005585,0,0,0,0,0,0,0,0,0,0,0,0,0
0,0,0,0,0,0,0,0,0,0,0,0,0,0,0,0,0,0,0,0,0,0,0,0,0,0,0,0,0,0,0,0,5.58429208894114,5.63926425531876,3.77999651432037,4.80043763339519,38.1048209091713,0,0,9.56196435079925,19.2760838354933,0,0,0,0,8.08968226114909,0,5.38017703846124,17.2826823425293,6.65061596597944,0,0,0,0,0,0,0,0,0,0,0,0,0,29.8726825714111,0,0,0,0,0,0,0,0,0,0,4.36141384215806,7.45004763274357,5.57942768781154,10.1175737380981,5.49995721717854,33.3330043675091,0,0,4.99016351722977,0,19.3947888183594,0,0
0,0,0,0,0,0,0,0,0,0,0,0,0,0,0,0,0,0,0,0,0,0,0,0,0,0,0,0,0,0,0,5.58429208894114,0,4.0745008289814,4.39557428359985,13.690747802322,2.89793914556503,0,0,0,8.42515576327289,0,0,0,0,0,0,4.45313295486575,5.95117381223586,0,0,0,0,0,0,0,0,0,0,0,0,0,0,15.3091165598701,0,0,0,0,0,0,0,0,0,0,9.46822248715811,4.10574775339697,0,4.86191275715828,16.010347366333,12.8544562146777,0,0,3.43982711705295,0,0,0,0
0,0,0,0,0,0,0,0,0,0,0,0,0,0,0,0,0,0,0,0,0,0,0,0,0,0,0,0,0,0,0,5.63926425531876,4.0745008289814,0,4.5122465349379,5.70137153109279,7.17765092849731,2.83380892697503,0,0,0,0,0,0,0,0,0,4.32430646797218,0,5.93213664724472,0,0,0,0,0,0,0,0,0,0,0,0,0,0,0,0,0,0,0,0,0,0,0,0,5.79807154888654,0,5.17975932655196,4.36714743140215,4.75508641819709,0,3.05799617767334,0,5.90381988435344,0,5.03531122207642,0,0
0,0,0,0,0,0,0,0,38.4806291792128,0,0,0,0,0,0,0,0,0,0,0,0,0,0,0,0,0,0,0,0,0,0,3.77999651432037,4.39557428359985,4.5122465349379,0,0,3.84325357492748,0,13.8965513706207,0,0,0,0,0,0,0,0,5.13396009847475,5.81785602039761,10.7183618545532,0,0,0,0,30.6633610902009,0,0,0,0,0,0,0,0,0,0,0,0,0,0,0,0,0,0,0,0,14.3257054764292,4.57314449245647,4.78770505944921,0,6.99735750215297,0,6.42452779838017,4.20292912911032,0,0,0,0
0,0,0,0,0,6.69512987136841,0,0,0,0,0,3.79786962974729,0,0,0,0,0,0,0,3.14210044435296,0,0,0,0,0,0,0,0,0,0,0,4.80043763339519,13.690747802322,5.70137153109279,0,0,8.24116672674815,4.88870706375997,0,14.668682551384,29.3578798891318,0,0,0,0,4.85265371389687,0,5.36258420181274,21.9597385724386,18.8990345001221,0,0,0,0,0,0,0,0,0,0,0,0,3.28039678004609,27.3439687093099,0,0,0,0,0,0,0,0,0,0,4.83156821131706,13.9430912222181,5.01123392241342,0,5.9374122291336,36.0555547586008,0,0,4.40632975066237,3.22951464903982,6.69636728257844,0,0
0,0,0,0,0,0,0,0,0,0,2.953555727005,0,0,0,0,0,0,0,0,0,7.37065823036701,0,0,0,0,0,0,0,0,0,0,38.1048209091713,2.89793914556503,7.17765092849731,3.84325357492748,8.24116672674815,0,0,6.27154708388438,0,12.0087001860981,0,0,0,0,15.3871113493087,8.51011284510295,4.51283113925885,12.8839117050171,0,0,0,0,0,0,0,0,0,0,0,0,0,0,9.11078368519129,0,0,0,0,0,0,0,0,0,0,36.903916688092,0,0,3.67324445645014,12.3305606842041,5.71854986066285,0,6.9290847397652,5.16824788579754,4.12986869471414,4.04227175486673,0,0
0,27.2874585257636,0,38.3565784922817,0,0,0,0,0,28.0502544045448,0,6.90115076361351,0,0,0,0,0,53.6313916430061,42.1820710126091,4.84116784839526,0,3.84574738940837,0,3.09311451409992,0,0,0,0,0,0,0,0,0,2.83380892697503,0,4.88870706375997,0,0,2.9552872578303,0,0,22.8914715340263,0,26.2673594611032,0,23.2429095929335,0,4.39814547697703,0,8.13948818524679,0,0,0,0,0,35.3985196749369,0,13.9089011321833,0,0,0,0,5.67272334026568,0,3.17873651285966,0,3.30856555302938,0,0,0,9.82211381394342,0,35.0686111450195,0,0,0,3.08168639739354,0,4.20354296610906,0,4.74366647831617,0,4.02072899326651,0,14.9901550837925,0,0
0,0,0,0,0,0,0,0,36.7208210178679,0,3.80408765223988,0,0,0,0,0,0,0,0,0,13.8627787921164,0,7.33399618863177,0,0,0,0,0,0,0,2.84891028063638,0,0,0,13.8965513706207,0,6.27154708388438,2.9552872578303,0,0,0,0,0,0,0,0,17.0577816963196,5.82257469523725,5.11326220370176,0,0,0,0,0,29.6973913451772,0,3.85728020761527,0,0,0,38.2202816009521,0,0,10.8223627041548,0,7.72895595988607,0,3.48136162757874,0,0,0,6.3612813608987,0,7.43707997004191,0,0,0,11.3557865483851,0,5.97261409612184,0,5.8333233133444,4.69551436049771,7.98171142889903,20.1701612472534,0,0
0,0,0,0,0,0,0,0,0,0,0,0,0,0,0,0,0,0,0,0,0,0,0,0,0,0,0,0,0,0,0,9.56196435079925,0,0,0,14.668682551384,0,0,0,0,0,8.06838225996172,0,0,0,5.58256866870617,0,5.89795818019038,0,5.67256089067178,0,0,0,0,0,0,0,0,0,0,0,0,3.79411886798011,0,0,0,0,0,0,0,0,0,0,0,9.6828515599004,0,8.87047998110453,0,5.20972208214006,0,0,0,7.3629209001859,0,5.98948613182418,15.8664127349854,0
0,0,0,0,0,0,0,0,0,0,0,0,0,0,0,0,0,0,0,0,7.00352895259857,0,0,0,0,0,0,0,0,0,0,19.2760838354933,8.42515576327289,0,0,29.3578798891318,12.0087001860981,0,0,0,0,0,4.44978650849441,0,0,17.52712059021,8.19751483689314,9.44135366841621,5.69481377014577,0,0,0,0,0,0,0,0,0,0,0,0,0,0,5.84581262159447,0,0,0,0,0,0,0,0,0,0,22.4196410903891,8.02201045596081,0,8.59506750106812,0,7.47299545306131,0,7.85063745156848,12.0999644164129,0,5.57364665813855,0,0
0,27.7247962143462,0,38.9008517765499,0,0,0,0,0,27.6566569976163,0,27.2845433700916,0,0,0,77.6461334228516,44.2343148318204,34.6725643249481,28.5449900926964,23.0119614601135,0,72.7554931640625,0,0,0,0,0,0,0,32.475715637207,0,0,0,0,0,0,0,22.8914715340263,0,8.06838225996172,0,0,8.89994403473828,16.2085256576538,0,24.353105553542,0,5.50170740277776,0,8.52326104531228,0,0,0,0,0,38.4005125011513,0,26.7273510591483,0,0,0,0,28.8426268907983,56.2620849609375,53.6513832092285,0,0,0,0,0,45.4979124069214,0,28.2430351592682,62.0574245452881,0,0,0,0,14.760750436053,0,31.7394548410305,0,15.1068166296414,33.9896729787191,13.7942775754474,10.5053400710828,38.7105652945382
38.3816553751628,0,9.14931843015883,0,0,0,0,0,40.5402912563748,0,0,0,0,0,40.4145514170329,0,43.9594182708171,47.5409887487238,33.0875731021406,0,16.4086391008817,0,0,0,0,0,0,0,0,0,0,0,0,0,0,0,0,0,0,0,4.44978650849441,8.89994403473828,0,0,27.4028245806694,0,19.6132061188681,19.3110796680637,10.9810772753563,0,0,0,0,0,38.9317336082458,0,35.3399984359741,0,0,0,38.9357277365292,0,0,16.1908190488815,0,0,0,0,0,0,0,0,0,20.7062360778335,0,0,0,0,0,11.310618769738,0,28.3081093985459,19.0527721525867,29.8520600199699,9.16626353660464,37.5752056121826,14.8225536902746
0,0,0,0,0,0,0,0,0,0,0,24.3501614379883,0,0,0,0,0,29.7773880285719,11.9397226605282,18.9709836711054,0,0,0,41.4797286987305,0,0,0,0,0,0,0,0,0,0,0,0,0,26.2673594611032,0,0,0,16.2085256576538,0,0,0,0,0,0,0,0,0,0,0,0,0,0,0,22.1463840089995,0,0,0,0,17.1222371778626,50.6720275878906,49.7820218404134,0,0,0,0,0,41.3158993191189,0,25.4434923739047,0,0,0,0,0,0,0,30.4232157032664,0,14.2505608985299,0,13.6369173697063,19.8856415748596,0
0,0,0,0,0,0,0,0,0,0,0,0,0,0,0,0,40.8244957923889,60.1001510620117,19.2337620211583,0,0,0,0,0,0,0,0,0,0,0,0,0,0,0,0,0,0,0,0,0,0,0,27.4028245806694,0,0,0,10.4975128173828,0,0,0,0,0,0,0,0,0,0,0,0,0,0,0,0,39.5678176879883,0,0,0,0,0,0,0,0,0,0,0,0,0,0,0,0,0,0,20.4791128635406,0,12.3433012415965,0,25.6487335205078
0,0,0,11.6530320009119,0,12.4942723181513,0,0,0,15.3849068931911,0,20.9095829109037,0,0,0,0,0,0,10.1709769037035,13.4142572168487,0,0,0,0,0,0,0,42.4801851908366,0,25.0396295848646,0,8.08968226114909,0,0,0,4.85265371389687,15.3871113493087,23.2429095929335,0,5.58256866870617,17.52712059021,24.353105553542,0,0,0,0,0,7.39275319235665,0,7.38953612545344,0,0,0,0,0,14.4184662212025,0,19.5174545939632,0,0,0,0,10.1165519454046,0,47.8353433227539,0,0,0,0,0,40.5195473807199,0,23.8953711480805,0,10.3534348215376,0,0,0,5.55931784830041,16.0157223041241,27.4050527504686,0,7.0182541517111,11.9911494816051,7.26775987091136,0,0
0,0,0,0,0,0,0,0,0,0,0,0,0,0,0,0,40.4784465789795,47.3789939880371,24.8099025386875,0,8.80821851605681,0,0,0,0,0,0,0,0,0,0,0,0,0,0,0,8.51011284510295,0,17.0577816963196,0,8.19751483689314,0,19.6132061188681,0,10.4975128173828,0,0,15.7799182256063,21.9420839244648,0,0,0,0,0,0,0,0,0,0,0,0,0,0,8.34462772629448,0,0,0,0,0,0,0,0,0,22.6408503434875,0,0,0,0,0,6.0579421461719,0,25.9726738849608,13.3034685066768,0,7.96200816583175,0,21.7666829805526
38.6127822058541,0,0,0,0,0,0,0,45.357562856321,0,0,0,0,0,40.3968182881673,0,0,0,0,0,0,0,26.837964423617,0,20.3744010925293,0,0,0,0,0,0,5.38017703846124,4.45313295486575,4.32430646797218,5.13396009847475,5.36258420181274,4.51283113925885,4.39814547697703,5.82257469523725,5.89795818019038,9.44135366841621,5.50170740277776,19.3110796680637,0,0,7.39275319235665,15.7799182256063,0,6.35643197482888,4.73465672396227,0,0,0,0,37.6040712591983,0,38.786093711853,0,0,0,40.1122185171467,0,7.07339310646057,15.7344617119857,0,26.971114600577,0,22.0367527008057,0,0,0,0,0,0,5.87122275049362,4.93607357696251,5.41165050572895,6.31791706920134,5.65307455288397,8.97941924094124,4.74900421343352,6.08585941257761,5.17459314424086,0,12.319180280517,0,32.0798934214824
5.09949742555618,0,4.84363808890813,0,0,0,0,0,38.5815238952637,0,0,0,0,0,6.94458025152033,0,55.0964132944743,76.4570465087891,43.6563798692491,0,0,0,7.36358135649301,0,0,0,0,0,0,0,0,17.2826823425293,5.95117381223586,0,5.81785602039761,21.9597385724386,12.8839117050171,0,5.11326220370176,0,5.69481377014577,0,10.9810772753563,0,0,0,21.9420839244648,6.35643197482888,0,0,0,0,0,0,38.4595413208008,0,11.6669780749541,0,0,0,15.5824500918388,0,0,7.2259511892823,0,6.50480125718198,0,2.77815432548523,0,4.48848735419187,0,8.64081809558675,0,6.16636194096933,17.7481908829282,7.24721626758575,0,7.19927008194331,0,6.26070799814826,0,5.24053068046874,12.7415687320053,0,10.8285401500613,0,23.4406625429789
0,6.71203046043714,0,33.4248634709252,0,0,0,0,0,32.027073542277,0,17.0531978607178,0,0,0,0,0,0,5.48273277282715,0,0,0,0,0,0,0,0,0,0,0,0,6.65061596597944,0,5.93213664724472,10.7183618545532,18.8990345001221,0,8.13948818524679,0,5.67256089067178,0,8.52326104531228,0,0,0,7.38953612545344,0,4.73465672396227,0,0,0,0,0,0,0,39.7896547317505,0,15.6264089856829,0,0,0,0,7.18126773834229,0,18.0278947644117,0,0,0,0,0,8.66865557273932,0,0,0,5.41532296951261,0,6.07744021690329,0,5.97474217205717,0,7.97542257322261,0,4.52433695918635,0,6.33430312834446,0,0
0,0,0,0,0,0,0,0,0,0,0,0,0,0,0,0,0,0,0,0,0,0,0,0,0,0,0,0,0,0,0,0,0,0,0,0,0,0,0,0,0,0,0,0,0,0,0,0,0,0,0,0,0,0,3.37461574872335,0,0,0,2.90702456898159,0,0,0,0,0,0,0,0,0,0,0,0,0,0,0,0,0,0,0,0,0,0,0,0,0,0,0,0
0,0,0,0,0,4.2233601208345,0,3.41295972737399,0,0,0,0,0,4.94567811489105,0,3.32026025454203,0,0,0,0,0,0,0,0,0,0,0,0,0,0,0,0,0,0,0,0,0,0,0,0,0,0,0,0,0,0,0,0,0,0,0,0,0,2.95184483528137,0,0,0,4.41802259814532,0,5.73455627759298,0,2.97878808445401,0,0,0,0,0,0,0,0,0,0,0,0,0,0,0,0,0,0,0,0,4.09826668571023,0,0,0,0
0,0,0,0,0,0,0,0,0,0,0,0,3.02561649349001,0,0,0,0,0,0,0,0,0,0,0,0,0,0,0,0,0,0,0,0,0,0,0,0,0,0,0,0,0,0,0,0,0,0,0,0,0,0,0,0,0,0,0,0,0,2.84840214252472,0,0,0,0,0,0,0,0,0,0,0,0,0,0,0,0,0,0,0,0,0,0,0,0,0,0,0,0
0,0,0,0,0,0,0,4.38922589581187,0,0,0,0,0,0,0,0,0,0,0,0,0,0,0,0,0,0,0,0,0,0,0,0,0,0,0,0,0,0,0,0,0,0,0,0,0,0,0,0,0,0,0,2.95184483528137,0,0,0,0,0,0,0,0,0,0,0,0,0,0,0,0,0,0,0,0,0,0,0,0,0,0,0,0,0,0,0,0,0,0,0
2.94976496696472,0,3.11230077346166,0,0,0,0,0,7.2214015816178,0,0,0,0,0,0,0,17.9497954686483,32.6653861999512,0,0,0,0,0,0,0,0,0,0,0,0,0,0,0,0,30.6633610902009,0,0,0,29.6973913451772,0,0,0,38.9317336082458,0,0,0,0,37.6040712591983,38.4595413208008,0,3.37461574872335,0,0,0,0,0,0,0,0,0,2.73238682746887,0,0,0,0,0,0,0,0,0,0,0,0,0,0,0,0,31.8653335571289,0,0,0,29.3929466671414,37.5900847358543,0,0,0,0
0,6.7004368651997,0,8.5488663102096,0,0,0,0,0,6.25548642643249,0,0,0,0,0,6.0793698310852,0,12.6836314375808,20.7731018066406,0,0,32.6895713806152,0,0,0,24.5144669850667,0,0,0,0,0,0,0,0,0,0,0,35.3985196749369,0,0,0,38.4005125011513,0,0,0,14.4184662212025,0,0,0,39.7896547317505,0,0,0,0,0,0,0,0,0,0,0,6.89747277173129,0,0,27.9501132965088,0,0,0,21.7383651733398,0,0,0,0,0,0,0,0,0,0,0,0,0,8.88960047366501,0,18.0803569319901,0,0
6.35193061828613,0,0,0,0,0,0,0,0,0,3.55798422272095,0,0,0,0,0,0,0,0,0,7.40793022314707,0,0,0,0,0,0,0,0,0,3.16490304470062,0,0,0,0,0,0,0,3.85728020761527,0,0,0,35.3399984359741,0,0,0,0,38.786093711853,11.6669780749541,0,0,0,0,0,0,0,0,0,3.64454266148755,0,0,0,0,7.63660656422168,0,0,0,0,0,0,0,5.36355623945726,0,7.13794232334738,0,0,0,0,0,0,0,15.3175610098346,8.60178114092627,0,4.64447611166565,0,0
0,0,0,37.6533164978027,0,5.06531231743949,0,0,0,0,0,3.00904998330787,0,3.10212051868439,0,0,0,51.1528302510579,38.3425167838296,4.7976201281828,0,17.4841264795374,0,18.5364269256592,0,0,0,11.922594563292,0,4.40489381708597,0,0,0,0,0,0,0,13.9089011321833,0,0,0,26.7273510591483,0,22.1463840089995,0,19.5174545939632,0,0,0,15.6264089856829,0,4.41802259814532,0,0,0,0,0,0,0,3.30184078216553,0,0,7.76350185618423,0,19.7312743300764,0,16.7027640897174,0,15.0494546890259,0,11.6945879569695,0,4.45485410637908,0,0,0,0,0,0,0,17.8339184181398,0,27.914365269921,0,16.9239548255236,0,0
0,0,0,0,2.85274002768777,0,0,0,0,0,0,0,2.96765378914257,0,0,0,0,0,0,0,15.5660257339478,0,0,0,0,0,0,0,0,0,0,0,0,0,0,0,0,0,0,0,0,0,0,0,0,0,0,0,0,0,2.90702456898159,0,2.84840214252472,0,0,0,3.64454266148755,0,0,0,3.27986824512482,0,0,11.5259714365005,0,0,0,0,0,6.19115582932817,0,4.96599717591938,0,0,0,0,0,0,0,0,0,0,0,0,5.14186023076375,0,0
0,0,0,0,0,4.33530161597512,0,3.66639914512634,0,0,0,3.11556529998779,0,3.21887181551402,0,3.31627497306237,0,0,0,0,0,0,0,0,0,0,0,0,0,0,0,0,0,0,0,0,0,0,0,0,0,0,0,0,0,0,0,0,0,0,0,5.73455627759298,0,0,0,0,0,3.30184078216553,0,0,0,0,0,0,0,0,0,0,17.7457942962646,0,9.20543765264844,0,0,0,0,0,0,0,0,0,0,0,4.64542722702026,0,0,0,0
6.5352897644043,0,0,0,0,0,0,0,0,0,0,0,0,0,2.90602152164166,0,0,0,0,0,0,0,0,0,0,0,0,0,0,0,0,0,0,0,0,0,0,0,38.2202816009521,0,0,0,38.9357277365292,0,0,0,0,40.1122185171467,15.5824500918388,0,0,0,0,0,2.73238682746887,0,0,0,3.27986824512482,0,0,0,0,0,0,0,0,0,0,0,0,0,0,0,0,0,0,0,0,0,0,37.5960159301758,39.3124457768032,0,0,0,0
0,0,0,0,0,5.79799795150757,0,0,0,6.89398787079788,0,0,0,0,0,4.76471590727903,0,16.7043544961059,0,0,0,0,0,0,0,15.1732491745668,0,0,0,0,0,0,0,0,0,0,0,0,0,0,0,0,0,0,0,0,0,0,0,0,0,2.97878808445401,0,0,0,6.89747277173129,0,0,0,0,0,0,0,0,0,0,0,0,9.85852189180328,0,0,0,0,0,0,0,0,0,0,0,0,0,6.73051458533092,0,0,0,0
0,0,0,0,0,9.8828592300415,0,0,0,0,0,8.36045454082818,0,0,0,0,0,47.1688007778592,31.5562516513624,3.98051310428465,0,0,0,0,0,0,0,27.0619287490845,0,15.4166665077209,0,0,0,0,0,3.28039678004609,0,5.67272334026568,0,3.79411886798011,0,28.8426268907983,0,17.1222371778626,0,10.1165519454046,0,7.07339310646057,0,7.18126773834229,0,0,0,0,0,0,0,7.76350185618423,0,0,0,0,0,0,37.6276762485504,0,0,0,0,0,32.3057921149514,0,14.184590549644,0,9.84805266062419,0,0,0,3.20045003651073,0,19.1239830135205,0,5.49389431494793,4.06230123837789,8.73737827929603,0,0
0,0,0,0,0,0,0,0,0,0,7.80577373504639,0,0,0,0,0,51.1355574823195,0,42.3415301243464,0,5.69155437272377,0,0,0,0,0,0,0,0,0,0,29.8726825714111,15.3091165598701,0,0,27.3439687093099,9.11078368519129,0,10.8223627041548,0,5.84581262159447,56.2620849609375,16.1908190488815,50.6720275878906,39.5678176879883,0,8.34462772629448,15.7344617119857,7.2259511892823,0,0,0,0,0,0,0,7.63660656422168,0,11.5259714365005,0,0,0,0,0,0,0,0,0,0,0,0,0,0,17.529041106158,26.7346453590999,14.3199155330658,0,0,0,6.80365615358866,0,14.5019822537494,12.3286513787181,0,6.65400080116712,0,19.0160355250041
0,0,0,0,0,0,0,0,0,30.211371421814,0,21.5921659469604,0,0,0,29.5169067382812,13.7137174606323,12.0251128071486,62.2567096710205,35.4305953979492,0,4.55852915820067,3.30427312850952,3.2769523859024,0,3.99675233467765,0,9.15601023178888,0,0,0,0,0,0,0,0,0,3.17873651285966,0,0,0,53.6513832092285,0,49.7820218404134,0,47.8353433227539,0,0,0,18.0278947644117,0,0,0,0,0,27.9501132965088,0,19.7312743300764,0,0,0,0,37.6276762485504,0,0,0,0,0,0,0,7.48431788709261,0,17.034452684464,0,0,0,0,0,0,0,5.79330080653844,0,10.2053247211135,0,46.0972743564182,0,0
0,0,0,0,0,0,0,0,0,0,0,0,0,0,0,0,0,0,0,0,0,0,4.30020368312086,0,8.76091408729553,0,0,0,0,0,0,0,0,0,0,0,0,0,7.72895595988607,0,0,0,0,0,0,0,0,26.971114600577,6.50480125718198,0,0,0,0,0,0,0,0,0,0,0,0,0,0,0,0,0,0,6.48290020172749,0,6.6758983929952,0,3.15845203399658,0,19.620231628418,0,0,0,0,0,0,0,11.3092768343402,9.76022587973496,0,0,0,0
0,0,0,0,0,0,0,0,0,10.1795486467225,0,17.6722145080566,0,0,0,0,0,12.6062670018938,27.5367889404297,0,0,24.4459011554718,0,3.25817127943039,0,9.38292516361583,0,0,0,0,0,0,0,0,0,0,0,3.30856555302938,0,0,0,0,0,0,0,0,0,0,0,0,0,0,0,0,0,0,0,16.7027640897174,0,0,0,0,0,0,0,0,0,0,3.09346601698134,0,10.1757616330219,0,15.3485193252563,0,0,0,0,0,0,0,0,0,9.33608057342957,0,0,0,0
0,0,0,0,0,0,0,0,0,0,0,0,0,0,0,0,0,0,0,0,0,0,7.50193198109086,0,3.26101517677307,0,0,0,0,0,0,0,0,0,0,0,0,0,3.48136162757874,0,0,0,0,0,0,0,0,22.0367527008057,2.77815432548523,0,0,0,0,0,0,0,0,0,0,0,0,0,0,0,0,6.48290020172749,0,0,0,6.94609056942629,0,10.1014278926849,0,0,0,0,0,0,0,0,0,0,4.86576676368713,0,0,0,0
0,0,0,0,0,0,0,0,0,22.4479369788334,0,0,0,0,0,11.9617650669612,0,15.2094345009845,0,0,0,5.07336926460266,0,3.16705691814423,0,5.25425310878011,0,4.02025854587555,0,0,0,0,0,0,0,0,0,0,0,0,0,0,0,0,0,0,0,0,0,0,0,0,0,0,0,21.7383651733398,0,15.0494546890259,0,17.7457942962646,0,9.85852189180328,0,0,0,0,3.09346601698134,0,0,0,7.9739257043867,0,0,0,0,0,0,0,0,0,0,0,11.4715272625041,0,0,0,0
0,0,0,0,0,0,0,0,0,0,0,0,0,0,0,0,0,0,0,0,0,0,0,0,0,0,0,0,0,0,0,0,0,0,0,0,0,0,0,0,0,0,0,0,0,0,0,0,4.48848735419187,0,0,0,0,0,0,0,0,0,6.19115582932817,0,0,0,0,0,0,6.6758983929952,0,6.94609056942629,0,0,0,5.3550934001191,0,0,0,0,0,0,0,0,0,0,0,0,0,0,0
0,0,0,0,0,0,0,0,0,0,0,6.65664860280622,0,0,0,0,0,73.9605541229248,56.0786272684733,27.9176006317139,0,5.0576202080696,0,11.0167958341326,0,95.5019836425781,0,8.54038986263963,0,10.1566789944967,0,0,0,0,0,0,0,9.82211381394342,0,0,0,45.4979124069214,0,41.3158993191189,0,40.5195473807199,0,0,0,8.66865557273932,0,0,0,0,0,0,0,11.6945879569695,0,9.20543765264844,0,0,32.3057921149514,0,7.48431788709261,0,10.1757616330219,0,7.9739257043867,0,0,0,13.0714301071892,0,0,0,0,0,0,0,6.86760786339477,0,9.1432595686479,0,27.793354696157,0,0
0,0,0,0,0,0,0,0,0,0,0,0,0,0,0,0,0,0,0,0,0,0,2.86443583909855,0,0,0,0,0,0,0,0,0,0,0,0,0,0,0,6.3612813608987,0,0,0,0,0,0,0,0,0,8.64081809558675,0,0,0,0,0,0,0,5.36355623945726,0,4.96599717591938,0,0,0,0,0,0,3.15845203399658,0,10.1014278926849,0,5.3550934001191,0,0,0,4.35396256446838,0,0,0,0,0,0,0,7.16442024972704,0,0,6.21780796713299,0,0
0,0,0,38.0392570495605,0,0,0,0,0,0,0,3.90487265388995,0,0,0,0,0,52.1866424374464,40.1371168731361,14.204031539917,0,15.3851939251548,0,0,0,67.8511962890625,0,13.722515417329,0,4.02779701598605,0,0,0,0,0,0,0,35.0686111450195,0,0,0,28.2430351592682,0,25.4434923739047,0,23.8953711480805,0,0,0,0,0,0,0,0,0,0,0,4.45485410637908,0,0,0,0,14.184590549644,0,17.034452684464,0,15.3485193252563,0,0,0,13.0714301071892,0,0,0,0,0,0,0,0,0,5.60897922815139,0,27.6119452582465,0,23.4129351339033,0,0
0,0,0,0,0,0,0,0,43.0537223815918,0,3.2690662537949,0,0,0,0,0,57.9620254997193,0,43.0752534206558,0,16.4284065853466,0,0,0,0,0,0,0,0,0,3.05156219005585,0,0,0,0,0,0,0,7.43707997004191,0,0,62.0574245452881,20.7062360778335,0,0,0,22.6408503434875,0,6.16636194096933,0,0,0,0,0,0,0,7.13794232334738,0,0,0,0,0,0,17.529041106158,0,19.620231628418,0,0,0,0,0,4.35396256446838,0,0,0,0,0,0,0,0,0,7.37915632941506,31.7859063057672,0,8.49812275977057,0,19.6828302584196
0,0,0,0,0,0,0,0,0,0,0,0,0,0,0,0,0,0,0,0,0,0,0,0,0,0,0,0,0,0,0,4.36141384215806,9.46822248715811,5.79807154888654,0,4.83156821131706,36.903916688092,0,0,9.6828515599004,22.4196410903891,0,0,0,0,10.3534348215376,0,5.87122275049362,17.7481908829282,5.41532296951261,0,0,0,0,0,0,0,0,0,0,0,0,9.84805266062419,26.7346453590999,0,0,0,0,0,0,0,0,0,0,0,9.28874750481438,5.29588059265907,0,5.337703489978,30.2212426931454,0,0,5.32356531739235,0,20.308309173584,0,0
0,0,0,0,0,0,0,0,0,0,0,0,0,0,0,0,0,0,0,0,0,0,0,0,0,0,0,0,0,0,0,7.45004763274357,4.10574775339697,0,14.3257054764292,13.9430912222181,0,0,0,0,8.02201045596081,0,0,0,0,0,0,4.93607357696251,7.24721626758575,0,0,0,0,0,0,0,0,0,0,0,0,0,0,14.3199155330658,0,0,0,0,0,0,0,0,0,0,9.28874750481438,0,0,9.99570489237606,0,9.35871845293825,0,0,6.13156691757408,0,0,0,0
0,0,0,0,0,0,0,0,0,0,0,0,0,0,0,0,0,0,0,0,0,0,0,0,0,0,0,0,0,0,0,5.57942768781154,0,5.17975932655196,4.57314449245647,5.01123392241342,0,3.08168639739354,0,8.87047998110453,0,0,0,0,0,0,0,5.41165050572895,0,6.07744021690329,0,0,0,0,0,0,0,0,0,0,0,0,0,0,0,0,0,0,0,0,0,0,0,0,5.29588059265907,0,0,6.32521017392476,4.65095297438758,0,4.11468210620265,0,4.60354383289814,0,0,0,0
0,0,0,0,0,0,0,0,41.3541572570801,0,0,0,0,0,0,0,0,0,0,0,0,0,17.5580656901002,0,0,0,0,0,0,0,0,10.1175737380981,4.86191275715828,4.36714743140215,4.78770505944921,0,3.67324445645014,0,11.3557865483851,0,8.59506750106812,0,0,0,0,0,0,6.31791706920134,7.19927008194331,0,0,0,0,0,31.8653335571289,0,0,0,0,0,0,0,0,0,0,0,0,0,0,0,0,0,0,0,0,9.99570489237606,6.32521017392476,0,0,7.79807853849438,0,6.35328386809066,5.53604466661865,0,5.41628645526038,0,0
0,0,0,0,0,0,0,0,0,0,0,0,0,0,0,0,0,0,0,4.99324353635311,0,0,0,0,0,0,0,0,0,0,0,5.49995721717854,16.010347366333,4.75508641819709,0,5.9374122291336,12.3305606842041,4.20354296610906,0,5.20972208214006,0,14.760750436053,0,0,0,5.55931784830041,0,5.65307455288397,0,5.97474217205717,0,0,0,0,0,0,0,0,0,0,0,0,3.20045003651073,0,0,0,0,0,0,0,0,0,0,0,5.337703489978,0,4.65095297438758,0,0,37.3348299662272,4.87222502978801,0,6.21565879246835,0,9.12829497119371,23.2274203300476,0
0,0,0,0,0,0,0,0,0,0,0,0,0,0,0,0,0,0,0,0,8.27634445858444,0,0,0,0,0,0,0,0,0,0,33.3330043675091,12.8544562146777,0,6.99735750215297,36.0555547586008,5.71854986066285,0,5.97261409612184,0,7.47299545306131,0,11.310618769738,0,0,16.0157223041241,6.0579421461719,8.97941924094124,6.26070799814826,0,0,0,0,0,0,0,0,0,0,0,0,0,0,6.80365615358866,0,0,0,0,0,0,0,0,0,0,30.2212426931454,9.35871845293825,0,7.79807853849438,37.3348299662272,0,0,5.08017856856533,6.08378015868985,0,6.96713709019643,0,17.8902130126953
0,0,0,41.3489112854004,0,0,0,0,0,51.9165477752686,0,8.01671427488327,0,0,0,0,0,55.9041943610469,46.8067727994748,9.5786594117389,0,5.67260674067906,0,0,0,85.8776168823242,0,0,0,2.74339437484741,0,0,0,3.05799617767334,0,0,0,4.74366647831617,0,0,0,31.7394548410305,0,30.4232157032664,0,27.4050527504686,0,4.74900421343352,0,7.97542257322261,0,0,0,0,0,0,0,17.8339184181398,0,0,0,0,19.1239830135205,0,5.79330080653844,0,0,0,0,0,6.86760786339477,0,5.60897922815139,0,0,0,4.11468210620265,0,4.87222502978801,0,0,0,8.1420877824227,0,25.6932318791452,0,0
0,0,0,0,0,0,0,0,37.7253861907345,0,0,0,0,0,0,0,60.3728130871097,72.4262784322103,47.6792664331664,0,14.4304102099042,0,10.5189210145847,0,0,0,71.9034805297852,0,0,0,0,0,0,0,6.42452779838017,0,6.9290847397652,0,5.8333233133444,0,7.85063745156848,0,28.3081093985459,0,0,0,25.9726738849608,6.08585941257761,5.24053068046874,0,0,0,0,0,29.3929466671414,0,15.3175610098346,0,0,0,37.5960159301758,0,0,14.5019822537494,0,11.3092768343402,0,0,0,0,0,7.16442024972704,0,7.37915632941506,0,0,0,6.35328386809066,0,5.08017856856533,0,0,14.9084935431218,10.3459810948026,19.94151179873,63.5851631164551,33.4585631234305
8.13767810907874,6.09684617277505,8.43348458835057,15.2606816768646,0,4.37743546440815,3.08831024169922,3.3282039382241,16.751933634191,13.2281721696281,3.49830052807073,6.76040675242742,2.90838531653086,3.28308084938261,27.4402247278058,5.86483405119832,10.1100755354447,7.9155365828151,9.13731127471803,4.45087249905958,8.32458748634045,10.267171008877,7.92710718836103,7.76945616659128,0,14.5365809333157,9.06537365913391,4.24868364968608,2.87381310462952,0,0,4.99016351722977,3.43982711705295,5.90381988435344,4.20292912911032,4.40632975066237,5.16824788579754,4.02072899326651,4.69551436049771,7.3629209001859,12.0999644164129,15.1068166296414,19.0527721525867,14.2505608985299,20.4791128635406,7.0182541517111,13.3034685066768,5.17459314424086,12.7415687320053,4.52433695918635,0,4.09826668571023,0,0,37.5900847358543,8.88960047366501,8.60178114092627,27.914365269921,0,4.64542722702026,39.3124457768032,6.73051458533092,5.49389431494793,12.3286513787181,10.2053247211135,9.76022587973496,9.33608057342957,4.86576676368713,11.4715272625041,0,9.1432595686479,0,27.6119452582465,31.7859063057672,5.32356531739235,6.13156691757408,4.60354383289814,5.53604466661865,6.21565879246835,6.08378015868985,8.1420877824227,14.9084935431218,0,4.50195830336748,11.3545741689073,21.2883586120605,26.1709912187523
0,0,0,4.78959894180298,0,3.02207684516907,0,0,4.61372668620868,11.8841141462326,0,0,0,5.99321460723877,0,3.98133052719964,5.05095525575827,6.59249747440972,28.7437629699707,0,0,0,2.91477714135097,0,0,0,0,3.02329570596868,0,0,0,0,0,0,0,3.22951464903982,4.12986869471414,0,7.98171142889903,0,0,33.9896729787191,29.8520600199699,0,0,11.9911494816051,0,0,0,0,0,0,0,0,0,0,0,0,0,0,0,0,4.06230123837789,0,0,0,0,0,0,0,0,0,0,0,0,0,0,0,0,0,0,10.3459810948026,4.50195830336748,0,7.92275798830212,0,22.3962824685233
7.44898936814732,14.6916185980258,7.56895231184804,9.70654401046869,0,6.45874370783098,0,0,40.3132774829865,11.8966423997579,0,22.8143499435917,0,0,0,0,49.1808520538361,43.3604304633229,24.7199668772873,8.86369091272354,10.6761840474606,0,0,0,0,68.5599937438965,0,0,0,25.8534545898438,0,19.3947888183594,0,5.03531122207642,0,6.69636728257844,4.04227175486673,14.9901550837925,20.1701612472534,5.98948613182418,5.57364665813855,13.7942775754474,9.16626353660464,13.6369173697063,12.3433012415965,7.26775987091136,7.96200816583175,12.319180280517,10.8285401500613,6.33430312834446,0,0,0,0,0,18.0803569319901,4.64447611166565,16.9239548255236,5.14186023076375,0,0,0,8.73737827929603,6.65400080116712,46.0972743564182,0,0,0,0,0,27.793354696157,6.21780796713299,23.4129351339033,8.49812275977057,20.308309173584,0,0,5.41628645526038,9.12829497119371,6.96713709019643,25.6932318791452,19.94151179873,11.3545741689073,7.92275798830212,0,15.8775758364844,9.29685304015285
0,0,0,0,0,0,0,0,0,40.0768051147461,0,84.0024948120117,0,0,0,0,0,34.8115853348823,29.9212840594787,0,0,0,0,0,0,0,0,0,0,0,0,0,0,0,0,0,0,0,0,15.8664127349854,0,10.5053400710828,37.5752056121826,19.8856415748596,0,0,0,0,0,0,0,0,0,0,0,0,0,0,0,0,0,0,0,0,0,0,0,0,0,0,0,0,0,0,0,0,0,0,23.2274203300476,0,0,63.5851631164551,21.2883586120605,0,15.8775758364844,0,40.5616696675619
0,0,0,0,0,0,0,0,9.48103713989258,0,0,0,0,0,0,0,40.8341923141479,37.8425643708971,30.9517600896623,0,15.752179145813,0,0,0,0,0,0,0,0,0,0,0,0,0,0,0,0,0,0,0,0,38.7105652945382,14.8225536902746,0,25.6487335205078,0,21.7666829805526,32.0798934214824,23.4406625429789,0,0,0,0,0,0,0,0,0,0,0,0,0,0,19.0160355250041,0,0,0,0,0,0,0,0,0,19.6828302584196,0,0,0,0,0,17.8902130126953,0,33.4585631234305,26.1709912187523,22.3962824685233,9.29685304015285,40.5616696675619,0
