0,0,89.0140058398247,0,0,0,0,0,335.887900039554,0,0,0,0,0,0,0,0,0,3.58901298046112,0,0,0,0,0,0.53803551197052,0,0,0,0,0,0,0,0,0,0,0,0,0,0.438088953495026,0,0,0,0,0,0,0,0,0,283.004569679499,0,0,0,0,0,272.445971980691,0,0,0,0,0,0,0,0,0,0,0,0,0.504267990589142,0,0,0,0,0,0,0,0,0,0,0,0,0,0,28.2169789373875,0,131.830519914627,0,0
0,0,0,24.6115270853043,0,0,0,0,0,40.7987617999315,0,0,0,0,0,0,0,0,4.36030834913254,0,0,0,0,0,0,0,0,0,0,0,0,0,0,0,0,0.248199701309204,0,0,0,0,0,1.26494233310223,0,0,0,0,0,0,0,237.342989251018,0,0,0,0,0,232.991775766015,0,0,0,0,0,25.7817132771015,0,0,0,0,0,0,0.539087235927582,0,0,0,0,0,0,0,0,0,2.53619365394115,0,0,0,43.5444365441799,0,208.546324566007,0,0
89.0140058398247,0,0,0,25.4469179809093,0,0,0,71.4047227054834,0,0,0,0,0,0,0,0,0,0.700630888342857,0,2.04544615745544,0,0,0,0,0,0,0,0,0,0,0,0,0,0,0,0.433845669031143,0,0,0,0.277259230613708,0,55.20309920609,0,0,0,0.208419561386108,0,94.7723832428455,0,118.879809007049,0,0,0,23.664178609848,0,0.29413166642189,0,33.1187598705292,0,25.1224430203438,0,0,5.28101621568203,0,0,0,0,0,0,0,0,0,7.04260721802711,0,0,0,0,0,5.44847701489925,0,13.1423377990723,22.4617319256067,0,229.760759010911,0,0.297372788190842
0,24.6115270853043,0,0,0,27.5141189992428,0,0,0,167.350264042616,0,0,0,0,0,1.12766459584236,0,0,5.38732001185417,1.703049659729,0,0,0,0,0,0,0,0,0,0,0,0,0,0,0,6.25742246210575,0,3.12913149595261,0,17.0252747237682,0,53.5406206101179,0,0,0,20.0362854152918,0,2.3993661403656,0,60.5926262140274,0,50.6689175367355,0,0,0,224.771598502994,0,50.4409493505955,0,20.0968413949013,0,57.8625228404999,20.1917854100466,0,0,0,0,0,0,0,0,0,37.2031438499689,0,0,0,0,0,10.6915521323681,0,16.4921374768019,0,27.1486870720983,0,799.81675247848,2.36049598455429,0
0,0,25.4469179809093,0,0,0,1.22422885894775,0,0.303388893604279,0,0,0,0,0,0,0,0,0,0,0,12.953905582428,0,0,0,0,0,0,0,0,0,0,0,0,0,0,0,0,0,0,0,0,0,14.8692977875471,0,0,0,0,0,3.30355103313923,0,91.373467206955,0,0.54859870672226,0,0,0,0,0,0,0,0,0,0,26.7467930316925,0,0,0,0,0,0,0,0,0,1.6176050901413,0,0,0,0,0,0.713023811578751,0,0.873125374317169,40.0220028162003,0,115.934183835983,0,0
0,0,0,27.5141189992428,0,0,0,0,0,80.087498486042,0,0,0,28.4449164867401,0,34.3823086619377,0,0,0,13.8874216079712,0,0,0,0,0,0,0,0,0,0,0,0,0,0,0,1.88141012191772,0,0,0,1.06229305267334,0,0.333441525697708,0,0,0,0,0,0,0,2.30421449244022,0,349.356940448284,0,0,0,106.938814938068,0,79.2894597947598,0,0.271049559116364,0,203.826031550765,16.3979262113571,0,0,0,0,0,0,0,0,0,0,0,0,0,0,0,0.365650117397308,0,0,0,73.2692841142416,0,104.495048046112,0,0
0,0,0,0,1.22422885894775,0,0,0,0,0,170.666464626789,0,21.4849843978882,0,0,0,0,0,0,0,5.79537999629974,0,0,0,0,0,0,0,0,0,0,0,0,0,0,0,0,0,0,0,0,0,0,0,0,0,0,0,0,0,0,0,190.476481065154,0,0,0,16.9553008079529,0,0,0,0,0,0,0,0,0,0,0,0,0,0,0,0,0,0,0,0,0,0,0,0,0,0.798585891723633,0,0,0,0
0,0,0,0,0,0,0,0,0,0,0,36.7283777594566,0,14.3902230262756,0,0,0,0,0,0,0,0,0,0,0,0,0,0,0,0,0,0,0,0,0,0,0,0,0,0,0,0,0,0,0,0,0,0,0,0,0,7.24089217185974,0,37.2995237112045,0,0,0,87.1264347434044,0,0,0,0,0,0,0,0,0,0,0,0,0,0,0,0,0,0,0,0,0,0,0,0,0,0,0,0,0
335.887900039554,0,71.4047227054834,0,0.303388893604279,0,0,0,0,0,0,0,0,0,0,0,3.80497328937054,0,0,0,0.4987433552742,0,0,0,14.4769522249699,0,0,0,0,0,0,0,0,0,0,0,0.593027889728546,0,82.1903202235699,0,1.80760049819946,0,84.3213282674551,0,0,0,0,0,42.0122057795525,0,0,0,0,0,714.320630908012,0,0,0,0,0,1.02739751338959,0,0,1.98963022232056,0,0,0,8.95732945203781,0,0.899188071489334,0,0,0,0.972205996513367,0,0,0,3.03348943591118,0,2.72010231018066,0,19.6828451752663,232.400498405099,0,230.051950365305,0,0
0,40.7987617999315,0,167.350264042616,0,80.087498486042,0,0,0,0,0,0,0,0,0,11.6884266734123,0,2.07091933488846,0,12.4702340364456,0,0,0,5.00369873642921,0,0,0,0,0,0,0,0,0,0,0,0,0,126.312993645668,0,0.326192453503609,0,11.2197935581207,0,0,0,1.71641916036606,0,0.376215845346451,0,15.1196300685406,0,0,0,0,0,988.42615583539,0,0.823391079902649,0,0,0,87.9966381490231,16.0741211771965,0,0,0,75.5201123952866,0,0,0,0,0,1.11615842580795,0,0,0,0,0,0.202181831002235,0,1.43064188957214,0,83.6332476437092,0,358.257235005498,0,0
0,0,0,0,0,0,170.666464626789,0,0,0,0,0,2.27740979194641,0,0,0,0,0,0,0,76.8195876181126,0,0,0,0,0,0,0,1.81381559371948,0,68.2501199692488,0,0,0,0,0,58.6396275758743,0,353.207941874862,0,0,0,0.428158015012741,0,0,0,0.789212971925735,0,0,0,1.33427745103836,0,26.8935042917728,0,0,0,1548.27127066255,0,0,0,0,0,0,52.0684699416161,0,0,0,0,0,0,0,6.15775942802429,0,149.968070119619,0,0,0,0,0,1.07464269548655,0,130.063144013286,129.785145685077,0,62.0568460673094,0,0
0,0,0,0,0,0,0,36.7283777594566,0,0,0,0,0,1,0,0,0,0,1.67238569259644,233.171065285802,0,0,0,0,0,0,0,0,0,56.6446950137615,0,0,0,0,0,44.703659594059,0,540.403772458434,0,3.29115414619446,0,10.2692703008652,0,1.48962593078613,0,26.4554060399532,0,0,0,0,0,0,0,5.7017776966095,0,0,0,1095.37199771404,0,0.172238171100616,0,0,80.108746945858,0,0,0,0,0,0,0,0.193891078233719,0,108.168560475111,0,0,0,0,0,31.6780575364828,0,47.9560994505882,0,35.6158262938261,0,2.53322836756706,2.11886167526245,0
0,0,0,0,0,0,21.4849843978882,0,0,0,2.27740979194641,0,0,0,0,0,0,0,0,0,0,0,0,0,0,0,0,0,4.06375408172607,0,0,0,0,0,0,0,0,0,0,0,0,0,0,0,0,0,0,0,0,0,0,0,50.2947654724121,0,0,0,41.6686293929815,0,190.639800429344,0,7.42510810494423,0,0,0,0,0,0,0,0,0,0,7.09491515159607,0,0,0,0,0,0,0,0,0,0,0,0,0,0,0
0,0,0,0,0,28.4449164867401,0,14.3902230262756,0,0,0,1,0,0,0,9.35534285008907,0,0,0,0,0,0,0,0,0,0,0,0,0,0,0,0,0,0,0,0,0,0,0,0,0,0,0,0,0,0,0,0,0,0,0,0,0,0,0,0,0,11.4393467903137,0,513.860390350223,0,120.966853484511,0,0,0,0,0,0,0,0,0,0,0,0,0,0,0,0,0,0,0,0,0,0,0,0,0
0,0,0,0,0,0,0,0,0,0,0,0,0,0,0,0,358.020442917943,13.9492613524199,0.225162357091904,0,0,0,9.12741503119469,0,0,0,65.420799434185,0,0.545680046081543,0,0,0,0,0,0,0,0,0,0,0,0,0,0,0,0,0,0,0,0,0,0,0,0,0,0,0,0,0,5.91460162401199,0,37.7805337905884,0,0,0,0,0.785438239574432,0,0,0,80.1158083677292,0,0,0,0,0,0,0,0,0,0,0,0,46.6974959820509,0,0,0,0
0,0,0,1.12766459584236,0,34.3823086619377,0,0,0,11.6884266734123,0,0,0,9.35534285008907,0,0,0,22.5313674509525,0,0,0,0.328859329223633,0,0,0,0,0,0,0,0,0,0,0,0,0,0,0,0,0,0,0,0,0,0,0,0,0,0,0,3.79595285654068,0,0,0,0,0,4.83000412583351,0,1.37023603916168,0,17.6643737256527,0,202.950433000922,0,0,0,0,0,0,1,0,0,0,0,0,0,0,0,0,0,0,0,0,48.3362682461739,0,0,0,0
0,0,0,0,0,0,0,0,3.80497328937054,0,0,0,0,0,358.020442917943,0,0,11113.4254483953,3625.32010091841,0,0,9.68001739680767,1727.76720897853,72.3806123137474,22.2407220900059,5.49975222349167,1989.95073987544,0,33.0844560265541,0,0,0,0,0,0,12.7655197829008,2.57500287890434,0,0.698538601398468,13.2888576686382,6.64531761407852,11.690544962883,44.3523499965668,0.375730186700821,0.300097584724426,2.75909438729286,5.27060098946095,0,0,0,0,0,0,0,0,0,0,0,0,0,18.1852843165398,3.56158263981342,3.88655436038971,7.53996723890305,5.09232646226883,146.314265757799,1.65805023908615,0,12.9728948175907,712.098904684186,0,1.76274430751801,0,1.88540498912334,0,0,0,2.86820831894875,82.1321634203196,126.464697122574,16.5036101043224,21.5489057004452,6950.33303338289,82.0211812406778,23.2783434838057,1.86903369426727,0
0,0,0,0,0,0,0,0,0,2.07091933488846,0,0,0,0,13.9492613524199,22.5313674509525,11113.4254483953,0,4401.13707305491,0,0,472.494486093521,152.822573572397,396.535531908274,6.95177444815636,657.170154452324,66.9448428452015,31.9908977746964,0,0,0,0,0,0,0,3.9085608869791,0.161612018942833,0,0,17.309954226017,6.74292033910751,26.7183695733547,15.5916777700186,4.40658664703369,1.29044288396835,1.4764564037323,0.982012033462524,0,0,1.02234852313995,0,0,0,0,0,0,0,0,0,0,5.7644377052784,44.0557492673397,6.90579003095627,9.85376800596714,41.7493325769901,14.3123716413975,58.7360323220491,0,1142.90346838534,25.5086302161217,0,0,0.22341725230217,0,0,0,0,0.864472210407257,108.56019321084,85.9665488898754,24.1988490223885,12.6968581080437,5143.39081388712,177.081320226192,37.9714717268944,13.9680198132992,0
3.58901298046112,4.36030834913254,0.700630888342857,5.38732001185417,0,0,0,0,0,0,0,1.67238569259644,0,0,0.225162357091904,0,3625.32010091841,4401.13707305491,0,0,0,7.23852872848511,20.9426611661911,10.9638106226921,5.25428906083107,10.7419846057892,8.13986954092979,0,0,0.534839928150177,0,0,0,0,0,144.69914457947,80.3619379475713,10.4343570545316,8.3717855066061,217.503228828311,170.83393368125,466.349412284791,461.685227185488,85.8022134304047,67.591212451458,171.318587251008,21.657598413527,0,18.4082541465759,6.76741909980774,0,0,0,0,0,0,6.41229790449142,16.2995645701885,0,0,2.96943593025208,1.58271038532257,98.8565003871918,160.839809298515,0,1.59215044975281,4.70408034324646,0,6.43673181533813,2.37366247177124,0,0,14.2565141618252,27.5417579561472,0,0,0,35.0905797928572,1763.22237994522,2363.40488904715,381.184917196631,285.376204572618,1153.46066731215,0.838487684726715,931.267449080944,157.034039393067,7.61826504766941
0,0,0,1.703049659729,0,13.8874216079712,0,0,0,12.4702340364456,0,233.171065285802,0,0,0,0,0,0,0,0,0,0,0,0,0,0,0,0,0,0.204816102981567,0,0,0,0,0,748.922318220139,0,40.3771267533302,0,0,0,0,0,0,0,22.7517651319504,0,0,0,0,0,1.58612635731697,0,0,0,3.42703992128372,0,72.2221451997757,0,0,0,0.355862945318222,844.557387076318,0,0,0,0,0,0,0,0,0,17.8973831534386,0,0,0,0,0,528.336995951831,0,156.198155969381,0,19.5433515757322,0,81.7942093014717,0,0
0,0,2.04544615745544,0,12.953905582428,0,5.79537999629974,0,0.4987433552742,0,76.8195876181126,0,0,0,0,0,0,0,0,0,0,0,0,0,0,0,0,0,0,0,0,0,0,0,0,0,507.329897403717,0,106.194602429867,0,0.180890381336212,0,0.886751115322113,0,0,0,4.06118549406528,0,0.170420125126839,0,3.72104740142822,0,0,0,0,0,85.2737109214067,0,0,0,0,0,0,531.727823525667,0,0,0,0,0,0,0,0,0,41.6874414682388,0,0,0,0,0,538.426785103977,0,20.1240692436695,31.2324873209,0,63.5773919373751,0,0
0,0,0,0,0,0,0,0,0,0,0,0,0,0,0,0.328859329223633,9.68001739680767,472.494486093521,7.23852872848511,0,0,0,19.4548026323318,65.9789657890797,0,273.06938663125,0,0,0,0,0,0,0,0,0,0,0,403.412126138806,0,0,0,0,0,0,0,0,0,0,0,169.359113886952,0,0,0,0,0,0,0,1.20163589715958,0,2.85573928058147,0,1.81261909008026,0,0,6768.64017862082,0,33.6241310834885,0,43.5316930413246,0,52.3342865258455,0,7.00321444869041,0,0,0,0,0,0,0,476.988796949387,0,339.333528935909,0,0,0,0
0,0,0,0,0,0,0,0,0,0,0,0,0,0,9.12741503119469,0,1727.76720897853,152.822573572397,20.9426611661911,0,0,19.4548026323318,0,3.19587337970734,81.951352417469,0,202.152563244104,0,78.9103221893311,0,0,0,0,0,0.241021364927292,0,0,0,738.089297294617,1.96390867233276,0,0,0,0,0,0,0,3.54571324586868,453.273178890347,0,0,0,0,0,0,0,0,0,0,0,1.43572038412094,0,0,0,0,6476.33156394958,0,99.1703644245863,0.473291218280792,42.5488044768572,0,0,0,0,0,0,0,0,2.57122874259949,0,0,512.182661548257,633.173010721803,21.5753228962421,0.321007281541824,0,0
0,0,0,0,0,0,0,0,0,5.00369873642921,0,0,0,0,0,0,72.3806123137474,396.535531908274,10.9638106226921,0,0,65.9789657890797,3.19587337970734,0,0,67.360554933548,1.85987484455109,0,0,0,0,0,0,0,0,0,0,222.765675216913,0,0,0,0,0,0,0,0,0,3.1849682033062,0,32.9379573762417,0,0,0,0,0,10.6202326118946,0,0,0,0,0,0.887423932552338,0,0,49.8670483827591,0,330.438985049725,0,8.75498196482658,0,0.393037393689156,0,0,0,0,0,0.36310550570488,0,0,0,76.9033312797546,0,67.8987202122808,0,20.7488855272532,0,0
0.53803551197052,0,0,0,0,0,0,0,14.4769522249699,0,0,0,0,0,0,0,22.2407220900059,6.95177444815636,5.25428906083107,0,0,0,81.951352417469,0,0,0,55.5842589139938,0,0,0,0,0,0,0,0,0,0,0,41.4089258313179,0,0,0,0,0,0,0,0,0,60.5335717201233,0,0,0,0,0,41.9627937078476,0,0,0,0,0,0,0,0,0,0,5.85430809855461,0,392.655090868473,0,68.6182254552841,0,0,0,0,0,0,0,1.42294111847878,0,0,0,6.60249385237694,51.5834246575832,0.302835881710052,19.6562936604023,0,0
0,0,0,0,0,0,0,0,0,0,0,0,0,0,0,0,5.49975222349167,657.170154452324,10.7419846057892,0,0,273.06938663125,0,67.360554933548,0,0,0,89.3121750950813,0,0,0,0,0,0,0,0,0,0,0,0,0,0,0,0,0,0,0,0,0,0,0,0,0,0,0,9.98375123739243,0,0,0,0,0,0,0,0,115.91186657548,0,187.502398043871,0,213.460997104645,0,17.968185454607,0,0,0,0,0,0,0,0,0,0,0,64.9634881317616,0,0,0,0
0,0,0,0,0,0,0,0,0,0,0,0,0,0,65.420799434185,0,1989.95073987544,66.9448428452015,8.13986954092979,0,0,0,202.152563244104,1.85987484455109,55.5842589139938,0,0,0,75.9552573263645,0,0,0,0,0,0,0,0,0,0,0,0,0,0,0,0,1.60644626617432,0,0,0,0,0,0,0,0,0,0,0,0,0,0,0.614809572696686,0,0,0,0,16.6112493872643,0,28.0749952793121,0,195.696083188057,0,19.6939797103405,0,0,0,0,0,0,0,0,0,0.263319075107574,326.814998939633,1.03046011924744,0,0,0
0,0,0,0,0,0,0,0,0,0,0,0,0,0,0,0,0,31.9908977746964,0,0,0,0,0,0,0,89.3121750950813,0,0,0,29.6539008021355,0,0,0,0,0,0,0,0,0,0,0,0,0,0,0,0,0,0,0,0,0,0,0,0,0,0,0,0,0,4.5058696269989,0,0,0,0,0.976531624794006,0,0,0,70.2317396998405,0,621.121268734336,0,1.40550684928894,0,0,0,0,0,0,0,196.395699858665,0,1.10840332508087,0,0,0,0
0,0,0,0,0,0,0,0,0,0,1.81381559371948,0,4.06375408172607,0,0.545680046081543,0,33.0844560265541,0,0,0,0,0,78.9103221893311,0,0,0,75.9552573263645,0,0,0,142.676794275641,0,0,0,0,0,0,0,2.36850416660309,0,0,0,0,0,0,0,0,0,0,0,0,0,0,0,0,0,0,0,0,0,0,0,0,0,0,40.2873012423515,0,0,0,45.7834566235542,0,1489.53667940199,0,34.5701419711113,0,0,0,0,0,0,0,47.6508949995041,13.744322270155,0,0,0,0
0,0,0,0,0,0,0,0,0,0,0,56.6446950137615,0,0,0,0,0,0,0.534839928150177,0.204816102981567,0,0,0,0,0,0,0,29.6539008021355,0,0,0,0,0,0,0,0,0,41.5763182640076,0,0,0,0,0,0,0,0,0,0,0,0,0,0,0,0,0,0,0,14.0818569809198,0,0,0,0,4.83956536650658,0,0,0,0,0,0,0,8.0365697145462,0,438.291908159852,0,0,0,0,0,0,0,92.6006544530392,0,0.965389907360077,0,0,3.91467452049255,0
0,0,0,0,0,0,0,0,0,0,68.2501199692488,0,0,0,0,0,0,0,0,0,0,0,0,0,0,0,0,0,142.676794275641,0,0,0,0,0,0,0,0,0,106.176979601383,0,0,0,0,0,0,0,0,0,0,0,0,0,0,0,0,0,12.6802254766226,0,0,0,0,0,0,2.54203015565872,0,0,0,0,0,0,0,25.7978301942348,0,371.457897275686,0,0,0,0,0,0.161640614271164,0,286.981189608574,0,0,0,0,0
0,0,0,0,0,0,0,0,0,0,0,0,0,0,0,0,0,0,0,0,0,0,0,0,0,0,0,0,0,0,0,0,70.6551900207996,22.8605114221573,8.86285197734833,101.750035047531,0,0,0,0,0,0.298645287752151,0,0,0,0,0,133.844353079796,0,0,0,0,0,0,0,0,0,0,0,0,0,0,0,0,0,0,0,0,0,0,0,0,0,0,648.815575882792,13.1940204501152,139.265313535929,5.21913594007492,525.089973509312,0,0,0,13.5638156831264,0,0,0,0
0,0,0,0,0,0,0,0,0,0,0,0,0,0,0,0,0,0,0,0,0,0,0,0,0,0,0,0,0,0,0,70.6551900207996,0,0,36.3162411302328,0,235.544376730919,0,0,0,0,0,0,0,0,0,0,447.284940779209,0,0.768980503082275,0,0,0,0,0,0,0,0,0,0,0,0,0,0,0,0,0,0,0,0,0,0,0,0,173.420639544725,2035.59751151502,0,50.057109490037,0,742.100892171264,0,1.29819011688232,81.4675082564354,0,0,0,0
0,0,0,0,0,0,0,0,0,0,0,0,0,0,0,0,0,0,0,0,0,0,0,0,0,0,0,0,0,0,0,22.8605114221573,0,0,746.581467986107,404.814172267914,0,99.9005581140518,0,0,0,0,0,0,0,0,0,1100.47994665802,0,0,0,0,0,0,0,0,0,0,0,0,0,0,0,0,0,0,0,0,0,0,0,0,0,0,1.69344592094421,5.37999832630157,2144.74399577081,288.515624493361,392.891568809748,0.649601936340332,379.465613350272,0,80.6364466547966,0,0,0,0
0,0,0,0,0,0,0,0,0,0,0,0,0,0,0,0,0,0,0,0,0,0,0.241021364927292,0,0,0,0,0,0,0,0,8.86285197734833,36.3162411302328,746.581467986107,0,0,466.355074748397,0,174.129616484046,0,0,0,0,0,0,0,0,3136.46305184066,1.55863317847252,0.861237645149231,0,0,0,0,0,0,0,0,0,0,0,0,0,0,0,0,0,0,0,0,0,0,0,0,10.9813805520535,82.8626529276371,447.177772060037,2601.88267755508,1.30341076850891,488.696825370193,0,992.344813644886,342.762412786484,0,0,0,0
0,0.248199701309204,0,6.25742246210575,0,1.88141012191772,0,0,0,0,0,44.703659594059,0,0,0,0,12.7655197829008,3.9085608869791,144.69914457947,748.922318220139,0,0,0,0,0,0,0,0,0,0,0,101.750035047531,0,404.814172267914,0,0,318.841089740396,3204.85955621302,16.2561468183994,12.3754471242428,0,56.0778359249234,2.07017451524734,53.3747584968805,0,127.707915648818,0,14.9524796158075,0,25.100430175662,0,5.0244457423687,0,0,0,0,0,2.96835997700691,0,0.403315782546997,0,0.293279081583023,570.377718657255,0,0,0,0,0,0,0,0,0,6.0863241776824,0,1.22258438169956,55.5480712652206,21.978069677949,0,14305.643509753,34.7231667637825,791.158016398549,1.2019190788269,1051.17695300281,0.946909844875336,275.484451197088,23.5272796005011,0
0,0,0.433845669031143,0,0,0,0,0,0.593027889728546,0,58.6396275758743,0,0,0,0,0,2.57500287890434,0.161612018942833,80.3619379475713,0,507.329897403717,0,0,0,0,0,0,0,0,0,0,0,235.544376730919,0,466.355074748397,318.841089740396,0,22.2851627767086,2439.47682151943,0,32.745432138443,0,39.9364329576492,0,24.8844078630209,0,173.218067400157,27.1034314930439,0.21898241341114,0,0,0,0,0,0,0,0.478625774383545,0,0,0,0,0,0,344.834158048034,0,0,0,0,0,0,0,0,0,2.8409955650568,0,30.8565492928028,0,83.0915752649307,64.494651645422,14286.8875724003,0,204.141513392329,1743.70822201669,48.2715280652046,184.675210982561,0,3.92805683612823
0,0,0,3.12913149595261,0,0,0,0,0,126.312993645668,0,540.403772458434,0,0,0,0,0,0,10.4343570545316,40.3771267533302,0,403.412126138806,0,222.765675216913,0,0,0,0,0,41.5763182640076,0,0,0,99.9005581140518,0,3204.85955621302,22.2851627767086,0,67.1455931961536,2.73371458053589,0,28.3167155981064,0,8.44359910488129,0,30.1719887554646,0,702.510966822505,0,168.973709717393,0,0,0,0,0,20.4739538729191,0,53.1746329367161,0,0.609574064612389,0,0,202.505218714476,0,287.638709977269,0,61.9905954301357,0,0.158699691295624,0,21.7914042025805,0,21.7700658738613,0,0,0,104.948610112071,0,907.001055911183,3.66611365973949,9727.09876908362,0,979.508220851421,28.6948103308678,125.633161529899,17.9577472656965,0
0.438088953495026,0,0,0,0,0,0,0,82.1903202235699,0,353.207941874862,0,0,0,0,0,0.698538601398468,0,8.3717855066061,0,106.194602429867,0,738.089297294617,0,41.4089258313179,0,0,0,2.36850416660309,0,106.176979601383,0,0,0,174.129616484046,16.2561468183994,2439.47682151943,67.1455931961536,0,0,0,0,4.86806888878345,0,1.96152187883854,0,3.08898687362671,134.666185542941,378.618215501308,0,0,0,0,0,34.8986726999283,0,32.4413254708052,0,0,0,0,0,0,13.1311569660902,0,284.689838320017,0,20.9594963490963,0,0,0,0,0,5.51224775612354,0,0,0,215.411670580506,0,1046.04873839766,0,10066.9985375851,805.735596865416,11.5789501667023,150.535071119666,0,0
0,0,0,17.0252747237682,0,1.06229305267334,0,0,0,0.326192453503609,0,3.29115414619446,0,0,0,0,13.2888576686382,17.309954226017,217.503228828311,0,0,0,1.96390867233276,0,0,0,0,0,0,0,0,0,0,0,0,12.3754471242428,0,2.73371458053589,0,0,0,545.02227987349,1.25971734523773,27.2523882687092,0,68.9485657215118,0,33.1465848684311,0,382.434670478106,0,0.191931813955307,0,0,0,1.4978700876236,0,3.48834224045277,0,0,0,0.992406576871872,21.0012418851256,0,0,0,0,0,0,0,0,0,13.0558970868587,0,0,0,0,0,616.812058001757,8.71082210540771,24.287064537406,0,15.4652976542711,0,578.257608681917,43.5546386837959,0
0,0,0.277259230613708,0,0,0,0,0,1.80760049819946,0,0,0,0,0,0,0,6.64531761407852,6.74292033910751,170.83393368125,0,0.180890381336212,0,0,0,0,0,0,0,0,0,0,0,0,0,0,0,32.745432138443,0,0,0,0,0,330.169568449259,0,8.55920940637589,0,95.1514995098114,18.4824089407921,252.307190895081,0,0,0,0,0,0,0,1.82373960316181,0,0,0,0,0,0,43.6361633688211,0,0,0,0,0,0,0,0.544905483722687,0,1.66560412943363,0,0,0,0,0.610790491104126,234.748005002737,0,34.3987969458103,30.0873685330153,0,201.122441127896,0,32.9340564012527
0,1.26494233310223,0,53.5406206101179,0,0.333441525697708,0,0,0,11.2197935581207,0,10.2692703008652,0,0,0,0,11.690544962883,26.7183695733547,466.349412284791,0,0,0,0,0,0,0,0,0,0,0,0,0.298645287752151,0,0,0,56.0778359249234,0,28.3167155981064,0,545.02227987349,0,0,159.126854673028,45.2314169704914,0,178.477576583624,0,0.875907182693481,0.585792005062103,401.716429680586,0,0.300992518663406,0,0,0,5.36288991570473,0,184.722043022513,0,0,0,1.21676903963089,129.045793145895,0,0,0,0,0,0,0,0,0,117.451917245984,0,0,0,0,0,1658.34935550392,10.3878849446774,558.62629057467,0,463.810306169093,0,4640.77927228808,1609.60893458128,0
0,0,55.20309920609,0,14.8692977875471,0,0,0,84.3213282674551,0,0.428158015012741,0,0,0,0,0,44.3523499965668,15.5916777700186,461.685227185488,0,0.886751115322113,0,0,0,0,0,0,0,0,0,0,0,0,0,0,2.07017451524734,39.9364329576492,0,4.86806888878345,1.25971734523773,330.169568449259,159.126854673028,0,0,70.7192377001047,3.59425711631775,13.8180281370878,6.7798672914505,385.274626776576,0,0,0,0,0,22.2302705347538,0,33.9582059085369,0,0,0,0,0,0,165.521451234818,0,0,0,0,0,0,0,0,0,252.697739750147,0,0,0,21.1541346311569,3.89311683177948,2353.92040387541,0.981293559074402,671.531606718898,736.270886585116,0,4144.64170107991,0,755.074054315686
0,0,0,0,0,0,0,0,0,0,0,1.48962593078613,0,0,0,0,0.375730186700821,4.40658664703369,85.8022134304047,0,0,0,0,0,0,0,0,0,0,0,0,0,0,0,0,53.3747584968805,0,8.44359910488129,0,27.2523882687092,0,45.2314169704914,0,0,0,0,0,0,0,5.17228627204895,0,0,0,0,0,0,0,3.02025938034058,0,0,0,0,2.31520622968674,0,0,0,0,0,0,0,0,0,2.27214556932449,0,0,0,0,0,262.091212972999,0.299743890762329,107.840370044112,0,45.9856366068125,0,102.472467124462,5.06073373556137,0
0,0,0,0,0,0,0,0,0,0,0,0,0,0,0,0,0.300097584724426,1.29044288396835,67.591212451458,0,0,0,0,0,0,0,0,0,0,0,0,0,0,0,0,0,24.8844078630209,0,1.96152187883854,0,8.55920940637589,0,70.7192377001047,0,0,0,0.161628171801567,0,3.48145900666714,0,0,0,0,0,0,0,0,0,0,0,0,0,0,0,0,0,0,0,0,0,0,0,0,0.977220147848129,0,0,0,3.50291234254837,2.20660963654518,408.004366517067,0,43.7604436129332,14.5246921181679,0,31.7944551259279,0,0
0,0,0,20.0362854152918,0,0,0,0,0,1.71641916036606,0,26.4554060399532,0,0,0,0,2.75909438729286,1.4764564037323,171.318587251008,22.7517651319504,0,0,0,0,0,0,1.60644626617432,0,0,0,0,0,0,0,0,127.707915648818,0,30.1719887554646,0,68.9485657215118,0,178.477576583624,3.59425711631775,0,0,0,0,14.9080098867416,0.22641396522522,99.2904213070869,0,0,0,0,0,0.314439505338669,0,62.8381076157093,0,0,0,0,271.779529519379,0.905616387724876,0,0,0,0,0,0,0,0,92.5655617266893,0,0,0,0,0,539.783721975982,12.4157075881958,413.346170023084,0.39698913693428,59.565023727715,0,421.838751658797,22.8933674693108,0
0,0,0.208419561386108,0,0,0,0,0,0,0,0.789212971925735,0,0,0,0,0,5.27060098946095,0.982012033462524,21.657598413527,0,4.06118549406528,0,0,0,0,0,0,0,0,0,0,0,0,0,0,0,173.218067400157,0,3.08898687362671,0,95.1514995098114,0,13.8180281370878,0,0.161628171801567,0,0,18.205787345767,24.5152323693037,1.84332346916199,0,0,0,0,0,0,41.2444906532764,0.606216311454773,0,0,0,0,0,573.348995253444,0,0,0,0,0,0,0,0,0,146.61539119482,0,0,0,5.33096216619015,0.856550768017769,1070.9859251976,0,465.285926178098,18.3969237133861,0.27199974656105,503.85430175066,0,0.232930883765221
0,0,0,2.3993661403656,0,0,0,0,0,0.376215845346451,0,0,0,0,0,0,0,0,0,0,0,0,3.54571324586868,3.1849682033062,0,0,0,0,0,0,0,133.844353079796,447.284940779209,1100.47994665802,3136.46305184066,14.9524796158075,27.1034314930439,702.510966822505,134.666185542941,33.1465848684311,18.4824089407921,0.875907182693481,6.7798672914505,0,0,14.9080098867416,18.205787345767,0,708.05349317193,1634.65905493498,0,0.783032298088074,0,0,0,0,0,0,0,0,0,0,5.26757736504078,0.439163312315941,25.5451167672873,0,46.5382131636143,0,0,0,0,0,0.478284925222397,2.1275954246521,1347.33249117434,2561.84473757446,2275.83355979621,2337.40373896062,4777.29931749403,1446.02647033334,1742.55908082426,918.458693623543,257.445119261742,0,718.154339820147,0,0
283.004569679499,0,94.7723832428455,0,3.30355103313923,0,0,0,42.0122057795525,0,0,0,0,0,0,0,0,0,18.4082541465759,0,0.170420125126839,0,453.273178890347,0,60.5335717201233,0,0,0,0,0,0,0,0,0,1.55863317847252,0,0.21898241341114,0,378.618215501308,0,252.307190895081,0.585792005062103,385.274626776576,0,3.48145900666714,0.22641396522522,24.5152323693037,708.05349317193,0,29.3689384758472,0.265640139579773,0,0,0,36.5307017713785,0,44.5242768526077,0.454265654087067,0,0,0,0,0.232280164957047,27.2260253578424,0,514.774494275451,0,17.1885806322098,0,2.92935395240784,0,625.286911457777,0,18.3927936404943,0,0.817052125930786,0,1.24248734116554,1.2274345010519,578.740900054574,0,360.021582394838,186.767713949084,0,694.486452519894,0,2.63774155080318
0,237.342989251018,0,60.5926262140274,0,2.30421449244022,0,0,0,15.1196300685406,0,0,0,0,0,3.79595285654068,0,1.02234852313995,6.76741909980774,0,0,169.359113886952,0,32.9379573762417,0,0,0,0,0,0,0,0,0.768980503082275,0,0.861237645149231,25.100430175662,0,168.973709717393,0,382.434670478106,0,401.716429680586,0,5.17228627204895,0,99.2904213070869,1.84332346916199,1634.65905493498,29.3689384758472,0,0,2.34808468818665,0,0,0,69.0573212504387,0,80.587720349431,0,89.6225054264069,0,376.939370244741,9.57160034775734,0.267801254987717,584.419269755483,0,184.593448191881,0,116.746118232608,0,244.199089407921,0,43.5368219316006,0,0,0,0,3.77294728159904,793.801412217319,0.825864940881729,694.816824749112,0,121.886835351586,0,1492.6831972599,8.5785853266716,0
0,0,118.879809007049,0,91.373467206955,0,0,0,0,0,1.33427745103836,0,0,0,0,0,0,0,0,0,3.72104740142822,0,0,0,0,0,0,0,0,0,0,0,0,0,0,0,0,0,0,0,0,0,0,0,0,0,0,0,0.265640139579773,0,0,0,0,0,3.80113697052002,0,15.5555382072926,0,70.1476808190346,0,26.6796409487724,0,0,16.4190587997437,0,0,0,0,0,0,0,0,0,0,0,0,0,0,0,0.144769385457039,0,0,36.6950288712978,0,207.255029499531,0,0
0,0,0,50.6689175367355,0,349.356940448284,0,7.24089217185974,0,0,0,0,0,0,0,0,0,0,0,1.58612635731697,0,0,0,0,0,0,0,0,0,0,0,0,0,0,0,5.0244457423687,0,0,0,0.191931813955307,0,0.300992518663406,0,0,0,0,0,0.783032298088074,0,2.34808468818665,0,0,0,51.1880948543549,0,1.609090924263,0,101.671234428883,0,8.99089878797531,0,13.0515619516373,28.9822313785553,0,0,0,0,0,0,0,0,0,0.732584446668625,0,0,0,0,0,0.704663813114166,0,0,0,6.8315201997757,0,95.4955844432116,0,0
0,0,0,0,0.54859870672226,0,190.476481065154,0,0,0,26.8935042917728,0,50.2947654724121,0,0,0,0,0,0,0,0,0,0,0,0,0,0,0,0,0,0,0,0,0,0,0,0,0,0,0,0,0,0,0,0,0,0,0,0,0,0,0,0,0,0,0,1.01517832279205,0,0,0,0,0,0,0,0,0,0,0,0,0,0,0,0,0,0,0,0,0,0,0,0,0,0,0,0,0,0
0,0,0,0,0,0,0,37.2995237112045,0,0,0,5.7017776966095,0,0,0,0,0,0,0,0,0,0,0,0,0,0,0,0,0,0,0,0,0,0,0,0,0,0,0,0,0,0,0,0,0,0,0,0,0,0,0,51.1880948543549,0,0,0,0,0,69.7600356936455,0,0,0,0,0,0,0,0,0,0,0,0,0,0,0,0,0,0,0,0,0,0,0,0,0,0,0,0,0
272.445971980691,0,23.664178609848,0,0,0,0,0,714.320630908012,0,0,0,0,0,0,0,0,0,0,0,0,0,0,0,41.9627937078476,0,0,0,0,0,0,0,0,0,0,0,0,0,34.8986726999283,0,0,0,22.2302705347538,0,0,0,0,0,36.5307017713785,0,3.80113697052002,0,0,0,0,0,0,0,0,0,2.60592873394489,0,0,0,0,0,0,234.771620631218,0,0,0,0,0,0,0,0,0,0,0,0,0,104.313560783863,20.8357770740986,0,162.185476824641,0,0
0,232.991775766015,0,224.771598502994,0,106.938814938068,0,0,0,988.42615583539,0,0,0,0,0,4.83000412583351,0,0,0,3.42703992128372,0,0,0,10.6202326118946,0,9.98375123739243,0,0,0,0,0,0,0,0,0,0,0,20.4739538729191,0,1.4978700876236,0,5.36288991570473,0,0,0,0.314439505338669,0,0,0,69.0573212504387,0,1.609090924263,0,0,0,0,0,1.6244108080864,0,0,0,129.800930291414,5.22709685564041,0,0,0,163.268376886845,0,30.8919948935509,0,0,0,0.531540185213089,0,0,0,0,0,0.537388876080513,0,0.710251867771149,0,24.4630137532949,0,107.974133610725,0,0
0,0,0.29413166642189,0,0,0,16.9553008079529,0,0,0,1548.27127066255,0,41.6686293929815,0,0,0,0,0,6.41229790449142,0,85.2737109214067,0,0,0,0,0,0,0,0,0,12.6802254766226,0,0,0,0,0,0.478625774383545,0,32.4413254708052,0,1.82373960316181,0,33.9582059085369,0,0,0,41.2444906532764,0,44.5242768526077,0,15.5555382072926,0,1.01517832279205,0,0,0,0,0,0.400361359119415,0,0.657923400402069,0,0,474.063174664974,0,0,0,0,0,0,0,109.566408351064,0,671.49503557384,0,0,0,0,1.58658123016357,18.7709592208266,0,177.051067888737,11.0019538551569,0,540.157810598612,0,3.36542993783951
0,0,0,50.4409493505955,0,79.2894597947598,0,87.1264347434044,0,0.823391079902649,0,1095.37199771404,0,11.4393467903137,0,1.37023603916168,0,0,16.2995645701885,72.2221451997757,0,1.20163589715958,0,0,0,0,0,0,0,14.0818569809198,0,0,0,0,0,2.96835997700691,0,53.1746329367161,0,3.48834224045277,0,184.722043022513,0,3.02025938034058,0,62.8381076157093,0.606216311454773,0,0.454265654087067,80.587720349431,0,101.671234428883,0,69.7600356936455,0,1.6244108080864,0,0,0,648.827773943543,0,34.8446133881807,834.990459576249,0,4.21224023401737,0,0,0,0,0,686.249067813158,0,665.538268171251,0.214282587170601,0,0,0,0,40.5924161598086,0.372584044933319,119.943252936006,0.396939694881439,35.9839508086443,0,609.989364251494,82.4809740483761,0
0,0,33.1187598705292,0,0,0,0,0,0,0,0,0,190.639800429344,0,5.91460162401199,0,0,0,0,0,0,0,0,0,0,0,0,0,0,0,0,0,0,0,0,0,0,0,0,0,0,0,0,0,0,0,0,0,0,0,70.1476808190346,0,0,0,0,0,0.400361359119415,0,0,0,78.2996729016304,0,0,0,0,0,0,0,0,81.4227087199688,0,166.900190547109,0,0,0,0,0,0,0,0,0,0,0,0,20.0813235044479,0,0
0,0,0,20.0968413949013,0,0.271049559116364,0,0,0,0,0,0.172238171100616,0,513.860390350223,0,17.6643737256527,0,0,0,0,0,2.85573928058147,0,0,0,0,0,4.5058696269989,0,0,0,0,0,0,0,0.403315782546997,0,0.609574064612389,0,0,0,0,0,0,0,0,0,0,0,89.6225054264069,0,8.99089878797531,0,0,0,0,0,648.827773943543,0,0,0,167.928213968873,1.80626992881298,0,3.37255561351776,0,0,0,1.46273063123226,0,381.102202452719,0,28.9719800502062,0,0,0,0,0,0.200559303164482,0,1.87579403817654,0,15.8742849826813,0,57.4082963764668,0,0
0,0,25.1224430203438,0,0,0,0,0,1.02739751338959,0,0,0,7.42510810494423,0,37.7805337905884,0,18.1852843165398,5.7644377052784,2.96943593025208,0,0,0,1.43572038412094,0,0,0,0.614809572696686,0,0,0,0,0,0,0,0,0,0,0,0,0,0,0,0,0,0,0,0,0,0,0,26.6796409487724,0,0,0,2.60592873394489,0,0.657923400402069,0,78.2996729016304,0,0,0,0,0,0,0,0,0,0,22.3603045642376,0,0,0,0,0,0,0,0,0,0,0,0,0.74959209561348,0.634839177131653,7.5140506029129,0,0
0,25.7817132771015,0,57.8625228404999,0,203.826031550765,0,0,0,87.9966381490231,0,0,0,120.966853484511,0,202.950433000922,3.56158263981342,44.0557492673397,1.58271038532257,0.355862945318222,0,1.81261909008026,0,0.887423932552338,0,0,0,0,0,0,0,0,0,0,0,0.293279081583023,0,0,0,0.992406576871872,0,1.21676903963089,0,0,0,0,0,0,0,376.939370244741,0,13.0515619516373,0,0,0,129.800930291414,0,34.8446133881807,0,167.928213968873,0,0,2.23867255449295,0,0,0,0.309730768203735,0,12.119580745697,0,24.4872096776962,0,0,0,0,0,0,0,0,0.253246694803238,0,0,41.4410188123584,0,60.8170305490494,0,0
0,0,0,20.1917854100466,0,16.3979262113571,0,0,0,16.0741211771965,0,80.108746945858,0,0,0,0,3.88655436038971,6.90579003095627,98.8565003871918,844.557387076318,0,0,0,0,0,0,0,0,0,4.83956536650658,0,0,0,0,0,570.377718657255,0,202.505218714476,0,21.0012418851256,0,129.045793145895,0,2.31520622968674,0,271.779529519379,0,5.26757736504078,0.232280164957047,9.57160034775734,0,28.9822313785553,0,0,0,5.22709685564041,0,834.990459576249,0,1.80626992881298,0,2.23867255449295,0,0,0,0,0,0,0,0,12.848000690341,0,317.97567255795,0,0,0,0,0,2523.25775328279,1.67687448859215,1098.35795833915,1.60845996439457,44.3393362164497,0,675.626604266465,21.3993437588215,0
0,0,5.28101621568203,0,26.7467930316925,0,0,0,1.98963022232056,0,52.0684699416161,0,0,0,0,0,7.53996723890305,9.85376800596714,160.839809298515,0,531.727823525667,0,0,0,0,0,0,0,0,0,2.54203015565872,0,0,0,0,0,344.834158048034,0,13.1311569660902,0,43.6361633688211,0,165.521451234818,0,0,0.905616387724876,573.348995253444,0.439163312315941,27.2260253578424,0.267801254987717,16.4190587997437,0,0,0,0,0,474.063174664974,0,0,0,0,0,0,0,0,0,0,0,0,0,0,1.26118884980679,0,303.283270485699,0,0,0,6.53858308494091,1.80619850754738,3809.47060205787,0,676.551484771073,31.3606516867876,0,949.413668431342,0,12.0040359944105
0,0,0,0,0,0,0,0,0,0,0,0,0,0,0,0,5.09232646226883,41.7493325769901,0,0,0,6768.64017862082,0,49.8670483827591,0,115.91186657548,0,0.976531624794006,0,0,0,0,0,0,0,0,0,287.638709977269,0,0,0,0,0,0,0,0,0,25.5451167672873,0,584.419269755483,0,0,0,0,0,0,0,4.21224023401737,0,3.37255561351776,0,0,0,0,0,0,382.409813076258,0,281.629286944866,0,1162.14221139252,0,94.7267030179501,0,0,0,0,0,0,0,1305.61718662083,0,26.012181609869,0,0,0,0
0,0,0,0,0,0,0,0,0,0,0,0,0,0,0.785438239574432,0,146.314265757799,14.3123716413975,1.59215044975281,0,0,0,6476.33156394958,0,5.85430809855461,0,16.6112493872643,0,40.2873012423515,0,0,0,0,0,0,0,0,0,284.689838320017,0,0,0,0,0,0,0,0,0,514.774494275451,0,0,0,0,0,0,0,0,0,0,0,0,0,0,0,0,0,0,218.2840847224,0,166.286844193935,0,157.19816558063,0,0,0,0,0,0,0,0,0,612.775744467974,97.3339464217424,5.31504029035568,0,0,0
0,0,0,0,0,0,0,0,0,75.5201123952866,0,0,0,0,0,0,1.65805023908615,58.7360323220491,4.70408034324646,0,0,33.6241310834885,0,330.438985049725,0,187.502398043871,0,0,0,0,0,0,0,0,0,0,0,61.9905954301357,0,0,0,0,0,0,0,0,0,46.5382131636143,0,184.593448191881,0,0,0,0,0,163.268376886845,0,0,0,0,0,0.309730768203735,0,0,382.409813076258,0,0,0,535.636991202831,0,1.27126401662827,0,0,0,0,0,1.78060042858124,0,0,0.352049618959427,379.799557253718,0,17.7758001983166,0,27.5491407811642,0,0
0.504267990589142,0,0,0,0,0,0,0,8.95732945203781,0,0,0,0,0,0,0,0,0,0,0,0,0,99.1703644245863,0,392.655090868473,0,28.0749952793121,0,0,0,0,0,0,0,0,0,0,0,20.9594963490963,0,0,0,0,0,0,0,0,0,17.1885806322098,0,0,0,0,0,234.771620631218,0,0,0,0,0,0,0,0,0,0,218.2840847224,0,0,0,63.830449461937,0,0,0,0,0,0,0,0,0,0,0,176.7499307096,20.1874358654022,0,36.7425582110882,0,0
0,0.539087235927582,0,0,0,0,0,0,0,0,0,0,0,0,0,1,12.9728948175907,1142.90346838534,6.43673181533813,0,0,43.5316930413246,0.473291218280792,8.75498196482658,0,213.460997104645,0,70.2317396998405,0,0,0,0,0,0,0,0,0,0.158699691295624,0,0,0,0,0,0,0,0,0,0,0,116.746118232608,0,0,0,0,0,30.8919948935509,0,0,0,1.46273063123226,0,12.119580745697,0,0,281.629286944866,0,535.636991202831,0,0,0,284.158630952239,0,0,0,0,0,0,0,0,0,0.977298885583878,0,39.7555850297213,0,0,0,0
0,0,0,0,0,0,0,0,0.899188071489334,0,0,0,0,0,80.1158083677292,0,712.098904684186,25.5086302161217,2.37366247177124,0,0,0,42.5488044768572,0,68.6182254552841,0,195.696083188057,0,45.7834566235542,0,0,0,0,0,0,0,0,0,0,0,0,0,0,0,0,0,0,0,2.92935395240784,0,0,0,0,0,0,0,0,0,81.4227087199688,0,22.3603045642376,0,0,0,0,166.286844193935,0,63.830449461937,0,0,0,188.888145983219,0,0,0,0,0,0,0.571369349956512,0,0,0,89.2694370299578,1.45787385106087,0,0,0
0,0,0,0,0,0,0,0,0,0,0,0.193891078233719,0,0,0,0,0,0,0,0,0,52.3342865258455,0,0.393037393689156,0,17.968185454607,0,621.121268734336,0,8.0365697145462,0,0,0,0,0,0,0,21.7914042025805,0,0,0,0,0,0,0,0,0,0,0,244.199089407921,0,0,0,0,0,0,0,686.249067813158,0,381.102202452719,0,24.4872096776962,12.848000690341,0,1162.14221139252,0,1.27126401662827,0,284.158630952239,0,0,0,851.763226985931,0,0,0,0,0,1.39056205749512,0,1096.99447226524,0,0,0,0,0,0
0,0,0,0,0,0,0,0,0,0,6.15775942802429,0,7.09491515159607,0,0,0,1.76274430751801,0,0,0,0,0,0,0,0,0,19.6939797103405,0,1489.53667940199,0,25.7978301942348,0,0,0,0,0,0,0,0,0,0.544905483722687,0,0,0,0,0,0,0,625.286911457777,0,0,0,0,0,0,0,109.566408351064,0,166.900190547109,0,0,0,0,1.26118884980679,0,157.19816558063,0,0,0,188.888145983219,0,0,0,98.6995705813169,0,0,0,0,0,0,0,75.4870636761189,0,0,54.74523191154,0,0
0,0,0,37.2031438499689,0,0,0,0,0,1.11615842580795,0,108.168560475111,0,0,0,0,0,0.22341725230217,14.2565141618252,17.8973831534386,0,7.00321444869041,0,0,0,0,0,1.40550684928894,0,438.291908159852,0,0,0,0,0,6.0863241776824,0,21.7700658738613,0,13.0558970868587,0,117.451917245984,0,2.27214556932449,0,92.5655617266893,0,0.478284925222397,0,43.5368219316006,0,0.732584446668625,0,0,0,0.531540185213089,0,665.538268171251,0,28.9719800502062,0,0,317.97567255795,0,94.7267030179501,0,0,0,0,0,851.763226985931,0,0,0,0,0,0,0,25.8973207771778,0,1541.08852131665,0,23.4429865032434,0,453.784550845623,38.0773480534554,0
0,0,7.04260721802711,0,1.6176050901413,0,0,0,0.972205996513367,0,149.968070119619,0,0,0,0,0,1.88540498912334,0,27.5417579561472,0,41.6874414682388,0,0,0,0,0,0,0,34.5701419711113,0,371.457897275686,0,0,0,0,0,2.8409955650568,0,5.51224775612354,0,1.66560412943363,0,252.697739750147,0,0.977220147848129,0,146.61539119482,2.1275954246521,18.3927936404943,0,0,0,0,0,0,0,671.49503557384,0.214282587170601,0,0,0,0,0,303.283270485699,0,0,0,0,0,0,0,98.6995705813169,0,0,0,0,0,0,0,64.9163822755218,0,1605.18317261338,33.4017300307751,0,640.616902902722,0,69.6301593333483
0,0,0,0,0,0,0,0,0,0,0,0,0,0,0,0,0,0,0,0,0,0,0,0,0,0,0,0,0,0,0,648.815575882792,173.420639544725,1.69344592094421,10.9813805520535,1.22258438169956,0,0,0,0,0,0,0,0,0,0,0,1347.33249117434,0,0,0,0,0,0,0,0,0,0,0,0,0,0,0,0,0,0,0,0,0,0,0,0,0,0,0,13.2764311432838,148.747449293733,12.1318253576756,303.695145577192,0,0,0,54.0348753333092,0,0,0,0
0,0,0,0,0,0,0,0,0,0,0,0,0,0,0,0,0,0,0,0,0,0,0,0,0,0,0,0,0,0,0,13.1940204501152,2035.59751151502,5.37999832630157,82.8626529276371,55.5480712652206,30.8565492928028,0,0,0,0,0,0,0,0,0,0,2561.84473757446,0.817052125930786,0,0,0,0,0,0,0,0,0,0,0,0,0,0,0,0,0,0,0,0,0,0,0,0,0,13.2764311432838,0,0,302.470944613218,0,469.741646453738,0,16.3455221056938,257.188283741474,0,0,0,0
0,0,0,0,0,0,0,0,0,0,0,0,0,0,0,0,0,0,0,0,0,0,0,0.36310550570488,0,0,0,0,0,0,0,139.265313535929,0,2144.74399577081,447.177772060037,21.978069677949,0,104.948610112071,0,0,0,0,0,0,0,0,0,2275.83355979621,0,0,0,0,0,0,0,0,0,0,0,0,0,0,0,0,0,0,1.78060042858124,0,0,0,0,0,0,0,148.747449293733,0,0,95.2121796011925,325.152329877019,0.412973314523697,464.796123087406,0,42.4429447352886,0,0,0,0
0,0,0,0,0,0,0,0,3.03348943591118,0,0,0,0,0,0,0,2.86820831894875,0.864472210407257,35.0905797928572,0,0,0,0,0,1.42294111847878,0,0,0,0,0,0,5.21913594007492,50.057109490037,288.515624493361,2601.88267755508,0,83.0915752649307,0,215.411670580506,0,0,0,21.1541346311569,0,3.50291234254837,0,5.33096216619015,2337.40373896062,1.24248734116554,3.77294728159904,0,0,0,0,0,0,0,0,0,0,0,0,0,6.53858308494091,0,0,0,0,0,0,0,0,0,0,12.1318253576756,302.470944613218,95.2121796011925,0,6.99990011751652,686.962571188807,1.48114749789238,892.490176901221,441.153805211186,0,5.28977864980698,0,0.630580067634583
0,2.53619365394115,0,10.6915521323681,0,0.365650117397308,0,0,0,0.202181831002235,0,31.6780575364828,0,0,0,0,82.1321634203196,108.56019321084,1763.22237994522,528.336995951831,0,0,2.57122874259949,0,0,0,0,0,0,0,0,525.089973509312,0,392.891568809748,1.30341076850891,14305.643509753,64.494651645422,907.001055911183,0,616.812058001757,0.610790491104126,1658.34935550392,3.89311683177948,262.091212972999,2.20660963654518,539.783721975982,0.856550768017769,4777.29931749403,1.2274345010519,793.801412217319,0,0.704663813114166,0,0,0,0.537388876080513,1.58658123016357,40.5924161598086,0,0.200559303164482,0,0,2523.25775328279,1.80619850754738,0,0,0,0,0,0.571369349956512,1.39056205749512,0,25.8973207771778,0,303.695145577192,0,325.152329877019,6.99990011751652,0,65.7583256885409,1306.7343679592,0,1259.29354269058,0.479854375123978,1148.63273070753,236.102596983314,0
0,0,5.44847701489925,0,0.713023811578751,0,0,0,2.72010231018066,0,1.07464269548655,0,0,0,0,0,126.464697122574,85.9665488898754,2363.40488904715,0,538.426785103977,0,0,0,0,0,0,0,0,0,0.161640614271164,0,742.100892171264,0.649601936340332,488.696825370193,34.7231667637825,14286.8875724003,3.66611365973949,1046.04873839766,8.71082210540771,234.748005002737,10.3878849446774,2353.92040387541,0.299743890762329,408.004366517067,12.4157075881958,1070.9859251976,1446.02647033334,578.740900054574,0.825864940881729,0.144769385457039,0,0,0,0,0,18.7709592208266,0.372584044933319,0,0,0,0.253246694803238,1.67687448859215,3809.47060205787,0,0,0.352049618959427,0,0,0,0,0,0,64.9163822755218,0,469.741646453738,0.412973314523697,686.962571188807,65.7583256885409,0,9.22495701909065,1718.53916366398,1086.98039855063,30.2073756754398,1388.53082671762,1.60937821865082,83.285871386528
