0,0,0.127938374876976,0,0,0,0,0,0.155276946225719,0,0,0,0,0,0,0,0.309152865409851,0.319598717348916,0.35812153599479,0,0,0,0,0,0,0,0,0,0,0,0,0,0,0,0,0,0.311375957396295,0,0,0,0.339649180571238,0,0.292007700648419,0,0,0,0.20746361464262,0,0.1214016020298,0,0,0,0,0,0.170224993075415,0,0.282638266682625,0,0,0,0.162625645597776,0,0,0.29932102560997,0,0,0,0,0,0,0,0,0,0,0,0,0,0,0.36999673396349,0.322574608950388,0,0.381335305670897,0.238693198644453,0,0.215322803590418,0,0.241302601993084
0,0,0,0.157495657676145,0,0,0,0,0,0.286215894621801,0,0,0,0,0,0.15680235217918,0,0,0,0,0,0,0,0.272318744549045,0,0.1416060552001,0,0,0,0,0,0,0,0,0,0,0,0.301522961232514,0,0,0,0.224245287891891,0,0,0,0,0,0.340732459511076,0,0.177601423335636,0,0,0,0,0,0.219283919368375,0,0.169926293194294,0,0.172113143073188,0,0.18834427402126,0,0,0,0,0.231873876586252,0,0,0,0,0,0,0,0,0,0.330927640199661,0,0,0,0.298403395874666,0,0.195655262014765,0,0.251860587554841,0,0
0.127938374876976,0,0,0,0,0,0,0,0.16096237357016,0,0,0,0,0,0,0,0,0,0.28040599822998,0,0,0,0,0,0,0,0,0,0,0,0,0,0,0,0,0,0.23394824936986,0,0,0,0,0,0.254636963845318,0,0,0,0,0,0.139748083055019,0,0.167657648763025,0,0,0,0.12551665894295,0,0.230972036719322,0,0.187096070498228,0,0.196552634239197,0,0,0.20532850176096,0,0,0,0,0,0,0,0,0,0.231284293532372,0,0,0,0,0,0.286616984754801,0,0.333549678325653,0.241722871634093,0,0.173355838261634,0,0.227437172830105
0,0.157495657676145,0,0,0,0.143121440140974,0,0,0,0,0,0,0,0,0,0,0,0,0,0,0,0,0,0,0,0,0,0,0,0,0,0,0,0,0,0.230475257424747,0,0,0,0.193603172898293,0,0.247414719901587,0,0,0,0.167008126011262,0,0.258452713489532,0.24363973736763,0.198923080030716,0,0.149485661971326,0,0,0,0.137058431468904,0,0.138675590356191,0,0.16380428863784,0,0.194232629840834,0.208727171023687,0,0,0,0,0,0,0,0,0,0,0,0,0,0,0,0,0,0,0,0.140420972329119,0,0.161784935947303,0,0
0,0,0,0,0,0,0,0,0,0,0,0,0.165513306856155,0,0.145477221657832,0,0,0,0,0,0.164917855009214,0,0,0,0,0,0,0,0,0,0,0,0,0,0,0,0.186946749687195,0,0,0,0,0,0,0,0,0,0,0,0,0,0.18443910939784,0,0,0,0,0,0.223038091262182,0,0.161232732628521,0,0.150011867284775,0,0,0.211063306457949,0,0,0,0,0,0,0,0,0,0,0,0,0,0,0,0.180483557283878,0,0,0.188873395728048,0,0.202863831112259,0,0
0,0,0,0.143121440140974,0,0,0,0,0,0,0,0.182739564020869,0,0,0,0,0,0,0,0.199991264471821,0,0,0,0,0,0,0,0,0,0,0,0,0,0,0,0.216791542867819,0,0,0,0.22268371284008,0,0.23191149532795,0,0,0,0.157390549778938,0,0,0.23103961119285,0.223015624743242,0,0.186034465191869,0,0.188349552452564,0,0,0,0.198028727617096,0,0.184952840209007,0,0,0.264050592978795,0,0,0,0,0,0,0,0,0,0,0,0,0,0,0,0.143992334604263,0,0,0,0.185082792123752,0,0.177581235167971,0,0
0,0,0,0,0,0,0,0,0,0,0.180290596352683,0,0.182730287313461,0,0,0,0,0,0,0,0.142138247656358,0,0,0,0,0,0,0,0,0,0,0,0,0,0,0,0,0,0,0,0,0,0,0,0,0,0,0,0,0,0,0,0.161624646151629,0,0,0,0.188798017539084,0,0.184274234942027,0,0,0,0,0.152785841419416,0,0,0,0,0,0,0,0,0,0,0,0,0,0,0,0,0,0,0.170183130539954,0.244846388697624,0,0,0
0,0,0,0,0,0,0,0,0,0,0,0.21510134163861,0,0.178553223609924,0,0,0,0,0,0.150682460803252,0,0,0,0,0,0,0,0,0,0,0,0,0,0,0,0,0,0,0,0,0,0,0,0,0,0,0,0,0,0,0,0.176398533582687,0,0.168669818332782,0,0,0,0.173647714157899,0,0.181455982046399,0,0,0.150403916835785,0,0,0,0,0,0,0,0,0,0,0,0,0,0,0,0,0,0,0,0.168779267899452,0,0,0,0
0.155276946225719,0,0.16096237357016,0,0,0,0,0,0,0,0,0,0,0,0.160975811490114,0,0.215333417735317,0,0.246669620275497,0,0,0,0,0,0.16391922119591,0,0.137111773093541,0,0,0,0,0,0,0,0,0,0,0,0.232642059488332,0,0,0,0.197126660413212,0,0,0,0,0.393189162015915,0.201603626211484,0,0.166891187429428,0,0,0,0.193930415429263,0,0,0,0,0,0.166851788759232,0,0,0,0,0,0,0.313396812975407,0,0.18568629026413,0,0,0,0,0,0,0,0,0,0,0,0.293413744028658,0.16442459171125,0,0.165323996563363,0,0.149491801857948
0,0.286215894621801,0,0,0,0,0,0,0,0,0,0,0,0,0,0.145640200935304,0.145626508763858,0.15365988608655,0.133853118866682,0,0,0.345612704753876,0,0.175675682639808,0,0.166430801153183,0,0,0,0,0,0,0,0.381887704133987,0,0,0,0.266076775496466,0,0,0,0.241240302100778,0,0,0,0,0,0.36322183907032,0,0.258136527405845,0,0,0,0,0,0.239423194085095,0,0,0,0,0,0.188118241727352,0,0,0,0,0.160284971402696,0,0,0,0,0,0,0,0,0,0.328445263206959,0,0,0,0.324387642347978,0,0.199832553839126,0.155477851629257,0.264760620114993,0,0
0,0,0,0,0,0,0.180290596352683,0,0,0,0,0,0.164798114086147,0,0,0,0,0,0,0,0.169299386989544,0,0,0,0,0,0,0,0.188621290028095,0,0.160805999298129,0,0,0,0,0,0,0,0.163238884911674,0,0,0,0,0,0,0,0,0,0,0,0,0,0.171024305479867,0,0,0,0.188727011924124,0,0.175211681159277,0,0,0,0,0.150019226259873,0,0,0,0,0,0,0,0,0,0.162101410096511,0,0,0,0,0,0,0,0.160410162439016,0.154205405336665,0.268960746851834,0,0,0
0,0,0,0,0,0.182739564020869,0,0.21510134163861,0,0,0,0,0,0,0,0,0,0,0,0.156235144146391,0,0,0,0,0,0,0,0.165457372154508,0,0.254478492270941,0,0,0,0,0,0.171347071121379,0,0.176918664915935,0,0,0,0,0,0,0,0.287460058927536,0,0,0,0.197257354855537,0,0.170120685050885,0,0.165096570042115,0,0,0,0.198099208134618,0,0,0,0,0.233267150205724,0,0,0,0,0,0,0,0.171435251832008,0,0.255049309560231,0,0,0,0,0,0.167415746871163,0,0.164554726419061,0,0.187905864198678,0,0.256151719018817,0,0
0,0,0,0,0.165513306856155,0,0.182730287313461,0,0,0,0.164798114086147,0,0,0,0.154451968769232,0,0,0,0,0,0,0,0,0,0,0,0,0,0.151121309399605,0,0,0,0,0,0,0,0,0,0,0,0,0,0,0,0,0,0,0,0,0,0.157996868385988,0,0,0,0,0,0.175379545437662,0,0.176203812142526,0,0.149752674194483,0,0,0,0,0,0,0,0,0,0,0.170091963062684,0,0,0,0,0,0,0,0,0,0,0.191691460519556,0.229050242790469,0,0,0
0,0,0,0,0,0,0,0.178553223609924,0,0,0,0,0,0,0,0.139281764626503,0,0,0,0,0,0,0,0,0,0,0,0,0,0,0,0,0,0,0,0,0,0,0,0,0,0,0,0,0,0,0,0,0,0,0,0,0,0.149797883204051,0,0,0,0.186559292798241,0,0.165339362079447,0,0,0,0,0,0,0,0,0,0,0.183552435175939,0,0,0,0,0,0,0,0,0,0,0,0.185735055522339,0.214132875204086,0,0,0
0,0,0,0,0.145477221657832,0,0,0,0.160975811490114,0,0,0,0.154451968769232,0,0,0,0.137330923168386,0,0,0,0,0,0,0,0.140859635038809,0,0.128429491159528,0,0.141995337392603,0,0,0,0,0,0,0,0,0,0,0,0,0,0,0,0,0,0,0,0,0,0.155988418213699,0,0,0,0.154503200788583,0,0,0,0.164086485082663,0,0.150534221877319,0,0,0,0,0,0,0.147551417350769,0,0,0,0,0,0,0,0,0,0,0,0,0,0,0.152812967572031,0,0,0,0
0,0.15680235217918,0,0,0,0,0,0,0,0.145640200935304,0,0,0,0.139281764626503,0,0,0,0.128863729536533,0,0,0,0.132590427994728,0,0.133677929639816,0,0.141922524441843,0,0,0,0,0,0,0,0,0,0,0,0.297676593065262,0,0,0,0,0,0,0,0,0,0,0,0,0,0,0,0,0,0.148255446304878,0,0,0,0.150198515504599,0,0.165276552357617,0,0,0,0,0.158067810079776,0,0,0,0,0,0,0,0,0,0,0,0,0,0,0,0.144992710383081,0,0,0,0
0.309152865409851,0,0,0,0,0,0,0,0.215333417735317,0.145626508763858,0,0,0,0,0.137330923168386,0,0,0.164148688853437,0.228942464813617,0,0,0.13273823261261,0.156632140599006,0.171479881913574,0.198966712014288,0.14804334299905,0.143808459642754,0,0.178009280562401,0,0,0,0,0,0,0,0.32127240725926,0,0,0.269932467917927,0.264987754440585,0.256732207152151,0.238073608797529,0,0,0,0.252550848505714,0,0,0.312142044305801,0,0,0,0,0,0,0.278880536556244,0.305122822523117,0,0,0.147199945660626,0,0.329051241278648,0.247488123675187,0,0.168397461826151,0.170782878994942,0.160236530005932,0,0.141081080348654,0,0,0,0,0,0,0,0,0.334178954031732,0.313032733360389,0.338768899440765,0,0.191199453794151,0.222730533688052,0.284679166440453,0.272528084615866,0.238713005557656
0.319598717348916,0,0,0,0,0,0,0,0,0.15365988608655,0,0,0,0,0,0.128863729536533,0.164148688853437,0,0.222537008688023,0,0,0.145826599720602,0.110972061753273,0.16011717071844,0,0.151763165176022,0,0.150911004841328,0,0,0,0,0,0,0,0,0.339974486165577,0,0,0.277588594476787,0.295111273805941,0.248087937235832,0.252805119888349,0,0,0.318458884954453,0.264132228990396,0,0,0.248725019395351,0,0,0,0,0,0,0.306083470582962,0,0,0,0,0,0.2758404687047,0.269694939255714,0.129498973488808,0,0.141843243256996,0,0.154642827929028,0,0,0,0,0,0,0,0,0,0.322606706732436,0.325766831636429,0.387587636709213,0.394818067550659,0.183426186194717,0.172094023365241,0.297400504467994,0.244579249620438,0.245664461737587
0.35812153599479,0,0.28040599822998,0,0,0,0,0,0.246669620275497,0.133853118866682,0,0,0,0,0,0,0.228942464813617,0.222537008688023,0,0,0,0,0.160709097981453,0.191316387057304,0,0,0,0,0,0,0,0,0,0,0,0,0.343214966662943,0,0.313236266374588,0.259673542809387,0.297728162942579,0.212178995074395,0.208070006666871,0,0.198713317513466,0.25602741424854,0.246213697091393,0,0.26334506769975,0.235954498251279,0,0,0,0,0,0,0.368441386656328,0.306091417486851,0,0,0,0,0.308046931028366,0.352307522793611,0,0,0,0,0,0,0,0,0,0.344853955010573,0,0,0,0,0.347504129712856,0.350912012711719,0.424383414288362,0.451585624080438,0.208072156804405,0.23348254603999,0.328441911568661,0.216738658274213,0.220067032343172
0,0,0,0,0,0.199991264471821,0,0.150682460803252,0,0,0,0.156235144146391,0,0,0,0,0,0,0,0,0,0,0,0,0,0,0,0,0,0,0,0,0,0,0,0.157398680476255,0,0.146511878967285,0,0,0,0,0,0,0,0.309908878803253,0,0,0,0.208132326602936,0,0,0,0,0,0,0,0.229694897929827,0,0,0,0,0.189953297731422,0,0,0,0,0,0,0,0,0,0,0,0,0,0,0,0.159908146176239,0,0.181386024644777,0,0.153528664181465,0.115117605775595,0.186135952174664,0,0
0,0,0,0,0.164917855009214,0,0.142138247656358,0,0,0,0.169299386989544,0,0,0,0,0,0,0,0,0,0,0,0,0,0,0,0,0,0,0,0,0,0,0,0,0,0.15917966399244,0,0.163000007038531,0,0,0,0,0,0,0,0,0,0,0,0.177241298285398,0,0.15604671702171,0,0,0,0.146988127846271,0,0,0,0,0,0,0.217373664421892,0,0,0,0,0,0,0,0,0,0,0,0,0,0,0,0.151915745405816,0,0.188851707748004,0.151761339685949,0,0.186019888621266,0,0
0,0,0,0,0,0,0,0,0,0.345612704753876,0,0,0,0,0,0.132590427994728,0.13273823261261,0.145826599720602,0,0,0,0,0.109991943578096,0.170292040736942,0,0.167603941760578,0,0.151074552192138,0,0,0,0,0,0.576524198055267,0,0,0,0.203471481589214,0.114699348807335,0,0,0.415022403001785,0,0,0,0,0,0.522659680673054,0,0.257300156839532,0,0,0,0,0,0.395305573940277,0,0,0,0,0,0,0,0,0.168161094104766,0.114108587801456,0.237906024658254,0,0.177084431052208,0,0.156472082436085,0,0,0,0,0,0.15139165520668,0,0,0,0.182391999230661,0.127647889157136,0.125931885392842,0.130698615386162,0.429587847656674,0,0
0,0,0,0,0,0,0,0,0,0,0,0,0,0,0,0,0.156632140599006,0.110972061753273,0.160709097981453,0,0,0.109991943578096,0,0,0.166785870452185,0,0.148548532277346,0,0.147708184883266,0,0,0,0,0,0,0,0,0.128825391332308,0.154620985965631,0,0,0,0,0,0,0,0,0,0,0,0,0,0,0,0,0,0,0,0,0,0,0,0,0,0.114665261426797,0.165790075701843,0,0.208446400506156,0,0.150488229095936,0,0.1516962170049,0,0,0,0,0,0,0,0,0,0.167867198183135,0.120976321852331,0.136223333706329,0,0,0
0,0.272318744549045,0,0,0,0,0,0,0,0.175675682639808,0,0,0,0,0,0.133677929639816,0.171479881913574,0.16011717071844,0.191316387057304,0,0,0.170292040736942,0,0,0,0.150964825468905,0,0,0,0,0,0,0,0,0,0,0,0.220450002290794,0,0,0,0.277481585741043,0,0,0,0,0,0.374072418951277,0,0.286081516302672,0,0,0,0,0,0.290388123691082,0,0,0,0,0,0.213518261909485,0,0,0.192777960423321,0,0.17183322478309,0,0.164617337286472,0,0,0,0,0,0,0,0,0,0,0.282182395458221,0.198826665197995,0,0.181110009077695,0,0.324392074452979,0,0
0,0,0,0,0,0,0,0,0.16391922119591,0,0,0,0,0,0.140859635038809,0,0.198966712014288,0,0,0,0,0,0.166785870452185,0,0,0,0.162167393223003,0,0,0,0,0,0,0,0,0,0,0,0.19237567949868,0,0,0,0,0,0,0,0,0.420127868652344,0.316497641343337,0,0,0,0,0,0.207592457532883,0,0,0,0,0,0,0,0,0,0,0.175388084724545,0,0.179678177056105,0,0,0,0,0,0,0,0,0,0,0,0,0,0.201522498031977,0.181607283587415,0.126055939123034,0.3289492471052,0,0
0,0.1416060552001,0,0,0,0,0,0,0,0.166430801153183,0,0,0,0,0,0.141922524441843,0.14804334299905,0.151763165176022,0,0,0,0.167603941760578,0,0.150964825468905,0,0,0,0.153749934264592,0,0,0,0,0,0,0,0,0,0,0,0,0,0,0.228964731097221,0,0,0,0,0,0,0,0,0,0,0,0,0.139743369072676,0,0,0,0,0,0,0,0,0.150318041443825,0,0.169413644910002,0,0.182885506348303,0,0,0,0,0,0,0,0,0,0,0,0,0,0.152355300942938,0,0,0,0
0,0,0,0,0,0,0,0,0.137111773093541,0,0,0,0,0,0.128429491159528,0,0.143808459642754,0,0,0,0,0,0.148548532277346,0,0.162167393223003,0,0,0,0.137872296526577,0,0,0,0,0,0,0,0,0,0,0,0,0,0,0,0,0,0,0,0,0,0,0,0,0,0.173380628514748,0,0,0,0,0,0,0,0,0,0,0,0,0.184853903227447,0,0.158991205870831,0,0,0,0,0,0,0,0,0,0,0,0,0.144615956089076,0.19528703391552,0,0,0
0,0,0,0,0,0,0,0,0,0,0,0.165457372154508,0,0,0,0,0,0.150911004841328,0,0,0,0.151074552192138,0,0,0,0.153749934264592,0,0,0,0.14195787359191,0,0,0,0,0,0,0,0,0,0,0,0,0,0,0,0,0,0,0,0,0,0,0,0,0,0,0,0,0,0.150255915987027,0,0,0,0,0.15993575265874,0,0,0,0.152468899434263,0,0.158390120678134,0,0.189271553949106,0,0,0,0,0,0,0,0.210637172063192,0,0.166571654990071,0,0,0,0
0,0,0,0,0,0,0,0,0,0,0.188621290028095,0,0.151121309399605,0,0.141995337392603,0,0.178009280562401,0,0,0,0,0,0.147708184883266,0,0,0,0.137872296526577,0,0,0,0.163811051345701,0,0,0,0,0,0,0,0.182376607604649,0,0,0,0,0,0,0,0,0,0,0,0,0,0,0,0,0,0.174458578228951,0,0.178649796379937,0,0.163493850992786,0,0,0,0,0.135757048632584,0,0,0,0.153963617294243,0,0.172338548365142,0,0.177941018680357,0,0,0,0,0,0,0,0.176882699882799,0.171293302713072,0.146347248210357,0,0,0
0,0,0,0,0,0,0,0,0,0,0,0.254478492270941,0,0,0,0,0,0,0,0,0,0,0,0,0,0,0,0.14195787359191,0,0,0,0,0,0,0,0,0,0.186612324054177,0,0,0,0,0,0,0,0,0,0,0,0,0,0,0,0,0,0,0,0.217437197143833,0,0,0,0,0,0,0,0,0,0,0,0,0.201423715267863,0,0.191525087062345,0,0,0,0,0,0,0,0.184398841006415,0,0.180478575294965,0,0,0,0
0,0,0,0,0,0,0,0,0,0,0.160805999298129,0,0,0,0,0,0,0,0,0,0,0,0,0,0,0,0,0,0.163811051345701,0,0,0,0,0,0,0,0,0,0.147320062229026,0,0,0,0,0,0,0,0,0,0,0,0,0,0,0,0,0,0.168013652372691,0,0,0,0,0,0,0,0,0,0,0,0,0,0,0.151589756929561,0,0.194344776319069,0,0,0,0,0,0,0,0.162351554328645,0.148823661529101,0,0,0,0
0,0,0,0,0,0,0,0,0,0,0,0,0,0,0,0,0,0,0,0,0,0,0,0,0,0,0,0,0,0,0,0,0.282059277794845,0.630547972825857,0.542051255702972,0.17344127677381,0.121228121204833,0,0,0,0,0,0,0,0,0,0,0.518620947690496,0,0,0,0,0,0,0,0,0,0,0,0,0,0,0,0,0,0,0,0,0,0,0,0,0,0,0.369056198536246,0.222156415270711,0.259075998113706,0.472418554127216,0.299417556378701,0.176372346179239,0,0,0.15064444185959,0,0,0,0
0,0,0,0,0,0,0,0,0,0,0,0,0,0,0,0,0,0,0,0,0,0,0,0,0,0,0,0,0,0,0,0.282059277794845,0,0.48031134658785,0.593240559101105,0.169585284377847,0.149580561442616,0,0,0,0,0,0,0,0,0,0,0.53948291048171,0,0,0,0,0,0,0,0,0,0,0,0,0,0,0,0,0,0,0,0,0,0,0,0,0,0,0.409579966662372,0.421497924809075,0.601646423339844,0.474973306059837,0.549119886755943,0.384611354762629,0,0,0.140831647932529,0,0,0,0
0,0,0,0,0,0,0,0,0,0.381887704133987,0,0,0,0,0,0,0,0,0,0,0,0.576524198055267,0,0,0,0,0,0,0,0,0,0.630547972825857,0.48031134658785,0,0.291782715680699,0.189077972489245,0.160816095769405,0.276804542640661,0.158369138836861,0,0,0.294868361204863,0,0,0,0,0,0.487838151471482,0.460711667412206,0.368077821308567,0,0,0,0,0,0.319415936867396,0,0,0,0,0,0,0,0,0.445896565914154,0,0.325149365833827,0,0,0,0,0,0.325349107384682,0,0.247284280463141,0.240790373703212,0.251027756723707,0.229693490567156,0.181640364085008,0,0.414250363439026,0,0.189402308353543,0.257584071972153,0.398969221446249,0,0
0,0,0,0,0,0,0,0,0,0,0,0,0,0,0,0,0,0,0,0,0,0,0,0,0,0,0,0,0,0,0,0.542051255702972,0.593240559101105,0.291782715680699,0,0,0.159619346261024,0.143408299320274,0.164690526399542,0,0,0,0,0,0,0,0,0.317127262853199,0,0,0,0,0,0,0,0,0,0,0,0,0,0,0,0,0,0,0,0,0,0,0,0,0,0,0,0.30041659723169,0.22150929599789,0.238799074842247,0,0.230263579512636,0,0.181103931473834,0.251530900861998,0.206688123941421,0,0,0
0,0,0,0.230475257424747,0,0.216791542867819,0,0,0,0,0,0.171347071121379,0,0,0,0,0,0,0,0.157398680476255,0,0,0,0,0,0,0,0,0,0,0,0.17344127677381,0.169585284377847,0.189077972489245,0,0,0.133744421061128,0.195453821474429,0.153417224995792,0.226340226829052,0.187268689274788,0.289519878785785,0,0,0,0.179855460895918,0,0.377560755215129,0.246141165494919,0.256428735843603,0,0.228565767407417,0,0,0,0,0,0.202543882148288,0,0,0,0,0.182426259266159,0,0,0,0,0,0,0,0,0,0,0,0.239256980238666,0,0.252206596432299,0,0.197078561033093,0.161139422903248,0.229880508087402,0,0.182748049362702,0.201589442681183,0.22157571122453,0,0
0.311375957396295,0,0.23394824936986,0,0.186946749687195,0,0,0,0,0,0,0,0,0,0,0,0.32127240725926,0.339974486165577,0.343214966662943,0,0.15917966399244,0,0,0,0,0,0,0,0,0,0,0.121228121204833,0.149580561442616,0.160816095769405,0.159619346261024,0.133744421061128,0,0.118511572480202,0.150776312811431,0.328410446643829,0.241341714897463,0.297507524490356,0.287926398413746,0,0,0,0.270078189032418,0.152242287381055,0.241822874066473,0.198741927742958,0.219080702401698,0,0,0,0.214806914329529,0,0.273832842707634,0,0.227701877554258,0,0.220765143632889,0,0,0.209822328378952,0,0,0,0,0,0,0,0,0,0.27382879704237,0.167713068425655,0.182224770655503,0.265193939208984,0.305028042307606,0.156473689295095,0.194562931529132,0,0.199832142644767,0.168576033543374,0.20518729462143,0.240007989656698,0,0.3138846548704
0,0.301522961232514,0,0,0,0,0,0,0,0.266076775496466,0,0.176918664915935,0,0,0,0.297676593065262,0,0,0,0.146511878967285,0,0.203471481589214,0.128825391332308,0.220450002290794,0,0,0,0,0,0.186612324054177,0,0,0,0.276804542640661,0.143408299320274,0.195453821474429,0.118511572480202,0,0.146408700514718,0,0,0.213103761499127,0,0,0,0,0,0.41569106732354,0,0.267979735248086,0,0,0,0,0,0.229506794162311,0,0.16218884413441,0,0,0,0,0.175612100511789,0,0.271984059859461,0,0.299946147026402,0,0,0,0.136296261847019,0,0.1808018805138,0,0,0,0.301255689943857,0.177461691200733,0.186302803418995,0.147742558802877,0.202092780430833,0.144312321081188,0.167929547334042,0.117797641394039,0.325175939649052,0,0
0,0,0,0,0,0,0,0,0.232642059488332,0,0.163238884911674,0,0,0,0,0,0,0,0.313236266374588,0,0.163000007038531,0.114699348807335,0.154620985965631,0,0.19237567949868,0,0,0,0.182376607604649,0,0.147320062229026,0,0,0.158369138836861,0.164690526399542,0.153417224995792,0.150776312811431,0.146408700514718,0,0,0.370451152324677,0,0.133678365964442,0,0,0,0,0.288808868287905,0.32136675901711,0,0,0,0,0,0.284331368811337,0,0.171245835366703,0,0,0,0,0,0,0.233282208442688,0,0.18640100879662,0,0.266793006697596,0,0,0,0.188153002072464,0,0.157118991149796,0,0,0,0.187718350936969,0.175136146446069,0.203312618323872,0.159341904762629,0.192341180558442,0.136911709847696,0.149683714279762,0.259525199181558,0,0
0,0,0,0.193603172898293,0,0.22268371284008,0,0,0,0,0,0,0,0,0,0,0.269932467917927,0.277588594476787,0.259673542809387,0,0,0,0,0,0,0,0,0,0,0,0,0,0,0,0,0.226340226829052,0.328410446643829,0,0,0,0.219230275683933,0.238281479091905,0.249946688612302,0,0,0.255400128347773,0.32306957244873,0.119745552539825,0.223044823110104,0.185984786791111,0,0,0,0,0,0,0.321207761764526,0.308070807821221,0.215059638023376,0,0,0,0.220902531652858,0.325099050998688,0,0,0,0,0,0,0,0,0,0,0,0,0,0,0.247824134409273,0.328359485234854,0.386053048751571,0,0.269587009903873,0.257974748810132,0.244408040768067,0.316916771233082,0.311600804328918
0.339649180571238,0,0,0,0,0,0,0,0,0,0,0,0,0,0,0,0.264987754440585,0.295111273805941,0.297728162942579,0,0,0,0,0,0,0,0,0,0,0,0,0,0,0,0,0.187268689274788,0.241341714897463,0,0.370451152324677,0.219230275683933,0,0.266891953620044,0.258631154175913,0,0,0,0.231650280952454,0.348972045779228,0.252482498393339,0.213368305138179,0.225854583084583,0,0,0,0,0,0.273943737149239,0,0,0,0,0,0.296583861112595,0.238795295038569,0,0,0,0,0,0,0,0,0,0.249210337797801,0,0,0,0.452083349227905,0.342225738662355,0.249001673937728,0.333146780729294,0.331770847950663,0.273411837977076,0.245034778118134,0.261122977090204,0.227285176515579,0.340139560171009
0,0.224245287891891,0,0.247414719901587,0,0.23191149532795,0,0,0,0.241240302100778,0,0,0,0,0,0,0.256732207152151,0.248087937235832,0.212178995074395,0,0,0.415022403001785,0,0.277481585741043,0,0,0,0,0,0,0,0,0,0.294868361204863,0,0.289519878785785,0.297507524490356,0.213103761499127,0,0.238281479091905,0.266891953620044,0,0.202881438743084,0,0,0.252362599262612,0,0.290031009319204,0.342446637153625,0.252200335244195,0,0.291773200035095,0,0,0,0.282179862260818,0,0.305839757443568,0,0.241700027137995,0,0.230643452568488,0.287517441809177,0,0,0,0.283077120780945,0,0,0,0,0,0.339012920856476,0,0,0,0.291367411613464,0,0.307732994549493,0.272931526814188,0.432446777137048,0,0.217760257401223,0.22578635598932,0.267752289440959,0.239018723286448,0.266811221837997
0.292007700648419,0,0.254636963845318,0,0,0,0,0,0.197126660413212,0,0,0,0,0,0,0,0.238073608797529,0.252805119888349,0.208070006666871,0,0,0,0,0,0,0.228964731097221,0,0,0,0,0,0,0,0,0,0,0.287926398413746,0,0.133678365964442,0.249946688612302,0.258631154175913,0.202881438743084,0,0,0.197210047394037,0,0.242467621439382,0.379408765635262,0.305159182581183,0.239668942987919,0.216976664960384,0,0,0,0.208960031469663,0,0.33080147076579,0,0.200397461652756,0,0.183693513274193,0,0,0.262438269547459,0,0,0,0,0,0,0,0,0,0.29369257080475,0,0.277827054262161,0,0,0.303384165351207,0.248558281966776,0,0.388515874743462,0.234596789574573,0.221236695757224,0.26709249669945,0,0.207598405199002
0,0,0,0,0,0,0,0,0,0,0,0,0,0,0,0,0,0,0,0,0,0,0,0,0,0,0,0,0,0,0,0,0,0,0,0,0,0,0,0,0,0,0,0,0,0,0,0,0,0,0,0,0,0,0,0,0,0,0,0,0,0,0,0,0,0,0,0,0,0,0,0,0,0,0,0,0,0,0,0,0,0,0,0,0,0,0
0,0,0,0,0,0,0,0,0,0,0,0,0,0,0,0,0,0,0.198713317513466,0,0,0,0,0,0,0,0,0,0,0,0,0,0,0,0,0,0,0,0,0,0,0,0.197210047394037,0,0,0,0,0,0,0,0,0,0,0,0,0,0,0,0,0,0,0,0,0,0,0,0,0,0,0,0,0,0,0,0,0,0,0,0,0,0,0,0.150489047169685,0,0.262800830602646,0,0
0,0,0,0.167008126011262,0,0.157390549778938,0,0,0,0,0,0.287460058927536,0,0,0,0,0,0.318458884954453,0.25602741424854,0.309908878803253,0,0,0,0,0,0,0,0,0,0,0,0,0,0,0,0.179855460895918,0,0,0,0.255400128347773,0,0.252362599262612,0,0,0,0,0,0.215760499238968,0.211996217759756,0.234876313052335,0,0.161935235647594,0,0,0,0,0,0.274841870965257,0,0.154497608542442,0,0,0.226570849387723,0,0,0,0,0,0,0,0,0,0.310829348862171,0,0,0,0,0,0.313220863288765,0.357285579045614,0.411985115067676,0,0.270448741443614,0,0.235438028298058,0.264619002118707,0
0.20746361464262,0,0,0,0,0,0,0,0,0,0,0,0,0,0,0,0.252550848505714,0.264132228990396,0.246213697091393,0,0,0,0,0,0,0,0,0,0,0,0,0,0,0,0,0,0.270078189032418,0,0,0.32306957244873,0.231650280952454,0,0.242467621439382,0,0,0,0,0,0,0,0,0,0,0,0,0,0.272236784299215,0,0,0,0,0,0,0.207318531960367,0,0,0,0,0,0,0,0,0,0.259192302823067,0,0,0,0,0.338454897205035,0.330764102370099,0,0.359614742631765,0.252780583669555,0.254321672022343,0.255163225793728,0,0
0,0.340732459511076,0,0.258452713489532,0,0,0,0,0.393189162015915,0.36322183907032,0,0,0,0,0,0,0,0,0,0,0,0.522659680673054,0,0.374072418951277,0.420127868652344,0,0,0,0,0,0,0.518620947690496,0.53948291048171,0.487838151471482,0.317127262853199,0.377560755215129,0.152242287381055,0.41569106732354,0.288808868287905,0.119745552539825,0.348972045779228,0.290031009319204,0.379408765635262,0,0,0.215760499238968,0,0,0.438738062440328,0.314263264398164,0,0,0,0,0,0.338413824637731,0.277815967798233,0.276709839701653,0,0,0,0,0.232284740855296,0,0.537474673045309,0,0.382768332958221,0.439090633392334,0,0,0,0,0,0,0.491729045053785,0.521557916154843,0.410550104383529,0.491873932657418,0.352122875145116,0.480799654964358,0.499808074204953,0.277833088522866,0.412031200612008,0.219747879675456,0.472207659009771,0.217156782746315,0
0.1214016020298,0,0.139748083055019,0.24363973736763,0,0.23103961119285,0,0,0.201603626211484,0,0,0,0,0,0,0,0,0,0.26334506769975,0,0,0,0,0,0.316497641343337,0,0,0,0,0,0,0,0,0.460711667412206,0,0.246141165494919,0.241822874066473,0,0.32136675901711,0.223044823110104,0.252482498393339,0.342446637153625,0.305159182581183,0,0,0.211996217759756,0,0.438738062440328,0,0.304287801955396,0.23492926855882,0,0,0,0.327639467042425,0,0.228993252629326,0.236394003033638,0.224280387759209,0,0.220383774003257,0,0.218096706741735,0.215372795859973,0,0.225395942276174,0,0.326647343563622,0,0.195945613086224,0,0.269132086290763,0,0.297791167509322,0,0.294006627053022,0.477798638375182,0.417291641235352,0.24355095148492,0.3356806620277,0,0.302939079108014,0.311154155872683,0.260023586452007,0.305540914058418,0.293292701244354,0.284061655402184
0,0.177601423335636,0,0.198923080030716,0,0.223015624743242,0,0,0,0.258136527405845,0,0.197257354855537,0,0,0,0,0.312142044305801,0.248725019395351,0.235954498251279,0.208132326602936,0,0.257300156839532,0,0.286081516302672,0,0,0,0,0,0,0,0,0,0.368077821308567,0,0.256428735843603,0.198741927742958,0.267979735248086,0,0.185984786791111,0.213368305138179,0.252200335244195,0.239668942987919,0,0,0.234876313052335,0,0.314263264398164,0.304287801955396,0,0,0.240754887461662,0,0,0,0.216292700668176,0,0.251576480045114,0,0.171187465777621,0,0.185971586203033,0.21506967574358,0,0.279977803625683,0,0.290056170758448,0,0.282985723018646,0,0.259036981410557,0,0.258191717522485,0,0.289670712314546,0,0.419677463017012,0,0.238928128427821,0,0.28327452344606,0,0.314603096403766,0.258380919694901,0.267433360144216,0.197389200329781,0
0,0,0.167657648763025,0,0.18443910939784,0,0,0,0.166891187429428,0,0,0,0.157996868385988,0,0.155988418213699,0,0,0,0,0,0.177241298285398,0,0,0,0,0,0,0,0,0,0,0,0,0,0,0,0.219080702401698,0,0,0,0.225854583084583,0,0.216976664960384,0,0,0,0,0,0.23492926855882,0,0,0,0,0,0.150626280903816,0,0.212180967736244,0,0.211705366828049,0,0.166022898294987,0,0,0.22467907872938,0,0,0,0,0,0,0,0,0,0,0,0,0,0,0,0,0,0,0.190029476716266,0,0.203622730758882,0,0
0,0,0,0.149485661971326,0,0.186034465191869,0,0.176398533582687,0,0,0,0.170120685050885,0,0,0,0,0,0,0,0,0,0,0,0,0,0,0,0,0,0,0,0,0,0,0,0.228565767407417,0,0,0,0,0,0.291773200035095,0,0,0,0.161935235647594,0,0,0,0.240754887461662,0,0,0,0.172472472868714,0,0,0,0.195854045574864,0,0.174142799546233,0,0,0,0,0,0,0,0,0,0,0,0,0,0,0,0,0,0,0,0,0.284717500209808,0,0.179874734580517,0,0.170853967255935,0,0
0,0,0,0,0,0,0.161624646151629,0,0,0,0.171024305479867,0,0,0,0,0,0,0,0,0,0.15604671702171,0,0,0,0,0,0,0,0,0,0,0,0,0,0,0,0,0,0,0,0,0,0,0,0,0,0,0,0,0,0,0,0,0,0,0,0.201327803570773,0,0,0,0,0,0,0.172275637432655,0,0,0,0,0,0,0,0,0,0,0,0,0,0,0,0,0,0,0.158800724020693,0,0,0,0
0,0,0,0,0,0.188349552452564,0,0.168669818332782,0,0,0,0.165096570042115,0,0.149797883204051,0,0,0,0,0,0,0,0,0,0,0,0,0,0,0,0,0,0,0,0,0,0,0,0,0,0,0,0,0,0,0,0,0,0,0,0,0,0.172472472868714,0,0,0,0,0,0.172155214504546,0,0.171378261321469,0,0,0,0,0,0,0,0,0,0,0,0,0,0,0,0,0,0,0,0,0,0,0.194911077618599,0,0,0,0
0.170224993075415,0,0.12551665894295,0,0,0,0,0,0.193930415429263,0,0,0,0,0,0.154503200788583,0,0,0,0,0,0,0,0,0,0.207592457532883,0,0.173380628514748,0,0,0,0,0,0,0,0,0,0.214806914329529,0,0.284331368811337,0,0,0,0.208960031469663,0,0,0,0,0,0.327639467042425,0,0.150626280903816,0,0,0,0,0,0.200935993343592,0,0,0,0.157584732329404,0,0,0.199046388268471,0,0.287182062864304,0,0.280170057067829,0,0.187969456116358,0,0,0,0.221810852487882,0,0,0,0,0,0,0,0.299868455369374,0.1860779471329,0,0.278506550110049,0,0.19113977253437
0,0.219283919368375,0,0.137058431468904,0,0,0,0,0,0.239423194085095,0,0,0,0,0,0.148255446304878,0,0,0,0,0,0.395305573940277,0,0.290388123691082,0,0.139743369072676,0,0,0,0,0,0,0,0.319415936867396,0,0,0,0.229506794162311,0,0,0,0.282179862260818,0,0,0,0,0,0.338413824637731,0,0.216292700668176,0,0,0,0,0,0,0,0,0,0,0,0.178459173440933,0,0,0.369924753904343,0,0.216085337723295,0,0,0,0,0,0,0,0,0,0.299337536096573,0,0,0,0.213020462944782,0,0.246806780857165,0,0.286793726629445,0,0
0.282638266682625,0,0.230972036719322,0,0.223038091262182,0,0.188798017539084,0,0,0,0.188727011924124,0,0.175379545437662,0,0,0,0.278880536556244,0.306083470582962,0.368441386656328,0,0.146988127846271,0,0,0,0,0,0,0,0.174458578228951,0,0.168013652372691,0,0,0,0,0,0.273832842707634,0,0.171245835366703,0.321207761764526,0.273943737149239,0,0.33080147076579,0,0,0,0.272236784299215,0.277815967798233,0.228993252629326,0,0.212180967736244,0,0.201327803570773,0,0.200935993343592,0,0,0,0.18822174967818,0,0.22605853776137,0,0,0.307882470250292,0,0,0,0,0,0,0,0,0,0.288392543884992,0,0,0,0,0,0.25549649987735,0,0.168965821154416,0.186815532279714,0,0.306309774564147,0,0.300845919501397
0,0.169926293194294,0,0.138675590356191,0,0.198028727617096,0,0.173647714157899,0,0,0,0.198099208134618,0,0.186559292798241,0,0,0.305122822523117,0,0.306091417486851,0.229694897929827,0,0,0,0,0,0,0,0,0,0.217437197143833,0,0,0,0,0,0.202543882148288,0,0.16218884413441,0,0.308070807821221,0,0.305839757443568,0,0,0,0.274841870965257,0,0.276709839701653,0.236394003033638,0.251576480045114,0,0.195854045574864,0,0.172155214504546,0,0,0,0,0,0.193063345145095,0,0,0.267459565318209,0,0,0,0,0,0,0,0.291318233493421,0,0.327960070869732,0,0,0,0,0,0.25240687901775,0,0.339510224759579,0,0.205263037958907,0,0.279112108649896,0.304290777677065,0
0,0,0.187096070498228,0,0.161232732628521,0,0.184274234942027,0,0,0,0.175211681159277,0,0.176203812142526,0,0.164086485082663,0,0,0,0,0,0,0,0,0,0,0,0,0,0.178649796379937,0,0,0,0,0,0,0,0.227701877554258,0,0,0.215059638023376,0,0,0.200397461652756,0,0,0,0,0,0.224280387759209,0,0.211705366828049,0,0,0,0,0,0.18822174967818,0,0,0,0.206170321865515,0,0,0.211646462480227,0,0,0,0,0,0,0,0.205253111891938,0,0.236337706446648,0,0,0,0,0,0,0,0,0.203455592966774,0.213812859995025,0.158912388788116,0,0.187242820858955
0,0.172113143073188,0,0.16380428863784,0,0.184952840209007,0,0.181455982046399,0,0,0,0,0,0.165339362079447,0,0.150198515504599,0,0,0,0,0,0,0,0,0,0,0,0.150255915987027,0,0,0,0,0,0,0,0,0,0,0,0,0,0.241700027137995,0,0,0,0.154497608542442,0,0,0,0.171187465777621,0,0.174142799546233,0,0.171378261321469,0,0,0,0.193063345145095,0,0,0,0,0,0,0,0,0,0,0,0,0.185177978660379,0,0,0,0,0,0,0,0,0,0,0,0.133162097289012,0.205073088407516,0.16646291343671,0,0
0.162625645597776,0,0.196552634239197,0,0.150011867284775,0,0,0,0.166851788759232,0,0,0,0.149752674194483,0,0.150534221877319,0,0.147199945660626,0,0,0,0,0,0,0,0,0,0,0,0.163493850992786,0,0,0,0,0,0,0,0.220765143632889,0,0,0,0,0,0.183693513274193,0,0,0,0,0,0.220383774003257,0,0.166022898294987,0,0,0,0.157584732329404,0,0.22605853776137,0,0.206170321865515,0,0,0,0,0,0,0,0,0,0,0,0,0,0,0,0,0,0,0,0,0,0,0,0.148620336952776,0.174788126515018,0.174489215016365,0,0
0,0.18834427402126,0,0.194232629840834,0,0,0,0,0,0.188118241727352,0,0,0,0,0,0.165276552357617,0,0,0,0,0,0,0,0.213518261909485,0,0,0,0,0,0,0,0,0,0,0,0,0,0,0,0,0,0.230643452568488,0,0,0,0,0,0,0,0.185971586203033,0,0,0,0,0,0.178459173440933,0,0,0,0,0,0,0,0,0,0,0.168276375957898,0,0,0,0,0,0,0,0,0,0,0,0,0,0,0,0.1781899116693,0,0.164601924873534,0,0
0,0,0,0.208727171023687,0,0.264050592978795,0,0.150403916835785,0,0,0,0.233267150205724,0,0,0,0,0.329051241278648,0.2758404687047,0.308046931028366,0.189953297731422,0,0,0,0,0,0,0,0,0,0,0,0,0,0,0,0.182426259266159,0,0.175612100511789,0,0.220902531652858,0.296583861112595,0.287517441809177,0,0,0,0.226570849387723,0,0.232284740855296,0.218096706741735,0.21506967574358,0,0,0,0,0,0,0,0.267459565318209,0,0,0,0,0,0,0,0,0,0,0,0,0,0,0.345567700954584,0,0,0,0,0,0.253394254496127,0,0.338803196858867,0,0.196905082898584,0,0.287420628702428,0.307189870029688,0
0.29932102560997,0,0.20532850176096,0,0.211063306457949,0,0.152785841419416,0,0,0,0.150019226259873,0,0,0,0,0,0.247488123675187,0.269694939255714,0.352307522793611,0,0.217373664421892,0,0,0,0,0,0,0,0,0,0,0,0,0,0,0,0.209822328378952,0,0.233282208442688,0.325099050998688,0.238795295038569,0,0.262438269547459,0,0,0,0.207318531960367,0,0.215372795859973,0,0.22467907872938,0,0.172275637432655,0,0.199046388268471,0,0.307882470250292,0,0.211646462480227,0,0,0,0,0,0,0,0,0,0,0,0,0,0,0.329515861783962,0,0,0,0.299030274152756,0.367795705795288,0.260853407949466,0,0.303409101599354,0.186126902808717,0.228160567581654,0.271389521115573,0,0.306011844509178
0,0,0,0,0,0,0,0,0,0,0,0,0,0,0,0,0,0.129498973488808,0,0,0,0.168161094104766,0.114665261426797,0.192777960423321,0,0.150318041443825,0,0.15993575265874,0,0,0,0,0,0.445896565914154,0,0,0,0.271984059859461,0,0,0,0,0,0,0,0,0,0.537474673045309,0,0.279977803625683,0,0,0,0,0,0.369924753904343,0,0,0,0,0,0,0,0,0,0.118140421807766,0.220151720029274,0,0.17145781809429,0,0.179329226911068,0,0,0,0,0,0.160577550530434,0,0,0,0.255074671349642,0,0.135482978826361,0.130154952406883,0.482333385944366,0,0
0,0,0,0,0,0,0,0,0,0,0,0,0,0,0,0,0.168397461826151,0,0,0,0,0.114108587801456,0.165790075701843,0,0.175388084724545,0,0,0,0.135757048632584,0,0,0,0,0,0,0,0,0,0.18640100879662,0,0,0,0,0,0,0,0,0,0.225395942276174,0,0,0,0,0,0.287182062864304,0,0,0,0,0,0,0,0,0,0.118140421807766,0,0,0.206375446014044,0,0.191748475486582,0,0.199587942216515,0,0,0,0,0,0,0,0,0,0.231285802097793,0.145367472085918,0.102491240948439,0,0,0
0,0.231873876586252,0,0,0,0,0,0,0,0.160284971402696,0,0,0,0,0,0.158067810079776,0.170782878994942,0.141843243256996,0,0,0,0.237906024658254,0,0.17183322478309,0,0.169413644910002,0,0,0,0,0,0,0,0.325149365833827,0,0,0,0.299946147026402,0,0,0,0.283077120780945,0,0,0,0,0,0.382768332958221,0,0.290056170758448,0,0,0,0,0,0.216085337723295,0,0,0,0,0,0.168276375957898,0,0,0.220151720029274,0,0,0,0.201740852246682,0,0.245445564389229,0,0,0,0,0,0.308010272681713,0,0,0,0.221920609645132,0,0.197078617018403,0,0.30678278698742,0,0
0,0,0,0,0,0,0,0,0.313396812975407,0,0,0,0,0,0.147551417350769,0,0.160236530005932,0,0,0,0,0,0.208446400506156,0,0.179678177056105,0,0.184853903227447,0,0,0,0,0,0,0,0,0,0,0,0.266793006697596,0,0,0,0,0,0,0,0,0.439090633392334,0.326647343563622,0,0,0,0,0,0.280170057067829,0,0,0,0,0,0,0,0,0,0,0.206375446014044,0,0,0,0.188663194788263,0,0,0,0,0,0,0,0,0,0,0,0.294989036312154,0.185615825382146,0,0.343910559950542,0,0
0,0,0,0,0,0,0,0,0,0,0,0,0,0,0,0,0,0.154642827929028,0,0,0,0.177084431052208,0,0.164617337286472,0,0.182885506348303,0,0.152468899434263,0,0,0,0,0,0,0,0,0,0,0,0,0,0,0,0,0,0,0,0,0,0.282985723018646,0,0,0,0,0,0,0,0,0,0,0,0,0,0,0.17145781809429,0,0.201740852246682,0,0,0,0.178734418352445,0,0,0,0,0,0,0,0,0,0,0,0.160646175796335,0,0,0,0
0,0,0,0,0,0,0,0,0.18568629026413,0,0,0,0,0,0,0,0.141081080348654,0,0,0,0,0,0.150488229095936,0,0,0,0.158991205870831,0,0.153963617294243,0,0,0,0,0,0,0,0,0,0,0,0,0,0,0,0,0,0,0,0.195945613086224,0,0,0,0,0,0.187969456116358,0,0,0,0,0,0,0,0,0,0,0.191748475486582,0,0.188663194788263,0,0,0,0,0,0,0,0,0,0,0,0,0,0,0.155588101288852,0,0.187455415394571,0,0
0,0,0,0,0,0,0,0,0,0,0,0.171435251832008,0,0.183552435175939,0,0,0,0,0,0,0,0.156472082436085,0,0,0,0,0,0.158390120678134,0,0.201423715267863,0,0,0,0,0,0,0,0.136296261847019,0,0,0,0,0,0,0,0,0,0,0,0.259036981410557,0,0,0,0,0,0,0,0.291318233493421,0,0.185177978660379,0,0,0,0,0.179329226911068,0,0.245445564389229,0,0.178734418352445,0,0,0,0.213325332458082,0,0,0,0,0,0,0,0.208331584943468,0,0.170496099374511,0,0,0,0
0,0,0,0,0,0,0,0,0,0,0,0,0.170091963062684,0,0,0,0,0,0,0,0,0,0.1516962170049,0,0,0,0,0,0.172338548365142,0,0.151589756929561,0,0,0,0,0,0,0,0.188153002072464,0,0,0,0,0,0,0,0,0,0.269132086290763,0,0,0,0,0,0,0,0,0,0.205253111891938,0,0,0,0,0,0,0.199587942216515,0,0,0,0,0,0,0,0.245681161681811,0,0,0,0,0,0,0,0.213178042385222,0.173695479791898,0.165169053489254,0.255891680717468,0,0
0,0,0,0,0,0,0,0,0,0,0,0.255049309560231,0,0,0,0,0,0,0,0,0,0,0,0,0,0,0,0.189271553949106,0,0.191525087062345,0,0,0,0.325349107384682,0,0,0,0.1808018805138,0,0,0,0.339012920856476,0,0,0,0.310829348862171,0,0,0,0.258191717522485,0,0,0,0,0,0,0,0.327960070869732,0,0,0,0,0.345567700954584,0,0,0,0,0,0,0,0.213325332458082,0,0,0,0,0,0,0,0,0,0.260108945196902,0,0,0,0.329944223165512,0.356081530451775,0
0,0,0.231284293532372,0,0,0,0,0,0,0,0.162101410096511,0,0,0,0,0,0,0,0.344853955010573,0,0,0,0,0,0,0,0,0,0.177941018680357,0,0.194344776319069,0,0,0,0,0,0.27382879704237,0,0.157118991149796,0,0.249210337797801,0,0.29369257080475,0,0,0,0.259192302823067,0,0.297791167509322,0,0,0,0,0,0.221810852487882,0,0.288392543884992,0,0.236337706446648,0,0,0,0,0.329515861783962,0,0,0,0,0,0,0,0.245681161681811,0,0,0,0,0,0,0,0.237563200294971,0,0.240245557955423,0.185804800810041,0,0.318485346945942,0,0.309269762635231
0,0,0,0,0,0,0,0,0,0,0,0,0,0,0,0,0,0,0,0,0,0,0,0,0,0,0,0,0,0,0,0.369056198536246,0.409579966662372,0.247284280463141,0,0.239256980238666,0.167713068425655,0,0,0,0,0,0,0,0,0,0,0.491729045053785,0,0.289670712314546,0,0,0,0,0,0,0,0,0,0,0,0,0,0,0,0,0,0,0,0,0,0,0,0,0,0.263744966669835,0.288546219352154,0,0.27600956261158,0.301584204962087,0,0,0.172386050224304,0,0,0,0
0,0,0,0,0,0,0,0,0,0,0,0,0,0,0,0,0,0,0,0,0,0,0,0,0,0,0,0,0,0,0,0.222156415270711,0.421497924809075,0.240790373703212,0.30041659723169,0,0.182224770655503,0,0,0,0,0,0.277827054262161,0,0,0,0,0.521557916154843,0.294006627053022,0,0,0,0,0,0,0,0,0,0,0,0,0,0,0,0,0,0,0,0,0,0,0,0,0,0.263744966669835,0,0,0.301364946295044,0,0.373913152379208,0,0.30150294303894,0.155040631274215,0,0,0,0
0,0.330927640199661,0,0,0,0,0,0,0,0.328445263206959,0,0,0,0,0,0,0,0,0,0,0,0.15139165520668,0,0,0,0,0,0,0,0,0,0.259075998113706,0.601646423339844,0.251027756723707,0.22150929599789,0.252206596432299,0.265193939208984,0.301255689943857,0,0,0,0.291367411613464,0,0,0,0,0,0.410550104383529,0.477798638375182,0.419677463017012,0,0,0,0,0,0.299337536096573,0,0,0,0,0,0,0,0,0.160577550530434,0,0.308010272681713,0,0,0,0,0,0,0,0.288546219352154,0,0,0.197416634670088,0.344725944544873,0,0.28141932316921,0,0.208308881685831,0.252999913433324,0.449141813649072,0,0
0,0,0,0,0,0,0,0,0,0,0,0,0,0,0,0,0,0,0,0,0,0,0,0,0,0,0,0,0,0,0,0.472418554127216,0.474973306059837,0.229693490567156,0.238799074842247,0,0.305028042307606,0.177461691200733,0.187718350936969,0,0.452083349227905,0,0,0,0,0,0,0.491873932657418,0.417291641235352,0,0,0,0,0,0,0,0,0,0,0,0,0,0,0.299030274152756,0,0,0,0,0,0,0,0,0,0,0,0.301364946295044,0.197416634670088,0,0,0.310560441075041,0,0.254916886360223,0.204956671694058,0.193915913655208,0.471839934587479,0,0
0.36999673396349,0,0,0,0,0.143992334604263,0,0,0,0,0,0.167415746871163,0,0,0,0,0.334178954031732,0.322606706732436,0.347504129712856,0.159908146176239,0,0,0,0,0,0,0,0,0,0,0,0.299417556378701,0.549119886755943,0.181640364085008,0,0.197078561033093,0.156473689295095,0.186302803418995,0.175136146446069,0.247824134409273,0.342225738662355,0.307732994549493,0.303384165351207,0,0,0.313220863288765,0.338454897205035,0.352122875145116,0.24355095148492,0.238928128427821,0,0,0,0,0,0,0,0.25240687901775,0,0,0,0,0.253394254496127,0.367795705795288,0,0,0,0,0,0,0,0,0,0,0.27600956261158,0,0.344725944544873,0,0,0.332312812240212,0.217142674090017,0.414153784513474,0.202791967501134,0.191022824952189,0.305834809214626,0.426906026617901,0.315434641308255
0.322574608950388,0,0.286616984754801,0,0.180483557283878,0,0,0,0,0,0,0,0,0,0,0,0.313032733360389,0.325766831636429,0.350912012711719,0,0.151915745405816,0,0,0.282182395458221,0,0,0,0,0,0,0,0.176372346179239,0.384611354762629,0,0.230263579512636,0.161139422903248,0.194562931529132,0.147742558802877,0.203312618323872,0.328359485234854,0.249001673937728,0.272931526814188,0.248558281966776,0,0,0.357285579045614,0.330764102370099,0.480799654964358,0.3356806620277,0,0,0,0,0,0,0,0.25549649987735,0,0,0,0,0,0,0.260853407949466,0,0,0,0,0,0,0,0,0,0.237563200294971,0.301584204962087,0.373913152379208,0,0.310560441075041,0.332312812240212,0,0.391776323318481,0.258275425138479,0.193017307759661,0.186497191637458,0.272403917824998,0.276869475841522,0.361307512819767
0,0.298403395874666,0,0,0,0,0,0,0,0.324387642347978,0,0.164554726419061,0,0,0,0,0.338768899440765,0.387587636709213,0.424383414288362,0.181386024644777,0,0.182391999230661,0,0.198826665197995,0,0,0,0.210637172063192,0,0.184398841006415,0,0,0,0.414250363439026,0,0.229880508087402,0,0.202092780430833,0.159341904762629,0.386053048751571,0.333146780729294,0.432446777137048,0,0,0,0.411985115067676,0,0.499808074204953,0,0.28327452344606,0,0.284717500209808,0,0,0,0.213020462944782,0,0.339510224759579,0,0,0,0,0.338803196858867,0,0.255074671349642,0,0.221920609645132,0,0,0,0.208331584943468,0,0.260108945196902,0,0,0,0.28141932316921,0,0.217142674090017,0.391776323318481,0,0.152893242239952,0.171513011275205,0.141727225940961,0.492598239886719,0.472101834432855,0
