0,0,0.0123991488841588,0,0.00792585615480952,0,0,0,0.0911527478087525,0,0,0,0,0,0,0,1.78576736052379e-05,0,0.00220163770155155,0,0,0,0,0,0.015975595270643,0,0.000696422147457881,0,0,0,0,0,0,0,0,0,0,0,0.00100489102884321,0,0,0,0.00498275140079316,0,0,0,0,0,0.0136905185845651,0,0,0,0,0,0.0364847562979898,0,0,0,0,0,0.00146123059690554,0,0,0,0,0,0,0.0171152534270028,0,0,0,0,0,0,0,0,0,0,0,0,0,0.00219736295340818,0.00195782626086617,0,0.00441356921461466,0,0.0245700035449821
0,0,0,0.0582600577755096,0,6.84419280670544e-05,0,0,0,0.0517514157949623,0,0,0,0,0,0.000147623873647963,0,3.98568499493878e-06,0.000157379920692096,0,0,0,0,0.00812932165508772,0,0.00171269264622523,0,0,0,0,0,0,0,0,0,0,0,0.00284864777593634,0,0,0,0,3.79120282204795e-05,0,0,0,0,0,0,0.0197090279132802,0,0.000159819666579014,0,0,0,0.0305713859666352,0,0.00052089038981785,0,0,0,0.0072759098041148,0,0,0,0,0.00679200336074175,0,0.00440401733018658,0,0,0,0,0,0,0,0,0,0,0,0.000709467345195259,0,0.001794163944104,0,0.000532327842250154,0,0
0.0123991488841588,0,0,0,0.0351791065683884,0,0,0,0.0292785644935079,0,0,0,0,0,0,0,0.000152739198302752,1.31898202566764e-05,6.61020136023451e-05,0,0,0,0,0,0.00659443039742625,0,0,0,0,0,0,0,0,0,0,0,0,0,0,0,0,0,0.000340194958159656,0,0,0,0.00137619560110218,0,0.016259981017246,0,0,0,0,0,0.0156417509214087,0,0.00132803913201324,0,0,0,0,0,0,0,0,0,0,0.00600574402087403,0,0,0,0,0,0,0,0,0,0,0,0,0,0,0.00146853304024808,0,0.0203964736994736,0,0
0,0.0582600577755096,0,0,0,0.00563643070055074,0,0,0,0.0484347673312853,0,0,0,0,0,0.0156804386121155,0,0.000273508340415909,0,0,0,0,0,0.00320105970222167,0,0,0,0,0,0,0,0,0,0,0,0,0,0.000494909340970587,0,0,0,0.00312093161038271,0,0,0,0,0,0,0,0.0473185833249084,0,0.0119644507430347,0,0,0,0.079222831713296,0,0.000117970247935966,0,7.74342903323699e-05,0,0.024984144160827,0,0,0,0,0.00212775308979136,0,2.55858843202081e-05,0,0.000106604817574177,0,0.000277827781767958,0,0,0,0,0,0,0,4.45530478283958e-05,0,0.000845140319050183,0,0.0397722416119271,0,0
0.00792585615480952,0,0.0351791065683884,0,0,0,0,0,0.00355642884078179,0,0,0,0,0,0,0,0,0,5.50700422963132e-05,0,0,0,0,0,0,0,0,0,0,0,0,0,0,0,0,0,0,0,0,0,0,0,0,0,0,0,0,0,0.00034759288224005,0,0.0120995825477921,0,0,0,0.000157080173855803,0,0.00175078816522679,0,0,0,0,0,0,0,0,0,0,0,0,0,0,0,0,0,0,0,0,0,0,0,0,0,0.000568090762818236,0,0.000483206589495452,0,0
0,6.84419280670544e-05,0,0.00563643070055074,0,0,0,0,0,0.00467219124668758,0,7.45755510064112e-05,0,0,0,0.00719270475561567,0,0,0,0,0,0,0,0,0,0,0,0,0,0,0,0,0,0,0,0,0,1.37695583855431e-06,0,0,0,0,0,0,0,0,0,0,0,0,0,0.0546231731076331,0,0,0,0.021576858053764,0,0.00133001362349933,0,0.00350695031991992,0,0.00576310537650921,0,0,0,0,0,0,0,0,0,0,0,0,0,0,0,0,0,0,0,0,0.000221179449075967,0,0.00297932238613956,0,0
0,0,0,0,0,0,0,0,0,0,0,0,0,0,0,0,0,0,0,0,0,0,0,0,0,0,0,0,0,0,0,0,0,0,0,0,0,0,0,0,0,0,0,0,0,0,0,0,0,0,0,0,0,0,0,0,0,0,0,0,0,0,0,0,0,0,0,0,0,0,0,0,0,0,0,0,0,0,0,0,0,0,0,0,0,0,0
0,0,0,0,0,0,0,0,0,0,0,0,0,0,0,0,0,0,0,0,0,0,0,0,0,0,0,0,0,0,0,0,0,0,0,0,0,0,0,0,0,0,0,0,0,0,0,0,0,0,0,0,0,0,0,0,0,0,0,0,0,0,0,0,0,0,0,0,0,0,0,0,0,0,0,0,0,0,0,0,0,0,0,0,0,0,0
0.0911527478087525,0,0.0292785644935079,0,0.00355642884078179,0,0,0,0,0,0,0,0,0,0.0365623908736884,0,0.0107529106481344,0.000235963451519294,0.0048391905388289,0,0,0,1.58557994432969e-05,4.16371522809094e-05,0.0236007685212775,0,0.000352318461880721,0,0,0,0,0,0,0,0,0,0,0,2.05388368481032e-05,0,0,7.8251332214061e-05,0.00353089931629926,0,0,0,0,0,0.00565344021502197,0,0,0,0,0,0.0866435362378475,0,0,0,0,0,0.0271857020797441,0,0,0,0,0,0,0.0305019435643338,0,0,0,0,0,0,0,0,0,0,0,0,0,1.3532359626155e-05,0.00393811777985001,0.000750956748431376,0.000790295361788368,0,0
0,0.0517514157949623,0,0.0484347673312853,0,0.00467219124668758,0,0,0,0,0,0,0,4.67593969256958e-05,0,0.0523546146332333,0.000311035234097242,0.0107605089086622,0.00112740495808477,0,0,0,0,0.0223269723775822,0,0.00224720123374133,0,0,0,0,0,0,0,0,0,0,0,0.00112100098218448,0,0,0,0.00530579100478483,3.90688811633994e-05,0,0,0,0,0,7.29887783178793e-06,0.0104455120181998,0,0.00438610182621798,0,0,0,0.12281058634896,0,0.000139084847166294,0,0,0,0.0214699868992947,0,0,0,0,0.0102914671991313,0,0.00573617434051398,0,0.000314898358239153,0,0.000149386001140967,0,0,0,0,0,0,0,0.000154483272352539,0,0.00277940490909808,0.00010430016471899,0.00231687757817445,0.00560356817562662,0
0,0,0,0,0,0,0,0,0,0,0,0,0.000324453956007806,0,0,0,0,0,0,0,0.000390094580621836,0,0,0,0,0,0,0,0.000160485334545549,0,0.00845012141655097,0,0,0,0,0,0,0,0.00229782283291774,0,0,0,0,0,0,0,0,0,0,0,0,0,0,0,0,0,0.0173545382068786,0,0,0,0,0,0,0,0,0,0,0,0,0,0,0,0,0.00341559288146158,0,0,0,0,0,0,0,0,7.78145249781444e-06,0,0,0,0
0,0,0,0,0,7.45755510064112e-05,0,0,0,0,0,0,0,0.00246006233459332,0,0,0,0,0,0.00280129407462896,0,0,0,0,0,0,0,0,0,0.00147169408126875,0,0,0,0,0,0.000170954751277112,0,0.000412988278469721,0,0,0,0,0,0,0,0,0,0,0,0,0,0,0,0,0,0,0,0.00544867271130572,0,0,0,0,0.000100640773527445,0,0,0,0,0,0,0,0,0,0.000341333608248766,0,0,0,0,0,0,0,0.000182934473881644,0,0.000496976899589991,0,4.76736944282959e-05,0,0
0,0,0,0,0,0,0,0,0,0,0.000324453956007806,0,0,0,0.000227777461986989,0,0,0,0,0,0,0,0,0,0,0,0,0,0,0,0,0,0,0,0,0,0,0,0,0,0,0,0,0,0,0,0,0,0,0,0,0,0,0,0,0,0,0,0,0,0,0,0,0,0,0,0,0,0,0,0,0,0,0,0,0,0,0,0,0,0,0,7.31091173642404e-05,0,0,0,0
0,0,0,0,0,0,0,0,0,4.67593969256958e-05,0,0.00246006233459332,0,0,0,0.00486389933981951,0,0,0,0,0,0,0,0,0,0,0,0,0,0,0,0,0,0,0,0,0,0,0,0,0,0,0,0,0,0,0,0,0,0,0,0,0,0,0,4.74300717484194e-05,0,0,0,0.000481868459597725,0,0.00155319390583291,0,0,0,0,0,0,0,0,0,0,0,0,0,0,0,0,0,0,0,0,0.000740194491868339,0.00111869700567004,0,0,0
0,0,0,0,0,0,0,0,0.0365623908736884,0,0,0,0.000227777461986989,0,0,0,0,0,0,0,0,0,0,0,0.00301174532747437,0,0,0,0,0,0,0,0,0,0,0,0,0,0,0,0,0,0,0,0,0,0,0,0.000276281887628101,0,0,0,0,0,0.0129889011663893,0,0,0,0,0,0.00876513790921258,0,0,0,0,0,0,0.00232021088888187,0,0,0,0,0,0,0,0,0,0,0,0,0,0,0.00040838372414084,0.000241929427929874,0,0,0
0,0.000147623873647963,0,0.0156804386121155,0,0.00719270475561567,0,0,0,0.0523546146332333,0,0,0,0.00486389933981951,0,0,0,0.00178292243553393,0,0,0,0,0,0.00103674802890168,0,0.00316323688375496,0,0,0,0,0,0,0,0,0,0,0,4.79123466462533e-05,0,0,0,0,0,0,0,0,0,0,0,0.00052249472813006,0,0.00725376072190032,0,0,0,0.00697986972474558,0,0,0,0.00555577411348641,0,0.110456908993315,0,0,0,0,0.000274540982379199,0,0.00943878576650342,0,0,0,0,0,0,0,0,0,0,0,0,0,0.00188305986045407,0.00098121833110041,0,0,0
1.78576736052379e-05,0,0.000152739198302752,0,0,0,0,0,0.0107529106481344,0.000311035234097242,0,0,0,0,0,0,0,0.145668616885642,0.0849871065162004,0,0,2.9889011804448e-05,0.00365182739364045,0.000573291389334561,0.00261253137585832,6.63663122376875e-05,0.00613662996996434,0,0,0,0,0,0,0,0,0,0,1.49711016360242e-05,0.000137892279055887,0,0,0.0034947571053152,0.0070748457469364,0.000341161115854008,0.000122791349150538,0,0,0,0.00262963565033116,0.000366138242327296,0,0,0,0,0.000847033388341963,0.000125875652980355,0,0,0,0,0,0,0,0,0,0.000395237816137297,0.000464420104310775,0.00241595432664594,0,0,6.24047552108061e-05,0.000110791334542468,2.00820965789508e-05,5.61308007122579e-06,0,0,0,0,0,0,0,1.65417777731555e-05,0.0300323435986647,0.00623978177658141,0.00101147616554286,0.00120764862568324,0.000768819523849273
0,3.98568499493878e-06,1.31898202566764e-05,0.000273508340415909,0,0,0,0,0.000235963451519294,0.0107605089086622,0,0,0,0,0,0.00178292243553393,0.145668616885642,0,0.0745528991493704,0,0,0.0047042394381444,4.32680682948905e-05,0.00681616339600383,6.63545837112681e-05,0.011713985258782,0,8.40137018692675e-05,0,0,0,0,0,0,0,0,0,0.000406325133570974,2.06739183761588e-06,0,0,0.00731532361138669,0.000792731153223805,0.000929229574710922,0,0,0,0,0.00029279032743517,0.00233121010451916,0,0,0,0,5.15325393629987e-05,0.00525729030850827,0,0,0,0,0,0.00148453020098441,0,0,0.0043159766712083,0,0.00524609172104252,0,0.0018844242512274,0,0.000143321771548376,2.65199503360078e-05,6.3582803175022e-05,0,0,0,0,0,0,0,1.89162218923326e-05,3.64205706869777e-06,0.0405420826409384,0.00576060342415363,0.00115579494675542,0.00589074974372674,0.000188533832305439
0.00220163770155155,0.000157379920692096,6.61020136023451e-05,0,5.50700422963132e-05,0,0,0,0.0048391905388289,0.00112740495808477,0,0,0,0,0,0,0.0849871065162004,0.0745528991493704,0,0,0,0,0,0.00023497449311281,0.000151660677414439,4.83591345275475e-05,0,0,0,0,0,0,0,0,0,0,0,1.59375687356047e-05,9.09616152022576e-05,0,0,0.0614279028244961,0.0612255783818728,0.0384165389916805,0.0080152779315548,9.28924680884289e-06,0,0,0.00474003320312694,0.00156723495747395,0,0,0,0,0.000462414108529523,0.000385968076127952,0,0,0,0,0,0.000124842804136501,0,0,0,0,0.000295790543669854,0.000276620369328169,0,0,7.60633836547088e-05,0.000143468661219447,0.000126232393737965,0,0,0,0,0,0,0,8.68498128853102e-06,1.15953947340398e-05,0.0267516575037156,8.80533906193698e-05,0.0191811867152799,0.0450040283172057,0.0101159352599607
0,0,0,0,0,0,0,0,0,0,0,0.00280129407462896,0,0,0,0,0,0,0,0,0,0,0,0,0,0,0,0,0,0,0,0,0,0,0,0.00638476811153847,0,0.00175934197350882,0,0.000528704193597193,0,0,0,0,0,0.0106100175713204,0,0,0,0,0,0,0,0,0,0,0,1.20945975679554e-05,0,0,0,0,0.0728370863046625,0,0,0,0,0,0,0,0,0,1.66492964174807e-05,0,0,0,0,0,0.00461960332061627,0,0.00351016091918604,0,0.000351145706118284,0,0.000196264747534474,0,0
0,0,0,0,0,0,0,0,0,0,0.000390094580621836,0,0,0,0,0,0,0,0,0,0,0,0,0,0,0,0,0,0,0,0,0,0,0,0,0,0,0,0.000139496559025455,0,0,0,0,0,0,0,0,0,0.000679713225387562,0,0,0,0,0,0,0,0.000795006812080414,0,0,0,0,0,0,0.00877071628195042,0,0,0,0,0,0,0,0,0,0.00273059264483455,0,0,0,0,0,0,0,0,3.12166101066136e-05,0,0.0012354266287218,0,0
0,0,0,0,0,0,0,0,0,0,0,0,0,0,0,0,2.9889011804448e-05,0.0047042394381444,0,0,0,0,0.00489585644507239,0.00757953845582898,0,0.00777220650114813,0,0.0057173171384362,0,0,0,0,0,0,0,0,0,0.0082950457231678,3.28296178971867e-06,0,0,0,0,0,0,0,0,0,0,0.00808508195556829,0,0,0,0,0,0,0,3.28316435762633e-06,0,0,0,0,0,0,0.0611146579672642,1.84653706438072e-05,0.00272569214138703,0,0.00571559850094568,0,0.00284469898368584,0,0,0,0,0,0,0,0,0,0,0,0.00452049742968849,0.00109698410294662,0,0,0
0,0,0,0,0,0,0,0,1.58557994432969e-05,0,0,0,0,0,0,0,0.00365182739364045,4.32680682948905e-05,0,0,0,0.00489585644507239,0,0,0.00321768466950106,0,0.00144294542532756,0,0,0,0,0,0,0,0,0,0,0.000959983582616268,0.00477076536654355,0,0,0,0,0,0,0,0,0,0.00562181254935913,0,0,0,0,0,0,0,0,0,0,0,0,0,0,0,0,0.0284898213356405,0,0.000152675115391012,0,0.00120621881831328,0,1.19093161157516e-05,0,0,0,0,0,0,0,0,0,0,0.002288522770564,0.00128788580146214,0,0,0
0,0.00812932165508772,0,0.00320105970222167,0,0,0,0,4.16371522809094e-05,0.0223269723775822,0,0,0,0,0,0.00103674802890168,0.000573291389334561,0.00681616339600383,0.00023497449311281,0,0,0.00757953845582898,0,0,0,0.0187222416047269,0,0,0,0,0,0,0,0,0,0,0,0.00275950841961286,7.33976055735207e-05,0,0,0.0015227541587536,6.08102282667904e-05,0,0,0,0,0.000464951201333107,8.77120988058804e-05,0.0056825247525839,0,2.38819089541126e-05,0,0,0,0.0425058309099354,0,0.000289688306993162,0,0,0,0.0031385666299152,0.000535399239916135,0,0.0053631024851848,0,0.0555997273015029,0,0.00525747774474641,0,0.000607736154778214,0,0,0,0,0,0,0,0,0,0.000664387737756502,0.000102243138185935,0.0035123666091731,0.000429289656349908,0.00229118363849494,0.00506250983373008,5.07822007914799e-05
0.015975595270643,0,0.00659443039742625,0,0,0,0,0,0.0236007685212775,0,0,0,0,0,0.00301174532747437,0,0.00261253137585832,6.63545837112681e-05,0.000151660677414439,0,0,0,0.00321768466950106,0,0,0,0.0232585083416382,0,0,0,0,0,0,0,0,0,0,7.72039664033176e-06,0.00137437904618085,0,0,3.33879376326809e-05,0.00258829890762402,0,0,0,0,0,0.0135847979665399,0,0,0,0,0,0.0350081977066259,0,0,0,0,0,0.00189625460006093,0,0,0,0,0.0017903326821528,0,0.0461531799395382,0,0.00878013485949608,0,0,0,0,0,0,0,0,0,0,0,6.57851723732203e-05,0.00146743901951313,8.14435232892284e-06,0.00110098838256647,0,0.00619569403673661
0,0.00171269264622523,0,0,0,0,0,0,0,0.00224720123374133,0,0,0,0,0,0.00316323688375496,6.63663122376875e-05,0.011713985258782,4.83591345275475e-05,0,0,0.00777220650114813,0,0.0187222416047269,0,0,0,0.0176118315739548,0,0,0,0,0,0,0,0,0,1.77570272011362e-05,0,0,0,1.6165235411997e-05,0,0,0,0,0,0,0,0.000165218520994146,0,0,0,0,0,0.000557664888914608,0,3.52620951892149e-05,0,0.00369696672918233,0,0.00289721307182456,0,0,0.00357381281477015,0,0.00500890917483785,0,0.144867024644932,0,0.0176321619093732,0,0,0,0,0,0,0,0,0,0,0,0.00204174595860879,1.42884516951026e-05,6.55644634949682e-06,0,0
0.000696422147457881,0,0,0,0,0,0,0,0.000352318461880721,0,0,0,0,0,0,0,0.00613662996996434,0,0,0,0,0,0.00144294542532756,0,0.0232585083416382,0,0,0,3.99851818579863e-05,0,0,0,0,0,0,0,0,0,0,0,0,0,0,0,0,0,0,0,6.64536064659289e-05,0,0,0,0,0,0.000319669564065823,0,0,0,0.00337061375357848,0,0.000405522314109643,0,0,0,0,0.00381929248620761,0,0.0108196318987355,0,0.0669774654644144,0,0.00221675767149512,0,0,0,0,0,0,0,0,0,0,9.78085869350836e-05,1.8554657718387e-05,0,0,0
0,0,0,0,0,0,0,0,0,0,0,0,0,0,0,0,0,8.40137018692675e-05,0,0,0,0.0057173171384362,0,0,0,0.0176118315739548,0,0,0,0.00521302526948224,0,0,0,0,0,0,0,0,0,0,0,0,0,0,0,0,0,0,0,2.77287361446597e-05,0,0,0,0,0,0,0,9.33733696209492e-05,0,0.000390729697288607,0,0,0,0,0.00447440898258682,0,0,0,0.0119639440785203,0,0.0348535373609725,0,0,0,0,0,0,0,0,0,0,0,3.47411035242583e-05,0,9.99246329851119e-06,0,0
0,0,0,0,0,0,0,0,0,0,0.000160485334545549,0,0,0,0,0,0,0,0,0,0,0,0,0,0,0,3.99851818579863e-05,0,0,0,0.000550916771949604,0,0,0,0,0,0,0,0,0,0,0,0,0,0,0,0,0,0,0,0,0,0,0,0,0,0,0,5.72295021491467e-05,0,0,0,0,0,0,0,0,0,0,0,0,0.0051877726363955,0,0,0,0,0,0,0,0,0,0,0,0,0,0,0
0,0,0,0,0,0,0,0,0,0,0,0.00147169408126875,0,0,0,0,0,0,0,0,0,0,0,0,0,0,0,0.00521302526948224,0,0,0,0,0,0,0,0,0,0.000120929817740968,0,0,0,0,0,0,0,0,0,0,0,0,0,0,0,0,0,0,0,0.00201419739071517,0,0,0,0,0,0,0,0,0,0,0,0,4.03521236121145e-05,0,0.0359091333586127,0,0,0,0,0,0,0,0.000562583140233518,0,0,0,6.46584611760787e-05,0,0
0,0,0,0,0,0,0,0,0,0,0.00845012141655097,0,0,0,0,0,0,0,0,0,0,0,0,0,0,0,0,0,0.000550916771949604,0,0,0,0,0,0,0,0,0,0,0,0,0,0,0,0,0,0,0,0,0,0,0,0,0,0,0,0.00295499310990731,0,0,0,0,0,0,0,0,0,0,0,0,0,0,0,0,0.000111936257807832,0,0,0,0,0,0,0,0,0,0,0,0,0
0,0,0,0,0,0,0,0,0,0,0,0,0,0,0,0,0,0,0,0,0,0,0,0,0,0,0,0,0,0,0,0,0.0702861871315315,5.53088957281379e-05,0,0.000780230221234305,0,0,0,0.0015900307177217,0,0,0,0,0,0,0,0.0384797103402742,0,0,0,0,0,0,0,0,0,0,0,0,0,0,0,0,0,0,0,0,0,0,0,0,0,0,0.0397212858682871,0.0182749395872786,0.000344387485244562,0,0.000953373026312026,1.64614788208485e-05,0,0,0.00135874530513577,0,0,0,0
0,0,0,0,0,0,0,0,0,0,0,0,0,0,0,0,0,0,0,0,0,0,0,0,0,0,0,0,0,0,0,0.0702861871315315,0,0.000576290468669589,0,0,0,0,0,0.00118378449879548,0.00164396296963539,0,0,0,0,0,0,0.0508954643220081,0.0017563758934055,0.000592572897100882,0,0,0,0,0,0,0,0,0,0,0,0,0,0,0,0,0,0,0,0,0,0,0,0,0.063854632141558,0.142031652971029,0.000804219003404584,0.00262466327450272,0.00593944356044726,0.000727965498987953,0,0,0.00013489152896937,0,7.29839145719128e-05,0,0
0,0,0,0,0,0,0,0,0,0,0,0,0,0,0,0,0,0,0,0,0,0,0,0,0,0,0,0,0,0,0,5.53088957281379e-05,0.000576290468669589,0,0.171607813472933,0.00687780557087123,0,0.00585115794804132,0.000382065316427879,0,0,0,0,0,0,0,0,0.0733690328950665,0,0.00140019049675705,0,0,0,0,0,0,0,0,0,0,0,0,0,0,0,0,0,0,0,0,0,0,0,0,0.000836296088156249,0.000122741860812219,0.315288401924701,0.0705079256280054,0.000447223953162077,0,0.00462613894806069,0.000103659913935244,0.00195976652707081,0.00123723955845976,0,0,0
0,0,0,0,0,0,0,0,0,0,0,0,0,0,0,0,0,0,0,0,0,0,0,0,0,0,0,0,0,0,0,0,0,0.171607813472933,0,0,0.00166060369277781,0.00042237038436306,0.00461901940828133,0,0,0,0,0,0,0,0,0.0646542951459821,2.70332396600767e-05,5.29713818767557e-05,0,0,0,0,0,0,0,0,0,0,0,0,0,0,0,0,0,0,0,0,0,0,0,0,0,0.00171488791713481,0.044907633933333,0.298888938086111,1.27266910238844e-05,0.000292079688416657,0.00103878648169424,0.00239424226036565,0.00198999276763349,0.00182462629709153,0,0,0
0,0,0,0,0,0,0,0,0,0,0,0.000170954751277112,0,0,0,0,0,0,0,0.00638476811153847,0,0,0,0,0,0,0,0,0,0,0,0.000780230221234305,0,0.00687780557087123,0,0,0.00161669421366932,0.00095977094832705,0,3.85918517070922e-06,0,0.000458192125128222,3.33654313503482e-05,5.084581833473e-05,0,0.000787901322100891,0,0.00251045754249544,0,0,0,0,0,0,0,0,0,0,0,0,0,0,0.00288585602185288,0,0,0,0,0,0,0,0,0,0,0,0.000291430035621443,0,0.00379241509097415,7.33167371436139e-06,0.00725289878507116,5.24817150507847e-05,0.000402282509363218,0,0.0016509284554372,8.10176681148155e-05,0.00173701790031626,0,0
0,0,0,0,0,0,0,0,0,0,0,0,0,0,0,0,0,0,0,0,0,0,0,0,0,0,0,0,0,0,0,0,0,0,0.00166060369277781,0.00161669421366932,0,0,5.62331149608134e-05,4.89629604251819e-05,0,0.000378902702477387,0.000384859089718031,5.58960830591432e-06,0,1.29892701477306e-05,6.06526230552217e-05,0.00017658927982545,3.46011256426586e-05,4.67027051094773e-05,0,0,0,0,0,0,0,0,0,0,0,0,0,0,0,0,0,0,0,0,0,0,0,0,0,0,0,0.00126887152523381,4.47957791714766e-05,0.00229208126260958,0,0.000351388804279684,0.00027213155459404,0.000155026809995419,0.00170596562813394,0,0
0,0.00284864777593634,0,0.000494909340970587,0,1.37695583855431e-06,0,0,0,0.00112100098218448,0,0.000412988278469721,0,0,0,4.79123466462533e-05,1.49711016360242e-05,0.000406325133570974,1.59375687356047e-05,0.00175934197350882,0,0.0082950457231678,0.000959983582616268,0.00275950841961286,7.72039664033176e-06,1.77570272011362e-05,0,0,0,0.000120929817740968,0,0,0,0.00585115794804132,0.00042237038436306,0.00095977094832705,0,0,0.00395399185324282,0,0,0.00384527271432515,0,0,0,0,0,0.00364316103439622,0,0.00319181714930684,0,2.30798559609815e-06,0,0,0,0.00148036096220125,0,0.000225977551346072,0,0,0,3.88116765613881e-05,0.000686639077090469,0,0.00134498971640064,0,0.00211036736298626,0,6.6309940297575e-06,0,0.000370651189788025,0,0.000459801159754294,0,0,0,0.00921541602763733,5.7104308638803e-06,0.000372815847379461,0,0.0290172066174854,0.00209777005253976,0.00611979127819229,0.00488027602508514,0.00784223795354909,0.00156439087233122,0
0.00100489102884321,0,0,0,0,0,0,0,2.05388368481032e-05,0,0.00229782283291774,0,0,0,0,0,0.000137892279055887,2.06739183761588e-06,9.09616152022576e-05,0,0.000139496559025455,3.28296178971867e-06,0.00477076536654355,7.33976055735207e-05,0.00137437904618085,0,0,0,0,0,0,0,0,0.000382065316427879,0.00461901940828133,0,5.62331149608134e-05,0.00395399185324282,0,0,0,0,0.00120805591488369,0,0,0,0,0.000101004033294057,0.00182142879554054,0,0,0,0,0,0.000157033518118426,0,0,0,0,0,0,0,0,0,0,0.00311232886800327,0,0.000708286763804168,0,0,0,1.28768948400833e-05,0,0,0,0,0.000808219825451056,0.00271028691661079,0,0.000254990700736904,0.00346632331611876,0.0156058639509784,0.00292588147466865,0.00767371254456488,0.00261279618892756,0,0.000593425961219221
0,0,0,0,0,0,0,0,0,0,0,0,0,0,0,0,0,0,0,0.000528704193597193,0,0,0,0,0,0,0,0,0,0,0,0.0015900307177217,0.00118378449879548,0,0,3.85918517070922e-06,4.89629604251819e-05,0,0,0,1.80172039992979e-05,0.150269563386853,0.000981623403626642,0,0,0.0979490683894015,0.000231319754327417,0.0357754806057569,0.0114665800525506,0.0811191779389256,0,0,0,0,0,0,0,0,0,0,0,0,0.022580787727352,0,0,0,0,0,0,0,0,0,0,0,0,0.0036852205133399,0,0,0.0100825058600919,1.86547139950125e-05,0.000840614602675759,0,0.000301717169539396,0,0.0336006832377488,0.00119109687217664,0
0,0,0,0,0,0,0,0,0,0,0,0,0,0,0,0,0,0,0,0,0,0,0,0,0,0,0,0,0,0,0,0,0.00164396296963539,0,0,0,0,0,0,1.80172039992979e-05,0,0,0.0751994651661431,0,0,0,0.0351504196240022,0.00700458980223479,0.0870820683739217,0,0,0,0,0,0,0,0,0,0,0,0,0,0,0.0150193180665791,0,0,0,0,0,0,0,0,0,0,0,0.00201178553387586,0,0,0,0.0103932548721744,0,0,0,0,0.0588893756263474,0,0.00792884581262242
0,0,0,0.00312093161038271,0,0,0,0,7.8251332214061e-05,0.00530579100478483,0,0,0,0,0,0,0.0034947571053152,0.00731532361138669,0.0614279028244961,0,0,0,0,0.0015227541587536,3.33879376326809e-05,1.6165235411997e-05,0,0,0,0,0,0,0,0,0,0.000458192125128222,0.000378902702477387,0.00384527271432515,0,0.150269563386853,0,0,0.0124507843690528,0.0301299819197049,2.31567467316425e-05,0.0486413809041114,0,0.00325880382128354,0.000301099796416609,0.0907078897321429,0,0,0,0,0,0.000288196370569167,0,0.000150163605831525,0,0,0,0,0.00499525063195737,0,0,0,0.000371014422175219,0,9.31607492346434e-06,0,0.00205679438014885,0,0.00331865741020642,0,0,0.000327940771760817,0,0,0.00382561223995506,0,0.0115821269881337,0,0.0111323593462459,0,0.161896637578727,0.302646281214459,4.12435235376542e-05
0.00498275140079316,3.79120282204795e-05,0.000340194958159656,0,0,0,0,0,0.00353089931629926,3.90688811633994e-05,0,0,0,0,0,0,0.0070748457469364,0.000792731153223805,0.0612255783818728,0,0,0,0,6.08102282667904e-05,0.00258829890762402,0,0,0,0,0,0,0,0,0,0,3.33654313503482e-05,0.000384859089718031,0,0.00120805591488369,0.000981623403626642,0.0751994651661431,0.0124507843690528,0,0.000556106004964177,0.0332519304072812,0.00214012415712514,0.0611251772700371,0.00607649639090364,0.097457057300227,6.97856381504941e-05,0,0,0,0,0.000863664305272966,0,0,0,0,0,0,0,0,0.00033879732724263,0,0,0,0.000550277715554628,0,3.32979652538002e-05,0,0.000282758023715048,0,0.00134102302559993,0,0.00163667655275495,0,0,3.96777069841692e-05,0.00245311342480854,0,0.00366401679516729,0.0102240124999053,7.40404990256512e-06,0.130213684335188,0.000214189270735826,0.200130444534453
0,0,0,0,0,0,0,0,0,0,0,0,0,0,0,0,0.000341161115854008,0.000929229574710922,0.0384165389916805,0,0,0,0,0,0,0,0,0,0,0,0,0,0,0,0,5.084581833473e-05,5.58960830591432e-06,0,0,0,0,0.0301299819197049,0.000556106004964177,0,0,9.44970377982123e-05,0,0,9.96963942521847e-06,8.40287879939642e-05,0,0,0,0,0,0,0,0,0,0,0,0,0,0,0,0,0,0,0,0,0,0,0,0,0,0,0,0,0,0,1.06526356388146e-05,0,0.000195608574650502,0,0.00476296587298447,0.0369029229632572,0.000136120485934249
0,0,0,0,0,0,0,0,0,0,0,0,0,0,0,0,0.000122791349150538,0,0.0080152779315548,0,0,0,0,0,0,0,0,0,0,0,0,0,0,0,0,0,0,0,0,0,0,2.31567467316425e-05,0.0332519304072812,0,0,0,0.00167811157967061,0.000409496715000251,0.000264554052562179,3.17151633821662e-05,0,0,0,0,0,0,0,0,0,0,0,0,0,0,0,0,0,0,0,0,0,0,0,0,0,0.000253659700126408,0,0,0,0,0,0,5.59525376595321e-05,0,0.0029481397718628,0.000564223938481824,0.0432898196007764
0,0,0,0,0,0,0,0,0,0,0,0,0,0,0,0,0,0,9.28924680884289e-06,0.0106100175713204,0,0,0,0,0,0,0,0,0,0,0,0,0,0,0,0.000787901322100891,1.29892701477306e-05,0,0,0.0979490683894015,0,0.0486413809041114,0.00214012415712514,9.44970377982123e-05,0,0,0.000418156296937978,0.000206855620477108,0,0.000775787539525055,0,0,0,0,0,0,0,1.05294784599665e-05,0,0,0,0,0.216375529516405,0,0,0,0,0,0,0,7.90396622947286e-05,0,0.00059942579180945,0,0,0,0,0,0.00569851894050821,0,0,0,0.000325411908046504,0,0.0611320667448014,0.00028131063113487,0
0,0,0.00137619560110218,0,0,0,0,0,0,0,0,0,0,0,0,0,0,0,0,0,0,0,0,0,0,0,0,0,0,0,0,0,0,0,0,0,6.06526230552217e-05,0,0,0.000231319754327417,0.0351504196240022,0,0.0611251772700371,0,0.00167811157967061,0.000418156296937978,0,0.00298347431449367,0.0042943072904446,0.000437986751873816,0,0,0,0,0,0,0,0,0,0,0,0,0,0.02978261999409,0,0,0,0,0,0,0,0,0,0.000371414045313608,0,0.000705431289114796,0,0,0,0.00620707811202926,0,0,0.000280078796373152,0,0.052578357501986,0,0
0,0,0,0,0,0,0,0,0,0,0,0,0,0,0,0,0,0,0,0,0,0,0,0.000464951201333107,0,0,0,0,0,0,0,0.0384797103402742,0.0508954643220081,0.0733690328950665,0.0646542951459821,0.00251045754249544,0.00017658927982545,0.00364316103439622,0.000101004033294057,0.0357754806057569,0.00700458980223479,0.00325880382128354,0.00607649639090364,0,0.000409496715000251,0.000206855620477108,0.00298347431449367,0,0.0581290401928359,0.106491265771777,0,0,0,0,0,0,0,0,0,0,0,0,0,0,2.21770742800051e-05,0,0,0,0,0,0,0,0,0,0.0228233024363693,0.0766252551805867,0.0370172458813685,0.0320113824688176,0.0128597331058704,0.00374663990870929,0.0028913443483345,0.00174038769442004,0.00704121518884252,0.000294256284907145,0.0128673996927711,0,0
0.0136905185845651,0,0.016259981017246,0,0.00034759288224005,0,0,0,0.00565344021502197,7.29887783178793e-06,0,0,0,0,0.000276281887628101,0,0.00262963565033116,0.00029279032743517,0.00474003320312694,0,0.000679713225387562,0,0.00562181254935913,8.77120988058804e-05,0.0135847979665399,0,6.64536064659289e-05,0,0,0,0,0,0.0017563758934055,0,2.70332396600767e-05,0,3.46011256426586e-05,0,0.00182142879554054,0.0114665800525506,0.0870820683739217,0.000301099796416609,0.097457057300227,9.96963942521847e-06,0.000264554052562179,0,0.0042943072904446,0.0581290401928359,0,0.0148105147401011,0,0,0,0,0.00307273219093606,8.16766873820013e-06,0.00173119470414173,0,8.28673569651037e-06,0,0.00159699510110532,0,0,0.00878222403728677,0,0.00545957976755638,0,0.0108812314912692,0,0.0160793728219884,0,0.0175906108951149,6.35731210944709e-06,0.0178033313977435,0,0.00413748239032751,0,0.00395864837759823,0.000209598233618807,0.00344273619940114,0,0.0122328692587925,0.00258615935420767,0,0.046270634588804,4.7286344047276e-05,0.00324511512103022
0,0.0197090279132802,0,0.0473185833249084,0,0,0,0,0,0.0104455120181998,0,0,0,0,0,0.00052249472813006,0.000366138242327296,0.00233121010451916,0.00156723495747395,0,0,0.00808508195556829,0,0.0056825247525839,0,0.000165218520994146,0,2.77287361446597e-05,0,0,0,0,0.000592572897100882,0.00140019049675705,5.29713818767557e-05,0,4.67027051094773e-05,0.00319181714930684,0,0.0811191779389256,0,0.0907078897321429,6.97856381504941e-05,8.40287879939642e-05,3.17151633821662e-05,0.000775787539525055,0.000437986751873816,0.106491265771777,0.0148105147401011,0,0,0.00052482035123438,0,0,0,0.00468701570482369,0,0.00662333726558395,0,0.000523844178437828,0,0.0144513377181018,0.000948643882664394,0,0.00510075847025402,0,0.00356390478469365,0,0.00312108677482271,0,0.0239576826566157,0,0.00722002547334483,0,5.461905221493e-05,0.00608822742553179,0.00265751588370371,0,0.00651348640013952,2.54809039394723e-05,0.0257933894263574,0,0.0036524803793384,0,0.0649437056208498,0.0265069938899766,0
0,0,0,0,0.0120995825477921,0,0,0,0,0,0,0,0,0,0,0,0,0,0,0,0,0,0,0,0,0,0,0,0,0,0,0,0,0,0,0,0,0,0,0,0,0,0,0,0,0,0,0,0,0,0,0,0,0,0,0,0.0016429610098406,0,0,0,0,0,0,0,0,0,0,0,0,0,0,0,0,0,0,0,0,0,0,0,0,0,5.73836223338731e-06,0,0,0,0
0,0.000159819666579014,0,0.0119644507430347,0,0.0546231731076331,0,0,0,0.00438610182621798,0,0,0,0,0,0.00725376072190032,0,0,0,0,0,0,0,2.38819089541126e-05,0,0,0,0,0,0,0,0,0,0,0,0,0,2.30798559609815e-06,0,0,0,0,0,0,0,0,0,0,0,0.00052482035123438,0,0,0,0,0,0.0198984099690176,0,0.00602484780496488,0,0.0068166798686567,0,0.0157235031352439,0,0,0,0,0,0,0,0,0,0,0,0,0,0,0,0,0,0,0,0,3.50061390100493e-05,0,0.000328550119999175,0,0
0,0,0,0,0,0,0,0,0,0,0,0,0,0,0,0,0,0,0,0,0,0,0,0,0,0,0,0,0,0,0,0,0,0,0,0,0,0,0,0,0,0,0,0,0,0,0,0,0,0,0,0,0,0,0,0,0,0,0,0,0,0,0,0,0,0,0,0,0,0,0,0,0,0,0,0,0,0,0,0,0,0,0,0,0,0,0
0,0,0,0,0,0,0,0,0,0,0,0,0,0,0,0,0,0,0,0,0,0,0,0,0,0,0,0,0,0,0,0,0,0,0,0,0,0,0,0,0,0,0,0,0,0,0,0,0,0,0,0,0,0,0,0,0,0,0,0,0,0,0,0,0,0,0,0,0,0,0,0,0,0,0,0,0,0,0,0,0,0,0,0,0,0,0
0.0364847562979898,0,0.0156417509214087,0,0.000157080173855803,0,0,0,0.0866435362378475,0,0,0,0,0,0.0129889011663893,0,0.000847033388341963,5.15325393629987e-05,0.000462414108529523,0,0,0,0,0,0.0350081977066259,0,0.000319669564065823,0,0,0,0,0,0,0,0,0,0,0,0.000157033518118426,0,0,0,0.000863664305272966,0,0,0,0,0,0.00307273219093606,0,0,0,0,0,0,0,0,0,0,0,0.0196769410493829,0,0,0,0,0,0,0.0350008727682261,0,0,0,7.84797249231972e-05,0,0,0,0,0,0,0,0,0,2.20782967867647e-05,0.000572847270450886,1.30000581826002e-05,0.000636276716869257,0,0
0,0.0305713859666352,0,0.079222831713296,0,0.021576858053764,0,0,0,0.12281058634896,0,0,0,4.74300717484194e-05,0,0.00697986972474558,0.000125875652980355,0.00525729030850827,0.000385968076127952,0,0,0,0,0.0425058309099354,0,0.000557664888914608,0,0,0,0,0,0,0,0,0,0,0,0.00148036096220125,0,0,0,0.000288196370569167,0,0,0,0,0,0,8.16766873820013e-06,0.00468701570482369,0,0.0198984099690176,0,0,0,0,0,0,0,0,0,0.0136082457518629,0,0,0,0,0.0248414248989162,0,0.000221151269597819,0,4.22263520039536e-05,0,0,0,0,0,0,0,0,0,6.82075418650587e-05,0,0.00079705258984041,1.86550300358662e-05,0.00108853755099576,0.00129084942284108,0
0,0,0.00132803913201324,0,0.00175078816522679,0,0,0,0,0,0.0173545382068786,0,0,0,0,0,0,0,0,0,0.000795006812080414,0,0,0,0,0,0,0,0,0,0.00295499310990731,0,0,0,0,0,0,0,0,0,0,0,0,0,0,0,0,0,0.00173119470414173,0,0.0016429610098406,0,0,0,0,0,0,0,0,0,6.12557414569892e-05,0,0,7.11688815161014e-05,0,0,0,0,0,0.0045170060090124,0,0.0138732190442282,0,0.00512253496339348,0,0,0,0,0,0,0,0,0,0,0.00247273565332218,0,0
0,0.00052089038981785,0,0.000117970247935966,0,0.00133001362349933,0,0,0,0.000139084847166294,0,0.00544867271130572,0,0,0,0,0,0,0,1.20945975679554e-05,0,3.28316435762633e-06,0,0.000289688306993162,0,3.52620951892149e-05,0,9.33733696209492e-05,0,0.00201419739071517,0,0,0,0,0,0,0,0.000225977551346072,0,0,0,0.000150163605831525,0,0,0,1.05294784599665e-05,0,0,0,0.00662333726558395,0,0.00602484780496488,0,0,0,0,0,0,0,0.0041412637561977,0,0.00371886545253065,0.00325150866896313,0,0,0,0.000279610392116775,0,0.001983676639588,0,0.0122378888309803,0,0.0220269738257727,0,0,0,0,0,0,0,0.000556515165496049,0,2.08300099259658e-06,0,0.00741417056497496,0,0
0,0,0,0,0,0,0,0,0,0,0,0,0,0,0,0,0,0,0,0,0,0,0,0,0,0,0.00337061375357848,0,5.72295021491467e-05,0,0,0,0,0,0,0,0,0,0,0,0,0,0,0,0,0,0,0,8.28673569651037e-06,0,0,0,0,0,0,0,0,0,0,0,4.58645829926174e-05,0,0,0,0,0,0,0,0,0.00533201815525938,0,0.000365752221448345,0,0,0,0,0,0,0,0,0,0,0,0,0,0,0
0,0,0,7.74342903323699e-05,0,0.00350695031991992,0,0,0,0,0,0,0,0.000481868459597725,0,0.00555577411348641,0,0,0,0,0,0,0,0,0,0.00369696672918233,0,0.000390729697288607,0,0,0,0,0,0,0,0,0,0,0,0,0,0,0,0,0,0,0,0,0,0.000523844178437828,0,0.0068166798686567,0,0,0,0,0,0.0041412637561977,0,0,0,0.0097633470252221,0,0,0,0,0,0,0.00284658884455858,0,0.00298042286878513,0,0,0,0,0,0,0,0,0,0,0,7.2120432081604e-05,7.04558418551307e-05,2.59104099283226e-05,0,0
0.00146123059690554,0,0,0,0,0,0,0,0.0271857020797441,0,0,0,0,0,0.00876513790921258,0,0,0,0,0,0,0,0,0,0.00189625460006093,0,0.000405522314109643,0,0,0,0,0,0,0,0,0,0,0,0,0,0,0,0,0,0,0,0,0,0.00159699510110532,0,0,0,0,0,0.0196769410493829,0,6.12557414569892e-05,0,4.58645829926174e-05,0,0,0,0,0,0,0,0,0.000759629055395775,0,0.0197605257263613,0,0,0,0,0,0,0,0,0,0,0,0,1.62330535112536e-05,0,0,0,0
0,0.0072759098041148,0,0.024984144160827,0,0.00576310537650921,0,0,0,0.0214699868992947,0,0,0,0.00155319390583291,0,0.110456908993315,0,0.00148453020098441,0.000124842804136501,0,0,0,0,0.0031385666299152,0,0.00289721307182456,0,0,0,0,0,0,0,0,0,0,0,3.88116765613881e-05,0,0,0,0,0,0,0,0,0,0,0,0.0144513377181018,0,0.0157235031352439,0,0,0,0.0136082457518629,0,0.00371886545253065,0,0.0097633470252221,0,0,0,0,0,0,0.00286028216409342,0,0.0350938932394283,0,0,0,0,0,0,0,0,0,0,0,0,0,0.000693886975235618,5.96341502734857e-05,3.90606716808522e-05,0.000293090288375195,0
0,0,0,0,0,0,0,0,0,0,0,0.000100640773527445,0,0,0,0,0,0,0,0.0728370863046625,0,0,0,0.000535399239916135,0,0,0,0,0,0,0,0,0,0,0,0.00288585602185288,0,0.000686639077090469,0,0.022580787727352,0,0.00499525063195737,0,0,0,0.216375529516405,0,0,0,0.000948643882664394,0,0,0,0,0,0,0,0.00325150866896313,0,0,0,0,0,0,0,0,0.000222355143316872,0,1.18120157005806e-05,0,0.00244830595724064,0,0.00205865772906756,0,0,0,0,0,0.00770151703822817,0,0.00701420267034922,0,0.000552873962434788,0,0.0376586902107688,0.0137420114525326,0
0,0,0,0,0,0,0,0,0,0,0,0,0,0,0,0,0,0,0,0,0.00877071628195042,0,0,0,0,0,0,0,0,0,0,0,0,0,0,0,0,0,0,0,0.0150193180665791,0,0.00033879732724263,0,0,0,0.02978261999409,0,0.00878222403728677,0,0,0,0,0,0,0,7.11688815161014e-05,0,0,0,0,0,0,0,0,0,0,0,0,0,0,0,0,0.00551210245212984,0,0,0,0,0,0.00473225068842524,0,0.000156589226898052,0,0,0.00364650679221032,0,0
0,0,0,0,0,0,0,0,0,0,0,0,0,0,0,0,0,0.0043159766712083,0,0,0,0.0611146579672642,0,0.0053631024851848,0,0.00357381281477015,0,0.00447440898258682,0,0,0,0,0,0,0,0,0,0.00134498971640064,0,0,0,0,0,0,0,0,0,2.21770742800051e-05,0,0.00510075847025402,0,0,0,0,0,0,0,0,0,0,0,0,0,0,0,0,0.00639111521406558,0,0.00188939974054853,0,0.0133105535072122,0,0,0,0,0,0,0,0,0,0,3.75226887341549e-06,0.000466015644385568,0,0,0,0
0,0,0,0,0,0,0,0,0,0,0,0,0,0,0,0,0.000395237816137297,0,0,0,0,1.84653706438072e-05,0.0284898213356405,0,0.0017903326821528,0,0.00381929248620761,0,0,0,0,0,0,0,0,0,0,0,0.00311232886800327,0,0,0,0,0,0,0,0,0,0.00545957976755638,0,0,0,0,0,0,0,0,0,0,0,0,0,0,0,0,0,0,0.000636936879035887,0,0.00342029270000179,0,0.00315548726103196,0,0,0,0,0,0,0,0,0,0,0.000211616871382923,2.51872051100412e-05,0,0,0
0,0.00679200336074175,0,0.00212775308979136,0,0,0,0,0,0.0102914671991313,0,0,0,0,0,0.000274540982379199,0.000464420104310775,0.00524609172104252,0.000295790543669854,0,0,0.00272569214138703,0,0.0555997273015029,0,0.00500890917483785,0,0,0,0,0,0,0,0,0,0,0,0.00211036736298626,0,0,0,0.000371014422175219,0,0,0,0,0,0,0,0.00356390478469365,0,0,0,0,0,0.0248414248989162,0,0.000279610392116775,0,0,0,0.00286028216409342,0.000222355143316872,0,0.00639111521406558,0,0,0,0.000384595476116059,0,0.000280091801944861,0,0,0,0,0,0,0,0,0,0.000343232541454713,0,0.000843456695067348,4.55324094901196e-06,0.00130060425936837,0.00231576991476774,0
0.0171152534270028,0,0.00600574402087403,0,0,0,0,0,0.0305019435643338,0,0,0,0,0,0.00232021088888187,0,0.00241595432664594,0,0.000276620369328169,0,0,0,0.000152675115391012,0,0.0461531799395382,0,0.0108196318987355,0,0,0,0,0,0,0,0,0,0,0,0.000708286763804168,0,0,0,0.000550277715554628,0,0,0,0,0,0.0108812314912692,0,0,0,0,0,0.0350008727682261,0,0,0,0,0,0.000759629055395775,0,0,0,0,0.000636936879035887,0,0,0,0.000267029808815704,0,0,0,0,0,0,0,0,0,0,0,0.00173498329711509,0.00047649957285431,3.93308596543466e-06,0.000438644268912481,0,0.00316358874731075
0,0.00440401733018658,0,2.55858843202081e-05,0,0,0,0,0,0.00573617434051398,0,0,0,0,0,0.00943878576650342,0,0.0018844242512274,0,0,0,0.00571559850094568,0,0.00525747774474641,0,0.144867024644932,0,0.0119639440785203,0,0,0,0,0,0,0,0,0,6.6309940297575e-06,0,0,0,9.31607492346434e-06,0,0,0,0,0,0,0,0.00312108677482271,0,0,0,0,0,0.000221151269597819,0,0.001983676639588,0,0.00284658884455858,0,0.0350938932394283,1.18120157005806e-05,0,0.00188939974054853,0,0.000384595476116059,0,0,0,0.0458297016631219,0,0,0,0,0,0,0,0,0,0,0,0.000762703213552958,0,0.000351401594597428,0,0
0,0,0,0,0,0,0,0,0,0,0,0,0,0,0,0,0,0,0,0,0,0,0.00120621881831328,0,0.00878013485949608,0,0.0669774654644144,0,0,0,0,0,0,0,0,0,0,0,0,0,0,0,3.32979652538002e-05,0,0,0,0,0,0.0160793728219884,0,0,0,0,0,0,0,0.0045170060090124,0,0.00533201815525938,0,0.0197605257263613,0,0,0,0,0.00342029270000179,0,0.000267029808815704,0,0,0,0.00269281655149745,0,0,0,0,0,0,0,0,0,0,0,0,0.00306569383088237,0,0
0,0,0,0.000106604817574177,0,0,0,0,0,0.000314898358239153,0,0,0,0,0,0,6.24047552108061e-05,0.000143321771548376,7.60633836547088e-05,0,0,0.00284469898368584,0,0.000607736154778214,0,0.0176321619093732,0,0.0348535373609725,0,4.03521236121145e-05,0,0,0,0,0,0,0,0.000370651189788025,0,0,0,0.00205679438014885,0,0,0,7.90396622947286e-05,0,0,0,0.0239576826566157,0,0,0,0,0,4.22263520039536e-05,0,0.0122378888309803,0,0.00298042286878513,0,0,0.00244830595724064,0,0.0133105535072122,0,0.000280091801944861,0,0.0458297016631219,0,0,0,0.0157739320775054,0,0,0,0,0,0,0,0.000361265830450275,0,4.37958902421177e-05,0,0.0061923535726514,0.00298219607207491,0
0,0,0,0,0,0,0,0,0,0,0,0,0,0,0,0,0.000110791334542468,2.65199503360078e-05,0.000143468661219447,0,0,0,1.19093161157516e-05,0,0,0,0.00221675767149512,0,0.0051877726363955,0,0,0,0,0,0,0,0,0,1.28768948400833e-05,0,0,0,0.000282758023715048,0,0,0,0,0,0.0175906108951149,0,0,0,0,0,7.84797249231972e-05,0,0.0138732190442282,0,0.000365752221448345,0,0,0,0,0,0,0.00315548726103196,0,0,0,0.00269281655149745,0,0,0,0.00571856790213905,0,0,0,0,0,0,0,0,5.69168035471022e-05,0,0.00180857804895663,0,4.58484019009363e-05
0,0,0,0.000277827781767958,0,0,0,0,0,0.000149386001140967,0,0.000341333608248766,0,0,0,0,2.00820965789508e-05,6.3582803175022e-05,0.000126232393737965,1.66492964174807e-05,0,0,0,0,0,0,0,0,0,0.0359091333586127,0,0,0,0,0,0,0,0.000459801159754294,0,0,0,0.00331865741020642,0,0,0,0.00059942579180945,0,0,6.35731210944709e-06,0.00722002547334483,0,0,0,0,0,0,0,0.0220269738257727,0,0,0,0,0.00205865772906756,0,0,0,0,0,0,0,0.0157739320775054,0,0,0,0,0,0,0,0,0,0.00300488361824989,0,9.23761174520832e-06,0,0.0109142648500147,0.00328483335838988,0
0,0,0,0,0,0,0,0,0,0,0.00341559288146158,0,0,0,0,0,5.61308007122579e-06,0,0,0,0.00273059264483455,0,0,0,0,0,0,0,0,0,0.000111936257807832,0,0,0,0,0,0,0,0,0,0,0,0.00134102302559993,0,0,0,0.000371414045313608,0,0.0178033313977435,0,0,0,0,0,0,0,0.00512253496339348,0,0,0,0,0,0,0.00551210245212984,0,0,0,0,0,0,0,0.00571856790213905,0,0,0,0,0,0,0,0,0,0.000824500170967871,1.66600211393272e-06,0,0.00174601731703323,0,0
0,0,0,0,0,0,0,0,0,0,0,0,0,0,0,0,0,0,0,0,0,0,0,0,0,0,0,0,0,0,0,0.0397212858682871,0.063854632141558,0.000836296088156249,0,0.000291430035621443,0,0,0,0,0,0,0,0,0,0,0,0.0228233024363693,0,5.461905221493e-05,0,0,0,0,0,0,0,0,0,0,0,0,0,0,0,0,0,0,0,0,0,0,0,0,0,0.0393744307620312,0.0376640767144854,0,0.0101862325672158,3.83595609604518e-05,0,0,0.000428076255008731,0,0,0,0
0,0,0,0,0,0,0,0,0,0,0,0,0,0,0,0,0,0,0,0,0,0,0,0,0,0,0,0,0,0,0,0.0182749395872786,0.142031652971029,0.000122741860812219,0.00171488791713481,0,0,0,0,0.0036852205133399,0.00201178553387586,0.000327940771760817,0.00163667655275495,0,0.000253659700126408,0,0.000705431289114796,0.0766252551805867,0.00413748239032751,0.00608822742553179,0,0,0,0,0,0,0,0,0,0,0,0,0,0,0,0,0,0,0,0,0,0,0,0,0.0393744307620312,0,0.000102624073765083,0.017666532939255,0.0120963603110324,0.00134211237846321,0,0,1.72543777119111e-05,0,0.00117833346887927,0,0
0,0,0,0,0,0,0,0,0,0,0,0,0,0,0,0,0,0,0,0,0,0,0,0,0,0,0,0,0,0,0,0.000344387485244562,0.000804219003404584,0.315288401924701,0.044907633933333,0.00379241509097415,0,0.00921541602763733,0.000808219825451056,0,0,0,0,0,0,0,0,0.0370172458813685,0,0.00265751588370371,0,0,0,0,0,0,0,0,0,0,0,0,0,0,0,0,0,0,0,0,0,0,0,0,0.0376640767144854,0.000102624073765083,0,0.00932877273110757,0.00247189165080387,0,0.0160318339452073,0.00031836122248451,0.00133501874940908,0.000336006596131393,0,0,0
0,0,0,0,0,0,0,0,0,0,0,0,0,0,0,0,0,0,0,0,0,0,0,0,0,0,0,0,0,0,0,0,0.00262466327450272,0.0705079256280054,0.298888938086111,7.33167371436139e-06,0.00126887152523381,5.7104308638803e-06,0.00271028691661079,0,0,0,0,0,0,0,0,0.0320113824688176,0.00395864837759823,0,0,0,0,0,0,0,0,0,0,0,0,0,0,0,0,0,0,0,0,0,0,0,0,0,0,0.017666532939255,0.00932877273110757,0,0,0.000581584738220628,0.000375902152630932,0.00755266428311256,0.000713927507541662,0.000109460184933714,0,0,0
0,0,0,0,0,0,0,0,0,0,0,0,0,0,0,0,0,0,0,0.00461960332061627,0,0,0,0,0,0,0,0,0,0,0,0.000953373026312026,0.00593944356044726,0.000447223953162077,1.27266910238844e-05,0.00725289878507116,4.47957791714766e-05,0.000372815847379461,0,0.0100825058600919,0,0.00382561223995506,3.96777069841692e-05,0,0,0.00569851894050821,0,0.0128597331058704,0.000209598233618807,0.00651348640013952,0,0,0,0,0,0,0,0,0,0,0,0,0.00770151703822817,0,0,0,0,0,0,0,0,0,0,0,0.0101862325672158,0.0120963603110324,0.00247189165080387,0,0,0.000119519705168637,0.00728961693397826,0,0.000627334681015714,0,0.00870629023196451,0.00103177888497406,0
0,0,0,0,0,0,0,0,0,0,0,0,0,0,0,0,0,0,0,0,0,0,0,0,0,0,0,0,0,0,0,1.64614788208485e-05,0.000727965498987953,0,0.000292079688416657,5.24817150507847e-05,0.00229208126260958,0,0.000254990700736904,1.86547139950125e-05,0.0103932548721744,0,0.00245311342480854,0,0,0,0.00620707811202926,0.00374663990870929,0.00344273619940114,2.54809039394723e-05,0,0,0,0,0,0,0,0,0,0,0,0,0,0.00473225068842524,0,0,0,0,0,0,0,0,0,0,3.83595609604518e-05,0.00134211237846321,0,0.000581584738220628,0.000119519705168637,0,0,0.00362275464719564,8.87858581163895e-05,7.63172125697211e-05,0.00912395102895724,0,0.0019099309687556
