0,0,0,0,0,0,0,0,2.94928002357483,0,0,0,0,0,0,0,0,0,4.93867892568762,0,0,0,0,0,0,0,0,0,0,0,0,0,0,0,0,0,0,0,0,0,22.4906111717224,0,21.292588143971,0,0,0,17.0930895512899,0,0,0,0,0,0,0,2.98960341726031,0,0,0,0,0,2.9572446346283,0,0,17.4138584136963,0,0,0,0,0,0,0,0,0,0,0,0,0,0,0,19.073003133138,0,18.6904481252034,5.07960769268269,0,18.8269344464377,0,0
0,0,0,4.21730120976766,0,6.97855829747755,0,0,0,3.29563349666017,0,0,0,0,0,0,0,4.1516269048055,5.48852598667145,0,0,0,0,0,0,0,0,0,0,0,0,0,0,0,0,0,0,16.8967785835266,0,21.9183234462032,0,14.9105799227494,0,0,0,15.7289408638557,0,20.6791229248047,0,2.8812956015269,0,0,0,0,0,5.75245203390046,0,0,0,0,0,0,0,0,0,0,8.18132972717285,0,0,0,0,0,0,0,0,0,0,0,18.1552753448486,0,0,0,7.50469135831703,8.42472910881042,12.8500814693147,0,0
0,0,0,0,3.65052720216604,0,0,0,0,0,0,0,0,0,0,0,46.186824798584,46.8991432189941,27.3016235351562,0,0,0,0,0,0,0,0,0,0,0,0,0,0,0,0,0,15.1621234765214,0,0,0,28.0033108393351,0,24.7545495035333,0,16.0766166092513,0,14.1261783287041,0,0,0,4.48761356716425,0,0,0,4.90424231120518,0,0,0,0,0,0,0,0,0,0,0,0,0,0,0,0,0,0,52.8385581970215,0,0,0,0,0,0,0,0,13.2091238021851,16.8684525489807,16.1065043294049,0,50.6112022399902
0,4.21730120976766,0,0,0,4.19843006134033,0,0,0,0,0,0,0,0,0,0,0,42.1732125715776,29.3699404120445,0,0,0,0,0,0,0,0,0,0,0,0,0,0,0,0,15.3850660874293,0,0,0,22.8478694743188,0,27.7628927854491,0,15.541947631679,0,15.8070989940874,0,0,0,4.60190918228843,0,0,0,0,0,0,0,0,0,4.24656650614231,0,4.23203888159532,0,0,0,0,0,0,0,0,0,0,0,0,0,0,0,0,19.8971019252654,0,0,0,13.5418183978352,0,16.8243489677289,0,0
0,0,3.65052720216604,0,0,0,0,0,0,0,0,0,0,0,0,0,0,0,29.4893112182617,0,0,0,0,0,0,0,0,0,0,0,0,0,0,0,0,0,15.0690915849474,0,0,0,0,0,25.4578793216759,0,15.7035978635152,0,15.4138904571533,0,0,0,0,0,0,0,0,0,0,0,0,0,0,0,0,0,0,0,0,0,0,0,0,0,0,0,0,0,0,0,0,0,0,0,7.87543732282111,3.88500630091398,17.0739076733589,0,0
0,6.97855829747755,0,4.19843006134033,0,0,0,0,0,4.6391429901123,0,0,0,0,0,0,0,0,0,3.37650322914124,0,0,0,0,0,0,0,0,0,0,0,0,0,0,0,17.3429444256951,0,0,0,20.5565339357425,0,32.7920906479294,0,0,0,24.2044186287738,0,0,0,0,0,0,0,0,0,0,0,0,0,0,0,0,0,0,0,0,0,0,0,0,0,0,0,0,0,0,0,0,17.7727203369141,0,0,0,11.253621069725,4.98780854309306,18.1593280734438,0,0
0,0,0,0,0,0,0,0,0,0,0,0,0,0,0,0,0,0,0,0,2.87548299711578,0,0,0,0,0,0,0,0,0,0,0,0,0,0,0,0,0,0,0,0,0,0,0,0,0,0,0,0,0,0,0,0,0,0,0,0,0,0,0,0,0,0,0,0,0,0,0,0,0,0,0,0,0,0,0,0,0,0,0,0,0,0,0,0,0,0
0,0,0,0,0,0,0,0,0,0,0,2.80830462773641,0,0,0,0,0,0,0,3.93710644806133,0,0,0,0,0,0,0,0,0,0,0,0,0,0,0,0,0,0,0,0,0,0,0,0,0,0,0,0,0,0,0,0,0,0,0,0,0,0,0,0,0,0,0,0,0,0,0,0,0,0,0,0,0,0,0,0,0,0,0,0,0,0,0,0,0,0,0
2.94928002357483,0,0,0,0,0,0,0,0,0,0,0,0,0,0,0,3.68279547161526,0,0,0,0,0,0,0,0,0,0,0,0,0,0,0,0,0,0,0,0,0,4.54343152046204,0,0,0,0,0,0,0,0,0,0,0,0,0,0,0,4.86264944076538,0,0,0,0,0,0,0,0,0,0,0,0,0,0,0,0,0,0,0,0,0,0,0,0,0,0,0,3.95739447074988,3.30969643592834,0,0,0
0,3.29563349666017,0,0,0,4.6391429901123,0,0,0,0,0,0,0,0,0,0,0,4.18267820751856,0,0,0,0,0,0,0,0,0,0,0,0,0,0,0,0,0,0,0,0,0,0,0,0,0,0,0,0,0,0,0,0,0,0,0,0,0,3.59877157211304,0,0,0,0,0,0,0,0,0,0,0,0,0,0,0,0,0,0,0,0,0,0,0,0,0,0,4.11377452266767,5.82558472951253,0,0,0
0,0,0,0,0,0,0,0,0,0,0,0,3.35624657358442,0,0,0,0,0,0,0,2.8910770161638,0,0,0,0,0,0,0,0,0,0,0,0,0,0,0,4.08277476909866,0,4.00198081176838,0,0,0,0,0,0,0,0,0,0,0,0,0,0,0,0,0,3.07701395509685,0,0,0,0,0,0,3.64845633026208,0,0,0,0,0,0,0,4.62733554840088,0,2.89491555094719,0,0,0,0,0,4.61622050370029,0,3.56069567929144,2.83228804451404,2.89166095121851,0,0,0
0,0,0,0,0,0,0,2.80830462773641,0,0,0,0,0,3.16499229793998,0,0,0,0,0,3.17845471028431,0,0,0,0,0,0,0,3.31410200941947,0,0,0,0,0,0,0,2.82214190278734,0,3.78031596433087,0,0,0,0,0,0,0,0,0,0,0,0,0,2.73747110366821,0,3.1361407968733,0,0,0,2.84466766729587,0,4.0603968323888,0,0,3.72752369262702,0,0,0,0,0,0,0,4.07125554084778,0,0,0,0,0,0,0,0,0,4.21160691568828,0,3.30380500110925,2.95962254966987,0,0,0
0,0,0,0,0,0,0,0,0,0,3.35624657358442,0,0,0,0,0,0,0,0,0,0,0,0,0,0,0,0,0,2.72681784629822,0,0,0,0,0,0,0,0,0,0,0,0,0,0,0,0,0,0,0,0,0,0,0,0,0,0,0,2.96577994028727,0,0,0,0,0,0,0,0,0,0,0,0,0,0,2.90372577835532,0,0,0,0,0,0,0,0,0,0,2.83597779273987,3.09463847839271,0,0,0
0,0,0,0,0,0,0,0,0,0,0,3.16499229793998,0,0,0,0,0,3.98589777946472,0,0,0,0,0,0,0,0,0,0,0,3.32477774620056,0,0,0,0,0,0,0,0,0,0,0,0,0,0,0,0,0,0,0,0,0,0,0,0,0,0,0,2.96561491224501,0,2.94782923276608,0,0,0,0,0,0,0,0,0,0,0,0,0,0,0,0,0,0,0,0,0,0,3.00568812880023,3.24397864945041,0,0,0
0,0,0,0,0,0,0,0,0,0,0,0,0,0,0,0,2.87138481892366,0,0,0,0,0,0,0,0,0,0,0,0,0,0,0,0,0,0,0,0,0,0,0,0,0,0,0,0,0,0,0,0,0,0,0,0,0,0,0,0,0,0,0,0,0,0,0,0,0,0,0,0,0,0,0,0,0,0,0,0,0,0,0,0,0,4.52521871062229,3.54097499093919,0,0,0
0,0,0,0,0,0,0,0,0,0,0,0,0,0,0,0,0,3.14871218848403,0,0,0,0,0,2.95834910869598,0,0,0,0,0,0,0,0,0,0,0,0,0,0,0,0,0,0,0,0,0,0,0,0,0,0,0,0,0,0,0,0,0,0,0,0,0,0,0,0,0,0,0,0,0,0,0,0,0,0,0,0,0,0,0,0,0,0,3.14620799541473,4.44695211257269,0,0,0
0,0,46.186824798584,0,0,0,0,0,3.68279547161526,0,0,0,0,0,2.87138481892366,0,0,8.21631766478398,18.7255997439397,0,0,0,4.14292811040156,0,0,0,3.04707715728066,0,2.93993596235911,0,0,0,0,0,0,0,0,0,0,50.3722951552447,44.5055710921934,34.6483615307098,32.5957155877592,32.8968684288763,30.9178831009638,40.2615846395493,39.3666060699553,0,0,0,0,0,0,0,50.3975715637207,0,0,0,0,0,2.82637510980879,0,0,40.9201981787588,0,4.93843647791789,0,0,0,2.98996942043304,0,0,0,36.2508506774902,0,0,0,0,0,41.6639324043371,0,41.874737246641,8.56906762442373,4.3705299450801,40.3607795250951,40.7009658813477,30.3956354807114
0,4.1516269048055,46.8991432189941,42.1732125715776,0,0,0,0,0,4.18267820751856,0,0,0,3.98589777946472,0,3.14871218848403,8.21631766478398,0,15.705143544047,0,0,3.60843955561266,0,0,0,3.06128787839902,0,2.91540553731826,0,0,0,0,0,0,0,0,0,0,0,49.7453282584607,47.9475182800293,32.4507330607593,35.1346693277359,32.1039511829341,30.0437086545504,38.7462693578048,46.679133521186,0,0,0,0,0,0,0,0,0,0,0,0,0,0,3.15667240119275,44.3680597941081,43.2679443359375,3.65306316481696,0,0,0,2.87401361563771,0,3.12964528468999,0,0,0,0,0,0,0,43.100121075594,45.3891533161032,0,44.8243247138129,5.41909321779518,3.02512021064758,42.8124088543167,31.8070881314673,37.8257052103678
4.93867892568762,5.48852598667145,27.3016235351562,29.3699404120445,29.4893112182617,0,0,0,0,0,0,0,0,0,0,0,18.7255997439397,15.705143544047,0,0,0,0,0,0,0,0,0,0,0,0,0,0,0,0,0,0,0,0,0,29.9081876890079,31.31740747648,19.8338205879629,23.0543340506854,19.6663113772074,20.5842680522374,22.2678659905345,22.4039705584613,0,0,0,0,0,0,0,31.0769014358521,0,0,0,0,0,0,0,29.2691271305084,28.8098958872132,0,0,0,0,0,0,0,0,0,0,0,0,0,0,29.0589391670975,32.172697885167,0,32.8546540036188,11.2794071863332,0,25.5449995355327,22.9320567017648,21.104489313045
0,0,0,0,0,3.37650322914124,0,3.93710644806133,0,0,0,3.17845471028431,0,0,0,0,0,0,0,0,0,0,0,0,0,0,0,0,0,0,0,0,0,0,0,0,0,3.65253245971891,0,21.2070598602295,0,0,0,0,0,0,0,0,0,0,0,5.46250057220459,0,4.26174168586731,0,0,0,3.2827786607714,0,0,0,0,3.22127003669739,0,0,0,0,0,0,0,0,0,0,0,0,0,0,0,0,0,0,0,3.07224179059267,0,18.3574663798014,0,0
0,0,0,0,0,0,2.87548299711578,0,0,0,2.8910770161638,0,0,0,0,0,0,0,0,0,0,0,0,0,0,0,0,0,0,0,0,0,0,0,0,0,3.00149844985241,0,3.29794860061662,0,0,0,0,0,0,0,0,0,0,0,0,0,0,0,0,0,3.26575064659119,0,0,0,0,0,0,3.20858519141738,0,0,0,0,0,0,0,0,0,0,0,0,0,0,0,4.39533181169668,0,0,2.90120757722307,0,0,0,0
0,0,0,0,0,0,0,0,0,0,0,0,0,0,0,0,0,3.60843955561266,0,0,0,0,3.66489666824399,0,0,5.66397094726562,0,0,0,0,0,0,0,0,0,0,0,3.4540150925733,0,0,0,0,0,0,0,0,0,0,0,0,0,0,0,0,0,0,0,0,0,0,0,0,0,0,3.38615447232237,3.55106104047675,0,0,0,0,2.73832488059998,0,0,0,0,0,0,0,0,0,3.45464512935667,0,4.30740309231387,4.7697252051471,0,0,0
0,0,0,0,0,0,0,0,0,0,0,0,0,0,0,0,4.14292811040156,0,0,0,0,3.66489666824399,0,0,0,0,0,0,0,0,0,0,0,0,0,0,0,0,3.37016403617767,0,0,0,0,0,0,0,0,0,0,0,0,0,0,0,0,0,0,0,0,0,0,0,0,0,4.33532069220769,3.68330179593416,0,3.36348235607147,0,0,0,2.88568160647438,0,0,0,0,0,0,0,0,0,5.23474306296812,3.02398739740888,2.97133533424801,0,0,0
0,0,0,0,0,0,0,0,0,0,0,0,0,0,0,2.95834910869598,0,0,0,0,0,0,0,0,0,3.28787861081767,0,0,0,0,0,0,0,0,0,0,0,3.13687028779703,0,0,0,0,0,0,0,0,0,0,0,0,0,0,0,0,0,0,0,0,0,0,0,0,0,0,0,0,2.96384903362819,0,4.68675316392986,0,0,0,0,0,0,0,0,0,0,0,3.56628519413518,0,2.99636729818876,0,0,0,0
0,0,0,0,0,0,0,0,0,0,0,0,0,0,0,0,0,0,0,0,0,0,0,0,0,0,0,0,0,0,0,0,0,0,0,0,0,0,3.19921681843698,0,0,0,0,0,0,0,0,0,0,0,0,0,0,0,0,0,0,0,0,0,0,0,0,0,0,0,0,3.58691031357338,0,0,0,0,0,0,0,0,0,0,0,0,0,3.79722856339954,2.74923805395762,0,0,0,0
0,0,0,0,0,0,0,0,0,0,0,0,0,0,0,0,0,3.06128787839902,0,0,0,5.66397094726562,0,3.28787861081767,0,0,0,0,0,0,0,0,0,0,0,0,0,0,0,0,0,0,0,0,0,0,0,0,0,0,0,0,0,0,0,0,0,0,0,0,0,0,0,0,0,0,4.55800642967224,0,2.85787873448066,0,0,0,0,0,0,0,0,0,0,0,0,0,2.9842334440199,0,0,0,0
0,0,0,0,0,0,0,0,0,0,0,0,0,0,0,0,3.04707715728066,0,0,0,0,0,0,0,0,0,0,0,0,0,0,0,0,0,0,0,0,0,0,0,0,0,0,0,0,0,0,0,0,0,0,0,0,0,0,0,0,0,0,0,0,0,0,0,0,0,0,0,0,0,0,0,0,0,0,0,0,0,0,0,0,0,2.86266778839959,0,0,0,0
0,0,0,0,0,0,0,0,0,0,0,3.31410200941947,0,0,0,0,0,2.91540553731826,0,0,0,0,0,0,0,0,0,0,0,3.49423964386081,0,0,0,0,0,0,0,3.61774286597666,0,0,0,0,0,0,0,0,0,0,0,0,0,0,0,0,0,0,0,0,0,0,0,0,0,0,2.72980237007141,0,0,0,0,0,2.99757242415633,0,4.45652772967021,0,0,0,0,0,0,0,4.68475865667827,0,2.905936839059,3.1164166496637,0,0,0
0,0,0,0,0,0,0,0,0,0,0,0,2.72681784629822,0,0,0,2.93993596235911,0,0,0,0,0,0,0,0,0,0,0,0,0,2.73255968093872,0,0,0,0,0,0,0,0,0,0,0,0,0,0,0,0,0,0,0,0,0,0,0,0,0,0,0,2.7251443862915,0,0,0,0,0,0,2.84218192100525,0,0,0,0,0,3.00717299370475,0,2.98047625810428,0,0,0,0,0,0,0,2.8513442033243,3.07941948887025,3.29050434838864,0,0,0
0,0,0,0,0,0,0,0,0,0,0,0,0,3.32477774620056,0,0,0,0,0,0,0,0,0,0,0,0,0,3.49423964386081,0,0,0,0,0,0,0,0,0,3.50242110636439,0,0,0,0,0,0,0,0,0,0,0,0,0,0,0,0,0,0,0,0,0,4.83889722824097,0,0,0,0,0,0,0,0,0,0,4.04848798264064,0,3.39455475412868,0,0,0,0,0,0,0,4.2706828845972,0,2.95752218966983,3.0512893651868,0,0,0
0,0,0,0,0,0,0,0,0,0,0,0,0,0,0,0,0,0,0,0,0,0,0,0,0,0,0,0,2.73255968093872,0,0,0,0,0,0,0,0,0,3.57292963354234,0,0,0,0,0,0,0,0,0,0,0,0,0,0,0,0,0,0,0,0,0,0,0,0,0,0,0,0,0,0,0,0,2.8188964913531,0,2.89407620439127,0,0,0,0,0,0,0,3.15214995940526,2.9919637819086,0,0,0,0
0,0,0,0,0,0,0,0,0,0,0,0,0,0,0,0,0,0,0,0,0,0,0,0,0,0,0,0,0,0,0,0,4.64363842708879,0,4.17732877183605,3.71970555563362,3.47051742145171,0,0,0,0,0,0,0,0,0,0,5.57313682477285,3.90198905269305,0,0,0,0,0,0,0,0,0,0,0,0,0,0,0,0,0,0,0,0,0,0,0,0,0,3.22640916396832,7.51181570453676,0,2.98851536214352,9.63388465699695,3.84259019196033,0,0,2.8128001187977,0,0,0,0
0,0,0,0,0,0,0,0,0,0,0,0,0,0,0,0,0,0,0,0,0,0,0,0,0,0,0,0,0,0,0,4.64363842708879,0,4.28778432096754,5.24079438830106,3.98014088068996,2.93307256698608,0,0,0,0,0,0,0,0,0,0,5.28082012303146,0,3.84634171213423,0,0,0,0,0,0,0,0,0,0,0,0,0,0,0,0,0,0,0,0,0,0,0,0,3.95080314428752,3.92576764390945,0,2.73403271039327,6.08565394519127,2.9433310230573,0,0,2.77501583099365,0,0,0,0
0,0,0,0,0,0,0,0,0,0,0,0,0,0,0,0,0,0,0,0,0,0,0,0,0,0,0,0,0,0,0,0,4.28778432096754,0,4.33301572693632,0,2.73708045482635,0,3.51830241310037,0,0,0,0,0,0,0,0,4.94077578820233,8.65597735510932,4.41605687141418,0,0,0,0,0,0,0,0,0,0,0,0,0,0,0,0,0,0,0,0,0,0,0,0,3.12767877361991,2.74414038658142,2.86967866325084,4.11103993357343,0,3.04790422651503,0,7.38601255552335,5.20064682310278,0,0,0,0
0,0,0,0,0,0,0,0,0,0,0,0,0,0,0,0,0,0,0,0,0,0,0,0,0,0,0,0,0,0,0,4.17732877183605,5.24079438830106,4.33301572693632,0,4.82252648297478,2.81409923235575,4.24845052623063,3.16920622657327,0,0,0,0,0,0,0,0,5.943478624514,0,18.0446238895494,0,0,0,0,0,0,0,0,0,0,0,0,0,0,0,0,0,0,0,0,0,0,0,0,0,3.41749747594198,4.31489535953195,3.04142312414958,4.41808414459229,2.86491181436649,5.37057357788622,3.7506995677948,5.27041720846984,0,17.6609191894531,0,0
0,0,0,15.3850660874293,0,17.3429444256951,0,0,0,0,0,2.82214190278734,0,0,0,0,0,0,0,0,0,0,0,0,0,0,0,0,0,0,0,3.71970555563362,3.98014088068996,0,4.82252648297478,0,4.36212729942282,2.87122322962834,3.05753099918365,12.7044489850568,0,27.3678311057713,0,0,0,12.9099314807157,0,7.24108828472968,0,0,0,0,0,0,0,0,0,0,0,0,0,0,2.94278979301453,0,0,0,0,0,0,0,0,0,0,0,3.75752881731627,0,3.45282400281806,0,3.3006039657509,5.24106567420585,0,2.95350617832608,3.13972701347475,4.07363616963893,15.3125484848474,0,0
0,0,15.1621234765214,0,15.0690915849474,0,0,0,0,0,4.08277476909866,0,0,0,0,0,0,0,0,0,3.00149844985241,0,0,0,0,0,0,0,0,0,0,3.47051742145171,2.93307256698608,2.73708045482635,2.81409923235575,4.36212729942282,0,2.87548192342122,3.46236269176006,0,11.9003229335297,0,38.0788431167603,0,0,0,15.9857507635046,7.02886055971121,0,0,0,0,0,0,0,0,4.43498624316262,0,0,0,0,0,0,4.41084239122115,0,0,0,0,0,0,0,0,0,0,3.54262693304765,2.8777220249176,0,4.76364390055339,4.49685730185581,3.38650299981819,0,2.84079131484032,3.22630629645837,3.42643802984174,17.2015886156578,0,0
0,16.8967785835266,0,0,0,0,0,0,0,0,0,3.78031596433087,0,0,0,0,0,0,0,3.65253245971891,0,3.4540150925733,0,3.13687028779703,0,0,0,3.61774286597666,0,3.50242110636439,0,0,0,0,4.24845052623063,2.87122322962834,2.87548192342122,0,4.34054163724434,0,0,0,0,0,0,0,0,4.68629062669771,0,8.90801143225951,0,0,0,0,0,0,0,4.44125978542461,0,0,0,0,4.54726154774931,0,3.90314402228908,0,3.44234034173629,0,0,0,3.0923275285297,0,3.80632579593915,0,0,0,0,4.703125,3.26881721086905,3.01712127887841,4.0782640792632,4.46384373129358,3.90045984658943,2.9677428494037,3.76296791937706,0,0
0,0,0,0,0,0,0,0,4.54343152046204,0,4.00198081176838,0,0,0,0,0,0,0,0,0,3.29794860061662,0,3.37016403617767,0,3.19921681843698,0,0,0,0,0,3.57292963354234,0,0,3.51830241310037,3.16920622657327,3.05753099918365,3.46236269176006,4.34054163724434,0,0,0,0,4.96432040616086,0,0,0,0,5.20141767637711,5.79985413831823,22.2332094632662,0,0,0,0,4.07836186885834,0,4.34844734618103,0,0,0,0,0,0,3.419584418816,0,3.09308388589442,0,3.22477711315813,0,0,0,0,0,4.2863601843516,0,0,4.90533745288849,0,0,3.78211952692055,4.17937248962819,3.73969512665508,3.23017751625192,3.71784729313206,5.44764582989997,0,0
0,21.9183234462032,0,22.8478694743188,0,20.5565339357425,0,0,0,0,0,0,0,0,0,0,50.3722951552447,49.7453282584607,29.9081876890079,21.2070598602295,0,0,0,0,0,0,0,0,0,0,0,0,0,0,0,12.7044489850568,0,0,0,0,0,12.5537732025077,84.968391418457,17.5741358439128,0,8.01080102236036,0,0,0,6.72514956557806,0,0,0,0,0,0,0,0,0,0,0,0,21.7548107947073,0,0,0,0,0,0,0,0,0,0,0,0,0,0,0,8.78064312671239,0,6.63517649258886,0,27.4505539390984,0,14.5035497023824,14.6046714782715,0
22.4906111717224,0,28.0033108393351,0,0,0,0,0,0,0,0,0,0,0,0,0,44.5055710921934,47.9475182800293,31.31740747648,0,0,0,0,0,0,0,0,0,0,0,0,0,0,0,0,0,11.9003229335297,0,0,0,0,56.2694501009854,14.5630764054106,0,16.0133919441837,0,7.97802736890312,0,4.5974084418497,0,28.6290378570557,0,0,0,0,0,0,0,0,0,0,0,65.2926559448242,9.90052528381348,0,0,0,0,0,0,0,0,0,29.5532583270157,0,0,0,0,0,9.44516057910224,0,7.608762623096,25.8477501826021,17.5728829701742,13.8206954084716,52.9594424703847,15.4304854843643
0,14.9105799227494,0,27.7628927854491,0,32.7920906479294,0,0,0,0,0,0,0,0,0,0,34.6483615307098,32.4507330607593,19.8338205879629,0,0,0,0,0,0,0,0,0,0,0,0,0,0,0,0,27.3678311057713,0,0,0,12.5537732025077,56.2694501009854,0,31.7792700477268,0,0,11.312654835178,0,0,12.6696798536513,9.77221014386132,0,0,0,0,0,19.4988926107233,0,11.7591280937195,0,0,0,0,0,44.9718894958496,0,0,0,0,0,0,0,0,0,0,0,0,0,0,14.9610957521381,49.9904621669224,0,47.7756743431091,10.2151035914345,0,11.0001115624486,5.46748051602087,37.5076613956028
21.292588143971,0,24.7545495035333,0,25.4578793216759,0,0,0,0,0,0,0,0,0,0,0,32.5957155877592,35.1346693277359,23.0543340506854,0,0,0,0,0,0,0,0,0,0,0,0,0,0,0,0,0,38.0788431167603,0,4.96432040616086,84.968391418457,14.5630764054106,31.7792700477268,0,0,4.05219909123012,45.6885452270508,13.9739213667176,12.3122040675237,19.0748982717495,14.1336947902218,26.703770076003,0,0,0,28.2886411493475,0,0,0,0,0,0,0,0,12.1981127387599,0,0,0,10.1298675537109,0,0,0,0,0,18.5811233066377,0,0,0,0,51.5395545959473,13.5277119638076,0,13.5852923858037,12.731805993497,20.8288102149963,14.3107308446377,37.585451981117,7.67143866550997
0,0,0,15.541947631679,0,0,0,0,0,0,0,0,0,0,0,0,32.8968684288763,32.1039511829341,19.6663113772074,0,0,0,0,0,0,0,0,0,0,0,0,0,0,0,0,0,0,0,0,17.5741358439128,0,0,0,0,0,12.1108315531256,0,0,0,0,0,0,0,0,0,0,0,0,0,0,0,0,0,0,0,0,0,0,0,0,0,0,0,0,0,0,0,0,0,0,0,75.8521728515625,14.8739371853215,0,13.8250402913184,0,0
0,0,16.0766166092513,0,15.7035978635152,0,0,0,0,0,0,0,0,0,0,0,30.9178831009638,30.0437086545504,20.5842680522374,0,0,0,0,0,0,0,0,0,0,0,0,0,0,0,0,0,0,0,0,0,16.0133919441837,0,4.05219909123012,0,0,0,14.9661937554677,0,0,0,18.4924110412598,0,0,0,18.6697573661804,0,0,0,0,0,0,0,0,0,0,0,0,0,0,0,0,0,0,0,0,0,0,0,0,23.9750490188599,0,25.7610445022583,14.9579550231375,0,12.5785825164695,0,0
0,15.7289408638557,0,15.8070989940874,0,24.2044186287738,0,0,0,0,0,0,0,0,0,0,40.2615846395493,38.7462693578048,22.2678659905345,0,0,0,0,0,0,0,0,0,0,0,0,0,0,0,0,12.9099314807157,0,0,0,8.01080102236036,0,11.312654835178,45.6885452270508,12.1108315531256,0,0,0,0,0,0,0,0,0,0,0,0,0,0,0,0,0,0,18.0941584269206,0,0,0,0,0,0,0,0,0,0,0,0,0,0,0,7.92453641950348,57.7634811401367,0,57.7205238342285,18.1199805577187,0,9.47004106981164,11.3517427444458,45.1041660308838
17.0930895512899,0,14.1261783287041,0,15.4138904571533,0,0,0,0,0,0,0,0,0,0,0,39.3666060699553,46.679133521186,22.4039705584613,0,0,0,0,0,0,0,0,0,0,0,0,0,0,0,0,0,15.9857507635046,0,0,0,7.97802736890312,0,13.9739213667176,0,14.9661937554677,0,0,0,0,0,18.8748018091375,0,0,0,17.5208668708801,0,0,0,0,0,0,0,0,6.08518127639695,0,0,0,0,0,0,0,0,0,40.0508232116699,0,0,0,0,0,19.3016104698181,0,17.9887843728065,18.6075087711186,9.92967891693115,9.64857595364069,0,0
0,20.6791229248047,0,0,0,0,0,0,0,0,0,0,0,0,0,0,0,0,0,0,0,0,0,0,0,0,0,0,0,0,0,5.57313682477285,5.28082012303146,4.94077578820233,5.943478624514,7.24108828472968,7.02886055971121,4.68629062669771,5.20141767637711,0,0,0,12.3122040675237,0,0,0,0,0,6.61484459367087,6.98525217275688,0,0,0,0,0,0,0,0,0,0,0,0,0,0,0,0,0,0,0,0,0,0,0,0,3.17734048583291,5.75160940616362,8.57570635162384,10.3327991030308,0,9.99551820755005,11.025271305935,12.6845436429901,7.2814312205724,0,5.48283841208859,0,0
0,0,0,0,0,0,0,0,0,0,0,0,0,0,0,0,0,0,0,0,0,0,0,0,0,0,0,0,0,0,0,3.90198905269305,0,8.65597735510932,0,0,0,0,5.79985413831823,0,4.5974084418497,12.6696798536513,19.0748982717495,0,0,0,0,6.61484459367087,0,6.36919741589504,0,0,0,0,0,0,0,0,0,0,0,0,0,0,0,0,0,0,0,0,0,0,0,0,0,3.70717700543227,19.6178855895996,0,0,0,20.1024966520422,4.85410365787046,7.16131613851708,0,6.52769106427318,0,0
0,2.8812956015269,0,4.60190918228843,0,0,0,0,0,0,0,0,0,0,0,0,0,0,0,0,0,0,0,0,0,0,0,0,0,0,0,0,3.84634171213423,4.41605687141418,18.0446238895494,0,0,8.90801143225951,22.2332094632662,6.72514956557806,0,9.77221014386132,14.1336947902218,0,0,0,0,6.98525217275688,6.36919741589504,0,0,0,0,0,0,0,0,0,0,0,0,0,0,0,0,0,0,0,0,0,0,0,0,0,0,8.93027655780315,0,20.3060985903874,0,0,4.24758326671177,22.3014918622142,8.84985122818707,0,4.75388549396934,0,0
0,0,4.48761356716425,0,0,0,0,0,0,0,0,0,0,0,0,0,0,0,0,0,0,0,0,0,0,0,0,0,0,0,0,0,0,0,0,0,0,0,0,0,28.6290378570557,0,26.703770076003,0,18.4924110412598,0,18.8748018091375,0,0,0,0,0,0,0,0,0,0,0,0,0,0,0,0,0,0,0,0,0,0,0,0,0,0,0,0,0,0,0,0,0,0,0,18.1322763905381,17.9207363128662,19.0000767264255,0,0
0,0,0,0,0,0,0,0,0,0,0,2.73747110366821,0,0,0,0,0,0,0,5.46250057220459,0,0,0,0,0,0,0,0,0,0,0,0,0,0,0,0,0,0,0,0,0,0,0,0,0,0,0,0,0,0,0,0,0,0,0,0,0,0,0,0,0,0,0,0,0,0,0,0,0,0,0,0,0,0,0,0,0,0,0,0,0,0,4.65198469161987,0,0,0,0
0,0,0,0,0,0,0,0,0,0,0,0,0,0,0,0,0,0,0,0,0,0,0,0,0,0,0,0,0,0,0,0,0,0,0,0,0,0,0,0,0,0,0,0,0,0,0,0,0,0,0,0,0,0,0,0,0,0,0,0,0,0,0,0,0,0,0,0,0,0,0,0,0,0,0,0,0,0,0,0,0,0,2.80180885575034,0,0,0,0
0,0,0,0,0,0,0,0,0,0,0,3.1361407968733,0,0,0,0,0,0,0,4.26174168586731,0,0,0,0,0,0,0,0,0,0,0,0,0,0,0,0,0,0,0,0,0,0,0,0,0,0,0,0,0,0,0,0,0,0,0,0,0,0,0,0,0,0,0,0,0,0,0,0,0,0,0,0,0,0,0,0,0,0,0,0,0,0,0,0,0,0,0
2.98960341726031,0,4.90424231120518,0,0,0,0,0,4.86264944076538,0,0,0,0,0,0,0,50.3975715637207,0,31.0769014358521,0,0,0,0,0,0,0,0,0,0,0,0,0,0,0,0,0,0,0,4.07836186885834,0,0,0,28.2886411493475,0,18.6697573661804,0,17.5208668708801,0,0,0,0,0,0,0,0,0,0,0,0,0,0,0,0,0,0,0,0,3.46695835590363,0,0,0,0,0,0,0,0,0,0,0,0,0,0,13.2513076663017,0,10.2862741770568,0,0
0,5.75245203390046,0,0,0,0,0,0,0,3.59877157211304,0,0,0,0,0,0,0,0,0,0,0,0,0,0,0,0,0,0,0,0,0,0,0,0,0,0,0,0,0,0,0,19.4988926107233,0,0,0,0,0,0,0,0,0,0,0,0,0,0,0,0,0,0,0,0,0,0,0,0,8.28891784024526,0,0,0,0,0,0,0,0,0,0,0,0,0,0,0,8.53462531453087,5.6873025894165,8.80386170414961,0,0
0,0,0,0,0,0,0,0,0,0,3.07701395509685,0,2.96577994028727,0,0,0,0,0,0,0,3.26575064659119,0,0,0,0,0,0,0,0,0,0,0,0,0,0,0,4.43498624316262,0,4.34844734618103,0,0,0,0,0,0,0,0,0,0,0,0,0,0,0,0,0,0,0,0,0,0,0,0,3.89901444666526,0,0,0,0,0,0,0,0,0,0,0,0,0,0,0,4.7391356042594,0,5.08710360527039,3.55604980250919,2.92726157009602,0,0,0
0,0,0,0,0,0,0,0,0,0,0,2.84466766729587,0,2.96561491224501,0,0,0,0,0,3.2827786607714,0,0,0,0,0,0,0,0,0,0,0,0,0,0,0,0,0,4.44125978542461,0,0,0,11.7591280937195,0,0,0,0,0,0,0,0,0,0,0,0,0,0,0,0,0,4.19616051912308,0,0,4.29470656980584,0,0,0,0,0,0,0,0,0,0,0,0,0,0,0,0,0,4.48676038923718,0,4.24024143789336,3.13028713920567,10.3836859464645,0,0
0,0,0,0,0,0,0,0,0,0,0,0,0,0,0,0,0,0,0,0,0,0,0,0,0,0,0,0,2.7251443862915,0,0,0,0,0,0,0,0,0,0,0,0,0,0,0,0,0,0,0,0,0,0,0,0,0,0,0,0,0,0,0,0,0,0,0,0,0,0,0,0,0,0,0,0,0,0,0,0,0,0,0,0,0,2.78424936532974,2.73683953285217,0,0,0
0,0,0,4.24656650614231,0,0,0,0,0,0,0,4.0603968323888,0,2.94782923276608,0,0,0,0,0,0,0,0,0,0,0,0,0,0,0,4.83889722824097,0,0,0,0,0,0,0,0,0,0,0,0,0,0,0,0,0,0,0,0,0,0,0,0,0,0,0,4.19616051912308,0,0,0,0,0,0,0,0,0,0,0,0,0,0,0,0,0,0,0,0,0,0,0,0,3.23212278443714,3.23059813533568,0,0,0
2.9572446346283,0,0,0,0,0,0,0,0,0,0,0,0,0,0,0,2.82637510980879,0,0,0,0,0,0,0,0,0,0,0,0,0,0,0,0,0,0,0,0,0,0,0,0,0,0,0,0,0,0,0,0,0,0,0,0,0,0,0,0,0,0,0,0,0,0,0,0,0,0,0,0,0,0,0,0,0,0,0,0,0,0,0,0,0,3.15830361843109,0,0,0,0
0,0,0,4.23203888159532,0,0,0,0,0,0,0,0,0,0,0,0,0,3.15667240119275,0,0,0,0,0,0,0,0,0,0,0,0,0,0,0,0,0,0,0,0,0,0,0,0,0,0,0,0,0,0,0,0,0,0,0,0,0,0,0,0,0,0,0,0,0,0,0,0,0,0,0,0,0,0,0,0,0,0,0,0,0,0,0,0,3.00038488705953,0,0,0,0
0,0,0,0,0,0,0,0,0,0,0,3.72752369262702,0,0,0,0,0,44.3680597941081,29.2691271305084,3.22127003669739,0,0,0,0,0,0,0,0,0,0,0,0,0,0,0,2.94278979301453,0,4.54726154774931,0,21.7548107947073,65.2926559448242,0,0,0,0,18.0941584269206,0,0,0,0,0,0,0,0,0,0,0,4.29470656980584,0,0,0,0,0,0,0,0,0,0,0,0,0,0,0,0,0,0,0,0,0,0,0,0,3.80857222084159,0,13.5242452422778,12.4167473316193,49.3550605773926
17.4138584136963,0,0,0,0,0,0,0,0,0,3.64845633026208,0,0,0,0,0,40.9201981787588,43.2679443359375,28.8098958872132,0,3.20858519141738,0,0,0,0,0,0,0,0,0,0,0,0,0,0,0,4.41084239122115,0,3.419584418816,0,9.90052528381348,44.9718894958496,12.1981127387599,0,0,0,6.08518127639695,0,0,0,0,0,0,0,0,0,3.89901444666526,0,0,0,0,0,0,0,0,0,0,0,0,0,0,0,0,0,0,0,0,0,0,72.6448745727539,0,0,11.3444659745515,0,19.4466128013503,47.9328842163086,12.1846503151788
0,0,0,0,0,0,0,0,0,0,0,0,0,0,0,0,0,3.65306316481696,0,0,0,3.38615447232237,4.33532069220769,0,0,0,0,2.72980237007141,0,0,0,0,0,0,0,0,0,3.90314402228908,0,0,0,0,0,0,0,0,0,0,0,0,0,0,0,0,0,0,0,0,0,0,0,0,0,0,0,4.30790886878967,0,0,0,0,0,0,0,0,0,0,0,0,0,0,4.0996151000386,0,3.3152520519378,3.47451110375233,0,0,0
0,0,0,0,0,0,0,0,0,0,0,0,0,0,0,0,4.93843647791789,0,0,0,0,3.55106104047675,3.68330179593416,0,0,0,0,0,2.84218192100525,0,0,0,0,0,0,0,0,0,3.09308388589442,0,0,0,0,0,0,0,0,0,0,0,0,0,0,0,0,0,0,0,0,0,0,0,0,0,4.30790886878967,0,0,0,0,0,0,0,0,0,0,0,0,0,0,0,0,6.37497461603043,3.12746540716088,2.98624212276645,0,0,0
0,8.18132972717285,0,0,0,0,0,0,0,0,0,0,0,0,0,0,0,0,0,0,0,0,0,2.96384903362819,0,4.55800642967224,0,0,0,0,0,0,0,0,0,0,0,3.44234034173629,0,0,0,0,0,0,0,0,0,0,0,0,0,0,0,0,0,8.28891784024526,0,0,0,0,0,0,0,0,0,0,0,0,5.40430755200593,0,0,0,0,0,0,0,0,0,0,0,3.86094592390834,0,3.74525107036937,0,0,0,0
0,0,0,0,0,0,0,0,0,0,0,0,0,0,0,0,0,0,0,0,0,0,3.36348235607147,0,3.58691031357338,0,0,0,0,0,0,0,0,0,0,0,0,0,3.22477711315813,0,0,0,10.1298675537109,0,0,0,0,0,0,0,0,0,0,0,3.46695835590363,0,0,0,0,0,0,0,0,0,0,0,0,0,0,0,0,0,0,0,0,0,0,0,0,0,0,4.41777195649988,2.95652556419373,0,0,0,0
0,0,0,0,0,0,0,0,0,0,0,0,0,0,0,0,0,2.87401361563771,0,0,0,0,0,4.68675316392986,0,2.85787873448066,0,0,0,0,0,0,0,0,0,0,0,0,0,0,0,0,0,0,0,0,0,0,0,0,0,0,0,0,0,0,0,0,0,0,0,0,0,0,0,0,5.40430755200593,0,0,0,0,0,0,0,0,0,0,0,0,0,0,0,2.97540002513206,0,0,0,0
0,0,0,0,0,0,0,0,0,0,0,0,0,0,0,0,2.98996942043304,0,0,0,0,0,0,0,0,0,0,0,0,0,0,0,0,0,0,0,0,0,0,0,0,0,0,0,0,0,0,0,0,0,0,0,0,0,0,0,0,0,0,0,0,0,0,0,0,0,0,0,0,0,0,0,0,0,0,0,0,0,0,0,0,0,2.88337708541325,0,0,0,0
0,0,0,0,0,0,0,0,0,0,0,4.07125554084778,0,0,0,0,0,3.12964528468999,0,0,0,2.73832488059998,0,0,0,0,0,2.99757242415633,0,4.04848798264064,0,0,0,0,0,0,0,3.0923275285297,0,0,0,0,0,0,0,0,0,0,0,0,0,0,0,0,0,0,0,0,0,0,0,0,0,0,0,0,0,0,0,0,0,0,5.49146530844949,0,0,0,0,0,0,0,5.53581823002208,0,2.97882371457257,3.2742016385298,0,0,0
0,0,0,0,0,0,0,0,0,0,4.62733554840088,0,2.90372577835532,0,0,0,0,0,0,0,0,0,2.88568160647438,0,0,0,0,0,3.00717299370475,0,2.8188964913531,0,0,0,0,0,0,0,0,0,0,0,0,0,0,0,0,0,0,0,0,0,0,0,0,0,0,0,0,0,0,0,0,0,0,0,0,0,0,0,0,0,0,0,0,0,0,0,0,0,0,0,3.08161684132497,3.5942382982799,0,0,0
0,0,0,0,0,0,0,0,0,0,0,0,0,0,0,0,0,0,0,0,0,0,0,0,0,0,0,4.45652772967021,0,3.39455475412868,0,0,0,0,0,0,0,3.80632579593915,0,0,0,0,0,0,0,0,0,0,0,0,0,0,0,0,0,0,0,0,0,0,0,0,0,0,0,0,0,0,0,0,5.49146530844949,0,0,0,0,0,0,0,0,0,4.93514414394603,0,2.98085704546923,3.17314643412828,11.1975994110107,0,0
0,0,52.8385581970215,0,0,0,0,0,0,0,2.89491555094719,0,0,0,0,0,36.2508506774902,0,0,0,0,0,0,0,0,0,0,0,2.98047625810428,0,2.89407620439127,0,0,0,0,0,0,0,4.2863601843516,0,29.5532583270157,0,18.5811233066377,0,0,0,40.0508232116699,0,0,0,0,0,0,0,0,0,0,0,0,0,0,0,0,0,0,0,0,0,0,0,0,0,0,0,0,0,0,0,0,0,0,0,3.12594922984594,0,28.658572946276,0,0
0,0,0,0,0,0,0,0,0,0,0,0,0,0,0,0,0,0,0,0,0,0,0,0,0,0,0,0,0,0,0,3.22640916396832,3.95080314428752,3.12767877361991,0,3.75752881731627,3.54262693304765,0,0,0,0,0,0,0,0,0,0,3.17734048583291,0,0,0,0,0,0,0,0,0,0,0,0,0,0,0,0,0,0,0,0,0,0,0,0,0,0,0,4.09982654048551,0,0,7.67191400527954,0,0,0,3.17523595203053,0,0,0,0
0,0,0,0,0,0,0,0,0,0,0,0,0,0,0,0,0,0,0,0,0,0,0,0,0,0,0,0,0,0,0,7.51181570453676,3.92576764390945,2.74414038658142,3.41749747594198,0,2.8777220249176,0,0,0,0,0,0,0,0,0,0,5.75160940616362,3.70717700543227,8.93027655780315,0,0,0,0,0,0,0,0,0,0,0,0,0,0,0,0,0,0,0,0,0,0,0,0,4.09982654048551,0,0,0,0,0,0,0,2.84988986549521,0,0,0,0
0,0,0,0,0,0,0,0,0,0,0,0,0,0,0,0,0,0,0,0,0,0,0,0,0,0,0,0,0,0,0,0,0,2.86967866325084,4.31489535953195,3.45282400281806,0,0,4.90533745288849,0,0,0,0,0,0,0,0,8.57570635162384,19.6178855895996,0,0,0,0,0,0,0,0,0,0,0,0,0,0,0,0,0,0,0,0,0,0,0,0,0,0,0,0,4.67094430060091,0,0,0,20.7817763710022,4.69057038225279,0,0,0,0
0,0,0,0,0,0,0,0,0,0,0,0,0,0,0,0,0,0,0,0,0,0,0,0,0,0,0,0,0,0,0,2.98851536214352,2.73403271039327,4.11103993357343,3.04142312414958,0,4.76364390055339,4.703125,0,0,0,0,0,0,0,0,0,10.3327991030308,0,20.3060985903874,0,0,0,0,0,0,0,0,0,0,0,0,0,0,0,0,0,0,0,0,0,0,0,0,0,0,4.67094430060091,0,0,0,19.7618336884872,0,8.37785976421402,0,17.2986362775167,0,0
0,18.1552753448486,0,19.8971019252654,0,17.7727203369141,0,0,0,0,0,0,0,0,0,0,0,43.100121075594,29.0589391670975,0,0,0,0,0,0,0,0,0,0,0,0,9.63388465699695,6.08565394519127,0,4.41808414459229,3.3006039657509,4.49685730185581,3.26881721086905,0,8.78064312671239,0,14.9610957521381,51.5395545959473,0,0,7.92453641950348,0,0,0,0,0,0,0,0,0,0,0,0,0,0,0,0,0,0,0,0,0,0,0,0,0,0,0,0,7.67191400527954,0,0,0,0,9.32563878535544,0,64.0438537597656,3.81052124256528,3.49801449728484,13.6583915339576,13.0603857040405,49.3196662902832
19.073003133138,0,0,0,0,0,0,0,0,0,4.61622050370029,0,0,0,0,0,41.6639324043371,45.3891533161032,32.172697885167,0,4.39533181169668,0,0,0,0,0,0,0,0,0,0,3.84259019196033,2.9433310230573,3.04790422651503,2.86491181436649,5.24106567420585,3.38650299981819,3.01712127887841,3.78211952692055,0,9.44516057910224,49.9904621669224,13.5277119638076,0,23.9750490188599,57.7634811401367,19.3016104698181,9.99551820755005,0,0,0,0,0,0,0,0,4.7391356042594,0,0,0,0,0,0,72.6448745727539,0,0,0,0,0,0,0,0,0,0,0,0,0,0,9.32563878535544,0,0,3.24817148844401,5.21207444367137,3.6608904707686,33.4065521022207,48.5776628147472,13.3509955308875
0,0,0,0,0,0,0,0,0,0,0,4.21160691568828,0,0,0,0,0,0,0,0,0,3.45464512935667,0,3.56628519413518,0,0,0,4.68475865667827,0,4.2706828845972,0,0,0,0,5.37057357788622,0,0,4.0782640792632,4.17937248962819,6.63517649258886,0,0,0,0,0,0,0,11.025271305935,20.1024966520422,4.24758326671177,0,0,0,0,0,0,0,4.48676038923718,0,0,0,0,0,0,4.0996151000386,0,3.86094592390834,0,0,0,5.53581823002208,0,4.93514414394603,0,0,0,0,19.7618336884872,0,0,0,16.6766905437816,3.22913424138981,3.1892154214586,7.27425578909,0,0
18.6904481252034,0,0,0,0,0,0,0,0,0,3.56069567929144,0,0,0,0,0,41.874737246641,44.8243247138129,32.8546540036188,0,0,0,5.23474306296812,0,3.79722856339954,0,0,0,2.8513442033243,0,3.15214995940526,0,0,7.38601255552335,3.7506995677948,2.95350617832608,2.84079131484032,4.46384373129358,3.73969512665508,0,7.608762623096,47.7756743431091,13.5852923858037,75.8521728515625,25.7610445022583,57.7205238342285,17.9887843728065,12.6845436429901,4.85410365787046,22.3014918622142,0,0,0,0,0,0,5.08710360527039,0,0,0,0,0,0,0,0,6.37497461603043,0,4.41777195649988,0,0,0,0,0,0,0,0,20.7817763710022,0,64.0438537597656,3.24817148844401,16.6766905437816,0,4.34383487373563,3.35380130823429,13.442004133034,47.8523271469843,12.6131103524455
5.07960769268269,7.50469135831703,13.2091238021851,13.5418183978352,7.87543732282111,11.253621069725,0,0,3.95739447074988,4.11377452266767,2.83228804451404,3.30380500110925,2.83597779273987,3.00568812880023,4.52521871062229,3.14620799541473,8.56906762442373,5.41909321779518,11.2794071863332,3.07224179059267,2.90120757722307,4.30740309231387,3.02398739740888,2.99636729818876,2.74923805395762,2.9842334440199,2.86266778839959,2.905936839059,3.07941948887025,2.95752218966983,2.9919637819086,2.8128001187977,2.77501583099365,5.20064682310278,5.27041720846984,3.13972701347475,3.22630629645837,3.90045984658943,3.23017751625192,27.4505539390984,25.8477501826021,10.2151035914345,12.731805993497,14.8739371853215,14.9579550231375,18.1199805577187,18.6075087711186,7.2814312205724,7.16131613851708,8.84985122818707,18.1322763905381,4.65198469161987,2.80180885575034,0,13.2513076663017,8.53462531453087,3.55604980250919,4.24024143789336,2.78424936532974,3.23212278443714,3.15830361843109,3.00038488705953,3.80857222084159,11.3444659745515,3.3152520519378,3.12746540716088,3.74525107036937,2.95652556419373,2.97540002513206,2.88337708541325,2.97882371457257,3.08161684132497,2.98085704546923,3.12594922984594,3.17523595203053,2.84988986549521,4.69057038225279,8.37785976421402,3.81052124256528,5.21207444367137,3.22913424138981,4.34383487373563,0,4.0066876222096,14.8160821569307,18.155036682349,22.6037737528483
0,8.42472910881042,16.8684525489807,0,3.88500630091398,4.98780854309306,0,0,3.30969643592834,5.82558472951253,2.89166095121851,2.95962254966987,3.09463847839271,3.24397864945041,3.54097499093919,4.44695211257269,4.3705299450801,3.02512021064758,0,0,0,4.7697252051471,2.97133533424801,0,0,0,0,3.1164166496637,3.29050434838864,3.0512893651868,0,0,0,0,0,4.07363616963893,3.42643802984174,2.9677428494037,3.71784729313206,0,17.5728829701742,0,20.8288102149963,0,0,0,9.92967891693115,0,0,0,17.9207363128662,0,0,0,0,5.6873025894165,2.92726157009602,3.13028713920567,2.73683953285217,3.23059813533568,0,0,0,0,3.47451110375233,2.98624212276645,0,0,0,0,3.2742016385298,3.5942382982799,3.17314643412828,0,0,0,0,0,3.49801449728484,3.6608904707686,3.1892154214586,3.35380130823429,4.0066876222096,0,9.98728240620006,0,0
18.8269344464377,12.8500814693147,16.1065043294049,16.8243489677289,17.0739076733589,18.1593280734438,0,0,0,0,0,0,0,0,0,0,40.3607795250951,42.8124088543167,25.5449995355327,18.3574663798014,0,0,0,0,0,0,0,0,0,0,0,0,0,0,17.6609191894531,15.3125484848474,17.2015886156578,3.76296791937706,5.44764582989997,14.5035497023824,13.8206954084716,11.0001115624486,14.3107308446377,13.8250402913184,12.5785825164695,9.47004106981164,9.64857595364069,5.48283841208859,6.52769106427318,4.75388549396934,19.0000767264255,0,0,0,10.2862741770568,8.80386170414961,0,10.3836859464645,0,0,0,0,13.5242452422778,19.4466128013503,0,0,0,0,0,0,0,0,11.1975994110107,28.658572946276,0,0,0,17.2986362775167,13.6583915339576,33.4065521022207,7.27425578909,13.442004133034,14.8160821569307,9.98728240620006,0,16.2314908234235,27.5158238990661
0,0,0,0,0,0,0,0,0,0,0,0,0,0,0,0,40.7009658813477,31.8070881314673,22.9320567017648,0,0,0,0,0,0,0,0,0,0,0,0,0,0,0,0,0,0,0,0,14.6046714782715,52.9594424703847,5.46748051602087,37.585451981117,0,0,11.3517427444458,0,0,0,0,0,0,0,0,0,0,0,0,0,0,0,0,12.4167473316193,47.9328842163086,0,0,0,0,0,0,0,0,0,0,0,0,0,0,13.0603857040405,48.5776628147472,0,47.8523271469843,18.155036682349,0,16.2314908234235,0,37.4964950281546
0,0,50.6112022399902,0,0,0,0,0,0,0,0,0,0,0,0,0,30.3956354807114,37.8257052103678,21.104489313045,0,0,0,0,0,0,0,0,0,0,0,0,0,0,0,0,0,0,0,0,0,15.4304854843643,37.5076613956028,7.67143866550997,0,0,45.1041660308838,0,0,0,0,0,0,0,0,0,0,0,0,0,0,0,0,49.3550605773926,12.1846503151788,0,0,0,0,0,0,0,0,0,0,0,0,0,0,49.3196662902832,13.3509955308875,0,12.6131103524455,22.6037737528483,0,27.5158238990661,37.4964950281546,0
