0,0,0.00471643450482776,0,0,0,0,0,0.00322863975054829,0,0,0,0,0,0.00112250241736719,0,0.000478564904994754,0,0.00758455472528544,0,2.61994330097503e-05,0,0,0,0,0,0,0,0,0,0,0,0,0,0,0,0,0,0,0,7.59434014238839e-05,0,0.00283060381782492,0,0.000809580862077049,0,0.00275737253083242,0,0.0528454139476829,0,0,0,0,0,0.000469305489649724,0,0.000600095560909038,0,0.00126933913148253,0,0.0111556049168861,0,0,0.0030949492018767,0,0,0,0,0,0,0,0,0,0,0,0,0,0,0,0.000204317926838948,0,0,0.000321214036940746,0,0.021504933188424,0,0.00192863383436627
0,0,0,0,0,0,0,0,0,0.00592949636852209,0,0,0,0,0,0,0,0,0,0,0,0,0,0,0,0,0,0,0,0,0,0,0,0,0,0,0,0,0,0,0,0.00130141176335078,0,0,0,0,0,0,0,0.00105044045498079,0,0,0,0,0,0.0158882620245875,0,0,0,0,0,0.000150160127802236,0,0,0,0,0,0,0,0,0,0,0,0,0,0,0,0,0,0,3.96255981474332e-06,0,0.000118013826265091,0,0.00732440404644411,0.000236762072560708,0
0.00471643450482776,0,0,0,0.0462394571642795,0,0,0,0.0179411848246444,0,0,0,0,0,0.00193781581828386,0,1.04562769145881e-05,4.02769662467088e-06,0.000699290288403118,0,1.82552857233439e-05,0,0,0,0,0,0,0,0,0,0,0,0,0,0,0,1.04756760630755e-05,0,0,0,0.000163985921535014,0,0.00298062128263584,0,0.000155985268751807,0,0.00486599320962319,0,0.00516349692639062,0,0.0302352707161878,0,0,0,0.0015595051505382,0,0.00486763690496457,0,0.00294579119551305,0,0.00622245138627089,0,0,0.00385236666214365,0,0,0,0,0,0,0,0,0,0,0,0,0,0,0,8.39470846442715e-05,0,0,9.48707033712485e-05,1.54788166485149e-05,0.015853355186128,0,0.00512799353337497
0,0,0,0,0,0.0300009835608796,0,0,0,0.000298325078097158,0,0,0,0,0,0,0,0,5.35280861006518e-05,0,0,0,0,4.83461771026846e-05,0,0,0,0,0,0,0,0,0,0,0,0.000525185959101291,0,0,0,0.000952543511403255,0,0.00730887050132857,0,0.00100688069915041,0,0.00993726152456793,6.49266727172429e-05,0,0,0.000182384855647539,0,0.0690549349027214,0,0,0,0.011010603961802,0,0.000486389581168381,0,0.00235667717684981,0,0.00807276666418164,0.00244596492371862,0,0,0,0,0,0,0,0.000417485777306597,0,0.00473625535813062,0,0,0,0,0,0.00127841080723594,0,0.000288246333079767,0,0.000184618687615089,0,0.0512486073740402,0.00596897183832908,0
0,0,0.0462394571642795,0,0,0,0.00215578922409521,0,0.00488798681655095,0,0,0,0,0,0.000466866552275291,0,0,0,0,0,0.00262697065594253,0,0,0,0,0,0,0,0,0,0,0,0,0,0,0,3.46489411493447e-05,0,0,0,0,0,0,0,0,0,3.87502384374587e-05,0,0,0,0.0435867368195371,0,0,0,0.000455537015207412,0,0.0003978461673033,0,0.00419162883369931,0,0.010629614074096,0,0,0.000985744406917924,0,0,0,0,0,0,0,0,0,0,0,0,0,0,0,2.18622185904907e-05,0,0,0.000615543554560841,0.000312247985301255,0.00052742372845082,0,0
0,0,0,0.0300009835608796,0,0,0,0,0,0.00758693400592441,0,0,0,0,0,0.00355781254031241,0,0,0,0.00162353850862399,0,0,0,0,0,0,0,0,0,0,0,0,0,0,0,9.23963847373279e-05,0,0,0,0,0,0,0,0,0,0.000933368371562182,0,0,0,0,0,0.0520461783670061,0,0,0,0.00098500291899208,0,0,0,0.0022399631310197,0,0.0123368991196268,0.000162608546472422,0,0,0,0,0,0,0,0,0,0,0,0,0,0,0,0.000115402751274738,0,0,0,9.60533433440298e-05,0,0.00126935866346482,0,0
0,0,0,0,0.00215578922409521,0,0,0,0,0,0.000699449785680456,0,0.00138039224232556,0,0,0,0,0,0,0,0,0,0,0,0,0,0,0,0,0,0,0,0,0,0,0,0,0,0,0,0,0,0,0,0,0,0,0,0,0,0.00076289794317181,0,0.0159415926553942,0,0,0,0.00503515263596145,0,0.031526440125308,0,0,0,0,0,0,0,0,0,0,0,0,0,0,0,0,0,0,0,0,0,0,0,0.000275048341084784,0,0,0,0
0,0,0,0,0,0,0,0,0,0,0,0.000840736347287627,0,0,0,0,0,0,0,0.000641515536084044,0,0,0,0,0,0,0,0,0,0,0,0,0,0,0,0,0,0,0,0,0,0,0,0,0,0,0,0,0,0,0,0,0,0.0352707289820147,0,0,0,0.00182606699275308,0,0,0,0,9.1463760674228e-05,0,0,0,0,0,0,0,0,0,0,0,0,0,0,0,0,0,0,0,0.000371635384205076,0,0,0,0
0.00322863975054829,0,0.0179411848246444,0,0.00488798681655095,0,0,0,0,0,0,0,0,0,0.0191100416131546,0,0,0,0,0,0,0,0,0,0.00193565863654997,0,0,0,0,0,0,0,0,0,0,0,0,0,1.09333066527594e-05,0,0,0,0,0,0,0,0,0,0.000567991777810623,0,0.0108512634353708,0,0,0,0.124811020878955,0,0,0,1.67942970194738e-05,0,0.0245553073554825,0,0,7.97439095431753e-05,0,0,0,0.00175282056486852,0,0.000995775136138771,0,0,0,0,0,0,0,0,0,0,0,2.67465028951276e-05,0.000864950400049999,0,0.00198773864051615,0,0.000313462613117909
0,0.00592949636852209,0,0.000298325078097158,0,0.00758693400592441,0,0,0,0,0,0,0,0,0,0.0310483456730909,0,0,0,0,0,0,0,0.000985954977818318,0,0.0131864460164115,0,0,0,0,0,0,0,0,0,0,0,0.000766716865924184,0,0,0,0.00101473129549444,0,0,0,0,0,0,0,0.00410294834784878,0,0,0,0,0,0.0721770667762744,0,0,0,0,0,0.0128507757636132,0,0,0,0,0.00188883404909896,0,0.00294619842324187,0,0,0,0,0,0,0,4.39050975607961e-05,0,0,0,0.000637873739479523,0,0.00105471789578652,0,0.000524642120558012,0.000335566768086,0
0,0,0,0,0,0,0.000699449785680456,0,0,0,0,0,6.81119066362285e-05,0,0,0,0,0,0,0,0.00573779409830831,0,0,0,0,0,0,0,0.00148679578419782,0,0.0194620325536981,0,0,0,0,0,0.00125955106232162,0,0.00389216820264939,0,0,0,0,0,0,0,0,0,0,0,0,0,0,0,0,0,0.0959552126863197,0,0.000153597794620649,0,0,0,0,1.8626888244524e-05,0,0,0,0,0,0,0,0.000327437714727884,0,0.000260212290153074,0,0,0,0,0,4.04583185669571e-05,0,0.0010228407150006,0.000218197846039178,0,0,0,0
0,0,0,0,0,0,0,0.000840736347287627,0,0,0,0,0,0,0,0,0,0,0,0.011536839900371,0,0,0,0,0,0,0,0,0,0.000432311423098653,0,0,0,0,0,0.000468578424165289,0,0.00256429346243183,0,0,0,0,0,0,0,0.000138146442832459,0,0,0,0,0,0,0,0.000632642521640234,0,0,0,0.08330283083427,0,0.000143509772897232,0,0,0.00942853160129156,0,0,0,0,0,0,0,0,0,0.0028096685752935,0,0,0,0,0,0.000457813671794602,0,0.00264459760590481,0,0.000542219842420399,0,0.000302667736470705,0,0
0,0,0,0,0,0,0.00138039224232556,0,0,0,6.81119066362285e-05,0,0,0,0,0,0,0,0,0,0,0,0,0,0,0,0,0,0.000405512403588651,0,0,0,0,0,0,0,0,0,0,0,0,0,0,0,0,0,0,0,0,0,0,0,0,0,0,0,7.80006608938079e-05,0,0.00319029080834505,0,0.00115449975691703,0,0,0,0,0,0,0,0,4.49618897958373e-05,0,2.59105233286041e-05,0,0,0,0,0,0,0,0,0,0,3.84886288884445e-06,0,0,0,0
0,0,0,0,0,0,0,0,0,0,0,0,0,0,0,0,0,0,0,0,0,0,0,0,0,0,0,0,0,0,0,0,0,0,0,0,0,0,0,0,0,0,0,0,0,0,0,0,0,0,0,0,0,0,0,0,0,0,0,0.00562096409469318,0,0,0,0,0,0,0,0,0,0,0,0,0,0,0,0,0,0,0,0,0,0,0,0,0,0,0
0.00112250241736719,0,0.00193781581828386,0,0.000466866552275291,0,0,0,0.0191100416131546,0,0,0,0,0,0,0,0,0,0,0,0,0,0,0,0,0,0,0,0,0,0,0,0,0,0,0,0,0,0,0,0,0,0,0,0,0,0,0,0.000211046086258856,0,0,0,0,0,0.000383189767366219,0,0,0,0.000477036096287541,0,0.0163162324219958,0,0,0,0,0,0,3.63579024323579e-05,0,0.00120423041937426,0,1.51723958036955e-05,0,0,0,0,0,0,0,0,0,0,0,0,2.60076590273417e-05,0,0
0,0,0,0,0,0.00355781254031241,0,0,0,0.0310483456730909,0,0,0,0,0,0,0,0,0,0,0,0,0,0,0,0,0,0,0,0,0,0,0,0,0,0,0,0,0,0,0,0,0,0,0,0,0,0,0,0,0,0.000913940625348674,0,0,0,0.00238499705386517,0,0,0,0,0,0.0122803654518664,0,0,0,0,0,0,0,0,0,0,0,0,0,0,0,0,0,0,0,0,0.00018771073695729,0,0,0,0
0.000478564904994754,0,1.04562769145881e-05,0,0,0,0,0,0,0,0,0,0,0,0,0,0,0.1297969439325,0.0586072735846217,0,0,0,0.000946077768813851,0.00406544083982531,0,0.000220690086108459,0.00340192937495197,0,3.24926663557969e-05,0,0,0,0,0,0,0,0,0,0,0.000140809430582741,0.000362914820262273,0.000649924699779483,0.00184230850895274,0.000404808014328616,0.00110396357395257,0.00074321709942248,0.00299403423150107,0,0,1.02461513901424e-05,0,0,0,0,0,0,4.80761468587936e-06,0,3.02974604138342e-06,0,0,0,2.28806813098063e-05,0.00111937463064287,0,0.000176521374027218,0,0,0.000179583062935203,0.000471720862860705,0,0,0,0,0,0,0,0,0.000102135368981677,0.00089479150896565,1.6625936278291e-05,0,0.00633509313990314,4.08310966123583e-05,0.00507778847797785,0.000299213747553273,0.000934050379441649
0,0,4.02769662467088e-06,0,0,0,0,0,0,0,0,0,0,0,0,0,0.1297969439325,0,0.0377239511807147,0,0,0.000433615490459793,0,0.00392153787228863,0,0.00393022692575097,0,0,0,0,0,0,0,0,0,0,0,0,0,0.000575737965064345,0.000134336607421553,0.00312902052241964,0.000625827763180173,0.00116130878112402,0.000508661791452093,0.00140782062236231,0.000694124440794895,0,0,0,0,0,0,0,0,0,0,4.77107399005116e-06,0,0,0,0,7.37948157140127e-05,0.00034869696824576,0,0,0,0,0.000936293657752862,0,3.77420844495992e-06,0,0.000122297761506596,0,0,0,0,0,0.000227966067823463,0.000241811439099132,1.95479233407341e-05,0,0.0107647157283042,0.000989208836655673,0.0055579992533808,0.000935375430563973,0.000146253695462107
0.00758455472528544,0,0.000699290288403118,5.35280861006518e-05,0,0,0,0,0,0,0,0,0,0,0,0,0.0586072735846217,0.0377239511807147,0,0,0.000117096652420508,0,0,0.000287993164173665,0,3.52409484042813e-05,0,0,0,0,0,0,0,0,0,5.08610689938373e-05,3.43181025423756e-05,0,0,0.00784631794044794,0.00469428403326007,0.0300212015745842,0.0138993132720301,0.0128814825270586,0.0100862332659521,0.0243233233628882,0.0269996327960245,0,9.27205837735669e-05,5.65690972206367e-05,0,0,0,0,0,0,4.43530731485695e-06,7.12761535269092e-05,0,0,7.20519499364269e-06,0,0.000504395680478136,0.0132911735582664,0,0,0,0,0,0,6.00595693248889e-05,0,0.00232566081611728,0,0,0,0,0,0.00313729137196976,0.0101387263174948,0.000391902370953158,0,0.00457402266884041,0,0.0905606656869114,0.0114404752091072,0.00798479954207102
0,0,0,0,0,0.00162353850862399,0,0.000641515536084044,0,0,0,0.011536839900371,0,0,0,0,0,0,0,0,0,0,0,0,0,0,0,0,0,0,0,0,0,0,0,0.00153556265366652,0,0.00217142268115539,0,0,0,0,0,0,0,6.74964571216498e-05,0,0,0,0,0,0,0,0,0,0,0,0.00365770070277444,0,0,0,0,0.0413810886951328,0,0,0,0,0,0,0,0,0,0.000362527074384322,0,0,0,0,0,0.000754638537333842,0,0,0,0.000227778103002162,0,0.000925282195081507,0,0
2.61994330097503e-05,0,1.82552857233439e-05,0,0.00262697065594253,0,0,0,0,0,0.00573779409830831,0,0,0,0,0,0,0,0.000117096652420508,0,0,0,0,0,0,0,0,0,0,0,0,0,0,0,0,0,0.00830523534818298,0,0.00157833938827519,0,0,0,0,0,0,0,0.000468112645070641,0,0,0,0.00606530630930234,0,0,0,0,0,0.0169744793528873,0,0,0,0,0,0,0.061334146539793,0,0,0,0,0,0,0,0,0,0.000326296288315266,0,0,0,0,0,0.00324948691491254,0,0.000305349970772402,0.000303959420142645,5.77662158350783e-05,0.0023535005434369,0,0.000131454697534618
0,0,0,0,0,0,0,0,0,0,0,0,0,0,0,0,0,0.000433615490459793,0,0,0,0,0.000287611677470925,0.00150642589447196,0,0.00055570697919005,0,0.000231897374267898,0,0,0,0,0,0,0,0,0,0.00407045077207337,0,0,0,0,0,0,0,0,0,0,0,0.000342066533726655,0,0,0,0,0,0,0,0,0,0,0,0,0,0,0.0855363560622568,0,0.000624133104374345,0,0.000257773366716238,0,0.000384883635168539,0,0,0,0,0,0,0,0,0,0.00206638228616136,0,0.00136175837367518,2.80631679606653e-05,0,0,0
0,0,0,0,0,0,0,0,0,0,0,0,0,0,0,0,0.000946077768813851,0,0,0,0,0.000287611677470925,0,0,0.00418644063425043,0,0,0,0.000594637055082297,0,0,0,0,0,0,0,0,0,0.00304855421914491,0,0,0,0,0,0,0,0,0,0,0,0,0,0,0,0,0,0,0,0,0,0,0,0,0,0,0.096145797437962,0,0.000831251933897044,0,0.000206540275181312,0,2.43860194679456e-05,0,0,0,0,0,0,0,0,0,0.00107924794087665,0.000884789557423401,4.9362238314643e-06,0,0,0
0,0,0,4.83461771026846e-05,0,0,0,0,0,0.000985954977818318,0,0,0,0,0,0,0.00406544083982531,0.00392153787228863,0.000287993164173665,0,0,0.00150642589447196,0,0,0,0.013841622637149,0,0,0,0,0,0,0,0,0,0,0,0.000572171108599011,0,0,0,0.000109642322371581,0,0,0,0,0,0,0,0.000716617704114513,0,0,0,0,0,0.00509692649035523,0,0,0,6.76376623490738e-05,0,9.28460245809559e-05,0,0,0.00434849627084791,0,0.083890180831894,0,0.0145139445312716,0,0,0,0,0,0,0,0.000107281217685165,0,0,0,0.00200157772351024,0,6.57977506264847e-05,0,0.000554754873036363,8.20913602946234e-05,0
0,0,0,0,0,0,0,0,0.00193565863654997,0,0,0,0,0,0,0,0,0,0,0,0,0,0.00418644063425043,0,0,0,0.000287707222227863,0,0,0,0,0,0,0,0,0,0,0,0.000737818523035284,0,0,0,0,0,0,0,0,0,0.00017008617789322,0,0,0,0,0,0.0166957192802019,0,0,0,0,0,0,0,0,0,0,0.00366465480994178,0,0.0816758830673854,0,0.0137462450268402,0,0,0,0,0,0,0,3.28061871478057e-05,0,0,0,0.00120521906059708,3.37803873445572e-05,0,0.00310038373650655,0,0
0,0,0,0,0,0,0,0,0,0.0131864460164115,0,0,0,0,0,0,0.000220690086108459,0.00393022692575097,3.52409484042813e-05,0,0,0.00055570697919005,0,0.013841622637149,0,0,0,9.17446050575921e-05,0,0,0,0,0,0,0,0,0,0,0,0,0,0,0,0,0,0,0,0,0,0,0,0,0,0,0,0.00201447793110595,0,0,0,0,0,6.7415039572828e-05,0,0,0.00027513212260172,0,0.00454215457869908,0,0.00626822386450343,0,0,0,0,0,0,0,0,0,0,0,0,0,1.67831637288129e-05,2.65154758347706e-06,0,0,0
0,0,0,0,0,0,0,0,0,0,0,0,0,0,0,0,0.00340192937495197,0,0,0,0,0,0,0,0.000287707222227863,0,0,0,0,0,0,0,0,0,0,0,0,0,0,0,0,0,0,0,0,0,0,0,0,0,0,0,0,0,0.00041758012957871,0,0,0,0.000148214139211733,0,0.00293079745205505,0,0,0,0,0,0,0.000816219485491442,0,0.0116563757049384,0,0.00030054102578367,0,0,0,0,0,0,0,0,0,0,0.000576547659888933,0,0,0,0
0,0,0,0,0,0,0,0,0,0,0,0,0,0,0,0,0,0,0,0,0,0.000231897374267898,0,0,0,9.17446050575921e-05,0,0,0,0.00402727348474718,0,0,0,0,0,0,0,0,0,0,0,0,0,0,0,0,0,0,0,0,0,0,0,0,0,0,0,0,0,0,0,0,0,0,0.000157896449992495,0,0,0,0.000484256080671766,0,0.015419611024161,0,0.000467170342227161,0,0,0,0,0,0,0,4.2275134624173e-05,0,1.89118145499378e-05,5.63731236979947e-06,0,0,0
0,0,0,0,0,0,0,0,0,0,0.00148679578419782,0,0.000405512403588651,0,0,0,3.24926663557969e-05,0,0,0,0,0,0.000594637055082297,0,0,0,0,0,0,0,0.000247807651641739,0,0,0,0,0,0,0,0.00116992003522633,0,0,0,0,0,0,0,0,0,0,0,0,0,0,0,0,0,0,0,0.00224326530264684,0,0.000246121316626796,0,0,0,0,0.000613804419732617,0,0,0,0,0,0.0207138093157282,0,0,0,0,0,0,0,0,0,2.0720742455253e-05,6.69285669251714e-05,0,0,0,0
0,0,0,0,0,0,0,0,0,0,0,0.000432311423098653,0,0,0,0,0,0,0,0,0,0,0,0,0,0,0,0.00402727348474718,0,0,0,0,0,0,0,0,0,0.000473762694786168,0,0,0,0,0,0,0,0,0,0,0,0,0,0,0,0,0,0,0,0.000893415507023267,0,0,0,0,0,0,0,0,0,0,0,0,0.00251563886117383,0,0.0203794682797679,0,0,0,0,0,0,0,0.000336935002209638,0,0,0,0,0,0
0,0,0,0,0,0,0,0,0,0,0.0194620325536981,0,0,0,0,0,0,0,0,0,0,0,0,0,0,0,0,0,0.000247807651641739,0,0,0,0,0,0,0,0,0,0.000632667538830912,0,0,0,0,0,0,0,0,0,0,0,0,0,0,0,0,0,0.011361746077779,0,0,0,0,0,0,0,0,0,0,0,0,0,0,0.0114043406424235,0,0.0174632120955199,0,0,0,0,0,0,0,0.00219241784482667,3.89734395866981e-06,0,0,0,0
0,0,0,0,0,0,0,0,0,0,0,0,0,0,0,0,0,0,0,0,0,0,0,0,0,0,0,0,0,0,0,0,0.00291067296658706,0.00140700281611198,3.01724440746438e-05,0.00355739888604803,1.26990135405666e-05,0,0,0,0.000191019178344768,0,0,0,0,0,0,0.167121530709519,0.00290549580629225,0,0,0,0,0,0,0,0,0,0,0,0,0,0,0,0,0,0,0,0,0,0,0,0,0,0.109797676512391,0.0126864121953774,0.0123862607919552,0.0021154360821299,0.00952530148482987,0,0,0,0.000105983962264628,0,0,0,0
0,0,0,0,0,0,0,0,0,0,0,0,0,0,0,0,0,0,0,0,0,0,0,0,0,0,0,0,0,0,0,0.00291067296658706,0,0,0,1.15373522930895e-05,0.000860903121786408,0,0,0,0,0,0,0,0,0,0,0.00220706556551116,0,0,0,0,0,0,0,0,0,0,0,0,0,0,0,0,0,0,0,0,0,0,0,0,0,0,0,0.0508291340592137,0,0.0143004433371717,0,0.00146038159296221,0,0,0.000100351163204995,0,0,0,0
0,0,0,0,0,0,0,0,0,0,0,0,0,0,0,0,0,0,0,0,0,0,0,0,0,0,0,0,0,0,0,0.00140700281611198,0,0,0.055214708515983,0.00625792137212884,0,0.00816000534376674,0.00427744940335481,0,0,0,0,0,0,0,0,0.0861051595218468,0.000160755383253223,0.000321121764721306,0,0,0,0,0,0,0,0,0,0,0,0,0,0,0,0,0,0,0,0,0,0.000148381991904548,0,0,0.00495647165045187,0,0.107101713993209,0.0122663978257627,0.000868615610037654,7.85916975107743e-05,0.0234149641378493,0.00141733996436272,0.000498553626031577,0,0,0,0
0,0,0,0,0,0,0,0,0,0,0,0,0,0,0,0,0,0,0,0,0,0,0,0,0,0,0,0,0,0,0,3.01724440746438e-05,0,0.055214708515983,0,0.000104703494114679,0.00612213432294913,0.000111873735907226,0.00620914708994157,0,0,0,0,0,0,0,0,0.118415362427098,0.00174600507196476,0,0,0,0,0,0,0,0,0,0,0,0,0,0,0,0,0,0,0,0,0,0,0.000339454785203495,0,0,0,0,0.0143515222208864,0.111572067915319,6.07795241065032e-06,0.00326713092636014,0,0.0187060044083177,0.000141770176099993,0,0,0,0
0,0,0,0.000525185959101291,0,9.23963847373279e-05,0,0,0,0,0,0.000468578424165289,0,0,0,0,0,0,5.08610689938373e-05,0.00153556265366652,0,0,0,0,0,0,0,0,0,0,0,0.00355739888604803,1.15373522930895e-05,0.00625792137212884,0.000104703494114679,0,0.00211606257418901,0.014002138605204,0.000153502469481237,0.000104261340614999,0,3.10132064140796e-05,0,1.39683883671156e-05,0,0.000378321053888498,6.24670807705053e-05,0.00656389283235448,0,6.03036113159426e-05,0,2.53302516046069e-05,0,0,0,0,0,0.000447834810328364,0,0,0,0,0.00514560338719827,0,0,0,0,0,0,0,0,0,0,0,0.00420675842668358,2.11171812887891e-05,0.00873039251575671,0,0.0926644787663585,0.00217458528293795,0.0020468199831901,0,0.00470911312455723,3.55173547678964e-06,0.003632543257449,0,0
0,0,1.04756760630755e-05,0,3.46489411493447e-05,0,0,0,0,0,0.00125955106232162,0,0,0,0,0,0,0,3.43181025423756e-05,0,0.00830523534818298,0,0,0,0,0,0,0,0,0,0,1.26990135405666e-05,0.000860903121786408,0,0.00612213432294913,0.00211606257418901,0,0,0.00909224736611842,9.80507726590059e-06,0.00108607643858853,0,5.36376133047902e-05,0,6.72804813969145e-05,3.66455622226867e-05,0.000217789330545754,0.000879117269954429,0.000190258484772629,0,1.29009561560601e-05,0,0,0,0,0,0.00197655495171235,0,2.4561115964139e-06,0,3.27827702383438e-06,0,0,0.0130686750826424,0,0,0,0,0,0,0,0,0,0,0,0.00234347996179345,0,0.00545777533307536,0.000518434801833036,0.101182556915143,0,0.00972690692602395,0.00609517290811127,0.000428883569545273,0.00215713358670263,0,3.77869922283097e-06
0,0,0,0,0,0,0,0,0,0.000766716865924184,0,0.00256429346243183,0,0,0,0,0,0,0,0.00217142268115539,0,0.00407045077207337,0,0.000572171108599011,0,0,0,0,0,0.000473762694786168,0,0,0,0.00816000534376674,0.000111873735907226,0.014002138605204,0,0,0.00522761173804883,0,0,0,0,0,0,0,0,0.00253911932178819,0.000107781639090392,0.00486786167074778,0,0,0,0,0,0.000246286089082775,0,0.00152862145506762,0,0,0,0,0.000878446065531246,0,0.00703720064786843,0,0.00295070410283445,0,0,0,0.000156331172916039,4.60972707595915e-05,0.000681521353759654,0,0,0,0.00140186505471128,0,0.00546583822673992,0,0.0895208732902138,0.00142311585417461,0.00341214120526305,0.000198695983390095,0.00103728781136021,0,0
0,0,0,0,0,0,0,0,1.09333066527594e-05,0,0.00389216820264939,0,0,0,0,0,0,0,0,0,0.00157833938827519,0,0.00304855421914491,0,0.000737818523035284,0,0,0,0.00116992003522633,0,0.000632667538830912,0,0,0.00427744940335481,0.00620914708994157,0.000153502469481237,0.00909224736611842,0.00522761173804883,0,0,0,0,5.29476384383799e-05,0,0,0,0,0.0077863490293602,0.00819396765435339,0,0,0,0,0,0.000175369167644421,0,0.0042614717023657,0,0,0,0,0,0,0.00101864948640682,4.61181498781362e-05,0.00376659898462838,0,0.00534489278803854,0,0,0,0.00331910276099787,0,0.00326087650460575,0,0,0,0.00220740650398103,0,0.0056523599174063,0.000131813953642257,0.114899314360552,0.00217715370209792,8.6302870840882e-06,0.00103876100101515,0,0
0,0,0,0.000952543511403255,0,0,0,0,0,0,0,0,0,0,0,0,0.000140809430582741,0.000575737965064345,0.00784631794044794,0,0,0,0,0,0,0,0,0,0,0,0,0,0,0,0,0.000104261340614999,9.80507726590059e-06,0,0,0,0.000893616446279924,0.0455687464500564,0.000148600583017024,0.0180038807768345,0,0.0471192200914762,0.00127278879256826,0.000897615852022422,0.000172195318407589,0.0250019777094413,0,0,0,0,0,0,0,0.000666079668430046,0,0,0,0,0.00515246303931979,0,0,0,0,0,3.20430399002492e-05,0,0.00010376114983885,0,0.000470636159677699,0,0,0,0,0,0.00514769430910284,3.40406771789804e-05,3.1901431196581e-05,0,0.000136314141282118,0,0.069890633044981,0.00205743771136723,0
7.59434014238839e-05,0,0.000163985921535014,0,0,0,0,0,0,0,0,0,0,0,0,0,0.000362914820262273,0.000134336607421553,0.00469428403326007,0,0,0,0,0,0,0,0,0,0,0,0,0.000191019178344768,0,0,0,0,0.00108607643858853,0,0,0.000893616446279924,0,0.000142126755257704,0.0210205193289935,0,0.00421174293125301,0.000877859260422493,0.0315805107576177,0.0247993394558943,0.0463152618011873,0.0119335794043118,0.000210625455497884,0,0,0,0,0,7.00115575689025e-05,0,0,0,0,0,0,0.00579765326196709,0,0,0,0,0,0,1.03754611965432e-05,0,1.57090985591045e-05,0,9.44099618034079e-05,0.0017329257919137,0,5.31020331703829e-05,2.03192036849907e-05,0.0128428883842352,0,5.49473678890335e-05,0.000121110919472109,0,0.0240796821336967,0.000127400018232164,0.00242100366727548
0,0.00130141176335078,0,0.00730887050132857,0,0,0,0,0,0.00101473129549444,0,0,0,0,0,0,0.000649924699779483,0.00312902052241964,0.0300212015745842,0,0,0,0,0.000109642322371581,0,0,0,0,0,0,0,0,0,0,0,3.10132064140796e-05,0,0,0,0.0455687464500564,0.000142126755257704,0,0.00685803959696716,0.00989412646038245,0.000590258282841302,0.0140845074898117,0.000331616872092533,0.00659922483884272,0.000291580454379327,0.0323719562714909,0,0,0,0,0,4.42852922232016e-05,0,0.00625548037440959,0,2.36547243529072e-05,0,0,0.00245563861887859,4.635185034969e-05,0,0,0,0,0,0,0.00463288514660717,0,0.0128351350634826,0,0,0,0,0,0.00183098659563669,0.000103183265979736,0.00118877442391037,0,0.00632260651517967,0.000169700252062406,0.157402892098619,0.0643621930772313,7.24199847510539e-05
0.00283060381782492,0,0.00298062128263584,0,0,0,0,0,0,0,0,0,0,0,0,0,0.00184230850895274,0.000625827763180173,0.0138993132720301,0,0,0,0,0,0,0,0,0,0,0,0,0,0,0,0,0,5.36376133047902e-05,0,5.29476384383799e-05,0.000148600583017024,0.0210205193289935,0.00685803959696716,0,0.000440556438111463,0.00677608836359298,0,0.034871113345946,0.00941434152999297,0.0196928338808977,2.75856218052931e-05,7.8841036523605e-05,0,0,0,0,0,0.00223383819106654,0,0.00223967427401096,0,0.000692473397592237,0,0,0.0196643427994189,0,0,0,0,0,0,0,0,0,0.000152690718727898,0,0,0,0,2.27568106681872e-05,0.006043776858117,0,0,0.00566308034464581,2.07708529712948e-05,0.10084807048443,0.000190264264813058,0.0912488364803532
0,0,0,0.00100688069915041,0,0,0,0,0,0,0,0,0,0,0,0,0.000404808014328616,0.00116130878112402,0.0128814825270586,0,0,0,0,0,0,0,0,0,0,0,0,0,0,0,0,1.39683883671156e-05,0,0,0,0.0180038807768345,0,0.00989412646038245,0.000440556438111463,0,0.00195863548003737,0.024970718303651,0.00110536993464107,0,0,0.000150551373616673,0,0,0,0,0,0,0,0.000150176748337227,0,0,0,0,0.000929795201276478,0.000212559286813111,0,0,0,0,0,0,2.44578867026886e-05,0,0.00086855990519403,0,0,0,0,0,0.00074238511863458,7.46966731547539e-05,0.000114789053572251,0,0.000343867385476602,1.76298812159148e-05,0.0240096368361782,0.00655001899201466,0.000304347207507252
0.000809580862077049,0,0.000155985268751807,0,0,0,0,0,0,0,0,0,0,0,0,0,0.00110396357395257,0.000508661791452093,0.0100862332659521,0,0,0,0,0,0,0,0,0,0,0,0,0,0,0,0,0,6.72804813969145e-05,0,0,0,0.00421174293125301,0.000590258282841302,0.00677608836359298,0.00195863548003737,0,8.0939473091025e-05,0.0138593730948453,0,3.00445523404775e-05,0,0,0,0,0,0,0,0,0,0.00019206894593532,0,0,0,0,0.00929421661726365,0,0,0,0,0,0,0,0,0,0,0,0,0,0,7.37955854599056e-06,0.00192114091425034,0,0,0.000527778073063739,1.46618594101437e-06,0.0112603017027015,6.4962950724706e-05,0.0150348460119054
0,0,0,0.00993726152456793,0,0.000933368371562182,0,0,0,0,0,0.000138146442832459,0,0,0,0,0.00074321709942248,0.00140782062236231,0.0243233233628882,6.74964571216498e-05,0,0,0,0,0,0,0,0,0,0,0,0,0,0,0,0.000378321053888498,3.66455622226867e-05,0,0,0.0471192200914762,0.000877859260422493,0.0140845074898117,0,0.024970718303651,8.0939473091025e-05,0,0.0136736265170284,0,0,0.00198384035835055,0,0.000109302913971544,0,0,0,0,0,0.00426737200415475,7.42286518307502e-06,0,0,0,0.0633251759531513,2.08009950969949e-05,0,0,0,0,1.33863481728738e-05,0,0.00246563634405335,0,0.0122696771961853,0,0,0,0,0,0.00841602860837704,4.09072425919376e-05,0.00141530078243695,0,0.000449168457305762,3.26965584808496e-05,0.124416908499337,0.0031941517386823,5.19713031101234e-05
0.00275737253083242,0,0.00486599320962319,6.49266727172429e-05,3.87502384374587e-05,0,0,0,0,0,0,0,0,0,0,0,0.00299403423150107,0.000694124440794895,0.0269996327960245,0,0.000468112645070641,0,0,0,0,0,0,0,0,0,0,0,0,0,0,6.24670807705053e-05,0.000217789330545754,0,0,0.00127278879256826,0.0315805107576177,0.000331616872092533,0.034871113345946,0.00110536993464107,0.0138593730948453,0.0136736265170284,0,4.25187205924534e-05,0.000779887323807429,0,5.13867777629428e-05,0,0,0,0,0,0.00144042317227962,2.73304593087131e-05,0.000183463328334859,0,0.000122276583417992,0,4.92877086736432e-05,0.0923333006991639,0,0,0,0,0,0,0,0,4.68283654959142e-05,0,0,0,0,0,4.29082771455003e-05,0.00883916091086561,2.4025553108585e-05,0,0.000258065396407136,0,0.0863649172783233,0.000206924080873462,0.00182263310707963
0,0,0,0,0,0,0,0,0,0,0,0,0,0,0,0,0,0,0,0,0,0,0,0,0,0,0,0,0,0,0,0.167121530709519,0.00220706556551116,0.0861051595218468,0.118415362427098,0.00656389283235448,0.000879117269954429,0.00253911932178819,0.0077863490293602,0.000897615852022422,0.0247993394558943,0.00659922483884272,0.00941434152999297,0,0,0,4.25187205924534e-05,0,0.164474991347539,0.032362129758532,0,0,0,0,0,0,0,0,0,0,0,0,0,4.87504315252875e-05,0,0,0,0,0,0,0,6.28673654353568e-05,0,0,0.0756548489756949,0.0316044174275909,0.0425228286999784,0.0305074861077194,0.0472374602176324,0.0267770682585094,0.0142737055714627,0.00396291886164485,0.00571042229944791,0,0.0275368883639507,0,0
0.0528454139476829,0,0.00516349692639062,0,0,0,0,0,0.000567991777810623,0,0,0,0,0,0.000211046086258856,0,0,0,9.27205837735669e-05,0,0,0,0,0,0.00017008617789322,0,0,0,0,0,0,0.00290549580629225,0,0.000160755383253223,0.00174600507196476,0,0.000190258484772629,0.000107781639090392,0.00819396765435339,0.000172195318407589,0.0463152618011873,0.000291580454379327,0.0196928338808977,0,3.00445523404775e-05,0,0.000779887323807429,0.164474991347539,0,0.0363859828873165,0,0,0,0,0.00228034035434602,0,0.00357191227878838,0,0.00419712370161803,0,0.0158480225702338,0,0,0.000791011194281783,0,7.79161699537643e-05,0,0.00343249627983275,0,0.00579373926212461,0,0.00951639718762799,0,0.00243873895784902,0.000297112819589581,0,0,0.00534381891786341,2.04757315119878e-05,0.00783363487332284,0,0.0198383068197545,0.0022020653758105,0,0.0451597323631182,0.000129000788735741,0.00833318633235719
0,0.00105044045498079,0,0.000182384855647539,0,0,0,0,0,0.00410294834784878,0,0,0,0,0,0,1.02461513901424e-05,0,5.65690972206367e-05,0,0,0.000342066533726655,0,0.000716617704114513,0,0,0,0,0,0,0,0,0,0.000321121764721306,0,6.03036113159426e-05,0,0.00486786167074778,0,0.0250019777094413,0.0119335794043118,0.0323719562714909,2.75856218052931e-05,0.000150551373616673,0,0.00198384035835055,0,0.032362129758532,0.0363859828873165,0,0,0.00196920010707328,0,0,0,0,0,0.00642804288515938,0,0.00190801033675573,0,0.00507927122803931,0.000126623050735114,0,0.000388740294166324,0,0.00840913586260317,0,0.00157473500296037,0,0.00795075545738365,0,0.00959997543191118,0,0,0,8.26032877915403e-05,0,0.00325122072722725,0,0.00460300068643027,0,0.000927182070619508,6.43506711660275e-06,0.0322732455030816,0.00392046010097903,0
0,0,0.0302352707161878,0,0.0435867368195371,0,0.00076289794317181,0,0.0108512634353708,0,0,0,0,0,0,0,0,0,0,0,0.00606530630930234,0,0,0,0,0,0,0,0,0,0,0,0,0,0,0,1.29009561560601e-05,0,0,0,0.000210625455497884,0,7.8841036523605e-05,0,0,0,5.13867777629428e-05,0,0,0,0,0,0,0,0.00560991699266812,0,0.029511189227289,0,0.0234594622455441,0,0.042180915109093,0,0,0.00333420863802457,0,0,0,0,0,0,0,0,0,0,0,0,0,0,0,1.54444959468327e-05,0,0,0.000531350415472746,7.54963866948895e-06,0.000926079852263433,0,0
0,0,0,0.0690549349027214,0,0.0520461783670061,0,0,0,0,0,0,0,0,0,0.000913940625348674,0,0,0,0,0,0,0,0,0,0,0,0,0,0,0,0,0,0,0,2.53302516046069e-05,0,0,0,0,0,0,0,0,0,0.000109302913971544,0,0,0,0.00196920010707328,0,0,0,0.00972730145204301,0,0.012916970575504,0,0.00519450358706553,0,0.0187184636427785,0,0.022415101556908,2.15373115840006e-05,0,0,0,0,0,0,0,0,0,0,0,0,0,0,0,3.26409061063666e-05,0,0,0,0.00022857253053787,0,0.000923772196468401,0,0
0,0,0,0,0,0,0.0159415926553942,0,0,0,0,0,0,0,0,0,0,0,0,0,0,0,0,0,0,0,0,0,0,0,0,0,0,0,0,0,0,0,0,0,0,0,0,0,0,0,0,0,0,0,0,0,0,0,0,0,0.0213168179641176,0,0.011554004096184,0,0,0,0,0,0,0,0,0,0,0,0,0,0,0,0,0,0,0,0,0,0,0,2.40285191120432e-05,0,0,0,0
0,0,0,0,0,0,0,0.0352707289820147,0,0,0,0.000632642521640234,0,0,0,0,0,0,0,0,0,0,0,0,0,0,0,0,0,0,0,0,0,0,0,0,0,0,0,0,0,0,0,0,0,0,0,0,0,0,0,0.00972730145204301,0,0,0,0,0,0.0282983912267545,0,0.00380054451437459,0,0,7.34139671658232e-05,0,0,0,0,0,0,0,0,0,0,0,0,0,0,0,0,0,0,0,0.000336822718215327,0,0,0,0
0.000469305489649724,0,0.0015595051505382,0,0.000455537015207412,0,0,0,0.124811020878955,0,0,0,0,0,0.000383189767366219,0,0,0,0,0,0,0,0,0,0.0166957192802019,0,0.00041758012957871,0,0,0,0,0,0,0,0,0,0,0,0.000175369167644421,0,0,0,0,0,0,0,0,0,0.00228034035434602,0,0.00560991699266812,0,0,0,0,0,1.64888264856944e-05,0,7.75057832798823e-05,0,0.041093450856021,0,0,0,0,0,0,0.0771437771041342,0,0.000392622011903716,0,0,0,2.73872113319739e-05,0,0,0,0,0,0,0,0.00185745309991643,5.78734056051917e-05,0,0.00281107949426629,0,0
0,0.0158882620245875,0,0.011010603961802,0,0.00098500291899208,0,0,0,0.0721770667762744,0,0,0,0,0,0.00238499705386517,0,0,0,0,0,0,0,0.00509692649035523,0,0.00201447793110595,0,0,0,0,0,0,0,0,0,0,0,0.000246286089082775,0,0,0,4.42852922232016e-05,0,0,0,0,0,0,0,0,0,0.012916970575504,0,0,0,0,0,0,0,0,0,0.0850133093980089,0,0,0,0,0.0235282919917823,0,0.000410671046621271,0,0,0,5.48782860403012e-05,0,0,0,0,0,0,0,0.000146183166101588,0,5.20096131759864e-05,0,0.000450895161874934,0,0
0.000600095560909038,0,0.00486763690496457,0,0.0003978461673033,0,0.00503515263596145,0,0,0,0.0959552126863197,0,7.80006608938079e-05,0,0,0,4.80761468587936e-06,0,4.43530731485695e-06,0,0.0169744793528873,0,0,0,0,0,0,0,0,0,0.011361746077779,0,0,0,0,0,0.00197655495171235,0,0.0042614717023657,0,7.00115575689025e-05,0,0.00223383819106654,0,0,0,0.00144042317227962,0,0.00357191227878838,0,0.029511189227289,0,0.0213168179641176,0,1.64888264856944e-05,0,0,0,0.0262608842158655,0,0.00222312857538599,0,0,0.0583672045506072,0,9.54492077102215e-06,0,5.75909895444197e-05,0,0.000190116729873648,0,0.0267873002584082,0,0.0421168014168322,0,0,0,0,0,5.94349140829921e-05,0,0.000713649584438487,0.00106311160740177,1.6309952434611e-06,0.0344217369455088,0,0.00216982034531609
0,0,0,0.000486389581168381,0,0,0,0.00182606699275308,0,0,0,0.08330283083427,0,0,0,0,0,4.77107399005116e-06,7.12761535269092e-05,0.00365770070277444,0,0,0,0,0,0,0,0,0,0.000893415507023267,0,0,0,0,0,0.000447834810328364,0,0.00152862145506762,0,0.000666079668430046,0,0.00625548037440959,0,0.000150176748337227,0,0.00426737200415475,2.73304593087131e-05,0,0,0.00642804288515938,0,0.00519450358706553,0,0.0282983912267545,0,0,0,0,0,0.0149810479211579,0,0.00348146832139949,0.0347321211371762,0,0,0,3.19184151303682e-05,0,0.00499069537160068,0,0.0265852168227544,0,0.0251680934577362,0,0,0,0,0,0.00189787484964722,0,0.0023778636316912,0,0.000282907389600412,8.11895126725497e-06,0.00977597026437903,0.000376823844271205,0
0.00126933913148253,0,0.00294579119551305,0,0.00419162883369931,0,0.031526440125308,0,1.67942970194738e-05,0,0.000153597794620649,0,0.00319029080834505,0,0.000477036096287541,0,3.02974604138342e-06,0,0,0,0,0,0,0,0,0,0.000148214139211733,0,0.00224326530264684,0,0,0,0,0,0,0,2.4561115964139e-06,0,0,0,0,0,0.00223967427401096,0,0.00019206894593532,7.42286518307502e-06,0.000183463328334859,0,0.00419712370161803,0,0.0234594622455441,0,0.011554004096184,0,7.75057832798823e-05,0,0.0262608842158655,0,0,0,0.020730874529652,0,0,0.00211167569746459,0,0,0,0.000145682702644526,0,0.00611607337383418,0,0.0144453497785901,0,0.000112870149221687,0,0,0,0,0,4.65069499713023e-06,0,0,3.30182148955123e-05,0,0.00605971821264526,0,0.00126558737094662
0,0,0,0.00235667717684981,0,0.0022399631310197,0,0,0,0,0,0.000143509772897232,0,0.00562096409469318,0,0,0,0,0,0,0,0,0,6.76376623490738e-05,0,0,0,0,0,0,0,0,0,0,0,0,0,0,0,0,0,2.36547243529072e-05,0,0,0,0,0,0,0,0.00190801033675573,0,0.0187184636427785,0,0.00380054451437459,0,0,0,0.0149810479211579,0,0,0,0.00847164444271351,0,0,0,0,7.8587729442697e-05,0,0.0222587701357679,0,0.00837386005578705,0,0,0,0,0,0,0,0,0,0,0,0,0,0.000272213495227353,0,0
0.0111556049168861,0,0.00622245138627089,0,0.010629614074096,0,0,0,0.0245553073554825,0,0,0,0.00115449975691703,0,0.0163162324219958,0,0,0,7.20519499364269e-06,0,0,0,0,0,0,0,0.00293079745205505,0,0.000246121316626796,0,0,0,0,0,0,0,3.27827702383438e-06,0,0,0,0,0,0.000692473397592237,0,0,0,0.000122276583417992,0,0.0158480225702338,0,0.042180915109093,0,0,0,0.041093450856021,0,0.00222312857538599,0,0.020730874529652,0,0,0,0,1.44481782404706e-05,0,0,0,0.00134831543748366,0,0.00961677554406918,0,0.00323468959872068,0,0.000653438436427755,0,0,0,0,0,2.46759342186018e-06,0,0,7.54961016141947e-06,0,0.00199078701742371,0,0.00104650222487593
0,0.000150160127802236,0,0.00807276666418164,0,0.0123368991196268,0,0,0,0.0128507757636132,0,0,0,0,0,0.0122803654518664,0,0,0,0,0,0,0,9.28460245809559e-05,0,6.7415039572828e-05,0,0,0,0,0,0,0,0,0,0,0,0,0,0,0,0,0,0,0,0,0,0,0,0.00507927122803931,0,0.022415101556908,0,0,0,0.0850133093980089,0,0.00348146832139949,0,0.00847164444271351,0,0,0,0,0,0,0.000525844838588742,0,0.0160000871511508,0,0.000804005342810245,0,0,0,0,0,0,0,0,0,0,0,1.92919771851655e-05,0,0.000463922425098476,0,0
0,0,0,0.00244596492371862,0,0.000162608546472422,0,9.1463760674228e-05,0,0,0,0.00942853160129156,0,0,0,0,2.28806813098063e-05,7.37948157140127e-05,0.000504395680478136,0.0413810886951328,0,0,0,0,0,0,0,0,0,0,0,0,0,0,0,0.00514560338719827,0,0.000878446065531246,0,0.00515246303931979,0,0.00245563861887859,0,0.000929795201276478,0,0.0633251759531513,4.92877086736432e-05,0,0,0.000126623050735114,0,2.15373115840006e-05,0,7.34139671658232e-05,0,0,0,0.0347321211371762,0,0,0,0,0,1.18374357736496e-05,0,0,0,0,3.17740090151116e-05,0,0.00198525804330719,0,0.023295303866894,0,0,0,0,0,0.0096139537102294,0,0.00208630704246954,0,0.000170455942247673,0,0.024820393200353,8.0478045151551e-05,0
0.0030949492018767,0,0.00385236666214365,0,0.000985744406917924,0,0,0,7.97439095431753e-05,0,1.8626888244524e-05,0,0,0,0,0,0.00111937463064287,0.00034869696824576,0.0132911735582664,0,0.061334146539793,0,0,0,0,0,0,0,0,0,0,0,0,0,0,0,0.0130686750826424,0,0.00101864948640682,0,0.00579765326196709,4.635185034969e-05,0.0196643427994189,0.000212559286813111,0.00929421661726365,2.08009950969949e-05,0.0923333006991639,4.87504315252875e-05,0.000791011194281783,0,0.00333420863802457,0,0,0,0,0,0.0583672045506072,0,0.00211167569746459,0,1.44481782404706e-05,0,1.18374357736496e-05,0,0,0,0,0,0,0,0,0.000169026313345542,0,0.00086809720655907,0,0,0,0,6.93635938816742e-06,0.0203874459648075,0,0.000851402695851851,0.00136317958672616,0,0.0782699022114651,0,0.00267302818555633
0,0,0,0,0,0,0,0,0,0,0,0,0,0,0,0,0,0,0,0,0,0.0855363560622568,0,0.00434849627084791,0,0.00027513212260172,0,0.000157896449992495,0,0,0,0,0,0,0,0,0,0.00703720064786843,4.61181498781362e-05,0,0,0,0,0,0,0,0,0,0,0.000388740294166324,0,0,0,0,0,0,0,0,0,0,0,0,0,0,0,0,0.0110125093599224,0,0.00449235611845113,0,0.0148276664977555,0,1.10754257325546e-05,0,0,0,0,0,0,0,0.0105188450693985,0,0.000706114737642685,2.11521275968739e-05,0,0,0
0,0,0,0,0,0,0,0,0,0,0,0,0,0,0,0,0.000176521374027218,0,0,0,0,0,0.096145797437962,0,0.00366465480994178,0,0,0,0.000613804419732617,0,0,0,0,0,0,0,0,0,0.00376659898462838,0,0,0,0,0,0,0,0,0,7.79161699537643e-05,0,0,0,0,0,0,0,9.54492077102215e-06,0,0,0,0,0,0,0,0,0,0,0.026810997491823,0,0.00773683125411813,0,0.0207311458342582,0,0,0,0,0,0,0,0,0,0.00661622829350776,0.000169276663288487,2.04068859042939e-05,7.65229380823753e-06,0,0
0,0,0,0,0,0,0,0,0,0.00188883404909896,0,0,0,0,0,0,0,0,0,0,0,0.000624133104374345,0,0.083890180831894,0,0.00454215457869908,0,0,0,0,0,0,0,0,0,0,0,0.00295070410283445,0,0,0,0,0,0,0,0,0,0,0,0.00840913586260317,0,0,0,0,0,0.0235282919917823,0,3.19184151303682e-05,0,7.8587729442697e-05,0,0.000525844838588742,0,0,0.0110125093599224,0,0,0,0.0168947411299969,0,0.000414239938359939,0,0,0,0,0,6.96219575438087e-05,0,0,0,0.00749098891083308,0,0.000259948840373589,0,0.0033913731317196,0,0
0,0,0,0,0,0,0,0,0.00175282056486852,0,0,0,0,0,3.63579024323579e-05,0,0,0,0,0,0,0,0.000831251933897044,0,0.0816758830673854,0,0.000816219485491442,0,0,0,0,0,0,0,0,0,0,0,0.00534489278803854,0,0,0,0,0,0,0,0,0,0.00343249627983275,0,0,0,0,0,0.0771437771041342,0,5.75909895444197e-05,0,0.000145682702644526,0,0.00134831543748366,0,0,0,0,0.026810997491823,0,0,0,0.0212180868552823,0,0.000115951141525271,0,0,0,0,0,0,0,0,0,0.00645117446879834,3.97016894457692e-06,0,0.00305718629429035,0,0
0,0,0,0,0,0,0,0,0,0.00294619842324187,0,0,0,0,0,0,0.000179583062935203,0.000936293657752862,0,0,0,0.000257773366716238,0,0.0145139445312716,0,0.00626822386450343,0,0.000484256080671766,0,0,0,0,0,0,0,0,0,0,0,3.20430399002492e-05,0,0,0,0,0,1.33863481728738e-05,0,0,0,0.00157473500296037,0,0,0,0,0,0.000410671046621271,0,0.00499069537160068,0,0.0222587701357679,0,0.0160000871511508,3.17740090151116e-05,0,0.00449235611845113,0,0.0168947411299969,0,0,0,0.0218879918696641,0,0,0,0,0,0,0,1.17977849984368e-06,0,5.32384265633013e-06,0,0.00012352981527958,0,0.000897402293838088,0,0
0,0,0,0,0,0,0,0,0.000995775136138771,0,0,0,4.49618897958373e-05,0,0.00120423041937426,0,0.000471720862860705,0,0,0,0,0,0.000206540275181312,0,0.0137462450268402,0,0.0116563757049384,0,0,0,0,0,0,0,0,0,0,0,0,0,0,0,0,0,0,0,0,0,0.00579373926212461,0,0,0,0,0,0.000392622011903716,0,0.000190116729873648,0,0.00611607337383418,0,0.00961677554406918,0,0,0,0,0.00773683125411813,0,0.0212180868552823,0,0,0,0.0433213882825051,0,0,0,0,0,0,0,0,0,0,0,0,1.09586042662011e-05,0,0
0,0,0,0.000417485777306597,0,0,0,0,0,0,0,0,0,0,0,0,0,3.77420844495992e-06,6.00595693248889e-05,0,0,0.000384883635168539,0,0,0,0,0,0.015419611024161,0,0.00251563886117383,0,0,0,0,0,0,0,0.000156331172916039,0,0.00010376114983885,1.03754611965432e-05,0.00463288514660717,0,2.44578867026886e-05,0,0.00246563634405335,0,0,0,0.00795075545738365,0,0,0,0,0,0,0,0.0265852168227544,0,0.00837386005578705,0,0.000804005342810245,0.00198525804330719,0,0.0148276664977555,0,0.000414239938359939,0,0.0218879918696641,0,0,0,0.0325247534986195,0,0,0,0,0,5.0254823428703e-05,0,0.0072542493531769,0,0.000142480997265509,8.39874137171064e-06,0.00679849711924066,0.00016112169981313,0
0,0,0,0,0,0,0,0,0,0,0.000327437714727884,0,2.59105233286041e-05,0,1.51723958036955e-05,0,0,0,0,0,0,0,2.43860194679456e-05,0,0,0,0.00030054102578367,0,0.0207138093157282,0,0.0114043406424235,0,0,0.000148381991904548,0.000339454785203495,0,0,4.60972707595915e-05,0.00331910276099787,0,0,0,0,0,0,0,0,6.28673654353568e-05,0.00951639718762799,0,0,0,0,0,0,0,0.0267873002584082,0,0.0144453497785901,0,0.00323468959872068,0,0,0.000169026313345542,0,0.0207311458342582,0,0.000115951141525271,0,0.0433213882825051,0,0,0,0.0516569957452817,0,0,0,0,0,0,0,0.00997843424095985,5.62824256136979e-06,0,0.0148604718546629,0,0
0,0,0,0.00473625535813062,0,0,0,0,0,0,0,0.0028096685752935,0,0,0,0,0,0.000122297761506596,0.00232566081611728,0.000362527074384322,0,0,0,0,0,0,0,0.000467170342227161,0,0.0203794682797679,0,0,0,0,0,0,0,0.000681521353759654,0,0.000470636159677699,1.57090985591045e-05,0.0128351350634826,0,0.00086855990519403,0,0.0122696771961853,4.68283654959142e-05,0,0,0.00959997543191118,0,0,0,0,0,5.48782860403012e-05,0,0.0251680934577362,0,0,0,0,0.023295303866894,0,1.10754257325546e-05,0,0,0,0,0,0.0325247534986195,0,0,0,0,0,0,0,5.77822526574794e-05,0,0.0120449874825678,0,0.000653686300310912,3.13243732368271e-05,0.0141521268892104,0.00436028322675999,0
0,0,0,0,0,0,0,0,0,0,0.000260212290153074,0,0,0,0,0,0,0,0,0,0.000326296288315266,0,0,0,0,0,0,0,0,0,0.0174632120955199,0,0,0,0,0,0,0,0.00326087650460575,0,0,0,0.000152690718727898,0,0,0,0,0,0.00243873895784902,0,0,0,0,0,2.73872113319739e-05,0,0.0421168014168322,0,0.000112870149221687,0,0.000653438436427755,0,0,0.00086809720655907,0,0,0,0,0,0,0,0.0516569957452817,0,0,0,0,0,0,0,0,0,0.0148240344543379,0,0,0.0298085499789972,0,0
0,0,0,0,0,0,0,0,0,0,0,0,0,0,0,0,0,0,0,0,0,0,0,0,0,0,0,0,0,0,0,0.109797676512391,0,0.00495647165045187,0,0.00420675842668358,0,0,0,0,9.44099618034079e-05,0,0,0,0,0,0,0.0756548489756949,0.000297112819589581,0,0,0,0,0,0,0,0,0,0,0,0,0,0,0,0,0,0,0,0,0,0,0,0,0,0,0,0.0815153774681668,0,0.0164717286530331,0,0,0,7.71350701156925e-05,0,0,0,0
0,0,0,0,0,0,0,0,0,0,0,0,0,0,0,0,0,0,0,0,0,0,0,0,0,0,0,0,0,0,0,0.0126864121953774,0.0508291340592137,0,0,2.11171812887891e-05,0.00234347996179345,0,0,0,0.0017329257919137,0,0,0,0,0,0,0.0316044174275909,0,0,0,0,0,0,0,0,0,0,0,0,0,0,0,0,0,0,0,0,0,0,0,0,0,0,0,0,0,0.0268029550724099,0,0.00394227647378779,0,0,5.65190547092387e-05,0,0,0,0
