0,0,0.111021202917282,0,0,0,0,0,0.112420747174287,0,0,0,0,0,0,0,0,0,0.276768219470978,0,0,0,0,0,0.150084435939789,0,0,0,0,0,0,0,0,0,0,0,0,0.417265772819519,0,0,0.340795457363129,0.258885473012924,0.244100068624203,0,0,0,0.303062677383423,0.311853262037039,0.180556893274374,0.379690779106958,0,0,0,0,0.131240596011374,0.344970196485519,0.127859935164452,0,0,0,0.146112484427599,0,0,0.19158023968339,0,0,0,0.179343894124031,0,0,0,0,0,0.224103784561157,0,0,0.332613036036491,0,0,0.347126726043939,0.383785925128243,0.344854539946506,0.221670135471954,0,0.213088888062838,0,0.281649798154831
0,0,0,0.134171626530588,0,0.10923432931304,0,0,0,0.132775385030989,0,0,0,0,0,0.136514860604491,0,0,0.239924389123917,0,0,0,0.339167565107346,0,0,0,0,0,0,0,0,0,0,0,0,0,0,0.18622051179409,0.398351213761738,0.257483694415826,0.223200082778931,0.259743037153052,0.294743955135345,0,0,0.228700901071231,0,0.30127718518762,0.406414538621902,0.217770759145075,0,0.120467983186245,0,0,0,0.148775780056262,0,0.223562146226565,0,0,0,0.150352987647057,0.144423520192504,0,0,0,0.174302309751511,0,0,0,0.232565961778164,0,0.231091643943161,0,0,0,0,0,0.274763834827086,0.285516500473022,0.242003593511052,0.432818032801151,0.170360736072982,0.244559407234192,0.195942480508943,0,0
0.111021202917282,0,0,0,0.103989640871684,0,0,0,0.0996154995635152,0,0,0,0,0,0,0,0.22988685965538,0,0.20168691376845,0,0.141664471190709,0,0,0,0,0,0,0,0,0,0,0,0,0,0,0,0.16695295680653,0,0.183695058027903,0,0.189550581130576,0.203075088560581,0.218955768671419,0,0,0,0.220648353298505,0.263685321266001,0.181002663401496,0.214040453235308,0.125735923647881,0,0,0,0.10345974106055,0,0.19780007678838,0,0.184054198985298,0,0.155579449155846,0,0,0.167076226662506,0,0,0,0,0,0,0,0,0,0.258151017129421,0,0,0,0.228810794651508,0,0.175502136234165,0,0.258859489972775,0.154331080405645,0.18892215192318,0.18708269785751,0,0.219273696343104
0,0.134171626530588,0,0,0,0.107891627483898,0,0.241918995976448,0,0.104446524852201,0,0.161070272326469,0,0,0,0,0,0.240002810955048,0.226618681102991,0.131469530363878,0,0,0,0,0,0,0,0,0,0,0,0,0,0,0,0.220527350902557,0,0.163937002420425,0,0.226219684713417,0,0.237974399280164,0.183738820254803,0,0,0.192974755167961,0,0.276441854081656,0.229557856917381,0.181921027390297,0,0.116282406573494,0,0,0,0.125112159776368,0,0.166360090615341,0,0.148900260551809,0,0.146411440114385,0.128503507003188,0,0,0,0,0,0,0,0,0,0.26359669651304,0,0,0,0.23796072602272,0,0.200457175572713,0.215570494532585,0.264095533225271,0.404006838798523,0.172488035023212,0.23475387096405,0.179447139131217,0.197281256318092,0
0,0,0.103989640871684,0,0,0,0.180522956637045,0,0.179782356681495,0,0,0,0.155099713738928,0,0.147019718019735,0,0,0,0,0,0.136130231122176,0,0,0,0,0,0,0,0,0,0,0,0,0,0,0,0,0,0,0,0,0,0.20521123281547,0,0,0,0,0.219305343925953,0.220158855120341,0,0.178558701250939,0,0.169386382859487,0,0.176678981760453,0,0,0,0.167030979527367,0,0.144364673230383,0,0,0.13634042036307,0,0,0,0,0,0,0,0,0,0,0,0,0,0,0,0.191825654357672,0,0.251487072557211,0.16894675374672,0.224280878901482,0.171228446894222,0,0
0,0.10923432931304,0,0.107891627483898,0,0,0,0.182282894044309,0,0,0,0.185307931154966,0,0.167609757184982,0,0.128762894620498,0,0,0,0.121488921736416,0,0,0,0,0,0,0,0,0,0,0,0,0,0,0,0,0,0,0,0,0,0.191111378371716,0,0,0,0,0,0,0,0.0992784524957339,0,0.191484540466249,0,0.216793200746179,0,0.149040207266808,0,0.185498687048112,0,0.173202451031942,0,0.194941813747088,0.170681751554921,0,0,0,0,0,0,0,0,0,0,0,0,0,0.233533412218094,0,0.159226410090923,0,0,0,0.198361074589193,0,0.118380470217293,0,0
0,0,0,0,0.180522956637045,0,0,0,0,0,0.147961940084185,0,0.159087392853366,0,0,0,0,0,0,0,0.127111630683595,0,0,0,0,0,0,0,0,0,0,0,0,0,0,0,0,0,0,0,0,0,0.225722566246986,0,0,0,0,0,0.221589028835297,0,0.216862334054895,0,0.163998185578039,0,0,0,0.146807474394639,0,0.160438020735979,0,0,0,0,0.126844093203545,0,0,0,0,0,0,0,0,0,0,0,0,0,0,0,0,0,0,0.120829689862399,0.140974134206772,0.163377692457289,0,0
0,0,0,0.241918995976448,0,0.182282894044309,0,0,0,0,0,0.162928042411804,0,0.16409179965655,0,0,0,0,0,0.168103958879198,0,0,0,0,0,0,0,0,0,0,0,0,0,0,0,0.16483773291111,0,0,0,0,0,0,0,0,0,0,0,0,0,0,0,0.132828807085752,0,0.204532070397423,0,0.137593567371368,0,0.170620264156776,0,0.177948911984762,0,0.157176047563553,0.183675672858953,0,0,0,0,0,0,0,0,0,0,0,0,0,0.241512387990952,0,0.160647943615913,0,0,0,0.200968017403999,0,0.15990420927604,0,0
0.112420747174287,0,0.0996154995635152,0,0.179782356681495,0,0,0,0,0,0,0,0,0,0.153571388108677,0,0.226994850805828,0,0,0,0.134739912325336,0,0,0,0.174748180287608,0,0.139730955163638,0,0,0,0,0,0,0,0,0,0,0.375733606517315,0.150897567111655,0,0.185404444734255,0.19152894616127,0.146639186905344,0,0,0,0,0.304106611226286,0.170185419042473,0.384467360046175,0,0,0,0,0.17043787972771,0,0.216769903898239,0,0.168401926755905,0,0.131384241751767,0,0,0.13662690844606,0,0,0,0.17379193007946,0,0.137928551861218,0,0,0,0,0,0,0.394774474203587,0,0,0.192314028739929,0.410640901752881,0.15510068092172,0.156597652379948,0.205222299806156,0.184369365989326,0,0.145019239187241
0,0.132775385030989,0,0.104446524852201,0,0,0,0,0,0,0,0,0,0,0,0.151070820306664,0,0.236113001902898,0.19272909561793,0,0,0,0.363215416669846,0.178457039205924,0,0,0,0,0,0,0,0,0,0,0,0,0,0.16507808017018,0.408533032983541,0.212374627590179,0,0.219773810070295,0.283261686563492,0,0,0,0,0.273948224527495,0.439279752969742,0.194743608807524,0,0,0,0,0,0.157682847748533,0,0.266254514455795,0,0,0,0.147156325940575,0.122518643736839,0,0,0,0.170382223002197,0,0,0,0,0,0.292654693126678,0,0,0,0.206985533237457,0,0.295923642241038,0,0.156234749783111,0.412587041035295,0.154604905540287,0.173965672771327,0.200178860728779,0.211384162306786,0
0,0,0,0,0,0,0.147961940084185,0,0,0,0,0,0.151935018560372,0,0,0,0,0,0,0,0.148000443821827,0,0,0,0,0,0,0,0.164531289134175,0,0.121693507333597,0,0,0,0,0,0.127151944041252,0,0.147874297142668,0,0,0,0,0,0,0,0,0,0,0,0,0,0.172667657956481,0,0,0,0.137652407070608,0,0.159816750687317,0,0,0,0,0.159618179381452,0,0,0,0,0,0,0,0,0,0.127534048283488,0,0,0,0,0,0.126173415654142,0,0.150281861650497,0.14051123479486,0,0.18179009281672,0,0
0,0,0,0.161070272326469,0,0.185307931154966,0,0.162928042411804,0,0,0,0,0,0.167417348344595,0,0,0,0,0,0.141638592037104,0,0,0,0,0,0,0,0.183610789477825,0,0.171243663256367,0,0,0,0,0,0.150319515331225,0,0.161496409749861,0,0,0,0.388212651014328,0,0,0,0,0,0,0,0,0,0,0,0.168585283557574,0,0,0,0.154371068540967,0,0.168270408885904,0,0,0.158094064463554,0,0,0,0,0,0,0,0.193937026792102,0,0.14658754519237,0,0,0,0,0,0.154892989199447,0,0.155780403655824,0,0.144608433562167,0,0.216009622583022,0,0
0,0,0,0,0.155099713738928,0,0.159087392853366,0,0,0,0.151935018560372,0,0,0,0.110126145115053,0,0,0,0,0,0,0,0,0,0,0,0,0,0.142518495622369,0,0,0,0,0,0,0,0,0,0,0,0,0,0,0,0,0,0,0,0,0,0.156331145928966,0,0.164582895115018,0,0,0,0.157004758140124,0,0.164561256895011,0,0.105183554972921,0,0,0,0,0,0,0,0,0,0,0.144634959890562,0,0,0,0,0,0,0,0,0,0,0.170201117781239,0.144957247674465,0,0,0
0,0,0,0,0,0.167609757184982,0,0.16409179965655,0,0,0,0.167417348344595,0,0,0,0.150267615806365,0,0,0,0,0,0,0,0,0,0.159181959927082,0,0.165481047196822,0,0.194209375243256,0,0,0,0,0,0,0,0,0,0,0,0,0,0,0,0,0,0,0,0,0,0,0,0.159094877817013,0,0,0,0.179139258763898,0,0.148767134438955,0,0.156426507995306,0,0,0,0,0,0,0,0,0.154782330696012,0,0.187407329781302,0,0,0,0,0,0,0,0,0,0.168660593917593,0.185826431711515,0,0,0
0,0,0,0,0.147019718019735,0,0,0,0.153571388108677,0,0,0,0.110126145115053,0,0,0,0.123319763690233,0,0,0,0,0,0,0,0,0,0.129487565420952,0,0,0,0,0,0,0,0,0,0,0,0,0,0,0,0,0,0,0,0,0,0,0,0.147509606348144,0,0,0,0.177231367001554,0,0,0,0.106491175870742,0,0.128490029776003,0,0,0,0,0,0,0,0,0,0,0,0,0,0,0,0,0,0,0,0,0,0.156775637106462,0,0,0,0
0,0.136514860604491,0,0,0,0.128762894620498,0,0,0,0.151070820306664,0,0,0,0.150267615806365,0,0,0,0.142796759937818,0,0,0,0.18803321570158,0,0.231062709500915,0,0.27494940161705,0,0.185875853062223,0,0,0,0,0,0,0,0,0,0,0,0,0,0,0,0,0,0,0,0,0,0,0,0.128805816173553,0,0,0,0.173447573656591,0,0,0,0.129868783677618,0,0.126460115114848,0,0,0,0,0.173847439270171,0,0,0,0.166768430599145,0,0,0,0,0,0,0,0,0,0,0,0.183749680492011,0.174854203215185,0,0,0
0,0,0.22988685965538,0,0,0,0,0,0.226994850805828,0,0,0,0,0,0.123319763690233,0,0,0.167304338722856,0.246597647084953,0,0,0,0.166037119473472,0,0.22323627320977,0,0.143510728861604,0,0,0,0,0,0,0,0,0.31425815820694,0,0,0.279302783310413,0.255229904943583,0.252371344715357,0.209485603046828,0.211008919708764,0,0,0,0.270466142112301,0.210309460759163,0.235631498782074,0.237860530614853,0,0,0,0,0.202399191531268,0,0.236898577213287,0.254308611154556,0.225143104791641,0,0.219064369797707,0.229205325245857,0.258110265114478,0.270375031232834,0,0.192399967994009,0,0.20775561323089,0,0,0,0,0.223512309292952,0.26928431721958,0,0,0,0.300983369350433,0.284930950877341,0.278253228479141,0.271044425892107,0.29410312136757,0.206621264544936,0.247760966986758,0.25205450348648,0,0.227601140737534
0,0,0,0.240002810955048,0,0,0,0,0,0.236113001902898,0,0,0,0,0,0.142796759937818,0.167304338722856,0,0.225653090931218,0,0,0.136467242232673,0,0.238580091968651,0,0.16907885959288,0,0.145190108035292,0,0,0,0,0,0,0,0.29172682762146,0,0,0,0.268096177528302,0.256267328850097,0.225651645642555,0.223862251053091,0,0,0.245757835251944,0.263151590119709,0.251948887109756,0.233847347398599,0.244855795587812,0,0,0,0,0,0,0.260871917009354,0.245951995253563,0,0.226507142186165,0,0.123954300885089,0.26846945011302,0.280817024409771,0.137962865382433,0,0.193559929728508,0,0.124905951537084,0,0.14741438627243,0,0.270563960075378,0.264481674879789,0,0,0,0,0.29325807857716,0.275735975199977,0.302846018573363,0.297948025994831,0.18312741411883,0.193032468106114,0.260673091177223,0.210409373044968,0.243342339992523
0.276768219470978,0.239924389123917,0.20168691376845,0.226618681102991,0,0,0,0,0,0.19272909561793,0,0,0,0,0,0,0.246597647084953,0.225653090931218,0,0,0,0,0,0.258871957659721,0,0,0,0,0,0,0,0,0,0.288737952709198,0,0.349711915308779,0,0.345702768862247,0,0.282802682990829,0.281619373764936,0.204339616014631,0.206913883524851,0,0,0.234394120176633,0.321060140085759,0.231772237635673,0.25307898329837,0.259451984378852,0.225132897496223,0,0,0,0.222111988067627,0.210210211575031,0.252345225463311,0.269653576943609,0.220165322224299,0.221832245588303,0.215922214090824,0,0.292314996172611,0.296629018109778,0,0,0,0,0,0,0,0,0.325498246300368,0.292016065818198,0,0,0.238605737686157,0.274512190371752,0.346995706074435,0.320231639278033,0.35753260107295,0.312925282670775,0.202933366222903,0.261262988760358,0.30890063335407,0.232745185494423,0.262749669807298
0,0,0,0.131469530363878,0,0.121488921736416,0,0.168103958879198,0,0,0,0.141638592037104,0,0,0,0,0,0,0,0,0,0,0,0,0,0,0,0,0,0,0,0,0,0,0,0.143231921013773,0,0.156986794223388,0,0,0,0.191721563989466,0,0,0,0,0,0.280231148004532,0,0.151300975680351,0,0.120356135070324,0,0.195181660354137,0,0.116872221231461,0,0.142698580887228,0,0.15341746310393,0,0,0.154370511213799,0,0,0,0,0,0,0,0,0,0,0,0,0,0,0,0.156603258055719,0,0.173602848649025,0,0.133612506269838,0,0.146446013679871,0.17751644551754,0
0,0,0.141664471190709,0,0.136130231122176,0,0.127111630683595,0,0.134739912325336,0,0.148000443821827,0,0,0,0,0,0,0,0,0,0,0,0,0,0,0,0,0,0,0,0,0,0,0,0,0,0.157957780527109,0,0.145851927685241,0,0.158122085034847,0,0.201939441263676,0,0,0,0,0.231850823760033,0.209689319133759,0.200108036398888,0.160948031007835,0,0.131260936458906,0,0.144055124786165,0,0.139604607922631,0,0.182925740877787,0,0.15210647881031,0,0,0.153423523580368,0,0,0,0,0,0,0,0,0,0.337749660015106,0,0,0.255507946014404,0,0,0.160582922971158,0,0.150783395243215,0.15705765735939,0,0.180542429470841,0,0.150376453995705
0,0,0,0,0,0,0,0,0,0,0,0,0,0,0,0.18803321570158,0,0.136467242232673,0,0,0,0,0.107396297083406,0.174380117160236,0,0.141715730488042,0,0.151557731131713,0,0,0,0,0,0,0,0,0,0.204142480327631,0.417834808429082,0,0,0,0,0,0,0,0,0.433095775544643,0,0.269524499921333,0,0,0,0,0,0,0,0,0,0,0,0,0,0,0.161489445416234,0.106371691918119,0.201102516020587,0,0.163075388512314,0,0.168920284660284,0,0,0,0,0,0,0,0,0,0.187127080124471,0.553679913282394,0.13034975787913,0.144402300100063,0.342549204826355,0,0
0,0.339167565107346,0,0,0,0,0,0,0,0.363215416669846,0,0,0,0,0,0,0.166037119473472,0,0,0,0,0.107396297083406,0,0,0.157569078683853,0,0.137955688271258,0,0.127842944979049,0,0,0,0,0,0,0,0,0.543630361557007,0.200675112669397,0,0,0,0,0,0,0,0,0.454229884422742,0.173005352210667,0.512009177889143,0,0,0,0,0,0.312092274427414,0,0,0,0,0,0,0,0,0.116926218765651,0.149532742489237,0,0.16534211243036,0,0.134233403178613,0,0.122300605406471,0,0,0,0,0.51635879278183,0,0,0,0.502117137114207,0.180912543665101,0.13603621984371,0.13981508717657,0.365916307483401,0,0
0,0,0,0,0,0,0,0,0,0.178457039205924,0,0,0,0,0,0.231062709500915,0,0.238580091968651,0.258871957659721,0,0,0.174380117160236,0,0,0.433603197336197,0.171956659282357,0,0,0,0,0,0,0,0,0,0,0,0.184511225314895,0.493596076965332,0,0,0,0,0,0,0,0,0.413200002908707,0.504861794412136,0.300468570857405,0,0,0,0,0,0.196457620296213,0,0,0,0,0,0,0,0,0.262669722918345,0,0.184591245172875,0,0.215707434260327,0,0.310456014649813,0,0,0,0,0,0,0,0,0,0.17115465619896,0.481266739964485,0.18844420347961,0.168579695125421,0.342087802349352,0,0
0.150084435939789,0,0,0,0,0,0,0,0.174748180287608,0,0,0,0,0,0,0,0.22323627320977,0,0,0,0,0,0.157569078683853,0.433603197336197,0,0,0.177971917390823,0,0,0,0,0,0,0,0,0,0,0.460085034370422,0.152754676216294,0,0,0.425981134176254,0.237420591024252,0,0,0,0,0.408438939314622,0.251575786235004,0.464632537215948,0,0,0,0,0.158453724214009,0.406066566705704,0,0,0,0,0.142730265855789,0,0,0,0,0.157175459310805,0.436431124806404,0.222665277851487,0,0.163914432086177,0,0.317351937294006,0,0,0,0,0.483133310079575,0,0,0,0.47576499411038,0.176060730652933,0.19703638705672,0.17687064409256,0.254870049881213,0,0
0,0,0,0,0,0,0,0,0,0,0,0,0,0.159181959927082,0,0.27494940161705,0,0.16907885959288,0,0,0,0.141715730488042,0,0.171956659282357,0,0,0,0.179650077213571,0,0,0,0,0,0,0,0,0,0,0,0,0,0,0,0,0,0,0,0,0,0,0,0,0,0,0,0.145201872174556,0,0,0,0,0,0,0,0,0.155992782076022,0,0.156781563099037,0,0.153342009165119,0,0.144162243842024,0,0,0,0,0,0,0,0,0,0,0,0.176751146629705,0.172754074136416,0,0,0
0,0,0,0,0,0,0,0,0.139730955163638,0,0,0,0,0,0.129487565420952,0,0.143510728861604,0,0,0,0,0,0.137955688271258,0,0.177971917390823,0,0,0,0.143882644008583,0,0,0,0,0,0,0,0,0,0,0,0,0,0,0,0,0,0,0,0,0,0,0,0,0,0.142962939266501,0,0,0,0,0,0,0,0,0,0,0.127818781192656,0,0.142395923197407,0,0.137973867600061,0,0.136953068290317,0,0,0,0,0,0,0,0,0,0,0.164348193681708,0,0,0,0
0,0,0,0,0,0,0,0,0,0,0,0.183610789477825,0,0.165481047196822,0,0.185875853062223,0,0.145190108035292,0,0,0,0.151557731131713,0,0,0,0.179650077213571,0,0,0,0.16281624240819,0,0,0,0,0,0,0,0.144989951815404,0,0,0,0,0,0,0,0,0,0,0,0,0,0,0,0,0,0,0,0.180348394172532,0,0.150630319445598,0,0.176402503481278,0,0,0.137553106355775,0,0,0,0.172765602478544,0,0.162174017655635,0,0.175488556211526,0,0,0,0,0,0,0,0.147512746163902,0,0.142959318334056,0.113551624119282,0,0,0
0,0,0,0,0,0,0,0,0,0,0.164531289134175,0,0.142518495622369,0,0,0,0,0,0,0,0,0,0.127842944979049,0,0,0,0.143882644008583,0,0,0,0.173787349055517,0,0,0,0,0,0,0,0.159240576319205,0,0,0,0,0,0,0,0,0,0,0,0,0,0,0,0,0,0.157724557258189,0,0,0,0,0,0,0,0,0.149318065920956,0,0,0,0.14537339763982,0,0.142957177619332,0,0.169253470960942,0,0,0,0,0,0,0,0.131102964114607,0.144867397465948,0.151022285223007,0,0,0
0,0,0,0,0,0,0,0,0,0,0,0.171243663256367,0,0.194209375243256,0,0,0,0,0,0,0,0,0,0,0,0,0,0.16281624240819,0,0,0,0,0,0,0,0,0,0.160203618485811,0,0,0,0,0,0,0,0,0,0,0,0,0,0,0,0,0,0,0,0.162576028704643,0,0.199050388402409,0,0,0.168921453448442,0,0,0,0,0,0,0,0.179928200865033,0,0.14393185999956,0,0,0,0,0,0,0,0.163224128479979,0,0.159959592876282,0,0,0,0
0,0,0,0,0,0,0,0,0,0,0.121693507333597,0,0,0,0,0,0,0,0,0,0,0,0,0,0,0,0,0,0.173787349055517,0,0,0,0,0,0,0,0,0,0.14945187923892,0,0,0,0,0,0,0,0,0,0,0,0,0,0,0,0,0,0.11699832175205,0,0,0,0,0,0,0,0,0,0,0,0,0,0,0.169845874110858,0,0.150623881175548,0,0,0,0,0,0,0,0.154565524589809,0.166734086556567,0,0,0,0
0,0,0,0,0,0,0,0,0,0,0,0,0,0,0,0,0,0,0,0,0,0,0,0,0,0,0,0,0,0,0,0,0.139865035872634,0.153781192998091,0,0.158244699297398,0.124336993554607,0,0,0,0,0,0,0,0,0,0,0.226838901401921,0,0,0,0,0,0,0,0,0,0,0,0,0,0,0,0,0,0,0,0,0,0,0,0,0,0,0.157028742596766,0.134610584041305,0,0.400438755750656,0.164542354340156,0.119140106638273,0,0,0.13284173168433,0,0,0,0
0,0,0,0,0,0,0,0,0,0,0,0,0,0,0,0,0,0,0,0,0,0,0,0,0,0,0,0,0,0,0,0.139865035872634,0,0.15747395157814,0,0.124374225735664,0.163637841521185,0,0,0,0,0,0,0,0,0,0,0.232130440798673,0,0,0,0,0,0,0,0,0,0,0,0,0,0,0,0,0,0,0,0,0,0,0,0,0,0,0.132852528006977,0.156552500996395,0.149165943264961,0.195273041725159,0,0.177610923254162,0,0,0.124928110744804,0,0,0,0
0,0,0,0,0,0,0,0,0,0,0,0,0,0,0,0,0,0,0.288737952709198,0,0,0,0,0,0,0,0,0,0,0,0,0.153781192998091,0.15747395157814,0,0.173937357992174,0.159958471012855,0,0.166509935197731,0.174536944677432,0,0,0.174331560730934,0.374169021844864,0,0,0,0,0.337638833832533,0.495536798939985,0,0,0,0,0,0,0,0,0,0,0,0,0,0,0,0,0.450546741485596,0,0,0,0,0,0,0,0,0.19744911044836,0.177996551448649,0.187051112184909,0.17637046637024,0.171878761655399,0.135102351674357,0.17054386200576,0.19171883774701,0.178317393407995,0.198690233379602,0.414611482620239,0,0
0,0,0,0,0,0,0,0,0,0,0,0,0,0,0,0,0,0,0,0,0,0,0,0,0,0,0,0,0,0,0,0,0,0.173937357992174,0,0.154074907302856,0.152288780914055,0.242388002574444,0.182661547750032,0,0,0,0,0,0,0,0,0.247448189285668,0.342389096816381,0,0,0,0,0,0,0,0,0,0,0,0,0,0,0,0,0,0,0,0,0,0,0,0,0,0.12394004818294,0.307800252522741,0.179924855919348,0.197637295923867,0.382960836092631,0.178666112188882,0.286784164607525,0.175705557353845,0.168405252978915,0.207913607358932,0.35373842716217,0,0
0,0,0,0.220527350902557,0,0,0,0.16483773291111,0,0,0,0.150319515331225,0,0,0,0,0.31425815820694,0.29172682762146,0.349711915308779,0.143231921013773,0,0,0,0,0,0,0,0,0,0,0,0.158244699297398,0.124374225735664,0.159958471012855,0.154074907302856,0,0.121317086164588,0.135385929185335,0.0802046914274494,0,0,0.269984262330191,0,0,0,0.195492732028166,0,0.204919227106231,0.220705106854439,0.254582099616528,0,0,0,0,0,0,0,0.156701038527933,0,0,0,0,0.154904990713237,0,0,0,0,0,0,0,0,0,0.273344695568085,0,0.154345181316768,0.222628325223923,0.171526851587825,0,0.15724203770209,0.134104140113918,0.206661045292898,0.0750503093004227,0.14242678605321,0.196451266436106,0.215966697417054,0,0
0,0,0.16695295680653,0,0,0,0,0,0,0,0.127151944041252,0,0,0,0,0,0,0,0,0,0.157957780527109,0,0,0,0,0,0,0,0,0,0,0.124336993554607,0.163637841521185,0,0.152288780914055,0.121317086164588,0,0,0.130060446019533,0,0.176534838974476,0,0,0,0,0,0,0.209890218451619,0.223992278178533,0.208821468055248,0,0,0,0,0,0,0.130978842634101,0,0,0,0,0,0,0.164898942071839,0,0,0,0,0,0,0,0,0,0,0.115124335449733,0.146085386803327,0,0.162167506157114,0.125998410367131,0.157280481547943,0,0.15249781153046,0.151886738617961,0.211167966450537,0.196234177475031,0,0
0.417265772819519,0.18622051179409,0,0.163937002420425,0,0,0,0,0.375733606517315,0.16507808017018,0,0.161496409749861,0,0,0,0,0,0,0.345702768862247,0.156986794223388,0,0.204142480327631,0.543630361557007,0.184511225314895,0.460085034370422,0,0,0.144989951815404,0,0.160203618485811,0,0,0,0.166509935197731,0.242388002574444,0.135385929185335,0,0,0.186124055694532,0,0,0.173818143413347,0.445894625037909,0,0,0.22849224259456,0,0.481040861196579,0.575148461305577,0.283719309010813,0,0,0,0,0.314635694026947,0.202135062714418,0,0.164062677326651,0,0.187746092677116,0,0,0.16176177341621,0,0.2416037965038,0.529443144798279,0.273461887192342,0,0,0,0.14137296340075,0,0.154386215792313,0,0.322972267866135,0,0.18405512154431,0.393869237767326,0.171627562742691,0,0.16782395732513,0.227779327175465,0.139118751339347,0.176731276205023,0.383635622262955,0,0.453083693981171
0,0.398351213761738,0.183695058027903,0,0,0,0,0,0.150897567111655,0.408533032983541,0.147874297142668,0,0,0,0,0,0.279302783310413,0,0,0,0.145851927685241,0.417834808429082,0.200675112669397,0.493596076965332,0.152754676216294,0,0,0,0.159240576319205,0,0.14945187923892,0,0,0.174536944677432,0.182661547750032,0.0802046914274494,0.130060446019533,0.186124055694532,0,0,0.272066529840231,0.436436630785465,0.157846902505817,0,0,0.194841936230659,0,0.385987153392414,0.229551325620789,0.581187992856122,0,0,0,0,0.160166583492519,0.434684842824936,0.136271462842126,0,0,0,0,0,0,0.16481025706004,0.489603482186794,0.261992572864582,0.515609226056508,0.198980373883606,0,0,0,0.147220305894336,0,0.14021224719286,0,0.311757226785024,0.344582375884056,0.198172501711284,0.0977863743901253,0.161554512938996,0.364744767126245,0.164621395616793,0.148047315683049,0.170768258605807,0.376343827823113,0,0.119059287011623
0,0.257483694415826,0,0.226219684713417,0,0,0,0,0,0.212374627590179,0,0,0,0,0,0,0.255229904943583,0.268096177528302,0.282802682990829,0,0,0,0,0,0,0,0,0,0,0,0,0,0,0,0,0,0,0,0,0,0.213508248329163,0.24754069535396,0.236239655659749,0,0,0.162154709159488,0.207073763012886,0.219894424419511,0,0.181355505211494,0,0,0,0,0.194884225726128,0.209119626217418,0,0.22364933246916,0.193971320986748,0.205972483754158,0,0.219529539346695,0.248854637563486,0,0,0,0,0,0,0,0,0,0.252792743749397,0.258031696081161,0,0,0.233604423701763,0,0.209572248704427,0.29916013777256,0.241694598785929,0.271323965241512,0.273552364363881,0.248486364260316,0.268281700023974,0.212207073966662,0
0.340795457363129,0.223200082778931,0.189550581130576,0,0,0,0,0,0.185404444734255,0,0,0,0,0,0,0,0.252371344715357,0.256267328850097,0.281619373764936,0,0.158122085034847,0,0,0,0,0,0,0,0,0,0,0,0,0,0,0,0.176534838974476,0,0.272066529840231,0.213508248329163,0,0.213653119901816,0.217390586993359,0,0.229947485029697,0.196004159748554,0.243884878519915,0.251451699063182,0.223034837320878,0.174249649047852,0,0,0,0,0.181264879125537,0.179093733429909,0.189827121496201,0,0.193786516201262,0.196369275450706,0.18018924313433,0,0.25541245440642,0.240789856272783,0,0,0,0,0,0,0,0,0.248911480108897,0.238048562555448,0,0,0,0.244674834112326,0.287613290548325,0.208302539112303,0.275693517178297,0.237434428366249,0.274537773675878,0.251254616245147,0.230176933872809,0,0.23138939589262
0.258885473012924,0.259743037153052,0.203075088560581,0.237974399280164,0,0.191111378371716,0,0,0.19152894616127,0.219773810070295,0,0.388212651014328,0,0,0,0,0.209485603046828,0.225651645642555,0.204339616014631,0.191721563989466,0,0,0,0,0.425981134176254,0,0,0,0,0,0,0,0,0.174331560730934,0,0.269984262330191,0,0.173818143413347,0.436436630785465,0.24754069535396,0.213653119901816,0,0.194943433901405,0,0,0.222204975965546,0.232589058578014,0.331096156871057,0.25887259123502,0.279225563068016,0,0.148608818650246,0,0.188309550285339,0.197111159563065,0.208259578733171,0,0.287077161152501,0.235327057540417,0.22262549996376,0,0.206188613953798,0.23541063714267,0,0,0.42495408654213,0.288107365369797,0,0,0,0,0,0.293321164401245,0.225890683010221,0,0,0.311859062314033,0.28647717833519,0.263759452783136,0.226402757896317,0.270502922850006,0.301332239309947,0.235278829997857,0.256058737329424,0.249064167108534,0.216023149367954,0
0.244100068624203,0.294743955135345,0.218955768671419,0.183738820254803,0.20521123281547,0,0.225722566246986,0,0.146639186905344,0.283261686563492,0,0,0,0,0,0,0.211008919708764,0.223862251053091,0.206913883524851,0,0.201939441263676,0,0,0,0.237420591024252,0,0,0,0,0,0,0,0,0.374169021844864,0,0,0,0.445894625037909,0.157846902505817,0.236239655659749,0.217390586993359,0.194943433901405,0,0,0.224256590008736,0.198075637221336,0.239525678421035,0.332892096121654,0.281151145244836,0.323975623895725,0.197207227349281,0,0.214942336082458,0,0.17036090702528,0.302002124488354,0.261093892689262,0,0.21829543642278,0,0.212357561939802,0,0.235465601086617,0.224484450800318,0,0,0.403118655085564,0.2892660399278,0,0,0,0,0.230823789040248,0.258017426146601,0,0,0.460050418972969,0.325922924705914,0.240582642568783,0.232256658580223,0.324116707211587,0.249415046867766,0.240450446454799,0.244846700165505,0.249645467256561,0.186833453675111,0.212201866827774
0,0,0,0,0,0,0,0,0,0,0,0,0,0,0,0,0,0,0,0,0,0,0,0,0,0,0,0,0,0,0,0,0,0,0,0,0,0,0,0,0,0,0,0,0,0,0,0,0,0,0,0,0,0,0,0,0,0,0,0,0,0,0,0,0,0,0,0,0,0,0,0,0,0,0,0,0,0,0,0,0,0,0,0,0,0,0
0,0,0,0,0,0,0,0,0,0,0,0,0,0,0,0,0,0,0,0,0,0,0,0,0,0,0,0,0,0,0,0,0,0,0,0,0,0,0,0,0.229947485029697,0,0.224256590008736,0,0,0,0,0.261571447054545,0.233090862631798,0,0,0,0,0,0,0,0,0,0,0,0,0,0,0,0,0,0,0,0,0,0,0,0,0,0,0,0,0,0,0,0,0,0.247005745768547,0.237385794520378,0.225039382775625,0,0
0,0.228700901071231,0,0.192974755167961,0,0,0,0,0,0,0,0,0,0,0,0,0,0.245757835251944,0.234394120176633,0,0,0,0,0,0,0,0,0,0,0,0,0,0,0,0,0.195492732028166,0,0.22849224259456,0.194841936230659,0.162154709159488,0.196004159748554,0.222204975965546,0.198075637221336,0,0,0,0.187048822641373,0.227754745971073,0.193919152021408,0.174587134525857,0,0,0,0,0,0.179042637348175,0,0.245178723707795,0,0,0.194822445511818,0.157213494181633,0.199630669978439,0,0,0,0,0,0,0,0,0,0.272479367852211,0,0,0,0.249358362621731,0,0.195709586680534,0.201403424143791,0.264474417501224,0,0.178154887259006,0.211832876006762,0.197988672722131,0.224818602204323,0
0.303062677383423,0,0.220648353298505,0,0,0,0,0,0,0,0,0,0,0,0,0,0.270466142112301,0.263151590119709,0.321060140085759,0,0,0,0,0,0,0,0,0,0,0,0,0,0,0,0,0,0,0,0,0.207073763012886,0.243884878519915,0.232589058578014,0.239525678421035,0,0,0.187048822641373,0,0,0.251957511593556,0,0,0,0,0,0.166201837360859,0,0.208911654140268,0,0.182567998766899,0,0.161230262368917,0,0,0.223001765768117,0,0,0,0,0,0,0,0,0.320292532444,0.245919849912999,0,0,0,0.218573585152626,0.256652702887853,0.221871756849985,0,0.24669263419724,0.306857200382754,0.261636759837468,0.221040952407143,0,0
0.311853262037039,0.30127718518762,0.263685321266001,0.276441854081656,0.219305343925953,0,0,0,0.304106611226286,0.273948224527495,0,0,0,0,0,0,0.210309460759163,0.251948887109756,0.231772237635673,0.280231148004532,0.231850823760033,0.433095775544643,0.454229884422742,0.413200002908707,0.408438939314622,0,0,0,0,0,0,0.226838901401921,0.232130440798673,0.337638833832533,0.247448189285668,0.204919227106231,0.209890218451619,0.481040861196579,0.385987153392414,0.219894424419511,0.251451699063182,0.331096156871057,0.332892096121654,0,0.261571447054545,0.227754745971073,0,0,0.406672547599296,0.350262761266813,0,0,0,0,0.248974792659283,0.275885496702459,0.26689498765128,0.283946683009466,0.267250288277864,0.256758133570353,0.222920995205641,0.250495118754251,0.256456951300303,0.213476803898811,0.416072728002773,0.462588684899466,0.461818450027042,0.403822347521782,0,0,0,0,0.300395008921623,0,0.326109299069604,0.34447921169373,0.332543413619565,0.344902249092338,0.382816589626842,0.379200821290563,0.518427724285997,0.509572082997175,0.361230803742295,0.288411003972093,0.35887104467939,0.293117819087846,0.442908972501755
0.180556893274374,0.406414538621902,0.181002663401496,0.229557856917381,0.220158855120341,0,0.221589028835297,0,0.170185419042473,0.439279752969742,0,0,0,0,0,0,0.235631498782074,0.233847347398599,0.25307898329837,0,0.209689319133759,0,0.173005352210667,0.504861794412136,0.251575786235004,0,0,0,0,0,0,0,0,0.495536798939985,0.342389096816381,0.220705106854439,0.223992278178533,0.575148461305577,0.229551325620789,0,0.223034837320878,0.25887259123502,0.281151145244836,0,0.233090862631798,0.193919152021408,0.251957511593556,0.406672547599296,0,0.487202492143427,0,0,0,0,0.185496779974927,0.405561093986034,0.231895840787268,0,0.226120690578845,0,0.2038447073102,0,0,0.225739918010575,0.529897630214691,0.211913926240343,0.49501429249843,0.287164495974187,0,0.314041587568465,0,0.317328555542126,0.285918712615967,0.272994960034926,0.341162234544754,0.347797221862353,0.464557918906212,0.312471303931424,0.340770095586777,0.218533682331243,0.552206832333959,0.218539690942615,0.325977601057389,0.246203651974321,0.276445291002455,0,0.288485474387805
0.379690779106958,0.217770759145075,0.214040453235308,0.181921027390297,0,0.0992784524957339,0,0,0.384467360046175,0.194743608807524,0,0,0,0,0,0,0.237860530614853,0.244855795587812,0.259451984378852,0.151300975680351,0.200108036398888,0.269524499921333,0.512009177889143,0.300468570857405,0.464632537215948,0,0,0,0,0,0,0,0,0,0,0.254582099616528,0.208821468055248,0.283719309010813,0.581187992856122,0.181355505211494,0.174249649047852,0.279225563068016,0.323975623895725,0,0,0.174587134525857,0,0.350262761266813,0.487202492143427,0,0,0.153757281601429,0,0,0.412175267934799,0.188783702137095,0,0.280194207280874,0.211158767342567,0.21845389654239,0.176107808947563,0.216934997174475,0.218356605087008,0,0.261166684381979,0.500464314222336,0.29161306358171,0.503936231136322,0.295281686953136,0,0.26322633845949,0,0.254761891298824,0,0.24911201496919,0,0.318859201823843,0.46748054311389,0.22005536762314,0.225201619789004,0.253184097143506,0.594751325788117,0.297185800734731,0.261747776378285,0.276979259322348,0.274252289358307,0.433344662189484
0,0,0.125735923647881,0,0.178558701250939,0,0.216862334054895,0,0,0,0,0,0.156331145928966,0,0.147509606348144,0,0,0,0.225132897496223,0,0.160948031007835,0,0,0,0,0,0,0,0,0,0,0,0,0,0,0,0,0,0,0,0,0,0.197207227349281,0,0,0,0,0,0,0,0,0,0.191376407231603,0,0,0,0.212679401040077,0,0.156658554547711,0,0.149468345567584,0,0,0.203161914336327,0,0,0,0,0,0,0,0,0,0,0,0,0,0,0,0.227304328233004,0,0,0.197708080594356,0,0.220440020626884,0,0
0,0.120467983186245,0,0.116282406573494,0,0.191484540466249,0,0.132828807085752,0,0,0,0,0,0,0,0.128805816173553,0,0,0,0.120356135070324,0,0,0,0,0,0,0,0,0,0,0,0,0,0,0,0,0,0,0,0,0,0.148608818650246,0,0,0,0,0,0,0,0.153757281601429,0,0,0,0.203024327754974,0,0,0,0.179003680222913,0,0,0,0,0.156797124072909,0,0,0,0,0,0,0,0,0,0,0,0,0,0,0,0.156219303607941,0,0,0,0.19290414871648,0.199846506118774,0.172410172052108,0,0
0,0,0,0,0.169386382859487,0,0.163998185578039,0,0,0,0.172667657956481,0,0.164582895115018,0,0,0,0,0,0,0,0.131260936458906,0,0,0,0,0,0,0,0,0,0,0,0,0,0,0,0,0,0,0,0,0,0.214942336082458,0,0,0,0,0,0,0,0.191376407231603,0,0,0,0,0,0.170477433715548,0,0.161882814286011,0,0,0,0,0.122629899531603,0,0,0,0,0,0,0,0,0,0,0,0,0,0,0,0,0,0,0.157918962463737,0,0,0,0
0,0,0,0,0,0.216793200746179,0,0.204532070397423,0,0,0,0.168585283557574,0,0.159094877817013,0,0,0,0,0,0.195181660354137,0,0,0,0,0,0,0,0,0,0,0,0,0,0,0,0,0,0,0,0,0,0.188309550285339,0,0,0,0,0,0,0,0,0,0.203024327754974,0,0,0,0,0,0.165394975907273,0,0.174019192655881,0,0.166324466466904,0.176282598213716,0,0,0,0,0,0,0,0,0,0,0,0,0,0,0,0,0,0,0,0.211958970355837,0,0.159965334754241,0,0
0.131240596011374,0,0.10345974106055,0,0.176678981760453,0,0,0,0.17043787972771,0,0,0,0,0,0.177231367001554,0,0.202399191531268,0,0.222111988067627,0,0.144055124786165,0,0,0,0.158453724214009,0,0.142962939266501,0,0,0,0,0,0,0,0,0,0,0.314635694026947,0.160166583492519,0.194884225726128,0.181264879125537,0.197111159563065,0.17036090702528,0,0,0,0.166201837360859,0.248974792659283,0.185496779974927,0.412175267934799,0,0,0,0,0,0,0.192255362868309,0,0.146183028817177,0,0.148697661126361,0,0,0.156607172886531,0,0,0.388375043869019,0.140704313688206,0,0.147622002288699,0,0,0,0.233655720949173,0,0,0.346924468874931,0.229198137919108,0,0.18895438975758,0.393920093774796,0.198203711562565,0.159539806827752,0.200308248400688,0.19167319248304,0,0
0.344970196485519,0.148775780056262,0,0.125112159776368,0,0.149040207266808,0,0.137593567371368,0,0.157682847748533,0,0,0,0,0,0.173447573656591,0,0,0.210210211575031,0.116872221231461,0,0,0.312092274427414,0.196457620296213,0.406066566705704,0.145201872174556,0,0,0,0,0,0,0,0,0,0,0,0.202135062714418,0.434684842824936,0.209119626217418,0.179093733429909,0.208259578733171,0.302002124488354,0,0,0.179042637348175,0,0.275885496702459,0.405561093986034,0.188783702137095,0,0,0,0,0,0,0,0.21970322728157,0,0,0,0.162107483568517,0.24821787327528,0,0,0.368015766143799,0.189834059032309,0.414819955825806,0,0,0,0,0.248817948997021,0,0,0,0.260390251874924,0,0.248502834141254,0.202866554260254,0.195058014657762,0.441669947721741,0.178223209446782,0.226687267422676,0.193460499159891,0,0
0.127859935164452,0,0.19780007678838,0,0,0,0.146807474394639,0,0.216769903898239,0,0.137652407070608,0,0.157004758140124,0,0,0,0.236898577213287,0.260871917009354,0.252345225463311,0,0.139604607922631,0,0,0,0,0,0,0,0.157724557258189,0,0.11699832175205,0,0,0,0,0,0.130978842634101,0,0.136271462842126,0,0.189827121496201,0,0.261093892689262,0,0,0,0.208911654140268,0.26689498765128,0.231895840787268,0,0.212679401040077,0,0.170477433715548,0,0.192255362868309,0,0,0,0.165833897967088,0,0.20939327031374,0,0,0.228036094311924,0,0,0,0,0,0,0,0.294226348400116,0,0.355855804732373,0,0,0.316642373800278,0.243184581398964,0.274629950523376,0.170751423735557,0.236084446310997,0.140968250985048,0.153640607218375,0.200614482164383,0.262017193492346,0.302434861660004,0.263930901885033
0,0.223562146226565,0,0.166360090615341,0,0.185498687048112,0,0.170620264156776,0,0.266254514455795,0,0.154371068540967,0,0.179139258763898,0,0,0.254308611154556,0.245951995253563,0.269653576943609,0.142698580887228,0,0,0,0,0,0,0,0.180348394172532,0,0.162576028704643,0,0,0,0,0,0.156701038527933,0,0.164062677326651,0,0.22364933246916,0,0.287077161152501,0,0,0,0.245178723707795,0,0.283946683009466,0,0.280194207280874,0,0.179003680222913,0,0.165394975907273,0,0.21970322728157,0,0,0,0.175559361314702,0,0.229408659040928,0.190207871669263,0,0,0,0,0,0,0,0.352941129229912,0,0.231286261926847,0.236784562468529,0,0,0.256048530340195,0,0.168641397070426,0,0.170950071087905,0,0.155622088012114,0,0.287322533834488,0.298614743081006,0
0,0,0.184054198985298,0,0.167030979527367,0,0.160438020735979,0,0.168401926755905,0,0.159816750687317,0,0.164561256895011,0,0.106491175870742,0,0.225143104791641,0,0.220165322224299,0,0.182925740877787,0,0,0,0,0,0,0,0,0,0,0,0,0,0,0,0,0,0,0.193971320986748,0.193786516201262,0.235327057540417,0.21829543642278,0,0,0,0.182567998766899,0.267250288277864,0.226120690578845,0.211158767342567,0.156658554547711,0,0.161882814286011,0,0.146183028817177,0,0.165833897967088,0,0,0,0.109691398726268,0,0.236866265535355,0.259539537827174,0,0,0,0,0,0,0,0,0,0.269449909528096,0,0,0,0.258615662654241,0,0.21335236571337,0,0.268332943320274,0.162452174602328,0.167555579543114,0.207231179977718,0,0.208139888942242
0,0,0,0.148900260551809,0,0.173202451031942,0,0.177948911984762,0,0,0,0.168270408885904,0,0.148767134438955,0,0.129868783677618,0,0.226507142186165,0.221832245588303,0.15341746310393,0,0,0,0,0,0,0,0.150630319445598,0,0.199050388402409,0,0,0,0,0,0,0,0.187746092677116,0,0.205972483754158,0.196369275450706,0.22262549996376,0,0,0,0,0,0.256758133570353,0,0.21845389654239,0,0,0,0.174019192655881,0,0,0,0.175559361314702,0,0,0,0.139519897050562,0.147020682692528,0,0,0,0,0,0,0,0.155475498856725,0,0.185018935624291,0,0,0,0.299876689910889,0,0.196358725428581,0,0.230812519788742,0,0.166524899940865,0.168285635947171,0.17566835156209,0,0
0.146112484427599,0,0.155579449155846,0,0.144364673230383,0,0,0,0.131384241751767,0,0,0,0.105183554972921,0,0.128490029776003,0,0.219064369797707,0,0.215922214090824,0,0.15210647881031,0,0,0,0.142730265855789,0,0,0,0,0,0,0,0,0,0,0,0,0,0,0,0.18018924313433,0,0.212357561939802,0,0,0.194822445511818,0.161230262368917,0.222920995205641,0.2038447073102,0.176107808947563,0.149468345567584,0,0,0,0.148697661126361,0,0.20939327031374,0,0.109691398726268,0,0,0,0,0.227332383394241,0,0,0,0.143623199313879,0,0.143677368760109,0,0,0,0.252632061640422,0,0,0,0.226615756750107,0,0.228983560204506,0,0.266089642047882,0.184342774748802,0.188547655940056,0.188046310646612,0,0.196813553571701
0,0.150352987647057,0,0.146411440114385,0,0.194941813747088,0,0.157176047563553,0,0.147156325940575,0,0,0,0.156426507995306,0,0.126460115114848,0.229205325245857,0.123954300885089,0,0,0,0,0,0,0,0,0,0.176402503481278,0,0,0,0,0,0,0,0,0,0,0,0.219529539346695,0,0.206188613953798,0,0,0,0.157213494181633,0,0.250495118754251,0,0.216934997174475,0,0,0,0.166324466466904,0,0.162107483568517,0,0.229408659040928,0,0.139519897050562,0,0,0,0,0,0,0.174758240580559,0,0.16409640610218,0,0.154294353477734,0,0.253902547061443,0,0,0,0.234213873744011,0,0.238365944474936,0.191298112273216,0.220479637384415,0,0.141420305706561,0.138775303065777,0.183192816873391,0,0
0,0.144423520192504,0,0.128503507003188,0,0.170681751554921,0,0.183675672858953,0,0.122518643736839,0,0.158094064463554,0,0,0,0,0.258110265114478,0.26846945011302,0.292314996172611,0.154370511213799,0,0,0,0,0,0,0,0,0,0.168921453448442,0,0,0,0,0,0.154904990713237,0,0.16176177341621,0,0.248854637563486,0.25541245440642,0.23541063714267,0.235465601086617,0,0,0.199630669978439,0,0.256456951300303,0,0.218356605087008,0,0.156797124072909,0,0.176282598213716,0,0.24821787327528,0,0.190207871669263,0.236866265535355,0.147020682692528,0,0,0,0,0,0,0,0,0,0,0,0,0.340873763199866,0.264675498008728,0,0,0,0,0.19079449757519,0.317357798417409,0.260760766005561,0.274859014898539,0.234709027691467,0.282334066927433,0.240795746857252,0,0
0.19158023968339,0,0.167076226662506,0,0.13634042036307,0,0.126844093203545,0,0.13662690844606,0,0.159618179381452,0,0,0,0,0,0.270375031232834,0.280817024409771,0.296629018109778,0,0.153423523580368,0,0,0,0,0,0,0,0,0,0,0,0,0,0,0,0.164898942071839,0,0.16481025706004,0,0.240789856272783,0,0.224484450800318,0,0,0,0.223001765768117,0.213476803898811,0.225739918010575,0,0.203161914336327,0,0.122629899531603,0,0.156607172886531,0,0.228036094311924,0,0.259539537827174,0,0.227332383394241,0,0,0,0,0,0,0,0,0,0,0,0,0.296081160075937,0,0,0,0.23074945807457,0,0.213579236403657,0.259518474340439,0.232017379985275,0.190206769108772,0.254990912973881,0.241445893800597,0,0.254126995801926
0,0,0,0,0,0,0,0,0,0,0,0,0,0,0,0,0,0.137962865382433,0,0,0,0.161489445416234,0.116926218765651,0.262669722918345,0,0.155992782076022,0,0.137553106355775,0,0,0,0,0,0,0,0,0,0.2416037965038,0.489603482186794,0,0,0,0,0,0,0,0,0.416072728002773,0.529897630214691,0.261166684381979,0,0,0,0,0,0,0,0,0,0,0,0,0,0,0,0.113750539558089,0.272331637532815,0,0.182609248100906,0,0.175015740683584,0,0,0,0,0,0,0,0,0,0.240904952262532,0.484472347931428,0.131029640919184,0.165970579633173,0.356622730692228,0,0
0,0,0,0,0,0,0,0,0,0,0,0,0,0,0,0,0.192399967994009,0,0,0,0,0.106371691918119,0.149532742489237,0,0.157175459310805,0,0.127818781192656,0,0.149318065920956,0,0,0,0,0.450546741485596,0,0,0,0.529443144798279,0.261992572864582,0,0,0.42495408654213,0,0,0,0,0,0.462588684899466,0.211913926240343,0.500464314222336,0,0,0,0,0,0.368015766143799,0,0,0,0,0,0,0,0,0.113750539558089,0,0.37257981300354,0.161047353403909,0,0.138907525011084,0,0.320541157375408,0,0,0,0,0.463424146175385,0,0,0,0.530830923053953,0.298246250905905,0.139617784898157,0.138925142615797,0.466579133272171,0,0
0,0.174302309751511,0,0,0,0,0,0,0,0.170382223002197,0,0,0,0,0,0.173847439270171,0,0.193559929728508,0,0,0,0.201102516020587,0,0.184591245172875,0.436431124806404,0.156781563099037,0,0,0,0,0,0,0,0,0,0,0,0.273461887192342,0.515609226056508,0,0,0.288107365369797,0.403118655085564,0,0,0,0,0.461818450027042,0.49501429249843,0.29161306358171,0,0,0,0,0.388375043869019,0.189834059032309,0,0,0,0,0,0.174758240580559,0,0,0.272331637532815,0.37257981300354,0,0,0.254247399439683,0,0.31263658926659,0,0,0,0,0,0,0,0,0,0.224801765156894,0.531294356221738,0.168811222745313,0,0.36151005663818,0,0
0.179343894124031,0,0,0,0,0,0,0,0.17379193007946,0,0,0,0,0,0,0,0.20775561323089,0,0,0,0,0,0.16534211243036,0,0.222665277851487,0,0.142395923197407,0,0,0,0,0,0,0,0,0,0,0,0.198980373883606,0,0,0,0.2892660399278,0,0,0,0,0.403822347521782,0.287164495974187,0.503936231136322,0,0,0,0,0.140704313688206,0.414819955825806,0,0,0,0,0.143623199313879,0,0,0,0,0.161047353403909,0,0,0,0.167989404882466,0,0.305899977684021,0,0,0,0,0,0,0,0,0.47758827606837,0.227843052064373,0.155318907090834,0.193816512823105,0.275270183597292,0,0
