0,0,862.342789068818,0,2.0439150929451,0,0,0,571.094471886754,0,0.221545249223709,0,0,0,0,0,4.87323299050331,1.65376248955727,11.1355547308922,0,1.86830118298531,0,0,0,0,0,0,0,0,0,0,0,0,0,0,0,0,0,0.515979409217834,0,0,1.34283971041441,35.5026383325458,0,0,0.163104966282845,0,0,220.974937915802,0,1.77085247635841,0,0,0,532.067186683416,0,39.4839740097523,0,23.9255204498768,0,18.0636597275734,0,0,6.40123918652534,0,0,0,7.42626191675663,0,0,0,0,0,2.67308473587036,0,0,0,0,0.378825709223747,35.1938967555761,0,31.3509413301945,167.26071190834,0.326148748397827,797.718159243464,0,13.1531886979938
0,0,0,926.257625937462,0,28.7681737095118,0,0,0.11459381878376,238.639303892851,0,0.373176455497742,0,0,0,0,8.91825316846371,13.7589429616928,4.96472135186195,0,0,0,0,2.73823335766792,0,0,0,0,0,0,0,0,0,0,0,0,0,1.0461391210556,0,0,0,0.624473243951797,0,1.76799830794334,0,4.68349276483059,0,0,0,236.436414897442,0,0,0,0,0,253.762722939253,0,7.38734221458435,0,0,0,23.4775552451611,0,0,0,0,7.59135386347771,0,30.49234354496,0,3.0445870757103,0,0,0,0,0,0,0,0,0,1.82788753509521,0,418.37557528913,8.67560184001923,97.9081936478615,0,0
862.342789068818,0,0,0,14.1601040959358,0,0,0,105.950566545129,0.248121336102486,0,0,0,0,0,0,8.37199436128139,0,3.62464600801468,0,0,0,0,0,0,0,0,0,0,0,0,0,0,0,0,0,0,0,0.509864449501038,0,0,0,63.5465479642153,0,0,0,0,0,167.350613549352,0,10.7876146733761,0,0,0,94.6595991551876,0,8.00331726670265,0,16.6144265532494,0,13.0310976207256,0,0,1.40654906630516,0,0,0,5.94238489866257,0,0,0,0.223139628767967,0,0.429462790489197,0,0,0,0,0,0,0,1.79492172598839,75.077378898859,0.54700118303299,437.65617467463,0,27.6246065944433
0,926.257625937462,0,0,0,492.46897611022,0,0,0.127886340022087,45.6817593276501,0,16.0272456258535,0,0,0,0,1.32568825781345,2.24809655547142,0.264030329883099,0,0,0,0,0,0,0,0,0,0,0,0,0,0,0,0,0.540800452232361,0,0,0,0,0,0.915685027837753,0,0,0,6.05987811088562,0,0,0,38.7442062199116,0,11.5988190174103,0,0,0,0,0,43.8935119062662,0,0,0,0,0,0,0,0,0,0,0,0,0,0,0,0,0,0,0,0,0,0,0,0,686.534250587225,14.7355112880468,504.642419070005,0,0
2.0439150929451,0,14.1601040959358,0,0,0,4,0,210.707709759474,0,0,0,0,0,0,0,0.671801149845123,0,0.131349384784698,0,36.615860581398,0,0,0,0,0,0,0,0,0,0,0,0,0,0,0,0,0,0,0,0,0,30.9141736477613,0,0,0,2.91496963799,0,14.0164873600006,0.652206838130951,335.737659782171,0,0,0,10.7861779332161,0,41.9930541664362,0,16.7968380749226,0,0,0,0,16.6439768970013,0,0,0,1.46799957752228,0,0,0,1.12779754400253,0,3.19506707787514,0,0,0,0,0,0.629417136311531,0,11.5978296995163,563.736242771149,0,248.19233289361,0,5.94475880265236
0,28.7681737095118,0,492.46897611022,0,0,0,86.9759973287582,0,23.6808865964413,0,0.369462221860886,0,0,0,0,0,0,0,0,0,0,0,0,0,0,0,0,0,0,0,0,0,0,0,11.7671990096569,0,0.23804247379303,0,0,0,6.85009208321571,0,0,0,0.247363939881325,0,0,0,1.00052845478058,0,141.521175310016,0,80.964223742485,0,2.59246054291725,0,2.40054787695408,0,25.693745136261,0,0,0,0,0,0,0,0,0,0,0,0,0,0,0,0,0,0,0,0,0,0,391.582318842411,0,31.3838392943144,0,0
0,0,0,0,4,0,0,0,0,0,53.705660238862,0,18.0173559188843,0,0,0,0,0,0,0,102.75608613342,0,0,0,0,0,0,0,0,0,0,0,0,0,0,0,0,0,0,0,0,0,0,0,0,0,1.50111421942711,0,0,0,1,0,233.275030106306,0,0,0,31.6146882921457,0,0,0,0,0,0,11.8714216053486,0,0,0,0,0,0,0,0,0,0,0,0,0,0,0,0,0,0,14.0727647840977,0,0,0,0
0,0,0,0,0,86.9759973287582,0,0,0,0,0,0,0,0,0,0,0,0,0,1.49654340744019,0,0,0,0,0,0,0,0,0,0,0,0,0,0,0,0,0,0,0,0,0,0,0,0,0,0,0,0,0,0,0,9.01291012763977,0,351.187888145447,0,0,0,0,0,0,0,0,0,0,0,0,0,0,0,0,0,0,0,0,0,0,0,0,0,0,0,0,401.963879615068,0,0,0,0
571.094471886754,0.11459381878376,105.950566545129,0.127886340022087,210.707709759474,0,0,0,0,8.40862591564655,0,0,0,0,86.969819188118,0,1432.12247721851,111.821420118213,196.328402332962,0,0,0,0,0,40.3435913324356,0,0,0,0,0,0,0,0,0,0,0,0,0,0.782089829444885,0,1.76129460334778,2.3722271323204,94.8980744034052,0.458288013935089,0,0,0,0,7.50310918688774,0,34.5435502529144,0,0,0,557.921020150185,0,0.285984665155411,0,0,0,182.567375302315,0,0,0.40144357085228,0,0,0,80.044143229723,0,0,0,0.884403377771378,0,0,0,0,0,0,0,4.09127962589264,0,3.01967883110046,982.982810690999,39.8441333919764,170.599247917533,0.948606491088867,20.1859136521816
0,238.639303892851,0.248121336102486,45.6817593276501,0,23.6808865964413,0,0,8.40862591564655,0,0,0,0,0,0,31.4715595841408,364.920132413507,1293.8535868302,282.009611107409,0,0,0,0,40.3549083769321,0,41.611979290843,0,0,0,0,0,0,0,0,0,0.191206932067871,0,7.39093095064163,0,0,0,49.3482730090618,0,1.78065210580826,0,1.17905509471893,0,0,0,3.63940864801407,0,0,0,0,0,336.146026030183,0,0,0,0,0,209.21999296546,6.23727530241013,0,0,0,69.7512029111385,0,17.9831635206938,0,0,0,0,0,0,0,0,0,1.76845875382423,0.452203571796417,10.4164034724236,0,1439.61913027614,203.50019428134,61.8689553886652,39.3732915520668,0.165173947811127
0.221545249223709,0,0,0,0,0,53.705660238862,0,0,0,0,0,82.641802161932,0,0,0,0,0,2.76555562019348,0,257.087544679642,0,0,0,0,0,0,0,0,0,58.8848268985748,0,0,0,0,0,82.8414596319199,0,536.526020467281,0,0,0,2.67610982060432,0,0,0.173320442438126,18.5537762343884,0,0,0,0,0,109.191752746701,0,0,0,1880.61273531616,0,13.1706946790218,0,0,0,0,244.278490364552,0,0,0,0,0,0,0,0,0,105.724732801318,0,0,0,0,0,2.22137570381165,0,119.107133150101,405.508483186364,9.50430130958557,28.1515158414841,0,0
0,0.373176455497742,0,16.0272456258535,0,0.369462221860886,0,0,0,0,0,0,0,43.5922893285751,0,0,0,0,0,317.321056038141,0,0,0,0,0,0,0,3,0,0,0,0,0,0,0,0,0,569.393140524626,0,0,0,0,0,0,0,0,0,0,0,0,0,0.216082543134689,0,0,0,0,0,1660.4397251606,0,45.6618082076311,0,0,21.5151959806681,0,0,0,0,0,0,0,8.93609148263931,0,268.354004323483,0,0,0,0,0,0,0,3.0056534409523,0,258.032145127654,0,0,0,0
0,0,0,0,0,0,18.0173559188843,0,0,0,82.641802161932,0,0,0,0,0,0,0,0,0,0,0,0,0,0,0,0,0,15.6486859321594,0,0,0,0,0,0,0,0,0,0,0,0,0,0,0,0,0,0,0,0,0,0,0,0,0,0,0,5.97313025593758,0,203.038235157728,0,8.50712704658508,0,0,0,0,0,0,0,0,0,0,4.794349193573,0,0,0,0,0,0,0,0,0,0,26.1925435066223,0,0,0,0
0,0,0,0,0,0,0,0,0,0,0,43.5922893285751,0,0,0,26.2614811658859,0,0,0,0,0,0,0,0,0,0,0,77.6585215181112,0,24.2387782335281,0,0,0,0,0,0,0,0,0,0,0,0,0,0,0,0,0,0,0,0,0,0,0,0,0,0,0,0,0,463.240084916353,0,7.15681278705597,0,0,0,0,0,0,0,0,0.933045417070389,0,0,0,0,0,0,0,0,0,0,0,190.308129131794,4.56106102466583,0,0,0
0,0,0,0,0,0,0,0,86.969819188118,0,0,0,0,0,0,0,51.092600479722,0,0,0,0,0,0,0,19.0458850562572,0,5.44882750511169,0,0,0,0,0,0,0,0,0,0,0,0,0,0,0,0,0,0,0,0,0,0,0,0,0,0,0,3.31502079963684,0,5.11901101469994,0,6.83184042572975,0,183.799519121647,0,0,0,0,0,0,0.371583670377731,0,0.629420816898346,0,0,0,0,0,0,0,0,0,0,0,0,30.2708217054605,3,0,0,0
0,0,0,0,0,0,0,0,0,31.4715595841408,0,0,0,26.2614811658859,0,0,12.0222712159157,206.636421948671,7.72654947638512,0,0,0,0,8.27116878330708,0,22.3853129446507,0,0,0,0,0,0,0,0,0,0,0,0,0,0,0,0,0,0,0,0,0,0,0,0,0,0,0,0,0,52.0673727691174,0,0,0,115.461861252785,0,370.65330606699,0,0,0,0,0,0,0,0,0,0,0,0,0,0,0,0,0,0,0,0,211.647225484252,224.398842200637,0,0,0
4.87323299050331,8.91825316846371,8.37199436128139,1.32568825781345,0.671801149845123,0,0,0,1432.12247721851,364.920132413507,0,0,0,0,51.092600479722,12.0222712159157,0,7717.14312969148,4872.2432833463,0,0.191371411085129,0,447.268432065845,0,72.8763000071049,3.03101134300232,649.537933394313,0,2.37933731079102,0,0,0,0,0,0,0.952855914831161,2.03497728705406,0,2.36983795464039,0,1.93604350090027,21.4907672256231,70.7921054437757,8.72904418408871,0,2.21750634908676,1.64848157763481,0,1.80283251404762,1.66329234838486,0,0,0,0,21.301836848259,34.5365644097328,0.147030308842659,0,0,0,6.61777657270432,5.66964817047119,0,0.500741228461266,0,118.653635770082,0,0,0,258.749899566174,0,0,0,0.464739352464676,0,0,0,0,16.9284314066172,69.8290073871613,0,30.0918425172567,6660.88747274131,2403.21340744197,61.5466497913003,4.905059017241,1.85912985354662
1.65376248955727,13.7589429616928,0,2.24809655547142,0,0,0,0,111.821420118213,1293.8535868302,0,0,0,0,0,206.636421948671,7717.14312969148,0,4235.93932819366,0,0,216.940237686038,0.736068844795227,152.372305870056,0,209.29165610671,0,1.68243479728699,0,0,0,0,0,0,0,0.31124322116375,0,0,0,1.77796891331673,0,32.6217954158783,14.2954360842705,20.9010547250509,0,3.36526191234589,0,0.550613880157471,1.23390758037567,3.05574376881123,0,0,0,0,2.10078905522823,210.028407663107,0,0,0,0,0,109.452153995633,0,0.460586838424206,55.1531711816788,0,0,0,328.06951020658,0,18.8160707354546,0,0,0.40983535349369,0.158843398094177,0,0,0,11.9004693180323,32.7405505031347,0.185546740889549,12.594134375453,8384.92967736721,7736.26354548335,36.4004906415939,9.33702223002911,2.03260770440102
11.1355547308922,4.96472135186195,3.62464600801468,0.264030329883099,0.131349384784698,0,0,0,196.328402332962,282.009611107409,2.76555562019348,0,0,0,0,7.72654947638512,4872.2432833463,4235.93932819366,0,0,17.5580721050501,0,0,0,0,0.349524050951004,0,0,0,0,0,1.72725322842598,0,6.5832771807909,0,40.4608261808753,20.1364097297192,0,17.4580671042204,53.2160686701536,11.2848495393991,1524.06878373027,1035.40742245317,299.573430165648,0,93.5719705745578,48.3324255868793,8.80150961875916,55.5161636993289,73.270831823349,0,0,0,0,3.73197086155415,25.5111593604088,2.66366393864155,0,0,0,0,1.83636562526226,0.283907115459442,19.9586707577109,0,0,0,0.989373132586479,0,0,0,0.110311329364777,0.530611515045166,41.4992469251156,1.49986264109612,0,1.39232158660889,0,600.231442913413,1010.77413966507,26.2309211492538,468.76920954138,9984.59242670238,4355.71006269753,1618.82407669723,609.041664868593,45.1466866731644
0,0,0,0,0,0,0,1.49654340744019,0,0,0,317.321056038141,0,0,0,0,0,0,0,0,0,0,0,0,0,0,0,0,0,1.2426472902298,0,0,0,0,0,907.154569715261,0,519.91696472466,0,0,0,0,0,0,0,20.0221770182252,0,0,0,0.164420887827873,0,0,0,0,0,0,0,169.970658525825,0,1.14382603764534,0,0,716.004070147872,0,0,0,0,0,0,0,10.3742831349373,0,84.2732401043177,0,0,0,0,0,455.454957708716,0,168.979868963361,0,558.185511127114,0.187676206231117,34.8910702168941,0,0
1.86830118298531,0,0,0,36.615860581398,0,102.75608613342,0,0,0,257.087544679642,0,0,0,0,0,0.191371411085129,0,17.5580721050501,0,0,0,0,0,0,0,0,0,0,0,0,0,0,0,0,0,752.806624412537,0,285.843905761838,0,2.93011599779129,0.152842968702316,37.6471820324659,1.37901341915131,0,0,94.5787797346711,0,5.86873982846737,1.60230170190334,0,0,94.6484690830112,0,0.189166635274887,0,98.5198431015015,0,0,0,0,0,0,2744.17123690993,0,0,0,0,0,0,0,0,0,0.791302621364594,0,0,0,0,0.551638692617416,800.774895206094,0,816.740556396544,202.614148780704,0.888220638036728,112.341715328395,3.94510507583618,0
0,0,0,0,0,0,0,0,0,0,0,0,0,0,0,0,0,216.940237686038,0,0,0,0,221.948957532644,179.839321866632,0,208.575032904744,0,86.746476829052,0,0,0,0,0,0,0,0,0,160.447399169207,0,0,0,0,0,0,0,0,0,0,0,192.869606971741,0,0,0,0,0,0,0,0,0,0,0,0,0,0,6430.56541228294,16.4912194311619,61.2154687643051,0,479.438619419932,0,83.0067113190889,0,0,0,0,0,0,0,0,0,108.977661639452,0,1576.7746964097,344.083626717329,0,0,0
0,0,0,0,0,0,0,0,0,0,0,0,0,0,0,0,447.268432065845,0.736068844795227,0,0,0,221.948957532644,0,0,421.414144590497,0,137.116657853127,0,0.903507769107819,0,0,0,0,0,0,0,0,0,1046.21684381366,0,0,0,0,0,0,0,0,0,334.756734758615,0,0,0,0,0,0.550640717148781,0,0,0,0,0,0,0,0,0,19.5796003341675,6092.41017086804,0,93.5000888854265,0,83.8956369310617,0,74.6871826499701,0,0,0,0,0,0,0,0,0.345667064189911,335.965014949441,1922.62163826823,667.238592907786,0,0,0
0,2.73823335766792,0,0,0,0,0,0,0,40.3549083769321,0,0,0,0,0,8.27116878330708,0,152.372305870056,0,0,0,179.839321866632,0,0,0,273.828901141882,0,0,0,0,0,0,0,0,0,0,0,457.720278307796,0,0,0,0.529537498950958,0,0,0,0,0,0,0,31.7929173260927,0,0,0,0,0,67.9587356299162,0,0,0,0,0,11.6930360198021,0,0,87.3677128255367,0,621.47511176765,0,407.3705393821,0,0,0,0,0,0,0,0,0,0,0,112.713424637914,0,288.986422270536,0,17.4269174486399,0,0
0,0,0,0,0,0,0,0,40.3435913324356,0,0,0,0,0,19.0458850562572,0,72.8763000071049,0,0,0,0,0,421.414144590497,0,0,0,102.747835695744,0,0,0,0,0,0,0,0,0,0,0,681.813132405281,0,0,0,0,0,0,0,0,0,23.124159514904,0,0,0,0,0,836.380127742887,0,0.621445566415787,0,0,0,107.930639564991,0,0,0,0,513.073904260993,0,967.228654161096,0,84.8543738722801,0,0,0,0,0,0,0,0,0,0,0,455.340935990214,377.936670482159,24.4335379302502,0,0,0
0,0,0,0,0,0,0,0,0,41.611979290843,0,0,0,0,0,22.3853129446507,3.03101134300232,209.29165610671,0.349524050951004,0,0,208.575032904744,0,273.828901141882,0,0,0,53.0962180644274,0,0,0,0,0,0,0,0,0,0,0,0,0,0,0,0,0,0,0,0,0,0,0,0,0,0,0,2.1997451633215,0,0,0,0,0,0,0,0,4.80527304112911,0,8.03458113968372,0,1762.25411444902,0,206.327481999993,0,0,0,0,0,0,0,0,0,0,0,275.53698015213,6.81268902122974,0,0,0
0,0,0,0,0,0,0,0,0,0,0,0,0,0,5.44882750511169,0,649.537933394313,0,0,0,0,0,137.116657853127,0,102.747835695744,0,0,0,0,0,0,0,0,0,0,0,0,0,0,0,0,0,0,0,0,0,0,0,0.275398463010788,0,0,0,0,0,36.9927419871092,0,0.36582338809967,0,0,0,27.6446212232113,0,0,0,0,30.0353609621525,0,7.18126094341278,0,198.145868778229,0,2.38538718223572,0,0,0,0,0,0,0,0,0,0,98.2625889480114,0,0,0,0
0,0,0,0,0,0,0,0,0,0,0,3,0,77.6585215181112,0,0,0,1.68243479728699,0,0,0,86.746476829052,0,0,0,53.0962180644274,0,0,0,328.492055058479,0,0,0,0,0,0,0,9.28815802931786,0,0,0,0,0,0,0,0,0,0,0,0,0,0,0,0,0,0,0,0,0,70.234211280942,0,0,0,0,1.78781473636627,0,0,0,108.294784620404,0,1339.07126754522,0,15.0326420217752,0,0,0,0,0,0,0,0,0,475.721683055162,80.9951765835285,0,0,0
0,0,0,0,0,0,0,0,0,0,0,0,15.6486859321594,0,0,0,2.37933731079102,0,0,0,0,0,0.903507769107819,0,0,0,0,0,0,0,350.857020169497,0,0,0,0,0,0,0,0,0,0,0,0,0,0,0,0,0,0,0,0,0,0,0,0,0,0,0,25.5291435718536,0,0,0,0,0,0,1.84406219422817,0,0,0,2.66305017471313,0,1043.36113846302,0,101.989122033119,0,0,0,0,0,0,0,12.5865463763475,85.1164634227753,6.95866990089417,0,0,0
0,0,0,0,0,0,0,0,0,0,0,0,0,24.2387782335281,0,0,0,0,0,1.2426472902298,0,0,0,0,0,0,0,328.492055058479,0,0,0,0,0,0,0,0,0,105.174645662308,0,0,0,0,0,0,0,0,0,0,0,0,0,0,0,0,0,0,0,10.9839809536934,0,2.81049799919128,0,0,1.18907961249352,0,0,0,0,0,0,0,150.727815493941,0,1268.13815397024,0,0,0,0,0,0,0,1.74652105569839,0,188.650783255696,10.3699645996094,0,0,0
0,0,0,0,0,0,0,0,0,0,58.8848268985748,0,0,0,0,0,0,0,0,0,0,0,0,0,0,0,0,0,350.857020169497,0,0,0,0,0,0,0,0,0,219.960765361786,0,0,0,0,0,0,0,0,0,0,0,0,0,0,0,0,0,14.6848974823952,0,0,0,0,0,0,0,0,0,0,0,0,0,0,176.539312720299,0,640.841799527407,0,0,0,0,0,0,0,3.14815127849579,14.5912256240845,0,0,0,0
0,0,0,0,0,0,0,0,0,0,0,0,0,0,0,0,0,0,1.72725322842598,0,0,0,0,0,0,0,0,0,0,0,0,0,2030.40767878294,0,1.11474013328552,149.092668309808,0,0,0,20.0148832201958,0,2.84183149039745,0,0,0,0,0,530.265495970845,0,27.8101392090321,0,0,0,0,0,0,0,0,0,0,0,0,0,0,0,0,0,0,0,0,0,0,0,0,1673.5873953402,1218.31964829564,16.1478839814663,0.540186285972595,50.0829687863588,4.60062843561172,0,0,46.3751403987408,0,0,0,0
0,0,0,0,0,0,0,0,0,0,0,0,0,0,0,0,0,0,0,0,0,0,0,0,0,0,0,0,0,0,0,2030.40767878294,0,8.80073919892311,160.550936385989,154.369131714106,100.680271729827,0,0,0,0,0,0,0,0,0,0,1130.62400230765,121.836791992188,0,0,0,0,0,0,0,0,0,0,0,0,0,0,0,0,0,0,0,0,0,0,0,0,0,2155.91472363472,2953.49688491225,172.272859752178,65.8430671840906,0,205.372012704611,0,0,906.038454025984,0,0,0,0
0,0,0,0,0,0,0,0,0,0,0,0,0,0,0,0,0,0,6.5832771807909,0,0,0,0,0,0,0,0,0,0,0,0,0,8.80073919892311,0,1529.59301880002,354.23534283042,0,369.758364737034,8.9198671579361,3.50382141768932,0,33.9443072676659,0,4.17806974053383,0,0.768197409808636,0,1354.31533461809,0,31.9875162988901,0,0,0,0,0,0,0,0,0,0,0,0,0,0,0,0,0,0,0,0,0,0,0,0,38.0690947175026,9.04986298084259,3345.83677142859,1063.97049003839,41.6934657990932,0.196870505809784,140.462853878736,0,641.286353513598,0.414026916027069,8.4172630906105,9.56712132692337,0
0,0,0,0,0,0,0,0,0,0,0,0,0,0,0,0,0,0,0,0,0,0,0,0,0,0,0,0,0,0,0,1.11474013328552,160.550936385989,1529.59301880002,0,0,150.966659739614,16.2268166840076,322.169354602695,0,0,0,0,0,0,0,0,1873.3576849252,86.3935392200947,1.63171055912971,0,0,0,0,0,0,0,0,0,0,0,0,0,0,0,0,0,0,0,0,0,0,0,0,9.4751969575882,373.674662619829,885.406841635704,2764.27840517461,0,281.304192706943,0.628266513347626,1220.01848889887,583.096729591489,16.1651519536972,0,0,0
0,0,0,0.540800452232361,0,11.7671990096569,0,0,0,0.191206932067871,0,0,0,0,0,0,0.952855914831161,0.31124322116375,40.4608261808753,907.154569715261,0,0,0,0,0,0,0,0,0,0,0,149.092668309808,154.369131714106,354.23534283042,0,0,138.905662804842,664.635273814201,0,25.512604445219,0,262.101655647159,1.78276011347771,14.2994270026684,0,699.944535590708,0.71571259945631,80.2302154451609,0.57142698764801,16.8768423348665,0,0,0,0,0,0.630181968212128,0,0,0,0,0,0,479.717907786369,0.820578053593636,0,0,0,0,0,0,0,0,0.165170267224312,0,36.3616428524256,42.6215990483761,541.157045036554,0,7157.96933611482,0,825.991812542081,0.213697209954262,1418.82711035758,21.7818333134055,554.331673167646,57.1842613294721,0
0,0,0,0,0,0,0,0,0,0,82.8414596319199,0,0,0,0,0,2.03497728705406,0,20.1364097297192,0,752.806624412537,0,0,0,0,0,0,0,0,0,0,0,100.680271729827,0,150.966659739614,138.905662804842,0,0,411.038073509932,0,0.265998899936676,0.60983918607235,208.105826348066,0.247525557875633,0,0,4.9294466227293,82.7804299592972,21.3649718612432,2.94407343864441,0,0,0,0,0,0,0,0,0,0,0,0,0,178.099759578705,0,0,0,0.184347212314606,0,0,0,0,0,0.141641393303871,0,16.9754141569138,0,87.9584097862244,13.3669970035553,5254.31039339304,0,1105.10276668519,1934.51447353512,147.286995619535,49.3739639818668,0.29202863574028,8.62630622088909
0,1.0461391210556,0,0,0,0.23804247379303,0,0,0,7.39093095064163,0,569.393140524626,0,0,0,0,0,0,0,519.91696472466,0,160.447399169207,0,457.720278307796,0,0,0,9.28815802931786,0,105.174645662308,0,0,0,369.758364737034,16.2268166840076,664.635273814201,0,0,476.65875017643,0.145674034953117,0,5.41567382216454,0.573167085647583,0,0,36.9524149149656,0,646.897501677275,0,876.806228637695,0,0,0,0,0,20.1779641807079,0,382.737594306469,0,0,0,0,286.111015275121,0,59.4039429724216,0,592.622207194567,0,0,0,0.48465296626091,0,28.9668210148811,0,0,0,73.3638878166676,0,716.479168042541,0,13851.3067544252,0,1516.63501723111,8.54180479049683,290.576789289713,7.60759338736534,0
0.515979409217834,0,0.509864449501038,0,0,0,0,0,0.782089829444885,0,536.526020467281,0,0,0,0,0,2.36983795464039,0,17.4580671042204,0,285.843905761838,0,1046.21684381366,0,681.813132405281,0,0,0,0,0,219.960765361786,0,0,8.9198671579361,322.169354602695,0,411.038073509932,476.65875017643,0,0,0,0,175.809054672718,0,0,0,3.90160344541073,607.937976896763,339.6089053303,0,0,0,0,0,7.42663322389126,0,221.732184618711,0,0,0,0,0,0,157.727273568511,0,219.357924774289,0,246.054653629661,0,0,0,2.37266394495964,0,228.195612549782,0,0,5.9651545882225,95.0768364965916,0,325.649301812053,153.011554181576,13969.5508696735,2326.0085709542,689.288161918521,78.916015714407,0,8.87446083128452
0,0,0,0,0,0,0,0,0,0,0,0,0,0,0,0,0,1.77796891331673,53.2160686701536,0,0,0,0,0,0,0,0,0,0,0,0,20.0148832201958,0,3.50382141768932,0,25.512604445219,0,0.145674034953117,0,0,0,1065.78583236039,6.45696057379246,20.6417128145695,0,1217.35257476568,15.0132959261537,237.294061377645,7.8214039504528,1151.36703447998,0,0,0,0,0,0,0,1.54388006031513,0,0,0,0,550.47626183182,6.51410517096519,0,0,0,0,0,0,0.527081951498985,0,2.74331206083298,0.199329644441605,74.3559735566378,0,4.63169145584106,0,919.3062627092,4.59250439703465,174.828953266144,2.00715272128582,61.0953640788794,9.55272896587849,937.775374934077,336.734591051936,0
0,0,0,0,0,0,0,0,1.76129460334778,0,0,0,0,0,0,0,1.93604350090027,0,11.2848495393991,0,2.93011599779129,0,0,0,0,0,0,0,0,0,0,0,0,0,0,0,0.265998899936676,0,0,0,0,0.133990660309792,266.534883469343,0,0,0,296.207631587982,21.3460084795952,263.234482824802,0,0,0,0,0,0,0,0,0,0,0,0,0,0,360.793848633766,0,0,0,0.219647467136383,0,0,0,0,0,0,0,14.7101248502731,0,0,1.71945714950562,984.171952098608,0,29.1113898903131,9.98832559585571,0,66.6647621914744,0,0
1.34283971041441,0.624473243951797,0,0.915685027837753,0,6.85009208321571,0,0,2.3722271323204,49.3482730090618,0,0,0,0,0,0,21.4907672256231,32.6217954158783,1524.06878373027,0,0.152842968702316,0,0,0.529537498950958,0,0,0,0,0,0,0,2.84183149039745,0,33.9443072676659,0,262.101655647159,0.60983918607235,5.41567382216454,0,1065.78583236039,0.133990660309792,0,333.367674171925,212.26632347703,0,826.455783650279,10.6180516257882,191.566572830081,7.35574436187744,896.563672319055,0,0,0,0,0,0.281441420316696,2.17118263244629,27.5115957856178,0,0,0,0,371.582949146628,7.33394649624825,0,0,0,0,0,0,0,0,8.11746890842915,2.49222639203072,14.1562858521938,0,8.55424098670483,0,2653.26134160906,29.4265918731689,498.013855054975,10.0907388478518,2445.43298085034,192.774271667004,3769.35114839673,4616.00720861554,0.207732796669006
35.5026383325458,0,63.5465479642153,0,30.9141736477613,0,0,0,94.8980744034052,0,2.67610982060432,0,0,0,0,0,70.7921054437757,14.2954360842705,1035.40742245317,0,37.6471820324659,0,0,0,0,0,0,0,0,0,0,0,0,0,0,1.78276011347771,208.105826348066,0.573167085647583,175.809054672718,6.45696057379246,266.534883469343,333.367674171925,0,0,0,7.01563009619713,388.954378217459,39.6384062170982,1112.72131861001,29.4178301692009,0,0,0,0,132.433225467801,0,4.96168854832649,0,0,0,0,0,0,198.214969627559,0,0,0,53.1635432243347,0,0,0,18.5333821326494,0,159.224405266345,0,0,0,0,6.96824286133051,2815.0669202134,0.559790849685669,968.438141584396,1596.42338937521,84.4250838682055,3443.34652004391,7.00360003113747,1033.74023474753
0,1.76799830794334,0,0,0,0,0,0,0.458288013935089,1.78065210580826,0,0,0,0,0,0,8.72904418408871,20.9010547250509,299.573430165648,0,1.37901341915131,0,0,0,0,0,0,0,0,0,0,0,0,4.17806974053383,0,14.2994270026684,0.247525557875633,0,0,20.6417128145695,0,212.26632347703,0,0,0,27.9892134815454,1.03247511386871,2.83726692199707,0,21.9613949656487,0,0,0,0,0,0,0,0,0,0,0,0,0,0,0,0,0,0,0,0,0,0,0,0,0,0,0,0,191.308626741171,11.9419200569391,22.3544194996357,0,144.268093198538,155.74198243767,214.632661893964,96.7334992438555,0
0,0,0,0,0,0,0,0,0,0,0,0,0,0,0,0,0,0,0,0,0,0,0,0,0,0,0,0,0,0,0,0,0,0,0,0,0,0,0,0,0,0,0,0,0,0,0,0,0,0,0,0,0,0,0,0,0,0,0,0,0,0,0,0,0,0,0,0,0,0,0,0,0,0,0,0,0,0,0,0,0,0,0,0,0,0,0
0.163104966282845,4.68349276483059,0,6.05987811088562,0,0.247363939881325,0,0,0,1.17905509471893,0.173320442438126,0,0,0,0,0,2.21750634908676,3.36526191234589,93.5719705745578,20.0221770182252,0,0,0,0,0,0,0,0,0,0,0,0,0,0.768197409808636,0,699.944535590708,0,36.9524149149656,0,1217.35257476568,0,826.455783650279,7.01563009619713,27.9892134815454,0,0,5.2172856554389,70.2358012422919,21.5511908903718,82.7100192382932,0,0,0,0,0,0,0,57.0229648798704,0,0,0,0,1260.35109455884,7.30410197377205,0,0,0,0,0,0,3.39444783329964,0,108.324169248343,0.462593674659729,1.12829391658306,0,0.168063193559647,0,1872.38444285095,5.03319139778614,739.423922672868,1.47978208959103,377.215659081936,43.0594954639673,3317.20348579437,67.6944711357355,0.0972791165113449
0,0,0,0,2.91496963799,0,1.50111421942711,0,0,0,18.5537762343884,0,0,0,0,0,1.64848157763481,0,48.3324255868793,0,94.5787797346711,0,0,0,0,0,0,0,0,0,0,0,0,0,0,0.71571259945631,4.9294466227293,0,3.90160344541073,15.0132959261537,296.207631587982,10.6180516257882,388.954378217459,1.03247511386871,0,5.2172856554389,0,0.621614664793015,103.996698752046,55.9628867283463,0,0,0.293638825416565,0,0.449552074074745,0,3.53105616569519,0,0,0,0,0,0,709.808941520751,0,0,0,0,0,0,0,0,0,9.5518561154604,0,0,0,0,0.130122780799866,512.56993920356,2.77508854866028,91.502718269825,61.36791908741,9.60986714810133,449.783073954284,0,4.20430600643158
0,0,0,0,0,0,0,0,0,0,0,0,0,0,0,0,0,0.550613880157471,8.80150961875916,0,0,0,0,0,0,0,0,0,0,0,0,530.265495970845,1130.62400230765,1354.31533461809,1873.3576849252,80.2302154451609,82.7804299592972,646.897501677275,607.937976896763,237.294061377645,21.3460084795952,191.566572830081,39.6384062170982,2.83726692199707,0,70.2358012422919,0.621614664793015,0,1178.97806985676,664.590342059731,0,0,0,0,0,0,0,0.173890262842178,0,0,0,0,9.96258600056171,19.546606272459,0,0,0,2.08913975954056,0,0,0,0,0,0,628.392714634538,450.567994862795,325.15119792521,204.76572728157,107.318339914083,275.696722581983,27.8006420731544,188.51011775434,1352.55500860512,4.04975053668022,253.385972723365,4.81329588592052,0
220.974937915802,0,167.350613549352,0,14.0164873600006,0,0,0,7.50310918688774,0,0,0,0,0,0,0,1.80283251404762,1.23390758037567,55.5161636993289,0,5.86873982846737,0,334.756734758615,0,23.124159514904,0,0.275398463010788,0,0,0,0,0,121.836791992188,0,86.3935392200947,0.57142698764801,21.3649718612432,0,339.6089053303,7.8214039504528,263.234482824802,7.35574436187744,1112.72131861001,0,0,21.5511908903718,103.996698752046,1178.97806985676,0,19.0443324744701,0.307025998830795,0,0,0,12.186637416482,0,56.917787283659,0,19.2128521502018,0,63.2970516383648,0,3.28267738223076,253.953683927655,0,14.5531196594238,0,122.988641023636,0,80.0924802422523,0,21.7903851866722,0,247.302553638816,0,1.0568972826004,0,0.687557905912399,2.20241437852383,744.840834483504,0,298.435171470046,192.967375099659,5.07573662698269,3059.43638829887,0,20.8644693344831
0,236.436414897442,0,38.7442062199116,0.652206838130951,1.00052845478058,0,0,0,3.63940864801407,0,0,0,0,0,0,1.66329234838486,3.05574376881123,73.270831823349,0.164420887827873,1.60230170190334,192.869606971741,0,31.7929173260927,0,0,0,0,0,0,0,27.8101392090321,0,31.9875162988901,1.63171055912971,16.8768423348665,2.94407343864441,876.806228637695,0,1151.36703447998,0,896.563672319055,29.4178301692009,21.9613949656487,0,82.7100192382932,55.9628867283463,664.590342059731,19.0443324744701,0,0,0,0,0,0.323219776153564,4.08246001601219,0,97.8233619630337,0,0,0,3.49645587801933,11.7930695265532,47.9467306435108,273.609106168151,0,22.8049513548613,0,20.1399844288826,0,90.8093812763691,0,129.530209347606,2.4121303036809,82.4920426309109,0,132.747354924679,0,428.780589908361,5.59625267982483,415.717716351151,2.02808384597301,489.50777707994,18.8232194632292,882.807926699519,89.6444084644318,0
1.77085247635841,0,10.7876146733761,0,335.737659782171,0,1,0,34.5435502529144,0,0,0,0,0,0,0,0,0,0,0,0,0,0,0,0,0,0,0,0,0,0,0,0,0,0,0,0,0,0,0,0,0,0,0,0,0,0,0,0.307025998830795,0,0,0,0,0,20.3965557813644,0,2.55292388796806,0,39.0536797642708,0,0,0,0,0,0,0,0,0,0,0,0,0,0,0,0,0,0,0,0,0,0,0,73.1266152411699,0,0,0,0
0,0,0,11.5988190174103,0,141.521175310016,0,9.01291012763977,0,0,0,0.216082543134689,0,0,0,0,0,0,0,0,0,0,0,0,0,0,0,0,0,0,0,0,0,0,0,0,0,0,0,0,0,0,0,0,0,0,0,0,0,0,0,0,0,8.97632420063019,0,0,0,7.83065047860146,0,0.614332914352417,0,0,0,0,0,0,0,0,0,0,0,0,0,0,0,0,0,0,0,0,0,0,10.6903877258301,0,0,0,0
0,0,0,0,0,0,233.275030106306,0,0,0,109.191752746701,0,0,0,0,0,0,0,0,0,94.6484690830112,0,0,0,0,0,0,0,0,0,0,0,0,0,0,0,0,0,0,0,0,0,0,0,0,0,0.293638825416565,0,0,0,0,0,0,0,0,0,107.033087253571,0,0,0,0,0,0,28.9922870546579,0,0,0,0,0,0,0,0,0,0,0,0,0,0,0,0,0,0,23.5387482941151,0,0,0,0
0,0,0,0,0,80.964223742485,0,351.187888145447,0,0,0,0,0,0,0,0,0,0,0,0,0,0,0,0,0,0,0,0,0,0,0,0,0,0,0,0,0,0,0,0,0,0,0,0,0,0,0,0,0,0,0,8.97632420063019,0,0,0,0,0,6.69655901193619,0,0,0,0,0,0,0,0,0,0,0,0,0,0,0,0,0,0,0,0,0,0,0,0,20.6433323025703,0,0,0,0
532.067186683416,0,94.6595991551876,0,10.7861779332161,0,0,0,557.921020150185,0,0,0,0,0,3.31502079963684,0,21.301836848259,2.10078905522823,3.73197086155415,0,0.189166635274887,0,0.550640717148781,0,836.380127742887,0,36.9927419871092,0,0,0,0,0,0,0,0,0,0,0,7.42663322389126,0,0,0,132.433225467801,0,0,0,0.449552074074745,0,12.186637416482,0.323219776153564,20.3965557813644,0,0,0,0,0,2.13326177000999,0,1.25951266288757,0,24.3744346797466,0,0,2.82023501396179,0,0,0,199.345969423652,0,0.951607435941696,0,0,0,0,0,0,0,0,0.147854939103127,4.2347561866045,0,19.0858789235353,259.811681687832,0,275.089431539178,0,82.4418769180775
0,253.762722939253,0,0,0,2.59246054291725,0,0,0,336.146026030183,0,0,0,0,0,52.0673727691174,34.5365644097328,210.028407663107,25.5111593604088,0,0,0,0,67.9587356299162,0,2.1997451633215,0,0,0,0,0,0,0,0,0,0.630181968212128,0,20.1779641807079,0,0,0,0.281441420316696,0,0,0,0,0,0,0,4.08246001601219,0,0,0,0,0,0,0,0,0,0,0,202.773361966014,0,0,0,0,579.539732262492,0,128.788495764136,0,0,0,0,0,0,0,0,0,0,0,32.8030621111393,0,199.002377033234,32.8429989367723,2.42729419469833,2.25749826431274,0
39.4839740097523,0,8.00331726670265,0,41.9930541664362,0,31.6146882921457,0,0.285984665155411,0,1880.61273531616,0,5.97313025593758,0,5.11901101469994,0,0.147030308842659,0,2.66366393864155,0,98.5198431015015,0,0,0,0.621445566415787,0,0.36582338809967,0,0,0,14.6848974823952,0,0,0,0,0,0,0,221.732184618711,0,0,2.17118263244629,4.96168854832649,0,0,0,3.53105616569519,0,56.917787283659,0,2.55292388796806,0,107.033087253571,0,2.13326177000999,0,0,0,135.31537361443,0,114.228392034769,0,0,94.1389135122299,0,0,0,0.361260056495667,0,0.302651166915894,0,191.023039013147,0,232.610615327954,0,0,0,0,0,3.23420022428036,0,1.9256144464016,357.405022114515,24.014544069767,239.491893872619,0,0.493566811084747
0,7.38734221458435,0,43.8935119062662,0,2.40054787695408,0,0,0,0,0,1660.4397251606,0,0,0,0,0,0,0,169.970658525825,0,0,0,0,0,0,0,0,0,10.9839809536934,0,0,0,0,0,0,0,382.737594306469,0,1.54388006031513,0,27.5115957856178,0,0,0,57.0229648798704,0,0.173890262842178,0,97.8233619630337,0,7.83065047860146,0,6.69655901193619,0,0,0,0,0,573.217419698834,0,0,543.991027787328,0,0,0,0,0,0,0,899.968532800674,0,480.418141186237,0,0,0,0,0,4.47535541653633,0,1.51346796751022,0,123.103534936905,0,140.338963806629,5.66857802867889,0
23.9255204498768,0,16.6144265532494,0,16.7968380749226,0,0,0,0,0,13.1706946790218,0,203.038235157728,0,6.83184042572975,0,0,0,0,0,0,0,0,0,0,0,0,0,25.5291435718536,0,0,0,0,0,0,0,0,0,0,0,0,0,0,0,0,0,0,0,19.2128521502018,0,39.0536797642708,0,0,0,1.25951266288757,0,135.31537361443,0,0,0,130.627062082291,0,0,0,0,0,0,0,0,0,0,64.4576216638088,0,0,0,0,0,0,0,0,0,0,1.61965677142143,0,0,0,0
0,0,0,0,0,25.693745136261,0,0,0,0,0,45.6618082076311,0,463.240084916353,0,115.461861252785,0,0,0,1.14382603764534,0,0,0,0,0,0,0,70.234211280942,0,2.81049799919128,0,0,0,0,0,0,0,0,0,0,0,0,0,0,0,0,0,0,0,0,0,0.614332914352417,0,0,0,0,0,573.217419698834,0,0,0,6.59734401106834,9.38556563854218,0,0,0,0,0,0,0,156.255993485451,0,0,0,0,0,0,0,0,0,0,0,28.0466184020042,0,0,0,0
18.0636597275734,0,13.0310976207256,0,0,0,0,0,182.567375302315,0,0,0,8.50712704658508,0,183.799519121647,0,6.61777657270432,0,0,0,0,0,0,0,107.930639564991,0,27.6446212232113,0,0,0,0,0,0,0,0,0,0,0,0,0,0,0,0,0,0,0,0,0,63.2970516383648,0,0,0,0,0,24.3744346797466,0,114.228392034769,0,130.627062082291,0,0,0,0,0,0,0,0,21.0255102217197,0,28.1207855939865,0,0,0,0,0,0,0,0,0,0,0,0,9.67346253991127,0,0,0,0
0,23.4775552451611,0,0,0,0,0,0,0,209.21999296546,0,0,0,7.15681278705597,0,370.65330606699,5.66964817047119,109.452153995633,1.83636562526226,0,0,0,0,11.6930360198021,0,0,0,0,0,0,0,0,0,0,0,0,0,0,0,0,0,0,0,0,0,0,0,0,0,3.49645587801933,0,0,0,0,0,202.773361966014,0,0,0,6.59734401106834,0,0,0,0,0,0,1.81585711240768,0,14.3039838522673,0,0,0,0,0,0,0,0,0,0,0,0,0,108.661104634404,22.0347136259079,0,0,0
0,0,0,0,0,0,0,0,0,6.23727530241013,0,21.5151959806681,0,0,0,0,0,0,0.283907115459442,716.004070147872,0,0,0,0,0,0,0,0,0,1.18907961249352,0,0,0,0,0,479.717907786369,0,286.111015275121,0,550.47626183182,0,371.582949146628,0,0,0,1260.35109455884,0,9.96258600056171,3.28267738223076,11.7930695265532,0,0,0,0,0,0,0,543.991027787328,0,9.38556563854218,0,0,0,0,0,0,0,0,0,0,100.25251801312,0,186.956804141402,0,0,0,0,0,1299.97443807125,0.212636113166809,879.520343139768,0,175.854716151953,0,935.563320182264,25.337034881115,0
6.40123918652534,0,1.40654906630516,0,16.6439768970013,0,11.8714216053486,0,0.40144357085228,0,244.278490364552,0,0,0,0,0,0.500741228461266,0.460586838424206,19.9586707577109,0,2744.17123690993,0,0,0,0,0,0,0,0,0,0,0,0,0,0,0.820578053593636,178.099759578705,0,157.727273568511,6.51410517096519,360.793848633766,7.33394649624825,198.214969627559,0,0,7.30410197377205,709.808941520751,19.546606272459,253.953683927655,47.9467306435108,0,0,28.9922870546579,0,2.82023501396179,0,94.1389135122299,0,0,0,0,0,0,0,0,0,0,4.22929695248604,0,0,0,5.08041992783546,0,35.1746278777719,0,1.47368371486664,0,0,2.98823031783104,1932.28997419029,0,568.929534085095,237.409797035158,3.81878568232059,762.048853486776,0.12440212816,9.1012789234519
0,0,0,0,0,0,0,0,0,0,0,0,0,0,0,0,0,55.1531711816788,0,0,0,6430.56541228294,19.5796003341675,87.3677128255367,0,4.80527304112911,0,1.78781473636627,0,0,0,0,0,0,0,0,0,59.4039429724216,0,0,0,0,0,0,0,0,0,0,0,273.609106168151,0,0,0,0,0,0,0,0,0,0,0,0,0,0,0,0,11.7633704543114,0,202.992911651731,0,260.711980178952,0,0,0,0,0,0,0,0,0,185.589368954301,0,590.087030932307,47.0678938627243,0,0,0
0,0,0,0,0,0,0,0,0,0,0,0,0,0,0,0,118.653635770082,0,0,0,0,16.4912194311619,6092.41017086804,0,513.073904260993,0,30.0353609621525,0,1.84406219422817,0,0,0,0,0,0,0,0,0,219.357924774289,0,0,0,0,0,0,0,0,0,14.5531196594238,0,0,0,0,0,0,0,0,0,0,0,0,0,0,0,0,0,0,109.464945882559,0,29.442516118288,0,152.39596940577,0,0,0,0,0,0,0,0,0,30.3514429926872,718.728231862187,88.7942529171705,0,0,0
0,7.59135386347771,0,0,0,0,0,0,0,69.7512029111385,0,0,0,0,0,0,0,0,0,0,0,61.2154687643051,0,621.47511176765,0,8.03458113968372,0,0,0,0,0,0,0,0,0,0,0,592.622207194567,0,0,0,0,0,0,0,0,0,0,0,22.8049513548613,0,0,0,0,0,579.539732262492,0,0,0,0,0,1.81585711240768,0,0,11.7633704543114,0,0,0,6.50747317075729,0,0,0,0,0,0,0,0,0,0,0,424.301938682795,0,219.806660741568,0,378.473408862948,0,0
7.42626191675663,0,5.94238489866257,0,1.46799957752228,0,0,0,80.044143229723,0,0,0,0,0,0.371583670377731,0,0,0,0.989373132586479,0,0,0,93.5000888854265,0,967.228654161096,0,7.18126094341278,0,0,0,0,0,0,0,0,0,0.184347212314606,0,246.054653629661,0,0.219647467136383,0,53.1635432243347,0,0,0,0,2.08913975954056,122.988641023636,0,0,0,0,0,199.345969423652,0,0.361260056495667,0,0,0,21.0255102217197,0,0,4.22929695248604,0,109.464945882559,0,0,0,166.642990916967,0,0,0,0,0,0,0,0,0,0.331772953271866,0,210.016577765346,80.6046007573605,0.316751599311829,128.363525703549,0,37.7869440317154
0,30.49234354496,0,0,0,0,0,0,0,17.9831635206938,0,0,0,0,0,0,0,328.06951020658,0,0,0,479.438619419932,0,407.3705393821,0,1762.25411444902,0,108.294784620404,0,0,0,0,0,0,0,0,0,0,0,0,0,0,0,0,0,0,0,0,0,20.1399844288826,0,0,0,0,0,128.788495764136,0,0,0,0,0,14.3039838522673,0,0,202.992911651731,0,6.50747317075729,0,0,0,303.111730292439,0,0,0,0,0,0,0,0,0,0,0,351.294773742557,0,0,0,0
0,0,0,0,0,0,0,0,0,0,0,0,0,0,0.629420816898346,0,258.749899566174,0,0,0,0,0,83.8956369310617,0,84.8543738722801,0,198.145868778229,0,2.66305017471313,0,0,0,0,0,0,0,0,0,0,0,0,0,0,0,0,0,0,0,80.0924802422523,0,0,0,0,0,0.951607435941696,0,0.302651166915894,0,0,0,28.1207855939865,0,0,0,0,29.442516118288,0,166.642990916967,0,0,0,98.1306117624044,0,0,0,0,0,0,0,0,0,0,22.087217271328,0,0,0,0
0,3.0445870757103,0,0,0,0,0,0,0,0,0,8.93609148263931,0,0.933045417070389,0,0,0,18.8160707354546,0,10.3742831349373,0,83.0067113190889,0,0,0,206.327481999993,0,1339.07126754522,0,150.727815493941,0,0,0,0,0,0,0,0.48465296626091,0,0.527081951498985,0,0,0,0,0,3.39444783329964,0,0,0,90.8093812763691,0,0,0,0,0,0,0,899.968532800674,0,156.255993485451,0,0,100.25251801312,0,260.711980178952,0,0,0,303.111730292439,0,0,0,440.516392201185,0,0,0,0,0,1.76266969740391,0,9.36347150802612,0,103.073646530509,0,0,0,0
0,0,0.223139628767967,0,1.12779754400253,0,0,0,0.884403377771378,0,0,0,4.794349193573,0,0,0,0,0,0.110311329364777,0,0,0,74.6871826499701,0,0,0,2.38538718223572,0,1043.36113846302,0,176.539312720299,0,0,0,0,0,0,0,2.37266394495964,0,0,0,18.5333821326494,0,0,0,0,0,21.7903851866722,0,0,0,0,0,0,0,191.023039013147,0,64.4576216638088,0,0,0,0,5.08041992783546,0,152.39596940577,0,0,0,98.1306117624044,0,0,0,5.90035158395767,0,0,0,0,0,0.743310272693634,0,79.5829305797815,2,0,140.743643924594,0,1.48732566833496
0,0,0,0,0,0,0,0,0,0,0,268.354004323483,0,0,0,0,0,0,0.530611515045166,84.2732401043177,0,0,0,0,0,0,0,15.0326420217752,0,1268.13815397024,0,0,0,0,0,0.165170267224312,0,28.9668210148811,0,2.74331206083298,0,8.11746890842915,0,0,0,108.324169248343,0,0,0,129.530209347606,0,0,0,0,0,0,0,480.418141186237,0,0,0,0,186.956804141402,0,0,0,0,0,0,0,440.516392201185,0,0,0,0,0,0,0,12.3329404070973,0,266.255926221609,0,2.63023170828819,0,99.4701839238405,4.85852342844009,0
2.67308473587036,0,0.429462790489197,0,3.19506707787514,0,0,0,0,0,105.724732801318,0,0,0,0,0,0.464739352464676,0.40983535349369,41.4992469251156,0,0.791302621364594,0,0,0,0,0,0,0,101.989122033119,0,640.841799527407,0,0,0,0,0,0.141641393303871,0,228.195612549782,0.199329644441605,0,2.49222639203072,159.224405266345,0,0,0.462593674659729,9.5518561154604,0,247.302553638816,2.4121303036809,0,0,0,0,0,0,232.610615327954,0,0,0,0,0,0,35.1746278777719,0,0,0,0,0,0,0,5.90035158395767,0,0,0,0,0,0,0.589534640312195,33.1637309938669,0,27.1870620250702,50.7044270187616,2.05150179564953,1292.01526258141,0,2.09364497661591
0,0,0,0,0,0,0,0,0,0,0,0,0,0,0,0,0,0.158843398094177,1.49986264109612,0,0,0,0,0,0,0,0,0,0,0,0,1673.5873953402,2155.91472363472,38.0690947175026,9.4751969575882,36.3616428524256,0,0,0,74.3559735566378,0,14.1562858521938,0,0,0,1.12829391658306,0,628.392714634538,0,82.4920426309109,0,0,0,0,0,0,0,0,0,0,0,0,0,0,0,0,0,0,0,0,0,0,0,0,0,445.062066465616,35.993027895689,10.053095459938,100.709588609636,1.31653861701488,0,0,43.2520542740822,0.663960456848145,3.26360289752483,0,0
0,0,0,0,0,0,0,0,0,0,0,0,0,0,0,0,0,0,0,0,0,0,0,0,0,0,0,0,0,0,0,1218.31964829564,2953.49688491225,9.04986298084259,373.674662619829,42.6215990483761,16.9754141569138,0,0,0,14.7101248502731,0,0,0,0,0,0,450.567994862795,1.0568972826004,0,0,0,0,0,0,0,0,0,0,0,0,0,0,1.47368371486664,0,0,0,0,0,0,0,0,0,0,445.062066465616,0,70.6869487464428,307.693762168288,0,486.282319098711,0,0,285.121857196093,0,0,0,0
0,0,0,0,0,0,0,0,0,0,0,0,0,0,0,0,0,0,1.39232158660889,0,0,0,0,0,0,0,0,0,0,0,0,16.1478839814663,172.272859752178,3345.83677142859,885.406841635704,541.157045036554,0,73.3638878166676,5.9651545882225,4.63169145584106,0,8.55424098670483,0,0,0,0.168063193559647,0,325.15119792521,0,132.747354924679,0,0,0,0,0,0,0,0,0,0,0,0,0,0,0,0,0,0,0,0,0,0,0,0,35.993027895689,70.6869487464428,0,352.446104168892,93.1931090503931,0,93.5347672998905,0,517.38581469655,6.11274683475494,5.21051597595215,4.03338885307312,0
0,0,0,0,0,0,0,0,0,0,0,0,0,0,0,0,0,0,0,0,0,0,0,0,0,0,0,0,0,0,0,0.540186285972595,65.8430671840906,1063.97049003839,2764.27840517461,0,87.9584097862244,0,95.0768364965916,0,0,0,0,0,0,0,0,204.76572728157,0.687557905912399,0,0,0,0,0,0,0,0,0,0,0,0,0,0,0,0,0,0,0,0,0,0,0,0,0,10.053095459938,307.693762168288,352.446104168892,0,0,1821.2224612236,0,989.272466212511,86.1056733578444,0,0,0,0
0.378825709223747,0,0,0,0,0,0,0,0,1.76845875382423,0,0,0,0,0,0,16.9284314066172,11.9004693180323,600.231442913413,455.454957708716,0.551638692617416,0,0,0,0,0,0,0,0,0,0,50.0829687863588,0,41.6934657990932,0,7157.96933611482,13.3669970035553,716.479168042541,0,919.3062627092,1.71945714950562,2653.26134160906,6.96824286133051,191.308626741171,0,1872.38444285095,0.130122780799866,107.318339914083,2.20241437852383,428.780589908361,0,0,0,0,0.147854939103127,0,0,4.47535541653633,0,0,0,0,1299.97443807125,2.98823031783104,0,0,0,0,0,0,1.76266969740391,0,12.3329404070973,0.589534640312195,100.709588609636,0,93.1931090503931,0,0,20.2090102285147,2217.81892207265,0.219967439770699,1630.25821398944,201.195216417313,1758.80598261207,464.174732357264,0
