0,0,356.485006958246,0,0,0,0,0,747.967830315232,0,0,0,0,0,2,0,0,0,21.8714218139648,0,0,0,0,0,0.63472843170166,0,0,0,0,0,0,0,0,0,0,0,0,0,0,0,0,0,0.338337302207947,0,0,0,0,0.143800020217896,340.255142658949,0,0,0,0,0,554.895284757018,0,24.0223824977875,0,5.45276498794556,0,4.38345038890839,0,0,0,0,0,0,0.613850057125092,0,0,0,0,0,0,0,0,0,0,0,0,0,0,732.435862988234,0,395.345026314259,0,0
0,0,0,895.957125380635,0,2.16471070051193,0,0,0,1335.61812636256,0,0,0,0,0,30.9534091949463,0,0,0,0,0,0,0,0,0,0,0,0,0,0,0,0,0,0,0,0,0,1.56377194821835,0,0,0,80.0343420952559,0,0,0,0,0,2.4716629087925,0.864166423678398,581.333013653755,0,0,0,0,0,162.041632056236,0,373.738742694259,0,0,0,114.816690444946,0,0,0,0,0,0,0,0,0,0,1.86283548176289,0,0,0,0,0,0,0,0.714092642068863,0,518.009458750486,0,369.535957619548,5.18115705251694,0
356.485006958246,0,0,0,0,0,0,0,128.557456493378,0,0,0,0,0,0,0,0,0,5.88194724917412,0,0,0,0,0,0,0,0,0,0,0,0,0,0,0,0.86961704492569,0,0,0,0,0,3.13699787855148,0.850112438201904,103.722495809197,0,0,0,7.21314272284508,23.0056475251913,335.459862709045,3.52216775715351,15.4126026630402,0,0,0,91.9796221107244,0,12.8392363488674,0,24.1902112960815,0,68.1033984422684,0,0,0,0,0,0,0,0,0,0,0,0,0.407156437635422,0,0,0,3.74587532877922,0,4.76143395900726,2.18050050735474,2.99430596828461,281.499251261353,0,809.396352440119,0,4.69601589441299
0,895.957125380635,0,0,0,56.8583858907223,0,0,0,214.09925788641,0,0,0,0,0,0,0,0,0,0.385045856237411,0,0,0,0,0,0,0,0,0,0,0,0,0,0,0,0.209730416536331,0,0.602012246847153,0,0,0,60.5280935764313,0,0,0,45.1749739050865,0,0.598246619105339,0,286.933639377356,0,0,0,0,0,0,0,99.7643195390701,0,0,0,0,2.03670737147331,0,0,0,0,0,0,0,0,0,9.16210451722145,0,0,0,0,0,2.51336526870728,0,2.8302334100008,0,123.005647867918,0,1514.41465806216,3.99353729188442,0
0,0,0,0,0,0,0,0,18.6247730255127,0,0,0,0,0,0,0,0,0,0,0,16.4840687811375,0,0,0,0,0,0,0,0,0,0,0,0,0,0,0,1.74336004257202,0,0,0,0,0,0.346295565366745,0,0,0,0,0.169888898730278,3.59815043210983,1.923184633255,0,0,0,0,27.7683924436569,0,0,0,0,0,0,0,0,27.290420204401,0,0,0,0,0,0,0,0,0,0,0,0,0,0,0,0,0,0,990.125295698643,11.6989464759827,26.3479196727276,0,0
0,2.16471070051193,0,56.8583858907223,0,0,0,0,0,39.5998969078064,0,0,0,0,0,0,0,0,1.41012406349182,137.786501139402,0,0,0,0,0,0,0,0,0,0,0,0,0,0,0,26.5663580447435,0,0,0,8.21662396192551,0,35.3430727571249,0,0,0,18.4294975399971,0,2.51202867925167,0,21.8052980452776,0,0,0,0,0,0,0,2.24509614706039,0,0,0,0,102.179576933384,0,0,0,0,0,0,0,0,0,4.01528798043728,0,0,0,0,0,3.16090658307076,0,0.664105340838432,0,1022.33990874887,0,473.800309062004,0,0
0,0,0,0,0,0,0,0,0,0,0,0,0,0,0,0,0,0,0,0,0,0,0,0,0,0,0,0,0,0,0,0,0,0,0,0,0,0,0,0,0,0,0,0,0,0,0,0,0,0,0,0,640.327465116978,0,0,0,47.4379786252975,0,0,0,0,0,0,0,0,0,0,0,0,0,0,0,0,0,0,0,0,0,0,0,0,0,55.650141954422,0,0,0,0
0,0,0,0,0,0,0,0,0,0,0,9.73749649524689,0,0,0,0,0,0,0,69.2848337888718,0,0,0,0,0,0,0,0,0,0,0,0,0,0,0,0,0,0,0,0,0,0,0,0,0,0,0,0,0,0,0,0,0,0,0,0,0,0,0,0,0,0,76.4379583597183,0,0,0,0,0,0,0,0,0,0,0,0,0,0,0,0,0,0,0,159.867753386497,0,0,0,0
747.967830315232,0,128.557456493378,0,18.6247730255127,0,0,0,0,0,0,0,0,0,0,0,1.64389663934708,0.509670719504356,7.71696874499321,0,0,0,0,0,31.1473326683044,0,0,0,0,0,0,0,0,0,0,0,0,0,0,0,0,0,8.48287987709045,0,0,0,2.086261510849,0,101.981466963887,0,0,0,0,0,180.143247231841,0,0.175416573882103,0,96.2964613437653,0,156.853045344353,0,0,11.1204290390015,0,0,0,2.15568147599697,0,7.53873109817505,0,0,0,0,0,0,0,0,0,0,0,0,720.980937555432,13.880333840847,424.17407849431,0,0
0,1335.61812636256,0,214.09925788641,0,39.5998969078064,0,0,0,0,0,0,0,0,0,24.6540372371674,0,0,0,0,0,0.457883447408676,0,12.4314317107201,0,0,0,0,0,0,0,0,0,0,0,0,0,10.0981746017933,0,0,0,2.23995244503021,0,0,0,0,0,0,0,14.6456929147243,0,0,0,0,0,167.337590873241,0,0,0,0,0,1,0,0,0,0,48.2144416570663,0,0,0,0,0,0,0,0,0,0.225122153759003,0,0.946575075387955,0,14.1090833991766,0,493.260263770819,0,154.12782754004,0.351344794034958,0
0,0,0,0,0,0,0,0,0,0,0,0,384.543150067329,0,0,0,0,0,0,0,100.621429771185,0,0,0,0,0,0,0,1.33095264434814,0,96.4350336194038,0,0,0,0,0,0,0,471.476122654974,0,0,0,0,0,0,0,0.3011294901371,0,0,0,0,0,0,0,0,0,3148.82559216022,0,162.947164356709,0,0,0,0,1.44464555382729,0,0,0,0,0,0,0,1.50451529026031,0,2.23049777746201,0,0,0,0,0,0,0,697.515642188489,649.446881890297,1.3503190279007,4.20834347605705,0,0
0,0,0,0,0,0,0,9.73749649524689,0,0,0,0,0,121.14305126667,0,0,0,0,0,1314.81972494721,0,0,0,0,0,0,0,0,0,23.4340156316757,0,0,0,0,0,312.491578578949,0,856.619929477572,0,0,0,1.23805031180382,0,0,0,0.86891907453537,0,0,0,0,0,0,0,4.651546895504,0,0,0,2492.27579775453,0,0,0,0,60.5721608474851,0,0,0,0,0,0,0,0,0,258.554745987058,0,0,0,0,0,94.5762230157852,0,1045.95958705246,0,1683.60544458032,249.618263244629,46.0560398101807,0,0
0,0,0,0,0,0,0,0,0,0,384.543150067329,0,0,0,3.57266449928284,0,0,0,0,0,0,0,0,0,0,0,45.814279794693,0,345.542989760637,0,0,0,0,0,0,0,0,0,0,0,0,0,0,0,0,0,0,0,0,0,0,0,0,0,0,0,0,0,2701.86852765083,0,2,0,0,0,0,0,0,0,0,2.54143762588501,0,64.4843835830688,0,0,0,0,0,0,0,0,0,0,1453.48395475745,253.429554820061,0,0,0
0,0,0,0,0,0,0,0,0,0,0,121.14305126667,0,0,0,2.01144129037857,0,0,0,0,0,0,0,0,0,1.97111713886261,0,1.80815011262894,0,0,0,0,0,0,0,0,0,0,0,0,0,0,0,0,0,0,0,0,0,0,0,0,0,0,0,0,0,25.8962067365646,0,2489.61348134279,0,81.3753514289856,0,0,0,0,0,0,0,0,21.2251451611519,0,0,0,0,0,0,0,0,0,0,0,643.497547030449,610.286614477634,0,0,0
2,0,0,0,0,0,0,0,0,0,0,0,3.57266449928284,0,0,0,0,0,0,0,0,0,0,0,0,0,0,0,0,0,0,0,0,0,0,0,0,0,0,0,0,0,0,0,0,0,0,0,4.54170560836792,0,0,0,0,0,0,0,0,0,7,0,114.298807144165,0,0,0,0,0,0,0,0,0,0,0,0,0,0,0,0,0,0,0,0,0,20.2007169723511,0,0,0,0
0,30.9534091949463,0,0,0,0,0,0,0,24.6540372371674,0,0,0,2.01144129037857,0,0,0,0,0,0,0,0,0,0,0,0,0,0,0,0,0,0,0,0,0,0,0,0,0,0,0,0,0,0,0,0,0,0,0,0,0,0,0,0,0,71.5243406295776,0,0,0,767.277240008116,0,265.290089845657,0,0,0,0,0,0,0,0,40.7210539579391,0,0,0,0,0,0,0,0,0,0,0,23.5989255905151,0,0,0,0
0,0,0,0,0,0,0,0,1.64389663934708,0,0,0,0,0,0,0,0,8969.72677195817,3590.35304562002,0.735079318284988,0,0,11.3923752307892,0,0,0,0,0,0,0,0,0,0,0,0,0,0,0,0,52.1972110643983,96.0076991319656,22.7612427771091,41.3293078988791,8.64879348874092,3.90555480122566,1.87175810337067,4.7058173418045,3.0264670997858,3.05906546115875,0.213729709386826,0,0,0,0,0,0,1.63453090190887,0.949917376041412,0,0,0,0,3.68248355388641,12.0402508974075,0,0,0,0,0,0,0,0,2.68552999198437,11.8862544298172,0,0,0,0,117.214522026479,294.762594647706,29.2250909283757,94.1622530370951,4413.7128213644,113.035978019238,125.593494184315,1.25848144292831,0.419893890619278
0,0,0,0,0,0,0,0,0.509670719504356,0,0,0,0,0,0,0,8969.72677195817,0,3673.53980349749,3.53864169120789,0,7.36451935768127,0,0,0,0,0,0,0,0,0,0,0,0,1.03481304645538,0,0,0,0,122.809086561203,64.3910394236445,75.5152086690068,42.8764310628176,10.8647404313087,4.99885894358158,2.55223697423935,0.594308748841286,3.16371229290962,1.15736325085163,4.09346507489681,0,0,0,0,0,0,1.76928102970123,0.974433451890945,0,0,0,0,19.6183024048805,5.83147087693214,0,0,0,0,0,0,0,0,13.4724166095257,4.59199601411819,0,0,0,0,281.553186781704,214.048523820937,90.5398923754692,63.006581813097,4665.42503727227,36.6951495856047,202.37709055841,5.26722678542137,0
21.8714218139648,0,5.88194724917412,0,0,1.41012406349182,0,0,7.71696874499321,0,0,0,0,0,0,0,3590.35304562002,3673.53980349749,0,44.5960238277912,0,0,0,0,1.82030606269836,0,0,0,0,0,0,0,0,0.417351916432381,1.92957438528538,0.970498859882355,4.23772799968719,1.41787433624268,0,1164.01524026692,1172.99409836531,714.232490904629,509.040372677147,150.840240076184,137.603059902787,42.2039656490088,46.3478689044714,51.2448550388217,32.1426159888506,35.5100295618176,0,0,0,0,0.931383162736893,0,42.9058774039149,24.1443163156509,0,0,0,0,102.547385580838,92.9076957404613,0,0,0,0,0,0,0,0,138.460289418697,181.604659721255,0,0,0,0,3202.98744104058,3686.37523245811,827.516267746687,964.378735944629,7946.88180401921,74.8199774026871,2379.1190545857,107.985799029469,13.320060968399
0,0,0,0.385045856237411,0,137.786501139402,0,69.2848337888718,0,0,0,1314.81972494721,0,0,0,0,0.735079318284988,3.53864169120789,44.5960238277912,0,0,0,0,0,0,0,0,0,0,0,0,0,0,0,0,667.417975410819,0,191.221425384283,0,17.1555183380842,0,16.2517901360989,0.6592937707901,0.915952786803246,0,39.9922736287117,0,2.33712534606457,0,26.0448271930218,0,0,0,0,0,0,0,204.538613647223,0,0,0,0,942.601326443255,0,0,0,0,0,0,0,0,0,330.923794403672,0,0,0,0,0,633.733126789331,0.229237675666809,639.321038097143,1.79763996601105,796.700647927821,0,220.241175800562,2.71587835252285,0
0,0,0,0,16.4840687811375,0,0,0,0,0,100.621429771185,0,0,0,0,0,0,0,0,0,0,0,0,0,0,0,0,0,0,0,0,0,0,0,0,0,670.142529591918,0,97.8615171909332,0,0,0,0,0,0,0,0.595009326934814,0,0,0,0,0,0,0,0,0,13.317478209734,0,0,0,0,0,0,1809.8099937886,0,0,0,0,0,0,0,0,0,14.3567418754101,0,0,0,0,0,1286.08815054595,0,552.254778951406,1838.77922171354,0,128.43007260561,0,0
0,0,0,0,0,0,0,0,0,0.457883447408676,0,0,0,0,0,0,0,7.36451935768127,0,0,0,0,1182.47340327501,422.907330781221,0,0,0,898.215902000666,0,0,0,0,0,0,0,0,0,1337.35905885696,0,0,0,0,0,0,0,0,0,0.385042488574982,0.228239938616753,354.080358207226,0,0,0,0,0,0.792732775211334,0,0,0,0,0,0,0,0,12969.3903390765,0,154.744984060526,0,0,0,127.194839864969,0,0,0,0,0,0,0,0,0,1429.34898200631,0,2609.36196187139,639.645575016737,2.091392993927,0,0
0,0,0,0,0,0,0,0,0,0,0,0,0,0,0,0,11.3923752307892,0,0,0,0,1182.47340327501,0,0,570.742664635181,0,0,0,94.5469940900803,0,0,0,0,0,0,0,0,0,1361.76414769888,0,0,0,0,0,0,0,0,0.894044496119022,5.14327670633793,0,0,0,0,0,0,0,0,0,0,0,0,0,0,0,1905.97249364853,13082.1349314749,0,337.238846480846,0,0,0,104.666894078255,0,0,0,0,0,0,0,0,0,1408.76731470972,3601.6255517453,564.194882765412,0,0,0
0,0,0,0,0,0,0,0,0,12.4314317107201,0,0,0,0,0,0,0,0,0,0,0,422.907330781221,0,0,0,17.2452651262283,0,0,0,0,0,0,0,0,0,0,0,822.305187761784,0.366819828748703,0,0,0,0.16359755396843,0,0,0,0,40.4832872450352,0.388093397021294,1157.30266204476,0,0,0,0,0,10.5493474900723,0,0,0,0,0,0,0,0,26.6293846517801,0,584.537446409464,0,143.009627342224,0,0,0,0,0,0,0,0.346743822097778,0,0,0,291.023611575365,0.172836065292358,716.375224813819,0,77.6115779429674,0,0
0.63472843170166,0,0,0,0,0,0,0,31.1473326683044,0,0,0,0,0,0,0,0,0,1.82030606269836,0,0,0,570.742664635181,0,0,0,0,0,0,0,0,0,0,0,0,0,0,0,672.075528562069,0,0,0,0,0,0,0,0,0,0,0,0,0,0,0,1.3891909122467,0,0,0,0,0,0,0,0,0,0,11.5321801006794,0,1487.60183489323,0,0,0,0,0,0,0,0,0,0,0,0,0,715.091247946024,513.816776007414,0,1.02998930215836,0,0
0,0,0,0,0,0,0,0,0,0,0,0,0,1.97111713886261,0,0,0,0,0,0,0,0,0,17.2452651262283,0,0,0,0,0,0,0,0,0,0,0,0,0,0,0,0,0,0,0,0,0,0,0,0,0,0,0,0,0,0,0,0,0,0,0,141.296843409538,0,0,0,0,13.6283891201019,0,783.985042572021,0,1,0,1029.27935776114,0,0,0,0,0,0,0,0,0,0,0,298.645628809929,0,0,0,0
0,0,0,0,0,0,0,0,0,0,0,0,45.814279794693,0,0,0,0,0,0,0,0,0,0,0,0,0,0,0,16.8871290683746,0,0,0,0,0,0,0,0,0,0,0,0,0,0,0,0,0,0,0,0,0,0,0,0,0,0,0,0,0,0,0,0,0,0,0,0,0,0,3.0213770866394,0,4,0,0,0,0,0,0,0,0,0,0,0,0,138.671832799911,0,0,0,0
0,0,0,0,0,0,0,0,0,0,0,0,0,1.80815011262894,0,0,0,0,0,0,0,898.215902000666,0,0,0,0,0,0,0,960.48145699501,0,0,0,0,0,0,0,356.809410244226,0,0,0,0,0,0,0,0,0,0,0,0,0,0,0,0,0,0,0,0,0,120.46231585741,0,0,0,0,52.0714185237885,0,0,0,0,0,2719.83661684394,0,1468.56881543994,0,0,0,0,0,0,0,200.825010970235,0,1144.2835482657,1306.1303011179,0,0,0
0,0,0,0,0,0,0,0,0,0,1.33095264434814,0,345.542989760637,0,0,0,0,0,0,0,0,0,94.5469940900803,0,0,0,16.8871290683746,0,0,0,266.075195252895,0,0,0,0,0,0,0,313.281351685524,0,0,0,0,0,0,0,0,0,0,0,0,0,0,0,0,0,0,0,847.810255289078,0,0,0,0,0,0,250.850116014481,0,0,0,6.36017608642578,0,5837.00169628859,0,731.568625837564,0,0,0,0,0,0,0,438.489876270294,1036.34671121836,129.966759860516,0,0,0
0,0,0,0,0,0,0,0,0,0,0,23.4340156316757,0,0,0,0,0,0,0,0,0,0,0,0,0,0,0,960.48145699501,0,0,0,0,0,0,0,0,0,97.3577481210232,0,0,0,0,0,0,0,0,0,0,0,0,0,0,0,0,0,0,0,13.7823770642281,0,0,0,0,0,0,0,0,0,0,0,0,109.277961045504,0,1988.57798442245,0,0,0,0,0,0,0,238.984189927578,0,364.01264744997,772.530981421471,0,0,0
0,0,0,0,0,0,0,0,0,0,96.4350336194038,0,0,0,0,0,0,0,0,0,0,0,0,0,0,0,0,0,266.075195252895,0,0,0,0,0,0,0,0,0,9.31445598602295,0,0,0,0,0,0,0,0,0,0,0,0,0,0,0,0,0,8.20192170143127,0,0,0,0,0,0,0,0,0,0,0,0,0,0,36.9337989985943,0,692.547080725431,0,0,0,0,0,0,0,109.222792774439,109.425807237625,0,0,0,0
0,0,0,0,0,0,0,0,0,0,0,0,0,0,0,0,0,0,0,0,0,0,0,0,0,0,0,0,0,0,0,0,3013.7733053565,137.389907822013,48.7997927367687,109.089604020119,3.45992040634155,0,0,0,0,0,0,0,0,0,0,19.8742834180593,0,0,0,0,0,0,0,0,0,0,0,0,0,0,0,0,0,0,0,0,0,0,0,0,0,0,2993.4271735847,8155.88414061069,235.300194308162,68.434896171093,4436.73319490254,3.62195038795471,0.940804377198219,0,504.089527606964,0,0,0,0
0,0,0,0,0,0,0,0,0,0,0,0,0,0,0,0,0,0,0,0,0,0,0,0,0,0,0,0,0,0,0,3013.7733053565,0,60.0506287515163,31.1139970421791,21.3039588928223,437.905603319407,0,0,0,0,0,0,0,0,0,0.223457217216492,14.0422234833241,10.3574748039246,0,0,0,0,0,0,0,0,0,0,0,0,0,0,0,0,0,0,0,0,0,0,0,0,0,868.68393561244,1208.62047947943,44.9464751780033,74.9353594332933,419.618673503399,7.67398726940155,0,0,494.325347095728,0,2.03247380256653,0,0
0,0,0,0,0,0,0,0,0,0,0,0,0,0,0,0,0,0,0.417351916432381,0,0,0,0,0,0,0,0,0,0,0,0,137.389907822013,60.0506287515163,0,5639.9690348506,486.482811838388,0,277.861608475447,22.73875695467,10.5046914964914,0,0.200088545680046,0,0,0,5.30270519852638,0,1891.2965785563,2.78082060813904,90.4020473062992,0,0,0,0,0,0,0,0,0,0,0,0,8.81169011443853,0,0,0,0,0,0,0,0,0,0,0,36.1691533029079,350.564854234457,7920.11660072207,5492.08725696802,448.41376388073,0,1303.00970752537,4.1478087157011,1552.35494831204,0,15.7704925537109,0,0
0,0,0.86961704492569,0,0,0,0,0,0,0,0,0,0,0,0,0,0,1.03481304645538,1.92957438528538,0,0,0,0,0,0,0,0,0,0,0,0,48.7997927367687,31.1139970421791,5639.9690348506,0,4.05244518816471,936.166054457426,109.240377157927,44.211484849453,0,3.55556713044643,2.37850444018841,3.39907421171665,0,0,2.38711047172546,14.2527749240398,4837.04169243574,146.549789339304,10.8356664329767,0,0,0,0,0,0,0.520512610673904,0,0,0,0,0,0,4.00636385381222,0,0,0,0,0,0,0,0,0,0,26.7178389132023,11.0888205766678,4089.37539151311,1349.78312774003,4.99600125849247,1408.10251946747,419.319215744734,752.466597363353,1564.19646051526,550.208270579576,30.8237577453256,0,0
0,0,0,0.209730416536331,0,26.5663580447435,0,0,0,0,0,312.491578578949,0,0,0,0,0,0,0.970498859882355,667.417975410819,0,0,0,0,0,0,0,0,0,0,0,109.089604020119,21.3039588928223,486.482811838388,4.05244518816471,0,1401.35334929824,2279.65459869802,55.6243928670883,18.1334266364574,1.96916455030441,39.907136015594,4.94470131397247,0.476043909788132,0.393679618835449,44.294347666204,0,16.4733551591635,8.73987090587616,123.67138761282,0,0,0,0,0,0,0,2.87172708660364,0,0,0,0,286.086762227118,0,0,0,0,0,0,0,0,0,5.31749932467937,0.292439520359039,7.52980099618435,0,9.83314327895641,0,13087.0493209213,177.608256950974,913.706665180624,0,6309.22898775339,2919.39336137474,214.01531098038,0.453558832406998,0
0,0,0,0,1.74336004257202,0,0,0,0,0,0,0,0,0,0,0,0,0,4.23772799968719,0,670.142529591918,0,0,0,0,0,0,0,0,0,0,3.45992040634155,437.905603319407,0,936.166054457426,1401.35334929824,0,88.1816310286522,5746.9566385895,0,1.42517530918121,0,16.3830025941133,0.8957759141922,0,0,67.4596576392651,18.706350684166,57.0067267119884,22.0648204982281,0,0,0,0,0,0,4.25216546654701,0,0,0,0,0,0,307.118103012443,0,0,0,0,0,0,0,0,0,1.49814568459988,0,6.3647945523262,0,7.07901501655579,561.06563782692,11480.1224784106,0,2303.7505287528,7807.43732398748,1229.4110096097,86.9686235189438,0,2.69069601595402
0,1.56377194821835,0,0.602012246847153,0,0,0,0,0,10.0981746017933,0,856.619929477572,0,0,0,0,0,0,1.41787433624268,191.221425384283,0,1337.35905885696,0,822.305187761784,0,0,0,356.809410244226,0,97.3577481210232,0,0,0,277.861608475447,109.240377157927,2279.65459869802,88.1816310286522,0,1010.6831356585,0.781459331512451,0,218.699980124831,0,0,0,0,0,350.4311131984,1.45734751224518,672.402592837811,0,0,0,0,0,6.60831677913666,0,0,0,0,0,0,87.6712251007557,0,1899.19740927219,0,208.119687139988,0,0,0,141.219916164875,0,2.67573681473732,0,0,0,0.237152516841888,0,504.006240397692,0.339705526828766,19301.0169551373,85.2319029122591,7777.0356489718,5699.25400611758,421.990758612752,0.49639019370079,0
0,0,0,0,0,0,0,0,0,0,471.476122654974,0,0,0,0,0,0,0,0,0,97.8615171909332,0,1361.76414769888,0.366819828748703,672.075528562069,0,0,0,313.281351685524,0,9.31445598602295,0,0,22.73875695467,44.211484849453,55.6243928670883,5746.9566385895,1010.6831356585,0,0,0,0.469751566648483,295.588626399636,0,0,0,0,1747.10357098281,156.841583177447,9.22322979569435,0,0,0,0,0,0,339.719545997679,0,0,0,0,0,0,0.532296895980835,0,1597.91202458739,0,27.0215236842632,0,0,0,98.6937442421913,0,186.567053884268,0,0,0,0,0,444.488881587982,2936.80552372336,21711.8233060539,7692.42197003961,1102.39947018027,375.878211647272,0,2.77501758933067
0,0,0,0,0,8.21662396192551,0,0,0,0,0,0,0,0,0,0,52.1972110643983,122.809086561203,1164.01524026692,17.1555183380842,0,0,0,0,0,0,0,0,0,0,0,0,0,10.5046914964914,0,18.1334266364574,0,0.781459331512451,0,0,19.8973505049944,1225.69369953871,29.9147942811251,32.824490994215,5.55563402175903,680.461412526667,0.458621636033058,91.5145463272929,2.00065067410469,1199.01512853801,0,0,0,0,0,0,0,6.30675201117992,0,0,0,0,669.795070581138,1.73341548442841,0,0,0,0,0,0,0,0,38.4328185319901,6.47273993492126,0,0,0.78860367834568,0,2488.65388572216,39.3430006057024,382.438949733973,7.73797906935215,235.291540049016,2.0562436580658,1446.91461013258,26.6614760532975,0
0,0,3.13699787855148,0,0,0,0,0,0,0,0,0,0,0,0,0,96.0076991319656,64.3910394236445,1172.99409836531,0,0,0,0,0,0,0,0,0,0,0,0,0,0,0,3.55556713044643,1.96916455030441,1.42517530918121,0,0,19.8973505049944,0,28.7974265962839,1074.75322239101,13.4464852809906,11.0482544600964,0.791478723287582,190.015522323549,158.113171502948,625.038331016898,5.78793786466122,0,0,0,0,0,0,15.7022452428937,0.992235362529755,0,0,0,0,2.66935777664185,233.049971997738,0,0,0,0,0,0,0,0,0,30.0761518776417,0,2.29559290409088,0,5.00180627405643,25.4473908096552,2461.07555451244,5.22014628350735,235.127158179879,678.838577851653,0.651213645935059,962.060226991773,0.964048564434052,4.23079226911068
0,80.0343420952559,0.850112438201904,60.5280935764313,0,35.3430727571249,0,0,0,2.23995244503021,0,1.23805031180382,0,0,0,0,22.7612427771091,75.5152086690068,714.232490904629,16.2517901360989,0,0,0,0,0,0,0,0,0,0,0,0,0,0.200088545680046,2.37850444018841,39.907136015594,0,218.699980124831,0.469751566648483,1225.69369953871,28.7974265962839,0,302.231179237366,42.3433790206909,6.85491308569908,188.047206103802,0.226937234401703,175.424542568624,9.22275963425636,879.437882363796,0,0,0,0,0,0,3.40480323135853,477.82292817533,0,0,0,0,1185.12498982996,2.97928890585899,0,0,0.360043704509735,0,0,0,0,0,821.330657467246,6.91318362951279,0,0,0,0.560417532920837,1442.34895407408,43.4793262183666,551.91333899647,43.2698368579149,1153.33833815157,0,4154.68777067214,364.055589467287,0
0.338337302207947,0,103.722495809197,0,0.346295565366745,0,0,0,8.48287987709045,0,0,0,0,0,0,0,41.3293078988791,42.8764310628176,509.040372677147,0.6592937707901,0,0,0,0.16359755396843,0,0,0,0,0,0,0,0,0,0,3.39907421171665,4.94470131397247,16.3830025941133,0,295.588626399636,29.9147942811251,1074.75322239101,302.231179237366,0,5.67709241807461,6.99627940356731,1.22427675127983,99.3074147477746,338.249740153551,889.827947288752,8.84811095893383,0.478744402527809,0,0,0,0.471697121858597,0,661.658735014498,5.45035107433796,0,0,0,0,0.308911681175232,661.895202510059,0,0,0,0,0,0,0,0,10.0687728524208,347.695161297917,0,0,0,16.1178699061275,35.9469865337014,846.043449044228,45.2117490842938,843.217065006495,929.493307337165,2.02172684669495,3595.83751662076,14.3710656315088,688.065693944693
0,0,0,0,0,0,0,0,0,0,0,0,0,0,0,0,8.64879348874092,10.8647404313087,150.840240076184,0.915952786803246,0,0,0,0,0,0,0,0,0,0,0,0,0,0,0,0.476043909788132,0.8957759141922,0,0,32.824490994215,13.4464852809906,42.3433790206909,5.67709241807461,0,0,2.30130377411842,0.246075347065926,4.05139036476612,0,9.98955571651459,0,0,0,0,0,0,0.643891170620918,0.968609765172005,0,0,0,0,3.92740593850613,0.555187284946442,0,0,0,0,0,0,0,0,6.08459496498108,0.955728128552437,0,0,0,0,57.9548869431019,26.9953154325485,6.97205530107021,7.44776044785976,30.2769101113081,0,46.2411461025476,0.189103424549103,0
0,0,0,0,0,0,0,0,0,0,0,0,0,0,0,0,3.90555480122566,4.99885894358158,137.603059902787,0,0,0,0,0,0,0,0,0,0,0,0,0,0,0,0,0.393679618835449,0,0,0,5.55563402175903,11.0482544600964,6.85491308569908,6.99627940356731,0,0,0,2.3826756477356,0,0.516497164964676,0,0,0,0,0,0,0,25.4525090605021,0,0,0,0,0,0,4.08181311190128,0,0,0,0,0,0,0,0,0,86.7057342231274,0,0,0,0,2.05329942703247,184.065849706531,0.868514239788055,224.529838882387,18.2584622651339,0,138.451851636171,0,0
0,0,0,45.1749739050865,0,18.4294975399971,0,0,0,0,0,0.86891907453537,0,0,0,0,1.87175810337067,2.55223697423935,42.2039656490088,39.9922736287117,0,0,0,0,0,0,0,0,0,0,0,0,0,5.30270519852638,2.38711047172546,44.294347666204,0,0,0,680.461412526667,0.791478723287582,188.047206103802,1.22427675127983,2.30130377411842,0,0,0,65.6384085193276,4.79549506306648,340.755146831274,0,0,0,0,0,0,0,13.4220501184464,0,0,0,0,374.851717688143,0,0,0,0,0,0,0,0,0,93.8475492149591,0,0,0,1.24335683882236,0,334.031180761755,1.76439860463142,33.7902578413486,0.315053910017014,45.7775150090456,0,728.195384159684,1.27266484498978,0
0,0,7.21314272284508,0,0,0,0,0,2.086261510849,0,0.3011294901371,0,0,0,0,0,4.7058173418045,0.594308748841286,46.3478689044714,0,0.595009326934814,0,0,0,0,0,0,0,0,0,0,0,0.223457217216492,0,14.2527749240398,0,67.4596576392651,0,0,0.458621636033058,190.015522323549,0.226937234401703,99.3074147477746,0.246075347065926,2.3826756477356,0,0,127.416862599552,371.024294741452,8.20278996229172,0,0,0,0,0,0,18.8896204531193,0,0,0,0,0,0,828.45875839144,0,0,0,0,0,0,0,0,0,54.0024462789297,0,1.3728105276823,0,9.76128287613392,1.49212646484375,1135.41599553078,0,321.95231667161,293.283514022827,0,702.161878935993,0,5.17604595422745
0.143800020217896,2.4716629087925,23.0056475251913,0.598246619105339,0.169888898730278,2.51202867925167,0,0,0,0,0,0,0,0,0,0,3.0264670997858,3.16371229290962,51.2448550388217,2.33712534606457,0,0.385042488574982,0.894044496119022,40.4832872450352,0,0,0,0,0,0,0,19.8742834180593,14.0422234833241,1891.2965785563,4837.04169243574,16.4733551591635,18.706350684166,350.4311131984,1747.10357098281,91.5145463272929,158.113171502948,175.424542568624,338.249740153551,4.05139036476612,0,65.6384085193276,127.416862599552,0,1643.41202384233,2163.0063700527,0,0,0,0,0,0,19.3863798454404,0.146866708993912,0,0,0,0,65.3721136003733,47.040659353137,0,2.81398555636406,13.5622992813587,0,0,0,0,0,2.34334629774094,8.52474083006382,0,66.8806684911251,1541.41103127599,3701.08074942231,262.137678958476,218.520977273583,2532.67892193794,1664.27623280138,1073.3670405522,27.4844188094139,1669.42427019775,0.142854124307632,6.48753196001053
340.255142658949,0.864166423678398,335.459862709045,0,3.59815043210983,0,0,0,101.981466963887,0,0,0,0,0,4.54170560836792,0,3.05906546115875,1.15736325085163,32.1426159888506,0,0,0.228239938616753,5.14327670633793,0.388093397021294,0,0,0,0,0,0,0,0,10.3574748039246,2.78082060813904,146.549789339304,8.73987090587616,57.0067267119884,1.45734751224518,156.841583177447,2.00065067410469,625.038331016898,9.22275963425636,889.827947288752,0,0.516497164964676,4.79549506306648,371.024294741452,1643.41202384233,0,140.413855969906,0,0,0,0,57.3235821425915,0,266.287965193391,0,149.155109286308,0,14.2889082431793,0,1.46379221975803,197.187287710607,0,18.7299586683512,0.439116418361664,0,0,0,0,0,0,132.905542902648,0,5.5882715433836,3.15056839585304,149.714852243662,31.4304378330708,677.497706994414,2.31325994431973,553.932192534208,537.605673484504,0,1836.26902130991,0,22.0247278511524
0,581.333013653755,3.52216775715351,286.933639377356,1.923184633255,21.8052980452776,0,0,0,14.6456929147243,0,0,0,0,0,0,0.213729709386826,4.09346507489681,35.5100295618176,26.0448271930218,0,354.080358207226,0,1157.30266204476,0,0,0,0,0,0,0,0,0,90.4020473062992,10.8356664329767,123.67138761282,22.0648204982281,672.402592837811,9.22322979569435,1199.01512853801,5.78793786466122,879.437882363796,8.84811095893383,9.98955571651459,0,340.755146831274,8.20278996229172,2163.0063700527,140.413855969906,0,0,0,0,0,0,0,0.518461212515831,118.432890504599,0,0,0,0,524.800905384123,4.54070848226547,277.227256216109,0.638067632913589,212.137751936913,0,7.49633836746216,0,13.141954600811,0,63.827580422163,0.491003885865211,0,0,16.4172163009644,6.94561593234539,860.735702656209,55.642900660634,1142.50898689777,24.2015958055854,598.426814556122,0,2252.54197783768,5.53803688287735,0.134496301412582
0,0,15.4126026630402,0,0,0,0,0,0,0,0,0,0,0,0,0,0,0,0,0,0,0,0,0,0,0,0,0,0,0,0,0,0,0,0,0,0,0,0,0,0,0,0.478744402527809,0,0,0,0,0,0,0,0,0,0,0,1,0,0,0,0,0,0,0,0,0,0,0,0,0,0,0,0,0,0,0,0,0,0,0,0,0,0,0,0,0,5.86766636371613,0,0
0,0,0,0,0,0,0,0,0,0,0,0,0,0,0,0,0,0,0,0,0,0,0,0,0,0,0,0,0,0,0,0,0,0,0,0,0,0,0,0,0,0,0,0,0,0,0,0,0,0,0,0,0,0,0,0,0,0,0,0,0,0,0,0,0,0,0,0,0,0,0,0,0,0,0,0,0,0,0,0,0,0,0,0,0,0,0
0,0,0,0,0,0,640.327465116978,0,0,0,0,0,0,0,0,0,0,0,0,0,0,0,0,0,0,0,0,0,0,0,0,0,0,0,0,0,0,0,0,0,0,0,0,0,0,0,0,0,0,0,0,0,0,0,0,0,127.502939403057,0,0,0,0,0,0,0,0,0,0,0,0,0,0,0,0,0,0,0,0,0,0,0,0,0,135.747320890427,0,0,0,0
0,0,0,0,0,0,0,0,0,0,0,4.651546895504,0,0,0,0,0,0,0,0,0,0,0,0,0,0,0,0,0,0,0,0,0,0,0,0,0,0,0,0,0,0,0,0,0,0,0,0,0,0,0,0,0,0,0,0,0,23.7779196798801,0,0,0,0,0,0,0,0,0,0,0,0,0,0,0,0,0,0,0,0,0,0,0,0,0,0,0,0,0
554.895284757018,0,91.9796221107244,0,27.7683924436569,0,0,0,180.143247231841,0,0,0,0,0,0,0,0,0,0.931383162736893,0,0,0,0,0,1.3891909122467,0,0,0,0,0,0,0,0,0,0,0,0,0,0,0,0,0,0.471697121858597,0,0,0,0,0,57.3235821425915,0,1,0,0,0,0,0,0,0,35.3458769321442,0,50.2866853475571,0,0,0,0,0,0,45.7679191976786,0,0,0,0,0,0,0,0,0,0,0,0,0,0,46.7780058383942,0,297.679322347045,0,0
0,162.041632056236,0,0,0,0,0,0,0,167.337590873241,0,0,0,0,0,71.5243406295776,0,0,0,0,0,0.792732775211334,0,10.5493474900723,0,0,0,0,0,0,0,0,0,0,0,0,0,6.60831677913666,0,0,0,0,0,0,0,0,0,0,0,0,0,0,0,0,0,0,0,0,0,0,0,9.57659864425659,0,0,0,0,61.9045525193214,0,0,0,0,0,0,0,0,0,0,0,0,0,58.0763098299503,0,78.0048376023769,0,2.37301930785179,0,0
24.0223824977875,0,12.8392363488674,0,0,0,47.4379786252975,0,0.175416573882103,0,3148.82559216022,0,0,0,0,0,1.63453090190887,1.76928102970123,42.9058774039149,0,13.317478209734,0,0,0,0,0,0,0,0,0,8.20192170143127,0,0,0,0.520512610673904,0,4.25216546654701,0,339.719545997679,0,15.7022452428937,3.40480323135853,661.658735014498,0.643891170620918,25.4525090605021,0,18.8896204531193,19.3863798454404,266.287965193391,0.518461212515831,0,0,127.502939403057,0,0,0,0,0,41.6946476995945,0,3.67230612039566,0,0,145.163229063153,0,0,0,0,0,0,0,0,0.163518533110619,201.577087543905,0,0,0,7.8474457487464,6.21949538588524,20.7796075567603,0.271741658449173,21.8567887172103,121.336812123656,0,525.633072249591,0.184459716081619,27.4258651137352
0,373.738742694259,0,99.7643195390701,0,2.24509614706039,0,0,0,0,0,2492.27579775453,0,25.8962067365646,0,0,0.949917376041412,0.974433451890945,24.1443163156509,204.538613647223,0,0,0,0,0,0,0,0,0,13.7823770642281,0,0,0,0,0,2.87172708660364,0,0,0,6.30675201117992,0.992235362529755,477.82292817533,5.45035107433796,0.968609765172005,0,13.4220501184464,0,0.146866708993912,0,118.432890504599,0,0,0,23.7779196798801,0,0,0,0,0,0,0,0,287.315248578787,0,0,0,0,0,0,0,21.7687827944756,0,1566.38164953887,0.189501255750656,0,0,0,0,8.84300225973129,3.54806780815125,52.3969832956791,0.228481218218803,562.749031402171,0,1107.42293506861,15.5932254195213,0
5.45276498794556,0,24.1902112960815,0,0,0,0,0,96.2964613437653,0,162.947164356709,0,2701.86852765083,0,7,0,0,0,0,0,0,0,0,0,0,0,0,0,847.810255289078,0,0,0,0,0,0,0,0,0,0,0,0,0,0,0,0,0,0,0,149.155109286308,0,0,0,0,0,35.3458769321442,0,41.6946476995945,0,0,0,239.45376381278,0,0,0,0,0,0,0,0,0,0,58.0778834819794,0,0,0,0,0,0,0,0,0,0,96.3041845858097,37.3411750793457,0,0,0
0,0,0,0,0,0,0,0,0,0,0,0,0,2489.61348134279,0,767.277240008116,0,0,0,0,0,0,0,0,0,141.296843409538,0,120.46231585741,0,0,0,0,0,0,0,0,0,0,0,0,0,0,0,0,0,0,0,0,0,0,0,0,0,0,0,0,0,0,0,0,0,415.258152604103,0,0,0,0,0,0,0,0,21.706752717495,0,0,0,0,0,0,0,0,0,0,0,221.629769027233,133.076071858406,0,0,0
4.38345038890839,0,68.1033984422684,0,0,0,0,0,156.853045344353,0,0,0,2,0,114.298807144165,0,0,0,0,0,0,0,0,0,0,0,0,0,0,0,0,0,0,0,0,0,0,0,0,0,0,0,0,0,0,0,0,0,14.2889082431793,0,0,0,0,0,50.2866853475571,0,3.67230612039566,0,239.45376381278,0,0,0,0,0,0,0,0,0,0,0,0,0,0,0,0,0,0,0,0,0,0,0,4.25181972980499,0,0,0,0
0,114.816690444946,0,0,0,0,0,0,0,1,0,0,0,81.3753514289856,0,265.290089845657,0,0,0,0,0,0,0,0,0,0,0,0,0,0,0,0,0,0,0,0,0,0,0,0,0,0,0,0,0,0,0,0,0,0,0,0,0,0,0,9.57659864425659,0,0,0,415.258152604103,0,0,0,0,0,0,0,0,0,0,0,0,0,0,0,0,0,0,0,0,0,0,7.53640937805176,0,18.0917031764984,0,0
0,0,0,2.03670737147331,0,102.179576933384,0,76.4379583597183,0,0,0,60.5721608474851,0,0,0,0,3.68248355388641,19.6183024048805,102.547385580838,942.601326443255,0,0,0,0,0,0,0,0,0,0,0,0,0,8.81169011443853,0,286.086762227118,0,87.6712251007557,0,669.795070581138,2.66935777664185,1185.12498982996,0.308911681175232,3.92740593850613,0,374.851717688143,0,65.3721136003733,1.46379221975803,524.800905384123,0,0,0,0,0,0,0,287.315248578787,0,0,0,0,0,0,0,0,0,0,0,0,0,0,532.220046915114,0.224456012248993,0,0,0.53346374630928,0,2635.29178080708,7.50147286057472,1362.41774216294,0.821141734719276,291.009780026972,0,990.95303222537,26.6148428618908,0.216457441449165
0,0,0,0,27.290420204401,0,0,0,11.1204290390015,0,1.44464555382729,0,0,0,0,0,12.0402508974075,5.83147087693214,92.9076957404613,0,1809.8099937886,0,0,0,0,0,0,0,0,0,0,0,0,0,4.00636385381222,0,307.118103012443,0,0.532296895980835,1.73341548442841,233.049971997738,2.97928890585899,661.895202510059,0.555187284946442,4.08181311190128,0,828.45875839144,47.040659353137,197.187287710607,4.54070848226547,0,0,0,0,0,0,145.163229063153,0,0,0,0,0,0,0,0,0,0,0,0,0,0,0,0,219.636822521687,0,0,0,4.98891082406044,4.6356572508812,2209.12054120004,0.776290774345398,468.444914720953,1391.3965434134,0,871.193658798933,0,10.4958110153675
0,0,0,0,0,0,0,0,0,0,0,0,0,0,0,0,0,0,0,0,0,12969.3903390765,1905.97249364853,26.6293846517801,0,13.6283891201019,0,52.0714185237885,0,0,0,0,0,0,0,0,0,1899.19740927219,0,0,0,0,0,0,0,0,0,0,0,277.227256216109,0,0,0,0,0,0,0,0,0,0,0,0,0,0,0,21.4177457094193,1.03137677907944,0,0,0,10.7507176846266,0,0,0,0,0,0,0,0,0,923.816885724664,0,3350.18808990717,393.343680024147,0,0,0
0,0,0,0,0,0,0,0,0,0,0,0,0,0,0,0,0,0,0,0,0,0,13082.1349314749,0,11.5321801006794,0,0,0,250.850116014481,0,0,0,0,0,0,0,0,0,1597.91202458739,0,0,0,0,0,0,0,0,2.81398555636406,18.7299586683512,0.638067632913589,0,0,0,0,0,0,0,0,0,0,0,0,0,0,21.4177457094193,0,0,0,0,0,0,0,0,0,0,0,0,0,0,0,0,419.065900877118,2137.81993116438,132.072799026966,0.400350749492645,0,0
0,0,0,0,0,0,0,0,0,48.2144416570663,0,0,0,0,0,0,0,0,0,0,0,154.744984060526,0,584.537446409464,0,783.985042572021,0,0,0,0,0,0,0,0,0,0,0,208.119687139988,0,0,0,0.360043704509735,0,0,0,0,0,13.5622992813587,0.439116418361664,212.137751936913,0,0,0,0,0,61.9045525193214,0,0,0,0,0,0,0,0,1.03137677907944,0,0,0,803.636856138706,0,0.752969205379486,0,0,0,0,0,0,0,0,0,338.196332499385,0.173892661929131,148.479196310043,0,62.2180668562651,0,0
0.613850057125092,0,0,0,0,0,0,0,2.15568147599697,0,0,0,0,0,0,0,0,0,0,0,0,0,337.238846480846,0,1487.60183489323,0,3.0213770866394,0,0,0,0,0,0,0,0,0,0,0,27.0215236842632,0,0,0,0,0,0,0,0,0,0,0,0,0,0,0,45.7679191976786,0,0,0,0,0,0,0,0,0,0,0,0,0,0,0,0,0,0,0,0,0,0,0,0,0,0,75.4111198186874,433.206464678049,0,20.8837990909815,0,0
0,0,0,0,0,0,0,0,0,0,0,0,0,0,0,0,0,0,0,0,0,0,0,143.009627342224,0,1,0,0,0,0,0,0,0,0,0,0,0,0,0,0,0,0,0,0,0,0,0,0,0,7.49633836746216,0,0,0,0,0,0,0,0,0,0,0,0,0,0,0,0,803.636856138706,0,0,0,0,0,0,0,0,0,0,0,0,0,0,0,163.082750320435,0,66.8240704536438,0,0
0,0,0,0,0,0,0,0,7.53873109817505,0,0,0,2.54143762588501,0,0,0,0,0,0,0,0,0,0,0,0,0,4,0,6.36017608642578,0,0,0,0,0,0,0,0,0,0,0,0,0,0,0,0,0,0,0,0,0,0,0,0,0,0,0,0,0,0,0,0,0,0,0,0,0,0,0,0,0,0,0,0,0,0,0,0,0,0,0,0,0,51.2403600215912,0,0,0,0
0,0,0,0,0,0,0,0,0,0,0,0,0,21.2251451611519,0,40.7210539579391,0,0,0,0,0,127.194839864969,0,0,0,1029.27935776114,0,2719.83661684394,0,109.277961045504,0,0,0,0,0,0,0,141.219916164875,0,0,0,0,0,0,0,0,0,0,0,13.141954600811,0,0,0,0,0,0,0,21.7687827944756,0,21.706752717495,0,0,0,0,10.7507176846266,0,0.752969205379486,0,0,0,0,0,396.133738279343,0,0,0,0,0,0,0,315.162922084332,0,1643.87893968821,520.149940133095,0,0,0
0,0,0,0,0,0,0,0,0,0,1.50451529026031,0,64.4843835830688,0,0,0,0,0,0,0,0,0,104.666894078255,0,0,0,0,0,5837.00169628859,0,36.9337989985943,0,0,0,0,0,0,0,98.6937442421913,0,0,0,0,0,0,0,0,0,0,0,0,0,0,0,0,0,0,0,58.0778834819794,0,0,0,0,0,0,0,0,0,0,0,0,0,0,63.1801463961601,0,0,0,0,0,0,0,42.5543156862259,691.303176820278,39.4797329902649,0,0,0
0,1.86283548176289,0,9.16210451722145,0,4.01528798043728,0,0,0,0,0,258.554745987058,0,0,0,0,2.68552999198437,13.4724166095257,138.460289418697,330.923794403672,0,0,0,0,0,0,0,1468.56881543994,0,1988.57798442245,0,0,0,0,0,5.31749932467937,0,2.67573681473732,0,38.4328185319901,0,821.330657467246,10.0687728524208,6.08459496498108,0,93.8475492149591,0,2.34334629774094,0,63.827580422163,0,0,0,0,0,0,0.163518533110619,1566.38164953887,0,0,0,0,532.220046915114,0,0,0,0,0,0,0,396.133738279343,0,0,1.5703449100256,0,0,0,0,39.7108752653003,2.3353599011898,721.94391926378,4.11885879933834,520.796267919242,0,1652.32321053743,79.3093198537827,0
0,0,0.407156437635422,0,0,0,0,0,0,0,2.23049777746201,0,0,0,0,0,11.8862544298172,4.59199601411819,181.604659721255,0,14.3567418754101,0,0,0,0,0,0,0,731.568625837564,0,692.547080725431,0,0,0,0,0.292439520359039,1.49814568459988,0,186.567053884268,6.47273993492126,30.0761518776417,6.91318362951279,347.695161297917,0.955728128552437,86.7057342231274,0,54.0024462789297,8.52474083006382,132.905542902648,0.491003885865211,0,0,0,0,0,0,201.577087543905,0.189501255750656,0,0,0,0,0.224456012248993,219.636822521687,0,0,0,0,0,0,0,63.1801463961601,1.5703449100256,0,0,0.181535884737968,0,2.91654595732689,3.83172170817852,53.8932069092989,3.21120312809944,693.472983673215,194.77407643199,0,744.983776956797,1.20799534022808,44.148486405611
0,0,0,0,0,0,0,0,0,0,0,0,0,0,0,0,0,0,0,0,0,0,0,0,0,0,0,0,0,0,0,2993.4271735847,868.68393561244,36.1691533029079,26.7178389132023,7.52980099618435,0,0,0,0,0,0,0,0,0,0,0,0,0,0,0,0,0,0,0,0,0,0,0,0,0,0,0,0,0,0,0,0,0,0,0,0,0,0,0,295.637035995722,499.582514181733,2.61553701758385,7431.9218660742,0,0,0,83.1525729000568,0,0,0,0
0,0,0,0,0,0,0,0,0,0,0,0,0,0,0,0,0,0,0,0,0,0,0,0,0,0,0,0,0,0,0,8155.88414061069,1208.62047947943,350.564854234457,11.0888205766678,0,6.3647945523262,0,0,0,2.29559290409088,0,0,0,0,0,1.3728105276823,66.8806684911251,5.5882715433836,0,0,0,0,0,0,0,0,0,0,0,0,0,0,0,0,0,0,0,0,0,0,0,0,0.181535884737968,295.637035995722,0,18.6382306218147,52.3826245814562,352.353192538023,165.6131721735,0,25.8079939037561,12.3529757559299,0,0.873978674411774,0,0
0,0,0,0,0,0,0,0,0,0.225122153759003,0,0,0,0,0,0,0,0,0,0,0,0,0,0.346743822097778,0,0,0,0,0,0,0,235.300194308162,44.9464751780033,7920.11660072207,4089.37539151311,9.83314327895641,0,0.237152516841888,0,0.78860367834568,0,0,0,0,0,1.24335683882236,0,1541.41103127599,3.15056839585304,16.4172163009644,0,0,0,0,0,0,0,0,0,0,0,0,0.53346374630928,0,0,0,0,0,0,0,0,0,0,0,499.582514181733,18.6382306218147,0,358.049760997295,150.755614891648,0,600.27924080193,4.4747424274683,1232.95814070106,0,2.44590094685555,0,0
0,0,3.74587532877922,0,0,0,0,0,0,0,0,0,0,0,0,0,0,0,0,0,0,0,0,0,0,0,0,0,0,0,0,68.434896171093,74.9353594332933,5492.08725696802,1349.78312774003,0,7.07901501655579,0,0,0,5.00180627405643,0.560417532920837,16.1178699061275,0,0,0,9.76128287613392,3701.08074942231,149.714852243662,6.94561593234539,0,0,0,0,0,0,7.8474457487464,0,0,0,0,0,0,4.98891082406044,0,0,0,0,0,0,0,0,0,2.91654595732689,2.61553701758385,52.3826245814562,358.049760997295,0,8.25739532709122,9.5769914239645,6.50604292750359,28.6651032269001,491.075653403997,1.5173088312149,46.4692553728819,0,0.177580788731575
0,0,0,2.51336526870728,0,3.16090658307076,0,0,0,0.946575075387955,0,94.5762230157852,0,0,0,0,117.214522026479,281.553186781704,3202.98744104058,633.733126789331,0,0,0,0,0,0,0,0,0,0,0,4436.73319490254,419.618673503399,448.41376388073,4.99600125849247,13087.0493209213,561.06563782692,504.006240397692,0,2488.65388572216,25.4473908096552,1442.34895407408,35.9469865337014,57.9548869431019,2.05329942703247,334.031180761755,1.49212646484375,262.137678958476,31.4304378330708,860.735702656209,0,0,0,0,0,0,6.21949538588524,8.84300225973129,0,0,0,0,2635.29178080708,4.6356572508812,0,0,0,0,0,0,0,0,39.7108752653003,3.83172170817852,7431.9218660742,352.353192538023,150.755614891648,8.25739532709122,0,114.564991891384,1664.79246024787,30.6505625247955,2715.99485207349,251.564924053848,2050.73627115786,35.7134943380952,2.03650569915771
0,0,4.76143395900726,0,0,0,0,0,0,0,0,0,0,0,0,0,294.762594647706,214.048523820937,3686.37523245811,0.229237675666809,1286.08815054595,0,0,0,0,0,0,0,0,0,0,3.62195038795471,7.67398726940155,0,1408.10251946747,177.608256950974,11480.1224784106,0.339705526828766,444.488881587982,39.3430006057024,2461.07555451244,43.4793262183666,846.043449044228,26.9953154325485,184.065849706531,1.76439860463142,1135.41599553078,218.520977273583,677.497706994414,55.642900660634,0,0,0,0,0,0,20.7796075567603,3.54806780815125,0,0,0,0,7.50147286057472,2209.12054120004,0,0,0,0,0,0,0,0,2.3353599011898,53.8932069092989,0,165.6131721735,0,9.5769914239645,114.564991891384,0,22.8573551028967,2026.7403280139,3028.2158049494,44.4079044759274,1037.4691087082,2.86884772777557,33.8237486630678
0,0.714092642068863,2.18050050735474,2.8302334100008,0,0.664105340838432,0,0,0,14.1090833991766,0,1045.95958705246,0,0,0,0,29.2250909283757,90.5398923754692,827.516267746687,639.321038097143,0,1429.34898200631,0,291.023611575365,0,0,0,200.825010970235,0,238.984189927578,0,0.940804377198219,0,1303.00970752537,419.319215744734,913.706665180624,0,19301.0169551373,2936.80552372336,382.438949733973,5.22014628350735,551.91333899647,45.2117490842938,6.97205530107021,0.868514239788055,33.7902578413486,0,2532.67892193794,2.31325994431973,1142.50898689777,0,0,0,0,0,58.0763098299503,0.271741658449173,52.3969832956791,0,0,0,0,1362.41774216294,0.776290774345398,923.816885724664,0,338.196332499385,0,0,0,315.162922084332,0,721.94391926378,3.21120312809944,0,0,600.27924080193,6.50604292750359,1664.79246024787,22.8573551028967,0,14.5839658379555,6019.25206092745,336.924217626452,3277.08080621064,157.184029608965,0
0,0,2.99430596828461,0,0,0,0,0,0,0,697.515642188489,0,0,0,0,0,94.1622530370951,63.006581813097,964.378735944629,1.79763996601105,552.254778951406,0,1408.76731470972,0.172836065292358,715.091247946024,0,0,0,438.489876270294,0,109.222792774439,0,0,4.1478087157011,752.466597363353,0,2303.7505287528,85.2319029122591,21711.8233060539,7.73797906935215,235.127158179879,43.2698368579149,843.217065006495,7.44776044785976,224.529838882387,0.315053910017014,321.95231667161,1664.27623280138,553.932192534208,24.2015958055854,0,0,0,0,0,0,21.8567887172103,0.228481218218803,0,0,0,0,0.821141734719276,468.444914720953,0,419.065900877118,0.173892661929131,75.4111198186874,0,0,0,42.5543156862259,4.11885879933834,693.472983673215,0,25.8079939037561,4.4747424274683,28.6651032269001,30.6505625247955,2026.7403280139,14.5839658379555,0,4860.92421656847,159.672414913774,1514.0531424582,8.29965914785862,102.072911664844
