0,7.30737843552642e-05,0.0256393892476422,0,0.000248194311563482,0,0,0,0.0441085007569453,0.000116816782035087,0,0,0,0,0.00341737080175359,0,0.000113739535518873,0,0.000275029613294391,0,0,0,0,0,0,0,0,0,0,0,0,0,0,0,0,0,1.0274626069983e-05,0,0,0,0.00730515696759064,0.000377974093338304,0.0251983176196946,0,0,0,0.00698782535792247,0,0.0333565907055812,0.000120464027684521,0,0,0,0,0.136220760917272,0,0.000859349559744908,0,4.35039379376461e-05,0,0.0815120241500225,0,0,0.000245454551272471,0,0,6.11981649060621e-05,0.000177548801272074,0,0,0,0,0,0.00048397157243103,0,0,0,0,2.17529481549992e-06,0.00353651080746013,0,0,0.000634705661198608,0,0.0140769685911062,0,0.00958801152934278
7.30737843552642e-05,0,0,0.00333216267315391,0,0.00513185186354925,0,0,5.35827827330211e-05,0.155051990060503,0,0,0,0,0,0.00386217570559551,3.79806669713462e-05,8.38207846118754e-05,0.000627197603503977,0.000110586368418125,0,0,0,0,0,0,0,0,0,0,0,0,0,0,0,1.92995061671817e-05,0,8.00751262315088e-05,0,0.00120012906027615,0,0.0437366205444818,0.000152163483011943,0,0,0.00820828124384573,0,0,8.03432317716523e-05,0.0160020371693151,0,0,0,0,4.35680653091859e-05,0.0915638599452092,1.2745216558141e-05,0.00176446083356405,0,0,0,0.0197905113612891,0.00383865339792714,0,0,0,0.000902491975959166,0,0,0,0,0,0.0093334347833254,0,0,0,0,0,0.00178025424334441,0,0.000364630358191263,0,0.00103341767045822,1.36042649393033e-05,0.0158910650610777,0.00134827015900071,0
0.0256393892476422,0,0,0,0.00466064717721637,0,0,0,0.00816755126853438,0,0,0,0,0,0,0,7.91821870593384e-05,1.57692695562639e-05,0.000323044451882964,0,0,0,0,0,0,0,0,0,0,0,0,0,0,0,0,7.52149889217428e-05,0.000267735120428483,0,0,0.000153337841936954,0.0011966050439688,1.49506928449283e-05,0.0122400700070279,0,0,0.000371166112893203,0.0012904039173991,0,0.00259684158624834,0,0.0438950819978876,0,0,0,0.0965636582882314,0,0.00327674137108618,0,0.000584082590314571,0,0.000191300949446199,0,0,0.000100009864085712,0,0,0,0,0,0,0,0,0,0.000397887644559046,0,0,0,0,0,0.000225187806476339,0,0,0.000214601670728214,6.52210832507153e-06,0.0170516811995229,0,0.00356972048722422
0,0.00333216267315391,0,0,0,0.115622098789576,0,0,0,0.0081802204727253,0,0,0,0,0,0,0,0.000134922855752266,0.000521449044246003,0,0,0,0,0,0,0,0,0,0,0,0,0,0,0,0,8.83621568976458e-05,0,0,0,0.0144547324598345,0.000314771073589337,0.0208112697020046,5.13224366641622e-05,0,0,0.000268182036384871,0,0,0,0.00982553048233563,0,0.0530282022348464,0,0,0,0.0786246122821875,0,0.00212489083890255,0,0.00324125358727704,0,0.0142694897368148,0.000668164110230251,0,0,0,0,6.03322409559875e-05,0,0,0,0,0.00346325497321779,0,0,0,0,0,0.000623140300731439,2.85629182933237e-05,9.79781156939337e-06,0,0.000345221917948089,8.09840378501118e-06,0.0154835873821694,0.00228010173305655,0
0.000248194311563482,0,0.00466064717721637,0,0,0,0,0,0,0,0,0,0,0,0,0,0,0,0,0,0.0596139514856735,0,0,0,0,0,0,0,0,0,0,0,0,0,0,5.81354341969696e-05,0.00042501900007653,0,0,0,0.000277810230508019,0,0.00482104189672748,0,0,0,8.52375915915502e-05,0,0.000837008279360302,0,0.0815301176250712,0,0,0,0.00213886833583815,0,8.65818512338756e-05,0,9.42449746710958e-05,0,0.00655659785311586,0,0,0.00448714325450154,0,0,0,0,0,0,0,0,0,0.000224700007490041,0,0,0,0,0,0,0,0,0.00486141107294926,2.28444213531547e-05,0.00605052908079698,0,0.00782869205915381
0,0.00513185186354925,0,0.115622098789576,0,0,0,0.0115045545644969,0,0.00948329703443969,0,0.0228924464963977,0,0,0,0,0.000128807738195303,6.61027292933776e-05,9.90066126869151e-05,0.00601502839278031,0,0,0,0,0,0,0,0,0,0,0,0,0,0,0,7.18518317678793e-05,0,0,0,0.000829772772656324,0,0.00489409501502968,0,0,0,0,0,0,0,0.00168137255369624,0,0.0691055342044768,0,0.00397863258976539,0,0,0,0.000306847138017333,0,0,0,0.000331840041326359,0.00218092376294439,0,0,0,0,0,0,0,0,0,0.00113946567065112,0,0,0,0,0,6.97141446527621e-05,1.59090789377961e-05,0,0,0.00330369408227749,0.000146652882769522,0.00443558814913946,0.00138003202016804,0
0,0,0,0,0,0,0,0,0,0,0,0,0,0,0,0,0,0,0,0,0.0209618502063246,0,0,0,0,0,0,0,0,0,0,0,0,0,0,0,0,0,0,0,0,0,0,0,0,0,0,0,0,0,0,0,0.0128723101959445,0,0,0,9.37426739255898e-05,0,0,0,0,0,0,0.000916872402399439,0,0,0,0,0,0,0,0,0,0,0,0,0,0,0,0,0,0,0.000572455705579732,0,0,0,0
0,0,0,0,0,0.0115045545644969,0,0,0,0,0,0.0025390573934186,0,0,0,0,0,0,0,0.0156694749922932,0,0,0,0,0,0,0,0,0,0,0,0,0,0,0,0,0,0,0,0,0,0,0,0,0,0,0,0,0,0,0,0.00181016413880908,0,0.00421743898414114,0,0,0,0.00139294632909413,0,0,0,0,0.000989641642119482,0,0,0,0,0,0,0,0,0,0,0,0,0,0,0,0,0,0,0,0.00193375800720241,0.00155113392969469,0,0,0
0.0441085007569453,5.35827827330211e-05,0.00816755126853438,0,0,0,0,0,0,0.00015989646608843,0,0,0,0,0.0143510557139335,0,1.18704112655308e-05,0,2.10306583105233e-05,0,0,0,0,0,0.000350122441380189,0,0.0177100995163329,0,0,0,0,0,0,0,0,0,0,2.7769630939517e-05,0.00405402459638505,0,0.00108726568809609,0.000505039589112672,0.0312306177689633,0,0,0,0.000432034139014211,2.52705658893167e-05,0.0181276458820362,0.00015563318793204,0,0,0,0,0.314941906123617,7.77942947464139e-05,0,0,0,0,0.0570721291701305,0,0,0.0001970227445472,0,0,0,0.000364402254148106,0,0.0142477016216202,0,0,0,0.000114402737893649,0,0,0,0,0,0.000292083864778836,0,0.000103907049476836,0.00514745356003142,0.000821412670414391,0.00892420242100066,0,0.00760333140585785
0.000116816782035087,0.155051990060503,0,0.0081802204727253,0,0.00948329703443969,0,0,0.00015989646608843,0,0,0,0,0,0,0.0342609728590547,0,0,2.35619070606545e-05,0,0,0,0,0.00441709005335744,0,0.0373659362172478,0,0,0,0,0,0,0,0.00183117268808209,0,0,0,0.00358878697793824,0,0,0,0.0112939138820337,0.000104104857176875,0,0,0,0,6.66791571916959e-05,0.00011040525903913,0.0081322903755645,0,0,0,0,0.000100442003751433,0.197336394495159,0,0.000437415499183084,0,0,0,0.0990602622740045,0,0,0,0,0.00542295663605193,5.86983835264222e-05,0.0951870274961643,0,0,0,0.000889571788687186,0,0,0,0.000370600139471822,0,3.08049802598223e-05,0,0.000382038349531177,0,0.00239970926126587,0.00195872035665193,0.0107741326575919,0.000646252863320895,0
0,0,0,0,0,0,0,0,0,0,0,0,0.0357823092976025,0,0,0,0,0,0,0,0.0936109431829524,0,0,0,0,0,0,0,0.000227391001867572,0,0.00244359917221094,0,0,0,0,0,0.0150276046168285,0,0.0775774777364129,0,0,0,0,0,0,0,0,0,0,0,0.000189989098632042,0,0.000193050189409405,0,0,0,0.100604958399055,0,0.00316885463640953,0,0,0,0,0.0903904230100256,0,0,0,0,0,0,0,0,0,0.000131250824779272,0,0,0,0,0,0.00392907066272757,0,0.00941547630564641,0.00480326048405729,0.000476310149021261,0.000147203272376388,0,0
0,0,0,0,0,0.0228924464963977,0,0.0025390573934186,0,0,0,0,0,0.0882950652127233,0,0,0,0,0,0.124686456087081,0,0,0,0,0,0,0,0.0513592658744918,0,0.0421321362920331,0,0,0,0,0,0.0108098104184188,0,0.0572329646465818,0,0,0,0,1.47638408719839e-05,0,0,0,0,0,0,0,0,0.0311926670113214,0,0.00879861014282548,0,0,0,0.21687329059699,0,0.0529924360054517,0,0,0.0178191001437096,0,0,0,0,0,0,0,9.83634589988899e-05,0,0.00447353046316375,0,0,0,0,0,0.00117399905554477,0,7.71361603414936e-05,0,0.00679289872375526,0.000228272865974549,0.000594052494366364,0,0
0,0,0,0,0,0,0,0,0,0,0.0357823092976025,0,0,0,0.00304082113628481,0,0,0,0,0,0,0,0,0,0,0,0,0,0.00911813719824653,0,0,0,0,0,0,0,0,0,0,0,0,0,0,0,0,0,0,0,0,0,0,0,0,0,0,0,0.0112491940688792,0,0.05451877723266,0,0,0,0,0,0,0,0,0,0,0,0,0,0,0,0,0,0,0,0,0,0,0,0.00100566484104343,0.00402030792217102,0,0,0
0,0,0,0,0,0,0,0,0,0,0,0.0882950652127233,0,0,0,0.0142305348767382,0,0,0,0,0,0,0,0,0,0,0,0.0095702514148989,0,0,0,0,0,0,0,0,0,0,0,0,0,0,0,0,0,0,0,0,0,0,0,0,0,0,0,0.000451774485626741,0,0,0,0.116507170959243,0,0,0,0,0,0,0,0,0,0,0,0,0,0,0,0,0,0,0,0,0,0,0.00184244248744838,0.00840523561991119,0,0,0
0.00341737080175359,0,0,0,0,0,0,0,0.0143510557139335,0,0,0,0.00304082113628481,0,0,0,0.00666080893076503,0,0,0,0,0,0,0,0,0,0.0466998007805102,0,0.0106513804221051,0,0,0,0,0,0,0,0,0,0,0,0,0,0,0,0,0,0,0,0,0,0,0,0,0,0.00734118607336829,0,0,0,0.000511195856943113,0,0.00320915379432667,0,0,0,0,0,0,0,0,0,0,0,0,0,0,0,0,0,0,0,0,0,0.00248407389946623,2.55930349913499e-05,0,0,0
0,0.00386217570559551,0,0,0,0,0,0,0,0.0342609728590547,0,0,0,0.0142305348767382,0,0,0,0.00476231946244545,0,0,0,0,0,0.000381889515186432,0,0,0,0,0,0,0,0,0,0,0,0,0,2.96992389850147e-05,0,0,0,8.5022172204319e-05,0,0,0,0,0,0,2.54534464708303e-05,0,0,0,0,0,0,0.131276523928333,0,0,0,0,0,0.0167445695955776,0,0,0,0,0.000877803395965994,0,0,0,0,0,0,0,0,0,0,0,0,0,4.79016928992421e-06,0,0.00157560551490904,3.20808944844476e-05,0.000344405143130415,0,0
0.000113739535518873,3.79806669713462e-05,7.91821870593384e-05,0,0,0.000128807738195303,0,0,1.18704112655308e-05,0,0,0,0,0,0.00666080893076503,0,0,0.20506911863076,0.0809469775459998,0,0,0,0.000842987493309655,0,9.31967994131921e-05,0,0.00747429244752696,0,0,0,0,0,0,0,0,0,0,0,0,0.00126411047108873,0.00682075978365128,0.00153682194735274,0.00644466615343703,9.13570725732574e-06,0,0.00157986431377185,0.00361040346513003,0,4.5596590618683e-05,0,0,0,0,0,0,0,9.63677389171814e-05,1.28498942521751e-05,0,0,8.19523025438855e-05,0,0.000226126336621719,0.000660281046191026,0,0,0,0,0,0.00405616549291068,0,0,0.000320007906474005,0.000101824261149714,0,0,0,0,0.000706251462319469,0.00411600032911998,3.67959070546808e-05,1.73606834614533e-05,0.0126323674283274,0.00678134087901259,0.0121058504866368,8.58088563994756e-05,0.000703948262573892
0,8.38207846118754e-05,1.57692695562639e-05,0.000134922855752266,0,6.61027292933776e-05,0,0,0,0,0,0,0,0,0,0.00476231946244545,0.20506911863076,0,0.0793712242251728,2.51460609782331e-05,0,0,0,0,0,0.0815393271694872,0,0,0,0,0,0,0,0,0,0,0,0,0,0.00677573035318207,0.0016448701906004,0.00435261696051987,0.00124389124010281,0.000208390006981132,0,0.00400945316671598,0.000724529894632083,0,0,0.000101703668668601,0,0,0,0,0,0,3.83068993090735e-05,0.00026596594887583,0,0,0,0,0.00142309570447451,0.000266882870808582,0,0,0,0,0.00565538138433852,0,0,0,0.00284678926118126,4.95979652114182e-05,0,0,0,0,0.00318333605712567,0.000618310079545945,0.0002637400498485,0,0.0132284007772045,0.00823606331759116,0.0133602687991929,0.000344490173455683,0.000443858126647
0.000275029613294391,0.000627197603503977,0.000323044451882964,0.000521449044246003,0,9.90066126869151e-05,0,0,2.10306583105233e-05,2.35619070606545e-05,0,0,0,0,0,0,0.0809469775459998,0.0793712242251728,0,0.000111810631469186,0,0,0,0,0,0,0,0,0,0,0,0,0,0,0,1.93146063795917e-05,0,2.5242274306253e-05,0,0.0234786026786396,0.0310376976445854,0.0204330453314418,0.0237461357973315,0.00114008632321268,0,0.0252218243952722,0.0161009297762775,0,0.000260289566031728,0.000182435374269446,0,0,0,0,0,0,0.000914358631711,0.00114513514471177,0,0,0,0,0.00552984622697977,0.00294571164353503,0,0,0,0,0,0,0,0,0.0108811088793922,0.000835711028413339,0,0,0,0,0.0106398040507377,0.0131933954159641,0.000848882962385648,1.77113774315401e-05,0.0299075926303018,0.000168909260841825,0.0782071682347383,0.00271240495830598,0.0106057535519356
0,0.000110586368418125,0,0,0,0.00601502839278031,0,0.0156694749922932,0,0,0,0.124686456087081,0,0,0,0,0,2.51460609782331e-05,0.000111810631469186,0,0,0,0,0,0,0,0,0,0,0.00164476622080607,0,0,0,0,0,0.0295962159565858,0,0.0128989949656477,0,0,0,2.54587805442914e-05,0,0,0,0.00206770126061114,0,0,0,0,0,0.000146693124586796,0,0.0117742999784515,0,0,0,0.0954652535920464,0,0,0,0,0.140231747012705,0,0,0,0,0,0,0,0,0,0.000163521713430457,0,0,0,0,0,0.00700286761945144,0,0.000267758765605136,0,0.00300666614737703,0,0.00237540156645749,0,0
0,0,0,0,0.0596139514856735,0,0.0209618502063246,0,0,0,0.0936109431829524,0,0,0,0,0,0,0,0,0,0,0,0,0,0,0,0,0,0,0,0,0,0,0,0,5.39832135599816e-05,0.0202079710513215,0,0.0125633470529148,0,0,0,3.30973765943132e-05,0,0,0,0.00337991279696283,0,2.22596290609499e-05,0,0.0194191844869696,0,0,0,0,0,0.000813888833533367,0,0,0,0,0,0,0.3594794718807,0,0,0,0,0,0,0,0,0,0,0,0,0,0,0,0.00536409729474966,0,0.000910847712852798,0.00275410730924774,0.000186891597786615,0.00812224667804131,0,0
0,0,0,0,0,0,0,0,0,0,0,0,0,0,0,0,0,0,0,0,0,0,0.114624940062872,0.00956273655112181,0,0,0,0.0152452392877005,0,0,0,0,0,0,0,0,0,0.0314733188978558,0.00418136191405952,0,0,0.000106041472303961,0,0,0,0,0,0,0,0.00306786676958683,0,0,0,0,0,0,0,0,0,0,0,0,0,0,0.303076990012714,0.0512871992359632,0.0083951820389539,0,0.0037351805418102,0,0.0052261361859441,0,0,0,0,0,0.000178336523241929,0,0,0,0.0154519523374607,0.00138055699863581,0.0186975098448952,0.00442287687005437,4.26639949461201e-05,0,0
0,0,0,0,0,0,0,0,0,0,0,0,0,0,0,0,0.000842987493309655,0,0,0,0,0.114624940062872,0,0,0.0219841761150122,0,0.000805459506387692,0,0.00661623830287439,0,0,0,0,0,0,0,0,0.00292535032412497,0.0260854789295434,0,0,0,0,0,0,0,0,0,0.00847135470271796,0,0,0,0,0,0,0,0,0,0,0,0,0,0,0,0.0127643605285728,0.375758354129486,0,0.0204835628000169,0,0.0102211728775558,0,0.0207410232768195,0,0,0,0,0,0,0,0,0,0.0155311802036483,0.0250768196377222,0.00621452213923507,0.000164658693944301,0,0
0,0,0,0,0,0,0,0,0,0.00441709005335744,0,0,0,0,0,0.000381889515186432,0,0,0,0,0,0.00956273655112181,0,0,0,0.130249709598222,0,0,0,0,0,0,0,0.00788534608123276,0,0,0,0.0289540082694225,0,0,0,0.000420574398161257,0.000122728636188472,0,0,0,0,0,0,0.011007144788444,0,0,0,0,0,0.021004675380483,0,0,0,0,0,0.000343216975086255,0,0,0.0120633319968044,0,0.356911409274461,0,0.282247209338846,0,0,0,0,0,0,0,0.00730333730217284,0,0,0,0.00601954352507908,0,0.00322262333419267,0.00050937656048747,0.000764245011065124,0,0
0,0,0,0,0,0,0,0,0.000350122441380189,0,0,0,0,0,0,0,9.31967994131921e-05,0,0,0,0,0,0.0219841761150122,0,0,0,0.028473181527277,0,0.00577984733553033,0,0,0,0,0,0,0,0,0,0.0221671512920659,0,0,4.72834700372145e-05,0.00593037574122806,0,0,0,0,3.03783177885305e-05,0.00603251055602015,1.67542932212599e-05,0,0,0,0,0.00555252134276318,0,0,0,0,0,0,0,0,0,0,0.00126917566464585,0,0.272493331320953,0,0.0119922208443254,0,0.00715900557516449,0,0,0,0,0,0,0,0,0,0.00309569067045119,0.00204409049249636,0,0.0058208876812137,0,0
0,0,0,0,0,0,0,0,0,0.0373659362172478,0,0,0,0,0,0,0,0.0815393271694872,0,0,0,0,0,0.130249709598222,0,0,0,0.0359825591777404,0,0,0,0,0,0,0,0,0,0,0,0,0,0,0,0,0,0,0,0,0,0,0,0,0,0,0,0.0105705342257485,0,0,0,0,0,0,0,0,0,0,0.0233473247857975,0,0.0314861547985085,0,0,0,0,0,0,0,0,0,0,0,0,0,0.000955367540413653,0,0,0,0
0,0,0,0,0,0,0,0,0.0177100995163329,0,0,0,0,0,0.0466998007805102,0,0.00747429244752696,0,0,0,0,0,0.000805459506387692,0,0.028473181527277,0,0,0,0.000736834828442083,0,0,0,0,0,0,0,0,0,0,0,0,0,0,0,0,0,0,0,0,0,0,0,0,0,0.105865930361414,0,0,0,0,0,0,0,0,0,0,0,0,0.239198430796121,0,0.119929870630459,0,0.00053211291310135,0,0,0,0,0,0,0,0,0,0,0.000435891761175385,0,0,0,0
0,0,0,0,0,0,0,0,0,0,0,0.0513592658744918,0,0.0095702514148989,0,0,0,0,0,0,0,0.0152452392877005,0,0,0,0.0359825591777404,0,0,0,0.0874245433129966,0,0,0,0,0,0,0,0.00120065328109944,0,0,0,0,0,0,0,0,0,0,0,0,0,0,0,0,0,0,0,0.00652966716893404,0,0.0295860973178376,0,0,0,0,0.000110666398541071,0,0,0,0.101524942809492,0,0.37422639166874,0,0.00208395759354448,0,0,0,0,0,0,0,0.00459477557662062,0,0.00271935451376487,0.00677704251470931,0,0,0
0,0,0,0,0,0,0,0,0,0,0.000227391001867572,0,0.00911813719824653,0,0.0106513804221051,0,0,0,0,0,0,0,0.00661623830287439,0,0.00577984733553033,0,0.000736834828442083,0,0,0,0.0625538506426991,0,0,0,0,0,0,0,0.00591785082837379,0,0,0,0,0,0,0,0,0,0.000108004145522726,0,0,0,0,0,0,0,0.000132616885017187,0,0,0,0,0,0,0,0,0.00018180954436035,0,0.00123367574619693,0,0.0030155352176619,0,0.318570701932097,0,0.0527438961686207,0,0,0,0,0,0,0,0.0023655504531022,0.00192810259715363,5.11674280958898e-05,0,0,0
0,0,0,0,0,0,0,0,0,0,0,0.0421321362920331,0,0,0,0,0,0,0,0.00164476622080607,0,0,0,0,0,0,0,0.0874245433129966,0,0,0,0,0,0,0,0,0,0.0250017204350052,0,0,0,0,0,0,0,0,0,0,0,0,0,0,0,0,0,0,0,0.00449652578354439,0,0,0,0,0.000168155603465552,0,0,0,0,0,0,0,0.0377154956567709,0,0.0982635880506488,0,0,0,0,0,0,0,0.00227621664837832,0,0.002549212474936,0.00295057590995143,0,0,0
0,0,0,0,0,0,0,0,0,0,0.00244359917221094,0,0,0,0,0,0,0,0,0,0,0,0,0,0,0,0,0,0.0625538506426991,0,0,0,0,0,0,0,0,0,0.0182229943757824,0,0,0,0,0,0,0,0,0,0,0,0,0,0,0,0,0,0.0117976417997052,0,0,0,0,0,0,0,0,0,0,0,0,0,0,0.0179888425949751,0,0.159312320229296,0,0,0,0,0,0,0,0.00120165158320779,0.000157771858807478,0,0,0,0
0,0,0,0,0,0,0,0,0,0,0,0,0,0,0,0,0,0,0,0,0,0,0,0,0,0,0,0,0,0,0,0,0.641622914540834,0.00938753495854261,0.00677230375564058,0.00525525423614805,0.00829109712960399,0,0,0,0,0,0,0,0,0,0,0.143662923763784,0,0.000844322373566835,0,0,0,0,0,0,0,0,0,0,0,0,0,0,0,0,0,0,0,0,0,0,0,0,0.226323387684874,0.0262107269695239,0.0185607261315408,0.000624169182176799,0.0211266649981793,0.00127103841927769,0,0,0.00108788496230223,0,0,0,0
0,0,0,0,0,0,0,0,0,0,0,0,0,0,0,0,0,0,0,0,0,0,0,0,0,0,0,0,0,0,0,0.641622914540834,0,0.00520702399438588,0.0434982627763104,0.00386704259608862,0.00261721989961046,0,0,0.000619428263470344,0,0,0,0,0,0,0,0.255164144132181,3.41258510711418e-05,0.0370692594783589,0,0,0,0,0,0,0,0,0,0,0,0,0,0,0,0,0,0,0,0,0,0,0,0,0.140359278144185,0.182268936468005,0,0.00622371942253068,0.00578424765738603,0.00104664487068084,0,0,0.00135672189114409,0,0,0,0
0,0,0,0,0,0,0,0,0,0.00183117268808209,0,0,0,0,0,0,0,0,0,0,0,0,0,0.00788534608123276,0,0,0,0,0,0,0,0.00938753495854261,0.00520702399438588,0,0.613300068224027,0.00471199294581122,0.000572588879540754,0.0101635402113977,0.000926562667706379,0,0,0.000107720746220164,0,0,0,0,0,0.242620509373718,0.000282949266673246,0.00228678248165772,0,0,0,0,0,0.00181117007240522,0,0,0,0,0,0,0,0,0,0,0.00362437603256306,0,0,0,0,0,0,0,0.00602925159238003,0.000177417975077164,0.468629778173579,0.194507595133854,0.00387574272915286,0,0.00704922133917769,0.00123880803773145,0.0026135407386401,0.000629619641912113,1.25676146522562e-05,0,0
0,0,0,0,0,0,0,0,0,0,0,0,0,0,0,0,0,0,0,0,0,0,0,0,0,0,0,0,0,0,0,0.00677230375564058,0.0434982627763104,0.613300068224027,0,0,0.0114202251631314,0,0.00757039780302621,0,0,0,0,0,0,0,0,0.172766423516668,0,0.00331484940555969,0,0,0,0,0,0,0,0,0,0,0,0,0,0,0,0,0,0,0,0,0,0,0,0,0,0.0132372116397015,0.358527488137929,0.287724726904842,0,0.000236262862284519,6.92172127719809e-05,0.000360184719812558,0.00195502488495722,0.000295374496775677,4.02148555828693e-05,0,0
0,1.92995061671817e-05,7.52149889217428e-05,8.83621568976458e-05,5.81354341969696e-05,7.18518317678793e-05,0,0,0,0,0,0.0108098104184188,0,0,0,0,0,0,1.93146063795917e-05,0.0295962159565858,5.39832135599816e-05,0,0,0,0,0,0,0,0,0,0,0.00525525423614805,0.00386704259608862,0.00471199294581122,0,0,0.0298551487061449,0.0518236368340319,0,0.00117359352910667,5.39360888336312e-05,4.34767423810953e-05,7.31154967902623e-06,0,0,0.000515863993788466,6.82578599684689e-06,0.000436285921494255,0,7.70651280127821e-05,1.42396230139495e-05,0,0,0,0,0,0,0.00306340784005275,0,0,0,0,0.0098958731732045,6.04031039103215e-05,0,0,0,0,0,0,0,0,1.03065390897274e-05,0,0.00417040696551639,0.000460871185676931,0.0164009677838224,0,0.267498863574206,0.00864590061814804,0.0102582730404286,0,0.0328933686021117,0.0116707111961612,0.00217001806428893,0,0
1.0274626069983e-05,0,0.000267735120428483,0,0.00042501900007653,0,0,0,0,0,0.0150276046168285,0,0,0,0,0,0,0,0,0,0.0202079710513215,0,0,0,0,0,0,0,0,0,0,0.00829109712960399,0.00261721989961046,0.000572588879540754,0.0114202251631314,0.0298551487061449,0,0.000386945714161217,0.0225095657134123,0,0.000101104479287264,0,0.000153268004377309,0,0,0,0.000103280698322037,0.00225815495559053,0.000415727378648505,0,0,0,0,0,0,0,0.000121522387377675,0,0,0,0,0,0,0.0321450754504987,0,0,0,0,0,0,0,0,0,2.9489222870935e-06,0.00167194742746415,0.00785641994854064,0,0.0376200475509372,0.0264150851202245,0.238452320302865,0,0.00259447591581758,0.0269193504527954,0.00526161994201854,0.00344210215365937,0,4.80257032152657e-05
0,8.00751262315088e-05,0,0,0,0,0,0,2.7769630939517e-05,0.00358878697793824,0,0.0572329646465818,0,0,0,2.96992389850147e-05,0,0,2.5242274306253e-05,0.0128989949656477,0,0.0314733188978558,0.00292535032412497,0.0289540082694225,0,0,0,0.00120065328109944,0,0.0250017204350052,0,0,0,0.0101635402113977,0,0.0518236368340319,0.000386945714161217,0,0.0138461327608097,2.86216072756659e-05,0,0.00306227806683605,0.000251126353995209,0,0,0.00117307702445716,0,0.00393104555324082,0.000197100895136177,0.0150132747895249,0,0,0,0,0,0.00501915070247012,0,0.0377758203935251,0,0,0,0,0.00684741198763689,0,0.0275156990926551,0.0017216248213357,0.0195719559810785,8.49004167870111e-05,0,0,0.000532660223749089,0,0.0169662646809208,0,0,0,0.00286271294160631,0.00229246283837898,0.0256382394952018,5.91588558967321e-06,0.2646838421369,0.00290697657800219,0.0186906558132389,0.000290317008674465,0.00506271503687796,0,0
0,0,0,0,0,0,0,0,0.00405402459638505,0,0.0775774777364129,0,0,0,0,0,0,0,0,0,0.0125633470529148,0.00418136191405952,0.0260854789295434,0,0.0221671512920659,0,0,0,0.00591785082837379,0,0.0182229943757824,0,0,0.000926562667706379,0.00757039780302621,0,0.0225095657134123,0.0138461327608097,0,0,0,1.14425251378858e-05,0.00175862727296311,0,0,0,4.87314032775392e-05,0.00474423696330981,0.0207925768902765,7.5046550095181e-05,0,0,0,0,0.00268488522181263,0,0.0434815089266469,0,0,0,0,0,0,0.00509457206995437,0.00198523079340344,0.0129722291323829,0,0.0205359279005665,0,0,0,0.00969512279649292,0,0.0210865013050326,0,0,0.000235370866814516,0.00895444005486802,0,0.0099991606215558,0.00147796784503043,0.238925383652308,0.0098466688406037,0.000310474966321611,0.00389425318275297,0,0
0,0.00120012906027615,0.000153337841936954,0.0144547324598345,0,0.000829772772656324,0,0,0,0,0,0,0,0,0,0,0.00126411047108873,0.00677573035318207,0.0234786026786396,0,0,0,0,0,0,0,0,0,0,0,0,0,0.000619428263470344,0,0,0.00117359352910667,0,2.86216072756659e-05,0,0,0.00388196663827962,0.0371262880895218,0.000265962781853759,0.00178351268485241,0,0.0724363135373265,0.00091224744864292,0.0176066899555512,0.00539060660300281,0.0297790350883639,0,0.000374956162116136,0,0,0,0.000219795193103345,2.77168469975645e-05,0.00121836206143768,0,0,0,0,0.0339148300587444,0.0003091524671493,0,0,0,0,0,0,0,0,0.00392046140543233,0,0,0,0,0,0.0133402308127335,0.000286871273202635,0.000552854710531547,0,0.00228321169236072,1.6597099297346e-05,0.103914239167261,0.00184636628475342,0.000507813853972603
0.00730515696759064,0,0.0011966050439688,0.000314771073589337,0.000277810230508019,0,0,0,0.00108726568809609,0,0,0,0,0,0,0,0.00682075978365128,0.0016448701906004,0.0310376976445854,0,0,0,0,0,0,0,0,0,0,0,0,0,0,0,0,5.39360888336312e-05,0.000101104479287264,0,0,0.00388196663827962,0,0.000918719253067694,0.0629717662394297,0,0,0.00174636918031193,0.0771626304436396,0.00336076640746801,0.077253811753126,0.00137095036658306,0,0,0,0,0,0,0.000542862527366654,2.90534423397191e-05,0,0,0,0,0.0003932522641616,0.0335350621060494,0,0,0,0,0,0,0,0,0.000715260643394604,9.76265309317216e-05,0,0,0,0,0.00025773588418768,0.0209963236719372,0,4.97893500278674e-05,0.00289431024710593,0.000280595802477699,0.0698757835910142,0,0.0197938237409407
0.000377974093338304,0.0437366205444818,1.49506928449283e-05,0.0208112697020046,0,0.00489409501502968,0,0,0.000505039589112672,0.0112939138820337,0,0,0,0,0,8.5022172204319e-05,0.00153682194735274,0.00435261696051987,0.0204330453314418,2.54587805442914e-05,0,0.000106041472303961,0,0.000420574398161257,4.72834700372145e-05,0,0,0,0,0,0,0,0,0.000107720746220164,0,4.34767423810953e-05,0,0.00306227806683605,1.14425251378858e-05,0.0371262880895218,0.000918719253067694,0,0.0135458277578803,0.00325016624529935,0,0.0114530905720682,0.00066475609264212,0.00303125629031845,0.00591225515415121,0.0475295320641607,0,0.00011206273939299,0,0,0.000710978692983445,0.00727555451397459,0.000161714081016385,0.00618657331782639,0,0,3.42499685838937e-05,0.000157746135923425,0.005512049476191,6.13985398674639e-05,0,0,0.0023445767276936,9.74050093538433e-05,0,0,0,0,0.0395749536430815,1.09491673507198e-05,0,0,0,0,0.006398902878762,0.000225924752490258,0.000503557619446041,0,0.00876760349321245,0.000247053846475209,0.162141009268339,0.0133870748576413,0.000123346021637025
0.0251983176196946,0.000152163483011943,0.0122400700070279,5.13224366641622e-05,0.00482104189672748,0,0,0,0.0312306177689633,0.000104104857176875,0,1.47638408719839e-05,0,0,0,0,0.00644466615343703,0.00124389124010281,0.0237461357973315,0,3.30973765943132e-05,0,0,0.000122728636188472,0.00593037574122806,0,0,0,0,0,0,0,0,0,0,7.31154967902623e-06,0.000153268004377309,0.000251126353995209,0.00175862727296311,0.000265962781853759,0.0629717662394297,0.0135458277578803,0,3.0280429592096e-05,0,0.00132859865056902,0.00608488329904638,0.000741933634077288,0.0181769368157981,0.00481562475410008,0,0,0,0,0.0116210487423203,0.000147673535487211,0.0126846034590832,7.52031922211501e-06,0,0,0.00190874255310645,0,0.000122855191082275,0.0108720142980774,0,0,0.000265389234351763,0.00445206735958866,0,0,0,0,0.000365017328678625,0.00343518057514224,0,0,0,0,0.000153100018202737,0.0214888058369818,1.49917916928986e-05,0.000152719475083575,0.00950211586575995,0.00172430447655108,0.210767844073574,9.42119874489779e-05,0.0391165748364595
0,0,0,0,0,0,0,0,0,0,0,0,0,0,0,0,9.13570725732574e-06,0.000208390006981132,0.00114008632321268,0,0,0,0,0,0,0,0,0,0,0,0,0,0,0,0,0,0,0,0,0.00178351268485241,0,0.00325016624529935,3.0280429592096e-05,0,0,0,0,0,0,0,0,0,0,0,0,0,0,0,0,0,0,0,0.000124633781175437,0,0,0,0,0,0,0,0,0,0.000277645120235069,0,0,0,0,0,0.000578867611101723,1.83839844597037e-05,6.9153053959103e-06,0,0.000113612056967084,0,0.00290066029703657,0.001188699412696,0
0,0,0,0,0,0,0,0,0,0,0,0,0,0,0,0,0,0,0,0,0,0,0,0,0,0,0,0,0,0,0,0,0,0,0,0,0,0,0,0,0,0,0,0,0,0,0,0,0,0,0,0,0,0,0,0,0,0,0,0,0,0,0,0,0,0,0,0,0,0,0,0,0,0,0,0,0,0,0,0,0,0,0,0,0,0,0
0,0.00820828124384573,0.000371166112893203,0.000268182036384871,0,0,0,0,0,0,0,0,0,0,0,0,0.00157986431377185,0.00400945316671598,0.0252218243952722,0.00206770126061114,0,0,0,0,0,0,0,0,0,0,0,0,0,0,0,0.000515863993788466,0,0.00117307702445716,0,0.0724363135373265,0.00174636918031193,0.0114530905720682,0.00132859865056902,0,0,0,0.000560576677807925,0,0,0.00212895966215951,0,0,0,0,0,0,2.36520331577339e-05,0.00241045117114829,0,0,0,0,0.108549649918064,0.000494088505921694,0,0,0,0,0,0,0,0,0.010174806024528,0,0,0,0,0,0.0194110298440749,0.000343639231322143,0.00492624073155834,0,0.00207414824173999,2.94896932662136e-05,0.0468104726406479,5.3545113926579e-05,0.000272635096479133
0.00698782535792247,0,0.0012904039173991,0,8.52375915915502e-05,0,0,0,0.000432034139014211,0,0,0,0,0,0,0,0.00361040346513003,0.000724529894632083,0.0161009297762775,0,0.00337991279696283,0,0,0,0,0,0,0,0,0,0,0,0,0,0,6.82578599684689e-06,0.000103280698322037,0,4.87314032775392e-05,0.00091224744864292,0.0771626304436396,0.00066475609264212,0.00608488329904638,0,0,0.000560576677807925,0,0,0.00167326640260682,0,0,0,0,0,0,0,0.000190365407520378,0,0,0,0,0,0.000128624005301302,0.0616989905109496,0,0,0,0,0,0,0,0,3.0847250802853e-05,0.000443710403705806,0,0,0,0,0.000115255731962606,0.028419555734277,0,0.000269071218906036,0.00181398549283451,0.000163348356726699,0.0622115503908132,0,0.000715560184107589
0,0,0,0,0,0,0,0,2.52705658893167e-05,6.66791571916959e-05,0,0,0,0,0,0,0,0,0,0,0,0,0,0,3.03783177885305e-05,0,0,0,0,0,0,0.143662923763784,0.255164144132181,0.242620509373718,0.172766423516668,0.000436285921494255,0.00225815495559053,0.00393104555324082,0.00474423696330981,0.0176066899555512,0.00336076640746801,0.00303125629031845,0.000741933634077288,0,0,0,0,0,0.0728558777940626,0.39765102724222,0,0,0,0,0,0,0,0,0,0,0,0,0,2.84934219719215e-05,0,0,4.44606823177744e-05,6.20434137486728e-05,0,0,0,0,0,0,0.00757263588284093,0.00165416509163239,0.0120324236469549,0.00326426380535444,0.00604920966528958,0.00116890569309562,0.000115385470442317,7.73249452100549e-05,0.0309705938231519,0.000525130081563393,0.0183643640608714,0,0
0.0333565907055812,8.03432317716523e-05,0.00259684158624834,0,0.000837008279360302,0,0,0,0.0181276458820362,0.00011040525903913,0,0,0,0,0,2.54534464708303e-05,4.5596590618683e-05,0,0.000260289566031728,0,2.22596290609499e-05,0,0.00847135470271796,0,0.00603251055602015,0,0,0,0.000108004145522726,0,0,0,3.41258510711418e-05,0.000282949266673246,0,0,0.000415727378648505,0.000197100895136177,0.0207925768902765,0.00539060660300281,0.077253811753126,0.00591225515415121,0.0181769368157981,0,0,0,0.00167326640260682,0.0728558777940626,0,0.0637449260935994,0,0,0,0,0.0304134264624787,0.000110106451350834,0.000278738454341263,0,0,0,9.86156489152508e-05,0,0,0.00087606624911798,0,0.00288589212552377,0,0.00983479345087552,0,0,0,0.00120430438136789,0,0.00447367158604328,0,0,0,0,0,0.00149466047898762,1.02706986598285e-05,0.0102481707160269,0.0201657986835121,0.00109599483746294,0.0537286723732929,0,0.00153200883755662
0.000120464027684521,0.0160020371693151,0,0.00982553048233563,0,0.00168137255369624,0,0,0.00015563318793204,0.0081322903755645,0,0,0,0,0,0,0,0.000101703668668601,0.000182435374269446,0,0,0.00306786676958683,0,0.011007144788444,1.67542932212599e-05,0,0,0,0,0,0,0.000844322373566835,0.0370692594783589,0.00228678248165772,0.00331484940555969,7.70651280127821e-05,0,0.0150132747895249,7.5046550095181e-05,0.0297790350883639,0.00137095036658306,0.0475295320641607,0.00481562475410008,0,0,0.00212895966215951,0,0.39765102724222,0.0637449260935994,0,0,0,0,0,0.000203951353399131,0.00308776611935301,1.83348345651367e-05,0.000736696555843792,0,0,2.35979357723518e-05,0.00188375645056818,0.000932817544359388,0,0.00720859789575535,0,0.0258524318121484,0.000303697974442155,0.00329913851246209,0,0.0243469478733739,0,0.0140250714384956,0,0.000543187329199876,4.74969040168702e-05,0,0,0.00265078171670452,0,0.0166636405118204,0,0.0246478310773923,0.00047250129572248,0.0539050697718849,0.000497223141090813,0
0,0,0.0438950819978876,0,0.0815301176250712,0,0,0,0,0,0.000189989098632042,0,0,0,0,0,0,0,0,0,0.0194191844869696,0,0,0,0,0,0,0,0,0,0,0,0,0,0,1.42396230139495e-05,0,0,0,0,0,0,0,0,0,0,0,0,0,0,0,0,0.00823550759719292,0,0,0,0.0175205004224151,0,0.000115586895844899,0,0.0380878673830021,0,0,0.00019116238939459,0,0,0,0,0,0,0,0,0,0,0,0,0,0,0,0,0,0,6.04806296304004e-05,0,0.00338732727147712,0,0
0,0,0,0.0530282022348464,0,0.0691055342044768,0,0.00181016413880908,0,0,0,0.0311926670113214,0,0,0,0,0,0,0,0.000146693124586796,0,0,0,0,0,0,0,0,0,0,0,0,0,0,0,0,0,0,0,0.000374956162116136,0,0.00011206273939299,0,0,0,0,0,0,0,0,0,0,0,0,0,0,0,0.0271469333410085,0,0,0,0,0.000132048049681152,0,0,0,0,0,0,0,0,0,0,0,0,0,0,0,1.24509222024768e-05,0,0,0,0.000859426389595424,0,0.000467444685528342,0,0
0,0,0,0,0,0,0.0128723101959445,0,0,0,0.000193050189409405,0,0,0,0,0,0,0,0,0,0,0,0,0,0,0,0,0,0,0,0,0,0,0,0,0,0,0,0,0,0,0,0,0,0,0,0,0,0,0,0.00823550759719292,0,0,0,0,0,0.0131956506330005,0,0.0027887056299633,0,0,0,0,0,0,0,0,0,0,0,0,0,0,0,0,0,0,0,0,0,0,0,0.000111628308449352,0,0,0,0
0,0,0,0,0,0.00397863258976539,0,0.00421743898414114,0,0,0,0.00879861014282548,0,0,0,0,0,0,0,0.0117742999784515,0,0,0,0,0,0,0,0,0,0,0,0,0,0,0,0,0,0,0,0,0,0,0,0,0,0,0,0,0,0,0,0,0,0,0,0,0,0.00764618337535527,0,0,0,0,8.63076995581864e-05,0,0,0,0,0,0,0,0,0,0,0,0,0,0,0,0,0,0,0,0.000913428834388112,0,0,0,0
0.136220760917272,4.35680653091859e-05,0.0965636582882314,0,0.00213886833583815,0,0,0,0.314941906123617,0.000100442003751433,0,0,0,0,0.00734118607336829,0,0,0,0,0,0,0,0,0,0.00555252134276318,0,0.105865930361414,0,0,0,0,0,0,0,0,0,0,0,0.00268488522181263,0,0,0.000710978692983445,0.0116210487423203,0,0,0,0,0,0.0304134264624787,0.000203951353399131,0,0,0,0,0,0,0.000175557819122678,0,0.00465580296088026,0,0.158803817815778,0,0,0,0,0,0,0.010308507803167,0,0.0216678472968085,0,0,0,0,0,0,0,0,0,0,0,0.00106551213328426,0.000569471137914813,3.87958195117207e-06,0.007956225464564,0,0.00012004499187444
0,0.0915638599452092,0,0.0786246122821875,0,0,0,0,7.77942947464139e-05,0.197336394495159,0,0,0,0.000451774485626741,0,0.131276523928333,0,0,0,0,0,0,0,0.021004675380483,0,0.0105705342257485,0,0,0,0,0,0,0,0.00181117007240522,0,0,0,0.00501915070247012,0,0.000219795193103345,0,0.00727555451397459,0.000147673535487211,0,0,0,0,0,0.000110106451350834,0.00308776611935301,0,0,0,0,0,0,0,2.72778666613298e-05,0,0.00122623575158828,0,0.442152164355849,0.000243653540087785,0,0,0,0.0225665440248903,0,0.0181187857199533,0,0,0,0,0,0,0,0.00164868612982137,0,4.78653990241973e-06,0,0.00223048531173357,0,0.000635409256315797,3.36532351870773e-05,0.0117976810332642,0.000123495804669639,0
0.000859349559744908,1.2745216558141e-05,0.00327674137108618,0,8.65818512338756e-05,0,9.37426739255898e-05,0,0,0,0.100604958399055,0,0.0112491940688792,0,0,0,9.63677389171814e-05,3.83068993090735e-05,0.000914358631711,0,0.000813888833533367,0,0,0,0,0,0,0,0.000132616885017187,0,0.0117976417997052,0,0,0,0,0,0.000121522387377675,0,0.0434815089266469,2.77168469975645e-05,0.000542862527366654,0.000161714081016385,0.0126846034590832,0,0,2.36520331577339e-05,0.000190365407520378,0,0.000278738454341263,1.83348345651367e-05,0.0175205004224151,0,0.0131956506330005,0,0.000175557819122678,0,0,0,0.0141335340822636,0,3.06954695061129e-05,0,0,0.00974914993004718,0,0,0,0,0,0,0,0,1.60309534976816e-05,0.0664878455509647,0,0,0,0,2.35992189195439e-06,0.000179566308938952,3.65289275273311e-06,0.00410701455800775,0.00073484849860958,8.40903487526108e-05,0.0342364121077881,0,0.00502366938704435
0,0.00176446083356405,0,0.00212489083890255,0,0.000306847138017333,0,0.00139294632909413,0,0.000437415499183084,0,0.21687329059699,0,0,0,0,1.28498942521751e-05,0.00026596594887583,0.00114513514471177,0.0954652535920464,0,0,0,0,0,0,0,0.00652966716893404,0,0.00449652578354439,0,0,0,0,0,0.00306340784005275,0,0.0377758203935251,0,0.00121836206143768,2.90534423397191e-05,0.00618657331782639,7.52031922211501e-06,0,0,0.00241045117114829,0,0,0,0.000736696555843792,0,0.0271469333410085,0,0.00764618337535527,0,2.72778666613298e-05,0,0,0,0.00169378482906904,0,0,0.0396896513363781,1.39096284064583e-05,0,0,0,0,0,0,0.000417825842586303,0,0.186144450499775,0,0,0,0,0,0.000441453373514565,0,0.000212857044329662,0,0.00184966918870352,0.000108165016711221,0.0262924345492102,0.000901789680648444,0
4.35039379376461e-05,0,0.000584082590314571,0,9.42449746710958e-05,0,0,0,0,0,0.00316885463640953,0,0.05451877723266,0,0.000511195856943113,0,0,0,0,0,0,0,0,0,0,0,0,0,0,0,0,0,0,0,0,0,0,0,0,0,0,0,0,0,0,0,0,0,0,0,0.000115586895844899,0,0.0027887056299633,0,0.00465580296088026,0,0.0141335340822636,0,0,0,0.000823459375175319,0,0,0,0,0,0,0,0,0,0,0,0,0,0,0,0,0,0,0,0,0,2.24951009379615e-05,2.85880705632735e-05,3.75584367954122e-05,0,0
0,0,0,0.00324125358727704,0,0,0,0,0,0,0,0.0529924360054517,0,0.116507170959243,0,0,0,0,0,0,0,0,0,0,0,0,0,0.0295860973178376,0,0,0,0,0,0,0,0,0,0,0,0,0,0,0,0,0,0,0,0,0,0,0,0,0,0,0,0.00122623575158828,0,0.00169378482906904,0,0,0,0,0,0,0,0,0,0,0,0,0.000977250084434327,0,0,0,0,0,0,0,0,0,0,0,0.000454254102103793,0.00177530686365838,0,0,0
0.0815120241500225,0,0.000191300949446199,0,0.00655659785311586,0,0,0,0.0570721291701305,0,0,0,0,0,0.00320915379432667,0,8.19523025438855e-05,0,0,0,0,0,0,0,0,0,0,0,0,0,0,0,0,0,0,0,0,0,0,0,0,3.42499685838937e-05,0.00190874255310645,0,0,0,0,0,9.86156489152508e-05,2.35979357723518e-05,0.0380878673830021,0,0,0,0.158803817815778,0,3.06954695061129e-05,0,0.000823459375175319,0,0,0,0,0,0,0,0,0,0,0,0,0,0,0,0,0,0,0,0,0,0,0,8.44109564769719e-06,0,0.00215676110558187,0,0
0,0.0197905113612891,0,0.0142694897368148,0,0.000331840041326359,0,0,0,0.0990602622740045,0,0,0,0,0,0.0167445695955776,0,0,0,0,0,0,0,0.000343216975086255,0,0,0,0,0,0,0,0,0,0,0,0,0,0,0,0,0,0.000157746135923425,0,0,0,0,0,0,0,0.00188375645056818,0,0,0,0,0,0.442152164355849,0,0,0,0,0,0,0,0,0,0,0.00227849744868658,0,0.00143198629234164,0,0,0,0,0,0,0,0,0,0,0,0,0,0.00023424966234808,0,0.000481438815094172,0.000670216330689706,0
0,0.00383865339792714,0,0.000668164110230251,0,0.00218092376294439,0,0.000989641642119482,0,0,0,0.0178191001437096,0,0,0,0,0.000226126336621719,0.00142309570447451,0.00552984622697977,0.140231747012705,0,0,0,0,0,0,0,0,0,0.000168155603465552,0,0,0,0,0,0.0098958731732045,0,0.00684741198763689,0,0.0339148300587444,0.0003932522641616,0.005512049476191,0.000122855191082275,0.000124633781175437,0,0.108549649918064,0.000128624005301302,0,0,0.000932817544359388,0,0.000132048049681152,0,8.63076995581864e-05,0,0.000243653540087785,0,0.0396896513363781,0,0,0,0,0,6.64931618947875e-05,0,0,0,0,0,0,0,0,0.0222309255924194,0,0,0,0,0,0.0146911504936817,8.01105947313903e-05,0.00512526505625383,0,0.00331764899497944,1.72213609911784e-06,0.0358671162930666,0.000207875666001734,2.6758196512327e-05
0.000245454551272471,0,0.000100009864085712,0,0.00448714325450154,0,0.000916872402399439,0,0.0001970227445472,0,0.0903904230100256,0,0,0,0,0,0.000660281046191026,0.000266882870808582,0.00294571164353503,0,0.3594794718807,0,0,0,0,0,0,0,0,0,0,0,0,0,0,6.04031039103215e-05,0.0321450754504987,0,0.00509457206995437,0.0003091524671493,0.0335350621060494,6.13985398674639e-05,0.0108720142980774,0,0,0.000494088505921694,0.0616989905109496,2.84934219719215e-05,0.00087606624911798,0,0.00019116238939459,0,0,0,0,0,0.00974914993004718,1.39096284064583e-05,0,0,0,0,6.64931618947875e-05,0,0,0,0,0,0,0,0,0,0,0.00387000134935915,0,0,0,0,6.84735966197197e-05,0.0171027046884955,0,0.000380437025158565,0.00244763369482911,1.52662975518952e-05,0.0324950986815148,0,0.000313358399067702
0,0,0,0,0,0,0,0,0,0,0,0,0,0,0,0,0,0,0,0,0,0.303076990012714,0.0127643605285728,0.0120633319968044,0,0,0,0.000110666398541071,0,0,0,0,0,0,0,0,0,0.0275156990926551,0.00198523079340344,0,0,0,0,0,0,0,0,0,0,0.00720859789575535,0,0,0,0,0,0,0,0,0,0,0,0,0,0,0,0.00636075606414292,0.0067111128908152,0,0.00428424077977857,0,0.00862508305610666,0,0,0,0,0,3.96326722877072e-05,0,0,0,0.00318714861570625,0.00163262799736663,0.00774067032977172,0.000409773730545731,0,0,0
0,0,0,0,0,0,0,0,0,0,0,0,0,0,0,0,0,0,0,0,0,0.0512871992359632,0.375758354129486,0,0.00126917566464585,0,0,0,0.00018180954436035,0,0,0,0,0,0,0,0,0.0017216248213357,0.0129722291323829,0,0,0,0,0,0,0,0,0,0.00288589212552377,0,0,0,0,0,0,0,0,0,0,0,0,0,0,0,0.00636075606414292,0,0,0.01848714229256,0,0.00397670187430542,0,0.000601037555916016,0,0,0,0,0,0,0,0,0,0.00938738131416097,0.0166336371615929,0.00259240803976966,8.26907785551016e-05,0,0
6.11981649060621e-05,0.000902491975959166,0,0,0,0,0,0,0,0.00542295663605193,0,0,0,0,0,0.000877803395965994,0,0,0,0,0,0.0083951820389539,0,0.356911409274461,0,0.0233473247857975,0,0,0,0,0,0,0,0.00362437603256306,0,0,0,0.0195719559810785,0,0,0,0.0023445767276936,0.000265389234351763,0,0,0,0,4.44606823177744e-05,0,0.0258524318121484,0,0,0,0,0,0.0225665440248903,0,0,0,0,0,0.00227849744868658,0,0,0.0067111128908152,0,0,0,0.0311345320471912,0,0,0,0,0,0,0,0.00374484805670107,0,0,0,0.00644854885715589,0,0.00408012483827976,0.000667577877370011,0.0111699102084616,0,0
0.000177548801272074,0,0,6.03322409559875e-05,0,0,0,0,0.000364402254148106,5.86983835264222e-05,0,0,0,0,0,0,0,0,0,0,0,0,0.0204835628000169,0,0.272493331320953,0,0.239198430796121,0,0.00123367574619693,0,0,0,0,0,0,0,0,8.49004167870111e-05,0.0205359279005665,0,0,9.74050093538433e-05,0.00445206735958866,0,0,0,0,6.20434137486728e-05,0.00983479345087552,0.000303697974442155,0,0,0,0,0.010308507803167,0,0,0,0,0,0,0,0,0,0,0.01848714229256,0,0,0,0.00736424920773236,0,0.000385352084257967,0,0,0,0,0,0,0,0,0,0.00680595562279138,0.000506954106139938,1.1067360262816e-05,0.0084357535982862,0,0
0,0,0,0,0,0,0,0,0,0.0951870274961643,0,0,0,0,0,0,0,0.00565538138433852,0,0,0,0.0037351805418102,0,0.282247209338846,0,0.0314861547985085,0,0.101524942809492,0,0,0,0,0,0,0,0,0,0,0,0,0,0,0,0,0,0,0,0,0,0.00329913851246209,0,0,0,0,0,0.0181187857199533,0,0,0,0,0,0.00143198629234164,0,0,0.00428424077977857,0,0.0311345320471912,0,0,0,0.0116683265103948,0,0,0,0,0,0,0,0,0,0,0,0.00261156771770782,0,2.13834297931566e-05,0,0
0,0,0,0,0,0,0,0,0.0142477016216202,0,0,0,0,0,0,0,0.00405616549291068,0,0,0,0,0,0.0102211728775558,0,0.0119922208443254,0,0.119929870630459,0,0.0030155352176619,0,0,0,0,0,0,0,0,0,0,0,0,0,0,0,0,0,0,0,0,0,0,0,0,0,0.0216678472968085,0,0,0,0,0,0,0,0,0,0,0.00397670187430542,0,0.00736424920773236,0,0,0,0,0,0,0,0,0,0,0,0,0,0,0.00116708820953823,0,0,0,0
