0,0,0.150233074264255,0,0.226332496851683,0,0,0,0.209778183976964,0,0,0,0,0,0,0,0,0,0,0,0,0,0,0,0,0,0,0,0,0,0,0,0,0,0,0,0,0,0,0,0,0,0.269326106860087,0,0,0,0,0,0.170658096021344,0,0,0,0,0,0.215376315202485,0,0,0,0.14410779944488,0,0.141344657139992,0,0,0,0,0,0,0,0,0,0,0,0,0,0,0,0,0,0,0,0,0,0.182680861239538,0,0.175769870033425,0,0
0,0,0,0.302446176540362,0,0,0,0,0,0.152629560591846,0,0,0,0,0,0.198742629069349,0.303129315376282,0.294535011053085,0.326303397514382,0,0,0,0,0.250159025192261,0,0,0,0,0,0,0,0,0,0,0,0.351725876331329,0,0,0,0,0.427782118320465,0.323794638409334,0.304332911968231,0.290687143802643,0,0,0,0,0,0.185317023650927,0,0,0,0,0,0.151465369052574,0,0.319811880588531,0,0,0,0.187197648264744,0,0,0,0,0.148222371935844,0,0.134990960359573,0,0.326712340116501,0,0.367079595724742,0,0,0.33490002155304,0,0,0.399909093976021,0,0.397747299500874,0,0.3184182374297,0,0.254930642494555,0,0
0.150233074264255,0,0,0,0.233392506728277,0,0,0,0.163294452337586,0,0.357018158242509,0,0,0,0,0,0,0,0.301670551300049,0.345906764268875,0.344657181629113,0,0,0,0,0,0,0,0,0,0.388490229845047,0,0,0,0,0.244818486273289,0.259809765678186,0,0.356026709079742,0.294410526752472,0.3457167331989,0.310469800233841,0.332401809991164,0,0.338908493518829,0.302590030431747,0.255353324943119,0.301014804177814,0.17483694255352,0.294618825682185,0.200320597934095,0,0,0,0.159846829721325,0,0.346127631537842,0,0.229397714138031,0,0,0,0,0.313885609971152,0,0.388421714305878,0,0,0,0,0,0.419258505105972,0,0.401153122385343,0,0.309468880295753,0,0,0.324212834239006,0.322399113198806,0.327721834182739,0.39208579659462,0.197052854201833,0.293777570128441,0.288871393332051,0,0.317603104644352
0,0.302446176540362,0,0,0,0,0,0,0,0.284375940050398,0,0,0,0,0,0,0,0,0.32792429625988,0.329644978046417,0,0,0,0.273809805512428,0,0,0,0,0,0,0,0,0,0,0,0.387977284880785,0,0.388890385627747,0,0.250505719333887,0,0.342423265711742,0,0,0,0.275100357830524,0,0,0,0.233744414921465,0,0,0,0,0,0,0,0.354524988681078,0,0.215117812156677,0,0.183085959404707,0,0,0,0,0,0,0,0,0.410235434770584,0,0.407797439230813,0,0,0,0,0,0.4193099796772,0,0.457971684860461,0,0.341588993556798,0,0.300977883078319,0.344996378535316,0
0.226332496851683,0,0.233392506728277,0,0,0,0.193839758102383,0,0.193426389323205,0,0.308309415976206,0,0,0,0,0,0,0,0.298391153415044,0,0.301030551945722,0,0,0,0,0,0,0,0,0,0.369469001889229,0,0,0,0,0,0.259136940722596,0,0,0.254910089075565,0.309482514858246,0.282261622803552,0.288600720961889,0,0,0.296032642945647,0.274371621509393,0.288233036796252,0.292432868480682,0.290187031311809,0.207634221246609,0,0.199700747728348,0,0.218604841653038,0,0.318522775918245,0.308697472016017,0.181587915210163,0,0.204768240451813,0.247963815927505,0,0.25651660493829,0,0.409518361091614,0,0,0,0,0,0,0,0.352243781089783,0,0.284839491049449,0,0,0.243678271770477,0.278035550839023,0.326620057225227,0,0.241519097800083,0.230511105060577,0.274615278970586,0,0.278846502304077
0,0,0,0,0,0,0,0,0,0,0,0.289518818259239,0,0,0,0,0,0,0,0.268742196900504,0,0,0,0,0,0,0,0,0,0,0,0,0,0,0,0.234746616747644,0,0,0,0,0,0,0,0,0,0,0,0,0,0,0,0.210575748924856,0,0,0,0,0,0.344974473118782,0,0.283451475203037,0,0.213885542005301,0.267931604175828,0,0,0,0,0,0,0,0,0,0,0,0,0,0,0,0.271545584499836,0,0,0,0.206299908172626,0,0.201099911928177,0,0
0,0,0,0,0.193839758102383,0,0,0,0,0,0.252525618741948,0,0,0,0,0,0,0,0,0,0.230398274002931,0,0,0,0,0,0,0,0,0,0,0,0,0,0,0,0,0,0,0,0,0,0,0,0,0,0,0,0,0,0.172675296664238,0,0.214882058389296,0,0,0,0.189856055028298,0,0.15672444999218,0,0,0,0,0.224111578979735,0,0,0,0,0,0,0,0,0,0,0,0,0,0,0,0,0,0,0.166566312586387,0,0.245812232295672,0,0
0,0,0,0,0,0,0,0,0,0,0,0,0,0,0,0,0,0,0,0,0,0,0,0,0,0,0,0,0,0,0,0,0,0,0,0,0,0,0,0,0,0,0,0,0,0,0,0,0,0,0,0,0,0.199349855383237,0,0,0,0,0,0,0,0,0,0,0,0,0,0,0,0,0,0,0,0,0,0,0,0,0,0,0,0,0.1806211537785,0,0,0,0
0.209778183976964,0,0.163294452337586,0,0.193426389323205,0,0,0,0,0,0,0,0,0,0.191917024934903,0,0.217677038578945,0.214575883746147,0.235786203895846,0,0.275925636291504,0,0.182719206945463,0,0.22140761034511,0,0.184342532437675,0,0.214447744190693,0,0,0,0,0,0,0,0,0,0.181877046823502,0,0,0,0.308775159847318,0,0,0.275284618139267,0,0,0.308508465066552,0,0.176286058443965,0,0,0,0.20072616078288,0,0.302296161651611,0.285932213068008,0.197032998005549,0,0.1602019644151,0,0,0.275410488247871,0,0.18966531008482,0,0.180740998850928,0,0.183637444879494,0,0.279574036598206,0,0.289033085107803,0,0,0,0,0,0.263044784466426,0,0.347060114145279,0.217105878157438,0.175078194192115,0.263064883454678,0,0
0,0.152629560591846,0,0.284375940050398,0,0,0,0,0,0,0,0,0,0,0,0.253934285688129,0,0,0,0,0,0,0,0.19573541978995,0,0,0,0,0,0,0,0,0,0,0,0,0,0.193593683196049,0,0,0,0.246282234787941,0,0,0,0,0,0,0,0.278065997091207,0,0,0,0,0,0.253214397796036,0,0.344992257654667,0,0.348417595028877,0,0.18811413929576,0.288437575101852,0,0,0,0.317572262102423,0,0.189117354154587,0,0,0,0,0,0,0,0,0,0,0,0.25611468382618,0,0.221353430841049,0,0.251999216940668,0,0
0,0,0.357018158242509,0,0.308309415976206,0,0.252525618741948,0,0,0,0,0,0,0,0,0,0.361598685383797,0.395010554790497,0.417930202186108,0,0.316648865240185,0,0.412292962272962,0,0,0,0,0,0.236900330037999,0,0.358510939598084,0,0.335818156599998,0,0,0.320230692625046,0.257279099283104,0,0.256682506883922,0,0.319813425502469,0.313187539577484,0.387210043839046,0,0.416666885217031,0.32297938145124,0.320512903753177,0.309960653384527,0.375016798575719,0.335031322457574,0.351380619017974,0,0.207463734991737,0,0,0,0.270313479019467,0.332762509584427,0.181789752628122,0,0,0,0,0.292281103590147,0,0.448306316679174,0,0.363191932439804,0,0.377586444218953,0,0.384154172750508,0.346409648656845,0.335950957638198,0,0.341977233778347,0,0,0.430741876363754,0.307847445223657,0.34548807144165,0.41459856892741,0.267307503385219,0.398888640933567,0.38349778191359,0,0.411099112903078
0,0,0,0,0,0.289518818259239,0,0,0,0,0,0,0,0.231976978480816,0,0,0,0,0,0.345602134907884,0,0,0,0,0,0,0,0,0,0.253859616133548,0,0,0,0,0,0.308464761484753,0,0.215255853811315,0,0.242511756718159,0,0.292016640305519,0,0,0,0.242635493477186,0,0,0,0.298864044249058,0,0.246083125472069,0,0,0,0,0,0.242335268404422,0,0.235341337301748,0,0,0.348527971927713,0,0,0,0,0,0,0,0.213914761648459,0,0.263560602517337,0,0,0,0,0,0.354535236954689,0,0.295254748894109,0,0.221486639758055,0,0.271116555588586,0,0
0,0,0,0,0,0,0,0,0,0,0,0,0,0,0.184800921214951,0,0,0,0,0,0,0,0,0,0,0,0,0,0.253455134374755,0,0,0,0,0,0,0,0,0,0,0,0,0,0,0,0,0,0,0,0,0,0.254712803910176,0,0,0,0,0,0.204025593896707,0,0.205850287755101,0,0.180618318418662,0,0,0,0,0,0,0,0,0,0,0,0,0,0,0,0,0,0,0,0,0,0.173948150796768,0,0,0,0
0,0,0,0,0,0,0,0,0,0,0,0.231976978480816,0,0,0,0.244048431018988,0,0,0,0,0,0,0,0,0,0.240288250148296,0,0.257770445197821,0,0,0,0,0,0,0,0.245507722099622,0,0,0,0.25451185554266,0,0,0,0,0,0,0,0,0,0.248379252851009,0,0,0,0.204829606820237,0,0,0,0.275945439402546,0,0.237058150304967,0,0.216722226568631,0.274142151600436,0,0,0,0,0,0.247246475971263,0,0.234763177134186,0,0,0,0,0,0,0,0,0,0,0,0.223990109819238,0,0.269904522941663,0,0
0,0,0,0,0,0,0,0,0.191917024934903,0,0,0,0.184800921214951,0,0,0,0.162568754003954,0.238903944194317,0.265165307124456,0,0,0,0.168136741543554,0,0.200354781062877,0,0.171629396094013,0,0.181479548414548,0,0,0,0,0,0,0,0,0,0,0,0,0,0,0,0,0,0,0,0,0,0.246249731630087,0,0,0,0.19661843445566,0,0,0,0.180026444931363,0,0.176764564468495,0,0,0,0,0.17341545658807,0,0.204314187169075,0,0.169173470335571,0,0,0,0,0,0,0,0,0,0,0,0,0.16876300411733,0.147588419746484,0,0,0
0,0.198742629069349,0,0,0,0,0,0,0,0.253934285688129,0,0,0,0.244048431018988,0,0,0.333585768938065,0,0.293688088655472,0,0,0,0,0.213203258812428,0,0.253991857171059,0,0.198120788804122,0,0,0,0,0,0,0,0.260146051645279,0,0,0,0.288026213645935,0,0.283500358462334,0,0,0,0.283874636346644,0,0,0,0.215665319829844,0,0.215658330104568,0,0,0,0.263596365787855,0,0.298916505442725,0,0.214886791383227,0,0.216071567739274,0.354464709758759,0,0,0,0.187509360638532,0,0.210179486057975,0,0.2558192734917,0,0.299830575784047,0,0,0,0,0,0.309276640415192,0,0,0,0.177652444552492,0,0.214774876185085,0,0
0,0.303129315376282,0,0,0,0,0,0,0.217677038578945,0,0.361598685383797,0,0,0,0.162568754003954,0.333585768938065,0,0.225725909809083,0.348288385397569,0.331969654018229,0.368234612047672,0.167753669992089,0.165930152967396,0,0.200339954573784,0.155558258295059,0.167613213084,0,0.172345456397422,0,0,0,0.385307610034943,0,0,0.349970494707425,0.383876174688339,0,0,0.372421085834503,0.364612172429378,0.332688122987747,0.332534040841791,0.299997098743916,0,0.320527464151382,0,0,0.354015678167343,0.319143295288086,0,0,0,0,0.201794177293777,0,0.355717867612839,0,0,0,0.177735482283095,0.303078800439835,0,0.359796454509099,0.185002245008945,0.183597224533347,0,0.166226789355278,0,0.177251906166752,0,0.142104879021645,0.346783623099327,0,0,0.342952446025961,0,0,0.369365264803676,0.383383866005797,0.39811813334624,0,0.196568729551535,0.157474160848173,0.359837097090644,0.282483140627543,0.346055686473846
0,0.294535011053085,0,0,0,0,0,0,0.214575883746147,0,0.395010554790497,0,0,0,0.238903944194317,0,0.225725909809083,0,0.334561471142804,0.346291132767995,0.391446694731712,0.168039274817657,0.184062805872388,0,0.209229298693649,0.165842327873837,0.217424541711807,0,0,0,0,0,0.386940257115798,0,0,0.376314275898039,0.393401132896543,0,0,0.340641230344772,0.385932320853074,0.333611962295348,0.318362236022949,0.314723454415798,0,0.313039259268687,0.362449467182159,0.443200975656509,0.374181926250458,0.311796918511391,0,0,0,0,0,0,0.391533255577087,0,0,0,0.177472956478596,0,0,0.424951389431953,0.162844226630621,0.202970519661903,0,0.177914410829544,0.160399648276242,0.186979276128113,0,0,0.367629617452621,0,0,0.361268339157104,0,0,0.383566685576937,0.390262285801204,0.398070542514324,0.372351676225662,0.198176024641941,0.169414346564201,0.366775503864995,0.339191168546677,0.322890400886536
0,0.326303397514382,0.301670551300049,0.32792429625988,0.298391153415044,0,0,0,0.235786203895846,0,0.417930202186108,0,0,0,0.265165307124456,0.293688088655472,0.348288385397569,0.334561471142804,0,0.341622066273484,0.428214781229792,0.297162227332592,0.274372157175094,0,0.278470255288423,0.253526359796524,0.28404206642881,0,0.391976118087769,0,0.44599966108799,0,0.412923911103496,0,0,0.367942113799256,0.407075747033628,0,0.364965796470642,0.363366404305334,0.398914498685882,0.261492232608188,0.273747520611006,0.282103805195901,0.302284061908722,0.298625514970885,0.381333841010928,0.345252968370914,0.374474184157757,0.313183966875076,0.303734755516052,0,0,0,0,0,0.423357432865235,0.303170502185822,0,0.279261529445648,0.260366683204969,0.287072256207466,0.320006660289235,0.424208105374605,0,0.273944286363465,0,0,0,0.250649566948414,0.331366608540217,0.399672120809555,0.366803411577569,0.457719594240189,0,0.359320746368194,0,0,0.392594269376982,0.412479857624579,0.421646236004341,0.444617588411678,0.278366180966809,0.283765839785337,0.38864074302374,0.304375215348872,0.313571015451135
0,0,0.345906764268875,0.329644978046417,0,0.268742196900504,0,0,0,0,0,0.345602134907884,0,0,0,0,0.331969654018229,0.346291132767995,0.341622066273484,0,0,0.325908635343824,0,0,0,0,0,0,0,0,0,0,0.362641185522079,0,0,0.285894864624158,0.340187042951584,0.284415117603667,0,0.471407310416301,0.349074055751165,0.341077459697238,0.276999592781067,0.416752134050642,0,0.348567794546881,0,0,0.361935906112194,0.294790910048918,0,0.211176245340279,0,0,0,0,0,0.355329981747768,0,0.405895879438945,0,0,0.303568260455175,0,0.341341227293015,0,0,0,0.281954944133759,0,0.326634192820823,0,0.330600456322819,0,0,0.341453805565834,0,0,0.291676649750032,0.377715486288071,0.358981803673935,0,0.287347386865055,0,0.319522405355951,0.385054424405098,0
0,0,0.344657181629113,0,0.301030551945722,0,0.230398274002931,0,0.275925636291504,0,0.316648865240185,0,0,0,0,0,0.368234612047672,0.391446694731712,0.428214781229792,0,0,0,0.381830286234617,0,0,0,0,0,0.477410450577736,0,0.455872460587384,0,0.314383228619893,0,0.282511979341507,0.304743051528931,0.232781508319065,0,0.148021663717233,0.274242341518402,0.314592571722137,0.33621989867904,0.352577094709681,0,0.416589307785034,0.318994058029992,0.238685504200354,0.337678243716558,0.358804996076383,0.293893455582507,0.341939269254605,0,0.200896823148089,0,0,0,0.410513434991323,0,0,0,0,0.30581621825695,0,0.201262617026331,0,0.440343604897553,0,0.409269720315933,0,0.384897798299789,0,0.379711567406442,0,0.441919610500336,0,0.331007381975651,0,0,0.34722951906068,0.297742649693377,0.354229986667633,0.399144930055769,0.238602980694167,0.365448160895279,0.382130820202557,0,0.382847375025714
0,0,0,0,0,0,0,0,0,0,0,0,0,0,0,0,0.167753669992089,0.168039274817657,0.297162227332592,0.325908635343824,0,0,0.180106437367847,0.271309342744539,0.18441966176033,0.159398415405303,0,0.294376001983392,0,0,0,0,0,0.185084581375122,0,0.298641845583916,0,0.288317644847976,0.252553685952764,0,0,0.386831870302558,0,0,0,0.354162406921387,0,0.286683241526286,0,0.344093613255047,0,0,0,0,0,0,0,0.388018334342032,0,0.391918419135941,0,0.357194865743319,0.372869378162755,0,0.266136217387823,0.166304538586263,0.311455742172573,0,0.374679555342375,0,0.408069402393368,0,0.393951080566229,0,0,0,0.223017185926437,0,0,0.358443886041641,0.276145597295137,0.143255635350943,0.236499830486883,0.153866629641485,0.375880949876525,0.418326437473297,0
0,0,0,0,0,0,0,0,0.182719206945463,0,0.412292962272962,0,0,0,0.168136741543554,0,0.165930152967396,0.184062805872388,0.274372157175094,0,0.381830286234617,0.180106437367847,0,0,0.179629544594458,0,0.149735622143546,0,0.322882289463474,0,0,0,0,0,0,0,0,0.10481184348464,0.185280563299933,0,0.307185381650925,0,0,0,0,0,0,0,0.258976400643587,0.34054234623909,0,0,0,0,0,0,0.414103892776701,0,0,0.317745238542557,0.169487962410564,0,0,0.443206328898668,0.232457122889658,0.225312437325132,0,0.171266004443169,0.340502291917801,0.15149330644526,0,0.392004167204196,0,0.418578480438488,0,0,0,0,0,0.431709438562393,0.105682577192783,0.290236513765268,0.166027899338351,0.173540112189049,0.336080621679624,0,0
0,0.250159025192261,0,0.273809805512428,0,0,0,0,0,0.19573541978995,0,0,0,0,0,0.213203258812428,0,0,0,0,0,0.271309342744539,0,0,0,0.198949476688349,0,0,0,0,0,0,0,0,0,0,0,0.265195927363018,0,0,0,0.245085950940847,0,0,0,0.325178384780884,0,0,0,0.262920963764191,0,0,0,0,0,0.219361809889476,0,0,0,0.341860463221868,0,0.213919565689807,0,0,0.252819781348468,0,0.247648708788793,0,0.235334324209314,0,0,0,0,0,0,0,0,0,0,0,0.297325056808734,0,0.164622233930937,0,0.254430388336751,0,0
0,0,0,0,0,0,0,0,0.22140761034511,0,0,0,0,0,0.200354781062877,0,0.200339954573784,0.209229298693649,0.278470255288423,0,0,0.18441966176033,0.179629544594458,0,0,0,0.176344998624353,0,0.161117717623711,0,0,0,0,0,0,0,0,0,0.131246003077218,0,0,0,0.28945579752326,0,0,0,0,0,0.147934654650609,0,0,0,0,0,0.206036573009832,0,0.327762075832912,0,0,0,0.214047446846962,0,0,0,0,0.180088608188832,0,0.146359882196464,0,0.188626135838517,0,0.281417877309852,0,0.480865448713303,0,0,0,0,0.341511249542236,0,0,0.264693737030029,0.17699482657396,0.192460523545742,0.211087457835674,0,0.322164863348007
0,0,0,0,0,0,0,0,0,0,0,0,0,0.240288250148296,0,0.253991857171059,0.155558258295059,0.165842327873837,0.253526359796524,0,0,0.159398415405303,0,0.198949476688349,0,0,0,0.187635215845975,0,0,0,0,0,0,0,0,0,0,0,0,0,0,0,0,0,0,0,0,0,0.254447595853555,0,0,0,0,0,0,0,0,0,0,0,0.226804372209769,0,0,0.233986677069749,0,0.265804219659012,0,0.247742284377662,0,0.247672040400834,0,0,0,0,0,0,0,0,0,0,0,0.149865423619747,0.165841917906489,0,0,0
0,0,0,0,0,0,0,0,0.184342532437675,0,0,0,0,0,0.171629396094013,0,0.167613213084,0.217424541711807,0.28404206642881,0,0,0,0.149735622143546,0,0.176344998624353,0,0,0,0.158682123216845,0,0,0,0,0,0,0,0.403063118457794,0,0,0,0,0,0,0,0,0,0,0,0,0,0,0,0,0,0,0,0,0,0,0,0.171625378826433,0,0,0,0,0.135575129420034,0,0,0,0.153633538957844,0,0.128331553339958,0,0,0,0,0,0,0,0,0,0,0.167978652318841,0.162251740694046,0,0,0
0,0,0,0,0,0,0,0,0,0,0,0,0,0.257770445197821,0,0.198120788804122,0,0,0,0,0,0.294376001983392,0,0,0,0.187635215845975,0,0,0,0.144792829241071,0,0,0,0,0,0,0,0.276860204758123,0,0,0,0,0,0,0,0,0,0,0,0,0,0,0,0,0,0,0,0,0,0,0,0,0,0,0.203265242278576,0,0,0,0.252076626337808,0,0.285947038780559,0,0,0,0,0,0,0,0,0,0.2877173130454,0,0.132961589200743,0,0,0,0
0,0,0,0,0,0,0,0,0.214447744190693,0,0.236900330037999,0,0.253455134374755,0,0.181479548414548,0,0.172345456397422,0,0.391976118087769,0,0.477410450577736,0,0.322882289463474,0,0.161117717623711,0,0.158682123216845,0,0,0,0.246584350329179,0,0,0,0,0,0,0,0.196863974755009,0,0,0,0.364579498767853,0,0,0,0,0,0,0,0.3720663189888,0,0,0,0,0,0.448931178985498,0,0,0,0,0,0,0.460852578282356,0,0.354267510724194,0,0,0,0.126878776703961,0,0.290157243722684,0,0.46187487244606,0,0,0,0,0,0.406917721033096,0,0.31128812632684,0.224759028803395,0.160870752836529,0.420527468125025,0,0
0,0,0,0,0,0,0,0,0,0,0,0.253859616133548,0,0,0,0,0,0,0,0,0,0,0,0,0,0,0,0.144792829241071,0,0,0,0,0,0,0,0,0,0.210738986938499,0,0,0,0,0,0,0,0,0,0,0,0,0,0,0,0,0,0,0,0.237996740298466,0,0,0,0,0,0,0,0,0,0,0,0,0.173457501223311,0,0.266265060548055,0,0,0,0,0,0,0,0.199104702472687,0,0.218493460462644,0,0,0,0
0,0,0.388490229845047,0,0.369469001889229,0,0,0,0,0,0.358510939598084,0,0,0,0,0,0,0,0.44599966108799,0,0.455872460587384,0,0,0,0,0,0,0,0.246584350329179,0,0,0,0,0,0,0,0.401029487450918,0,0.266581723882871,0,0,0,0.385127391666174,0,0,0,0.370718906323115,0,0,0,0.376754201948643,0,0,0,0,0,0.385009101784426,0,0,0,0,0,0,0.438109207484457,0,0,0,0,0,0,0,0.322355686472012,0,0.334384312250956,0,0.362845131329128,0,0,0,0.349401631138542,0,0.376596473076946,0.377550507745435,0.435168951749802,0.42094974219799,0,0.428013378381729
0,0,0,0,0,0,0,0,0,0,0,0,0,0,0,0,0,0,0,0,0,0,0,0,0,0,0,0,0,0,0,0,0.384682590407985,0.224446524829828,0.238630946248006,0.325151658885682,0,0,0,0.363630676970762,0,0,0,0,0,0,0,0.395595613890772,0,0.309821638807976,0,0,0,0,0,0,0,0,0,0,0,0,0.335123158163495,0,0,0,0,0,0,0,0,0,0,0,0.294868670637832,0,0.283188998699188,0,0.267536503796497,0,0,0,0.307184346630651,0,0,0,0
0,0,0,0,0,0,0,0,0,0,0.335818156599998,0,0,0,0,0,0.385307610034943,0.386940257115798,0.412923911103496,0.362641185522079,0.314383228619893,0,0,0,0,0,0,0,0,0,0,0.384682590407985,0,0,0.44426456550879,0.326553485183804,0.310771634985591,0,0,0.477434039115906,0.310006099939346,0.373629450798035,0.332832493433138,0,0,0,0.305306695270957,0.481266324945505,0,0.445623866201919,0.272148102521896,0,0,0,0,0,0.313943465550741,0,0,0,0,0,0,0.296735744923353,0,0,0,0,0,0,0,0,0,0,0,0.329121164738707,0,0.475464845294351,0.318200970925982,0.335196004739852,0,0,0.293074224130608,0.333729237318039,0.31913854417048,0,0
0,0,0,0,0,0,0,0,0,0,0,0,0,0,0,0,0,0,0,0,0,0.185084581375122,0,0,0,0,0,0,0,0,0,0.224446524829828,0,0,0.208606189234065,0.195759015558641,0,0.27712502440128,0,0.402889043092728,0,0,0,0,0,0,0,0.403975452906495,0,0.453046888113022,0,0,0,0,0,0,0,0,0,0,0,0,0,0,0,0,0,0,0,0,0,0,0,0,0.265640973760064,0,0.23913035128661,0.204774492472972,0.234491379628348,0,0.398687413190755,0,0.232857546677776,0,0,0,0
0,0,0,0,0,0,0,0,0,0,0,0,0,0,0,0,0,0,0,0,0.282511979341507,0,0,0,0,0,0,0,0,0,0,0.238630946248006,0.44426456550879,0.208606189234065,0,0,0.254697070977297,0,0.315272559464047,0.489949971437454,0,0,0.267495509982109,0,0,0,0,0.301911422647536,0.448254346847534,0.490325671434402,0,0,0,0,0,0,0,0,0,0,0,0,0,0,0,0,0,0,0,0,0,0,0,0,0,0.391518418477582,0.201498930115958,0.275823411115724,0,0.291898494565182,0,0.26916714643605,0.256654551167032,0.198535248637199,0.415274987166578,0,0
0,0.351725876331329,0.244818486273289,0.387977284880785,0,0.234746616747644,0,0,0,0,0.320230692625046,0.308464761484753,0,0.245507722099622,0,0.260146051645279,0.349970494707425,0.376314275898039,0.367942113799256,0.285894864624158,0.304743051528931,0.298641845583916,0,0,0,0,0,0,0,0,0,0.325151658885682,0.326553485183804,0.195759015558641,0,0,0.235170254043364,0.207960823186729,0,0.445745708983998,0.360596182445685,0.353312051613683,0.32908121496439,0.414937114550008,0,0.325769394498545,0.218551100045443,0.491428605083263,0.305510799090068,0.315409215433257,0.343972325325012,0,0,0.235723346471786,0,0,0,0.291842591889361,0,0.247952824952651,0,0.239480765329467,0.298005300947649,0.204301357269287,0.298102051019669,0,0,0,0,0,0.301397944038565,0,0.312378963209548,0,0.279869646044437,0.308410746710641,0.283995673060417,0,0.261798743442765,0.267218754429535,0.26950192459854,0,0.248580083286251,0.216470161906762,0.353906051050483,0.368418472942221,0
0,0,0.259809765678186,0,0.259136940722596,0,0,0,0,0,0.257279099283104,0,0,0,0,0,0.383876174688339,0.393401132896543,0.407075747033628,0.340187042951584,0.232781508319065,0,0,0,0,0,0.403063118457794,0,0,0,0.401029487450918,0,0.310771634985591,0,0.254697070977297,0.235170254043364,0,0,0.254742701978858,0.231592800882128,0.316920214950448,0.304096262806501,0.327234595835779,0.355752795934677,0.283135592937469,0.290627766251564,0.29027463421029,0.304122541844845,0.280919741523468,0.283269059132127,0.278079807758331,0,0,0,0,0,0.261954914081481,0,0,0.266661137342453,0,0.274858683347702,0.271953195333481,0.23493690953691,0,0,0,0,0,0,0.30848154425621,0.354174368083477,0.317526708046595,0.345530115067959,0,0.318806051296326,0,0.310132574584476,0.309209305255171,0.259532182288319,0.3625128865242,0.2633858311208,0.216002372252489,0.237767434900715,0.318123080064914,0,0.332353785634041
0,0,0,0.388890385627747,0,0,0,0,0,0.193593683196049,0,0.215255853811315,0,0,0,0,0,0,0,0.284415117603667,0,0.288317644847976,0.10481184348464,0.265195927363018,0,0,0,0.276860204758123,0,0.210738986938499,0,0,0,0.27712502440128,0,0.207960823186729,0,0,0.187828517984599,0,0,0.423447439447045,0.424004852771759,0,0,0.333759491642316,0,0.434179395715767,0,0.329508035356954,0.315281450748444,0,0,0,0,0.197703363597393,0.359852284193039,0.287727797817853,0,0.345133692026138,0,0,0.328277694447985,0,0.309048209067817,0.322147101163864,0.306727101431467,0,0.24442246556282,0,0.419711406741823,0,0.342842347441463,0,0,0,0.29531912392798,0,0.273965056692423,0,0.259218947815959,0,0.227031211647309,0.158007806965283,0.322127400897443,0,0
0,0,0.356026709079742,0,0,0,0,0,0.181877046823502,0,0.256682506883922,0,0,0,0,0,0,0,0.364965796470642,0,0.148021663717233,0.252553685952764,0.185280563299933,0,0.131246003077218,0,0,0,0.196863974755009,0,0.266581723882871,0,0,0,0.315272559464047,0,0.254742701978858,0.187828517984599,0,0,0,0,0.327555561704295,0,0,0,0.326571613550186,0.325969274966947,0.147329839556055,0,0,0,0,0,0,0,0.274023605441606,0,0,0,0,0,0,0.208444949239492,0.247062444482764,0.26243297611845,0,0.158304953149387,0,0,0,0.167939104139805,0,0.364548034965992,0,0.323271304368973,0,0.30420907108872,0,0.324940855351449,0.174743848090822,0.248531244387025,0.227615684695369,0.40165787935257,0.330704260114077,0,0.389861881732941
0,0,0.294410526752472,0.250505719333887,0.254910089075565,0,0,0,0,0,0,0.242511756718159,0,0.25451185554266,0,0.288026213645935,0.372421085834503,0.340641230344772,0.363366404305334,0.471407310416301,0.274242341518402,0,0,0,0,0,0,0,0,0,0,0.363630676970762,0.477434039115906,0.402889043092728,0.489949971437454,0.445745708983998,0.231592800882128,0,0,0,0.225805812080701,0.316856619857606,0,0.403667420148849,0,0.202056621266922,0.243922535554472,0.451724052058561,0,0.422039703720568,0.26860036700964,0,0,0.227370023727417,0,0,0.267043570677439,0.263436429202557,0,0.24648298362368,0,0.246142300275656,0.389591114102812,0.253723151981831,0,0,0,0,0,0,0.318793013691902,0,0.339419610798359,0,0.191677838563919,0.414949742493345,0.378015786409378,0,0.302210571062571,0.236137760859547,0.259911777802033,0,0.354606628593277,0,0.230736292918956,0.290783521320139,0
0,0.427782118320465,0.3457167331989,0,0.309482514858246,0,0,0,0,0,0.319813425502469,0,0,0,0,0,0.364612172429378,0.385932320853074,0.398914498685882,0.349074055751165,0.314592571722137,0,0.307185381650925,0,0,0,0,0,0,0,0,0,0.310006099939346,0,0,0.360596182445685,0.316920214950448,0,0,0.225805812080701,0,0.318268613248575,0.340858428134851,0.324803858995438,0,0.310468839274512,0.263960583802622,0.285689231996634,0.299176745584411,0.234822987214379,0.300002421651568,0,0,0,0,0,0.323336149965014,0,0,0,0,0.254967331886292,0,0.263496750683495,0,0,0,0,0,0,0,0,0.33610525727272,0.332902312278748,0,0.326784654097124,0,0,0.398406973481178,0.303292600805952,0.40878190100193,0,0.35823009888644,0.36623030630025,0.331046254123346,0.376423746347427,0.432902642016141
0,0.323794638409334,0.310469800233841,0.342423265711742,0.282261622803552,0,0,0,0,0.246282234787941,0.313187539577484,0.292016640305519,0,0,0,0.283500358462334,0.332688122987747,0.333611962295348,0.261492232608188,0.341077459697238,0.33621989867904,0.386831870302558,0,0.245085950940847,0,0,0,0,0,0,0,0,0.373629450798035,0,0,0.353312051613683,0.304096262806501,0.423447439447045,0,0.316856619857606,0.318268613248575,0,0.216550039737783,0.228866203353672,0,0.261508010644862,0,0.404101287776774,0.284676244384364,0.359151307833115,0.301538680990537,0,0,0,0,0,0.313250739127398,0.337118834918626,0,0.336731446435653,0,0.279900513398342,0.317942103659603,0.359434604644775,0.394010633230209,0,0,0,0,0,0.356065318636272,0,0.404963088330332,0,0,0.309378337453712,0,0,0.329310978997166,0.312010944129959,0.387104084971892,0,0.304193188798403,0.317210514437069,0.293702366607799,0.2749633928506,0.224107310175896
0.269326106860087,0.304332911968231,0.332401809991164,0,0.288600720961889,0,0,0,0.308775159847318,0,0.387210043839046,0,0,0,0,0,0.332534040841791,0.318362236022949,0.273747520611006,0.276999592781067,0.352577094709681,0,0,0,0.28945579752326,0,0,0,0.364579498767853,0,0.385127391666174,0,0.332832493433138,0,0.267495509982109,0.32908121496439,0.327234595835779,0.424004852771759,0.327555561704295,0,0.340858428134851,0.216550039737783,0,0.244501136243343,0.316568493843079,0.296656440286075,0.31201914303443,0.356602228624034,0.345937499558476,0.324614506343315,0.343161428675932,0,0,0,0.259273976404616,0,0.362796092211311,0,0,0,0,0,0.335621535778046,0.328139140150553,0,0.363139356176058,0,0,0,0,0,0.343340699419831,0.342418879270554,0.353711469659528,0,0.321800459306138,0,0.229630549748739,0.347950027747588,0.334480007698404,0.342169082164764,0.407886373369317,0.353244986242768,0.312842963046806,0.323690290306296,0.230607718229294,0.22591973046916
0,0.290687143802643,0,0,0,0,0,0,0,0,0,0,0,0,0,0,0.299997098743916,0.314723454415798,0.282103805195901,0.416752134050642,0,0,0,0,0,0,0,0,0,0,0,0,0,0,0,0.414937114550008,0.355752795934677,0,0,0.403667420148849,0.324803858995438,0.228866203353672,0.244501136243343,0,0,0.303132755160332,0,0.305606722831726,0,0.313275824372585,0,0,0,0,0,0,0,0,0,0,0,0,0.340552359819412,0,0,0,0,0,0,0,0,0,0.385334879159927,0,0,0,0,0,0.416902088528049,0.395275413990021,0.486120624201638,0,0.270711421609639,0.326652020215988,0.258952466398478,0.267315685749054,0
0,0,0.338908493518829,0,0,0,0,0,0,0,0.416666885217031,0,0,0,0,0,0,0,0.302284061908722,0,0.416589307785034,0,0,0,0,0,0,0,0,0,0,0,0,0,0,0,0.283135592937469,0,0,0,0,0,0.316568493843079,0,0,0,0,0,0,0,0,0,0,0,0,0,0.446535810828209,0,0,0,0,0,0,0.396835250986947,0,0,0,0,0,0,0,0,0,0,0,0,0,0,0,0,0,0.431389451026917,0.375637009739876,0,0.381458510052074,0,0.302410989999771
0,0,0.302590030431747,0.275100357830524,0.296032642945647,0,0,0,0.275284618139267,0,0.32297938145124,0.242635493477186,0,0,0,0.283874636346644,0.320527464151382,0.313039259268687,0.298625514970885,0.348567794546881,0.318994058029992,0.354162406921387,0,0.325178384780884,0,0,0,0,0,0,0,0,0,0,0,0.325769394498545,0.290627766251564,0.333759491642316,0,0.202056621266922,0.310468839274512,0.261508010644862,0.296656440286075,0.303132755160332,0,0,0.306941717863083,0.372929145892461,0.246655941009521,0.315535511142812,0.304715452715755,0,0,0,0,0,0.331341867263501,0.290976697988544,0,0.266856499016285,0,0.264774500702818,0.271791813300095,0.30728096763293,0.384062573313713,0,0,0,0,0,0.317274449502721,0.336465328931808,0.33326620740049,0.390681564807892,0,0.310879349708557,0,0,0.341182825361897,0.300062160365857,0.32620711515055,0.353381017843882,0.31545593796847,0.302151784300804,0.295814646388355,0.285677188499407,0.311853170394897
0,0,0.255353324943119,0,0.274371621509393,0,0,0,0,0,0.320512903753177,0,0,0,0,0,0,0.362449467182159,0.381333841010928,0,0.238685504200354,0,0,0,0,0,0,0,0,0,0.370718906323115,0,0.305306695270957,0,0,0.218551100045443,0.29027463421029,0,0.326571613550186,0.243922535554472,0.263960583802622,0,0.31201914303443,0,0,0.306941717863083,0,0.267292836511677,0.297795999795198,0.254528266010862,0.2945325336286,0,0,0,0,0,0.325903707934964,0,0,0,0,0,0,0.236462063289276,0,0,0,0,0,0,0,0,0,0.368724972009659,0,0.303315632447168,0,0,0.216138318181038,0.292360085920611,0.417562186717987,0.250649621819749,0.295208019809534,0.323597952723503,0.273358254565963,0.312080711126328,0.340433144569397
0,0,0.301014804177814,0,0.288233036796252,0,0,0,0,0,0.309960653384527,0,0,0,0,0,0,0.443200975656509,0.345252968370914,0,0.337678243716558,0.286683241526286,0,0,0,0,0,0,0,0,0,0.395595613890772,0.481266324945505,0.403975452906495,0.301911422647536,0.491428605083263,0.304122541844845,0.434179395715767,0.325969274966947,0.451724052058561,0.285689231996634,0.404101287776774,0.356602228624034,0.305606722831726,0,0.372929145892461,0.267292836511677,0,0.51869868061745,0.47270112299758,0.270233639648982,0,0,0,0,0,0.317622616887093,0.293181717395782,0,0,0,0.263075947761536,0.281898787723178,0.318326123058796,0,0,0,0,0,0,0,0,0,0,0.327949169278145,0.389424062458776,0.325266539837633,0.31808308600719,0.31056087378258,0.300292375077636,0.526090195558142,0.334988471778,0.51477888935011,0.275121523274316,0.396675213184882,0,0.324095815420151
0.170658096021344,0,0.17483694255352,0,0.292432868480682,0,0,0,0.308508465066552,0,0.375016798575719,0,0,0,0,0,0.354015678167343,0.374181926250458,0.374474184157757,0.361935906112194,0.358804996076383,0,0.258976400643587,0,0.147934654650609,0,0,0,0,0,0,0,0,0,0.448254346847534,0.305510799090068,0.280919741523468,0,0.147329839556055,0,0.299176745584411,0.284676244384364,0.345937499558476,0,0,0.246655941009521,0.297795999795198,0.51869868061745,0,0.379036836326122,0.258351576171423,0,0,0,0.172906453297897,0,0.321812853065072,0,0.183393137680518,0,0.179514544973007,0,0,0.37149356697735,0,0.29252809673956,0,0.181448893898194,0,0.243708471254427,0,0.285620517400878,0.306442975997925,0.272149790118458,0,0.315350434667355,0,0.275298357009888,0.38789127767086,0.298216149794249,0.391627103090286,0.409039796478739,0.489872263246341,0.300300300121307,0.295556715607534,0.320370763540268,0.317669648677111
0,0.185317023650927,0.294618825682185,0.233744414921465,0.290187031311809,0,0,0,0,0.278065997091207,0.335031322457574,0.298864044249058,0,0.248379252851009,0,0.215665319829844,0.319143295288086,0.311796918511391,0.313183966875076,0.294790910048918,0.293893455582507,0.344093613255047,0.34054234623909,0.262920963764191,0,0.254447595853555,0,0,0,0,0,0.309821638807976,0.445623866201919,0.453046888113022,0.490325671434402,0.315409215433257,0.283269059132127,0.329508035356954,0,0.422039703720568,0.234822987214379,0.359151307833115,0.324614506343315,0.313275824372585,0,0.315535511142812,0.254528266010862,0.47270112299758,0.379036836326122,0,0.295166615645091,0,0,0,0,0,0.312808988909972,0.348176710440984,0,0.309281920827925,0,0.227185906944694,0.346264822916551,0.306603424507996,0.331412685176213,0,0.297403685160373,0,0.273979845568404,0,0.407245195301894,0,0.417743487163188,0,0,0.436266877502203,0.482492595911026,0,0.371833954474435,0.27201154021495,0.359108946576917,0.36935356259346,0.351760710215385,0.308346925134009,0.321798583749589,0.3339466464061,0.329523921012878
0,0,0.200320597934095,0,0.207634221246609,0,0.172675296664238,0,0.176286058443965,0,0.351380619017974,0,0.254712803910176,0,0.246249731630087,0,0,0,0.303734755516052,0,0.341939269254605,0,0,0,0,0,0,0,0.3720663189888,0,0.376754201948643,0,0.272148102521896,0,0,0.343972325325012,0.278079807758331,0.315281450748444,0,0.26860036700964,0.300002421651568,0.301538680990537,0.343161428675932,0,0,0.304715452715755,0.2945325336286,0.270233639648982,0.258351576171423,0.295166615645091,0,0,0.170788988471031,0,0.175131356294176,0,0.26723320793647,0.316957533359528,0.195197276771069,0,0.169157450087368,0,0.289252012968063,0.309179299028523,0,0,0,0,0,0,0.284481406211853,0.38182657957077,0.319139257073402,0.384206995368004,0,0,0,0,0.319804832339287,0.303540290697761,0,0.389328933187893,0.279352819072265,0,0.283126741478068,0,0.333629086613655
0,0,0,0,0,0.210575748924856,0,0,0,0,0,0.246083125472069,0,0,0,0.215658330104568,0,0,0,0.211176245340279,0,0,0,0,0,0,0,0,0,0,0,0,0,0,0,0,0,0,0,0,0,0,0,0,0,0,0,0,0,0,0,0,0,0,0,0,0,0,0,0.214641971513629,0,0.208231053418583,0.245013743638992,0,0,0,0,0,0,0,0,0,0,0,0,0,0,0,0,0,0,0,0,0,0.203390362587842,0,0
0,0,0,0,0.199700747728348,0,0.214882058389296,0,0,0,0.207463734991737,0,0,0,0,0,0,0,0,0,0.200896823148089,0,0,0,0,0,0,0,0,0,0,0,0,0,0,0,0,0,0,0,0,0,0,0,0,0,0,0,0,0,0.170788988471031,0,0,0,0,0,0.174460593241829,0,0,0,0,0,0,0.239875324070454,0,0,0,0,0,0,0,0,0,0,0,0,0,0,0,0,0,0,0.155518350044363,0,0,0,0
0,0,0,0,0,0,0,0.199349855383237,0,0,0,0,0,0.204829606820237,0,0,0,0,0,0,0,0,0,0,0,0,0,0,0,0,0,0,0,0,0,0.235723346471786,0,0,0,0.227370023727417,0,0,0,0,0,0,0,0,0,0,0,0,0,0,0,0,0,0.185345277190208,0,0.164543979934284,0,0,0.20331808924675,0,0,0,0,0,0,0,0,0,0.263890027999878,0,0,0,0,0,0,0,0,0,0.18010013923049,0,0,0,0
0.215376315202485,0,0.159846829721325,0,0.218604841653038,0,0,0,0.20072616078288,0,0,0,0,0,0.19661843445566,0,0.201794177293777,0,0,0,0,0,0,0,0.206036573009832,0,0,0,0,0,0,0,0,0,0,0,0,0,0,0,0,0,0.259273976404616,0,0,0,0,0,0.172906453297897,0,0.175131356294176,0,0,0,0,0,0,0,0.181400155550555,0,0.149531941234538,0,0,0,0,0,0,0.16550740141135,0,0.197664245963097,0,0,0,0,0,0,0,0,0,0,0,0,0.223576503633349,0,0.210614902705982,0,0
0,0.151465369052574,0,0,0,0,0,0,0,0.253214397796036,0,0,0,0,0,0.263596365787855,0,0,0,0,0,0,0,0.219361809889476,0,0,0,0,0,0,0,0,0,0,0,0,0,0.197703363597393,0,0,0,0,0,0,0,0,0,0,0,0,0,0,0,0,0,0,0,0,0,0,0,0.199504606571852,0,0,0,0,0.307473503644504,0,0,0,0,0,0,0,0,0,0,0,0,0,0.300706273470169,0,0.263365496849885,0.265648946166039,0,0,0
0,0,0.346127631537842,0,0.318522775918245,0,0.189856055028298,0,0.302296161651611,0,0.270313479019467,0,0.204025593896707,0,0,0,0.355717867612839,0.391533255577087,0.423357432865235,0,0.410513434991323,0,0.414103892776701,0,0.327762075832912,0,0,0,0.448931178985498,0,0.385009101784426,0,0.313943465550741,0,0,0,0.261954914081481,0.359852284193039,0.274023605441606,0.267043570677439,0.323336149965014,0.313250739127398,0.362796092211311,0,0.446535810828209,0.331341867263501,0.325903707934964,0.317622616887093,0.321812853065072,0.312808988909972,0.26723320793647,0,0.174460593241829,0,0,0,0,0.350768178701401,0.249313270592171,0,0,0,0,0.355713374975772,0,0.440511966816017,0,0.364598457056742,0,0.34159364307235,0,0.389212909206471,0.327166467905045,0.38827303964856,0,0.344851730899377,0,0,0.358231514692307,0.328228692699979,0.351903369029363,0.383320189435557,0.374812076763553,0.391840395331383,0.322577271092412,0,0.390312135219574
0,0.319811880588531,0,0.354524988681078,0.308697472016017,0.344974473118782,0,0,0.285932213068008,0.344992257654667,0.332762509584427,0.242335268404422,0,0.275945439402546,0,0.298916505442725,0,0,0.303170502185822,0.355329981747768,0,0.388018334342032,0,0,0,0,0,0,0,0.237996740298466,0,0,0,0,0,0.291842591889361,0,0.287727797817853,0,0.263436429202557,0,0.337118834918626,0,0,0,0.290976697988544,0,0.293181717395782,0,0.348176710440984,0.316957533359528,0,0,0.185345277190208,0,0,0.350768178701401,0,0,0.3154926068854,0,0.267888277585124,0.338721879427673,0.284228533506393,0.398915205564764,0,0.391035631299019,0,0.314595071708455,0,0.334945231359288,0,0.306168409943831,0,0,0,0,0,0.323100711811673,0.279433035850525,0.342738286216757,0,0.255016936555359,0,0.329928157037055,0.362910911440849,0
0.14410779944488,0,0.229397714138031,0,0.181587915210163,0,0.15672444999218,0,0.197032998005549,0,0.181789752628122,0,0.205850287755101,0,0.180026444931363,0,0,0,0,0,0,0,0,0,0,0,0,0,0,0,0,0,0,0,0,0,0,0,0,0,0,0,0,0,0,0,0,0,0.183393137680518,0,0.195197276771069,0,0,0,0.181400155550555,0,0.249313270592171,0,0,0,0.159118755356125,0,0,0,0,0,0,0,0,0,0,0.223223298788071,0,0,0,0,0,0,0,0,0,0,0.196232726392539,0,0.271219425967761,0,0
0,0,0,0.215117812156677,0,0.283451475203037,0,0,0,0.348417595028877,0,0.235341337301748,0,0.237058150304967,0,0.214886791383227,0,0,0.279261529445648,0.405895879438945,0,0.391918419135941,0.317745238542557,0.341860463221868,0,0,0,0,0,0,0,0,0,0,0,0.247952824952651,0.266661137342453,0.345133692026138,0,0.24648298362368,0,0.336731446435653,0,0,0,0.266856499016285,0,0,0,0.309281920827925,0,0.214641971513629,0,0.164543979934284,0,0,0,0.3154926068854,0,0,0,0.228994488369587,0.320106287885049,0,0.395737123710138,0,0.397834726251089,0,0.358770811309417,0,0.295817260712791,0,0.337817251682281,0,0,0,0,0,0.284387659281492,0.249080345034599,0,0,0.263557977297089,0,0.312241698377008,0,0
0.141344657139992,0,0,0,0.204768240451813,0,0,0,0.1602019644151,0,0,0,0.180618318418662,0,0.176764564468495,0,0.177735482283095,0.177472956478596,0.260366683204969,0,0,0,0.169487962410564,0,0.214047446846962,0,0.171625378826433,0,0,0,0,0,0,0,0,0,0,0,0,0,0,0,0,0,0,0,0,0,0.179514544973007,0,0.169157450087368,0,0,0,0.149531941234538,0,0,0,0.159118755356125,0,0,0,0,0,0,0.166239986817042,0,0.165235340595245,0,0.166092864213846,0,0,0,0,0,0,0,0,0,0,0,0,0.177431059593246,0.174903680171285,0,0,0
0,0.187197648264744,0,0.183085959404707,0.247963815927505,0.213885542005301,0,0,0,0.18811413929576,0,0,0,0.216722226568631,0,0.216071567739274,0.303078800439835,0,0.287072256207466,0,0.30581621825695,0.357194865743319,0,0.213919565689807,0,0.226804372209769,0,0,0,0,0,0,0,0,0,0.239480765329467,0.274858683347702,0,0,0.246142300275656,0.254967331886292,0.279900513398342,0,0,0,0.264774500702818,0,0.263075947761536,0,0.227185906944694,0,0.208231053418583,0,0,0,0.199504606571852,0,0.267888277585124,0,0.228994488369587,0,0,0.244852243987627,0,0,0,0.189705500337813,0,0.286972150206566,0,0.287051399548848,0,0.334338384239297,0,0,0,0,0,0.372460037469864,0,0.35649280436337,0,0.234768272030587,0,0.252492723578803,0,0
0,0,0,0,0,0.267931604175828,0,0,0,0.288437575101852,0,0.348527971927713,0,0.274142151600436,0,0.354464709758759,0,0,0.320006660289235,0.303568260455175,0,0.372869378162755,0,0,0,0,0,0,0,0,0,0.335123158163495,0,0,0,0.298005300947649,0.271953195333481,0.328277694447985,0,0.389591114102812,0,0.317942103659603,0.335621535778046,0.340552359819412,0,0.271791813300095,0,0.281898787723178,0,0.346264822916551,0.289252012968063,0.245013743638992,0,0.20331808924675,0,0,0,0.338721879427673,0,0.320106287885049,0,0.244852243987627,0,0,0.371117264032364,0,0.374089598655701,0,0.240187674760818,0,0.339179146169412,0,0.343073639920149,0,0,0,0,0,0.29639550336787,0,0.367791654130722,0,0.277491909621503,0,0.266460053250194,0,0
0,0,0.313885609971152,0,0.25651660493829,0,0.224111578979735,0,0.275410488247871,0,0.292281103590147,0,0,0,0,0,0.359796454509099,0.424951389431953,0.424208105374605,0,0.201262617026331,0,0.443206328898668,0,0,0,0,0,0.460852578282356,0,0.438109207484457,0,0.296735744923353,0,0,0.204301357269287,0.23493690953691,0,0.208444949239492,0.253723151981831,0.263496750683495,0.359434604644775,0.328139140150553,0,0.396835250986947,0.30728096763293,0.236462063289276,0.318326123058796,0.37149356697735,0.306603424507996,0.309179299028523,0,0.239875324070454,0,0,0,0.355713374975772,0.284228533506393,0,0,0,0,0,0,0,0.426802240885221,0,0.366685107350349,0,0.392099891717617,0,0.383568233207745,0,0.381860273224967,0,0.327170311135162,0,0,0.357195556163788,0.291273089587447,0,0.374481350817579,0.221580577215315,0.326549064956213,0.324281496436972,0,0.351031706482172
