0,0,0.162567335652978,0,0,0,0,0,0.181099052446476,0,0,0,0,0,0,0,0.284183591604233,0,0.247327161462683,0,0,0,0,0,0,0,0,0,0,0,0,0,0,0,0,0,0.399934187531471,0,0,0,0.478385210037231,0,0.274747085068133,0,0,0,0,0.340996028288551,0.183957804920272,0.379700611035029,0,0,0,0,0.174222471278931,0,0.313718169927597,0,0,0,0.186378259889104,0,0,0.311169013381004,0,0,0,0,0,0,0,0,0,0.320288419723511,0,0,0,0,0,0.405205243163639,0,0.389759375403325,0.2307638466528,0,0.252325611959275,0,0.241952925920486
0,0,0,0.149387424687545,0,0,0,0,0,0.228876073104682,0,0,0,0,0,0.184078891116839,0,0,0.233577190898359,0,0,0,0,0.175159614194523,0,0,0,0,0,0,0,0,0,0.220410585403442,0,0,0,0.34819957613945,0,0.342716455459595,0,0.213455310795042,0,0,0,0,0,0.191981095075607,0,0.192440560106004,0,0,0,0,0,0.237633034165787,0,0.333323508501053,0,0,0,0.209923102209965,0,0,0,0,0.320649588108063,0,0.139610223472118,0,0,0,0.293647915124893,0,0,0,0,0,0.430022035326277,0,0.397324323654175,0,0.200478454500125,0.205207020044327,0.25585475576318,0.206714163223902,0
0.162567335652978,0,0,0,0.115881645679474,0,0,0,0.129233693083127,0,0,0,0,0,0,0,0.296468496322632,0.315625637769699,0.2653918415308,0,0,0,0,0,0,0,0,0,0,0,0,0,0,0,0,0,0.294659554958344,0,0,0,0,0,0.252732948431951,0,0,0,0,0.332638829946518,0.165408452502405,0,0.183172092477723,0,0,0,0.16909062656863,0,0.24476047547151,0,0.19334168298678,0,0.169117741286755,0,0,0.230767108500004,0,0,0,0,0,0,0,0,0,0.27459838811089,0,0,0,0,0,0.35367776453495,0,0.323173356056213,0.242025804188516,0,0.20837777001314,0,0.260832596156332
0,0.149387424687545,0,0,0,0.181967079639435,0,0,0,0.168352410197258,0,0,0,0,0,0,0,0,0.266976706683636,0,0,0,0,0,0,0,0,0,0,0,0,0,0,0,0,0,0,0,0,0,0,0.257569462578729,0,0,0,0,0,0.211643763714366,0,0.137730117887259,0,0.177993342280388,0,0,0,0.169755647128279,0,0.249598979949951,0,0,0,0,0.212186254560947,0,0,0,0,0,0,0,0,0,0.282041888604773,0,0,0,0,0,0.312889009714127,0,0,0,0.211083947257562,0,0.212544456946772,0.226096164435148,0
0,0,0.115881645679474,0,0,0,0,0,0.171333633363247,0,0,0,0,0,0.227542464435101,0,0,0,0,0,0.192681350913204,0,0,0,0,0,0,0,0,0,0,0,0,0,0,0,0.176372919004896,0,0,0,0,0,0,0,0,0,0,0,0,0,0.19497793890647,0,0.170727159827948,0,0,0,0.218870127573609,0,0.184179473136153,0,0.196591001445964,0,0,0.189235441312932,0,0,0,0,0,0,0,0,0,0,0,0,0,0,0,0.158664045008746,0,0,0.200320232535402,0.175318777561188,0.173152040245023,0,0
0,0,0,0.181967079639435,0,0,0,0.190014876874096,0,0.256861954927444,0,0.23959587686337,0,0,0,0.280517706274986,0,0,0,0.212283534499315,0,0,0,0,0,0,0,0,0,0,0,0,0,0,0,0.155165880918503,0,0,0,0,0,0,0,0,0,0,0,0,0,0,0,0.190584587415463,0,0.207357070534616,0,0,0,0.241332579184981,0,0,0,0.196521252393723,0.212363874568389,0,0,0,0,0,0,0,0,0,0,0,0,0,0,0,0,0,0,0,0.18103206933632,0.204251082266791,0.205272046200345,0,0
0,0,0,0,0,0,0,0,0,0,0,0,0,0,0,0,0,0,0,0,0.194529492002695,0,0,0,0,0,0,0,0,0,0,0,0,0,0,0,0.148445058844786,0,0,0,0,0,0,0,0,0,0,0,0,0,0.189169163926173,0,0.167212982712455,0,0,0,0.222132787108421,0,0.184000727462481,0,0,0,0,0.196527262528737,0,0,0,0,0,0,0,0,0,0,0,0,0,0,0,0.156020384695795,0,0,0.160897497719122,0.189078471762069,0.182037321296898,0,0
0,0,0,0,0,0.190014876874096,0,0,0,0,0,0.232278622524894,0,0,0,0,0,0,0,0.213148592516433,0,0,0,0,0,0,0,0,0,0,0,0,0,0,0,0,0,0,0,0,0,0,0,0,0,0,0,0,0,0,0,0.178585661477164,0,0.233128169891054,0,0,0,0.196147355809808,0,0.167587747030398,0,0,0.194465696766793,0,0,0,0,0,0,0,0,0,0,0,0,0,0,0,0,0,0,0,0.170588946477933,0,0,0,0
0.181099052446476,0,0.129233693083127,0,0.171333633363247,0,0,0,0,0,0,0,0,0,0.155975420260802,0,0.168781004323248,0.177409383493501,0.233706740792408,0,0,0,0.2065769135952,0.157695343717933,0.165336605749632,0.153169527649879,0.158177398822524,0,0,0,0,0,0,0,0,0,0,0,0.180338027385565,0,0,0,0.188134399173882,0,0,0,0,0.298632718622684,0.205506373610761,0.435567960143089,0.250760689377785,0,0,0,0.202227472118023,0.145034670829773,0.378620564937592,0,0,0,0.17099118995112,0,0,0,0,0,0.160058006644249,0,0.152279481291771,0.162530791759491,0,0,0,0,0,0,0,0,0,0.438368707895279,0.4195410211881,0.223047976098631,0.194230046826491,0.250203324052004,0.158818864498009,0,0.150461763143539
0,0.228876073104682,0,0.168352410197258,0,0.256861954927444,0,0,0,0,0,0,0,0,0,0.253445045870334,0.169713106420305,0.204103317693134,0.190992837186371,0,0,0.175228461623192,0,0.178277164289396,0,0.161127103826939,0,0,0,0,0,0,0,0,0,0,0,0.191215632483363,0,0,0,0.20465514031961,0,0,0,0,0,0.201686810595649,0,0.212766725569963,0,0,0,0,0,0.19591107237328,0,0,0,0,0,0.245296771539019,0,0,0,0,0.19689687747847,0,0.207497919599215,0,0,0,0,0,0,0,0,0,0,0,0.172337546944618,0,0.225576512156617,0.247603102622176,0.243076433296317,0.202284921299328,0
0,0,0,0,0,0,0,0,0,0,0,0,0.142677314478803,0,0,0,0,0,0,0,0.152315460675387,0,0,0,0,0,0,0,0,0,0.172024474902587,0,0,0,0,0,0.144620346812366,0,0.143001513899368,0,0,0,0,0,0,0,0,0,0,0,0.161735154688358,0,0,0,0,0,0.19492282879479,0,0.149712306278491,0,0,0,0,0.145248271092988,0,0,0,0,0,0,0,0,0,0.195391899155032,0,0,0,0,0,0.168082558938435,0,0.142342780831538,0.173549618273588,0.17363040111959,0,0,0
0,0,0,0,0,0.23959587686337,0,0.232278622524894,0,0,0,0,0,0.193733866583175,0,0,0,0,0.36239230632782,0.216120268153402,0,0,0,0,0,0,0,0.163391321897507,0,0.183080658496144,0,0,0,0,0,0.195532800670839,0,0.201761105753385,0,0,0,0,0,0,0,0,0,0,0,0,0,0.223879645268122,0,0.247514146845788,0,0,0,0.216007257613661,0,0.236998395994306,0,0,0.198120485119363,0,0,0,0,0,0,0,0,0,0.229191148201742,0,0,0,0,0,0.179876183755085,0,0.170952447574094,0,0.213633641047348,0,0.222434001597198,0.327397853136063,0
0,0,0,0,0,0,0,0,0,0,0.142677314478803,0,0,0,0.267215996980667,0,0,0,0,0,0,0,0,0,0,0,0,0,0.143422827124596,0,0,0,0,0,0,0,0,0,0,0,0,0,0,0,0,0,0,0,0,0,0,0,0,0,0,0,0.181622798081045,0,0.188417460346959,0,0.168602102476618,0,0,0,0,0,0,0,0,0,0,0.174453020095825,0,0,0,0,0,0,0,0,0,0,0.330596218422308,0.245236536860466,0,0,0
0,0,0,0,0,0,0,0,0,0,0,0.193733866583175,0,0,0,0.234817803402742,0,0,0,0,0,0,0,0,0,0.129332240521908,0,0.154283062769816,0,0,0,0,0,0,0,0,0,0,0,0,0,0,0,0,0,0,0,0,0,0,0,0,0,0.194992240455191,0,0,0,0.196964365121494,0,0.176789547057395,0,0.164248908893401,0,0,0,0,0,0,0.145599454763483,0,0.15008126847122,0,0.175895616412163,0,0,0,0,0,0,0,0,0,0.258180861166137,0.238659590482712,0,0,0
0,0,0,0,0.227542464435101,0,0,0,0.155975420260802,0,0,0,0.267215996980667,0,0,0,0.169532221321966,0.30278217792511,0,0,0,0,0,0,0.178509414196014,0,0.15302934690758,0,0,0,0,0,0,0,0,0,0,0,0,0,0,0,0,0,0,0,0,0,0,0,0.231555641939243,0,0,0,0.140576771090385,0,0,0,0.157512091455005,0,0.230744921119468,0,0,0,0,0,0.129016980528831,0,0,0.14177472287036,0,0,0,0,0,0,0,0,0,0.365692168474197,0,0,0.213820719557215,0.391677433863664,0,0,0
0,0.184078891116839,0,0,0,0.280517706274986,0,0,0,0.253445045870334,0,0,0,0.234817803402742,0,0,0.155109941959381,0.162227124730243,0,0,0,0,0,0.151060730218887,0,0.15421086662828,0,0.130063439586333,0,0,0,0,0,0,0,0,0,0,0,0,0,0,0,0,0,0,0,0,0,0,0,0,0,0,0,0.166971057096775,0,0,0,0.229899038918889,0,0.171632041151707,0,0,0,0,0.138025969266891,0,0.141646473253348,0,0.128587312996387,0,0,0,0,0,0,0,0,0,0,0,0.216364866662961,0.277574360370636,0,0,0
0.284183591604233,0,0.296468496322632,0,0,0,0,0,0.168781004323248,0.169713106420305,0,0,0,0,0.169532221321966,0.155109941959381,0,0.196560219205343,0.293573892819277,0,0.383883863687515,0.148586543386473,0.146588285985802,0.156470989610286,0.182662426585882,0.175873871892691,0.144308009861169,0,0,0,0,0,0,0.238855183124542,0,0.421323210000992,0.394873371720314,0,0.410179674625397,0.313550353050232,0.353717684745789,0.298544814189275,0.325687891907162,0.402166992425919,0,0,0.326213121414185,0,0,0.287195459008217,0,0,0,0,0.194961999471371,0.156890672445297,0.354188884794712,0.386776626110077,0,0,0.166092684492469,0.232098363339901,0.380134880542755,0.371007055044174,0.316436558961868,0.149072378873825,0.157957344833348,0.170984093844891,0.229204744100571,0.15398139771488,0,0,0.362989312410355,0.343758761882782,0,0,0,0,0.389102686941624,0.383210833583559,0.418793141841888,0.414856120714775,0.175651146431893,0.259717378942739,0.360339249555881,0.33090928196907,0.391126692295074
0,0,0.315625637769699,0,0,0,0,0,0.177409383493501,0.204103317693134,0,0,0,0,0.30278217792511,0.162227124730243,0.196560219205343,0,0.249861262346077,0,0.375228464603424,0.148808622059408,0.179643556475639,0.179632020396336,0.183658760040998,0.173620326397285,0.178670886726606,0,0,0,0,0,0,0,0,0,0.382431834936142,0,0,0.321531007687251,0.323984071612358,0.248865557213624,0.2688013702631,0,0,0,0.286056220531464,0,0,0.238208092749119,0,0,0,0,0.330124139785767,0.203961318030077,0.351239477212612,0.298831939697266,0,0,0,0.170606271777716,0,0.370971595247587,0.176271492242813,0,0.181820935104042,0.154613241553307,0.167348720044076,0.285051167011261,0,0,0.29455590993166,0.35664372642835,0,0,0,0,0.355808876846966,0.372726781368256,0.384354402621587,0.412690793766695,0.207093369610784,0.248145600576555,0.33000687749014,0.25590842962265,0.286223515868187
0.247327161462683,0.233577190898359,0.2653918415308,0.266976706683636,0,0,0,0,0.233706740792408,0.190992837186371,0,0.36239230632782,0,0,0,0,0.293573892819277,0.249861262346077,0,0.436672568321228,0.385989427566528,0.180324330925941,0.224480904638767,0.224404443587576,0.253863573074341,0.194621743900435,0.299087554216385,0,0,0,0,0,0,0.347228467464447,0,0.396259360749957,0.344434645218948,0,0.386643394827843,0.338450808304449,0.285584378584817,0.239233422601435,0.225536462973054,0.465598930915197,0.224395740777254,0.337779857218266,0.31152290235395,0.240388073027134,0.233619218071302,0.258327046228993,0,0,0,0,0.223354275027911,0.198636941611767,0.34438556432724,0.380872796940547,0.235670283436775,0,0,0.153002887964249,0.342341523617506,0.327281820538797,0,0,0.17447365955873,0,0.199975786937608,0,0,0,0.367992012488722,0.342230496803919,0,0,0,0.431590735912323,0.383406763728301,0.317917617293082,0.43308516740799,0.38795817238197,0.242160368837193,0,0.334185903857115,0.275469010801248,0.25267945242853
0,0,0,0,0,0.212283534499315,0,0.213148592516433,0,0,0,0.216120268153402,0,0,0,0,0,0,0.436672568321228,0,0,0,0,0,0,0,0,0,0,0,0,0,0,0,0,0.169960572733931,0,0.150076794955466,0,0,0,0.349992603063583,0,0,0,0.246441621333361,0,0,0,0,0,0.241730913519859,0,0.237517184019089,0,0,0,0.255722264759243,0,0,0,0,0.183081979266822,0,0,0,0,0,0,0,0,0,0,0,0,0,0,0,0.181880634059314,0,0.233171690758821,0,0.155052280295591,0,0.244656400382519,0,0
0,0,0,0,0.192681350913204,0,0.194529492002695,0,0,0,0.152315460675387,0,0,0,0,0,0.383883863687515,0.375228464603424,0.385989427566528,0,0,0,0,0,0,0,0,0,0,0,0,0,0,0,0,0,0.170731634106369,0,0.157138103919645,0,0.215651944279671,0,0.417058497667313,0,0,0,0.258872702717781,0,0,0,0.19117671251297,0,0.18886691281351,0,0,0,0.154190516420479,0,0,0,0,0,0,0.23917644145912,0,0,0,0,0,0,0,0,0,0.445980429649353,0,0,0,0,0,0.168000522136003,0,0.26015024618669,0.179682531083624,0,0.21946420138463,0,0.403834015130997
0,0,0,0,0,0,0,0,0,0.175228461623192,0,0,0,0,0,0,0.148586543386473,0.148808622059408,0.180324330925941,0,0,0,0.118683435663741,0.204794955895619,0,0.15570131578344,0,0.158553594834784,0,0,0,0,0,0,0,0,0,0.191530043694659,0,0,0,0,0,0,0,0,0,0,0,0.255199293295542,0,0,0,0,0,0,0,0,0,0,0,0.179502435028553,0,0,0.182705595065405,0.122048370137408,0.20543725145598,0,0.160838466814973,0,0.175275478512049,0,0,0,0,0,0.131584142060841,0,0,0,0.190211138343659,0,0.146417332997672,0.169442739624244,0.251550304889679,0,0
0,0,0,0,0,0,0,0,0.2065769135952,0,0,0,0,0,0,0,0.146588285985802,0.179643556475639,0.224480904638767,0,0,0.118683435663741,0,0,0.172102689743042,0,0.122669758275151,0,0.165336678033335,0,0,0,0,0,0,0,0,0.128459161520004,0.27302587522688,0,0.307713836431503,0,0,0,0,0,0,0.517038678681409,0.343816626351327,0,0,0,0,0,0,0,0,0,0,0,0,0,0,0,0,0.197626129452384,0,0.242090865488975,0,0.201653376221657,0,0.158878052823765,0,0,0,0,0,0,0,0,0.602638185024261,0.30713848744768,0.157292181506521,0.140736508465582,0.573268294334412,0,0
0,0.175159614194523,0,0,0,0,0,0,0.157695343717933,0.178277164289396,0,0,0,0,0,0.151060730218887,0.156470989610286,0.179632020396336,0.224404443587576,0,0,0.204794955895619,0,0,0,0.164570031048202,0,0,0,0,0,0,0,0,0,0,0,0.187495578583833,0,0,0,0.255415022373199,0,0,0,0,0,0,0,0.194839279292171,0,0,0,0,0,0.165462890603379,0,0,0,0,0,0.173073783516884,0,0,0.173859602981998,0,0.168889032148725,0,0.158613160704121,0,0,0,0,0,0,0,0,0,0,0,0.165813813961688,0,0.171860356677256,0,0.218245232389087,0,0
0,0,0,0,0,0,0,0,0.165336605749632,0,0,0,0,0,0.178509414196014,0,0.182662426585882,0.183658760040998,0.253863573074341,0,0,0,0.172102689743042,0,0,0,0.161922022163331,0,0,0,0,0,0,0,0,0,0,0,0.196693496830348,0,0,0,0,0,0,0,0,0,0.24954092694867,0,0,0,0,0,0.188488592306773,0,0,0,0,0,0,0,0,0,0,0.207105691234271,0.161470487713814,0.180783066273591,0,0.166825548960612,0,0,0,0,0,0,0,0,0,0,0,0.222129573579878,0.16096401816987,0,0.19203610542,0,0
0,0,0,0,0,0,0,0,0.153169527649879,0.161127103826939,0,0,0,0.129332240521908,0,0.15421086662828,0.175873871892691,0.173620326397285,0.194621743900435,0,0,0.15570131578344,0,0.164570031048202,0,0,0.148522973060608,0.140628339286056,0,0,0,0,0,0,0,0,0,0,0,0,0,0,0,0,0,0,0,0,0,0.176523848416957,0,0,0,0,0,0.16677550971508,0,0,0,0,0,0.136128519949588,0,0,0.141784664138522,0,0.159626417184123,0,0.150842713119831,0,0.150663324669003,0,0,0,0,0,0,0,0.328491985797882,0,0.410557985305786,0,0.160942240028275,0.129687011241913,0,0,0
0,0,0,0,0,0,0,0,0.158177398822524,0,0,0,0,0,0.15302934690758,0,0.144308009861169,0.178670886726606,0.299087554216385,0,0,0,0.122669758275151,0,0.161922022163331,0.148522973060608,0,0,0,0,0,0,0,0,0,0,0,0,0,0,0,0,0,0,0,0,0,0,0,0,0,0,0,0,0.180414771278699,0,0,0,0,0,0,0,0,0,0,0.172684525541209,0,0.178133953234245,0,0.170312026076792,0,0.18048070371151,0,0,0,0,0,0,0,0,0,0,0.137641409796382,0,0,0,0
0,0,0,0,0,0,0,0,0,0,0,0.163391321897507,0,0.154283062769816,0,0.130063439586333,0,0,0,0,0,0.158553594834784,0,0,0,0.140628339286056,0,0,0,0.194597790411745,0,0,0,0,0,0,0,0.201565813637318,0,0,0,0,0,0,0,0,0,0,0,0,0,0,0,0,0,0,0,0,0,0.221198752522469,0,0,0,0,0.244051147726449,0,0,0,0.141590447052495,0,0.196195160491708,0,0.234892137263013,0,0,0,0,0,0,0,0.237108284268867,0,0.180407448237636,0,0,0,0
0,0,0,0,0,0,0,0,0,0,0,0,0.143422827124596,0,0,0,0,0,0,0,0,0,0.165336678033335,0,0,0,0,0,0,0,0.159901763622959,0,0,0,0,0,0,0,0.15590709735427,0,0,0,0,0,0,0,0,0,0,0,0,0,0,0,0,0,0,0,0,0,0,0,0,0,0,0.161420390304953,0,0,0,0.162854520810975,0,0.183139026597972,0,0.169035513240557,0,0,0,0,0,0,0,0.149423622582332,0.162187685187046,0,0,0,0
0,0,0,0,0,0,0,0,0,0,0,0.183080658496144,0,0,0,0,0,0,0,0,0,0,0,0,0,0,0,0.194597790411745,0,0,0,0,0,0,0,0,0,0.192636301177879,0,0,0,0,0,0,0,0,0,0,0,0,0,0,0,0,0,0,0,0.217818592275892,0,0,0,0,0,0,0,0,0,0,0,0,0.194485606621122,0,0.195105435812172,0,0,0,0,0,0,0,0.214199170895985,0,0.188089780648735,0,0,0,0
0,0,0,0,0,0,0,0,0,0,0.172024474902587,0,0,0,0,0,0,0,0,0,0,0,0,0,0,0,0,0,0.159901763622959,0,0,0,0,0,0,0,0,0,0.150059522145745,0,0,0,0,0,0,0,0,0,0,0,0,0,0,0,0,0,0.177233932221808,0,0,0,0,0,0,0,0,0,0,0,0,0,0,0,0,0.177647038971007,0,0,0,0,0,0,0,0.157891978558741,0.148791842907667,0,0,0,0
0,0,0,0,0,0,0,0,0,0,0,0,0,0,0,0,0,0,0,0,0,0,0,0,0,0,0,0,0,0,0,0,0.298296306112615,0.216175816040265,0.291247693997509,0.27272102329158,0.163188898682594,0,0,0,0.568910926580429,0,0,0,0,0,0,0.458330464117924,0.537314781120845,0.235893932067686,0,0,0,0,0,0,0,0,0,0,0,0,0,0,0,0,0,0,0,0,0,0,0,0,0.342829003234751,0.325500577484092,0.306134203554324,0.153404459357262,0.280483690575102,0.558223293766831,0,0,0.226149345588202,0,0.246251374483109,0,0
0,0,0,0,0,0,0,0,0,0,0,0,0,0,0,0,0,0,0,0,0,0,0,0,0,0,0,0,0,0,0,0.298296306112615,0,0.474179439802668,0.52403724193573,0.178800051410993,0.15626094543429,0,0,0,0,0,0,0,0,0,0,0.457311634271018,0,0,0,0,0,0,0,0,0,0,0,0,0,0,0,0,0,0,0,0,0,0,0,0,0,0,0.429804577293554,0.21024457458186,0.473471546062717,0.156815267271466,0.192050258318583,0.289370768900531,0,0,0.221670235239058,0,0,0,0
0,0.220410585403442,0,0,0,0,0,0,0,0,0,0,0,0,0,0,0.238855183124542,0,0.347228467464447,0,0,0,0,0,0,0,0,0,0,0,0,0.216175816040265,0.474179439802668,0,0.332728703374832,0.20325238790931,0.228625977268586,0.302160551999929,0.507191599011421,0,0,0.215153147067342,0.451851427555084,0,0,0,0,0.557962593582331,0.489022161190708,0.321472507384088,0,0,0,0,0,0,0,0,0,0,0,0,0.262245744466782,0,0,0.549699127674103,0.278560280799866,0,0,0,0,0,0,0,0.287134231569675,0.216008671020207,0.296221994141676,0.311849772585255,0.228734276841084,0.434350997209549,0.31992156557042,0.537137346608298,0.202512263043507,0.232188001275063,0.577558999260267,0.204293131828308,0
0,0,0,0,0,0,0,0,0,0,0,0,0,0,0,0,0,0,0,0,0,0,0,0,0,0,0,0,0,0,0,0.291247693997509,0.52403724193573,0.332728703374832,0,0,0.165757549100115,0.134497091174126,0.186683354658239,0,0.494596570730209,0,0.30629226565361,0,0,0,0,0.471256015051461,0.444188137849172,0.689474701881409,0,0,0,0,0,0,0,0,0,0,0,0,0,0,0,0,0,0,0,0,0,0,0,0,0.192762702703476,0.216425043741862,0.327950711669726,0.29233079854353,0,0.228574440319037,0,0.239609963127545,0.173085707399619,0,0.326253265142441,0,0
0,0,0,0,0,0.155165880918503,0,0,0,0,0,0.195532800670839,0,0,0,0,0.421323210000992,0,0.396259360749957,0.169960572733931,0,0,0,0,0,0,0,0,0,0,0,0.27272102329158,0.178800051410993,0.20325238790931,0,0,0.153039830257302,0.233834373873186,0.101386412978172,0.369489478568236,0.215131091220038,0.328769534826279,0.302971243858337,0,0,0.286910381787555,0,0.342884303836212,0.245760050291816,0.232494683137962,0,0,0,0,0,0,0,0.234162410455091,0,0,0,0,0.189896779286502,0,0,0,0,0,0,0,0,0,0,0,0.314484049668331,0.171165603250265,0.244768726664088,0,0.214293183243689,0.145202341838654,0.254547410791838,0,0.197139494053441,0.198861408306108,0.281757731750173,0.361973251615252,0
0.399934187531471,0,0.294659554958344,0,0.176372919004896,0,0.148445058844786,0,0,0,0.144620346812366,0,0,0,0,0,0.394873371720314,0.382431834936142,0.344434645218948,0,0.170731634106369,0,0,0,0,0,0,0,0,0,0,0.163188898682594,0.15626094543429,0.228625977268586,0.165757549100115,0.153039830257302,0,0.227545078098774,0.191557258196494,0.341092020273209,0.262498329359072,0.251706376671791,0.318324656159647,0,0.313570834696293,0,0.278661689500219,0.320108389776004,0.270138333152447,0,0.191647729873657,0,0.148306692639987,0,0,0,0.139476250375857,0,0,0,0,0,0,0.231440268773749,0,0,0,0,0,0,0,0,0,0,0.215775510126894,0.177206533332666,0.260773453981646,0.319658840696017,0.1832574959539,0.208837084956749,0.249924302101135,0.26742928440007,0.179042057191654,0.182678350083525,0.230456507922906,0,0.34038861409614
0,0.34819957613945,0,0,0,0,0,0,0,0.191215632483363,0,0.201761105753385,0,0,0,0,0,0,0,0.150076794955466,0,0.191530043694659,0.128459161520004,0.187495578583833,0,0,0,0.201565813637318,0,0.192636301177879,0,0,0,0.302160551999929,0.134497091174126,0.233834373873186,0.227545078098774,0,0.16315144614703,0.396541833877563,0,0.222814666373389,0,0,0,0.305929467082024,0,0.628425671656926,0.580050252377987,0.358223210214447,0,0,0,0,0,0,0,0.23087399327842,0,0,0,0,0.224007368087769,0,0.261153929381623,0,0.243355985088595,0,0,0,0.209912016987801,0,0.173669019757315,0,0,0,0.295298826135695,0.790796220302582,0.254345726488507,0.133730366826057,0.217229169516944,0.179383244203485,0.177935790358844,0.174940595220701,0.291408721092753,0.166791051626205,0
0,0,0,0,0,0,0,0,0.180338027385565,0,0.143001513899368,0,0,0,0,0,0.410179674625397,0,0.386643394827843,0,0.157138103919645,0,0.27302587522688,0,0.196693496830348,0,0,0,0.15590709735427,0,0.150059522145745,0,0,0.507191599011421,0.186683354658239,0.101386412978172,0.191557258196494,0.16315144614703,0,0,0.319719523191452,0,0.179777578249866,0,0,0,0.330745794943401,0.568651385862607,0.310053138396679,0.662543487090331,0,0,0,0,0.205059312283993,0,0.149893967300059,0,0,0,0,0,0,0.266849071686638,0.532018840312958,0.345973210835124,0,0.26561505083712,0,0,0,0,0,0.17210483368724,0,0.297720402479172,0.417124286293983,0.208508876942787,0,0.224478637050309,0.231636895338694,0.221040494085049,0.175938607334065,0.150328908115625,0.305965616725958,0,0.359985786676407
0,0.342716455459595,0,0,0,0,0,0,0,0,0,0,0,0,0,0,0.313550353050232,0.321531007687251,0.338450808304449,0,0,0,0,0,0,0,0,0,0,0,0,0,0,0,0,0.369489478568236,0.341092020273209,0.396541833877563,0,0,0.280227175530265,0.308855419221013,0.289732154955467,0,0,0.242494072897727,0.29366210103035,0.265873936315378,0.280755013227463,0.243106846963612,0,0,0,0,0,0,0,0.350287277251482,0,0,0,0,0.273893331011005,0.240319356322289,0,0,0,0,0,0,0,0,0.350553772167156,0,0,0,0,0,0.300675333944534,0.30163311958313,0.348165050446987,0.305284291505814,0.308527843482726,0,0.346200285430134,0.339152027948483,0.243797067552805
0.478385210037231,0,0,0,0,0,0,0,0,0,0,0,0,0,0,0,0.353717684745789,0.323984071612358,0.285584378584817,0,0.215651944279671,0,0.307713836431503,0,0,0,0,0,0,0,0,0.568910926580429,0,0,0.494596570730209,0.215131091220038,0.262498329359072,0,0.319719523191452,0.280227175530265,0,0.245549539724986,0.274934322247045,0,0.289663965982127,0,0.277946445923607,0.448200703118787,0.256083392797636,0.286504593160417,0,0,0,0,0.176940247416496,0,0.286823187437322,0,0,0,0,0,0,0.25526534690303,0,0,0,0,0,0,0,0,0,0.281226114584849,0.565674771865209,0,0,0,0.261262521147728,0.286775355029156,0.366884887218475,0.306309497422642,0.260124481619439,0,0.291737988647781,0,0.294272823612901
0,0.213455310795042,0,0.257569462578729,0,0,0,0,0,0.20465514031961,0,0,0,0,0,0,0.298544814189275,0.248865557213624,0.239233422601435,0.349992603063583,0,0,0,0.255415022373199,0,0,0,0,0,0,0,0,0,0.215153147067342,0,0.328769534826279,0.251706376671791,0.222814666373389,0,0.308855419221013,0.245549539724986,0,0.243206434675212,0,0,0.277107475697994,0.320784986019135,0.202299731047084,0.351028323173523,0.259382626153529,0,0,0,0,0,0.239215487614274,0,0.328062429987654,0,0,0,0,0.306703997402168,0.312458977103233,0,0,0.277195662260056,0,0,0,0,0,0.303273617308562,0,0,0,0,0,0.323525152701943,0.287538271929537,0.290569938222567,0.2607735209167,0.235360474473703,0,0.278671052553973,0.237145340299377,0.23120890557766
0.274747085068133,0,0.252732948431951,0,0,0,0,0,0.188134399173882,0,0,0,0,0,0,0,0.325687891907162,0.2688013702631,0.225536462973054,0,0.417058497667313,0,0,0,0,0,0,0,0,0,0,0,0,0.451851427555084,0.30629226565361,0.302971243858337,0.318324656159647,0,0.179777578249866,0.289732154955467,0.274934322247045,0.243206434675212,0,0,0.223307640996634,0,0.301827347201851,0.484819046672313,0.316223858743906,0.274891183894371,0.244624994695187,0,0,0,0.231456565752364,0,0.312020209369416,0,0.268131941556931,0,0,0,0.271341294050217,0.274457532124243,0,0,0.33470094203949,0,0,0,0,0.338839888572693,0.275997579097748,0.292641388932391,0,0,0.251949906349182,0.497125486532847,0.306458920240402,0.286404088318679,0.315600201487541,0.303037769982225,0.25157565672747,0.281991295516491,0.277807560977737,0.233632493019104,0.237786645578116
0,0,0,0,0,0,0,0,0,0,0,0,0,0,0,0,0.402166992425919,0,0.465598930915197,0,0,0,0,0,0,0,0,0,0,0,0,0,0,0,0,0,0,0,0,0,0,0,0,0,0,0,0,0,0,0,0,0,0,0,0,0,0,0,0,0,0,0,0.332139939069748,0,0,0,0,0,0,0,0,0,0,0,0,0,0,0,0,0,0,0,0,0,0.369463407993317,0,0
0,0,0,0,0,0,0,0,0,0,0,0,0,0,0,0,0,0,0.224395740777254,0,0,0,0,0,0,0,0,0,0,0,0,0,0,0,0,0,0.313570834696293,0,0,0,0.289663965982127,0,0.223307640996634,0,0,0,0.328336616924831,0,0.219913151115179,0.262244284152985,0,0,0,0,0,0,0,0,0,0,0,0,0,0.288282935108457,0,0,0,0,0,0,0,0,0,0,0,0.337965607643127,0,0,0.308649003505707,0.307565688319472,0,0.27839837372303,0.206485825541772,0,0.261041441742255,0,0.216002563635508
0,0,0,0,0,0,0,0,0,0,0,0,0,0,0,0,0,0,0.337779857218266,0.246441621333361,0,0,0,0,0,0,0,0,0,0,0,0,0,0,0,0.286910381787555,0,0.305929467082024,0,0.242494072897727,0,0.277107475697994,0,0,0,0,0,0,0,0,0,0,0,0,0,0,0,0.264148062467575,0,0,0,0,0.238648469731145,0,0,0,0,0,0,0,0,0,0.281446119913688,0,0,0,0,0,0.283468997262526,0.315966874361038,0.379696280908418,0,0.307955438127885,0,0.262916856692713,0.28963702917099,0
0,0,0,0,0,0,0,0,0,0,0,0,0,0,0,0,0.326213121414185,0.286056220531464,0.31152290235395,0,0.258872702717781,0,0,0,0,0,0,0,0,0,0,0,0,0,0,0,0.278661689500219,0,0.330745794943401,0.29366210103035,0.277946445923607,0.320784986019135,0.301827347201851,0,0.328336616924831,0,0,0.317172517379125,0.239256413387401,0.205739408731461,0,0,0,0,0,0,0.350326210260391,0,0,0,0,0,0,0.201499719589578,0,0,0,0,0,0,0,0,0,0.295157372951508,0,0,0,0,0,0.272061292853055,0,0.360801764313252,0.303906694054604,0,0.340719821664055,0,0.288170782228311
0.340996028288551,0.191981095075607,0.332638829946518,0.211643763714366,0,0,0,0,0.298632718622684,0.201686810595649,0,0,0,0,0,0,0,0,0.240388073027134,0,0,0,0.517038678681409,0,0,0,0,0,0,0,0,0.458330464117924,0.457311634271018,0.557962593582331,0.471256015051461,0.342884303836212,0.320108389776004,0.628425671656926,0.568651385862607,0.265873936315378,0.448200703118787,0.202299731047084,0.484819046672313,0,0,0,0.317172517379125,0,0.463281924234884,0.410180579475498,0,0,0,0,0.327899113297462,0.200933590531349,0,0.26550404727459,0,0,0,0,0.243700414896011,0,0.442057822431837,0.506764465189995,0.451326638460159,0.391672283411026,0,0,0,0,0,0,0.492665571438192,0.479875031162749,0.469611398833979,0.558511344818769,0.338780359328191,0.56486259653563,0.502708099048286,0.564177393423636,0.406091973559167,0,0.470448027756743,0.170079536239306,0.330441335837046
0.183957804920272,0,0.165408452502405,0,0,0,0,0,0.205506373610761,0,0,0,0,0,0,0,0,0,0.233619218071302,0,0,0,0.343816626351327,0,0.24954092694867,0,0,0,0,0,0,0.537314781120845,0,0.489022161190708,0.444188137849172,0.245760050291816,0.270138333152447,0.580050252377987,0.310053138396679,0.280755013227463,0.256083392797636,0.351028323173523,0.316223858743906,0,0.219913151115179,0,0.239256413387401,0.463281924234884,0,0.424338478697549,0,0,0,0,0.182978534501446,0,0.33433720691407,0,0.3170555382967,0,0.18261544361933,0,0,0.254936517431186,0,0.273797698502169,0,0.241156368127352,0,0.23557843328003,0,0.321385894689124,0,0.354216429693946,0.561892478002442,0.600299045443535,0.445561380793819,0.428708523511887,0.246857024729252,0.358234848562794,0.510025061093844,0.294651296286266,0.353912234938056,0,0.315061318457569,0,0.301644536356131
0.379700611035029,0.192440560106004,0,0.137730117887259,0,0,0,0,0.435567960143089,0.212766725569963,0,0,0,0,0,0,0.287195459008217,0.238208092749119,0.258327046228993,0,0,0.255199293295542,0,0.194839279292171,0,0.176523848416957,0,0,0,0,0,0.235893932067686,0,0.321472507384088,0.689474701881409,0.232494683137962,0,0.358223210214447,0.662543487090331,0.243106846963612,0.286504593160417,0.259382626153529,0.274891183894371,0,0.262244284152985,0,0.205739408731461,0.410180579475498,0.424338478697549,0,0,0,0,0,0,0.237370378914334,0.297641068696976,0.289543641002282,0,0.297008073370199,0,0.216248529297965,0.358154928684235,0,0.390208286303764,0.538907557725906,0.231597538605379,0,0.251990949948325,0,0.297823275050158,0,0.213813246876904,0,0.224621377885342,0,0.274631428489318,0.531212308577129,0.235829162502252,0.356861531734467,0.451859391544216,0.565841564718558,0.373648116448286,0,0.297811837607735,0.254130894318223,0.283481910824776
0,0,0.183172092477723,0,0.19497793890647,0,0.189169163926173,0,0.250760689377785,0,0.161735154688358,0,0,0,0.231555641939243,0,0,0,0,0,0.19117671251297,0,0,0,0,0,0,0,0,0,0,0,0,0,0,0,0.191647729873657,0,0,0,0,0,0.244624994695187,0,0,0,0,0,0,0,0,0,0.238688442569513,0,0.200864717364311,0,0.242274346372372,0,0.229900092293252,0,0.194054043478211,0,0,0.268161012400543,0,0,0,0,0,0,0,0,0,0,0,0,0,0,0,0,0,0,0.183127511073561,0,0.227627937913883,0,0
0,0,0,0.177993342280388,0,0.190584587415463,0,0.178585661477164,0,0,0,0.223879645268122,0,0,0,0,0,0,0,0.241730913519859,0,0,0,0,0,0,0,0,0,0,0,0,0,0,0,0,0,0,0,0,0,0,0,0,0,0,0,0,0,0,0,0,0,0.203345397076049,0,0.195252284407616,0,0.200233310461044,0,0,0,0.212339523434639,0.212015889585018,0,0,0,0,0,0,0,0,0,0,0,0,0,0,0,0,0,0,0,0.164398644967835,0.200199303527673,0.197388726714495,0,0
0,0,0,0,0.170727159827948,0,0.167212982712455,0,0,0,0,0,0,0,0,0,0,0,0,0,0.18886691281351,0,0,0,0,0,0,0,0,0,0,0,0,0,0,0,0.148306692639987,0,0,0,0,0,0,0,0,0,0,0,0,0,0.238688442569513,0,0,0,0,0,0.221350951199317,0,0.22158006531127,0,0,0,0,0,0,0,0,0,0,0,0,0,0,0,0,0,0,0,0,0.154068559408188,0,0,0.164122956212271,0.179910545547803,0.186162456870079,0,0
0,0,0,0,0,0.207357070534616,0,0.233128169891054,0,0,0,0.247514146845788,0,0.194992240455191,0,0,0,0,0,0.237517184019089,0,0,0,0,0,0,0,0,0,0,0,0,0,0,0,0,0,0,0,0,0,0,0,0,0,0,0,0,0,0,0,0.203345397076049,0,0,0,0,0,0.204854622997087,0,0.198711415131887,0,0,0.238634886253964,0,0,0,0,0,0,0,0,0,0,0,0,0,0,0,0,0,0,0,0.181427587683384,0.151032716035843,0,0,0
0.174222471278931,0,0.16909062656863,0,0,0,0,0,0.202227472118023,0,0,0,0,0,0.140576771090385,0,0.194961999471371,0.330124139785767,0.223354275027911,0,0,0,0,0,0.188488592306773,0,0.180414771278699,0,0,0,0,0,0,0,0,0,0,0,0.205059312283993,0,0.176940247416496,0,0.231456565752364,0,0,0,0,0.327899113297462,0.182978534501446,0,0.200864717364311,0,0,0,0,0,0.217285071313381,0,0.193287315964699,0,0.188641641059747,0,0,0.177948191761971,0,0,0,0.214171792637734,0,0.157389733791351,0,0,0,0.256303608417511,0,0,0,0,0,0,0,0.262821712654475,0.206666136712147,0.225375001337014,0.182674016425575,0,0.211871773004532
0,0.237633034165787,0,0.169755647128279,0,0,0,0,0.145034670829773,0.19591107237328,0,0,0,0,0,0.166971057096775,0.156890672445297,0.203961318030077,0.198636941611767,0,0,0,0,0.165462890603379,0,0.16677550971508,0,0,0,0,0,0,0,0,0,0,0,0,0,0,0,0.239215487614274,0,0,0,0,0,0.200933590531349,0,0.237370378914334,0,0.195252284407616,0,0,0,0,0,0,0,0,0,0.197789961375253,0,0,0,0,0.213499765736716,0,0.187940999865532,0,0,0,0,0,0,0,0,0,0,0,0.186252123117447,0,0.21896323764866,0.24429764598608,0.285797136548524,0,0
0.313718169927597,0,0.24476047547151,0,0.218870127573609,0,0.222132787108421,0,0.378620564937592,0,0.19492282879479,0,0.181622798081045,0,0,0,0.354188884794712,0.351239477212612,0.34438556432724,0,0.154190516420479,0,0,0,0,0,0,0,0,0,0.177233932221808,0,0,0,0,0,0.139476250375857,0,0.149893967300059,0,0.286823187437322,0,0.312020209369416,0,0,0,0.350326210260391,0,0.33433720691407,0.297641068696976,0.242274346372372,0,0.221350951199317,0,0.217285071313381,0,0,0,0.263332656656042,0,0.29876509308815,0,0,0.297405298330703,0,0,0,0,0,0.321442119777203,0,0.355279993919926,0,0.309990927236143,0,0,0,0,0.294383719563484,0.233469280931685,0,0.180249568695823,0.242295361418747,0.179060883820057,0.297939190864852,0,0.334631519248852
0,0.333323508501053,0,0.249598979949951,0,0.241332579184981,0,0.196147355809808,0,0,0,0.216007257613661,0,0.196964365121494,0,0,0.386776626110077,0.298831939697266,0.380872796940547,0.255722264759243,0,0,0,0,0,0,0,0,0,0.217818592275892,0,0,0,0,0,0.234162410455091,0,0.23087399327842,0,0.350287277251482,0,0.328062429987654,0,0,0,0.264148062467575,0,0.26550404727459,0,0.289543641002282,0,0.200233310461044,0,0.204854622997087,0,0,0,0,0,0.223153695559046,0,0.316929314817701,0.329974185726414,0,0,0,0,0,0.292034387588501,0,0.258212469752059,0,0.343476354619678,0,0,0,0,0,0.310045758727938,0,0.253220218632902,0,0.241631886933321,0,0.313432060761584,0.334548223763704,0
0,0,0.19334168298678,0,0.184179473136153,0,0.184000727462481,0,0,0,0.149712306278491,0,0.188417460346959,0,0.157512091455005,0,0,0,0.235670283436775,0,0,0,0,0,0,0,0,0,0,0,0,0,0,0,0,0,0,0,0,0,0,0,0.268131941556931,0,0,0,0,0,0.3170555382967,0,0.229900092293252,0,0.22158006531127,0,0.193287315964699,0,0.263332656656042,0,0,0,0.225109000768617,0,0,0.290173188430592,0,0,0,0,0,0.32215853407979,0,0.33033408348759,0,0.271591648459435,0,0,0,0,0,0,0,0.355525195598602,0.248413584928597,0.183947831392288,0.250652899623975,0,0.263551577925682
0,0,0,0,0,0,0,0.167587747030398,0,0,0,0.236998395994306,0,0.176789547057395,0,0.229899038918889,0,0,0,0,0,0,0,0,0,0,0,0.221198752522469,0,0,0,0,0,0,0,0,0,0,0,0,0,0,0,0,0,0,0,0,0,0.297008073370199,0,0,0,0.198711415131887,0,0,0,0.223153695559046,0,0,0,0.238406614500022,0,0,0,0,0,0,0.213783750931422,0,0.317526692152023,0,0,0,0,0,0,0,0,0,0,0,0.27140831798315,0,0,0,0
0.186378259889104,0,0.169117741286755,0,0.196591001445964,0,0,0,0.17099118995112,0,0,0,0.168602102476618,0,0.230744921119468,0,0.166092684492469,0,0,0,0,0,0,0,0,0,0,0,0,0,0,0,0,0,0,0,0,0,0,0,0,0,0,0,0,0,0,0,0.18261544361933,0,0.194054043478211,0,0,0,0.188641641059747,0,0.29876509308815,0,0.225109000768617,0,0,0,0,0,0,0,0,0,0,0,0,0,0,0,0,0,0,0,0,0,0,0,0.211660861772926,0.160379776358604,0,0,0
0,0.209923102209965,0,0,0,0.196521252393723,0,0,0,0.245296771539019,0,0,0,0.164248908893401,0,0.171632041151707,0.232098363339901,0.170606271777716,0.153002887964249,0,0,0.179502435028553,0,0.173073783516884,0,0.136128519949588,0,0,0,0,0,0,0,0,0,0,0,0,0,0,0,0,0,0,0,0,0,0,0,0.216248529297965,0,0.212339523434639,0,0,0,0.197789961375253,0,0.316929314817701,0,0.238406614500022,0,0,0,0,0,0,0,0,0.149634868627594,0,0,0,0,0,0,0,0,0,0,0,0,0,0.185291213775749,0,0,0,0
0,0,0,0.212186254560947,0,0.212363874568389,0,0.194465696766793,0,0,0,0.198120485119363,0,0,0,0,0.380134880542755,0,0.342341523617506,0.183081979266822,0,0,0,0,0,0,0,0,0,0,0,0,0,0.262245744466782,0,0.189896779286502,0,0.224007368087769,0,0.273893331011005,0,0.306703997402168,0.271341294050217,0.332139939069748,0,0.238648469731145,0,0.243700414896011,0,0.358154928684235,0,0.212015889585018,0,0.238634886253964,0,0,0,0.329974185726414,0,0,0,0,0,0,0,0,0,0,0,0,0.343145310878754,0,0.349079339254287,0,0,0,0,0,0.238051158588413,0,0.305838571222176,0,0.171129334241385,0,0.292779389833835,0.300719389183955,0
0.311169013381004,0,0.230767108500004,0,0.189235441312932,0,0.196527262528737,0,0,0,0.145248271092988,0,0,0,0,0,0.371007055044174,0.370971595247587,0.327281820538797,0,0.23917644145912,0,0,0,0,0,0,0,0,0,0,0,0,0,0,0,0.231440268773749,0,0.266849071686638,0.240319356322289,0.25526534690303,0.312458977103233,0.274457532124243,0,0.288282935108457,0,0.201499719589578,0,0.254936517431186,0,0.268161012400543,0,0,0,0.177948191761971,0,0.297405298330703,0,0.290173188430592,0,0,0,0,0,0,0,0,0,0,0,0,0,0,0.351982016364733,0,0,0,0,0.328682452440262,0.250923552519209,0,0.342733237437798,0.196360220785799,0.186553820967674,0.301667803574848,0,0.37317755818367
0,0,0,0,0,0,0,0,0,0,0,0,0,0,0,0,0.316436558961868,0.176271492242813,0,0,0,0.182705595065405,0,0.173859602981998,0,0.141784664138522,0,0.244051147726449,0,0,0,0,0,0,0,0,0,0.261153929381623,0.532018840312958,0,0,0,0,0,0,0,0,0.442057822431837,0,0.390208286303764,0,0,0,0,0,0,0,0,0,0,0,0,0,0,0,0,0.198107164246695,0,0.134923895820975,0,0.265435510589449,0,0.309940695762634,0,0,0,0.127322553940441,0,0,0,0.271164833526537,0,0.163938079357147,0.171933637724982,0.417513079941273,0,0
0,0,0,0,0,0,0,0,0,0,0,0,0,0,0,0,0.149072378873825,0,0,0,0,0.122048370137408,0.197626129452384,0,0.207105691234271,0,0.172684525541209,0,0.161420390304953,0,0,0,0,0.549699127674103,0,0,0,0,0.345973210835124,0,0,0,0,0,0,0,0,0.506764465189995,0.273797698502169,0.538907557725906,0,0,0,0,0,0,0,0,0,0,0,0,0,0,0,0,0,0.268357956491479,0,0.223017093608245,0,0.19147084449601,0,0,0,0,0.580029487609863,0,0,0,0,0.321300500772776,0.170264951428386,0.179331336116445,0.432625934481621,0,0
0,0.320649588108063,0,0,0,0,0,0,0.160058006644249,0.19689687747847,0,0,0,0,0.129016980528831,0.138025969266891,0.157957344833348,0.181820935104042,0.17447365955873,0,0,0.20543725145598,0,0.168889032148725,0.161470487713814,0.159626417184123,0,0,0,0,0,0,0,0.278560280799866,0,0,0,0.243355985088595,0,0,0,0.277195662260056,0.33470094203949,0,0,0,0,0.451326638460159,0,0.231597538605379,0,0,0,0,0,0.213499765736716,0,0,0,0,0,0,0,0,0.198107164246695,0,0,0,0.184904530644417,0,0.180683941508715,0,0,0,0,0,0.240295622211236,0,0,0,0.243003324442743,0,0.16076389229339,0,0.242675364017487,0,0
0,0,0,0,0,0,0,0,0,0,0,0,0,0,0,0,0.170984093844891,0.154613241553307,0,0,0,0,0.242090865488975,0,0.180783066273591,0,0.178133953234245,0,0,0,0,0,0,0,0,0,0,0,0.26561505083712,0,0,0,0,0,0,0,0,0.391672283411026,0.241156368127352,0,0,0,0,0,0.214171792637734,0,0,0,0,0,0,0,0,0,0,0.268357956491479,0,0,0,0.189771459716831,0,0,0,0,0,0,0,0.25224332511425,0,0,0,0.270946477807825,0.187968261539936,0,0.207558712875,0,0
0,0.139610223472118,0,0,0,0,0,0,0.152279481291771,0.207497919599215,0,0,0,0.145599454763483,0,0.141646473253348,0.229204744100571,0.167348720044076,0.199975786937608,0,0,0.160838466814973,0,0.158613160704121,0,0.150842713119831,0,0.141590447052495,0,0,0,0,0,0,0,0,0,0,0,0,0,0,0,0,0,0,0,0,0,0.251990949948325,0,0,0,0,0,0.187940999865532,0,0.292034387588501,0,0.213783750931422,0,0.149634868627594,0,0,0.134923895820975,0,0.184904530644417,0,0,0,0.174743968393953,0,0,0,0,0,0,0,0,0,0,0,0.172207598857906,0,0.187331289052963,0,0
0,0,0,0,0,0,0,0,0.162530791759491,0,0,0,0,0,0.14177472287036,0,0.15398139771488,0.285051167011261,0,0,0,0,0.201653376221657,0,0.166825548960612,0,0.170312026076792,0,0.162854520810975,0,0,0,0,0,0,0,0,0,0,0,0,0,0,0,0,0,0,0,0.23557843328003,0,0,0,0,0,0.157389733791351,0,0.321442119777203,0,0.32215853407979,0,0,0,0,0,0,0.223017093608245,0,0.189771459716831,0,0,0,0.200967674454053,0,0,0,0,0,0,0,0,0,0,0.148916450639566,0,0,0,0
0,0,0,0,0,0,0,0,0,0,0,0,0,0.15008126847122,0,0.128587312996387,0,0,0,0,0,0.175275478512049,0,0,0,0.150663324669003,0,0.196195160491708,0,0.194485606621122,0,0,0,0,0,0,0,0.209912016987801,0,0,0,0,0,0,0,0,0,0,0,0.297823275050158,0,0,0,0,0,0,0,0.258212469752059,0,0.317526692152023,0,0,0.343145310878754,0,0.265435510589449,0,0.180683941508715,0,0.174743968393953,0,0,0,0.290093224159408,0,0,0,0,0,0,0,0.250842394362582,0,0.149867465329725,0.149589271707968,0,0,0
0,0,0,0,0,0,0,0,0,0,0,0,0.174453020095825,0,0,0,0,0,0,0,0,0,0.158878052823765,0,0,0,0.18048070371151,0,0.183139026597972,0,0,0,0,0,0,0,0,0,0,0,0,0,0.338839888572693,0,0,0,0,0,0.321385894689124,0,0,0,0,0,0,0,0.355279993919926,0,0.33033408348759,0,0,0,0,0,0,0.19147084449601,0,0,0,0.200967674454053,0,0,0,0.370063102079762,0,0,0,0,0,0,0,0.245687574496832,0.154925192395846,0,0.31042155623436,0,0
0,0.293647915124893,0,0.282041888604773,0,0,0,0,0,0,0,0.229191148201742,0,0.175895616412163,0,0,0.362989312410355,0.29455590993166,0.367992012488722,0,0,0,0,0,0,0,0,0.234892137263013,0,0.195105435812172,0,0,0,0,0,0,0,0.173669019757315,0,0.350553772167156,0,0.303273617308562,0.275997579097748,0,0,0.281446119913688,0,0,0,0.213813246876904,0,0,0,0,0,0,0,0.343476354619678,0,0,0,0,0.349079339254287,0,0.309940695762634,0,0,0,0,0,0.290093224159408,0,0,0,0,0,0,0,0.346197324139731,0.243861302733421,0.235265567169773,0,0.273014708939526,0,0.331299755925767,0.333090312597228,0
0.320288419723511,0,0.27459838811089,0,0,0,0,0,0,0,0.195391899155032,0,0,0,0,0,0.343758761882782,0.35664372642835,0.342230496803919,0,0.445980429649353,0,0,0,0,0,0,0,0.169035513240557,0,0.177647038971007,0,0,0,0,0,0,0,0.17210483368724,0,0.281226114584849,0,0.292641388932391,0,0,0,0.295157372951508,0,0.354216429693946,0,0,0,0,0,0.256303608417511,0,0.309990927236143,0,0.271591648459435,0,0,0,0,0.351982016364733,0,0,0,0,0,0,0,0.370063102079762,0,0,0,0,0,0,0.305899947881699,0.288752299486374,0,0.236476639174578,0.312310060240188,0,0.333142880207473,0,0.332562575116754
0,0,0,0,0,0,0,0,0,0,0,0,0,0,0,0,0,0,0,0,0,0,0,0,0,0,0,0,0,0,0,0.342829003234751,0.429804577293554,0.287134231569675,0.192762702703476,0.314484049668331,0.215775510126894,0,0,0,0.565674771865209,0,0,0,0,0,0,0.492665571438192,0.561892478002442,0.224621377885342,0,0,0,0,0,0,0,0,0,0,0,0,0,0,0,0,0,0,0,0,0,0,0,0,0,0.476264050832162,0.387243313377336,0.314517825841904,0.328203610058445,0.590771813055725,0,0,0.230271448691686,0,0,0,0
0,0,0,0,0,0,0,0,0,0,0,0,0,0,0,0,0,0,0,0,0,0,0,0,0,0,0,0,0,0,0,0.325500577484092,0.21024457458186,0.216008671020207,0.216425043741862,0.171165603250265,0.177206533332666,0,0.297720402479172,0,0,0,0,0,0.337965607643127,0,0,0.479875031162749,0.600299045443535,0,0,0,0,0,0,0,0,0,0,0,0,0,0,0,0,0,0,0,0,0,0,0,0,0,0.476264050832162,0,0.271998126506805,0.307815694221945,0.182563737034798,0.254588072823484,0,0,0.250797403266104,0,0,0,0
