0,0,0.230710431933403,0,0,0,0,0,0.186214715549979,0,0.32591500878334,0,0,0,0.178243108093739,0.229314371943474,0.279281675815582,0.233796387910843,0.229946777224541,0,0.358715564012527,0,0,0.301211009422938,0.255379046937999,0,0.209099724888802,0,0,0,0,0,0,0,0,0,0,0.278740456700325,0.261976991480554,0,0,0,0.25319708181106,0,0.330074347555637,0,0.272658253709475,0,0.332652656958669,0,0,0,0,0,0.191232312400386,0.248498946428299,0.262931417090347,0,0.270273621194065,0,0.315622788454805,0,0,0.292436780674117,0,0,0.306263506412506,0.323570214785062,0,0.270758669202526,0,0.282217496074736,0,0.310975509243352,0,0,0,0,0,0,0.278539916743403,0.279111770146033,0.260712352788673,0,0.313032320608263,0,0.250873406728109
0,0,0,0.227074198678813,0,0.147815767675638,0,0,0.273595184087753,0.166823194184237,0,0,0,0,0,0.208066743422062,0.266751438379288,0.249131189659238,0.251588797353836,0,0,0,0,0.289207914913142,0.304555606510904,0,0,0,0,0,0,0,0,0,0,0.26472532749176,0.268897116184235,0.286993407639506,0.313834792003036,0.2540433268312,0,0.264039711572722,0.303485792616139,0.271348845213652,0.295426172869546,0.221913697359315,0,0.357165992259979,0.277245581150055,0.284799162478383,0,0.195097229697488,0,0,0,0.179972078544414,0,0.158506125211716,0,0,0,0.21595571133675,0.241635029966181,0.294674128293991,0,0,0.437034031011961,0.275020107626915,0.271989871212777,0,0,0,0,0,0,0,0,0,0.240860489507516,0,0.310649635483984,0.303084656596184,0.269694682644334,0.255538475513458,0.303756458723518,0.229318448834205,0.288062930107117
0.230710431933403,0,0,0,0.176629438996315,0,0,0,0.194904451887322,0,0,0,0,0,0.212206660247431,0,0,0,0,0,0.205851902564367,0,0,0,0,0,0,0,0,0,0,0,0,0,0,0,0,0,0.240385589500268,0,0.167802435430613,0,0.268935091022787,0,0.350668238475919,0,0.188475758183834,0.375646263360977,0.252506831017408,0,0.189569967798889,0,0,0,0.13837079974738,0,0.192868903927181,0,0.212927914328045,0,0.214352392901977,0,0,0.18498875555538,0,0,0,0.339519649744034,0,0,0,0.263189822435379,0,0,0,0,0,0,0,0,0,0,0.192518986425602,0.214006887406719,0.226509941082734,0,0
0,0.227074198678813,0,0,0,0.182527595758438,0,0,0,0.17595740019971,0,0.179504193365574,0,0,0,0.267020389437675,0,0,0.254201859235764,0.286073158184687,0,0,0,0,0,0,0,0,0,0,0,0,0,0.339364290237427,0,0.191723857687998,0,0.319209739565849,0,0.228500058608396,0,0.228092094417661,0.285240411185301,0.287118539214134,0.261057108640671,0.184018322091172,0,0.383165329694748,0,0.274925695598455,0,0.160629283636808,0,0,0,0.227639721191708,0,0.266196797696912,0,0.243900922246468,0,0.278006309393334,0.23502493248536,0,0,0,0.222427219152451,0,0,0,0,0,0,0,0,0,0,0,0.171190795101477,0,0.258686509728432,0,0.202436812044284,0.187077811360359,0.256028640721918,0.2020443379879,0
0,0,0.176629438996315,0,0,0,0.17796745452475,0,0.215658089518547,0,0,0,0,0,0.186863833003574,0,0,0,0,0,0.19286831219991,0,0,0,0,0,0,0,0,0,0,0,0,0,0,0,0.202291874050656,0,0,0,0,0,0.265858918428421,0,0,0,0.232363671064377,0,0.21843708306551,0,0.146116688456875,0,0.190770727396011,0,0,0,0.197302737357942,0,0.187696481602533,0,0.181205895543098,0,0,0,0,0,0,0,0,0,0,0,0,0,0,0,0,0,0,0.204514798594684,0,0,0.180547001562027,0.182348991802761,0.187529271942074,0,0
0,0.147815767675638,0,0.182527595758438,0,0,0,0.138983314236005,0,0.161861661116819,0,0,0,0,0,0,0,0,0,0.132541750625866,0,0,0,0,0,0,0,0,0,0,0,0,0,0,0,0,0,0,0,0,0,0.259238958358765,0.292108595371246,0,0,0,0,0,0,0,0,0.177726767542789,0,0.182526861896386,0,0.147186414283865,0,0.154883837209472,0,0.179305959492922,0,0.238414938251177,0.126054251566529,0,0,0,0,0,0,0,0,0,0,0,0,0,0,0,0,0,0,0,0.149008607153903,0.164094260623378,0.186479073088124,0,0
0,0,0,0,0.17796745452475,0,0,0,0,0,0.151493526995182,0,0.117394202678907,0,0,0,0,0,0,0,0.153016232862705,0,0,0,0,0,0,0,0,0,0,0,0,0,0,0,0.144747447967529,0,0,0,0,0,0,0,0,0,0,0,0,0,0.183421028872668,0,0.166951320746115,0,0,0,0.144729065398375,0,0.116373871102792,0,0,0,0,0.162410893223502,0,0,0,0,0,0,0,0,0,0,0,0,0,0,0,0.182932514283392,0,0,0.151937946819803,0.25734061896801,0,0,0
0,0,0,0,0,0.138983314236005,0,0,0,0,0,0.169836650292079,0,0.182450207571189,0,0,0,0,0,0.111168283969164,0,0,0,0,0,0,0,0,0,0,0,0,0,0,0,0,0,0,0,0,0,0,0,0,0,0,0,0,0,0,0,0.157976649701595,0,0.144303982372133,0,0,0,0.169926777482033,0,0.154610703140497,0,0,0.118809224239417,0,0,0,0,0,0,0,0,0,0,0,0,0,0,0,0,0,0,0,0.202557217564669,0.126146730035543,0,0,0
0.186214715549979,0.273595184087753,0.194904451887322,0,0.215658089518547,0,0,0,0,0,0.437427349388599,0,0,0,0.199818476843528,0,0.242008026076269,0.301483169198036,0.270688685310351,0,0.438797770297691,0,0,0.263923466205597,0.167576757852697,0,0.172699315150579,0,0,0,0,0,0,0,0,0,0,0.264415437976519,0.208969823188252,0,0.199516299366951,0.198621460369655,0.243923826890196,0,0.249454145630201,0.273889124393463,0.264747803575463,0.374041169881821,0.269971458489416,0.191458314657211,0.153631107373671,0,0,0,0.154842044555006,0.241952657699585,0.233682117906624,0,0.270253604751522,0,0.181099065654987,0,0,0.393714737612754,0,0,0,0.195483701137483,0,0.212763823202399,0,0.284551679120435,0,0.360818669605417,0,0,0,0,0,0.224881233647466,0.238843726260321,0.30105948401615,0.194134550161304,0.170081308599815,0.326789037564436,0,0.28984981597889
0,0.166823194184237,0,0.17595740019971,0,0.161861661116819,0,0,0,0,0,0,0,0,0,0.140990380900247,0,0.186632469296455,0.192722452052853,0.17047759393851,0,0,0,0.175663088419242,0.256548311561346,0,0,0,0,0,0,0,0,0,0,0.208624318242073,0,0.207340441644192,0.256990633077092,0.247012514621019,0,0.305737839862704,0.233434142544866,0.230523562431335,0.24286937713623,0.226255841851234,0.297318041324615,0.309690147638321,0,0.271169391370589,0,0.142894677817822,0,0,0,0.150679420559637,0,0,0,0,0,0.182678154063603,0.25036591788133,0,0,0,0.181531727154908,0,0.225569620728493,0,0,0,0,0,0,0,0,0,0.272325843572617,0,0.283934122499298,0.255026645958424,0.172301750811816,0.169991864598999,0.268101014196873,0.231616759300232,0
0.32591500878334,0,0,0,0,0,0.151493526995182,0,0.437427349388599,0,0,0,0.179151063787845,0,0,0,0.326912631591161,0,0.319678594668706,0,0.257228686725316,0,0,0,0,0,0,0,0.186178386211395,0,0.180646425550399,0,0,0,0,0,0.160527358605619,0,0.144343086502117,0,0.219341799616814,0,0.31016711704433,0,0.248364506289363,0,0.275185053165142,0,0.30552389845252,0,0,0,0.167602121829987,0,0,0,0.163082030196287,0,0.206808935293704,0,0,0,0,0.319570755088093,0,0,0,0,0,0,0,0.142634123563766,0,0.172880206780974,0,0,0,0,0,0.164276992459342,0,0.139484524726868,0.153771225383891,0.162776985594743,0.279403657234948,0,0.526300430297852
0,0,0,0.179504193365574,0,0,0,0.169836650292079,0,0,0,0,0,0.164332829614,0,0,0,0,0,0.140926022943906,0,0,0,0,0,0,0,0.142959746718407,0,0.126460420073575,0,0,0,0,0,0.155713276989828,0,0.146378211255862,0,0,0,0,0,0,0,0.137054562568665,0,0,0,0.184235712140799,0,0.135520752519369,0,0.147649351358414,0,0,0,0.146720280916791,0,0.16323543378969,0,0.16046616435051,0.151101719674104,0,0,0,0,0,0,0,0.181488905961697,0,0.15171901848546,0,0,0,0,0,0.139017496506373,0,0.166887618838896,0,0.145777447574142,0.15365070104599,0.200143984829386,0,0
0,0,0,0,0,0,0.117394202678907,0,0,0,0.179151063787845,0,0,0,0,0,0,0,0,0,0,0,0,0,0,0,0,0,0.136565539985895,0,0,0,0,0,0,0,0,0,0,0,0,0,0,0,0,0,0,0,0,0,0,0,0.146842970599219,0,0,0,0.200335994574195,0,0.166487122255082,0,0,0,0,0,0,0,0,0,0,0,0,0.139416396617889,0,0,0,0,0,0,0,0,0,0,0.156858905793015,0.155699138831154,0,0,0
0,0,0,0,0,0,0,0.182450207571189,0,0,0,0.164332829614,0,0,0,0.140782744137209,0,0,0,0,0,0,0,0,0,0,0,0.149673470460317,0,0.143210455775261,0,0,0,0,0,0,0,0.131288290023804,0,0,0,0,0,0,0,0,0,0,0,0,0,0.185208566486835,0,0.145253236974235,0,0,0,0.181355352757069,0,0.16579809220471,0,0.137167905930613,0,0,0,0,0,0,0,0,0.200625733550742,0,0,0,0,0,0,0,0,0,0,0,0.172039058473375,0.23814670827692,0,0,0
0.178243108093739,0,0.212206660247431,0,0.186863833003574,0,0,0,0.199818476843528,0,0,0,0,0,0,0,0.198792578250754,0,0.23504501581192,0,0.255373448133469,0,0,0,0.168007237700427,0,0.16810779383889,0,0,0,0,0,0,0,0,0,0,0,0,0,0,0,0.265328298915516,0,0.259414032101631,0,0.249870166182518,0,0.205631562033478,0,0,0,0,0,0.163435547923048,0,0.231821265337723,0,0.250960906346639,0,0.172836688936863,0,0,0.262154365579287,0,0,0,0.17422190667635,0,0.18801029920578,0,0.236194759607315,0,0.259530663490295,0,0,0,0,0,0.242396627863248,0,0,0.20290032293283,0.221947500606378,0.245957009218357,0,0
0.229314371943474,0.208066743422062,0,0.267020389437675,0,0,0,0,0,0.140990380900247,0,0,0,0.140782744137209,0,0,0,0.152747871844392,0,0,0,0,0,0.16470118216445,0,0.15907246752509,0,0,0,0,0,0,0,0,0,0,0,0,0,0,0,0.231559604406357,0,0.273357003927231,0,0,0,0,0,0.223354161795923,0,0,0,0,0,0.175512024334499,0,0,0,0,0,0.167024034656146,0,0,0,0,0.170869605472455,0,0.159741770695238,0,0,0,0,0,0,0,0,0,0,0,0,0,0.181199834437914,0.146999427676201,0.230801343917847,0,0
0.279281675815582,0.266751438379288,0,0,0,0,0,0,0.242008026076269,0,0.326912631591161,0,0,0,0.198792578250754,0,0,0.171843955411802,0.278042019609396,0,0.371541320000376,0.15824642446306,0.137225178285287,0,0.254754632711411,0,0.14733843092735,0,0,0,0,0,0,0,0,0,0,0.176457583904266,0.317272739609083,0.288708215481357,0.236919045448303,0.253533680941544,0.234080902782494,0.278785409198867,0.260825230709968,0.271222679961658,0.300643869413311,0,0.274418563644091,0.27939840234243,0,0,0,0,0,0,0.257311556488276,0,0.254425466060638,0,0.173229396794782,0,0,0.358689282876505,0,0.124745455024571,0,0.261130779981613,0,0.184607369655913,0,0.267986348697117,0,0.311051290482283,0,0,0,0,0.303576469421387,0.241580571234226,0.314446651842445,0.286074613531431,0.187167865796734,0.1522301339293,0.307963517939185,0.235360901554426,0.263138501056984
0.233796387910843,0.249131189659238,0,0,0,0,0,0,0.301483169198036,0.186632469296455,0,0,0,0,0,0.152747871844392,0.171843955411802,0,0.269559848870691,0,0.332125544548035,0.163118224564966,0,0.171792197862969,0,0.157826522111393,0,0.147457555964075,0,0,0,0,0,0,0,0,0,0.217203581562409,0.188760749995708,0.311393381562084,0,0.249111549290892,0.236249290406704,0.259927382692695,0.258213450511297,0.273846500664949,0.276789727269626,0,0.252785943448544,0.277020800181411,0,0,0,0,0,0,0,0,0.224823921918869,0,0,0.164868967026068,0.342549651861191,0.335761350393295,0.152113274438307,0,0.161064118974739,0,0.147605178611619,0,0,0.281846046447754,0,0.28700545988977,0,0,0,0,0.354339018464088,0.250728167593479,0.316393807782965,0.295224209626516,0.188847786187887,0.138443932967175,0.297246932983398,0.253146646751298,0.267339143157005
0.229946777224541,0.251588797353836,0,0.254201859235764,0,0,0,0,0.270688685310351,0.192722452052853,0.319678594668706,0,0,0,0.23504501581192,0,0.278042019609396,0.269559848870691,0,0,0.365543864135231,0,0,0.187418304383755,0.248163625597954,0,0,0,0,0,0,0,0,0,0,0,0,0.232679262305751,0.322806869561856,0.319409627675551,0,0.223292276214287,0.206614282294198,0.284645220610948,0.180122010640262,0.276229801452922,0.295897421082068,0.246937336524328,0.278389194536777,0.29182012337892,0,0,0,0,0.21174579752343,0.212521758217078,0.28705835517715,0,0.225735103090604,0,0,0.243865102529526,0.363618191618186,0.348694395486246,0,0,0.160494267940521,0.252451065927744,0,0,0,0.265563960640858,0.425883680582047,0.30592958210674,0,0,0,0,0.342848622517006,0.231250026728958,0.336473090702768,0.294453702064661,0.222605740561381,0.19791550674943,0.293765281852092,0.247789227431363,0.236212406546024
0,0,0,0.286073158184687,0,0.132541750625866,0,0.111168283969164,0,0.17047759393851,0,0.140926022943906,0,0,0,0,0,0,0,0,0,0,0,0,0,0,0,0,0,0.128069952130318,0,0,0,0,0,0.141152425444954,0,0.172580754241118,0,0,0,0.277974255383015,0,0,0,0.172787743213686,0,0,0,0.27737084031105,0,0.174902606755495,0,0,0,0,0,0.139548930029074,0,0.226184764504433,0,0.30764868358771,0.146703904887514,0,0,0,0,0,0,0,0,0,0.134014668564002,0,0,0,0,0,0.191464544832706,0,0.214509233832359,0,0.153531051560301,0,0.247614558627255,0,0
0.358715564012527,0,0.205851902564367,0,0.19286831219991,0,0.153016232862705,0,0.438797770297691,0,0.257228686725316,0,0,0,0.255373448133469,0,0.371541320000376,0.332125544548035,0.365543864135231,0,0,0,0,0,0,0,0,0,0,0,0,0,0,0,0,0,0.136503387489665,0,0.25628064794412,0,0.202738903462887,0.285959810018539,0.385427264723836,0,0.285731896426943,0.284486919641495,0.26897128279026,0.344215303659439,0.321509570415531,0,0.277343451976776,0,0.165963768959045,0,0.308898732066154,0,0.21662211577878,0,0.26238922526439,0,0.278934821486473,0,0,0.224452074779491,0,0,0,0,0,0,0,0,0,0.216760410964489,0,0,0,0,0,0.192944682271857,0.34538559615612,0.170450407080352,0.193726964833136,0,0.2759482111975,0,0.517339600966527
0,0,0,0,0,0,0,0,0,0,0,0,0,0,0,0,0.15824642446306,0.163118224564966,0,0,0,0,0.111115103587508,0.308989127839731,0.447754566868146,0.18800826577178,0,0.15731780173219,0,0,0,0,0,0,0,0,0,0.298293761178081,0.476927823490567,0,0,0,0,0,0,0,0,0,0,0.194640980798657,0,0,0,0,0,0,0,0,0,0,0,0,0,0,0.171377964427027,0.113339350200616,0.235191386522344,0.475900188088417,0,0,0.195309010591913,0,0,0,0,0,0,0,0,0,0.3421602846893,0.234176669073732,0.154331547618039,0.13089003689021,0,0,0
0,0,0,0,0,0,0,0,0,0,0,0,0,0,0,0,0.137225178285287,0,0,0,0,0.111115103587508,0,0,0.301105115581951,0,0.222335481125375,0,0.192848617046378,0,0,0,0,0,0,0,0,0,0.336449700558528,0,0,0,0,0,0,0,0,0,0,0,0,0,0,0,0,0,0,0,0,0,0,0,0,0,0,0.151283434792018,0,0.233129931037383,0,0.242897295969272,0,0.280210217775463,0,0,0,0,0,0,0,0,0,0.355946807288429,0.136720901737057,0.118088938733916,0,0,0
0.301211009422938,0.289207914913142,0,0,0,0,0,0,0.263923466205597,0.175663088419242,0,0,0,0,0,0.16470118216445,0,0.171792197862969,0.187418304383755,0,0,0.308989127839731,0,0,0.411966076120734,0.166488787116006,0,0,0,0,0,0,0,0,0,0,0,0.337177750489772,0.434919527266175,0.233332931995392,0,0.229340669181612,0,0,0,0.240654498338699,0,0,0,0.267652789503336,0,0,0,0,0,0.210176466529568,0.321160614490509,0,0,0,0,0.164661030750722,0,0,0.209803616704598,0,0.255193040994783,0.386180480321248,0.169008920788765,0,0,0,0,0,0,0,0,0,0,0,0.322748507772173,0.433290836711725,0.236455330635582,0.42702382405599,0.222404549519221,0,0
0.255379046937999,0.304555606510904,0,0,0,0,0,0,0.167576757852697,0.256548311561346,0,0,0,0,0.168007237700427,0,0.254754632711411,0,0.248163625597954,0,0,0.447754566868146,0.301105115581951,0.411966076120734,0,0,0.223090363459455,0,0,0,0,0,0,0,0,0,0,0.404478640357653,0.321241010103794,0,0,0.403140485286713,0.315079148459647,0,0.283160254359245,0,0.278288885951042,0.350589945912361,0.279274585549949,0,0,0,0,0,0.180191705891719,0.269532789786657,0.259381155882563,0,0.258627480268478,0,0.192452289164066,0,0,0,0,0.174964826366455,0.36112384001414,0.20110680455907,0,0.210125778463076,0,0.267759701970852,0,0,0,0,0,0,0,0,0.411427835943878,0.290715238826286,0.227016967119695,0.50014683008194,0.27905962945985,0,0
0,0,0,0,0,0,0,0,0,0,0,0,0,0,0,0.15907246752509,0,0.157826522111393,0,0,0,0.18800826577178,0,0.166488787116006,0,0,0,0.146116892642835,0,0,0,0,0,0,0,0,0,0,0,0,0,0,0,0,0,0,0,0,0,0,0,0,0,0,0,0,0,0,0,0,0,0.166573530699633,0,0,0.172448071092367,0,0.170351698994637,0,0.154415523588916,0,0.13025788962841,0,0,0,0,0,0,0,0,0,0,0,0.150824677944183,0.141418075561523,0,0,0
0.209099724888802,0,0,0,0,0,0,0,0.172699315150579,0,0,0,0,0,0.16810779383889,0,0.14733843092735,0,0,0,0,0,0.222335481125375,0,0.223090363459455,0,0,0,0,0,0,0,0,0,0,0,0,0,0,0,0,0,0,0,0,0,0,0,0,0,0,0,0,0,0.159292733669281,0,0,0,0,0,0.184636478884178,0,0,0,0,0.20825241599232,0,0.225123107178598,0,0.192994694587282,0,0,0,0,0,0,0,0,0,0,0,0,0.170711730917295,0,0,0,0
0,0,0,0,0,0,0,0,0,0,0,0.142959746718407,0,0.149673470460317,0,0,0,0.147457555964075,0,0,0,0.15731780173219,0,0,0,0.146116892642835,0,0,0,0.16225292636798,0,0,0,0,0,0,0,0.155339519518453,0,0,0,0,0,0,0,0,0,0,0,0,0,0,0,0,0,0,0,0,0,0.157753818199871,0,0,0,0,0.164382334192132,0,0,0,0.137518865987659,0,0.153014968152587,0,0.153867060111629,0,0,0,0,0,0,0,0.161484495550394,0,0.145877405471708,0.126887666160325,0,0,0
0,0,0,0,0,0,0,0,0,0,0.186178386211395,0,0.136565539985895,0,0,0,0,0,0,0,0,0,0.192848617046378,0,0,0,0,0,0,0,0.195944921435597,0,0,0,0,0,0,0,0.118685260415077,0,0,0,0,0,0,0,0,0,0,0,0,0,0,0,0,0,0.205419227480888,0,0.161692788406294,0,0,0,0,0,0,0.264461264014244,0,0,0,0,0,0.158935673826496,0,0.182872026034121,0,0,0,0,0,0,0,0,0.153274971550748,0.155070329365407,0,0,0
0,0,0,0,0,0,0,0,0,0,0,0.126460420073575,0,0.143210455775261,0,0,0,0,0,0.128069952130318,0,0,0,0,0,0,0,0.16225292636798,0,0,0,0,0,0,0,0,0,0.130224518160473,0,0,0,0,0,0,0,0,0,0,0,0.137756544798613,0,0,0,0,0,0,0,0.119396954081366,0,0,0,0,0.126948430306382,0,0,0,0,0,0,0,0.120519029889621,0,0.130792454560323,0,0,0,0,0,0,0,0.139398347757278,0,0.147572121065524,0,0,0,0
0,0,0,0,0,0,0,0,0,0,0.180646425550399,0,0,0,0,0,0,0,0,0,0,0,0,0,0,0,0,0,0.195944921435597,0,0,0,0,0,0,0,0,0,0.126264145984627,0,0,0,0,0,0,0,0,0,0,0,0,0,0,0,0,0,0.177271980909105,0,0,0,0,0,0,0,0,0,0,0,0,0,0,0.179001056012653,0,0.149686718904754,0,0,0,0,0,0,0,0.129860194108915,0.150444279980222,0.147658047042709,0,0,0
0,0,0,0,0,0,0,0,0,0,0,0,0,0,0,0,0,0,0,0,0,0,0,0,0,0,0,0,0,0,0,0,0.106162268069241,0.158489416042964,0.137468378245831,0.110512819886208,0.178771700710058,0,0,0,0,0,0,0,0,0,0,0.225027363954319,0,0,0,0,0,0,0,0,0,0,0,0,0,0,0,0,0,0,0,0,0,0,0,0,0,0,0.16496782875507,0,0.166799679398537,0.119084142148495,0.108440645039082,0.319576308131218,0,0,0.123910814937618,0,0,0,0
0,0,0,0,0,0,0,0,0,0,0,0,0,0,0,0,0,0,0,0,0,0,0,0,0,0,0,0,0,0,0,0.106162268069241,0,0.139668160583824,0.139693145864996,0.121984414756298,0.109786474620396,0,0,0,0,0,0,0,0,0,0,0.114633693974069,0.130178181454539,0,0,0,0,0,0,0,0,0,0,0,0,0,0,0,0,0,0,0,0,0,0,0,0,0,0.130561425927139,0.121040369655405,0.128874788992107,0.150011628866196,0,0.127981486916542,0,0,0.101998160322828,0,0,0,0
0,0,0,0.339364290237427,0,0,0,0,0,0,0,0,0,0,0,0,0,0,0,0,0,0,0,0,0,0,0,0,0,0,0,0.158489416042964,0.139668160583824,0,0.254448908294241,0.167343911931321,0,0.259690219447726,0.449034660890662,0,0,0,0.390836779560362,0,0,0,0,0.333191194516771,0.435324221849442,0,0,0,0,0,0,0,0,0,0,0,0,0,0,0,0,0,0,0,0,0,0,0,0,0.359283655881882,0.166716723746022,0,0.196361430016451,0.177501137703657,0.188627658521428,0,0.218382362665525,0.309425297621134,0.307799413174759,0.262286032239596,0.329880346854528,0,0
0,0,0,0,0,0,0,0,0,0,0,0,0,0,0,0,0,0,0,0,0,0,0,0,0,0,0,0,0,0,0,0.137468378245831,0.139693145864996,0.254448908294241,0,0.189509837705398,0.175155454899295,0.245517127925441,0.170307485263976,0,0,0,0.246976974606514,0,0,0,0,0.310202132178503,0.186402898732644,0,0,0,0,0,0,0,0,0,0,0,0,0,0,0,0,0,0,0,0,0,0,0,0,0,0.13329740613699,0.167362958192825,0.183250472097114,0.19366848741772,0.196588870910456,0.173554444629135,0.177665393637574,0.183512929843781,0.128004568701623,0,0,0,0
0,0.26472532749176,0,0.191723857687998,0,0,0,0,0,0.208624318242073,0,0.155713276989828,0,0,0,0,0,0,0,0.141152425444954,0,0,0,0,0,0,0,0,0,0,0,0.110512819886208,0.121984414756298,0.167343911931321,0.189509837705398,0,0.124928596299238,0.14336474683905,0.178840026259422,0,0,0.205202035605907,0.302613337834676,0,0,0.197274031117558,0,0.366164640433696,0,0.248358547687531,0,0,0,0,0,0.233381472527981,0,0.171014974740419,0,0.290032804012299,0,0.243083955212073,0.164580292087428,0,0,0,0,0,0,0,0,0,0,0,0,0,0.153097391668437,0,0.152836993465077,0.135219937460176,0.181477661397406,0,0.154964488670149,0.157894611389456,0.210873315609041,0,0
0,0.268897116184235,0,0,0.202291874050656,0,0.144747447967529,0,0,0,0.160527358605619,0,0,0,0,0,0,0,0,0,0.136503387489665,0,0,0,0,0,0,0,0,0,0,0.178771700710058,0.109786474620396,0,0.175155454899295,0.124928596299238,0,0.178614512085915,0.174073443864545,0,0.145397660136223,0.2447549700737,0.286195451021194,0,0,0.180632257461548,0,0.183282928857005,0.205374839699874,0.253623264531295,0,0,0,0,0,0.236869022250175,0.18388442303005,0,0,0,0,0,0,0.14994993766877,0,0,0,0,0,0,0,0,0,0,0,0.119513640801112,0,0.18360785767436,0.157899618531976,0.164671038112323,0,0.216493799973101,0.160514175811124,0.164521715320275,0.173388199332882,0,0
0.278740456700325,0.286993407639506,0,0.319209739565849,0,0,0,0,0.264415437976519,0.207340441644192,0,0.146378211255862,0,0.131288290023804,0,0,0.176457583904266,0.217203581562409,0.232679262305751,0.172580754241118,0,0.298293761178081,0,0.337177750489772,0.404478640357653,0,0,0.155339519518453,0,0.130224518160473,0,0,0,0.259690219447726,0.245517127925441,0.14336474683905,0.178614512085915,0,0.313310048254477,0,0,0.201338600367308,0.384504216816998,0,0,0.232853069901466,0,0.340654410819971,0.295989731947581,0.199776122213474,0,0,0,0,0.256020292639732,0.243226817912526,0,0.136303680167952,0,0,0.273916810750961,0.260868847370148,0.196592023389207,0,0.271514682836977,0,0.280965919420123,0.335206242325978,0.233011454343796,0,0.168415890208312,0,0.126203883002745,0,0,0,0.171317059260148,0.181619514524937,0.172367595250152,0.414456814527512,0.17227119304674,0.309207888611828,0.280280078150245,0.421636787740911,0.235844102737151,0,0
0.261976991480554,0.313834792003036,0.240385589500268,0,0,0,0,0,0.208969823188252,0.256990633077092,0.144343086502117,0,0,0,0,0,0.317272739609083,0.188760749995708,0.322806869561856,0,0.25628064794412,0.476927823490567,0.336449700558528,0.434919527266175,0.321241010103794,0,0,0,0.118685260415077,0,0.126264145984627,0,0,0.449034660890662,0.170307485263976,0.178840026259422,0.174073443864545,0.313310048254477,0,0,0.204514471547944,0,0.321483318197112,0,0.280899047255516,0.309340238571167,0.261138402057823,0.449874703766434,0.265651132348204,0,0,0,0,0,0.222307421523949,0.265211878344417,0.144763599235587,0,0.249584147516562,0,0.297803699639108,0,0,0.312039433521514,0,0.163003559075516,0.414087072014809,0.217304503234724,0,0.263294512575323,0,0.227097909124392,0,0.148030643131626,0,0,0.374782020449638,0.178931294189345,0.182896122336388,0.1914072255447,0.440541800554671,0.205950970652264,0.228611054868019,0.157804631485227,0.26106824734807,0,0.359462889887038
0,0.2540433268312,0,0.228500058608396,0,0,0,0,0,0.247012514621019,0,0,0,0,0,0,0.288708215481357,0.311393381562084,0.319409627675551,0,0,0,0,0.233332931995392,0,0,0,0,0,0,0,0,0,0,0,0,0,0,0,0,0.469666193922361,0.274874183931862,0.272270623062338,0.322396196424961,0,0.232387174921267,0.320166756709417,0,0.434058266487278,0.328564127268014,0,0.199439451098442,0,0,0.247311189770699,0.23800415173173,0,0,0,0,0,0.256146068374316,0.283798962831497,0,0,0,0,0,0,0,0,0,0,0.334596216678619,0,0,0,0,0.185005882754922,0,0.347652171055476,0,0.309295064722385,0.226801434159279,0.255850932369036,0.33532926812768,0.263273514807224
0,0,0.167802435430613,0,0,0,0,0,0.199516299366951,0,0.219341799616814,0,0,0,0,0,0.236919045448303,0,0,0,0.202738903462887,0,0,0,0,0,0,0,0,0,0,0,0,0,0,0,0.145397660136223,0,0.204514471547944,0.469666193922361,0,0.357652395963669,0.297047682396777,0,0,0,0.121410178177268,0.29239372164011,0.392338190423525,0.515955352363698,0,0,0,0,0,0,0.190160430290482,0,0.209647470712662,0,0,0,0,0.165452479847572,0,0,0,0,0,0,0,0,0,0.199433682693375,0,0.262118652894877,0,0,0,0.21761220237665,0,0.220776200294495,0.275220226163302,0.198686897754669,0.328585635317434,0,0.278323655327161
0,0.264039711572722,0,0.228092094417661,0,0.259238958358765,0,0,0.198621460369655,0.305737839862704,0,0,0,0,0,0.231559604406357,0.253533680941544,0.249111549290892,0.223292276214287,0.277974255383015,0.285959810018539,0,0,0.229340669181612,0.403140485286713,0,0,0,0,0,0,0,0,0,0,0.205202035605907,0.2447549700737,0.201338600367308,0,0.274874183931862,0.357652395963669,0,0.289389972337752,0.27032261487242,0.245065230876207,0.284891976200976,0.260692032519728,0.400357147057851,0.424089551654955,0.313940324517071,0,0.228996343082852,0,0,0.164274349808693,0.248858090923276,0.223857194185257,0.223691334245635,0,0,0,0.282475915338312,0.253043492111044,0.299325853586197,0,0,0.241253952894892,0,0.270004828770955,0,0,0.214911803603172,0.418468507176096,0.324404299259186,0,0,0,0,0.282632226187192,0,0.330598412787932,0.435458570718765,0.258164611967333,0.210753478459864,0.28113144883091,0.243898334868988,0.22772545615832
0.25319708181106,0.303485792616139,0.268935091022787,0.285240411185301,0.265858918428421,0.292108595371246,0,0,0.243923826890196,0.233434142544866,0.31016711704433,0,0,0,0.265328298915516,0,0.234080902782494,0.236249290406704,0.206614282294198,0,0.385427264723836,0,0,0,0.315079148459647,0,0,0,0,0,0,0,0,0.390836779560362,0.246976974606514,0.302613337834676,0.286195451021194,0.384504216816998,0.321483318197112,0.272270623062338,0.297047682396777,0.289389972337752,0,0.288368850946426,0.249862517893973,0.261987485595652,0.273777041631057,0.407877288293093,0.378468420446197,0.396260159727711,0.250066926081975,0.229554315408071,0,0,0.226477010126569,0.269547802706559,0.263481522233863,0,0.248505669690314,0,0.277840730547905,0,0.284850589931011,0.334095782558921,0,0,0,0.309125501208189,0,0.25960997492075,0,0.258513147957989,0,0.307717368430035,0,0,0,0.237738847732544,0.29211887717247,0.262580679853757,0.286222104321827,0.357838822313597,0.266826666952887,0.23246915652914,0.299146074965288,0.248955637216568,0.236028204784489
0,0.271348845213652,0,0.287118539214134,0,0,0,0,0,0.230523562431335,0,0,0,0,0,0.273357003927231,0.278785409198867,0.259927382692695,0.284645220610948,0,0,0,0,0,0,0,0,0,0,0,0,0,0,0,0,0,0,0,0,0.322396196424961,0,0.27032261487242,0.288368850946426,0,0,0.261845788398985,0.326393699645996,0,0,0.26245795066158,0,0,0,0,0,0.243078562120597,0,0,0,0,0,0,0.314855623651635,0,0,0,0,0,0,0,0,0,0,0,0,0,0,0,0.329072654247284,0,0.379346844324699,0,0.265389399564996,0.250089533627033,0.310571970809408,0.242421194911003,0
0.330074347555637,0.295426172869546,0.350668238475919,0.261057108640671,0,0,0,0,0.249454145630201,0.24286937713623,0.248364506289363,0,0,0,0.259414032101631,0,0.260825230709968,0.258213450511297,0.180122010640262,0,0.285731896426943,0,0,0,0.283160254359245,0,0,0,0,0,0,0,0,0,0,0,0,0,0.280899047255516,0,0,0.245065230876207,0.249862517893973,0,0,0.295279368758202,0.29824767824972,0.452302515506744,0.340537106070448,0.265879124403,0,0,0,0,0.3049182338374,0,0.279031991958618,0,0.272451713681221,0,0.271012723445892,0,0,0.295792849645728,0,0,0,0.28994032740593,0,0,0,0.314890578389168,0,0.298981887102127,0,0,0,0,0,0.186279299167486,0,0.339375164021145,0.223434488292988,0.269792139530182,0.307475413571704,0.207334384322166,0.258813749341404
0,0.221913697359315,0,0.184018322091172,0,0,0,0,0.273889124393463,0.226255841851234,0,0.137054562568665,0,0,0,0,0.271222679961658,0.273846500664949,0.276229801452922,0.172787743213686,0.284486919641495,0,0,0.240654498338699,0,0,0,0,0,0,0,0,0,0,0,0.197274031117558,0.180632257461548,0.232853069901466,0.309340238571167,0.232387174921267,0,0.284891976200976,0.261987485595652,0.261845788398985,0.295279368758202,0,0.291600212454796,0.304446011781693,0,0.262071779640556,0,0.17310884062733,0,0,0,0.231237557199266,0,0.24314138556228,0,0.309847414493561,0,0.230557796359062,0.2094329164451,0.320511662960053,0,0,0,0,0,0,0,0,0.249879849453767,0.30917626619339,0,0,0,0,0.235994784633319,0,0.32823068988068,0,0.272718435828472,0.235452282345957,0.237479906281272,0.253504617743089,0.277509361505508
0.272658253709475,0,0.188475758183834,0,0.232363671064377,0,0,0,0.264747803575463,0.297318041324615,0.275185053165142,0,0,0,0.249870166182518,0,0.300643869413311,0.276789727269626,0.295897421082068,0,0.26897128279026,0,0,0,0.278288885951042,0,0,0,0,0,0,0,0,0,0,0,0,0,0.261138402057823,0.320166756709417,0.121410178177268,0.260692032519728,0.273777041631057,0.326393699645996,0.29824767824972,0.291600212454796,0,0.37885844707489,0.263279906666476,0.275971584022045,0.269528612494469,0,0,0,0.2288202656352,0,0.233548943005285,0,0.191984474658966,0,0.248899810016155,0,0.34774187207222,0.246085060325425,0,0,0,0.316392846405506,0,0.264222204685211,0,0.293635778129101,0,0.264207059050196,0,0,0,0,0,0.194566226583354,0.313916146755219,0.314833175104398,0.28574281634999,0.266923180719217,0.262823166589674,0.29764645298322,0.293803729897454
0,0.357165992259979,0.375646263360977,0.383165329694748,0,0,0,0,0.374041169881821,0.309690147638321,0,0,0,0,0,0,0,0,0.246937336524328,0,0.344215303659439,0,0,0,0.350589945912361,0,0,0,0,0,0,0.225027363954319,0.114633693974069,0.333191194516771,0.310202132178503,0.366164640433696,0.183282928857005,0.340654410819971,0.449874703766434,0,0.29239372164011,0.400357147057851,0.407877288293093,0,0.452302515506744,0.304446011781693,0.37885844707489,0,0.299106803909478,0.381806220062472,0,0,0,0,0,0,0.362964123487473,0,0,0,0,0,0.339403569698334,0.389399379491806,0,0,0,0,0,0,0,0,0,0,0.184169867849595,0.123624133138821,0.305402408845243,0.249758695243256,0.360318809375167,0.247667917700388,0.290781926650267,0.343647575709555,0.463511720369396,0.316928678088718,0.380323544353525,0.337881654500961,0.375407089789708
0.332652656958669,0.277245581150055,0.252506831017408,0,0.21843708306551,0,0,0,0.269971458489416,0,0.30552389845252,0,0,0,0.205631562033478,0,0.274418563644091,0.252785943448544,0.278389194536777,0,0.321509570415531,0,0,0,0.279274585549949,0,0,0,0,0,0,0,0.130178181454539,0.435324221849442,0.186402898732644,0,0.205374839699874,0.295989731947581,0.265651132348204,0.434058266487278,0.392338190423525,0.424089551654955,0.378468420446197,0,0.340537106070448,0,0.263279906666476,0.299106803909478,0,0.480244245102218,0,0,0,0,0.311108553539152,0,0.262933377751568,0,0.286312310376029,0,0.29707356324868,0,0,0.294645507392046,0,0,0,0.362706249271791,0,0.302607869623967,0,0.292307913167498,0,0.283290680190292,0,0.217723826276591,0,0.287245206534863,0,0.232384707681857,0.331857332161495,0.240904822995493,0.457789707863652,0.208046287298203,0.363555167116317,0,0.306571082770824
0,0.284799162478383,0,0.274925695598455,0,0,0,0,0.191458314657211,0.271169391370589,0,0.184235712140799,0,0,0,0.223354161795923,0.27939840234243,0.277020800181411,0.29182012337892,0.27737084031105,0,0.194640980798657,0,0.267652789503336,0,0,0,0,0,0.137756544798613,0,0,0,0,0,0.248358547687531,0.253623264531295,0.199776122213474,0,0.328564127268014,0.515955352363698,0.313940324517071,0.396260159727711,0.26245795066158,0.265879124403,0.262071779640556,0.275971584022045,0.381806220062472,0.480244245102218,0,0,0.229006297886372,0,0,0,0.23503949498204,0,0.214478578571587,0,0.25845070289714,0,0.248567458500879,0.277507803779333,0,0.213749249652028,0,0.357298531657771,0.272593632340431,0.285748659665622,0,0.18891677338826,0,0.157706866204739,0,0,0,0.362265735864639,0,0.243948786096139,0.293358401480046,0.208155595876255,0,0.362493722891197,0.243477150797844,0.325259842679986,0.309039522707462,0.276353031396866
0,0,0.189569967798889,0,0.146116688456875,0,0.183421028872668,0,0.153631107373671,0,0,0,0,0,0,0,0,0,0,0,0.277343451976776,0,0,0,0,0,0,0,0,0,0,0,0,0,0,0,0,0,0,0,0,0,0.250066926081975,0,0,0,0.269528612494469,0,0,0,0,0,0.215602226266565,0,0,0,0.172720551214836,0,0.226229638543748,0,0.18824162085851,0,0,0,0,0,0,0,0,0,0,0,0,0,0,0,0,0,0,0,0,0.299979776144028,0.150924420012022,0.190024564266205,0.19688116312027,0,0
0,0.195097229697488,0,0.160629283636808,0,0.177726767542789,0,0.157976649701595,0,0.142894677817822,0,0.135520752519369,0,0.185208566486835,0,0,0,0,0,0.174902606755495,0,0,0,0,0,0,0,0,0,0,0,0,0,0,0,0,0,0,0,0.199439451098442,0,0.228996343082852,0.229554315408071,0,0,0.17310884062733,0,0,0,0.229006297886372,0,0,0,0.170321872546559,0,0.133806357160211,0,0.157769967857589,0,0.14897943366515,0,0.146652651329835,0.16380053606223,0,0,0,0,0,0,0,0,0,0,0,0,0,0,0,0.203102558851242,0,0.220072686672211,0,0.159253076507765,0.152249306440353,0.146206983029842,0,0
0,0,0,0,0.190770727396011,0,0.166951320746115,0,0,0,0.167602121829987,0,0.146842970599219,0,0,0,0,0,0,0,0.165963768959045,0,0,0,0,0,0,0,0,0,0,0,0,0,0,0,0,0,0,0,0,0,0,0,0,0,0,0,0,0,0.215602226266565,0,0,0,0,0,0.16736712543991,0,0.167134950237889,0,0,0,0,0,0,0,0,0,0,0,0,0,0,0,0,0,0,0,0,0,0,0,0.15931771359136,0,0,0,0
0,0,0,0,0,0.182526861896386,0,0.144303982372133,0,0,0,0.147649351358414,0,0.145253236974235,0,0,0,0,0,0,0,0,0,0,0,0,0,0,0,0,0,0,0,0,0,0,0,0,0,0,0,0,0,0,0,0,0,0,0,0,0,0.170321872546559,0,0,0,0,0,0.198503880794825,0,0.157559037865961,0,0,0,0,0,0,0,0,0,0,0,0,0,0,0,0,0,0,0,0,0,0,0.149027365570267,0.136300325393677,0,0,0
0.191232312400386,0,0.13837079974738,0,0,0,0,0,0.154842044555006,0,0,0,0,0,0.163435547923048,0,0,0,0.21174579752343,0,0.308898732066154,0,0,0,0.180191705891719,0,0.159292733669281,0,0,0,0,0,0,0,0,0,0,0.256020292639732,0.222307421523949,0.247311189770699,0,0.164274349808693,0.226477010126569,0,0.3049182338374,0,0.2288202656352,0,0.311108553539152,0,0,0,0,0,0,0,0.249540071934462,0,0.275522960180586,0,0.267273884266615,0,0,0.373092351481318,0,0,0,0.205178301585348,0,0.264224920807214,0,0.293128821880195,0,0.342128675524928,0,0,0,0,0,0,0.291075244545937,0.304574109968685,0.203744137174678,0.183974574009577,0.301863506261554,0,0.234347562704768
0.248498946428299,0.179972078544414,0,0.227639721191708,0,0.147186414283865,0,0,0.241952657699585,0.150679420559637,0,0,0,0,0,0.175512024334499,0,0,0.212521758217078,0,0,0,0,0.210176466529568,0.269532789786657,0,0,0,0,0,0,0,0,0,0,0.233381472527981,0.236869022250175,0.243226817912526,0.265211878344417,0.23800415173173,0,0.248858090923276,0.269547802706559,0.243078562120597,0,0.231237557199266,0,0,0,0.23503949498204,0,0.133806357160211,0,0,0,0,0,0,0,0,0,0.208659236489887,0.178331166505814,0,0,0,0.296714561813999,0.251888194680214,0,0,0,0,0,0,0,0,0,0,0.197690282016993,0,0.232041538053868,0.261338546872139,0.179649902056023,0.205159924924374,0.252373258231067,0.227544873952866,0
0.262931417090347,0,0.192868903927181,0,0.197302737357942,0,0.144729065398375,0,0.233682117906624,0,0.163082030196287,0,0.200335994574195,0,0.231821265337723,0,0.257311556488276,0,0.28705835517715,0,0.21662211577878,0,0,0.321160614490509,0.259381155882563,0,0,0,0.205419227480888,0,0.177271980909105,0,0,0,0,0,0.18388442303005,0,0.144763599235587,0,0.190160430290482,0.223857194185257,0.263481522233863,0,0.279031991958618,0,0.233548943005285,0.362964123487473,0.262933377751568,0,0.172720551214836,0,0.16736712543991,0,0.249540071934462,0,0,0,0.186743222056099,0,0.211620667063799,0,0,0.250381470112163,0,0,0,0.255107869207859,0,0,0,0.276969669231524,0,0.194547014274905,0,0,0,0,0,0.215002210324548,0,0.243757508695126,0.194134555486116,0.182327228941415,0.256877721394725,0,0.417906135320663
0,0.158506125211716,0,0.266196797696912,0,0.154883837209472,0,0.169926777482033,0,0,0,0.146720280916791,0,0.181355352757069,0,0,0,0,0,0.139548930029074,0,0,0,0,0,0,0,0,0,0.119396954081366,0,0,0,0,0,0.171014974740419,0,0.136303680167952,0,0,0,0.223691334245635,0,0,0,0.24314138556228,0,0,0,0.214478578571587,0,0.157769967857589,0,0.198503880794825,0,0,0,0,0,0.160265823708618,0,0.265936600665251,0.189059125499112,0,0,0,0,0,0,0,0.201449797550837,0,0.151966890286316,0,0,0,0,0,0,0,0.181802450664915,0,0.149701367569181,0,0.210614267449219,0,0
0.270273621194065,0,0.212927914328045,0,0.187696481602533,0,0.116373871102792,0,0.270253604751522,0,0.206808935293704,0,0.166487122255082,0,0.250960906346639,0,0.254425466060638,0.224823921918869,0.225735103090604,0,0.26238922526439,0,0,0,0.258627480268478,0,0,0,0.161692788406294,0,0,0,0,0,0,0,0,0,0.249584147516562,0,0.209647470712662,0,0.248505669690314,0,0.272451713681221,0,0.191984474658966,0,0.286312310376029,0,0.226229638543748,0,0.167134950237889,0,0.275522960180586,0,0.186743222056099,0,0,0,0.252083515949386,0,0,0.315648943185806,0,0,0,0.273785695433617,0,0.231390538314978,0,0.278060772435533,0,0,0,0,0,0,0,0.238847351887009,0,0.247037803133329,0.165518323554108,0.146593918278813,0.297322684828786,0,0.222858294844627
0,0,0,0.243900922246468,0,0.179305959492922,0,0.154610703140497,0,0,0,0.16323543378969,0,0.16579809220471,0,0,0,0,0,0.226184764504433,0,0,0,0,0,0,0,0.157753818199871,0,0,0,0,0,0,0,0.290032804012299,0,0,0,0,0,0,0,0,0,0.309847414493561,0,0,0,0.25845070289714,0,0.14897943366515,0,0.157559037865961,0,0,0,0.160265823708618,0,0,0,0.242954659461975,0.209628309905529,0,0,0,0,0,0,0,0.191724697354377,0,0,0,0,0,0,0,0,0,0,0,0.162906708902326,0,0.234533197133341,0,0
0.315622788454805,0,0.214352392901977,0,0.181205895543098,0,0,0,0.181099065654987,0,0,0,0,0,0.172836688936863,0,0.173229396794782,0,0,0,0.278934821486473,0,0,0,0.192452289164066,0,0.184636478884178,0,0,0,0,0,0,0,0,0,0,0.273916810750961,0.297803699639108,0,0,0,0.277840730547905,0,0.271012723445892,0,0.248899810016155,0,0.29707356324868,0,0.18824162085851,0,0,0,0.267273884266615,0,0.211620667063799,0,0.252083515949386,0,0,0,0,0.280882574617863,0,0,0,0.281703128464638,0,0.252568762274783,0,0.261170758512513,0,0.306575043843343,0,0,0,0,0,0.231017626821995,0.288255721330643,0.30477465282787,0.203140380757826,0.222015798588594,0.336535918364011,0,0
0,0.21595571133675,0,0.278006309393334,0,0.238414938251177,0,0,0,0.182678154063603,0,0.16046616435051,0,0.137167905930613,0,0.167024034656146,0,0.164868967026068,0.243865102529526,0.30764868358771,0,0,0,0.164661030750722,0,0.166573530699633,0,0,0,0,0,0,0,0,0,0.243083955212073,0,0.260868847370148,0,0.256146068374316,0,0.282475915338312,0,0,0,0.230557796359062,0,0,0,0.248567458500879,0,0.146652651329835,0,0,0,0.208659236489887,0,0.265936600665251,0,0.242954659461975,0,0,0.269251067191362,0,0,0,0.315512257628143,0,0.228259782765953,0,0,0,0,0,0,0,0,0,0.216781541705132,0,0.288432478904724,0,0.200129995559869,0.189982444047928,0.270623979029747,0,0
0,0.241635029966181,0,0.23502493248536,0,0.126054251566529,0,0.118809224239417,0,0.25036591788133,0,0.151101719674104,0,0,0,0,0,0.342549651861191,0.363618191618186,0.146703904887514,0,0,0,0,0,0,0,0,0,0.126948430306382,0,0,0,0,0,0.164580292087428,0,0.196592023389207,0,0.283798962831497,0,0.253043492111044,0.284850589931011,0.314855623651635,0,0.2094329164451,0.34774187207222,0.339403569698334,0,0.277507803779333,0,0.16380053606223,0,0,0,0.178331166505814,0,0.189059125499112,0,0.209628309905529,0,0.269251067191362,0,0,0,0,0,0,0,0,0,0,0.214116438752107,0,0,0,0,0,0.197314085231887,0,0.249586435344055,0,0.210154807449674,0.183046117424965,0.252362520620819,0.334221837776048,0
0.292436780674117,0.294674128293991,0.18498875555538,0,0,0,0.162410893223502,0,0.393714737612754,0,0.319570755088093,0,0,0,0.262154365579287,0,0.358689282876505,0.335761350393295,0.348694395486246,0,0.224452074779491,0,0,0,0,0,0,0,0,0,0,0,0,0,0,0,0.14994993766877,0,0.312039433521514,0,0.165452479847572,0.299325853586197,0.334095782558921,0,0.295792849645728,0.320511662960053,0.246085060325425,0.389399379491806,0.294645507392046,0,0,0,0,0,0.373092351481318,0,0.250381470112163,0,0.315648943185806,0,0.280882574617863,0,0,0,0,0,0,0.351923048496246,0,0,0,0.305474489927292,0,0.278050235537596,0,0,0,0,0.334892749786377,0.168685735274966,0.310604304075241,0.359685637056828,0.247947984833819,0.319372688020979,0.278894639363391,0,0.365025672863221
0,0,0,0,0,0,0,0,0,0,0,0,0,0,0,0,0,0.152113274438307,0,0,0,0.171377964427027,0,0.209803616704598,0,0.172448071092367,0,0.164382334192132,0,0,0,0,0,0,0,0,0,0.271514682836977,0,0,0,0,0,0,0,0,0,0,0,0.213749249652028,0,0,0,0,0,0,0,0,0,0,0,0,0,0,0,0,0.197777958546024,0,0,0,0.186564665793174,0,0,0,0,0,0,0,0,0,0.279362968753937,0.494687914848328,0.155940026748106,0.166163926186797,0,0,0
0,0,0,0,0,0,0,0,0,0,0,0,0,0,0,0,0.124745455024571,0,0,0,0,0.113339350200616,0.151283434792018,0,0.174964826366455,0,0.20825241599232,0,0.264461264014244,0,0,0,0,0,0,0,0,0,0.163003559075516,0,0,0,0,0,0,0,0,0,0,0,0,0,0,0,0,0,0,0,0,0,0,0,0,0,0,0,0,0.183711411192962,0,0.234884159988724,0,0.255751421450284,0,0,0,0,0,0,0,0,0,0.160312000786265,0.158920229374064,0.139955090524639,0,0,0
