0,0,0.14758756460078,0,0.109745890464423,0,0,0,0.131070040141334,0,0,0,0,0,0,0,0.283749560515086,0.266279861330986,0.337997387709289,0,0,0,0,0,0,0,0,0,0,0,0,0,0,0,0,0,0.32725802063942,0,0,0,0.346917774197618,0,0.249054472767195,0,0,0,0.35424191883186,0.234698235988617,0.144108149429012,0,0.268382400274277,0,0,0,0.157975328467074,0,0.309321633974711,0,0,0,0.143572709225636,0,0,0.346656719488757,0,0,0,0,0,0.192745566368103,0,0,0,0.330937795341015,0,0,0,0,0,0.398007677505093,0,0,0.186929188901559,0.295095294713974,0.266555606151365,0,0.290720936249603
0,0,0,0.132755486079857,0,0,0,0,0,0.125123521151315,0,0,0,0,0,0,0.279748469591141,0.251741744577885,0.357401227578521,0,0,0,0,0,0,0,0,0,0,0,0,0,0,0,0,0,0,0,0,0.311444513182691,0,0.242055499195631,0,0,0,0.333479382053635,0.351039737462997,0,0,0.151519596963455,0,0,0,0,0,0.135040714828334,0,0.268682276631923,0,0,0,0.148562898792594,0.305560578902562,0,0,0,0.182139552301831,0,0.167257025837898,0,0,0,0.338267054695349,0,0,0,0,0,0.379875430016107,0,0.384235559031367,0,0.205830151177182,0,0.290325199075519,0.284347938639777,0
0.14758756460078,0,0,0,0.118808953113416,0,0,0,0.128127138869664,0,0,0,0,0,0,0,0.245169382010187,0.212886273860931,0.25192054361105,0,0,0,0,0,0,0,0,0,0,0,0,0,0,0,0,0.260535230239232,0.218092234805226,0,0,0,0.242337394707106,0,0.272832441286012,0,0,0,0.200320736713371,0.2508129881961,0.160303312914196,0.255155717333158,0.175256610475044,0,0,0,0.144551349182924,0,0.241153073514227,0,0.204043226205315,0,0.162080398354775,0,0,0.236523524968774,0,0,0,0,0,0,0,0,0,0.298220618204637,0,0,0,0,0,0.250896748791646,0,0.284866333007812,0.212307399695111,0.279719066890803,0.229820587887214,0,0.255034133537926
0,0.132755486079857,0,0,0,0.127579082460964,0,0,0,0.12293867294987,0,0,0,0,0,0,0,0.253345397611459,0.244512226093899,0.169645861685276,0,0,0,0,0,0,0,0,0,0,0,0,0,0,0,0.197990839846996,0.275564849376678,0,0,0.227700232406673,0,0.263091867268085,0.219690546393394,0,0,0.220023621563558,0.257810324430466,0.253325290977955,0.250200301408768,0.16132757533738,0,0.177946424074019,0,0,0,0.134154923980991,0,0.211569901269773,0,0.187670807367457,0,0.167471230996347,0.202051237225533,0,0,0,0,0,0,0,0,0,0.279356806613933,0,0,0,0,0,0.246304537190331,0.240114003419876,0.290679948974629,0,0.157449444472548,0.266718102494876,0.226807227602469,0.258923039059429,0
0.109745890464423,0,0.118808953113416,0,0,0,0.137057484397965,0,0.127379896568841,0,0.163962183520198,0,0,0,0,0,0.212012201547623,0,0.20790234580636,0,0.1668323002176,0,0,0,0,0,0,0,0,0,0,0,0,0,0,0,0.153290026262403,0,0,0,0.211623039841652,0,0.234635123684083,0,0,0,0.178672072615954,0,0.151890628039837,0,0.120251971640085,0,0,0,0.117872323840857,0,0.218858559792106,0,0,0,0,0,0,0.165895103316604,0,0,0,0,0,0,0,0,0,0,0,0,0,0,0,0.210322895765305,0,0,0.145142401812981,0.165648471812407,0.165585122488319,0,0.211925114393234
0,0,0,0.127579082460964,0,0,0,0,0,0.12066605707554,0,0.181604292243719,0,0,0,0,0,0.23173226416111,0.231422550976276,0.158405902530622,0,0,0,0,0,0,0,0,0,0,0,0,0,0,0,0.160664399399569,0,0,0,0.194317619590198,0,0.224854974770078,0,0,0,0.174117074126289,0,0,0.279680907726288,0.178371851642927,0,0.166687284632084,0,0,0,0.118372683723768,0,0.214450402806203,0,0,0,0,0.201777964002556,0,0,0,0,0,0,0,0,0,0.239704909069198,0,0,0,0,0,0.222905816453876,0.230545923113823,0.246882063150406,0,0.132583481860132,0.215945437550545,0.176350927146954,0.209193377540662,0
0,0,0,0,0.137057484397965,0,0,0,0,0,0.138003067591706,0,0,0,0,0,0,0,0,0,0.137408803497161,0,0,0,0,0,0,0,0,0,0,0,0,0,0,0,0.127702119627169,0,0,0,0,0,0,0,0,0,0,0,0,0,0.153363352020582,0,0.115622968627856,0,0,0,0.143610086435309,0,0,0,0,0,0,0,0,0,0,0,0,0,0,0,0,0,0,0,0,0,0,0.132446046918631,0,0,0.132005178091819,0,0,0,0
0,0,0,0,0,0,0,0,0,0,0,0,0,0,0,0,0,0,0,0.123513102531433,0,0,0,0,0,0,0,0,0,0,0,0,0,0,0,0,0,0,0,0,0,0,0,0,0,0,0,0,0,0,0,0,0,0,0,0,0,0.107383579015732,0,0,0,0,0,0,0,0,0,0,0,0,0,0,0,0,0,0,0,0,0,0,0,0,0,0,0,0,0
0.131070040141334,0,0.128127138869664,0,0.127379896568841,0,0,0,0,0,0,0,0,0,0.133704031507174,0,0.151184318173263,0,0.250123634934425,0,0,0,0,0,0.166794274340976,0,0.149579112373647,0,0,0,0,0,0,0,0.222077488899231,0,0,0,0.198729576354616,0,0,0,0.169122332876379,0,0,0,0.348070234060287,0,0.174200799220648,0,0,0,0,0,0.185772515247792,0,0.279419034719467,0,0,0,0.133203892364646,0,0,0,0,0,0,0.158311423400174,0,0.139857151856025,0,0,0,0,0,0,0,0.211052694916725,0,0,0,0.205603524130218,0.1541464768774,0.158668718888209,0.175580145938577,0,0.208604946732521
0,0.125123521151315,0,0.12293867294987,0,0.12066605707554,0,0,0,0,0,0,0,0,0,0.210963138105633,0,0.125831649012384,0.210280507802963,0,0,0,0,0.150194048704136,0,0.163188357044149,0,0,0,0,0,0,0,0.191363394260406,0,0.257072299718857,0,0.21360367116848,0,0,0,0.17078707950392,0,0,0,0,0,0,0,0.120341438193654,0,0,0,0,0,0.203032450437946,0,0.228887841105461,0,0,0,0.145493578062289,0,0,0,0,0.173432850967283,0,0.160910792648792,0,0,0,0,0,0,0,0.206998869776726,0,0.194657579064369,0,0.218516355980251,0,0.172835370756273,0,0.141504476398078,0.212924525141716,0
0,0,0,0,0.163962183520198,0,0.138003067591706,0,0,0,0,0,0.175907412633539,0,0,0,0,0,0,0,0.139851555669245,0,0,0,0,0,0,0,0.17986461520195,0,0.15823116004467,0,0,0,0,0,0.150414372914367,0,0.14410510716968,0,0,0,0,0,0,0,0,0,0,0,0.15467631816864,0,0.14964022487402,0,0,0,0.160847763675544,0,0.176068217041355,0,0,0,0,0.144353963411486,0,0,0,0,0,0,0,0,0,0.144409462809563,0,0,0,0,0,0.146281405273353,0,0.146126655709059,0.147285825794651,0.148485466421649,0,0,0
0,0,0,0,0,0.181604292243719,0,0,0,0,0,0,0,0.176269562609416,0,0,0,0,0,0.149071682095528,0,0,0,0,0,0,0,0.136318773031235,0,0.148935608213811,0,0,0,0,0,0.146723077707704,0,0.156352407260738,0,0,0,0,0,0,0,0,0,0,0,0,0,0.201747737824917,0,0,0,0,0,0.153987662660113,0,0.195494842862991,0,0,0.157415243910927,0,0,0,0,0,0,0,0.20972153544426,0,0.145849039449411,0,0,0,0,0,0.133103793009746,0,0.170094421614364,0,0.154886354194131,0.157477718897355,0,0,0
0,0,0,0,0,0,0,0,0,0,0.175907412633539,0,0,0,0.128762923987114,0,0,0,0,0,0,0,0,0,0,0,0,0,0.170145654768655,0,0.17972752576073,0,0,0,0,0,0,0,0,0,0,0,0,0,0,0,0,0,0,0,0,0,0,0,0,0,0.160637260779091,0,0.15768234947032,0,0.149525368038346,0,0,0,0,0,0,0,0,0,0,0.163054388343242,0,0,0,0,0,0,0,0,0,0,0.168812104646435,0.165727028395093,0,0,0
0,0,0,0,0,0,0,0,0,0,0,0.176269562609416,0,0,0,0.148928818106651,0,0,0,0,0,0,0,0,0,0,0,0.179508207873865,0,0,0,0,0,0,0,0,0,0,0,0,0,0,0,0,0,0,0,0,0,0,0,0,0,0,0,0,0,0.185905496568181,0,0.157895713964457,0,0.158258870594642,0,0,0,0,0,0,0.132299635807673,0,0.152471146800301,0,0,0,0,0,0,0,0,0,0,0,0.155801502518032,0.192410725481722,0,0,0
0,0,0,0,0,0,0,0,0.133704031507174,0,0,0,0.128762923987114,0,0,0,0.125387544457156,0.127866581082344,0,0,0,0,0,0,0,0,0.126880359525482,0,0,0,0,0,0,0,0,0,0,0,0,0,0,0,0,0,0,0,0,0,0.147781118750572,0,0,0,0,0,0.205406897310909,0,0,0,0.165421585052037,0,0.149378534679006,0,0,0,0,0,0,0,0,0.145476976345325,0,0,0,0,0,0,0,0,0,0,0,0,0.131707659665166,0.108098320662975,0,0,0
0,0,0,0,0,0,0,0,0,0.210963138105633,0,0,0,0.148928818106651,0,0,0,0.11945571324655,0,0,0,0,0,0,0,0,0,0,0,0,0,0,0,0,0,0,0,0,0,0,0,0,0,0,0,0,0,0,0,0,0,0,0,0,0,0.191790433760682,0,0,0,0.118450574576855,0,0.157051694639379,0,0,0,0,0,0,0.143237343227321,0,0,0,0,0,0,0,0,0,0,0,0.196358002722263,0,0.159602203364693,0.14403312412255,0,0,0
0.283749560515086,0.279748469591141,0.245169382010187,0,0.212012201547623,0,0,0,0.151184318173263,0,0,0,0,0,0.125387544457156,0,0,0.144432963778731,0.237199791280372,0,0,0,0.129272608955701,0,0.148741252720356,0,0.124788958365205,0,0,0,0,0,0,0,0,0,0,0,0,0.269781800104188,0.264962575430845,0.228766432067133,0.228337251749195,0.252392210066319,0,0.269812136430007,0.267552028831683,0,0,0,0,0,0,0,0,0,0.278738083442052,0.269137779420072,0,0,0.143370579582094,0.24579481780529,0.252253502607346,0.279827505846818,0,0.14939258992672,0,0,0,0.145537648815662,0,0,0.281041989369052,0.309102296829224,0,0,0,0,0.315040925315448,0.2869535662738,0.298327852202498,0.257349994778633,0.200337782940289,0.152818577804713,0.268707352080593,0.23112275749445,0.241088726941277
0.266279861330986,0.251741744577885,0.212886273860931,0.253345397611459,0,0.23173226416111,0,0,0,0.125831649012384,0,0,0,0,0.127866581082344,0.11945571324655,0.144432963778731,0,0.239893474216695,0,0,0.134377184836469,0,0.161231618180561,0,0.158986617078228,0,0,0,0,0,0,0,0,0,0,0,0,0,0.25325755332907,0.257316963519992,0.222402504169858,0.222078099551767,0.219541668891907,0,0.258974580480172,0.249011921100929,0,0.240381628274918,0,0,0.220850139856339,0,0,0,0.207922041416168,0.226132571697235,0.263172701001167,0,0,0,0.12981736711387,0.222870636731386,0.273901747708971,0.140289313159883,0,0.157837535063109,0,0.155148235401687,0,0,0,0.27875281950912,0.257294833660126,0,0,0,0,0.289551179468632,0.269990035099909,0.283043417593707,0.227272875607014,0.199097087337373,0.157489031110585,0.262456547482349,0.227739772200584,0.202517032623291
0.337997387709289,0.357401227578521,0.25192054361105,0.244512226093899,0.20790234580636,0.231422550976276,0,0,0.250123634934425,0.210280507802963,0,0,0,0,0,0,0.237199791280372,0.239893474216695,0,0,0,0,0,0.153991496988705,0,0,0,0,0,0,0,0,0,0,0,0.277215301990509,0.19582012295723,0,0,0.282513813436781,0.262821185010381,0.211666923466777,0.184079769456555,0.194446423815356,0,0.302709247266307,0.280694744311595,0,0.189725612016285,0.281611031293869,0.20410193502903,0.217065304517746,0,0,0.181402713060379,0.211368724703789,0.296676672556821,0.298548207507221,0,0,0,0.223654247820377,0.251939370296896,0.292223461266965,0,0,0.174632536247373,0,0,0,0,0,0.309466623698019,0.287841171674106,0,0,0,0,0.348323676309756,0.305750346474583,0.321576062493916,0.254392165843755,0.219419977468517,0.211211049212859,0.283097610799678,0.229249111780753,0.201763740270445
0,0,0,0.169645861685276,0,0.158405902530622,0,0.123513102531433,0,0,0,0.149071682095528,0,0,0,0,0,0,0,0,0,0,0,0,0,0,0,0,0,0,0,0,0,0,0,0.160826561304222,0,0.145310388300677,0,0,0,0.226181536912918,0,0,0,0.193800240755081,0,0,0,0,0,0.177451143662135,0,0,0,0,0,0.171096862915481,0,0.184696406126022,0,0,0.161409639090146,0,0,0,0,0,0,0,0,0,0.247757241129875,0,0,0,0,0,0.168847660547581,0,0.184748655223117,0,0.139317019883567,0,0.251779243711708,0.207634210586548,0
0,0,0,0,0.1668323002176,0,0.137408803497161,0,0,0,0.139851555669245,0,0,0,0,0,0,0,0,0,0,0,0,0,0,0,0,0,0,0,0,0,0,0,0,0,0.153011499803109,0,0.153475774410434,0,0.220011562108994,0,0.211028143763542,0,0,0,0.20097528398037,0,0.225584328174591,0,0.175056701259954,0,0.121340442448854,0,0.172192841768265,0,0.137266600076799,0,0,0,0,0,0,0.168122088952419,0,0,0,0,0,0,0,0,0,0,0,0,0,0,0,0.157361875903585,0,0.16123440906857,0.1475094941472,0,0.169623583616043,0,0
0,0,0,0,0,0,0,0,0,0,0,0,0,0,0,0,0,0.134377184836469,0,0,0,0,0.0993153330956947,0.12529263296311,0,0.135651003966852,0,0.148098193000426,0,0,0,0,0,0,0,0,0,0.138118452827136,0.1262195598748,0,0,0,0,0,0,0,0,0.231934815645218,0,0.216951115879902,0,0,0,0,0,0,0,0,0,0,0,0,0,0,0.144314761679536,0.105182965163344,0.183014422568805,0,0.150730154828119,0,0.166787152387658,0,0,0,0,0,0,0,0,0,0.166987640530652,0,0.11036284841606,0.130015637129015,0,0,0
0,0,0,0,0,0,0,0,0,0,0,0,0,0,0,0,0.129272608955701,0,0,0,0,0.0993153330956947,0,0,0.0975206301420061,0,0.136641583939393,0,0.13865776093667,0,0,0,0,0,0,0,0,0.113750944927073,0.155208149083256,0,0,0,0,0,0,0,0,0,0.343949301540852,0,0,0,0,0,0,0,0,0,0,0,0,0,0,0,0.10935848514023,0.129128655506878,0,0.100001686811447,0,0.144151441752911,0,0.166401023246996,0,0,0,0,0,0,0,0,0.119918897951191,0.162681428579957,0.0950025291186379,0.102546864820103,0,0,0
0,0,0,0,0,0,0,0,0,0.150194048704136,0,0,0,0,0,0,0,0.161231618180561,0.153991496988705,0,0,0.12529263296311,0,0,0,0.162329967795261,0,0,0,0,0,0,0,0,0,0,0,0.151831856464511,0,0,0,0.231413662433624,0,0,0,0,0,0,0,0.204504496107499,0,0,0,0,0,0.198700554314114,0,0,0,0,0,0,0,0,0.195812227156329,0,0.183742956916491,0,0.176027555018663,0,0,0,0,0,0,0,0.199697909610612,0,0,0,0.205940952971718,0,0.145219551756495,0,0.268897721577774,0,0
0,0,0,0,0,0,0,0,0.166794274340976,0,0,0,0,0,0,0,0.148741252720356,0,0,0,0,0,0.0975206301420061,0,0,0,0.145784868451866,0,0,0,0,0,0,0,0.238903909921646,0,0,0,0.115106813870515,0,0,0,0,0,0,0,0,0,0.183364562690258,0,0,0,0,0,0.17146078442655,0,0,0,0,0,0,0,0,0,0,0.127818570580593,0,0.13067630644028,0,0.154103544947192,0,0.149382809797923,0,0,0,0,0,0,0,0,0,0.137926337264833,0.150245938064723,0,0.266571689196812,0,0
0,0,0,0,0,0,0,0,0,0.163188357044149,0,0,0,0,0,0,0,0.158986617078228,0,0,0,0.135651003966852,0,0.162329967795261,0,0,0,0.15581727343016,0,0,0,0,0,0,0,0,0,0,0,0,0,0,0,0,0,0,0,0,0,0,0,0,0,0,0,0.180411994457245,0,0,0,0,0,0,0,0,0.139146831528894,0,0.191564169351196,0,0.167702158747448,0,0.1676623116319,0,0,0,0,0,0,0,0,0,0,0,0.179654060401083,0,0,0,0
0,0,0,0,0,0,0,0,0.149579112373647,0,0,0,0,0,0.126880359525482,0,0.124788958365205,0,0,0,0,0,0.136641583939393,0,0.145784868451866,0,0,0,0.160020098090172,0,0,0,0,0,0,0,0,0,0,0,0,0,0,0,0,0,0,0,0,0,0,0,0,0,0.148829182457624,0,0,0,0,0,0,0,0,0,0,0.144333429793094,0,0.151952777471807,0,0.151568362838253,0,0.148160655247538,0,0,0,0,0,0,0,0,0,0,0.139686305297921,0.154160936673482,0,0,0
0,0,0,0,0,0,0,0,0,0,0,0.136318773031235,0,0.179508207873865,0,0,0,0,0,0,0,0.148098193000426,0,0,0,0.15581727343016,0,0,0,0.151098703790634,0,0,0,0,0,0,0,0.118485919303364,0,0,0,0,0,0,0,0,0,0,0,0,0,0,0,0,0,0,0,0.123317524790764,0,0.137594476342201,0,0,0,0,0.143443762453912,0,0,0,0.161769289086733,0,0.160529332525453,0,0.15547855118814,0,0,0,0,0,0,0,0.120391749493454,0,0.144588536117226,0.224661550351552,0,0,0
0,0,0,0,0,0,0,0,0,0,0.17986461520195,0,0.170145654768655,0,0,0,0,0,0,0,0,0,0.13865776093667,0,0,0,0.160020098090172,0,0,0,0.153636360267181,0,0,0,0,0,0,0,0.151667456541743,0,0,0,0,0,0,0,0,0,0,0,0,0,0,0,0,0,0.166627322634061,0,0.167911009146617,0,0,0,0,0,0,0.12560249119997,0,0,0,0.166964143514633,0,0.159200524961371,0,0.151066071311733,0,0,0,0,0,0,0,0.149308571467797,0.150440937296881,0.148926373289413,0,0,0
0,0,0,0,0,0,0,0,0,0,0,0.148935608213811,0,0,0,0,0,0,0,0,0,0,0,0,0,0,0,0.151098703790634,0,0,0,0,0,0,0,0,0,0.169591329605899,0,0,0,0,0,0,0,0,0,0,0,0,0,0,0,0,0,0,0,0.152376485069593,0,0,0,0,0,0,0,0,0,0,0,0,0.164714505073933,0,0.156334880842343,0,0,0,0,0,0,0,0.16119060700848,0,0.15592016041046,0,0,0,0
0,0,0,0,0,0,0,0,0,0,0.15823116004467,0,0.17972752576073,0,0,0,0,0,0,0,0,0,0,0,0,0,0,0,0.153636360267181,0,0,0,0,0,0,0,0,0,0.157383852670419,0,0,0,0,0,0,0,0,0,0,0,0,0,0,0,0,0,0.15477949067166,0,0,0,0,0,0,0,0,0,0,0,0,0,0,0.159585372677871,0,0.153367269207679,0,0,0,0,0,0,0,0.14246063724071,0.13909825356956,0.136555194854736,0,0,0
0,0,0,0,0,0,0,0,0,0,0,0,0,0,0,0,0,0,0,0,0,0,0,0,0,0,0,0,0,0,0,0,0.11824862932743,0.235488541199472,0,0.145280753900647,0,0,0,0,0,0,0,0,0,0,0,0.256398868860958,0,0,0,0,0,0,0,0,0,0,0,0,0,0,0,0,0,0,0,0,0,0,0,0,0,0,0.235393475096962,0.161064372844484,0.223094624919551,0,0.154082997969143,0,0,0,0.133412797087511,0,0,0,0
0,0,0,0,0,0,0,0,0,0,0,0,0,0,0,0,0,0,0,0,0,0,0,0,0,0,0,0,0,0,0,0.11824862932743,0,0.1311182196119,0.251335727525692,0.108877018094063,0.127068914368119,0,0,0,0,0,0,0,0,0,0,0.287364383157409,0,0,0,0,0,0,0,0,0,0,0,0,0,0,0,0,0,0,0,0,0,0,0,0,0,0,0.115154686999523,0.252100345596105,0.141027748584747,0.243697813233814,0,0.13594180168872,0,0,0.116836194728696,0,0,0,0
0,0,0,0,0,0,0,0,0,0.191363394260406,0,0,0,0,0,0,0,0,0,0,0,0,0,0,0,0,0,0,0,0,0,0.235488541199472,0.1311182196119,0,0.169481231815182,0.150773260300109,0,0.198939812322289,0.158464988072713,0,0,0,0,0,0,0,0,0.297814238661541,0.432753427575032,0.481976479291916,0,0,0,0,0,0.194682031869888,0,0,0,0,0,0,0,0,0,0,0,0,0,0,0,0,0,0,0.276453537342039,0,0.182688681604831,0.156296577185773,0.149387566257367,0,0.275330581065071,0.171368449926376,0.19233447737193,0,0,0,0
0,0,0,0,0,0,0,0,0.222077488899231,0,0,0,0,0,0,0,0,0,0,0,0,0,0,0,0.238903909921646,0,0,0,0,0,0,0,0.251335727525692,0.169481231815182,0,0,0.159403796094832,0,0.236602451570896,0,0,0,0,0,0,0,0,0.296533009356181,0.430524796247482,0.435635611414909,0,0,0,0,0.241461144252257,0,0,0,0,0,0,0,0,0,0,0,0,0.232305576403936,0,0,0,0,0,0,0,0.289157649152912,0.170542834767218,0.176917441655923,0,0.151240003580848,0,0.245838465767694,0.185616711278756,0,0,0,0
0,0,0.260535230239232,0.197990839846996,0,0.160664399399569,0,0,0,0.257072299718857,0,0.146723077707704,0,0,0,0,0,0,0.277215301990509,0.160826561304222,0,0,0,0,0,0,0,0,0,0,0,0.145280753900647,0.108877018094063,0.150773260300109,0,0,0.17621453589117,0.157682452622442,0.11482201058131,0.178433691263199,0,0.241906521841884,0,0,0,0.179603797291313,0.227217321594556,0.20868377884229,0,0.192448924813006,0,0.183343046655258,0,0,0,0.186736825853586,0.290661782026291,0.187667509082888,0,0.190210002873625,0,0.184260562062263,0.15742664267812,0,0,0,0,0,0,0,0,0,0.258098694185416,0,0.141818956843673,0,0.153554791528167,0,0.162131439235638,0.143276079371572,0.171989038307569,0.193340972065926,0.145913304482429,0.188046914835771,0.194133088214742,0.27898807823658,0
0.32725802063942,0,0.218092234805226,0.275564849376678,0.153290026262403,0,0.127702119627169,0,0,0,0.150414372914367,0,0,0,0,0,0,0,0.19582012295723,0,0.153011499803109,0,0,0,0,0,0,0,0,0,0,0,0.127068914368119,0,0.159403796094832,0.17621453589117,0,0,0.143452560741783,0,0.178515997154034,0.277300864458084,0.220992083935177,0,0,0.21524703502655,0.200249253675855,0.21948357400569,0.20129794698386,0.217872215641869,0.162841143707434,0,0.136362034827471,0,0,0,0.173093337904323,0,0,0,0,0,0,0.152954211725813,0,0,0,0,0,0,0,0,0.2819844186306,0.264483660459518,0,0.153371885418892,0,0.16083204055972,0.176367890834808,0.150668584482725,0,0.162795889292928,0.140517565344885,0.146337752400989,0.171912815528257,0,0.287144273519516
0,0,0,0,0,0,0,0,0,0.21360367116848,0,0.156352407260738,0,0,0,0,0,0,0,0.145310388300677,0,0.138118452827136,0.113750944927073,0.151831856464511,0,0,0,0.118485919303364,0,0.169591329605899,0,0,0,0.198939812322289,0,0.157682452622442,0,0,0.123549057712515,0,0,0.189333498477936,0.350647583603859,0,0,0,0,0.439002542708912,0.327242884129735,0.30373597224503,0,0,0,0,0,0.239678940750698,0,0.1609079082256,0,0,0,0,0.153990042976814,0,0.200110742362718,0.118769822811539,0.247175646999865,0,0,0,0.126664218015787,0,0.17246296706351,0,0,0,0.166784286692231,0,0.201769807326069,0,0.208293831558152,0.133019780671155,0.177547938137926,0.136979000470073,0.286225235576813,0,0
0,0,0,0,0,0,0,0,0.198729576354616,0,0.14410510716968,0,0,0,0,0,0,0,0,0,0.153475774410434,0.1262195598748,0.155208149083256,0,0.115106813870515,0,0,0,0.151667456541743,0,0.157383852670419,0,0,0.158464988072713,0.236602451570896,0.11482201058131,0.143452560741783,0.123549057712515,0,0,0,0,0.190434217453003,0,0,0,0,0.305373758077621,0.400442446335196,0,0,0,0,0,0.249980264122445,0,0.142287231634595,0,0,0,0,0,0,0.144573263016092,0,0.223701386777726,0,0.250905630551951,0,0,0,0.268047416911406,0,0.144398838958957,0,0,0,0.258209783978322,0,0.195722475152022,0.12704659323208,0.185321205750536,0.144000634945225,0.126602129777893,0.222479395523757,0,0
0,0.311444513182691,0,0.227700232406673,0,0.194317619590198,0,0,0,0,0,0,0,0,0,0,0.269781800104188,0.25325755332907,0.282513813436781,0,0,0,0,0,0,0,0,0,0,0,0,0,0,0,0,0.178433691263199,0,0,0,0,0.268104417456521,0.244233167354069,0.220155240760909,0.244243158612932,0,0.228550457337901,0.244900405406952,0.255719922482967,0.270423114299774,0.188743265513283,0,0.223681035850729,0,0,0,0.209174813495742,0,0.243499057606245,0,0.206710085272789,0,0.227215280490262,0.163744746734993,0,0,0,0,0,0,0,0,0,0.25187127958193,0.307256549596786,0,0,0,0,0.186509000712387,0.275652724007765,0.277313927324807,0,0.2668318655062,0.263292025508625,0.236602238938845,0.301724039376244,0.219070993363857
0.346917774197618,0,0.242337394707106,0,0.211623039841652,0,0,0,0,0,0,0,0,0,0,0,0.264962575430845,0.257316963519992,0.262821185010381,0,0.220011562108994,0,0,0,0,0,0,0,0,0,0,0,0,0,0,0,0.178515997154034,0,0,0.268104417456521,0,0.242463599080625,0.234099309282454,0.225236803293228,0,0.289211166401704,0.249415924534891,0.228346341227492,0.18483362665263,0.248733637854457,0.217658864824395,0,0,0,0.205336041748524,0,0.257901763916016,0.244592890143394,0.251632690429688,0,0,0,0,0.231657328313724,0,0,0,0,0,0,0,0,0,0.258796742984227,0,0,0,0,0.30569321513176,0.210525877702407,0,0.188627157360315,0.270217346715588,0.249182580463719,0.228442663116848,0.184963002800941,0.256620039204521
0,0.242055499195631,0,0.263091867268085,0,0.224854974770078,0,0,0,0.17078707950392,0,0,0,0,0,0,0.228766432067133,0.222402504169858,0.211666923466777,0.226181536912918,0,0,0,0.231413662433624,0,0,0,0,0,0,0,0,0,0,0,0.241906521841884,0.277300864458084,0.189333498477936,0,0.244233167354069,0.242463599080625,0,0.232595672124419,0.204907308324524,0,0.244843296261327,0.235084018536976,0.460110586881638,0.277993887662888,0.312222909408001,0,0.234321363510624,0,0,0,0.213862842707722,0.196734517812729,0.28415430763901,0,0.247676776101192,0,0.227096769534334,0.247922302845635,0.247162610292435,0,0,0.260510398873261,0,0,0,0,0,0.245292734547597,0,0,0,0,0,0.285270505704062,0.262786726355553,0.251474306705734,0.235873579978943,0.232484156159578,0.255651757336007,0.262579941707363,0.232468437492657,0.18823121736447
0.249054472767195,0,0.272832441286012,0.219690546393394,0.234635123684083,0,0,0,0.169122332876379,0,0,0,0,0,0,0,0.228337251749195,0.222078099551767,0.184079769456555,0,0.211028143763542,0,0,0,0,0,0,0,0,0,0,0,0,0,0,0,0.220992083935177,0.350647583603859,0.190434217453003,0.220155240760909,0.234099309282454,0.232595672124419,0,0.200762897729874,0,0.229195110061589,0.245863249314297,0.345783917152363,0.288352336028986,0.360759938756625,0.231202763895835,0,0,0,0.234087107969182,0,0.300871668825054,0.221574092904727,0.29662547679618,0,0.236807015079718,0,0,0.268716071961356,0,0,0,0,0,0,0,0,0.23147876560688,0.267626877762217,0,0,0,0,0.253795825383242,0.255734638523076,0.210553493350744,0.235766047626051,0.232567844033493,0.259230665667774,0.248458396486612,0.197435683012009,0.192143243208669
0,0,0,0,0,0,0,0,0,0,0,0,0,0,0,0,0.252392210066319,0.219541668891907,0.194446423815356,0,0,0,0,0,0,0,0,0,0,0,0,0,0,0,0,0,0,0,0,0.244243158612932,0.225236803293228,0.204907308324524,0.200762897729874,0,0,0.281703969836235,0,0,0,0.204762026667595,0,0,0,0,0,0,0,0.24098202586174,0,0,0,0,0.246720870335897,0,0,0,0,0,0,0,0,0,0.283054351806641,0,0,0,0,0,0.306024431730762,0.217263922095299,0.274546008557081,0,0.231135639327544,0.243993490934372,0.251883014227188,0.197312409679095,0
0,0,0,0,0,0,0,0,0,0,0,0,0,0,0,0,0,0,0,0,0,0,0,0,0,0,0,0,0,0,0,0,0,0,0,0,0,0,0,0,0,0,0,0,0,0,0,0,0,0,0,0,0,0,0,0,0,0,0,0,0,0,0,0,0,0,0,0,0,0,0,0,0,0,0,0,0,0,0,0,0,0,0,0,0,0,0
0,0.333479382053635,0,0.220023621563558,0,0.174117074126289,0,0,0,0,0,0,0,0,0,0,0.269812136430007,0.258974580480172,0.302709247266307,0.193800240755081,0,0,0,0,0,0,0,0,0,0,0,0,0,0,0,0.179603797291313,0.21524703502655,0,0,0.228550457337901,0.289211166401704,0.244843296261327,0.229195110061589,0.281703969836235,0,0,0.276610648880402,0.232780493795872,0,0.232941315198938,0,0.18506094366312,0,0,0,0.185371596366167,0.23215214163065,0.221181477750501,0,0.201952213278184,0,0.19069341942668,0.190557038694508,0.350498259067535,0,0,0,0,0,0,0,0,0.248813152855093,0,0,0,0,0,0.20857951355517,0.305478804877826,0.295917491023572,0,0.315887690955164,0.269562614865081,0.228434604735147,0.253758291248232,0
0.35424191883186,0.351039737462997,0.200320736713371,0.257810324430466,0.178672072615954,0,0,0,0.348070234060287,0,0,0,0,0,0,0,0.267552028831683,0.249011921100929,0.280694744311595,0,0.20097528398037,0,0,0,0,0,0,0,0,0,0,0,0,0,0,0.227217321594556,0.200249253675855,0,0,0.244900405406952,0.249415924534891,0.235084018536976,0.245863249314297,0,0,0.276610648880402,0,0.2353136818856,0.246778829475126,0.249703860708645,0.18780950975569,0,0,0,0.188111645671038,0,0.232991664182572,0.223475337028503,0.20213944837451,0,0,0,0,0.196559000992314,0,0,0,0,0,0,0,0,0,0.287025006487966,0,0,0,0,0.297591277294689,0.236510547405172,0.273696839809418,0.325428329548746,0.282236251004805,0.259890749850081,0.248660702395043,0,0.264327452207605
0.234698235988617,0,0.2508129881961,0.253325290977955,0,0,0,0,0,0,0,0,0,0,0,0,0,0,0,0,0,0.231934815645218,0,0,0,0,0,0,0,0,0,0.256398868860958,0.287364383157409,0.297814238661541,0.296533009356181,0.20868377884229,0.21948357400569,0.439002542708912,0.305373758077621,0.255719922482967,0.228346341227492,0.460110586881638,0.345783917152363,0,0,0.232780493795872,0.2353136818856,0,0.421942400357264,0.404775909529986,0.237119480967522,0,0,0,0.237684667110443,0,0.282425746321678,0.267953922351201,0,0,0,0,0,0,0,0,0,0,0,0,0,0,0,0,0.37741267058579,0.326886243240464,0.322211812430647,0.286339165386704,0.2772114719114,0.212800603488396,0.412208707796203,0.283239603042603,0.450641918628265,0.27701748162508,0.374381709054618,0,0
0.144108149429012,0,0.160303312914196,0.250200301408768,0.151890628039837,0.279680907726288,0,0,0.174200799220648,0,0,0,0,0,0.147781118750572,0,0,0.240381628274918,0.189725612016285,0,0.225584328174591,0,0.343949301540852,0,0.183364562690258,0,0,0,0,0,0,0,0,0.432753427575032,0.430524796247482,0,0.20129794698386,0.327242884129735,0.400442446335196,0.270423114299774,0.18483362665263,0.277993887662888,0.288352336028986,0,0,0,0.246778829475126,0.421942400357264,0,0.331383955315517,0.224115774035454,0,0,0,0.169651734346355,0,0.266397000505374,0,0,0,0.156296169286237,0,0,0.259484892854324,0,0.255605663217249,0,0.314701315446904,0,0,0,0.3223328847944,0.320839613676071,0.211178902964123,0,0.311052471399307,0.43082263148748,0,0.24833769351244,0.221808487389769,0.332709814111392,0.332230430142783,0.368460490363335,0.268031258082044,0.25232745084881,0,0.257665809657839
0,0.151519596963455,0.255155717333158,0.16132757533738,0,0.178371851642927,0,0,0,0.120341438193654,0,0,0,0,0,0,0,0,0.281611031293869,0,0,0.216951115879902,0,0.204504496107499,0,0,0,0,0,0,0,0,0,0.481976479291916,0.435635611414909,0.192448924813006,0.217872215641869,0.30373597224503,0,0.188743265513283,0.248733637854457,0.312222909408001,0.360759938756625,0.204762026667595,0,0.232941315198938,0.249703860708645,0.404775909529986,0.331383955315517,0,0,0.225785233080387,0,0,0,0.129916894583055,0,0.249099586093635,0,0.211197018623352,0,0.198825542519732,0.266306042671204,0,0.224273955633103,0,0.233155254964475,0,0.221662322680155,0,0.251811430897824,0,0.294480613791026,0,0.408071637153625,0,0.406062320868174,0,0.193619249826408,0.231251072138548,0.236088016245127,0,0.368218828081171,0.278199948370457,0.272816827621512,0.319945175945759,0.313885986804962
0.268382400274277,0,0.175256610475044,0,0.120251971640085,0,0.153363352020582,0,0,0,0.15467631816864,0,0,0,0,0,0,0,0.20410193502903,0,0.175056701259954,0,0,0,0,0,0,0,0,0,0,0,0,0,0,0,0.162841143707434,0,0,0,0.217658864824395,0,0.231202763895835,0,0,0,0.18780950975569,0.237119480967522,0.224115774035454,0,0,0,0,0,0,0,0.208684819936752,0,0.150175653398037,0,0,0,0,0.197400527341025,0,0,0,0,0,0,0,0,0,0,0,0,0,0,0,0.212034885996375,0,0,0.167256672978401,0,0.194928255262812,0,0.215142807364464
0,0,0,0.177946424074019,0,0.166687284632084,0,0,0,0,0,0.201747737824917,0,0,0,0,0,0.220850139856339,0.217065304517746,0.177451143662135,0,0,0,0,0,0,0,0,0,0,0,0,0,0,0,0.183343046655258,0,0,0,0.223681035850729,0,0.234321363510624,0,0,0,0.18506094366312,0,0,0,0.225785233080387,0,0,0,0,0,0,0,0.234236435592175,0,0.175067007541656,0,0,0.187866920232773,0,0,0,0,0,0,0,0,0,0.24728824570775,0,0,0,0,0,0.228984760967168,0,0,0,0.141446074404355,0.236054286360741,0.200144260420519,0.217428468167782,0
0,0,0,0,0,0,0.115622968627856,0,0,0,0.14964022487402,0,0,0,0,0,0,0,0,0,0.121340442448854,0,0,0,0,0,0,0,0,0,0,0,0,0,0,0,0.136362034827471,0,0,0,0,0,0,0,0,0,0,0,0,0,0,0,0,0,0,0,0.177480569561059,0,0,0,0,0,0,0,0,0,0,0,0,0,0,0,0,0,0,0,0,0,0,0,0,0,0.138690717992889,0,0,0,0
0,0,0,0,0,0,0,0,0,0,0,0,0,0,0,0,0,0,0,0,0,0,0,0,0,0,0,0,0,0,0,0,0,0,0,0,0,0,0,0,0,0,0,0,0,0,0,0,0,0,0,0,0,0,0,0,0,0,0,0,0,0,0,0,0,0,0,0,0,0,0,0,0,0,0,0,0,0,0,0,0,0,0,0,0,0,0
0.157975328467074,0,0.144551349182924,0,0.117872323840857,0,0,0,0.185772515247792,0,0,0,0,0,0.205406897310909,0,0,0,0.181402713060379,0,0.172192841768265,0,0,0,0.17146078442655,0,0.148829182457624,0,0,0,0,0,0,0,0.241461144252257,0,0,0,0.249980264122445,0,0.205336041748524,0,0.234087107969182,0,0,0,0.188111645671038,0.237684667110443,0.169651734346355,0,0,0,0,0,0,0,0.228839367628098,0,0,0,0.186567582156701,0,0,0.238799460232258,0,0,0,0.203530446048031,0,0.16639057135404,0,0,0,0,0,0,0,0.234738606427397,0,0.224246942334705,0,0.239204080487283,0.181781345853537,0.246132791042328,0.191989022445574,0,0.209546849131584
0,0.135040714828334,0,0.134154923980991,0,0.118372683723768,0,0,0,0.203032450437946,0,0,0,0,0,0.191790433760682,0,0.207922041416168,0.211368724703789,0,0,0,0,0.198700554314114,0,0.180411994457245,0,0,0,0,0,0,0,0.194682031869888,0,0.186736825853586,0,0.239678940750698,0,0.209174813495742,0,0.213862842707722,0,0,0,0.185371596366167,0,0,0,0.129916894583055,0,0,0,0,0,0,0,0.215182113412179,0,0.14885846277078,0,0.155476737757307,0.197954595088959,0,0,0,0.237630971888545,0,0.171253453940153,0,0,0,0.254830038174987,0,0,0,0.224881332367659,0,0.239825246774632,0,0.257346797812926,0,0.169200771612159,0,0.178268830593977,0.211869759219033,0
0.309321633974711,0,0.241153073514227,0,0.218858559792106,0,0.143610086435309,0,0.279419034719467,0,0.160847763675544,0,0.160637260779091,0,0,0,0.278738083442052,0.226132571697235,0.296676672556821,0,0.137266600076799,0,0,0,0,0,0,0,0.166627322634061,0,0.15477949067166,0,0,0,0,0.290661782026291,0.173093337904323,0,0.142287231634595,0,0.257901763916016,0.196734517812729,0.300871668825054,0,0,0.23215214163065,0.232991664182572,0.282425746321678,0.266397000505374,0,0.208684819936752,0,0.177480569561059,0,0.228839367628098,0,0,0,0.217507866529766,0,0,0,0,0.259772378749566,0,0,0,0,0,0,0,0,0,0.221099555285441,0,0,0,0,0,0.241547197660553,0,0.145719909897217,0.179186087101698,0.219281977590393,0.294831098414154,0,0.294416796429302
0,0.268682276631923,0,0.211569901269773,0,0.214450402806203,0,0.107383579015732,0,0.228887841105461,0,0.153987662660113,0,0.185905496568181,0,0,0.269137779420072,0.263172701001167,0.298548207507221,0.171096862915481,0,0,0,0,0,0,0,0.123317524790764,0,0.152376485069593,0,0,0,0,0,0.187667509082888,0,0.1609079082256,0,0.243499057606245,0.244592890143394,0.28415430763901,0.221574092904727,0.24098202586174,0,0.221181477750501,0.223475337028503,0.267953922351201,0,0.249099586093635,0,0.234236435592175,0,0,0,0.215182113412179,0,0,0,0.188321511726826,0,0.209239328215862,0.242012233129824,0.274284899234772,0,0,0,0,0,0,0,0,0.301839318869112,0,0,0,0,0,0.225588574562374,0.248848304152489,0.177790873580509,0,0.178636691685427,0.182783877019022,0.263140578121744,0.293546536811893,0.212276712059975
0,0,0.204043226205315,0,0,0,0,0,0,0,0.176068217041355,0,0.15768234947032,0,0.165421585052037,0,0,0,0,0,0,0,0,0,0,0,0,0,0.167911009146617,0,0,0,0,0,0,0,0,0,0,0,0.251632690429688,0,0.29662547679618,0,0,0,0.20213944837451,0,0,0,0.150175653398037,0,0,0,0,0,0.217507866529766,0,0,0,0.192825741231886,0,0,0.228096932172775,0,0,0,0,0,0,0,0.163271728370871,0,0,0,0,0,0,0,0.194029957056046,0,0,0.160115243499412,0.169068330268373,0.266830682351783,0,0.289460963436535
0,0,0,0.187670807367457,0,0,0,0,0,0,0,0.195494842862991,0,0.157895713964457,0,0.118450574576855,0,0,0,0.184696406126022,0,0,0,0,0,0,0,0.137594476342201,0,0,0,0,0,0,0,0.190210002873625,0,0,0,0.206710085272789,0,0.247676776101192,0,0,0,0.201952213278184,0,0,0,0.211197018623352,0,0.175067007541656,0,0,0,0.14885846277078,0,0.188321511726826,0,0,0,0.142602985103925,0.19507442911466,0,0,0,0,0,0.136826378603776,0,0.191667608916759,0,0.242800354957581,0,0,0,0,0,0.242160126566887,0,0.292242303490639,0,0.170442449289132,0.187584478142006,0.210929599719319,0.206810464461644,0
0.143572709225636,0,0.162080398354775,0,0,0,0,0,0.133203892364646,0,0,0,0.149525368038346,0,0.149378534679006,0,0.143370579582094,0,0,0,0,0,0,0,0,0,0,0,0,0,0,0,0,0,0,0,0,0,0,0,0,0,0.236807015079718,0,0,0,0,0,0.156296169286237,0,0,0,0,0,0.186567582156701,0,0,0,0.192825741231886,0,0,0,0,0,0,0,0,0.186898523941636,0,0.192827408162641,0,0,0,0,0,0,0,0,0,0.241472646594048,0,0,0.13854092873779,0,0.16513743121177,0,0
0,0.148562898792594,0,0.167471230996347,0,0,0,0,0,0.145493578062289,0,0,0,0.158258870594642,0,0.157051694639379,0.24579481780529,0.12981736711387,0.223654247820377,0,0,0,0,0,0,0,0,0,0,0,0,0,0,0,0,0.184260562062263,0,0,0,0.227215280490262,0,0.227096769534334,0,0,0,0.19069341942668,0,0,0,0.198825542519732,0,0,0,0,0,0.155476737757307,0,0.209239328215862,0,0.142602985103925,0,0,0,0,0,0,0.16711287945509,0,0,0,0,0,0.248633489012718,0,0,0,0,0,0.231164420192892,0,0.233535930514336,0,0.167524291982508,0.155874585696295,0.197408669104147,0,0
0,0.305560578902562,0,0.202051237225533,0,0.201777964002556,0,0,0,0,0,0.157415243910927,0,0,0,0,0.252253502607346,0.222870636731386,0.251939370296896,0.161409639090146,0,0,0,0,0,0,0,0,0,0,0,0,0,0,0,0.15742664267812,0,0.153990042976814,0,0.163744746734993,0,0.247922302845635,0,0.246720870335897,0,0.190557038694508,0,0,0,0.266306042671204,0,0.187866920232773,0,0,0,0.197954595088959,0,0.242012233129824,0,0.19507442911466,0,0,0,0,0,0,0,0,0,0,0,0,0.310225524667169,0,0,0,0,0,0.196833246558833,0,0.291493820248065,0,0.159598098351405,0.260985344648361,0.236277016651764,0.275926005840302,0.220409959554672
0.346656719488757,0,0.236523524968774,0,0.165895103316604,0,0,0,0,0,0.144353963411486,0,0,0,0,0,0.279827505846818,0.273901747708971,0.292223461266965,0,0.168122088952419,0,0,0,0,0,0,0,0,0,0,0,0,0,0,0,0.152954211725813,0,0.144573263016092,0,0.231657328313724,0.247162610292435,0.268716071961356,0,0,0.350498259067535,0.196559000992314,0,0.259484892854324,0,0.197400527341025,0,0,0,0.238799460232258,0,0.259772378749566,0.274284899234772,0.228096932172775,0,0,0,0,0,0,0,0,0,0,0,0,0,0.291169166564941,0.366520853205161,0,0,0,0,0.28535932302475,0.211556296216068,0,0.262025379408629,0.254481180558675,0.293400389070694,0.306991714091267,0.269591957330704,0.330248667858541
0,0,0,0,0,0,0,0,0,0,0,0,0,0,0,0,0,0.140289313159883,0,0,0,0.144314761679536,0.10935848514023,0.195812227156329,0,0.139146831528894,0,0.143443762453912,0,0,0,0,0,0,0,0,0,0.200110742362718,0,0,0,0,0,0,0,0,0,0,0,0.224273955633103,0,0,0,0,0,0,0,0,0,0,0,0,0,0,0,0.103918181359768,0.220860517135709,0,0.204298209627613,0,0.157441161708398,0,0,0,0,0,0,0,0,0,0.254244568397484,0,0.124900696283289,0.108204197883606,0.244174290448427,0,0
0,0,0,0,0,0,0,0,0,0,0,0,0,0,0,0,0.14939258992672,0,0,0,0,0.105182965163344,0.129128655506878,0,0.127818570580593,0,0.144333429793094,0,0.12560249119997,0,0,0,0,0,0,0,0,0.118769822811539,0.223701386777726,0,0,0,0,0,0,0,0,0,0.255605663217249,0,0,0,0,0,0,0,0,0,0,0,0,0,0,0,0.103918181359768,0,0,0.148349789281686,0,0.149979035059611,0,0.196719497442245,0,0,0,0,0,0,0,0,0.120063864439726,0.240016844015796,0.115016702186078,0.0998530164361,0,0,0
0,0.182139552301831,0,0,0,0,0,0,0,0.173432850967283,0,0,0,0,0,0,0,0.157837535063109,0.174632536247373,0,0,0.183014422568805,0,0.183742956916491,0,0.191564169351196,0,0,0,0,0,0,0,0,0,0,0,0.247175646999865,0,0,0,0.260510398873261,0,0,0,0,0,0,0,0.233155254964475,0,0,0,0,0,0.237630971888545,0,0,0,0,0,0.16711287945509,0,0,0.220860517135709,0,0,0,0.232572869848225,0,0.257803083175705,0,0,0,0,0,0.254996214061975,0,0,0,0.278674648925767,0,0.166521645635366,0,0.298960194079186,0,0
0,0,0,0,0,0,0,0,0.158311423400174,0,0,0,0,0,0,0,0,0,0,0,0,0,0.100001686811447,0,0.13067630644028,0,0.151952777471807,0,0,0,0,0,0,0,0.232305576403936,0,0,0,0.250905630551951,0,0,0,0,0,0,0,0,0,0.314701315446904,0,0,0,0,0,0.203530446048031,0,0,0,0,0,0.186898523941636,0,0,0,0,0.148349789281686,0,0,0,0.164570385162257,0,0,0,0,0,0,0,0.251278441813257,0,0,0,0.2069405849412,0.172912714799412,0,0.317488432283232,0,0
0,0.167257025837898,0,0,0,0,0,0,0,0.160910792648792,0,0,0,0.132299635807673,0,0.143237343227321,0,0.155148235401687,0,0,0,0.150730154828119,0,0.176027555018663,0,0.167702158747448,0,0.161769289086733,0,0,0,0,0,0,0,0,0,0,0,0,0,0,0,0,0,0,0,0,0,0.221662322680155,0,0,0,0,0,0.171253453940153,0,0,0,0.136826378603776,0,0,0,0,0.204298209627613,0,0.232572869848225,0,0,0,0.211651932658024,0,0,0,0,0,0,0,0,0,0,0,0.149532034315846,0,0.176640999431794,0,0
0.192745566368103,0,0,0,0,0,0,0,0.139857151856025,0,0,0,0,0,0.145476976345325,0,0.145537648815662,0,0,0,0,0,0.144151441752911,0,0.154103544947192,0,0.151568362838253,0,0.166964143514633,0,0,0,0,0,0,0,0,0,0,0,0,0,0,0,0,0,0,0,0,0,0,0,0,0,0.16639057135404,0,0,0,0,0,0.192827408162641,0,0,0,0,0.149979035059611,0,0.164570385162257,0,0,0,0.181476761187826,0,0,0,0,0,0,0,0,0,0,0.146970707938135,0,0,0,0
0,0,0,0,0,0,0,0,0,0,0,0.20972153544426,0,0.152471146800301,0,0,0,0,0,0,0,0.166787152387658,0,0,0,0.1676623116319,0,0.160529332525453,0,0.164714505073933,0,0,0,0,0,0,0,0.126664218015787,0,0,0,0,0,0,0,0,0,0,0,0.251811430897824,0,0,0,0,0,0,0,0,0,0.191667608916759,0,0,0,0,0.157441161708398,0,0.257803083175705,0,0.211651932658024,0,0,0,0.171668359616273,0,0,0,0,0,0,0,0.139562673370043,0,0.156203071464493,0.185200548347305,0,0,0
0,0,0,0,0,0,0,0,0,0,0,0,0.163054388343242,0,0,0,0,0,0,0,0,0,0.166401023246996,0,0.149382809797923,0,0.148160655247538,0,0.159200524961371,0,0.159585372677871,0,0,0,0,0,0,0,0.268047416911406,0,0,0,0,0,0,0,0,0,0.3223328847944,0,0,0,0,0,0,0,0,0,0.163271728370871,0,0,0,0,0,0,0.196719497442245,0,0,0,0.181476761187826,0,0,0,0.149703695305756,0,0,0,0,0,0,0,0.247212076152209,0.148733357865708,0.154367793599765,0,0,0
0,0.338267054695349,0,0.279356806613933,0,0.239704909069198,0,0,0,0,0,0.145849039449411,0,0,0,0,0.281041989369052,0.27875281950912,0.309466623698019,0.247757241129875,0,0,0,0,0,0,0,0.15547855118814,0,0.156334880842343,0,0,0,0,0,0.258098694185416,0.2819844186306,0.17246296706351,0,0.25187127958193,0,0.245292734547597,0.23147876560688,0.283054351806641,0,0.248813152855093,0,0,0.320839613676071,0.294480613791026,0,0.24728824570775,0,0,0,0.254830038174987,0,0.301839318869112,0,0.242800354957581,0,0.248633489012718,0.310225524667169,0.291169166564941,0,0,0,0,0,0,0.171668359616273,0,0,0,0,0,0,0,0.260353490193455,0.275703102350235,0.165458684007442,0,0.246513083732917,0.322518149018288,0.327774658443349,0.293662107126279,0
0.330937795341015,0,0.298220618204637,0,0,0,0,0,0,0,0.144409462809563,0,0,0,0,0,0.309102296829224,0.257294833660126,0.287841171674106,0,0,0,0,0,0,0,0,0,0.151066071311733,0,0.153367269207679,0,0,0,0,0,0.264483660459518,0,0.144398838958957,0.307256549596786,0.258796742984227,0,0.267626877762217,0,0,0,0.287025006487966,0,0.211178902964123,0,0,0,0,0,0,0,0.221099555285441,0,0,0,0,0,0,0.366520853205161,0,0,0,0,0,0,0,0.149703695305756,0,0,0,0,0,0,0.317806631326675,0.251278383597251,0,0.210101371271568,0.165943137904008,0.157121576368809,0.300801520838457,0,0.297281471073118
0,0,0,0,0,0,0,0,0,0,0,0,0,0,0,0,0,0,0,0,0,0,0,0,0,0,0,0,0,0,0,0.235393475096962,0.115154686999523,0.276453537342039,0,0.141818956843673,0,0,0,0,0,0,0,0,0,0,0,0.37741267058579,0,0.408071637153625,0,0,0,0,0,0,0,0,0,0,0,0,0,0,0,0,0,0,0,0,0,0,0,0,0,0.110161469876766,0.257724681568723,0,0.141585602694088,0,0,0,0.126656587684273,0,0,0,0
0,0,0,0,0,0,0,0,0,0,0,0,0,0,0,0,0,0,0,0,0,0,0,0,0,0,0,0,0,0,0,0.161064372844484,0.252100345596105,0,0.289157649152912,0,0.153371885418892,0,0,0,0,0,0,0,0,0,0,0.326886243240464,0.311052471399307,0,0,0,0,0,0,0,0,0,0,0,0,0,0,0,0,0,0,0,0,0,0,0,0,0,0.110161469876766,0,0.277493260800838,0.334331677718596,0,0.175557121634483,0,0,0.130292902886868,0,0,0,0
0,0,0,0,0,0,0,0,0,0.206998869776726,0,0,0,0,0,0,0,0,0,0,0,0,0,0.199697909610612,0,0,0,0,0,0,0,0.223094624919551,0.141027748584747,0.182688681604831,0.170542834767218,0.153554791528167,0,0.166784286692231,0,0,0,0,0,0,0,0,0,0.322211812430647,0.43082263148748,0.406062320868174,0,0,0,0,0,0.224881332367659,0,0,0,0,0,0,0,0,0,0,0.254996214061975,0,0,0,0,0,0,0,0.257724681568723,0.277493260800838,0,0.177061608581098,0.128165815025568,0,0.251385027515888,0.166945248842239,0.174543680509795,0.176194189116359,0,0,0
