0,0,75.539221405983,0,1.9193993806839,0,0,0,290.121753975749,0,0,0,0,0,0,0,0.24136583507061,0,16.1375379115343,0,0,0,0,0,6.59732434153557,0,0,0,0,0,0,0,0,0,0,0,1.67032706737518,0,1.30043089389801,0,2.52153205871582,0,9.77413555979729,0,0,0,0,0,347.778715610504,0,0,0,0,0,57.1423035413027,0,2.25261378288269,0,13.1755883097649,0,42.2877241373062,0,0,0.173746973276138,0,0,0,0,0,0,0,0,0,0,0,0,0,0,0,4.68454149365425,0,0,132.44532379508,0,375.824673473835,0,0
0,0,0,23.0376595854759,0,13.9319109916687,0,0,0,299.226801335812,0,0,0,0,0,0,0,0,0,0,0,0,0,1.57442420721054,0,0,0,0,0,0,0,0,0,0,0,0,0,3.36061292886734,0,0,0,101.66793589294,0,0,0,0,0,0,0,53.9938844740391,0,0,0,0,0,447.7217784971,0,10.8965669721365,0,0,0,123.362900003791,0,0,0,0,0,0,0,0,0,0,0.336469084024429,0,0,0,0,0,0,0,0.3065125644207,0,91.9975322633982,0,256.467785447836,2.70585361123085,0
75.539221405983,0,0,0,5.69243030250072,0,0,0,148.528056696057,0,0,0,0,0,0,0,0,0,0,0,0,0,0,0,4.93018899857998,0,0,0,0,0,0,0,0,0,0,0,0.251189231872559,0,2.01828335225582,0,1.07121455669403,0,18.2115840613842,0,0,0,0,0,43.9421552121639,0,40.667734965682,0,0,0,36.6152155548334,0,135.967714980245,0,30.359694480896,0,48.4498694837093,0,0,0.53089839220047,0,0,0,0,0,0,0,0,0,4.42352199554443,0,0,0,0,0,0.442410528659821,0,0,100.366150781512,1.55956134200096,67.5131527632475,0,0.21344780921936
0,23.0376595854759,0,0,0,205.559118494391,0,0,0,147.878546282649,0,0,0,0,0,16.1978412866592,0,0,0,0,0,0,0,0,0,0,0,0,0,0,0,0,0,0,0,0,0,0.423046126961708,0,2.48230992257595,0,57.7914379835129,0,0,0,0,0,0,0,66.7338201254606,0,63.4038808047771,0,0,0,50.5672714710236,0,24.452524960041,0,24.5915180444717,0,69.9667373895645,0.867729008197784,0,0,0,0,0,0,0,0.172046914696693,0,13.569445669651,0,0,0,0,0,5.35620877146721,0,0,0,60.6436856240034,0,445.313032060862,12.9790974855423,0
1.9193993806839,0,5.69243030250072,0,0,0,25.2146537005901,0,57.0629564225674,0,0,0,0,0,27.4230364561081,0,0,0,0,0,0,0,0,0,0,0,0,0,0,0,0,0,0,0,0,0,0,0,0,0,0,0,2.41170954704285,0,0,0,0,0,4.83598709106445,0,527.977826580405,0,7.20058861374855,0,7.28739190101624,0,12.5439014583826,0,55.9591789841652,0,200.070282518864,0,0,0,0,0,0,0,0,0,0,0,0,0,0,0,0,0,0,0,0,0,691.669830128551,0,33.760148152709,0,0
0,13.9319109916687,0,205.559118494391,0,0,0,168.312041699886,0,45.1996787190437,0,0.422167509794235,0,0,0,59.6344782114029,0,0,0,0,0,0,0,0,0,0,0,0,0,0,0,0,0,0,0,0,0,0,0,0,0,0,0,0,0,0,0,0,0,0,0,909.57767650485,0,31.8987178206444,0,50.5253798365593,0,20.0572302937508,0,0,0,7.92450594902039,1.4956887960434,0,0,0,0,0,0,0,0,0,2.95561289787292,0,0,0,0,0,0,0,0,0,519.656068980694,21.1752278208733,67.006411716342,0,0
0,0,0,0,25.2146537005901,0,0,0,0,0,3.50374519824982,0,9.8417284488678,0,0,0,0,0,0,0,0,0,0,0,0,0,0,0,0,0,0,0,0,0,0,0,8.93218541145325,0,0,0,0,0,0,0,0,0,0,0,0,0,304.937781155109,0,201.950210034847,0,0,0,103.93753361702,0,449.604280844331,0,0,0,0,0,0,0,0,0,0,0,0,0,0,0,0,0,0,0,0,4.81928777694702,0,0,79.6691156029701,0,0,0,0
0,0,0,0,0,168.312041699886,0,0,0,0,0,23.4979730546474,0,0,0,0,0,0,0,0,0,0,0,0,0,0,0,0,0,0,0,0,0,0,0,0,0,0,0,0,0,0,0,0,0,0,0,0,0,0,0,116.214601844549,0,252.439680159092,0,0,0,248.580865219235,0,0,0,0,8.38014355301857,0,0,0,0,0,0,0,0,0,0,0,0,0,0,0,0,0,0,0,8.73332238197327,0,1.67823523283005,0,0
290.121753975749,0,148.528056696057,0,57.0629564225674,0,0,0,0,0,0,0,0,0,285.340728595853,0,43.6598614901304,0.114097379148006,11.5470158457756,0,0,0,0,0,77.3210332095623,0,3.1498632133007,0,0,0,0,0,0,0,0,0,0,0,0.537106424570084,0,0.204724445939064,0,83.3605624586344,0,0,0,3.4040619134903,0,37.3952786922455,0,2.08944070339203,0,0,0,1115.58681832254,0,130.924800112844,0,37.6253482550383,0,735.552672103047,0,0,9.91699296236038,0,0,0,2.6804528683424,0,18.4861644208431,0,2.06986597180367,0,8.2867047637701,0,0,0,0,0.142257452011108,0.779036656022072,0,0,751.258386589587,51.7300752103329,175.019636854529,0,0.343637049198151
0,299.226801335812,0,147.878546282649,0,45.1996787190437,0,0,0,0,0,0,0,0,0,77.6666969060898,0,55.446325480938,0,0,0,0,0,0,0,0,0,0,0,0,0,0,0,0,0,0,0,12.8028295040131,0,0,0,35.2878785431385,0,0,0,0,0,0,0,8.66142994165421,0,1.85525929927826,0,0,0,856.091436609626,0,3.20131100714207,0,0,0,86.623965010047,0,0,0,0,0.400731444358826,0,0,0,0,0,0.821232318878174,0,0,0,0,0,0.325403362512589,0,11.2309789210558,0,244.26138702035,132.959648936987,45.5581934452057,1.05064427852631,0
0,0,0,0,0,0,3.50374519824982,0,0,0,0,0,43.6270883083344,0,0,0,0,0,0,0,474.402927905321,0,0,0,0,0,0,0,0,0,371.162035912275,0,0,0,0,0,282.830794245005,0,790.754497051239,0,0,0,0,0,0,0,0,0,0,0,0,0,3.76501026749611,0,0,0,3581.46133759618,0,21.3666439652443,0,0,0,0,6.23838073015213,0,0,0,0,0,0,0,0,0,267.560634493828,0,0,0,0,0,7.54944407939911,0,36.7954003810883,741.624836489558,0,6.59843944013119,0,0
0,0,0,0,0,0.422167509794235,0,23.4979730546474,0,0,0,0,0,797.884410992265,0,0,0,0,0,293.656099796295,0,0,0,0,0,0,0,140.556500077248,0,259.157283589244,0,0,0,0,0,234.769300162792,0,449.897129297256,0,0,0,0,0,0,0,0,0,0,0,0,0,20.7503869533539,0,1.23160040378571,0,0,0,2706.68955913186,0,564.405002787709,0,1.7481649518013,58.658096447587,0,0,0,0,0,0,0,97.1754927635193,0,95.1175171583891,0,0,0,0,0,41.7916256636381,0,56.2690623104572,0,285.741674974561,0,13.2277990579605,0,0
0,0,0,0,0,0,9.8417284488678,0,0,0,43.6270883083344,0,0,0,88.9251567721367,0,0,0,0,0,0,0,0,0,0,0,20.7706997394562,0,26.335467338562,0,0,0,0,0,0,0,0,0,0,0,0,0,0,0,0,0,0,0,0,0,0,0,3.0831686258316,0,0,0,27.4382753819227,0,761.899438768625,0,4.04564839601517,0,0,0,0,0,0,0,0,7.90925496816635,0,0.528738617897034,0,0,0,0,0,0,0,0,0,0,260.996458530426,87.9136706590652,0,0,0
0,0,0,0,0,0,0,0,0,0,0,797.884410992265,0,0,0,4,0,0,0,0,0,0,0,0,0,0,0,54.7549775838852,0,0,0,0,0,0,0,0,0,0,0,0,0,0,0,0,0,0,0,0,0,0,0,0,0,0,0,0,0,75.2297410964966,0,379.919627591968,0,18.5661172866821,0,0,0,0,0,0,0,0,113.975706934929,0,0,0,0,0,0,0,0,0,0,0,73.9578189849854,17.1035294532776,0,0,0
0,0,0,0,27.4230364561081,0,0,0,285.340728595853,0,0,0,88.9251567721367,0,0,0,0,0,0,0,0,0,0,0,17.826901897788,0,51.775052934885,0,0,0,0,0,0,0,0,0,0,0,0,0,0,0,0,0,0,0,0,0,0,0,6.84397840499878,0,0,0,1.16546818614006,0,0,0,210.308736234903,0,618.231050416827,0,0,0,0,0,0,6.04286548495293,0,9.69174119830132,0,0,0,0,0,0,0,0,0,0,0,0,128.803893506527,8.8392436504364,0,0,0
0,0,0,16.1978412866592,0,59.6344782114029,0,0,0,77.6666969060898,0,0,0,4,0,0,0,27.0126855373383,0,0,0,0,0,0,0,0,0,3,0,0,0,0,0,0,0,0,0,0,0,0,0,0,0,0,0,0,0,0,0,0,0,1.09487491846085,0,0,0,83.1554638147354,0,0,0,0,0,91.1520498991013,0,0,0,0,0.48580276966095,0,0,0,0,0,0,0,0,0,0,0,0,0,0,0,207.412237673998,129.577157974243,0,0,0
0.24136583507061,0,0,0,0,0,0,0,43.6598614901304,0,0,0,0,0,0,0,0,10487.9207335711,4886.77608451247,0,0.633293628692627,21.6721403896809,188.653213903308,14.0733898133039,0,5.14862024784088,367.313038349152,0,19.9514507055283,0,0,0,0,0,0,2.92785304784775,7.44454584270716,0,0,17.7754749059677,14.6447197943926,16.4775856733322,50.3505610525608,0,1.06938982009888,4.52031435072422,31.9383518248796,0,0,0,0,0,0,0,4.19952517747879,0,5.31654563546181,0,0,0,0,1.87416073679924,8.07928308844566,25.9790725409985,0.167159080505371,0,0,5.33841387927532,7.7032754868269,20.6362714469433,0,0,0,6.28577150404453,0,0,0,0,75.1183379143476,92.2025264650583,0,10.3595654070377,3963.22605109215,1451.73900988698,109.448460355401,4.41181457042694,20.0418451577425
0,0,0,0,0,0,0,0,0.114097379148006,55.446325480938,0,0,0,0,0,27.0126855373383,10487.9207335711,0,2569.8918171972,0,1.54227370023727,236.840621754527,0,76.3485143482685,0,207.226827800274,31.3557200729847,47.8288758099079,0,0,0,0,0,0,0,1.88996969163418,6.7985997647047,0,0,40.9274428337812,2.13642820715904,103.028229787946,26.9123246520758,0.212236344814301,5.38671772181988,4.04176040738821,30.3002377673984,0,0,0,0,0,0,0,0,28.221687078476,2.17355237901211,0,0,0,0,109.670899882913,20.6431804150343,26.7293475419283,36.0279914140701,0,7.12340748310089,7.92171764373779,124.288152083755,12.2013261020184,1.61645865440369,0,0.1822759360075,0,0,0,0,0,137.715344116092,83.4082845598459,0,6.65095344185829,4910.06362127513,1568.57051958144,146.380654394627,10.6971528381109,7.07714381814003
16.1375379115343,0,0,0,0,0,0,0,11.5470158457756,0,0,0,0,0,0,0,4886.77608451247,2569.8918171972,0,0,7.32901078462601,1.61796389520168,0,0,1.27347715198994,0,2.24018850922585,0,0,0,0,0,0,0,0,55.3462892025709,121.672354079783,0,7.49266894161701,443.454545795918,166.248594105244,1102.32952523232,694.204666383564,1.61993318796158,118.672091051936,42.3720703423023,359.812393456697,0,0,0,0,0,0,0,0,0,26.8359968066216,7.34963814914227,0.222406566143036,0,0,0,137.956954658031,316.766512788832,0.350258409976959,0,0,0,2.02262210845947,0,0,0.172540113329887,17.0844821035862,11.1868168115616,0,0,5.45181781053543,0,1452.7452454865,1431.71841982007,4.64687377214432,83.8650813400745,3594.6766609773,0,2036.52937820554,282.457086607814,136.317460894585
0,0,0,0,0,0,0,0,0,0,0,293.656099796295,0,0,0,0,0,0,0,0,0,0,0,0,0,0,0,0,0,0,0,0,0,0,0,868.960639789701,0,45.408652305603,0,0,0,0,0,0,0,1.57049086689949,0,0,0,0,0,2.26279550790787,0,0,0,0,0,50.4753853082657,0,0,0,0,525.795137964189,0,0,0,0,0,0,0,0,0,0,0,0,0,0,0,183.915286645293,0,1.43400280177593,0,50.5286745429039,0,74.5892982333899,0,0
0,0,0,0,0,0,0,0,0,0,474.402927905321,0,0,0,0,0,0.633293628692627,1.54227370023727,7.32901078462601,0,0,0,0,0,0,0,0,0,0,0,0,0,0,0,0,0,870.488278895617,0,504.054313451052,0,0.98418653011322,0,1.31305480003357,0,1.67873704433441,0,18.1640798076987,0,0,0,3.21797966957092,0,0,0,0,0,278.492808148265,0,0,0,0.376079618930817,0,0,1520.96120738983,0,0,0,0,0,0,0,0,0,98.0460686981678,0,0,0,0,0,278.090262711048,0,53.9052221477032,214.275353908539,5.3391607105732,100.709637515247,0,0
0,0,0,0,0,0,0,0,0,0,0,0,0,0,0,0,21.6721403896809,236.840621754527,1.61796389520168,0,0,0,103.789869427681,104.32402677834,0,10.4469232559204,0,64.2627110183239,0,0,0,0,0,0,0,0,0,1066.48739244044,0,0,0,0,0,0,0,0,0,0,0,36.6677416115999,0,0,0,0,0,0,0,0,0,0,0,0,0,0,5590.02010963857,1,70.7028405964375,0,4.56019830703735,0,19.4463773816824,0,0,0,0,0,0,0,0,0,170.967056661844,0,460.759263008833,35.018747150898,0,0,0
0,0,0,0,0,0,0,0,0,0,0,0,0,0,0,0,188.653213903308,0,0,0,0,103.789869427681,0,0,96.9975721240044,0,57.5249379873276,0,0.249239832162857,0,0,0,0,0,0,0,0,0,234.285742744803,0,0,0,0,0,0,0,0,0,20.2396503984928,0,0,0,0,0,0,0,0,0,0,0,0,0,0,0,0,7898.54742255062,0,8.43195761740208,0,5.75328400731087,0,0.745548158884048,0,0,0,0,0,0,0,0,0,43.735304042697,475.312838405371,0.759250223636627,0,0,0
0,1.57442420721054,0,0,0,0,0,0,0,0,0,0,0,0,0,0,14.0733898133039,76.3485143482685,0,0,0,104.32402677834,0,0,0,46.4742501378059,0,0,0,0,0,0,0,0,0,0,0,268.451753392816,0,0,0,1.49660956859589,0,0,0,0,0,2.94986924529076,0,15.0135658383369,0,0,0,0,0,54.2368145287037,0,0,0,0,0,0,0,0,55.686253786087,0,452.174484148622,0,81.9455377757549,0,0,0,0,0,0,0,0,0,0,0,58.4554762095213,0,103.097762435675,0,3.47504910826683,0.989771783351898,0
6.59732434153557,0,4.93018899857998,0,0,0,0,0,77.3210332095623,0,0,0,0,0,17.826901897788,0,0,0,1.27347715198994,0,0,0,96.9975721240044,0,0,0,402.279354453087,0,0,0,0,0,0,0,0,0,0,2.63274535536766,171.18737526238,0,0,0,18.2924551814795,0,0,0,0.645157396793365,7.13654319941998,39.0668203979731,0,0,0,0,0,226.517490580678,0,2.71530075371265,0,2.22563681006432,0,95.9503676146269,0,0,0,0,7.3074776828289,0,305.771466001868,0,367.526735961437,0,0,0,0,0,0,0,0,0,0,0.246397510170937,53.1961924880743,72.3857675269246,1.17836156487465,19.2210665643215,0,0
0,0,0,0,0,0,0,0,0,0,0,0,0,0,0,0,5.14862024784088,207.226827800274,0,0,0,10.4469232559204,0,46.4742501378059,0,0,0,91.2999417185783,0,0,0,0,0,0,0,0,0,0,0,0,0,0,0,0,0,0,0,0,0,0,0,0,0,0,0,23.7784697115421,0,0,0,0,0,0,0,0,0,0,42.5961496829987,0,190.620452180505,0,142.183460593224,0,0,0,0,0,0,0,0,0,0,0,54.3507925421,0,0,0,0
0,0,0,0,0,0,0,0,3.1498632133007,0,0,0,20.7706997394562,0,51.775052934885,0,367.313038349152,31.3557200729847,2.24018850922585,0,0,0,57.5249379873276,0,402.279354453087,0,0,0,74.4914573431015,0,0,0,0,0,0,0,0,0,0,0,0,0,0,0,0,0,0,0,0,0,0,0,0,0,0,0,0,0,108.407420575619,0,19.023166179657,0,0,0,0,164.462783187628,0,30.7919872403145,0,338.589671373367,0,178.375204667449,0,0,0,0,0,0,0,0,0,0,47.1288452744484,0,0,0,0
0,0,0,0,0,0,0,0,0,0,0,140.556500077248,0,54.7549775838852,0,3,0,47.8288758099079,0,0,0,64.2627110183239,0,0,0,91.2999417185783,0,0,0,73.3992145061493,0,0,0,0,0,0,0,0,0,0,0,0,0,0,0,0,0,0,0,0,0,0,0,0,0,0,0,3.01090955734253,0,2.44964677095413,0,0,0,0,33.7999470829964,0,0,0,28.9065816402435,0,1080.41560468078,0,71.8595203757286,0,0,0,0,0,0,0,0,0,44.2122123241425,0,0,0,0
0,0,0,0,0,0,0,0,0,0,0,0,26.335467338562,0,0,0,19.9514507055283,0,0,0,0,0,0.249239832162857,0,0,0,74.4914573431015,0,0,0,152.054341867566,0,0,0,0,0,0,0,48.7545360922813,0,0,0,0,0,0,0,0,0,0,0,0,0,0,0,0,0,0,0,12.4578216075897,0,0,0,0,0,0,7.19397947192192,0,0,0,7.80386531352997,0,935.207753702998,0,79.36685295403,0,0,0,0,0,0,0,89.6853670477867,362.058088511229,46.3230040669441,0,0,0
0,0,0,0,0,0,0,0,0,0,0,259.157283589244,0,0,0,0,0,0,0,0,0,0,0,0,0,0,0,73.3992145061493,0,0,0,0,0,0,0,0,0,189.446652442217,0,0,0,0,0,0,0,0,0,0,0,0,0,0,0,0,0,0,0,100.109047606587,0,0,0,0,0,0,0,0,0,0,0,0,24.3054900169373,0,408.286680281162,0,0,0,0,0,0,0,90.006982639432,0,0,0,0,0,0
0,0,0,0,0,0,0,0,0,0,371.162035912275,0,0,0,0,0,0,0,0,0,0,0,0,0,0,0,0,0,152.054341867566,0,0,0,0,0,0,0,0,0,32.5569975078106,0,0,0,0,0,0,0,0,0,0,0,0,0,0,0,0,0,84.2447973787785,0,0,0,0,0,0,0,0,0,0,0,0,0,0,111.88960519433,0,771.892617717385,0,0,0,0,0,0,0,39.1859427839518,252.173371583223,1,0,0,0
0,0,0,0,0,0,0,0,0,0,0,0,0,0,0,0,0,0,0,0,0,0,0,0,0,0,0,0,0,0,0,0,442.439432382584,40.5505247414112,0.345109075307846,478.31423458457,0,0,0,0,0,0,0,0,0,0,0,899.209373787045,25.9832805991173,19.5639986395836,0,0,0,0,0,0,0,0,0,0,0,0,0,0,0,0,0,0,0,0,0,0,0,0,1033.06377449632,18.3780245780945,195.61625008285,0,183.496573597193,0,0,0,402.907518684864,0,0,0,0
0,0,0,0,0,0,0,0,0,0,0,0,0,0,0,0,0,0,0,0,0,0,0,0,0,0,0,0,0,0,0,442.439432382584,0,45.1499383449554,6.26394963264465,0,83.4756962805986,0,0,0,0,0,0,0,0,0,0,59.361611187458,0,0,0,0,0,0,0,0,0,0,0,0,0,0,0,0,0,0,0,0,0,0,0,0,0,0,20.6126314997673,1285.4281771183,3.9485194683075,49.0127293169498,3.34135150909424,144.188715517521,0,0,34.3141907453537,0,0,0,0
0,0,0,0,0,0,0,0,0,0,0,0,0,0,0,0,0,0,0,0,0,0,0,0,0,0,0,0,0,0,0,40.5505247414112,45.1499383449554,0,650.645793914795,480.931362241507,0,89.6214801073074,13.0992337763309,0,0,0,0,0,0,0,0,367.212645679712,1.24113368988037,0.514764487743378,0,0,0,0,0,0,0,0,0,0,0,0,0,0,0,0,0,0.501206591725349,0,0,0,0,0,0,1.56283143162727,0,2722.16692508757,144.393521308899,104.832553118467,0,230.262279555202,38.346786737442,1008.20682826638,0,1.71813091635704,0,0
0,0,0,0,0,0,0,0,0,0,0,0,0,0,0,0,0,0,0,0,0,0,0,0,0,0,0,0,0,0,0,0.345109075307846,6.26394963264465,650.645793914795,0,0,457.813690453768,0,219.505093872547,0,0,0,0,0,0,0,0,215.01085858047,5.41728603839874,0,0,0,0,0,0,0,0,0,0,0,0,0,0,0,0,0,0,0.630911111831665,0,0,0,0,0,0,0,56.5856618583202,206.404207840562,1587.46888044477,0,189.496974825859,0,333.934684559703,208.199202820659,0,0,0,0
0,0,0,0,0,0,0,0,0,0,0,234.769300162792,0,0,0,0,2.92785304784775,1.88996969163418,55.3462892025709,868.960639789701,0,0,0,0,0,0,0,0,0,0,0,478.31423458457,0,480.931362241507,0,0,614.191393494606,1475.5744060874,0,18.7020263075829,0,34.8283845335245,0,0,0,109.748164199293,0.732135057449341,367.213159769773,0,3.65952189266682,0,0,0,0,0,0,0,2.36800289154053,0,0,0,0,944.543046891689,0,0,0,0,0,0,0,0,0,0,0,748.633880935609,0,1179.32879085839,0,16147.3951908201,94.3648191690445,274.526491418481,0,2220.90391734987,126.905075132847,212.156106598675,4.37731713056564,0
1.67032706737518,0,0.251189231872559,0,0,0,8.93218541145325,0,0,0,282.830794245005,0,0,0,0,0,7.44454584270716,6.7985997647047,121.672354079783,0,870.488278895617,0,0,0,0,0,0,0,0,0,0,0,83.4756962805986,0,457.813690453768,614.191393494606,0,0,1545.32936355472,0.626890242099762,9.59205675125122,3.17937815189362,16.4833899587393,0,2.15578657388687,0,28.6849302202463,76.2486567348242,34.5602645874023,0,0,0,0,0,0,0,208.338250927627,0,0.965535014867783,0,2.02352404594421,0,0,704.933845475316,0,0,0,0,0,0,0,0,0,6.55431088805199,2.4528768658638,340.233371436596,0,907.263431057334,132.33496633172,15545.8293435946,0,1465.57717519999,3201.94703543186,16.5388181656599,160.319024369121,0,2.55123898386955
0,3.36061292886734,0,0.423046126961708,0,0,0,0,0,12.8028295040131,0,449.897129297256,0,0,0,0,0,0,0,45.408652305603,0,1066.48739244044,0,268.451753392816,2.63274535536766,0,0,0,0,189.446652442217,0,0,0,89.6214801073074,0,1475.5744060874,0,0,40.0006804913282,0,0,10.8989483118057,0,0,0,0,0,109.819055303931,1.16503217816353,38.8535395115614,0,0,0,0,0,153.895168885589,0,202.565518066287,0,0,0,0,66.2304165363312,0,709.662786096334,0,173.053447410464,5.89391094446182,0,0,0,0,100.552228286862,0,0,0,202.08799919486,0,980.795933961868,0,10766.8372438103,119.012586146593,688.047794774175,42.2839106321335,232.77814887464,0,0
1.30043089389801,0,2.01828335225582,0,0,0,0,0,0.537106424570084,0,790.754497051239,0,0,0,0,0,0,0,7.49266894161701,0,504.054313451052,0,234.285742744803,0,171.18737526238,0,0,0,48.7545360922813,0,32.5569975078106,0,0,13.0992337763309,219.505093872547,0,1545.32936355472,40.0006804913282,0,0,0,0,46.835468813777,0,0,0,13.8863468915224,92.0763971507549,94.7586466223001,0,0,0,0,0,5.91471283137798,0,143.290344670415,0,2.61298871040344,0,0.66348922252655,0,0,201.226596191525,0,479.789132714272,0,446.774394959211,0,0,0,1.04254660010338,0,66.8134342581034,0,0,80.0038150250912,50.7854847759008,0,630.685167342424,0.481656461954117,14598.1917035282,1255.22103786469,37.296051427722,88.770212456584,0,0
0,0,0,2.48230992257595,0,0,0,0,0,0,0,0,0,0,0,0,17.7754749059677,40.9274428337812,443.454545795918,0,0,0,0,0,0,0,0,0,0,0,0,0,0,0,0,18.7020263075829,0.626890242099762,0,0,0,5.59396982192993,1703.42019212246,3.29794347286224,1.76758182048798,0.273311197757721,52.3315865248442,0,30.0609219074249,11.1890526115894,313.576951786876,0,0,0,0,0,0,0,1.96054282784462,0,0,0,0,94.1683735400438,1.23894846439362,0,0,0,0,0,0,0,0,0.569214671850204,0,0.416028678417206,0,3.93916061520576,0,560.183693058789,4.81895899772644,1.5949704349041,0,96.7330609709024,0,875.671963907778,138.075998313725,0
2.52153205871582,0,1.07121455669403,0,0,0,0,0,0.204724445939064,0,0,0,0,0,0,0,14.6447197943926,2.13642820715904,166.248594105244,0,0.98418653011322,0,0,0,0,0,0,0,0,0,0,0,0,0,0,0,9.59205675125122,0,0,5.59396982192993,0,0,242.879987090826,0,9.11832571029663,2.12722015380859,27.5081069171429,98.7342387735844,2231.27202412486,35.7925032675266,0,0,0,0,0,0,17.4051705375314,0,0.371053218841553,0,0,0,0,59.1686554551125,0,0,0,0,0,0,0,0,0,3.91043898463249,0,0,0,0,4.50885704159737,1696.5174369961,0,54.4739583730698,61.5288819223642,0,811.163369625807,0,55.4158254861832
0,101.66793589294,0,57.7914379835129,0,0,0,0,0,35.2878785431385,0,0,0,0,0,0,16.4775856733322,103.028229787946,1102.32952523232,0,0,0,0,1.49660956859589,0,0,0,0,0,0,0,0,0,0,0,34.8283845335245,3.17937815189362,10.8989483118057,0,1703.42019212246,0,0,192.467449724674,12.6186123490334,2.25768059492111,93.4741473793983,4.31248557567596,593.90933573246,0,521.891348049045,0,0,0,0,0,1.95773079991341,0,167.499932348728,0,0,0,0,253.318396508694,0.477519854903221,0,0,0,0,0,0,3.93916058540344,0,210.486794918776,0,0,0,7.38223278522491,0,1556.1775316149,1.18287666141987,353.637675702572,2.96065759658813,2316.97070059925,0,4075.68300287426,945.780420973897,3.60571980476379
9.77413555979729,0,18.2115840613842,0,2.41170954704285,0,0,0,83.3605624586344,0,0,0,0,0,0,0,50.3505610525608,26.9123246520758,694.204666383564,0,1.31305480003357,0,0,0,18.2924551814795,0,0,0,0,0,0,0,0,0,0,0,16.4833899587393,0,46.835468813777,3.29794347286224,242.879987090826,192.467449724674,0,0.799501493573189,116.428275763988,0,956.394254103303,135.972246855497,557.510160595179,0,6.16810470819473,0,0,0,5.55404925346375,0,366.12753662467,0,70.0896053016186,0,6.42941622436047,0,3.88299170136452,514.933134645224,0,0,0,2.51206494867802,0,0,0,28.4758566617966,0,168.790107488632,0,0,0,1.82186961174011,15.4093582928181,1140.93505572528,0,44.0426680147648,1548.98239224404,25.7651212513447,4201.03312724829,1.79199601709843,552.933470770717
0,0,0,0,0,0,0,0,0,0,0,0,0,0,0,0,0,0.212236344814301,1.61993318796158,0,0,0,0,0,0,0,0,0,0,0,0,0,0,0,0,0,0,0,0,1.76758182048798,0,12.6186123490334,0.799501493573189,0,0,0,0,0,0,0,0,0,0,0,0,0,0,0,0,0,0,0,0,0,0,0,0,0,0,0,0,0,0,0,0,0,0,0,3.46274784207344,0,0,0,14.0501688122749,0,0,0,0
0,0,0,0,0,0,0,0,0,0,0,0,0,0,0,0,1.06938982009888,5.38671772181988,118.672091051936,0,1.67873704433441,0,0,0,0,0,0,0,0,0,0,0,0,0,0,0,2.15578657388687,0,0,0.273311197757721,9.11832571029663,2.25768059492111,116.428275763988,0,0,0,15.874056905508,0,0.456810057163239,0,0,0,0,0,0,0,0,0,0,0,0,0,0,11.4973493665457,0,0,0,0,0,0,0,0,0,1.53182625770569,0,0,0,0,1.91362155973911,41.4708970040083,0,1.09007108211517,114.896359905601,0,55.8222561478615,0,4.32121378183365
0,0,0,0,0,0,0,0,0,0,0,0,0,0,0,0,4.52031435072422,4.04176040738821,42.3720703423023,1.57049086689949,0,0,0,0,0,0,0,0,0,0,0,0,0,0,0,109.748164199293,0,0,0,52.3315865248442,2.12722015380859,93.4741473793983,0,0,0,0,0.745222628116608,0,0,0.287407964468002,0,0,0,0,0,0,0,12.8610309660435,0,0,0,0,1046.47529345006,0,0,0,0,0,0,0,0.148003220558167,0,8.61472707241774,0,0,0,4.31140179932117,0,1683.62484690547,0,47.4599205553532,0,7.99324440956116,0,833.343054614961,0.127499893307686,0
0,0,0,0,0,0,0,0,3.4040619134903,0,0,0,0,0,0,0,31.9383518248796,30.3002377673984,359.812393456697,0,18.1640798076987,0,0,0,0.645157396793365,0,0,0,0,0,0,0,0,0,0,0.732135057449341,28.6849302202463,0,13.8863468915224,0,27.5081069171429,4.31248557567596,956.394254103303,0,15.874056905508,0.745222628116608,0,0,2.40217137336731,0,0,0,0,0,0,0,26.0613204017282,0,0,0,0,0,1.60697329044342,908.271583348513,0,0,0,0,0,0,0,0,0,8.63962372392416,0,0,0,0,8.50214017927647,374.565323770046,0,46.9808522760868,108.579774528742,0,570.144409544766,0.421477422118187,3.4257630109787
0,0,0,0,0,0,0,0,0,0,0,0,0,0,0,0,0,0,0,0,0,0,0,2.94986924529076,7.13654319941998,0,0,0,0,0,0,899.209373787045,59.361611187458,367.212645679712,215.01085858047,367.213159769773,76.2486567348242,109.819055303931,92.0763971507549,30.0609219074249,98.7342387735844,593.90933573246,135.972246855497,0,0,0,0,0,2677.37115214765,2003.78443704545,0,0,0,0,0.405518084764481,0,0,0,0,0,0,0,0,0,0,0,3.94957536458969,18.2055421769619,0,0,0,0,0,0,153.238050580025,158.500347793102,348.712174162269,745.162287980318,966.30674803257,707.255080521107,117.146704345942,1001.78303676844,1465.78469833732,0,862.618465796113,0,0
347.778715610504,0,43.9421552121639,0,4.83598709106445,0,0,0,37.3952786922455,0,0,0,0,0,0,0,0,0,0,0,0,0,20.2396503984928,0,39.0668203979731,0,0,0,0,0,0,25.9832805991173,0,1.24113368988037,5.41728603839874,0,34.5602645874023,1.16503217816353,94.7586466223001,11.1890526115894,2231.27202412486,0,557.510160595179,0,0.456810057163239,0,2.40217137336731,2677.37115214765,0,280.029390767217,0,0,0,0,37.0508715212345,0,17.921532958746,0,44.8188554346561,0,112.568206369877,0,0,2.54489326477051,0,4.77275463938713,0,150.652507975698,0,14.0633501708508,0,0,0,2.34718844294548,11.8673496246338,32.4562535583973,0,58.046665340662,0,2093.26109372079,0,328.907275289297,553.79019472748,0,854.750060856342,0,0
0,53.9938844740391,0,66.7338201254606,0,0,0,0,0,8.66142994165421,0,0,0,0,0,0,0,0,0,0,0,36.6677416115999,0,15.0135658383369,0,0,0,0,0,0,0,19.5639986395836,0,0.514764487743378,0,3.65952189266682,0,38.8535395115614,0,313.576951786876,35.7925032675266,521.891348049045,0,0,0,0.287407964468002,0,2003.78443704545,280.029390767217,0,0,0,0,0,0,30.0173173546791,0,34.698224067688,0,2.80514931678772,0,0,0.575964868068695,0,139.922916933894,0,102.613954916596,0,85.0676156878471,0,5.24553716182709,0,48.5265898704529,0,0,0,28.7592488825321,0,167.62874288857,0,304.161545708776,0,85.5983640551567,0,1041.4418310076,13.732815682888,0
0,0,40.667734965682,0,527.977826580405,0,304.937781155109,0,2.08944070339203,0,0,0,0,0,6.84397840499878,0,0,0,0,0,3.21797966957092,0,0,0,0,0,0,0,0,0,0,0,0,0,0,0,0,0,0,0,0,0,6.16810470819473,0,0,0,0,0,0,0,0,0,24.5665798187256,0,1.94714778661728,0,68.4930117875338,0,150.952398061752,0,108.961023032665,0,0,0,0,0,0,0,0,0,0,0,0,0,0,0,0,0,0,0,0,0,284.31778344512,0.369129657745361,60.583144530654,0,0
0,0,0,63.4038808047771,0,909.57767650485,0,116.214601844549,0,1.85525929927826,0,20.7503869533539,0,0,0,1.09487491846085,0,0,0,2.26279550790787,0,0,0,0,0,0,0,0,0,0,0,0,0,0,0,0,0,0,0,0,0,0,0,0,0,0,0,0,0,0,0,0,0,128.279723674059,0,15.3290603756905,0,257.901764899492,0,20.13802754879,0,9.4223667383194,46.714443564415,0,0,0,0,0,0,0,0,0,0,0,0,0,0,0,0.47951403260231,0,0,0,268.128027677536,27.1190324723721,16.1503185331821,0,0
0,0,0,0,7.20058861374855,0,201.950210034847,0,0,0,3.76501026749611,0,3.0831686258316,0,0,0,0,0,0,0,0,0,0,0,0,0,0,0,0,0,0,0,0,0,0,0,0,0,0,0,0,0,0,0,0,0,0,0,0,0,24.5665798187256,0,0,0,0,0,92.9489599317312,0,33.7170557081699,0,0,0,0,0,0,0,0,0,0,0,0,0,0,0,0,0,0,0,0,0,0,0,41.9773889183998,0,0,0,0
0,0,0,0,0,31.8987178206444,0,252.439680159092,0,0,0,1.23160040378571,0,0,0,0,0,0,0,0,0,0,0,0,0,0,0,0,0,0,0,0,0,0,0,0,0,0,0,0,0,0,0,0,0,0,0,0,0,0,0,128.279723674059,0,0,0,0,0,317.010753914714,0,0,0,0,22.119034871459,0,0,0,0,0,0,0,0,0,0,0,0,0,0,0,1.51806619763374,0,0,0,0,0,3.42968602478504,0,0
57.1423035413027,0,36.6152155548334,0,7.28739190101624,0,0,0,1115.58681832254,0,0,0,0,0,1.16546818614006,0,4.19952517747879,0,0,0,0,0,0,0,226.517490580678,0,0,0,0,0,0,0,0,0,0,0,0,0,5.91471283137798,0,0,0,5.55404925346375,0,0,0,0,0.405518084764481,37.0508715212345,0,1.94714778661728,0,0,0,0,0,68.6330691576004,0,9.71069076657295,0,95.1821883916855,0,0,0.570814996957779,0,0,0,235.884046331048,0,21.4775764644146,0,0,0,2.13294315338135,0,0,0,0,0,0.217778697609901,0,1.28116449713707,32.9180056452751,3.61387604475021,60.3562652170658,0,0
0,447.7217784971,0,50.5672714710236,0,50.5253798365593,0,0,0,856.091436609626,0,0,0,0,0,83.1554638147354,0,28.221687078476,0,0,0,0,0,54.2368145287037,0,23.7784697115421,0,0,0,0,0,0,0,0,0,0,0,153.895168885589,0,0,0,1.95773079991341,0,0,0,0,0,0,0,30.0173173546791,0,15.3290603756905,0,0,0,0,0,0.493252277374268,0,0,0,238.827614948153,0,0,0,0,155.977227956057,0,16.1060621589422,0,0,0,0.181979954242706,0,0,0,0,0,0,0,451.629527658224,0,67.7547584176064,0,62.3422282338142,1.73156428337097,0
2.25261378288269,0,135.967714980245,0,12.5439014583826,0,103.93753361702,0,130.924800112844,0,3581.46133759618,0,27.4382753819227,0,0,0,5.31654563546181,2.17355237901211,26.8359968066216,0,278.492808148265,0,0,0,2.71530075371265,0,0,0,0,0,84.2447973787785,0,0,0,0,0,208.338250927627,0,143.290344670415,0,17.4051705375314,0,366.12753662467,0,0,0,26.0613204017282,0,17.921532958746,0,68.4930117875338,0,92.9489599317312,0,68.6330691576004,0,0,0,259.12258143723,0,222.246007978916,0,0,560.262433707714,0,0,0,0,0,0,0,0,0,277.476400882006,0,0,0,0,0.611959278583527,359.769739404321,0,6.79766428470612,812.193749807775,0.860310256481171,1219.10742539167,0,37.8052126318216
0,10.8965669721365,0,24.452524960041,0,20.0572302937508,0,248.580865219235,0,3.20131100714207,0,2706.68955913186,0,75.2297410964966,0,0,0,0,7.34963814914227,50.4753853082657,0,0,0,0,0,0,0,3.01090955734253,0,100.109047606587,0,0,0,0,0,2.36800289154053,0,202.565518066287,0,1.96054282784462,0,167.499932348728,0,0,0,12.8610309660435,0,0,0,34.698224067688,0,257.901764899492,0,317.010753914714,0,0.493252277374268,0,0,0,181.566878125072,0,4.83077734708786,632.637040570378,0,0,0,0,0,0,0,52.6001797616482,0,592.434659704566,0,0,0,0,0,57.2642040848732,0,25.640178501606,0,147.639626964927,0,627.820137903094,7.99632298946381,0
13.1755883097649,0,30.359694480896,0,55.9591789841652,0,449.604280844331,0,37.6253482550383,0,21.3666439652443,0,761.899438768625,0,210.308736234903,0,0,0,0.222406566143036,0,0,0,0,0,2.22563681006432,0,108.407420575619,0,12.4578216075897,0,0,0,0,0,0,0,0.965535014867783,0,2.61298871040344,0,0.371053218841553,0,70.0896053016186,0,0,0,0,0,44.8188554346561,0,150.952398061752,0,33.7170557081699,0,9.71069076657295,0,259.12258143723,0,0,0,72.4628623425961,0,0,4.00852021574974,0,0,0,0,0,37.4290033578873,0,22.0852253437042,0,0.898055553436279,0,0,0,0,0,5.63681548833847,0,0,86.6766028255224,30.2917373627424,299.848420739174,0,0
0,0,0,24.5915180444717,0,0,0,0,0,0,0,564.405002787709,0,379.919627591968,0,0,0,0,0,0,0,0,0,0,0,0,0,2.44964677095413,0,0,0,0,0,0,0,0,0,0,0,0,0,0,0,0,0,0,0,0,0,2.80514931678772,0,20.13802754879,0,0,0,0,0,181.566878125072,0,0,0,3.67254877090454,0,0,0,0,0,0,0,0,18.6419697999954,0,0,0,0,0,0,0,0,0,0,0,23.2054297327995,0,0,0,0
42.2877241373062,0,48.4498694837093,0,200.070282518864,0,0,0,735.552672103047,0,0,0,4.04564839601517,0,618.231050416827,0,0,0,0,0,0.376079618930817,0,0,0,95.9503676146269,0,19.023166179657,0,0,0,0,0,0,0,0,0,2.02352404594421,0,0.66348922252655,0,0,0,6.42941622436047,0,0,0,0,0,112.568206369877,0,108.961023032665,0,0,0,95.1821883916855,0,222.246007978916,0,72.4628623425961,0,0,0,0,3.38918194174767,0,0,0,28.7132275551558,0,1.26088857650757,0,0,0,0,0,0,0,0,0,1.49450397491455,0,0,318.755026459694,1.67104744911194,85.6849567294121,0,0
0,123.362900003791,0,69.9667373895645,0,7.92450594902039,0,0,0,86.623965010047,0,1.7481649518013,0,18.5661172866821,0,91.1520498991013,1.87416073679924,109.670899882913,0,0,0,0,0,0,0,0,0,0,0,0,0,0,0,0,0,0,0,0,0,0,0,0,0,0,0,0,0,0,0,0,0,9.4223667383194,0,0,0,238.827614948153,0,4.83077734708786,0,3.67254877090454,0,0,0,0,0,0,45.6216364502907,0,29.1368498504162,0,0,0,0,0,0,0,0,0,0,0,0,0,1.64604526758194,0,1.73416984081268,0,0
0,0,0,0.867729008197784,0,1.4956887960434,0,8.38014355301857,0,0,0,58.658096447587,0,0,0,0,8.07928308844566,20.6431804150343,137.956954658031,525.795137964189,0,0,0,0,0,0,0,0,0,0,0,0,0,0,0,944.543046891689,0,66.2304165363312,0,94.1683735400438,0,253.318396508694,3.88299170136452,0,0,1046.47529345006,1.60697329044342,0,0,0.575964868068695,0,46.714443564415,0,22.119034871459,0,0,0,632.637040570378,0,0,0,0,0,1.06896790862083,0,0,0,0,0,0,7.11880449950695,0,140.134436018765,0,0,0,0,0,1348.93617423624,0.974211156368256,32.0714884027839,0.186927452683449,119.825966581702,0,1278.37243442982,2.35908196866512,0
0.173746973276138,0,0.53089839220047,0,0,0,0,0,9.91699296236038,0,6.23838073015213,0,0,0,0,0,25.9790725409985,26.7293475419283,316.766512788832,0,1520.96120738983,0,0,0,0,0,0,0,0,0,0,0,0,0,0,0,704.933845475316,0,201.226596191525,1.23894846439362,59.1686554551125,0.477519854903221,514.933134645224,0,11.4973493665457,0,908.271583348513,0,2.54489326477051,0,0,0,0,0,0.570814996957779,0,560.262433707714,0,4.00852021574974,0,3.38918194174767,0,1.06896790862083,0,0,0,0,0,0,0,0,0,0,158.254520133138,0,0,0,0,11.1356799304485,1121.88566812873,0,344.785465888679,261.356576770544,0.629097759723663,1062.62348106503,2.97341275215149,9.44339746236801
0,0,0,0,0,0,0,0,0,0,0,0,0,0,0,0,0.167159080505371,36.0279914140701,0.350258409976959,0,0,5590.02010963857,0,55.686253786087,0,0,0,33.7999470829964,0,0,0,0,0,0,0,0,0,709.662786096334,0,0,0,0,0,0,0,0,0,0,0,139.922916933894,0,0,0,0,0,0,0,0,0,0,0,0,0,0,0,0,366.244379326701,0,101.775949954987,0,72.9556178748608,0,2.17080014944077,0,0,0,0,0,0,0,339.194938406348,0,216.434135004878,0,0,0,0
0,0,0,0,0,0,0,0,0,0,0,0,0,0,0,0,0,0,0,0,0,1,7898.54742255062,0,7.3074776828289,0,164.462783187628,0,7.19397947192192,0,0,0,0,0,0,0,0,0,479.789132714272,0,0,0,0,0,0,0,0,0,4.77275463938713,0,0,0,0,0,0,0,0,0,0,0,0,0,0,0,0,0,0,194.457721561193,0,431.209676004946,0,522.672024250031,0,0,0,0,0,0,0,0,0,272.83779156208,86.4695129096508,0,0,0,0
0,0,0,0,0,0,0,0,0,0.400731444358826,0,0,0,0,0,0.48580276966095,0,7.12340748310089,0,0,0,70.7028405964375,0,452.174484148622,0,42.5961496829987,0,0,0,0,0,0,0,0,0,0,0,173.053447410464,0,0,0,0,0,0,0,0,0,3.94957536458969,0,102.613954916596,0,0,0,0,0,155.977227956057,0,0,0,0,0,45.6216364502907,0,0,366.244379326701,0,0,0,253.109859496355,0,0,0,0,0,0,0,0,0,0,0,371.752605065703,0,11.5576483160257,0,12.7391906380653,0,0
0,0,0,0,0,0,0,0,2.6804528683424,0,0,0,0,0,6.04286548495293,0,5.33841387927532,7.92171764373779,0,0,0,0,8.43195761740208,0,305.771466001868,0,30.7919872403145,0,0,0,0,0,0,0.501206591725349,0.630911111831665,0,0,5.89391094446182,446.774394959211,0,0,0,2.51206494867802,0,0,0,0,18.2055421769619,150.652507975698,0,0,0,0,0,235.884046331048,0,0,0,0,0,28.7132275551558,0,0,0,0,194.457721561193,0,0,0,231.330160215497,0,0,0,0,0,0,0,0,0,0,0,301.09463083744,43.6218759119511,3.09629134833813,17.1884057074785,0,0
0,0,0,0,0,0,0,0,0,0,0,0,0,0,0,0,7.7032754868269,124.288152083755,2.02262210845947,0,0,4.56019830703735,0,81.9455377757549,0,190.620452180505,0,28.9065816402435,0,0,0,0,0,0,0,0,0,0,0,0,0,0,0,0,0,0,0,0,0,85.0676156878471,0,0,0,0,0,16.1060621589422,0,0,0,0,0,29.1368498504162,0,0,101.775949954987,0,253.109859496355,0,0,0,68.7008831202984,0,0,0,0,0,0,0,0,0,0,0,87.281501531601,0,0,0,0
0,0,0,0,0,0,0,0,18.4861644208431,0,0,0,7.90925496816635,0,9.69174119830132,0,20.6362714469433,12.2013261020184,0,0,0,0,5.75328400731087,0,367.526735961437,0,338.589671373367,0,7.80386531352997,0,0,0,0,0,0,0,0,0,0,0,0,0,0,0,0,0,0,0,14.0633501708508,0,0,0,0,0,21.4775764644146,0,0,0,37.4290033578873,0,1.26088857650757,0,0,0,0,431.209676004946,0,231.330160215497,0,0,0,151.465149089694,0,0,0,0,0,0,0,0,0,0,35.1564726382494,0,0,0,0
0,0,0,0.172046914696693,0,0,0,0,0,0,0,97.1754927635193,0,113.975706934929,0,0,0,1.61645865440369,0,0,0,19.4463773816824,0,0,0,142.183460593224,0,1080.41560468078,0,24.3054900169373,0,0,0,0,0,0,0,0,0,0,0,3.93916058540344,0,0,0,0.148003220558167,0,0,0,5.24553716182709,0,0,0,0,0,0,0,52.6001797616482,0,18.6419697999954,0,0,7.11880449950695,0,72.9556178748608,0,0,0,68.7008831202984,0,0,0,493.486619502306,0,0,0,0,0,0.8493941873312,0,255.409146338701,0,31.2808049023151,0,3.22120267152786,0,0
0,0,0,0,0,0,0,0,2.06986597180367,0,0,0,0.528738617897034,0,0,0,0,0,0.172540113329887,0,0,0,0.745548158884048,0,0,0,178.375204667449,0,935.207753702998,0,111.88960519433,0,0,0,0,0,0,0,1.04254660010338,0,0,0,28.4758566617966,0,0,0,0,0,0,0,0,0,0,0,0,0,0,0,22.0852253437042,0,0,0,0,0,0,522.672024250031,0,0,0,151.465149089694,0,0,0,258.138413667679,0,0,0,0,0,0,0,4.35444706678391,46.4022964984179,0,17.7789979279041,0,0
0,0.336469084024429,0,13.569445669651,0,2.95561289787292,0,0,0,0.821232318878174,0,95.1175171583891,0,0,0,0,0,0.1822759360075,17.0844821035862,0,0,0,0,0,0,0,0,71.8595203757286,0,408.286680281162,0,0,0,0,0,0,0,100.552228286862,0,0.569214671850204,0,210.486794918776,0,0,0,8.61472707241774,0,0,0,48.5265898704529,0,0,0,0,0,0.181979954242706,0,592.434659704566,0,0,0,0,140.134436018765,0,2.17080014944077,0,0,0,0,0,493.486619502306,0,0,0,0,0,0,0,10.5112372338772,0,1594.50807507336,0,74.7230214774609,0,714.879819393158,24.5601292103529,0
0,0,4.42352199554443,0,0,0,0,0,8.2867047637701,0,267.560634493828,0,0,0,0,0,6.28577150404453,0,11.1868168115616,0,98.0460686981678,0,0,0,0,0,0,0,79.36685295403,0,771.892617717385,0,0,0,0,0,6.55431088805199,0,66.8134342581034,0,3.91043898463249,0,168.790107488632,0,1.53182625770569,0,8.63962372392416,0,2.34718844294548,0,0,0,0,0,2.13294315338135,0,277.476400882006,0,0.898055553436279,0,0,0,0,158.254520133138,0,0,0,0,0,0,0,258.138413667679,0,0,0,0,0,0,0.291021510958672,39.0458069220185,0,1272.71455848962,372.147091910243,0,479.454002603889,0,42.5360173881054
0,0,0,0,0,0,0,0,0,0,0,0,0,0,0,0,0,0,0,0,0,0,0,0,0,0,0,0,0,0,0,1033.06377449632,20.6126314997673,1.56283143162727,0,748.633880935609,2.4528768658638,0,0,0.416028678417206,0,0,0,0,0,0,0,153.238050580025,11.8673496246338,0,0,0,0,0,0,0,0,0,0,0,0,0,0,0,0,0,0,0,0,0,0,0,0,0,0,0,833.725305944681,0,795.905827522278,0,0,0,169.174948245287,0,0,0,0
0,0,0,0,0,0,0,0,0,0,0,0,0,0,0,0,0,0,0,0,0,0,0,0,0,0,0,0,0,0,0,18.3780245780945,1285.4281771183,0,56.5856618583202,0,340.233371436596,0,0,0,0,0,0,0,0,0,0,158.500347793102,32.4562535583973,0,0,0,0,0,0,0,0,0,0,0,0,0,0,0,0,0,0,0,0,0,0,0,0,0,0,0,0,554.49125893414,0,616.868970230222,0,0,239.48629745841,0,0,0,0
0,0,0,0,0,0,0,0,0,0,0,0,0,0,0,0,0,0,5.45181781053543,0,0,0,0,0,0,0,0,0,0,0,0,195.61625008285,3.9485194683075,2722.16692508757,206.404207840562,1179.32879085839,0,202.08799919486,80.0038150250912,3.93916061520576,0,7.38223278522491,0,0,0,4.31140179932117,0,348.712174162269,0,28.7592488825321,0,0,0,0,0,0,0,0,0,0,0,0,0,0,0,0,0,0,0,0,0,0,0,0,833.725305944681,0,0,0.492060512304306,966.8002968207,0,720.062597468495,9.74638850986958,880.908474013209,0,2.25762009620667,0,0
0,0,0,0,0,0,0,0,0,0,0,0,0,0,0,0,0,0,0,0,0,0,0,0,0,0,0,0,0,0,0,0,49.0127293169498,144.393521308899,1587.46888044477,0,907.263431057334,0,50.7854847759008,0,0,0,1.82186961174011,0,0,0,0,745.162287980318,58.046665340662,0,0,0,0,0,0,0,0,0,0,0,0,0,0,0,0,0,0,0,0,0,0,0,0,0,0,554.49125893414,0.492060512304306,0,0,94.1667624115944,0,685.522091113031,101.207629561424,0,0,0,0
0,0,0,5.35620877146721,0,0,0,0,0.142257452011108,0.325403362512589,0,41.7916256636381,0,0,0,0,75.1183379143476,137.715344116092,1452.7452454865,183.915286645293,0,0,0,0,0,0,0,0,0,0,0,183.496573597193,3.34135150909424,104.832553118467,0,16147.3951908201,132.33496633172,980.795933961868,0,560.183693058789,4.50885704159737,1556.1775316149,15.4093582928181,3.46274784207344,1.91362155973911,1683.62484690547,8.50214017927647,966.30674803257,0,167.62874288857,0,0.47951403260231,0,1.51806619763374,0,0,0.611959278583527,57.2642040848732,0,0,0,0,1348.93617423624,11.1356799304485,0,0,0,0,0,0,0.8493941873312,0,10.5112372338772,0.291021510958672,795.905827522278,0,966.8002968207,0,0,34.6653646528721,1478.37171640992,1.4581224322319,1820.35116429627,29.0470093488693,1796.96297201514,47.5522091835737,0
4.68454149365425,0,0.442410528659821,0,0,0,4.81928777694702,0,0.779036656022072,0,7.54944407939911,0,0,0,0,0,92.2025264650583,83.4082845598459,1431.71841982007,0,278.090262711048,0,0,0,0,0,0,0,0,0,0,0,144.188715517521,0,189.496974825859,94.3648191690445,15545.8293435946,0,630.685167342424,4.81895899772644,1696.5174369961,1.18287666141987,1140.93505572528,0,41.4708970040083,0,374.565323770046,707.255080521107,2093.26109372079,0,0,0,0,0,0.217778697609901,0,359.769739404321,0,5.63681548833847,0,1.49450397491455,0,0.974211156368256,1121.88566812873,0,0,0,0,0,0,0,0,0,39.0458069220185,0,616.868970230222,0,94.1667624115944,34.6653646528721,0,0,2108.64124061167,1188.30576019734,0.718849122524261,1427.73363979161,0.290301859378815,78.7762717455626
0,0.3065125644207,0,0,0,0,0,0,0,11.2309789210558,0,56.2690623104572,0,0,0,0,0,0,4.64687377214432,1.43400280177593,0,170.967056661844,0,58.4554762095213,0.246397510170937,0,0,0,0,90.006982639432,0,0,0,230.262279555202,0,274.526491418481,0,10766.8372438103,0.481656461954117,1.5949704349041,0,353.637675702572,0,0,0,47.4599205553532,0,117.146704345942,0,304.161545708776,0,0,0,0,0,451.629527658224,0,25.640178501606,0,0,0,0,32.0714884027839,0,339.194938406348,0,371.752605065703,0,0,0,255.409146338701,0,1594.50807507336,0,0,0,720.062597468495,0,1478.37171640992,0,0,1.28397965431213,826.949412986636,0,406.048878505826,0,0
0,0,0,0,0,0,0,0,0,0,36.7954003810883,0,0,0,0,0,10.3595654070377,6.65095344185829,83.8650813400745,0,53.9052221477032,0,43.735304042697,0,53.1961924880743,0,0,0,89.6853670477867,0,39.1859427839518,0,0,38.346786737442,333.934684559703,0,1465.57717519999,119.012586146593,14598.1917035282,0,54.4739583730698,2.96065759658813,44.0426680147648,0,1.09007108211517,0,46.9808522760868,1001.78303676844,328.907275289297,0,0,0,0,0,1.28116449713707,0,6.79766428470612,0,0,0,0,0,0.186927452683449,344.785465888679,0,272.83779156208,0,301.09463083744,0,0,0,4.35444706678391,0,1272.71455848962,0,0,9.74638850986958,685.522091113031,1.4581224322319,2108.64124061167,1.28397965431213,0,727.785225704312,46.6955986768007,85.9203259646893,0,10.3449319005013
