0,0,164.528118483722,0,0,0,0,0,411.518008172512,0,0,0,0,0,15.4506574869156,0,0,0,164.04975438118,0,0.243793129920959,0,0,0,8.02427816390991,0,0,0,0,0,0,0,0,0,0,0,0,0,13.7328417599201,0,2.41593851149082,0.620556071400642,152.927508369088,0,14.9626171588898,0.132987454533577,37.263456761837,0,287.31084805727,0,0,0,0,0,217.417915642262,0,60.4878650456667,0,11.700697183609,0,9.04720121622086,0,0,14.9361594319344,0,0,0,27.8455440998077,0,0,0,0,0,2.76651054620743,0,0,0,0,0.22465406358242,35.9129664227366,0,44.7477958798409,108.800815165043,0,691.063265234232,0,0
0,0,0,0,0,0,0,0,0,0,0,0,0,0,0,0,0,0,0,0,0,0,0,0,0,0,0,0,0,0,0,0,0,0,0,0,0,0,0,0,0,6.09457463026047,0,0,0,0,0,0,0,24.9107176363468,0,0,0,0,0,60.231502994895,0,116.495642453432,0,116.385701455176,0,18.3796714544296,0,0,0,0,28.233633890748,0,5.35972967743874,0,0,0,0,0,0,0,0,0,0,0,0,0,3.31494037806988,0,244.942999012768,0.987138777971268,0
164.528118483722,0,0,0,0,0,0,0,3.61042019724846,0,0,0,0,0,0,0,0,0,12.1080111861229,0,0,0,0,0,0,0,0,0,0,0,0,0,0,0,0,0,0,0,0,0,4.42654877901077,0,85.8536488562822,0,0,0,13.2386654466391,0,33.4596674889326,0,0,0,0,0,2.3101569712162,0,5.79058676958084,0,0,0,0,0,0,5.61595246195793,0,0,0,0,0,0,0,0,0,0,0,0,0,0,0,3.53430306911469,0,0,0.763051711022854,0,1014.75363952667,0,0.488681614398956
0,0,0,0,0,138.783902823925,0,0,0,0,0,0,0,0,0,0,0,0,0.288494348526001,0,0,0,0,0,0,0,0,0,0,0,0,0,0,0,0,62.9016250967979,0,0,0,0,0,54.5239399969578,0,0,0,144.936570435762,0,0,0,0.319923490285873,0,0,0,0,0,0,0,0.521082773804665,0,0,0,0,0.197472855448723,0,0,0,0,0,0,0,0.143400996923447,0,0.31407742202282,0,0,0,0,0,0,0,0,0,207.868382632732,0,1131.96119661629,0.623537927865982,0
0,0,0,0,0,0,40.4207918047905,0,0,0,0,0,0,0,0,0,0,0,0,0,132.714402377605,0,0,0,0,0,0,0,0,0,0,0,0,0,0,0,24.406621336937,0,0,0,0,0,0,0,0,0,0,0,0,0,712.371739417315,0,41.1157146692276,0,0,0,0,0,20.3133125305176,0,0,0,0,13.7943340539932,0,0,0,0,0,0,0,0,0,0,0,0,0,0,0,0,0,0,846.564826220274,0,0,0,0
0,0,0,138.783902823925,0,0,0,0,0,19.7884494066238,0,1.85287702083588,0,0,0,0,0,0,0,0,0,0,0,0,0,0,0,0,0,0,0,0,0,0,0,1.91706252098083,0,0,0,0,0,0,0,0,0,3.68335753679276,0,0,0,0,0,431.917679458857,0,0,0,22.6758612394333,0,21.5019071996212,0,0,0,0,0,0,0,0,0,0,0,0,0,0,0,0,0,0,0,0,0,0,0,0,77.2170283794403,0,33.3364900350571,0,0
0,0,0,0,40.4207918047905,0,0,0,0,0,0,0,0,0,0,0,0,0,0,0,0,0,0,0,0,0,0,0,0,0,0,0,0,0,0,0,0,0,0,0,0,0,0,0,0,0,0,0,0,0,441.386826515198,0,249.57814180851,0,0,0,0,0,15.1257195472717,0,0,0,0,0,0,0,0,0,0,0,0,0,0,0,0,0,0,0,0,0,0,0,549.934489488602,1,0,0,0
0,0,0,0,0,0,0,0,0,0,0,10.9737589359283,0,0,0,0,0,0,0,8.30589318275452,0,0,0,0,0,0,0,0,0,0,0,0,0,0,0,0,0,0,0,0,0,0,0,0,0,0,0,0,0,0,0,0,0,13.1371014118195,0,0,0,28.4418287277222,0,0,0,0,4,0,0,0,0,0,0,0,0,0,0,0,0,0,0,0,0,0,0,0,0,0,0,0,0
411.518008172512,0,3.61042019724846,0,0,0,0,0,0,0,0,0,0,0,0,0,20.4484394192696,0,0.182680517435074,0,0,0,0,0,28.8209947347641,0,2,0,0,0,0,0,0,0,0,0,0,0,7.07798862457275,0,0,0,6.91650184988976,0,0,0,0,0,45.353868111968,0,0,0,0,0,205.459658920765,0,33.9795738011599,0,5.56130263209343,0,3.83604195713997,0,0,0,0,0,0,57.9870011210442,0,0,0,0,0,0,0,0,0,0,0,0,0,0,191.072130709887,0,141.010134190321,0,0
0,0,0,0,0,19.7884494066238,0,0,0,0,0,0,0,23.4125550985336,0,298.887781053782,0,0,0,0,0,0,0,7.03844964504242,0,0,0,0,0,0,0,0,0,0,0,0,0,21.1733418405056,0,0,0,0,0,0,0,0,0,0,0,0,0,0,0,0,0,47.855530500412,0,0,0,19.2602891921997,0,36.085763335228,0,0,0,0,0,0,0,0,0,0,0,0,0,0,0,0,0,0,4.35504244267941,0,157.644863307476,100.658592522144,0,0,0
0,0,0,0,0,0,0,0,0,0,0,0,70.8580286502838,0,0,0,0,0,6.13972809910774,0,1857.82123860717,0,0,0,0,0,0,0,28.675118803978,0,1.81390112638474,0,0,0,0,0,93.3913124650717,0,435.172433614731,0,0,0,1.13398921489716,0,1.27891898155212,0,17.6816772967577,0,0,0,0,0,0,0,0,0,845.524311617017,0,10.172073841095,0,0,0,0,337.489647388458,0,0,0,0,0,0,0,0,0,7.90903680026531,0,0,0,0,0,394.173998005688,0,469.497524738312,287.371657341719,0,3.03814581036568,0,0
0,0,0,0,0,1.85287702083588,0,10.9737589359283,0,0,0,0,0,646.860266983509,0,0,0,0,0,735.208774387836,0,0,0,0,0,0,0,429.072216808796,0,75.3875684142113,0,0,0,0,0,20.4972007274628,0,1136.68736061454,0,0,0,0,0,0,0,0,0,0,0,0,0,5.78743958473206,0,0,0,0,0,570.199557930231,0,69.3869005739689,0,0,101.725276470184,0,0,0,0,0,0,0,122.312888622284,0,91.5376570373774,0,0,0,0,0,368.02782022953,0,952.019898578525,0,290.631753027439,0,7.59876620769501,0,0
0,0,0,0,0,0,0,0,0,0,70.8580286502838,0,0,0,12.6881288290024,0,0,0,0,0,0,0,0,0,0,0,0,0,99.4236183166504,0,0,0,0,0,0,0,0,0,0,0,0,0,0,0,0,0,0,0,0,0,0,0,0,0,0,0,15.3717721700668,0,270.145218491554,0,43.7660375833511,0,0,0,0,0,0,0,0,0,0,0,0,8.79923033714294,0,0,0,0,0,0,0,0,69.8751397132874,0,0,0,0
0,0,0,0,0,0,0,0,0,23.4125550985336,0,646.860266983509,0,0,0,11.3627552390099,0,0,0,0,0,0,0,0,0,0,0,93.6144990921021,0,10.8264228105545,0,0,0,0,0,0,0,0,0,0,0,0,0,0,0,0,0,0,0,0,0,0,0,0,0,1.70349967479706,0,252.524735182524,0,15.4616713523865,0,1.01055467128754,0,0,0,0,0,0,0,0,20.3135559558868,0,1.6436271071434,0,0,0,0,0,0,0,0,0,0,0,0,0,0
15.4506574869156,0,0,0,0,0,0,0,0,0,0,0,12.6881288290024,0,0,0,128.595193207264,0,0,0,0,0,0,0,1,0,77.5445452332497,0,0,0,0,0,0,0,0,0,0,0,0,0,0,0,0,0,0,0,0,0,21.2574470937252,0,0,0,0,0,9.83071160316467,0,71.3916354775429,0,246.048868477345,0,98.9956240057945,0,0,0,0,0,0,0,0,0,0,41.0275236368179,0,0,0,0,0,0,0,0,0,0,31.9704242348671,0,0,0,0
0,0,0,0,0,0,0,0,0,298.887781053782,0,0,0,11.3627552390099,0,0,0,41.988849401474,0,0,0,0,0,0,0,1.3557151556015,0,0,0,0,0,0,0,0,0,0,0,0,0,0,0,0,0,0,0,0,0,0,0,0,0,0,0,0,0,12.0068112015724,0,0,0,208.945606321096,0,399.355628728867,0,0,0,0,0,0,0,0,0,0,0,0,0,0,0,0,0,0,0,0,63.9427701085806,0,0,0,0
0,0,0,0,0,0,0,0,20.4484394192696,0,0,0,0,0,128.595193207264,0,0,4810.06705720723,716.310368269682,0,0,0,1349.61849910021,0,0.859616696834564,0,313.502237647772,0,0,0,0,0,0,0,0,0,0,0,0,0,0,0,0,0,0,0,0,0,0,0,0,0,0,0,0,0,0,0,0,0,36.7831364274025,0,0,0,0,564.856522291899,0,9.35838687419891,0,413.02681016922,0,0,0,0,0,0,0,0,0,0,0,0,4769.12544819713,26.973356127739,0,0,0
0,0,0,0,0,0,0,0,0,0,0,0,0,0,0,41.988849401474,4810.06705720723,0,3311.706683442,0,0,422.338516950607,0,0,0,2196.45410077274,0,0,0,0,0,0,0,0,0,0,0,0,0,0,0,0,0,0,0,0,0,0,0,0,0,0,0,0,0,0,0,0,0,0,0,132.074985697865,0,0,436.692932575941,0,0,0,1286.15736858547,0,0,0,0,0,0,0,0,0,0,0,0,0,3944.91312578321,112.231097221375,0,0,0
164.04975438118,0,12.1080111861229,0.288494348526001,0,0,0,0,0.182680517435074,0,6.13972809910774,0,0,0,0,0,716.310368269682,3311.706683442,0,0,4.91995227336884,0,0,0,0,0,0,0,0,0,0,0,0,0,0,0,0,0,0,109.30394076556,119.054473288357,2876.71170070767,2179.24587678909,747.77725058794,1712.0184481144,1183.76734220982,52.9293382689357,1.47320768982172,41.2335339859128,11.1614507064223,0,0,0,0,0.500899910926819,0,13.5377567708492,0,0,0,0,0,0,130.493043914437,0,0,0,0,0,0,0,0,0,123.500736199319,0,0,0,0,230.07851126045,746.502344399691,0,1061.15077205747,6972.18540205806,23.2779084146023,5609.61944311857,174.943142920732,0.164676159620285
0,0,0,0,0,0,0,8.30589318275452,0,0,0,735.208774387836,0,0,0,0,0,0,0,0,0,0,0,0,0,0,0,0,0,0,0,0,0,0,0,882.916925102472,0,11.5278758704662,0,0,0,0,0,0,0,0,0,0,0,0,0,0,0,0,0,0,0,760.973064795136,0,0,0,0,351.674384266138,0,0,0,0,0,0,0,0,0,4.59104062616825,0,0,0,0,0,507.389805197716,0,27.2245755642653,0,308.118913888931,0,44.8633984178305,0,0
0.243793129920959,0,0,0,132.714402377605,0,0,0,0,0,1857.82123860717,0,0,0,0,0,0,0,4.91995227336884,0,0,0,0,0,0,0,0,0,0,0,0,0,0,0,0,0,827.722890585661,0,465.682804137468,0,0,0,0.887366890907288,0,0,0,13.9763445109129,0,0,0,0,0,0,0,0,0,335.309076905251,0,0,0,0,0,0,424.231789216399,0,0,0,0,0,0,0,0,0,10.8757446706295,0,0,0,0,0,2488.31450092793,0,382.973999723792,845.64245223254,0.153110668063164,32.122291572392,0,0
0,0,0,0,0,0,0,0,0,0,0,0,0,0,0,0,0,422.338516950607,0,0,0,0,2431.51551146805,66.1273790001869,0,305.507285356522,0,77.977069735527,0,0,0,0,0,0,0,0,0,1261.29466494918,69.5607753992081,0,0,0,0,0,0,0,0,0,0,121.466411963105,0,0,0,0,0,0,0,0,0,0,0,0,0,0,6595.45595571399,2171.46390628815,91.5085086971521,0,95.8808218240738,0,130.77205452323,0,0,0,0,0,0,0,0,0,717.837674722075,5.39842247962952,2361.07668082416,345.837417855859,0,0,0
0,0,0,0,0,0,0,0,0,0,0,0,0,0,0,0,1349.61849910021,0,0,0,0,2431.51551146805,0,0,386.256591364741,0,199.31920093298,0,24.8800883293152,0,0,0,0,0,0,0,0,0,1823.56327652931,0,0,0,0,0,0,0,0,0,449.083771333098,0,0,0,0,0,0,0,0,0,0,0,0,0,0,0,100.066326960921,20079.8365983889,0,643.909481078386,0,57.4738525748253,0,122.018259227276,0,0,0,0,0,0,0,0,0,1637.17483896017,4939.30189548433,408.282984703779,0,0,0
0,0,0,0,0,0,0,0,0,7.03844964504242,0,0,0,0,0,0,0,0,0,0,0,66.1273790001869,0,0,0,0,0,0,0,0,0,0,0,0,0,0,0,382.669632762671,0,0,0,0,0,0,0,0,0,0,0,1.74087291955948,0,0,0,0,0,3.49558678269386,0,0,0,0,0,0,0,0,248.974851563573,0,236.482226505876,0,6.76434633135796,0,0,0,0,0,0,0,0.494208008050919,0,0,0,93.475015103817,0,123.477198317647,0,0,0,0
8.02427816390991,0,0,0,0,0,0,0,28.8209947347641,0,0,0,0,0,1,0,0.859616696834564,0,0,0,0,0,386.256591364741,0,0,0,98.3177452087402,0,0,0,0,0,0,0,0,0,0,0,335.451446101069,0,0,0,0,0,0,0,0,0,6.36363506317139,0,0,0,0,0,115.789387226105,0,0,0,0,0,0,0,0,0,0,146.074685692787,0,1159.63944676518,0,0,0,0,0,0,0,0,0,0,0,0,0,700.044872909784,318.128351002932,0,6.92824602127075,0,0
0,0,0,0,0,0,0,0,0,0,0,0,0,0,0,1.3557151556015,0,2196.45410077274,0,0,0,305.507285356522,0,0,0,0,0,0,0,0,0,0,0,0,0,0,0,0,0,0,0,0,0,0,0,0,0,0,0,0,0,0,0,0,0,0,0,0,0,0,0,0,0,0,18.157909154892,0,0,0,222.459196120501,0,0,0,0,0,0,0,0,0,0,0,0,0,159.054927825928,0,0,0,0
0,0,0,0,0,0,0,0,2,0,0,0,0,0,77.5445452332497,0,313.502237647772,0,0,0,0,0,199.31920093298,0,98.3177452087402,0,0,0,68.1955354213715,0,0,0,0,0,0,0,0,0,0,0,0,0,0,0,0,0,0,0,2.17865824699402,0,0,0,0,0,0,0,0,0,8.61954474449158,0,9.14593106508255,0,0,0,0,103.118131577969,0,243.545872449875,0,712.134776413441,0,179.441739410162,0,0,0,0,0,0,0,0,0,0,293.130098283291,0,0,0,0
0,0,0,0,0,0,0,0,0,0,0,429.072216808796,0,93.6144990921021,0,0,0,0,0,0,0,77.977069735527,0,0,0,0,0,0,0,408.191227078438,0,0,0,0,0,0,0,707.874897122383,0,0,0,0,0,0,0,0,0,0,0,0,0,0,0,0,0,0,0,38.8541193008423,0,1.65919929742813,0,0,0,0,136.297058939934,0,0,0,0,0,483.204107418656,0,282.84413087368,0,0,0,0,0,0,0,237.494816154242,0,0,0,0,0,0
0,0,0,0,0,0,0,0,0,0,28.675118803978,0,99.4236183166504,0,0,0,0,0,0,0,0,0,24.8800883293152,0,0,0,68.1955354213715,0,0,0,0,0,0,0,0,0,0,0,208.369400650263,0,0,0,0,0,0,0,0,0,0,0,0,0,0,0,0,0,13.1422135829926,0,188.367423176765,0,9.42812919616699,0,0,0,0,52.5730502009392,0,0,0,6.50266695022583,0,2403.65445840359,0,52.5909033566713,0,0,0,0,0,0,0,62.9745219051838,967.464659005404,1.63843667507172,0,0,0
0,0,0,0,0,0,0,0,0,0,0,75.3875684142113,0,10.8264228105545,0,0,0,0,0,0,0,0,0,0,0,0,0,408.191227078438,0,0,0,0,0,0,0,0,0,231.621731549501,0,0,0,0,0,0,0,0,0,0,0,0,0,0,0,0,0,0,0,33.473592966795,0,0,0,0,0,0,0,0,0,0,0,0,1931.39607942104,0,587.593430951238,0,0,0,0,0,0,0,592.913292646408,0,0.664357602596283,0,0,0,0
0,0,0,0,0,0,0,0,0,0,1.81390112638474,0,0,0,0,0,0,0,0,0,0,0,0,0,0,0,0,0,0,0,0,0,0,0,0,0,0,0,0,0,0,0,0,0,0,0,0.528740271925926,0,0,0,0,0,0,0,0,0,1.00050410628319,0,0,0,0,0,0,2.20043528825045,0,0,0,0,0,0,0,0,0,38.3216483592987,0,0,0,0,0,3.4122259914875,0,22.2804215848446,0,0,1.21560490131378,0,0
0,0,0,0,0,0,0,0,0,0,0,0,0,0,0,0,0,0,0,0,0,0,0,0,0,0,0,0,0,0,0,0,2032.95023880899,42.4397353976965,13.9471484720707,919.977882660925,62.8773690462112,0,0,0,0,0,0,0,0,0.674999445676804,0,493.71595607698,0.468479335308075,0.991333812475204,0,0,0,0,0,0,0,0,0,0,0,0,0,0,0,0,0,0,0,0,0,0,0,0,709.111545458436,193.2830516994,49.2370138913393,2.41459910571575,1491.69953318685,10.9930357933044,2.34067456424236,2.49036377668381,209.780518889427,0,5.02272175252438,0,0
0,0,0,0,0,0,0,0,0,0,0,0,0,0,0,0,0,0,0,0,0,0,0,0,0,0,0,0,0,0,0,2032.95023880899,0,19.8925323486328,309.172716289759,247.704781129956,354.280552253127,0,0,0,0,0,0,0,0,0,0,4011.25255082548,100.785248279572,5.46438217163086,0,0,0,0,0,0,0,0,0,0,0,0,0,0,0,0,0,0,0,0,0,0,0,0,2767.32598152757,2331.68254899979,0,308.78202034533,448.146613940597,644.763164162636,0,0.91400220990181,232.921397969127,0,9.87558509409428,0,0
0,0,0,0,0,0,0,0,0,0,0,0,0,0,0,0,0,0,0,0,0,0,0,0,0,0,0,0,0,0,0,42.4397353976965,19.8925323486328,0,2690.69055685401,1175.61293581128,20.8155047893524,246.735444158316,111.985202655196,0,0,1.01210510730743,0,0,0,0,0,2882.83529219031,7.19382365047932,54.0137201100588,0,0,0,0,0,0,0,0,0,0,0,0,0,0,0,0,0,0,0,0,0,0,0,0,15.4478126317263,0,1870.82763521373,1364.02028866112,1357.49158234894,216.82628531754,353.577104747295,413.617640309036,1522.93344628811,0,5.73869813978672,0,0
0,0,0,0,0,0,0,0,0,0,0,0,0,0,0,0,0,0,0,0,0,0,0,0,0,0,0,0,0,0,0,13.9471484720707,309.172716289759,2690.69055685401,0,0,439.880871430039,17.1350153237581,422.425626784563,0,0,0,0,0,0,0,0,710.993357390165,8.84712193906307,11.0223544090986,0,0,0,0,0,0,0,0,0,0,0,0,0,0,0,0,0,0,0,0,0,0,0,0,2.0219938158989,89.5276643931866,685.859987467527,1038.57214333117,0,1422.17301882803,62.4720921218395,1030.78281441331,1136.34536361694,0.576555728912354,1.8069958537817,0,0
0,0,0,62.9016250967979,0,1.91706252098083,0,0,0,0,0,20.4972007274628,0,0,0,0,0,0,0,882.916925102472,0,0,0,0,0,0,0,0,0,0,0,919.977882660925,247.704781129956,1175.61293581128,0,0,3133.90693151951,2811.48886792362,0,1.31649112701416,0,0,0,0,0,0.466667011380196,0,780.858139172196,0,7.92196694016457,0,0,0,0,0,0,0,2.28908413648605,0,0,0,0,871.597750812769,0,0,0,0,0,0,0,0,0,0,0,741.019467011094,47.5070494413376,348.50014770031,0,18592.9000179246,397.048315227032,3390.49604554474,0,9148.85777290165,670.961514726281,30.7313188314438,0,0
0,0,0,0,24.406621336937,0,0,0,0,0,93.3913124650717,0,0,0,0,0,0,0,0,0,827.722890585661,0,0,0,0,0,0,0,0,0,0,62.8773690462112,354.280552253127,20.8155047893524,439.880871430039,3133.90693151951,0,0,611.026447623968,0,0,0,0,0,0,0,0.475174188613892,238.29638543725,0,0,0,0,0,0,0,0,21.9122148752213,0,0,0,0,0,0,907.794890090823,0,0,0,0,0,0,0,0,0,0.498617701232433,113.312165915966,131.030867934227,14.8961489200592,26.5128481835127,1542.78080672026,15468.4653375447,6.18400460481644,217.080134361982,8272.86487996578,638.705068126321,4.62559628486633,0,0
0,0,0,0,0,0,0,0,0,21.1733418405056,0,1136.68736061454,0,0,0,0,0,0,0,11.5278758704662,0,1261.29466494918,0,382.669632762671,0,0,0,707.874897122383,0,231.621731549501,0,0,0,246.735444158316,17.1350153237581,2811.48886792362,0,0,1178.92222881317,0,0,21.6489067971706,0,0,0,0.506592154502869,0,1576.61160448194,0,419.754267528653,0,0,0,0,0,0,0,613.967575728893,0,0,0,0,1.96121063828468,0,729.807059645653,0,386.160350129008,0,0,0,454.472406357527,0,1000.98180794716,0,0,0,152.255991771817,136.381246343255,170.066337794065,1.05054622888565,15109.5802866295,1301.76553744078,4470.72388897836,46.8278869986534,176.023481838405,0,0
13.7328417599201,0,0,0,0,0,0,0,7.07798862457275,0,435.172433614731,0,0,0,0,0,0,0,0,0,465.682804137468,69.5607753992081,1823.56327652931,0,335.451446101069,0,0,0,208.369400650263,0,0,0,0,111.985202655196,422.425626784563,0,611.026447623968,1178.92222881317,0,0,0,0,0,0,0,0,0.47017578035593,63.9127657413483,565.159082189202,0,0,0,0,0,1.4143238067627,0,60.9980535805225,0,0,0,0,0,0,110.31881852448,10.556140601635,1543.65676628053,0,42.9781946390867,0,0,0,16.5573666095734,0,2.94238987565041,0,0,9.64145144820213,242.442365542054,0,329.345741607249,171.656312823296,8092.06632017344,2253.29136124253,67.4201308190823,1.62398774921894,0,0
0,0,0,0,0,0,0,0,0,0,0,0,0,0,0,0,0,0,109.30394076556,0,0,0,0,0,0,0,0,0,0,0,0,0,0,0,0,1.31649112701416,0,0,0,0,0,223.549077451229,1.48365450650454,1.39219462871552,1.32928575575352,201.749027609825,1.14898324012756,117.239456899464,0.128674015402794,1005.4424597621,0,0,0,0,0,0,0,0,0,0,0,0,2.0515308380127,1.20591638237238,0,0,0,0,0,0,0,0,0,0,0,0,0,0,868.759166114032,1.07186871767044,184.823495477438,1.65363895893097,7.17046236991882,0,980.929860897362,21.7829447388649,0
2.41593851149082,0,4.42654877901077,0,0,0,0,0,0,0,0,0,0,0,0,0,0,0,119.054473288357,0,0,0,0,0,0,0,0,0,0,0,0,0,0,0,0,0,0,0,0,0,0,1.59757267683744,897.208835989237,0,2.10011056065559,0.162861213088036,924.378028921783,0.195602059364319,762.486357808113,0,0,0,0,0,0,0,7.55346967279911,0,0,0,0,0,0,240.263965733349,0,0,0,0,0,0,0,0,0,128.180183634162,0,0,0,0,0,297.547543384135,0,194.063388593495,29.3103898391128,0,578.613853543997,0.116526193916798,2.4056179523468
0.620556071400642,6.09457463026047,0,54.5239399969578,0,0,0,0,0,0,0,0,0,0,0,0,0,0,2876.71170070767,0,0,0,0,0,0,0,0,0,0,0,0,0,0,1.01210510730743,0,0,0,21.6489067971706,0,223.549077451229,1.59757267683744,0,109.056328624487,92.1155951470137,32.9547598063946,464.850962027907,4.08367262035608,45.283173173666,3.30333741009235,1085.81731777638,0,0,0,0,0.124476380646229,0,0.44479201734066,145.79846842587,0,0,0,0,104.405450731516,24.4652429968119,0,0,0,0,0,0,4.62953010201454,0,283.568824619055,4.48138780146837,0,0,0,0.219910472631454,913.737849406898,18.0504379421473,351.087973274291,36.0475234091282,679.52012834698,0,8723.53521807492,900.592632241547,1.64173895120621
152.927508369088,0,85.8536488562822,0,0,0,0,0,6.91650184988976,0,1.13398921489716,0,0,0,0,0,0,0,2179.24587678909,0,0.887366890907288,0,0,0,0,0,0,0,0,0,0,0,0,0,0,0,0,0,0,1.48365450650454,897.208835989237,109.056328624487,0,0,211.421410128474,4.53658381849527,393.35875672102,28.5649108141661,428.091910496354,5.52972735464573,0,0,0,0,7.13334539532661,0,12.5618013590574,0,0,0,0,0,0,619.271792337298,0,0,0,0,0,0,0,0,0,94.8070126920938,0,0,0,1.20012539625168,5.63347662985325,2168.10137686878,0,791.996212512255,424.755680896342,0,3127.23214462399,4.09798321127892,12.8727547302842
0,0,0,0,0,0,0,0,0,0,0,0,0,0,0,0,0,0,747.77725058794,0,0,0,0,0,0,0,0,0,0,0,0,0,0,0,0,0,0,0,0,1.39219462871552,0,92.1155951470137,0,0,0,257.178518116474,0,0,0,0,0,0,0,0,0,0,0,0,0,0,0,0,0,0,0,0,0,0,0,0,0,0,0,0,0,0,0,0,2.92564214766026,0,0,1.82297933101654,38.1681279838085,0,685.687748387456,2.52741026878357,0
14.9626171588898,0,0,0,0,0,0,0,0,0,1.27891898155212,0,0,0,0,0,0,0,1712.0184481144,0,0,0,0,0,0,0,0,0,0,0,0,0,0,0,0,0,0,0,0,1.32928575575352,2.10011056065559,32.9547598063946,211.421410128474,0,0,0.551932513713837,3.23951214551926,0,3.1787876188755,0,0,0,0,0,0,0,2.63038712739944,0,0,0,0,0,0,4.98819003999233,0,0,0,0,0,0,0,0,0,11.7048949748278,0,0,0,0,4.07849191129208,52.1930373087525,0,115.96884290874,16.002482406795,0,442.158479481936,7.00116324424744,0
0.132987454533577,0,0,144.936570435762,0,3.68335753679276,0,0,0,0,0,0,0,0,0,0,0,0,1183.76734220982,0,0,0,0,0,0,0,0,0,0,0,0,0.674999445676804,0,0,0,0.466667011380196,0,0.506592154502869,0,201.749027609825,0.162861213088036,464.850962027907,4.53658381849527,257.178518116474,0.551932513713837,0,0,2.88832579553127,2.00904266536236,56.0156824290752,0,0,0,0,0,0,0,6.91272825747728,0,0,0,0,261.688457109034,4.29598435759544,0,0,0,0,0,0,0.315042316913605,0,33.7260436415672,2.90431141853333,0,0,0,0.842686831951141,759.351440310478,1.54172294586897,11.4511314108968,2.45393465459347,192.963156670332,0,4676.8187263757,8.50978064537048,0
37.263456761837,0,13.2386654466391,0,0,0,0,0,0,0,17.6816772967577,0,0,0,0,0,0,0,52.9293382689357,0,13.9763445109129,0,0,0,0,0,0,0,0,0,0.528740271925926,0,0,0,0,0,0.475174188613892,0,0.47017578035593,1.14898324012756,924.378028921783,4.08367262035608,393.35875672102,0,3.23951214551926,0,0,0,36.8338112607598,0,0,0,0,0,0,0,29.3529472723603,0,0,0,0,0,0,814.548765838146,0,0,0,0,0,0,0,0,0,67.3228750750422,0,0,0,0,1.05282299220562,1984.77817100286,0,821.49753370136,15.5316044688225,0,1060.42394421995,0.148990258574486,8.43087401986122
0,0,0,0,0,0,0,0,0,0,0,0,0,0,0,0,0,0,1.47320768982172,0,0,0,0,0,0,0,0,0,0,0,0,493.71595607698,4011.25255082548,2882.83529219031,710.993357390165,780.858139172196,238.29638543725,1576.61160448194,63.9127657413483,117.239456899464,0.195602059364319,45.283173173666,28.5649108141661,0,0,2.88832579553127,0,0,832.37847609818,1632.00506227463,0,0,0,0,0,0,0,0,0,0,0,0,0,0,0,0,0,0,0,0,0,0,0,0,321.705240413547,1228.61274547875,589.527351111174,352.040641233325,1854.65587562323,877.398126780987,2199.36816421896,552.935170322657,134.556117922068,0,394.551809802651,0.974474042654037,0
287.31084805727,0,33.4596674889326,0,0,0,0,0,45.353868111968,0,0,0,0,0,21.2574470937252,0,0,0,41.2335339859128,0,0,0,449.083771333098,0,6.36363506317139,0,2.17865824699402,0,0,0,0,0.468479335308075,100.785248279572,7.19382365047932,8.84712193906307,0,0,0,565.159082189202,0.128674015402794,762.486357808113,3.30333741009235,428.091910496354,0,3.1787876188755,2.00904266536236,36.8338112607598,832.37847609818,0,175.729884341359,0,0,0,0,55.5305213630199,0,171.182756625116,0,111.154250077903,0,100.222321614623,0,0,9.95506423711777,0,784.077639892697,0,112.453253656626,0,96.5718943476677,0,163.855077400804,0,165.868493579328,0,24.6834701523185,2.36811771988869,12.4186465442181,0,183.162431389093,5.41385889053345,1141.69398797303,185.780153289437,0,1201.06063266844,0,0.57000407576561
0,24.9107176363468,0,0.319923490285873,0,0,0,0,0,0,0,0,0,0,0,0,0,0,11.1614507064223,0,0,121.466411963105,0,1.74087291955948,0,0,0,0,0,0,0,0.991333812475204,5.46438217163086,54.0137201100588,11.0223544090986,7.92196694016457,0,419.754267528653,0,1005.4424597621,0,1085.81731777638,5.52972735464573,0,0,56.0156824290752,0,1632.00506227463,175.729884341359,0,0,0,0,0,0,12.9515340179205,0,110.202557131648,0,16.1048972010612,0,3.41793873906136,1.81134705245495,0.455329060554504,351.851795345545,0,105.515547811985,0,17.2896642684937,0,210.021609805524,0,160.524876818061,0,4.85427435487509,0,32.029944114387,14.3429244160652,129.018257938325,29.2087148725986,477.961355678737,28.8988508880138,253.140284612775,0,2214.69676822424,2.62128598988056,0
0,0,0,0,712.371739417315,0,441.386826515198,0,0,0,0,0,0,0,0,0,0,0,0,0,0,0,0,0,0,0,0,0,0,0,0,0,0,0,0,0,0,0,0,0,0,0,0,0,0,0,0,0,0,0,0,0,142.248864471912,0,0,0,0,0,19.6036105155945,0,0,0,0,0,0,0,0,0,0,0,0,0,0,0,0,0,0,0,0,0,0,0,1593.42375905812,0,0,0,0
0,0,0,0,0,431.917679458857,0,0,0,0,0,5.78743958473206,0,0,0,0,0,0,0,0,0,0,0,0,0,0,0,0,0,0,0,0,0,0,0,0,0,0,0,0,0,0,0,0,0,0,0,0,0,0,0,0,0,0,0,0,0,63.9739587306976,0,0,0,0,0,0,0,0,0,0,0,0,0,0,0,0,0,0,0,0,0,0,0,0,123.44298389554,0,70.2619956731796,0,0
0,0,0,0,41.1157146692276,0,249.57814180851,0,0,0,0,0,0,0,0,0,0,0,0,0,0,0,0,0,0,0,0,0,0,0,0,0,0,0,0,0,0,0,0,0,0,0,0,0,0,0,0,0,0,0,142.248864471912,0,0,0,0,0,0,0,0,0,0,0,0,0,0,0,0,0,0,0,0,0,0,0,0,0,0,0,0,0,0,0,397.452174782753,1,0,0,0
0,0,0,0,0,0,0,13.1371014118195,0,0,0,0,0,0,0,0,0,0,0,0,0,0,0,0,0,0,0,0,0,0,0,0,0,0,0,0,0,0,0,0,0,0,0,0,0,0,0,0,0,0,0,0,0,0,0,0,0,6.35766887664795,0,0,0,0,0,0,0,0,0,0,0,0,0,0,0,0,0,0,0,0,0,0,0,0,196.59014582634,0,0,0,0
217.417915642262,0,2.3101569712162,0,0,0,0,0,205.459658920765,0,0,0,0,0,9.83071160316467,0,0,0,0.500899910926819,0,0,0,0,0,115.789387226105,0,0,0,0,0,0,0,0,0,0,0,0,0,1.4143238067627,0,0,0.124476380646229,7.13334539532661,0,0,0,0,0,55.5305213630199,0,0,0,0,0,0,0,25.0875332653522,0,12.0513727068901,0,21.4137412309647,0,0,0,0,0,0,114.753433942795,0,0,0,0,0,0,0,0,0,0,0,0,0,0,23.7328840345144,0,64.3429313600063,0,0
0,60.231502994895,0,0,0,22.6758612394333,0,0,0,47.855530500412,0,0,0,1.70349967479706,0,12.0068112015724,0,0,0,0,0,0,0,3.49558678269386,0,0,0,0,0,0,0,0,0,0,0,0,0,0,0,0,0,0,0,0,0,0,0,0,0,12.9515340179205,0,0,0,0,0,0,0,34.0785557106137,0,46.8695961460471,0,176.113738462329,0,0,0,0,165.191411674023,0,45.9528212845325,0,1.29709066450596,0,0,0,0,0,0,0,0,0,0,0,33.0152309536934,0,54.0129145085812,0,0
60.4878650456667,0,5.79058676958084,0,0,0,0,0,33.9795738011599,0,845.524311617017,0,15.3717721700668,0,71.3916354775429,0,0,0,13.5377567708492,0,335.309076905251,0,0,0,0,0,0,0,13.1422135829926,0,1.00050410628319,0,0,0,0,0,21.9122148752213,0,60.9980535805225,0,7.55346967279911,0.44479201734066,12.5618013590574,0,2.63038712739944,0,29.3529472723603,0,171.182756625116,0,0,0,0,0,25.0875332653522,0,0,0,269.826781406999,0,121.2334087044,0,0,358.881963156164,0,23.4870345145464,0,52.7631938755512,0,9.17538992315531,0,418.526580713689,0,1411.97780579329,0,0,0,0,0,57.1916478797793,0,570.013144612312,447.208834648132,0,453.456430964172,0,0
0,116.495642453432,0,0.521082773804665,0,21.5019071996212,0,28.4418287277222,0,0,0,570.199557930231,0,252.524735182524,0,0,0,0,0,760.973064795136,0,0,0,0,0,0,0,38.8541193008423,0,33.473592966795,0,0,0,0,0,2.28908413648605,0,613.967575728893,0,0,0,145.79846842587,0,0,0,6.91272825747728,0,0,0,110.202557131648,0,63.9739587306976,0,6.35766887664795,0,34.0785557106137,0,0,0,246.057726174593,0,28.709569208324,928.982479043305,0,0,0,14.0039500594139,0,9.08708113431931,0,801.794365845621,0,1532.45092379302,0,0,0,0,0,6.50763934850693,0,494.728570237756,0,409.501650750637,0,1085.07648444176,3.75952139496803,0
11.700697183609,0,0,0,20.3133125305176,0,15.1257195472717,0,5.56130263209343,0,10.172073841095,0,270.145218491554,0,246.048868477345,0,0,0,0,0,0,0,0,0,0,0,8.61954474449158,0,188.367423176765,0,0,0,0,0,0,0,0,0,0,0,0,0,0,0,0,0,0,0,111.154250077903,0,19.6036105155945,0,0,0,12.0513727068901,0,269.826781406999,0,0,0,50.642258644104,0,0,0,0,0,0,18.883625805378,0,95.6800324097276,0,61.9403012469411,0,0,0,0,0,0,0,0,0,0,386.058849334717,0,31.0884605944157,0,0
0,116.385701455176,0,0,0,0,0,0,0,19.2602891921997,0,69.3869005739689,0,15.4616713523865,0,208.945606321096,0,0,0,0,0,0,0,0,0,0,0,1.65919929742813,0,0,0,0,0,0,0,0,0,0,0,0,0,0,0,0,0,0,0,0,0,16.1048972010612,0,0,0,0,0,46.8695961460471,0,246.057726174593,0,0,0,532.075603909791,0,0,0.254535607993603,0,50.1802890300751,0,94.5268485099077,0,276.427674077451,0,3.05568677186966,0,0,0,0,0,0,0,0,0,72.8083555698395,0,55.3785202354193,0,0
9.04720121622086,0,0,0,0,0,0,0,3.83604195713997,0,0,0,43.7660375833511,0,98.9956240057945,0,36.7831364274025,0,0,0,0,0,0,0,0,0,9.14593106508255,0,9.42812919616699,0,0,0,0,0,0,0,0,0,0,0,0,0,0,0,0,0,0,0,100.222321614623,0,0,0,0,0,21.4137412309647,0,121.2334087044,0,50.642258644104,0,0,0,0,0,0,0,0,52.6278437674046,0,4.66847322881222,0,86.7176269292831,0,0,0,0,0,0,0,0,0,0,37.1243786811829,0,69.9500761181116,0,0
0,18.3796714544296,0,0,0,0,0,0,0,36.085763335228,0,0,0,1.01055467128754,0,399.355628728867,0,132.074985697865,0,0,0,0,0,0,0,0,0,0,0,0,0,0,0,0,0,0,0,0,0,0,0,0,0,0,0,0,0,0,0,3.41793873906136,0,0,0,0,0,176.113738462329,0,28.709569208324,0,532.075603909791,0,0,0,0,0,0,67.5382491797209,0,13.183777615428,0,5.3253181129694,0,0,0,0,0,0,0,0,0,0,0,168.422982692719,0,22.5377742499113,0,0
0,0,0,0.197472855448723,0,0,0,4,0,0,0,101.725276470184,0,0,0,0,0,0,0,351.674384266138,0,0,0,0,0,0,0,0,0,0,0,0,0,0,0,871.597750812769,0,1.96121063828468,0,2.0515308380127,0,104.405450731516,0,0,0,261.688457109034,0,0,0,1.81134705245495,0,0,0,0,0,0,0,928.982479043305,0,0,0,0,0,0,0,0,0,0,0,0,2.84047822654247,0,396.15816962719,0,0,0,0,0,810.68238337338,0,276.467444352806,0,399.780193924904,0,1104.33131660521,0.37830924987793,0
14.9361594319344,0,5.61595246195793,0,13.7943340539932,0,0,0,0,0,337.489647388458,0,0,0,0,0,0,0,130.493043914437,0,424.231789216399,0,0,0,0,0,0,0,0,0,2.20043528825045,0,0,0,0,0,907.794890090823,0,110.31881852448,1.20591638237238,240.263965733349,24.4652429968119,619.271792337298,0,4.98819003999233,4.29598435759544,814.548765838146,0,9.95506423711777,0.455329060554504,0,0,0,0,0,0,358.881963156164,0,0,0,0,0,0,0,0,0.331575721502304,0,0,0,0,0,0,0,135.439585499465,0,0,0,0,0.237989768385887,3172.85198782384,0,860.925097487867,268.149928361177,0.346083655953407,511.81942460686,3.5300834774971,4.24239084124565
0,0,0,0,0,0,0,0,0,0,0,0,0,0,0,0,0,436.692932575941,0,0,0,6595.45595571399,100.066326960921,248.974851563573,0,18.157909154892,0,136.297058939934,0,0,0,0,0,0,0,0,0,729.807059645653,10.556140601635,0,0,0,0,0,0,0,0,0,0,351.851795345545,0,0,0,0,0,0,0,0,0,0.254535607993603,0,0,0,0,0,92.2145458161831,45.4797540158033,0,56.7314490377903,0,730.269641645253,0,0,0,0,0,0,0,0,0,883.2028927356,0,2814.20169852674,80.9708241969347,0,0,0
0,0,0,0,0,0,0,0,0,0,0,0,0,0,0,0,564.856522291899,0,0,0,0,2171.46390628815,20079.8365983889,0,146.074685692787,0,103.118131577969,0,52.5730502009392,0,0,0,0,0,0,0,0,0,1543.65676628053,0,0,0,0,0,0,0,0,0,784.077639892697,0,0,0,0,0,0,0,23.4870345145464,0,0,0,0,0,0,0.331575721502304,92.2145458161831,0,0,177.842911422253,0,299.224354416132,0,930.540210202336,0,94.1711237132549,0,0,0,0,0,0,0,2107.90998192132,7690.73405483365,1355.40505176783,1.53021943569183,0,0
0,28.233633890748,0,0,0,0,0,0,0,0,0,0,0,0,0,0,0,0,0,0,0,91.5085086971521,0,236.482226505876,0,0,0,0,0,0,0,0,0,0,0,0,0,386.160350129008,0,0,0,0,0,0,0,0,0,0,0,105.515547811985,0,0,0,0,0,165.191411674023,0,14.0039500594139,0,50.1802890300751,0,67.5382491797209,0,0,45.4797540158033,0,0,0,368.498986333609,0,138.466258987784,0,0,0,0,0,0.281492441892624,0,0,0,130.289960086346,0,404.805787846446,0,10.6865241676569,0,0
27.8455440998077,0,0,0,0,0,0,0,57.9870011210442,0,0,0,0,0,0,0,9.35838687419891,0,0,0,0,0,643.909481078386,0,1159.63944676518,0,243.545872449875,0,0,0,0,0,0,0,0,0,0,0,42.9781946390867,0,0,0,0,0,0,0,0,0,112.453253656626,0,0,0,0,0,114.753433942795,0,52.7631938755512,0,18.883625805378,0,52.6278437674046,0,0,0,0,177.842911422253,0,0,0,166.49801504612,0,0,0,0,0,0,0,0,0,0,0,12.7888092398643,176.971074700356,0,24.6133751869202,0,0
0,5.35972967743874,0,0,0,0,0,0,0,0,0,0,0,0,0,0,0,1286.15736858547,0,0,0,95.8808218240738,0,6.76434633135796,0,222.459196120501,0,0,0,0,0,0,0,0,0,0,0,0,0,0,0,0,0,0,0,0,0,0,0,17.2896642684937,0,0,0,0,0,45.9528212845325,0,9.08708113431931,0,94.5268485099077,0,13.183777615428,0,0,56.7314490377903,0,368.498986333609,0,0,0,925.989051423967,0,0,0,0,0,0,0,0,0,0,0,189.27758783102,0,21.9552442580462,0,0
0,0,0,0,0,0,0,0,0,0,0,0,0,0,0,0,413.02681016922,0,0,0,0,0,57.4738525748253,0,0,0,712.134776413441,0,6.50266695022583,0,0,0,0,0,0,0,0,0,0,0,0,0,0,0,0,0,0,0,96.5718943476677,0,0,0,0,0,0,0,9.17538992315531,0,95.6800324097276,0,4.66847322881222,0,0,0,0,299.224354416132,0,166.49801504612,0,0,0,73.6554732918739,0,0,0,0,0,0,0,0,0,0,397.955734878778,0,0,0,0
0,0,0,0.143400996923447,0,0,0,0,0,0,0,122.312888622284,0,20.3135559558868,0,0,0,0,0,0,0,130.77205452323,0,0,0,0,0,483.204107418656,0,1931.39607942104,0,0,0,0,0,0,0,454.472406357527,0,0,0,4.62953010201454,0,0,0,0.315042316913605,0,0,0,210.021609805524,0,0,0,0,0,1.29709066450596,0,801.794365845621,0,276.427674077451,0,5.3253181129694,2.84047822654247,0,730.269641645253,0,138.466258987784,0,925.989051423967,0,0,0,753.53763255477,0,0,0,0,0,0,0,940.792775258422,0,0,0,31.3973351567984,0.471173793077469,0
0,0,0,0,0,0,0,0,0,0,0,0,0,0,41.0275236368179,0,0,0,0,0,0,0,122.018259227276,0,0,0,179.441739410162,0,2403.65445840359,0,0,0,0,0,0,0,0,0,16.5573666095734,0,0,0,0,0,0,0,0,0,163.855077400804,0,0,0,0,0,0,0,418.526580713689,0,61.9403012469411,0,86.7176269292831,0,0,0,0,930.540210202336,0,0,0,73.6554732918739,0,0,0,1290.71403937042,0,0,0,0,0,0,0,917.251920700073,590.025609016418,32.4732480049133,10.5802691280842,0,0
0,0,0,0.31407742202282,0,0,0,0,0,0,0,91.5376570373774,0,1.6436271071434,0,0,0,0,0,4.59104062616825,0,0,0,0,0,0,0,282.84413087368,0,587.593430951238,0,0,0,0,0,0,0,1000.98180794716,0,0,0,283.568824619055,0,0,0,33.7260436415672,0,0,0,160.524876818061,0,0,0,0,0,0,0,1532.45092379302,0,3.05568677186966,0,0,396.15816962719,0,0,0,0,0,0,0,753.53763255477,0,0,0,0,0,0,0,0,0,2305.25872401148,0,91.9317148625851,0,1697.4572449252,6.38026167452335,0
2.76651054620743,0,0,0,0,0,0,0,0,0,7.90903680026531,0,8.79923033714294,0,0,0,0,0,123.500736199319,0,10.8757446706295,0,0,0,0,0,0,0,52.5909033566713,0,38.3216483592987,0,0,0,0,0,0.498617701232433,0,2.94238987565041,0,128.180183634162,4.48138780146837,94.8070126920938,0,11.7048949748278,2.90431141853333,67.3228750750422,0,165.868493579328,0,0,0,0,0,0,0,1411.97780579329,0,0,0,0,0,0,135.439585499465,0,94.1711237132549,0,0,0,0,0,1290.71403937042,0,0,0,0,0,0,0,93.6583668962121,0,2375.20845836401,32.0611705929041,0,392.970433399081,0,0.194000706076622
0,0,0,0,0,0,0,0,0,0,0,0,0,0,0,0,0,0,0,0,0,0,0,0,0,0,0,0,0,0,0,709.111545458436,2767.32598152757,15.4478126317263,2.0219938158989,741.019467011094,113.312165915966,0,0,0,0,0,0,0,0,0,0,321.705240413547,0,4.85427435487509,0,0,0,0,0,0,0,0,0,0,0,0,0,0,0,0,0,0,0,0,0,0,0,0,0,268.695651948452,208.211883462965,1.71987698972225,2854.81677940488,11.2213832736015,16.8878568708897,0.442007929086685,388.214034736156,0,2.17358368635178,0,0
0,0,0,0,0,0,0,0,0,0,0,0,0,0,0,0,0,0,0,0,0,0,0,0,0,0,0,0,0,0,0,193.2830516994,2331.68254899979,0,89.5276643931866,47.5070494413376,131.030867934227,0,0,0,0,0,0,0,0,0,0,1228.61274547875,24.6834701523185,0,0,0,0,0,0,0,0,0,0,0,0,0,0,0,0,0,0,0,0,0,0,0,0,0,268.695651948452,0,0,477.766311109066,201.834415540099,2892.36801401526,0,17.6488096192479,88.7562075853348,0,0,0,0
0,0,0,0,0,0,0,0,0,0,0,0,0,0,0,0,0,0,0,0,0,0,0,0.494208008050919,0,0,0,0,0,0,0,49.2370138913393,0,1870.82763521373,685.859987467527,348.50014770031,14.8961489200592,152.255991771817,9.64145144820213,0,0,0,0,0,0,0,0,589.527351111174,2.36811771988869,32.029944114387,0,0,0,0,0,0,0,0,0,0,0,0,0,0,0,0,0.281492441892624,0,0,0,0,0,0,0,208.211883462965,0,0,385.28306747973,439.865854784846,106.846280157566,270.255078576505,201.30352550745,1716.78010702133,0,1.38491481542587,0,0
0,0,0,0,0,0,0,0,0,0,0,0,0,0,0,0,0,0,0,0,0,0,0,0,0,0,0,0,0,0,0,2.41459910571575,308.78202034533,1364.02028866112,1038.57214333117,0,26.5128481835127,136.381246343255,242.442365542054,0,0,0.219910472631454,1.20012539625168,0,0,0.842686831951141,0,352.040641233325,12.4186465442181,14.3429244160652,0,0,0,0,0,0,0,0,0,0,0,0,0,0,0,0,0,0,0,0,0,0,0,0,1.71987698972225,477.766311109066,385.28306747973,0,0,580.658841624856,59.2373616844416,528.576402805746,1227.71682142466,14.8546610698104,3.4675140529871,0,0
0.22465406358242,0,0,0,0,0,0,0,0,0,0,368.02782022953,0,0,0,0,0,0,230.07851126045,507.389805197716,0,0,0,0,0,0,0,0,0,0,0,1491.69953318685,448.146613940597,1357.49158234894,0,18592.9000179246,1542.78080672026,170.066337794065,0,868.759166114032,0,913.737849406898,5.63347662985325,2.92564214766026,4.07849191129208,759.351440310478,1.05282299220562,1854.65587562323,0,129.018257938325,0,0,0,0,0,0,0,6.50763934850693,0,0,0,0,810.68238337338,0.237989768385887,0,0,0,0,0,0,0,0,0,0,2854.81677940488,201.834415540099,439.865854784846,0,0,97.2893115580082,2054.14137148112,3.10771489143372,8995.76410146058,432.721448987722,1646.87229072303,151.99581964314,0
35.9129664227366,0,3.53430306911469,0,0,0,0,0,0,0,394.173998005688,0,0,0,0,0,0,0,746.502344399691,0,2488.31450092793,0,0,0,0,0,0,0,0,0,3.4122259914875,10.9930357933044,644.763164162636,216.82628531754,1422.17301882803,397.048315227032,15468.4653375447,1.05054622888565,329.345741607249,1.07186871767044,297.547543384135,18.0504379421473,2168.10137686878,0,52.1930373087525,1.54172294586897,1984.77817100286,877.398126780987,183.162431389093,29.2087148725986,0,0,0,0,0,0,57.1916478797793,0,0,0,0,0,0,3172.85198782384,0,0,0,0,0,0,0,0,0,93.6583668962121,11.2213832736015,2892.36801401526,106.846280157566,580.658841624856,97.2893115580082,0,10.3331274986267,1677.39266266674,6920.3420554027,9.04127818346024,1277.14032616466,6.71803516149521,0.241474971175194
0,0,0,0,0,0,0,0,0,4.35504244267941,0,952.019898578525,0,0,0,0,0,0,0,27.2245755642653,0,717.837674722075,0,93.475015103817,0,0,0,237.494816154242,0,592.913292646408,0,2.34067456424236,0,353.577104747295,62.4720921218395,3390.49604554474,6.18400460481644,15109.5802866295,171.656312823296,184.823495477438,0,351.087973274291,0,0,0,11.4511314108968,0,2199.36816421896,5.41385889053345,477.961355678737,0,0,0,0,0,0,0,494.728570237756,0,0,0,0,276.467444352806,0,883.2028927356,0,130.289960086346,0,0,0,940.792775258422,0,2305.25872401148,0,16.8878568708897,0,270.255078576505,59.2373616844416,2054.14137148112,10.3331274986267,0,99.6663282215595,8792.80885127187,109.492900714278,1083.64647985995,0.375259220600128,0
44.7477958798409,0,0,0,0,0,0,0,0,0,469.497524738312,0,0,0,0,0,0,0,1061.15077205747,0,382.973999723792,5.39842247962952,1637.17483896017,0,700.044872909784,0,0,0,62.9745219051838,0,22.2804215848446,2.49036377668381,0.91400220990181,413.617640309036,1030.78281441331,0,217.080134361982,1301.76553744078,8092.06632017344,1.65363895893097,194.063388593495,36.0475234091282,791.996212512255,1.82297933101654,115.96884290874,2.45393465459347,821.49753370136,552.935170322657,1141.69398797303,28.8988508880138,0,0,0,0,0,0,570.013144612312,0,0,0,0,0,0,860.925097487867,0,2107.90998192132,0,12.7888092398643,0,0,0,917.251920700073,0,2375.20845836401,0.442007929086685,17.6488096192479,201.30352550745,528.576402805746,3.10771489143372,1677.39266266674,99.6663282215595,0,3922.75114148855,35.1187729611993,691.402141325176,0.345323942601681,0.250072956085205
108.800815165043,3.31494037806988,0.763051711022854,207.868382632732,846.564826220274,77.2170283794403,549.934489488602,0,191.072130709887,157.644863307476,287.371657341719,290.631753027439,69.8751397132874,0,31.9704242348671,63.9427701085806,4769.12544819713,3944.91312578321,6972.18540205806,308.118913888931,845.64245223254,2361.07668082416,4939.30189548433,123.477198317647,318.128351002932,159.054927825928,293.130098283291,0,967.464659005404,0.664357602596283,0,209.780518889427,232.921397969127,1522.93344628811,1136.34536361694,9148.85777290165,8272.86487996578,4470.72388897836,2253.29136124253,7.17046236991882,29.3103898391128,679.52012834698,424.755680896342,38.1681279838085,16.002482406795,192.963156670332,15.5316044688225,134.556117922068,185.780153289437,253.140284612775,1593.42375905812,123.44298389554,397.452174782753,196.59014582634,23.7328840345144,33.0152309536934,447.208834648132,409.501650750637,386.058849334717,72.8083555698395,37.1243786811829,168.422982692719,399.780193924904,268.149928361177,2814.20169852674,7690.73405483365,404.805787846446,176.971074700356,189.27758783102,397.955734878778,0,590.025609016418,91.9317148625851,32.0611705929041,388.214034736156,88.7562075853348,1716.78010702133,1227.71682142466,8995.76410146058,6920.3420554027,8792.80885127187,3922.75114148855,0,3151.20413908362,1687.55506387353,36.7261784821749,12.6656725481153
0,0,0,0,0,0,1,0,0,100.658592522144,0,0,0,0,0,0,26.973356127739,112.231097221375,23.2779084146023,0,0.153110668063164,345.837417855859,408.282984703779,0,0,0,0,0,1.63843667507172,0,0,0,0,0,0.576555728912354,670.961514726281,638.705068126321,46.8278869986534,67.4201308190823,0,0,0,0,0,0,0,0,0,0,0,0,0,1,0,0,0,0,0,0,0,0,0,0,0.346083655953407,80.9708241969347,1355.40505176783,0,0,0,0,0,32.4732480049133,0,0,0,0,0,14.8546610698104,432.721448987722,9.04127818346024,109.492900714278,35.1187729611993,3151.20413908362,0,2.41185200214386,0,0
691.063265234232,244.942999012768,1014.75363952667,1131.96119661629,0,33.3364900350571,0,0,141.010134190321,0,3.03814581036568,7.59876620769501,0,0,0,0,0,0,5609.61944311857,44.8633984178305,32.122291572392,0,0,0,6.92824602127075,0,0,0,0,0,1.21560490131378,5.02272175252438,9.87558509409428,5.73869813978672,1.8069958537817,30.7313188314438,4.62559628486633,176.023481838405,1.62398774921894,980.929860897362,578.613853543997,8723.53521807492,3127.23214462399,685.687748387456,442.158479481936,4676.8187263757,1060.42394421995,394.551809802651,1201.06063266844,2214.69676822424,0,70.2619956731796,0,0,64.3429313600063,54.0129145085812,453.456430964172,1085.07648444176,31.0884605944157,55.3785202354193,69.9500761181116,22.5377742499113,1104.33131660521,511.81942460686,0,1.53021943569183,10.6865241676569,24.6133751869202,21.9552442580462,0,31.3973351567984,10.5802691280842,1697.4572449252,392.970433399081,2.17358368635178,0,1.38491481542587,3.4675140529871,1646.87229072303,1277.14032616466,1083.64647985995,691.402141325176,1687.55506387353,2.41185200214386,0,1251.02569191158,60.7284818291664
0,0.987138777971268,0,0.623537927865982,0,0,0,0,0,0,0,0,0,0,0,0,0,0,174.943142920732,0,0,0,0,0,0,0,0,0,0,0,0,0,0,0,0,0,0,0,0,21.7829447388649,0.116526193916798,900.592632241547,4.09798321127892,2.52741026878357,7.00116324424744,8.50978064537048,0.148990258574486,0.974474042654037,0,2.62128598988056,0,0,0,0,0,0,0,3.75952139496803,0,0,0,0,0.37830924987793,3.5300834774971,0,0,0,0,0,0,0.471173793077469,0,6.38026167452335,0,0,0,0,0,151.99581964314,6.71803516149521,0.375259220600128,0.345323942601681,36.7261784821749,0,1251.02569191158,0,0
