0,0,0.282508126295665,0,0,0,0,0,0.319891322371865,0,0,0,0,0,0.228923259569066,0,0,0,0.313055846840143,0,0,0,0,0,0.135397859849036,0,0.141285575926304,0,0,0,0,0,0,0,0,0,0,0,0,0,0,0,0.262116696153368,0,0,0,0,0.352088123559952,0.247480270587481,0,0,0,0,0,0.257636216443938,0,0,0,0,0,0.239364968907779,0,0,0,0,0,0,0,0,0.186319903053086,0,0,0,0,0,0,0,0,0,0,0,0,0.239642261501297,0,0.193936403081598,0,0
0,0,0,0.252499939823473,0,0.279593050479889,0,0,0,0.248413905660736,0,0,0,0,0,0.260777872055769,0,0,0.163866634170214,0,0,0,0,0.287605166435242,0,0,0,0,0,0,0,0,0,0,0,0,0,0.180250361561775,0,0,0,0.266689031322797,0,0,0,0,0,0.305643200874329,0.274692088365555,0.174526241353967,0,0.272382318973541,0,0,0,0.218769718122189,0,0,0,0,0,0.205090522766113,0,0,0,0,0,0,0,0,0,0,0,0,0,0,0.326076835393906,0,0,0,0,0,0.197891362785866,0,0.264372664145552,0.190552227772199,0
0.282508126295665,0,0,0,0.307401955127716,0,0,0,0.275256153728281,0,0,0,0,0,0,0,0,0.271848917007446,0.266508586704731,0,0.294642522931099,0,0,0,0,0,0,0,0,0,0,0,0,0,0,0,0.261188663542271,0,0,0,0.288537272385189,0,0.26399350437251,0,0,0,0.231435241884199,0.280051678419113,0.253472882509232,0,0.345665479699771,0,0,0,0.30585950471106,0,0.319946585713249,0,0,0,0,0,0,0.280404308438301,0,0,0,0,0,0,0,0,0,0.319904948983874,0,0,0,0,0,0.318318396806717,0,0.326499581336975,0.180008188292787,0,0.227793622492667,0,0
0,0.252499939823473,0,0,0,0.254960626363754,0,0,0,0.230363450452961,0,0,0,0,0,0.224319428503513,0.301900148391724,0.317009299993515,0,0,0,0,0,0,0,0,0,0,0,0,0,0,0,0.380480498075485,0,0.305472195148468,0.298372477293015,0,0,0.273615845044454,0,0.288119596030031,0.255067870020866,0.286431863903999,0,0.212151110172272,0,0.317186117172241,0.284535159667333,0.278181970796802,0,0.265113820924478,0,0,0,0.238821477204764,0,0.290254290614809,0,0,0,0.259464563034913,0.270677814881007,0,0,0,0,0,0,0,0,0,0.304909229278564,0.308387786149979,0,0,0.288166750754629,0,0.328288674354553,0.332215249538422,0.326803276936213,0,0.205647498153258,0.217170968651772,0.219492848277092,0.310241878032684,0
0,0,0.307401955127716,0,0,0,0.173677748069167,0,0.28350979491566,0,0.29649617895484,0,0,0,0,0,0.278352588415146,0,0.282805102566878,0,0.255265540612025,0,0,0,0,0,0,0,0,0,0,0,0.288997977972031,0,0.307174488902092,0,0.247324378935845,0,0.294953027963638,0,0.274011096468678,0.261879086494446,0.274532758303591,0,0,0,0.251404392631615,0.288056456483901,0.279440438981806,0,0.223683972540216,0,0.161994874477386,0,0.202961359136175,0,0.301889624477418,0,0,0,0,0,0,0.282562965615874,0,0,0,0,0,0,0,0,0,0.322507334767648,0,0,0,0,0,0.268273880266394,0.327164441347122,0.290251499607195,0.262838181375237,0,0.267514566719836,0,0.291886135935783
0,0.279593050479889,0,0.254960626363754,0,0,0,0.206807621230837,0,0.256610344971678,0,0,0,0.213736189263208,0,0.20940066780895,0.278739005327225,0,0.29655316897801,0,0,0,0,0,0,0,0,0,0,0,0,0,0,0.287271708250046,0,0.266053099717413,0,0,0,0.272818256563287,0,0.277703839966229,0.252539731562138,0.271802604198456,0,0.305837342495268,0.263892412185669,0.277219907858887,0.260691049866951,0.263007165345012,0,0.231183195938667,0,0.207679151909219,0,0.248594444990158,0,0.245959700312879,0,0.2734624111091,0,0.202052894693155,0.335917714897913,0,0,0,0,0,0,0,0,0,0,0,0,0,0.281666045241496,0,0.27724224005837,0.301815703511238,0.325904153287411,0,0.229547856575939,0,0.255443240263883,0.288745353619258,0.259515136480331
0,0,0,0,0.173677748069167,0,0,0,0,0,0.180987212274756,0,0,0,0,0,0,0,0,0,0,0,0,0,0,0,0,0,0,0,0,0,0,0,0,0,0,0,0,0,0,0,0,0,0,0,0,0,0,0,0.160264245019509,0,0.175151155640682,0,0,0,0.166705787181854,0,0,0,0,0,0,0,0,0,0,0,0,0,0,0,0,0,0,0,0,0,0,0,0,0,0.209274824525489,0,0,0,0
0,0,0,0,0,0.206807621230837,0,0,0,0,0,0.234369483377252,0,0.173197606878896,0,0,0,0,0,0,0,0,0,0,0,0,0,0,0,0,0,0,0,0,0,0,0,0,0,0,0,0,0,0,0,0,0,0,0,0,0,0.217656037637166,0,0.208942176062402,0,0,0,0.251135021448135,0,0.202781601037298,0,0,0,0,0,0,0,0,0,0,0,0,0,0,0,0,0,0,0,0,0,0,0.212183615062462,0,0,0,0
0.319891322371865,0,0.275256153728281,0,0.28350979491566,0,0,0,0,0.21552372276783,0.320456266403198,0,0,0,0.214918689199941,0,0.232128192965513,0.239315140953998,0.259068579313719,0,0,0,0,0.197476010769606,0.212685080614384,0.218115329742432,0.192070006898471,0,0,0,0,0,0,0,0,0,0,0,0.343348453830307,0.325212107463316,0.326556384563446,0.29122947041805,0.252800607681274,0.275264650583267,0,0.313247531652451,0.296573319037755,0.239875361323357,0.255264786321942,0,0.160994675010443,0,0,0,0.222394120317244,0.248713947832584,0.340062079330285,0,0,0,0.248272486801805,0,0.36071839928627,0.29726380854845,0,0,0,0.17335053384304,0,0.161657258868217,0,0,0,0.339899703860283,0,0,0.345694065093994,0,0.315012320876122,0.311533394914407,0.332021340727806,0.285716072320938,0.250580217061138,0,0.235073559695766,0.233459979295731,0.274126887321472
0,0.248413905660736,0,0.230363450452961,0,0.256610344971678,0,0,0.21552372276783,0,0,0,0,0,0,0.242448198013618,0.21094603339831,0.208050606269685,0.226379978905121,0,0,0,0,0.286465515826372,0.22185704857111,0.238057121634483,0,0,0,0,0,0,0,0,0,0,0,0.294547986577858,0.306643277406693,0.339669287204742,0.276275485754013,0.379319222437011,0.255097061395645,0,0,0,0,0,0,0,0,0.237187770505746,0,0,0,0.253246853276314,0,0,0,0.231835688650608,0,0.217355841192706,0,0,0,0,0.154637604951859,0,0.222280498061861,0,0,0,0,0,0,0,0,0,0,0.307083696126938,0.276869945368677,0.354391604661942,0.261827884388616,0.214862684408824,0.316998882964253,0.356247246265411,0
0,0,0,0,0.29649617895484,0,0.180987212274756,0,0.320456266403198,0,0,0,0.167539896070957,0,0,0,0.367569673061371,0.321637988090515,0.354840270404158,0,0.288485257709322,0,0,0,0,0,0,0,0,0,0.197189728484342,0,0,0,0,0,0.145559257371169,0,0.172133061379849,0.341637700796127,0.297725072273841,0.330877423286438,0.353980525776192,0,0.349722534418106,0.344982087612152,0.324077713254251,0.296627819538116,0.34406515955925,0,0.34542515873909,0,0.191974038496996,0,0,0,0.237417041356194,0,0,0,0,0,0,0.332650814592084,0,0,0,0,0,0.343537002801895,0,0,0,0.397817343473434,0,0,0,0,0,0.166522214352364,0.357106596231461,0.346385136246681,0.164067520964436,0,0.381910653865856,0,0.389625867207845
0,0,0,0,0,0,0,0.234369483377252,0,0,0,0,0,0.187160336971283,0,0,0,0,0.311116695404053,0.172075685636516,0,0,0,0,0,0,0,0,0,0.23653574867381,0,0,0,0,0,0.24035582691431,0,0.195585653185844,0,0.328214663267136,0,0.3326412687699,0,0,0,0.305596722934682,0,0.298060983419418,0,0,0,0,0,0,0,0,0,0.257339519783288,0,0.201215655463082,0,0,0.207224950996729,0,0,0,0,0,0,0,0,0,0.33822029158473,0,0,0,0,0,0.310923248529434,0,0.220639183214217,0,0.244182243208124,0,0.26199766198794,0,0
0,0,0,0,0,0,0,0,0,0,0.167539896070957,0,0,0,0.211559474468231,0,0,0,0,0,0,0,0,0,0,0,0,0,0,0,0,0,0,0,0,0,0,0,0,0,0,0,0,0,0,0,0,0,0,0,0,0,0,0,0,0,0.182533591985703,0,0.196041093269984,0,0,0,0,0,0,0,0,0,0,0,0,0,0,0,0,0,0,0,0,0,0,0,0.220013529062271,0,0,0,0
0,0,0,0,0,0.213736189263208,0,0.173197606878896,0,0,0,0.187160336971283,0,0,0,0.210665425658226,0.209574036300182,0.206375409204226,0,0,0,0.214042171835899,0,0.23127081990242,0,0,0,0.264901737372081,0,0,0,0,0,0,0,0,0,0,0,0,0,0,0,0,0,0,0,0,0,0,0,0.216004893183708,0,0.2217954347531,0,0,0,0.209968096613884,0,0.232288568850171,0,0.153629486576061,0,0,0,0,0,0,0.247949227690697,0,0.111955653186198,0,0,0,0,0,0,0,0,0,0,0,0.26831175138553,0.217696864690099,0,0,0
0.228923259569066,0,0,0,0,0,0,0,0.214918689199941,0,0,0,0.211559474468231,0,0,0,0.18763575553894,0.226838121811549,0.263689946383238,0,0,0,0,0,0.191996808756482,0,0.226455897092819,0,0,0,0,0,0,0,0,0,0,0,0,0,0,0.252656042575836,0,0,0,0,0,0,0,0.269813150167465,0.159364953637123,0,0,0,0.217020447875531,0,0,0,0.257738720093455,0,0.207849709227616,0,0,0,0,0,0,0.186430782079697,0,0,0,0,0,0,0,0,0,0,0.303218424320221,0.327160596847534,0,0,0.198200697167998,0.142763438820839,0,0,0
0,0.260777872055769,0,0.224319428503513,0,0.20940066780895,0,0,0,0.242448198013618,0,0,0,0.210665425658226,0,0,0.229615420103073,0.191211750614839,0.279718371538015,0,0,0,0,0.22299063578248,0,0.232507524792762,0,0.205285842219988,0,0,0,0,0,0,0,0,0,0,0,0,0,0,0,0,0,0,0,0,0,0.291295903921127,0,0.220421270600387,0,0,0,0,0,0.220308975875378,0,0.218383677516665,0,0.215652181873462,0,0,0,0,0,0,0.225139250457287,0,0,0,0,0,0,0,0,0,0,0.290510326623917,0,0,0.226436339289419,0.222805411687919,0,0,0
0,0,0,0.301900148391724,0.278352588415146,0.278739005327225,0,0,0.232128192965513,0.21094603339831,0.367569673061371,0,0,0.209574036300182,0.18763575553894,0.229615420103073,0,0.199517000219884,0.29443609908441,0,0,0.186704025362377,0.17203156124143,0.194395054234277,0.211930299181171,0.203423786597947,0.172944072785959,0.199158191680908,0.142183357849717,0,0,0,0,0.313737058639526,0,0.283281400799751,0.309757776558399,0,0.365381523966789,0.3134604031625,0.315527544967059,0.290467608381401,0.270055143753203,0.308753430843353,0.305912487208843,0.316872974236806,0.301423194152968,0.293698360522588,0.258646488189697,0.296168016269803,0,0,0,0,0,0.226548300186793,0.344557780358526,0.328032374382019,0,0,0.184736896838461,0.225833369249647,0,0.25340935587883,0.184446692466736,0.158403146479811,0.188633963465691,0,0.208389422834202,0.204288039518439,0,0,0.330643624067307,0.332580523358451,0,0,0.331615030765533,0,0.317284721136093,0.322170898318291,0.336788570029395,0.355709245285163,0.212758757281572,0.185911662044745,0.30773728596021,0.302743065357208,0.275262447841027
0,0,0.271848917007446,0.317009299993515,0,0,0,0,0.239315140953998,0.208050606269685,0.321637988090515,0,0,0.206375409204226,0.226838121811549,0.191211750614839,0.199517000219884,0,0.297568463735573,0.343613684177399,0,0.194450497704068,0.185512941862856,0.207598920482977,0.208037078380585,0.203286024970668,0.220511643810475,0.187174260953052,0,0,0,0,0,0.307092448075612,0,0.294724556803703,0.299348986148834,0,0.408323138952255,0.316691202599378,0.319992580584117,0.298450653639314,0.29234255827032,0.339001916348934,0.295920103788376,0.314274117350578,0.314778296483888,0.306035071611404,0.30407389998436,0.310075955289715,0,0,0,0,0,0.221070968856414,0.327970046888698,0.337879225611687,0,0,0,0.202033994394705,0.328913807868958,0.322459399700165,0.207102964321772,0,0.206655892759863,0,0.198583937642457,0.234306824207306,0.195707675814629,0.299410372972488,0.345177362362544,0.329993741852897,0,0,0.314980930089951,0,0.320516606423712,0.320087550731187,0.35392432727597,0.336633479053324,0.205947882560551,0.166410961359016,0.306341391550489,0.299384950101376,0.287676982581615
0.313055846840143,0.163866634170214,0.266508586704731,0,0.282805102566878,0.29655316897801,0,0,0.259068579313719,0.226379978905121,0.354840270404158,0.311116695404053,0,0,0.263689946383238,0.279718371538015,0.29443609908441,0.297568463735573,0,0.283786624670029,0.336485590537389,0.235968031485875,0.283467669039965,0.239718982986375,0.273856446146965,0.2829135652536,0.285015451185631,0.316858857870102,0,0,0,0.260362774133682,0,0.332286986297575,0,0.317768343687057,0.337960135304567,0.360719710588455,0.377518104725197,0.321000191475139,0.318077083467093,0.29685982696429,0.252638771783742,0.453229986724939,0.432043060325505,0.317295077732023,0.334600844556683,0.267861651346601,0.256607475605878,0.319761105094637,0.28480139374733,0,0,0,0,0.250525303184986,0.350963450419275,0.351346198356513,0,0,0.301052302122116,0.259739615899675,0.343418325696673,0.312286002843669,0.334885209798813,0.303035616874695,0.246111545711756,0,0.28672674913472,0.266918591581858,0,0,0.3601443419331,0.348364615230821,0,0,0.312806628136472,0,0.341653720507232,0.334606602540192,0.383306325010923,0.377201754904898,0.286872405390943,0.249378071299621,0.325435640961222,0.322305007463824,0.259002631917823
0,0,0,0,0,0,0,0,0,0,0,0.172075685636516,0,0,0,0,0,0.343613684177399,0.283786624670029,0,0,0,0,0,0,0,0,0,0,0,0,0,0,0.288151159882545,0.28157901763916,0.134210934585864,0,0.189748510718346,0,0.341350969089114,0,0.325586412747701,0,0.421796321868896,0,0.326222190321018,0.337663382291794,0.266145734624429,0.252524612471461,0.275844537045645,0,0,0,0,0,0,0,0.322674767507447,0,0,0,0,0.247199727064857,0,0,0,0,0,0,0,0,0,0.339610347151756,0,0,0,0.287782497704029,0,0.20551462777403,0,0.354857078330083,0,0.16960186045016,0,0.255864345468581,0,0
0,0,0.294642522931099,0,0.255265540612025,0,0,0,0,0,0.288485257709322,0,0,0,0,0,0,0,0.336485590537389,0,0,0,0,0,0,0,0,0,0,0,0,0,0,0,0,0,0.237032758031411,0,0.298428538610791,0,0.294353861361742,0.29961895942688,0.331034561565944,0,0,0,0.275519237716993,0.234386295080185,0.281997578484671,0,0.32029125455654,0,0,0,0,0,0.317771462914017,0,0,0,0,0,0,0.278444973225728,0,0,0,0,0,0,0,0,0,0.393875727057457,0,0,0,0.293783932924271,0,0.282822498935887,0,0.311681407385336,0.207003842617012,0,0.251334392448079,0,0.338147863745689
0,0,0,0,0,0,0,0,0,0,0,0,0,0.214042171835899,0,0,0.186704025362377,0.194450497704068,0.235968031485875,0,0,0,0.109278835960337,0.332307432698352,0,0.193015354859122,0,0.25112777305957,0,0,0,0,0,0,0,0,0,0.308092723053772,0,0.31428587436676,0,0.348356729745865,0.254296362400055,0,0,0.356052792072296,0,0,0,0.387598314970408,0,0,0,0,0,0,0,0.342113880692302,0,0,0,0.246929883956909,0.322795137763023,0,0.260119675896849,0,0.293370401350463,0,0.184205702525012,0,0.365597037774212,0,0.354942668505289,0,0,0,0,0,0.329933941364288,0,0.309850546190455,0,0.185984792137195,0.204926804385402,0.317976256211599,0,0
0,0,0,0,0,0,0,0,0,0,0,0,0,0,0,0,0.17203156124143,0.185512941862856,0.283467669039965,0,0,0.109278835960337,0,0,0.163412789503733,0,0.168940030659238,0,0.240323066711426,0,0,0,0,0,0,0,0,0,0.166460546999475,0,0,0,0,0,0,0,0,0,0.200846409539029,0,0,0,0,0,0,0,0.350215047597885,0,0,0,0,0,0,0,0.110644537955523,0.250028593927789,0,0,0,0.161745067153658,0,0.337701216340065,0,0.337475597858429,0,0,0,0,0,0,0,0.219918419633051,0.147430226409977,0.173854134976864,0,0,0
0,0.287605166435242,0,0,0,0,0,0,0.197476010769606,0.286465515826372,0,0,0,0.23127081990242,0,0.22299063578248,0.194395054234277,0.207598920482977,0.239718982986375,0,0,0.332307432698352,0,0,0.180076309790214,0.202990212595021,0.202140231927236,0.232754230499268,0,0,0,0,0,0,0,0,0,0.273516897208356,0,0,0.312586694955826,0.307429189483325,0,0,0,0,0,0,0,0.348964199723813,0,0,0,0,0,0.27840009426817,0,0,0,0,0,0.237842626571655,0,0,0.366115508547851,0,0.203041729837976,0,0.185881783813238,0,0.518254687388738,0,0,0,0,0,0,0,0.273667573928833,0,0.249768775870215,0,0.201520495298802,0.218760635171618,0.314517152309418,0,0.293724179267883
0.135397859849036,0,0,0,0,0,0,0,0.212685080614384,0.22185704857111,0,0,0,0,0.191996808756482,0,0.211930299181171,0.208037078380585,0.273856446146965,0,0,0,0.163412789503733,0.180076309790214,0,0,0.161398005822012,0,0,0,0,0,0,0,0,0.287744164466858,0.303862124681473,0,0.195398428796471,0.297488033771515,0.328682482242584,0.283253141811916,0.266728976258525,0,0.269141405820847,0.303657025098801,0.308509171009064,0.246615156531334,0.208112655083338,0.309222459793091,0,0,0,0,0.198154098102971,0,0.37493497133255,0,0,0,0,0.246148407459259,0,0.341927379369736,0,0,0,0.155759501888091,0,0.165865833509941,0,0,0,0,0,0,0,0,0.32899084687233,0.3089887712683,0.358307439088821,0.220676446808319,0.19125670957189,0.207978188991547,0.288745844086935,0,0.2896728515625
0,0,0,0,0,0,0,0,0.218115329742432,0.238057121634483,0,0,0,0,0,0.232507524792762,0.203423786597947,0.203286024970668,0.2829135652536,0,0,0.193015354859122,0,0.202990212595021,0,0,0,0.204108995961324,0,0,0,0,0,0,0,0,0,0,0,0.32727724313736,0,0.277550399303436,0,0,0,0,0,0,0,0,0,0,0,0,0,0.224325877428055,0,0,0,0,0,0.216569058597088,0,0,0.179214277863502,0,0.187195604847324,0,0.194585579895664,0,0.236479786224663,0,0,0,0,0,0,0,0.246302962303162,0,0.312337458133698,0,0.211871800089806,0.195042298278875,0,0,0.269537568092346
0.141285575926304,0,0,0,0,0,0,0,0.192070006898471,0,0,0,0,0,0.226455897092819,0,0.172944072785959,0.220511643810475,0.285015451185631,0,0,0,0.168940030659238,0.202140231927236,0.161398005822012,0,0,0,0.193053813444244,0,0,0,0,0,0,0,0,0,0,0.295000523328781,0,0.257480919361115,0.277617491781712,0,0,0,0,0,0,0,0,0,0,0,0.168518726210125,0,0,0,0,0,0,0.192186549305916,0,0,0,0.179173469543457,0,0.163449579361573,0,0.204237103052096,0,0.163134470582008,0,0,0,0,0,0,0.324464276432991,0.334283310174942,0,0.318170726299286,0.199380990727723,0.168219734321941,0.286332666873932,0.293364465236664,0
0,0,0,0,0,0,0,0,0,0,0,0,0,0.264901737372081,0,0.205285842219988,0.199158191680908,0.187174260953052,0.316858857870102,0,0,0.25112777305957,0,0.232754230499268,0,0.204108995961324,0,0,0,0.207842690141305,0,0,0,0,0,0,0,0,0,0,0,0,0,0,0,0,0,0,0,0,0,0,0,0,0,0,0,0,0,0.301383703947067,0,0,0,0,0.15328130193732,0,0,0,0.222441079893282,0,0.180193523620099,0,0,0,0,0,0,0,0,0,0.290602910367748,0,0.222994233804924,0.179652907292951,0,0,0
0,0,0,0,0,0,0,0,0,0,0,0,0,0,0,0,0.142183357849717,0,0,0,0,0,0.240323066711426,0,0,0,0.193053813444244,0,0,0,0.140888993628323,0,0,0,0,0,0,0,0.165811819525865,0,0,0,0,0,0,0,0,0,0,0,0,0,0,0,0,0,0,0,0,0,0,0,0,0,0,0.248890285821337,0,0,0,0,0,0.214881200463541,0,0,0,0,0,0,0,0,0,0.25141700583877,0.156950058043003,0.100193532804648,0,0,0
0,0,0,0,0,0,0,0,0,0,0,0.23653574867381,0,0,0,0,0,0,0,0,0,0,0,0,0,0,0,0.207842690141305,0,0,0,0,0,0,0,0,0,0.226449664670616,0,0,0,0,0,0,0,0,0,0,0,0,0,0,0,0,0,0,0,0.187479913234711,0,0,0,0,0,0,0,0,0,0,0,0,0,0,0.200654456099948,0,0,0,0,0,0,0,0.230408598113497,0,0.238236046592954,0,0,0,0
0,0,0,0,0,0,0,0,0,0,0.197189728484342,0,0,0,0,0,0,0,0,0,0,0,0,0,0,0,0,0,0.140888993628323,0,0,0,0,0,0,0,0,0,0.0928545299057777,0,0,0,0,0,0,0,0,0,0,0,0,0,0,0,0,0,0.206710322587578,0,0,0,0,0,0,0,0,0,0,0,0,0,0,0,0,0.224031541662611,0,0,0,0,0,0,0,0,0,0.136328565456518,0,0,0
0,0,0,0,0,0,0,0,0,0,0,0,0,0,0,0,0,0,0.260362774133682,0,0,0,0,0,0,0,0,0,0,0,0,0,0.491377921439531,0.271931357830169,0.484109878540039,0.274912569385309,0.147990430394808,0,0,0,0,0.286766844491164,0,0,0,0.255570106208324,0,0.37379190325737,0.320850988229116,0.191426292739131,0,0,0,0,0,0,0,0,0,0,0,0,0,0,0,0,0,0,0,0,0,0,0,0,0.342256342529375,0.493544947953596,0.266996318055073,0,0.412370830774307,0.448450526413928,0.321123778820038,0,0.360361380816096,0,0.255672329238483,0.313118010759354,0
0,0,0,0,0.288997977972031,0,0,0,0,0,0,0,0,0,0,0,0,0,0,0,0,0,0,0,0,0,0,0,0,0,0,0.491377921439531,0,0.426194592822935,0.352113078419979,0.499329807965652,0.18369574817579,0,0,0,0.28172327876091,0.350108534097672,0.33619949221611,0,0,0.265525639057159,0.271856054663658,0.383739706021633,0.304083715351123,0.271068240205447,0,0,0,0,0,0,0.307986080646515,0,0,0,0,0,0,0.243035569787025,0,0,0,0,0,0,0,0,0,0,0.414062863233067,0.488555078250839,0.528013647010882,0.317714693629818,0.482454697875416,0.549502924726813,0,0,0.34884401968819,0,0.290051192045212,0,0
0,0,0,0.380480498075485,0,0.287271708250046,0,0,0,0,0,0,0,0,0,0,0.313737058639526,0.307092448075612,0.332286986297575,0.288151159882545,0,0,0,0,0,0,0,0,0,0,0,0.271931357830169,0.426194592822935,0,0.331750300663699,0.345790631839045,0.200550577591492,0.388371869137413,0.517582952976227,0.31039706241647,0,0.284876897450416,0.311368418714175,0.456422448158264,0,0.295978690569217,0.260221302509308,0.568439635056872,0.564633951907144,0.387365579244367,0,0,0,0,0,0,0.309761822223663,0.363088846206665,0,0,0,0,0.393745532631874,0,0,0,0,0,0,0,0,0,0.282704383134842,0,0.298277195845101,0.271806761622429,0.52855071094301,0.271098048336302,0.282798426260779,0.322481095790863,0.338517152760402,0.368171215057373,0.26029718614984,0,0.321500732613902,0.290312225930393,0.233977928757668
0,0,0,0,0.307174488902092,0,0,0,0,0,0,0,0,0,0,0,0,0,0,0.28157901763916,0,0,0,0,0,0,0,0,0,0,0,0.484109878540039,0.352113078419979,0.331750300663699,0,0.484056435028712,0.197371887309211,0.181084586815401,0.18265003517822,0.259712477525075,0.307045376300812,0.37728688120842,0.449164479970932,0,0,0.276387071236968,0.301098964431069,0.489649331891578,0.55603411004676,0.358145207166672,0.327596575021744,0,0,0,0.333921283483505,0,0.319404989480972,0,0,0,0,0,0.397699912389119,0.304297304153442,0,0,0,0,0,0,0,0,0,0,0.582379531860352,0.300396805156523,0.475994226672903,0.419058387333988,0.468512838085492,0.33072363057759,0.515222012996674,0.321067782424985,0.272307122139622,0,0.350442828316438,0.374683946371078,0
0,0,0,0.305472195148468,0,0.266053099717413,0,0,0,0,0,0.24035582691431,0,0,0,0,0.283281400799751,0.294724556803703,0.317768343687057,0.134210934585864,0,0,0,0,0.287744164466858,0,0,0,0,0,0,0.274912569385309,0.499329807965652,0.345790631839045,0.484056435028712,0,0.245158716351328,0.235019261089187,0,0.298473437006275,0,0.290203183218166,0.294797604282697,0.376112048824628,0,0.29511479289502,0,0.272518102715655,0.255155988523494,0.26350718163527,0,0,0,0,0,0,0.28743189573288,0.296434116860231,0,0,0,0,0.164112206929781,0,0,0,0,0,0,0,0,0,0.31681839004159,0,0.287752618081868,0,0.414415675055915,0,0.248425269596789,0.267597013781237,0.254828590217696,0.354430645704269,0.23186575519155,0.258518271924967,0.279632058881578,0.30928525880531,0.3617262840271
0,0,0.261188663542271,0.298372477293015,0.247324378935845,0,0,0,0,0,0.145559257371169,0,0,0,0,0,0.309757776558399,0.299348986148834,0.337960135304567,0,0.237032758031411,0,0,0,0.303862124681473,0,0,0,0,0,0,0.147990430394808,0.18369574817579,0.200550577591492,0.197371887309211,0.245158716351328,0,0,0.216179292886756,0.380181729793549,0.293642398189096,0.333561074733734,0.310580879190694,0,0,0,0.281477686813483,0.280612772878479,0.25272202094396,0.225565686821938,0.263999626040459,0,0,0,0,0,0.308487954549491,0,0,0,0,0,0,0.263112658523295,0,0,0,0,0,0.321719259023666,0,0,0,0.340541313801493,0,0.381932860071009,0.202261224389076,0,0.262115744873881,0.265057793025253,0.36262372136116,0.248215004670308,0.240842912907501,0.275747265520363,0.304886477068067,0.301877364516258,0.314842873385974
0,0.180250361561775,0,0,0,0,0,0,0,0.294547986577858,0,0.195585653185844,0,0,0,0,0,0,0.360719710588455,0.189748510718346,0,0.308092723053772,0,0.273516897208356,0,0,0,0,0,0.226449664670616,0,0,0,0.388371869137413,0.181084586815401,0.235019261089187,0,0,0,0,0,0.354918534724625,0.415710210800171,0,0,0.295084227342159,0,0.480762078528063,0.514498334378004,0.345440966415141,0,0,0,0,0,0,0,0.250135171317285,0,0,0,0,0.275897298540388,0,0.379726453841507,0,0.245113477987402,0,0,0,0.423363147438436,0,0.334791280684017,0,0,0,0.352525506142912,0,0.245060759534147,0,0.239655685647669,0,0.216696729443732,0.178507371548008,0.345667154948603,0.239103918274244,0.30034813284874
0,0,0,0,0.294953027963638,0,0,0,0.343348453830307,0.306643277406693,0.172133061379849,0,0,0,0,0,0.365381523966789,0.408323138952255,0.377518104725197,0,0.298428538610791,0,0.166460546999475,0,0.195398428796471,0,0,0,0.165811819525865,0,0.0928545299057777,0,0,0.517582952976227,0.18265003517822,0,0.216179292886756,0,0,0.353295505046844,0.27216480490638,0.335722059011459,0.355436230518601,0,0.463691522677739,0,0.312636292104185,0.46144372029596,0.299868475419645,0.326245069503784,0,0,0,0,0.296286924441058,0,0.354195535182953,0,0,0,0,0,0,0.327707169561468,0,0.288776726031037,0,0.231669994887341,0,0,0,0.210220605134964,0,0.401147246360779,0,0,0.613024234771729,0.173450356897186,0.325974464416504,0.241289503321295,0.377404689788818,0.239018905958675,0.184093499401869,0.180403253584856,0.357121961328807,0,0.361834117770195
0,0,0,0.273615845044454,0,0.272818256563287,0,0,0.325212107463316,0.339669287204742,0.341637700796127,0.328214663267136,0,0,0,0,0.3134604031625,0.316691202599378,0.321000191475139,0.341350969089114,0,0.31428587436676,0,0,0.297488033771515,0.32727724313736,0.295000523328781,0,0,0,0,0,0,0.31039706241647,0.259712477525075,0.298473437006275,0.380181729793549,0,0.353295505046844,0,0.302172069748243,0.336846762540684,0.285732109651521,0.345928834057322,0.325360506772995,0.269427991657265,0.314065218903124,0.298895923106256,0.255263280537393,0.318568062311472,0,0,0,0,0,0,0.359308996370861,0.344870144620948,0,0,0,0,0.318799654348085,0,0.341164350509644,0,0,0,0.309946149587631,0,0.303557217121124,0,0.347753173213894,0,0.264977425336838,0,0.299532471719571,0,0.31791566412242,0.34150251134848,0.343062827334354,0.342899354065166,0.303272734768805,0.262925576832559,0.299646269180751,0.304075662284455,0.284367710351944
0,0,0.288537272385189,0,0.274011096468678,0,0,0,0.326556384563446,0.276275485754013,0.297725072273841,0,0,0,0,0,0.315527544967059,0.319992580584117,0.318077083467093,0,0.294353861361742,0,0,0.312586694955826,0.328682482242584,0,0,0,0,0,0,0,0.28172327876091,0,0.307045376300812,0,0.293642398189096,0,0.27216480490638,0.302172069748243,0,0.301368755711751,0.307047866975389,0.31044365465641,0.35842044154803,0.284535324573517,0.306361963803932,0.243185138560477,0.271097038112674,0.321783983707428,0.286510643633929,0,0,0,0.320163071155548,0,0.319216577587901,0,0,0,0,0,0.307744309306145,0.281304402093007,0,0.335455566644669,0,0,0,0.337527185678482,0,0,0,0.301799719316372,0,0,0.346071392297745,0.382516205310822,0.33959334641695,0.303654208670112,0.345692310730616,0.28610826502275,0.305921808386651,0,0.33038891986695,0.29020715256532,0.277714739476933
0,0.266689031322797,0,0.288119596030031,0.261879086494446,0.277703839966229,0,0,0.29122947041805,0.379319222437011,0.330877423286438,0.3326412687699,0,0,0.252656042575836,0,0.290467608381401,0.298450653639314,0.29685982696429,0.325586412747701,0.29961895942688,0.348356729745865,0,0.307429189483325,0.283253141811916,0.277550399303436,0.257480919361115,0,0,0,0,0.286766844491164,0.350108534097672,0.284876897450416,0.37728688120842,0.290203183218166,0.333561074733734,0.354918534724625,0.335722059011459,0.336846762540684,0.301368755711751,0,0.229698068113066,0.290423858588136,0.238255818684896,0.324398764571003,0.296428839827693,0.257382617907346,0.334924035790292,0.269430058634881,0,0,0,0,0,0,0.323388015070269,0.327882956304985,0,0,0,0.314023703336716,0.363667352321052,0,0.392737500369549,0,0,0,0.276968121528625,0.295789539813995,0.357651819785436,0,0.339490330873095,0.292034472737993,0.299556210637093,0,0.277112369736036,0,0.315474982431943,0.323503987048123,0.368475405808362,0.301745015999366,0.24517987320062,0.259316569566727,0.298515019312621,0.262102665464637,0.254276036222776
0.262116696153368,0,0.26399350437251,0.255067870020866,0.274532758303591,0.252539731562138,0,0,0.252800607681274,0.255097061395645,0.353980525776192,0,0,0,0,0,0.270055143753203,0.29234255827032,0.252638771783742,0,0.331034561565944,0.254296362400055,0,0,0.266728976258525,0,0.277617491781712,0,0,0,0,0,0.33619949221611,0.311368418714175,0.449164479970932,0.294797604282697,0.310580879190694,0.415710210800171,0.355436230518601,0.285732109651521,0.307047866975389,0.229698068113066,0,0.255390604957938,0.232870098007353,0.2978711972634,0.293142653314447,0.276858408203472,0.280762769157598,0.288510541456777,0.297832784242928,0,0,0,0.279600873589516,0,0.325626427460068,0.287680705388387,0,0,0,0,0.341656645139058,0.32840620988613,0,0.327846135411944,0,0,0.273042857646942,0.270302000370893,0,0.30327633023262,0.313644908368587,0.318562050749149,0,0,0.262033016302369,0,0.299830049042302,0.317632438148851,0.320403134677468,0.299749385558871,0.229321797917287,0.206053324043751,0.275789598560884,0.250248129801317,0.228118043984046
0,0,0,0.286431863903999,0,0.271802604198456,0,0,0.275264650583267,0,0,0,0,0,0,0,0.308753430843353,0.339001916348934,0.453229986724939,0.421796321868896,0,0,0,0,0,0,0,0,0,0,0,0,0,0.456422448158264,0,0.376112048824628,0,0,0,0.345928834057322,0.31044365465641,0.290423858588136,0.255390604957938,0,0,0.323632744806153,0.250097486376762,0.392950046062469,0,0.412051375095661,0,0,0,0,0,0,0.353497087955475,0.399930546060205,0,0,0,0,0.387265612681707,0,0,0,0,0,0,0,0.40219734609127,0,0.427129387271171,0.317133486270905,0,0,0.36050242682298,0,0.416696512699127,0.313475608825684,0.500129643985083,0.338539958000183,0.262659297998135,0,0.353950401598757,0.327278797825177,0
0,0,0,0,0,0,0,0,0,0,0.349722534418106,0,0,0,0,0,0.305912487208843,0.295920103788376,0.432043060325505,0,0,0,0,0,0.269141405820847,0,0,0,0,0,0,0,0,0,0,0,0,0,0.463691522677739,0.325360506772995,0.35842044154803,0.238255818684896,0.232870098007353,0,0,0,0.368003606796265,0,0.249335810542107,0,0,0,0,0,0,0,0.429646720488866,0,0,0,0,0,0,0.399979054927826,0,0,0,0,0,0,0,0,0,0.464632652699947,0,0,0,0,0.322708159685135,0.348924829594551,0.342952996492386,0.490271405143253,0.312806779784816,0,0.291256105527282,0,0.231155158744918
0,0,0,0.212151110172272,0,0.305837342495268,0,0,0.313247531652451,0,0.344982087612152,0.305596722934682,0,0,0,0,0.316872974236806,0.314274117350578,0.317295077732023,0.326222190321018,0,0.356052792072296,0,0,0.303657025098801,0,0,0,0,0,0,0.255570106208324,0.265525639057159,0.295978690569217,0.276387071236968,0.29511479289502,0,0.295084227342159,0,0.269427991657265,0.284535324573517,0.324398764571003,0.2978711972634,0.323632744806153,0,0,0.306268173456192,0.279475070536137,0.262676239999198,0.267897994871016,0,0,0,0,0,0,0.325652301311493,0.354041400645416,0,0,0,0,0.345650130649449,0,0,0,0,0,0,0,0.345535576343536,0,0.364537505353942,0.356034815311432,0.356429040431976,0,0.292781414034275,0,0.274148926084879,0.328650520398067,0.343330527082905,0.274994045495987,0.288726959345505,0.271533955832322,0.271226089973098,0.362599342334561,0
0,0,0.231435241884199,0,0.251404392631615,0.263892412185669,0,0,0.296573319037755,0,0.324077713254251,0,0,0,0,0,0.301423194152968,0.314778296483888,0.334600844556683,0.337663382291794,0.275519237716993,0,0,0,0.308509171009064,0,0,0,0,0,0,0,0.271856054663658,0.260221302509308,0.301098964431069,0,0.281477686813483,0,0.312636292104185,0.314065218903124,0.306361963803932,0.296428839827693,0.293142653314447,0.250097486376762,0.368003606796265,0.306268173456192,0,0.259066712895506,0.248249986883381,0.309016855226623,0.277377406756083,0,0,0,0.266360759735107,0,0.349604866229365,0.320720076560974,0,0,0,0,0.34817598760128,0.272267985436423,0,0,0,0,0.308800339698792,0,0,0,0.319646328687668,0.375572584322018,0,0.256532311439514,0.35429710149765,0.329265458243234,0.331856438700034,0.30286320821681,0.336150816508702,0.306965445615969,0.294874520399249,0.272698259353638,0.291461169505657,0.305440485477448,0.291510333065633
0.352088123559952,0.305643200874329,0.280051678419113,0.317186117172241,0.288056456483901,0.277219907858887,0,0,0.239875361323357,0,0.296627819538116,0.298060983419418,0,0,0,0,0.293698360522588,0.306035071611404,0.267861651346601,0.266145734624429,0.234386295080185,0,0,0,0.246615156531334,0,0,0,0,0,0,0.37379190325737,0.383739706021633,0.568439635056872,0.489649331891578,0.272518102715655,0.280612772878479,0.480762078528063,0.46144372029596,0.298895923106256,0.243185138560477,0.257382617907346,0.276858408203472,0.392950046062469,0,0.279475070536137,0.259066712895506,0,0.469794803159038,0.318177251051108,0.304859220981598,0,0,0,0,0,0.317665464737836,0.314982922747731,0,0,0,0,0.359853687707116,0.265621120891263,0,0,0,0,0,0,0,0,0.314067291716735,0.322263896465302,0.342620866907112,0.420285930094937,0.5210221819699,0.498103405492819,0.310031200392148,0.503207981026071,0.417667097382007,0.369985008665494,0.30481631188062,0.258736771345139,0.367261939422301,0.275345681536765,0.266047504544258
0.247480270587481,0.274692088365555,0.253472882509232,0.284535159667333,0.279440438981806,0.260691049866951,0,0,0.255264786321942,0,0.34406515955925,0,0,0,0,0,0.258646488189697,0.30407389998436,0.256607475605878,0.252524612471461,0.281997578484671,0,0.200846409539029,0,0.208112655083338,0,0,0,0,0,0,0.320850988229116,0.304083715351123,0.564633951907144,0.55603411004676,0.255155988523494,0.25272202094396,0.514498334378004,0.299868475419645,0.255263280537393,0.271097038112674,0.334924035790292,0.280762769157598,0,0.249335810542107,0.262676239999198,0.248249986883381,0.469794803159038,0,0.294013282337359,0.291022323071957,0,0,0,0.286703690886497,0,0.312850596079993,0.320656090974808,0,0,0.21865704562515,0,0.308499439196153,0.265313860622181,0,0.346545022996989,0,0.203057346000986,0,0.354182805220286,0,0.365425032661788,0.3402430500303,0.346084321246428,0.306515872478485,0.320530358266521,0.593336451208437,0.425492530954736,0.260944208708303,0.311215452387969,0.396043986082077,0.298155955050387,0.374577398440853,0,0.270032905002593,0.308204554021358,0.282625290254752
0,0.174526241353967,0,0.278181970796802,0,0.263007165345012,0,0,0,0,0,0,0,0,0.269813150167465,0.291295903921127,0.296168016269803,0.310075955289715,0.319761105094637,0.275844537045645,0,0.387598314970408,0,0.348964199723813,0.309222459793091,0,0,0,0,0,0,0.191426292739131,0.271068240205447,0.387365579244367,0.358145207166672,0.26350718163527,0.225565686821938,0.345440966415141,0.326245069503784,0.318568062311472,0.321783983707428,0.269430058634881,0.288510541456777,0.412051375095661,0,0.267897994871016,0.309016855226623,0.318177251051108,0.294013282337359,0,0,0,0,0,0,0.258651933073997,0.361038798093796,0.295027435797712,0,0.225202657282352,0,0.328501492738724,0.389760815074195,0.335888236761093,0.425017029811174,0,0.295339806402316,0,0,0,0.404643349673437,0,0.34456576158603,0.33640239238739,0.261659744031289,0,0.295981916933942,0.473222479224205,0.317568712603223,0.318937050178647,0.335470687091573,0.337270987885339,0.252517939260546,0.265540217980742,0.323938881638794,0.325035524925565,0.282301217317581
0,0,0.345665479699771,0,0.223683972540216,0,0.160264245019509,0,0.160994675010443,0,0.34542515873909,0,0,0,0.159364953637123,0,0,0,0.28480139374733,0,0.32029125455654,0,0,0,0,0,0,0,0,0,0,0,0,0,0.327596575021744,0,0.263999626040459,0,0,0,0.286510643633929,0,0.297832784242928,0,0,0,0.277377406756083,0.304859220981598,0.291022323071957,0,0,0,0,0,0.206242345273495,0,0.327222902210135,0,0.328581094741821,0,0.166828271163547,0,0,0.331349343951069,0,0,0,0,0,0,0,0,0,0.341045862436295,0,0,0,0,0,0.28804295190743,0,0.328038940827052,0.198966730099458,0,0.297560083422255,0,0
0,0.272382318973541,0,0.265113820924478,0,0.231183195938667,0,0.217656037637166,0,0.237187770505746,0,0,0,0.216004893183708,0,0.220421270600387,0,0,0,0,0,0,0,0,0,0,0,0,0,0,0,0,0,0,0,0,0,0,0,0,0,0,0,0,0,0,0,0,0,0,0,0,0,0.214994322550431,0,0.300258696079254,0,0.254061530033747,0,0.257375646756726,0,0.280707327829253,0,0,0,0,0,0,0,0,0,0,0,0,0,0,0,0,0,0,0,0,0.219918303561549,0,0,0,0
0,0,0,0,0.161994874477386,0,0.175151155640682,0,0,0,0.191974038496996,0,0,0,0,0,0,0,0,0,0,0,0,0,0,0,0,0,0,0,0,0,0,0,0,0,0,0,0,0,0,0,0,0,0,0,0,0,0,0,0,0,0,0,0,0,0.185666725039482,0,0,0,0,0,0,0,0,0,0,0,0,0,0,0,0,0,0,0,0,0,0,0,0,0,0.162600246568521,0,0,0,0
0,0,0,0,0,0.207679151909219,0,0.208942176062402,0,0,0,0,0,0.2217954347531,0,0,0,0,0,0,0,0,0,0,0,0,0,0,0,0,0,0,0,0,0,0,0,0,0,0,0,0,0,0,0,0,0,0,0,0,0,0.214994322550431,0,0,0,0,0,0,0,0.201057726051658,0,0,0,0,0,0,0,0,0,0,0,0,0,0,0,0,0,0,0,0,0,0,0.235276106171883,0.192898243665695,0,0,0
0.257636216443938,0,0.30585950471106,0,0.202961359136175,0,0,0,0.222394120317244,0,0,0,0,0,0.217020447875531,0,0,0,0,0,0,0,0,0,0.198154098102971,0,0.168518726210125,0,0,0,0,0,0,0,0.333921283483505,0,0,0,0.296286924441058,0,0.320163071155548,0,0.279600873589516,0,0,0,0.266360759735107,0,0.286703690886497,0,0.206242345273495,0,0,0,0,0,0.319702386856079,0,0,0,0.202240063198682,0,0,0,0,0,0,0.178531748981311,0,0.172574049136678,0,0,0,0,0,0,0,0,0,0,0,0.245473773811351,0.226856008394441,0,0.280685044432941,0,0
0,0.218769718122189,0,0.238821477204764,0,0.248594444990158,0,0,0.248713947832584,0.253246853276314,0,0,0,0,0,0,0.226548300186793,0.221070968856414,0.250525303184986,0,0,0,0,0.27840009426817,0,0.224325877428055,0,0,0,0,0,0,0,0,0,0,0,0,0,0,0,0,0,0,0,0,0,0,0,0.258651933073997,0,0.300258696079254,0,0,0,0,0,0,0,0.299046993255615,0,0.200343071059747,0,0,0,0,0.213513027344431,0,0.199518598616123,0,0,0,0,0,0,0,0,0,0,0,0,0,0.235685101888153,0,0.283314098914464,0,0
0,0,0.319946585713249,0,0.301889624477418,0,0.166705787181854,0,0.340062079330285,0,0.237417041356194,0,0.182533591985703,0,0,0,0.344557780358526,0.327970046888698,0.350963450419275,0,0.317771462914017,0,0.350215047597885,0,0.37493497133255,0,0,0,0,0,0.206710322587578,0,0.307986080646515,0.309761822223663,0.319404989480972,0.28743189573288,0.308487954549491,0,0.354195535182953,0.359308996370861,0.319216577587901,0.323388015070269,0.325626427460068,0.353497087955475,0.429646720488866,0.325652301311493,0.349604866229365,0.317665464737836,0.312850596079993,0.361038798093796,0.327222902210135,0,0.185666725039482,0,0.319702386856079,0,0,0.323881983757019,0.30783401821789,0,0.32363122013899,0,0,0.363956060357661,0,0.340691775083542,0,0,0,0.313117116689682,0,0.308539326520676,0.343759685754776,0.357935602603288,0,0,0,0,0.327588185667992,0.32760095611636,0.35015084180567,0.357300078257536,0.312446934390156,0,0.360126410747023,0.310200560092926,0.359381784928725
0,0,0,0.290254290614809,0,0.245959700312879,0,0.251135021448135,0,0,0,0.257339519783288,0,0.209968096613884,0,0.220308975875378,0.328032374382019,0.337879225611687,0.351346198356513,0.322674767507447,0,0.342113880692302,0,0,0,0,0,0,0,0.187479913234711,0,0,0,0.363088846206665,0,0.296434116860231,0,0.250135171317285,0,0.344870144620948,0,0.327882956304985,0.287680705388387,0.399930546060205,0,0.354041400645416,0.320720076560974,0.314982922747731,0.320656090974808,0.295027435797712,0,0.254061530033747,0,0,0,0,0.323881983757019,0,0,0.216563719814937,0,0.24683062856396,0.357729488313198,0,0.41246277353038,0,0,0,0,0,0.35592171450456,0,0.372905222744477,0.341938108205795,0,0,0.331315934658051,0,0.313899193111406,0.365938544273376,0.403501816486057,0.305710390210152,0.304198987190686,0.292611360549927,0.346006250335085,0.367711404357294,0.306502044200897
0,0,0,0,0,0,0,0,0,0,0,0,0.196041093269984,0,0.257738720093455,0,0,0,0,0,0,0,0,0,0,0,0,0,0,0,0,0,0,0,0,0,0,0,0,0,0,0,0,0,0,0,0,0,0,0,0.328581094741821,0,0,0,0,0,0.30783401821789,0,0,0,0,0,0,0.297462791204453,0,0,0,0,0,0,0,0,0,0,0,0,0,0,0,0,0,0,0,0,0,0,0
0,0,0,0,0,0.2734624111091,0,0.202781601037298,0,0.231835688650608,0,0.201215655463082,0,0.232288568850171,0,0.218383677516665,0,0,0,0,0,0,0,0,0,0,0,0.301383703947067,0,0,0,0,0,0,0,0,0,0,0,0,0,0,0,0,0,0,0,0,0,0.225202657282352,0,0.257375646756726,0,0.201057726051658,0,0.299046993255615,0,0.216563719814937,0,0,0,0.220440213201624,0,0,0,0,0,0,0,0,0.135385076701641,0,0,0,0,0,0,0,0,0,0,0,0.35711815237999,0.346390873193741,0,0,0
0.239364968907779,0,0,0,0,0,0,0,0.248272486801805,0,0,0,0,0,0.207849709227616,0,0.184736896838461,0,0.301052302122116,0,0,0,0,0,0,0,0,0,0,0,0,0,0,0,0,0,0,0,0,0,0,0,0,0,0,0,0,0,0.21865704562515,0,0.166828271163547,0,0,0,0.202240063198682,0,0.32363122013899,0,0,0,0,0,0,0,0,0,0,0,0,0.23019178211689,0,0.22978763282299,0,0,0,0,0,0,0,0,0,0,0.223025324443976,0,0,0,0
0,0.205090522766113,0,0.259464563034913,0,0.202052894693155,0,0,0,0.217355841192706,0,0,0,0.153629486576061,0,0.215652181873462,0.225833369249647,0.202033994394705,0.259739615899675,0,0,0.246929883956909,0,0.237842626571655,0.246148407459259,0.216569058597088,0.192186549305916,0,0,0,0,0,0,0,0,0,0,0,0,0,0,0.314023703336716,0,0,0,0,0,0,0,0.328501492738724,0,0.280707327829253,0,0,0,0.200343071059747,0,0.24683062856396,0,0.220440213201624,0,0,0,0,0,0,0,0,0.246066691194262,0.211502522230148,0,0,0,0,0,0,0,0,0,0,0,0,0.221609154620836,0.201055851120215,0,0,0
0,0,0,0.270677814881007,0,0.335917714897913,0,0,0.36071839928627,0,0,0.207224950996729,0,0,0,0,0,0.328913807868958,0.343418325696673,0.247199727064857,0,0.322795137763023,0,0,0,0,0,0,0,0,0,0,0,0.393745532631874,0.397699912389119,0.164112206929781,0,0.275897298540388,0,0.318799654348085,0.307744309306145,0.363667352321052,0.341656645139058,0.387265612681707,0,0.345650130649449,0.34817598760128,0.359853687707116,0.308499439196153,0.389760815074195,0,0,0,0,0,0,0,0.357729488313198,0,0,0,0,0,0,0.344832882285118,0,0,0,0,0,0.359544197718302,0,0.355414123979607,0,0,0,0.310134472031342,0,0.283715767724027,0.322128420074781,0.294035781041601,0,0.302987402452058,0.272043541073799,0.306507739099109,0.344313907623291,0
