0,0,5.76104731777995,0,0,0,0,0,6.09285481475847,0,0,0,0,0,0,0,30.3856423695882,0,31.3761027612184,0,0,73.6146240234375,0,0,17.3060455322266,0,0,0,0,0,0,0,0,0,0,0,58.241236277989,50.3197860717773,44.248221206665,0,37.2724816004435,0,31.7259196405825,0,0,0,24.9476959004122,43.203093020502,7.05613743973539,0,0,0,0,0,5.06195959628828,0,3.53507400126684,0,0,0,3.81199765773047,0,0,47.9835433959961,0,0,0,0,0,0,0,19.1936168670654,0,34.2783536911011,0,0,0,0,0,39.2528118739312,48.9432106018066,37.5399264966027,11.9903588421384,0,17.1307128362218,0,28.4305413564046
0,0,0,7.56481394705196,0,14.7604322433472,0,0,0,7.00938640912374,0,0,0,0,0,0,0,0,4.09610962867737,0,0,0,0,15.9543145664951,0,0,0,0,0,0,0,0,0,0,0,0,0,23.2909211725802,0,0,0,21.8624286429827,0,0,0,0,0,0,0,6.78347766459692,0,0,0,0,0,4.86956354965865,0,5.73088552951813,0,0,0,6.10646414756775,15.3188682556152,0,0,0,8.56393576369566,0,21.0984592437744,0,3.30162668228149,0,0,0,0,0,0,0,41.5036506652832,0,0,0,10.6456737645467,38.7264175415039,13.405600957713,0,0
5.76104731777995,0,0,0,6.31975164413452,0,0,0,14.4065785191276,0,0,0,0,0,3.60739199681716,0,0,0,0,0,0,0,0,0,0,0,0,0,0,0,0,0,0,0,0,0,35.5527601242065,0,29.4060395558675,0,44.6028938293457,50.4029541015625,22.6433407091627,0,0,0,6.22411519405889,54.2069116789719,43.3380220095317,0,4.67306797592728,0,0,0,4.00205422548147,0,9.69764067187454,0,0,0,4.29870497627097,0,0,19.9241369420832,0,0,0,0,0,0,0,0,0,30.1738322575887,0,0,0,0,0,39.8893394470215,0,34.8954582214355,18.6461088321827,0,8.3796864895136,0,19.6843519210815
0,7.56481394705196,0,0,0,5.83115997765828,0,0,0,8.21845373842451,0,0,0,0,0,0,0,57.6428451538086,58.3429705301921,0,0,0,0,27.5724668502808,0,0,0,0,0,0,0,0,0,0,0,18.9383744398753,0,29.4036516825358,0,41.8265462239583,0,24.8351535048596,42.7417831420898,0,0,20.454628944397,0,52.4144878387451,0,8.16190502962728,0,4.62815083672729,0,0,0,10.2892873894085,0,18.9024230650333,0,3.63022913117158,0,4.68716918338429,23.8483166694641,0,0,0,42.0199356079102,0,0,0,0,0,28.9003742605016,0,0,0,0,0,48.6465816497803,78.6343460083008,40.4423700714111,0,9.65717159340538,0,15.2292807788427,16.0854022502899,0
0,0,6.31975164413452,0,0,0,2.74674789110819,0,8.17597779360685,0,0,0,0,0,0,0,0,0,45.5037689208984,0,6.29441351206728,0,0,0,0,0,0,0,0,0,0,0,0,0,0,0,54.4013627370199,0,74.4266204833984,0,61.1802177429199,0,36.0666554524348,0,0,0,35.7202516555786,97.8562240600586,45.1894674301147,0,4.96056479499454,0,3.57030940055847,0,2.75209808349609,0,32.8208489815394,0,3.89640235900879,0,3.64276891488295,0,0,9.84354630972715,0,0,0,0,0,0,0,0,0,40.3679769897461,0,0,0,0,0,52.1634955406189,0,45.1124571523359,4.56346119735755,4.07612711733038,14.5453556074036,0,0
0,14.7604322433472,0,5.83115997765828,0,0,0,3.50861070553462,0,3.55387350787287,0,0,0,3.12083037694295,0,0,0,0,0,5.30496583535121,0,0,0,0,0,0,0,0,0,0,0,0,0,0,0,29.5102367401123,0,40.6600646972656,0,49.2258631388346,0,39.9717171390851,0,0,0,15.1167765458425,0,56.513368334089,0,50.821618715922,0,3.3625114420627,0,3.68578267097473,0,4.76216074398586,0,32.034489774704,0,0,0,0,8.37336370231882,0,0,0,0,0,0,0,0,0,38.72286901474,0,0,0,0,0,43.2204764229911,0,49.6775984330611,0,8.29131647241794,4.07187586672166,10.7034389542287,32.4914506276449,0
0,0,0,0,2.74674789110819,0,0,0,0,0,5.73705698314466,0,0,0,0,0,0,0,0,0,9.47279513328838,0,0,0,0,0,0,0,0,0,0,0,0,0,0,0,0,0,0,0,0,0,0,0,0,0,0,0,0,0,3.37536358833313,0,3.5975957277086,0,0,0,4.5248114267985,0,4.29546297921075,0,0,0,0,11.2441068490346,0,0,0,0,0,0,0,0,0,0,0,0,0,0,0,0,0,0,4.87446391334136,0,0,0,0
0,0,0,0,0,3.50861070553462,0,0,0,0,0,5.39616017703769,0,2.97804634602039,0,0,0,0,0,0,0,0,0,0,0,0,0,0,0,0,0,0,0,0,0,0,0,0,0,0,0,0,0,0,0,0,0,0,0,0,0,3.74002935205187,0,3.26872569939186,0,0,0,4.0895330544674,0,3.02614465881796,0,0,0,0,0,0,0,0,0,0,0,0,0,0,0,0,0,0,0,0,0,0,4.99093425273895,0,0,0,0
6.09285481475847,0,14.4065785191276,0,8.17597779360685,0,0,0,0,0,0,0,0,0,16.6424369513988,52.3142547607422,19.3105725753757,39.4233422128778,25.1159988150877,0,0,0,0,36.5949363708496,9.1855356067419,0,15.4417052268982,0,0,0,0,0,0,0,0,0,0,43.3368654251099,12.5035028244132,0,0,51.8919807434082,34.1484800775846,0,0,0,51.2583618164062,39.5420565133566,26.9869904253218,0,0,0,0,0,4.6013150371489,0,0,0,0,0,5.61027915694497,0,0,56.0624771118164,0,0,0,5.50008851927032,0,0,0,0,0,0,0,0,0,0,65.4800033569336,68.408272213406,87.43896484375,10.3185525966596,9.20156514644623,9.52925701141357,9.16214539316803,0,39.0890865325928
0,7.00938640912374,0,8.21845373842451,0,3.55387350787287,0,0,0,0,0,0,0,0,0,4.22504806518555,33.4723787307739,4.84497880935669,0,0,0,0,0,5.61141549298461,0,3.22899413108826,0,0,0,0,0,0,0,0,0,0,0,12.1434417774117,0,0,0,9.65354812939962,0,0,0,0,0,23.6412086486816,0,16.850040435791,0,0,0,0,0,5.00970089955618,0,20.1364002227783,0,0,0,11.5277121861776,20.6326904296875,0,0,0,6.71410654034725,0,4.71705195733479,0,0,0,18.8719348907471,0,0,0,0,0,0,0,10.4579613601105,0,6.58166599253075,0,11.7831843916306,7.20195716970107,0
0,0,0,0,0,0,5.73705698314466,0,0,0,0,0,3.29448344157292,0,0,0,0,0,0,0,3.60776079976281,0,0,0,0,0,0,0,3.05700689554214,0,5.95816380155962,0,0,0,0,0,6.76362763895533,0,4.48098418916573,0,0,0,0,0,0,0,0,0,0,0,0,0,6.76899705100478,0,0,0,5.36185680607181,0,8.21052879095078,0,0,0,0,10.0682703653971,0,0,0,0,0,0,0,0,0,7.45478255389123,0,0,0,0,0,4.72690783825117,0,5.73216909053279,5.1240389135594,0,9.04969024658203,0,0
0,0,0,0,0,0,0,5.39616017703769,0,0,0,0,0,3.15585453069511,0,0,0,0,0,3.70158820564625,0,0,0,0,0,0,0,0,0,5.44206884937241,0,0,0,0,0,6.64152378781037,0,4.00675876619082,0,0,0,0,0,0,0,0,0,0,0,0,0,0,0,3.2322122500493,0,0,0,5.71579997410094,0,3.70498744079045,0,0,6.41300741521827,0,0,0,0,0,0,0,0,0,4.67436388285473,0,0,0,0,0,3.73368290786085,0,11.8435428563286,0,8.02731696455395,0,0,0,0
0,0,0,0,0,0,0,0,0,0,3.29448344157292,0,0,0,2.85288790861766,0,0,0,0,0,0,0,0,0,0,0,0,0,0,0,0,0,0,0,0,0,0,0,0,0,0,0,0,0,0,0,0,0,0,0,0,0,0,0,0,0,3.40419135774885,0,4.98142409846187,0,3.10707184672356,0,0,0,0,0,0,0,0,0,0,2.94657731056213,0,0,0,0,0,0,0,0,0,0,3.62083536102658,0,0,0,0
0,0,0,0,0,3.12083037694295,0,2.97804634602039,0,0,0,3.15585453069511,0,0,0,3.55524785816669,0,0,0,0,0,0,0,0,0,0,0,0,0,0,0,0,0,0,0,0,0,0,0,0,0,0,0,0,0,0,0,0,0,0,0,2.96034717559814,0,2.82919926643372,0,0,0,4.00707091331482,0,3.50398637383592,0,0,0,0,0,0,0,0,0,0,0,0,0,0,0,0,0,0,0,0,0,0,3.04487576308074,2.77013053212847,0,0,0
0,0,3.60739199681716,0,0,0,0,0,16.6424369513988,0,0,0,2.85288790861766,0,0,0,10.4738248464299,42.739813486735,35.0567655563354,0,0,0,0,0,27.546745300293,0,4.51711836457253,0,0,0,0,0,0,0,0,0,0,0,0,0,0,0,0,0,0,0,0,0,0,0,0,0,0,0,9.63604593276978,0,0,0,2.87081858317057,0,3.00717478990555,0,0,0,0,0,0,0,0,0,0,0,0,0,0,0,0,0,0,0,0,0,11.0967334285378,11.9783058166504,0,0,0
0,0,0,0,0,0,0,0,52.3142547607422,4.22504806518555,0,0,0,3.55524785816669,0,0,0,12.3386126935482,18.1140766143799,0,0,0,0,7.18229729287765,0,0,0,11.6352186203003,0,0,0,0,0,0,0,0,0,0,0,0,0,0,0,0,0,0,0,0,0,0,0,0,0,0,0,4.68636812661823,0,0,0,3.47562804222107,0,4.05048217450158,0,0,0,0,0,0,5.9955152254256,0,6.45517635345459,0,0,0,0,0,0,0,0,0,0,0,4.94458674963783,0,0,0,0
30.3856423695882,0,0,0,0,0,0,0,19.3105725753757,33.4723787307739,0,0,0,0,10.4738248464299,0,0,22.0242877924071,22.601470696194,0,0,0,9.40454721450806,31.4680331303523,15.542665267191,0,6.43803881156829,0,4.22620058059692,0,0,0,0,0,0,94.1524293687608,84.8596050739288,98.8096132278442,99.6262512207031,71.8177022580747,63.8798029899597,60.230792341098,42.4874233373992,48.2457588195801,45.5967051188151,0,58.4711390686035,0,0,0,0,0,0,0,18.8710336458115,0,80.7222646077474,82.6668930053711,0,0,12.5302380143471,31.8277397155762,80.5203481401716,69.4377715166877,0,0,0,2.74198484420776,0,14.7229924752162,0,0,75.7764144897461,57.0878677368164,0,0,0,0,80.6788606067632,67.1827930560328,83.5759931291853,62.9037399030712,15.9513893902891,13.4356647944665,54.1390514529693,57.7737611573318,40.6079711914062
0,0,0,57.6428451538086,0,0,0,0,39.4233422128778,4.84497880935669,0,0,0,0,42.739813486735,12.3386126935482,22.0242877924071,0,20.6366927383394,0,0,3.73753190040588,0,9.61229533813187,40.3808963298798,3.50941966496981,0,2.90037852525711,0,0,0,0,0,0,0,89.6793670654297,91.5963821411133,98.6277046203613,112.778984069824,68.8401984012488,73.9599669774373,48.9519358701812,61.3574614943119,39.2940292358398,0,0,77.9250728062221,0,0,66.4242858886719,0,0,0,0,32.4995899200439,0,0,93.9692993164062,0,0,35.7713043689728,15.373806476593,72.1013666152954,89.695565032959,4.23372077941895,0,5.78017804680801,0,2.94228935241699,31.6728210449219,0,0,61.8722106933594,102.845825195312,0,0,0,0,75.3877582034549,77.8270266638862,74.8606399808611,80.9539394378662,15.4657287282255,10.1688386758649,62.2702175372213,46.271207291147,56.8427025931222
31.3761027612184,4.09610962867737,0,58.3429705301921,45.5037689208984,0,0,0,25.1159988150877,0,0,0,0,0,35.0567655563354,18.1140766143799,22.601470696194,20.6366927383394,0,0,66.2685699462891,0,0,16.3005148834652,39.6824960708618,0,0,0,0,0,0,0,0,0,0,62.865435893719,67.2813274720136,69.5463138998371,68.8230480194092,46.4469335518994,41.3060609277976,27.4211514641874,24.1356934916508,20.8953491013225,30.5107600038702,52.531416620527,38.0138555935451,53.7130239804586,58.6921672821045,48.9635687934028,31.8979015350342,0,0,0,26.7933523654938,0,47.0707653045654,26.0277556283133,0,0,37.874652226766,18.3243751525879,53.1902617203562,50.8568465754671,0,0,9.9136860370636,0,0,0,0,0,27.6073448879203,41.4157984360405,0,0,0,0,52.2702854388057,46.08532814139,44.8108354431644,41.631523710986,16.3426345581536,19.6132441987383,28.8593023349632,23.2365915307272,21.542900146522
0,0,0,0,0,5.30496583535121,0,0,0,0,0,3.70158820564625,0,0,0,0,0,0,0,0,0,0,0,0,0,0,0,0,0,0,0,0,0,0,0,3.994113465398,0,6.65375019572542,0,0,0,19.7429161071777,0,0,0,10.7779649098714,0,0,0,0,0,0,0,0,0,0,0,6.8308242389134,0,0,0,0,6.67048990910625,0,0,0,0,0,0,0,0,0,5.88688787661101,0,0,0,0,0,5.75185619802583,0,10.0405251185099,0,4.57158806531326,7.3843846321106,13.1229154723031,0,0
0,0,0,0,6.29441351206728,0,9.47279513328838,0,0,0,3.60776079976281,0,0,0,0,0,0,0,66.2685699462891,0,0,0,0,0,0,0,0,0,0,0,0,0,0,0,0,0,8.74469516833623,0,33.8942905727186,0,49.6744632720947,0,30.4270210266113,0,0,0,13.0437784194946,38.7647438049316,40.4842999776204,0,5.11062827398037,0,10.9604694954703,0,0,0,5.50518986673066,0,0,0,0,0,0,7.52629509102837,0,0,0,0,0,0,0,0,0,12.1945444251714,0,0,0,0,0,7.13241461361289,0,17.4710007143802,8.57905840422808,11.6544505755107,13.6153360926188,0,0
73.6146240234375,0,0,0,0,0,0,0,0,0,0,0,0,0,0,0,0,3.73753190040588,0,0,0,0,5.87765285372734,7.43744349479675,0,3.78088282911401,0,4.18826450972722,0,0,0,0,0,0,39.7590637207031,0,0,9.70023170408312,43.9056711196899,0,0,0,0,0,0,0,0,23.6304741123744,0,15.1198535148914,0,0,0,0,0,0,0,0,0,0,0,0,0,0,5.0782578490764,8.22459316253662,9.18572736601544,0,4.6725397271079,0,7.17327340467867,0,0,0,0,0,0,0,0,0,9.41849524925207,0,4.42573225157602,4.33256525104329,13.7827907800674,0,0
0,0,0,0,0,0,0,0,0,0,0,0,0,0,0,0,9.40454721450806,0,0,0,0,5.87765285372734,0,0,6.23248568839497,0,3.99438174565633,0,12.6830637135676,0,0,0,0,0,0,0,0,0,9.22666538037931,0,0,0,0,0,0,0,0,28.3770936330159,5.43246852461971,0,0,0,0,0,0,0,0,0,0,0,0,0,0,0,0,4.85870112023553,0,4.10041128396988,0,4.02535680184762,0,10.3162385225296,0,0,0,0,0,0,0,0,0,8.02932360544,4.22442030054421,5.29823234301655,0,0,0
0,15.9543145664951,0,27.5724668502808,0,0,0,0,36.5949363708496,5.61141549298461,0,0,0,0,0,7.18229729287765,31.4680331303523,9.61229533813187,16.3005148834652,0,0,7.43744349479675,0,0,0,4.21465942131321,0,0,0,0,0,0,0,0,0,0,0,5.31506733159182,0,0,0,11.252065628767,0,0,0,0,0,26.5939331054688,0,16.3867354393005,0,0,0,0,0,7.45333185424543,0,0,0,0,0,7.64472077059191,0,0,6.69819802823274,0,3.84228185339177,0,4.88570023135493,0,0,0,0,0,0,0,0,0,70.5550003051758,0,6.87334548007874,37.837776184082,7.41756342891498,0,14.8522461993354,12.0557466030121,0
17.3060455322266,0,0,0,0,0,0,0,9.1855356067419,0,0,0,0,0,27.546745300293,0,15.542665267191,40.3808963298798,39.6824960708618,0,0,0,6.23248568839497,0,0,0,4.9233950651609,0,0,0,0,0,0,0,0,0,0,0,8.73190935782933,84.4850540161133,0,0,3.57282567024231,0,0,0,0,24.3947534561157,7.93828097979228,0,0,0,0,0,5.96954317350645,0,0,0,0,0,0,0,0,0,0,6.81189371574493,0,5.84863343697191,0,3.7342823439456,0,0,0,0,0,0,0,0,0,0,0,9.85593867551333,6.67482431935814,27.6254043579102,12.2651700833265,0,0
0,0,0,0,0,0,0,0,0,3.22899413108826,0,0,0,0,0,0,0,3.50941966496981,0,0,0,3.78088282911401,0,4.21465942131321,0,0,0,3.53894116640091,0,0,0,0,0,0,0,0,0,0,0,0,0,0,0,0,0,0,0,0,0,0,0,0,0,0,0,7.37826156616211,0,0,0,0,0,7.81533899307251,0,0,8.93577301502228,0,6.90380869592939,0,4.30521188349337,0,5.99132791537683,0,0,0,0,0,0,0,0,0,0,0,4.50353337170785,0,0,0,0
0,0,0,0,0,0,0,0,15.4417052268982,0,0,0,0,0,4.51711836457253,0,6.43803881156829,0,0,0,0,0,3.99438174565633,0,4.9233950651609,0,0,0,3.17583799362183,0,0,0,0,0,0,0,0,0,0,0,0,0,0,0,0,0,0,0,0,0,0,0,0,0,3.68122091600972,0,0,0,0,0,3.86431817213694,0,0,0,0,0,0,0,0,3.45014169969057,0,3.16324596405029,0,0,0,0,0,0,0,0,0,0,13.8066054923194,0,0,0,0
0,0,0,0,0,0,0,0,0,0,0,0,0,0,0,11.6352186203003,0,2.90037852525711,0,0,0,4.18826450972722,0,0,0,3.53894116640091,0,0,0,4.44258888932162,0,0,0,0,0,0,0,3.73546674034812,0,0,0,0,0,0,0,0,0,0,0,0,0,0,0,0,0,0,0,0,0,4.29703601315725,0,0,0,0,4.92646521992154,0,0,0,5.89684812034049,0,4.79407725692435,0,6.29756604205994,0,0,0,0,0,0,0,0,0,4.10176131769192,4.47120178924812,0,0,0
0,0,0,0,0,0,0,0,0,0,3.05700689554214,0,0,0,0,0,4.22620058059692,0,0,0,0,0,12.6830637135676,0,0,0,3.17583799362183,0,0,0,2.8404933756048,0,0,0,0,0,0,0,3.91787850379944,0,0,0,0,0,0,0,0,0,0,0,0,0,0,0,0,0,0,0,0,0,0,0,0,0,0,3.37423678600427,0,0,0,5.49034767150879,0,4.3259854348416,0,0,0,0,0,0,0,0,0,0,6.48060730099678,2.96080676714579,0,0,0
0,0,0,0,0,0,0,0,0,0,0,5.44206884937241,0,0,0,0,0,0,0,0,0,0,0,0,0,0,0,4.44258888932162,0,0,0,0,0,0,0,0,0,3.04456147119458,0,0,0,0,0,0,0,0,0,0,0,0,0,0,0,0,0,0,0,4.60421740119137,0,0,0,0,0,0,0,0,0,0,0,0,7.85387887759086,0,5.2860741990496,0,0,0,0,0,0,0,3.36300539970398,0,3.90624622565049,0,0,0,0
0,0,0,0,0,0,0,0,0,0,5.95816380155962,0,0,0,0,0,0,0,0,0,0,0,0,0,0,0,0,0,2.8404933756048,0,0,0,0,0,0,0,0,0,4.79005742813489,0,0,0,0,0,0,0,0,0,0,0,0,0,0,0,0,0,5.31444883346558,0,0,0,0,0,0,0,0,0,0,0,0,0,0,2.74660024642944,0,5.58159085305314,0,0,0,0,0,0,0,7.31951806515078,3.50029534050542,2.74528050422668,0,0,0
0,0,0,0,0,0,0,0,0,0,0,0,0,0,0,0,0,0,0,0,0,0,0,0,0,0,0,0,0,0,0,0,5.44965167971034,6.7835853099823,10.0179705619812,3.88485192003208,4.23284440882066,0,0,0,0,0,0,0,0,0,0,5.09719284147629,0,0,0,0,0,0,0,0,0,0,0,0,0,0,0,0,0,0,0,0,0,0,0,0,0,0,6.13602067460038,14.0287416361961,24.1763417720795,15.9224517345428,4.27579513738393,0,0,0,4.10856881629764,0,0,0,0
0,0,0,0,0,0,0,0,0,0,0,0,0,0,0,0,0,0,0,0,0,0,0,0,0,0,0,0,0,0,0,5.44965167971034,0,3.92598763379184,6.98090482675112,0,3.58442013749236,0,0,0,15.0345687866211,0,0,0,0,0,0,5.36672905921936,13.3100271224976,0,0,0,0,0,0,0,0,0,0,0,0,0,0,0,0,0,0,0,0,0,0,0,0,0,6.99912722374296,4.90827356766407,7.14961881637573,6.58363999903781,0,5.35822244281443,0,0,3.55121052265167,0,0,0,0
0,0,0,0,0,0,0,0,0,0,0,0,0,0,0,0,0,0,0,0,0,0,0,0,0,0,0,0,0,0,0,6.7835853099823,3.92598763379184,0,4.010426781199,3.54532841380668,0,4.08141076564789,22.7294311523438,0,0,0,0,0,0,0,0,5.77166195424174,0,11.1276459097862,0,0,0,0,0,0,0,0,0,0,0,0,0,0,0,0,0,0,0,0,0,0,0,0,9.92878288360539,8.02028055701937,5.50849737685089,5.36362720892681,9.3531100941293,0,7.70471098092611,35.6127433776855,4.11050172175391,4.07285183668137,13.8620176315308,0,0
0,0,0,0,0,0,0,0,0,0,0,0,0,0,0,0,0,0,0,0,0,39.7590637207031,0,0,0,0,0,0,0,0,0,10.0179705619812,6.98090482675112,4.010426781199,0,0,6.95179133010762,29.0210847854614,6.46539488470698,0,0,0,0,0,0,0,0,5.75054673766909,21.7476425170898,21.4090026219686,0,0,0,0,0,0,0,0,0,0,0,0,0,0,0,0,0,0,0,0,0,0,0,0,7.41184117577293,6.80891191462676,5.44587807644643,5.65775535789642,0,6.93307472816621,0,5.63456045422647,8.74159729338828,3.66852786540985,28.2328929901123,0,0
0,0,0,18.9383744398753,0,29.5102367401123,0,0,0,0,0,6.64152378781037,0,0,0,0,94.1524293687608,89.6793670654297,62.865435893719,3.994113465398,0,0,0,0,0,0,0,0,0,0,0,3.88485192003208,0,3.54532841380668,0,0,3.11802802483241,8.18140668311114,0,59.9390987668719,0,44.3356609591122,74.5008087158203,43.0064315795898,0,15.4804131214968,0,5.22740366242149,4.87297534942627,23.0620595095109,0,0,0,0,0,0,0,33.1484093864759,0,0,0,0,11.0656158919237,0,0,0,0,0,0,0,0,0,54.8737613677979,0,7.15198955081758,0,5.04153166027189,0,5.80436089769171,3.78451672353243,9.68620904032717,0,8.87716836045808,0,32.4503395393542,43.2960189109625,0
58.241236277989,0,35.5527601242065,0,54.4013627370199,0,0,0,0,0,6.76362763895533,0,0,0,0,0,84.8596050739288,91.5963821411133,67.2813274720136,0,8.74469516833623,0,0,0,0,0,0,0,0,0,0,4.23284440882066,3.58442013749236,0,6.95179133010762,3.11802802483241,0,101.669849395752,6.95690556615017,117.079948425293,26.4120335696173,92.622428894043,38.3638495113073,0,61.79026222229,0,22.4467818803054,10.0115040082198,28.6466940641403,25.1680978139242,79.0517120361328,0,0,0,0,0,23.5815656459693,44.7151336669922,0,0,0,0,120.093063354492,17.928035985665,0,0,0,0,0,0,0,0,46.899055480957,47.4118112657891,0,15.1227652922921,0,10.5083635925389,0,6.19379656831965,0,12.3996667532211,6.83045601415956,6.18023209273815,31.4718737641212,99.9073104858398,38.7155768076579
50.3197860717773,23.2909211725802,0,29.4036516825358,0,40.6600646972656,0,0,43.3368654251099,12.1434417774117,0,4.00675876619082,0,0,0,0,98.8096132278442,98.6277046203613,69.5463138998371,6.65375019572542,0,9.70023170408312,0,5.31506733159182,0,0,0,3.73546674034812,0,3.04456147119458,0,0,0,4.08141076564789,29.0210847854614,8.18140668311114,101.669849395752,0,10.3602574823572,83.5779392242432,0,37.0604636547058,76.3991133371989,52.2156874338786,0,32.988868939435,0,8.34112710475527,0,7.03557315382501,0,0,0,0,0,10.0446024513245,0,7.40463027201201,0,0,0,0,16.7550172083916,0,8.11013326736597,0,8.87201325326462,0,14.1210515975952,0,6.55368161201477,0,4.47770511796114,0,0,0,3.76401098569234,0,15.661322617658,29.8768196105957,6.47962198231531,9.30906693831734,10.0225448317266,4.74461863682392,35.8308358065174,29.5452228098608,0
44.248221206665,0,29.4060395558675,0,74.4266204833984,0,0,0,12.5035028244132,0,4.48098418916573,0,0,0,0,0,99.6262512207031,112.778984069824,68.8230480194092,0,33.8942905727186,43.9056711196899,9.22666538037931,0,8.73190935782933,0,0,0,3.91787850379944,0,4.79005742813489,0,0,22.7294311523438,6.46539488470698,0,6.95690556615017,10.3602574823572,0,0,72.966547648112,0,13.2398114336403,0,0,0,56.7708932876587,10.966031331246,6.18867453535398,30.6052606582642,0,0,0,0,13.0938472584502,0,8.80862463938507,0,0,0,0,0,0,29.6150574136953,46.7852478027344,7.76308102095687,39.3354971749442,9.50194406138801,45.305477142334,0,0,3.096353434569,0,4.46225537061691,0,0,0,11.5390257526088,0,12.0361734825875,11.1806901785044,6.65551775176068,5.65623348906298,5.31811470488098,17.5718335404618,0,23.2518222067091
0,0,0,41.8265462239583,0,49.2258631388346,0,0,0,0,0,0,0,0,0,0,71.8177022580747,68.8401984012488,46.4469335518994,0,0,0,0,0,84.4850540161133,0,0,0,0,0,0,0,0,0,0,59.9390987668719,117.079948425293,83.5779392242432,0,0,79.5931915283203,25.8032303042666,65.4656349630917,31.945711517334,0,12.8934792901018,72.6310195922852,11.613489734275,85.8502998352051,10.3057837627105,0,0,0,0,0,0,0,46.2338271935781,0,0,0,0,13.863674480758,78.7085304260254,0,0,0,0,0,0,0,0,52.5666024949816,79.8078727722168,0,0,0,0,22.2036646831082,82.3768920898438,37.2418657999772,82.6362711588542,44.3739061280022,0,21.3526288075957,46.2977196872234,69.6352939605713
37.2724816004435,0,44.6028938293457,0,61.1802177429199,0,0,0,0,0,0,0,0,0,0,0,63.8798029899597,73.9599669774373,41.3060609277976,0,49.6744632720947,0,0,0,0,0,0,0,0,0,0,0,15.0345687866211,0,0,0,26.4120335696173,0,72.966547648112,79.5931915283203,0,64.3105204445975,19.6440243437049,65.8064193725586,27.4302894592285,0,17.2379816174507,6.09299745383086,8.90547508054075,18.558708190918,53.2175954182943,0,0,0,0,0,49.3048219373149,0,0,0,0,0,78.3241577148438,22.9964870475743,0,0,0,0,0,0,0,0,0,51.3769036429269,0,12.5044973893599,0,0,77.2885464259556,13.6015963134397,76.7587451934814,30.5810030245966,53.0048250949744,0,25.223710321497,53.0030886332194,32.4921182588089
0,21.8624286429827,50.4029541015625,24.8351535048596,0,39.9717171390851,0,0,51.8919807434082,9.65354812939962,0,0,0,0,0,0,60.230792341098,48.9519358701812,27.4211514641874,19.7429161071777,0,0,0,11.252065628767,0,0,0,0,0,0,0,0,0,0,0,44.3356609591122,92.622428894043,37.0604636547058,0,25.8032303042666,64.3105204445975,0,20.3886073256367,23.3148563558405,0,27.8893086882843,56.3173334222091,14.5503251035812,58.6514288584391,16.1609677441398,0,0,0,0,0,0,65.2369150434222,16.010873696049,0,0,0,0,28.7443930551308,67.8913444519043,0,0,11.3405981063843,0,0,0,0,0,15.1175888519225,71.3526883443197,0,0,0,0,28.0711795108753,73.8379182313618,24.6715317321719,69.7332447814941,20.8988753867105,18.1598963737488,18.3265310388001,11.6533676342825,50.2465817133586
31.7259196405825,0,22.6433407091627,42.7417831420898,36.0666554524348,0,0,0,34.1484800775846,0,0,0,0,0,0,0,42.4874233373992,61.3574614943119,24.1356934916508,0,30.4270210266113,0,0,0,3.57282567024231,0,0,0,0,0,0,0,0,0,0,74.5008087158203,38.3638495113073,76.3991133371989,13.2398114336403,65.4656349630917,19.6440243437049,20.3886073256367,0,52.0689902305603,18.8742275900311,36.6123479207357,21.4723914546351,30.6629280892073,13.9322751044362,62.1820854187012,33.6676913041335,0,0,0,0,0,17.7437790599291,69.300671895345,0,0,0,0,69.7552014864408,23.3468329346735,0,0,0,0,0,0,0,18.5669411420822,67.3726062774658,15.6938091472194,0,0,0,13.0260772705078,75.130489210649,21.6872523500153,77.438468170166,22.1501929669974,26.6123822116819,44.1455764770508,13.6886819624998,52.0440231429206,9.43362524692829
0,0,0,0,0,0,0,0,0,0,0,0,0,0,0,0,48.2457588195801,39.2940292358398,20.8953491013225,0,0,0,0,0,0,0,0,0,0,0,0,0,0,0,0,43.0064315795898,0,52.2156874338786,0,31.945711517334,65.8064193725586,23.3148563558405,52.0689902305603,0,0,0,0,0,52.6391525268555,0,0,0,0,0,0,0,0,0,0,0,0,0,27.632248878479,60.1268005371094,0,0,0,0,0,0,0,0,22.4609268188477,0,0,0,0,0,36.0001172285814,65.5249608357747,26.955400363819,75.504768371582,28.7545352135935,0,14.9904116865707,14.6839847564697,0
0,0,0,0,0,0,0,0,0,0,0,0,0,0,0,0,45.5967051188151,0,30.5107600038702,0,0,0,0,0,0,0,0,0,0,0,0,0,0,0,0,0,61.79026222229,0,0,0,27.4302894592285,0,18.8742275900311,0,0,0,28.1633348464966,0,0,0,0,0,0,0,0,0,0,0,0,0,0,0,0,39.273365020752,0,0,0,0,0,0,0,0,0,0,0,0,0,0,0,36.03442030242,75.4844589233398,39.1531681060791,49.7691099047661,0,16.7365537254434,0,0
0,0,0,20.454628944397,0,15.1167765458425,0,0,0,0,0,0,0,0,0,0,0,0,52.531416620527,10.7779649098714,0,0,0,0,0,0,0,0,0,0,0,0,0,0,0,15.4804131214968,0,32.988868939435,0,12.8934792901018,0,27.8893086882843,36.6123479207357,0,0,0,0,24.9119399758272,23.250919342041,22.2771074318447,0,15.791485786438,0,0,0,0,0,18.3536331841115,0,0,0,0,9.41909446540815,0,0,0,0,0,0,0,0,0,20.9419365253478,0,0,0,0,0,15.8711637986155,76.5214996337891,23.6614933852062,0,17.550923454691,0,12.4113090159084,24.7598218917847,0
24.9476959004122,0,6.22411519405889,0,35.7202516555786,0,0,0,51.2583618164062,0,0,0,0,0,0,0,58.4711390686035,77.9250728062221,38.0138555935451,0,13.0437784194946,0,0,0,0,0,0,0,0,0,0,0,0,0,0,0,22.4467818803054,0,56.7708932876587,72.6310195922852,17.2379816174507,56.3173334222091,21.4723914546351,0,28.1633348464966,0,0,57.5335731506348,39.9210634792552,0,33.0207935969035,0,0,0,0,0,23.398274008433,0,0,0,0,0,70.0887470245361,17.1243134787385,0,0,0,0,0,0,0,0,76.4009208679199,33.7587150372957,0,0,0,0,78.4631652832031,23.7985079663577,0,29.5542259793645,42.1857187702281,0,24.9524023752423,54.2577678135463,29.1066308498383
43.203093020502,0,54.2069116789719,52.4144878387451,97.8562240600586,56.513368334089,0,0,39.5420565133566,23.6412086486816,0,0,0,0,0,0,0,0,53.7130239804586,0,38.7647438049316,23.6304741123744,28.3770936330159,26.5939331054688,24.3947534561157,0,0,0,0,0,0,5.09719284147629,5.36672905921936,5.77166195424174,5.75054673766909,5.22740366242149,10.0115040082198,8.34112710475527,10.966031331246,11.613489734275,6.09299745383086,14.5503251035812,30.6629280892073,0,0,24.9119399758272,57.5335731506348,0,13.5049296324536,9.73893622786766,0,60.4436874389648,0,0,0,0,51.9843868928797,67.9301280975342,0,0,0,0,51.3893890380859,51.3867969512939,28.8142722203181,0,21.1034256384625,29.8682532310486,21.8364753723145,0,0,0,81.8767585754395,76.8259353637695,6.2269727911268,7.51892258105666,6.00107642507628,7.8313527630009,4.93829003613571,8.01745022099193,12.9595993879514,13.0234742050088,12.2124789740321,3.78810790005852,22.1422074276806,75.5165723164876,39.7434932163783
7.05613743973539,0,43.3380220095317,0,45.1894674301147,0,0,0,26.9869904253218,0,0,0,0,0,0,0,0,0,58.6921672821045,0,40.4842999776204,0,5.43246852461971,0,7.93828097979228,0,0,0,0,0,0,0,13.3100271224976,0,21.7476425170898,4.87297534942627,28.6466940641403,0,6.18867453535398,85.8502998352051,8.90547508054075,58.6514288584391,13.9322751044362,52.6391525268555,0,23.250919342041,39.9210634792552,13.5049296324536,0,8.14705049737971,44.9379663467407,0,0,0,4.14631253480911,0,41.9862251684263,93.8605537414551,0,0,3.36513623297215,0,0,37.6085350125335,0,2.95410680770874,0,4.79652873520712,0,3.287066808561,0,0,74.5186233520508,54.0633792375263,0,9.945549928225,0,9.32101855494759,34.9092674255371,15.3244241025231,0,19.9247397867221,18.5584597313658,0,16.5805774744798,0,21.164014339447
0,6.78347766459692,0,8.16190502962728,0,50.821618715922,0,0,0,16.850040435791,0,0,0,0,0,0,0,66.4242858886719,48.9635687934028,0,0,15.1198535148914,0,16.3867354393005,0,0,0,0,0,0,0,0,0,11.1276459097862,21.4090026219686,23.0620595095109,25.1680978139242,7.03557315382501,30.6052606582642,10.3057837627105,18.558708190918,16.1609677441398,62.1820854187012,0,0,22.2771074318447,0,9.73893622786766,8.14705049737971,0,0,0,0,0,0,16.4651389122009,64.3183536529541,18.2980397017106,0,4.27084378192299,0,4.33713216781616,33.3522935755113,34.8012708028158,16.9020517766476,0,7.36255320848203,0,4.06586055755615,0,4.10492967298903,0,10.4950251718567,0,0,0,16.5877353350321,17.9999230702718,10.0424761581089,0,7.39817082396122,28.9124412536621,21.5115480478206,0,12.4344981244329,17.9654641368172,0
0,0,4.67306797592728,0,4.96056479499454,0,3.37536358833313,0,0,0,0,0,0,0,0,0,0,0,31.8979015350342,0,5.11062827398037,0,0,0,0,0,0,0,0,0,0,0,0,0,0,0,79.0517120361328,0,0,0,53.2175954182943,0,33.6676913041335,0,0,0,33.0207935969035,0,44.9379663467407,0,0,0,0,0,3.11992731548491,0,8.64418658670389,0,3.26971427599589,0,3.36379353816693,0,0,6.92595630288124,0,0,0,0,0,0,0,0,0,37.9958161063816,0,0,0,0,0,48.7344580756293,0,40.7695306631235,57.5113067626953,0,8.36891016576971,0,29.1851291656494
0,0,0,4.62815083672729,0,3.3625114420627,0,3.74002935205187,0,0,0,0,0,2.96034717559814,0,0,0,0,0,0,0,0,0,0,0,0,0,0,0,0,0,0,0,0,0,0,0,0,0,0,0,0,0,0,0,15.791485786438,0,60.4436874389648,0,0,0,0,0,3.17939261708941,0,0,0,3.32326695498298,0,3.69150614738464,0,3.15194040934245,6.86652473414817,0,0,0,0,0,0,0,0,0,34.2300872802734,0,0,0,0,0,0,0,64.2672653198242,0,3.61660194396973,0,4.11738280285193,0,0
0,0,0,0,3.57030940055847,0,3.5975957277086,0,0,0,6.76899705100478,0,0,0,0,0,0,0,0,0,10.9604694954703,0,0,0,0,0,0,0,0,0,0,0,0,0,0,0,0,0,0,0,0,0,0,0,0,0,0,0,0,0,0,0,0,0,0,0,3.86687807991101,0,4.44003311172128,0,0,0,0,12.3514801025391,0,0,0,0,0,0,0,0,0,0,0,0,0,0,0,0,0,0,4.92020943700051,0,0,0,0
0,0,0,0,0,3.68578267097473,0,3.26872569939186,0,0,0,3.2322122500493,0,2.82919926643372,0,0,0,0,0,0,0,0,0,0,0,0,0,0,0,0,0,0,0,0,0,0,0,0,0,0,0,0,0,0,0,0,0,0,0,0,0,3.17939261708941,0,0,0,0,0,4.17725825309753,0,2.87893223762512,0,0,0,0,0,0,0,0,0,0,0,0,0,0,0,0,0,0,0,0,0,0,0,0,0,0,0
5.06195959628828,0,4.00205422548147,0,2.75209808349609,0,0,0,4.6013150371489,0,0,0,0,0,9.63604593276978,0,18.8710336458115,32.4995899200439,26.7933523654938,0,0,0,0,0,5.96954317350645,0,3.68122091600972,0,0,0,0,0,0,0,0,0,0,0,13.0938472584502,0,0,0,0,0,0,0,0,0,4.14631253480911,0,3.11992731548491,0,0,0,0,0,0,0,0,0,4.53136029497782,0,0,0,0,0,0,5.57358406165551,0,10.76225233078,0,0,0,0,0,0,0,0,0,0,0,7.32946843663348,7.87134407745318,0,4.19755846521129,0,47.1575775146484
0,4.86956354965865,0,10.2892873894085,0,4.76216074398586,0,0,0,5.00970089955618,0,0,0,0,0,4.68636812661823,0,0,0,0,0,0,0,7.45333185424543,0,7.37826156616211,0,0,0,0,0,0,0,0,0,0,0,10.0446024513245,0,0,0,0,0,0,0,0,0,0,0,16.4651389122009,0,0,0,0,0,0,0,0,0,0,0,5.25849206307355,0,0,0,0,6.00098668379956,0,12.6496133804321,0,0,0,0,0,0,0,0,0,0,0,8.39755846790432,0,7.92803778126836,0,19.5332571665446,0,0
3.53507400126684,0,9.69764067187454,0,32.8208489815394,0,4.5248114267985,0,0,0,5.36185680607181,0,3.40419135774885,0,0,0,80.7222646077474,0,47.0707653045654,0,5.50518986673066,0,0,0,0,0,0,0,0,0,5.31444883346558,0,0,0,0,0,23.5815656459693,0,8.80862463938507,0,49.3048219373149,65.2369150434222,17.7437790599291,0,0,0,23.398274008433,51.9843868928797,41.9862251684263,64.3183536529541,8.64418658670389,0,3.86687807991101,0,0,0,0,79.9396018981934,4.29636791263308,0,3.15723919868469,0,0,13.9700329575695,0,0,0,0,0,0,0,6.51902677218119,0,6.4869573838783,0,0,0,0,97.9411087036133,42.304695572964,92.7874221801758,24.2955815895744,17.0910498635556,0,15.6968243626472,69.0053825378418,16.8891976824347
0,5.73088552951813,0,18.9024230650333,0,32.034489774704,0,4.0895330544674,0,20.1364002227783,0,5.71579997410094,0,4.00707091331482,0,0,82.6668930053711,93.9692993164062,26.0277556283133,6.8308242389134,0,0,0,0,0,0,0,0,0,4.60421740119137,0,0,0,0,0,33.1484093864759,44.7151336669922,7.40463027201201,0,46.2338271935781,0,16.010873696049,69.300671895345,0,0,18.3536331841115,0,67.9301280975342,93.8605537414551,18.2980397017106,0,3.32326695498298,0,4.17725825309753,0,0,79.9396018981934,0,0,4.88211788802311,0,2.73335015773773,10.5075607899697,0,0,0,0,0,0,0,3.09377612386431,0,8.82412987132203,80.0772399902344,0,0,0,0,45.8724041308387,82.3850708007812,46.0103558063507,89.1491317749023,24.1529514982027,0,13.4320293433308,15.6397387371507,74.7709999084473
0,0,0,0,3.89640235900879,0,4.29546297921075,0,0,0,8.21052879095078,0,4.98142409846187,0,2.87081858317057,0,0,0,0,0,0,0,0,0,0,0,0,0,0,0,0,0,0,0,0,0,0,0,0,0,0,0,0,0,0,0,0,0,0,0,3.26971427599589,0,4.44003311172128,0,0,0,4.29636791263308,0,0,0,3.28082837747491,0,0,0,0,0,0,0,0,5.81172561645508,0,3.98435068130493,0,0,0,0,0,0,0,0,0,0,4.19041917664664,0,19.6166553497314,0,0
0,0,0,3.63022913117158,0,0,0,3.02614465881796,0,0,0,3.70498744079045,0,3.50398637383592,0,3.47562804222107,0,0,0,0,0,0,0,0,0,0,0,4.29703601315725,0,0,0,0,0,0,0,0,0,0,0,0,0,0,0,0,0,0,0,0,0,4.27084378192299,0,3.69150614738464,0,2.87893223762512,0,0,0,4.88211788802311,0,0,0,3.53053523131779,0,0,0,0,0,0,0,0,4.69669206920835,0,0,0,0,0,0,0,0,0,0,0,3.25817905153547,2.95958411693573,6.48327633050772,0,0
3.81199765773047,0,4.29870497627097,0,3.64276891488295,0,0,0,5.61027915694497,0,0,0,3.10707184672356,0,3.00717478990555,0,12.5302380143471,35.7713043689728,37.874652226766,0,0,0,0,0,0,0,3.86431817213694,0,0,0,0,0,0,0,0,0,0,0,0,0,0,0,0,0,0,0,0,0,3.36513623297215,0,3.36379353816693,0,0,0,4.53136029497782,0,3.15723919868469,0,3.28082837747491,0,0,0,0,0,0,0,0,5.17616766691208,0,3.83026573218797,0,3.49560041427612,0,0,0,0,0,0,0,0,0,0,11.5061390399933,0,0,0,0
0,6.10646414756775,0,4.68716918338429,0,0,0,0,0,11.5277121861776,0,0,0,0,0,4.05048217450158,31.8277397155762,15.373806476593,18.3243751525879,0,0,0,0,7.64472077059191,0,7.81533899307251,0,0,0,0,0,0,0,0,0,0,0,0,0,0,0,0,0,0,0,0,0,0,0,4.33713216781616,0,3.15194040934245,0,0,0,5.25849206307355,0,2.73335015773773,0,3.53053523131779,0,0,0,0,0,0,8.11911913553874,0,3.55312394147569,0,0,0,0,0,0,0,0,0,0,0,0,0,4.99913678971012,0,10.167409102122,0,0
0,15.3188682556152,0,23.8483166694641,0,8.37336370231882,0,0,0,20.6326904296875,0,6.41300741521827,0,0,0,0,80.5203481401716,72.1013666152954,53.1902617203562,6.67048990910625,0,0,0,0,0,0,0,0,0,0,0,0,0,0,0,11.0656158919237,120.093063354492,16.7550172083916,0,13.863674480758,78.3241577148438,28.7443930551308,69.7552014864408,27.632248878479,0,9.41909446540815,70.0887470245361,51.3893890380859,0,33.3522935755113,0,6.86652473414817,0,0,0,0,0,10.5075607899697,0,0,0,0,0,0,0,0,0,0,0,0,0,0,17.8033916372329,0,0,0,0,0,9.48843697266126,84.1740105946859,16.1535140967222,74.1830902099609,19.0549834120873,0,11.9867337485961,33.0230852762858,0
47.9835433959961,0,19.9241369420832,0,9.84354630972715,0,11.2441068490346,0,56.0624771118164,0,10.0682703653971,0,0,0,0,0,69.4377715166877,89.695565032959,50.8568465754671,0,7.52629509102837,0,0,0,0,0,0,0,0,0,0,0,0,0,0,0,17.928035985665,0,29.6150574136953,78.7085304260254,22.9964870475743,67.8913444519043,23.3468329346735,60.1268005371094,39.273365020752,0,17.1243134787385,51.3867969512939,37.6085350125335,34.8012708028158,6.92595630288124,0,12.3514801025391,0,0,0,13.9700329575695,0,0,0,0,0,0,0,0,0,0,0,0,0,0,15.3932158152262,0,21.1779346699609,0,0,0,0,93.942476272583,19.1516499424691,122.573539733887,18.8774811074015,40.5064278709334,13.2359636851719,22.4130097899958,70.6608568827311,23.7208868214782
0,0,0,0,0,0,0,0,0,0,0,0,0,0,0,0,0,4.23372077941895,0,0,0,5.0782578490764,0,6.69819802823274,0,8.93577301502228,0,4.92646521992154,0,0,0,0,0,0,0,0,0,8.11013326736597,46.7852478027344,0,0,0,0,0,0,0,0,28.8142722203181,0,16.9020517766476,0,0,0,0,0,0,0,0,0,0,0,0,0,0,0,0,10.7593705913295,0,4.86629238319986,0,5.80376921858034,0,0,0,0,0,0,0,0,0,12.1577282379258,0,5.18242956374909,8.3556010723114,22.9640865325928,0,0
0,0,0,0,0,0,0,0,0,0,0,0,0,0,0,0,0,0,0,0,0,8.22459316253662,4.85870112023553,0,6.81189371574493,0,0,0,3.37423678600427,0,0,0,0,0,0,0,0,0,7.76308102095687,0,0,0,0,0,0,0,0,0,2.95410680770874,0,0,0,0,0,0,0,0,0,0,0,0,0,0,0,0,0,0,6.73737315336863,0,4.30933964252472,0,3.28066707348478,0,0,0,0,0,0,0,0,0,9.92016488486164,5.11310201338918,5.92305618921916,0,0,0
0,8.56393576369566,0,42.0199356079102,0,0,0,0,0,6.71410654034725,0,0,0,0,0,0,0,5.78017804680801,9.9136860370636,0,0,9.18572736601544,0,3.84228185339177,0,6.90380869592939,0,0,0,0,0,0,0,0,0,0,0,8.87201325326462,39.3354971749442,0,0,11.3405981063843,0,0,0,0,0,21.1034256384625,0,7.36255320848203,0,0,0,0,0,6.00098668379956,0,0,0,0,0,8.11911913553874,0,0,10.7593705913295,0,0,0,3.88474906118293,0,0,0,0,0,0,0,0,0,0,0,8.88764910063138,42.5295448303223,10.5045433858546,0,7.31006304270913,0,0
0,0,0,0,0,0,0,0,5.50008851927032,0,0,0,0,0,0,0,2.74198484420776,0,0,0,0,0,4.10041128396988,0,5.84863343697191,0,0,0,0,0,0,0,0,0,0,0,0,0,9.50194406138801,0,0,0,0,0,0,0,0,29.8682532310486,4.79652873520712,0,0,0,0,0,5.57358406165551,0,0,0,0,0,5.17616766691208,0,0,0,0,6.73737315336863,0,0,0,4.34807637549829,0,0,0,0,0,0,0,0,0,0,0,9.24018239402954,5.08094378803553,0,5.0400776503221,0,0
0,21.0984592437744,0,0,0,0,0,0,0,4.71705195733479,0,0,0,0,0,5.9955152254256,0,2.94228935241699,0,0,0,4.6725397271079,0,4.88570023135493,0,4.30521188349337,0,5.89684812034049,0,0,0,0,0,0,0,0,0,14.1210515975952,45.305477142334,0,0,0,0,0,0,0,0,21.8364753723145,0,4.06586055755615,0,0,0,0,0,12.6496133804321,0,0,0,0,0,3.55312394147569,0,0,4.86629238319986,0,3.88474906118293,0,0,0,8.70754595294092,0,0,0,0,0,0,0,0,0,7.23268026775784,0,7.66315859014338,0,0,0,0
0,0,0,0,0,0,0,0,0,0,0,0,0,0,0,0,14.7229924752162,31.6728210449219,0,0,0,0,4.02535680184762,0,3.7342823439456,0,3.45014169969057,0,5.49034767150879,0,0,0,0,0,0,0,0,0,0,0,0,0,0,0,0,0,0,0,3.287066808561,0,0,0,0,0,10.76225233078,0,0,0,5.81172561645508,0,3.83026573218797,0,0,0,0,4.30933964252472,0,4.34807637549829,0,0,0,4.13154588323651,0,0,0,0,0,0,0,0,0,0,3.14149870475133,0,0,0,0
0,3.30162668228149,0,0,0,0,0,0,0,0,0,0,0,0,0,6.45517635345459,0,0,0,0,0,7.17327340467867,0,0,0,5.99132791537683,0,4.79407725692435,0,7.85387887759086,0,0,0,0,0,0,0,6.55368161201477,0,0,0,0,0,0,0,0,0,0,0,4.10492967298903,0,0,0,0,0,0,0,3.09377612386431,0,4.69669206920835,0,0,0,0,5.80376921858034,0,0,0,8.70754595294092,0,0,0,5.89795741736889,0,0,0,0,0,0,0,7.60675527694378,0,5.9259640284947,0,2.9177640080452,0,0
19.1936168670654,0,0,0,0,0,0,0,0,0,0,0,2.94657731056213,0,0,0,0,0,0,0,0,0,10.3162385225296,0,0,0,3.16324596405029,0,4.3259854348416,0,2.74660024642944,0,0,0,0,0,0,0,3.096353434569,0,0,0,18.5669411420822,0,0,0,0,0,0,0,0,0,0,0,0,0,6.51902677218119,0,3.98435068130493,0,3.49560041427612,0,0,15.3932158152262,0,3.28066707348478,0,0,0,4.13154588323651,0,0,0,4.24137682264501,0,0,0,0,0,0,0,0,8.38587248325348,3.04961800575256,9.14738368988037,0,0
0,0,0,28.9003742605016,0,38.72286901474,0,0,0,18.8719348907471,0,4.67436388285473,0,0,0,0,75.7764144897461,61.8722106933594,27.6073448879203,5.88688787661101,0,0,0,0,0,0,0,6.29756604205994,0,5.2860741990496,0,0,0,0,0,54.8737613677979,46.899055480957,4.47770511796114,0,52.5666024949816,0,15.1175888519225,67.3726062774658,22.4609268188477,0,20.9419365253478,76.4009208679199,81.8767585754395,74.5186233520508,10.4950251718567,0,34.2300872802734,0,0,0,0,0,8.82412987132203,0,0,0,0,17.8033916372329,0,0,0,0,0,0,0,5.89795741736889,0,0,0,0,0,0,0,50.1545191620881,91.2024116516113,7.70409041177481,0,23.1470161890508,0,19.5242234285501,17.3733229373568,74.4986775716146
34.2783536911011,0,30.1738322575887,0,40.3679769897461,0,0,0,0,0,7.45478255389123,0,0,0,0,0,57.0878677368164,102.845825195312,41.4157984360405,0,12.1945444251714,0,0,0,0,0,0,0,0,0,5.58159085305314,0,0,0,0,0,47.4118112657891,0,4.46225537061691,79.8078727722168,51.3769036429269,71.3526883443197,15.6938091472194,0,0,0,33.7587150372957,76.8259353637695,54.0633792375263,0,37.9958161063816,0,0,0,0,0,6.4869573838783,80.0772399902344,0,0,0,0,0,21.1779346699609,0,0,0,0,0,0,0,4.24137682264501,0,0,0,0,0,0,0,46.0501656913032,0,14.2651013826069,38.2902894561355,0,17.1285871581377,75.5594736735026,18.3929006272713
0,0,0,0,0,0,0,0,0,0,0,0,0,0,0,0,0,0,0,0,0,0,0,0,0,0,0,0,0,0,0,6.13602067460038,6.99912722374296,9.92878288360539,7.41184117577293,7.15198955081758,0,0,0,0,0,0,0,0,0,0,0,6.2269727911268,0,0,0,0,0,0,0,0,0,0,0,0,0,0,0,0,0,0,0,0,0,0,0,0,0,0,0,14.8660180899832,11.2866748217493,18.2903661727905,4.24787416889912,0,0,0,6.54149442440283,0,0,0,0
0,0,0,0,0,0,0,0,0,0,0,0,0,0,0,0,0,0,0,0,0,0,0,0,0,0,0,0,0,0,0,14.0287416361961,4.90827356766407,8.02028055701937,6.80891191462676,0,15.1227652922921,0,0,0,12.5044973893599,0,0,0,0,0,0,7.51892258105666,9.945549928225,0,0,0,0,0,0,0,0,0,0,0,0,0,0,0,0,0,0,0,0,0,0,0,0,0,14.8660180899832,0,0,10.7273226822461,0,4.99021399696797,0,0,8.84836281670464,0,0,0,0
0,0,0,0,0,0,0,0,0,0,0,0,0,0,0,0,0,0,0,0,0,0,0,0,0,0,0,0,0,0,0,24.1763417720795,7.14961881637573,5.50849737685089,5.44587807644643,5.04153166027189,0,3.76401098569234,0,0,0,0,0,0,0,0,0,6.00107642507628,0,16.5877353350321,0,0,0,0,0,0,0,0,0,0,0,0,0,0,0,0,0,0,0,0,0,0,0,0,11.2866748217493,0,0,7.46015222583498,5.96985422372818,0,5.08377597963109,0,5.56220685130488,4.98166175115676,25.7447843551636,0,0
0,0,0,0,0,0,0,0,0,0,0,0,0,0,0,0,0,0,0,0,0,0,0,0,0,0,0,0,0,0,0,15.9224517345428,6.58363999903781,5.36362720892681,5.65775535789642,0,10.5083635925389,0,11.5390257526088,0,0,0,13.0260772705078,0,0,0,0,7.8313527630009,9.32101855494759,17.9999230702718,0,0,0,0,0,0,0,0,0,0,0,0,0,0,0,0,0,0,0,0,0,0,0,0,18.2903661727905,10.7273226822461,7.46015222583498,0,0,6.28901796332664,0,5.56977009385295,8.96004832113111,3.40238316242511,15.9729549234564,0,0
0,41.5036506652832,0,48.6465816497803,0,43.2204764229911,0,0,65.4800033569336,0,0,3.73368290786085,0,0,0,0,80.6788606067632,75.3877582034549,52.2702854388057,5.75185619802583,0,0,0,70.5550003051758,0,0,0,0,0,0,0,4.27579513738393,0,9.3531100941293,0,5.80436089769171,0,15.661322617658,0,22.2036646831082,77.2885464259556,28.0711795108753,75.130489210649,36.0001172285814,0,15.8711637986155,78.4631652832031,4.93829003613571,34.9092674255371,10.0424761581089,0,0,0,0,0,0,97.9411087036133,45.8724041308387,0,0,0,0,9.48843697266126,93.942476272583,0,0,0,0,0,0,0,0,50.1545191620881,0,4.24787416889912,0,5.96985422372818,0,0,90.1139149136013,15.530436200392,87.751649983724,33.4874845193392,0,26.0618008567982,40.6564663824091,66.6723175048828
