0,0,7.42228890676051,0,13.7479944229126,0,0,0,6.86111223708856,0,0,0,0,0,9.40834838635213,0,27.5238428672155,48.074151357015,19.2791733348041,0,29.394039053666,0,0,0,10.8822032531709,0,0,0,0,0,0,0,0,0,0,0,45.8460085208599,0,29.2084297767052,0,33.3286204618566,0,20.187250982832,0,68.7653884887695,39.1346435546875,21.6437941193581,0,9.53199544425209,0,15.6181964874268,0,0,0,5.62851031141563,0,15.7351404825846,0,12.3841405781833,0,9.76860103563885,0,93.416015625,33.9315305189653,0,0,0,12.7207148869832,0,10.2712812423706,0,14.104620582179,0,23.5178923606873,0,0,0,0,63.1712455749512,40.7809505008516,0,31.7234925894902,12.0838987955742,37.7999051411947,13.9646645292621,0,35.7108039855957
0,0,0,8.54653995578029,0,0,0,0,0,10.0158150507734,0,0,0,0,0,0,0,20.6351260662079,23.5000555784472,0,0,0,0,15.9624151354251,0,0,0,0,0,0,0,0,0,0,0,56.9995404411765,0,19.4910277243583,0,34.5891964842633,0,27.9213533154718,0,9.46816526759754,0,16.9239258942781,0,60.886791229248,0,16.4128265886596,0,31.7657356262207,0,0,0,7.02317232015182,0,21.0697668595101,0,18.6096878051758,0,4.97737622261047,29.772731590271,0,0,0,10.5948583069494,0,0,0,0,0,28.8899292416043,0,0,0,0,0,46.5366117679967,0,32.3678572018941,0,12.6915123984862,36.7800957361857,18.5703599747731,50.2888259887695,0
7.42228890676051,0,0,0,8.89558375449408,0,8.21970462799072,0,13.6405011127283,0,0,0,0,0,10.5427703857422,0,0,0,42.5887170938345,0,24.6370486662938,0,0,0,0,0,0,0,0,0,0,0,0,0,0,0,34.0411957701047,0,33.6770079476493,59.4035377502441,35.0593738555908,0,30.9572390653649,0,0,0,18.8510833689661,0,10.0999431484114,0,9.02281497608532,0,0,0,9.52234332063305,0,18.117725679215,0,16.2366626683403,0,8.40428736001726,0,0,33.7169468966397,0,0,0,0,0,0,0,24.3799336377312,0,26.8146176656087,0,0,0,0,0,37.7368476280799,0,32.164082969938,15.4699800443906,23.936642964681,17.4304346063863,0,0
0,8.54653995578029,0,0,0,17.2254246159604,0,0,0,17.5136933135986,0,0,0,0,0,0,0,0,41.6240822120949,11.82075548172,0,0,0,26.6471281051636,0,0,0,0,0,0,0,0,0,0,0,43.8448435710027,0,28.5322105619642,0,37.4712464291116,0,32.487888247378,55.1116242842241,25.7612836837769,44.4600086212158,23.713586001329,58.4133693150112,0,35.7279468263899,13.5799602624532,0,10.7407426656809,0,0,0,25.5727721850077,0,15.8321138678813,0,7.4423855382043,0,7.55554209797588,32.6874694188436,63.2368946075439,0,0,27.2868264516195,0,0,0,0,69.7782974243164,29.5325231552124,0,0,0,0,0,42.2010089536256,74.8996925354004,37.9621828715007,0,19.2469961429464,38.0919785499573,22.0930276267436,48.1767730712891,54.0518798828125
13.7479944229126,0,8.89558375449408,0,0,0,8.88015904880705,0,6.95970881635492,0,0,0,4.50561429773058,0,3.83864462375641,0,0,0,0,0,6.30851621627808,0,0,0,0,0,0,0,0,0,0,0,0,0,0,0,15.3524573802948,0,0,0,0,0,49.9277534484863,0,0,0,33.0457458496094,42.809455871582,35.6288378238678,0,5.61299569856389,0,5.77371435165405,0,8.27364182472229,0,26.2598610657912,0,9.48485124678839,0,7.04744599415706,0,0,0,0,0,0,0,0,0,0,0,0,0,0,0,0,0,0,29.3686982790629,0,41.7604166666667,6.27306192658512,26.9399967193604,15.5643597170711,0,0
0,0,0,17.2254246159604,0,0,0,2.85355281829834,0,3.76350766630734,0,6.83391114075979,0,3.21924102306366,0,5.10621576309204,0,0,0,8.75015126003159,0,0,0,0,0,0,0,0,0,0,0,0,0,0,0,22.6588176545643,0,0,0,0,0,0,0,0,0,26.9641170501709,0,0,41.8962802886963,12.8930444717407,0,4.60240260099831,0,4.10592774391174,0,0,0,7.37061232014706,0,4.44400072097778,0,3.95849636622838,10.0831952297941,0,0,0,0,0,0,0,0,0,0,0,0,0,0,0,20.8768351181694,0,0,0,5.13764904931778,3.72231564067659,17.2292784101823,0,0
0,0,8.21970462799072,0,8.88015904880705,0,0,0,0,0,3.79906187738691,0,0,0,0,0,0,0,0,0,3.02640821717002,0,0,0,0,0,0,0,0,0,0,0,0,0,0,0,6.12366352081299,0,0,0,0,0,0,0,0,0,0,0,0,0,5.14090298723291,0,3.78413133175052,0,0,0,4.38400500060014,0,3.09082365036011,0,0,0,0,0,0,0,0,0,0,0,0,0,0,0,0,0,0,0,0,0,0,0,3.49204660177231,0,0,0,0
0,0,0,0,0,2.85355281829834,0,0,0,0,0,0,0,0,0,0,0,0,0,0,0,0,0,0,0,0,0,0,0,0,0,0,0,0,0,0,0,0,0,0,0,0,0,0,0,0,0,0,0,0,0,4.18036173952037,0,3.79680828574281,0,0,0,5.20074384212494,0,5.29555237677789,0,0,13.4255483945211,0,0,0,0,0,0,0,0,0,0,0,0,0,0,0,0,0,0,0,4.03718599050473,0,12.5559717814128,0,0
6.86111223708856,0,13.6405011127283,0,6.95970881635492,0,0,0,0,0,0,0,0,0,4.93144544396092,0,4.39852969987052,0,30.444372177124,0,21.2190524509975,0,0,0,7.49732954303424,0,11.7808233896891,0,0,0,0,0,0,0,0,0,36.3242914581299,0,60.0070972442627,0,38.9723529815674,0,14.6108307697503,0,0,0,27.9581036567688,47.7356109619141,16.4057241004446,0,7.28778715410094,0,0,0,4.70744978569024,0,19.3245272827148,0,15.4479869206746,0,6.78480862885714,0,0,33.8070373535156,0,0,0,0,0,7.98418565229936,0,19.470522626241,0,14.8560037612915,0,0,0,0,0,50.5954534867231,0,40.0777702331543,6.43294712528355,6.9436490658002,17.1514286760698,0,0
0,10.0158150507734,0,17.5136933135986,0,3.76350766630734,0,0,0,0,0,0,0,0,0,5.69229448277293,0,3.05684900283813,0,0,0,0,0,6.66003545873305,0,10.087504343553,0,0,0,0,0,0,0,0,0,0,0,9.34421380360921,0,0,0,18.5425580437504,0,0,0,0,0,0,0,16.567392706871,0,5.19699103148409,0,0,0,6.75421204495116,0,18.6111932482038,0,0,0,5.08066656159573,0,0,0,0,3.12842467096117,0,10.0240214665731,0,0,0,17.2637033462524,0,0,0,0,0,0,0,10.7076149940491,0,5.30706515696877,4.64925436279442,18.0327681859334,0,0
0,0,0,0,0,0,3.79906187738691,0,0,0,0,0,4.17388938399071,0,0,0,0,0,0,0,3.9082751239927,0,0,0,0,0,0,0,5.08287206532662,0,3.74882991047379,0,0,0,0,0,5.08339508999599,0,3.24040795910743,0,0,0,19.7453441619873,0,0,0,0,0,0,0,0,0,0,0,0,0,4.47010425834332,0,4.07717116507526,0,0,0,0,10.5401651779811,0,0,0,0,0,0,0,4.36245603339617,0,3.05605459213257,0,0,0,0,0,5.29243564605713,0,0,4.10673779718382,0,3.78119071324666,0,0
0,0,0,0,0,6.83391114075979,0,0,0,0,0,0,0,3.30286251280043,0,0,0,0,39.0043334960938,5.17852069854736,0,0,0,0,0,0,0,4.96544922315157,0,3.4449453995778,0,0,0,0,0,5.01976871490479,0,4.0890284102896,0,0,0,0,0,0,0,29.5762625242534,0,0,0,0,0,9.49893486499786,0,6.65546452999115,0,0,0,7.21506948192575,0,4.5915785664219,0,0,18.890737634235,0,0,0,0,0,0,0,0,0,10.562785031346,0,0,0,0,0,10.0631219137283,0,0,0,3.91443121639979,0,23.2094983301665,0,0
0,0,0,0,4.50561429773058,0,0,0,0,0,4.17388938399071,0,0,0,4.26267693063308,0,0,0,0,0,23.5128517150879,0,0,0,0,0,4.47119527470832,0,5.19369598229726,0,0,0,0,0,0,0,0,0,0,0,0,0,0,0,0,0,0,0,0,0,2.93923044204712,0,0,0,0,0,4.08413863182068,0,4.57589808820981,0,3.3172853257921,0,0,0,0,0,0,0,0,3.06615126132965,0,4.73189480304718,0,0,0,0,0,0,0,0,0,0,5.4336091058826,3.68502638339996,7.71340635844639,0,0
0,0,0,0,0,3.21924102306366,0,0,0,0,0,3.30286251280043,0,0,0,4.37427877810464,0,0,0,0,0,0,0,0,0,0,0,3.63125715111241,0,0,0,0,0,0,0,0,0,0,0,0,0,0,0,0,0,0,0,0,0,6.25628507137299,0,2.85216516256332,0,0,0,0,0,7.61074613661006,0,4.66895495226917,0,4.14462582708678,0,0,0,0,0,0,12.638053894043,0,15.6139678955078,0,0,0,0,0,0,0,0,0,0,0,3.14117819815874,2.74729561805725,0,0,0
9.40834838635213,0,10.5427703857422,0,3.83864462375641,0,0,0,4.93144544396092,0,0,0,4.26267693063308,0,0,0,3.0288127263387,0,0,0,0,0,0,0,7.58863345818586,0,6.6778991689869,0,0,0,0,0,0,0,0,0,0,0,0,0,0,0,25.0341769802955,0,0,0,0,0,10.2189387480418,0,5.15638222042312,0,0,0,4.95428115980966,0,0,0,6.84140424728394,0,4.54631092093457,0,0,0,0,0,0,0,0,9.90242639515135,0,10.8354644775391,0,0,0,0,0,0,0,0,0,0,4.73083432212131,8.18461465835571,17.4559944255932,0,0
0,0,0,0,0,5.10621576309204,0,0,0,5.69229448277293,0,0,0,4.37427877810464,0,0,0,2.97693731519911,0,0,0,0,0,9.39454759870257,0,9.80513739585876,0,0,0,0,0,0,0,0,0,0,0,0,0,0,0,0,0,0,0,0,0,0,0,6.81109606135975,0,3.29720029464135,0,0,0,8.81460176099021,0,4.84265208244324,0,4.84084527492523,0,4.59989756704458,0,0,0,0,0,0,3.06982100009918,0,0,0,0,0,0,0,0,0,0,0,0,0,4.52325380874462,0,0,0,0
27.5238428672155,0,0,0,0,0,0,0,4.39852969987052,0,0,0,0,0,3.0288127263387,0,0,22.3952101262372,25.130127325905,0,61.923168182373,0,4.54937736628807,32.0341491699219,3.20745491981506,0,3.62399140012217,0,0,0,0,0,0,0,0,109.040532430013,83.5676051548549,0,66.2250953674316,76.1095578120305,61.653086344401,63.1860433306013,48.9005510731108,53.634095509847,39.4195269902547,60.4680728912354,53.5867213759311,0,42.1392879486084,78.1828899383545,0,0,0,0,0,0,35.5215492248535,91.2749214172363,0,0,0,0,93.0525093078613,69.8783604691668,0,4.45146020002735,0,0,0,3.78012049198151,0,70.7540225982666,0,62.524954477946,0,0,0,0,86.5957931069767,73.4430059982558,89.6792068481445,63.7500172424316,16.8946758303695,8.6793219146788,51.12950898853,55.9078280131022,43.6900576485528
48.074151357015,20.6351260662079,0,0,0,0,0,0,0,3.05684900283813,0,0,0,0,0,2.97693731519911,22.3952101262372,0,22.9932670734419,0,0,5.49396561375625,0,6.06272126038869,0,6.37152712345123,0,0,0,0,0,0,0,0,0,90.4894924163818,96.8229484558105,0,0,72.7222541526512,89.2807375590007,50.1751885777198,58.9278773353213,45.8354487293645,58.1748778025309,55.442653615424,62.028100831168,0,0,71.5181579589844,0,0,0,0,0,2.80046737194061,0,76.2689056396484,0,0,0,3.336693351919,77.6298234727648,75.868791680587,4.91486479792484,0,5.05239235271107,0,4.85752665094969,0,0,0,77.0340957641602,0,0,0,0,0,81.3308911410245,85.9016229311625,74.285706281662,86.264232635498,12.7749395498957,7.11542265823443,63.3486854154852,45.7621956521815,60.7474650065104
19.2791733348041,23.5000555784472,42.5887170938345,41.6240822120949,0,0,0,0,30.444372177124,0,0,39.0043334960938,0,0,0,0,25.130127325905,22.9932670734419,0,30.8091907501221,53.1887846225645,0,0,38.1528053283691,0,0,0,0,0,0,0,0,0,0,0,66.7487238161734,69.0433410284087,56.2757497934195,53.9020693037245,44.9148533491902,49.5146516908573,26.5388071469878,24.5459402011201,21.8069099459211,24.5246286671142,29.3195985015888,37.7188467066527,79.3823547363281,25.2099357332502,44.345118620297,0,46.3235359191895,0,0,0,0,59.2701921463013,33.7489915407621,53.0857830047607,0,71.3205852508545,0,50.6011940981891,55.2703415810149,0,0,51.9574279785156,0,0,0,0,29.7821044921875,25.1013891356332,42.0639951879328,0,0,0,0,55.8628279765183,59.1272574182255,43.2972932412074,45.9390561048409,16.2870224127417,29.1104278786238,34.907771419051,24.7796835316792,21.4624621357237
0,0,0,11.82075548172,0,8.75015126003159,0,0,0,0,0,5.17852069854736,0,0,0,0,0,0,30.8091907501221,0,0,0,0,0,0,0,0,0,0,0,0,0,0,0,0,6.52784369156626,0,6.35672281710607,0,0,0,43.3371315002441,0,0,0,14.5762393644878,0,0,36.7537902196248,30.8832342624664,0,13.0961841625693,0,9.99672973155975,0,0,0,6.17403346337612,0,14.0719041824341,0,0,4.84058665894003,0,0,0,0,0,0,0,0,0,0,0,0,0,0,0,10.1318840007393,67.30810546875,6.00610694289207,0,8.37555504951799,0,12.7598273660162,0,0
29.394039053666,0,24.6370486662938,0,6.30851621627808,0,3.02640821717002,0,21.2190524509975,0,3.9082751239927,0,23.5128517150879,0,0,0,61.923168182373,0,53.1887846225645,0,0,0,0,0,0,0,0,0,0,0,0,0,0,0,0,0,6.89226532837859,0,6.9064629242855,0,27.0257349014282,75.4121856689453,35.0751029211899,63.8066825866699,26.8778860569,0,14.3430428610439,0,40.2177534103394,0,7.31201786854688,0,0,0,17.8636264801025,0,10.5578054917957,0,32.5450444221497,0,29.1426737308502,0,0,8.08281934458964,0,0,0,0,0,0,0,48.4643859863281,0,43.8059857975353,0,0,0,0,0,11.7471248310206,0,6.553847623908,6.84970876945401,0,17.4492272193615,0,20.8951773643494
0,0,0,0,0,0,0,0,0,0,0,0,0,0,0,0,0,5.49396561375625,0,0,0,0,2.96834395612989,3.63872208934598,0,4.25319529095769,0,3.57902302497473,0,0,0,0,0,0,0,0,0,10.1331082220043,2.90868350863457,0,0,0,0,0,0,0,0,0,0,11.4300564357213,0,0,0,0,0,0,0,0,0,0,0,0,0,0,4.90174337428004,0,6.05582148630288,0,5.45053871870041,0,4.12660670280457,0,0,0,0,0,0,0,0,0,12.7207760068754,3.6646876335144,4.07807076442413,3.28798109292984,18.2967704899055,0,0
0,0,0,0,0,0,0,0,0,0,0,0,0,0,0,0,4.54937736628807,0,0,0,0,2.96834395612989,0,0,9.15916693844694,0,5.33878969152768,0,5.21117085720593,0,0,0,0,0,0,0,0,0,10.0692812923674,0,0,0,0,0,0,0,0,0,15.4043977986211,0,0,0,0,0,0,0,0,0,0,0,28.2711238861084,0,0,0,0,4.79860004478031,0,16.4219123813468,0,12.0116468823474,0,9.92985082874002,0,0,0,0,0,0,0,0,0,5.89215731650114,4.24893952093139,4.64980473237879,0,0,0
0,15.9624151354251,0,26.6471281051636,0,0,0,0,0,6.66003545873305,0,0,0,0,0,9.39454759870257,32.0341491699219,6.06272126038869,38.1528053283691,0,0,3.63872208934598,0,0,0,5.24849729655219,0,0,0,0,0,0,0,0,0,0,0,5.49534196272874,0,69.2806930541992,0,9.75842292492206,0,0,0,39.091796875,0,0,0,19.8998600006104,0,0,0,0,0,11.2364757965877,0,0,0,0,0,11.6891717116038,0,0,3.50766974145716,0,4.2794208182022,0,4.38847925991355,0,0,0,0,0,0,0,0,0,0,0,7.66937650187632,0,7.1718684793735,0,23.3936394055684,0,0
10.8822032531709,0,0,0,0,0,0,0,7.49732954303424,0,0,0,0,0,7.58863345818586,0,3.20745491981506,0,0,0,0,0,9.15916693844694,0,0,0,6.19908400690052,0,0,0,0,0,0,0,0,0,0,0,9.34877157932224,0,0,0,19.566499710083,0,0,0,0,0,15.038950920105,0,0,0,0,0,6.52308877503,0,0,0,0,0,6.07212878964058,0,0,0,0,0,0,5.36046610843568,0,7.62176345102489,0,0,0,0,0,0,0,0,0,0,0,6.9406632397856,3.53949068683062,0,9.49726741889427,0,0
0,0,0,0,0,0,0,0,0,10.087504343553,0,0,0,0,0,9.80513739585876,0,6.37152712345123,0,0,0,4.25319529095769,0,5.24849729655219,0,0,0,4.44528807126559,0,0,0,0,0,0,0,0,0,0,0,0,0,0,0,0,0,0,0,0,0,0,0,0,0,0,0,14.0129707975125,0,0,0,0,0,14.0534405274825,0,0,0,0,4.51066366108981,0,4.43597737077164,0,4.92181926652005,0,0,0,0,0,0,0,0,0,0,0,3.57292243452633,0,0,0,0
0,0,0,0,0,0,0,0,11.7808233896891,0,0,0,4.47119527470832,0,6.6778991689869,0,3.62399140012217,0,0,0,0,0,5.33878969152768,0,6.19908400690052,0,0,0,3.97803945413658,0,0,0,0,0,0,0,0,0,0,0,0,0,0,0,0,0,0,0,0,0,0,0,0,0,0,0,0,0,11.3315055847168,0,6.86119734418803,0,0,0,0,2.99328840695895,0,0,0,4.64260776837667,0,4.16186439289766,0,0,0,0,0,0,0,0,0,0,3.36179519826033,0,0,0,0
0,0,0,0,0,0,0,0,0,0,0,4.96544922315157,0,3.63125715111241,0,0,0,0,0,0,0,3.57902302497473,0,0,0,4.44528807126559,0,0,0,4.87384046885768,0,0,0,0,0,0,0,3.47720218896866,0,0,0,0,0,0,0,0,0,0,0,0,0,0,0,0,0,0,0,0,0,5.20389121224947,0,0,0,0,7.47875982823998,0,0,0,8.71731502695601,0,5.93715308164602,0,6.31235819922553,0,0,0,0,0,0,0,4.63802623748779,0,5.45933934620449,0,0,0,0
0,0,0,0,0,0,0,0,0,0,5.08287206532662,0,5.19369598229726,0,0,0,0,0,0,0,0,0,5.21117085720593,0,0,0,3.97803945413658,0,0,0,4.50330672019567,0,0,0,0,0,0,0,5.75536850650741,0,0,0,0,0,0,0,0,0,0,0,0,0,0,0,0,0,3.05570662021637,0,7.13999107842133,0,0,0,0,0,0,6.05760402229211,0,0,0,3.1752776666121,0,5.04023797260244,0,6.68154407950009,0,0,0,0,0,0,0,7.17037024864784,4.17438301287199,4.01724844857266,0,0,0
0,0,0,0,0,0,0,0,0,0,0,3.4449453995778,0,0,0,0,0,0,0,0,0,0,0,0,0,0,0,4.87384046885768,0,0,0,0,0,0,0,0,0,7.37983023518264,0,0,0,0,0,0,0,0,0,0,0,0,0,0,0,0,0,0,0,2.75161027908325,0,0,0,0,0,0,0,0,0,0,0,0,6.39522222558895,0,6.10128630095999,0,0,0,0,0,0,0,5.972423519407,0,6.05140866339207,0,0,0,0
0,0,0,0,0,0,0,0,0,0,3.74882991047379,0,0,0,0,0,0,0,0,0,0,0,0,0,0,0,0,0,4.50330672019567,0,0,0,0,0,0,0,0,0,5.96377800468198,0,0,0,0,0,0,0,0,0,0,0,0,0,0,0,0,0,3.72781880199909,0,0,0,0,0,0,0,0,0,0,0,0,0,0,7.88523325169909,0,4.4404095159818,0,0,0,0,0,0,0,6.28270062971651,4.83212248696626,0,0,0,0
0,0,0,0,0,0,0,0,0,0,0,0,0,0,0,0,0,0,0,0,0,0,0,0,0,0,0,0,0,0,0,0,4.11788985888163,3.14595377445221,0,5.48667937547733,0,0,0,0,0,0,0,0,0,0,0,7.28099747838954,8.1247181892395,11.1815448724307,0,0,0,0,0,0,0,0,0,0,0,0,0,0,0,0,0,0,0,0,0,0,0,0,3.77613833156763,4.71026792818186,3.39743289493379,0,6.27172317122457,0,0,0,3.36503372172348,0,0,0,0
0,0,0,0,0,0,0,0,0,0,0,0,0,0,0,0,0,0,0,0,0,0,0,0,0,0,0,0,0,0,0,4.11788985888163,0,7.85315132141113,3.27717684209347,3.08891158633762,3.30087950982546,0,0,0,0,0,0,0,0,0,0,6.03396315813065,19.8625140190125,0,0,0,0,0,0,0,0,0,0,0,0,0,0,0,0,0,0,0,0,0,0,0,0,0,4.06180027553013,3.35217960471305,0,2.84408354759216,2.74839568138123,7.28574356470724,0,0,3.81018738587697,0,0,0,0
0,0,0,0,0,0,0,0,0,0,0,0,0,0,0,0,0,0,0,0,0,0,0,0,0,0,0,0,0,0,0,3.14595377445221,7.85315132141113,0,3.56595042694447,6.16259380110248,0,5.88706601885232,0,0,0,0,0,0,0,0,94.806266784668,4.88129798473756,0,7.40227584838867,0,0,0,0,0,0,0,0,0,0,0,0,0,0,0,0,0,0,0,0,0,0,0,0,3.0834379841884,0,4.73640773380819,4.15714842932565,8.07258961705739,0,6.61391403155072,0,3.71578319806319,8.64117745792164,85.693733215332,0,0
0,0,0,0,0,0,0,0,0,0,0,0,0,0,0,0,0,0,0,0,0,0,0,0,0,0,0,0,0,0,0,0,3.27717684209347,3.56595042694447,0,0,4.63530687256293,0,4.77993517273512,0,0,0,0,0,0,0,0,3.97796991157532,5.11801234752901,0,0,0,0,0,0,0,0,0,0,0,0,0,0,0,0,0,0,0,0,0,0,0,0,0,0,4.21142957085057,3.09682572682699,4.40911406468122,0,10.836543867665,0,6.95593956124024,3.9337966225364,0,0,0,0
0,56.9995404411765,0,43.8448435710027,0,22.6588176545643,0,0,0,0,0,5.01976871490479,0,0,0,0,109.040532430013,90.4894924163818,66.7487238161734,6.52784369156626,0,0,0,0,0,0,0,0,0,0,0,5.48667937547733,3.08891158633762,6.16259380110248,0,0,4.82477885755626,5.34222288486092,0,70.372400354456,0,49.5589620802138,85.1980648040771,50.9537993101316,79.8270950317383,35.9276327851792,0,14.9981461969183,20.4813020369586,17.301040340215,0,27.6246500313282,0,34.2696228027344,0,0,0,13.0782017959998,0,29.3031597137451,0,0,10.5033546997786,0,0,0,0,0,0,0,0,0,123.071479797363,149.020660400391,5.00545712770378,0,7.53575714440605,0,7.83671746799788,3.62910182579704,11.3074577124856,0,6.89673743456515,5.62881628302641,31.2315999408101,48.4767587934222,0
45.8460085208599,0,34.0411957701047,0,15.3524573802948,0,6.12366352081299,0,36.3242914581299,0,5.08339508999599,0,0,0,0,0,83.5676051548549,96.8229484558105,69.0433410284087,0,6.89226532837859,0,0,0,0,0,0,0,0,0,0,0,3.30087950982546,0,4.63530687256293,4.82477885755626,0,0,6.84331884868732,106.33374786377,27.3656866173995,85.7129287719727,47.4394791331512,0,47.6578902940492,90.181697845459,32.7006911444144,9.07428904237418,12.2593847513199,88.9637908935547,21.1202443599701,0,0,0,40.5643882751465,0,9.96335821202461,124.194290161133,37.4402550061544,0,34.3281767103407,0,0,11.3685496831003,0,0,0,0,0,0,0,56.8584007263184,0,61.0648071535172,0,4.08629933151544,0,7.47079352625537,19.2378900128026,7.8989564786354,0,8.71879409414763,9.17004190349341,6.97370013252633,26.9760747744691,109.266014099121,42.1811323165894
0,19.4910277243583,0,28.5322105619642,0,0,0,0,0,9.34421380360921,0,4.0890284102896,0,0,0,0,0,0,56.2757497934195,6.35672281710607,0,10.1331082220043,0,5.49534196272874,0,0,0,3.47720218896866,0,7.37983023518264,0,0,0,5.88706601885232,0,5.34222288486092,0,0,2.95486980676651,55.5006229400635,0,9.70948413646582,59.0186462402344,35.9044370651245,0,22.4028182153578,0,13.5546764870907,0,13.2403520764976,0,0,0,0,0,13.5321022669474,0,3.85483977393569,0,24.5196990966797,0,33.6047706604004,16.6080744586672,0,4.62912838935852,0,8.7311608487535,0,6.11897762616475,0,0,0,10.9128680167213,0,0,0,8.3309459971182,0,7.68357191075917,0,5.82909323274517,0,5.04760934766862,4.31521730785128,14.6668908769886,0,0
29.2084297767052,0,33.6770079476493,0,0,0,0,0,60.0070972442627,0,3.24040795910743,0,0,0,0,0,66.2250953674316,0,53.9020693037245,0,6.9064629242855,2.90868350863457,10.0692812923674,0,9.34877157932224,0,0,0,5.75536850650741,0,5.96377800468198,0,0,0,4.77993517273512,0,6.84331884868732,2.95486980676651,0,95.5344467163086,51.3037719726562,59.7825508117676,16.4349513224193,0,34.922878742218,0,28.3625300039653,5.0504791908345,7.61736700124755,0,0,0,0,0,11.3660954273108,0,12.5303459564845,0,0,0,44.236656665802,0,0,17.9666296158861,0,6.12030089602751,0,9.93330589401405,0,8.34979353452984,0,7.48298698326327,0,5.51644014695595,0,0,0,3.52188233707262,0,12.3260360587547,3.2331520848804,6.1969428009602,5.65939659926878,3.96485697752551,19.1439632980191,0,22.9604848225911
0,34.5891964842633,59.4035377502441,37.4712464291116,0,0,0,0,0,0,0,0,0,0,0,0,76.1095578120305,72.7222541526512,44.9148533491902,0,0,0,0,69.2806930541992,0,0,0,0,0,0,0,0,0,0,0,70.372400354456,106.33374786377,55.5006229400635,95.5344467163086,0,78.8066624232701,25.622807655778,59.1737909317017,28.7772828878816,43.4619267781576,20.9594102964589,57.0159339904785,0,0,13.9638586156898,0,0,0,0,0,0,0,48.5129515784127,0,0,0,0,22.4936773226149,72.6125771658761,0,0,0,0,0,0,0,0,43.5345714092255,0,0,0,0,0,38.2463936589527,80.6727123260498,51.6205257725071,93.9664039611816,47.9512273016828,0,26.9704168342576,27.8125859329984,54.0880489349365
33.3286204618566,0,35.0593738555908,0,0,0,0,0,38.9723529815674,0,0,0,0,0,0,0,61.653086344401,89.2807375590007,49.5146516908573,0,27.0257349014282,0,0,0,0,0,0,0,0,0,0,0,0,0,0,0,27.3656866173995,0,51.3037719726562,78.8066624232701,0,59.5847265070135,21.3635797926833,56.3646027701242,27.3018885842685,52.2055389404297,16.3436115283777,0,5.58501817451583,0,0,0,0,0,0,0,47.7464790344238,92.7489654541016,47.4203567504883,0,0,0,80.8281402587891,28.6501589028732,0,0,0,0,0,0,0,0,88.8694000244141,49.9057757059733,0,0,0,0,76.9022842407227,17.9946832309167,0,49.4442350069682,47.3977437112846,37.0717391967773,17.6790224194936,0,20.4370521276425
0,27.9213533154718,0,32.487888247378,0,0,0,0,0,18.5425580437504,0,0,0,0,0,0,63.1860433306013,50.1751885777198,26.5388071469878,43.3371315002441,75.4121856689453,0,0,9.75842292492206,0,0,0,0,0,0,0,0,0,0,0,49.5589620802138,85.7129287719727,9.70948413646582,59.7825508117676,25.622807655778,59.5847265070135,0,36.5439647678976,20.6530269622004,48.808068892535,19.5278977260117,59.8666453728309,22.368656703404,0,25.9991426142124,0,44.7791835560518,0,0,0,25.796715927124,0,19.2039886813461,0,33.2929345911199,67.2693519592285,31.4582468913152,31.7794551321801,73.0851469039917,0,0,0,0,0,0,23.5516910552979,0,10.6460265895215,0,0,0,0,0,34.0863289788169,67.0342894161449,32.2646340965328,122.826995849609,17.2959453937036,11.7100234228311,18.3918402923586,15.1790316748456,44.8595315217972
20.187250982832,0,30.9572390653649,55.1116242842241,49.9277534484863,0,0,0,14.6108307697503,0,19.7453441619873,0,0,0,25.0341769802955,0,48.9005510731108,58.9278773353213,24.5459402011201,0,35.0751029211899,0,0,0,19.566499710083,0,0,0,0,0,0,0,0,0,0,85.1980648040771,47.4394791331512,59.0186462402344,16.4349513224193,59.1737909317017,21.3635797926833,36.5439647678976,0,37.6995445887248,16.7898066236665,42.2421271712692,17.4985553609486,5.14090496096118,9.21901275671673,43.7661269505819,48.9608573913574,0,0,0,10.4250406899623,0,30.0378941199819,65.8509883880615,27.1971102120741,0,27.4603593186369,88.8274688720703,65.4439273834228,32.4858571876107,0,0,0,8.9138973236084,0,22.9837927818298,0,20.7441680972316,71.7200190226237,25.2109563388522,0,0,0,0,69.8433752059937,32.2635738987817,0,28.7503989222664,17.926392852654,27.570258742029,16.1553303241576,38.3324639002482,12.0674858095938
0,9.46816526759754,0,25.7612836837769,0,0,0,0,0,0,0,0,0,0,0,0,53.634095509847,45.8354487293645,21.8069099459211,0,63.8066825866699,0,0,0,0,0,0,0,0,0,0,0,0,0,0,50.9537993101316,0,35.9044370651245,0,28.7772828878816,56.3646027701242,20.6530269622004,37.6995445887248,0,30.5906388419015,17.540416811997,36.8380408287048,0,0,31.363780454262,0,45.1244659423828,0,0,0,0,0,46.511470249721,0,0,0,0,39.3625576712868,59.0735198974609,0,0,0,0,0,0,0,0,61.5182285308838,0,0,0,0,0,38.8880945264536,64.6220148259943,28.7282520785476,57.4314060211182,31.1627096679353,61.3109512329102,22.8610758207559,18.9356288076604,47.2750926698957
68.7653884887695,0,0,44.4600086212158,0,0,0,0,0,0,0,0,0,0,0,0,39.4195269902547,58.1748778025309,24.5246286671142,0,26.8778860569,0,0,0,0,0,0,0,0,0,0,0,0,0,0,79.8270950317383,47.6578902940492,0,34.922878742218,43.4619267781576,27.3018885842685,48.808068892535,16.7898066236665,30.5906388419015,0,33.7045140947614,19.5664307515424,0,15.119647026062,54.3777408599854,0,46.7726898193359,0,0,0,0,0,52.432544708252,0,0,51.5851707458496,0,47.9182141621908,35.4495402018229,0,0,0,0,0,0,0,0,0,0,0,0,0,0,62.9613413129534,36.9987540529606,0,27.9700974262122,28.7089416415421,15.5701704025269,20.7299902042697,0,15.3182635383
39.1346435546875,16.9239258942781,0,23.713586001329,0,26.9641170501709,0,0,0,0,0,29.5762625242534,0,0,0,0,60.4680728912354,55.442653615424,29.3195985015888,14.5762393644878,0,0,0,39.091796875,0,0,0,0,0,0,0,0,0,0,0,35.9276327851792,90.181697845459,22.4028182153578,0,20.9594102964589,52.2055389404297,19.5278977260117,42.2421271712692,17.540416811997,33.7045140947614,0,57.0919512235201,37.2910995483398,37.3076899846395,27.0800999807655,0,31.1814375790683,0,0,0,0,0,33.4024801207978,0,25.9173574447632,0,0,10.9860779277601,58.823322614034,0,0,0,0,0,0,0,0,35.2541486024857,0,0,0,0,0,26.2600027421473,64.8460670471191,22.1249242456626,60.4910049438477,30.1482389033748,32.1015377044678,23.5303344882724,34.2427497506142,44.4201173782349
21.6437941193581,0,18.8510833689661,58.4133693150112,33.0457458496094,0,0,0,27.9581036567688,0,0,0,0,0,0,0,53.5867213759311,62.028100831168,37.7188467066527,0,14.3430428610439,0,0,0,0,0,0,0,0,0,0,0,0,94.806266784668,0,0,32.7006911444144,0,28.3625300039653,57.0159339904785,16.3436115283777,59.8666453728309,17.4985553609486,36.8380408287048,19.5664307515424,57.0919512235201,0,0,24.4211125122873,69.2423858642578,0,59.189582824707,0,0,33.6495418548584,0,35.9986081759135,69.1866111755371,36.8734096950955,0,47.7657435280936,0,64.1625709533691,17.9584395773208,0,0,0,0,0,0,0,44.7535388946533,0,35.6661402470357,0,0,0,0,77.5075489679972,26.1963911075025,96.3753814697266,30.4199601606889,32.833931528558,37.4413539886475,25.5989478765136,43.4347286224365,32.27521239194
0,60.886791229248,0,0,42.809455871582,0,0,0,47.7356109619141,0,0,0,0,0,0,0,0,0,79.3823547363281,0,0,0,0,0,0,0,0,0,0,0,0,7.28099747838954,6.03396315813065,4.88129798473756,3.97796991157532,14.9981461969183,9.07428904237418,13.5546764870907,5.0504791908345,0,0,22.368656703404,5.14090496096118,0,0,37.2910995483398,0,0,6.07318074551177,5.2837907305935,0,0,0,0,0,0,49.8154754638672,0,0,0,0,0,0,0,0,0,0,0,0,0,0,0,0,0,7.62814562542494,8.18448438880208,4.20095293168668,4.72654312020106,9.54187490996692,11.2237836628382,9.55480473703808,5.90942440954726,4.39951526982444,3.32706826263004,6.45982920498827,29.4501075744629,0
9.53199544425209,0,10.0999431484114,35.7279468263899,35.6288378238678,41.8962802886963,0,0,16.4057241004446,0,0,0,0,0,10.2189387480418,0,42.1392879486084,0,25.2099357332502,36.7537902196248,40.2177534103394,0,15.4043977986211,0,15.038950920105,0,0,0,0,0,0,8.1247181892395,19.8625140190125,0,5.11801234752901,20.4813020369586,12.2593847513199,0,7.61736700124755,0,5.58501817451583,0,9.21901275671673,0,15.119647026062,37.3076899846395,24.4211125122873,6.07318074551177,0,5.67947948670042,30.1943604151408,47.0084571838379,0,0,21.1465623719352,0,19.8198435275586,0,14.5516246052889,0,12.8263866638113,0,0,36.2613643010457,0,12.3180969573639,0,6.63018876055013,0,16.2851014137268,0,16.8467454492,0,17.2732284296127,8.61409982045492,17.8836091677348,0,6.41977062608515,48.9690420150757,6.90218651764632,0,5.70286634452214,8.17577072148551,24.9956283569336,8.73243788085305,0,0
0,16.4128265886596,0,13.5799602624532,0,12.8930444717407,0,0,0,16.567392706871,0,0,0,6.25628507137299,0,6.81109606135975,78.1828899383545,71.5181579589844,44.345118620297,30.8832342624664,0,11.4300564357213,0,19.8998600006104,0,0,0,0,0,0,0,11.1815448724307,0,7.40227584838867,0,17.301040340215,88.9637908935547,13.2403520764976,0,13.9638586156898,0,25.9991426142124,43.7661269505819,31.363780454262,54.3777408599854,27.0800999807655,69.2423858642578,5.2837907305935,5.67947948670042,0,0,42.6602187156677,0,0,0,13.2536554958509,0,10.1434067351633,0,5.68787789184775,0,7.13444560307723,33.1063922535289,77.1792373657227,7.07762913193022,0,16.4424310326576,0,4.56660911227976,0,5.04775342676375,0,22.406185558864,0,10.9057502746582,0,3.9379828445247,0,20.1162068562965,94.1011352539062,7.50146483787349,100.330711364746,8.67496316853943,32.2294210706438,14.1821173559279,26.6863718032837,57.0747985839844
15.6181964874268,0,9.02281497608532,0,5.61299569856389,0,5.14090298723291,0,7.28778715410094,0,0,0,2.93923044204712,0,5.15638222042312,0,0,0,0,0,7.31201786854688,0,0,0,0,0,0,0,0,0,0,0,0,0,0,0,21.1202443599701,0,0,0,0,0,48.9608573913574,0,0,0,0,0,30.1943604151408,0,0,0,4.00588941574097,0,9.07257032394409,0,5.20298784375191,0,4.20239572710805,0,4.86178419833281,0,0,0,0,0,0,0,0,0,0,0,0,0,0,0,0,0,0,32.6597290039062,0,0,6.03988735065904,13.3840236663818,9.18894815055373,0,0
0,31.7657356262207,0,10.7407426656809,0,4.60240260099831,0,4.18036173952037,0,5.19699103148409,0,9.49893486499786,0,2.85216516256332,0,3.29720029464135,0,0,46.3235359191895,13.0961841625693,0,0,0,0,0,0,0,0,0,0,0,0,0,0,0,27.6246500313282,0,0,0,0,0,44.7791835560518,0,45.1244659423828,46.7726898193359,31.1814375790683,59.189582824707,0,47.0084571838379,42.6602187156677,0,0,0,4.44663299647245,0,0,0,8.55291313125241,0,4.31191231445833,0,3.93480470180511,17.897873878479,89.2577438354492,0,0,0,0,0,0,0,0,0,0,0,0,0,0,33.2057397535869,80.3590240478516,55.4065246582031,0,5.79408889377818,20.7884576916695,16.7025864255076,56.5145111083984,0
0,0,0,0,5.77371435165405,0,3.78413133175052,0,0,0,0,0,0,0,0,0,0,0,0,0,0,0,0,0,0,0,0,0,0,0,0,0,0,0,0,0,0,0,0,0,0,0,0,0,0,0,0,0,0,0,4.00588941574097,0,0,0,0,0,4.61145694544361,0,0,0,0,0,0,0,0,0,0,0,0,0,0,0,0,0,0,0,0,0,0,0,0,0,4.14939358960027,0,0,0,0
0,0,0,0,0,4.10592774391174,0,3.79680828574281,0,0,0,6.65546452999115,0,0,0,0,0,0,0,9.99672973155975,0,0,0,0,0,0,0,0,0,0,0,0,0,0,0,34.2696228027344,0,0,0,0,0,0,0,0,0,0,0,0,0,0,0,4.44663299647245,0,0,0,0,0,6.48439537027466,0,4.13905444512,0,0,12.6563253269329,0,0,0,0,0,0,0,0,0,0,0,0,0,0,0,0,0,0,0,3.89677299522772,0,12.8463410725669,0,0
5.62851031141563,0,9.52234332063305,0,8.27364182472229,0,0,0,4.70744978569024,0,0,0,0,0,4.95428115980966,0,0,0,0,0,17.8636264801025,0,0,0,6.52308877503,0,0,0,0,0,0,0,0,0,0,0,40.5643882751465,0,11.3660954273108,0,0,0,10.4250406899623,0,0,0,33.6495418548584,0,21.1465623719352,0,9.07257032394409,0,0,0,0,0,30.1641597747803,0,0,0,6.39095405930454,0,0,0,0,0,0,3.58666456779304,0,7.90486645698547,0,34.4163017272949,0,0,0,0,0,0,0,48.7461814880371,0,9.34516921758652,6.77842059040307,18.0929883321126,12.9894343585503,0,0
0,7.02317232015182,0,25.5727721850077,0,0,0,0,0,6.75421204495116,0,0,0,0,0,8.81460176099021,0,2.80046737194061,0,0,0,0,0,11.2364757965877,0,14.0129707975125,0,0,0,0,0,0,0,0,0,0,0,13.5321022669474,0,0,0,25.796715927124,0,0,0,0,0,0,0,13.2536554958509,0,0,0,0,0,0,0,0,0,0,0,6.60702567508826,0,0,0,0,5.7859809971595,0,13.2077275860694,0,0,0,0,0,0,0,0,0,0,0,9.99980962276459,0,8.8109809178025,0,23.8284950256348,0,0
15.7351404825846,0,18.117725679215,0,26.2598610657912,0,4.38400500060014,0,19.3245272827148,0,4.47010425834332,0,4.08413863182068,0,0,0,35.5215492248535,0,59.2701921463013,0,10.5578054917957,0,0,0,0,0,0,0,3.05570662021637,0,3.72781880199909,0,0,0,0,0,9.96335821202461,0,12.5303459564845,0,47.7464790344238,0,30.0378941199819,0,0,0,35.9986081759135,49.8154754638672,19.8198435275586,0,5.20298784375191,0,4.61145694544361,0,30.1641597747803,0,0,0,4.94775803444233,0,5.5967000972393,0,0,15.0975890399278,0,0,0,0,0,0,0,13.4759103986952,0,8.78177014389479,0,0,0,0,0,45.2696371479195,0,35.2921104431152,23.1732447813343,41.3627700805664,9.80278894276295,0,81.6148834228516
0,21.0697668595101,0,15.8321138678813,0,7.37061232014706,0,5.20074384212494,0,18.6111932482038,0,7.21506948192575,0,7.61074613661006,0,4.84265208244324,91.2749214172363,76.2689056396484,33.7489915407621,6.17403346337612,0,0,0,0,0,0,0,0,0,2.75161027908325,0,0,0,0,0,13.0782017959998,124.194290161133,3.85483977393569,0,48.5129515784127,92.7489654541016,19.2039886813461,65.8509883880615,46.511470249721,52.432544708252,33.4024801207978,69.1866111755371,0,0,10.1434067351633,0,8.55291313125241,0,6.48439537027466,0,0,0,0,0,5.22990043843514,0,6.33130144055297,10.6242448633367,80.1352844238281,0,0,0,0,0,0,0,0,10.8905982393855,0,0,0,0,0,40.354137319677,96.2834531995985,45.9090742270152,0,18.7025353512132,28.6456460952759,11.1202734149965,46.9034837086995,73.0770842234294
12.3841405781833,0,16.2366626683403,0,9.48485124678839,0,3.09082365036011,0,15.4479869206746,0,4.07717116507526,0,4.57589808820981,0,6.84140424728394,0,0,0,53.0857830047607,0,32.5450444221497,0,0,0,0,0,11.3315055847168,0,7.13999107842133,0,0,0,0,0,0,0,37.4402550061544,0,0,0,47.4203567504883,0,27.1971102120741,0,0,0,36.8734096950955,0,14.5516246052889,0,4.20239572710805,0,0,0,0,0,4.94775803444233,0,0,0,4.11080704289353,0,0,23.7255442876082,0,0,0,0,0,0,0,10.1249258804321,0,26.2300567626953,0,0,0,0,0,41.4872963457222,0,0,16.3335721854922,32.8927845954895,10.2922544232464,0,0
0,18.6096878051758,0,7.4423855382043,0,4.44400072097778,0,5.29555237677789,0,0,0,4.5915785664219,0,4.66895495226917,0,4.84084527492523,0,0,0,14.0719041824341,0,0,0,0,0,0,0,5.20389121224947,0,0,0,0,0,0,0,29.3031597137451,0,24.5196990966797,0,0,0,33.2929345911199,0,0,0,25.9173574447632,0,0,0,5.68787789184775,0,4.31191231445833,0,4.13905444512,0,0,0,5.22990043843514,0,0,0,5.5066502568819,20.5818700790405,0,0,0,0,0,6.06375150517984,0,4.66828342377467,0,0,0,0,0,0,0,35.1506185531616,0,0,0,14.563026169072,2.96444082260132,13.3381317391688,0,0
9.76860103563885,0,8.40428736001726,0,7.04744599415706,0,0,0,6.78480862885714,0,0,0,3.3172853257921,0,4.54631092093457,0,0,0,71.3205852508545,0,29.1426737308502,0,28.2711238861084,0,6.07212878964058,0,6.86119734418803,0,0,0,0,0,0,0,0,0,34.3281767103407,0,44.236656665802,0,0,67.2693519592285,27.4603593186369,0,51.5851707458496,0,47.7657435280936,0,12.8263866638113,0,4.86178419833281,0,0,0,6.39095405930454,0,5.5967000972393,0,4.11080704289353,0,0,0,0,29.5531832695007,0,0,0,23.7272815704346,0,6.65429599941037,0,16.922843803059,0,0,0,0,0,0,0,41.5835145095299,0,0,14.9943734845896,38.5697813034058,18.2812514726364,0,0
0,4.97737622261047,0,7.55554209797588,0,3.95849636622838,0,0,0,5.08066656159573,0,0,0,4.14462582708678,0,4.59989756704458,0,3.336693351919,0,0,0,0,0,11.6891717116038,0,14.0534405274825,0,0,0,0,0,0,0,0,0,0,0,33.6047706604004,0,0,0,31.4582468913152,88.8274688720703,0,0,0,0,0,0,7.13444560307723,0,3.93480470180511,0,0,0,6.60702567508826,0,6.33130144055297,0,5.5066502568819,0,0,0,0,0,0,0,0,6.29075281547778,0,7.4019660949707,0,0,0,0,0,0,0,0,74.5398178100586,0,0,5.06345591243548,0,12.9892307784029,0,0
93.416015625,29.772731590271,0,32.6874694188436,0,10.0831952297941,0,13.4255483945211,0,0,0,18.890737634235,0,0,0,0,93.0525093078613,77.6298234727648,50.6011940981891,4.84058665894003,0,0,0,0,0,0,0,0,0,0,0,0,0,0,0,10.5033546997786,0,16.6080744586672,0,22.4936773226149,80.8281402587891,31.7794551321801,65.4439273834228,39.3625576712868,47.9182141621908,10.9860779277601,64.1625709533691,0,0,33.1063922535289,0,17.897873878479,0,12.6563253269329,0,0,0,10.6242448633367,0,20.5818700790405,0,0,0,88.8640632629395,0,0,0,0,0,0,0,0,17.8463890075684,0,0,0,0,0,15.5233842511003,84.1518249511719,14.4594849663838,0,12.6815040078351,40.0760040283203,14.5900824305321,52.9532051086426,63.3432388305664
33.9315305189653,0,33.7169468966397,63.2368946075439,0,0,0,0,33.8070373535156,0,10.5401651779811,0,0,0,0,0,69.8783604691668,75.868791680587,55.2703415810149,0,8.08281934458964,0,0,0,0,0,0,0,0,0,0,0,0,0,0,0,11.3685496831003,0,17.9666296158861,72.6125771658761,28.6501589028732,73.0851469039917,32.4858571876107,59.0735198974609,35.4495402018229,58.823322614034,17.9584395773208,0,36.2613643010457,77.1792373657227,0,89.2577438354492,0,0,0,0,15.0975890399278,80.1352844238281,23.7255442876082,0,29.5531832695007,0,88.8640632629395,0,0,0,0,0,0,66.7791519165039,0,45.0544708915379,0,25.5764539339326,0,0,0,0,89.8807582855225,21.2631884429542,106.587677001953,27.3029956734458,30.9116734984677,35.8329391479492,22.0577999107741,58.6430854797363,43.0677300621482
0,0,0,0,0,0,0,0,0,0,0,0,0,0,0,0,0,4.91486479792484,0,0,0,4.90174337428004,0,3.50766974145716,0,0,0,7.47875982823998,0,0,0,0,0,0,0,0,0,4.62912838935852,0,0,0,0,0,0,0,0,0,0,0,7.07762913193022,0,0,0,0,0,0,0,0,0,0,0,0,0,0,0,0,4.73008379749223,0,3.94963018827035,0,8.24879787848876,0,0,0,0,0,0,0,0,0,5.0244829930322,0,4.11846214676478,0,0,0,0
0,0,0,0,0,0,0,0,0,0,0,0,0,0,0,0,4.45146020002735,0,0,0,0,0,4.79860004478031,0,0,0,2.99328840695895,0,6.05760402229211,0,0,0,0,0,0,0,0,0,6.12030089602751,0,0,0,0,0,0,0,0,0,12.3180969573639,0,0,0,0,0,0,0,0,0,0,0,0,0,0,0,0,0,0,8.15598015785217,0,5.25082728316664,0,6.50615383646815,0,0,0,0,0,0,0,0,0,5.5269381814944,5.78665309292929,0,0,0,0
0,10.5948583069494,0,27.2868264516195,0,0,0,0,0,3.12842467096117,0,0,0,0,0,0,0,5.05239235271107,51.9574279785156,0,0,6.05582148630288,0,4.2794208182022,0,4.51066366108981,0,0,0,0,0,0,0,0,0,0,0,8.7311608487535,0,0,0,0,0,0,0,0,0,0,0,16.4424310326576,0,0,0,0,0,5.7859809971595,0,0,0,0,0,0,0,0,4.73008379749223,0,0,0,4.28866412027462,0,0,0,0,0,0,0,0,0,0,0,7.37891824434674,0,8.65666579543997,0,9.49676183892239,0,0
12.7207148869832,0,0,0,0,0,0,0,0,0,0,0,0,0,0,0,0,0,0,0,0,0,16.4219123813468,0,5.36046610843568,0,0,0,0,0,0,0,0,0,0,0,0,0,9.93330589401405,0,0,0,8.9138973236084,0,0,0,0,0,6.63018876055013,0,0,0,0,0,3.58666456779304,0,0,0,0,0,23.7272815704346,0,0,0,0,8.15598015785217,0,0,0,2.74587845802307,0,0,0,0,0,0,0,0,0,0,0,7.66840530866347,8.12352652416051,0,6.0435703814499,0,0
0,0,0,0,0,0,0,0,0,10.0240214665731,0,0,0,12.638053894043,0,3.06982100009918,0,4.85752665094969,0,0,0,5.45053871870041,0,4.38847925991355,0,4.43597737077164,0,8.71731502695601,0,0,0,0,0,0,0,0,0,6.11897762616475,0,0,0,0,0,0,0,0,0,0,0,4.56660911227976,0,0,0,0,0,13.2077275860694,0,0,0,6.06375150517984,0,6.29075281547778,0,0,3.94963018827035,0,4.28866412027462,0,0,0,7.27353321655124,0,0,0,0,0,0,0,0,0,8.83450260162354,0,3.30648970603943,0,5.23853181537829,0,0
10.2712812423706,0,0,0,0,0,0,0,7.98418565229936,0,0,0,3.06615126132965,0,9.90242639515135,0,3.78012049198151,0,0,0,0,0,12.0116468823474,0,7.62176345102489,0,4.64260776837667,0,3.1752776666121,0,0,0,0,0,0,0,0,0,8.34979353452984,0,0,0,22.9837927818298,0,0,0,0,0,16.2851014137268,0,0,0,0,0,7.90486645698547,0,0,0,0,0,6.65429599941037,0,0,66.7791519165039,0,5.25082728316664,0,2.74587845802307,0,0,0,4.57338090737661,0,0,0,0,0,0,0,0,0,8.33409595489502,7.570130666097,0,14.627511660258,0,0
0,0,0,0,0,0,0,0,0,0,0,0,0,15.6139678955078,0,0,0,0,0,0,0,4.12660670280457,0,0,0,4.92181926652005,0,5.93715308164602,0,6.39522222558895,0,0,0,0,0,0,0,0,0,0,0,23.5516910552979,0,0,0,0,0,0,0,5.04775342676375,0,0,0,0,0,0,0,0,0,4.66828342377467,0,7.4019660949707,0,0,8.24879787848876,0,0,0,7.27353321655124,0,0,0,5.49882019064057,0,0,0,0,0,0,0,6.82746255397797,0,13.7981439908346,0,14.2551317214966,0,0
14.104620582179,0,24.3799336377312,69.7782974243164,0,0,0,0,19.470522626241,0,4.36245603339617,0,4.73189480304718,0,10.8354644775391,0,70.7540225982666,0,29.7821044921875,0,48.4643859863281,0,9.92985082874002,0,0,0,4.16186439289766,0,5.04023797260244,0,7.88523325169909,0,0,0,0,0,56.8584007263184,0,7.48298698326327,0,0,0,20.7441680972316,0,0,0,44.7535388946533,0,16.8467454492,0,0,0,0,0,34.4163017272949,0,13.4759103986952,0,10.1249258804321,0,16.922843803059,0,0,45.0544708915379,0,6.50615383646815,0,0,0,4.57338090737661,0,0,0,9.76985708827322,0,0,0,0,0,59.826343536377,0,5.48249646299868,23.5889724597596,0,18.5756281882524,0,20.8241691589355
0,28.8899292416043,0,29.5325231552124,0,0,0,0,0,17.2637033462524,0,10.562785031346,0,0,0,0,0,77.0340957641602,25.1013891356332,0,0,0,0,0,0,0,0,6.31235819922553,0,6.10128630095999,0,0,0,0,0,123.071479797363,0,10.9128680167213,0,43.5345714092255,88.8694000244141,10.6460265895215,71.7200190226237,61.5182285308838,0,35.2541486024857,0,0,0,22.406185558864,0,0,0,0,0,0,0,10.8905982393855,0,0,0,0,17.8463890075684,0,0,0,0,0,0,0,5.49882019064057,0,0,0,0,0,0,0,58.9838708730844,0,8.36957567819302,0,20.6234488143921,0,20.5748063974743,21.3988342285156,0
23.5178923606873,0,26.8146176656087,0,0,0,0,0,14.8560037612915,0,3.05605459213257,0,0,0,0,0,62.524954477946,0,42.0639951879328,0,43.8059857975353,0,0,0,0,0,0,0,6.68154407950009,0,4.4404095159818,0,0,0,0,149.020660400391,61.0648071535172,0,5.51644014695595,0,49.9057757059733,0,25.2109563388522,0,0,0,35.6661402470357,0,17.2732284296127,0,0,0,0,0,0,0,8.78177014389479,0,26.2300567626953,0,0,0,0,25.5764539339326,0,0,0,0,0,0,0,9.76985708827322,0,0,0,0,0,0,0,61.0362270645231,0,12.3938576905233,19.0460706454057,46.6106262207031,10.8492336114248,0,20.2304496765137
