0,0,0.0017058687508471,0,0,0,0,0,0.029099940560881,0,0,0,0,0,0,0,0.000270977148011306,5.99142150278407e-06,0.000526406370667218,0,0,0,0,0,0,0,0,0,0,0,0,0,0,0,0,0,0,0,0,0,0,6.41758230616176e-05,0.0245771635742786,0,0,0,0,6.82230016179836e-05,0.0626682238117501,0,0.000294744579653438,0,0,0,0.0826327962226548,0,0.00033246402427081,0,0,0,0.0493715424791793,0,0,1.74871281001623e-05,0,0,0,0,0,0.000357835022936154,0,0,0,0.000127963886089514,0,0,0,0,0,2.44137587624475e-06,0,0,0.000210388147050522,0,0.0126016588848315,0,0
0,0,0,0.0063823811328383,0,0,0,0,0,0.0258704812815553,0,0,0,0,0,0.00034556737162815,0,0,0.00283763637737558,0,0,0,0,0,0,0,0,0,0,0,0,0,0,0,0,0,0,0,0,0.000154706695135357,0.000209729235134473,0.0164095948900155,0,0,0,0.000645258294593262,0,0,0,0.0181168303966501,0,0,0,0,0,0.138748286301922,0,0.000529292058521852,0,0,0,0.00475380501014118,0,0,0,0,0,0,0,0,0,0,2.86183570331066e-05,0,0,0,0,0,0.00028669883347754,1.17805884802473e-06,0,0,0.00097376231348741,0,0.00580207533724629,8.52293240981672e-05,0
0.0017058687508471,0,0,0,0.00237475154891521,0,0,0,0.00803190932060458,0,0,0,0,0,0,0,2.08688423095093e-05,0,0.000812465733226716,0,0.000749921940203358,0,0,0,0,0,0,0,0,0,0,0,0,0,0,0,0.000362853950021559,0,0,0,0.00640026188953104,0,0.0139235465010362,0,0,0,0.00187878290481017,3.99096604424504e-05,0.0165567166379462,0,0.015413299138973,0,0,0,0.0476047710820323,0,0.00195156148351884,0,0.00480331855336965,0,0,0,0,0.000297863366078115,0,0,0,0,0,0,0,0,0,0.000654252593955344,0,0,0,0,1.53381008974661e-06,0.000166415382265042,0,4.2041066383093e-06,0.000233156651428348,0,0.0195662302558172,0,0.0112672248977749
0,0.0063823811328383,0,0,0,0.00522397736465017,0,0,0,0.00248745880092624,0,0,0,0,0,0,1.16709987565464e-05,3.60950869953646e-05,0.000706029640856232,0.000233975147733505,0,0,0,0,0,0,0,0,0,0,0,0,0,0,0,0.00038668976115637,0,0,0,0.00820767178108581,0.000133995738491341,0.0399479454361069,0.000432283843254068,0,0,0.00510862489000136,0.000449223482122067,0.00053077714782548,0.00077906886353635,0.0169051777196071,7.71528552472823e-05,0.0514173991733618,0,0,0,0.097421312016657,0,0.00695917603888123,0,0.00372760993607523,0,0.0128023179432004,0.000191380210349126,0.000249369854226701,0,0,0,0,0,0,0,0,0.000240333904891408,0.000173709483657483,0,0,0,0,0.000542241097555447,6.08621758342514e-06,0,0,0.00157661956304729,2.54898071637959e-05,0.0384535063737789,0.000143381303419239,0
0,0,0.00237475154891521,0,0,0,0.00444114667440269,0,0.00509607379727633,0,0,0,0,0,0,0,0,0,0.000194187434096149,0,0.0268667495604668,0,0,0,0,0,0,0,0,0,0,0,0,0,0,0,0.000199633371614797,0,0,0,0,0,0.00239037784961826,0,0,0,0,0,0.000608645492133499,0,0.256516210083089,0,0,0,0,0,0.00022618759324301,0,0,0,0,0,0,3.44559541618514e-05,0,0,0,0,0,0,0,0,0,0.000597166363060508,0,0,0,0,0,8.09003144227052e-05,0,0,0.00267996941577899,0,0.00478337809358055,0,0.000402993739555668
0,0,0,0.00522397736465017,0,0,0,0.015354396007356,0,0.0100354090326334,0,0,0,0.00249011814181513,0,0,0,0,0,0.0258984985839911,0,0,0,0,0,0,0,0,0,0,0,0,0,0,0,0.000333060385276605,0,0,0,0,0,0.00084279425173699,1.10094157998848e-05,0,0,1.52258329687116e-05,0,0,1.1708216286791e-05,0,0,0.0868565221452537,0,0.00260248198350607,0,0,0,0.000330030582546638,0,0.000155712372909973,0,0,0.00265018491264364,0,0,0,0,0,0,0,0,0,0,0,0,0,0,0,2.25754885956489e-05,0,0,0,0.00456341084050679,2.08037870760215e-06,0.0020438450430843,0,0
0,0,0,0,0.00444114667440269,0,0,0,0,0,0,0,0,0,0,0,0,0,0,0,0.0464820502846743,0,0,0,0,0,0,0,0,0,0,0,0,0,0,0,0,0,0,0,0,0,0,0,0,0,0,0,0,0,0.00248319525488901,0,0,0,0,0,0,0,0,0,0,0,0,0,0,0,0,0,0,0,0,0,0,0,0,0,0,0,0,0,0,0,0.000802165380302434,0.00106650514315585,6.46500680564384e-05,0,0
0,0,0,0,0,0.015354396007356,0,0,0,0,0,0.000136836344609037,0,0.0026893527385223,0,0,0,0,0,0.00136795011811523,0,0,0,0,0,0,0,0,0,0,0,0,0,0,0,0,0,0,0,0,0,0,0,0,0,0,0,0,0,0,0,0.00482065177184895,0,0.0105627233265714,0,0,0,0,0,0.0122785071441021,0,0,0.00065769763968726,0,0,0,0,0,0,0,0,0,0,0,0,0,0,0,0,0,0,0,0.00292289235924627,0.000422233451999721,0,0,0
0.029099940560881,0,0.00803190932060458,0,0.00509607379727633,0,0,0,0,0,0,0,0,0,0.141354436261921,0,0.000961264340260186,0,0.0024697915038571,0,0,0,0,0,0.00498114143533966,0,0.012694129493678,0,0,0,0,0,0,0,0,0,0,0,0.00275730843170722,0,0,0,0.00418570919078043,0,0,0,0.000142754874190233,0,0.00779723585333964,0,0.000806092594404322,0,0,0,0.185135400823414,0,0.000174156044923498,0,0,0,0.0350018015255414,0,0,0,0,0,0,0.00080475728654224,0,3.59242645767209e-05,0,0,0,3.92638709834151e-05,0,0,0,0,0,0,0,0.000588584016122205,0.00359101051784991,0,0.00446921670773655,0,0
0,0.0258704812815553,0,0.00248745880092624,0,0.0100354090326334,0,0,0,0,0,0,0,0,0,0.101007227149608,0,0.000285284064605398,4.48135032024294e-05,0,0,0,0,0.00521923832704718,0,0,0,0,0,0,0,0,0,3.22566097653168e-05,0,0,0,0.00398284988899257,0,0.00012856359277447,0,0.00142477345541544,0,0,0,0,0,0,0,0.000191523233499313,0,0,0,0,0,0.149909949130006,0,0,0,0,0,0.0742434905310366,0,0,0,0,0.00314941452968692,0,0.00151573577392403,0,0,0,0,0,0,0,0.000280390838200525,0,0,0,0.00133929742941071,0,0.00965598611856997,0.00750580814753165,0.00986566652723592,0,0
0,0,0,0,0,0,0,0,0,0,0,0,0.207358860707925,0,0,0,0,0,0,0,0.245847137289019,0,0,0,0,0,0,0,0.000514233982994305,0,0,0,0,0,0,0,0.00432682424880595,0,0.0818984897796827,0,0,0,0,0,0,0,0,0,0,0,0,0,0,0,0,0,0.0516950202297857,0,0.111485360718711,0,0,0,0,0.083821559705618,0,0,0,0,0,0,0,0,0,0,0,0,0,0,0,0.000178610825496047,0,0.050894570677053,0.00546324169450989,0.00132736923049849,0,0,0
0,0,0,0,0,0,0,0.000136836344609037,0,0,0,0,0,0.0909765654036852,0,0,0,0,0,0.165929369353592,0,0,0,0,0,0,0,0.000487736840389938,0,0,0,0,0,0,0,0.00535124845052983,0,0.0713379862117736,0,0,0,0,0,0,0,0,0,0,0,0,0,0,0,0,0,0,0,0.147312124572113,0,0.233928770062821,0,0,0.0589093042423264,0,0,0,0,0,0,0,0.00624942659492595,0,0.00308544773845927,0,0,0,0,0,0.00183696619248273,0,0.0026867182270419,0,0.00272111437851642,0.00530472331353815,0,0,0
0,0,0,0,0,0,0,0,0,0,0.207358860707925,0,0,0,0.0160834514624624,0,0,0,0,0,0,0,0,0,0,0,0,0,0,0,0,0,0,0,0,0,0,0,0,0,0,0,0,0,0,0,0,0,0,0,0,0,0,0,0,0,0.0570078446957736,0,0.011826586805657,0,0.0165134127069707,0,0,0,0,0,0,0,0,0,0,0,0,0,0,0,0,0,0,0,0,0,0.000741369074854833,0.000498378802962878,0,0,0
0,0,0,0,0,0.00249011814181513,0,0.0026893527385223,0,0,0,0.0909765654036852,0,0,0,0.00349345693398445,0,0,0,0,0,0,0,0,0,0,0,0.00421511477086787,0,0.00631558992166892,0,0,0,0,0,0,0,0,0,0,0,0,0,0,0,0,0,0,0,0,0,0.000725075535475506,0,0.000340728578822169,0,0,0,0.0447972992440592,0,0.120726225083472,0,0.0120974532852193,0,0,0,0,0,0,0,0,0.000821765245447458,0,0,0,0,0,0,0,0,0,0,0,0.00180936725778929,0.0101419350270525,0,0,0
0,0,0,0,0,0,0,0,0.141354436261921,0,0,0,0.0160834514624624,0,0,0,0,0,0,0,0,0,0,0,0,0,0,0,0,0,0,0,0,0,0,0,0,0,0,0,0,0,0,0,0,0,0,0,0,0,0,0,0,0,0.131011983150468,0,0,0,0.00011556017852854,0,0.0607771299054252,0,0,0,0,0,0,0,0,0,0,0,0,0,0,0,0,0,0,0,0,0,0.00154894444201916,0,0,0,0
0,0.00034556737162815,0,0,0,0,0,0,0,0.101007227149608,0,0,0,0.00349345693398445,0,0,0,0.0168116489912684,0,0,0,0,0,0,0,0.0010113076211473,0,0.0001218769029947,0,0,0,0,0,0,0,0,0,0,0,0,0,2.12732906948211e-05,0,0,0,0,0,0,0,0,0,0,0,0,0,0.539398228963945,0,0,0,0,0,0.0958188436113032,0,0,0,0,0,0,0,0,0,0,0,0,0,0,0,0,0,0,0,0,0.00438394375126575,0.00223561751999695,9.98904360822322e-06,0,0
0.000270977148011306,0,2.08688423095093e-05,1.16709987565464e-05,0,0,0,0,0.000961264340260186,0,0,0,0,0,0,0,0,0.268685596208842,0.146595600916052,0,0,0,0.000123637967561412,0,0,0,0,0,0,0,0,0,0,0,0,0,0,0,0,0.00187790026271047,0.0045068764926595,0.000698605835650946,0.00325690637637388,0,0,0.000921334666319571,0.00441918410753573,0,4.8706797029771e-05,4.52388473428343e-06,0,0,0,0,0,0,0.000414409078270763,5.21938208600901e-05,0,0,0,0,2.78236535719494e-05,0.000883117099573508,0,0.000123008847574047,0,0,0,0,0,0,0,0.000774104340264628,0,0,0,0,0.0006446052378598,0.00320512952621554,0,0.000523698311125217,0.0231355544109529,0.000132584272554173,0.0119536404375939,7.29057201253561e-06,0.000806866009436506
5.99142150278407e-06,0,0,3.60950869953646e-05,0,0,0,0,0,0.000285284064605398,0,0,0,0,0,0.0168116489912684,0.268685596208842,0,0.120515740898299,0,0,0.00992893671903022,0,0.00490318184049973,0,0.152556281548805,0,0.00499951279081445,0,0,0,0,0,0,0,0,0,0,0,0.00327825302693608,0.00133641894662906,0.00246262356633357,0.000955959738462182,0,1.90064696595476e-05,0.00104922788587755,0.00206547392560823,0,0,0,0,0,0,0,0,0,9.45119293453152e-05,3.87248111584542e-05,0,0,0,0.00285881284682817,3.62933061149057e-05,0.000318125245063769,0,0,0.000422518435317152,0,0.00028029264258652,0,0,0,4.02785689815333e-06,0.000119215785656761,0,0,0,0,0.000846096871344066,0.000761370955110629,0,0.00012629453512983,0.0349727911820625,0.00439792903459588,0.00671131189833983,0.000116197026702391,0.000314523425413617
0.000526406370667218,0.00283763637737558,0.000812465733226716,0.000706029640856232,0.000194187434096149,0,0,0,0.0024697915038571,4.48135032024294e-05,0,0,0,0,0,0,0.146595600916052,0.120515740898299,0,0,0,0,0,8.34866419270851e-05,0,0,0,0,0,0,0,0,0,0,0,0,2.2789386989116e-06,0,0,0.0461624562445074,0.0352092628075484,0.0316440428564011,0.0273223002983109,0,0.000339213643904458,0.0226163783233713,0.0412405877842186,0,0.000817697191873899,8.66425217529273e-05,1.72652723973269e-05,0,0,0,0,0,0.00155444874091441,0.00202357984425499,0,0,0,0,0.000456975500634562,0.00692753464456471,0,0,0,0,0,0,0,0,0.00011738499449094,0.00384320824232401,0,0,0,0,0.0157313145959983,0.0163766193911045,0,0.00237900960108634,0.0244740501067553,3.44121400229144e-05,0.143550920368793,0.00279563548878033,0.0132379134976995
0,0,0,0.000233975147733505,0,0.0258984985839911,0,0.00136795011811523,0,0,0,0.165929369353592,0,0,0,0,0,0,0,0,0,0,0,0,0,0,0,0,0,0,0,0,0,0,0,0.0382545838884136,0,0.0115133227433862,0,0,0,0,0,0,0,0,0,0,0,0,0,0.0131631991610537,0,0,0,0,0,0.0317584696387148,0,0,0,0,0.175278896696657,0,0,0,0,0,0,0,0,0,0,0,0,0,0,0,0.00382854140355458,0,4.19683131443419e-05,0,0.00147489273252263,0,0.00535631594375096,0,0
0,0,0.000749921940203358,0,0.0268667495604668,0,0.0464820502846743,0,0,0,0.245847137289019,0,0,0,0,0,0,0,0,0,0,0,0,0,0,0,0,0,0,0,0,0,0,0,0,0,0.0341608413038594,0,0.0231415630362236,0,0.000230413803590877,0,0.00016764215564672,0,0,0,0,0.000171333528628859,0.000406313500806894,0,0.045190606887104,0,0,0,0,0,0.0163763624425326,0,0,0,0,0,0,0.0870615064217811,0,0,0,0,0,0,0,0,0,0,0,0,0,0,0,0.0323077128156753,0,0.00337837840759711,0.00379301861050061,2.41338682122503e-05,0.00724853326422128,0,0
0,0,0,0,0,0,0,0,0,0,0,0,0,0,0,0,0,0.00992893671903022,0,0,0,0,0.0836857151190997,0.00201282315919517,0,0.0129502380191388,0,0.0268084456168441,0,0,0,0,0,0,0,0,0,0.0524925879812053,0.00181637169364779,0,0,0,0,0,0,0,0,0,0,0.00303023366874652,0,0,0,0,0,0,0,0,0,0,0,0,0,0,0.125289088080241,0.0109437936896945,0.00333694872161376,0,0.00277033864135806,0,0.0354918912924686,0,0,0,0,0,0,0,0,0,0.0194664257419108,0.00168661004654575,0.0134231435287786,0.00205114304624315,0,0,0
0,0,0,0,0,0,0,0,0,0,0,0,0,0,0,0,0.000123637967561412,0,0,0,0,0.0836857151190997,0,0,0.0127658541849443,0,0.000290076514275484,0,0.0078157552932868,0,0,0,0,0,0,0,0,0,0.0258745221575414,0,0,0,0,0,0,0,0,5.09532070081372e-06,0.00475204766509973,0,0,0,0,0,0,0,0,0,0,0,0,0,0,0,0.0212337005577713,0.128725510030218,0,0.0108147178660763,0,0.000183317444228358,0,0.010849575707064,0,0,0,0,0,0,0,0,0,0.0110569646388095,0.00907985123513246,0.00211076350248421,0.000288538942718478,0,0
0,0,0,0,0,0,0,0,0,0.00521923832704718,0,0,0,0,0,0,0,0.00490318184049973,8.34866419270851e-05,0,0,0.00201282315919517,0,0,0,0.0731891145286384,0,0,0,0,0,0,0,0,0,0,0,0.0221700454191258,0,0,0,0,0,0,0,0,0,0,0,0.000738190215298481,0,0,0,0,0,0.022936649367768,0,0,0,0,0,0,0,0,0,0,0.0151801647526574,0,0.134082499506621,0,0,0,0,0,0,0,0.000502104395345007,0,0,0,0.0107258054705305,0,0.00138439437624486,0,0.000311821314545832,0,0
0,0,0,0,0,0,0,0,0.00498114143533966,0,0,0,0,0,0,0,0,0,0,0,0,0,0.0127658541849443,0,0,0,0.071688539416298,0,0,0,0,0,0,0,0,0,0,0,0.0341186449858287,0,0,0,0,0,0,0,0,0,0.00138475772562918,0,0,0,0,0,0.00129262443813639,0,0,0,0,0,0.00364253833174363,0,0,0,0,0.00709766628361333,0,0.0660169088710181,0,0.155676253874061,0,0,0,0,0,0,0,0,0,0,0,0.00414797046247635,0.000888751408143072,0,0.00133544544730305,0,0
0,0,0,0,0,0,0,0,0,0,0,0,0,0,0,0.0010113076211473,0,0.152556281548805,0,0,0,0.0129502380191388,0,0.0731891145286384,0,0,0,0.00369716299385608,0,0,0,0,0,0,0,0,0,0,0,0,0,0,0,0,0,0,0,0,0,0,0,0,0,0,0,0,0,0,0,0,0,0,0,0,6.46974781812063e-05,0,0.00261864558685289,0,0.0128242040573828,0,0,0,0,0,0,0,0,0,0,0,0,0,0.00101760485342131,0.000122583364779487,0,0,0
0,0,0,0,0,0,0,0,0.012694129493678,0,0,0,0,0,0,0,0,0,0,0,0,0,0.000290076514275484,0,0.071688539416298,0,0,0,0,0,0,0,0,0,0,0,0,0,0,0,0,0,0,0,0,0,0,0,0,0,0,0,0,0,0.128884637890328,0,0,0,0,0,0,0,0,0,0,0,0,0.00556060234811998,0,0.250453026836303,0,0,0,0,0,0,0,0,0,0,0,0,3.43504004762133e-05,0,5.37490208061837e-05,0,0
0,0,0,0,0,0,0,0,0,0,0,0.000487736840389938,0,0.00421511477086787,0,0.0001218769029947,0,0.00499951279081445,0,0,0,0.0268084456168441,0,0,0,0.00369716299385608,0,0,0,0.0636483764599333,0,0,0,0,0,0,0,0.0047909730906677,0,0,0,0,0,0,0,0,0,0,0,0,0,0,0,0,0,0,0,0.000734518491868251,0,0.0510139232715349,0,0.00419114172298217,0,0,0.00992519183477471,0,0,0,0.0145107391481367,0,0.243059681861239,0,0.000520054468884723,0,0,0,0,0,0,0,0.000106433922595164,0,0.00430401965995522,0.00635194579608547,0,0,0
0,0,0,0,0,0,0,0,0,0,0.000514233982994305,0,0,0,0,0,0,0,0,0,0,0,0.0078157552932868,0,0,0,0,0,0,0,0.0683458979333162,0,0,0,0,0,0,0,0.00549356089705155,0,0,0,0,0,0,0,0,0,0,0,0,0,0,0,0,0,0.00175964391237185,0,0,0,0,0,0,0,0,0.0071636592472862,0,0,0,0,0,0.0436955896583958,0,0.0504224765611693,0,0,0,0,0,0,0,0.00121967611963908,0.000113872507468328,6.97109453540179e-06,0,0,0
0,0,0,0,0,0,0,0,0,0,0,0,0,0.00631558992166892,0,0,0,0,0,0,0,0,0,0,0,0,0,0.0636483764599333,0,0,0,0,0,0,0,0,0,0.00753535836991957,0,0,0,0,0,0,0,0,0,0,0,0,0,0,0,0,0,0,0,0,0,0.0229360700082007,0,0,0,0,0,0,0,0,0,0,0.156164892943103,0,0.0914281471206328,0,0,0,0,0,0,0,0.000962400337082227,0,0.000318438215786677,0.00094860454751076,0,0,0
0,0,0,0,0,0,0,0,0,0,0,0,0,0,0,0,0,0,0,0,0,0,0,0,0,0,0,0,0.0683458979333162,0,0,0,0,0,0,0,0,0,0.00494803639546218,0,0,0,0,0,0,0,0,0,0,0,0,0,0,0,0,0,0.000338701418082904,0,0,0,0,0,0,0,0,0,0,0,0,0,0,0.0218789633938574,0,0.0155001452492156,0,0,0,0,0,0,0,0.00104542571021896,0.000301820491621653,0,0,0,0
0,0,0,0,0,0,0,0,0,0,0,0,0,0,0,0,0,0,0,0,0,0,0,0,0,0,0,0,0,0,0,0,0.467107802592231,0,0.00330978010547297,0.00921314214905737,0.000123897580645842,0,0,0,0,0,0,0,0,0,0,0.151204154004833,0.00106847378389414,0,0,0,0,0,0,0,0,0,0,0,0,0,0,0,0,0,0,0,0,0,0,0,0,0,0.0675592540254309,0.366383974336709,0,0.00319151274901609,0.00692648791251711,0.000457837594039304,0,0,0.000410510408031359,0,1.52629653645985e-05,0,0
0,0,0,0,0,0,0,0,0,0,0,0,0,0,0,0,0,0,0,0,0,0,0,0,0,0,0,0,0,0,0,0.467107802592231,0,0.00232230683429829,0.0129768194179961,0.00198637070713373,0.0115103590218076,0,0,0,0,0,0,0,0,0,0,0.370333708748637,0.00409251585194977,0.00183952967834287,0,0,0,0,0,0,0,0,0,0,0,0,0,0,0,0,0,0,0,0,0,0,0,0,0.355565969811487,0.149744946021949,0.002876993949025,0.00379720918734059,0.00017530583191462,0.0125743225727569,0,0,0.00118256780442869,0,0,0,0
0,0,0,0,0,0,0,0,0,3.22566097653168e-05,0,0,0,0,0,0,0,0,0,0,0,0,0,0,0,0,0,0,0,0,0,0,0.00232230683429829,0,0.319178153006871,0.0150050973023321,0,0.00729145350578791,0.00192529917104432,0,0,0,0,0,0,0,0,0.0817946917318756,0.000162885619166703,7.84184491578292e-05,0,0,0,0,0,7.24293046059526e-05,0,0,0,0,0,0,0,0,0,0,6.03820587993667e-05,0,0,0,0,0,0,0,0.00588853088272834,0.000100245294683916,0.168782852984867,0.245902459995583,0.00179946427716573,0,0.00440649267722644,0.00182375660565989,0.000764981390441146,8.60313212508006e-05,0,0,0
0,0,0,0,0,0,0,0,0,0,0,0,0,0,0,0,0,0,0,0,0,0,0,0,0,0,0,0,0,0,0,0.00330978010547297,0.0129768194179961,0.319178153006871,0,0,0.0132093936356523,0.00709219352588934,0.00619371537491921,0,0,0,0,0,0,0,0,0.189190846789917,0.000463263795366584,0.00540075929787828,0,0,0,0,0,0,0,0,0,0,0,0,0,0,0,0,0,0,0,0,0,0,0,0,0.00381853279022085,0.00347997504787155,0.243013948009721,0.122914526646223,0,0.0078862684750961,0.0050602645081449,0.000507983179407926,0.00303882599872929,3.76245179058208e-05,0.000201808581232817,0,0
0,0,0,0.00038668976115637,0,0.000333060385276605,0,0,0,0,0,0.00535124845052983,0,0,0,0,0,0,0,0.0382545838884136,0,0,0,0,0,0,0,0,0,0,0,0.00921314214905737,0.00198637070713373,0.0150050973023321,0,0,0.0581784923657873,0.0584705093266331,0.00187311473620995,0.000231359210979421,0,9.30429381269119e-05,0,0,0,0.000251299082006062,0,0,3.43752945802903e-06,6.79673797228691e-05,0,0,0,0,0,0,0,0.00274411168152628,0,0,0,0,0.014465149513199,0,0,0,0,0,0,0,0,0,0,0,0.0172294861747757,0.000520762822732561,0.0496476753569903,0,0.130989630007813,0.0237805214784954,0.00852240036403729,0,0.014597213700511,0.00234449482719133,0.00272136853821559,0,0
0,0,0.000362853950021559,0,0.000199633371614797,0,0,0,0,0,0.00432682424880595,0,0,0,0,0,0,0,2.2789386989116e-06,0,0.0341608413038594,0,0,0,0,0,0,0,0,0,0,0.000123897580645842,0.0115103590218076,0,0.0132093936356523,0.0581784923657873,0,0.00152182034205364,0.0625245691069966,0,0.000541267975741861,2.9036018568923e-06,0.000324808037644938,0,0,1.834734787246e-05,0.00010224124448395,0.000129020788059991,0.000544599559851548,1.71344028374381e-05,0.000166029311931827,0,0,0,0,0,0.00481262766485327,0,0,0,0,0,0,0.0193041784059595,0,0,0,0,0,0,0,0,0,2.37608698703979e-05,0.000539927163822074,0.00748296372208893,0,0.00509831929488886,0.0123727033330312,0.138784538236508,0,0.00439049782631855,0.0122110526391073,0.00272585514342978,0.00539659502591897,0,1.39222094182193e-05
0,0,0,0,0,0,0,0,0,0.00398284988899257,0,0.0713379862117736,0,0,0,0,0,0,0,0.0115133227433862,0,0.0524925879812053,0,0.0221700454191258,0,0,0,0.0047909730906677,0,0.00753535836991957,0,0,0,0.00729145350578791,0.00709219352588934,0.0584705093266331,0.00152182034205364,0,0.00703881986436726,0,0,0,0,0,0,0,0,2.60036390278884e-05,0,0.00919905282805694,0,0,0,0,0,0.00345586897048379,0,0.0424232150189927,0,0,0,0,0.0154792064990991,0,0.0207057847216615,0,0.0138339737061608,0,0,0,0.000995019794926806,0,0.012127734388597,0,0,0,0.0108046253169857,0.00252276170065627,0.0286985701067052,0,0.166311763911777,0.00202877946779019,0.00851380197255984,0.00387028502064585,0.00163760174818103,0,0
0,0,0,0,0,0,0,0,0.00275730843170722,0,0.0818984897796827,0,0,0,0,0,0,0,0,0,0.0231415630362236,0.00181637169364779,0.0258745221575414,0,0.0341186449858287,0,0,0,0.00549356089705155,0,0.00494803639546218,0,0,0.00192529917104432,0.00619371537491921,0.00187311473620995,0.0625245691069966,0.00703881986436726,0,0,0,0,2.24467383014095e-05,0,0,0,0,0.0013014084863155,0.00641973062170469,0,0,0,0,0,0.00834325481679093,0,0.0348938521682473,0,0,0,0,0,0,0.00709269915741703,0.00041879825682933,0.0183168613123778,0,0.0262412213930797,0,0,0,0.00355985345016657,0,0.00329946843236689,0,0,0,0.00388433196846265,0.000393052554356543,0.0158269176744667,0.0064152990236462,0.148217592629178,0.00900005204510409,0.00131522089339819,0.00120095450043188,0,0
0,0.000154706695135357,0,0.00820767178108581,0,0,0,0,0,0.00012856359277447,0,0,0,0,0,0,0.00187790026271047,0.00327825302693608,0.0461624562445074,0,0,0,0,0,0,0,0,0,0,0,0,0,0,0,0,0.000231359210979421,0,0,0,0,0.000812990819505863,0.157989351394959,0.000511348552450998,0,0,0.0564991159533851,0.00186992258998161,0.0011123297552343,3.93125829199373e-05,0.0352401063479492,0,0,0,0,0,0,4.74256212949319e-05,0.000828623407134362,0,0,0,0,0.0223747644630561,0.000144051431780714,0,0,0,0,0,0,0,0,9.72061831064016e-06,0.000326669889855712,0,0,0,0,0.00513325589522628,0.000183205041126141,0,2.42238508903897e-06,0.00220876350673965,8.36747026792975e-05,0.132232859757098,0.00274202042933798,0.000299288612578763
0,0.000209729235134473,0.00640026188953104,0.000133995738491341,0,0,0,0,0,0,0,0,0,0,0,0,0.0045068764926595,0.00133641894662906,0.0352092628075484,0,0.000230413803590877,0,0,0,0,0,0,0,0,0,0,0,0,0,0,0,0.000541267975741861,0,0,0.000812990819505863,0,0.000705217048879221,0.0741071706334938,0,0.014392552449706,0.00133408127490921,0.0663343847503527,0.00228308718450997,0.033686292361994,0,0.00514065851187137,0,0,0,0,0,0.000611837620027812,5.12468412349268e-05,0.000133667338013191,0,0,0,0,0.0283560884852583,0,0,0,0,0,0,0,0,0,0.00566530844445993,0,0,0,0,0.000140320454318164,0.0095478880175859,0,0.000442892179585176,0.00150616978767663,2.07329267361727e-05,0.0773322600633196,0,0.0235747115348687
6.41758230616176e-05,0.0164095948900155,0,0.0399479454361069,0,0.00084279425173699,0,0,0,0.00142477345541544,0,0,0,0,0,2.12732906948211e-05,0.000698605835650946,0.00246262356633357,0.0316440428564011,0,0,0,0,0,0,0,0,0,0,0,0,0,0,0,0,9.30429381269119e-05,2.9036018568923e-06,0,0,0.157989351394959,0.000705217048879221,0,0.00889547613703949,0,2.71545699038369e-05,0.00897960011034879,0.00100893365461309,0.00176623423170882,0.000263228261107553,0.0461419594752306,3.63810132209383e-05,0.000234585192950221,0,0,0,0.00361479251935121,3.24447916069291e-05,0.00427602797483255,0,0,0,0,0.0029478749392739,0.000162024056052018,0,0,0,0,0,0,0,0,0.000445167124299584,5.73565623558673e-05,0,0,0,0,0.0101681326256249,0.000313038212057247,0,1.80105392950544e-05,0.00745855242399453,0.000381756967925676,0.176701091511821,0.010864813367551,0.000113013529736239
0.0245771635742786,0,0.0139235465010362,0.000432283843254068,0.00239037784961826,1.10094157998848e-05,0,0,0.00418570919078043,0,0,0,0,0,0,0,0.00325690637637388,0.000955959738462182,0.0273223002983109,0,0.00016764215564672,0,0,0,0,0,0,0,0,0,0,0,0,0,0,0,0.000324808037644938,0,2.24467383014095e-05,0.000511348552450998,0.0741071706334938,0.00889547613703949,0,0,0.00424426870826666,0.000808487493398996,0.0166431615264919,0.0145065532050093,0.0473740548844196,4.94565357341312e-05,0.00213535459912012,0,0,0,0.000204028362931986,0,0.0199791225880001,7.48818134351007e-05,0.000133956420974341,0,6.93804109706264e-05,0,0,0.0221626856715858,0,0,4.57608709025781e-05,3.22493386384999e-05,0,0,0,0,0,0.0116345957449341,0,0,0,0,0.00016130169971645,0.0153269515660713,0,0.00282976602222991,0.00783726671604051,0.000135333676130483,0.196859421267504,3.82649793248107e-05,0.0476786453094575
0,0,0,0,0,0,0,0,0,0,0,0,0,0,0,0,0,0,0,0,0,0,0,0,0,0,0,0,0,0,0,0,0,0,0,0,0,0,0,0,0,0,0,0,0,0,0,0,0,0,0,0,0,0,0,0,0,0,0,0,0,0,0,0,0,0,0,0,0,0,0,0,0,0,0,0,0,0,0,0,0,0,0,0,0,0,0
0,0,0,0,0,0,0,0,0,0,0,0,0,0,0,0,0,1.90064696595476e-05,0.000339213643904458,0,0,0,0,0,0,0,0,0,0,0,0,0,0,0,0,0,0,0,0,0,0.014392552449706,2.71545699038369e-05,0.00424426870826666,0,0,0,0.000553623815847306,0,6.03812854276164e-05,0,0,0,0,0,0,0,0,0,0,0,0,0,0,0.00574917837738051,0,0,0,0,0,0,0,0,0,0,0,0,0,0,0,0.000954395995893858,0,1.13196759244053e-05,1.21432974458874e-05,0,0.000291501146049706,0,0
0,0.000645258294593262,0,0.00510862489000136,0,1.52258329687116e-05,0,0,0,0,0,0,0,0,0,0,0.000921334666319571,0.00104922788587755,0.0226163783233713,0,0,0,0,0,0,0,0,0,0,0,0,0,0,0,0,0.000251299082006062,1.834734787246e-05,0,0,0.0564991159533851,0.00133408127490921,0.00897960011034879,0.000808487493398996,0,0,0,0.00111088114476771,0.000302225394262545,0.000150774286813955,0.00296926643351592,0.00010172965833089,0,0,0,0,6.50799630910123e-05,3.34741718330619e-05,0.00166399425418551,0,0,0,0,0.079671180129561,0.000386418469202154,0,0,0,0,0,0,0,0,0,6.76977482849271e-06,0,0,0,0,0.00801571365350542,0.000297277800111442,0,1.30718649244634e-05,0.00110720732669058,5.62381278591632e-05,0.0546387760018619,0,0.000328905338709952
0,0,0.00187878290481017,0.000449223482122067,0,0,0,0,0.000142754874190233,0,0,0,0,0,0,0,0.00441918410753573,0.00206547392560823,0.0412405877842186,0,0,0,0,0,0,0,0,0,0,0,0,0,0,0,0,0,0.00010224124448395,0,0,0.00186992258998161,0.0663343847503527,0.00100893365461309,0.0166431615264919,0,0.000553623815847306,0.00111088114476771,0,5.00243859879622e-05,0.000775505871026995,2.52555806145411e-05,0.000340999572986418,0,0,0,0,0,0.00036913602290769,7.59550838247488e-05,5.45095970564975e-05,0,0,0,1.00990135691334e-05,0.0787033342734442,0,0,0,0,0,0,0,0,0,0.000952175552055974,0,0,0,0,0.000459135163915327,0.0227094263648715,0,0.00274503430166935,0.00206743454364926,1.68379427408392e-05,0.0453452339937916,4.55624088482394e-05,0.000795644229013712
6.82230016179836e-05,0,3.99096604424504e-05,0.00053077714782548,0,0,0,0,0,0,0,0,0,0,0,0,0,0,0,0,0.000171333528628859,0,5.09532070081372e-06,0,0,0,0,0,0,0,0,0.151204154004833,0.370333708748637,0.0817946917318756,0.189190846789917,0,0.000129020788059991,2.60036390278884e-05,0.0013014084863155,0.0011123297552343,0.00228308718450997,0.00176623423170882,0.0145065532050093,0,0,0.000302225394262545,5.00243859879622e-05,0,0.144436212640992,0.120449269750717,0,0,0,0,0,0,0,1.11437323110857e-05,0,0,0,0,4.14479261389998e-05,1.04561048222353e-05,0,0,0.000378228712170268,0,0,0,0,0,0,0,0.109558719096237,0.34823889676203,0.029767151807222,0.0423067862634314,0.00489796495274667,0.00414517707825333,6.1040479975849e-06,0.000212149264058497,0.0123971629467093,0.000161847746300755,0.016572540192301,0,0
0.0626682238117501,0,0.0165567166379462,0.00077906886353635,0.000608645492133499,1.1708216286791e-05,0,0,0.00779723585333964,0,0,0,0,0,0,0,4.8706797029771e-05,0,0.000817697191873899,0,0.000406313500806894,0,0.00475204766509973,0,0.00138475772562918,0,0,0,0,0,0,0.00106847378389414,0.00409251585194977,0.000162885619166703,0.000463263795366584,3.43752945802903e-06,0.000544599559851548,0,0.00641973062170469,3.93125829199373e-05,0.033686292361994,0.000263228261107553,0.0473740548844196,0,6.03812854276164e-05,0.000150774286813955,0.000775505871026995,0.144436212640992,0,0.0299375892385689,0.000218210290180655,0,0,0,0.00871870768840764,0,9.34477270028852e-05,0,0,0,0.00777454981481394,0,7.51160480285673e-05,0.000938969194022628,0,0.00166562216046704,0,0.00482655732406889,0,0.00057541681599845,0,0,0,0.000230531448971666,0,0.00249657003115476,5.80726707661867e-05,0,3.68310033825295e-05,0.00298467656415073,0,0.00518700472764549,0.00507222746712996,1.87481369198511e-06,0.0504929695098911,0,0.00118789025734096
0,0.0181168303966501,0,0.0169051777196071,0,0,0,0,0,0.000191523233499313,0,0,0,0,0,0,4.52388473428343e-06,0,8.66425217529273e-05,0,0,0.00303023366874652,0,0.000738190215298481,0,0,0,0,0,0,0,0,0.00183952967834287,7.84184491578292e-05,0.00540075929787828,6.79673797228691e-05,1.71344028374381e-05,0.00919905282805694,0,0.0352401063479492,0,0.0461419594752306,4.94565357341312e-05,0,0,0.00296926643351592,2.52555806145411e-05,0.120449269750717,0.0299375892385689,0,0,0,0,0,0,0.0111923759953562,0,0.00313303497191435,0,0.00265339817939111,0,0.000218195327174616,0.000278180377186119,0,0.000201575819437704,0,0.0241066121811388,0,0.00146281356890305,0,0,0,0.00326522719016876,0,0,0,0,0.000222388901360096,0.00583500951230388,1.08187581828847e-06,0.00746257778696597,0,0.00286102834658626,2.24406376232931e-05,0.040188462631255,0,0
0.000294744579653438,0,0.015413299138973,7.71528552472823e-05,0.256516210083089,0,0.00248319525488901,0,0.000806092594404322,0,0,0,0,0,0,0,0,0,1.72652723973269e-05,0,0.045190606887104,0,0,0,0,0,0,0,0,0,0,0,0,0,0,0,0.000166029311931827,0,0,0,0.00514065851187137,3.63810132209383e-05,0.00213535459912012,0,0,0.00010172965833089,0.000340999572986418,0,0.000218210290180655,0,0,0,0.017166684444374,0,0.000715815087605182,0,0.00325782542145568,0,4.06714572844002e-05,0,0,0,0,6.12394770164897e-05,0,0,0,0,0,0,0,0,0,0.000105924011075458,0,0,0,0,0,8.92255823266737e-05,0,0,0.000898608865867587,0,0.0142007948860523,0,0.000214612476390329
0,0,0,0.0514173991733618,0,0.0868565221452537,0,0.00482065177184895,0,0,0,0,0,0.000725075535475506,0,0,0,0,0,0.0131631991610537,0,0,0,0,0,0,0,0,0,0,0,0,0,0,0,0,0,0,0,0,0,0.000234585192950221,0,0,0,0,0,0,0,0,0,0,0,0.000779043529442296,0,0.000380484068878658,0,0.00300536592602932,0,0.000156203580250613,0,0,0.00207446287752691,0,0,0,0,0,0,0,0,0,0,0,0,0,0,0,1.61001285522554e-06,0,0,0,0.00679217023135442,0,0.000984846439670329,0,0
0,0,0,0,0,0,0,0,0,0,0,0,0,0,0,0,0,0,0,0,0,0,0,0,0,0,0,0,0,0,0,0,0,0,0,0,0,0,0,0,0,0,0,0,0,0,0,0,0,0,0.017166684444374,0,0,0,0,0,0.00675596420200723,0,0,0,0,0,0,0,0,0,0,0,0,0,0,0,0,0,0,0,0,0,0,0,0,0,0.000734130812027889,0.000258693323196634,0,0,0
0,0,0,0,0,0.00260248198350607,0,0.0105627233265714,0,0,0,0,0,0.000340728578822169,0,0,0,0,0,0,0,0,0,0,0,0,0,0,0,0,0,0,0,0,0,0,0,0,0,0,0,0,0,0,0,0,0,0,0,0,0,0.000779043529442296,0,0,0,0,0,0.000216456817721039,0,0.000699781450554174,0,0,0.00182487028229416,0,0,0,0,0,0,0,0,0,0,0,0,0,0,0,0,0,0,0,0.00334836920131289,0.000345367422829572,7.00557844728988e-05,0,0
0.0826327962226548,0,0.0476047710820323,0,0,0,0,0,0.185135400823414,0,0,0,0,0,0.131011983150468,0,0,0,0,0,0,0,0,0,0.00129262443813639,0,0.128884637890328,0,0,0,0,0,0,0,0,0,0,0,0.00834325481679093,0,0,0,0.000204028362931986,0,0,0,0,0,0.00871870768840764,0,0.000715815087605182,0,0,0,0,0,0,0,0,0,0.141670856413801,0,0,0,0,0,0,0.0216951443775452,0,0.00385873895763935,0,0,0,0,0,0,0,0,0,0,0,0.00506488381014942,0.00122432319577314,0,0.00168268506077177,0,0.00118189718480231
0,0.138748286301922,0,0.097421312016657,0,0,0,0,0,0.149909949130006,0,0,0,0,0,0.539398228963945,0,0,0,0,0,0,0,0.022936649367768,0,0,0,0,0,0,0,0,0,7.24293046059526e-05,0,0,0,0.00345586897048379,0,0,0,0.00361479251935121,0,0,0,6.50799630910123e-05,0,0,0,0.0111923759953562,0,0.000380484068878658,0,0,0,0,0,2.54696228862061e-05,0,0,0,0.260278077990525,0,0,0,0,0.0873775768176023,0,0,0,0,0,0,0,0,0,0.00127892166312559,0,0,0,0.0078129891082244,0,0.000180591414781643,0,0.00774989857641765,0,0
0.00033246402427081,0,0.00195156148351884,0,0.00022618759324301,0,0,0,0.000174156044923498,0,0.0516950202297857,0,0.0570078446957736,0,0,0,0.000414409078270763,9.45119293453152e-05,0.00155444874091441,0,0.0163763624425326,0,0,0,0,0,0,0,0.00175964391237185,0,0.000338701418082904,0,0,0,0,0,0.00481262766485327,0,0.0348938521682473,4.74256212949319e-05,0.000611837620027812,3.24447916069291e-05,0.0199791225880001,0,0,3.34741718330619e-05,0.00036913602290769,0,9.34477270028852e-05,0,0.00325782542145568,0,0.00675596420200723,0,0,0,0,0,0.0240164862322465,0,0,0,0,0.0109080734976024,0,0,0,0,0,0,0,0,0,0.00539554094385372,0,0,0,0,1.63500017226559e-05,0.000136319784671037,0,0.00598547938591336,0.00432101979727686,0.00054692992740408,0.0773110907499235,0,0.00312105022322678
0,0.000529292058521852,0,0.00695917603888123,0,0.000330030582546638,0,0,0,0,0,0.147312124572113,0,0.0447972992440592,0,0,5.21938208600901e-05,3.87248111584542e-05,0.00202357984425499,0.0317584696387148,0,0,0,0,0,0,0,0.000734518491868251,0,0,0,0,0,0,0,0.00274411168152628,0,0.0424232150189927,0,0.000828623407134362,5.12468412349268e-05,0.00427602797483255,7.48818134351007e-05,0,0,0.00166399425418551,7.59550838247488e-05,1.11437323110857e-05,0,0.00313303497191435,0,0.00300536592602932,0,0.000216456817721039,0,2.54696228862061e-05,0,0,0,0.0215163321477449,0,0.000717588760404517,0.0612050711266606,0,0,0,0,0,0,0,0.000808493472357646,0,5.25203522112948e-05,0,0,0,0,0,0.000119372646556185,4.6569424835981e-06,0.000673058104607593,0,0.00622296326313756,0.00369141488079653,0.0307473711810696,0.0016219502528908,5.83143066810532e-05
0,0,0.00480331855336965,0,0,0,0,0,0,0,0.111485360718711,0,0.011826586805657,0,0.00011556017852854,0,0,0,0,0,0,0,0,0,0,0,0,0,0,0,0,0,0,0,0,0,0,0,0,0,0.000133667338013191,0,0.000133956420974341,0,0,0,5.45095970564975e-05,0,0,0,4.06714572844002e-05,0,0,0,0,0,0.0240164862322465,0,0,0,0,0,0,0,0,0,0,0,0,0,0,0,0,0,0,0,0,0,0,0,0,0,0.00263114406758675,0.000175139620334567,0.00202765586581661,0,0
0,0,0,0.00372760993607523,0,0.000155712372909973,0,0.0122785071441021,0,0,0,0.233928770062821,0,0.120726225083472,0,0,0,0,0,0,0,0,0,0,0,0,0,0.0510139232715349,0,0.0229360700082007,0,0,0,0,0,0,0,0,0,0,0,0,0,0,0,0,0,0,0,0.00265339817939111,0,0.000156203580250613,0,0.000699781450554174,0,0,0,0.0215163321477449,0,0,0,0,0,0,0,0,0,0,0,0,0.00045862343238908,0,0,0,0,0,0,0,0,0,0,0,0.0136718515843179,0.0232550204666323,7.96951236860994e-05,0,0
0.0493715424791793,0,0,0,0,0,0,0,0.0350018015255414,0,0,0,0.0165134127069707,0,0.0607771299054252,0,0,0,0,0,0,0,0,0,0.00364253833174363,0,0,0,0,0,0,0,0,0,0,0,0,0,0,0,0,0,6.93804109706264e-05,0,0,0,0,0,0.00777454981481394,0,0,0,0,0,0.141670856413801,0,0,0,0,0,0,0,0,0,0,0,0,0.0114659971088499,0,0,0,0,0,0,0,0,0,0,0,0,0,0,0.000687055393015314,0,0.00171391499996969,0,0
0,0.00475380501014118,0,0.0128023179432004,0,0,0,0,0,0.0742434905310366,0,0,0,0.0120974532852193,0,0.0958188436113032,0,0.00285881284682817,0,0,0,0,0,0,0,0,0,0.00419114172298217,0,0,0,0,0,0,0,0,0,0,0,0,0,0,0,0,0,0,0,0,0,0.000218195327174616,0,0,0,0,0,0.260278077990525,0,0.000717588760404517,0,0,0,0,0,0,0,0,0,0,0,0,0,0,0,0,0,0,0,0,0,0,0,0,0.00255970349876291,0.00166990077004734,5.96206871774106e-05,0,0
0,0,0,0.000191380210349126,0,0.00265018491264364,0,0.00065769763968726,0,0,0,0.0589093042423264,0,0,0,0,2.78236535719494e-05,3.62933061149057e-05,0.000456975500634562,0.175278896696657,0,0,0,0,0,0,0,0,0,0,0,0,0,0,0,0.014465149513199,0,0.0154792064990991,0,0.0223747644630561,0,0.0029478749392739,0,0,0,0.079671180129561,1.00990135691334e-05,4.14479261389998e-05,7.51160480285673e-05,0.000278180377186119,0,0.00207446287752691,0,0.00182487028229416,0,0,0,0.0612050711266606,0,0,0,0,0,2.75199977377749e-05,0,0,0,0,0,0,0,0,0,0,0,0,0,0,0.00726741706584579,0,0,0,0.00179831863547852,1.0098778973737e-06,0.02724331717386,0,0
1.74871281001623e-05,0,0.000297863366078115,0.000249369854226701,3.44559541618514e-05,0,0,0,0,0,0.083821559705618,0,0,0,0,0,0.000883117099573508,0.000318125245063769,0.00692753464456471,0,0.0870615064217811,0,0,0,0,0,0,0,0,0,0,0,0,0,0,0,0.0193041784059595,0,0.00709269915741703,0.000144051431780714,0.0283560884852583,0.000162024056052018,0.0221626856715858,0,0.00574917837738051,0.000386418469202154,0.0787033342734442,1.04561048222353e-05,0.000938969194022628,0,6.12394770164897e-05,0,0,0,0,0,0.0109080734976024,0,0,0,0,0,2.75199977377749e-05,0,0,0,0,0,0,0,0,0,0,0.000905602843206162,0,0,0,0,6.37232566973625e-05,0.0356592488992935,0,0.00181893354134165,0.00832114292349705,4.26189782781682e-06,0.0322712179434399,0,0.000100831609821416
0,0,0,0,0,0,0,0,0,0,0,0,0,0,0,0,0,0,0,0,0,0.125289088080241,0.0212337005577713,0,0,6.46974781812063e-05,0,0.00992519183477471,0,0,0,0,0,0,0,0,0,0.0207057847216615,0.00041879825682933,0,0,0,0,0,0,0,0,0,0,0.000201575819437704,0,0,0,0,0,0,0,0,0,0,0,0,0,0,0,7.32835557619958e-05,0.000160663480957311,0,0.000236648245179609,0,0.00302099027671576,0,0,0,0,0,0,0,0,0,0.00438147767446314,0.000640465939328153,0.00766747404755899,0.000207502564675529,0,0,0
0,0,0,0,0,0,0,0,0,0,0,0,0,0,0,0,0.000123008847574047,0,0,0,0,0.0109437936896945,0.128725510030218,0,0.00709766628361333,0,0,0,0.0071636592472862,0,0,0,0,0,0,0,0,0,0.0183168613123778,0,0,0,0,0,0,0,0,0,0.00166562216046704,0,0,0,0,0,0,0,0,0,0,0,0,0,0,0,7.32835557619958e-05,0,0,0.000278327500138208,0,0,0,0,0,0,0,0,0,0,0,0,0,0.00275647671819752,0.00329175180863132,0.000249237899611524,0.000150625585013013,0,0
0,0,0,0,0,0,0,0,0,0.00314941452968692,0,0,0,0,0,0,0,0.000422518435317152,0,0,0,0.00333694872161376,0,0.0151801647526574,0,0.00261864558685289,0,0,0,0,0,0,0,6.03820587993667e-05,0,0,0,0.0138339737061608,0,0,0,0,4.57608709025781e-05,0,0,0,0,0.000378228712170268,0,0.0241066121811388,0,0,0,0,0,0.0873775768176023,0,0,0,0,0,0,0,0,0.000160663480957311,0,0,0,0.0901289461095574,0,5.22226987902412e-05,0,0,0,0,0,0.00115535383589699,0,0,0,0.0101890940485131,0,0.00182976530636971,0,0.00926842264260853,0,0
0,0,0,0,0,0,0,0,0.00080475728654224,0,0,0,0,0,0,0,0,0,0,0,0,0,0.0108147178660763,0,0.0660169088710181,0,0.00556060234811998,0,0,0,0,0,0,0,0,0,0,0,0.0262412213930797,0,0,0,3.22493386384999e-05,0,0,0,0,0,0.00482655732406889,0,0,0,0,0,0.0216951443775452,0,0,0,0,0,0.0114659971088499,0,0,0,0,0.000278327500138208,0,0,0,0.0632565310655483,0,0,0,0,0,0,0,0,0,0,0,0.00841054029425346,0.00179690735209827,0,0.00629202855519644,0,0
0,0,0,0,0,0,0,0,0,0.00151573577392403,0,0,0,0,0,0,0,0.00028029264258652,0,0,0,0.00277033864135806,0,0.134082499506621,0,0.0128242040573828,0,0.0145107391481367,0,0,0,0,0,0,0,0,0,0,0,0,0,0,0,0,0,0,0,0,0,0.00146281356890305,0,0,0,0,0,0,0,0,0,0,0,0,0,0,0.000236648245179609,0,0.0901289461095574,0,0,0,0.00154068549331783,0,0,0,0,0,0,0,0,0,0,0,0.00103072341039459,0,0,0,0
0.000357835022936154,0,0,0,0,0,0,0,3.59242645767209e-05,0,0,0,0,0,0,0,0,0,0,0,0,0,0.000183317444228358,0,0.155676253874061,0,0.250453026836303,0,0,0,0,0,0,0,0,0,0,0,0,0,0,0,0,0,0,0,0,0,0.00057541681599845,0,0,0,0,0,0.00385873895763935,0,0,0,0,0,0,0,0,0,0,0,0,0.0632565310655483,0,0,0,0,0,0,0,0,0,0,0,0,0,0,5.61499541885406e-05,0,0.00504760414631623,0,0
0,0,0,0,0,0,0,0,0,0,0,0.00624942659492595,0,0.000821765245447458,0,0,0,0,0,0,0,0.0354918912924686,0,0,0,0,0,0.243059681861239,0,0.156164892943103,0,0,0,0,0,0,0,0.000995019794926806,0,0,0,0,0,0,0,0,0,0,0,0,0,0,0,0,0,0,0,0.000808493472357646,0,0.00045862343238908,0,0,0,0,0.00302099027671576,0,5.22226987902412e-05,0,0.00154068549331783,0,0,0,0.0179729309536939,0,0,0,0,0,0,0,7.22214508552146e-05,0,0.00398634961499729,0.00218213396388472,0,0,0
0,0,0,0,0,0,0,0,0,0,0,0,0,0,0,0,0,0,0,0,0,0,0.010849575707064,0,0,0,0,0,0.0436955896583958,0,0.0218789633938574,0,0,0,0,0,0,0,0.00355985345016657,0,0,0,0,0,0,0,0,0,0,0,0,0,0,0,0,0,0,0,0,0,0,0,0,0,0,0,0,0,0,0,0,0,0,0.00296871351025359,0,0,0,0,0,0,0,0.00122106763635964,0.00232472511096624,0,3.23813219438307e-05,0,0
0,2.86183570331066e-05,0,0.000240333904891408,0,0,0,0,0,0,0,0.00308544773845927,0,0,0,0,0,4.02785689815333e-06,0.00011738499449094,0,0,0,0,0,0,0,0,0.000520054468884723,0,0.0914281471206328,0,0,0,0,0,0,0,0.012127734388597,0,9.72061831064016e-06,0,0.000445167124299584,0,0,0,0,0,0,0,0.00326522719016876,0,0,0,0,0,0,0,5.25203522112948e-05,0,0,0,0,0,0,0,0,0,0,0,0,0.0179729309536939,0,0,0,0,0,0,0,0,0,0.000195569976774577,0,0.00175784168866163,0.000932998832134626,0.000245026822265506,0.000542539086788882,0
0.000127963886089514,0,0.000654252593955344,0.000173709483657483,0.000597166363060508,0,0,0,3.92638709834151e-05,0,0,0,0,0,0,0,0.000774104340264628,0.000119215785656761,0.00384320824232401,0,0,0,0,0,0,0,0,0,0.0504224765611693,0,0.0155001452492156,0,0,0,0,0,2.37608698703979e-05,0,0.00329946843236689,0.000326669889855712,0.00566530844445993,5.73565623558673e-05,0.0116345957449341,0,0,6.76977482849271e-06,0.000952175552055974,0,0.000230531448971666,0,0.000105924011075458,0,0,0,0,0,0.00539554094385372,0,0,0,0,0,0,0.000905602843206162,0,0,0,0,0,0,0,0.00296871351025359,0,0,0,0,0,0,1.15013707284115e-05,7.86035841485322e-05,0,0.000372631428063961,0.00282296384162192,1.75186570813733e-06,0.00991714069019212,0,0.0057567644092408
0,0,0,0,0,0,0,0,0,0,0,0,0,0,0,0,0,0,0,0,0,0,0,0,0,0,0,0,0,0,0,0.0675592540254309,0.355565969811487,0.00588853088272834,0.00381853279022085,0.0172294861747757,0.000539927163822074,0,0,0,0,0,0,0,0,0,0,0.109558719096237,0,0,0,0,0,0,0,0,0,0,0,0,0,0,0,0,0,0,0,0,0,0,0,0,0,0,0,0.109911436223845,0.124333153618664,0.00364519168989264,0.00665479380809466,0.000403502022639226,0,0,0.00134968855323011,0,0,0,0
0,0,0,0,0,0,0,0,0,0,0,0,0,0,0,0,0,0,0,0,0,0,0,0,0,0,0,0,0,0,0,0.366383974336709,0.149744946021949,0.000100245294683916,0.00347997504787155,0.000520762822732561,0.00748296372208893,0,0,0,0,0,0,0,0,0,0,0.34823889676203,0.00249657003115476,0,0,0,0,0,0,0,0,0,0,0,0,0,0,0,0,0,0,0,0,0,0,0,0,0,0.109911436223845,0,0.000170834019189665,0.0979907580663779,4.61802337066816e-05,0.0109794048960732,0,0,0.000734896545851364,0,0,0,0
0,0,0,0,0,0,0,0,0,0.000280390838200525,0,0,0,0,0,0,0,0,0,0,0,0,0,0.000502104395345007,0,0,0,0,0,0,0,0,0.002876993949025,0.168782852984867,0.243013948009721,0.0496476753569903,0,0.0108046253169857,0,0,0,0,0,0,0,0,0,0.029767151807222,5.80726707661867e-05,0,0,0,0,0,0,0.00127892166312559,0,0,0,0,0,0,0,0,0,0,0.00115535383589699,0,0,0,0,0,0,0,0.124333153618664,0.000170834019189665,0,0.324493499364258,0.00974471417514924,0,0.00838448334976635,0,0.00347044762148616,0,0,0,0
