0,0,0.0136785323406906,0,0,0,0,0,0.0209209624748776,0,0,0,0,0,0,0,2.4666028986491e-05,9.55007951767097e-06,0.00256424911177274,0,0,0,0,0,0,0,0,0,0,0,0,0,0,0,0,0,0,0,0,0,0,0,0.00141371869955357,0,0,0,0,0,0.00780081145903392,0,0,0,0,0,0.0516584771838737,0,0,0,0,0,0.000272900178450991,0,0,0,0,0,0,0.000581547886263613,0,0,0,0,0,0,0,0,0,0,0,1.69560549413664e-06,0,0,0.00026774883671614,0,0.00533814511857334,0,0
0,0,0,0.0081463337590139,0,0,0,0,0,0.0238960111275566,0,0,0,0,0,0,2.951467513147e-05,0,0.00127004439818062,0,0,0,0,0,0,0,0,0,0,0,0,0,0,0,0,5.1520062372967e-06,0,0,0,0,0,0.00915341393443175,0,0,0,4.48729173683593e-05,0,0,0,0.0030629023219715,0,0,0,0,0,0.0456277249841061,0,0,0,0,0,0.000282266613794491,0,0,0,0,0.000555898223390569,0,0.000142092507377289,0,0,0,0,0,0,0,0,0,0.000118048747475459,0,0,0,0.000130017758191669,1.58395422198145e-06,0.00452403492661476,0.000145908740292362,0
0.0136785323406906,0,0,0,0.00653939446915695,0,0,0,0.0626707351076069,0,0,0,0,0,0,0,0,3.66624408955422e-06,0.000199234999623734,0,0,0,0,0,0,0,0,0,0,0,0,0,0,0,0,0,4.90983503393463e-06,0,0,0,0.000300329279149011,0,0.0011320732598453,0,0,0,0.00136075893876389,0,0.0074711861880784,0,0.0587269953897685,0,0,0,0.00116633411010013,0,0.000334229947618083,0,0.00251374877904608,0,0.00742429041476342,0,0,3.82101012903775e-05,0,0,0,0,0,0,0,4.81144620722911e-05,0,0.00546583594978028,0,0,0,0,0,0.000114035653685832,0,9.25590307369957e-05,0.000414606916091188,4.6805063373893e-06,0.0110501302600004,0,0.000130632481935499
0,0.0081463337590139,0,0,0,0.00276666021798801,0,0,0,0.00222405670198591,0,0,0,0,0,0,0,2.67703507667409e-05,0.000109017015044735,0,0,0,0,0,0,0,0,0,0,0,0,0,0,0,0,0,0,2.43842317154377e-06,0,0.00305805855318059,0,0.00133935771810444,9.3813617730136e-06,0,0,0.0025060175037287,2.02616761926166e-05,0,0,0.0115893303282031,0,0.0170531551738709,0,0,0,0.00632585653338716,0,0.00110862472850251,0,0.000920977075281503,0,0.0105291848690955,0.000443494267260833,0,0,0,0,0,0,0,0.000107296924572168,0,0.00451883357989699,0,0,0,0,0,0.000159254181657482,1.00719203628756e-06,5.34146144574097e-05,0,0.000141677211004084,0,0.0106120331652231,0.000138587708740541,0
0,0,0.00653939446915695,0,0,0,0.00302712309809924,0,0.00173369985672836,0,0,0,0,0,0,0,0,0,0,0,0.0104103966720182,0,0,0,0,0,0,0,0,0,0,0,0,0,0,0,0.000125102792092237,0,0,0,7.24086214483533e-05,0,0.000127407429514091,0,0,0,0.00076207811474355,1.78098968399371e-05,0.000306193357671111,0,0.112745732177326,0,0,0,0,0,0,0,6.75154979156193e-05,0,0,0,0,0.0056419172472596,0,0,0,0,0,0,0,0,0,7.84720598289435e-05,0,0,0,0,0,0.00038383489841951,0,3.43286679589143e-05,0.00102433946909341,0,0.00751751510731628,0,0
0,0,0,0.00276666021798801,0,0,0,0.00245511707452776,0,0.0142624784012318,0,0,0,0,0,0,0,0,6.63627974636997e-06,0.00852499105454425,0,0,0,0,0,0,0,0,0,0,0,0,0,0,0,0.000130914211987504,0,0,0,0.000787117218439012,0,4.26920141320036e-05,0,0,0,0.000514468110473914,0,0,0,0.000353069462150413,0,0.0202204368486459,0,0.00101154113076485,0,0.00290841894726963,0,0.000136325301598332,0,0.000844396446644166,0,0.000144011611993401,0.00312753332393779,0,0,0,0,0,0,0,0,0,6.94118310538025e-05,0,0,0,0,0,0.000480343292017924,0,1.40856962245382e-05,0,0.000339195750320927,0,0.00329631145207582,0,0
0,0,0,0,0.00302712309809924,0,0,0,0,0,0.00229269274357139,0,0.00047507069299562,0,0,0,0,0,0,0,0,0,0,0,0,0,0,0,0,0,0,0,0,0,0,0,0,0,0,0,0,0,0,0,0,0,0,0,0,0,0.000730592882904058,0,0.0049078818275323,0,0,0,0.00269880986012164,0,5.81446038268041e-05,0,0,0,0,0,0,0,0,0,0,0,0,0,0,0,0,0,0,0,0,0,0,0,2.66344932242646e-06,0,0,0,0
0,0,0,0,0,0.00245511707452776,0,0,0,0,0,0.000141289689668662,0,0.00130784502448409,0,0,0,0,0,0,0,0,0,0,0,0,0,0,0,0,0,0,0,0,0,0,0,0,0,0,0,0,0,0,0,0,0,0,0,0,0,0.00252689170689617,0,0.00556695229111226,0,0,0,0.0024905150329258,0,0.00360891246517691,0,0,0,0,0,0,0,0,0,0,0,0,0,0,0,0,0,0,0,0,0,0,1.77756147360447e-05,0,0,0,0
0.0209209624748776,0,0.0626707351076069,0,0.00173369985672836,0,0,0,0,0,0,0,0,0,0.0232485246536409,0,0.000738762719310565,4.90003761020313e-05,9.71799042202674e-05,0,0,0,0,0,0.000282361192387252,0,0.000535905937062674,0,0,0,0,0,0,0,0,0,1.23283653710824e-06,0,0.000274805628590707,0,0,0,0.00232962614699471,0,0,0,0.000948906491422226,0,0.000877889431298771,0,0.00526099262311292,0,0,0,0.151270727904185,0,0,0,0,0,0.0287763023577334,0,0,2.02367953573233e-05,0,0,0,0.00171319209022135,0,0.00598332851767776,0,0,0,0.000332768747895257,0,0,0,0,0,3.68276385093813e-05,0,0.000722022358352591,0.00169042418019156,0,0.00711239920569297,0,0.000124702042805163
0,0.0238960111275566,0,0.00222405670198591,0,0.0142624784012318,0,0,0,0,0,0,0,0,0,0.0021708735752291,0.000407685591887653,0.00387836218256185,0.000142482959634199,0,0,0,0,0.00181498634400371,0,0.000114710541473606,0,0,0,0,0,0,0,0,0,0,0,0.000615132942165319,0,0,0,0.000961407048166948,0,0,0,0,0,0,0,0,0,0.00202844980886824,0,0,0,0.08452168028956,0,0,0,0,0,0,0,0,0,0,0.00214671391279534,0,0,0,0,0,0,0,0,0,0,0,0,0,0.00115130196772257,0,0.000943998528525365,0,0.000737500051044584,0,0
0,0,0,0,0,0,0.00229269274357139,0,0,0,0,0,0.025198224480459,0,0,0,0,0,0,0,0.0117049225132983,0,0,0,0,0,0,0,0.000373681544179,0,0.000104104314232245,0,0,0,0,0,0.00291564108333789,0,0.00520550126710254,0,0,0,0,0,0,0,0,0,0,0,0,0,0.00101532541486081,0,0,0,0.0215424082864107,0,0.00785343288127456,0,0,0,0,0.00406081027551836,0,0,0,0,0,0,0,0.000486901785071775,0,5.53173849766608e-05,0,0,0,0,0,0,0,0.00161211905325926,0.000508026345523691,0,0,0,0
0,0,0,0,0,0,0,0.000141289689668662,0,0,0,0,0,0.0237724070890642,0,0,0,0,0,0.0181406360086331,0,0,0,0,0,0,0,0.00577943187343788,0,6.35376756082211e-05,0,0,0,0,0,0.0025227854234154,0,0.00474855256223236,0,0,0,0,0,0,0,1.35116097542279e-05,0,0,0,0,0,0.000333580232691653,0,4.67934921680744e-05,0,0,0,0.0292997252206665,0,0.0134038299451772,0,0,0.00357799447604913,0,0,0,0,0,0,0,0.0018827144745569,0,0.00248663636235215,0,0,0,0,0,0.000659273478578676,0,0.000164084292729989,0,0.000257381600918724,0,2.62427267073745e-05,0,0
0,0,0,0,0,0,0.00047507069299562,0,0,0,0.025198224480459,0,0,0,0.000131280976347625,0,0,0,0,0,0,0,0,0,0,0,0,0,8.78855638171e-05,0,0.0119043429384197,0,0,0,0,0,0,0,0,0,0,0,0,0,0,0,0,0,0,0,0.000361216650312103,0,0,0,0,0,0.000786759607002752,0,0.0179963692144829,0,0,0,0,0,0,0,0,0,0,0,0,0,0,0.00273099036056622,0,0,0,0,0,0,0,0,2.65703781131072e-05,0,0,0,0
0,0,0,0,0,0,0,0.00130784502448409,0,0,0,0.0237724070890642,0,0,0,0.000115780945634469,0,0,0,0,0,0,0,0,0,0,0,0,0,0,0,0,0,0,0,0,0,0,0,0,0,0,0,0,0,0,0,0,0,0,0,0,0,0,0,0,0,0.00036383009872035,0,0.00565360742575689,0,0.000179980197572149,0,0,0,0,0,0,0,0,0,0,0,0,0,0,0,0,0,0,0,0,0,0,0,0,0
0,0,0,0,0,0,0,0,0.0232485246536409,0,0,0,0.000131280976347625,0,0,0,0.000244539028646937,1.94075578265362e-05,0,0,0,0,0,0,0,0,0.00229840007584504,0,0,0,0,0,0,0,0,0,0,0,0,0,0,0,0,0,0,0,0,0,3.35515540797189e-05,0,0.00923281245630708,0,0,0,0.00707967921299868,0,0,0,0,0,0.0250540536287852,0,0,0,0,0,0,0,0,0.00962600150649237,0,0,0,0,0,0,0,0,0,0,0,0,0.000378893137741846,0,0,0,0
0,0,0,0,0,0,0,0,0,0.0021708735752291,0,0,0,0.000115780945634469,0,0,0,3.02271816897452e-05,0,0,0,0,0,0,0,0.000439910286264295,0,0,0,0,0,0,0,0,0,0,0,0,0,0,0,0,0,0,0,0,0,0,0,0,0,0,0,0,0,0.0246505115629906,0,0,0,0,0,0.00705461873358833,0,0,0,0,0,0,0.00199128484113212,0,0,0,0,0,0,0,0,0,0,0,0,0,3.47120443237354e-06,0,0,0,0
2.4666028986491e-05,2.951467513147e-05,0,0,0,0,0,0,0.000738762719310565,0.000407685591887653,0,0,0,0,0.000244539028646937,0,0,0.103483881979865,0.0657744534192397,0,0,1.00872986898463e-05,0.000478609961802193,0,0,0.000742250915226714,0.0046092123916946,0,0,0,0,0,0,0,0,1.01935093595909e-05,2.29492639129959e-05,0,0,0.000111127997072307,0.000327134344104005,0.000334229056986428,0.000706834457328637,4.84579547403545e-05,9.2880774917258e-05,0.000444813759073205,0.000267796626015573,0,0,3.37158106542093e-05,0,0,0,0,0,0,0,0,0,0,0.000229619156830437,0,0.000199930713558754,1.37637592396849e-05,0,9.67314463196089e-06,0,0,0,0.00126814329089975,0,0,1.20845736352134e-05,4.16272994895884e-05,0,0,0,0,0.000393985257112716,0.000678663990249385,4.76980085355274e-05,5.95599360441412e-05,0.0229723416748518,0.000305509653328078,0.00100156161462119,9.79051564181585e-05,0.000164073373961724
9.55007951767097e-06,0,3.66624408955422e-06,2.67703507667409e-05,0,0,0,0,4.90003761020313e-05,0.00387836218256185,0,0,0,0,1.94075578265362e-05,3.02271816897452e-05,0.103483881979865,0,0.0603438000045041,0,0,0.00104548193856827,0,0.00120683785471923,0,0.0035144979133256,1.54696623364671e-05,0,0,0,0,0,0,0,0,1.09295895332866e-05,2.44563093102214e-06,0,0,0.000306048274949735,0.000255805350381467,0.000522142100611875,0.00038069517257592,4.24027079870174e-06,0,0.000523954839559922,0.000138876312156005,0,0,0,0,0,0,0,0,0,0,2.59932149223116e-06,0,0,0,0,0.00012526996162528,4.26823861192515e-06,0,0,2.31826152099997e-05,0,0.000155637122149587,0,0,0,2.2859843244715e-05,0,0,0,0,0,0.00037899174675473,0.000417341219114788,7.92490087090216e-05,3.32785584882085e-05,0.0353631624527183,0.00415993348373067,0.00107842840706448,0.000240430338988352,0.000135811864122963
0.00256424911177274,0.00127004439818062,0.000199234999623734,0.000109017015044735,0,6.63627974636997e-06,0,0,9.71799042202674e-05,0.000142482959634199,0,0,0,0,0,0,0.0657744534192397,0.0603438000045041,0,0,0,3.39195952853968e-05,0,3.59696714379242e-05,0,0.000390475678263619,1.65678699642242e-05,0,0,0,0,0,0,0,0,0.000254528994463632,0.000319456428148831,2.73615640685368e-05,3.89863603917978e-06,0.00798828094100455,0.0103682559734128,0.0156025055870727,0.0186506513606275,0.00534560948400418,0.00296463215296873,0.0143117740160489,0.00792490870974266,0,0.000138132221172513,6.50840082436991e-05,0,4.09996104986892e-05,0,0,0,0,0.000125263919367388,0.00037111983922959,0,0,0,0,0.00562116648791077,0.000917722004098107,0,0,0,0,0,0,0,0,0.00276634033753047,0.00133362230246246,0,0,0,0,0.0091068431659801,0.0140310404529835,0.00301309789821773,0.00153770319865134,0.0138011377331951,5.92059977940641e-05,0.0311289834024179,0.00634343931665685,0.00771471932440255
0,0,0,0,0,0.00852499105454425,0,0,0,0,0,0.0181406360086331,0,0,0,0,0,0,0,0,0,0,0,0,0,0,0,0,0,0,0,0,0,0,0,0.00338720585363175,0,0.00137171183409919,0,0,0,0,0,0,0,4.51706091767522e-05,0,0,0,0,0,0.00107745653308309,0,0,0,0,0,0.00128268038175742,0,0,0,0,0.0163314908117155,0,0,0,0,0,0,0,0,0,0.00332089593238369,0,0,0,0,0,0.00180100747974848,0,0.000475145265958168,0,0.000424947192014915,0,0.000587986014145489,0,0
0,0,0,0,0.0104103966720182,0,0,0,0,0,0.0117049225132983,0,0,0,0,0,0,0,0,0,0,0,0,0,0,0,0,0,0,0,0,0,0,0,0,0,0.00569228435638652,0,0.00146839891626875,0,0,0,0,0,0,0,0,0,0,0,0.00793037312089378,0,0,0,0,0,6.29733255975706e-05,0,0,0,0,0,0,0.0219216318245219,0,0,0,0,0,0,0,0,0,8.22376655660109e-05,0,0,0,0,0,0.00198036522084112,0,0.000308969370153133,0.000317141600156012,0,0.000597669844307241,0,0
0,0,0,0,0,0,0,0,0,0,0,0,0,0,0,0,1.00872986898463e-05,0.00104548193856827,3.39195952853968e-05,0,0,0,0.000984977597463969,0.000164077392194419,0,3.74844157168821e-05,0,1.2295358828851e-05,0,0,0,0,0,0,0,0,0,0.00612050704512946,0,0,0,0,0,0,0,0,0,0,0,0.000986610626795915,0,0,0,0,0,0,0,0,0,0,0,0,0,0,0.0169932038031214,0.000440765258082952,3.64730111309795e-05,0,0.00040282341087693,0,0.000154251106613601,0,0,0,0,0,0,0,0,0,0.000999169398821256,0,0.000117846686059385,2.29272057893049e-06,1.39247372993896e-05,0,0
0,0,0,0,0,0,0,0,0,0,0,0,0,0,0,0,0.000478609961802193,0,0,0,0,0.000984977597463969,0,0,0.000188888887814901,0,9.07550838746829e-05,0,0.000148375293065328,0,0,0,0,0,0,0,0,0,0.00355703971058656,0,0,0,0,0,0,0,0,0,0.000533767372434671,0,0,0,0,0,0,0,0,0,0,0,0,0,0,0,0,0.0232511858309627,0,0.00131761613599731,0,0.00177289223537118,0,0.00123882262486276,0,0,0,0,0,0,0,0,0,0.00119059077813241,0.00017147425300587,6.59733954514269e-05,1.97077259251553e-05,0,0
0,0,0,0,0,0,0,0,0,0.00181498634400371,0,0,0,0,0,0,0,0.00120683785471923,3.59696714379242e-05,0,0,0.000164077392194419,0,0,0,0.00405141295481802,0,0,0,0,0,0,0,0,0,0,0,0.00367528257613635,0,0,0,0,0,0,0,0,0,0,0,9.03861985530588e-05,0,0,0,0,0,0.00502344588663936,0,0,0,0,0,0,0,0,0.000430537126967788,0,0.110110794498084,0,0.00662972999122141,0,0,0,0,0,0,0,0,0,0,0,0.000968785773727473,0,0.000218106949915664,0,0.00107717105634965,0,0
0,0,0,0,0,0,0,0,0.000282361192387252,0,0,0,0,0,0,0,0,0,0,0,0,0,0.000188888887814901,0,0,0,0.0206941028591528,0,0,0,0,0,0,0,0,0,0,0,0.00259664175748036,0,0,0,0,0,0,0,0,5.00916461755629e-05,2.45362208366492e-05,0,0,0,0,0,0.00196265244534103,0,0,0,0,0,0,0,0,0,0,0.00106005349464959,0,0.0191187653093629,0,0.00177145387138206,0,0,0,0,0,0,0,0,0,0,0,0.000539264050391762,2.30370635023988e-05,0,0.0016300391481964,0,0
0,0,0,0,0,0,0,0,0,0.000114710541473606,0,0,0,0,0,0.000439910286264295,0.000742250915226714,0.0035144979133256,0.000390475678263619,0,0,3.74844157168821e-05,0,0.00405141295481802,0,0,0,0.000558253981135712,0,0,0,0,0,0,0,0,0,0,0,0,0,0,0,0,0,8.93177263422412e-06,0,0,0,0,0,0,0,0,0,0.00520705877305181,0,0,0,0,0,0,6.85676134057761e-05,0,0.000109665046061867,0,0.000505120703547103,0,0.0283189012507216,0,0,0,0,0,0,0,0,0,0,0,0,0,0.000443137350965649,0,0,0,0
0,0,0,0,0,0,0,0,0.000535905937062674,0,0,0,0,0,0.00229840007584504,0,0.0046092123916946,1.54696623364671e-05,1.65678699642242e-05,0,0,0,9.07550838746829e-05,0,0.0206941028591528,0,0,0,0.00276159862962385,0,0,0,0,0,0,0,0,0,0,0,0,0,0,0,0,0,0,0,0,0,0,0,0,0,0,0,0,0,0,0,0,0,0,0,0,0,0,0.00562242200729504,0,0.0045324197649312,0,0.00066346706380701,0,0,0,0,0,0,0,0,0,0,0.000169909409325438,0,0,0,0
0,0,0,0,0,0,0,0,0,0,0,0.00577943187343788,0,0,0,0,0,0,0,0,0,1.2295358828851e-05,0,0,0,0.000558253981135712,0,0,0,0.00474337507823414,0,0,0,0,0,0,0,0,0,0,0,0,0,0,0,0,0,0,0,0,0,0,0,0,0,0,0,5.09893090628803e-05,0,0,0,0,0,0,0,0,0,0,0.000962699315074516,0,0.00507930759071834,0,0,0,0,0,0,0,0,0,0,0,4.68555013619911e-05,0,0,0,0
0,0,0,0,0,0,0,0,0,0,0.000373681544179,0,8.78855638171e-05,0,0,0,0,0,0,0,0,0,0.000148375293065328,0,0,0,0.00276159862962385,0,0,0,0.0151642216855702,0,0,0,0,0,0,0,0.00501372483885157,0,0,0,0,0,0,0,0,0,0,0,0,0,0,0,0,0,0,0,0,0,0,0,0,0,0,1.87183541129343e-05,0,0,0,0.00285206262076504,0,0.00481951576488646,0,0.0025005286719751,0,0,0,0,0,0,0,2.31133881938079e-05,2.4564193455946e-05,0,0,0,0
0,0,0,0,0,0,0,0,0,0,0,6.35376756082211e-05,0,0,0,0,0,0,0,0,0,0,0,0,0,0,0,0.00474337507823414,0,0,0,0,0,0,0,0,0,0.00102655291643416,0,0,0,0,0,0,0,0,0,0,0,0,0,0,0,0,0,0,0,0.000269777703984558,0,0,0,0,0,0,0,0,0,0,0,0,0.00294741332291485,0,0.0147210756261342,0,0,0,0,0,0,0,0,0,1.9918296710803e-05,0,0,0,0
0,0,0,0,0,0,0,0,0,0,0.000104104314232245,0,0.0119043429384197,0,0,0,0,0,0,0,0,0,0,0,0,0,0,0,0.0151642216855702,0,0,0,0,0,0,0,0,0,0.0047543704686966,0,0,0,0,0,0,0,0,0,0,0,0,0,0,0,0,0,0,0,0.00101366814115257,0,0,0,0,0,0,0,0,0,0,0,0,0.0178401849940703,0,0.0211272600362969,0,0,0,0,0,0,0,0.00309205395164558,2.64655636783573e-06,0,0,0,0
0,0,0,0,0,0,0,0,0,0,0,0,0,0,0,0,0,0,0,0,0,0,0,0,0,0,0,0,0,0,0,0,0.000705689298784402,0.00279600066205289,0.000194043979617182,0.000710224348310141,0,0,0,0,0,0,0,0,0,0,0,0.0487710917285886,0,0,0,0,0,0,0,0,0,0,0,0,0,0,0,0,0,0,0,0,0,0,0,0,0,0,0.14014451532495,0.000703543789243141,0.00124496003081447,0,0.000219107273551958,0,0,0,0.000160696637958133,0,0,0,0
0,0,0,0,0,0,0,0,0,0,0,0,0,0,0,0,0,0,0,0,0,0,0,0,0,0,0,0,0,0,0,0.000705689298784402,0,0,0.000715372617337241,2.84945925129915e-05,0.0040251656634424,0,0,0,0,0,0,0,0,0,0,0.0438059107595458,5.94199658258271e-05,0,0,0,0,0,0,0,0,0,0,0,0,0,0,0,0,0,0,0,0,0,0,0,0,0,0.00063786736040506,0.123584595356426,0,0.000477112805186414,0,0.00254661569878066,0,0,0.000974521230247137,0,0,0,0
0,0,0,0,0,0,0,0,0,0,0,0,0,0,0,0,0,0,0,0,0,0,0,0,0,0,0,0,0,0,0,0.00279600066205289,0,0,0.0334366982716676,0.00299793062568721,0,6.94464528699901e-05,3.03169474115544e-06,0,0,0,0,0,0,0,0,0.0515161973861106,0,5.88456226532225e-05,0,0,0,0,0,0,0,0,0,0,0,0,0,0,0,0,0,0,0,0,0,0,0,0,0.00626694267551139,0,0.0961888961450747,0.0249819212266878,0.00075581433453832,0,2.16789654441447e-05,0,0.000519143513846412,3.66430625278269e-05,0,0,0
0,0,0,0,0,0,0,0,0,0,0,0,0,0,0,0,0,0,0,0,0,0,0,0,0,0,0,0,0,0,0,0.000194043979617182,0.000715372617337241,0.0334366982716676,0,0,0.00359301708002501,0.000526536647290353,0.000536362639823106,0,0,0,0,0,0,0,0,0.108343528800055,0.00054220467993943,0.000117071155010717,0,0,0,0,0,0,0,0,0,0,0,0,0,0,0,0,0,0,0,0,0,0,0,0,0.000114387878702065,0.000477273134340189,0.0259484992379489,0.05776978219974,0,0.000802725161759966,0,0.000700265668422382,0.00062538767130166,0,0,0,0
0,5.1520062372967e-06,0,0,0,0.000130914211987504,0,0,0,0,0,0.0025227854234154,0,0,0,0,1.01935093595909e-05,1.09295895332866e-05,0.000254528994463632,0.00338720585363175,0,0,0,0,0,0,0,0,0,0,0,0.000710224348310141,2.84945925129915e-05,0.00299793062568721,0,0,0.00178157807411399,0.00727367607122989,0,0.000342850819781664,0,0.0001904437855443,6.90463852264449e-06,0.000157622514035754,0,0.000294954046322086,2.48367135922088e-06,0.0022803494825415,0,0.000273696470285757,0,0.000115399367411292,0,0,0,0,0,1.5650287674914e-06,0,0,0,0,0.00260706488562991,0,0,0,0,0,0,0,0,0,0,0,0.000129205763848529,0,0.000570922444103139,0,0.0411492953308691,0.00103680360494007,0.00355608059837608,0,0.000975303990901347,0.000186624767256973,0.00140449347984457,0.000187803244222356,3.06994716215935e-06
0,0,4.90983503393463e-06,0,0.000125102792092237,0,0,0,1.23283653710824e-06,0,0.00291564108333789,0,0,0,0,0,2.29492639129959e-05,2.44563093102214e-06,0.000319456428148831,0,0.00569228435638652,0,0,0,0,0,0,0,0,0,0,0,0.0040251656634424,0,0.00359301708002501,0.00178157807411399,0,0,0.0125563692415768,0,3.73909276265038e-05,1.35281246366382e-06,0.000210820576368412,0,0.000122848500196096,1.24548839715341e-06,0.000744757797295762,0.000801254247340034,0.000100047167027798,4.4682264686738e-06,1.99488012172913e-05,0,0,0,0,0,6.15258926901577e-05,0,0,0,0,0,8.95390560231204e-07,0.00506575168641274,0,0,0,0,0,0,0,0,0,8.42947166487854e-06,0,0.00118527205324353,0,0.00383901582849018,0.000938958218547432,0.0414158510014815,0,0.00253240477826262,0.00177745692394252,0.000224413526230812,0.00110585870354463,6.91081049456691e-06,0.000150138711004189
0,0,0,2.43842317154377e-06,0,0,0,0,0,0.000615132942165319,0,0.00474855256223236,0,0,0,0,0,0,2.73615640685368e-05,0.00137171183409919,0,0.00612050704512946,0,0.00367528257613635,0,0,0,0,0,0.00102655291643416,0,0,0,6.94464528699901e-05,0.000526536647290353,0.00727367607122989,0,0,0.000456770960360286,0,0,6.44398316420819e-06,4.48446822104811e-06,2.02860080198889e-05,0,0.000125134345646649,0,0.0101672283874871,0,0.00392300906715923,0,0,0,0,0,0.000263147051620594,0,0.000989334181492432,0,0,0,0,0.00110021440294606,0,0.00389028969201705,0,0.00421095218527058,0,0,0,2.46533799820276e-05,0,0.000209364153065082,0,0,0,0.000113584798869148,0,0.00257792058702159,1.85182339444515e-06,0.0402654206613097,2.5421462511365e-05,0.00159657163886273,0.000235430610382056,0.000941158582330824,4.24841393010072e-05,0
0,0,0,0,0,0,0,0,0.000274805628590707,0,0.00520550126710254,0,0,0,0,0,0,0,3.89863603917978e-06,0,0.00146839891626875,0,0.00355703971058656,0,0.00259664175748036,0,0,0,0.00501372483885157,0,0.0047543704686966,0,0,3.03169474115544e-06,0.000536362639823106,0,0.0125563692415768,0.000456770960360286,0,0,0,9.55765051686573e-06,9.57105804667304e-06,0,3.32281645469998e-05,0,2.79200173229541e-05,0.00194695718642597,0.00134045174193963,0,0,0,0,0,0.00055531713857036,0,0.00172972764431479,0,0,0,0,0,0,0.00201439918883102,0,0.00411186581858764,0,0.00345179007081045,0,0,0,0.000959892802564824,0,0.000448995339224702,0,0,0,0.000216476113841804,0,0.00362497699145063,0.000443019138440638,0.05108536828377,0.000793970738373475,0.000435509120979297,0.000773096838069136,0,0
0,0,0,0.00305805855318059,0,0.000787117218439012,0,0,0,0,0,0,0,0,0,0,0.000111127997072307,0.000306048274949735,0.00798828094100455,0,0,0,0,0,0,0,0,0,0,0,0,0,0,0,0,0.000342850819781664,0,0,0,0,0.000127893470044922,0.0445827970995873,0.000453306706877892,0.00250907566226039,0,0.0154671246715682,5.93252181063788e-05,0.000465282322264922,0,0.00767946061063434,0,0.000828833445356287,0,0,0,0,0,0.000578050622135942,0,2.2840352393548e-05,0,0,0.00895488556665778,0,0,0,0,0,0,0,0,0,0.00247263896297108,0,0,0,0,0,0.00212251323177773,9.5378086516287e-05,0.000418196417782951,2.16776279043171e-05,0.000227646107253532,1.30801810373509e-06,0.0260059558862282,0.0120790550848157,4.40163643234578e-05
0,0,0.000300329279149011,0,7.24086214483533e-05,0,0,0,0,0,0,0,0,0,0,0,0.000327134344104005,0.000255805350381467,0.0103682559734128,0,0,0,0,0,0,0,0,0,0,0,0,0,0,0,0,0,3.73909276265038e-05,0,0,0.000127893470044922,0,0.000156130897896444,0.0467015142736649,0.000285250587495386,0.00203476957156101,0.000139042780144786,0.0261080429196182,0.000213982448652316,0.0135649334379413,0,0.000216289600608587,0,0,0,0,0,9.29374467536072e-05,0,0,0,0,0,2.60388519174072e-05,0.0035296918088975,0,0,0,0,0,0,0,2.93895267188529e-05,0.000278715374482121,0.000960401623877633,0,0,0,0,3.70255904458509e-05,0.00216783706002078,6.944306165772e-06,0.00014380960985875,0.000473156648353516,0,0.0309016861841167,0.000229079414539884,0.01992794692535
0,0.00915341393443175,0,0.00133935771810444,0,4.26920141320036e-05,0,0,0,0.000961407048166948,0,0,0,0,0,0,0.000334229056986428,0.000522142100611875,0.0156025055870727,0,0,0,0,0,0,0,0,0,0,0,0,0,0,0,0,0.0001904437855443,1.35281246366382e-06,6.44398316420819e-06,9.55765051686573e-06,0.0445827970995873,0.000156130897896444,0,0.00465374837855422,0.0016118775623519,7.9560318340111e-05,0.0188202817427104,0.00029788022964921,0.000663276902891563,8.62999827847471e-06,0.0187007477623061,0,0.000336125831187904,0,0,0,0,0,0.0212324827020539,0,0.000128087578961245,0,0.000516769917638033,0.0183790916010195,0,0,0,0,0,0,0,0.00208649172822778,0,0.0434474824240829,0,0,0,0,0,0.0158481519993415,0.000162246098348157,0.00337481126396108,1.94558518276494e-05,0.00282529271884592,0.000103749158170667,0.0923178871347502,0.0483113357450589,8.58138184853064e-05
0.00141371869955357,0,0.0011320732598453,9.3813617730136e-06,0.000127407429514091,0,0,0,0.00232962614699471,0,0,0,0,0,0,0,0.000706834457328637,0.00038069517257592,0.0186506513606275,0,0,0,0,0,0,0,0,0,0,0,0,0,0,0,0,6.90463852264449e-06,0.000210820576368412,4.48446822104811e-06,9.57105804667304e-06,0.000453306706877892,0.0467015142736649,0.00465374837855422,0,0.000123637330054016,0.000319210542660441,0.000505855817997435,0.0134930773057007,0.000269158580630093,0.0087496280054777,2.43620503782177e-05,7.21027599036931e-05,0,0,0,0,0,0.00475044556943223,0,0,0,0,0,0.000124634366411107,0.00238874190750798,0,0,0,2.18683804653242e-05,0,0,0,0.00148798017061259,0.000336659795048851,0.0272215468377392,0,0,0,1.67981673847746e-05,0.000155895319637785,0.0190987248753138,4.86425445111491e-05,0.00168220856693443,0.0030539415759008,8.71526403067634e-05,0.112170461298664,0.00022614572397446,0.0353965354667199
0,0,0,0,0,0,0,0,0,0,0,0,0,0,0,0,4.84579547403545e-05,4.24027079870174e-06,0.00534560948400418,0,0,0,0,0,0,0,0,0,0,0,0,0,0,0,0,0.000157622514035754,0,2.02860080198889e-05,0,0.00250907566226039,0.000285250587495386,0.0016118775623519,0.000123637330054016,0,0,0.00090470579570804,0,0,0,0,0,3.40725714834782e-05,0,0,0,0,0,0.000461107467589717,0,0,0,0,0.000262698502095861,0,0,0,0,0,0,0,0,0,0.00564928668133117,0,0,0,0,0,0.00219618347949858,1.31008139188124e-06,0.00104953108722439,0,8.64940664590124e-06,0,0.00193744315992535,0.00115359891096789,0
0,0,0,0,0,0,0,0,0,0,0,0,0,0,0,0,9.2880774917258e-05,0,0.00296463215296873,0,0,0,0,0,0,0,0,0,0,0,0,0,0,0,0,0,0.000122848500196096,0,3.32281645469998e-05,0,0.00203476957156101,7.9560318340111e-05,0.000319210542660441,0,0,5.19053512208611e-05,2.00116881095615e-05,0,0,0,0,0,0,0,0,0,0,0,0,0,0,0,0,0,0,0,0,0,0,0,0,0,0,0.000524902996002934,0,0,0,0,1.38788570067939e-06,0.00158933068247123,0,0.000713006441499449,2.97409753027592e-05,0,0.00137195981889941,0,0.000163498739832588
0,4.48729173683593e-05,0,0.0025060175037287,0,0.000514468110473914,0,0,0,0,0,1.35116097542279e-05,0,0,0,0,0.000444813759073205,0.000523954839559922,0.0143117740160489,4.51706091767522e-05,0,0,0,0,0,8.93177263422412e-06,0,0,0,0,0,0,0,0,0,0.000294954046322086,1.24548839715341e-06,0.000125134345646649,0,0.0154671246715682,0.000139042780144786,0.0188202817427104,0.000505855817997435,0.00090470579570804,5.19053512208611e-05,0,0.000209499023225994,4.12917949418105e-05,0,0.00206869053550741,0,0.0010843476929339,0,0,0,0,0,0.00123346301243157,0,3.30523630882214e-05,0,6.96154352213645e-05,0.0444754970168961,0,0,0,0,0,0,0,3.48424072269402e-05,0,0.0108941102371989,1.74175821907742e-05,0,0,0,0,0.0143231153889843,0.000183553595230941,0.00639894818342052,1.74514206132e-05,0.000578002376420222,2.1833958237189e-05,0.0227050143805122,0.00164595516958172,7.62628656627597e-05
0,0,0.00136075893876389,2.02616761926166e-05,0.00076207811474355,0,0,0,0.000948906491422226,0,0,0,0,0,0,0,0.000267796626015573,0.000138876312156005,0.00792490870974266,0,0,0,0,0,0,0,0,0,0,0,0,0,0,0,0,2.48367135922088e-06,0.000744757797295762,0,2.79200173229541e-05,5.93252181063788e-05,0.0261080429196182,0.00029788022964921,0.0134930773057007,0,2.00116881095615e-05,0.000209499023225994,0,1.74859472652646e-05,0.00179240108014029,2.51282324138459e-05,0.000669936184474032,0,0,0,0,0,0.000552993159043033,0,0,0,0,0,4.00679202978213e-05,0.0140957486489736,0,0,0,0,0,0,0,0.000127862507528579,4.55401426045958e-05,0.00552485166837073,0,0,0,0,4.23721767140135e-05,0.0154064535882305,1.48561322470453e-05,0.00468908109333055,0.000445422407546556,3.62639909534928e-06,0.030167070263131,5.03187481677794e-05,0.00106658767928365
0,0,0,0,1.78098968399371e-05,0,0,0,0,0,0,0,0,0,0,0,0,0,0,0,0,0,0,0,5.00916461755629e-05,0,0,0,0,0,0,0.0487710917285886,0.0438059107595458,0.0515161973861106,0.108343528800055,0.0022803494825415,0.000801254247340034,0.0101672283874871,0.00194695718642597,0.000465282322264922,0.000213982448652316,0.000663276902891563,0.000269158580630093,0,0,4.12917949418105e-05,1.74859472652646e-05,0,0.0436796112425833,0.0918511296728574,0,6.94833908574072e-05,0,0,0.000150939697068852,0,0,0,0,0,0,0,0,9.02217346707504e-06,0,1.33295565014797e-05,0,0.00150270560822081,0,0,0,0,0,0,0.0677735101035471,0.13353213634402,0.0139829219287118,0.00928612067694543,0.0148705977056112,0.0082173975366406,0,0.00184505915664362,0.00652090957787329,0,0.0182827199338168,0,0
0.00780081145903392,0,0.0074711861880784,0,0.000306193357671111,0,0,0,0.000877889431298771,0,0,0,0,0,3.35515540797189e-05,0,0,0,0.000138132221172513,0,0,0,0.000533767372434671,0,2.45362208366492e-05,0,0,0,0,0,0,0,5.94199658258271e-05,0,0.00054220467993943,0,0.000100047167027798,0,0.00134045174193963,0,0.0135649334379413,8.62999827847471e-06,0.0087496280054777,0,0,0,0.00179240108014029,0.0436796112425833,0,0.000413217026464964,0.000258283034879306,0,0,0,8.72577733160825e-05,0,0.000834408160610596,0,0,0,0.000424932442009498,0,0,0.000247071340825846,0,0.00316694373441438,0,0.00492968452160189,0,0.00277488745874948,0,0.0090867058306301,0,0.00768157317047063,0,0.000141190597181044,0,0.00103202196363051,0,0.00169176690145432,0,0.00531099503558368,0.00106136746184407,0,0.015903331634751,0,0.000165655729012263
0,0.0030629023219715,0,0.0115893303282031,0,0.000353069462150413,0,0,0,0,0,0,0,0,0,0,3.37158106542093e-05,0,6.50840082436991e-05,0,0,0.000986610626795915,0,9.03861985530588e-05,0,0,0,0,0,0,0,0,0,5.88456226532225e-05,0.000117071155010717,0.000273696470285757,4.4682264686738e-06,0.00392300906715923,0,0.00767946061063434,0,0.0187007477623061,2.43620503782177e-05,0,0,0.00206869053550741,2.51282324138459e-05,0.0918511296728574,0.000413217026464964,0,2.5569817539589e-05,0.00125774669995455,0,0,0,1.72001892852301e-05,0,0.00204256555091324,0,0.000315079430862195,0,0.00223176992021077,0.000385342036050434,0,0.00254422656493417,0,0.00689269980374229,0,0.000639989359529373,0,0.00187468357692766,0,0.00548388378360898,0,0,0,0,0,0.00583097048856284,5.0157481251889e-05,0.00581680375563911,0,0.00217117012480076,2.0245137826326e-06,0.0239133525654389,3.27203140362422e-05,0
0,0,0.0587269953897685,0,0.112745732177326,0,0.000730592882904058,0,0.00526099262311292,0,0,0,0.000361216650312103,0,0.00923281245630708,0,0,0,0,0,0.00793037312089378,0,0,0,0,0,0,0,0,0,0,0,0,0,0,0,1.99488012172913e-05,0,0,0,0.000216289600608587,0,7.21027599036931e-05,0,0,0,0.000669936184474032,0,0.000258283034879306,2.5569817539589e-05,0,0,0.00202508615184766,0,0.00919016598990921,0,0.0129667637330054,0,0.00430563270932512,0,0.0122386149188464,0,0,0.0184602139300957,0,0,0,0,0,0,0,0,0,0.000281312988102839,0,0,0,0,0,0.000411674918602916,0,3.38215668282371e-05,0.000571324256967004,0,0.00843487408199577,0,0
0,0,0,0.0170531551738709,0,0.0202204368486459,0,0.00252689170689617,0,0.00202844980886824,0,0.000333580232691653,0,0,0,0,0,0,4.09996104986892e-05,0.00107745653308309,0,0,0,0,0,0,0,0,0,0,0,0,0,0,0,0.000115399367411292,0,0,0,0.000828833445356287,0,0.000336125831187904,0,3.40725714834782e-05,0,0.0010843476929339,0,6.94833908574072e-05,0,0.00125774669995455,0,0,0,0.000379622171285774,0,0.00615444746730705,0,0.00445749097550518,0,0.00546835167253049,0,0.0060068194542622,0.0035374403736808,0,0,0,0,0,0,0,0,0,0.000140619670861512,0,0,0,0,0,0.000434245714302025,1.24213175292388e-06,3.40294778080422e-05,0,0.000137230001714317,0,0.00594091172593813,0.000156288302640985,0
0,0,0,0,0,0,0.0049078818275323,0,0,0,0.00101532541486081,0,0,0,0,0,0,0,0,0,0,0,0,0,0,0,0,0,0,0,0,0,0,0,0,0,0,0,0,0,0,0,0,0,0,0,0,0,0,0,0.00202508615184766,0,0,0,0,0,0.000290727539259988,0,0.00013636424829426,0,0,0,0,0,0,0,0,0,0,0,0,0,0,0,0,0,0,0,0,0,0,0,0,0,0,0,0
0,0,0,0,0,0.00101154113076485,0,0.00556695229111226,0,0,0,4.67934921680744e-05,0,0,0,0,0,0,0,0,0,0,0,0,0,0,0,0,0,0,0,0,0,0,0,0,0,0,0,0,0,0,0,0,0,0,0,0,0,0,0,0.000379622171285774,0,0,0,0,0,0.00804485106402216,0,0.00578886038150345,0,0,0,0,0,0,0,0,0,0,0,0,0,0,0,0,0,0,0,0,0,0,7.1900675677124e-05,0,0,0,0
0.0516584771838737,0,0.00116633411010013,0,0,0,0,0,0.151270727904185,0,0,0,0,0,0.00707967921299868,0,0,0,0,0,0,0,0,0,0.00196265244534103,0,0,0,0,0,0,0,0,0,0,0,0,0,0.00055531713857036,0,0,0,0,0,0,0,0,0.000150939697068852,8.72577733160825e-05,0,0.00919016598990921,0,0,0,0,0,0,0,0,0,0.00662355560325004,0,0,0,0,0,0,0.0257514842658393,0,0,0,0,0,0,0,0,0,0,0,0,0,0.00397560438938553,6.7819202330879e-05,0,0.000697968683364013,0,0
0,0.0456277249841061,0,0.00632585653338716,0,0.00290841894726963,0,0,0,0.08452168028956,0,0,0,0,0,0.0246505115629906,0,0,0,0,0,0,0,0.00502344588663936,0,0.00520705877305181,0,0,0,0,0,0,0,0,0,0,0,0.000263147051620594,0,0,0,0,0,0,0,0,0,0,0,1.72001892852301e-05,0,0.00615444746730705,0,0,0,0,0,0,0,0,0,0.00778611111413819,0,0,0,0,0.0459325950193446,0,0,0,0,0,0,0,0,0,0,0,0,0,0.00267068693884302,0,0.00023248379909852,0,0.000268781109445737,0,0
0,0,0.000334229947618083,0,0,0,0.00269880986012164,0,0,0,0.0215424082864107,0,0.000786759607002752,0,0,0,0,0,0.000125263919367388,0,6.29733255975706e-05,0,0,0,0,0,0,0,0,0,0,0,0,0,0,0,6.15258926901577e-05,0,0.00172972764431479,0,9.29374467536072e-05,0,0.00475044556943223,0,0,0,0.000552993159043033,0,0.000834408160610596,0,0.0129667637330054,0,0.000290727539259988,0,0,0,0,0,0.0163263024451149,0,0.000146936367468787,0,0,0.0237354359884315,0,0,0,0,0,0,0,0.0147284973264699,0,0.0306993801246581,0,0,0,0,0,0.000117563061318227,0,0.000330465973745056,7.53167278259359e-05,1.10728052849451e-06,0.0144598935744422,0,0.000861756808848542
0,0,0,0.00110862472850251,0,0.000136325301598332,0,0.0024905150329258,0,0,0,0.0292997252206665,0,0.00036383009872035,0,0,0,2.59932149223116e-06,0.00037111983922959,0.00128268038175742,0,0,0,0,0,0,0,5.09893090628803e-05,0,0.000269777703984558,0,0,0,0,0,1.5650287674914e-06,0,0.000989334181492432,0,0.000578050622135942,0,0.0212324827020539,0,0.000461107467589717,0,0.00123346301243157,0,0,0,0.00204256555091324,0,0.00445749097550518,0,0.00804485106402216,0,0,0,0,0,0.0355770705485831,0,0.00301587089710707,0.0307948420361612,0,0,0,0,0,0,0,0.013801643154157,0,0.0536090458283926,0,0,0,0,0,5.42440843965513e-05,3.91899040024428e-06,0.000108530017153616,0,0.000100570970392589,1.11827102451813e-05,0.0151415709214837,0.00371243442400301,0
0,0,0.00251374877904608,0,6.75154979156193e-05,0,5.81446038268041e-05,0,0,0,0.00785343288127456,0,0.0179963692144829,0,0,0,0,0,0,0,0,0,0,0,0,0,0,0,0,0,0.00101366814115257,0,0,0,0,0,0,0,0,0,0,0,0,0,0,0,0,0,0,0,0.00430563270932512,0,0.00013636424829426,0,0,0,0.0163263024451149,0,0,0,0,0,0,0,0,0,0,0,0,0,0,0.00191567689508143,0,0,0,0,0,0,0,0,0,0,7.61053178717799e-07,0,0.000868780310224272,0,0
0,0,0,0.000920977075281503,0,0.000844396446644166,0,0.00360891246517691,0,0,0,0.0134038299451772,0,0.00565360742575689,0,0,0,0,0,0,0,0,0,0,0,0,0,0,0,0,0,0,0,0,0,0,0,0,0,2.2840352393548e-05,0,0.000128087578961245,0,0,0,3.30523630882214e-05,0,0,0,0.000315079430862195,0,0.00546835167253049,0,0.00578886038150345,0,0,0,0.0355770705485831,0,0,0,0.00214693217264999,0.000189783094180057,0,5.32523395291763e-05,0,0,0,0.00412621103977873,0,0.015657229354079,0,0.000108751386011098,0,0,0,0,0,0,0,0,0,5.19993091074866e-06,0,0.00017159026737697,3.75465742917802e-05,0
0.000272900178450991,0,0.00742429041476342,0,0,0,0,0,0.0287763023577334,0,0,0,0,0,0.0250540536287852,0,0.000229619156830437,0,0,0,0,0,0,0,0,0,0,0,0,0,0,0,0,0,0,0,0,0,0,0,0,0,0,0,0,0,0,0,0.000424932442009498,0,0.0122386149188464,0,0,0,0.00662355560325004,0,0.000146936367468787,0,0,0,0,0,0,0,0,0,0,0,0,0.00686874537532489,0,0,0,2.68601050035914e-05,0,0,0,0,0,0,0,0,0.000408794208752664,0,9.43239211741804e-05,0,0
0,0.000282266613794491,0,0.0105291848690955,0,0.000144011611993401,0,0,0,0,0,0,0,0.000179980197572149,0,0.00705461873358833,0,0,0,0,0,0,0,0,0,0,0,0,0,0,0,0,0,0,0,0,0,0,0,0,0,0.000516769917638033,0,0,0,6.96154352213645e-05,0,0,0,0.00223176992021077,0,0.0060068194542622,0,0,0,0.00778611111413819,0,0.00301587089710707,0,0.00214693217264999,0,0,1.63051840345764e-05,0,0,0,0,0,0.00446998367880647,0,6.03659810171145e-05,0,0,0,0,0,0,0,0,0,0,0,0,0,0.00084514316566629,0,0
0,0,0,0.000443494267260833,0,0.00312753332393779,0,0,0,0,0,0.00357799447604913,0,0,0,0,0.000199930713558754,0.00012526996162528,0.00562116648791077,0.0163314908117155,0,0,0,0,0,6.85676134057761e-05,0,0,0,0,0,0,0,0,0,0.00260706488562991,8.95390560231204e-07,0.00110021440294606,0,0.00895488556665778,2.60388519174072e-05,0.0183790916010195,0.000124634366411107,0.000262698502095861,0,0.0444754970168961,4.00679202978213e-05,0,0,0.000385342036050434,0,0.0035374403736808,0,0,0,0,0,0.0307948420361612,0,0.000189783094180057,0,1.63051840345764e-05,0,0,0,0,0,0,0,0,0.00139161321527679,0,0.0638650317540325,0,0,0,0,0,0.0204286155527597,6.01131430911772e-05,0.00807091391610149,6.03945868542894e-06,0.00064985889001677,1.25533223870543e-05,0.0240629785618195,0.00120941519330354,0
0,0,3.82101012903775e-05,0,0.0056419172472596,0,0,0,2.02367953573233e-05,0,0.00406081027551836,0,0,0,0,0,1.37637592396849e-05,4.26823861192515e-06,0.000917722004098107,0,0.0219216318245219,0,0,0,0,0,0,0,0,0,0,0,0,0,0,0,0.00506575168641274,0,0.00201439918883102,0,0.0035296918088975,0,0.00238874190750798,0,0,0,0.0140957486489736,9.02217346707504e-06,0.000247071340825846,0,0.0184602139300957,0,0,0,0,0,0.0237354359884315,0,0,0,0,0,0,0,0,0,0,0,0,0,0,0.00123376649197662,0,0.0406637817048758,0,0,0,0,0,0.0199913976254537,0,0.00794510742605947,0.00106699554554097,0,0.019446956101866,0,0.000291646175062011
0,0,0,0,0,0,0,0,0,0,0,0,0,0,0,0,0,0,0,0,0,0.0169932038031214,0,0.000430537126967788,0,0.000109665046061867,0,0,0,0,0,0,0,0,0,0,0,0.00389028969201705,0,0,0,0,0,0,0,0,0,0,0,0.00254422656493417,0,0,0,0,0,0,0,0,0,5.32523395291763e-05,0,0,0,0,0,0,0.00483241838288506,0,0.0113474466125697,0,0.00322265057518339,0,0,0,0,0,0,0,0,0,0.00390068654047907,0,1.62977211205385e-05,0,5.14653048062038e-05,0,0
0,0,0,0,0,0,0,0,0,0,0,0,0,0,0,0,9.67314463196089e-06,0,0,0,0,0.000440765258082952,0.0232511858309627,0,0.00106005349464959,0,0,0,1.87183541129343e-05,0,0,0,0,0,0,0,0,0,0.00411186581858764,0,0,0,0,0,0,0,0,1.33295565014797e-05,0.00316694373441438,0,0,0,0,0,0,0,0,0,0,0,0,0,0,0,0,0,0,0.00424222634339065,0,0.00351260328957589,0,0.00158400763279974,0,0,0,0,0,0,0,0,0,0.00493709805274749,0.000168788682679776,3.60729031615515e-05,0.000106697389095194,0,0
0,0.000555898223390569,0,0,0,0,0,0,0,0.00214671391279534,0,0,0,0,0,0,0,2.31826152099997e-05,0,0,0,3.64730111309795e-05,0,0.110110794498084,0,0.000505120703547103,0,0,0,0,0,0,0,0,0,0,0,0.00421095218527058,0,0,0,0,0,0,0,0,0,0,0,0.00689269980374229,0,0,0,0,0,0.0459325950193446,0,0,0,0,0,0,0,0,0.00483241838288506,0,0,0,0.0225378232339831,0,0.00213441994095786,0,0,0,0,0,0,0,0,0,0.00403054005233149,0,8.43341233757585e-05,0,0.01032952458882,0,0
0.000581547886263613,0,0,0,0,0,0,0,0.00171319209022135,0,0,0,0,0,0,0,0,0,0,0,0,0,0.00131761613599731,0,0.0191187653093629,0,0.00562242200729504,0,0,0,0,0,0,0,0,0,0,0,0.00345179007081045,0,0,0,2.18683804653242e-05,0,0,0,0,0.00150270560822081,0.00492968452160189,0,0,0,0,0,0.0257514842658393,0,0,0,0,0,0,0,0,0,0,0.00424222634339065,0,0,0,0.0304968136457018,0,0,0,0,0,0,0,0,0,0,0,0.0047218794316034,0.000115259208054476,0,0.00580867338631595,0,0
0,0.000142092507377289,0,0,0,0,0,0,0,0,0,0,0,0,0,0.00199128484113212,0,0.000155637122149587,0,0,0,0.00040282341087693,0,0.00662972999122141,0,0.0283189012507216,0,0.000962699315074516,0,0,0,0,0,0,0,0,0,0,0,0,0,0,0,0,0,0,0,0,0,0.000639989359529373,0,0,0,0,0,0,0,0,0,0.00412621103977873,0,0.00446998367880647,0,0,0.0113474466125697,0,0.0225378232339831,0,0,0,0.0114758477579298,0,0,0,0,0,0,0,0,0,0,0,0.000869141521384164,0,3.12813957090626e-05,0,0
0,0,0,0,0,0,0,0,0.00598332851767776,0,0,0,0,0,0.00962600150649237,0,0.00126814329089975,0,0,0,0,0,0.00177289223537118,0,0.00177145387138206,0,0.0045324197649312,0,0.00285206262076504,0,0,0,0,0,0,0,0,0,0,0,0,0,0,0,0,0,0,0,0.00277488745874948,0,0,0,0,0,0,0,0,0,0,0,0.00686874537532489,0,0,0,0,0.00351260328957589,0,0.0304968136457018,0,0,0,0.0318383825617325,0,0,0,0,0,0,0,0,0,0,0.000325278552835469,0,0.000150153551897953,0,0
0,0,0,0.000107296924572168,0,0,0,0,0,0,0,0.0018827144745569,0,0,0,0,0,0,0,0,0,0.000154251106613601,0,0,0,0,0,0.00507930759071834,0,0.00294741332291485,0,0,0,0,0,0,0,2.46533799820276e-05,0,0,0,0.00208649172822778,0,0,0,3.48424072269402e-05,0,0,0,0.00187468357692766,0,0,0,0,0,0,0,0.013801643154157,0,0.015657229354079,0,6.03659810171145e-05,0.00139161321527679,0,0.00322265057518339,0,0.00213441994095786,0,0.0114758477579298,0,0,0,0.0153632469050637,0,0,0,0,0,0,0,0.00634687879866912,0,0.000221246529316387,0,0.000501231106180731,0.000296129184057517,0
0,0,4.81144620722911e-05,0,0,0,0,0,0,0,0.000486901785071775,0,0,0,0,0,0,0,0,0,0,0,0.00123882262486276,0,0,0,0.00066346706380701,0,0.00481951576488646,0,0.0178401849940703,0,0,0,0,0,0,0,0.000959892802564824,0,2.93895267188529e-05,0,0.00148798017061259,0,0,0,0.000127862507528579,0,0.0090867058306301,0,0,0,0,0,0,0,0.0147284973264699,0,0.00191567689508143,0,0,0,0,0.00123376649197662,0,0.00158400763279974,0,0,0,0.0318383825617325,0,0,0,0.0164840624529432,0,0,0,0,0,1.00118860181853e-05,0,0.00115334822384366,0.000443315275796808,0,0.00479104417298471,0,0.000127827744179601
0,0,0,0.00451883357989699,0,6.94118310538025e-05,0,0,0,0,0,0.00248663636235215,0,0,0,0,1.20845736352134e-05,2.2859843244715e-05,0.00276634033753047,0.00332089593238369,0,0,0,0,0,0,0,0,0,0.0147210756261342,0,0,0,0,0,0,0,0.000209364153065082,0,0.00247263896297108,0.000278715374482121,0.0434474824240829,0.000336659795048851,0.00564928668133117,0,0.0108941102371989,4.55401426045958e-05,0,0,0.00548388378360898,0,0.000140619670861512,0,0,0,0,0,0.0536090458283926,0,0.000108751386011098,0,0,0.0638650317540325,0,0,0,0,0,0,0,0.0153632469050637,0,0,1.91081143667005e-05,0,0,0,0,0.000449535321250488,1.22811679008356e-05,0.00208634238700124,0,0.000174731269490119,3.33641616625559e-06,0.023710338240008,0.0416464932294867,0.000149460702264671
