0,0,35.6992860734463,0,0,0,0,0,228.397633105516,0,0,0,0,0,0,0,0.174033224582672,0.399997636675835,80.3403490334749,0,0,0,0,0,0,0,0,0,0,0,0,0,0,0,0,0,0,0,0,0,31.3642534911633,0,8.05376580357552,0,0.916208028793335,0,53.7869620472193,0,98.9529826641083,0,0,0,0,0,38.0179087519646,0,0.323249608278275,0,0,0,19.1639861166477,0,0,18.7556280493736,0,0,0,0,0,0,0,0.587015748023987,0,1.92608499526978,0,0,0,0,0.199789315462112,87.4596039801836,0,1.75565993785858,117.698543325067,1.04710066318512,155.371775627136,0,0
0,0,0,67.4534167349339,0,0,0,0,0,216.674576878548,0,0,0,0,0,14.006465613842,0.310916870832443,0,61.8999390751123,0,0,0,0,0,0,0,0,0,0,0,0,0,0,0,0,0,0,5.44565266370773,0,9.23003420233727,0,14.8584913015366,0,2.66908603906631,0,14.1786773651838,0,2.70256012678146,0,245.397715732455,0,0.314906239509583,0,0,0,187.129519239068,0,0,0,0,0,69.7053922116756,31.9562506228685,0,0,0,2.05144214630127,0,0,0,0,0,7.29137748479843,0,0,0,0,0,86.8365561366081,0,30.022488951683,0,155.539524838328,0.517604738473892,341.425936967134,0.78206479549408,0
35.6992860734463,0,0,0,91.5525637418032,0,0,0,115.378177672625,0,0,0,0,0,0,0,0.202052533626556,0,12.4915850311518,0,0.418830543756485,0,0,0,0,0,0,0,0,0,0,0,0,0,0,0,0.522639155387878,0,0,0,19.8779308497906,0,81.9129099473357,0,0.20180743932724,0,37.7635481804609,5.60430283844471,115.206561818719,0,215.984821781516,0,0,0,222.567857950926,0,69.907910823822,0,39.8834292888641,0,1.56921744346619,0,0,2.90302608162165,0,0,0,0,0,0,0,0.282145380973816,0,9.40591832995415,0,0,0,0,0,22.2837059944868,0,8.0964619666338,87.2284101843834,0.137949720025063,724.751331850886,0,9.16940312087536
0,67.4534167349339,0,0,0,72.0878276824951,0,0,0,185.136903509498,0,0,0,0,0,0,0,0.543954640626907,8.49793560802937,0,0,0,0,0,0,0,0,0,0,0,0,0,0,0,0,5.96864819526672,0,0,0,6.6224257349968,0,115.037530183792,0,2.67226706445217,0.511805415153503,16.6015092879534,0,6.30041281878948,0,182.150343194604,0,128.274662837386,0,0,0,78.5191680788994,0,110.095673039556,0,79.7194839417934,0,20.148816794157,4.51776078343391,0.235591858625412,0,0,0,0,0,0,5.40293227136135,0,56.0410593599081,0,0,0,0,0,25.7361048683524,0,12.4287478029728,0,344.59018060565,5.1478111743927,737.602754995227,2.17937184870243,0
0,0,91.5525637418032,0,0,0,0,0,71.3610855937004,0,2.84201541543007,0,0,0,0,0,0,0,5.21577307581902,0,40.4292315244675,0,0,0,0,0,0,0,0,0,0,0,0,0,0,3.43813395500183,0,0,0,0,6.7199521958828,0,28.4153575152159,0,0,0,20.8563559949398,10.9142814874649,24.5612929612398,0,256.947630941868,0,3.14374721050262,0,0,0,5.09716208279133,0,3.617750197649,0,0,0,0,8.34621733427048,0,0,0,0,0,0,0,0,0,3.15264165401459,0,0,0,0,0.336214125156403,11.2912532687187,0,1.55702972412109,114.84243708849,1.26814910769463,673.598753452301,0,0.972903788089752
0,0,0,72.0878276824951,0,0,0,0,0,118.112090662122,0,0,0,0,0,22.2568693459034,0,0,0.157940983772278,58.7209518253803,0,0,0,0,0,0,0,0,0,0,0,0,0,0,0,16.6425777673721,0,0,0,0,0,3.76584208011627,0,0,0,0,0,0,0,3.23112504184246,0,88.706890463829,0,0,0,16.2721063792706,0,0,0,0,0,4.61512203514576,1.36132144927979,0,0,0,0,0,0,0,0,0,4.33113877475262,0,0,0,0,0,10.579342186451,0,3.43870389461517,0,278.995378732681,3.258225440979,190.690735608339,0,0
0,0,0,0,0,0,0,0,0,0,1,0,0,0,0,0,0,0,0,0,202.74579846859,0,0,0,0,0,0,0,0,0,0,0,0,0,0,0,0,0,0,0,0,0,0,0,0,0,0,0,0,0,0,0,15.467715382576,0,0,0,48.1903337240219,0,0,0,0,0,0,5.0345299243927,0,0,0,0,0,0,0,0,0,0,0,0,0,0,0,0,0,0,120.303812742233,2.95214200019836,0,0,0
0,0,0,0,0,0,0,0,0,0,0,14.867418885231,0,0,0,0,0,0,0,28.2167712450027,0,0,0,0,0,0,0,0,0,0,0,0,0,0,0,0,0,0,0,0,0,0,0,0,0,0,0,0,0,0,0,0,0,108.662746787071,0,0,0,0,0,0,0,0,2.23946595191956,0,0,0,0,0,0,0,0,0,0,0,0,0,0,0,0,0,0,0,0,0,0,0,0
228.397633105516,0,115.378177672625,0,71.3610855937004,0,0,0,0,0,0,0,0,0,8.51060140132904,0,583.460195556283,36.5148525238037,12.4801459163427,0,0,0,0.960447549819946,0,21.4207065105438,0,0.181233406066895,0,0,0,0,0,0,0,0,0,0,0,7.74701723456383,0,0,0,5.7845450937748,0,0,0.529972910881042,0,0,104.133884385228,0,5.26945024728775,0,0,0,628.656628116965,0,0,0,0,0,22.0774568617344,0,0,0,0,0,0,45.1792248189449,0,0,0,0,0,0.677340924739838,0,0,0,0,1.30388212203979,0.44795298576355,0,59.9873355925083,654.936885163188,0.766480475664139,52.0762623548508,0,6.79442542791367
0,216.674576878548,0,185.136903509498,0,118.112090662122,0,0,0,0,0,0,0,0,0,266.377069011331,0,0.563389360904694,0,0,0,0,0,20.5678864717484,0,17.7029852867126,0,0,0,0,0,0,0,0,0,0,0,55.6293527185917,0,0,0,3.2271648645401,0,0,0,0.182297363877296,0,1.8731929063797,0,21.370997145772,0,7.86761078238487,0,0,0,359.849826350808,0,0,0,0,0,80.1660242378712,0,0,0,0,26.1414106786251,0,97.9101626873016,0,0,0,0,0,0,0,0,0,0,0,44.3374271988869,0,1258.55304026604,0,103.852640748024,0,0
0,0,0,0,2.84201541543007,0,1,0,0,0,0,0,102.976417958736,0,0,0,0,0,0,0,441.072506189346,0,0,0,0,0,0,0,0,0,12.3906419277191,0,0,0,0,0,0,0,1198.06702718139,0,0,0,0,0,0,0,1.91483527421951,0,0,0,19.6610513627529,0,4.79149115085602,0,0,0,1824.49196571112,0,6.20940732955933,0,0,0,0,356.562790066004,0,0,0,0,0,0,0,0,0,24.5200709700584,0,0,0,0,0,0,0,400.538295418024,257.497075170279,0,18.2302129864693,0,0
0,0,0,0,0,0,0,14.867418885231,0,0,0,0,0,10.3188108205795,0,0,0,0,0,244.218310415745,0,0,0,0,0,0,0,3.72283029556274,0,102.349657401443,0,0,0,0,0,128.373779639602,0,251.405511915684,0,0,0,0,0,0,0,0,0,0,0,0,0,0,0,0,0,0,0,2483.78923046589,0,115.080140113831,0,0,44.7181319594383,0,0,0,0,0,0,0,5,0,321.425068080425,0,0,0,0,0,5.34215378761292,0,24.9634246379137,0,147.165661931038,2.05837798118591,0,0,0
0,0,0,0,0,0,0,0,0,0,102.976417958736,0,0,0,10.0923881530762,0,0,0,0,0,0,0,0,0,0,0,0,0,0,0,0,0,0,0,0,0,0,0,0,0,0,0,0,0,0,0,0,0,0,0,0,0,0,0,0,0,73.1884680986404,0,44.8312008976936,0,0,0,0,0,0,0,0,0,0,0,0,0,0,0,0,0,0,0,0,0,0,0,19.0981554985046,2,0,0,0
0,0,0,0,0,0,0,0,0,0,0,10.3188108205795,0,0,0,38.9836089909077,0,0,0,0,0,0,0,0,0,0,0,62.3452719449997,0,1.47804030776024,0,0,0,0,0,0,0,0,0,0,0,0,0,0,0,0,0,0,0,0,0,0,0,0,0,0,0,0,0,543.109442621469,0,17.1815872788429,0,0,0,0,0,0,0,0,2,0,0.277747362852097,0,0,0,0,0,0,0,0,0,0.318545162677765,0,0,0,0
0,0,0,0,0,0,0,0,8.51060140132904,0,0,0,10.0923881530762,0,0,0,227.98767504096,2.1202190965414,0,0,0,0,3.04447621107101,0,0,0,0.423720300197601,0,0,0,0,0,0,0,0,0,0,0,0,0,0,0,0,0,0,0,0,0,0,0,0,0,0,0,1.38157784938812,0,0,0,97.1563248634338,0,10.1583467721939,0,0,0,0,0,0,0,0,0,0,0,0,0,0,0,0,0,0,0,0,0,78.4312212616205,1.93872693181038,0,0,0
0,14.006465613842,0,0,0,22.2568693459034,0,0,0,266.377069011331,0,0,0,38.9836089909077,0,0,0,0,0,0,0,0,0,0,0,1,0,0,0,0,0,0,0,0,0,0,0,0,0,0,0,0,0,0,0,0,0,0.237455740571022,0,0,0,53.7462054640055,0,0,0,15.2211382836103,0,0,0,54.4105607420206,0,103.38838866353,0,0,0,0,0,0,0,0,0,0,0,0,0,0,0,0,0,0,0,0,0.843133389949799,0,0.257747203111649,0,0
0.174033224582672,0.310916870832443,0.202052533626556,0,0,0,0,0,583.460195556283,0,0,0,0,0,227.98767504096,0,0,14362.669737488,6241.41490573436,0,0,0,303.186437010765,0.353235274553299,21.274533033371,0,877.673129290342,0,0,0,0,0,0,0,0,0,0,0,0,14.6553671360016,22.1334151551127,15.2538029998541,44.5246067941189,10.4986983537674,9.59914097934961,21.2699207514524,14.272234082222,0,0.26405867934227,0,0,0,0,0,1.66437849402428,0.161143720149994,1.20433190464973,0,0,0,26.2141506373882,0,17.9773343503475,5.45640543103218,0,0,0,0,0,30.3426162302494,0,0,2.54157261550426,0,0,0,0,0,53.9776343032718,65.5890941619873,5.93338122963905,8.15009152889252,12889.9407265782,6289.5614220649,104.695013970137,1.99244585633278,2.87742060422897
0.399997636675835,0,0,0.543954640626907,0,0,0,0,36.5148525238037,0.563389360904694,0,0,0,0,2.1202190965414,0,14362.669737488,0,5997.25298648328,0,0,12.9709166288376,18.9135589897633,22.0530144274235,5.59854184091091,135.662360548973,26.1485725492239,0,0,0,0,0,0,0,0,0,0.188566774129868,3.79085731506348,0,14.8821274489164,18.4640589058399,26.383631542325,10.0934758633375,13.9107343256474,5.22509784251451,33.671451985836,3.36105109751225,0,0,1.64562141895294,0,0.121024787425995,0,0,1.20353555679321,0,0.447593912482262,0.223906695842743,0,0,0.377155840396881,0,21.9827129840851,5.48626494407654,0,0,0,0,0,1.20168280601501,0,0,5.41120004653931,1.19917547702789,0,0,0,0,59.9307251423597,25.0327466279268,10.4564854353666,1.00171841681004,10369.7280364558,5362.30040071905,86.3528930395842,6.65211009979248,0.485064953565598
80.3403490334749,61.8999390751123,12.4915850311518,8.49793560802937,5.21577307581902,0.157940983772278,0,0,12.4801459163427,0,0,0,0,0,0,0,6241.41490573436,5997.25298648328,0,0,1.85407511889935,0,0.411676719784737,0,0,0,0.550915539264679,0,0,0,0,0,0,0,0.328983217477798,0.56010340154171,2.87181501090527,0,0,513.328908011317,718.459058694541,1145.52297527343,557.505678705871,247.92093873024,291.8811044842,538.356806598604,386.007926300168,2.49409630894661,10.3170564174652,39.1048399880528,0.638397559523582,1.72128100693226,0,0,0,0.22700572013855,57.8204690814018,13.2207612246275,0,0,0,0.265308886766434,425.878795735538,161.149887405336,0,0,0,0,0,0,4.18968553841114,0.191980198025703,259.245503522456,24.8060776516795,0,0,0,0,1828.62397055328,1504.52685826272,412.247796833515,188.502708032727,6721.6149001196,611.151674613357,3532.83678751439,132.326616249979,40.4357511997223
0,0,0,0,0,58.7209518253803,0,28.2167712450027,0,0,0,244.218310415745,0,0,0,0,0,0,0,0,0,0,0,0,0,0,0,0,0,0,0,0,0,0,0,402.47577662766,0,92.9648190140724,0,0,0,0,0,0,0,0.405292928218842,0,0,0,0,0,79.1903069615364,0,3.42500746250153,0,0,0,143.478535741568,0,2.25381326675415,0,0,587.2697571069,0,0,0,0,0,0,0,0,0,1.12154459953308,0,0,0,0,0,6.66522289812565,0,32.2612217366695,0,132.599385619164,4.66586303710938,9.08528766036034,0,0
0,0,0.418830543756485,0,40.4292315244675,0,202.74579846859,0,0,0,441.072506189346,0,0,0,0,0,0,0,1.85407511889935,0,0,0,0,0,0,0,0,0,0,0,0,0,0,0,0,0,648.387411892414,0,129.065565407276,0,1.08415460586548,0,3.22949425876141,0,0,0,7.28794819116592,0.562013864517212,0,0,0,0,13.6793926954269,0,0,0,102.814680159092,0,0,0,0,0,0,1054.77013491094,0,0,0,0,0,0,0,0,0,0,0,0,0,0,0,126.824408784509,0,85.5926582813263,47.1623225808144,0,136.411899968982,0,0
0,0,0,0,0,0,0,0,0,0,0,0,0,0,0,0,0,12.9709166288376,0,0,0,0,269.925247371197,195.003014028072,0,213.692439109087,0,19.7763783931732,0,0,0,0,0,0,0,0,0,1117.38664796948,0,0,0,0,0,0,0,0,0,0,0,293.01162096858,0,0,0,0,0,0,0,0,0,0,0,0,0,0,5604.59555198252,24.6055285930634,51.8297228515148,0,18.5036214292049,0,114.394255518913,0,0,0,0,0,0,0,0,0,1025.75311206281,0,610.974559664726,14.5847781896591,0,0,0
0,0,0,0,0,0,0,0,0.960447549819946,0,0,0,0,0,3.04447621107101,0,303.186437010765,18.9135589897633,0.411676719784737,0,0,269.925247371197,0,0,117.528919279575,0,29.1682505905628,0,6.79462015628815,0,0,0,0,0,0,0,0,14.7721486091614,719.162218853831,0,0,0,0,0,0,0,0,0,462.424722373486,0,0,0,0,0,0,0,0,0,0,0,0,0,0,0,0,5649.81837511063,0,2.8833047747612,0,74.8014609217644,0,189.709720909595,0,0,0,0,0,0,0,0,0,39.5863125920296,706.444842785597,3.60129606723785,0,0,0
0,0,0,0,0,0,0,0,0,20.5678864717484,0,0,0,0,0,0,0.353235274553299,22.0530144274235,0,0,0,195.003014028072,0,0,0,174.607830673456,0,0,0,0,0,0,0,0,0,0,0,87.3210966289043,0,0,0,0,0,0,0,0,0,0,0,0,0,0,0,0,0,113.223661929369,0,0,0,0,0,0,0,0,95.6051685512066,0,389.231405675411,0,499.757525980473,0,0.648547291755676,0,0,0,0,0,0,0,0,0,16.2063437253237,0,113.415466040373,0,0,0,0
0,0,0,0,0,0,0,0,21.4207065105438,0,0,0,0,0,0,0,21.274533033371,5.59854184091091,0,0,0,0,117.528919279575,0,0,0,18.6827282905579,0,0,0,0,0,0,0,0,0,0,0,198.019893273711,0,0,0,0,0,0,0,0,0,1.58466672897339,0,0,0,0,0,173.59317407012,0,0,0,0,0,31.078462600708,0,0,0,0,45.4436347484589,0,43.4477873444557,0,170.846727967262,0,0,0,0,0,0,0,0,0,0,0,15.7418763935566,40.88044282794,0,1.77965730428696,0,0
0,0,0,0,0,0,0,0,0,17.7029852867126,0,0,0,0,0,1,0,135.662360548973,0,0,0,213.692439109087,0,174.607830673456,0,0,0,6,0,0,0,0,0,0,0,0,0,0,0,0,0,0,0,0,0,0,0,0,0,0,0,0,0,0,0,0,0,0,0,9.4098973274231,0,1.69952702522278,0,0,84.5920441448689,0,6.97843009233475,0,140.227546870708,0,0,0,0,0,0,0,0,0,0,0,0,0,36.8518944978714,0,0,0,0
0,0,0,0,0,0,0,0,0.181233406066895,0,0,0,0,0,0.423720300197601,0,877.673129290342,26.1485725492239,0.550915539264679,0,0,0,29.1682505905628,0,18.6827282905579,0,0,0,0,0,0,0,0,0,0,0,0,0,0,0,0,0,0,0,0,0,0,0,0,0,0,0,0,0,0,0,0,0,0,0,0,0,0,0,0,1.12814199924469,0,0,0,297.716760456562,0,0,0,0,0,0,0,0,0,0,0,0,20.937562301755,1.7254773080349,0,0,0
0,0,0,0,0,0,0,0,0,0,0,3.72283029556274,0,62.3452719449997,0,0,0,0,0,0,0,19.7763783931732,0,0,0,6,0,0,0,237.668566480279,0,0,0,0,0,0,0,86.3910683840513,0,0,0,0,0,0,0,0,0,0,0,0,0,0,0,0,0,0,0,0.298346370458603,0,64.9608337283134,0,0,0,0,0,0,0,0,0,0,1551.27755406499,0,6.8402071595192,0,0,0,0,0,0,0,33.0293058156967,0,56.3082672357559,4.94280850887299,0,0,0
0,0,0,0,0,0,0,0,0,0,0,0,0,0,0,0,0,0,0,0,0,0,6.79462015628815,0,0,0,0,0,0,0,100.135542094707,0,0,0,0,0,0,0,43.0685303211212,0,0,0,0,0,0,0,0,0,18.8458964824677,0,0,0,0,0,0,0,0,0,0,0,0,0,0,0,0,0,0,0,0,40.7404624521732,0,817.873233735561,0,1.3878972530365,0,0,0,0,0,0,0,64.859011888504,3,0,0,0,0
0,0,0,0,0,0,0,0,0,0,0,102.349657401443,0,1.47804030776024,0,0,0,0,0,0,0,0,0,0,0,0,0,237.668566480279,0,0,0,0,0,0,0,0,0,157.376657500863,0,0,0,0,0,0,0,0,0,0,0,0,0,0,0,0,0,0,0,10.1052428930998,0,4.73259598016739,0,0,0,0,0,0,0,0,0,0,299.941914260387,0,669.506539449096,0,0,0,0,0,0,0,230.925474345684,0,126.915480241179,0,0,0,0
0,0,0,0,0,0,0,0,0,0,12.3906419277191,0,0,0,0,0,0,0,0,0,0,0,0,0,0,0,0,0,100.135542094707,0,0,0,0,0,0,0,0,0,602.32701960206,0,0,0,0,0,0,0,0,0,0,0,0,0,0,0,0,0,18.7675006091595,0,0,0,0,0,0,0,0,0,0,0,0,0,0,97.2888344526291,0,188.731352746487,0,0,0,0,0,0,0,0,1,0,0,0,0
0,0,0,0,0,0,0,0,0,0,0,0,0,0,0,0,0,0,0,0,0,0,0,0,0,0,0,0,0,0,0,0,169.261707633734,3.27590435743332,0,789.160510241985,0,0,0,0,0,0,0,0,0,0,0,880.052259072661,0,0,0,0,0,0,0,0,0,0,0,0,0,0,0,0,0,0,0,0,0,0,0,0,0,0,1315.08972461522,52.3336674422026,55.9868116378784,0,402.129692077637,1,0,0,37.3519738912582,0,0,0,0
0,0,0,0,0,0,0,0,0,0,0,0,0,0,0,0,0,0,0,0,0,0,0,0,0,0,0,0,0,0,0,169.261707633734,0,2.75162625312805,0,0,799.350039601326,0,0,0,0,0,0,0,0,0,0.998464316129684,936.910575628281,4.90742075443268,0,0,0,0,0,0,0,0,0,0,0,0,0,0,0.160088911652565,0,0,0,0,0,0,0,0,0,0,137.890365511179,1104.40274456143,5.92267155647278,19.0009113252163,0,292.043719172478,0,0,59.4013450145721,0,0.279163300991058,0,0
0,0,0,0,0,0,0,0,0,0,0,0,0,0,0,0,0,0,0,0,0,0,0,0,0,0,0,0,0,0,0,3.27590435743332,2.75162625312805,0,1092.03772205114,700.306479871273,0,150.602994412184,11.0243464410305,0,0,0,0,0,0,0,0,2276.96734029055,1.20963680744171,11.2386538982391,0,0,0,0,0,0,0,0,0,0,0,0,0,0,0,0,0,0,0,0,0,0,0,0,6.18515360355377,0,1785.39549145103,378.072181805968,169.512438505888,0,97.807545170188,65.3299140930176,175.006039604545,0,0.874918103218079,0,0
0,0,0,0,0,0,0,0,0,0,0,0,0,0,0,0,0,0,0.328983217477798,0,0,0,0,0,0,0,0,0,0,0,0,0,0,1092.03772205114,0,0,143.677909851074,0,145.173884570599,0,0,0,0.187874287366867,0,0,0,0,1410.06919561327,208.376258432865,0,0,0,0,0,0,0,0,0,0,0,0,0,0,0,0,0,0,0,0,0,0,0,0,0,0,0,258.911183387041,862.586602836847,0,24.4420186281204,49.3488811254501,348.006477341056,33.1347488760948,0,0,0,0
0,0,0,5.96864819526672,3.43813395500183,16.6425777673721,0,0,0,0,0,128.373779639602,0,0,0,0,0,0,0.56010340154171,402.47577662766,0,0,0,0,0,0,0,0,0,0,0,789.160510241985,0,700.306479871273,0,0,858.053898006678,1326.22732590139,12.7239782810211,2.09225070476532,0,0.479122370481491,0,0,0,147.756196022034,5.50738126039505,59.9400537312031,0,16.0972283631563,0,14.4972701668739,0,0,0,1.02320891618729,0.175532445311546,7.63801190257072,0,3.75523340702057,0,0,246.704408690333,1.10039904713631,0,0,0,0,0,0,0,0,0,0,285.374841064215,0,607.047179326415,0,12915.5571782067,295.404418766499,1197.60243742168,0,705.902884200215,3,279.77878344059,0,0
0,0,0.522639155387878,0,0,0,0,0,0,0,0,0,0,0,0,0,0,0.188566774129868,2.87181501090527,0,648.387411892414,0,0,0,0,0,0,0,0,0,0,0,799.350039601326,0,143.677909851074,858.053898006678,0,0,2537.11426839232,0,0.555436313152313,0,4.71359579265118,0,0,0,121.393839836121,108.608676820993,17.6257634907961,0,0,0,0,0,0,0,3.39092424511909,0,0,0,0,0,0,216.59125110507,0,0,0,0,0,0,0,0.476696819067001,0,0,0,490.758345484734,0,236.365807130933,743.205688923597,9687.53051373363,0,1032.08917208016,576.48543715477,8.50252425670624,230.439979717135,0,0.943676054477692
0,5.44565266370773,0,0,0,0,0,0,0,55.6293527185917,0,251.405511915684,0,0,0,0,0,3.79085731506348,0,92.9648190140724,0,1117.38664796948,14.7721486091614,87.3210966289043,0,0,0,86.3910683840513,0,157.376657500863,0,0,0,150.602994412184,0,1326.22732590139,0,0,86.9410584568977,0,0,6.60736125707626,0,0,0,16.0237477123737,0,2185.49871596694,0,193.704887449741,0,0,0,0,0,78.4587590545416,0,211.098326548934,0,0,0,0,263.520824149251,0,244.73562040925,0,574.9550768435,0,0,0,119.934935763478,0,282.174946680665,0,0,0,46.9293007254601,1.34288263320923,327.604197487235,0,16753.2797395885,34.2099257707596,1665.19441354275,236.354575484991,223.672847628593,0.949988484382629,0
0,0,0,0,0,0,0,0,7.74701723456383,0,1198.06702718139,0,0,0,0,0,0,0,0,0,129.065565407276,0,719.162218853831,0,198.019893273711,0,0,0,43.0685303211212,0,602.32701960206,0,0,11.0243464410305,145.173884570599,12.7239782810211,2537.11426839232,86.9410584568977,0,0,0.177104115486145,0,0.556278795003891,0,0,0,2.14684754610062,1004.55510807037,1621.82365362346,0,0,0,0,0,29.6499913930893,0,168.661292761564,0,0,0,0,0,0,137.874963417649,0,324.987072348595,0,68.0503553301096,0,0,0,24.1980603337288,0,161.600721031427,0,0,0,123.989973142743,27.941121339798,645.5963332057,59.6838265061378,9566.38713134825,2535.27115529776,73.9044293165207,82.9189997017384,0,0
0,9.23003420233727,0,6.6224257349968,0,0,0,0,0,0,0,0,0,0,0,0,14.6553671360016,14.8821274489164,513.328908011317,0,0,0,0,0,0,0,0,0,0,0,0,0,0,0,0,2.09225070476532,0,0,0,0,1.75416600704193,667.996756479144,0,40.3974929749966,0.340042591094971,157.284685268998,0.702568829059601,4.74400040507317,0,208.397967994213,0,0.844585120677948,0,0,0,0.268974512815475,0,2.73624491691589,0,0,0,0,324.400438018143,0,0,0,0,0,0,0,0,0,12.3928327858448,0,0,0,0,0,745.16450137645,0.226075068116188,22.5427835285664,0,67.3925544992089,2.62699331343174,718.412847965956,82.028924703598,0
31.3642534911633,0,19.8779308497906,0,6.7199521958828,0,0,0,0,0,0,0,0,0,0,0,22.1334151551127,18.4640589058399,718.459058694541,0,1.08415460586548,0,0,0,0,0,0,0,0,0,0,0,0,0,0,0,0.555436313152313,0,0.177104115486145,1.75416600704193,0,1.93536347150803,742.687738776207,1.20615339279175,82.0991380661726,0,276.819717481732,69.0793723165989,230.122393012047,0,5.53334303200245,0,0,0,0.791578069329262,0,28.4679242968559,0,0.174123540520668,0,0,0,0.19959856569767,295.32229051739,0,0,0,0,0,0,0,0,0,29.8240555822849,0,0,0,0,2.24473832547665,795.971093311906,0,26.7087271362543,181.312646768987,13.930708900094,1729.18336175382,0,74.3165685981512
0,14.8584913015366,0,115.037530183792,0,3.76584208011627,0,0,0,3.2271648645401,0,0,0,0,0,0,15.2538029998541,26.383631542325,1145.52297527343,0,0,0,0,0,0,0,0,0,0,0,0,0,0,0,0,0.479122370481491,0,6.60736125707626,0,667.996756479144,1.93536347150803,0,218.188816651702,29.9222045838833,1.09686037898064,545.868621468544,0.346995562314987,40.4911325573921,0,447.100875541568,0,16.426971077919,0,0,0,7.05229710042477,0,43.6806807816029,0,1.00504148006439,0,2.61490343511105,310.349654972553,0,0,0,0,0,0,0,18.678434252739,0,488.537199780345,0,0,0,0,0,1018.89090406895,1.30519381165504,291.860563576221,0,1796.24029072374,37.8531452715397,2747.45235460997,291.129521042109,0
8.05376580357552,0,81.9129099473357,0,28.4153575152159,0,0,0,5.7845450937748,0,0,0,0,0,0,0,44.5246067941189,10.0934758633375,557.505678705871,0,3.22949425876141,0,0,0,0,0,0,0,0,0,0,0,0,0,0.187874287366867,0,4.71359579265118,0,0.556278795003891,0,742.687738776207,218.188816651702,0,0,63.9299502670765,1.56667786836624,128.431260600686,98.9082683026791,281.977481231093,0,16.4130758792162,0,0,0,2.87771999835968,0,373.388114348054,0,0.965995669364929,0,0,0,0.790353655815125,59.5534080266953,0,0,0,0,0,0,0,5.98650348186493,0,124.431854858994,0,0,0,0,4.46865428984165,1244.45569267869,0.464731395244598,171.307388946414,1265.14476260543,31.233885884285,4182.81401969492,1.62421914935112,203.92652310431
0,2.66908603906631,0,2.67226706445217,0,0,0,0,0,0,0,0,0,0,0,0,10.4986983537674,13.9107343256474,247.92093873024,0,0,0,0,0,0,0,0,0,0,0,0,0,0,0,0,0,0,0,0,40.3974929749966,1.20615339279175,29.9222045838833,0,0,0,41.708866879344,0,0,0,0,0,0,0,0,0,0,0,1.24257718026638,0,0,0,0,23.9772656410933,0,0,0,0,0,0,0,0,0,7.95996394753456,0,0,0,0,0,198.930423557758,2.36196427047253,26.7026228606701,0,26.5360205247998,1.93329364061356,94.8574931770563,0.558139026165009,0
0.916208028793335,0,0.20180743932724,0.511805415153503,0,0,0,0,0,0,0,0,0,0,0,0,9.59914097934961,5.22509784251451,291.8811044842,0,0,0,0,0,0,0,0,0,0,0,0,0,0,0,0,0,0,0,0,0.340042591094971,82.0991380661726,1.09686037898064,63.9299502670765,0,0,4.19124683737755,61.8187438696623,2.49923658370972,1.18763135373592,0,0,0,0,0,0,0,4.26164254546165,0,0,0,0,0,1.61709007620811,24.8271245360374,0,0,0,0,0,0,0,0,0,3.37942481040955,0,0,0,0.682444274425507,2.87432231009007,261.861871406436,0,18.6174647957087,65.6695245653391,3.15305350720882,214.598271355033,0,4.26199758052826
0,14.1786773651838,0,16.6015092879534,0,0,0,0,0.529972910881042,0.182297363877296,0,0,0,0,0,0,21.2699207514524,33.671451985836,538.356806598604,0.405292928218842,0,0,0,0,0,0,0,0,0,0,0,0,0,0,0,147.756196022034,0,16.0237477123737,0,157.284685268998,0,545.868621468544,1.56667786836624,41.708866879344,4.19124683737755,0,1.56616789102554,0,0,34.0491996705532,0,1.97822415828705,0,0,0,0.381359919905663,0,1.59123957157135,0,0,0,0.158508151769638,1248.10259574652,0.3016017973423,0,0,0,0,0,0,1.911387398839,0,105.848819099367,0,0,0,0,0,604.895678773522,1.96451510488987,364.611510813236,0,215.645970612764,4.51461221277714,1024.05158849061,11.2964532673359,0
53.7869620472193,0,37.7635481804609,0,20.8563559949398,0,0,0,0,0,1.91483527421951,0,0,0,0,0,14.272234082222,3.36105109751225,386.007926300168,0,7.28794819116592,0,0,0,0,0,0,0,0,0,0,0,0.998464316129684,0,0,5.50738126039505,121.393839836121,0,2.14684754610062,0.702568829059601,276.819717481732,0.346995562314987,128.431260600686,0,61.8187438696623,1.56616789102554,0,13.6716293394566,34.2254110425711,0,3.82717736065388,0,0,0,4.04394364356995,0,73.3811217695475,0,0,0,0,0,1.33026322722435,1057.92618724704,0,0,0,0,0,0,0,1.73094683885574,0,12.4006637632847,0,0,0,0,4.51846289634705,981.422871939838,0,281.844374075532,189.46388912946,8.49813155829906,987.13572576642,1.08422887325287,1.74280965328217
0,2.70256012678146,5.60430283844471,6.30041281878948,10.9142814874649,0,0,0,0,1.8731929063797,0,0,0,0,0,0.237455740571022,0,0,2.49409630894661,0,0.562013864517212,0,0,0,0,0,0,0,0,0,0,880.052259072661,936.910575628281,2276.96734029055,1410.06919561327,59.9400537312031,108.608676820993,2185.49871596694,1004.55510807037,4.74400040507317,69.0793723165989,40.4911325573921,98.9082683026791,0,2.49923658370972,0,13.6716293394566,0,3283.67673094571,1683.22196988761,0,3.00070631504059,0,0,0,1.95518061518669,3.42081053555012,0.262920618057251,0,0,0,0,0,7.89119854569435,0,0,0,0,0,0,0,0,0,0,388.214127108455,2818.38105006516,231.248981326818,63.549803674221,233.775329977274,2279.59328596294,0,272.722926035523,1289.312479496,11.0682315826416,902.004911333323,0,0
98.9529826641083,0,115.206561818719,0,24.5612929612398,0,0,0,104.133884385228,0,0,0,0,0,0,0,0.26405867934227,0,10.3170564174652,0,0,0,462.424722373486,0,1.58466672897339,0,0,0,18.8458964824677,0,0,0,4.90742075443268,1.20963680744171,208.376258432865,0,17.6257634907961,0,1621.82365362346,0,230.122393012047,0,281.977481231093,0,1.18763135373592,0,34.2254110425711,3283.67673094571,0,177.24406991899,7.48754999041557,0,0,0,51.8478386700153,0,13.903939306736,0,0,0,25.6774299144745,0,0,7.88935016095638,0,1009.08605414629,0,261.922810852528,0,0,0,118.088816136122,0,21.3784191012383,0,1.01839196681976,0,42.8558250367641,0,581.270454399288,0,1271.80757829547,416.831127025187,0,948.480992630124,0,2.98301745951176
0,245.397715732455,0,182.150343194604,0,3.23112504184246,0,0,0,21.370997145772,0,0,0,0,0,0,0,1.64562141895294,39.1048399880528,0,0,293.01162096858,0,0,0,0,0,0,0,0,0,0,0,11.2386538982391,0,16.0972283631563,0,193.704887449741,0,208.397967994213,0,447.100875541568,0,0,0,34.0491996705532,0,1683.22196988761,177.24406991899,0,0,17.8118064403534,0,0,0,87.7511830031872,0,200.682650581002,0,71.0041576623917,0,54.7874176204205,87.7137940749526,0,296.83981923759,0,75.4391922056675,0,70.3385809063911,0,463.324902847409,0,323.571901336312,0,0,0,0,0,347.226962357759,0,281.401243463159,0,437.93916003406,4.25145128369331,1426.39485327899,23.4283583164215,0
0,0,215.984821781516,0,256.947630941868,0,0,0,5.26945024728775,0,19.6610513627529,0,0,0,0,0,0,0,0.638397559523582,0,0,0,0,0,0,0,0,0,0,0,0,0,0,0,0,0,0,0,0,0,5.53334303200245,0,16.4130758792162,0,0,0,3.82717736065388,0,7.48754999041557,0,0,0,0,0,0,0,126.117581427097,0,71.0458029210567,0,6.82312974333763,0,0,1.21039041876793,0,0,0,0,0,0,0,0,0,1.34534376859665,0,0,0,0,0,3.94940522313118,0,2.57652679085732,99.2336959987879,0,331.084726631641,0,2.30302721261978
0,0.314906239509583,0,128.274662837386,0,88.706890463829,0,0,0,7.86761078238487,0,0,0,0,0,53.7462054640055,0,0.121024787425995,1.72128100693226,79.1903069615364,0,0,0,0,0,0,0,0,0,0,0,0,0,0,0,14.4972701668739,0,0,0,0.844585120677948,0,16.426971077919,0,0,0,1.97822415828705,0,3.00070631504059,0,17.8118064403534,0,0,0,0,0,3.59141039848328,0,135.067146144807,0,58.8734922111034,0,89.0533245503902,42.0991401225328,0,0,0,0,0,0,0,0.672820925712585,0,17.2538398131728,0,0,0,0,0,13.1641097664833,0,4.60377331078053,0,80.7140006646514,0.424526683986187,246.500113278627,0.170064941048622,0
0,0,0,0,3.14374721050262,0,15.467715382576,0,0,0,4.79149115085602,0,0,0,0,0,0,0,0,0,13.6793926954269,0,0,0,0,0,0,0,0,0,0,0,0,0,0,0,0,0,0,0,0,0,0,0,0,0,0,0,0,0,0,0,0,0,0,0,35.5477270483971,0,0,0,0,0,0,0,0,0,0,0,0,0,0,0,0,0,0,0,0,0,0,0,0,0,89.5804818868637,24.1929310560226,0,0,0
0,0,0,0,0,0,0,108.662746787071,0,0,0,0,0,0,0,0,0,0,0,3.42500746250153,0,0,0,0,0,0,0,0,0,0,0,0,0,0,0,0,0,0,0,0,0,0,0,0,0,0,0,0,0,0,0,0,0,0,0,0,0,0,0,0,0,0,0,0,0,0,0,0,0,0,0,0,0,0,0,0,0,0,0,0,0,0,110.988113641739,0,0,0,0
38.0179087519646,0,222.567857950926,0,0,0,0,0,628.656628116965,0,0,0,0,0,1.38157784938812,0,1.66437849402428,1.20353555679321,0,0,0,0,0,0,173.59317407012,0,0,0,0,0,0,0,0,0,0,0,0,0,29.6499913930893,0,0.791578069329262,0,2.87771999835968,0,0,0,4.04394364356995,0,51.8478386700153,0,0,0,0,0,0,0,0.809886127710342,0,0,0,170.481461778283,0,0,0,0,0,0,453.624291211367,0,0,0,0,0,0,0,0,0,0,0,0,0,294.878240048885,29.4406888633966,0,96.7843245565891,0,0.373233288526535
0,187.129519239068,0,78.5191680788994,0,16.2721063792706,0,0,0,359.849826350808,0,0,0,0,0,15.2211382836103,0.161143720149994,0,0.22700572013855,0,0,0,0,113.223661929369,0,0,0,0,0,0,0,0,0,0,0,1.02320891618729,0,78.4587590545416,0,0.268974512815475,0,7.05229710042477,0,0,0,0.381359919905663,0,1.95518061518669,0,87.7511830031872,0,3.59141039848328,0,0,0,0,0,0,0,0,0,145.576151356101,0.662520721554756,0,0,0,248.129151135683,0,0,0,0.704341560602188,0,3.59773424267769,0,0,0,0,0,1.05025407671928,0,97.7247377038002,0,59.4066321700811,0,107.298297345638,0,0
0.323249608278275,0,69.907910823822,0,5.09716208279133,0,48.1903337240219,0,0,0,1824.49196571112,0,73.1884680986404,0,0,0,1.20433190464973,0.447593912482262,57.8204690814018,0,102.814680159092,0,0,0,0,0,0,0,0,0,18.7675006091595,0,0,0,0,0.175532445311546,3.39092424511909,0,168.661292761564,0,28.4679242968559,0,373.388114348054,0,4.26164254546165,0,73.3811217695475,3.42081053555012,13.903939306736,0,126.117581427097,0,35.5477270483971,0,0.809886127710342,0,0,0,687.627406775951,0,13.905882537365,0,0,800.238814890385,0,0,0,0,0,0,0,122.743888765574,0,701.393421560526,0,0,0,0,0,47.7202370017767,0,74.6316310465336,143.462966248393,2.99249693751335,1520.00759981573,0,71.741426885128
0,0,0,110.095673039556,0,0,0,0,0,0,0,2483.78923046589,0,0,0,0,0,0.223906695842743,13.2207612246275,143.478535741568,0,0,0,0,0,0,0,0.298346370458603,0,10.1052428930998,0,0,0,0,0,7.63801190257072,0,211.098326548934,0,2.73624491691589,0,43.6806807816029,0,1.24257718026638,0,1.59123957157135,0,0.262920618057251,0,200.682650581002,0,135.067146144807,0,0,0,0,0,0,0,584.749824792147,0,5.41152542829514,726.350114122033,0,0,0,0,0,15.9607373476028,0,366.248370602727,0,620.926996797323,0,0,0,0,0,17.3311560750008,0,10.184468537569,0,62.5011101514101,0.964377835392952,351.892882034183,3.98065042495728,0
0,0,39.8834292888641,0,3.617750197649,0,0,0,0,0,6.20940732955933,0,44.8312008976936,0,97.1563248634338,0,0,0,0,0,0,0,0,0,0,0,0,0,0,0,0,0,0,0,0,0,0,0,0,0,0.174123540520668,0,0.965995669364929,0,0,0,0,0,0,0,71.0458029210567,0,0,0,0,0,687.627406775951,0,0,0,68.3145286142826,0,0,0,0,0,0,0,0,0,0,0,0,1.1559157371521,0,0,0,0,0,0,0,0,16.7253456115723,0,10.5480077266693,0,0
0,0,0,79.7194839417934,0,0,0,0,0,0,0,115.080140113831,0,543.109442621469,0,54.4105607420206,0,0,0,2.25381326675415,0,0,0,0,0,9.4098973274231,0,64.9608337283134,0,4.73259598016739,0,0,0,0,0,3.75523340702057,0,0,0,0,0,1.00504148006439,0,0,0,0,0,0,0,71.0041576623917,0,58.8734922111034,0,0,0,0,0,584.749824792147,0,0,0,94.0894180089235,15.0842157304287,0,0,0,0,0,34.3502347171307,0,92.81037992239,0,1.90695142745972,0,0,0,0,0,2.68881896138191,0,0,0,4.29646456241608,0,78.2355846911669,0,0
19.1639861166477,0,1.56921744346619,0,0,0,0,0,22.0774568617344,0,0,0,0,0,10.1583467721939,0,26.2141506373882,0.377155840396881,0,0,0,0,0,0,31.078462600708,0,0,0,0,0,0,0,0,0,0,0,0,0,0,0,0,0,0,0,0,0,0,0,25.6774299144745,0,6.82312974333763,0,0,0,170.481461778283,0,13.905882537365,0,68.3145286142826,0,0,0,0,0,0,0,0,0,0,0,0,0,0,0,0,0,0,0,0,0,0,1.58968114852905,28.109012067318,0,0,0,0
0,69.7053922116756,0,20.148816794157,0,4.61512203514576,0,0,0,80.1660242378712,0,0,0,17.1815872788429,0,103.38838866353,0,0,0.265308886766434,0,0,0,0,0,0,1.69952702522278,0,0,0,0,0,0,0,0,0,0,0,0,0,0,0,2.61490343511105,0,0,0,0.158508151769638,0,0,0,54.7874176204205,0,89.0533245503902,0,0,0,145.576151356101,0,5.41152542829514,0,94.0894180089235,0,0,1.41760581731796,0,0,0,0,0,46.8489997386932,0,5.09388054907322,0,0.781618118286133,0,0,0,0,0,0.543350622057915,0,0.141421169042587,0,5.03184320032597,0,28.2820558547974,0.224132642149925,0
0,31.9562506228685,0,4.51776078343391,0,1.36132144927979,0,2.23946595191956,0,0,0,44.7181319594383,0,0,0,0,17.9773343503475,21.9827129840851,425.878795735538,587.2697571069,0,0,0,0,0,0,0,0,0,0,0,0,0,0,0,246.704408690333,0,263.520824149251,0,324.400438018143,0.19959856569767,310.349654972553,0.790353655815125,23.9772656410933,1.61709007620811,1248.10259574652,1.33026322722435,0,0,87.7137940749526,0,42.0991401225328,0,0,0,0.662520721554756,0,726.350114122033,0,15.0842157304287,0,1.41760581731796,0,1.16747941076756,0,0,0,0,0.959853321313858,0,47.929105386138,0,1042.25803326815,0,0,0,0,0,1384.64737866074,3.97042219340801,679.867310836911,0,195.043269336224,2.3271436393261,1066.55527026206,8.77052928507328,0
18.7556280493736,0,2.90302608162165,0.235591858625412,8.34621733427048,0,5.0345299243927,0,0,0,356.562790066004,0,0,0,0,0,5.45640543103218,5.48626494407654,161.149887405336,0,1054.77013491094,0,0,0,0,0,0,0,0,0,0,0,0.160088911652565,0,0,1.10039904713631,216.59125110507,0,137.874963417649,0,295.32229051739,0,59.5534080266953,0,24.8271245360374,0.3016017973423,1057.92618724704,7.89119854569435,7.88935016095638,0,1.21039041876793,0,0,0,0,0,800.238814890385,0,0,0,0,0,1.16747941076756,0,0,0,0,0,0,0,0,2.83181551098824,0,42.0017660260201,0,0,0,0,3.62561869621277,2026.9835389629,0,722.706160828471,114.6279181391,0.682533368468285,1155.22315059602,0,3.95014330744743
0,0,0,0,0,0,0,0,0,0,0,0,0,0,0,0,0,0,0,0,0,5604.59555198252,0,95.6051685512066,0,84.5920441448689,0,0,0,0,0,0,0,0,0,0,0,244.73562040925,0,0,0,0,0,0,0,0,0,0,0,296.83981923759,0,0,0,0,0,0,0,0,0,0,0,0,0,0,0,0,238.091227546334,0,201.218859493732,0,176.081493601203,0,0,0,0,0,0,0,0,0,149.103887975216,0,96.0997108519077,0,0,0,0
0,0,0,0,0,0,0,0,0,0,0,0,0,0,0,0,0,0,0,0,0,24.6055285930634,5649.81837511063,0,45.4436347484589,0,1.12814199924469,0,0,0,0,0,0,0,0,0,0,0,324.987072348595,0,0,0,0,0,0,0,0,0,1009.08605414629,0,0,0,0,0,0,0,0,0,0,0,0,0,0,0,0,0,0,64.600494146347,0,2.87261170148849,0,3,0,0,0,0,0,0,0,0,0,356.374960929155,167.671985596418,0,0,0,0
0,2.05144214630127,0,0,0,0,0,0,0,26.1414106786251,0,0,0,0,0,0,0,0,0,0,0,51.8297228515148,0,389.231405675411,0,6.97843009233475,0,0,0,0,0,0,0,0,0,0,0,574.9550768435,0,0,0,0,0,0,0,0,0,0,0,75.4391922056675,0,0,0,0,0,248.129151135683,0,0,0,0,0,0,0,0,238.091227546334,0,0,0,407.042084157467,0,69.3464546203613,0,0,0,0,0,0,0,0,0,186.605165213346,0,32.7098277807236,0,69.865251749754,0,0
0,0,0,0,0,0,0,0,45.1792248189449,0,0,0,0,0,0,0,0,0,0,0,0,0,2.8833047747612,0,43.4477873444557,0,0,0,0,0,0,0,0,0,0,0,0,0,68.0503553301096,0,0,0,0,0,0,0,0,0,261.922810852528,0,0,0,0,0,453.624291211367,0,0,0,0,0,0,0,0,0,0,64.600494146347,0,0,0,114.412507176399,0,0,0,0,0,0,0,0,0,0,0,373.874963790178,1.29266518354416,0,21.8558385968208,0,0
0,0,0,0,0,0,0,0,0,97.9101626873016,0,0,0,0,0,0,0,0,0,0,0,18.5036214292049,0,499.757525980473,0,140.227546870708,0,0,0,0,0,0,0,0,0,0,0,0,0,0,0,0,0,0,0,0,0,0,0,70.3385809063911,0,0,0,0,0,0,0,15.9607373476028,0,34.3502347171307,0,46.8489997386932,0.959853321313858,0,201.218859493732,0,407.042084157467,0,0,0,305.78355653584,0,0,0,0,0,0,0,0,0,0,0,16.6408785581589,0,5.03777925670147,0,0
0,0,0,0,0,0,0,0,0,0,0,0,0,0,0,0,30.3426162302494,1.20168280601501,0,0,0,0,74.8014609217644,0,170.846727967262,0,297.716760456562,0,40.7404624521732,0,0,0,0,0,0,0,0,0,0,0,0,0,0,0,0,0,0,0,0,0,0,0,0,0,0,0,0,0,0,0,0,0,0,0,0,2.87261170148849,0,114.412507176399,0,0,0,85.2513477504253,0,0,0,0,0,0,0,0,0,0,0,0,0,0,0
0,0,0,5.40293227136135,0,0,0,0,0,0,0,5,0,2,0,0,0,0,4.18968553841114,0,0,114.394255518913,0,0.648547291755676,0,0,0,1551.27755406499,0,299.941914260387,0,0,0,0,0,0,0,119.934935763478,0,0,0,18.678434252739,0,0,0,1.911387398839,0,0,0,463.324902847409,0,0.672820925712585,0,0,0,0.704341560602188,0,366.248370602727,0,92.81037992239,0,5.09388054907322,47.929105386138,0,176.081493601203,0,69.3464546203613,0,305.78355653584,0,0,0,271.675834164023,0,0,0,0,0,1.40000212192535,0,135.670487627387,0,16.9590382426977,0.225590735673904,195.293896004558,1.00914788246155,0
0.587015748023987,0,0.282145380973816,0,0,0,0,0,0,0,0,0,0,0,0,0,0,0,0.191980198025703,0,0,0,189.709720909595,0,0,0,0,0,817.873233735561,0,97.2888344526291,0,0,0,0,0,0.476696819067001,0,24.1980603337288,0,0,0,5.98650348186493,0,0,0,1.73094683885574,0,118.088816136122,0,0,0,0,0,0,0,122.743888765574,0,0,0,0,0,0,2.83181551098824,0,3,0,0,0,85.2513477504253,0,0,0,300.933371856809,0,0,0,0,0,0.197460547089577,0,700.614028513432,22.8714230656624,0,28.876556828618,0,0
0,7.29137748479843,0,56.0410593599081,0,4.33113877475262,0,0,0,0,0,321.425068080425,0,0.277747362852097,0,0,2.54157261550426,5.41120004653931,259.245503522456,1.12154459953308,0,0,0,0,0,0,0,6.8402071595192,0,669.506539449096,0,0,0,0,0,0,0,282.174946680665,0,12.3928327858448,0,488.537199780345,0,7.95996394753456,0,105.848819099367,0,0,0,323.571901336312,0,17.2538398131728,0,0,0,3.59773424267769,0,620.926996797323,0,1.90695142745972,0,0.781618118286133,1042.25803326815,0,0,0,0,0,0,0,271.675834164023,0,0,0,0,0,0,0,99.5938483178616,0,257.958102360368,0,208.670186929405,5.48161658644676,563.37205953896,42.0249701291323,0
1.92608499526978,0,9.40591832995415,0,3.15264165401459,0,0,0,0.677340924739838,0,24.5200709700584,0,0,0,0,0,0,1.19917547702789,24.8060776516795,0,0,0,0,0,0,0,0,0,1.3878972530365,0,188.731352746487,0,0,0,0,0,0,0,161.600721031427,0,29.8240555822849,0,124.431854858994,0,3.37942481040955,0,12.4006637632847,0,21.3784191012383,0,1.34534376859665,0,0,0,0,0,701.393421560526,0,1.1559157371521,0,0,0,0,42.0017660260201,0,0,0,0,0,0,0,300.933371856809,0,0,0,0,0,0,0,12.6641049683094,0,280.644870340824,65.297685906291,0.296799093484879,236.317615672946,0,36.7379277050495
0,0,0,0,0,0,0,0,0,0,0,0,0,0,0,0,0,0,0,0,0,0,0,0,0,0,0,0,0,0,0,1315.08972461522,137.890365511179,6.18515360355377,0,285.374841064215,0,0,0,0,0,0,0,0,0,0,0,388.214127108455,0,0,0,0,0,0,0,0,0,0,0,0,0,0,0,0,0,0,0,0,0,0,0,0,0,0,0,13.6635411679745,32.2820190787315,0,7.02221536636353,0,0,0,11.119904011488,0,0,0,0
0,0,0,0,0,0,0,0,0,0,0,0,0,0,0,0,0,0,0,0,0,0,0,0,0,0,0,0,0,0,0,52.3336674422026,1104.40274456143,0,0,0,490.758345484734,0,0,0,0,0,0,0,0,0,0,2818.38105006516,1.01839196681976,0,0,0,0,0,0,0,0,0,0,0,0,0,0,0,0,0,0,0,0,0,0,0,0,0,13.6635411679745,0,0,364.039829924703,0,505.600663617253,0,0,174.913735806942,0,0,0,0
0,0,0,0,0,0,0,0,0,0,0,0,0,0,0,0,0,0,0,0,0,0,0,0,0,0,0,0,0,0,0,55.9868116378784,5.92267155647278,1785.39549145103,258.911183387041,607.047179326415,0,46.9293007254601,0,0,0,0,0,0,0,0,0,231.248981326818,0,0,0,0,0,0,0,0,0,0,0,0,0,0,0,0,0,0,0,0,0,0,0,0,0,0,32.2820190787315,0,0,4.52928078174591,435.357507407665,0,444.299124330282,0,131.605010911822,0,0,0,0
0,0,0,0,0,0,0,0,0,0,0,0,0,0,0,0,0,0,0,0,0,0,0,0,0,0,0,0,0,0,0,0,19.0009113252163,378.072181805968,862.586602836847,0,236.365807130933,1.34288263320923,123.989973142743,0,0,0,0,0,0.682444274425507,0,0,63.549803674221,42.8558250367641,0,0,0,0,0,0,0,0,0,0,0,0,0,0,0,0,0,0,0,0,0,0,0,0,0,0,364.039829924703,4.52928078174591,0,0,737.319892480969,0,612.251859158278,4.02727198600769,0,0.369002103805542,0,0
0.199789315462112,86.8365561366081,0,25.7361048683524,0.336214125156403,10.579342186451,0,0,1.30388212203979,0,0,5.34215378761292,0,0,0,0,53.9776343032718,59.9307251423597,1828.62397055328,6.66522289812565,0,0,0,0,0,0,0,0,0,0,0,402.129692077637,0,169.512438505888,0,12915.5571782067,743.205688923597,327.604197487235,27.941121339798,745.16450137645,2.24473832547665,1018.89090406895,4.46865428984165,198.930423557758,2.87432231009007,604.895678773522,4.51846289634705,233.775329977274,0,347.226962357759,0,13.1641097664833,0,0,0,1.05025407671928,0,17.3311560750008,0,2.68881896138191,0,0.543350622057915,1384.64737866074,3.62561869621277,0,0,0,0,0,0,1.40000212192535,0,99.5938483178616,0,7.02221536636353,0,435.357507407665,0,0,36.9651855677366,1877.5040012151,0,767.244973413646,18.8130791783333,1467.49016425759,109.030004844069,0
87.4596039801836,0,22.2837059944868,0,11.2912532687187,0,0,0,0.44795298576355,0,0,0,0,0,0,0,65.5890941619873,25.0327466279268,1504.52685826272,0,126.824408784509,0,0,0,0,0,0,0,0,0,0,1,292.043719172478,0,24.4420186281204,295.404418766499,9687.53051373363,0,645.5963332057,0.226075068116188,795.971093311906,1.30519381165504,1244.45569267869,2.36196427047253,261.861871406436,1.96451510488987,981.422871939838,2279.59328596294,581.270454399288,0,3.94940522313118,0,0,0,0,0,47.7202370017767,0,0,0,0,0,3.97042219340801,2026.9835389629,0,0,0,0,0,0,0,0.197460547089577,0,12.6641049683094,0,505.600663617253,0,737.319892480969,36.9651855677366,0,0,1295.05950497836,781.688160806894,28.8867997378111,1997.66523056477,0,78.277142688632
0,30.022488951683,0,12.4287478029728,0,3.43870389461517,0,0,0,44.3374271988869,0,24.9634246379137,0,0,0,0,5.93338122963905,10.4564854353666,412.247796833515,32.2612217366695,0,1025.75311206281,0,16.2063437253237,0,0,0,33.0293058156967,0,230.925474345684,0,0,0,97.807545170188,49.3488811254501,1197.60243742168,0,16753.2797395885,59.6838265061378,22.5427835285664,0,291.860563576221,0.464731395244598,26.7026228606701,0,364.611510813236,0,0,0,281.401243463159,0,4.60377331078053,0,0,0,97.7247377038002,0,10.184468537569,0,0,0,0.141421169042587,679.867310836911,0,149.103887975216,0,186.605165213346,0,0,0,135.670487627387,0,257.958102360368,0,0,0,444.299124330282,0,1877.5040012151,0,0,0,395.966626979411,7.94949141144753,383.931853145361,58.0532127320766,0
