0,0,17.2673418223858,0,0,0,0,0,215.747625768185,0,0,0,0,0,0,0,16.5229172110558,3.91859051585197,130.244793891907,0,0,0,0,0,0,0,0,0,0,0,0,0,0,0,0,0,2.76268081367016,0,0.961178377270699,0,23.9873830229044,0,123.621913149953,0,0,0,1.91496036946774,0,111.781962603331,0,0.89940769970417,0,0,0,107.847520977259,0,4.35870982706547,0,0.462854146957397,0,61.1521470546722,0,0,1.13292483985424,0,0,0,0,0,0,0,0,0,5.94332912564278,0,0,0,0,0,122.564347058535,0,9.28032502532005,133.442347362638,0.704619526863098,159.645206436515,0,3.75549846887589
0,0,0,39.8836637735367,0,0,0,0,0,201.313504189253,0,0,0,0,0,0,2.44176530838013,0,13.403553545475,0,0,0,0,0,0,0,0,0,0,0,0,0,0,0,0,0,0,0,0,0.703033566474915,0,417.0202267766,0,0,0,3.7120827883482,0,0.755839496850967,0,212.726052433252,0,0,0,0,0,455.643952086568,0,0,0,0,0,84.7985264956951,0.1322320997715,0,0,0,17.6109160631895,0,0.411270588636398,0,0,0,0,0,0,0,0,0,1.59002579748631,0,0,0,175.655929878354,1.29450049996376,358.327385097742,1.09059286117554,0
17.2673418223858,0,0,0,13.117623925209,0,0,0,105.38747254014,0,0.236089318990707,0,0,0,0,0,0.252277433872223,0,0,0,0,0,0,0,0,0,0,0,0,0,0,0,0,0,0,0,0,0,0,0,2.23814889788628,0,151.472003519535,0,0,0,2.38065665960312,0,28.9031311869621,0,162.360062688589,0,0,0,126.028287947178,0,17.7662854939699,0,0.756727457046509,0,9.95265507698059,0,0,1.04861755669117,0,0,0,0,0,0,0,0,0,4.59688599407673,0,0,0,0,0,1.52363669872284,0,0.460331723093987,115.797217309475,3.2940633893013,332.336284726858,0,20.8107055127621
0,39.8836637735367,0,0,0,34.8382122516632,0,0,0,48.2110667228699,0,0,0,0,0,0,0,0.480654209852219,8.78639851510525,9.50325512886047,0,0,0,0,0,0,0,0,0,0,0,0,0,0,0,15.0136483758688,0,0,0,16.9670493677258,0,52.9948184266686,0.649922594428062,0,0,25.049413099885,0.322914153337479,0.749265596270561,0.201577708125114,177.894886150956,0,225.597438365221,0,0,0,65.4309891909361,0,49.273134931922,0,106.230723202229,0,343.50979398191,5.04403183609247,0,0,0,0,0,0,0,0,0,16.6534077376127,0,0,0,0,0,16.152336589992,0,4.61929212510586,0,161.349086359143,0,605.83632786572,6.25383241474628,0
0,0,13.117623925209,0,0,0,28.4230078458786,0,141.315703511238,0,0,0,0,0,0,0,0,0,0,0,109.234926432371,0,0,0,0,0,0,0,0,0,0,0,0,0,0,0,7.8149122595787,0,0,0,6.89149384200573,0,18.0115133672953,0,0,0,1.59442985057831,0.237595930695534,17.0927276164293,0,1281.85535597801,0,105.034378230572,0,173.655922293663,0,4.04173827171326,0,10.9143376648426,0,0,0,0,76.287258118391,0,0,0,0,0,0,0,0,0,0,0,0,0,0,0,13.0085336565971,0,0,145.025355070829,12.6633106470108,75.0247365385294,0,1.87079524993896
0,0,0,34.8382122516632,0,0,0,136.962705731392,0,1,0,0,0,14.3122059702873,0,0.890320062637329,0,0,0,51.5533014535904,0,0,0,0,0,0,0,0,0,0,0,0,0,0,0,0,0,0,0,0,0,0,0,0,0,0,0,0,0,0,0,1463.43205784261,0,12.7836303710938,0,1.36174297332764,0,0,0,8.58377659320831,0,29.5719643831253,1.0290412902832,0,0,0,0,0,0,0,0,0,0.37584662437439,0,0,0,0,0,0,0,0,0,997.243655622005,121.909625291824,23.6845943629742,0,0
0,0,0,0,28.4230078458786,0,0,0,0,0,33.7074718475342,0,0,0,0,0,0,0,0,0,0,0,0,0,0,0,0,0,0,0,0,0,0,0,0,0,0,0,0,0,0,0,0,0,0,0,0,0,0,0,63.8618385791779,0,412.679273739457,0,0,0,83.1872823536396,0,0,0,0,0,0,0,0,0,0,0,0,0,0,0,0,0,0,0,0,0,0,0,0,0,1,52.7053253650665,0,0,0
0,0,0,0,0,136.962705731392,0,0,0,0,0,0.569649040699005,0,0,0,0,0,0,0,0,0,0,0,0,0,0,0,0,0,0,0,0,0,0,0,4.48029208183289,0,0,0,0,0,0,0,0,0,0,0,0,0,0,0,36.5153907835484,0,351.448106259108,0,0,0,136.162041187286,0,14.0135825872421,0,0,0,0,0,0,0,0,0,0,0,0,0,0,0,0,0,0,0,0,0,0,166.581926822662,2.58776473999023,0,0,0
215.747625768185,0,105.38747254014,0,141.315703511238,0,0,0,0,0,0,0,0,0,132.95934176445,0,243.145768791437,17.8745564520359,2.44516938924789,0,0,0,0.478795349597931,0,28.0860982835293,0,11.4130472838879,0,0.44563028216362,0,0,0,0,0,0,0,0,0,37.7568460404873,0,0.673053205013275,0,46.9464723169804,0,0,0,0,0,53.4569389522076,0,0,0,0,0,500.131732016802,0,0,0,0,0,63.8602002114058,0,0,0,0,0,0,0.875130206346512,0,1.5519010424614,0,0,0,0,0,0,0,0,0,0,0,12.7903581559658,476.347144141793,16.5712376832962,63.1692906618118,0,0.545253396034241
0,201.313504189253,0,48.2110667228699,0,1,0,0,0,0,0,0,0,0,0,31.8047132194042,0,70.6746487617493,0,0,0,0,0,179.796846479177,0,22.1134940385818,0,0,0,0,0,0,0,0,0,0,0,185.816617310047,0,0,0,20.425210416317,0,0,0,0,0,0,0,6.10736083984375,0,0,0,0,0,302.173863172531,0,0,0,0,0,30.4350247979164,0,0,0,0,29.6324208974838,0,0,0,0,0,0,0,0,0,0,0,0,0,74.2886194288731,0,996.705307736993,93.3930004239082,50.1390684247017,0,0
0,0,0.236089318990707,0,0,0,33.7074718475342,0,0,0,0,0,0,0,0,0,0.863059833645821,0,1.82425403594971,0,382.289130419493,0,0.162917822599411,0,0,0,0,0,0,0,59.8918520510197,0,0,0,0,0,176.9061845541,0,1364.95577311516,0,0.359292134642601,0.174531996250153,0.50711315870285,0,0,0,11.6765515357256,0,0.542754530906677,0,1.8733349442482,0,15.7931662797928,0,0,0,726.104516729712,0,0,0,0,0,0,172.047339960933,0,0,0,0,0,0,0,0,0,33.6870370954275,0,0,0,0,0,31.3381036296487,0,215.130980074406,427.247290819883,0,33.8317627757788,0,0
0,0,0,0,0,0,0,0.569649040699005,0,0,0,0,0,0,0,0,0,0,0,595.892948448658,0,0,0,0,0,0,0,0,0,54.7708132863045,0,0,0,0,0,380.161389857531,0,760.06945079565,0,0,0,0,0,0,0,0,0,0,0,0,0,0.542996108531952,0,18.312281191349,0,0,0,1363.44149784744,0,0.453295260667801,0,0,145.694981098175,0,0,0,0,0,0,0,0,0,30.0360011160374,0,0,0,0,0,30.9020517170429,0,58.9483100771904,0,179.46844637394,0,0,0,0
0,0,0,0,0,0,0,0,0,0,0,0,0,0,11.9874157905579,0,1.0484032034874,0,0,0,0,0,0,0,0,0,0.659834921360016,0,23.3389539122581,0,0,0,0,0,0,0,0,0,0,0,0,0,0,0,0,0,0,0,0,0,0,0,1,0,0.67165419459343,0,0,0,263.418926239014,0,3.7482293844223,0,0,0,0,0,0,0,0,0,0,0,0,0,0,0,0,0,0,0,0,0,2.14149278402328,0,0,0,0
0,0,0,0,0,14.3122059702873,0,0,0,0,0,0,0,0,0,57.4044479727745,0,0,0,0,0,0,0,0,0,0,0,7.30757808685303,0,0,0,0,0,0,0,0,0,0,0,0,0,0,0,0,0,0,0,0,0,0,0,53.2520409822464,0,6.31179004907608,0,0,0,0,0,399.460118174553,0,15.7616425454617,0,0,0,0,0,0,0,0,6.22268262505531,0,0,0,0,0,0,0,0,0,0,0,174.577354192734,174.209330916405,0,0,0
0,0,0,0,0,0,0,0,132.95934176445,0,0,0,11.9874157905579,0,0,0,243.34875883162,12.9404352009296,0.792502641677856,0,0,0,3.67422953248024,0,9.94281366467476,0,19.2675167024136,0,0.79794979095459,0,0,0,0,0,0,0,0,0,0,0,0,0,0,0,0,0,1.11543071269989,0,0,0,3.61380624771118,0,0,0,14.2686907351017,0,0,0,143.416917085648,0,179.970679804683,0,0,0,0,0,0,0.768140316009521,0,2.72117874026299,0,0,0,0.201024755835533,0,0,0,0,0,0.210942581295967,0,0,123.542477965355,0.900724202394485,1.76245521008968,0,0
0,0,0,0,0,0.890320062637329,0,0,0,31.8047132194042,0,0,0,57.4044479727745,0,0,0,3.04884958267212,0,0,0,0,0,0,0,0,0,0,0,0,0,0,0,0,0,0,0,0,0,0,0,0,0,0,0,0,0,0,0,0,0,9.81539350748062,0,0,0,43.987811923027,0,0,0,137.832161456347,0,378.399515897036,0,0,0,0,0,0,0,0,0,0,0,0,0,0,0,0,0,0,0,0,16.1068903207779,0,0,0,0
16.5229172110558,2.44176530838013,0.252277433872223,0,0,0,0,0,243.145768791437,0,0.863059833645821,0,1.0484032034874,0,243.34875883162,0,0,13459.5399980247,4884.01091548055,0,0.712779864668846,1.23017930984497,1451.67975266278,65.7660457193851,1158.96583659947,9.55941465497017,3134.95388996601,0,588.498973459005,0,0,0,0,0,0,0,2.22960321605206,0.0880909413099289,0.516254439949989,17.8358801826835,125.851610615849,22.4534200578928,113.846031412482,0,0,55.5608502328396,102.558588698506,0,1.47671611607075,0,0.238839715719223,0,0,0,1.81520625948906,0.198201820254326,17.7660995125771,0.274374321103096,0,0,162.477429494262,1.50451493263245,20.8647969439626,3.43505900353193,0,36.5688682198524,0,61.6262370347977,2.77315387129784,244.085161134601,0,0.432949662208557,0.999099716544151,32.3569061458111,0,0,0,0,38.8391205966473,215.238274142146,7.00992276519537,36.751284584403,13030.3993509412,334.221458613873,327.726185791194,4.27155835926533,30.5581650435925
3.91859051585197,0,0,0.480654209852219,0,0,0,0,17.8745564520359,70.6746487617493,0,0,0,0,12.9404352009296,3.04884958267212,13459.5399980247,0,6295.8965299055,0,0,218.584132403135,56.6758428514004,1004.77896004915,190.76332116127,1036.46155318618,100.394271284342,0,6.87931203842163,0,0,0,0,0,0,1.45565174520016,0,0,0,12.6807575821877,27.4698543325067,28.0423376262188,24.1330714970827,0,0,17.0129633247852,21.750508159399,0,0,0,0,0,0,0,0,18.5739534497261,5.76130841672421,0.136357381939888,0,0,20.5645618736744,186.600155860186,10.4962504655123,0,49.4882737398148,1.23219406604767,46.3646604418755,32.5970498323441,130.998968154192,9.90991118550301,0,0,0,5.0236069560051,0,0,0,0,29.2988385632634,73.7893159240484,4.29788073897362,6.19703814387321,16061.396400556,2399.70289573073,89.9691046178341,10.3378305360675,4.43505312502384
130.244793891907,13.403553545475,0,8.78639851510525,0,0,0,0,2.44516938924789,0,1.82425403594971,0,0,0,0.792502641677856,0,4884.01091548055,6295.8965299055,0,0,3.61881311237812,0.330887317657471,14.4830662161112,16.8435247540474,28.7265097796917,1.27767241001129,22.4727656394243,0,0,0,0,0,0,0,0,61.6759039834142,13.3530361205339,10.9730227515101,2.15906825661659,477.079474590719,754.629545211792,1075.33277303725,509.73769865185,84.1733969449997,1.32115153968334,1071.33391789347,530.737676136196,0.256279736757278,1.24504427611828,6.68213653564453,0.156189009547234,0,0,0,0,0,43.953711643815,12.7019479200244,0,0,2.39641359448433,3.39694614708424,380.835513032973,16.4480461254716,0,0,0,8.64393529295921,8.08017998933792,6.17071375250816,0,0.971593976020813,125.000722445548,111.750738054514,0,0,0,0,1313.30204331875,1171.46743320674,509.115349650383,123.08338457346,5074.94831162691,4.13569405674934,3031.61633098871,220.812634810805,110.233520418406
0,0,0,9.50325512886047,0,51.5533014535904,0,0,0,0,0,595.892948448658,0,0,0,0,0,0,0,0,0,0,0,0,0,0,0,0,0,0,0,0,0,0,0,944.639766737819,0,49.3015413284302,0,0,0,0,0,0,0,0.941178798675537,0,0,0,0.545376658439636,0,0,0,0,0,0,0,59.1730391979218,0,0,0,0,655.460068002343,0,0,0,0,0,0,0,0,0,0,0,0,0,0,0,154.870771124959,0,55.9626994729042,0,190.572540789843,0.313125729560852,56.3312419354916,0,0
0,0,0,0,109.234926432371,0,0,0,0,0,382.289130419493,0,0,0,0,0,0.712779864668846,0,3.61881311237812,0,0,0,0,0,0,0,0,0,0,0,0,0,0,0,0,0,175.107424020767,0,86.0216748714447,0,4.42831674218178,0,2.31222914159298,0,0,0.182618767023087,25.5361828282475,0,0.322505235671997,0,76.9335382282734,0,0,0,0,0,99.1964922845364,0,0,0,0,0,0,727.475496932864,0,0,0,0,0,0,0,0,0,20.9631816446781,0,0,0,0,0,257.011419929564,0,35.9448900148273,135.487406313419,0,38.1561896577477,0,2.51912271976471
0,0,0,0,0,0,0,0,0,0,0,0,0,0,0,0,1.23017930984497,218.584132403135,0.330887317657471,0,0,0,375.651651740074,62.7862603664398,0,25.1203873753548,0,19.0989268422127,0,0,0,0,0,0,0,0,0,751.484085068107,0,0,0,0,0,0,0,0,0,1.61198848485947,0,61.442550599575,0,0,0,0,0,0,0,0,0,0,0,0,0,0,3179.28783814609,11.7430257201195,110.513560891151,0,3.85179287195206,0,52.4545728564262,0,0,0,0,0,0,0,0,0,660.107642456889,35.7051668167114,1195.92473161221,12.0339486598969,1.5542938709259,0,0
0,0,0,0,0,0,0,0,0.478795349597931,0,0.162917822599411,0,0,0,3.67422953248024,0,1451.67975266278,56.6758428514004,14.4830662161112,0,0,375.651651740074,0,2.72642350196838,589.378266811371,1.1220862865448,267.168957293034,0,62.9289903640747,0,0,0,0,0,0,0,0,0,690.948619306087,0,2.81396298110485,0,0,0,0,0,0,0,206.44996355474,0,0,0,0,0,0,0,0,0,0,0,8.29445105791092,0,0,0,0,3889.59499260783,0,33.8354186117649,0,8.21559259295464,0,0,0,0,0,0,0,0,0,0.257484257221222,0,412.631008058786,1019.35519222915,58.1916230022907,2.73655626177788,0,0
0,0,0,0,0,0,0,0,0,179.796846479177,0,0,0,0,0,0,65.7660457193851,1004.77896004915,16.8435247540474,0,0,62.7862603664398,2.72642350196838,0,0,404.79365465045,0,0,0,0,0,0,0,0,0,0,0,422.572993218899,0,0,0,0,0.28328475356102,0,0,0,0,6.15248680114746,0,4.68268749117851,0,0,0,0,0,110.027737811208,0,0,0,0,0,0,0,0,73.2647380977869,0,498.038913100958,1.68354690074921,29.0014358460903,0,0,0,0,0,0,0,0,0,0,0,215.437955588102,0,468.959945529699,14.5786610841751,21.4342757463455,0,0
0,0,0,0,0,0,0,0,28.0860982835293,0,0,0,0,0,9.94281366467476,0,1158.96583659947,190.76332116127,28.7265097796917,0,0,0,589.378266811371,0,0,3.65474367141724,1292.58842802048,0,0,0,0,0,0,0,0,0,0,0,386.326836183667,0.438508808612823,0.6985964179039,0,0,0,0,0,0.79753977060318,0,38.2923025488853,0,0,0,0,0,62.1745747625828,0,0,0,0,0,10.8534653782845,0,0,0,0,33.4666088819504,0,504.344987750053,4.05469655990601,635.28559961915,0,0,0,0,0,0,0,0,0.156109318137169,0.118959613144398,0,69.8115488141775,830.607418045402,114.605843484402,48.629384085536,0,0
0,0,0,0,0,0,0,0,0,22.1134940385818,0,0,0,0,0,0,9.55941465497017,1036.46155318618,1.27767241001129,0,0,25.1203873753548,1.1220862865448,404.79365465045,3.65474367141724,0,0,3.3575813472271,0,0,0,0,0,0,0,0,0,0,0,0,0,0,0,0,0,0,0,0,0,0,0,0,0,0,0,0,0,0,0,0,0,0,0,0,27.1620663106441,0,91.4865962862968,0,160.112992614508,0,12.3735318183899,0,0,0,0,0,0,0,0,0,0,0,100.128865748644,0,0,0,0
0,0,0,0,0,0,0,0,11.4130472838879,0,0,0,0.659834921360016,0,19.2675167024136,0,3134.95388996601,100.394271284342,22.4727656394243,0,0,0,267.168957293034,0,1292.58842802048,0,0,0,79.4345954358578,0,0,0,0,0,0,0,1.01158976554871,0,0,0,0.712905764579773,0,0,0,0,0,0.529516160488129,0,0,0,0,0,0,0,57.6381552219391,0,0,0,0,0,1.49351137876511,0,0,0,0,0.597068786621094,0,203.334686249495,0,101.175052732229,0,0,0,0,0,0,0,0,0,3.47219520807266,0,0,830.234093338251,6.19012555480003,1.02472168207169,0.32486155629158,0.23382505774498
0,0,0,0,0,0,0,0,0,0,0,0,0,7.30757808685303,0,0,0,0,0,0,0,19.0989268422127,0,0,0,3.3575813472271,0,0,0,126.983763813972,0,0,0,0,0,0,0,34.7693748474121,0,0,0,0,0,0,0,0,0,0,0,0,0,0,0,0,0,0,0,0,0,5.19544959068298,0,0,0,0,70.1314453184605,0,0,0,4.07206475734711,0,840.642868429422,0,0.873071193695068,0,0,0,0,0,0,0,24.8425790071487,0,0,3,0,0,0
0,0,0,0,0,0,0,0,0.44563028216362,0,0,0,23.3389539122581,0,0.79794979095459,0,588.498973459005,6.87931203842163,0,0,0,0,62.9289903640747,0,0,0,79.4345954358578,0,0,0,76.6365060806274,0,0,0,0,0,0,0,0,0,0,0,0,0,0,0,0,0,0,0,0,0,0,0,0,0,0,0,0,0,0,0,0,0,0,6.94172239303589,0,0,0,28.2325206398964,0,334.251423746347,0,8.65737463533878,0,0,0,0,0,0,0,0,207.331290900707,0.319279819726944,0,0,0
0,0,0,0,0,0,0,0,0,0,0,54.7708132863045,0,0,0,0,0,0,0,0,0,0,0,0,0,0,0,126.983763813972,0,0,0,0,0,0,0,0,0,330.45403906703,0,0,0,0,0,0,0,0,0,0,0,0,0,0,0,0,0,0,0,18.0966086089611,0,0,0,0,0,0,0,0,0,0,0,0,83.5379538983107,0,414.612346246839,0,0,0,0,0,0,0,64.876841545105,0,0,0,0,0,0
0,0,0,0,0,0,0,0,0,0,59.8918520510197,0,0,0,0,0,0,0,0,0,0,0,0,0,0,0,0,0,76.6365060806274,0,0,0,0,0,0,0,0,0,153.005845278502,0,0,0,0,0,0,0,0,0,0,0,0,0,0,0,0,0,100.972728282213,0,0,0,0,0,0,0.417108692228794,0,0,0,0,0,0,0,0.385001510381699,0,178.059071987867,0,0,0,0,0,1.45960453152657,0,1.77812764048576,3.85095995664597,0,1.30398765206337,0,0
0,0,0,0,0,0,0,0,0,0,0,0,0,0,0,0,0,0,0,0,0,0,0,0,0,0,0,0,0,0,0,0,493.617900758982,3.85460925102234,0.374322533607483,262.500232815742,0,0,0,0,0,0,0,0,0,0,0,2424.27126041055,0,0.966067969799042,0,0,0,0,0,0,0,0,0,0,0,0,0,0,0,0,0,0,0,0,0,0,0,0,435.400757938623,70.5528555065393,0,4.35571205615997,133.681496813893,16.1088595092297,0,0,290.562012255192,0,0,0,0
0,0,0,0,0,0,0,0,0,0,0,0,0,0,0,0,0,0,0,0,0,0,0,0,0,0,0,0,0,0,0,493.617900758982,0,97.0336214005947,49.3626308441162,3.0705534517765,45.2363214194775,0,0,0,0,0,0,0,0,0,0,1124.29034495354,3.33726400136948,0,0,0,0,0,0,0,0,0,0,0,0,0,0,0,0,0,0,0,0,0,0,0,0,0,168.888780415058,2121.90670832992,5.90284180641174,26.430356502533,0.62313050031662,468.627480253577,0,0,111.769426822662,0,0,0,0
0,0,0,0,0,0,0,0,0,0,0,0,0,0,0,0,0,0,0,0,0,0,0,0,0,0,0,0,0,0,0,3.85460925102234,97.0336214005947,0,1404.60478696227,232.264460980892,0,38.6173222661018,0,0,0,0,0,0,0,0,0,1853.29631529748,0,5.24262043833733,0,0,0,0,0,0,0,0,0,0,0,0,0,0,0,0,0,0,0,0,0,0,0,0,6.58649468421936,88.3361684381962,1027.90318243206,58.8869245052338,225.375751942396,0,1.24712392687798,0,122.162928193808,65.9147706031799,1.43610811233521,0,0
0,0,0,0,0,0,0,0,0,0,0,0,0,0,0,0,0,0,0,0,0,0,0,0,0,0,0,0,0,0,0,0.374322533607483,49.3626308441162,1404.60478696227,0,0,301.033006414771,0,433.602360039949,0,0,0,0,0,0,0,0,2806.52573639154,11.3072251081467,3.78148081898689,0,0,0,0,0,0,0,0,0,0,0,0,0,0,0,0,0,0,0,0,0,0,0,0,0,71.8213169276714,337.58841124177,840.460404679179,0,222.944437101483,0,92.1870260536671,117.491503924131,0,2.84078562259674,0,0
0,0,0,15.0136483758688,0,0,0,4.48029208183289,0,0,0,380.161389857531,0,0,0,0,0,1.45565174520016,61.6759039834142,944.639766737819,0,0,0,0,0,0,0,0,0,0,0,262.500232815742,3.0705534517765,232.264460980892,0,0,922.585430920124,1172.16304185987,0,17.3736400902271,0.499074473977089,26.4707072004676,1.68570554256439,1.68863922357559,0,28.4704345837235,0,254.935955882072,0,36.6024538502097,0,1.40646049380302,0,0,0,0.179424196481705,0,370.24169447273,0,0,0,0.671591103076935,838.796294681728,0,0,0,0,0,0,0,0,0,0,0,134.851782649755,1.81655180454254,30.9271717071533,0,10785.5377105996,187.719310030341,299.258379027247,0,861.239013940096,139.841406404972,482.218221865594,18.0251306518912,0
2.76268081367016,0,0,0,7.8149122595787,0,0,0,0,0,176.9061845541,0,0,0,0,0,2.22960321605206,0,13.3530361205339,0,175.107424020767,0,0,0,0,0,1.01158976554871,0,0,0,0,0,45.2363214194775,0,301.033006414771,922.585430920124,0,0,1039.44640887529,0,2.67705842852592,0.122974365949631,7.26084071397781,0,0,0,34.0096470192075,372.208934634924,45.269916921854,4.69432526826859,91.4350662529469,0,0,0,0,0,1.89419792592525,0,0,0,0,0,0.768291987478733,105.09007819742,0,0,0,0,0,0,0,0,0,0.512369453907013,15.6004964709282,129.595838263631,0,71.7116073817015,217.260631650686,11805.0080726445,0,36.7610731422901,1160.8127175048,218.180049568415,287.585622780025,0,1.53921341896057
0,0,0,0,0,0,0,0,0,185.816617310047,0,760.06945079565,0,0,0,0,0.0880909413099289,0,10.9730227515101,49.3015413284302,0,751.484085068107,0,422.572993218899,0,0,0,34.7693748474121,0,330.45403906703,0,0,0,38.6173222661018,0,1172.16304185987,0,0,82.1399787664413,0.180101722478867,0,5.33322389423847,0,2.29148226976395,0,0.838529407978058,0,365.863389849663,0,193.953617572784,0,0,0,0,0,22.3429853022099,0,602.213733166456,0,0,0,0,19.4988236874342,0,375.914410769939,0,269.075511589646,0,0,0,79.1699210703373,0,190.406526476145,0,0,0,92.2696294486523,0,389.356963634491,0,6608.39621901512,0,1000.15904811025,84.8402229547501,105.534216046333,1.18194909393787,0
0.961178377270699,0,0,0,0,0,0,0,37.7568460404873,0,1364.95577311516,0,0,0,0,0,0.516254439949989,0,2.15906825661659,0,86.0216748714447,0,690.948619306087,0,386.326836183667,0,0,0,0,0,153.005845278502,0,0,0,433.602360039949,0,1039.44640887529,82.1399787664413,0,0,1.24507834017277,0,7.31052428483963,0,0,0.116384208202362,16.8010189086199,180.548167765141,490.316263064742,0,0,0,0,0,51.7229636609554,0,88.2263945937157,0,0,0,0,0,0,88.8376173526049,0,60.9488625377417,0,142.827612444758,0,0,0,0.208922326564789,0,0,0,0,0,96.4843748062849,0,487.242025233805,0,5094.87732306868,787.908044420183,0,439.913357265294,0,0.673196658492088
0,0.703033566474915,0,16.9670493677258,0,0,0,0,0,0,0,0,0,0,0,0,17.8358801826835,12.6807575821877,477.079474590719,0,0,0,0,0,0.438508808612823,0,0,0,0,0,0,0,0,0,0,17.3736400902271,0,0.180101722478867,0,0,6.1897264868021,993.974791742861,2.93513830006123,4.88197952508926,0,314.199809662998,4.36343871057034,290.379859894514,0,1038.01838189363,0,1.11393749713898,0,0,0,2.73581147193909,0,5.30459830909967,0,0,0,4.0675612539053,227.006401918828,0,0,0,0,0,0,0,0,0,11.7559736743569,1.62929093837738,0,0,0,0,533.206842832267,3.42452245205641,10.504332229495,0.460579514503479,157.10887041688,1.06085188686848,1414.51850206405,70.7119909152389,0.193927317857742
23.9873830229044,0,2.23814889788628,0,6.89149384200573,0,0,0,0.673053205013275,0,0.359292134642601,0,0,0,0,0,125.851610615849,27.4698543325067,754.629545211792,0,4.42831674218178,0,2.81396298110485,0,0.6985964179039,0,0.712905764579773,0,0,0,0,0,0,0,0,0.499074473977089,2.67705842852592,0,1.24507834017277,6.1897264868021,0,13.094869159162,1182.67801859975,0,2.91736094653606,9.11702747642994,978.943800710142,3.76353028416634,138.766763553023,0,27.3355092704296,0,0,0,0,0,43.5407600998878,0,0,0,0.360517233610153,0,3.56084732711315,442.29571583122,0,0,0,0,0,0.722273588180542,0,0,0,24.2658041864634,0,0,0,0,8.12719007581472,1199.50994381309,1.35662758350372,47.8098091185093,284.197053663433,8.75310365110636,1837.30421450734,1.72616371512413,202.131424158812
0,417.0202267766,0,52.9948184266686,0,0,0,0,0,20.425210416317,0.174531996250153,0,0,0,0,0,22.4534200578928,28.0423376262188,1075.33277303725,0,0,0,0,0,0,0,0,0,0,0,0,0,0,0,0,26.4707072004676,0.122974365949631,5.33322389423847,0,993.974791742861,13.094869159162,0,263.27853795886,11.3678535819054,0,390.848888941109,7.60434053838253,22.2903433740139,1.7040704190731,336.225347228348,0,2.36850878596306,0,0,0,7.13559280335903,4.51727563142776,152.666440695524,0,0,0.202390670776367,5.26976746320724,461.737751886249,1.54462394118309,0,0,10.1211555302143,0,0,0,0,0,419.42919510603,0.977683454751968,0.487773835659027,0,0.362846463918686,0,1114.62902051955,20.345989510417,190.825584992766,5.99959792196751,1140.43794190884,15.1079255193472,4514.87423214316,504.809954479337,6.44294887781143
123.621913149953,0,151.472003519535,0.649922594428062,18.0115133672953,0,0,0,46.9464723169804,0,0.50711315870285,0,0,0,0,0,113.846031412482,24.1330714970827,509.73769865185,0,2.31222914159298,0,0,0.28328475356102,0,0,0,0,0,0,0,0,0,0,0,1.68570554256439,7.26084071397781,0,7.31052428483963,2.93513830006123,1182.67801859975,263.27853795886,0,0,7.11541169881821,6.72484368830919,259.625206872821,179.013312727213,358.171360611916,4.64856365323067,58.5145335644484,0,0,0,4.76650948822498,0.371743321418762,611.074407793581,0,2.50678037106991,0,6.97705736756325,0.841685190796852,7.52887288480997,132.561033532023,0,0,0,0,0,0.247517064213753,0,3.80348381400108,0,372.826469130814,0,0,0,0,13.8092708587646,1301.66917397082,0.55096447467804,71.7052752226591,1905.71969163418,86.3136488050222,6487.50864700228,3.91683204472065,962.128824234009
0,0,0,0,0,0,0,0,0,0,0,0,0,0,0,0,0,0,84.1733969449997,0,0,0,0,0,0,0,0,0,0,0,0,0,0,0,0,1.68863922357559,0,2.29148226976395,0,4.88197952508926,0,11.3678535819054,0,0,0,16.1577295362949,0,0,0,0,0,0,0,0,0,0,0,0.259470492601395,0,0,0,0,6.34127730131149,0,0,0,0,0,0,0,0,0,0.750125229358673,0,0,0,0,0,85.7584770172834,0,12.2658804655075,0,0,0,30.1154717504978,7.52020406723022,0
0,0,0,0,0,0,0,0,0,0,0,0,0,0,0,0,0,0,1.32115153968334,0,0,0,0,0,0,0,0,0,0,0,0,0,0,0,0,0,0,0,0,0,2.91736094653606,0,7.11541169881821,0,0,0,0.638325244188309,0,0,0,0,0,0,0,0,0,0,0,0,0,0,0,0,0,0,0,0,0,0,0,0,0,0,0,0,0,0,0,1.40809953212738,4.01943817734718,0,0,8.19831609725952,0,197.071882888675,0,0
0,3.7120827883482,0,25.049413099885,0,0,0,0,0,0,0,0,0,0,0,0,55.5608502328396,17.0129633247852,1071.33391789347,0.941178798675537,0.182618767023087,0,0,0,0,0,0,0,0,0,0,0,0,0,0,28.4704345837235,0,0.838529407978058,0.116384208202362,314.199809662998,9.11702747642994,390.848888941109,6.72484368830919,16.1577295362949,0,0,3.66820004582405,0.240861445665359,0,48.1808455511928,0,1.15702149271965,0,0,0,2.45203258097172,0.138391464948654,24.2966368198395,0,0,0,2.47939266264439,2117.47475127131,0,0,0,0,0,0,0,0,0,132.289173766971,1.24099540710449,0,0,0,0,650.038887619972,16.8821640983224,282.627585671842,1.31115925312042,521.96416041255,1.10685393214226,1961.39599311352,23.5971741974354,1.2976054251194
1.91496036946774,0,2.38065665960312,0.322914153337479,1.59442985057831,0,0,0,0,0,11.6765515357256,0,0,0,1.11543071269989,0,102.558588698506,21.750508159399,530.737676136196,0,25.5361828282475,0,0,0,0.79753977060318,0,0.529516160488129,0,0,0,0,0,0,0,0,0,34.0096470192075,0,16.8010189086199,4.36343871057034,978.943800710142,7.60434053838253,259.625206872821,0,0.638325244188309,3.66820004582405,0,0,31.1298973709345,0.193887233734131,15.6480424106121,0,0,0,1.34136271476746,0.207597345113754,112.562218651175,0.308813720941544,0,0,0,0,2.59919054806232,495.664378412068,0,0,0,0,0,0,0,0,0.809518933296204,50.3470547348261,0,0,0,0,7.03059822320938,2488.27906543389,2.5358592569828,363.49528516829,332.314714841545,20.5360570847988,820.429926179349,3.54331074655056,11.6717900931835
0,0.755839496850967,0,0.749265596270561,0.237595930695534,0,0,0,0,0,0,0,0,0,0,0,0,0,0.256279736757278,0,0,1.61198848485947,0,6.15248680114746,0,0,0,0,0,0,0,2424.27126041055,1124.29034495354,1853.29631529748,2806.52573639154,254.935955882072,372.208934634924,365.863389849663,180.548167765141,290.379859894514,3.76353028416634,22.2903433740139,179.013312727213,0,0,0.240861445665359,0,0,1888.52991370857,2236.4741422683,2.40207052230835,0,0,0,0,0,0,0,0,0,0,0,0,0.308694034814835,4.47690543532372,0,9.7971096932888,0,0,0,0,0,0,0,676.418618649244,7180.61752659082,51.9506771862507,597.497678399086,3026.08716632426,1979.17979429662,116.005586832762,0,1576.45144379139,36.4630312919617,958.981838047504,0,0
111.781962603331,0,28.9031311869621,0.201577708125114,17.0927276164293,0,0,0,53.4569389522076,0,0.542754530906677,0,0,0,0,0,1.47671611607075,0,1.24504427611828,0,0.322505235671997,0,206.44996355474,0,38.2923025488853,0,0,0,0,0,0,0,3.33726400136948,0,11.3072251081467,0,45.269916921854,0,490.316263064742,0,138.766763553023,1.7040704190731,358.171360611916,0,0,0,31.1298973709345,1888.52991370857,0,57.3181446194649,50.0021654963493,0.201768130064011,0,0,27.5379324704409,0,34.378566339612,0,10.9320711195469,0,36.9538136273623,0,0,9.74239958077669,0,354.347451791167,0,100.159223482013,0,140.699180006981,0,177.75807286799,0,63.5682511255145,0,96.1840130090714,0,48.536208242178,0,131.848469659686,0,576.932935789227,878.062074929476,1.20398339629173,1043.73582508415,0.199780002236366,0.934553757309914
0,212.726052433252,0,177.894886150956,0,0,0,0,0,6.10736083984375,0,0,0,0,0,0,0,0,6.68213653564453,0.545376658439636,0,61.442550599575,0,4.68268749117851,0,0,0,0,0,0,0,0.966067969799042,0,5.24262043833733,3.78148081898689,36.6024538502097,4.69432526826859,193.953617572784,0,1038.01838189363,0,336.225347228348,4.64856365323067,0,0,48.1808455511928,0.193887233734131,2236.4741422683,57.3181446194649,0,0,0,0,0,0,19.8252285867929,0,18.2407338172197,0,19.0931432843208,0,84.6493262648582,3.51653970777988,0,57.4887144267559,0,44.1095599234104,0,4.49745416641235,0,0,0,18.609383970499,0,4.8649491071701,0,23.7661277651787,0.556123912334442,580.528762876987,1.00219708681107,181.164639383554,0,640.90721347928,0,1506.7743466422,8.85182584822178,0
0.89940769970417,0,162.360062688589,0,1281.85535597801,0,63.8618385791779,0,0,0,1.8733349442482,0,0,0,3.61380624771118,0,0.238839715719223,0,0.156189009547234,0,76.9335382282734,0,0,0,0,0,0,0,0,0,0,0,0,0,0,0,91.4350662529469,0,0,0,27.3355092704296,0,58.5145335644484,0,0,0,15.6480424106121,2.40207052230835,50.0021654963493,0,0,0,138.057811111212,0,2.26006865501404,0,202.666542768478,0,233.236158654094,0,58.8992863297462,0,0,465.810476094484,0,0,0,0,0,0,0,0,0,0.915394961833954,0,0,0,0,0.36650425195694,187.74510422349,0,0,482.769036844373,19.2899190783501,332.145970150828,0,2.05133168399334
0,0,0,225.597438365221,0,1463.43205784261,0,36.5153907835484,0,0,0,0.542996108531952,0,53.2520409822464,0,9.81539350748062,0,0,0,0,0,0,0,0,0,0,0,0,0,0,0,0,0,0,0,1.40646049380302,0,0,0,1.11393749713898,0,2.36850878596306,0,0,0,1.15702149271965,0,0,0.201768130064011,0,0,0,0,88.4649313390255,0,0.357728749513626,0,37.2997948527336,0,6.13451337814331,0,76.6019743382931,0.691944777965546,0,0,0,0,0,0,0,0,0,0,0,0,0,0,0,0,0,0,0,713.093880236149,41.5752833485603,95.9871121346951,0,0
0,0,0,0,105.034378230572,0,412.679273739457,0,0,0,15.7931662797928,0,1,0,0,0,0,0,0,0,0,0,0,0,0,0,0,0,0,0,0,0,0,0,0,0,0,0,0,0,0,0,0,0,0,0,0,0,0,0,138.057811111212,0,0,0,0,0,165.654433742166,0,15.2886959910393,0,0,0,0,2.4803249835968,0,0,0,0,0,0,0,0,0,0,0,0,0,0,0,0,0,0,5.61302351951599,0,0,0,0
0,0,0,0,0,12.7836303710938,0,351.448106259108,0,0,0,18.312281191349,0,6.31179004907608,0,0,0,0,0,0,0,0,0,0,0,0,0,0,0,0,0,0,0,0,0,0,0,0,0,0,0,0,0,0,0,0,0,0,0,0,0,88.4649313390255,0,0,0,0,0,206.863086134195,0,22.8077044188976,0,0,0,0,0,0,0,0,0,0,0,0,0,0,0,0,0,0,0,0,0,0,102.997762084007,0,0,0,0
107.847520977259,0,126.028287947178,0,173.655922293663,0,0,0,500.131732016802,0,0,0,0.67165419459343,0,14.2686907351017,0,1.81520625948906,0,0,0,0,0,0,0,62.1745747625828,0,57.6381552219391,0,0,0,0,0,0,0,0,0,0,0,51.7229636609554,0,0,0,4.76650948822498,0,0,0,1.34136271476746,0,27.5379324704409,0,2.26006865501404,0,0,0,0,0,0.845858678221703,0,0,0,296.686136618257,0,0,0,0,0,0,67.1381417959929,0,14.917053937912,0,0,0,1.1941451728344,0,0,0,0,0,0,0,60.9213223457336,40.8095809221268,0,89.2821355462074,0,0.704247653484344
0,455.643952086568,0,65.4309891909361,0,1.36174297332764,0,0,0,302.173863172531,0,0,0,0,0,43.987811923027,0.198201820254326,18.5739534497261,0,0,0,0,0,110.027737811208,0,0,0,0,0,0,0,0,0,0,0,0.179424196481705,0,22.3429853022099,0,2.73581147193909,0,7.13559280335903,0.371743321418762,0,0,2.45203258097172,0.207597345113754,0,0,19.8252285867929,0,0.357728749513626,0,0,0,0,0,0.423287838697433,0,7.0317468047142,0,205.360439032316,0.151703342795372,0,0,0,261.064164847136,0,0,0,0,0,0.138775825500488,0,0,0,0,0,1.83117982745171,0.274527966976166,33.7738145887852,0,49.0278004705906,0,74.8141213953495,2.96572279930115,0
4.35870982706547,0,17.7662854939699,0,4.04173827171326,0,83.1872823536396,0,0,0,726.104516729712,0,0,0,0,0,17.7660995125771,5.76130841672421,43.953711643815,0,99.1964922845364,0,0,0,0,0,0,0,0,0,100.972728282213,0,0,0,0,0,1.89419792592525,0,88.2263945937157,0,43.5407600998878,4.51727563142776,611.074407793581,0,0,0.138391464948654,112.562218651175,0,34.378566339612,0,202.666542768478,0,165.654433742166,0,0.845858678221703,0,0,0,578.580499827862,0,35.9605248272419,0,0,1653.32783529162,0,0,0,0,0,0.234411418437958,0,286.755941987038,0,480.89396725595,0,0,0,0,0.720994412899017,192.920671209693,0,3.87910115718842,144.635678954422,0.85319696366787,1608.50253231078,0,76.8318528681993
0,0,0,49.273134931922,0,0,0,136.162041187286,0,0,0,1363.44149784744,0,0,0,0,0.274374321103096,0.136357381939888,12.7019479200244,59.1730391979218,0,0,0,0,0,0,0,0,0,18.0966086089611,0,0,0,0,0,370.24169447273,0,602.213733166456,0,5.30459830909967,0,152.666440695524,0,0.259470492601395,0,24.2966368198395,0.308813720941544,0,0,18.2407338172197,0,37.2997948527336,0,206.863086134195,0,0.423287838697433,0,0,0,170.824933618307,0,10.5420551151037,48.0662477836013,0,0,0,0,0,0,0,21.7182668447495,0,667.972357884049,0,0,0,0,0,16.3637272715569,0,2.67091822624207,0.0805618464946747,219.526838287711,0,571.145678222179,17.4807383716106,0
0.462854146957397,0,0.756727457046509,0,10.9143376648426,0,0,0,0,0,0,0,263.418926239014,0,143.416917085648,0,0,0,0,0,0,0,0,0,0,0,0,0,0,0,0,0,0,0,0,0,0,0,0,0,0,0,2.50678037106991,0,0,0,0,0,10.9320711195469,0,233.236158654094,0,15.2886959910393,0,0,0,578.580499827862,0,0,0,63.1525483727455,0,0,0.694317221641541,0,0,0,0,0,11.5051152706146,0,42.299943625927,0,0.342936009168625,0,0,0,0,0,0.79389551281929,0,0,16.0040094852448,0,19.863494977355,0,0
0,0,0,106.230723202229,0,8.58377659320831,0,14.0135825872421,0,0,0,0.453295260667801,0,399.460118174553,0,137.832161456347,0,0,0,0,0,0,0,0,0,0,0,5.19544959068298,0,0,0,0,0,0,0,0,0,0,0,0,0,0,0,0,0,0,0,0,0,19.0931432843208,0,6.13451337814331,0,22.8077044188976,0,7.0317468047142,0,170.824933618307,0,0,0,189.64467254281,0,0,0,0,0,0,38.624997228384,0,133.098811134696,0,0,0,0,0,0,0,0,0,0,0,113.758906245232,57.9133175611496,14.2276513576508,0,0
61.1521470546722,0,9.95265507698059,0,0,0,0,0,63.8602002114058,0,0,0,3.7482293844223,0,179.970679804683,0,162.477429494262,20.5645618736744,2.39641359448433,0,0,0,8.29445105791092,0,10.8534653782845,0,1.49351137876511,0,0,0,0,0,0,0,0,0,0,0,0,0,0.360517233610153,0.202390670776367,6.97705736756325,0,0,0,0,0,36.9538136273623,0,58.8992863297462,0,0,0,296.686136618257,0,35.9605248272419,0,63.1525483727455,0,0,0,0,0,0,0,0,1.11333851516247,0,2.76057568192482,0,19.5981069505215,0,0,0,0,0,0,0,0.753230378031731,0,1.5761306732893,74.295693770051,0,32.8318699151278,0,0
0,84.7985264956951,0,343.50979398191,0,29.5719643831253,0,0,0,30.4350247979164,0,0,0,15.7616425454617,0,378.399515897036,1.50451493263245,186.600155860186,3.39694614708424,0,0,0,0,0,0,0,0,0,0,0,0,0,0,0,0,0.671591103076935,0,0,0,4.0675612539053,0,5.26976746320724,0.841685190796852,0,0,2.47939266264439,0,0,0,84.6493262648582,0,76.6019743382931,0,0,0,205.360439032316,0,10.5420551151037,0,189.64467254281,0,0,0.254300206899643,0,0,0,0,0,64.6879730820656,0,0,0,1.16718001663685,0,0,0,0,0,0.323742359876633,0,1.04136918485165,0,69.4459204673767,0,59.7158092856407,0,0
0,0.1322320997715,0,5.04403183609247,0,1.0290412902832,0,0,0,0,0,145.694981098175,0,0,0,0,20.8647969439626,10.4962504655123,380.835513032973,655.460068002343,0,0,0,0,0,0,0,0,0,0,0,0,0,0,0,838.796294681728,0.768291987478733,19.4988236874342,0,227.006401918828,3.56084732711315,461.737751886249,7.52887288480997,6.34127730131149,0,2117.47475127131,2.59919054806232,0,0,3.51653970777988,0,0.691944777965546,0,0,0,0.151703342795372,0,48.0662477836013,0,0,0,0.254300206899643,0,0,0,0,0,0,0,0,0,0,30.505844861269,0.185878798365593,0,0,0,0,1701.89585637301,8.85830748826265,626.024496771395,0,330.388153426349,0,1293.40755467862,12.5933226644993,0.270036116242409
1.13292483985424,0,1.04861755669117,0,76.287258118391,0,0,0,0,0,172.047339960933,0,0,0,0,0,3.43505900353193,0,16.4480461254716,0,727.475496932864,0,0,0,0,0,0,0,0,0,0.417108692228794,0,0,0,0,0,105.09007819742,0,88.8376173526049,0,442.29571583122,1.54462394118309,132.561033532023,0,0,0,495.664378412068,0.308694034814835,9.74239958077669,0,465.810476094484,0,2.4803249835968,0,0,0,1653.32783529162,0,0.694317221641541,0,0,0,0,0,0,0,0,0,0,0,0,1.65652602910995,0,94.1630694270134,0,0,0,0,0,2455.43675382435,0,373.96072088182,62.347096927464,0.605050414800644,480.501145966351,0,12.4176084473729
0,0,0,0,0,0,0,0,0,0,0,0,0,0,0,0,0,49.4882737398148,0,0,0,3179.28783814609,0,73.2647380977869,0,27.1620663106441,0,70.1314453184605,0,0,0,0,0,0,0,0,0,375.914410769939,0,0,0,0,0,0,0,0,0,4.47690543532372,0,57.4887144267559,0,0,0,0,0,0,0,0,0,0,0,0,0,0,0,0,476.152651593089,0,98.2364176213741,0,488.78658798337,0,0,0,0,0,0,0,0,0,461.024825572968,0,277.514815211296,0.441591262817383,10.4298398941755,0,0
0,0,0,0,0,0,0,0,0,0,0,0,0,0,0,0,36.5688682198524,1.23219406604767,0,0,0,11.7430257201195,3889.59499260783,0,33.4666088819504,0,0.597068786621094,0,6.94172239303589,0,0,0,0,0,0,0,0,0,60.9488625377417,0,0,0,0,0,0,0,0,0,354.347451791167,0,0,0,0,0,0,0,0,0,0,0,0,0,0,0,0,0,0,107.530455261469,0,79.6822698414326,0,65.0263989567757,0,0,0,0,0,0,0,0,0,485.920333534479,75.1271704733372,0,0,0,0
0,17.6109160631895,0,0,0,0,0,0,0,29.6324208974838,0,0,0,0,0,0,0,46.3646604418755,0,0,0,110.513560891151,0,498.038913100958,0,91.4865962862968,0,0,0,0,0,0,0,0,0,0,0,269.075511589646,0,0,0,10.1211555302143,0,0,0,0,0,9.7971096932888,0,44.1095599234104,0,0,0,0,0,261.064164847136,0,0,0,0,0,0,0,0,476.152651593089,0,0,0,98.8883347809315,0,104.535378485918,0,0,0,0,0,0,0,0,0,353.736082673073,0,232.098044544458,0,227.762965410948,0,0
0,0,0,0,0,0,0,0,0.875130206346512,0,0,0,0,0,0.768140316009521,0,61.6262370347977,32.5970498323441,8.64393529295921,0,0,0,33.8354186117649,1.68354690074921,504.344987750053,0,203.334686249495,0,0,0,0,0,0,0,0,0,0,0,142.827612444758,0,0,0,0,0,0,0,0,0,100.159223482013,0,0,0,0,0,67.1381417959929,0,0,0,0,0,1.11333851516247,0,0,0,0,107.530455261469,0,0,0,251.456712126732,0,0,0,0,0,0,0,0,0,0,0,107.99608412385,144.632625862956,12.1732516288757,88.7484934180975,0,0
0,0.411270588636398,0,0,0,0,0,0,0,0,0,0,0,0,0,0,2.77315387129784,130.998968154192,8.08017998933792,0,0,3.85179287195206,0,29.0014358460903,4.05469655990601,160.112992614508,0,4.07206475734711,0,0,0,0,0,0,0,0,0,0,0,0,0,0,0,0,0,0,0,0,0,4.49745416641235,0,0,0,0,0,0,0,0,0,38.624997228384,0,64.6879730820656,0,0,98.2364176213741,0,98.8883347809315,0,0,0,319.214523226023,0,0,0,0,0,0,0,0,0,0.745427429676056,0,4.16661018133163,0,0,0,0
0,0,0,0,0,0,0,0,1.5519010424614,0,0,0,0,0,2.72117874026299,0,244.085161134601,9.90991118550301,6.17071375250816,0,0,0,8.21559259295464,0,635.28559961915,0,101.175052732229,0,28.2325206398964,0,0,0,0,0,0,0,0,0,0,0,0.722273588180542,0,0.247517064213753,0,0,0,0,0,140.699180006981,0,0,0,0,0,14.917053937912,0,0.234411418437958,0,11.5051152706146,0,2.76057568192482,0,0,0,0,79.6822698414326,0,251.456712126732,0,0,0,46.4066238105297,0,0,0,0,0,0,0,0,0,0,88.9584615081549,1.33751335740089,0.854209303855896,0,0.201425760984421
0,0,0,0,0,0,0,0,0,0,0,0,0,6.22268262505531,0,0,0,0,0,0,0,52.4545728564262,0,0,0,12.3735318183899,0,840.642868429422,0,83.5379538983107,0,0,0,0,0,0,0,79.1699210703373,0,0,0,0,0,0,0,0,0,0,0,0,0,0,0,0,0,0,0,21.7182668447495,0,133.098811134696,0,0,0,0,488.78658798337,0,104.535378485918,0,319.214523226023,0,0,0,219.969427570701,0,0,0,0,0,0,0,124.520180642605,0,85.1040297150612,0,0,0,0
0,0,0,0,0,0,0,0,0,0,0,0,0,0,0,0,0.432949662208557,0,0.971593976020813,0,0,0,0,0,0,0,0,0,334.251423746347,0,0.385001510381699,0,0,0,0,0,0,0,0.208922326564789,0,0,0,3.80348381400108,0,0,0,0,0,177.75807286799,0,0,0,0,0,0,0,286.755941987038,0,42.299943625927,0,19.5981069505215,0,0,1.65652602910995,0,65.0263989567757,0,0,0,46.4066238105297,0,0,0,291.888142257929,0,0,0,0,0,0.80716261267662,0,412.181098431349,0.86415633559227,0,6.34035748243332,0,0.7908815741539
0,0,0,16.6534077376127,0,0.37584662437439,0,0,0,0,0,30.0360011160374,0,0,0,0,0.999099716544151,0,125.000722445548,0,0,0,0,0,0,0,0,0.873071193695068,0,414.612346246839,0,0,0,0,0,0,0,190.406526476145,0,11.7559736743569,0,419.42919510603,0,0.750125229358673,0,132.289173766971,0.809518933296204,0,0,18.609383970499,0,0,0,0,0,0.138775825500488,0,667.972357884049,0,0,0,1.16718001663685,30.505844861269,0,0,0,0,0,0,0,219.969427570701,0,0,0,0,0,0,0,42.1840002760291,0.47769096493721,94.7455275803804,0,40.5664529651403,1.49637214839458,785.579855553806,104.222852468491,0
5.94332912564278,0,4.59688599407673,0,0,0,0,0,0,0,33.6870370954275,0,0,0,0.201024755835533,0,32.3569061458111,5.0236069560051,111.750738054514,0,20.9631816446781,0,0,0,0,0,0,0,8.65737463533878,0,178.059071987867,0,0,0,0,0,0.512369453907013,0,0,1.62929093837738,24.2658041864634,0.977683454751968,372.826469130814,0,0,1.24099540710449,50.3470547348261,0,63.5682511255145,0,0.915394961833954,0,0,0,1.1941451728344,0,480.89396725595,0,0.342936009168625,0,0,0,0.185878798365593,94.1630694270134,0,0,0,0,0,0,0,291.888142257929,0,0,0,0,0,0,2.69162127375603,46.6247564256191,0,427.933840811253,56.0179607495666,0.704136177897453,1244.54870993644,0.201930895447731,113.579738721251
0,0,0,0,0,0,0,0,0,0,0,0,0,0,0,0,0,0,0,0,0,0,0,0,0,0,0,0,0,0,0,435.400757938623,168.888780415058,6.58649468421936,0,134.851782649755,15.6004964709282,0,0,0,0,0.487773835659027,0,0,0,0,0,676.418618649244,0,4.8649491071701,0,0,0,0,0,0,0,0,0,0,0,0,0,0,0,0,0,0,0,0,0,0,0,0,0,32.1291760206223,409.493186563253,0,101.320488393307,7.74047407507896,0,0,70.3509317040443,0,0,0,0
0,0,0,0,0,0,0,0,0,0,0,0,0,0,0,0,0,0,0,0,0,0,0,0,0,0,0,0,0,0,0,70.5528555065393,2121.90670832992,88.3361684381962,71.8213169276714,1.81655180454254,129.595838263631,0,0,0,0,0,0,0,0,0,0,7180.61752659082,96.1840130090714,0,0,0,0,0,0,0,0,0,0,0,0,0,0,0,0,0,0,0,0,0,0,0,0,0,32.1291760206223,0,0,625.545004487038,1.67660364508629,1297.81298493594,0,0,174.869015842676,0,0,0,0
0,0,0,0,0,0,0,0,0,0,0,0,0,0,0,0,0,0,0,0,0,0,0,0,0,0,0,0,0,0,0,0,5.90284180641174,1027.90318243206,337.58841124177,30.9271717071533,0,92.2696294486523,0,0,0,0.362846463918686,0,0,0,0,0,51.9506771862507,0,23.7661277651787,0,0,0,0,0,0,0,0,0,0,0,0,0,0,0,0,0,0,0,0,0,0,0,0,409.493186563253,0,0,8.57657307386398,322.334973812103,0,111.81780667603,0,153.287772536278,17.3857698440552,0,0,0
0,0,0,0,0,0,0,0,0,0,0,0,0,0,0,0,0,0,0,0,0,0,0,0,0,0,0,0,0,0,0,4.35571205615997,26.430356502533,58.8869245052338,840.460404679179,0,71.7116073817015,0,96.4843748062849,0,0,0,0,0,0,0,0,597.497678399086,48.536208242178,0.556123912334442,0,0,0,0,0,0,0,0,0,0,0,0,0,0,0,0,0,0,0,0,0,0,0,0,0,625.545004487038,8.57657307386398,0,0,110.594836905599,0,197.520886689425,24.7427551746368,0,11.8539514988661,0,0
