0,0,653.982201904058,0,0,0,0,0,240.216982930899,0,0.46456253528595,0,0,0,1.28192734718323,0,16.6925680041313,0.487594753503799,11.0620894879103,0,1.50264936685562,0,0,0,34.5586508512497,0,0.801155090332031,0,0,0,1.57829719781876,0,0,0,0,0,1.44113051891327,0,0.405847311019897,0,0.184171929955482,0,1.5657284706831,0,0,0,1.78621742129326,0,397.275209411979,0,3.72366228699684,0,0,0,158.673083171248,0,123.402074754238,0,80.6985660344362,0,32.9823507964611,0,0,0.179766595363617,0,0,0,15.9951236248016,0,4.81023973226547,0,0,0,0.231894925236702,0,0,0,0,0.171820044517517,58.8171913176775,0,4.81954590976238,132.322644338012,0,345.479490071535,0,0
0,0,0,85.2518108487129,0,15.0473924875259,0,0,0,239.979942560196,0,0,0,0,0,1,0,0,0.232975870370865,0,0,0,0,4.19667625427246,0,0,0,0,0,0,0,0,0,0,0,0,0,0.844752192497253,0,0.117391742765903,0,28.4652137160301,0,0,0,0.251558639109135,0,6.00273452699184,0,487.416188314557,0,0,0,0,0,228.68145313859,0,103.566510051489,0,11.2185076773167,0,26.7700316905975,0,0,0,0,44.1002048552036,0,0,0,0,0,0,0,0,0,0,0,0,0,0,0,41.9468933939934,0,337.570195972919,0,0
653.982201904058,0,0,0,1.79400253295898,0,0,0,56.3043512403965,0,3.02329415082932,0,0,0,0,0,0,0,0,0,5.54769450426102,0,0,0,0,0,0,0,0,0,1.48558306694031,0,0,0,0,0,0,0,0,0,0,0,5.99909850955009,0,0,0,22.0248417854309,0,452.691135406494,0,6.76189447939396,0,0,0,6.62470829486847,0,4.63608342409134,0,1.43754675984383,0,0,0,0,10.4725301265717,0,0,0,0,0,0,0,0,0,0.615048289299011,0,0,0,0,0,2.16749906539917,0,0,59.8277123272419,0,556.646498024464,0,0
0,85.2518108487129,0,0,0,20.0120733082294,0,0,0,246.95172482729,0,0,0,0,0,0,0,0,1.79823611676693,0,0,0,0,0,0,0,0,0,0,0,0,0,0,0,0,1.17630338668823,0,0,0,22.5550442114472,0,30.9789404943585,0.493820786476135,0.173301890492439,0,162.497193239629,0,5.126120403409,0,201.864176698029,0,2.79969941079617,0,0,0,225.336599811912,0,2.90845917165279,0,0,0,0,3.92379230260849,0,0,0,0,0,0,0,0,0,12.948326960206,0,0,0,0,0,9.5332248210907,0.216474063694477,4.28608483076096,0,123.778411746025,0,613.673911623657,0.662570670247078,0
0,0,1.79400253295898,0,0,0,0,0,18.4673509001732,0,7.75082702934742,0,0,0,0,0,0,0,0,0,117.111839324236,0,0,0,0,0,0,0,0,0,2.16872744262218,0,0,0,0,0,0.195107474923134,0,0,0,3.64641201496124,0,3.70972138643265,0,0,0,22.5516259372234,1.58803227543831,23.0284578353167,0,256.316319108009,0,0,0,105.598983049393,0,7.43707449734211,0,0,0,0,0,0,379.606729611754,0,0,0,0,0,0,0,0,0,0.891094148159027,0,0,0,0,0,8.72632951289415,0,3.7033849209547,317.670609951019,0,97.1686299741268,0,0
0,15.0473924875259,0,20.0120733082294,0,0,0,0,0,20.2951552867889,0,0,0,0,0,2.36253643035889,0,0,0.894065082073212,0,0,0,0,0,0,0,0,0,0,0,0,0,0,0,0,75.2597882896662,0,0,0,44.9135575518012,0,12.3340849280357,0,0,0,734.976680040359,0,4.45862804353237,4.92137312889099,83.4661247879267,0,468.16713643074,0,18.2546429634094,0,59.7335441112518,0,0,0,0,0,0,268.405144825578,0.514491260051727,0,0,0,0,0,0,0.697563409805298,0,6.80529098212719,0,0,0,0,0,91.1324210613966,0.283205956220627,2.92521388828754,0,150.693910241127,30.4463706016541,159.388708263636,0,0
0,0,0,0,0,0,0,0,0,0,15.537483304739,0,0,0,0,0,0,0,0,0,0,0,0,0,0,0,0,0,0,0,0,0,0,0,0,0,0,0,0,0,0,0,0,0,0,0,0,0,0,0,0,0,154.613797545433,0,0,0,51.218012958765,0,0,0,0,0,0,0,0,0,0,0,0,0,0,0,0,0,0,0,0,0,0,0,0,0,549.723968476057,0,0,0,0
0,0,0,0,0,0,0,0,0,0,0,1,0,0,0,0,0,0,0,0,0,0,0,0,0,0,0,0,0,0,0,0,0,0,0,0,0,0,0,0,0,0,0,0,0,0,0,0,0,0,0,1,0,1,0,0,0,0,0,0,0,0,0,0,0,0,0,0,0,0,0,0,0,0,0,0,0,0,0,0,0,0,2,0,0,0,0
240.216982930899,0,56.3043512403965,0,18.4673509001732,0,0,0,0,0,0.290280431509018,0,0.517837733030319,0,178.301296517253,0,1688.1249371171,339.154976829886,484.889063462615,0,0,0,7.20426750183105,0,363.73683577776,0,226.571743413806,0,6.48731473088264,0,0,0,0,0,0,2.12279734015465,0,0,78.4406683295965,5.94962089508772,3.14617016911507,5.44385516643524,6.63728249073029,5.25405475497246,0,0,0.164104521274567,0,26.9973470717669,1.10993252694607,0,0,0,0,337.249023213983,0,0.475256502628326,0,0,0,115.615670710802,0,1.13128006458282,0.455837905406952,0,0.334186643362045,0,80.5632346570492,0,259.847659781575,0,0,0,0.464054107666016,0,0,0,0,31.7854426279664,15.071548730135,6.5375275015831,46.084851205349,1103.09782668948,26.7733775377274,147.685541123152,0,0.71682009100914
0,239.979942560196,0,246.95172482729,0,20.2951552867889,0,0,0,0,0,0,0,0,0,6.9103581905365,0.257133603096008,6.08493898808956,7.95388247072697,0,0,0,0,3.64992308616638,0,0,0,0,0,0,0,0,0,0,0,0.340905487537384,0,136.397572696209,0,8.60976573824883,0,12.4786111116409,0,0.491706967353821,0,121.566258043051,0,0.661176040768623,0.264946430921555,44.5784368366003,0,6.29036313295364,0,0,0,535.685034781694,0,2.79951582849026,0,0,0,0,0,0,0,0,7.60383820533752,0,0,0,1.5994499027729,0,14.3364050686359,0,0,0,0,0,1.79194047302008,0,51.3186867535114,0,954.072438552976,0.251779168844223,229.479779720306,2.90013143420219,0
0.46456253528595,0,3.02329415082932,0,7.75082702934742,0,15.537483304739,0,0.290280431509018,0,0,0,0,0,0,0,6.45601336658001,1.10991796851158,10.0027310326695,0,465.100658282638,0,0,0,0,0,0,0,0,0,53.767292752862,0,0,0,0,0.802380323410034,210.531030096114,0,161.526439160109,2.39681552350521,17.31218444556,0.893986687064171,230.281914129853,0,0.798107475042343,0,69.6055386438966,1.00640566647053,28.3691007122397,0.58078570663929,0.623904630541801,0,3.73683738708496,0,0,0,691.223555952311,0,0,0,0,0,0,363.510146662593,0,0,0,0.799128293991089,0,0,0,0,0,63.9407698810101,0,0,0,0,1.33529511839151,23.6859859153628,0.741173088550568,12.7687735557556,328.396423272789,6.42229637503624,135.74837461859,0,78.1563347280025
0,0,0,0,0,0,0,1,0,0,0,0,0,46.9823388755322,0,0,0,0,0,992.114369928837,0,0,0,0,0,0,0,0.939972758293152,0,62.1426539421082,0,0,0,0,0,0,0,393.444746702909,0,0,0,0,0,0,0,0.782562106847763,0,0,0,0,0,0,0,0,0,0,0,903.036884397268,0,222.275606006384,0,0,114.113185733557,0,0,0,0,0,0,0,27.3346202373505,0,70.6830598115921,0,0,0,0,0,0,0,0,0,212.458859860897,0,0,0,0
0,0,0,0,0,0,0,0,0.517837733030319,0,0,0,0,0,76.8368909657001,0,88.3814133107662,0,0,0,0,0,0,0,0,0,14.0985172390938,0,151.839902848005,0,0,0,0,0,0,0,0,0,0,0,0,0,0,0,0,0,0,0,0,0,0,0,0,0,0.44426129758358,0,0,0,25.3682553768158,0,10.3813877999783,0,0,0,0,0,0,0,0,50.6245915293694,0,154.401582896709,0,0,0,0,0,0,0,0,0,0,210.573326200247,323.666263461113,0,0,0
0,0,0,0,0,0,0,0,0,0,0,46.9823388755322,0,0,0,0,0,0,0,0,0,0,0,0,0,0,0,0,0,0,0,0,0,0,0,0,0,0,0,0,0,0,0,0,0,0,0,0,0,0,0,0,0,0,0,0,0,1,0,825.424043595791,0,0,0,0,0,0,0,0,0,0,0,0,0,0,0,0,0,0,0,0,0,0,314.248024463654,0,0,0,0
1.28192734718323,0,0,0,0,0,0,0,178.301296517253,0,0,0,76.8368909657001,0,0,0,973.71730388701,74.9303302019835,34.0718351155519,0,0,0,1.15462478995323,0,79.6029545664787,0,278.688789069653,0,21.8189730942249,0,0,0,0,0,0,0,0,0,0,0,0.22477325797081,0.120844848453999,0.215335249900818,0,0,0,0,0,0.892460763454437,0,0,0,0,0,66.2898779213428,0,0,0,0,0,476.729293495417,0,0,0,0,0.763824999332428,0,27.9176698774099,0,313.296835765243,0,12.86467269063,0,0,0,0,0,0,1.06533689796925,2.71683497726917,0,0.780306234955788,562.527212932706,363.449196189642,2.01533611118793,0,0
0,1,0,0,0,2.36253643035889,0,0,0,6.9103581905365,0,0,0,0,0,0,0,0,0,0,0,0,0,0,0,0,0,0,0,0,0,0,0,0,0,0,0,0,0,0,0,0,0,0,0,0,0,0,0,0,0,0,0,0,0,0,0,0.351826101541519,0,6.20893955230713,0,64.6314754784107,0,0,0,0,0,0,1.12335333228111,0,0,0,0,0,0,0,0,0,0,0,0,0,0,1,0,0,0
16.6925680041313,0,0,0,0,0,0,0,1688.1249371171,0.257133603096008,6.45601336658001,0,88.3814133107662,0,973.71730388701,0,0,12927.3319341093,3389.92746448517,0,4.10887095332146,0,164.971805214882,8.78235697746277,1026.49976143986,0,2157.86862291396,0,206.433824062347,0,5.57415178418159,0,0,0,0,13.5105684325099,1.64629425853491,0,0.993474386632442,107.498475417495,59.2409772798419,104.975531592965,100.34595515579,8.48469750583172,0,9.93715688586235,13.4541583880782,0,6.39561422169209,26.1517557874322,0,0,0,0,875.511153496802,0.193325147032738,4.65131086111069,0,0,0,821.454047828913,0,5.0823776870966,7.78643755614758,0,67.1953890621662,0,351.647170096636,0,1940.63984574378,0,23.6236970424652,0.464665740728378,4.53032104671001,0,0,0,0,267.880332745612,364.799491941929,69.5607381984591,118.529681116343,14899.068010062,2657.37201884389,136.417910978198,7.5751523822546,20.343482196331
0.487594753503799,0,0,0,0,0,0,0,339.154976829886,6.08493898808956,1.10991796851158,0,0,0,74.9303302019835,0,12927.3319341093,0,6758.67616783082,0,0.372667372226715,10.0697460174561,14.1746206283569,22.8976019620895,266.38708293438,145.008679866791,149.604644417763,0,0.916317909955978,0,0.348072528839111,0,0,0,0,6.41459545493126,0.410666704177856,0.601573944091797,0.456021308898926,81.2659601420164,34.4434649273753,98.8682794719934,35.8224411085248,7.0474831610918,1.41690772771835,5.48294161260128,4.86870209872723,0.252958491444588,4.10368649661541,24.3083216696978,0,0,0,0,92.4141248911619,0.222453460097313,1.9123599678278,0.371155560016632,0,0,65.5334875583649,6,6.90630157291889,4.5379545763135,0,5.71040576696396,0,108.630322277546,0,157.570407912135,0,0,3.58003212511539,2.2135049700737,0,0,0,0,213.21586702764,151.480939261615,74.4034202098846,28.0387583076954,13608.9237205684,821.610654890537,71.3448873981833,8.07654768228531,8.26963398605585
11.0620894879103,0.232975870370865,0,1.79823611676693,0,0.894065082073212,0,0,484.889063462615,7.95388247072697,10.0027310326695,0,0,0,34.0718351155519,0,3389.92746448517,6758.67616783082,0,0,8.27589932829142,0,5.11536526679993,0,109.400056675076,0,18.8703052103519,0,1.6496784389019,0,12.0224405527115,0,0,0,0,109.064179353416,6.79449346661568,1.79504868388176,11.0806278139353,565.26755091548,243.274445079267,845.243444480002,518.297600731254,300.399130582809,68.1473123580217,69.3991014808416,61.3319855928421,1.32609233260155,21.0694113820791,457.293605707586,0,0,0,0,18.7581105530262,0.308621019124985,11.2702480554581,15.1078278124332,0,0,7.20755684375763,0,28.0241404771805,70.9943356886506,0,0.983449935913086,0,37.6733784973621,0,33.9266699701548,2.20304483175278,0,99.3766113370657,7.32849332690239,0,0,0,0,1707.28170350939,1212.90933752805,726.878765612841,248.048142515123,9889.45064713806,189.816885888577,819.253048315644,98.0800718814135,69.0800170153379
0,0,0,0,0,0,0,0,0,0,0,992.114369928837,0,0,0,0,0,0,0,0,0,0,0,0,0,0,0,0,0,0,0,0,0,0,0,365.929482519627,0,124.469295561314,0,0,0,0,0,0,0,0,0,0,0,0,0,0,0,0,0,0,0,19.8563423156738,0,0,0,0,1118.411036551,0,0,0,0,0,0,0,0,0,0,0,0,0,0,0,77.9863620996475,0,68.9263241291046,0,37.4263877868652,35.3570275306702,1.6080926656723,0,0
1.50264936685562,0,5.54769450426102,0,117.111839324236,0,0,0,0,0,465.100658282638,0,0,0,0,0,4.10887095332146,0.372667372226715,8.27589932829142,0,0,0,0,0,0,0,0,0,0,0,25.5577600747347,0,0,0,0,0,749.428800068796,0,435.575156629086,0.37702639400959,20.2977626547217,1.17271375656128,548.567071162164,0,0,0,245.779625222087,2.79227045178413,66.8856736421585,1.84701356291771,13.1132018268108,0,0,0,0,0,379.786550953984,0,0,0,0,0,0,3359.86589293927,0,0,0,0,0,0,0,0,0,124.204390764236,0,0,0,0,0.932951629161835,1517.10181748122,0.18305629491806,590.401887401938,185.222253017128,37.1156552881002,383.752558991313,0,46.6857819259167
0,0,0,0,0,0,0,0,0,0,0,0,0,0,0,0,0,10.0697460174561,0,0,0,0,26.4273009002209,294.641450703144,0,85.7227040529251,0,2,0,0,0,0,0,0,0,0,0,1022.67376385629,0,0,0,0,0,0,0,0,0,9.41918355226517,0,652.693063318729,0,0,0,0,0,0,0,0,0,0,0,0,0,0,3653.82830041647,1,238.137431651354,0,85.751018434763,0,0,0,0,0,0,0,0,0,0,0,690.311056315899,0,659.058653026819,84.455617249012,0,0,0
0,0,0,0,0,0,0,0,7.20426750183105,0,0,0,0,0,1.15462478995323,0,164.971805214882,14.1746206283569,5.11536526679993,0,0,26.4273009002209,0,0,139.395199358463,0,160.214602589607,0,30.4368605613708,0,0,0,0,0,0,0,0,0,323.404148161411,0,0,0.653555393218994,0,0,0,0,0,1.22918689250946,236.492183595896,0,0,0,0,0,9.75646230578423,0,0,0,0,0,1.92284166812897,0,0,0,25.3841204941273,2903.14945013821,0,2.13026034832001,0,65.9799921810627,0,0,0,0,0,0,0,0,0,0,0,156.885004222393,455.420925498009,8.54784947633743,0,0,0
0,4.19667625427246,0,0,0,0,0,0,0,3.64992308616638,0,0,0,0,0,0,8.78235697746277,22.8976019620895,0,0,0,294.641450703144,0,0,0,136.351481437683,0,0,0,0,0,0,0,0,0,0,0,297.892277210951,0,0,0,0,0,0,0,0,0,0.350045502185822,0,0,0,0,0,0,0,0.625728845596313,0,0,0,0,0,0,0,0,72.1702707111835,0,775.640914484859,0,336.255282282829,0,0,0,0,0,0,0,0,0,0,0,848.409923881292,0,145.777507811785,0,13.5821078419685,0,0
34.5586508512497,0,0,0,0,0,0,0,363.73683577776,0,0,0,0,0,79.6029545664787,0,1026.49976143986,266.38708293438,109.400056675076,0,0,0,139.395199358463,0,0,0,345.385581329465,0,1.55158615112305,0,0,0,0,0,0,0,0,0,253.947803556919,0.984757244586945,0.688798248767853,0.791037544608116,0.626545310020447,1.79722797870636,0,0.305088609457016,0,0,49.8665366321802,0.150428265333176,0,0,0,0,274.973582819104,0,0,0,0,0,93.7951685786247,0,0,0,0,16.838952600956,0,280.965867042542,0,314.332691892982,0,0,0,0,0,0,0,0,2.1863477230072,7.37055619060993,1.37894922494888,27.2267687916756,829.234103888273,31.8012339174747,9.28487871587276,0.178039342164993,0
0,0,0,0,0,0,0,0,0,0,0,0,0,0,0,0,0,145.008679866791,0,0,0,85.7227040529251,0,136.351481437683,0,0,0,30.3087111115456,0,0,0,0,0,0,0,0,0,0,0,0,0,0,0,0,0,0,0,0,0,0.310294598340988,0,0,0,0,0,0,0,0.748058319091797,0,0,0,29.2306227684021,0,0,53.6563377678394,0,75.0272334814072,0,562.757573440671,0,1.55679515004158,0,0,0,0,0,0,0,0,0,0,0,0.687234699726105,0,0,0,0
0.801155090332031,0,0,0,0,0,0,0,226.571743413806,0,0,0,14.0985172390938,0,278.688789069653,0,2157.86862291396,149.604644417763,18.8703052103519,0,0,0,160.214602589607,0,345.385581329465,0,0,0,113.218519896269,0,0,0,0,0,0,0,0,0,0,1.12127792835236,0,0,1.59898495674133,0,0,0,0,0,0,0.727747082710266,0,0,0,0,169.518341064453,0,0,0,0,0,293.141091495752,0,0,0,0,33.4381259679794,0,62.5543179214001,0,1327.18493689597,0,4.57253724336624,0,0,0,0,0,0,0.426837876439095,5.53957611322403,0,0,932.584629222751,92.3851428627968,0,0,0
0,0,0,0,0,0,0,0,0,0,0,0.939972758293152,0,0,0,0,0,0,0,0,0,2,0,0,0,30.3087111115456,0,0,0,106.348260596395,0,0,0,0,0,0,0,0,0,0,0,0,0,0,0,0,0,0,0,0,0,0,0,0,0,0,0,0,0,0,0,0,0,0,2,0,0,0,11.9997252225876,0,1165.26944449544,0,42.6152093708515,0,0,0,0,0,0,0,0,0,23.5859787762165,0,0,0,0
0,0,0,0,0,0,0,0,6.48731473088264,0,0,0,151.839902848005,0,21.8189730942249,0,206.433824062347,0.916317909955978,1.6496784389019,0,0,0,30.4368605613708,0,1.55158615112305,0,113.218519896269,0,0,0,221.626456677914,0,0,0,0,0,0,0,7.26353120803833,0,0.877568662166595,0,0,0,0,0,0,0,0,0,0,0,0,0,2.35085788369179,0,0,0,0,0,2.86240482330322,0,0,0,0,0,0,0,0,101.169651031494,0,1493.00333836675,0,0,0,0,0,0,0,0,0,6.04062032699585,133.105108514428,77.2135064601898,0,0,0
0,0,0,0,0,0,0,0,0,0,0,62.1426539421082,0,0,0,0,0,0,0,0,0,0,0,0,0,0,0,106.348260596395,0,0,0,0,0,0,0,0,0,2.2723343372345,0,0,0,0,0,0,0,0,0,0,0,0,0,0,0,0,0,0,0,0,0,0,0,0,0,0,0,0,0,0,0,0,223.555433779955,0,480.57511395216,0,0,0,0,0,0,0,3,0,2.50116038322449,0,0,0,0
1.57829719781876,0,1.48558306694031,0,2.16872744262218,0,0,0,0,0,53.767292752862,0,0,0,0,0,5.57415178418159,0.348072528839111,12.0224405527115,0,25.5577600747347,0,0,0,0,0,0,0,221.626456677914,0,0,0,0,0,0,0,1.78927128016949,0,184.028374865651,0.108012497425079,7.34492075443268,0.782212480902672,309.770457550883,0,0,1.02551198005676,47.2420627176762,0,12.1860852539539,0,0,0,0,0,0,0,42.4165984541178,0,0,0,0,0,0,74.970587298274,0,0,0,0,0,0,0,147.41233843565,0,246.392990618944,0,0,0,0,1.10278034210205,20.3884008675814,0,168.00278672576,93.0960431545973,0,152.581037454307,0,125.156012475491
0,0,0,0,0,0,0,0,0,0,0,0,0,0,0,0,0,0,0,0,0,0,0,0,0,0,0,0,0,0,0,0,557.882301926613,18.4993077516556,9.77508640289307,264.300509572029,21.5855317115784,0,0,0,0,0,0,0,0,0,0,184.864612385631,0,0,0,0,0,0,0,0,0,0,0,0,0,0,0,0,0,0,0,0,0,0,0,0,0,0,4232.38588449359,132.566484734416,38.1740576922894,0,67.3920113146305,0,0,0,294.711263179779,0,0,0,0
0,0,0,0,0,0,0,0,0,0,0,0,0,0,0,0,0,0,0,0,0,0,0,0,0,0,0,0,0,0,0,557.882301926613,0,6.93178355693817,6.20792251825333,2.94715595245361,92.6877450346947,0,0,0,0,0,0,0,0,0,0,216.387483075261,0,0,0,0,0,0,0,0,0,0,0,0,0,0,0,0,0,0,0,0,0,0,0,0,0,0,142.897965252399,4128.97795262933,4.7757606357336,42.4414719194174,0,86.15905803442,0,0,477.720808506012,0,0,0,0
0,0,0,0,0,0,0,0,0,0,0,0,0,0,0,0,0,0,0,0,0,0,0,0,0,0,0,0,0,0,0,18.4993077516556,6.93178355693817,0,3691.27237191796,346.292513370514,0,520.844324886799,69.9891758561134,0,0,0,0,0,0,0,0,3397.78758922219,102.417831361294,2.3635665178299,0,0,0,0,0,0,0,0,0,0,0,0,0,0,0,0,0,0,0,0,0,0,0,0,175.54065734148,0,3944.65980634093,646.016038358212,40.1392197012901,0,419.031201303005,3.54798805713654,1056.25757852197,1.13169404864311,0.420881062746048,0,0
0,0,0,0,0,0,0,0,0,0,0,0,0,0,0,0,0,0,0,0,0,0,0,0,0,0,0,0,0,0,0,9.77508640289307,6.20792251825333,3691.27237191796,0,0,204.00506156683,6.6780204474926,255.740135610104,0,0,0,0,0,0,0,8.19331429898739,1332.12774561346,355.344017028809,0,0,0,0,0,0,0,0,0,0,0,0,0,0,0.320794403553009,0,0.260429799556732,0,0,0,0,0,1.20869219303131,0,0,39.0246070921421,7.72620701789856,2993.66834631562,3722.52879594266,5.52172750234604,291.803127408028,0.436500281095505,1530.04727548361,124.568798005581,33.4029550552368,0.642190873622894,0,0
0,0,0,1.17630338668823,0,75.2597882896662,0,0,2.12279734015465,0.340905487537384,0.802380323410034,0,0,0,0,0,13.5105684325099,6.41459545493126,109.064179353416,365.929482519627,0,0,0,0,0,0,0,0,0,0,0,264.300509572029,2.94715595245361,346.292513370514,0,0,490.382284969091,1449.73540447652,0,107.733657114208,2.33643755316734,71.0051301568747,6.71763373911381,15.4888283610344,1.55781829357147,192.532813198864,0.231175556778908,55.7318550795317,15.068399399519,162.286118201911,0,0,0,0,0,0.205302610993385,0,0,0,0,0,0,942.905600234866,0.191760331392288,0,0,0,0,0,0,0,0,1.69737643003464,0,247.711164116859,0,183.256225436926,0,16361.7815084979,463.442962795496,2413.85765919089,1.24058495461941,1774.95177024603,34.7073369026184,106.339745461941,21.8518379926682,0.558125019073486
1.44113051891327,0,0,0,0.195107474923134,0,0,0,0,0,210.531030096114,0,0,0,0,0,1.64629425853491,0.410666704177856,6.79449346661568,0,749.428800068796,0,0,0,0,0,0,0,0,0,1.78927128016949,21.5855317115784,92.6877450346947,0,204.00506156683,490.382284969091,0,0,2289.68676096946,0,71.3080376982689,0.22800125181675,59.9530939906836,0,0.544185519218445,0.169885277748108,261.596041470766,124.685178875923,174.503633014858,0,0,0,0,0,0,0,8.8925037831068,0,0,0,0,0,0,381.154887057841,0,0,0,0,0,0,0,0,0,2.12795604765415,0,36.5753282010555,0,0,7.51114273071289,14409.7354420274,0,468.994257301092,3685.58343957365,721.970265731215,92.7182805612683,0,3.54419024288654
0,0.844752192497253,0,0,0,0,0,0,0,136.397572696209,0,393.444746702909,0,0,0,0,0,0.601573944091797,1.79504868388176,124.469295561314,0,1022.67376385629,0,297.892277210951,0,0,0,0,0,2.2723343372345,0,0,0,520.844324886799,6.6780204474926,1449.73540447652,0,0,129.070034265518,0.405748575925827,0,2.48889334499836,0,1.53485551476479,0,1.81394962221384,0,1167.86046743393,57.9517219662666,200.728956505656,0,0,0,0,0,12.0040899813175,0,382.416215807199,0,0,0,0,130.417393580079,0,376.320618852973,0,259.715070337057,0,1.39207628369331,0,0,0,453.433201491833,0,0,0,388.667582288384,0,439.268535919487,0,14088.3058599681,110.347021579742,1273.53049258888,45.3943618535995,7.47609774023294,1.34623736143112,0
0.405847311019897,0,0,0,0,0,0,0,78.4406683295965,0,161.526439160109,0,0,0,0,0,0.993474386632442,0.456021308898926,11.0806278139353,0,435.575156629086,0,323.404148161411,0,253.947803556919,0,0,0,7.26353120803833,0,184.028374865651,0,0,69.9891758561134,255.740135610104,0,2289.68676096946,129.070034265518,0,0.38666233420372,7.16640997678041,0,100.549015074968,0.158122807741165,0.912874951958656,0,48.1991264373064,379.046687081456,118.634989306331,0,0,0,0,0,3.44303384423256,0,62.0597355365753,0,0,0,0,0,0,156.631938800216,0,114.830441713333,0,6.00768433511257,0,0,0,0,0,47.9993026554585,0,0,0,43.7456786930561,1.42100515961647,510.489118352532,0,8982.46076615155,1943.24606749415,1189.64462742209,181.074747011065,0,30.2818851917982
0,0.117391742765903,0,22.5550442114472,0,44.9135575518012,0,0,5.94962089508772,8.60976573824883,2.39681552350521,0,0,0,0,0,107.498475417495,81.2659601420164,565.26755091548,0,0.37702639400959,0,0,0,0.984757244586945,0,1.12127792835236,0,0,0,0.108012497425079,0,0,0,0,107.733657114208,0,0.405748575925827,0.38666233420372,0,19.3337881863117,1340.76217886806,62.7631022781134,73.9173367023468,9.45545922219753,754.609430551529,3.98264192044735,24.8028051704168,8.17209462076426,794.34210524708,0,1.03153581917286,0,0,0.463180184364319,9.25998831540346,0,2.41367632895708,0,0,0,0,50.4748143553734,2.71874617040157,0,0,0,0.315953493118286,0,0.320489794015884,0.700088888406754,0,32.1432060822845,0.569094225764275,0,0,0,0,954.695328354836,69.9102768301964,121.098205246031,19.9876565635204,1068.20870488137,20.9421184509993,719.306523807347,34.2317351922393,5.48650889843702
0.184171929955482,0,0,0,3.64641201496124,0,0,0,3.14617016911507,0,17.31218444556,0,0,0,0.22477325797081,0,59.2409772798419,34.4434649273753,243.274445079267,0,20.2977626547217,0,0,0,0.688798248767853,0,0,0,0.877568662166595,0,7.34492075443268,0,0,0,0,2.33643755316734,71.3080376982689,0,7.16640997678041,19.3337881863117,0,16.028537735343,839.820559568703,1.42512131482363,9.20491111278534,2.85285101830959,916.446340568364,5.13200994580984,1937.66357769072,1.43170870840549,0,0,0,0,0.44804348051548,0,7.95808704197407,0.131235152482986,0,0,0.996746718883514,0,1.40420992672443,153.111868090928,0,0,0,0,0,0.177626386284828,0,0,1.23310423642397,13.9969633966684,0,0,0,0,26.9097615778446,1711.09539156407,3.53186535090208,189.8767125085,254.569871626794,14.4857515394688,538.777361184359,3.09040649235249,38.2047021910548
0,28.4652137160301,0,30.9789404943585,0,12.3340849280357,0,0,5.44385516643524,12.4786111116409,0.893986687064171,0,0,0,0.120844848453999,0,104.975531592965,98.8682794719934,845.243444480002,0,1.17271375656128,0,0.653555393218994,0,0.791037544608116,0,0,0,0,0,0.782212480902672,0,0,0,0,71.0051301568747,0.22800125181675,2.48889334499836,0,1340.76217886806,16.028537735343,0,141.855969101191,179.532048553228,22.4907557442784,92.2514291480184,1.73985363543034,46.5189807415009,1.96319344639778,2161.41742506623,0,0.143704906105995,0,0,0,4.28966684639454,0.481971114873886,33.8537079244852,0,0,1.80338668823242,0,45.0318025946617,1.13362254947424,0,0,0,0,0,0,24.6927982121706,0,175.979471497238,2.40140786767006,0,0,0,0,2381.07468815893,73.2962241917849,597.186822898686,22.3682022318244,1940.54621512443,49.0636346787214,2216.50862246007,317.262898862362,6.42151084542274
1.5657284706831,0,5.99909850955009,0.493820786476135,3.70972138643265,0,0,0,6.63728249073029,0,230.281914129853,0,0,0,0.215335249900818,0,100.34595515579,35.8224411085248,518.297600731254,0,548.567071162164,0,0,0,0.626545310020447,0,1.59898495674133,0,0,0,309.770457550883,0,0,0,0,6.71763373911381,59.9530939906836,0,100.549015074968,62.7631022781134,839.820559568703,141.855969101191,0,4.74755606800318,6.84387017786503,8.82539258897305,465.709703162313,14.5211994946003,1009.74194594473,82.1937519833446,0,0,0,0,0.586266085505486,0.174915418028831,413.003517329693,0.119135729968548,0,0,0,0,4.39475284516811,891.773355908692,0,0,0,0,0,0.215290904045105,0,0,2.36675815284252,313.065543189645,0,0,0,0,172.569259427488,2791.33625433594,81.0774910971522,1040.42175669223,1955.73454646021,32.4720946252346,2102.01560231298,7.44872640073299,597.560582712293
0,0,0,0.173301890492439,0,0,0,0,5.25405475497246,0.491706967353821,0,0,0,0,0,0,8.48469750583172,7.0474831610918,300.399130582809,0,0,0,0,0,1.79722797870636,0,0,0,0,0,0,0,0,0,0,15.4888283610344,0,1.53485551476479,0.158122807741165,73.9173367023468,1.42512131482363,179.532048553228,4.74755606800318,0,0.464224934577942,51.538387671113,0.744269996881485,4.70982150733471,0,123.669191583991,0,0,0,0,0,0.185042783617973,0,10.2536136209965,0,0,0,0,1.28760102391243,1.08113777637482,0,0,0,0,0,0,0.688683211803436,0,65.8955914899707,0.143547832965851,0,0,0,0,98.7707461863756,9.6240191757679,222.352281212807,1.48536506295204,116.295493513346,0,247.217862807214,71.8909279406071,1.14670491218567
0,0,0,0,0,0,0,0,0,0,0.798107475042343,0,0,0,0,0,0,1.41690772771835,68.1473123580217,0,0,0,0,0,0,0,0,0,0,0,0,0,0,0,0,1.55781829357147,0.544185519218445,0,0.912874951958656,9.45545922219753,9.20491111278534,22.4907557442784,6.84387017786503,0.464224934577942,0,0,0,0,0,0.323486387729645,0,0,0,0,0,0,0,0,0,0,0,0,0.96227952837944,2.87200949341059,0,0,0,0,0,0,0,0,0,0,0,0,0,0,22.4518982768059,199.732403695583,3.00750717520714,26.3911950439215,15.0993553996086,0,9.66435420513153,0.790968716144562,0
0,0.251558639109135,0,162.497193239629,0,734.976680040359,0,0,0,121.566258043051,0,0.782562106847763,0,0,0,0,9.93715688586235,5.48294161260128,69.3991014808416,0,0,0,0,0,0.305088609457016,0,0,0,0,0,1.02551198005676,0,0,0,0,192.532813198864,0.169885277748108,1.81394962221384,0,754.609430551529,2.85285101830959,92.2514291480184,8.82539258897305,51.538387671113,0,0,4.82305002212524,13.6344010978937,7.09512309730053,389.73189406842,0,5.76280425488949,0,0,0,25.6633628904819,0,55.0949622318149,0,0,0,0,1997.00831390917,0.0954722538590431,0,0,0,0,0,0,8.5815405100584,0,218.354977369308,0,0,0,0,0,2390.31280356646,10.2416248396039,555.500921852887,3.36557542532682,469.209171921015,36.6793046146631,2623.99298386276,9.19020778685808,2.19169946014881
1.78621742129326,0,22.0248417854309,0,22.5516259372234,0,0,0,0.164104521274567,0,69.6055386438966,0,0,0,0,0,13.4541583880782,4.86870209872723,61.3319855928421,0,245.779625222087,0,0,0,0,0,0,0,0,0,47.2420627176762,0,0,0,8.19331429898739,0.231175556778908,261.596041470766,0,48.1991264373064,3.98264192044735,916.446340568364,1.73985363543034,465.709703162313,0.744269996881485,0,4.82305002212524,0,60.967948243022,861.970000773668,2.82895850390196,0,0,0,0,0,0,79.8661920055747,0,0,0,0,0,0.901062846183777,1003.8933115676,0,0,0,0,0,0,0,0,0.226677194237709,43.7163739651442,0,0,0,0,6.05282260477543,2058.70843798667,1.93229615688324,259.80422578007,132.184028185904,3.01142220199108,485.373133152723,0,11.862381927669
0,6.00273452699184,0,5.126120403409,1.58803227543831,4.45862804353237,0,0,0,0.661176040768623,1.00640566647053,0,0,0,0,0,0,0.252958491444588,1.32609233260155,0,2.79227045178413,9.41918355226517,1.22918689250946,0.350045502185822,0,0,0,0,0,0,0,184.864612385631,216.387483075261,3397.78758922219,1332.12774561346,55.7318550795317,124.685178875923,1167.86046743393,379.046687081456,24.8028051704168,5.13200994580984,46.5189807415009,14.5211994946003,4.70982150733471,0,13.6344010978937,60.967948243022,0,3805.4522895664,995.00635496527,0,0.201537683606148,0,0,0,0.586322322487831,0.183527544140816,0.140260636806488,0,0,0,0,1.58776986598969,20.3350406885147,6.07112638652325,1.00087216496468,0,1.81068444252014,0,0,0,9.89795562624931,0.53252749145031,0.571582198143005,572.486847430468,57.4758323580027,1019.90320953727,253.953833907843,174.428129509091,38.2703973948956,609.464524745941,1257.76602040231,624.799443565309,55.9382626265287,338.197835206985,5.88119906187057,0
397.275209411979,0,452.691135406494,0,23.0284578353167,4.92137312889099,0,0,26.9973470717669,0.264946430921555,28.3691007122397,0,0,0,0.892460763454437,0,6.39561422169209,4.10368649661541,21.0694113820791,0,66.8856736421585,0,236.492183595896,0,49.8665366321802,0,0,0,0,0,12.1860852539539,0,0,102.417831361294,355.344017028809,15.068399399519,174.503633014858,57.9517219662666,118.634989306331,8.17209462076426,1937.66357769072,1.96319344639778,1009.74194594473,0,0,7.09512309730053,861.970000773668,3805.4522895664,0,151.12289069593,1.2019966840744,0,0,0,4.62950912117958,0.671364307403564,96.2607318460941,0,143.34264960885,0,0,0,0,418.128362573683,0,353.110179454088,0,131.123993232846,0,359.030441761017,0,395.294769763947,0,13.3040150403976,9.68391935527325,1.52044332027435,0,18.974652543664,6.12840564548969,1397.26088988781,2.05309963226318,951.912189677358,235.779364220798,9.59793671965599,1778.17520990223,0,22.7828768342733
0,487.416188314557,0,201.864176698029,0,83.4661247879267,0,0,1.10993252694607,44.5784368366003,0.58078570663929,0,0,0,0,0,26.1517557874322,24.3083216696978,457.293605707586,0,1.84701356291771,652.693063318729,0,0,0.150428265333176,0.310294598340988,0.727747082710266,0,0,0,0,0,0,2.3635665178299,0,162.286118201911,0,200.728956505656,0,794.34210524708,1.43170870840549,2161.41742506623,82.1937519833446,123.669191583991,0.323486387729645,389.73189406842,2.82895850390196,995.00635496527,151.12289069593,0,0,3.00191111862659,0,0,0,21.6815378367901,0.231403008103371,58.5767375454307,0,5.24714690446854,0.36780834197998,22.3126966953278,19.6812388598919,1.25666457414627,787.517708256841,0,106.710286647081,0.531115889549255,79.0761548578739,0,103.140663042665,0,48.4322008118033,0.232144102454185,0,0,8.35585889220238,0,763.029132455587,8.22837574034929,468.680924132466,2.88979141414165,1074.69925709069,8.63471066951752,1592.39674230665,185.410444393754,7.46137537062168
3.72366228699684,0,6.76189447939396,0,256.316319108009,0,0,0,0,0,0.623904630541801,0,0,0,0,0,0,0,0,0,13.1132018268108,0,0,0,0,0,0,0,0,0,0,0,0,0,0,0,0,0,0,0,0,0,0,0,0,0,0,0,1.2019966840744,0,0,0,1.62079787254333,0,20.1994246244431,0,9.62287318706512,0,0,0,0,0,0,78.6461831629276,0,0,0,0,0,0,0,0,0,0,0,0,0,0,0,0,0,0,65.4536485671997,0,13.3216513097286,0,0
0,0,0,2.79969941079617,0,468.16713643074,0,1,0,6.29036313295364,0,0,0,0,0,0,0,0,0,0,0,0,0,0,0,0,0,0,0,0,0,0,0,0,0,0,0,0,0,1.03153581917286,0,0.143704906105995,0,0,0,5.76280425488949,0,0.201537683606148,0,3.00191111862659,0,0,0,0,0,2.42171508073807,0,0,0,51.4697930216789,0,0,0,0,0,0,0,0,0,0,0,0,0,0,0,0,0,0,0,0.174081385135651,0,0,11.6791321188211,0,3.82043254375458,0,0
0,0,0,0,0,0,154.613797545433,0,0,0,3.73683738708496,0,0,0,0,0,0,0,0,0,0,0,0,0,0,0,0,0,0,0,0,0,0,0,0,0,0,0,0,0,0,0,0,0,0,0,0,0,0,0,1.62079787254333,0,0,0,0,0,79.6763173341751,0,0,0,0,0,0,0,0,0,0,0,0,0,0,0,0,0,0,0,0,0,0,0,0,0,100.43560141325,0,0,0,0
0,0,0,0,0,18.2546429634094,0,1,0,0,0,0,0,0,0,0,0,0,0,0,0,0,0,0,0,0,0,0,0,0,0,0,0,0,0,0,0,0,0,0,0,0,0,0,0,0,0,0,0,0,0,0,0,0,0,0,0,3.92650318145752,0,0,0,0,0,0,0,0,0,0,0,0,0,0,0,0,0,0,0,0,0,0,0,0,0,0,0,0,0
158.673083171248,0,6.62470829486847,0,105.598983049393,0,0,0,337.249023213983,0,0,0,0.44426129758358,0,66.2898779213428,0,875.511153496802,92.4141248911619,18.7581105530262,0,0,0,9.75646230578423,0,274.973582819104,0,169.518341064453,0,2.35085788369179,0,0,0,0,0,0,0,0,0,3.44303384423256,0.463180184364319,0.44804348051548,0,0.586266085505486,0,0,0,0,0,4.62950912117958,0,20.1994246244431,0,0,0,0,0,0,0.247257605195045,0,0,74.7489393949509,0,0,0,0,0.523991525173187,0,92.7900668233633,0,156.106995850801,0,0.297032326459885,0,0,0,0,0,0,0.437346786260605,2.53206740319729,0.154383286833763,0.672542825341225,269.969465486705,22.4413739293814,2.76704823970795,0.741037130355835,0
0,228.68145313859,0,225.336599811912,0,59.7335441112518,0,0,0,535.685034781694,0,0,0,0,0,0,0.193325147032738,0.222453460097313,0.308621019124985,0,0,0,0,0.625728845596313,0,0,0,0,0,0,0,0,0,0,0,0.205302610993385,0,12.0040899813175,0,9.25998831540346,0,4.28966684639454,0.174915418028831,0.185042783617973,0,25.6633628904819,0,0.586322322487831,0.671364307403564,21.6815378367901,0,2.42171508073807,0,0,0,0,0,1.54638034105301,0,0,0,3.94549116492271,0,0,0,0,206.757118672132,0,0,0,0.638323307037354,0,4.26343242824078,0,0,0,0,0,1.046969383955,0,20.8497206121683,0,38.8737195804715,0,49.0984311848879,0.264883935451508,0
123.402074754238,0,4.63608342409134,0,7.43707449734211,0,51.218012958765,0,0.475256502628326,0,691.223555952311,0,0,0,0,0,4.65131086111069,1.9123599678278,11.2702480554581,0,379.786550953984,0,0,0,0,0,0,0,0,0,42.4165984541178,0,0,0,0,0,8.8925037831068,0,62.0597355365753,0,7.95808704197407,0.481971114873886,413.003517329693,0,0,0,79.8661920055747,0.183527544140816,96.2607318460941,0.231403008103371,9.62287318706512,0,79.6763173341751,0,0,0,0,0,1,0,0,0,0,434.450539767742,0,0,0,0,0,0,0,33.2364784479141,0,510.279216513038,0,0,0,0,1.7517796754837,21.0939185172319,0,10.1953643411398,321.727815158665,2.08968964219093,401.90442712605,0.235350877046585,83.8629792705178
0,103.566510051489,0,2.90845917165279,0,0,0,0,0,2.79951582849026,0,903.036884397268,0,1,0,0.351826101541519,0,0.371155560016632,15.1078278124332,19.8563423156738,0,0,0,0,0,0.748058319091797,0,0,0,0,0,0,0,0,0,0,0,382.416215807199,0,2.41367632895708,0.131235152482986,33.8537079244852,0.119135729968548,10.2536136209965,0,55.0949622318149,0,0.140260636806488,0,58.5767375454307,0,0,0,3.92650318145752,0.247257605195045,1.54638034105301,0,0,0,48.7569466531277,0,114.771185934544,7.64540901780128,0,0,0,0,0,0.491020262241364,0,70.3274295926094,0,73.047827899456,0,0,0,0,0,0.671104080975056,0,13.2795940190554,0,72.7600977867842,0,251.506980553269,2.01832148432732,0
80.6985660344362,0,1.43754675984383,0,0,0,0,0,0,0,0,0,25.3682553768158,0,0,0,0,0,0,0,0,0,0,0,0,0,0,0,0,0,0,0,0,0,0,0,0,0,0,0,0,0,0,0,0,0,0,0,143.34264960885,0,0,0,0,0,0,0,1,0,0,0,109.210239559412,0,0,0,0,0,0,0,0,0,0,45.6884899139404,0,0,0,0,0,0,0,0,0,0,0,0,0,0,0
0,11.2185076773167,0,0,0,0,0,0,0,0,0,222.275606006384,0,825.424043595791,0,6.20893955230713,0,0,0,0,0,0,0,0,0,0,0,0,0,0,0,0,0,0,0,0,0,0,0,0,0,0,0,0,0,0,0,0,0,5.24714690446854,0,51.4697930216789,0,0,0,0,0,48.7569466531277,0,0,0,33.2566348314285,0,0,0,0,0,0,0,0,0,0,0,0,0,0,0,0,0,0,0,0,74.4236397743225,0,2.10307145118713,0,0
32.9823507964611,0,0,0,0,0,0,0,115.615670710802,0,0,0,10.3813877999783,0,476.729293495417,0,821.454047828913,65.5334875583649,7.20755684375763,0,0,0,1.92284166812897,0,93.7951685786247,0,293.141091495752,0,2.86240482330322,0,0,0,0,0,0,0,0,0,0,0,0.996746718883514,1.80338668823242,0,0,0,0,0,0,0,0.36780834197998,0,0,0,0,74.7489393949509,0,0,0,109.210239559412,0,0,0,0,0,0,1.4941046833992,0,28.8804261386395,0,389.439228445292,0,0,0,0,0,0,0,0,0.383961766958237,0,0,0,432.481491476297,161.456594318151,0,0,0
0,26.7700316905975,0,0,0,0,0,0,0,0,0,0,0,0,0,64.6314754784107,0,6,0,0,0,0,0,0,0,29.2306227684021,0,0,0,0,0,0,0,0,0,0,0,0,0,0,0,0,0,0,0,0,0,0,0,22.3126966953278,0,0,0,0,0,3.94549116492271,0,114.771185934544,0,33.2566348314285,0,0,0,0,0,0,0,0,167.863476336002,0,0,0,0,0,0,0,0,0,0,0,0,0,0,0,0,0,0
0,0,0,3.92379230260849,0,268.405144825578,0,0,1.13128006458282,0,0,114.113185733557,0,0,0,0,5.0823776870966,6.90630157291889,28.0241404771805,1118.411036551,0,0,0,0,0,0,0,0,0,0,0,0,0,0,0,942.905600234866,0,130.417393580079,0,50.4748143553734,1.40420992672443,45.0318025946617,4.39475284516811,1.28760102391243,0.96227952837944,1997.00831390917,0.901062846183777,1.58776986598969,0,19.6812388598919,0,0,0,0,0,0,0,7.64540901780128,0,0,0,0,0,0,0,0,0,0,0,0,0,0,21.6953831762075,0,0,0,0,0,1749.45951472968,2.90757795423269,663.310569509864,0.189383774995804,228.654926046729,5.2094130218029,831.770267412066,2.33316491544247,1.1333030462265
0.179766595363617,0,10.4725301265717,0,379.606729611754,0.514491260051727,0,0,0.455837905406952,0,363.510146662593,0,0,0,0,0,7.78643755614758,4.5379545763135,70.9943356886506,0,3359.86589293927,0,0,0,0,0,0,0,0,0,74.970587298274,0,0,0,0.320794403553009,0.191760331392288,381.154887057841,0,156.631938800216,2.71874617040157,153.111868090928,1.13362254947424,891.773355908692,1.08113777637482,2.87200949341059,0.0954722538590431,1003.8933115676,20.3350406885147,418.128362573683,1.25666457414627,78.6461831629276,0,0,0,0,0,434.450539767742,0,0,0,0,0,0,0,0,0,0,0.161197766661644,0,0,0,0,0.129745379090309,213.154741153121,0,0,0,0,4.25266724824905,1688.58439353853,0.130631878972054,1087.85225018859,297.600851528347,7.72918866574764,567.584172010422,0.184816136956215,20.8226001560688
0,0,0,0,0,0,0,0,0,0,0,0,0,0,0,0,0,0,0,0,0,3653.82830041647,25.3841204941273,72.1702707111835,0,53.6563377678394,0,2,0,0,0,0,0,0,0,0,0,376.320618852973,0,0,0,0,0,0,0,0,0,6.07112638652325,0,787.517708256841,0,0,0,0,0,0,0,0,0,0,0,0,0,0,0,0,252.083411723375,0,296.215462088585,0,93.5200425982475,0,0,0,0,0,0,0,0,0,420.087982684374,0,247.958828151226,0,0,0,0
0,0,0,0,0,0,0,0,0.334186643362045,0,0,0,0,0,0.763824999332428,0,67.1953890621662,5.71040576696396,0.983449935913086,0,0,1,2903.14945013821,0,16.838952600956,0,33.4381259679794,0,0,0,0,0,0,0,0.260429799556732,0,0,0,114.830441713333,0,0,0,0,0,0,0,0,1.00087216496468,353.110179454088,0,0,0,0,0,0.523991525173187,0,0,0,0,0,1.4941046833992,0,0,0,0,0,0,172.116524040699,0,7.90872007608414,0,2.20360350608826,0,0,0,0,0,0.266183257102966,0,0,0,104.044823259115,76.6274228692055,0,0,0,0
0,44.1002048552036,0,0,0,0,0,0,0,7.60383820533752,0,0,0,0,0,0,0,0,0,0,0,238.137431651354,0,775.640914484859,0,75.0272334814072,0,0,0,0,0,0,0,0,0,0,0,259.715070337057,0,0,0,0,0,0,0,0,0,0,0,106.710286647081,0,0,0,0,0,206.757118672132,0,0,0,0,0,0,0,0,252.083411723375,0,0,0,136.840156942606,0,0,0,0,0,0,0,0,0,0,0,599.353019744158,0,61.304338157177,0,59.4307487905025,0,0
15.9951236248016,0,0,0,0,0,0,0,80.5632346570492,0,0.799128293991089,0,0,0,27.9176698774099,0,351.647170096636,108.630322277546,37.6733784973621,0,0,0,2.13026034832001,0,280.965867042542,0,62.5543179214001,0,0,0,0,0,0,0,0,0,0,0,6.00768433511257,0.315953493118286,0,0,0,0,0,0,0,1.81068444252014,131.123993232846,0.531115889549255,0,0,0,0,92.7900668233633,0,0,0,0,0,28.8804261386395,0,0,0.161197766661644,0,172.116524040699,0,0,0,92.7737870514393,0,0,0,0,0,0,0,0,0,0.629127949476242,0,0.682777047157288,224.942664608359,11.0408118963242,27.9763302654028,0,0
0,0,0,0,0,0,0,0,0,0,0,0,0,0,0,1.12335333228111,0,0,0,0,0,85.751018434763,0,336.255282282829,0,562.757573440671,0,11.9997252225876,0,0,0,0,0,0,0,0,0,1.39207628369331,0,0,0,0,0,0,0,0,0,0,0,79.0761548578739,0,0,0,0,0,0,0,0.491020262241364,0,0,0,167.863476336002,0,0,296.215462088585,0,136.840156942606,0,0,0,83.665014654398,0,0,0,0,0,0,0,0,0,0,0,0,0,0,0,0
4.81023973226547,0,0,0,0,0,0,0,259.847659781575,0,0,0,50.6245915293694,0,313.296835765243,0,1940.63984574378,157.570407912135,33.9266699701548,0,0,0,65.9799921810627,0,314.332691892982,0,1327.18493689597,0,101.169651031494,0,0,0,0,0,0,0,0,0,0,0.320489794015884,0.177626386284828,0,0.215290904045105,0,0,0,0,0,359.030441761017,0,0,0,0,0,156.106995850801,0,0,0,0,0,389.439228445292,0,0,0,0,7.90872007608414,0,92.7737870514393,0,0,0,33.504862844944,0,0,0,0,0,0,0,1.16534829139709,0,0,741.804875254631,96.2724987864494,11.5805983096361,0,0
0,0,0,0,0,0.697563409805298,0,0,0,1.5994499027729,0,27.3346202373505,0,0,0,0,0,0,2.20304483175278,0,0,0,0,0,0,1.55679515004158,0,1165.26944449544,0,223.555433779955,0,0,0,0,0,0,0,0,0,0.700088888406754,0,24.6927982121706,0,0.688683211803436,0,8.5815405100584,0,0,0,103.140663042665,0,0,0,0,0,0.638323307037354,0,70.3274295926094,0,0,0,0,0,0,93.5200425982475,0,0,0,83.665014654398,0,0,0,12.874286621809,0,0,0,0,0,0.469851672649384,0,0,0,1.23485280573368,0,56.0804562866688,1.09374856948853,0
0,0,0,0,0,0,0,0,0,0,0,0,154.401582896709,0,12.86467269063,0,23.6236970424652,0,0,0,0,0,0,0,0,0,4.57253724336624,0,1493.00333836675,0,147.41233843565,0,0,0,1.20869219303131,0,0,0,0,0,0,0,0,0,0,0,0,9.89795562624931,395.294769763947,0,0,0,0,0,0.297032326459885,0,33.2364784479141,0,45.6884899139404,0,0,0,0,0,0,2.20360350608826,0,0,0,33.504862844944,0,0,0,111.795361161232,0,0,0,0.327440232038498,0,0,0,120.005242705345,56.9126363992691,12.6396372318268,105.592906206846,0,0
0,0,0,12.948326960206,0,6.80529098212719,0,0,0,14.3364050686359,0,70.6830598115921,0,0,0,0,0.464665740728378,3.58003212511539,99.3766113370657,0,0,0,0,0,0,0,0,42.6152093708515,0,480.57511395216,0,0,0,0,0,1.69737643003464,0,453.433201491833,0,32.1432060822845,1.23310423642397,175.979471497238,2.36675815284252,65.8955914899707,0,218.354977369308,0.226677194237709,0.53252749145031,0,48.4322008118033,0,0,0,0,0,4.26343242824078,0,73.047827899456,0,0,0,0,21.6953831762075,0.129745379090309,0,0,0,0,0,0,12.874286621809,0,0,0.24143548309803,0,0,0,0,39.6900073066354,4.47492937743664,170.044621676207,2.45987211167812,59.8351875394583,0.766473054885864,648.01564386487,34.0032114386559,0
