0,0,5.22035490929103,0,0,0,0,0,4.85254924718071,0,0,0,0,0,0,0,0,0,8.53030773867732,0,0,0,0,0,2.73308801651001,0,2.96245765686035,0,0,0,0,0,0,0,0,0,60.6279258728027,0,0,45.9710464477539,0,0,12.5508318917226,0,10.3230514526367,0,31.5298328399658,0,4.73708528329248,0,0,0,0,0,5.16200776611056,0,33.313850402832,0,0,0,2.95410394668579,0,0,0,0,0,0,0,0,0,0,0,0,37.4152450561523,0,0,0,0,0,41.0364672342936,0,40.0508371988932,6.71550057986063,0,6.09487421733817,0,8.01639751954512
0,0,0,5.21464810881225,0,0,0,0,0,4.13284549299876,0,0,0,0,0,0,0,0,3.11650812625885,0,0,0,0,5.28354592323303,0,0,0,0,0,0,0,0,0,0,0,0,0,0,0,0,0,6.22478306293488,0,0,0,0,0,0,0,3.64824119481173,0,0,0,0,0,3.82789568328857,0,0,0,0,0,3.70102200337819,14.5151166915894,0,0,0,4.08960754943617,0,0,0,0,0,0,0,0,0,0,0,0,0,0,0,4.26507268453899,0,4.03546174292295,0,0
5.22035490929103,0,0,0,8.18072027194349,0,0,0,3.37242619196574,0,0,0,0,0,0,0,0,0,0,0,0,0,0,0,0,0,0,0,0,0,0,0,0,0,0,0,5.07125568389893,0,0,0,0,0,23.6031564493648,0,0,0,5.69641467503139,0,5.54308298443045,0,3.67680437167486,0,0,0,3.30032377468573,0,19.015045662721,0,0,0,0,0,0,27.0577870474921,0,0,0,0,0,0,0,36.686491171519,0,31.1716332928888,0,0,0,0,0,24.4518146514893,0,36.073283513387,4.36121778026704,0,9.90911891105327,0,20.8101596832275
0,5.21464810881225,0,0,0,6.31287125267908,0,0,0,6.46811644865735,0,0,0,0,0,0,0,0,0,0,0,0,0,0,0,0,0,0,0,0,0,0,0,0,0,0,0,0,0,0,0,28.4255677136508,0,0,0,7.30445186297099,0,0,0,0,0,2.75293970108032,0,0,0,3.40341652234395,0,28.5808658599854,0,0,0,0,0,0,0,0,0,0,0,0,32.7560501098633,0,0,0,0,0,0,0,0,0,0,0,5.31066986761595,3.11272579431534,5.54444874230252,0,0
0,0,8.18072027194349,0,0,0,4.72846878319979,0,2.97060163204487,0,3.1871887644132,0,0,0,0,0,0,0,0,0,12.9155774301953,0,0,0,0,0,0,0,0,0,0,0,0,0,0,0,28.5856636762619,0,0,0,34.4915609359741,0,33.6807335301449,0,0,0,26.08860986373,47.3166275024414,43.6914070977105,0,4.44860745712322,0,4.89487483816327,0,0,0,6.65512723569517,0,3.21785040635329,0,0,0,0,14.4132685195441,0,0,0,0,0,0,0,42.5229250590006,0,39.5006535847982,0,0,0,0,0,32.9260257438377,0,46.5668247767857,4.28683821337367,4.60702304840088,10.5856302895697,0,30.6100311279297
0,0,0,6.31287125267908,0,0,0,3.40513405866093,0,3.30804911026588,0,0,0,0,0,0,0,0,55.4606523513794,3.34226285892984,0,0,0,0,0,0,0,0,0,0,0,48.0657424926758,0,55.6536922454834,0,7.77434158325195,0,0,0,39.5693650775486,0,33.3468943886135,0,0,0,20.0715736746788,0,45.7595706808156,0,37.0353252320063,0,4.14872172115985,0,4.98822046518326,0,3.76172816753387,0,33.1705293655396,0,0,0,2.84949117898941,13.4862839698791,0,0,0,0,0,0,0,0,0,39.6996828715006,0,0,0,63.2728856404622,0,45.5671942574637,0,47.1898078918457,0,4.67003581313049,3.0103387037913,7.28976212510807,29.4386901855469,0
0,0,0,0,4.72846878319979,0,0,0,0,0,3.75219994881114,0,2.95654582977295,0,0,0,0,0,0,0,4.82989198641669,0,0,0,0,0,0,0,0,0,0,0,0,0,0,0,0,0,0,0,0,0,0,0,0,0,0,0,0,0,5.65858391353062,0,3.71901115509266,0,0,0,4.16555703603304,0,0,0,0,0,0,0,0,0,0,0,0,0,0,0,0,0,0,0,0,0,0,0,0,0,4.50395351430795,2.73473131656647,0,0,0
0,0,0,0,0,3.40513405866093,0,0,0,0,0,2.95970215116228,0,0,0,0,0,0,0,5.3676944176356,0,0,0,0,0,0,0,0,0,0,0,0,0,0,0,0,0,0,0,0,0,0,0,0,0,0,0,0,0,0,0,0,0,3.28607000556647,0,0,0,0,0,0,0,0,0,0,0,0,0,0,0,0,0,0,0,0,0,0,0,0,0,0,0,0,3.43704712588484,0,0,0,0
4.85254924718071,0,3.37242619196574,0,2.97060163204487,0,0,0,0,44.3686850865682,0,0,0,0,7.3587035006947,43.4294700622559,18.383638893906,37.1205134863382,16.1397924954827,0,0,0,0,33.1907196044922,7.89829885382806,0,6.60667152404785,0,0,0,0,0,0,0,0,0,0,0,8.60459798299349,88.1441192626953,54.0890502929688,72.419319152832,9.21624053740988,0,0,52.9076318740845,35.052038192749,0,8.83688403212506,0,3.38319897651672,0,0,0,3.97188320616984,0,0,0,0,0,7.34493318418177,0,0,54.7722549438477,0,0,0,14.959678636407,34.9817047119141,5.62159927267777,0,0,80.0864410400391,0,0,0,0,0,91.8309148152669,66.2648095024957,0,8.51509307384491,9.88566968994507,7.41416649257436,7.8113617580294,0,4.92594016116598
0,4.13284549299876,0,6.46811644865735,0,3.30804911026588,0,0,44.3686850865682,0,0,0,0,0,44.736234664917,11.1879191234194,38.0025377196025,23.7695767508198,15.0274663505796,0,0,0,0,7.21471105374788,35.9172344207764,17.1088173317187,0,0,0,0,0,0,0,0,0,0,0,3.56068396568298,0,0,0,5.44974659919739,55.2300834655762,0,0,0,108.044990539551,0,0,2.7440357208252,0,0,0,0,0,4.13317759451038,0,0,0,0,0,10.2381966869036,0,85.8193206787109,0,0,4.42200877064856,29.1314804077148,20.634551525116,59.1464195251465,0,0,0,0,107.255798339844,0,0,0,94.8471069335938,97.99755859375,3.27409083048503,0,11.6251430616274,8.96336328415644,4.41757740334767,0,0
0,0,0,0,3.1871887644132,0,3.75219994881114,0,0,0,0,0,3.49025779420679,0,0,0,0,0,47.271746635437,0,4.75061920307975,0,0,0,0,0,0,0,0,0,4.21926523637081,0,0,0,0,0,4.53393424318192,0,3.59078562831527,0,36.0747261047363,0,43.4115471839905,0,0,0,24.0306085586548,0,46.7931079864502,0,2.94583535194397,0,4.40016034850501,0,0,0,5.19115604124261,0,3.51173395460302,0,0,0,0,8.57575177939042,0,0,0,0,0,0,0,0,0,7.56725474804808,0,0,0,0,0,41.5964935765122,0,6.61304798187354,5.00248221876064,2.84771275520325,27.6022078196208,0,0
0,0,0,0,0,0,0,2.95970215116228,0,0,0,0,0,2.90448606014252,0,0,0,0,0,4.94388364849234,0,0,0,0,0,0,0,0,0,8.22293972969055,0,0,0,0,0,4.55934212274022,0,3.43686447526417,0,0,0,35.3390235900879,0,0,0,13.5317448695501,0,0,0,0,0,0,0,0,0,0,0,8.15769950154948,0,3.16460561752319,0,0,9.49573790041128,0,0,0,0,0,0,0,0,0,11.0870068411189,0,0,0,0,0,26.2188590168953,0,4.63686066137087,0,4.93256851510396,0,6.35083668048565,0,0
0,0,0,0,0,0,2.95654582977295,0,0,0,3.49025779420679,0,0,0,2.82008266448975,0,3.73726177215576,0,0,0,0,0,0,0,0,0,4.69087512152536,0,2.94256687164307,0,0,0,0,0,0,0,0,0,0,0,0,0,0,0,0,0,0,0,0,0,0,0,0,0,0,0,4.02644968032837,0,3.0136194889362,0,0,0,0,0,0,0,0,0,0,0,0,0,0,0,0,0,0,0,0,0,0,0,2.81857101122538,0,0,0,0
0,0,0,0,0,0,0,0,0,0,0,2.90448606014252,0,0,0,3.04398143768311,0,6.89412359100707,0,0,0,0,0,0,0,0,0,4.75075039496789,0,0,0,0,0,0,0,0,0,0,0,0,0,0,0,0,0,0,0,0,0,0,0,0,0,0,0,0,0,0,0,3.21136588609519,0,3.40821599960327,0,0,0,0,0,0,0,0,0,0,0,0,0,0,0,0,0,0,0,0,4.20143005445406,0,0,0,0
0,0,0,0,0,0,0,0,7.3587035006947,44.736234664917,0,0,2.82008266448975,0,0,36.9471054077148,13.0486491127932,41.8329680760702,30.9933122396469,0,0,0,0,0,20.9441733360291,0,4.07153057282971,0,2.73657464981079,0,0,0,0,0,0,0,0,0,0,0,0,0,0,0,0,0,0,0,0,0,0,0,0,0,4.26340660682091,0,0,0,0,0,3.4852513873249,0,0,60.6781692504883,0,0,0,29.1860208511353,0,7.99802409518849,0,0,0,0,0,0,0,0,0,69.2656656901042,0,82.0843448638916,8.94304502495813,25.9475495020549,50.3504981994629,0,0
0,0,0,0,0,0,0,0,43.4294700622559,11.1879191234194,0,0,0,3.04398143768311,36.9471054077148,0,43.6116785509833,20.8888177325662,26.0909337495503,0,0,0,0,22.9369916915894,74.6641082763672,16.2183447974069,0,0,0,0,0,0,0,0,0,0,0,0,0,0,0,88.4501647949219,96.5126190185547,0,0,0,0,0,0,0,0,0,0,0,0,4.50326279903713,0,0,0,3.25935099919637,0,5.26809422335317,0,0,0,0,0,0,6.23685836791992,0,0,0,0,122.641632080078,0,0,0,0,123.528221130371,0,0,0,10.2115929454067,7.57219428029554,112.62629699707,0,0
0,0,0,0,0,0,0,0,18.383638893906,38.0025377196025,0,0,3.73726177215576,0,13.0486491127932,43.6116785509833,0,16.1923339412831,16.6887959554469,0,68.2219416300456,0,6.55582384268443,25.873517870903,15.8261731355279,46.603714466095,4.79732946602695,0,0,0,0,0,0,0,0,87.1972592671712,76.8056325912476,0,0,73.3628593683243,59.3533497401646,57.089889992608,41.9075232597681,48.7567145607688,34.5604850769043,65.4799764724005,54.0665757921007,0,0,95.9540328979492,0,0,0,0,19.2903499784141,34.8948204040527,67.2769140763716,0,0,0,10.3500714469374,46.7490897024831,0,60.395650157222,0,2.74879097938538,0,19.3916616465734,0,12.1196217650459,0,31.7545359134674,69.965576171875,63.604141034578,109.847007751465,0,0,0,81.6029368313876,64.9631239152113,84.6974919637044,63.5193382469383,15.37529223245,17.938306163754,50.8433674923523,61.5680431789822,42.2524527796993
0,0,0,0,0,0,0,0,37.1205134863382,23.7695767508198,0,0,0,6.89412359100707,41.8329680760702,20.8888177325662,16.1923339412831,0,21.3227593757759,0,0,0,0,8.22450808056614,25.7283467812972,11.7022000081199,29.7115516662598,7.26039817116477,0,0,0,0,0,0,0,78.5521596272786,91.5930490493774,0,0,64.8045071017358,71.8043182918004,50.6475213120623,57.6877694871691,40.5296571822393,53.0921236673991,57.9149848193657,72.3885101079941,70.5533676147461,70.0498199462891,64.3721131544847,0,0,0,0,38.5589270958534,23.1322170029516,67.281623840332,74.7883148193359,0,6.67372696859795,43.4256607055664,23.2588862365292,0,82.6101608276367,0,0,0,30.4656815142245,21.006454045956,39.8510973453522,0,0,83.7360382080078,89.3673229217529,84.1499659220378,0,0,0,75.488966482657,84.3720183870686,73.8906606038411,79.453281007964,16.0577615786428,11.1023273027259,63.3165186216246,54.8638352966309,69.3717880249023
8.53030773867732,3.11650812625885,0,0,0,55.4606523513794,0,0,16.1397924954827,15.0274663505796,47.271746635437,0,0,0,30.9933122396469,26.0909337495503,16.6887959554469,21.3227593757759,0,75.8255615234375,42.9777050018311,0,0,17.3468205247607,19.0655450622241,32.3880224227905,0,0,0,0,0,41.1487922668457,0,0,74.2344436645508,66.1345680499899,63.4404051644461,0,79.1746482849121,48.0634476195243,47.4958818840654,30.3992275608995,24.744386380463,13.2737020952948,14.0503341361701,37.0859108871415,42.967693201881,48.0912239074707,61.1513378143311,50.6592480287714,0,0,0,0,33.2040116446359,24.964565669789,40.7478094322737,62.964464524213,0,0,19.9678098360697,40.2652277512984,62.9445648193359,52.7729298751966,0,0,0,32.2276758617825,47.9338760375977,25.9692807197571,81.8596725463867,50.9527346871116,60.2880430221558,44.0343072562382,76.1809237798055,0,0,0,55.4876261752931,52.9287789912987,55.0057536334526,48.0584657216367,13.5329913253523,19.1195106299387,34.4291836157786,22.6604713366387,23.3674263033951
0,0,0,0,0,3.34226285892984,0,5.3676944176356,0,0,0,4.94388364849234,0,0,0,0,0,0,75.8255615234375,0,0,0,0,0,0,0,0,0,0,0,0,0,0,0,0,5.95138167073257,0,4.46288071045509,0,22.0785190875714,0,0,0,0,0,11.6987732014904,0,39.0396855672201,0,31.0190477371216,0,0,0,0,0,0,0,5.87289526727464,0,0,0,0,5.60603154512361,0,0,0,0,0,0,0,11.5407154083252,0,8.21229031256267,0,0,0,0,0,8.15853076369954,0,9.36836116843753,0,4.91723261750569,2.72835540771484,6.42288751037497,0,0
0,0,0,0,12.9155774301953,0,4.82989198641669,0,0,0,4.75061920307975,0,0,0,0,0,68.2219416300456,0,42.9777050018311,0,0,0,0,0,0,0,0,0,0,0,0,0,45.2823588053385,0,0,0,9.76755367032068,0,4.24838064511617,0,28.9347619556245,0,21.4172367572784,0,14.7200145721436,0,19.194248623848,37.2211161594765,30.3335638184478,0,9.36691305750892,0,4.6463974333824,0,0,0,5.63607826930113,0,0,0,0,0,0,9.74205074741512,0,0,0,0,0,0,0,18.5560426182217,0,11.2451532634337,0,0,0,0,0,16.1307176089372,0,8.48248065363115,9.59486114871716,6.21757364273071,18.844739616464,0,21.8204393386841
0,0,0,0,0,0,0,0,0,0,0,0,0,0,0,0,0,0,0,0,0,0,3.14429177178277,5.28862138227983,0,3.57252526283264,0,4.1076842376164,0,0,0,0,0,24.870044708252,0,0,0,3.63944510205299,0,0,0,0,0,0,0,0,0,25.0033645629883,0,5.91552154868061,0,0,0,0,0,0,0,0,0,0,0,0,0,0,4.90460802130044,0,5.12457674475992,0,3.8888165543351,0,4.46234830657204,0,0,0,0,0,0,0,0,0,8.00649790106149,0,3.76073534404282,3.6176753838857,0,0,0
0,0,0,0,0,0,0,0,0,0,0,0,0,0,0,0,6.55582384268443,0,0,0,0,3.14429177178277,0,0,4.98520623720609,0,2.74759292602539,0,0,0,0,0,0,0,0,0,0,0,3.64954916453032,0,0,0,0,0,0,0,0,0,4.73143214892737,0,0,0,0,0,0,0,0,0,0,0,0,0,0,0,2.74249851703644,4.86491011790945,0,6.55590111868722,0,2.93307462605563,0,6.11637448381495,0,0,0,0,0,0,0,0,0,5.84922622769608,4.92762839570642,3.43171215057373,0,0,0
0,5.28354592323303,0,0,0,0,0,0,33.1907196044922,7.21471105374788,0,0,0,0,0,22.9369916915894,25.873517870903,8.22450808056614,17.3468205247607,0,0,5.28862138227983,0,0,0,3.18415675665203,0,0,0,0,0,0,0,0,0,0,0,3.96856246185303,0,0,0,3.79349250263638,0,0,0,0,0,0,0,4.75641788919288,0,0,0,0,0,20.1679162979126,0,0,0,0,0,32.9922180175781,0,0,5.25103086040866,0,3.66899606159755,0,3.334540087382,0,0,0,0,0,0,0,0,0,0,0,3.29285385608673,0,7.68352719969001,0,4.24412705514814,0,0
2.73308801651001,0,0,0,0,0,0,0,7.89829885382806,35.9172344207764,0,0,0,0,20.9441733360291,74.6641082763672,15.8261731355279,25.7283467812972,19.0655450622241,0,0,0,4.98520623720609,0,0,0,2.98196954197354,0,0,0,0,0,0,0,0,0,0,0,5.17565782763,0,0,0,0,0,0,0,0,0,5.22691533006268,0,0,0,0,0,6.3051529952458,0,0,0,0,0,0,0,0,0,0,5.50024044431489,0,7.01904934644699,0,7.52288031578064,0,0,0,0,0,0,0,0,0,0,0,4.08642843545201,7.67085182295143,0,7.82453733347775,0,0
0,0,0,0,0,0,0,0,0,17.1088173317187,0,0,0,0,0,16.2183447974069,46.603714466095,11.7022000081199,32.3880224227905,0,0,3.57252526283264,0,3.18415675665203,0,0,0,0,0,0,0,0,0,0,0,0,0,0,0,0,0,0,0,0,0,0,0,0,0,0,0,0,0,0,0,13.3114941303547,0,0,0,0,0,13.6191185750459,0,0,0,0,3.04371063411236,0,3.58342839816569,0,8.37236973674027,0,0,0,0,0,0,0,0,0,0,0,15.9747791572284,25.4155830383301,0,55.1924018859863,0
2.96245765686035,0,0,0,0,0,0,0,6.60667152404785,0,0,0,4.69087512152536,0,4.07153057282971,0,4.79732946602695,29.7115516662598,0,0,0,0,2.74759292602539,0,2.98196954197354,0,0,0,0,0,0,0,0,0,0,0,0,0,0,0,0,0,0,0,0,0,0,0,0,0,0,0,0,0,2.95100247859955,0,0,0,0,0,3.58062524795532,0,0,0,0,0,0,3.69884371757507,0,2.74100685119629,0,3.69955992698669,0,0,0,0,0,0,0,0,0,0,5.41397347817054,0,0,0,0
0,0,0,0,0,0,0,0,0,0,0,0,0,4.75075039496789,0,0,0,7.26039817116477,0,0,0,4.1076842376164,0,0,0,0,0,0,0,3.02072816628676,0,0,0,0,0,0,0,0,0,0,0,0,0,0,0,0,0,0,0,0,0,0,0,0,0,0,0,0,0,4.44224719440236,0,0,0,0,3.69306862354279,0,0,0,0,0,4.18497376327591,0,3.16339588165283,0,0,0,0,0,0,0,5.49166472752889,0,3.61286597885191,10.5042958259583,0,0,0
0,0,0,0,0,0,0,0,0,0,0,0,2.94256687164307,0,2.73657464981079,0,0,0,0,0,0,0,0,0,0,0,0,0,0,0,3.4435491874814,0,0,0,0,0,0,0,0,0,0,0,0,0,0,0,0,0,0,0,0,0,0,0,0,0,0,0,0,0,0,0,0,0,0,0,0,0,0,0,0,4.08571272553084,0,3.82909286447934,0,0,0,0,0,0,0,0,2.83749067783356,0,0,0,0
0,0,0,0,0,0,0,0,0,0,0,8.22293972969055,0,0,0,0,0,0,0,0,0,0,0,0,0,0,0,3.02072816628676,0,0,0,0,0,0,0,0,0,4.76797323567527,0,0,0,0,0,0,0,0,0,0,0,0,0,0,0,0,0,0,0,3.83345182907624,0,0,0,0,0,0,0,0,0,0,0,0,7.37625980377197,0,5.30033939813608,0,0,0,0,0,0,0,4.58427906036377,0,4.67278235157331,0,0,0,0
0,0,0,0,0,0,0,0,0,0,4.21926523637081,0,0,0,0,0,0,0,0,0,0,0,0,0,0,0,0,0,3.4435491874814,0,0,0,0,0,0,0,0,0,3.9141809741656,0,0,0,0,0,0,0,0,0,0,0,0,0,0,0,0,0,5.77535107930501,0,0,0,0,0,0,0,0,0,0,0,0,0,0,3.5238770544529,0,3.9380236554541,0,0,0,0,0,0,0,4.6888479895708,0,0,0,0,0
0,0,0,0,0,48.0657424926758,0,0,0,0,0,0,0,0,0,0,0,0,41.1487922668457,0,0,0,0,0,0,0,0,0,0,0,0,0,5.28629206276746,3.96308493614197,4.00983474768844,7.77270857131842,15.2284948296017,0,0,19.5971753691372,0,41.6529350280762,0,0,0,23.8066766375587,0,6.23617074533745,25.1027755737305,8.71133081772748,0,0,0,0,0,0,0,53.6831893920898,0,0,0,0,35.963316599528,0,0,0,0,0,0,0,61.7757558822632,0,58.8168754577637,0,5.57031152775521,5.89434117475401,15.4560744285583,10.1837307082282,6.95355787106923,14.3172460794449,47.8428130149841,0,10.2822796474577,0,25.3313493728638,0,0
0,0,0,0,0,0,0,0,0,0,0,0,0,0,0,0,0,0,0,0,45.2823588053385,0,0,0,0,0,0,0,0,0,0,5.28629206276746,0,11.2271386875826,7.81067311763763,4.69948139377669,4.15564439826541,0,0,0,0,55.1262550354004,0,0,0,35.2542839050293,38.7515459696452,6.46973496567679,11.4243185422192,0,0,0,0,0,0,0,0,0,0,0,0,0,47.1064300537109,42.3615425109863,0,0,0,0,0,0,0,0,0,0,6.01382117574057,5.38840546217711,9.78781405459629,4.01154540533043,16.1142960548401,8.71921119282056,0,0,3.72384427760237,0,34.2005554437637,0,0
0,0,0,0,0,55.6536922454834,0,0,0,0,0,0,0,0,0,0,0,0,0,0,0,24.870044708252,0,0,0,0,0,0,0,0,0,3.96308493614197,11.2271386875826,0,4.17758255574508,8.06736049056053,37.2626462663923,7.89573763853667,0,29.8002411524455,0,40.0713017203591,29.4786462783813,0,0,38.5835037231445,0,7.02758932548983,21.1934690475464,10.1458368258817,0,0,0,0,0,0,0,60.4466552734375,0,0,0,0,55.5251598358154,67.445182800293,0,0,0,0,0,0,0,0,66.2698890686035,0,0,18.4815120697021,4.82767034902035,5.14927322882802,7.62370474532926,0,7.16948983954522,0,9.03132080386507,0,20.3208235173138,49.3460845947266,0
0,0,0,0,0,0,0,0,0,0,0,0,0,0,0,0,0,0,74.2344436645508,0,0,0,0,0,0,0,0,0,0,0,0,4.00983474768844,7.81067311763763,4.17758255574508,0,16.4254435835213,4.24354024728139,14.9991090774536,4.81944435274499,0,0,0,20.519540309906,0,0,0,44.0407447814941,5.40485327609615,13.387334255323,0,0,0,0,0,0,0,64.6203231811523,0,0,0,0,0,0,44.9638061523438,0,0,0,0,0,0,0,0,0,0,6.52605830084893,3.39381060880773,7.59578693988628,4.04439210762849,19.9642363071442,6.38298911932038,15.3201356887817,5.86264893844837,4.34323819546864,0,27.5368067423503,0,0
0,0,0,0,0,7.77434158325195,0,0,0,0,0,4.55934212274022,0,0,0,0,87.1972592671712,78.5521596272786,66.1345680499899,5.95138167073257,0,0,0,0,0,0,0,0,0,0,0,7.77270857131842,4.69948139377669,8.06736049056053,16.4254435835213,0,3.27180709189652,6.81052888860667,0,21.5361582600341,4.22105598449707,38.6215866958203,69.5135269165039,54.5294103622437,0,20.2773359204238,71.6760711669922,18.9848493790032,28.6228313446045,35.5631335576375,0,0,0,0,0,0,0,31.4662276181308,0,0,0,0,8.79508232296744,0,0,0,0,0,0,0,38.6905008951823,0,47.9703825491446,0,6.67359006114122,4.67420898313108,6.36610208080791,0,6.44872741298227,3.91056403042614,8.21829529355957,0,5.89543278572911,4.2111196543308,20.8337490005618,34.9919262819512,0
60.6279258728027,0,5.07125568389893,0,28.5856636762619,0,0,0,0,0,4.53393424318192,0,0,0,0,0,76.8056325912476,91.5930490493774,63.4404051644461,0,9.76755367032068,0,0,0,0,0,0,0,0,0,0,15.2284948296017,4.15564439826541,37.2626462663923,4.24354024728139,3.27180709189652,0,0,7.05320213954864,44.2409720420837,27.472142645807,57.9453557332357,32.7744309203793,0,36.5785953998566,49.4776155683729,30.6895502938633,29.7935802386357,29.6086892687946,23.770191192627,0,0,0,0,0,0,37.6564431190491,0,0,0,0,0,0,16.5133866851358,0,0,0,80.8252029418945,0,0,0,63.3049545288086,0,53.3445165157318,0,11.0591320876338,37.6927363077799,6.32057219563108,17.2679269858769,7.01820080700472,0,8.13611706341358,6.46260838687767,4.60649128289636,21.8818042638439,0,38.8529315948486
0,0,0,0,0,0,0,0,0,3.56068396568298,0,3.43686447526417,0,0,0,0,0,0,0,4.46288071045509,0,3.63944510205299,0,3.96856246185303,0,0,0,0,0,4.76797323567527,0,0,0,7.89573763853667,14.9991090774536,6.81052888860667,0,0,0,0,0,5.0584859081677,0,0,0,0,0,6.77608670783869,0,8.41848675265457,0,0,0,0,0,3.05605041980743,0,6.86777541372511,0,0,0,0,4.33326280117035,0,5.04586811753007,0,4.26501020931062,0,0,0,8.46736145019531,0,5.52128174569872,0,0,0,6.63075653903456,3.80710526307424,9.76754644536273,0,5.23466909205152,2.96218156814575,5.01923208823571,3.60119309595653,3.71255937963724,9.48355054855347,0
0,0,0,0,0,0,0,0,8.60459798299349,0,3.59078562831527,0,0,0,0,0,0,0,79.1746482849121,0,4.24838064511617,0,3.64954916453032,0,5.17565782763,0,0,0,0,0,3.9141809741656,0,0,0,4.81944435274499,0,7.05320213954864,0,0,0,0,0,5.18690327550634,0,0,0,33.1470134598868,3.45331646147228,5.31609596831075,0,0,0,0,0,8.89902165974156,0,0,0,0,0,0,0,0,13.3213256524534,0,4.75374381889242,0,7.02019142916822,0,0,0,3.96691858231484,0,5.58437645435333,0,0,0,8.30931442896525,0,13.1685811548975,0,5.62723484765648,5.06930479369067,4.00838177419585,6.15749965443068,0,19.5300045013428
45.9710464477539,0,0,0,0,39.5693650775486,0,0,88.1441192626953,0,0,0,0,0,0,0,73.3628593683243,64.8045071017358,48.0634476195243,22.0785190875714,0,0,0,0,0,0,0,0,0,0,0,19.5971753691372,0,29.8002411524455,0,21.5361582600341,44.2409720420837,0,0,0,73.7351608276367,22.5725214361013,42.1960655212402,25.1526411506865,27.8963907415217,15.561224609768,52.5205317530139,20.7871432645937,11.6631639798482,12.8080231156055,0,0,0,0,0,0,0,40.6568914031982,0,0,0,0,19.2698479845224,58.3922348022461,0,0,0,0,0,0,45.335961383322,79.1931457519531,45.7969509199554,71.4142646789551,15.9236840190309,0,26.2972222805023,37.8799819946289,13.4199472915089,66.5124611854553,43.8411991610939,101.104713439941,40.6442199313954,68.1290036156064,20.0786111766375,21.0388714549987,0
0,0,0,0,34.4915609359741,0,0,0,54.0890502929688,0,36.0747261047363,0,0,0,0,0,59.3533497401646,71.8043182918004,47.4958818840654,0,28.9347619556245,0,0,0,0,0,0,0,0,0,0,0,0,0,0,4.22105598449707,27.472142645807,0,0,73.7351608276367,0,55.6937732696533,20.1976900514201,0,30.4679183959961,49.0255336761475,13.5767448338781,4.47953888644343,8.68229381082022,0,27.4941844940186,0,0,0,0,0,41.2812463760376,0,0,0,54.0219039916992,0,0,17.5033736391166,0,0,0,0,0,0,0,51.6177368164062,0,46.0986653841459,0,0,0,10.1541080474854,108.280044555664,10.797380002613,76.6805419921875,28.7798112594164,47.7277284349714,66.4605301751031,13.5406005634693,0,42.651415348053
0,6.22478306293488,0,28.4255677136508,0,33.3468943886135,0,0,72.419319152832,5.44974659919739,0,35.3390235900879,0,0,0,88.4501647949219,57.089889992608,50.6475213120623,30.3992275608995,0,0,0,0,3.79349250263638,0,0,0,0,0,0,0,41.6529350280762,55.1262550354004,40.0713017203591,0,38.6215866958203,57.9453557332357,5.0584859081677,0,22.5725214361013,55.6937732696533,0,12.6824939986309,21.7157989602511,32.2794929504395,20.9149805606511,61.7712153682002,17.7557409539271,45.3059921264648,17.3080489532922,0,0,0,0,0,0,113.146041870117,20.6756303136268,0,0,0,0,15.7169243962312,59.880443572998,0,0,4.62505674362183,0,0,0,26.8182625848739,131.195541381836,18.9323016219183,66.8577110290527,44.8313642699143,0,47.9852951594761,0,30.7743599414395,70.8128218496999,26.2916355370133,76.8628680706024,20.2836787275168,60.0539047241211,16.6934171010144,10.0477746702403,46.0273170471191
12.5508318917226,0,23.6031564493648,0,33.6807335301449,0,0,0,9.21624053740988,55.2300834655762,43.4115471839905,0,0,0,0,96.5126190185547,41.9075232597681,57.6877694871691,24.744386380463,0,21.4172367572784,0,0,0,0,0,0,0,0,0,0,0,0,29.4786462783813,20.519540309906,69.5135269165039,32.7744309203793,0,5.18690327550634,42.1960655212402,20.1976900514201,12.6824939986309,0,53.7557080586751,25.1633850546444,49.2775022188822,26.5825716603615,18.9966653113895,13.7261467243817,31.2205548816257,35.119647026062,0,0,0,4.62005162239075,0,24.909385504546,0,0,0,0,0,0,22.3179730667787,0,0,0,0,0,0,0,31.6776477571518,0,25.4974076028854,28.815071105957,0,34.3644161224365,0,64.8066776677182,25.0913917179355,94.5941905975342,30.5540518462658,15.4795531649491,57.1763188838959,12.2057045628555,44.7068210601807,8.18122811552359
0,0,0,0,0,0,0,0,0,0,0,0,0,0,0,0,48.7567145607688,40.5296571822393,13.2737020952948,0,0,0,0,0,0,0,0,0,0,0,0,0,0,0,0,54.5294103622437,0,0,0,25.1526411506865,0,21.7157989602511,53.7557080586751,0,0,20.0653450083225,51.3344383239746,0,0,32.0432674523556,0,0,0,0,0,0,0,21.843798995018,0,0,0,0,34.302770614624,0,0,0,0,0,0,0,0,0,25.4492221882469,0,49.4694175720215,0,0,0,35.2862085212361,79.3846130371094,28.8737253651177,84.2917194366455,28.1748728961735,41.4355443318685,21.6958444088623,16.8494410514832,0
10.3230514526367,0,0,0,0,0,0,0,0,0,0,0,0,0,0,0,34.5604850769043,53.0921236673991,14.0503341361701,0,14.7200145721436,0,0,0,0,0,0,0,0,0,0,0,0,0,0,0,36.5785953998566,0,0,27.8963907415217,30.4679183959961,32.2794929504395,25.1633850546444,0,0,35.7829294204712,30.0879301495022,0,0,0,0,0,0,0,0,0,30.5482292175293,0,0,0,0,0,0,24.2097798983256,0,0,0,0,0,0,0,0,52.6957893371582,25.4163261413574,0,0,0,0,47.3176645551409,31.0386253328466,43.2215194702148,27.5643216826075,18.1597010499423,0,7.45004638538026,0,0
0,0,0,7.30445186297099,0,20.0715736746788,0,0,52.9076318740845,0,0,13.5317448695501,0,0,0,0,65.4799764724005,57.9149848193657,37.0859108871415,11.6987732014904,0,0,0,0,0,0,0,0,0,0,0,23.8066766375587,35.2542839050293,38.5835037231445,0,20.2773359204238,49.4776155683729,0,0,15.561224609768,49.0255336761475,20.9149805606511,49.2775022188822,20.0653450083225,35.7829294204712,0,41.9477743148804,30.7505803171233,22.5233103434245,25.7045933100642,0,0,0,0,0,0,0,17.1148729626615,0,0,0,0,8.05350038967743,61.0898475646973,0,0,0,0,0,0,25.103565704724,0,24.0404649303384,65.4933967590332,18.838272599613,0,44.0092926025391,0,21.4883549491251,71.8474822998047,23.6893900215847,77.16077931722,23.4513727511793,63.9884595870972,13.9120582693498,17.9093786603841,60.4627532958984
31.5298328399658,0,5.69641467503139,0,26.08860986373,0,0,0,35.052038192749,108.044990539551,24.0306085586548,0,0,0,0,0,54.0665757921007,72.3885101079941,42.967693201881,0,19.194248623848,0,0,0,0,0,0,0,0,0,0,0,38.7515459696452,0,44.0407447814941,71.6760711669922,30.6895502938633,0,33.1470134598868,52.5205317530139,13.5767448338781,61.7712153682002,26.5825716603615,51.3344383239746,30.0879301495022,41.9477743148804,0,31.7576314665431,24.4090582610799,60.1117401123047,22.6949394543966,0,0,0,0,0,27.1257985583667,0,0,0,0,0,0,13.1211725383087,0,0,0,0,0,0,0,38.7927107249989,66.0616455078125,32.5972381878381,0,39.6252861022949,0,0,73.1497922826696,19.5223993892019,110.127782821655,30.2847425444548,36.2713383954453,62.4205134073893,19.231003696854,54.0574277242025,25.8007114015777
0,0,0,0,47.3166275024414,45.7595706808156,0,0,0,0,0,0,0,0,0,0,0,70.5533676147461,48.0912239074707,39.0396855672201,37.2211161594765,25.0033645629883,0,0,0,0,0,0,0,0,0,6.23617074533745,6.46973496567679,7.02758932548983,5.40485327609615,18.9848493790032,29.7935802386357,6.77608670783869,3.45331646147228,20.7871432645937,4.47953888644343,17.7557409539271,18.9966653113895,0,0,30.7505803171233,31.7576314665431,0,8.39988666652796,9.12108168932956,0,0,0,0,0,0,53.1223106384277,56.0061384347769,0,0,0,0,43.4141931330904,35.1416388964323,24.5759239196777,0,0,0,0,0,63.2927856445312,0,63.1628305912018,61.3416194915771,7.76252158275097,5.80283361105692,9.17010684705151,5.44782988973286,12.3957423080402,5.79214562534612,10.423017073191,6.17915974147876,16.377352887091,58.7405471801758,14.5119773678288,36.3909229278564,0
4.73708528329248,0,5.54308298443045,0,43.6914070977105,0,0,0,8.83688403212506,0,46.7931079864502,0,0,0,0,0,0,70.0498199462891,61.1513378143311,0,30.3335638184478,0,4.73143214892737,0,5.22691533006268,0,0,0,0,0,0,25.1027755737305,11.4243185422192,21.1934690475464,13.387334255323,28.6228313446045,29.6086892687946,0,5.31609596831075,11.6631639798482,8.68229381082022,45.3059921264648,13.7261467243817,0,0,22.5233103434245,24.4090582610799,8.39988666652796,0,0,0,0,0,0,4.90414907715537,0,34.6793550809224,0,0,0,0,0,32.0091667175293,27.8561694886949,0,4.51164417076111,0,6.24452340763968,0,3.44015524604104,0,7.99500006787917,71.1080474853516,39.2296349901549,26.3741340637207,14.418119430542,20.6081447601318,17.9500575486351,13.0676047007243,17.4248890554632,23.8146018981934,6.49831024220376,14.9235620515934,0,11.3948966822524,0,38.55459912618
0,3.64824119481173,0,0,0,37.0353252320063,0,0,0,2.7440357208252,0,0,0,0,0,0,95.9540328979492,64.3721131544847,50.6592480287714,31.0190477371216,0,5.91552154868061,0,4.75641788919288,0,0,0,0,0,0,0,8.71133081772748,0,10.1458368258817,0,35.5631335576375,23.770191192627,8.41848675265457,0,12.8080231156055,0,17.3080489532922,31.2205548816257,32.0432674523556,0,25.7045933100642,60.1117401123047,9.12108168932956,0,0,0,0,0,0,0,3.08103234679611,0,12.7009606646778,0,6.10827112197876,0,3.49102507318769,27.8938158416748,0,5.36337327095103,0,4.62586661122271,0,3.7405019885865,0,5.73958366718449,0,10.1058676870122,0,14.4044510690789,0,10.9334097566276,27.9168262481689,14.4082208869005,0,8.17996803140905,72.4264602661133,25.0495258921745,74.3048828125,13.6508417214613,24.7678387702048,0
0,0,3.67680437167486,0,4.44860745712322,0,5.65858391353062,0,3.38319897651672,0,2.94583535194397,0,0,0,0,0,0,0,0,0,9.36691305750892,0,0,0,0,0,0,0,0,0,0,0,0,0,0,0,0,0,0,0,27.4941844940186,0,35.119647026062,0,0,0,22.6949394543966,0,0,0,0,0,3.28024518489838,0,2.90629063333784,0,5.6069740931193,0,2.97860848335993,0,2.88655964259444,0,0,14.6548230648041,0,0,0,0,0,0,0,40.2177124023438,0,0,0,0,0,0,0,32.5856895446777,0,0,4.74106049971147,0,6.4521934407098,0,0
0,0,0,2.75293970108032,0,4.14872172115985,0,0,0,0,0,0,0,0,0,0,0,0,0,0,0,0,0,0,0,0,0,0,0,0,0,0,0,0,0,0,0,0,0,0,0,0,0,0,0,0,0,0,0,0,0,0,0,0,0,0,0,0,0,0,0,0,0,0,0,0,0,0,0,0,0,0,0,0,0,0,0,0,0,0,0,0,0,0,2.97829407912034,0,0
0,0,0,0,4.89487483816327,0,3.71901115509266,0,0,0,4.40016034850501,0,0,0,0,0,0,0,0,0,4.6463974333824,0,0,0,0,0,0,0,0,0,0,0,0,0,0,0,0,0,0,0,0,0,0,0,0,0,0,0,0,0,3.28024518489838,0,0,0,0,0,5.27610476263638,0,0,0,0,0,0,0,0,0,0,0,0,0,0,0,0,0,0,0,0,0,0,0,0,0,5.22723131709629,0,0,0,0
0,0,0,0,0,4.98822046518326,0,3.28607000556647,0,0,0,0,0,0,0,0,0,0,0,0,0,0,0,0,0,0,0,0,0,0,0,0,0,0,0,0,0,0,0,0,0,0,0,0,0,0,0,0,0,0,0,0,0,0,0,0,0,0,0,0,0,0,0,0,0,0,0,0,0,0,0,0,0,0,0,0,0,0,0,0,0,0,7.38953399658203,0,0,0,0
5.16200776611056,0,3.30032377468573,0,0,0,0,0,3.97188320616984,0,0,0,0,0,4.26340660682091,0,19.2903499784141,38.5589270958534,33.2040116446359,0,0,0,0,0,6.3051529952458,0,2.95100247859955,0,0,0,0,0,0,0,0,0,0,0,8.89902165974156,0,0,0,4.62005162239075,0,0,0,0,0,4.90414907715537,0,2.90629063333784,0,0,0,0,0,0,0,2.73900151252747,0,4.16536876890394,92.4743347167969,0,0,0,0,0,9.47313380241394,0,3.37016701698303,0,0,0,0,0,0,0,0,0,0,0,6.30257244656483,10.7093798185324,10.0994434356689,13.8364616185427,0,0
0,3.82789568328857,0,3.40341652234395,0,3.76172816753387,0,0,0,4.13317759451038,0,0,0,0,0,4.50326279903713,34.8948204040527,23.1322170029516,24.964565669789,0,0,0,0,20.1679162979126,0,13.3114941303547,0,0,0,0,0,0,0,0,0,0,0,3.05605041980743,0,0,0,0,0,0,0,0,0,0,0,3.08103234679611,0,0,0,0,0,0,0,0,0,0,0,6.3667458987236,0,0,0,0,3.99718809127808,0,12.8474731445312,0,0,0,0,0,0,0,0,0,108.42081451416,0,3.10289672017097,0,12.9267247620195,10.0293278353555,0,0,0
33.313850402832,0,19.015045662721,0,6.65512723569517,0,4.16555703603304,0,0,0,5.19115604124261,0,4.02644968032837,0,0,0,67.2769140763716,67.281623840332,40.7478094322737,0,5.63607826930113,0,0,0,0,0,0,0,0,0,5.77535107930501,0,0,0,64.6203231811523,0,37.6564431190491,0,0,0,41.2812463760376,113.146041870117,24.909385504546,0,30.5482292175293,0,27.1257985583667,53.1223106384277,34.6793550809224,0,5.6069740931193,0,5.27610476263638,0,0,0,0,0,3.63380824455193,0,0,0,0,11.8107115533617,0,0,0,0,0,0,0,6.63754066647095,0,5.03316359150144,0,0,0,0,89.382438659668,42.9567306920102,0,8.77586712156023,30.781643269197,79.9412002563477,13.9896152175233,0,18.7036120963819
0,0,0,28.5808658599854,0,33.1705293655396,0,0,0,0,0,8.15769950154948,0,0,0,0,0,74.7883148193359,62.964464524213,5.87289526727464,0,0,0,0,0,0,0,0,0,3.83345182907624,0,53.6831893920898,0,60.4466552734375,0,31.4662276181308,0,6.86777541372511,0,40.6568914031982,0,20.6756303136268,0,21.843798995018,0,17.1148729626615,0,56.0061384347769,0,12.7009606646778,0,0,0,0,0,0,0,0,0,5.14782327413559,0,9.11353531590214,6.91434521721778,0,0,0,0,0,9.71117794129156,0,6.76844719423933,0,5.77376346768073,0,0,0,0,0,46.6042232513428,0,6.42204468180663,0,11.3635325160453,0,11.3274431097681,17.7982683726719,0
0,0,0,0,3.21785040635329,0,0,0,0,0,3.51173395460302,0,3.0136194889362,0,0,0,0,0,0,0,0,0,0,0,0,0,0,0,0,0,0,0,0,0,0,0,0,0,0,0,0,0,0,0,0,0,0,0,0,0,2.97860848335993,0,0,0,2.73900151252747,0,3.63380824455193,0,0,0,0,0,0,0,0,0,0,0,0,0,0,0,0,0,0,0,0,0,0,0,0,0,0,0,0,0,0
0,0,0,0,0,0,0,0,0,0,0,3.16460561752319,0,3.21136588609519,0,3.25935099919637,0,6.67372696859795,0,0,0,0,0,0,0,0,0,4.44224719440236,0,0,0,0,0,0,0,0,0,0,0,0,0,0,0,0,0,0,0,0,0,6.10827112197876,0,0,0,0,0,0,0,5.14782327413559,0,0,0,0,0,0,0,0,0,0,13.1968522427687,0,9.10238109568616,0,0,0,0,0,0,0,0,0,0,0,3.11367285251617,0,0,0,0
2.95410394668579,0,0,0,0,0,0,0,7.34493318418177,0,0,0,0,0,3.4852513873249,0,10.3500714469374,43.4256607055664,19.9678098360697,0,0,0,0,0,0,0,3.58062524795532,0,0,0,0,0,0,0,0,0,0,0,0,0,54.0219039916992,0,0,0,0,0,0,0,0,0,2.88655964259444,0,0,0,4.16536876890394,0,0,0,0,0,0,0,0,0,0,0,0,0,0,0,0,0,0,0,0,0,0,0,0,63.3418712615967,0,0,5.68936671550919,0,0,0,0
0,3.70102200337819,0,0,0,2.84949117898941,0,0,0,10.2381966869036,0,0,0,3.40821599960327,0,5.26809422335317,46.7490897024831,23.2588862365292,40.2652277512984,0,0,0,0,32.9922180175781,0,13.6191185750459,0,0,0,0,0,0,0,0,0,0,0,0,0,0,0,0,0,0,0,0,0,0,0,3.49102507318769,0,0,0,0,92.4743347167969,6.3667458987236,0,9.11353531590214,0,0,0,0,0,0,0,0,0,46.4767570495605,16.1983032226562,0,0,0,0,0,0,0,0,0,0,0,0,0,15.6523908579125,9.07677758534749,65.9263229370117,0,0
0,14.5151166915894,0,0,0,13.4862839698791,0,0,0,0,0,9.49573790041128,0,0,0,0,0,0,62.9445648193359,5.60603154512361,0,0,0,0,0,0,0,0,0,0,0,35.963316599528,47.1064300537109,55.5251598358154,0,8.79508232296744,0,4.33326280117035,0,19.2698479845224,0,15.7169243962312,0,34.302770614624,0,8.05350038967743,0,43.4141931330904,32.0091667175293,27.8938158416748,0,0,0,0,0,0,0,6.91434521721778,0,0,0,0,0,0,0,0,0,0,0,0,15.1098641254863,0,13.3486140760092,0,29.505271381802,0,53.4987163543701,0,9.8470463267581,0,14.5216204046579,0,7.23193676818704,0,10.8639597673988,16.5271627719586,0
0,0,27.0577870474921,0,14.4132685195441,0,0,0,54.7722549438477,85.8193206787109,8.57575177939042,0,0,0,60.6781692504883,0,60.395650157222,82.6101608276367,52.7729298751966,0,9.74205074741512,0,0,0,0,0,0,0,0,0,0,0,42.3615425109863,67.445182800293,44.9638061523438,0,16.5133866851358,0,13.3213256524534,58.3922348022461,17.5033736391166,59.880443572998,22.3179730667787,0,24.2097798983256,61.0898475646973,13.1211725383087,35.1416388964323,27.8561694886949,0,14.6548230648041,0,0,0,0,0,11.8107115533617,0,0,0,0,0,0,0,0,0,0,0,0,0,0,23.373319993148,0,18.9074207989475,0,46.3055076599121,0,0,0,19.3390192302407,95.3996658325195,14.3452178275032,20.1028257321683,63.0091855185373,15.2528629257433,0,19.0244251565088
0,0,0,0,0,0,0,0,0,0,0,0,0,0,0,0,0,0,0,0,0,4.90460802130044,2.74249851703644,5.25103086040866,0,0,0,3.69306862354279,0,0,0,0,0,0,0,0,0,5.04586811753007,0,0,0,0,0,0,0,0,0,24.5759239196777,0,5.36337327095103,0,0,0,0,0,0,0,0,0,0,0,0,0,0,0,0,5.68214777520708,0,6.71267580986023,0,3.40053704446423,0,0,0,0,0,0,0,0,0,5.09465739137691,0,4.8048352743747,2.8481143116951,0,0,0
0,0,0,0,0,0,0,0,0,0,0,0,0,0,0,0,2.74879097938538,0,0,0,0,0,4.86491011790945,0,5.50024044431489,0,0,0,0,0,0,0,0,0,0,0,0,0,4.75374381889242,0,0,0,0,0,0,0,0,0,4.51164417076111,0,0,0,0,0,0,0,0,0,0,0,0,0,0,0,0,0,0,5.30600818343784,0,5.97915363311768,0,4.59847026211875,0,0,0,0,0,0,0,0,0,6.36838160975035,3.64331967255165,2.95801989237467,0,0,0
0,4.08960754943617,0,0,0,0,0,0,0,4.42200877064856,0,0,0,0,0,0,0,0,0,0,0,5.12457674475992,0,3.66899606159755,0,3.04371063411236,0,0,0,0,0,0,0,0,0,0,0,4.26501020931062,0,0,0,4.62505674362183,0,0,0,0,0,0,0,4.62586661122271,0,0,0,0,0,3.99718809127808,0,0,0,0,0,0,0,0,5.68214777520708,0,0,0,3.02054187655449,0,0,0,0,0,0,0,0,0,0,0,3.16886768479278,0,3.42115733154819,3.02603586514791,3.5191995602028,0,0
0,0,0,0,0,0,0,0,14.959678636407,29.1314804077148,0,0,0,0,29.1860208511353,0,19.3916616465734,30.4656815142245,32.2276758617825,0,0,0,6.55590111868722,0,7.01904934644699,0,3.69884371757507,0,0,0,0,0,0,0,0,0,80.8252029418945,0,7.02019142916822,0,0,0,0,0,0,0,0,0,6.24452340763968,0,0,0,0,0,9.47313380241394,0,0,0,0,0,0,46.4767570495605,0,0,0,5.30600818343784,0,0,0,4.60149534358535,0,0,0,0,0,0,0,0,0,0,0,4.48339691808668,10.2174591372031,0,8.22665237217415,0,0
0,0,0,0,0,0,0,0,34.9817047119141,20.634551525116,0,0,0,0,0,6.23685836791992,0,21.006454045956,47.9338760375977,0,0,3.8888165543351,0,3.334540087382,0,3.58342839816569,0,0,0,0,0,0,0,0,0,0,0,0,0,0,0,0,0,0,0,0,0,0,0,3.7405019885865,0,0,0,0,0,12.8474731445312,0,9.71117794129156,0,13.1968522427687,0,16.1983032226562,0,0,6.71267580986023,0,3.02054187655449,0,0,0,5.23002694514546,0,0,0,0,0,0,0,0,0,0,0,9.16871611127314,0,0,0,0
0,0,0,0,0,0,0,0,5.62159927267777,59.1464195251465,0,0,0,0,7.99802409518849,0,12.1196217650459,39.8510973453522,25.9692807197571,0,0,0,2.93307462605563,0,7.52288031578064,0,2.74100685119629,0,0,0,0,0,0,0,0,0,0,0,0,0,0,0,0,0,0,0,0,0,3.44015524604104,0,0,0,0,0,3.37016701698303,0,0,0,0,0,0,0,0,0,0,5.97915363311768,0,4.60149534358535,0,0,0,4.34483900003963,0,0,0,0,0,0,0,0,0,0,8.26639323764377,0,0,0,0
0,0,0,32.7560501098633,0,0,0,0,0,0,0,0,0,0,0,0,0,0,81.8596725463867,11.5407154083252,0,4.46234830657204,0,0,0,8.37236973674027,0,4.18497376327591,0,7.37625980377197,0,61.7757558822632,0,0,0,38.6905008951823,0,8.46736145019531,0,45.335961383322,0,26.8182625848739,0,0,0,25.103565704724,0,63.2927856445312,0,5.73958366718449,0,0,0,0,0,0,0,6.76844719423933,0,9.10238109568616,0,0,15.1098641254863,0,3.40053704446423,0,0,0,5.23002694514546,0,0,0,5.76084444912491,0,0,0,68.6832809448242,0,50.380558843198,0,7.07566222151399,0,52.4757204055786,0,12.3114070119085,23.0388340950012,0
0,0,36.686491171519,0,42.5229250590006,0,0,0,0,0,0,0,0,0,0,0,31.7545359134674,0,50.9527346871116,0,18.5560426182217,0,6.11637448381495,0,0,0,3.69955992698669,0,4.08571272553084,0,3.5238770544529,0,0,0,0,0,63.3049545288086,0,3.96691858231484,79.1931457519531,51.6177368164062,131.195541381836,31.6776477571518,0,0,0,38.7927107249989,0,7.99500006787917,0,40.2177124023438,0,0,0,0,0,6.63754066647095,0,0,0,0,0,0,23.373319993148,0,4.59847026211875,0,0,0,4.34483900003963,0,0,0,5.49684599513024,0,0,0,0,0,53.1892006188108,0,3.92482555947718,48.4786235839128,0,21.6366212059315,0,28.8739953994751
0,0,0,0,0,39.6996828715006,0,0,80.0864410400391,0,0,11.0870068411189,0,0,0,0,69.965576171875,83.7360382080078,60.2880430221558,8.21229031256267,0,0,0,0,0,0,0,3.16339588165283,0,5.30033939813608,0,58.8168754577637,0,66.2698890686035,0,47.9703825491446,0,5.52128174569872,0,45.7969509199554,0,18.9323016219183,0,25.4492221882469,52.6957893371582,24.0404649303384,66.0616455078125,63.1628305912018,71.1080474853516,10.1058676870122,0,0,0,0,0,0,0,5.77376346768073,0,0,0,0,13.3486140760092,0,0,0,0,0,0,0,5.76084444912491,0,0,0,0,0,0,0,52.6043578601274,0,5.53509347514462,129.630950927734,43.6195799191793,85.0414810180664,14.4658543482265,20.5985472141168,128.539016723633
37.4152450561523,0,31.1716332928888,0,39.5006535847982,0,0,0,0,0,7.56725474804808,0,0,0,0,122.641632080078,63.604141034578,89.3673229217529,44.0343072562382,0,11.2451532634337,0,0,0,0,0,0,0,3.82909286447934,0,3.9380236554541,0,0,0,0,0,53.3445165157318,0,5.58437645435333,71.4142646789551,46.0986653841459,66.8577110290527,25.4974076028854,0,25.4163261413574,65.4933967590332,32.5972381878381,61.3416194915771,39.2296349901549,0,0,0,0,0,0,0,5.03316359150144,0,0,0,0,0,0,18.9074207989475,0,0,0,0,0,0,0,5.49684599513024,0,0,0,0,0,0,77.6846389770508,48.5958972443315,0,5.65146762547161,59.1791186977077,84.3332366943359,15.0252716148411,0,22.691680804939
0,0,0,0,0,0,0,0,0,107.255798339844,0,0,0,0,0,0,109.847007751465,84.1499659220378,76.1809237798055,0,0,0,0,0,0,0,0,0,0,0,0,5.57031152775521,6.01382117574057,0,6.52605830084893,6.67359006114122,0,0,0,15.9236840190309,0,44.8313642699143,28.815071105957,49.4694175720215,0,18.838272599613,0,7.76252158275097,26.3741340637207,14.4044510690789,0,0,0,0,0,0,0,0,0,0,0,0,29.505271381802,0,0,0,0,0,0,0,0,0,0,0,0,8.12705687342621,6.47978348373085,11.3522498607635,8.05362969387722,0,19.0056876540184,0,6.94234806121664,0,32.1326286792755,49.6726820809501,0
0,0,0,0,0,0,0,0,0,0,0,0,0,0,0,0,0,0,0,0,0,0,0,0,0,0,0,0,0,0,0,5.89434117475401,5.38840546217711,18.4815120697021,3.39381060880773,4.67420898313108,11.0591320876338,0,0,0,0,0,0,0,0,0,39.6252861022949,5.80283361105692,14.418119430542,0,0,0,0,0,0,0,0,0,0,0,0,0,0,46.3055076599121,0,0,0,0,0,0,0,0,0,0,8.12705687342621,0,0,5.49329103969392,14.7118120193481,5.15853802358316,0,0,3.94254517832468,0,57.1857948303223,0,0
0,0,0,0,0,63.2728856404622,0,0,0,0,0,0,0,0,0,0,0,0,0,0,0,0,0,0,0,0,0,0,0,0,0,15.4560744285583,9.78781405459629,4.82767034902035,7.59578693988628,6.36610208080791,37.6927363077799,6.63075653903456,0,26.2972222805023,0,47.9852951594761,34.3644161224365,0,0,44.0092926025391,0,9.17010684705151,20.6081447601318,10.9334097566276,0,0,0,0,0,0,0,0,0,0,0,0,53.4987163543701,0,0,0,0,0,0,0,68.6832809448242,0,0,0,6.47978348373085,0,0,8.62635278701782,10.1848966225044,30.3492259979248,5.0760279064235,0,9.33030070373189,0,26.2891042593754,0,0
