0,0,4.71660804678618,0,9.28383545026387,0,0,0,4.02259393918474,0,0,0,0,0,0,0,31.2564594095404,37.4663200855255,12.6963899227732,0,0,0,0,0,3.79256987571716,0,0,0,0,0,0,0,0,0,0,0,55.7589378356934,0,0,69.1086959838867,34.0218929422313,63.2791309356689,23.4627755150866,0,0,0,23.0129944256374,0,5.58773234231131,0,0,0,0,0,4.16912615733591,0,0,0,0,0,3.36314868927002,0,0,37.7057750408466,0,0,0,8.46350526809692,0,0,0,0,0,0,0,0,0,0,69.2352995439009,36.3086199287896,61.1013870239258,75.4108505249023,12.8038637362236,10.2249582052231,9.65471836924553,0,62.9943199157715
0,0,0,7.82369481557168,0,0,0,0,21.9451808929443,5.20899794896444,0,0,0,0,0,0,23.356237411499,42.0038509368896,8.62541739145915,0,0,0,0,0,0,0,0,0,0,0,0,0,0,0,0,0,0,14.6098217964172,0,31.2278957366943,0,19.7467378510369,0,0,0,0,0,38.8265619277954,47.5394706726074,6.23195412607476,0,0,0,0,0,6.28301369662777,0,0,0,0,0,4.15483788297146,0,0,0,0,13.749883719853,0,0,0,0,0,0,0,0,0,0,0,33.032528338225,0,34.8595848083496,0,15.1372015740261,19.3523137651641,14.6131595024248,18.5844187736511,0
4.71660804678618,0,0,0,8.37776869878931,0,0,0,7.17533637138835,0,29.1331920623779,0,0,0,0,0,0,0,41.474760055542,0,27.6063842773438,0,0,0,0,0,0,0,0,0,35.0021572113037,0,0,0,0,0,50.7616958618164,0,36.8525581359863,0,36.7032630226829,0,31.2476158777873,0,0,0,19.026271395727,43.3154670715332,12.0488151286725,37.2750091552734,6.74664937929403,0,0,0,7.31929480439365,0,23.4048835247282,0,4.85567892392476,0,3.98682117462158,0,0,18.5381283393273,0,0,0,0,0,0,0,0,0,30.0520809057987,0,0,0,0,0,41.4018809947562,0,37.053871790568,8.36965669904436,5.49045062065125,9.70560075165862,0,19.5427331924438
0,7.82369481557168,0,0,0,12.0533656899522,0,0,0,6.89810368387323,0,0,0,0,0,0,37.372386932373,0,47.2837829589844,0,0,0,0,0,0,0,0,0,0,0,0,0,0,0,0,9.05057621002197,0,0,0,36.3333149934426,0,32.0674454268174,75.9835662841797,0,0,13.1323081917233,0,41.1043475468953,0,13.2523625971907,0,7.82246916496802,0,0,0,8.13743804109131,0,6.88290373902572,0,4.44222036600113,0,5.04857587814331,92.8589477539062,0,0,0,0,0,0,0,29.4478944142659,0,28.7936169760568,0,0,0,0,0,55.9862916734483,0,35.8244968414307,0,12.4903113127965,10.0671140807016,13.1520966354471,24.5973072052002,0
9.28383545026387,0,8.37776869878931,0,0,0,3.3041552066803,0,4.52290070449913,0,0,0,4.32643650954878,0,3.11715718416067,0,0,0,102.987007141113,0,6.50668304713804,0,0,0,0,0,0,0,0,0,0,0,0,0,0,0,31.0120537174282,0,0,0,47.0607489309003,0,49.9030757791856,0,0,0,26.0879990234971,50.5505475997925,44.5219533443451,48.2458305358887,4.67716680937331,0,6.73002917116339,0,3.81774612183266,0,30.7247858312395,0,4.93321969360113,0,8.44440696636836,0,0,7.54215785115957,0,0,0,0,0,0,0,0,0,43.2041102322665,0,0,0,0,0,30.4116880080279,0,51.50830078125,4.9965771224659,3.54358626902103,12.5679181593133,0,38.2248147328695
0,0,0,12.0533656899522,0,0,0,2.95320510864258,0,7.90590832914625,0,0,0,3.0785665512085,0,2.95337700843811,0,0,55.0688870747884,6.59685134887695,0,0,0,0,0,0,0,0,0,0,0,0,0,0,0,24.5653199588551,0,47.1017799377441,0,45.1001285171509,0,47.9212794786089,0,0,0,19.1386662986543,0,44.9145345687866,0,43.8821014548248,0,4.11255511189393,0,0,0,0,0,19.4854892194271,0,3.78168193672014,0,6.69651906001262,12.9066201730126,0,0,0,0,0,0,0,60.3277568817139,0,38.3910725911458,0,0,0,0,0,23.90713371986,0,49.3463279724121,0,6.04493361543726,3.56564988998266,15.6237721873111,61.6384963989258,0
0,0,0,0,3.3041552066803,0,0,0,0,0,2.74346828460693,0,0,0,0,0,0,0,0,0,5.41538700351009,0,0,0,0,0,0,0,0,0,0,0,0,0,0,0,26.1287040710449,0,0,0,0,0,0,0,0,0,0,0,0,0,0,0,2.92780230045319,0,0,0,3.22520243680036,0,3.17294216156006,0,0,0,0,0,0,0,0,0,0,0,0,0,0,0,0,0,0,0,0,14.8511215845744,0,0,3.52614872317323,3.17232892019995,8.19548892974854,0,0
0,0,0,0,0,2.95320510864258,0,0,0,0,0,0,0,2.99571595436487,0,0,0,0,0,0,0,0,0,0,0,0,0,0,0,0,0,0,0,0,0,0,0,0,0,0,0,0,0,0,0,0,0,0,0,0,0,0,0,3.4677874567997,0,0,0,5.66223088741302,0,3.50187149790467,0,0,0,0,0,0,0,0,0,0,0,0,0,0,0,0,0,0,0,0,0,0,3.23539144496123,3.3631336312545,0,0,0
4.02259393918474,21.9451808929443,7.17533637138835,0,4.52290070449913,0,0,0,0,0,0,0,0,0,4.07097659192302,0,16.3195885153604,34.2318437736453,11.307575451794,0,0,0,0,0,5.23507043589716,0,4.32324970022161,0,0,0,0,0,0,0,0,0,0,0,6.25721216334606,46.6439094543457,0,0,6.09576572598638,0,0,0,21.0934410095215,0,7.0262909152291,0,4.01892167871649,0,0,0,4.57441950115976,0,34.0938758850098,0,0,0,3.2772602890477,0,0,24.8193016052246,0,0,0,3.83099471032619,0,4.17428090243504,0,0,0,37.0641422271729,0,0,0,0,62.7923355102539,38.0095138549805,93.0972442626953,9.59272167764861,5.97547501425036,8.28036956053514,5.80378049389085,0,0
0,5.20899794896444,0,6.89810368387323,0,7.90590832914625,0,0,0,0,0,0,0,0,0,5.42068162868763,41.957097189767,26.2740715181126,19.3422348896662,0,0,0,0,6.02471690892343,0,3.24499053304846,0,0,0,0,0,0,0,0,0,0,0,6.57577571997771,0,39.6590941292899,0,23.4495941275045,35.6643753051758,0,0,21.7099854605538,0,35.8503931218928,48.7230911254883,43.0699901580811,0,11.0004444956779,0,0,0,6.09424642773729,0,59.2016410827637,0,80.7066192626953,0,4.63514098034629,0,0,0,0,6.84227281031401,0,3.17152416706085,0,0,0,33.3522148132324,0,0,0,0,0,0,0,9.38740845199104,0,8.09849250107021,5.6459014415741,13.526611144312,0,0
0,0,29.1331920623779,0,0,0,2.74346828460693,0,0,0,0,0,3.06754429611617,0,0,0,0,0,41.3088665008545,0,3.6589158544782,0,0,0,0,0,0,0,0,0,6.27203751077839,0,0,0,0,0,3.45194712329555,0,5.67119898885118,0,48.7986221313477,0,37.0963649749756,0,0,0,22.855613728787,0,54.147403717041,0,0,0,2.85150516033173,0,41.3985481262207,0,6.49888783461721,0,3.16506508570998,0,0,0,0,8.17990294204039,0,0,0,0,0,0,0,0,0,7.64982693990072,0,0,0,0,0,8.96872108422437,0,9.5190312403899,3.51412740999339,2.97627851366997,12.7753625512123,0,0
0,0,0,0,0,0,0,0,0,0,0,0,0,2.85190596905622,0,0,0,0,0,3.06008471051852,0,0,0,0,0,0,0,2.75046539306641,0,3.99703288078308,0,0,0,0,0,3.16789183758273,0,4.44492752561456,0,0,0,0,0,0,0,13.4899524052938,0,0,0,0,0,0,0,0,0,0,0,4.89929359467619,0,2.94364543528284,0,0,4.96763165507998,0,0,0,0,0,0,0,0,0,5.78985595226288,0,0,0,0,0,3.24970112127416,0,7.77537053706599,0,6.88118091159397,3.60215187072754,9.30310001373291,0,0
0,0,0,0,4.32643650954878,0,0,0,0,0,3.06754429611617,0,0,0,4.12720953093635,0,0,0,0,0,0,0,0,0,0,0,0,0,3.20329961776733,0,0,0,0,0,0,0,0,0,0,0,0,0,0,0,0,0,0,0,0,0,0,0,0,0,0,0,3.09254558881124,0,3.4622580840196,0,2.74364256858826,0,0,0,0,0,0,0,0,0,0,0,0,0,0,0,0,0,0,0,0,0,3.2029820245855,4.05063872987574,0,0,0
0,0,0,0,0,3.0785665512085,0,2.99571595436487,0,0,0,2.85190596905622,0,0,0,7.10992892583211,0,0,0,0,0,0,0,0,0,0,0,3.69043578551366,0,0,0,0,0,0,0,0,0,0,0,0,0,0,0,0,0,0,0,0,0,0,0,3.04300272464752,0,3.10839021205902,0,0,0,2.9351974046683,0,4.22071637270105,0,4.43177700042725,0,0,0,0,0,0,0,0,0,0,0,0,0,0,0,0,0,0,0,0,3.39761539087063,3.03576184809208,0,0,0
0,0,0,0,3.11715718416067,0,0,0,4.07097659192302,0,0,0,4.12720953093635,0,0,0,11.1677637442613,35.5901468450373,21.4529032707214,0,0,0,0,0,4.15131298700968,0,4.7875577143903,0,0,0,0,0,0,0,0,0,0,0,0,0,108.487861633301,0,0,0,0,0,0,0,0,0,0,0,0,0,3.19325746536255,0,0,0,3.49907798033494,0,3.44770370083051,0,0,0,0,0,0,0,0,5.2153648853302,0,0,0,0,0,0,0,0,0,0,0,0,5.15752042835331,5.00175603561931,0,0,0
0,0,0,0,0,2.95337700843811,0,0,0,5.42068162868763,0,0,0,7.10992892583211,0,0,0,2.84701132774353,0,0,0,0,0,4.12625441948573,0,4.84815096855164,0,0,0,0,0,0,0,0,0,0,0,0,0,0,0,0,0,0,0,0,0,0,0,0,0,8.98820650577545,0,0,0,3.58633963685287,0,0,0,8.44310775035765,0,5.20888968483876,0,0,0,0,4.00949335098267,0,0,0,0,0,0,0,0,0,0,0,0,0,0,0,4.23689585718615,2.74188613891602,0,0,0
31.2564594095404,23.356237411499,0,37.372386932373,0,0,0,0,16.3195885153604,41.957097189767,0,0,0,0,11.1677637442613,0,0,21.6941417894597,21.9879402045093,0,50.865291595459,0,4.21012922072075,0,11.0289019743601,0,6.50378466936258,0,0,0,0,0,0,0,0,0,84.6095151901245,0,0,69.6748894073151,60.1532300141481,63.5781586456299,57.8440468769807,49.034984588623,51.5930856068929,58.6543220173229,52.4054628307536,0,61.8955907821655,90.5976918538411,0,0,0,0,0,0,73.7572021484375,0,0,0,9.05172657049619,0,72.2584805806478,73.1264355603386,0,0,0,0,36.8868370056152,0,0,0,68.0615793863932,66.6747161865234,0,0,0,0,75.0976605442592,71.6063390496659,77.4626896721976,64.3107531174369,14.0885039890152,10.9181393969615,56.5681478757385,60.3591606433575,53.168240626653
37.4663200855255,42.0038509368896,0,0,0,0,0,0,34.2318437736453,26.2740715181126,0,0,0,0,35.5901468450373,2.84701132774353,21.6941417894597,0,19.4079768453891,0,0,3.25091724662945,71.2195587158203,3.60781640559435,61.2091369628906,11.3135246101179,33.7809610366821,0,0,0,0,0,0,0,0,0,108.31239827474,0,0,69.8593570575043,74.316304060129,57.89479872193,66.363448878697,45.6298820495605,0,61.283449346369,65.7057359114937,0,0,75.5025911331177,0,0,0,0,0,0,0,0,0,0,35.1894989013672,3.05915331840515,73.7399999557003,84.7214031219482,4.6668264567852,0,0,0,7.71354123751322,0,63.3921699523926,0,47.1313133239746,0,0,0,0,0,76.7268238830566,87.8483153493781,73.3666239286724,83.0160729544503,14.9678626767965,22.152400478255,61.7080412814492,51.7119283933897,76.8382453918457
12.6963899227732,8.62541739145915,41.474760055542,47.2837829589844,102.987007141113,55.0688870747884,0,0,11.307575451794,19.3422348896662,41.3088665008545,0,0,0,21.4529032707214,0,21.9879402045093,19.4079768453891,0,0,39.8063002995082,0,25.6905841827393,0,0,0,30.9083518981934,0,0,0,0,0,0,0,0,0,72.773744913737,0,47.9932413101196,48.4572733323214,44.142026416212,34.241474963688,36.5426173587814,23.4756208914745,28.564298248291,38.2164179917538,33.3773638508198,0,45.060145173754,47.9716341697564,48.7920036315918,57.0334243774414,0,0,0,5.91040229797363,58.2756928393715,57.3920969281878,0,0,0,0,53.3364186461186,49.9015027589765,0,0,0,0,15.8976879119873,0,0,0,46.8758320127215,60.6971601910061,0,0,0,0,52.9399006247642,54.3475506026523,49.0889227165366,50.6826909221623,14.1478012538241,11.9781839991633,36.4636697993243,27.7152419743752,38.6768556600847
0,0,0,0,0,6.59685134887695,0,0,0,0,0,3.06008471051852,0,0,0,0,0,0,0,0,0,0,0,0,0,0,0,0,0,7.00893004735311,0,0,0,0,0,3.48299315484498,0,4.21178731984562,0,0,0,0,0,0,0,15.0185502370199,0,0,0,0,0,3.68107354640961,0,0,0,0,0,4.26690347054425,0,0,0,0,3.82858971600179,0,0,0,0,0,0,0,0,0,7.96520798546927,0,0,0,0,0,6.59920456383818,0,8.91210587819417,0,4.86268700493707,0,6.279958152771,0,0
0,0,27.6063842773438,0,6.50668304713804,0,5.41538700351009,0,0,0,3.6589158544782,0,0,0,0,0,50.865291595459,0,39.8063002995082,0,0,0,0,0,0,0,0,0,0,0,11.6721015343299,0,0,0,0,0,3.82607422963006,0,4.35856281791462,0,42.3615163167318,78.9066696166992,30.9403261184692,0,0,0,20.5552722098122,0,49.9392318725586,0,0,0,0,0,0,0,5.45472996022689,0,0,0,0,0,0,6.65246647751558,0,0,0,0,0,0,0,0,0,10.5268749109249,0,0,0,0,0,5.33720090133053,0,4.29257521145128,4.70520331885789,2.83944392204285,17.0640117923419,0,19.6331958770752
0,0,0,0,0,0,0,0,0,0,0,0,0,0,0,0,0,3.25091724662945,0,0,0,0,5.26276668635282,8.89989390062249,0,3.7179226494327,0,0,0,0,0,0,0,0,0,0,0,7.92011200525787,0,0,0,0,0,0,0,0,0,0,0,11.8322153782176,0,0,0,0,0,0,0,0,0,0,0,0,0,0,4.9291204208971,0,11.5506144344297,0,5.48504580678167,0,6.60536791967309,0,0,0,0,0,0,0,0,0,7.94060868941291,0,5.83801726818267,4.01863805452983,0,0,0
0,0,0,0,0,0,0,0,0,0,0,0,0,0,0,0,4.21012922072075,71.2195587158203,25.6905841827393,0,0,5.26276668635282,0,0,5.77381954570808,0,4.57422545221117,0,2.95444951559368,0,0,0,0,0,0,0,0,0,3.99901445900522,0,0,0,0,0,0,0,0,0,11.6994314913092,0,0,0,0,0,0,0,0,0,0,0,0,0,0,0,0,3.89699865643065,0,6.40220970673995,0,3.60255359955064,0,2.9611185391744,0,0,0,0,0,0,0,0,0,3.97894987400542,3.89222958761443,3.74360122231289,22.958283106486,0,0
0,0,0,0,0,0,0,0,0,6.02471690892343,0,0,0,0,0,4.12625441948573,0,3.60781640559435,0,0,0,8.89989390062249,0,0,0,4.5139326676818,0,0,0,0,0,0,0,0,0,0,0,6.1294556153285,0,0,0,0,0,0,0,0,0,0,0,6.65299053270309,0,0,0,0,0,6.35264520556013,0,0,0,0,0,6.91845560073853,0,0,8.69471177026998,0,4.68746925638455,0,5.20962530971414,0,4.13427639007568,0,0,0,0,0,0,0,0,0,6.2654657976343,0,4.33759087197324,0,3.84523230791092,0,0
3.79256987571716,0,0,0,0,0,0,0,5.23507043589716,0,0,0,0,0,4.15131298700968,0,11.0289019743601,61.2091369628906,0,0,0,0,5.77381954570808,0,0,0,4.38781632603826,0,0,0,0,0,0,0,0,0,0,0,5.40490364701781,0,0,0,16.5235629081726,0,0,0,0,15.3031024932861,14.6987458319891,0,0,0,0,0,6.15219175338745,0,0,0,0,0,0,0,0,0,0,5.4603664251891,0,4.72055205119025,0,4.55358142167508,0,0,0,0,0,0,0,0,0,0,0,4.65597705085679,6.32964958942014,0,8.20974294013447,0,0
0,0,0,0,0,0,0,0,0,3.24499053304846,0,0,0,0,0,4.84815096855164,0,11.3135246101179,0,0,0,3.7179226494327,0,4.5139326676818,0,0,0,5.36959403753281,0,0,0,0,0,0,0,0,0,21.2621669769287,0,0,0,0,0,0,0,0,0,0,0,9.48543930053711,0,0,0,0,0,3.65782710813707,0,0,0,0,0,6.00338459014893,0,0,6.43916548046607,0,7.20057958920797,0,4.06517305414555,0,5.39516639709473,0,0,0,0,0,0,0,0,0,0,0,5.71959733813064,0,0,0,0
0,0,0,0,0,0,0,0,4.32324970022161,0,0,0,0,0,4.7875577143903,0,6.50378466936258,33.7809610366821,30.9083518981934,0,0,0,4.57422545221117,0,4.38781632603826,0,0,0,0,0,0,0,0,0,0,0,0,0,0,0,0,0,0,0,0,0,0,0,0,0,0,0,0,0,5.16776788234711,0,0,0,0,0,5.47557338078817,0,0,0,0,0,0,0,0,3.05231870351646,0,0,0,0,0,0,0,0,108.413597106934,0,0,0,3.78616703190089,15.7272958755493,0,0,0
0,0,0,0,0,0,0,0,0,0,0,2.75046539306641,0,3.69043578551366,0,0,0,0,0,0,0,0,0,0,0,5.36959403753281,0,0,0,4.55669998239588,0,0,0,0,0,0,0,5.92155718803406,0,0,0,0,0,0,0,0,0,0,0,0,0,0,0,0,0,0,0,0,0,4.79768002734465,0,0,0,0,0,0,0,0,4.78444290161133,0,3.58142120322902,0,6.64447467327118,0,0,0,0,0,0,0,4.80016794204712,0,2.99900922866968,2.89747905731201,0,0,0
0,0,0,0,0,0,0,0,0,0,0,0,3.20329961776733,0,0,0,0,0,0,0,0,0,2.95444951559368,0,0,0,0,0,0,0,3.79699563980103,0,0,0,0,0,0,0,2.8356938097212,0,0,0,0,0,0,0,0,0,0,0,0,0,0,0,0,0,0,0,3.16444659233093,0,0,0,0,0,0,2.89547873867883,0,0,0,0,0,6.29377308615616,0,0,0,0,0,0,0,0,0,0,2.84810298681259,0,0,0,0
0,0,0,0,0,0,0,0,0,0,0,3.99703288078308,0,0,0,0,0,0,0,7.00893004735311,0,0,0,0,0,0,0,4.55669998239588,0,0,0,0,0,0,0,0,0,5.28997247542568,0,57.0881195068359,0,0,0,0,0,23.3689804077148,0,0,0,0,0,0,0,0,0,0,0,8.36804460756706,0,0,0,0,17.0077568689982,0,0,0,0,0,0,0,3.08186134758529,0,5.56645942845225,0,0,0,0,0,0,0,6.71050751570499,0,5.28211104741661,0,16.2021840413411,0,0
0,0,35.0021572113037,0,0,0,0,0,0,0,6.27203751077839,0,0,0,0,0,0,0,0,0,11.6721015343299,0,0,0,0,0,0,0,3.79699563980103,0,0,0,0,0,0,0,0,0,3.39781903558307,0,71.118278503418,0,52.5687589645386,0,0,0,30.7964187035194,0,57.2423286437988,0,0,0,0,0,0,0,6.46590634112088,0,0,0,0,0,0,19.0068234489078,0,0,0,0,0,0,0,0,0,3.70190639852539,0,0,0,0,0,55.3052913120815,0,4.49435007182919,6.14679409776415,2.74053597450256,21.5398955643177,0,22.9096361796061
0,0,0,0,0,0,0,0,0,0,0,0,0,0,0,0,0,0,0,0,0,0,0,0,0,0,0,0,0,0,0,0,3.4502489293615,22.582337886095,15.5338541666667,5.69509667158127,3.99851113557816,0,0,0,0,0,0,0,0,0,0,5.478408278933,0,0,0,0,0,0,0,0,0,0,0,0,0,0,0,0,0,0,0,0,0,0,0,0,0,0,5.91150666470842,7.11742283451942,7.7257543252862,14.1702146530151,8.32507495253773,15.353768825531,0,0,2.91493302055552,0,0,0,0
0,0,0,0,0,0,0,0,0,0,0,0,0,0,0,0,0,0,0,0,0,0,0,0,0,0,0,0,0,0,0,3.4502489293615,0,0,22.9340677923626,2.92800879478455,4.4589156010829,0,0,0,0,0,0,0,0,0,0,13.6812028763658,0,0,0,0,0,0,0,0,0,0,0,0,0,0,0,0,0,0,0,0,0,0,0,0,0,0,4.43980561362372,7.1825302470066,0,16.7181979846954,0,5.40213204602726,0,0,3.36797689273953,0,0,0,0
0,0,0,0,0,0,0,0,0,0,0,0,0,0,0,0,0,0,0,0,0,0,0,0,0,0,0,0,0,0,0,22.582337886095,0,0,4.27698158684062,8.92001698856001,0,6.12710955093816,2.82036859648568,0,0,0,0,0,0,0,0,6.93234154031192,33.4617745876312,0,0,0,0,0,0,0,0,0,0,0,0,0,0,0,0,0,0,0,0,0,0,0,0,0,20.1714829061633,0,4.4508802485145,8.24222332239151,47.3449890677993,35.6018295288086,5.61588554004718,0,7.21153950691223,6.94175959868752,29.3512986501058,0,0
0,0,0,0,0,0,0,0,0,0,0,0,0,0,0,0,0,0,0,0,0,0,0,0,0,0,0,0,0,0,0,15.5338541666667,22.9340677923626,4.27698158684062,0,0,2.91144893024907,0,5.10241253962096,0,0,0,63.392032623291,0,0,0,0,9.17293225338894,12.0003916422526,0,0,0,0,0,0,0,0,0,0,0,0,0,0,0,0,0,0,0,0,0,0,0,0,0,0,27.7952090002194,8.88781486905139,3.94716440082949,18.5983996391296,5.71190611418191,0,6.06857708020088,4.7622561990545,4.8425726890564,27.8332794189453,0,0
0,0,0,9.05057621002197,0,24.5653199588551,0,0,0,0,0,3.16789183758273,0,0,0,0,0,0,0,3.48299315484498,0,0,0,0,0,0,0,0,0,0,0,5.69509667158127,2.92800879478455,8.92001698856001,0,0,3.53249630165468,4.69783406070809,0,0,0,0,0,0,0,5.31595570700509,0,5.36604641165052,0,11.9738645553589,0,19.9721298217773,0,0,0,0,0,3.06396699514915,0,0,0,0,4.66512919945357,0,0,0,0,0,0,0,0,0,0,0,4.74345220581574,0,14.9149369500282,0,5.07817104498149,4.33790816321518,8.55473657505507,0,3.52740967330317,4.32142890922783,6.89169313405689,0,0
55.7589378356934,0,50.7616958618164,0,31.0120537174282,0,26.1287040710449,0,0,0,3.45194712329555,0,0,0,0,0,84.6095151901245,108.31239827474,72.773744913737,0,3.82607422963006,0,0,0,0,0,0,0,0,0,0,3.99851113557816,4.4589156010829,0,2.91144893024907,3.53249630165468,0,0,3.4816947444085,0,73.4504270553589,0,58.9219631567234,0,58.4798316955566,0,46.6957885584241,3.85983578430559,27.3334803342819,10.7104139328003,0,0,0,0,0,0,61.5886073329232,0,0,0,0,0,0,14.8368796038796,0,0,0,0,0,0,0,0,0,76.3643569946289,0,12.4016698666981,0,13.151821081837,4.40088607460619,5.75742046577164,112.379440307617,6.56637818221759,5.72337317450395,12.8762555360794,30.7730403464597,0,49.1724250793457
0,14.6098217964172,0,0,0,47.1017799377441,0,0,0,6.57577571997771,0,4.44492752561456,0,0,0,0,0,0,0,4.21178731984562,0,7.92011200525787,0,6.1294556153285,0,21.2621669769287,0,5.92155718803406,0,5.28997247542568,0,0,0,6.12710955093816,0,4.69783406070809,0,0,3.64055366516113,48.4753675460815,0,4.83406352996826,31.9355500539144,0,0,20.8000667618542,0,8.31350861998165,33.9464771046358,3.8350079128851,0,0,0,0,0,7.83260439691089,0,7.4670443491344,0,0,0,0,11.0800313894395,0,8.60323601004518,0,8.37070964412026,43.1703681945801,0,0,0,0,4.2276356249924,0,0,0,7.9628764024747,0,8.17561754837763,0,5.91473446477802,4.20154239192154,8.75016317619611,4.52175819355509,6.94741390609741,0,0
0,0,36.8525581359863,0,0,0,0,0,6.25721216334606,0,5.67119898885118,0,0,0,0,0,0,0,47.9932413101196,0,4.35856281791462,0,3.99901445900522,0,5.40490364701781,0,0,0,2.8356938097212,0,3.39781903558307,0,0,2.82036859648568,5.10241253962096,0,3.4816947444085,3.64055366516113,0,0,55.7415940420968,0,19.3122545607547,0,0,0,24.0889916419983,4.69405603248801,5.9647490683897,0,0,0,0,0,6.84236543085061,0,6.67583203837276,0,0,0,0,0,0,10.8244080566205,0,3.61108303537556,0,7.70234063444237,0,0,0,4.42344856262207,0,3.57380819423004,0,0,0,5.91188782139828,0,6.36141635650039,0,4.89443790693379,5.54689482787057,6.01968098114508,10.496771399404,0,23.3323245729719
69.1086959838867,31.2278957366943,0,36.3333149934426,0,45.1001285171509,0,0,46.6439094543457,39.6590941292899,0,0,0,0,0,0,69.6748894073151,69.8593570575043,48.4572733323214,0,0,0,0,0,0,0,0,0,0,57.0881195068359,0,0,0,0,0,0,0,48.4753675460815,0,0,76.0125020345052,24.063372834495,39.0319631380193,32.6471535894606,0,25.1155291712833,91.990646015514,45.2545602321625,67.3181838989258,15.4286658001481,0,46.4444604413263,0,0,0,45.3198369344076,0,35.5227402177437,0,39.7557373046875,0,0,13.5531935056351,87.8172454833984,0,0,0,0,0,0,45.8920957247416,0,48.4550499261594,0,0,0,0,0,16.6650899796892,109.552792867025,55.904759576168,110.818222045898,45.0370456944927,61.9302136898041,20.899615816761,28.7982611395847,41.0343856811523
34.0218929422313,0,36.7032630226829,0,47.0607489309003,0,0,0,0,0,48.7986221313477,0,0,0,108.487861633301,0,60.1532300141481,74.316304060129,44.142026416212,0,42.3615163167318,0,0,0,0,0,0,0,0,0,71.118278503418,0,0,0,0,0,73.4504270553589,0,55.7415940420968,76.0125020345052,0,73.9215414864676,23.7454186641782,0,28.5995489149237,97.3467193603516,18.29205293941,14.733950138092,14.0569097187327,0,41.7159729003906,0,0,0,0,0,40.5494854014407,0,0,0,0,0,0,11.2702980933675,0,0,0,0,0,0,0,0,0,53.1870056788127,0,0,0,0,100.367700364855,13.3305462539392,0,21.3720820225567,43.8953729591317,63.6759661865234,20.3427343885218,56.6123762130737,30.1699703207535
63.2791309356689,19.7467378510369,0,32.0674454268174,0,47.9212794786089,0,0,0,23.4495941275045,0,0,0,0,0,0,63.5781586456299,57.89479872193,34.241474963688,0,78.9066696166992,0,0,0,0,0,0,0,0,0,0,0,0,0,0,0,0,4.83406352996826,0,24.063372834495,73.9215414864676,0,17.600538603103,24.9277905510194,0,32.9517941474915,66.4280004501343,42.5553970336914,16.0476814905802,18.3045654245901,0,49.4191778984623,0,0,0,34.3022780069491,55.3577690124512,45.1194367287523,0,45.7116203308105,0,29.5654335021973,35.1535287498395,74.6724891662598,0,0,0,0,0,0,42.8642030129066,0,26.8602017665255,0,0,0,0,0,31.9317973763461,68.3629056930542,34.0763980327084,59.7405166625977,23.2017319859632,51.3728879048274,20.5246716458068,15.0002886163452,14.7771789550781
23.4627755150866,0,31.2476158777873,75.9835662841797,49.9030757791856,0,0,0,6.09576572598638,35.6643753051758,37.0963649749756,0,0,0,0,0,57.8440468769807,66.363448878697,36.5426173587814,0,30.9403261184692,0,0,0,16.5235629081726,0,0,0,0,0,52.5687589645386,0,0,0,63.392032623291,0,58.9219631567234,31.9355500539144,19.3122545607547,39.0319631380193,23.7454186641782,17.600538603103,0,22.2213145602833,21.9962914486059,43.4489035355417,32.7043298120769,27.2069114957537,18.9508695329368,44.1195526123047,57.7325897216797,46.2512359619141,0,0,5.34208989143372,0,30.7910093319644,42.2295913696289,0,0,0,0,49.0754077911377,30.8181343718273,0,0,0,18.9629912376404,0,0,0,0,55.8648109436035,35.0856023268266,0,0,30.7228813171387,0,83.51390656181,31.790639384915,75.087574005127,30.4763974670235,30.8345970777682,64.3893959862845,18.5933597475966,44.0716250737508,10.8626872676809
0,0,0,0,0,0,0,0,0,0,0,0,0,0,0,0,49.034984588623,45.6298820495605,23.4756208914745,0,0,0,0,0,0,0,0,0,0,0,0,0,0,0,0,0,0,0,0,32.6471535894606,0,24.9277905510194,22.2213145602833,0,0,17.0715288843427,49.877555847168,0,0,28.8411445617676,0,0,0,0,0,0,0,38.0780639648438,0,0,0,0,36.5821791428786,0,0,0,0,0,0,0,0,0,27.7072048187256,0,0,0,0,0,38.5837737528483,79.313627243042,32.9963632357323,0,26.8965130911933,43.5230360031128,23.7594166726209,25.3303763568401,0
0,0,0,0,0,0,0,0,0,0,0,0,0,0,0,0,51.5930856068929,0,28.564298248291,0,0,0,0,0,0,0,0,0,0,0,0,0,0,0,0,0,58.4798316955566,0,0,0,28.5995489149237,0,21.9962914486059,0,0,0,21.1027041987369,0,26.4883298873901,0,0,0,0,0,0,0,0,0,0,0,0,0,0,35.3116505940755,0,0,0,0,0,0,0,0,0,0,0,0,0,0,0,38.4974531804101,0,43.12353515625,29.0662975311279,0,22.3892269364575,43.8034973144531,22.3909607887268
0,0,0,13.1323081917233,0,19.1386662986543,0,0,0,21.7099854605538,0,13.4899524052938,0,0,0,0,58.6543220173229,61.283449346369,38.2164179917538,15.0185502370199,0,0,0,0,0,0,0,0,0,23.3689804077148,0,0,0,0,0,5.31595570700509,0,20.8000667618542,0,25.1155291712833,97.3467193603516,32.9517941474915,43.4489035355417,17.0715288843427,0,0,82.4453048706055,35.0794460691255,0,36.4918491907388,0,23.3234380340576,0,0,0,17.7456785837809,0,28.8171459039052,0,0,0,0,13.821972715914,82.8907012939453,0,0,0,0,0,0,39.2617048051622,0,33.374614973326,0,0,0,0,0,24.1326310836142,85.8622283935547,28.6090019638,0,28.2732080525822,46.364409327507,22.1793468899104,39.9035089810689,0
23.0129944256374,0,19.026271395727,0,26.0879990234971,0,0,0,21.0934410095215,0,22.855613728787,0,0,0,0,0,52.4054628307536,65.7057359114937,33.3773638508198,0,20.5552722098122,0,0,0,0,0,0,0,0,0,30.7964187035194,0,0,0,0,0,46.6957885584241,0,24.0889916419983,91.990646015514,18.29205293941,66.4280004501343,32.7043298120769,49.877555847168,21.1027041987369,82.4453048706055,0,42.7016608428955,31.0990610893897,38.0117455650778,25.9860283987863,0,0,0,25.6212778091431,0,28.5340291346152,88.7735137939453,0,0,0,0,78.954600016276,16.1655614988344,0,0,0,0,0,0,0,0,0,34.3377332902169,0,0,0,65.081787109375,89.6536914825439,25.5279800825997,94.3511486053467,29.4658327071249,32.9037977031299,45.9081371556158,22.3764641017085,53.9189389546712,32.0054308379569
0,38.8265619277954,43.3154670715332,41.1043475468953,50.5505475997925,44.9145345687866,0,0,0,35.8503931218928,0,0,0,0,0,0,0,0,0,0,0,0,0,0,15.3031024932861,0,0,0,0,0,0,5.478408278933,13.6812028763658,6.93234154031192,9.17293225338894,5.36604641165052,3.85983578430559,8.31350861998165,4.69405603248801,45.2545602321625,14.733950138092,42.5553970336914,27.2069114957537,0,0,35.0794460691255,42.7016608428955,0,9.8678606522278,10.6954178530774,0,43.7900619506836,0,0,0,45.3119239807129,0,48.1051425933838,0,0,0,0,48.0869750976562,38.6434383392334,0,0,0,26.7638179779053,0,0,0,0,0,0,8.14208798326609,7.91373707716872,8.231028296158,6.3949075132799,7.7425946956958,6.78561610298038,8.22295659717761,9.29105770928519,8.94817322268559,4.92287756414974,14.4669703149686,0,0
5.58773234231131,47.5394706726074,12.0488151286725,0,44.5219533443451,0,0,0,7.0262909152291,48.7230911254883,54.147403717041,0,0,0,0,0,61.8955907821655,0,45.060145173754,0,49.9392318725586,0,11.6994314913092,0,14.6987458319891,0,0,0,0,0,57.2423286437988,0,0,33.4617745876312,12.0003916422526,0,27.3334803342819,33.9464771046358,5.9647490683897,67.3181838989258,14.0569097187327,16.0476814905802,18.9508695329368,0,26.4883298873901,0,31.0990610893897,9.8678606522278,0,14.4272493378807,46.7196598052979,0,0,0,13.3725023004744,0,42.9507777659924,0,0,0,0,0,0,38.2361092416864,0,5.48414567965578,0,10.7913719551292,0,8.06888103485107,0,5.82533791235515,0,54.2854348818461,0,28.6291262308757,27.7200475420271,7.20156712423671,45.7234740257263,15.9384996808524,30.3024221420288,6.16158075966748,13.7194430240548,66.6540374755859,17.2852899289791,63.5879783630371,44.174225125994
0,6.23195412607476,37.2750091552734,13.2523625971907,48.2458305358887,43.8821014548248,0,0,0,43.0699901580811,0,0,0,0,0,0,90.5976918538411,75.5025911331177,47.9716341697564,0,0,11.8322153782176,0,6.65299053270309,0,9.48543930053711,0,0,0,0,0,0,0,0,0,11.9738645553589,10.7104139328003,3.8350079128851,0,15.4286658001481,0,18.3045654245901,44.1195526123047,28.8411445617676,0,36.4918491907388,38.0117455650778,10.6954178530774,14.4272493378807,0,0,45.0836645184141,0,0,0,15.4865284495884,58.283504486084,16.7619686834155,0,4.43609153790907,0,4.23929058730118,24.3344554609808,0,13.8305791481993,0,7.68404158662533,0,5.34821690303176,0,4.15347638386871,0,7.04048420017601,0,0,0,0,0,23.7012777719925,36.6443294949002,10.1960003876478,0,18.6222136189258,0,16.4235008524027,25.5871860898774,0
0,0,6.74664937929403,0,4.67716680937331,0,0,0,4.01892167871649,0,0,0,0,0,0,0,0,0,48.7920036315918,0,0,0,0,0,0,0,0,0,0,0,0,0,0,0,0,0,0,0,0,0,41.7159729003906,0,57.7325897216797,0,0,0,25.9860283987863,0,46.7196598052979,0,0,0,3.35972114532225,0,3.96372805046585,0,3.47297048568726,0,3.06867099781426,0,3.49290682020642,0,0,0,0,0,0,0,0,0,0,0,0,38.0574550628662,0,0,0,0,0,42.326530456543,0,0,7.34429089482537,11.8190031051636,7.57037143781781,0,0
0,0,0,7.82246916496802,0,4.11255511189393,0,0,0,11.0004444956779,0,0,0,3.04300272464752,0,8.98820650577545,0,0,57.0334243774414,3.68107354640961,0,0,0,0,0,0,0,0,0,0,0,0,0,0,0,19.9721298217773,0,0,0,46.4444604413263,0,49.4191778984623,46.2512359619141,0,0,23.3234380340576,0,43.7900619506836,0,45.0836645184141,0,0,0,0,0,3.10915580917807,0,3.48718266097867,0,6.06350316338361,0,4.6041402098524,9.12537268982377,0,0,0,0,0,0,0,40.6205139160156,0,43.8465347290039,0,0,0,0,0,22.8765094463642,0,82.3651568094889,0,12.6238941465105,0,13.9696452214727,36.1896514892578,0
0,0,0,0,6.73002917116339,0,2.92780230045319,0,0,0,2.85150516033173,0,0,0,0,0,0,0,0,0,0,0,0,0,0,0,0,0,0,0,0,0,0,0,0,0,0,0,0,0,0,0,0,0,0,0,0,0,0,0,3.35972114532225,0,0,0,0,0,5.31466842651367,0,0,0,0,0,0,0,0,0,0,0,0,0,0,0,0,0,0,0,0,0,0,0,0,0,5.37741474188291,0,0,0,0
0,0,0,0,0,0,0,3.4677874567997,0,0,0,0,0,3.10839021205902,0,0,0,0,0,0,0,0,0,0,0,0,0,0,0,0,0,0,0,0,0,0,0,0,0,0,0,0,0,0,0,0,0,0,0,0,0,0,0,0,0,0,0,2.82046596209208,0,2.82474637031555,0,0,0,0,0,0,0,0,0,0,0,0,0,0,0,0,0,0,0,0,0,0,2.82474416616012,0,0,0,0
4.16912615733591,0,7.31929480439365,0,3.81774612183266,0,0,0,4.57441950115976,0,41.3985481262207,0,0,0,3.19325746536255,0,0,0,0,0,0,0,0,0,6.15219175338745,0,5.16776788234711,0,0,0,0,0,0,0,0,0,0,0,6.84236543085061,0,0,0,5.34208989143372,0,0,0,25.6212778091431,0,13.3725023004744,0,3.96372805046585,0,0,0,0,0,0,0,4.32350945472717,0,3.86427157055842,0,0,0,0,0,0,3.78548734658843,0,3.37591449419657,0,0,0,0,0,0,0,0,0,0,0,5.70779818141615,7.27597884337107,0,12.6995713363091,0,0
0,6.28301369662777,0,8.13743804109131,0,0,0,0,0,6.09424642773729,0,0,0,0,0,3.58633963685287,0,0,5.91040229797363,0,0,0,0,6.35264520556013,0,3.65782710813707,0,0,0,0,0,0,0,0,0,0,0,7.83260439691089,0,45.3198369344076,0,34.3022780069491,0,0,0,17.7456785837809,0,45.3119239807129,0,15.4865284495884,0,3.10915580917807,0,0,0,0,0,0,0,0,0,5.18996971090075,0,0,0,0,6.25014846910865,0,3.3623731136322,0,0,0,42.3423080444336,0,0,0,0,0,62.7618560791016,0,8.30734912772428,0,7.8707547744979,0,20.7902144367255,25.8988780975342,0
0,0,23.4048835247282,0,30.7247858312395,0,3.22520243680036,0,34.0938758850098,0,6.49888783461721,0,3.09254558881124,0,0,0,73.7572021484375,0,58.2756928393715,0,5.45472996022689,0,0,0,0,0,0,0,0,0,6.46590634112088,0,0,0,0,0,61.5886073329232,0,6.67583203837276,0,40.5494854014407,55.3577690124512,30.7910093319644,0,0,0,28.5340291346152,0,42.9507777659924,58.283504486084,3.47297048568726,0,5.31466842651367,0,0,0,0,0,4.21334195655325,0,0,0,0,8.1490116374354,0,0,0,0,0,0,0,3.78538204411991,0,6.07621268907601,0,0,0,0,0,49.1186689317019,0,13.1822743337233,9.03261987139417,3.06094962358475,14.0884554749653,0,20.256713117872
0,0,0,6.88290373902572,0,19.4854892194271,0,5.66223088741302,0,59.2016410827637,0,4.89929359467619,0,2.9351974046683,0,0,0,0,57.3920969281878,4.26690347054425,0,0,0,0,0,0,0,0,0,8.36804460756706,0,0,0,0,0,3.06396699514915,0,7.4670443491344,0,35.5227402177437,0,45.1194367287523,42.2295913696289,38.0780639648438,0,28.8171459039052,88.7735137939453,48.1051425933838,0,16.7619686834155,0,3.48718266097867,0,2.82046596209208,0,0,0,0,0,4.72585578569224,0,6.02729030715095,9.78192280238529,0,0,0,0,0,9.87372075080872,0,10.2217512926321,0,9.79287829309686,0,0,0,0,0,49.8131518813799,0,12.1058936468594,0,17.549945514117,0,9.21814928441879,57.4035210609436,0
0,0,4.85567892392476,0,4.93321969360113,0,3.17294216156006,0,0,0,3.16506508570998,0,3.4622580840196,0,3.49907798033494,0,0,0,0,0,0,0,0,0,0,0,0,0,3.16444659233093,0,0,0,0,0,0,0,0,0,0,0,0,0,0,0,0,0,0,0,0,0,3.06867099781426,0,0,0,4.32350945472717,0,4.21334195655325,0,0,0,6.44782073186202,0,0,0,0,0,0,0,0,0,0,2.95223808288574,0,0,0,0,0,0,0,0,0,0,3.902898229599,3.80220699310303,8.41329461877996,0,0
0,0,0,4.44222036600113,0,3.78168193672014,0,3.50187149790467,0,80.7066192626953,0,2.94364543528284,0,4.22071637270105,0,8.44310775035765,0,0,0,0,0,0,0,0,0,0,0,4.79768002734465,0,0,0,0,0,0,0,0,0,0,0,39.7557373046875,0,45.7116203308105,0,0,0,0,0,0,0,4.43609153790907,0,6.06350316338361,0,2.82474637031555,0,0,0,4.72585578569224,0,0,0,6.42200624325361,13.7510293048361,0,0,0,0,0,0,0,8.1742422580719,0,0,0,0,0,0,0,0,0,0,0,3.70936369753169,2.8022523522377,7.20688585281372,0,0
3.36314868927002,0,3.98682117462158,0,8.44440696636836,0,0,0,3.2772602890477,0,0,0,2.74364256858826,0,3.44770370083051,0,9.05172657049619,35.1894989013672,0,0,0,0,0,0,0,0,5.47557338078817,0,0,0,0,0,0,0,0,0,0,0,0,0,0,0,0,0,0,0,0,0,0,0,3.49290682020642,0,0,0,3.86427157055842,0,0,0,6.44782073186202,0,0,0,0,0,0,0,0,0,0,0,0,3.00802713632584,0,0,0,0,0,0,0,0,0,0,4.66624606450399,0,0,0,0
0,4.15483788297146,0,5.04857587814331,0,6.69651906001262,0,0,0,4.63514098034629,0,0,0,4.43177700042725,0,5.20888968483876,0,3.05915331840515,0,0,0,0,0,6.91845560073853,0,6.00338459014893,0,0,0,0,0,0,0,0,0,0,0,0,0,0,0,29.5654335021973,0,0,0,0,0,0,0,4.23929058730118,0,4.6041402098524,0,0,0,5.18996971090075,0,6.02729030715095,0,6.42200624325361,0,0,16.8981113433838,0,0,0,4.4362154006958,0,3.79980510473251,0,0,0,0,0,0,0,0,0,0,0,0,0,8.19938352704048,0,8.1734585080828,0,0
0,0,0,92.8589477539062,0,12.9066201730126,0,0,0,0,0,4.96763165507998,0,0,0,0,72.2584805806478,73.7399999557003,53.3364186461186,3.82858971600179,0,0,0,0,0,0,0,0,0,17.0077568689982,0,0,0,0,0,4.66512919945357,0,11.0800313894395,0,13.5531935056351,0,35.1535287498395,49.0754077911377,36.5821791428786,0,13.821972715914,78.954600016276,48.0869750976562,0,24.3344554609808,0,9.12537268982377,0,0,0,0,0,9.78192280238529,0,13.7510293048361,0,16.8981113433838,0,0,0,0,0,0,18.4914016723633,0,20.5234772933656,0,21.6788402187581,0,0,0,0,0,11.0664638774966,93.2141952514648,17.2086392007967,144.261032104492,38.9854265407005,57.0885249546596,16.7200198162586,49.8524959564209,0
37.7057750408466,0,18.5381283393273,0,7.54215785115957,0,0,0,24.8193016052246,0,8.17990294204039,0,0,0,0,0,73.1264355603386,84.7214031219482,49.9015027589765,0,6.65246647751558,0,0,0,0,0,0,0,0,0,19.0068234489078,0,0,0,0,0,14.8368796038796,0,10.8244080566205,87.8172454833984,11.2702980933675,74.6724891662598,30.8181343718273,0,35.3116505940755,82.8907012939453,16.1655614988344,38.6434383392334,38.2361092416864,0,0,0,0,0,0,0,8.1490116374354,0,0,0,0,0,0,0,0,0,0,0,0,0,0,0,0,15.8276853932963,0,0,0,0,103.699348449707,11.2343037458936,82.1903991699219,10.6641697269971,31.2810050391439,26.15273493131,16.8105057725047,0,18.5164281803629
0,0,0,0,0,0,0,0,0,0,0,0,0,0,0,0,0,4.6668264567852,0,0,0,4.9291204208971,0,8.69471177026998,0,6.43916548046607,0,0,0,0,0,0,0,0,0,0,0,8.60323601004518,0,0,0,0,0,0,0,0,0,0,0,13.8305791481993,0,0,0,0,0,0,0,0,0,0,0,0,0,0,0,0,8.30590259594222,0,3.38617804692342,0,6.30200406193733,0,0,0,0,0,0,0,0,0,6.64219045824578,0,7.52397152654126,4.64815425872803,0,0,0
0,0,0,0,0,0,0,0,0,0,0,0,0,0,0,0,0,0,0,0,0,0,3.89699865643065,0,5.4603664251891,0,0,0,2.89547873867883,0,0,0,0,0,0,0,0,0,3.61108303537556,0,0,0,0,0,0,0,0,0,5.48414567965578,0,0,0,0,0,0,0,0,0,0,0,0,0,0,0,0,0,0,4.5959798387579,0,4.07071721149703,0,3.23265007564,0,0,0,0,0,0,0,0,0,8.10641437768936,4.06667242976401,5.30261072516441,0,0,0
0,13.749883719853,0,0,0,0,0,0,0,6.84227281031401,0,0,0,0,0,4.00949335098267,0,0,0,0,0,11.5506144344297,0,4.68746925638455,0,7.20057958920797,0,0,0,0,0,0,0,0,0,0,0,8.37070964412026,0,0,0,0,0,0,0,0,0,0,0,7.68404158662533,0,0,0,0,0,6.25014846910865,0,0,0,0,0,4.4362154006958,0,0,8.30590259594222,0,0,0,5.58253084428719,0,6.75995758601597,0,0,0,0,0,0,0,0,0,6.47447189778217,0,14.5198186429342,0,4.33344791948268,0,0
8.46350526809692,0,0,0,0,0,0,0,3.83099471032619,0,0,0,0,0,0,0,0,0,0,0,0,0,6.40220970673995,0,4.72055205119025,0,0,0,0,0,0,0,0,0,0,0,0,43.1703681945801,7.70234063444237,0,0,0,18.9629912376404,0,0,0,0,26.7638179779053,10.7913719551292,0,0,0,0,0,3.78548734658843,0,0,0,0,0,0,0,0,0,0,4.5959798387579,0,0,0,7.57154057480696,0,11.5032069683075,0,0,0,0,0,0,0,0,0,5.89712441817097,19.3578743290257,0,9.98595365507778,0,0
0,0,0,0,0,0,0,0,0,3.17152416706085,0,0,0,0,0,0,36.8868370056152,7.71354123751322,15.8976879119873,0,0,5.48504580678167,0,5.20962530971414,0,4.06517305414555,0,4.78444290161133,0,0,0,0,0,0,0,0,0,0,0,0,0,0,0,0,0,0,0,0,0,5.34821690303176,0,0,0,0,0,3.3623731136322,0,9.87372075080872,0,0,0,3.79980510473251,18.4914016723633,0,3.38617804692342,0,5.58253084428719,0,0,0,5.34955473403105,0,0,0,0,0,0,0,0,0,0,0,3.38837740223879,0,11.005623181661,0,0
0,0,0,0,0,0,0,0,4.17428090243504,0,0,0,0,0,5.2153648853302,0,0,0,0,0,0,0,3.60255359955064,0,4.55358142167508,0,3.05231870351646,0,0,0,0,0,0,0,0,0,0,0,0,0,0,0,0,0,0,0,0,0,8.06888103485107,0,0,0,0,0,3.37591449419657,0,0,0,0,0,0,0,0,0,0,4.07071721149703,0,7.57154057480696,0,0,0,3.34484162995982,0,0,0,0,0,0,0,0,0,0,4.27060057546781,0,0,0,0
0,0,0,29.4478944142659,0,60.3277568817139,0,0,0,0,0,0,0,0,0,0,0,63.3921699523926,0,0,0,6.60536791967309,0,4.13427639007568,0,5.39516639709473,0,3.58142120322902,0,3.08186134758529,0,0,0,0,0,0,0,0,0,45.8920957247416,0,42.8642030129066,0,0,0,39.2617048051622,0,0,0,4.15347638386871,0,40.6205139160156,0,0,0,0,0,10.2217512926321,0,8.1742422580719,0,0,20.5234772933656,0,6.30200406193733,0,6.75995758601597,0,5.34955473403105,0,0,0,4.14179603596951,0,0,0,0,0,54.2731071998333,0,7.41050888132166,123.627731323242,33.7224627494812,0,15.8704257298233,81.5355606079102,0
0,0,0,0,0,0,0,0,0,0,0,0,0,0,0,0,0,0,0,0,0,0,2.9611185391744,0,0,0,0,0,6.29377308615616,0,0,0,0,0,0,0,0,0,4.42344856262207,0,0,0,0,0,0,0,0,0,5.82533791235515,0,0,0,0,0,0,0,3.78538204411991,0,2.95223808288574,0,3.00802713632584,0,0,0,0,3.23265007564,0,11.5032069683075,0,3.34484162995982,0,0,0,4.10802943810173,0,0,0,0,0,0,0,6.23795749430865,2.74253177642822,0,7.14492257436117,0,0
0,0,0,28.7936169760568,0,38.3910725911458,0,0,0,33.3522148132324,0,5.78985595226288,0,0,0,0,68.0615793863932,47.1313133239746,46.8758320127215,7.96520798546927,0,0,0,0,0,0,0,6.64447467327118,0,5.56645942845225,0,0,0,0,0,0,0,4.2276356249924,0,48.4550499261594,0,26.8602017665255,55.8648109436035,27.7072048187256,0,33.374614973326,0,0,0,7.04048420017601,0,43.8465347290039,0,0,0,42.3423080444336,0,9.79287829309686,0,0,0,0,21.6788402187581,0,0,0,0,0,0,0,4.14179603596951,0,0,0,0,0,0,0,52.4001755594205,0,7.12051608071765,0,9.87893831028658,0,22.1974234722711,26.4361871083577,0
0,0,30.0520809057987,0,43.2041102322665,0,0,0,37.0641422271729,0,7.64982693990072,0,0,0,0,0,66.6747161865234,0,60.6971601910061,0,10.5268749109249,0,0,0,0,0,0,0,0,0,3.70190639852539,0,0,0,0,0,76.3643569946289,0,3.57380819423004,0,53.1870056788127,0,35.0856023268266,0,0,0,34.3377332902169,0,54.2854348818461,0,38.0574550628662,0,0,0,0,0,6.07621268907601,0,0,0,0,0,0,15.8276853932963,0,0,0,0,0,0,0,4.10802943810173,0,0,0,0,0,0,0,56.0481355685999,0,5.10913873886325,23.1904631419615,7.90916260480881,18.0587102050513,0,24.7531670121586
0,0,0,0,0,0,0,0,0,0,0,0,0,0,0,0,0,0,0,0,0,0,0,0,0,0,0,0,0,0,0,5.91150666470842,4.43980561362372,20.1714829061633,0,4.74345220581574,0,0,0,0,0,0,0,0,0,0,0,8.14208798326609,0,0,0,0,0,0,0,0,0,0,0,0,0,0,0,0,0,0,0,0,0,0,0,0,0,0,0,4.76295926354148,9.71926907372399,0,23.7958096252606,0,0,0,3.13831333990221,0,0,0,0
0,0,0,0,0,0,0,0,0,0,0,0,0,0,0,0,0,0,0,0,0,0,0,0,0,0,0,0,0,0,0,7.11742283451942,7.1825302470066,0,27.7952090002194,0,12.4016698666981,0,0,0,0,0,0,0,0,0,0,7.91373707716872,28.6291262308757,0,0,0,0,0,0,0,0,0,0,0,0,0,0,0,0,0,0,0,0,0,0,0,0,0,4.76295926354148,0,13.5711475372314,15.8432820078734,0,7.08999150896829,0,33.1857261657715,7.29514473685923,0,0,0,0
0,0,0,0,0,0,0,0,0,0,0,0,0,0,0,0,0,0,0,0,0,0,0,0,0,0,0,0,0,0,0,7.7257543252862,0,4.4508802485145,8.88781486905139,14.9149369500282,0,7.9628764024747,0,0,0,0,30.7228813171387,0,0,0,0,8.231028296158,27.7200475420271,0,0,0,0,0,0,0,0,0,0,0,0,0,0,0,0,0,0,0,0,0,0,0,0,0,9.71926907372399,13.5711475372314,0,17.3630991090428,38.1193515230803,22.5381031036377,6.07186174537724,0,7.76419113571964,11.1091108322144,33.9171695709229,0,0
0,0,0,0,0,0,0,0,0,0,0,0,0,0,0,0,0,0,0,0,0,0,0,0,0,0,0,0,0,0,0,14.1702146530151,16.7181979846954,8.24222332239151,3.94716440082949,0,13.151821081837,0,5.91188782139828,0,0,0,0,0,0,0,65.081787109375,6.3949075132799,7.20156712423671,0,0,0,0,0,0,0,0,0,0,0,0,0,0,0,0,0,0,0,0,0,0,0,0,0,0,15.8432820078734,17.3630991090428,0,20.7967581748962,5.2458990134003,0,5.2201490117319,3.29520013945443,0,30.0699184962681,0,0
69.2352995439009,33.032528338225,0,55.9862916734483,0,23.90713371986,0,0,62.7923355102539,0,0,3.24970112127416,0,0,0,0,75.0976605442592,76.7268238830566,52.9399006247642,6.59920456383818,0,0,0,0,0,0,108.413597106934,0,0,0,0,8.32507495253773,0,47.3449890677993,18.5983996391296,5.07817104498149,4.40088607460619,8.17561754837763,0,16.6650899796892,100.367700364855,31.9317973763461,83.51390656181,38.5837737528483,0,24.1326310836142,89.6536914825439,7.7425946956958,45.7234740257263,23.7012777719925,0,22.8765094463642,0,0,0,62.7618560791016,0,49.8131518813799,0,0,0,0,11.0664638774966,103.699348449707,0,0,0,0,0,0,54.2731071998333,0,52.4001755594205,0,23.7958096252606,0,38.1193515230803,20.7967581748962,0,21.9475665553924,14.6370139644571,125.434335708618,37.8141571292256,21.9686522496243,33.8631849263716,30.7011630617339,67.5790491104126
