0,0,6.85486407079246,0,0,0,0,0,5.08232850111448,0,29.8575992584229,0,0,0,18.9782447814941,0,33.2297755154696,141.358749389648,10.97040663046,0,27.7093486785889,0,0,0,2.85722175511447,0,21.2138919830322,0,0,0,32.8040904998779,0,0,0,0,0,42.5528774261475,0,33.8316764831543,0,77.5061798095703,0,28.6488656997681,0,0,0,48.0525646209717,0,3.72247123718262,0,8.67579287290573,0,0,0,4.35666283694181,0,6.08370027900213,0,6.70451194614006,0,3.04114499357012,0,0,26.8899745941162,0,0,0,2.79453921318054,0,19.8736515045166,0,0,0,35.6920585632324,0,0,0,0,73.4176559448242,39.1270785861545,0,36.7954254150391,9.66066239240035,0,3.79626513024171,0,0
0,0,0,13.0989856648086,0,10.2317341395787,0,0,0,3.99120145295117,0,0,0,0,0,5.93242406845093,0,0,58.5763511657715,0,0,0,0,3.85513110955556,0,0,0,0,0,0,0,0,0,0,0,0,0,16.0237503051758,0,50.0796012878418,0,16.6146739489072,0,0,0,29.2872333526611,0,31.3815577580379,0,6.82996122118092,0,0,0,0,0,6.6652050095446,0,7.32072455509036,0,6.18429133025083,0,3.80927100292472,0,0,0,0,4.99114882359739,0,0,0,0,0,0,0,0,0,0,0,0,0,0,0,21.5967163746817,0,9.76092545957877,0,0
6.85486407079246,0,0,0,9.51894283294678,0,0,0,3.73527998394436,0,31.213711420695,0,0,0,0,0,0,0,0,0,26.6105175018311,0,0,0,0,0,0,0,0,0,34.9611396789551,0,0,0,0,0,0,0,0,0,0,0,32.3012912750244,0,0,0,11.5766231536865,0,4.34495018925404,0,4.54306025505066,0,0,0,4.33206139292036,0,11.9156593084335,0,4.1474624077479,0,0,0,0,12.7442338943481,0,0,0,0,0,0,0,0,0,37.1619529724121,0,0,0,0,0,41.207935333252,0,0,9.27600176303418,0,7.4898139884673,0,0
0,13.0989856648086,0,0,0,4.62041311914271,0,0,0,8.47442795038223,0,0,0,0,0,0,0,0,42.564266204834,0,0,0,0,0,0,0,0,0,0,0,0,0,0,0,0,56.7063842773438,0,0,0,41.4826269830976,0,34.0143739836557,49.1928672790527,20.396354675293,0,16.5565081064431,0,45.9506500244141,0,23.4595915756315,0,5.54990746758201,0,0,0,9.13308075018096,0,18.2131306103298,0,0,0,0,22.0816681725638,0,0,0,0,0,0,0,0,0,31.1363965926632,0,0,0,0,0,38.1695131414077,72.6990947723389,42.1254465920585,0,33.3276409637637,0,11.6464346601686,38.7473917007446,0
0,0,9.51894283294678,0,0,0,0,0,3.05028417110443,0,34.9888293526389,0,0,0,0,0,0,0,0,0,4.92002661898732,0,0,0,0,0,0,0,0,0,38.1363614400228,0,0,0,0,0,51.5508003234863,0,0,0,48.6865497935902,0,49.5785126686096,0,0,0,23.6649770175709,55.447395324707,49.0602574781938,0,3.67727241516113,0,0,0,4.09246019375177,0,36.8557226998465,0,0,0,0,0,0,7.42851888408452,0,0,0,0,0,0,0,0,0,40.1183636983236,0,0,0,0,0,50.2198263469495,0,44.6982818603516,5.25246986286752,0,10.2566813182055,0,0
0,10.2317341395787,0,4.62041311914271,0,0,0,0,0,2.9267712963952,0,0,0,0,0,2.7487907409668,0,0,87.7074375152588,0,0,0,0,0,0,0,0,0,0,0,0,0,0,0,0,28.5735608296222,0,0,0,39.9772410873295,0,42.7083283501702,0,0,0,18.4371809275173,0,50.9809430440267,44.6893870035807,44.928385534042,0,4.15979429714398,0,2.74059357643127,0,4.62775101022023,0,0,0,0,0,0,9.47792630179371,68.8554992675781,0,0,0,0,0,0,35.476879119873,0,38.6212730407715,0,0,0,0,0,26.7601508638133,68.9888381958008,45.1985855102539,0,29.7219525328998,3.41299331188202,17.5397666209085,0,0
0,0,0,0,0,0,0,0,0,0,8.65226940992402,0,0,0,0,0,0,0,0,0,0,0,0,0,0,0,0,0,0,0,0,0,0,0,0,0,0,0,0,0,0,0,0,0,0,0,0,0,0,0,0,0,3.06900851428509,0,0,0,7.8477258076102,0,0,0,0,0,0,0,0,0,0,0,0,0,0,0,0,0,0,0,0,0,0,0,0,0,4.35559875518084,0,0,0,0
0,0,0,0,0,0,0,0,0,0,0,2.94601464271545,0,0,0,0,0,0,0,0,0,0,0,0,0,0,0,0,0,0,0,0,0,0,0,0,0,0,0,0,0,0,0,0,0,0,0,0,0,0,0,2.72761130332947,0,2.74190664291382,0,0,0,0,0,0,0,0,0,0,0,0,0,0,0,0,0,0,0,0,0,0,0,0,0,0,0,0,2.74737524986267,0,0,0,0
5.08232850111448,0,3.73527998394436,0,3.05028417110443,0,0,0,0,0,69.912841796875,0,21.8171272277832,0,9.31006765295683,0,19.629819766255,36.8258196115494,18.2127197151184,0,0,0,24.6863494600568,0,9.88099595285811,0,13.9167522802239,0,27.3333810659555,0,0,0,0,0,0,85.0945224761963,0,0,9.47858956269141,66.9704381502592,53.9646077156067,64.9536619186401,41.048635412665,27.8794240951538,0,0,46.6139869689941,0,12.6616086457905,70.2729768753052,0,0,0,0,6.72449111727019,0,44.419734954834,0,0,0,12.4884131035837,0,115.623977661133,68.0565490722656,0,34.666332244873,0,9.14137753175229,0,17.4562687189491,0,0,0,60.9807624816895,0,0,0,0,67.1977214813232,61.0615167115864,72.5984413840554,19.2924379267191,11.9058852965123,15.2219953315203,9.10139348757201,0,34.2488398551941
0,3.99120145295117,0,8.47442795038223,0,2.9267712963952,0,0,0,0,0,0,0,0,0,3.02104131380717,50.4076194763184,14.5756657918294,19.1474614673191,0,0,0,0,3.37206709384918,0,0,0,0,0,0,0,0,0,0,0,80.8873615264893,0,5.38696829215536,0,47.1944677564833,0,38.1195046824794,0,14.3273220062256,0,16.8237808780237,0,50.0905596415202,45.9462699890137,45.2973795936221,0,4.59359768033028,0,0,0,4.55945196711188,0,35.5020914077759,0,0,0,0,0,0,0,0,5.84611968199412,0,0,0,36.8894297281901,0,38.4353642993503,0,0,0,0,0,51.9029290941026,0,14.8297027314063,0,8.67335442748342,55.3068504333496,16.9640768718719,23.3669139862061,0
29.8575992584229,0,31.213711420695,0,34.9888293526389,0,8.65226940992402,0,69.912841796875,0,0,0,0,0,0,0,62.4923629760742,78.6371103922526,42.8286996064363,0,5.11921335865525,0,0,0,0,0,0,0,0,0,6.80504488945007,0,0,0,0,94.8352966308594,8.02251176747233,0,5.95690730666372,121.781631469727,47.2111456482499,55.8971080780029,22.3609435607784,0,23.3992605209351,0,25.2335102434512,61.0826454162598,46.8686219896589,68.3651161193848,35.8439693450928,0,2.96169114112854,0,0,0,5.08165984977911,0,0,0,0,0,0,13.20043190809,0,0,0,133.522750854492,0,0,0,0,0,11.395579900497,0,0,0,0,102.568636576335,51.0163513732283,84.6327819824219,37.9767591736533,8.24030319321469,32.5171196460724,23.8987417478819,0,20.7834282257978
0,0,0,0,0,0,0,2.94601464271545,0,0,0,0,0,3.42287149054281,0,0,0,0,0,2.95267220173986,0,0,0,0,0,0,0,13.7437114715576,0,4.16860374537381,0,0,0,0,0,0,0,3.46000558483985,0,0,0,0,0,0,0,14.7168626785278,0,0,0,0,0,0,0,0,0,0,0,5.35603508845765,0,3.21939018926313,0,0,5.06346797943115,0,0,0,0,0,0,0,4.58812327254308,0,5.58450797984475,0,0,0,0,0,0,0,0,0,3.24600100004545,0,0,0,0
0,0,0,0,0,0,0,0,21.8171272277832,0,0,0,0,0,5.29593670070171,0,13.2298576533794,0,0,0,0,0,0,0,0,0,6.72990249185001,0,3.60213456864943,0,0,0,0,0,0,0,0,0,0,0,0,0,0,0,0,0,0,0,0,0,0,0,0,0,18.6320133209229,0,0,0,3.20609797130931,0,8.4696031332016,0,0,0,0,0,0,0,0,4.82201983531316,0,3.91764579030032,0,0,0,0,0,0,0,0,0,0,4.59863253710742,5.25015593311908,0,0,0
0,0,0,0,0,0,0,0,0,0,0,3.42287149054281,0,0,0,0,0,0,0,0,0,0,0,0,0,0,0,0,0,0,0,0,0,0,0,0,0,0,0,0,0,0,0,0,0,0,0,0,0,0,0,0,0,0,0,0,0,2.74855971336365,0,3.11266817337758,0,0,0,0,0,0,0,0,0,0,0,0,0,0,0,0,0,0,0,0,0,0,2.96640849835945,0,0,0,0
18.9782447814941,0,0,0,0,0,0,0,9.31006765295683,0,0,0,5.29593670070171,0,0,0,21.170647101163,50.0936618867468,47.6238661545974,0,0,0,36.4162225723267,0,16.0934829182095,0,13.4246648910434,0,9.28525282655444,0,0,0,0,0,0,0,0,0,0,0,71.8561172485352,99.6818389892578,44.4016342163086,0,0,0,0,0,2.74503135681152,0,0,0,0,0,17.6799485839416,0,0,0,0,0,6.30189684530846,0,0,0,0,32.1717472076416,0,20.6133320999146,0,11.8972616127203,0,3.06255567073822,0,0,0,0,0,0,78.2759908040365,70.9183921813965,0,65.4822425842285,11.7173899414228,5.76554073805918,66.3466447194417,0,0
0,5.93242406845093,0,0,0,2.7487907409668,0,0,0,3.02104131380717,0,0,0,0,0,0,0,0,0,0,0,0,0,0,0,0,0,0,0,0,0,0,0,0,0,0,0,0,0,0,0,0,0,0,0,0,0,0,0,0,0,0,0,0,0,0,0,13.9606742858887,0,2.96076500415802,0,4.44285105451753,0,0,0,0,0,0,10.7942841847738,0,0,0,0,0,0,0,0,0,0,0,0,0,0,2.95574045181274,0,0,0
33.2297755154696,0,0,0,0,0,0,0,19.629819766255,50.4076194763184,62.4923629760742,0,13.2298576533794,0,21.170647101163,0,0,23.4351408534737,27.946254477922,0,68.3082992553711,0,11.4532327876901,21.0121116638184,24.0055169006726,0,13.2572967398625,0,8.00056656039491,0,61.3343868255615,0,0,0,0,97.7611872355143,93.2383003234863,0,68.3650687081473,69.6957390034093,60.9465840030724,59.65495677948,48.9941525905252,51.0581977150657,0,65.0386461530413,62.6467223534217,0,67.2848300933838,79.0855445861816,0,0,0,0,22.4648552486508,71.1305694580078,60.6363727024623,0,0,0,21.5420560094124,0,72.8407522837321,77.4488230811225,0,6.28349921011156,0,23.9957111366557,0,14.2750303452686,0,3.62216822306315,73.9966201782227,63.2294948101044,0,0,0,0,78.1327100889774,68.1098754330861,77.4028367338509,63.8203163595761,17.2579127103101,9.4519726617595,52.9280869368966,53.2626813252767,42.9706494378262
141.358749389648,0,0,0,0,0,0,0,36.8258196115494,14.5756657918294,78.6371103922526,0,0,0,50.0936618867468,0,23.4351408534737,0,17.5178956018866,0,65.0303726196289,2.95915174484253,42.5309171676636,7.98712164163589,39.3556520559226,2.90933386236429,42.7652240635193,0,60.5067291259766,0,83.868839263916,0,0,0,0,85.4663893047132,82.9308395385742,78.4269180297852,71.3513450622559,69.1481871373445,71.5952273777553,51.2653482872937,58.8744144439697,44.6680485118519,40.1247978210449,67.4441322913537,72.4161037445068,71.9194030761719,64.4298534393311,65.3311020299008,0,0,0,0,51.9363143742085,130.526550292969,68.4094533920288,54.7542877197266,0,0,48.1595303961571,2.77426703770955,76.7255143385667,81.2827320098877,0,42.290159702301,0,36.432919883728,0,41.1118579202769,0,0,68.7973428453718,88.5722100394113,0,0,0,0,72.7697730637715,80.6188563296669,68.7580361147539,83.3338095782554,15.785651672032,7.48240147433103,56.1829595970385,43.2013765062605,59.200355275472
10.97040663046,58.5763511657715,0,42.564266204834,0,87.7074375152588,0,0,18.2127197151184,19.1474614673191,42.8286996064363,0,0,0,47.6238661545974,0,27.946254477922,17.5178956018866,0,0,37.4588464101156,0,30.0909833908081,0,36.2535107753895,0,52.8912465712603,0,79.8945026397705,0,48.4472086979793,0,0,0,0,63.6114736858167,72.358149210612,62.8376909891764,50.8475652270847,49.0459447172242,44.2307586603924,27.8726682456117,22.847366403433,11.2363488599658,14.6294087966283,41.5934539770151,38.1176328765021,47.7471415996552,54.5630919933319,34.5989558330335,0,0,0,0,51.0790461222331,72.2258930206299,43.5214569785378,23.0862826297158,0,0,39.3590230941772,0,52.3063303232193,54.7075280390288,0,27.9932899475098,0,40.3686059315999,0,50.8929857324671,26.1582775115967,0,31.7502412796021,48.6166621121493,0,0,0,0,50.9828584113693,52.8439097660724,43.471781105695,51.0085803586383,13.6535534597818,19.0571233880135,30.1908917315242,22.4992498489989,28.2721902442305
0,0,0,0,0,0,0,0,0,0,0,2.95267220173986,0,0,0,0,0,0,0,0,0,0,0,0,0,0,0,0,0,0,0,0,0,0,0,3.0495557419459,0,4.14896611890931,0,0,0,0,0,0,0,0,0,0,0,0,0,0,0,0,0,0,0,3.21385061740875,0,0,0,0,3.22146992050351,0,0,0,0,0,0,0,0,0,0,0,0,0,0,0,4.86086379012016,0,6.79346080259843,0,3.25749827348269,2.7663905620575,11.604793548584,0,0
27.7093486785889,0,26.6105175018311,0,4.92002661898732,0,0,0,0,0,5.11921335865525,0,0,0,0,0,68.3082992553711,65.0303726196289,37.4588464101156,0,0,0,0,0,0,0,0,0,0,0,15.986460755511,0,0,0,0,0,5.62051103973571,0,7.60945178029683,70.4953517913818,38.4583184685506,55.328950881958,21.4403165506007,0,0,0,17.5937675248299,53.2869419521756,40.2425495049892,52.826961517334,6.84881072574192,0,0,0,0,0,7.39568165779114,0,0,0,0,0,0,7.1705428492039,0,0,0,0,0,0,0,0,0,16.1665223825325,0,0,0,0,105.354698181152,10.4506911094766,88.9878158569336,9.46725626427953,15.5699337746021,6.40115064808301,17.3083314716139,0,19.6906058367561
0,0,0,0,0,0,0,0,0,0,0,0,0,0,0,0,0,2.95915174484253,0,0,0,0,5.26816454529762,7.91658469067857,0,4.48145788681658,0,4.11543536186218,0,0,0,0,0,0,0,0,0,4.75932049097391,0,0,0,0,0,0,0,0,0,20.6866427334872,0,5.39863386536976,0,0,0,0,0,0,0,0,0,0,0,0,0,0,5.29348058134013,2.956711769104,7.6346842116518,0,6.00259973567987,0,0,0,0,0,0,0,0,0,0,0,10.3711014186003,0,5.06421461995671,5.12595913043389,0,0,0
0,0,0,0,0,0,0,0,24.6863494600568,0,0,0,0,0,36.4162225723267,0,11.4532327876901,42.5309171676636,30.0909833908081,0,0,5.26816454529762,0,0,5.61474597454071,0,7.65808097273111,0,3.20686874389648,0,0,0,0,0,0,0,0,0,3.18049691404615,0,0,92.2273788452148,0,0,0,0,0,36.0565872192383,7.92897026593449,0,0,0,0,0,27.4703049659729,0,0,0,0,0,22.654146194458,0,0,0,7.41831660688969,5.13306224077215,0,7.77165579795837,0,8.99751517613729,0,0,0,0,0,0,0,0,0,0,0,3.87903150445537,5.42086432583599,3.19408866337367,0,0,0
0,3.85513110955556,0,0,0,0,0,0,0,3.37206709384918,0,0,0,0,0,0,21.0121116638184,7.98712164163589,0,0,0,7.91658469067857,0,0,0,5.84592863821214,0,0,0,0,0,0,0,0,0,0,0,5.6595549533317,0,0,0,0,0,0,0,0,0,19.9948577880859,0,0,0,0,0,0,0,7.40953397750854,0,0,0,0,0,0,0,0,10.6309485116343,0,5.22708579828811,0,6.26147483088446,0,0,0,0,0,0,0,0,0,0,0,6.57820205662132,0,4.10658048882204,0,14.3119805199759,0,0
2.85722175511447,0,0,0,0,0,0,0,9.88099595285811,0,0,0,0,0,16.0934829182095,0,24.0055169006726,39.3556520559226,36.2535107753895,0,0,0,5.61474597454071,0,0,0,7.20492886259256,0,34.6812864939372,0,0,0,0,0,0,0,0,0,4.06362005501739,69.6598205566406,73.1843032836914,67.0045992533366,66.8673324584961,58.5403060913086,0,73.5600280761719,0,0,10.474657338763,72.9606094360352,0,0,0,0,11.6316858103109,0,0,0,0,0,18.4617217268263,0,0,0,0,8.0480964604546,0,5.00298813833808,0,10.2922365545561,0,0,0,0,0,0,0,0,90.3816350301107,84.1059757579457,95.0832633972168,9.94712293942769,13.2305870888478,28.8059410367693,7.08131001336234,62.9103851318359,0
0,0,0,0,0,0,0,0,0,0,0,0,0,0,0,0,0,2.90933386236429,0,0,0,4.48145788681658,0,5.84592863821214,0,0,0,3.43465904836301,0,0,0,0,0,0,0,0,0,0,0,0,0,0,0,0,0,0,0,0,0,11.5946979522705,0,0,0,0,0,0,0,15.4113140106201,0,0,0,4.34572963281111,0,0,5.76412325842768,0,7.03381422023081,0,5.98142720373441,0,11.6219665527344,0,0,0,0,0,0,0,0,0,0,0,4.02228689193726,0,0,0,0
21.2138919830322,0,0,0,0,0,0,0,13.9167522802239,0,0,0,6.72990249185001,0,13.4246648910434,0,13.2572967398625,42.7652240635193,52.8912465712603,0,0,0,7.65808097273111,0,7.20492886259256,0,0,0,4.82590744180499,0,0,0,0,0,0,0,0,0,0,68.1004333496094,0,0,101.979156494141,0,0,0,0,0,0,143.950790405273,0,0,0,0,16.3615218482403,0,0,0,0,0,11.0055141348234,0,0,0,0,8.04652940249834,0,16.7284398078918,0,5.33772254366444,0,5.041478484869,0,0,0,0,0,0,95.5988502502441,86.1401870727539,0,0,10.7457800527375,14.9949135020771,0,0,0
0,0,0,0,0,0,0,0,0,0,0,13.7437114715576,0,0,0,0,0,0,0,0,0,4.11543536186218,0,0,0,3.43465904836301,0,0,0,7.44256468151891,0,0,0,0,0,0,0,0,0,0,0,0,0,0,0,0,0,0,0,0,0,0,0,0,0,0,0,0,0,0,0,0,0,0,3.38231086730957,0,0,0,3.00427322387695,0,4.5273308214934,0,3.94855520460341,0,0,0,0,0,0,0,0,0,3.54867322104318,0,0,0,0
0,0,0,0,0,0,0,0,27.3333810659555,0,0,0,3.60213456864943,0,9.28525282655444,0,8.00056656039491,60.5067291259766,79.8945026397705,0,0,0,3.20686874389648,0,34.6812864939372,0,4.82590744180499,0,0,0,3.99840095871729,0,0,0,0,0,0,0,3.17430632455008,0,83.4596939086914,0,0,0,0,0,0,0,0,0,0,0,0,0,25.8500535488129,0,0,0,0,0,20.2242368062337,0,0,0,0,0,0,0,0,5.21439560909861,0,4.18255099140365,0,0,0,0,0,0,0,0,0,3.58855891227722,8.04706351129632,3.70793576826129,0,0,0
0,0,0,0,0,0,0,0,0,0,0,4.16860374537381,0,0,0,0,0,0,0,0,0,0,0,0,0,0,0,7.44256468151891,0,0,0,0,0,0,0,0,0,2.96320402622223,0,0,0,0,0,0,0,0,0,0,0,0,0,0,0,0,0,0,0,0,0,0,0,0,0,0,0,0,0,0,0,0,6.81114446762765,0,5.05738635541095,0,0,0,0,0,0,0,2.74453854560852,0,3.79698395729065,0,0,0,0
32.8040904998779,0,34.9611396789551,0,38.1363614400228,0,0,0,0,0,6.80504488945007,0,0,0,0,0,61.3343868255615,83.868839263916,48.4472086979793,0,15.986460755511,0,0,0,0,0,0,0,3.99840095871729,0,0,0,0,0,0,0,48.9338935852051,0,6.49639427982351,76.161750793457,50.8514434496562,46.8371047973633,21.7582246596749,0,0,61.6240119934082,28.9603691232616,0,40.159136346046,0,0,0,0,0,0,0,7.61518311926297,0,0,0,0,0,0,22.1138343129839,0,0,0,0,0,0,0,4.80086117205412,0,6.58822540182334,0,0,0,0,93.2628580729167,55.1049704470877,0,13.6810257667448,13.282113524437,0,15.8049559401285,0,21.4834192867937
0,0,0,0,0,0,0,0,0,0,0,0,0,0,0,0,0,0,0,0,0,0,0,0,0,0,0,0,0,0,0,0,3.75870924256742,3.84425191879272,3.36746220155196,3.33708475617801,4.40155582427978,0,0,0,0,0,0,0,0,0,0,6.01225446186204,0,0,0,0,0,0,0,0,0,0,0,0,0,0,0,0,0,0,0,0,0,0,0,0,0,0,6.06344907461802,4.61474004145022,11.7444058429627,0,4.56577044864034,0,0,0,3.28951307261984,0,0,0,0
0,0,0,0,0,0,0,0,0,0,0,0,0,0,0,0,0,0,0,0,0,0,0,0,0,0,0,0,0,0,0,3.75870924256742,0,2.80996155738831,16.8402522404989,4.22820377349854,2.89689455641077,0,0,0,0,0,0,0,0,0,0,7.56985598951048,0,0,0,0,0,0,0,0,0,0,0,0,0,0,0,0,0,0,0,0,0,0,0,0,0,0,5.82621599902277,4.72390072417532,14.834130803744,14.4167806386948,0,5.06644374132156,0,0,3.14384892683351,0,0,0,0
0,0,0,0,0,0,0,0,0,0,0,0,0,0,0,0,0,0,0,0,0,0,0,0,0,0,0,0,0,0,0,3.84425191879272,2.80996155738831,0,4.8625553832934,3.8933909219854,0,3.48826361232334,14.313464789555,0,0,0,0,0,0,0,0,5.9576792484395,16.1169658196278,17.8691314458847,0,0,0,0,0,0,0,0,0,0,0,0,0,0,0,0,0,0,0,0,0,0,0,0,7.04793440045177,0,5.60465567645176,4.44731364369641,9.00377935916185,0,3.65407900783149,14.8111307621002,3.74596304977045,5.87759351730347,16.8256568908691,0,0
0,0,0,0,0,0,0,0,0,0,0,0,0,0,0,0,0,0,0,0,0,0,0,0,0,0,0,0,0,0,0,3.36746220155196,16.8402522404989,4.8625553832934,0,0,4.26894844560062,12.7881094614665,3.77193854446698,0,0,0,0,0,0,0,44.4537841796875,5.18675346416524,14.3052891552448,0,0,0,0,0,0,0,0,0,0,0,0,0,0,51.4150161743164,0,44.3289985656738,0,0,0,0,0,38.7576293945312,0,0,7.47359763492237,12.8844340592623,6.4324427177452,4.89574269413662,12.9090127944946,6.53269460222362,22.8421440124512,6.03065524558767,4.85541779395432,4.52051756381988,36.3838386535645,0,0
0,0,0,56.7063842773438,0,28.5735608296222,0,0,85.0945224761963,80.8873615264893,94.8352966308594,0,0,0,0,0,97.7611872355143,85.4663893047132,63.6114736858167,3.0495557419459,0,0,0,0,0,0,0,0,0,0,0,3.33708475617801,4.22820377349854,3.8933909219854,0,0,3.273978617519,6.45857798174696,0,61.2871473073959,106.012351989746,50.7216886473291,74.0480857849121,46.7466885884603,75.4030456542969,38.0640886260298,88.2178344726562,20.390795768391,17.6471795737743,24.1404717915198,0,0,0,0,0,57.7225189208984,0,0,0,0,0,0,5.32147699264887,133.818878173828,0,0,0,0,0,0,0,0,68.0893881056044,0,4.40899267871823,0,4.25665573612982,0,6.06758953564083,8.73956663768832,8.82034070455282,123.313730875651,9.56397258100769,14.5975759923458,39.8167415802904,42.2870762164776,81.4895706176758
42.5528774261475,0,0,0,51.5508003234863,0,0,0,0,0,8.02251176747233,0,0,0,0,0,93.2383003234863,82.9308395385742,72.358149210612,0,5.62051103973571,0,0,0,0,0,0,0,0,0,48.9338935852051,4.40155582427978,2.89689455641077,0,4.26894844560062,3.273978617519,0,0,8.7573321043989,0,27.1353753219571,73.273681640625,38.4726720949499,0,60.4952735900879,14.490083694458,24.0550727449672,4.87869458993276,33.2263219294495,0,0,0,0,0,0,0,21.3612884817452,0,0,0,0,0,0,16.8713243623911,0,0,0,0,0,0,0,0,0,45.9318809509277,0,3.05908645334698,0,0,12.9306305646896,6.87170244869644,0,8.56794100482455,6.5406778280153,7.99649070033544,32.6482036405475,0,36.4781516393026
0,16.0237503051758,0,0,0,0,0,0,0,5.38696829215536,0,3.46000558483985,0,0,0,0,0,78.4269180297852,62.8376909891764,4.14896611890931,0,4.75932049097391,0,5.6595549533317,0,0,0,0,0,2.96320402622223,0,0,0,3.48826361232334,12.7881094614665,6.45857798174696,0,0,5.62791361014048,76.1597518920898,0,32.075169972011,0,34.4222440719604,0,48.8535957336426,0,7.14815727576195,17.5979473545866,6.24720002333714,0,0,0,0,0,4.96561311483383,0,3.89485120336423,0,0,0,0,7.42292955534799,0,6.44425960982344,0,5.29014442111022,0,12.750586827596,0,0,0,3.37522999445597,0,0,0,3.95926320726311,0,14.4393819669524,0,6.13453944692032,3.24209332466125,5.39022223379857,4.63004682540894,20.816836048575,46.4538803100586,0
33.8316764831543,0,0,0,0,0,0,0,9.47858956269141,0,5.95690730666372,0,0,0,0,0,68.3650687081473,71.3513450622559,50.8475652270847,0,7.60945178029683,0,3.18049691404615,0,4.06362005501739,0,0,0,3.17430632455008,0,6.49639427982351,0,0,14.313464789555,3.77193854446698,0,8.7573321043989,5.62791361014048,0,66.1800079345703,55.9082257588704,0,17.9078084395482,60.6768226623535,39.5695991516113,0,38.9433021133752,6.77012809234507,12.2559888111918,0,0,0,0,0,10.2951631546021,0,7.71606512956841,0,0,0,0,0,0,13.0672797065578,0,3.20293140953237,0,10.2814079920451,0,0,0,0,0,9.12563214478669,0,0,0,6.23982980354972,90.2602111816406,13.9171725840984,0,4.74811628878244,6.51605338598849,8.24154949913684,13.1937961649187,0,24.0558605319575
0,50.0796012878418,0,41.4826269830976,0,39.9772410873295,0,0,66.9704381502592,47.1944677564833,121.781631469727,0,0,0,0,0,69.6957390034093,69.1481871373445,49.0459447172242,0,70.4953517913818,0,0,0,69.6598205566406,0,68.1004333496094,0,0,0,76.161750793457,0,0,0,0,61.2871473073959,0,76.1597518920898,66.1800079345703,0,63.3666396863533,22.5117069836773,42.351843600803,33.7624307308557,35.2804558493874,17.3161455732391,61.391512462071,25.5036939943538,28.5784072875977,17.3661103944774,0,50.8174522399902,0,0,98.3329620361328,46.7920129949396,0,50.6480355696245,0,0,0,0,13.8367541858128,67.4484032524957,0,0,0,91.174690246582,0,86.6165924072266,47.5494289398193,0,51.9110544881513,73.5002517700195,0,0,0,0,27.5585386692929,71.3538422625998,59.6187581246899,75.1171111056679,33.919634204724,51.5945905685425,26.7734417394622,41.5365873972575,58.4495890299479
77.5061798095703,0,0,0,48.6865497935902,0,0,0,53.9646077156067,0,47.2111456482499,0,0,0,71.8561172485352,0,60.9465840030724,71.5952273777553,44.2307586603924,0,38.4583184685506,0,0,0,73.1843032836914,0,0,0,83.4596939086914,0,50.8514434496562,0,0,0,0,106.012351989746,27.1353753219571,0,55.9082257588704,63.3666396863533,0,46.1623732955367,19.6841553805128,38.3985039847238,31.2361835132946,55.8401775360107,12.4091580377685,18.8128306648948,9.25156387868802,65.1586122512817,0,0,0,0,59.6901378631592,0,47.8477171695594,71.14111328125,0,0,77.636474609375,0,73.0739318847656,23.1644522294041,0,0,0,0,0,62.4886741638184,0,0,81.5869216918945,37.4883493582408,0,0,0,0,77.5402142876073,15.9729223304785,83.7553579157049,37.9339226200792,46.3114265737249,65.0915309143066,17.5137101719345,68.9577417373657,31.630976130565
0,16.6146739489072,0,34.0143739836557,0,42.7083283501702,0,0,64.9536619186401,38.1195046824794,55.8971080780029,0,0,0,99.6818389892578,0,59.65495677948,51.2653482872937,27.8726682456117,0,55.328950881958,0,92.2273788452148,0,67.0045992533366,0,0,0,0,0,46.8371047973633,0,0,0,0,50.7216886473291,73.273681640625,32.075169972011,0,22.5117069836773,46.1623732955367,0,22.8896605635917,20.2882333368625,23.3936935912731,29.8190326730577,61.7071776390076,22.6115263269729,44.6501783927282,17.9979197691678,0,37.9081687927246,0,0,0,39.5356733004252,58.5202331542969,21.9929283743035,0,0,53.6907711029053,0,28.0308459534937,54.0844633314345,0,0,0,0,0,0,18.9270583756116,0,23.0577533426256,56.1883079528809,0,0,0,0,28.3494454374802,56.6589384812575,34.5693162233251,64.9269371032715,17.6875689190246,11.6779299320713,19.2725073413285,16.622700898878,40.2095254659653
28.6488656997681,0,32.3012912750244,49.1928672790527,49.5785126686096,0,0,0,41.048635412665,0,22.3609435607784,0,0,0,44.4016342163086,0,48.9941525905252,58.8744144439697,22.847366403433,0,21.4403165506007,0,0,0,66.8673324584961,0,101.979156494141,0,0,0,21.7582246596749,0,0,0,0,74.0480857849121,38.4726720949499,0,17.9078084395482,42.351843600803,19.6841553805128,22.8896605635917,0,48.9053806728787,19.3210448716816,45.833027752963,27.7067761700842,18.856102050361,11.7758017739105,31.4063432812691,0,0,0,0,45.990182240804,50.6667518615723,18.314881237216,54.7014389038086,0,0,0,0,48.3019104003906,23.9462989128873,0,0,0,0,0,117.873001098633,0,0,51.1809877668108,21.3913042861918,0,0,0,0,44.8942888714313,27.387157275233,50.2934325626918,27.069896822579,14.6220933168169,43.0059076081152,15.1829017129457,28.8088215827942,11.7793384843798
0,0,0,20.396354675293,0,0,0,0,27.8794240951538,14.3273220062256,0,0,0,0,0,0,51.0581977150657,44.6680485118519,11.2363488599658,0,0,0,0,0,58.5403060913086,0,0,0,0,0,0,0,0,0,0,46.7466885884603,0,34.4222440719604,60.6768226623535,33.7624307308557,38.3985039847238,20.2882333368625,48.9053806728787,0,29.1405830383301,10.6648831246774,41.9258902072906,31.9325318336487,0,25.0341846764493,0,0,0,0,0,19.7953929901123,0,23.14449240032,0,0,0,0,32.6926383972168,63.9416580200195,0,0,0,0,0,0,19.2750511169434,0,22.2380464910492,64.286262512207,0,0,0,0,42.4694538454039,54.1610417683919,29.8664727000629,83.8591514587402,23.6383959928361,0,15.2203363054316,7.47085251527674,67.2845764160156
0,0,0,0,0,0,0,0,0,0,23.3992605209351,0,0,0,0,0,0,40.1247978210449,14.6294087966283,0,0,0,0,0,0,0,0,0,0,0,0,0,0,0,0,75.4030456542969,60.4952735900879,0,39.5695991516113,35.2804558493874,31.2361835132946,23.3936935912731,19.3210448716816,29.1405830383301,0,0,0,0,0,61.8358745574951,0,0,0,0,0,0,0,0,0,0,0,0,39.6322002410889,47.6529197692871,0,0,0,0,0,0,0,0,0,0,0,0,0,0,44.5834602209238,33.345116297404,51.9824498494466,31.1232527219332,25.2623605167165,0,22.6438773359571,25.6890354156494,0
0,29.2872333526611,0,16.5565081064431,0,18.4371809275173,0,0,0,16.8237808780237,0,14.7168626785278,0,0,0,0,65.0386461530413,67.4441322913537,41.5934539770151,0,0,0,0,0,73.5600280761719,0,0,0,0,0,61.6240119934082,0,0,0,0,38.0640886260298,14.490083694458,48.8535957336426,0,17.3161455732391,55.8401775360107,29.8190326730577,45.833027752963,10.6648831246774,0,0,46.4480495452881,34.7945171562401,26.4924664497375,29.2037086091803,0,19.7222904477801,0,0,0,20.2200378690447,0,19.0538910027318,0,0,0,0,8.52766877311442,77.9846954345703,0,0,0,0,0,0,20.4700140953064,0,23.8944783332653,0,0,0,0,0,22.8331474639025,70.1730676378523,28.929332536874,71.604663848877,24.548755194399,18.0631979370117,13.05306958464,23.1340880393982,46.5848808288574
48.0525646209717,0,11.5766231536865,0,23.6649770175709,0,0,0,46.6139869689941,0,25.2335102434512,0,0,0,0,0,62.6467223534217,72.4161037445068,38.1176328765021,0,17.5937675248299,0,0,0,0,0,0,0,0,0,28.9603691232616,0,0,0,44.4537841796875,88.2178344726562,24.0550727449672,0,38.9433021133752,61.391512462071,12.4091580377685,61.7071776390076,27.7067761700842,41.9258902072906,0,46.4480495452881,0,38.8263515896267,30.150290043576,35.044666396247,0,0,0,0,0,0,24.1226813263363,0,0,0,0,0,77.5606231689453,11.3165390048183,0,0,0,0,0,0,0,0,50.0627021789551,29.8416664780689,0,0,0,0,81.3851239340646,23.564305574292,80.916480255127,34.7570704753433,36.1084930809105,56.3684611320496,24.0011415192283,0,31.9693542122841
0,31.3815577580379,0,45.9506500244141,55.447395324707,50.9809430440267,0,0,0,50.0905596415202,61.0826454162598,0,0,0,0,0,0,71.9194030761719,47.7471415996552,0,53.2869419521756,20.6866427334872,36.0565872192383,19.9948577880859,0,0,0,0,0,0,0,6.01225446186204,7.56985598951048,5.9576792484395,5.18675346416524,20.390795768391,4.87869458993276,7.14815727576195,6.77012809234507,25.5036939943538,18.8128306648948,22.6115263269729,18.856102050361,31.9325318336487,0,34.7945171562401,38.8263515896267,0,7.83153082375683,7.200982126279,0,49.3590354919434,0,0,0,52.5693689982096,64.7284851074219,53.2000694274902,0,0,0,0,31.2340087890625,47.072039270401,23.0614327823415,33.5845743815104,0,28.3829860687256,0,0,0,30.7599318186442,59.2167282104492,63.4831619262695,19.9812053624866,6.03222110806679,10.0953606210382,5.33276475484098,11.3035386260849,32.9357326617006,8.24375614886669,5.34342654268374,11.9470407750931,6.08684169314802,11.6318719702131,30.4309761340802,0
3.72247123718262,0,4.34495018925404,0,49.0602574781938,44.6893870035807,0,0,12.6616086457905,45.9462699890137,46.8686219896589,0,0,0,2.74503135681152,0,67.2848300933838,64.4298534393311,54.5630919933319,0,40.2425495049892,0,7.92897026593449,0,10.474657338763,0,0,0,0,0,40.159136346046,0,0,16.1169658196278,14.3052891552448,17.6471795737743,33.2263219294495,17.5979473545866,12.2559888111918,28.5784072875977,9.25156387868802,44.6501783927282,11.7758017739105,0,0,26.4924664497375,30.150290043576,7.83153082375683,0,5.77508479502143,5.50014400482178,0,0,0,13.7603539228439,41.2980804443359,16.1089830813201,0,3.6566511543829,0,0,0,0,35.2503354623392,0,7.34022081341168,0,10.6480564784005,0,4.16412641291033,0,9.93253127733866,0,25.592455517162,18.6512990431352,8.84577465057373,0,11.8290316869342,41.3164131457989,22.7790979154813,33.6928024291992,11.3681467916002,18.2620501695752,15.2812842589158,11.5934426635057,0,23.9670592689514
0,6.82996122118092,0,23.4595915756315,0,44.928385534042,0,0,70.2729768753052,45.2973795936221,68.3651161193848,0,0,0,0,0,79.0855445861816,65.3311020299008,34.5989558330335,0,52.826961517334,5.39863386536976,0,0,72.9606094360352,11.5946979522705,143.950790405273,0,0,0,0,0,0,17.8691314458847,0,24.1404717915198,0,6.24720002333714,0,17.3661103944774,65.1586122512817,17.9979197691678,31.4063432812691,25.0341846764493,61.8358745574951,29.2037086091803,35.044666396247,7.200982126279,5.77508479502143,0,0,49.5392292567662,0,0,0,41.6325904781168,67.7829666137695,9.73615161190188,0,3.79256716641513,70.8018264770508,7.93189036846161,35.7395011583964,53.6869436899821,5.34918741875381,0,4.67931025608166,82.8547821044922,4.1791116093645,0,5.36530370389001,0,36.7211278104782,70.1303405761719,0,0,16.9197011835435,0,27.8248091509232,82.7952527999878,14.4142878217395,83.979267467152,24.3428889352928,58.4580399990082,18.798403836632,20.2131208075958,50.2101027170817
8.67579287290573,0,4.54306025505066,0,3.67727241516113,0,0,0,0,0,35.8439693450928,0,0,0,0,0,0,0,0,0,6.84881072574192,0,0,0,0,0,0,0,0,0,0,0,0,0,0,0,0,0,0,0,0,0,0,0,0,0,0,0,5.50014400482178,0,0,0,4.86440372467041,0,3.80275897185008,0,3.848285111514,0,0,0,0,0,0,5.60190210077498,0,0,0,0,0,0,0,0,0,0,0,0,0,0,0,0,0,0,3.48697235470726,0,5.3678387222868,0,0
0,0,0,5.54990746758201,0,4.15979429714398,0,2.72761130332947,0,4.59359768033028,0,0,0,0,0,0,0,0,0,0,0,0,0,0,0,0,0,0,0,0,0,0,0,0,0,0,0,0,0,50.8174522399902,0,37.9081687927246,0,0,0,19.7222904477801,0,49.3590354919434,0,49.5392292567662,0,0,0,0,0,3.43144351243973,0,0,0,3.3605590038989,0,0,0,0,0,0,0,0,0,0,0,0,0,0,0,0,0,0,0,94.86279296875,0,0,30.3034813971747,0,14.5086129307747,0,0
0,0,0,0,0,0,3.06900851428509,0,0,0,2.96169114112854,0,0,0,0,0,0,0,0,0,0,0,0,0,0,0,0,0,0,0,0,0,0,0,0,0,0,0,0,0,0,0,0,0,0,0,0,0,0,0,4.86440372467041,0,0,0,0,0,3.15434098243713,0,0,0,0,0,0,0,0,0,0,0,0,0,0,0,0,0,0,0,0,0,0,0,0,0,4.84529553450547,0,0,0,0
0,0,0,0,0,2.74059357643127,0,2.74190664291382,0,0,0,0,0,0,0,0,0,0,0,0,0,0,0,0,0,0,0,0,0,0,0,0,0,0,0,0,0,0,0,0,0,0,0,0,0,0,0,0,0,0,0,0,0,0,0,0,0,3.87407763799032,0,0,0,0,0,0,0,0,0,0,0,0,0,0,0,0,0,0,0,0,0,0,0,0,0,0,0,0,0
4.35666283694181,0,4.33206139292036,0,4.09246019375177,0,0,0,6.72449111727019,0,0,0,18.6320133209229,0,17.6799485839416,0,22.4648552486508,51.9363143742085,51.0790461222331,0,0,0,27.4703049659729,0,11.6316858103109,0,16.3615218482403,0,25.8500535488129,0,0,0,0,0,0,0,0,0,10.2951631546021,98.3329620361328,59.6901378631592,0,45.990182240804,0,0,0,0,0,13.7603539228439,0,3.80275897185008,0,0,0,0,0,0,80.6304779052734,0,0,14.5052299910578,0,0,0,0,25.4213161468506,0,10.0335529511518,0,18.253678919433,0,22.0744953155518,0,0,0,0,0,0,80.467643737793,103.531806945801,70.5894241333008,27.6808973948161,21.0565837667894,18.5412152234246,9.04913311004639,54.1937217712402,0
0,6.6652050095446,0,9.13308075018096,0,4.62775101022023,0,0,0,4.55945196711188,0,0,0,0,0,0,71.1305694580078,130.526550292969,72.2258930206299,0,0,0,0,7.40953397750854,0,0,0,0,0,0,0,0,0,0,0,57.7225189208984,0,4.96561311483383,0,46.7920129949396,0,39.5356733004252,50.6667518615723,19.7953929901123,0,20.2200378690447,0,52.5693689982096,41.2980804443359,41.6325904781168,0,3.43144351243973,0,0,0,0,0,36.1213905334473,0,0,0,11.0538641214371,0,0,0,0,5.70143026878585,0,0,0,37.3745155334473,0,38.8801227916371,0,0,0,0,0,52.4269472757975,0,15.3262177211482,0,29.5595384389162,0,21.8644001990293,32.5994873046875,0
6.08370027900213,0,11.9156593084335,0,36.8557226998465,0,7.8477258076102,0,44.419734954834,0,5.08165984977911,0,0,0,0,0,60.6363727024623,68.4094533920288,43.5214569785378,0,7.39568165779114,0,0,0,0,0,0,0,0,0,7.61518311926297,0,0,0,0,0,21.3612884817452,0,7.71606512956841,0,47.8477171695594,58.5202331542969,18.314881237216,0,0,0,24.1226813263363,64.7284851074219,16.1089830813201,67.7829666137695,3.848285111514,0,3.15434098243713,0,0,0,0,0,3.17220735549927,0,0,0,0,13.033306991169,0,0,0,0,0,0,0,3.58351685260904,0,6.82209920418495,0,0,0,0,88.1653442382812,52.041534142416,0,36.8543876199161,11.48856750713,63.3624620437622,13.7730192136765,48.6614112854004,20.3336633622646
0,7.32072455509036,0,18.2131306103298,0,0,0,0,0,35.5020914077759,0,5.35603508845765,0,2.74855971336365,0,13.9606742858887,0,54.7542877197266,23.0862826297158,3.21385061740875,0,0,0,0,0,15.4113140106201,0,0,0,0,0,0,0,0,0,0,0,3.89485120336423,0,50.6480355696245,71.14111328125,21.9929283743035,54.7014389038086,23.14449240032,0,19.0538910027318,0,53.2000694274902,0,9.73615161190188,0,0,0,3.87407763799032,80.6304779052734,36.1213905334473,0,0,0,4.53164249226667,0,9.03154390186182,18.6744692993164,0,0,0,0,0,14.1178979873657,0,4.14347600063104,0,5.40430591503779,0,0,0,0,0,53.8006620407104,0,11.8026595849257,0,14.6683098607593,0,7.66950045547287,15.4716968536377,0
6.70451194614006,0,4.1474624077479,0,0,0,0,0,0,0,0,0,3.20609797130931,0,0,0,0,0,0,0,0,0,0,0,0,0,0,0,0,0,0,0,0,0,0,0,0,0,0,0,0,0,0,0,0,0,0,0,3.6566511543829,0,0,0,0,0,0,0,3.17220735549927,0,0,0,3.75369050034455,0,0,0,0,0,0,0,0,0,0,3.68567195534706,0,0,0,0,0,0,0,0,0,0,0,0,0,0,0
0,6.18429133025083,0,0,0,0,0,0,0,0,0,3.21939018926313,0,3.11266817337758,0,2.96076500415802,0,0,0,0,0,0,0,0,0,0,0,0,0,0,0,0,0,0,0,0,0,0,0,0,0,0,0,0,0,0,0,0,0,3.79256716641513,0,3.3605590038989,0,0,0,0,0,4.53164249226667,0,0,0,5.32595478057861,0,0,0,0,0,0,0,0,0,0,0,0,0,0,0,0,0,0,0,0,2.9425941214842,0,3.57123649120331,0,0
3.04114499357012,0,0,0,0,0,0,0,12.4884131035837,0,0,0,8.4696031332016,0,6.30189684530846,0,21.5420560094124,48.1595303961571,39.3590230941772,0,0,0,22.654146194458,0,18.4617217268263,0,11.0055141348234,0,20.2242368062337,0,0,0,0,0,0,0,0,0,0,0,77.636474609375,53.6907711029053,0,0,0,0,0,0,0,70.8018264770508,0,0,0,0,14.5052299910578,0,0,0,3.75369050034455,0,0,0,0,0,0,33.356499671936,0,24.2291128900316,0,7.61308089089148,0,0,0,0,0,0,0,0,96.0555572509766,0,0,0,12.9820647956319,8.99522414096135,0,0,0
0,3.80927100292472,0,0,0,0,0,0,0,0,0,0,0,0,0,4.44285105451753,0,2.77426703770955,0,0,0,0,0,0,0,4.34572963281111,0,0,0,0,0,0,0,0,0,0,0,0,0,0,0,0,0,0,0,0,0,0,0,7.93189036846161,0,0,0,0,0,11.0538641214371,0,9.03154390186182,0,5.32595478057861,0,0,0,0,0,0,0,0,4.19638112458316,0,0,0,0,0,0,0,0,0,0,0,0,0,0,0,0,0,0
0,0,0,22.0816681725638,0,9.47792630179371,0,0,115.623977661133,0,0,5.06346797943115,0,0,0,0,72.8407522837321,76.7255143385667,52.3063303232193,3.22146992050351,0,0,0,0,0,0,0,0,0,0,0,0,0,0,0,5.32147699264887,0,7.42292955534799,0,13.8367541858128,73.0739318847656,28.0308459534937,48.3019104003906,32.6926383972168,39.6322002410889,8.52766877311442,77.5606231689453,31.2340087890625,0,35.7395011583964,0,0,0,0,0,0,0,18.6744692993164,0,0,0,0,0,0,0,0,0,0,0,0,0,0,25.8302248874343,0,0,0,0,0,8.81243376626828,83.451180352105,9.45658126000039,108.78662109375,20.4662278696055,37.5354431470235,11.1761670047125,44.1326301574707,62.2327117919922
26.8899745941162,0,12.7442338943481,0,7.42851888408452,68.8554992675781,0,0,68.0565490722656,0,13.20043190809,0,0,0,0,0,77.4488230811225,81.2827320098877,54.7075280390288,0,7.1705428492039,0,0,0,0,0,0,0,0,0,22.1138343129839,0,0,0,51.4150161743164,133.818878173828,16.8713243623911,0,13.0672797065578,67.4484032524957,23.1644522294041,54.0844633314345,23.9462989128873,63.9416580200195,47.6529197692871,77.9846954345703,11.3165390048183,47.072039270401,35.2503354623392,53.6869436899821,5.60190210077498,0,0,0,0,0,13.033306991169,0,0,0,0,0,0,0,0,0,0,65.6859893798828,0,0,0,0,78.4967346191406,19.2126612019605,0,0,0,0,92.6153584798177,20.6196556018071,73.5489273071289,14.0667537505689,23.1182113920286,21.5997029304504,22.8441657232444,65.5653991699219,25.5939246495565
0,0,0,0,0,0,0,0,0,0,0,0,0,0,0,0,0,0,0,0,0,5.29348058134013,7.41831660688969,10.6309485116343,0,5.76412325842768,0,3.38231086730957,0,0,0,0,0,0,0,0,0,6.44425960982344,0,0,0,0,0,0,0,0,0,23.0614327823415,0,5.34918741875381,0,0,0,0,0,0,0,0,0,0,0,0,0,0,0,0,6.56263995170593,0,4.85467707036616,0,6.31050567626953,0,0,0,0,0,0,0,0,0,12.6710176858326,0,6.81441150175645,0,0,0,0
0,0,0,0,0,0,0,0,34.666332244873,0,0,0,0,0,32.1717472076416,0,6.28349921011156,42.290159702301,27.9932899475098,0,0,2.956711769104,5.13306224077215,0,8.0480964604546,0,8.04652940249834,0,0,0,0,0,0,0,44.3289985656738,0,0,0,3.20293140953237,0,0,0,0,0,0,0,0,33.5845743815104,7.34022081341168,0,0,0,0,0,25.4213161468506,0,0,0,0,0,33.356499671936,0,0,0,0,0,0,3.1955848632099,0,8.21317735085121,0,6.55024480819702,0,0,0,0,0,34.1822700500488,0,0,0,4.89510011259531,9.62434977293015,0,0,0,0
0,4.99114882359739,0,0,0,0,0,0,0,5.84611968199412,0,0,0,0,0,0,0,0,0,0,0,7.6346842116518,0,5.22708579828811,0,7.03381422023081,0,0,0,0,0,0,0,0,0,0,0,5.29014442111022,0,0,0,0,0,0,0,0,0,0,0,4.67931025608166,0,0,0,0,0,5.70143026878585,0,0,0,0,0,0,0,0,6.56263995170593,0,0,0,5.16363552457469,0,0,0,0,0,0,0,0,0,0,0,7.14934276349102,0,3.53128657133683,0,3.87567536142848,0,0
2.79453921318054,0,0,0,0,0,0,0,9.14137753175229,0,133.522750854492,0,0,0,20.6133320999146,0,23.9957111366557,36.432919883728,40.3686059315999,0,0,0,7.77165579795837,0,5.00298813833808,0,16.7284398078918,0,0,0,0,0,0,0,0,0,0,0,10.2814079920451,91.174690246582,0,0,0,0,0,0,0,28.3829860687256,10.6480564784005,82.8547821044922,0,0,0,0,10.0335529511518,0,0,0,0,0,24.2291128900316,0,0,65.6859893798828,0,3.1955848632099,0,0,0,12.8388144056848,0,0,0,0,0,0,0,0,0,72.3020858764648,0,44.8863598505656,15.2626317515969,27.8894201914469,10.2784236544057,0,0
0,0,0,0,0,0,0,0,0,0,0,0,0,0,0,10.7942841847738,0,0,0,0,0,6.00259973567987,0,6.26147483088446,0,5.98142720373441,0,3.00427322387695,0,0,0,0,0,0,0,0,0,12.750586827596,0,0,0,0,0,0,0,0,0,0,0,4.1791116093645,0,0,0,0,0,0,0,14.1178979873657,0,0,0,4.19638112458316,0,0,4.85467707036616,0,5.16363552457469,0,0,0,5.29571336866861,0,0,0,0,0,0,0,0,0,0,0,0,0,0,0,0
19.8736515045166,0,0,0,0,0,0,0,17.4562687189491,0,0,0,4.82201983531316,0,11.8972616127203,0,14.2750303452686,41.1118579202769,50.8929857324671,0,0,0,8.99751517613729,0,10.2922365545561,0,5.33772254366444,0,5.21439560909861,0,0,0,0,0,0,0,0,0,0,86.6165924072266,62.4886741638184,0,117.873001098633,0,0,0,0,0,4.16412641291033,0,0,0,0,0,18.253678919433,0,0,0,0,0,7.61308089089148,0,0,0,0,8.21317735085121,0,12.8388144056848,0,0,0,3.57426337401072,0,0,0,0,0,0,0,75.8950729370117,0,0,14.4076340489052,16.6118531156469,18.6963205337524,0,0
0,0,0,0,0,35.476879119873,0,0,0,36.8894297281901,0,4.58812327254308,0,0,0,0,0,0,26.1582775115967,0,0,0,0,0,0,11.6219665527344,0,4.5273308214934,0,6.81114446762765,0,0,0,0,0,0,0,0,0,47.5494289398193,0,18.9270583756116,0,19.2750511169434,0,20.4700140953064,0,0,0,5.36530370389001,0,0,0,0,0,37.3745155334473,0,4.14347600063104,0,0,0,0,0,0,6.31050567626953,0,0,0,5.29571336866861,0,0,0,3.93186631202698,0,0,0,0,0,48.9220371246338,0,0,0,22.6603989601135,0,9.2960220047685,15.5677738189697,0
0,0,0,0,0,0,0,0,0,0,0,0,3.91764579030032,0,3.06255567073822,0,3.62216822306315,0,0,0,0,0,0,0,0,0,5.041478484869,0,4.18255099140365,0,4.80086117205412,0,0,0,38.7576293945312,0,0,0,0,0,0,0,0,0,0,0,0,30.7599318186442,9.93253127733866,0,0,0,0,0,22.0744953155518,0,3.58351685260904,0,3.68567195534706,0,0,0,0,0,0,6.55024480819702,0,0,0,3.57426337401072,0,0,0,4.34695667879922,0,0,0,29.8500061035156,0,0,0,3.73755791710644,3.67028094107105,4.09294047620561,3.82503122844915,0,0
0,0,0,31.1363965926632,0,38.6212730407715,0,0,0,38.4353642993503,0,5.58450797984475,0,0,0,0,73.9966201782227,68.7973428453718,31.7502412796021,0,0,0,0,0,0,0,0,3.94855520460341,0,5.05738635541095,0,0,0,0,0,68.0893881056044,0,3.37522999445597,0,51.9110544881513,81.5869216918945,23.0577533426256,51.1809877668108,22.2380464910492,0,23.8944783332653,50.0627021789551,59.2167282104492,0,36.7211278104782,0,0,0,0,0,38.8801227916371,0,5.40430591503779,0,0,0,0,25.8302248874343,78.4967346191406,0,0,0,0,0,0,3.93186631202698,0,0,64.5930709838867,0,0,0,0,53.4038931852007,85.2794844309489,8.56166364095226,76.6194272722517,44.4915968935664,75.5912551879883,14.9447990291927,17.9315819634332,0
