0,0,0.120858774298713,0,0.133084326982498,0,0,0,0.186806924832828,0,0.399495005607605,0,0,0,0,0,0,0,0.310316912829876,0,0,0,0,0,0,0,0,0,0,0,0,0,0,0,0,0,0.389872252941132,0,0,0,0.438780735839497,0,0.165476106778747,0,0,0,0.391359090805054,0,0.136559353572213,0,0,0,0,0,0.177288615064962,0,0.365185764431953,0,0,0,0.221023514664551,0,0,0.38151603937149,0,0,0,0.206106826663017,0,0.200176358222961,0,0,0,0.405013972520828,0,0,0,0,0,0.406764637110597,0,0,0.164584135352555,0.169391848861355,0.167743140546559,0,0.232611577795899
0,0,0,0.13653119966701,0,0.196906736918858,0,0,0,0.122512783145621,0,0,0,0,0,0,0,0,0.27577105058091,0,0,0,0,0,0,0,0,0,0,0,0,0,0,0,0,0,0,0,0,0,0,0.304009255251767,0,0,0,0,0.348389863967896,0,0,0.164148142488347,0,0.200268918275833,0,0,0,0.150890029577845,0,0.252891942858696,0,0.253042206168175,0,0.177452192806146,0,0,0,0,0,0,0,0,0,0,0,0,0,0,0,0,0.377037227153778,0.400697946548462,0,0,0.162823648857219,0,0.137510065217766,0.409357190132141,0
0.120858774298713,0,0,0,0.169679718358176,0,0,0,0.1398746939376,0,0,0,0,0,0,0,0.254130917787552,0,0.231765536196304,0,0.247950151562691,0,0,0,0,0,0,0,0,0,0,0,0,0,0,0,0.188444832509214,0,0,0.275510400533676,0.211637861198849,0.220509424805641,0.271987830607483,0,0.22645603120327,0,0.22951263832775,0.249262082576752,0.227302244394132,0,0.191069856286049,0,0,0,0.142716454047906,0,0.230609320600828,0,0.165500801343184,0,0.174586313727655,0,0,0.231982945747997,0,0,0,0,0,0,0,0,0,0.274354308843613,0,0,0,0,0,0.25559243063132,0,0,0.178863941629728,0.161746559664607,0.234268640680014,0,0.230965071074341
0,0.13653119966701,0,0,0,0.134964487725689,0,0,0,0.114874827450719,0,0,0,0,0,0,0,0,0.272563293576241,0,0,0,0,0,0,0,0,0,0,0,0,0,0,0,0,0.204555715123812,0,0,0,0.228615115086238,0,0.266391999423504,0,0,0,0,0,0.271146476268768,0.270763903856277,0.15392944174871,0,0.208270538711187,0,0,0,0.124072923393989,0,0.269474852085114,0,0.205515237920212,0,0.179732212255187,0,0,0,0,0,0,0,0,0.323140889406204,0,0,0,0,0,0,0,0.224891647696495,0,0.297554761171341,0,0.215500533516273,0,0.21070726710172,0.323602944612503,0
0.133084326982498,0,0.169679718358176,0,0,0,0.183145182331403,0,0.188358579629234,0,0,0,0,0,0.229449172814687,0,0.248771846294403,0,0,0,0.258835684083685,0,0,0,0,0,0,0,0,0,0,0,0,0,0,0,0.198296838750442,0,0,0,0,0,0.132152080535889,0,0,0,0,0,0.236984714865685,0,0.184306307335368,0,0.20370127633214,0,0.180744855999947,0,0.212464613078525,0,0.190913388029087,0,0.177978782137053,0,0,0.236546440327421,0,0,0,0,0,0,0,0,0,0,0,0,0,0,0,0.224794695153832,0,0,0.197230221265662,0.216128175053024,0.231797272960345,0,0
0,0.196906736918858,0,0.134964487725689,0,0,0,0.181019380688667,0,0.169679798564668,0,0,0,0,0,0.187300106592938,0,0,0,0.173860395979729,0,0,0,0,0,0,0,0,0,0,0,0,0,0,0,0.198017615464426,0,0,0,0.231899335980415,0,0.30807577404711,0,0,0,0,0,0.226592659950256,0.243102623149753,0.207871297853334,0,0.219384933719113,0,0.177393421530724,0,0.153401595051006,0,0.29310302734375,0,0.2027683476607,0,0.2107009905829,0.221334162151272,0,0,0,0,0,0,0,0,0,0,0,0,0,0,0,0.239916616429885,0,0,0,0.179929633138867,0.2116207498443,0.233953173049783,0.251975243290265,0
0,0,0,0,0.183145182331403,0,0,0,0,0,0.208475480554625,0,0,0,0,0,0,0,0,0,0.180315548138653,0,0,0,0,0,0,0,0,0,0,0,0,0,0,0,0,0,0,0,0,0,0,0,0,0,0,0,0,0,0.164840394258499,0,0.183827744314716,0,0,0,0.237166794016957,0,0,0,0,0,0,0.185098257039984,0,0,0,0,0,0,0,0,0,0,0,0,0,0,0,0.267759700616201,0,0,0.166652813057105,0.17748740541935,0.231298819184303,0,0
0,0,0,0,0,0.181019380688667,0,0,0,0,0,0.195044070482254,0,0.200856972485781,0,0,0,0,0,0.178056573495269,0,0,0,0,0,0,0,0,0,0,0,0,0,0,0,0,0,0,0,0,0,0,0,0,0,0,0,0,0,0,0,0.159112622030079,0,0.173592253838267,0,0,0,0.172450179855029,0,0.200161588688691,0,0,0,0,0,0,0,0,0,0,0,0,0,0,0,0,0,0,0,0,0,0,0.186962691611714,0.198491445742548,0,0,0
0.186806924832828,0,0.1398746939376,0,0.188358579629234,0,0,0,0,0,0.20848086476326,0,0,0,0.168580680588881,0,0.231395700243458,0.188544166856445,0.230219695965449,0,0,0,0.186280157417059,0,0.184981254419606,0,0.173760731430615,0,0,0,0,0,0,0,0,0,0.213245232190405,0,0.34112809548442,0,0,0,0.208333952289049,0.29037070274353,0,0,0,0,0.194877271085631,0,0.176454135573896,0,0,0,0.217449598944009,0,0.216491931676865,0,0.207069061696529,0,0.175272598552207,0,0.268124669790268,0.263487040996552,0,0,0,0.167710135231415,0,0,0,0,0,0,0,0,0,0,0.327459424734116,0.215274224678675,0,0.280462866495637,0.211203031218951,0.245009872275826,0.233483707338077,0,0.215614080429077
0,0.122512783145621,0,0.114874827450719,0,0.169679798564668,0,0,0,0,0,0,0,0,0,0.190729627870534,0.176808156900936,0.188764848763292,0.220863711088896,0,0,0,0,0.172026935088284,0,0,0,0,0,0,0,0,0,0,0,0,0,0.217016161530323,0,0,0,0.194019159636436,0,0,0,0,0,0,0,0.174003465020138,0,0.216905400984817,0,0,0,0.196824386222081,0,0,0,0,0,0.201535115213621,0,0,0,0,0.15076756567075,0,0,0,0,0,0,0,0,0,0,0,0,0,0.241030126394871,0,0.161937547645399,0.174859092273611,0.156545724774067,0,0
0.399495005607605,0,0,0,0,0,0.208475480554625,0,0.20848086476326,0,0,0,0.136044645948069,0,0,0,0.315005292495092,0,0.365029311180115,0,0.17141736243548,0,0,0,0,0,0,0,0,0,0,0,0,0,0,0,0.144949320038097,0,0.139467408121736,0,0.252481913566589,0,0.386738582417883,0,0.45723931491375,0,0.289407424628735,0,0,0,0.244902277986209,0,0.242706899344921,0,0,0,0.213483782467343,0,0.201332502067089,0,0,0,0,0.231582086153831,0,0,0,0,0,0,0,0,0,0.346686536774916,0,0,0,0,0,0.251736673293635,0,0.138060724255955,0.211945606954396,0.25869807600975,0.335139693071445,0,0.399373054504395
0,0,0,0,0,0,0,0.195044070482254,0,0,0,0,0,0.174209611196267,0,0,0,0,0,0.170072545346461,0,0,0,0,0,0,0,0,0,0,0,0,0,0,0,0,0,0.141997989297398,0,0,0,0,0,0,0,0,0,0,0,0,0,0,0,0.198747715353966,0,0,0,0.199317340896907,0,0.147040346706355,0,0,0.182996806999048,0,0,0,0,0,0,0,0.148277612293468,0,0,0,0,0,0,0,0.160860702395439,0,0.167576986810435,0,0.205604372856518,0,0,0,0
0,0,0,0,0,0,0,0,0,0,0.136044645948069,0,0,0,0,0,0,0,0,0,0,0,0,0,0,0,0,0,0.139570442028344,0,0,0,0,0,0,0,0,0,0,0,0,0,0,0,0,0,0,0,0,0,0,0,0.157801772334746,0,0,0,0.176633921584913,0,0.23908264340156,0,0.199850860983133,0,0,0,0,0,0,0,0,0,0,0.119030546396971,0,0.270898865328895,0,0,0,0,0,0,0,0,0.212331615271978,0.238715989158509,0,0,0
0,0,0,0,0,0,0,0.200856972485781,0,0,0,0.174209611196267,0,0,0,0,0,0,0,0,0,0,0,0,0,0,0,0,0,0,0,0,0,0,0,0,0,0,0,0,0,0,0,0,0,0,0,0,0,0,0,0,0,0,0,0,0,0.128722853958607,0,0.164959002543112,0,0.210456241809186,0,0,0,0,0,0,0.259436415242297,0,0,0,0,0,0,0,0,0,0,0,0,0,0.225990310532075,0.265762403607368,0,0,0
0,0,0,0,0.229449172814687,0,0,0,0.168580680588881,0,0,0,0,0,0,0,0.180116749647758,0.179245392791927,0.237452666190538,0,0,0,0.161249920725822,0,0.187707155210073,0,0.138822818152696,0,0.149155683070421,0,0,0,0,0,0,0,0,0,0,0,0,0,0,0,0,0,0,0,0,0,0.237799163907766,0,0,0,0.151097182184458,0,0,0,0,0,0.166748845317495,0,0,0,0,0,0,0.207468718290329,0,0.144497154014451,0,0.129524203017354,0,0,0,0,0,0,0,0,0,0,0.187486488487669,0,0,0,0
0,0,0,0,0,0.187300106592938,0,0,0,0.190729627870534,0,0,0,0,0,0,0,0,0,0,0,0,0,0,0,0,0,0,0,0,0,0,0,0,0,0,0,0,0,0,0,0.312305763363838,0,0,0,0,0,0,0,0.213088901766709,0,0.213463549812635,0,0,0,0.170482772238114,0,0,0,0.201892413198948,0,0.220159055881722,0,0,0,0,0,0,0,0,0,0,0,0,0,0,0,0,0,0,0,0,0.227066184580326,0.25699610683051,0.244161961709752,0,0
0,0,0.254130917787552,0,0.248771846294403,0,0,0,0.231395700243458,0.176808156900936,0.315005292495092,0,0,0,0.180116749647758,0,0,0.191995592149697,0.261955490549009,0,0.281171530485153,0,0.149179625511169,0.185627273038814,0.173327764968939,0,0.155025719520067,0,0.144885274099893,0,0,0,0,0,0,0,0,0,0,0.303791175870334,0.306729584932327,0.250543111387421,0.280153326546917,0.282328918576241,0.279910009354353,0.3362142542998,0.300339068297078,0,0,0.244732365012169,0,0,0,0,0.201425563406061,0.315658628940582,0.284519516207554,0.320080608129501,0,0,0.169782081071068,0,0.321670738133517,0.293070440491041,0,0.140887981966922,0.257171899080276,0,0,0.145908957370045,0,0.149865426123142,0,0.309268436261586,0,0,0,0,0.351654743894618,0.324125474488193,0.327281221747398,0,0.246467689208566,0.238624619011353,0.302164174490056,0.269836831837893,0.284301776100289
0,0,0,0,0,0,0,0,0.188544166856445,0.188764848763292,0,0,0,0,0.179245392791927,0,0.191995592149697,0,0.328087332165218,0,0,0.124670672075202,0.135988463603315,0.221476248424986,0.180243238183245,0.133061014911503,0.167815743115815,0,0.162589892745018,0,0,0,0,0,0,0,0,0,0,0.332604043906735,0.282539963722229,0.27939915044667,0.289685402810574,0.332837842404842,0.320563554763794,0.367923200130463,0.32461723204582,0,0,0.269335761666298,0,0,0,0,0.164699554443359,0.192514930851758,0.306330078840256,0,0.255471408367157,0,0.174744605466172,0,0.324053516611457,0.303356744349003,0,0,0.236028824622432,0.192834630608559,0.158125504851341,0.167488589006312,0,0,0,0,0,0,0,0,0.379669386407603,0.337586406618357,0.368155308067799,0,0.205951011088618,0.218222982024792,0.335368087234562,0.297669357375095,0.321763589978218
0.310316912829876,0.27577105058091,0.231765536196304,0.272563293576241,0,0,0,0,0.230219695965449,0.220863711088896,0.365029311180115,0,0,0,0.237452666190538,0,0.261955490549009,0.328087332165218,0,0,0.338926587502162,0,0,0.228209694911694,0.224390338857969,0,0.231392985582352,0,0,0,0,0,0,0,0,0,0.380467372015119,0,0.397999316453934,0.347797317396511,0.420964411740164,0.235828969379914,0.244503720869189,0.314589971463189,0.255016069306005,0.329708304730329,0.321218295051049,0,0.339907497167587,0.253180663904239,0.238819438964128,0,0.240523993968964,0,0.224140817920367,0,0.313253197142977,0.361323297023773,0.233430296182632,0,0.218784779310226,0,0.325915503868107,0.36432507319179,0,0,0.220761001110077,0,0,0.260427206754684,0,0,0.381475172936916,0.372028230516999,0,0,0,0,0.371803423505134,0.400617623078436,0.425225565746679,0.416040822863579,0.223144305283308,0.276776399174515,0.356368400291739,0.250422959586224,0.269814185718054
0,0,0,0,0,0.173860395979729,0,0.178056573495269,0,0,0,0.170072545346461,0,0,0,0,0,0,0,0,0,0,0,0,0,0,0,0,0,0,0,0,0,0,0,0.170122565701604,0,0.165509763301588,0,0,0,0,0,0,0,0,0,0.230927437543869,0.234680473804474,0.23487588763237,0,0.198675279652602,0,0,0,0,0,0.173938252031803,0,0,0,0,0.171447404731282,0,0,0,0,0,0,0,0,0,0,0,0,0,0,0,0.164828133251932,0,0.164766069363665,0,0.186982091494471,0.229784220457077,0.225427281856537,0,0
0,0,0.247950151562691,0,0.258835684083685,0,0.180315548138653,0,0,0,0.17141736243548,0,0,0,0,0,0.281171530485153,0,0.338926587502162,0,0,0,0,0,0,0,0,0,0,0,0,0,0,0,0,0,0.154468543227199,0,0.116091211282072,0,0.2429642342031,0.256576865911484,0.326700086146593,0.285694032907486,0.472822114825249,0,0.276215114444494,0,0.272007703781128,0,0.230839860775778,0,0.200131272727793,0,0,0,0.260706044973866,0,0,0,0,0,0,0.235346782978357,0,0,0,0,0,0,0,0,0,0.366889790266375,0,0,0,0,0,0.171008971348972,0,0.119442857801914,0.172876829579032,0,0.272447816543765,0,0.398611038923264
0,0,0,0,0,0,0,0,0,0,0,0,0,0,0,0,0,0.124670672075202,0,0,0,0,0.116555238400288,0.136911439398925,0,0.127353262901306,0,0.143632561128054,0,0,0,0,0,0,0,0,0,0.167082511210442,0.105308211378513,0,0,0,0,0,0,0,0,0,0,0.254016571805479,0,0,0,0,0,0,0,0,0,0,0,0,0,0,0.225565281090969,0,0.241313021354101,0,0.269929926842451,0,0.358832201436318,0,0,0,0,0,0,0,0,0,0.267914210139041,0,0.125249873597453,0.110173620283604,0,0,0
0,0,0,0,0,0,0,0,0.186280157417059,0,0,0,0,0,0.161249920725822,0,0.149179625511169,0.135988463603315,0,0,0,0.116555238400288,0,0,0.13854430976567,0,0.146668688121793,0,0.125422344077379,0,0,0,0,0,0,0,0,0,0.125432207761856,0,0,0,0,0,0,0,0,0,0.262782204896212,0,0,0,0,0,0,0,0,0,0,0,0.15253658592701,0,0,0,0,0.176253619526631,0,0.194489050458403,0,0.135957877043375,0,0.252691951782807,0,0,0,0,0,0,0,0,0,0.14429536936622,0.129697584718977,0,0,0,0
0,0,0,0,0,0,0,0,0,0.172026935088284,0,0,0,0,0,0,0.185627273038814,0.221476248424986,0.228209694911694,0,0,0.136911439398925,0,0,0,0,0.157442390918732,0,0,0,0,0,0,0,0,0,0,0.172557692829287,0,0,0,0,0,0,0,0,0,0,0,0.255861280902344,0,0,0,0,0,0.160774850312176,0,0,0,0,0,0,0,0,0.207777820926692,0,0.159005573897184,0,0.285651656488578,0,0.368800187303174,0,0,0,0,0,0,0,0,0,0.217327571215665,0,0.193428924065188,0.240846067667007,0.173498768424779,0,0
0,0,0,0,0,0,0,0,0.184981254419606,0,0,0,0,0,0.187707155210073,0,0.173327764968939,0.180243238183245,0.224390338857969,0,0,0,0.13854430976567,0,0,0,0.158582408191142,0,0,0,0,0,0,0,0,0,0,0,0.132462172133236,0.266207069158554,0,0,0,0,0,0,0,0,0.208489031498802,0,0,0,0,0,0.18351766292925,0,0,0,0,0,0.163931133491652,0,0,0,0,0.212805815868908,0,0.199521937692391,0,0.148774513398787,0,0,0,0,0,0,0,0,0.32249282002449,0,0,0.131221709204348,0.174314339962166,0,0.289228669906917,0,0
0,0,0,0,0,0,0,0,0,0,0,0,0,0,0,0,0,0.133061014911503,0,0,0,0.127353262901306,0,0,0,0,0,0,0,0,0,0,0,0,0,0,0,0,0,0,0,0,0,0,0,0,0,0,0,0,0,0,0,0,0,0,0,0,0,0,0,0,0,0,0.132887896827676,0,0.138449755661628,0,0.156678503429567,0,0,0,0,0,0,0,0,0,0,0,0,0,0.123213892181714,0,0,0,0
0,0,0,0,0,0,0,0,0.173760731430615,0,0,0,0,0,0.138822818152696,0,0.155025719520067,0.167815743115815,0.231392985582352,0,0,0,0.146668688121793,0.157442390918732,0.158582408191142,0,0,0,0.159543598224537,0,0,0,0,0,0,0,0,0,0,0,0,0,0,0,0,0,0,0,0,0,0,0,0,0,0.142041757702827,0,0,0,0,0,0.13923551877273,0,0,0,0,0.15289481729269,0,0.143232011932066,0,0.127108570382599,0,0.173209152072668,0,0,0,0,0,0,0,0,0,0,0.157986940750816,0.115177139639854,0,0,0
0,0,0,0,0,0,0,0,0,0,0,0,0,0,0,0,0,0,0,0,0,0.143632561128054,0,0,0,0,0,0,0,0.129073469181856,0,0,0,0,0,0,0,0,0,0,0,0,0,0,0,0,0,0,0,0,0,0,0,0,0,0,0,0,0,0,0,0,0,0,0.133735907822847,0,0,0,0.148669928312302,0,0.139110137383605,0,0,0,0,0,0,0,0,0,0,0,0.137389083703359,0.224304162139116,0,0,0
0,0,0,0,0,0,0,0,0,0,0,0,0.139570442028344,0,0.149155683070421,0,0.144885274099893,0.162589892745018,0,0,0,0,0.125422344077379,0,0,0,0.159543598224537,0,0,0,0.148919192841277,0,0,0,0,0,0,0,0.110926903784275,0,0,0,0,0,0,0,0,0,0,0,0,0,0,0,0,0,0.177739350746075,0,0.170921266078949,0,0,0,0,0,0,0.21376079833135,0,0,0,0.156693190336227,0,0.159845402646572,0,0.210685322834895,0,0,0,0,0,0,0,0,0.148623211902489,0.130845734672177,0,0,0
0,0,0,0,0,0,0,0,0,0,0,0,0,0,0,0,0,0,0,0,0,0,0,0,0,0,0,0.129073469181856,0,0,0,0,0,0,0,0,0,0.143302703897158,0,0,0,0,0,0,0,0,0,0,0,0,0,0,0,0,0,0,0,0,0,0,0,0,0,0,0,0,0,0,0,0,0.134937565685924,0,0.134206756949425,0,0,0,0,0,0,0,0.143212326548316,0,0,0,0,0,0
0,0,0,0,0,0,0,0,0,0,0,0,0,0,0,0,0,0,0,0,0,0,0,0,0,0,0,0,0.148919192841277,0,0,0,0,0,0,0,0,0,0,0,0,0,0,0,0,0,0,0,0,0,0,0,0,0,0,0,0.153864569465319,0,0,0,0,0,0,0,0,0,0,0,0,0,0,0.285044521093369,0,0.141013418786167,0,0,0,0,0,0,0,0.108385747032506,0,0,0,0,0
0,0,0,0,0,0,0,0,0,0,0,0,0,0,0,0,0,0,0,0,0,0,0,0,0,0,0,0,0,0,0,0,0.21320133736091,0.228749881188075,0,0.153657449165295,0.130645858233466,0,0,0,0,0,0,0,0,0,0,0.337192125408333,0,0,0,0,0,0,0,0,0,0,0,0,0,0,0,0,0,0,0,0,0,0,0,0,0,0,0.257121376161064,0.311292981323989,0.255603326218469,0,0.151418512785121,0.185307818982336,0,0,0.270096948518892,0,0,0,0
0,0,0,0,0,0,0,0,0,0,0,0,0,0,0,0,0,0,0,0,0,0,0,0,0,0,0,0,0,0,0,0.21320133736091,0,0,0.286515983668241,0.246119802196821,0.151087366623207,0,0,0,0,0,0,0,0,0,0,0.343665098661019,0.313693161715161,0,0,0,0,0,0,0,0,0,0,0,0,0,0,0,0,0,0,0,0,0,0,0,0,0,0.230444650663886,0.323179014052037,0,0.280637429952621,0.129943738877773,0.151097233185854,0,0,0.184256590902805,0,0,0,0
0,0,0,0,0,0,0,0,0,0,0,0,0,0,0,0,0,0,0,0,0,0,0,0,0,0,0,0,0,0,0,0.228749881188075,0,0,0.178559514467079,0.156932990345144,0,0.232778904622033,0,0,0,0,0,0,0,0,0,0.290237341451825,0.315395325422287,0.339506562321614,0,0,0,0,0,0,0,0,0,0,0,0,0,0,0,0,0,0,0,0,0,0,0.344138413667679,0,0.273752800822258,0,0.206087030078235,0.179941181681658,0.28999017448061,0,0.395479130396943,0,0.176170739310759,0.14241488670048,0.343376010656357,0,0
0,0,0,0,0,0,0,0,0,0,0,0,0,0,0,0,0,0,0,0,0,0,0,0,0,0,0,0,0,0,0,0,0.286515983668241,0.178559514467079,0,0,0.191025358370759,0,0.180576098452282,0,0,0,0,0,0,0,0,0.376596476481235,0.327686948271898,0.304498642683029,0,0,0,0,0,0,0,0,0,0,0,0,0,0,0,0,0,0,0,0,0,0,0,0,0,0.301794722144093,0.167213625747424,0.257513485380714,0,0.202520349457134,0,0.263144855675372,0.190304927941826,0.158003844320774,0,0,0
0,0,0,0.204555715123812,0,0.198017615464426,0,0,0,0,0,0,0,0,0,0,0,0,0,0.170122565701604,0,0,0,0,0,0,0,0,0,0,0,0.153657449165295,0.246119802196821,0.156932990345144,0,0,0.139948150647279,0.181564829337496,0,0.22138549387455,0,0.235792279243469,0,0,0,0.19191469438374,0,0.31624919305677,0.258671787652102,0.206482279039647,0,0.216324490457099,0,0,0,0.181163996458054,0,0.234278593408434,0,0,0,0.202406905153218,0.166922637285495,0,0,0,0,0,0,0,0,0,0.248428876201312,0,0.153057096086347,0,0.147015442636526,0,0.208469377149687,0.142715024358448,0.21321601341895,0,0.187874898617345,0.206688466999266,0.224099161423216,0,0
0.389872252941132,0,0.188444832509214,0,0.198296838750442,0,0,0,0.213245232190405,0,0.144949320038097,0,0,0,0,0,0,0,0.380467372015119,0,0.154468543227199,0,0,0,0,0,0,0,0,0,0,0.130645858233466,0.151087366623207,0,0.191025358370759,0.139948150647279,0,0,0.193537776436942,0,0.275154193242391,0,0.257123698790868,0,0,0,0.286610070616007,0.18514188627402,0.214013233284156,0,0.218149684866269,0,0.233055044710636,0,0,0,0.222924667335775,0,0.211929394097268,0,0,0,0,0.192127155509781,0,0,0,0,0,0,0,0,0,0,0,0.252167975673309,0,0.180876068484325,0.135283735081338,0.23586106420884,0,0.254527655419181,0.186075351796565,0.23642329407343,0.214228207322786,0,0
0,0,0,0,0,0,0,0,0,0.217016161530323,0,0.141997989297398,0,0,0,0,0,0,0,0.165509763301588,0,0.167082511210442,0,0.172557692829287,0,0,0,0,0,0.143302703897158,0,0,0,0.232778904622033,0,0.181564829337496,0,0,0,0,0,0.195904398506338,0,0,0,0,0,0.644546672418004,0,0.285493267617292,0,0,0,0,0,0.217976095441442,0,0.178805475093458,0,0,0,0,0.215091530320256,0,0.280086935276077,0,0.194076511214991,0,0,0,0.29686847035314,0,0.232958693770652,0,0,0,0.257825042702194,0,0.212758889608348,0,0.247542142310871,0,0.183066903734985,0.215604838750041,0.196253041105045,0,0
0,0,0,0,0,0,0,0,0.34112809548442,0,0.139467408121736,0,0,0,0,0,0,0,0.397999316453934,0,0.116091211282072,0.105308211378513,0.125432207761856,0,0.132462172133236,0,0,0,0.110926903784275,0,0,0,0,0,0.180576098452282,0,0.193537776436942,0,0,0,0,0,0.206508258426631,0,0,0,0,0.384283462852957,0.273481564293426,0,0,0,0,0,0.335070238049541,0,0,0,0,0,0,0,0,0.309465519587199,0,0.268146635273869,0,0.309312695985312,0,0,0,0,0,0,0,0,0,0.243629519240003,0,0.245886881209396,0,0.226044034510721,0.145917764121054,0.147484778795602,0.264370030148866,0,0
0,0,0.275510400533676,0.228615115086238,0,0.231899335980415,0,0,0,0,0,0,0,0,0,0,0.303791175870334,0.332604043906735,0.347797317396511,0,0,0,0,0,0.266207069158554,0,0,0,0,0,0,0,0,0,0,0.22138549387455,0,0,0,0,0.358263343572617,0.311473514845942,0.263558126986027,0.483468904105179,0.262092232704163,0.351163657382131,0.333323429028193,0.207440426945686,0,0.221793775393434,0,0,0,0,0,0.186058342456818,0,0.357755780220032,0,0,0,0,0.270781333526869,0,0,0,0,0,0,0,0,0,0.293364852666855,0,0,0,0,0,0.283180850948538,0.354023948311806,0.246427801498295,0,0.306026210126124,0.314385241270065,0.291085538496397,0.353782015867617,0
0.438780735839497,0,0.211637861198849,0,0,0,0,0,0,0,0.252481913566589,0,0,0,0,0,0.306729584932327,0.282539963722229,0.420964411740164,0,0.2429642342031,0,0,0,0,0,0,0,0,0,0,0,0,0,0,0,0.275154193242391,0,0,0.358263343572617,0,0.303584054112434,0.33008871039453,0,0.429116983756875,0,0.275504689107841,0,0.219390509336801,0,0.217745378613472,0,0.262531846761703,0,0,0,0.251443127339536,0,0.202590316534042,0,0.245743036270142,0,0,0.27807222550305,0,0,0,0,0,0,0,0,0,0.276353523135185,0,0,0,0,0,0.291349630304254,0,0.248209221830851,0.359401450113014,0,0.326473680529709,0,0.414230760473471
0,0.304009255251767,0.220509424805641,0.266391999423504,0,0.30807577404711,0,0,0,0.194019159636436,0,0,0,0,0,0.312305763363838,0.250543111387421,0.27939915044667,0.235828969379914,0,0.256576865911484,0,0,0,0,0,0,0,0,0,0,0,0,0,0,0.235792279243469,0,0.195904398506338,0,0.311473514845942,0.303584054112434,0,0.193619085222851,0.453246289988359,0,0.286481456793084,0.246930859982967,0.429131744163377,0.367450922727585,0.34434774556049,0,0.30337210212435,0,0,0,0.194808539748192,0.278803606828054,0.336216290251061,0,0.334441575137052,0,0.318646245277845,0.344565069810911,0,0,0,0,0,0,0,0.361499051253001,0,0.408710224683895,0.274129539728165,0,0,0,0,0.316888023868535,0.309717261791229,0.375897627478168,0,0.271232361983096,0.298397332429886,0.302203885941311,0.28235378174726,0.229257076978683
0.165476106778747,0,0.271987830607483,0,0.132152080535889,0,0,0,0.208333952289049,0,0.386738582417883,0,0,0,0,0,0.280153326546917,0.289685402810574,0.244503720869189,0,0.326700086146593,0,0,0,0,0,0,0,0,0,0,0,0,0,0,0,0.257123698790868,0,0.206508258426631,0.263558126986027,0.33008871039453,0.193619085222851,0,0.229672685265541,0.20051714680765,0,0.295331983316329,0.304060249456338,0.267300922590859,0.244888231158257,0.24867345392704,0,0,0,0.212976945638657,0,0.321749138900193,0,0.263356994433575,0,0.246867257615794,0,0.350098729133606,0.333965643323609,0,0,0,0,0,0,0,0,0,0.403328303051622,0,0,0,0.325995221734047,0.318496892849604,0.357484902122191,0.274182379245758,0.23348381370306,0.220099826218836,0.189609560370445,0.279600307645351,0.242984339594841,0.205789542242157
0,0,0,0,0,0,0,0,0.29037070274353,0,0,0,0,0,0,0,0.282328918576241,0.332837842404842,0.314589971463189,0,0.285694032907486,0,0,0,0,0,0,0,0,0,0,0,0,0,0,0,0,0,0,0.483468904105179,0,0.453246289988359,0.229672685265541,0,0,0.400680169463158,0.271484225988388,0,0,0,0,0,0,0,0,0,0,0.469530408084393,0,0,0,0,0.356001833081245,0.275367572903633,0,0,0,0,0,0,0,0,0.472754980127017,0,0,0,0,0,0.446697307350748,0.389456182718277,0.51998865759084,0,0.258172001451888,0.290866017341614,0.441695286098279,0.364773005247116,0
0,0,0.22645603120327,0,0,0,0,0,0,0,0.45723931491375,0,0,0,0,0,0.279910009354353,0.320563554763794,0.255016069306005,0,0.472822114825249,0,0,0,0,0,0,0,0,0,0,0,0,0,0,0,0,0,0,0.262092232704163,0.429116983756875,0,0.20051714680765,0,0,0,0.315680425020232,0,0,0,0,0,0,0,0,0,0.349551665596664,0,0,0,0,0,0,0.445227741430967,0,0,0,0,0,0,0,0,0,0.426835879683495,0,0,0,0,0,0.414864070806652,0,0,0.211451414972544,0,0.346714572731856,0,0.28448161482811
0,0,0,0,0,0,0,0,0,0,0,0,0,0,0,0,0.3362142542998,0.367923200130463,0.329708304730329,0,0,0,0,0,0,0,0,0,0,0,0,0,0,0,0,0.19191469438374,0,0,0,0.351163657382131,0,0.286481456793084,0,0.400680169463158,0,0,0.350119948387146,0,0,0.197258879031454,0,0,0,0,0,0,0,0.309501608124876,0,0,0,0,0.288850704327636,0,0,0,0,0,0,0,0,0,0.326205523891581,0,0,0,0,0,0.284349194171761,0.38487446308136,0.298704583836453,0,0.28267633387198,0.305816262960434,0.308180595055605,0,0
0.391359090805054,0.348389863967896,0.22951263832775,0,0,0,0,0,0,0,0.289407424628735,0,0,0,0,0,0.300339068297078,0.32461723204582,0.321218295051049,0,0.276215114444494,0,0,0,0,0,0,0,0,0,0,0,0,0,0,0,0.286610070616007,0,0,0.333323429028193,0.275504689107841,0.246930859982967,0.295331983316329,0.271484225988388,0.315680425020232,0.350119948387146,0,0.295976668596268,0.302133566141129,0,0.234554447233677,0,0.246504414826632,0,0,0,0.269159272313118,0.342588469386101,0.233676481992006,0,0.191594064235687,0,0.377216972410679,0.291514139493365,0,0,0,0,0,0.299499154090881,0,0,0,0.310003501602582,0,0,0,0,0.363696441930883,0.308445307922501,0,0.319447427988052,0.30663555005894,0.304737095038096,0.359888901330453,0.265597254037857,0.291684672236443
0,0,0.249262082576752,0.271146476268768,0,0.226592659950256,0,0,0,0,0,0,0,0,0,0,0,0,0,0.230927437543869,0,0,0,0,0,0,0,0,0,0,0,0.337192125408333,0.343665098661019,0.290237341451825,0.376596476481235,0.31624919305677,0.18514188627402,0.644546672418004,0.384283462852957,0.207440426945686,0,0.429131744163377,0.304060249456338,0,0,0,0.295976668596268,0,0.413590692428154,0.3485799938275,0,0,0,0,0,0.237608999013901,0.274496603012085,0.311187654733658,0,0,0,0.255125612020493,0,0,0,0.319557772232936,0,0,0,0,0,0,0.336154937744141,0,0.358180808534682,0.37975859240582,0.341820928179078,0.32157204307481,0.381159078201549,0.37856731330049,0.510065118869838,0.468953599813873,0.375468544808472,0.373280695506505,0.387350600660523,0,0
0.136559353572213,0,0.227302244394132,0.270763903856277,0.236984714865685,0.243102623149753,0,0,0.194877271085631,0,0,0,0,0,0,0,0,0,0.339907497167587,0.234680473804474,0.272007703781128,0,0.262782204896212,0,0.208489031498802,0,0,0,0,0,0,0,0.313693161715161,0.315395325422287,0.327686948271898,0.258671787652102,0.214013233284156,0,0.273481564293426,0,0.219390509336801,0.367450922727585,0.267300922590859,0,0,0,0.302133566141129,0.413590692428154,0,0.350779319182038,0,0.241171305378278,0,0,0.202898956903002,0.251464425275723,0.264154102620469,0.260761499404907,0.234624977515831,0,0.217287190935828,0.235074371099472,0,0.303905742949453,0,0.284248162705991,0,0.251031502109507,0,0.283219532480518,0,0.297476097046818,0.311296284198761,0.208799257874489,0,0.288473436135357,0.321309626102448,0.331761197145305,0.2407406270504,0.24872387945652,0,0.39695546734933,0.305907023295589,0.177943296730518,0.255297388477597,0,0.282370686531067
0,0.164148142488347,0,0.15392944174871,0,0.207871297853334,0,0,0,0.174003465020138,0,0,0,0,0,0.213088901766709,0.244732365012169,0.269335761666298,0.253180663904239,0.23487588763237,0,0.254016571805479,0,0.255861280902344,0,0,0,0,0,0,0,0,0,0.339506562321614,0.304498642683029,0.206482279039647,0,0.285493267617292,0,0.221793775393434,0,0.34434774556049,0.244888231158257,0,0,0.197258879031454,0,0.3485799938275,0.350779319182038,0,0,0.214949202037206,0,0,0,0.177455787934984,0.271852473417918,0.371109150880762,0,0.345486015481974,0,0.212735239520808,0.314516413779486,0,0.278847457111653,0,0.277750396836709,0,0.32786092586149,0,0.393028309332073,0,0.354249805212021,0,0,0,0.299745945950572,0.361830244461695,0.258426269127968,0,0.317368691008558,0,0.289303970030125,0,0.278715510631611,0.363970723003149,0
0,0,0.191069856286049,0,0.184306307335368,0,0.164840394258499,0,0.176454135573896,0,0.244902277986209,0,0,0,0.237799163907766,0,0,0,0.238819438964128,0,0.230839860775778,0,0,0,0,0,0,0,0,0,0,0,0,0,0,0,0.218149684866269,0,0,0,0.217745378613472,0,0.24867345392704,0,0,0,0.234554447233677,0,0,0,0,0,0.247871362011541,0,0.203738479912281,0,0.225259643185099,0,0.239863659699852,0,0.206804608730109,0,0,0.224998729442483,0,0,0,0,0,0,0,0,0,0,0,0,0,0,0,0.240534649224117,0,0,0.172141251977616,0.189171930587532,0.229879697595817,0,0
0,0.200268918275833,0,0.208270538711187,0,0.219384933719113,0,0.159112622030079,0,0.216905400984817,0,0,0,0,0,0.213463549812635,0,0,0,0.198675279652602,0,0,0,0,0,0,0,0,0,0,0,0,0,0,0,0.216324490457099,0,0,0,0,0,0.30337210212435,0,0,0,0,0,0,0.241171305378278,0.214949202037206,0,0,0,0.168008256703615,0,0.216402860358357,0,0.253060963953083,0,0.188216405537199,0,0.225581419492221,0.267694667923586,0,0,0,0,0,0,0,0,0,0,0,0,0,0,0,0.252410400362141,0,0,0,0.195105391532039,0.226901565504781,0.267183977370387,0.287589818239212,0
0,0,0,0,0.20370127633214,0,0.183827744314716,0,0,0,0.242706899344921,0,0.157801772334746,0,0,0,0,0,0.240523993968964,0,0.200131272727793,0,0,0,0,0,0,0,0,0,0,0,0,0,0,0,0.233055044710636,0,0,0,0.262531846761703,0,0,0,0,0,0.246504414826632,0,0,0,0.247871362011541,0,0,0,0,0,0.247267988947152,0,0.214889043264768,0,0.21472755074501,0,0,0.225391050518462,0,0,0,0,0,0,0,0,0,0,0,0,0,0,0,0.26302561887673,0,0,0.154750837953055,0.17779763010533,0.225110324043216,0,0
0,0,0,0,0,0.177393421530724,0,0.173592253838267,0,0,0,0.198747715353966,0,0,0,0,0,0,0,0,0,0,0,0,0,0,0,0,0,0,0,0,0,0,0,0,0,0,0,0,0,0,0,0,0,0,0,0,0,0,0,0.168008256703615,0,0,0,0,0,0.210043687950557,0,0.204434130679477,0,0,0,0,0,0,0,0,0,0,0,0,0,0,0,0,0,0,0,0,0,0,0.174136420568595,0,0,0,0
0.177288615064962,0,0.142716454047906,0,0.180744855999947,0,0,0,0.217449598944009,0,0,0,0,0,0.151097182184458,0,0.201425563406061,0.164699554443359,0.224140817920367,0,0,0,0,0,0.18351766292925,0,0.142041757702827,0,0,0,0,0,0,0,0,0,0,0,0.335070238049541,0,0,0,0.212976945638657,0,0,0,0,0,0.202898956903002,0,0.203738479912281,0,0,0,0,0,0.23229493200779,0,0,0,0.2054547611624,0,0,0,0,0,0,0.169007102633722,0,0.148851461708546,0,0,0,0,0,0,0,0,0,0,0,0.26331927438509,0.17147853140463,0.195773308724165,0.205735426848737,0,0
0,0.150890029577845,0,0.124072923393989,0,0.153401595051006,0,0,0,0.196824386222081,0,0,0,0,0,0.170482772238114,0.315658628940582,0.192514930851758,0,0,0,0,0,0.160774850312176,0,0,0,0,0,0,0,0,0,0,0,0.181163996458054,0,0.217976095441442,0,0.186058342456818,0,0.194808539748192,0,0,0,0,0,0.237608999013901,0.251464425275723,0.177455787934984,0,0.216402860358357,0,0,0,0,0,0,0,0,0,0.20779810164656,0,0,0,0,0.199341479174656,0,0,0,0,0,0,0,0,0,0,0,0.19518406689167,0,0.274515385285612,0,0.149287335006362,0.1965651512146,0.174450560598229,0,0
0.365185764431953,0,0.230609320600828,0,0.212464613078525,0,0.237166794016957,0,0.216491931676865,0,0.213483782467343,0,0.176633921584913,0,0,0,0.284519516207554,0.306330078840256,0.313253197142977,0,0.260706044973866,0,0,0,0,0,0,0,0.177739350746075,0,0.153864569465319,0,0,0,0,0,0.222924667335775,0,0,0,0.251443127339536,0.278803606828054,0.321749138900193,0,0.349551665596664,0,0.269159272313118,0.274496603012085,0.264154102620469,0.271852473417918,0.225259643185099,0,0.247267988947152,0,0.23229493200779,0,0,0,0.230210723919752,0,0.226604271068502,0,0,0.306018581648138,0,0,0,0,0,0.234427305603666,0,0.391086004162493,0,0.396859688309272,0,0,0,0,0.346789568662643,0.266421660598741,0,0,0.309471399357312,0.211636340866486,0.301337690841816,0.297669738531113,0.332214822256288
0,0.252891942858696,0,0.269474852085114,0,0.29310302734375,0,0.172450179855029,0,0,0,0.199317340896907,0,0.128722853958607,0,0,0.320080608129501,0,0.361323297023773,0.173938252031803,0,0,0,0,0,0,0,0,0,0,0,0,0,0,0,0.234278593408434,0,0.178805475093458,0,0.357755780220032,0,0.336216290251061,0,0.469530408084393,0,0.309501608124876,0.342588469386101,0.311187654733658,0.260761499404907,0.371109150880762,0,0.253060963953083,0,0.210043687950557,0,0,0,0,0,0.334155333545268,0,0.383104256273788,0.286513566074038,0,0,0,0,0,0.414272268877384,0,0.397748377849976,0,0.320729770162794,0,0,0,0,0,0.290251404549299,0,0.370532491869071,0,0.282246855937916,0,0.312391850221524,0.363123324902161,0
0,0,0.165500801343184,0,0.190913388029087,0,0,0,0.207069061696529,0,0.201332502067089,0,0.23908264340156,0,0,0,0,0.255471408367157,0.233430296182632,0,0,0,0,0,0,0,0,0,0.170921266078949,0,0,0,0,0,0,0,0.211929394097268,0,0,0,0.202590316534042,0,0.263356994433575,0,0,0,0.233676481992006,0,0.234624977515831,0,0.239863659699852,0,0.214889043264768,0,0,0,0.230210723919752,0,0,0,0.218095221583332,0,0,0.202368224660556,0,0,0,0,0,0.218647956848145,0,0.299633648318629,0,0.27143332362175,0,0,0,0,0,0.230822276543168,0,0,0.25058842099261,0.19869077205658,0.217820351973909,0,0.238333880901337
0,0.253042206168175,0,0.205515237920212,0,0.2027683476607,0,0.200161588688691,0,0,0,0.147040346706355,0,0.164959002543112,0,0.201892413198948,0,0,0,0,0,0,0,0,0,0,0,0,0,0,0,0,0,0,0,0,0,0,0,0,0,0.334441575137052,0,0,0,0,0,0,0,0.345486015481974,0,0.188216405537199,0,0.204434130679477,0,0,0,0.334155333545268,0,0,0,0.279599232422906,0,0,0,0,0,0,0.341665542008224,0,0.375028384997781,0,0,0,0,0,0,0,0,0,0,0,0.199799319181372,0.233817115426064,0.270865970291197,0.314420461654663,0
0.221023514664551,0,0.174586313727655,0,0.177978782137053,0,0,0,0.175272598552207,0,0,0,0.199850860983133,0,0.166748845317495,0,0.169782081071068,0.174744605466172,0.218784779310226,0,0,0,0.15253658592701,0,0.163931133491652,0,0.13923551877273,0,0,0,0,0,0,0,0,0,0,0,0,0,0.245743036270142,0,0.246867257615794,0,0,0,0.191594064235687,0,0.217287190935828,0,0.206804608730109,0,0.21472755074501,0,0.2054547611624,0,0.226604271068502,0,0.218095221583332,0,0,0,0,0,0,0,0,0,0,0.142283205218889,0,0,0,0,0,0,0,0,0,0,0,0,0.175307806843603,0,0.243112889528275,0,0.192898839712143
0,0.177452192806146,0,0.179732212255187,0,0.2107009905829,0,0,0,0.201535115213621,0,0,0,0.210456241809186,0,0.220159055881722,0,0,0,0,0,0,0,0,0,0,0,0,0,0,0,0,0,0,0,0.202406905153218,0,0,0,0,0,0.318646245277845,0,0,0,0,0,0.255125612020493,0.235074371099472,0.212735239520808,0,0.225581419492221,0,0,0,0.20779810164656,0,0.383104256273788,0,0.279599232422906,0,0,0.254864409565926,0,0,0,0,0,0.29663088483115,0,0.453342583030462,0,0,0,0,0,0,0,0.235174848139286,0,0,0,0.228591507124273,0.246987647004426,0.223854257484912,0.31020724773407,0
0,0,0,0,0,0.221334162151272,0,0,0.268124669790268,0,0,0.182996806999048,0,0,0,0,0.321670738133517,0.324053516611457,0.325915503868107,0.171447404731282,0,0,0,0,0,0,0,0,0,0,0,0,0,0,0,0.166922637285495,0,0.215091530320256,0,0.270781333526869,0,0.344565069810911,0.350098729133606,0.356001833081245,0,0.288850704327636,0.377216972410679,0,0,0.314516413779486,0,0.267694667923586,0,0,0,0,0,0.286513566074038,0,0,0,0.254864409565926,0,0,0,0,0,0,0,0,0.316095059022963,0,0.300321763940371,0.329358786344528,0,0,0,0,0.278068027408871,0.331195130944252,0.286454467903496,0,0.231482507094093,0.315447561442852,0.322526397769134,0.341474488377571,0
0.38151603937149,0,0.231982945747997,0,0.236546440327421,0,0.185098257039984,0,0.263487040996552,0,0.231582086153831,0,0,0,0,0,0.293070440491041,0.303356744349003,0.36432507319179,0,0.235346782978357,0,0,0,0,0,0,0,0,0,0,0,0,0,0,0,0.192127155509781,0,0.309465519587199,0,0.27807222550305,0,0.333965643323609,0.275367572903633,0.445227741430967,0,0.291514139493365,0,0.303905742949453,0,0.224998729442483,0,0.225391050518462,0,0,0,0.306018581648138,0,0.202368224660556,0,0,0,0,0,0,0,0,0,0,0,0,0,0,0.321390395015478,0,0,0,0,0.345261782407761,0.273706070315641,0,0.372526791384991,0.221916232769396,0.246480170637369,0.352443474183008,0,0.389062360148219
0,0,0,0,0,0,0,0,0,0,0,0,0,0,0,0,0,0,0,0,0,0.225565281090969,0,0.207777820926692,0,0.132887896827676,0,0.133735907822847,0,0,0,0,0,0,0,0,0,0.280086935276077,0,0,0,0,0,0,0,0,0,0,0,0.278847457111653,0,0,0,0,0,0,0,0,0,0,0,0,0,0,0,0,0.285131327130578,0,0.300776262289923,0,0.319038341927742,0,0,0,0,0,0,0,0,0,0.332142144906056,0,0.11986568288983,0,0,0,0
0,0,0,0,0,0,0,0,0,0,0,0,0,0,0,0,0.140887981966922,0,0,0,0,0,0.176253619526631,0,0.212805815868908,0,0.15289481729269,0,0.21376079833135,0,0,0,0,0,0,0,0,0,0.268146635273869,0,0,0,0,0,0,0,0,0.319557772232936,0.284248162705991,0,0,0,0,0,0,0,0,0,0,0,0,0,0,0,0,0,0,0.238926771642113,0,0.268087032961166,0,0.34201518934533,0,0,0,0,0,0,0,0,0,0.268344900184254,0.153612220757886,0,0.306382129589717,0,0
0,0,0,0,0,0,0,0,0,0.15076756567075,0,0,0,0,0,0,0.257171899080276,0.236028824622432,0.220761001110077,0,0,0.241313021354101,0,0.159005573897184,0,0.138449755661628,0,0,0,0,0,0,0,0,0,0,0,0.194076511214991,0,0,0,0,0,0,0,0,0,0,0,0.277750396836709,0,0,0,0,0,0.199341479174656,0,0,0,0,0,0,0,0,0.285131327130578,0,0,0,0.298127823329453,0,0.341866818911721,0,0,0,0,0,0,0,0,0,0.25966285887382,0,0.155464975853559,0,0.162406518268916,0,0
0.206106826663017,0,0,0,0,0,0,0,0.167710135231415,0,0,0,0,0,0.207468718290329,0,0,0.192834630608559,0,0,0,0,0.194489050458403,0,0.199521937692391,0,0.143232011932066,0,0,0,0,0,0,0,0,0,0,0,0.309312695985312,0,0,0,0,0,0,0,0,0,0.251031502109507,0,0,0,0,0,0.169007102633722,0,0,0,0,0,0,0,0,0,0,0.238926771642113,0,0,0,0.164029852974982,0,0.303541216585371,0,0,0,0,0,0,0,0,0,0.271674280812343,0.163390446281591,0,0.279367859733392,0,0
0,0,0,0,0,0,0,0,0,0,0,0,0,0.259436415242297,0,0,0,0.158125504851341,0,0,0,0.269929926842451,0,0.285651656488578,0,0.156678503429567,0,0.148669928312302,0,0,0,0,0,0,0,0,0,0,0,0,0,0,0,0,0,0,0,0,0,0.32786092586149,0,0,0,0,0,0,0,0.414272268877384,0,0.341665542008224,0,0.29663088483115,0,0,0.300776262289923,0,0.298127823329453,0,0,0,0.301349681506404,0,0,0,0,0,0,0,0,0,0,0,0,0,0.45521425207456,0,0
0.200176358222961,0,0,0,0,0,0,0,0,0,0,0,0,0,0.144497154014451,0,0.145908957370045,0.167488589006312,0.260427206754684,0,0,0,0.135957877043375,0,0.148774513398787,0,0.127108570382599,0,0.156693190336227,0,0,0,0,0,0,0,0,0,0,0,0,0,0,0,0,0,0.299499154090881,0,0.283219532480518,0,0,0,0,0,0.148851461708546,0,0.234427305603666,0,0.218647956848145,0,0.142283205218889,0,0,0,0,0.268087032961166,0,0.164029852974982,0,0,0,0.290271498107012,0,0,0,0,0,0,0,0,0,0,0.15332893634458,0,0,0,0
0,0,0,0.323140889406204,0,0,0,0,0,0,0,0.148277612293468,0,0,0,0,0,0,0,0,0,0.358832201436318,0,0.368800187303174,0,0,0,0.139110137383605,0,0.134937565685924,0,0,0,0,0,0,0,0.29686847035314,0,0,0,0.361499051253001,0,0,0,0,0,0,0,0.393028309332073,0,0,0,0,0,0,0,0.397748377849976,0,0.375028384997781,0,0.453342583030462,0.316095059022963,0,0.319038341927742,0,0.341866818911721,0,0.301349681506404,0,0,0,0.378736672734442,0,0,0,0,0,0.309194036655956,0,0.283669809975168,0,0,0,0.415939433599005,0,0
0,0,0,0,0,0,0,0,0,0,0,0,0.119030546396971,0,0.129524203017354,0,0.149865426123142,0,0,0,0,0,0.252691951782807,0,0,0,0.173209152072668,0,0.159845402646572,0,0.285044521093369,0,0,0,0,0,0,0,0,0,0,0,0,0,0,0,0,0,0.297476097046818,0,0,0,0,0,0,0,0.391086004162493,0,0.299633648318629,0,0,0,0,0,0,0.34201518934533,0,0.303541216585371,0,0.290271498107012,0,0,0,0.331332369935962,0,0,0,0,0,0,0,0.2712729731899,0.125256363903323,0,0.291786054415362,0,0
0,0,0,0,0,0,0,0,0,0,0,0,0,0,0,0,0,0,0.381475172936916,0,0,0,0,0,0,0,0,0,0,0.134206756949425,0,0,0,0.344138413667679,0,0.248428876201312,0,0.232958693770652,0,0.293364852666855,0,0.408710224683895,0,0.472754980127017,0,0.326205523891581,0,0.336154937744141,0.311296284198761,0.354249805212021,0,0,0,0,0,0,0,0.320729770162794,0,0,0,0,0.300321763940371,0,0,0,0,0,0,0,0.378736672734442,0,0,0,0,0,0,0,0.298085258428643,0,0.352008817233528,0,0.280130770802498,0.302874356508255,0.408404689580508,0.395273357629776,0
0.405013972520828,0,0.274354308843613,0,0,0,0,0,0,0,0.346686536774916,0,0.270898865328895,0,0,0,0.309268436261586,0,0.372028230516999,0,0.366889790266375,0,0,0,0,0,0,0,0.210685322834895,0,0.141013418786167,0,0,0,0,0,0,0,0,0,0.276353523135185,0.274129539728165,0.403328303051622,0,0.426835879683495,0,0.310003501602582,0,0.208799257874489,0,0,0,0,0,0,0,0.396859688309272,0,0.27143332362175,0,0,0,0.329358786344528,0.321390395015478,0,0,0,0,0,0,0,0.331332369935962,0,0,0,0,0,0,0.314596503973007,0.290340409037613,0,0.302959712360586,0.411845280955999,0.277744829654694,0.326360240294519,0,0.39182827124993
0,0,0,0,0,0,0,0,0,0,0,0,0,0,0,0,0,0,0,0,0,0,0,0,0,0,0,0,0,0,0,0.257121376161064,0.230444650663886,0.273752800822258,0,0.153057096086347,0,0,0,0,0,0,0,0,0,0,0,0.358180808534682,0,0,0,0,0,0,0,0,0,0,0,0,0,0,0,0,0,0,0,0,0,0,0,0,0,0,0,0.247904397547245,0.315504906364516,0,0.225977584719658,0,0,0,0.260538984471953,0,0,0,0
0,0,0,0,0,0,0,0,0,0,0,0,0,0,0,0,0,0,0,0,0,0,0,0,0,0,0,0,0,0,0,0.311292981323989,0.323179014052037,0,0.301794722144093,0,0.252167975673309,0,0,0,0,0,0,0,0,0,0,0.37975859240582,0.288473436135357,0,0,0,0,0,0,0,0,0,0,0,0,0,0,0,0,0,0,0,0,0,0,0,0,0,0.247904397547245,0,0,0.354803121022439,0,0.333899483232007,0,0,0.254818574045644,0,0,0,0
0,0,0,0,0,0,0,0,0,0,0,0,0,0,0,0,0,0,0,0,0,0,0,0,0,0,0,0,0,0,0,0.255603326218469,0,0.206087030078235,0.167213625747424,0.147015442636526,0,0.257825042702194,0,0,0,0,0,0,0,0,0,0.341820928179078,0.321309626102448,0.299745945950572,0,0,0,0,0,0,0,0,0,0,0,0,0,0,0,0,0,0,0,0,0,0,0,0,0.315504906364516,0,0,0.20189530402422,0.269609582059237,0,0.358018595678537,0,0.202900977184375,0,0,0,0
0,0,0,0,0,0,0,0,0,0,0,0,0,0,0,0,0,0,0,0,0,0,0,0,0,0,0,0,0,0,0,0,0.280637429952621,0.179941181681658,0.257513485380714,0,0.180876068484325,0,0.243629519240003,0,0,0,0.325995221734047,0,0,0,0,0.32157204307481,0.331761197145305,0.361830244461695,0,0,0,0,0,0,0,0,0,0,0,0,0,0,0,0,0,0,0,0,0,0,0,0,0,0.354803121022439,0.20189530402422,0,0,0.334360182457245,0,0.306263240943138,0.202640405161814,0,0.36069130897522,0,0
