0,0,0.137386248214853,0,0.161758518790546,0,0,0,0.207450644053942,0,0,0,0,0,0,0,0.352260264483365,0.313378873839974,0.327994517658068,0,0,0,0,0,0.180156625807285,0,0,0,0,0,0,0,0,0,0,0,0.414574950933456,0,0,0.30438332259655,0.402046646537452,0.288674414157867,0.245236978379648,0,0,0,0.415235688643796,0,0.16419657937118,0,0,0,0,0,0.201407964352654,0,0,0,0,0,0.194131210446358,0,0,0.365943397466953,0,0,0,0.186151050031185,0,0,0,0,0,0,0,0,0,0,0.368446518074382,0.439917721592628,0.421252250671387,0.338134050369263,0.287078026610301,0.170736458152533,0.265019110886863,0,0.357741266489029
0,0,0,0.14326107314469,0,0,0,0,0.216052509844303,0.177334915349881,0,0,0,0,0,0,0.221519529819489,0.358148723840714,0.322391550701398,0,0,0,0,0,0,0,0,0,0,0,0,0,0,0,0,0,0,0.145220749080181,0,0.380029290914536,0,0.329869560400645,0,0,0,0,0,0.267232230305672,0.288629333178202,0.188744575412262,0,0,0,0,0,0.169075341970397,0,0,0,0,0,0.200891241902792,0,0,0,0,0.181383371885334,0,0,0,0,0,0,0,0,0,0,0,0.386140728774278,0,0.491620361804962,0,0.189872271709206,0.256779688699492,0.22533628240046,0.435047924518585,0
0.137386248214853,0,0,0,0.191409616652182,0,0,0,0.130889852841695,0,0.260175459086895,0,0,0,0,0,0,0,0.288383056720098,0,0.248401234547297,0,0,0,0,0,0,0,0,0,0.272433966398239,0,0,0,0,0,0.341352105140686,0,0.28161433339119,0,0.275778664106672,0,0.271593047181765,0,0,0,0.243672927311801,0.279318708181381,0.165065555915802,0.271319359540939,0.197285995259107,0,0,0,0.162985877548852,0,0.259359006134291,0,0.185327864686648,0,0.171548873186111,0,0,0.223921188941369,0,0,0,0,0,0,0,0,0,0.276951490703857,0,0,0,0,0,0.298115547350112,0,0.339784195025762,0.155726406297513,0.135323546826839,0.199296879768372,0,0.240419125015085
0,0.14326107314469,0,0,0,0.183551713460829,0,0,0,0.149494975491574,0,0,0,0,0,0,0.278574168682098,0,0.263954274356365,0,0,0,0,0,0,0,0,0,0,0,0,0,0,0,0,0.18905283510685,0,0,0,0.265745649353052,0,0.30873043925656,0.260483950376511,0,0,0.206624943763018,0,0.25286262234052,0,0.198694826081648,0,0.215229599340725,0,0,0,0.156513191567451,0,0.257323319974699,0,0.212537205219269,0,0.181668162345886,0.291784137487411,0,0,0,0,0,0,0,0.297447244326274,0,0.295296617916652,0,0,0,0,0,0.318981624311871,0,0.3309137403965,0,0.179125549186607,0.127065803323473,0.216403198365767,0.38843622803688,0
0.161758518790546,0,0.191409616652182,0,0,0,0.157633017500242,0,0.178600648602287,0,0,0,0.175213753337591,0,0.164376317308499,0,0,0,0.258581012487411,0,0.320733327029356,0,0,0,0,0,0,0,0,0,0,0,0,0,0,0,0.194868303835392,0,0,0,0.249517246119438,0,0.260604731300298,0,0,0,0.223471285426058,0.264809265732765,0.260176752693951,0.251411020755768,0.216428833049761,0,0.189244554801421,0,0.180146510613726,0,0.244289490911696,0,0.178464111406356,0,0.20872624963522,0,0,0.335866978258959,0,0,0,0,0,0,0,0,0,0.256739778952165,0,0,0,0,0,0.231583749020801,0,0.278077363967896,0.189050001716818,0.199710418470204,0.219275066127571,0,0.225755383570989
0,0,0,0.183551713460829,0,0,0,0.149088256061077,0,0.152434761502913,0,0,0,0.210326299071312,0,0.200222790241241,0,0,0.249085575342178,0.194306545450302,0,0,0,0,0,0,0,0,0,0,0,0,0,0,0,0.186550692600362,0,0.290107846260071,0,0.237155302166939,0,0.247846234882816,0,0,0,0.188488241285086,0,0.22689513117075,0,0.250723932992737,0,0.171844476286103,0,0,0,0,0,0.205952265299857,0,0.136226577036407,0,0.199582216067192,0.232715071346223,0,0,0,0,0,0,0,0.264832496643066,0,0.257549643516541,0,0,0,0,0,0.251792763670286,0,0.322566914558411,0,0.157312880721357,0.15325492563156,0.216180561938419,0.270173966884613,0
0,0,0,0,0.157633017500242,0,0,0,0,0,0.142406195402145,0,0,0,0,0,0,0,0,0,0.183764670182157,0,0,0,0,0,0,0,0,0,0,0,0,0,0,0,0.184727162122726,0,0,0,0,0,0,0,0,0,0,0,0,0,0,0,0.204351031780243,0,0,0,0.20548595212124,0,0.174202397465706,0,0,0,0,0,0,0,0,0,0,0,0,0,0,0,0,0,0,0,0,0.229136238495509,0,0,0.1656322277336,0.14542193710804,0.201643854379654,0,0
0,0,0,0,0,0.149088256061077,0,0,0,0,0,0,0,0.190877012717418,0,0,0,0,0,0,0,0,0,0,0,0,0,0,0,0,0,0,0,0,0,0,0,0,0,0,0,0,0,0,0,0,0,0,0,0,0,0,0,0.151993534651147,0,0,0,0.147559766173363,0,0.197162564416401,0,0,0,0,0,0,0,0,0,0,0,0,0,0,0,0,0,0,0,0,0,0,0.16639963115255,0.170449503419692,0,0,0
0.207450644053942,0.216052509844303,0.130889852841695,0,0.178600648602287,0,0,0,0,0,0,0,0,0,0.198546621101824,0,0.235868636481239,0.284736951571384,0.22704681742992,0,0,0,0,0,0.172743058075076,0,0.125330798803492,0,0,0,0,0,0,0,0,0,0,0,0.314457166410754,0.315048485994339,0,0,0.246950444740218,0,0,0,0.207643255591393,0,0.153914377770641,0,0.187101727182215,0,0,0,0.256068889724429,0,0.2481719404459,0,0,0,0.198187384776997,0,0,0.205549240112305,0,0,0,0.261327220126987,0,0.126255992093477,0,0,0,0.287235960364342,0,0,0,0,0.334026273339987,0.215161591768265,0.304171115159988,0.334850627389447,0.231349513444909,0.213039293885231,0.231702465294603,0,0
0,0.177334915349881,0,0.149494975491574,0,0.152434761502913,0,0,0,0,0,0,0,0,0,0.181577075658173,0.189153379627637,0.180702731013298,0.179905551175276,0,0,0,0,0.276879032418288,0,0.145766165446151,0,0,0,0,0,0,0,0,0,0,0,0.278221702052129,0,0.233293922884124,0,0.228129528855023,0.262918591499329,0,0,0.194686497960772,0,0.2666480216113,0.281945377588272,0.252312727272511,0,0.162339936569333,0,0,0,0.264995081307151,0,0.268554076552391,0,0.255516141653061,0,0.173758548460429,0,0,0,0,0.290473267759966,0,0.143155906349421,0,0,0,0.269811078906059,0,0,0,0,0,0,0,0.276973831895235,0,0.212320182513405,0.125734856724739,0.186473646976294,0,0
0,0,0.260175459086895,0,0,0,0.142406195402145,0,0,0,0,0,0.142118684947491,0,0,0,0,0,0.347772970795631,0,0.155415949536391,0,0,0,0,0,0,0,0,0,0.228534781173164,0,0,0,0,0,0.139130678168825,0,0.170002461561771,0,0.37833908200264,0,0.319357911745707,0,0,0,0.264634255082049,0,0.299326211214066,0,0,0,0.201833464205265,0,0.254591256380081,0,0.199484036076146,0,0.150992728658577,0,0,0,0,0.21868029789013,0,0,0,0,0,0,0,0,0,0.277375613649686,0,0,0,0,0,0.157830706788498,0,0.192388148548511,0.167598397750027,0.157912684996661,0.297815828717181,0,0
0,0,0,0,0,0,0,0,0,0,0,0,0,0.155665240589191,0,0,0,0,0,0.149261908779176,0,0,0,0,0,0,0,0.164439082145691,0,0.141503060857455,0,0,0,0,0,0.136393342757284,0,0.141593832714049,0,0,0,0,0,0,0,0.244833941260974,0,0,0,0,0,0,0,0,0,0,0,0.181651159801997,0,0.148665162205434,0,0,0.151747675945184,0,0,0,0,0,0,0,0,0,0.17907559543848,0,0,0,0,0,0.144723977236187,0,0.211038481371076,0,0.175571645630731,0.180525509019693,0.218813861409823,0,0
0,0,0,0,0.175213753337591,0,0,0,0,0,0.142118684947491,0,0,0,0.214932423167759,0,0,0,0,0,0,0,0,0,0,0,0,0,0.191691762208939,0,0,0,0,0,0,0,0,0,0,0,0,0,0,0,0,0,0,0,0,0,0,0,0,0,0,0,0.147497097651164,0,0.177000255938566,0,0.208050534129143,0,0,0,0,0,0,0,0,0,0,0,0,0,0,0,0,0,0,0,0,0,0.146632805116036,0.16119258986278,0,0,0
0,0,0,0,0,0.210326299071312,0,0.190877012717418,0,0,0,0.155665240589191,0,0,0,0.192644387483597,0,0,0,0,0,0,0,0,0,0,0,0.159351569910844,0,0,0,0,0,0,0,0,0,0,0,0,0,0,0,0,0,0,0,0,0,0,0,0.232904382050037,0,0.194369781762362,0,0,0,0.159771600384501,0,0.207033202450239,0,0.164997279644012,0,0,0,0,0,0,0,0,0,0,0,0,0,0,0,0,0,0,0,0,0.18901151723978,0.188377146609128,0,0,0
0,0,0,0,0.164376317308499,0,0,0,0.198546621101824,0,0,0,0.214932423167759,0,0,0,0.162839098881356,0.17101192203435,0.217529717087746,0,0,0,0,0,0.197592511773109,0,0.156929867447547,0,0,0,0,0,0,0,0,0,0,0,0,0,0.232996940612793,0,0,0,0,0,0,0,0,0,0,0,0,0,0.182083078026772,0,0,0,0.219144056622799,0,0.202456636691256,0,0,0,0,0,0,0,0,0.238000926375389,0,0,0,0,0,0,0,0,0,0,0,0,0.20487408780603,0.166037706761724,0,0,0
0,0,0,0,0,0.200222790241241,0,0,0,0.181577075658173,0,0,0,0.192644387483597,0,0,0,0.243632651865482,0,0,0,0,0,0.155993454158306,0,0.156001962721348,0,0,0,0,0,0,0,0,0,0,0,0,0,0,0,0,0,0,0,0,0,0,0,0,0,0.168537920340896,0,0,0,0.154440817864318,0,0,0,0.236724359596648,0,0.19634324372825,0,0,0,0,0.172434106469154,0,0,0,0,0,0,0,0,0,0,0,0,0,0,0,0.19874805880004,0.152462854981422,0,0,0
0.352260264483365,0.221519529819489,0,0.278574168682098,0,0,0,0,0.235868636481239,0.189153379627637,0,0,0,0,0.162839098881356,0,0,0.198320998334134,0.26344954503463,0,0.327799052000046,0,0.187155674513377,0,0.1691678691478,0,0.144107640878512,0,0,0,0,0,0,0,0,0,0.369785822927952,0,0,0.32820886684643,0.323900862320049,0.292480964064598,0.277295134173563,0.278540775179863,0.282171984513601,0.320262222127481,0.320356035005238,0,0.293559074401855,0.298149595657984,0,0,0,0,0,0,0.312540429830551,0,0,0,0.168253936064549,0,0.316330116987228,0.311864809954868,0,0,0,0,0.175482183694839,0,0,0,0.31097549200058,0.3112677693367,0,0,0,0,0.350521654571806,0.346210511579905,0.343191978122507,0.338477694469949,0.22821631424,0.167210262055692,0.316063295283639,0.274747921870305,0.282345773652196
0.313378873839974,0.358148723840714,0,0,0,0,0,0,0.284736951571384,0.180702731013298,0,0,0,0,0.17101192203435,0.243632651865482,0.198320998334134,0,0.24869884223261,0,0,0.149320926774165,0.241262212395668,0.155264735454693,0.193935756882032,0.191412840528708,0.161256328225136,0,0,0,0,0,0,0,0,0,0.326094716787338,0,0,0.330444898587375,0.339563610462042,0.291323549292906,0.282400141443525,0.313711470365524,0,0.315346683290872,0.336783701310987,0,0,0.307779934257269,0,0,0,0,0,0,0,0,0,0,0.182161808013916,0.236031509935856,0.32539610612777,0.333521577715874,0.127584681147709,0,0,0,0.16242552002271,0,0.305708914995193,0,0.342603892087936,0,0,0,0,0,0.353363076210022,0.351718246152526,0.348680345112817,0.351168994392668,0.202825907393739,0.28059531521285,0.334505335986614,0.291598411830696,0.288415834307671
0.327994517658068,0.322391550701398,0.288383056720098,0.263954274356365,0.258581012487411,0.249085575342178,0,0,0.22704681742992,0.179905551175276,0.347772970795631,0,0,0,0.217529717087746,0,0.26344954503463,0.24869884223261,0,0,0.365690235580717,0,0.183697581291199,0,0,0,0.266621917486191,0,0,0,0,0,0,0,0,0,0.358599438269933,0,0.369083497673273,0.325364421068465,0.318471685642973,0.265377803713874,0.235486880263388,0.269568795456162,0.217048845688502,0.304911777648059,0.333296207476449,0,0.241339595456209,0.304260999974558,0.268581807613373,0.25573343783617,0,0,0,0.161237373948097,0.29601222708037,0.293595799377986,0,0,0,0,0.329541056308635,0.326760363355025,0,0,0,0,0.218194581568241,0,0,0,0.316229684012277,0.299497129188644,0,0,0,0,0.363011405747884,0.357790497990267,0.362014924973812,0.34380407455887,0.239484545946231,0.22825650409994,0.316953183385196,0.271795588846636,0.253266567797781
0,0,0,0,0,0.194306545450302,0,0,0,0,0,0.149261908779176,0,0,0,0,0,0,0,0,0,0,0,0,0,0,0,0,0,0.16476009786129,0,0,0,0,0,0.136674078771094,0,0.156683102836487,0,0,0,0,0,0,0,0.245959435900052,0,0,0,0,0,0.218382629255454,0,0,0,0,0,0.148694559055216,0,0,0,0,0.18885818183836,0,0,0,0,0,0,0,0,0,0.177383993353162,0,0,0,0,0,0.190567858597284,0,0.215317848956946,0,0.151816145206491,0,0.191046958168348,0,0
0,0,0.248401234547297,0,0.320733327029356,0,0.183764670182157,0,0,0,0.155415949536391,0,0,0,0,0,0.327799052000046,0,0.365690235580717,0,0,0,0,0,0,0,0,0,0,0,0.31823013149775,0,0,0,0,0,0.14513107322316,0,0.208979564276099,0,0.326902826627096,0.269609332084656,0.352450507879257,0,0,0,0.307307120360119,0,0.287485212087631,0,0,0,0,0,0,0,0.212804823762771,0,0,0,0,0,0,0.238088641779721,0,0,0,0,0,0,0,0,0,0.294942585156136,0,0,0,0,0,0.174437301676377,0,0.170115354834803,0.202083109810457,0.23485891520977,0.34063713536376,0,0.371118485927582
0,0,0,0,0,0,0,0,0,0,0,0,0,0,0,0,0,0.149320926774165,0,0,0,0,0.0586000775749033,0.248955993743046,0,0.164144493965912,0,0,0,0,0,0,0,0,0,0,0,0.274426682144489,0,0,0,0,0,0,0,0,0,0,0,0.248907742534425,0,0,0,0,0,0,0,0,0,0,0,0,0,0,0.210758960338971,0,0.243661998709043,0,0.183675718669956,0,0.26014079866202,0,0,0,0,0,0,0,0,0,0.342765606087067,0,0.209517436560738,0.107426399985949,0,0,0
0,0,0,0,0,0,0,0,0,0,0,0,0,0,0,0,0.187155674513377,0.241262212395668,0.183697581291199,0,0,0.0586000775749033,0,0,0.21366447265638,0,0.132539249128766,0,0.119168483505124,0,0,0,0,0,0,0,0,0,0.118897114948529,0,0,0,0,0,0,0,0,0,0.19082619378279,0,0,0,0,0,0,0,0,0,0,0,0,0,0,0,0,0.159147543188677,0,0.245694396190055,0,0.167799405303426,0,0.186053852240245,0,0,0,0,0,0,0,0,0,0.2101818599758,0.129990327154226,0.115917342729593,0.210969919959704,0,0
0,0,0,0,0,0,0,0,0,0.276879032418288,0,0,0,0,0,0.155993454158306,0,0.155264735454693,0,0,0,0.248955993743046,0,0,0,0.191155210054889,0,0,0,0,0,0,0,0,0,0,0,0.217864304161691,0,0,0,0,0,0,0,0,0,0,0,0.241737946257239,0,0,0,0,0,0.319662913095171,0,0,0,0,0,0.245118916034698,0,0,0.2545771101584,0,0.245663702755809,0,0.21962153303144,0,0.253336519002914,0,0,0,0,0,0,0,0,0,0.241740481022301,0,0.154246949333143,0,0.193105917423964,0,0
0.180156625807285,0,0,0,0,0,0,0,0.172743058075076,0,0,0,0,0,0.197592511773109,0,0.1691678691478,0.193935756882032,0,0,0,0,0.21366447265638,0,0,0,0.180483226135776,0,0,0,0,0,0,0,0,0,0,0,0.236177721660431,0,0,0,0.28184762597084,0,0,0,0,0.379518091678619,0.204848918105875,0,0,0,0,0,0.18872053861618,0,0,0,0,0,0,0,0,0,0,0.191566322478607,0,0.232432728796506,0,0.193266285304538,0,0,0,0,0,0,0,0,0,0,0,0.16691063484638,0.18807496237599,0,0.323697090355886,0,0
0,0,0,0,0,0,0,0,0,0.145766165446151,0,0,0,0,0,0.156001962721348,0,0.191412840528708,0,0,0,0.164144493965912,0,0.191155210054889,0,0,0,0.203158408403397,0,0,0,0,0,0,0,0,0,0.243483513593674,0,0,0,0,0,0,0,0,0,0,0,0.2535699903965,0,0,0,0,0,0.145892720549337,0,0,0,0,0,0.221902605560091,0,0,0.194794309376174,0,0.242177816232045,0,0.215695737719031,0,0.205494839698076,0,0,0,0,0,0,0,0,0,0,0,0.167894156755141,0,0,0,0
0,0,0,0,0,0,0,0,0.125330798803492,0,0,0,0,0,0.156929867447547,0,0.144107640878512,0.161256328225136,0.266621917486191,0,0,0,0.132539249128766,0,0.180483226135776,0,0,0,0,0,0,0,0,0,0,0,0,0,0,0,0,0,0,0,0,0,0,0,0,0,0,0,0,0,0.132018029689789,0,0,0,0,0,0.189554311335087,0,0,0,0,0,0,0,0,0.131139554709057,0,0,0,0,0,0,0,0,0.301002621650696,0,0,0,0.13319017774097,0.155661851167679,0,0,0
0,0,0,0,0,0,0,0,0,0,0,0.164439082145691,0,0.159351569910844,0,0,0,0,0,0,0,0,0,0,0,0.203158408403397,0,0,0,0.1409229847095,0,0,0,0,0,0,0,0.16768909804523,0,0,0,0,0,0,0,0,0,0,0,0,0,0,0,0,0,0,0,0,0,0.159734612878631,0,0,0,0,0,0,0,0,0.207891240715981,0,0.155844683039101,0,0.136195642873645,0,0,0,0,0,0,0,0.119743434339762,0,0.127684021655184,0.139632420614362,0,0,0
0,0,0,0,0,0,0,0,0,0,0,0,0.191691762208939,0,0,0,0,0,0,0,0,0,0.119168483505124,0,0,0,0,0,0,0,0.147773124277592,0,0,0,0,0,0,0,0.141802221536636,0,0,0,0,0,0,0,0,0,0,0,0,0,0,0,0,0,0,0,0.198142543435097,0,0,0,0,0,0,0.117347685827149,0,0,0,0,0,0.229838810555105,0,0,0,0,0,0,0,0,0,0,0.159131865948439,0,0,0,0
0,0,0,0,0,0,0,0,0,0,0,0.141503060857455,0,0,0,0,0,0,0,0.16476009786129,0,0,0,0,0,0,0,0.1409229847095,0,0,0,0,0,0,0,0,0,0.187763148141866,0,0.233762368559837,0,0,0,0,0,0.249271020293236,0,0,0,0,0,0,0,0,0,0,0,0.194226530013662,0,0,0,0,0.221973064045111,0,0,0,0,0,0,0,0.14589404278285,0,0.181053920921601,0,0,0,0,0,0,0,0.208330515000706,0,0.168151783887097,0,0.250243172049522,0,0
0,0,0.272433966398239,0,0,0,0,0,0,0,0.228534781173164,0,0,0,0,0,0,0,0,0,0.31823013149775,0,0,0,0,0,0,0,0.147773124277592,0,0,0,0,0,0,0,0,0,0.152905666947733,0,0.291615337133408,0,0.321136921644211,0,0,0,0.297980541602159,0,0.302609860897064,0,0,0,0,0,0,0,0.293888341284023,0,0,0,0,0,0,0.292222935528982,0,0,0,0,0,0,0,0,0,0.189470690183752,0,0,0,0,0,0.327992060354778,0,0.265523780715101,0.141769267884748,0.114437401294708,0.352326509542763,0,0.378580838441849
0,0,0,0,0,0,0,0,0,0,0,0,0,0,0,0,0,0,0,0,0,0,0,0,0,0,0,0,0,0,0,0,0.129422132469093,0.259680483490229,0.287937492132187,0.171000236687674,0.18835623934865,0,0,0,0,0,0,0,0,0,0,0.609540410861848,0,0,0,0,0,0,0,0,0,0,0,0,0,0,0,0,0,0,0,0,0,0,0,0,0,0,0.30025097169214,0.207189577241098,0.231438760524211,0.284241236746311,0.290221020747713,0.376668140292168,0,0,0.159629402092741,0,0,0,0
0,0,0,0,0,0,0,0,0,0,0,0,0,0,0,0,0,0,0,0,0,0,0,0,0,0,0,0,0,0,0,0.129422132469093,0,0,0.314839291903708,0.169983729720116,0.142665585109947,0,0,0,0,0,0,0,0,0,0,0.24292217195034,0,0,0,0,0,0,0,0,0,0,0,0,0,0,0,0,0,0,0,0,0,0,0,0,0,0,0.112884106735388,0.265122369344564,0,0.318150589764118,0,0.191421507079093,0,0,0.147441381122917,0,0,0,0
0,0,0,0,0,0,0,0,0,0,0,0,0,0,0,0,0,0,0,0,0,0,0,0,0,0,0,0,0,0,0,0.259680483490229,0,0,0.183924435623991,0.139954543500035,0,0.22954824808793,0.174402326345444,0,0,0,0,0,0,0,0,0.259442192506245,0.341692872345448,0,0,0,0,0,0,0,0,0,0,0,0,0,0,0,0,0,0,0,0,0,0,0,0,0,0.3073978665926,0,0.20299058442199,0.205583211655418,0.296245766853964,0.351300060749054,0.297528889558482,0,0.257440300699737,0.176953379971993,0.35662105679512,0,0
0,0,0,0,0,0,0,0,0,0,0,0,0,0,0,0,0,0,0,0,0,0,0,0,0,0,0,0,0,0,0,0.287937492132187,0.314839291903708,0.183924435623991,0,0,0.142455198660944,0,0.244870818422347,0,0,0,0.276778399944305,0,0,0,0,0.297529528440513,0.329890315731366,0,0,0,0,0,0,0,0,0,0,0,0,0,0,0,0,0,0,0,0,0,0,0,0,0,0,0.341592372205742,0.279991486798162,0.244054567374167,0.422883875668049,0.269374639956982,0,0.254416102686754,0.183023087847769,0.162439569830894,0.333886009454727,0,0
0,0,0,0.18905283510685,0,0.186550692600362,0,0,0,0,0,0.136393342757284,0,0,0,0,0,0,0,0.136674078771094,0,0,0,0,0,0,0,0,0,0,0,0.171000236687674,0.169983729720116,0.139954543500035,0,0,0.157495506839945,0.143193125863796,0,0,0,0,0,0,0,0.155141959232943,0,0.365635724720501,0,0.193934515118599,0,0.245683789253235,0,0,0,0,0,0.124262128113292,0,0,0,0,0.154122923865266,0,0,0,0,0,0,0,0,0,0,0,0.173893043082025,0,0.172856522879937,0,0.201723230614272,0.179842927521377,0.209483927172471,0,0.176522573047554,0.305307431738506,0.194405257505806,0,0
0.414574950933456,0,0.341352105140686,0,0.194868303835392,0,0.184727162122726,0,0,0,0.139130678168825,0,0,0,0,0,0.369785822927952,0.326094716787338,0.358599438269933,0,0.14513107322316,0,0,0,0,0,0,0,0,0,0,0.18835623934865,0.142665585109947,0,0.142455198660944,0.157495506839945,0,0,0.110552620942607,0,0.346403818577528,0,0.331148382367157,0,0.349834611018499,0,0.303522788909746,0.233235533142688,0.260593552142382,0.292572617530823,0,0,0,0,0,0,0.27411428432573,0,0,0,0,0,0,0.226286864249219,0,0,0,0,0,0,0,0,0,0.281041868031025,0,0.221388792140143,0,0.187795153508584,0.176300326115396,0.195932720276846,0.330762565135956,0.173998125121558,0.189041945999048,0.389966542522113,0.258668284844259,0,0.349794580539068
0,0.145220749080181,0,0,0,0.290107846260071,0,0,0,0.278221702052129,0,0.141593832714049,0,0,0,0,0,0,0,0.156683102836487,0,0.274426682144489,0,0.217864304161691,0,0.243483513593674,0,0.16768909804523,0,0.187763148141866,0,0,0,0.22954824808793,0,0.143193125863796,0,0,0.120812371373177,0.224335953593254,0,0.377908200025558,0.337521960337957,0,0,0.271410327495598,0,0.413876526320682,0.341538207495914,0.255086228498779,0,0,0,0,0,0.310870829519335,0,0.156173473931033,0,0,0,0,0.23427688056764,0,0.281588714493155,0,0.25306632025981,0.369624599814415,0,0,0,0,0.185898424184174,0,0,0,0.234056843456879,0,0.199676050195509,0,0.217068639901893,0.1255552071062,0.29121386459951,0.205294536795593,0.25666220843792,0,0
0,0,0.28161433339119,0,0,0,0,0,0.314457166410754,0,0.170002461561771,0,0,0,0,0,0,0,0.369083497673273,0,0.208979564276099,0,0.118897114948529,0,0.236177721660431,0,0,0,0.141802221536636,0,0.152905666947733,0,0,0.174402326345444,0.244870818422347,0,0.110552620942607,0.120812371373177,0,0,0.340404944760459,0,0.312889531254768,0,0,0,0.342311581524162,0.225577128513547,0.381714233185774,0,0,0,0,0,0.352871845165888,0,0.272972130635753,0,0,0,0,0,0,0.244881133777718,0,0.124889447554654,0,0.299032089212838,0,0,0,0.204759426414967,0,0.167909053837793,0,0,0,0.232956682380877,0,0.173833608575363,0,0.19808540154261,0.2171107906957,0.204839775080149,0.330378054243298,0,0.372860057013375
0.30438332259655,0.380029290914536,0,0.265745649353052,0,0.237155302166939,0,0,0.315048485994339,0.233293922884124,0,0,0,0,0,0,0.32820886684643,0.330444898587375,0.325364421068465,0,0,0,0,0,0,0,0,0,0,0.233762368559837,0,0,0,0,0,0,0,0.224335953593254,0,0,0.321974009275436,0.283561761014415,0.27414490348276,0.321319724950526,0,0.257244081428889,0.341088923540982,0.268388575315475,0.264249980449677,0.222676537711523,0,0.25165350478271,0,0,0,0.233662257591883,0,0.266999875426923,0,0.248461171984673,0,0,0.275110773446429,0.332872286438942,0,0,0,0,0,0,0.278116947039962,0,0.274914472126493,0,0,0,0,0,0.260977179740751,0.355603804190954,0.335147869410773,0.314006447792053,0.323357568533808,0.333479566810032,0.297643524798092,0.342013575950231,0.313429236412048
0.402046646537452,0,0.275778664106672,0,0.249517246119438,0,0,0,0,0,0.37833908200264,0,0,0,0.232996940612793,0,0.323900862320049,0.339563610462042,0.318471685642973,0,0.326902826627096,0,0,0,0,0,0,0,0,0,0.291615337133408,0,0,0,0,0,0.346403818577528,0,0.340404944760459,0.321974009275436,0,0.27831412426063,0.281270946194959,0,0.295501744926874,0.308577761054039,0.299086324707267,0.298796345790227,0.23193477274015,0,0.232056312263012,0,0,0,0,0,0.290646219606041,0,0,0,0,0,0,0.256518117075039,0,0,0,0,0,0,0,0,0,0.280251765623689,0,0,0,0,0.354997052086724,0.25326013676455,0,0.284683502171619,0.321181013912621,0.303815733194351,0.297030917611204,0.281255833804607,0.30716937928335
0.288674414157867,0.329869560400645,0,0.30873043925656,0,0.247846234882816,0,0,0,0.228129528855023,0,0,0,0,0,0,0.292480964064598,0.291323549292906,0.265377803713874,0,0.269609332084656,0,0,0,0,0,0,0,0,0,0,0,0,0,0,0,0,0.377908200025558,0,0.283561761014415,0.27831412426063,0,0.22414962010482,0.255950338239644,0,0.259044961831996,0.262346770614386,0.357018947601318,0.242144430677096,0.314366741317702,0,0.253855979313021,0,0,0,0.302389792552808,0.273672133684158,0.283613118958675,0,0.278953365981579,0,0.301739230751991,0.310646030528913,0.302320927381516,0,0,0,0,0,0,0.326213939831807,0,0.329183831594992,0,0,0,0,0,0.314025818091444,0.297648847103119,0.341960150841803,0.29961684346199,0.255529880248262,0.312422705384401,0.308368534606416,0.276758212893397,0.197510930895805
0.245236978379648,0,0.271593047181765,0.260483950376511,0.260604731300298,0,0,0,0.246950444740218,0.262918591499329,0.319357911745707,0,0,0,0,0,0.277295134173563,0.282400141443525,0.235486880263388,0,0.352450507879257,0,0,0,0.28184762597084,0,0,0,0,0,0.321136921644211,0,0,0,0.276778399944305,0,0.331148382367157,0.337521960337957,0.312889531254768,0.27414490348276,0.281270946194959,0.22414962010482,0,0.228153993460265,0.209169319012021,0.258384452838647,0.275179740674091,0.338132383567946,0.267250366300844,0.276633938153585,0.236306428909302,0.222527176141739,0,0,0.311593100428581,0,0.314040514883722,0.293810844421387,0,0,0,0,0.320338177680969,0.307300747240462,0,0,0,0.38188274949789,0,0,0,0,0.27429524064064,0.325842965055596,0,0,0.319192141294479,0,0.309844583920811,0.315041885448832,0.304609107474486,0.334861201200646,0.261579605649287,0.268943274127586,0.302531494990606,0.224308847139279,0.231507899525088
0,0,0,0,0,0,0,0,0,0,0,0,0,0,0,0,0.278540775179863,0.313711470365524,0.269568795456162,0,0,0,0,0,0,0,0,0,0,0,0,0,0,0,0,0,0,0,0,0.321319724950526,0,0.255950338239644,0.228153993460265,0,0,0.306258884923799,0.235664382576942,0,0,0.296769825120767,0,0,0,0,0,0,0,0.295918405056,0,0,0,0,0.333323955535889,0,0,0,0,0,0,0,0,0,0.360216110944748,0,0,0,0,0,0.360898823022842,0.343330472707748,0.433531812692093,0,0.269393114580048,0.295205183327198,0.353499468457833,0.268437046092004,0
0,0,0,0,0,0,0,0,0,0,0,0,0,0,0,0,0.282171984513601,0,0.217048845688502,0,0,0,0,0,0,0,0,0,0,0,0,0,0,0,0,0,0.349834611018499,0,0,0,0.295501744926874,0,0.209169319012021,0,0,0,0.300516646943594,0,0.248832136392593,0,0,0,0,0,0,0,0,0,0,0,0,0,0,0.303119811746809,0,0,0,0,0,0,0,0,0,0,0,0,0,0,0,0.330974336334709,0,0.325800496339798,0.267326984554529,0,0.265970837520926,0.222240373492241,0.201174650341272
0,0,0,0.206624943763018,0,0.188488241285086,0,0,0,0.194686497960772,0,0.244833941260974,0,0,0,0,0.320262222127481,0.315346683290872,0.304911777648059,0.245959435900052,0,0,0,0,0,0,0,0,0,0.249271020293236,0,0,0,0,0,0.155141959232943,0,0.271410327495598,0,0.257244081428889,0.308577761054039,0.259044961831996,0.258384452838647,0.306258884923799,0,0,0.312987267971039,0.234227314077575,0,0.270236917647971,0,0.223349871635437,0,0,0,0.179840450485547,0,0.254328713648849,0,0,0,0,0.236694487117564,0.317308157682419,0,0,0,0,0,0,0.282960292034679,0,0.263536599761731,0,0,0,0,0,0.242009451883243,0.35492791980505,0.302305669884857,0,0.30028178104096,0.30522545799613,0.266127888825016,0.286876713650094,0
0.415235688643796,0,0.243672927311801,0,0.223471285426058,0,0,0,0.207643255591393,0,0.264634255082049,0,0,0,0,0,0.320356035005238,0.336783701310987,0.333296207476449,0,0.307307120360119,0,0,0,0,0,0,0,0,0,0.297980541602159,0,0,0,0,0,0.303522788909746,0,0.342311581524162,0.341088923540982,0.299086324707267,0.262346770614386,0.275179740674091,0.235664382576942,0.300516646943594,0.312987267971039,0,0.265931569933891,0.272804020924211,0.271879124290803,0.226736232638359,0,0,0,0.205107904970646,0,0.270442606387489,0.265576630830765,0,0,0,0,0.345265507698059,0.250695996730326,0,0,0,0,0,0,0,0,0,0.272721257799112,0,0,0,0.29759556055069,0.339496368914843,0.283477895993725,0.353124618530273,0.372423615851421,0.322305834931987,0.313506068094917,0.293061001409495,0.232422545552254,0.270069861557426
0,0.267232230305672,0.279318708181381,0.25286262234052,0.264809265732765,0.22689513117075,0,0,0,0.2666480216113,0,0,0,0,0,0,0,0,0,0,0,0,0,0,0.379518091678619,0,0,0,0,0,0,0.609540410861848,0.24292217195034,0.259442192506245,0.297529528440513,0.365635724720501,0.233235533142688,0.413876526320682,0.225577128513547,0.268388575315475,0.298796345790227,0.357018947601318,0.338132383567946,0,0,0.234227314077575,0.265931569933891,0,0.372280308295941,0.327437848380541,0,0.245798677206039,0,0,0,0.222887694835663,0,0.26107457280159,0,0,0,0,0.228939726948738,0.281792782247066,0,0,0,0.48477401137352,0,0,0,0,0,0,0.322981498396124,0.345261216466725,0.316166410937868,0.323734105372035,0.400738506895238,0.380044167269901,0.298370358034184,0.304476269795781,0.419506345287378,0.369166240096092,0.291035769085317,0,0
0.16419657937118,0.288629333178202,0.165065555915802,0,0.260176752693951,0,0,0,0.153914377770641,0.281945377588272,0.299326211214066,0,0,0,0,0,0.293559074401855,0,0.241339595456209,0,0.287485212087631,0,0.19082619378279,0,0.204848918105875,0,0,0,0,0,0.302609860897064,0,0,0.341692872345448,0.329890315731366,0,0.260593552142382,0.341538207495914,0.381714233185774,0.264249980449677,0.23193477274015,0.242144430677096,0.267250366300844,0,0.248832136392593,0,0.272804020924211,0.372280308295941,0,0.280701526646851,0.271203547716141,0,0,0,0.217748825748762,0,0.287508019572729,0,0,0,0,0,0,0.301230957163008,0,0.203588576647339,0,0.222874856869618,0,0.170682210761767,0,0.218979667340006,0,0.287365111211936,0,0.373829230666161,0.33996508376939,0.321046016433022,0.277426049113274,0.264659001495186,0.327872490882874,0.317724384642443,0.401636815734487,0.275399565696716,0.295131029795042,0.23796620965004,0.245914975447314
0,0.188744575412262,0.271319359540939,0.198694826081648,0.251411020755768,0.250723932992737,0,0,0,0.252312727272511,0,0,0,0,0,0,0.298149595657984,0.307779934257269,0.304260999974558,0,0,0.248907742534425,0,0.241737946257239,0,0.2535699903965,0,0,0,0,0,0,0,0,0,0.193934515118599,0.292572617530823,0.255086228498779,0,0.222676537711523,0,0.314366741317702,0.276633938153585,0.296769825120767,0,0.270236917647971,0.271879124290803,0.327437848380541,0.280701526646851,0,0,0.2523869610194,0,0,0,0.183677986500755,0.293990731239319,0.329876582603004,0,0.397942262887955,0,0.362046503378608,0.317207174501427,0,0.184598404830112,0,0.247863559844589,0,0.302913518894964,0,0.36806518478053,0,0.310027450577826,0,0,0,0,0,0.274127509587044,0.26063980989986,0.249858723871909,0,0.29490884184425,0,0.309379249607882,0.33686879225846,0
0,0,0.197285995259107,0,0.216428833049761,0,0,0,0.187101727182215,0,0,0,0,0,0,0,0,0,0.268581807613373,0,0,0,0,0,0,0,0,0,0,0,0,0,0,0,0,0,0,0,0,0,0.232056312263012,0,0.236306428909302,0,0,0,0.226736232638359,0,0.271203547716141,0,0,0,0.212730027494892,0,0.178456388301445,0,0.219245225191116,0,0.207061402651728,0,0.216481272190336,0,0,0,0,0,0,0,0,0,0,0,0,0.240435019135475,0,0,0,0,0,0.296304315328598,0,0,0.224454668647142,0.231839448213577,0.229199582943693,0,0
0,0,0,0.215229599340725,0,0.171844476286103,0,0,0,0.162339936569333,0,0,0,0.232904382050037,0,0.168537920340896,0,0,0.25573343783617,0.218382629255454,0,0,0,0,0,0,0,0,0,0,0,0,0,0,0,0.245683789253235,0,0,0,0.25165350478271,0,0.253855979313021,0.222527176141739,0,0,0.223349871635437,0,0.245798677206039,0,0.2523869610194,0,0,0,0,0,0.166267871856689,0,0.218658652840828,0,0.281213580765189,0,0.196401111293205,0.302372321486473,0,0,0,0,0,0,0,0.268258482217789,0,0.263312309980392,0,0,0,0,0,0.287978709508211,0,0.330136150121689,0,0.176771889941222,0,0.283283078022954,0.231435209512711,0
0,0,0,0,0.189244554801421,0,0.204351031780243,0,0,0,0.201833464205265,0,0,0,0,0,0,0,0,0,0,0,0,0,0,0,0,0,0,0,0,0,0,0,0,0,0,0,0,0,0,0,0,0,0,0,0,0,0,0,0.212730027494892,0,0,0,0,0,0.219700035452843,0,0,0,0,0,0,0,0,0,0,0,0,0,0,0,0,0,0,0,0,0,0,0,0,0,0.188302381050128,0,0,0,0
0,0,0,0,0,0,0,0.151993534651147,0,0,0,0,0,0.194369781762362,0,0,0,0,0,0,0,0,0,0,0,0,0,0,0,0,0,0,0,0,0,0,0,0,0,0,0,0,0,0,0,0,0,0,0,0,0,0,0,0,0,0,0,0.154834320147832,0,0.188136724962129,0,0,0,0,0,0,0,0,0,0,0,0,0,0,0,0,0,0,0,0,0,0,0.175631325767965,0,0,0,0
0.201407964352654,0,0.162985877548852,0,0.180146510613726,0,0,0,0.256068889724429,0,0.254591256380081,0,0,0,0.182083078026772,0,0,0,0,0,0,0,0,0,0.18872053861618,0,0.132018029689789,0,0,0,0,0,0,0,0,0,0,0,0.352871845165888,0,0,0,0.311593100428581,0,0,0,0.205107904970646,0,0.217748825748762,0,0.178456388301445,0,0,0,0,0,0,0,0.236194401979446,0,0.188430246629127,0,0,0,0,0,0,0.254572924819722,0,0.154809852441152,0,0,0,0,0,0,0,0,0,0,0,0.323150261510889,0.201192058356745,0,0.232511202804744,0,0
0,0.169075341970397,0,0.156513191567451,0,0,0,0,0,0.264995081307151,0,0,0,0,0,0.154440817864318,0,0,0.161237373948097,0,0,0,0,0.319662913095171,0,0.145892720549337,0,0,0,0,0,0,0,0,0,0,0,0.310870829519335,0,0.233662257591883,0,0.302389792552808,0,0,0,0.179840450485547,0,0.222887694835663,0,0.183677986500755,0,0.166267871856689,0,0,0,0,0,0,0,0,0,0.212994740672514,0,0,0,0,0.274421707060883,0,0.122201167047024,0,0,0,0.256156295537949,0,0,0,0,0,0.195553213357925,0,0.329982028006021,0,0.203894862581206,0,0.214455749948048,0.31377249956131,0
0,0,0.259359006134291,0,0.244289490911696,0,0.20548595212124,0,0.2481719404459,0,0.199484036076146,0,0.147497097651164,0,0,0,0.312540429830551,0,0.29601222708037,0,0.212804823762771,0,0,0,0,0,0,0,0,0,0.293888341284023,0,0,0,0,0,0.27411428432573,0,0.272972130635753,0,0.290646219606041,0.273672133684158,0.314040514883722,0,0,0,0.270442606387489,0,0.287508019572729,0.293990731239319,0.219245225191116,0,0.219700035452843,0,0,0,0,0,0.216311978257221,0,0,0,0,0.322138878476664,0,0,0,0,0,0,0,0.214898822981803,0,0.299997950666341,0,0,0,0,0,0.273608598611496,0,0.319385685436018,0.179811992843426,0.144483204931021,0.314783681832897,0,0.32673857946481
0,0,0,0.257323319974699,0,0.205952265299857,0,0.147559766173363,0,0.268554076552391,0,0.181651159801997,0,0.159771600384501,0,0,0,0,0.293595799377986,0.148694559055216,0,0,0,0,0,0,0,0,0,0.194226530013662,0,0,0,0,0,0.124262128113292,0,0.156173473931033,0,0.266999875426923,0,0.283613118958675,0.293810844421387,0.295918405056,0,0.254328713648849,0.265576630830765,0.26107457280159,0,0.329876582603004,0,0.218658652840828,0,0.154834320147832,0,0,0,0,0,0.316667442107704,0,0.394503043095271,0.280283270045271,0,0,0,0,0,0.359544738531113,0,0.331038786244726,0,0.272300226224501,0,0,0,0,0,0.273081760080356,0,0.238758534921193,0,0.198427769089384,0,0.304590190398878,0.270227435976267,0
0,0,0.185327864686648,0,0.178464111406356,0,0.174202397465706,0,0,0,0.150992728658577,0,0.177000255938566,0,0.219144056622799,0,0,0,0,0,0,0,0,0,0,0,0,0,0.198142543435097,0,0,0,0,0,0,0,0,0,0,0,0,0,0,0,0,0,0,0,0,0,0.207061402651728,0,0,0,0.236194401979446,0,0.216311978257221,0,0,0,0.206813479392705,0,0,0,0,0,0,0,0,0,0,0.211623474955559,0,0,0,0,0,0,0,0,0,0,0.163047870397568,0.1616395637393,0.176447485658255,0,0
0,0,0,0.212537205219269,0,0.136226577036407,0,0.197162564416401,0,0.255516141653061,0,0.148665162205434,0,0.207033202450239,0,0.236724359596648,0,0,0,0,0,0,0,0,0,0,0,0.159734612878631,0,0,0,0,0,0,0,0,0,0,0,0.248461171984673,0,0.278953365981579,0,0,0,0,0,0,0,0.397942262887955,0,0.281213580765189,0,0.188136724962129,0,0,0,0.316667442107704,0,0,0,0.274446774793574,0.310440897941589,0,0,0,0,0,0,0,0.202490288477678,0,0,0,0,0,0,0,0,0,0,0,0.166233024844331,0.196351405233145,0.370343451499939,0,0
0.194131210446358,0,0.171548873186111,0,0.20872624963522,0,0,0,0.198187384776997,0,0,0,0.208050534129143,0,0.202456636691256,0,0.168253936064549,0.182161808013916,0,0,0,0,0,0,0,0,0.189554311335087,0,0,0,0,0,0,0,0,0,0,0,0,0,0,0,0,0,0,0,0,0,0,0,0.216481272190336,0,0,0,0.188430246629127,0,0,0,0.206813479392705,0,0,0,0,0,0,0,0,0,0,0,0,0.221798177808523,0,0,0,0,0,0,0,0,0,0,0.251712278525035,0,0,0,0
0,0.200891241902792,0,0.181668162345886,0,0.199582216067192,0,0,0,0.173758548460429,0,0,0,0.164997279644012,0,0.19634324372825,0,0.236031509935856,0,0,0,0,0,0.245118916034698,0,0.221902605560091,0,0,0,0,0,0,0,0,0,0,0,0,0,0,0,0.301739230751991,0,0,0,0,0,0,0,0.362046503378608,0,0.196401111293205,0,0,0,0.212994740672514,0,0.394503043095271,0,0.274446774793574,0,0,0.326479583978653,0,0,0,0.157277509570122,0,0.199942789971828,0,0,0,0,0,0,0,0,0,0,0,0,0,0.241994880139828,0,0.390153540564435,0,0
0,0,0,0.291784137487411,0,0.232715071346223,0,0,0,0,0,0.151747675945184,0,0,0,0,0.316330116987228,0.32539610612777,0.329541056308635,0.18885818183836,0,0,0,0,0,0,0,0,0,0.221973064045111,0,0,0,0,0,0.154122923865266,0,0.23427688056764,0,0.275110773446429,0,0.310646030528913,0.320338177680969,0.333323955535889,0,0.236694487117564,0.345265507698059,0.228939726948738,0,0.317207174501427,0,0.302372321486473,0,0,0,0,0,0.280283270045271,0,0.310440897941589,0,0.326479583978653,0,0,0,0,0,0,0.343842625617981,0,0.334678635520128,0,0.306444870366789,0,0,0,0,0,0.263860603445969,0.379995420575142,0.296148845973348,0.326378107070923,0.303792225370496,0.334361768194607,0.309838210755653,0.308839061483741,0
0.365943397466953,0,0.223921188941369,0,0.335866978258959,0,0,0,0.205549240112305,0,0.21868029789013,0,0,0,0,0,0.311864809954868,0.333521577715874,0.326760363355025,0,0.238088641779721,0,0,0,0,0,0,0,0,0,0.292222935528982,0,0,0,0,0,0.226286864249219,0,0.244881133777718,0.332872286438942,0.256518117075039,0.302320927381516,0.307300747240462,0,0.303119811746809,0.317308157682419,0.250695996730326,0.281792782247066,0.301230957163008,0,0,0,0,0,0,0,0.322138878476664,0,0,0,0,0,0,0,0,0,0,0,0,0,0,0,0,0.320334901428455,0,0,0,0,0.331741243600845,0.279842116244893,0.332379788160324,0.364212464480127,0.263010933531902,0.245062823096911,0.338092754443275,0,0.315055726878885
0,0,0,0,0,0,0,0,0,0,0,0,0,0,0,0,0,0.127584681147709,0,0,0,0.210758960338971,0,0.2545771101584,0,0.194794309376174,0,0,0,0,0,0,0,0,0,0,0,0.281588714493155,0,0,0,0,0,0,0,0,0,0,0,0.184598404830112,0,0,0,0,0,0,0,0,0,0,0,0,0,0,0,0,0.246906977263279,0,0.187472196897635,0,0.232563785240054,0,0,0,0,0,0,0,0,0,0.265865142765212,0,0.208763291772742,0.0763452053070068,0,0,0
0,0,0,0,0,0,0,0,0,0,0,0,0,0,0,0,0,0,0,0,0,0,0.159147543188677,0,0.191566322478607,0,0,0,0.117347685827149,0,0,0,0,0,0,0,0,0,0.124889447554654,0,0,0,0,0,0,0,0,0,0.203588576647339,0,0,0,0,0,0,0,0,0,0,0,0,0,0,0,0,0,0,0.239529998363317,0,0.204713206801374,0,0.114934637078217,0,0,0,0,0,0,0,0,0,0.182270012795925,0.124813836067915,0.0988294035196304,0,0,0
0,0.181383371885334,0,0,0,0,0,0,0,0.290473267759966,0,0,0,0,0,0.172434106469154,0,0,0,0,0,0.243661998709043,0,0.245663702755809,0,0.242177816232045,0,0,0,0,0,0,0,0,0,0,0,0.25306632025981,0,0,0,0,0,0,0,0,0,0,0,0.247863559844589,0,0,0,0,0,0.274421707060883,0,0,0,0,0,0.157277509570122,0,0,0.246906977263279,0,0,0,0.309160127999541,0,0.266468475971903,0,0,0,0,0,0,0,0,0,0.291624681952174,0,0.203631418844064,0,0.196921682100644,0,0
0.186151050031185,0,0,0,0,0,0,0,0.261327220126987,0,0,0,0,0,0,0,0,0,0,0,0,0,0.245694396190055,0,0.232432728796506,0,0,0,0,0,0,0,0,0,0,0,0,0.369624599814415,0.299032089212838,0,0,0,0.38188274949789,0,0,0,0,0.48477401137352,0.222874856869618,0,0,0,0,0,0.254572924819722,0,0,0,0,0,0,0,0,0,0,0.239529998363317,0,0,0,0.201928243342507,0,0.149234924465418,0,0,0,0,0,0,0,0,0,0.254664484454297,0.397635016202006,0,0.334167886251237,0,0
0,0,0,0,0,0,0,0,0,0.143155906349421,0,0,0,0,0,0,0.175482183694839,0.16242552002271,0.218194581568241,0,0,0.183675718669956,0,0.21962153303144,0,0.215695737719031,0,0.207891240715981,0,0,0,0,0,0,0,0,0,0,0,0,0,0,0,0,0,0,0,0,0,0.302913518894964,0,0,0,0,0,0.122201167047024,0,0.359544738531113,0,0,0,0.199942789971828,0.343842625617981,0,0.187472196897635,0,0.309160127999541,0,0,0,0.239590769043477,0,0,0,0,0,0,0,0,0,0,0,0.15483234462085,0,0.38033127784729,0,0
0,0,0,0,0,0,0,0,0.126255992093477,0,0,0,0,0,0.238000926375389,0,0,0,0,0,0,0,0.167799405303426,0,0.193266285304538,0,0.131139554709057,0,0,0,0,0,0,0,0,0,0,0,0,0,0,0,0,0,0,0,0,0,0.170682210761767,0,0,0,0,0,0.154809852441152,0,0,0,0,0,0,0,0,0,0,0.204713206801374,0,0.201928243342507,0,0,0,0.198962865873825,0,0,0,0,0,0,0,0,0,0,0.132307535280352,0,0,0,0
0,0,0,0.297447244326274,0,0.264832496643066,0,0,0,0,0,0,0,0,0,0,0,0.305708914995193,0,0,0,0.26014079866202,0,0.253336519002914,0,0.205494839698076,0,0.155844683039101,0,0.14589404278285,0,0,0,0,0,0,0,0,0,0.278116947039962,0,0.326213939831807,0,0,0,0.282960292034679,0,0,0,0.36806518478053,0,0.268258482217789,0,0,0,0,0,0.331038786244726,0,0.202490288477678,0,0,0.334678635520128,0,0.232563785240054,0,0.266468475971903,0,0.239590769043477,0,0,0,0.270541888760759,0,0,0,0,0,0.265130488009288,0,0.28016413949154,0.320477038621902,0.236286467313766,0,0.373472697192565,0.243336662650108,0
0,0,0,0,0,0,0,0,0,0,0,0,0,0,0,0,0,0,0,0,0,0,0.186053852240245,0,0,0,0,0,0.229838810555105,0,0,0,0,0,0,0,0,0,0.204759426414967,0,0,0,0,0,0,0,0,0,0.218979667340006,0,0,0,0,0,0,0,0.214898822981803,0,0.211623474955559,0,0.221798177808523,0,0,0,0,0.114934637078217,0,0.149234924465418,0,0.198962865873825,0,0,0,0.268041731222816,0,0,0,0,0,0,0,0.239187702932439,0.132030576467514,0,0.362596342960993,0,0
0,0,0,0.295296617916652,0,0.257549643516541,0,0,0,0.269811078906059,0,0.17907559543848,0,0,0,0,0.31097549200058,0.342603892087936,0.316229684012277,0.177383993353162,0,0,0,0,0,0,0,0.136195642873645,0,0.181053920921601,0,0,0,0,0,0,0,0.185898424184174,0,0.274914472126493,0,0.329183831594992,0.27429524064064,0.360216110944748,0,0.263536599761731,0,0,0,0.310027450577826,0,0.263312309980392,0,0,0,0.256156295537949,0,0.272300226224501,0,0,0,0,0.306444870366789,0,0,0,0,0,0,0,0.270541888760759,0,0,0,0,0,0,0,0.265859754270866,0,0.233114262805289,0,0.184256360548384,0,0.328160182683618,0.352711786826452,0
0,0,0.276951490703857,0,0.256739778952165,0,0,0,0.287235960364342,0,0.277375613649686,0,0,0,0,0,0.3112677693367,0,0.299497129188644,0,0.294942585156136,0,0,0,0,0,0,0,0,0,0.189470690183752,0,0,0,0,0,0.281041868031025,0,0.167909053837793,0,0.280251765623689,0,0.325842965055596,0,0,0,0.272721257799112,0,0.287365111211936,0,0.240435019135475,0,0,0,0,0,0.299997950666341,0,0,0,0,0,0,0.320334901428455,0,0,0,0,0,0,0,0.268041731222816,0,0,0,0,0,0,0,0.272514750683072,0,0.287367552384427,0.188661005009304,0.129149973765016,0.334111591250124,0,0.337352370514589
0,0,0,0,0,0,0,0,0,0,0,0,0,0,0,0,0,0,0,0,0,0,0,0,0,0,0,0,0,0,0,0.30025097169214,0.112884106735388,0.3073978665926,0,0.173893043082025,0,0,0,0,0,0,0,0,0,0,0,0.322981498396124,0,0,0,0,0,0,0,0,0,0,0,0,0,0,0,0,0,0,0,0,0,0,0,0,0,0,0,0.130574143745682,0.325238372108162,0,0.283105799928308,0,0,0,0.17313533208587,0,0,0,0
0,0,0,0,0,0,0,0,0,0,0,0,0,0,0,0,0,0,0,0,0,0,0,0,0,0,0,0,0,0,0,0.207189577241098,0.265122369344564,0,0.341592372205742,0,0.221388792140143,0,0,0,0,0,0,0,0,0,0,0.345261216466725,0.373829230666161,0,0,0,0,0,0,0,0,0,0,0,0,0,0,0,0,0,0,0,0,0,0,0,0,0,0.130574143745682,0,0.290911059081554,0.311098129301418,0,0.302601418088353,0,0.361378014087677,0.289402878342211,0,0,0,0
