0,0,0.140962145394749,0,0,0,0,0,0.176589994060829,0,0,0,0,0,0,0,0.247032925486565,0.268210262060165,0.258803511038423,0,0.294481371839841,0,0,0,0,0,0.16619049757719,0,0,0,0,0,0,0,0,0,0,0.316474556922913,0,0,0,0,0.231723181226037,0,0,0,0.277214139699936,0.250851571559906,0.211715912928917,0,0,0,0,0,0.226385189396031,0,0.322121694684029,0,0,0,0.193053685128689,0,0,0.266935446432659,0,0,0,0,0,0.163970670104027,0,0,0,0.346042454242706,0,0,0,0,0,0.346117908755938,0,0.37214070558548,0.205352218338737,0,0.213213758102355,0,0
0,0,0.262597650289536,0.126987562069426,0,0.118163697421551,0,0,0,0.141528676955828,0,0,0,0,0,0.174506430228551,0,0,0.185587840252801,0.112734280526638,0,0,0,0.182318240404129,0,0.182842596010728,0,0,0,0,0,0,0,0,0,0,0,0.243103608489037,0,0.244195640087128,0,0.332440890895084,0,0,0,0,0,0.30045046550887,0.323216578364372,0.155540223502451,0,0,0,0,0,0.162254865186921,0,0.315583891102246,0,0,0,0.189550701326326,0,0,0,0,0,0.318576782941818,0,0,0,0,0.321555419100655,0,0,0,0,0,0.28540919025739,0,0.353892803192139,0,0.199029955726403,0,0.20705875893064,0,0
0.140962145394749,0.262597650289536,0,0,0.132115706801414,0,0,0,0.0965014273921649,0.285271257162094,0,0,0,0,0,0,0.238230440765619,0,0.232819486232031,0,0.151705540875171,0,0,0.30395033955574,0,0,0,0,0,0,0,0,0,0,0,0,0,0.298795884847641,0.267220884561539,0.249838508665562,0.247721126205043,0.181684479117393,0.249542326802183,0,0,0,0.220955420285463,0.239793747663498,0.265247191753856,0.302981776850564,0.187661676022869,0,0,0,0.222243800759315,0,0.24101967045239,0,0.200225345790386,0,0,0,0,0.223930495835486,0,0,0,0,0,0,0,0,0,0.285466268192977,0,0,0,0,0.344256192445755,0.296887233143761,0.31527516245842,0.298940427601337,0.206802493277586,0,0.235846574450361,0,0
0,0.126987562069426,0,0,0,0.111889004707336,0,0,0,0.153611621922917,0,0.283008178075155,0,0,0,0,0.230965316295624,0.239351198077202,0.251631373167038,0.142207744965951,0,0,0,0,0,0,0,0,0,0,0,0,0,0.344244837760925,0,0,0,0.248267110437155,0,0.216259079503602,0,0.249628067991444,0,0,0,0.191981114912778,0,0.288400143384933,0.29827906191349,0.202324712501584,0,0.210041649639606,0,0,0,0.179722020205329,0,0.243538633636806,0,0.24834364360454,0,0.201946555233713,0.188567312603647,0,0,0,0,0,0,0,0.269636418670416,0,0.293873187781561,0,0,0,0.286333501338959,0,0.246322112199955,0,0.30473705424982,0.333841443061829,0.230935367108402,0.262376733124256,0.232168669039061,0.210822841950825,0
0,0,0.132115706801414,0,0,0,0.174740099244648,0,0,0,0,0,0,0,0,0,0,0,0,0,0.126479119536552,0,0,0,0,0,0,0,0,0,0,0,0,0,0,0,0,0,0,0,0.220439140995344,0,0.224744740873575,0,0,0,0,0.254283040761948,0.239360404866082,0.318700075149536,0.174385800129837,0,0.182517500594258,0,0,0,0.221443983912468,0,0,0,0,0,0,0.121485447182375,0,0,0,0,0,0,0,0,0,0,0,0,0,0,0,0,0,0.266489177942276,0.169274049331841,0.186964490016301,0.134414509671378,0,0
0,0.118163697421551,0,0.111889004707336,0,0,0,0,0,0.146474588662386,0,0,0,0,0,0,0.225701779127121,0,0,0.148248360204844,0,0,0,0,0,0,0,0,0,0,0,0,0,0,0,0.165224644754614,0,0,0,0,0,0,0,0,0,0.13479819893837,0,0,0,0.230351150035858,0,0.160554603022292,0,0,0,0.144762262236327,0,0,0,0.166497541246591,0,0,0.170435905456543,0,0,0,0,0,0,0,0,0,0,0,0,0,0,0,0.187754243612289,0,0,0,0.157446091175079,0,0.154965607351378,0,0
0,0,0,0,0.174740099244648,0,0,0,0,0,0,0,0,0,0,0,0,0,0,0,0.143590852860513,0,0,0,0,0,0,0,0,0,0,0,0,0,0,0,0,0,0,0,0,0,0,0,0,0,0,0,0,0,0,0,0.160517305135727,0,0,0,0,0,0,0,0,0,0,0.133344995549747,0,0,0,0,0,0,0,0,0,0,0,0,0,0,0,0,0,0,0.165008446999959,0.175227828580758,0.17228615759535,0,0
0,0,0,0,0,0,0,0,0,0,0,0.195552214980125,0,0,0,0,0,0,0,0.11558691669127,0,0,0,0,0,0,0,0,0,0,0,0,0,0,0,0,0,0,0,0,0,0,0,0,0,0,0,0,0,0,0,0.174041112263997,0,0.172016563323828,0,0,0,0.135622665906946,0,0.180317579724249,0,0,0.117686573415995,0,0,0,0,0,0,0,0,0,0,0,0,0,0,0,0,0,0,0,0.153447608153025,0,0,0,0
0.176589994060829,0,0.0965014273921649,0,0,0,0,0,0,0,0,0,0,0,0.154643317684531,0,0.152835242259197,0,0,0,0.21358697116375,0,0.199191056191921,0,0.162775304111151,0,0.157569726566216,0,0,0,0,0,0,0,0,0,0,0,0.21857147265903,0,0.244831874966621,0,0.18907601178627,0,0,0,0,0.188548043370247,0.168608961360795,0,0,0,0,0,0.211064685916527,0,0,0,0,0,0.149220425071138,0,0,0.197553306818008,0,0.195103455867086,0,0.175046875385138,0,0.155240643769503,0,0,0,0,0,0,0,0,0,0.264484435319901,0,0.187290591853006,0.175466338263733,0,0.227324662644608,0.275054454803467,0.197851020097733
0,0.141528676955828,0.285271257162094,0.153611621922917,0,0.146474588662386,0,0,0,0,0,0,0,0,0,0.168224861224492,0,0.173230942338705,0,0.137783735990524,0,0,0,0,0,0,0,0,0,0,0,0,0,0,0,0,0,0.166849723527745,0.285356163978577,0.226157473400235,0,0.178338267908591,0,0,0,0,0,0.216094008088112,0.254905246198177,0.179063928420426,0,0,0,0,0,0.213133375453097,0,0.249789888660113,0,0.248595684766769,0,0,0,0,0,0,0,0.284623682498932,0,0,0.251341462135315,0,0.254215215643247,0,0,0,0,0,0.251321916778882,0,0.168726129027513,0,0.165200552222894,0.157460737775719,0.195087338936613,0,0
0,0,0,0,0,0,0,0,0,0,0,0,0.150288862419193,0,0,0,0.450584918260574,0,0.337418768554926,0,0.172084849911282,0,0,0,0,0,0,0,0.169611215591431,0,0.167635841125792,0,0,0,0,0,0.149974541872312,0,0.126094599866653,0,0.297592356801033,0,0.322798788547516,0,0,0,0.311820050701499,0,0.300422012805939,0,0,0,0,0,0,0,0.201957834407428,0,0,0,0,0,0,0.25284777315867,0,0,0,0,0,0,0,0,0,0.279993506702217,0,0,0,0,0,0.15518091541234,0,0.172925504742236,0.147889493734806,0.151821501553059,0.302902054786682,0,0
0,0,0,0.283008178075155,0,0,0,0.195552214980125,0,0,0,0,0,0.172971512702917,0,0,0,0,0.407782382198742,0.155768204983433,0,0,0,0,0,0,0,0,0,0.14982967688702,0,0,0,0,0,0.176484856087627,0,0.168877113049976,0,0.258445118864377,0,0.352423931161563,0,0,0,0.269862332381308,0,0,0,0.314174264669418,0,0,0,0,0,0.305784285068512,0,0.178126286884287,0,0.156050710091359,0,0,0.176317021692914,0,0,0,0,0,0,0,0,0,0.165899190953169,0,0,0,0,0,0.1650651124167,0,0.1647804806199,0,0.162890775577577,0,0.31935783794948,0,0
0,0,0,0,0,0,0,0,0,0,0.150288862419193,0,0,0,0.151716603240623,0,0,0,0,0,0,0,0,0,0,0,0,0,0.174697145819664,0,0,0,0,0,0,0,0,0,0,0,0,0,0,0,0,0,0,0,0,0,0,0,0,0,0,0,0.16286672150991,0,0.162094863621812,0,0.177250251173973,0,0,0,0,0,0,0,0,0,0,0,0,0.176681975523631,0,0,0,0,0,0,0,0,0.155504405378817,0.15692006200552,0,0,0
0,0,0,0,0,0,0,0,0,0,0,0.172971512702917,0,0,0,0.151051919806648,0,0,0,0,0,0,0,0,0,0.147961470484734,0,0.170546458661556,0,0,0,0,0,0,0,0,0,0,0,0,0,0,0,0,0,0,0,0,0,0,0,0,0,0,0,0,0,0.167565332539695,0,0.162927292513276,0,0.147440086110778,0,0,0,0,0,0,0,0,0,0,0.170209784592901,0,0,0,0,0,0,0,0,0,0.163354470727988,0.162840201705694,0,0,0
0,0,0,0,0,0,0,0,0.154643317684531,0,0,0,0.151716603240623,0,0,0,0,0,0,0,0,0,0,0,0,0,0.137236550807545,0,0.14044216205366,0,0,0,0,0,0,0,0,0,0,0,0,0,0,0,0,0,0,0,0,0,0,0,0,0,0.154982159155926,0,0,0,0.141716411717906,0,0.134349510073662,0,0,0,0,0,0,0,0,0.124757960438728,0,0,0,0,0,0,0,0,0,0,0,0,0.129476659987346,0.218608770519495,0,0,0
0,0.174506430228551,0,0,0,0,0,0,0,0.168224861224492,0,0,0,0.151051919806648,0,0,0,0.137915315106511,0,0,0,0,0,0,0,0.144288769198789,0,0.16071536220037,0,0,0,0,0,0,0,0,0,0,0,0,0,0,0,0,0,0,0,0,0,0.197152927517891,0,0,0,0,0,0.166627511742131,0,0,0,0,0,0.165763057688231,0,0,0,0,0.178907571803956,0,0.16006681157483,0,0,0,0,0,0,0,0,0,0,0,0,0,0.176707843939463,0,0.18411745429039,0,0
0.247032925486565,0,0.238230440765619,0.230965316295624,0,0.225701779127121,0,0,0.152835242259197,0,0.450584918260574,0,0,0,0,0,0,0.152349166103165,0.230351337290075,0,0.306666707992554,0.120768604800105,0.106847569011391,0.13140962459147,0.109382850162476,0,0.0974553322562805,0,0,0,0,0,0,0,0,0,0.297793927292029,0,0.345306158065796,0.257162253907386,0.267450984410628,0.215109178144485,0.224164186570109,0,0,0.256341196988758,0.263239479064941,0,0.24053912460804,0.239735129475594,0,0,0,0,0,0,0.297683610802605,0.269027744730314,0,0,0,0,0.26344518084079,0.259909785075768,0,0,0,0,0,0,0.293396353721619,0,0.281061795094739,0.318032532930374,0,0,0,0,0.298126036515001,0.296236522213007,0.295530811290849,0.340651214122772,0.146646183322094,0,0.269465209619684,0.21840329716603,0.238883803288142
0.268210262060165,0,0,0.239351198077202,0,0,0,0,0,0.173230942338705,0,0,0,0,0,0.137915315106511,0.152349166103165,0,0.277529072737104,0,0.274551101028919,0.117692363547518,0.100646909836629,0.162557769744169,0.118538572507746,0.153075601811669,0,0,0,0,0,0,0,0,0,0.271920964121819,0.304147213697433,0.417260825634003,0,0.26152953100272,0.266105536295443,0.222150648190286,0.21131882839478,0,0,0.258945089052705,0.250425468048742,0,0.234067659825087,0.242329728196968,0,0,0,0,0,0.229402810335159,0.233966732025146,0.322361612549195,0,0,0,0.142638060909051,0.260759598987047,0.256692911187808,0,0,0,0,0.164339966498888,0,0.327006757259369,0,0.30379717500813,0.279746375977993,0,0,0,0,0.298172269485787,0.284459760208284,0.305006377295487,0.304886177182198,0.138574532015768,0.324136006335417,0.274316315834751,0.235711745917797,0
0.258803511038423,0.185587840252801,0.232819486232031,0.251631373167038,0,0,0,0,0,0,0.337418768554926,0.407782382198742,0,0,0,0,0.230351337290075,0.277529072737104,0,0.419394284486771,0.342618365639022,0,0.166852153837681,0,0.223311614990234,0,0,0,0,0,0,0,0,0,0,0.28968395665288,0.35466757391469,0.362643557786942,0.395478308200836,0.278055908813258,0.284021377682082,0.219115308959631,0.204395916847863,0,0.157008543610573,0.281709376195963,0.297229407999282,0.25157904997468,0.225718158483505,0.271099282428622,0,0,0,0,0,0.245174251496792,0.358534591893355,0.371342550451849,0,0,0,0,0.278695512160256,0.277298376729111,0,0,0,0,0,0,0.33836021487202,0,0.373142559666586,0.367555427536802,0,0,0,0,0.369920421210215,0.340231564700292,0.372371738371642,0.388022641782746,0.209770747275889,0,0.327122637519264,0.244692492796931,0.202666152268648
0,0.112734280526638,0,0.142207744965951,0,0.148248360204844,0,0.11558691669127,0,0.137783735990524,0,0.155768204983433,0,0,0,0,0,0,0.419394284486771,0,0,0,0,0,0,0,0,0,0,0,0,0,0,0,0,0.150758254379661,0,0.160780590666986,0,0.236152370388691,0,0.229709316790104,0,0,0,0.233453683555126,0,0.270152407884598,0.25281634926796,0.23311148583889,0,0.200658907492956,0,0,0,0,0,0.205984007658028,0,0.253751784563065,0,0.270978033542633,0.193557761389673,0,0,0,0,0,0,0,0,0,0.317455660213124,0,0,0,0,0,0.170420205089063,0,0.149781323401936,0,0.170645724860282,0.19201023876667,0.213131950630082,0.191125884652138,0
0.294481371839841,0,0.151705540875171,0,0.126479119536552,0,0.143590852860513,0,0.21358697116375,0,0.172084849911282,0,0,0,0,0,0.306666707992554,0.274551101028919,0.342618365639022,0,0,0,0,0,0,0,0,0,0,0,0.404000043869019,0,0,0,0,0,0.169901030889368,0,0.210433706020315,0.25795242190361,0.23445773796708,0.246190935373306,0.28676347345999,0,0,0,0.229686048428218,0.29872739315033,0.276449719512904,0,0.196894809603691,0,0.18441404402256,0,0,0,0.272627703178285,0,0,0,0,0,0,0.224661775677536,0,0,0,0,0,0,0,0,0.289841547608376,0.419403728307822,0,0,0,0,0.299602866172791,0.178815719974535,0,0.233040102941547,0.217946632454793,0,0.214957101691154,0.239141747355461,0.362159997224808
0,0,0,0,0,0,0,0,0,0,0,0,0,0,0,0,0.120768604800105,0.117692363547518,0,0,0,0,0.107850193513507,0.222346488949206,0,0.136441335082054,0,0.137707584234605,0,0,0,0,0,0,0,0,0,0.150118511682485,0.108328815922141,0,0,0,0,0,0,0,0,0,0,0.186517069737116,0,0,0,0,0,0,0,0,0,0,0,0,0,0,0.15777886649265,0.108684202035268,0.190376182262962,0,0,0,0.14798541477433,0,0,0,0,0,0,0,0,0,0.206797983140346,0,0.140517177384988,0.154643024717058,0,0,0
0,0,0,0,0,0,0,0,0.199191056191921,0,0,0,0,0,0,0,0.106847569011391,0.100646909836629,0.166852153837681,0,0,0.107850193513507,0,0.117231912910938,0.174921220227603,0,0,0,0.164819473400712,0,0,0,0,0,0,0,0,0.124371443409473,0.197185225207386,0.285519868135452,0,0,0,0,0,0,0,0,0.199445777505204,0,0,0,0,0,0,0,0,0,0,0,0,0,0,0,0.0909846585755255,0.171886849541041,0,0.209006330264466,0,0.161155851074943,0,0.146253045807992,0,0,0,0,0,0,0.280900746583939,0,0,0.301828772410856,0.131679546841975,0.144459300894629,0.260710713617942,0,0
0,0.182318240404129,0.30395033955574,0,0,0,0,0,0,0,0,0,0,0,0,0,0.13140962459147,0.162557769744169,0,0,0,0.222346488949206,0.117231912910938,0,0,0.154589834312598,0,0,0,0,0,0,0,0,0,0,0,0.187979319566534,0,0,0,0,0.295349299907684,0,0,0,0,0.371510564587837,0.348897151648998,0.205300471708599,0,0,0,0,0,0.194003134338479,0,0,0,0,0,0,0,0.324141144752502,0.166516939034829,0,0.186359755541301,0,0,0,0,0,0,0,0,0,0,0,0,0,0.174646181745763,0,0.197043611900881,0,0.176487038652581,0,0
0,0,0,0,0,0,0,0,0.162775304111151,0,0,0,0,0,0,0,0.109382850162476,0.118538572507746,0.223311614990234,0,0,0,0.174921220227603,0,0,0,0.125167715921998,0,0,0,0,0,0,0,0,0,0,0,0.287966135218068,0,0,0,0,0,0,0,0,0.371426768600941,0.292805507779121,0,0,0,0,0,0.146148757077754,0,0,0,0,0,0,0,0,0,0,0.163427104713556,0,0.147489358646791,0,0.0953882373869419,0,0,0,0,0,0,0,0,0.280759066343307,0,0,0.276654005684751,0.173164058392886,0,0.307750002614089,0.303258895874023,0
0,0.182842596010728,0,0,0,0,0,0,0,0,0,0,0,0.147961470484734,0,0.144288769198789,0,0.153075601811669,0,0,0,0.136441335082054,0,0.154589834312598,0,0,0,0.15664494144065,0,0,0,0,0,0,0,0,0,0,0,0,0,0,0,0,0,0,0,0,0,0,0,0,0,0,0,0.175384687769056,0,0,0,0,0,0.157190771400928,0,0,0.183595749050889,0,0.17351528426463,0,0.174659813896118,0,0.165234684944153,0,0,0,0,0,0,0,0,0,0,0,0.191680867307716,0,0.176045187645488,0,0
0.16619049757719,0,0,0,0,0,0,0,0.157569726566216,0,0,0,0,0,0.137236550807545,0,0.0974553322562805,0,0,0,0,0,0,0,0.125167715921998,0,0,0,0.13020587597902,0,0,0,0,0,0,0,0,0,0,0,0,0,0,0,0,0,0,0,0,0,0,0,0,0,0.153004737323223,0,0,0,0,0,0.119377110153437,0,0,0,0,0.142293295273088,0,0.142289307382372,0,0.117553036261735,0,0.160834014415741,0,0,0,0,0,0,0,0,0,0,0.142731837370498,0,0,0,0
0,0,0,0,0,0,0,0,0,0,0,0,0,0.170546458661556,0,0.16071536220037,0,0,0,0,0,0.137707584234605,0,0,0,0.15664494144065,0,0,0,0.156140677434833,0,0,0,0,0,0,0,0.16325638734776,0,0,0,0,0,0,0,0,0,0,0,0,0,0,0,0,0,0,0,0.176790486588035,0,0.153950932986882,0,0.173003057638804,0,0,0.15088610505039,0,0,0,0.164965742164188,0,0.166670016396463,0,0.16280736503276,0,0,0,0,0,0,0,0.168436680289241,0,0.168571622831276,0.25006765127182,0,0,0
0,0,0,0,0,0,0,0,0,0,0.169611215591431,0,0.174697145819664,0,0.14044216205366,0,0,0,0,0,0,0,0.164819473400712,0,0,0,0.13020587597902,0,0,0,0.18881090935962,0,0,0,0,0,0,0,0.157072155266115,0,0,0,0,0,0,0,0,0,0,0,0,0,0,0,0,0,0,0,0.159852313307615,0,0,0,0,0,0,0.132037729996702,0,0,0,0.116940014064312,0,0.164611277485101,0,0,0,0,0,0,0,0,0,0.188252297149697,0.150670497666431,0.156708086530368,0,0,0
0,0,0,0,0,0,0,0,0,0,0,0.14982967688702,0,0,0,0,0,0,0,0,0,0,0,0,0,0,0,0.156140677434833,0,0,0,0,0,0,0,0,0,0.169912479764266,0,0,0,0,0,0,0,0,0,0,0,0,0,0,0,0,0,0,0,0.158454946935811,0,0,0,0,0,0,0,0,0,0,0,0,0.16724423567454,0,0.178069160222632,0,0,0,0,0,0,0,0.180752110432406,0,0.170194917015339,0,0,0,0
0,0,0,0,0,0,0,0,0,0,0.167635841125792,0,0,0,0,0,0,0,0,0,0.404000043869019,0,0,0,0,0,0,0,0.18881090935962,0,0,0,0,0,0,0,0,0,0.207756214671665,0,0.353199154138565,0,0.347509056329727,0,0,0,0.235738486051559,0,0,0,0,0,0,0,0,0,0.179845107146181,0,0,0,0,0,0,0,0,0,0,0,0,0,0,0.156351119279861,0,0.166467351621052,0,0,0,0,0,0,0,0.190972982098659,0.154418274760246,0.130331142246723,0.416502952575684,0,0
0,0,0,0,0,0,0,0,0,0,0,0,0,0,0,0,0,0,0,0,0,0,0,0,0,0,0,0,0,0,0,0,0.256761482105329,0.152880079440168,0.120108622809251,0.206988891635678,0.130465626716614,0,0,0,0,0,0,0,0,0,0,0.428193777433716,0,0,0,0,0,0,0,0,0,0,0,0,0,0,0,0,0,0,0,0,0,0,0,0,0,0,0.301346133685332,0.264578272776904,0.357031198689737,0.247538935393095,0.239747045655474,0.434702758491039,0,0,0.136396120537768,0,0,0,0
0,0,0,0,0,0,0,0,0,0,0,0,0,0,0,0,0,0,0,0,0,0,0,0,0,0,0,0,0,0,0,0.256761482105329,0,0.22960662905659,0.131624225527048,0.25240017755164,0.141105330782011,0,0,0,0,0,0,0,0,0,0,0.430818651114584,0,0,0,0,0,0,0,0,0,0,0,0,0,0,0,0,0,0,0,0,0,0,0,0,0,0,0.321861429368536,0.306661060468836,0.423994578917821,0.252695676927664,0.390832687510197,0.156827551035684,0,0,0.124732948839664,0,0,0,0
0,0,0,0.344244837760925,0,0,0,0,0,0,0,0,0,0,0,0,0,0,0,0,0,0,0,0,0,0,0,0,0,0,0,0.152880079440168,0.22960662905659,0,0.177916846023514,0.156022707264183,0.164118109146754,0.161403346366503,0,0,0,0.242991328239441,0,0,0,0.31717985868454,0,0.460731660112871,0.450269564986229,0.368168006340663,0,0,0,0,0,0,0,0,0,0,0,0,0,0,0,0,0,0,0,0,0,0,0,0,0.251209601029829,0.290177871235738,0.288254028337906,0.220573732784719,0.243798922325415,0.294824174268449,0.214672500744534,0,0.194815471661942,0,0.37957321614027,0,0
0,0,0,0,0,0,0,0,0,0,0,0,0,0,0,0,0,0,0,0,0,0,0,0,0,0,0,0,0,0,0,0.120108622809251,0.131624225527048,0.177916846023514,0,0,0.173939135590356,0.366805583238602,0.207264174276323,0,0,0,0,0,0,0,0,0.351617328990003,0.332487218909793,0.35339030623436,0,0,0,0,0,0,0,0,0,0,0,0,0,0,0,0,0,0,0,0,0,0,0,0,0.313604777057966,0.222817166254364,0.258902018658517,0.245865336056334,0.36934400795073,0.241582026507343,0.366350962056054,0.249060239163366,0.177644625769504,0,0,0,0
0,0,0,0,0,0.165224644754614,0,0,0,0,0,0.176484856087627,0,0,0,0,0,0.271920964121819,0.28968395665288,0.150758254379661,0,0,0,0,0,0,0,0,0,0,0,0.206988891635678,0.25240017755164,0.156022707264183,0,0,0.156546993031396,0.166892501988998,0,0.185305983644642,0,0.24685332856395,0,0,0,0.175365664774463,0,0.290841154519498,0.246697810788949,0.252071132617337,0,0.207401807109515,0,0,0,0,0,0.198966287514743,0,0.217450483278795,0,0.221222016960382,0.156204487325127,0,0,0,0,0,0,0,0,0,0,0,0.171982991370824,0.314023633487523,0.204087105322074,0,0.178122910542435,0.189635641225006,0.167289325761573,0,0.154067970548656,0.191714764077793,0.195871354148469,0,0
0,0,0,0,0,0,0,0,0,0,0.149974541872312,0,0,0,0,0,0.297793927292029,0.304147213697433,0.35466757391469,0,0.169901030889368,0,0,0,0,0,0,0,0,0,0,0.130465626716614,0.141105330782011,0.164118109146754,0.173939135590356,0.156546993031396,0,0,0.186207306094165,0,0.231712276882985,0,0.295152424063001,0,0,0,0.250149022787809,0.177493493326686,0.215780728974858,0,0.245879888534546,0,0,0,0,0,0.141937428399136,0,0,0,0,0,0.281248569488525,0.213542281949329,0,0,0,0,0,0,0,0,0,0.364448656638463,0,0.206997001336681,0.178412478417158,0.179164182427137,0.14924272765284,0.189551774788986,0,0.204617132464873,0.151043705135206,0.177261196594671,0.19901526593302,0,0
0.316474556922913,0.243103608489037,0.298795884847641,0.248267110437155,0,0,0,0,0,0.166849723527745,0,0.168877113049976,0,0,0,0,0,0.417260825634003,0.362643557786942,0.160780590666986,0,0.150118511682485,0.124371443409473,0.187979319566534,0,0,0,0.16325638734776,0,0.169912479764266,0,0,0,0.161403346366503,0.366805583238602,0.166892501988998,0,0,0.112374223335748,0.271573811769485,0,0.168958380034095,0.309363526105881,0,0,0.251038710276286,0.284734845161438,0.453148403855003,0.367074180532385,0.245020548771094,0,0,0,0,0,0.165643410540597,0,0.182651235007024,0,0.307143777608871,0,0,0.218742976172103,0.269513815641403,0.164231245774169,0.303658783435822,0.215298747480438,0.374036237597466,0,0,0.168307684361935,0,0.16986225808368,0,0,0,0.205162211259206,0.115947879850864,0.224172603200167,0,0.187650960295464,0.116515265273697,0.151141373748347,0.308114498853683,0.231951538631891,0.161406880573315,0
0,0,0.267220884561539,0,0,0,0,0,0.21857147265903,0.285356163978577,0.126094599866653,0,0,0,0,0,0.345306158065796,0,0.395478308200836,0,0.210433706020315,0.108328815922141,0.197185225207386,0,0.287966135218068,0,0,0,0.157072155266115,0,0.207756214671665,0,0,0,0.207264174276323,0,0.186207306094165,0.112374223335748,0,0,0.26666808873415,0,0.188953466997802,0,0,0,0.301417886562969,0.386287175118923,0.208299839105432,0,0,0,0,0,0.232285709164682,0,0.171842551052245,0,0,0,0,0,0,0.309437165835074,0,0.198521356070846,0,0.252589990695318,0,0,0,0,0,0.153303077816963,0,0,0,0.19982539011804,0,0.231629026486257,0.138924006231223,0.173708885028477,0.152590259070659,0.151764003987279,0.294147668943062,0,0
0,0.244195640087128,0.249838508665562,0.216259079503602,0,0,0,0,0,0.226157473400235,0,0.258445118864377,0,0,0,0,0.257162253907386,0.26152953100272,0.278055908813258,0.236152370388691,0.25795242190361,0,0.285519868135452,0,0,0,0,0,0,0,0,0,0,0,0,0.185305983644642,0,0.271573811769485,0,0,0.24936406686902,0.252879139786084,0.232168060541153,0,0,0.207000287671112,0.257718813088205,0.2614833821853,0.249364742636681,0.216031854086351,0,0.216441877186298,0,0,0,0.224840202927589,0,0.271796976857715,0,0.257360458374023,0,0.231479307015737,0.254120435328752,0.281169474124908,0,0,0,0,0,0,0.279832882540567,0,0.281335047911853,0.26667495071888,0,0,0,0,0.253721478927494,0.289332901889628,0.289416113506358,0.23437362909317,0.252145409148077,0.281943078103818,0.279563399578547,0.295697891177275,0
0,0,0.247721126205043,0,0.220439140995344,0,0,0,0.244831874966621,0,0.297592356801033,0,0,0,0,0,0.267450984410628,0.266105536295443,0.284021377682082,0,0.23445773796708,0,0,0,0,0,0,0,0,0,0.353199154138565,0,0,0,0,0,0.231712276882985,0,0.26666808873415,0.24936406686902,0,0.237363543489884,0.248560242538208,0,0.249706530257275,0.242384031414986,0.261546962839716,0.244129846493403,0.233141474736234,0,0.237922382354736,0,0,0,0,0,0.284436505287886,0.28864324092865,0,0,0,0,0,0.240788146687086,0,0,0,0,0,0,0,0,0.278668016195297,0.311438524188139,0,0,0,0,0.30689421083246,0.24142569648224,0.31683024764061,0.287055496309624,0.267536150810139,0,0.261233667389348,0.23090889553229,0.252961676567793
0,0.332440890895084,0.181684479117393,0.249628067991444,0,0,0,0,0,0.178338267908591,0,0.352423931161563,0,0,0,0,0.215109178144485,0.222150648190286,0.219115308959631,0.229709316790104,0.246190935373306,0,0,0,0,0,0,0,0,0,0,0,0,0.242991328239441,0,0.24685332856395,0,0.168958380034095,0,0.252879139786084,0.237363543489884,0,0.208250471033416,0,0.202247284352779,0.247300362790173,0.228638452291489,0.28718923125416,0.30409364738772,0.318291485487619,0,0.240862647692362,0,0,0,0.183385626345441,0.243423853069544,0.331632706632451,0,0.334204508412269,0,0.285526895097324,0.264058821795998,0.209674548771646,0,0,0,0.289236754179001,0.318620890378952,0,0.309686070041997,0,0.321215737777725,0.246953321827783,0,0,0,0,0.2695248545044,0.252107008049885,0.303697976839477,0.253379413858056,0.221174290900119,0.29454619822831,0.263184541387608,0.246983532131501,0
0.231723181226037,0,0.249542326802183,0,0.224744740873575,0,0,0,0.18907601178627,0,0.322798788547516,0,0,0,0,0,0.224164186570109,0.21131882839478,0.204395916847863,0,0.28676347345999,0,0,0.295349299907684,0,0,0,0,0,0,0.347509056329727,0,0,0,0,0,0.295152424063001,0.309363526105881,0.188953466997802,0.232168060541153,0.248560242538208,0.208250471033416,0,0,0.191852048797123,0.21630057990551,0.24687617639011,0.237200059510511,0.265600784784278,0.275712352991104,0.233886739446057,0,0,0,0.199738743545268,0.212222203612328,0.299597971099005,0.226106762886047,0,0,0,0,0.212986332178116,0.287005461917238,0,0,0,0,0,0,0.233261823654175,0,0.253545508465984,0.309965316602524,0,0,0,0,0.264555418002072,0.280067364624785,0.285992529657152,0.319005303630015,0.218761981473164,0,0.245726724768578,0.220481087179745,0.199846970943772
0,0,0,0,0,0,0,0,0,0,0,0,0,0,0,0,0,0,0,0,0,0,0,0,0,0,0,0,0,0,0,0,0,0,0,0,0,0,0,0,0,0,0,0,0,0,0,0,0,0,0,0,0,0,0,0,0,0,0,0,0,0,0,0,0,0,0,0,0,0,0,0,0,0,0,0,0,0,0,0,0,0,0,0,0,0,0
0,0,0,0,0,0,0,0,0,0,0,0,0,0,0,0,0,0,0.157008543610573,0,0,0,0,0,0,0,0,0,0,0,0,0,0,0,0,0,0,0,0,0,0.249706530257275,0.202247284352779,0.191852048797123,0,0,0,0.233938701450825,0,0.240478297074636,0,0,0,0,0,0,0,0,0,0,0,0,0,0,0.256920043379068,0,0,0,0,0,0,0,0,0,0,0,0,0,0,0,0.282065395265818,0,0,0.233835857916386,0,0.219306664064873,0,0
0,0,0,0.191981114912778,0,0.13479819893837,0,0,0,0,0,0.269862332381308,0,0,0,0,0.256341196988758,0.258945089052705,0.281709376195963,0.233453683555126,0,0,0,0,0,0,0,0,0,0,0,0,0,0.31717985868454,0,0.175365664774463,0,0.251038710276286,0,0.207000287671112,0.242384031414986,0.247300362790173,0.21630057990551,0,0,0,0.223315685987473,0.263271202892065,0.23862792365253,0.236886937488267,0,0.209952786564827,0,0,0,0.198955357074738,0,0.261547311958743,0,0.263968288898468,0,0.21560088172555,0.221646744499353,0.271710097789764,0,0,0,0,0,0,0.265163803100586,0,0.284461659784055,0.261748611927032,0,0,0.247888326644897,0,0.257156021666646,0.261635258793831,0.359068029571938,0.241899758577347,0.234971574268579,0.276647170384725,0.212261739228122,0.253761132558187,0
0.277214139699936,0,0.220955420285463,0,0,0,0,0,0,0,0.311820050701499,0,0,0,0,0,0.263239479064941,0.250425468048742,0.297229407999282,0,0.229686048428218,0,0,0,0,0,0,0,0,0,0.235738486051559,0,0,0,0,0,0.250149022787809,0.284734845161438,0.301417886562969,0.257718813088205,0.261546962839716,0.228638452291489,0.24687617639011,0,0.233938701450825,0.223315685987473,0,0.277894735336304,0.260213548307261,0,0.191600691527128,0,0,0,0,0,0.27043993127617,0,0,0,0,0,0.232984095811844,0.234096390533207,0,0,0,0,0,0,0,0,0.236289724707603,0.304907015369584,0,0,0,0,0.313957157460126,0.237475763862272,0.297862619161606,0.322282779446625,0.261495451692941,0,0.269046259780864,0,0.257734537124634
0.250851571559906,0.30045046550887,0.239793747663498,0.288400143384933,0.254283040761948,0,0,0,0.188548043370247,0.216094008088112,0,0,0,0,0,0,0,0,0.25157904997468,0.270152407884598,0.29872739315033,0,0,0.371510564587837,0.371426768600941,0,0,0,0,0,0,0.428193777433716,0.430818651114584,0.460731660112871,0.351617328990003,0.290841154519498,0.177493493326686,0.453148403855003,0.386287175118923,0.2614833821853,0.244129846493403,0.28718923125416,0.237200059510511,0,0,0.263271202892065,0.277894735336304,0,0.387636003373869,0.386085114714295,0.225939407944679,0,0,0,0,0.278141570091248,0.309708297252655,0.302138924598694,0,0.240797087550163,0,0,0.270788279175758,0.257699595713938,0,0,0.367756418883801,0.377254686572335,0,0,0,0,0.328439619392157,0.319771140813828,0.42683227804504,0.366393628354839,0.466900322726215,0.272119341179701,0.391723195179926,0.337361527156535,0.420502368705856,0.303446830587184,0.308483557460318,0.355618566274643,0.361841589899376,0.275458414107561,0
0.211715912928917,0.323216578364372,0.265247191753856,0.29827906191349,0.239360404866082,0,0,0,0.168608961360795,0.254905246198177,0.300422012805939,0,0,0,0,0,0.24053912460804,0.234067659825087,0.225718158483505,0.25281634926796,0.276449719512904,0,0.199445777505204,0.348897151648998,0.292805507779121,0,0,0,0,0,0,0,0,0.450269564986229,0.332487218909793,0.246697810788949,0.215780728974858,0.367074180532385,0.208299839105432,0.249364742636681,0.233141474736234,0.30409364738772,0.265600784784278,0,0.240478297074636,0.23862792365253,0.260213548307261,0.387636003373869,0,0.327697402858115,0.256177560736736,0,0,0,0.183511557181676,0.255881418784459,0.282346823513508,0,0.302896092645824,0.256625264883041,0.31730138361454,0,0.2271908223629,0.259127038175409,0,0.226671152689311,0.328517347574234,0.267023688330184,0,0.170634861264003,0.325266361236572,0.311557314759194,0.317499235272408,0.308805685094062,0,0,0.377046346664429,0.28657207886378,0.328201546048631,0.214172934573708,0.358870452777906,0.224710818702273,0.336343428127099,0,0.271965120418268,0.308576619625092,0
0,0.155540223502451,0.302981776850564,0.202324712501584,0.318700075149536,0.230351150035858,0,0,0,0.179063928420426,0,0.314174264669418,0,0,0,0.197152927517891,0.239735129475594,0.242329728196968,0.271099282428622,0.23311148583889,0,0.186517069737116,0,0.205300471708599,0,0,0,0,0,0,0,0,0,0.368168006340663,0.35339030623436,0.252071132617337,0,0.245020548771094,0,0.216031854086351,0,0.318291485487619,0.275712352991104,0,0,0.236886937488267,0,0.386085114714295,0.327697402858115,0,0,0.243773460388184,0,0,0,0.199689879583625,0,0.287118987957008,0,0.29113111470608,0,0.282827628127645,0.277633515674443,0.312206591169039,0.228932688377944,0,0.203190953335183,0.363608509302139,0.231965607849129,0,0.261938231900848,0,0.306870977957873,0.251543134450912,0.325072720646858,0.361272394657135,0.342621720889035,0,0.234878873678463,0,0.269160119765477,0,0.297746423043703,0.28733991086483,0.277869432535806,0.28431479207107,0
0,0,0.187661676022869,0,0.174385800129837,0,0,0,0,0,0,0,0,0,0,0,0,0,0,0,0.196894809603691,0,0,0,0,0,0,0,0,0,0,0,0,0,0,0,0.245879888534546,0,0,0,0.237922382354736,0,0.233886739446057,0,0,0,0.191600691527128,0.225939407944679,0.256177560736736,0,0,0,0,0,0.187308430671692,0,0.221047722857837,0,0.198200708728726,0,0.197017710208893,0,0,0.238750770688057,0,0,0,0,0,0,0,0,0,0.266138583421707,0,0,0,0,0,0.237761270999908,0,0.264911472797394,0.15982762830598,0,0.22460899819192,0.184846743941307,0
0,0,0,0.210041649639606,0,0.160554603022292,0,0.174041112263997,0,0,0,0,0,0,0,0,0,0,0,0.200658907492956,0,0,0,0,0,0,0,0,0,0,0,0,0,0,0,0.207401807109515,0,0,0,0.216441877186298,0,0.240862647692362,0,0,0,0.209952786564827,0,0,0,0.243773460388184,0,0,0,0,0,0,0,0.147450899084409,0,0,0,0,0.232554459780977,0,0,0,0,0,0,0,0,0,0,0,0,0,0,0,0.216764231522878,0,0,0,0.159261746614268,0,0.243336474540465,0,0
0,0,0,0,0.182517500594258,0,0.160517305135727,0,0,0,0,0,0,0,0,0,0,0,0,0,0.18441404402256,0,0,0,0,0,0,0,0,0,0,0,0,0,0,0,0,0,0,0,0,0,0,0,0,0,0,0,0,0,0,0,0,0,0,0,0,0,0,0,0,0,0,0,0,0,0,0,0,0,0,0,0,0,0,0,0,0,0,0,0,0,0.166913009352154,0.181411218643188,0.175613359681198,0,0
0,0,0,0,0,0,0,0.172016563323828,0,0,0,0,0,0,0,0,0,0,0,0,0,0,0,0,0,0,0,0,0,0,0,0,0,0,0,0,0,0,0,0,0,0,0,0,0,0,0,0,0,0,0,0,0,0,0,0,0,0.200787088716891,0,0,0,0,0,0,0,0,0,0,0,0,0,0,0,0,0,0,0,0,0,0,0,0,0,0,0,0,0
0.226385189396031,0,0.222243800759315,0,0,0,0,0,0.211064685916527,0,0,0,0,0,0.154982159155926,0,0,0,0,0,0,0,0,0,0.146148757077754,0,0.153004737323223,0,0,0,0,0,0,0,0,0,0,0,0.232285709164682,0,0,0,0.199738743545268,0,0,0,0,0,0.183511557181676,0,0.187308430671692,0,0,0,0,0,0,0,0,0,0.151854150749128,0,0,0,0,0,0,0.163420369227727,0,0.156188888682259,0,0,0,0,0,0,0,0,0,0,0,0.185942620970309,0.215683419527351,0,0.229215268721947,0,0.223084718982379
0,0.162254865186921,0,0.179722020205329,0,0.144762262236327,0,0,0,0.213133375453097,0,0.305784285068512,0,0,0,0.166627511742131,0,0.229402810335159,0.245174251496792,0,0,0,0,0.194003134338479,0,0.175384687769056,0,0,0,0,0,0,0,0,0,0,0,0.165643410540597,0,0.224840202927589,0,0.183385626345441,0.212222203612328,0,0,0.198955357074738,0,0.278141570091248,0.255881418784459,0.199689879583625,0,0,0,0,0,0,0,0.247494906187057,0,0,0,0.174676337397795,0.208457891430174,0,0,0,0.223006412386894,0,0.186255156993866,0,0,0,0.271003160625696,0,0,0,0,0,0.241743559241295,0,0.177278330489512,0,0.17095010589369,0.193397122621536,0.195870795119502,0.225183740258217,0
0.322121694684029,0,0.24101967045239,0,0.221443983912468,0,0,0,0,0,0.201957834407428,0,0.16286672150991,0,0,0,0.297683610802605,0.233966732025146,0.358534591893355,0,0.272627703178285,0,0,0,0,0,0,0,0,0,0.179845107146181,0,0,0,0,0,0.141937428399136,0,0.171842551052245,0,0.284436505287886,0.243423853069544,0.299597971099005,0,0,0,0.27043993127617,0.309708297252655,0.282346823513508,0,0.221047722857837,0,0,0,0,0,0,0,0.228543760109058,0,0,0,0,0.280370201196587,0,0.319975048303604,0.335542887449265,0,0,0.302732825279236,0,0.280952522021806,0,0.302773459057137,0,0,0,0,0.336940363049507,0.304087975621223,0,0.279367965481737,0.198018888569942,0.153865103920301,0.274703916702925,0,0.344994303584099
0,0.315583891102246,0,0.243538633636806,0,0,0,0.135622665906946,0,0.249789888660113,0,0.178126286884287,0,0.167565332539695,0,0,0.269027744730314,0.322361612549195,0.371342550451849,0.205984007658028,0,0,0,0,0,0,0,0.176790486588035,0,0.158454946935811,0,0,0,0,0,0.198966287514743,0,0.182651235007024,0,0.271796976857715,0.28864324092865,0.331632706632451,0.226106762886047,0,0,0.261547311958743,0,0.302138924598694,0,0.287118987957008,0,0.147450899084409,0,0.200787088716891,0,0.247494906187057,0,0,0,0.257639925303894,0,0.271688193205453,0.273528741672635,0.283227235078812,0,0,0,0,0.296997644835048,0,0.304378804048585,0,0.310566428333299,0,0,0,0,0,0.208628862709194,0.248239999016126,0.214804494993821,0,0.185774824742613,0.350498020648956,0.298554536122116,0.316017365455627,0
0,0,0.200225345790386,0,0,0,0,0,0,0,0,0,0.162094863621812,0,0.141716411717906,0,0,0,0,0,0,0,0,0,0,0,0,0,0.159852313307615,0,0,0,0,0,0,0,0,0,0,0,0,0,0,0,0,0,0,0,0.302896092645824,0,0.198200708728726,0,0,0,0,0,0.228543760109058,0,0,0,0.249040779544086,0,0,0,0,0,0,0,0,0.298939694057811,0,0.279570813431884,0,0,0,0,0,0,0,0,0,0,0.152432346208529,0.16048926115036,0.216688281546036,0,0
0,0,0,0.24834364360454,0,0.166497541246591,0,0.180317579724249,0,0.248595684766769,0,0.156050710091359,0,0.162927292513276,0,0,0,0,0,0.253751784563065,0,0,0,0,0,0,0,0.153950932986882,0,0,0,0,0,0,0,0.217450483278795,0,0.307143777608871,0,0.257360458374023,0,0.334204508412269,0,0,0,0.263968288898468,0,0.240797087550163,0.256625264883041,0.29113111470608,0,0,0,0,0,0,0,0.257639925303894,0,0,0,0.270080223679543,0.280518365678964,0,0,0,0,0,0.307495892047882,0,0.316802080398724,0,0.186802642849775,0,0,0,0,0,0.222893342375755,0,0,0,0.156101225936923,0,0.294108222805739,0,0
0.193053685128689,0,0,0,0,0,0,0,0.149220425071138,0,0,0,0.177250251173973,0,0.134349510073662,0,0,0,0,0,0,0,0,0,0,0,0.119377110153437,0,0,0,0,0,0,0,0,0,0,0,0,0,0,0,0,0,0,0,0,0,0.31730138361454,0,0.197017710208893,0,0,0,0.151854150749128,0,0,0,0.249040779544086,0,0,0,0,0,0,0,0,0,0,0.314688758055369,0,0.304921701550484,0,0,0,0,0,0,0,0,0,0,0.172000765800476,0,0.204992532730103,0,0
0,0.189550701326326,0,0.201946555233713,0,0,0,0,0,0,0,0,0,0.147440086110778,0,0.165763057688231,0,0.142638060909051,0,0.270978033542633,0,0,0,0,0,0.157190771400928,0,0.173003057638804,0,0,0,0,0,0,0,0.221222016960382,0,0,0,0.231479307015737,0,0.285526895097324,0,0,0,0.21560088172555,0,0,0,0.282827628127645,0,0,0,0,0,0.174676337397795,0,0.271688193205453,0,0.270080223679543,0,0,0.249229977528254,0,0,0,0.181595820447673,0,0.306259572505951,0,0.310860335826874,0,0.295321216185888,0,0,0,0,0,0.246242062676521,0,0.289255708456039,0,0.166099199759109,0,0.229666958547245,0,0
0,0,0,0.188567312603647,0,0.170435905456543,0,0.117686573415995,0,0,0,0.176317021692914,0,0,0,0,0.26344518084079,0.260759598987047,0.278695512160256,0.193557761389673,0,0,0,0,0,0,0,0,0,0,0,0,0,0,0,0.156204487325127,0.281248569488525,0.218742976172103,0,0.254120435328752,0,0.264058821795998,0.212986332178116,0,0,0.221646744499353,0.232984095811844,0.270788279175758,0.2271908223629,0.277633515674443,0,0.232554459780977,0,0,0,0.208457891430174,0,0.273528741672635,0,0.280518365678964,0,0.249229977528254,0,0.219946891069412,0,0,0,0,0,0,0.303277925366447,0,0.343032495259556,0,0,0,0,0,0.269855251050693,0.303143605589867,0.341596029549695,0,0.214802977193444,0.274154216051102,0.272628872101213,0.292818337678909,0
0.266935446432659,0,0.223930495835486,0,0.121485447182375,0,0.133344995549747,0,0.197553306818008,0,0.25284777315867,0,0,0,0,0,0.259909785075768,0.256692911187808,0.277298376729111,0,0.224661775677536,0,0,0.324141144752502,0,0,0,0,0,0,0,0,0,0,0,0,0.213542281949329,0.269513815641403,0.309437165835074,0.281169474124908,0.240788146687086,0.209674548771646,0.287005461917238,0,0.256920043379068,0.271710097789764,0.234096390533207,0.257699595713938,0.259127038175409,0.312206591169039,0.238750770688057,0,0,0,0,0,0.280370201196587,0.283227235078812,0,0,0,0,0.219946891069412,0,0,0,0,0,0,0,0,0,0.257414435346921,0.352582611909841,0,0,0,0,0.282875397375652,0.250663581469518,0.276061872641246,0.301482259514186,0.247602231509434,0,0.30002250036101,0.262939445674419,0.306538293759028
0,0,0,0,0,0,0,0,0,0,0,0,0,0,0,0,0,0,0,0,0,0.15777886649265,0.0909846585755255,0.166516939034829,0,0.183595749050889,0,0.15088610505039,0,0,0,0,0,0,0,0,0,0.164231245774169,0,0,0,0,0,0,0,0,0,0,0,0.228932688377944,0,0,0,0,0,0,0,0,0,0,0,0,0,0,0,0,0.196587413549423,0,0.203397571256286,0,0.172959207360624,0,0,0,0,0,0,0,0,0,0.242911726967104,0,0.142105681904401,0,0,0,0
0,0,0,0,0,0,0,0,0.195103455867086,0,0,0,0,0,0,0,0,0,0,0,0,0.108684202035268,0.171886849541041,0,0.163427104713556,0,0.142293295273088,0,0.132037729996702,0,0,0,0,0,0,0,0,0.303658783435822,0.198521356070846,0,0,0,0,0,0,0,0,0,0.226671152689311,0,0,0,0,0,0,0,0.319975048303604,0,0,0,0,0,0,0,0,0,0,0.155336139057208,0,0.165471605080016,0,0.255257423853806,0,0,0,0,0,0,0,0,0,0.288829695228047,0.155389846563339,0.154074536526904,0.272553167172841,0,0
0,0,0,0,0,0,0,0,0,0,0,0,0,0,0,0.178907571803956,0,0,0,0,0,0.190376182262962,0,0.186359755541301,0,0.17351528426463,0,0,0,0,0,0,0,0,0,0,0,0.215298747480438,0,0,0,0,0,0,0,0,0,0.367756418883801,0.328517347574234,0.203190953335183,0,0,0,0,0,0.223006412386894,0.335542887449265,0,0,0,0,0.181595820447673,0,0,0.196587413549423,0,0,0,0.187064866668412,0,0,0,0,0,0,0,0,0,0,0,0.228180601477374,0,0.187391995319298,0,0.189145235344768,0,0
0,0.318576782941818,0,0,0,0,0,0,0.175046875385138,0.284623682498932,0,0,0,0,0,0,0,0,0,0,0,0,0.209006330264466,0,0.147489358646791,0,0.142289307382372,0,0,0,0,0,0,0,0,0,0,0.374036237597466,0.252589990695318,0,0,0.289236754179001,0,0,0,0,0,0.377254686572335,0.267023688330184,0.363608509302139,0,0,0,0,0.163420369227727,0,0,0,0,0,0,0,0,0,0,0.155336139057208,0,0,0,0.1480124423678,0,0,0,0,0,0,0,0,0,0,0,0.220086132090132,0.242893553808727,0,0.275223199420303,0.323550313711166,0
0,0,0,0,0,0,0,0,0,0,0,0,0,0,0,0.16006681157483,0,0.164339966498888,0,0,0,0,0,0,0,0.174659813896118,0,0.164965742164188,0,0,0,0,0,0,0,0,0,0,0,0,0,0.318620890378952,0,0,0,0,0,0,0,0.231965607849129,0,0,0,0,0,0.186255156993866,0,0.296997644835048,0,0.307495892047882,0,0.306259572505951,0,0,0.203397571256286,0,0.187064866668412,0,0,0,0.149774591861801,0,0.333370357751846,0,0,0,0,0,0,0,0,0,0.193993408410322,0,0.190111473823587,0,0
0.163970670104027,0,0,0,0,0,0,0,0.155240643769503,0,0,0,0,0,0.124757960438728,0,0,0,0,0,0,0,0.161155851074943,0,0.0953882373869419,0,0.117553036261735,0,0.116940014064312,0,0,0,0,0,0,0,0,0,0,0,0,0,0,0,0,0,0,0,0.170634861264003,0,0,0,0,0,0.156188888682259,0,0.302732825279236,0,0.298939694057811,0,0.314688758055369,0,0,0,0,0.165471605080016,0,0.1480124423678,0,0,0,0.131454139415707,0,0,0,0,0,0,0,0,0,0,0.14332581578921,0,0,0,0
0,0,0,0.269636418670416,0,0,0,0,0,0.251341462135315,0,0,0,0,0,0,0.293396353721619,0.327006757259369,0.33836021487202,0,0,0.14798541477433,0,0,0,0.165234684944153,0,0.166670016396463,0,0.16724423567454,0,0,0,0,0,0,0,0.168307684361935,0,0.279832882540567,0,0.309686070041997,0.233261823654175,0,0,0.265163803100586,0,0,0.325266361236572,0.261938231900848,0,0,0,0,0,0,0,0.304378804048585,0,0.316802080398724,0,0.310860335826874,0.303277925366447,0,0.172959207360624,0,0,0,0.149774591861801,0,0,0,0.310679745693444,0,0,0,0,0,0.281393086368387,0,0.207261741693531,0,0.197479755363681,0.274004995822906,0.308702249612127,0.314105872597013,0
0,0,0,0,0,0,0,0,0,0,0,0,0,0,0,0,0,0,0,0,0,0,0.146253045807992,0,0,0,0.160834014415741,0,0.164611277485101,0,0.156351119279861,0,0,0,0,0,0,0,0,0,0,0,0,0,0,0,0,0,0.311557314759194,0,0,0,0,0,0,0,0.280952522021806,0,0.279570813431884,0,0.304921701550484,0,0,0,0,0.255257423853806,0,0,0,0.131454139415707,0,0,0,0.263754887506366,0,0,0,0,0,0,0,0.201037946634176,0.154970080536955,0.154070287942886,0,0,0
0,0.321555419100655,0,0.293873187781561,0,0,0,0,0,0.254215215643247,0,0.165899190953169,0,0.170209784592901,0,0,0.281061795094739,0.30379717500813,0.373142559666586,0.317455660213124,0.289841547608376,0,0,0,0,0,0,0.16280736503276,0,0.178069160222632,0,0,0,0,0,0,0,0.16986225808368,0,0.281335047911853,0.278668016195297,0.321215737777725,0.253545508465984,0,0,0.284461659784055,0.236289724707603,0.328439619392157,0.317499235272408,0.306870977957873,0,0,0,0,0,0.271003160625696,0,0.310566428333299,0,0.186802642849775,0,0.295321216185888,0.343032495259556,0.257414435346921,0,0,0,0,0.333370357751846,0,0.310679745693444,0,0,0.280443340539932,0,0,0,0,0.30082585050902,0.30468562617898,0.247702331207936,0.292830973863602,0.272347747318206,0.358905285596848,0.341388223736774,0.343681050907998,0
