0,0,0.164535559473499,0,0,0,0,0,0.264470860362053,0,0,0,0,0,0,0,0.326379802255403,0,0.337671810761094,0,0.410789534449577,0,0,0,0.363893836736679,0,0,0,0,0,0,0,0,0,0,0,0.408346811930339,0,0.326133226570876,0,0.284431487321854,0,0.315597214766087,0,0,0,0.279799237847328,0.360135638713837,0.311553505865427,0,0,0,0,0,0.221847540648754,0,0.407927102985836,0,0,0,0.351752176880836,0,0,0.307898670434952,0,0,0,0.249793988122089,0,0,0,0.390370361804962,0,0.415905390679836,0,0,0,0,0,0.336485926650072,0,0.319576299882361,0.315750655728034,0.318953451183107,0.378878010052149,0,0
0,0,0,0.184606389933162,0,0,0,0,0,0.159286527537011,0,0,0,0,0,0,0,0,0.291605909665426,0,0,0,0,0.326621557985033,0,0.321149945259094,0,0,0,0,0,0,0,0,0,0.316936612129211,0,0.362143049185926,0,0.267901968624857,0,0.323807486891747,0,0,0,0,0,0.350680177626402,0,0.276401327465367,0,0,0,0,0,0.128750007450581,0,0,0,0,0,0.213803938031197,0,0,0,0,0.2611203285364,0,0.368963550178098,0,0.402027487754822,0,0.348443239927292,0,0,0,0,0,0.272915879885356,0,0.390646189451218,0,0.21764781168529,0,0.356802798154808,0,0
0.164535559473499,0,0,0,0.136017412692308,0,0,0,0.227272661526998,0,0,0,0,0,0,0,0,0,0.228513985872269,0,0,0,0,0,0,0,0,0,0,0,0,0,0,0,0,0,0,0,0.237762220203876,0,0.226284965872765,0,0.264029398560524,0,0,0,0.272806902726491,0,0.154430649353102,0,0.179402370005846,0,0,0,0.16503675081087,0,0.247904040690126,0,0.208762759199509,0,0.196337859663698,0,0,0.306905224919319,0,0,0,0,0,0,0,0.292805496603251,0,0.293860993647979,0,0,0,0,0,0.30315139144659,0,0.242038776477178,0.279088402607224,0.340496301651001,0.203685756131316,0,0.264757752418518
0,0.184606389933162,0,0,0,0.201430251338968,0,0,0,0.263178657740355,0,0.250744014978409,0,0,0,0,0,0.278501287102699,0.273251564187162,0,0,0,0,0.299220514297485,0,0,0,0,0,0,0,0,0,0,0,0.271744378805161,0,0.290610154208384,0,0.272028056283792,0,0.279624973711487,0.282346328863731,0,0,0.260255895314678,0,0.288385813886469,0.302599530328404,0.27372030685575,0,0.232826157522045,0,0,0,0.235676099620168,0,0.273255242241753,0,0.250077724672746,0,0.250532555911276,0.314652658998966,0,0,0,0.298074758052826,0,0.338334202766418,0,0.337891707817713,0,0.330301813284556,0,0,0,0,0,0.279648464857316,0,0.294017077846961,0,0.271588783229937,0.200351993624981,0.267713399719721,0.239785207435489,0
0,0,0.136017412692308,0,0,0,0.168004874368103,0,0,0,0,0,0,0,0,0,0,0,0,0,0.181162699687961,0,0,0,0,0,0,0,0,0,0,0,0,0,0,0,0,0,0,0,0.228940293192863,0,0.260084937765913,0,0,0,0.245728641748428,0,0.256176736950874,0,0.194956969296665,0,0.161117432540969,0,0.181281376630068,0,0.219634218649431,0,0.202892594716766,0,0.194446876645088,0,0,0.194207201464267,0,0,0,0,0,0,0,0.266134536266327,0,0.250778384506702,0,0,0,0,0,0.217701140791178,0,0.238757833838463,0.146175541485529,0,0.183383418479934,0,0
0,0,0,0.201430251338968,0,0,0,0.189528610734712,0,0,0,0.191856081161318,0,0.165521629154682,0,0,0,0,0,0,0,0,0,0,0,0,0,0,0,0,0,0,0,0,0,0.205372633472566,0,0,0,0,0,0.270517483353615,0.231210336089134,0,0,0.214747731884321,0,0.265845328569412,0,0,0,0.191876738782852,0,0.194438597069511,0,0,0,0.230114328734418,0,0.172293409705162,0,0.198029061158498,0.154925781488419,0,0,0,0,0,0,0,0,0,0,0,0,0,0,0,0,0,0,0,0.188909387594684,0,0.192601335624223,0,0
0,0,0,0,0.168004874368103,0,0,0,0,0,0.189455896150321,0,0.160621740420659,0,0,0,0,0,0,0,0.171353101730347,0,0,0,0,0,0,0,0,0,0,0,0,0,0,0,0,0,0,0,0,0,0,0,0,0,0,0,0,0,0.189569030521494,0,0.16106922318076,0,0,0,0.203922879678765,0,0.209187638014555,0,0,0,0,0,0,0,0,0,0,0,0,0,0,0,0,0,0,0,0,0,0,0,0.144380366061367,0,0,0,0
0,0,0,0,0,0.189528610734712,0,0,0,0,0,0.133183837721222,0,0.121794546023011,0,0,0,0,0,0.179453055063883,0,0,0,0,0,0,0,0,0,0,0,0,0,0,0,0,0,0,0,0,0,0,0,0,0,0,0,0,0,0,0,0.201142950755794,0,0.185198596307163,0,0,0,0.247782335382827,0,0.17719142138958,0,0,0,0,0,0,0,0,0,0,0,0,0,0,0,0,0,0,0,0,0,0,0.155309701788014,0,0,0,0
0.264470860362053,0,0.227272661526998,0,0,0,0,0,0,0,0,0,0,0,0.194226871336903,0,0.218944027026494,0,0.229230657645634,0,0,0,0,0,0.24847480750919,0,0.257610590543066,0,0,0,0,0,0,0,0,0,0,0,0.193395115733147,0,0.28986668586731,0,0.248750554380614,0,0,0,0.272638427714507,0,0.310343195311725,0,0,0,0,0,0.23405410148002,0,0.321945641438166,0,0,0,0.204227210084597,0,0,0.339206119378408,0,0,0,0.228832487478143,0,0.244951227068446,0,0.337511864091669,0,0.308900584704685,0,0,0,0,0,0.275336024040977,0,0.231193757797839,0.255593451293739,0.327372550964355,0.285590302094775,0,0.30288799405098
0,0.159286527537011,0,0.263178657740355,0,0,0,0,0,0,0,0,0,0,0,0.171314091167667,0.273906469345093,0.223642533024152,0.29710197262466,0,0,0,0,0.194116772902318,0,0.167953163385391,0,0,0,0,0,0,0,0,0,0,0,0.207913541990631,0,0.276853100707134,0,0.319434208153677,0.316602095961571,0,0,0,0,0.276991456747055,0,0.330121439881623,0,0,0,0,0,0.234673588254381,0,0,0,0,0,0,0,0,0,0,0.203351190074896,0,0.363394439220428,0,0.388996511697769,0,0.379499465227127,0,0,0,0,0,0.303792279958725,0,0.245050961772601,0,0.231314822410544,0.188746362924576,0.344260923035683,0.333346347014109,0
0,0,0,0,0,0,0.189455896150321,0,0,0,0,0,0.19805437712645,0,0,0,0,0,0,0,0.131822834520236,0,0,0,0,0,0,0,0.223082340822566,0,0.187471695660804,0,0,0,0,0,0.155275454295093,0,0.173084057175443,0,0,0,0,0,0,0,0,0,0,0,0,0,0.164289648334185,0,0,0,0.160891764924208,0,0.185185407061835,0,0,0,0,0,0,0,0,0,0,0,0,0,0,0.164119128997509,0,0,0,0,0,0,0,0.165729033052921,0.229562116804998,0,0,0,0
0,0,0,0.250744014978409,0,0.191856081161318,0,0.133183837721222,0,0,0,0,0,0.137973310859945,0,0,0,0,0,0,0,0,0,0,0,0,0,0.12802717089653,0,0.286533598656004,0,0,0,0,0,0.128143956962647,0,0.141343902051449,0,0,0,0,0,0,0,0,0,0,0,0,0,0.219908073544502,0,0.147919505834579,0,0,0,0.220284430838553,0,0.147020790832383,0,0,0.19599304596583,0,0,0,0,0,0,0,0.14911302285535,0,0.271073037534952,0,0,0,0,0,0,0,0.201175649960836,0,0.124055369640701,0,0.24989835714752,0,0
0,0,0,0,0,0,0.160621740420659,0,0,0,0.19805437712645,0,0,0,0.130740165710449,0,0,0,0,0,0,0,0,0,0,0,0,0,0.191649164744588,0,0,0,0,0,0,0,0,0,0,0,0,0,0,0,0,0,0,0,0,0,0,0,0,0,0,0,0.170159474015236,0,0.223731656747681,0,0,0,0,0,0,0,0,0,0,0,0,0.203739570246802,0,0,0,0,0,0,0,0,0,0,0.160765502247654,0.191864585358939,0,0,0
0,0,0,0,0,0.165521629154682,0,0.121794546023011,0,0,0,0.137973310859945,0,0,0,0,0,0,0,0,0,0,0,0,0,0,0,0.203828476369381,0,0,0,0,0,0,0,0,0,0,0,0,0,0,0,0,0,0,0,0,0,0,0,0,0,0.148231466114521,0,0,0,0.140922866761684,0,0.141846062921149,0,0,0,0,0,0,0,0,0,0,0.132685075689863,0,0,0,0,0,0,0,0,0,0,0,0.142315921549862,0,0,0,0
0,0,0,0,0,0,0,0,0.194226871336903,0,0,0,0.130740165710449,0,0,0,0.175058217719197,0,0,0,0,0,0,0,0.203204550913402,0,0.206597421318293,0,0,0,0,0,0,0,0,0,0,0,0,0,0,0,0,0,0,0,0,0,0,0,0,0,0,0,0.217860544269735,0,0,0,0,0,0.194737073177328,0,0,0,0,0,0,0,0,0.191826126154731,0,0,0,0,0,0,0,0,0,0,0,0,0.242999056975047,0,0,0,0
0,0,0,0,0,0,0,0,0,0.171314091167667,0,0,0,0,0,0,0,0,0,0,0,0,0,0.178478713457783,0,0.188336312770844,0,0,0,0,0,0,0,0,0,0,0,0,0,0,0,0,0,0,0,0,0,0,0,0,0,0,0,0,0,0.181060995906591,0,0,0,0,0,0.19376074274381,0,0,0,0,0,0,0,0,0,0,0,0,0,0,0,0,0,0,0,0,0,0,0,0,0
0.326379802255403,0,0,0,0,0,0,0,0.218944027026494,0.273906469345093,0,0,0,0,0.175058217719197,0,0,0.158229351004931,0.292394505413017,0,0.30561338365078,0,0.143992005536954,0,0,0,0.162875439971685,0,0,0,0,0,0,0,0,0.331098054846128,0.325911386907101,0.334510385990143,0.353262830632074,0.290467952617577,0.295987892150879,0.264630376441138,0.256279037047774,0,0,0.272372516493003,0.283795600136121,0,0.276029512286186,0.295016246763143,0,0,0,0,0,0,0.232689827680588,0,0,0,0,0,0,0.306222492889051,0,0.162970349192619,0,0,0,0.180766753852367,0,0.32221939846089,0.291871279478073,0.307415655688431,0,0,0,0,0.301412023293475,0.310766310329889,0.325129820541902,0.324516879689189,0.225441145336279,0.161641588870188,0.278862148523331,0.262423664331436,0.252440242943439
0,0,0,0.278501287102699,0,0,0,0,0,0.223642533024152,0,0,0,0,0,0,0.158229351004931,0,0.293408215606869,0,0,0.17069058948093,0,0.171184015961794,0,0.163402608782053,0,0.171038583852351,0,0,0,0,0,0,0,0.325802213870562,0.309104282747615,0.329113200306892,0.292968332767487,0.304050262033377,0.255132280290127,0.277111752814538,0.256069368765324,0,0,0.281916591856215,0.269324419590143,0,0,0.293358638173058,0,0,0,0,0,0,0,0,0,0,0,0,0,0.293550987328802,0.216858929821423,0,0,0,0.189049445589383,0,0,0.297556986411413,0.33451671898365,0.285989607735114,0,0,0,0,0.312453152404891,0.300673349174085,0.331041237010675,0.299848053876947,0.189253777772155,0.146384102476577,0.288049113928762,0.268769119555752,0.253796688147954
0.337671810761094,0.291605909665426,0.228513985872269,0.273251564187162,0,0,0,0,0.229230657645634,0.29710197262466,0,0,0,0,0,0,0.292394505413017,0.293408215606869,0,0,0.35266835881131,0,0,0.262631651499997,0,0,0,0,0,0,0.373051702976227,0,0,0,0,0.374762695992625,0.339674956106412,0.383164259592692,0.340676758735053,0.30486732948664,0.261735727238219,0.238105217971697,0.216608018506362,0.413323603570461,0.187530575054032,0.275293008086428,0.271055532146397,0,0.272380549460649,0.328114517117271,0.229544371366501,0,0,0,0.248486995697021,0,0.263712255018098,0,0.252792119979858,0,0.242660403251648,0,0.276643007993698,0.306210667569572,0,0,0.260983350376288,0,0.355403453111649,0,0.35541366537412,0.326417159492319,0.393591490197689,0.29576829235161,0,0,0,0,0.352143954206499,0.319337945192387,0.413623934988068,0.32666623537209,0.248464145681862,0.231379077232223,0.317584140597179,0.266789823340682,0.222253542306811
0,0,0,0,0,0,0,0.179453055063883,0,0,0,0,0,0,0,0,0,0,0,0,0,0,0,0,0,0,0,0,0,0,0,0,0,0,0,0.163678885780159,0,0.142479365605574,0,0,0,0,0,0,0,0.199549809098244,0,0,0,0,0,0,0,0,0,0,0,0.113258617619673,0,0,0,0,0.161600713633018,0,0,0,0,0,0,0,0,0,0,0,0,0,0,0,0.169307343661785,0,0.254219948351383,0,0.160072829913009,0,0.185097310422123,0,0
0.410789534449577,0,0,0,0.181162699687961,0,0.171353101730347,0,0,0,0.131822834520236,0,0,0,0,0,0.30561338365078,0,0.35266835881131,0,0,0,0,0,0,0,0,0,0,0,0.259937912225723,0,0,0,0,0,0.226479103151267,0,0.303381673782874,0.294266998767853,0,0,0.272466088098193,0,0,0,0.255174505056711,0,0.263007193803787,0,0.211591006805881,0,0,0,0,0,0.195164341572672,0,0,0,0,0,0,0.239553520494111,0,0,0,0,0,0,0,0.286664441227913,0,0.280843856296054,0,0,0,0,0,0.215524375021458,0,0.31524080366568,0.275295386689582,0.309976547956467,0.260988727566742,0,0
0,0,0,0,0,0,0,0,0,0,0,0,0,0,0,0,0,0.17069058948093,0,0,0,0,0.133566406757935,0.189848522586571,0,0.160402102102421,0,0.201278143458896,0,0,0,0,0,0,0,0,0,0.356801009272179,0,0,0,0,0,0,0,0,0,0,0,0.416213018195715,0,0,0,0,0,0,0,0,0,0,0,0,0,0,0.266695615978512,0,0.238400580466918,0,0.174729096494159,0,0,0,0,0,0,0,0,0,0,0,0.273084565027942,0,0.21258566084147,0.142355135420739,0,0,0
0,0,0,0,0,0,0,0,0,0,0,0,0,0,0,0,0.143992005536954,0,0,0,0,0.133566406757935,0,0,0.191262686946269,0,0.216319329796299,0,0.190594266763878,0,0,0,0,0,0,0,0,0,0.279175987855808,0,0,0,0,0,0,0,0,0,0.341339427207051,0,0,0,0,0,0,0,0,0,0,0,0,0,0,0,0,0.24267902979078,0,0.191929376125336,0,0.250271573662758,0,0.231853342396872,0,0,0,0,0,0,0,0,0,0.26406297401378,0.189588345104562,0.181189107229276,0,0,0
0,0.326621557985033,0,0.299220514297485,0,0,0,0,0,0.194116772902318,0,0,0,0,0,0.178478713457783,0,0.171184015961794,0.262631651499997,0,0,0.189848522586571,0,0,0,0.193401402800248,0,0,0,0,0,0,0,0,0,0,0,0.284987316185993,0,0.282605089247227,0,0.334709310531616,0.306318432092667,0,0,0,0,0.243338699142138,0,0.326538618492044,0,0,0,0,0,0.214621554217606,0,0,0,0,0,0.260218051483305,0,0,0.258231906467173,0,0.28308711300745,0,0.211342084484223,0,0,0,0,0,0,0,0,0,0.282401829957962,0,0.201530769467354,0,0.184029553823247,0,0.351445156645465,0.389378011226654,0
0.363893836736679,0,0,0,0,0,0,0,0.24847480750919,0,0,0,0,0,0.203204550913402,0,0,0,0,0,0,0,0.191262686946269,0,0,0,0.260721160282966,0,0,0,0,0,0,0,0,0,0,0,0.282559684341768,0,0,0,0.351949512958527,0,0,0,0,0.404330790042877,0.564054571919971,0,0,0,0,0,0.274029337727337,0,0,0,0,0,0.210529906245378,0,0,0,0,0.367207543872227,0,0.302644993652778,0,0.239580982367871,0,0.675315499305725,0,0,0,0,0,0,0,0,0,0.21101331547515,0.222542346383517,0,0.26408222814401,0,0
0,0.321149945259094,0,0,0,0,0,0,0,0.167953163385391,0,0,0,0,0,0.188336312770844,0,0.163402608782053,0,0,0,0.160402102102421,0,0.193401402800248,0,0,0,0.240194746538212,0,0,0,0,0,0,0,0,0,0.269997610469882,0,0,0,0,0,0,0,0,0,0,0,0.33589148024718,0,0,0,0,0,0.230546303093433,0,0,0,0.408298481017985,0,0.262549178191909,0,0,0.206745877734616,0,0.25613759458065,0,0.299157321962792,0,0.386550905845933,0,0,0,0,0,0,0,0,0,0,0,0.184394281676837,0,0.430881276726723,0,0
0,0,0,0,0,0,0,0,0.257610590543066,0,0,0,0,0,0.206597421318293,0,0.162875439971685,0,0,0,0,0,0.216319329796299,0,0.260721160282966,0,0,0,0.248197849215536,0,0,0,0,0,0,0,0,0,0,0,0,0,0,0,0,0,0,0,0,0,0,0,0,0,0.256218847759227,0,0,0,0,0,0.214899948010078,0,0,0,0,0.246663933170253,0,0.279397164003469,0,0.214357712977035,0,0.189633828146677,0,0,0,0,0,0,0,0,0,0,0.129034450108355,0.176709104861532,0,0,0
0,0,0,0,0,0,0,0,0,0,0,0.12802717089653,0,0.203828476369381,0,0,0,0.171038583852351,0,0,0,0.201278143458896,0,0,0,0.240194746538212,0,0,0,0.203384951147694,0,0,0,0,0,0,0,0.191410627961159,0,0,0,0,0,0,0,0,0,0,0,0,0,0,0,0,0,0,0,0,0,0,0,0,0,0,0.182647906243801,0,0,0,0.225767829588481,0,0.185053464872876,0,0.228621407411993,0,0,0,0,0,0,0,0,0,0.166839177409808,0,0,0,0
0,0,0,0,0,0,0,0,0,0,0.223082340822566,0,0.191649164744588,0,0,0,0,0,0,0,0,0,0.190594266763878,0,0,0,0.248197849215536,0,0,0,0.236202992253636,0,0,0,0,0,0,0,0.231334942178084,0,0,0,0,0,0,0,0,0,0,0,0,0,0,0,0,0,0,0,0.248398719175208,0,0,0,0,0,0,0.192939441721394,0,0,0,0.222940586838457,0,0.226249817058483,0,0.250522000224967,0,0,0,0,0,0,0,0.265342359570251,0.184452340563881,0.156172265057211,0,0,0
0,0,0,0,0,0,0,0,0,0,0,0.286533598656004,0,0,0,0,0,0,0,0,0,0,0,0,0,0,0,0.203384951147694,0,0,0,0,0,0,0,0,0,0.167047516159389,0,0,0,0,0,0,0,0,0,0,0,0,0,0,0,0,0,0,0,0.242890423349061,0,0,0,0,0,0,0,0,0,0,0,0,0.202871012092425,0,0.225918648064705,0,0,0,0,0,0,0,0.248792609991506,0,0.123164476205905,0,0,0,0
0,0,0,0,0,0,0,0,0,0,0.187471695660804,0,0,0,0,0,0,0,0.373051702976227,0,0.259937912225723,0,0,0,0,0,0,0,0.236202992253636,0,0,0,0,0,0,0,0,0,0.230018052035103,0,0,0,0,0,0,0,0,0,0,0,0,0,0,0,0,0,0,0,0,0,0,0,0,0.310929641127586,0,0,0,0,0,0,0,0.214026467214158,0,0.186777454379999,0,0,0,0,0,0,0,0.20842521925609,0.248019772609094,0,0,0,0
0,0,0,0,0,0,0,0,0,0,0,0,0,0,0,0,0,0,0,0,0,0,0,0,0,0,0,0,0,0,0,0,0.117374190399724,0.312349345738238,0,0.271719418206489,0,0,0,0,0,0,0,0,0,0,0,0.41563821489669,0.457784764255796,0,0,0,0,0,0,0,0,0,0,0,0,0,0,0,0,0,0,0,0,0,0,0,0,0,0.276452217316092,0.380605664104223,0.269361688531646,0.445721566677094,0.292706840395927,0.43310933187604,0,0,0.165494586740221,0,0,0,0
0,0,0,0,0,0,0,0,0,0,0,0,0,0,0,0,0,0,0,0,0,0,0,0,0,0,0,0,0,0,0,0.117374190399724,0,0.211457267403603,0.254532484544648,0,0.142862731715043,0,0,0,0,0,0,0,0,0,0,0.29231557791077,0.378002353012562,0,0,0,0,0,0,0,0,0,0,0,0,0,0,0,0,0,0,0,0,0,0,0,0,0,0.248555457592011,0.287354030393398,0,0.277317346472825,0,0.196813478454565,0,0,0,0,0,0,0
0,0,0,0,0,0,0,0,0,0,0,0,0,0,0,0,0,0,0,0,0,0,0,0,0,0,0,0,0,0,0,0.312349345738238,0.211457267403603,0,0.207373548315131,0.140269489052731,0,0.246667992833414,0,0,0,0,0.485012044509252,0,0,0,0,0.483391729821272,0.535051885909504,0,0,0,0,0,0,0,0,0,0,0,0,0,0,0,0,0,0,0,0,0,0,0,0,0,0.255743254612132,0,0.265046939901085,0.191657121084174,0.269099089197623,0,0.247185095931802,0.483951449394226,0.292296903191048,0.291987854013076,0.425019398331642,0,0
0,0,0,0,0,0,0,0,0,0,0,0,0,0,0,0,0,0,0,0,0,0,0,0,0,0,0,0,0,0,0,0,0.254532484544648,0.207373548315131,0,0,0.146507984538581,0,0.188096021612485,0,0,0,0.647758662700653,0,0,0,0,0.312987501205673,0.53466692010502,0,0,0,0,0,0,0,0,0,0,0,0,0,0,0,0,0,0,0,0,0,0,0,0,0,0,0.327636543088234,0.266969801591975,0.227670273807477,0,0.25704884116954,0,0.302387938275933,0.211949602486616,0,0,0,0
0,0.316936612129211,0,0.271744378805161,0,0.205372633472566,0,0,0,0,0,0.128143956962647,0,0,0,0,0.331098054846128,0.325802213870562,0.374762695992625,0.163678885780159,0,0,0,0,0,0,0,0,0,0,0,0.271719418206489,0,0.140269489052731,0,0,0.158205524293095,0.271568664723684,0,0.349639018376668,0,0.311145963592339,0.30459156135718,0.365051597356796,0,0.253213913039598,0.309540361166,0.35968866944313,0.225295215845108,0.342665862292051,0,0.28210778037707,0,0,0,0.27590212225914,0,0.128437098860741,0,0,0,0,0.200614021203228,0,0,0,0,0,0,0,0,0,0.326536685228348,0.324631422758102,0.276266236224511,0,0.278924272326398,0,0.244156744933534,0.191213104285692,0.256731585701322,0,0.268772508637541,0.428262373016885,0.265783142119932,0.35167589488596,0.273940861225128
0.408346811930339,0,0,0,0,0,0,0,0,0,0.155275454295093,0,0,0,0,0,0.325911386907101,0.309104282747615,0.339674956106412,0,0.226479103151267,0,0,0,0,0,0,0,0,0,0,0,0.142862731715043,0,0.146507984538581,0.158205524293095,0,0,0.245492223803729,0.33804537653923,0.283431768417358,0.352612741291523,0.287855765831561,0,0,0.291426956653595,0.265868289486427,0.139942161738873,0.264663158191575,0.355049520730972,0.219620850156335,0,0,0,0.202443554997444,0,0.134709173074648,0,0.239936198507036,0,0,0,0,0.250575493972544,0,0,0,0,0,0,0,0.327346250414848,0,0.319660879671574,0,0.152513117839893,0,0.168738576273123,0.327405527234077,0.229774761483158,0.329045176506042,0.249610305250965,0.255264041232474,0.410789881909595,0.274561177637126,0,0.327944543452994
0,0.362143049185926,0,0.290610154208384,0,0,0,0,0,0.207913541990631,0,0.141343902051449,0,0,0,0,0.334510385990143,0.329113200306892,0.383164259592692,0.142479365605574,0,0.356801009272179,0,0.284987316185993,0,0.269997610469882,0,0.191410627961159,0,0.167047516159389,0,0,0,0.246667992833414,0,0.271568664723684,0,0,0.160912567095177,0.34812157026359,0,0.30844098660681,0.310216953357061,0,0,0.296298305575664,0.300671339035034,0.460499775016083,0.310013264417648,0.371183088812672,0,0.266615957021713,0,0,0,0.192063420706866,0,0.300290018320084,0,0,0,0,0.223638440171878,0,0.328250478024814,0,0.30164474018218,0,0.307434936364492,0,0.25306186452508,0,0.233808587663449,0,0,0,0.297723774203157,0,0.296651295400112,0.346431394418081,0.247492574561497,0,0.306688734107346,0.466911391577413,0.328312693219236,0.356048570738898,0
0.326133226570876,0,0.237762220203876,0,0,0,0,0,0.193395115733147,0,0.173084057175443,0,0,0,0,0,0.353262830632074,0.292968332767487,0.340676758735053,0,0.303381673782874,0,0.279175987855808,0,0.282559684341768,0,0,0,0.231334942178084,0,0.230018052035103,0,0,0,0.188096021612485,0,0.245492223803729,0.160912567095177,0,0.34131196141243,0.276130959391594,0.348967164754868,0.313909183504681,0,0,0,0.288333890566313,0.515908606813855,0.583046800100509,0.302184015512466,0,0,0,0,0.225325644016266,0,0.156999028650404,0,0,0,0.240808104475339,0,0,0.283640418413349,0,0.340096792155826,0,0.318368526111974,0,0.49355709211654,0,0.362060498860147,0,0.207602722636641,0,0,0,0.184519782662392,0.319054245948792,0.26385285036956,0.160924181342125,0.261381027541283,0.315034455577444,0.157963773789438,0.30944607051124,0,0.345071647973622
0,0.267901968624857,0,0.272028056283792,0,0,0,0,0,0.276853100707134,0,0,0,0,0,0,0.290467952617577,0.304050262033377,0.30486732948664,0,0.294266998767853,0,0,0.282605089247227,0,0,0,0,0,0,0,0,0,0,0,0.349639018376668,0.33804537653923,0.34812157026359,0.34131196141243,0,0.261248782277107,0.288582167731187,0.259963376150615,0.281510263681412,0,0.22343718827955,0.27845544119676,0.375620259629453,0,0.293513450750989,0,0.297610521316528,0,0,0,0,0.302344679832458,0,0,0.218501061201096,0,0,0.271725421860105,0.310089066624641,0,0,0.357117474079132,0,0.364846259355545,0,0,0.314648471772671,0.326235094491173,0.337196279317141,0,0,0,0,0.32099123886488,0.327346871296565,0.357534082915619,0.331303509927931,0.278857262074381,0.285934254290566,0.257131707575276,0.316256364434958,0.273459926247597
0.284431487321854,0,0.226284965872765,0,0.228940293192863,0,0,0,0.28986668586731,0,0,0,0,0,0,0,0.295987892150879,0.255132280290127,0.261735727238219,0,0,0,0,0,0,0,0,0,0,0,0,0,0,0,0,0,0.283431768417358,0,0.276130959391594,0.261248782277107,0,0,0.255644302746755,0,0.232895120978355,0,0.215906443948648,0.217800825834274,0.245865475980268,0,0.257556468248367,0,0,0,0.238983482122421,0,0.270216549436251,0,0.249457567930222,0,0.233351819217205,0,0,0.24919892847538,0,0,0,0,0,0,0,0.300252428278327,0,0.268651208064208,0,0,0,0,0.28937241435051,0.285891662996549,0,0.243923253851802,0.270586860366166,0.298618474602699,0.217475628716035,0,0.285209959180191
0,0.323807486891747,0,0.279624973711487,0,0.270517483353615,0,0,0,0.319434208153677,0,0,0,0,0,0,0.264630376441138,0.277111752814538,0.238105217971697,0,0,0,0,0.334709310531616,0,0,0,0,0,0,0,0,0,0,0,0.311145963592339,0.352612741291523,0.30844098660681,0.348967164754868,0.288582167731187,0,0,0.234761143918744,0,0,0.248191347620526,0.26704254001379,0.281338346501191,0.294542585810026,0.291920940345024,0,0.275730192661285,0,0,0,0.280768305063248,0,0.301188796758652,0,0.263976633548737,0,0,0.275662317872047,0.299334764480591,0,0,0.386091136015379,0,0.362482174237569,0,0.37379525737329,0.325638860464096,0.344727245625108,0.314643894250576,0,0,0,0,0.296360885817224,0.304518954828382,0.324276966341289,0.307657817289943,0.240456832905385,0.266041510411211,0.285161409058043,0.225948874343958,0.249826461076736
0.315597214766087,0,0.264029398560524,0.282346328863731,0.260084937765913,0.231210336089134,0,0,0.248750554380614,0.316602095961571,0,0,0,0,0,0,0.256279037047774,0.256069368765324,0.216608018506362,0,0.272466088098193,0,0,0.306318432092667,0.351949512958527,0,0,0,0,0,0,0,0,0.485012044509252,0.647758662700653,0.30459156135718,0.287855765831561,0.310216953357061,0.313909183504681,0.259963376150615,0.255644302746755,0.234761143918744,0,0,0.238369597050644,0.294354140758514,0.270497702652275,0.455733954150608,0.371876019310666,0.29483665074957,0.264138396119788,0,0,0,0.264672032472762,0.282415807247162,0.286822726814584,0,0.275073021650314,0,0.273039346767796,0,0,0.318984644225629,0,0,0.315590471029282,0.288857227989606,0.285776376724243,0.34825524687767,0,0.323225110591272,0.329081803560257,0.295509774039088,0,0,0,0,0.281232003025387,0.30426969864918,0.311084022124608,0.298653603122656,0.270600444241918,0.262456478949251,0.267600568899594,0.202974219734852,0.229243522338685
0,0,0,0,0,0,0,0,0,0,0,0,0,0,0,0,0,0,0.413323603570461,0,0,0,0,0,0,0,0,0,0,0,0,0,0,0,0,0.365051597356796,0,0,0,0.281510263681412,0,0,0,0,0,0,0,0,0,0.403412699699402,0,0,0,0,0,0,0,0,0,0,0,0,0,0,0,0,0,0,0,0,0,0,0.405913561582565,0,0,0,0,0,0.410294443368912,0,0.463336229324341,0,0.349375814199448,0,0.393421153227488,0,0
0,0,0,0,0,0,0,0,0,0,0,0,0,0,0,0,0,0,0.187530575054032,0,0,0,0,0,0,0,0,0,0,0,0,0,0,0,0,0,0,0,0,0,0.232895120978355,0,0.238369597050644,0,0,0,0.241781050960223,0,0.258866521219413,0,0,0,0,0,0,0,0,0,0,0,0,0,0,0.321075350046158,0,0,0,0,0,0,0,0,0,0.328217566013336,0,0,0,0,0,0.301252001523972,0.297948777675629,0.197946488857269,0.266143213957548,0,0.258688613151511,0,0.254283964633942
0,0,0,0.260255895314678,0,0.214747731884321,0,0,0,0,0,0,0,0,0,0,0.272372516493003,0.281916591856215,0.275293008086428,0.199549809098244,0,0,0,0,0,0,0,0,0,0,0,0,0,0,0,0.253213913039598,0.291426956653595,0.296298305575664,0,0.22343718827955,0,0.248191347620526,0.294354140758514,0,0,0,0.231165274977684,0.276020228862762,0.264915600419044,0.282477371645777,0,0,0,0,0,0,0,0.30110335846742,0,0,0,0,0.255602386316921,0,0,0,0,0,0.331572741270065,0,0.320503771305084,0,0.282225835503954,0,0,0,0,0,0.240946958485327,0.300089418888092,0.278827149801749,0.315867084264755,0.253501209956377,0.255179286003113,0.242744746953809,0.238960909843445,0
0.279799237847328,0,0.272806902726491,0,0.245728641748428,0,0,0,0.272638427714507,0,0,0,0,0,0,0,0.283795600136121,0.269324419590143,0.271055532146397,0,0.255174505056711,0,0,0,0,0,0,0,0,0,0,0,0,0,0,0.309540361166,0.265868289486427,0.300671339035034,0.288333890566313,0.27845544119676,0.215906443948648,0.26704254001379,0.270497702652275,0,0.241781050960223,0.231165274977684,0,0,0.282673890928964,0.311959117650986,0.238273621239561,0,0,0,0.23659809678793,0,0.257488977524542,0,0.256729574430557,0,0.277983884016673,0,0,0.260111210398883,0,0,0,0,0,0,0,0.290422841272456,0,0.278927950701232,0,0,0,0,0.307711134354273,0.248007952964317,0.314654737710953,0.28530646725336,0.277134559444479,0.272540498186241,0.251390964864914,0.27805158123374,0.259894437674019
0.360135638713837,0.350680177626402,0,0.288385813886469,0,0.265845328569412,0,0,0,0.276991456747055,0,0,0,0,0,0,0,0,0,0,0,0,0,0.243338699142138,0.404330790042877,0,0,0,0,0,0,0.41563821489669,0.29231557791077,0.483391729821272,0.312987501205673,0.35968866944313,0.139942161738873,0.460499775016083,0.515908606813855,0.375620259629453,0.217800825834274,0.281338346501191,0.455733954150608,0,0,0.276020228862762,0,0,0.554242821630376,0.305340433634772,0,0,0,0,0.345866665244102,0,0.356648087501526,0,0,0,0.281270802021027,0,0,0,0,0.57852765917778,0.239772960543633,0.372603165606658,0.322125315666199,0.265282064676285,0,0,0.34335669875145,0.295501977205276,0.338503982659048,0.368558082166592,0.391717946751859,0.326326161454354,0.376732127988799,0.390867224449499,0.322061802534496,0.442254446748364,0.432173321604774,0.611267027755578,0.381842596070948,0,0
0.311553505865427,0,0.154430649353102,0.302599530328404,0.256176736950874,0,0,0,0.310343195311725,0,0,0,0,0,0,0,0.276029512286186,0,0.272380549460649,0,0.263007193803787,0,0.341339427207051,0,0.564054571919971,0,0,0,0,0,0,0.457784764255796,0.378002353012562,0.535051885909504,0.53466692010502,0.225295215845108,0.264663158191575,0.310013264417648,0.583046800100509,0,0.245865475980268,0.294542585810026,0.371876019310666,0,0.258866521219413,0.264915600419044,0.282673890928964,0.554242821630376,0,0.367171233892441,0.203411305323243,0,0,0,0.175579013116658,0,0.329795882566095,0,0.295209032834553,0,0.271011188554187,0,0.266716480255127,0.321549467742443,0,0.503848247331192,0.279781937599182,0.510248351097107,0,0.402258787096314,0,0.347682098547618,0,0.297106528282166,0.522099614143372,0.432869885871613,0.56037016659975,0.42082136581021,0.218700513243675,0.389091413222499,0.345601052045822,0.369391542895154,0.490451916458679,0.28705170750618,0.34759807704868,0,0.290080467859904
0,0.276401327465367,0,0.27372030685575,0,0,0,0,0,0.330121439881623,0,0,0,0,0,0,0.295016246763143,0.293358638173058,0.328114517117271,0,0,0.416213018195715,0,0.326538618492044,0,0.33589148024718,0,0,0,0,0,0,0,0,0,0.342665862292051,0.355049520730972,0.371183088812672,0.302184015512466,0.293513450750989,0,0.291920940345024,0.29483665074957,0.403412699699402,0,0.282477371645777,0.311959117650986,0.305340433634772,0.367171233892441,0,0,0.305541381239891,0,0,0,0.246531531214714,0,0.40319223218494,0,0.391805526155692,0,0.309016996452994,0.314856973787149,0.322993447383245,0.279760087069509,0,0.336462692780928,0,0.41387268366913,0,0.444911298260354,0,0.454734193867651,0.299552544951439,0,0,0.222284096937913,0,0.328683669135368,0.336843502521515,0.294966255363665,0.321401536464691,0.320813178755603,0.284934502094984,0.352453306215323,0.305029919371009,0.296595200896263
0,0,0.179402370005846,0,0.194956969296665,0,0.189569030521494,0,0,0,0,0,0,0,0,0,0,0,0.229544371366501,0,0.211591006805881,0,0,0,0,0,0,0,0,0,0,0,0,0,0,0,0.219620850156335,0,0,0,0.257556468248367,0,0.264138396119788,0,0,0,0.238273621239561,0,0.203411305323243,0,0,0,0.157359255737142,0,0,0,0.228188058844319,0,0.210490452151903,0,0.20289232639166,0,0,0.248398476569843,0,0,0,0,0,0,0,0.277480587363243,0,0.240044770496232,0,0,0,0,0,0.216998477362924,0,0.229131177067757,0.205732351763451,0,0.242195595045937,0,0.263510398566723
0,0,0,0.232826157522045,0,0.191876738782852,0,0.201142950755794,0,0,0,0.219908073544502,0,0,0,0,0,0,0,0,0,0,0,0,0,0,0,0,0,0,0,0,0,0,0,0.28210778037707,0,0.266615957021713,0,0.297610521316528,0,0.275730192661285,0,0,0,0,0,0,0,0.305541381239891,0,0,0,0.188634504220988,0,0,0,0.274461518023528,0,0,0,0.205444419022762,0,0,0,0,0,0,0,0,0,0,0,0,0,0,0,0,0,0,0.277252778410912,0,0.269938319921494,0,0.256649538059719,0,0
0,0,0,0,0.161117432540969,0,0.16106922318076,0,0,0,0.164289648334185,0,0,0,0,0,0,0,0,0,0,0,0,0,0,0,0,0,0,0,0,0,0,0,0,0,0,0,0,0,0,0,0,0,0,0,0,0,0,0,0.157359255737142,0,0,0,0,0,0.173453450759995,0,0.213109234968821,0,0,0,0,0,0,0,0,0,0,0,0,0,0,0,0,0,0,0,0,0,0,0,0.158635820605253,0,0,0,0
0,0,0,0,0,0.194438597069511,0,0.185198596307163,0,0,0,0.147919505834579,0,0.148231466114521,0,0,0,0,0,0,0,0,0,0,0,0,0,0,0,0,0,0,0,0,0,0,0,0,0,0,0,0,0,0,0,0,0,0,0,0,0,0.188634504220988,0,0,0,0,0,0.231524842749844,0,0,0,0,0,0,0,0,0,0,0,0,0,0,0,0,0,0,0,0,0,0,0,0,0.161518420225808,0,0,0,0
0.221847540648754,0,0.16503675081087,0,0.181281376630068,0,0,0,0.23405410148002,0,0,0,0,0,0.217860544269735,0,0,0,0.248486995697021,0,0,0,0,0,0.274029337727337,0,0.256218847759227,0,0,0,0,0,0,0,0,0,0.202443554997444,0,0.225325644016266,0,0.238983482122421,0,0.264672032472762,0,0,0,0.23659809678793,0.345866665244102,0.175579013116658,0,0,0,0,0,0,0,0.26023359190334,0,0,0,0.219464432407803,0,0,0.278910636901855,0,0,0,0.17493619324712,0,0.227701644516653,0,0.294185088947415,0,0.249591215090318,0,0,0,0,0,0.296022355556488,0.304010033607483,0.242256779755865,0.263184527410012,0,0.236875879764557,0,0
0,0.128750007450581,0,0.235676099620168,0,0,0,0,0,0.234673588254381,0,0,0,0,0,0.181060995906591,0,0,0,0,0,0,0,0.214621554217606,0,0.230546303093433,0,0,0,0,0,0,0,0,0,0.27590212225914,0,0.192063420706866,0,0,0,0.280768305063248,0.282415807247162,0,0,0,0,0,0,0.246531531214714,0,0,0,0,0,0,0,0,0,0,0,0,0,0,0,0,0.201221702733138,0,0,0,0,0,0,0,0,0,0,0,0,0,0.241944160312414,0,0.20075036474952,0,0.194327069740546,0,0
0.407927102985836,0,0.247904040690126,0,0.219634218649431,0,0.203922879678765,0,0.321945641438166,0,0.160891764924208,0,0.170159474015236,0,0,0,0.232689827680588,0,0.263712255018098,0,0.195164341572672,0,0,0,0,0,0,0,0,0,0,0,0,0,0,0,0.134709173074648,0,0.156999028650404,0.302344679832458,0.270216549436251,0,0.286822726814584,0,0,0,0.257488977524542,0.356648087501526,0.329795882566095,0,0.228188058844319,0,0.173453450759995,0,0.26023359190334,0,0,0,0.27941057232669,0,0.244153550037971,0,0,0.290245834014322,0,0,0,0.372005194425583,0,0,0,0.345159778859776,0,0.31648457500309,0,0,0,0,0.273409724235535,0.285896312805914,0,0.256172848018733,0.23537018802391,0,0.328084486078763,0,0.406536281108856
0,0,0,0.273255242241753,0,0.230114328734418,0,0.247782335382827,0,0,0,0.220284430838553,0,0.140922866761684,0,0,0,0,0,0.113258617619673,0,0,0,0,0,0,0,0,0,0.242890423349061,0,0,0,0,0,0.128437098860741,0,0.300290018320084,0,0,0,0.301188796758652,0,0,0,0.30110335846742,0,0,0,0.40319223218494,0,0.274461518023528,0,0.231524842749844,0,0,0,0,0,0.297500664989154,0,0.27957358956337,0.229523981975011,0,0,0,0,0,0.456263760725657,0,0.354810294676192,0,0.320647824897898,0,0,0,0,0,0,0,0.222621211951429,0,0.167716746579628,0,0.344494780969828,0,0
0,0,0.208762759199509,0,0.202892594716766,0,0.209187638014555,0,0,0,0.185185407061835,0,0.223731656747681,0,0,0,0,0,0.252792119979858,0,0,0,0,0,0,0,0,0,0.248398719175208,0,0,0,0,0,0,0,0.239936198507036,0,0,0,0.249457567930222,0,0.275073021650314,0,0,0,0.256729574430557,0,0.295209032834553,0,0.210490452151903,0,0.213109234968821,0,0,0,0.27941057232669,0,0,0,0.233256728241318,0,0,0.290658455755975,0,0,0,0,0,0,0,0.313145125740104,0,0.270779871514865,0,0,0,0,0,0.236885692179203,0,0.242488235235214,0.189641104581264,0.193712299832931,0.276727045353721,0,0
0,0,0,0.250077724672746,0,0.172293409705162,0,0.17719142138958,0,0,0,0.147020790832383,0,0.141846062921149,0,0,0,0,0,0,0,0,0,0,0,0.408298481017985,0,0,0,0,0,0,0,0,0,0,0,0,0,0.218501061201096,0,0.263976633548737,0,0,0,0,0,0,0,0.391805526155692,0,0,0,0,0,0,0,0.297500664989154,0,0,0,0.299150929939978,0,0,0,0,0,0,0.429406836255763,0,0.413391266018152,0,0,0,0,0,0,0,0,0,0,0,0.161963015794754,0,0.355876534432173,0,0
0.351752176880836,0,0.196337859663698,0,0.194446876645088,0,0,0,0.204227210084597,0,0,0,0,0,0.194737073177328,0,0,0,0.242660403251648,0,0,0,0,0,0.210529906245378,0,0.214899948010078,0,0,0,0,0,0,0,0,0,0,0,0.240808104475339,0,0.233351819217205,0,0.273039346767796,0,0,0,0.277983884016673,0.281270802021027,0.271011188554187,0,0.20289232639166,0,0,0,0.219464432407803,0,0.244153550037971,0,0.233256728241318,0,0,0,0,0.277094006538391,0,0,0,0,0,0.197618896335674,0,0.262320154136227,0,0.261510243018468,0,0,0,0,0,0.21825398504734,0,0.231529712677002,0.296384824121871,0,0.292644023538777,0,0
0,0.213803938031197,0,0.250532555911276,0,0.198029061158498,0,0,0,0,0,0,0,0,0,0.19376074274381,0,0,0,0,0,0,0,0.260218051483305,0,0.262549178191909,0,0,0,0,0,0,0,0,0,0,0,0,0,0,0,0,0,0,0,0,0,0,0,0.309016996452994,0,0.205444419022762,0,0,0,0,0,0.27957358956337,0,0.299150929939978,0,0,0,0,0,0,0.24044498959942,0,0.355372125333659,0,0.449806114037832,0,0,0,0,0,0,0,0,0,0,0,0,0,0.290729427753493,0,0
0,0,0,0.314652658998966,0,0.154925781488419,0,0,0,0,0,0.19599304596583,0,0,0,0,0,0,0.276643007993698,0.161600713633018,0,0,0,0,0,0,0,0,0,0,0,0,0,0,0,0.200614021203228,0,0.223638440171878,0,0.271725421860105,0,0.275662317872047,0,0,0,0.255602386316921,0,0,0.266716480255127,0.314856973787149,0,0,0,0,0,0,0,0.229523981975011,0,0,0,0,0,0,0,0,0,0,0,0,0,0,0.278284936522444,0,0,0,0,0,0.23944395743861,0,0.285155134444887,0,0.245963587620101,0,0.274353339089512,0,0
0.307898670434952,0,0.306905224919319,0,0.194207201464267,0,0,0,0.339206119378408,0,0,0,0,0,0,0,0.306222492889051,0.293550987328802,0.306210667569572,0,0.239553520494111,0,0,0,0,0,0,0,0,0,0.310929641127586,0,0,0,0,0,0.250575493972544,0,0.283640418413349,0.310089066624641,0.24919892847538,0.299334764480591,0.318984644225629,0,0.321075350046158,0,0.260111210398883,0,0.321549467742443,0.322993447383245,0.248398476569843,0,0,0,0.278910636901855,0,0.290245834014322,0,0.290658455755975,0,0.277094006538391,0,0,0,0,0,0,0,0,0,0,0.318136257078589,0,0.309222689147418,0,0,0,0,0.328484017401934,0.2737875020504,0.335629443327586,0.312520304978218,0.301951345470217,0.289352464832758,0.298257130778717,0,0.290922316637906
0,0,0,0,0,0,0,0,0,0,0,0,0,0,0,0,0,0.216858929821423,0,0,0,0.266695615978512,0,0.258231906467173,0,0.206745877734616,0,0.182647906243801,0,0,0,0,0,0,0,0,0,0.328250478024814,0,0,0,0,0,0,0,0,0,0,0,0.279760087069509,0,0,0,0,0,0,0,0,0,0,0,0,0,0,0,0,0.321247062448299,0,0.272753165511603,0,0.251892637908459,0,0,0,0,0,0,0,0,0,0.313040330432929,0,0.224109240166317,0.125045366193119,0,0,0
0,0,0,0,0,0,0,0,0,0,0,0,0,0,0,0,0.162970349192619,0,0,0,0,0,0.24267902979078,0,0.367207543872227,0,0.246663933170253,0,0.192939441721394,0,0,0,0,0,0,0,0,0,0.340096792155826,0,0,0,0,0,0,0,0,0.57852765917778,0.503848247331192,0,0,0,0,0,0,0,0,0,0,0,0,0,0,0,0,0,0,0.352670884895136,0,0.212755585803926,0,0.228589467704296,0,0,0,0,0,0,0,0,0,0.27042505118224,0.247784953117371,0.179499591328204,0,0,0
0,0.2611203285364,0,0.298074758052826,0,0,0,0,0,0.203351190074896,0,0,0,0,0,0,0,0,0.260983350376288,0,0,0.238400580466918,0,0.28308711300745,0,0.25613759458065,0,0,0,0,0,0,0,0,0,0,0,0.30164474018218,0,0.357117474079132,0,0.386091136015379,0.315590471029282,0,0,0,0,0.239772960543633,0.279781937599182,0.336462692780928,0,0,0,0,0,0.201221702733138,0,0,0,0,0,0.24044498959942,0,0,0.321247062448299,0,0,0,0.2731262490911,0,0,0,0,0,0,0,0,0,0.329526484012604,0,0.194595456123352,0,0.242702826301092,0.298639699816704,0.352530083619058,0,0
0.249793988122089,0,0,0,0,0,0,0,0.228832487478143,0,0,0,0,0,0,0,0,0,0,0,0,0,0.191929376125336,0,0.302644993652778,0,0.279397164003469,0,0,0,0,0,0,0,0,0,0,0,0.318368526111974,0,0,0,0.288857227989606,0,0,0,0,0.372603165606658,0.510248351097107,0,0,0,0,0,0.17493619324712,0,0.372005194425583,0,0,0,0,0,0,0,0,0.352670884895136,0,0,0,0.272648982490377,0,0,0,0,0,0,0,0,0,0,0,0.20950685068965,0.409791079329449,0.411643659075101,0.286023979858747,0,0
0,0.368963550178098,0,0.338334202766418,0,0,0,0,0,0.363394439220428,0,0,0,0,0,0,0,0.189049445589383,0.355403453111649,0,0,0.174729096494159,0,0.211342084484223,0,0.299157321962792,0,0.225767829588481,0,0,0,0,0,0,0,0,0,0.307434936364492,0,0.364846259355545,0,0.362482174237569,0.285776376724243,0,0,0.331572741270065,0,0.322125315666199,0,0.41387268366913,0,0,0,0,0,0,0,0.456263760725657,0,0.429406836255763,0,0.355372125333659,0,0,0.272753165511603,0,0.2731262490911,0,0,0,0.449613832137541,0,0,0,0,0,0,0,0,0,0,0,0.229481854609081,0,0.415788128102651,0,0
0,0,0,0,0,0,0,0,0.244951227068446,0,0,0,0,0,0.191826126154731,0,0.180766753852367,0,0,0,0,0,0.250271573662758,0,0.239580982367871,0,0.214357712977035,0,0.222940586838457,0,0,0,0,0,0,0,0,0,0.49355709211654,0,0,0,0.34825524687767,0,0,0,0,0.265282064676285,0.402258787096314,0,0,0,0,0,0.227701644516653,0,0,0,0,0,0.197618896335674,0,0,0,0,0.212755585803926,0,0.272648982490377,0,0,0,0.260747581206519,0,0,0,0,0,0,0,0,0,0.591947627919061,0.375711297226507,0,0.254939812421799,0,0
0,0.402027487754822,0,0.337891707817713,0,0,0,0,0,0.388996511697769,0,0.14911302285535,0,0.132685075689863,0,0,0,0,0.35541366537412,0,0,0,0,0,0,0.386550905845933,0,0.185053464872876,0,0.202871012092425,0,0,0,0,0,0,0,0.25306186452508,0,0,0,0.37379525737329,0,0,0,0.320503771305084,0,0,0,0.444911298260354,0,0,0,0,0,0,0,0.354810294676192,0,0.413391266018152,0,0.449806114037832,0,0,0.251892637908459,0,0,0,0.449613832137541,0,0,0,0.266708839559153,0,0,0,0,0,0.30092990398407,0,0.269054773415244,0,0.218260652368719,0,0.40997584189724,0.371039152145386,0
0.390370361804962,0,0.292805496603251,0,0.266134536266327,0,0,0,0.337511864091669,0,0,0,0.203739570246802,0,0,0,0.32221939846089,0.297556986411413,0.326417159492319,0,0.286664441227913,0,0.231853342396872,0,0.675315499305725,0,0.189633828146677,0,0.226249817058483,0,0.214026467214158,0,0,0,0,0,0.327346250414848,0,0.362060498860147,0.314648471772671,0.300252428278327,0.325638860464096,0.323225110591272,0,0,0,0.290422841272456,0,0.347682098547618,0,0.277480587363243,0,0,0,0.294185088947415,0,0.345159778859776,0,0.313145125740104,0,0.262320154136227,0,0,0.318136257078589,0,0.228589467704296,0,0,0,0.260747581206519,0,0,0,0.403542529731701,0,0,0,0,0,0.322281432151794,0.353343397378922,0.299916059117426,0.312540044897858,0.193063679210683,0.37899305129316,0,0.396847897562487
0,0.348443239927292,0,0.330301813284556,0,0,0,0,0,0.379499465227127,0,0.271073037534952,0,0,0,0,0.291871279478073,0.33451671898365,0.393591490197689,0,0,0,0,0,0,0,0,0.228621407411993,0,0.225918648064705,0,0,0,0,0,0.326536685228348,0,0.233808587663449,0,0.326235094491173,0,0.344727245625108,0.329081803560257,0.405913561582565,0,0.282225835503954,0,0.34335669875145,0,0.454734193867651,0,0,0,0,0,0,0,0.320647824897898,0,0,0,0,0.278284936522444,0,0,0,0,0,0,0,0.266708839559153,0,0,0.303189814090729,0,0,0,0,0.305448451212474,0.324500910937786,0.246661582735302,0.31718236207962,0.371611372397764,0.338927179574966,0.371943538649333,0.369677801926931,0
0.415905390679836,0,0.293860993647979,0,0.250778384506702,0,0,0,0.308900584704685,0,0.164119128997509,0,0,0,0,0,0.307415655688431,0.285989607735114,0.29576829235161,0,0.280843856296054,0,0,0,0,0,0,0,0.250522000224967,0,0.186777454379999,0,0,0,0,0.324631422758102,0.319660879671574,0,0.207602722636641,0.337196279317141,0.268651208064208,0.314643894250576,0.295509774039088,0,0.328217566013336,0,0.278927950701232,0.295501977205276,0.297106528282166,0.299552544951439,0.240044770496232,0,0,0,0.249591215090318,0,0.31648457500309,0,0.270779871514865,0,0.261510243018468,0,0,0.309222689147418,0,0,0,0,0,0,0,0.403542529731701,0.303189814090729,0,0,0,0,0,0.291934847831726,0.292179188905156,0.346349477767944,0.254832540975397,0.356824952178076,0.293598478632187,0.337940787125115,0,0.354241509847247
0,0,0,0,0,0,0,0,0,0,0,0,0,0,0,0,0,0,0,0,0,0,0,0,0,0,0,0,0,0,0,0.276452217316092,0.248555457592011,0.255743254612132,0,0.276266236224511,0,0,0,0,0,0,0,0,0,0,0,0.338503982659048,0.522099614143372,0,0,0,0,0,0,0,0,0,0,0,0,0,0,0,0,0,0,0,0,0,0,0,0,0,0,0.317920649690287,0.259867810139214,0.267758578062057,0.304729496655257,0.323571801185608,0,0,0.144545901566744,0,0,0,0
