0,0,173.47573953867,0,1.79957377910614,0,0,0,538.596271455288,0,0,0,0,0,25.8004268705845,0,0,0,41.5051991343498,0,0,0,0,0,0,0,0,0,0,0,0,0,0,0,0,0,0.884151846170425,0,0,0,0,0,1.95337584614754,0,0,0,0.471383541822433,0,374.881826892495,0,0,0,0,0,370.74164287746,0,0,0,0,0,212.46201351285,0,0,0,0,0,0,27.7980931401253,0,0,0,0,0,0,0,0,0,0,0,2.25152893364429,0,2.1655238866806,732.000076472759,0,59.6905607283115,0,4.41546079516411
0,0,0,171.306334972382,0,0,0,0,0,669.088205114007,0,0,0,0,0,1.44328621029854,0.211927562952042,2.1078883856535,42.8053580075502,4.99770188331604,0,0,0,2.950150847435,0,0,0,0,0,0,0,0,0,0,0,31.0657952874899,0,0,0,5.77472332119942,0.331473648548126,89.5039012432098,0,2.63147523999214,0,10.7103098332882,0,0,0,334.077711597085,0,0,0,0,0,605.688196286559,0,64.3171038627625,0,26.2135134935379,0,134.495001643896,58.2680346816778,0,0,0,91.3003863841295,0,0,0,2.29120367765427,0,26.8987450897694,0,0,0,0,0,231.55411696434,0,38.6477017998695,0,633.079765796661,0,418.006954818964,1.13926857709885,0
173.47573953867,0,0,0,55.8033357560635,0,0,0,170.594680786133,0,0,0,0,0,0,0,0,0,6.41073505580425,0,4.13161644339561,0,0,0,0,0,0,0,0,0,0,0,0,0,0,0,5.80173933506012,0,0,0,1.64951393008232,0,36.4716877788305,0,3.1212297976017,0.337090879678726,4.35221180319786,0.354960680007935,275.325312614441,0,53.9495821595192,0,0,0,345.833309650421,0,15.905270755291,0,28.6974767744541,0,13.2428169846535,0,0,0.801918134093285,0,0,0,0,0,0,0,0,0,0,0,0,0,0,0,9.49011196196079,0,1.32300925254822,175.33025918901,0,355.993361264467,0,50.461995691061
0,171.306334972382,0,0,0,90.071923404932,0,0,0,3.71310843527317,0,9.46757036447525,0,0,0,59.0268422365189,0,0,3.78761458396912,1.12619099020958,0,0,0,0,0,0,0,0,0,0,0,0,0,0,0,7.51530487835407,0,0,0,4.31518127024174,0,33.9478972107172,0,0,0,7.16312643885612,0,0,0,185.874209344387,0,16.907313555479,0,0,0,44.5394376516342,0,98.5696570575237,0,32.5495197474957,0,47.0565178394318,4.87242309749126,0,0,0,0,0,0,0,14.9304506480694,0,15.5230740010738,0,0,0,0,0,21.1392567008734,0.351674854755402,5.887325912714,0,113.052391856909,0.77579391002655,389.617682293057,0,0
1.79957377910614,0,55.8033357560635,0,0,0,274.769403547049,0,21.1065262556076,0,0,0,20.4773363471031,0,52.4291149973869,0,0,0,0,0,72.9066040813923,0,0,0,0,0,0,0,0,0,0,0,0,0,0,0,88.1051021516323,0,0,0,0,0,0.542015135288239,0,0,0,0,0,0,0,787.636338382959,0,56.0392526984215,0,5.31524610519409,0,6.34868344664574,0,153.482930839062,0,101.056892260909,0,0,0.964955717325211,0,0,0,0,0,0,0,0,0,0,0,0,0,0,0,7.37027107179165,0,0,1703.40171527863,134.008983433247,65.7922189235687,0,1.22820889949799
0,0,0,90.071923404932,0,0,0,56.600597858429,0,0.885761976242065,0,1.37383371591568,0,5.14937919378281,0,37.9012081623077,0,0,0,55.0326499640942,0,0,0,0,0,0,0,0,0,0,0,0,0,0,0,2.25444650650024,0,0,0,0,0,10.7548325061798,0,0,0,0.978757679462433,0,0,0,3.7601420879364,0,438.939948856831,0,23.230774641037,0,12.3125542402267,0,47.61857894063,0,34.5122807621956,0,30.684238255024,5.24416364729404,0,0,0,0,0,0,0,1.08631777763367,0,0,0,0,0,0,0,0,0,0,0,480.690198987722,95.2544741332531,67.3471790552139,0,0
0,0,0,0,274.769403547049,0,0,0,0,0,47.6673367917538,0,177.479625552893,0,0,0,0,0,0,0,0,0,0,0,0,0,0,0,0,0,0,0,0,0,0,0,0,0,0,0,0,0,0,0,0,0,0,0,0,0,344.171355217695,0,796.277521073818,0,0,0,108.102639630437,0,0.709606111049652,0,0,0,0,0,0,0,0,0,0,0,0,0,0,0,0,0,0,0,0,0,0,0,724.390612721443,1.38248419761658,0,0,0
0,0,0,0,0,56.600597858429,0,0,0,0,0,20.1167564690113,0,0,0,0,0,0,0,13.8024649620056,0,0,0,0,0,0,0,0,0,0,0,0,0,0,0,31.8990086466074,0,0,0,0,0,0,0,0,0,0,0,0,0,0,0,65.0137835741043,0,488.940621331334,0,0,0,146.753749325871,0,23.3672652989626,0,0,0,0,0,0,0,0,0,0,0,0,0,0,0,0,0,0,36.2522896528244,0,0,0,501.501477450132,6.42362523078918,0,0,0
538.596271455288,0,170.594680786133,0,21.1065262556076,0,0,0,0,0,0,0,0,0,186.049573898315,0,6.66198149323463,2.5910792350769,12.2674276828766,0,1.9094158411026,0,0,0,74.1484236717224,0,59.465233027935,0,0,0,0,0,0,0,0,0,3.20974314212799,0,24.7372740060091,0,0,0,51.314133733511,0,1.87494564056396,0,0,0,20.8231690227985,0,4.97002422809601,0,0,0,818.067276328802,0,1.19812631607056,0,1.71939039230347,0,368.329423740506,0,0,0,0,0,0,137.980560198426,0,21.8643824756145,0,0,0,0,0,0,0,0,0,1.58416593074799,0,0.676179707050323,1638.48235201836,30.2075061798096,40.0711493492126,0,0
0,669.088205114007,0,3.71310843527317,0,0.885761976242065,0,0,0,0,0,0,0,0,0,853.357963413,0,119.227628797293,0,1.57500544190407,0,0,0,101.995829224586,0,0,0,0,0,0,0,0,0,0,0,2.0186240375042,0,44.854075267911,0,2.88820284605026,0,119.584636896849,0,0,0,0,0,0,0,87.7910829782486,0,0,0,0,0,724.115239590406,0,34.3287453949451,0,0.376905679702759,0,112.585544496775,24.9124587476254,0,0,0,421.343014925718,0,35.0427618920803,0,1.16638422012329,0,17.8714404404163,0,0,0,0,0,14.2571571320295,0,78.7617117166519,0,1111.28665477037,630.53456518054,148.467709302902,7.81764934957027,0
0,0,0,0,0,0,47.6673367917538,0,0,0,0,0,134.525596156716,0,0,0,0,0,0.354486227035522,0,375.72995840013,0,0,0,0,0,0,0,0,0,79.9978344142437,0,0,0,0,0,94.1215346604586,0,871.191441118717,0,0,0,0,0,0,0,0.694080621004105,0,0,0,0,0,53.5714448094368,0,0,0,1932.93736240268,0,105.619311928749,0,0,0,0,186.556522712111,0,0,0,0,0,0,0,0,0,66.2589701861143,0,0,0,0,0,0.11944155395031,0,107.602600827813,466.99731117487,0,22.4253069609404,0,0
0,0,0,9.46757036447525,0,1.37383371591568,0,20.1167564690113,0,0,0,0,0,173.521283760667,0,0,0,0,0,291.973369002342,0,0,0,0,0,0,0,8.90617680549622,0,40.1338727772236,0,0,0,0,0,125.553022757173,0,348.431310385466,0,0,0,0,0,0,0,0,0,0,0,0,0,0,0,0,0,0,0,2229.72552186251,0,391.813574358821,0,0,4.38853704929352,0,0,0,0,0,0,0,0,0,84.4612867683172,0,0,0,0,0,50.1510100364685,0,104.3484223634,0,58.5917610228062,0,13.9162146449089,0,0
0,0,0,0,20.4773363471031,0,177.479625552893,0,0,0,134.525596156716,0,0,0,50.083154886961,0,0,0,0,0,0,0,0,0,0,0,0,0,8.50970365107059,0,0,0,0,0,0,0,0,0,0,0,0,0,0,0,0,0,0,0,0,0,0,0,109.17433296144,0,0,0,16.4583309143782,0,1486.05380854011,0,38.8201467394829,0,0,0,0,0,0,0,0,0,0,29.310359403491,0,0,0,0,0,0,0,0,0,0,620.249687895179,238.99779894948,0,0,0
0,0,0,0,0,5.14937919378281,0,0,0,0,0,173.521283760667,0,0,0,120.242666721344,0,1.79254192113876,0,0,0,0,0,0,0,0,0,59.6963341832161,0,0,0,0,0,0,0,0,0,0,0,0,0,0,0,0,0,0,0,0,0,0,0,0,0,0,0,0,0,11.8471233844757,0,1991.77816335857,0,38.3054685592651,0,0,0,0,0,0,21.4854619503021,0,34.53731136024,0,0,0,0,0,0,0,0,0,0,0,887.929118216038,1621.12320771813,0,0,0
25.8004268705845,0,0,0,52.4291149973869,0,0,0,186.049573898315,0,0,0,50.083154886961,0,0,0,0,0,0,0,0,0,0,0,0,0,44.7890769839287,0,0,0,0,0,0,0,0,0,0,0,0,0,0,0,0,0,0,0,0,0,0,0,0.555177271366119,0,0,0,16.8789714574814,0,0,0,40.1814005076885,0,693.816967993975,0,0,0,0,0,0,7.77487131953239,0,40.2634946703911,0,0,0,0,0,0,0,0,0,0,0,0.193516299128532,6.68284599483013,0,3.0656691044569,0,0
0,1.44328621029854,0,59.0268422365189,0,37.9012081623077,0,0,0,853.357963413,0,0,0,120.242666721344,0,0,12.4997389614582,314.406593203545,1.01845979690552,2.67757225036621,0,0,0,135.146071702242,0,11.1063811182976,0,0,0,0,0,0,0,0,0,0.134263694286346,0,3.1305420845747,0,2.12422442436218,0,4.7815246284008,0,0,0,5.22842907905579,0,0,0,11.9979532063007,0,5.88256597518921,0,0,0,13.9321814328432,0,26.8674878776073,0,59.9451996833086,0,270.847698539495,0,0,0,0,110.951283916831,0,40.5456828773022,0,1.11243282258511,0,0,0,0,0,0,0,0,0,30.8283203393221,0,797.016010701656,454.361378118396,10.7868060767651,0,0
0,0.211927562952042,0,0,0,0,0,0,6.66198149323463,0,0,0,0,0,0,12.4997389614582,0,13111.7141784951,3922.85528242588,0,0,36.7496304064989,887.456771194935,10.7836998254061,15.6675469726324,12.0091234147549,670.426481023431,0,24.4917966425419,0,0,0,0,0,0,2.4128285497427,2.75525262951851,0,0,0.879324436187744,30.8845758885145,11.2436248064041,23.9591100662947,5.01852768659592,16.5714121311903,13.7244980931282,10.7045748382807,0,5.22963270545006,0,0,0,0,0,0,0,0,0.472634762525558,0,0,0,0,29.2017136663198,2.07542786002159,0.212283730506897,55.6350467205048,0,30.010458663106,16.183138564229,213.457224041224,0,0,0.119390875101089,0,0,0,0,0,25.5298446416855,34.4195506125689,1.34610216319561,0.590117692947388,6849.40512836725,737.52324283123,55.9414856135845,5.02271485328674,5.53753063082695
0,2.1078883856535,0,0,0,0,0,0,2.5910792350769,119.227628797293,0,0,0,1.79254192113876,0,314.406593203545,13111.7141784951,0,3389.2898761183,0,0,283.550251960754,19.2651985734701,71.500793389976,0.312361359596252,1061.7401599586,19.2033767402172,0,0,0,0,0,0,0,0,1.59865665435791,0.8062424659729,0,0,0,9.56308469176292,6.01932109892368,7.10801869630814,3.84516979753971,4.94724652171135,2.36405408382416,9.87678627669811,0,0.234258130192757,0.31415119767189,0,0,0,0,0,3.34413594007492,0,0.338110417127609,0,0,0,31.9530603587627,16.4544480741024,0,14.5074924230576,1.98935186862946,10.926025301218,3.69188962876797,762.857652395964,3.02669456601143,0,0,0,0,0,0,0,0,11.4735731184483,10.4154761880636,0.406977653503418,0,6230.63075184077,973.280845016241,19.6761242002249,3.38886414468288,0.723300039768219
41.5051991343498,42.8053580075502,6.41073505580425,3.78761458396912,0,0,0,0,12.2674276828766,0,0.354486227035522,0,0,0,0,1.01845979690552,3922.85528242588,3389.2898761183,0,10.6674689650536,0,0.703148484230042,4.4973106533289,2.48155024647713,0,2.73155701160431,3.51665100455284,0,0,0,2.39881157875061,0,0,0,0,103.609661176801,123.808504119515,0,14.3038127720356,34.7576802372932,618.32774028182,1103.55589742959,1234.56207643449,397.866227641702,408.599959909916,294.472719609737,365.809889599681,1.7548736333847,173.209136486053,12.6624862402678,0,0,0,0,1.23635947704315,1.77023410797119,0.644202411174774,12.5098915621638,0,1.05986472964287,0.146479815244675,0.181203931570053,848.86091299355,49.9034568220377,0,0.531563997268677,0,0,7.94622771441936,3.52851152420044,1.49117989838123,0,9.88756443560123,7.01056109368801,0,1.28719301521778,0,0,1183.12490718812,1301.56109817326,82.0322430580854,73.1071679294109,3171.8223952055,11.5029888898134,2312.28357420862,486.368719823658,207.614977955818
0,4.99770188331604,0,1.12619099020958,0,55.0326499640942,0,13.8024649620056,0,1.57500544190407,0,291.973369002342,0,0,0,2.67757225036621,0,0,10.6674689650536,0,0,0,0,0,0,0,0,0,0,0,0,0,0,0,0,1580.39921428263,0,122.003152728081,0,1.07448494434357,0,8.40469664335251,0,2.07574462890625,0,16.8104907572269,0,0,0,0.506604641675949,0,1.13582748174667,0,0,0,0,0,311.053574681282,0,3.03741635382175,0,0,2074.97924436629,0,0,0,0,0,0,0,2.24718078970909,0,20.4189493209124,0,0,0,0,0,326.031606830657,0.14501915872097,17.8400401100516,0,689.882125765085,0,191.081232741475,6.54626715183258,0
0,0,4.13161644339561,0,72.9066040813923,0,0,0,1.9094158411026,0,375.72995840013,0,0,0,0,0,0,0,0,0,0,0,0,0,0,0,0,0,0,0,2.19168770313263,0,0,0,0,0,559.037952810526,0,82.3196237385273,0,0.439805030822754,0,0,0,0,0,26.0859046876431,0,0,0,174.07929559052,0,0,0,0.279789090156555,0,60.0447129756212,0,2.00087141990662,0,1.2986387014389,0,0,1825.17688593268,0,0,0,0,0,0,0,0,0,2.86134299635887,0,0,0,0,0,238.523066744208,0,1.48312602937222,286.125558778644,0,160.135001450777,0,0
0,0,0,0,0,0,0,0,0,0,0,0,0,0,0,0,36.7496304064989,283.550251960754,0.703148484230042,0,0,0,149.838810324669,180.717261731625,0,157.569997042418,0,229.462102502584,0,0,0,0,0,0,0,0,0,384.509046703577,0,0,0,0,0.316874265670776,0,0,0,0,0,0,48.1931122392416,0,0,0,0,0,0,0,0,0,0,0,0,0,0,8403.28607332706,16.4730254411697,68.0326543748379,0,84.8448815643787,0,141.524261623621,0,0,0,0,0,0,0,0,0,357.03245075047,0,1200.04867334664,243.772268205881,0,0,0
0,0,0,0,0,0,0,0,0,0,0,0,0,0,0,0,887.456771194935,19.2651985734701,4.4973106533289,0,0,149.838810324669,0,0,55.9657562375069,0,53.0194165706635,0,74.682424902916,0,0,0,0,0,0,0,0,0,268.806490898132,0,0,0,0,0,0,0,0,0,14.9760325551033,0,0,0,0,0,0,0,0,0,0,0,0,0,0,0,0,6791.44365459681,0,13.4268905520439,0,3.14624738693237,0,141.660034015775,0,0,0,0,0,0,0,0,0,203.092065528035,918.450537145138,38.1845582127571,0.688481509685516,0,0
0,2.950150847435,0,0,0,0,0,0,0,101.995829224586,0,0,0,0,0,135.146071702242,10.7836998254061,71.500793389976,2.48155024647713,0,0,180.717261731625,0,0,0,454.807044416666,0,0,0,0,0,0,0,0,0,0,0,427.392866656184,0,0,0,0,0,0,0,0,0,0,0,30.1895965188742,0,0,0,0,0,22.3364308923483,0,0,0,0,0,13.593145146966,0,0,70.2690943479538,0,606.217956453562,0,156.200335487723,0,0,0,0,0,0,0,0,0,0,0,228.062345981598,0,289.20176872611,5.67330169677734,3.34479188919067,0,0
0,0,0,0,0,0,0,0,74.1484236717224,0,0,0,0,0,0,0,15.6675469726324,0.312361359596252,0,0,0,0,55.9657562375069,0,0,0,338.886491298676,0,0,0,0,0,0,0,0,0,0,0,167.742822602391,0,0,0,13.5710082054138,0,0,0,0,0,20.5523205399513,0,0,0,0,0,32.7084428071976,0,0,0,0,0,0,0,0,0,0,28.9795776605606,0,906.68793733418,0,415.078490614891,0,0,0,0,0,0,0,0,0,0,0,171.557335853577,106.054997891188,0,0.420590281486511,0,0
0,0,0,0,0,0,0,0,0,0,0,0,0,0,0,11.1063811182976,12.0091234147549,1061.7401599586,2.73155701160431,0,0,157.569997042418,0,454.807044416666,0,0,1.54267537593842,156.965743005276,0,0,0,0,0,0,0,0,0,0,0,0,0,0,0,0,0,0,0,0,0,0,0,0,0,0,0,0,0,0,0,0,0,2.8948563337326,0,0,108.643308609724,0,93.3278200626373,0,653.867139399052,0,151.033000484109,0,0,0,0,0,0,0,0,0,3.27751868963242,0,353.537154316902,1.35775589942932,0,0,0
0,0,0,0,0,0,0,0,59.465233027935,0,0,0,0,0,44.7890769839287,0,670.426481023431,19.2033767402172,3.51665100455284,0,0,0,53.0194165706635,0,338.886491298676,1.54267537593842,0,0,266.746276140213,0,0,0,0,0,0,0,0,0,0.424683600664139,0,0,0,0,0,0,0,0,0,0,0,0,0,0,0,8.06285610795021,0,0,0,0,0,38.2150002419949,0,0,0,0,49.4212195277214,0,132.375663280487,1.02741050720215,882.424435824156,0,249.368630170822,0,0,0,0,0,0,0,0,0,0,197.151356011629,0,0,0,0
0,0,0,0,0,0,0,0,0,0,0,8.90617680549622,0,59.6963341832161,0,0,0,0,0,0,0,229.462102502584,0,0,0,156.965743005276,0,0,0,310.715518906713,0,0,0,0,0,0,0,17.8477554619312,0,0,0,0,0,0,0,0,0,0,0,0,0,0,0,0,0,0,0,0,0,125.1841686517,0,0,0,0,50.9900623559952,0,0,0,36.1436054259539,0,1732.04549323022,0,190.306695371866,0,0,0,0,0,0,0,9.01887610554695,0,277.880821615458,202.379826724529,0,0,0
0,0,0,0,0,0,0,0,0,0,0,0,8.50970365107059,0,0,0,24.4917966425419,0,0,0,0,0,74.682424902916,0,0,0,266.746276140213,0,0,0,321.672352701426,0,0,0,0,0,0,0,25.2084504663944,0,0,0,0,0,0,0,0,0,0,0,0,0,0,0,0,0,0,0,117.93394574523,0,0,0,0,0,0,27.8613780289888,0,0,0,130.612730920315,0,1578.38314342499,0,0,0,0,0,0,0,0,0,56.3001193851233,26.1076896190643,2.4692257642746,0,0,0
0,0,0,0,0,0,0,0,0,0,0,40.1338727772236,0,0,0,0,0,0,0,0,0,0,0,0,0,0,0,310.715518906713,0,0,0,0,0,0,0,0,0,179.564298838377,0,0,0,0,0,0,0,0,0,0,0,0,0,0,0,0,0,0,0,3.75298130512238,0,0,0,0,0.383731245994568,0,0,0,0,0,0,0,56.7287230044603,0,487.35489076376,0,0,0,0,0,0,0,49.4367569237947,0,39.7824864089489,0,0,0,0
0,0,0,0,0,0,0,0,0,0,79.9978344142437,0,0,0,0,0,0,0,2.39881157875061,0,2.19168770313263,0,0,0,0,0,0,0,321.672352701426,0,0,0,0,0,0,0,0,0,312.732911095023,0,0,0,1.29850320518017,0,0,0,1.53135046362877,0,0,0,0,0,0,0,0,0,69.7920375317335,0,0,0,0,0,0,2.21085506677628,0,0,0,0,0,0,0,72.4299807399511,0,265.287273526192,0,0,0,0,0,0.849762856960297,0,65.986961722374,31.8881189227104,0,32.3810485601425,0,0.811333864927292
0,0,0,0,0,0,0,0,0,0,0,0,0,0,0,0,0,0,0,0,0,0,0,0,0,0,0,0,0,0,0,0,730.475910261273,214.616597831249,1.38570648431778,401.206251740456,89.4432856738567,0,0,0,0,0,0,0,0,0,0,709.969969928265,3.94745695590973,27.9310443103313,0,0,0,0,0,0,0,0,0,0,0,0,0,0,0,0,0,0,0,0,0,0,0,0,1706.76387961209,76.2967156469822,62.8386724889278,17.3228060007095,240.373474746943,0.838824987411499,0,0,117.893436610699,0,0,0,0
0,0,0,0,0,0,0,0,0,0,0,0,0,0,0,0,0,0,0,0,0,0,0,0,0,0,0,0,0,0,0,730.475910261273,0,5.91471266746521,292.206885010004,89.8838939666748,291.371819242835,0,0,0,0,0,0,0,0,0,0,1356.34423157573,17.5859764516354,82.3965190052986,0,0,0,0,0,0,0,0,0,0,0,0,0,0,0,0,0,0,0,0,0,0,0,0,348.188248932362,1247.93212042749,0,16.5420085787773,0.4560906291008,98.1876055896282,0,0,318.16313329339,0,0,0,0
0,0,0,0,0,0,0,0,0,0,0,0,0,0,0,0,0,0,0,0,0,0,0,0,0,0,0,0,0,0,0,214.616597831249,5.91471266746521,0,925.916505724192,168.831636667252,0,55.0259031355381,0,0,0,0,0,0,0,0,0,1335.6064556092,0,66.4531968832016,0,0,0,0,0,0,0,0,0,0,0,0,0,0,0,0,0,0,0,0,0,0,0,0,11.0579298734665,0,2262.92521978915,38.9454459547997,79.0944827049971,0,40.327168494463,0,328.164393857121,18.1246844232082,0,0,0
0,0,0,0,0,0,0,0,0,0,0,0,0,0,0,0,0,0,0,0,0,0,0,0,0,0,0,0,0,0,0,1.38570648431778,292.206885010004,925.916505724192,0,0,375.107645064592,115.383547127247,341.811598271132,0,0,0,0,0,0,0,0,350.1907877177,19.2027858197689,0,0,0,0,0,0,0,0,0,0,0,0,0,0,0,0,0,0,0,0,0,0,0,0,0,0,218.78677803278,192.384051710367,723.982549369335,0,50.8419563472271,32.0139727592468,194.781652107835,271.085128009319,139.109809100628,0,0,0
0,31.0657952874899,0,7.51530487835407,0,2.25444650650024,0,31.8990086466074,0,2.0186240375042,0,125.553022757173,0,0,0,0.134263694286346,2.4128285497427,1.59865665435791,103.609661176801,1580.39921428263,0,0,0,0,0,0,0,0,0,0,0,401.206251740456,89.8838939666748,168.831636667252,0,0,1067.37932757288,1811.78418014944,0,17.2491135746241,1.22958572208881,76.9436389803886,0.144704326987267,19.7353712916374,1.62022313475609,60.3781348764896,1.49714221060276,140.217143714428,0,54.0907736718655,0.233588099479675,0,0,4.7797070145607,0,1.5417572259903,0.427485466003418,52.2963088676333,0,4.81246583908796,0,0.660857483744621,1367.33498869836,0,0,0,0.149807021021843,0,0,0,2.56290148198605,0,1.99555867165327,0,65.2351878583431,28.5391812324524,60.6654787808657,0,18443.6896884516,158.120315164328,489.522898435593,0,3544.87167535722,186.41101783514,299.23134920001,21.524592988193,0.569458186626434
0.884151846170425,0,5.80173933506012,0,88.1051021516323,0,0,0,3.20974314212799,0,94.1215346604586,0,0,0,0,0,2.75525262951851,0.8062424659729,123.808504119515,0,559.037952810526,0,0,0,0,0,0,0,0,0,0,89.4432856738567,291.371819242835,0,375.107645064592,1067.37932757288,0,0,914.413104504347,0,23.6405748128891,0,77.2627324908972,0.366383701562881,38.9892105907202,1.31544078886509,55.3657408058643,12.8309688419104,2.48339971899986,0,113.629808679223,0,0,0,8.02083346247673,0,40.4194231331348,0.946696996688843,11.7432069778442,0,0.243234843015671,0,1.27917146682739,401.498337209225,0,0,0,0,0,0,0,0,0,0.189200073480606,13.9891889095306,156.208003953099,0,28.6874116063118,67.056148737669,23461.2169481441,0,387.225881159306,2947.15616676956,534.048399597406,339.4523422122,0,11.2160758972168
0,0,0,0,0,0,0,0,0,44.854075267911,0,348.431310385466,0,0,0,3.1305420845747,0,0,0,122.003152728081,0,384.509046703577,0,427.392866656184,0,0,0,17.8477554619312,0,179.564298838377,0,0,0,55.0259031355381,115.383547127247,1811.78418014944,0,0,84.4111862182617,0,0,3.05558583140373,0,0,0,0,0,213.867942750454,0,238.639141887426,0,0,0,0,0,2.33529603481293,0,235.752090170979,0,0,0,0.190998435020447,36.9521410763264,0,322.220911160111,0,228.294230461121,0,0.955146685242653,0,28.7090975791216,0,449.748568207026,0,0,0,8.47642907500267,17.8817852735519,632.611189201474,0,10172.6485936493,1,548.476818040013,5.11949324607849,71.1417686790228,0,0
0,0,0,0,0,0,0,0,24.7372740060091,0,871.191441118717,0,0,0,0,0,0,0,14.3038127720356,0,82.3196237385273,0,268.806490898132,0,167.742822602391,0,0.424683600664139,0,25.2084504663944,0,312.732911095023,0,0,0,341.811598271132,0,914.413104504347,84.4111862182617,0,0,0.881771579384804,0,23.3959513604641,0,0,0,10.567646086216,217.785515710711,78.2463144958019,0,0,0,0,0,8.18097549676895,0,21.6515250504017,0,0,0,0,0,0,3.98561398684978,0,162.659743845463,0,274.239436388016,0,0.63551789522171,0,38.1236601173878,0,251.758524596691,0,0,0.8543401658535,49.6508552879095,0.106640376150608,662.534106791019,0,8366.40928068757,594.842367947102,26.4043490886688,172.87121167779,0,13.7671608477831
0,5.77472332119942,0,4.31518127024174,0,0,0,0,0,2.88820284605026,0,0,0,0,0,2.12422442436218,0.879324436187744,0,34.7576802372932,1.07448494434357,0,0,0,0,0,0,0,0,0,0,0,0,0,0,0,17.2491135746241,0,0,0,0,0,151.07094733417,0,7.35097151994705,0,31.750497251749,0.512087106704712,2.86716675758362,0,47.4656605869532,0,0,0,0,0,0,0,11.6626639217138,0,2.92458346486092,0,0,68.2203788608313,0,0,0,0,0,0,0,1.89844730496407,0,0.275776863098145,0,0,0,0,0,132.024042092264,0,18.7381119430065,0,44.7191504985094,0,125.490740910172,22.3687603920698,0
0,0.331473648548126,1.64951393008232,0,0,0,0,0,0,0,0,0,0,0,0,0,30.8845758885145,9.56308469176292,618.32774028182,0,0.439805030822754,0,0,0,0,0,0,0,0,0,0,0,0,0,0,1.22958572208881,23.6405748128891,0,0.881771579384804,0,0,7.78453886508942,1518.61386719346,7.36397515237331,225.875275835395,5.43916826695204,229.578461691737,1.45811903476715,208.166508153081,0.373910397291183,0,0,0,0,0.418697386980057,0,3.42815992236137,0.667099565267563,0,0.409783750772476,0,0,13.9812905490398,11.5491053462029,0,0,0,0,0,0,0.137297689914703,0,0,1.07525441050529,0,0,0,0,12.52335203439,504.057691678405,0.767967507243156,22.7160628288984,163.302750781178,0,770.144286207855,3.60782121121883,76.4943575114012
0,89.5039012432098,0,33.9478972107172,0,10.7548325061798,0,0,0,119.584636896849,0,0,0,0,0,4.7815246284008,11.2436248064041,6.01932109892368,1103.55589742959,8.40469664335251,0,0,0,0,0,0,0,0,0,0,0,0,0,0,0,76.9436389803886,0,3.05558583140373,0,151.07094733417,7.78453886508942,0,8.09203462302685,80.4117980599403,12.1131305918097,190.848773598671,2.7797836214304,0.208923995494843,1.74537539482117,131.728439584374,0,0,0,0,0,15.01646502316,0,68.2670460343361,0,39.4694037735462,0,7.31770905852318,1081.78538973629,0.196155935525894,0,0,31.6049438118935,0,0,0,5.90485319495201,0,38.894419118762,0,0,0,0,0,1074.82120451331,7.68589429557323,85.2278598994017,0,1367.59624558687,0,1484.80154620856,579.216880425811,0.91230297088623
1.95337584614754,0,36.4716877788305,0,0.542015135288239,0,0,0,51.314133733511,0,0,0,0,0,0,0,23.9591100662947,7.10801869630814,1234.56207643449,0,0,0.316874265670776,0,0,13.5710082054138,0,0,0,0,0,1.29850320518017,0,0,0,0,0.144704326987267,77.2627324908972,0,23.3959513604641,0,1518.61386719346,8.09203462302685,0,4.3761473596096,226.282252132893,4.94012156128883,62.3002091795206,12.880798459053,662.306134238839,0.172761723399162,1.43613615632057,0,0,0,7.16963991522789,0,25.1951432675123,0,0.945683896541595,0.194744393229485,0.706630483269691,0,9.89375139772892,24.5664605349302,0,0,0,9.54346725344658,0,0,0,0,0.33845292031765,18.9107205271721,0,0.785246312618256,0,0,10.3310658633709,1223.62760578841,0,35.7320218831301,956.476715072989,0,2576.56032916903,0.437338292598724,981.393365576863
0,2.63147523999214,0,0,0,0,0,0,0,0,0,0,0,0,0,0,5.01852768659592,3.84516979753971,397.866227641702,2.07574462890625,0,0,0,0,0,0,0,0,0,0,0,0,0,0,0,19.7353712916374,0.366383701562881,0,0,7.35097151994705,7.36397515237331,80.4117980599403,4.3761473596096,0,4.10845974087715,27.9368747025728,2.07180072367191,0,0.482033669948578,1.74785625934601,0,0,0,0,0,0,0,2.35504655539989,0,0,0,0,76.8915916532278,1.02896052598953,0,0,0,0,0,0,0,0,0.550460204482079,0,0,0,0,0,263.632716499269,12.0378591641784,8.2603802382946,0,50.3796333670616,0,119.041613936424,38.84766882658,0.51817162334919
0,0,3.1212297976017,0,0,0,0,0,1.87494564056396,0,0,0,0,0,0,0,16.5714121311903,4.94724652171135,408.599959909916,0,0,0,0,0,0,0,0,0,0,0,0,0,0,0,0,1.62022313475609,38.9892105907202,0,0,0,225.875275835395,12.1131305918097,226.282252132893,4.10845974087715,0,7.66033540666103,47.1210868805647,2.86908996105194,92.5523217916489,0,0,0,0,0,1.91678032279015,0,0,0.557594701647758,0,0,0,0,14.265502601862,5.8797445744276,0,0,0,0,0,0,0,0,0.402284145355225,0,0,0.554056659340858,0,0,17.9905577078462,427.126834794879,0,4.60861700773239,282.478717729449,0,197.710442513227,2.57466644048691,8.51689672470093
0,10.7103098332882,0.337090879678726,7.16312643885612,0,0.978757679462433,0,0,0,0,0,0,0,0,0,5.22842907905579,13.7244980931282,2.36405408382416,294.472719609737,16.8104907572269,0,0,0,0,0,0,0,0,0,0,0,0,0,0,0,60.3781348764896,1.31544078886509,0,0,31.750497251749,5.43916826695204,190.848773598671,4.94012156128883,27.9368747025728,7.66033540666103,0,1.03381499648094,0,0.560595005750656,17.4231174141169,0,0,0,0,0,13.5500793457031,0.110275842249393,64.4468327686191,0,33.5922308266163,0,5.72990158200264,430.719833999872,0.177300035953522,0,0,0,0,0,0,12.4996959269047,0,18.4134153947234,0,0,0,0,0,451.349781863391,10.1656141504645,82.905341476202,0,214.029695160687,0,399.911496296525,6.28501515090466,0.191698595881462
0.471383541822433,0,4.35221180319786,0,0,0,0,0,0,0,0.694080621004105,0,0,0,0,0,10.7045748382807,9.87678627669811,365.809889599681,0,26.0859046876431,0,0,0,0,0,0,0,0,0,1.53135046362877,0,0,0,0,1.49714221060276,55.3657408058643,0,10.567646086216,0.512087106704712,229.578461691737,2.7797836214304,62.3002091795206,2.07180072367191,47.1210868805647,1.03381499648094,0,0,21.0692071467638,0.231223374605179,2.81665435433388,0,0,0,0.933688223361969,0,46.1763215959072,0,0.513572037220001,0,0,0,8.81816285103559,1119.24989314377,0,0,0,0,0,0,0.174043148756027,0,0.124826148152351,20.6579176187515,0,0,0,0,9.98856065422297,1200.68468599021,1.09660582244396,43.0092575848103,155.559316620231,0,594.679909199476,0,6.65411821007729
0,0,0.354960680007935,0,0,0,0,0,0,0,0,0,0,0,0,0,0,0,1.7548736333847,0,0,0,0,0,0,0,0,0,0,0,0,709.969969928265,1356.34423157573,1335.6064556092,350.1907877177,140.217143714428,12.8309688419104,213.867942750454,217.785515710711,2.86716675758362,1.45811903476715,0.208923995494843,12.880798459053,0,2.86908996105194,0,0,0,3542.68758793175,3651.18632081151,0,0,0,0,0,0,0,0,0,0,0,0,0,0,0,0,0,0,0,0,0,0,0,0,270.695724442601,761.224536955357,222.960150122643,181.979275092483,325.848863214254,211.994859308004,0.766229152679443,418.0781699121,1041.32533229887,1.7932186126709,122.576820805669,0,0
374.881826892495,0,275.325312614441,0,0,0,0,0,20.8231690227985,0,0,0,0,0,0,0,5.22963270545006,0.234258130192757,173.209136486053,0,0,0,14.9760325551033,0,20.5523205399513,0,0,0,0,0,0,3.94745695590973,17.5859764516354,0,19.2027858197689,0,2.48339971899986,0,78.2463144958019,0,208.166508153081,1.74537539482117,662.306134238839,0.482033669948578,92.5523217916489,0.560595005750656,21.0692071467638,3542.68758793175,0,308.079385831952,0.299818694591522,0,0,0,83.1863025128841,0.459794938564301,0.211752891540527,0,0.260760337114334,0.157169342041016,50.1224102973938,0,3.11547693610191,0,0,555.035386830568,0,167.382300257683,0,70.6272484660149,0,170.942774638534,0.177561312913895,46.5140251666307,0,13.1558810174465,0,21.6123968064785,0.415324106812477,250.03061440587,0,859.252793297172,1035.13320472836,0,518.401232145727,0,54.3816505819559
0,334.077711597085,0,185.874209344387,0,3.7601420879364,0,0,0,87.7910829782486,0,0,0,0,0,11.9979532063007,0,0.31415119767189,12.6624862402678,0.506604641675949,0,48.1931122392416,0,30.1895965188742,0,0,0,0,0,0,0,27.9310443103313,82.3965190052986,66.4531968832016,0,54.0907736718655,0,238.639141887426,0,47.4656605869532,0.373910397291183,131.728439584374,0.172761723399162,1.74785625934601,0,17.4231174141169,0.231223374605179,3651.18632081151,308.079385831952,0,0,0,0,0,0,68.9385533332825,0,154.615066707134,0,87.8395719230175,0,47.2418048679829,29.0465402007103,0,321.207203820348,0,316.70112465322,0,9.686408624053,0,418.320481657982,0,65.2161199450493,0,31.1122207641602,3.42744454741478,17.8745442032814,0,1505.832162112,0.346678957343102,659.975634679198,0,1034.26459594071,0,479.714917033911,2.57837995886803,0
0,0,53.9495821595192,0,787.636338382959,0,344.171355217695,0,4.97002422809601,0,0,0,0,0,0.555177271366119,0,0,0,0,0,174.07929559052,0,0,0,0,0,0,0,0,0,0,0,0,0,0,0.233588099479675,113.629808679223,0,0,0,0,0,1.43613615632057,0,0,0,2.81665435433388,0,0.299818694591522,0,0,0,152.448913425207,0,0,0,15.9027461111546,0,14.1008834540844,0,21.9045186638832,0,0,60.5199105292559,0,0,0,0,0,0,0,0,0,0,0,0,0,0,0,30.5668474584818,0,0,635.374056667089,6.23705434799194,294.317255720496,0,0
0,0,0,16.907313555479,0,438.939948856831,0,65.0137835741043,0,0,0,0,0,0,0,5.88256597518921,0,0,0,1.13582748174667,0,0,0,0,0,0,0,0,0,0,0,0,0,0,0,0,0,0,0,0,0,0,0,0,0,0,0,0,0,0,0,0,0,16.1363413929939,0,0,0,109.716961681843,0,58.2989534139633,0,26.3371862769127,0.791810154914856,0,0,0,0,0,0,0,0,0,0,0,0,0,0,0,0,0,0,0,112.350374639034,15.883048415184,19.6301715373993,0,0
0,0,0,0,56.0392526984215,0,796.277521073818,0,0,0,53.5714448094368,0,109.17433296144,0,0,0,0,0,0,0,0,0,0,0,0,0,0,0,0,0,0,0,0,0,0,0,0,0,0,0,0,0,0,0,0,0,0,0,0,0,152.448913425207,0,0,0,0,0,94.6576899588108,0,0.330859482288361,0,0,0,0,0,0,0,0,0,0,0,0,0,0,0,0,0,0,0,0,0,0,0,355.915855407715,0,0,0,0
0,0,0,0,0,23.230774641037,0,488.940621331334,0,0,0,0,0,0,0,0,0,0,0,0,0,0,0,0,0,0,0,0,0,0,0,0,0,0,0,4.7797070145607,0,0,0,0,0,0,0,0,0,0,0,0,0,0,0,16.1363413929939,0,0,0,0,0,7.79647848010063,0,0.315643519163132,0,0,0,0,0,0,0,0,0,0,0,0,0,0,0,0,0,0,8.36025166511536,0,0,0,95.6430520713329,25.0993964672089,0,0,0
370.74164287746,0,345.833309650421,0,5.31524610519409,0,0,0,818.067276328802,0,0,0,0,0,16.8789714574814,0,0,0,1.23635947704315,0,0.279789090156555,0,0,0,32.7084428071976,0,8.06285610795021,0,0,0,0,0,0,0,0,0,8.02083346247673,0,8.18097549676895,0,0.418697386980057,0,7.16963991522789,0,1.91678032279015,0,0.933688223361969,0,83.1863025128841,0,0,0,0,0,0,0,3.43635535240173,0,5.52151870727539,0,122.120700702071,0,0,0,0,0,0,317.362524554133,0,5.06797122955322,0,0,0,0,0,0,0,0,0,0.54415237903595,0,10.1160429865122,155.250793471932,0,85.3279984742403,0,2.15798449516296
0,605.688196286559,0,44.5394376516342,0,12.3125542402267,0,0,0,724.115239590406,0,0,0,0,0,13.9321814328432,0,3.34413594007492,1.77023410797119,0,0,0,0,22.3364308923483,0,0,0,0,0,0,0,0,0,0,0,1.5417572259903,0,2.33529603481293,0,0,0,15.01646502316,0,0,0,13.5500793457031,0,0,0.459794938564301,68.9385533332825,0,0,0,0,0,0,0,2.17179515957832,0,1.39187404513359,0,38.8895302116871,1.36590752005577,0,0,0,188.884063497186,0,2.90939402580261,0,1.40336331725121,0,4.24996948242188,0,0,0,0,0,0.650312900543213,0,16.2369308024645,0,74.0320237129927,9.50361511111259,67.7303350269794,0,0
0,0,15.905270755291,0,6.34868344664574,0,108.102639630437,0,1.19812631607056,0,1932.93736240268,0,16.4583309143782,0,0,0,0,0,0.644202411174774,0,60.0447129756212,0,0,0,0,0,0,0,0,0,69.7920375317335,0,0,0,0,0.427485466003418,40.4194231331348,0,21.6515250504017,0,3.42815992236137,0,25.1951432675123,0,0,0.110275842249393,46.1763215959072,0,0.211752891540527,0,15.9027461111546,0,94.6576899588108,0,3.43635535240173,0,0,0,56.9038833379745,0,0,0,0,401.579009816051,0,0,0,0,0,0,0,104.694365739822,0,267.560059413314,0,0,0,0,0.146229013800621,183.314617969096,0,2.7626873254776,179.724249333143,0,724.22476734221,0,0
0,64.3171038627625,0,98.5696570575237,0,47.61857894063,0,146.753749325871,0,34.3287453949451,0,2229.72552186251,0,11.8471233844757,0,26.8674878776073,0.472634762525558,0.338110417127609,12.5098915621638,311.053574681282,0,0,0,0,0,0,0,0,0,3.75298130512238,0,0,0,0,0,52.2963088676333,0.946696996688843,235.752090170979,0,11.6626639217138,0.667099565267563,68.2670460343361,0,2.35504655539989,0.557594701647758,64.4468327686191,0,0,0,154.615066707134,0,109.716961681843,0,7.79647848010063,0,2.17179515957832,0,0,0,514.542607009411,0,39.028114810586,417.183008767664,0,5.36643870174885,0,1.13489851355553,0,3.36561124026775,0,715.759166359901,0,615.273988157511,0,0,0,0,0,57.3646433576941,0.536847054958344,507.337421447039,0,286.05549351126,0,591.094197034836,6.43686467409134,0
0,0,28.6974767744541,0,153.482930839062,0,0.709606111049652,0,1.71939039230347,0,105.619311928749,0,1486.05380854011,0,40.1814005076885,0,0,0,0,0,2.00087141990662,0,0,0,0,0,0,0,117.93394574523,0,0,0,0,0,0,0,11.7432069778442,0,0,0,0,0,0.945683896541595,0,0,0,0.513572037220001,0,0.260760337114334,0,14.1008834540844,0,0.330859482288361,0,5.52151870727539,0,56.9038833379745,0,0,0,69.3977138698101,0,0,6.35505566000938,0,0,0,0,0,14.6131126284599,0,167.342605620623,0,0,0,0,0,0,0,3.60046383738518,0,0,256.633035942912,106.890833616257,60.9886765182018,0,0
0,26.2135134935379,0,32.5495197474957,0,34.5122807621956,0,23.3672652989626,0,0.376905679702759,0,391.813574358821,0,1991.77816335857,0,59.9451996833086,0,0,1.05986472964287,3.03741635382175,0,0,0,0,0,0,0,125.1841686517,0,0,0,0,0,0,0,4.81246583908796,0,0,0,2.92458346486092,0.409783750772476,39.4694037735462,0.194744393229485,0,0,33.5922308266163,0,0,0.157169342041016,87.8395719230175,0,58.2989534139633,0,0.315643519163132,0,1.39187404513359,0,514.542607009411,0,0,0,254.20771369338,53.2804982736707,0,4.91159445047379,0,8.66147404909134,0,218.019125595689,0,506.468581438065,0,18.7205656468868,0,0,0,0,0,10.6935595348477,0.554830715060234,10.4550462067127,0,248.135968290269,348.030011117458,338.149363912642,0.586514890193939,0
212.46201351285,0,13.2428169846535,0,101.056892260909,0,0,0,368.329423740506,0,0,0,38.8201467394829,0,693.816967993975,0,0,0,0.146479815244675,0,1.2986387014389,0,0,0,0,0,38.2150002419949,0,0,0,0,0,0,0,0,0,0.243234843015671,0,0,0,0,0,0.706630483269691,0,0,0,0,0,50.1224102973938,0,21.9045186638832,0,0,0,122.120700702071,0,0,0,69.3977138698101,0,0,0,0,0,0,0,0,5.44523598253727,0,259.98829588294,0,0,0,0,0,0,0,0,0,0.950143665075302,0,0,50.7450974434614,2.328773021698,18.3819811493158,0,0
0,134.495001643896,0,47.0565178394318,0,30.684238255024,0,0,0,112.585544496775,0,0,0,38.3054685592651,0,270.847698539495,0,31.9530603587627,0.181203931570053,0,0,0,0,13.593145146966,0,2.8948563337326,0,0,0,0,0,0,0,0,0,0.660857483744621,0,0.190998435020447,0,0,0,7.31770905852318,0,0,0,5.72990158200264,0,0,0,47.2418048679829,0,26.3371862769127,0,0,0,38.8895302116871,0,39.028114810586,0,254.20771369338,0,0,0.80672812461853,0,0,0,31.9789450913668,0,67.6882623136044,0,2.42665702104568,0,0.343200415372849,0,0,0,0,0,1.58705019950867,0,5.52208133041859,0,78.0887217223644,64.350505143404,26.805675983429,0,0
0,58.2680346816778,0,4.87242309749126,0,5.24416364729404,0,0,0,24.9124587476254,0,4.38853704929352,0,0,0,0,29.2017136663198,16.4544480741024,848.86091299355,2074.97924436629,0,0,0,0,0,0,0,0,0,0.383731245994568,0,0,0,0,0,1367.33498869836,1.27917146682739,36.9521410763264,0,68.2203788608313,13.9812905490398,1081.78538973629,9.89375139772892,76.8915916532278,14.265502601862,430.719833999872,8.81816285103559,0,3.11547693610191,29.0465402007103,0,0.791810154914856,0,0,0,1.36590752005577,0,417.183008767664,0,53.2804982736707,0,0.80672812461853,0,0.406243711709976,1.58414566516876,0,0.456250861287117,0,1.39932407438755,0,97.3925405964255,0,168.507906988263,0,0,0,0,0,948.271172352135,16.5824051648378,414.428395062685,0,799.059547170997,0,702.789387658238,51.0444671958685,1.00122711062431
0,0,0.801918134093285,0,0.964955717325211,0,0,0,0,0,186.556522712111,0,0,0,0,0,2.07542786002159,0,49.9034568220377,0,1825.17688593268,0,0,0,0,0,0,0,0,0,2.21085506677628,0,0,0,0,0,401.498337209225,0,3.98561398684978,0,11.5491053462029,0.196155935525894,24.5664605349302,1.02896052598953,5.8797445744276,0.177300035953522,1119.24989314377,0,0,0,60.5199105292559,0,0,0,0,0,401.579009816051,0,6.35505566000938,0,0,0,0.406243711709976,0,0,0,0,0,0,0,0,0,0,25.4496225193143,0,0,0,0,0.400239929556847,1506.82557497174,0,5.16549830138683,280.195225462317,0,551.65787037462,0,0.404313564300537
0,0,0,0,0,0,0,0,0,0,0,0,0,0,0,0,0.212283730506897,14.5074924230576,0,0,0,8403.28607332706,0,70.2690943479538,0,108.643308609724,0,50.9900623559952,0,0,0,0,0,0,0,0,0,322.220911160111,0,0,0,0,0,0,0,0,0,0,0,321.207203820348,0,0,0,0,0,0,0,5.36643870174885,0,4.91159445047379,0,0,1.58414566516876,0,0,0,78.1565648913383,0,153.792786315084,0,681.372479394078,0,0,0,0,0,0,0,0,0,945.931227043271,0,180.739670261741,16.0529003739357,1.61593349277973,0,0
0,0,0,0,0,0,0,0,0,0,0,0,0,0,0,0,55.6350467205048,1.98935186862946,0.531563997268677,0,0,16.4730254411697,6791.44365459681,0,28.9795776605606,0,49.4212195277214,0,27.8613780289888,0,0,0,0,0,0,0,0,0,162.659743845463,0,0,0,0,0,0,0,0,0,555.035386830568,0,0,0,0,0,0,0,0,0,0,0,0,0,0,0,0,0,0,152.552968993783,0,256.45014578104,0,132.17948654294,0,0,0,0,0,0,0,0,0,263.757746607065,168.304724499583,6.190749168396,0,0,0
0,91.3003863841295,0,0,0,0,0,0,0,421.343014925718,0,0,0,0,0,110.951283916831,0,10.926025301218,0,0,0,68.0326543748379,0,606.217956453562,0,93.3278200626373,0,0,0,0,0,0,0,0,0,0.149807021021843,0,228.294230461121,0,0,0,31.6049438118935,0,0,0,0,0,0,0,316.70112465322,0,0,0,0,0,188.884063497186,0,1.13489851355553,0,8.66147404909134,0,31.9789450913668,0.456250861287117,0,78.1565648913383,0,0,0,437.386513724923,0,104.114305958152,0,0,0,0,0,0,0,0,0,443.701507523656,0,108.142461016774,0.41585174202919,68.2903477102518,0,0
27.7980931401253,0,0,0,0,0,0,0,137.980560198426,0,0,0,0,0,7.77487131953239,0,30.010458663106,3.69188962876797,0,0,0,0,13.4268905520439,0,906.68793733418,0,132.375663280487,0,0,0,0,0,0,0,0,0,0,0,274.239436388016,0,0,0,9.54346725344658,0,0,0,0,0,167.382300257683,0,0,0,0,0,317.362524554133,0,0,0,0,0,5.44523598253727,0,0,0,0,152.552968993783,0,0,0.742754399776459,313.107708483934,0,0,0,0,0,0,0,0,0,0,0,500.002597212791,233.03805539012,0.843600958585739,11.7708204388618,0,0
0,0,0,0,0,0,0,0,0,35.0427618920803,0,0,0,21.4854619503021,0,40.5456828773022,16.183138564229,762.857652395964,7.94622771441936,0,0,84.8448815643787,0,156.200335487723,0,653.867139399052,1.02741050720215,36.1436054259539,0,0,0,0,0,0,0,0,0,0.955146685242653,0,0,0,0,0,0,0,0,0,0,0,9.686408624053,0,0,0,0,0,2.90939402580261,0,3.36561124026775,0,218.019125595689,0,67.6882623136044,1.39932407438755,0,153.792786315084,0,437.386513724923,0.742754399776459,0,0,736.045829430223,0,0,0,0,0,0,0,0.117563053965569,0,3.84935614466667,0,177.036802813411,0,0.929125487804413,0,0
0,0,0,0,0,0,0,0,21.8643824756145,0,0,0,0,0,40.2634946703911,0,213.457224041224,3.02669456601143,3.52851152420044,0,0,0,3.14624738693237,0,415.078490614891,0,882.424435824156,0,130.612730920315,0,0,0,0,0,0,0,0,0,0.63551789522171,0,0,0,0,0,0,0,0,0,70.6272484660149,0,0,0,0,0,5.06797122955322,0,0,0,14.6131126284599,0,259.98829588294,0,0,0,0,256.45014578104,0,313.107708483934,0,0,0,165.020731374621,0,0,0,0,0,0,0,0,0,9.75248397886753,123.46457785368,0,0,0,0
0,2.29120367765427,0,14.9304506480694,0,1.08631777763367,0,0,0,1.16638422012329,0,0,0,34.53731136024,0,1.11243282258511,0,0,1.49117989838123,2.24718078970909,0,141.524261623621,0,0,0,151.033000484109,0,1732.04549323022,0,56.7287230044603,0,0,0,0,0,2.56290148198605,0,28.7090975791216,0,1.89844730496407,0.137297689914703,5.90485319495201,0,0,0,12.4996959269047,0.174043148756027,0,0,418.320481657982,0,0,0,0,0,1.40336331725121,0,715.759166359901,0,506.468581438065,0,2.42665702104568,97.3925405964255,0,681.372479394078,0,104.114305958152,0,736.045829430223,0,0,0,483.869285009801,0,0,0,0,0,6.54866753518581,0.306764125823975,785.505930364132,0,24.2249839901924,0,84.9098376184702,0.330262959003448,0
0,0,0,0,0,0,0,0,0,0,0,0,29.310359403491,0,0,0,0,0,0,0,0,0,141.660034015775,0,0,0,249.368630170822,0,1578.38314342499,0,72.4299807399511,0,0,0,0,0,0,0,38.1236601173878,0,0,0,0,0,0,0,0,0,170.942774638534,0,0,0,0,0,0,0,104.694365739822,0,167.342605620623,0,0,0,0,0,0,132.17948654294,0,0,0,165.020731374621,0,0,0,378.092945277691,0,0,0,0,0,0,0,858.311155959964,0.710013568401337,0,0,0,0
0,26.8987450897694,0,15.5230740010738,0,0,0,0,0,17.8714404404163,0,84.4612867683172,0,0,0,0,0.119390875101089,0,9.88756443560123,20.4189493209124,0,0,0,0,0,0,0,190.306695371866,0,487.35489076376,0,0,0,0,0,1.99555867165327,0,449.748568207026,0,0.275776863098145,0,38.894419118762,0.33845292031765,0.550460204482079,0.402284145355225,18.4134153947234,0.124826148152351,0,0.177561312913895,65.2161199450493,0,0,0,0,0,4.24996948242188,0,615.273988157511,0,18.7205656468868,0,0.343200415372849,168.507906988263,0,0,0,0,0,0,0,483.869285009801,0,0,0,0,0,0,0,7.49135485291481,0.46465902030468,1852.89768096805,0,153.165107138455,0,186.667868338525,5.76932395994663,0.172104611992836
