0,0,4.31863337684665,0,0,0,0,0,3.64611774798362,0,0,0,0,0,0,0,6.97981973127885,0,5.02116894649517,0,0,0,0,0,0,0,0,0,0,0,0,0,0,0,0,0,0,0,0,0,0,0,12.6879750004521,0,0,0,7.13499190672389,0,4.68580986255831,0,0,0,0,0,4.57492978169368,0,6.65661626638368,0,9.29061553064087,0,4.69684209606864,0,0,0,0,0,0,4.64535760879517,0,0,0,2.9565167427063,0,0,0,0,0,0,0,0,0,0,4.39972725482802,0,5.72406609729379,0,14.3760269901209
0,0,0,4.29813744104826,0,0,0,0,0,3.41516305016471,0,0,0,7.59615325927734,0,7.78300857543945,0,0,3.12110791887556,0,0,0,0,0,0,0,0,0,0,0,0,0,0,0,0,0,0,0,0,0,0,5.98637898546704,0,4.62708187103271,0,9.28583892186483,0,0,0,6.15686402785687,0,0,0,0,0,4.05917858815455,0,7.25657709065606,0,8.68027497660178,0,6.29822676035823,0,0,0,0,3.15734380483627,0,0,0,0,0,0,0,0,0,0,0,0,0,0,0,3.8684723395154,0,4.87328722321377,4.75387823581696,0
4.31863337684665,0,0,0,0,0,0,0,3.03995138804118,0,0,0,0,0,0,0,0,0,11.6628637843662,0,0,0,0,0,0,0,0,0,0,0,0,0,0,0,0,0,26.6968126296997,0,0,0,0,0,18.005786895752,0,0,0,8.39609313011169,0,4.68608889712228,0,0,0,0,0,3.59403276443481,0,9.29006619112832,0,0,0,0,0,0,9.82694293177405,0,0,0,0,0,0,0,0,0,0,0,0,0,0,0,15.2143105665843,0,0,9.0360901504755,0,7.61202121263724,0,18.7570323944092
0,4.29813744104826,0,0,0,0,0,0,0,0,0,0,0,0,0,0,0,0,3.96154447396596,0,0,0,0,0,0,0,0,0,0,0,0,0,0,0,0,0,0,0,0,0,0,0,0,0,0,9.64875081380208,0,0,0,3.748542539366,0,0,0,0,0,0,0,0,0,0,0,0,10.3429250717163,0,0,0,0,0,0,0,0,0,0,0,0,0,0,0,0,0,0,0,3.21176777436183,0,4.18303740195087,0,0
0,0,0,0,0,0,2.73183131217957,0,3.07506887118022,0,16.4008383750916,0,0,0,3.0544180653312,0,0,0,0,0,11.9819721350303,0,0,0,0,0,0,0,0,0,0,0,0,0,0,0,18.1252307891846,0,0,0,0,0,0,0,0,0,10.6932506561279,0,0,0,3.31412793577245,0,0,0,3.58495248688592,0,0,0,6.19493166605632,0,3.40221226733664,0,0,11.1901383025409,0,0,0,0,0,0,0,0,0,0,0,0,0,0,0,17.0746772087226,0,0,4.67356624053075,4.19053065776825,4.8319272554439,0,0
0,0,0,0,0,0,0,0,0,0,0,0,0,0,0,0,0,0,0,6.51171853054653,0,0,0,0,0,0,0,0,0,0,0,0,0,0,0,17.9929428967563,0,0,0,0,0,0,0,0,0,11.0115823745728,0,0,0,0,0,3.38981952458946,0,0,0,0,0,0,0,5.8357557372043,0,0,11.8622005476418,0,0,0,0,0,0,0,0,0,0,0,0,0,0,0,20.4006000601727,0,0,0,3.54150058937934,3.67029306196397,8.12787307038599,0,0
0,0,0,0,2.73183131217957,0,0,0,0,0,5.29848408699036,0,2.83570609921994,0,0,0,0,0,0,0,3.71350431442261,0,0,0,0,0,0,0,0,0,0,0,0,0,0,0,0,0,0,0,0,0,0,0,0,0,0,0,0,0,0,0,0,0,0,0,5.00482259224312,0,3.14740966713947,0,0,0,0,0,0,0,0,0,0,0,0,0,0,0,0,0,0,0,0,4.71341594060262,0,0,3.12159113450484,2.74849104881287,0,0,0
0,0,0,0,0,0,0,0,0,0,0,0,0,4.9686439037323,0,0,0,0,0,0,0,0,0,0,0,0,0,0,0,0,0,0,0,0,0,0,0,0,0,0,0,0,0,0,0,0,0,0,0,0,0,0,0,3.70479670446017,0,0,0,3.38928929964701,0,3.22032277924674,0,0,0,0,0,0,0,0,0,0,0,0,0,0,0,0,0,0,0,0,0,0,4.60939456328102,0,0,0,0
3.64611774798362,0,3.03995138804118,0,3.07506887118022,0,0,0,0,0,0,0,0,0,3.51780041764602,0,5.96681160367286,0,6.47215843200684,0,0,0,0,0,4.82905698126289,0,4.33844992258016,0,0,0,0,0,0,0,0,0,0,0,0,0,0,0,5.51909153862875,0,17.1994882583618,0,0,0,0,0,2.94166994094849,0,0,0,4.43112917503806,0,0,0,7.20391106933028,0,4.90179969600795,0,0,0,0,0,0,4.97429168820381,0,7.37726323339674,0,0,0,0,0,0,0,0,0,0,0,0,4.896329131476,3.83704390179926,4.56358499696833,0,12.1859066486359
0,3.41516305016471,0,0,0,0,0,0,0,0,0,0,0,0,0,4.78013222490846,0,7.60005145129703,6.24025011460724,0,0,0,0,2.97377997178298,0,4.83636214182927,0,0,0,0,0,0,0,0,0,0,0,3.58835601806641,0,0,0,4.4048843411115,0,0,0,0,0,0,0,5.9090059650831,0,0,0,0,0,4.05577922733764,0,0,0,0,0,6.36973516080389,0,0,0,0,3.30710134506226,0,0,0,0,0,0,0,0,0,0,0,0,0,0,0,4.26688611584478,4.92230889654379,3.94635922231045,8.53545860449473,0
0,0,0,0,16.4008383750916,0,5.29848408699036,0,0,0,0,0,3.15423738956451,0,0,0,0,0,0,0,3.38462506718106,0,0,0,0,0,0,0,9.89139853583442,0,4.18586914435677,0,0,0,0,0,3.12679730762135,0,3.31199812141625,0,0,0,0,0,0,0,0,0,0,0,0,0,0,0,0,0,4.44842099516015,0,4.91593945026398,0,0,0,0,3.52250840605759,0,0,0,0,0,0,0,0,0,0,0,0,0,0,0,3.90673146009445,0,3.92988757041765,3.93067088677333,7.06050539016724,20.8176466623942,0,0
0,0,0,0,0,0,0,0,0,0,0,0,0,3.04992789281926,0,0,0,0,0,2.93043514990037,0,0,0,0,0,0,0,0,0,3.12248463630676,0,0,0,0,0,3.45390638965985,0,3.3250632944089,0,0,0,0,0,0,0,0,0,0,0,0,0,0,0,0,0,0,0,3.02410508018029,0,0,0,0,3.80944996506628,0,0,0,0,0,0,0,0,0,2.98140796593257,0,0,0,0,0,4.14358992893349,0,3.70004665963004,0,3.21173450776509,0,0,0,0
0,0,0,0,0,0,2.83570609921994,0,0,0,3.15423738956451,0,0,0,5.57692680358887,0,0,0,0,0,0,0,0,0,0,0,0,0,0,0,0,0,0,0,0,0,0,0,0,0,0,0,0,0,0,0,0,0,0,0,0,0,0,0,0,0,4.20626312855518,0,3.29667538917913,0,5.14131021499634,0,0,0,0,0,0,0,0,0,0,0,0,0,0,0,0,0,0,0,0,0,4.6663633678007,3.48503710098392,0,0,0
0,7.59615325927734,0,0,0,0,0,4.9686439037323,0,0,0,3.04992789281926,0,0,0,0,0,0,0,0,0,0,0,0,0,0,0,0,0,0,0,0,0,0,0,0,0,0,0,0,0,0,0,0,0,0,0,0,0,0,0,3.36316204071045,0,0,0,0,0,3.50221175413865,0,3.10531003945251,0,3.37064877965234,0,0,0,0,0,0,0,0,0,0,0,0,0,0,0,0,0,0,0,0,3.52435431297009,4.97493489008201,0,0,0
0,0,0,0,3.0544180653312,0,0,0,3.51780041764602,0,0,0,5.57692680358887,0,0,0,4.60340030376728,0,9.51478362083435,0,0,0,0,0,0,0,0,0,0,0,0,0,0,0,0,0,0,0,0,0,0,0,0,0,0,0,0,0,0,0,3.14588117599487,0,0,0,3.80699276924133,0,0,0,6.15026294589043,0,3.92129135019551,0,0,0,0,0,0,0,0,0,0,0,0,0,0,0,0,0,0,0,0,0,3.81024247833661,4.44279220369127,0,0,0
0,7.78300857543945,0,0,0,0,0,0,0,4.78013222490846,0,0,0,0,0,0,0,0,0,0,0,0,0,0,0,0,0,0,0,0,0,0,0,0,0,0,0,0,0,0,0,0,0,0,0,0,0,0,0,0,0,2.7454776763916,0,0,0,3.0084623142525,0,0,0,5.83973148890904,0,4.46035649222352,0,0,0,0,0,0,2.95776414871216,0,0,0,0,0,0,0,0,0,0,0,0,0,4.37200707016569,6.61611114939054,0,0,0
6.97981973127885,0,0,0,0,0,0,0,5.96681160367286,0,0,0,0,0,4.60340030376728,0,0,6.20527426125842,7.8390374427492,0,0,0,4.13376281503588,0,0,0,4.13504129640577,0,7.1048704624176,0,0,0,0,0,0,0,0,0,0,0,32.6419563293457,0,18.7141466860501,0,19.1343084826614,0,23.7476097106934,0,0,0,0,0,0,0,5.16986649831136,0,0,0,0,0,5.4780381379589,0,0,0,0,3.87463794158677,0,0,0,5.255041844315,0,0,0,0,0,0,0,0,0,0,0,0,7.57671287878167,7.60560992163784,16.7468825831558,0,21.0912886787863
0,0,0,0,0,0,0,0,0,7.60005145129703,0,0,0,0,0,0,6.20527426125842,0,9.49067265110533,0,0,16.6713645458221,0,3.17429053783417,0,4.69786402309642,0,2.9391655921936,0,0,0,0,0,0,0,0,0,0,0,0,0,24.1503572817202,29.2940189838409,22.7961883544922,0,25.478666305542,0,0,0,0,0,0,0,0,0,4.89245533943176,0,0,0,0,0,3.31419784372503,0,0,0,0,0,0,4.67940325391257,0,3.59193515777588,0,0,0,0,0,0,0,0,0,0,0,6.88338491091361,7.52359029741865,22.0217885971069,22.8123793168501,0
5.02116894649517,3.12110791887556,11.6628637843662,3.96154447396596,0,0,0,0,6.47215843200684,6.24025011460724,0,0,0,0,9.51478362083435,0,7.8390374427492,9.49067265110533,0,0,0,0,0,3.81499843279521,0,21.7030178070068,0,0,0,0,0,0,0,0,0,0,0,7.37442016601562,0,24.3642978668213,25.2571219943819,11.1262560803857,10.589082785324,8.15259840678302,8.39300826429434,10.3571097248732,10.0295843216123,0,11.1006318501064,21.2145519256592,0,0,0,0,0,3.97068852186203,0,0,0,0,0,0,0,0,0,0,0,0,0,0,0,0,0,21.0272121429443,0,0,0,0,0,0,0,0,6.75958753287343,10.3884616095212,8.11197758039229,12.2142333999235,11.628612385675
0,0,0,0,0,6.51171853054653,0,0,0,0,0,2.93043514990037,0,0,0,0,0,0,0,0,0,0,0,0,0,0,0,0,0,0,0,0,0,0,0,3.44980971910516,0,0,0,0,0,0,0,0,0,0,0,0,0,0,0,7.36106911572543,0,0,0,0,0,3.63086098035177,0,0,0,0,5.55202633503416,0,0,0,0,0,0,0,0,0,7.32562242235456,0,0,0,0,0,4.23696134788821,0,4.94851883435158,0,5.0807551359519,8.53693755467733,8.41740696430206,0,0
0,0,0,0,11.9819721350303,0,3.71350431442261,0,0,0,3.38462506718106,0,0,0,0,0,0,0,0,0,0,0,0,0,0,0,0,0,0,0,0,0,0,0,0,0,4.27583501802797,0,0,0,0,0,0,0,0,0,9.14675331115723,0,0,0,10.0041327476501,0,4.00582512219747,0,0,0,4.70957975827374,0,0,0,0,0,0,7.13126293273821,0,0,0,0,0,0,0,0,0,6.81091822518243,0,0,0,0,0,3.96151695751812,0,0,4.44422777317188,0,7.17122686640272,0,0
0,0,0,0,0,0,0,0,0,0,0,0,0,0,0,0,0,16.6713645458221,0,0,0,0,4.47979311816859,4.28065374692281,0,0,0,3.34533587158126,0,0,0,0,0,0,0,0,0,3.42353293635476,0,0,0,0,0,0,0,0,0,0,0,0,0,0,0,0,0,0,0,0,0,0,0,0,0,0,3.71494275717295,3.79225145339966,4.07371793985367,0,0,0,3.80634077297839,0,0,0,0,0,0,0,0,0,3.84907107542608,0,4.17920642676805,6.67160776288624,0,0,0
0,0,0,0,0,0,0,0,0,0,0,0,0,0,0,0,4.13376281503588,0,0,0,0,4.47979311816859,0,0,4.43137256304423,0,3.56935957074165,0,3.26420920160082,0,0,0,0,0,0,0,0,0,3.45788162105122,0,0,0,0,0,0,0,0,0,0,0,0,0,0,0,0,0,0,0,0,0,0,0,0,0,5.69892330964406,3.88097642480227,0,0,0,3.47382020950317,0,4.52210868929708,0,0,0,0,0,0,0,0,0,3.59141553046885,4.14795596464132,4.99507274451079,0,0,0
0,0,0,0,0,0,0,0,0,2.97377997178298,0,0,0,0,0,0,0,3.17429053783417,3.81499843279521,0,0,4.28065374692281,0,0,0,3.11398379962773,0,0,0,0,0,0,0,0,0,0,0,3.68279858004479,0,0,0,4.59862387180328,0,0,0,0,0,0,0,0,0,0,0,0,0,3.23551712827199,0,0,0,0,0,0,0,0,2.7497091293335,0,3.32817385570112,0,0,0,0,0,0,0,0,0,0,0,0,0,4.50429072976112,0,3.37744240091558,6.30700492858887,2.85786337852478,0,0
0,0,0,0,0,0,0,0,4.82905698126289,0,0,0,0,0,0,0,0,0,0,0,0,0,4.43137256304423,0,0,0,4.11791201713866,0,0,0,0,0,0,0,0,0,0,0,3.29426263515339,0,0,0,2.7495288848877,0,0,0,0,0,0,0,0,0,0,0,7.13735881218543,0,0,0,0,0,0,0,0,0,0,0,0,5.4851944733549,0,5.39209564772162,0,0,0,0,0,0,0,0,0,0,0,3.26979856619964,3.47713733381695,0,2.99082036018372,0,0
0,0,0,0,0,0,0,0,0,4.83636214182927,0,0,0,0,0,0,0,4.69786402309642,21.7030178070068,0,0,0,0,3.11398379962773,0,0,0,4.71232766575283,0,0,0,0,0,0,0,0,0,0,0,0,0,0,0,0,0,0,0,0,0,0,0,0,0,0,0,3.39577153681081,0,0,0,0,0,0,0,0,0,0,3.56887735033328,0,3.04390279766467,0,4.21529531478882,0,0,0,0,0,0,0,0,0,0,0,3.78317992070232,0,0,0,0
0,0,0,0,0,0,0,0,4.33844992258016,0,0,0,0,0,0,0,4.13504129640577,0,0,0,0,0,3.56935957074165,0,4.11791201713866,0,0,0,3.18303591012955,0,0,0,0,0,0,0,0,0,0,0,0,0,0,0,0,0,0,0,0,0,0,0,0,0,3.78616243195765,0,0,0,0,0,0,0,0,0,0,3.33681257367134,0,3.84121419507053,0,4.53009742676742,0,3.1128758430481,0,0,0,0,0,0,0,0,0,0,4.22330186992395,3.39555370807648,0,0,0
0,0,0,0,0,0,0,0,0,0,0,0,0,0,0,0,0,2.9391655921936,0,0,0,3.34533587158126,0,0,0,4.71232766575283,0,0,0,3.21145654432844,0,0,0,0,0,0,0,3.05030616246737,0,0,0,0,0,0,0,0,0,0,0,0,0,0,0,0,0,0,0,0,0,2.95704507827759,0,0,0,0,3.1997140530617,0,0,0,4.0773506585894,0,3.40006432859489,0,3.83566233434566,0,0,0,0,0,0,0,3.41998759581118,0,2.87745466268839,2.89905142784119,0,0,0
0,0,0,0,0,0,0,0,0,0,9.89139853583442,0,0,0,0,0,7.1048704624176,0,0,0,0,0,3.26420920160082,0,0,0,3.18303591012955,0,0,0,3.90698167440054,0,0,0,0,0,0,0,3.1624234280889,0,0,0,0,0,0,0,0,0,0,0,0,0,0,0,0,0,10.4971916675568,0,0,0,0,0,0,0,0,4.0557498105367,0,0,0,3.21455430984497,0,3.19539048290869,0,3.44741634811674,0,0,0,0,0,0,0,3.2545637919985,3.1213772675849,3.00739154645375,0,0,0
0,0,0,0,0,0,0,0,0,0,0,3.12248463630676,0,0,0,0,0,0,0,0,0,0,0,0,0,0,0,3.21145654432844,0,0,0,0,0,0,0,0,0,3.30108225938365,0,0,0,0,0,0,0,0,0,0,0,0,0,0,0,0,0,0,0,3.44971895217896,0,0,0,0,0,0,0,0,0,0,0,0,3.22128358254066,0,2.94955047198704,0,0,0,0,0,0,0,3.72954370154709,0,3.32151537675124,0,0,0,0
0,0,0,0,0,0,0,0,0,0,4.18586914435677,0,0,0,0,0,0,0,0,0,0,0,0,0,0,0,0,0,3.90698167440054,0,0,0,0,0,0,0,0,0,3.1739666349483,0,0,0,0,0,0,0,0,0,0,0,0,0,0,0,0,0,4.36241597964846,0,0,0,0,0,0,0,0,0,0,0,0,0,0,0,0,3.03311179718881,0,0,0,0,0,0,0,3.21373602549235,0,0,0,0,0
0,0,0,0,0,0,0,0,0,0,0,0,0,0,0,0,0,0,0,0,0,0,0,0,0,0,0,0,0,0,0,0,4.2449383024986,18.9363148437356,0,3.89145498386649,3.400270043679,38.3756154378255,0,0,16.4093527793884,0,0,0,0,0,0,4.76157009038058,0,0,0,0,0,0,0,0,0,0,0,0,0,0,0,0,0,0,0,0,0,0,0,0,0,0,4.23723722944099,6.33775903157878,17.4999411824631,7.86354970932007,5.21110678026178,14.1305245478291,37.9797185262044,0,2.87024087565286,0,0,0,0
0,0,0,0,0,0,0,0,0,0,0,0,0,0,0,0,0,0,0,0,0,0,0,0,0,0,0,0,0,0,0,4.2449383024986,0,3.10244735081991,3.57996582984924,0,3.58392820874257,0,0,0,0,0,0,0,0,0,0,3.79848894734068,0,0,0,0,0,0,0,0,0,0,0,0,0,0,0,0,0,0,0,0,0,0,0,0,0,0,5.02098063640739,4.61619909790447,8.55474300043923,4.84680924965785,13.0768911838531,6.24253077455562,0,0,2.8754269917806,0,0,0,0
0,0,0,0,0,0,0,0,0,0,0,0,0,0,0,0,0,0,0,0,0,0,0,0,0,0,0,0,0,0,0,18.9363148437356,3.10244735081991,0,9.97973791863621,3.44201561808586,0,6.01527927416753,20.3564735815777,0,0,0,0,0,0,0,0,6.26165662460235,28.9744984507561,21.6130578994751,0,0,0,0,0,0,0,0,0,0,0,0,0,0,0,0,0,0,0,0,0,0,0,0,27.1580674708973,13.1844859520594,5.40642065372107,8.32471486407582,5.49600144188579,12.4121483008067,5.7761002943921,20.7518190019499,6.23016213832941,3.28667819499969,0,0,0
0,0,0,0,0,0,0,0,0,0,0,0,0,0,0,0,0,0,0,0,0,0,0,0,0,0,0,0,0,0,0,0,3.57996582984924,9.97973791863621,0,0,2.92309713363647,15.2309555013975,7.11526544511399,0,0,0,0,0,0,0,0,9.55655926188039,27.7968788146973,37.4188389778137,0,0,0,0,0,0,0,0,0,0,0,0,0,0,0,0,0,0,0,0,0,0,0,0,6.74300622940063,9.03553832661022,16.6025902073959,9.65264261187764,9.24272155761719,5.31518130663382,19.6441553963555,7.41111159966352,9.55293630632225,4.9819325953722,45.8833045959473,0,0
0,0,0,0,0,17.9929428967563,0,0,0,0,0,3.45390638965985,0,0,0,0,0,0,0,3.44980971910516,0,0,0,0,0,0,0,0,0,0,0,3.89145498386649,0,3.44201561808586,0,0,3.70769058829229,3.80796632977657,0,3.01695783933004,0,0,0,0,0,7.10793973427427,0,4.6650527715683,0,0,0,20.2531442642212,0,0,0,0,0,8.7914551821622,0,0,0,0,4.94172567250347,0,0,0,0,0,0,0,0,0,0,0,3.10940817991892,12.4103136062622,0,0,3.73467654732413,6.28395480132684,4.04340495720753,0,6.04349138346394,9.78781879352311,7.80727762539381,0,0
0,0,26.6968126296997,0,18.1252307891846,0,0,0,0,0,3.12679730762135,0,0,0,0,0,0,0,0,0,4.27583501802797,0,0,0,0,0,0,0,0,0,0,3.400270043679,3.58392820874257,0,2.92309713363647,3.70769058829229,0,0,3.50626741731978,0,8.05446320772171,0,0,0,0,0,8.6565946393043,11.3477645715078,0,0,26.8011131286621,0,0,0,0,0,0,0,0,0,0,0,0,4.66007805042892,0,0,0,0,0,0,0,0,0,0,0,8.81403427836925,0,3.5836353302002,4.6214278497194,4.19619228657024,0,4.22519833472589,6.13682624155468,7.39462832078577,14.4524993162889,0,0
0,0,0,0,0,0,0,0,0,3.58835601806641,0,3.3250632944089,0,0,0,0,0,0,7.37442016601562,0,0,3.42353293635476,0,3.68279858004479,0,0,0,3.05030616246737,0,3.30108225938365,0,38.3756154378255,0,6.01527927416753,15.2309555013975,3.80796632977657,0,0,4.37460423160244,0,0,3.83244424581528,28.9348373413086,0,0,0,0,8.2308039236152,44.5911809921265,8.73990555415078,0,0,0,0,0,0,0,3.3046431094408,0,0,0,0,5.6824649810791,0,4.07646703636143,0,3.44795818164431,0,0,0,3.4064530743493,0,3.47720881303151,0,39.357725658114,0,6.70855687719877,44.4172314235142,4.80011866747406,0,3.90237800847094,4.40370769552422,4.96968393806339,3.39766518850076,4.09598659119516,0,0
0,0,0,0,0,0,0,0,0,0,3.31199812141625,0,0,0,0,0,0,0,0,0,0,0,3.45788162105122,0,3.29426263515339,0,0,0,3.1624234280889,0,3.1739666349483,0,0,20.3564735815777,7.11526544511399,0,3.50626741731978,4.37460423160244,0,0,0,0,0,0,0,0,0,8.73417654491606,7.540263077792,42.7176044464111,0,0,0,0,0,0,3.7449752061795,0,0,0,0,0,0,0,0,3.57358935274608,0,3.04723496215288,0,0,0,3.66537071259554,0,0,0,0,49.7805290222168,11.8100006955355,0,3.3240699212528,34.4190822601318,4.05735386080212,5.89136960810803,3.0827119756628,6.63015501839774,0,0
0,0,0,0,0,0,0,0,0,0,0,0,0,0,0,0,0,0,24.3642978668213,0,0,0,0,0,0,0,0,0,0,0,0,0,0,0,0,3.01695783933004,0,0,0,0,0,12.0206870748485,0,15.8560777577487,0,8.275895439083,0,10.7841210464636,0,7.27120620146043,0,0,0,0,0,0,0,0,0,0,0,0,3.62390757371218,0,0,0,0,0,0,0,0,0,14.2909257496105,0,0,0,0,0,5.01659090678073,0,12.6187178871848,0,14.8650275959688,0,8.12265229168661,10.5289745330811,0
0,0,0,0,0,0,0,0,0,0,0,0,0,0,0,0,32.6419563293457,0,25.2571219943819,0,0,0,0,0,0,0,0,0,0,0,0,16.4093527793884,0,0,0,0,8.05446320772171,0,0,0,0,0,12.4449285644838,0,17.2230964899063,0,6.24300622877425,9.24019082094494,6.23741867439905,11.4196546077728,0,0,0,0,0,0,0,0,0,0,0,0,0,4.29405910489352,0,0,0,0,0,0,0,0,0,16.1825211237347,0,11.4282538550241,0,0,23.2264437744583,7.03983123200301,0,6.53492802306823,28.4378153483073,0,7.8520347039695,0,10.3100834501551
0,5.98637898546704,0,0,0,0,0,0,0,4.4048843411115,0,0,0,0,0,0,0,24.1503572817202,11.1262560803857,0,0,0,0,4.59862387180328,0,0,0,0,0,0,0,0,0,0,0,0,0,3.83244424581528,0,12.0206870748485,0,0,6.65260865760572,5.57822336943033,15.2567325592041,7.83541502444471,0,12.8152763502938,0,10.0741324367439,0,0,0,0,0,4.78573591368539,0,6.42121549447377,0,0,0,0,0,0,0,0,0,0,0,0,10.9472217559814,0,5.84801136795431,0,0,0,0,0,12.5282008757811,0,9.00128414414146,0,7.01819946078593,0,7.17226481433442,5.03190172969508,0
12.6879750004521,0,18.005786895752,0,0,0,0,0,5.51909153862875,0,0,0,0,0,0,0,18.7141466860501,29.2940189838409,10.589082785324,0,0,0,0,0,2.7495288848877,0,0,0,0,0,0,0,0,0,0,0,0,28.9348373413086,0,0,12.4449285644838,6.65260865760572,0,16.6947387695312,5.84713967386725,17.1230594233463,6.59408962511802,16.2080253328596,13.9742411945982,37.8897069295247,0,0,0,0,7.00941718464166,0,9.22375672796498,0,0,0,0,0,0,0,0,0,0,0,0,0,0,24.0497817993164,0,13.0579133832642,0,0,0,0,0,13.4869611490943,28.6539306640625,9.69279418672834,9.04593591831254,0,6.88108228360418,3.78233051300049,5.55083693605979
0,4.62708187103271,0,0,0,0,0,0,0,0,0,0,0,0,0,0,0,22.7961883544922,8.15259840678302,0,0,0,0,0,0,0,0,0,0,0,0,0,0,0,0,0,0,0,0,15.8560777577487,0,5.57822336943033,16.6947387695312,0,8.89575020472209,5.3964210324235,15.5576839447021,0,0,0,0,0,0,0,0,0,0,0,0,0,0,0,0,0,0,0,0,0,0,0,0,0,0,0,0,0,0,0,22.5331382751465,0,0,0,9.88436341512771,0,6.13027174871411,9.30841340088263,0
0,0,0,0,0,0,0,0,17.1994882583618,0,0,0,0,0,0,0,19.1343084826614,0,8.39300826429434,0,0,0,0,0,0,0,0,0,0,0,0,0,0,0,0,0,0,0,0,0,17.2230964899063,15.2567325592041,5.84713967386725,8.89575020472209,0,14.1825307210286,6.07862771718687,0,0,0,0,0,0,0,0,0,0,0,0,0,0,0,0,0,0,0,0,0,0,0,0,0,0,0,0,0,0,0,0,0,0,0,10.0267153664639,0,5.2322369985571,0,11.9368431866169
0,9.28583892186483,0,9.64875081380208,0,11.0115823745728,0,0,0,0,0,0,0,0,0,0,0,25.478666305542,10.3571097248732,0,0,0,0,0,0,0,0,0,0,0,0,0,0,0,0,7.10793973427427,0,0,0,8.275895439083,0,7.83541502444471,17.1230594233463,5.3964210324235,14.1825307210286,0,0,0,13.2302055358887,14.8723112043444,0,13.286865234375,0,0,0,0,0,12.3949268722534,0,0,0,0,5.28249443723955,0,0,0,0,0,0,0,0,0,0,0,0,0,0,0,7.40674850593992,0,18.2106214229877,0,11.9827881466928,0,6.04831955789094,21.6425380706787,0
7.13499190672389,0,8.39609313011169,0,10.6932506561279,0,0,0,0,0,0,0,0,0,0,0,23.7476097106934,0,10.0295843216123,0,9.14675331115723,0,0,0,0,0,0,0,0,0,0,0,0,0,0,0,8.6565946393043,0,0,0,6.24300622877425,0,6.59408962511802,15.5576839447021,6.07862771718687,0,0,0,11.3117699226923,0,0,0,0,0,0,0,10.8968137394298,0,0,0,0,0,0,5.64222480373512,0,0,0,0,0,0,0,0,0,12.9865839101572,0,0,0,0,0,5.12263696874891,0,11.8511377853506,15.9102635244991,19.3829879760742,6.01346506376736,0,13.0536359151204
0,0,0,0,0,0,0,0,0,0,0,0,0,0,0,0,0,0,0,0,0,0,0,0,0,0,0,0,0,0,0,4.76157009038058,3.79848894734068,6.26165662460235,9.55655926188039,4.6650527715683,11.3477645715078,8.2308039236152,8.73417654491606,10.7841210464636,9.24019082094494,12.8152763502938,16.2080253328596,0,0,0,0,0,14.4485492955274,15.535731506254,0,0,0,0,0,0,0,0,0,0,0,0,0,0,16.2174911499023,0,0,0,0,0,0,0,0,22.0691070556641,6.63546575950424,6.53117336447422,9.25540553643865,10.7764239719469,9.41500093915239,9.12402749844899,13.8903517435387,14.7122087088386,7.43513148498773,3.48575366627086,11.8553918650109,0,0
4.68580986255831,0,4.68608889712228,0,0,0,0,0,0,0,0,0,0,0,0,0,0,0,11.1006318501064,0,0,0,0,0,0,0,0,0,0,0,0,0,0,28.9744984507561,27.7968788146973,0,0,44.5911809921265,7.540263077792,0,6.23741867439905,0,13.9742411945982,0,0,13.2302055358887,11.3117699226923,14.4485492955274,0,25.8538954189601,0,0,0,0,4.6426814787043,0,5.308666713248,0,8.19766011082697,0,3.88649693749986,0,0,5.70360422134399,0,0,0,4.01904238354076,0,3.81341015484373,0,3.29010894752684,0,12.9183435191279,11.4810485839844,3.53756672403087,27.7344249089559,7.26633463700612,15.1505596812178,11.4167772086742,28.999888420105,12.4312564695417,13.2388173675785,0,7.87807359800234,0,0
0,6.15686402785687,0,3.748542539366,0,0,0,0,0,5.9090059650831,0,0,0,0,0,0,0,0,21.2145519256592,0,0,0,0,0,0,0,0,0,0,0,0,0,0,21.6130578994751,37.4188389778137,0,0,8.73990555415078,42.7176044464111,7.27120620146043,11.4196546077728,10.0741324367439,37.8897069295247,0,0,14.8723112043444,0,15.535731506254,25.8538954189601,0,0,0,0,0,0,4.20559922854106,0,6.13242876837993,0,4.05012249821111,0,3.04707624671165,0,0,3.5954894981687,0,2.74708104133606,0,3.13267703851064,0,3.82019757927525,0,5.24409014294656,0,5.15554172992706,0,23.0398053077401,30.7067228044782,13.5186969474907,15.882101473601,12.176090449491,42.0737896151962,13.3664078966128,0,9.29398083314771,7.34621339374118,0
0,0,0,0,3.31412793577245,0,0,0,2.94166994094849,0,0,0,0,0,3.14588117599487,0,0,0,0,0,10.0041327476501,0,0,0,0,0,0,0,0,0,0,0,0,0,0,0,26.8011131286621,0,0,0,0,0,0,0,0,0,0,0,0,0,0,0,2.85569787025452,0,0,0,0,0,2.85530924797058,0,2.94851756095886,0,0,9.89421766837013,0,0,0,0,0,0,0,0,0,0,0,0,0,0,0,24.4620235410787,0,0,3.7533325405864,0,3.74607696533203,0,0
0,0,0,0,0,3.38981952458946,0,0,0,0,0,0,0,3.36316204071045,0,2.7454776763916,0,0,0,7.36106911572543,0,0,0,0,0,0,0,0,0,0,0,0,0,0,0,20.2531442642212,0,0,0,0,0,0,0,0,0,13.286865234375,0,0,0,0,0,0,0,0,0,0,0,0,0,3.25384805997213,0,0,15.9212776797941,0,0,0,0,0,0,0,0,0,0,0,0,0,0,0,23.6540237426758,0,0,0,3.5712834174703,6.18839009602865,9.23528226216634,0,0
0,0,0,0,0,0,0,0,0,0,0,0,0,0,0,0,0,0,0,0,4.00582512219747,0,0,0,0,0,0,0,0,0,0,0,0,0,0,0,0,0,0,0,0,0,0,0,0,0,0,0,0,0,2.85569787025452,0,0,0,0,0,4.64568629187922,0,3.17083482231413,0,0,0,0,0,0,0,0,0,0,0,0,0,0,0,0,0,0,0,0,0,0,0,2.96883282661438,0,0,0,0
0,0,0,0,0,0,0,3.70479670446017,0,0,0,0,0,0,0,0,0,0,0,0,0,0,0,0,0,0,0,0,0,0,0,0,0,0,0,0,0,0,0,0,0,0,0,0,0,0,0,0,0,0,0,0,0,0,0,0,0,3.51042453447978,0,0,0,0,0,0,0,0,0,0,0,0,0,0,0,0,0,0,0,0,0,0,0,0,0,0,0,0,0
4.57492978169368,0,3.59403276443481,0,3.58495248688592,0,0,0,4.43112917503806,0,0,0,0,0,3.80699276924133,0,5.16986649831136,0,0,0,0,0,0,0,7.13735881218543,0,3.78616243195765,0,0,0,0,0,0,0,0,0,0,0,0,0,0,0,7.00941718464166,0,0,0,0,0,4.6426814787043,0,0,0,0,0,0,0,0,0,0,0,4.03593643602118,0,0,0,0,0,0,5.62494753124504,0,8.31833566763462,0,0,0,0,0,0,0,0,0,0,0,0,3.72609153462619,5.6179983512215,6.57887098905923,0,0
0,4.05917858815455,0,0,0,0,0,0,0,4.05577922733764,0,0,0,0,0,3.0084623142525,0,4.89245533943176,3.97068852186203,0,0,0,0,3.23551712827199,0,3.39577153681081,0,0,0,0,0,0,0,0,0,0,0,0,0,0,0,4.78573591368539,0,0,0,0,0,0,0,4.20559922854106,0,0,0,0,0,0,0,0,0,0,0,4.76633685827255,0,0,0,0,3.05348298741871,0,0,0,0,0,0,0,0,0,0,0,0,0,0,0,4.10212129259866,0,3.82944634638795,0,0
6.65661626638368,0,9.29006619112832,0,0,0,5.00482259224312,0,0,0,4.44842099516015,0,4.20626312855518,0,0,0,0,0,0,0,4.70957975827374,0,0,0,0,0,0,0,10.4971916675568,0,4.36241597964846,0,0,0,0,0,0,0,3.7449752061795,0,0,0,9.22375672796498,0,0,0,10.8968137394298,0,5.308666713248,0,0,0,4.64568629187922,0,0,0,0,0,4.25713067553764,0,5.17918269974845,0,0,5.51047734958196,0,0,0,0,0,0,0,8.95237590110257,0,4.59279300339614,0,0,0,0,0,22.6165604931968,0,4.79831895033518,4.39192490577698,0,5.45410357204836,0,0
0,7.25657709065606,0,0,0,0,0,3.38928929964701,0,0,0,3.02410508018029,0,3.50221175413865,0,0,0,0,0,3.63086098035177,0,0,0,0,0,0,0,0,0,3.44971895217896,0,0,0,0,0,8.7914551821622,0,3.3046431094408,0,0,0,6.42121549447377,0,0,0,12.3949268722534,0,0,0,6.13242876837993,0,0,0,3.51042453447978,0,0,0,0,0,6.07048885292477,0,4.30996087789535,6.91913494689506,0,19.3824555873871,0,0,0,0,0,6.9052446957815,0,3.65734444980916,0,0,0,0,0,21.456918504503,0,5.58328572334127,0,3.75348985940218,0,5.38351492750776,0,0
9.29061553064087,0,0,0,6.19493166605632,0,3.14740966713947,0,7.20391106933028,0,4.91593945026398,0,3.29667538917913,0,6.15026294589043,0,0,0,0,0,0,0,0,0,0,0,0,0,0,0,0,0,0,0,0,0,0,0,0,0,0,0,0,0,0,0,0,0,8.19766011082697,0,2.85530924797058,0,3.17083482231413,0,0,0,4.25713067553764,0,0,0,4.9752174358536,0,0,0,0,0,0,0,0,0,0,0,0,0,0,0,0,0,0,0,0,0,6.99025096297264,3.40455885343654,9.89380878560683,0,0
0,8.68027497660178,0,0,0,5.8357557372043,0,3.22032277924674,0,0,0,0,0,3.10531003945251,0,5.83973148890904,0,0,0,0,0,0,0,0,0,0,0,2.95704507827759,0,0,0,0,0,0,0,0,0,0,0,0,0,0,0,0,0,0,0,0,0,4.05012249821111,0,3.25384805997213,0,0,0,0,0,6.07048885292477,0,0,0,7.66743043752817,0,0,0,0,0,0,0,0,5.86186547977168,0,0,0,0,0,0,0,0,0,0,0,3.67565880684142,3.37257669831431,9.29953670501709,0,0
4.69684209606864,0,0,0,3.40221226733664,0,0,0,4.90179969600795,0,0,0,5.14131021499634,0,3.92129135019551,0,5.4780381379589,0,0,0,0,0,0,0,0,0,0,0,0,0,0,0,0,0,0,0,0,0,0,0,0,0,0,0,0,0,0,0,3.88649693749986,0,2.94851756095886,0,0,0,4.03593643602118,0,5.17918269974845,0,4.9752174358536,0,0,0,0,0,0,0,0,3.54442126410348,0,4.84647941589355,0,3.83288465007659,0,0,0,0,0,0,0,0,0,0,5.27716890137741,6.24346632835193,3.78527609507243,0,0
0,6.29822676035823,0,0,0,0,0,0,0,6.36973516080389,0,0,0,3.37064877965234,0,4.46035649222352,0,3.31419784372503,0,0,0,0,0,0,0,0,0,0,0,0,0,0,0,0,0,0,0,0,0,0,0,0,0,0,0,0,0,0,0,3.04707624671165,0,0,0,0,0,4.76633685827255,0,4.30996087789535,0,7.66743043752817,0,0,0,0,0,0,0,0,0,0,0,0,0,0,0,0,0,0,0,0,0,0,5.0142539597974,5.89151666845594,0,0,0
0,0,0,10.3429250717163,0,11.8622005476418,0,0,0,0,0,3.80944996506628,0,0,0,0,0,0,0,5.55202633503416,0,0,0,0,0,0,0,0,0,0,0,0,0,0,0,4.94172567250347,0,5.6824649810791,0,3.62390757371218,0,0,0,0,0,5.28249443723955,0,0,0,0,0,15.9212776797941,0,0,0,0,0,6.91913494689506,0,0,0,0,0,0,0,0,0,0,0,0,0,0,9.1629506488179,0,0,0,0,0,6.17342523813425,0,7.2330159819924,0,3.76436673477292,8.76236772537231,7.69412872419192,0,0
0,0,9.82694293177405,0,11.1901383025409,0,0,0,0,0,3.52250840605759,0,0,0,0,0,0,0,0,0,7.13126293273821,0,0,0,0,0,0,0,0,0,0,0,0,0,0,0,4.66007805042892,0,0,0,4.29405910489352,0,0,0,0,0,5.64222480373512,0,5.70360422134399,0,9.89421766837013,0,0,0,0,0,5.51047734958196,0,0,0,0,0,0,0,0,0,0,0,0,0,0,0,0,7.31664589126338,0,0,0,0,0,8.33511567800278,0,4.5382293989105,3.09823207478774,0,6.18110952020286,0,0
0,0,0,0,0,0,0,0,0,0,0,0,0,0,0,0,0,0,0,0,0,3.71494275717295,5.69892330964406,2.7497091293335,0,0,0,3.1997140530617,0,0,0,0,0,0,0,0,0,4.07646703636143,0,0,0,0,0,0,0,0,0,16.2174911499023,0,3.5954894981687,0,0,0,0,0,0,0,19.3824555873871,0,0,0,0,0,0,0,4.85545414465445,5.04786443710327,0,0,0,5.31751991562044,0,18.492775780814,0,0,0,0,0,0,0,5.20053282272657,0,3.58412019438754,0,0,0,0
0,0,0,0,0,0,0,0,0,0,0,0,0,0,0,0,3.87463794158677,0,0,0,0,3.79225145339966,3.88097642480227,0,0,0,3.33681257367134,0,4.0557498105367,0,0,0,0,0,0,0,0,0,3.57358935274608,0,0,0,0,0,0,0,0,0,0,0,0,0,0,0,0,0,0,0,0,0,0,0,0,0,4.85545414465445,0,0,2.8250784277916,0,0,0,4.88445496559143,0,0,0,0,0,0,0,0,0,4.27088200425826,3.68635054934668,3.85851123519972,0,0,0
0,3.15734380483627,0,0,0,0,0,0,0,3.30710134506226,0,0,0,0,0,0,0,0,0,0,0,4.07371793985367,0,3.32817385570112,0,3.56887735033328,0,0,0,0,0,0,0,0,0,0,0,3.44795818164431,0,0,0,0,0,0,0,0,0,0,0,2.74708104133606,0,0,0,0,0,3.05348298741871,0,0,0,0,0,0,0,0,5.04786443710327,0,0,0,0,0,0,0,0,0,0,0,0,0,0,0,5.81451660732053,0,3.49902804129947,0,3.30461722007696,0,0
4.64535760879517,0,0,0,0,0,0,0,4.97429168820381,0,0,0,0,0,0,0,0,0,0,0,0,0,0,0,5.4851944733549,0,3.84121419507053,0,0,0,0,0,0,0,0,0,0,0,3.04723496215288,0,0,0,0,0,0,0,0,0,4.01904238354076,0,0,0,0,0,5.62494753124504,0,0,0,0,0,3.54442126410348,0,0,0,0,2.8250784277916,0,0,0,4.57655242588966,0,0,0,0,0,0,0,0,0,0,0,3.29210794673246,3.23929096364427,0,3.22059255554563,0,0
0,0,0,0,0,0,0,0,0,0,0,0,0,0,0,2.95776414871216,0,4.67940325391257,0,0,0,0,0,0,0,3.04390279766467,0,4.0773506585894,0,0,0,0,0,0,0,0,0,0,0,0,0,0,0,0,0,0,0,0,0,3.13267703851064,0,0,0,0,0,0,0,0,0,0,0,0,0,0,0,0,0,0,0,0,4.00204615469103,0,0,0,0,0,0,0,0,0,0,0,3.06879253226493,0,0,0,0
0,0,0,0,0,0,0,0,7.37726323339674,0,0,0,0,0,0,0,5.255041844315,0,0,0,0,0,3.47382020950317,0,5.39209564772162,0,4.53009742676742,0,3.21455430984497,0,0,0,0,0,0,0,0,0,0,0,0,0,0,0,0,0,0,0,3.81341015484373,0,0,0,0,0,8.31833566763462,0,0,0,0,0,4.84647941589355,0,0,0,0,0,0,4.57655242588966,0,0,0,3.77197466890719,0,0,0,0,0,0,0,0,0,0,4.36892825432799,3.57397961616516,3.89637750387192,0,0
0,0,0,0,0,0,0,0,0,0,0,0,0,0,0,0,0,3.59193515777588,0,0,0,3.80634077297839,0,0,0,4.21529531478882,0,3.40006432859489,0,3.22128358254066,0,0,0,0,0,0,0,3.4064530743493,0,0,0,10.9472217559814,0,0,0,0,0,0,0,3.82019757927525,0,0,0,0,0,0,0,6.9052446957815,0,5.86186547977168,0,0,0,0,5.31751991562044,0,0,0,4.00204615469103,0,0,0,4.96330330223391,0,0,0,0,0,0,0,4.13703262264078,0,3.02914532472396,3.15804297247051,8.81077876036194,0,0
2.9565167427063,0,0,0,0,0,0,0,0,0,0,0,0,0,0,0,0,0,0,0,0,0,4.52210868929708,0,0,0,3.1128758430481,0,3.19539048290869,0,0,0,0,0,0,0,0,0,3.66537071259554,0,0,0,24.0497817993164,0,0,0,0,0,3.29010894752684,0,0,0,0,0,0,0,8.95237590110257,0,0,0,3.83288465007659,0,0,0,0,4.88445496559143,0,0,0,3.77197466890719,0,0,0,5.54277903725656,0,0,0,0,0,0,0,3.93105263927384,3.45138724148273,3.0771847082221,12.9473210761422,0,0
0,0,0,0,0,0,0,0,0,0,0,2.98140796593257,0,0,0,0,0,0,0,7.32562242235456,0,0,0,0,0,0,0,3.83566233434566,0,2.94955047198704,0,0,0,0,0,0,0,3.47720881303151,0,14.2909257496105,0,5.84801136795431,0,0,0,0,0,0,0,5.24409014294656,0,0,0,0,0,0,0,3.65734444980916,0,0,0,0,9.1629506488179,0,18.492775780814,0,0,0,0,0,4.96330330223391,0,0,0,0,0,0,0,14.5407249450684,0,3.6712250725323,0,3.31782051778975,0,4.68041134873319,0,0
0,0,0,0,0,0,0,0,0,0,0,0,0,0,0,0,0,0,21.0272121429443,0,6.81091822518243,0,0,0,0,0,0,0,3.44741634811674,0,3.03311179718881,0,0,0,0,0,0,0,0,0,16.1825211237347,0,13.0579133832642,0,0,0,12.9865839101572,22.0691070556641,12.9183435191279,0,0,0,0,0,0,0,4.59279300339614,0,0,0,0,0,0,7.31664589126338,0,0,0,0,0,0,0,5.54277903725656,0,0,0,0,0,0,0,22.6365468685444,0,7.84839297549825,0,0,5.96058127733623,0,13.4687948226929
0,0,0,0,0,0,0,0,0,0,0,0,0,0,0,0,0,0,0,0,0,0,0,0,0,0,0,0,0,0,0,4.23723722944099,5.02098063640739,27.1580674708973,6.74300622940063,3.10940817991892,0,39.357725658114,0,0,0,0,0,0,0,0,0,6.63546575950424,11.4810485839844,5.15554172992706,0,0,0,0,0,0,0,0,0,0,0,0,0,0,0,0,0,0,0,0,0,0,0,0,0,9.43804445457112,33.3011619373107,10.2487082914873,4.15468649525732,18.4542313100557,40.2499071756999,0,6.12803348179521,0,0,0,0
0,0,0,0,0,0,0,0,0,0,0,0,0,0,0,0,0,0,0,0,0,0,0,0,0,0,0,0,0,0,0,6.33775903157878,4.61619909790447,13.1844859520594,9.03553832661022,12.4103136062622,8.81403427836925,0,0,0,11.4282538550241,0,0,0,0,0,0,6.53117336447422,3.53756672403087,0,0,0,0,0,0,0,0,0,0,0,0,0,0,0,0,0,0,0,0,0,0,0,0,0,9.43804445457112,0,21.711593468984,9.54044833760976,19.846165288492,7.06380157272861,37.8314018249512,32.9369456768036,3.44123416680556,0,0,0,0
0,0,0,0,0,0,0,0,0,0,0,0,0,0,0,0,0,0,0,0,0,0,0,0,0,0,0,0,0,0,0,17.4999411824631,8.55474300043923,5.40642065372107,16.6025902073959,0,0,6.70855687719877,49.7805290222168,0,0,0,0,0,0,0,0,9.25540553643865,27.7344249089559,23.0398053077401,0,0,0,0,0,0,0,0,0,0,0,0,0,0,0,0,0,0,0,0,0,0,0,0,33.3011619373107,21.711593468984,0,23.6252816730075,5.44899327046162,0,6.80510343336461,23.4990512446353,8.4191155951956,2.93959665298462,0,0,0
0,0,0,0,0,0,0,0,0,0,0,0,0,0,0,0,0,0,0,0,0,0,0,0,0,0,0,0,0,0,0,7.86354970932007,4.84680924965785,8.32471486407582,9.65264261187764,0,3.5836353302002,44.4172314235142,11.8100006955355,0,0,0,0,0,0,0,0,10.7764239719469,7.26633463700612,30.7067228044782,0,0,0,0,0,0,0,0,0,0,0,0,0,0,0,0,0,0,0,0,0,0,0,0,10.2487082914873,9.54044833760976,23.6252816730075,0,15.583176612854,3.65203121015546,24.1730914666102,13.8252778382137,9.5429484946179,4.63372389674187,0,0,0
0,0,0,0,0,20.4006000601727,0,0,0,0,0,4.14358992893349,0,0,0,0,0,0,0,4.23696134788821,0,0,0,0,0,0,0,0,0,0,0,5.21110678026178,13.0768911838531,5.49600144188579,9.24272155761719,3.73467654732413,4.6214278497194,4.80011866747406,0,5.01659090678073,23.2264437744583,12.5282008757811,0,22.5331382751465,0,7.40674850593992,0,9.41500093915239,15.1505596812178,13.5186969474907,0,23.6540237426758,0,0,0,0,0,21.456918504503,0,0,0,0,6.17342523813425,0,0,0,0,0,0,0,0,0,14.5407249450684,0,4.15468649525732,19.846165288492,5.44899327046162,15.583176612854,0,25.0580711161009,8.90217559394985,0,3.76221652750311,3.57930678129196,8.18209949277101,13.0812196731567,0
0,0,15.2143105665843,0,17.0746772087226,0,4.71341594060262,0,0,0,3.90673146009445,0,0,0,0,0,0,0,0,0,3.96151695751812,0,0,0,0,0,0,0,0,0,0,14.1305245478291,6.24253077455562,12.4121483008067,5.31518130663382,6.28395480132684,4.19619228657024,0,3.3240699212528,0,7.03983123200301,0,13.4869611490943,0,0,0,5.12263696874891,9.12402749844899,11.4167772086742,15.882101473601,24.4620235410787,0,0,0,0,0,22.6165604931968,0,0,0,0,0,0,8.33511567800278,0,0,0,0,0,0,0,0,0,22.6365468685444,18.4542313100557,7.06380157272861,0,3.65203121015546,25.0580711161009,0,0,9.75892431772017,5.60886896516859,6.22744267958182,8.16255280254209,0,11.455187112093
0,0,0,0,0,0,0,0,0,0,0,3.70004665963004,0,0,0,0,0,0,0,4.94851883435158,0,3.84907107542608,0,4.50429072976112,0,0,0,3.41998759581118,0,3.72954370154709,0,37.9797185262044,0,5.7761002943921,19.6441553963555,4.04340495720753,0,3.90237800847094,34.4190822601318,12.6187178871848,0,9.00128414414146,28.6539306640625,0,0,18.2106214229877,0,13.8903517435387,28.999888420105,12.176090449491,0,0,0,0,0,0,0,5.58328572334127,0,0,0,0,7.2330159819924,0,5.20053282272657,0,5.81451660732053,0,0,0,4.13703262264078,0,3.6712250725323,0,40.2499071756999,37.8314018249512,6.80510343336461,24.1730914666102,8.90217559394985,0,0,36.9769681373372,8.26859325043079,2.97969462654807,9.76805936182182,14.0504654283109,0
0,0,0,0,0,0,0,0,0,0,3.92988757041765,0,0,0,0,0,0,0,0,0,0,0,3.59141553046885,0,3.26979856619964,0,0,0,3.2545637919985,0,3.21373602549235,0,0,20.7518190019499,7.41111159966352,0,4.22519833472589,4.40370769552422,4.05735386080212,0,6.53492802306823,0,9.69279418672834,0,0,0,11.8511377853506,14.7122087088386,12.4312564695417,42.0737896151962,0,0,0,0,0,0,4.79831895033518,0,0,0,0,0,0,4.5382293989105,0,4.27088200425826,0,3.29210794673246,0,0,0,3.93105263927384,0,7.84839297549825,0,32.9369456768036,23.4990512446353,13.8252778382137,0,9.75892431772017,36.9769681373372,0,7.90326928842677,3.22959372619865,7.94124326857735,0,10.1726331491219
4.39972725482802,3.8684723395154,9.0360901504755,3.21176777436183,4.67356624053075,3.54150058937934,3.12159113450484,4.60939456328102,4.896329131476,4.26688611584478,3.93067088677333,3.21173450776509,4.6663633678007,3.52435431297009,3.81024247833661,4.37200707016569,7.57671287878167,6.88338491091361,6.75958753287343,5.0807551359519,4.44422777317188,4.17920642676805,4.14795596464132,3.37744240091558,3.47713733381695,3.78317992070232,4.22330186992395,2.87745466268839,3.1213772675849,3.32151537675124,0,2.87024087565286,2.8754269917806,6.23016213832941,9.55293630632225,6.04349138346394,6.13682624155468,4.96968393806339,5.89136960810803,14.8650275959688,28.4378153483073,7.01819946078593,9.04593591831254,9.88436341512771,10.0267153664639,11.9827881466928,15.9102635244991,7.43513148498773,13.2388173675785,13.3664078966128,3.7533325405864,3.5712834174703,2.96883282661438,0,3.72609153462619,4.10212129259866,4.39192490577698,3.75348985940218,6.99025096297264,3.67565880684142,5.27716890137741,5.0142539597974,3.76436673477292,3.09823207478774,3.58412019438754,3.68635054934668,3.49902804129947,3.23929096364427,3.06879253226493,4.36892825432799,3.02914532472396,3.45138724148273,3.31782051778975,0,6.12803348179521,3.44123416680556,8.4191155951956,9.5429484946179,3.76221652750311,5.60886896516859,8.26859325043079,7.90326928842677,0,5.52863955733783,8.89124908913554,7.87690325029965,7.04398304727342
0,0,0,0,4.19053065776825,3.67029306196397,2.74849104881287,0,3.83704390179926,4.92230889654379,7.06050539016724,0,3.48503710098392,4.97493489008201,4.44279220369127,6.61611114939054,7.60560992163784,7.52359029741865,10.3884616095212,8.53693755467733,0,6.67160776288624,4.99507274451079,6.30700492858887,0,0,3.39555370807648,2.89905142784119,3.00739154645375,0,0,0,0,3.28667819499969,4.9819325953722,9.78781879352311,7.39462832078577,3.39766518850076,3.0827119756628,0,0,0,0,0,0,0,19.3829879760742,3.48575366627086,0,0,0,6.18839009602865,0,0,5.6179983512215,0,0,0,3.40455885343654,3.37257669831431,6.24346632835193,5.89151666845594,8.76236772537231,0,0,3.85851123519972,0,0,0,3.57397961616516,3.15804297247051,3.0771847082221,0,0,0,0,2.93959665298462,4.63372389674187,3.57930678129196,6.22744267958182,2.97969462654807,3.22959372619865,5.52863955733783,0,6.12014764149984,0,0
5.72406609729379,4.87328722321377,7.61202121263724,4.18303740195087,4.8319272554439,8.12787307038599,0,0,4.56358499696833,3.94635922231045,20.8176466623942,0,0,0,0,0,16.7468825831558,22.0217885971069,8.11197758039229,8.41740696430206,7.17122686640272,0,0,2.85786337852478,2.99082036018372,0,0,0,0,0,0,0,0,0,45.8833045959473,7.80727762539381,14.4524993162889,4.09598659119516,6.63015501839774,8.12265229168661,7.8520347039695,7.17226481433442,6.88108228360418,6.13027174871411,5.2322369985571,6.04831955789094,6.01346506376736,11.8553918650109,7.87807359800234,9.29398083314771,3.74607696533203,9.23528226216634,0,0,6.57887098905923,3.82944634638795,5.45410357204836,5.38351492750776,9.89380878560683,9.29953670501709,3.78527609507243,0,7.69412872419192,6.18110952020286,0,0,3.30461722007696,3.22059255554563,0,3.89637750387192,8.81077876036194,12.9473210761422,4.68041134873319,5.96058127733623,0,0,0,0,8.18209949277101,8.16255280254209,9.76805936182182,7.94124326857735,8.89124908913554,6.12014764149984,0,8.94283044367373,8.33807568780198
0,4.75387823581696,0,0,0,0,0,0,0,8.53545860449473,0,0,0,0,0,0,0,22.8123793168501,12.2142333999235,0,0,0,0,0,0,0,0,0,0,0,0,0,0,0,0,0,0,0,0,10.5289745330811,0,5.03190172969508,3.78233051300049,9.30841340088263,0,21.6425380706787,0,0,0,7.34621339374118,0,0,0,0,0,0,0,0,0,0,0,0,0,0,0,0,0,0,0,0,0,0,0,0,0,0,0,0,13.0812196731567,0,14.0504654283109,0,7.87690325029965,0,8.94283044367373,0,0
14.3760269901209,0,18.7570323944092,0,0,0,0,0,12.1859066486359,0,0,0,0,0,0,0,21.0912886787863,0,11.628612385675,0,0,0,0,0,0,0,0,0,0,0,0,0,0,0,0,0,0,0,0,0,10.3100834501551,0,5.55083693605979,0,11.9368431866169,0,13.0536359151204,0,0,0,0,0,0,0,0,0,0,0,0,0,0,0,0,0,0,0,0,0,0,0,0,0,0,13.4687948226929,0,0,0,0,0,11.455187112093,0,10.1726331491219,7.04398304727342,0,8.33807568780198,0,0
