0,0,132.627340376377,0,11.8123842179775,0,0,0,979.245639950037,0,0,0,0,0,0,0,2.26660040020943,0,162.531116783619,0,0,0,0,0,0,0,0,0,0,0,0,0,0,0,0,0,0,0,0,0,0,0,6.94279086589813,0,0,0,0.888662099838257,0.222946554422379,198.939023241401,0,0,0,0,0,175.585532963276,0,0,0,0,0,116.614075571299,0,0,0,0,0,0,0,0,1.7641673386097,0,7.99156858026981,0,0,0,0,0,0,0,0,0,0,338.824361741543,0,44.81198528409,0,10.2696762979031
0,0,0,148.93953871727,0,1.63476991653442,0,0,0,703.273407563567,0,0,0,0,0,12.7542610168457,0,0,0,0,0,0,0,0,0,0,0,0,0,0,0,0,0,0,0,0,0,0.37747785449028,0,0,0,73.0601422712207,0,0,0,0,0,0,0,216.755199871957,0,0,0,0,0,251.024784877896,0,0,0,1.62054818868637,0,71.4084075093269,0,0,0,0,0.624756217002869,0,1.06605675816536,0,0.382365435361862,0,0,0,0,0,0,0,1.20100970566273,0,0,0,64.482308074832,0,256.170285455883,0.832608252763748,0
132.627340376377,0,0,0,279.72783151269,0,0,0,151.700743705034,0,0,0,0,0,0,0,0,0,0.484768658876419,0,0.315353959798813,0,0,0,0,0,0,0,0,0,0,0,0,0,0,0,0,0,0,0,0.169958084821701,0,27.8932190090418,0,0,0,29.0196952521801,5.83874356746674,143.911627233028,0,41.1801389157772,0,0,0,16.0571682453156,0,26.6012808680534,0,11.6636393070221,0,5.74099481105804,0,0,3.9761113524437,0,0,0,0,0,0,0,0,0,0,0,0,0,0,0,0.478239804506302,0,0,451.469914913177,12.014897942543,751.488439291716,0,0
0,148.93953871727,0,0,0,318.426985517144,0,0,0,234.811659604311,0,0,0,0,0,0,0,0,7.19353549182415,0,0,0,0,0,0,0,0,0,0,0,0,0,0,0,0,3.42829666286707,0,0,0,10.5268949270248,0,157.363291591406,0,0,0,70.7804533541203,0,0.861600801348686,0,139.81115090847,0,83.0656523406506,0,0,0,209.926447704434,0,36.6972849965096,0,173.542035609484,0,23.11010825634,16.2569000273943,0,0,0,0,0,0,0,0,0,18.0984954535961,0,0,0,0,0,40.0478068143129,0,30.4650058150291,0.467457473278046,104.217175737023,12.2876437008381,952.636392250657,8.68995667994022,0
11.8123842179775,0,279.72783151269,0,0,0,0,0,133.697122603655,0,0.69038188457489,0,0,0,0,0,0.202727153897285,0,1.0188040137291,0,143.398536965251,0,0,0,0,0,0,0,0,0,0,0,0,0,0,0,0.941771149635315,0,0.432990521192551,0,11.2419765293598,0,24.2755260765553,0,0,0,94.0544814914465,7.79010923206806,45.5829843580723,0,35.5697618126869,0,0,0,26.9148126840591,0,2.48902487754822,0,0,0,0,0,0,201.27996045351,0,0,0,0,0,0,0,0,0,1.66890454292297,0,0,0,0,0,13.4391499459743,0,0,549.014014557004,0,835.624830022454,0,0
0,1.63476991653442,0,318.426985517144,0,0,0,0,0,51.3361031413078,0,4.28268939256668,0,0,0,0,0,0,0.998736381530762,24.3460853993893,0,0,0,0,0,0,0,0,0,0,0,0,0,0,0,94.8955972790718,0,0,0,1.30754643678665,0,2.321243673563,0,0,0,12.7661031484604,0,0.365499347448349,0,0.376123189926147,0,27.2324305921793,0,0,0,1.61661320924759,0,12.416234433651,0,1.07790979743004,0,0,57.4810680449009,0,0,0,0,0,0,0,0,0,3.67858532071114,0,0,0,0,0,93.3958290964365,0,8.54640580713749,0,54.1039302051067,6.71588909626007,357.794574558735,0.738936901092529,0
0,0,0,0,0,0,0,0,0,0,0,0,0,0,0,0,0,0,0,0,0,0,0,0,0,0,0,0,0,0,0,0,0,0,0,0,1,0,0,0,0,0,0,0,0,0,0,0,0,0,0,0,0,0,0,0,0,0,0,0,0,0,0,0,0,0,0,0,0,0,0,0,0,0,0,0,0,0,0,0,0,0,103.723383903503,0,0,0,0
0,0,0,0,0,0,0,0,0,0,0,0,0,0,0,0,0,0,0,0,0,0,0,0,0,0,0,0,0,0,0,0,0,0,0,0,0,0,0,0,0,0,0,0,0,0,0,0,0,0,0,0,0,0,0,0,0,0,0,0,0,0,0,0,0,0,0,0,0,0,0,0,0,0,0,0,0,0,0,0,0,0,19.4777297973633,0,0,0,0
979.245639950037,0,151.700743705034,0,133.697122603655,0,0,0,0,0.671835571527481,0,0,0,0,42.4671116322279,0.428181409835815,612.396759152412,178.406992539763,161.830796957016,0,0,8.60365357995033,4.50773394107819,0.304412692785263,21.3561419844627,2.57938785851002,28.8329875469208,0,0,0,0,0,0,0,0,0,0.194263055920601,0,10.6444676071405,0,1.88103154301643,0.490766197443008,3.32424871623516,0,0,0.176446959376335,2.54420772194862,0,80.8870736658573,0,0,0,0,0,586.80488114059,0.677438378334045,0,0,0,0,86.364574983716,5.21946978569031,0,0,2.74588027596474,1.11630681157112,2.87321639060974,8.42584906518459,9.39579880237579,25.6063407510519,0,0,0,0,0,0,0,0,3.03195463120937,6.62833166122437,0.201658830046654,6.09465841948986,707.370275579393,7.28677487373352,460.20485983789,0,0
0,703.273407563567,0,234.811659604311,0,51.3361031413078,0,0,0.671835571527481,0,0,0,0,0,0,209.313198417425,44.0539724975824,244.639180645347,64.1624644100666,0,0,0.866352632641792,0,50.5437756478786,0.420374795794487,0,3.25309157371521,0,0,0,0,0,0,2.31943887472153,0,9.23746903240681,0,95.7078214734793,0,0,0,9.95071090757847,0,0,0,1.97005638480186,0,6.26452174782753,0,13.5234461128712,0,5.88281935453415,0,0,3.61176806688309,1128.19772638381,0,0.254125565290451,0,0,1.19699162244797,14.2699835896492,0,0,1.49191471934319,0,28.2645732909441,0.756278336048126,0.757063448429108,3.4464282989502,0,0,0.383857429027557,0,0,0,0,0,7.91891376674175,0.187759727239609,29.1692468822002,0,324.447469487786,0,143.913319423795,0,0
0,0,0,0,0.69038188457489,0,0,0,0,0,0,0,2,0,0,0,1.03889356553555,0,5.08783766627312,0,124.005622386932,0,0,0,0,0,0,0,0,0,25.2380109727383,0,0,0,0,0,61.2199442982674,0,62.2638344094157,0,2.38023571670055,0,8.10825341939926,0,0,0,99.7226682007313,0.449449628591537,1.64152085781097,0,0,0,0,0,0,0,735.018462479115,0,0,0,0,0,0,157.429372221231,0,0,0,0,0,0,0,0,0,19.0347223877907,0,0,0,0,0,12.3470037952065,0,18.8478520363569,332.327568233013,0,39.1711792051792,0,2.55529397726059
0,0,0,0,0,4.28268939256668,0,0,0,0,0,0,0,23.2129092216492,0,0,0,0,0,268.710960686207,0,0,0,0,0,0,0,2,0,25.4805102944374,0,0,0,0,0,334.812324613333,0,558.003965348005,0,0,0,0,0,0,0,0,0,0,0,0,0,5.38660290837288,0,0,0,0,0,1832.66745495796,0,197.899414539337,0,0,210.917462348938,0,0,0,0,0,0,0,0,0,12.4651477634907,0,0,0,0,0,151.773330152035,0,26.895073145628,0,18.2986610531807,3,27.1349581778049,0,0
0,0,0,0,0,0,0,0,0,0,2,0,0,0,1,0,0,0,0,0,0,0,0,0,0,0,0,0,0,0,0,0,0,0,0,0,0,0,0,0,0,0,0,0,0,0,0,0,0,0,0,0,0,0,0,0,0,0,64.9701324701309,0,0,0,0,0,0,0,0,0,0,0,0,0,0,0,0,0,0,0,0,0,0,0,0,0,0,0,0
0,0,0,0,0,0,0,0,0,0,0,23.2129092216492,0,0,0,124.278970494866,0,0,0,0,0,0,0,0,0,0,0,0,0,0,0,0,0,0,0,0,0,0,0,0,0,0,0,0,0,0,0,0,0,0.676656112074852,0,0,0,0,0,0,0,0.252716183662415,0,981.602852404118,0,253.594145163894,0,0,0,0,0,0,0,0,0,0,0,0,0,0,0,0,0,0,0,0,150.885619848967,93.4844172000885,0,0,0
0,0,0,0,0,0,0,0,42.4671116322279,0,0,0,1,0,0,0,319.679282769561,56.77540782094,10.9637520909309,0,0,1.36776065826416,12.7138695418835,0,1.2054135799408,0.773720324039459,108.17164324224,0,6.25958615541458,0,0,0,0,0,0,0,0,0,0,0,0,0,0,0,0,0,0,0,0,0,0,0,0,0,9.6785914003849,0,0,0,1,0,183.18971927464,1.11921381950378,0,0,0,0.893506303429604,0,0.85477739572525,2.12134708464146,22.7298784703016,0,0,0,0,0,0,0,0,0,0,0,0,190.596685752273,13.6556629240513,0,0,0
0,12.7542610168457,0,0,0,0,0,0,0.428181409835815,209.313198417425,0,0,0,124.278970494866,0,0,3.70252561569214,106.079384982586,4.57511466741562,0,0,2.55526167154312,0,0,0,4.27323961257935,0,0,0,0,0,0,0,0,0,0,0,0,0,0,0,0,0,0,0,0,0,0,0,2.61083382368088,0,0,0,0,0,53.2540914416313,0,0,0,34.2906010746956,0,170.391497910023,0,0,0,0,0,0,29.9065554141998,0,0,0,0,0,0,0,0,0,0,0,0,0,15.1063421666622,0,0,0,0
2.26660040020943,0,0,0,0.202727153897285,0,0,0,612.396759152412,44.0539724975824,1.03889356553555,0,0,0,319.679282769561,3.70252561569214,0,11619.6540620327,4389.97839673609,0,2.69930113852024,188.772597119212,705.784038826823,22.1643748581409,99.1936787515879,132.593041107059,1162.79079663754,0,24.8777293264866,0,0,0,0,0,0,6.39100943505764,3.0162009447813,0,1.7297485768795,0,29.561755605042,72.9227723330259,134.690084904432,18.6443898081779,0.61923460662365,13.7525594830513,15.5840873420238,0,6.67248214781284,0,0,0,0,0,167.899423986673,108.623696029186,0.68040756881237,0.828627109527588,0,0,649.865236639977,39.4566541463137,0,5.58845260739326,47.9921975433826,77.2314460575581,9.49853992462158,110.727650016546,92.6605474799871,1058.26543143392,0,0,0.164107948541641,0.27689528465271,0,0,0,0,133.64128742367,326.292718827724,33.7131307944655,60.7337852492929,6749.07730799168,237.379410639405,75.0597768202424,4.7955194413662,10.0253907889128
0,0,0,0,0,0,0,0,178.406992539763,244.639180645347,0,0,0,0,56.77540782094,106.079384982586,11619.6540620327,0,5051.36102025211,0,0,679.059529170394,55.0588013231754,80.9334884881973,27.2235454916954,501.13787792623,89.7430525422096,1,6.39322286844254,0,0,0,0,0,0,11.2008656561375,0,0,0,1.31457710266113,8.08005592226982,55.1088805943727,5.59684132039547,4.97120255231857,0.487764060497284,4.59965696930885,0,0,0,0,0,0,0,0,79.8092058598995,410.747702389956,0,0.848292529582977,0,0,138.009309262037,305.206910550594,2.16551923751831,0,142.355292379856,6.71196639537811,71.2121396958828,72.7089394778013,436.836741656065,104.905516862869,42.1157329082489,0,0.311924338340759,0,0,0,0,0,78.2171112522483,18.6505769789219,32.6452799737453,2.06359419226646,4758.04558263719,172.740265667439,20.774263754487,2.01332086324692,0
162.531116783619,0,0.484768658876419,7.19353549182415,1.0188040137291,0.998736381530762,0,0,161.830796957016,64.1624644100666,5.08783766627312,0,0,0,10.9637520909309,4.57511466741562,4389.97839673609,5051.36102025211,0,0,4.59118315577507,35.9038748890162,3.85524719953537,5.42280358076096,1.83733880519867,35.0908659398556,12.9228642880917,0,2.19970825314522,0,0,0,0,0,0,98.4955388456583,19.9541586190462,1.7378516793251,7.34404915571213,36.9509747773409,214.081698067486,1818.20037572086,680.921201810241,358.822370953858,14.8352973461151,295.72626593709,137.851086899638,0.554210782051086,16.7061041146517,5.72148913890123,0,0,0,0,35.2605664432049,199.831539571285,9.54516838490963,12.6674887090921,0,0,33.911642998457,13.150890827179,11.283310726285,41.4056443870068,13.534338414669,1.92908522486687,8.1982114315033,13.8627195358276,38.6834126710892,26.0024991929531,0,0,10.0329208672047,10.6309458911419,0,0,0,0,2628.59617678076,2130.15619277954,491.418851770461,351.704898506403,4062.76349984109,24.6392018198967,1540.66978178918,428.248257398605,82.1686030626297
0,0,0,0,0,24.3460853993893,0,0,0,0,0,268.710960686207,0,0,0,0,0,0,0,0,0,0,0,0,0,0,0,0,0,0,0,0,0,0,0,1254.32196930051,0,385.927820518613,0,0,0,0,0,0,0,0.20552784204483,0,0,0,0,0,7.14237979054451,0,0,0,0,0,34.6803544908762,0,0,0,0,716.102392077446,0,0,0,0,0,0,0,0,0,1.1747268140316,0,0,0,0,0,562.124401271343,0,127.582048326731,0,71.9363993406296,0.730026543140411,24.9594087004662,0,0
0,0,0.315353959798813,0,143.398536965251,0,0,0,0,0,124.005622386932,0,0,0,0,0,2.69930113852024,0,4.59118315577507,0,0,0,0,0,0,0,0,0,0,0,0,0,0,0,0,0,419.75496801734,0,110.227115690708,0,1.01188227534294,0,11.4442443549633,0,0,0,235.654333263636,0,3.62531867623329,0,0,0,0,0,0,0,215.489216387272,0,0,0,0,0,0,657.432260662317,0,0,0,0,0,0,0,0,0,5.62857308983803,0,0,0,0,0,935.371764779091,0,170.506634920835,663.104974210262,0,83.9557111561298,0,2.1745171546936
0,0,0,0,0,0,0,0,8.60365357995033,0.866352632641792,0,0,0,0,1.36776065826416,2.55526167154312,188.772597119212,679.059529170394,35.9038748890162,0,0,0,781.838819801807,249.4762057513,0,5.66722786426544,0.421379595994949,51.4130538702011,0,0,0,0,0,10.3614522367716,0,0,0,2085.99525091052,66.6176458597183,0,0,0,0,0,0,0,0,14.4428083449602,0,64.2184393405914,0,0,0,0,0,6.09000885486603,0,0,0,0,1.44160996377468,6.76052007079124,0,0,5929.54118494689,197.353084862232,64.9955527186394,4.40383815765381,14.0383158624172,1.82210695743561,173.736779943109,0,0.594220101833344,0,0,0,0,0,0,0,610.617373123765,1,1169.5999057591,72.6663423776627,1.91652673482895,0,0
0,0,0,0,0,0,0,0,4.50773394107819,0,0,0,0,0,12.7138695418835,0,705.784038826823,55.0588013231754,3.85524719953537,0,0,781.838819801807,0,0,29.8653267323971,0.387316137552261,118.587573111057,0,90.253675147891,0,0,0,0,0,0,0,0,9.73806631565094,474.264483243227,0,0,0,0,0,0,0,0,0.754322797060013,190.882555454969,0,0,0,0,0,0,0,0,0,0,0,7.16761158406734,0,0,0,13.9504126310349,5001.26625730097,0,72.6075245141983,0,57.7574999630451,0,62.2873980402946,0,0,0,0,0,0,0,0,0,319.12083773315,658.276508912444,56.5057810544968,4.64073963463306,0,0
0,0,0,0,0,0,0,0,0.304412692785263,50.5437756478786,0,0,0,0,0,0,22.1643748581409,80.9334884881973,5.42280358076096,0,0,249.4762057513,0,0,0,1.48079064488411,0,0,0,0,0,0,0,0,0,0,0,491.751730054617,0,0,0,0,0,0,0,0,0,28.4448726177216,0,23.0668560564518,0,0,0,0,3.28501963615417,103.576758742332,0,0,0,0,0,3.10606384277344,0,0,148.613556280732,0,270.695648789406,2.33032178878784,17.2184528708458,0,259.913223877549,0,0,0,0,0,0,0,0,0,123.240489006042,0,119.964662536979,2,30.8715398311615,0,0
0,0,0,0,0,0,0,0,21.3561419844627,0.420374795794487,0,0,0,0,1.2054135799408,0,99.1936787515879,27.2235454916954,1.83733880519867,0,0,0,29.8653267323971,0,0,0.770113229751587,80.9106417894363,0,0.50224632024765,0,0,0,0,0,0,0,0,0,136.129789143801,0,0,0,0,0,0,0,0,0,153.72775888443,0,0,0,0,0,13.7227046340704,0,0,0,0,0,12.7917225956917,0,0,0,0,15.1761122345924,0,184.676060840487,0.228709295392036,122.855402141809,0,0,0,0,0,0,0,0,0,0,0,82.3384435474873,157.156405448914,0.701758980751038,66.8669162094593,0,0
0,0,0,0,0,0,0,0,2.57938785851002,0,0,0,0,0,0.773720324039459,4.27323961257935,132.593041107059,501.13787792623,35.0908659398556,0,0,5.66722786426544,0.387316137552261,1.48079064488411,0.770113229751587,0,3.29578080773354,20.9951002597809,0,0,0,0,0,0,0,0,0,0,0,0,0,0,0,0,0,0,0,0,0,0,0,0,0,0,0,5.20010685920715,0,0,0,0,0.334399074316025,2.01905059814453,0,0,3.30604982376099,0,42.5723220407963,1.57949495315552,158.854839086533,0.515502721071243,0.437407940626144,0,0,0,0,0,0,0,0,0.201075509190559,0,0,94.6017580777407,0,0,0,0
0,0,0,0,0,0,0,0,28.8329875469208,3.25309157371521,0,0,0,0,108.17164324224,0,1162.79079663754,89.7430525422096,12.9228642880917,0,0,0.421379595994949,118.587573111057,0,80.9106417894363,3.29578080773354,0,0,73.4540445208549,0,0,0,0,0,0,0,0,0,0,0,0,0,0,0,0,0,0,0,0,0,0,0,0,0,3.66513520479202,3.13990795612335,0,0,0,0,53.1700800508261,0,0,0,0,16.3784209489822,0,25.3259536027908,1.7509181201458,549.290487334132,0,8.62737625837326,0,0,0,0,0,0,0,0,0,0,510.790123865008,7.1565648317337,0,0,0
0,0,0,0,0,0,0,0,0,0,0,2,0,0,0,0,0,1,0,0,0,51.4130538702011,0,0,0,20.9951002597809,0,0,0,283.162100732327,0,0,0,0,0,0,0,1.7953075170517,0,0,0,0,0,0,0,0,0,0,0,1.9725489616394,0,0,0,0,0,0,0,0,0,48.8746682405472,0,0,0,0,2,0,0,0,111.202550530434,0,1954.42450077832,0,8.94873577356339,0,0,0,0,0,0,0,77.3418220579624,0,0,4,0,0,0
0,0,0,0,0,0,0,0,0,0,0,0,0,0,6.25958615541458,0,24.8777293264866,6.39322286844254,2.19970825314522,0,0,0,90.253675147891,0,0.50224632024765,0,73.4540445208549,0,0,0,191.098806232214,0,0,0,0,0,0,0,84.1760567724705,0,0,0,0,0,0,0,0,0,0,0,0,0,0,0,0,0,0,0,0,0,1.90655946731567,0,0,0,0,2.43169124424458,0,0,0,9.8126717209816,0,623.800248071551,0,0,0,0,0,0,0,0,0,56.5170149952173,119.505434662104,0,0,0,0
0,0,0,0,0,0,0,0,0,0,0,25.4805102944374,0,0,0,0,0,0,0,0,0,0,0,0,0,0,0,283.162100732327,0,0,0,0,0,0,0,0,0,489.441099286079,0,0,0,0,0,0,0,0,0,0,0,0,0,0,0,0,0,0,0,3.57049155235291,0,0,0,0,0,0,0,0,0,0,0,0,428.010838031769,0,634.915139526129,0,0,0,0,0,0,0,140.369616568089,0,61.3323911726475,0,0,0,0
0,0,0,0,0,0,0,0,0,0,25.2380109727383,0,0,0,0,0,0,0,0,0,0,0,0,0,0,0,0,0,191.098806232214,0,0,0,0,0,0,0,0,0,305.295174479485,0,0,0,0,0,0,0,0,0,0,0,0,0,0,0,0,0,124.088418602943,0,0,0,0,0,0,0,0,0,0,0,0,0,0,3.58711016178131,0,610.649692207575,0,0,0,0,0,0,0,111.237642198801,5.3005450963974,0,0,0,0
0,0,0,0,0,0,0,0,0,0,0,0,0,0,0,0,0,0,0,0,0,0,0,0,0,0,0,0,0,0,0,0,165.835352301598,5.33441683650017,9.35519313812256,338.783810049295,19.8476263284683,0,0,0,0,0,0,0,0,0,0,63.5372558534145,5.39228689670563,0,0,0,0,0,0,0,0,0,0,0,0,0,0,0,0,0,0,0,0,0,0,0,0,0,1889.12922553718,26.5575395524502,23.9318358302116,12.0223359167576,2017.33358664811,3.05979704856873,0,0,501.18518909812,0,0,0,0
0,0,0,0,0,0,0,0,0,0,0,0,0,0,0,0,0,0,0,0,0,0,0,0,0,0,0,0,0,0,0,165.835352301598,0,3.08151698112488,13.5870834290981,56.9016529321671,776.320298686624,0,0,0,0,0,0,0,0,0,0,646.482888311148,5.18490481376648,0,0,0,0,0,0,0,0,0,0,0,0,0,0,0,0,0,0,0,0,0,0,0,0,0,54.0634214282036,1508.47824966908,0,173.705781057477,1.79641211032867,1711.65616567433,0,0,918.85436347127,0.526298344135284,0,0,0
0,0,0,0,0,0,0,0,0,2.31943887472153,0,0,0,0,0,0,0,0,0,0,0,10.3614522367716,0,0,0,0,0,0,0,0,0,5.33441683650017,3.08151698112488,0,851.882114797831,200.220639675856,0,884.77170163393,0,0,0,0,0.600158512592316,0,0,0,0,1311.53778550029,22.4742708653212,15.385921061039,0,0,0,0,0,0,0,0,0,0,0,0,0,0,5.47853493690491,0,0,0,0.862812668085098,0,12.3698931336403,0,0.994251549243927,0,23.7552790790796,0,2738.96499761939,507.224857449532,192.235248684883,12.5766422748566,335.382286250591,84.8862579166889,1323.97018262744,368.135633111,11.5836013257504,0,0
0,0,0,0,0,0,0,0,0,0,0,0,0,0,0,0,0,0,0,0,0,0,0,0,0,0,0,0,0,0,0,9.35519313812256,13.5870834290981,851.882114797831,0,0,766.507260337472,0,261.276146501303,0,0,0,0,0,0,0,0,1530.93942818046,0.769109129905701,9.44258770346642,0,0,0,0,0,0,0,0,0,0,0,0,0,0,0,0,0,0,0,0,0,0,0,0,0.318479269742966,96.1581132411957,459.194680124521,3111.03059573472,0,86.5201187953353,2.21213957667351,350.092447221279,1520.44732135534,8.43262803554535,1.3702417165041,0,0
0,0,0,3.42829666286707,0,94.8955972790718,0,0,0,9.23746903240681,0,334.812324613333,0,0,0,0,6.39100943505764,11.2008656561375,98.4955388456583,1254.32196930051,0,0,0,0,0,0,0,0,0,0,0,338.783810049295,56.9016529321671,200.220639675856,0,0,467.830574542284,1380.93030300736,0,3.48633742332458,0.965243369340897,100.838771887124,3.80587676167488,53.9186630025506,0,47.3660173639655,0,39.540963768959,2.18417406082153,48.6319114565849,0,0,0,0,0,0,0,43.6409859806299,0,0,0,0,212.754988797009,0.136956721544266,0,0,0,0,0,0,0,0,0.717023104429245,0,117.152162000537,22.7903371751308,7.17552526295185,0.183593541383743,14090.7797577977,66.2764349132776,728.968218877912,0.989987745881081,4134.0305750072,22.1111692637205,265.690563626587,6.49708463251591,0
0,0,0,0,0.941771149635315,0,1,0,0.194263055920601,0,61.2199442982674,0,0,0,0,0,3.0162009447813,0,19.9541586190462,0,419.75496801734,0,0,0,0,0,0,0,0,0,0,19.8476263284683,776.320298686624,0,766.507260337472,467.830574542284,0,0,1273.63506560028,0,4.58379646390676,0.116029374301434,14.938802883029,0,0.358922898769379,0,68.3604050055146,390.836597412825,29.4699194207788,0,0,0,0,0,0,0,0.185830816626549,0,0,0,0,0,0,55.9479817301035,0,0,0,0,0,0,0,0,0,0.615989923477173,0,141.5950050354,0,42.5071471482515,222.793656736612,18190.2056480274,0,206.621276259422,6037.40609461814,0.330028802156448,72.6320489570498,0,0
0,0.37747785449028,0,0,0,0,0,0,0,95.7078214734793,0,558.003965348005,0,0,0,0,0,0,1.7378516793251,385.927820518613,0,2085.99525091052,9.73806631565094,491.751730054617,0,0,0,1.7953075170517,0,489.441099286079,0,0,0,884.77170163393,0,1380.93030300736,0,0,277.512194693089,0,0,16.5323824882507,0,0,0,12.6442606449127,0,1423.1083009392,0,715.890602424741,0,0,0,0,0,78.6860766857862,0,730.45372313261,0,0,0,0,193.728278398514,0,643.285281985998,0,163.177174597979,0,5.49147622287273,0,123.716906160116,0,196.660443365574,0,0,0,193.002996578813,0,724.533515542746,0,8705.33439015597,86.6719887256622,1161.91335844994,141.379701167345,258.614634126425,0,0
0,0,0,0,0.432990521192551,0,0,0,10.6444676071405,0,62.2638344094157,0,0,0,0,0,1.7297485768795,0,7.34404915571213,0,110.227115690708,66.6176458597183,474.264483243227,0,136.129789143801,0,0,0,84.1760567724705,0,305.295174479485,0,0,0,261.276146501303,0,1273.63506560028,277.512194693089,0,0,0.474263712763786,2.56606578826904,46.3584506064653,0,0,0,95.1012711077929,331.730765685439,576.340562582016,0,0,0,0,0,7.7079002559185,0,0,0,0,0,0,0,0,70.9897426664829,0,271.447913452983,0,61.3578358590603,0,0,0,23.6163946390152,0,117.4769551754,0,0,0,189.164720222354,0,494.436881013215,0,6687.9989143908,1786.18538992107,0,471.247083760798,0,16.2206465005875
0,0,0,10.5268949270248,0,1.30754643678665,0,0,0,0,0,0,0,0,0,0,0,1.31457710266113,36.9509747773409,0,0,0,0,0,0,0,0,0,0,0,0,0,0,0,0,3.48633742332458,0,0,0,0,0,36.0272894203663,0,10.6897732615471,0,44.8084552288055,0,44.1632709801197,0,79.8350616246462,0,0,0,0,0,0,0,1.33100505173206,0,0,0,0,0,0,0,0,0,0,0,0,0,0,0.163716986775398,0,0,0,0,0,173.326267763972,0,17.2144303098321,0,15.9159102737904,0,121.423741832376,20.8786210119724,0
0,0,0.169958084821701,0,11.2419765293598,0,0,0,1.88103154301643,0,2.38023571670055,0,0,0,0,0,29.561755605042,8.08005592226982,214.081698067486,0,1.01188227534294,0,0,0,0,0,0,0,0,0,0,0,0,0,0,0.965243369340897,4.58379646390676,0,0.474263712763786,0,0,1.54653166234493,663.933797210455,0,9.5541171208024,0,109.791704311967,7.2866907119751,215.80158995837,0,0,0,0,0,0,0,2.52470031380653,0,0,0,0,0,0,23.0360130518675,0,0,0,0,0,1.35003340244293,0,0,1.71301102638245,2.68590879440308,0,0,0,0,4.82809836417437,300.795061662793,0,44.9313169568777,109.992246419191,0,256.193950995803,0,7.93663035333157
0,73.0601422712207,0,157.363291591406,0,2.321243673563,0,0,0.490766197443008,9.95071090757847,0,0,0,0,0,0,72.9227723330259,55.1088805943727,1818.20037572086,0,0,0,0,0,0,0,0,0,0,0,0,0,0,0,0,100.838771887124,0.116029374301434,16.5323824882507,2.56606578826904,36.0272894203663,1.54653166234493,0,283.715607702732,214.482085317373,2.18696168065071,434.319584555924,5.93743997812271,28.6741489171982,2.14286607503891,362.749926142395,0,0,0,0,0,1.36126951873302,0,486.189077079296,0,0,1.72383344173431,0.319757580757141,79.414712369442,0,0,0,0,0,0,2.23322653770447,0,0,240.006933137774,0,0,0,0,0,2809.49910870939,21.2084966003895,1083.59297461808,3.02076178789139,1056.85581360757,0,4167.78691790253,1462.03293928504,0
6.94279086589813,0,27.8932190090418,0,24.2755260765553,0,0,0,3.32424871623516,0,8.10825341939926,0,0,0,0,0,134.690084904432,5.59684132039547,680.921201810241,0,11.4442443549633,0,0,0,0,0,0,0,0,0,0,0,0,0.600158512592316,0,3.80587676167488,14.938802883029,0,46.3584506064653,0,663.933797210455,283.715607702732,0,2.76169733703136,60.7665359228849,7.73686340451241,289.037817150354,211.548343852162,371.967150270939,20.6921521574259,2.09845069050789,0,0,0,0,0,253.539415597916,0,0,0,0,0,0,530.457601882517,0,0,0,0,0,0,0,0,0.181243151426315,44.340765401721,0,0,6.23193827271461,0,46.5477550774813,2743.46606757492,22.6456377208233,693.019017718732,662.642998784781,0,5007.07681383193,1.32884448766708,646.866544559598
0,0,0,0,0,0,0,0,0,0,0,0,0,0,0,0,18.6443898081779,4.97120255231857,358.822370953858,0,0,0,0,0,0,0,0,0,0,0,0,0,0,0,0,53.9186630025506,0,0,0,10.6897732615471,0,214.482085317373,2.76169733703136,0,0,33.9793067425489,4.05971813201904,0,0,1.94438053667545,0,0,0,0,0,0,0,5.46218457818031,0,0,0,0,7.32226127386093,0.277529060840607,0,0,0,0,0,0,0,0,3.11964827775955,0,0,0,0,0,1063.09777589887,12.7086849063635,463.734360188246,1.35339957475662,80.5779618248343,0,128.503601029515,10.1150636970997,0
0,0,0,0,0,0,0,0,0,0,0,0,0,0,0,0,0.61923460662365,0.487764060497284,14.8352973461151,0,0,0,0,0,0,0,0,0,0,0,0,0,0,0,0,0,0.358922898769379,0,0,0,9.5541171208024,2.18696168065071,60.7665359228849,0,0,0,0.227256536483765,0,5.00560581684113,0,0,0,0,0,0,0,0,0,0,0,0,0,0,0,0,0,0,0,0,0,0,0,0,0,0,0,0,0,0,69.6615553051233,0,4.7955117598176,10.2076213508844,0,16.4634495824575,0,0.162938058376312
0,0,0,70.7804533541203,0,12.7661031484604,0,0,0.176446959376335,1.97005638480186,0,0,0,0,0,0,13.7525594830513,4.59965696930885,295.72626593709,0.20552784204483,0,0,0,0,0,0,0,0,0,0,0,0,0,0,0,47.3660173639655,0,12.6442606449127,0,44.8084552288055,0,434.319584555924,7.73686340451241,33.9793067425489,0,0,4.35493576526642,1.33341410756111,0,95.5650524199009,0,0.511227145791054,0,0,0,2.09314292669296,0,52.1788641959429,0,1.13305056095123,0,0,397.663138821721,0,0,0,0,0,0,0,0,0,147.53653922677,0,0,0,0,0,1361.2669768557,7.58000696450472,858.349483348429,0.86988753080368,80.3477433174849,0.261964321136475,808.012301906943,7.10379065573215,0
0.888662099838257,0,29.0196952521801,0,94.0544814914465,0,0,0,2.54420772194862,0,99.7226682007313,0,0,0,0,0,15.5840873420238,0,137.851086899638,0,235.654333263636,0,0,0,0,0,0,0,0,0,0,0,0,0,0,0,68.3604050055146,0,95.1012711077929,0,109.791704311967,5.93743997812271,289.037817150354,4.05971813201904,0.227256536483765,4.35493576526642,0,50.9777664989233,282.319850161672,2.80018749833107,1.45147357881069,0,0,0,0,0,110.748574197292,0,0,0,0,0,0,847.553496137261,0,0,0,0,0,0,0,0,0,56.5164252966642,0,0,0,0,5.52158540487289,2479.14365559816,0,574.345109537244,153.007333382964,1.25985991954803,1044.31647505611,0,22.0367299616337
0.222946554422379,0,5.83874356746674,0.861600801348686,7.79010923206806,0.365499347448349,0,0,0,6.26452174782753,0.449449628591537,0,0,0,0,0,0,0,0.554210782051086,0,0,14.4428083449602,0.754322797060013,28.4448726177216,0,0,0,0,0,0,0,63.5372558534145,646.482888311148,1311.53778550029,1530.93942818046,39.540963768959,390.836597412825,1423.1083009392,331.730765685439,44.1632709801197,7.2866907119751,28.6741489171982,211.548343852162,0,0,1.33341410756111,50.9777664989233,0,1630.07257692516,1580.80349217355,0,0,0,0,0,0,0,0,0,0,0,0,1.08160543441772,14.1397238820791,4.15290226042271,15.5135838538408,30.8029098808765,0,4.17720943689346,0,12.7579769790173,5.86925721168518,2.55761124193668,0.976495578885078,36.4772730469704,496.106815204024,241.393409788609,1197.12343016267,5567.69760225713,1550.24536973238,574.765486046672,780.503262281418,927.502549320459,0,335.168246686459,0.216529250144958,0.565809220075607
198.939023241401,0,143.911627233028,0,45.5829843580723,0,0,0,80.8870736658573,0,1.64152085781097,0,0,0,0,0,6.67248214781284,0,16.7061041146517,0,3.62531867623329,0,190.882555454969,0,153.72775888443,0,0,0,0,0,0,5.39228689670563,5.18490481376648,22.4742708653212,0.769109129905701,2.18417406082153,29.4699194207788,0,576.340562582016,0,215.80158995837,2.14286607503891,371.967150270939,0,5.00560581684113,0,282.319850161672,1630.07257692516,0,122.304006487131,1.06763935089111,0,0,0,32.7719860970974,0,39.1947894096375,0,0.576145529747009,0,15.488080188632,0,0,71.4287873730063,0,499.570426374674,0,301.09732927382,0,8.57938122749329,0,143.100911825895,0,46.8161932080984,0,6.74060600996017,20.5743924081326,1.92983996868134,8.55359880626202,335.931132532656,1.32563945651054,1228.9709341675,631.729748681188,0,1647.80498316139,0,28.9236031025648
0,216.755199871957,0,139.81115090847,0,0.376123189926147,0,0,0,13.5234461128712,0,0,0,0.676656112074852,0,2.61083382368088,0,0,5.72148913890123,0,0,64.2184393405914,0,23.0668560564518,0,0,0,1.9725489616394,0,0,0,0,0,15.385921061039,9.44258770346642,48.6319114565849,0,715.890602424741,0,79.8350616246462,0,362.749926142395,20.6921521574259,1.94438053667545,0,95.5650524199009,2.80018749833107,1580.80349217355,122.304006487131,0,0,0,0,0,0,73.7437934875488,0,17.4016857370734,0,23.1595231741667,0,13.9161137640476,8.49645000696182,0.773908495903015,15.7051365673542,0.341677829623222,27.7167458385229,0,202.554248034954,0,291.403845593333,0.801843464374542,106.615599036217,0,0,0,2.65951299667358,74.6629786044359,1807.1881917119,2.11935846507549,386.208971321583,107.693288758397,205.296122729778,0,1194.41008803248,3.3659271672368,0
0,0,41.1801389157772,0,35.5697618126869,0,0,0,0,0,0,0,0,0,0,0,0,0,0,0,0,0,0,0,0,0,0,0,0,0,0,0,0,0,0,0,0,0,0,0,0,0,2.09845069050789,0,0,0,1.45147357881069,0,1.06763935089111,0,0,0,0,0,0,0,45.48502856493,0,186.314606845379,0,54.2628437280655,0,0,3.92227308452129,0,0,0,0,0,0,0,0,0,0,0,0,0,0,0,0,0,0,9.39881408214569,0,303.069798186421,0,0
0,0,0,83.0656523406506,0,27.2324305921793,0,0,0,5.88281935453415,0,5.38660290837288,0,0,0,0,0,0,0,7.14237979054451,0,0,0,0,0,0,0,0,0,0,0,0,0,0,0,0,0,0,0,0,0,0,0,0,0,0.511227145791054,0,0,0,0,0,0,0,0,0,2.2466813325882,0,42.7578952163458,0,0,0,0,4.97682826220989,0,0,0,0,0,0,0,0,0,0,0,0,0,0,0,1.26849582791328,0,0,0,2.27765691280365,0,73.087244823575,0,0
0,0,0,0,0,0,0,0,0,0,0,0,0,0,0,0,0,0,0,0,0,0,0,0,0,0,0,0,0,0,0,0,0,0,0,0,0,0,0,0,0,0,0,0,0,0,0,0,0,0,0,0,0,0,0,0,0,0,0,0,0,0,0,0,0,0,0,0,0,0,0,0,0,0,0,0,0,0,0,0,0,0,1,0,0,0,0
0,0,0,0,0,0,0,0,0,0,0,0,0,0,0,0,0,0,0,0,0,0,0,0,0,0,0,0,0,0,0,0,0,0,0,0,0,0,0,0,0,0,0,0,0,0,0,0,0,0,0,0,0,0,0,0,0,36.8229048848152,0,0,0,0,0,0,0,0,0,0,0,0,0,0,0,0,0,0,0,0,0,0,0,0,0,0,0,0,0
175.585532963276,0,16.0571682453156,0,26.9148126840591,0,0,0,586.80488114059,3.61176806688309,0,0,0,0,9.6785914003849,0,167.899423986673,79.8092058598995,35.2605664432049,0,0,0,0,3.28501963615417,13.7227046340704,0,3.66513520479202,0,0,0,0,0,0,0,0,0,0,0,7.7079002559185,0,0,0,0,0,0,0,0,0,32.7719860970974,0,0,0,0,0,0,3.65257000923157,0.287344843149185,0,0,0,78.4739310741425,0.73928228020668,0,0,2.58793616294861,0,0,3.06151194870472,0,2.89718109369278,0,0.787461429834366,0,0,0,0,0,0,1.87421989440918,0,0,0.250089585781097,94.3500322699547,0.734037458896637,33.9958808422089,0,0
0,251.024784877896,0,209.926447704434,0,1.61661320924759,0,0,0.677438378334045,1128.19772638381,0,0,0,0,0,53.2540914416313,108.623696029186,410.747702389956,199.831539571285,0,0,6.09000885486603,0,103.576758742332,0,5.20010685920715,3.13990795612335,0,0,0,0,0,0,0,0,0,0,78.6860766857862,0,0,0,1.36126951873302,0,0,0,2.09314292669296,0,0,0,73.7437934875488,0,2.2466813325882,0,0,3.65257000923157,0,0,0.42470794916153,0,0,8.91241079568863,212.191728711128,0.241297662258148,0,3.12528443336487,0,261.467513158917,0,0.421767979860306,0,0,0,0.503533661365509,0,0,0,0,0,10.7855324596167,0,285.946056619287,0,230.54954059422,4.31936371326447,35.5418873727322,0,0
0,0,26.6012808680534,0,2.48902487754822,0,0,0,0,0,735.018462479115,0,0,0,0,0,0.68040756881237,0,9.54516838490963,0,215.489216387272,0,0,0,0,0,0,0,0,0,124.088418602943,0,0,0,0,0,0.185830816626549,0,0,0,2.52470031380653,0,253.539415597916,0,0,0,110.748574197292,0,39.1947894096375,0,45.48502856493,0,0,0,0.287344843149185,0,0,0,53.7363478243351,0,47.0121821165085,0,0,170.537179768085,0,0,0,0,0,2.70731002092361,0,98.0665975958109,0,76.4948029518127,0,0,0,0,0,15.4184259399772,0,1.0274398624897,6.88892340660095,0,975.098874390125,0,22.8169255852699
0,0,0,36.6972849965096,0,12.416234433651,0,0,0,0.254125565290451,0,1832.66745495796,0,0.252716183662415,0,0,0.828627109527588,0.848292529582977,12.6674887090921,34.6803544908762,0,0,0,0,0,0,0,0,0,3.57049155235291,0,0,0,0,0,43.6409859806299,0,730.45372313261,0,1.33100505173206,0,486.189077079296,0,5.46218457818031,0,52.1788641959429,0,0,0,17.4016857370734,0,42.7578952163458,0,36.8229048848152,0,0.42470794916153,0,0,0,314.061360687017,0,0,996.459947302938,0,0,0,0,0,0,0,23.3313984870911,0,752.869999036193,0,0,0,0,0,12.8343216180801,0,33.3181997165084,0,111.557810604572,42.9911488294601,582.574846923351,77.9779716134071,0
0,0,11.6636393070221,0,0,0,0,0,0,0,0,0,64.9701324701309,0,1,0,0,0,0,0,0,0,0,0,0,0,0,0,0,0,0,0,0,0,0,0,0,0,0,0,0,0,0,0,0,0,0,0,0.576145529747009,0,186.314606845379,0,0,0,0,0,53.7363478243351,0,0,0,10.1489566862583,0,0,0,0,0,0,0,0,0,0,128.887829601765,0,0,0,0,0,0,0,0,0,0,0,0,0,0,0
0,1.62054818868637,0,173.542035609484,0,1.07790979743004,0,0,0,0,0,197.899414539337,0,981.602852404118,0,34.2906010746956,0,0,0,0,0,0,0,0,0,0,0,48.8746682405472,0,0,0,0,0,0,0,0,0,0,0,0,0,0,0,0,0,1.13305056095123,0,0,0,23.1595231741667,0,0,0,0,0,0,0,314.061360687017,0,0,0,220.876204252243,0.591526508331299,0,0,0,0,0,0.458413124084473,0,39.3489258289337,0,0,0,0,0,0,0,0.741996705532074,0,0,0,39.4948170483112,43.6583662629128,10.8951360583305,0,0
116.614075571299,0,5.74099481105804,0,0,0,0,0,86.364574983716,1.19699162244797,0,0,0,0,183.18971927464,0,649.865236639977,138.009309262037,33.911642998457,0,0,1.44160996377468,7.16761158406734,0,12.7917225956917,0.334399074316025,53.1700800508261,0,1.90655946731567,0,0,0,0,0,0,0,0,0,0,0,0,1.72383344173431,0,0,0,0,0,0,15.488080188632,0,54.2628437280655,0,0,0,78.4739310741425,8.91241079568863,47.0121821165085,0,10.1489566862583,0,0,0,0,0,0,5.66314765810966,0,5.16848209500313,9.30066956579685,22.8675708770752,0,4.77210626006126,0,0,0,0,0,0,0.33560973405838,0,0,0,202.029410883784,0.304103016853333,0.372171580791473,0,0
0,71.4084075093269,0,23.11010825634,0,0,0,0,5.21946978569031,14.2699835896492,0,0,0,253.594145163894,1.11921381950378,170.391497910023,39.4566541463137,305.206910550594,13.150890827179,0,0,6.76052007079124,0,3.10606384277344,0,2.01905059814453,0,0,0,0,0,0,0,0,0,0,0,0,0,0,0,0.319757580757141,0,0,0,0,0,0,0,13.9161137640476,0,0,0,0,0.73928228020668,212.191728711128,0,0,0,220.876204252243,0,0,0,0,2.79489266872406,0,105.663294091821,0,283.217077568173,0.779670730233192,27.5714318454266,0,0,0,0,0,0,0,0,0,0,0,159.998236089945,1,46.1153924763203,0,0
0,0,0,16.2569000273943,0,57.4810680449009,0,0,0,0,0,210.917462348938,0,0,0,0,0,2.16551923751831,11.283310726285,716.102392077446,0,0,0,0,0,0,0,0,0,0,0,0,0,0,0,212.754988797009,0,193.728278398514,0,0,0,79.414712369442,0,7.32226127386093,0,397.663138821721,0,1.08160543441772,0,8.49645000696182,0,4.97682826220989,0,0,0,0.241297662258148,0,996.459947302938,0,0.591526508331299,0,0,0,0,0,0,0,0,0,0,0,0,358.204441681504,0,0,0,0,0,3219.2693554163,0,1192.8132840544,0,86.7535821124911,2.79501011967659,1009.05549405515,5.54682505130768,0
0,0,3.9761113524437,0,201.27996045351,0,0,0,0,0,157.429372221231,0,0,0,0,0,5.58845260739326,0,41.4056443870068,0,657.432260662317,0,0,0,0,0,0,0,0,0,0,0,0,0,0,0.136956721544266,55.9479817301035,0,70.9897426664829,0,23.0360130518675,0,530.457601882517,0.277529060840607,0,0,847.553496137261,14.1397238820791,71.4287873730063,0.773908495903015,3.92227308452129,0,0,0,0,0,170.537179768085,0,0,0,0,0,0,0,0,0,0,0,0,0,0,0,0,16.6639644801617,0,0,0,0,0.236586928367615,5706.65849789977,0,393.683466285467,204.33912550658,1.56032884120941,1356.13745601475,0,43.137322306633
0,0,0,0,0,0,0,0,2.74588027596474,1.49191471934319,0,0,0,0,0,0,47.9921975433826,142.355292379856,13.534338414669,0,0,5929.54118494689,13.9504126310349,148.613556280732,0,3.30604982376099,0,2,0,0,0,0,0,5.47853493690491,0,0,0,643.285281985998,0,0,0,0,0,0,0,0,0,4.15290226042271,0,15.7051365673542,0,0,0,0,2.58793616294861,3.12528443336487,0,0,0,0,0,2.79489266872406,0,0,0,0,751.027501404285,0,40.0947737395763,0,175.844012469053,0,0.64515033364296,0,0,0,0,0,0,0,453.206173241138,0,414.615521892905,83.3846393227577,0.215581312775612,0,0
0,0,0,0,0,0,0,0,1.11630681157112,0,0,0,0,0,0.893506303429604,0,77.2314460575581,6.71196639537811,1.92908522486687,0,0,197.353084862232,5001.26625730097,0,15.1761122345924,0,16.3784209489822,0,2.43169124424458,0,0,0,0,0,0,0,0,0,271.447913452983,0,0,0,0,0,0,0,0,15.5135838538408,499.570426374674,0.341677829623222,0,0,0,0,0,0,0,0,0,0,5.66314765810966,0,0,0,0,0,0,80.4466595947742,0,231.006119459867,0,3.94461153447628,0,0,0,0,0,0,0,0,0,353.004060149193,141.136468574405,0,51.5063143968582,0,0
0,0.624756217002869,0,0,0,0,0,0,2.87321639060974,28.2645732909441,0,0,0,0,0,0,9.49853992462158,71.2121396958828,8.1982114315033,0,0,64.9955527186394,0,270.695648789406,0,42.5723220407963,0,0,0,0,0,0,0,0,0,0,0,163.177174597979,0,0,0,0,0,0,0,0,0,30.8029098808765,0,27.7167458385229,0,0,0,0,0,261.467513158917,0,0,0,0,0,105.663294091821,0,0,751.027501404285,0,0,0,597.202713191509,0,599.85489398241,0,0,0,0,0,0,0,0,0,183.288812339306,0,199.643871724606,0,66.3989144861698,0,0
0,0,0,0,0,0,0,0,8.42584906518459,0.756278336048126,0,0,0,0,0.85477739572525,0,110.727650016546,72.7089394778013,13.8627195358276,0,0,4.40383815765381,72.6075245141983,2.33032178878784,184.676060840487,1.57949495315552,25.3259536027908,0,0,0,0,0,0,0,0,0,0,0,61.3578358590603,0,0,0,0,0,0,0,0,0,301.09732927382,0,0,0,0,0,3.06151194870472,0,0,0,0,0,5.16848209500313,0,0,0,0,80.4466595947742,0,0,2.80988150835037,73.1574347913265,0,0,0,0,0,0,0,0,2.24551501870155,0,3.27264928817749,4.57042786478996,84.3962110728025,0,185.544624701142,0,0
0,1.06605675816536,0,0,0,0,0,0,9.39579880237579,0.757063448429108,0,0,0,0,2.12134708464146,29.9065554141998,92.6605474799871,436.836741656065,38.6834126710892,0,0,14.0383158624172,0,17.2184528708458,0.228709295392036,158.854839086533,1.7509181201458,111.202550530434,0,0,0,0,0,0.862812668085098,0,0,0,5.49147622287273,0,0,0,0,0,0,0,0,0,4.17720943689346,0,202.554248034954,0,0,0,0,0,0.421767979860306,0,0,0,0.458413124084473,9.30066956579685,283.217077568173,0,0,40.0947737395763,0,597.202713191509,2.80988150835037,0,3.23936474323273,459.945069715381,0,0,0,0,0,0,0,0.627810299396515,0.162277802824974,2.02849233150482,0,90.9684628546238,0,0.572298288345337,0,0
1.7641673386097,0,0,0,0,0,0,0,25.6063407510519,3.4464282989502,0,0,0,0,22.7298784703016,0,1058.26543143392,104.905516862869,26.0024991929531,0,0,1.82210695743561,57.7574999630451,0,122.855402141809,0.515502721071243,549.290487334132,0,9.8126717209816,0,0,0,0,0,0,0,0,0,0,0,1.35003340244293,2.23322653770447,0,0,0,0,0,0,8.57938122749329,0,0,0,0,0,2.89718109369278,0,2.70731002092361,0,0,0,22.8675708770752,0.779670730233192,0,0,0,231.006119459867,0,73.1574347913265,3.23936474323273,0,0,43.0143649578094,0,0,0,0,0,0,0,0,0,0,370.873869493604,2.30731165409088,0,0,0
0,0.382365435361862,0,0,0,0,0,0,0,0,0,0,0,0,0,0,0,42.1157329082489,0,0,0,173.736779943109,0,259.913223877549,0,0.437407940626144,0,1954.42450077832,0,428.010838031769,0,0,0,12.3698931336403,0,0,0,123.716906160116,0,0,0,0,0,0,0,0,0,12.7579769790173,0,291.403845593333,0,0,0,0,0,0,0,23.3313984870911,0,39.3489258289337,0,27.5714318454266,0,0,175.844012469053,0,599.85489398241,0,459.945069715381,0,0,0,193.935164630413,0,0,0,0,0,0,0,533.049532219768,0,2.74575370550156,0,2.08446994423866,0,0
7.99156858026981,0,0,0,0,0,0,0,0,0,0,0,0,0,0,0,0,0,0,0,0,0,62.2873980402946,0,0,0,8.62737625837326,0,623.800248071551,0,3.58711016178131,0,0,0,0,0,0,0,23.6163946390152,0,0,0,0,0,0,0,0,5.86925721168518,143.100911825895,0.801843464374542,0,0,0,0,0.787461429834366,0,98.0665975958109,0,128.887829601765,0,4.77210626006126,0,0,0,0,3.94461153447628,0,0,0,43.0143649578094,0,0,0,0,0,0,0.249295175075531,0,0,0,0,59.2106028050184,0.407446295022964,0,11.2904867976904,0,0
0,0,0,18.0984954535961,0,3.67858532071114,0,0,0,0.383857429027557,0,12.4651477634907,0,0,0,0,0.164107948541641,0.311924338340759,10.0329208672047,1.1747268140316,0,0.594220101833344,0,0,0,0,0,8.94873577356339,0,634.915139526129,0,0,0,0.994251549243927,0,0.717023104429245,0,196.660443365574,0,0.163716986775398,1.71301102638245,240.006933137774,0.181243151426315,3.11964827775955,0,147.53653922677,0,2.55761124193668,0,106.615599036217,0,0,0,0,0,0.503533661365509,0,752.869999036193,0,0,0,0,358.204441681504,0,0.64515033364296,0,0,0,0,0,193.935164630413,0,0,0,0,0,0.282176852226257,0,28.5713732838631,1.58210241794586,872.789268828928,0,14.5084298849106,0.234212636947632,471.664247199893,112.47928532958,0
0,0,0,0,1.66890454292297,0,0,0,0,0,19.0347223877907,0,0,0,0,0,0.27689528465271,0,10.6309458911419,0,5.62857308983803,0,0,0,0,0,0,0,0,0,610.649692207575,0,0,0,0,0,0.615989923477173,0,117.4769551754,0,2.68590879440308,0,44.340765401721,0,0,0,56.5164252966642,0.976495578885078,46.8161932080984,0,0,0,0,0,0,0,76.4948029518127,0,0,0,0,0,0,16.6639644801617,0,0,0,0,0,0,0,0,0,0,0,0,0,0,0,23.79235252738,0,521.098789080977,4.0977540910244,0,960.353010982275,0,18.0337567329407
0,0,0,0,0,0,0,0,0,0,0,0,0,0,0,0,0,0,0,0,0,0,0,0,0,0,0,0,0,0,0,1889.12922553718,54.0634214282036,23.7552790790796,0.318479269742966,117.152162000537,0,0,0,0,0,0,0,0,0,0,0,36.4772730469704,0,0,0,0,0,0,0,0,0,0,0,0,0,0,0,0,0,0,0,0,0,0,0,0,0,0,0,1.47406160831451,384.071241945028,0.243358686566353,715.438319221139,0,0,0,250.304527044296,0,0,0,0
0,0,0,0,0,0,0,0,0,0,0,0,0,0,0,0,0,0,0,0,0,0,0,0,0,0,0,0,0,0,0,26.5575395524502,1508.47824966908,0,96.1581132411957,22.7903371751308,141.5950050354,0,0,0,0,0,0,0,0,0,0,496.106815204024,6.74060600996017,0,0,0,0,0,0,0,0,0,0,0,0,0,0,0,0,0,0,0,0,0,0,0,0,0,1.47406160831451,0,0,698.98917530477,0,1465.86173452437,0,0,642.438491255045,0,0,0,0
0,0,0,0,0,0,0,0,0,0,0,0,0,0,0,0,0,0,0,0,0,0,0,0,0,0,0,0,0,0,0,23.9318358302116,0,2738.96499761939,459.194680124521,7.17552526295185,0,193.002996578813,0,0,0,0,6.23193827271461,0,0,0,0,241.393409788609,20.5743924081326,2.65951299667358,0,0,0,0,0,0,0,0,0,0,0,0,0,0,0,0,0,0,0,0,0,0.249295175075531,0.282176852226257,0,384.071241945028,0,0,612.352569967508,81.1719757765532,7.08675593137741,352.496711701155,90.0720606595278,587.668159246445,249.485010504723,0,0,0
