0,0,0.00666909236008636,0,0.000998376656112715,0,0,0,0.039173047234423,0,0,0,0,0,0,0,0,0,0.000273964877297381,0,0,0,0,0,0,0,0,0,0,0,0,0,0,0,0,0,1.85953354686771e-06,0,0,0,3.52436203386822e-05,9.2247304999413e-06,0.00144988725474583,0,0,0,0.000135742870417553,0,0.0169284497424866,0,0.000623557441103095,0,0,0,0.0455395508626017,0,6.39983423012024e-05,0,0,0,0.00622642926179825,0,0,0,0,0,0,0.000503695369374784,0,0.000100401818387844,0,1.48364093665685e-05,0,0,0,0,0,0,9.32479452142614e-06,4.20361672344102e-05,0,0,0.000270439605539631,0,0.00161928309162508,0,0
0,0,0,0.0251502818601174,0,0.000260955111605317,0,0,0,0.0298525852517826,0,0,0,0,0,0,0,3.37242682435282e-05,0.000132352125817234,0,0,0,0,0,0,0,0,0,0,0,0,0,0,0,0,0,0,0,0,0,0,0.00128332214700527,0,0,0,0,0,0,0,0.00836496882561905,0,0.00062884360622503,0,0,0,0.0261275857732509,0,0.00259475525343513,0,0.00159643035809065,0,0.00938030696078769,0,0,0,0,0.000842823599238167,0,0,0,0,0,0,0,0,0,0,0,0,0,1.18291666396931e-05,0,0.000358246698873471,0,0.00359308989007557,0,0
0.00666909236008636,0,0,0,0.0117196414849951,0,0,0,0.0108634571044419,0,0,0,0,0,0,0,0,0,2.44514567599567e-05,0,0,0,0,0,0,0,0,0,0,0,0,0,0,0,0,0,0,0,0,0,5.88546122450462e-05,0,0.00396872860479484,0,0,0,0.000141747426871819,0,0.00149272422073961,0,0.000276524931124766,0,0,0,0.0016597736626984,0,0.000323176508224785,0,0.000330533660949692,0,0,0,0,3.38955314541597e-05,0,0,0,0,0,0,0,0.000302842040809416,0,0.00459901064373585,0,0,0,0,0,6.89017891769949e-06,0,1.12618237205266e-05,4.93647232857785e-05,0,0.00478396005406423,0,0.00361239395937392
0,0.0251502818601174,0,0,0,0.000806663108987605,0,0,0,0.0080121488381305,0,0,0,0,0,0,0,4.12132839319951e-06,0.000316789296009366,0,0,0,0,0,0,0,0,0,0,0,0,0,0,0,0,5.88968404257172e-06,0,0,0,0.000427998642387019,0,0.00114238096541525,0,0,0,0.000508687344290553,0,0,0,0.00224660177578322,0,0.0020439058556797,0,0,0,0.00375324693856653,2.05173377432865e-05,0.000777819910169408,0,5.88340635181263e-05,0,0.0024399766682274,9.58294037761041e-05,0,0,0,0,0,0,0,0,0,0.000391981347775556,0,0,0,0,0,2.55120221897956e-05,1.54927651214998e-06,1.07563315894558e-05,0,0.000572430000602183,2.5083768648597e-05,0.00460219011203262,0.000201045188062087,0
0.000998376656112715,0,0.0117196414849951,0,0,0,0.00433015764387048,0,0.00297297098506489,0,0.000301358622082549,0,0,0,0.00468494529631483,0,0,0,0,0,0.00308069040056208,0,0,0,0,0,0,0,0,0,0,0,0,0,0,0,1.29185506052327e-05,0,0,0,9.72210727129656e-05,0,0.000595030602417099,0,0,0,0.000452537018118394,2.00041380288046e-05,0.00034280838617772,0,0.0620717403747408,0,0.0083544527542376,0,0.00422976787362058,0,0.0037201323671948,0,0.00104255982809439,0,0,0,0,0.00176494525327685,0,0,0,0,0,0,0,7.93211751649672e-05,0,0.000539839156939395,0,0,0,0,0,5.39929200444528e-05,0,0.000105950719063264,0.000962725397456369,0,0.00938608342209628,0,0
0,0.000260955111605317,0,0.000806663108987605,0,0,0,0.00993587717220327,0,0.00367468424003214,0,0,0,0.000328863463738848,0,0.000756209688094256,0,7.96304051816245e-06,0.000158804504957207,0.00302456732135407,0,0,0,0,0,0,0,0,0,0,0,0,0,0,0,0.000152798239510706,0,0,0,0.000380045484120525,0,0.00123063420060842,3.32222302856376e-05,0,0,0.00067324948116344,0,4.54004277001593e-05,2.66142111366178e-05,0.00140327300789552,0,0.0467377299893827,0,0.000721196037396267,0,0,1.97729303838768e-05,0.000416238442036752,0,0.00506308134683384,0,0.010370180312759,0.0138564924602503,0.00014769246601971,0,0,0,0,0,0,9.54350114220129e-06,1.12224211958739e-05,0.000123790422548794,1.23466120958424e-05,0,0,0,0,0.000332508962469234,6.76780966623838e-06,1.74826329905105e-05,0,0.00160257095744854,0.000250369988341262,0.0070449669147458,0,0
0,0,0,0,0.00433015764387048,0,0,0,0,0,0.00703543574823064,0,0,0,0,0,0,0,0,0,0.00834687516039508,0,0,0,0,0,0,0,0,0,0,0,0,0,0,0,0,0,0,0,0,0,0,0,0,0,0,0,0,0,0.000899994761818193,0,0.00928081801244684,0,0,0,0.00691580355770059,0,0,0,0,0,0,0.000403479635344284,0,0,0,0,0,0,0,0,0,0,0,0,0,0,0,0,0,0,0.000117477811621777,0,0,0,0
0,0,0,0,0,0.00993587717220327,0,0,0,0,0,0.00321000931250645,0,0,0,0,0,0,0,0,0,0,0,0,0,0,0,0,0,0,0,0,0,0,0,0,0,0,0,0,0,0,0,0,0,0,0,0,0,0,0,0.000406247601076618,0,0.0369312144329803,0,0,0,0.00909766746588763,0,0.00091420438817161,0,0,0,0,0,0,0,0,0,0,0,0,0,0,0,0,0,0,0,0,0,0,0.000163138900904456,0,0,0,0
0.039173047234423,0,0.0108634571044419,0,0.00297297098506489,0,0,0,0,0,0,0,0,0,0.00246746135744752,0,0.00315399387767662,0.000477812917781361,0.000148278238189578,0,0,0,0,0,0.000811641633636801,0,0.00225971372092412,0,0,0,0,0,0,0,0,0,1.72177920490885e-06,0,5.10515668843177e-05,0,0,0,0.00161164438567632,0,0,0,0.000158577663567697,0,0.00182058119065146,0,0.00640287295610427,0,0,0,0.0727106446647333,0,0,0,0,0,0.00248890292699507,0,0,0,0,0,0,0,0,0,0,1.17518536558419e-05,0,0.000389302808943142,0,0,0,0,2.22126429166365e-06,1.11021984952518e-05,0,0.00025173991476495,0.00283845725113742,8.11495253727034e-06,0.00452286102866198,0,0
0,0.0298525852517826,0,0.0080121488381305,0,0.00367468424003214,0,0,0,0,0,0,0,0,0,0.0224086061003741,0.000523071160306401,0.000751427919129891,0.000359824731838715,0,0,0,0,0.00402844249390918,0,0,0,0,0,0,0,0,0,0,0,0,0,0.000573136296276086,0,0,0,9.87219485021654e-06,0,0,0,0,0,0,0,0.00139028930364949,0,2.42812805575327e-05,0,0,0,0.123639732779671,0,2.28030981529368e-05,0,0,0,0.00247069885903479,0,0,0,0,0.00896799639861168,0,0,0,0,0,0,0,0,0,0,0,6.66812562958615e-06,0,0.000869415298635805,0,0.00272910629556234,6.91034532759481e-06,0.00146169580084856,0,0
0,0,0,0,0.000301358622082549,0,0.00703543574823064,0,0,0,0,0,3.34946671500802e-05,0,0,0,0,0,0,0,0.0128302077204094,0,0,0,0,0,0,0,0,0,0,0,0,0,0,0,6.98107078278554e-06,0,0.00202624049591617,0,0,0,0,0,0,0,2.86635420321257e-05,0,0,0,1.3206524256573e-05,0,0.0107228433189002,0,0,0,0.0328484638648183,0,6.94094997015782e-05,0,0,0,0,0.00396081370940292,0,0,0,0,0,0,0,0,0,0.000352425856243839,0,0,0,0,0,8.58737555234427e-07,0,0.000944942041818939,0.000735039511779094,0,0.00011486508582868,0,0
0,0,0,0,0,0,0,0.00321000931250645,0,0,0,0,0,9.66744046309032e-05,0,0,0,0,0,0.0206878411217275,0,0,0,0,0,0,0,0,0,0.000194453440334853,0,0,0,0,0,0,0,0.00178652113790867,0,0,0,0,0,0,0,0,0,0,0,0,0,0,0,0.00118717020201054,0,0,0,0.0303038831312105,0,0,0,0,0.00777527182529165,0,0,0,0,0,0,0,0,0,0.0038277054930208,0,0,0,0,0,3.83281035608952e-06,0,0.000509160087975171,0,0.000167391109005136,0,4.24184418669807e-05,0,0
0,0,0,0,0,0,0,0,0,0,3.34946671500802e-05,0,0,0,0,0,0,0,0,0,0,0,0,0,0,0,0,0,0,0,0,0,0,0,0,0,0,0,0,0,0,0,0,0,0,0,0,0,0,0,0,0,0,0,0,0,0.000633098614887557,0,0.000190615753083651,0,0,0,0,0,0,0,0,0,0,0,0,0,0,0,0,0,0,0,0,0,0,0,0,0,0,0,0
0,0,0,0,0,0.000328863463738848,0,0,0,0,0,9.66744046309032e-05,0,0,0,0.00483412198766486,0,0,0,0,0,0,0,0,0,0,0,0.000518977818547739,0,0,0,0,0,0,0,0,0,0,0,0,0,0,0,0,0,0,0,0,0,0,0,5.28761560469334e-05,0,0,0,0,0,0,0,0.0158912948267766,0,0.000751147503964582,0,0,0,0,0,0,0,0,0.000843852596957344,0,0,0,0,0,0,0,0,0,0,0,0.000608363234636266,2.23894273443208e-05,0,0,0
0,0,0,0,0.00468494529631483,0,0,0,0.00246746135744752,0,0,0,0,0,0,0,0.000480777459320615,6.59059057308466e-05,0,0,0,0,0,0,0.00654531752933329,0,0,0,0,0,0,0,0,0,0,0,0,0,0,0,0,0,0,0,0,0,0,0,0,0,0,0,0,0,0,0,0.000258494094582219,0,0.000597340603760037,0,0.0028843409929379,0,0,0,0,0,0,0,0,0,0,0,0,0,0,0,0,0,0,0,0,0,9.24052533956305e-05,0,7.69387450362644e-06,0,0
0,0,0,0,0,0.000756209688094256,0,0,0,0.0224086061003741,0,0,0,0.00483412198766486,0,0,0,2.73886872091249e-05,0,0,0,0,0,0,0,0.00321379120696671,0,0,0,0,0,0,0,0,0,0,0,0,0,0,0,0,0,0,0,0,0,0,0,0,0,0.00505451349955763,0,0,0,0.0126467184160202,0,0,0,0.00507608936891776,0,0.0278899514581876,0,0,0,0,0,0,0.00662970050531693,0,0,0,0,0,0,0,0,0,0,0,0,0,9.31583607395176e-05,0,0,0,0
0,0,0,0,0,0,0,0,0.00315399387767662,0.000523071160306401,0,0,0,0,0.000480777459320615,0,0,0.102204301851863,0.0513482955321052,0,0,0,0.000358396078922144,0,0.000675572078456942,0,0.000103858374594119,0,0,0,0,0,0,0,0,8.15516979890422e-05,7.43760967426075e-05,5.1212471323789e-06,0,0.000158558788781164,0.000335473671873487,0.000326419632123696,0.000355370720367308,0.000236592340733181,0,3.3601111515172e-05,8.68581477654703e-06,0,1.01148425561767e-05,7.09458241400117e-06,0,1.29689177534216e-05,0,0,0,0,0,1.46139547301367e-05,0,1.18501757239969e-05,0.000255399621012483,0,4.50589765351116e-05,2.68141656844625e-06,0,0.00255309235335817,0,0.000538552782871215,0,0.000485229940950256,0,0,1.00957470411704e-05,3.05559883613625e-05,0,0,0,0,0.00057181080425687,0.000648547250907884,0.000141475393129739,0.000137650485379603,0.0328887782705103,0.00485479117240254,0.000475701469317377,4.93386602117949e-05,5.71314422034087e-05
0,3.37242682435282e-05,0,4.12132839319951e-06,0,7.96304051816245e-06,0,0,0.000477812917781361,0.000751427919129891,0,0,0,0,6.59059057308466e-05,2.73886872091249e-05,0.102204301851863,0,0.0551939053725746,0,0,0.000259412176806605,0,1.89855991096774e-05,0,0.000432228224432108,0,4.73763283813603e-05,0,0,0,0,0,0,0,0.000106653677081904,3.58837745142452e-05,4.31372255388792e-06,4.72189426661596e-06,0.000183514624517495,0.000188272326548798,0.00026395382219737,0.000103067878718849,0.000166007929658487,0,7.93881537446563e-05,3.71983472562893e-06,0,0,3.78507862359574e-06,0,5.87484316764714e-06,0,0,0,4.50169029003657e-06,2.01112202708034e-06,3.97181376145381e-05,0,0,0,0,0.000131573882994809,3.10717073777333e-06,3.42372056367634e-06,0,7.75850855016602e-06,0,0.000226544882592854,1.94182759884736e-05,0,5.11205487306075e-06,2.6992623951743e-05,1.03431025061074e-05,0,0,0,0,0.00067875933274126,0.000431776347779385,0.000184585355457669,4.54530336933438e-05,0.0419934476906216,0.0115439600205208,0.00038461725260749,0.000154497844801054,2.55810585392878e-05
0.000273964877297381,0.000132352125817234,2.44514567599567e-05,0.000316789296009366,0,0.000158804504957207,0,0,0.000148278238189578,0.000359824731838715,0,0,0,0,0,0,0.0513482955321052,0.0551939053725746,0,0,4.5374037125102e-05,6.84512771152113e-06,0,0,0,0,0,0,0,0,0,0,0,0,0,0.00225875320717152,0.00171978008842272,0.000185236535796554,0.00030624606565059,0.00711807594118716,0.0139934902799314,0.0137343746315724,0.0047739166411768,0.00661708397157342,9.35301632626763e-06,0.00161096682831495,0.00108881385627541,8.86143591554084e-06,8.38008204983535e-05,0.000299395119039783,0,0.000138444336471684,0,0,0,9.7536817089706e-05,0.000282482006129025,0.00141571979852332,0,1.60672184724447e-05,0,0,0.00273689317427847,0.000732494909843766,2.83144687113736e-05,0,7.12418143608882e-06,0,4.77632857489968e-05,0,8.18226576128009e-05,0.000364865662973345,0.00430750704166282,0.00508292266433992,0,0,6.44174142312172e-05,0,0.0162335086286631,0.0129872354085648,0.0068964860326389,0.00517797996654389,0.0251764248413038,0.000789493819074381,0.0196798829678194,0.00419304580472352,0.0021240840855862
0,0,0,0,0,0.00302456732135407,0,0,0,0,0,0.0206878411217275,0,0,0,0,0,0,0,0,0,0,0,0,0,0,0,0,0,0,0,0,0,0,0,0.00165524231649388,0,0.00236712534948555,0,0.00025596200818812,0,0.000510657223727646,0,0,0,0.000512098792513505,0,5.40064481148636e-05,2.77403831651377e-05,0.000768107082198593,0,0.00180365300659615,0,0,0,0,9.5336399779288e-05,0.00086823701901415,0,0,0,0,0.0302577135875521,0.000215874724765511,0,0,0,0,0,0,0,0,0.000103763160417709,1.38852270468726e-05,0,0,0,0,0.00201358862858213,4.30556413272303e-06,0.00119687067699024,3.14565764217577e-06,0.000299669124332482,0,0.00268550645693918,0,0
0,0,0,0,0.00308069040056208,0,0.00834687516039508,0,0,0,0.0128302077204094,0,0,0,0,0,0,0,4.5374037125102e-05,0,0,0,0,0,0,0,0,0,0,0,0,0,0,0,0,0,0.00317634230969845,0,0.000934590213731948,0,0,0,0,0,0,0,0.000120768601953261,0,0,0,0,0,0.00115788390545319,0,0,0,0.00388700564092206,0,0,0,0,0,0,0.0320720897258326,0,0,0,0,0,0,0,0,0,0.000546638065219825,0,0,0,0,0,0.00332781809804409,0,0.000568595383468983,0.0012536577986615,0,0.00429528935113913,0,0
0,0,0,0,0,0,0,0,0,0,0,0,0,0,0,0,0,0.000259412176806605,6.84512771152113e-06,0,0,0,0.000274044856754984,0.00266239113920768,0,0.00228721115787662,0,0.000965997606020659,0,0,0,0,0,0,0,0,0,0.00769978830087239,0,0,0,7.47482886738332e-05,0,0,0,3.28297662872837e-06,0,0,0,0.00147092237818312,0,0,0,0,0,0,0,0.000205682511603633,0,0,0,0,2.01819252861108e-06,0,0.0871107243200856,0,0.00185934614706029,0,0.00116214284044559,0,0.00106154322569537,0,0.00394698301375932,0,0,0,0,0,0,5.51453357964095e-06,0.00400873886317126,0,0.00123990497440531,3.96575160266366e-06,0.000159793874554261,0,0
0,0,0,0,0,0,0,0,0,0,0,0,0,0,0,0,0.000358396078922144,0,0,0,0,0.000274044856754984,0,0,0.0014296934700955,0,0.000921251613040615,0,0.000350864686463754,0,0,0,0,0,0,0,0,0,0.00326430573941869,0,0,0,0,0,0,0,0,0,0.00315147792142946,0,0,0,0,0,0,0,0,0,0,0,0,0,0,0,0,0.0707687499814232,0,0.00106162525639329,0,0.00175496829123399,0,0.0022020100496463,0,0,0,0,0,0,0,0,0,0.0015517199101586,0.00195613598985701,6.00486779896407e-05,0,0,0
0,0,0,0,0,0,0,0,0,0.00402844249390918,0,0,0,0,0,0,0,1.89855991096774e-05,0,0,0,0.00266239113920768,0,0,0,0.0108678614993444,0,0,0,0,0,0,0,0,0,0,0,0.000708015827889281,0,0,0,0,0,0,0,0,0,0,0,0.000756908991077264,0,0,0,0,0,0.0149853208321891,0,0.000892662308110149,0,0.000598061096014232,0,0.00253533264457638,0,0,0.0041571306653091,0,0.0840032512518918,0,0.0464577122485146,0,0.000183829809523894,0,0,0,0,0,0,0,0,0,0.00039770211084896,0,4.26780019127372e-05,0,0.0013019123159227,0,0
0,0,0,0,0,0,0,0,0.000811641633636801,0,0,0,0,0,0.00654531752933329,0,0.000675572078456942,0,0,0,0,0,0.0014296934700955,0,0,0,0.0307973917506274,0,0,0,0,0,0,0,0,0,0,0,0.00145313980545392,0,0,0,0,0,0,0,0,0,0,0,0,0,0,0,0.00174554476582884,0,3.14893407066562e-05,0,0,0,2.53811338172833e-05,0,0,0,0,0.00403982431922255,0,0.0523728226658787,0,0.0446710236308542,0,0.000522222058881451,0,0,0,0,0,0,0,0,0,0.000545490660460019,0.00041063820966508,0,0.000685235967630709,0,0
0,0,0,0,0,0,0,0,0,0,0,0,0,0,0,0.00321379120696671,0,0.000432228224432108,0,0,0,0.00228721115787662,0,0.0108678614993444,0,0,0,0.00173499419472962,0,0,0,0,0,0,0,0,0,0,0,0,0,0,0,0,0,0,0,0,0,0,0,0,0,0,0,0,0,0.000371706819573014,0,0.000464476055386869,0,0.0117338920236431,0,0,0.000727365437624119,0,0.000591929860703929,0,0.0814459285045727,0,0.00511883633472302,0,0,0,0,0,0,0,1.39310618251073e-06,0,0,0,3.20085018756799e-06,0,0,0,0
0,0,0,0,0,0,0,0,0.00225971372092412,0,0,0,0,0,0,0,0.000103858374594119,0,0,0,0,0,0.000921251613040615,0,0.0307973917506274,0,0,0,0,0,0,0,0,0,0,0,0,0,0,0,0,0,0,0,0,0,0,0,0,0,0,0,0,0,0,0,0,0,0,0,0,0,0,0,0,0.000285479460727154,0,0.00067671723089557,0,0.0743649402518734,0,0.00162948599011885,0,0,0,0,0,0,0,0,0,0,1.91073561685842e-05,0,0,0,0
0,0,0,0,0,0,0,0,0,0,0,0,0,0.000518977818547739,0,0,0,4.73763283813603e-05,0,0,0,0.000965997606020659,0,0,0,0.00173499419472962,0,0,0,9.87540036931794e-05,0,0,0,0,0,0,0,0.000406331256328553,0,0,0,0,0,0,0,0,0,0,0,0,0,0,0,0,0,0,0,0,0,0.00367459792111271,0,0,0,0,6.18683174822884e-05,0,0,0,0.000290376538628352,0,0.0288325711662129,0,0.000507976845479235,0,0,0,0,0,0,0,0,0,0.000429067500563122,1.03441155148293e-05,0,0,0
0,0,0,0,0,0,0,0,0,0,0,0,0,0,0,0,0,0,0,0,0,0,0.000350864686463754,0,0,0,0,0,0,0,0.00129927390686786,0,0,0,0,0,0,0,5.11865072491446e-06,0,0,0,0,0,0,0,0,0,0,0,0,0,0,0,0,0,0,0,0,0,0,0,0,0,0,0.00157419510238739,0,0,0,0.00144469527371694,0,0.0167790126676634,0,0,0,0,0,0,0,0,0,0,9.15288546821102e-06,0,0,0,0
0,0,0,0,0,0,0,0,0,0,0,0.000194453440334853,0,0,0,0,0,0,0,0,0,0,0,0,0,0,0,9.87540036931794e-05,0,0,0,0,0,0,0,0,0,0.00188291374903733,0,0,0,0,0,0,0,0,0,0,0,0,0,0,0,0,0,0,0,9.29598167750748e-05,0,0,0,0,0,0,0,0,0,0,0,0,0.000497793429192718,0,0.0114318019143185,0,0,0,0,0,0,0,0.00137250286961038,0,0,0,0,0,0
0,0,0,0,0,0,0,0,0,0,0,0,0,0,0,0,0,0,0,0,0,0,0,0,0,0,0,0,0.00129927390686786,0,0,0,0,0,0,0,0,0,6.11221421029288e-05,0,0,0,0,0,0,0,0,0,0,0,0,0,0,0,0,0,2.74990386855273e-05,0,0,0,0,0,0,0,0,0,0,0,0,0,0,0.0041789125657056,0,0.0126781437755701,0,0,0,0,0,0,0,0.000314876993185203,0,0,0,0,0
0,0,0,0,0,0,0,0,0,0,0,0,0,0,0,0,0,0,0,0,0,0,0,0,0,0,0,0,0,0,0,0,0.0457154661676932,5.04544772756983e-05,0.00024011893957018,0.00365234252718753,0,0,0,0,0,0,0,0,0,0,0,0.0259196086493803,0,0,0,0,0,0,0,0,0,0,0,0,0,0,0,0,0,0,0,0,0,0,0,0,0,0,0.324824290271137,0.00539806325699687,0.00255207596699105,0,0.00124867004698307,0,0,0,0.000527785975635851,0,0,0,0
0,0,0,0,0,0,0,0,0,0,0,0,0,0,0,0,0,0,0,0,0,0,0,0,0,0,0,0,0,0,0,0.0457154661676932,0,0.0013771237193015,0.000344233117481373,9.07290979513444e-05,0.00184108310785717,0,0,0,0,0,0,0,0,0,0,0.0728136095362596,5.15890154138136e-05,0,0,0,0,0,0,0,0,0,0,0,0,0,0,0,0,0,0,0,0,0,0,0,0,0,0.0275632510880666,0.341286044551247,0.004986231717385,0.000505386417938919,4.73846140356139e-05,0.000890446404551107,0,0,0.00105192849881887,0,0,0,0
0,0,0,0,0,0,0,0,0,0,0,0,0,0,0,0,0,0,0,0,0,0,0,0,0,0,0,0,0,0,0,5.04544772756983e-05,0.0013771237193015,0,0.0482442752223335,0.00538235570945949,3.52175781228656e-06,0.000855464283139141,0,0,0,0,0,0,0,0,0,0.030190495113384,0,0.000566786913795255,0,0,0,0,0,0,0,0,0,0,0,0,0,0,0,0,0,0,0,0,0,0,0,0,0.00278230770882079,0,0.130406827755716,0.0316001739868345,0.00213643615765897,0,0.00239456939569537,0,0.000773480316439719,0,2.36959697842055e-05,0,0
0,0,0,0,0,0,0,0,0,0,0,0,0,0,0,0,0,0,0,0,0,0,0,0,0,0,0,0,0,0,0,0.00024011893957018,0.000344233117481373,0.0482442752223335,0,0,0.00293875442969554,0,0.00178743130087398,0,0,0,0,0,0,0,0,0.0386433649920567,0.00107679287278448,0,0,0,0,0,0,0,0,0,0,0,0,0,0,0,0,0,0,0,0,0,0,0,0,0,0.000232719358697132,0.0051100797189006,0.0314123938794067,0.0825086590750196,0,0.00232895973745049,0,0.00100587223348226,0.000367090596914606,4.29848772287664e-05,0,0,0
0,0,0,5.88968404257172e-06,0,0.000152798239510706,0,0,0,0,0,0,0,0,0,0,8.15516979890422e-05,0.000106653677081904,0.00225875320717152,0.00165524231649388,0,0,0,0,0,0,0,0,0,0,0,0.00365234252718753,9.07290979513444e-05,0.00538235570945949,0,0,0.00131168468333835,0.00501428206426473,0,0.000134354945417574,5.24578912242946e-06,0.000993538022700264,9.36496326178554e-07,0.000157416739813727,0,0.00101896362629396,1.22315568541952e-06,0.000230284112939952,1.46465999960537e-05,0.000589652804213047,0,2.28656815492493e-05,0,0,0,0,0,0.000200808135929944,0,1.23491729722103e-06,0,0,0.0020301596149419,0,0,0,0,0,1.3665462589627e-05,0,2.47869610703069e-06,0,0.00031841805685603,6.4100674054845e-06,0.00131791663640956,0,0.00113658759797087,0,0.0585964222531845,0.000141755511362325,0.0122713571649547,0,0.00252559961116058,5.5609427416798e-06,0.000758522853000074,0.000306391177044309,0
1.85953354686771e-06,0,0,0,1.29185506052327e-05,0,0,0,1.72177920490885e-06,0,6.98107078278554e-06,0,0,0,0,0,7.43760967426075e-05,3.58837745142452e-05,0.00171978008842272,0,0.00317634230969845,0,0,0,0,0,0,0,0,0,0,0,0.00184108310785717,3.52175781228656e-06,0.00293875442969554,0.00131168468333835,0,0,0.00846681301203418,0,0.000255831379934107,2.25938969480459e-05,0.000619277292611257,0,0,0,0.00260509723415136,0.000538673148789292,0.00035345667905886,5.23005364017873e-06,2.40716280758548e-06,0,0,0,0,0,1.61485872251375e-05,1.3140349662251e-05,0,0,0,0,8.24131559784276e-06,0.00373037833024737,0,0,0,0,0,0,0,1.04362180453262e-05,0,0.000237860332978735,0,0.000851331629173998,0,0.00348303805069235,0.000663785301649686,0.0517416915144285,1.00652760240505e-06,0.0070807070863235,0.0019030744566872,0.000190970335409378,0.00129750245638712,0,2.95475672320932e-05
0,0,0,0,0,0,0,0,0,0.000573136296276086,0,0.00178652113790867,0,0,0,0,5.1212471323789e-06,4.31372255388792e-06,0.000185236535796554,0.00236712534948555,0,0.00769978830087239,0,0.000708015827889281,0,0,0,0.000406331256328553,0,0.00188291374903733,0,0,0,0.000855464283139141,0,0.00501428206426473,0,0,0,0,0,7.59392388895671e-05,0,1.00388592622149e-05,0,2.50555782188902e-05,0,0.000178449431176981,0,0.0027743585954336,0,0,0,0,0,0.000792813052906489,0,0.000587548044007915,0,0,0,0,0.00192301687267985,0,0.0022611242350404,0,0.00129622477071692,0,1.39557915816203e-05,0,5.37762108416412e-06,0,0.0018019162415984,0,0,0,0.0007015644070137,0,0.00124499623210369,6.23798537850479e-07,0.0749631310836086,9.92217595014474e-06,0.00115006865674095,3.46305955645221e-06,0.000492339101393186,3.78271354895808e-05,0
0,0,0,0,0,0,0,0,5.10515668843177e-05,0,0.00202624049591617,0,0,0,0,0,0,4.72189426661596e-06,0.00030624606565059,0,0.000934590213731948,0,0.00326430573941869,0,0.00145313980545392,0,0,0,5.11865072491446e-06,0,6.11221421029288e-05,0,0,0,0.00178743130087398,0,0.00846681301203418,0,0,0,1.37568353662813e-05,0,0.000149839776894159,0,0,0,0.000219601955204516,0.000117075948518272,0.00434725605520773,0,0,0,0,0,0.000162335093686259,0,0.000702729336482717,0,0,0,0,0,0,0.000544140044215341,0,0.00250773312332431,0,0.00196798226236891,0,0,0,0.000234405239435684,0,7.2764948937764e-05,0,0,0,0.000585255738623158,0,0.00388577221941352,0,0.0731927426334554,0.000930874761458308,7.82310173134295e-07,0.00109095722762727,0,0
0,0,0,0.000427998642387019,0,0.000380045484120525,0,0,0,0,0,0,0,0,0,0,0.000158558788781164,0.000183514624517495,0.00711807594118716,0.00025596200818812,0,0,0,0,0,0,0,0,0,0,0,0,0,0,0,0.000134354945417574,0,0,0,0,9.54806668419863e-05,0.0392499848103524,0.000101842644309792,0.00332910412691167,0,0.0019668255135294,0,0.00230644118157551,0,0.0101071480794741,0,0.000420033534142523,0,0,0,0,0,0.000366749812213754,0,9.97227121885555e-06,0,0,0.00120311254245779,9.18233679274234e-05,2.19245961042975e-05,0,0,0,0,0,0,0,0.000347274282547039,0,0,0,0,0,0.0036955889685845,5.82099835460005e-05,0.000366955122818157,0,0.00029447379327201,2.49132533405049e-05,0.00561548748461441,0.0124832301235196,0
3.52436203386822e-05,0,5.88546122450462e-05,0,9.72210727129656e-05,0,0,0,0,0,0,0,0,0,0,0,0.000335473671873487,0.000188272326548798,0.0139934902799314,0,0,0,0,0,0,0,0,0,0,0,0,0,0,0,0,5.24578912242946e-06,0.000255831379934107,0,1.37568353662813e-05,9.54806668419863e-05,0,8.15714816158634e-05,0.027809443408668,0.00041490079508455,0.000190639424705485,1.84959204008175e-05,0.00114343797767564,0.000305335331340522,0.00810483696922119,0,0,0,0,0,0,0,9.43082051445331e-06,1.94440433558009e-05,0,0,0,0,0,0.0039392563685524,0,0,0,0,0,0,0,0,0,0.00101868550686535,0,0,0,0,7.32264454472541e-05,0.00430325117221896,9.4057829399404e-06,0.000841634777328559,0.000630965038553798,2.35274394782265e-05,0.00981620898965385,0,0.00257689485150427
9.2247304999413e-06,0.00128332214700527,0,0.00114238096541525,0,0.00123063420060842,0,0,0,9.87219485021654e-06,0,0,0,0,0,0,0.000326419632123696,0.00026395382219737,0.0137343746315724,0.000510657223727646,0,7.47482886738332e-05,0,0,0,0,0,0,0,0,0,0,0,0,0,0.000993538022700264,2.25938969480459e-05,7.59392388895671e-05,0,0.0392499848103524,8.15714816158634e-05,0,0.00407979959107447,0.00260774944881982,0,0.00449799737559307,0,0.0010247823009612,0,0.0126089621038696,0,0.00119529614649864,0,0,0,0.000564965666407052,2.17988807301367e-05,0.0300038073344612,0,0.000312861789734068,0,8.79755536370582e-05,0.00750744640759603,0.000115067136963572,0.000349417193363961,0,0.000178112425847109,0,0.000310211943526293,0,0.000705762879418842,9.95212854137473e-06,0.0170193570406752,0,1.7301317899139e-05,0,0.000132542881978572,0,0.0210231493779392,0.000176153762265403,0.00474911107769378,5.11377891464562e-06,0.00349449031436182,0.000139678230779615,0.0552926028825506,0.0604377861734463,0
0.00144988725474583,0,0.00396872860479484,0,0.000595030602417099,3.32222302856376e-05,0,0,0.00161164438567632,0,0,0,0,0,0,0,0.000355370720367308,0.000103067878718849,0.0047739166411768,0,0,0,0,0,0,0,0,0,0,0,0,0,0,0,0,9.36496326178554e-07,0.000619277292611257,0,0.000149839776894159,0.000101842644309792,0.027809443408668,0.00407979959107447,0,0.000118233440499463,0,2.55609408332552e-05,0.00331885566513775,0.000443192272469411,0.0128972384100968,0,5.4453186299932e-05,0,0,0,0.000189686745031201,0,0.00866557352285539,4.62323141596293e-05,0,1.47340846619613e-05,0,0,2.79665218962471e-05,0.0129033235032665,0,0,0,7.97974732257554e-05,0,7.62625992117697e-05,0,0.00419616489387831,0,0.023963177457573,0,0,0,0,9.5953119501432e-05,0.0147820128206527,3.70438734442012e-06,0.00231691848560492,0.00310121430772659,1.26848585159165e-05,0.0644962326467289,0,0.0180890077747629
0,0,0,0,0,0,0,0,0,0,0,0,0,0,0,0,0.000236592340733181,0.000166007929658487,0.00661708397157342,0,0,0,0,0,0,0,0,0,0,0,0,0,0,0,0,0.000157416739813727,0,1.00388592622149e-05,0,0.00332910412691167,0.00041490079508455,0.00260774944881982,0.000118233440499463,0,0,0.000168757891566058,0,0,0,0.000299737759627893,0,0,0,0,0,0.000454386592822632,0,5.4273630649117e-05,0,0,0,0,0.000422991660074595,0,0,0,0,0,0,0,0,0,0.000321788151528875,0,0,0,0,0,0.00173077561581802,8.42239422197598e-05,0.000261606410684641,2.80385701480375e-05,0.000104929362259603,1.26690459214691e-06,0.00143137322335195,0.000955456163417375,0
0,0,0,0,0,0,0,0,0,0,0,0,0,0,0,0,0,0,9.35301632626763e-06,0,0,0,0,0,0,0,0,0,0,0,0,0,0,0,0,0,0,0,0,0,0.000190639424705485,0,0,0,0,0,0,0,0,0,0,0,0,0,0,0,0,0,0,0,0,0,0,0,0,0,0,0,0,0,0,0,0,0,0,0,0,0,0,5.46263844640417e-05,0,1.41209686303488e-05,3.68828818104494e-06,0,0.00010761190878339,0,0
0,0,0,0.000508687344290553,0,0.00067324948116344,0,0,0,0,0,0,0,0,0,0,3.3601111515172e-05,7.93881537446563e-05,0.00161096682831495,0.000512098792513505,0,3.28297662872837e-06,0,0,0,0,0,0,0,0,0,0,0,0,0,0.00101896362629396,0,2.50555782188902e-05,0,0.0019668255135294,1.84959204008175e-05,0.00449799737559307,2.55609408332552e-05,0.000168757891566058,0,0,0,0.000193876937244822,0.000136201964272055,0.00250120218583027,0,0.000469232831420053,0,0,0,0.000137090885514841,5.14819452164094e-06,0.000864511108053308,0,1.90267880674732e-05,0,0,0.00814287983378888,0,4.43456525019452e-06,0,0,0,0,0,0,0,0.000739271056023221,0,0,0,0,0,0.00197050764618849,4.31978540045007e-05,0.00565772065903563,2.77156098351817e-05,0.000208665001752859,0,0.00440965744417902,0.00028904751052052,6.63191890678955e-05
0.000135742870417553,0,0.000141747426871819,0,0.000452537018118394,0,0,0,0.000158577663567697,0,2.86635420321257e-05,0,0,0,0,0,8.68581477654703e-06,3.71983472562893e-06,0.00108881385627541,0,0.000120768601953261,0,0,0,0,0,0,0,0,0,0,0,0,0,0,1.22315568541952e-06,0.00260509723415136,0,0.000219601955204516,0,0.00114343797767564,0,0.00331885566513775,0,0,0,0,0,0.000796220754742713,0,0,1.32165870176978e-05,0,0,8.71806468214864e-05,0,0.000291049514860811,6.80055188562724e-05,0,0,0,0,1.00589324893304e-05,0.0121438467740327,0,0,0,0,0,9.32053092640023e-06,0,0.000120668342985183,0,0.00482823787083142,0,0,0,0,0,0.00586928195324145,0,0.00503069166878203,0.000144745813870422,0,0.00834388827439408,0,0.000105846835989398
0,0,0,0,2.00041380288046e-05,4.54004277001593e-05,0,0,0,0,0,0,0,0,0,0,0,0,8.86143591554084e-06,5.40064481148636e-05,0,0,0,0,0,0,0,0,0,0,0,0.0259196086493803,0.0728136095362596,0.030190495113384,0.0386433649920567,0.000230284112939952,0.000538673148789292,0.000178449431176981,0.000117075948518272,0.00230644118157551,0.000305335331340522,0.0010247823009612,0.000443192272469411,0,0,0.000193876937244822,0,0,0.0385264336396609,0.0545341117856202,0,5.97192115182101e-05,0,0,0,0,0,4.98345095271274e-05,0,0,0,0,0.000204400526451681,7.0199244655201e-05,0,0,0,0,0,0,0,0,0,0,0.210306423130479,0.231390708781684,0.014595112162598,0.0268086967779744,0.0157925574574216,0.00613387048370402,0.000862552184271085,0.000335323111762089,0.0046467639990837,0,0.0105158528835786,0,0
0.0169284497424866,0,0.00149272422073961,0,0.00034280838617772,2.66142111366178e-05,0,0,0.00182058119065146,0,0,0,0,0,0,0,1.01148425561767e-05,0,8.38008204983535e-05,2.77403831651377e-05,0,0,0.00315147792142946,0,0,0,0,0,0,0,0,0,5.15890154138136e-05,0,0.00107679287278448,1.46465999960537e-05,0.00035345667905886,0,0.00434725605520773,0,0.00810483696922119,0,0.0128972384100968,0,0,0.000136201964272055,0.000796220754742713,0.0385264336396609,0,0.000111324327608166,5.14348094901489e-05,1.34042008166685e-05,0,0,0.000466977261384256,0,0.00177581523212076,4.08341077173646e-05,9.6572502790934e-05,0,0.00156954378947673,0,0,0.000913077208344119,0,0.0119099932105322,0,0.00253860323104472,0,0.00284295388881993,0,0.00252544448247871,0,0.0112399200424151,0,2.98602074485591e-05,0,0.000649011741993848,4.10209462417207e-06,0.00520152611257441,0,0.00510445402307143,0.0016017142068037,0,0.0249238751104451,2.17101056032751e-05,0.00021902291505287
0,0.00836496882561905,0,0.00224660177578322,0,0.00140327300789552,0,0,0,0.00139028930364949,0,0,0,0,0,0,7.09458241400117e-06,3.78507862359574e-06,0.000299395119039783,0.000768107082198593,0,0.00147092237818312,0,0.000756908991077264,0,0,0,0,0,0,0,0,0,0.000566786913795255,0,0.000589652804213047,5.23005364017873e-06,0.0027743585954336,0,0.0101071480794741,0,0.0126089621038696,0,0.000299737759627893,0,0.00250120218583027,0,0.0545341117856202,0.000111324327608166,0,0,0.002091443764898,0,0,0,0.000592224637934009,0,0.00711828497487925,0,0.000642158440318908,0,0.000893744867191687,0.00130192124992227,0,0.00410406765955904,0,0.0115644413210408,0,0.00810204797741349,0,0.000978769406662583,0,0.0116618005439395,0,0,4.96389156205649e-05,0,0,0.00510525608594267,0.000107416113337942,0.00357933902855881,2.41875800737726e-05,0.00150781129024711,0,0.0251067023572874,0.000530231809597357,0
0.000623557441103095,0,0.000276524931124766,0,0.0620717403747408,0,0.000899994761818193,0,0.00640287295610427,0,1.3206524256573e-05,0,0,0,0,0,0,0,0,0,0,0,0,0,0,0,0,0,0,0,0,0,0,0,0,0,2.40716280758548e-06,0,0,0,0,0,5.4453186299932e-05,0,0,0,0,0,5.14348094901489e-05,0,0,0,0.00275825670220649,0,0.00661652371443894,0,0.00177525731251687,0,0.00082987170017714,0,0.0010202356963208,0,0,0.000959808358593745,0,0,0,0,0,0,0,0,0,0,0,0,0,0,0,0,0,0,4.22391419569211e-05,0,0.000738392251297791,0,0
0,0.00062884360622503,0,0.0020439058556797,0,0.0467377299893827,0,0.000406247601076618,0,2.42812805575327e-05,0,0,0,5.28761560469334e-05,0,0.00505451349955763,1.29689177534216e-05,5.87484316764714e-06,0.000138444336471684,0.00180365300659615,0,0,0,0,0,0,0,0,0,0,0,0,0,0,0,2.28656815492493e-05,0,0,0,0.000420033534142523,0,0.00119529614649864,0,0,0,0.000469232831420053,1.32165870176978e-05,5.97192115182101e-05,1.34042008166685e-05,0.002091443764898,0,0,0,0.00127740509964019,0,0,3.03959085070401e-05,0.00392560970528132,0,0.000288642893529688,0,0.0117948238159327,0.0113474377979261,0.000198930221869864,0,0,0,0,0,0,1.8339532367885e-05,0,0.000256621248727614,7.43852875594687e-05,0,0,0,0,0.000198766008399037,9.27675801538691e-06,2.06628222134557e-05,0,3.89446007810612e-05,0,0.00376051146534596,2.75794772481553e-05,0
0,0,0,0,0.0083544527542376,0,0.00928081801244684,0,0,0,0.0107228433189002,0,0,0,0,0,0,0,0,0,0.00115788390545319,0,0,0,0,0,0,0,0,0,0,0,0,0,0,0,0,0,0,0,0,0,0,0,0,0,0,0,0,0,0.00275825670220649,0,0,0,0,0,0.00286863454955295,0,0,0,0,0,0,0,0,0,0,0,0,0,0,0,0,0,0,0,0,0,0,0,0,0,4.92434451037405e-06,0,0,0,0
0,0,0,0,0,0.000721196037396267,0,0.0369312144329803,0,0,0,0.00118717020201054,0,0,0,0,0,0,0,0,0,0,0,0,0,0,0,0,0,0,0,0,0,0,0,0,0,0,0,0,0,0,0,0,0,0,0,0,0,0,0,0.00127740509964019,0,0,0,0,0,0.00638198037743056,0,0,0,0,3.3008018704385e-05,0,0,0,0,0,0,0,0,0,0,0,0,0,0,0,0,0,0,0,0,0,1.39161284662976e-05,0,0
0.0455395508626017,0,0.0016597736626984,0,0.00422976787362058,0,0,0,0.0727106446647333,0,0,0,0,0,0,0,0,0,0,0,0,0,0,0,0.00174554476582884,0,0,0,0,0,0,0,0,0,0,0,0,0,0.000162335093686259,0,0,0,0.000189686745031201,0,0,0,8.71806468214864e-05,0,0.000466977261384256,0,0.00661652371443894,0,0,0,0,0,4.14943295976083e-05,0,0,0,0.00439655143298644,0,0,0,0,0,0,0.0153496453259081,0,0.000101285541061901,0,2.68621521573555e-05,0,0.000442110400680663,0,0,0,0,0,0,0,0.00428635312513051,0.000341227167544209,0,0.000723636640602737,0,0
0,0.0261275857732509,0,0.00375324693856653,0,0,0,0,0,0.123639732779671,0,0,0,0,0,0.0126467184160202,0,4.50169029003657e-06,9.7536817089706e-05,0,0,0,0,0.0149853208321891,0,0,0,0,0,0,0,0,0,0,0,0,0,0.000792813052906489,0,0,0,0.000564965666407052,0,0.000454386592822632,0,0.000137090885514841,0,0,0,0.000592224637934009,0,0,0,0,0,0,0,0.000183450183807806,0,0,0,0.0220611339864344,9.19098707856955e-05,0,0,0,0.102270435193474,0,0,0,0,0,0,0,0,0,0,0,0,0,0.00197705490681197,0,0.000511608398035184,0,0.00313440298256668,0,0
6.39983423012024e-05,0,0.000323176508224785,2.05173377432865e-05,0.0037201323671948,1.97729303838768e-05,0.00691580355770059,0,0,0,0.0328484638648183,0,0.000633098614887557,0,0.000258494094582219,0,0,2.01112202708034e-06,0.000282482006129025,9.5336399779288e-05,0.00388700564092206,0,0,0,3.14893407066562e-05,0,0,0,0,0,2.74990386855273e-05,0,0,0,0,0,1.61485872251375e-05,0,0.000702729336482717,0,9.43082051445331e-06,2.17988807301367e-05,0.00866557352285539,0,0,5.14819452164094e-06,0.000291049514860811,0,0.00177581523212076,0,0.00177525731251687,3.03959085070401e-05,0.00286863454955295,0,4.14943295976083e-05,0,0,4.83221158034952e-05,0.023078984200546,4.86286539031497e-06,0.00328338678630356,0,6.28320668042347e-06,0.0220072577156857,0,1.57797710898102e-05,0,0.00208508997920834,0,0.00532679256947772,0,0.0133185144575096,0,0.0380693543996711,0,0,0,0,0,0.000191919191305174,0,0.000392237308752556,6.4028867578145e-05,0,0.0113766532691506,0,0.00178619206355577
0,0.00259475525343513,0,0.000777819910169408,0,0.000416238442036752,0,0.00909766746588763,0,2.28030981529368e-05,0,0.0303038831312105,0,0,0,0,1.46139547301367e-05,3.97181376145381e-05,0.00141571979852332,0.00086823701901415,0,0.000205682511603633,0,0.000892662308110149,0,0.000371706819573014,0,0,0,9.29598167750748e-05,0,0,0,0,0,0.000200808135929944,1.3140349662251e-05,0.000587548044007915,0,0.000366749812213754,1.94440433558009e-05,0.0300038073344612,4.62323141596293e-05,5.4273630649117e-05,0,0.000864511108053308,6.80055188562724e-05,4.98345095271274e-05,4.08341077173646e-05,0.00711828497487925,0,0.00392560970528132,0,0.00638198037743056,0,0.000183450183807806,4.83221158034952e-05,0,0,0.0211518713293409,0,0.00911833414901524,0.0349263329104071,0.000553903776205548,0.00186347592019723,0,0.00510602164830386,0,0.0465740203772075,0,0.0252591608324574,6.77483351432882e-05,0.0762237941596522,0.000113287289673627,0,0,0,0,0.00264055446714772,1.20945467989607e-05,0.00172460004206726,4.17990644332043e-06,0.000620390636144087,4.82983654831936e-06,0.0144483358761634,0.00571717548126976,0
0,0,0.000330533660949692,0,0.00104255982809439,0,0,0,0,0,6.94094997015782e-05,0,0.000190615753083651,0,0.000597340603760037,0,0,0,0,0,0,0,0,0,0,0,0,0,0,0,0,0,0,0,0,0,0,0,0,0,0,0,0,0,0,0,0,0,9.6572502790934e-05,0,0.00082987170017714,0,0,0,0,0,0.023078984200546,0,0,0,0.00549129194125915,0,0,0.0001742557712679,0,0,0,0.00101139116032531,0,0.00511877302731888,0,0.00488707304501313,0,0,0,0,0,0,0,0,0,0,0,0,0.000295288674850752,0,0
0,0.00159643035809065,0,5.88340635181263e-05,0,0.00506308134683384,0,0.00091420438817161,0,0,0,0,0,0.0158912948267766,0,0.00507608936891776,1.18501757239969e-05,0,1.60672184724447e-05,0,0,0,0,0.000598061096014232,0,0.000464476055386869,0,0.00367459792111271,0,0,0,0,0,0,0,1.23491729722103e-06,0,0,0,9.97227121885555e-06,0,0.000312861789734068,1.47340846619613e-05,0,0,1.90267880674732e-05,0,0,0,0.000642158440318908,0,0.000288642893529688,0,0,0,0,4.86286539031497e-06,0.0211518713293409,0,0,0,0.0119280492119737,0.000223179962540509,4.35629163884855e-05,7.42569503999451e-05,0,0.000623738416656285,0,0.0140689073805329,0,0.0123479751282863,0,7.67003599805363e-05,0,0,0,0,0,3.23723476320786e-05,0,1.12793165361814e-05,0,0.000205410445097568,0,0.000468210801126867,2.52410103569762e-05,0
0.00622642926179825,0,0,0,0,0,0,0,0.00248890292699507,0,0,0,0,0,0.0028843409929379,0,0.000255399621012483,0,0,0,0,0,0,0,2.53811338172833e-05,0,0,0,0,0,0,0,0,0,0,0,0,0,0,0,0,0,0,0,0,0,0,0,0.00156954378947673,0,0.0010202356963208,0,0,0,0.00439655143298644,0,0.00328338678630356,0,0.00549129194125915,0,0,0,0,0,0,0,0,0.00654294380700665,0,0.0150295506952355,0,1.01155929292609e-05,0,0,0,0,0,0,0,0,0,0,0,0,5.5212508062978e-05,0,0
0,0.00938030696078769,0,0.0024399766682274,0,0.010370180312759,0,0,0,0.00247069885903479,0,0,0,0.000751147503964582,0,0.0278899514581876,0,0,0,0,0,0,0,0.00253533264457638,0,0.0117338920236431,0,0,0,0,0,0,0,0,0,0,0,0,0,0,0,8.79755536370582e-05,0,0,0,0,0,0,0,0.000893744867191687,0,0.0117948238159327,0,0,0,0.0220611339864344,0,0.00911833414901524,0,0.0119280492119737,0,0,4.02923850981146e-05,0,6.65351534597853e-06,0,0.0178757086882391,0,0.0144297614652757,0,0,0,3.26346419585806e-05,0,0,0,0,0,2.26290787168769e-06,0,0,0,0.000214914805812527,0,8.11507293188183e-05,0,0
0,0,0,9.58294037761041e-05,0,0.0138564924602503,0,0,0,0,0,0.00777527182529165,0,0,0,0,4.50589765351116e-05,0.000131573882994809,0.00273689317427847,0.0302577135875521,0,2.01819252861108e-06,0,0,0,0,0,0,0,0,0,0,0,0,0,0.0020301596149419,8.24131559784276e-06,0.00192301687267985,0,0.00120311254245779,0,0.00750744640759603,2.79665218962471e-05,0.000422991660074595,0,0.00814287983378888,1.00589324893304e-05,0.000204400526451681,0,0.00130192124992227,0,0.0113474377979261,0,3.3008018704385e-05,0,9.19098707856955e-05,6.28320668042347e-06,0.0349263329104071,0,0.000223179962540509,0,4.02923850981146e-05,0,0.000112775748944228,7.3205617099378e-05,0,0,0,0.000775901035956603,1.71505371385419e-05,0.000758671605781399,6.29261658465391e-06,0.0244886695499364,0,0,0,0,0,0.0142747997246388,5.72926329566414e-05,0.0161244138738157,0,0.00030590993335038,8.65801271348796e-06,0.00965056413616546,0.000557747537944788,0
0,0,3.38955314541597e-05,0,0.00176494525327685,0.00014769246601971,0.000403479635344284,0,0,0,0.00396081370940292,0,0,0,0,0,2.68141656844625e-06,3.10717073777333e-06,0.000732494909843766,0.000215874724765511,0.0320720897258326,0,0,0,0,0,0,0,0,0,0,0,0,0,0,0,0.00373037833024737,0,0.000544140044215341,9.18233679274234e-05,0.0039392563685524,0.000115067136963572,0.0129033235032665,0,0,0,0.0121438467740327,7.0199244655201e-05,0.000913077208344119,0,0.000959808358593745,0.000198930221869864,0,0,0,0,0.0220072577156857,0.000553903776205548,0.0001742557712679,4.35629163884855e-05,0,0,0.000112775748944228,0,0,0,0,0.000123541125230025,0,0.000184092818089989,0,0.00249452776270735,0.000112385135917076,0.0242191384351373,0,0,0,0,1.74802231035776e-05,0.0297463801379795,2.19445356526491e-05,0.00976832993937731,0.000526976785521261,0,0.0157131311727483,2.4845544353075e-05,0.000404944706477666
0,0,0,0,0,0,0,0,0,0,0,0,0,0,0,0,0,3.42372056367634e-06,2.83144687113736e-05,0,0,0.0871107243200856,0,0.0041571306653091,0,0.000727365437624119,0,6.18683174822884e-05,0,0,0,0,0,0,0,0,0,0.0022611242350404,0,2.19245961042975e-05,0,0.000349417193363961,0,0,0,4.43456525019452e-06,0,0,0,0.00410406765955904,0,0,0,0,0,0,0,0.00186347592019723,0,7.42569503999451e-05,0,6.65351534597853e-06,7.3205617099378e-05,0,0,0,0.0079882165523607,0,0.00262595208425411,0,0.00485741426815913,0,0.00425107900610734,6.28715718825661e-06,0,0,0,0,1.06329684864887e-05,0,0.00232115822554464,0,0.000346981000066926,3.8859019601225e-05,0.000178224571745062,0,0
0,0,0,0,0,0,0,0,0,0,0,0,0,0,0,0,0.00255309235335817,0,0,0,0,0,0.0707687499814232,0,0.00403982431922255,0,0.000285479460727154,0,0.00157419510238739,0,0,0,0,0,0,0,0,0,0.00250773312332431,0,0,0,0,0,0,0,0,0,0.0119099932105322,0,0,0,0,0,0,0,1.57797710898102e-05,0,0,0,0,0,0,0,0,0,0,0.00125703830837565,0,0.00712857117083665,0,0.00973377913371195,0,0,0,0,0,0,0,0,0,0.0038485253571955,0.000788082197352745,0,0,0,0
0,0.000842823599238167,0,0,0,0,0,0,0,0.00896799639861168,0,0,0,0,0,0,0,7.75850855016602e-06,7.12418143608882e-06,0,0,0.00185934614706029,0,0.0840032512518918,0,0.000591929860703929,0,0,0,0,0,0,0,0,0,0,0,0.00129622477071692,0,0,0,0.000178112425847109,0,0,0,0,0,0,0,0.0115644413210408,0,0,0,0,0,0.102270435193474,0,0.00510602164830386,0,0.000623738416656285,0,0.0178757086882391,0,0,0.0079882165523607,0,0,0,0.0220708730022415,0,0.00426424373581222,0,0.000815328123856304,0,0,0,0,0,2.89023290792978e-06,0,0.00384419001573593,0,0.000248367635231625,0,0.00512119848524339,5.71388632939875e-05,0
