0,0.276382803916931,0.117852684279734,0,0.151914830505848,0,0,0,0.174072418052782,0.253524151444435,0,0,0,0,0,0,0.237691387534142,0,0.279998166693581,0,0,0,0,0,0.240753501653671,0,0,0,0,0,0,0,0,0,0,0,0,0.34388430416584,0.234911160809653,0,0.394845500588417,0.274377977102995,0.301126876077452,0,0,0,0.296793296933174,0.314720302820206,0.129540425914574,0.322632521390915,0,0,0,0,0.233471820991749,0.244269952178001,0.309808337688446,0,0,0,0.242492943874427,0,0,0.262111872434616,0,0,0.267880737781525,0,0,0,0,0,0,0.310056418180466,0,0,0,0,0.25860458612442,0.392942956338326,0.297518521547318,0.375052364667257,0.234528751849239,0,0.23786771216432,0,0.198267832398415
0.276382803916931,0,0.264591991901398,0.137020957011443,0,0,0,0,0.246002003550529,0.178532529721964,0,0,0,0,0,0.221748232438758,0.236569277942181,0.264068447053432,0.281074864628874,0,0,0.283616304397583,0,0,0.223647087812424,0,0,0,0,0,0,0,0,0,0,0,0,0.253322414226002,0.282692018331903,0.434724921981494,0,0.263913058791391,0.230805066724618,0,0,0.356941819190979,0,0.324534013867378,0.326714508235455,0.168019767012769,0,0,0,0,0,0.211582319346659,0,0,0,0,0,0.220442283380433,0.334052085876465,0,0,0,0.217858417776593,0,0,0,0,0,0.317661553621292,0,0,0,0,0,0.415251620404132,0,0.417396213520657,0,0.185031621206517,0.188917638290496,0.237740064007148,0,0
0.117852684279734,0.264591991901398,0,0,0.141386100361424,0,0,0,0,0,0,0,0,0,0,0,0,0,0,0,0,0,0,0,0,0,0,0,0,0,0,0,0,0,0,0,0.22591932117939,0,0.184480056166649,0,0.20962333040578,0.309713423252106,0.240594294557819,0,0,0,0.196875041350722,0.318328768014908,0.196927707312228,0.227528363466263,0.132684169985387,0,0,0,0,0.24605069309473,0.202818202972412,0,0.142115807692919,0,0,0,0,0.168370538949966,0,0,0,0,0,0,0,0,0,0.247177046537399,0,0,0,0,0.23955611884594,0.265981904334492,0,0.260141402482986,0.193765770230028,0,0.201820100812862,0,0.19682115316391
0,0.137020957011443,0,0,0,0.202747604564617,0,0,0.242656320333481,0.124181146919727,0,0.179267093539238,0,0,0,0,0.217380657792091,0.240097393592199,0.220098442357519,0,0,0,0,0,0.257683247327805,0,0,0,0,0,0,0,0,0,0,0.188718557357788,0,0.208706930279732,0.301537960767746,0.213861892429682,0,0.242378912712671,0.214749698837598,0,0,0.194677139753881,0.214223518967628,0,0.287942484021187,0.1985565348105,0,0.201229225360068,0,0,0,0,0,0.206940180488995,0,0.183451192284172,0,0.173196846412288,0.217835043867429,0,0,0,0,0,0,0,0,0,0,0,0,0,0,0,0.271681828533902,0,0.269194543361664,0,0.16988284549652,0.179562086032497,0.194428917799015,0.2383756985267,0
0.151914830505848,0,0.141386100361424,0,0,0,0.151626323660215,0,0.142021811753511,0,0,0,0,0,0,0,0,0,0,0,0.15599561635762,0,0,0,0,0,0,0,0,0,0,0,0,0,0,0,0.129150912165642,0,0,0,0.184329368174076,0,0.234342302469646,0,0,0,0,0,0,0,0.20529398413337,0,0,0,0.138327047228813,0,0,0,0.141137272119522,0,0,0,0,0.222867153584957,0,0,0,0,0,0,0,0,0,0,0,0,0,0,0,0,0,0,0.152345805968109,0,0.133294549898097,0,0
0,0,0,0.202747604564617,0,0,0,0,0,0.113808476179838,0,0.219557250539462,0,0,0,0,0,0,0.214008033275604,0.158013614877385,0,0,0,0,0,0,0,0,0,0,0,0,0,0,0,0.152886271476746,0,0,0,0.215008644594087,0,0.240262481849641,0,0,0,0,0,0,0.250149190425873,0.222834601998329,0,0.205205467568726,0,0,0,0,0,0.232649594545364,0,0,0,0,0.147547108845578,0,0,0,0,0,0,0,0,0,0,0,0,0,0,0,0,0,0,0,0.14561415942469,0.17166536450386,0.194932916098171,0,0
0,0,0,0,0.151626323660215,0,0,0,0,0,0,0,0,0,0,0,0,0,0,0,0.133387518043701,0,0,0,0,0,0,0,0,0,0,0,0,0,0,0,0.141252068912282,0,0,0,0,0,0,0,0,0,0,0,0,0,0,0,0,0,0,0,0,0,0,0,0,0,0,0.125837951898575,0,0,0,0,0,0,0,0,0,0,0,0,0,0,0,0,0,0,0.136791305823459,0.180619878428323,0,0,0
0,0,0,0,0,0,0,0,0,0,0,0.170839107462338,0,0.208076976759489,0,0,0,0,0,0.149425058410718,0,0,0,0,0,0,0,0,0,0,0,0,0,0,0,0,0,0,0,0,0,0,0,0,0,0,0,0,0,0,0,0,0,0.236423057317734,0,0,0,0.189262246240431,0,0.219980402849615,0,0,0.153085137406985,0,0,0,0,0,0,0,0,0,0,0,0,0,0,0,0,0,0,0,0.209593713024388,0.15923702819594,0,0,0
0.174072418052782,0.246002003550529,0,0.242656320333481,0.142021811753511,0,0,0,0,0.254078567028046,0,0,0,0,0.167991576095422,0,0.138253072897593,0,0.149145394563675,0,0,0,0,0.345435619354248,0.229350588463862,0,0,0,0,0,0,0,0,0,0,0,0,0.332010269165039,0.237696192462852,0,0.267048485577106,0.258315586381488,0.213678693114701,0,0,0,0.287746340036392,0.312496840953827,0.119162530948718,0,0,0,0,0,0.247900858154778,0.266977608203888,0.262630857527256,0,0,0,0.197447392996401,0,0,0,0,0,0.267412014305592,0.170425431802869,0,0,0,0,0,0.252225977182388,0,0,0,0,0,0.279737999041875,0.338520348072052,0.192463544410903,0.171124385674795,0.234894602745771,0.226599122104712,0,0.194195804744959
0.253524151444435,0.178532529721964,0,0.124181146919727,0,0.113808476179838,0,0,0.254078567028046,0,0,0,0,0,0,0.182462964669324,0.169179022312164,0.180398826797803,0.170219739736284,0,0,0,0,0.165121162508396,0.261209934949875,0.178414734005928,0,0,0,0,0,0,0,0,0,0,0,0.240621829988822,0.288709936233667,0.327026441693306,0,0.201287367743646,0.235875720779101,0,0,0,0,0.31951279938221,0.327459026128054,0.170900211270366,0,0,0,0,0.214432373642921,0.25493784434842,0,0,0,0,0,0.226895677455293,0,0,0,0,0.242488823831081,0,0.188110972444216,0,0,0,0,0,0,0,0,0,0.326779930127992,0,0.252826397356234,0,0.189887216528641,0.234883115929694,0.255270287622022,0.20053316190325,0
0,0,0,0,0,0,0,0,0,0,0,0,0.174210428652271,0,0,0,0,0,0,0,0.130886838788336,0,0,0,0,0,0,0,0.214182501062384,0,0.192232804000378,0,0,0,0,0,0.162711409656382,0,0.17053658714072,0,0,0,0,0,0,0,0,0,0,0,0,0,0,0,0,0,0.166433916692126,0,0.204144321271315,0,0,0,0,0.144974206811871,0,0,0,0,0,0,0,0.196659625073274,0,0.208034565051397,0,0,0,0,0,0.169375685981063,0,0.190193534871034,0.153161439986129,0.160871961435606,0,0,0
0,0,0,0.179267093539238,0,0.219557250539462,0,0.170839107462338,0,0,0,0,0,0.171648563286789,0,0,0,0,0,0.162256949278245,0,0,0,0,0,0,0,0.174192809047146,0,0.144168351058449,0,0,0,0,0,0.155756083213621,0,0.174697790934682,0,0,0,0,0,0,0,0.193592146039009,0,0,0,0,0,0.233081841043064,0,0.209793266654015,0,0,0,0.172969630126524,0,0.16913660925249,0,0,0.178463641710845,0,0,0,0,0,0,0,0.184250184364857,0,0.171112750648943,0,0,0,0,0,0.161108874320205,0,0.17573249069924,0,0.15147984790211,0,0.192475202679634,0,0
0,0,0,0,0,0,0,0,0,0,0.174210428652271,0,0,0,0.0933956825174391,0,0,0,0,0,0,0,0,0,0,0,0,0,0.166333794593811,0,0,0,0,0,0,0,0,0,0,0,0,0,0,0,0,0,0,0,0,0,0,0,0,0,0,0,0.178108097282712,0,0.163098558224738,0,0,0,0,0,0,0,0,0,0,0,0,0,0,0,0,0,0,0,0,0,0,0,0.170699802024857,0.182078328709324,0,0,0
0,0,0,0,0,0,0,0.208076976759489,0,0,0,0.171648563286789,0,0,0,0.177143077297909,0,0,0,0,0,0,0,0,0,0,0,0.2241833306849,0,0,0,0,0,0,0,0,0,0,0,0,0,0,0,0,0,0,0,0,0,0,0,0,0,0,0,0,0,0.167043305535758,0,0.178997893569898,0,0.161831235942932,0,0,0,0,0,0,0,0,0.20270738857133,0,0,0,0,0,0,0,0,0,0,0,0.198185133501823,0.201165897399187,0,0,0
0,0,0,0,0,0,0,0,0.167991576095422,0,0,0,0.0933956825174391,0,0,0,0.110160092336516,0,0,0,0,0,0,0,0,0,0.123765611568013,0,0.123292721807957,0,0,0,0,0,0,0,0,0,0,0,0,0,0,0,0,0,0,0,0,0,0,0,0,0,0.163724614489897,0,0,0,0.106641852081968,0,0.151920312162369,0,0,0,0,0,0,0,0,0,0,0,0,0,0,0,0,0,0,0,0,0,0.150875614024699,0.208277084841961,0,0,0
0,0.221748232438758,0,0,0,0,0,0,0,0.182462964669324,0,0,0,0.177143077297909,0,0,0,0.12804396327321,0,0,0,0,0,0.177209529280663,0,0.1233445172166,0,0.16926222294569,0,0,0,0,0,0,0,0,0,0.243417337536812,0,0,0,0.267893686890602,0,0,0,0,0,0,0,0.22075991332531,0,0,0,0,0,0.181821553337798,0,0,0,0.183419825990548,0,0.173568628848838,0,0,0,0,0,0,0.164244040846825,0,0,0,0,0,0,0,0,0,0,0,0,0,0.174754902720451,0.212632983922958,0,0,0
0.237691387534142,0.236569277942181,0,0.217380657792091,0,0,0,0,0.138253072897593,0.169179022312164,0,0,0,0,0.110160092336516,0,0,0.149933303090226,0.223388776956703,0,0.281449049711227,0,0.146335665049941,0,0.167308758391718,0,0.121355443054901,0,0.114739470928907,0,0,0,0,0,0,0,0,0,0,0.260519109247776,0.262379346894366,0.220196064988165,0.219345717692759,0,0.210104525089264,0.256278839639642,0.262449391964045,0,0,0,0,0.240426436066628,0,0,0,0,0.261653629796846,0,0,0,0,0,0.359244555234909,0.276427093148231,0,0,0,0.153536210705837,0,0.146538332104683,0,0,0,0.281393337656151,0,0,0,0,0.294911065252028,0.276305099133996,0.336199144070799,0.30626049214,0.188698782236961,0.232326413290512,0.271234832788413,0,0.228933807462454
0,0.264068447053432,0,0.240097393592199,0,0,0,0,0,0.180398826797803,0,0,0,0,0,0.12804396327321,0.149933303090226,0,0.219915486244439,0,0,0.123890613390279,0,0.148248203504248,0,0.145664288831517,0,0.139433816075325,0,0,0,0,0,0,0,0,0,0,0,0.268462211205371,0.256814329186454,0.227795929141648,0.215098014473915,0,0,0.256188133110603,0.254771573872296,0,0,0,0,0.239738345146179,0,0,0,0,0,0,0,0,0,0,0.267367050051689,0.256387606263161,0.168716718442738,0,0.160304492712021,0,0.150552191904613,0,0,0,0,0.239123652378718,0,0,0,0,0.283666812096323,0.273387918256699,0.333770493553443,0.284416164954503,0.164789819465851,0.163273044704245,0.262428860949995,0.241776928305626,0.184765473008156
0.279998166693581,0.281074864628874,0,0.220098442357519,0,0.214008033275604,0,0,0.149145394563675,0.170219739736284,0,0,0,0,0,0,0.223388776956703,0.219915486244439,0,0,0,0,0,0.18058004254295,0.146009385585785,0,0,0,0,0,0,0,0,0,0,0,0,0,0.228900551795959,0.289939750967252,0.265394570596448,0.194166947005127,0.193515603791809,0,0.157934226095676,0.270910093161677,0.273678644578303,0.252014309167862,0.234920412302017,0.257883257486603,0,0.193897634744644,0,0,0.125458732247353,0.169229783117771,0.28669752801458,0.283836178481579,0,0,0,0,0.361108037714775,0.288468552132448,0,0,0.156413804739714,0.141802355647087,0,0,0,0,0,0.293100312960391,0,0,0,0,0.331570357055284,0.293189142771938,0.405943590131673,0.306415213796861,0.198887022125469,0.196690630167723,0.288664277474264,0.206592221867363,0.193882236343164
0,0,0,0,0,0.158013614877385,0,0.149425058410718,0,0,0,0.162256949278245,0,0,0,0,0,0,0,0,0,0,0,0,0,0,0,0,0,0,0,0,0,0,0,0.180905626816838,0,0.172948125217642,0,0.221034184098244,0,0,0,0,0,0.216362559369632,0,0,0,0.269542127847672,0,0.153707271648778,0,0.152974520738308,0,0,0,0.165325576847115,0,0,0,0,0.180519342782935,0,0,0,0,0,0,0,0,0,0,0,0,0,0,0,0.165627749152397,0,0.182690874255937,0,0.151353929029859,0,0.17874320089817,0,0
0,0,0,0,0.15599561635762,0,0.133387518043701,0,0,0,0.130886838788336,0,0,0,0,0,0.281449049711227,0,0,0,0,0,0,0,0,0,0,0,0,0,0,0,0,0,0,0,0.1553759829909,0,0.154225558397316,0,0,0,0.255932509899139,0,0,0,0.246864564716816,0,0,0,0.194321781859635,0,0.126614015549421,0,0,0,0.124968960226485,0,0,0,0,0,0,0.172238611136422,0,0,0,0,0,0,0,0,0,0,0,0,0,0,0,0.163552725727086,0,0.225925001833174,0.136796170842609,0.132262483239174,0.16863254924952,0,0
0,0.283616304397583,0,0,0,0,0,0,0,0,0,0,0,0,0,0,0,0.123890613390279,0,0,0,0,0.129763648613427,0.185498676429956,0,0.163726293227889,0,0.152645015693086,0,0,0,0,0,0,0,0,0,0.173563169913668,0.176378266945962,0,0,0,0,0,0,0,0,0.49446339905262,0.482576996088028,0.189312001557222,0,0,0,0,0,0,0,0,0,0,0,0,0,0,0.177507651548045,0.145318141621751,0.229747254176745,0,0.174375396986671,0,0.264057193761287,0,0,0,0,0,0,0,0,0,0.215719792647625,0,0.141125160933981,0.121281939043718,0.204858510621956,0,0
0,0,0,0,0,0,0,0,0,0,0,0,0,0,0,0,0.146335665049941,0,0,0,0,0.129763648613427,0,0,0.15938246303371,0,0.205488254451872,0,0.162105468266151,0,0,0,0,0,0,0,0,0,0.173726684746706,0,0,0,0,0,0,0,0,0,0.178804399347619,0,0,0,0,0,0,0,0,0,0,0,0,0,0,0,0.150744898080388,0.167075774445136,0,0.167156424601467,0,0.169993789200802,0,0.225064226351602,0,0,0,0,0,0,0,0,0,0.188431801748819,0.140910929066031,0.146501050041667,0,0,0
0,0,0,0,0,0,0,0,0.345435619354248,0.165121162508396,0,0,0,0,0,0.177209529280663,0,0.148248203504248,0.18058004254295,0,0,0.185498676429956,0,0,0.287024319171906,0.181537894961926,0,0,0,0,0,0,0,0,0,0,0,0.177295972685,0.402440041303635,0,0,0.190482825040817,0,0,0,0,0,0.420199876481836,0,0.195530753840225,0,0,0,0,0,0.169522015111787,0,0,0,0,0,0.187575924553369,0,0,0.208072218774022,0,0.190940818881395,0,0.188092447516237,0,0.342818031708399,0,0,0,0,0,0,0,0.298804968595505,0,0.205815071087187,0,0.195424633881738,0,0.240031635987036,0,0
0.240753501653671,0.223647087812424,0,0.257683247327805,0,0,0,0,0.229350588463862,0.261209934949875,0,0,0,0,0,0,0.167308758391718,0,0.146009385585785,0,0,0,0.15938246303371,0.287024319171906,0,0,0.190782213583589,0,0,0,0,0,0,0.37981042265892,0,0,0,0.394313444693883,0.161629021538712,0,0,0.270535405725241,0.23057531519812,0,0,0,0,0.354518399997191,0.185126058272902,0.435168415307999,0,0,0,0,0.234885461339655,0.271991913517316,0,0,0,0,0.251201599836349,0,0,0,0,0.188770955911389,0.246796950697899,0.185144059922335,0,0.179154124378152,0,0.299984412158237,0,0,0,0,0,0,0,0,0.327708974480629,0.165935785777798,0.174071947588844,0.278066009283066,0.238154854387679,0,0
0,0,0,0,0,0,0,0,0,0.178414734005928,0,0,0,0,0,0.1233445172166,0,0.145664288831517,0,0,0,0.163726293227889,0,0.181537894961926,0,0,0,0.193260050682476,0,0,0,0,0,0,0,0,0,0,0,0,0,0,0,0,0,0,0,0,0,0,0,0,0,0,0,0.172215777635574,0,0,0,0,0,0.118768689036369,0,0,0.175889268678588,0,0.169628731297868,0,0.16520615046223,0,0.14200334995985,0,0,0,0,0,0,0,0,0,0,0,0.159092191991115,0.142458483576775,0,0,0
0,0,0,0,0,0,0,0,0,0,0,0,0,0,0.123765611568013,0,0.121355443054901,0,0,0,0,0,0.205488254451872,0,0.190782213583589,0,0,0,0.128210965792338,0,0,0,0,0,0,0,0,0,0,0,0,0,0,0,0,0,0,0,0,0,0,0,0,0,0,0,0,0,0,0,0,0,0,0,0,0.32816238866912,0,0.151779985427856,0,0.16990978681431,0,0.319093312208469,0,0,0,0,0,0,0,0,0,0.230292305350304,0.1252321548862,0,0,0,0
0,0,0,0,0,0,0,0,0,0,0,0.174192809047146,0,0.2241833306849,0,0.16926222294569,0,0.139433816075325,0,0,0,0.152645015693086,0,0,0,0.193260050682476,0,0,0,0.180066338698069,0,0,0,0,0,0,0,0.175863521185932,0,0,0,0,0,0,0,0,0,0,0,0,0,0,0,0,0,0,0,0.1813905737721,0,0.186158705502748,0,0.190355245448366,0,0,0.155597420568152,0,0,0,0.194782532779854,0,0.182660354218286,0,0.171558709843281,0,0,0,0,0,0,0,0.171338076201769,0,0.21065210751616,0.191512697198418,0,0,0
0,0,0,0,0,0,0,0,0,0,0.214182501062384,0,0.166333794593811,0,0.123292721807957,0,0.114739470928907,0,0,0,0,0,0.162105468266151,0,0,0,0.128210965792338,0,0,0,0.167041061618648,0,0,0,0,0,0,0,0.172318558751697,0,0,0,0,0,0,0,0,0,0,0,0,0,0,0,0,0,0.194245490780536,0,0,0,0,0,0,0,0,0.185659716686895,0,0,0,0.159171120321844,0,0.167418734362937,0,0.176182702511162,0,0,0,0,0,0,0,0.174108179319989,0.171519604289816,0.142694572499697,0,0,0
0,0,0,0,0,0,0,0,0,0,0,0.144168351058449,0,0,0,0,0,0,0,0,0,0,0,0,0,0,0,0.180066338698069,0,0,0,0,0,0,0,0,0,0.171583246750136,0,0,0,0,0,0,0,0,0,0,0,0,0,0,0,0,0,0,0,0.159875931798435,0,0,0,0,0,0,0,0,0,0,0,0,0.179640718136388,0,0.182759925444115,0,0,0,0,0,0,0,0.171460169175315,0,0.175236763358116,0,0,0,0
0,0,0,0,0,0,0,0,0,0,0.192232804000378,0,0,0,0,0,0,0,0,0,0,0,0,0,0,0,0,0,0.167041061618648,0,0,0,0,0,0,0,0,0,0.193787194126182,0,0,0,0,0,0,0,0,0,0,0,0,0,0,0,0,0,0.153882443904877,0,0,0,0,0,0,0,0,0,0,0,0,0,0,0.167213110504924,0,0.159157631034502,0,0,0,0,0,0,0,0.194939951108155,0.15745024357153,0.156526268459857,0,0,0
0,0,0,0,0,0,0,0,0,0,0,0,0,0,0,0,0,0,0,0,0,0,0,0,0,0,0,0,0,0,0,0,0.307927847481901,0.19546628849847,0.325677850842476,0.18112963192536,0.159422694394986,0,0,0,0,0,0,0,0,0,0,0.468394401304849,0.408202849825223,0.389302968978882,0,0,0,0,0,0,0,0,0,0,0,0,0,0,0,0,0,0,0,0,0,0,0,0,0.244296928283884,0.25495403046034,0.170639326391013,0.173903755377978,0.180391790109267,0.384135044614474,0,0,0.32431613095884,0,0.395981669425964,0,0
0,0,0,0,0,0,0,0,0,0,0,0,0,0,0,0,0,0,0,0,0,0,0,0,0,0,0,0,0,0,0,0.307927847481901,0,0.36818892541139,0,0.146408447995782,0.173970943620039,0,0,0,0,0,0,0,0,0,0,0.421944644005589,0.418684989213943,0.402599952437661,0,0,0,0,0,0,0,0,0,0,0,0,0,0,0,0,0,0,0,0,0,0,0,0,0.21733337029721,0.289632912317958,0,0.198734998703003,0.135069791869871,0.329815470227381,0,0,0.228764314849216,0,0.355336517095566,0,0
0,0,0,0,0,0,0,0,0,0,0,0,0,0,0,0,0,0,0,0,0,0,0,0,0.37981042265892,0,0,0,0,0,0,0.19546628849847,0.36818892541139,0,0.226756791682265,0.192849992425895,0,0.178785012348702,0.177523169685249,0,0,0,0,0,0,0,0,0.37912456483254,0.457152970135212,0,0,0,0,0,0,0,0,0,0,0,0,0,0,0,0,0,0,0,0,0,0,0,0,0,0.181233193339973,0.258684284157223,0.187695878198835,0.200430643663842,0.160149176944705,0,0.166978520943838,0.193816334396214,0.258724666304058,0.199642727601117,0,0,0
0,0,0,0,0,0,0,0,0,0,0,0,0,0,0,0,0,0,0,0,0,0,0,0,0,0,0,0,0,0,0,0.325677850842476,0,0.226756791682265,0,0.18706152588129,0.187114689601671,0.229243191320505,0.179232011981575,0,0,0,0,0,0,0,0,0.266169374996754,0,0.400507509708405,0,0,0,0,0,0,0,0,0,0,0,0,0,0,0,0,0,0,0,0,0,0,0,0,0,0.149781181166569,0.189663907901489,0.209035181263995,0,0.176293658907021,0.141738233369166,0.174002255454208,0.189887637370511,0.212041214108467,0,0,0
0,0,0,0.188718557357788,0,0.152886271476746,0,0,0,0,0,0.155756083213621,0,0,0,0,0,0,0,0.180905626816838,0,0,0,0,0,0,0,0,0,0,0,0.18112963192536,0.146408447995782,0.192849992425895,0.18706152588129,0,0.153831100580604,0.152951331323969,0.110771164298058,0.182451271762451,0,0.238186097570828,0,0,0,0.169463891838048,0,0.289967079849347,0,0.283811034013828,0,0,0,0,0,0,0,0.144070138797314,0,0,0,0,0.183608648989926,0,0,0,0,0,0,0,0,0,0,0,0.210122359121681,0.158110004620718,0.190720669044473,0,0.180521883424802,0.165828781420722,0.169047785731079,0.117037661373615,0.159054331481457,0.158203160412432,0.168536030213926,0,0
0,0,0.22591932117939,0,0.129150912165642,0,0.141252068912282,0,0,0,0.162711409656382,0,0,0,0,0,0,0,0,0,0.1553759829909,0,0,0,0,0,0,0,0,0,0,0.159422694394986,0.173970943620039,0,0.187114689601671,0.153831100580604,0,0,0.150151604566393,0,0.170365025599798,0,0.276236407458782,0,0,0,0.199561148881912,0.307903984189034,0.267128553528052,0,0.179340502454175,0,0,0,0,0,0.149414754843199,0,0,0,0,0,0,0.14879809672576,0,0,0,0,0,0,0,0,0,0,0.186701299415694,0.210002530575192,0,0.19107649001692,0.172406803150208,0.182653936345752,0,0.173221379990065,0.170893327846911,0.19122350805076,0.180622827826124,0,0
0.34388430416584,0.253322414226002,0,0.208706930279732,0,0,0,0,0.332010269165039,0.240621829988822,0,0.174697790934682,0,0,0,0.243417337536812,0,0,0,0.172948125217642,0,0.173563169913668,0,0.177295972685,0.394313444693883,0,0,0.175863521185932,0,0.171583246750136,0,0,0,0.178785012348702,0.229243191320505,0.152951331323969,0,0,0.197120971896873,0,0,0.179754042026141,0.357294172048569,0,0,0.220927166442076,0,0.585229103685956,0.513435773989734,0.280337942792243,0,0,0,0,0.30798727273941,0.295457360078031,0,0.175098879820496,0,0,0,0.252804930011431,0.184344228208065,0.34882977604866,0.201813888873161,0,0.230565153260287,0,0,0,0.184611835756472,0,0.17053108887617,0,0,0,0.156381943821907,0.186250736812751,0.179042599200464,0,0.197831991508385,0.190675156624591,0.284703821509176,0.261584493274591,0.285888103823337,0,0
0.234911160809653,0.282692018331903,0.184480056166649,0.301537960767746,0,0,0,0,0.237696192462852,0.288709936233667,0.17053658714072,0,0,0,0,0,0,0,0.228900551795959,0,0.154225558397316,0.176378266945962,0.173726684746706,0.402440041303635,0.161629021538712,0,0,0,0.172318558751697,0,0.193787194126182,0,0,0.177523169685249,0.179232011981575,0.110771164298058,0.150151604566393,0.197120971896873,0,0,0,0.345034652111823,0.186516917801239,0,0,0,0.31952241063118,0.574864253882439,0.172640802040874,0.446438712378343,0,0,0,0,0.253893631096515,0.3180441105595,0.174852066306783,0,0,0,0.231394544243813,0,0,0.160274210659897,0.472907811403275,0.182794337791238,0.338205731766564,0.20074621337033,0,0.215005993843079,0,0.168681842807012,0,0.18719561000665,0,0,0,0.186096998260302,0.124910913985865,0.176339410019696,0.213162471535345,0.187924733118579,0.229899724132519,0.204367590936787,0.276040466238058,0,0
0,0.434724921981494,0,0.213861892429682,0,0.215008644594087,0,0,0,0.327026441693306,0,0,0,0,0,0,0.260519109247776,0.268462211205371,0.289939750967252,0.221034184098244,0,0,0,0,0,0,0,0,0,0,0,0,0,0,0,0.182451271762451,0,0,0,0,0.281952157616615,0.227554811993735,0.23828530870378,0,0,0.202726698414469,0.282067290374211,0.238808075586955,0.278485059738159,0.206513048393165,0,0.202914711833,0,0,0,0,0,0.246751747197575,0,0,0,0,0.226169684928828,0,0,0,0,0,0,0,0,0,0,0,0,0,0,0,0.212060720579566,0.289312254924041,0.274709478872163,0.282282109771456,0.26008789995662,0.239079862833023,0.225933875356773,0.2994251648585,0
0.394845500588417,0,0.20962333040578,0,0.184329368174076,0,0,0,0.267048485577106,0,0,0,0,0,0,0,0.262379346894366,0.256814329186454,0.265394570596448,0,0,0,0,0,0,0,0,0,0,0,0,0,0,0,0,0,0.170365025599798,0,0,0.281952157616615,0,0.231745267907778,0.241257655377711,0,0.221738482515017,0.286313539370894,0.268371431658923,0.242009950180848,0.219275374544644,0,0.195904163377626,0,0,0,0.285713165998459,0,0.204626659552256,0,0,0,0,0,0,0.243398726346333,0,0,0,0,0,0,0,0,0,0.225210745203293,0,0.297859311103821,0,0,0.305953819018144,0.239138193658454,0.319755544265111,0.245149058283575,0.286574000904045,0.282046124339104,0.254282648827891,0,0.248477292221946
0.274377977102995,0.263913058791391,0.309713423252106,0.242378912712671,0,0.240262481849641,0,0,0.258315586381488,0.201287367743646,0,0,0,0,0,0.267893686890602,0.220196064988165,0.227795929141648,0.194166947005127,0,0,0,0,0.190482825040817,0.270535405725241,0,0,0,0,0,0,0,0,0,0,0.238186097570828,0,0.179754042026141,0.345034652111823,0.227554811993735,0.231745267907778,0,0.22421640722648,0,0,0.238377281663458,0.224245759658515,0.40905462399773,0.389072088034529,0.359322030908369,0,0.236876730620861,0,0,0.220523178577423,0.21138836395356,0.254631638526917,0.288761562228484,0,0.233923132220904,0,0.220998354256153,0.23578339897924,0.247207835316658,0,0,0.240103992819786,0.275614753365517,0,0,0,0,0.270380780100822,0.237436359127363,0,0,0,0,0.238709050039844,0.259460054112203,0.297996961841216,0.258969464472362,0.249014816155584,0.230833168707642,0.258677935155052,0.239555476695658,0.181655206282934
0.301126876077452,0.230805066724618,0.240594294557819,0.214749698837598,0.234342302469646,0,0,0,0.213678693114701,0.235875720779101,0,0,0,0,0,0,0.219345717692759,0.215098014473915,0.193515603791809,0,0.255932509899139,0,0,0,0.23057531519812,0,0,0,0,0,0,0,0,0,0,0,0.276236407458782,0.357294172048569,0.186516917801239,0.23828530870378,0.241257655377711,0.22421640722648,0,0,0.142945569241419,0.230747187137604,0.225157838248837,0.41671570284026,0.342168509774875,0.366237265723092,0.217385065048299,0,0,0,0.241063005815853,0.249100115682398,0.301763971531114,0,0.235718309879303,0,0.247907590866089,0.239381432533264,0,0.242850635639965,0,0,0.252053959502114,0,0,0,0,0,0,0.249077456276541,0,0,0,0,0.266263552687385,0.253731619300691,0.316034775227308,0.245725033981074,0.246972296539736,0.220203964039683,0.261682341102792,0.240431997179985,0.186440968042926
0,0,0,0,0,0,0,0,0,0,0,0,0,0,0,0,0,0,0,0,0,0,0,0,0,0,0,0,0,0,0,0,0,0,0,0,0,0,0,0,0,0,0,0,0,0,0,0,0,0,0,0,0,0,0,0,0,0,0,0,0,0,0,0,0,0,0,0,0,0,0,0,0,0,0,0,0,0,0,0,0,0,0,0,0,0,0
0,0,0,0,0,0,0,0,0,0,0,0,0,0,0,0,0.210104525089264,0,0.157934226095676,0,0,0,0,0,0,0,0,0,0,0,0,0,0,0,0,0,0,0,0,0,0.221738482515017,0,0.142945569241419,0,0,0,0.160044431686401,0,0,0,0,0,0,0,0,0,0,0,0,0,0,0,0,0.243227601051331,0,0,0,0,0,0,0,0,0,0,0,0,0,0,0,0.218129109192107,0,0.216617345809937,0,0,0.187361469581014,0,0.153869941830635
0,0.356941819190979,0,0.194677139753881,0,0,0,0,0,0,0,0.193592146039009,0,0,0,0,0.256278839639642,0.256188133110603,0.270910093161677,0.216362559369632,0,0,0,0,0,0,0,0,0,0,0,0,0,0,0,0.169463891838048,0,0.220927166442076,0,0.202726698414469,0.286313539370894,0.238377281663458,0.230747187137604,0,0,0,0.251755816241105,0.316374331712723,0,0.240970844703336,0,0.184597108513117,0,0,0,0.277115821838379,0,0.261446535587311,0,0,0,0,0.238674928905141,0,0,0,0,0,0,0,0,0,0,0.277132898569107,0,0,0,0,0.285175267304786,0.301995245118936,0.336023564994549,0.314970970153809,0.234106844856371,0.224690293272336,0.209743989161001,0.235691001017888,0
0.296793296933174,0,0.196875041350722,0.214223518967628,0,0,0,0,0.287746340036392,0,0,0,0,0,0,0,0.262449391964045,0.254771573872296,0.273678644578303,0,0.246864564716816,0,0,0,0,0,0,0,0,0,0,0,0,0,0,0,0.199561148881912,0,0.31952241063118,0.282067290374211,0.268371431658923,0.224245759658515,0.225157838248837,0,0.160044431686401,0.251755816241105,0,0,0.24483855565389,0,0.195514306426048,0,0,0,0,0,0.209865853190422,0,0,0,0,0,0,0.223099594272147,0,0,0,0,0,0,0,0,0,0.207401442031066,0,0,0,0,0.294987524549166,0.28001850754565,0.341781864563624,0.329191406114049,0.280614354240088,0.255016914010048,0.282528704254045,0,0.231121085584164
0.314720302820206,0.324534013867378,0.318328768014908,0,0,0,0,0,0.312496840953827,0.31951279938221,0,0,0,0,0,0,0,0,0.252014309167862,0,0,0.49446339905262,0,0.420199876481836,0.354518399997191,0,0,0,0,0,0,0.468394401304849,0.421944644005589,0.37912456483254,0.266169374996754,0.289967079849347,0.307903984189034,0.585229103685956,0.574864253882439,0.238808075586955,0.242009950180848,0.40905462399773,0.41671570284026,0,0,0.316374331712723,0,0,0.429742026509501,0.369580285209242,0,0,0,0,0.309614618619283,0.334814295172691,0.359735280275345,0,0,0,0,0,0,0,0.462781592327006,0,0.436217555874272,0.408160656690598,0,0,0,0,0,0,0.451572042053895,0.414650763125983,0.210022304592461,0.245191597740869,0.29530745583937,0.437037890034742,0.537161458440188,0.252663032004708,0.472197426711458,0.191969451804956,0.520929919662718,0,0.441823184490204
0.129540425914574,0.326714508235455,0.196927707312228,0.287942484021187,0,0.250149190425873,0,0,0.119162530948718,0.327459026128054,0,0,0,0,0,0,0,0,0.234920412302017,0,0,0.482576996088028,0.178804399347619,0,0.185126058272902,0,0,0,0,0,0,0.408202849825223,0.418684989213943,0.457152970135212,0,0,0.267128553528052,0.513435773989734,0.172640802040874,0.278485059738159,0.219275374544644,0.389072088034529,0.342168509774875,0,0,0,0.24483855565389,0.429742026509501,0,0.34010042102573,0.237002000212669,0,0,0,0.195853362480799,0.313010084629059,0.210308415123395,0,0.206712819635868,0,0.166730473438899,0,0,0.216327465349628,0,0.228138140269688,0.3626902004083,0.22514483703272,0,0.261768805055783,0,0.251558907171513,0,0.253611702008309,0,0.330690686232769,0,0,0,0.258529759023224,0.492448297142982,0.268525385288965,0.455080471507821,0,0.307165070322088,0,0.308763789811305
0.322632521390915,0.168019767012769,0.227528363466263,0.1985565348105,0,0.222834601998329,0,0,0,0.170900211270366,0,0,0,0,0,0.22075991332531,0,0,0.257883257486603,0.269542127847672,0,0.189312001557222,0,0.195530753840225,0.435168415307999,0,0,0,0,0,0,0.389302968978882,0.402599952437661,0,0.400507509708405,0.283811034013828,0,0.280337942792243,0.446438712378343,0.206513048393165,0,0.359322030908369,0.366237265723092,0,0,0.240970844703336,0,0.369580285209242,0.34010042102573,0,0.226264927536249,0.214704614664827,0,0,0,0.212011382710643,0,0.264822229743004,0,0.178360655903816,0,0.21876216802908,0.262861371040344,0.238150805234909,0.227676230555179,0,0.252263696031636,0,0,0,0.260199010372162,0,0.373632684350014,0,0,0.407130668560664,0,0.349772214889526,0.19489684764688,0.341235925753911,0.264160517670195,0,0.359528133349719,0.232288385430972,0.288005522076674,0,0.234449073672295
0,0,0.132684169985387,0,0.20529398413337,0,0,0,0,0,0,0,0,0,0,0,0,0,0,0,0.194321781859635,0,0,0,0,0,0,0,0,0,0,0,0,0,0,0,0.179340502454175,0,0,0,0.195904163377626,0,0.217385065048299,0,0,0,0.195514306426048,0,0.237002000212669,0.226264927536249,0,0,0,0,0,0,0.20210589269797,0,0.148641921579838,0,0,0,0,0.220213822379911,0,0,0,0,0,0,0,0,0,0,0,0,0,0,0,0.177746526896954,0,0.231633078306913,0.163538134760327,0,0.191109539438944,0,0
0,0,0,0.201229225360068,0,0.205205467568726,0,0,0,0,0,0.233081841043064,0,0,0,0,0.240426436066628,0.239738345146179,0.193897634744644,0.153707271648778,0,0,0,0,0,0,0,0,0,0,0,0,0,0,0,0,0,0,0,0.202914711833,0,0.236876730620861,0,0,0,0.184597108513117,0,0,0,0.214704614664827,0,0,0,0,0,0,0,0.227022767066956,0,0,0,0,0.190520723660787,0,0,0,0.207557693123817,0,0,0,0,0,0,0,0,0,0,0,0.245273624857267,0,0.33631232380867,0,0.18716196066294,0.16103743314743,0.207387904464095,0,0
0,0,0,0,0,0,0,0,0,0,0,0,0,0,0,0,0,0,0,0,0.126614015549421,0,0,0,0,0,0,0,0,0,0,0,0,0,0,0,0,0,0,0,0,0,0,0,0,0,0,0,0,0,0,0,0,0,0,0,0.23210789400635,0,0,0,0,0,0,0,0,0,0,0,0,0,0,0,0,0,0,0,0,0,0,0,0,0,0.193126052618027,0.194399792701006,0,0,0
0,0,0,0,0,0,0,0.236423057317734,0,0,0,0.209793266654015,0,0,0,0,0,0,0,0.152974520738308,0,0,0,0,0,0,0,0,0,0,0,0,0,0,0,0,0,0,0,0,0,0,0,0,0,0,0,0,0,0,0,0,0,0,0,0,0,0.231647844347998,0,0,0,0,0.16116189956665,0,0,0,0,0,0,0,0,0,0,0,0,0,0,0,0,0,0,0,0.207252885488903,0.197609588503838,0,0,0
0.233471820991749,0,0,0,0.138327047228813,0,0,0,0.247900858154778,0.214432373642921,0,0,0,0,0.163724614489897,0,0,0,0.125458732247353,0,0,0,0,0,0.234885461339655,0,0,0,0,0,0,0,0,0,0,0,0,0.30798727273941,0.253893631096515,0,0.285713165998459,0.220523178577423,0.241063005815853,0,0,0,0,0.309614618619283,0.195853362480799,0,0,0,0,0,0,0.241193249821663,0.241474360227585,0,0,0,0.2290174380052,0,0,0,0,0,0.233546033501625,0.27859003841877,0,0,0,0,0,0.272259915868441,0,0,0,0,0,0.243507727980614,0,0.237104511363545,0.191909161915905,0,0.230242836912838,0,0.207734099030495
0.244269952178001,0.211582319346659,0.24605069309473,0,0,0,0,0,0.266977608203888,0.25493784434842,0,0,0,0,0,0.181821553337798,0,0,0.169229783117771,0,0,0,0,0.169522015111787,0.271991913517316,0.172215777635574,0,0,0,0,0,0,0,0,0,0,0,0.295457360078031,0.3180441105595,0,0,0.21138836395356,0.249100115682398,0,0,0.277115821838379,0,0.334814295172691,0.313010084629059,0.212011382710643,0,0,0,0,0.241193249821663,0,0,0,0,0,0,0.220512192290326,0,0,0,0,0.265692622650047,0,0.169055793434381,0,0,0,0,0,0,0,0,0,0,0,0.324645425785672,0,0.182370259817163,0.172016289585926,0.247905551159302,0,0
0.309808337688446,0,0.202818202972412,0,0,0,0,0,0.262630857527256,0,0.166433916692126,0,0.178108097282712,0,0,0,0.261653629796846,0,0.28669752801458,0,0.124968960226485,0,0,0,0,0,0,0,0.194245490780536,0,0.153882443904877,0,0,0,0,0,0.149414754843199,0,0.174852066306783,0,0.204626659552256,0.254631638526917,0.301763971531114,0,0,0,0.209865853190422,0.359735280275345,0.210308415123395,0,0.20210589269797,0,0.23210789400635,0,0.241474360227585,0,0,0,0.160083786215422,0,0.170414825280507,0,0,0.241697268780842,0,0,0,0,0,0,0,0.258451642128088,0,0.263551480054855,0,0,0,0,0,0.212780218571424,0,0.182785850494428,0.175763258154576,0.147038752493793,0.254895880818367,0,0.292014440423564
0,0,0,0.206940180488995,0,0.232649594545364,0,0.189262246240431,0,0,0,0.172969630126524,0,0.167043305535758,0,0,0,0,0.283836178481579,0.165325576847115,0,0,0,0,0,0,0,0.1813905737721,0,0.159875931798435,0,0,0,0,0,0.144070138797314,0,0.175098879820496,0,0.246751747197575,0,0.288761562228484,0,0,0,0.261446535587311,0,0,0,0.264822229743004,0,0.227022767066956,0,0.231647844347998,0,0,0,0,0,0.171011677926237,0,0,0.197905233474793,0,0,0,0,0,0,0,0.184922885388956,0,0.257786238618712,0,0,0,0,0,0.157078118101368,0,0.170326835690783,0,0.163221380611261,0.145430669188499,0.318649851155305,0.254799723625183,0
0,0,0.142115807692919,0,0.141137272119522,0,0,0,0,0,0.204144321271315,0,0.163098558224738,0,0.106641852081968,0,0,0,0,0,0,0,0,0,0,0,0,0,0,0,0,0,0,0,0,0,0,0,0,0,0,0,0.235718309879303,0,0,0,0,0,0.206712819635868,0,0.148641921579838,0,0,0,0,0,0.160083786215422,0,0,0,0.15608382721742,0,0,0.240270872910817,0,0,0,0,0,0,0,0.232742260609354,0,0.240063334256411,0,0,0,0,0,0.175770998001099,0,0,0.167508023664941,0.175954092572741,0.19177818875159,0,0
0,0,0,0.183451192284172,0,0,0,0.219980402849615,0,0,0,0.16913660925249,0,0.178997893569898,0,0.183419825990548,0,0,0,0,0,0,0,0,0,0,0,0.186158705502748,0,0,0,0,0,0,0,0,0,0,0,0,0,0.233923132220904,0,0,0,0,0,0,0,0.178360655903816,0,0,0,0,0,0,0,0.171011677926237,0,0,0,0.162276659693037,0,0,0,0,0,0,0,0,0.189254015684128,0,0,0,0,0,0,0,0,0,0,0,0.175285675443964,0.183081635832787,0.209003325551748,0,0
0.242492943874427,0,0,0,0,0,0,0,0.197447392996401,0,0,0,0,0,0.151920312162369,0,0,0,0,0,0,0,0,0,0.251201599836349,0,0,0,0,0,0,0,0,0,0,0,0,0,0.231394544243813,0,0,0,0.247907590866089,0,0,0,0,0,0.166730473438899,0,0,0,0,0,0.2290174380052,0,0.170414825280507,0,0.15608382721742,0,0,0,0,0,0,0,0.30170089006424,0,0,0,0,0,0,0,0,0,0,0,0,0,0,0.216198310256004,0.179340139962733,0,0.244989531881669,0,0
0,0.220442283380433,0,0.173196846412288,0,0,0,0,0,0.226895677455293,0,0,0,0.161831235942932,0,0.173568628848838,0,0,0,0,0,0,0,0.187575924553369,0,0.118768689036369,0,0.190355245448366,0,0,0,0,0,0,0,0,0,0.252804930011431,0,0,0,0.220998354256153,0.239381432533264,0,0,0,0,0,0,0.21876216802908,0,0,0,0,0,0.220512192290326,0,0,0,0.162276659693037,0,0,0,0,0,0,0.230095244296219,0,0.136646382839364,0,0.163014206503119,0,0,0,0,0,0,0,0,0,0.286391720175743,0,0.172783526635434,0.157183988680763,0.216550230979919,0,0
0,0.334052085876465,0,0.217835043867429,0,0.147547108845578,0,0.153085137406985,0,0,0,0.178463641710845,0,0,0,0,0.359244555234909,0.267367050051689,0.361108037714775,0.180519342782935,0,0,0,0,0,0,0,0,0,0,0,0,0,0,0,0.183608648989926,0,0.184344228208065,0,0.226169684928828,0,0.23578339897924,0,0,0,0.238674928905141,0,0,0,0.262861371040344,0,0.190520723660787,0,0.16116189956665,0,0,0,0.197905233474793,0,0,0,0,0,0,0,0,0,0,0,0,0,0,0,0,0,0,0,0,0.201886623500171,0,0.372849002378211,0,0.173364832046184,0,0.237317609364494,0,0
0.262111872434616,0,0.168370538949966,0,0.222867153584957,0,0.125837951898575,0,0,0,0.144974206811871,0,0,0,0,0,0.276427093148231,0.256387606263161,0.288468552132448,0,0.172238611136422,0,0,0,0,0,0,0,0,0,0,0,0,0,0,0,0.14879809672576,0.34882977604866,0.160274210659897,0,0.243398726346333,0.247207835316658,0.242850635639965,0,0.243227601051331,0,0.223099594272147,0,0.216327465349628,0.238150805234909,0.220213822379911,0,0,0,0,0,0.241697268780842,0,0.240270872910817,0,0,0,0,0,0,0,0,0,0,0,0,0,0,0.202253803610802,0,0,0,0,0.28320375084877,0.217698457669246,0,0.275643317051054,0.156852569361042,0.176014167070389,0.243397266643745,0,0.314445018768311
0,0,0,0,0,0,0,0,0,0,0,0,0,0,0,0,0,0.168716718442738,0,0,0,0.177507651548045,0.150744898080388,0.208072218774022,0,0.175889268678588,0,0.155597420568152,0,0,0,0,0,0,0,0,0,0.201813888873161,0.472907811403275,0,0,0,0,0,0,0,0,0.462781592327006,0,0.227676230555179,0,0,0,0,0,0,0,0,0,0,0,0,0,0,0,0,0.245651277906165,0,0.232043104462845,0,0.179383080712585,0,0,0,0,0,0,0,0,0,0.268138317380333,0,0.156362114916388,0.16000811117036,0.278886397395815,0,0
0,0,0,0,0,0,0,0,0,0,0,0,0,0,0,0,0,0,0,0,0,0.145318141621751,0.167075774445136,0,0.188770955911389,0,0.32816238866912,0,0.185659716686895,0,0,0,0,0,0,0,0,0,0.182794337791238,0,0,0,0,0,0,0,0,0,0.228138140269688,0,0,0,0,0,0,0,0,0,0,0,0,0,0,0,0,0,0,0.228750927504358,0,0.290853060139922,0,0.277079606279187,0,0,0,0,0,0,0,0,0,0.206882168758171,0.150549041611623,0.162363023204463,0,0,0
0.267880737781525,0.217858417776593,0,0,0,0,0,0,0.267412014305592,0.242488823831081,0,0,0,0,0,0,0,0.160304492712021,0.156413804739714,0,0,0.229747254176745,0,0.190940818881395,0.246796950697899,0.169628731297868,0,0,0,0,0,0,0,0,0,0,0,0.230565153260287,0.338205731766564,0,0,0.240103992819786,0.252053959502114,0,0,0,0,0.436217555874272,0.3626902004083,0.252263696031636,0,0.207557693123817,0,0,0.233546033501625,0.265692622650047,0,0,0,0,0.30170089006424,0.230095244296219,0,0,0.245651277906165,0,0,0,0.234179783259969,0,0.339672428188902,0,0,0,0,0,0,0,0,0,0.270851402883121,0.347575008869171,0.202433845409654,0.250905455577941,0.307683392091,0,0
0,0,0,0,0,0,0,0,0.170425431802869,0,0,0,0,0,0,0,0.153536210705837,0,0.141802355647087,0,0,0,0.167156424601467,0,0.185144059922335,0,0.151779985427856,0,0,0,0,0,0,0,0,0,0,0,0.20074621337033,0,0,0.275614753365517,0,0,0,0,0,0.408160656690598,0.22514483703272,0,0,0,0,0,0.27859003841877,0,0,0,0,0,0,0,0,0,0,0.228750927504358,0,0,0,0.269969701476213,0,0.306280261165691,0,0,0,0,0,0,0,0,0,0.235815712772656,0.16187005538379,0,0.258586709028067,0,0
0,0,0,0,0,0,0,0,0,0.188110972444216,0,0,0,0,0,0.164244040846825,0,0.150552191904613,0,0,0,0.174375396986671,0,0.188092447516237,0,0.16520615046223,0,0.194782532779854,0,0,0,0,0,0,0,0,0,0,0,0,0,0,0,0,0,0,0,0,0,0,0,0,0,0,0,0.169055793434381,0,0,0,0,0,0.136646382839364,0,0,0.232043104462845,0,0.234179783259969,0,0,0,0.151543406600302,0,0,0,0,0,0,0,0,0,0,0,0.161407276485743,0,0,0,0
0,0,0,0,0,0,0,0,0,0,0,0,0,0,0,0,0.146538332104683,0,0,0,0,0,0.169993789200802,0,0.179154124378152,0,0.16990978681431,0,0.159171120321844,0,0,0,0,0,0,0,0,0,0.215005993843079,0,0,0,0,0,0,0,0,0,0.261768805055783,0,0,0,0,0,0,0,0,0,0,0,0,0,0,0,0,0.290853060139922,0,0.269969701476213,0,0,0,0.349587834334072,0,0,0,0,0,0,0,0,0,0.244373287074268,0.14697844679443,0,0,0,0
0,0,0,0,0,0,0,0,0,0,0,0.184250184364857,0,0.20270738857133,0,0,0,0,0,0,0,0.264057193761287,0,0.342818031708399,0,0.14200334995985,0,0.182660354218286,0,0.179640718136388,0,0,0,0,0,0,0,0.184611835756472,0,0,0,0,0,0,0,0,0,0,0,0.260199010372162,0,0,0,0,0,0,0,0.184922885388956,0,0.189254015684128,0,0.163014206503119,0,0,0.179383080712585,0,0.339672428188902,0,0.151543406600302,0,0,0,0.238307078544452,0,0,0,0,0,0,0,0.259058872480546,0,0.192044928750476,0.171252630563343,0,0,0
0,0,0,0,0,0,0,0,0,0,0.196659625073274,0,0,0,0,0,0,0,0,0,0,0,0.225064226351602,0,0.299984412158237,0,0.319093312208469,0,0.167418734362937,0,0.167213110504924,0,0,0,0,0,0,0,0.168681842807012,0,0,0,0,0,0,0,0,0,0.251558907171513,0,0,0,0,0,0,0,0.258451642128088,0,0.232742260609354,0,0,0,0,0,0,0.277079606279187,0,0.306280261165691,0,0.349587834334072,0,0,0,0.19268828162477,0,0,0,0,0,0,0,0.220154958586377,0.165776941750117,0.160196424845387,0,0,0
0,0.317661553621292,0,0,0,0,0,0,0,0,0,0.171112750648943,0,0,0,0,0,0,0,0,0,0,0,0,0,0,0,0.171558709843281,0,0.182759925444115,0,0,0,0,0,0,0,0.17053108887617,0,0,0,0.270380780100822,0,0,0,0,0,0,0,0.373632684350014,0,0,0,0,0,0,0,0.257786238618712,0,0,0,0,0,0,0,0,0,0,0,0,0.238307078544452,0,0,0,0,0,0,0,0.227016784250736,0,0.211986294980934,0,0.189745146036148,0,0.328343087422454,0,0
0.310056418180466,0,0.247177046537399,0,0,0,0,0,0.252225977182388,0,0.208034565051397,0,0,0,0,0,0.281393337656151,0.239123652378718,0.293100312960391,0,0,0,0,0,0,0,0,0,0.176182702511162,0,0.159157631034502,0,0,0,0,0,0,0,0.18719561000665,0,0.225210745203293,0.237436359127363,0.249077456276541,0,0,0.277132898569107,0.207401442031066,0,0.253611702008309,0,0,0,0,0,0.272259915868441,0,0.263551480054855,0,0.240063334256411,0,0,0,0,0.202253803610802,0,0,0,0,0,0,0,0.19268828162477,0,0,0,0,0,0,0.35405221581459,0.230070396452337,0,0.211592070564821,0.215173852032958,0.143825812981679,0.266119828021751,0,0.277899145614356
0,0,0,0,0,0,0,0,0,0,0,0,0,0,0,0,0,0,0,0,0,0,0,0,0,0,0,0,0,0,0,0.244296928283884,0.21733337029721,0.181233193339973,0,0.210122359121681,0.186701299415694,0,0,0,0,0,0,0,0,0,0,0.451572042053895,0,0,0,0,0,0,0,0,0,0,0,0,0,0,0,0,0,0,0,0,0,0,0,0,0,0,0,0.311254987436847,0.240687524244879,0,0.228554471185173,0.424572902468016,0,0,0.241479952467153,0.248167850077152,0,0,0
0,0,0,0,0,0,0,0,0,0,0,0,0,0,0,0,0,0,0,0,0,0,0,0,0,0,0,0,0,0,0,0.25495403046034,0.289632912317958,0.258684284157223,0.149781181166569,0.158110004620718,0.210002530575192,0,0,0,0.297859311103821,0,0,0,0,0,0,0.414650763125983,0.330690686232769,0.407130668560664,0,0,0,0,0,0,0,0,0,0,0,0,0,0,0,0,0,0,0,0,0,0,0,0,0.311254987436847,0,0,0.244894492339205,0.174744704594979,0.229900388507043,0,0.214751994237304,0.179585769454129,0.262087106704712,0,0,0
0,0,0,0,0,0,0,0,0,0,0,0,0,0,0,0,0,0,0,0,0,0,0,0,0,0,0,0,0,0,0,0.170639326391013,0,0.187695878198835,0.189663907901489,0.190720669044473,0,0.156381943821907,0,0,0,0,0,0,0,0,0,0.210022304592461,0,0,0,0,0,0,0,0,0,0,0,0,0,0,0,0,0,0,0,0,0,0,0,0,0,0,0.240687524244879,0,0,0.185289432836133,0.201412889826041,0,0.205018274367802,0,0.184432434729568,0,0,0,0
