0,0,15.9796275375435,0,6.27260817242207,0,0,0,9.56038317808217,0,0,0,0,0,4.78629604975383,0,36.7558336257935,0,33.2054160322462,0,0,0,0,0,14.5609051386515,0,0,0,0,0,0,0,0,0,0,0,0,0,14.4988331301459,0,47.8278167685684,0,36.0446663699636,0,0,0,21.9546507114317,41.0236262990468,11.2255735276196,40.6532354354858,0,0,0,0,6.48072915049857,0,27.468572958656,0,14.6556092539141,0,3.99920723841741,0,0,0,0,47.7364574008518,0,12.0791724606564,0,34.821169535319,0,25.8711264928182,0,30.4492442267282,0,47.9930809020996,0,0,0,41.4942760334148,0,43.7176639556885,21.835080201731,6.75698820749919,18.0275551691,0,55.6151313781738
0,0,0,0,0,0,0,0,0,3.36219439506531,0,0,0,0,0,0,0,0,0,0,0,0,0,0,0,0,0,0,0,0,0,0,0,0,0,0,0,11.1836338043213,0,0,0,8.06657634251554,0,0,0,0,0,0,0,4.39437754764113,0,0,0,0,0,3.77984814435844,0,0,0,0,0,3.02625282605489,0,0,0,0,5.45403210578426,0,2.92200337137495,0,0,0,6.5223913192749,0,0,0,0,0,0,0,13.4524326324463,0,15.5108779271444,0,6.37478589464556,0,0
15.9796275375435,0,0,0,5.46273476636243,0,0,0,5.99845515012741,0,0,0,0,0,0,0,42.4163881937663,0,38.12702241857,0,9.17047414779663,0,0,0,0,0,38.7147776285807,0,0,0,0,0,0,0,0,0,9.98557739456495,0,24.7464408874512,0,59.4752224513463,0,41.116698035395,0,36.4469537734985,0,15.1149235878313,53.5631675720215,21.7802200296651,56.0213661193848,4.26763372341371,0,0,0,3.69176889147077,0,23.8694237923622,0,4.92988353116172,0,3.42567877891736,0,0,0,0,48.8686307709793,0,0,0,0,0,31.502590974172,0,28.8296569778534,0,0,0,0,0,48.0113169222462,0,45.0241283416748,12.542236374877,2.74432516098022,17.9214041391058,0,49.2935401916504
0,0,0,0,0,6.3322089119391,0,0,0,0,0,0,0,0,0,0,0,0,0,0,0,0,0,0,0,0,0,0,0,0,0,0,0,0,0,0,0,0,0,0,0,0,0,0,0,0,0,0,0,2.98027102152506,0,3.4506903782869,0,0,0,3.65010420481364,0,3.15171508183555,0,3.08930305072239,0,0,0,0,0,0,0,0,0,0,0,0,0,0,0,0,0,0,0,0,0,0,10.2869706404837,0,3.83590778708458,0,0
6.27260817242207,0,5.46273476636243,0,0,0,0,0,4.50952196035144,0,0,0,0,0,3.76768867174784,0,0,0,42.1321048736572,0,4.13671170949936,0,0,0,0,0,0,0,0,0,0,0,0,0,0,0,5.54704480701023,0,0,0,61.4275512695312,0,43.5351666132609,0,28.2198638916016,0,25.588287625994,0,24.5775169645037,0,3.87934239658482,0,0,0,3.92281543595989,0,21.6957717776299,0,10.9591064453125,0,5.99259542535852,0,0,6.49800165182625,0,47.9294281005859,0,0,0,0,0,30.2011909484863,0,29.5974750518799,0,0,0,0,0,48.4513003031413,0,47.6721925735474,4.21677116289431,0,13.1166745906784,0,0
0,0,0,6.3322089119391,0,0,0,3.24516901705,0,0,0,5.62480600490126,0,0,0,0,0,0,0,4.23131719803968,0,0,0,0,0,0,0,0,0,0,0,0,0,0,0,2.89898778143383,0,0,0,0,0,0,0,0,0,0,0,0,0,0,0,4.94976544984778,0,0,0,0,0,4.62006998062134,0,0,0,3.58183598518372,5.29045627175308,0,0,0,0,0,0,0,0,0,0,0,0,0,0,0,0,0,0,0,4.95779412825277,3.58417344093323,9.67013186421888,0,0
0,0,0,0,0,0,0,0,0,0,2.94554781913757,0,0,0,0,0,0,0,0,0,3.6718612909317,0,0,0,0,0,0,0,0,0,0,0,0,0,0,0,0,0,0,0,0,0,0,0,0,0,0,0,0,0,0,0,0,0,0,0,0,0,0,0,0,0,0,6.33863353729248,0,0,0,0,0,0,0,0,0,0,0,0,0,0,0,0,0,0,2.94685430960222,0,0,0,0
0,0,0,0,0,3.24516901705,0,0,0,0,0,5.69574450453122,0,0,0,0,0,0,0,4.87274442486844,0,0,0,0,0,0,0,0,0,0,0,0,0,0,0,0,0,0,0,0,0,0,0,0,0,0,0,0,0,0,0,3.13759668668111,0,2.97901946306229,0,0,0,5.00935709876502,0,0,0,0,5.94092308680216,0,0,0,0,0,0,0,0,0,0,0,0,0,0,0,0,0,0,0,3.07211626143683,0,0,0,0
9.56038317808217,0,5.99845515012741,0,4.50952196035144,0,0,0,0,0,0,0,9.66716289520264,0,5.27462195056049,0,12.6032293041547,0,32.6712443431218,0,0,0,0,0,6.78126217088392,0,3.94997048377991,0,0,0,0,0,0,0,0,0,7.6050877571106,0,8.78671171484875,0,59.9446792602539,0,33.6698698318557,0,26.5564918518066,0,28.2980321884155,54.5725040435791,7.88741771777471,0,4.1878487666448,0,0,0,5.8649476769654,0,34.2442779541016,0,12.567923694462,0,5.6777703075365,0,0,0,0,48.5299644470215,0,8.4296179528822,0,3.20479449960921,0,37.9148114522298,0,36.7527751922607,0,0,0,0,0,40.6621990203857,0,15.5810438527001,5.78689769534521,6.68516682531174,22.6288578287303,0,56.8773193359375
0,3.36219439506531,0,0,0,0,0,0,0,0,0,0,0,0,0,3.05241012573242,0,2.73232650756836,0,0,0,0,0,3.93566101496337,0,0,0,0,0,0,0,0,0,16.191825950847,0,0,0,10.1674939367269,0,0,0,5.51521304249763,0,0,0,0,0,16.47829246521,0,25.5659275054932,0,0,0,0,0,3.67757046327256,0,0,0,0,0,0,0,0,0,0,5.82443609116953,0,0,0,0,0,0,0,0,0,16.0263271331787,0,0,0,11.5893481165413,0,4.76224488819832,3.61028382337883,6.5773880427001,0,0
0,0,0,0,0,0,2.94554781913757,0,0,0,0,0,2.72804040908813,0,0,0,0,0,0,0,5.28362178538558,0,0,0,0,0,0,0,4.0028247833252,0,3.77550840377808,0,0,0,0,0,3.74608673155308,0,5.37982118707097,0,0,0,0,0,0,0,0,0,0,0,0,0,0,0,0,0,5.82083592277307,0,3.62305074930191,0,0,0,0,8.27556339299904,0,0,0,0,0,0,0,0,0,3.72485634258815,0,0,0,0,0,0,0,6.99884715490043,3.8264519887812,0,16.465643119812,0,0
0,0,0,0,0,5.62480600490126,0,5.69574450453122,0,0,0,0,0,3.10357149790602,0,0,0,0,0,3.76586073084575,0,0,0,0,0,0,0,2.85167548391554,0,0,0,0,0,0,0,3.77000669240952,0,3.33060585848197,0,0,0,0,0,0,0,0,0,0,0,0,0,5.71273140346303,0,5.18509062131246,0,0,0,4.17022337139003,0,3.35283552972894,0,0,4.73544679191506,0,0,0,0,0,0,0,2.88981785093035,0,5.16641521453857,0,0,0,0,0,3.90042841434479,0,0,0,3.42196918689207,0,4.13918606977205,0,0
0,0,0,0,0,0,0,0,9.66716289520264,0,2.72804040908813,0,0,0,3.54835060603765,0,0,0,0,0,0,0,0,0,0,0,0,0,0,0,0,0,0,0,0,0,0,0,0,0,0,0,0,0,0,0,0,0,0,0,0,0,0,0,12.1427221298218,0,2.92419936656952,0,3.39188827269259,0,4.07938105463982,0,0,0,0,0,0,0,0,0,0,0,0,0,0,0,0,0,0,0,0,0,3.12448025233854,3.41554142625292,0,0,0
0,0,0,0,0,0,0,0,0,0,0,3.10357149790602,0,0,0,4.33673721865604,0,3.86685954823213,0,0,0,0,0,0,0,0,0,4.07682885825634,0,0,0,0,0,0,0,0,0,0,0,0,0,0,0,0,0,0,0,0,0,0,0,0,0,0,0,0,0,3.4076870133205,0,4.01170038509102,0,5.92033290863037,0,0,0,0,0,0,0,0,4.84319686889648,0,0,0,0,0,0,0,0,0,0,0,3.26554646008257,3.79121331023454,0,0,0
4.78629604975383,0,0,0,3.76768867174784,0,0,0,5.27462195056049,0,0,0,3.54835060603765,0,0,0,4.1223863363266,0,0,0,0,0,0,0,7.48758602142334,0,0,0,0,0,0,0,0,0,0,0,0,0,0,0,0,0,0,0,0,0,0,0,4.00507783889771,0,5.00423447291056,0,0,0,7.34249967877613,0,0,0,4.28437021557166,0,4.02729452154936,0,0,0,0,0,0,10.7598808407784,0,0,0,0,0,0,0,0,0,0,0,0,0,14.2745003700256,5.39401073326645,4.06474013554367,0,0,0
0,0,0,0,0,0,0,0,0,3.05241012573242,0,0,0,4.33673721865604,0,0,0,6.32973957061768,0,0,0,0,0,0,0,0,0,0,0,0,0,0,0,0,0,0,0,0,0,0,0,0,0,0,0,0,0,0,0,3.24873266220093,0,0,0,0,0,0,0,0,0,6.14848766969831,0,3.11776553667509,0,0,0,0,0,0,0,0,0,0,0,0,0,0,0,0,0,0,0,0,2.97525337338448,2.94431531429291,0,0,0
36.7558336257935,0,42.4163881937663,0,0,0,0,0,12.6032293041547,0,0,0,0,0,4.1223863363266,0,0,5.62040158139707,7.15243427134731,0,0,0,3.92941450979195,0,6.96161033517571,0,4.91365034413186,0,0,0,0,0,0,0,0,0,0,0,15.5051714579264,0,56.9005756378174,0,30.3822712198893,0,25.7765630994524,0,39.9276237487793,0,0,0,0,0,0,0,6.39214057014102,0,37.1079016327858,0,0,0,7.00736325979233,0,0,0,0,13.9749020394825,0,6.5851926424793,0,6.36549538440919,0,37.3979237874349,0,36.3883996009827,0,0,0,0,0,53.2205292628362,0,51.745929454935,5.90755149490518,5.40363142586345,35.2841976710728,0,15.7762843767802
0,0,0,0,0,0,0,0,0,2.73232650756836,0,0,0,3.86685954823213,0,6.32973957061768,5.62040158139707,0,6.2340196388391,0,0,4.24911855253173,0,4.82361743336632,0,4.14702839823975,14.1181914011637,3.90770345384424,0,0,0,0,0,0,0,0,0,16.0428485870361,0,0,0,17.5768795013428,0,0,0,0,0,0,0,0,0,0,0,0,0,3.36008143424988,0,0,0,0,0,0,0,0,3.85763150705418,0,7.5176735378447,0,3.48774010841161,0,0,0,0,0,0,0,0,0,0,0,0,0,6.03209085716058,7.29549566769855,0,0,0
33.2054160322462,0,38.12702241857,0,42.1321048736572,0,0,0,32.6712443431218,0,0,0,0,0,0,0,7.15243427134731,6.2340196388391,0,0,39.0967636108398,0,0,7.14781975044924,9.89775247573852,0,60.3264503479004,0,0,0,0,0,0,0,0,0,0,0,11.3944845199585,30.6896572113037,45.4263988865746,8.31787890736996,18.2726168785186,7.07950887741981,14.5917858900228,16.6520314216614,23.1747578322232,63.0955829620361,57.1829448699951,0,0,0,0,0,0,0,36.7465188755709,0,0,0,0,0,0,0,0,52.5380969800447,0,0,0,44.9704189300537,0,43.7667138026311,0,34.4035208830193,0,0,0,0,0,43.5430581777577,0,47.4150581174684,7.11255081487055,7.46295178982249,19.2874822271394,5.9754827295631,17.7205855599765
0,0,0,0,0,4.23131719803968,0,4.87274442486844,0,0,0,3.76586073084575,0,0,0,0,0,0,0,0,0,0,0,0,0,0,0,0,0,0,0,0,0,0,0,4.40121834478646,0,0,0,0,0,0,0,0,0,8.01409721374512,0,0,0,0,0,8.44866308890098,0,6.63397860527039,0,0,0,4.39917357436946,0,0,0,0,4.40021948435535,0,0,0,0,0,0,0,0,0,0,0,0,0,0,0,5.35050846662508,0,0,0,5.21908570698329,20.9482819034207,6.77438115006063,0,0
0,0,9.17047414779663,0,4.13671170949936,0,3.6718612909317,0,0,0,5.28362178538558,0,0,0,0,0,0,0,39.0967636108398,0,0,0,0,0,0,0,0,0,0,0,0,0,0,0,0,0,4.32473868333889,0,8.16811545806773,0,96.5310592651367,0,0,0,0,0,10.6290521621704,0,0,0,0,0,0,0,0,0,11.0702445059191,0,0,0,0,0,0,5.00891115760803,0,50.7721118927002,0,0,0,31.2406538449801,0,27.9604800542196,0,28.5404348373413,0,0,0,0,0,7.36271932003272,0,14.2522722125053,4.02426670925527,0,5.0672188337164,0,0
0,0,0,0,0,0,0,0,0,0,0,0,0,0,0,0,0,4.24911855253173,0,0,0,0,3.8893417032201,4.48362306972126,0,3.96656723022461,0,3.70667821407318,0,0,0,0,0,0,0,0,0,3.74857574418226,2.74711990356445,0,0,0,0,0,0,0,0,0,0,9.84935744603475,0,0,0,0,0,0,0,0,0,0,0,0,0,0,3.95579505039447,3.992411421878,4.3186381496489,0,0,0,3.9856647228807,0,0,0,0,0,0,0,0,0,5.60065338434492,0,3.65475712430953,3.76550176863134,10.2872037887573,0,0
0,0,0,0,0,0,0,0,0,0,0,0,0,0,0,0,3.92941450979195,0,0,0,0,3.8893417032201,0,0,5.28857271278961,0,3.42542713135481,0,4.95127033193906,0,0,0,0,0,0,0,0,4.593410765041,5.59613462390028,0,0,0,0,0,0,0,0,20.5075514051649,5.64091752670907,0,0,0,0,0,0,0,0,0,0,0,0,0,0,0,4.29875189917428,3.91408233795962,0,4.32857309142463,0,4.76720804917185,0,6.33628380298615,0,0,0,0,0,22.7373561859131,0,0,0,8.14362739774504,4.47474022609101,5.55888129953752,17.4451179812031,0,0
0,0,0,0,0,0,0,0,0,3.93566101496337,0,0,0,0,0,0,0,4.82361743336632,7.14781975044924,0,0,4.48362306972126,0,0,0,3.31139892699734,0,0,0,0,0,0,0,0,0,0,0,5.59493894111819,0,0,0,0,0,0,0,0,0,0,0,11.7841901779175,0,0,0,0,0,11.6200705640244,0,0,0,0,0,0,0,0,10.5515317132598,0,5.64750271763293,0,3.26059784889221,0,0,0,0,0,0,0,0,0,0,0,6.27481634170497,0,5.44926088226855,0,10.5690345499251,0,0
14.5609051386515,0,0,0,0,0,0,0,6.78126217088392,0,0,0,0,0,7.48758602142334,0,6.96161033517571,0,9.89775247573852,0,0,0,5.28857271278961,0,0,0,4.28226028131635,0,0,0,0,0,0,0,0,0,0,0,3.90746844196116,0,0,0,25.9200592041016,0,0,0,0,19.9906578063965,0,0,0,0,0,0,3.7760884390937,0,0,0,0,0,5.89449053425943,0,0,0,0,3.2337027463046,0,3.8141542411743,0,3.73303522821516,0,0,0,0,0,0,0,0,0,60.5314559936523,0,3.85626037418842,6.02994278648443,0,3.78424310684204,0,0
0,0,0,0,0,0,0,0,0,0,0,0,0,0,0,0,0,4.14702839823975,0,0,0,3.96656723022461,0,3.31139892699734,0,0,0,3.66269576177001,0,0,0,0,0,0,0,0,0,17.7391052246094,0,0,0,0,0,0,0,0,0,0,0,0,0,0,0,0,0,13.1235868136088,0,0,0,2.82411832809448,0,2.94812846183777,0,0,0,0,4.10607303829368,0,6.75202322800954,0,4.92712980967302,0,0,0,0,0,0,0,0,0,0,0,5.0147362086508,0,13.9430723190308,0,0
0,0,38.7147776285807,0,0,0,0,0,3.94997048377991,0,0,0,0,0,0,0,4.91365034413186,14.1181914011637,60.3264503479004,0,0,0,3.42542713135481,0,4.28226028131635,0,0,0,3.43360714401518,0,0,0,0,0,0,0,0,0,0,0,0,0,33.1433820724487,0,0,0,0,0,0,0,0,0,0,0,8.64916467666626,0,36.3467292785645,0,0,0,0,0,0,0,0,3.48256549835205,0,4.44712616649328,0,3.38960385130298,0,2.72611403465271,0,43.4585056304932,0,0,0,0,0,56.6544094085693,0,15.5786514282227,4.33621000415749,0,44.5729853312174,0,0
0,0,0,0,0,0,0,0,0,0,0,2.85167548391554,0,4.07682885825634,0,0,0,3.90770345384424,0,0,0,3.70667821407318,0,0,0,3.66269576177001,0,0,0,3.50411707425522,0,0,0,0,0,0,0,3.3367654491162,0,0,0,0,0,0,0,0,0,0,0,0,0,0,0,0,0,0,0,0,0,3.38449646544269,0,0,0,0,0,0,0,0,2.78489995002747,0,3.93451381866042,0,3.79448140452722,0,0,0,0,0,0,0,3.3711256980896,0,3.45984046660143,3.11814826511475,0,0,0
0,0,0,0,0,0,0,0,0,0,4.0028247833252,0,0,0,0,0,0,0,0,0,0,0,4.95127033193906,0,0,0,3.43360714401518,0,0,0,3.61491626824319,0,0,0,0,0,0,0,3.24536070907325,0,0,0,0,0,0,0,0,0,0,0,0,0,0,0,0,0,4.26517442862193,0,0,0,0,0,0,0,0,0,0,0,0,2.9367071390152,0,3.71181798984895,0,4.61258879398045,0,0,0,0,0,0,0,4.06795290311178,3.41920335893709,2.83566772937775,0,0,0
0,0,0,0,0,0,0,0,0,0,0,0,0,0,0,0,0,0,0,0,0,0,0,0,0,0,0,3.50411707425522,0,0,0,0,0,0,0,0,0,3.61339007678785,0,0,0,0,0,0,0,0,0,0,0,0,0,0,0,0,0,0,0,3.4327597618103,0,0,0,0,0,0,0,0,0,0,0,0,3.61733362833659,0,3.20146220342248,0,0,0,0,0,0,0,3.76460625814355,0,0,0,0,0,0
0,0,0,0,0,0,0,0,0,0,3.77550840377808,0,0,0,0,0,0,0,0,0,0,0,0,0,0,0,0,0,3.61491626824319,0,0,0,0,0,0,0,0,0,3.54508413587298,0,0,0,0,0,0,0,0,0,0,0,0,0,0,0,0,0,5.00437029202779,0,6.94251012802124,0,0,0,0,0,0,0,0,0,0,0,0,4.27614772590724,0,7.49163827896118,0,0,0,0,0,0,0,4.97072561581929,3.16796553134918,0,0,0,0
0,0,0,0,0,0,0,0,0,0,0,0,0,0,0,0,0,0,0,0,0,0,0,0,0,0,0,0,0,0,0,0,3.91207304870226,8.63279662890868,6.83575619213165,3.88003223004394,4.27027452559698,0,0,0,0,0,0,0,0,0,0,7.64616215229034,0,0,0,0,0,0,0,0,0,0,0,0,0,0,0,0,0,0,0,0,0,0,0,47.0684280395508,0,0,4.49139643283117,4.79421444962402,5.26244616508484,0,7.28739878198375,13.7263201463102,0,0,4.2774371399599,0,0,0,0
0,0,0,0,0,0,0,0,0,0,0,0,0,0,0,0,0,0,0,0,0,0,0,0,0,0,0,0,0,0,0,3.91207304870226,0,5.60804002135992,18.8759252648605,0,3.70236538636564,0,0,0,0,0,0,0,0,0,0,6.90394357212803,0,0,0,0,0,0,0,0,0,0,0,0,0,0,0,0,0,0,0,0,0,0,0,0,0,0,4.84503120183945,4.21266402667487,5.30285168022945,21.5929786473104,0,6.62084462425925,0,0,4.88702375548227,0,38.8974723815918,0,0
0,0,0,0,0,0,0,0,0,16.191825950847,0,0,0,0,0,0,0,0,0,0,0,0,0,0,0,0,0,0,0,0,0,8.63279662890868,5.60804002135992,0,4.81018428846237,3.23985765786732,0,4.40436578217057,13.4536509513855,0,0,11.2954449653625,0,0,0,0,0,5.65719442295306,36.6280899047852,13.2860064506531,0,0,0,0,0,17.4328875223796,0,0,0,0,0,0,0,0,0,0,0,0,0,0,0,0,13.7738701502482,0,4.82438240880552,13.5445733768184,4.65779504694274,4.97654830887522,3.84883296805502,22.2663326441685,4.54718625715454,21.4726555445423,6.24169473269356,0,35.8768323262533,0,0
0,0,0,0,0,0,0,0,0,0,0,0,0,0,0,0,0,0,0,0,0,0,0,0,0,0,0,0,0,0,0,6.83575619213165,18.8759252648605,4.81018428846237,0,0,6.17572399250512,4.01302480508411,4.56608628722983,0,0,0,25.6945991516113,0,0,0,0,12.8837722260901,22.7538249492645,23.8040733337402,0,0,0,0,0,0,0,0,0,0,0,0,0,0,0,0,0,0,0,0,0,0,0,0,15.3662897348404,19.505246043337,4.67323841415298,5.20521053656554,0,10.2936710032021,4.45387738091605,15.4928239749139,5.03556354133629,5.05209445953369,23.2872568766276,0,0
0,0,0,0,0,2.89898778143383,0,0,0,0,0,3.77000669240952,0,0,0,0,0,0,0,4.40121834478646,0,0,0,0,0,0,0,0,0,0,0,3.88003223004394,0,3.23985765786732,0,0,3.81136598277856,4.08666108067619,3.9387200153791,0,0,0,0,0,0,2.94133293628693,0,6.07656908729537,9.49332571029663,4.42816209793091,0,0,0,0,0,0,0,0,0,0,0,0,4.12235671784404,0,0,0,0,0,0,0,0,0,0,0,4.35407611617336,11.0026462078094,3.85840698947077,0,3.90118347496421,9.54014495728986,5.29331969830298,0,4.69385732396366,8.41728572023531,0,0,0
0,0,9.98557739456495,0,5.54704480701023,0,0,0,7.6050877571106,0,3.74608673155308,0,0,0,0,0,0,0,0,0,4.32473868333889,0,0,0,0,0,0,0,0,0,0,4.27027452559698,3.70236538636564,0,6.17572399250512,3.81136598277856,0,3.94583163025615,4.4832758631025,0,0,0,34.1047973632812,0,0,0,9.58387410640717,4.92996556282043,25.2935409545898,0,0,0,0,0,0,0,14.6046432807881,0,0,0,0,0,0,4.47574682774935,0,0,0,0,0,31.8778320550919,0,28.8340497698103,0,28.8403763771057,5.62365050937818,4.96157704158263,6.34307193756104,5.89965656730864,5.30025056338409,4.53302574577576,0,8.13189803128037,4.06320813725681,3.49007753622336,9.12513761387931,0,0
0,11.1836338043213,0,0,0,0,0,0,0,10.1674939367269,0,3.33060585848197,0,0,0,0,0,16.0428485870361,0,0,0,3.74857574418226,4.593410765041,5.59493894111819,0,17.7391052246094,0,3.3367654491162,0,3.61339007678785,0,0,0,4.40436578217057,4.01302480508411,4.08666108067619,3.94583163025615,0,3.90829194725939,0,0,7.24399998395339,0,0,0,0,0,5.09502412522505,0,6.79411698035252,0,0,0,0,0,11.1652493156125,0,4.15722590998599,0,0,0,0,8.20317478179932,0,9.92400728511533,6.91827163696289,6.67589273842014,0,18.8830528259277,0,5.34768302247331,0,4.38616426094719,0,0,0,6.86880916158358,4.75471419341555,4.98454337790225,10.2913750648499,4.26766721737086,4.67740092428504,4.73881763324085,2.9511296749115,6.11808462555026,0,0
14.4988331301459,0,24.7464408874512,0,0,0,0,0,8.78671171484875,0,5.37982118707097,0,0,0,0,0,15.5051714579264,0,11.3944845199585,0,8.16811545806773,2.74711990356445,5.59613462390028,0,3.90746844196116,0,0,0,3.24536070907325,0,3.54508413587298,0,0,13.4536509513855,4.56608628722983,3.9387200153791,4.4832758631025,3.90829194725939,0,0,0,0,23.9179117679596,0,0,0,0,9.56778640700663,9.27124711413716,0,0,0,0,0,5.44838484485498,0,5.60877342657609,0,0,0,0,0,0,10.1852614508735,0,6.06097570474675,0,4.47092147410174,0,4.01026964187622,0,7.77776870360741,0,4.12426667030041,0,36.8199494679769,0,4.93869935274124,0,8.0560825256469,4.3902372284369,4.36039588333086,4.89068595421023,5.93011223276456,9.21839641440998,0,0
0,0,0,0,0,0,0,0,0,0,0,0,0,0,0,0,0,0,30.6896572113037,0,0,0,0,0,0,0,0,0,0,0,0,0,0,0,0,0,0,0,0,0,0,13.0492666004268,0,22.9019088745117,0,6.47048357950798,0,4.69180248963712,0,5.46185018149103,0,0,0,0,0,0,0,0,0,0,0,0,5.39480444905478,0,0,0,0,0,0,0,0,0,0,0,0,0,0,0,6.31341114120255,0,0,0,11.1207622630256,0,5.80975554707922,21.3324785232544,0
47.8278167685684,0,59.4752224513463,0,61.4275512695312,0,0,0,59.9446792602539,0,0,0,0,0,0,0,56.9005756378174,0,45.4263988865746,0,96.5310592651367,0,0,0,0,0,0,0,0,0,0,0,0,0,0,0,0,0,0,0,0,0,27.8170883872292,0,29.1855233844958,0,5.53183190268408,4.03566190004349,15.0645314980361,8.0341977013482,0,0,0,0,0,0,53.5912763932172,0,0,0,0,0,0,6.0114035171912,0,48.7821439107259,0,0,0,58.8530139923096,0,39.5215833881233,0,40.4377298110571,0,0,0,0,0,5.80312682181679,0,53.2179363795689,46.4011809485299,0,13.3373555426766,0,54.6858291625977
0,8.06657634251554,0,0,0,0,0,0,0,5.51521304249763,0,0,0,0,0,0,0,17.5768795013428,8.31787890736996,0,0,0,0,0,0,0,0,0,0,0,0,0,0,11.2954449653625,0,0,0,7.24399998395339,0,13.0492666004268,0,0,4.78870336214701,6.57697700043703,0,7.14696600777762,0,4.17226303540743,0,4.18316086159768,0,0,0,0,0,4.20644760131836,0,10.3551864517269,0,0,0,0,18.797168970108,0,0,0,0,0,0,0,16.4892355203629,0,9.46397749107817,0,0,0,0,0,21.5152920859201,0,8.41586545308431,0,5.84187259880148,0,6.04916725914077,5.00176242517116,0
36.0446663699636,0,41.116698035395,0,43.5351666132609,0,0,0,33.6698698318557,0,0,0,0,0,0,0,30.3822712198893,0,18.2726168785186,0,0,0,0,0,25.9200592041016,0,33.1433820724487,0,0,0,0,0,0,0,25.6945991516113,0,34.1047973632812,0,23.9179117679596,0,27.8170883872292,4.78870336214701,0,6.47457420825958,12.0654591830082,0,18.2280534744915,51.5580371856689,39.849078507119,20.2645875612895,0,0,0,0,15.4042236804962,0,36.9533648852963,0,0,0,0,0,0,0,0,48.5986076228875,0,0,0,47.963310786656,0,36.6260377472522,0,31.5042197192157,0,0,0,0,0,31.6529970476468,0,42.2700508358753,21.5845684300173,0,19.4190893185546,6.28028678894043,10.1754131607893
0,0,0,0,0,0,0,0,0,0,0,0,0,0,0,0,0,0,7.07950887741981,0,0,0,0,0,0,0,0,0,0,0,0,0,0,0,0,0,0,0,0,22.9019088745117,0,6.57697700043703,6.47457420825958,0,0,6.09589032624897,0,0,0,14.7377328872681,0,0,0,0,0,0,0,13.8619136810303,0,0,0,0,0,0,0,0,0,0,0,0,0,0,0,0,0,0,0,0,0,0,0,0,5.90155017375946,0,5.96750959671733,11.9556429386139,0
0,0,36.4469537734985,0,28.2198638916016,0,0,0,26.5564918518066,0,0,0,0,0,0,0,25.7765630994524,0,14.5917858900228,0,0,0,0,0,0,0,0,0,0,0,0,0,0,0,0,0,0,0,0,0,29.1855233844958,0,12.0654591830082,0,0,0,15.1114574442256,0,0,0,0,0,0,0,0,0,41.5162359538831,0,0,0,0,0,0,0,0,55.5580368041992,0,0,0,0,0,0,0,36.9516983032227,0,0,0,0,0,35.4563087719702,0,46.4247849782308,12.30872295285,0,8.28261368556982,0,0
0,0,0,0,0,0,0,0,0,0,0,0,0,0,0,0,0,0,16.6520314216614,8.01409721374512,0,0,0,0,0,0,0,0,0,0,0,0,0,0,0,2.94133293628693,0,0,0,6.47048357950798,0,7.14696600777762,0,6.09589032624897,0,0,0,0,0,0,0,0,0,0,0,0,0,14.6809753206041,0,0,0,0,5.07881437827801,0,0,0,0,0,0,0,0,0,14.9426977817829,0,0,0,0,0,6.46972216664256,0,0,0,12.6280345916748,0,5.80907336325978,7.38087248802185,0
21.9546507114317,0,15.1149235878313,0,25.588287625994,0,0,0,28.2980321884155,0,0,0,0,0,0,0,39.9276237487793,0,23.1747578322232,0,10.6290521621704,0,0,0,0,0,0,0,0,0,0,0,0,0,0,0,9.58387410640717,0,0,0,5.53183190268408,0,18.2280534744915,0,15.1114574442256,0,0,62.045166015625,51.4821700519986,0,0,0,0,0,0,0,29.7311994681924,0,0,0,0,0,0,6.24094739125048,0,50.4146209716797,0,0,0,29.8669166564941,0,38.2946689605713,0,31.7152113949295,0,0,0,0,0,22.8889556814545,0,38.9741242917857,19.1279100505037,0,12.5213556318235,0,0
41.0236262990468,0,53.5631675720215,0,0,0,0,0,54.5725040435791,16.47829246521,0,0,0,0,0,0,0,0,63.0955829620361,0,0,0,20.5075514051649,0,19.9906578063965,0,0,0,0,0,0,7.64616215229034,6.90394357212803,5.65719442295306,12.8837722260901,6.07656908729537,4.92996556282043,5.09502412522505,9.56778640700663,4.69180248963712,4.03566190004349,4.17226303540743,51.5580371856689,0,0,0,62.045166015625,0,11.9150235537244,5.83046037619355,0,0,0,0,43.3657035827637,17.5031661987305,48.1275717417399,0,0,0,0,0,0,0,23.8487955240103,26.8127945464792,0,21.3979161580404,0,0,17.8715995550156,26.1069902750651,12.0909388405936,24.7985516275678,5.2286584185634,8.26060725836886,7.49200205167135,11.5646871225587,7.36479531720311,9.86624868514102,4.27742764547685,12.8995808301932,5.66040151907628,0,17.6041931490852,0,0
11.2255735276196,0,21.7802200296651,0,24.5775169645037,0,0,0,7.88741771777471,0,0,0,0,0,4.00507783889771,0,0,0,57.1829448699951,0,0,0,5.64091752670907,0,0,0,0,0,0,0,0,0,0,36.6280899047852,22.7538249492645,9.49332571029663,25.2935409545898,0,9.27124711413716,0,15.0645314980361,0,39.849078507119,0,0,0,51.4821700519986,11.9150235537244,0,6.08200316228012,0,0,0,0,9.73511821319317,0,13.2671547281742,0,3.88611637714297,0,8.86517839690999,0,0,26.5922130584717,0,12.4399883361424,0,4.65307196916318,0,4.84094951577383,0,25.7124751749493,0,23.5598378347314,0,9.56415745615959,0,28.913010597229,13.4981897142198,8.33796969233456,0,11.8912932916253,25.4421581295184,13.5256624221802,15.2883885732987,0,51.5861485799154
40.6532354354858,4.39437754764113,56.0213661193848,2.98027102152506,0,0,0,0,0,25.5659275054932,0,0,0,0,0,3.24873266220093,0,0,0,0,0,9.84935744603475,0,11.7841901779175,0,0,0,0,0,0,0,0,0,13.2860064506531,23.8040733337402,4.42816209793091,0,6.79411698035252,0,5.46185018149103,8.0341977013482,4.18316086159768,20.2645875612895,14.7377328872681,0,0,0,5.83046037619355,6.08200316228012,0,0,0,0,0,0,5.36481234474459,0,4.38865768909454,0,3.49333633076061,0,5.43735604475762,14.7015482584635,0,10.0849391116166,44.6309013366699,7.2158102622399,0,7.09318912767044,0,7.91279809424397,42.3719444274902,7.39195007919648,38.9869003295898,6.46366500854492,15.356029510498,10.1542909940084,20.6762218475342,6.69901753233158,15.7587616938465,6.09623942447526,23.5985162154488,6.11015240500955,0,5.77199775873247,0,0
0,0,4.26763372341371,0,3.87934239658482,0,0,0,4.1878487666448,0,0,0,0,0,5.00423447291056,0,0,0,0,0,0,0,0,0,0,0,0,0,0,0,0,0,0,0,0,0,0,0,0,0,0,0,0,0,0,0,0,0,0,0,0,0,0,0,4.67640104293823,0,4.2593238370206,0,3.37272459203547,0,4.44125040372213,0,0,0,0,0,0,0,0,0,0,0,0,0,0,0,0,0,0,0,0,0,3.19954270383586,0,4.78304754029836,0,0
0,0,0,3.4506903782869,0,4.94976544984778,0,3.13759668668111,0,0,0,5.71273140346303,0,0,0,0,0,0,0,8.44866308890098,0,0,0,0,0,0,0,0,0,0,0,0,0,0,0,0,0,0,0,0,0,0,0,0,0,0,0,0,0,0,0,0,0,0,0,0,0,4.35779832839966,0,0,0,0,9.48697016156953,0,0,0,0,0,0,0,0,0,0,0,0,0,0,0,0,0,0,0,5.32332393913071,0,6.07265158623388,0,0
0,0,0,0,0,0,0,0,0,0,0,0,0,0,0,0,0,0,0,0,0,0,0,0,0,0,0,0,0,0,0,0,0,0,0,0,0,0,0,0,0,0,0,0,0,0,0,0,0,0,0,0,0,0,0,0,5.0161657333374,0,0,0,0,0,0,0,0,0,0,0,0,0,0,0,0,0,0,0,0,0,0,0,0,0,0,0,0,0,0
0,0,0,0,0,0,0,2.97901946306229,0,0,0,5.18509062131246,0,0,0,0,0,0,0,6.63397860527039,0,0,0,0,0,0,0,0,0,0,0,0,0,0,0,0,0,0,0,0,0,0,0,0,0,0,0,0,0,0,0,0,0,0,0,0,0,3.80633805112568,0,0,0,0,6.47444677352905,0,0,0,0,0,0,0,0,0,0,0,0,0,0,0,0,0,0,0,2.9751809835434,0,6.75708723068237,0,0
6.48072915049857,0,3.69176889147077,0,3.92281543595989,0,0,0,5.8649476769654,0,0,0,12.1427221298218,0,7.34249967877613,0,6.39214057014102,0,0,0,0,0,0,0,3.7760884390937,0,8.64916467666626,0,0,0,0,0,0,0,0,0,0,0,5.44838484485498,0,0,0,15.4042236804962,0,0,0,0,43.3657035827637,9.73511821319317,0,4.67640104293823,0,0,0,0,0,0,0,6.97278473112318,0,6.23549435533158,0,0,0,0,0,0,6.77882572893381,0,8.75039902600375,0,0,0,0,0,0,0,0,0,0,0,7.44895162734579,5.86751462945601,10.3499093055725,10.6805169482191,0,0
0,3.77984814435844,0,3.65010420481364,0,0,0,0,0,3.67757046327256,0,0,0,0,0,0,0,3.36008143424988,0,0,0,0,0,11.6200705640244,0,13.1235868136088,0,0,0,0,0,0,0,17.4328875223796,0,0,0,11.1652493156125,0,0,0,4.20644760131836,0,0,0,0,0,17.5031661987305,0,5.36481234474459,0,0,0,0,0,0,0,0,0,0,0,0,0,0,24.5064578056335,0,6.77240846101461,0,14.780196160078,0,0,0,0,0,0,0,0,0,0,0,11.583066851948,0,5.132601402424,5.56094247416446,6.36724686575031,0,0
27.468572958656,0,23.8694237923622,0,21.6957717776299,0,0,0,34.2442779541016,0,5.82083592277307,0,2.92419936656952,0,0,0,37.1079016327858,0,36.7465188755709,0,11.0702445059191,0,0,0,0,0,36.3467292785645,0,4.26517442862193,0,5.00437029202779,0,0,0,0,0,14.6046432807881,0,5.60877342657609,0,53.5912763932172,0,36.9533648852963,0,41.5162359538831,0,29.7311994681924,48.1275717417399,13.2671547281742,0,4.2593238370206,0,5.0161657333374,0,0,0,0,0,4.99408779395118,0,7.24595424294472,0,0,17.8979788357159,0,37.9884552374119,0,40.8901138305664,0,12.9881768878202,0,7.52614643297669,0,8.77001213822879,0,0,0,0,0,58.4385168892997,0,35.7363193336574,21.3302089520335,0,19.9223132291163,0,38.7277251652309
0,0,0,3.15171508183555,0,4.62006998062134,0,5.00935709876502,0,0,0,4.17022337139003,0,3.4076870133205,0,0,0,0,0,4.39917357436946,0,0,0,0,0,0,0,0,0,3.4327597618103,0,0,0,0,0,0,0,4.15722590998599,0,0,0,10.3551864517269,0,13.8619136810303,0,14.6809753206041,0,0,0,4.38865768909454,0,4.35779832839966,0,3.80633805112568,0,0,0,0,0,3.28223086752982,0,0,4.70727364070108,0,22.9604890884892,0,0,0,19.7225403785706,0,8.87869039171594,0,6.37629412029175,0,0,0,0,0,0,0,11.4384900199042,0,3.46579728955808,0,4.81638793330963,11.4485827445984,0
14.6556092539141,0,4.92988353116172,0,10.9591064453125,0,0,0,12.567923694462,0,3.62305074930191,0,3.39188827269259,0,4.28437021557166,0,0,0,0,0,0,0,0,0,0,0,0,0,0,0,6.94251012802124,0,0,0,0,0,0,0,0,0,0,0,0,0,0,0,0,0,3.88611637714297,0,3.37272459203547,0,0,0,6.97278473112318,0,4.99408779395118,0,0,0,4.0435644355821,0,0,0,0,0,0,0,0,14.4713961567198,0,9.9670450888323,0,5.87733353887285,0,0,0,0,0,0,0,0,3.55154817016961,3.0741409097399,5.98338955640793,0,0
0,0,0,3.08930305072239,0,0,0,0,0,0,0,3.35283552972894,0,4.01170038509102,0,6.14848766969831,0,0,0,0,0,0,0,0,0,2.82411832809448,0,3.38449646544269,0,0,0,0,0,0,0,0,0,0,0,0,0,0,0,0,0,0,0,0,0,3.49333633076061,0,0,0,0,0,0,0,3.28223086752982,0,0,0,5.37778458536041,0,0,0,0,0,0,4.12211020233095,0,2.93167476828505,0,6.22110795974731,0,0,0,0,0,0,0,0,0,4.88239827561886,4.44451654020441,3.96270194649696,0,0
3.99920723841741,0,3.42567877891736,0,5.99259542535852,0,0,0,5.6777703075365,0,0,0,4.07938105463982,0,4.02729452154936,0,7.00736325979233,0,0,0,0,0,0,0,5.89449053425943,0,0,0,0,0,0,0,0,0,0,0,0,0,0,0,0,0,0,0,0,0,0,0,8.86517839690999,0,4.44125040372213,0,0,0,6.23549435533158,0,7.24595424294472,0,4.0435644355821,0,0,0,0,0,0,0,0,7.59623050952417,0,9.26388987114555,0,10.7130002975464,0,5.48462343215942,0,0,0,0,0,0,0,14.338348865509,4.7183106486679,3.87732548418298,10.9614283144474,0,0
0,3.02625282605489,0,0,0,3.58183598518372,0,0,0,0,0,0,0,5.92033290863037,0,3.11776553667509,0,0,0,0,0,0,0,0,0,2.94812846183777,0,0,0,0,0,0,0,0,0,0,0,0,0,0,0,0,0,0,0,0,0,0,0,5.43735604475762,0,0,0,0,0,0,0,0,0,5.37778458536041,0,0,0,0,0,0,6.51475520133972,0,6.40645423025455,0,0,0,0,0,0,0,0,0,0,0,0,0,4.21379709243774,0,4.37841629981995,0,0
0,0,0,0,0,5.29045627175308,0,5.94092308680216,0,0,0,4.73544679191506,0,0,0,0,0,0,0,4.40021948435535,0,0,0,0,0,0,0,0,0,0,0,0,0,0,0,4.12235671784404,0,8.20317478179932,0,5.39480444905478,0,18.797168970108,0,0,0,5.07881437827801,0,0,0,14.7015482584635,0,9.48697016156953,0,6.47444677352905,0,0,0,4.70727364070108,0,0,0,0,0,0,0,0,0,0,0,0,0,0,8.49055441325863,0,0,0,0,0,5.11309584849482,0,0,0,5.96757490515709,19.8380727386475,5.77381332467,0,0
0,0,0,0,6.49800165182625,0,6.33863353729248,0,0,0,8.27556339299904,0,0,0,0,0,0,0,0,0,5.00891115760803,0,0,0,0,0,0,0,0,0,0,0,0,0,0,0,4.47574682774935,0,10.1852614508735,0,6.0114035171912,0,0,0,0,0,6.24094739125048,0,26.5922130584717,0,0,0,0,0,0,0,17.8979788357159,0,0,0,0,0,0,0,0,48.8359664281209,0,0,0,31.4800855652625,0,28.6397321891171,0,29.179893858365,0,0,0,0,0,4.52346544182699,0,29.15200560278,4.68644058413622,0,10.0144651012389,0,0
0,0,0,0,0,0,0,0,0,0,0,0,0,0,0,0,0,3.85763150705418,0,0,0,3.95579505039447,4.29875189917428,10.5515317132598,0,0,0,0,0,0,0,0,0,0,0,0,0,9.92400728511533,0,0,0,0,0,0,0,0,0,23.8487955240103,0,10.0849391116166,0,0,0,0,0,24.5064578056335,0,22.9604890884892,0,0,0,0,0,0,0,4.83868638674418,6.18299767688701,0,8.99611381248192,0,9.20253248774786,0,16.93024902086,0,0,0,0,0,0,0,8.11015300691984,0,5.74807053133082,3.17862784862518,17.5493593215942,0,0
47.7364574008518,0,48.8686307709793,0,47.9294281005859,0,0,0,48.5299644470215,0,0,0,0,0,0,0,13.9749020394825,0,52.5380969800447,0,50.7721118927002,3.992411421878,3.91408233795962,0,3.2337027463046,0,3.48256549835205,0,0,0,0,0,0,0,0,0,0,6.91827163696289,6.06097570474675,0,48.7821439107259,0,48.5986076228875,0,55.5580368041992,0,50.4146209716797,26.8127945464792,12.4399883361424,44.6309013366699,0,0,0,0,0,0,37.9884552374119,0,0,0,0,0,0,48.8359664281209,4.83868638674418,0,0,4.56684495938026,0,3.21471072409464,0,8.91265239854077,0,18.3147125947402,0,53.5913257598877,0,0,0,71.5754857063293,0,6.48898128423364,11.0041086823685,0,28.7695394848522,0,0
0,5.45403210578426,0,0,0,0,0,0,0,5.82443609116953,0,0,0,0,0,0,0,7.5176735378447,0,0,0,4.3186381496489,0,5.64750271763293,0,4.10607303829368,0,0,0,0,0,0,0,0,0,0,0,6.67589273842014,0,0,0,0,0,0,0,0,0,0,0,7.2158102622399,0,0,0,0,0,6.77240846101461,0,0,0,0,0,6.51475520133972,0,0,6.18299767688701,0,0,0,4.30461166642214,0,0,0,0,0,0,0,0,0,0,0,6.46148710691746,0,6.26783703400837,0,7.3702423260882,0,0
12.0791724606564,0,0,0,0,0,0,0,8.4296179528822,0,0,0,0,0,10.7598808407784,0,6.5851926424793,0,0,0,0,0,4.32857309142463,0,3.8141542411743,0,4.44712616649328,0,0,0,0,0,0,0,0,0,0,0,4.47092147410174,0,0,0,0,0,0,0,0,21.3979161580404,4.65307196916318,0,0,0,0,0,6.77882572893381,0,40.8901138305664,0,0,0,7.59623050952417,0,0,0,0,4.56684495938026,0,0,0,6.39578699935755,0,0,0,0,0,0,0,0,0,0,0,5.99525875640365,6.4920232338871,0,5.90609003149945,0,0
0,2.92200337137495,0,0,0,0,0,0,0,0,0,0,0,0,0,0,0,3.48774010841161,0,0,0,0,0,3.26059784889221,0,6.75202322800954,0,2.78489995002747,0,0,0,0,0,0,0,0,0,18.8830528259277,0,0,0,0,0,0,0,0,0,0,0,7.09318912767044,0,0,0,0,0,14.780196160078,0,19.7225403785706,0,4.12211020233095,0,6.40645423025455,0,0,8.99611381248192,0,4.30461166642214,0,0,0,8.11079543321454,0,14.5607234636943,0,0,0,0,0,0,0,12.177544593811,0,3.16010451316833,0,12.0475075340271,0,0
34.821169535319,0,0,0,0,0,0,0,3.20479449960921,0,0,0,0,0,0,0,6.36549538440919,0,44.9704189300537,0,31.2406538449801,0,4.76720804917185,0,3.73303522821516,0,3.38960385130298,0,2.9367071390152,0,0,0,0,0,0,0,31.8778320550919,0,4.01026964187622,0,58.8530139923096,0,47.963310786656,0,0,0,29.8669166564941,0,4.84094951577383,0,0,0,0,0,8.75039902600375,0,12.9881768878202,0,14.4713961567198,0,9.26388987114555,0,0,31.4800855652625,0,3.21471072409464,0,6.39578699935755,0,0,0,4.65743126666532,0,32.6017618179321,0,0,0,0,0,63.1125450134277,0,53.970085144043,7.18147850036621,0,24.4455140338225,0,0
0,0,0,0,0,0,0,0,0,0,0,2.88981785093035,0,4.84319686889648,0,0,0,0,0,0,0,3.9856647228807,0,0,0,4.92712980967302,0,3.93451381866042,0,3.61733362833659,0,0,0,0,0,0,0,5.34768302247331,0,0,0,16.4892355203629,0,0,0,0,0,17.8715995550156,0,7.91279809424397,0,0,0,0,0,0,0,8.87869039171594,0,2.93167476828505,0,0,0,0,9.20253248774786,0,0,0,8.11079543321454,0,0,0,5.75916506370314,0,0,0,0,0,0,0,7.79713947078193,0,4.10683724601862,3.014695085012,5.80126552347757,19.9289951324463,0
25.8711264928182,0,31.502590974172,0,30.2011909484863,0,0,0,37.9148114522298,0,0,0,0,0,0,0,37.3979237874349,0,43.7667138026311,0,27.9604800542196,0,6.33628380298615,0,0,0,2.72611403465271,0,3.71181798984895,0,4.27614772590724,47.0684280395508,0,0,0,0,28.8340497698103,0,7.77776870360741,0,39.5215833881233,0,36.6260377472522,0,0,0,38.2946689605713,26.1069902750651,25.7124751749493,42.3719444274902,0,0,0,0,0,0,7.52614643297669,0,9.9670450888323,0,10.7130002975464,0,0,28.6397321891171,0,8.91265239854077,0,0,0,4.65743126666532,0,0,0,4.58859396161683,0,0,0,0,0,51.6101294297438,0,7.34469291252819,20.9172960347854,0,26.6083275769171,0,0
0,6.5223913192749,0,0,0,0,0,0,0,0,0,5.16641521453857,0,0,0,0,0,0,0,0,0,0,0,0,0,0,0,3.79448140452722,0,3.20146220342248,0,0,0,13.7738701502482,0,0,0,4.38616426094719,0,0,0,9.46397749107817,0,0,0,14.9426977817829,0,12.0909388405936,0,7.39195007919648,0,0,0,0,0,0,0,6.37629412029175,0,6.22110795974731,0,0,8.49055441325863,0,16.93024902086,0,0,0,14.5607234636943,0,5.75916506370314,0,0,0,0,0,12.3835890097696,0,0,0,5.38321288989403,0,0,0,5.03080156619543,12.9696990251541,0
30.4492442267282,0,28.8296569778534,0,29.5974750518799,0,0,0,36.7527751922607,0,3.72485634258815,0,0,0,0,0,36.3883996009827,0,34.4035208830193,0,28.5404348373413,0,0,0,0,0,43.4585056304932,0,4.61258879398045,0,7.49163827896118,0,0,0,0,0,28.8403763771057,0,4.12426667030041,0,40.4377298110571,0,31.5042197192157,0,36.9516983032227,0,31.7152113949295,24.7985516275678,23.5598378347314,38.9869003295898,0,0,0,0,0,0,8.77001213822879,0,5.87733353887285,0,5.48462343215942,0,0,29.179893858365,0,18.3147125947402,0,0,0,32.6017618179321,0,4.58859396161683,0,0,0,0,0,0,0,55.0448122819265,0,7.15322782961177,30.3155722039788,0,20.3519525179463,0,31.7978677749634
0,0,0,0,0,0,0,0,0,0,0,0,0,0,0,0,0,0,0,0,0,0,0,0,0,0,0,0,0,0,0,4.49139643283117,4.84503120183945,4.82438240880552,15.3662897348404,4.35407611617336,5.62365050937818,0,0,0,0,0,0,0,0,0,0,5.2286584185634,0,6.46366500854492,0,0,0,0,0,0,0,0,0,0,0,0,0,0,0,0,0,0,0,0,0,0,0,0,0,8.50399461928238,4.21356784206326,0,5.14531359262024,17.0156431729012,0,0,3.34632953885314,0,0,0,0
47.9930809020996,0,0,0,0,0,0,0,0,0,0,0,0,0,0,0,0,0,0,0,0,0,0,0,0,0,0,0,0,0,0,4.79421444962402,4.21266402667487,13.5445733768184,19.505246043337,11.0026462078094,4.96157704158263,0,36.8199494679769,0,0,0,0,0,0,0,0,8.26060725836886,9.56415745615959,15.356029510498,0,0,0,0,0,0,0,0,0,0,0,0,0,0,0,53.5913257598877,0,0,0,0,0,0,0,0,8.50399461928238,0,13.332296040323,22.0019441894568,18.7699262637358,5.31734892348907,0,23.2493341069826,5.94910763378801,0,41.9094047546387,0,0
0,0,0,0,0,0,0,0,0,16.0263271331787,0,0,0,0,0,0,0,0,0,0,0,0,0,0,0,0,0,0,0,0,0,5.26244616508484,5.30285168022945,4.65779504694274,4.67323841415298,3.85840698947077,6.34307193756104,6.86880916158358,0,0,0,0,0,0,0,0,0,7.49200205167135,0,10.1542909940084,0,0,0,0,0,0,0,0,0,0,0,0,0,0,0,0,0,0,0,0,0,0,12.3835890097696,0,4.21356784206326,13.332296040323,0,6.66540657721485,3.61967233882463,24.5865917205811,6.7264158066352,19.2864481608073,3.99238355765267,3.26630091667175,33.4572563171387,0,0
0,0,0,0,0,0,0,0,0,0,0,0,0,0,0,0,0,0,0,0,0,0,22.7373561859131,0,0,0,0,0,0,0,0,0,21.5929786473104,4.97654830887522,5.20521053656554,0,5.89965656730864,4.75471419341555,4.93869935274124,0,0,0,0,0,0,0,0,11.5646871225587,28.913010597229,20.6762218475342,0,0,0,0,0,0,0,0,0,0,0,0,0,0,0,0,0,0,0,0,0,0,0,0,0,22.0019441894568,6.66540657721485,0,0,15.8520608180907,7.15171259641647,8.10638138832468,5.31474575273918,4.62705445289612,23.601655960083,0,0
0,0,0,0,0,0,0,0,0,0,0,3.90042841434479,0,0,0,0,0,0,0,5.35050846662508,0,0,0,0,0,0,0,0,0,0,0,7.28739878198375,0,3.84883296805502,0,3.90118347496421,5.30025056338409,4.98454337790225,0,6.31341114120255,0,21.5152920859201,0,0,0,6.46972216664256,0,7.36479531720311,13.4981897142198,6.69901753233158,0,0,0,0,0,0,0,0,0,0,0,0,5.11309584849482,0,0,0,0,0,0,0,0,0,0,0,5.14531359262024,18.7699262637358,3.61967233882463,0,0,14.8674376470725,4.88295870957597,0,4.75908860175325,8.05274274851146,7.42343576565476,0,0
41.4942760334148,0,48.0113169222462,0,48.4513003031413,0,0,0,40.6621990203857,0,0,0,0,0,0,0,53.2205292628362,0,43.5430581777577,0,7.36271932003272,0,0,0,60.5314559936523,0,56.6544094085693,0,0,0,0,13.7263201463102,6.62084462425925,22.2663326441685,10.2936710032021,9.54014495728986,4.53302574577576,10.2913750648499,8.0560825256469,0,5.80312682181679,0,31.6529970476468,0,35.4563087719702,0,22.8889556814545,9.86624868514102,8.33796969233456,15.7587616938465,0,0,0,0,0,0,58.4385168892997,0,0,0,0,0,0,4.52346544182699,0,71.5754857063293,0,0,0,63.1125450134277,0,51.6101294297438,0,55.0448122819265,17.0156431729012,5.31734892348907,24.5865917205811,15.8520608180907,14.8674376470725,0,0,12.5030138075754,16.8974208268069,4.63737893591122,32.773065111866,0,31.9074058532715
0,13.4524326324463,0,0,0,0,0,0,0,11.5893481165413,0,0,0,0,0,0,0,0,0,0,0,5.60065338434492,0,6.27481634170497,0,0,0,3.3711256980896,0,3.76460625814355,0,0,0,4.54718625715454,4.45387738091605,5.29331969830298,0,4.26766721737086,4.3902372284369,0,0,8.41586545308431,0,0,0,0,0,4.27742764547685,0,6.09623942447526,0,0,0,0,0,11.583066851948,0,11.4384900199042,0,0,0,0,0,0,8.11015300691984,0,6.46148710691746,0,12.177544593811,0,7.79713947078193,0,5.38321288989403,0,0,0,6.7264158066352,7.15171259641647,4.88295870957597,0,0,5.89289005341068,5.45028889104019,0,6.74850242514359,0,0
43.7176639556885,0,45.0241283416748,0,47.6721925735474,0,0,0,15.5810438527001,0,6.99884715490043,0,0,0,14.2745003700256,0,51.745929454935,0,47.4150581174684,0,14.2522722125053,0,8.14362739774504,0,3.85626037418842,0,15.5786514282227,0,4.06795290311178,0,4.97072561581929,0,0,21.4726555445423,15.4928239749139,0,8.13189803128037,4.67740092428504,4.36039588333086,0,53.2179363795689,0,42.2700508358753,0,46.4247849782308,0,38.9741242917857,12.8995808301932,11.8912932916253,23.5985162154488,0,0,0,0,7.44895162734579,0,35.7363193336574,0,0,0,14.338348865509,0,0,29.15200560278,0,6.48898128423364,0,5.99525875640365,0,53.970085144043,0,7.34469291252819,0,7.15322782961177,0,23.2493341069826,19.2864481608073,8.10638138832468,0,12.5030138075754,5.89289005341068,0,14.5949249474899,6.90095854914466,22.753190973555,0,0
21.835080201731,15.5108779271444,12.542236374877,10.2869706404837,4.21677116289431,4.95779412825277,2.94685430960222,3.07211626143683,5.78689769534521,4.76224488819832,3.8264519887812,3.42196918689207,3.12448025233854,3.26554646008257,5.39401073326645,2.97525337338448,5.90755149490518,6.03209085716058,7.11255081487055,5.21908570698329,4.02426670925527,3.65475712430953,4.47474022609101,5.44926088226855,6.02994278648443,5.0147362086508,4.33621000415749,3.45984046660143,3.41920335893709,0,3.16796553134918,4.2774371399599,4.88702375548227,6.24169473269356,5.03556354133629,4.69385732396366,4.06320813725681,4.73881763324085,4.89068595421023,11.1207622630256,46.4011809485299,5.84187259880148,21.5845684300173,5.90155017375946,12.30872295285,12.6280345916748,19.1279100505037,5.66040151907628,25.4421581295184,6.11015240500955,3.19954270383586,5.32332393913071,0,2.9751809835434,5.86751462945601,5.132601402424,21.3302089520335,3.46579728955808,3.55154817016961,4.88239827561886,4.7183106486679,4.21379709243774,5.96757490515709,4.68644058413622,5.74807053133082,11.0041086823685,6.26783703400837,6.4920232338871,3.16010451316833,7.18147850036621,4.10683724601862,20.9172960347854,0,30.3155722039788,3.34632953885314,5.94910763378801,3.99238355765267,5.31474575273918,4.75908860175325,16.8974208268069,5.45028889104019,14.5949249474899,0,5.06546690658787,15.3010732840156,9.10393659273783,30.0994670126173
