0,0,71.0626101195812,0,0,0,0,0,195.54481831193,0,0,0,0,0,0,0,3.87296856939793,0,14.2247976213694,0,0,0,0,0,0,0,0,0,0,0,0,0,0,0,0,0,0.174928307533264,0,18.0990302562714,0,2.42450885474682,0,64.0364625155926,0,0,0,0.154224321246147,0,102.773992344737,0,0,0,0,0,78.8981312513351,0,16.2681849449873,0,9.8771198540926,0,1.89209070801735,0,0,0,0,0,0,19.1007587015629,0,0,0,0.631521448493004,0,2.10091112554073,0,0,0,0,0,3.83738408982754,0,1.28553685545921,27.6515139490366,0,821.883332967758,0,0
0,0,0,47.4020183682442,0,0,0,0,0,173.643845245242,0,0.135865196585655,0,0,0,5.47202631831169,0.231949344277382,13.7696051895618,68.5730055719614,0,0,0,0,0.600501537322998,0,0,0,0,0,0,0,0,0,0,0,0.781380593776703,0,0,0,2.45223568379879,0,44.4482674896717,0,0,0,0.186114802956581,0,0,0,127.050413072109,0,0,0,0,0,300.245532542467,0,9.44551296532154,0,0,0,4.0582971572876,0.443192362785339,0,0,0,53.982733592391,0,0,0,0,0,1.84843800961971,0,0,0,0,0,7.6197944432497,0.498743921518326,10.4367150515318,0,64.6848340183496,0.108898743987083,123.429447293282,0.183412551879883,0
71.0626101195812,0,0,0,8.92916950583458,0,0,0,71.1722993552685,0,0,0,0,0,0,0,0,0,0.178269103169441,0,0,0,0,0,0,0,0,0,0,0,0,0,0,0,0,0,0.239522755146027,0,1.50554621219635,0,7.60430751740932,0,63.9460095837712,0,0,0,5.3809877038002,0,48.0142943114042,0,161.488386675715,0,0,0,5.02120330929756,0,54.144814543426,0,6.47916013002396,0,4.23801010847092,0,0,5.93475121259689,0,0,0,0,0,0,0,1.61932131648064,0,29.9691632315516,0,0,0,0,0,11.2424927949905,0,18.441544085741,21.6959648132324,0,499.997603558004,0,0
0,47.4020183682442,0,0,0,51.191844522953,0,0,0,210.264282792807,0,0.176860108971596,0,0,0,0,0.211652815341949,0,0.803414084017277,0.174766078591347,0,0,0,0,0,0,0,0,0,0,0,0,0,0,0,1.66037821769714,1.30580095946789,1.38315975666046,0,28.8707666397095,0,196.609689481556,3.99102807044983,0,0,10.2185116484761,10.2725560665131,0,10.6478440910578,91.5699347853661,0,604.670129314065,0,0,0,314.475404620171,0,250.018940299749,0,36.3874141275883,0,111.106689482927,2.92486263811588,0,0,0,0,0,0,0,0,0,54.4201367646456,0.292415529489517,0,0,0,0,47.9212974011898,0,23.3887546807528,0,162.143502876163,6.63543485850096,428.821874499321,1.52868515253067,0
0,0,8.92916950583458,0,0,0,0,0,0,0,0,0,0,0,0,0,0,0,0,0,34.5890201330185,0,0,0,0,0,0,0,0,0,0,0,0,0,0,0,5.53606224060059,0,0,0,5.42362523078918,0,8.06344068050385,0,0,0,4.02215397357941,0,0.334964901208878,0,246.656354308128,0,0,0,0,0,4.36646316945553,0,53.9869965910912,0,0,0,0,0.214366719126701,0,0,0,0,0,0,0,0,0,1.08456441760063,0,0,0,0,0,2.86273689568043,0,3.62818965315819,134.785885572433,37.9238569736481,87.6279108971357,0,0
0,0,0,51.191844522953,0,0,0,184.186457127333,0,0,0,0,0,0,0,0,0,0,0,65.4265840053558,0,0,0,0,0,0,0,0,0,0,0,0,0,0,0,7.71955990791321,0,0,0,0,0,0.331661313772202,0,0,0,0,0,0,0,1.18601071834564,0,615.028799921274,0,0,0,0,0,0.943906038999557,0,0,0,0,23.8502348661423,0,0,0,0,0,0,0,0,0,0,0,0,0,0,0,0,0,0,0,515.816445201635,167.22899889946,54.8433767855167,0,0
0,0,0,0,0,0,0,0,0,0,5.29295927286148,0,0,0,0,0,0,0,0,0,0,0,0,0,0,0,0,0,0,0,0,0,0,0,0,0,0,0,0,0,0,0,0,0,0,0,0,0,0,0,91.3002460002899,0,222.957774221897,0,0,0,156.62470254302,0,321.475672185421,0,0,0,0,0,0,0,0,0,0,0,0,0,0,0,0,0,0,0,0,0,0,0,37.5789635777473,0,0,0,0
0,0,0,0,0,184.186457127333,0,0,0,0,0,0,0,4,0,0,0,0,0,1,0,0,0,0,0,0,0,0,0,0,0,0,0,0,0,1.8623018860817,0,0,0,0,0,0,0,0,0,0,0,0,0,0,0,321.336385250092,0,3.88056707382202,0,0,0,140.865453854203,0,49.5060894489288,0,0,1.08133098483086,0,0,0,0,0,0,0,0,0,0,0,0,0,0,0,0,0,0,0,271.014185190201,0,0,0,0
195.54481831193,0,71.1722993552685,0,0,0,0,0,0,0,0,0,0,0,2,0,200.157132729888,9.46402557194233,18.7754594534636,0,0,0,0,0,15.513148277998,0,0,0,0,0,0,0,0,0,0,0,0,0,50.7290667593479,0,3.13870483636856,0,39.1300469636917,0,0,0,1.52165162563324,0,7.78117963671684,0,0,0,0,0,912.017127618194,0,8.21809524297714,0,0,0,97.6479804515839,0,0,1.32658742368221,0,0,0,76.0905582904816,0,26.1134061813354,0,0.945316255092621,0,11.5141460746527,0,0,0,0,0,11.8014417886734,0,27.0479126274586,309.122279718518,117.589716464281,258.55530230701,0,0
0,173.643845245242,0,210.264282792807,0,0,0,0,0,0,0,0,0,0,0,45.2600376009941,0,128.833668500185,1.13527694344521,0,0,0,0,19.5981308966875,0,13.5620390176773,0,0,0,0,0,0,0,0,0,0,0,19.5613278895617,0,0,0,4.41948764026165,2.00508236885071,0,0,0,0,0,0,33.3637003749609,0,2.05112114548683,0,0,0,375.354425817728,0,0,0,0,0,148.930560857058,0,0,0,0,16.0120481699705,0,6.03594028949738,0,0,0,0,0,0,0,0,0,0,0,0,0,279.816321119666,154.273400962353,49.5002280324697,0,0
0,0,0,0,0,0,5.29295927286148,0,0,0,0,0,98.8711007833481,0,0,0,0,0,0,0,191.103651106358,0,0,0,0,0,0,0,0,0,11.121883392334,0,0,0,0,0,40.1495900154114,0,747.427990913391,0,0,0,0,0,0,0,0,0,0,0,0,0,1.03899151086807,0,0,0,1005.60503795743,0,319.435831487179,0,0,0,0,0,0,0,0,0,0,0,0,59.0981731414795,0,0,0,0,0,0,0,1,0,24.7105202674866,4.7367077767849,0,0,0,0
0,0.135865196585655,0,0.176860108971596,0,0,0,0,0,0,0,0,0,332.404468327761,0,0,0,2.61012506484985,2.4162922501564,537.180816426873,0,0,0,0,0,0,0,62.0132106542587,0,39.0961703360081,0,0,0,0,0,87.2445048242807,0,1055.92574219406,0,0.136892691254616,0,1.38994061946869,0,0,0,6.72198482602835,0,0,0,0,0,3.44802367687225,0,0,0,0,0,2253.14075602591,0,313.979845225811,0,0,458.545232504606,0,0,0,0,0,0,0,7.00862199068069,0,70.1815450638533,0,0,0,0,0,115.505878664553,0,22.5483056604862,0,302.141612440348,0.364088833332062,0.990654528141022,0,0
0,0,0,0,0,0,0,0,0,0,98.8711007833481,0,0,0,36.7942404747009,0,0,0,0,0,0,0,0,0,0,0,0,0,0,0,0,0,0,0,0,0,0,0,0,0,0,0,0.434681460261345,0,0,0,0,0,22.8469945788383,0,0,0,0,0,0,0,76.0898114740849,0,168.0774769485,0,9.91759988665581,0,0,0,0,0,0,0,0,0,0,0.937572702765465,0,0.183260232210159,0,0,0,0,0,0,0,0,21.6245031356812,1,27.1821565330029,0,0
0,0,0,0,0,0,0,4,0,0,0,332.404468327761,0,0,0,46.0381578803062,0,1,0,0,0,0,0,0,0,0,0,208.257822871208,0,15.0209499597549,0,0,0,0,0,0,0,0,0,0,0,0,0,0,0,0,0,0,0,0,0,1,0,0,0,0,0,1,0,945.954962044954,0,5.02694016695023,0,0,0,0,0,0,0,0,2.25523710250854,0,0,0,0,0,0,0,0,0,0,0,148.277202606201,207.561222791672,0,0,0
0,0,0,0,0,0,0,0,2,0,0,0,36.7942404747009,0,0,0,23.0070283710957,2.60129550099373,0,0,0,0,0,0,0,0,0,0,0,0,0,0,0,0,0,0,0,0,0,0.573841869831085,0,0,0,0,0,0,0,0,17.0974103212357,0,0,0,0,0,0,0,0,0,2.71229794621468,0,47.0298276245594,0,0,0,0,0,0,0,0,0,0,0,0,0,0,0,0,0,0,0,0,0,208.707035630941,68.160528421402,2.00047439336777,0,0
0,5.47202631831169,0,0,0,0,0,0,0,45.2600376009941,0,0,0,46.0381578803062,0,0,0,46.9758631587029,0,0,0,0,0,0,0,0,0,0,0,0,0,0,0,0,0,0,0,0,0,0,0,0,0,0,0,0,0,0,0,0,0,0,0,0,0,53.1154738217592,0,0,0,32.0462264418602,0,213.353800147772,0,0,0,0,0,0,0,0,0,0,0,0,0,0,0,0,0,0,0,0,120.933622717857,67.483266711235,0.332159638404846,0,0
3.87296856939793,0.231949344277382,0,0.211652815341949,0,0,0,0,200.157132729888,0,0,0,0,0,23.0070283710957,0,0,17552.2299003452,5155.69100540131,0,0,33.2643246948719,98.6937274932861,0,98.8869020938873,26.8730276972055,322.081884637475,0,0,0,0,0,0,0,0,1.08108425885439,2.74937450885773,0,0,86.5027086883783,45.0007227808237,37.436679713428,105.429495036602,3.51662278175354,19.9875920042396,15.0570438057184,108.896517701447,0,0.163295134902,0,0,0,0,0,0,0,2.25000867247581,6.54769247770309,0,0,0,0,0.773738354444504,11.5003528743982,0,3.13145756721497,0,0,0,2,0,0.14590123295784,3.09981952607632,3.03084917366505,0,0,0,0,152.257818624377,129.173294022679,22.2407172471285,21.6233471482992,2559.13781023026,2530.83311535418,341.899558827281,38.2865321040154,42.2982978373766
0,13.7696051895618,0,0,0,0,0,0,9.46402557194233,128.833668500185,0,2.61012506484985,0,1,2.60129550099373,46.9758631587029,17552.2299003452,0,5090.91875816137,0,0,1059.95675052702,0,35.6478617489338,0.427119106054306,524.369595333934,5.73107382655144,0,0,0,0,0,0,0,0,1.91723614931107,0.677408292889595,0,0,144.948748096824,20.5484093278646,92.132326990366,57.1981277316809,11.5477432608604,5.92695325613022,16.304423943162,71.4465127214789,0,0,0,0,0,0,0,0,16.3115845918655,1.09062659740448,20.7759464979172,0,0,0,10.3866523504257,2.63029646873474,9.59012669324875,95.8683117032051,0,8.15340840816498,0,5.9430638551712,0,0,0,4.85049530863762,1.99205224215984,0,0,0,0,190.797838903964,74.297303982079,42.3732657283545,10.0722036138177,5967.56791189313,13523.7663134038,326.981300406158,72.2050842046738,8.58822456002235
14.2247976213694,68.5730055719614,0.178269103169441,0.803414084017277,0,0,0,0,18.7754594534636,1.13527694344521,0,2.4162922501564,0,0,0,0,5155.69100540131,5090.91875816137,0,0,0,16.1940668970346,0,0,0,7.93935826420784,0,0,0,0,0,0,0,0,0,30.807579562068,27.1476612612605,0,0.169328108429909,810.023013390601,415.538030579686,591.500645272434,674.70563211292,21.7002997994423,42.400810495019,154.625735029578,586.306887589395,0,6.02504530549049,1.24136109650135,0,0,0,0,0,4.53494237363338,15.2508812844753,186.982297718525,0.177806258201599,0,0,0,8.4852502644062,95.7041901648045,0,0,0,0,0,0,0,3.87191747128963,70.4494886994362,43.5669402331114,0,0,0,0,1469.66315817088,1062.84144182503,285.288569286466,138.877944275737,1745.42669525743,1287.97977176309,2650.89972805977,520.029939472675,264.014170020819
0,0,0,0.174766078591347,0,65.4265840053558,0,1,0,0,0,537.180816426873,0,0,0,0,0,0,0,0,0,0,0,0,0,0,0,0,0,0,0,0,0,0,0,786.780582085252,0,85.3082799911499,0,0,0,0,0,0,0,20.986662119627,0,0,0,0,0,10.7523647248745,0,0,0,0,0,158.099528640509,0,0,0,0,3480.47265274823,0,0,0,0,0,0,0,0,0,0,0,0,0,0,0,413.622355163097,0,4.58879011869431,0,115.201968118548,0.156065285205841,88.2810287475586,0,0
0,0,0,0,34.5890201330185,0,0,0,0,0,191.103651106358,0,0,0,0,0,0,0,0,0,0,0,0,0,0,0,0,0,0,0,0,0,0,0,0,0,883.722286686301,0,217.280848890543,0,0.703740268945694,0,0,0,0,0,0,0,1.91065347194672,0,20.0779058933258,0,0,0,0,0,355.475057065487,0,0,0,0,0,0,897.605087071657,0,0,0,0,0,0,0,0,0,0,0,0,0,0,0,136.689784839749,0,48.5385076701641,181.037844344974,2.30799509584904,33.5033797621727,0,0
0,0,0,0,0,0,0,0,0,0,0,0,0,0,0,0,33.2643246948719,1059.95675052702,16.1940668970346,0,0,0,1214.0700186789,263.371964260936,0,201.21982255578,0,5,0,0,0,0,0,0,0,0,0,853.286802724004,32.3667994737625,0,0,0.298269808292389,0,0,0,0,0.74772983789444,0,0,82.2211333364248,0,0,0,0,0,0,0,0,0,0,0,0,0,0,5149.11913451552,37.7299478650093,260.13704419136,0,86.0847695469856,0,0,0,0,0,0,0,0,0,0,0,366.228004291654,0,294.145115464926,0.429020762443542,1.90605700016022,0,0
0,0,0,0,0,0,0,0,0,0,0,0,0,0,0,0,98.6937274932861,0,0,0,0,1214.0700186789,0,0,113.366186499596,0,0,0,5,0,0,0,0,0,0,0,0,0,401.487696364522,0,0,0,0,0,0,0,0,0,348.557368353009,0,0,0,0,0,0,0,0,0,0,0,0,0,0,0,25.3198939859867,4688.74825203419,0,118.281022012234,0,0.642444789409637,0,0,0,0,0,0,0,0,0,0,0,237.344901278615,1008.84128032625,796.626853197813,0,0,0
0,0.600501537322998,0,0,0,0,0,0,0,19.5981308966875,0,0,0,0,0,0,0,35.6478617489338,0,0,0,263.371964260936,0,0,0,84.5674716830254,0,0,0,0,0,0,0,0,0,0,0,217.042972207069,0,0,0,0,0,0,0,0,0,0,0,11.3799777030945,0,0,0,0,0,112.882118731737,0,0,0,0,0,25.9627876281738,0,0,22.7646597623825,0,538.757911920547,0,90.2575054168701,0,0,0,0,0,0,0,0,0,0,0,63.8922900855541,0,38.3939276188612,0,0.477750778198242,0,0
0,0,0,0,0,0,0,0,15.513148277998,0,0,0,0,0,0,0,98.8869020938873,0.427119106054306,0,0,0,0,113.366186499596,0,0,0,68.1145706176758,0,0,0,0,0,0,0,0,0,0,0,149.740578696132,0,0,0,0,0,0,0,0,0,0,0,0,0,0,0,40.9142729043961,0,0,0,0,0,0,0,0,0,0,15.4059059917927,0,451.510372623801,0,8.70446872711182,0,0,0,0,0,0,0,0,0,0,0,76.0260561704636,210.671263277531,13.0852046012878,0.476724416017532,0,0
0,0,0,0,0,0,0,0,0,13.5620390176773,0,0,0,0,0,0,26.8730276972055,524.369595333934,7.93935826420784,0,0,201.21982255578,0,84.5674716830254,0,0,0,31.6514131426811,0,0,0,0,0,0,0,0,0,0,0,0,0,0,0,0,0,0,0,0,0,0,0,0,0,0,0,0,0,0,0,0,0,0,0,0,10.2348902821541,0,35.4415836334229,0,293.721743255854,0,13.5935959815979,0,0,0,0,0,0,0,0,0,0,0,51.5996401906013,0,0,0,0
0,0,0,0,0,0,0,0,0,0,0,0,0,0,0,0,322.081884637475,5.73107382655144,0,0,0,0,0,0,68.1145706176758,0,0,0,0,0,0,0,0,0,0,0,0,0,0,0,0,0,0,0,0,0,0,0,0,0,0,0,0,0,0,0,0,0,0,0,0,0,0,0,0,122.51969909668,0,10.9360518455505,0,67.6718888282776,0,0,0,0,0,0,0,0,0,0,0,0,10.252721786499,0,0,0,0
0,0,0,0,0,0,0,0,0,0,0,62.0132106542587,0,208.257822871208,0,0,0,0,0,0,0,5,0,0,0,31.6514131426811,0,0,0,187.005970001221,0,0,0,0,0,0,0,0,0,0,0,0,0,0,0,0,0,0,0,0,0,0,0,0,0,0,0,0,0,346.839378237724,0,0,0,0,3.14665687084198,0,0,0,73.2264526486397,0,812.968049108982,0,69.9752296805382,0,0,0,0,0,0,0,24.2284995913506,0,95.2161336541176,2,0,0,0
0,0,0,0,0,0,0,0,0,0,0,0,0,0,0,0,0,0,0,0,0,0,5,0,0,0,0,0,0,0,227.389832139015,0,0,0,0,0,0,0,0,0,0,0,0,0,0,0,0,0,0,0,0,0,0,0,0,0,0,0,0,0,0,0,0,0,0,0,0,0,0,0,0,555.070217847824,0,2.69509506225586,0,0,0,0,0,0,0,87.5942155122757,22.5034847259521,0,0,0,0
0,0,0,0,0,0,0,0,0,0,0,39.0961703360081,0,15.0209499597549,0,0,0,0,0,0,0,0,0,0,0,0,0,187.005970001221,0,0,0,0,0,0,0,0,0,162.757355868816,0,0,0,0,0,0,0,0,0,0,0,0,0,0,0,0,0,0,0,96.9714331030846,0,0,0,0,0,0,0,0,0,0,0,0,43.4415619969368,0,1080.94852046669,0,0,0,0,0,0,0,94.90882332623,0,85.8425690531731,0,0,0,0
0,0,0,0,0,0,0,0,0,0,11.121883392334,0,0,0,0,0,0,0,0,0,0,0,0,0,0,0,0,0,227.389832139015,0,0,0,0,0,0,0,0,0,1.921391248703,0,0,0,0,0,0,0,0,0,0,0,0,0,0,0,0,0,0,0,0,0,0,0,0,0,0,0,0,0,0,0,0,182.784924000502,0,124.314279466867,0,0,0,0,0,0,0,9.55200433731079,0,0,0,0,0
0,0,0,0,0,0,0,0,0,0,0,0,0,0,0,0,0,0,0,0,0,0,0,0,0,0,0,0,0,0,0,0,1851.06205284595,1.48568415641785,0,722.988940238953,60.5433869063854,0,0,0,0,0,0,0,0,0,0,4666.32344897091,46.4816851913929,3.99920478463173,0,0,0,0,0,0,0,0,0,0,0,0,0,0,0,0,0,0,0,0,0,0,0,0,820.72857734561,388.069088712335,4.92990875244141,0,112.664248377085,37.1276454031467,0,0,98.0356185436249,0,0,0,0
0,0,0,0,0,0,0,0,0,0,0,0,0,0,0,0,0,0,0,0,0,0,0,0,0,0,0,0,0,0,0,1851.06205284595,0,10.4137889146805,33.9875532388687,74.458339214325,304.26004421711,0,0,0,0,0,0,0,0,0,0,976.735022455454,0,0,0,0,0,0,0,0,0,0,0,0,0,0,0,0,0,0,0,0,0,0,0,0,0,0,9.8469053208828,1381.47055436671,2.24118053913116,12.2039510905743,0,211.042236566544,0,0,20.1929578483105,0,0,0,0
0,0,0,0,0,0,0,0,0,0,0,0,0,0,0,0,0,0,0,0,0,0,0,0,0,0,0,0,0,0,0,1.48568415641785,10.4137889146805,0,1553.89640876651,581.749868795276,0,134.874189354479,0,0,0,0,0,0,0,0,0,459.731599971652,0,1.54462140798569,0,0,0,0,0,0,0,0,0,0,0,0,0,0,0,0,0,0,0,0,0,0,0,0,46.5594349503517,0,1355.78269036114,243.088412255049,209.393929190934,4.57582080364227,843.233122333884,0,60.1116570830345,48.3469315767288,0,0,0
0,0,0,0,0,0,0,0,0,0,0,0,0,0,0,0,0,0,0,0,0,0,0,0,0,0,0,0,0,0,0,0,33.9875532388687,1553.89640876651,0,0,486.111530095339,34.7606514692307,136.0852663517,0,0,1.37224411964417,0,0,0,0,0,1206.66532503068,0,4.41068834066391,0,0,0,0,0,0,0,0,0,0,0,0,0,0,0,0,0,0,0,0,0,0,0,0,0,49.497239023447,476.311240136623,1072.65696315467,0,121.946069911122,272.38519744575,293.459695026278,94.9877429306507,27.7997778654099,0,0,0
0,0.781380593776703,0,1.66037821769714,0,7.71955990791321,0,1.8623018860817,0,0,0,87.2445048242807,0,0,0,0,1.08108425885439,1.91723614931107,30.807579562068,786.780582085252,0,0,0,0,0,0,0,0,0,0,0,722.988940238953,74.458339214325,581.749868795276,0,0,350.228446960449,2358.37054395676,0,4.10589371621609,0,5.76318114995956,0,0.147009611129761,0,37.6609539762139,0.319991946220398,120.610244318843,0,1.73777139186859,0,4.3990610986948,0,0,0,0,0,26.4686290919781,0,0,0,0,921.952917978168,0,0,0,0,0,0,0,0,0,0,0,565.254786387086,0,343.029124647379,0,14626.2880238071,14.5933600068092,361.101814568043,0,1359.48307775706,375.45493876189,51.2841036617756,4.63902738690376,0
0.174928307533264,0,0.239522755146027,1.30580095946789,5.53606224060059,0,0,0,0,0,40.1495900154114,0,0,0,0,0,2.74937450885773,0.677408292889595,27.1476612612605,0,883.722286686301,0,0,0,0,0,0,0,0,0,0,60.5433869063854,304.26004421711,0,486.111530095339,350.228446960449,0,0,2608.94088345766,0,5.58817560970783,0,4.14137305319309,0,0.802236124873161,0.537232458591461,27.546125434339,17.3249955773354,0,0,0,0,0,0,0,0,7.14865279197693,0,0,0,0,0,0,582.14865770936,0,0,0,0,0,0,0,0,0,0,0,469.146971464157,0,700.759589090943,7.54925847053528,11825.673187606,0,1609.56162588298,2305.32628615946,811.938926696777,58.3465645387769,0,0.262410059571266
0,0,0,1.38315975666046,0,0,0,0,0,19.5613278895617,0,1055.92574219406,0,0,0,0,0,0,0,85.3082799911499,0,853.286802724004,0,217.042972207069,0,0,0,0,0,162.757355868816,0,0,0,134.874189354479,34.7606514692307,2358.37054395676,0,0,799.399082183838,0,0,1.39047400653362,0,0,0,1.46395200490952,0,30.9185503125191,0,792.994947597384,0,0,0,0,0,8.80582019686699,0,378.456266462803,0,0,0,0,51.0768432915211,0,254.02933049202,0,119.798886835575,0,0,0,0,0,98.8877405375242,0,0,0,41.506814584136,35.1149269342422,1474.55013242364,0,11681.5346643031,45.4180480837822,259.885537683964,55.7151494324207,48.3830542117357,0,0
18.0990302562714,0,1.50554621219635,0,0,0,0,0,50.7290667593479,0,747.427990913391,0,0,0,0,0,0,0,0.169328108429909,0,217.280848890543,32.3667994737625,401.487696364522,0,149.740578696132,0,0,0,0,0,1.921391248703,0,0,0,136.0852663517,0,2608.94088345766,799.399082183838,0,0,0,0,0,0,0,0,0,80.8067569434643,91.6492834240198,0,0,0,0,0,21.5253032147884,0,347.742140173912,0,0,0,0,0,0,133.921401575208,38.4535703063011,169.759738668799,0,165.637048184872,0,0,0,0,0,6.88715597987175,0,0,0,56.4770994782448,0,1017.4505776763,650.626305371523,10820.2598009557,779.763281539083,358.603644043207,96.2996895760298,0,0
0,2.45223568379879,0,28.8707666397095,0,0,0,0,0,0,0,0.136892691254616,0,0,0.573841869831085,0,86.5027086883783,144.948748096824,810.023013390601,0,0,0,0,0,0,0,0,0,0,0,0,0,0,0,0,4.10589371621609,0,0,0,0,1.36458657681942,1767.36565211415,3.37684918940067,38.9127881452441,0.181844636797905,130.261230491102,19.0851273089647,0,1.04560777544975,177.056027270854,0,11.0168499946594,0,0,0,0.337895274162292,0,31.5641418173909,0,0,0,0,142.037831529975,0.55421581864357,0,0,0,0,0,0,0,0.187570124864578,8.26896674185991,1.05374228954315,0,0,0,0,480.593160845339,13.0165238752961,29.1882112696767,2.33296645432711,239.39320538193,71.9900314584374,3975.02755412459,192.255276083946,3.38006889820099
2.42450885474682,0,7.60430751740932,0,5.42362523078918,0,0,0,3.13870483636856,0,0,0,0,0,0,0,45.0007227808237,20.5484093278646,415.538030579686,0,0.703740268945694,0,0,0,0,0,0,0,0,0,0,0,0,0,0,0,5.58817560970783,0,0,1.36458657681942,0,3.27327129244804,831.84134978056,0.218221575021744,68.0006574988365,0.576446533203125,155.9456795156,16.4141584336758,418.543777689338,2.08520889282227,1.15482664108276,0,0,0,0,0,3.07365983724594,1.17605200409889,0,0,0,0,0,55.3821055069566,0,0,0,0,0,0,0,0,0,1.92648185044527,0,0,0,0,3.49269276857376,586.439894847572,1.24345457553864,15.169472515583,102.33191780746,32.899954110384,902.821174181998,0,170.985196530819
0,44.4482674896717,0,196.609689481556,0,0.331661313772202,0,0,0,4.41948764026165,0,1.38994061946869,0,0,0,0,37.436679713428,92.132326990366,591.500645272434,0,0,0.298269808292389,0,0,0,0,0,0,0,0,0,0,0,0,1.37224411964417,5.76318114995956,0,1.39047400653362,0,1767.36565211415,3.27327129244804,0,128.539219111204,93.0660074800253,0,40.7401222586632,6.33711900562048,188.814970389009,0.303632408380508,417.778847947717,0,37.9198968708515,0,0,0,16.3783168047667,0,1120.04072660208,0,15.0687650889158,0,0.859798729419708,125.284327827394,1.26183176040649,0,0,0,0,0,0,5.97037741541862,0,455.954612150788,0,0,0,0,0,583.595625326037,4.9259332716465,48.4616165608168,0.17726044356823,1447.0433890149,96.995557308197,4067.01969063282,920.131682939827,0
64.0364625155926,0,63.9460095837712,3.99102807044983,8.06344068050385,0,0,0,39.1300469636917,2.00508236885071,0,0,0.434681460261345,0,0,0,105.429495036602,57.1981277316809,674.70563211292,0,0,0,0,0,0,0,0,0,0,0,0,0,0,0,0,0,4.14137305319309,0,0,3.37684918940067,831.84134978056,128.539219111204,0,0,205.874094128609,0.524437248706818,797.826583571732,141.04204595089,443.089127644897,0.412145465612411,0,0,0,0,0,0,168.379308506846,2.84927776455879,3.48532250523567,0,1.21795144677162,0,0.198227211833,393.608228124678,0,0,0,0,0,0,0,26.037447527051,0,516.620064988732,0,0,0,0,7.02274753153324,877.709569610655,0.578079536557198,36.0764630511403,1295.99567520618,51.3013159558177,3737.69903865457,2.79639801383018,746.826542161405
0,0,0,0,0,0,0,0,0,0,0,0,0,0,0,0,3.51662278175354,11.5477432608604,21.7002997994423,0,0,0,0,0,0,0,0,0,0,0,0,0,0,0,0,0.147009611129761,0,0,0,38.9127881452441,0.218221575021744,93.0660074800253,0,0,0,7.11746433377266,0.197935074567795,0,0,0,0,0,0,0,0,0,0,2.05599188804626,0,0,0,0,0,0,0,0,0,0,0,0,0,0,0.968226492404938,0,0,0,0,0,28.0469344705343,2.70758807659149,2.7425628900528,0,95.1030544936657,11.987023755908,78.3974257260561,10.9788071364164,0
0,0,0,0,0,0,0,0,0,0,0,0,0,0,0,0,19.9875920042396,5.92695325613022,42.400810495019,0,0,0,0,0,0,0,0,0,0,0,0,0,0,0,0,0,0.802236124873161,0,0,0.181844636797905,68.0006574988365,0,205.874094128609,0,0,0,42.4014047682285,0,0.739095330238342,0,0,0,0,0,0,0,0,0,0,0,0,0,0,12.5572538301349,0,0,0,0,0,0,0,0.176558688282967,0,0.153632894158363,0,0,0,0,0.0992753580212593,92.9706875011325,0,3.96100890636444,143.854556635022,3.05850203335285,248.450676500797,0,26.3081847205758
0,0.186114802956581,0,10.2185116484761,0,0,0,0,0,0,0,6.72198482602835,0,0,0,0,15.0570438057184,16.304423943162,154.625735029578,20.986662119627,0,0,0,0,0,0,0,0,0,0,0,0,0,0,0,37.6609539762139,0.537232458591461,1.46395200490952,0,130.261230491102,0.576446533203125,40.7401222586632,0.524437248706818,7.11746433377266,0,0,8.82229401171207,1.82058507204056,3.59796085953712,13.3709234297276,0,7.07808423042297,0,0,0,0,0,160.821146123111,0,0,0,0,1706.61825702339,0.573152765631676,0,0,0,0,0,0,0,0,26.6961227655411,0,0,0,0,0,1325.43395324796,5.70809526741505,642.898720875382,0,73.7527085021138,18.7707683146,1020.532954216,2.85612857341766,1.52507996559143
0.154224321246147,0,5.3809877038002,10.2725560665131,4.02215397357941,0,0,0,1.52165162563324,0,0,0,0,0,0,0,108.896517701447,71.4465127214789,586.306887589395,0,0,0.74772983789444,0,0,0,0,0,0,0,0,0,0,0,0,0,0.319991946220398,27.546125434339,0,0,19.0851273089647,155.9456795156,6.33711900562048,797.826583571732,0.197935074567795,42.4014047682285,8.82229401171207,0,0,36.201651930809,8.4612067937851,0,2.81904911994934,0,0,0,0,10.5829998850822,0.734377905726433,0,0,0,0,2.29554960131645,1823.7350461036,0,0,0,0,0,0,0,0.149076074361801,0.654808104038239,7.12195709347725,0,0,0,0,26.799571685493,1549.0069212392,9.48860582709312,239.722356416285,223.567460291088,56.8461751714349,1228.37830968201,4.44228793680668,29.0311112850904
0,0,0,0,0,0,0,0,0,0,0,0,0,0,0,0,0,0,0,0,0,0,0,0,0,0,0,0,0,0,0,4666.32344897091,976.735022455454,459.731599971652,1206.66532503068,120.610244318843,17.3249955773354,30.9185503125191,80.8067569434643,0,16.4141584336758,188.814970389009,141.04204595089,0,0,1.82058507204056,0,0,3899.74330237508,1252.08990710974,0,0,0,0,0,0,0,0,0,0,0,0,0,0,0,0,0,0,0,0,0,0,0,0,2197.14308647811,225.117257624865,127.350785493851,374.519264310598,280.550621390343,2065.80461773276,0,63.5739266127348,2490.73350796103,88.1477365493774,954.248553037643,0,0
102.773992344737,0,48.0142943114042,10.6478440910578,0.334964901208878,0,0,0,7.78117963671684,0,0,0,22.8469945788383,0,17.0974103212357,0,0.163295134902,0,6.02504530549049,0,1.91065347194672,0,348.557368353009,0,0,0,0,0,0,0,0,46.4816851913929,0,0,0,0,0,0,91.6492834240198,1.04560777544975,418.543777689338,0.303632408380508,443.089127644897,0,0.739095330238342,3.59796085953712,36.201651930809,3899.74330237508,0,228.189670905471,0,0,0,0,2.78073024749756,0,92.6863817721605,0,101.845570385456,0,44.7939140498638,0,0.434715926647186,1.22743912041187,0,114.022047713399,0,3.19815242290497,0,175.488623589277,0,143.951584771276,0,66.7180190831423,23.8271828889847,0,0,3.7368349134922,0.189670071005821,1059.4589330256,0,199.459266021848,203.862021863461,5.97187060117722,1358.28291069716,0,0
0,127.050413072109,0,91.5699347853661,0,1.18601071834564,0,0,0,33.3637003749609,0,0,0,0,0,0,0,0,1.24136109650135,0,0,82.2211333364248,0,11.3799777030945,0,0,0,0,0,0,0,3.99920478463173,0,1.54462140798569,4.41068834066391,1.73777139186859,0,792.994947597384,0,177.056027270854,2.08520889282227,417.778847947717,0.412145465612411,0,0,13.3709234297276,8.4612067937851,1252.08990710974,228.189670905471,0,0,1.3345500677824,0,0,0,38.4417200088501,0,112.982784926891,0,26.7351621389389,0,20.7727423608303,11.2712609022856,0,239.555659040809,0,112.071859478951,0,0.269841730594635,0,178.001584380865,0,70.7061922699213,0,7.22921937704086,0,0,0,16.0447493642569,0,490.989816993475,0,446.669039949775,6.87667293846607,1099.32401941717,0.850891351699829,0
0,0,161.488386675715,0,246.656354308128,0,91.3002460002899,0,0,0,0,0,0,0,0,0,0,0,0,0,20.0779058933258,0,0,0,0,0,0,0,0,0,0,0,0,0,0,0,0,0,0,0,1.15482664108276,0,0,0,0,0,0,0,0,0,0,0,0,0,0,0,124.692812338471,0,176.262367248535,0,47.6628492027521,0,0,0,0,0,0,0,0,0,0,0,0,0.506653144955635,0,0,0,0,0,1.52825903892517,0,0.294738709926605,38.763446867466,0,164.231752872467,0,0
0,0,0,604.670129314065,0,615.028799921274,0,321.336385250092,0,2.05112114548683,0,3.44802367687225,0,1,0,0,0,0,0,10.7523647248745,0,0,0,0,0,0,0,0,0,0,0,0,0,0,0,4.3990610986948,0,0,0,11.0168499946594,0,37.9198968708515,0,0,0,7.07808423042297,2.81904911994934,0,0,1.3345500677824,0,0,0,12.4737544059753,0,0,0,85.4945446997881,0,17.5887371003628,0,16.3885696530342,2.38954973220825,0,0,0,0,0,0,0,0,0,1.92468537390232,0,0,0,0,0,4.18255260586739,0,0.420645877718925,0,450.742102354765,21.8323364257812,251.423696085811,0,0
0,0,0,0,0,0,222.957774221897,0,0,0,1.03899151086807,0,0,0,0,0,0,0,0,0,0,0,0,0,0,0,0,0,0,0,0,0,0,0,0,0,0,0,0,0,0,0,0,0,0,0,0,0,0,0,0,0,0,0,0,0,125.266457021236,0,10.8194500207901,0,0,0,0,0,0,0,0,0,0,0,0,0,0,0,0,0,0,0,0,0,0,0,86.3971741199493,0,0,0,0
0,0,0,0,0,0,0,3.88056707382202,0,0,0,0,0,0,0,0,0,0,0,0,0,0,0,0,0,0,0,0,0,0,0,0,0,0,0,0,0,0,0,0,0,0,0,0,0,0,0,0,0,0,0,12.4737544059753,0,0,0,0,0,116.96958565712,0,4.11573219299316,0,0,2.8600632250309,0,0,0,0,0,0,0,0,0,0,0,0,0,0,0,0,0,0,0,15.4413932561874,0,0,0,0
78.8981312513351,0,5.02120330929756,0,0,0,0,0,912.017127618194,0,0,0,0,0,0,0,0,0,0,0,0,0,0,0,40.9142729043961,0,0,0,0,0,0,0,0,0,0,0,0,0,21.5253032147884,0,0,0,0,0,0,0,0,0,2.78073024749756,0,0,0,0,0,0,0,0,0,0,0,161.00085195899,0,0,2.4465959072113,0,0,0,222.08443954587,0,0.546743214130402,0,0,0,0,0,0,0,0,0,0,0,5.67335453629494,150.739225804806,0,145.241644755006,0,0
0,300.245532542467,0,314.475404620171,0,0,0,0,0,375.354425817728,0,0,0,0,0,53.1154738217592,0,16.3115845918655,4.53494237363338,0,0,0,0,112.882118731737,0,0,0,0,0,0,0,0,0,0,0,0,0,8.80582019686699,0,0.337895274162292,0,16.3783168047667,0,0,0,0,0,0,0,38.4417200088501,0,0,0,0,0,0,0,7.76313656568527,0,0,0,463.166536554694,0,0,0,0,158.154988273978,0,0,0,0,0,0,0,0,0,0,0,2.83622050285339,0,0,0,81.0772010535002,1.44780365377665,170.491976678371,0,0
16.2681849449873,0,54.144814543426,0,4.36646316945553,0,156.62470254302,0,8.21809524297714,0,1005.60503795743,0,76.0898114740849,0,0,0,2.25000867247581,1.09062659740448,15.2508812844753,0,355.475057065487,0,0,0,0,0,0,0,0,0,0,0,0,0,0,0,7.14865279197693,0,347.742140173912,0,3.07365983724594,0,168.379308506846,0,0,0,10.5829998850822,0,92.6863817721605,0,124.692812338471,0,125.266457021236,0,0,0,0,0,222.706749349833,0,36.799046471715,0,0,215.407367162406,0,0,0,0,0,0,0,33.6498307734728,0,253.775253251195,0,0,0,0,0,41.2746178656816,0,0,134.36228787899,3.72673942148685,833.169461935759,0,1.08976075053215
0,9.44551296532154,0,250.018940299749,0,0.943906038999557,0,140.865453854203,0,0,0,2253.14075602591,0,1,0,0,6.54769247770309,20.7759464979172,186.982297718525,158.099528640509,0,0,0,0,0,0,0,0,0,96.9714331030846,0,0,0,0,0,26.4686290919781,0,378.456266462803,0,31.5641418173909,1.17605200409889,1120.04072660208,2.84927776455879,2.05599188804626,0,160.821146123111,0.734377905726433,0,0,112.982784926891,0,85.4945446997881,0,116.96958565712,0,7.76313656568527,0,0,0,18.645614117384,0,14.4307391196489,540.249069280922,0.109999686479568,0,0,0,0,0,0,65.7967687547207,0,324.807164102793,0,0,0,0,0,23.2825583219528,0.794920668005943,1.15664851665497,0.167910099029541,556.410946786404,9.11834740638733,809.930609077215,143.557871803641,0
9.8771198540926,0,6.47916013002396,0,53.9869965910912,0,321.475672185421,0,0,0,319.435831487179,0,168.0774769485,0,2.71229794621468,0,0,0,0.177806258201599,0,0,0,0,0,0,0,0,0,0,0,0,0,0,0,0,0,0,0,0,0,0,0,3.48532250523567,0,0,0,0,0,101.845570385456,0,176.262367248535,0,10.8194500207901,0,0,0,222.706749349833,0,0,0,35.444489389658,0,0,0,0,0,0,0,0,1.3626803457737,0,6.12944559752941,0,1.1700369566679,0,0,0,0,0,0,0,0,22.4257676005363,0,301.747937947512,0,0
0,0,0,36.3874141275883,0,0,0,49.5060894489288,0,0,0,313.979845225811,0,945.954962044954,0,32.0462264418602,0,0,0,0,0,0,0,0,0,0,0,346.839378237724,0,0,0,0,0,0,0,0,0,0,0,0,0,15.0687650889158,0,0,0,0,0,0,0,26.7351621389389,0,17.5887371003628,0,4.11573219299316,0,0,0,18.645614117384,0,0,0,16.257396042347,0,0,0,0,1.0091096162796,0,0,0,13.1802812516689,0,1.57905995845795,0,0,0,0,0,0,0,0,0,125.286565959454,67.6783776283264,4.6817385405302,0,0
1.89209070801735,0,4.23801010847092,0,0,0,0,0,97.6479804515839,0,0,0,9.91759988665581,0,47.0298276245594,0,0,0,0,0,0,0,0,0,0,0,0,0,0,0,0,0,0,0,0,0,0,0,0,0,0,0,1.21795144677162,0,0,0,0,0,44.7939140498638,0,47.6628492027521,0,0,0,161.00085195899,0,36.799046471715,0,35.444489389658,0,0,0,0,0,0,0,0,4.15416264533997,0,3.75875470042229,0,1.14822748303413,0,0,0,0,0,0,0,0,0,0,2.22988551855087,10.3565627336502,36.3819494843483,0,0
0,4.0582971572876,0,111.106689482927,0,0,0,0,0,148.930560857058,0,0,0,5.02694016695023,0,213.353800147772,0,10.3866523504257,0,0,0,0,0,25.9627876281738,0,0,0,0,0,0,0,0,0,0,0,0,0,0,0,0,0,0.859798729419708,0,0,0,0,0,0,0,20.7727423608303,0,16.3885696530342,0,0,0,463.166536554694,0,14.4307391196489,0,16.257396042347,0,0,0,0,0,0,25.5586462169886,0,0.532318949699402,0,5.24197705090046,0,0,0,0,0,0,0,0,0,0,0,13.7371619343758,0,20.126163482666,0,0
0,0.443192362785339,0,2.92486263811588,0,23.8502348661423,0,1.08133098483086,0,0,0,458.545232504606,0,0,0,0,0.773738354444504,2.63029646873474,8.4852502644062,3480.47265274823,0,0,0,0,0,0,0,0,0,0,0,0,0,0,0,921.952917978168,0,51.0768432915211,0,142.037831529975,0,125.284327827394,0.198227211833,0,0,1706.61825702339,2.29554960131645,0,0.434715926647186,11.2712609022856,0,2.38954973220825,0,2.8600632250309,0,0,0,540.249069280922,0,0,0,0,0,0,0,0,0,0,0,0,0,0,56.4627803489566,0,0,0,0,0,1156.5277261585,0,182.928986214101,0,64.2426935732365,0.809331305325031,566.716329850256,0,0
0,0,5.93475121259689,0,0.214366719126701,0,0,0,1.32658742368221,0,0,0,0,0,0,0,11.5003528743982,9.59012669324875,95.7041901648045,0,897.605087071657,0,0,0,0,0,0,0,0,0,0,0,0,0,0,0,582.14865770936,0,133.921401575208,0.55421581864357,55.3821055069566,1.26183176040649,393.608228124678,0,12.5572538301349,0.573152765631676,1823.7350461036,0,1.22743912041187,0,0,0,0,0,2.4465959072113,0,215.407367162406,0.109999686479568,0,0,0,0,0,0,0,0,0,0,0,0,0,2.07811120152473,0,26.4178614765406,0,0,0,0,2.89258050918579,731.823453657329,0,546.794320449233,84.5641170740128,17.3515961691737,1402.17367947102,0,3.44933548569679
0,0,0,0,0,0,0,0,0,0,0,0,0,0,0,0,0,95.8683117032051,0,0,0,5149.11913451552,25.3198939859867,22.7646597623825,0,10.2348902821541,0,3.14665687084198,0,0,0,0,0,0,0,0,0,254.02933049202,38.4535703063011,0,0,0,0,0,0,0,0,0,0,239.555659040809,0,0,0,0,0,0,0,0,0,0,0,0,0,0,0,3.39982128143311,104.825400412083,0,34.6609620451927,0,20.0440636873245,0,0,0,0,0,0,0,0,0,574.218437612057,0,170.414136826992,0,0,0,0
0,0,0,0,0,0,0,0,0,0,0,0,0,0,0,0,3.13145756721497,0,0,0,0,37.7299478650093,4688.74825203419,0,15.4059059917927,0,122.51969909668,0,0,0,0,0,0,0,0,0,0,0,169.759738668799,0,0,0,0,0,0,0,0,0,114.022047713399,0,0,0,0,0,0,0,0,0,0,0,0,0,0,0,3.39982128143311,0,0,81.7048876583576,0,275.25701791048,0,1.24635374546051,0,0,0,0,0,0,0,0,0,157.933694854379,189.957709670067,60.5059281289577,0,0,0
0,53.982733592391,0,0,0,0,0,0,0,16.0120481699705,0,0,0,0,0,0,0,8.15340840816498,0,0,0,260.13704419136,0,538.757911920547,0,35.4415836334229,0,0,0,0,0,0,0,0,0,0,0,119.798886835575,0,0,0,0,0,0,0,0,0,0,0,112.071859478951,0,0,0,0,0,158.154988273978,0,0,0,1.0091096162796,0,25.5586462169886,0,0,104.825400412083,0,0,0,254.845156759024,0,24.4463097453117,0,0,0,0,0,0,0,0,0,564.6972553581,0,81.8451301902533,0,232.183021172881,0,0
19.1007587015629,0,0,0,0,0,0,0,76.0905582904816,0,0,0,0,0,0,0,0,0,0,0,0,0,118.281022012234,0,451.510372623801,0,10.9360518455505,0,0,0,0,0,0,0,0,0,0,0,165.637048184872,0,0,0,0,0,0,0,0,0,3.19815242290497,0,0,0,0,0,222.08443954587,0,0,0,0,0,4.15416264533997,0,0,0,0,81.7048876583576,0,0,0,30.0089876353741,0,0,0,0,0,0,0,0,0,0,0,555.155707150698,21.7489522397518,0,68.7012862563133,0,0
0,0,0,0,0,0,0,0,0,6.03594028949738,0,0,0,0,0,0,0,5.9430638551712,0,0,0,86.0847695469856,0,90.2575054168701,0,293.721743255854,0,73.2264526486397,0,0,0,0,0,0,0,0,0,0,0,0,0,0,0,0,0,0,0,0,0,0.269841730594635,0,0,0,0,0,0,0,0,0,0,0,0.532318949699402,0,0,34.6609620451927,0,254.845156759024,0,0,0,460.22474950552,0,0,0,0,0,0,0,0,0,0,0,31.2189967632294,0,5.25693368911743,0,0
0,0,0,0,0,0,0,0,26.1134061813354,0,0,0,0,0,0,0,2,0,0,0,0,0,0.642444789409637,0,8.70446872711182,0,67.6718888282776,0,0,0,0,0,0,0,0,0,0,0,0,0,0,0,0,0,0,0,0,0,175.488623589277,0,0,0,0,0,0.546743214130402,0,0,0,1.3626803457737,0,3.75875470042229,0,0,0,0,275.25701791048,0,30.0089876353741,0,0,0,39.6368124932051,0,0,0,0,0,0,0,0,0,0,0,0,0,0,0
0,0,0,0,0,0,0,0,0,0,0,7.00862199068069,0,2.25523710250854,0,0,0,0,0,0,0,0,0,0,0,13.5935959815979,0,812.968049108982,0,43.4415619969368,0,0,0,0,0,0,0,0,0,0,0,5.97037741541862,0,0,0,0,0,0,0,178.001584380865,0,0,0,0,0,0,0,65.7967687547207,0,13.1802812516689,0,5.24197705090046,0,0,20.0440636873245,0,24.4463097453117,0,460.22474950552,0,0,0,217.395235523582,0,0,0,0,0,0,0,337.60572463274,0,89.8055485188961,4.45608502626419,8.8965415507555,0,0
0.631521448493004,0,1.61932131648064,0,0,0,0,0,0.945316255092621,0,59.0981731414795,0,0.937572702765465,0,0,0,0.14590123295784,0,3.87191747128963,0,0,0,0,0,0,0,0,0,555.070217847824,0,182.784924000502,0,0,0,0,0,0,0,0,0.187570124864578,0,0,26.037447527051,0,0.176558688282967,0,0.149076074361801,0,143.951584771276,0,0,0,0,0,0,0,33.6498307734728,0,6.12944559752941,0,1.14822748303413,0,0,2.07811120152473,0,1.24635374546051,0,0,0,39.6368124932051,0,0,0,17.9746825993061,0,0,0,0,0,0,0,601.262940660119,18.4956880807877,0.190662786364555,36.3237772136927,0,1.2430123090744
0,1.84843800961971,0,54.4201367646456,0,0,0,0,0,0,0,70.1815450638533,0,0,0,0,3.09981952607632,4.85049530863762,70.4494886994362,0,0,0,0,0,0,0,0,69.9752296805382,0,1080.94852046669,0,0,0,0,0,0,0,98.8877405375242,0,8.26896674185991,0,455.954612150788,0,0.968226492404938,0,26.6961227655411,0.654808104038239,0,0,70.7061922699213,0,1.92468537390232,0,0,0,0,0,324.807164102793,0,1.57905995845795,0,0,56.4627803489566,0,0,0,0,0,0,0,217.395235523582,0,0,0,0,0,0,0,5.10210235416889,0.59139296412468,89.846603512764,0,201.929505266249,3.05400607734919,202.745779573917,86.899584800005,0
2.10091112554073,0,29.9691632315516,0.292415529489517,1.08456441760063,0,0,0,11.5141460746527,0,0,0,0.183260232210159,0,0,0,3.03084917366505,1.99205224215984,43.5669402331114,0,0,0,0,0,0,0,0,0,2.69509506225586,0,124.314279466867,0,0,0,0,0,0,0,6.88715597987175,1.05374228954315,1.92648185044527,0,516.620064988732,0,0.153632894158363,0,7.12195709347725,0,66.7180190831423,0,0.506653144955635,0,0,0,0,0,253.775253251195,0,1.1700369566679,0,0,0,0,26.4178614765406,0,0,0,0,0,0,0,17.9746825993061,0,0,0,0,0,0,0.0870442762970924,3.23538382351398,0,19.5124472677708,187.861382782459,1.355114787817,691.24454049021,0,5.40083542466164
0,0,0,0,0,0,0,0,0,0,0,0,0,0,0,0,0,0,0,0,0,0,0,0,0,0,0,0,0,0,0,820.72857734561,9.8469053208828,46.5594349503517,0,565.254786387086,0,0,0,0,0,0,0,0,0,0,0,2197.14308647811,23.8271828889847,7.22921937704086,0,0,0,0,0,0,0,0,0,0,0,0,0,0,0,0,0,0,0,0,0,0,0,0,0,6.62155801057816,20.3589799404144,0,56.8240198493004,10.7040387988091,0,0,71.6434297859669,0,0,0,0
0,0,0,0,0,0,0,0,0,0,0,0,0,0,0,0,0,0,0,0,0,0,0,0,0,0,0,0,0,0,0,388.069088712335,1381.47055436671,0,49.497239023447,0,469.146971464157,0,0,0,0,0,0,0,0,0,0,225.117257624865,0,0,0,0,0,0,0,0,0,0,0,0,0,0,0,0,0,0,0,0,0,0,0,0,0,0,6.62155801057816,0,0,727.648496031761,3.62099385261536,819.845728099346,0,0,14.2898063063622,0,0,0,0
0,0,0,0,0,0,0,0,0,0,0,0,0,0,0,0,0,0,0,0,0,0,0,0,0,0,0,0,0,0,0,4.92990875244141,2.24118053913116,1355.78269036114,476.311240136623,343.029124647379,0,41.506814584136,0,0,0,0,0,0,0,0,0,127.350785493851,0,0,0,0,0,0,0,0,0,0,0,0,0,0,0,0,0,0,0,0,0,0,0,0,0,0,20.3589799404144,0,0,30.2814400494099,230.408013604581,0,585.817050747573,0,10.371314406395,3.69427907466888,0,0,0
0,0,0,0,0,0,0,0,0,0,0,0,0,0,0,0,0,0,0,0,0,0,0,0,0,0,0,0,0,0,0,0,12.2039510905743,243.088412255049,1072.65696315467,0,700.759589090943,35.1149269342422,56.4770994782448,0,0,0,0,0,0,0,0,374.519264310598,3.7368349134922,0,0,0,0,0,0,0,0,0,0,0,0,0,0,0,0,0,0,0,0,0,0,0,0,0,0,727.648496031761,30.2814400494099,0,0,671.515765175223,0.61135196685791,589.807637482882,116.890193462372,0,0,0,0
0,7.6197944432497,0,47.9212974011898,0,0,0,0,0,0,0,115.505878664553,0,0,0,0,152.257818624377,190.797838903964,1469.66315817088,413.622355163097,0,0,0,0,0,0,0,0,0,0,0,112.664248377085,0,209.393929190934,0,14626.2880238071,7.54925847053528,1474.55013242364,0,480.593160845339,3.49269276857376,583.595625326037,7.02274753153324,28.0469344705343,0.0992753580212593,1325.43395324796,26.799571685493,280.550621390343,0.189670071005821,16.0447493642569,0,4.18255260586739,0,0,0,2.83622050285339,0,23.2825583219528,0,0,0,0,1156.5277261585,2.89258050918579,0,0,0,0,0,0,0,0,5.10210235416889,0.0870442762970924,56.8240198493004,3.62099385261536,230.408013604581,0,0,16.5099606066942,1187.68665999174,1.67892222106457,766.721539109945,101.25352884084,1256.8398591727,218.140011675656,0.48966258764267
3.83738408982754,0.498743921518326,11.2424927949905,0,2.86273689568043,0,0,0,11.8014417886734,0,1,0,0,0,0,0,129.173294022679,74.297303982079,1062.84144182503,0,136.689784839749,0,0,0,0,0,0,0,0,0,0,37.1276454031467,211.042236566544,4.57582080364227,121.946069911122,14.5933600068092,11825.673187606,0,1017.4505776763,13.0165238752961,586.439894847572,4.9259332716465,877.709569610655,2.70758807659149,92.9706875011325,5.70809526741505,1549.0069212392,2065.80461773276,1059.4589330256,0,1.52825903892517,0,0,0,0,0,41.2746178656816,0.794920668005943,0,0,0,0,0,731.823453657329,0,0,0,0,0,0,0,0,0.59139296412468,3.23538382351398,10.7040387988091,819.845728099346,0,671.515765175223,16.5099606066942,0,0.97920074313879,2065.1359384954,1054.67296195775,176.513609282672,1098.8350526765,1.98775926232338,60.5737252011895
0,10.4367150515318,0,23.3887546807528,0,0,0,0,0,0,0,22.5483056604862,0,0,0,0,22.2407172471285,42.3732657283545,285.288569286466,4.58879011869431,0,366.228004291654,0,63.8922900855541,0,0,0,24.2284995913506,0,94.90882332623,0,0,0,843.233122333884,272.38519744575,361.101814568043,0,11681.5346643031,650.626305371523,29.1882112696767,1.24345457553864,48.4616165608168,0.578079536557198,2.7425628900528,0,642.898720875382,9.48860582709312,0,0,490.989816993475,0,0.420645877718925,0,0,0,0,0,1.15664851665497,0,0,0,0,182.928986214101,0,574.218437612057,0,564.6972553581,0,0,0,337.60572463274,0,89.846603512764,0,0,0,585.817050747573,0.61135196685791,1187.68665999174,0.97920074313879,0,0.431206911802292,277.341821044683,49.401225425303,237.853868320584,37.0118409991264,0
