0,0,0.180620958637676,0,0,0,0,0,0.237864576261856,0,0,0,0,0,0,0,0,0,0,0,0,0,0,0,0,0,0,0,0,0,0,0,0,0,0,0,0,0,0,0,0,0,0,0,0,0,0,0,0.230939452515708,0,0,0,0,0,0.250155797846474,0,0,0,0,0,0,0,0,0,0,0,0,0,0,0,0,0,0,0,0,0,0,0,0,0,0,0,0.22147295311184,0,0.181522434859565,0,0
0,0,0,0.228361003320007,0,0.188667438924313,0,0,0,0.242917250309672,0,0,0,0,0,0.225237418775973,0.236183390021324,0.286729256312052,0.208049105746405,0,0,0,0,0,0,0.174892663955688,0,0,0,0,0,0,0,0,0,0,0,0,0,0,0,0,0,0,0,0,0,0,0,0.217427941465378,0,0,0,0,0,0.228895249962807,0,0.190801110863686,0,0,0,0.218210197877193,0,0,0,0,0,0,0,0,0,0,0,0,0,0,0,0,0,0,0,0,0.267784017586955,0.320718854665756,0.20411641895771,0,0
0.180620958637676,0,0,0,0.208234366099789,0,0,0,0.189332579115504,0,0,0,0,0,0,0,0,0,0,0,0,0,0,0,0,0,0,0,0,0,0,0,0,0,0,0,0.283995896577835,0,0.32156702876091,0,0,0,0.255818843841553,0,0,0,0.164878776503934,0.286751851439476,0.144186250567436,0,0,0,0,0,0.187954614991727,0,0,0,0,0,0,0,0,0,0,0,0,0,0,0,0,0,0,0.269938707351685,0,0,0,0,0,0.269796212514242,0,0.321304976940155,0.198130162862631,0,0.159300011965701,0,0
0,0.228361003320007,0,0,0,0.161932803397104,0,0,0,0,0,0,0,0,0,0,0,0,0,0,0,0,0,0,0,0,0,0,0,0,0,0,0,0,0,0,0,0,0,0,0,0,0,0,0,0,0,0,0,0.173941146882101,0,0.181388281285763,0,0,0,0.208823137813144,0,0.149590185021653,0,0,0,0.167293827235699,0,0,0,0,0,0,0,0,0,0,0,0,0,0,0,0,0,0,0,0,0.13464675595363,0,0.172915569108343,0,0
0,0,0.208234366099789,0,0,0,0,0,0.14497746527195,0,0,0,0,0,0,0,0,0,0.291912078857422,0,0,0,0,0,0,0,0,0,0,0,0,0,0,0,0.303551986813545,0,0.286376456681051,0,0.310485973954201,0.265050560235977,0.289888494544559,0.273920059204102,0.260111382231116,0,0,0,0.255510270595551,0.290354570667995,0.2904241762378,0.282861019883837,0.190574733956346,0,0,0,0,0,0.207603079080582,0,0,0,0.132602427154779,0,0,0.283324051292046,0,0,0,0,0,0,0,0,0,0.283148583911714,0,0,0,0.281439030170441,0,0.266024088995023,0,0.286549687385559,0.235499341779343,0.285652965307236,0.250717755343087,0,0
0,0.188667438924313,0,0.161932803397104,0,0,0,0,0,0.149667985737324,0,0,0,0,0,0,0,0,0,0,0,0,0,0,0,0,0,0,0,0,0,0,0,0,0,0,0,0,0,0,0,0,0,0,0,0,0,0,0,0.173866888508201,0,0.196040744100934,0,0.201760243624449,0,0.162392699470123,0,0.278086606193991,0,0.237901836633682,0,0,0.267341156800588,0,0,0,0,0,0,0,0,0,0,0,0,0,0,0,0,0,0,0,0.2157018141083,0,0.170386978444901,0,0
0,0,0,0,0,0,0,0,0,0,0.2016236441476,0,0,0,0,0,0,0,0,0,0.171559382850925,0,0,0,0,0,0,0,0,0,0,0,0,0,0,0,0,0,0,0,0,0,0,0,0,0,0,0,0,0,0,0,0.164787644277448,0,0,0,0.16889438778162,0,0.170827355235815,0,0,0,0,0,0,0,0,0,0,0,0,0,0,0,0,0,0,0,0,0,0,0,0.192084627903321,0,0,0,0
0,0,0,0,0,0,0,0,0,0,0,0.26217750330766,0,0,0,0,0,0,0,0,0,0,0,0,0,0,0,0,0,0,0,0,0,0,0,0,0,0,0,0,0,0,0,0,0,0,0,0,0,0,0,0.196722969412804,0,0.171911167269722,0,0,0,0.236525547835562,0,0.201090401038527,0,0,0,0,0,0,0,0,0,0,0,0,0,0,0,0,0,0,0,0,0,0,0.195818602593977,0,0,0,0
0.237864576261856,0,0.189332579115504,0,0.14497746527195,0,0,0,0,0,0,0,0,0,0.143553329838647,0,0.209063707498575,0.19444675601664,0.223938139279683,0,0,0,0.348108023405075,0.169472873210907,0.246186289807846,0,0,0,0,0,0,0,0,0,0.32936979830265,0,0,0,0.275151232567926,0,0,0,0,0,0,0,0,0,0.186469691449946,0,0,0,0,0,0.260933626241494,0,0,0,0,0,0.219846695661545,0,0,0,0,0,0,0.284348574177972,0,0.225878827273846,0,0,0,0,0,0,0,0,0,0,0,0.326375379413366,0.216880265957517,0.14932485918204,0.186788398863834,0,0
0,0.242917250309672,0,0,0,0.149667985737324,0,0,0,0,0,0,0,0,0,0.168492656615045,0.252740547776222,0.286106598334036,0.234588691499084,0,0,0.204640001058578,0,0.230416340015879,0,0.214595897921494,0,0,0,0,0,0,0,0,0,0,0,0.293818873699999,0,0,0,0.359840045372645,0,0,0,0,0,0,0,0.287248443812132,0,0,0,0,0,0.190382781184532,0,0,0,0,0,0.183174648971269,0,0,0,0,0.197739810541724,0,0.202866640848082,0,0,0,0,0,0,0,0,0,0.353318870067596,0.40962478518486,0.305782186870392,0,0.228465045524425,0.180968361241477,0.324642232345094,0,0
0,0,0,0,0,0,0.2016236441476,0,0,0,0,0,0.166080042719841,0,0,0,0,0,0,0,0.167633393845137,0,0,0,0,0,0,0,0,0,0.1534169241786,0,0,0,0,0,0.185043212844104,0,0.184570543833875,0,0,0,0,0,0,0,0,0,0,0,0,0,0.176396065005442,0,0,0,0.230086937445214,0,0,0,0,0,0,0,0,0,0,0,0,0,0,0,0,0.180400082375854,0,0,0,0,0,0,0,0.167267372556355,0.192197626339538,0,0,0,0
0,0,0,0,0,0,0,0.26217750330766,0,0,0,0,0,0.197179899334091,0,0,0,0,0.353872348864873,0.237254821773498,0,0,0,0,0,0,0,0.172411724925041,0,0.213064049306798,0,0,0,0,0,0.210180348157883,0,0.195811006982448,0,0.294773042201996,0,0.360384283696904,0,0.475560029347738,0,0.288352030401046,0,0,0,0.301209926605225,0,0,0,0.1388755328193,0,0,0,0.237131368143236,0,0.197133082374688,0,0,0.273425228831496,0,0,0,0,0,0,0,0,0,0.284939421143523,0,0,0,0,0,0.260693385132722,0.386404663324356,0.150959400157329,0,0.231586372685192,0.169837240222841,0.372017217845452,0.378728598356247,0
0,0,0,0,0,0,0,0,0,0,0.166080042719841,0,0,0,0,0,0,0,0,0,0,0,0,0,0,0,0,0,0,0,0,0,0,0,0,0,0,0,0,0,0,0,0,0,0,0,0,0,0,0,0,0,0.154558718204498,0,0,0,0,0,0.15360575062888,0,0,0,0,0,0,0,0,0,0,0,0,0,0,0,0,0,0,0,0,0,0,0,0,0,0,0,0
0,0,0,0,0,0,0,0,0,0,0,0.197179899334091,0,0,0,0.16137558221817,0,0.185728003581365,0,0,0,0,0,0,0,0.161930170655251,0,0.144793227314949,0,0.124080248177052,0,0,0,0,0,0,0,0,0,0,0,0,0,0,0,0,0,0,0,0,0,0,0,0,0,0,0,0.179414958027857,0,0.163275831057851,0,0.135666681081057,0,0,0,0,0,0,0.138735999663671,0,0.198313534259796,0,0.14550926287969,0,0,0,0,0,0,0,0,0,0.190242706310181,0.201840276901539,0,0,0
0,0,0,0,0,0,0,0,0.143553329838647,0,0,0,0,0,0,0,0.152033388245814,0,0,0,0,0,0,0,0,0,0,0,0,0,0,0,0,0,0,0,0,0,0,0,0,0,0,0,0,0,0,0,0,0,0,0,0,0,0,0,0,0,0,0,0.252185656474187,0,0,0,0,0,0,0,0,0.262200734905294,0,0.250395306944847,0,0,0,0,0,0,0,0,0,0,0.160377239657415,0,0,0,0
0,0.225237418775973,0,0,0,0,0,0,0,0.168492656615045,0,0,0,0.16137558221817,0,0,0.20400554065903,0.159133317058577,0.198237263730594,0,0,0.200240090489388,0,0.182417446645823,0,0.15239430919512,0,0,0,0,0,0,0,0,0,0,0,0,0,0,0,0,0,0,0,0,0,0,0,0.159175554911296,0,0,0,0,0,0,0,0,0,0,0,0.148839262811697,0,0,0,0,0.170688536763191,0,0.160466412827373,0,0,0,0,0,0,0,0,0,0,0,0,0,0.16403107962438,0.189045275701451,0,0,0
0,0.236183390021324,0,0,0,0,0,0,0.209063707498575,0.252740547776222,0,0,0,0,0.152033388245814,0.20400554065903,0,0.197375796084941,0.267174217204838,0.313919484615326,0,0.232280944784482,0.130466695254048,0.193655923666323,0,0.206984569132328,0,0,0,0,0,0,0,0,0.277918249368668,0.363974030201252,0.351368162367079,0.348665709296862,0.367767203312654,0.345078872516751,0.315963087337358,0.322572090796062,0.303030767675602,0.359173375752664,0.405979798120611,0.32251190841198,0.349196080650602,0.280145800113678,0.341615522191638,0.285394036769867,0,0,0,0,0.23879399895668,0.194802904129028,0,0.325682878494263,0,0,0,0.184864300489426,0.322104036808014,0.333832240766949,0,0,0.185840093841155,0,0.212522085162177,0.225499540567398,0,0,0.341616950929165,0.352135837078094,0,0,0,0.362350672483444,0.360746874403553,0.35186692087327,0.348065240963085,0.359005855189429,0.239310484400946,0.223055123639621,0.33592492725168,0.337054363318852,0.299234747886658
0,0.286729256312052,0,0,0,0,0,0,0.19444675601664,0.286106598334036,0,0,0,0.185728003581365,0,0.159133317058577,0.197375796084941,0,0.253902151227816,0,0,0.14154900619533,0,0.188080084791822,0,0.153784946908793,0,0,0,0,0,0,0,0,0,0.349411969675737,0.355383874475956,0.36235466003418,0.352055609226227,0.350393912915526,0.306148489316305,0.310810712594835,0.306808920204639,0.375471505981225,0.372367698412675,0.325675716002782,0.304427752892176,0.292053957780202,0.317065539956093,0.299282092601061,0,0,0,0,0,0.206952583510429,0,0.301269888877869,0,0,0,0.162557725159995,0.335915505886078,0.326845741271973,0.137844771146774,0,0.204201261625222,0,0.172922438932614,0,0,0,0.367502754384821,0.33176326751709,0,0,0,0,0.352459034404239,0.359071573003744,0.355679049116114,0.358537532132247,0.225432253069354,0.165563447277273,0.322233089921521,0.310469100187565,0
0,0.208049105746405,0,0,0.291912078857422,0,0,0,0.223938139279683,0.234588691499084,0,0.353872348864873,0,0,0,0.198237263730594,0.267174217204838,0.253902151227816,0,0.33295925706625,0,0.200938984751701,0,0.213717655689867,0,0.2390336903433,0,0,0,0.382057905197144,0,0,0,0,0.310936038692792,0.357516451376427,0.35706573672523,0.369873839439732,0.354531845198342,0.340346744930258,0.315060490610624,0.273378704820976,0.279756872676545,0.40144144412544,0.504676508423809,0.329114970810916,0.273323508186473,0.259088671530586,0.342799959534949,0.276648167301627,0,0,0,0,0,0.200883325189352,0,0.325188172214171,0,0,0,0.22510427236557,0.329209680444208,0.331255706805217,0,0,0.225848226497571,0,0.217604726277016,0,0,0,0.363045962819134,0.368655347079039,0,0,0,0.38365364074707,0.362620580223209,0.359395375366755,0.354399404005159,0.370116730929397,0.257233460100238,0.276403607923469,0.335939310524646,0.277975106882114,0.299973801806055
0,0,0,0,0,0,0,0,0,0,0,0.237254821773498,0,0,0,0,0.313919484615326,0,0.33295925706625,0,0,0,0,0,0,0,0,0,0,0.376537919044495,0,0.242491689324379,0,0,0,0.232265444718661,0,0.22005327589414,0,0.244664122229037,0,0.334200362783748,0,0.398379772901535,0,0.261348780327373,0,0.281192478413383,0,0.274871750988744,0,0,0,0,0,0,0,0.320512841475548,0,0,0,0,0.22878618660077,0,0,0,0,0,0,0,0.277539700269699,0,0.382883779841279,0,0,0,0,0,0.291608189277628,0.368477836251259,0.290416680511295,0,0.208910702820098,0.302976429462433,0.348217988014221,0.367534852027893,0
0,0,0,0,0,0,0.171559382850925,0,0,0,0.167633393845137,0,0,0,0,0,0,0,0,0,0,0,0,0,0,0,0,0,0,0,0,0,0,0,0,0,0.244851356075807,0,0.234842662832567,0,0,0,0,0,0.387398302555084,0,0.253241898698939,0,0,0,0,0,0,0,0,0,0.281658753752708,0,0,0,0,0,0,0.233918698106593,0,0,0,0,0,0,0,0,0,0.299615037441254,0,0,0,0,0,0.272586602181074,0,0.178504853394994,0.221211676261034,0,0.277333756026469,0,0
0,0,0,0,0,0,0,0,0,0.204640001058578,0,0,0,0,0,0.200240090489388,0.232280944784482,0.14154900619533,0.200938984751701,0,0,0,0.15472845847408,0.161289862016352,0,0.170356412019048,0,0.188575525616491,0,0,0,0,0,0,0,0,0,0.207635261252484,0.16820764541626,0,0,0,0,0,0,0,0,0,0,0.177190746745614,0,0,0,0,0,0.227869778871536,0,0,0,0,0,0.183502361178398,0,0,0.226321834294283,0.180960413068533,0.160153664648533,0,0.218441277742386,0,0.145658591272015,0,0,0,0,0,0,0,0,0,0.229552898601985,0,0.148085772208282,0.171260525557128,0,0,0
0,0,0,0,0,0,0,0,0.348108023405075,0,0,0,0,0,0,0,0.130466695254048,0,0,0,0,0.15472845847408,0,0,0.231198012661398,0,0.164191129392591,0,0.183366800347964,0,0,0,0,0,0.462958280529295,0,0,0.201853381594022,0.312034368370667,0,0,0,0,0,0,0,0,0.503619206639437,0.284604413740671,0,0,0,0,0,0,0,0,0,0,0,0,0,0,0,0.166347270210584,0.242663669360642,0,0.269149665676412,0,0.23662543296814,0,0.264020173540038,0,0,0,0,0,0.380949263061796,0,0,0,0.367186363697497,0.187484571430113,0.145342110405935,0,0,0
0,0,0,0,0,0,0,0,0.169472873210907,0.230416340015879,0,0,0,0,0,0.182417446645823,0.193655923666323,0.188080084791822,0.213717655689867,0,0,0.161289862016352,0,0,0,0.157426513791084,0,0,0,0,0,0,0,0,0,0,0.358022958040237,0.219775405746919,0,0.338531970977783,0,0.288114577531815,0,0.338973641395569,0,0,0,0,0,0.157604926649262,0,0,0,0,0,0.199212113034821,0,0,0,0,0,0.166106217354536,0,0,0.150212126970291,0,0.167764681674443,0,0.164394950038857,0,0,0,0,0,0,0,0,0,0.31639851629734,0.319061517715454,0.295297433223043,0,0.195672053356526,0.188969534177047,0.247447553090751,0,0
0,0,0,0,0,0,0,0,0.246186289807846,0,0,0,0,0,0,0,0,0,0,0,0,0,0.231198012661398,0,0,0,0.164348422458359,0,0,0,0,0,0,0,0.320886903007825,0,0,0,0.245370404778329,0,0,0,0,0,0,0,0,0,0.236454944525446,0,0,0,0,0,0.267168764798146,0,0,0,0,0,0,0,0,0,0,0.235634602786553,0,0.190866888640753,0,0,0,0,0,0,0,0,0,0,0,0,0,0.309417103942145,0.184485153169245,0,0.194927107542753,0,0
0,0.174892663955688,0,0,0,0,0,0,0,0.214595897921494,0,0,0,0.161930170655251,0,0.15239430919512,0.206984569132328,0.153784946908793,0.2390336903433,0,0,0.170356412019048,0,0.157426513791084,0,0,0,0.13937795907259,0,0,0,0,0,0,0,0,0,0,0,0,0,0.306667447090149,0,0,0,0,0,0,0,0,0,0,0,0,0,0.219640389084816,0,0,0,0,0,0.144440745003521,0,0,0,0,0.132779937361677,0,0.154939393486295,0,0.199682121475538,0,0,0,0,0,0,0,0.39170902967453,0,0,0,0.168412379862275,0.166047204818044,0,0,0
0,0,0,0,0,0,0,0,0,0,0,0,0,0,0,0,0,0,0,0,0,0,0.164191129392591,0,0.164348422458359,0,0,0,0,0,0,0,0,0,0,0,0,0,0,0,0,0,0,0,0,0,0,0,0,0,0,0,0,0,0,0,0,0,0,0,0,0,0,0,0,0.16297599848579,0,0.15714144777684,0,0.227279651061733,0,0,0,0,0,0,0,0,0,0,0,0,0.16896131518975,0,0,0,0
0,0,0,0,0,0,0,0,0,0,0,0.172411724925041,0,0.144793227314949,0,0,0,0,0,0,0,0.188575525616491,0,0,0,0.13937795907259,0,0,0,0.199047271624084,0,0,0,0,0,0,0,0.18708454273068,0,0,0,0,0,0,0,0,0,0,0,0,0,0,0,0,0,0,0,0.17931918385956,0,0,0,0,0,0,0,0,0,0,0.132375463843346,0,0.221123147798194,0,0.178345729431061,0,0,0,0,0,0,0,0.18380082398653,0,0.142578804451558,0.141107738262317,0,0,0
0,0,0,0,0,0,0,0,0,0,0,0,0,0,0,0,0,0,0,0,0,0,0.183366800347964,0,0,0,0,0,0,0,0.207683819627005,0,0,0,0,0,0,0,0.224177207459103,0,0,0,0,0,0,0,0,0,0,0,0,0,0,0,0,0,0,0,0,0,0,0,0,0,0,0,0,0,0,0.182548986200024,0,0.226092771770806,0,0,0,0,0,0,0,0,0,0.232909761245738,0.218201472571022,0,0,0,0
0,0,0,0,0,0,0,0,0,0,0,0.213064049306798,0,0.124080248177052,0,0,0,0,0.382057905197144,0.376537919044495,0,0,0,0,0,0,0,0.199047271624084,0,0,0,0,0,0,0,0.28364822268486,0,0.133230976107501,0,0.33748534321785,0,0.380596047097986,0,0.461358229319255,0,0.312761597059391,0,0.337585141261419,0,0,0,0,0,0,0,0,0,0.268984579791625,0,0,0,0,0.359164582358466,0,0,0,0,0,0,0,0.218537384299216,0,0.250415220582444,0,0,0,0,0,0.304067893520645,0.389217704534531,0.233052582945675,0,0.166027443030396,0.163847058806397,0.379039775241505,0.408859074115753,0
0,0,0,0,0,0,0,0,0,0,0.1534169241786,0,0,0,0,0,0,0,0,0,0,0,0,0,0,0,0,0,0.207683819627005,0,0,0,0,0,0,0,0,0,0.185068712150323,0,0,0,0,0,0,0,0,0,0,0,0,0,0,0,0,0,0,0,0,0,0,0,0,0,0,0,0,0,0,0,0,0,0,0.249282838776708,0,0,0,0,0,0,0,0.134544995359399,0.237630874591489,0,0,0,0
0,0,0,0,0,0,0,0,0,0,0,0,0,0,0,0,0,0,0,0.242491689324379,0,0,0,0,0,0,0,0,0,0,0,0,0.342382866374252,0.303666590118265,0.349804550070654,0.256445444226871,0.306402134895325,0,0,0.26369240708076,0,0,0,0,0,0.237693187594414,0,0.398487638745267,0,0.267185040726894,0,0,0,0,0,0,0,0.2782042324543,0,0,0,0,0.250638175469178,0,0,0,0,0,0,0,0,0,0.29931053519249,0,0.30376079325185,0.367181496110325,0.418001883559757,0,0.317220029960569,0.318938821554184,0.325817416111628,0,0.26598523587513,0,0.265985095500946,0,0
0,0,0,0,0,0,0,0,0,0,0,0,0,0,0,0,0,0,0,0,0,0,0,0,0,0,0,0,0,0,0,0.342382866374252,0,0.212453988194466,0.500808933973312,0.226667357236147,0.307095550493367,0,0,0,0,0,0.316870868206024,0,0,0,0,0.323404077103041,0.302399854729141,0.267521053552628,0,0,0,0,0,0,0,0,0,0,0,0,0,0,0,0,0,0,0,0,0,0,0,0,0.314139700230949,0.319211497184784,0,0.392416649301287,0.298318263143301,0.312152324451341,0,0,0.273289015818953,0,0.234594183663527,0,0
0,0,0,0,0,0,0,0,0,0,0,0,0,0,0,0,0,0,0,0,0,0,0,0,0,0,0,0,0,0,0,0.303666590118265,0.212453988194466,0,0.341266883747797,0.31234364168242,0.333350360393524,0.217981221091129,0.453967906534672,0.27441881461577,0,0.416602253913879,0,0,0,0.270385146141052,0,0.506245593291505,0,0.394217970983061,0,0,0,0,0,0,0,0.311816722154617,0,0,0,0,0.277643710374832,0,0,0,0,0,0,0,0,0,0,0,0.349161896769327,0.523751020431519,0.383447051674614,0.453734884426914,0.34158703856549,0.364468425512314,0.36950443257724,0.51192911863327,0.233199838880855,0.491929645108622,0.448654681444168,0,0
0,0,0,0,0.303551986813545,0,0,0,0.32936979830265,0,0,0,0,0,0,0,0.277918249368668,0,0.310936038692792,0,0,0,0.462958280529295,0,0.320886903007825,0,0,0,0,0,0,0.349804550070654,0.500808933973312,0.341266883747797,0,0.389756619930267,0.310218542536436,0.316837089445427,0.408583537984241,0,0.302706905282461,0.25622825200359,0.278439167770557,0.257398128509521,0,0,0.280780616809021,0.54872817042113,0.271632688823125,0.40761724114418,0,0,0,0,0,0,0.269235342741013,0,0,0,0,0,0,0.30710742426546,0,0,0,0,0,0,0,0,0,0.310267945130666,0.414893892250563,0.39009138835328,0.352107039197933,0.338603114458244,0,0.320403687321068,0.263831163058057,0.372346440825875,0.338078199638291,0.255954766940129,0.276736094048188,0,0.329994037747383
0,0,0,0,0,0,0,0,0,0,0,0.210180348157883,0,0,0,0,0.363974030201252,0.349411969675737,0.357516451376427,0.232265444718661,0,0,0,0,0,0,0,0,0,0.28364822268486,0,0.256445444226871,0.226667357236147,0.31234364168242,0.389756619930267,0,0.14710883571677,0.261555677351696,0.310733227059245,0.31599556415891,0.351126169164975,0.324452299160931,0.307694396004081,0.444956078248865,0.249056279659271,0.257878267575952,0.338206768035889,0.245524574281261,0.37634824514389,0.293820797940483,0,0,0,0,0,0,0,0.299275586479589,0,0,0,0,0.261687929841029,0.320456869900227,0,0,0,0,0.365125477313995,0,0,0,0.341144795617918,0.378590971231461,0.304676200895627,0.128087378107011,0.41851718730281,0.426624890830782,0.250896139473047,0.289293651448356,0.271856986004906,0.376170481954302,0.21718141845222,0.201975093099587,0.310751148114501,0.345032069201653,0.319439291954041
0,0,0.283995896577835,0,0.286376456681051,0,0,0,0,0,0.185043212844104,0,0,0,0,0,0.351368162367079,0.355383874475956,0.35706573672523,0,0.244851356075807,0,0,0.358022958040237,0,0,0,0,0,0,0,0.306402134895325,0.307095550493367,0.333350360393524,0.310218542536436,0.14710883571677,0,0.29075748829738,0.260216961092701,0.362011641263962,0.322956378376761,0.331876371713246,0.322491065414233,0.329594239592552,0.424586176361356,0,0.27259378433532,0.283031677480564,0.290680170850721,0.273273855166615,0,0,0,0,0,0,0.26782529268946,0.337340295314789,0,0,0,0,0.351205289363861,0.262551911638684,0,0,0,0,0,0,0,0,0.371228128671646,0.319304661381812,0.174634529277682,0.309614017861496,0,0.282038277999721,0.248853057193068,0.236860865262376,0.377553088797463,0.253813223339809,0.22219118599193,0.205581818898655,0.318205949197384,0.312923508882523,0.355510141538537
0,0,0,0,0,0,0,0,0,0.293818873699999,0,0.195811006982448,0,0,0,0,0.348665709296862,0.36235466003418,0.369873839439732,0.22005327589414,0,0.207635261252484,0.201853381594022,0.219775405746919,0,0,0,0.18708454273068,0,0.133230976107501,0,0,0,0.217981221091129,0.316837089445427,0.261555677351696,0.29075748829738,0,0.230396534249209,0.347080375999212,0.30552464723587,0.308907561681487,0.355523324012756,0.466142208519436,0.374180883169174,0.319617017366729,0.306811094284058,0.573104213556872,0.311706215143204,0.371213249975394,0,0,0,0,0,0.277843207120895,0,0.249818134103336,0,0,0,0,0.338701773509086,0.356532732645671,0.234886607483085,0,0,0,0,0,0.223624152796609,0,0.240092278068716,0,0,0,0.219411640031503,0.262682314576774,0.296352406644419,0.35554252192378,0.246349657789312,0.260716840415914,0.206703786204719,0.217975998347866,0.353940045381698,0.389323535210946,0
0,0,0.32156702876091,0,0.310485973954201,0,0,0,0.275151232567926,0,0.184570543833875,0,0,0,0,0,0.367767203312654,0.352055609226227,0.354531845198342,0,0.234842662832567,0.16820764541626,0.312034368370667,0,0.245370404778329,0,0,0,0.224177207459103,0,0.185068712150323,0,0,0.453967906534672,0.408583537984241,0.310733227059245,0.260216961092701,0.230396534249209,0,0,0.342794785896937,0.341955364534729,0.343011350085057,0,0.429385070143075,0,0.292684010547009,0.480426902033288,0.265705193779622,0.307131209543773,0,0,0,0,0.301337587467411,0,0.180792003820993,0,0,0,0,0,0,0.296519656237718,0,0.228204235103395,0,0.278166558421575,0,0,0,0.258220913180386,0.362311542034149,0.219490283333203,0,0,0,0.30884019376472,0.380179752906164,0.270030482152851,0.226056822708675,0.261087622756705,0.212315825222048,0.194235768469828,0.328688414657817,0.349351799488068,0.360988420875449
0,0,0,0,0.265050560235977,0,0,0,0,0,0,0.294773042201996,0,0,0,0,0.345078872516751,0.350393912915526,0.340346744930258,0.244664122229037,0,0,0,0.338531970977783,0,0,0,0,0,0.33748534321785,0,0.26369240708076,0,0.27441881461577,0,0.31599556415891,0.362011641263962,0.347080375999212,0,0,0.323253700137138,0.323073169148881,0.322928782020296,0.363649194305008,0.383929520845413,0.257531329653317,0.335335552692413,0.28928444898046,0.322460323572159,0.278205943631502,0,0,0,0,0,0,0,0.313140539022592,0,0,0,0,0.268184228273342,0,0,0,0,0,0,0,0,0,0.330129789454596,0,0,0,0,0,0.259238623918095,0.35586330638482,0.252587897558806,0.365007314417097,0.334678837244051,0.346977656887424,0.3213779845739,0.287475895578578,0.231945991516113
0,0,0,0,0.289888494544559,0,0,0,0,0,0,0,0,0,0,0,0.315963087337358,0.306148489316305,0.315060490610624,0,0,0,0,0,0,0,0,0,0,0,0,0,0,0,0.302706905282461,0.351126169164975,0.322956378376761,0.30552464723587,0.342794785896937,0.323253700137138,0,0.290742639605313,0.328791547916445,0.256858403484027,0.298657804727554,0.302833519876003,0.246476967512451,0.324025381584161,0.277085033518267,0.247835911285709,0,0,0,0,0,0,0.280470617115498,0.25458812713623,0,0,0,0,0.290597200393677,0.249969287942617,0,0,0,0,0,0,0,0,0.304381400346756,0.346524876356125,0,0,0,0.285683852034746,0.337626964617998,0.244868995569051,0.335324143662172,0.289934896303145,0.320361355035487,0.325300730410076,0.308935449469989,0.273202319939931,0.3006871851782
0,0,0,0,0.273920059204102,0,0,0,0,0.359840045372645,0,0.360384283696904,0,0,0,0,0.322572090796062,0.310810712594835,0.273378704820976,0.334200362783748,0,0,0,0.288114577531815,0,0.306667447090149,0,0,0,0.380596047097986,0,0,0,0.416602253913879,0.25622825200359,0.324452299160931,0.331876371713246,0.308907561681487,0.341955364534729,0.323073169148881,0.290742639605313,0,0.227535505835091,0.32809876235468,0.305934518575668,0.315870192688955,0.292906688792365,0.25901542859186,0.301140370965004,0.256402078297322,0,0,0,0,0,0,0,0.317713505969468,0,0,0,0,0.363322616922833,0.312761396169662,0,0,0,0,0.341980785131454,0,0,0,0.323427892169903,0.317995756864548,0,0,0,0.306413978338242,0.337736382539877,0.330880289378854,0.32294234516828,0.352484797593206,0.264429157775428,0.299758912301531,0.270535226564055,0.244116523031947,0.255697348713875
0,0,0.255818843841553,0,0.260111382231116,0,0,0,0,0,0,0,0,0,0,0,0.303030767675602,0.306808920204639,0.279756872676545,0,0,0,0,0,0,0,0,0,0,0,0,0,0.316870868206024,0,0.278439167770557,0.307694396004081,0.322491065414233,0.355523324012756,0.343011350085057,0.322928782020296,0.328791547916445,0.227535505835091,0,0.249622583389282,0.348181736062874,0.264003589749336,0.323877925556113,0.256895534951979,0.31100076451967,0.301039656251669,0,0,0,0,0,0,0.360422559759834,0,0,0,0,0,0.296169191598892,0.360532375651279,0,0,0,0,0,0,0,0,0.311888625224431,0.389867245297115,0,0,0,0.307331173483169,0.31924493925439,0.355509591754123,0.328531462837149,0.384531583834495,0.229193658772326,0.307609954962925,0.339766791759515,0.226619332035383,0.294067294316919
0,0,0,0,0,0,0,0,0,0,0,0.475560029347738,0,0,0,0,0.359173375752664,0.375471505981225,0.40144144412544,0.398379772901535,0,0,0,0.338973641395569,0,0,0,0,0,0.461358229319255,0,0,0,0,0.257398128509521,0.444956078248865,0.329594239592552,0.466142208519436,0,0.363649194305008,0.256858403484027,0.32809876235468,0.249622583389282,0,0.342272624373436,0.327692850872322,0.306382656097412,0.404829055070877,0.322853669524193,0.284552708268166,0,0,0,0,0,0,0,0.411402707750147,0,0,0,0,0.357172563672066,0.318064734339714,0,0,0,0,0,0,0,0,0.450644271938424,0,0,0,0,0,0.409472933544321,0.367171061535676,0.504736919729215,0.359545007348061,0.38590425271658,0.347016044954459,0.384889607721905,0.371762441027732,0
0,0,0,0,0,0,0,0,0,0,0,0,0,0,0,0,0.405979798120611,0.372367698412675,0.504676508423809,0,0.387398302555084,0,0,0,0,0,0,0,0,0,0,0,0,0,0,0.249056279659271,0.424586176361356,0.374180883169174,0.429385070143075,0.383929520845413,0.298657804727554,0.305934518575668,0.348181736062874,0.342272624373436,0,0.368118278682232,0.360429913498635,0,0.451509330135125,0,0,0,0,0,0,0,0,0,0,0,0,0,0,0.386542573571205,0,0,0,0,0,0,0,0,0,0.429306262305805,0,0,0,0.399007320404053,0.386399638652802,0.441906017335978,0.406904019415379,0.48004214004647,0.388035345478218,0.356619481742382,0.414426240672186,0,0.274343231320381
0,0,0,0,0,0,0,0,0,0,0,0.288352030401046,0,0,0,0,0.32251190841198,0.325675716002782,0.329114970810916,0.261348780327373,0,0,0,0,0,0,0,0,0,0.312761597059391,0,0.237693187594414,0,0.270385146141052,0,0.257878267575952,0,0.319617017366729,0,0.257531329653317,0.302833519876003,0.315870192688955,0.264003589749336,0.327692850872322,0.368118278682232,0,0.273152261972427,0.268893863633275,0.384905487298965,0.263296519254529,0,0,0,0,0,0,0,0.309362867587018,0,0,0,0,0.279101602446929,0,0,0,0,0,0,0,0,0,0.343764149687134,0,0,0,0.252190262079239,0,0.232323249394606,0.351617864200047,0.323682511820219,0.345400661230087,0.252544573744777,0.317483973999818,0.260462386111988,0.310434318078098,0
0,0,0.164878776503934,0,0.255510270595551,0,0,0,0,0,0,0,0,0,0,0,0.349196080650602,0.304427752892176,0.273323508186473,0,0.253241898698939,0,0,0,0,0,0,0,0,0,0,0,0,0,0.280780616809021,0.338206768035889,0.27259378433532,0.306811094284058,0.292684010547009,0.335335552692413,0.246476967512451,0.292906688792365,0.323877925556113,0.306382656097412,0.360429913498635,0.273152261972427,0,0.293898148948409,0.303332528604542,0.27897784113884,0,0,0,0,0,0,0.32223583261172,0,0,0,0,0,0,0.286903838420431,0,0,0,0,0,0,0,0,0,0.331676732032598,0,0,0,0.302877227465312,0.340072217312726,0.243029892579249,0.35301548987627,0.310223794586454,0.251713752459408,0.280026933178306,0.276352800706961,0,0.328460315532154
0,0,0.286751851439476,0,0.290354570667995,0,0,0,0,0,0,0,0,0,0,0,0.280145800113678,0.292053957780202,0.259088671530586,0.281192478413383,0,0,0.503619206639437,0,0,0,0,0,0,0.337585141261419,0,0.398487638745267,0.323404077103041,0.506245593291505,0.54872817042113,0.245524574281261,0.283031677480564,0.573104213556872,0.480426902033288,0.28928444898046,0.324025381584161,0.25901542859186,0.256895534951979,0.404829055070877,0,0.268893863633275,0.293898148948409,0,0.346430712410067,0.425737180162028,0,0,0,0,0,0,0.285562423723085,0.312143330574036,0,0,0,0,0.282841121732462,0.310207226344843,0,0,0,0,0,0,0,0,0.331843001842499,0.314976538772936,0.30871805556063,0.324357028122834,0.59090964800241,0.528522087658658,0.286411669762696,0.316880202333066,0.422311387124367,0.511869564110154,0.37117080437556,0.365350449457765,0.383860919078702,0.235243215305465,0.304842733080612
0.230939452515708,0,0.144186250567436,0,0.2904241762378,0,0,0,0.186469691449946,0,0,0,0,0,0,0,0.341615522191638,0.317065539956093,0.342799959534949,0,0,0,0.284604413740671,0,0.236454944525446,0,0,0,0,0,0,0,0.302399854729141,0,0.271632688823125,0.37634824514389,0.290680170850721,0.311706215143204,0.265705193779622,0.322460323572159,0.277085033518267,0.301140370965004,0.31100076451967,0.322853669524193,0.451509330135125,0.384905487298965,0.303332528604542,0.346430712410067,0,0.200906323423372,0.24689993262291,0,0,0,0.177874412606744,0,0.28736843594483,0,0,0,0,0,0,0.322868801169581,0,0.277908941341001,0,0.276212557059963,0,0.271235425403153,0,0.275344446585292,0,0.339423467715581,0,0.324197084913331,0,0.279543547158502,0.340868948400021,0.305275325998869,0.368853588898977,0.245607457447792,0.274747031607798,0.341964854001999,0.334766157869062,0.324799090623856,0.384598447099759
0,0.217427941465378,0,0.173941146882101,0.282861019883837,0.173866888508201,0,0,0,0.287248443812132,0,0.301209926605225,0,0,0,0.159175554911296,0.285394036769867,0.299282092601061,0.276648167301627,0.274871750988744,0,0.177190746745614,0,0.157604926649262,0,0,0,0,0,0,0,0.267185040726894,0.267521053552628,0.394217970983061,0.40761724114418,0.293820797940483,0.273273855166615,0.371213249975394,0.307131209543773,0.278205943631502,0.247835911285709,0.256402078297322,0.301039656251669,0.284552708268166,0,0.263296519254529,0.27897784113884,0.425737180162028,0.200906323423372,0,0,0,0,0,0,0.196786535006982,0.280734688043594,0.281519032774433,0,0,0,0.187758196145296,0.273425686717877,0.280728706135982,0.28636316665984,0,0.223678220506935,0,0.258829547659211,0,0.399248340394762,0,0.334378553321585,0.327093988656998,0,0,0.282505827912918,0.413462173938751,0.270710597813313,0.268933337081123,0.446787779183505,0.324660188518465,0.392178047552667,0.325157940387726,0.311038871374437,0.242686546345552,0.304029852151871
0,0,0,0,0.190574733956346,0,0,0,0,0,0,0,0,0,0,0,0,0,0,0,0,0,0,0,0,0,0,0,0,0,0,0,0,0,0,0,0,0,0,0,0,0,0,0,0,0,0,0,0.24689993262291,0,0,0,0,0,0,0,0.181404267211218,0,0,0,0,0,0,0.275490438938141,0,0,0,0,0,0,0,0,0,0,0,0,0,0,0,0,0,0,0.222450007715922,0,0.25957830202195,0,0
0,0,0,0.181388281285763,0,0.196040744100934,0,0.196722969412804,0,0,0,0,0,0,0,0,0,0,0,0,0,0,0,0,0,0,0,0,0,0,0,0,0,0,0,0,0,0,0,0,0,0,0,0,0,0,0,0,0,0,0,0,0,0,0,0,0,0.259993871289586,0,0,0,0,0,0,0,0,0,0,0,0,0,0,0,0,0,0,0,0,0,0,0,0,0.185073259167182,0,0,0,0
0,0,0,0,0,0,0.164787644277448,0,0,0,0.176396065005442,0,0.154558718204498,0,0,0,0,0,0,0,0,0,0,0,0,0,0,0,0,0,0,0,0,0,0,0,0,0,0,0,0,0,0,0,0,0,0,0,0,0,0,0,0,0,0,0,0.174227859628828,0,0.170716384691851,0,0,0,0,0,0,0,0,0,0,0,0,0,0,0,0,0,0,0,0,0,0,0,0,0,0,0,0
0,0,0,0,0,0.201760243624449,0,0.171911167269722,0,0,0,0.1388755328193,0,0,0,0,0,0,0,0,0,0,0,0,0,0,0,0,0,0,0,0,0,0,0,0,0,0,0,0,0,0,0,0,0,0,0,0,0,0,0,0,0,0,0,0,0,0.131867832657117,0,0,0,0,0,0,0,0,0,0,0,0,0,0,0,0,0,0,0,0,0,0,0,0,0.157160186767578,0,0,0,0
0.250155797846474,0,0.187954614991727,0,0,0,0,0,0.260933626241494,0,0,0,0,0,0,0,0.23879399895668,0,0,0,0,0,0,0,0.267168764798146,0,0,0,0,0,0,0,0,0,0,0,0,0,0.301337587467411,0,0,0,0,0,0,0,0,0,0.177874412606744,0,0,0,0,0,0,0,0,0,0,0,0,0,0,0,0,0,0,0.296646050880758,0,0,0,0,0,0,0,0,0,0,0,0,0,0.296432402834558,0.237240837378935,0,0.23259125828743,0,0
0,0.228895249962807,0,0.208823137813144,0,0.162392699470123,0,0,0,0.190382781184532,0,0,0,0,0,0,0.194802904129028,0.206952583510429,0.200883325189352,0,0,0.227869778871536,0,0.199212113034821,0,0.219640389084816,0,0,0,0,0,0,0,0,0,0,0,0.277843207120895,0,0,0,0,0,0,0,0,0,0,0,0.196786535006982,0,0,0,0,0,0,0,0,0,0,0,0.165297073125839,0,0,0,0,0.216933613977371,0,0.208821360270182,0,0,0,0,0,0,0,0,0,0,0,0,0,0.200366984072484,0.183607496321201,0.239323440578676,0,0
0,0,0,0,0.207603079080582,0,0.16889438778162,0,0,0,0.230086937445214,0,0,0,0,0,0,0,0,0,0.281658753752708,0,0,0,0,0,0,0,0,0,0,0,0,0,0.269235342741013,0,0.26782529268946,0,0.180792003820993,0,0.280470617115498,0,0.360422559759834,0,0,0,0.32223583261172,0.285562423723085,0.28736843594483,0.280734688043594,0.181404267211218,0,0.174227859628828,0,0,0,0,0,0.179831076983143,0,0,0,0,0.286291313941827,0,0,0,0,0,0,0,0,0,0.281653818854114,0,0,0,0.284227848052979,0,0.2985161400313,0.327755451202393,0.344668626001007,0.204543402055641,0.267853677272797,0.258927901054738,0,0.362631112337112
0,0.190801110863686,0,0.149590185021653,0,0.278086606193991,0,0.236525547835562,0,0,0,0.237131368143236,0,0.179414958027857,0,0,0.325682878494263,0.301269888877869,0.325188172214171,0.320512841475548,0,0,0,0,0,0,0,0.17931918385956,0,0.268984579791625,0,0.2782042324543,0,0.311816722154617,0,0.299275586479589,0.337340295314789,0.249818134103336,0,0.313140539022592,0.25458812713623,0.317713505969468,0,0.411402707750147,0,0.309362867587018,0,0.312143330574036,0,0.281519032774433,0,0.259993871289586,0,0.131867832657117,0,0,0,0,0,0.206687029322674,0,0,0.334169625362318,0,0,0,0,0,0,0,0.246140198373213,0,0.321660367154911,0,0,0,0,0,0.277872794218685,0.313732162117958,0.347489515940348,0,0.230942591201121,0.267029315233231,0.350296389859945,0.335778792699178,0
0,0,0,0,0,0,0.170827355235815,0,0,0,0,0,0.15360575062888,0,0,0,0,0,0,0,0,0,0,0,0,0,0,0,0,0,0,0,0,0,0,0,0,0,0,0,0,0,0,0,0,0,0,0,0,0,0,0,0.170716384691851,0,0,0,0.179831076983143,0,0,0,0.205610385755213,0,0,0,0,0,0,0,0,0,0,0.211007669568062,0,0,0,0,0,0,0,0,0,0,0,0,0,0,0
0,0,0,0,0,0.237901836633682,0,0.201090401038527,0,0,0,0.197133082374688,0,0.163275831057851,0,0,0,0,0,0,0,0,0,0,0,0,0,0,0,0,0,0,0,0,0,0,0,0,0,0,0,0,0,0,0,0,0,0,0,0,0,0,0,0,0,0,0,0.206687029322674,0,0,0,0,0,0,0,0,0,0,0,0,0,0,0,0,0,0,0,0,0,0,0,0,0,0,0,0,0
0,0,0,0,0.132602427154779,0,0,0,0.219846695661545,0,0,0,0,0,0.252185656474187,0,0,0,0,0,0,0,0,0,0,0,0,0,0,0,0,0,0,0,0,0,0,0,0,0,0,0,0,0,0,0,0,0,0,0,0,0,0,0,0,0,0,0,0.205610385755213,0,0,0,0,0,0,0,0,0,0,0.255707377896589,0,0.228701219698529,0,0,0,0,0,0,0,0,0,0,0,0,0,0,0
0,0.218210197877193,0,0.167293827235699,0,0,0,0,0,0.183174648971269,0,0,0,0.135666681081057,0,0.148839262811697,0.184864300489426,0.162557725159995,0.22510427236557,0,0,0.183502361178398,0,0.166106217354536,0,0.144440745003521,0,0,0,0,0,0,0,0,0,0,0,0,0,0,0,0,0,0,0,0,0,0,0,0.187758196145296,0,0,0,0,0,0.165297073125839,0,0,0,0,0,0,0,0,0,0,0.155639116962751,0,0.163918149140146,0,0,0,0,0,0,0,0,0,0,0,0,0,0.156635059627579,0.149799306805317,0.218500822782516,0,0
0,0,0,0,0,0.267341156800588,0,0,0,0,0,0.273425228831496,0,0,0,0,0.322104036808014,0.335915505886078,0.329209680444208,0.22878618660077,0,0,0,0,0,0,0,0,0,0.359164582358466,0,0.250638175469178,0,0.277643710374832,0,0.261687929841029,0.351205289363861,0.338701773509086,0,0.268184228273342,0.290597200393677,0.363322616922833,0.296169191598892,0.357172563672066,0,0.279101602446929,0,0.282841121732462,0,0.273425686717877,0,0,0,0,0,0,0,0.334169625362318,0,0,0,0,0,0.349450349807739,0,0,0,0,0,0,0.320875376462936,0,0.378629075265538,0,0,0,0,0,0.268480361018279,0.355153776705265,0.358223665911832,0.322562396526337,0.255236670747965,0.319672676649961,0.370425302901198,0.317974849954828,0
0,0,0,0,0.283324051292046,0,0,0,0,0,0,0,0,0,0,0,0.333832240766949,0.326845741271973,0.331255706805217,0,0.233918698106593,0,0,0,0,0,0,0,0,0,0,0,0,0,0.30710742426546,0.320456869900227,0.262551911638684,0.356532732645671,0.296519656237718,0,0.249969287942617,0.312761396169662,0.360532375651279,0.318064734339714,0.386542573571205,0,0.286903838420431,0.310207226344843,0.322868801169581,0.280728706135982,0.275490438938141,0,0,0,0,0,0.286291313941827,0,0,0,0,0,0.349450349807739,0,0,0,0,0,0,0,0,0,0,0.324102890633401,0,0,0,0.308477159589529,0.358473426529339,0.293099768281999,0,0.296349699172034,0.233046042919159,0.327005518807305,0.316644509406076,0.305650159716606,0.356693600304425
0,0,0,0,0,0,0,0,0,0,0,0,0,0,0,0,0,0.137844771146774,0,0,0,0.226321834294283,0.166347270210584,0.150212126970291,0,0,0,0,0,0,0,0,0,0,0,0,0,0.234886607483085,0,0,0,0,0,0,0,0,0,0,0,0.28636316665984,0,0,0,0,0,0,0,0,0,0,0,0,0,0,0,0,0.198205488775156,0,0.31323724364241,0,0.352302630169269,0,0,0,0,0,0,0,0,0,0.227393996389891,0,0.161684468388557,0,0,0,0
0,0,0,0,0,0,0,0,0,0,0,0,0,0,0,0,0,0,0,0,0,0.180960413068533,0.242663669360642,0,0.235634602786553,0,0.16297599848579,0,0,0,0,0,0,0,0,0,0,0,0.228204235103395,0,0,0,0,0,0,0,0,0,0.277908941341001,0,0,0,0,0,0,0,0,0,0,0,0,0,0,0,0,0,0,0.275183600369998,0,0.21682317789351,0,0.217002032324672,0,0,0,0,0,0,0,0,0,0.278191893011011,0.192392552525945,0.158116216892781,0,0,0
0,0,0,0,0,0,0,0,0,0.197739810541724,0,0,0,0,0,0.170688536763191,0.185840093841155,0.204201261625222,0.225848226497571,0,0,0.160153664648533,0,0.167764681674443,0,0.132779937361677,0,0,0,0,0,0,0,0,0,0,0,0,0,0,0,0,0,0,0,0,0,0,0,0.223678220506935,0,0,0,0,0,0.216933613977371,0,0,0,0,0,0.155639116962751,0,0,0.198205488775156,0,0,0,0.212147969533415,0,0,0,0,0,0,0,0,0,0,0,0,0,0.196060457045124,0.188136866688728,0.245451332650857,0,0
0,0,0,0,0,0,0,0,0.284348574177972,0,0,0,0,0,0,0,0,0,0,0,0,0,0.269149665676412,0,0.190866888640753,0,0.15714144777684,0,0,0,0,0,0,0,0,0,0,0,0.278166558421575,0,0,0,0,0,0,0,0,0,0.276212557059963,0,0,0,0,0,0.296646050880758,0,0,0,0,0,0,0,0,0,0,0.275183600369998,0,0,0,0.262490055213372,0,0.306845600406329,0,0,0,0,0,0,0,0,0,0.295993409873857,0.14580430903218,0,0.218455819146974,0,0
0,0,0,0,0,0,0,0,0,0.202866640848082,0,0,0,0.138735999663671,0,0.160466412827373,0.212522085162177,0.172922438932614,0.217604726277016,0,0,0.218441277742386,0,0.164394950038857,0,0.154939393486295,0,0.132375463843346,0,0,0,0,0,0,0,0.365125477313995,0,0,0,0,0,0.341980785131454,0,0,0,0,0,0,0,0.258829547659211,0,0,0,0,0,0.208821360270182,0,0,0,0,0,0.163918149140146,0,0,0.31323724364241,0,0.212147969533415,0,0,0,0.299188646040324,0,0,0,0,0,0,0,0.365308076143265,0,0,0,0.19043986635977,0.171552626788616,0.254374902393367,0,0
0,0,0,0,0,0,0,0,0.225878827273846,0,0,0,0,0,0.262200734905294,0,0.225499540567398,0,0,0,0,0,0.23662543296814,0,0,0,0.227279651061733,0,0.182548986200024,0,0,0,0,0,0,0,0,0,0,0,0,0,0,0,0,0,0,0,0.271235425403153,0,0,0,0,0,0,0,0,0,0,0,0.255707377896589,0,0,0,0,0.21682317789351,0,0.262490055213372,0,0,0,0.259613306522369,0,0,0,0,0,0,0,0,0,0,0,0,0,0,0
0,0,0,0,0,0,0,0,0,0,0,0,0,0.198313534259796,0,0,0,0,0,0.277539700269699,0,0.145658591272015,0,0,0,0.199682121475538,0,0.221123147798194,0,0.218537384299216,0,0,0,0,0,0,0,0.223624152796609,0,0,0,0,0,0,0,0,0,0,0,0.399248340394762,0,0,0,0,0,0,0,0.246140198373213,0,0,0,0,0.320875376462936,0,0.352302630169269,0,0,0,0.299188646040324,0,0,0,0.225225515663624,0,0,0,0,0,0,0,0.275274129377471,0,0.132039814389178,0,0,0,0
0,0,0,0,0,0,0,0,0,0,0,0,0,0,0.250395306944847,0,0,0,0,0,0,0,0.264020173540038,0,0,0,0,0,0.226092771770806,0,0,0,0,0,0,0,0,0,0.258220913180386,0,0,0,0,0,0,0,0,0,0.275344446585292,0,0,0,0,0,0,0,0,0,0.211007669568062,0,0.228701219698529,0,0,0,0,0.217002032324672,0,0.306845600406329,0,0.259613306522369,0,0,0,0.317939719445876,0,0,0,0,0,0,0,0.26893279579937,0.275323748588562,0,0,0,0
0,0,0,0,0,0,0,0,0,0,0,0.284939421143523,0,0.14550926287969,0,0,0.341616950929165,0.367502754384821,0.363045962819134,0.382883779841279,0,0,0,0,0,0,0,0.178345729431061,0,0.250415220582444,0,0.29931053519249,0,0,0,0.341144795617918,0.371228128671646,0.240092278068716,0.362311542034149,0.330129789454596,0.304381400346756,0.323427892169903,0.311888625224431,0.450644271938424,0,0.343764149687134,0,0.331843001842499,0,0.334378553321585,0,0,0,0,0,0,0,0.321660367154911,0,0,0,0,0.378629075265538,0,0,0,0,0,0,0,0.225225515663624,0,0,0,0,0,0,0,0.31599393423391,0.369799236456553,0.302414797003502,0,0.288193222935553,0.308213425534112,0.346113090926313,0.375875873419739,0
0,0,0.269938707351685,0,0.283148583911714,0,0,0,0,0,0.180400082375854,0,0,0,0,0,0.352135837078094,0.33176326751709,0.368655347079039,0,0.299615037441254,0,0,0,0,0,0,0,0,0,0.249282838776708,0,0,0,0.310267945130666,0.378590971231461,0.319304661381812,0,0.219490283333203,0,0.346524876356125,0.317995756864548,0.389867245297115,0,0.429306262305805,0,0.331676732032598,0.314976538772936,0.339423467715581,0.327093988656998,0,0,0,0,0,0,0.281653818854114,0,0,0,0,0,0,0.324102890633401,0,0,0,0,0,0,0,0.317939719445876,0,0,0,0,0,0,0.354968905448914,0.306332821074205,0.368506699800491,0.329147519687047,0.337537795133974,0.324836887419224,0.338455227232471,0,0.408347249815339
0,0,0,0,0,0,0,0,0,0,0,0,0,0,0,0,0,0,0,0,0,0,0,0,0,0,0,0,0,0,0,0.30376079325185,0.314139700230949,0.349161896769327,0.414893892250563,0.304676200895627,0.174634529277682,0,0,0,0,0,0,0,0,0,0,0.30871805556063,0,0,0,0,0,0,0,0,0,0,0,0,0,0,0,0,0,0,0,0,0,0,0,0,0,0,0,0.429479248564819,0.46812829375267,0,0.415162860606813,0,0,0,0.325002214109141,0,0,0,0
0,0,0,0,0,0,0,0,0,0,0,0,0,0,0,0,0,0,0,0,0,0,0,0,0,0,0,0,0,0,0,0.367181496110325,0.319211497184784,0.523751020431519,0.39009138835328,0.128087378107011,0.309614017861496,0,0,0,0,0,0,0,0,0,0,0.324357028122834,0.324197084913331,0,0,0,0,0,0,0,0,0,0,0,0,0,0,0,0,0,0,0,0,0,0,0,0,0,0.429479248564819,0,0,0.376652499725079,0.498462848365307,0.25880312902538,0,0,0.455891042883169,0,0,0,0
0,0,0,0,0,0,0,0,0,0,0,0,0,0,0,0,0,0,0,0,0,0,0,0,0,0,0,0,0,0,0,0.418001883559757,0,0.383447051674614,0.352107039197933,0.41851718730281,0,0.219411640031503,0,0,0,0,0,0,0,0.252190262079239,0,0.59090964800241,0,0.282505827912918,0,0,0,0,0,0,0,0,0,0,0,0,0,0,0,0,0,0,0,0,0,0,0,0,0.46812829375267,0,0,0.428013491630554,0.362649335287879,0,0.31087601201561,0,0.217240874300755,0,0.269347250461578,0,0
