0,0,0.0921695517266498,0,0.13975328207016,0,0,0,0.172287347318152,0.252336591482162,0,0,0,0,0,0,0.264472491817899,0.239273938039939,0.241449840619402,0,0,0,0,0,0.276308238506317,0,0,0,0,0,0,0,0,0,0,0,0,0,0.243103481829166,0.211523729562759,0.261308982296098,0.151508063077927,0.262183438730359,0.225917339324951,0.280944056808949,0,0.252198454121064,0.320672575384378,0.173978588743956,0,0.144334241747856,0,0,0,0.211517207455352,0,0.189015528808037,0,0.15494955575733,0,0.159259041111949,0,0.238362267613411,0.260762204917578,0,0,0,0.222254827618599,0,0.196199388753983,0,0,0.180982023477554,0.213573060356654,0,0,0,0,0.26295393705368,0.313265964545702,0.378014266490936,0.266284978703449,0.213813580662155,0.133714452385902,0.209411967239519,0,0.312023639678955
0,0,0,0.122241447603001,0,0.101765726394248,0,0,0,0.138384951534571,0,0,0,0,0,0.140813950787891,0,0.19007586936156,0.203201421456678,0,0,0,0,0,0,0,0,0,0,0,0,0.258353628218174,0.248825147747993,0.222444157515253,0,0.303976133465767,0.340357422828674,0.203183889389038,0,0.264839280148347,0,0.240828885414159,0.263001449406147,0,0,0.252711241443952,0,0.235259545738237,0,0.201281095481413,0,0,0,0,0,0.170902155634105,0,0,0,0.171609096774241,0,0.186001514511243,0.337818026542664,0,0,0,0.203130950098452,0,0,0,0,0,0.238824024796486,0,0.251729056239128,0.214965656399727,0.218268670714819,0.204005286097527,0.310520680621266,0,0.244445834909716,0,0.18292422991908,0.114432198305925,0.186593988634425,0.161220153669516,0
0.0921695517266498,0,0,0,0.0999512236142896,0,0,0,0.101219098601076,0,0.149918302893639,0,0,0,0,0,0,0,0.277484233180682,0,0.137013804506172,0,0,0,0,0,0,0,0,0,0,0,0,0,0,0.265050739049911,0.115124858915806,0,0,0.233528003096581,0.243367960473069,0,0.264155926989086,0,0,0,0.202379975933582,0.346689701080322,0.168828920131739,0,0.103538971943933,0,0,0,0.100405574073455,0,0.157083319034427,0,0,0,0,0,0,0.191854071617126,0,0,0,0,0,0,0,0,0,0.213452673771165,0,0,0,0,0,0.207940419430787,0,0.238050026198228,0.216322938044523,0,0.158880559414329,0,0.35150733590126
0,0.122241447603001,0,0,0,0.109269366487709,0,0,0,0.119464013465297,0,0,0,0,0,0,0,0,0.20293548454841,0.115367207262251,0,0,0,0,0,0,0,0,0,0,0,0,0,0,0,0.14382691681385,0,0,0,0.239935782977513,0,0.277885099179553,0.219193801283836,0,0,0.19409526330094,0.194896817207336,0,0,0.175600372441113,0,0.119394635974333,0,0,0,0.132846873331397,0,0,0,0,0,0,0.232900537550449,0,0,0,0,0,0,0,0,0,0.297468900680542,0,0,0,0,0,0.234585588469225,0,0.297345368699594,0,0.135110102663639,0.105382727459073,0.175368669213749,0,0
0.13975328207016,0,0.0999512236142896,0,0,0,0.145017192802495,0,0.15601931209676,0,0.153248481569797,0,0,0,0,0,0,0,0,0,0.160611129614688,0,0,0,0,0,0,0,0,0,0,0,0,0,0,0,0,0,0,0,0,0,0,0,0,0,0.12672446668148,0,0.144138517975807,0,0.136429800589879,0,0.138111233711243,0,0.103775327142916,0,0.154659016590033,0,0,0,0,0,0,0.180070721759246,0,0,0,0,0,0,0,0,0,0,0,0,0,0,0,0.175331420020053,0,0.197063311934471,0.151972556693686,0.213729175237509,0.110195005624335,0,0
0,0.101765726394248,0,0.109269366487709,0,0,0,0.198671582341194,0,0.13974064319498,0,0,0,0.24741298773072,0,0.185283467173576,0,0,0.173986312001944,0.117704746024362,0,0,0,0,0,0,0,0,0,0,0,0,0,0,0,0.111384316214493,0,0,0,0.229257926344872,0,0.231654592355092,0,0,0,0.161981204381356,0,0,0,0.110326312482357,0,0.183918902443515,0,0.177304074168205,0,0.121395540423691,0,0.207930505275726,0,0.165971544881662,0,0.110454830164845,0.15841880540053,0,0,0,0,0,0,0,0,0,0,0,0,0,0,0,0.209312842041254,0,0.283872163295746,0,0.15110479243752,0,0.124011642404683,0,0
0,0,0,0,0.145017192802495,0,0,0,0,0,0.178506190038246,0,0,0,0,0,0,0,0,0,0.163632083361543,0,0,0,0,0,0,0,0,0,0,0,0,0,0,0,0.163204461336136,0,0.204918444156647,0,0,0,0,0,0,0,0,0,0,0,0.160101138986647,0,0.202153876727941,0,0,0,0.166163232783939,0,0,0,0,0,0,0.14265323211165,0,0,0,0,0,0,0,0,0,0,0,0,0,0,0,0.156067624688148,0,0,0.160851811831312,0,0.166578333824873,0,0
0,0,0,0,0,0.198671582341194,0,0,0,0,0,0.183588592956463,0,0.163427169124285,0,0,0,0,0,0.148123625665903,0,0,0,0,0,0,0,0,0,0,0,0,0,0,0,0,0,0,0,0,0,0,0,0,0,0,0,0,0,0,0,0.200936010107398,0,0.181634494831205,0,0,0,0.177542709438084,0,0.154716938123351,0,0,0.151079497438796,0,0,0,0,0,0,0,0,0,0,0,0,0,0,0,0,0,0,0,0.175122434096781,0.208573952317238,0,0,0
0.172287347318152,0,0.101219098601076,0,0.15601931209676,0,0,0,0,0,0,0,0,0,0.138096798549999,0,0.137423134757487,0,0.187235890577237,0,0,0,0,0,0.260261446237564,0,0,0,0,0,0,0,0,0,0.285068012773991,0,0,0,0.259874983928924,0,0.198632560670376,0,0.191006071473423,0,0,0,0,0.304331585764885,0.160375633835793,0,0,0,0,0,0.17300922929059,0,0.226692914962769,0,0.173307772089795,0,0.161521961994516,0,0,0,0,0.221426501870155,0,0.240682251751423,0,0.194128372271856,0,0,0,0,0,0,0,0.299403667449951,0,0.198746676246325,0,0.268380384892225,0.150816761924456,0.192189926281571,0.182935434800219,0,0
0.252336591482162,0.138384951534571,0,0.119464013465297,0,0.13974064319498,0,0,0,0,0,0,0,0,0,0.201344947871708,0.237844899296761,0.173727701129935,0.206363852385064,0,0,0.230844589571158,0,0.204867532027179,0,0.222792655495661,0,0,0,0,0,0.259664135053754,0,0.232118011851396,0.230070099234581,0.296900153160095,0,0.199262520200328,0,0.222004613051048,0,0.198056031538304,0,0,0,0.181969264149666,0,0.251184827464772,0,0.1735568108658,0,0,0,0,0,0.231003402338292,0,0,0,0.17899022102356,0,0.20532016774528,0.204711895436049,0,0.181720244884491,0,0.242173535420614,0,0,0,0,0,0.223771611849467,0,0.265995990019292,0,0.239013512703505,0,0.244323891244437,0.319706350564957,0.232646586406357,0.27863472700119,0.165965919585934,0.153512273289141,0.180497670430661,0,0
0,0,0.149918302893639,0,0.153248481569797,0,0.178506190038246,0,0,0,0,0,0,0,0,0,0,0,0,0,0.197646681360551,0,0,0,0,0,0,0,0.211413298935994,0,0.224834873207978,0,0,0,0,0,0.206558552059682,0,0.222465649623733,0,0,0,0.307901054620743,0,0,0,0,0,0,0,0.160950091519174,0,0.184191402792931,0,0,0,0.189523011788913,0,0,0,0,0,0,0.165173590840662,0,0,0,0,0,0,0,0.196071004638305,0,0.201953423294154,0,0,0,0,0,0.210226509817269,0,0.201759217040879,0.179945414192416,0.205229908227921,0.1680268343236,0,0
0,0,0,0,0,0,0,0.183588592956463,0,0,0,0,0,0.221030811085397,0,0,0,0,0,0.186731467801249,0,0,0,0,0,0,0,0.215948163025212,0,0.194919893204161,0,0,0,0,0,0.228748680221233,0,0.234653846030036,0,0,0,0,0,0,0,0.196319505572319,0,0,0,0,0,0,0,0.190675840775172,0,0,0,0.179187327847127,0,0.264375123086452,0,0,0.202606477221124,0,0,0,0,0,0,0,0.2521733693572,0,0.184474899845284,0,0,0,0,0,0.208868311001704,0,0.194884244860182,0,0.199896856226018,0.177340181810515,0.190716139568484,0,0
0,0,0,0,0,0,0,0,0,0,0,0,0,0,0.129987132114669,0,0,0,0,0,0,0,0,0,0,0,0,0,0.255030984058976,0,0,0,0,0,0,0,0,0,0,0,0,0,0,0,0,0,0,0,0,0,0,0,0,0,0,0,0.19844351708889,0,0.176527022136201,0,0.130439106064538,0,0,0,0,0,0,0,0,0,0,0,0,0,0,0,0,0,0,0,0,0,0.232553299209651,0.216730195594331,0,0,0
0,0,0,0,0,0.24741298773072,0,0.163427169124285,0,0,0,0.221030811085397,0,0,0,0,0,0.234302629317556,0,0,0,0,0,0,0,0,0,0.274489970740519,0,0.171215258538723,0,0,0,0,0,0,0,0,0,0,0,0,0,0,0,0,0,0,0,0,0,0.249706890434027,0,0,0,0,0,0.212492475907008,0,0.196258976122907,0,0,0,0,0,0,0,0,0,0,0.249291623250032,0,0,0,0,0,0,0,0,0,0,0,0.185340243964814,0.204999814251649,0,0,0
0,0,0,0,0,0,0,0,0.138096798549999,0,0,0,0.129987132114669,0,0,0,0,0,0,0,0,0,0,0,0,0,0,0,0,0,0,0,0,0,0,0,0,0,0,0,0,0,0,0,0,0,0,0,0,0,0,0,0,0,0.156638794475132,0,0,0,0.140300780365413,0,0.144428365479369,0,0,0,0,0,0,0.209093391895294,0,0,0,0,0,0,0,0,0,0,0,0,0,0,0.14720113628677,0,0,0,0
0,0.140813950787891,0,0,0,0.185283467173576,0,0,0,0.201344947871708,0,0,0,0,0,0,0,0.199941793493196,0,0,0,0,0,0,0,0,0,0,0,0,0,0,0,0,0,0,0,0,0,0,0,0,0,0,0,0,0,0,0,0,0,0,0,0,0,0.218222788852804,0,0,0,0.177708823854725,0,0.175639598310962,0,0,0,0,0,0,0,0,0,0,0,0,0,0,0,0,0,0,0,0,0.193870444114392,0.238082639873028,0,0,0
0.264472491817899,0,0,0,0,0,0,0,0.137423134757487,0.237844899296761,0,0,0,0,0,0,0,0.152611963985924,0.216137464507541,0,0,0.215200831256216,0.223439719434045,0,0,0,0,0,0,0,0,0,0,0,0,0,0,0,0,0.222778553471846,0.210335133125983,0.191296221315861,0.198464892547706,0.195847059289614,0.204404962750582,0.199316129088402,0.235358637757599,0,0.171690598130226,0.221647381782532,0,0,0,0,0,0,0.261049114995533,0,0,0,0,0,0.20572729408741,0.252548040236746,0,0.216822751694255,0,0,0,0,0,0,0.195098241170247,0.247328703881989,0,0,0,0,0.248900188576607,0.245835487216045,0.235061899758875,0.256578812182275,0.210871471412343,0.185772661856094,0.226827372522915,0.246903479099274,0.219838434457779
0.239273938039939,0.19007586936156,0,0,0,0,0,0,0,0.173727701129935,0,0,0,0.234302629317556,0,0.199941793493196,0.152611963985924,0,0.226902424883113,0,0,0.167928217478048,0.150073602795601,0.227372053750726,0,0.198452715490815,0,0.244695652565808,0,0,0,0,0,0,0,0.162532076239586,0,0,0,0.218541599858192,0.196602656082673,0.196974103711545,0.17598969375386,0,0.175577916204929,0.199488086005052,0.192506911853949,0.213779911398888,0.232358880341053,0.216080367565155,0,0,0,0,0.209518700838089,0.204865259980714,0.223750792443752,0.245312049984932,0,0,0,0.212208981066942,0.237834823628267,0.226944051682949,0,0,0,0,0.27945830821991,0,0.263222231106325,0,0.223643389344215,0.219035539031029,0,0,0,0,0.246781371926007,0.2166060898453,0.249389305710793,0.228120643326214,0.194013100287479,0.14619187226421,0.198724855182817,0.208645097911358,0
0.241449840619402,0.203201421456678,0.277484233180682,0.20293548454841,0,0.173986312001944,0,0,0.187235890577237,0.206363852385064,0,0,0,0,0,0,0.216137464507541,0.226902424883113,0,0,0,0,0,0,0,0,0,0,0,0,0,0,0,0,0,0.147434204816818,0.180065885186195,0,0,0.272632736524523,0.23642843570028,0.204791213140901,0.16018812743171,0.243303527216335,0.178153003952125,0.218891226302432,0.240338079867855,0.231323054858616,0.222897766665979,0.215765821290951,0,0,0,0,0.162559051811695,0.194479097922643,0.230303084072859,0.244698598980904,0,0,0,0,0.287107872199421,0.248649877688241,0,0,0,0,0,0,0,0,0.226377193472887,0.229300765834782,0,0,0,0,0.305914257830689,0.263325188509239,0.278689571409954,0.242909012517066,0.223925915481643,0.183562417825063,0.228375847519395,0.182993705073992,0.160780518908392
0,0,0,0.115367207262251,0,0.117704746024362,0,0.148123625665903,0,0,0,0.186731467801249,0,0,0,0,0,0,0,0,0,0,0,0,0,0,0,0,0,0,0,0,0,0,0,0.192591547862412,0,0.20915220103839,0,0,0,0,0,0,0,0.150456015880291,0,0,0,0,0,0,0,0.165807764445032,0,0,0,0.167188810842826,0,0,0,0,0.171721394031842,0,0,0,0,0,0,0,0,0,0.186377591763934,0,0,0,0,0,0.184743896821689,0,0.17844865208163,0,0.159717369194214,0,0.160003168968593,0,0
0,0,0.137013804506172,0,0.160611129614688,0,0.163632083361543,0,0,0,0.197646681360551,0,0,0,0,0,0,0,0,0,0,0,0,0,0,0,0,0,0,0,0.150726291995782,0,0,0,0,0,0.18113881489262,0,0.188401743200899,0,0.242404192686081,0,0,0,0,0,0,0,0,0,0.183392279441394,0,0.153358216796603,0,0,0,0.19167703320246,0,0,0,0,0,0,0.160635976078612,0,0,0,0,0,0,0,0,0,0.26119874131221,0,0,0,0,0,0.173603954407741,0,0.202228005195773,0.163225852498194,0,0.173900227262487,0,0
0,0,0,0,0,0,0,0,0,0.230844589571158,0,0,0,0,0,0,0.215200831256216,0.167928217478048,0,0,0,0,0.213373939092311,0.190017783610771,0,0.245216935633656,0,0.280765174213284,0,0.291858240962029,0,0.251302778720856,0,0,0,0,0,0.198050955981719,0,0,0,0,0,0,0,0,0,0.276851743459702,0,0.197598867416382,0,0,0,0,0,0,0,0,0,0,0,0,0,0,0.192011326241679,0.203793142800542,0.179993046096393,0,0,0,0.25150648182766,0,0,0,0,0,0,0,0,0,0.210808782043254,0.177944930536406,0.201929443195274,0.203496490462595,0,0,0
0,0,0,0,0,0,0,0,0,0,0,0,0,0,0,0,0.223439719434045,0.150073602795601,0,0,0,0.213373939092311,0,0,0.193225322304101,0,0.193037778139114,0,0.242977451889756,0,0,0,0,0.225737450023492,0.240886161724726,0,0,0.226228699088097,0.207523747138887,0,0,0,0,0,0,0,0,0,0.185200110207433,0,0,0,0,0,0.203285254538059,0,0,0,0,0,0,0,0,0,0.223222029852739,0.18952221473838,0,0.183141415654603,0,0.174310451921295,0,0.258666496103009,0,0,0,0,0.226196482777596,0,0,0,0.216763679186503,0.207986256434279,0.201557559998518,0.218895982161313,0,0,0
0,0,0,0,0,0,0,0,0,0.204867532027179,0,0,0,0,0,0,0,0.227372053750726,0,0,0,0.190017783610771,0,0,0,0.229897040589109,0,0,0,0,0,0.266724735498428,0.281367868185043,0.236187561814274,0.222794279456139,0,0,0.185396341555439,0,0,0,0,0,0,0,0,0,0.251350477337837,0,0.152343724370003,0,0,0,0,0,0.230773821473122,0,0,0,0,0,0,0,0,0.175773891907783,0.161485210061073,0.189060620220766,0,0,0,0,0,0,0,0.280348876402492,0.289020702242851,0.228007743435521,0,0,0,0.227554591520723,0.391057252883911,0.219153916599333,0.166223686188459,0,0,0
0.276308238506317,0,0,0,0,0,0,0,0.260261446237564,0,0,0,0,0,0,0,0,0,0,0,0,0,0.193225322304101,0,0,0,0.163273508350054,0,0,0,0,0,0,0,0.286614909475925,0,0,0,0.216567302420577,0,0,0,0,0,0,0,0,0.329916837614971,0.19005690984152,0,0,0,0,0,0.27223623626762,0,0,0,0,0,0,0,0,0,0,0.168670365806012,0,0.190179517193114,0,0.165813879150411,0,0,0,0,0,0.290238052606583,0,0.264744194431437,0,0,0.388314291834831,0.204589274347541,0.188241801091603,0,0.312087849378586,0,0
0,0,0,0,0,0,0,0,0,0.222792655495661,0,0,0,0,0,0,0,0.198452715490815,0,0,0,0.245216935633656,0,0.229897040589109,0,0,0,0.290857250912715,0,0,0,0,0,0,0,0,0,0,0,0,0,0,0,0,0,0,0,0,0,0,0,0,0,0,0,0.231044843792915,0,0,0,0,0,0,0,0,0.233788209213387,0,0.244527618478955,0,0.283372065850667,0,0.28831452415103,0,0,0,0,0,0,0,0,0,0,0,0.249453044610053,0,0,0,0
0,0,0,0,0,0,0,0,0,0,0,0,0,0,0,0,0,0,0,0,0,0,0.193037778139114,0,0.163273508350054,0,0,0,0,0,0,0,0,0,0,0,0,0,0,0,0,0,0,0,0,0,0,0,0,0,0,0,0,0,0,0,0,0,0,0,0,0,0,0,0,0,0,0.184246152639389,0,0,0,0,0,0,0,0,0,0,0,0,0,0,0.170495867729187,0,0,0,0
0,0,0,0,0,0,0,0,0,0,0,0.215948163025212,0,0.274489970740519,0,0,0,0.244695652565808,0,0,0,0.280765174213284,0,0,0,0.290857250912715,0,0,0,0.253451327132908,0,0,0,0,0,0,0,0.275481547511632,0,0,0,0,0,0,0,0,0,0,0,0,0,0,0,0,0,0,0,0.199739659024823,0,0.228152276204308,0,0,0,0,0.257197580714193,0,0,0,0.272396057844162,0,0.242852121265518,0,0.244994336167971,0,0,0,0,0,0,0,0.297629419891607,0,0.247109137404636,0.229361356752604,0,0,0
0,0,0,0,0,0,0,0,0,0,0.211413298935994,0,0.255030984058976,0,0,0,0,0,0,0,0,0,0.242977451889756,0,0,0,0,0,0,0,0.221692280132238,0,0,0,0,0,0,0,0.256029843859657,0,0,0,0,0,0,0,0,0,0,0,0,0,0,0,0,0,0.199453197419643,0,0.184651391846793,0,0,0,0,0,0,0.262656227126718,0,0,0,0,0,0.227212426997721,0,0.222979100693585,0,0,0,0,0,0,0,0.240250958810593,0.247475087956746,0.247729592431675,0,0,0
0,0,0,0,0,0,0,0,0,0,0,0.194919893204161,0,0.171215258538723,0,0,0,0,0,0,0,0.291858240962029,0,0,0,0,0,0.253451327132908,0,0,0,0,0,0,0,0,0,0.216973756670633,0,0,0,0,0,0,0,0,0,0,0,0,0,0,0,0,0,0,0,0.183471420837432,0,0.129433892667294,0,0,0.245358750224113,0,0,0,0,0,0,0,0.244950186109689,0,0.213623209159501,0,0,0,0,0,0,0,0.188060463520519,0,0.192061818771712,0.177312729507685,0,0,0
0,0,0,0,0,0,0,0,0,0,0.224834873207978,0,0,0,0,0,0,0,0,0,0.150726291995782,0,0,0,0,0,0,0,0.221692280132238,0,0,0,0,0,0,0,0,0,0.212741854109547,0,0,0,0,0,0,0,0,0,0,0,0,0,0,0,0,0,0.226288782698768,0,0,0,0,0,0,0.214891538023949,0,0,0,0,0,0,0,0.168070023819324,0,0.219730696470516,0,0,0,0,0,0,0,0.221908708242164,0.223589806969649,0.219396046252661,0,0,0
0,0.258353628218174,0,0,0,0,0,0,0,0.259664135053754,0,0,0,0,0,0,0,0,0,0,0,0.251302778720856,0,0.266724735498428,0,0,0,0,0,0,0,0,0.181791232570461,0.255614980741551,0.18305223892788,0.219366219310993,0.165992265069792,0.268600508570671,0.231514200568199,0,0.518519397953461,0,0,0,0,0,0,0.359451211792997,0.416319320599238,0.251231900827829,0,0,0,0,0,0.277138521273931,0,0,0,0,0,0,0,0,0,0,0.282145634293556,0,0,0,0,0,0,0,0.286246519627871,0.256556564553705,0.26573045823268,0.217043896195709,0.21920415448773,0.3046625574683,0.298214295879006,0.260590441086713,0.168565378371269,0,0.25772300362587,0,0
0,0.248825147747993,0,0,0,0,0,0,0,0,0,0,0,0,0,0,0,0,0,0,0,0,0,0.281367868185043,0,0,0,0,0,0,0,0.181791232570461,0,0.199857945838374,0.187601233475112,0.166603905144171,0.174990807480312,0.2226797118783,0.263619957785857,0,0.335726786404848,0,0.272005140781403,0,0,0,0,0.242635199098043,0,0,0,0,0,0,0,0,0,0,0,0,0,0,0,0,0,0,0.281620095173518,0,0,0,0,0,0,0,0.251507274787493,0.24887625274825,0.222144675019866,0.248159452717635,0.187404351908228,0.23066507522934,0.240129078427951,0.256406580563635,0.14838811333321,0.236811898648739,0,0,0
0,0.222444157515253,0,0,0,0,0,0,0,0.232118011851396,0,0,0,0,0,0,0,0,0,0,0,0,0.225737450023492,0.236187561814274,0,0,0,0,0,0,0,0.255614980741551,0.199857945838374,0,0.250269516084273,0.169130756248841,0.170812860808589,0.252423392566747,0.2553582763001,0,0,0.204724214971066,0,0,0,0,0,0.24074332601357,0.390535652637482,0.249433100223541,0,0,0,0,0,0.246087447442907,0,0,0,0,0,0,0,0,0.252598717808723,0.213962256908417,0.230620897733248,0,0,0,0,0,0,0,0.304136635339449,0.256841206124851,0.265722527200321,0.241413585701079,0.237806539657046,0.243414700031281,0.294030323161362,0.251143179114231,0.226806898497873,0.228694945573807,0.257028673376356,0.23854727546374,0
0,0,0,0,0,0,0,0,0.285068012773991,0.230070099234581,0,0,0,0,0,0,0,0,0,0,0,0,0.240886161724726,0.222794279456139,0.286614909475925,0,0,0,0,0,0,0.18305223892788,0.187601233475112,0.250269516084273,0,0.193615203723311,0.210775168595758,0.254908193029514,0.264242662551536,0,0.263404995203018,0,0.243677549064159,0,0,0,0,0.230201465759967,0.294175770133734,0,0,0,0,0,0.286074084894998,0.221906170248985,0,0,0,0,0,0,0,0,0.234964713454247,0.254347801208496,0.230170018970966,0.299762051755732,0,0,0,0,0,0,0.240247464101565,0.231906750682488,0.222983719624107,0.239438449490191,0.257079525540272,0.202634990965198,0.278730584901165,0.252100046825286,0.231210740236061,0.219432005987448,0.283648001593213,0,0
0,0.303976133465767,0.265050739049911,0.14382691681385,0,0.111384316214493,0,0,0,0.296900153160095,0,0.228748680221233,0,0,0,0,0,0.162532076239586,0.147434204816818,0.192591547862412,0,0,0,0,0,0,0,0,0,0,0,0.219366219310993,0.166603905144171,0.169130756248841,0.193615203723311,0,0.175191512948944,0.154942810044742,0.16395909392408,0.167936707442662,0.287722086533904,0.294864380643481,0.233942211112555,0,0,0.13831253430415,0.185324336994778,0.342019737517475,0.233187059313059,0.24765663684567,0,0.110436240832011,0,0,0,0.185464523732662,0,0.212791007954119,0,0,0,0,0.179753885699132,0.217696711421013,0,0,0,0,0,0,0,0,0.214674434491566,0,0.330628447166898,0.178387032151222,0.193557900216045,0.209149224683642,0.190303625517827,0.185544519287509,0.173235933115142,0.162892709885325,0.203849848098311,0.212551055522127,0.171414148870362,0,0
0,0.340357422828674,0.115124858915806,0,0,0,0.163204461336136,0,0,0,0.206558552059682,0,0,0,0,0,0,0,0.180065885186195,0,0.18113881489262,0,0,0,0,0,0,0,0,0,0,0.165992265069792,0.174990807480312,0.170812860808589,0.210775168595758,0.175191512948944,0,0.169116795063019,0.159432404730144,0.189306291937828,0.308224824914174,0.296912389993668,0.266871559123198,0,0,0.15546816451983,0.144037887454033,0.356321472775712,0.227339198191961,0.243909399211407,0.183454766869545,0,0,0,0,0,0.196595695253574,0,0,0,0,0,0.145042981420244,0.176601367822865,0,0,0,0,0,0,0,0,0,0,0.178557594173721,0.193390008934001,0.163271641376817,0.206284065203494,0.158864771732188,0.188194911226472,0.2573481798172,0.160371376872564,0.178611967719064,0.232515236671808,0.226205188452321,0,0
0,0.203183889389038,0,0,0,0,0,0,0,0.199262520200328,0,0.234653846030036,0,0,0,0,0,0,0,0.20915220103839,0,0.198050955981719,0.226228699088097,0.185396341555439,0,0,0,0.275481547511632,0,0.216973756670633,0,0.268600508570671,0.2226797118783,0.252423392566747,0.254908193029514,0.154942810044742,0.169116795063019,0,0.240851382944914,0,0,0.231432711084684,0,0,0,0,0,0.416898915614886,0,0.230971179005724,0,0,0,0,0,0.260596596201261,0,0.196078854794926,0,0,0,0,0.187174248059994,0,0.20393809735762,0.236621402204037,0.189262504387303,0.397288531064987,0,0,0.265678845982629,0,0.187244940930464,0,0.290921857723823,0,0.200281019658732,0.235926443338394,0.162565760383802,0.14813171433551,0.208569783749149,0.250234619817524,0.198800978743943,0.18944848296435,0.272083798243153,0,0
0.243103481829166,0,0,0,0,0,0.204918444156647,0,0.259874983928924,0,0.222465649623733,0,0,0,0,0,0,0,0,0,0.188401743200899,0,0.207523747138887,0,0.216567302420577,0,0,0,0.256029843859657,0,0.212741854109547,0.231514200568199,0.263619957785857,0.2553582763001,0.264242662551536,0.16395909392408,0.159432404730144,0.240851382944914,0,0,0,0,0.22583923737208,0,0,0,0,0.283403014298528,0.275194082262478,0,0,0,0,0,0.276279272276095,0,0.216924642862343,0,0.234115459024906,0,0.225253768265247,0,0,0.230008780128426,0.374987453222275,0.217211765841362,0,0.218418183081934,0,0.193630799651146,0,0.214809238910675,0,0.213186418016752,0.288211625814438,0.28511957876515,0.234196442292958,0.276947204966711,0,0.157463978115983,0.239316720231391,0.206910061736419,0.210258702079236,0.225801317327058,0.25564243981283,0,0
0.211523729562759,0.264839280148347,0.233528003096581,0.239935782977513,0,0.229257926344872,0,0,0,0.222004613051048,0,0,0,0,0,0,0.222778553471846,0.218541599858192,0.272632736524523,0,0,0,0,0,0,0,0,0,0,0,0,0,0,0,0,0.167936707442662,0.189306291937828,0,0,0,0.202248268144231,0.256036633147327,0.22437902353704,0.339026942378596,0.2628255827773,0.161286521867251,0.196305412696211,0.203213013387446,0.235834129154682,0.188382274452685,0,0,0,0,0.236533790826797,0.263650515249797,0.218389214740859,0.222475344936053,0,0,0,0,0.250596669732883,0.206096567213535,0,0,0,0,0,0,0,0,0.219943235836812,0.216071079174678,0,0,0,0,0.197832170020271,0.217118494353204,0.210286790592435,0.226588022708893,0.277902805985281,0.175388678908348,0.253823662204208,0.227817054424021,0.213234774768353
0.261308982296098,0,0.243367960473069,0,0,0,0,0,0.198632560670376,0,0,0,0,0,0,0,0.210335133125983,0.196602656082673,0.23642843570028,0,0.242404192686081,0,0,0,0,0,0,0,0,0,0,0.518519397953461,0.335726786404848,0,0.263404995203018,0.287722086533904,0.308224824914174,0,0,0.202248268144231,0,0.240840202995709,0.213593757774429,0.244544222950935,0.235308042818442,0.216508988891878,0.227811248277814,0.315589761516369,0.215053379758318,0.247235300019383,0,0,0,0,0.226896497991777,0,0.232467272097156,0.187285453081131,0,0,0,0,0.262779980897903,0.18961318400157,0,0,0,0,0,0,0,0,0.198944275577863,0.219141686603341,0.495413912379223,0.346736930310726,0,0.325361520051956,0.323396138846874,0.211779496151531,0.230686138073603,0.197943010773414,0.242150297040468,0,0.248826636037097,0,0.189295828342438
0.151508063077927,0.240828885414159,0,0.277885099179553,0,0.231654592355092,0,0,0,0.198056031538304,0,0,0,0,0,0,0.191296221315861,0.196974103711545,0.204791213140901,0,0,0,0,0,0,0,0,0,0,0,0,0,0,0.204724214971066,0,0.294864380643481,0.296912389993668,0.231432711084684,0,0.256036633147327,0.240840202995709,0,0.192293793365762,0.360909821391106,0.224322442622746,0.246720133331216,0.275327727198601,0.263907670235831,0,0.271581678471735,0,0.20898574590683,0,0,0,0.219940550233188,0.20539645254612,0.249661286671956,0,0,0,0,0.274532705545425,0.243453620509668,0,0,0.218606083095074,0,0,0,0,0,0.25574234830237,0.202276615159852,0.266911312937737,0,0.25699924826622,0,0.259592599171769,0.206487797382401,0.269765389784012,0.219283920609289,0.23485687249025,0,0.265440942016383,0.253179971551158,0.170611914247274
0.262183438730359,0.263001449406147,0.264155926989086,0.219193801283836,0,0,0,0,0.191006071473423,0,0.307901054620743,0,0,0,0,0,0.198464892547706,0.17598969375386,0.16018812743171,0,0,0,0,0,0,0,0,0,0,0,0,0,0.272005140781403,0,0.243677549064159,0.233942211112555,0.266871559123198,0,0.22583923737208,0.22437902353704,0.213593757774429,0.192293793365762,0,0,0.179652697031761,0.212573741562665,0.217926644129196,0.373947304562997,0.306911152816584,0.256881592365412,0,0,0,0,0.244227049519887,0,0.261579698921707,0,0.228007540106773,0,0.26608108356595,0,0.251361042261124,0.22077261082894,0,0,0,0,0,0,0,0,0.197209116816521,0.25126335393177,0,0,0,0.311363250017166,0.242836139772249,0.208892055700446,0.229439613494006,0.224948491531182,0.255597713170038,0.14885066151619,0.246914924898612,0.149074003100395,0.191211314529789
0.225917339324951,0,0,0,0,0,0,0,0,0,0,0,0,0,0,0,0.195847059289614,0,0.243303527216335,0,0,0,0,0,0,0,0,0,0,0,0,0,0,0,0,0,0,0,0,0.339026942378596,0.244544222950935,0.360909821391106,0,0,0,0.244697394115584,0,0,0,0.234163850545883,0,0,0,0,0,0,0,0,0,0,0,0,0.383367298791806,0,0,0,0,0,0,0,0,0,0.320838883519173,0,0,0,0,0,0.415439400997461,0.266723424196243,0.416030666629473,0,0.231929704546928,0,0.366832992704264,0,0
0.280944056808949,0,0,0,0,0,0,0,0,0,0,0,0,0,0,0,0.204404962750582,0.175577916204929,0.178153003952125,0,0,0,0,0,0,0,0,0,0,0,0,0,0,0,0,0,0,0,0,0.2628255827773,0.235308042818442,0.224322442622746,0.179652697031761,0,0,0.183895630141099,0.229859199094516,0.2827208340168,0.231160657480359,0.237971663475037,0,0,0,0,0.288535505533218,0,0.238414761092928,0,0,0,0,0,0.271443635225296,0.253137430366205,0,0,0,0,0,0,0,0,0.234427750110626,0.252927464743455,0,0,0,0,0.262269634339545,0.273174942226268,0.206483360379934,0.275496226604854,0.213114806780448,0,0.222901823248136,0,0
0,0.252711241443952,0,0.19409526330094,0,0.161981204381356,0,0,0,0.181969264149666,0,0.196319505572319,0,0,0,0,0.199316129088402,0.199488086005052,0.218891226302432,0.150456015880291,0,0,0,0,0,0,0,0,0,0,0,0,0,0,0,0.13831253430415,0.15546816451983,0,0,0.161286521867251,0.216508988891878,0.246720133331216,0.212573741562665,0.244697394115584,0.183895630141099,0,0.203827128737374,0.248172777832723,0,0.233814367501856,0,0,0,0,0,0.168041044846177,0.216125197708607,0,0,0,0,0,0.176540208329694,0.210911507944803,0,0,0,0,0,0,0,0,0.23729974610938,0.237384632229805,0,0,0,0,0.144043314258499,0.199280101586791,0.27788547038812,0.215723155273332,0.247600695962529,0,0.189578741462431,0.212081715464592,0.149997964501381
0.252198454121064,0,0.202379975933582,0.194896817207336,0.12672446668148,0,0,0,0,0,0,0,0,0,0,0,0.235358637757599,0.192506911853949,0.240338079867855,0,0,0,0,0,0,0,0,0,0,0,0,0,0,0,0,0.185324336994778,0.144037887454033,0,0,0.196305412696211,0.227811248277814,0.275327727198601,0.217926644129196,0,0.229859199094516,0.203827128737374,0,0.21806580892631,0.24229726900657,0.245930147171021,0,0,0,0,0.24289907515049,0,0.219810167711879,0,0,0,0.25368894636631,0,0,0.200401883519499,0,0,0,0,0,0,0,0,0.233844364682833,0.23629320980008,0,0,0,0,0.191415585320571,0.202108298924535,0.255695799986521,0.244481831146725,0.24255048600306,0,0.240727479376876,0.210191324353218,0.23261604209741
0.320672575384378,0.235259545738237,0.346689701080322,0,0,0,0,0,0.304331585764885,0.251184827464772,0,0,0,0,0,0,0,0.213779911398888,0.231323054858616,0,0,0.276851743459702,0,0.251350477337837,0.329916837614971,0,0,0,0,0,0,0.359451211792997,0.242635199098043,0.24074332601357,0.230201465759967,0.342019737517475,0.356321472775712,0.416898915614886,0.283403014298528,0.203213013387446,0.315589761516369,0.263907670235831,0.373947304562997,0,0.2827208340168,0.248172777832723,0.21806580892631,0,0.355359347990091,0.221567837345629,0,0,0,0,0.314294467369715,0.287531554971526,0.272716850042343,0,0,0,0.295358031988144,0,0.233301222324371,0.211649794131517,0.337578248674587,0.362476633752094,0.357377762341092,0.360460636417071,0,0,0,0,0.202090324390502,0.261166423559189,0.363059357184322,0.360803621290427,0.325678637892924,0.262591705107151,0.368231302020713,0.346451778743114,0.428150776522534,0.398119772715326,0.305964264675688,0.206416577100754,0.315500676933238,0.282886765897274,0
0.173978588743956,0,0.168828920131739,0,0.144138517975807,0,0,0,0.160375633835793,0,0,0,0,0,0,0,0.171690598130226,0.232358880341053,0.222897766665979,0,0,0,0.185200110207433,0,0.19005690984152,0,0,0,0,0,0,0.416319320599238,0,0.390535652637482,0.294175770133734,0.233187059313059,0.227339198191961,0,0.275194082262478,0.235834129154682,0.215053379758318,0,0.306911152816584,0,0.231160657480359,0,0.24229726900657,0.355359347990091,0,0.213823580450111,0.152424699068069,0,0,0,0.162369714341533,0,0.18286625053234,0,0.160177545319677,0,0.162440963038012,0,0,0.231219800744663,0.534979283809662,0.187638330367184,0,0.214332517842914,0,0.196567496945781,0,0,0,0.224991916651894,0,0,0.445001393556595,0.323223998149236,0.307943185738155,0.224755834810214,0.509528065565974,0.266014749724236,0.297129847847953,0,0.286963732586157,0,0.270740687847137
0,0.201281095481413,0,0.175600372441113,0,0.110326312482357,0,0,0,0.1735568108658,0,0,0,0,0,0,0.221647381782532,0.216080367565155,0.215765821290951,0,0,0.197598867416382,0,0.152343724370003,0,0,0,0,0,0,0,0.251231900827829,0,0.249433100223541,0,0.24765663684567,0.243909399211407,0.230971179005724,0,0.188382274452685,0.247235300019383,0.271581678471735,0.256881592365412,0.234163850545883,0.237971663475037,0.233814367501856,0.245930147171021,0.221567837345629,0.213823580450111,0,0,0,0,0,0,0.209789461725288,0.263264384120703,0,0,0,0,0.182191401720047,0.233608062214711,0.240257764235139,0.271585607744125,0.178252071142197,0.180385162432988,0,0,0,0.127076497132128,0,0.147426329527956,0,0.178646711632609,0,0.225193137923876,0,0.23130769674591,0.249127515632173,0.21627373422475,0.426934741437435,0.305906972886996,0,0.254648933614555,0.269910891354084,0
0.144334241747856,0,0.103538971943933,0,0.136429800589879,0,0.160101138986647,0,0,0,0.160950091519174,0,0,0,0,0,0,0,0,0,0.183392279441394,0,0,0,0,0,0,0,0,0,0,0,0,0,0,0,0.183454766869545,0,0,0,0,0,0,0,0,0,0,0,0.152424699068069,0,0,0,0.156037427484989,0,0.145058719068766,0,0.136828025693403,0,0.139121126579611,0,0.143206965592172,0,0,0.21571181519726,0,0,0,0,0,0,0,0,0,0,0,0,0,0,0,0.208129952847958,0,0,0.164786730144845,0,0.116586477714865,0,0
0,0,0,0.119394635974333,0,0.183918902443515,0,0.200936010107398,0,0,0,0,0,0.249706890434027,0,0,0,0,0,0,0,0,0,0,0,0,0,0,0,0,0,0,0,0,0,0.110436240832011,0,0,0,0,0,0.20898574590683,0,0,0,0,0,0,0,0,0,0,0,0,0,0,0,0,0,0.201588666687409,0,0,0,0,0,0,0,0,0,0,0,0,0,0,0,0,0,0,0,0,0.264604270458221,0,0.190521766321134,0,0.15811578523029,0,0
0,0,0,0,0.138111233711243,0,0.202153876727941,0,0,0,0.184191402792931,0,0,0,0,0,0,0,0,0,0.153358216796603,0,0,0,0,0,0,0,0,0,0,0,0,0,0,0,0,0,0,0,0,0,0,0,0,0,0,0,0,0,0.156037427484989,0,0,0,0,0,0,0,0,0,0,0,0,0.143669575452805,0,0,0,0,0,0,0,0,0,0,0,0,0,0,0,0,0,0,0.146423158347607,0,0.16139829158783,0,0
0,0,0,0,0,0.177304074168205,0,0.181634494831205,0,0,0,0.190675840775172,0,0,0,0,0,0,0,0.165807764445032,0,0,0,0,0,0,0,0,0,0,0,0,0,0,0,0,0,0,0,0,0,0,0,0,0,0,0,0,0,0,0,0,0,0,0,0,0,0.166252522227856,0,0.142957891027133,0,0,0.160420762002468,0,0,0,0,0,0,0,0,0,0,0,0,0,0,0,0,0,0,0,0.189585404807613,0,0,0,0
0.211517207455352,0,0.100405574073455,0,0.103775327142916,0,0,0,0.17300922929059,0,0,0,0,0,0.156638794475132,0,0,0.209518700838089,0.162559051811695,0,0,0,0.203285254538059,0,0.27223623626762,0,0,0,0,0,0,0,0,0,0.286074084894998,0,0,0,0.276279272276095,0.236533790826797,0.226896497991777,0,0.244227049519887,0,0.288535505533218,0,0.24289907515049,0.314294467369715,0.162369714341533,0,0.145058719068766,0,0,0,0,0,0.136454150080681,0,0.170496744155152,0,0.179684187020731,0,0,0.23852065205574,0,0.227855664842269,0,0.246769381835819,0,0.200188957880029,0,0,0,0.192598566412926,0,0.313545197248459,0,0.286186512027468,0,0.207695232196288,0.42558690905571,0.259941465058527,0.129706694244944,0,0.238085184825336,0,0
0,0.170902155634105,0,0.132846873331397,0,0.121395540423691,0,0,0,0.231003402338292,0,0,0,0,0,0.218222788852804,0,0.204865259980714,0.194479097922643,0,0,0,0,0.230773821473122,0,0.231044843792915,0,0,0,0,0,0.277138521273931,0,0.246087447442907,0.221906170248985,0.185464523732662,0,0.260596596201261,0,0.263650515249797,0,0.219940550233188,0,0,0,0.168041044846177,0,0.287531554971526,0,0.209789461725288,0,0,0,0,0,0,0,0,0,0.187593701859595,0,0.210864779135126,0.18867152929306,0,0.257212698459625,0.367856800556183,0.260691600654859,0,0,0,0,0,0,0,0.281644470551435,0,0.246786442014479,0,0.244325196370482,0,0.277645516275155,0.268559861928225,0.215133999376313,0,0.207970895747776,0,0
0.189015528808037,0,0.157083319034427,0,0.154659016590033,0,0.166163232783939,0,0.226692914962769,0,0.189523011788913,0,0.19844351708889,0,0,0,0.261049114995533,0.223750792443752,0.230303084072859,0,0.19167703320246,0,0,0,0,0,0,0,0.199453197419643,0,0.226288782698768,0,0,0,0,0,0.196595695253574,0,0.216924642862343,0.218389214740859,0.232467272097156,0.20539645254612,0.261579698921707,0,0.238414761092928,0.216125197708607,0.219810167711879,0.272716850042343,0.18286625053234,0.263264384120703,0.136828025693403,0,0,0,0.136454150080681,0,0,0,0.154803446682371,0,0.137148792326188,0,0.227103680372238,0.228274247610873,0,0,0,0.150734513998032,0,0,0,0.143977636228437,0.222299501299858,0.292586923980571,0,0,0,0,0.216593652963638,0.214064366488813,0.255166299641132,0.243026839245477,0.182980559600248,0.201573559878678,0.248549975499075,0,0.289182716089746
0,0,0,0,0,0.207930505275726,0,0.177542709438084,0,0,0,0.179187327847127,0,0.212492475907008,0,0,0,0.245312049984932,0.244698598980904,0.167188810842826,0,0,0,0,0,0,0,0.199739659024823,0,0.183471420837432,0,0,0,0,0,0.212791007954119,0,0.196078854794926,0,0.222475344936053,0.187285453081131,0.249661286671956,0,0,0,0,0,0,0,0,0,0,0,0.166252522227856,0,0,0,0,0,0.143129155822533,0,0,0.190885580941293,0,0,0,0,0,0,0,0.161670356988907,0,0.229359409802563,0,0,0,0,0,0.201519049704075,0,0.18648291818316,0.228460162878036,0.184545144192579,0.17528688603518,0.24977886779555,0,0
0.15494955575733,0,0,0,0,0,0,0,0.173307772089795,0,0,0,0.176527022136201,0,0.140300780365413,0,0,0,0,0,0,0,0,0,0,0,0,0,0.184651391846793,0,0,0,0,0,0,0,0,0,0.234115459024906,0,0,0,0.228007540106773,0,0,0,0,0,0.160177545319677,0,0.139121126579611,0,0,0,0.170496744155152,0,0.154803446682371,0,0,0,0.154709130159752,0,0,0,0,0,0,0.184814871350924,0,0.142689684816336,0,0,0,0,0,0,0,0,0,0,0,0.216764211654663,0.157389134168625,0.192759688456572,0.167738248643122,0,0
0,0.171609096774241,0,0,0,0.165971544881662,0,0.154716938123351,0,0.17899022102356,0,0.264375123086452,0,0.196258976122907,0,0.177708823854725,0,0,0,0,0,0,0,0,0,0,0,0.228152276204308,0,0.129433892667294,0,0,0,0,0,0,0,0,0,0,0,0,0,0,0,0,0,0,0,0,0,0.201588666687409,0,0.142957891027133,0,0.187593701859595,0,0.143129155822533,0,0,0,0.142855870312658,0,0,0,0,0,0,0,0,0.260843204764219,0,0.135435155991997,0,0,0,0,0,0,0,0,0,0.165831777011011,0.196684228262927,0,0,0
0.159259041111949,0,0,0,0,0,0,0,0.161521961994516,0,0,0,0.130439106064538,0,0.144428365479369,0,0,0,0,0,0,0,0,0,0,0,0,0,0,0,0,0,0,0,0,0,0,0,0.225253768265247,0,0,0,0.26608108356595,0,0,0,0.25368894636631,0.295358031988144,0.162440963038012,0,0.143206965592172,0,0,0,0.179684187020731,0,0.137148792326188,0,0.154709130159752,0,0,0,0,0,0,0,0,0.185649662827834,0,0.170320323794275,0,0,0,0,0,0,0,0.285496056079865,0,0,0,0,0.165642350912094,0,0.176372423468308,0,0
0,0.186001514511243,0,0,0,0.110454830164845,0,0,0,0.20532016774528,0,0,0,0,0,0.175639598310962,0,0.212208981066942,0,0,0,0,0,0,0,0,0,0,0,0,0,0,0,0,0,0,0,0,0,0,0,0,0,0,0,0,0,0,0,0.182191401720047,0,0,0,0,0,0.210864779135126,0,0,0,0.142855870312658,0,0,0,0,0,0,0,0,0,0,0,0,0,0,0,0,0,0,0,0,0,0,0.18520944033513,0.147031762383201,0,0,0
0.238362267613411,0.337818026542664,0,0.232900537550449,0,0.15841880540053,0,0.151079497438796,0,0.204711895436049,0,0.202606477221124,0,0,0,0,0.20572729408741,0.237834823628267,0.287107872199421,0.171721394031842,0,0,0,0,0,0,0,0,0,0.245358750224113,0,0,0,0,0,0.179753885699132,0.145042981420244,0.187174248059994,0,0.250596669732883,0.262779980897903,0.274532705545425,0.251361042261124,0.383367298791806,0.271443635225296,0.176540208329694,0,0.233301222324371,0,0.233608062214711,0,0,0,0.160420762002468,0,0.18867152929306,0.227103680372238,0.190885580941293,0,0,0,0,0,0,0,0,0,0,0,0,0,0,0.225615960215369,0,0,0,0,0,0.167592930639222,0.274295073002577,0.246434715098132,0.297103822231293,0.196468616481482,0,0.234194753654358,0,0.228956907987595
0.260762204917578,0,0.191854071617126,0,0.180070721759246,0,0.14265323211165,0,0,0,0.165173590840662,0,0,0,0,0,0.252548040236746,0.226944051682949,0.248649877688241,0,0.160635976078612,0,0,0,0,0,0,0,0,0,0.214891538023949,0,0,0,0,0.217696711421013,0.176601367822865,0,0.230008780128426,0.206096567213535,0.18961318400157,0.243453620509668,0.22077261082894,0,0.253137430366205,0.210911507944803,0.200401883519499,0.211649794131517,0.231219800744663,0.240257764235139,0.21571181519726,0,0.143669575452805,0,0.23852065205574,0,0.228274247610873,0,0,0,0,0,0,0,0,0,0,0,0,0,0,0,0.225721528132757,0.313228101351521,0,0,0,0,0.201768529415131,0.183183813855181,0.227563269436359,0.25223555034935,0.18299878342752,0,0.227751301442828,0,0.262081747253736
0,0,0,0,0,0,0,0,0,0.181720244884491,0,0,0,0,0,0,0,0,0,0,0,0.192011326241679,0.223222029852739,0.175773891907783,0,0.233788209213387,0,0.257197580714193,0,0,0,0,0,0.252598717808723,0.234964713454247,0,0,0.20393809735762,0.374987453222275,0,0,0,0,0,0,0,0,0.337578248674587,0.534979283809662,0.271585607744125,0,0,0,0,0,0.257212698459625,0,0,0,0,0,0,0,0,0,0.215034108219517,0.184248468336545,0,0,0,0.257323076682431,0,0,0,0.279018759727478,0,0.264232814311981,0,0,0,0.267511319234926,0.369276872795561,0.207043955131317,0.240319509373533,0,0,0
0,0,0,0,0,0,0,0,0.221426501870155,0,0,0,0,0,0,0,0.216822751694255,0,0,0,0,0.203793142800542,0.18952221473838,0.161485210061073,0.168670365806012,0,0,0,0.262656227126718,0,0,0,0,0.213962256908417,0.254347801208496,0,0,0.236621402204037,0.217211765841362,0,0,0,0,0,0,0,0,0.362476633752094,0.187638330367184,0.178252071142197,0,0,0,0,0.227855664842269,0.367856800556183,0,0,0,0,0,0,0,0,0.215034108219517,0,0,0.198079383909412,0,0.187454109436146,0,0.265836216509342,0,0,0,0,0,0.238062061369419,0,0,0.337292622774839,0.24176664477959,0.195746135205871,0.198722723591071,0.254096372425556,0,0
0,0.203130950098452,0,0,0,0,0,0,0,0.242173535420614,0,0,0,0,0,0,0,0,0,0,0,0.179993046096393,0,0.189060620220766,0,0.244527618478955,0,0,0,0,0,0.282145634293556,0.281620095173518,0.230620897733248,0.230170018970966,0,0,0.189262504387303,0,0,0,0.218606083095074,0,0,0,0,0,0.357377762341092,0,0.180385162432988,0,0,0,0,0,0.260691600654859,0,0,0,0,0,0,0,0,0.184248468336545,0,0,0,0,0,0,0,0,0,0.281018281579018,0.302389323711395,0.244063168168068,0,0.291487455368042,0.27171802520752,0.22570251286135,0.349460512399673,0.215917976012587,0,0.295936152986858,0,0
0.222254827618599,0,0,0,0,0,0,0,0.240682251751423,0,0,0,0,0,0.209093391895294,0,0,0,0,0,0,0,0.183141415654603,0,0.190179517193114,0,0.184246152639389,0,0,0,0,0,0,0,0.299762051755732,0,0,0.397288531064987,0.218418183081934,0,0,0,0,0,0,0,0,0.360460636417071,0.214332517842914,0,0,0,0,0,0.246769381835819,0,0.150734513998032,0,0.184814871350924,0,0.185649662827834,0,0,0,0,0.198079383909412,0,0,0,0.179099016834224,0,0,0,0,0,0.299194037914276,0,0.286629177404172,0,0,0.44203198949496,0.230933563667833,0.20247658926707,0,0.273217006269934,0,0
0,0,0,0,0,0,0,0,0,0,0,0,0,0,0,0,0,0.27945830821991,0,0,0,0,0,0,0,0.283372065850667,0,0.272396057844162,0,0,0,0,0,0,0,0,0,0,0,0,0,0,0,0,0,0,0,0,0,0,0,0,0,0,0,0,0,0,0,0,0,0,0,0,0,0,0,0,0,0,0,0,0,0,0,0,0,0,0,0,0,0,0.291693240404129,0,0,0,0
0.196199388753983,0,0,0,0,0,0,0,0.194128372271856,0,0,0,0,0,0,0,0,0,0,0,0,0,0.174310451921295,0,0.165813879150411,0,0,0,0,0,0,0,0,0,0,0,0,0,0.193630799651146,0,0,0,0,0,0,0,0,0,0.196567496945781,0,0,0,0,0,0.200188957880029,0,0,0,0.142689684816336,0,0.170320323794275,0,0,0,0,0.187454109436146,0,0.179099016834224,0,0,0,0,0,0,0,0,0,0,0,0,0,0.215187534689903,0,0,0.200961883022879,0,0
0,0,0,0,0,0,0,0,0,0,0,0.2521733693572,0,0.249291623250032,0,0,0,0.263222231106325,0,0,0,0.25150648182766,0,0,0,0.28831452415103,0,0.242852121265518,0,0.244950186109689,0,0,0,0,0,0,0,0.265678845982629,0,0,0,0,0,0,0,0,0,0,0,0.127076497132128,0,0,0,0,0,0,0,0.161670356988907,0,0.260843204764219,0,0,0,0,0.257323076682431,0,0,0,0,0,0,0,0.150053842827047,0,0,0,0,0,0,0,0.232516830787063,0,0.243481319220725,0.216575911544709,0,0,0
