0,0,0.212853849644821,0.229604905521547,0.210617125326512,0.216526061296463,0,0,0.143749362981183,0,0,0.20349545776844,0,0,0,0,0.225960970271465,0.219758836552501,0.223715888820295,0,0,0,0,0,0.209810381507598,0,0,0,0,0,0,0,0,0,0,0,0.203827715814114,0.239019557833672,0.26445997986075,0,0.230527058243752,0.24166566816469,0.237501607899305,0.246984718988339,0.267529871969966,0.238330522004296,0.221262803861715,0,0.250298115193035,0.239272040625413,0,0.201652392745018,0,0,0.147565542370396,0,0,0.244511918723583,0,0,0.138036975926823,0.216532900929451,0.238204025796482,0,0,0,0,0.269411705931028,0,0,0.238769064346949,0,0.251468174159527,0,0,0,0,0,0,0,0,0.240139174814287,0.210733209533843,0.204995149229136,0.246469602892764,0,0.245232949654261
0,0,0,0.172039972572041,0,0.160532623529434,0,0,0,0.196246686319449,0,0,0,0,0,0.122181673337268,0.189613990485668,0.304838448762894,0.250992922484875,0,0,0,0,0.190589636564255,0,0,0,0,0,0,0,0,0,0,0,0,0,0.23700512924956,0,0.270907786030036,0,0.271271500727626,0,0.230722627043724,0,0.228275684058351,0,0,0,0.256287980969454,0,0.104538969695568,0,0,0,0.187353062000675,0,0.198954460102242,0,0.157361434224774,0,0.122776218245301,0.258796364549668,0,0,0,0.231731725296354,0,0,0,0.267473620073549,0,0.272793026796232,0,0,0,0,0,0,0,0.23484660320136,0,0.241726645330588,0,0.264741168879881,0.266322493553162,0
0.212853849644821,0,0,0,0.18103233355434,0,0,0,0.134195305171411,0,0,0,0,0,0,0,0.222162984311581,0,0.228955236077309,0,0,0,0,0,0.197869022687276,0,0,0,0,0,0,0,0,0,0,0,0.19031434458621,0,0.241368906838553,0,0,0,0.225865029412157,0,0.264231195052465,0,0.206940337643027,0,0.292471356372884,0,0.159699746562789,0,0,0,0.133581150280723,0,0.174040137380362,0,0.192745872988151,0,0.151236473563789,0,0,0.137802391002576,0,0,0,0.204498410224915,0,0,0,0,0,0,0,0,0,0,0,0,0,0.222370410958926,0.175392809144582,0.180169809213344,0.245961625039984,0,0
0.229604905521547,0.172039972572041,0,0,0,0.138189428876485,0,0,0.215373404324055,0.130906152742854,0,0.147676467274626,0,0,0,0,0,0.207611337304115,0.212283107969496,0,0,0,0,0,0,0,0,0,0,0,0,0,0,0,0,0.15336649119854,0,0.202623648047447,0,0.259665995836258,0,0.216517702369166,0.236315593123436,0.210723082485952,0,0.212681573629379,0,0,0.241997912526131,0.213729493468013,0,0.167613777213953,0,0,0,0.18059035458348,0,0.192843913191521,0,0.256245532538742,0,0,0.224893338978291,0,0,0,0.193033020856769,0,0,0,0.223589665011356,0,0.229529922828078,0,0,0,0,0,0,0,0.194548298205648,0,0.151649027965215,0.205946922302246,0.196301224335176,0,0
0.210617125326512,0,0.18103233355434,0,0,0,0,0,0.151256505932127,0,0,0,0.177790634334087,0,0.177602108035769,0,0,0,0,0,0.136381551623344,0,0,0,0,0,0,0,0,0,0,0,0,0,0,0,0,0,0,0,0,0,0,0,0,0,0,0,0.198897212743759,0,0.175239610928492,0,0,0,0.16540103405714,0,0.166288465261459,0,0.168509118258953,0,0.186381869989893,0,0,0.134670346975327,0,0,0,0,0,0,0,0,0,0,0,0,0,0,0,0,0,0,0.189677108736599,0.160569520989576,0.234428357332945,0,0
0.216526061296463,0.160532623529434,0,0.138189428876485,0,0,0,0.308794047902612,0,0.131637722253799,0,0,0,0,0,0,0,0,0,0,0,0,0,0,0,0,0,0,0,0,0,0,0,0,0,0,0,0,0,0,0,0.203032632668813,0,0.202334731817245,0,0,0,0,0,0,0,0.166485352431916,0,0,0,0,0,0.164939835543434,0,0.1605189204216,0,0,0,0,0,0,0,0,0,0,0,0,0.221509322524071,0,0,0,0,0,0,0,0,0,0.276543306113846,0.174313701999684,0.178226001560688,0,0
0,0,0,0,0,0,0,0,0,0,0.1862917765975,0,0,0,0,0,0,0,0,0,0.116823449730873,0,0,0,0,0,0,0,0,0,0,0,0,0,0,0,0,0,0,0,0,0,0,0,0,0,0,0,0,0,0,0,0,0,0,0,0,0,0,0,0,0,0,0,0,0,0,0,0,0,0,0,0,0,0,0,0,0,0,0,0,0,0.261598385005408,0,0,0,0
0,0,0,0,0,0.308794047902612,0,0,0,0,0,0,0,0,0,0,0,0,0,0,0,0,0,0,0,0,0,0,0,0,0,0,0,0,0,0,0,0,0,0,0,0,0,0,0,0,0,0,0,0,0,0,0,0,0,0,0,0.201172626887759,0,0.200257881121202,0,0,0,0,0,0,0,0,0,0,0,0,0,0,0,0,0,0,0,0,0,0,0.299159114991409,0,0,0,0
0.143749362981183,0,0.134195305171411,0.215373404324055,0.151256505932127,0,0,0,0,0,0,0,0,0,0.119536809829248,0,0.205399815783356,0.212053656578064,0.204500438167703,0,0,0,0,0,0.160827498047558,0,0.125653420545553,0,0,0,0,0,0,0,0,0,0.19131695330143,0.23026405274868,0.226788548225191,0,0.229661715882165,0.217422023415565,0.261256831973126,0.172823742032051,0.244252574443817,0.214303985238075,0.216830990032146,0.200090774893761,0.236864991625243,0,0,0,0,0,0.140351505487224,0,0,0,0,0,0.118315878334225,0,0.227235600352287,0,0,0,0.211977407336235,0.187719505353621,0,0.124973734270553,0,0,0,0,0,0,0,0,0,0,0,0.261667987397488,0.161049735576823,0.130021628046381,0.286515646651277,0,0.304586509732824
0,0.196246686319449,0,0.130906152742854,0,0.131637722253799,0,0,0,0,0,0,0,0,0,0.171009728877709,0.187484562397003,0.223787526573454,0.233730860054493,0,0,0,0,0.161612127795287,0,0.180034163594246,0,0,0,0,0,0,0,0,0,0,0,0.160943000763655,0,0.232823786139488,0,0.29453813188076,0,0.278321611029761,0,0.250576829926075,0,0,0,0.187455191620086,0,0.120277788490057,0,0,0,0.214711516347516,0,0,0,0,0,0.128519535685579,0.316810187697411,0,0,0,0.150704275547844,0,0,0,0.266689940899998,0,0.251986525611046,0,0,0,0,0,0,0,0.258118650151624,0,0.196988605300051,0.159254179654583,0.314411050265963,0.277340084314346,0
0,0,0,0,0,0,0.1862917765975,0,0,0,0,0,0,0,0,0,0,0,0,0,0.170851554582144,0,0,0,0,0,0,0,0,0,0,0,0,0,0,0,0,0,0,0,0,0,0,0,0,0,0.123658371468385,0,0,0,0,0,0,0,0,0,0.146640667717443,0,0,0,0,0,0,0.173915128622736,0,0,0,0,0,0,0,0.134907309884715,0,0.12651664018631,0,0,0,0,0,0,0,0,0.182647086679935,0,0.170540046717866,0,0
0.20349545776844,0,0,0.147676467274626,0,0,0,0,0,0,0,0,0,0.179125519735473,0,0,0,0,0,0.169610255027879,0,0,0,0,0,0,0,0.173940497793649,0,0.177756775827969,0,0,0,0,0,0,0,0.205666085779667,0,0,0,0.165624506416775,0,0,0,0,0,0,0,0,0,0.167832993467649,0,0,0,0,0,0.168957612571,0,0.184700504579443,0,0,0.133139808972677,0,0,0,0,0,0,0,0,0,0.199487592529699,0,0,0,0,0,0,0,0,0,0.178859621286392,0,0.163544603369453,0,0
0,0,0,0,0.177790634334087,0,0,0,0,0,0,0,0,0,0,0,0,0,0,0,0,0,0,0,0,0,0,0,0,0,0,0,0,0,0,0,0,0,0,0,0,0,0,0,0,0,0,0,0,0,0.160231456160545,0,0,0,0,0,0.168265624592702,0,0.224738364656494,0,0,0,0,0,0,0,0,0,0,0,0,0.14281685774525,0,0,0,0,0,0,0,0,0,0,0.226901781118206,0.226713366583846,0,0,0
0,0,0,0,0,0,0,0,0,0,0,0.179125519735473,0,0,0,0,0,0,0,0,0,0,0,0,0,0,0,0.200879838565985,0,0,0,0,0,0,0,0,0,0,0,0,0,0,0,0,0,0,0,0,0,0,0,0,0,0,0,0,0,0,0,0.222933850675619,0,0,0,0,0,0,0,0,0,0,0.181921655933062,0,0,0,0,0,0,0,0,0,0,0,0.20439346631368,0.228648890376091,0,0,0
0,0,0,0,0.177602108035769,0,0,0,0.119536809829248,0,0,0,0,0,0,0,0.12900048494339,0,0,0,0,0,0,0,0.152677131687651,0,0.124354509368753,0,0,0,0,0,0,0,0,0,0,0.222892910242081,0.205667519321044,0,0,0,0.285227288492024,0,0,0,0,0.246568784117699,0.208891033109138,0,0,0,0,0,0.144776172935963,0,0,0,0,0,0.129376931395382,0,0,0,0,0,0,0.176746627021777,0,0.133167360275417,0,0,0,0,0,0,0,0,0,0,0,0.221758395433426,0.124641935803465,0.126506189682654,0.294428826946961,0,0
0,0.122181673337268,0,0,0,0,0,0,0,0.171009728877709,0,0,0,0,0,0,0,0.171696871519089,0,0,0,0,0,0.188868220386609,0,0.172812737983929,0,0,0,0,0,0,0,0,0,0,0,0.187581784584943,0,0,0,0.2476262179288,0,0.269521802663803,0,0,0,0.220722034573555,0,0.230210837154161,0,0,0,0,0,0.157708323279092,0,0.128914041817188,0,0,0,0.155115862419972,0,0,0,0,0.17830792422058,0,0,0,0,0,0,0,0,0,0,0,0,0,0.196249187869184,0,0.188758844412041,0.173121545910835,0.219871697180411,0,0
0.225960970271465,0.189613990485668,0.222162984311581,0,0,0,0,0,0.205399815783356,0.187484562397003,0,0,0,0,0.12900048494339,0,0,0.124418428828844,0.243557022021699,0,0,0,0.172916327257576,0.262499026954174,0.21187133183985,0,0.183004213006873,0,0,0,0,0,0,0,0,0,0,0.284248233802857,0.218859854453015,0.216308992178667,0.228528281255644,0.188142764505127,0.230692154635519,0.194538042808955,0.245950343425978,0.225848450629335,0.230021508016378,0.233033610426861,0.253923982381821,0.288490314450529,0,0,0,0,0.211271000201585,0.182934403419495,0,0,0,0,0,0,0.232702106237411,0,0,0.164483212431272,0.258291040148054,0.230416129781409,0,0,0.211225913329558,0,0.207730181515217,0,0,0,0,0,0,0,0.25249790151914,0.244305687455031,0.174996395162863,0.200435172830414,0.241401973413562,0.194003880193288,0.246244905763076
0.219758836552501,0.304838448762894,0,0.207611337304115,0,0,0,0,0.212053656578064,0.223787526573454,0,0,0,0,0,0.171696871519089,0.124418428828844,0,0.194388444691377,0,0,0.111610163289767,0,0.216022931039333,0,0.138717301877645,0,0,0,0,0,0,0,0,0,0,0,0,0.198275357484818,0.245743851417426,0.225209414958954,0.218866547123053,0.209136118499742,0.213141553701564,0.22956208884716,0.260450157435632,0.231649211369822,0,0.211557736620307,0.222937468971525,0,0,0,0,0,0.279589684025661,0,0.235948900381724,0,0.239302471280098,0,0,0.269050180202439,0,0,0,0.204772522673011,0,0,0,0.241266262739204,0,0.231456062267717,0,0,0,0,0,0,0,0.224328362917804,0,0.187677324319485,0.16173621195987,0.234028187680318,0.194106128321935,0.217232943705793
0.223715888820295,0.250992922484875,0.228955236077309,0.212283107969496,0,0,0,0,0.204500438167703,0.233730860054493,0,0,0,0,0,0,0.243557022021699,0.194388444691377,0,0,0,0,0,0,0.228542991591699,0,0,0,0,0,0,0,0,0,0,0,0,0.218668293207884,0.249515087567559,0.27401937001566,0.279216280879354,0.235822045168475,0.248622043614722,0.200389160577684,0.28358446884629,0.265714609491181,0.264254793164936,0,0.234958313152562,0.246286243200302,0,0.195798054337502,0,0,0.218508885259205,0.253037202689383,0,0.247436662869794,0,0.263037502765656,0,0,0.265022235704057,0,0,0,0.227837429381907,0.235370591282845,0,0,0.253325425088406,0,0.26227151243775,0,0,0,0,0,0,0.351273834705353,0.243605889523259,0.254158316708323,0.17757587169468,0.163699903571721,0.268990430202559,0.174638028406808,0.267655154500501
0,0,0,0,0,0,0,0,0,0,0,0.169610255027879,0,0,0,0,0,0,0,0,0,0,0,0,0,0,0,0,0,0,0,0,0,0,0,0.194319682195783,0,0.175542324781418,0,0,0,0,0,0,0,0,0,0,0,0,0,0,0,0,0,0,0,0.154597768324213,0,0,0,0,0.190384974578903,0,0,0,0,0,0,0,0,0,0,0,0,0,0,0,0,0,0,0,0.183217889007411,0,0.232298928110496,0,0
0,0,0,0,0.136381551623344,0,0.116823449730873,0,0,0,0.170851554582144,0,0,0,0,0,0,0,0,0,0,0,0,0,0,0,0,0,0,0,0,0,0,0,0,0,0.199289680591651,0,0,0,0,0,0,0,0,0,0.144217027085168,0,0,0,0,0,0,0,0,0,0.150361402073141,0,0,0,0,0,0,0.146625769344416,0,0,0,0,0,0,0,0,0,0,0,0,0,0,0,0,0,0,0.182050755078142,0,0.164069815051504,0,0
0,0,0,0,0,0,0,0,0,0,0,0,0,0,0,0,0,0.111610163289767,0,0,0,0,0.145881612118579,0.202325659079684,0,0,0,0,0,0,0,0,0,0.178703945718314,0.190089017152786,0,0,0.203966293220568,0.21844491759936,0,0,0,0,0,0,0,0,0,0,0.143086968455464,0,0,0,0,0,0,0,0,0,0,0,0,0,0,0.147477385106166,0.113071324303746,0,0,0,0,0,0,0,0,0,0,0.180864371359348,0,0,0,0,0.259403875470161,0.173050402424285,0.202491655021433,0,0,0
0,0,0,0,0,0,0,0,0,0,0,0,0,0,0,0,0.172916327257576,0,0,0,0,0.145881612118579,0,0.407264957825343,0.222783547500277,0,0,0,0,0,0,0,0,0.331841657559077,0.300306171178818,0,0,0.391996079135215,0.296560541372394,0,0,0,0,0,0,0,0,0.299645924658486,0.168308745821317,0.378197210282087,0,0,0,0,0,0,0,0,0,0,0,0,0,0,0.153267509089066,0.285717998772524,0.357447201013565,0.189311474859715,0,0,0,0,0,0,0,0,0,0,0,0,0.412635904642963,0.298098100109057,0.234423109735431,0.294452216228382,0,0,0
0,0.190589636564255,0,0,0,0,0,0,0,0.161612127795287,0,0,0,0,0,0.188868220386609,0.262499026954174,0.216022931039333,0,0,0,0.202325659079684,0.407264957825343,0,0.315588374932607,0.209647868294269,0,0,0,0,0,0,0,0.185929500928489,0,0,0,0.214431532221665,0.370192570700532,0,0,0.167603895068169,0,0,0,0,0,0.240001350641251,0,0.233439352677759,0,0,0,0,0,0.145582620054483,0,0,0,0,0,0.193242328241467,0,0,0.200489229277561,0.369411413868268,0.230583630433436,0.358259081840515,0,0,0,0,0.23248191177845,0,0,0,0,0,0,0,0.215058354278133,0.355120223760605,0.215972548990107,0.245083046180231,0.168686762890395,0,0
0.209810381507598,0,0.197869022687276,0,0,0,0,0,0.160827498047558,0,0,0,0,0,0.152677131687651,0,0.21187133183985,0,0.228542991591699,0,0,0,0.222783547500277,0.315588374932607,0,0,0.128980914977464,0,0,0,0,0,0,0.38007053732872,0,0,0.192117005586624,0.367504131462839,0.261962413915202,0,0.235017880797386,0,0.261869080153173,0,0.221920192241669,0,0.218202816115485,0.299770028250558,0.261818145258495,0.342390818461295,0,0,0,0,0.172589318879018,0,0,0,0,0,0.173204239398714,0,0,0,0,0.190709505982587,0.31581272897513,0.231384690994976,0,0.199586254358292,0,0,0,0,0,0,0,0,0,0,0.399083969963563,0.272688923880111,0.216926822685458,0.283241350458275,0.299161457417297,0,0
0,0,0,0,0,0,0,0,0,0.180034163594246,0,0,0,0,0,0.172812737983929,0,0.138717301877645,0,0,0,0,0,0.209647868294269,0,0,0,0,0,0,0,0,0,0,0,0,0,0.218590140342712,0,0,0,0,0,0,0,0,0,0,0,0,0,0,0,0,0,0,0,0,0,0.170033663511276,0,0.167558167016867,0,0,0,0,0.200676166397684,0,0,0,0,0,0,0,0,0,0,0,0,0,0.220035667220751,0,0.184278864837335,0.203595808148384,0,0,0
0,0,0,0,0,0,0,0,0.125653420545553,0,0,0,0,0,0.124354509368753,0,0.183004213006873,0,0,0,0,0,0,0,0.128980914977464,0,0,0,0,0,0,0,0,0,0,0,0,0,0.349770814180374,0,0,0,0.276203459272018,0,0,0,0,0,0.249927417612543,0,0,0,0,0,0.138018645919286,0,0,0,0,0,0.151442895725108,0,0,0,0,0,0,0.294188678264618,0,0.187249764800072,0,0,0,0,0,0,0,0,0,0,0,0.342770576477051,0.112366259927406,0,0.308800145199424,0,0
0,0,0,0,0,0,0,0,0,0,0,0.173940497793649,0,0.200879838565985,0,0,0,0,0,0,0,0,0,0,0,0,0,0,0,0.169293349981308,0,0,0,0,0,0,0,0.251326387793553,0,0,0,0,0,0,0,0,0,0,0,0,0,0,0,0,0,0,0,0,0,0,0,0,0,0,0,0,0,0,0,0,0.203609062671444,0,0,0,0,0,0,0,0,0,0,0,0.228761278895231,0.227310384432572,0,0,0
0,0,0,0,0,0,0,0,0,0,0,0,0,0,0,0,0,0,0,0,0,0,0,0,0,0,0,0,0,0,0.171596460665266,0,0,0,0,0,0,0,0,0,0,0,0,0,0,0,0,0,0,0,0,0,0,0,0,0,0,0,0.237705690786242,0,0,0,0,0,0,0,0,0,0,0,0,0.22518560138611,0,0.187193941298794,0,0,0,0,0,0,0,0.190138339996338,0.289878654959943,0.292730087975013,0,0,0
0,0,0,0,0,0,0,0,0,0,0,0.177756775827969,0,0,0,0,0,0,0,0,0,0,0,0,0,0,0,0.169293349981308,0,0,0,0,0,0,0,0,0,0.17849797308445,0,0,0,0,0,0,0,0,0,0,0,0,0,0,0,0,0,0,0,0.225030137598515,0,0,0,0,0,0,0,0,0,0,0,0,0,0,0.188512085773449,0,0,0,0,0,0,0,0,0,0.185595962393563,0.175905328243971,0,0,0
0,0,0,0,0,0,0,0,0,0,0,0,0,0,0,0,0,0,0,0,0,0,0,0,0,0,0,0,0.171596460665266,0,0,0,0,0,0,0,0,0,0,0,0,0,0,0,0,0,0,0,0,0,0,0,0,0,0,0,0.179196432232857,0,0,0,0,0,0,0,0,0,0,0,0,0,0,0.138596467496384,0,0.206515054475239,0,0,0,0,0,0,0,0,0.240214660763741,0,0,0,0
0,0,0,0,0,0,0,0,0,0,0,0,0,0,0,0,0,0,0,0,0,0,0,0,0,0,0,0,0,0,0,0,0.18644802174024,0,0.141465674086315,0.173365542741671,0.215263563420689,0,0,0,0,0,0,0,0,0,0,0.148570429521466,0.204682514071465,0,0,0,0,0,0,0,0,0,0,0,0,0,0,0,0,0,0,0,0,0,0,0,0,0,0.172320897728398,0.1759475999991,0,0,0.181169474678592,0.200350505905552,0,0,0.190507903695107,0,0,0,0
0,0,0,0,0,0,0,0,0,0,0,0,0,0,0,0,0,0,0,0,0,0,0,0,0,0,0,0,0,0,0,0.18644802174024,0,0,0.160565003752708,0.187512567796205,0.173211752304009,0,0,0,0,0,0,0,0,0,0,0.134753412634134,0.163778034704072,0.11733178794384,0,0,0,0,0,0,0,0,0,0,0,0,0,0,0,0,0,0,0,0,0,0,0,0,0.161730704300377,0.14568074554997,0,0,0.167049758136272,0.190002846267988,0,0,0.209066244780235,0,0,0,0
0,0,0,0,0,0,0,0,0,0,0,0,0,0,0,0,0,0,0,0,0,0.178703945718314,0.331841657559077,0.185929500928489,0.38007053732872,0,0,0,0,0,0,0,0,0,0.300028543523827,0,0,0.341088328223962,0.311975207945255,0,0,0,0,0,0,0,0,0.25311773050622,0.345814645290375,0.350938198467096,0,0,0,0,0,0,0,0,0,0,0,0,0,0,0.18001992503802,0.335388675332069,0.196497045457363,0.301497131586075,0,0,0,0,0,0,0.131902247667313,0,0.197166370294845,0.191660133081597,0,0,0.337987648695707,0.395877768886384,0.187373415552653,0.32016030446557,0,0,0
0,0,0,0,0,0,0,0,0,0,0,0,0,0,0,0,0,0,0,0,0,0.190089017152786,0.300306171178818,0,0,0,0,0,0,0,0,0.141465674086315,0.160565003752708,0.300028543523827,0,0,0.153501652181149,0.432933696743214,0.332593677387693,0,0,0,0.305363088846207,0,0,0,0,0.314732556011985,0.153092354536057,0.346512630289676,0,0,0,0,0,0,0,0,0,0,0,0,0,0,0,0,0.207795009016991,0,0,0,0,0,0,0,0.143912139314192,0,0.227781223860222,0.254113186616451,0,0.160926340147853,0.357449141053753,0.266697811339896,0.25974563024396,0.311571109862555,0,0,0
0,0,0,0.15336649119854,0,0,0,0,0,0,0,0,0,0,0,0,0,0,0,0.194319682195783,0,0,0,0,0,0,0,0,0,0,0,0.173365542741671,0.187512567796205,0,0,0,0.219806874119137,0.170736662470377,0,0.179800373488175,0.478373297665379,0.216037690639496,0,0,0,0.149783745408058,0,0.18561461967666,0.531564683938513,0.545633821991774,0,0,0,0,0,0,0,0,0,0,0,0,0.202163619178158,0,0,0,0,0,0,0,0,0,0,0,0.17052149772644,0.169619543363853,0,0,0.264292132481269,0.276153674961995,0.165872236851576,0,0.165890908588807,0.17177046399973,0.14750562078423,0,0
0.203827715814114,0,0.19031434458621,0,0,0,0,0,0.19131695330143,0,0,0,0,0,0,0,0,0,0,0,0.199289680591651,0,0,0,0.192117005586624,0,0,0,0,0,0,0.215263563420689,0.173211752304009,0,0.153501652181149,0.219806874119137,0,0,0.17777424958753,0.505120277404785,0.135520948562771,0,0.220429855585098,0,0,0,0.136293657124043,0.161665251982805,0.221539232134819,0.572781443595886,0,0,0,0,0.198849265774091,0,0,0,0,0,0,0,0,0,0,0,0,0,0,0,0,0,0,0,0,0.145110708157547,0,0,0.210811365198176,0.266725975532268,0,0.200922288355373,0.197813470335696,0.176750467782566,0.164618521797499,0,0
0.239019557833672,0.23700512924956,0,0.202623648047447,0,0,0,0,0.23026405274868,0.160943000763655,0,0.205666085779667,0,0,0.222892910242081,0.187581784584943,0.284248233802857,0,0.218668293207884,0.175542324781418,0,0.203966293220568,0.391996079135215,0.214431532221665,0.367504131462839,0.218590140342712,0,0.251326387793553,0,0.17849797308445,0,0,0,0.341088328223962,0.432933696743214,0.170736662470377,0,0,0.290155018567759,0,0,0.219629349860739,0.252246826887131,0.206818789243698,0,0.200549430080823,0,0.329900079498104,0,0.309067688096733,0,0,0,0,0,0.23189038676875,0,0.21355797043618,0,0.194235063791275,0,0.211186010458253,0.214372613363796,0,0.249208933572644,0.397494177902694,0.248830260212652,0.355415754185783,0.258119955658913,0,0.247523481026292,0,0.185234582849911,0,0,0,0,0.453311634063721,0.151998335360617,0,0.228240147384507,0.313495021251955,0.249734358281812,0.229501561107032,0.206667453273019,0,0
0.26445997986075,0,0.241368906838553,0,0,0,0,0,0.226788548225191,0,0,0,0,0,0.205667519321044,0,0.218859854453015,0.198275357484818,0.249515087567559,0,0,0.21844491759936,0.296560541372394,0.370192570700532,0.261962413915202,0,0.349770814180374,0,0,0,0,0,0,0.311975207945255,0.332593677387693,0,0.17777424958753,0.290155018567759,0,0,0,0,0.242796913215092,0,0.239274680614471,0,0.233941288931029,0.323398378901027,0.235859796404839,0.38395594893553,0,0,0,0,0.248411544985732,0.302223950624466,0,0,0,0,0.186516746878624,0,0,0,0,0.307229624073792,0.357682759623702,0.23988263994794,0,0,0,0.195308059453964,0,0.173415412008762,0,0,0.194854168330922,0.406310930848122,0,0.179136208879451,0.413930385146909,0.310045056377247,0.335076526295574,0.431806560755632,0.25030625363191,0,0
0,0.270907786030036,0,0.259665995836258,0,0,0,0,0,0.232823786139488,0,0,0,0,0,0,0.216308992178667,0.245743851417426,0.27401937001566,0,0,0,0,0,0,0,0,0,0,0,0,0,0,0,0,0.179800373488175,0.505120277404785,0,0,0,0.2874796360226,0.242698918948309,0.270367428660393,0.320289159180425,0.27913910150528,0.199284786846014,0.283872507512569,0.386862929050739,0.311342481573423,0.236744548186012,0,0,0,0,0,0.223426615198453,0,0.259693199042547,0,0.252139300107956,0,0.247444987297058,0.294135510921478,0,0,0,0.229757131636143,0,0,0,0.296685934066772,0,0.217061933130026,0,0,0,0,0,0.16605355116454,0.357255477796901,0.216967731714249,0,0.200417962122428,0.22341345862983,0.234684502484399,0.241245281237822,0
0.230527058243752,0,0,0,0,0,0,0,0.229661715882165,0,0,0,0,0,0,0,0.228528281255644,0.225209414958954,0.279216280879354,0,0,0,0,0,0.235017880797386,0,0,0,0,0,0,0,0,0,0,0.478373297665379,0.135520948562771,0,0,0.2874796360226,0,0.262937411665916,0.254592406853433,0,0.297519022145787,0.273279058436553,0.248568333936894,0.426632210612297,0.317457193932275,0.285766619210247,0,0,0,0,0.229497477412224,0,0,0,0,0,0,0,0,0,0,0,0,0.23386538028717,0,0,0,0,0.295844078063965,0,0,0,0,0,0.380163714816622,0.390775495192461,0.226934283971786,0.245058357715607,0.218426947075477,0.214934613704681,0.238783416143379,0,0.293393978734075
0.24166566816469,0.271271500727626,0,0.216517702369166,0,0.203032632668813,0,0,0.217422023415565,0.29453813188076,0,0.165624506416775,0,0,0,0.2476262179288,0.188142764505127,0.218866547123053,0.235822045168475,0,0,0,0,0.167603895068169,0,0,0,0,0,0,0,0,0,0,0,0.216037690639496,0,0.219629349860739,0,0.242698918948309,0.262937411665916,0,0.254298017388492,0.224424312964321,0.27178207891328,0.249278102629722,0.261546130936879,0,0.236947628167959,0.260690417047552,0,0.200034881631533,0,0,0,0.264058449256398,0,0.26406918781591,0,0.239530402049422,0,0.240692760144907,0.278836935758591,0,0,0,0.225941645675862,0,0,0,0.297318797217629,0,0.290718017840913,0,0,0,0,0,0.263922482728958,0,0.2339598197982,0.221052467823029,0.245333930892487,0.205872117826989,0.242494626895569,0.275981749014602,0.224029885232449
0.237501607899305,0,0.225865029412157,0.236315593123436,0,0,0,0,0.261256831973126,0,0,0,0,0,0.285227288492024,0,0.230692154635519,0.209136118499742,0.248622043614722,0,0,0,0,0,0.261869080153173,0,0.276203459272018,0,0,0,0,0,0,0,0.305363088846207,0,0.220429855585098,0.252246826887131,0.242796913215092,0.270367428660393,0.254592406853433,0.254298017388492,0,0.214930937096879,0.23697177473833,0.250355320132297,0.228398053422504,0.307531016807144,0.277350838237855,0.306621871284536,0,0,0,0,0.257777024770892,0,0,0.232375711202621,0,0,0.261260808755954,0,0.260955022914069,0.128609385341406,0,0,0.245149366557598,0.262901660054922,0,0.252671073222982,0.244259933630625,0,0.206220604479313,0.266562753915787,0,0,0,0,0,0.285683941096067,0.212622986899482,0.228192613196017,0.226599478234948,0.199484951352413,0.257165567676471,0.32110202663085,0.310032814183075
0.246984718988339,0.230722627043724,0,0.210723082485952,0,0.202334731817245,0,0,0.172823742032051,0.278321611029761,0,0,0,0,0,0.269521802663803,0.194538042808955,0.213141553701564,0.200389160577684,0,0,0,0,0,0,0,0,0,0,0,0,0,0,0,0,0,0,0.206818789243698,0,0.320289159180425,0,0.224424312964321,0.214930937096879,0,0,0.29551996796978,0.242155715823174,0,0.247129961848259,0.2330704761876,0,0.183360055088997,0,0,0,0.237785186086382,0,0.251437764792215,0,0.237270265817642,0,0.241809315979481,0.240674540400505,0,0,0,0.229522707206862,0,0,0,0.243774297145697,0,0.246765462888612,0,0,0,0,0,0,0,0.267240997065197,0.244691625237465,0.213660773507186,0.191932019733247,0.258458433385993,0.231557071208954,0.235319743553797
0.267529871969966,0,0.264231195052465,0,0,0,0,0,0.244252574443817,0,0,0,0,0,0,0,0.245950343425978,0.22956208884716,0.28358446884629,0,0,0,0,0,0.221920192241669,0,0,0,0,0,0,0,0,0,0,0,0,0,0.239274680614471,0.27913910150528,0.297519022145787,0.27178207891328,0.23697177473833,0,0,0.233476057648659,0.237458943883605,0,0.243454561382532,0,0,0,0,0,0,0,0,0,0,0,0,0,0.278682768344879,0,0,0,0,0,0,0,0,0,0,0,0,0,0,0,0,0,0,0.23454861342907,0.226029187382436,0.20116753578186,0.290039908304647,0,0.283299520611763
0.238330522004296,0.228275684058351,0,0.212681573629379,0,0,0,0,0.214303985238075,0.250576829926075,0,0,0,0,0,0,0.225848450629335,0.260450157435632,0.265714609491181,0,0,0,0,0,0,0,0,0,0,0,0,0,0,0,0,0.149783745408058,0,0.200549430080823,0,0.199284786846014,0.273279058436553,0.249278102629722,0.250355320132297,0.29551996796978,0.233476057648659,0,0.257725780457258,0,0.251929074525833,0.224667750574924,0,0.223063468933105,0,0,0,0.230696253171043,0,0.235523583147469,0,0.174005322158337,0,0.233625767131646,0.217314749844928,0,0,0,0.212954590943727,0,0,0,0.244687026127791,0,0.251411287543865,0,0,0,0,0,0.156715472669978,0,0.275769542416801,0,0.260074985055949,0.223203109259959,0.223089456182601,0.251125877350569,0.248114006593823
0.221262803861715,0,0.206940337643027,0,0,0,0,0,0.216830990032146,0,0.123658371468385,0,0,0,0,0,0.230021508016378,0.231649211369822,0.264254793164936,0,0.144217027085168,0,0,0,0.218202816115485,0,0,0,0,0,0,0,0,0,0,0,0.136293657124043,0,0.233941288931029,0.283872507512569,0.248568333936894,0.261546130936879,0.228398053422504,0.242155715823174,0.237458943883605,0.257725780457258,0,0,0.23704973837504,0,0,0,0,0,0.228936006243412,0,0.115000764429569,0.206406436860561,0,0,0,0,0.218643009662628,0.141822998843158,0,0,0,0.195558100938797,0,0,0.246307335793972,0,0.265039831399918,0,0,0,0,0,0,0.113432645797729,0.263003205259641,0.232057226697604,0.213737280868586,0.207690622800818,0.199919635348297,0.262493217984835,0.236460624927672
0,0,0,0,0,0,0,0,0.200090774893761,0,0,0,0,0,0.246568784117699,0.220722034573555,0.233033610426861,0,0,0,0,0,0.299645924658486,0.240001350641251,0.299770028250558,0,0,0,0,0,0,0.148570429521466,0.134753412634134,0.25311773050622,0.314732556011985,0.18561461967666,0.161665251982805,0.329900079498104,0.323398378901027,0.386862929050739,0.426632210612297,0,0.307531016807144,0,0,0,0,0,0.293640199866771,0.361941619375411,0,0,0,0,0.203994401863643,0,0,0,0,0,0,0.227306574583054,0,0,0,0.306464784568356,0.314961890024798,0.276583867413657,0,0,0,0,0,0,0.147672173700162,0.136227647899445,0.309908326676426,0.274010566642156,0.317348766934859,0.256671764272158,0.31132955690225,0.321710266884685,0.323727234639676,0.233369342982769,0.286756971478462,0,0
0.250298115193035,0,0.292471356372884,0.241997912526131,0.198897212743759,0,0,0,0.236864991625243,0,0,0,0,0,0.208891033109138,0,0.253923982381821,0.211557736620307,0.234958313152562,0,0,0,0.168308745821317,0,0.261818145258495,0,0.249927417612543,0,0,0,0,0.204682514071465,0.163778034704072,0.345814645290375,0.153092354536057,0.531564683938513,0.221539232134819,0,0.235859796404839,0.311342481573423,0.317457193932275,0.236947628167959,0.277350838237855,0.247129961848259,0.243454561382532,0.251929074525833,0.23704973837504,0.293640199866771,0,0.351592718064283,0,0,0,0,0.255414506064521,0,0,0.238252058625221,0,0,0.208632885445119,0,0,0,0,0.151624231654055,0,0.250954945480203,0,0.227751671109325,0,0.288602996956218,0,0,0,0.154897667467594,0.368104308843613,0,0.401646712560797,0.321073837253271,0.319549590349197,0.146458357423544,0.284286663589061,0.255622030723663,0.302669217804254,0,0.303779491782188
0.239272040625413,0.256287980969454,0,0.213729493468013,0,0,0,0,0,0.187455191620086,0,0,0,0,0,0.230210837154161,0.288490314450529,0.222937468971525,0.246286243200302,0,0,0.143086968455464,0.378197210282087,0.233439352677759,0.342390818461295,0,0,0,0,0,0,0,0.11733178794384,0.350938198467096,0.346512630289676,0.545633821991774,0.572781443595886,0.309067688096733,0.38395594893553,0.236744548186012,0.285766619210247,0.260690417047552,0.306621871284536,0.2330704761876,0,0.224667750574924,0,0.361941619375411,0.351592718064283,0,0,0.202611301094294,0,0,0,0.252081392296389,0,0.239445680396494,0,0.187974508434436,0,0.221042453601796,0.212929435954319,0,0.155042218197371,0.382731028578498,0.189476831967747,0.338232666254044,0.209204677831043,0,0.216541015847709,0,0.19685688356742,0,0,0,0,0,0.40078893962961,0.355582940245426,0.205029747654142,0.394602131305469,0.355572035193895,0.342123117297888,0.261986508055758,0,0
0,0,0.159699746562789,0,0.175239610928492,0,0,0,0,0,0,0,0.160231456160545,0,0,0,0,0,0,0,0,0,0,0,0,0,0,0,0,0,0,0,0,0,0,0,0,0,0,0,0,0,0,0,0,0,0,0,0,0,0,0,0,0,0,0,0.171311432864809,0,0.174894906580448,0,0.180983118712902,0,0,0,0,0,0,0,0,0,0,0,0,0,0,0,0,0,0,0,0,0,0.196741529511956,0.16253455914557,0,0,0
0.201652392745018,0.104538969695568,0,0.167613777213953,0,0.166485352431916,0,0,0,0.120277788490057,0,0.167832993467649,0,0,0,0,0,0,0.195798054337502,0,0,0,0,0,0,0,0,0,0,0,0,0,0,0,0,0,0,0,0,0,0,0.200034881631533,0,0.183360055088997,0,0.223063468933105,0,0,0,0.202611301094294,0,0,0,0,0,0,0,0.173708859062384,0,0.144049569964409,0,0,0,0,0,0,0.167644550402959,0,0,0,0.219498507678509,0,0.234547317028046,0,0,0,0,0,0,0,0,0,0.207488632546021,0,0.184464324930949,0,0
0,0,0,0,0,0,0,0,0,0,0,0,0,0,0,0,0,0,0,0,0,0,0,0,0,0,0,0,0,0,0,0,0,0,0,0,0,0,0,0,0,0,0,0,0,0,0,0,0,0,0,0,0,0,0,0,0,0,0.162525087594986,0,0,0,0,0,0,0,0,0,0,0,0,0,0,0,0,0,0,0,0,0,0,0,0,0,0,0,0
0,0,0,0,0,0,0,0,0,0,0,0,0,0,0,0,0,0,0,0,0,0,0,0,0,0,0,0,0,0,0,0,0,0,0,0,0,0,0,0,0,0,0,0,0,0,0,0,0,0,0,0,0,0,0,0,0,0,0,0,0,0,0,0,0,0,0,0,0,0,0,0,0,0,0,0,0,0,0,0,0,0,0,0,0,0,0
0.147565542370396,0,0.133581150280723,0,0.16540103405714,0,0,0,0.140351505487224,0,0,0,0,0,0.144776172935963,0,0.211271000201585,0,0.218508885259205,0,0,0,0,0,0.172589318879018,0,0.138018645919286,0,0,0,0,0,0,0,0,0,0.198849265774091,0,0.248411544985732,0,0.229497477412224,0,0.257777024770892,0,0,0,0.228936006243412,0.203994401863643,0.255414506064521,0,0,0,0,0,0,0,0,0,0,0,0.111915104091167,0,0,0,0,0,0,0.194618401215657,0,0.220213875174522,0,0,0,0,0,0,0,0,0,0,0,0.282985193462207,0.173501222603335,0.132206690098558,0.297684672402173,0,0.242963224649429
0,0.187353062000675,0,0.18059035458348,0,0,0,0,0,0.214711516347516,0,0,0,0,0,0.157708323279092,0.182934403419495,0.279589684025661,0.253037202689383,0,0,0,0,0.145582620054483,0,0,0,0,0,0,0,0,0,0,0,0,0,0.23189038676875,0.302223950624466,0.223426615198453,0,0.264058449256398,0,0.237785186086382,0,0.230696253171043,0,0,0,0.252081392296389,0,0,0,0,0,0,0,0.239768895010153,0,0.181461192667484,0,0.132254934159376,0.304962061918699,0,0,0,0.196724184377249,0,0,0,0.262633850177129,0,0.257713429541456,0,0,0,0,0,0,0,0.244635055959225,0,0.255722239328192,0,0.287645510868813,0.277308613061905,0
0,0,0.174040137380362,0,0.166288465261459,0,0,0,0,0,0.146640667717443,0,0.168265624592702,0,0,0,0,0,0,0,0.150361402073141,0,0,0,0,0,0,0,0,0,0.179196432232857,0,0,0,0,0,0,0,0,0,0,0,0,0,0,0,0.115000764429569,0,0,0,0.171311432864809,0,0,0,0,0,0,0,0.180330527292358,0,0.174838149203704,0,0,0.141487153287147,0,0,0,0,0,0,0,0.1277514669512,0,0.196184750483741,0,0,0,0,0,0,0,0,0,0,0.166034654578295,0,0
0.244511918723583,0.198954460102242,0,0.192843913191521,0,0.164939835543434,0,0.201172626887759,0,0,0,0.168957612571,0,0,0,0.128914041817188,0,0.235948900381724,0.247436662869794,0.154597768324213,0,0,0,0,0,0,0,0,0,0.225030137598515,0,0,0,0,0,0,0,0.21355797043618,0,0.259693199042547,0,0.26406918781591,0.232375711202621,0.251437764792215,0,0.235523583147469,0.206406436860561,0,0.238252058625221,0.239445680396494,0,0.173708859062384,0,0,0,0.239768895010153,0,0,0,0.200526597707659,0,0.14075613530016,0.202887828567345,0,0,0,0.213299697843091,0,0,0,0.264327639276349,0,0.300162751691133,0,0,0,0,0,0,0,0.217293562207903,0,0.241085725334974,0.222647659480572,0.242152677945207,0,0.238101154565811
0,0,0.192745872988151,0,0.168509118258953,0,0,0,0,0,0,0,0.224738364656494,0,0,0,0,0,0,0,0,0,0,0,0,0,0,0,0.237705690786242,0,0,0,0,0,0,0,0,0,0,0,0,0,0,0,0,0,0,0,0,0,0.174894906580448,0,0.162525087594986,0,0,0,0.180330527292358,0,0,0,0,0,0,0.183979052034291,0,0,0,0,0,0,0,0.147380678210317,0,0,0,0,0,0,0,0,0,0,0.232686526124312,0.234877947992685,0.208907236471588,0,0
0,0.157361434224774,0,0.256245532538742,0,0.1605189204216,0,0.200257881121202,0,0,0,0.184700504579443,0,0.222933850675619,0,0,0,0.239302471280098,0.263037502765656,0,0,0,0,0,0,0.170033663511276,0,0,0,0,0,0,0,0,0,0,0,0.194235063791275,0,0.252139300107956,0,0.239530402049422,0,0.237270265817642,0,0.174005322158337,0,0,0,0.187974508434436,0,0.144049569964409,0,0,0,0.181461192667484,0,0.200526597707659,0,0,0,0.123107614616553,0.19268110980753,0,0,0,0.188422479059385,0,0.136410578512228,0,0.161624435188623,0,0.222851970129543,0,0,0,0,0,0,0,0.192027308619939,0,0.182319045066833,0.242747989296913,0.209190424132174,0,0
0.138036975926823,0,0.151236473563789,0,0.186381869989893,0,0,0,0.118315878334225,0,0,0,0,0,0.129376931395382,0,0,0,0,0,0,0,0,0,0.173204239398714,0,0.151442895725108,0,0,0,0,0,0,0,0,0,0,0,0.186516746878624,0,0,0,0.261260808755954,0,0,0,0,0,0.208632885445119,0,0.180983118712902,0,0,0,0.111915104091167,0,0.174838149203704,0,0,0,0,0,0,0.16701373954614,0,0,0,0.185866130969009,0,0.150646024303777,0,0,0,0,0,0,0,0,0,0,0,0,0.138878115498629,0.129046089947224,0.221545829465895,0,0
0.216532900929451,0.122776218245301,0,0,0,0,0,0,0,0.128519535685579,0,0,0,0,0,0.155115862419972,0,0,0,0,0,0,0,0.193242328241467,0,0.167558167016867,0,0,0,0,0,0,0,0,0,0,0,0.211186010458253,0,0.247444987297058,0,0.240692760144907,0,0.241809315979481,0,0.233625767131646,0,0.227306574583054,0,0.221042453601796,0,0,0,0,0,0.132254934159376,0,0.14075613530016,0,0.123107614616553,0,0,0.164373680949211,0,0,0,0.186458450171255,0,0,0,0.209592682868242,0,0.221239045262337,0,0,0,0,0,0,0,0.183374515838093,0,0.197732977569103,0,0.208577413606894,0,0
0.238204025796482,0.258796364549668,0,0.224893338978291,0,0,0,0,0.227235600352287,0.316810187697411,0,0.133139808972677,0,0,0,0,0.232702106237411,0.269050180202439,0.265022235704057,0.190384974578903,0,0,0,0,0,0,0,0,0,0,0,0,0,0,0,0.202163619178158,0,0.214372613363796,0,0.294135510921478,0,0.278836935758591,0.260955022914069,0.240674540400505,0.278682768344879,0.217314749844928,0.218643009662628,0,0,0.212929435954319,0,0,0,0,0,0.304962061918699,0,0.202887828567345,0,0.19268110980753,0,0.164373680949211,0,0,0,0,0.229458394375714,0,0,0,0.278132319450378,0,0.284790694713593,0,0,0,0,0,0,0,0.223026144963044,0,0.17191230211152,0.230101348324256,0.252534392962817,0,0.313750684261322
0,0,0.137802391002576,0,0.134670346975327,0,0,0,0,0,0.173915128622736,0,0,0,0,0,0,0,0,0,0.146625769344416,0,0,0,0,0,0,0,0,0,0,0,0,0,0,0,0,0,0,0,0,0,0.128609385341406,0,0,0,0.141822998843158,0,0,0,0,0,0,0,0,0,0.141487153287147,0,0.183979052034291,0,0.16701373954614,0,0,0,0,0,0,0,0,0,0,0,0,0,0,0,0,0,0,0,0,0,0,0,0.120565133066498,0,0
0,0,0,0,0,0,0,0,0,0,0,0,0,0,0,0,0,0,0,0,0,0.147477385106166,0.153267509089066,0.200489229277561,0,0,0,0,0,0,0,0,0,0.18001992503802,0,0,0,0.249208933572644,0,0,0,0,0,0,0,0,0,0,0,0.155042218197371,0,0,0,0,0,0,0,0,0,0,0,0,0,0,0,0,0.119330080019103,0,0,0,0,0,0,0,0,0,0,0,0,0,0.192786119878292,0,0.150543343417578,0.228244086742401,0,0,0
0,0,0,0,0,0,0,0,0,0,0,0,0,0,0,0,0.164483212431272,0,0,0,0,0.113071324303746,0.285717998772524,0.369411413868268,0.190709505982587,0,0,0,0,0,0,0,0,0.335388675332069,0,0,0,0.397494177902694,0.307229624073792,0,0,0,0,0,0,0,0,0.306464784568356,0.151624231654055,0.382731028578498,0,0,0,0,0,0,0,0,0,0,0,0,0,0,0,0,0.367189663648605,0.181257211135277,0,0,0,0,0,0,0,0,0,0,0,0,0.425439955653065,0.295838082973668,0.269460537016089,0.41056702291404,0,0,0
0,0.231731725296354,0,0.193033020856769,0,0,0,0,0.211977407336235,0.150704275547844,0,0,0,0,0,0.17830792422058,0.258291040148054,0.204772522673011,0.227837429381907,0,0,0,0.357447201013565,0.230583630433436,0.31581272897513,0.200676166397684,0,0,0,0,0,0,0,0.196497045457363,0.207795009016991,0,0,0.248830260212652,0.357682759623702,0.229757131636143,0,0.225941645675862,0.245149366557598,0.229522707206862,0,0.212954590943727,0,0.314961890024798,0,0.189476831967747,0,0.167644550402959,0,0,0,0.196724184377249,0,0.213299697843091,0,0.188422479059385,0,0.186458450171255,0.229458394375714,0,0.119330080019103,0.367189663648605,0,0.333921849727631,0,0,0.265357953753877,0,0.247243843251659,0,0,0,0,0,0,0,0.205934364975026,0.389973849058151,0.218259277388206,0.252596063746346,0.212726838853177,0.223843269050121,0
0.269411705931028,0,0.204498410224915,0,0,0,0,0,0.187719505353621,0,0,0,0,0,0.176746627021777,0,0.230416129781409,0,0.235370591282845,0,0,0,0.189311474859715,0.358259081840515,0.231384690994976,0,0.294188678264618,0,0,0,0,0,0,0.301497131586075,0,0,0,0.355415754185783,0.23988263994794,0,0.23386538028717,0,0.262901660054922,0,0,0,0.195558100938797,0.276583867413657,0.250954945480203,0.338232666254044,0,0,0,0,0.194618401215657,0,0,0,0,0,0.185866130969009,0,0,0,0,0.181257211135277,0.333921849727631,0,0,0.210428901207753,0,0,0,0,0,0,0,0,0,0,0.388926946265357,0.267796726690398,0.220449891220538,0.271340371923404,0.289409057609737,0,0
0,0,0,0,0,0,0,0,0,0,0,0,0,0,0,0,0,0,0,0,0,0,0,0,0,0,0,0,0,0,0,0,0,0,0,0,0,0.258119955658913,0,0,0,0,0,0,0,0,0,0,0,0.209204677831043,0,0,0,0,0,0,0,0,0,0.136410578512228,0,0,0,0,0,0,0,0,0,0,0.132410610715548,0,0,0,0,0,0,0,0,0,0.17243414123853,0,0.187230467796326,0,0.224168227778541,0,0
0,0,0,0,0,0,0,0,0.124973734270553,0,0,0,0,0,0.133167360275417,0,0,0,0,0,0,0,0,0,0.199586254358292,0,0.187249764800072,0,0,0,0,0,0,0,0,0,0,0,0,0,0,0,0.252671073222982,0,0,0,0,0,0.227751671109325,0,0,0,0,0,0.220213875174522,0,0,0,0,0,0.150646024303777,0,0,0,0,0,0,0.210428901207753,0,0,0,0,0,0,0,0,0,0,0,0,0,0,0.122740016793305,0,0.273569568699481,0,0
0.238769064346949,0.267473620073549,0,0.223589665011356,0,0,0,0,0,0.266689940899998,0,0,0,0.181921655933062,0,0,0.211225913329558,0.241266262739204,0.253325425088406,0,0,0,0,0,0,0,0,0.203609062671444,0,0,0,0,0,0,0,0,0,0.247523481026292,0,0.296685934066772,0,0.297318797217629,0.244259933630625,0.243774297145697,0,0.244687026127791,0.246307335793972,0,0,0.216541015847709,0,0.219498507678509,0,0,0,0.262633850177129,0,0.264327639276349,0,0.161624435188623,0,0.209592682868242,0.278132319450378,0,0,0,0.265357953753877,0,0.132410610715548,0,0,0,0.250281035006046,0,0,0,0,0,0,0,0.196327628833907,0,0.252361779908339,0.23960751136969,0.292697030782914,0,0
0,0,0,0,0,0,0,0,0,0,0.134907309884715,0,0.14281685774525,0,0,0,0,0,0,0,0,0,0,0,0,0,0,0,0.22518560138611,0,0.138596467496384,0,0,0,0,0,0,0,0.195308059453964,0,0,0,0,0,0,0,0,0,0.288602996956218,0,0,0,0,0,0,0,0.1277514669512,0,0.147380678210317,0,0,0,0,0,0,0,0,0,0,0,0,0,0,0.181240971564523,0,0,0,0,0,0,0,0,0.307839036802761,0.299004849475042,0,0,0
0.251468174159527,0.272793026796232,0,0.229529922828078,0,0.221509322524071,0,0,0,0.251986525611046,0,0.199487592529699,0,0,0,0,0.207730181515217,0.231456062267717,0.26227151243775,0,0,0,0,0.23248191177845,0,0,0,0,0,0.188512085773449,0,0,0,0,0,0,0,0.185234582849911,0,0.217061933130026,0.295844078063965,0.290718017840913,0.206220604479313,0.246765462888612,0,0.251411287543865,0.265039831399918,0,0,0.19685688356742,0,0.234547317028046,0,0,0,0.257713429541456,0,0.300162751691133,0,0.222851970129543,0,0.221239045262337,0.284790694713593,0,0,0,0.247243843251659,0,0,0,0.250281035006046,0,0,0,0,0,0,0,0,0,0.194849846564281,0,0.220841866418932,0.20952871243159,0.314012258704522,0.322078965604305,0.235979057848454
0,0,0,0,0,0,0,0,0,0,0.12651664018631,0,0,0,0,0,0,0,0,0,0,0,0,0,0,0,0,0,0.187193941298794,0,0.206515054475239,0,0,0,0,0,0,0,0.173415412008762,0,0,0,0.266562753915787,0,0,0,0,0,0,0,0,0,0,0,0,0,0.196184750483741,0,0,0,0,0,0,0,0,0,0,0,0,0,0,0.181240971564523,0,0,0,0,0,0,0,0,0,0,0,0,0.14366916673524,0,0
0,0,0,0,0,0,0,0,0,0,0,0,0,0,0,0,0,0,0,0,0,0,0,0,0,0,0,0,0,0,0,0.172320897728398,0.161730704300377,0.131902247667313,0.143912139314192,0.17052149772644,0,0,0,0,0,0,0,0,0,0,0,0.147672173700162,0,0,0,0,0,0,0,0,0,0,0,0,0,0,0,0,0,0,0,0,0,0,0,0,0,0,0,0.140412152890699,0.139337898655371,0,0,0,0,0,0.160532800801869,0,0,0,0
0,0,0,0,0,0,0,0,0,0,0,0,0,0,0,0,0,0,0,0,0,0,0,0,0,0,0,0,0,0,0,0.1759475999991,0.14568074554997,0,0,0.169619543363853,0.145110708157547,0,0,0,0,0,0,0,0,0,0,0.136227647899445,0.154897667467594,0,0,0,0,0,0,0,0,0,0,0,0,0,0,0,0,0,0,0,0,0,0,0,0,0,0.140412152890699,0,0,0,0.155998975038528,0.163658436801698,0,0,0.163919928091414,0,0,0,0
0,0,0,0,0,0,0,0,0,0,0,0,0,0,0,0,0,0,0,0,0,0.180864371359348,0,0,0,0,0,0,0,0,0,0,0,0.197166370294845,0.227781223860222,0,0,0,0.194854168330922,0,0,0,0,0,0,0,0,0.309908326676426,0.368104308843613,0,0,0,0,0,0,0,0,0,0,0,0,0,0,0,0,0,0,0,0,0,0,0,0,0,0.139337898655371,0,0,0.17188068541968,0,0,0.15668186545372,0.261118642157978,0.170015797019005,0.222651999811052,0,0,0
0,0,0,0,0,0,0,0,0,0,0,0,0,0,0,0,0,0,0,0,0,0,0,0,0,0,0,0,0,0,0,0,0,0.191660133081597,0.254113186616451,0,0,0.453311634063721,0.406310930848122,0,0,0,0,0,0,0,0,0.274010566642156,0,0,0,0,0,0,0,0,0,0,0,0,0,0,0,0,0,0,0,0,0,0,0,0,0,0,0,0,0.17188068541968,0,0,0,0.434155921141307,0.142798572778702,0.324605151017507,0,0,0,0
