0,0,70.533072501421,0,0,0,0,0,368.807552337646,0,0,0,0,0,0,0,5.39206463098526,0,41.5564512759447,0,0,0,0,0,0,0,0,0,0,0,0,0,0,0,0,0,11.010034173727,0,1.20440851151943,0,0.816644251346588,0,63.6545965969563,0,0,0,0,0,115.994382858276,0,0,0,0,0,79.6713888347149,0,0.495344787836075,0,0,0,43.182583540678,0,0,0,0,0,0,0,0,0,0,0,0,0.947137653827667,0,0,0,0,0.236387014389038,19.3842965662479,0,4.39837689697742,73.7648432999849,0,288.32935410738,0,0
0,0,0,168.929804742336,0,1.95111477375031,0,0,0,227.882413655519,0,0,0,0,0,0,0,0,0,0,0,0,0,31.3826597630978,0,0,0,0,0,0,0,0,0,0,0,0,0,1.2079473733902,0,0,0,23.9260769337416,0,0,0,0,0,0,0,201.030192255974,0,0,0,0,0,197.528032153845,0,0,0,0,0,0.421775877475739,0,0,0,0,6.62204763293266,0,0,0,0,0,0,0,0,0,0,0,0,0,0,0,96.1820026785135,0,323.398400232196,0,0
70.533072501421,0,0,0,18.6106133162975,0,0,0,242.964898049831,0,0,0,0,0,0,0,0,0,2.41569995880127,0,0,0,0,0,0,0,0,0,0,0,0,0,0,0,0,0,0,0,0.382747411727905,0,15.7069839537144,0,102.90008816123,0,0.368160665035248,0,16.0417072623968,0,154.978849172592,0,18.4882685542107,0,0,0,42.9112220704556,0,8.41706389188766,0,6.42625069618225,0,4.72275081276894,0,0,0,0,0,0,0,0,0,0,4.65012010931969,0,31.9987168759108,0,0,0,0,0,1.85904218256474,0,8.26911813020706,27.2099275588989,3.31716418266296,136.821110710502,0,22.4454416185617
0,168.929804742336,0,0,0,111.740890324116,0,0,0,71.5771328210831,0,0,0,0,0,0,0,0,20.3094470798969,0,0,0,0,0,0,0,0,0,0,0,0,0,0,0,0,1.54909861087799,0,0,0,5.48464524745941,0,102.404717609286,0.498795717954636,3.93712210655212,0,8.68278506398201,0,12.0169901251793,111.302099272609,47.6279844492674,0,35.7051366269588,0,0,0,107.006076723337,0,12.7317835688591,0,1.99194622039795,0,0,2.19879925251007,0,0.216247618198395,0,0,0,0,0,0.447493240237236,0,44.93012984097,0.613652229309082,1.26359665393829,0,0,0,11.1432346850634,0,10.8108599185944,0,125.047298491001,0,410.882630452514,14.4351063519716,0
0,0,18.6106133162975,0,0,0,0,0,15.5967028141022,0,0,0,0,0,0,0,0,0,2.59510853886604,0,0.791083067655563,0,0,0,0,0,0,0,0,0,0,0,0,0,0,0,0,0,0,0,11.9211831092834,0,10.55430367589,0,0,0,7.33212345838547,0,14.3059722185135,0,147.969763532281,0,12.4647949337959,0,0,0,26.2051440775394,0,62.8977044820786,0,21.2900404036045,0,0,4.44892555475235,0,0,0,0,0,0,0,0,0,0.937537789344788,0,0,0,0,0,1.78022015094757,0,0,1.3333406150341,0,63.2452717274427,0,0.312511265277863
0,1.95111477375031,0,111.740890324116,0,0,0,101.202354297042,0,58.9726118445396,0,1.11383903026581,0,110.663351774216,0,24.0800539255142,0,0,0,34.1249967366457,0,0,0,0,0,0,0,0,0,0,0,0,0,0,0,0,0,0,0,0,0,4.42463952302933,0,0,0,15.4014437198639,0,0,16.1397145986557,5.73976670205593,0,367.550898402929,0,0,0,14.5872894227505,0,6.68299607932568,0,61.5497912168503,0,1,59.1483758687973,0,0,0,0,0,0,0,0,0,5.22515714168549,0,0,0,0,0,0.621922299265862,0,1.47403454780579,0,714.006245210767,0,147.850096866488,0,0
0,0,0,0,0,0,0,0,0,0,1.83006858825684,0,0,0,0,0,0,0,0,0,0,0,0,0,0,0,0,0,0,0,0,0,0,0,0,0,3.12923145294189,0,0,0,0,0,0,0,0,0,0,0,0,0,2.30289575457573,0,198.273742318153,0,0,0,76.463019490242,0,0,0,0,0,0,0,0,0,0,0,0,0,0,0,0,0,0,0,0,0,0,4.65727460384369,0,0,97.2940263748169,0,0,0,0
0,0,0,0,0,101.202354297042,0,0,0,0,0,6.88244852423668,0,0,0,0,0,0,0,29.5451842546463,0,0,0,0,0,0,0,0,0,0,0,0,0,0,0,0.973889470100403,0,0,0,0,0,0,0,0,0,0,0,0,0,0,0,0.232793748378754,0,194.034225642681,0,0,0,132.374963134527,0,0,0,0,39.8497048616409,0,0,0,0,0,0,0,0,0,0,0,0,0,0,0,0,0,0,0,81.1052148044109,0,1.20108145475388,0,0
368.807552337646,0,242.964898049831,0,15.5967028141022,0,0,0,0,0,0,0,0,0,20.3735305666924,0,1.26097746193409,0,0,0,0,0,0,0,7.30128428339958,0,0,0,0,0,0,0,0,0,0,0,0,0,83.6808263063431,0,0,0,19.6588304340839,0,0,0,0,0,36.4618085026741,0,0,0,0,0,763.811349987984,0,0,0,0,0,120.582110837102,0,0,0,0,0,0,69.842484921217,0,85.0022816956043,0,0.195775583386421,0,0,0,0,0,0,0,0,0,22.2501028627157,79.867978528142,0,84.8390925675631,0,0
0,227.882413655519,0,71.5771328210831,0,58.9726118445396,0,0,0,0,0,0,0,0,0,76.4360909461975,0.227123111486435,7.68460966646671,0,0,0,0.217618674039841,0,23.3341258317232,0,3.48753452301025,0,0,0,0,0,0,0,0.554587662220001,0,0,0,141.444083660841,0,0,0,36.8773543834686,0,0,0,0,0,0,0,9.24284413456917,0,0,0,0,0,628.069855645299,0,0,0,0,0,2.10543310642242,0,0,0,0,8.16390970349312,0,0,0,0,0,0,0,0,0,0,0,0,0,6.01977586746216,0,855.551581859589,0,96.9683601409197,0,0
0,0,0,0,0,0,1.83006858825684,0,0,0,0,0,40.6916620731354,0,0,0,0.225617617368698,0,8.81434838473797,0,44.8003711774945,0,0,0,0,0,0,0,0,0,11.996290743351,0,0,0,0,0,35.5381464958191,0,628.334991365671,0,0.572193093597889,0,13.0075074583292,0,0.291109263896942,0,1.68728503584862,0,1.8532786667347,0,0,0,0,0,0,0,2358.31216697395,0,115.445502758026,0,0,0,0,46.3030368536711,0,0,0,0,0,0,0,0.405445694923401,0,6.1933723539114,0,0,0,0,0,10.5338687896729,0,149.37925735116,682.210933700204,0.779461055994034,8.84442748129368,0,12.4540443122387
0,0,0,0,0,1.11383903026581,0,6.88244852423668,0,0,0,0,0,0,0,0,0,0,0,219.865342542529,0,0,0,0,0,0,0,0,0,31.4769596606493,0,0,0,0,0,277.78148368001,0,408.763524457812,0,0,0,1.50516605377197,0,0,0,6.43064859509468,0,0,0,0.627417743206024,0,0,0,0,0,0,0,875.516421347857,0,0,0,0,9.12274090945721,0,0,0,0,0,0,0,0,0,186.201894536614,0,0,0,0,0,28.0264046341181,0,100.354832813144,0,1189.8755055517,3.34024170041084,45.3133347332478,0.939495325088501,0
0,0,0,0,0,0,0,0,0,0,40.6916620731354,0,0,0,5.69250851869583,0,0,0,0,0,0,0,0,0,0,0,0,0,1,0,0,0,0,0,0,0,0,0,0,0,0,0,0,0,0,0,0,0,0,0,0,0,0,0,0,0,0,0,115.146980434656,0,7.15630424022675,0,0,0,0,0,0,0,0,0,0,1,0,0,0,0,0,0,0,0,0,0,9.04854607582092,0,0,0,0
0,0,0,0,0,110.663351774216,0,0,0,0,0,0,0,0,0,1.44904133677483,0,0,0,0,0,0,0,0,0,0,0,0,0,0,0,0,0,0,0,0,0,0,0,0,0,0,0,0,0,0,0,0,0,0,0,53.3332777023315,0,0,0,0,0,0,0,44.5103549659252,0,21.3354727625847,0,0,0,0,0,0,0,0,1.46010012924671,0,0,0,0,0,0,0,0,0,0,0,0,0,0,0,0
0,0,0,0,0,0,0,0,20.3735305666924,0,0,0,5.69250851869583,0,0,0,0,0,0,0,0,0,0,0,0,0,0,0,0,0,0,0,0,0,0,0,0,0,0,0,0,0,0,0,0,0,0,0,0,0,0,0,0,0,12.0141824185848,0,0,0,21.2443774938583,0,48.9974594712257,0,0,0,0,0,0,0,0,22.2620000839233,0,0,0,0,0,0,0,0,0,0,0,0,0,0,0,0,0
0,0,0,0,0,24.0800539255142,0,0,0,76.4360909461975,0,0,0,1.44904133677483,0,0,1.41445374488831,200.457585006952,4.20098501443863,0,0,0,0,0,0,14.7656587362289,0,0,0,0,0,0,0,0,0,0,0,0,0,0,0,0,0,0,0,0,0,0,0,0,0,4.09404456615448,0,0,0,1.79659152030945,0,0,0,26.47151440382,0,5.61238431930542,0,0,0,0,0,0,0,0,0,0,0,0,0,0,0,0,0,0,0,0,322.66229107976,0,0,0,0
5.39206463098526,0,0,0,0,0,0,0,1.26097746193409,0.227123111486435,0.225617617368698,0,0,0,0,1.41445374488831,0,10797.640016228,4845.07637304068,0,0,0,690.601920261979,0,17.8462383598089,2.77888980507851,67.1036647856236,0,0,0,0,0,0,0,0,10.8398109823465,16.4339348822832,0,7.49823297560215,1.94445183873177,3.30756250023842,22.0047985836864,25.2984033226967,0.169507533311844,4.01353430747986,5.78207974135876,4.43755279481411,2.62973475456238,0,5.57254822552204,0,0,0,0,0,0,0.683153346180916,0.219839796423912,1.46897161006927,0,0,0,0,10.9089261740446,0,0,0,6.62667521834373,0,0,0,0,1.76706087589264,2.16850546002388,2.04921835660934,0,1.50890211760998,0,100.5554151088,61.1126750707626,0.146535724401474,15.4751730263233,10021.6174945235,306.436968699098,37.2468564361334,2.11727106571198,6.88713017106056
0,0,0,0,0,0,0,0,0,7.68460966646671,0,0,0,0,0,200.457585006952,10797.640016228,0,5308.73308165371,0,3.21259215474129,501.118193566799,18.2576632499695,35.3824068903923,0,856.828213721514,0,86.3346281051636,0,0,0,0,0,0,0,1.54092013835907,14.439491443336,0,2.01177784800529,0.171314612030983,2.21471145749092,6.81387868523598,14.9389114379883,0.166062891483307,3.05454196035862,2.80064155161381,5.3462635949254,0,0,2.60825377702713,0,0,0,0,0,0,0,0.23659972846508,0.146645799279213,0,0,0,0.823444664478302,1.06312334537506,66.3268257975578,0,2.93524038791656,0,8.37206554412842,0,0,0.44375804066658,0.265627235174179,1.9868239313364,0,0,0,0,17.5210766792297,36.6249704807997,0,8.14430479705334,13943.0775368288,241.603489995003,14.7688072696328,0,4.82222358882427
41.5564512759447,0,2.41569995880127,20.3094470798969,2.59510853886604,0,0,0,0,0,8.81434838473797,0,0,0,0,4.20098501443863,4845.07637304068,5308.73308165371,0,0,28.2389161288738,2.84083950519562,4.13349805772305,0,0,13.3642437160015,0.2959865629673,0,0,0,0,1.64085340499878,0,0,0,255.610733434558,510.568066112697,8.55095744132996,119.825369767845,467.81303460896,64.6235267817974,1351.08614580333,1204.38530316949,28.6444736421108,257.931258097291,49.2922916635871,425.670767113566,19.4565731883049,16.6390236765146,226.804237991571,2.01986891031265,1.24346113204956,0,0,0,0,94.4236471503973,7.6606616973877,8.81104719638824,0,0,0,17.2678890377283,168.170900985599,0,0,0,0,0,0,0,9.90731790661812,88.7417577207088,121.37506249547,157.671606883407,0,46.6593241840601,0,2189.84616922587,1750.48928569257,20.9250967353582,400.62190425396,5604.85083886236,75.2125418484211,1980.5450886786,45.3184517174959,344.360115259886
0,0,0,0,0,34.1249967366457,0,29.5451842546463,0,0,0,219.865342542529,0,0,0,0,0,0,0,0,0,0,0,0,0,0,0,0,0,0,0,0,0,0,0,232.754868596792,0,131.67637462914,0,14.3243831694126,0,6.69558835029602,0,0,0,179.96089206636,0,0,0,2.86025397479534,0,0,0,0,0,0,0,77.9707898795605,0,0,0,0,662.309926301241,0,1.31793412566185,0,0,0,0,0,5.17154394090176,0,77.5194955766201,0,0,0,0,0,155.902099758387,0,182.307802885771,0,751.64232866466,0,384.897929951549,0,0
0,0,0,0,0.791083067655563,0,0,0,0,0,44.8003711774945,0,0,0,0,0,0,3.21259215474129,28.2389161288738,0,0,0,0,0,0,0,0,0,0,0,0,0,0,0,0,0,640.358044169843,0,332.745746158063,1.92547118663788,33.2542972117662,0.852316379547119,20.1513949930668,0,2.3515365421772,0,5.48713684082031,11.2740126550198,28.6522949039936,0,61.9052401781082,0,12.065770059824,0,0,0,538.545366376638,0,2.41425803303719,0,0,0,0,747.384413845837,0,0,0,0,0,0,0,19.9066701680422,0,145.667966164649,0,0,0,0,0.776475459337234,913.32399597764,0.146875530481339,351.227712385356,249.092343956232,0,24.3342426121235,0,14.4354739487171
0,0,0,0,0,0,0,0,0,0.217618674039841,0,0,0,0,0,0,0,501.118193566799,2.84083950519562,0,0,0,45.9520227909088,171.419498488307,0,104.469873726368,0,75.6593342125416,0,0,0,0,0,0,0,0,0,935.649611905217,0,0,0,0,0,0,0,0.62542836368084,0,10.0783516615629,0,220.831638604403,0,0,0,0,0,0.492803335189819,0,13.627121001482,0,0,0,0,7.79735170304775,0,4519.24729907513,12.9927458763123,67.0213291198015,0,19.6148047298193,0,20.9155822247267,0,0.950896546244621,0,0,0,0,0,0.146069183945656,0,485.128033094108,0,1186.71436730027,1,85.5873648822308,0.857796311378479,0
0,0,0,0,0,0,0,0,0,0,0,0,0,0,0,0,690.601920261979,18.2576632499695,4.13349805772305,0,0,45.9520227909088,0,0,158.136640250683,0,129.019374892116,0,5.12285566329956,0,0,0,0,0,0,0,0,0,452.523430898786,0,0,0,0,0,0,0,0,0,129.883950382471,0,0,0,0,0,0,0,0,0,0,0,0,0,0,0,0,4505.2460142225,0,77.7532242387533,0,33.5702876597643,0,2.01347196102142,0,0,0,0,0,0,0.903936862945557,0,0,347.705237790942,524.917202696204,1.61830306053162,0.387556195259094,0,0
0,31.3826597630978,0,0,0,0,0,0,0,23.3341258317232,0,0,0,0,0,0,0,35.3824068903923,0,0,0,171.419498488307,0,0,0,73.9070683717728,0,0,0,0,0,0,0,0,0,0,0,83.9637787044048,0,0,0,0.450149029493332,0,0,0,0,0,0,0,135.217533916235,0,0,0,0,0,47.833976328373,0,10.9884224832058,0,0,0,0,1.33505390584469,0,44.6281885951757,0,771.097192391753,0,35.9066068530083,0,21.4712441563606,0,0,0,0,0,0,0,0,0,19.2863825857639,0,895.150321602821,0,128.381927654147,0,0
0,0,0,0,0,0,0,0,7.30128428339958,0,0,0,0,0,0,0,17.8462383598089,0,0,0,0,0,158.136640250683,0,0,0,191.787389099598,0,0,0,0,0,0,0,0,0,0,0,216.596610575914,0,0,0,0,0,0,0,0,0,26.6859656274319,0,0,0,0,0,34.740967348218,0,0,0,0,0,0,0,0,0,0,41.8944297879934,0,471.99994905293,0,96.7567559182644,0,0,0,0,0,0,0,0,0,0,0,103.607282549143,97.5336734056473,0,80.2055921852589,0,0
0,0,0,0,0,0,0,0,0,3.48753452301025,0,0,0,0,0,14.7656587362289,2.77888980507851,856.828213721514,13.3642437160015,0,0,104.469873726368,0,73.9070683717728,0,0,0,1,0,0,0,0,0,0,0,0,0,0,0,0,0,0,0,0,0,0,0,0,0,0,0,0,0,0,0,0,0,0,0,0,0,1.28226244449615,0,0,3,0,99.0397169589996,0,227.467394471169,0,4.62537154555321,0,0,0,0,0,0,0,0,0,0,0,606.176576629281,0,0,0,0
0,0,0,0,0,0,0,0,0,0,0,0,0,0,0,0,67.1036647856236,0,0.2959865629673,0,0,0,129.019374892116,0,191.787389099598,0,0,0,0,0,0,0,0,0,0,0,0,0,0,0,0,0,0,0,0,0,0,0,0,0,0,0,0,0,0.35448756814003,0,0,0,0,0,1.22413319349289,0,0,0,0,23.3166780918837,0,66.1158772706985,0,104.987926155329,0,0.695192873477936,0,0,0,0,0,0,0,0,0,0,4.82216668128967,0,0,0,0
0,0,0,0,0,0,0,0,0,0,0,0,0,0,0,0,0,86.3346281051636,0,0,0,75.6593342125416,0,0,0,1,0,0,0,88.0605620145798,0,0,0,0,0,0,0,62.5281910002232,0,0,0,0,0,0,0,0,0,0,0,0,0,0,0,0,0,0,0,0,0,0,0,0,0,0,46.0480228364468,0,0,0,17.7104506492615,0,206.742123544216,0,2.26632282137871,0,0,0,0,0,0,0,96.2709568440914,0,150.016652524471,0,0,0,0
0,0,0,0,0,0,0,0,0,0,0,0,1,0,0,0,0,0,0,0,0,0,5.12285566329956,0,0,0,0,0,0,0,9.19532346725464,0,0,0,0,0,0,0,1.40812253952026,0,0,0,0,0,0,0,0,0,0,0,0,0,0,0,0,0,0,0,0,0,0,0,0,0,0,3.36579465866089,0,0,0,1.36798340082169,0,306.148349478841,0,1.93763691186905,0,0,0,0,0,0,0,19.0235240310431,3.73051738739014,0,0,0,0
0,0,0,0,0,0,0,0,0,0,0,31.4769596606493,0,0,0,0,0,0,0,0,0,0,0,0,0,0,0,88.0605620145798,0,0,0,0,0,0,0,0,0,143.891071453691,0,0,0,1.73402404785156,0,0,0,3.83105923235416,0,0,0,0,0,0,0,0,0,0,0,0.645274966955185,0,0,0,0,0,0,0,0,0,0,0,0,0,0,360.263036951423,0,0,0,0,0,0,0,93.8710986673832,0,73.620283395052,0,0,0,0
0,0,0,0,0,0,0,0,0,0,11.996290743351,0,0,0,0,0,0,0,0,0,0,0,0,0,0,0,0,0,9.19532346725464,0,0,0,0,0,0,0,0,0,52.1051143407822,0,0,0,0,0,0,0,0,0,0,0,0,0,0,0,0,0,1.05510973930359,0,0,0,0,0,0,0,0,0,0,0,0,0,0,16.9876633286476,0,150.505629017949,0,0,0,0,0,0,0,1.01272177696228,92.543185532093,0,0,0,0
0,0,0,0,0,0,0,0,0,0,0,0,0,0,0,0,0,0,1.64085340499878,0,0,0,0,0,0,0,0,0,0,0,0,0,912.895250380039,257.46375271678,1.83825036883354,964.574534580112,59.2402842789888,0,0,0,4.51158809661865,0,0,0,0,0.246798425912857,0,2204.87186576426,102.839303672314,28.9578106701374,0,0,0,0,0,0,0,0,0,0,0,0,0,0,0,0,0,0,0,0,0,0,0,0,1486.42539443076,350.85955516994,308.363813489676,0,260.774828791618,180.656409576535,0.535844594240189,0,693.368377938867,0,38.9744563102722,0,0
0,0,0,0,0,0,0,0,0,0,0,0,0,0,0,0,0,0,0,0,0,0,0,0,0,0,0,0,0,0,0,912.895250380039,0,5.25677579641342,15.0888440608978,0,11.9841019511223,0,0,0,2.15227079391479,0,0,0,0,0,0,473.61769092083,17.9624419808388,0,0,0,0,0,0,0,0,0,0,0,0,0,0,0,0,0,0,0,0,0,0,0,0,0,946.687322378159,414.162831544876,1.99334299564362,15.6087925434113,0,1117.51549735665,0,0,587.939911708236,0,0,0,0
0,0,0,0,0,0,0,0,0,0.554587662220001,0,0,0,0,0,0,0,0,0,0,0,0,0,0,0,0,0,0,0,0,0,257.46375271678,5.25677579641342,0,743.441316068172,199.443596839905,51.4620487093925,256.404713004827,10.0775840133429,2.79421424865723,3.56834729015827,0,0,0,0,1.88657987117767,0,4629.94634333253,53.1787234544754,15.4215046167374,0,0,0,0,0,0,0,0,0,0,0,0,0,0,0,0,0,0,0,0,0,0,0.129440322518349,0,42.736935660243,0.622185349464417,1959.24374097586,91.4839559495449,88.4904945641756,8.73221366107464,143.312611997128,0,1087.86485645175,0,144.394236296415,0,0
0,0,0,0,0,0,0,0,0,0,0,0,0,0,0,0,0,0,0,0,0,0,0,0,0,0,0,0,0,0,0,1.83825036883354,15.0888440608978,743.441316068172,0,0.373664528131485,28.0210308730602,0,35.6132849156857,0,0,0,1.18792700767517,0,0,0,0,1148.20097976923,51.9442397356033,0,0,0,0,0,0,0,0,0,0,0,0,0,0,0,0,0,0,0,0,0,0,0,0,0,0,13.0753957033157,234.182505249977,1010.91664123535,8.97202709317207,238.790515094995,0,338.784109354019,187.679050415754,0,2.54755473136902,0,0
0,0,0,1.54909861087799,0,0,0,0.973889470100403,0,0,0,277.78148368001,0,0,0,0,10.8398109823465,1.54092013835907,255.610733434558,232.754868596792,0,0,0,0,0,0,0,0,0,0,0,964.574534580112,0,199.443596839905,0.373664528131485,0,52.6743300557137,1693.6635850966,7.25938615202904,53.459424123168,1.49916088581085,129.907950729132,2.11590896546841,0,0,326.976119577885,0,626.628513455391,17.5253259092569,24.040861800313,0,0,0,0,0,0,1.46112465858459,6.01877042651176,0,0,0,0,438.437159240246,0.312670260667801,0,0,0,0,0,0,0,0.123567312955856,1.14236724376678,0.52191686630249,379.443674981594,0,161.74020640552,0,24125.8649637774,140.343397781253,244.358204871416,0.317925542593002,3645.04597821087,97.2530900835991,114.711394578218,1.56774652004242,0.299565583467484
11.010034173727,0,0,0,0,0,3.12923145294189,0,0,0,35.5381464958191,0,0,0,0,0,16.4339348822832,14.439491443336,510.568066112697,0,640.358044169843,0,0,0,0,0,0,0,0,0,0,59.2402842789888,11.9841019511223,51.4620487093925,28.0210308730602,52.6743300557137,0,1.26526057720184,2423.83991674334,0,116.754651106894,1.4614799618721,310.941978044808,0,19.3114161789417,0.141533344984055,81.0313763543963,0.137237951159477,29.8822468072176,1.82637417316437,0.231648698449135,0,0,0,0,0,279.159781180322,0,1.74497815966606,0,0,0,0,910.713505461812,0,0,0,0,0,0,0,18.5321547463536,0,53.0365818217397,6.74110627174377,5.14633873105049,159.456063300371,0.292962551116943,34.5845927894115,19382.0854515508,0,755.225639007986,5708.04632636905,453.355023220181,207.716341651976,0,76.5880950465798
0,1.2079473733902,0,0,0,0,0,0,0,141.444083660841,0,408.763524457812,0,0,0,0,0,0,8.55095744132996,131.67637462914,0,935.649611905217,0,83.9637787044048,0,0,0,62.5281910002232,0,143.891071453691,0,0,0,256.404713004827,0,1693.6635850966,1.26526057720184,0,5.14059782028198,0,0,9.47670134902,0,2.01913365721703,0,40.6431093364954,0,672.050564706326,1.41508138179779,164.076527178288,0,0,0,0,0,59.904666364193,0,4.36577974259853,0,0,0,0,2.41374252736568,0,365.55997851491,0,163.068826794624,0,0,0,2.09341974556446,0,40.1882292032242,0,0,0,465.389303252101,0,118.752274796367,0,6942.06554275006,0,1357.41349720955,0,168.016102313995,0,0
1.20440851151943,0,0.382747411727905,0,0,0,0,0,83.6808263063431,0,628.334991365671,0,0,0,0,0,7.49823297560215,2.01177784800529,119.825369767845,0,332.745746158063,0,452.523430898786,0,216.596610575914,0,0,0,1.40812253952026,0,52.1051143407822,0,0,10.0775840133429,35.6132849156857,7.25938615202904,2423.83991674334,5.14059782028198,0,1.88126015663147,11.0019933655858,0,114.370729759336,0,4.47412177920341,0.999465547502041,20.3193344324827,565.130183547735,264.338660538197,0,0,0,0,0,172.986174568534,0,187.144744381309,0,0.402836680412292,0,0,0,0,313.849172830582,0,248.936467379332,0,162.262840509415,0,0,0,2.04646091163158,0,9.36188232898712,0,0,18.1838739514351,28.2766796350479,3.36110012978315,976.249487288296,0,9132.6070529893,1765.22787758708,151.746651649475,412.07739148289,0,74.7929892987013
0,0,0,5.48464524745941,0,0,0,0,0,0,0,0,0,0,0,0,1.94445183873177,0.171314612030983,467.81303460896,14.3243831694126,1.92547118663788,0,0,0,0,0,0,0,0,0,0,0,0,2.79421424865723,0,53.459424123168,0,0,1.88126015663147,0,0,772.591338485479,11.7977632880211,1.65184438228607,0,1339.02182503045,0.378461331129074,9.92685748636723,11.2753692269325,123.16646014154,0,0,0,0,0,0,0,0.136874213814735,0,0,0,0,246.465916156769,0.150613710284233,0,0,0,0,0,0,0,0.280316561460495,0.424442201852798,0,15.7896358668804,0,0.957326948642731,0,553.074319556355,4.45329390466213,0,0.168940410017967,96.9057510197163,1.01362037658691,240.244112357497,54.8515501916409,2.91871726512909
0.816644251346588,0,15.7069839537144,0,11.9211831092834,0,0,0,0,0,0.572193093597889,0,0,0,0,0,3.30756250023842,2.21471145749092,64.6235267817974,0,33.2542972117662,0,0,0,0,0,0,0,0,0,0,4.51158809661865,2.15227079391479,3.56834729015827,0,1.49916088581085,116.754651106894,0,11.0019933655858,0,0,0,129.479110494256,0,0.925505191087723,0,15.0539436787367,181.484371885657,474.080315053463,0,24.7355800718069,0,0,0,0,0,69.3648345246911,0,39.976883918047,0,0,0,0,169.463118210435,0,0,0,0,0,0,0,5.47351512312889,0,17.7348008751869,8.5792129188776,0,0.337344169616699,0,2.48121662437916,554.298421561718,0,30.3179072886705,96.4550102800131,0,434.640483140945,0,77.7214035093784
0,23.9260769337416,0,102.404717609286,0,4.42463952302933,0,0,0,36.8773543834686,0,1.50516605377197,0,0,0,0,22.0047985836864,6.81387868523598,1351.08614580333,6.69558835029602,0.852316379547119,0,0,0.450149029493332,0,0,0,0,0,1.73402404785156,0,0,0,0,0,129.907950729132,1.4614799618721,9.47670134902,0,772.591338485479,0,0,384.115172803402,67.3575855642557,0,172.089168183506,4.2352691590786,342.265785634518,15.9107615202665,1024.67631700635,0,0.892604947090149,0,0,0,0.917673110961914,0.462668091058731,45.5665947496891,0,0,0,0,412.761975124478,0,1.97651198506355,0,0,0,0,0,16.1815771758556,0,540.270448848605,0.453300952911377,113.028380066156,0,38.0616864413023,0,1827.13522212952,13.4589256197214,63.0790094435215,5.01194652915001,2725.57101309299,16.0845683217049,4865.41951687634,518.109584957361,1.01698288321495
63.6545965969563,0,102.90008816123,0.498795717954636,10.55430367589,0,0,0,19.6588304340839,0,13.0075074583292,0,0,0,0,0,25.2984033226967,14.9389114379883,1204.38530316949,0,20.1513949930668,0,0,0,0,0,0,0,0,0,0,0,0,0,1.18792700767517,2.11590896546841,310.941978044808,0,114.370729759336,11.7977632880211,129.479110494256,384.115172803402,0,0,273.939003497362,0,461.639467850327,101.406563386321,612.484693691134,22.589670330286,6.85845884680748,0,0,0,16.1043762862682,0,355.229335382581,0,44.5250654518604,0,0,0,0,233.447532147169,0,0,0,0,0,0,0,85.571902230382,2.93929412961006,848.831245958805,1.70206302404404,0,0,0,44.6369426846504,1871.02241884917,0,281.286234989762,1367.61921097338,2.34297657012939,5215.90273375809,5.70049872994423,2068.92367769033
0,0,0,3.93712210655212,0,0,0,0,0,0,0,0,0,0,0,0,0.169507533311844,0.166062891483307,28.6444736421108,0,0,0,0,0,0,0,0,0,0,0,0,0,0,0,0,0,0,2.01913365721703,0,1.65184438228607,0,67.3575855642557,0,0,0,1.86720097064972,0,0,0,3.69880586862564,0,0,0,0,0,0,0,0.486622929573059,0,0,0,0,5.25576686859131,0,0,0,0,0,0,0,0,0,12.5454328507185,0,4.15946626663208,0,5.7738733291626,0,11.8189553171396,0,5.39407268166542,0,1.53787052631378,0,72.714691311121,4.55538284778595,0
0,0,0.368160665035248,0,0,0,0,0,0,0,0.291109263896942,0,0,0,0,0,4.01353430747986,3.05454196035862,257.931258097291,0,2.3515365421772,0,0,0,0,0,0,0,0,0,0,0,0,0,0,0,19.3114161789417,0,4.47412177920341,0,0.925505191087723,0,273.939003497362,0,0,0,54.2339923679829,0,0,0,0.646016657352448,0,0,0,0,0,4.81983771920204,0,4.25243330001831,0,0,0,0,4.45123814046383,0,0,0,0,0,0,0,0.21865713596344,0,7.78650173544884,0,0,0,0,6.34187462925911,95.5503276139498,0,26.9506979584694,39.3252179175615,0.256453067064285,246.506427466869,0,25.8621869087219
0,0,0,8.68278506398201,0,15.4014437198639,0,0,0,0,0,6.43064859509468,0,0,0,0,5.78207974135876,2.80064155161381,49.2922916635871,179.96089206636,0,0.62542836368084,0,0,0,0,0,0,0,3.83105923235416,0,0.246798425912857,0,1.88657987117767,0,326.976119577885,0.141533344984055,40.6431093364954,0.999465547502041,1339.02182503045,0,172.089168183506,0,1.86720097064972,0,0,1.17820456624031,45.4898265302181,129.180231049657,61.6182048916817,0,0.917150139808655,0,0,0,0,0,72.7370463162661,0,0,0,0,992.955322161317,0.222633600234985,1.77969893813133,0,0,0,0,0,7.59704652428627,0,334.532004356384,0.117488317191601,44.2167347744107,0,32.9314959049225,0,2944.93062006682,1.5897072404623,114.737178429961,0,231.112959265709,8.31392686069012,1823.53717565536,12.3507246077061,0
0,0,16.0417072623968,0,7.33212345838547,0,0,0,0,0,1.68728503584862,0,0,0,0,0,4.43755279481411,5.3462635949254,425.670767113566,0,5.48713684082031,0,0,0,0,0,0,0,0,0,0,0,0,0,0,0,81.0313763543963,0,20.3193344324827,0.378461331129074,15.0539436787367,4.2352691590786,461.639467850327,0,54.2339923679829,1.17820456624031,0,0,46.0962712913752,0,28.0547222197056,0,0,0,0,0,97.1132149100304,0,38.7594792246819,0,0,0,0.273845046758652,267.985312581062,0,0,0,0,0,0,0,6.53611226379871,0,63.9956912323833,0,0,0,0,15.4803057909012,412.670811712742,0,92.5188599228859,242.800601311028,0,682.206772893667,0,51.2938196361065
0,0,0,12.0169901251793,0,0,0,0,0,0,0,0,0,0,0,0,2.62973475456238,0,19.4565731883049,0,11.2740126550198,10.0783516615629,0,0,0,0,0,0,0,0,0,2204.87186576426,473.61769092083,4629.94634333253,1148.20097976923,626.628513455391,0.137237951159477,672.050564706326,565.130183547735,9.92685748636723,181.484371885657,342.265785634518,101.406563386321,0,0,45.4898265302181,0,0,3931.97887697816,933.297169923782,0.692937314510345,0,0,0,0,0,0.859898418188095,3.35418942570686,0.89476865530014,0,0,0,23.2701833248138,17.7927977740765,20.9315343648195,0,0,0,0,0,0,0,8.95187775790691,0.379428923130035,3607.91601079702,214.036358267069,478.523142784834,74.4771781861782,1134.05870962143,5622.14344134927,958.713788866997,312.071171551943,3309.56964434683,0.342445522546768,985.011424198747,0,0
115.994382858276,0,154.978849172592,111.302099272609,14.3059722185135,16.1397145986557,0,0,36.4618085026741,0,1.8532786667347,0,0,0,0,0,0,0,16.6390236765146,0,28.6522949039936,0,129.883950382471,0,26.6859656274319,0,0,0,0,0,0,102.839303672314,17.9624419808388,53.1787234544754,51.9442397356033,17.5253259092569,29.8822468072176,1.41508138179779,264.338660538197,11.2753692269325,474.080315053463,15.9107615202665,612.484693691134,0,0,129.180231049657,46.0962712913752,3931.97887697816,0,11.3389628380537,25.878066688776,0,0,0,42.6062262356281,0,74.3750415891409,6.24402616918087,102.263084277511,0,76.4142384529114,0,3.75484549999237,34.7262588441372,0,65.861791998148,0,167.441788941622,0,10.5770189464092,0,42.9339005500078,6.26601384580135,25.8857269734144,164.378228351474,5.07792681455612,6.95577591657639,0.285477548837662,52.583193346858,2437.5618244037,3.43267844617367,1440.83315631747,961.250874713063,0,1302.76901976764,2.54489226639271,1.59350606799126
0,201.030192255974,0,47.6279844492674,0,5.73976670205593,0,0,0,9.24284413456917,0,0.627417743206024,0,0,0,0,5.57254822552204,2.60825377702713,226.804237991571,2.86025397479534,0,220.831638604403,0,135.217533916235,0,0,0,0,0,0,0,28.9578106701374,0,15.4215046167374,0,24.040861800313,1.82637417316437,164.076527178288,0,123.16646014154,0,1024.67631700635,22.589670330286,3.69880586862564,0,61.6182048916817,0,933.297169923782,11.3389628380537,0,0,0.180387184023857,0,0,0,0.350757092237473,0,193.508423492312,0,0,0,0,66.805847749114,0,529.381196796894,0,71.7865372002125,0,12.2068919837475,0,243.440658047795,0,119.495833352208,1.13333356380463,43.3851869553328,0,25.1899434328079,0,812.036447227001,3.80551028251648,272.019844159484,0,509.040506333113,0,1428.22555506229,3.06243576109409,0
0,0,18.4882685542107,0,147.969763532281,0,2.30289575457573,0,0,0,0,0,0,0,0,0,0,0,2.01986891031265,0,61.9052401781082,0,0,0,0,0,0,0,0,0,0,0,0,0,0,0,0.231648698449135,0,0,0,24.7355800718069,0,6.85845884680748,0,0.646016657352448,0,28.0547222197056,0.692937314510345,25.878066688776,0,0,0,69.4971011281013,0,0,0,206.657219722867,0,96.5505049824715,0,136.29841542244,0,0,20.3201970458031,0,0,0,0,0,0,0,0.960959851741791,0,2.64144121110439,0,0,0,0,0.296517044305801,8.16065925359726,0,0.281736612319946,4.79934208095074,0,203.009196415544,0,1.22995150089264
0,0,0,35.7051366269588,0,367.550898402929,0,0.232793748378754,0,0,0,0,0,53.3332777023315,0,4.09404456615448,0,0,1.24346113204956,0,0,0,0,0,0,0,0,0,0,0,0,0,0,0,0,0,0,0,0,0,0,0.892604947090149,0,0,0,0.917150139808655,0,0,0,0.180387184023857,0,0,0,0,0,0,0,0,0,18.028440952301,0,16.3174374103546,0.238699182868004,0,0,0,0,0,0,0,0,0,0,0,0,0,0,0,0,0,0,0,41.3661237955093,0,2.39237007498741,0.246480330824852,0
0,0,0,0,12.4647949337959,0,198.273742318153,0,0,0,0,0,0,0,0,0,0,0,0,0,12.065770059824,0,0,0,0,0,0,0,0,0,0,0,0,0,0,0,0,0,0,0,0,0,0,0,0,0,0,0,0,0,69.4971011281013,0,0,0,0,0,167.781470358372,0,2.69021171331406,0,0,0,0,0.999866545200348,0,0,0,0,0,0,0,0,0,0,0,0,0,0,0,0.187112972140312,0,0,32.2659080028534,0,0,0,0
0,0,0,0,0,0,0,194.034225642681,0,0,0,0,0,0,0,0,0,0,0,0,0,0,0,0,0,0,0,0,0,0,0,0,0,0,0,0,0,0,0,0,0,0,0,0,0,0,0,0,0,0,0,0,0,0,0,0,0,0,0,0,0,0,0,0,0,0,0,0,0,0,0,0,0,0,0,0,0,0,0,0,0,0,4.95435523986816,0,0,0,0
79.6713888347149,0,42.9112220704556,0,0,0,0,0,763.811349987984,0,0,0,0,0,12.0141824185848,0,0,0,0,0,0,0,0,0,34.740967348218,0,0.35448756814003,0,0,0,0,0,0,0,0,0,0,0,172.986174568534,0,0,0,16.1043762862682,0,0,0,0,0,42.6062262356281,0,0,0,0,0,0,0,0,0,0,0,434.982215940952,0,0,0,0,0,0,436.045825541019,0,87.0245570391417,0,0,0,0,0,0,0,0,0,0,0,128.986518293619,46.2980479001999,0,25.0498760640621,0,0
0,197.528032153845,0,107.006076723337,0,14.5872894227505,0,0,0,628.069855645299,0,0,0,0,0,1.79659152030945,0,0,0,0,0,0.492803335189819,0,47.833976328373,0,0,0,0,0,0,0,0,0,0,0,0,0,59.904666364193,0,0,0,0.917673110961914,0,0,0,0,0,0,0,0.350757092237473,0,0,0,0,0,0,0,0,0,0,0,0,0,0,0.22893850505352,0,15.3048067092896,0,0,0,0,0,0,0,0,0,0,0,0,0,28.0652961730957,0,109.693764865398,0,22.4894944727421,0,0
0.495344787836075,0,8.41706389188766,0,26.2051440775394,0,76.463019490242,0,0,0,2358.31216697395,0,0,0,0,0,0.683153346180916,0,94.4236471503973,0,538.545366376638,0,0,0,0,0,0,0,0,0,1.05510973930359,0,0,0,0,1.46112465858459,279.159781180322,0,187.144744381309,0,69.3648345246911,0.462668091058731,355.229335382581,0,4.81983771920204,0,97.1132149100304,0.859898418188095,74.3750415891409,0,206.657219722867,0,167.781470358372,0,0,0,0,0,589.315089508891,0,1.34788504242897,0,0,746.629906751215,0,0,0,0,0,0,0,869.559375867248,0.197824224829674,778.520171120763,0,0,0,0,4.57907702028751,225.778704352677,0,110.343483150005,408.962537571788,1.68547880649567,829.639843985438,0,95.0484756231308
0,0,0,12.7317835688591,0,6.68299607932568,0,132.374963134527,0,0,0,875.516421347857,0,0,0,0,0.219839796423912,0.23659972846508,7.6606616973877,77.9707898795605,0,13.627121001482,0,10.9884224832058,0,0,0,0,0,0.645274966955185,0,0,0,0,0,6.01877042651176,0,4.36577974259853,0,0.136874213814735,0,45.5665947496891,0,0.486622929573059,0,72.7370463162661,0,3.35418942570686,6.24402616918087,193.508423492312,0,0,0,0,0,0,0,0,0,0,0,0,284.117466107011,0,45.7709452658892,0,7.71621331572533,0,0.747113585472107,0,116.762601792812,0,290.941789522767,0,0,0,0,0,5.87011740356684,0,37.1525927782059,0,96.3872284889221,0,355.242331109941,1.28704369068146,0
0,0,6.42625069618225,0,62.8977044820786,0,0,0,0,0,115.445502758026,0,115.146980434656,0,21.2443774938583,0,1.46897161006927,0.146645799279213,8.81104719638824,0,2.41425803303719,0,0,0,0,0,0,0,0,0,0,0,0,0,0,0,1.74497815966606,0,0.402836680412292,0,39.976883918047,0,44.5250654518604,0,4.25243330001831,0,38.7594792246819,0.89476865530014,102.263084277511,0,96.5505049824715,0,2.69021171331406,0,0,0,589.315089508891,0,0,0,130.492853492498,0,0,25.1515824347734,0,0,0,0,0,46.3188785910606,0,267.833360314369,0.845940053462982,21.5242190212011,0,0,0,0,3.16750407218933,8.89718636870384,0.830353975296021,1.44267308712006,12.6518529057503,0,155.379708185792,0,3.80178284645081
0,0,0,1.99194622039795,0,61.5497912168503,0,0,0,0,0,0,0,44.5103549659252,0,26.47151440382,0,0,0,0,0,0,0,0,0,0,0,0,0,0,0,0,0,0,0,0,0,0,0,0,0,0,0,0,0,0,0,0,0,0,0,18.028440952301,0,0,0,0,0,0,0,0,0,92.6645541638136,0,0,0,0,0,0,10.0462442934513,0,52.0437678694725,0,0,0,0,0,0,0,0,0,0,0,9.21160614490509,0,0,0,0
43.182583540678,0,4.72275081276894,0,21.2900404036045,0,0,0,120.582110837102,0,0,0,7.15630424022675,0,48.9974594712257,0,0,0,0,0,0,0,0,0,0,0,1.22413319349289,0,0,0,0,0,0,0,0,0,0,0,0,0,0,0,0,0,0,0,0,0,76.4142384529114,0,136.29841542244,0,0,0,434.982215940952,0,1.34788504242897,0,130.492853492498,0,0,0,0,0,0,0,0,15.1727512180805,0,108.270454734564,0,13.2538203448057,0,0,0,0,0,0,0,0,0,0,0,0,5.51120747625828,0,0
0,0.421775877475739,0,0,0,1,0,0,0,2.10543310642242,0,0,0,21.3354727625847,0,5.61238431930542,0,0,0,0,0,0,0,0,0,1.28226244449615,0,0,0,0,0,0,0,0,0,0,0,0,0,0,0,0,0,0,0,0,0,0,0,0,0,16.3174374103546,0,0,0,0,0,0,0,92.6645541638136,0,0,0,0,0,0,0,0,11.5677315741777,0,94.2281491905451,0,0,0,0,0,0,0,0,0,0,0,29.3225991725922,0,0,0,0
0,0,0,2.19879925251007,0,59.1483758687973,0,39.8497048616409,0,0,0,9.12274090945721,0,0,0,0,0,0.823444664478302,17.2678890377283,662.309926301241,0,7.79735170304775,0,1.33505390584469,0,0,0,0,0,0,0,0,0,0,0,438.437159240246,0,2.41374252736568,0,246.465916156769,0,412.761975124478,0,5.25576686859131,0,992.955322161317,0.273845046758652,23.2701833248138,3.75484549999237,66.805847749114,0,0.238699182868004,0,0,0,0,0,284.117466107011,0,0,0,0,0,0,25.0155035406351,0,0.507116451859474,0,0,0,63.0351733118296,0,188.237334147096,0,0.360555350780487,0,0.26617768406868,0,1449.244806014,0.536045730113983,80.5408411771059,0,438.38452129066,0.643561810255051,767.068943798542,40.3978512883186,0
0,0,0,0,4.44892555475235,0,0,0,0,0,46.3030368536711,0,0,0,0,0,10.9089261740446,1.06312334537506,168.170900985599,0,747.384413845837,0,0,0,0,0,0,0,0,0,0,0,0,0,0,0.312670260667801,910.713505461812,0,313.849172830582,0.150613710284233,169.463118210435,0,233.447532147169,0,4.45123814046383,0.222633600234985,267.985312581062,17.7927977740765,34.7262588441372,0,20.3201970458031,0,0.999866545200348,0,0,0,746.629906751215,0,25.1515824347734,0,0,0,0,0,0,0,0,0,0,0,0,28.6875836029649,0,109.658919282258,0.535626828670502,0,0,0,4.40882446616888,1080.87443939596,0,505.425924681127,139.229246944189,0.992701947689056,318.677768103778,0,7.49910253286362
0,0,0,0.216247618198395,0,0,0,0,0,0,0,0,0,0,0,0,0,66.3268257975578,0,1.31793412566185,0,4519.24729907513,0,44.6281885951757,0,3,0,46.0480228364468,0,0,0,0,0,0,0,0,0,365.55997851491,0,0,0,1.97651198506355,0,0,0,1.77969893813133,0,20.9315343648195,0,529.381196796894,0,0,0,0,0,0.22893850505352,0,45.7709452658892,0,0,0,0,25.0155035406351,0,0,0,189.301716372371,0,20.3361267447472,0,163.843729391694,0,11.8610998541117,0,0,0,0,0,0,0,985.165009006858,0,65.5131913721561,0,82.0965517610312,0,0
0,0,0,0,0,0,0,0,0,0,0,0,0,0,0,0,0,0,0,0,0,12.9927458763123,4505.2460142225,0,41.8944297879934,0,23.3166780918837,0,3.36579465866089,0,0,0,0,0,0,0,0,0,248.936467379332,0,0,0,0,0,0,0,0,0,65.861791998148,0,0,0,0,0,0,0,0,0,0,0,0,0,0,0,0,0,0,203.089002788067,0,300.085687458515,0,10.161212772131,0,0,0,0,0,0,0,0,0,811.628917977214,119.39086894691,34.1415543556213,1.34275469183922,0,0
0,6.62204763293266,0,0,0,0,0,0,0,8.16390970349312,0,0,0,0,0,0,0,2.93524038791656,0,0,0,67.0213291198015,0,771.097192391753,0,99.0397169589996,0,0,0,0,0,0,0,0,0,0,0,163.068826794624,0,0,0,0,0,0,0,0,0,0,0,71.7865372002125,0,0,0,0,0,15.3048067092896,0,7.71621331572533,0,0,0,0,0.507116451859474,0,189.301716372371,0,0,0,108.712486311793,0,33.1477111428976,0,0,0,0,0,0.37758195400238,0,0,0,92.9300067573786,0,144.456633716822,0,137.889982521534,0,0
0,0,0,0,0,0,0,0,69.842484921217,0,0,0,0,0,0,0,6.62667521834373,0,0,0,0,0,77.7532242387533,0,471.99994905293,0,66.1158772706985,0,0,0,0,0,0,0,0,0,0,0,162.262840509415,0,0,0,0,0,0,0,0,0,167.441788941622,0,0,0,0,0,436.045825541019,0,0,0,0,0,15.1727512180805,0,0,0,0,203.089002788067,0,0,0,336.045305460691,0,3.53311878442764,0,0,0,0,0,0,0,0,0,333.408404633403,55.401695817709,0,142.216293513775,0,0
0,0,0,0,0,0,0,0,0,0,0,0,0,0,0,0,0,8.37206554412842,0,0,0,19.6148047298193,0,35.9066068530083,0,227.467394471169,0,17.7104506492615,0,0,0,0,0,0,0,0,0,0,0,0,0,0,0,0,0,0,0,0,0,12.2068919837475,0,0,0,0,0,0,0,0.747113585472107,0,10.0462442934513,0,11.5677315741777,0,0,20.3361267447472,0,108.712486311793,0,0,0,859.073074400425,0,0,0,0,0,0,0,0,0,0,0,175.944503068924,0,0,0,0
0,0,0,0,0,0,0,0,85.0022816956043,0,0,0,0,0,22.2620000839233,0,0,0,0,0,0,0,33.5702876597643,0,96.7567559182644,0,104.987926155329,0,1.36798340082169,0,0,0,0,0,0,0,0,0,0,0,0,0,0,0,0,0,0,0,10.5770189464092,0,0,0,0,0,87.0245570391417,0,0,0,46.3188785910606,0,108.270454734564,0,0,0,0,300.085687458515,0,336.045305460691,0,0,0,241.723049640656,0,0,0,0,0,0,0,0,0,0.99117574095726,0,0,5.76624137163162,0,0
0,0,0,0.447493240237236,0,0,0,0,0,0,0,0,0,1.46010012924671,0,0,0,0,0,5.17154394090176,0,20.9155822247267,0,21.4712441563606,0,4.62537154555321,0,206.742123544216,0,0,0,0,0,0,0,0,0,2.09341974556446,0,0,0,16.1815771758556,0,0,0,7.59704652428627,0,0,0,243.440658047795,0,0,0,0,0,0,0,116.762601792812,0,52.0437678694725,0,94.2281491905451,63.0351733118296,0,163.843729391694,0,33.1477111428976,0,859.073074400425,0,0,0,138.919106483459,0,0,0,0,0,0,0,179.918197512627,0,1.78693817555904,0,42.8308487087488,0,0
0,0,4.65012010931969,0,0,0,0,0,0.195775583386421,0,0.405445694923401,0,1,0,0,0,0,0.44375804066658,9.90731790661812,0,19.9066701680422,0,2.01347196102142,0,0,0,0.695192873477936,0,306.148349478841,0,16.9876633286476,0,0,0,0,0.123567312955856,18.5321547463536,0,2.04646091163158,0.280316561460495,5.47351512312889,0,85.571902230382,0,0.21865713596344,0,6.53611226379871,0,42.9339005500078,0,0.960959851741791,0,0,0,0,0,869.559375867248,0,267.833360314369,0,13.2538203448057,0,0,28.6875836029649,0,10.161212772131,0,3.53311878442764,0,241.723049640656,0,0,0,529.883850798011,0,0,0,0,1.3303165435791,48.8389248251915,0,355.182541593909,24.5688459128141,0,189.014318391681,0,17.5292014181614
0,0,0,44.93012984097,0,5.22515714168549,0,0,0,0,0,186.201894536614,0,0,0,0,1.76706087589264,0.265627235174179,88.7417577207088,77.5194955766201,0,0.950896546244621,0,0,0,0,0,2.26632282137871,0,360.263036951423,0,0,0,0.129440322518349,0,1.14236724376678,0,40.1882292032242,0,0.424442201852798,0,540.270448848605,2.93929412961006,12.5454328507185,0,334.532004356384,0,8.95187775790691,6.26601384580135,119.495833352208,0,0,0,0,0,0,0.197824224829674,290.941789522767,0.845940053462982,0,0,0,188.237334147096,0,11.8610998541117,0,0,0,0,0,138.919106483459,0,0,0,1.39504934847355,0,3.99761486053467,0,15.476842135191,0.138323351740837,742.821149885654,0,56.1054073423147,0,539.94422622025,31.3661719560623,0
0.947137653827667,0,31.9987168759108,0.613652229309082,0.937537789344788,0,0,0,0,0,6.1933723539114,0,0,0,0,0,2.16850546002388,1.9868239313364,121.37506249547,0,145.667966164649,0,0,0,0,0,0,0,1.93763691186905,0,150.505629017949,0,0,0,0,0.52191686630249,53.0365818217397,0,9.36188232898712,0,17.7348008751869,0.453300952911377,848.831245958805,0,7.78650173544884,0.117488317191601,63.9956912323833,0.379428923130035,25.8857269734144,1.13333356380463,2.64144121110439,0,0,0,0,0,778.520171120763,0,21.5242190212011,0,0,0,0,109.658919282258,0,0,0,0,0,0,0,529.883850798011,0,0,0,0,0.421139389276505,0,1.11040465533733,151.408885367215,0,297.22762966156,207.599695384502,0,853.132950641215,0,222.131898358464
0,0,0,1.26359665393829,0,0,0,0,0,0,0,0,0,0,0,0,2.04921835660934,0,157.671606883407,0,0,0,0,0,0,0,0,0,0,0,0,1486.42539443076,946.687322378159,42.736935660243,0,379.443674981594,6.74110627174377,0,0,15.7896358668804,8.5792129188776,113.028380066156,1.70206302404404,4.15946626663208,0,44.2167347744107,0,3607.91601079702,164.378228351474,43.3851869553328,0,0,0,0,0,0,0,0,0,0,0,0,0.360555350780487,0.535626828670502,0,0,0,0,0,0,0,0,1.39504934847355,0,0,208.588062107563,220.108377024531,0,581.4884737432,106.285813093185,0.26707711815834,0,357.474269703031,1.30253210663795,64.4439890533686,0,0
0,0,0,0,0,0,0,0,0,0,0,0,0,0,0,0,0,0,0,0,0,0,0,0,0,0,0,0,0,0,0,350.85955516994,414.162831544876,0.622185349464417,13.0753957033157,0,5.14633873105049,0,0,0,0,0,0,0,0,0,0,214.036358267069,5.07792681455612,0,0,0,0,0,0,0,0,0,0,0,0,0,0,0,0,0,0,0,0,0,0,0,0,0,208.588062107563,0,0,48.6961106956005,0,2652.26922295988,0,0,210.978575482965,0,0,0,0
0,0,0,0,0,0,0,0,0,0,0,0,0,0,0,0,1.50890211760998,0,46.6593241840601,0,0,0,0,0,0,0,0,0,0,0,0,308.363813489676,1.99334299564362,1959.24374097586,234.182505249977,161.74020640552,159.456063300371,465.389303252101,18.1838739514351,0.957326948642731,0.337344169616699,38.0616864413023,0,5.7738733291626,0,32.9314959049225,0,478.523142784834,6.95577591657639,25.1899434328079,0,0,0,0,0,0,0,0,0,0,0,0,0.26617768406868,0,0,0,0.37758195400238,0,0,0,0,0,3.99761486053467,0.421139389276505,220.108377024531,0,0,15.438642680645,256.104233488441,1.79738341271877,389.188870877028,0,810.641941323876,1.67765331268311,28.2206403911114,0,0
0,0,0,0,0,0,0,0,0,0,0,0,0,0,0,0,0,0,0,0,0,0,0,0,0,0,0,0,0,0,0,0,15.6087925434113,91.4839559495449,1010.91664123535,0,0.292962551116943,0,28.2766796350479,0,0,0,0,0,0,0,0,74.4771781861782,0.285477548837662,0,0,0,0,0,0,0,0,0,0,0,0,0,0,0,0,0,0,0,0,0,0,0,0,0,0,48.6961106956005,15.438642680645,0,0,265.554283291101,0,717.081173509359,28.118863761425,0,0,0,0
