0,0.307925567030907,33.1036647558212,0,0,0,0,0,211.573361620307,0,0,0,0,0,0,0,15.9438437819481,0.911756992340088,216.977778717875,0,0,0,0,0,0,0,0,0,0,0,0,0,0,0.243010804057121,0,0,10.1885340362787,5.49249517917633,25.5985698848963,0,11.7429637163877,0.834618970751762,102.659476339817,0,0,0,31.4360117465258,11.6234217137098,217.284985184669,1.11163383722305,0,0,0,0,229.639278948307,0.325271606445312,5.61761900782585,0,1.99982592463493,0,3.30525821447372,0,0,1.4309207201004,0,0,0.777224034070969,0,0,0,0,0.460576444864273,0,20.4069637805223,0,0,0,0,0,102.934223689139,6.48427575826645,33.3875897526741,216.644364394248,0.239081665873528,482.534426227212,0,1.98326861858368
0.307925567030907,0,0,71.2543979883194,0,0,0,0,0,190.663772016764,0,0,0,0,0,0,1.7597815990448,3.52837727963924,44.1588249504566,0,0,0,0,0,0,0,0,0,0,0,0,0,0,0,0,0.260796040296555,0,7.01921200752258,3.79889646172523,2.31475524604321,0,172.18169772625,2.26319479942322,0,0,1.75941689312458,0,5.34089896082878,0,363.264248982072,0,0,0,0,0,217.311783730984,0,1.09258730709553,0,3.73670187592506,0,0.426584646105766,0.509382009506226,0,0,0,0,0,0,0,3.02931180596352,0,3.33284701406956,0,0,0,0,0,14.6800850182772,0,10.0413676351309,3.42901019752026,120.63357450068,0,253.855109542608,0,0
33.1036647558212,0,0,0,0,0,0,0,2.69883042573929,0,0,0,0,0,0,0,0,0,2.93115082383156,0,0,0,0,0,0.684964656829834,0,0,0,0,0,0,0,0,0,0,0,3.0163970887661,0,5.78863471746445,0,2.5311483591795,0.313597440719604,36.9888129457831,0,0,0,3.05085295438766,0,57.5580026805401,0,0,0,0,0,1.44164863228798,0,5.62812016904354,0,5.26660595834255,0,11.2579300701618,0,0,0.17062996327877,0,0,0,0,0,0,0,0.39367501437664,0,23.3889108151197,0,0,0,0,0,3.15607441961765,0,6.62585102021694,19.559059754014,0.276028096675873,118.059169352055,0,1.09712219238281
0,71.2543979883194,0,0,0,0,0,0,0,29.8591516464949,0,0,0,0,0,0,0,0,0.415990769863129,0,0,0,0,0,0,0,0,0,0,0,0,0,0,0,0,6.56149958074093,0,1.51824842393398,0,9.81499692052603,0,70.3466318026185,0,0,0,1.03728926181793,0,0,0,120.680899292231,0,0.275722563266754,0,0,0,81.9577800631523,0,71.127043992281,0,75.5964979380369,0,120.428880438209,0.788122832775116,0,0,0,0,0,0,0,1.26333248615265,0,87.7910980284214,0,0,0,0,0,10.3692842423916,0,66.5483632981777,0,61.2879543304443,2.25270227342844,398.151015639305,0,0
0,0,0,0,0,0,3.38796627521515,0,51.6767416000366,0,0,0,0,0,0,0,0,0,0,0,0,0,0,0,0,0,0,0,0,0,0,0,0,0,0,0,0,0,0,0,0,0,0,0,0,0,0,0,0,0,455.399307191372,0,0,0,0,0,0,0,0,0,0,0,0,0,0,0,0,0,0,0,0,0,0,0,0,0,0,0,0,0,0,0,0,0,0,0,0
0,0,0,0,0,0,0,0,0,4.1942812204361,0,0,0,0,0,42.2761387825012,0,0,0,0,0,0,0,0,0,0,0,0,0,0,0,0,0,0,0,0,0,0,0,0.337031230330467,0,25.8136904686689,0,0,0,0.863876461982727,0,0,0,0,0,565.976714119315,0,0,0,0,0,0,0,0,0,0,1.4056584239006,0,0,0,0,0,0,0,0,0,0,0,0,0,0,0,0.149410158395767,0,0,0,96.2001021951437,3.18977415561676,20.3635983020067,0,0
0,0,0,0,3.38796627521515,0,0,0,0,0,0,0,17.737117767334,0,0,0,0,0,0,0,0.337578296661377,0,0,0,0,0,0,0,0,0,0,0,0,0,0,0,0,0,0,0,0,0,0,0,0,0,0,0,0,0,15.0211805105209,0,76.6537673175335,0,0,0,12.053734600544,0,255.714997947216,0,0,0,0,0.933899879455566,0,0,0,0,0,0,0,0,0,0,0,0,0,0,0,0,0,0,0,0,0,0,0
0,0,0,0,0,0,0,0,0,0,0,4.85194289684296,0,0,0,0,0,0,0,0,0,0,0,0,0,0,0,0,0,0,0,0,0,0,0,0,0,0,0,0,0,0,0,0,0,0,0,0,0,0,0,2,0,174.153506159782,0,0,0,69.5785340964794,0,67.0806753635406,0,0,0,0,0,0,0,0,0,0,0,0,0,0,0,0,0,0,0,0,0,0,0,0,0,0,0
211.573361620307,0,2.69883042573929,0,51.6767416000366,0,0,0,0,0,0,0,0,0,133.819665908813,0,0,0,2.67638745903969,0,0.5002561211586,0,0,0,12.9727191329002,0,85.8882857561111,0,0,0,0,0,0,0,0,0,0.170392110943794,0,4.20500674843788,0,2.16519510746002,0,18.6805712282658,0,0,0,0,0,14.5115467905998,0,0,0,0,0,653.97662371397,0,5.49268111586571,0,0,0,348.497885510325,0,0,0,0,0,0,3.7753838300705,0,0,0,4.27413123846054,0,16.3809446841478,0,0,0,0,0,1.50200212001801,0,1.3602921962738,206.187925815582,140.106622338295,41.721572637558,0,0
0,190.663772016764,0,29.8591516464949,0,4.1942812204361,0,0,0,0,0,0,0,0,0,437.144094854593,0,0.664901971817017,1.92745697498322,0,0,0,0,52.2340646088123,0,0,0,0,0,0,0,0,0,0,0,1.18929120898247,0,115.103534698486,0,0,0,22.7480994910002,0.0931238383054733,0,0,0,0,0.213070914149284,0,67.4498885720968,0,0,0,0,0,869.245039090514,0,4.25223675370216,0,1.92931473255157,0,504.774170085788,0.401406019926071,0,0.380422592163086,0,65.3918128162622,0,24.5877211093903,0,12.0767723023891,0,5.25220733880997,0,0,0,0,0,0,0,63.2182029932737,0,662.001221880317,376.428669884801,92.5943973809481,0,0
0,0,0,0,0,0,0,0,0,0,0,0,102.707147121429,0,0,0,0,0,0,0,222.593042433262,0,0,0,0,0,0,0,0,0,194.697080656886,0,0,0,0,0,430.538932174444,0,1272.47214108706,0,0,0,0,0,0,0,0,0,0,0,0,0,0,0,0,0,2720.01743130386,0,1459.06919252872,0,0,0,0,0,0,0,0,0,0,0,0,51.1193453967571,0,638.155205182731,0,0,0,0,0,24.262417525053,0,137.072843745351,76.0604212284088,1,0.461412131786346,0,0
0,0,0,0,0,0,0,4.85194289684296,0,0,0,0,0,218.119512557983,0,0,0,0,0,191.642559170723,0,0,0,0,0,0,0,0,0,14.8833302557468,0,0,0,0,0,64.0589568018913,0,979.514923036098,0,0,0,0,0,0,0,0,0,0,0,0,0,1.12840974330902,0,0,0,0,0,1802.39911092818,0,320.41001033783,0,0,12.1692894399166,0,0,0,0,0,0,0,17.5022549629211,0,507.98037981987,0,0,0,0,0,10.0151743888855,0,200.641166239977,0,303.957290232182,11.9923943281174,0,0,0
0,0,0,0,0,0,17.737117767334,0,0,0,102.707147121429,0,0,0,190.239222407341,0,0,0,0,0,0,0,0,0,0,0,49.4563707113266,0,103.747445940971,0,0,0,0,0,0,0,0,0,0,0,0,0,0,0,0,0,0,0,0,0,0,0,0,0,0,0,0,0,758.730573534966,0,118.248886287212,0,0,0,0,0,0,0,0,9.48289966583252,0,36.8551073074341,0,0,0,0,0,0,0,0,0,0,134.24861574173,282.527824401855,0,0,0
0,0,0,0,0,0,0,0,0,0,0,218.119512557983,0,0,0,64.7169083356857,0,0,0,0,0,0,0,0,0,0,0,68.8501766324043,0,0,0,0,0,0,0,0,0,0,0,0,0,0,0,0,0,0,0,0,0,0,0,0,0,0,0,0,0,15.747846364975,0,1171.95289990306,0,16.6251544952393,0,0,0,0,0,0,0,0,25.9367290735245,0,0,0,0,0,0,0,0,0,0,0,216.796316981316,179.227758228779,0,0,0
0,0,0,0,0,0,0,0,133.819665908813,0,0,0,190.239222407341,0,0,0,0,0,0,0,0,0,0,0,0,0,8.42090141773224,0,0,0,0,0,0,0,0,0,0,0,0,0,0,0,0,0,0,0,0,0,0,0,0,0,0,0,1.56635344028473,0,0,0,0,0,166.446377396584,0,0,0,0,0,0,0,0,37.6963641941547,0,0,0,0,0,0,0,0,0,0,0,0,81.9830615520477,0,0,0,0
0,0,0,0,0,42.2761387825012,0,0,0,437.144094854593,0,0,0,64.7169083356857,0,0,3.95739406347275,93.776055380702,1.45200777053833,0,0,0,0,0,0,0,0,0,0,0,0,0,0,0,0,0,0,0,0,0,0,0,0,0,0,0,0,0,0,0,0,0,0,0,0,16.7313677370548,0,0,0,6.07819163799286,0,155.948783308268,0,0,0,0,0,0,0,0,0,0,0,0,0,0,0,0,0,0,0,0,362.018597006798,35.4715740680695,0,0,0
15.9438437819481,1.7597815990448,0,0,0,0,0,0,0,0,0,0,0,0,0,3.95739406347275,0,12373.5951671898,4019.26294385642,0,0,19.4354210495949,148.157953247428,12.3525623828173,152.109897166491,16.9193693548441,334.745462834835,0,56.2604854106903,0,0,0,0,0,0,1.94667455554008,19.9396210759878,3.15087929368019,4.30765645205975,18.6697426363826,27.9665315747261,44.6527872234583,59.2640161961317,0,0,21.9992284476757,38.6659869477153,0,8.5747636705637,2.0324427485466,0,0,0,0,0,0,1.27779312431812,0,0,0,0,0,2.20196425914764,5.28534436225891,0.83381712436676,0,0,1.53935062885284,0,0,0,0.176171749830246,4.24775242805481,9.7988770455122,0,0,2.82371559739113,0,58.3367114365101,67.0641842857003,15.1713310405612,51.1997058391571,10105.6825440526,988.493663817644,84.0313251540065,4.1135165989399,11.7977632284164
0.911756992340088,3.52837727963924,0,0,0,0,0,0,0,0.664901971817017,0,0,0,0,0,93.776055380702,12373.5951671898,0,2733.96235809475,0,0,275.040203318,3.27343791723251,537.4164211303,0,924.532834500074,2.18817329406738,25.8684756159782,0,0,0,0,0,0,0,15.7732595801353,3.48522403091192,3.63716867566109,0.273531630635262,46.5530745759606,14.9232035651803,121.879357047379,34.2662233039737,0,0,40.5742020532489,29.1463423967361,0,5.66331330686808,8.28487772494555,0,0,0,0,0,0,0.859318152070045,0,0,0,0.0927335843443871,1.76964843273163,8.58656115084887,2.63507972657681,32.4764396846294,0,1.35130363702774,0,95.2265129089355,0,0,0,10.2844587787986,3.51071467995644,0,0,1.38870570063591,0.116814069449902,186.702117063105,45.9044186621904,86.3381366804242,9.72786103188992,7670.00486450642,625.252595573664,136.787384279072,8.05257672816515,0.978809699416161
216.977778717875,44.1588249504566,2.93115082383156,0.415990769863129,0,0,0,0,2.67638745903969,1.92745697498322,0,0,0,0,0,1.45200777053833,4019.26294385642,2733.96235809475,0,0,0,0.402605623006821,0.805274069309235,1.84630107879639,0,1.89678966999054,2.55875241756439,0,0,0,0,0,0,0,0,86.6739649400115,141.211566999555,18.9320539087057,20.9326828941703,471.571975074708,390.677078388631,1001.46855541319,691.416777469218,0,2.11483466625214,307.145325131714,573.458265252411,0.462771162390709,89.243647262454,55.9148980006576,0.812176011502743,0,0,0,3.30291562527418,0,4.23437933623791,7.08888176083565,0.42214697599411,0,0.350150525569916,0.872347682714462,142.180810250342,126.896314010024,0,0,0,0,0,0,3.80123153328896,0.746480226516724,104.290241062641,93.8455864191055,0,0,15.2824030220509,0.596716433763504,1539.93274752051,1157.88915208355,419.463528104126,467.216881744564,3152.26464631408,8.15477703511715,1606.48498316854,79.0808345228434,57.5340208038688
0,0,0,0,0,0,0,0,0,0,0,191.642559170723,0,0,0,0,0,0,0,0,0,0,0,0,0,0,0,0,0,0.379832208156586,0,0,0,0,0,643.814140371978,0,377.070962116122,0,0,0,7.46452167630196,0,0,0,0,0,0,0,0,0,0,0,0,0,0,0,469.772195249796,0,0,0,0,830.594526380301,0,0,0,0,0,0,0,0,0,1.47106942534447,0,0,0,0,0,48.9871937632561,0,55.2169405147433,0,242.577271252871,3.88702088594437,14.2861199975014,0,0
0,0,0,0,0,0,0.337578296661377,0,0.5002561211586,0,222.593042433262,0,0,0,0,0,0,0,0,0,0,0,0,0,0,0,0,0,0,0,0,0,0,0,0,0,1657.60443679243,0,532.935638830066,0,0,0,2.79835891723633,0,0,0,0.279917776584625,0,0,0,56.6223474889994,0,21.2667526304722,0,1.05645024776459,0,461.262570410967,0,9.80411896109581,0,5.90733197331429,0,0,1457.4938544929,0,0,0,0,0,0,0,0,0,0,0,0,0,0,0,139.557770907879,0,70.9928571432829,44.0326470583677,2.14591550827026,119.743309378624,0,0
0,0,0,0,0,0,0,0,0,0,0,0,0,0,0,0,19.4354210495949,275.040203318,0.402605623006821,0,0,0,654.12998354435,488.378531217575,0,72.2154938578606,0,141.971176356077,0,0,0,0,0,0,0,0,0,1489.40803070366,0,0,0,0.146665468811989,0,0,0,0,0,0,0,44.9585937708616,0,0,0,0,0,0,0,0,0,0,0,0,0,0,8048.55866578221,20.8114589452744,89.4595892727375,0,34.9920272827148,0,3.54009196162224,0,0,0,0,0,3.42890757322311,0,0.126360341906548,0,172.378872945905,0,2817.9558878243,1236.50667849183,0,0,0
0,0,0,0,0,0,0,0,0,0,0,0,0,0,0,0,148.157953247428,3.27343791723251,0.805274069309235,0,0,654.12998354435,0,0,212.050771355629,0,38.7114588618279,0,515.394049227238,0,0,0,0,0,0,0,0,0,1314.75183027983,0,0,0,0,0,0,0,0,0.238284289836884,69.3578986227512,0,0,0,0,0,0,0,0,0,0,0,0,0,0,0,0,9332.94823145866,0,135.201591044664,0,13.5860079526901,0,37.440753787756,0,0,0,0,0,0,0,0,0.247330859303474,191.46235781908,2523.86460570991,2479.54181793332,0,0,0
0,0,0,0,0,0,0,0,0,52.2340646088123,0,0,0,0,0,0,12.3525623828173,537.4164211303,1.84630107879639,0,0,488.378531217575,0,0,0,318.26862937212,0,0,0,0,0,0,0,0,0,0,0,715.640956163406,0,0,0,0,0,0,0,0,0,0,0,32.5884184539318,0,0,0,0,0,6.46368607878685,0,0.598093092441559,0,0,0,30.77593511343,0,0,334.870715379715,0,836.950455784798,0,961.614863649011,0,0,0,0,0,0,0,0.686253935098648,0,0,0,73.8227321356535,0,215.429274350405,1.44181451201439,0,0,0
0,0,0.684964656829834,0,0,0,0,0,12.9727191329002,0,0,0,0,0,0,0,152.109897166491,0,0,0,0,0,212.050771355629,0,0,0,251.850761264563,0,0,0,0,0,0,0,0,0,0,0,286.857280254364,0,0,0,0,0,0,0,0,0,5.57452812790871,0,0,0,0,0,84.3039346337318,0,0,0,0,0,0,0,0,0,0,173.176376014948,0,170.832014083862,0,660.624295443296,0,0,0,0,0,0,0,0,0,0,0,0.91962456703186,665.752902656794,0,1.0280821621418,0,0
0,0,0,0,0,0,0,0,0,0,0,0,0,0,0,0,16.9193693548441,924.532834500074,1.89678966999054,0,0,72.2154938578606,0,318.26862937212,0,0,0,45.0224657058716,0,0,0,0,0,0,0,0,0,0,0,0,0,0.258808821439743,0,0,0,0,0,0,0,0,0,0,0,0,0,0,0,0,0,0,0,27.2968755960464,0,0,1.79020524024963,0,1,0,83.0539573729038,0,0,0,0,0,0,0,0,0,0.146831452846527,0,0,0,271.205632582307,2.15142798423767,0,0,0
0,0,0,0,0,0,0,0,85.8882857561111,0,0,0,49.4563707113266,0,8.42090141773224,0,334.745462834835,2.18817329406738,2.55875241756439,0,0,0,38.7114588618279,0,251.850761264563,0,0,0,4.1197509765625,0,0,0,0,0,0,0,0,0,0,0,0,0,0,0,0,0,0,0,0,0,0,0,0,0,0,0,0,0,0,0,0,0,0,0,0,0,0,0.562388360500336,0,117.744159728289,0,22.7940436303616,0,0,0,0,0,0,0,0,0,0,205.819621741772,150.197702884674,0,0,0
0,0,0,0,0,0,0,0,0,0,0,0,0,68.8501766324043,0,0,0,25.8684756159782,0,0,0,141.971176356077,0,0,0,45.0224657058716,0,0,0,386.680077403784,0,0,0,0,0,0,0,122.29777443409,0,0,0,0,0,0,0,0,0,0,0,0,0,0,0,0,0,0,0,0,0,62.6881195902824,0,0,0,0,71.7863739430904,0,0,0,42.6325060129166,0,1521.53035591543,0,2.1028518974781,0,0,0,0,0,0,0,8.04498720169067,0,625.582297474146,585.096591383219,0,0,0
0,0,0,0,0,0,0,0,0,0,0,0,103.747445940971,0,0,0,56.2604854106903,0,0,0,0,0,515.394049227238,0,0,0,4.1197509765625,0,0,0,402.389105677605,0,0,0,0,0,0,0,49.8594310283661,0,0,0,0,0,0,0,0,0,0,0,0,0,0,0,0,0,0,0,96.7884140014648,0,0,0,0,0,0,124.675005316734,0,0,0,0.95773983001709,0,1512.64732913673,0,0,0,0,0,0,0,0,0,4.08642661571503,577.62445731461,1185.81511285901,0,0,0
0,0,0,0,0,0,0,0,0,0,0,14.8833302557468,0,0,0,0,0,0,0,0.379832208156586,0,0,0,0,0,0,0,386.680077403784,0,0,0,0,0,0,0,0,0,542.685073286295,0,0,0,0,0,0,0,0,0,0,0,0,0,0,0,0,0,0,0,2.26054808497429,0,0,0,0,0,0,0,0,0,0,0,0,167.180336639285,0,692.479196995497,0,0,0,0,0,0,0,32.6033581197262,0,358.047347679734,303.158904850483,0,0,0
0,0,0,0,0,0,0,0,0,0,194.697080656886,0,0,0,0,0,0,0,0,0,0,0,0,0,0,0,0,0,402.389105677605,0,0,0,0,0,0,0,0,0,597.799143701792,0,0,0,0,0,0,0,0,0,0,0,0,0,0,0,0,0,50.5000457018614,0,0,0,0,0,0,0,0,0,0,0,0,0,0,437.207496166229,0,1414.51877319813,0,0,0,0,0,0,0,134.876807183027,350.134739607573,0,0,0,0
0,0,0,0,0,0,0,0,0,0,0,0,0,0,0,0,0,0,0,0,0,0,0,0,0,0,0,0,0,0,0,0,60.982010692358,35.218444108963,0,333.394910335541,10.7343663275242,0,0,0,0,0,0,0,0,0,0,2169.12164615095,0,1.34163558483124,0,0,0,0,0,0,0,0,0,0,0,0,0,0,0,0,0,0,0,0,0,0,0,0,574.090190306306,78.1895238310099,0,0,130.180428698659,7.44420373439789,0,0,67.0954040288925,0,1.49681079387665,0,0
0,0,0,0,0,0,0,0,0,0,0,0,0,0,0,0,0,0,0,0,0,0,0,0,0,0,0,0,0,0,0,60.982010692358,0,0,0,0,450.135943740606,0,0,0,0,0,0,0,0,0,0,1365.49722504616,0,0,0,0,0,0,0,0,0,0,0,0,0,0,0,0,0,0,0,0,0,0,0,0,0,0,10.9181269407272,281.770044177771,0,31.8215466737747,0,192.275520637631,0,0,10.6274499893188,0,0.51598185300827,0,0
0.243010804057121,0,0,0,0,0,0,0,0,0,0,0,0,0,0,0,0,0,0,0,0,0,0,0,0,0,0,0,0,0,0,35.218444108963,0,0,737.211462542415,1970.27402734756,0,180.284772843122,86.8724464774132,0,0,1.94681131839752,0,0,0,0,0,3629.61679983139,1.0581619143486,0,0,0,0,0,0,0,0,0,0,0,0,0,0,0,0,0,0,0,0,0,0,0,0,0,0,0,1712.73762562871,785.738974824548,274.684846892953,0,311.288029074669,57.4213436990976,223.134268254042,15.2226329147816,14.1568111777306,0,0
0,0,0,0,0,0,0,0,0,0,0,0,0,0,0,0,0,0,0,0,0,0,0,0,0,0,0,0,0,0,0,0,0,737.211462542415,0,0,1965.48998235166,31.795162498951,397.91139164567,0,0,0,1.92514896392822,0,0,0,0,2442.12015208602,0,0,0,0,0,0,0,0,0,0,0,0,0,0,0,0,0,0,0,0,0,0,0,0,0,0,0,0,391.133132532239,1961.38521069288,0,127.768558338284,0.581245183944702,101.99972614646,277.797984987497,18.8059827983379,0,0,0
0,0.260796040296555,0,6.56149958074093,0,0,0,0,0,1.18929120898247,0,64.0589568018913,0,0,0,0,1.94667455554008,15.7732595801353,86.6739649400115,643.814140371978,0,0,0,0,0,0,0,0,0,0,0,333.394910335541,0,1970.27402734756,0,0,1292.0284865424,925.034085638821,69.6522653400898,8.70613335818052,0,90.374566949904,1.44202140718699,0,0,104.153845563531,0.803478732705116,105.737283036113,0,12.3658880889416,0,15.9997512996197,0,0,0,0.23511415719986,0,61.4393298625946,0,2.80714404582977,0,6.62733741104603,1198.48981490731,1.1899676322937,0,0,0,0,0,0,0.910854995250702,0,7.73035906255245,0,167.255462020636,0,573.550891578197,0,13077.0672125295,319.570926934481,2957.89357730001,32.4830875098705,1634.40690089762,205.197682678699,267.131458081305,13.2301768884063,0
10.1885340362787,0,3.0163970887661,0,0,0,0,0,0.170392110943794,0,430.538932174444,0,0,0,0,0,19.9396210759878,3.48522403091192,141.211566999555,0,1657.60443679243,0,0,0,0,0,0,0,0,0,0,10.7343663275242,450.135943740606,0,1965.48998235166,1292.0284865424,0,0,1228.64856279641,0,9.10572627186775,3.15401342511177,77.1701444908977,0,0,0,255.581869639456,64.287880718708,8.92140674591064,0,31.3554309755564,0,0,0,2.76007706671953,0,189.988503694534,0,8.44829318672419,0,14.1368697732687,0,0,1780.18724668026,0,0,0,0,0,0,0,0,0,1.79034294188023,57.7540002465248,221.015498667955,0,1057.64940045774,71.9936408549547,17930.2829513699,0,2910.36268233508,2556.32157132775,298.289642497897,369.849675662816,0,20.9588625207543
5.49249517917633,7.01921200752258,0,1.51824842393398,0,0,0,0,0,115.103534698486,0,979.514923036098,0,0,0,0,3.15087929368019,3.63716867566109,18.9320539087057,377.070962116122,0,1489.40803070366,0,715.640956163406,0,0,0,122.29777443409,0,542.685073286295,0,0,0,180.284772843122,31.795162498951,925.034085638821,0,0,487.947359979153,1.1692156791687,0,30.6095999479294,0,0,0,62.1006022617221,0,1098.28953590989,4.58612357079983,381.98507706821,0,0,0,0,0,18.2035190016031,0,71.4566823840141,0,1.08881393074989,0,1.12448793649673,258.542832218111,0,931.376332014799,0.487520039081573,576.216844558716,0.390700459480286,0,0,0.664280861616135,0,1100.406704247,0,0,0,93.7114989757538,1.09348404407501,361.348239950836,0,21347.7539333329,395.455885306001,2162.19412577897,222.44937697053,135.309306100011,8.50565725564957,0
25.5985698848963,3.79889646172523,5.78863471746445,0,0,0,0,0,4.20500674843788,0,1272.47214108706,0,0,0,0,0,4.30765645205975,0.273531630635262,20.9326828941703,0,532.935638830066,0,1314.75183027983,0,286.857280254364,0,0,0,49.8594310283661,0,597.799143701792,0,0,86.8724464774132,397.91139164567,69.6522653400898,1228.64856279641,487.947359979153,0,0,1.17301434278488,3.91236343979836,88.8691824749112,0,0,0,13.5455058515072,638.891740828753,375.497643999755,1.65887339413166,0,0,0,0,17.9646170437336,0.912767872214317,366.993833974004,0,1.2778223156929,0,2.86773818731308,0,0,234.944755785167,0,1091.52392610908,2.65996846556664,654.455822467804,0,0,0,519.415989801288,0,1461.94116677344,0,0,21.2803768962622,509.356189116836,6.02174587547779,732.475863419473,128.883819893003,20967.8231901601,3102.23161330074,427.480425268412,311.097866609693,0,1.97361049056053
0,2.31475524604321,0,9.81499692052603,0,0.337031230330467,0,0,0,0,0,0,0,0,0,0,18.6697426363826,46.5530745759606,471.571975074708,0,0,0,0,0,0,0,0,0,0,0,0,0,0,0,0,8.70613335818052,0,1.1692156791687,0,0,0,1611.02811354399,4.2930224686861,0,0,94.9202095121145,0.260993801057339,51.3188792467117,0,271.555275514722,0,1.01643848419189,0,0,0,0.938672438263893,0,1.5373216047883,0,0.564429819583893,0,8.38182903826237,11.8706789463758,1.08618915081024,0,0,0,0,0,0,1.77762374281883,0,9.51108857989311,3.09238065779209,0,0,0,0,608.551720134914,1.13643810153008,51.4142869859934,0,188.957697756588,1.48496660590172,436.812750764191,21.792044788599,0.396859854459763
11.7429637163877,0,2.5311483591795,0,0,0,0,0,2.16519510746002,0,0,0,0,0,0,0,27.9665315747261,14.9232035651803,390.677078388631,0,0,0,0,0,0,0,0,0,0,0,0,0,0,0,0,0,9.10572627186775,0,1.17301434278488,0,0,3.92851058393717,1195.36797620356,0,0,0.153920114040375,127.563546076417,0,179.817666523159,0,5.50100614875555,0,0,0,10.3850249648094,0,6.84746916592121,0,2.78441297262907,0,5.93742465227842,0,0.859156787395477,8.82833184301853,0,0,0,0,0,0,1.85280752182007,6.51396581530571,0,25.7421431392431,0,0,0,0,9.13368420302868,803.351855874062,2.30244652926922,39.3376937434077,230.812594242394,0,716.047966703773,0,28.8497399315238
0.834618970751762,172.18169772625,0.313597440719604,70.3466318026185,0,25.8136904686689,0,0,0,22.7480994910002,0,0,0,0,0,0,44.6527872234583,121.879357047379,1001.46855541319,7.46452167630196,0,0.146665468811989,0,0,0,0.258808821439743,0,0,0,0,0,0,0,1.94681131839752,0,90.374566949904,3.15401342511177,30.6095999479294,3.91236343979836,1611.02811354399,3.92851058393717,0,231.726771391928,17.3157807290554,0,375.318508863449,1.13380441069603,135.651166319847,5.74280850589275,638.6165606305,0,0,0,0,0,18.1275135055184,0,297.989394649863,0.735463738441467,20.8347273468971,0,99.2590064182878,171.055321626365,0,0,0,1.4505682438612,0,1.37846106290817,0,223.759771384299,0,512.463468752801,0,0,0,9.58710184693336,0,1212.50837276131,16.8229590058327,371.222640059888,9.34466072916985,2592.52273244411,31.3031883984804,1647.11382176727,106.972844041884,25.7219721674919
102.659476339817,2.26319479942322,36.9888129457831,0,0,0,0,0,18.6805712282658,0.0931238383054733,0,0,0,0,0,0,59.2640161961317,34.2662233039737,691.416777469218,0,2.79835891723633,0,0,0,0,0,0,0,0,0,0,0,0,0,1.92514896392822,1.44202140718699,77.1701444908977,0,88.8691824749112,4.2930224686861,1195.36797620356,231.726771391928,0,1.95849902927876,0.197880879044533,2.31056062877178,546.305937178433,248.140851512551,810.815468616784,4.50615337491035,29.4436399042606,0,0,0,33.5591042041779,0,145.754203036427,0,25.6014521643519,0,59.2303102687001,0,1.68261668086052,180.96098601073,0,0,0,0.984311863780022,0,0,0,79.3195279687643,4.04349873960018,484.25458651036,0,0,0,0.830809861421585,15.570564776659,1056.74808971584,6.48200613260269,364.330501370132,2152.5682258904,4.07010398805141,3075.60993473977,7.88357275724411,124.12812499702
0,0,0,0,0,0,0,0,0,0,0,0,0,0,0,0,0,0,0,0,0,0,0,0,0,0,0,0,0,0,0,0,0,0,0,0,0,0,0,0,0,17.3157807290554,1.95849902927876,0,0,0,0,0,0,0,0,0,0,0,0,0,0,0,0,0,0,0,0,0,0,0,0,0,0,0,0,0,0,0,0,0,0,0,0,0,0,0,9.67436489462852,0,0,0,0
0,0,0,0,0,0,0,0,0,0,0,0,0,0,0,0,0,0,2.11483466625214,0,0,0,0,0,0,0,0,0,0,0,0,0,0,0,0,0,0,0,0,0,0,0,0.197880879044533,0,0,0,0,0,0,0,0,0,0,0,0,0,0,0,0,0,0,0,0,0,0,0,0,0,0,0,0,0,0,0,0,0,0,0,0,0,0,0,6.63623344898224,0,0.102883122861385,0,0
0,1.75941689312458,0,1.03728926181793,0,0.863876461982727,0,0,0,0,0,0,0,0,0,0,21.9992284476757,40.5742020532489,307.145325131714,0,0,0,0,0,0,0,0,0,0,0,0,0,0,0,0,104.153845563531,0,62.1006022617221,0,94.9202095121145,0.153920114040375,375.318508863449,2.31056062877178,0,0,0,2.36250329017639,0,0,8.57726600766182,0,0.260072320699692,0,0,0,0,0,17.2537252530456,0,2.14409666508436,0,0.656683534383774,1387.16107416525,0,0,0,0,0,0.138189926743507,0,23.9033278748393,0,93.2341600880027,0,0,0,3.45005895197392,0,832.657947964966,2.98138706386089,337.653318881989,0,142.706133075058,0,252.501840546727,10.4605259001255,0
31.4360117465258,0,3.05085295438766,0,0,0,0,0,0,0,0,0,0,0,0,0,38.6659869477153,29.1463423967361,573.458265252411,0,0.279917776584625,0,0,0,0,0,0,0,0,0,0,0,0,0,0,0.803478732705116,255.581869639456,0,13.5455058515072,0.260993801057339,127.563546076417,1.13380441069603,546.305937178433,0,0,2.36250329017639,0,0,16.6025374382734,0,0.336458772420883,0,0,0,1.77269023656845,0,3.50831688940525,0,1.06354978680611,0,7.52121793478727,0,0,1585.15792830288,0,0,0,0,0,0,0,1.98883965611458,0,27.6618906334043,0,0,0,0,9.99379643797874,1265.20968851447,2.28439849615097,334.696914680302,245.621428370476,0,577.846892677248,0.215132981538773,8.52058582752943
11.6234217137098,5.34089896082878,0,0,0,0,0,0,0,0.213070914149284,0,0,0,0,0,0,0,0,0.462771162390709,0,0,0,0.238284289836884,0,0,0,0,0,0,0,0,2169.12164615095,1365.49722504616,3629.61679983139,2442.12015208602,105.737283036113,64.287880718708,1098.28953590989,638.891740828753,51.3188792467117,0,135.651166319847,248.140851512551,0,0,0,0,0,2660.58702535927,1398.35241694748,0,0,0,0,2.29093597829342,2.73767194151878,0.537721619009972,0,0,1.15274637937546,0,0.596578106284142,0,0,0,0.491087555885315,7.93422244489193,0.442684516310692,0,0,0,0,0,1.2526847422123,361.186768099666,122.228307396173,364.582667201757,218.386079132557,257.241561278701,720.893491707742,201.678455166519,1562.01597180963,736.525430187583,2.31885600090027,1019.22954401374,0,8.41380366683006
217.284985184669,0,57.5580026805401,0,0,0,0,0,14.5115467905998,0,0,0,0,0,0,0,8.5747636705637,5.66331330686808,89.243647262454,0,0,0,69.3578986227512,0,5.57452812790871,0,0,0,0,0,0,0,0,1.0581619143486,0,0,8.92140674591064,4.58612357079983,375.497643999755,0,179.817666523159,5.74280850589275,810.815468616784,0,0,0,16.6025374382734,2660.58702535927,0,130.627573728561,1.37526085972786,0,0,0,33.2661952674389,0.198923334479332,205.474869355559,0,75.6052808612585,0,81.5262512490153,0,0,5.36257848143578,0,86.7670846283436,0,5.0926122367382,0,0,0,15.9486773014069,0,56.5681688338518,0,0,0,39.8936422467232,1.36880469322205,160.765224382281,2.24786806106567,555.687070243061,250.811587311327,0,1372.60211356729,0,18.9889026284218
1.11163383722305,363.264248982072,0,120.680899292231,0,0,0,0,0,67.4498885720968,0,0,0,0,0,0,2.0324427485466,8.28487772494555,55.9148980006576,0,0,44.9585937708616,0,32.5884184539318,0,0,0,0,0,0,0,1.34163558483124,0,0,0,12.3658880889416,0,381.98507706821,1.65887339413166,271.555275514722,0,638.6165606305,4.50615337491035,0,0,8.57726600766182,0,1398.35241694748,130.627573728561,0,0,0,0,0,0.411383107304573,40.6614191681147,0,103.623173251748,0,45.5121118277311,0,69.9605220258236,35.8210932686925,0,119.097813665867,0,30.0856049060822,0,74.4179236143827,0,147.595343902707,0,154.451182603836,0.242100447416306,0,0,10.2702452540398,0,45.6883493289351,1.33642947673798,269.747664511204,2.36659267544746,562.202749952674,0.489444583654404,1607.50446674228,1.12333977222443,0
0,0,0,0,455.399307191372,0,15.0211805105209,0,0,0,0,0,0,0,0,0,0,0,0.812176011502743,0,56.6223474889994,0,0,0,0,0,0,0,0,0,0,0,0,0,0,0,31.3554309755564,0,0,0,5.50100614875555,0,29.4436399042606,0,0,0,0.336458772420883,0,1.37526085972786,0,0,0,4.13872915506363,0,5.58441632986069,0,125.279448628426,0,53.3742720484734,0,0,0,0,229.237344458699,0,0,0,0,0,0,0,0,0,0.771539956331253,0,0,0,0,0,6.35524000227451,0,4.72605508565903,63.5065200775862,0.805802315473557,240.384549207985,0,0.271210610866547
0,0,0,0.275722563266754,0,565.976714119315,0,2,0,0,0,1.12840974330902,0,0,0,0,0,0,0,0,0,0,0,0,0,0,0,0,0,0,0,0,0,0,0,15.9997512996197,0,0,0,1.01643848419189,0,0,0,0,0,0.260072320699692,0,0,0,0,0,0,0,56.6221274137497,0,0,0,49.7424593865871,0,0.538059592247009,0,0,45.1204774081707,0,0,0,0,0,0,0,0,0,0,0,0,0,0,0,3.47150398790836,0,0,0,276.627445951104,4.79357293248177,42.449028134346,0,0
0,0,0,0,0,0,76.6537673175335,0,0,0,0,0,0,0,0,0,0,0,0,0,21.2667526304722,0,0,0,0,0,0,0,0,0,0,0,0,0,0,0,0,0,0,0,0,0,0,0,0,0,0,0,0,0,4.13872915506363,0,0,0,0,0,198.666480094194,0,5.31034779548645,0,0,0,0,43.5421014428139,0,0,0,0,0,0,0,0,0,0,0,0,0,0,0,0,0,0,103.807473659515,20.9832289218903,0,0,0
0,0,0,0,0,0,0,174.153506159782,0,0,0,0,0,0,0,0,0,0,0,0,0,0,0,0,0,0,0,0,0,0,0,0,0,0,0,0,0,0,0,0,0,0,0,0,0,0,0,0,0,0,0,56.6221274137497,0,0,0,0,0,277.993903815746,0,0,0,0,0,0,0,0,0,0,0,0,0,0,0,0,0,0,0,0,0,0,0,0,43.0735807418823,0,0,0,0
229.639278948307,0,1.44164863228798,0,0,0,0,0,653.97662371397,0,0,0,0,0,1.56635344028473,0,0,0,3.30291562527418,0,1.05645024776459,0,0,0,84.3039346337318,0,0,0,0,0,0,0,0,0,0,0,2.76007706671953,0,17.9646170437336,0,10.3850249648094,0,33.5591042041779,0,0,0,1.77269023656845,2.29093597829342,33.2661952674389,0.411383107304573,5.58441632986069,0,0,0,0,0,1.14238007366657,0,1.30943298339844,0,116.972801804543,0,0,2.38714826107025,0,0,0,449.359529167414,0,0,0,0,0,3.03578114509583,0,0,0,0,0,5.5094627737999,0.207045629620552,193.381208315492,7.26114922761917,0,97.4529020637274,0,0.394545465707779
0.325271606445312,217.311783730984,0,81.9577800631523,0,0,0,0,0,869.245039090514,0,0,0,0,0,16.7313677370548,0,0,0,0,0,0,0,6.46368607878685,0,0,0,0,0,0,0,0,0,0,0,0.23511415719986,0,18.2035190016031,0.912767872214317,0.938672438263893,0,18.1275135055184,0,0,0,0,0,2.73767194151878,0.198923334479332,40.6614191681147,0,0,0,0,0,0,0,0.401435613632202,0,0,0,282.305473715067,0,0,0,0,257.53178049624,0,0,0,0,0,1.35937187075615,0,0,0,0,0,0,0,61.107889175415,1.64430247247219,67.9000358432531,28.3204269111156,39.9395437389612,0,0
5.61761900782585,0,5.62812016904354,0,0,0,12.053734600544,0,5.49268111586571,0,2720.01743130386,0,0,0,0,0,1.27779312431812,0.859318152070045,4.23437933623791,0,461.262570410967,0,0,0,0,0,0,0,0,0,50.5000457018614,0,0,0,0,0,189.988503694534,0,366.993833974004,0,6.84746916592121,0,145.754203036427,0,0,0,3.50831688940525,0.537721619009972,205.474869355559,0,125.279448628426,0,198.666480094194,0,1.14238007366657,0,0,0,212.511624619365,0,7.58614215254784,0,0,626.795552633703,0,0,0,0,0,0,0,12.9444461762905,0,340.278448037803,0,0,0,0,0,14.8333195075393,0.201858282089233,75.5893884301186,48.7828889414668,1.20860406756401,535.825137719512,0,2.08496707677841
0,1.09258730709553,0,71.127043992281,0,0,0,69.5785340964794,0,4.25223675370216,0,1802.39911092818,0,15.747846364975,0,0,0,0,7.08888176083565,469.772195249796,0,0,0,0.598093092441559,0,0,0,0,0,2.26054808497429,0,0,0,0,0,61.4393298625946,0,71.4566823840141,0,1.5373216047883,0,297.989394649863,0,0,0,17.2537252530456,0,0,0,103.623173251748,0,49.7424593865871,0,277.993903815746,0,0.401435613632202,0,0,0,440.532904222608,0,30.5620125830173,236.662144303322,0,0,0,0,0,13.4199746698141,0,263.844161182642,0,1066.45780222118,0,0,0,0,0,3.55354224890471,0,43.7743296474218,0,111.562554508448,1.09896051883698,771.416623137891,0,0
1.99982592463493,0,5.26660595834255,0,0,0,255.714997947216,0,0,0,1459.06919252872,0,758.730573534966,0,0,0,0,0,0.42214697599411,0,9.80411896109581,0,0,0,0,0,0,0,96.7884140014648,0,0,0,0,0,0,0,8.44829318672419,0,1.2778223156929,0,2.78441297262907,0.735463738441467,25.6014521643519,0,0,0,1.06354978680611,0,75.6052808612585,0,53.3742720484734,0,5.31034779548645,0,1.30943298339844,0,212.511624619365,0,0,0,119.881383046508,0,0,28.878347620368,0,0,0,0,0,0,0,0.77848969399929,0,4.82427103817463,0,0,0,0,0,5.40412297099829,0,3.67147088050842,171.301387168467,10.8736971616745,278.485014416277,0,0.153461933135986
0,3.73670187592506,0,75.5964979380369,0,0,0,67.0806753635406,0,1.92931473255157,0,320.41001033783,0,1171.95289990306,0,6.07819163799286,0,0,0,0,0,0,0,0,0,0,0,62.6881195902824,0,0,0,0,0,0,0,2.80714404582977,0,1.08881393074989,0,0.564429819583893,0,20.8347273468971,0,0,0,2.14409666508436,0,1.15274637937546,0,45.5121118277311,0,0.538059592247009,0,0,0,0,0,440.532904222608,0,0,0,101.067420646548,8.75017704814672,0,0,0,0,0.205802351236343,56.3176322281361,0,40.9072967469692,0,2.13990046083927,0,0,0,0,0,0.301231533288956,0,2.66556963324547,0.373998045921326,34.9780198037624,18.6738062724471,134.13586550951,0,0
3.30525821447372,0,11.2579300701618,0,0,0,0,0,348.497885510325,0,0,0,118.248886287212,0,166.446377396584,0,0,0.0927335843443871,0.350150525569916,0,5.90733197331429,0,0,0,0,0,0,0,0,0,0,0,0,0,0,0,14.1368697732687,0,2.86773818731308,0,5.93742465227842,0,59.2303102687001,0,0,0,7.52121793478727,0,81.5262512490153,0,0,0,0,0,116.972801804543,0,7.58614215254784,0,119.881383046508,0,0,0,0,8.20331935584545,0,0,0,0,0,38.0022152364254,0,1.22389550507069,0,28.1186466068029,0,0,0,0,0,19.9281700402498,0,28.9779370203614,8.76301088929176,0.184212252497673,152.7647344172,0,0.465795367956161
0,0.426584646105766,0,120.428880438209,0,0,0,0,0,504.774170085788,0,0,0,16.6251544952393,0,155.948783308268,0,1.76964843273163,0.872347682714462,0,0,0,0,30.77593511343,0,27.2968755960464,0,0,0,0,0,0,0,0,0,6.62733741104603,0,1.12448793649673,0,8.38182903826237,0,99.2590064182878,0,0,0,0.656683534383774,0,0.596578106284142,0,69.9605220258236,0,0,0,0,0,282.305473715067,0,30.5620125830173,0,101.067420646548,0,0,0.242124274373055,0,0,0,0,0,71.7027002871037,0,3.94999372959137,0,10.2280488759279,0,0,0,0,0,5.06793116778135,0,7.28489811718464,0,51.6287069320679,1.8939927443862,194.564478836954,0,0
0,0.509382009506226,0,0.788122832775116,0,1.4056584239006,0,0,0,0.401406019926071,0,12.1692894399166,0,0,0,0,2.20196425914764,8.58656115084887,142.180810250342,830.594526380301,0,0,0,0,0,0,0,0,0,0,0,0,0,0,0,1198.48981490731,0,258.542832218111,0,11.8706789463758,0.859156787395477,171.055321626365,1.68261668086052,0,0,1387.16107416525,0,0,0,35.8210932686925,0,45.1204774081707,0,0,0,0,0,236.662144303322,0,8.75017704814672,0,0.242124274373055,0,2.22447824478149,0,0,0,0,0.420253723859787,0,39.9127961322665,0,631.424930520356,0,0,0,0,0,598.744324669242,0.335735619068146,1423.74446855485,0.968300521373749,166.534942947328,0,652.591337777674,0.148464754223824,3.3593327999115
1.4309207201004,0,0.17062996327877,0,0,0,0.933899879455566,0,0,0,0,0,0,0,0,0,5.28534436225891,2.63507972657681,126.896314010024,0,1457.4938544929,0,0,0,0,0,0,0,0,0,0,0,0,0,0,1.1899676322937,1780.18724668026,0,234.944755785167,1.08618915081024,8.82833184301853,0,180.96098601073,0,0,0,1585.15792830288,0,5.36257848143578,0,229.237344458699,0,43.5421014428139,0,2.38714826107025,0,626.795552633703,0,28.878347620368,0,8.20331935584545,0,2.22447824478149,0,0,0,0,0,0,0,0,0,0,63.1765296980739,0,0,0,0,0.696002542972565,748.693324796855,0,1024.67017292231,152.786656171083,0,1411.87052912265,0,0.815179541707039
0,0,0,0,0,0,0,0,0,0.380422592163086,0,0,0,0,0,0,0.83381712436676,32.4764396846294,0,0,0,8048.55866578221,0,334.870715379715,0,1.79020524024963,0,71.7863739430904,0,0,0,0,0,0,0,0,0,931.376332014799,0,0,0,0,0,0,0,0,0,0,0,119.097813665867,0,0,0,0,0,0,0,0,0,0,0,0,0,0,0,0,105.567340388894,0,94.8214567303658,0,219.956335365772,0,0,0,0,0,0,0,0,0,437.277239963412,0.557099401950836,696.481349393725,33.4391924142838,0,0,0
0,0,0,0,0,0,0,0,0,0,0,0,0,0,0,0,0,0,0,0,0,20.8114589452744,9332.94823145866,0,173.176376014948,0,0,0,124.675005316734,0,0,0,0,0,0,0,0,0.487520039081573,1091.52392610908,0,0,0,0,0,0,0,0,0.491087555885315,86.7670846283436,0,0,0,0,0,0,0,0,0,0,0,0,0,0,0,0,0,0,135.838932067156,0,243.449948251247,0,251.423861294985,0,0,0,0,0,0,0,0,0.831519991159439,354.149954378605,658.460638433695,141.127852499485,0,0,0
0.777224034070969,0,0,0,0,0,0,0,0,65.3918128162622,0,0,0,0,0,0,0,1.35130363702774,0,0,0,89.4595892727375,0,836.950455784798,0,1,0,0,0,0,0,0,0,0,0,0,0,576.216844558716,2.65996846556664,0,0,1.4505682438612,0,0,0,0,0,7.93422244489193,0,30.0856049060822,0,0,0,0,0,257.53178049624,0,0,0,0,0,0,0,0,105.567340388894,0,0,0,21.5899374186993,0,0,0,0,0,0,0,1.39434731006622,0,0,0,159.48497864604,5.60864613950253,24.7827699929476,0.272902071475983,38.7534766197205,0,0
0,0,0,0,0,0,0,0,3.7753838300705,0,0,0,0,0,0,0,1.53935062885284,0,0,0,0,0,135.201591044664,0,170.832014083862,0,0.562388360500336,0,0,0,0,0,0,0,0,0,0,0.390700459480286,654.455822467804,0,0,0,0.984311863780022,0,0,0,0,0.442684516310692,5.0926122367382,0,0,0,0,0,449.359529167414,0,0,0,0,0.205802351236343,0,0,0,0,0,135.838932067156,0,0,0,12.6914151310921,0,0,0,0,0,0,0,0,0,0,0,157.577408015728,31.602977514267,0,5.8817322999239,0,0
0,0,0,0,0,0,0,0,0,24.5877211093903,0,0,0,0,0,0,0,95.2265129089355,0,0,0,34.9920272827148,0,961.614863649011,0,83.0539573729038,0,42.6325060129166,0,0,0,0,0,0,0,0,0,0,0,0,0,1.37846106290817,0,0,0,0.138189926743507,0,0,0,74.4179236143827,0,0,0,0,0,0,0,13.4199746698141,0,56.3176322281361,0,71.7027002871037,0.420253723859787,0,94.8214567303658,0,21.5899374186993,0,0,0,560.231522262096,0,0,0,0,0,0,0,0,0,1.43099734187126,0,90.5505383908749,0,5.36402036249638,0,0
0,0,0,0,0,0,0,0,0,0,0,0,9.48289966583252,0,37.6963641941547,0,0,0,0,0,0,0,13.5860079526901,0,660.624295443296,0,117.744159728289,0,0.95773983001709,0,0,0,0,0,0,0,0,0,0,0,0,0,0,0,0,0,0,0,0,0,0,0,0,0,0,0,0,0,0,0,38.0022152364254,0,0,0,0,243.449948251247,0,12.6914151310921,0,0,0,20.7661859691143,0,0,0,0,0,0,0,0,0,0,2.09559988975525,0,0,0,0
0,3.02931180596352,0,1.26333248615265,0,0,0,0,0,12.0767723023891,0,17.5022549629211,0,25.9367290735245,0,0,0,0,3.80123153328896,0,0,3.54009196162224,0,0,0,0,0,1521.53035591543,0,167.180336639285,0,0,0,0,0,0.910854995250702,0,0.664280861616135,0,1.77762374281883,1.85280752182007,223.759771384299,0,0,0,23.9033278748393,0,0,0,147.595343902707,0,0,0,0,0,0,0,263.844161182642,0,40.9072967469692,0,3.94999372959137,39.9127961322665,0,219.956335365772,0,0,0,560.231522262096,0,0,0,78.820828050375,0,0,0,0,0,1.89138979464769,0,28.0878236144781,0,297.180883280933,179.932601600885,179.05769405514,0,0
0.460576444864273,0,0.39367501437664,0,0,0,0,0,4.27413123846054,0,51.1193453967571,0,36.8551073074341,0,0,0,0.176171749830246,0,0.746480226516724,0,0,0,37.440753787756,0,0,0,22.7940436303616,0,1512.64732913673,0,437.207496166229,0,0,0,0,0,0,0,519.415989801288,0,6.51396581530571,0,79.3195279687643,0,0,0,1.98883965611458,0,15.9486773014069,0,0,0,0,0,0,0,12.9444461762905,0,0.77848969399929,0,1.22389550507069,0,0,0,0,251.423861294985,0,0,0,20.7661859691143,0,0,0,74.5468914806843,0,0,0,0,0,2.38684601336718,0,429.607543215156,240.648952886462,267.119401946664,50.7801762372255,0,0
0,3.33284701406956,0,87.7910980284214,0,0,0,0,0,5.25220733880997,0,507.98037981987,0,0,0,0,4.24775242805481,10.2844587787986,104.290241062641,1.47106942534447,0,0,0,0,0,0,0,2.1028518974781,0,692.479196995497,0,0,0,0,0,7.73035906255245,0,1100.406704247,0,9.51108857989311,0,512.463468752801,4.04349873960018,0,0,93.2341600880027,0,0,0,154.451182603836,0,0,0,0,0,1.35937187075615,0,1066.45780222118,0,2.13990046083927,0,10.2280488759279,631.424930520356,0,0,0,0,0,0,0,78.820828050375,0,0,0,0,0,0,0,80.1900835260749,0.561144091188908,183.50276055187,1.62419463694096,795.274809412658,22.8832702189684,296.826744437218,0,0.137801945209503
20.4069637805223,0,23.3889108151197,0,0,0,0,0,16.3809446841478,0,638.155205182731,0,0,0,0,0,9.7988770455122,3.51071467995644,93.8455864191055,0,0,0,0,0,0,0,0,0,0,0,1414.51877319813,0,0,0,0,0,1.79034294188023,0,1461.94116677344,3.09238065779209,25.7421431392431,0,484.25458651036,0,0,0,27.6618906334043,1.2526847422123,56.5681688338518,0.242100447416306,0.771539956331253,0,0,0,3.03578114509583,0,340.278448037803,0,4.82427103817463,0,28.1186466068029,0,0,63.1765296980739,0,0,0,0,0,0,0,74.5468914806843,0,0,0,0,0,0,0,28.3415583372116,0,281.941493436694,467.312094695866,0,760.36085267365,0,2.94673125445843
0,0,0,0,0,0,0,0,0,0,0,0,0,0,0,0,0,0,0,0,0,0,0,0,0,0,0,0,0,0,0,574.090190306306,10.9181269407272,0,0,167.255462020636,57.7540002465248,0,0,0,0,0,0,0,0,0,0,361.186768099666,0,0,0,0,0,0,0,0,0,0,0,0,0,0,0,0,0,0,0,0,0,0,0,0,0,0,0,75.9013472795486,710.442641228437,0,340.549077183008,6.96911633014679,0,0,226.451557636261,0,0,0,0
0,0,0,0,0,0,0,0,0,0,0,0,0,0,0,0,0,0,0,0,0,0,0,0,0,0,0,0,0,0,0,78.1895238310099,281.770044177771,0,0,0,221.015498667955,0,0,0,0,0,0,0,0,0,0,122.228307396173,0,0,0,0,0,0,0,0,0,0,0,0,0,0,0,0,0,0,0,0,0,0,0,0,0,0,75.9013472795486,0,0,204.052452504635,2.58546420931816,345.251542657614,0,0,207.080121994019,0,0,0,0
0,0,0,0,0,0,0,0,0,0,0,0,0,0,0,0,2.82371559739113,1.38870570063591,15.2824030220509,0,0,3.42890757322311,0,0.686253935098648,0,0,0,0,0,0,0,0,0,1712.73762562871,391.133132532239,573.550891578197,0,93.7114989757538,21.2803768962622,0,0,9.58710184693336,0,0,0,3.45005895197392,0,364.582667201757,0,10.2702452540398,0,0,0,0,0,0,0,0,0,0,0,0,0,0,0,0,1.39434731006622,0,0,0,0,0,0,0,710.442641228437,0,0,359.293587565422,904.217557251453,1.36403942108154,704.394330464303,4.03715921938419,233.449785098433,7.24641206860542,7.31096301972866,1.19158244132996,0
0,0,0,0,0,0,0,0,0,0,0,0,0,0,0,0,0,0.116814069449902,0.596716433763504,0,0,0,0,0,0,0,0,0,0,0,0,0,31.8215466737747,785.738974824548,1961.38521069288,0,1057.64940045774,1.09348404407501,509.356189116836,0,0,0,0.830809861421585,0,0,0,0,218.386079132557,39.8936422467232,0,0,0,0,0,0,0,0,0,0,0,0,0,0,0,0,0,0,0,0,0,0,0,0,0,0,204.052452504635,359.293587565422,0,0,936.426808439195,0,876.975494623184,200.269217446446,3.01841157674789,0,0,0
