0,0,0.196902169393371,0,0.250388274590174,0,0,0,0.151957020214567,0,0,0,0,0,0.20185261964798,0,0.326534390449524,0,0.316815479686766,0,0,0,0,0,0,0,0,0,0,0,0,0,0,0,0,0,0,0,0,0,0.242949396371841,0,0.377103709122714,0,0,0,0,0,0.192145346810943,0,0.22994399368763,0,0,0,0.19378815737686,0,0.32069077184706,0,0,0,0.156804051736127,0,0,0.347838848829269,0,0,0,0,0,0,0,0,0,0.267356216907501,0,0,0,0,0,0.333716034889221,0,0.373337149620056,0.254654417135204,0,0.268358010061355,0,0.270192950963974
0,0,0,0.209648210367392,0,0,0,0,0,0.159336389346638,0,0,0,0.171537987887859,0,0.188884350657463,0.269517800211906,0.27553300346647,0.338283362371537,0,0,0,0,0.238562177866697,0,0,0,0,0,0,0,0,0,0,0,0,0,0.239591078723178,0,0.413128981223473,0.211007982492447,0.328841478498869,0,0,0,0.309210498901931,0.330340996384621,0,0,0.24670831680384,0,0,0,0,0,0.186535850480617,0,0.30974129140377,0,0.201075518420383,0,0.179957123854616,0.391601203303588,0,0,0,0,0,0,0,0,0,0.351052458797182,0,0,0,0,0,0.375044365061654,0.310766339302063,0.418556569019953,0.265793869892756,0.275807833000449,0.2648895829916,0.34624149764198,0,0
0.196902169393371,0,0,0,0.187198791652918,0,0,0,0.128092500870027,0,0,0,0,0,0,0,0,0,0.233629348129034,0,0,0,0,0,0,0,0,0,0,0,0,0,0,0,0,0,0.145890526473522,0,0,0,0.241538456330697,0.249691590666771,0.271519811634185,0,0.246962152421474,0,0.219416346965414,0,0.16667669304057,0,0.219329731028245,0,0,0,0.154224845427501,0,0.23421414817373,0,0.255520517528057,0,0,0,0,0.232097286731005,0,0,0,0,0,0,0,0,0,0.239554807543755,0,0,0,0,0,0.300668652568545,0,0.268564450244109,0.201442343293311,0,0.226341839350716,0,0.204365301538597
0,0.209648210367392,0,0,0,0.123422736069188,0,0,0,0.156396351577271,0,0,0,0,0,0,0,0.224918052554131,0.29935342669487,0.16127485781908,0,0,0,0,0,0,0,0,0,0,0,0,0,0,0,0.144216298311949,0,0.233391731977463,0,0.23474694788456,0,0.247244248459162,0,0.236421547830105,0,0.209741885560315,0,0.215811863541603,0.235304355621338,0.205392847926333,0,0.16846676915884,0,0,0,0.176963476257192,0,0.252028492061382,0,0.200728894935714,0,0.207817047834396,0.222839259757445,0,0,0,0,0,0,0,0,0,0.273776786029339,0,0,0,0,0,0.235951223011528,0,0.29156094789505,0,0.152465115025727,0,0.211721730532056,0.204518042504787,0
0.250388274590174,0,0.187198791652918,0,0,0,0,0,0.10331796358029,0,0,0,0,0,0.140699103474617,0,0.217564508318901,0,0.222026312351227,0,0.203059321274282,0,0,0,0,0,0,0,0,0,0,0,0,0,0,0,0.167213600946636,0,0,0,0.23017304284232,0,0.229220129264162,0,0.247478261590004,0,0.213813535869122,0.229244217276573,0.223626744566542,0,0.214888351454454,0,0,0,0,0,0.218137404322624,0,0.177054788172245,0,0,0,0,0.228368253509204,0,0,0,0,0,0,0,0,0,0,0,0,0,0,0,0.238491252064705,0,0.251553416252136,0.179188641948976,0.139744275382587,0.192469251097549,0,0.202875423431396
0,0,0,0.123422736069188,0,0,0,0.313417911529541,0,0.219145521521568,0,0,0,0.220521077513695,0,0,0,0,0,0.154203459367914,0,0,0,0,0,0,0,0,0,0,0,0,0,0,0,0.149812087416649,0,0,0,0,0,0.218956142663956,0,0,0,0,0,0,0,0.189083009958267,0,0.178904579041662,0,0.163851361721754,0,0,0,0.169658970591184,0,0.199356087616512,0,0,0,0,0,0,0,0,0,0,0,0,0,0,0,0,0,0,0,0,0,0,0.164004481796707,0.184769142905007,0.165088217258453,0,0
0,0,0,0,0,0,0,0,0,0,0,0,0,0,0,0,0,0,0,0,0,0,0,0,0,0,0,0,0,0,0,0,0,0,0,0,0,0,0,0,0,0,0,0,0,0,0,0,0,0,0,0,0.23688867688179,0,0,0,0,0,0,0,0,0,0,0,0,0,0,0,0,0,0,0,0,0,0,0,0,0,0,0,0,0,0.151678241269533,0,0,0,0
0,0,0,0,0,0.313417911529541,0,0,0,0,0,0,0,0.124419989685218,0,0,0,0,0,0.13371446419437,0,0,0,0,0,0,0,0,0,0,0,0,0,0,0,0,0,0,0,0,0,0,0,0,0,0,0,0,0,0,0,0.178462532739485,0,0.172797789627855,0,0,0,0.172871738672256,0,0.127451693018277,0,0,0.147631354629993,0,0,0,0,0,0,0,0,0,0,0,0,0,0,0,0,0,0,0,0.16986586992768,0.178725086152554,0.144291922450066,0,0
0.151957020214567,0,0.128092500870027,0,0.10331796358029,0,0,0,0,0,0,0,0,0,0.186858427524567,0,0.1864785551518,0.170334152877331,0,0,0,0,0,0,0.191061655407424,0,0.167100286909512,0,0,0,0,0,0,0,0,0,0,0,0.218596674087975,0,0,0,0.244575197020402,0,0,0,0.310795146226883,0,0.152336979339666,0,0.187663868069649,0,0,0,0.179473855154727,0,0.22583107277751,0,0.279527023434639,0,0.184327664875215,0,0,0.300044909119606,0,0,0,0.2053578744332,0,0.183548640459776,0,0,0,0,0,0,0,0,0,0.301548108458519,0,0.266435127705336,0.207121513363833,0.237188798779996,0.20331974119117,0,0
0,0.159336389346638,0,0.156396351577271,0,0.219145521521568,0,0,0,0,0,0,0,0,0,0.175134554505348,0,0.184141325453917,0.351306289434433,0,0,0,0,0.198770438767459,0,0.177753910181984,0,0,0,0,0,0,0,0,0,0,0,0.221378821095354,0,0,0,0.198838636279106,0,0,0,0,0,0,0,0.226222326979041,0,0,0,0,0,0.166492179774663,0,0.299351764576776,0,0,0,0.192783689174963,0,0,0,0,0.250334553420544,0,0.183595970273018,0,0,0,0,0,0,0,0,0,0.314519852399826,0,0.250452941904465,0,0.200910751688463,0.1882486998414,0.242291152836329,0,0
0,0,0,0,0,0,0,0,0,0,0,0,0.160690469421306,0,0,0,0,0,0,0,0.136556385636453,0,0,0,0,0,0,0,0.17319647371769,0,0.196188896894455,0,0,0,0,0,0,0,0.141272146036422,0,0,0,0,0,0,0,0,0,0,0,0,0,0.194088836510976,0,0,0,0.154887383396453,0,0.178544657046978,0,0,0,0,0.169687138027266,0,0,0,0,0,0,0,0.176403495972439,0,0.176515654793807,0,0,0,0,0,0.128866598010063,0,0.119267573410814,0.119815999055764,0.22596426992803,0,0,0
0,0,0,0,0,0,0,0,0,0,0,0,0,0.1589015947225,0,0,0,0,0,0.132435387967964,0,0,0,0,0,0,0,0,0,0.214994231363138,0,0,0,0,0,0.140980874525977,0,0.12928165516683,0,0,0,0,0,0,0,0,0,0,0,0,0,0.172955324252447,0,0.172976746090821,0,0,0,0.185691809816555,0,0.173350483253412,0,0,0.130694002372684,0,0,0,0,0,0,0,0,0,0.180768962701162,0,0,0,0,0,0,0,0,0,0.14590138811004,0,0,0,0
0,0,0,0,0,0,0,0,0,0,0.160690469421306,0,0,0,0.137425310633801,0,0,0,0,0,0,0,0,0,0,0,0,0,0,0,0,0,0,0,0,0,0,0,0,0,0,0,0,0,0,0,0,0,0,0,0,0,0,0,0,0,0.162290062097942,0,0.130935766104911,0,0.13395793363452,0,0,0,0,0,0,0,0,0,0,0,0,0,0,0,0,0,0,0,0,0,0.164638120556871,0.194146769742171,0,0,0
0,0.171537987887859,0,0,0,0.220521077513695,0,0.124419989685218,0,0,0,0.1589015947225,0,0,0,0.162454756188024,0,0,0,0,0,0,0,0,0,0.161538746953011,0,0,0,0,0,0,0,0,0,0,0,0,0,0,0,0,0,0,0,0,0,0,0,0,0,0.239905083818095,0,0,0,0,0,0.124626107513905,0,0.206234669090646,0,0.16947215742676,0,0,0,0,0,0,0.151148135463397,0,0,0,0,0,0,0,0,0,0,0,0,0,0.251303695568017,0.188156003504992,0.251776248216629,0,0
0.20185261964798,0,0,0,0.140699103474617,0,0,0,0.186858427524567,0,0,0,0.137425310633801,0,0,0,0.138954368233681,0,0,0,0,0,0,0,0,0,0.165496939944254,0,0,0,0,0,0,0,0,0,0,0,0,0,0,0,0,0,0,0,0,0,0,0,0.143853213638067,0,0,0,0.150015068985522,0,0,0,0.220230604211489,0,0.147895828725022,0,0,0,0,0,0,0,0,0.280274890363216,0,0,0,0,0,0,0,0,0,0,0,0,0.171921011334085,0.226903368631999,0,0,0
0,0.188884350657463,0,0,0,0,0,0,0,0.175134554505348,0,0,0,0.162454756188024,0,0,0,0.160152508627351,0,0,0,0,0,0,0,0,0,0.146493340531985,0,0,0,0,0,0,0,0,0,0,0,0,0,0,0,0,0,0,0,0,0,0.186572313308716,0,0,0,0,0,0.165297881582001,0,0,0,0.180305828457464,0,0.198046043326583,0,0,0,0,0,0,0,0,0,0,0,0,0,0,0,0,0,0,0,0,0.185791229975692,0.185982873908771,0,0,0
0.326534390449524,0.269517800211906,0,0,0.217564508318901,0,0,0,0.1864785551518,0,0,0,0,0,0.138954368233681,0,0,0.165387601346208,0.210609870454294,0,0,0,0.125794511820589,0.161386294497384,0.159411766741535,0,0.105855247347939,0,0,0,0,0,0,0,0,0,0,0,0,0.272184689342976,0.262602434959263,0.23211929500103,0.227224506105971,0.23183922842145,0.254414960741997,0.274411370908772,0.260152977566386,0,0,0.24781346321106,0,0,0,0,0,0,0.270611760020256,0,0,0,0.154872726826441,0,0.234631836414337,0.313480553718714,0,0,0,0,0,0,0,0,0,0.270412219067415,0,0,0,0,0.304628016693251,0.298755643635812,0.296669900417328,0.312191270497622,0.201745047514584,0.146624745529587,0.278790645361083,0,0.222889504213443
0,0.27553300346647,0,0.224918052554131,0,0,0,0,0.170334152877331,0.184141325453917,0,0,0,0,0,0.160152508627351,0.165387601346208,0,0.218462826383911,0,0,0.14308651369065,0,0.183602771211055,0.183041434486707,0.157065430166736,0,0.148620638996363,0,0,0,0,0,0,0,0,0,0,0,0.282323600875365,0.229493089020252,0.241509308799719,0.225506203119145,0.246540133071982,0.23485060848973,0.278530294836407,0.24791909356912,0,0,0.264534026384354,0,0,0,0,0,0,0,0,0,0,0,0,0.273000600934029,0.270567685365677,0,0,0,0,0.178503118270072,0,0,0,0,0.261696934700012,0,0,0,0,0.309211074880191,0.288230054435276,0.298363149166107,0.280590059856574,0.193319277010259,0.153535630699234,0.26916746512308,0.240308841069539,0.233477506500024
0.316815479686766,0.338283362371537,0.233629348129034,0.29935342669487,0.222026312351227,0,0,0,0,0.351306289434433,0,0,0,0,0,0,0.210609870454294,0.218462826383911,0,0,0,0,0,0.187690477286066,0.208426351348559,0,0,0,0,0,0,0,0,0,0,0,0,0,0,0.262326678481075,0.258538780022301,0.192023003396791,0.191463507775568,0.201838625156427,0.217786024046833,0.274411417904624,0.276300716841771,0,0.294436200211446,0.267794837355614,0,0,0,0,0,0,0.269629472400993,0.302469027571772,0,0,0,0,0.310194372015745,0.305188426224967,0,0,0,0,0,0,0,0,0.314819016373984,0.284563994925955,0,0,0,0,0.325116229547339,0.315823594487732,0.363536737597825,0.324177811871887,0.209387269288457,0.210919347938282,0.287745084407731,0.193800157692891,0.197224802478066
0,0,0,0.16127485781908,0,0.154203459367914,0,0.13371446419437,0,0,0,0.132435387967964,0,0,0,0,0,0,0,0,0,0,0,0,0,0,0,0,0,0,0,0,0,0,0,0.15625838936764,0,0.155333974731053,0,0.186655923724174,0,0.215366348624229,0,0,0,0,0,0,0,0.188135758042336,0,0.161148428916931,0,0.152156804043513,0,0,0,0.145268296003342,0,0,0,0,0.177031069774838,0,0,0,0,0,0,0,0,0,0,0,0,0,0,0,0.157934217211211,0,0.142434584418523,0,0.156237046188507,0,0.173955402216491,0,0
0,0,0,0,0.203059321274282,0,0,0,0,0,0.136556385636453,0,0,0,0,0,0,0,0,0,0,0,0,0,0,0,0,0,0,0,0,0,0,0,0,0,0.160764901493152,0,0.159399463458264,0,0,0,0,0,0,0,0.181039363145828,0.230078518390656,0.215842559933662,0,0.236731371283531,0,0,0,0,0,0.152020616354523,0,0,0,0,0,0,0.146783613956699,0,0,0,0,0,0,0,0,0,0,0,0,0,0,0,0.149178135172263,0,0.177067669906787,0.14787458277215,0,0.177951631328416,0,0
0,0,0,0,0,0,0,0,0,0,0,0,0,0,0,0,0,0.14308651369065,0,0,0,0,0.106244111915984,0.148726014234126,0,0.20231685300286,0,0.151453807709679,0,0,0,0,0,0,0,0,0,0.222803481659185,0.140888060132662,0,0,0,0,0,0,0,0,0,0,0.460446238517761,0,0,0,0,0,0,0,0,0,0,0,0,0,0,0.180053122357,0.0925874743037499,0.159890898459014,0,0.198402790271718,0,0.211129436028652,0,0,0,0,0,0,0,0,0,0.386510449627315,0,0.160794890234902,0.170904920197144,0,0,0
0,0,0,0,0,0,0,0,0,0,0,0,0,0,0,0,0.125794511820589,0,0,0,0,0.106244111915984,0,0,0.162378087639809,0,0,0,0.146010272204876,0,0,0,0,0,0,0,0,0,0.2745497311155,0,0,0,0,0,0,0,0,0.474841399325265,0,0,0,0,0,0,0,0,0,0,0,0,0,0,0,0,0.100896702068193,0.165166187881697,0,0.164952392761524,0,0,0,0,0,0,0,0,0,0,0,0,0,0.271550215506923,0.192373117142253,0.184570859118979,0,0,0
0,0.238562177866697,0,0,0,0,0,0,0,0.198770438767459,0,0,0,0,0,0,0.161386294497384,0.183602771211055,0.187690477286066,0,0,0.148726014234126,0,0,0,0.203982651441045,0,0,0,0,0,0,0,0.18834488093853,0,0,0,0.205416133006414,0,0,0,0,0,0,0,0,0,0,0,0.258823770284653,0,0,0,0,0,0.249703256442802,0,0,0,0,0,0,0,0,0.122352154831393,0,0.175189900879702,0,0.196364317668149,0,0,0,0,0,0,0,0.237006987134616,0,0,0,0.223588063243108,0,0.169059123671511,0,0.252379410323643,0,0
0,0,0,0,0,0,0,0,0.191061655407424,0,0,0,0,0,0,0,0.159411766741535,0.183041434486707,0.208426351348559,0,0,0,0.162378087639809,0,0,0,0.204772111761021,0,0,0,0,0,0,0,0,0,0,0,0.18778764725721,0,0,0,0,0,0,0,0,0,0,0,0,0,0,0,0.194082673717212,0,0.242707450475012,0,0.275843462269557,0,0.232983675971627,0,0,0.307097136974335,0,0.15448901520835,0,0.169468895409249,0,0.195683713035904,0,0.287743665277958,0,0,0,0,0,0,0,0,0,0.246477489331455,0.214053672292958,0,0.175001518292861,0,0
0,0,0,0,0,0,0,0,0,0.177753910181984,0,0,0,0.161538746953011,0,0,0,0.157065430166736,0,0,0,0.20231685300286,0,0.203982651441045,0,0,0,0.168003071550888,0,0,0,0,0,0,0,0,0,0,0,0,0,0,0,0,0,0,0,0,0,0,0,0,0,0,0,0.191573664004152,0,0,0,0,0,0,0,0,0.167824894189835,0,0.184090459857274,0,0.196153175440573,0,0.165482162152018,0,0,0,0,0,0,0,0,0,0,0,0.156982921056258,0.163909628987312,0,0,0
0,0,0,0,0,0,0,0,0.167100286909512,0,0,0,0,0,0.165496939944254,0,0.105855247347939,0,0,0,0,0,0,0,0.204772111761021,0,0,0,0.187102798577193,0,0,0,0,0,0,0,0,0,0,0,0,0,0,0,0,0,0,0,0,0,0,0,0,0,0,0,0,0,0.309934586286545,0,0.161769780584357,0,0,0,0,0,0,0,0,0.189611231194478,0,0.284724920988083,0,0,0,0,0,0,0,0,0,0,0.162908483828817,0,0,0,0
0,0,0,0,0,0,0,0,0,0,0,0,0,0,0,0.146493340531985,0,0.148620638996363,0,0,0,0.151453807709679,0,0,0,0.168003071550888,0,0,0,0.196298316121101,0,0,0,0,0,0,0,0.174795114157493,0,0,0,0,0,0,0,0,0,0,0,0,0,0,0,0,0,0,0,0,0,0,0,0.146420917966787,0,0,0.131606206297874,0,0,0,0.170338637433071,0,0.149658758543342,0,0.209701919555664,0,0,0,0,0,0,0,0.178248465061188,0,0.180396003855599,0.106805496331718,0,0,0
0,0,0,0,0,0,0,0,0,0,0.17319647371769,0,0,0,0,0,0,0,0,0,0,0,0.146010272204876,0,0,0,0.187102798577193,0,0,0,0.177169129252434,0,0,0,0,0,0,0,0,0,0,0,0,0,0,0,0,0,0,0,0,0,0,0,0,0,0,0,0,0,0,0,0,0,0,0.150964456796646,0,0,0,0.158458039164543,0,0.157213158043874,0,0,0,0,0,0,0,0,0,0,0.189887775943197,0.17029983488222,0,0,0
0,0,0,0,0,0,0,0,0,0,0,0.214994231363138,0,0,0,0,0,0,0,0,0,0,0,0,0,0,0,0.196298316121101,0,0,0,0,0,0,0,0,0,0.16328639164567,0,0,0,0,0,0,0,0,0,0,0,0,0,0,0,0,0,0,0,0.17279792825381,0,0,0,0,0,0,0,0,0,0,0,0,0,0,0.232681857727173,0,0,0,0,0,0,0,0.156010536586537,0,0.159157265173761,0,0,0,0
0,0,0,0,0,0,0,0,0,0,0.196188896894455,0,0,0,0,0,0,0,0,0,0,0,0,0,0,0,0,0,0.177169129252434,0,0,0,0,0,0,0,0,0,0.162565549938523,0,0,0,0,0,0,0,0,0,0,0,0,0,0,0,0,0,0.134962042793632,0,0,0,0,0,0,0,0,0,0,0,0,0,0,0.158036516701922,0,0.182188075353212,0,0,0,0,0,0,0,0,0.168714520685813,0,0,0,0
0,0,0,0,0,0,0,0,0,0,0,0,0,0,0,0,0,0,0,0,0,0,0,0,0,0,0,0,0,0,0,0,0.265580845368113,0,0,0.150542327243349,0.109297899360007,0,0,0,0,0,0,0,0,0,0,0.332240714653182,0,0,0,0,0,0,0,0,0,0,0,0,0,0,0,0,0,0,0,0,0,0,0,0,0,0,0.162881555170685,0.284106561625508,0,0,0.457075871527195,0.115310350649579,0,0,0.178538662323664,0,0,0,0
0,0,0,0,0,0,0,0,0,0,0,0,0,0,0,0,0,0,0,0,0,0,0,0,0,0,0,0,0,0,0,0.265580845368113,0,0,0.185917580356965,0.148574572698823,0.153781470879912,0,0,0,0,0,0,0,0,0,0,0.358317964577109,0.388668502370516,0.480806738138199,0,0,0,0,0,0,0,0,0,0,0,0,0,0,0,0,0,0,0,0,0,0,0,0,0.188247646686415,0.336289443717445,0,0.281539724767208,0.17616249468082,0.297861991479756,0,0,0.162120155696373,0,0,0,0
0,0,0,0,0,0,0,0,0,0,0,0,0,0,0,0,0,0,0,0,0,0,0,0.18834488093853,0,0,0,0,0,0,0,0,0,0,0.155678129925373,0.138919520524282,0,0.200620152905018,0.252060729265213,0,0,0,0,0,0,0,0,0.186265330234196,0,0,0,0,0,0,0,0.227811634540558,0,0,0,0,0,0,0,0,0,0,0,0,0,0,0,0,0,0,0.290988266468048,0.188558732469877,0.153922716860139,0.165275806056978,0.140027118117913,0,0.260156687813452,0,0.166215534709143,0,0,0,0
0,0,0,0,0,0,0,0,0,0,0,0,0,0,0,0,0,0,0,0,0,0,0,0,0,0,0,0,0,0,0,0,0.185917580356965,0.155678129925373,0,0,0.147160123253978,0.205525815486908,0.394900025291876,0,0,0,0,0,0,0,0,0.280198994450552,0.422785398752793,0.509139392524958,0,0,0,0,0,0,0,0,0,0,0,0,0,0,0,0,0,0,0,0,0,0,0,0,0,0.196205269174272,0.148888289252447,0.191750408498166,0,0.319361259539922,0.1680165393786,0.192449299520568,0.17820655323001,0,0.414155468344688,0,0
0,0,0,0.144216298311949,0,0.149812087416649,0,0,0,0,0,0.140980874525977,0,0,0,0,0,0,0,0.15625838936764,0,0,0,0,0,0,0,0,0,0,0,0.150542327243349,0.148574572698823,0.138919520524282,0,0,0.146409225041962,0.174121296194115,0.145005407432715,0.187330510753852,0,0.228201006297712,0,0,0,0.203232826292515,0,0.245969921700272,0.219144973158836,0.174849510192871,0,0,0,0,0,0,0,0.148044788084363,0,0,0,0,0.142441346237934,0,0,0,0,0,0,0,0,0,0.248120091855526,0,0.147731235275021,0,0.1348740488899,0,0.182640391740088,0.146974737740687,0.179666187482015,0.171897684037685,0.195646425847902,0.329576634722539,0.197696107189609,0,0
0,0,0.145890526473522,0,0.167213600946636,0,0,0,0,0,0,0,0,0,0,0,0,0,0,0,0.160764901493152,0,0,0,0,0,0,0,0,0,0,0.109297899360007,0.153781470879912,0,0.147160123253978,0.146409225041962,0,0.129379086196423,0.155538300191539,0,0,0,0.252059246599674,0,0,0,0.158615908555446,0.228318477454393,0.261992079019547,0,0,0,0,0,0,0,0,0,0,0,0,0,0,0.167001623196619,0,0,0,0,0,0,0,0,0,0,0.17405637105306,0.223953308746776,0,0.186588133913664,0.155845966342973,0.208901295431489,0,0.188227143095025,0.181637445807808,0.29205791066984,0.181395319653741,0,0.210977166891098
0,0.239591078723178,0,0.233391731977463,0,0,0,0,0,0.221378821095354,0,0.12928165516683,0,0,0,0,0,0,0,0.155333974731053,0,0.222803481659185,0,0.205416133006414,0,0,0,0.174795114157493,0,0.16328639164567,0,0,0,0.200620152905018,0.205525815486908,0.174121296194115,0.129379086196423,0,0.162969256257,0,0,0,0,0,0,0,0,0.465315576743435,0.56196391582489,0.296695874119483,0,0,0,0,0,0.223902033936923,0,0.144216330554194,0,0,0,0,0.168186413390296,0,0.31943602376126,0,0.227697952960273,0,0.273810437926844,0,0.325142520169417,0,0.144780896407253,0,0,0,0.205062046674873,0,0.198836433481706,0,0.2199889087481,0.117499887652985,0.254810433279133,0.23902518977489,0.290777021220752,0,0
0,0,0,0,0,0,0,0,0.218596674087975,0,0.141272146036422,0,0,0,0,0,0,0,0,0,0.159399463458264,0.140888060132662,0.2745497311155,0,0.18778764725721,0,0,0,0,0,0.162565549938523,0,0,0.252060729265213,0.394900025291876,0.145005407432715,0.155538300191539,0.162969256257,0,0,0,0,0.340751498937607,0,0,0,0.266686817010244,0.61950611397624,0.300406172214185,0,0,0,0,0,0.264899710243922,0,0.151819294359857,0,0,0,0,0,0,0.207001789586761,0,0.26857370715134,0,0.264224837924937,0,0,0,0,0,0.159922697169836,0,0,0,0.231326978085828,0.0889378516003489,0.234412326268483,0.148051703685806,0.228989387827026,0.446688404537159,0.231945153923584,0.280143897732099,0,0
0,0.413128981223473,0,0.23474694788456,0,0,0,0,0,0,0,0,0,0,0,0,0.272184689342976,0.282323600875365,0.262326678481075,0.186655923724174,0,0,0,0,0,0,0,0,0,0,0,0,0,0,0,0.187330510753852,0,0,0,0,0.234283521771431,0.229129775954461,0.244775838085583,0.28152506471905,0.250400096178055,0.198238381380836,0.291913442313671,0.341309620488075,0,0.196781272727963,0,0,0,0,0,0,0,0.237385958433151,0,0,0,0,0.272067634535614,0,0,0,0,0,0,0,0,0,0.260521916672587,0.273425728082657,0,0,0,0,0.199418506277402,0.271562863141298,0.326389682292938,0.295983657240868,0.265636730061215,0.254933383315802,0.217998488351424,0.267157379467532,0.244840987026691
0.242949396371841,0.211007982492447,0.241538456330697,0,0.23017304284232,0,0,0,0,0,0,0,0,0,0,0,0.262602434959263,0.229493089020252,0.258538780022301,0,0,0,0,0,0,0,0,0,0,0,0,0,0,0,0,0,0,0,0,0.234283521771431,0,0.226167460282644,0.231430659582693,0.232121147215366,0.317574864520936,0.263404335664666,0.225798813603019,0.154893006198108,0.187742245161817,0,0.222049430012703,0,0,0,0,0,0.253501166899999,0,0,0,0,0,0,0.223182848381553,0,0,0,0,0,0,0,0,0,0,0,0,0,0,0.278910533948378,0.198094614454853,0,0.308165875465974,0.253266519874581,0.253426767885685,0.254288927168682,0.223720088601112,0.268921964969791
0,0.328841478498869,0.249691590666771,0.247244248459162,0,0.218956142663956,0,0,0,0.198838636279106,0,0,0,0,0,0,0.23211929500103,0.241509308799719,0.192023003396791,0.215366348624229,0,0,0,0,0,0,0,0,0,0,0,0,0,0,0,0.228201006297712,0,0,0,0.229129775954461,0.226167460282644,0,0.187088252726904,0.210080192035552,0.20750093460083,0.237246854783623,0.25647526482741,0.395419204635407,0.397945463657379,0.307964031524707,0,0,0,0,0,0.181512579321861,0,0.295596896098179,0,0.315774699880017,0,0.298714900246033,0.291365456432104,0,0,0,0,0,0,0,0.303259924054146,0,0.294965006411076,0,0,0,0,0,0.26658902727238,0.279050548871358,0.348975780744885,0.260273411870003,0.275820803990264,0.240430682897568,0.260092530124458,0.205265386414171,0.219234015792608
0.377103709122714,0,0.271519811634185,0,0.229220129264162,0,0,0,0.244575197020402,0,0,0,0,0,0,0,0.227224506105971,0.225506203119145,0.191463507775568,0,0,0,0,0,0,0,0,0,0,0,0,0,0,0,0,0,0.252059246599674,0,0.340751498937607,0.244775838085583,0.231430659582693,0.187088252726904,0,0.195646980777383,0.202692444388199,0.244760661607697,0.239598600010435,0.333549724891782,0.261193792292294,0.234550793965658,0.231667524427176,0,0,0,0.210921253415122,0,0.316813730643518,0,0,0,0,0,0,0.285378051276665,0,0,0,0,0,0,0,0,0,0.242004086312495,0,0,0,0,0.274465379544667,0.264925285465952,0,0.31372243573957,0.221848529645988,0.213670813224532,0.258849982535512,0,0.183366160625776
0,0,0,0.236421547830105,0,0,0,0,0,0,0,0,0,0,0,0,0.23183922842145,0.246540133071982,0.201838625156427,0,0,0,0,0,0,0,0,0,0,0,0,0,0,0,0,0,0,0,0,0.28152506471905,0.232121147215366,0.210080192035552,0.195646980777383,0,0.19615963101387,0.255495210908926,0.206454277038574,0,0,0.233477592468262,0,0,0,0,0,0,0,0.325687128305435,0,0,0,0,0.353681678573291,0,0,0,0,0,0,0,0,0,0.347995549440384,0,0,0,0,0,0.367200349610091,0.24737823009491,0.41501820788664,0.261555254459381,0.199282763846989,0.228775719801585,0.306285016118648,0.205095999515974,0.176374062895775
0,0,0.246962152421474,0,0.247478261590004,0,0,0,0,0,0,0,0,0,0,0,0.254414960741997,0.23485060848973,0.217786024046833,0,0,0,0,0,0,0,0,0,0,0,0,0,0,0,0,0,0,0,0,0.250400096178055,0.317574864520936,0.20750093460083,0.202692444388199,0.19615963101387,0,0.244222469627857,0.28542674857898,0,0,0,0.234772011637688,0,0,0,0,0,0.236749246716499,0,0,0,0,0,0,0.324715708196163,0,0,0,0,0,0,0,0,0,0.264827102422714,0,0,0,0,0.294807171821594,0.372072573629881,0,0.405752364351199,0.192196063488443,0,0.298160055082493,0,0.206376067901912
0,0.309210498901931,0,0.209741885560315,0,0,0,0,0,0,0,0,0,0,0,0,0.274411370908772,0.278530294836407,0.274411417904624,0,0,0,0,0,0,0,0,0,0,0,0,0,0,0,0,0.203232826292515,0,0,0,0.198238381380836,0.263404335664666,0.237246854783623,0.244760661607697,0.255495210908926,0.244222469627857,0,0.257784003019333,0.207928727070491,0.209579646587372,0.183395218973072,0,0,0,0,0,0,0,0.261869075864849,0,0,0,0,0.20957262248788,0.305852219462395,0,0,0,0,0,0,0,0,0.277758178684641,0,0,0,0,0,0.240968107444267,0.280999645590782,0.282000270500172,0.287282272027089,0.260968440652259,0.267635167141755,0.236180240119114,0.233353435993195,0.233602357407411
0,0.330340996384621,0.219416346965414,0,0.213813535869122,0,0,0,0.310795146226883,0,0,0,0,0,0,0,0.260152977566386,0.24791909356912,0.276300716841771,0,0.181039363145828,0,0,0,0,0,0,0,0,0,0,0,0,0,0,0,0.158615908555446,0,0.266686817010244,0.291913442313671,0.225798813603019,0.25647526482741,0.239598600010435,0.206454277038574,0.28542674857898,0.257784003019333,0,0.2107254738609,0.204685080488017,0,0.224785730242729,0,0,0,0.221522346138954,0,0.238796537643985,0,0,0,0,0,0.255588322877884,0.236692438443102,0,0,0,0,0,0,0,0,0,0.254183489084244,0,0,0,0,0.282645153999329,0.256850448599776,0,0.285246281434121,0.275181234461798,0.25037470459938,0.244376645816818,0,0.216694797340192
0,0,0,0.215811863541603,0.229244217276573,0,0,0,0,0,0,0,0,0,0,0,0,0,0,0,0.230078518390656,0,0.474841399325265,0,0,0,0,0,0,0,0,0.332240714653182,0.358317964577109,0.186265330234196,0.280198994450552,0.245969921700272,0.228318477454393,0.465315576743435,0.61950611397624,0.341309620488075,0.154893006198108,0.395419204635407,0.333549724891782,0,0,0.207928727070491,0.2107254738609,0,0.321234221471553,0.426083856225552,0,0,0,0,0.266723901033401,0,0,0,0,0,0,0,0.169107735157013,0.251648128032684,0,0.514923863112926,0,0.574610620737076,0,0,0,0,0,0,0.242015202760696,0.458072590907063,0.188723875657667,0.189573266577941,0.372054880806084,0.419082132429545,0.30879258364439,0.389316291901572,0.450713058956481,0.254345764219761,0.386735014350068,0,0.352974385023117
0.192145346810943,0,0.16667669304057,0.235304355621338,0.223626744566542,0,0,0,0.152336979339666,0,0,0,0,0,0,0,0,0,0.294436200211446,0,0.215842559933662,0,0,0,0,0,0,0,0,0,0,0,0.388668502370516,0,0.422785398752793,0.219144973158836,0.261992079019547,0.56196391582489,0.300406172214185,0,0.187742245161817,0.397945463657379,0.261193792292294,0,0,0.209579646587372,0.204685080488017,0.321234221471553,0,0.333253018996295,0.228802990913391,0,0,0,0.175091474317014,0,0.297492853307631,0,0.304277488528049,0,0.264022488453809,0,0,0.275274965498183,0,0,0,0.258257009088993,0,0.307517867949274,0,0.322199054179391,0,0.252227008342743,0,0.297593077675241,0,0.326179667313894,0,0.265506932867392,0,0.303124583441101,0.380047171822552,0,0.242906196455187,0,0.280898459255695
0,0.24670831680384,0,0.205392847926333,0,0.189083009958267,0,0,0,0.226222326979041,0,0,0,0,0,0.186572313308716,0.24781346321106,0.264534026384354,0.267794837355614,0.188135758042336,0,0.460446238517761,0,0.258823770284653,0,0,0,0,0,0,0,0,0.480806738138199,0,0.509139392524958,0.174849510192871,0,0.296695874119483,0,0.196781272727963,0,0.307964031524707,0.234550793965658,0.233477592468262,0,0.183395218973072,0,0.426083856225552,0.333253018996295,0,0,0,0,0,0,0.206490507970254,0,0.285461077866116,0,0.269508095734601,0,0.211927217994621,0.176243868789503,0,0.297796105061259,0,0.206684755782286,0,0.252569546991021,0,0.234649333862935,0,0.317874580621719,0,0,0,0.268484820922216,0,0.263368308917331,0,0.359982393275608,0.286068141460419,0.331910910342693,0,0.274235488068343,0.220547258853912,0
0.22994399368763,0,0.219329731028245,0,0.214888351454454,0,0,0,0.187663868069649,0,0,0,0,0,0.143853213638067,0,0,0,0,0,0.236731371283531,0,0,0,0,0,0,0,0,0,0,0,0,0,0,0,0,0,0,0,0.222049430012703,0,0.231667524427176,0,0.234772011637688,0,0.224785730242729,0,0.228802990913391,0,0,0,0,0,0,0,0.231049594779809,0,0.178297251462936,0,0,0,0,0.245622053742409,0,0,0,0,0,0,0,0,0,0,0,0,0,0,0,0,0,0.307466089725494,0.213769983500242,0,0.224498205267882,0,0.194961300119758
0,0,0,0.16846676915884,0,0.178904579041662,0,0.178462532739485,0,0,0,0.172955324252447,0,0.239905083818095,0,0,0,0,0,0.161148428916931,0,0,0,0,0,0,0,0,0,0,0,0,0,0,0,0,0,0,0,0,0,0,0,0,0,0,0,0,0,0,0,0,0,0.18919954648832,0,0,0,0.186831350127856,0,0.189608237978104,0,0.231145364317027,0,0,0,0,0,0,0,0,0,0,0,0,0,0,0,0,0,0,0,0,0.187497464681531,0.188811972737312,0,0,0
0,0,0,0,0,0,0.23688867688179,0,0,0,0.194088836510976,0,0,0,0,0,0,0,0,0,0,0,0,0,0,0,0,0,0,0,0,0,0,0,0,0,0,0,0,0,0,0,0,0,0,0,0,0,0,0,0,0,0,0,0,0,0.23317239794039,0,0,0,0,0,0,0,0,0,0,0,0,0,0,0,0,0,0,0,0,0,0,0,0,0,0,0,0,0,0
0,0,0,0,0,0.163851361721754,0,0.172797789627855,0,0,0,0.172976746090821,0,0,0,0,0,0,0,0.152156804043513,0,0,0,0,0,0,0,0,0,0,0,0,0,0,0,0,0,0,0,0,0,0,0,0,0,0,0,0,0,0,0,0.18919954648832,0,0,0,0,0,0.183070743464688,0,0,0,0,0.164627061784267,0,0,0,0,0,0,0,0,0,0,0,0,0,0,0,0,0,0,0,0.163254084234888,0.16691592335701,0,0,0
0.19378815737686,0,0.154224845427501,0,0,0,0,0,0.179473855154727,0,0,0,0,0,0.150015068985522,0,0,0,0,0,0,0,0,0,0.194082673717212,0,0,0,0,0,0,0,0,0,0,0,0,0,0.264899710243922,0,0,0,0.210921253415122,0,0,0,0.221522346138954,0.266723901033401,0.175091474317014,0,0,0,0,0,0,0,0.198436226340986,0,0.201877387861411,0,0.216100411532615,0,0,0,0,0,0,0.240072582317363,0,0.206580340862274,0,0,0,0,0,0,0,0,0,0,0,0.300106950553067,0.19512039552999,0.214210227131844,0.168484393887801,0,0.190127447247505
0,0.186535850480617,0,0.176963476257192,0,0,0,0,0,0.166492179774663,0,0,0,0,0,0.165297881582001,0,0,0,0,0,0,0,0.249703256442802,0,0.191573664004152,0,0,0,0,0,0,0,0.227811634540558,0,0,0,0.223902033936923,0,0,0,0.181512579321861,0,0,0,0,0,0,0,0.206490507970254,0,0,0,0,0,0,0,0.284298777580261,0,0,0,0.197256937857776,0,0,0,0,0.216315115617617,0,0,0,0,0,0,0,0,0,0.268575638532639,0,0,0,0.218618543897984,0,0.20873430557549,0,0.172570280414639,0,0
0.32069077184706,0,0.23421414817373,0,0.218137404322624,0,0,0,0.22583107277751,0,0.154887383396453,0,0.162290062097942,0,0,0,0.270611760020256,0,0.269629472400993,0,0.152020616354523,0,0,0,0.242707450475012,0,0,0,0,0,0.134962042793632,0,0,0,0,0,0,0,0.151819294359857,0,0.253501166899999,0,0.316813730643518,0,0.236749246716499,0,0.238796537643985,0,0.297492853307631,0,0.231049594779809,0,0.23317239794039,0,0.198436226340986,0,0,0,0.289931187308148,0,0.260402791924549,0,0,0.245193022191525,0,0,0,0.238922398005213,0,0.325072805438421,0,0.334128101891522,0,0.350635700814781,0,0,0,0,0,0.241885397583246,0,0.114138289221695,0.221103389351629,0.220668107271194,0.292409670122323,0,0.277684343272242
0,0.30974129140377,0,0.252028492061382,0,0.169658970591184,0,0.172871738672256,0,0.299351764576776,0,0.185691809816555,0,0.124626107513905,0,0,0,0,0.302469027571772,0.145268296003342,0,0,0,0,0,0,0,0,0,0.17279792825381,0,0,0,0,0,0.148044788084363,0,0.144216330554194,0,0.237385958433151,0,0.295596896098179,0,0.325687128305435,0,0.261869075864849,0,0,0,0.285461077866116,0,0.186831350127856,0,0.183070743464688,0,0.284298777580261,0,0,0,0.255173539046687,0,0.229767804965377,0.266235040169369,0.273000806570053,0,0,0,0,0,0,0.356334911286831,0,0.241969079945726,0,0,0,0,0,0.303558404246966,0,0,0,0.24924070672182,0,0.300881219642482,0.284813238928715,0
0,0,0.255520517528057,0,0.177054788172245,0,0,0,0.279527023434639,0,0.178544657046978,0,0.130935766104911,0,0.220230604211489,0,0,0,0,0,0,0,0,0,0.275843462269557,0,0.309934586286545,0,0,0,0,0,0,0,0,0,0,0,0,0,0,0,0,0,0,0,0,0,0.304277488528049,0,0.178297251462936,0,0,0,0.201877387861411,0,0.289931187308148,0,0,0,0.288393338705487,0,0,0,0,0,0,0.281557067179344,0,0.326472683953143,0,0.354293234763345,0,0,0,0,0,0,0,0,0,0,0.151266359041135,0,0.25631662607193,0,0
0,0.201075518420383,0,0.200728894935714,0,0.199356087616512,0,0.127451693018277,0,0,0,0.173350483253412,0,0.206234669090646,0,0.180305828457464,0,0,0,0,0,0,0,0,0,0,0,0,0,0,0,0,0,0,0,0,0,0,0,0,0,0.315774699880017,0,0,0,0,0,0,0,0.269508095734601,0,0.189608237978104,0,0,0,0,0,0.255173539046687,0,0,0,0.204791256420142,0,0,0,0,0,0,0.315460109710693,0,0.329330174485222,0,0,0,0,0,0,0,0,0,0,0,0.36851259329951,0.191791087388992,0.271731059404387,0,0
0.156804051736127,0,0,0,0,0,0,0,0.184327664875215,0,0,0,0.13395793363452,0,0.147895828725022,0,0.154872726826441,0,0,0,0,0,0,0,0.232983675971627,0,0.161769780584357,0,0,0,0,0,0,0,0,0,0,0,0,0,0,0,0,0,0,0,0,0,0.264022488453809,0,0,0,0,0,0.216100411532615,0,0.260402791924549,0,0.288393338705487,0,0,0,0,0,0,0,0,0.236120860593823,0,0.307712879276981,0,0.319144016471357,0,0.280006423592567,0,0,0,0,0,0,0,0,0.159864008426666,0,0.222389442955746,0,0
0,0.179957123854616,0,0.207817047834396,0,0,0,0,0,0.192783689174963,0,0,0,0.16947215742676,0,0.198046043326583,0,0,0,0,0,0,0,0,0,0,0,0.146420917966787,0,0,0,0,0,0,0,0,0,0,0,0,0,0.298714900246033,0,0,0,0,0,0,0,0.211927217994621,0,0.231145364317027,0,0,0,0.197256937857776,0,0.229767804965377,0,0.204791256420142,0,0,0,0,0,0,0,0,0.261835245208608,0,0.306525554727106,0,0,0,0,0,0,0,0,0,0,0,0.16502487162749,0.160683631896973,0.237173281303824,0,0
0,0.391601203303588,0,0.222839259757445,0,0,0,0.147631354629993,0,0,0,0.130694002372684,0,0,0,0,0.234631836414337,0.273000600934029,0.310194372015745,0.177031069774838,0,0,0,0,0,0,0,0,0,0,0,0,0,0,0,0.142441346237934,0,0.168186413390296,0,0.272067634535614,0,0.291365456432104,0,0.353681678573291,0,0.20957262248788,0.255588322877884,0.169107735157013,0,0.176243868789503,0,0,0,0.164627061784267,0,0,0,0.266235040169369,0,0,0,0,0,0,0,0,0,0,0,0,0,0,0.294297517728114,0,0,0,0,0,0.225607092134531,0.309660241007805,0.281682061463241,0.275573968887329,0.176465886440056,0.256723721112524,0.270114223466597,0.362153659264247,0
0.347838848829269,0,0.232097286731005,0,0.228368253509204,0,0,0,0.300044909119606,0,0.169687138027266,0,0,0,0,0,0.313480553718714,0.270567685365677,0.305188426224967,0,0.146783613956699,0,0,0,0.307097136974335,0,0,0,0,0,0,0,0,0,0,0,0.167001623196619,0,0.207001789586761,0,0.223182848381553,0,0.285378051276665,0,0.324715708196163,0.305852219462395,0.236692438443102,0.251648128032684,0.275274965498183,0,0.245622053742409,0,0,0,0,0,0.245193022191525,0.273000806570053,0,0,0,0,0,0,0,0,0,0,0,0,0,0,0,0.331515705455904,0,0,0,0,0,0.213241619862488,0,0.258830707322406,0.229181723250237,0.262915551662445,0.290644385197685,0,0.263890918521654
0,0,0,0,0,0,0,0,0,0,0,0,0,0,0,0,0,0,0,0,0,0.180053122357,0.100896702068193,0.122352154831393,0,0.167824894189835,0,0.131606206297874,0,0,0,0,0,0,0,0,0,0.31943602376126,0,0,0,0,0,0,0,0,0,0,0,0.297796105061259,0,0,0,0,0,0,0,0,0,0,0,0,0,0,0,0,0.157511162479021,0,0,0,0.251972696743906,0,0,0,0,0,0,0,0,0,0.399900311836973,0,0.211015747853629,0.146996867635267,0,0,0
0,0,0,0,0,0,0,0,0,0,0,0,0,0,0,0,0,0,0,0,0,0.0925874743037499,0.165166187881697,0,0.15448901520835,0,0,0,0.150964456796646,0,0,0,0,0,0,0,0,0,0.26857370715134,0,0,0,0,0,0,0,0,0.514923863112926,0,0,0,0,0,0,0,0,0,0,0,0,0,0,0,0,0,0,0,0.129261732929283,0,0,0,0,0,0,0,0,0,0,0,0,0,0.197011962038353,0.207857337126545,0.143270518579712,0,0,0
0,0,0,0,0,0,0,0,0,0.250334553420544,0,0,0,0,0,0,0,0,0,0,0,0.159890898459014,0,0.175189900879702,0,0.184090459857274,0,0,0,0,0,0,0,0,0,0,0,0.227697952960273,0,0,0,0,0,0,0,0,0,0,0,0.206684755782286,0,0,0,0,0,0.216315115617617,0,0,0,0,0,0,0,0,0.157511162479021,0,0,0,0.172557943463326,0,0,0,0,0,0,0,0,0,0,0,0.198322837537324,0,0.170760421740888,0,0.228711792952325,0,0
0,0,0,0,0,0,0,0,0.2053578744332,0,0,0,0,0,0,0,0,0,0,0,0,0,0.164952392761524,0,0.169468895409249,0,0,0,0,0,0,0,0,0,0,0,0,0,0.264224837924937,0,0,0,0,0,0,0,0,0.574610620737076,0.258257009088993,0,0,0,0,0,0.240072582317363,0,0.238922398005213,0,0.281557067179344,0,0.236120860593823,0,0,0,0,0.129261732929283,0,0,0,0.224639591534395,0,0,0,0,0,0,0,0,0,0,0,0.283423740154421,0.445729705691338,0,0.264612678013392,0,0
0,0,0,0,0,0,0,0,0,0.183595970273018,0,0,0,0.151148135463397,0,0,0,0.178503118270072,0,0,0,0.198402790271718,0,0.196364317668149,0,0.196153175440573,0,0.170338637433071,0,0,0,0,0,0,0,0,0,0.273810437926844,0,0,0,0,0,0,0,0,0,0,0,0.252569546991021,0,0,0,0,0,0,0,0,0,0.315460109710693,0,0.261835245208608,0,0,0,0,0.172557943463326,0,0,0,0.343513786792755,0,0,0,0,0,0,0,0,0,0.311727084219456,0,0.171631453507062,0,0,0,0
0,0,0,0,0,0,0,0,0.183548640459776,0,0,0,0,0,0.280274890363216,0,0,0,0,0,0,0,0,0,0.195683713035904,0,0.189611231194478,0,0.158458039164543,0,0,0,0,0,0,0,0,0,0,0,0,0,0,0,0,0,0,0,0.307517867949274,0,0,0,0,0,0.206580340862274,0,0.325072805438421,0,0.326472683953143,0,0.307712879276981,0,0,0,0,0,0,0.224639591534395,0,0,0,0.351221838495234,0,0,0,0,0,0,0,0,0,0,0.170936819314957,0,0.343709374015982,0,0
0,0,0,0,0,0,0,0,0,0,0,0,0,0,0,0,0,0,0,0,0,0.211129436028652,0,0,0,0.165482162152018,0,0.149658758543342,0,0,0,0,0,0,0,0,0,0.325142520169417,0,0,0,0.303259924054146,0,0,0,0,0,0,0,0.234649333862935,0,0,0,0,0,0,0,0.356334911286831,0,0.329330174485222,0,0.306525554727106,0,0,0.251972696743906,0,0,0,0.343513786792755,0,0,0,0,0,0,0,0,0,0,0,0.284800422079158,0,0.307603508234024,0.111717714898048,0.357903490012342,0,0
0,0,0,0,0,0,0,0,0,0,0.176403495972439,0,0,0,0,0,0,0,0,0,0,0,0,0,0.287743665277958,0,0.284724920988083,0,0.157213158043874,0,0.158036516701922,0,0,0,0,0,0,0,0,0,0,0,0,0,0,0,0,0,0.322199054179391,0,0,0,0,0,0,0,0.334128101891522,0,0.354293234763345,0,0.319144016471357,0,0,0,0,0,0,0,0,0.351221838495234,0,0,0,0,0,0,0,0,0,0,0,0,0,0,0.337880570004244,0,0
0,0.351052458797182,0,0.273776786029339,0,0,0,0,0,0,0,0.180768962701162,0,0,0,0,0,0,0.314819016373984,0,0,0,0,0,0,0,0,0.209701919555664,0,0.232681857727173,0,0,0,0,0,0.248120091855526,0,0.144780896407253,0,0.260521916672587,0,0.294965006411076,0,0.347995549440384,0,0.277758178684641,0,0,0,0.317874580621719,0,0,0,0,0,0,0,0.241969079945726,0,0,0,0,0.294297517728114,0,0,0,0,0,0,0,0,0,0,0,0,0,0,0,0.309832073748112,0,0.21175290197134,0,0.277074895121834,0.273852914571762,0.330255914343707,0.28525559273031,0
0.267356216907501,0,0.239554807543755,0,0,0,0,0,0,0,0.176515654793807,0,0,0,0,0,0.270412219067415,0.261696934700012,0.284563994925955,0,0,0,0,0,0,0,0,0,0,0,0.182188075353212,0,0,0,0,0,0,0,0.159922697169836,0.273425728082657,0,0,0.242004086312495,0,0.264827102422714,0,0.254183489084244,0,0.252227008342743,0,0,0,0,0,0,0,0.350635700814781,0,0,0,0.280006423592567,0,0,0.331515705455904,0,0,0,0,0,0,0,0,0,0,0,0,0,0,0,0.229073572158813,0,0,0.167916105377792,0,0.307988121996944,0,0.251946880267217
0,0,0,0,0,0,0,0,0,0,0,0,0,0,0,0,0,0,0,0,0,0,0,0,0,0,0,0,0,0,0,0.162881555170685,0.188247646686415,0.290988266468048,0,0.147731235275021,0.17405637105306,0,0,0,0,0,0,0,0,0,0,0.242015202760696,0,0,0,0,0,0,0,0,0,0,0,0,0,0,0,0,0,0,0,0,0,0,0,0,0,0,0,0.155930604253496,0.279323943793657,0,0.242070746597122,0,0,0,0.163237139582634,0,0,0,0
0,0,0,0,0,0,0,0,0,0,0,0,0,0,0,0,0,0,0,0,0,0,0,0,0,0,0,0,0,0,0,0.284106561625508,0.336289443717445,0.188558732469877,0.196205269174272,0,0.223953308746776,0,0,0,0,0,0,0,0,0,0,0.458072590907063,0.297593077675241,0,0,0,0,0,0,0,0,0,0,0,0,0,0,0,0,0,0,0,0,0,0,0,0,0,0.155930604253496,0,0.188771225512028,0.275327172212401,0,0.248051103495923,0,0,0.191620114819496,0,0,0,0
0,0,0,0,0,0,0,0,0,0,0,0,0,0,0,0,0,0,0,0,0,0,0,0.237006987134616,0,0,0,0,0,0,0,0,0,0.153922716860139,0.148888289252447,0.1348740488899,0,0.205062046674873,0,0,0,0,0,0,0,0,0,0.188723875657667,0,0.268484820922216,0,0,0,0,0,0.268575638532639,0,0,0,0,0,0,0,0,0,0,0,0,0,0,0,0,0,0,0.279323943793657,0.188771225512028,0,0.159289947768518,0.233304107371642,0,0.224586236161472,0,0.192685057910589,0,0,0,0
0,0,0,0,0,0,0,0,0,0,0,0,0,0,0,0,0,0,0,0,0,0,0,0,0,0,0,0,0,0,0,0,0.281539724767208,0.165275806056978,0.191750408498166,0,0.186588133913664,0,0.231326978085828,0,0,0,0,0,0,0,0,0.189573266577941,0.326179667313894,0,0,0,0,0,0,0,0,0,0,0,0,0,0,0,0,0,0,0,0,0,0,0,0,0,0,0.275327172212401,0.159289947768518,0,0,0.287359972977899,0,0.234636527447836,0.219256734696485,0,0,0,0
0,0.375044365061654,0,0.235951223011528,0,0,0,0,0,0.314519852399826,0,0,0,0,0,0,0.304628016693251,0.309211074880191,0.325116229547339,0.157934217211211,0,0,0,0,0,0,0,0,0,0,0,0.457075871527195,0.17616249468082,0.140027118117913,0,0.182640391740088,0.155845966342973,0.198836433481706,0.0889378516003489,0.199418506277402,0.278910533948378,0.26658902727238,0.274465379544667,0.367200349610091,0.294807171821594,0.240968107444267,0.282645153999329,0.372054880806084,0,0.263368308917331,0,0,0,0,0,0,0,0.303558404246966,0,0,0,0,0.225607092134531,0,0,0,0,0,0,0,0,0,0.309832073748112,0,0.242070746597122,0,0.233304107371642,0,0,0.2374139452974,0.249294316560948,0.306050724708117,0.229707531530423,0.245818307995796,0.283554676790975,0.278685367045303,0.274577362462878
0.333716034889221,0.310766339302063,0.300668652568545,0,0.238491252064705,0,0,0,0.301548108458519,0,0.128866598010063,0,0,0,0,0,0.298755643635812,0.288230054435276,0.315823594487732,0,0.149178135172263,0,0,0,0,0,0,0,0,0,0,0.115310350649579,0.297861991479756,0,0.319361259539922,0.146974737740687,0.208901295431489,0,0.234412326268483,0.271562863141298,0.198094614454853,0.279050548871358,0.264925285465952,0.24737823009491,0.372072573629881,0.280999645590782,0.256850448599776,0.419082132429545,0.265506932867392,0,0,0,0,0,0,0,0.241885397583246,0,0,0,0,0,0.309660241007805,0.213241619862488,0,0,0,0,0,0,0,0,0,0.229073572158813,0,0.248051103495923,0,0.287359972977899,0.2374139452974,0,0,0.2450265608642,0.245307683441902,0.21843849150119,0.334180740192855,0,0.290314449411299
0,0.418556569019953,0,0.29156094789505,0,0,0,0,0,0.250452941904465,0,0,0,0,0,0,0.296669900417328,0.298363149166107,0.363536737597825,0.142434584418523,0,0.386510449627315,0,0.223588063243108,0,0,0,0.178248465061188,0,0.156010536586537,0,0,0,0.260156687813452,0.1680165393786,0.179666187482015,0,0.2199889087481,0.148051703685806,0.326389682292938,0,0.348975780744885,0,0.41501820788664,0,0.282000270500172,0,0.30879258364439,0,0.359982393275608,0,0,0,0,0,0.218618543897984,0,0,0,0,0,0,0.281682061463241,0,0.399900311836973,0,0.198322837537324,0,0.311727084219456,0,0.284800422079158,0,0.21175290197134,0,0,0,0.224586236161472,0,0.249294316560948,0,0,0,0.279624842464575,0.26299713683479,0.371490353395819,0.340720726177096,0
