0,0,0.11095618278436,0,0.111967060448868,0,0,0,0.12399380772958,0,0,0,0,0,0,0,0,0,0.14919510448001,0,0,0,0,0,0,0,0,0,0,0,0,0,0,0,0,0,0,0,0,0,0,0,0.302178824741033,0,0,0,0,0.261669188737869,0.174015354581069,0,0,0,0,0,0.14479305068297,0,0,0,0,0,0,0,0,0,0,0,0,0,0,0,0,0,0,0,0,0,0,0,0,0,0,0,0.189452480318939,0,0.247590202822977,0,0.27989685204294
0,0,0,0.180806407201899,0,0.178071117401123,0,0,0,0.161851987200205,0,0,0,0,0,0,0,0.272741922872816,0.203515693937477,0,0,0,0,0.196216721619878,0,0,0,0,0,0,0,0,0,0,0,0,0,0,0,0.302260159381798,0,0.212800462820125,0,0.279751012722651,0,0.279884739153421,0,0,0,0.14792215713048,0,0,0,0,0,0.142973603708531,0,0.328183025121689,0,0,0,0.127413287758827,0,0,0,0,0,0,0,0,0,0,0.320171561506059,0,0,0,0,0,0.303795744975408,0,0.316709496080875,0,0.185551522566222,0,0.204373677408225,0.212345458567142,0
0.11095618278436,0,0,0,0.144839169175336,0,0,0,0.128005381052693,0,0,0,0,0,0,0,0,0,0.213258370757103,0,0.190003136793772,0,0,0,0,0,0,0,0,0,0,0,0,0,0,0,0.216128577788671,0,0,0,0.193223474762806,0,0.287923640394559,0,0,0,0,0.218139895796776,0.199238325853151,0,0,0,0,0,0.132475423551824,0,0,0,0,0,0,0,0,0,0,0,0,0,0,0,0,0,0,0,0,0,0,0,0,0,0,0.20465449988842,0.213962676758131,0.158231701363217,0.191595308061313,0,0.252454096451402
0,0.180806407201899,0,0,0,0.145890448394551,0,0,0,0.121935923918358,0,0,0,0,0,0,0,0,0.251826874911785,0,0,0,0,0,0,0,0,0,0,0,0,0,0,0,0,0,0,0,0,0.294601768255234,0,0.235727528050412,0,0.275369971990585,0,0.275773581117392,0,0,0,0.139898641977781,0,0,0,0,0,0.15365353756045,0,0,0,0,0,0,0,0,0,0,0,0,0,0,0,0,0,0,0,0,0,0,0.288618832826614,0,0,0,0.195304325417994,0,0.20106340508589,0.212266010542711,0
0.111967060448868,0,0.144839169175336,0,0,0,0,0,0,0,0,0,0,0,0,0,0,0,0,0,0,0,0,0,0,0,0,0,0,0,0,0,0,0,0,0,0.187771159224212,0,0,0,0,0,0,0,0,0,0,0,0,0,0.187598689324632,0,0.154350765049458,0,0.122889716022958,0,0,0,0.134888492992056,0,0,0,0,0,0,0,0,0,0,0,0,0,0,0,0,0,0,0,0,0,0,0,0.169727391759231,0.182273563229095,0.18393185270089,0,0
0,0.178071117401123,0,0.145890448394551,0,0,0,0.135961309075356,0,0,0,0.18427212536335,0,0,0,0,0,0,0,0.168591663086166,0,0,0,0,0,0,0,0,0,0,0,0,0,0,0,0,0,0,0,0,0,0.202900336124003,0,0,0,0,0,0,0,0,0,0.122036584193193,0,0,0,0,0,0.201925337314606,0,0,0,0,0,0,0,0,0,0,0,0,0,0,0,0,0,0,0,0,0,0,0,0,0.179350474476814,0,0.183022323566648,0.185892179608345,0
0,0,0,0,0,0,0,0,0,0,0,0,0,0,0,0,0,0,0,0,0,0,0,0,0,0,0,0,0,0,0,0,0,0,0,0,0,0,0,0,0,0,0,0,0,0,0,0,0,0,0.160032908121745,0,0.185863211750984,0,0,0,0,0,0,0,0,0,0,0,0,0,0,0,0,0,0,0,0,0,0,0,0,0,0,0,0,0,0,0,0,0,0
0,0,0,0,0,0.135961309075356,0,0,0,0,0,0,0,0,0,0,0,0,0,0,0,0,0,0,0,0,0,0,0,0,0,0,0,0,0,0,0,0,0,0,0,0,0,0,0,0,0,0,0,0,0,0,0,0,0,0,0,0,0,0,0,0,0,0,0,0,0,0,0,0,0,0,0,0,0,0,0,0,0,0,0,0,0,0,0,0,0
0.12399380772958,0,0.128005381052693,0,0,0,0,0,0,0,0,0,0,0,0.205278251033563,0,0.174570675585043,0,0.153576674280872,0,0,0,0,0,0,0,0.170183787743251,0,0,0,0,0,0,0,0,0,0,0,0,0,0,0,0.129582677036524,0,0,0,0,0,0,0,0,0,0,0,0.243709254313956,0,0,0,0,0,0.190989375114441,0,0,0,0,0,0,0,0,0,0,0,0,0,0,0,0,0,0,0,0,0,0.163149187794772,0.180811412878487,0.142339386045933,0,0
0,0.161851987200205,0,0.121935923918358,0,0,0,0,0,0,0,0,0,0,0,0.155119843780994,0.182415321469307,0.242981161677412,0.168023862057563,0,0,0,0,0.205304105836217,0,0.192036959467475,0,0,0,0,0,0,0,0,0,0,0,0,0,0,0,0.192723698280995,0,0,0,0.247034162282944,0,0,0,0.198273042837779,0,0,0,0,0,0.139942584236463,0,0,0,0,0,0.164821510203183,0,0,0,0,0.170782531301181,0,0.215080514550209,0,0,0,0,0,0,0,0,0,0,0,0,0,0.205770877934087,0.211155639588833,0.189616948710416,0.188984449952841,0
0,0,0,0,0,0,0,0,0,0,0,0,0.195748030068866,0,0,0,0,0,0,0,0.193816456060188,0,0,0,0,0,0,0,0.21465379518993,0,0.239312488171789,0,0,0,0,0,0.183714976614597,0,0.220051242482398,0,0,0,0,0,0,0,0,0,0,0,0,0,0,0,0,0,0.174867313774422,0,0.194743457320664,0,0,0,0,0.187092909713586,0,0,0,0,0,0,0,0.215750232338905,0,0,0,0,0,0,0,0.175544038414955,0,0.192166688869584,0.196060463328633,0.230864762639945,0,0,0
0,0,0,0,0,0.18427212536335,0,0,0,0,0,0,0,0.208224422451125,0,0,0,0,0,0.12839280397861,0,0,0,0,0,0,0,0.224025391042233,0,0,0,0,0,0,0,0.202965489650766,0,0.199271631700825,0,0,0,0,0,0,0,0,0,0,0,0,0,0,0,0,0,0,0,0.226010618752308,0,0.211159737934374,0,0,0.135166137913863,0,0,0,0,0,0,0,0,0,0.219872303307056,0,0,0,0,0,0.190125573858641,0,0.202427510363815,0,0.217223107566436,0.225124328880688,0,0,0
0,0,0,0,0,0,0,0,0,0,0.195748030068866,0,0,0,0,0,0,0,0,0,0,0,0,0,0,0,0,0,0.185467851546044,0,0.22877411544323,0,0,0,0,0,0,0,0,0,0,0,0,0,0,0,0,0,0,0,0,0,0,0,0,0,0.178948195806721,0,0.177436205248038,0,0,0,0,0,0,0,0,0,0,0,0,0.210446493809714,0,0,0,0,0,0,0,0,0,0,0.198285282429774,0.198572744509092,0,0,0
0,0,0,0,0,0,0,0,0,0,0,0.208224422451125,0,0,0,0,0,0.189752364048251,0,0,0,0,0,0,0,0,0,0,0,0.225684602345739,0,0,0,0,0,0,0,0,0,0,0,0,0,0,0,0,0,0,0,0,0,0,0,0,0,0,0,0.225109240714236,0,0.182226490974426,0,0,0,0,0,0,0,0,0,0,0,0,0.211531167849898,0,0,0,0,0,0,0,0,0,0.186269549778634,0.190211840284367,0,0,0
0,0,0,0,0,0,0,0,0.205278251033563,0,0,0,0,0,0,0,0,0,0,0,0,0,0,0,0,0,0,0,0,0,0,0,0,0,0,0,0,0,0,0,0,0,0,0,0,0,0,0,0,0,0,0,0,0,0.224577727827054,0,0,0,0,0,0.18405568360218,0,0,0,0,0,0,0,0,0,0,0,0,0,0,0,0,0,0,0,0,0,0.204621650105299,0.221512890974135,0,0,0
0,0,0,0,0,0,0,0,0,0.155119843780994,0,0,0,0,0,0,0.180035516619682,0.174744880021508,0.248585104942322,0,0,0,0,0.226902857422829,0,0,0,0,0,0,0,0,0,0,0,0,0,0,0,0,0,0,0,0,0,0,0,0,0,0,0,0,0,0,0,0.147352719679475,0,0,0,0,0,0.184764266945422,0,0,0,0,0,0,0,0,0,0,0,0,0,0,0,0,0,0,0,0,0.160497294864589,0.162773099612905,0,0,0
0,0,0,0,0,0,0,0,0.174570675585043,0.182415321469307,0,0,0,0,0,0.180035516619682,0,0.16544581630742,0.226947366585044,0,0,0,0.1692477657219,0,0,0,0.15316208700339,0,0.169445384007234,0,0,0,0,0,0,0,0,0,0,0,0.278305669691828,0.196846506156419,0.211891202171418,0.203750786167092,0,0.201960307028559,0.259745144722413,0,0.229485880944037,0,0,0,0,0,0,0,0,0,0,0,0,0,0,0,0,0.189378057916959,0,0,0,0,0,0,0,0,0,0,0,0,0.256023662785689,0.280129577568237,0.219857502140497,0.280967533588409,0.1814040372797,0.171399798803205,0.230631292610825,0.18387551174352,0
0,0.272741922872816,0,0,0,0,0,0,0,0.242981161677412,0,0,0,0.189752364048251,0,0.174744880021508,0.16544581630742,0,0.251868213734524,0,0,0.140095980151703,0,0.214562726210566,0,0.171791407746075,0,0,0,0,0,0,0,0,0,0,0,0,0,0.204428181052208,0.283939043680827,0.211237315822823,0.191930716236432,0.237549646287902,0,0.211596665575224,0.227376714348793,0,0.224225766956806,0.22011179625988,0,0,0,0,0,0,0,0,0,0.197735058143735,0,0.187101021716275,0.268931339184443,0,0,0,0,0,0.158068877261351,0,0,0,0.211222916841507,0,0,0,0,0,0.288435544609354,0.273169845342636,0.24554474228019,0,0.20343437408499,0.185872585990944,0.27534994044938,0.199933237758757,0
0.14919510448001,0.203515693937477,0.213258370757103,0.251826874911785,0,0,0,0,0.153576674280872,0.168023862057563,0,0,0,0,0,0.248585104942322,0.226947366585044,0.251868213734524,0,0,0,0,0,0.20838513597846,0,0.212784303860231,0,0,0,0,0,0,0,0,0,0,0,0,0,0.228300116956234,0.325838581518525,0.169538090107751,0.199458938091993,0.237966286751532,0.334441683852851,0.206035460790862,0.336014979962266,0.23248149206241,0.223109450936317,0.219519563019276,0,0,0,0,0.152317181229591,0,0,0,0,0,0,0,0,0,0,0,0,0,0,0,0,0,0,0,0,0,0,0,0.323063743131731,0.31437372500832,0.252515100789341,0.30671950529019,0.188878994062895,0.181339917605659,0.256774521821023,0.193603966613205,0.160715588264995
0,0,0,0,0,0.168591663086166,0,0,0,0,0,0.12839280397861,0,0,0,0,0,0,0,0,0,0,0,0,0,0,0,0,0,0,0,0,0,0,0,0.181086268250611,0,0.175783351063728,0,0,0,0,0,0,0,0,0,0,0,0,0,0.132515907287598,0,0,0,0,0,0,0,0,0,0,0.169792291115631,0,0,0,0,0,0,0,0,0,0,0,0,0,0,0,0.178682194414521,0,0,0,0.165930725519474,0,0,0,0
0,0,0.190003136793772,0,0,0,0,0,0,0,0.193816456060188,0,0,0,0,0,0,0,0,0,0,0,0,0,0,0,0,0,0,0,0,0,0,0,0,0,0.162286812022551,0,0.20875869826837,0,0,0,0,0,0,0,0,0,0,0,0,0,0,0,0,0,0.206438490696121,0,0,0,0,0,0,0.154667219237947,0,0,0,0,0,0,0,0,0,0,0,0,0,0,0,0.144540667533875,0,0,0.176174732444228,0.175330851884449,0.175689001983785,0,0
0,0,0,0,0,0,0,0,0,0,0,0,0,0,0,0,0,0.140095980151703,0,0,0,0,0.136560243554217,0.152953720092773,0,0.180916314944625,0,0.180384436249733,0,0,0,0,0,0.221073543614355,0.250889266756448,0,0,0.165770160566194,0.260754764080048,0,0,0,0,0,0,0,0,0.244165704530828,0,0,0,0,0,0,0,0,0,0,0,0,0,0,0,0,0.137731442323401,0,0.169950619339943,0,0,0,0.18600326541223,0,0,0,0,0,0.209467057670866,0,0,0,0.180645859465334,0,0.166670548825326,0.20451932094408,0,0,0
0,0,0,0,0,0,0,0,0,0,0,0,0,0,0,0,0.1692477657219,0,0,0,0,0.136560243554217,0,0,0.174791435298475,0,0.151377715958426,0,0.156627895837685,0,0,0,0,0.26349264383316,0.262643545866013,0,0,0.16613009866131,0.175820963662086,0,0,0,0,0,0,0,0,0.261133473366499,0,0,0,0,0,0,0,0,0,0,0,0,0,0,0,0,0.121240866991381,0.154302006920381,0,0,0,0,0,0.164029206795727,0,0,0,0,0,0,0,0,0,0.180834215881523,0.159120812010283,0.228126134451009,0,0,0
0,0.196216721619878,0,0,0,0,0,0,0,0.205304105836217,0,0,0,0,0,0.226902857422829,0,0.214562726210566,0.20838513597846,0,0,0.152953720092773,0,0,0,0.179177354815158,0,0,0,0,0,0,0,0,0,0,0,0.145199398994852,0,0,0,0,0,0,0,0,0,0,0,0,0,0,0,0,0,0,0,0,0,0,0,0,0,0,0,0,0.145323290964779,0,0.184433749385094,0,0,0,0,0,0,0,0,0,0.317575037479401,0,0.151546685956419,0,0.204612741273945,0,0,0,0
0,0,0,0,0,0,0,0,0,0,0,0,0,0,0,0,0,0,0,0,0,0,0.174791435298475,0,0,0,0.176578690608342,0,0,0,0,0,0,0,0,0,0,0,0.158005995635349,0,0,0,0,0,0,0,0,0,0,0,0,0,0,0,0,0,0,0,0,0,0,0,0,0,0,0.186711400160911,0,0.160467460751534,0,0,0,0,0,0,0,0,0,0,0,0,0,0.137060667521187,0.203724210226053,0,0,0,0
0,0,0,0,0,0,0,0,0,0.192036959467475,0,0,0,0,0,0,0,0.171791407746075,0.212784303860231,0,0,0.180916314944625,0,0.179177354815158,0,0,0,0,0,0,0,0,0,0,0,0,0,0,0,0,0,0,0,0,0,0,0,0,0,0,0,0,0,0,0,0,0,0,0,0,0,0,0,0,0,0,0.175042874272913,0,0.129990085959435,0,0,0,0,0,0,0,0,0,0.268234372138977,0,0.213260024785995,0,0.178911104315688,0.19336462020874,0.228272452950478,0.187084704637527,0
0,0,0,0,0,0,0,0,0.170183787743251,0,0,0,0,0,0,0,0.15316208700339,0,0,0,0,0,0.151377715958426,0,0.176578690608342,0,0,0,0.149217253731143,0,0,0,0,0,0,0,0,0,0,0,0,0,0,0,0,0,0,0,0,0,0,0,0,0,0,0,0,0,0,0,0,0,0,0,0,0.186026999255927,0,0,0,0.141809985041618,0,0,0,0,0,0,0,0,0,0,0,0,0.162025261077346,0,0,0,0
0,0,0,0,0,0,0,0,0,0,0,0.224025391042233,0,0,0,0,0,0,0,0,0,0.180384436249733,0,0,0,0,0,0,0,0.197625432178212,0,0,0,0,0,0,0,0,0,0,0,0,0,0,0,0,0,0,0,0,0,0,0,0,0,0,0,0.211931975424103,0,0.214678393168883,0,0,0,0,0.183742884546518,0,0,0,0,0,0.219375449087885,0,0.211853382201901,0,0,0,0,0,0,0,0.214149009436369,0,0.193002397022694,0.220016564538492,0,0,0
0,0,0,0,0,0,0,0,0,0,0.21465379518993,0,0.185467851546044,0,0,0,0.169445384007234,0,0,0,0,0,0.156627895837685,0,0,0,0.149217253731143,0,0,0,0.209043321013451,0,0,0,0,0,0,0,0.181413437562635,0,0,0,0,0,0,0,0,0,0,0,0,0,0,0,0,0,0.200223599871,0,0.200248124745657,0,0,0,0,0,0,0.154611104922573,0,0,0,0.145189902186394,0,0.184892635690782,0,0.20466017888652,0,0,0,0,0,0,0,0,0.20786991531244,0.22918581536838,0,0,0
0,0,0,0,0,0,0,0,0,0,0,0,0,0.225684602345739,0,0,0,0,0,0,0,0,0,0,0,0,0,0.197625432178212,0,0,0,0,0,0,0,0,0,0.198811014493306,0,0,0,0,0,0,0,0,0,0,0,0,0,0,0,0,0,0,0,0.210896368853228,0,0,0,0,0,0,0,0,0,0,0,0,0.191885387652541,0,0.215170409151225,0,0,0,0,0,0,0,0.222062208686009,0,0.243493759383758,0.219356752018321,0,0,0
0,0,0,0,0,0,0,0,0,0,0.239312488171789,0,0.22877411544323,0,0,0,0,0,0,0,0,0,0,0,0,0,0,0,0.209043321013451,0,0,0,0,0,0,0,0,0,0.201318564138553,0,0,0,0,0,0,0,0,0,0,0,0,0,0,0,0,0,0,0,0,0,0,0,0,0,0,0,0,0,0,0,0,0.182535316907998,0,0,0,0,0,0,0,0,0,0.206626707794493,0.259933477871494,0.251438241218851,0,0,0
0,0,0,0,0,0,0,0,0,0,0,0,0,0,0,0,0,0,0,0,0,0,0,0,0,0,0,0,0,0,0,0,0.133912132630773,0.14259623357507,0.14463620185852,0.153968493143717,0.132791050426338,0,0,0,0,0,0,0,0,0,0,0.16776489164423,0,0,0,0,0,0,0,0,0,0,0,0,0,0,0,0,0,0,0,0,0,0,0,0,0,0,0.160406475401904,0.144049154650142,0.280869728016062,0,0,0.141997748613358,0,0,0.158090387140551,0,0,0,0
0,0,0,0,0,0,0,0,0,0,0,0,0,0,0,0,0,0,0,0,0,0,0,0,0,0,0,0,0,0,0,0.133912132630773,0,0.127575188407652,0.143215057663782,0.179518815595657,0.146418131379919,0,0,0,0,0,0,0,0,0,0,0.171736509747365,0,0,0,0,0,0,0,0,0,0,0,0,0,0,0,0,0,0,0,0,0,0,0,0,0,0,0.149044685222052,0.131246868452711,0.134261982945295,0,0.328889881787093,0.150406594077746,0,0,0.173955056374954,0,0,0,0
0,0,0,0,0,0,0,0,0,0,0,0,0,0,0,0,0,0,0,0,0,0.221073543614355,0.26349264383316,0,0,0,0,0,0,0,0,0.14259623357507,0.127575188407652,0,0.151125177239891,0,0,0.157571043565192,0.499002037303788,0,0,0,0,0,0,0,0,0.295089184721892,0.55134505033493,0,0,0,0,0,0,0,0,0,0,0,0,0,0,0,0,0,0,0,0,0,0,0,0,0,0,0.125134711819036,0.223490206793668,0.150164182546532,0,0,0.389481902122498,0.423365728741281,0.151834255444134,0.176185177507955,0,0,0
0,0,0,0,0,0,0,0,0,0,0,0,0,0,0,0,0,0,0,0,0,0.250889266756448,0.262643545866013,0,0,0,0,0,0,0,0,0.14463620185852,0.143215057663782,0.151125177239891,0,0,0.163844187466199,0.270599568883578,0.224799149270569,0,0,0,0,0,0,0,0,0.296136707837575,0,0.54461274544398,0,0,0,0,0,0,0,0,0,0,0,0,0,0,0,0,0,0,0,0,0,0,0,0,0,0.139295622706413,0.199855013730875,0.269437757749406,0,0.167922988295555,0.447502688024983,0.370990514755249,0.149062052330109,0.251007901805062,0,0,0
0,0,0,0,0,0,0,0,0,0,0,0.202965489650766,0,0,0,0,0,0,0,0.181086268250611,0,0,0,0,0,0,0,0,0,0,0,0.153968493143717,0.179518815595657,0,0,0,0.183824984785377,0.138391994420559,0.129896436293313,0.157714968097621,0,0,0,0,0,0,0,0.381201880369613,0.182648037870725,0.161543421447277,0,0,0,0,0,0,0,0.172919071665624,0,0,0,0,0.181348630914364,0,0,0,0,0,0,0,0,0,0,0,0.173221678645523,0.141023452157405,0,0,0.180642287063446,0.217443947280849,0,0,0.1564732399273,0.173143046051264,0.219497121870518,0,0
0,0,0.216128577788671,0,0.187771159224212,0,0,0,0,0,0.183714976614597,0,0,0,0,0,0,0,0,0,0.162286812022551,0,0,0,0,0,0,0,0,0,0,0.132791050426338,0.146418131379919,0,0.163844187466199,0.183824984785377,0,0,0.158403141701092,0.14910321472547,0.17609590117024,0,0.216967544040164,0,0,0,0,0.469967560041742,0.192987999361422,0,0,0,0,0,0,0,0.163891181349754,0,0,0,0,0,0,0.159821394009235,0,0,0,0,0,0,0,0,0,0,0.158429470155146,0.155082477599967,0,0.125533790513873,0.195817739271173,0.183233124026278,0,0,0.146928477385163,0.222748031359883,0.187019459436457,0,0
0,0,0,0,0,0,0,0,0,0,0,0.199271631700825,0,0,0,0,0,0,0,0.175783351063728,0,0.165770160566194,0.16613009866131,0.145199398994852,0,0,0,0,0,0.198811014493306,0,0,0,0.157571043565192,0.270599568883578,0.138391994420559,0,0,0.198264244290971,0,0,0,0,0,0,0,0,0.359101421162152,0,0.305072094137604,0,0,0,0,0,0,0,0,0,0,0,0,0.170987694904584,0,0.152961114048958,0,0.143807520779471,0,0,0,0,0,0.209704566884924,0,0,0,0.175639870975699,0.580094158649445,0.14157051027329,0,0.240143234423982,0.547924866278966,0.198238281653293,0.240778804276929,0.293001524558881,0,0
0,0,0,0,0,0,0,0,0,0,0.220051242482398,0,0,0,0,0,0,0,0,0,0.20875869826837,0.260754764080048,0.175820963662086,0,0.158005995635349,0,0,0,0.181413437562635,0,0.201318564138553,0,0,0.499002037303788,0.224799149270569,0.129896436293313,0.158403141701092,0.198264244290971,0,0,0,0,0,0,0,0,0,0.479559428396271,0.242391263445218,0.626482397317886,0,0,0,0,0,0,0.21551775191217,0,0,0,0,0,0,0.172256422229111,0,0.205046614414544,0,0,0,0,0,0.168864942918065,0,0.190536270330425,0,0,0.58862243663697,0.34985014796257,0.118805594742298,0.144236742342809,0.358976265305982,0.187728708907584,0.185386839216718,0.242234395029115,0,0,0
0,0.302260159381798,0,0.294601768255234,0,0,0,0,0,0,0,0,0,0,0,0,0,0.204428181052208,0.228300116956234,0,0,0,0,0,0,0,0,0,0,0,0,0,0,0,0,0.157714968097621,0.14910321472547,0,0,0,0,0.284135540487135,0,0.218003063152234,0,0.185652057830897,0,0.139979957309488,0,0.177140311648825,0,0,0,0,0,0,0,0.275251552462578,0,0,0,0,0,0,0,0,0,0,0,0,0,0,0.261456698409201,0,0,0,0,0,0.201565388088108,0,0.240206119116018,0,0.292775064706802,0,0.273439490546783,0,0
0,0,0.193223474762806,0,0,0,0,0,0,0,0,0,0,0,0,0,0.278305669691828,0.283939043680827,0.325838581518525,0,0,0,0,0,0,0,0,0,0,0,0,0,0,0,0,0,0.17609590117024,0,0,0,0,0,0.226411781881167,0,0.405753132747245,0,0.337702732374694,0.204973942703671,0.184030853548148,0,0,0,0,0,0,0,0,0,0,0,0,0,0,0.125528107651255,0,0,0,0,0,0,0,0,0,0,0,0,0,0,0,0.158856342624686,0,0.32831217845281,0.211768069944109,0,0.235463757969495,0,0
0,0.212800462820125,0,0.235727528050412,0,0.202900336124003,0,0,0,0.192723698280995,0,0,0,0,0,0,0.196846506156419,0.211237315822823,0.169538090107751,0,0,0,0,0,0,0,0,0,0,0,0,0,0,0,0,0,0,0,0,0.284135540487135,0,0,0.211152511815362,0.251797205747518,0,0.255919225488654,0,0.3052199009392,0,0.298410427945879,0,0,0,0,0,0.18494463711977,0,0.341501670855063,0,0,0,0,0.415375891658995,0,0,0,0,0,0,0,0,0,0.328349405315907,0,0,0,0,0,0.382759465766487,0,0.345834114752724,0,0.223074425233772,0.190053579956293,0.293657563016352,0.176036112510891,0
0.302178824741033,0,0.287923640394559,0,0,0,0,0,0.129582677036524,0,0,0,0,0,0,0,0.211891202171418,0.191930716236432,0.199458938091993,0,0,0,0,0,0,0,0,0,0,0,0,0,0,0,0,0,0.216967544040164,0,0,0,0.226411781881167,0.211152511815362,0,0,0,0,0.213240040273502,0.374458863185002,0.3192641527485,0,0,0,0,0,0,0,0,0,0,0,0,0,0,0,0,0,0,0,0,0,0,0,0,0,0,0,0,0,0,0.374685893952847,0,0.348175165553888,0.272800397800982,0.183181215077639,0.31269443070331,0,0.356124204094127
0,0.279751012722651,0,0.275369971990585,0,0,0,0,0,0,0,0,0,0,0,0,0.203750786167092,0.237549646287902,0.237966286751532,0,0,0,0,0,0,0,0,0,0,0,0,0,0,0,0,0,0,0,0,0.218003063152234,0,0.251797205747518,0,0,0,0.227070152367416,0,0,0,0.224134952281461,0,0,0,0,0,0,0,0,0,0,0,0,0,0,0,0,0,0,0,0,0,0,0.238086695472399,0,0,0,0,0,0.39080092797474,0,0.337565362453461,0,0.212806634997067,0,0.255756676834535,0,0
0,0,0,0,0,0,0,0,0,0,0,0,0,0,0,0,0,0,0.334441683852851,0,0,0,0,0,0,0,0,0,0,0,0,0,0,0,0,0,0,0,0,0,0.405753132747245,0,0,0,0,0,0.347799273703596,0,0,0,0,0,0,0,0,0,0,0,0,0,0,0,0,0,0,0,0,0,0,0,0,0,0,0,0,0,0,0,0,0.376243012908258,0,0.359828283389409,0,0,0.39022154923302,0,0
0,0.279884739153421,0,0.275773581117392,0,0,0,0,0,0.247034162282944,0,0,0,0,0,0,0.201960307028559,0.211596665575224,0.206035460790862,0,0,0,0,0,0,0,0,0,0,0,0,0,0,0,0,0,0,0,0,0.185652057830897,0,0.255919225488654,0,0.227070152367416,0,0,0,0,0,0.213984414369469,0,0,0,0,0,0,0,0.249134118358294,0,0,0,0,0.286178730157503,0,0,0,0,0,0,0,0,0,0.238834129619109,0,0,0,0,0,0.341505589626367,0,0.280195906567878,0,0.217405462637544,0,0.249664613870082,0.25262159605821,0
0,0,0,0,0,0,0,0,0,0,0,0,0,0,0,0,0.259745144722413,0.227376714348793,0.336014979962266,0,0,0,0,0,0,0,0,0,0,0,0,0,0,0,0,0,0,0,0,0,0.337702732374694,0,0.213240040273502,0,0.347799273703596,0,0,0,0.237140845921304,0,0,0,0,0,0,0,0,0,0,0,0,0,0,0,0,0,0,0,0,0,0,0,0,0,0,0,0,0,0,0.344110385097306,0,0.340402620179313,0.276384405626191,0,0.29495552307424,0,0
0.261669188737869,0,0.218139895796776,0,0,0,0,0,0,0,0,0,0,0,0,0,0,0,0.23248149206241,0,0,0.244165704530828,0.261133473366499,0,0,0,0,0,0,0,0,0.16776489164423,0.171736509747365,0.295089184721892,0.296136707837575,0.381201880369613,0.469967560041742,0.359101421162152,0.479559428396271,0.139979957309488,0.204973942703671,0.3052199009392,0.374458863185002,0,0,0,0,0,0.354918540471603,0.335229375452407,0,0,0,0,0,0,0,0,0,0,0,0,0,0,0,0,0,0,0,0,0,0,0.232620254158974,0,0.347504936655362,0.208053814976112,0.310101412579882,0.403751472665078,0.327714098385182,0.371782614332106,0.479687374667006,0.551844642130714,0.238139264249916,0.249005184141781,0.351435279810787,0,0
0.174015354581069,0,0.199238325853151,0,0,0,0,0,0,0,0,0,0,0,0,0,0.229485880944037,0.224225766956806,0.223109450936317,0,0,0,0,0,0,0,0,0,0,0,0,0,0,0.55134505033493,0,0.182648037870725,0.192987999361422,0,0.242391263445218,0,0.184030853548148,0,0.3192641527485,0,0,0,0.237140845921304,0.354918540471603,0,0.163995931572888,0,0,0,0,0,0,0,0,0,0,0,0,0,0,0,0,0,0,0,0,0,0,0,0,0,0,0,0.15073698759079,0.167593397200108,0.170508671387936,0.571747183799744,0.167865916319525,0.255412860158124,0,0.2423007275919,0,0.279449924826622
0,0.14792215713048,0,0.139898641977781,0,0,0,0,0,0.198273042837779,0,0,0,0,0,0,0,0.22011179625988,0.219519563019276,0,0,0,0,0,0,0,0,0,0,0,0,0,0,0,0.54461274544398,0.161543421447277,0,0.305072094137604,0.626482397317886,0.177140311648825,0,0.298410427945879,0,0.224134952281461,0,0.213984414369469,0,0.335229375452407,0.163995931572888,0,0,0,0,0,0,0,0,0.156498286273421,0,0,0,0.126996099358738,0,0,0,0,0,0,0,0,0,0,0.251602569022478,0,0,0,0.208007425345756,0.538742935284972,0.189996024687345,0,0.3030199018511,0.589475671295077,0.227871907754915,0,0.270668492191704,0.22945861518383,0
0,0,0,0,0.187598689324632,0,0.160032908121745,0,0,0,0,0,0,0,0,0,0,0,0,0,0,0,0,0,0,0,0,0,0,0,0,0,0,0,0,0,0,0,0,0,0,0,0,0,0,0,0,0,0,0,0,0,0.151237104284136,0,0,0,0,0,0.133989793913705,0,0,0,0,0,0,0,0,0,0,0,0,0,0,0,0,0,0,0,0,0,0,0,0.182795334351781,0,0,0,0
0,0,0,0,0,0.122036584193193,0,0,0,0,0,0,0,0,0,0,0,0,0,0.132515907287598,0,0,0,0,0,0,0,0,0,0,0,0,0,0,0,0,0,0,0,0,0,0,0,0,0,0,0,0,0,0,0,0,0,0,0,0,0,0,0,0,0,0,0,0,0,0,0,0,0,0,0,0,0,0,0,0,0,0,0,0,0,0,0,0,0,0,0
0,0,0,0,0.154350765049458,0,0.185863211750984,0,0,0,0,0,0,0,0,0,0,0,0,0,0,0,0,0,0,0,0,0,0,0,0,0,0,0,0,0,0,0,0,0,0,0,0,0,0,0,0,0,0,0,0.151237104284136,0,0,0,0,0,0,0,0,0,0,0,0,0,0,0,0,0,0,0,0,0,0,0,0,0,0,0,0,0,0,0,0,0,0,0,0
0,0,0,0,0,0,0,0,0,0,0,0,0,0,0,0,0,0,0,0,0,0,0,0,0,0,0,0,0,0,0,0,0,0,0,0,0,0,0,0,0,0,0,0,0,0,0,0,0,0,0,0,0,0,0,0,0,0,0,0,0,0,0,0,0,0,0,0,0,0,0,0,0,0,0,0,0,0,0,0,0,0,0,0,0,0,0
0.14479305068297,0,0.132475423551824,0,0.122889716022958,0,0,0,0.243709254313956,0,0,0,0,0,0.224577727827054,0,0,0,0.152317181229591,0,0,0,0,0,0,0,0,0,0,0,0,0,0,0,0,0,0,0,0,0,0,0,0,0,0,0,0,0,0,0,0,0,0,0,0,0,0,0,0,0,0.200239829920016,0,0,0,0,0,0,0,0,0,0,0,0,0,0,0,0,0,0,0,0,0,0.193891585157935,0.236323624849319,0,0,0
0,0.142973603708531,0,0.15365353756045,0,0,0,0,0,0.139942584236463,0,0,0,0,0,0.147352719679475,0,0,0,0,0,0,0,0,0,0,0,0,0,0,0,0,0,0,0,0,0,0,0,0,0,0.18494463711977,0,0,0,0,0,0,0,0,0,0,0,0,0,0,0,0,0,0,0,0.164792664349079,0,0,0,0,0,0,0,0,0,0,0,0,0,0,0,0,0,0,0,0,0.180110053582625,0,0.185805863142014,0.190424278378487,0
0,0,0,0,0,0,0,0,0,0,0.174867313774422,0,0.178948195806721,0,0,0,0,0,0,0,0.206438490696121,0,0,0,0,0,0,0,0.200223599871,0,0,0,0,0,0,0,0.163891181349754,0,0.21551775191217,0,0,0,0,0,0,0,0,0,0,0,0,0,0,0,0,0,0,0,0.172274222849189,0,0,0,0,0.192683333387742,0,0,0,0,0,0,0,0,0,0,0,0,0,0,0,0,0,0,0.184645867013272,0.218199281938492,0.178118248780568,0,0
0,0.328183025121689,0,0,0,0.201925337314606,0,0,0,0,0,0.226010618752308,0,0.225109240714236,0,0,0,0,0,0,0,0,0,0,0,0,0,0.211931975424103,0,0.210896368853228,0,0,0,0,0,0.172919071665624,0,0,0,0.275251552462578,0,0.341501670855063,0,0,0,0.249134118358294,0,0,0,0.156498286273421,0,0,0,0,0,0,0,0,0,0.21623836173511,0,0,0,0,0,0,0,0,0,0,0.199647396802902,0,0.323189889607222,0,0,0,0,0,0.186720132827759,0,0.285089790821075,0,0.195487359543806,0.195607169282318,0.248807432396071,0.281663537025452,0
0,0,0,0,0.134888492992056,0,0,0,0,0,0.194743457320664,0,0.177436205248038,0,0,0,0,0,0,0,0,0,0,0,0,0,0,0,0.200248124745657,0,0,0,0,0,0,0,0,0,0,0,0,0,0,0,0,0,0,0,0,0,0.133989793913705,0,0,0,0,0,0.172274222849189,0,0,0,0,0,0,0,0,0,0,0,0,0,0,0.216200261756226,0,0,0,0,0,0,0,0,0,0,0.197220823808547,0.200143960548205,0,0,0
0,0,0,0,0,0,0,0,0,0,0,0.211159737934374,0,0.182226490974426,0,0,0,0.197735058143735,0,0,0,0,0,0,0,0,0,0.214678393168883,0,0,0,0,0,0,0,0,0,0,0,0,0,0,0,0,0,0,0,0,0,0,0,0,0,0,0,0,0,0.21623836173511,0,0,0,0,0,0,0,0,0,0,0,0,0,0,0,0,0,0,0,0,0,0,0,0,0.189825021046198,0.185155821052369,0,0,0
0,0,0,0,0,0,0,0,0.190989375114441,0,0,0,0,0,0.18405568360218,0,0,0,0,0,0,0,0,0,0,0,0,0,0,0,0,0,0,0,0,0,0,0,0,0,0,0,0,0,0,0,0,0,0,0,0,0,0,0,0.200239829920016,0,0,0,0,0,0,0,0,0,0,0,0,0,0,0,0,0,0,0,0,0,0,0,0,0,0,0,0.194482339983917,0.222407777498408,0,0,0
0,0.127413287758827,0,0,0,0,0,0,0,0.164821510203183,0,0,0,0,0,0.184764266945422,0,0.187101021716275,0,0,0,0,0,0,0,0,0,0,0,0,0,0,0,0,0,0,0,0,0,0,0,0,0,0,0,0,0,0,0,0.126996099358738,0,0,0,0,0,0.164792664349079,0,0,0,0,0,0,0,0,0,0,0,0,0,0,0,0,0,0,0,0,0,0,0,0,0,0,0.170183149818708,0.163834208217652,0,0,0
0,0,0,0,0,0,0,0,0,0,0,0.135166137913863,0,0,0,0,0,0.268931339184443,0,0.169792291115631,0,0,0,0,0,0,0,0,0,0,0,0,0,0,0,0.181348630914364,0,0.170987694904584,0,0,0,0.415375891658995,0,0,0,0.286178730157503,0,0,0,0,0,0,0,0,0,0,0,0,0,0,0,0,0,0,0,0,0,0,0,0,0,0,0,0,0,0,0,0,0.184081803945818,0,0.196675854948936,0,0.164783578378336,0,0.373162297399775,0,0
0,0,0,0,0,0,0,0,0,0,0.187092909713586,0,0,0,0,0,0,0,0,0,0.154667219237947,0,0,0,0,0,0,0,0,0,0,0,0,0,0,0,0.159821394009235,0,0.172256422229111,0,0.125528107651255,0,0,0,0,0,0,0,0,0,0,0,0,0,0,0,0.192683333387742,0,0,0,0,0,0,0,0,0,0,0,0,0,0,0,0,0,0,0,0,0,0,0.118096325546503,0,0,0.179367212191516,0,0.282338970538342,0,0
0,0,0,0,0,0,0,0,0,0,0,0,0,0,0,0,0,0,0,0,0,0.137731442323401,0.121240866991381,0,0,0,0,0.183742884546518,0,0,0,0,0,0,0,0,0,0.152961114048958,0,0,0,0,0,0,0,0,0,0,0,0,0,0,0,0,0,0,0,0,0,0,0,0,0,0,0,0,0,0,0,0,0,0,0,0,0,0,0,0,0,0,0.147921481480201,0,0.131062683832442,0.181576624978334,0,0,0
0,0,0,0,0,0,0,0,0,0,0,0,0,0,0,0,0.189378057916959,0,0,0,0,0,0.154302006920381,0,0.186711400160911,0,0.186026999255927,0,0.154611104922573,0,0,0,0,0,0,0,0,0,0.205046614414544,0,0,0,0,0,0,0,0,0,0,0,0,0,0,0,0,0,0,0,0,0,0,0,0,0,0,0,0,0,0,0,0,0,0,0,0,0,0,0,0,0,0,0.191132252415021,0.175065495410691,0.209389497805043,0,0,0
0,0,0,0,0,0,0,0,0,0.170782531301181,0,0,0,0,0,0,0,0,0,0,0,0.169950619339943,0,0.145323290964779,0,0.175042874272913,0,0,0,0,0,0,0,0,0,0,0,0.143807520779471,0,0,0,0,0,0,0,0,0,0,0,0,0,0,0,0,0,0,0,0,0,0,0,0,0,0,0,0,0,0,0.178974553132835,0,0,0,0,0,0,0,0,0,0,0,0,0,0.138582763960585,0,0,0,0
0,0,0,0,0,0,0,0,0,0,0,0,0,0,0,0,0,0,0,0,0,0,0,0,0.160467460751534,0,0,0,0,0,0,0,0,0,0,0,0,0,0,0,0,0,0,0,0,0,0,0,0,0,0,0,0,0,0,0,0,0,0,0,0,0,0,0,0,0,0,0,0,0,0,0,0,0,0,0,0,0,0,0,0,0,0.158532069488005,0,0,0,0
0,0,0,0,0,0,0,0,0,0.215080514550209,0,0,0,0,0,0,0,0.158068877261351,0,0,0,0,0,0.184433749385094,0,0.129990085959435,0,0,0,0,0,0,0,0,0,0,0,0,0,0,0,0,0,0,0,0,0,0,0,0,0,0,0,0,0,0,0,0,0,0,0,0,0,0,0,0,0.178974553132835,0,0,0,0,0,0,0,0,0,0,0,0,0,0,0,0.169515225907852,0,0,0,0
0,0,0,0,0,0,0,0,0,0,0,0,0,0,0,0,0,0,0,0,0,0,0,0,0,0,0.141809985041618,0,0.145189902186394,0,0,0,0,0,0,0,0,0,0,0,0,0,0,0,0,0,0,0,0,0,0,0,0,0,0,0,0,0,0,0,0,0,0,0,0,0,0,0,0,0,0,0,0,0,0,0,0,0,0,0,0,0,0.173619487455913,0,0,0,0
0,0,0,0,0,0,0,0,0,0,0,0,0,0,0,0,0,0,0,0,0,0.18600326541223,0,0,0,0,0,0.219375449087885,0,0.191885387652541,0,0,0,0,0,0,0,0,0,0,0,0,0,0,0,0,0,0,0,0,0,0,0,0,0,0,0,0.199647396802902,0,0,0,0,0,0,0,0,0,0,0,0,0,0,0.206940860787699,0,0,0,0,0,0,0,0,0,0.214143997219317,0.21858630379041,0,0,0
0,0,0,0,0,0,0,0,0,0,0.215750232338905,0,0.210446493809714,0,0,0,0,0,0,0,0,0,0.164029206795727,0,0,0,0,0,0.184892635690782,0,0.182535316907998,0,0,0,0,0,0,0,0.168864942918065,0,0,0,0,0,0,0,0,0,0,0,0,0,0,0,0,0,0,0,0.216200261756226,0,0,0,0,0,0,0,0,0,0,0,0,0,0,0,0,0,0,0,0,0,0,0,0.193095829040205,0.251783123239875,0,0,0
0,0.320171561506059,0,0,0,0,0,0,0,0,0,0.219872303307056,0,0.211531167849898,0,0,0,0.211222916841507,0,0,0,0,0,0,0,0,0,0.211853382201901,0,0.215170409151225,0,0,0,0,0,0,0,0.209704566884924,0,0.261456698409201,0,0.328349405315907,0,0.238086695472399,0,0.238834129619109,0,0.232620254158974,0,0.251602569022478,0,0,0,0,0,0,0,0.323189889607222,0,0,0,0,0,0,0,0,0,0,0,0,0.206940860787699,0,0,0,0,0,0,0,0.265209350250573,0,0.271235136514486,0,0.201081423807357,0.199188660881291,0.338096799680507,0,0
0,0,0,0,0,0,0,0,0,0,0,0,0,0,0,0,0,0,0,0,0,0,0,0,0,0,0,0,0.20466017888652,0,0,0,0,0,0,0,0,0,0.190536270330425,0,0,0,0,0,0,0,0,0,0,0,0,0,0,0,0,0,0,0,0,0,0,0,0,0,0,0,0,0,0,0,0,0,0,0,0,0,0,0,0,0,0,0.182207145053765,0,0,0,0,0
0,0,0,0,0,0,0,0,0,0,0,0,0,0,0,0,0,0,0,0,0,0,0,0,0,0,0,0,0,0,0,0.160406475401904,0.149044685222052,0,0,0.173221678645523,0.158429470155146,0,0,0,0,0,0,0,0,0,0,0.347504936655362,0,0,0,0,0,0,0,0,0,0,0,0,0,0,0,0,0,0,0,0,0,0,0,0,0,0,0,0.146966286576711,0,0,0,0.173666894688445,0,0,0.164793308495089,0,0,0,0
0,0,0,0,0,0,0,0,0,0,0,0,0,0,0,0,0,0,0,0,0,0,0,0,0,0,0,0,0,0,0,0.144049154650142,0.131246868452711,0.125134711819036,0.139295622706413,0.141023452157405,0.155082477599967,0,0,0,0,0,0,0,0,0,0,0.208053814976112,0,0,0,0,0,0,0,0,0,0,0,0,0,0,0,0,0,0,0,0,0,0,0,0,0,0,0.146966286576711,0,0.135730897161094,0,0,0.164372203381438,0,0,0.158814438138947,0,0,0,0
0,0,0,0,0,0,0,0,0,0,0,0,0,0,0,0,0,0,0,0,0,0.209467057670866,0,0,0,0,0,0,0,0,0,0.280869728016062,0.134261982945295,0.223490206793668,0.199855013730875,0,0,0.175639870975699,0.58862243663697,0,0,0,0,0,0,0,0,0.310101412579882,0,0.208007425345756,0,0,0,0,0,0,0,0,0,0,0,0,0,0,0,0,0,0,0,0,0,0,0,0,0,0.135730897161094,0,0.224900280817502,0.205935761332512,0,0,0.492658704648847,0.155540612836679,0.176849777677229,0.214737042784691,0,0
0,0,0,0,0,0,0,0,0,0,0,0,0,0,0,0,0,0,0,0,0,0,0,0,0,0,0,0,0,0,0,0,0,0.150164182546532,0.269437757749406,0,0.125533790513873,0.580094158649445,0.34985014796257,0,0,0,0,0,0,0,0,0.403751472665078,0.15073698759079,0.538742935284972,0,0,0,0,0,0,0,0,0,0,0,0,0,0,0,0,0,0,0,0,0,0,0,0,0,0,0.224900280817502,0,0,0.10620305774843,0.491635700321605,0.347744897546538,0.165413933144392,0,0,0,0
0,0.303795744975408,0,0.288618832826614,0,0,0,0,0,0,0,0.190125573858641,0,0,0,0,0.256023662785689,0.288435544609354,0.323063743131731,0.178682194414521,0,0,0,0.317575037479401,0,0.268234372138977,0,0,0,0,0,0,0.328889881787093,0,0,0.180642287063446,0.195817739271173,0.14157051027329,0.118805594742298,0.201565388088108,0,0.382759465766487,0,0.39080092797474,0,0.341505589626367,0,0.327714098385182,0.167593397200108,0.189996024687345,0,0,0,0,0,0,0,0.186720132827759,0,0,0,0,0.184081803945818,0,0,0,0,0,0,0,0,0,0.265209350250573,0,0,0,0.205935761332512,0,0,0.224034525132258,0.238135416120216,0,0.170539149241243,0.173409766875781,0.425930672802856,0.312587067484856,0
0,0,0,0,0,0,0,0,0,0,0.175544038414955,0,0,0,0,0,0.280129577568237,0.273169845342636,0.31437372500832,0,0.144540667533875,0,0,0,0,0,0,0,0,0,0,0.141997748613358,0.150406594077746,0,0.167922988295555,0.217443947280849,0.183233124026278,0,0.144236742342809,0,0.158856342624686,0,0.374685893952847,0,0.376243012908258,0,0.344110385097306,0.371782614332106,0.170508671387936,0,0,0,0,0,0,0,0,0,0,0,0,0,0,0.118096325546503,0,0,0,0,0,0,0,0,0,0,0.173666894688445,0.164372203381438,0,0.10620305774843,0.224034525132258,0,0,0.194602849086126,0.185126904923487,0.182841941714287,0.319694778685313,0,0
0,0.316709496080875,0,0,0,0,0,0,0,0,0,0.202427510363815,0,0,0,0,0.219857502140497,0.24554474228019,0.252515100789341,0,0,0.180645859465334,0,0.151546685956419,0,0.213260024785995,0,0.214149009436369,0,0.222062208686009,0,0,0,0.389481902122498,0.447502688024983,0,0,0.240143234423982,0.358976265305982,0.240206119116018,0,0.345834114752724,0,0.337565362453461,0,0.280195906567878,0,0.479687374667006,0.571747183799744,0.3030199018511,0,0,0,0,0,0,0,0.285089790821075,0,0,0,0,0.196675854948936,0,0.147921481480201,0,0,0,0,0,0,0,0.271235136514486,0,0,0,0,0.491635700321605,0.238135416120216,0,0,0.553880885432038,0.195134536597652,0.202444657683372,0.382556492181254,0.313336999127359,0
0,0,0.20465449988842,0,0,0,0,0,0,0,0.192166688869584,0,0,0,0,0,0.280967533588409,0,0.30671950529019,0,0,0,0.180834215881523,0,0.137060667521187,0,0,0,0,0,0.206626707794493,0,0,0.423365728741281,0.370990514755249,0,0,0.547924866278966,0.187728708907584,0,0.32831217845281,0,0.348175165553888,0,0.359828283389409,0,0.340402620179313,0.551844642130714,0.167865916319525,0.589475671295077,0,0,0,0,0,0,0,0,0,0,0,0,0,0,0,0.191132252415021,0,0,0,0,0,0,0,0.182207145053765,0,0,0.492658704648847,0.347744897546538,0,0.194602849086126,0.553880885432038,0,0.160612400416805,0.25316734795387,0.300663942624541,0,0.326903596520424
0.189452480318939,0.185551522566222,0.213962676758131,0.195304325417994,0.169727391759231,0.179350474476814,0,0,0.163149187794772,0.205770877934087,0.196060463328633,0.217223107566436,0.198285282429774,0.186269549778634,0.204621650105299,0.160497294864589,0.1814040372797,0.20343437408499,0.188878994062895,0.165930725519474,0.176174732444228,0.166670548825326,0.159120812010283,0.204612741273945,0.203724210226053,0.178911104315688,0.162025261077346,0.193002397022694,0.20786991531244,0.243493759383758,0.259933477871494,0.158090387140551,0.173955056374954,0.151834255444134,0.149062052330109,0.1564732399273,0.146928477385163,0.198238281653293,0.185386839216718,0.292775064706802,0.211768069944109,0.223074425233772,0.272800397800982,0.212806634997067,0,0.217405462637544,0.276384405626191,0.238139264249916,0.255412860158124,0.227871907754915,0.182795334351781,0,0,0,0.193891585157935,0.180110053582625,0.184645867013272,0.195487359543806,0.197220823808547,0.189825021046198,0.194482339983917,0.170183149818708,0.164783578378336,0.179367212191516,0.131062683832442,0.175065495410691,0.138582763960585,0.158532069488005,0.169515225907852,0.173619487455913,0.214143997219317,0.193095829040205,0.201081423807357,0,0.164793308495089,0.158814438138947,0.155540612836679,0.165413933144392,0.170539149241243,0.185126904923487,0.195134536597652,0.160612400416805,0,0.205517399166974,0.256263636181298,0.209383997700118,0.245225860885899
0,0,0.158231701363217,0,0.182273563229095,0,0,0,0.180811412878487,0.211155639588833,0.230864762639945,0.225124328880688,0.198572744509092,0.190211840284367,0.221512890974135,0.162773099612905,0.171399798803205,0.185872585990944,0.181339917605659,0,0.175330851884449,0.20451932094408,0.228126134451009,0,0,0.19336462020874,0,0.220016564538492,0.22918581536838,0.219356752018321,0.251438241218851,0,0,0.176185177507955,0.251007901805062,0.173143046051264,0.222748031359883,0.240778804276929,0.242234395029115,0,0,0.190053579956293,0.183181215077639,0,0,0,0,0.249005184141781,0,0,0,0,0,0,0.236323624849319,0,0.218199281938492,0.195607169282318,0.200143960548205,0.185155821052369,0.222407777498408,0.163834208217652,0,0,0.181576624978334,0.209389497805043,0,0,0,0,0.21858630379041,0.251783123239875,0.199188660881291,0,0,0,0.176849777677229,0,0.173409766875781,0.182841941714287,0.202444657683372,0.25316734795387,0.205517399166974,0,0.18199011593698,0,0
0.247590202822977,0.204373677408225,0.191595308061313,0.20106340508589,0.18393185270089,0.183022323566648,0,0,0.142339386045933,0.189616948710416,0,0,0,0,0,0,0.230631292610825,0.27534994044938,0.256774521821023,0,0.175689001983785,0,0,0,0,0.228272452950478,0,0,0,0,0,0,0,0,0,0.219497121870518,0.187019459436457,0.293001524558881,0,0.273439490546783,0.235463757969495,0.293657563016352,0.31269443070331,0.255756676834535,0.39022154923302,0.249664613870082,0.29495552307424,0.351435279810787,0.2423007275919,0.270668492191704,0,0,0,0,0,0.185805863142014,0.178118248780568,0.248807432396071,0,0,0,0,0.373162297399775,0.282338970538342,0,0,0,0,0,0,0,0,0.338096799680507,0,0,0,0.214737042784691,0,0.425930672802856,0.319694778685313,0.382556492181254,0.300663942624541,0.256263636181298,0.18199011593698,0,0.239983489921501,0.259186847643419
0,0.212345458567142,0,0.212266010542711,0,0.185892179608345,0,0,0,0.188984449952841,0,0,0,0,0,0,0.18387551174352,0.199933237758757,0.193603966613205,0,0,0,0,0,0,0.187084704637527,0,0,0,0,0,0,0,0,0,0,0,0,0,0,0,0.176036112510891,0,0,0,0.25262159605821,0,0,0,0.22945861518383,0,0,0,0,0,0.190424278378487,0,0.281663537025452,0,0,0,0,0,0,0,0,0,0,0,0,0,0,0,0,0,0,0,0,0.312587067484856,0,0.313336999127359,0,0.209383997700118,0,0.239983489921501,0,0
0.27989685204294,0,0.252454096451402,0,0,0,0,0,0,0,0,0,0,0,0,0,0,0,0.160715588264995,0,0,0,0,0,0,0,0,0,0,0,0,0,0,0,0,0,0,0,0,0,0,0,0.356124204094127,0,0,0,0,0,0.279449924826622,0,0,0,0,0,0,0,0,0,0,0,0,0,0,0,0,0,0,0,0,0,0,0,0,0,0,0,0,0,0,0,0,0.326903596520424,0.245225860885899,0,0.259186847643419,0,0
