0,0,0.168629483713044,0,0,0,0,0,0.231863363228217,0,0,0,0,0,0,0,0,0,0.34734520316124,0,0,0,0,0,0,0,0,0,0,0,0,0,0,0,0,0,0,0,0,0,0,0,0.191713024462972,0,0,0,0,0,0.178399378086551,0,0,0,0,0,0.263886328974758,0,0,0,0,0,0.164325192570686,0,0,0,0,0,0,0,0,0,0,0,0,0,0,0,0,0,0,0,0,0,0.192409970923929,0,0.182669794407942,0,0.21253397166729
0,0,0,0.203129860088229,0,0.24783485631148,0,0,0,0.179302954482376,0,0,0,0,0,0.205272972583771,0,0,0.281329460442066,0,0,0,0,0,0,0,0,0,0,0,0,0,0,0,0,0,0,0,0,0,0,0.214622763650758,0,0,0,0,0,0,0,0.198168785371832,0,0.237908560534318,0,0,0,0.230646367416854,0,0.229449956119061,0,0.233902094575266,0,0.247764729898729,0,0,0,0,0,0,0,0,0,0,0,0,0,0,0,0,0.275560647249222,0,0,0,0.180057581947989,0,0.191788397097992,0,0
0.168629483713044,0,0,0,0.190007002154986,0,0,0,0.132057698071003,0,0,0,0,0,0,0,0,0,0.298048535982768,0,0.298637611525399,0,0,0,0,0,0,0,0,0,0,0,0,0,0,0,0,0,0,0,0.289670720696449,0,0.269040714089687,0,0.328061670064926,0,0.245669003237378,0.272336575388908,0.259056360313767,0.282795965671539,0.19696684774146,0,0,0,0.163531782952222,0,0.297884032703363,0,0.156350314617157,0,0.176914025436748,0,0,0.261904281377792,0,0,0,0,0,0,0,0,0,0.323761209845543,0,0,0,0,0,0.35830645263195,0,0.351105055638722,0.164756854886518,0,0.213776762430497,0,0.264014829607571
0,0.203129860088229,0,0,0,0.210778605295163,0,0,0,0.158051885664463,0,0,0,0,0,0,0,0,0,0,0,0,0,0,0,0,0,0,0,0,0,0,0,0,0,0.241842871904373,0,0,0,0,0,0.250072659748905,0.28817543387413,0,0,0.177401484969335,0.332630217075348,0,0,0.205054040293436,0,0.225960114635296,0,0,0,0.173275121975513,0,0.255672394445068,0,0.240626731798762,0,0.204815286679647,0.284362865345819,0,0,0,0,0,0,0,0,0,0.310064916547976,0,0,0,0,0,0.302103956540426,0,0.374215945601463,0,0.202438039561877,0,0.190659082672871,0.247365185618401,0
0,0,0.190007002154986,0,0,0,0.243653649091721,0,0.203476175665855,0,0,0,0,0,0,0,0,0,0.313738882541656,0.280228227376938,0.292854728258174,0,0,0,0,0,0,0,0,0,0,0,0,0,0,0,0.315098971128464,0,0,0,0.292165199915568,0,0.26740916321675,0,0,0.311530232429504,0,0.26078899949789,0.26886743077865,0,0.240041351744107,0,0,0,0,0,0.232746901947099,0,0.191062778234482,0,0,0,0,0.24956734975179,0,0,0,0,0,0,0,0,0,0.30065792798996,0,0,0,0,0,0,0,0.336879581212997,0.222678867815915,0,0.244162080557996,0,0
0,0.24783485631148,0,0.210778605295163,0,0,0,0.265740379770809,0,0.150385183095932,0,0,0,0,0,0.162143895402551,0,0,0,0.264777892344707,0,0,0,0,0,0,0,0,0,0,0,0,0,0,0,0.307255506515503,0,0,0,0.260689854621887,0,0.241074254736304,0,0,0,0.216131892341834,0,0.288746327161789,0,0.251536160707474,0,0.247358767607485,0,0.272249624598771,0,0.235820438464483,0,0.350352423217816,0,0.266626233091721,0,0.226624503731728,0.324831310018737,0,0,0,0,0,0,0,0,0,0.295374475857791,0,0,0,0,0,0.327640261501074,0,0.334949833154678,0,0.242367258763129,0,0.258764527853735,0.253939256072044,0
0,0,0,0,0.243653649091721,0,0,0,0,0,0.224935445579745,0,0,0,0,0,0,0,0,0,0.231451757252216,0,0,0,0,0,0,0,0,0,0,0,0,0,0,0,0,0,0,0,0,0,0,0,0,0,0,0,0,0,0,0,0.213894465839016,0,0,0,0.232109700422189,0,0.187484284241994,0,0,0,0,0,0,0,0,0,0,0,0,0,0,0,0,0,0,0,0,0,0,0,0.239278953871009,0,0,0,0
0,0,0,0,0,0.265740379770809,0,0,0,0,0,0.210130150824957,0,0.162263571892096,0,0,0,0,0,0.18227977837835,0,0,0,0,0,0,0,0,0,0,0,0,0,0,0,0,0,0,0,0,0,0,0,0,0,0,0,0,0,0,0,0.248867081559223,0,0.203637995201685,0,0,0,0.224521725873152,0,0.172551568597555,0,0,0.182622847025809,0,0,0,0,0,0,0,0,0,0,0,0,0,0,0,0,0,0,0,0.173482358921319,0,0,0,0
0.231863363228217,0,0.132057698071003,0,0.203476175665855,0,0,0,0,0,0,0,0,0,0,0,0.168986739483304,0.169165094451206,0.215977437592841,0,0,0,0,0,0.206371277570724,0.15455624461174,0.150513568345238,0,0,0,0,0,0,0,0,0,0,0,0.314206024553285,0,0,0,0,0,0,0,0,0,0.25888187145885,0,0,0,0,0,0.243072490019301,0,0,0,0,0,0,0,0,0,0,0,0,0.236125673408862,0,0.169569246344647,0,0,0,0,0,0,0,0,0,0.370692789554596,0,0.320657406459775,0.169540195955781,0,0.220038918364976,0,0
0,0.179302954482376,0,0.158051885664463,0,0.150385183095932,0,0,0,0,0,0,0,0,0,0.190631090409376,0.174976086129948,0.177934465297015,0.223080523312092,0,0,0,0,0.21316185833088,0,0.162869890733641,0,0,0,0,0,0,0,0,0,0,0,0.321558909868325,0,0,0,0,0,0,0,0,0,0,0,0.268031768500805,0,0,0,0,0,0.193401954666213,0,0,0,0,0,0.167281137572394,0,0,0.174239300191402,0,0.248043005283062,0,0,0,0,0,0,0,0,0,0,0,0,0.347135066986084,0.335485882463708,0,0.188855534480288,0,0.242497586648181,0,0
0,0,0,0,0,0,0.224935445579745,0,0,0,0,0,0.206817067772537,0,0,0,0,0,0,0,0.180028922463718,0,0,0,0,0,0,0,0,0,0.176467728827681,0,0,0,0,0,0.160111162524957,0,0.166967227420473,0,0.289396196603775,0,0.260196179151535,0,0,0,0.313611752220563,0,0,0,0,0,0.230909425765276,0,0,0,0.235884228743703,0,0.236887850333005,0,0,0,0,0.283195677612509,0,0,0,0,0,0,0,0,0,0.225271850285378,0,0,0,0,0,0.303554147481918,0,0.158126114474403,0.190481450551978,0.375256061553955,0.305124560991923,0,0
0,0,0,0,0,0,0,0.210130150824957,0,0,0,0,0,0.179648952207704,0,0,0,0,0,0.22614019028112,0,0,0,0,0,0,0,0.146677563136274,0,0.245221966014796,0,0,0,0,0,0.158098982537494,0,0.184919899420552,0,0,0,0,0,0,0,0,0,0,0,0,0,0,0,0.211309260912071,0,0,0,0.218370781286751,0,0.186235495550292,0,0,0.239195416776501,0,0,0,0,0,0,0,0.146262550354004,0,0.284145004856688,0,0,0,0,0,0.160147615841457,0,0.200337312633185,0,0.183343524567219,0,0.222067162394524,0,0
0,0,0,0,0,0,0,0,0,0,0.206817067772537,0,0,0,0.191980276788984,0,0,0,0,0,0,0,0,0,0,0,0,0,0,0,0,0,0,0,0,0,0,0,0,0,0,0,0,0,0,0,0,0,0,0,0,0,0.137699089944363,0,0,0,0.238271969810619,0,0.228975843365599,0,0,0,0,0,0,0,0,0,0,0,0,0,0,0,0,0,0,0,0,0,0,0,0.158786206971854,0,0,0,0
0,0,0,0,0,0,0,0.162263571892096,0,0,0,0.179648952207704,0,0,0,0.165345686177413,0,0,0,0,0,0,0,0,0,0,0,0.165810465812683,0,0,0,0,0,0,0,0,0,0,0,0,0,0,0,0,0,0,0,0,0,0,0,0,0,0.185082396581059,0,0,0,0.180083055476673,0,0.174247328518775,0,0.142379260063171,0,0,0,0,0,0,0,0,0.179769261429707,0,0,0,0,0,0,0,0,0,0,0,0.15204687142788,0.0982776433229446,0,0,0
0,0,0,0,0,0,0,0,0,0,0,0,0.191980276788984,0,0,0,0.158953875303268,0,0,0,0,0,0,0,0,0,0.154515119194984,0,0,0,0,0,0,0,0,0,0,0,0,0,0,0,0,0,0,0,0,0,0,0,0,0,0,0,0,0,0,0,0.109371263533831,0,0,0,0,0,0,0,0,0,0,0.177097821677173,0,0,0,0,0,0,0,0,0,0,0,0,0.142965734253327,0,0,0,0
0,0.205272972583771,0,0,0,0.162143895402551,0,0,0,0.190631090409376,0,0,0,0.165345686177413,0,0,0.146379809294428,0.150207592584297,0,0,0,0.186462700366974,0,0.192089785422598,0,0.1483539699935,0,0,0,0,0,0,0,0,0,0,0,0,0,0,0,0,0,0,0,0,0,0,0,0,0,0.297054350376129,0,0,0,0.183604715125901,0,0,0,0.16415267214179,0,0.156652762190155,0,0,0.166710406541824,0,0,0,0.136209527111572,0,0,0,0,0,0,0,0,0,0,0,0,0,0.150060608693913,0,0,0,0
0,0,0,0,0,0,0,0,0.168986739483304,0.174976086129948,0,0,0,0,0.158953875303268,0.146379809294428,0,0.186130583928838,0.267440907046221,0,0,0.166559170931578,0.120997108519077,0.169538043439388,0.145991574972868,0.146149261652128,0.144576927855337,0,0.153851598501205,0,0,0,0,0,0,0.37155826886495,0.383424773812294,0,0,0.339825600385666,0.301959120282313,0.298502828925848,0.302170654137929,0.344664724434123,0,0.290745029846827,0.310123471113352,0,0.309356719255447,0,0,0,0,0,0,0,0.319192245602608,0,0,0,0,0.162585645914078,0.316724140393107,0.311868826548258,0.129624874331057,0,0,0,0.147589003810516,0,0,0,0.363252893090248,0.335261613130569,0,0,0,0,0.369294987105932,0.364191385633067,0.367700673639774,0.358812087774277,0.203714833950482,0.216858366859101,0.342160698135986,0.292555525898933,0.282240114278264
0,0,0,0,0,0,0,0,0.169165094451206,0.177934465297015,0,0,0,0,0,0.150207592584297,0.186130583928838,0,0.25506783645637,0,0,0.149027340570275,0,0.194239921947109,0.145268753170967,0.158097031596131,0.149539567530155,0.142226319421421,0,0,0,0,0,0,0,0.354526564478874,0.426137953996658,0.293722331523895,0,0.321637470689085,0.320399926408477,0.292787306424644,0.289756754912981,0.315400022268295,0,0.301629200577736,0.305673619111379,0,0,0,0,0,0,0,0,0.222168291608493,0.326223507523537,0,0,0,0,0.178796252952172,0.331352533565627,0.350224435329437,0.152423754380727,0,0,0,0.157360632625003,0,0,0,0.334921956062317,0,0,0,0,0,0.348688573606553,0.363026447381292,0.365941599011421,0.360920152880929,0.199668151047819,0.187895590428795,0.326293763315793,0.286182698222899,0.324680730700493
0.34734520316124,0.281329460442066,0.298048535982768,0,0.313738882541656,0,0,0,0.215977437592841,0.223080523312092,0,0,0,0,0,0,0.267440907046221,0.25506783645637,0,0,0.362029552459717,0,0,0.240104556083679,0,0.228850467337502,0.159534797072411,0,0,0,0,0,0,0,0,0.384335496509918,0.396460480016211,0.323830932378769,0.33620747923851,0.332001567918247,0.337371708730832,0.26772757275556,0.27792847861006,0.405212892233863,0.328228384256363,0.284872583266514,0.322803528101976,0,0.271247923374176,0.264224916696548,0,0,0,0,0.290542751550674,0,0.36129903793335,0.304305323532649,0,0,0,0.282257944345474,0.319497678406845,0.329034286813858,0.19213542342186,0,0,0,0.198766857385635,0,0,0,0.370692285753432,0.392592528036663,0,0,0,0,0.369104015644059,0.401364957018141,0.39834062667454,0.41476097719177,0.250130869998687,0.258123926617004,0.368005626059756,0.270810755723305,0.281276584720947
0,0,0,0,0.280228227376938,0.264777892344707,0,0.18227977837835,0,0,0,0.22614019028112,0,0,0,0,0,0,0,0,0,0,0,0,0,0,0,0,0,0.365905091166496,0,0,0,0.313019305467606,0,0.179805071102945,0,0.183849670566045,0,0.219729647040367,0,0.324503868818283,0,0,0,0.223708354260611,0.29994930823644,0.298842853078475,0.262082785367966,0.226850336348569,0,0,0,0.205964867132051,0,0,0,0.350250370800495,0,0,0,0,0.245139648892348,0,0,0,0,0,0,0,0,0,0.377571046502147,0,0,0,0,0,0.261988794991485,0,0.328830504557118,0,0.190829084055466,0,0.230033207930379,0,0
0,0,0.298637611525399,0,0.292854728258174,0,0.231451757252216,0,0,0,0.180028922463718,0,0,0,0,0,0,0,0.362029552459717,0,0,0,0,0,0,0,0,0,0,0,0,0,0,0,0,0,0.161132980513093,0,0.150045498804061,0,0.281579624613126,0,0.365003929896788,0,0.453568786382675,0,0.306316774711013,0.271559146543344,0.255159825450037,0,0,0,0,0,0,0,0.319857746545523,0,0,0,0,0,0,0.246091072910871,0,0,0,0,0,0,0,0,0,0.378296726279789,0,0,0,0,0,0.225921392046873,0,0.242819011979496,0.203509907941429,0,0.313032462779019,0,0.452550798654556
0,0,0,0,0,0,0,0,0,0,0,0,0,0,0,0.186462700366974,0.166559170931578,0.149027340570275,0,0,0,0,0.11558238076575,0.217821420992122,0,0.161063243672252,0,0.183770841918886,0,0,0,0,0,0,0,0,0,0.195825718034138,0,0,0,0,0,0,0,0,0,0,0,0.265977349459079,0,0,0,0,0,0,0,0,0,0,0,0,0,0,0.21789535619311,0.121125496923923,0.257950640412477,0,0.179124110937119,0,0.25397963351325,0,0,0,0,0,0,0,0,0,0.210541446554033,0,0.148599352845861,0.152101679446076,0.228468969464302,0,0
0,0,0,0,0,0,0,0,0,0,0,0,0,0,0,0,0.120997108519077,0,0,0,0,0.11558238076575,0,0,0.161017707652516,0,0.125743391577687,0,0.182395990572724,0,0,0,0,0,0,0,0,0,0.14768567498583,0,0,0,0,0,0,0,0,0,0.37799975151817,0,0,0,0,0,0,0,0,0,0,0,0,0,0,0,0.164783608913422,0.190278851645107,0,0.151699956506491,0,0.160597814936881,0,0.159808041900396,0,0,0,0,0,0,0,0,0,0.217324474332742,0.13698204830038,0.184344064858225,0,0,0
0,0,0,0,0,0,0,0,0,0.21316185833088,0,0,0,0,0,0.192089785422598,0.169538043439388,0.194239921947109,0.240104556083679,0,0,0.217821420992122,0,0,0,0.154470987232595,0,0,0,0,0,0,0,0,0,0,0,0.17602802479445,0,0,0,0,0,0,0,0,0,0,0,0.23052141116452,0,0,0,0,0,0.211720288744787,0,0,0,0,0,0,0,0,0.245726324253612,0,0.197988980065059,0,0.15623488040133,0,0.279131054878235,0,0,0,0,0,0,0,0,0,0.172904478013515,0,0.181343299935439,0.207191966474056,0.260500081297424,0,0
0,0,0,0,0,0,0,0,0.206371277570724,0,0,0,0,0,0,0,0.145991574972868,0.145268753170967,0,0,0,0,0.161017707652516,0,0,0,0.165461182594299,0,0,0,0,0,0,0,0,0,0,0,0.16305266704876,0,0,0,0,0,0,0,0,0,0.196917751487696,0,0,0,0,0,0.204173909712441,0,0,0,0,0,0,0,0,0,0,0.172677448581135,0,0.173492022826592,0,0.173429304361343,0,0,0,0,0,0,0,0,0,0,0,0.228178697327773,0.166880920692755,0.193560446302096,0.233415958285332,0,0
0,0,0,0,0,0,0,0,0.15455624461174,0.162869890733641,0,0,0,0,0,0.1483539699935,0.146149261652128,0.158097031596131,0.228850467337502,0,0,0.161063243672252,0,0.154470987232595,0,0,0,0.140510813363137,0,0,0,0,0,0,0,0,0,0,0,0,0,0,0,0,0,0,0,0,0,0,0,0,0,0,0,0.164120392365889,0,0,0,0,0,0.138067698478699,0,0,0.170755362795556,0,0.161953707153981,0,0.148052795855112,0,0.154548235237598,0,0,0,0,0,0,0,0,0,0,0,0.161855252419328,0.160363978147507,0,0,0
0,0,0,0,0,0,0,0,0.150513568345238,0,0,0,0,0,0.154515119194984,0,0.144576927855337,0.149539567530155,0.159534797072411,0,0,0,0.125743391577687,0,0.165461182594299,0,0,0,0,0,0,0,0,0,0,0,0,0,0,0,0,0,0,0,0,0,0,0,0,0,0,0,0,0,0,0,0,0,0,0,0.152462524672349,0,0,0,0,0.17056043446064,0,0,0,0.172217703763411,0,0,0,0,0,0,0,0,0,0,0,0,0.138999672184203,0,0,0,0
0,0,0,0,0,0,0,0,0,0,0,0.146677563136274,0,0.165810465812683,0,0,0,0.142226319421421,0,0,0,0.183770841918886,0,0,0,0.140510813363137,0,0,0,0.176587282157526,0,0,0,0,0,0,0,0.150203809142113,0,0,0,0,0,0,0,0,0,0,0,0,0,0,0,0,0,0,0,0,0,0.151732632890344,0,0,0,0,0.152753324558338,0,0,0,0.147517494857311,0,0.173212113475195,0,0.223558780309316,0,0,0,0,0,0,0,0.222360293598225,0,0.135521245085531,0.204584211111069,0,0,0
0,0,0,0,0,0,0,0,0,0,0,0,0,0,0,0,0.153851598501205,0,0,0,0,0,0.182395990572724,0,0,0,0,0,0,0,0.144905635621399,0,0,0,0,0,0,0,0.192368006816617,0,0,0,0,0,0,0,0,0,0,0,0,0,0,0,0,0,0,0,0,0,0,0,0,0,0,0.212175518274307,0,0,0,0.228754152854284,0,0.226787648357629,0,0.152333289936737,0,0,0,0,0,0,0,0.251325145363808,0.175217807292938,0,0,0,0
0,0,0,0,0,0,0,0,0,0,0,0.245221966014796,0,0,0,0,0,0,0,0.365905091166496,0,0,0,0,0,0,0,0.176587282157526,0,0,0,0,0,0,0,0,0,0.159918942900245,0,0,0,0,0,0,0,0.287027209997177,0,0,0,0,0,0,0,0,0,0,0,0.236886459426868,0,0,0,0,0.316259793937206,0,0,0,0,0,0,0,0.17130499546017,0,0.220248250402959,0,0,0,0,0,0,0,0.221822702067803,0,0.153462133871821,0,0,0,0
0,0,0,0,0,0,0,0,0,0,0.176467728827681,0,0,0,0,0,0,0,0,0,0,0,0,0,0,0,0,0,0.144905635621399,0,0,0,0,0,0,0,0,0,0.167832743013516,0,0,0,0,0,0,0,0.295739054679871,0,0.26428796350956,0,0,0,0,0,0,0,0.279344320297241,0,0,0,0,0,0,0.361325651407242,0,0,0,0,0,0,0,0.190977997250027,0,0.202169600891416,0,0,0,0,0,0.305560261011124,0,0.220868282782083,0.152465114593506,0.14893933236599,0.41289147734642,0,0
0,0,0,0,0,0,0,0,0,0,0,0,0,0,0,0,0,0,0,0,0,0,0,0,0,0,0,0,0,0,0,0,0.389152590185404,0.374597573048109,0,0.170696608783785,0,0,0,0,0,0,0,0,0,0,0,0.540213369127538,0,0.518744122236967,0,0,0,0,0,0,0,0,0,0,0,0,0,0,0,0,0,0,0,0,0,0,0,0,0.44588397550647,0.339467087974314,0.358876712620258,0,0.460156179204839,0,0,0,0.502594980326566,0,0.362549766898155,0,0
0,0,0,0,0,0,0,0,0,0,0,0,0,0,0,0,0,0,0,0,0,0,0,0,0,0,0,0,0,0,0,0.389152590185404,0,0.202997055649757,0.326437291400186,0.176329380273819,0.173134518020293,0,0,0,0,0,0,0,0,0,0,0.42210687353225,0,0,0,0,0,0,0,0,0,0,0,0,0,0,0,0.259566754102707,0,0,0,0,0,0,0,0,0,0,0.244866574219629,0.423833425438821,0,0.318358562310268,0.427926543354988,0.256267729450713,0,0,0.254904287780239,0,0,0,0
0,0,0,0,0,0,0,0,0,0,0,0,0,0,0,0,0,0,0,0.313019305467606,0,0,0,0,0,0,0,0,0,0,0,0.374597573048109,0.202997055649757,0,0.286012177149971,0.169547372515597,0,0.231829754109013,0.574307799339294,0,0,0,0,0,0,0,0,0.494477263688856,0.459904864430428,0.445772007107735,0,0,0,0,0,0,0,0.30482342839241,0,0,0,0,0,0,0,0,0,0,0,0,0,0,0,0,0.300348742802938,0,0.260528902903464,0.229110580953685,0.191700135810035,0,0.218349586509996,0,0.28069473072043,0.204541378400543,0.520419475707141,0,0
0,0,0,0,0,0,0,0,0,0,0,0,0,0,0,0,0,0,0,0,0,0,0,0,0,0,0,0,0,0,0,0,0.326437291400186,0.286012177149971,0,0,0.159331201326469,0.756461262702942,0.290660066383608,0,0,0,0,0,0,0,0,0.493109377413183,0.410703286528587,0,0,0,0,0,0,0,0,0,0,0,0,0,0,0,0,0,0,0,0,0,0,0,0,0,0,0.319450808068116,0.27886513620615,0.283734041173107,0,0.196839858558443,0.16976815816902,0.37768531005101,0.193455955717299,0,0,0,0
0,0,0,0.241842871904373,0,0.307255506515503,0,0,0,0,0,0.158098982537494,0,0,0,0,0.37155826886495,0.354526564478874,0.384335496509918,0.179805071102945,0,0,0,0,0,0,0,0,0,0,0,0.170696608783785,0.176329380273819,0.169547372515597,0,0,0.157940395621221,0.195532818398871,0,0.369637641641829,0,0.349333358156747,0.336599931120872,0.449170343803637,0,0.284653227863997,0,0.216663113236427,0.271399542689323,0.268472308251593,0,0,0,0,0,0,0,0.293387725949287,0,0,0,0,0.258827000353171,0,0,0,0,0,0,0,0,0,0.316138401627541,0,0.191461639676226,0,0.193205880040818,0,0.236936784036824,0.227893635630608,0.247532987586138,0.42181921005249,0.203085857795456,0.199600001880867,0.315964214753306,0.391137622688946,0
0,0,0,0,0.315098971128464,0,0,0,0,0,0.160111162524957,0,0,0,0,0,0.383424773812294,0.426137953996658,0.396460480016211,0,0.161132980513093,0,0,0,0,0,0,0,0,0,0,0,0.173134518020293,0,0.159331201326469,0.157940395621221,0,0,0.189845768580587,0,0.367633330821991,0,0.377559134657954,0,0.424296773970127,0,0.268521615031625,0.255040061725697,0.260323429832587,0.260729968547821,0,0,0,0,0,0,0.285343723637717,0,0,0,0,0,0,0.239191771587401,0,0,0,0,0,0,0,0,0,0.343623638153076,0,0.202901131118158,0,0.213439205247495,0.336563721299171,0.237321224214926,0,0.25814106485468,0.181706889841153,0.240572847645072,0.301462202394096,0,0.334643915295601
0,0,0,0,0,0,0,0,0,0.321558909868325,0,0.184919899420552,0,0,0,0,0,0.293722331523895,0.323830932378769,0.183849670566045,0,0.195825718034138,0,0.17602802479445,0,0,0,0.150203809142113,0,0.159918942900245,0,0,0,0.231829754109013,0.756461262702942,0.195532818398871,0,0,0.380824290885183,0,0,0.374282449483871,0.724618792533875,0.455866783857346,0,0.333795189857483,0,0.668096992985161,0,0.346294494940524,0,0,0,0,0,0.308129848864598,0,0.19909997769403,0,0,0,0,0.225019163886706,0,0.252416050992906,0,0.21294291766863,0,0,0,0.315759448668896,0,0.168740114744972,0,0,0,0.271713200572602,0,0.252498097640687,0,0.237996485650733,0.159128914773464,0.19318559802392,0.165556593456052,0.354942708817452,0.453582018613815,0
0,0,0,0,0,0,0,0,0.314206024553285,0,0.166967227420473,0,0,0,0,0,0,0,0.33620747923851,0,0.150045498804061,0,0.14768567498583,0,0.16305266704876,0,0,0,0.192368006816617,0,0.167832743013516,0,0,0.574307799339294,0.290660066383608,0,0.189845768580587,0.380824290885183,0,0,0,0,0.428741276264191,0,0,0,0.376604527235031,0.66902008237718,0.381526834516773,0,0,0,0,0,0.314876808100436,0,0.193810319900513,0,0,0,0,0,0,0.285923984646797,0,0.259827782309824,0,0.259657524982277,0,0,0,0.224916552175891,0,0.248544015921652,0,0,0.247649010270834,0.297480501626667,0,0.23510603320574,0.159095306869815,0.234661383068371,0.167713620212242,0.175807743555024,0.287656445754692,0,0
0,0,0,0,0,0.260689854621887,0,0,0,0,0,0,0,0,0,0,0.339825600385666,0.321637470689085,0.332001567918247,0.219729647040367,0,0,0,0,0,0,0,0,0,0,0,0,0,0,0,0.369637641641829,0,0,0,0,0.32882522046566,0.332777857952974,0.282240075469017,0.481620090082288,0,0.244601010537345,0.338350996375084,0.278283945642985,0.276674345135689,0.259915780834854,0,0,0,0,0,0,0.341193407773972,0.259460881352425,0,0,0,0,0.296127132446074,0.339570447802544,0,0,0,0,0,0,0,0,0.272538836114109,0.33533251285553,0,0,0,0,0.313124106372031,0.393212190041175,0.396321194370588,0.415144711732864,0.314737721871615,0.313011371427112,0.353733512127278,0.383818557844796,0.298139363527298
0,0,0.289670720696449,0,0.292165199915568,0,0,0,0,0,0.289396196603775,0,0,0,0,0,0.301959120282313,0.320399926408477,0.337371708730832,0,0.281579624613126,0,0,0,0,0,0,0,0,0,0,0,0,0,0,0,0.367633330821991,0,0,0.32882522046566,0,0.293811638246883,0.321046514875109,0.33230547606945,0.464237326383591,0.296181329167806,0.264339699290244,0.277516826987267,0.240529468339049,0.349554419517517,0,0,0,0,0,0,0.299526074985126,0,0,0,0,0,0.321759760379791,0.304497167379898,0,0,0,0,0,0,0,0,0.335934937000275,0.303383028755585,0,0,0,0,0.360892888377695,0.289405373606328,0.390032723546028,0.320332393759773,0.324966257859265,0.308661880700485,0.34078202240008,0.311000347137451,0.387561642143824
0,0.214622763650758,0,0.250072659748905,0,0.241074254736304,0,0,0,0,0,0,0,0,0,0,0.298502828925848,0.292787306424644,0.26772757275556,0.324503868818283,0,0,0,0,0,0,0,0,0,0,0,0,0,0,0,0.349333358156747,0,0.374282449483871,0,0.332777857952974,0.293811638246883,0,0.21862754855036,0.262539419531822,0.246040537953377,0.283927636413739,0.322239515682061,0.308639406924154,0.242267062558847,0.263515281446306,0,0,0,0,0,0,0,0.331408437493711,0,0,0,0.241479247808456,0.332538051021771,0.278889785210292,0,0,0,0,0.237906470894814,0,0,0,0.353892380624958,0,0,0,0,0,0.343217120813817,0.348734810416188,0.41356327491703,0.366469687649182,0.243936121590736,0.26003552807702,0.289603423799524,0.259419286769236,0.247614711523056
0.191713024462972,0,0.269040714089687,0.28817543387413,0.26740916321675,0,0,0,0,0,0.260196179151535,0,0,0,0,0,0.302170654137929,0.289756754912981,0.27792847861006,0,0.365003929896788,0,0,0,0,0,0,0,0,0,0,0,0,0,0,0.336599931120872,0.377559134657954,0.724618792533875,0.428741276264191,0.282240075469017,0.321046514875109,0.21862754855036,0,0.367409437894821,0.458321062723796,0.285698391497135,0.285386513273623,0.423033280379744,0.287465527337022,0.236876317277187,0.24768628180027,0,0,0,0.252255417406559,0,0.348456498285806,0,0,0,0,0.24710875749588,0.297053863604863,0.330870788952837,0,0,0,0,0,0,0,0,0,0.366821298175607,0,0,0,0.405399948358536,0.335644912044957,0.364507769683021,0.342960178852081,0.415563228582987,0.248033599984516,0.263615361773051,0.291185298770904,0.258872921268145,0.227727909823668
0,0,0,0,0,0,0,0,0,0,0,0,0,0,0,0,0.344664724434123,0.315400022268295,0.405212892233863,0,0,0,0,0,0,0,0,0,0,0,0,0,0,0,0,0.449170343803637,0,0.455866783857346,0,0.481620090082288,0.33230547606945,0.262539419531822,0.367409437894821,0,0,0.381408914923668,0.339773446321487,0,0,0.368399798870087,0,0,0,0,0,0,0.368053615093231,0.349612593650818,0,0,0,0,0.412214569747448,0.347933545708656,0,0,0,0,0,0,0,0,0.475619382328457,0,0,0,0,0,0.488431931173844,0.390012055635452,0.551100114441436,0.367626398801804,0.339831554424872,0,0.364796678896423,0.259512275457382,0
0,0,0.328061670064926,0,0,0,0,0,0,0,0,0,0,0,0,0,0,0,0.328228384256363,0,0.453568786382675,0,0,0,0,0,0,0,0,0,0,0,0,0,0,0,0.424296773970127,0,0,0,0.464237326383591,0.246040537953377,0.458321062723796,0,0,0,0.421285077929497,0,0,0,0,0,0,0,0,0,0.47532457113266,0,0,0,0,0,0,0.412295341491699,0,0,0,0,0,0,0,0,0,0.454062536358833,0,0,0,0,0.362573593854904,0.481373006867808,0,0.522769499570131,0.301894103487333,0,0.472721056805717,0,0
0,0,0,0.177401484969335,0.311530232429504,0.216131892341834,0,0,0,0,0,0,0,0,0,0,0.290745029846827,0.301629200577736,0.284872583266514,0.223708354260611,0,0,0,0,0,0,0,0,0,0.287027209997177,0,0,0,0,0,0.284653227863997,0,0.333795189857483,0,0.244601010537345,0.296181329167806,0.283927636413739,0.285698391497135,0.381408914923668,0,0,0.33426294889715,0.296583831310272,0.279948341349761,0.264755026656477,0,0.257769346237183,0,0,0,0,0.318663388490677,0.28806596538242,0,0.210285276174545,0,0.192735011378924,0.235712816778305,0.374108850955963,0,0,0,0,0,0,0,0,0.320495343091441,0.346847712993622,0,0,0,0,0.278180503420051,0.369302864585604,0.37715956280008,0.342134237289429,0.31267194875649,0.331551596522331,0.273500333169232,0.295218001306057,0.272713631391525
0,0,0.245669003237378,0.332630217075348,0,0,0,0,0,0,0.313611752220563,0,0,0,0,0,0.310123471113352,0.305673619111379,0.322803528101976,0.29994930823644,0.306316774711013,0,0,0,0,0,0,0,0,0,0.295739054679871,0,0,0,0,0,0.268521615031625,0,0.376604527235031,0.338350996375084,0.264339699290244,0.322239515682061,0.285386513273623,0.339773446321487,0.421285077929497,0.33426294889715,0,0.251565184692542,0.251747835287149,0.312308329157531,0.252205967903137,0,0,0,0,0,0.314324992124215,0,0,0,0,0,0.353649154305458,0.27663681739046,0,0,0,0,0,0,0,0,0,0.346105928998441,0,0,0,0.308251738548279,0.359837249914805,0.28497515686458,0,0.344561530302255,0.346981822278189,0.312356968720754,0.2865565645698,0.28094220161438,0.300782827394349
0,0,0.272336575388908,0,0.26078899949789,0.288746327161789,0,0,0,0,0,0,0,0,0,0,0,0,0,0.298842853078475,0.271559146543344,0,0,0,0,0,0,0,0,0,0,0.540213369127538,0.42210687353225,0.494477263688856,0.493109377413183,0.216663113236427,0.255040061725697,0.668096992985161,0.66902008237718,0.278283945642985,0.277516826987267,0.308639406924154,0.423033280379744,0,0,0.296583831310272,0.251565184692542,0,0.44599305878552,0.403213926317685,0,0,0,0,0.248060926795006,0,0.281599769225487,0.265557467937469,0,0,0,0,0.292870163917542,0.251903304830194,0,0,0,0,0,0,0.357884937524796,0,0,0.31823393702507,0.559484117206875,0.594062365464684,0.349490018171184,0.38990122636277,0.506581186190503,0.340446414746727,0.381816693395376,0.457976431206421,0.430963363407031,0,0.518533264354379,0,0
0.178399378086551,0,0.259056360313767,0,0.26886743077865,0,0,0,0.25888187145885,0,0,0,0,0,0,0,0.309356719255447,0,0.271247923374176,0.262082785367966,0.255159825450037,0,0.37799975151817,0,0.196917751487696,0,0,0,0,0,0.26428796350956,0,0,0.459904864430428,0.410703286528587,0.271399542689323,0.260323429832587,0,0.381526834516773,0.276674345135689,0.240529468339049,0.242267062558847,0.287465527337022,0,0,0.279948341349761,0.251747835287149,0.44599305878552,0,0.323188917338848,0.237952074408531,0,0,0,0.262087551427299,0,0.262467384677042,0,0.231975814129444,0,0.226743027567863,0,0.326832234859467,0.259615821096132,0,0.301552971494404,0,0.261429027654231,0,0.242984760552645,0,0.259106151877888,0,0.289345753778304,0,0,0,0.403920010353128,0.316731631755829,0.275064335621182,0,0.402789056193398,0.295799720721275,0.271048225462437,0.297856348919275,0.343695357441902,0.247880122727818
0,0.198168785371832,0.282795965671539,0.205054040293436,0,0.251536160707474,0,0,0,0.268031768500805,0,0,0,0,0,0,0,0,0.264224916696548,0.226850336348569,0,0.265977349459079,0,0.23052141116452,0,0,0,0,0,0,0,0.518744122236967,0,0.445772007107735,0,0.268472308251593,0.260729968547821,0.346294494940524,0,0.259915780834854,0.349554419517517,0.263515281446306,0.236876317277187,0.368399798870087,0,0.264755026656477,0.312308329157531,0.403213926317685,0.323188917338848,0,0,0.227846292571889,0,0,0,0.269759386777878,0.273413866758347,0.269966719284033,0,0.255088599888902,0,0.218390331320141,0.257478962472656,0,0.313418110930606,0,0.262910239214968,0,0.256928053909335,0,0.289519076644979,0,0.334652586644437,0,0.590693690087817,0,0,0,0.344345188883908,0.238713666796684,0.337400386735738,0,0.310915829771656,0,0.285654269520906,0.232954684644938,0
0,0,0.19696684774146,0,0.240041351744107,0,0,0,0,0,0,0,0,0,0,0,0,0,0,0,0,0,0,0,0,0,0,0,0,0,0,0,0,0,0,0,0,0,0,0,0,0,0.24768628180027,0,0,0,0.252205967903137,0,0.237952074408531,0,0,0,0,0,0,0,0.230464860796928,0,0.187409773030702,0,0.168922935922941,0,0,0.291423082351685,0,0,0,0,0,0,0,0,0,0,0,0,0,0,0,0,0,0,0.212762157122294,0,0.241884968497536,0,0
0,0.237908560534318,0,0.225960114635296,0,0.247358767607485,0,0.248867081559223,0,0,0,0,0,0,0,0.297054350376129,0,0,0,0,0,0,0,0,0,0,0,0,0,0,0,0,0,0,0,0,0,0,0,0,0,0,0,0,0,0.257769346237183,0,0,0,0.227846292571889,0,0,0,0.264384060305484,0,0.223872415721416,0,0.314257753370082,0,0.270856628815333,0,0.261598008019584,0.400309676428636,0,0,0,0,0,0,0,0,0,0.269010990858078,0,0,0,0,0,0,0,0.372395803531011,0,0.227651648428462,0,0.271733441778592,0,0
0,0,0,0,0,0,0.213894465839016,0,0,0,0.230909425765276,0,0.137699089944363,0,0,0,0,0,0,0,0,0,0,0,0,0,0,0,0,0,0,0,0,0,0,0,0,0,0,0,0,0,0,0,0,0,0,0,0,0,0,0,0,0,0,0,0.219967300783504,0,0.136705085635185,0,0,0,0,0,0,0,0,0,0,0,0,0,0,0,0,0,0,0,0,0,0,0,0.193518201510111,0,0,0,0
0,0,0,0,0,0.272249624598771,0,0.203637995201685,0,0,0,0.211309260912071,0,0.185082396581059,0,0,0,0,0,0.205964867132051,0,0,0,0,0,0,0,0,0,0,0,0,0,0,0,0,0,0,0,0,0,0,0,0,0,0,0,0,0,0,0,0.264384060305484,0,0,0,0,0,0.2261249707096,0,0.172224994271229,0,0,0.190484205589575,0,0,0,0,0,0,0,0,0,0,0,0,0,0,0,0,0,0,0,0.186367630958557,0.175278201699257,0,0,0
0.263886328974758,0,0.163531782952222,0,0,0,0,0,0.243072490019301,0,0,0,0,0,0,0,0,0,0.290542751550674,0,0,0,0,0,0.204173909712441,0,0,0,0,0,0,0,0,0,0,0,0,0,0.314876808100436,0,0,0,0.252255417406559,0,0,0,0,0.248060926795006,0.262087551427299,0,0,0,0,0,0,0,0.273121669888496,0,0,0,0,0,0,0,0,0,0,0.219354108268139,0,0,0,0,0,0,0,0,0,0,0,0,0,0.328551266047594,0.194450889215913,0,0.24995897790151,0,0
0,0.230646367416854,0,0.173275121975513,0,0.235820438464483,0,0,0,0.193401954666213,0,0,0,0,0,0.183604715125901,0,0.222168291608493,0,0,0,0,0,0.211720288744787,0,0.164120392365889,0,0,0,0,0,0,0,0,0,0,0,0.308129848864598,0,0,0,0,0,0,0,0,0,0,0,0.269759386777878,0,0.223872415721416,0,0,0,0,0,0.247616767883301,0,0,0,0.212384714776238,0,0,0,0,0.229337742626667,0,0,0,0,0,0,0,0,0,0,0,0,0,0.268504715611025,0,0.198031309578154,0,0.261282854804806,0,0
0,0,0.297884032703363,0,0.232746901947099,0,0.232109700422189,0,0,0,0.235884228743703,0,0.238271969810619,0,0,0,0.319192245602608,0.326223507523537,0.36129903793335,0,0.319857746545523,0,0,0,0,0,0,0,0,0,0.279344320297241,0,0,0,0,0,0.285343723637717,0,0.193810319900513,0.341193407773972,0.299526074985126,0,0.348456498285806,0.368053615093231,0.47532457113266,0.318663388490677,0.314324992124215,0.281599769225487,0.262467384677042,0.273413866758347,0.230464860796928,0,0.219967300783504,0,0.273121669888496,0,0,0,0.236010222503721,0,0.25949290193416,0,0,0.352074526460238,0,0,0,0,0,0,0,0.278168857097626,0,0.3552925279319,0,0,0,0,0,0.303760513078933,0,0.359763711690903,0.20263247411502,0.220986106991768,0.354369372779519,0,0.376965800328041
0,0.229449956119061,0,0.255672394445068,0,0.350352423217816,0,0.224521725873152,0,0,0,0.218370781286751,0,0.180083055476673,0,0,0,0,0.304305323532649,0.350250370800495,0,0,0,0,0,0,0,0,0,0.236886459426868,0,0,0,0.30482342839241,0,0.293387725949287,0,0.19909997769403,0,0.259460881352425,0,0.331408437493711,0,0.349612593650818,0,0.28806596538242,0,0.265557467937469,0,0.269966719284033,0,0.314257753370082,0,0.2261249707096,0,0.247616767883301,0,0,0,0.333193218448625,0,0,0.35405253919964,0,0,0,0,0,0,0,0.312029979174787,0,0.29786557258459,0,0,0,0,0,0.279852737241717,0,0.328970873852571,0.372602999210358,0.183041617980129,0,0.327247891915207,0.349191604669278,0
0,0,0.156350314617157,0,0.191062778234482,0,0.187484284241994,0,0,0,0.236887850333005,0,0.228975843365599,0,0.109371263533831,0,0,0,0,0,0,0,0,0,0,0,0,0,0,0,0,0,0,0,0,0,0,0,0,0,0,0,0,0,0,0,0,0,0.231975814129444,0,0.187409773030702,0,0.136705085635185,0,0,0,0.236010222503721,0,0,0,0.231603135080898,0,0,0,0,0,0,0,0,0.241114288087814,0,0.226900438650658,0,0.305505156517029,0,0,0,0,0,0,0,0,0.179244711995125,0,0.315567509216421,0,0
0,0.233902094575266,0,0.240626731798762,0,0.266626233091721,0,0.172551568597555,0,0,0,0.186235495550292,0,0.174247328518775,0,0.16415267214179,0,0,0,0,0,0,0,0,0,0,0,0.151732632890344,0,0,0,0,0,0,0,0,0,0,0,0,0,0,0,0,0,0.210285276174545,0,0,0,0.255088599888902,0,0.270856628815333,0,0.172224994271229,0,0,0,0.333193218448625,0,0,0,0.241733729839325,0,0,0,0,0,0,0,0,0.300352215766907,0,0.229849427938461,0,0,0,0,0,0,0,0,0,0.170259512243743,0,0.26968377828598,0,0
0.164325192570686,0,0.176914025436748,0,0,0,0,0,0,0,0,0,0,0,0,0,0,0,0,0,0,0,0,0,0,0,0.152462524672349,0,0,0,0,0,0,0,0,0,0,0,0,0,0,0,0,0,0,0,0,0,0.226743027567863,0,0.168922935922941,0,0,0,0,0,0.25949290193416,0,0.231603135080898,0,0,0,0,0,0,0,0,0,0,0.178683742880821,0,0,0,0,0,0,0,0,0,0,0,0,0,0,0.21234854310751,0,0
0,0.247764729898729,0,0.204815286679647,0,0.226624503731728,0,0,0,0.167281137572394,0,0,0,0.142379260063171,0,0.156652762190155,0.162585645914078,0.178796252952172,0.282257944345474,0,0,0,0,0,0,0.138067698478699,0,0,0,0,0,0,0,0,0,0,0,0,0,0,0,0.241479247808456,0.24710875749588,0,0,0.192735011378924,0,0,0,0.218390331320141,0,0.261598008019584,0,0,0,0.212384714776238,0,0,0,0.241733729839325,0,0,0,0,0,0,0,0,0.145135410130024,0,0,0,0.251899927854538,0,0,0,0,0,0,0,0,0,0.157139661519424,0,0.196483391647538,0,0
0,0,0,0.284362865345819,0,0.324831310018737,0,0.182622847025809,0,0,0,0.239195416776501,0,0,0,0,0.316724140393107,0.331352533565627,0.319497678406845,0.245139648892348,0,0,0,0,0,0,0,0,0,0.316259793937206,0,0,0,0,0,0.258827000353171,0,0.225019163886706,0,0.296127132446074,0.321759760379791,0.332538051021771,0.297053863604863,0.412214569747448,0,0.235712816778305,0.353649154305458,0.292870163917542,0.326832234859467,0.257478962472656,0,0.400309676428636,0,0.190484205589575,0,0,0,0.35405253919964,0,0,0,0,0,0,0,0,0,0,0,0,0,0,0.367638011237999,0,0,0,0,0,0.290766490940021,0.402834087610245,0.338998587263473,0,0.252158066051808,0.321110333715166,0.328871755650306,0.305527160790834,0
0,0,0.261904281377792,0,0.24956734975179,0,0,0,0,0,0.283195677612509,0,0,0,0,0,0.311868826548258,0.350224435329437,0.329034286813858,0,0.246091072910871,0,0,0,0,0,0,0,0,0,0.361325651407242,0,0.259566754102707,0,0,0,0.239191771587401,0,0.285923984646797,0.339570447802544,0.304497167379898,0.278889785210292,0.330870788952837,0.347933545708656,0.412295341491699,0.374108850955963,0.27663681739046,0.251903304830194,0.259615821096132,0,0.291423082351685,0,0,0,0,0,0.352074526460238,0,0,0,0,0,0,0,0,0,0,0,0,0,0,0,0,0.364087570421767,0,0,0,0,0.349411800503731,0.296084823866043,0,0.319319303433953,0.309551534939695,0.29645848274231,0.342787633335562,0.258104473352432,0.330934864468873
0,0,0,0,0,0,0,0,0,0.174239300191402,0,0,0,0,0,0.166710406541824,0.129624874331057,0.152423754380727,0.19213542342186,0,0,0.21789535619311,0.164783608913422,0.245726324253612,0,0.170755362795556,0,0.152753324558338,0,0,0,0,0,0,0,0,0,0.252416050992906,0,0,0,0,0,0,0,0,0,0,0,0.313418110930606,0,0,0,0,0,0,0,0,0,0,0,0,0,0,0,0,0.287701084901812,0,0.274093804451136,0,0.244274728404828,0,0,0,0,0,0,0,0,0,0.258302952592255,0,0.16952533142386,0.175472309192022,0.225049061700702,0.272537678480148,0
0,0,0,0,0,0,0,0,0,0,0,0,0,0,0,0,0,0,0,0,0,0.121125496923923,0.190278851645107,0,0.172677448581135,0,0.17056043446064,0,0.212175518274307,0,0,0,0,0,0,0,0,0,0.259827782309824,0,0,0,0,0,0,0,0,0,0.301552971494404,0,0,0,0,0,0,0,0,0,0,0,0,0,0,0,0,0,0,0.258800574941525,0,0.262661511778201,0,0.196529322916323,0,0,0,0,0,0,0,0,0,0.27188021379762,0.165142716442124,0,0,0,0
0,0,0,0,0,0,0,0,0,0.248043005283062,0,0,0,0,0,0,0,0,0,0,0,0.257950640412477,0,0.197988980065059,0,0.161953707153981,0,0,0,0,0,0,0,0,0,0,0,0.21294291766863,0,0,0,0,0,0,0,0,0,0,0,0.262910239214968,0,0,0,0,0,0.229337742626667,0,0,0,0,0,0,0,0,0.287701084901812,0,0,0,0.180397762358189,0,0.277830839157104,0,0,0,0,0,0,0,0,0,0.163634012142817,0,0.179840865312144,0.189515694975853,0.267181933919589,0,0
0,0,0,0,0,0,0,0,0.236125673408862,0,0,0,0,0,0,0,0,0,0,0,0,0,0.151699956506491,0,0.173492022826592,0,0,0,0,0,0,0,0,0,0,0,0,0,0.259657524982277,0,0,0,0,0,0,0,0,0,0.261429027654231,0,0,0,0,0,0.219354108268139,0,0,0,0,0,0,0,0,0,0,0.258800574941525,0,0,0,0.209163822233677,0,0,0,0,0,0,0,0,0,0,0,0.243958756327629,0.156574166715145,0,0.241846056999984,0,0
0,0,0,0,0,0,0,0,0,0,0,0,0,0,0,0.136209527111572,0.147589003810516,0.157360632625003,0.198766857385635,0,0,0.179124110937119,0,0.15623488040133,0,0.148052795855112,0,0.147517494857311,0,0,0,0,0,0,0,0,0,0,0,0,0,0.237906470894814,0,0,0,0,0,0,0,0.256928053909335,0,0,0,0,0,0,0,0,0,0,0,0.145135410130024,0,0,0.274093804451136,0,0.180397762358189,0,0,0,0.250077814549442,0,0,0,0,0,0,0,0,0,0,0,0.149792543749015,0.163401208817959,0.202394117911657,0,0
0,0,0,0,0,0,0,0,0.169569246344647,0,0,0,0,0,0.177097821677173,0,0,0,0,0,0,0,0.160597814936881,0,0.173429304361343,0,0.172217703763411,0,0.228754152854284,0,0,0,0,0,0,0,0,0,0,0,0,0,0,0,0,0,0,0,0.242984760552645,0,0,0,0,0,0,0,0,0,0.241114288087814,0,0.178683742880821,0,0,0,0,0.262661511778201,0,0.209163822233677,0,0,0,0.262614858150482,0,0,0,0,0,0,0,0,0,0,0.172475550680944,0,0,0,0
0,0,0,0,0,0,0,0,0,0,0,0.146262550354004,0,0.179769261429707,0,0,0,0,0,0,0,0.25397963351325,0,0.279131054878235,0,0.154548235237598,0,0.173212113475195,0,0.17130499546017,0,0,0,0,0,0,0,0.315759448668896,0,0,0,0,0,0,0,0,0,0.357884937524796,0,0.289519076644979,0,0,0,0,0,0,0,0.312029979174787,0,0.300352215766907,0,0,0,0,0.244274728404828,0,0.277830839157104,0,0.250077814549442,0,0,0,0.284982821408738,0,0,0,0,0,0,0,0.283398299548531,0,0.169760822528793,0.209529092678657,0,0,0
0,0,0,0,0,0,0,0,0,0,0,0,0,0,0,0,0,0,0,0,0,0,0.159808041900396,0,0,0,0,0,0.226787648357629,0,0.190977997250027,0,0,0,0,0,0,0,0.224916552175891,0,0,0,0,0,0,0,0,0,0.259106151877888,0,0,0,0,0,0,0,0.278168857097626,0,0.226900438650658,0,0,0,0,0,0,0.196529322916323,0,0,0,0.262614858150482,0,0,0,0.276483033416849,0,0,0,0,0,0,0,0.244550260924114,0.165941492869304,0,0,0,0
0,0,0,0.310064916547976,0,0.295374475857791,0,0,0,0,0,0.284145004856688,0,0,0,0,0.363252893090248,0.334921956062317,0.370692285753432,0.377571046502147,0,0,0,0,0,0,0,0.223558780309316,0,0.220248250402959,0,0,0,0,0,0.316138401627541,0,0.168740114744972,0,0.272538836114109,0.335934937000275,0.353892380624958,0,0.475619382328457,0,0.320495343091441,0,0,0,0.334652586644437,0,0.269010990858078,0,0,0,0,0,0.29786557258459,0,0.229849427938461,0,0.251899927854538,0.367638011237999,0,0,0,0,0,0,0,0.284982821408738,0,0,0,0,0,0,0,0.303106324884716,0.392700999975204,0.293063985988003,0,0.289622398523184,0,0.369661902906585,0.392209278685706,0
0,0,0.323761209845543,0,0.30065792798996,0,0,0,0,0,0.225271850285378,0,0,0,0,0,0.335261613130569,0,0.392592528036663,0,0.378296726279789,0,0,0,0,0,0,0,0.152333289936737,0,0.202169600891416,0,0,0,0,0,0.343623638153076,0,0.248544015921652,0.33533251285553,0.303383028755585,0,0.366821298175607,0,0.454062536358833,0.346847712993622,0.346105928998441,0.31823393702507,0.289345753778304,0,0,0,0,0,0,0,0.3552925279319,0,0.305505156517029,0,0,0,0,0.364087570421767,0,0,0,0,0,0,0,0.276483033416849,0,0,0,0,0,0,0,0.318101109564304,0.383396744728088,0.282434555164445,0.228857398654024,0.148312583565712,0.365393091417566,0,0.371716186404228
0,0,0,0,0,0,0,0,0,0,0,0,0,0,0,0,0,0,0,0,0,0,0,0,0,0,0,0,0,0,0,0.44588397550647,0.244866574219629,0.300348742802938,0,0.191461639676226,0,0,0,0,0,0,0,0,0,0,0,0.559484117206875,0,0.590693690087817,0,0,0,0,0,0,0,0,0,0,0,0,0,0,0,0,0,0,0,0,0,0,0,0,0,0.250975211461385,0,0,0.331954833214658,0,0,0,0.414704621001466,0,0,0,0
0,0,0,0,0,0,0,0,0,0,0,0,0,0,0,0,0,0,0,0,0,0,0,0,0,0,0,0,0,0,0,0.339467087974314,0.423833425438821,0,0.319450808068116,0,0.202901131118158,0,0,0,0,0,0,0,0,0,0,0.594062365464684,0,0,0,0,0,0,0,0,0,0,0,0,0,0,0,0,0,0,0,0,0,0,0,0,0,0,0.250975211461385,0,0,0.400080196893945,0.324300274252892,0.31761982493832,0,0,0.30326651921923,0,0,0,0
0,0,0,0,0,0,0,0,0,0,0,0,0,0,0,0,0,0,0,0,0,0,0,0,0,0,0,0,0,0,0,0.358876712620258,0,0.260528902903464,0.27886513620615,0.193205880040818,0,0.271713200572602,0.247649010270834,0,0,0,0,0,0,0,0,0.349490018171184,0,0,0,0,0,0,0,0,0,0,0,0,0,0,0,0,0,0,0,0,0,0,0,0,0,0,0,0,0,0.291908967532689,0.330178563019738,0,0.312475863188009,0,0.222071751158733,0.220888627450103,0,0,0
0,0,0,0,0,0,0,0,0,0,0,0,0,0,0,0,0,0,0,0,0,0,0,0,0,0,0,0,0,0,0,0,0.318358562310268,0.229110580953685,0.283734041173107,0,0.213439205247495,0,0.297480501626667,0,0,0,0.405399948358536,0,0,0,0.308251738548279,0.38990122636277,0.403920010353128,0,0,0,0,0,0,0,0,0,0,0,0,0,0,0,0,0,0,0,0,0,0,0,0,0,0,0.400080196893945,0.291908967532689,0,0,0.358982551635739,0,0.367789378416711,0.218592430321442,0,0.660613775253296,0,0
0,0.275560647249222,0,0.302103956540426,0,0.327640261501074,0,0,0,0,0,0.160147615841457,0,0,0,0,0.369294987105932,0.348688573606553,0.369104015644059,0.261988794991485,0,0,0,0,0,0,0,0,0,0,0,0.460156179204839,0.427926543354988,0.191700135810035,0,0.236936784036824,0.336563721299171,0.252498097640687,0,0.313124106372031,0.360892888377695,0.343217120813817,0.335644912044957,0.488431931173844,0.362573593854904,0.278180503420051,0.359837249914805,0.506581186190503,0.316731631755829,0.344345188883908,0,0,0,0,0,0,0,0.279852737241717,0,0,0,0,0.290766490940021,0.349411800503731,0,0,0,0,0,0,0,0,0.303106324884716,0,0.331954833214658,0.324300274252892,0.330178563019738,0,0,0.387670618016273,0.299453554398977,0.397116890975407,0.236335938586198,0.219969048909259,0.352985426610174,0.413306814330302,0.348245680332184
