0,0,0.210303693054578,0,0,0,0,0,0.201899869101388,0,0,0,0,0,0.226620629429817,0,0.341820858418941,0,0.334816344759681,0,0.483046770095825,0,0,0,0,0,0,0,0,0,0,0,0,0,0,0,0,0.339502736926079,0,0.307774811983109,0.433212627967199,0.298427104949951,0.290875262081623,0,0,0,0.45581250389417,0.352801293134689,0.214544816955414,0,0,0,0,0,0.195387292239401,0,0.404934787979493,0,0.226861546514556,0,0.219017789898248,0,0,0,0,0,0,0,0,0,0,0,0,0.447433621253607,0,0,0,0,0,0.479236508054393,0.385757297277451,0.496881265772714,0.301749808485988,0,0.314706951642738,0,0
0,0,0,0.140756411971695,0,0.171326418008123,0,0,0,0.152255761885006,0,0,0,0,0,0.151651293039322,0,0.161567330360413,0.242816279331843,0,0,0,0,0,0,0,0,0,0,0,0,0,0,0,0,0,0,0.173237361013889,0,0,0,0.239118622288559,0,0,0,0,0,0,0,0.155458520035888,0,0,0,0,0,0.174880894887097,0,0.179100841283798,0,0.167894080281258,0,0.152520862221718,0,0,0,0,0.235197246074677,0,0,0,0,0,0,0,0,0,0,0,0,0,0,0,0.203621134608984,0,0.217240592209029,0,0
0.210303693054578,0,0,0,0.134967976560195,0,0,0,0.132661970762106,0,0,0,0,0,0,0,0.268460810184479,0,0.297928094863892,0,0.253938928246498,0,0,0,0,0,0,0,0,0,0,0,0,0,0,0,0.22523578753074,0,0.309309765696526,0,0.28026376596906,0,0.261766471731735,0,0,0,0.224792910218239,0,0.248285165677468,0,0.221881161515529,0,0,0,0.212704986333847,0,0.244894771670648,0,0.215557168637003,0,0.212854698300362,0,0,0.234321318566799,0,0,0,0,0,0,0,0,0,0.309287088080531,0,0,0,0.286692798137665,0,0.305387391515498,0,0.32654829701734,0.232071093741863,0,0.226874151517467,0,0.254753841708104
0,0.140756411971695,0,0,0,0.203174854397394,0,0,0,0.158269082009792,0,0,0,0,0,0,0,0.263593174517155,0.24943164139986,0,0,0,0,0,0,0,0,0,0,0,0,0,0,0,0,0.179726117423603,0,0.272742060678346,0,0.275172768036524,0,0.325905980154366,0.284792341291904,0,0,0.218568741214657,0,0.307847619056702,0.314104318618774,0.183482808072165,0,0.218145633214398,0,0,0,0.183658430053864,0,0.29757355455903,0,0.155250488883919,0,0,0.268057883613639,0,0,0.406305938959122,0,0,0,0,0,0,0.349419936806232,0,0,0,0,0,0.284830791478983,0,0.326351616367604,0,0.260817897439535,0,0.230190127428005,0.282411820613421,0
0,0,0.134967976560195,0,0,0,0,0,0.142386503517628,0,0,0,0,0,0,0,0,0,0.260936796665192,0,0.197225431828128,0,0,0,0,0,0,0,0,0,0,0,0,0,0,0,0.217728741571937,0,0.325176954269409,0,0.247349487069775,0,0.255497195817567,0,0,0,0.207786171195599,0.2811115026474,0.260332397822487,0,0.267008532702491,0,0,0,0,0,0.252962161989316,0,0.185886970162392,0,0,0,0,0.210007086169871,0,0,0,0,0,0,0,0,0,0.288441871443102,0,0.252685185521841,0,0.297220140695572,0,0.235597162750088,0,0.298073531852828,0.178769102095273,0.179937780731254,0.232729129786855,0,0.234197249015172
0,0.171326418008123,0,0.203174854397394,0,0,0,0.118357490748167,0,0.156064834826255,0,0,0,0,0,0,0,0.249790087342262,0.257402966419856,0.210993984168626,0,0,0,0,0,0,0,0,0,0,0,0,0,0,0,0.165271242922646,0,0,0,0.254200733370251,0,0.264038465704237,0.258065834641457,0,0,0.219990902487805,0,0,0,0.240423929432164,0,0.15824273310136,0,0,0,0.184191175554631,0,0.28240361250937,0,0,0,0,0.244103448736176,0,0,0,0,0,0,0,0,0,0.312114094312374,0,0,0,0,0,0.237310161892169,0,0.302272999111344,0,0.193492503801607,0.138434901833534,0.255429332979756,0.261889211833477,0
0,0,0,0,0,0,0,0,0,0,0.102783568355502,0,0,0,0,0,0,0,0,0,0.159434378147125,0,0,0,0,0,0,0,0,0,0,0,0,0,0,0,0,0,0,0,0,0,0,0,0,0,0,0,0,0,0,0,0.15359625044991,0,0,0,0.104754539551558,0,0,0,0,0,0,0,0,0,0,0,0,0,0,0,0,0,0,0,0,0,0,0,0,0,0.132769186115056,0,0.136535882949829,0,0
0,0,0,0,0,0.118357490748167,0,0,0,0,0,0.109775803143328,0,0.160835400223732,0,0,0,0,0,0.13619585902918,0,0,0,0,0,0,0,0,0,0,0,0,0,0,0,0.123679000311173,0,0,0,0,0,0,0,0,0,0,0,0,0,0,0,0,0,0.123823551001095,0,0,0,0.120517788327892,0,0.150399699807167,0,0,0,0,0,0,0,0,0,0,0,0,0,0,0,0,0,0,0,0,0,0,0.129926213080233,0.11966219941775,0,0,0
0.201899869101388,0,0.132661970762106,0,0.142386503517628,0,0,0,0,0,0,0,0,0,0.199201601131862,0,0.216142527201549,0.199128912107365,0.25244958749262,0,0,0,0.185300976037979,0.191653057932854,0.196741534840493,0.169411152601242,0.182217930754026,0,0,0,0,0,0,0,0,0,0,0,0.19623839465817,0.355602314074834,0.287932803233465,0,0.194845838424487,0,0,0.346110329031944,0.205741460124652,0,0,0,0.266908675432205,0,0,0,0.231413467689534,0,0.265401949839933,0,0,0,0.17470513529157,0,0,0,0,0,0,0.326128035783768,0,0.140052376048905,0,0,0,0.367858397960663,0,0,0,0,0.409962236881256,0.361557732025782,0,0.268464055198889,0.206550894086186,0.208549146005448,0.147389375073398,0,0.251417607069016
0,0.152255761885006,0,0.158269082009792,0,0.156064834826255,0,0,0,0,0,0,0,0,0,0.148546678527277,0.183252908681568,0.179123478379227,0.238997787237167,0,0,0,0,0.195363282942943,0,0.157808505274631,0,0,0,0,0,0,0,0,0,0,0,0.181113578679581,0.276216834783554,0.236147872275776,0,0.221091237179069,0,0,0,0.199161719679832,0,0,0.346126362681389,0.212137219309807,0,0.0799154828374202,0,0,0,0.202294927541097,0,0.276709441627775,0,0,0,0.147164951477732,0.238046705722809,0,0,0,0.156226743377891,0,0,0,0,0,0.294602235158284,0.281242877244949,0,0,0,0,0.255305152800348,0,0.26347667449399,0,0.164282761792005,0,0.175674969022289,0.146646946668625,0
0,0,0,0,0,0,0.102783568355502,0,0,0,0,0,0.102515245869494,0,0,0,0,0,0,0,0.205387931830924,0,0,0,0,0,0,0,0,0,0,0,0,0,0,0,0.12413238696754,0,0.128958297664015,0,0.246445834636688,0,0.321590602397919,0,0,0,0.274125586662974,0,0,0,0,0,0.151203723003467,0,0,0,0.13543834063347,0,0,0,0,0,0,0.257606777689747,0,0,0,0,0,0,0,0,0,0,0,0,0,0,0,0.24555003332595,0,0.132581507261747,0.129882766979153,0,0.316725452740987,0,0
0,0,0,0,0,0,0,0.109775803143328,0,0,0,0,0,0.11815976617099,0,0,0,0,0,0.139986856759038,0,0,0,0,0,0,0,0.152067773765133,0,0.142560204491019,0,0,0,0,0,0.114774389468409,0,0.135693949936819,0,0,0,0,0,0,0,0,0,0,0,0,0,0,0,0.1713706119494,0,0,0,0.180010665244505,0,0,0,0,0.134702664752952,0,0,0,0,0,0,0,0,0,0,0,0,0,0,0,0.121186752210964,0,0.157129458955356,0,0.140023985030976,0,0.158284708857536,0,0
0,0,0,0,0,0,0,0,0,0,0.102515245869494,0,0,0,0.137332029881016,0,0,0,0,0,0,0,0,0,0,0,0,0,0.173289234439532,0,0,0,0,0,0,0,0,0,0,0,0,0,0,0,0,0,0,0,0,0,0,0,0,0,0,0,0.1164136862714,0,0.137769465841692,0,0,0,0,0,0,0,0,0,0,0,0,0,0,0,0,0,0,0,0,0,0,0,0.155866988003254,0,0,0,0
0,0,0,0,0,0,0,0.160835400223732,0,0,0,0.11815976617099,0,0,0,0.148094249042598,0,0.134079133470853,0,0,0,0,0,0,0,0,0,0,0,0.159366488456726,0,0,0,0,0,0,0,0,0,0,0,0,0,0,0,0,0,0,0,0,0,0,0,0,0,0,0,0.136796973645687,0,0.16018341539069,0,0.124002274583306,0,0,0,0,0,0,0,0,0.152151510119438,0,0,0,0,0,0,0,0,0,0,0,0.136248981952667,0,0,0,0
0.226620629429817,0,0,0,0,0,0,0,0.199201601131862,0,0,0,0.137332029881016,0,0,0,0.169401121158153,0.172429274235453,0.232132745060054,0,0,0,0.150749459862709,0,0,0,0.107119048247114,0,0,0,0,0,0,0,0,0,0,0,0,0,0.308199852705002,0,0.234354740381241,0,0,0.323280245065689,0.344610065221786,0,0.187613425155481,0,0,0,0,0,0.200593096645255,0,0.206299130405698,0,0.13114086297505,0,0.203135484041503,0,0,0,0,0,0,0,0,0.146702483296394,0,0,0,0.313305020332336,0,0,0,0,0.303931415081024,0.377271249890327,0,0.219237849116325,0.164391819036232,0.158169311285019,0.318325445055962,0,0.239662781357765
0,0.151651293039322,0,0,0,0,0,0,0,0.148546678527277,0,0,0,0.148094249042598,0,0,0.212566379457712,0.156871785980368,0.265393658479055,0,0,0,0,0,0,0.144144766032696,0,0,0,0,0,0,0,0,0,0,0,0,0,0.321246147155762,0,0,0,0,0,0,0,0,0,0,0,0,0,0,0,0.151065766734163,0,0,0,0,0,0.152063196020968,0,0,0,0,0.153926285604636,0,0,0,0,0,0,0,0,0,0,0,0,0,0,0,0.156906750703615,0,0,0,0
0.341820858418941,0,0.268460810184479,0,0,0,0,0,0.216142527201549,0.183252908681568,0,0,0,0,0.169401121158153,0.212566379457712,0,0.168841556409773,0.269746205638259,0,0.343801458676656,0,0.124398672185902,0.198362003152187,0.173863798379898,0.179817630052567,0.142895261391445,0,0.147315810124079,0,0,0,0,0,0,0,0.264754265546799,0,0.331963884333769,0.325461537463253,0.308408592854227,0.270884919936965,0.262751478245371,0,0.237742707133293,0.328496092712724,0.339171483323274,0,0,0.326960667967796,0.248935908079147,0,0,0,0.201315220956709,0,0.355861215832386,0.257115632295609,0,0,0.175205470573518,0,0.328125402331352,0.269750006496906,0,0.114450486169921,0,0,0.141539990901947,0.113642983493351,0,0,0.342142994205157,0.342204079210046,0,0,0,0,0.347624055639712,0.349097200873261,0.348837707812587,0.351827323117996,0.214018274229585,0.152398731701495,0.317204360583917,0.27861539380891,0.266375900934572
0,0.161567330360413,0,0.263593174517155,0,0.249790087342262,0,0,0.199128912107365,0.179123478379227,0,0,0,0.134079133470853,0.172429274235453,0.156871785980368,0.168841556409773,0,0.275957837996203,0,0,0.113717856809121,0.193162976205349,0.144539387086811,0,0.139215653926022,0.239916508396467,0.112973351031542,0,0,0,0,0,0,0,0,0,0,0,0.306789492757204,0.298212787055451,0.258634773651501,0.256401319836461,0.341457724571228,0.245274417102337,0.298384683993128,0.313535247431245,0,0,0.274915420427555,0,0,0,0,0,0.167535406351089,0.323365598917007,0.31536624332269,0,0,0.166848880549272,0.159104868769646,0.311766656115651,0.282528448849916,0,0,0,0,0.158023698163814,0,0,0,0.329474533146078,0.333927555807999,0,0,0,0,0.327591496018263,0.320389227905581,0.350042092733543,0.333537885966973,0.193778666888109,0.157979193593203,0.297700598971719,0.279966186393391,0.250577388774781
0.334816344759681,0.242816279331843,0.297928094863892,0.24943164139986,0.260936796665192,0.257402966419856,0,0,0.25244958749262,0.238997787237167,0,0,0,0,0.232132745060054,0.265393658479055,0.269746205638259,0.275957837996203,0,0,0,0,0.233733460307121,0.256395365441999,0,0.225804777465005,0.208850391209126,0,0,0,0,0,0,0,0,0,0.243148237466812,0.436111062765121,0.328455711404483,0.309654287370228,0.291838100700426,0.242482337242484,0.222646916716883,0.487313204755386,0.199669871944934,0.345314039323563,0.315591008650998,0.255685657262802,0.250855017453432,0.291448162843103,0.258891075849533,0,0,0,0,0,0.355144966436529,0.42532981854553,0.255650520324707,0,0.214155635237694,0,0.295810064247676,0.280979427228491,0,0,0,0,0.223248742520809,0,0,0,0.421008818648838,0.338102335186474,0,0,0,0,0.395365959100774,0.339328477111351,0.448526614440881,0.330369769479659,0.246618927432766,0.196294820970959,0.32895728020405,0.264789727840411,0.232222853862684
0,0,0,0,0,0.210993984168626,0,0.13619585902918,0,0,0,0.139986856759038,0,0,0,0,0,0,0,0,0,0,0,0,0,0,0,0,0,0,0,0,0,0,0,0.144739079538771,0,0.136856598254659,0,0,0,0,0,0,0,0,0,0,0,0,0,0,0,0,0,0,0,0.165767897530036,0,0,0,0,0.152540094908496,0,0,0,0,0,0,0,0,0,0.156288184225559,0,0,0,0,0,0.168119216750025,0,0.17194714097456,0,0.14075518249129,0,0.18052191455518,0,0
0.483046770095825,0,0.253938928246498,0,0.197225431828128,0,0.159434378147125,0,0,0,0.205387931830924,0,0,0,0,0,0.343801458676656,0,0,0,0,0,0,0,0,0,0,0,0,0,0,0,0,0,0,0,0.120041355615904,0,0.192913642143183,0,0.293481633067131,0,0.275685265660286,0,0,0,0.259129732847214,0,0.231762021780014,0,0.230566674886748,0,0,0,0,0,0.20564575344568,0,0,0,0,0,0,0.262806870183365,0,0,0,0,0,0,0,0,0,0.370813341032375,0,0,0,0,0,0.245303467657644,0,0.165447794004089,0.135342281066127,0.155750173330307,0.215040460961764,0,0
0,0,0,0,0,0,0,0,0,0,0,0,0,0,0,0,0,0.113717856809121,0,0,0,0,0.0829529911279678,0.272110410034657,0,0.135966827472051,0,0.110584485530853,0,0,0,0,0,0,0,0,0,0.248810125372461,0.62592453956604,0,0,0,0,0,0,0,0,0.608462393283844,0.579808069599999,0.428953391724619,0,0,0,0,0,0,0,0,0,0,0,0,0,0,0.193752191430993,0.510074183344841,0.229217391799797,0.550023019313812,0,0,0,0,0,0,0,0,0,0,0,0,0.304799875484161,0.591250881552696,0.12330326548702,0,0.381018078327179,0,0
0,0,0,0,0,0,0,0,0.185300976037979,0,0,0,0,0,0.150749459862709,0,0.124398672185902,0.193162976205349,0.233733460307121,0,0,0.0829529911279678,0,0,0.130381773625101,0,0.147919081408402,0,0,0,0,0,0,0.598704944054286,0,0,0,0.613523248583078,0.340704360818292,0,0,0,0,0,0,0,0,0.526019267737865,0.462231573249613,0.508047843972842,0,0,0,0,0,0,0,0,0,0,0,0,0,0,0,0.206174900310498,0,0.27327195669596,0,0.258330959943123,0,0,0,0,0,0,0,0,0.351219892501831,0,0.641885310411453,0.242861900052854,0.191403917132694,0.0919861315804369,0.535106509923935,0,0
0,0,0,0,0,0,0,0,0.191653057932854,0.195363282942943,0,0,0,0,0,0,0.198362003152187,0.144539387086811,0.256395365441999,0,0,0.272110410034657,0,0,0,0.137275283881387,0,0,0,0,0,0,0,0,0,0,0,0.196923693987781,0.476875871419907,0,0,0.172612097528246,0,0,0,0.277232706546783,0,0,0,0,0,0,0,0,0,0.175960661335425,0,0,0,0,0,0,0,0,0.265617360002719,0,0.179708036360947,0,0.132845516263876,0,0,0,0,0,0,0,0,0,0,0,0.23161384715605,0,0.152800535897211,0,0.251071790807715,0.158942355641297,0
0,0,0,0,0,0,0,0,0.196741534840493,0,0,0,0,0,0,0,0.173863798379898,0,0,0,0,0,0.130381773625101,0,0,0,0.131394996742407,0,0,0,0,0,0,0,0,0,0,0,0.287564229439287,0,0,0,0,0,0,0,0,0.393185019493103,0.331670969724655,0,0,0,0,0,0.21902503840187,0,0,0,0,0,0,0,0,0,0,0.183480764267507,0,0.172143622934818,0,0.164766031006972,0,0,0,0,0,0,0,0,0,0,0,0.277086348997222,0.178308906499296,0.162688657641411,0.164337450431453,0,0
0,0,0,0,0,0,0,0,0.169411152601242,0.157808505274631,0,0,0,0,0,0.144144766032696,0.179817630052567,0.139215653926022,0.225804777465005,0,0,0.135966827472051,0,0.137275283881387,0,0,0,0.153781486209482,0,0,0,0,0,0,0,0,0,0,0,0.301488101482391,0,0,0,0,0,0,0,0,0,0,0,0,0,0,0,0.152869317461463,0,0,0,0,0,0.158414091015684,0,0,0,0,0.160943327956117,0,0.146708897509418,0,0.156387353644652,0,0,0,0,0,0,0,0.355693355202675,0,0,0,0.15273260430188,0.147368063529332,0,0,0
0,0,0,0,0,0,0,0,0.182217930754026,0,0,0,0,0,0.107119048247114,0,0.142895261391445,0.239916508396467,0.208850391209126,0,0,0,0.147919081408402,0,0.131394996742407,0,0,0,0,0,0,0,0,0,0,0,0,0,0,0,0.327711790800095,0,0.220440655946732,0,0,0,0.276104390621185,0,0,0,0,0,0,0,0,0,0,0,0,0,0,0,0,0,0,0.141815587878227,0,0,0,0.162089543210136,0,0,0,0.33274045586586,0,0,0,0,0.323662400245667,0,0,0,0.123799120899567,0.142326981868855,0,0,0
0,0,0,0,0,0,0,0,0,0,0,0.152067773765133,0,0,0,0,0,0.112973351031542,0,0,0,0.110584485530853,0,0,0,0.153781486209482,0,0,0,0.124659257009625,0,0,0,0,0,0,0,0.150176709517837,0,0,0,0,0,0,0,0,0,0,0,0,0,0,0,0,0,0,0,0.151932957271735,0,0.130930483341217,0,0.108962282538414,0,0,0,0,0,0,0.138669416308403,0,0.163123325444758,0,0.153328369061152,0,0,0,0,0,0,0,0,0,0.125447724014521,0,0,0,0
0,0,0,0,0,0,0,0,0,0,0,0,0.173289234439532,0,0,0,0.147315810124079,0,0,0,0,0,0,0,0,0,0,0,0,0,0,0,0,0,0,0,0,0,0,0,0,0,0,0,0,0,0,0,0,0,0,0,0,0,0,0,0,0,0,0,0,0,0,0,0,0,0,0,0,0,0,0.122595918178558,0,0,0,0,0,0,0,0,0,0,0.176168714874777,0.144685298204422,0,0,0
0,0,0,0,0,0,0,0,0,0,0,0.142560204491019,0,0.159366488456726,0,0,0,0,0,0,0,0,0,0,0,0,0,0.124659257009625,0,0,0,0,0,0,0,0,0,0.14887031515553,0,0,0,0,0,0,0,0,0,0,0,0,0,0,0,0,0,0,0,0.141449518501759,0,0,0,0,0,0,0,0,0,0,0,0,0.120948038498561,0,0.177496684958105,0,0,0,0,0,0,0,0.150155119006596,0,0.126617419222991,0,0,0,0
0,0,0,0,0,0,0,0,0,0,0,0,0,0,0,0,0,0,0,0,0,0,0,0,0,0,0,0,0,0,0,0,0,0,0,0,0,0,0,0,0,0,0,0,0,0,0,0,0,0,0,0,0,0,0,0,0,0,0,0,0,0,0,0,0,0,0,0,0,0,0,0,0,0.189404459540234,0,0,0,0,0,0,0,0.141448825597763,0,0,0,0,0
0,0,0,0,0,0,0,0,0,0,0,0,0,0,0,0,0,0,0,0,0,0,0,0,0,0,0,0,0,0,0,0,0.240477051702804,0,0.130061030387878,0.176767181394235,0.175413595962113,0,0,0,0,0,0,0,0,0,0,0.449443949950232,0,0.233670390465043,0,0,0,0,0,0,0,0,0,0,0,0,0,0,0,0,0,0,0,0,0,0,0,0,0.368342258049049,0.408099099131984,0.348728179931641,0.29835902651151,0.167943473953705,0.356300290915873,0,0,0.366688625229632,0,0,0,0
0,0,0,0,0,0,0,0,0,0,0,0,0,0,0,0,0,0,0,0,0,0,0,0,0,0,0,0,0,0,0,0.240477051702804,0,0.12104906141758,0,0,0.148793327382633,0,0,0,0,0,0,0,0,0,0,0.47546423212834,0,0,0,0,0,0,0,0,0,0,0,0,0,0,0,0,0,0,0,0,0,0,0,0,0,0,0.32698626491982,0.412753895591697,0,0.289404702151106,0.193061884492636,0.28957449272275,0,0,0.16200392058975,0,0,0,0
0,0,0,0,0,0,0,0,0,0,0,0,0,0,0,0,0,0,0,0,0,0,0.598704944054286,0,0,0,0,0,0,0,0,0,0.12104906141758,0,0.170014693087886,0.178009553208496,0,0.328245532147738,0.652091336535106,0,0,0,0,0,0,0.365075320005417,0,0.418339992232845,0.554684103376725,0.425715006210587,0,0,0,0,0,0,0,0,0,0,0,0,0,0,0,0.569157066941261,0,0.53425657749176,0,0,0,0.577344655990601,0,0,0.362832509489222,0.519862492879232,0.199107200555792,0.251601021605131,0.18579272304972,0.454905952726092,0.634964456781745,0.588480850374726,0.191436430496704,0,0.593247971187035,0,0
0,0,0,0,0,0,0,0,0,0,0,0,0,0,0,0,0,0,0,0,0,0,0,0,0,0,0,0,0,0,0,0.130061030387878,0,0.170014693087886,0,0,0.147135838230209,0.521555989332821,0.352599690712634,0,0,0,0,0,0,0,0,0.389969737230358,0,0.654620627562205,0,0,0,0,0,0,0,0,0,0,0,0,0,0,0.644947528839111,0,0,0,0,0,0,0,0,0,0,0.377607819650854,0.169770270603063,0.272172272552861,0,0.176114149544745,0.700118674681737,0.188819222980075,0.195512882494307,0,0,0,0
0,0,0,0.179726117423603,0,0.165271242922646,0,0.123679000311173,0,0,0,0.114774389468409,0,0,0,0,0,0,0,0.144739079538771,0,0,0,0,0,0,0,0,0,0,0,0.176767181394235,0,0.178009553208496,0,0,0.170506149082256,0.143869938084379,0,0.23522812128067,0,0.25389249920845,0,0,0,0.186069962557624,0,0.378797829429969,0,0.271468732734116,0,0,0,0,0,0,0,0,0,0,0,0,0.144842208737565,0,0,0,0,0,0,0,0,0,0,0,0.258920496805609,0,0.184843305832169,0,0.176168275193329,0.161888398904549,0.215055775467534,0,0.22206415039775,0.489645176934419,0.203792504888649,0,0
0,0,0.22523578753074,0,0.217728741571937,0,0,0,0,0,0.12413238696754,0,0,0,0,0,0.264754265546799,0,0.243148237466812,0,0.120041355615904,0,0,0,0,0,0,0,0,0,0,0.175413595962113,0.148793327382633,0,0.147135838230209,0.170506149082256,0,0,0.156182014793401,0,0.256618838561209,0,0.286894434028202,0,0,0,0.248343873769045,0.180934071596022,0.301002044503282,0.305598312761725,0.238159490908895,0,0,0,0,0,0.19653437063098,0,0.225558280944824,0,0,0,0,0.210951934052501,0,0,0,0,0,0,0,0,0,0.317037857241101,0.209381197889646,0.164063814167793,0,0.168961400364308,0.190563404097639,0.189882295555378,0,0.248703450244796,0.194274765231326,0.367756678844514,0.298376333680046,0,0
0.339502736926079,0.173237361013889,0,0.272742060678346,0,0,0,0,0,0.181113578679581,0,0.135693949936819,0,0,0,0,0,0,0.436111062765121,0.136856598254659,0,0.248810125372461,0.613523248583078,0.196923693987781,0,0,0,0.150176709517837,0,0.14887031515553,0,0,0,0.328245532147738,0.521555989332821,0.143869938084379,0,0,0.66667259178907,0,0,0.165733050022806,0.298796147108078,0,0,0.247290356336413,0,0.621736485924986,0.659081032730284,0.427096119262482,0,0,0,0,0,0.193730440317539,0,0.172569356543917,0,0,0,0,0.198828591290348,0,0.305103347511777,0.60201821864947,0.334558455594655,0.526928808540106,0,0,0,0.582404792308807,0.171218943737802,0,0.383665025234222,0,0.198457598686218,0.648880884051323,0.147197987116079,0.41466611623764,0.225665707342437,0.650135475177067,0.259873554500035,0,0.449342651877396,0.155026371381721,0
0,0,0.309309765696526,0,0.325176954269409,0,0,0,0.19623839465817,0.276216834783554,0.128958297664015,0,0,0,0,0,0.331963884333769,0,0.328455711404483,0,0.192913642143183,0.62592453956604,0.340704360818292,0.476875871419907,0.287564229439287,0,0,0,0,0,0,0,0,0.652091336535106,0.352599690712634,0,0.156182014793401,0.66667259178907,0,0,0.309635579586029,0.425383031368256,0.186164826340973,0,0,0,0.291707978300426,0.629783189771649,0.537840366292228,0.623790901016306,0,0,0,0,0.212523528478212,0,0.148791046142578,0.429141998291016,0.281035721302032,0,0,0,0,0.270876674861698,0.661515153944492,0.423647209593264,0,0.309823095118695,0,0,0,0.450145476269272,0,0,0,0.398897525337007,0,0.344933648001064,0,0.18249545830067,0.740638099404366,0.266789734915181,0.346459155169326,0,0.391360498373471,0,0.369969338178635
0.307774811983109,0,0,0.275172768036524,0,0.254200733370251,0,0,0.355602314074834,0.236147872275776,0,0,0,0,0,0.321246147155762,0.325461537463253,0.306789492757204,0.309654287370228,0,0,0,0,0,0,0.301488101482391,0,0,0,0,0,0,0,0,0,0.23522812128067,0,0,0,0,0.352739349421528,0.308259127358351,0.275282356474135,0.457486912608147,0,0.29567300611519,0.362523415862624,0.332203809510578,0,0.248441400389253,0,0,0,0,0,0.239011973142624,0.349998813867569,0.316847279847386,0,0,0,0,0.254656170051135,0.368563820918401,0,0,0,0,0,0,0,0,0.333135305355265,0.391619648252215,0,0,0,0,0.311841072545154,0.379749360581788,0.373437089340993,0.384081682562828,0.337952428127741,0.321924313902855,0.318481517782082,0.30133437193357,0.307152333855629
0.433212627967199,0,0.28026376596906,0,0.247349487069775,0,0,0,0.287932803233465,0,0.246445834636688,0,0,0,0.308199852705002,0,0.308408592854227,0.298212787055451,0.291838100700426,0,0.293481633067131,0,0,0,0,0,0.327711790800095,0,0,0,0,0,0,0,0,0,0.256618838561209,0,0.309635579586029,0.352739349421528,0,0.274758172471349,0.275613920642124,0,0.275593857815925,0.338019005488604,0.305981486697942,0.325734347105026,0.282666767443099,0.280498027801514,0.253064697709951,0,0,0,0.256946101784706,0,0.275532078306849,0.330201268196106,0.259607320831668,0,0,0,0.348928943276405,0.230136910491333,0,0,0,0,0,0,0,0,0.318704694509506,0.301582311945302,0,0,0,0.322655167430639,0.355802482884863,0.310700397973339,0.341622161865234,0.319479504412801,0.326995295671316,0.362413404243333,0.303003409043712,0,0.294271970105668
0.298427104949951,0.239118622288559,0,0.325905980154366,0,0.264038465704237,0,0,0,0.221091237179069,0,0,0,0,0,0,0.270884919936965,0.258634773651501,0.242482337242484,0,0,0,0,0.172612097528246,0,0,0,0,0,0,0,0,0,0,0,0.25389249920845,0,0.165733050022806,0.425383031368256,0.308259127358351,0.274758172471349,0,0.259527044517443,0.271240919828415,0.19526407122612,0.271370962342576,0.287662115693092,0.417647859319708,0.436112910509109,0.29530024581576,0,0.272738516330719,0,0,0,0.274629514279037,0,0.345546060927199,0,0,0,0,0.3282037214087,0,0,0,0.210143625736237,0,0,0,0,0,0.315922229952312,0.289036333560944,0,0,0,0,0.311955245804181,0.297190977940484,0.346520236926378,0.291777645548185,0.274686308969882,0.25440713763237,0.314523257297518,0.244207769655241,0.22438471019268
0.290875262081623,0,0.261766471731735,0.284792341291904,0.255497195817567,0.258065834641457,0,0,0.194845838424487,0,0.321590602397919,0,0,0,0.234354740381241,0,0.262751478245371,0.256401319836461,0.222646916716883,0,0.275685265660286,0,0,0,0,0,0.220440655946732,0,0,0,0,0,0,0,0,0,0.286894434028202,0.298796147108078,0.186164826340973,0.275282356474135,0.275613920642124,0.259527044517443,0,0,0.216271240973756,0.270574941679283,0.289563879946108,0.34561163187027,0.374203880754768,0.274545884132385,0.266868302077055,0,0,0,0.257829502224922,0,0.313788845722202,0.298939340880939,0.266016939372727,0,0.219064317643642,0,0.307139649987221,0.306726046066771,0,0,0,0,0,0,0,0,0.306190761427085,0.300060348657819,0,0.269156575202942,0,0.28417381644249,0.306349571366779,0.294948942430023,0.320807342727979,0.308819957672323,0.271704092394556,0.298452082276344,0.292027237325919,0.26084345728159,0.234044708410069
0,0,0,0,0,0,0,0,0,0,0,0,0,0,0,0,0,0.341457724571228,0.487313204755386,0,0,0,0,0,0,0,0,0,0,0,0,0,0,0,0,0,0,0,0,0.457486912608147,0,0.271240919828415,0,0,0,0.457045127948125,0,0,0,0,0,0,0,0,0,0,0,0.49338586628437,0,0,0,0,0,0,0,0,0,0,0,0,0,0,0.504588803648949,0,0,0,0,0,0.531436669826508,0,0.560104833543301,0,0.329677075147629,0,0.523322335060905,0,0
0,0,0,0,0,0,0,0,0,0,0,0,0,0,0,0,0.237742707133293,0.245274417102337,0.199669871944934,0,0,0,0,0,0,0,0,0,0,0,0,0,0,0,0,0,0,0,0,0,0.275593857815925,0.19526407122612,0.216271240973756,0,0,0.237948529422283,0.294239730194763,0,0,0.223677784204483,0,0,0,0,0,0,0,0,0,0,0,0,0,0.286570083349943,0,0,0,0,0,0,0,0,0,0.314063340425491,0,0,0,0,0.345659539103508,0.300293260025528,0.378826946020126,0.242698922753334,0.241099607418565,0,0.237714333582098,0,0.244009740650654
0,0,0,0.218568741214657,0,0.219990902487805,0,0,0.346110329031944,0.199161719679832,0,0,0,0,0.323280245065689,0,0.328496092712724,0.298384683993128,0.345314039323563,0,0,0,0,0.277232706546783,0,0,0,0,0,0,0,0,0,0.365075320005417,0,0.186069962557624,0,0.247290356336413,0,0.29567300611519,0.338019005488604,0.271370962342576,0.270574941679283,0.457045127948125,0.237948529422283,0,0.334582233003208,0.320251619507527,0.277637302875519,0.255588378610402,0,0.229277983307838,0,0,0,0.209220447710582,0.312707759439945,0.321788299602011,0,0,0,0,0.223691071314207,0.336023976405462,0,0,0,0,0,0,0,0,0.34897498731933,0.347526974976063,0,0,0,0,0.299813677748314,0.381278393981613,0.368665459998992,0.393735039234161,0.336293069371804,0,0.273980104197404,0.270214668909709,0
0.45581250389417,0,0.224792910218239,0,0.207786171195599,0,0,0,0.205741460124652,0,0.274125586662974,0,0,0,0.344610065221786,0,0.339171483323274,0.313535247431245,0.315591008650998,0,0.259129732847214,0,0,0,0,0,0.276104390621185,0,0,0,0,0,0,0,0,0,0.248343873769045,0,0.291707978300426,0.362523415862624,0.305981486697942,0.287662115693092,0.289563879946108,0,0.294239730194763,0.334582233003208,0,0.281661917765935,0.269968891607933,0,0.236533058807254,0,0,0,0.20926733314991,0,0.296566291611238,0,0.22659600593827,0,0,0,0.348681449890137,0.224127604128563,0,0,0,0,0,0,0,0,0.35900072256724,0.315791020637722,0,0.236349385231733,0,0.298149861395359,0.365585906505585,0.308807684215296,0.379752993583679,0.349004545008264,0.345822628997401,0.395757872272621,0.304168853822049,0.350995570421219,0.289183403639232
0.352801293134689,0,0,0.307847619056702,0.2811115026474,0,0,0,0,0,0,0,0,0,0,0,0,0,0.255685657262802,0,0,0.608462393283844,0.526019267737865,0,0.393185019493103,0,0,0,0,0,0,0.449443949950232,0.47546423212834,0.418339992232845,0.389969737230358,0.378797829429969,0.180934071596022,0.621736485924986,0.629783189771649,0.332203809510578,0.325734347105026,0.417647859319708,0.34561163187027,0,0,0.320251619507527,0.281661917765935,0,0.548160975532554,0.385595343400486,0.245074331760406,0,0,0,0,0,0.303588908165693,0,0,0,0,0,0.306611508131027,0.277567555507024,0.573995043834051,0.523381255174938,0,0.466612351792199,0,0,0,0.50988562978231,0.385557100176811,0.314548760652542,0.413748112004367,0.45784944697636,0.384589036982302,0.422447485632903,0.343097444829651,0.423969573891597,0.626636200088855,0.60421423173486,0.447759920618071,0,0.484555916246058,0,0
0.214544816955414,0,0.248285165677468,0.314104318618774,0.260332397822487,0,0,0,0,0.346126362681389,0,0,0,0,0.187613425155481,0,0,0,0.250855017453432,0,0.231762021780014,0.579808069599999,0.462231573249613,0,0.331670969724655,0,0,0,0,0,0,0,0,0.554684103376725,0,0,0.301002044503282,0.659081032730284,0.537840366292228,0,0.282666767443099,0.436112910509109,0.374203880754768,0,0,0.277637302875519,0.269968891607933,0.548160975532554,0,0.505696875468279,0.267388596987495,0,0,0,0.251369029283524,0,0.24316768691446,0,0.245585240778469,0,0.192437596743306,0,0,0.262567712854938,0.608045688042274,0.422161202538117,0,0.315801508827456,0,0,0,0.395860534161329,0,0.301677032791335,0,0.345756910741329,0.448867373168468,0.407877420527594,0.270097121596336,0.335746716015349,0.685772680783574,0.399916175262516,0.418261513509376,0,0.358608407005115,0,0.289797059127263
0,0.155458520035888,0,0.183482808072165,0,0.240423929432164,0,0,0,0.212137219309807,0,0,0,0,0,0,0.326960667967796,0.274915420427555,0.291448162843103,0,0,0.428953391724619,0.508047843972842,0,0,0,0,0,0,0,0,0.233670390465043,0,0.425715006210587,0.654620627562205,0.271468732734116,0.305598312761725,0.427096119262482,0.623790901016306,0.248441400389253,0.280498027801514,0.29530024581576,0.274545884132385,0,0.223677784204483,0.255588378610402,0,0.385595343400486,0.505696875468279,0,0,0,0,0,0,0.154540818184614,0,0.290821649701051,0,0.179431455153407,0,0.189234005479977,0.319836618900299,0,0.289775553321451,0.514968079787034,0,0.446087062358856,0,0,0,0.485782479246457,0.307799542568765,0,0,0,0.407884200414022,0.586387777870352,0.24162999172953,0.322790606154336,0.391736436829545,0.526177069475484,0.343101331893249,0,0.309525818810327,0.289108081193237,0
0,0,0.221881161515529,0,0.267008532702491,0,0,0,0.266908675432205,0,0,0,0,0,0,0,0.248935908079147,0,0.258891075849533,0,0.230566674886748,0,0,0,0,0,0,0,0,0,0,0,0,0,0,0,0.238159490908895,0,0,0,0.253064697709951,0,0.266868302077055,0,0,0,0.236533058807254,0.245074331760406,0.267388596987495,0,0,0,0,0,0,0,0.26547272503376,0,0.188240241259336,0,0,0,0,0.294148646871146,0,0,0,0,0,0,0,0,0,0.286164912912581,0,0.273641236126423,0,0.29317918419838,0,0.271448436167722,0,0.293434652415189,0.227149467468262,0,0.281314301242431,0,0
0,0,0,0.218145633214398,0,0.15824273310136,0,0,0,0.0799154828374202,0,0,0,0,0,0,0,0,0,0,0,0,0,0,0,0,0,0,0,0,0,0,0,0,0,0,0,0,0,0,0,0.272738516330719,0,0,0,0.229277983307838,0,0,0,0,0,0,0,0,0,0.0856864601373672,0,0,0,0.18610131368041,0,0.150775153847302,0.222416922450066,0,0,0,0,0,0,0,0,0,0.318411409854889,0,0,0,0,0,0,0,0.352380454540253,0,0.183141326774722,0,0.194792854189873,0,0
0,0,0,0,0,0,0.15359625044991,0,0,0,0.151203723003467,0,0,0,0,0,0,0,0,0,0,0,0,0,0,0,0,0,0,0,0,0,0,0,0,0,0,0,0,0,0,0,0,0,0,0,0,0,0,0,0,0,0,0,0,0,0,0,0,0,0,0,0,0,0,0,0,0,0,0,0,0,0,0,0,0,0,0,0,0,0,0,0.140240053335826,0,0,0,0
0,0,0,0,0,0,0,0.123823551001095,0,0,0,0.1713706119494,0,0,0,0,0,0,0,0,0,0,0,0,0,0,0,0,0,0,0,0,0,0,0,0,0,0,0,0,0,0,0,0,0,0,0,0,0,0,0,0,0,0,0,0,0,0.145704842667222,0,0,0,0,0,0,0,0,0,0,0,0,0,0,0,0,0,0,0,0,0,0,0,0,0.105564317720778,0,0,0,0
0.195387292239401,0,0.212704986333847,0,0,0,0,0,0.231413467689534,0,0,0,0,0,0.200593096645255,0,0.201315220956709,0,0,0,0,0,0,0,0.21902503840187,0,0,0,0,0,0,0,0,0,0,0,0,0,0.212523528478212,0,0.256946101784706,0,0.257829502224922,0,0,0,0.20926733314991,0,0.251369029283524,0,0,0,0,0,0,0,0.265183091163635,0,0,0,0.181750894370286,0,0,0,0,0,0,0.260837801636809,0,0,0,0,0,0.290550991892815,0,0,0,0,0,0,0,0.246339152587785,0.208301012005125,0,0.253765493631363,0,0
0,0.174880894887097,0,0.183658430053864,0,0.184191175554631,0,0,0,0.202294927541097,0,0,0,0,0,0.151065766734163,0,0.167535406351089,0,0,0,0,0,0.175960661335425,0,0.152869317461463,0,0,0,0,0,0,0,0,0,0,0,0.193730440317539,0,0.239011973142624,0,0.274629514279037,0,0,0,0.209220447710582,0,0,0,0.154540818184614,0,0.0856864601373672,0,0,0,0,0,0.274595856666565,0,0,0,0.169987656853416,0,0,0,0,0.225670471918165,0,0,0,0,0,0.314655795693398,0,0,0,0,0,0.250268059117453,0,0.21987813765026,0,0.170696606187476,0,0.181713415614583,0,0
0.404934787979493,0,0.244894771670648,0,0.252962161989316,0,0.104754539551558,0,0.265401949839933,0,0.13543834063347,0,0.1164136862714,0,0.206299130405698,0,0.355861215832386,0.323365598917007,0.355144966436529,0,0.20564575344568,0,0,0,0,0,0,0,0,0,0,0,0,0,0,0,0.19653437063098,0,0.148791046142578,0.349998813867569,0.275532078306849,0,0.313788845722202,0,0,0.312707759439945,0.296566291611238,0.303588908165693,0.24316768691446,0,0.26547272503376,0,0,0,0.265183091163635,0,0,0,0.224539397922281,0,0.195224879330464,0,0,0.303775196568122,0,0.344465106725693,0,0,0,0,0,0.326953083276749,0,0.334668806694096,0,0.244256153702736,0,0.291987493634224,0,0.285737404873321,0,0.324358929808323,0.286268631134458,0.379811206034252,0.316153890352983,0,0.342942749078457
0,0.179100841283798,0,0.29757355455903,0,0.28240361250937,0,0.120517788327892,0,0.276709441627775,0,0.180010665244505,0,0.136796973645687,0,0,0.257115632295609,0.31536624332269,0.42532981854553,0.165767897530036,0,0,0,0,0,0,0,0.151932957271735,0,0.141449518501759,0,0,0,0,0,0,0,0.172569356543917,0.429141998291016,0.316847279847386,0.330201268196106,0.345546060927199,0.298939340880939,0.49338586628437,0,0.321788299602011,0,0,0,0.290821649701051,0,0,0,0.145704842667222,0,0.274595856666565,0,0,0,0.171526425828536,0,0.18812961379687,0.329554490658433,0,0,0,0,0,0,0,0,0,0.379031479012938,0,0,0,0,0,0.344421748931591,0.330981681744258,0.222565931223688,0,0.2936991041386,0,0.351978617633093,0.365098965855745,0
0.226861546514556,0,0.215557168637003,0,0.185886970162392,0,0,0,0,0,0,0,0.137769465841692,0,0.13114086297505,0,0,0,0.255650520324707,0,0,0,0,0,0,0,0,0,0,0,0,0,0,0,0,0,0.225558280944824,0,0.281035721302032,0,0.259607320831668,0,0.266016939372727,0,0,0,0.22659600593827,0,0.245585240778469,0,0.188240241259336,0,0,0,0,0,0.224539397922281,0,0,0,0.199162662650148,0,0,0.283783915142218,0,0,0,0,0,0,0,0,0,0.291292652487755,0,0,0,0.300540407498678,0,0.280490126460791,0,0.288222456971804,0.242196223952553,0,0.246811204604959,0,0.252663046121597
0,0.167894080281258,0,0.155250488883919,0,0,0,0.150399699807167,0,0,0,0,0,0.16018341539069,0,0,0,0,0,0,0,0,0,0,0,0,0,0.130930483341217,0,0,0,0,0,0,0,0,0,0,0,0,0,0,0,0,0,0,0,0,0,0.179431455153407,0,0.18610131368041,0,0,0,0,0,0.171526425828536,0,0,0,0.159552369266748,0,0,0,0,0,0,0,0,0,0,0,0,0,0,0,0,0,0,0,0,0.128337487578392,0,0,0,0
0.219017789898248,0,0.212854698300362,0,0,0,0,0,0.17470513529157,0,0,0,0,0,0.203135484041503,0,0.175205470573518,0.166848880549272,0.214155635237694,0,0,0,0,0,0,0,0,0,0,0,0,0,0,0,0,0,0,0,0,0,0,0,0.219064317643642,0,0,0,0,0,0.192437596743306,0,0,0,0,0,0.181750894370286,0,0.195224879330464,0,0.199162662650148,0,0,0,0,0,0,0,0,0.207161269758059,0,0.204353040456772,0,0,0,0,0,0,0,0,0,0.350528836250305,0,0,0.196426957845688,0,0.215454035571643,0,0
0,0.152520862221718,0,0,0,0,0,0,0,0.147164951477732,0,0,0,0.124002274583306,0,0.152063196020968,0,0.159104868769646,0,0,0,0,0,0,0,0.158414091015684,0,0.108962282538414,0,0,0,0,0,0,0,0,0,0,0,0,0,0,0,0,0,0,0,0,0,0.189234005479977,0,0.150775153847302,0,0,0,0.169987656853416,0,0.18812961379687,0,0.159552369266748,0,0,0,0,0,0,0,0,0,0,0,0,0,0,0,0,0,0,0,0,0,0,0.145125663942761,0,0,0,0
0,0,0,0.268057883613639,0,0.244103448736176,0,0,0,0.238046705722809,0,0.134702664752952,0,0,0,0,0.328125402331352,0.311766656115651,0.295810064247676,0.152540094908496,0,0,0,0,0,0,0,0,0,0,0,0,0,0,0,0.144842208737565,0,0.198828591290348,0,0.254656170051135,0.348928943276405,0.3282037214087,0.307139649987221,0,0,0.223691071314207,0.348681449890137,0.306611508131027,0,0.319836618900299,0,0.222416922450066,0,0,0,0,0,0.329554490658433,0,0,0,0,0,0.353940844535828,0,0,0,0,0,0,0,0,0.401112459293784,0.361485451459885,0,0,0,0,0.248826431425032,0.394144976139069,0.304446047095905,0,0.24555549628567,0,0.289022387867382,0.306807354092598,0
0,0,0.234321318566799,0,0.210007086169871,0,0,0,0,0,0.257606777689747,0,0,0,0,0,0.269750006496906,0.282528448849916,0.280979427228491,0,0.262806870183365,0,0,0,0,0,0,0,0,0,0,0,0,0,0,0,0.210951934052501,0,0.270876674861698,0.368563820918401,0.230136910491333,0,0.306726046066771,0,0.286570083349943,0.336023976405462,0.224127604128563,0.277567555507024,0.262567712854938,0,0.294148646871146,0,0,0,0,0,0.303775196568122,0,0.283783915142218,0,0,0,0.353940844535828,0,0,0,0,0,0,0,0,0,0.298131167888641,0.359737548631191,0,0.271584242582321,0,0.286061197519302,0.291947185993195,0.260731331666827,0,0.325443522052509,0.247254311045011,0.160853810269724,0.288287096363851,0,0.324967235326767
0,0,0,0,0,0,0,0,0,0,0,0,0,0,0,0,0,0,0,0,0,0.193752191430993,0,0.265617360002719,0,0,0,0,0,0,0,0,0,0,0.644947528839111,0,0,0.305103347511777,0.661515153944492,0,0,0,0,0,0,0,0,0.573995043834051,0.608045688042274,0.289775553321451,0,0,0,0,0,0,0,0,0,0,0,0,0,0,0,0.604820370674133,0.21808610035359,0,0,0,0,0.581831574440002,0,0,0,0,0,0,0,0,0.406996566822845,0.642380288014045,0.184900812518138,0,0.548355117440224,0,0
0,0,0,0.406305938959122,0,0,0,0,0,0,0,0,0,0,0,0,0.114450486169921,0,0,0,0,0.510074183344841,0.206174900310498,0,0.183480764267507,0,0.141815587878227,0,0,0,0,0,0,0.569157066941261,0,0,0,0.60201821864947,0.423647209593264,0,0,0,0,0,0,0,0,0.523381255174938,0.422161202538117,0.514968079787034,0,0,0,0,0,0,0.344465106725693,0,0,0,0,0,0,0,0.604820370674133,0,0,0.276535912834365,0,0.317946622822447,0,0,0,0,0,0,0,0,0,0,0.62343989033252,0.393486276586005,0.437724635551829,0,0.403439524583519,0,0
0,0.235197246074677,0,0,0,0,0,0,0,0.156226743377891,0,0,0,0,0,0.153926285604636,0,0,0,0,0,0.229217391799797,0,0.179708036360947,0,0.160943327956117,0,0,0,0,0,0,0,0,0,0,0,0.334558455594655,0,0,0,0.210143625736237,0,0,0,0,0,0,0,0,0,0,0,0,0,0.225670471918165,0,0,0,0,0,0,0,0,0.21808610035359,0,0,0,0.143544337328743,0,0,0,0,0,0,0,0,0,0,0,0.281410689540329,0,0.154855212403668,0,0.326580589041882,0,0
0,0,0,0,0,0,0,0,0.326128035783768,0,0,0,0,0,0,0,0,0,0,0,0,0.550023019313812,0.27327195669596,0,0.172143622934818,0,0,0,0,0,0,0,0,0.53425657749176,0,0,0,0.526928808540106,0.309823095118695,0,0,0,0,0,0,0,0,0.466612351792199,0.315801508827456,0.446087062358856,0,0,0,0,0.260837801636809,0,0,0,0,0,0.207161269758059,0,0,0,0,0.276535912834365,0,0,0,0.290054004639387,0,0,0,0,0,0,0,0,0,0,0.581432521343231,0.281827516438015,0.43014561588114,0,0.35736946943955,0,0
0,0,0,0,0,0,0,0,0,0,0,0,0,0,0,0,0.141539990901947,0.158023698163814,0.223248742520809,0,0,0,0,0.132845516263876,0,0.146708897509418,0,0.138669416308403,0,0,0,0,0,0,0,0,0,0,0,0,0,0,0,0,0,0,0,0,0,0,0,0,0,0,0,0,0,0,0,0,0,0,0,0,0,0,0.143544337328743,0,0,0,0.347159934264642,0,0,0,0,0,0,0,0,0,0,0,0.139213695901412,0.15549698472023,0,0,0
0,0,0,0,0,0,0,0,0.140052376048905,0,0,0,0,0,0.146702483296394,0,0.113642983493351,0,0,0,0,0,0.258330959943123,0,0.164766031006972,0,0.162089543210136,0,0,0,0,0,0,0,0,0,0,0,0,0,0,0,0,0,0,0,0,0,0,0,0,0,0,0,0,0,0,0,0,0,0.204353040456772,0,0,0,0,0.317946622822447,0,0.290054004639387,0,0,0,0.340604337519162,0,0,0,0,0,0,0,0,0,0,0.113138855076753,0,0,0,0
0,0,0,0,0,0,0,0,0,0,0,0,0,0.152151510119438,0,0,0,0,0,0,0,0,0,0,0,0.156387353644652,0,0.163123325444758,0,0.120948038498561,0,0,0,0,0,0,0,0,0,0,0,0,0,0,0,0,0,0,0,0,0,0,0,0,0,0,0,0,0,0,0,0,0,0,0,0,0,0,0.347159934264642,0,0,0,0.219134258813814,0,0,0,0,0,0,0,0,0,0,0,0,0,0
0,0,0,0,0,0,0,0,0,0,0,0,0,0,0,0,0,0,0,0,0,0,0,0,0,0,0,0,0.122595918178558,0,0,0,0,0.577344655990601,0,0,0,0.582404792308807,0.450145476269272,0,0,0,0,0,0,0,0,0.50988562978231,0.395860534161329,0.485782479246457,0,0,0,0,0,0,0.326953083276749,0,0,0,0,0,0,0,0.581831574440002,0,0,0,0,0.340604337519162,0,0,0,0.311785300644182,0,0,0,0,0,0,0.657655906677246,0.361227940618992,0.414714355021715,0,0.547003746032715,0,0
0,0,0,0.349419936806232,0,0.312114094312374,0,0,0,0.294602235158284,0,0,0,0,0,0,0.342142994205157,0.329474533146078,0.421008818648838,0.156288184225559,0,0,0,0,0,0,0,0.153328369061152,0,0.177496684958105,0,0,0,0,0,0,0,0.171218943737802,0,0.333135305355265,0.318704694509506,0.315922229952312,0.306190761427085,0.504588803648949,0,0.34897498731933,0.35900072256724,0.385557100176811,0,0.307799542568765,0,0.318411409854889,0,0,0,0.314655795693398,0,0.379031479012938,0,0,0,0,0.401112459293784,0.298131167888641,0,0,0,0,0,0,0.219134258813814,0,0,0,0,0,0,0,0.343580429120497,0.36725834608078,0.244101709531779,0,0.35681075499608,0,0.398500984648096,0.372421960206064,0
0.447433621253607,0,0.309287088080531,0,0.288441871443102,0,0,0,0.367858397960663,0.281242877244949,0,0,0,0,0.313305020332336,0,0.342204079210046,0.333927555807999,0.338102335186474,0,0.370813341032375,0,0,0,0,0,0.33274045586586,0,0,0,0.189404459540234,0,0,0,0,0,0.317037857241101,0,0,0.391619648252215,0.301582311945302,0.289036333560944,0.300060348657819,0,0.314063340425491,0.347526974976063,0.315791020637722,0.314548760652542,0.301677032791335,0,0.286164912912581,0,0,0,0.290550991892815,0,0.334668806694096,0,0.291292652487755,0,0,0,0.361485451459885,0.359737548631191,0,0,0,0,0,0,0,0.311785300644182,0,0,0,0.279353499412537,0,0.282796561717987,0.3770502358675,0.303117436074767,0.367218337953091,0.312875158716427,0.39082786651494,0.382837990919749,0.38482308369069,0.276246875524521,0.351052679494023
0,0,0,0,0,0,0,0,0,0,0,0,0,0,0,0,0,0,0,0,0,0,0,0,0,0,0,0,0,0,0,0.368342258049049,0.32698626491982,0.362832509489222,0,0.258920496805609,0.209381197889646,0.383665025234222,0,0,0,0,0,0,0,0,0,0.413748112004367,0,0,0,0,0,0,0,0,0,0,0,0,0,0,0,0,0,0,0,0,0,0,0,0,0,0,0,0.477185804124688,0.342545867974056,0.477692135774037,0.267238865126715,0.35309887042752,0,0,0.303439041994456,0,0,0,0
