0,0,139.016496345401,0,59.307874083519,0,0,0,536.335841089487,0,0,0,0,0,0,0,0.984813690185547,0,25.0927059650421,0,0,0,0,0,0.40581750869751,0,0,0,0,0,0,0,0,0,0,0,0.89547036588192,0,0,0,0,0,159.218323916197,0,0,0,0.245409205555916,0,248.332990542054,0,0,0,0,0,253.97431614995,0,0.446483999490738,0,0,0,30.3642257750034,0,0,0.190092921257019,0,0,0,0,0,0,0,0,0,3.17092598974705,0,0,0,0,0.25996458530426,2.39284211397171,0,0.485877484083176,20.1106566786766,0.47868175804615,483.846395298839,0,8.07470577955246
0,0,0,153.32570913434,0,0,0,0,0,695.292644500732,0,0,0,0,0,20.4745132923126,0,0,0,0,0,0,0,0,0,0,0,0,0,0,0,0,0,0,0,0,0,0,0,0,0,6.00129592418671,0,0,0,0,0,0,0,118.408716574311,0,0,0,0,0,106.872365161777,0,30.3254783153534,0,0,0,89.2052339464426,0,0,0,0,0,0,0,0,0,0,0,0,0,0,0,0,0,0,0,0,67.6678500622511,33.4904431700706,16.4763025045395,0,0
139.016496345401,0,0,0,115.362832248211,0,0,0,146.575305968523,0,0.503120243549347,0,0,0,0.514410793781281,0,0,0,0.856106221675873,0,2.24934382736683,0,0,0,0,0,0,0,0,0,0,0,0,0,0,0,0.525795668363571,0,0.714782327413559,0,7.75211538374424,0,54.4165812432766,0,0,0,0.213749080896378,0,74.8273224979639,0,1.16753387451172,0,0,0,139.725686192513,0,61.2611891031265,0,0,0,18.9129700362682,0,0,0.781041070818901,0,0,0,0,0,0,0,0,0,4.10149404406548,0,0,0,0,0,2.99546067416668,0,0.700168669223785,124.838989526033,2.80853521823883,152.071522027254,0,24.8263872712851
0,153.32570913434,0,0,0,102.207759603858,0,0,0,97.5737482011318,0,0,0,0,0,0,0.332033097743988,0,0.555491976439953,0,0,0,0,0,0,0,0,0,0,0,0,0,0,0,0,2.11377400159836,4.28446888923645,0,0,1.45009553432465,0,21.7531116604805,0,1.23062896728516,0,102.312509089708,0,2.6910315901041,26.7369636148214,40.0711053609848,0,184.255797162652,0,0,0,89.2859694957733,0,0.197510272264481,0,4.38436195254326,0,11.9100580513477,1.66187188029289,0,0,0,0,0,0,0,0,0,2.84184272587299,0,0,0,0,0,7.6008179038763,4.30630680918694,1.9808342307806,0,52.2036684900522,35.1007938981056,348.815245062113,5.52922378480434,0
59.307874083519,0,115.362832248211,0,0,0,2.31885656714439,0,92.2388709783554,0,0,0,0,0,12.9593167006969,0,0,0,0,0,0.655742228031158,0,0,0,0,0,0,0,0,0,0,0,0,0,0,0,64.2174765467644,0,0,0,10.1949020624161,0,3.84373831748962,0,0,0,0.453389838337898,0,9.25259071588516,0,836.996604070067,0,13.9502613395452,0,42.9389570951462,0,11.6547038257122,0,127.550300419331,0,69.0599517822266,0,0,2.50241973996162,0,0,0,0,0,0,0,0,0,1.2330396771431,0,0,0,0,0,8.24159146845341,0,0,102.223610043526,6.40233638882637,104.41806410253,0,0
0,0,0,102.207759603858,0,0,0,0,0,48.5962672233582,0,0,0,0,0,0,0,0.253018707036972,1.88346655666828,112.89371407032,0,0,0,0,0,0,0,0,0,0,0,0,0,0,0,94.107656031847,2.97410796582699,0,0,0,2.75765657424927,5.42998948693275,0,0,0,56.2084032744169,0,6.70370611548424,19.9060790836811,2.8795358389616,0,102.69711342454,0,0,0,15.6643981337547,0,0.874784380197525,0,0,0,62.4097628593445,21.4769627600908,0,0,0,0,0,0,0,0,0,1.57189993560314,0,0,0,0,0,31.1645223796368,1.90969222784042,0,0,515.159251004457,921.207835882902,600.996252596378,1.6145187318325,0
0,0,0,0,2.31885656714439,0,0,0,0,0,0,0,0,0,0,0,0,0,0,0,8.16335916519165,0,0,0,0,0,0,0,0,0,0,0,0,0,0,0,0,0,0,0,1.56990402936935,0,0,0,0,0,0,0,0,0,19.7767364382744,0,228.430001407862,0,0.320764929056168,0,55.8367323875427,0,11.7603183090687,0,0,0,0,0,0,0,0,0,0,0,0,0,0,0,0,0,0,0,0,0,0,0,87.8015864491463,8.65729069709778,31.258622944355,0,0
0,0,0,0,0,0,0,0,0,0,0,0,0,0,0,0,0,0,0,0,0,0,0,0,0,0,0,0,0,0,0,0,0,0,0,0,0,0,0,0,0,0,0,0,0,0,0,0,0,0,0,0,0,55.4767373800278,0,0,0,0,0,0,0,0,0,0,0,0,0,0,0,0,0,0,0,0,0,0,0,0,0,0,0,0,75.3212440013885,0,0,0,0
536.335841089487,0,146.575305968523,0,92.2388709783554,0,0,0,0,0.42298811674118,1.54558300971985,0,0,0,256.435795158148,3.98228165507317,266.38873745501,92.5000578761101,23.6949803382158,0,3.14409494400024,0.4682587236166,1.01100838184357,13.0719209462404,119.470941349864,3.77619570493698,55.1340463012457,0,0,0,0,0,0,0,0,0,1.76291558146477,0,144.332157716155,0,3.12305144965649,0,33.5958569347858,0,0,0,0.211573779582977,0,147.610855042934,0,0.303957909345627,0,0,0,1810.86884459853,0.513884738087654,34.2779448330402,0,2.54593816399574,0,125.674494862556,0.149936392903328,0,2.19486111402512,0.312128961086273,0,5.5225842744112,44.1742826998234,0.188941150903702,16.9582176953554,0,0,0,0.514810025691986,0,0,0,0.188699021935463,0,2.88091304898262,0,4.17172566056252,566.867540061474,7.21319770812988,474.818815618753,0,2.63153254985809
0,695.292644500732,0,97.5737482011318,0,48.5962672233582,0,0,0.42298811674118,0,0,0,0,0,0,11.2185589969158,10.8166593462229,139.622334137559,4.17688843607903,0,0,1.30804660916328,3.67420148849487,62.8486478626728,0,0,3.45929479598999,0,0,0,0,0,0,0,0,0,0,1.45547196269035,0,0,0,108.570914715528,0,0,0,0,0,0,0,99.8162068128586,0,0,0,0,0,499.221098840237,0,0,0,0,0,5.90801599621773,0,0,0,0,75.5705598592758,0,3.61714711785316,0,0,0,0,0,0,0,0,0,0,0,0,0,986.545899659395,87.8496473431587,203.056783750653,8.99644443392754,0
0,0,0.503120243549347,0,0,0,0,0,1.54558300971985,0,0,0,72.1917067170143,0,0,0,6.57015123963356,1.52028599381447,16.3362581878901,0,199.59425137192,0,0,0,0,0,0,0,29.2568755149841,0,28.4197942018509,0,0,0,0,0,10.5054243206978,0,442.250643104315,0,0.642277330160141,1.16843605041504,30.1577866375446,0,0,0,5.93361206352711,0,2.00512313842773,0,2.78506463766098,0,0.273623764514923,0,0.368849039077759,0,659.607754349709,0,96.3810219615698,0,0.283018231391907,0,0,32.6041201800108,0,0,0,0,0,0,0,0,0,3.26791223883629,0,0,0,0,0.204516261816025,22.7026002854109,0,40.3423568606377,158.304237350821,0.161699935793877,30.0622584968805,0,27.2948522269726
0,0,0,0,0,0,0,0,0,0,0,0,0,119.476651012897,0,0,0,0,0,353.583401978016,0,0,0,0,0,0,0,0,0,3.00662139058113,0,0,0,0,0,22.2623355984688,0,360.389591306448,0,0,0,0,0,0,0,0,0,0,0,0,0,0.817072808742523,0,0,0,0,0,1110.21956540644,0,0,0,0,0,0,0,0,0,0,0,0,0,0,4.46395164728165,0,0,0,0,0,0,0,146.441473409534,0,405.282527312636,0,0.191109254956245,0,0
0,0,0,0,0,0,0,0,0,0,72.1917067170143,0,0,0,134.256802916527,0,0,0,0,0,0,0,0,0,0,0,0,0,0,0,0,0,0,0,0,0,0,0,0,0,0,0,0,0,0,0,0,0,0,0,0,0,0,0,0,0,2,0,195.070798128843,0,49.1689374148846,0,0,0,0,0,0,0,0,0,0,0,0,0,0,0,0,0,0,0,0,0,13.8458833694458,120.608222961426,0,0,0
0,0,0,0,0,0,0,0,0,0,0,119.476651012897,0,0,0,95.6821150779724,0,0,0,0,0,0,0,0,0,0,0,0,0,0,0,0,0,0,0,0,0,0,0,0,0,0,0,0,0,0,0,0,0,0,0,0.381418168544769,0,0,0,0,0,43.615725338459,0,166.809418320656,0,2.57130914926529,0,0,0,0,0,0,0,0,0,0,0,0,0,0,0,0,0,0,0,0,0,0,0,0,0
0,0,0.514410793781281,0,12.9593167006969,0,0,0,256.435795158148,0,0,0,134.256802916527,0,0,0,0,0,0,0,0,0,0,0,0,0,0,0,0,0,0,0,0,0,0,0,0,0,0,0,0,0,0,0,0,0,0,0,2.7282363474369,0,42.0230466127396,0,0,0,50.5350520014763,0,1.97868067026138,0,49.0989826917648,0,134.704943686724,0,0,0,0,0,0,1.14028549194336,0,26.6015638411045,0,0,0,0,0,0,0,0,0,0,0,0,3.40052533149719,1,1.16545206308365,0,0
0,20.4745132923126,0,0,0,0,0,0,3.98228165507317,11.2185589969158,0,0,0,95.6821150779724,0,0,75.8460257351398,150.307670757174,6.88724909722805,0,0,21.3809665590525,2.68223187327385,61.1970124095678,8.78420862555504,23.9703641235828,11.7251287698746,0.28312212228775,0,0,0,0,0,0,0,0,0,0,0,0,0,0,0,0,0,0,0,0,0,6.05639004707336,0,0,0,0,0,44.2950546145439,0,0,0,1.69879430532455,0,172.658950954676,0,0,6.27956256270409,0.833994746208191,43.8443565666676,0.280448585748672,18.4408444315195,0.213137447834015,0.293116480112076,0,0,0,0,0,0,0,0,0,0,0,131.013525545597,33.3119481652975,0,0,0
0.984813690185547,0,0,0.332033097743988,0,0,0,0,266.38873745501,10.8166593462229,6.57015123963356,0,0,0,0,75.8460257351398,0,11952.292506963,5502.37429471314,0,52.5878000557423,331.630132071674,3060.39620272815,362.513937816024,1037.71004465222,155.503574728966,1727.37016448379,13.4025310873985,7.15108147263527,0,0,0,0,0,0,10.951512247324,60.7176832929254,0,3.07665784657001,26.4018888548017,10.8054200410843,30.450846388936,37.8427449762821,1.75391361117363,8.88383103907108,6.45134705305099,35.4702793955803,4.79014998674393,2.04239445924759,21.1230497062206,1.85469090938568,0,0,0,0.213054090738297,0.936727657914162,18.1959306299686,0,0,0,0,32.9998699873686,0.424335509538651,57.0991694778204,108.363918751478,969.498058184981,101.62383967638,170.02821674943,95.7163051664829,605.859172672033,2.61697010695934,0,0.454597800970078,4.72096826136112,0,0,0,0,144.986094087362,314.974319472909,0.159535005688667,43.3956207185984,10092.2307829261,2172.80927447975,106.343653976917,1.80023813247681,5.89462313055992
0,0,0,0,0,0.253018707036972,0,0,92.5000578761101,139.622334137559,1.52028599381447,0,0,0,0,150.307670757174,11952.292506963,0,4642.20238384604,0,28.4189266264439,3512.57217527926,122.089152678847,1235.93960499763,336.793376982212,2589.98968204856,180.97646227479,1158.08406030387,0,0,0,0,0,0,0,7.20867797732353,33.3468443453312,0,2.3384648412466,73.9414772093296,15.2463091909885,96.9450226128101,22.8127761930227,4.42494343221188,1.19468665122986,3.11678494513035,14.7037413269281,1.95909950137138,0,49.3837505280972,0,0,0,0,0,73.2193820476532,12.7196739017963,0,0,0,0,63.9806962162256,0,32.0557422041893,1354.27184323967,37.7544189989567,424.324593365192,17.4668249040842,1134.31763797998,50.8850598037243,99.3410713970661,0,1.59841138124466,0.895472809672356,0,0,0,0,303.421771921217,190.576621487737,0,27.3812809735537,10755.7519707158,1810.59530878067,134.937938660383,2.58360981941223,2.25744724273682
25.0927059650421,0,0.856106221675873,0.555491976439953,0,1.88346655666828,0,0,23.6949803382158,4.17688843607903,16.3362581878901,0,0,0,0,6.88724909722805,5502.37429471314,4642.20238384604,0,0,350.449589625001,57.5259994119406,11.0280034840107,154.325253427029,81.0335548222065,35.0339043289423,39.2914590239525,5.10784086585045,0,0,0.780162155628204,0,0,0,0,159.63983489573,417.076029323041,0,15.131890296936,622.729048237205,79.1169971376657,561.826300308108,330.681248351932,123.969997793436,18.9101418405771,31.0879217982292,272.108136817813,24.8676573634148,13.958260178566,370.150719076395,0,0,0,0,8.20789223909378,0.600452840328217,138.519786395133,0.89018489420414,0,0,0.441951125860214,3.26231907308102,0.145822882652283,318.644602939487,20.8081420958042,2.09739373624325,65.1384474039078,17.3041887283325,11.3936822861433,17.0129326730967,0,0,7.43793201446533,32.8878726661205,0,0,0,0,2729.21372675896,2387.43016449362,4.26658946275711,271.688726887107,5215.229719989,75.9280398786068,1415.7514564395,31.344308629632,51.197631970048
0,0,0,0,0,112.89371407032,0,0,0,0,0,353.583401978016,0,0,0,0,0,0,0,0,0,0,0,0,0,0,0,0,0,0,0,0,0,0,0,654.780178323388,0,265.951933145523,0,0,0,0,0,0,0,1.17155012488365,0,0.259858369827271,0,0,0,0,0,0,0,0,0,43.0889682322741,0,0,0,0,1846.35489457846,0,0,0,0,0,0,0,0,0,26.2241933494806,0,0,0,0,0,80.2318090945482,0,344.588265538216,0,392.416862368584,0,153.217056214809,0,0
0,0,2.24934382736683,0,0.655742228031158,0,8.16335916519165,0,3.14409494400024,0,199.59425137192,0,0,0,0,0,52.5878000557423,28.4189266264439,350.449589625001,0,0,0,0,0,0,0,2.13990020751953,0,0,0,6.08201324939728,0,0,0,0,0.970504701137543,1263.71164011955,0,219.10860235244,5.62883932888508,34.142494648695,9.18607404828072,513.573057405651,3.63597440719604,2.02030651271343,0.60062700510025,71.9185704290867,0.571071147918701,18.3462374210358,3.00293102860451,52.290918558836,0,42.0665845572948,0,1.84773880243301,0,561.694688171148,0,157.846934646368,0,2.93117165565491,2.05351424217224,0,2609.49208731204,1.38772308826447,0,0.408650755882263,0,0,0,0,0,0,39.3756947144866,0,0,0,0,32.8474529758096,1100.23458115757,0,180.142463371158,210.726760968566,7.83320510387421,432.282808974385,0,30.7205275297165
0,0,0,0,0,0,0,0,0.4682587236166,1.30804660916328,0,0,0,0,0,21.3809665590525,331.630132071674,3512.57217527926,57.5259994119406,0,0,0,85.6262286007404,152.834851026535,16.0463839620352,357.064219877124,8.01075035333633,156.709684416652,0,0,0,0,0,0,0,0,0,558.922730326653,0,0.301180750131607,0,0,0,0,0,0,0,8.10660514235497,0,241.704296723008,0,0,0,0,0,1.84199607372284,0,13.7815579026937,0,0,0,17.2429671138525,0,0,3109.95654973388,0,59.5452693104744,0.849223375320435,179.590356200933,5.34358313679695,48.3427659571171,0,93.5457213893533,0,0,0,0,0,0,0.561909556388855,370.479287728667,0,1325.4371394515,384.898478984833,6.76326857507229,0,0
0,0,0,0,0,0,0,0,1.01100838184357,3.67420148849487,0,0,0,0,0,2.68223187327385,3060.39620272815,122.089152678847,11.0280034840107,0,0,85.6262286007404,0,1.56359696388245,23.5033162385225,15.00567060709,179.36042702198,4.21978890895844,0,0,0,0,0,0,0,0,0,0,647.553629621863,0,0,0,0,0,0,0,0,0,229.041415795684,0,0,0,0,0,0,0,0,0,0,0,0,0.544026970863342,0,0,6.68976464867592,3037.36934734881,1.56697928905487,9.94921064376831,3.68902802467346,38.969501554966,0,93.625587105751,0,0,0,0,0,0,0,0,0,128.845268040895,945.601993560791,304.720383137465,0,0,0
0,0,0,0,0,0,0,0,13.0719209462404,62.8486478626728,0,0,0,0,0,61.1970124095678,362.513937816024,1235.93960499763,154.325253427029,0,0,152.834851026535,1.56359696388245,0,42.1925519555807,79.8337306976318,21.6444056928158,1.70354557037354,0,0,0,0,0,0,0,0,0,0,0,0,0,1.4485856294632,0,0,0,0,3.96648859977722,0,0,0,0,0,0,0,0,119.893585473299,0,0,0,0,0,13.5003653019667,0,0,98.3800756037235,6.31079947948456,861.388962000608,2.38939130306244,41.4806125760078,6.02470192313194,0.846528589725494,0,0,0.179863378405571,0,0,0,0,0.367307662963867,2.53320842981339,0,0,765.493766024709,65.3521787822247,5.11949446797371,0,0
0.40581750869751,0,0,0,0,0,0,0,119.470941349864,0,0,0,0,0,0,8.78420862555504,1037.71004465222,336.793376982212,81.0335548222065,0,0,16.0463839620352,23.5033162385225,42.1925519555807,0,22.5424033850431,508.748820975423,0.314464688301086,0,0,0,0,0,0,0,0,2.2290505617857,0,179.780253618956,0,1.53507977724075,1.95549929141998,0.311841696500778,0,0,0,0,0,0.672449350357056,0,0,0,0,0,132.292714372277,0.368353098630905,0,0,0,0,0,9.38324293494225,0,1.1729964017868,7.58615243434906,9.05163568258286,7.58374047279358,705.208718210459,8.50485125184059,152.551191478968,0,0,0,0,0,0,0,0,4.54666489362717,0,0,23.3465101420879,712.526055634022,30.2467073202133,34.0512389987707,0,0
0,0,0,0,0,0,0,0,3.77619570493698,0,0,0,0,0,0,23.9703641235828,155.503574728966,2589.98968204856,35.0339043289423,0,0,357.064219877124,15.00567060709,79.8337306976318,22.5424033850431,0,2.60585553944111,230.764249205589,0,0,0,0,0,0,0,0.226947814226151,0,0,0,0,0,0,0,0,0,0,0,0,0,0,0,0,0,0,0,0,0,0,0,0,0,10.6114421635866,0,0,136.263540610671,0,33.4285578429699,0.348304271697998,213.349835291505,2.95745730400085,29.1208126544952,0,0,0,0,0,0,0,1.09166231751442,1.36407071352005,0,0,325.486296579242,95.6756048500538,0.445747375488281,0,0
0,0,0,0,0,0,0,0,55.1340463012457,3.45929479598999,0,0,0,0,0,11.7251287698746,1727.37016448379,180.97646227479,39.2914590239525,0,2.13990020751953,8.01075035333633,179.36042702198,21.6444056928158,508.748820975423,2.60585553944111,0,0,5.15417116880417,0,0,0,0,0,0,0,1.62143635749817,0,0,0,0,1.1275440454483,0.694055557250977,0,0,0,0,0,0,0,0,0,0,0,33.923579454422,0,0.217653632164001,0,0,0,0,1.22268867492676,0,1.37949186563492,5.36189371347427,26.5385863333941,5.90110301971436,282.370626702905,0.776344388723373,381.526706248522,0,0,0,0,0,0,0,0,0,0.758966416120529,0,0.903034687042236,530.259775489569,61.3985423892736,0,0,0
0,0,0,0,0,0,0,0,0,0,0,0,0,0,0,0.28312212228775,13.4025310873985,1158.08406030387,5.10784086585045,0,0,156.709684416652,4.21978890895844,1.70354557037354,0.314464688301086,230.764249205589,0,0,0,3.324223279953,0,0,0,0,0,0,0,5.32147780060768,0,0,0,0,0,0,0,0,0,0,0,0,0,0,0,0,0,0,0,0,0,8.20427584648132,0,0,0,0,86.7782583236694,0,0.726467370986938,0,80.5783915519714,0.22013908624649,198.019774109125,0,4.78171554207802,0,0,0,0,0,0,0,0,0,227.293109476566,12.1861928999424,0,0,0
0,0,0,0,0,0,0,0,0,0,29.2568755149841,0,0,0,0,0,7.15108147263527,0,0,0,0,0,0,0,0,0,5.15417116880417,0,0,0,2,0,0,0,0,0,0,0,2.10837507247925,0,0,0,0,0,0,0,0,0,0,0,0,0,0,0,0,0,0,0,0,0,0,0,0,0,0,0.304448187351227,0,0,0,3.07716917991638,0,223.44939866662,0,0,0,0,0,0,0,0,0,6.39091086387634,0,0,0,0,0
0,0,0,0,0,0,0,0,0,0,0,3.00662139058113,0,0,0,0,0,0,0,0,0,0,0,0,0,0,0,3.324223279953,0,0,0,0,0,0,0,0,0,48.9326300024986,0,0,0,0,0,0,0,0,0,0,0,0,0,0,0,0,0,0,0,0,0,0,0,0,0,0,0,0,0,0,0,0,26.6797151267529,0,63.4142549335957,0,0,0,0,0,0,0,39.2038020640612,0,0,0,0,0,0
0,0,0,0,0,0,0,0,0,0,28.4197942018509,0,0,0,0,0,0,0,0.780162155628204,0,6.08201324939728,0,0,0,0,0,0,0,2,0,0,0,0,0,0,0,0.783749788999557,0,40.4042984247208,0,0.273944944143295,0,0.51648236811161,0,0,0,0.209668666124344,0,0,0,0,0,0,0,0.309468775987625,0,94.5017329603434,0,0,0,0,0,0,10.4161268472672,0,0,0,0,0,0,0,0,0,56.338835388422,0,0,0,0,0,1.73883119225502,0,0,57.5618757680058,0,1.47738493978977,0,0.964536249637604
0,0,0,0,0,0,0,0,0,0,0,0,0,0,0,0,0,0,0,0,0,0,0,0,0,0,0,0,0,0,0,0,1063.9300917387,114.795092076063,12.0361011326313,209.264216840267,154.805724382401,0,0,1.50710740685463,48.5854416489601,12.100403547287,0,0,0,0.912095725536346,0,1000.3932851851,114.410469338298,11.7326906472445,0,0,0,0,0,0,0,0,0,0,0,0,0,0,0,0,0,0,0,0,0,0,0,0,644.361046515405,12.7506372928619,43.1617106944323,0,59.2505223602057,55.091615229845,0.396172314882278,0.44556713104248,201.412706933916,0,0.581211090087891,0.220774710178375,0
0,0,0,0,0,0,0,0,0,0,0,0,0,0,0,0,0,0,0,0,0,0,0,0,0,0,0,0,0,0,0,1063.9300917387,0,45.9534245729446,23.5963404476643,0,26.7957769036293,0,0,0,41.5876612067223,0,0,0,0,0,0,1017.96118436754,113.03441812098,0,0,0,0,0,0,0,0,0,0,0,0,0,0,0,0,0,0,0,0,0,0,0,0,0,488.583135247231,152.999894857407,36.2418147549033,6.49752825498581,0,306.902116909623,0,0.159022197127342,228.319048218429,0,0,0,0
0,0,0,0,0,0,0,0,0,0,0,0,0,0,0,0,0,0,0,0,0,0,0,0,0,0,0,0,0,0,0,114.795092076063,45.9534245729446,0,563.854077458382,127.825478166342,2.0071804523468,178.438331618905,0,0,2.91579705476761,65.929418772459,0,0,0,0,0,3277.49102338403,25.1320028156042,24.73800984025,0,0,0,0,0,0,0,0,0,0,0,0,0,0,0,0,0,0,0,0,0,0,0,0,192.487458214164,0,1893.04516929388,0,0.744477361440659,0,564.834142819047,0,100.801762513816,25.8077131509781,6.339624106884,0.405346304178238,0
0,0,0,0,0,0,0,0,0,0,0,0,0,0,0,0,0,0,0,0,0,0,0,0,0,0,0,0,0,0,0,12.0361011326313,23.5963404476643,563.854077458382,0,66.3437219262123,6.04606580734253,0,15.9737263172865,0,0,0,9.53962779045105,0,0,0,0,433.391978889704,110.554920434952,0,0,0,0,0,0,0,0,0,0,0,0,0,0,0,0,0,0,0,0,0,0,0,0,0,3.30883356928825,39.1909158229828,155.676611155272,763.554378405213,0,54.3150905966759,0,64.4969542324543,327.933762833476,0,23.4738854318857,0,0
0,0,0,2.11377400159836,0,94.107656031847,0,0,0,0,0,22.2623355984688,0,0,0,0,10.951512247324,7.20867797732353,159.63983489573,654.780178323388,0.970504701137543,0,0,0,0,0.226947814226151,0,0,0,0,0,209.264216840267,0,127.825478166342,66.3437219262123,0,617.132476143539,201.492251873016,2,61.3390680998564,0.248567670583725,26.0307540744543,0.445493698120117,32.4620398432016,0,205.804980300367,0,243.637428402901,5.65554292500019,8.95064237713814,0,3.02926248311996,0,0,0,0,0.183731392025948,0.113189347088337,0,0,0,0,523.328788690269,0,0,0,0,0,0,0,0,0,0.827235341072083,0,34.1161118149757,0,1.35475468635559,0,14026.6407301873,132.131676599383,66.2977284789085,0.18314491212368,2486.68862047046,339.199366375804,213.932594783604,0.514263585209846,0
0.89547036588192,0,0.525795668363571,4.28446888923645,64.2174765467644,2.97410796582699,0,0,1.76291558146477,0,10.5054243206978,0,0,0,0,0,60.7176832929254,33.3468443453312,417.076029323041,0,1263.71164011955,0,0,0,2.2290505617857,0,1.62143635749817,0,0,0,0.783749788999557,154.805724382401,26.7957769036293,2.0071804523468,6.04606580734253,617.132476143539,0,0,2614.07189033926,1.85346570611,149.514352545142,18.0481279194355,348.045815996826,0,2.95791888237,18.6626370698214,67.7720394134521,4.10601283609867,87.3574303165078,4.23490086197853,22.2236671000719,0.622655779123306,0,0,11.3040211498737,0,96.6050515249372,0,40.9312615841627,0,9.50350102782249,0,1.1801899522543,631.332260668278,0,0,0,0,0,0,0,0,0.228869020938873,14.7529723420739,22.3619306087494,3.19861398637295,0,0.4830027744174,23.8249807804823,12873.379849039,0,628.837062470615,2663.10505462438,474.011607155204,340.79030162096,0.23152132332325,5.70798392593861
0,0,0,0,0,0,0,0,0,1.45547196269035,0,360.389591306448,0,0,0,0,0,0,0,265.951933145523,0,558.922730326653,0,0,0,0,0,5.32147780060768,0,48.9326300024986,0,0,0,178.438331618905,0,201.492251873016,0,0,38.976337492466,0,0,428.867211803794,0,0,0,0,0,207.209665358067,0,273.937179088593,0,0,0,0,0,3.08645395934582,0,26.394987359643,0,0,0,0,0,0,212.101437315345,0,10.6877198517323,0,0,0,5.23944045603275,0,30.9268306568265,0,0,0,116.947393253446,0,2.52182471752167,0,4953.85971082747,0,462.064322859049,0,196.052791543305,0,0
0,0,0.714782327413559,0,0,0,0,0,144.332157716155,0,442.250643104315,0,0,0,0,0,3.07665784657001,2.3384648412466,15.131890296936,0,219.10860235244,0,647.553629621863,0,179.780253618956,0,0,0,2.10837507247925,0,40.4042984247208,0,0,0,15.9737263172865,2,2614.07189033926,38.976337492466,0,0.462064251303673,2.42224043607712,2.11245968937874,55.6385042071342,0,0,0,0.621980771422386,23.2015638947487,94.2041280567646,0.201185807585716,0,0,0,0,28.8748112469912,0,15.5739035308361,0,0.575422927737236,0,0,0,0,137.157623454928,0,67.6603547930717,0,2.63549193739891,0,0.742210656404495,0,42.7401547431946,0,89.4631397724152,0,0,0,65.3375189602375,0.935244470834732,527.812719970942,0,4643.77641491592,1721.49570630491,565.20940643549,396.419922426343,0,30.5707863867283
0,0,0,1.45009553432465,0,0,0,0,0,0,0,0,0,0,0,0,26.4018888548017,73.9414772093296,622.729048237205,0,5.62883932888508,0.301180750131607,0,0,0,0,0,0,0,0,0,1.50710740685463,0,0,0,61.3390680998564,1.85346570611,0,0.462064251303673,0,1.93425364792347,800.526020392776,8.04945945739746,365.799257308245,0,1648.61489973217,1.94272246956825,24.4110052287579,3.10540843009949,189.055929064751,0,0,0,0,0,0,1.65229906141758,0.201033592224121,0,0,0,0,298.33205395937,5.88992550969124,0,0,0,0,0,0,0,0,1.98141874372959,0.89955085515976,0,0,0,0,839.241368174553,21.5497539043427,1.83074800670147,5.96227702498436,195.090301319957,0.346123695373535,572.161748461425,123.856127351522,2.95662048459053
0,0,7.75211538374424,0,10.1949020624161,2.75765657424927,1.56990402936935,0,3.12305144965649,0,0.642277330160141,0,0,0,0,0,10.8054200410843,15.2463091909885,79.1169971376657,0,34.142494648695,0,0,0,1.53507977724075,0,0,0,0,0,0.273944944143295,48.5854416489601,41.5876612067223,2.91579705476761,0,0.248567670583725,149.514352545142,0,2.42224043607712,1.93425364792347,0,1.53287273645401,133.966431856155,0,0,2.22580040991306,81.3954642415047,1011.16786132753,2855.21296495944,1.49809122085571,15.4360380619764,0,0,0,31.917324244976,0,79.4601754099131,0,7.80182334780693,0,10.3395787775517,0,0.21435172855854,51.4874893501401,0,0,0,0,0,0,0,0,0,7.85963025689125,2.5632361471653,0.405072063207626,0.562978446483612,0,5.80366982519627,1725.17212562263,0,87.1184189021587,101.603323549032,5.32599993050098,434.173638984561,0,16.1849879026413
0,6.00129592418671,0,21.7531116604805,0,5.42998948693275,0,0,0,108.570914715528,1.16843605041504,0,0,0,0,0,30.450846388936,96.9450226128101,561.826300308108,0,9.18607404828072,0,0,1.4485856294632,1.95549929141998,0,1.1275440454483,0,0,0,0,12.100403547287,0,65.929418772459,0,26.0307540744543,18.0481279194355,428.867211803794,2.11245968937874,800.526020392776,1.53287273645401,0,87.2697076946497,137.584962427616,1.56223654747009,333.19939853251,8.81361268460751,430.053342282772,10.6889574974775,1600.56090503931,0,0.27166160941124,0,0,0,8.47902785241604,4.67024475336075,4.48615938425064,0,0,0,0.194844573736191,120.414166286588,12.2822811454535,0,0,0,0,0,0,0,0,24.8386740982533,0,0.329541087150574,0,29.3706376701593,0,3018.30477141589,61.5544553101063,25.2987752556801,22.260474935174,1682.79526992142,5.49252045154572,5191.96472248435,1420.04045382142,4.86250230669975
159.218323916197,0,54.4165812432766,0,3.84373831748962,0,0,0,33.5958569347858,0,30.1577866375446,0,0,0,0,0,37.8427449762821,22.8127761930227,330.681248351932,0,513.573057405651,0,0,0,0.311841696500778,0,0.694055557250977,0,0,0,0.51648236811161,0,0,0,9.53962779045105,0.445493698120117,348.045815996826,0,55.6385042071342,8.04945945739746,133.966431856155,87.2697076946497,0,0,10.5245638489723,1.31301832199097,678.097185775638,183.467765286565,1779.14171092212,7.32050676643848,1.48537687957287,0,0,0,47.7063396424055,0,2026.127000615,0,26.2829419225454,0,18.8774165064096,0,0,354.334712162614,0,0.28018844127655,0,0,0,0,0,0.520661413669586,0,560.020447432995,0,0,0,5.33144973218441,25.2271909415722,1755.63946535438,0,189.548757627606,2662.35422449559,24.8957597240806,3627.89052315056,0.397195339202881,1167.54871082306
0,0,0,1.23062896728516,0,0,0,0,0,0,0,0,0,0,0,0,1.75391361117363,4.42494343221188,123.969997793436,0,3.63597440719604,0,0,0,0,0,0,0,0,0,0,0,0,0,0,32.4620398432016,0,0,0,365.799257308245,0,137.584962427616,0,0,0,3.18422508239746,0,1.08542048931122,0,45.2950497567654,0,0,0,0,0,0,0,0.268739491701126,0,0,0,0,0,0,0,0.188703611493111,0,0,0,0,0,0,22.3576269298792,0,0,0,0,0,512.105714663863,0.193290621042252,15.7172887772322,0,47.3808009326458,0.724161684513092,424.320895537734,29.901548281312,0
0,0,0,0,0,0,0,0,0,0,0,0,0,0,0,0,8.88383103907108,1.19468665122986,18.9101418405771,0,2.02030651271343,0,0,0,0,0,0,0,0,0,0,0,0,0,0,0,2.95791888237,0,0,0,0,1.56223654747009,10.5245638489723,0,0,0,3.62628996372223,0,0,0,0,0,0,0,0,0,5.75937807559967,0,0,0,0,0,0,6.32894870638847,0,0,0,0,0,0,0,0,0,0,0,0,0,0,3.94540548324585,29.5461843460798,0,0.599202588200569,4.86471720039845,0.153905987739563,32.3548312932253,0,0.375495165586472
0,0,0,102.312509089708,0,56.2084032744169,0,0,0,0,0,0,0,0,0,0,6.45134705305099,3.11678494513035,31.0879217982292,1.17155012488365,0.60062700510025,0,0,0,0,0,0,0,0,0,0,0.912095725536346,0,0,0,205.804980300367,18.6626370698214,0,0,1648.61489973217,2.22580040991306,333.19939853251,1.31301832199097,3.18422508239746,0,0,0,16.6651901602745,70.17127366364,35.4811706840992,0,8.45003858208656,0,0,0,0,0,41.073615282774,0,0,0,0,729.270261801779,0,0,0,0,0,0,0,0,0,170.249491289258,0,0,0,0,0,2311.86837564409,6.36527806520462,262.026030451059,0,64.2901722565293,3.70693618059158,2493.72364023328,37.836927741766,0
0.245409205555916,0,0.213749080896378,0,0.453389838337898,0,0,0,0.211573779582977,0,5.93361206352711,0,0,0,0,0,35.4702793955803,14.7037413269281,272.108136817813,0,71.9185704290867,0,0,3.96648859977722,0,0,0,0,0,0,0.209668666124344,0,0,0,0,0,67.7720394134521,0,0.621980771422386,1.94272246956825,81.3954642415047,8.81361268460751,678.097185775638,0,3.62628996372223,0,0,1.94251334667206,11.0253223776817,8.14806760847569,0.357435643672943,0,0,0,12.2334052473307,0,57.2132674604654,0,0,0,0,0,0,122.356374338269,0,0,0,0,0,0,0,0,0,11.8338973224163,0,0,0,0,4.466911688447,327.31423380971,0,38.1762813925743,82.792839422822,1.04221907258034,398.683795660734,0,4.81787529587746
0,0,0,2.6910315901041,0,6.70370611548424,0,0,0,0,0,0,0,0,0,0,4.79014998674393,1.95909950137138,24.8676573634148,0.259858369827271,0.571071147918701,8.10660514235497,0,0,0,0,0,0,0,0,0,1000.3932851851,1017.96118436754,3277.49102338403,433.391978889704,243.637428402901,4.10601283609867,207.209665358067,23.2015638947487,24.4110052287579,1011.16786132753,430.053342282772,183.467765286565,1.08542048931122,0,16.6651901602745,1.94251334667206,0,5272.39839693159,1429.87414380908,0,0,0,0,0.243642523884773,0,0.554532468318939,0.479033350944519,0,0,0,0,8.21050003170967,0,0,0,0,0,0,0,0,0,0.585242137312889,0,215.950971268117,33.2633130848408,361.216896347702,83.6156130880117,1256.15903873742,2712.84629243612,1178.48673370481,297.691250324249,3176.89204214513,31.6096213757992,775.000059142709,3.40986539423466,0.420587599277496
248.332990542054,0,74.8273224979639,26.7369636148214,9.25259071588516,19.9060790836811,0,0,147.610855042934,0,2.00512313842773,0,0,0,2.7282363474369,0,2.04239445924759,0,13.958260178566,0,18.3462374210358,0,229.041415795684,0,0.672449350357056,0,0,0,0,0,0,114.410469338298,113.03441812098,25.1320028156042,110.554920434952,5.65554292500019,87.3574303165078,0,94.2041280567646,3.10540843009949,2855.21296495944,10.6889574974775,1779.14171092212,0,0,70.17127366364,11.0253223776817,5272.39839693159,0,4.55651584267616,9.66298949718475,2.41794626414776,0,0,116.579707428813,0,172.811743997037,0.64923457801342,3.35566745698452,0,63.3389015495777,0,1.94384524226189,74.664144679904,0,962.719121307135,0,80.8980534076691,0,277.566263586283,0,95.2540477216244,1.60211339592934,13.5606763511896,5.02956725656986,2.38732310384512,1.93003252148628,20.2909392639995,46.6108083948493,1820.49745766073,3.13177748024464,1808.45663627982,2654.97238894552,3.2105009406805,1860.13472732902,0.260870099067688,9.12738066911697
0,118.408716574311,0,40.0711053609848,0,2.8795358389616,0,0,0,99.8162068128586,0,0,0,0,0,6.05639004707336,21.1230497062206,49.3837505280972,370.150719076395,0,3.00293102860451,241.704296723008,0,0,0,0,0,0,0,0,0,11.7326906472445,0,24.73800984025,0,8.95064237713814,4.23490086197853,273.937179088593,0.201185807585716,189.055929064751,1.49809122085571,1600.56090503931,7.32050676643848,45.2950497567654,0,35.4811706840992,8.14806760847569,1429.87414380908,4.55651584267616,0,0,2.46252113580704,0,0,0,43.8976221382618,0.675072118639946,68.3316898271441,0,0,0,18.2071601748466,1.09468238055706,0.433062642812729,253.794998452067,0,0.583436995744705,0,20.5976371020079,0,142.681422837079,0,114.055155262351,0,10.8036899864674,0,46.3968860507011,0,745.360509097576,25.3920032829046,676.944358110428,4.78127938508987,507.933758467436,4.97442376613617,1052.03668572009,55.1108437031507,0.514203071594238
0,0,1.16753387451172,0,836.996604070067,0,19.7767364382744,0,0.303957909345627,0,2.78506463766098,0,0,0,42.0230466127396,0,1.85469090938568,0,0,0,52.290918558836,0,0,0,0,0,0,0,0,0,0,0,0,0,0,0,22.2236671000719,0,0,0,15.4360380619764,0,1.48537687957287,0,0,0,0.357435643672943,0,9.66298949718475,0,0,0,1.00176212191582,0,1.74328112602234,0,19.3550800532103,0,119.563921824098,0,62.787217438221,0,0,5.93358543515205,0,0,0,0,0,0,0,0,0,0,0,0,0,0,0,8.64716236293316,0,0,148.076030179858,2.99591839313507,97.3924928754568,0,0
0,0,0,184.255797162652,0,102.69711342454,0,0,0,0,0,0.817072808742523,0,0.381418168544769,0,0,0,0,0,0,0,0,0,0,0,0,0,0,0,0,0,0,0,0,0,3.02926248311996,0.622655779123306,0,0,0,0,0.27166160941124,0,0,0,8.45003858208656,0,0,2.41794626414776,2.46252113580704,0,0,0,0,0,8.35644662380219,0,17.5545566380024,0,1.05075752735138,0,36.0149847865105,1.7108901143074,0,0,0,0,0,0,0,0,0,0,0,0,0,0,0,1.22253739833832,1.67677855491638,0,0,5.54850640892982,0,98.8374989628792,0,0
0,0,0,0,13.9502613395452,0,228.430001407862,0,0,0,0.273623764514923,0,0,0,0,0,0,0,0,0,42.0665845572948,0,0,0,0,0,0,0,0,0,0,0,0,0,0,0,0,0,0,0,0,0,0,0,0,0,0,0,0,0,1.00176212191582,0,0,0,0,0,94.3874351978302,0,0.383634209632874,0,0,0,0,0.369199424982071,0,0,0,0,0,0,0,0,0,0,0,0,0,0,0,0,0,0,143.367982655764,0.98526406288147,0.618359297513962,0,0
0,0,0,0,0,0,0,55.4767373800278,0,0,0,0,0,0,0,0,0,0,0,0,0,0,0,0,0,0,0,0,0,0,0,0,0,0,0,0,0,0,0,0,0,0,0,0,0,0,0,0,0,0,0,0,0,0,0,0,0,0,0,0,0,0,0,0,0,0,0,0,0,0,0,0,0,0,0,0,0,0,0,0,0,0,0,0,0,0,0
253.97431614995,0,139.725686192513,0,42.9389570951462,0,0.320764929056168,0,1810.86884459853,0,0.368849039077759,0,0,0,50.5350520014763,0,0.213054090738297,0,8.20789223909378,0,1.84773880243301,0,0,0,132.292714372277,0,33.923579454422,0,0,0,0.309468775987625,0,0,0,0,0,11.3040211498737,0,28.8748112469912,0,31.917324244976,0,47.7063396424055,0,0,0,12.2334052473307,0.243642523884773,116.579707428813,0,1.74328112602234,0,0,0,0,0,81.71494358778,0,0,0,45.2749434411526,0,0,1.70552329719067,0,0,0,257.780989959836,0,0,0,0,0,6.75754435360432,0,0,0,0,1.47828269004822,7.30937896668911,0,2.93118146061897,261.883423924446,4.55060079693794,433.056548446417,0,4.16066575050354
0,106.872365161777,0,89.2859694957733,0,15.6643981337547,0,0,0.513884738087654,499.221098840237,0,0,0,0,0,44.2950546145439,0.936727657914162,73.2193820476532,0.600452840328217,0,0,1.84199607372284,0,119.893585473299,0.368353098630905,0,0,0,0,0,0,0,0,0,0,0,0,3.08645395934582,0,0,0,8.47902785241604,0,0,0,0,0,0,0,43.8976221382618,0,8.35644662380219,0,0,0,0,0,0,0,0,0,175.824239298701,0,0,0,0,11.429816365242,0,0,0,0,0,0,0,0,0,0,0,0.341043889522552,0,0,0,92.0966504514217,0,48.3773533701897,0,0
0.446483999490738,0,61.2611891031265,0,11.6547038257122,0,55.8367323875427,0,34.2779448330402,0,659.607754349709,0,2,0,1.97868067026138,0,18.1959306299686,12.7196739017963,138.519786395133,0,561.694688171148,0,0,0,0,0,0.217653632164001,0,0,0,94.5017329603434,0,0,0,0,0.183731392025948,96.6050515249372,0,15.5739035308361,1.65229906141758,79.4601754099131,4.67024475336075,2026.127000615,0,5.75937807559967,0,57.2132674604654,0.554532468318939,172.811743997037,0.675072118639946,19.3550800532103,0,94.3874351978302,0,81.71494358778,0,0,0,446.922465652227,0,128.508940860629,0,0,1300.41073407978,0,0,0,0,0,0,0,485.322442173958,0.156441822648048,272.427495867014,0,0,0,0,5.79621094465256,220.428919240832,0,18.1829772442579,225.778191179037,10.1638474613428,1372.64460888505,0,591.418818414211
0,30.3254783153534,0,0.197510272264481,0,0.874784380197525,0,0,0,0,0,1110.21956540644,0,43.615725338459,0,0,0,0,0.89018489420414,43.0889682322741,0,13.7815579026937,0,0,0,0,0,0,0,0,0,0,0,0,0,0.113189347088337,0,26.394987359643,0,0.201033592224121,0,4.48615938425064,0,0.268739491701126,0,41.073615282774,0,0.479033350944519,0.64923457801342,68.3316898271441,0,17.5545566380024,0,0,0,0,0,0,0,155.236138105392,0,79.4931558668613,204.743285655975,0,3.039391502738,0,0,0,1.24843740463257,0,110.025988042355,0,673.48550543189,0,0,0,0,0,2.70063090324402,0.585096955299377,63.2907302901149,0,66.6054009497166,0,222.110341086984,2.30500096082687,0
0,0,0,0,127.550300419331,0,11.7603183090687,0,2.54593816399574,0,96.3810219615698,0,195.070798128843,0,49.0989826917648,0,0,0,0,0,157.846934646368,0,0,0,0,0,0,0,0,0,0,0,0,0,0,0,40.9312615841627,0,0.575422927737236,0,7.80182334780693,0,26.2829419225454,0,0,0,0,0,3.35566745698452,0,119.563921824098,0,0.383634209632874,0,0,0,446.922465652227,0,0,0,185.482045128942,0,0,91.1190600097179,0,0,0,0,0,27.9651231169701,0,4.11530011892319,0,2.27410560846329,0,0,0,0,0,12.5948099195957,0,0,75.5127385854721,6.53361722826958,103.781700178981,0,4.97322276234627
0,0,0,4.38436195254326,0,0,0,0,0,0,0,0,0,166.809418320656,0,1.69879430532455,0,0,0,0,0,0,0,0,0,0,0,8.20427584648132,0,0,0,0,0,0,0,0,0,0,0,0,0,0,0,0,0,0,0,0,0,0,0,1.05075752735138,0,0,0,0,0,155.236138105392,0,0,0,38.1453409790993,0,0,0,0,0,0,0,0,167.815945148468,0,4.65622755885124,0,0,0,0,0,0,0,0,0,0,0,3.76493626832962,0,0
30.3642257750034,0,18.9129700362682,0,69.0599517822266,0,0,0,125.674494862556,0,0.283018231391907,0,49.1689374148846,0,134.704943686724,0,0,0,0.441951125860214,0,2.93117165565491,0,0,0,0,0,0,0,0,0,0,0,0,0,0,0,9.50350102782249,0,0,0,10.3395787775517,0,18.8774165064096,0,0,0,0,0,63.3389015495777,0,62.787217438221,0,0,0,45.2749434411526,0,128.508940860629,0,185.482045128942,0,0,0,0,12.8393005430698,0,0,0,2.56503289937973,0,52.5235181450844,0,0,0,2.4732871055603,0,0,0,0,0,1.98802021145821,0,0.294614672660828,12.8446199297905,0,132.029622450471,0,0
0,89.2052339464426,0,11.9100580513477,0,62.4097628593445,0,0,0.149936392903328,5.90801599621773,0,0,0,2.57130914926529,0,172.658950954676,32.9998699873686,63.9806962162256,3.26231907308102,0,2.05351424217224,17.2429671138525,0.544026970863342,13.5003653019667,9.38324293494225,10.6114421635866,1.22268867492676,0,0,0,0,0,0,0,0,0,0,0,0,0,0,0.194844573736191,0,0,0,0,0,0,0,18.2071601748466,0,36.0149847865105,0,0,0,175.824239298701,0,79.4931558668613,0,38.1453409790993,0,0,0,0,3.91002511978149,0.303441077470779,8.64099490642548,0.173663377761841,95.3593487590551,1.83538956940174,7.23918694257736,0,4.50154104828835,0,0,0,0,0,0,0,0,0,34.9676077663898,13.1504831463099,0.527661427855492,0,0
0,0,0,1.66187188029289,0,21.4769627600908,0,0,0,0,0,0,0,0,0,0,0.424335509538651,0,0.145822882652283,1846.35489457846,0,0,0,0,0,0,0,0,0,0,0,0,0,0,0,523.328788690269,1.1801899522543,0,0,298.33205395937,0.21435172855854,120.414166286588,0,0,0,729.270261801779,0,8.21050003170967,1.94384524226189,1.09468238055706,0,1.7108901143074,0,0,0,0,0,204.743285655975,0,0,0,0,0,0,0,0,0,0,0,0,0,0,118.901265382767,0,0,0,0,0,1826.45657230914,0.167172208428383,137.572649717331,0,150.606781929731,0,896.664999209344,4.83869105577469,0
0.190092921257019,0,0.781041070818901,0,2.50241973996162,0,0,0,2.19486111402512,0,32.6041201800108,0,0,0,0,0,57.0991694778204,32.0557422041893,318.644602939487,0,2609.49208731204,0,0,0,1.1729964017868,0,1.37949186563492,0,0,0,10.4161268472672,0,0,0,0,0,631.332260668278,0,137.157623454928,5.88992550969124,51.4874893501401,12.2822811454535,354.334712162614,0,6.32894870638847,0,122.356374338269,0,74.664144679904,0.433062642812729,5.93358543515205,0,0.369199424982071,0,1.70552329719067,0,1300.41073407978,0,91.1190600097179,0,12.8393005430698,0,0,0,0,0,0,0,0,0,0,1.86031925678253,0,96.1799327656627,0,0,0,0,15.4160022884607,1028.19642602652,0,316.653198435903,223.535207234323,6.19704100489616,684.184851184487,0.267546862363815,128.010142952204
0,0,0,0,0,0,0,0,0.312128961086273,0,0,0,0,0,0,6.27956256270409,108.363918751478,1354.27184323967,20.8081420958042,0,1.38772308826447,3109.95654973388,6.68976464867592,98.3800756037235,7.58615243434906,136.263540610671,5.36189371347427,86.7782583236694,0,0,0,0,0,0,0,0,0,212.101437315345,0,0,0,0,0,0,0,0,0,0,0,253.794998452067,0,0,0,0,0,0,0,3.039391502738,0,0,0,3.91002511978149,0,0,0,1.11860966682434,53.1996644884348,0,105.109718605876,0,134.396128341556,0,54.3127358704805,0,0,0,0,0,1.49126732349396,0,401.275245189667,0,495.457693189383,108.594967395067,1.22243355214596,0,0
0,0,0,0,0,0,0,0,0,0,0,0,0,0,0,0.833994746208191,969.498058184981,37.7544189989567,2.09739373624325,0,0,0,3037.36934734881,6.31079947948456,9.05163568258286,0,26.5385863333941,0,0.304448187351227,0,0,0,0,0,0,0,0,0,67.6603547930717,0,0,0,0.28018844127655,0.188703611493111,0,0,0,0,962.719121307135,0,0,0,0,0,0,0,0,0,0,0,0,0.303441077470779,0,0,1.11860966682434,0,0,142.894196510315,0,172.924631685019,0,379.598016172647,0,0,0,0,0,0,0,0,0,648.63972145319,198.4203196913,44.8609753847122,2.56283965706825,0,0
0,0,0,0,0,0,0,0,5.5225842744112,75.5705598592758,0,0,0,0,0,43.8443565666676,101.62383967638,424.324593365192,65.1384474039078,0,0.408650755882263,59.5452693104744,1.56697928905487,861.388962000608,7.58374047279358,33.4285578429699,5.90110301971436,0.726467370986938,0,0,0,0,0,0,0,0,0,10.6877198517323,0,0,0,0,0,0,0,0,0,0,0,0.583436995744705,0,0,0,0,0,11.429816365242,0,0,0,0,0,8.64099490642548,0,0,53.1996644884348,0,0,0,32.400160446763,0,3.84442050755024,0,0,0,0,0,0,0,0,0,0,0,129.371449291706,14.7077405750751,88.5408193320036,0,0
0,0,0,0,0,0,0,0,44.1742826998234,0,0,0,0,0,1.14028549194336,0.280448585748672,170.02821674943,17.4668249040842,17.3041887283325,0,0,0.849223375320435,9.94921064376831,2.38939130306244,705.208718210459,0.348304271697998,282.370626702905,0,0,0,0,0,0,0,0,0,0,0,2.63549193739891,0,0,0,0,0,0,0,0,0,80.8980534076691,0,0,0,0,0,257.780989959836,0,0,0,0,0,2.56503289937973,0.173663377761841,0,0,0,142.894196510315,0,0,0,69.8607145398855,0,0,0,0,0,0,0,0,0,1.22351598739624,0,1.40847563743591,211.233844697475,2.89935839176178,18.4166190624237,0,0
0,0,0,0,0,0,0,0,0.188941150903702,3.61714711785316,0,0,0,0,0,18.4408444315195,95.7163051664829,1134.31763797998,11.3936822861433,0,0,179.590356200933,3.68902802467346,41.4806125760078,8.50485125184059,213.349835291505,0.776344388723373,80.5783915519714,0,0,0,0,0,0,0,0,0,0,0,0,0,0,0,0,0,0,0,0,0,20.5976371020079,0,0,0,0,0,0,0,1.24843740463257,0,0,0,95.3593487590551,0,0,105.109718605876,0,32.400160446763,0,0,0,170.322082355618,0,0,0,0,0,0,0,0,0,0,0,176.163834631443,51.981812313199,0,0,0
