0,0,0.0360918253097042,0,0,0,0,0,0.0668912774245487,0,0,0,0,0,0,0,3.16514720826491e-05,5.44309428421722e-05,0.000666470032232363,0,0,0,0,0,0,0,0,0,0,0,0,0,0,0,0,0,0,3.35286243059702e-05,0.00022754773211762,0,0.000241759782286065,0,0.00293698710980395,0,0,0,0.000579677519901056,4.53064588371854e-05,0.0357981489035377,0,0,0,0,0,0.177524674816032,0,0.000191285021289718,0,0,0,0.0113853434210299,0,0,1.81506914420037e-05,0,0,0,0.0130917607003156,0,0.000283343945737697,0,0.000220116895541623,0,0.00291676474232973,0,0,0,0,0,0.000232217404511841,1.74735963962107e-05,0.000233537530122941,0.000840861838398023,2.29581644313402e-05,0.0230060164276757,0,8.45278430970861e-05
0,0,0,0.0178711184778666,0,0,0,0,0,0.0348670102000748,0,0,0,0,0,0,0,0,0.000105304952326693,0,0,0,5.48458723333958e-06,0,0,0,0,0,0,0,0,0,0,0,0,2.25198385323185e-06,0,0.000663855433317343,4.99523839224622e-05,0.000306822654060074,0,0.0120919089641406,0,0,0,0.000207660201815745,0,0.000418007583300951,9.70155775434208e-05,0.0156907006457018,0,0,0,0,0,0.0427726387158862,0,0,0,1.29216276700986e-05,0,0.0264967463609182,0,0,0,0,0.0012211738496962,3.43212640324245e-05,0.000178608738156431,0,2.81699545848884e-05,0,0,0,0,0,0,0,5.16172649845645e-05,0,0.000164174672334834,3.18586060189755e-05,0.00140959311016729,7.17539096678536e-05,0.0168459183706172,0,0
0.0360918253097042,0,0,0,0.00576155908022287,0,0,0,0.000307154933333812,0,0,0,0,0,0,0,7.69396499057279e-05,0,0.000483418012175526,0,4.46934286835177e-05,0,0,0,0,0,0,0,0,0,0,0,0,0,0,0,1.60758701461929e-05,0,0,0.000114270560170954,0.00156517160135259,1.38853346578526e-05,0.00353491474531148,0,0,0,0.000994335446699076,0.000244092388886714,0.00950112624444819,0,0.00465722721193569,0,0,0,0.0473593033201233,0,0.0042120452915027,0,0.00103174475380111,0,0.00527483484424563,0,0,0.000180032672527169,0,0,0,0,0,0,0,0,0,0.00356935286924524,0,0,0,0,0,0.000366887046454908,0,0.000338824847649802,0.000330193549476232,0,0.0134066338765805,0,0.000343214306971464
0,0.0178711184778666,0,0,0,0.0140653343787539,0,0,0,0.020793033366805,0,8.93102026008896e-05,0,0,0,0,7.77507837487084e-06,0,0.000179788110344703,0.000276679644606951,0,0,0,0,0,0,0,0,0,0,0,0,0,0,0,0.000168541722165126,0,4.77731762419417e-06,2.97229434292407e-06,0.000727165079729971,0,0.00319151079369305,2.14128483963343e-05,0,0,0.00105759124648687,0,0.000216628983605549,0.000123942368403372,0.00331692912619081,0,0.0184029399262314,0,0,0,0.0440968366402872,0,0.00384816959425511,0,0.00600800176031285,0,0.0216999642115566,0.00102282950897212,0,0,0,0,0,0,0,5.35726759976051e-05,0,0.00139259898985823,0,0,0,0,0,0.000347023043618088,1.47253696534297e-06,2.22229633797159e-05,0,0.000864959148637454,7.49570433695938e-05,0.010857097595559,0,0
0,0,0.00576155908022287,0,0,0,0,0,0.00088935523415045,0,0,0,0,0,0,0,0,0,1.3297690997102e-05,0,0,0,0,0,0,0,0,0,0,0,0,0,0,0,0,0,1.45300153662806e-05,0,0,0,0.000164924855418561,0,0.000709895903502437,0,0,0,5.44862008467365e-05,0.000203769443057243,0.00138338052686724,0,0.00925935172121716,0,0,0,0.00029347711634365,0,0.000126918926285027,0,0,0,0,0,0,0,0,0,0,0,0,0,0,0,0,2.10589212309691e-05,0,0,0,0,0,2.22567951912886e-05,0,4.46581358542683e-06,0.000167173190251227,0,0.00592664065693965,0,0
0,0,0,0.0140653343787539,0,0,0,0.00657290652822962,0,0.00504968081666999,0,3.1379511328259e-05,0,0,0,0.0191430184218482,0,0,5.72780334519205e-05,0.00171182056365162,0,0,0,0,0,0,0,0,0,0,0,0,0,0,0,3.39815348605235e-05,0,2.5599695265412e-06,0,0.000386282389112964,0,0.00171117777067478,0,0,0,0.000238268992452346,0,0.00012511051423571,2.91752327171968e-05,0.00125184415813408,0,0.0221633594406182,0,0.0021371717858503,0,0,0,0.00028869555817549,0,0,0,0.0115892837866542,0.00277530239353811,0,0,0,0,0,0,0,1.37102795774052e-05,0,0.000575309267407095,0,0,0,0,0,1.68912367512427e-05,0,4.43629760669173e-05,0,0.00290296887591782,0.000725003798716525,0.00455082338920625,0.000917682920609925,0
0,0,0,0,0,0,0,0,0,0,0,0,0,0,0,0,0,0,0,0,0.000395437981541972,0,0,0,0,0,0,0,0,0,0,0,0,0,0,0,0,0,0,0,0,0,0,0,0,0,0,0,0,0,0,0,0,0,0,0,0,0,0,0,0,0,0,0,0,0,0,0,0,0,0,0,0,0,0,0,0,0,0,0,0,0,0,0,0,0,0
0,0,0,0,0,0.00657290652822962,0,0,0,0,0,0.00426479449994202,0,0.00568001714465961,0,0,0,0,0,0,0,0,0,0,0,0,0,0,0,0,0,0,0,0,0,0,0,0,0,0,0,0,0,0,0,0,0,0,0,0,0,0.0288897674413136,0,0.0833896817890674,0,0,0,0.004003676506472,0,0.00121840127883659,0,0,0,0,0,0,0,0,0,0,0,0,0,0,0,0,0,0,0,0,0,0,0.000206354803730504,0,0,0,0
0.0668912774245487,0,0.000307154933333812,0,0.00088935523415045,0,0,0,0,0,0,0,0,0,0.0001625423302806,0,0.00200881888755925,3.54003035002775e-05,6.25831668478428e-05,0,0,2.57946677664181e-05,5.20878458877842e-05,0,0.00894133922183563,0,0,0,0,0,0,0,0,0,0,0,0,0,0.000912991430326645,0,2.61046990821202e-05,0,0.00013122899474516,0,0,0,0,0,0.00394364013954421,0,0,0,0,0,0.0921047186225039,0,4.88362909257453e-05,0,0,0,0.00241530463332816,0,0,0,0,0,0,0.0183904432157841,0,0,0,0,0,0,0,0,0,0,0,1.60349038313363e-06,0,0.00031105814366246,0.00185695034371663,0,0.00224634459456909,0,0
0,0.0348670102000748,0,0.020793033366805,0,0.00504968081666999,0,0,0,0,0,0,0,0,0,0.0221033317583928,0,0.000641143253167351,2.30431225129619e-05,0,0,0,0,0.0233603286379163,0,0.00011490258532427,0,0,0,0,0,0,0,0,0,0,0,0.00136537489999237,9.6266855480144e-06,1.58302573069732e-05,0,0.00222586566778701,0,3.01004257677701e-05,0,3.49528371563486e-05,0,0,1.57772200932362e-05,0.00257748563218012,0,0,0,0,0,0.0691873111614622,0,8.91432241410285e-05,0,6.2457746265569e-05,0,0.0135134655852322,0,0,0,0,0.00505195049069749,0,0,0,0.000153595182650704,0,0,0,0,0,0,0,1.32972691572393e-05,0,0.000569432869749694,4.24175877674141e-06,0.00421641218774799,0.000323312661885447,0.00222242936604468,0,0
0,0,0,0,0,0,0,0,0,0,0,0,0,0,0,0,0,0,0,0,0.0213329912266894,0,0,0,0,0,0,0,0,0,0.00772422425253402,0,0,0,0,0,0.000880648086190391,0,0.00261795100134341,0,0,0,0,0,0,0,0,0,0,0,0,0,0,0,0,0,0.0553278758814462,0,0.00571285563491877,0,0,0,0,0.000551007682376789,0,0,0,0,0,0,0,0.000535767586207888,0,0.0202661273019993,0,0,0,0,0,7.56122448322336e-06,0,0,0.000258284938838229,0,0,0,0
0,0,0,8.93102026008896e-05,0,3.1379511328259e-05,0,0.00426479449994202,0,0,0,0,0,0.0242685493505627,0,0,0,0,0,0.049805253683198,0,0,0,0,0,0,0,0.000325470700469854,0,0.0169264870169572,0,0,0,0,0,0.00262977561482282,0,0.00626883065887661,0,0,0,8.48305098978541e-06,0,0,0,0,0,0,0,0,0,0.000962678106535638,0,0.00591536120642013,0,0,0,0.268307743801858,0,0.0444333489861966,0,0,0.0126515894782372,0,0,0,0,0,0,0,0.00137163324701847,0,0.0200272585337986,0,0,0,0,0,7.91348672575675e-06,0,0.000968847593264913,0,0.00209866172622209,0,0.000466588118907981,0,0
0,0,0,0,0,0,0,0,0,0,0,0,0,0,0,0,0,0,0,0,0,0,0,0,0,0,0,0,0,0,0,0,0,0,0,0,0,0,0,0,0,0,0,0,0,0,0,0,0,0,0,0,0,0,0,0,0,0,0,0,0,0,0,0,0,0,0,0,0,0,0,0,0,0,0,0,0,0,0,0,0,0,0,3.45300877597765e-05,0,0,0
0,0,0,0,0,0,0,0.00568001714465961,0,0,0,0.0242685493505627,0,0,0,0.00976607400991672,0,5.9743126750395e-05,0,0,0,0,0,0,0,0.00427191179077741,0,0,0,0.000241288521258579,0,0,0,0,0,0,0,0,0,0,0,0,0,0,0,0,0,0,0,0,0,0,0,0.000934391938132591,0,0,0,0.00084755623358862,0,0.0547828392138405,0,0.0285417372175167,0,0,0,0,0,0,0.000727116688232464,0,0.00505638574005337,0,0,0,0,0,0,0,0,0,0,0,0.00207676458201592,0.00209117037578655,0,0,0
0,0,0,0,0,0,0,0,0.0001625423302806,0,0,0,0,0,0,0,0.000740032927766956,5.80006030407752e-05,0,0,0,0,1.83053733062159e-05,0,0.0048889414662536,0,0,0,0,0,0,0,0,0,0,0,0,0,0,0,0,0,0,0,0,0,0,0,0,0,0,0,0,0,0.000825743921950561,0,0,0,0,0,0.0012881604412909,0,0,0,0,0,0,0.0024414951666945,0,0,0,0,0,0,0,0,0,0,0,0,0,0,5.27713175273479e-05,0,0,0,0
0,0,0,0,0,0.0191430184218482,0,0,0,0.0221033317583928,0,0,0,0.00976607400991672,0,0,0,0.000180955386644503,0,0,0,0,0,0.00651971643801547,0,0.00298887060212305,0,0,0,0,0,0,0,0,0,0,0,0,0,0,0,0,0,0,0,0,0,0,0,0,0,0.00380622331389757,0,0,0,0.00587205487718679,0,0,0,0.000277046592700115,0,0.0704923157664027,0,0,0,0,0,0,0.000206435837266151,0,0,0,0,0,0,0,0,0,0,0,0,0,0.000723461760059051,0.000350754205089022,0,0,0
3.16514720826491e-05,0,7.69396499057279e-05,7.77507837487084e-06,0,0,0,0,0.00200881888755925,0,0,0,0,0,0.000740032927766956,0,0,0.116294885876626,0.0517773020320215,0,0,0.000412701036526668,0.00542142551589522,0.00113526882571943,0.0223116349621341,0.000164121741178468,0.0280047936291591,0,2.27924725853554e-05,0,0,0,0,0,0,2.53554674652784e-05,1.54494926154407e-06,1.74279950910266e-06,0,0.00147579673529129,0.00105545068868988,0.00148872597763808,0.0015914099102968,9.00681449202958e-05,0,0.000321288906693178,0.0016337179985896,0,9.87807278007879e-06,0,0,0,0,0,0.000985547015941334,0,0.00011523303433844,2.40464571923185e-05,0,0,0,4.68126296359841e-06,0,0.000191494747908221,0,5.59441880605642e-05,0,0.00935138270579868,0,0.000837787630458481,0,0,9.51037851767728e-06,9.59668834416223e-05,0,0,0,0,0.000500476277046065,0.00115420797458995,0.000263219964553205,0.00045279751795986,0.0302946891226657,0.00545435232062508,0.00337635431138992,0.000228584356392394,7.67340450940472e-05
5.44309428421722e-05,0,0,0,0,0,0,0,3.54003035002775e-05,0.000641143253167351,0,0,0,5.9743126750395e-05,5.80006030407752e-05,0.000180955386644503,0.116294885876626,0,0.0545583369325297,0,0,0.00457097531245838,0.000434487584480222,0.00724319140972687,0.00163361251789848,0.00737261338314516,0.000496047103897265,0.0030823427355843,0,0,0,0,0,0,0,7.11666138810324e-06,0,0,0,0.000743900453604059,0.000261682519308567,0.00123959364496619,0.000301663947710256,6.68578563634274e-05,0,0.00016056065183687,0.000286244118023034,0,2.96758085631431e-06,1.64580788265155e-05,0,0,0,0,8.22270169341605e-06,0,5.99085420067511e-06,3.69174057370428e-06,0,0,0,1.77873538609666e-06,0,4.64269395453221e-05,0.00353125516337029,0,0,0.00173548906938018,0,0.000193444083153822,0,0,7.14144908501798e-05,1.51397171992444e-05,0,0,0,0,0.000270187983379474,0.000274333490407998,0.000371048950860088,4.15167568170252e-05,0.0319017767442474,0.0153977267220675,0.00127683820031179,0.000158670355528739,0
0.000666470032232363,0.000105304952326693,0.000483418012175526,0.000179788110344703,1.3297690997102e-05,5.72780334519205e-05,0,0,6.25831668478428e-05,2.30431225129619e-05,0,0,0,0,0,0,0.0517773020320215,0.0545583369325297,0,0,0,2.58295128788248e-05,2.00888962219245e-05,0.00027306089170508,0.000448666953349844,0.000389701887500344,0.000188089108592571,0,0,0,0,0,0,0,0,0.000111650035652883,2.32168675220506e-05,1.26944541510108e-05,1.48298738780978e-05,0.0214734852675576,0.00962560219874073,0.0269401485676351,0.0166712207221705,0.00109762437341489,0,0.0042841250726112,0.00925693160792812,8.24272284591901e-06,0.000145807300182282,0.000519241852959068,0,4.03126661523406e-05,0,0,0,0,0.000423067552216345,0.000474415809718359,0,3.65093660934112e-06,0,0.000117973574461705,1.50608558607153e-05,0.0027524279393107,0,0,0,0.000383923831463901,0,6.14864880876765e-06,6.49913768244145e-05,0,0.00337208413282387,0.000968185552363024,0,0,0,0,0.00503174633932852,0.00593621301139646,0.0056317034489807,0.00258340050621009,0.0259334770145448,8.22258519873413e-05,0.0286879918741605,0.00315600391046426,0.00219927444943073
0,0,0,0.000276679644606951,0,0.00171182056365162,0,0,0,0,0,0.049805253683198,0,0,0,0,0,0,0,0,0,0,0,0,0,0,0,0,0,0,0,0,0,0,0,0.00688253661679727,0,0.00152578616679883,0,0,0,0.000110263874085154,0,0,0,0.00121532638872135,0,0,0,2.30630475031937e-05,0,0.00424611371286662,0,0,0,0,0,0.0404185429417774,0,1.91241197826653e-05,0,0,0.211227142025644,0,0,0,0,0,0,0,0,0,0,0,0,0,0,0,0.000936189138875703,0,5.05075260379581e-05,0,0.000301321906490665,2.06788940361658e-05,0.00270531162406551,0,0
0,0,4.46934286835177e-05,0,0,0,0.000395437981541972,0,0,0,0.0213329912266894,0,0,0,0,0,0,0,0,0,0,0,0,0,0,0,0,0,0,0,0,0,0,0,0,0,0.0111876016058319,0,0.00721371885343889,0,0.000142788180280662,0,6.35006991004008e-05,0,0,0,1.85760050896044e-05,0,0.000177144793993392,0,0,0,0,0,0,0,0.0192250318057965,0,0,0,0,0,0,0.0583061760725495,0,0,0,0,0,0,0,0,0,9.72943873228018e-05,0,0,0,0,0,0.00127122961443204,0,0.00128722263058193,0.000475387866196104,3.12159625102089e-06,0.000763449547105347,0,0
0,0,0,0,0,0,0,0,2.57946677664181e-05,0,0,0,0,0,0,0,0.000412701036526668,0.00457097531245838,2.58295128788248e-05,0,0,0,0.014410064735799,0.0071258090612241,0,0.00767962557432459,1.09966254296447e-05,0.00369349055936611,0,0,0,0,0,0,0,0,0,0.0188458394605026,0.00089466382930793,0,0,0,0,0,0,0,0,0,0,0.0079427028698353,0,0,0,0,0,0,0,0,0,0,0,0,0,0,0.124504742752394,0.00126665484906897,0.0016478725106351,2.88905851773937e-05,0.00322960015718644,0,0.000723156340378297,0,0,0,0,0,0,0,0,0,0.00263589692184335,0.000634246221734075,0.00904581530029118,0.00943358465169169,4.09258869953533e-06,0,0
0,5.48458723333958e-06,0,0,0,0,0,0,5.20878458877842e-05,0,0,0,0,0,1.83053733062159e-05,0,0.00542142551589522,0.000434487584480222,2.00888962219245e-05,0,0,0.014410064735799,0,0,0.00856439035213515,0,0.00425305779488669,0,0.000139834368926146,0,0,0,0,0,0,0,0,0.000112702269775764,0.00923322971798918,0,0,0,2.62427973293439e-06,0,0,0,0,8.49318687963882e-05,0.0114428981420315,0,0,0,0,0,7.51311225505812e-06,0,0,0,0,0,0,0,0,0,0.00167341200201214,0.106297257434877,0,0.00646059637011818,0,0.00428187157975166,0,0,0,0,0,0,0,0,0,0,9.15579046404112e-06,0.00358916194320825,0.0110479065253241,0.00873052162713397,1.08455960732445e-05,0,0
0,0,0,0,0,0,0,0,0,0.0233603286379163,0,0,0,0,0,0.00651971643801547,0.00113526882571943,0.00724319140972687,0.00027306089170508,0,0,0.0071258090612241,0,0,0,0.0863203812761516,0,0,0,0,0,0,0,0,0,0,0,0.00809008454479073,0,0,0,2.76166901340825e-05,0,0,0,0.000206730201554275,0,0,0,0,0,0,0,0,0,0.0313780525892058,0,0,0,0,0,0.0129034005707776,0,0,0.00607866824149279,0,0.125920053967406,0,0.156938468041837,0,0,0,0,0,0,0,0,0,0,7.66142288196139e-06,0.00116824645885221,0,0.000550076261126425,3.10529450279733e-05,9.45852607303683e-05,0,0
0,0,0,0,0,0,0,0,0.00894133922183563,0,0,0,0,0,0.0048889414662536,0,0.0223116349621341,0.00163361251789848,0.000448666953349844,0,0,0,0.00856439035213515,0,0,0,0.0243155207567049,0,0,0,0,0,0,0,0,0,0,2.97683732396108e-06,0.0148473713590191,0,0,1.17879287164519e-05,0.000105583158253276,0,0,0,0,0,0.00570239625802135,0,0,0,0,0,0.00466105220565501,0,0,0,0,0,0,0,0,1.11609065521091e-05,0,0.00451879538768042,0,0.278902125101378,0,0.0682608907726096,0,0,0,0,0,0,0,0,0,0,2.7838019461504e-06,0.00186474860850108,0.00343954089647761,1.34994622555018e-05,9.05283051605437e-05,0,0
0,0,0,0,0,0,0,0,0,0.00011490258532427,0,0,0,0.00427191179077741,0,0.00298887060212305,0.000164121741178468,0.00737261338314516,0.000389701887500344,0,0,0.00767962557432459,0,0.0863203812761516,0,0,0,0.00282690756899638,0,0,0,0,0,0,0,0,0,0,0,0,0,0,0,0,0,0,0,0,0,0,0,0,0,0,0,0,0,0,0,4.67312072255821e-05,0,9.57871558205006e-05,0,0,0.00261518492946559,0,0.00644332251245904,0,0.0658092719729891,0,0.00184416626716698,0,0,0,0,0,0,0,0,0,3.16641848679581e-06,0,0.00128487148517648,0.000202394069494186,0,0,0
0,0,0,0,0,0,0,0,0,0,0,0,0,0,0,0,0.0280047936291591,0.000496047103897265,0.000188089108592571,0,0,1.09966254296447e-05,0.00425305779488669,0,0.0243155207567049,0,0,0,0.00422931556113003,0,0,0,0,0,0,0,0,0,0,0,0,0,0,0,0,0,0,0,0,0,0,0,0,0,0,0,0,0,0,0,0,0,0,0,0,0.000728887286938904,0,0.000633398621113349,0,0.328635929633254,0,0.000152631145410644,0,0,0,0,0,0,0,7.18025381463237e-06,0,0,0.000869348019380981,3.37360152139115e-05,2.10056490542333e-05,0,0
0,0,0,0,0,0,0,0,0,0,0,0.000325470700469854,0,0,0,0,0,0.0030823427355843,0,0,0,0.00369349055936611,0,0,0,0.00282690756899638,0,0,0,0.0410618813810215,0,0,0,0,0,0,0,0.00187025634640945,0,0,0,0,0,0,0,0,0,0,0,0,0,0,0,0,0,0,0,0,0,0.00535099873739335,0,0,0,0,0.00256793532754033,0,0,0,0.00996368741763193,0,0.122979244874243,0,0.000892057900356609,0,0,0,0,0,0,0,0.00106115505988633,0,0.00092470242142405,0.000193086822555571,0,0,0
0,0,0,0,0,0,0,0,0,0,0,0,0,0,0,0,2.27924725853554e-05,0,0,0,0,0,0.000139834368926146,0,0,0,0.00422931556113003,0,0,0,0.00505759685299876,0,0,0,0,0,0,0,0.000310362104175099,0,0,0,0,0,0,0,0,0,0,0,0,0,0,0,0,0,0,0,0.000169967812684156,0,0,0,0,0,0,0.000852770233227837,0,0,0,0,0,0.0235746002253102,0,0,0,0,0,0,0,0,0,0,0.000324721070552534,0,0,0,0
0,0,0,0,0,0,0,0,0,0,0,0.0169264870169572,0,0.000241288521258579,0,0,0,0,0,0,0,0,0,0,0,0,0,0.0410618813810215,0,0,0,0,0,0,0,0,0,0.003084882377316,0,0,0,0,0,0,0,0,0,0,0,0,0,0,0,0,0,0,0,0.00212937598388717,0,6.29227250059329e-05,0,0,0,0,0,0,0,0,0,0,0.0330762609031242,0,0.163407056320513,0,0,0,0,0,0,0,0.00171726655357918,0,6.53236091260916e-05,0,0,0,0
0,0,0,0,0,0,0,0,0,0,0.00772422425253402,0,0,0,0,0,0,0,0,0,0,0,0,0,0,0,0,0,0.00505759685299876,0,0,0,0,0,0,0,0,0,0.00498199721270651,0,0,0,0,0,0,0,0,0,0,0,0,0,0,0,0,0,0.000299503098334969,0,0,0,0,0,0,0,0,0,0,0,0,0,0,0.0555446126443357,0,0.0875880840296386,0,0,0,0,0,0,0,0,0.000118453435446573,1.1909050954273e-05,0,0,0
0,0,0,0,0,0,0,0,0,0,0,0,0,0,0,0,0,0,0,0,0,0,0,0,0,0,0,0,0,0,0,0,0.0333940496568489,0.00763053701845302,0.000177890133875949,0.000498905338401151,2.94611860453682e-06,0,0,0,0,0,0,0,0,0,0,0.12733840039784,0.00555891532525768,0.000506858431221857,0,0,0,0,0,0,0,0,0,0,0,0,0,0,0,0,0,0,0,0,0,0,0,0,0.0788695580502994,0.036744343909155,0.00594748526120404,0.00032845933985266,0.00110017538359113,6.02484013404995e-05,0,0,0.00111450176372909,0,4.69739818800396e-06,0,0
0,0,0,0,0,0,0,0,0,0,0,0,0,0,0,0,0,0,0,0,0,0,0,0,0,0,0,0,0,0,0,0.0333940496568489,0,0.000309355787666148,0.000415821706184317,0,0.000974515369554337,0,0,0,0,0,0,0,0,0,0,0.0261344151695669,0.000429542459404459,0.000299872699836813,0,0,0,0,0,0,0,0,0,0,0,0,0,0,0,0,0,0,0,0,0,0,0,0,0.0173019108013467,0.130818828617078,0,0.0081962190109984,2.45603315204826e-06,0.000936379278820798,0,0,5.130688636101e-05,0,0,0,0
0,0,0,0,0,0,0,0,0,0,0,0,0,0,0,0,0,0,0,0,0,0,0,0,0,0,0,0,0,0,0,0.00763053701845302,0.000309355787666148,0,0.0759297224616201,0.00305387927770915,7.92895408217422e-05,0.00782564376883118,0.00163131962267608,0,0,0,2.35153635863143e-05,0,0,0,0,0.164723514014922,0.000700216502762932,0.00059368523215236,0,0,0,0,0,0,0,0,0,0,0,0,0,0,0,0,0,0,0,0,0,0,0,0,0.00121923988430318,0.00586676411446279,0.128982147631516,0.0876641184523516,0.000193138815234061,2.22756857346787e-05,0.00315348014074946,0.000770629816444682,0.00234187959220087,0.000330479439958057,0.000137296308631831,0,0
0,0,0,0,0,0,0,0,0,0,0,0,0,0,0,0,0,0,0,0,0,0,0,0,0,0,0,0,0,0,0,0.000177890133875949,0.000415821706184317,0.0759297224616201,0,0.000284949603919,0.00310682667046643,0.0020930580197198,0.00636296449351057,0,0,2.19372897502538e-05,0,0,0,0,0,0.0997523573409749,0.00100901143007145,0.000214882622018057,0,0,0,0,0,0,0,0,0,0,0,0,0,0,0,0,0,0,0,0,0,0,0,0,2.45128768422886e-05,0.00490613931458634,0.0890861957355919,0.145700134066868,1.52872068179852e-06,0.000683783667529725,0.00173723896794875,0.00433007430067447,0.000438576243402813,0,1.75322131581541e-05,0,0
0,2.25198385323185e-06,0,0.000168541722165126,0,3.39815348605235e-05,0,0,0,0,0,0.00262977561482282,0,0,0,0,2.53554674652784e-05,7.11666138810324e-06,0.000111650035652883,0.00688253661679727,0,0,0,0,0,0,0,0,0,0,0,0.000498905338401151,0,0.00305387927770915,0.000284949603919,0,0.000622408080289583,0.00862081775261682,0.000716237991103119,8.40569314802915e-06,0,2.55322448626551e-05,2.17761802450297e-05,5.66923979191406e-06,0,0.00105605187851198,0,0.00195320382048247,6.18192807191208e-05,1.29183033195657e-05,0,0.000315277013375776,0,0,0,0,0,0.00287808229500662,0,3.58330290296141e-05,0,4.21520058877312e-06,0.0164121262761581,1.03502928729292e-06,0,0,0,0,0,0,0,0,3.61750221743541e-05,0,0.00297555333183508,1.09193031497619e-05,0.00501468464158886,0,0.125739280426226,0.00104455302257175,0.0244393490774529,5.83554117814986e-06,0.00681713009222794,0.000403209607510031,0.00138158397211211,2.30657517414162e-06,0
0,0,1.60758701461929e-05,0,1.45300153662806e-05,0,0,0,0,0,0.000880648086190391,0,0,0,0,0,1.54494926154407e-06,0,2.32168675220506e-05,0,0.0111876016058319,0,0,0,0,0,0,0,0,0,0,2.94611860453682e-06,0.000974515369554337,7.92895408217422e-05,0.00310682667046643,0.000622408080289583,0,5.2071334704173e-05,0.0168613555070566,0,2.88090762237601e-05,1.00645474715198e-05,2.32243146571163e-05,0,0,0,7.21869186000103e-05,0.00146685835187944,2.56503072278993e-06,0,0,0,0,0,0,0,0.000174135516111381,0,0,0,0,0,0,0.00524156445653508,0,0,0,0,0,0,0,0,0,0,2.31045017891748e-06,0.00111186218335995,0,0.00601793752546479,0.00106275942588085,0.0892373833856295,0,0.0241523330494391,0.00791809895703561,0.0031290245648214,0.000614903935535552,0,0
3.35286243059702e-05,0.000663855433317343,0,4.77731762419417e-06,0,2.5599695265412e-06,0,0,0,0.00136537489999237,0,0.00626883065887661,0,0,0,0,1.74279950910266e-06,0,1.26944541510108e-05,0.00152578616679883,0,0.0188458394605026,0.000112702269775764,0.00809008454479073,2.97683732396108e-06,0,0,0.00187025634640945,0,0.003084882377316,0,0,0,0.00782564376883118,0.0020930580197198,0.00862081775261682,5.2071334704173e-05,0,0.0172672750284511,2.33046698238553e-06,0,3.25048646573139e-05,3.94249781617902e-05,0,0,0.000335228064828843,0,0.0128635038670572,0.00112467737531753,0.00476745013205721,0,0,0,0,0,0.000981728111149066,0,0.00593751216673886,0,0,5.95678089651937e-06,5.73911629523738e-06,0.00664654376874832,0,0.00891842006042584,1.72360611318536e-05,0.0179755399222889,0,0,0,0.000854717359875328,0,0.00589310411259029,0,0,0,0.00354389420418841,0,0.00955593578473973,0,0.169907743073244,0.00567171585413457,0.0120533018193925,0.00498639112681772,0.00235097163181513,0,0
0.00022754773211762,4.99523839224622e-05,0,2.97229434292407e-06,0,0,0,0,0.000912991430326645,9.6266855480144e-06,0.00261795100134341,0,0,0,0,0,0,0,1.48298738780978e-05,0,0.00721371885343889,0.00089466382930793,0.00923322971798918,0,0.0148473713590191,0,0,0,0.000310362104175099,0,0.00498199721270651,0,0,0.00163131962267608,0.00636296449351057,0.000716237991103119,0.0168613555070566,0.0172672750284511,0,0,0,0,0.000163373615814012,0,0,0,1.46026614628987e-06,0.0145358896947993,0.0043510872441399,0,0,0,0,0,0.000871973422753209,1.15937377791613e-05,0.001587906138621,0,0,0,0,0,0,0.00158387841803595,0,0.00565995894460109,0,0.0145452834409503,0,1.1082229210857e-05,0,0.00223682850254535,0,0.00916461316777623,0,0,0.000168323365086303,0.00307968685195153,6.06438886722512e-05,0.00479406187138999,0.00126948013182057,0.12800738518171,0.00997898682746704,0.00175345320689614,0.00152712800120554,0,0
0,0.000306822654060074,0.000114270560170954,0.000727165079729971,0,0.000386282389112964,0,0,0,1.58302573069732e-05,0,0,0,0,0,0,0.00147579673529129,0.000743900453604059,0.0214734852675576,0,0,0,0,0,0,0,0,0,0,0,0,0,0,0,0,8.40569314802915e-06,0,2.33046698238553e-06,0,0,0.000327914058865979,0.0566322267359745,0.000792053538129217,0.00327737204582343,0,0.0156816434099811,0.000286421232539576,0.00157940667408401,0,0.01750363530487,0,0.000260019476357891,0,0,0,0.000117571962657268,0.000145672130477392,0.000309048380941764,0,4.74909210300544e-05,0,0.000224735152175881,0.00929092238467011,0.000115811866298564,0,0,0,0,0,0,0,0,0.00168687883693935,2.5962271021032e-05,0,0,0,0,0.00454222697946182,0.000235977296138273,0.00139210225499369,9.21125182511616e-05,0.00151696391732941,7.35527504928737e-06,0.0515448312193734,0.00368500754494242,0
0.000241759782286065,0,0.00156517160135259,0,0.000164924855418561,0,0,0,2.61046990821202e-05,0,0,0,0,0,0,0,0.00105545068868988,0.000261682519308567,0.00962560219874073,0,0.000142788180280662,0,0,0,0,0,0,0,0,0,0,0,0,0,0,0,2.88090762237601e-05,0,0,0.000327914058865979,0,0.000329557098611937,0.0296285388986574,0,0,7.17193672953829e-05,0.0115356506867138,0.00169176340937965,0.00698145604026287,0,0.000172079163127625,0,0,0,0,0,0.000914504986153191,0,0,0,0,0,0,0.00394314157873353,0,0,0,0,0,0,0,0,1.2939763212384e-05,0.00182409039142338,0,0,0,0,7.00662487949681e-05,0.00763810144411244,5.30797302990464e-05,0.000820852701992917,0.00123515591957359,5.97173790043806e-07,0.0137153265831238,0.000146888197508337,0.00323050564493362
0,0.0120919089641406,1.38853346578526e-05,0.00319151079369305,0,0.00171117777067478,0,0,0,0.00222586566778701,0,8.48305098978541e-06,0,0,0,0,0.00148872597763808,0.00123959364496619,0.0269401485676351,0.000110263874085154,0,0,0,2.76166901340825e-05,1.17879287164519e-05,0,0,0,0,0,0,0,0,0,2.19372897502538e-05,2.55322448626551e-05,1.00645474715198e-05,3.25048646573139e-05,0,0.0566322267359745,0.000329557098611937,0,0.00564075907824762,0.000466512121483826,0,0.00344704112876114,0.000286875208118801,0.00125414356764634,0.000125559400990346,0.0313860567634903,0,0.000793187311370878,0,0,0,0.000741289882009954,3.81941973627694e-05,0.00291631640368989,0,0.000883952478423808,0,0.00144489873455308,7.65484357422162e-05,6.57740000815609e-05,0,0,0,1.10348478990772e-05,0.000260867248149743,0,0.00044406996642174,0,0.00697092864208109,9.84351365048854e-05,0,0,0,0,0.00304691977482855,0.000191239751743697,0.00493938966568982,4.26516179092729e-05,0.00987443533413246,2.49564088997739e-05,0.0845334374947086,0.00930363882135159,3.35668730427673e-05
0.00293698710980395,0,0.00353491474531148,2.14128483963343e-05,0.000709895903502437,0,0,0,0.00013122899474516,0,0,0,0,0,0,0,0.0015914099102968,0.000301663947710256,0.0166712207221705,0,6.35006991004008e-05,0,2.62427973293439e-06,0,0.000105583158253276,0,0,0,0,0,0,0,0,2.35153635863143e-05,0,2.17761802450297e-05,2.32243146571163e-05,3.94249781617902e-05,0.000163373615814012,0.000792053538129217,0.0296285388986574,0.00564075907824762,0,0,3.76211346470316e-05,0.000218751453578271,0.0149125697150365,0.0024419751704405,0.0155737034120096,0.000269654476252707,4.29380901281191e-05,6.34856155563965e-06,0,0,0.000119629127351657,0,0.0118501865033055,0,4.39155444713541e-06,3.01044070337224e-05,4.11148136507353e-05,6.04019589268744e-05,0,0.0109368673617755,0,0,0,0,0,0,0,0,1.54636247211553e-05,0.00580061477139826,0,0,0,0,0.0001046846096377,0.00642366576154985,7.92739722445534e-05,0.00430420578737751,0.00841360928619744,1.4713703895069e-05,0.0764090329753438,8.80238280510184e-05,0.00995653831915935
0,0,0,0,0,0,0,0,0,3.01004257677701e-05,0,0,0,0,0,0,9.00681449202958e-05,6.68578563634274e-05,0.00109762437341489,0,0,0,0,0,0,0,0,0,0,0,0,0,0,0,0,5.66923979191406e-06,0,0,0,0.00327737204582343,0,0.000466512121483826,0,0,0,0.000138952889152145,1.33624108271988e-05,0,0,0,0,0,0,0,0,0,0,0,0,0,0,0,0,0,0,0,0,0,0,0,0,0,0,0,0,0,0,0,0.000295366997170653,0,0.000264768476510479,0,2.51584486138106e-05,0,0.000853340628291496,0,0
0,0,0,0,0,0,0,0,0,0,0,0,0,0,0,0,0,0,0,0,0,0,0,0,0,0,0,0,0,0,0,0,0,0,0,0,0,0,0,0,0,0,3.76211346470316e-05,0,0,0,0,0,0,0,0,0,0,0,0,0,0,0,0,0,0,0,0,0,0,0,0,0,0,0,0,0,0,0,0,0,0,0,0,0,0,0,7.30808112830127e-07,0,7.2826818497886e-06,0,0
0,0.000207660201815745,0,0.00105759124648687,0,0.000238268992452346,0,0,0,3.49528371563486e-05,0,0,0,0,0,0,0.000321288906693178,0.00016056065183687,0.0042841250726112,0.00121532638872135,0,0,0,0.000206730201554275,0,0,0,0,0,0,0,0,0,0,0,0.00105605187851198,0,0.000335228064828843,0,0.0156816434099811,7.17193672953829e-05,0.00344704112876114,0.000218751453578271,0.000138952889152145,0,0,4.38377934012207e-05,0.000305434527000285,1.69936580326283e-05,0.00148475741089079,0,0.00020172826843854,0,0,0,0.00023113474442515,0,0.000622603356897799,0,3.46916174322977e-05,0,0.000371176487492824,0.0789317124075936,1.89824971312204e-05,0,0,0,0,0,0,6.47578000428925e-06,0,0.00424687152026843,0,0,0,0,0,0.00398235679316019,1.23734457206736e-05,0.00933322292200284,0,0.000366077858913338,0,0.0184357744567318,0.000268711508569159,0
0.000579677519901056,0,0.000994335446699076,0,5.44862008467365e-05,0,0,0,0,0,0,0,0,0,0,0,0.0016337179985896,0.000286244118023034,0.00925693160792812,0,1.85760050896044e-05,0,0,0,0,0,0,0,0,0,0,0,0,0,0,0,7.21869186000103e-05,0,1.46026614628987e-06,0.000286421232539576,0.0115356506867138,0.000286875208118801,0.0149125697150365,1.33624108271988e-05,0,4.38377934012207e-05,0,2.93615506870021e-05,0.000630817434763959,0,0,0,0,0,0,0,0.00280719791766481,0,0,0,0,0,0,0.00987732851181038,0,0,0,0,0,0,0,0,1.0131082944809e-05,0.00251393563016615,0,0,0,0,7.77790055665154e-05,0.0040873459983933,2.23767567196408e-05,0.00148118765545593,0.00113966027939683,0,0.0118677397851684,9.65455633537195e-05,7.47196523155632e-05
4.53064588371854e-05,0.000418007583300951,0.000244092388886714,0.000216628983605549,0.000203769443057243,0.00012511051423571,0,0,0,0,0,0,0,0,0,0,0,0,8.24272284591901e-06,0,0,0,8.49318687963882e-05,0,0,0,0,0,0,0,0,0.12733840039784,0.0261344151695669,0.164723514014922,0.0997523573409749,0.00195320382048247,0.00146685835187944,0.0128635038670572,0.0145358896947993,0.00157940667408401,0.00169176340937965,0.00125414356764634,0.0024419751704405,0,0,0.000305434527000285,2.93615506870021e-05,0,0.249597744483145,0.0614218585240979,0,0.000117064701207608,0,0,0,2.8257909931047e-05,9.01346583614439e-06,0,0,8.54865535704569e-06,0,0.000114181785319551,0,8.40219469659572e-06,1.10928405491873e-05,4.22156829396486e-05,0,0.00010848087317994,0,0,0,0,6.43441285611739e-06,0,0.0693811281217096,0.0979732397848504,0.012541002839745,0.028638350878288,0.00639974401048713,0.00400679944311395,0.00138024116333063,0.00436697840800494,0.00427774836222615,1.62560772724971e-05,0.013605555680203,3.17815575913618e-05,0
0.0357981489035377,9.70155775434208e-05,0.00950112624444819,0.000123942368403372,0.00138338052686724,2.91752327171968e-05,0,0,0.00394364013954421,1.57772200932362e-05,0,0,0,0,0,0,9.87807278007879e-06,2.96758085631431e-06,0.000145807300182282,0,0.000177144793993392,0,0.0114428981420315,0,0.00570239625802135,0,0,0,0,0,0,0.00555891532525768,0.000429542459404459,0.000700216502762932,0.00100901143007145,6.18192807191208e-05,2.56503072278993e-06,0.00112467737531753,0.0043510872441399,0,0.00698145604026287,0.000125559400990346,0.0155737034120096,0,0,1.69936580326283e-05,0.000630817434763959,0.249597744483145,0,0.00511923089183158,1.57864979957482e-05,0,0,0,0.00835833214011085,0.000128361532071442,0.00227237121841327,0,8.68203170020691e-05,0,0.0126979101935089,1.12437957955759e-05,0,9.58443351479742e-05,1.40902964986364e-05,0.00724467603035136,0,0.0234784134706649,0,9.70546782092536e-05,0,0.00142799087473697,0,0.00561496883010065,0.00038370988921516,0.00205439928179724,0,1.55323474571999e-05,2.32531399768861e-05,0.00175444128244982,0.000119099208015675,0.00324397017510297,0.00320318839421981,2.30429680712476e-06,0.0321812157304993,0,0.000160741748358346
0,0.0156907006457018,0,0.00331692912619081,0,0.00125184415813408,0,0,0,0.00257748563218012,0,0,0,0,0,0,0,1.64580788265155e-05,0.000519241852959068,2.30630475031937e-05,0,0.0079427028698353,0,0,0,0,0,0,0,0,0,0.000506858431221857,0.000299872699836813,0.00059368523215236,0.000214882622018057,1.29183033195657e-05,0,0.00476745013205721,0,0.01750363530487,0,0.0313860567634903,0.000269654476252707,0,0,0.00148475741089079,0,0.0614218585240979,0.00511923089183158,0,0,0.000487222853710123,0,0,0,0.00217080286142289,0,0.00445229259008908,0,0.00616852006156982,0,0.0129287131957078,0.000100130272089924,8.07996010417956e-06,0.0112477976907771,0,0,0,0.00306285600350999,0,0.0137351910689433,0,0.000951126195915457,0,0,0.00017710355539451,0,0,0.00398055289462518,1.12835973473075e-06,0.00217659656588465,9.1341069229109e-06,0.00266566711074471,7.77856552017807e-06,0.0391389638476679,0.000847780714147749,0
0,0,0.00465722721193569,0,0.00925935172121716,0,0,0,0,0,0,0,0,0,0,0,0,0,0,0,0,0,0,0,0,0,0,0,0,0,0,0,0,0,0,0,0,0,0,0,0.000172079163127625,0,4.29380901281191e-05,0,0,0,0,0,1.57864979957482e-05,0,0,0,0,0,0.00277710610408892,0,0.00240590734129747,0,0.00179242771379066,0,0,0,0,2.34476380039895e-05,0,0,0,0,0,0,0,0,0,0,0,0,0,0,0,1.56047995140233e-06,0,9.16604474925943e-06,0,0,0.0015989377564397,0,0
0,0,0,0.0184029399262314,0,0.0221633594406182,0,0.0288897674413136,0,0,0,0.000962678106535638,0,0,0,0.00380622331389757,0,0,4.03126661523406e-05,0.00424611371286662,0,0,0,0,0,0,0,0,0,0,0,0,0,0,0,0.000315277013375776,0,0,0,0.000260019476357891,0,0.000793187311370878,6.34856155563965e-06,0,0,0.00020172826843854,0,0.000117064701207608,0,0.000487222853710123,0,0,0,0.000325520488448083,0,0,0,0.00103717467469593,0,9.31103427871407e-05,0,0.00181762000472905,0.00320039791220693,0,0,0,0,0,0,0,0,0,0.000161683035077142,0,0,0,0,0,0.000216023093225017,0,3.74647765856903e-06,0,0.000720691383242782,1.06321176645521e-05,0.00308823575261451,0,0
0,0,0,0,0,0,0,0,0,0,0,0,0,0,0,0,0,0,0,0,0,0,0,0,0,0,0,0,0,0,0,0,0,0,0,0,0,0,0,0,0,0,0,0,0,0,0,0,0,0,0,0,0,0,0,0,0,0,0,0,0,0,0,0,0,0,0,0,0,0,0,0,0,0,0,0,0,0,0,0,0,0,0,0,0,0,0
0,0,0,0,0,0.0021371717858503,0,0.0833896817890674,0,0,0,0.00591536120642013,0,0.000934391938132591,0,0,0,0,0,0,0,0,0,0,0,0,0,0,0,0,0,0,0,0,0,0,0,0,0,0,0,0,0,0,0,0,0,0,0,0,0,0.000325520488448083,0,0,0,0,0,0.00889655070531188,0,0.00117485766244322,0,0,0,0,0,0,0,0,0,0,0,0,0,0,0,0,0,0,0,0,0,0,6.39151088159687e-05,0,0,0,0
0.177524674816032,0,0.0473593033201233,0,0.00029347711634365,0,0,0,0.0921047186225039,0,0,0,0,0,0.000825743921950561,0,0.000985547015941334,8.22270169341605e-06,0,0,0,0,7.51311225505812e-06,0,0.00466105220565501,0,0,0,0,0,0,0,0,0,0,0,0,0,0.000871973422753209,0,0,0,0.000119629127351657,0,0,0,0,0,0.00835833214011085,0,0.00277710610408892,0,0,0,0,0,0.000712573174400399,0,0.000212203811629447,0,0.0132062284007349,0,0,0,0,0,0,0.0370681039836307,0,0.00132714609832612,0,0,0,2.45508065470842e-05,0,0,0,0,0,2.1361757006611e-06,0,0.000906087313393214,0.000372196640223916,1.41186560762821e-06,0.002540972333214,0,0
0,0.0427726387158862,0,0.0440968366402872,0,0,0,0,0,0.0691873111614622,0,0,0,0,0,0.00587205487718679,0,0,0,0,0,0,0,0.0313780525892058,0,0,0,0,0,0,0,0,0,0,0,0,0,0.000981728111149066,1.15937377791613e-05,0.000117571962657268,0,0.000741289882009954,0,0,0,0.00023113474442515,0,2.8257909931047e-05,0.000128361532071442,0.00217080286142289,0,0,0,0,0,0,0,0,0,0,0,0.0200902794996871,1.81794017325657e-05,0,0,0,0.0579716351283447,0,0,0,0,0,0.000148182431587176,0,0,0,0,0,1.14623804590471e-05,0,0.000596746779249927,0,0.000455504413886306,7.27551732118054e-05,0.00482410087506981,0,0
0.000191285021289718,0,0.0042120452915027,0,0.000126918926285027,0,0,0,4.88362909257453e-05,0,0.0553278758814462,0,0,0,0,0,0.00011523303433844,5.99085420067511e-06,0.000423067552216345,0,0.0192250318057965,0,0,0,0,0,0,0,0,0,0.000299503098334969,0,0,0,0,0,0.000174135516111381,0,0.001587906138621,0.000145672130477392,0.000914504986153191,3.81941973627694e-05,0.0118501865033055,0,0,0,0.00280719791766481,9.01346583614439e-06,0.00227237121841327,0,0.00240590734129747,0,0,0,0.000712573174400399,0,0,0,0.00468352134404252,0,0.00204768492972186,0,0,0.0260642622425531,0,0,0,0,0,0,0,0.00193284752651919,0,0.0505206319621785,0,0,0,0,1.07602742026751e-06,0.000579353166054154,0,0.000101019412528236,0.000973428730649924,0,0.0370494820142009,0,0.00107254148886169
0,0,0,0.00384816959425511,0,0.00028869555817549,0,0.004003676506472,0,8.91432241410285e-05,0,0.268307743801858,0,0.00084755623358862,0,0,2.40464571923185e-05,3.69174057370428e-06,0.000474415809718359,0.0404185429417774,0,0,0,0,0,0,0,0,0,0.00212937598388717,0,0,0,0,0,0.00287808229500662,0,0.00593751216673886,0,0.000309048380941764,0,0.00291631640368989,0,0,0,0.000622603356897799,0,0,0,0.00445229259008908,0,0.00103717467469593,0,0.00889655070531188,0,0,0,0,0,0.00681067028843879,0,0.000652942870707159,0.0261272661865982,0,0,0,0,0,7.55748398554726e-05,0,0.00865822817220734,0,0.0343476652957738,0,0,0,0,0,0.000596333183975095,0,0.000362818034884276,0,0.00171894498529815,9.82527179929493e-06,0.0235477276132697,0.000403412409468682,0
0,0,0.00103174475380111,0,0,0,0,0,0,0,0.00571285563491877,0,0,0,0,0,0,0,0,0,0,0,0,0,0,0,0,0,0.000169967812684156,0,0,0,0,0,0,0,0,0,0,0,0,0,4.39155444713541e-06,0,0,0,0,0,8.68203170020691e-05,0,0.00179242771379066,0,0,0,0.000212203811629447,0,0.00468352134404252,0,0,0,0.000460233271000719,0,0,0,0,0,0,0,0,0,0,0.00104100550846381,0,0.000144888918414323,0,0,0,0,0,0,0,0,0,0,0.000601610868080103,0,0
0,1.29216276700986e-05,0,0.00600800176031285,0,0,0,0.00121840127883659,0,6.2457746265569e-05,0,0.0444333489861966,0,0.0547828392138405,0,0.000277046592700115,0,0,3.65093660934112e-06,1.91241197826653e-05,0,0,0,0,0,4.67312072255821e-05,0,0.00535099873739335,0,6.29227250059329e-05,0,0,0,0,0,3.58330290296141e-05,0,0,0,4.74909210300544e-05,0,0.000883952478423808,3.01044070337224e-05,0,0,3.46916174322977e-05,0,8.54865535704569e-06,0,0.00616852006156982,0,9.31103427871407e-05,0,0.00117485766244322,0,0,0,0.00681067028843879,0,0,0,0.00899733537439985,0.000139830909036373,0,0,0,0,0,0.00170252354096698,0,0.00310118199682869,0,0,0,0,0,0,0,0.000108305596816165,0,0,0,0.00026331663936107,0.000447147509958712,0.00277943571200573,0,0
0.0113853434210299,0,0.00527483484424563,0,0,0,0,0,0.00241530463332816,0,0,0,0,0,0.0012881604412909,0,0,0,0,0,0,0,0,0,0,0,0,0,0,0,0,0,0,0,0,0,0,5.95678089651937e-06,0,0,0,0,4.11148136507353e-05,0,0,0,0,0,0.0126979101935089,0,0,0,0,0,0.0132062284007349,0,0.00204768492972186,0,0.000460233271000719,0,0,0,0,0,0,0,0,0,0,0.00222675939042026,0,0.00192428653357376,0,0.000897036266342594,0,0,0,0,0,0,0,0,0,0,0.00171560914245343,0,0
0,0.0264967463609182,0,0.0216999642115566,0,0.0115892837866542,0,0,0,0.0135134655852322,0,0,0,0.0285417372175167,0,0.0704923157664027,4.68126296359841e-06,1.77873538609666e-06,0.000117973574461705,0,0,0,0,0.0129034005707776,0,9.57871558205006e-05,0,0,0,0,0,0,0,0,0,4.21520058877312e-06,0,5.73911629523738e-06,0,0.000224735152175881,0,0.00144489873455308,6.04019589268744e-05,0,0,0.000371176487492824,0,0.000114181785319551,1.12437957955759e-05,0.0129287131957078,0,0.00181762000472905,0,0,0,0.0200902794996871,0,0.000652942870707159,0,0.00899733537439985,0,0,0,0,0,0,0,0,0.00704434138934184,0,0.000549895242340555,0,4.27356286922232e-05,0,0,0,0,0,2.49724220363512e-05,0,2.28993881906823e-05,0,0.000158241149622261,0.000367781274016711,0.00183071123551599,3.00081305595083e-05,0
0,0,0,0.00102282950897212,0,0.00277530239353811,0,0,0,0,0,0.0126515894782372,0,0,0,0,0,0,1.50608558607153e-05,0.211227142025644,0,0,0,0,0,0,0,0,0,0,0,0,0,0,0,0.0164121262761581,0,0.00664654376874832,0,0.00929092238467011,0,7.65484357422162e-05,0,0,0,0.0789317124075936,0,0,0,0.000100130272089924,0,0.00320039791220693,0,0,0,1.81794017325657e-05,0,0.0261272661865982,0,0.000139830909036373,0,0,0,0,0,0,0,0,0,0,3.32851212426442e-06,0,0.00823938109131808,0,0,0,0,0,0.00280444436923324,0,0.00684779617111395,0,0.00063189336286574,0,0.0202300192049388,0,0
1.81506914420037e-05,0,0.000180032672527169,0,0,0,0,0,0,0,0.000551007682376789,0,0,0,0,0,0.000191494747908221,4.64269395453221e-05,0.0027524279393107,0,0.0583061760725495,0,0,0,1.11609065521091e-05,0,0,0,0,0,0,0,0,0,0,1.03502928729292e-06,0.00524156445653508,0,0.00158387841803595,0.000115811866298564,0.00394314157873353,6.57740000815609e-05,0.0109368673617755,0,0,1.89824971312204e-05,0.00987732851181038,8.40219469659572e-06,9.58443351479742e-05,8.07996010417956e-06,2.34476380039895e-05,0,0,0,0,0,0.0260642622425531,0,0,0,0,0,0,0,0,0,0,0,0,0,0,0,0,0.0100707910629271,0,0,0,0,3.51328671827808e-06,0.0108065890189265,1.62613040331598e-05,0.0129672630996114,0.00103017242749719,3.81509783733593e-06,0.0230999703999009,0.000255237989103345,0.000328018099261948
0,0,0,0,0,0,0,0,0,0,0,0,0,0,0,0,0,0.00353125516337029,0,0,0,0.124504742752394,0.00167341200201214,0.00607866824149279,0,0.00261518492946559,0,0.00256793532754033,0,0,0,0,0,0,0,0,0,0.00891842006042584,0,0,0,0,0,0,0,0,0,1.10928405491873e-05,1.40902964986364e-05,0.0112477976907771,0,0,0,0,0,0,0,0,0,0,0,0,0,0,0,0.000177684703867845,0.00388761377845914,0,0.0101080119417806,0,0.00165032927070891,0,0,0,0,0,0,0,0,0,0.00385479803671037,0,0.00331628741763961,0.00284404641144163,0,0,0
0,0,0,0,0,0,0,0,0,0,0,0,0,0,0,0,5.59441880605642e-05,0,0,0,0,0.00126665484906897,0.106297257434877,0,0.00451879538768042,0,0.000728887286938904,0,0.000852770233227837,0,0,0,0,0,0,0,0,1.72360611318536e-05,0.00565995894460109,0,0,0,0,0,0,0,0,4.22156829396486e-05,0.00724467603035136,0,0,0,0,0,0,0,0,0,0,0,0,0,0,0,0.000177684703867845,0,0,0.0055255625432325,0,0.00603505793804053,0,0,0,0,0,0,0,0,0,0,0,0.00321588419829013,0.00249076664761322,0.000748925885477338,4.67185897881812e-06,0,0
