0,0,83.1191386282444,0,1.22814291715622,0,0,0,811.82708004117,0,0,0,0,0,0,0,0,0,2.7797634601593,0,0,0,0,0,0.837411224842072,0,0,0,0,0,0,0,0,0,0,0,0,0,0.236441254615784,0,0,0,10.0307680368423,0,0,0,0,0.427871465682983,291.223565459251,0,1.69596546888351,0,0,0,102.849157214165,0,4.15214133262634,0,0,0,48.9031919836998,0,0,0,0,0,0,2.859509319067,0,0,0,0,0,0,0,0,0,0,0,0,0.257340341806412,0,216.643466413021,0,92.5675192624331,0,0
0,0,0,38.3449659943581,0,0,0,0,0,127.754334926605,0,0,0,0,0,30.0520167946815,0,0,0,0,0,0,0,0,0,0,0,0,0,0,0,0,0,0,0,0,0,0,0,0,0,45.2137415111065,0,0,0,0.377492278814316,0,0,0,550.319153264165,0,0,0,0,0,96.4948793649673,0,0.607316672801971,0,0,0,15.5394842624664,0,0,0,0,0,0,0,0,0,0,0,0,0,0,0,0,0.466553449630737,0,0,0,216.325261563063,0,464.499744072556,3.13046860694885,0
83.1191386282444,0,0,0,118.290525019169,0,0,0,223.366666316986,0,0,0,0,0,0,0,0,0,0,0,3.11262542009354,0,0,0,0,0,0,0,0,0,0,0,0,0,0,0,12.6098146438599,0,0.404299080371857,0.449505507946014,7.55318751186132,0,16.3363149911165,0,0,2.56513342261314,18.1145023107529,13.8060045540333,35.1802302971482,0,39.8907293379307,0,0,0,181.747164160013,0,16.2892574518919,0,16.3796797990799,0,1.29710555076599,0,0,18.5077117532492,0,0,0,0,0,0,0,2.83751972019672,0,41.9888756275177,0,0,0,0,0,76.3553052991629,0,20.6675044298172,100.197592280805,0,673.505010455847,0,1.215063393116
0,38.3449659943581,0,0,0,26.4647822380066,0,0,0,31.2415241003036,0,0,0,0,0,0,0,0,0,0,0,0,0,0,0,0,0,0,0,0,0,0,0,0,0,0.643301784992218,0,1.53755989670753,0,0.962874978780746,0,14.8945043981075,0,0,0,10.6595904678106,0,4.60055068135262,0,141.325256898999,0,4.64981704950333,0,0,0,19.0031053721905,0,38.6114029288292,0,35.8493998348713,0,26.590806812048,53.6146827340126,0,0,0,0,0,0,0,0,0,11.2066605687141,0,0,0,0,0,0.56150010228157,0,25.2213753461838,0,8.47997987270355,0,1096.55446495116,0,0
1.22814291715622,0,118.290525019169,0,0,0,130.146923005581,0,115.345665156841,0,0,0,0,0,1.26427030563354,0,0,0,0,0,21.4520294964314,0,0,0,0,0,0,0,0,0,0,0,0,0,0,0,23.5242232680321,0,0.7873854637146,0,0.677096351981163,0,0.795734032988548,0,0,0.835333466529846,8.37212869524956,1.61892849206924,2.35988703370094,0,453.053580284119,0,3.73763930797577,0,10.0548864305019,0,2.18424212932587,0,0,0,0,0,0,176.101568460464,0,0,0,0,0,0,0,0,0,8.16544112563133,0,0,0,0,0,18.1965852081776,0,7.82610948383808,740.174135491252,0,318.900774940848,0,0.655329167842865
0,0,0,26.4647822380066,0,0,0,0,0,0,0,0,0,0,0,0,0,0,0,4.51294457912445,0,0,0,0,0,0,0,0,0,0,0,0,0,0,0,0,0,0,0,0,0,0,0,0,0,0,0,0,0,0,0,17.4271445274353,0,25.4138028621674,0,0,0,1.45486688613892,0,0,0,0,1.05260264873505,0,0,0,0,0,0,0,0,0,0,0,0,0,0,0,0,0,0,0,0,0,13.5440071225166,0,0
0,0,0,0,130.146923005581,0,0,0,0,0,0,0,10.6449155807495,0,0,0,0,0,0,0,1.96691644191742,0,0,0,0,0,0,0,0,0,0,0,0,0,0,0,0,0,0,0,0,0,0,0,0,0,0,0,0,0,27.5385653376579,0,28.7215275764465,0,0,0,2.19139188528061,0,106.08704918623,0,0,0,0,10.1046304106712,0,0,0,0,0,0,0,0,0,0,0,0,0,0,0,0,0,0,65.1344113945961,0,0.964899361133575,0,0
0,0,0,0,0,0,0,0,0,0,0,21.1764413118362,0,0,0,0,0,0,0,0,0,0,0,0,0,0,0,0,0,0,0,0,0,0,0,0,0,0,0,0,0,0,0,0,0,0,0,0,0,0,0,2.98509526252747,0,68.6271612644196,0,0,0,11.1140269637108,0,0,0,0,0,0,0,0,0,0,0,0,0,0,0,0,0,0,0,0,0,0,0,0,7.21446561813354,0,0,0,0
811.82708004117,0,223.366666316986,0,115.345665156841,0,0,0,0,5.34713578224182,0,0,0,0,27.5887879133224,2.02313566207886,297.026704594493,49.1909873783588,121.349433198571,0,0,2.48788747191429,19.3061406612396,2.62221121788025,12.1748946905136,0.598921120166779,4.95015412569046,0,0,0,0,0,0,0,0,0,0.866157591342926,0,42.7772544920444,0,1.95461964607239,0,21.0456753522158,0,0,0,8.51637229323387,0.889190077781677,18.7794407457113,0,60.7655566632748,0,0,0,971.241449296474,0,0,0,0,0,17.2593985497952,0.40725389122963,0,0,0,11.9005159139633,0,4.39113190770149,2.72825479507446,7.55358052253723,0,0,0,11.6041968911886,0,0,0,0,0.734111070632935,1.1564576625824,0,13.8919405937195,1638.68089400232,5.61597186326981,453.791368961334,0,0.29716283082962
0,127.754334926605,0,31.2415241003036,0,0,0,0,5.34713578224182,0,0,0,0,0,0,64.1627559363842,48.0587841272354,967.612167805433,30.7760424911976,0,0,53.6142877191305,2.43928575515747,158.981896027923,1.79088252782822,52.0564301013947,0.482527256011963,0,0,0,0,0,0,0,0,1.38251459598541,0,9.84729498624802,0,0,0,19.5035840570927,0,0,0,2.11391979455948,0,0,0,36.1595913171768,0,0,0,0,0,820.668557345867,0,0,0,0,0,9.20928749442101,5.53312838077545,0,26.0140766948462,0,108.112370342016,0,99.6102179586887,0,0,0,0,0,0,0,0,0,1.31103138625622,1.70212662220001,0,0,454.63861978054,4.66886681318283,111.106775790453,0,0
0,0,0,0,0,0,0,0,0,0,0,0,0,0,0,0,0,0,0,0,600.496849179268,0,0,0,0,0,0,0,0,0,26.9424884617329,0,0,0,0,0,35.1830099821091,0,1021.09142108262,0,0,0,1.24752962589264,0,0,0,7.99929468333721,0,0,0,0,0,0,0,0,0,1061.07480464876,0,0,0,0,0,0,292.158370643854,0,0,0,0,0,0,0,0,0,50.5377951562405,0,0,0,0,0,17.7163647413254,0,106.784718006849,820.686778455973,0,7.94650781154633,0,0
0,0,0,0,0,0,0,21.1764413118362,0,0,0,0,0,39.6381543874741,0,0,0,0,0,448.383647322655,0,1.96935752034187,0,0,0,0,0,94.7073654830456,0,87.9554755985737,0,0,0,0,0,8.02584671974182,0,266.946269094944,0,0,0,0.858437299728394,0,0,0,1.83167690038681,0,0,0,0,0,0,0,1.92955279350281,0,0,0,921.864867866039,0,29.3428193330765,0,0,124.283959120512,0,4.85821011662483,0,0,0,0,0,218.394213616848,0,73.8909810185432,0,0,0,0,0,0.131442606449127,0,211.397045582533,0,154.166961207986,0,0.538615718483925,0,0
0,0,0,0,0,0,10.6449155807495,0,0,0,0,0,0,0,70.0540390014648,0,0,0,0,0,0,0,0,0,0,0,0,0,0,0,0,0,0,0,0,0,0,0,0,0,0,0,0,0,0,0,0,0,0,0,0,0,0,0,0,0,0,0,147.634959995747,0,7.31280016899109,0,0,0,0,0,0,0,0,0,0,0,0,0,0,0,0,0,0,0,0,0,81.0212621688843,5.81216430664062,0,0,0
0,0,0,0,0,0,0,0,0,0,0,39.6381543874741,0,0,0,0,0,8.78569400310516,0,0,0,0.264875113964081,0,0,0,2.7180757522583,0,9.30616092681885,0,0,0,0,0,0,0,0,0,0,0,0,0,0,0,0,0,0,0,0,0,0,0,0,0,0,0,0,0,115.106372773647,0,125.62708568573,0,0,0,0,0.690482914447784,0,0,0,0,0,19.2294001877308,0,0,0,0,0,0,0,0,0,0,0,28.6133674383163,0,0,0,0
0,0,0,0,1.26427030563354,0,0,0,27.5887879133224,0,0,0,70.0540390014648,0,0,0,6.23335215449333,0,0,0,0,0,0,0,0,0,0,0,0,0,0,0,0,0,0,0,0,0,0,0,0,0,0,0,0,0,0,0,0,0,0.639521420001984,0,0,0,4.38677552342415,0,0,0,13.9425754547119,0,193.448033750057,0,0,0,0,0,0,0,0,0,0,0,0,0,0,0,0,0,0,0,0,0,17.0241310596466,9.16232204437256,0,0,0
0,30.0520167946815,0,0,0,0,0,0,2.02313566207886,64.1627559363842,0,0,0,0,0,0,20.5970064997673,434.105289250612,3.54482823610306,0,0,37.6077833771706,1.56813144683838,31.2155407369137,4.05428552627563,73.2195875644684,5.05103254318237,1.50088894367218,0,0,0,0,0,0,0,0,0,0,0,0,0.1934455037117,0,0,0,0,0,0,0,0,2.80976843833923,0,0,0,0,0,53.4629606306553,0,0,0,0,0,62.353990226984,0,0,21.7185680568218,0,25.8324860036373,0,190.098273128271,0,0,0,0,0,0,0,0,0,1.71118105947971,0,0,0,118.565991550684,2.27239102125168,0,0,0
0,0,0,0,0,0,0,0,297.026704594493,48.0587841272354,0,0,0,0,6.23335215449333,20.5970064997673,0,12053.7378295511,5159.68881781399,0,0,334.009970411658,2331.16987960041,136.258478179574,776.005546048284,153.056024670601,1630.3333093226,0,132.471611976624,0,0,0,0,0,0,7.50347875058651,27.2795493081212,3.1939832419157,3.15434335172176,8.44850538671017,66.6430994421244,23.993115901947,112.291578099132,0,3.65978676080704,46.2633988708258,69.7146236300468,0,8.25855001807213,1.97209167480469,0,0,0,0,40.8565491139889,30.2785218954086,0,0,0,0,0,2.68988651037216,3.18341515213251,0.510943844914436,118.482853204012,453.4829428792,96.1539630889893,19.420214176178,119.145138144493,619.027684614062,0,0,0,1.00859673321247,0,0,0,0,68.0086063817143,149.536697626114,24.2633417099714,70.8001677244902,12451.5410987437,477.447764188051,54.0525262728333,6.96186937391758,11.5143096894026
0,0,0,0,0,0,0,0,49.1909873783588,967.612167805433,0,0,0,8.78569400310516,0,434.105289250612,12053.7378295511,0,4668.62672942132,0.551542222499847,0,2330.85241189599,160.690297693014,853.320928096771,132.303010851145,3988.33327376842,65.2901184856892,536.277626544237,0,0,0,0,0,0,0,35.0645204633474,12.9633011072874,9.09282110631466,1.83653399348259,36.4309640228748,43.095144584775,153.955784447491,65.1061153560877,0,0.809188216924667,247.815350279212,41.3490097373724,0,2.2848593890667,7.24542793631554,0,0,0,0,9.96587002277374,372.536099404097,0,0,0,0,0,165.273686021566,13.2464067861438,4.34254561364651,1082.2191863358,20.1868616044521,646.915374398232,3.89221173524857,3046.87513333559,47.3671225905418,126.531417608261,1.04786312580109,3.86717614531517,3.07641278207302,0,0,0,0,548.52798742801,93.6741847097874,130.964323982596,42.9229393899441,13562.7531568035,1042.19433072209,151.913745202124,28.9074811190367,9.22130481898785
2.7797634601593,0,0,0,0,0,0,0,121.349433198571,30.7760424911976,0,0,0,0,0,3.54482823610306,5159.68881781399,4668.62672942132,0,0,0,70.7125710994005,101.108773648739,35.578340113163,91.950856000185,44.8288499712944,75.5883903503418,0,0,0,0,0,0,0,0,139.362972743809,263.126624181867,29.0348676592112,34.012064114213,79.9184872210026,547.745958074927,353.268965348601,787.598676607013,75.0598484277725,114.526331081986,1041.02121338248,872.069759175181,1.28998079895973,33.4549778997898,26.2501424849033,0,0,0,0,0.5190269947052,8.7079753279686,0,2.58199453353882,0,0,0,3.94606304168701,43.46747110039,10.3454523831606,64.9491183012724,44.2088680565357,44.7915354073048,4.76477298140526,40.0762757360935,70.7453586161137,0,0,8.14797019958496,22.3620786517859,0,0,0,0,1650.82258728892,1247.86098336428,234.903580546379,404.759387336671,4150.51076569408,20.4551863670349,1225.99111861736,45.8190574347973,65.5969112217426
0,0,0,0,0,4.51294457912445,0,0,0,0,0,448.383647322655,0,0,0,0,0,0.551542222499847,0,0,0,0,0,0,0,0,0,2.85574048757553,0,1.77168345451355,0,0,0,0,0,1634.07695388794,0,296.798693597317,0,0,0,3.02431696653366,0,0,0,6.35565654188395,0,0,0,0.206386938691139,0,2.06177926063538,0,2.08408045768738,0,0,0,504.595951288939,0,0,0,0,1917.52934707701,0,0.483410120010376,0,0,0,0,0,2.88138818740845,0,114.274638980627,0,0,0,0,0,933.933400481939,0,798.335684850812,0,340.002286508679,0,100.05877918005,0,0
0,0,3.11262542009354,0,21.4520294964314,0,1.96691644191742,0,0,0,600.496849179268,0,0,0,0,0,0,0,0,0,0,0,0,0,0,0,0,0,0,0,0.910258233547211,0,0,0,0,0,603.654372304678,0,101.623456776142,0,0,0,0,0,0,0,37.6545475721359,0,0,0,7.26628106832504,0,0,0,0,0,45.2193251252174,0,0,0,0,0,0,1911.92212188244,0,0,0,0,0,0,0,0,0,3.03094014525414,0,0,0,0,0,244.094613999128,0,134.442545801401,302.728570580482,0,27.9533326029778,0,0
0,0,0,0,0,0,0,0,2.48788747191429,53.6142877191305,0,1.96935752034187,0,0.264875113964081,0,37.6077833771706,334.009970411658,2330.85241189599,70.7125710994005,0,0,0,153.761356681585,172.466525137424,13.3647329807281,415.698396027088,8.65905770659447,89.8846947550774,0,1.37590619921684,0,0,0,0,0,0.316342115402222,0.6580451130867,758.578725725412,0,0,0.592728078365326,2.27711163461208,0.26821568608284,0,0,3.04961478710175,0,0,0,298.879561603069,0,0,0,0,0,23.5671820938587,0,3.02001130580902,0,0.259143084287643,0,15.0036038160324,0.23050944507122,0,5982.94841679931,19.0056931972504,73.7217962741852,0,329.642039716244,2.1469689309597,362.994660019875,0,5.77051478624344,0,0,0,0,0,3.82807008177042,2.35760048031807,918.830526024103,0.433461248874664,3738.28605721891,1278.35897725821,1.1242456138134,1.86020243167877,0
0,0,0,0,0,0,0,0,19.3061406612396,2.43928575515747,0,0,0,0,0,1.56813144683838,2331.16987960041,160.690297693014,101.108773648739,0,0,153.761356681585,0,6.54731741547585,74.2205794155598,0.552625179290771,260.916467636824,0,60.2142352461815,0,0,0,0,0,0,0,0,0,706.00015988946,0,0,0,3.80704648792744,0,0,1.41678047180176,0.19263768196106,6.68409794569016,577.876532256603,0,0,0,0,0,8.58381319046021,0,0,0,0,0,0,0,0,0,36.6665875911713,6669.81497354805,8.32068431377411,1.25861656665802,2.65968632698059,36.3640929162502,0,3.08074855804443,0,0,0,0,0,0,0.406675219535828,2.70728865265846,0.17880567908287,553.84360280633,3385.28302162886,267.998672604561,0.918796107172966,0,0.413586884737015
0,0,0,0,0,0,0,0,2.62221121788025,158.981896027923,0,0,0,0,0,31.2155407369137,136.258478179574,853.320928096771,35.578340113163,0,0,172.466525137424,6.54731741547585,0,2.07251757383347,135.053003698587,2.79349446296692,0,0,0,0,0,0,0,0,0,0,97.2706054449081,0,0,0,0,0.633229404687881,0,0,0.39462685585022,0,0,0,155.395365506411,0,0,0,0,0,111.908311635256,0,0,0,0,0,10.1580663025379,0,0,78.7354701459408,1.19457077980042,560.765875756741,0,122.804394632578,0,26.6710318922997,0,0,0,0,0,0,0,2.5228648930788,0,16.7721262872219,0,479.083553344011,10.0593606829643,2.73722839355469,0.4120052754879,0
0.837411224842072,0,0,0,0,0,0,0,12.1748946905136,1.79088252782822,0,0,0,0,0,4.05428552627563,776.005546048284,132.303010851145,91.950856000185,0,0,13.3647329807281,74.2205794155598,2.07251757383347,0,0,72.795566290617,0,0,0,0,0,0,0,0,0,0,0,140.490683525801,0,1.70942059159279,0.663555204868317,2.4654988348484,0,0,0.839689970016479,0.484055638313293,0,176.314393952489,0,0,0,0,0,10.7603964209557,1.64507520198822,0,0,0,0,0,0,0,0,5.09818923473358,86.7891597747803,14.9947369396687,130.203903585672,4.36396899819374,11.3369166254997,0,0,0,0,0,0,0,0,1.20048120617867,1.13588899374008,3.05676198005676,62.9212105870247,396.326126158237,7.28716892004013,51.515038639307,0,0
0,0,0,0,0,0,0,0,0.598921120166779,52.0564301013947,0,0,0,2.7180757522583,0,73.2195875644684,153.056024670601,3988.33327376842,44.8288499712944,0,0,415.698396027088,0.552625179290771,135.053003698587,0,0,0,300.227466225624,0,0,0,0,0,0,0,0,0,0,0,0,0,0,1.45467007160187,0,0,0.954873979091644,0,0,0,9.27527365088463,0,0,0,0,0,24.9415591359138,0,0,0,0,0,27.3685686886311,0,0,212.881523013115,1.7989102602005,252.982987195253,0,1027.75279033184,0.293212860822678,57.320510238409,0,0,0,0,0,0,0,3.88372121751308,1.18077576160431,0.357287973165512,0,1395.24199441075,21.6299991607666,0,0,0
0,0,0,0,0,0,0,0,4.95015412569046,0.482527256011963,0,0,0,0,0,5.05103254318237,1630.3333093226,65.2901184856892,75.5883903503418,0,0,8.65905770659447,260.916467636824,2.79349446296692,72.795566290617,0,0,0,3.92572629451752,0,0,0,0,0,0,0,0,0,0,0,0,3.65299439430237,0.228254869580269,0,0,0,2.74392819404602,0,0,0,0,0,0,0,0,0,0,0,0,0,0,0,0,0,3.71805024147034,55.2723577916622,0,1.20302057266235,2.03826189041138,168.964122265577,0,104.220738887787,0,0,0,0,0,0,0,1.33065986633301,0,0,486.522577464581,10.1845655441284,0,0,0
0,0,0,0,0,0,0,0,0,0,0,94.7073654830456,0,9.30616092681885,0,1.50088894367218,0,536.277626544237,0,2.85574048757553,0,89.8846947550774,0,0,0,300.227466225624,0,0,0,34.1106440722942,0,0,0,0,0,0,0,70.8651507198811,0,0,0,0,0,0,0,0.493963867425919,0,0,0,0,0,0,0,0,0,0,0,118.478551656008,0,0.638930201530457,0,0,9.19713765382767,0,39.6962351202965,0,0,0,218.969734370708,0,944.556985676289,0,49.5009343922138,0,0,0,0,0,0,0,135.463253080845,0,649.074924170971,93.2776193618774,0.752132833003998,0,0
0,0,0,0,0,0,0,0,0,0,0,0,0,0,0,0,132.471611976624,0,0,0,0,0,60.2142352461815,0,0,0,3.92572629451752,0,0,0,35.7781690359116,0,0,0,0,0,0,0,264.396841675043,0,0,0,0,0,0,0,0,0,0,0,0,0,0,0,0,0,20.044715732336,0,0,0,0,0,0,1.53694245219231,0,0,0,0,0,110.167618989944,0,335.734283745289,0,90.1435169875622,0,0,0,0,0,0,0,57.3587457239628,23.6780506074429,0,0.569065481424332,0,0
0,0,0,0,0,0,0,0,0,0,0,87.9554755985737,0,0,0,0,0,0,0,1.77168345451355,0,1.37590619921684,0,0,0,0,0,34.1106440722942,0,0,0,0,0,0,0,0,0,317.559296578169,0,0,0,1.23251831531525,0,0,0,0,0,0,0,0,0,0,0,0,0,0,0,59.2749727070332,0,0,0,0,5.72630450129509,0,1.34022375941277,0,0,0,0,0,26.8157632946968,0,309.611192554235,0,0,0,0,0,0,0,351.819507867098,0,69.5004035532475,0,0.644375324249268,0,0
0,0,0,0,0,0,0,0,0,0,26.9424884617329,0,0,0,0,0,0,0,0,0,0.910258233547211,0,0,0,0,0,0,0,35.7781690359116,0,0,0,0,0,0,0,0,0,205.755295082927,0,0,0,0,0,0,0,0.872862994670868,0,0,0,0,0,0,0,0,0,109.498575329781,0,0,0,0,0,0,2.72312167286873,0,0,0,0,0,0,0,24.3907617628574,0,348.932687744498,0,0,0,0,0,0,0,64.8630899786949,4.21066126227379,0,2.59693986177444,0,0
0,0,0,0,0,0,0,0,0,0,0,0,0,0,0,0,0,0,0,0,0,0,0,0,0,0,0,0,0,0,0,0,639.716143906116,34.7519886642694,0,359.960888624191,0,0,0,0,0,0,0,0,0,0,0,506.10376316309,36.0884292125702,0,0,0,0,0,0,0,0,0,0,0,0,0,0,0,0,0,0,0,0,0,0,0,0,0,1661.60415828228,148.638113319874,5.97609305381775,0,621.014610037208,10.0914237201214,0,0,334.068491220474,0,0,0,0
0,0,0,0,0,0,0,0,0,0,0,0,0,0,0,0,0,0,0,0,0,0,0,0,0,0,0,0,0,0,0,639.716143906116,0,0,6.63977663218975,71.7415674030781,386.210878163576,0,0,0,0,0,0,0,0,0,0,785.11414578557,23.8007510304451,0,0,0,0,0,0,0,0,0,0,0,0,0,0,0,0,0,0,0,0,0,0,0,0,0,68.9136583358049,1224.25704801083,0,78.3569115400314,80.665751516819,198.594669401646,0,0,239.216437265277,0,0,0,0
0,0,0,0,0,0,0,0,0,0,0,0,0,0,0,0,0,0,0,0,0,0,0,0,0,0,0,0,0,0,0,34.7519886642694,0,0,1062.83717393875,927.253539741039,20.2625523805618,622.649887666106,28.0714861452579,0,0,0.655927151441574,0,0,0,0,0,1579.3505884409,8.51712408661842,1.58213222026825,0,0,0,0,0,0,0,0,0,0,0,0,0,0,0,0,0,0,0,0,0,0,0,0,54.7586130946875,0,3992.97834412754,840.840414196253,814.014374732971,22.7354370057583,399.677399739623,80.6475360095501,954.768224433064,0,22.3544104248285,0,0
0,0,0,0,0,0,0,0,0,0,0,0,0,0,0,0,0,0,0,0,0,0,0,0,0,0,0,0,0,0,0,0,6.63977663218975,1062.83717393875,0,5.27857306599617,1156.19158020616,47.9628611505032,463.883079469204,0,0,0,0,0,0,0,0,1010.17565594614,6.70163154602051,1.47702860832214,0,0,0,0,0,0,0,0,0,0,0,0,0,0,0,0,0,0,0,0,0,0,0,0,0,38.0356459915638,483.039281070232,3823.08878904581,77.9515793919563,274.417883828282,221.523004293442,669.544303238392,1612.27809259295,0,0,0,0
0,0,0,0.643301784992218,0,0,0,0,0,1.38251459598541,0,8.02584671974182,0,0,0,0,7.50347875058651,35.0645204633474,139.362972743809,1634.07695388794,0,0.316342115402222,0,0,0,0,0,0,0,0,0,359.960888624191,71.7415674030781,927.253539741039,5.27857306599617,0,343.010650634766,3402.53107690811,0.926038265228271,3.80292718857527,0.725993871688843,91.1214859858155,1.16454188525677,5.53016000986099,0.471132904291153,403.497295975685,0.144421935081482,97.2682898044586,0,4.56408927589655,0,0,0,0,0,1.55952429771423,0,11.2430548667908,0,0,0,0,600.479112833738,0,0,0,0,0,0,0,0,0,0,0,75.6495371162891,2.21932929754257,118.787296488881,5.12259921431541,19773.6409360245,203.791537493467,508.445119962096,0.297713816165924,9863.19164673984,953.971263617277,221.686868414283,22.8440117537975,0
0,0,12.6098146438599,0,23.5242232680321,0,0,0,0.866157591342926,0,35.1830099821091,0,0,0,0,0,27.2795493081212,12.9633011072874,263.126624181867,0,603.654372304678,0.6580451130867,0,0,0,0,0,0,0,0,0,0,386.210878163576,20.2625523805618,1156.19158020616,343.010650634766,0,6.41585409641266,2500.18655125797,0.2219328135252,30.5788849517703,0.126584321260452,158.810704804957,0,84.31492587924,0.952712029218674,503.584118947387,814.677155137062,5.4678548797965,0,2.44820946455002,0,0,0,0.688006103038788,0,1.23814779520035,0,0,0,0,0,0,896.634799711406,0,0,0,0,0,0,0,0,0,3.34472817182541,0.465478748083115,8.03446048498154,8.21397680044174,465.015887975693,81.9542320519686,22074.04534778,6.43578544259071,351.048226565123,10556.5149888918,533.222537904978,265.122440800071,1.11535814404488,10.1644124239683
0,0,0,1.53755989670753,0,0,0,0,0,9.84729498624802,0,266.946269094944,0,0,0,0,3.1939832419157,9.09282110631466,29.0348676592112,296.798693597317,0,758.578725725412,0,97.2706054449081,0,0,0,70.8651507198811,0,317.559296578169,0,0,0,622.649887666106,47.9628611505032,3402.53107690811,6.41585409641266,0,2.30034193396568,0.195919215679169,0,40.8544407263398,0,0.664115130901337,0,140.090494945645,0,99.0710249096155,0,376.904627084732,0,0,0,0,0,40.2011528611183,0,20.4052051603794,0,0,0,0,127.441333338618,0,339.089664071798,0,13.6824235320091,0,0,0,8.74936571717262,0,36.9141229093075,0,0.209471687674522,0,123.300612360239,19.9359299242496,1783.10791514814,3.69056108593941,11486.3292454034,3.29119616746902,5665.08954679966,1652.36627432704,282.072364106774,11.9886976331472,0
0.236441254615784,0,0.404299080371857,0,0.7873854637146,0,0,0,42.7772544920444,0,1021.09142108262,0,0,0,0,0,3.15434335172176,1.83653399348259,34.012064114213,0,101.623456776142,0,706.00015988946,0,140.490683525801,0,0,0,264.396841675043,0,205.755295082927,0,0,28.0714861452579,463.883079469204,0.926038265228271,2500.18655125797,2.30034193396568,0,0,9.20646660029888,0,48.0586075559258,0,13.2617127895355,0,82.3840449601412,174.303264945745,415.864941395819,0,0,0,0,0,36.1692950129509,0,54.8904256671667,0,0,0,0,0,0,90.0190293639898,0,85.6942031085491,0,108.175826519728,0,0,0,194.015672177076,0,90.1005514413118,0,1.71618448197842,20.8104010224342,175.812499806285,0.940146535634995,854.476679325104,4.98265933990479,10843.0192193091,4062.89228579402,48.5900202989578,251.897936813533,0,6.79091687500477
0,0,0.449505507946014,0.962874978780746,0,0,0,0,0,0,0,0,0,0,0,0,8.44850538671017,36.4309640228748,79.9184872210026,0,0,0,0,0,0,0,0,0,0,0,0,0,0,0,0,3.80292718857527,0.2219328135252,0.195919215679169,0,0,0.127089664340019,570.067944817245,1.72918111085892,0.14771842956543,0,349.180499367416,0.222136542201042,24.3777484595776,0,320.200417734683,0,0,0,0,0,0,0,3.45733934640884,0,0,0,0,64.7876353561878,0.215281650424004,0,0,0,0,0,0,0,0,1.48404362797737,0.819750726222992,0,0,0,0,370.848828598857,1.84857693314552,95.9181033670902,0.148615479469299,65.2234053611755,0.984558522701263,642.771956384182,10.1760310977697,0.284968703985214
0,0,7.55318751186132,0,0.677096351981163,0,0,0,1.95461964607239,0,0,0,0,0,0,0.1934455037117,66.6430994421244,43.095144584775,547.745958074927,0,0,0.592728078365326,0,0,1.70942059159279,0,0,0,0,0,0,0,0,0,0,0.725993871688843,30.5788849517703,0,9.20646660029888,0.127089664340019,0,13.7852654159069,1657.81223534793,0,26.0285092294216,4.21559917926788,1244.55686866492,11.6162658035755,818.226231172681,1.58183479309082,0.146502181887627,0,0,0,0.516409188508987,0,0.274738520383835,0,0,0,0,0,0,234.017004363239,0.379119575023651,0,0,0,0.926655530929565,0,0,0,0,15.0307921916246,0,0,0,0,5.77521528303623,1349.86218041927,0.762131407856941,259.673234336078,416.985913783312,1.0730202794075,1012.20030852407,0.277269095182419,43.7915080189705
0,45.2137415111065,0,14.8945043981075,0,0,0,0,0,19.5035840570927,0,0.858437299728394,0,0,0,0,23.993115901947,153.955784447491,353.268965348601,3.02431696653366,0,2.27711163461208,0,0,0.663555204868317,0,3.65299439430237,0,0,1.23251831531525,0,0,0,0.655927151441574,0,91.1214859858155,0.126584321260452,40.8544407263398,0,570.067944817245,13.7852654159069,0,321.568943917751,2.29665143787861,0.734173595905304,1191.58766181767,9.21012827754021,5.79796394705772,24.0832953602076,730.406678810716,0,0,0,0,0,18.1101459860802,0.159283399581909,295.343787878752,0,0.896239966154099,0,0,449.178398109972,0,0.384314998984337,0.908073008060455,0.510259866714478,0,0.249269738793373,0,0,0,794.700533494353,0.469695895910263,0,0,0,0,2094.02611330152,16.0369880199432,2000.50061196089,10.3357730507851,1229.31042264402,0.706668093800545,2766.46884450316,479.078061744571,2.37381806969643
10.0307680368423,0,16.3363149911165,0,0.795734032988548,0,0,0,21.0456753522158,0,1.24752962589264,0,0,0,0,0,112.291578099132,65.1061153560877,787.598676607013,0,0,0.26821568608284,3.80704648792744,0.633229404687881,2.4654988348484,1.45467007160187,0.228254869580269,0,0,0,0,0,0,0,0,1.16454188525677,158.810704804957,0,48.0586075559258,1.72918111085892,1657.81223534793,321.568943917751,0,0,24.634873509407,13.5696626007557,625.587124988437,23.4864534884691,437.304113328457,0,0,0,0,0,1.55186226963997,0,2.41392415761948,0,0,0,0,0,0.335624188184738,80.8625501394272,0,0.155958414077759,0,0,0,0,0,11.5951794087887,0.143410637974739,426.915595903993,0,0,0,0,12.6913579329848,1971.45308528841,3.44876512885094,1439.64454801381,1265.02778613567,0.436972796916962,3619.24865292013,0,783.543651334941
0,0,0,0,0,0,0,0,0,0,0,0,0,0,0,0,0,0,75.0598484277725,0,0,0,0,0,0,0,0,0,0,0,0,0,0,0,0,5.53016000986099,0,0.664115130901337,0,0.14771842956543,0,2.29665143787861,0,0,0,3.88820804655552,0,0,0,0,0,0,0,0,0,0,0,0,0,0,0,0,0.552099645137787,0,0,0,0,0,0,0,0,0,0,0,0,0,0,0,27.5713248252869,0,0.280756235122681,0,4.01342298090458,0,77.0151182711124,0,0
0,0,0,0,0,0,0,0,0,0,0,0,0,0,0,0,3.65978676080704,0.809188216924667,114.526331081986,0,0,0,0,0,0,0,0,0,0,0,0,0,0,0,0,0.471132904291153,84.31492587924,0,13.2617127895355,0,26.0285092294216,0.734173595905304,24.634873509407,0,0,0,33.6937256455421,0,0.569188877940178,0,0,0,0,0,0,0,0,0,0,0,0,0,0,0.352275520563126,0,0,0,0,4.16355657577515,0,0,1.52690160274506,0,20.7196266055107,0,0,0,0,0,293.430946543813,0,183.471849143505,25.3196294158697,0,119.37863856554,0,0
0,0.377492278814316,2.56513342261314,10.6595904678106,0.835333466529846,0,0,0,0,2.11391979455948,0,1.83167690038681,0,0,0,0,46.2633988708258,247.815350279212,1041.02121338248,6.35565654188395,0,3.04961478710175,1.41678047180176,0.39462685585022,0.839689970016479,0.954873979091644,0,0.493963867425919,0,0,0,0,0,0,0,403.497295975685,0.952712029218674,140.090494945645,0,349.180499367416,4.21559917926788,1191.58766181767,13.5696626007557,3.88820804655552,0,0,10.9146800041199,28.4373393952847,0,468.061813086271,0,0,0,0,0,0.433804988861084,0,23.9921103864908,0,0,0,0,475.020434945822,0,1.65951555967331,0,0,0,2.02485859394073,0,0.603587627410889,0,50.832321241498,1.85311898589134,0,0,0,0,2573.1286560148,11.4999938160181,695.546291567385,4.23076788336039,328.022880904377,0.337570160627365,1789.65988808125,35.5607195422053,2.54413589835167
0,0,18.1145023107529,0,8.37212869524956,0,0,0,8.51637229323387,0,7.99929468333721,0,0,0,0,0,69.7146236300468,41.3490097373724,872.069759175181,0,37.6545475721359,0,0.19263768196106,0,0.484055638313293,0,2.74392819404602,0,0,0,0.872862994670868,0,0,0,0,0.144421935081482,503.584118947387,0,82.3840449601412,0.222136542201042,1244.55686866492,9.21012827754021,625.587124988437,0,33.6937256455421,10.9146800041199,0,12.2015833556652,120.618849262595,0,0,0,0,0,0.433022260665894,0,11.7041330635548,1.07500195503235,0,0,0,0,1.12435540556908,3151.90616772324,0,0,0,0,0,0,0,7.42075821757317,0,182.824006125331,0,0,0,0,7.95475196838379,3742.93309827149,0.514562427997589,969.041863322258,445.340424537659,0.48878812789917,2067.82503890991,1.16250835359097,22.0555554181337
0.427871465682983,0,13.8060045540333,4.60055068135262,1.61892849206924,0,0,0,0.889190077781677,0,0,0,0,0,0,0,0,0,1.28998079895973,0,0,0,6.68409794569016,0,0,0,0,0,0,0,0,506.10376316309,785.11414578557,1579.3505884409,1010.17565594614,97.2682898044586,814.677155137062,99.0710249096155,174.303264945745,24.3777484595776,11.6162658035755,5.79796394705772,23.4864534884691,0,0,28.4373393952847,12.2015833556652,0,900.828163564205,1375.46282462776,1.34724354743958,0,0,0,1.86280477046967,0,0,0,0,0,0,0,2.39115411043167,0,3.54045230150223,0.920841455459595,0,0,0,0,0,0,0.465872287750244,0.493035495281219,1082.87875469029,1757.46699382365,912.90592610836,662.901264518499,5360.75091030449,2252.88249937445,1011.33762988448,1077.87910461426,1060.12895140052,0,640.836147934198,0,0
291.223565459251,0,35.1802302971482,0,2.35988703370094,0,0,0,18.7794407457113,0,0,0,0,0,0,0,8.25855001807213,2.2848593890667,33.4549778997898,0,0,0,577.876532256603,0,176.314393952489,0,0,0,0,0,0,36.0884292125702,23.8007510304451,8.51712408661842,6.70163154602051,0,5.4678548797965,0,415.864941395819,0,818.226231172681,24.0832953602076,437.304113328457,0,0.569188877940178,0,120.618849262595,900.828163564205,0,94.543944761157,2.13450641930103,0,0,0,40.4447411298752,0,411.830830663443,0,130.406042307615,0,152.567117929459,0,0,8.75363838672638,0,327.127327114344,0,137.341867804527,0,63.3560596108437,0,477.619930773973,0,6.73117034137249,30.8761438131332,20.1660442501307,12.8915066868067,0,30.1703180372715,354.448833115399,59.1398624479771,942.4547322914,559.98772521317,0.270061254501343,1259.91233406216,0,9.62958979606628
0,550.319153264165,0,141.325256898999,0,0,0,0,0,36.1595913171768,0,0,0,0,0,2.80976843833923,1.97209167480469,7.24542793631554,26.2501424849033,0.206386938691139,0,298.879561603069,0,155.395365506411,0,9.27527365088463,0,0,0,0,0,0,0,1.58213222026825,1.47702860832214,4.56408927589655,0,376.904627084732,0,320.200417734683,1.58183479309082,730.406678810716,0,0,0,468.061813086271,0,1375.46282462776,94.543944761157,0,0,0,0,0,0,34.0507939457893,0,79.6094078123569,0,1.43010604381561,0,58.0381989479065,84.4570039212704,0,106.171646147966,0,186.103061750531,0,61.7151089906693,0,258.673279374838,0,56.7657297551632,0,0,0,0,0.945277541875839,366.944293938577,2.61689105629921,662.955749407411,11.5777025520802,432.568184301257,0,2186.58651239425,10.5342734307051,0
1.69596546888351,0,39.8907293379307,0,453.053580284119,0,27.5385653376579,0,60.7655566632748,0,0,0,0,0,0.639521420001984,0,0,0,0,0,7.26628106832504,0,0,0,0,0,0,0,0,0,0,0,0,0,0,0,2.44820946455002,0,0,0,0.146502181887627,0,0,0,0,0,0,1.34724354743958,2.13450641930103,0,0,0,3.08913707733154,0,10.8859894275665,0,0.420013964176178,0,129.633277058601,0,9.69996404647827,0,0,267.213821291924,0,0,0,0,0,0,0,0,0,0,0,0,0,0,0,40.1236600577831,0,0,117.158492237329,0,136.699945434928,0,0
0,0,0,4.64981704950333,0,17.4271445274353,0,2.98509526252747,0,0,0,0,0,0,0,0,0,0,0,2.06177926063538,0,0,0,0,0,0,0,0,0,0,0,0,0,0,0,0,0,0,0,0,0,0,0,0,0,0,0,0,0,0,0,0,0,117.141521036625,0,0,0,4.81881988048553,0,0,0,0,0,0,0,0,0,0,0,0,0,0,0,0,0,0,0,0,0,0,0,0,0,0,6.53817129135132,0,0
0,0,0,0,3.73763930797577,0,28.7215275764465,0,0,0,0,0,0,0,0,0,0,0,0,0,0,0,0,0,0,0,0,0,0,0,0,0,0,0,0,0,0,0,0,0,0,0,0,0,0,0,0,0,0,0,3.08913707733154,0,0,0,0,0,0,0,44.1901786327362,0,0,0,0,0,0,0,0,0,0,0,0,0,0,0,0,0,0,0,0,0,0,0,0,0,0,0,0
0,0,0,0,0,25.4138028621674,0,68.6271612644196,0,0,0,1.92955279350281,0,0,0,0,0,0,0,2.08408045768738,0,0,0,0,0,0,0,0,0,0,0,0,0,0,0,0,0,0,0,0,0,0,0,0,0,0,0,0,0,0,0,117.141521036625,0,0,0,0,0,49.17496073246,0,0,0,0,0,0,0,0,0,0,0,0,0,0,0,0,0,0,0,0,0,0,0,0,34.4857285022736,0,0,0,0
102.849157214165,0,181.747164160013,0,10.0548864305019,0,0,0,971.241449296474,0,0,0,0,0,4.38677552342415,0,40.8565491139889,9.96587002277374,0.5190269947052,0,0,0,8.58381319046021,0,10.7603964209557,0,0,0,0,0,0,0,0,0,0,0,0.688006103038788,0,36.1692950129509,0,0.516409188508987,0,1.55186226963997,0,0,0,0.433022260665894,1.86280477046967,40.4447411298752,0,10.8859894275665,0,0,0,0,0,0,0,0,0,36.5847850441933,0,0,0,0,0,0,201.208921909332,0,14.8877450823784,0,1.36383140087128,0,2.08376596868038,0,0,0,0,0,1.79139302670956,0,8.01665253937244,141.033291548491,0,145.17232580483,0,0
0,96.4948793649673,0,19.0031053721905,0,0,0,0,0,820.668557345867,0,0,0,0,0,53.4629606306553,30.2785218954086,372.536099404097,8.7079753279686,0,0,23.5671820938587,0,111.908311635256,1.64507520198822,24.9415591359138,0,0,0,0,0,0,0,0,0,1.55952429771423,0,40.2011528611183,0,0,0,18.1101459860802,0,0,0,0.433804988861084,0,0,0,34.0507939457893,0,0,0,0,0,0,0,0,0,0,0,253.502638310194,2.601353764534,0,8.32557797431946,0,141.786042153835,0.362149626016617,67.3414856493473,0,0,0,0,0,0,0,0,0,0,0,3.45377254486084,0,163.451577842236,2.9702742099762,164.547494471073,0,0
4.15214133262634,0,16.2892574518919,0,2.18424212932587,0,2.19139188528061,0,0,0,1061.07480464876,0,0,0,0,0,0,0,0,0,45.2193251252174,0,0,0,0,0,0,0,20.044715732336,0,109.498575329781,0,0,0,0,0,1.23814779520035,0,54.8904256671667,0,0.274738520383835,0.159283399581909,2.41392415761948,0,0,0,11.7041330635548,0,411.830830663443,0,0.420013964176178,0,0,0,0,0,0,0,262.949597388506,0,53.5100120902061,0,0,262.103787079453,0,0,0,0,0,17.2639938294888,0,920.518981620669,0,256.366443738341,0,0,0,0,0,27.9565959572792,0,119.456232279539,37.5500065088272,0,675.422421783209,0,0
0,0.607316672801971,0,38.6114029288292,0,1.45486688613892,0,11.1140269637108,0,0,0,921.864867866039,0,115.106372773647,0,0,0,0,2.58199453353882,504.595951288939,0,3.02001130580902,0,0,0,0,0,118.478551656008,0,59.2749727070332,0,0,0,0,0,11.2430548667908,0,20.4052051603794,0,3.45733934640884,0,295.343787878752,0,0,0,23.9921103864908,1.07500195503235,0,0,79.6094078123569,0,4.81881988048553,0,49.17496073246,0,0,0,0,0,218.2727188766,0,0.84181672334671,1156.82176950574,0,7.90768322348595,0,0,0,0,0,455.697018653154,0,571.639888808131,0,0,0,0,0,26.1835524737835,0,340.468484044075,0,105.515034019947,0,644.457843154669,23.510459959507,0
0,0,16.3796797990799,0,0,0,106.08704918623,0,0,0,0,0,147.634959995747,0,13.9425754547119,0,0,0,0,0,0,0,0,0,0,0,0,0,0,0,0,0,0,0,0,0,0,0,0,0,0,0,0,0,0,0,0,0,130.406042307615,0,129.633277058601,0,44.1901786327362,0,0,0,262.949597388506,0,0,0,92.6254576444626,0,0,0.643041133880615,0,0,0,0,0,10.8634943664074,0,92.9597913622856,0,0,0,0,0,0,0,0.568780124187469,0,0,82.1404106616974,0,4.36014890670776,0,0
0,0,0,35.8493998348713,0,0,0,0,0,0,0,29.3428193330765,0,125.62708568573,0,0,0,0,0,0,0,0.259143084287643,0,0,0,0,0,0.638930201530457,0,0,0,0,0,0,0,0,0,0,0,0,0,0.896239966154099,0,0,0,0,0,0,0,1.43010604381561,0,0,0,0,0,0,0,218.2727188766,0,0,0,0,1.15802788734436,0,0.58740234375,0,0,0,0,0,36.1138993501663,0,0.410647928714752,0,0,0,0,0,0.329052239656448,0,4.30889686942101,0,74.0781118124723,0,20.5254631340504,0,0
48.9031919836998,0,1.29710555076599,0,0,0,0,0,17.2593985497952,0,0,0,7.31280016899109,0,193.448033750057,0,0,0,0,0,0,0,0,0,0,0,0,0,0,0,0,0,0,0,0,0,0,0,0,0,0,0,0,0,0,0,0,0,152.567117929459,0,9.69996404647827,0,0,0,36.5847850441933,0,53.5100120902061,0,92.6254576444626,0,0,0,0,0,0,0,0,0,0,30.7702249884605,0,0,0,0,0,0,0,0,0,0,0,0,29.7874876856804,0.90559583902359,0.747806191444397,0,0
0,15.5394842624664,0,26.590806812048,0,0,0,0,0.40725389122963,9.20928749442101,0,0,0,0,0,62.353990226984,2.68988651037216,165.273686021566,3.94606304168701,0,0,15.0036038160324,0,10.1580663025379,0,27.3685686886311,0,0,0,0,0,0,0,0,0,0,0,0,0,0,0,0,0,0,0,0,0,0,0,58.0381989479065,0,0,0,0,0,253.502638310194,0,0.84181672334671,0,0,0,0,4.04889163374901,0,16.2207590341568,0,18.5432340502739,0,65.826509386301,0,0,0,0,0,0,0,0,0,0.486570030450821,0.391397625207901,0,0,50.6279730796814,0,35.3478356301785,0,0
0,0,0,53.6146827340126,0,1.05260264873505,0,0,0,5.53312838077545,0,124.283959120512,0,0,0,0,3.18341515213251,13.2464067861438,43.46747110039,1917.52934707701,0,0.23050944507122,0,0,0,0,0,9.19713765382767,0,5.72630450129509,0,0,0,0,0,600.479112833738,0,127.441333338618,0,64.7876353561878,0,449.178398109972,0.335624188184738,0.552099645137787,0,475.020434945822,1.12435540556908,2.39115411043167,0,84.4570039212704,0,0,0,0,0,2.601353764534,0,1156.82176950574,0,1.15802788734436,0,4.04889163374901,0,0,0.223253160715103,0,0,0,0,0,5.15568056702614,0,375.068274334073,0,0,0,0,0,2113.80004929006,0.470753118395805,1435.64413556457,1.22382366657257,484.239231787622,0,749.008649945259,7.39066334068775,0
0,0,18.5077117532492,0,176.101568460464,0,10.1046304106712,0,0,0,292.158370643854,0,0,0,0,0,0.510943844914436,4.34254561364651,10.3454523831606,0,1911.92212188244,0,0,0,0,0,0,0,1.53694245219231,0,2.72312167286873,0,0,0,0,0,896.634799711406,0,90.0190293639898,0.215281650424004,234.017004363239,0,80.8625501394272,0,0.352275520563126,0,3151.90616772324,0,8.75363838672638,0,267.213821291924,0,0,0,0,0,262.103787079453,0,0.643041133880615,0,0,0,0,0,0,0,0,0,0,0,0,174.206358581781,0,234.452962636948,0,0,0,0,0.162923961877823,1994.47097037733,0,477.528102353215,1052.50637732446,0,1136.48944593221,0,1.74216276407242
0,0,0,0,0,0,0,0,0,26.0140766948462,0,4.85821011662483,0,0.690482914447784,0,21.7185680568218,118.482853204012,1082.2191863358,64.9491183012724,0.483410120010376,0,5982.94841679931,36.6665875911713,78.7354701459408,5.09818923473358,212.881523013115,3.71805024147034,39.6962351202965,0,1.34022375941277,0,0,0,0,0,0,0,339.089664071798,0,0,0.379119575023651,0.384314998984337,0,0,0,1.65951555967331,0,3.54045230150223,0,106.171646147966,0,0,0,0,0,8.32557797431946,0,7.90768322348595,0,0.58740234375,0,16.2207590341568,0.223253160715103,0,0,0,36.2266210913658,0,184.541859775782,1.00444915890694,438.394751340151,0,0.310343533754349,0,0,0,0.681105732917786,0,1.03805136680603,0.261965095996857,968.414351448417,0.726403474807739,1046.83880269527,208.820059657097,1.417026668787,0.609214127063751,0
0,0,0,0,0,0,0,0,11.9005159139633,0,0,0,0,0,0,0,453.4829428792,20.1868616044521,44.2088680565357,0,0,19.0056931972504,6669.81497354805,1.19457077980042,86.7891597747803,1.7989102602005,55.2723577916622,0,0,0,0,0,0,0,0,0,0,0,85.6942031085491,0,0,0.908073008060455,0.155958414077759,0,0,0,0,0.920841455459595,327.127327114344,0,0,0,0,0,0,0,0,0,0,0,0,0,0,0,0,0,0,0,1.29527342319489,17.1050159037113,0,123.894590139389,0,0,0,0,0,0,0.788637578487396,0,0,400.348113358021,776.149199947715,35.7884031534195,0.1962820738554,0,0
0,0,0,0,0,0,0,0,0,108.112370342016,0,0,0,0,0,25.8324860036373,96.1539630889893,646.915374398232,44.7915354073048,0,0,73.7217962741852,8.32068431377411,560.765875756741,14.9947369396687,252.982987195253,0,0,0,0,0,0,0,0,0,0,0,13.6824235320091,0,0,0,0.510259866714478,0,0,0,0,0,0,0,186.103061750531,0,0,0,0,0,141.786042153835,0,0,0,0,0,18.5432340502739,0,0,36.2266210913658,0,0,0,81.8401567786932,2.45681381225586,40.4133324474096,0,0,0,0,0,0,0,0,2.08895552158356,2.55288851261139,0,513.683933094144,2.60103753209114,107.466427966952,0,0.878426194190979
2.859509319067,0,0,0,0,0,0,0,4.39113190770149,0,0,0,0,0,0,0,19.420214176178,3.89221173524857,4.76477298140526,0,0,0,1.25861656665802,0,130.203903585672,0,1.20302057266235,0,0,0,0,0,0,0,0,0,0,0,108.175826519728,0,0,0,0,0,0,0,0,0,137.341867804527,0,0,0,0,0,201.208921909332,0.362149626016617,0,0,0,0,0,0,0,0,0,0,0,0,0,1.58393386006355,0,0,0,0,0,0,0,0,0,0,0,130.220485001802,19.939972281456,0,108.353440195322,0,0
0,0,0,0,0,0,0,0,2.72825479507446,99.6102179586887,0,0,0,0,0,190.098273128271,119.145138144493,3046.87513333559,40.0762757360935,0,0,329.642039716244,2.65968632698059,122.804394632578,4.36396899819374,1027.75279033184,2.03826189041138,218.969734370708,0,0,0,0,0,0,0,0,0,0,0,0,0.926655530929565,0.249269738793373,0,0,4.16355657577515,2.02485859394073,0,0,0,61.7151089906693,0,0,0,0,0,67.3414856493473,0,0,0,0,0,65.826509386301,0,0,184.541859775782,1.29527342319489,81.8401567786932,0,0,0,50.3535481393337,0,0,0,0,0,0,0,0.472860261797905,0,0.26670041680336,0,927.755339592695,21.2388643026352,0.985677540302277,0,0.43652606010437
0,0,0,0,0,0,0,0,7.55358052253723,0,0,0,0,0,0,0,619.027684614062,47.3671225905418,70.7453586161137,0,0,2.1469689309597,36.3640929162502,0,11.3369166254997,0.293212860822678,168.964122265577,0,110.167618989944,0,0,0,0,0,0,0,0,0,0,0,0,0,0,0,0,0,0,0,63.3560596108437,0,0,0,0,0,14.8877450823784,0,17.2639938294888,0,10.8634943664074,0,30.7702249884605,0,0,0,1.00444915890694,17.1050159037113,2.45681381225586,1.58393386006355,0,0,0,136.317787259817,0,0,0,0,0,0,0.481346249580383,0.248353272676468,0,0.224978134036064,216.938013762236,0.463278353214264,2.00375866889954,0,0
0,0,0,0,0,0,0,0,0,0,0,218.394213616848,0,19.2294001877308,0,0,0,126.531417608261,0,2.88138818740845,0,362.994660019875,0,26.6710318922997,0,57.320510238409,0,944.556985676289,0,26.8157632946968,0,0,0,0,0,0,0,8.74936571717262,0,0,0,0,0,0,0,0.603587627410889,0,0,0,258.673279374838,0,0,0,0,0,0,0,455.697018653154,0,36.1138993501663,0,0,5.15568056702614,0,438.394751340151,0,40.4133324474096,0,50.3535481393337,0,0,0,78.7863648533821,0,0,0,0,0,0,0,522.430277764797,0,184.613573014736,0,0.857770264148712,0,0
0,0,2.83751972019672,0,0,0,0,0,0,0,0,0,0,0,0,0,0,1.04786312580109,0,0,0,0,3.08074855804443,0,0,0,104.220738887787,0,335.734283745289,0,24.3907617628574,0,0,0,0,0,0,0,194.015672177076,0,0,0,11.5951794087887,0,1.52690160274506,0,7.42075821757317,0,477.619930773973,0,0,0,0,0,1.36383140087128,0,920.518981620669,0,92.9597913622856,0,0,0,0,174.206358581781,0,123.894590139389,0,0,0,136.317787259817,0,0,0,501.143146157265,0,0,0,0,0,0.216570973396301,0,497.750435724854,8.38493494689465,0,668.699842333794,0,3.2967494726181
