0,0,107.908125564456,0,3.74273520708084,0,0,0,464.502632141113,0,0,0,0,0,1.10338819026947,0,0,0,5.23110219836235,0,0,0,0,0,1.79589307308197,0,0,0,0,0,0,0,0,0,0,0,12.906176418066,0,47.0327837765217,0,0,0.611523419618607,554.535718679428,0,1.86467385292053,0,2.29512864351273,2.10395795106888,286.954807028174,0,1.60334956645966,0,0,0,262.186776220798,0,2.1635890007019,0,0,0,1.04286623001099,0,0,6.47467686235905,0,0,0,3.53046935796738,0,23.1858721971512,0,0,0,0,0,0,0,0,0,2.57953354716301,0,0,898.46983911097,0.203886866569519,654.99350002408,0,39.7795305252075
0,0,0,287.731734931469,0,0,0,0,0,186.992563635111,0,0,0,0,0,13.5253055393696,0,0,20.4262551367283,0,0,0,0,20.3138703107834,0,0,0,0,0,0,0,0,0,0,0,0,0,10.485366165638,3.95899477601051,36.4373210519552,0,60.571178227663,0,0,0,526.885296240449,0,0,0,349.025352999568,0,0,0,0,0,156.980635911226,0,46.5259310603142,0,0.308283567428589,0,71.2122683376074,79.3536337316036,0,0,0,32.6389240324497,0,20.3938806056976,0,15.6883420795202,0,0.226246312260628,0,0,0,0,0,34.2345852255821,0,12.6684281527996,0,124.603103131056,0,1068.98713293672,1.68696761131287,0
107.908125564456,0,0,0,42.0230665802956,0,0,0,259.345172703266,0,0,0,0,0,0,0,0,0,0,0,0.423570513725281,0,0,0,0,0,0,0,0,0,0,0,0,0,0,0,44.7942742854357,0,0.438154697418213,0,0,0,14.0090438127518,0,0,0,0.563293233513832,0,151.618017539382,0,25.9099633097649,0,0,0,405.630104660988,0,109.058855682611,0,7.72429981827736,0,26.2333565354347,0,0,70.9345000088215,0,0,0,0,0,0,0,0,0,0,0,0,0,0,0,78.5534525811672,0,0,319.235434398055,0.74621856212616,465.511736169457,0,0
0,287.731734931469,0,0,0,496.702987745404,0,0,0,132.0621997118,0,24.6501931548119,0,0.319650262594223,0,0,0,0,2.48185187578201,19.2613688409328,0,0,0,0,0,0,0,0,0,0,0,0,0,0,0,1.40764711797237,0,2.84847167879343,0,21.5770918130875,0,20.0183404237032,0,0,0,445.347216106951,0,0,0,95.5179326236248,0,112.865365236998,0,0,0,173.664057716727,0,287.477373629808,0,233.021248653531,0,527.573725581169,147.424522936344,0,0,0,0,0,0,0,0,0,1.6051612496376,0,0,0,0,0,29.4440688788891,0,3.3039958178997,0,475.69908362627,1.70042891800404,815.052081875503,10.8043877780437,0
3.74273520708084,0,42.0230665802956,0,0,0,0,0,590.52234813571,0,0,0,0,0,0,0,0,0,0,0,0,0,0,0,0,0,0,0,0,0,0,0,0,0,0,0,17.5588864088058,0,0,0,0,0,5.30276362597942,0,0,0,0,0,14.6041221618652,0,981.244668364525,0,21.9130811691284,0,1.58355885744095,0,0,0,0,0,0,0,0,16.49282091856,0,0,0,0,0,0,0,0,0,0,0,0,0,0,0,5.38609716296196,0,0,851.765316516161,13.9990773200989,32.5307293236256,0,0
0,0,0,496.702987745404,0,0,0,89.4426888227463,0,194.465567588806,0,12.0934482812881,0,0,0,47.2931977808475,0,0,0,40.6896009594202,0,0,0,0,0,0,0,0,0,0,0,0,0,0,0,22.4637546539307,0,1.05895155668259,0,0,0,0.756320118904114,0,0,0,5.65149272978306,0,0,0,0,0,720.146164864302,0,123.567704081535,0,0,0,4.18713766336441,0,1.64998877048492,0,71.5287358760834,10.6741204410791,0,0,0,0,0,0,0,0,0,0.21142190694809,0,0,0,0,0,65.417680233717,0,0.271058946847916,0,1177.91886141896,96.2527266442776,458.007898509502,0.313918709754944,0
0,0,0,0,0,0,0,0,0,0,0,0,0,0,0,0,0,0,0,0,0,0,0,0,0,0,0,0,0,0,0,0,0,0,0,0,0,0,0,0,0,0,0,0,0,0,0,0,0,0,5.84855937957764,0,268.858723282814,0,0,0,0,0,1.79002252221107,0,0,0,0,0,0,0,0,0,0,0,0,0,0,0,0,0,0,0,0,0,0,0,157.758349120617,0,0,0,0
0,0,0,0,0,89.4426888227463,0,0,0,0,0,92.2416807413101,0,3.03714239597321,0,0,0,0,0,0,0,0,0,0,0,0,0,0,0,0,0,0,0,0,0,0,0,0,0,0,0,0,0,0,0,0,0,0,0,0,0,9.75780379772186,0,572.962191402912,0,0,0,272.760634124279,0,0,0,0,0,0,0,0,0,0,0,0,0,0,0,0,0,0,0,0,0,0,0,0,54.2249165177345,23.5219517946243,0,0,0
464.502632141113,0,259.345172703266,0,590.52234813571,0,0,0,0,0,0,0,0,0,172.188882529736,0,46.4368591308594,0,2.36246705055237,0,0,0,0,0,34.726702183485,0,17.304975271225,0,0,0,0,0,0,0,0,0,7.29860627651215,0,47.9094462096691,0,0,0.365359544754028,8.89925163984299,0,0,0,0,2.95049875974655,42.5684074163437,0.259768038988113,0,0,0,0,464.68309289217,0,0,0,0,0,3.3005383014679,0,0,11.598888874054,0,0,0,177.419161647558,0,0,0,0,0,0,0,0,0,0,0,0,0,0,2603.15987351537,332.241764634848,78.4701053798199,0,0
0,186.992563635111,0,132.0621997118,0,194.465567588806,0,0,0,0,0,0,0,0,0,217.295900583267,0,0,89.2551739811897,0,0,0,0,46.9615316390991,0,0,0,0,0,0,0,0,0,0,0,0,0,14.8791681528091,0,0,0,0,0,0,0,0,0,0,0,17.8136472702026,0,0.816005438566208,0,0,0,423.312589049339,0,0.251081615686417,0,0,0,73.5611891746521,0,0,0,0,25.0906956195831,0,9.3175100684166,0,0,0,0,0,0,0,0,0,0,0,49.7814067453146,0,590.019706457853,80.7725296020508,43.6831157803535,0,0
0,0,0,0,0,0,0,0,0,0,0,0,1.26564192771912,0,0,0,0,0,0,0,174.722251296043,0,0,0,0,0,0,0,0,0,1,0,0,0,0,0,0,0,172.324137091637,0,0,0,0,0,0,0,0,0,0,0,0,0,0,0,0,0,1963.87427917123,0,0,0,0,0,0,78.3677668273449,0,0,0,0,0,0,0,2,0,56.9963475167751,0,0,0,0,0,0,0,0,212.221630305052,0,0.37537670135498,0,0
0,0,0,24.6501931548119,0,12.0934482812881,0,92.2416807413101,0,0,0,0,0,269.455678611994,0,0,0,0,1.81369152665138,862.32790453732,0,0,0,0,0,0,0,42.1604506969452,0,109.580671846867,0,0,0,0,0,90.289280295372,0,560.017211973667,0,4.68717489391565,0,79.5240005403757,0,0,0,13.505569010973,0,0,0,9.54302713274956,0,29.7295609712601,0,146.701121449471,0,0,0,4180.54501873255,0,103.949053257704,0,0,336.647092737257,0,0,0,0,0,0,0,0,0,209.064571499825,0,0,0,0,0,22.0805277824402,0,83.7172080278397,0,1409.44165572524,123.395186647773,222.216562911868,93.0455346107483,0.119415961205959
0,0,0,0,0,0,0,0,0,0,1.26564192771912,0,0,0,0,0,0,0,0,0,0,0,0,0,0,0,0,0,0,0,0,0,0,0,0,0,0,0,0,0,0,0,0,0,0,0,0,0,0,0,0,0,0,0,0,0,0,0,13.2779811024666,0,3,0,0,0,0,0,0,0,0,0,0,47.1079343557358,0,0,0,0,0,0,0,0,0,0,0,0,0,0,0
0,0,0,0.319650262594223,0,0,0,3.03714239597321,0,0,0,269.455678611994,0,0,0,84.6870853304863,0,0,0,0,0,0,0,0,0,0,0,4.26566863059998,0,0,0,0,0,0,0,0,0,0,0,0,0,0.526993751525879,0,0,0,0,0,0,0,0.90612268447876,0,0,0,0,0,0,0,55.7737663388252,0,880.47449451685,0,26.5227997899055,0,0,0,0,0,0,0,0,214.081133782864,0,0,0,0,0,0,0,0,0,0,0,101.391773104668,0,0,0,0
1.10338819026947,0,0,0,0,0,0,0,172.188882529736,0,0,0,0,0,0,0,0,0,0,0,0,0,0,0,57.5291663408279,0,12.6579684615135,0,0,0,0,0,0,0,0,0,0,0,0,0,0,0,0,0,0,0,0,0,0,0,0,0,0,0,199.45428019762,0,0,0,0,0,232.828222066164,0,0,0,0,0,0,0,0,24.941861987114,0,1.29923224449158,0,0,0,0,0,0,0,0,0,0,62.0793918967247,0,0,0,0
0,13.5253055393696,0,0,0,47.2931977808475,0,0,0,217.295900583267,0,0,0,84.6870853304863,0,0,7.73021286725998,896.983489304781,4.38795697689056,0,0,0,0,0,0,23.0668701529503,0,0,0,0,0,0,0,0,0,0,0,0,0,0,0,0,0.190828293561935,0,0,0,0,0,0,2.03591570258141,0,9.06995049118996,0,0,0,0,0,0,0,209.077889770269,0,329.138513445854,0,0,0,0,0,0,24.4278576374054,0,20.1743137836456,0,0,0,0,0,0,0,0,0,0,0,183.437042683363,195.166694164276,0,0,0
0,0,0,0,0,0,0,0,46.4368591308594,0,0,0,0,0,0,7.73021286725998,0,7617.74995210767,7450.69755740464,0,0,0,60.8492213487625,15.2604764699936,0,0.604179739952087,141.479908108711,0,1.4835866689682,0,0,0,0,0,0,0,0,0.186430245637894,0,4.39848878979683,39.9849032759666,4.80892570316792,101.612873926759,0,1.19781219959259,10.454221829772,13.7678451240063,0,75.0607990697026,0,0,0,0,0,0,0,0,0,0,0,0,0,4.72689601778984,0.174235388636589,0,0,0,0,0,7.2567782998085,0,0,0.410191476345062,0,0,0,0,0,11.497322037816,4.29184031486511,0.412387996912003,12.5506793111563,12125.1998928189,91.0475432723761,59.2791825011373,5.64261050522327,9.42439819872379
0,0,0,0,0,0,0,0,0,0,0,0,0,0,0,896.983489304781,7617.74995210767,0,5265.12646622211,4.21111220121384,0,1.87679374217987,0,73.9682132005692,0,271.726183325052,0,85.5735514163971,0,0,0,0,0,0,0,0,0,3.92403358221054,0,7.17185790836811,32.0456856265664,36.8326162695885,64.3208027854562,0,1.40105408430099,104.096104368567,6.84849289059639,0,54.2045446336269,0,0,0,0,0,0,0,0,0,0,0,0,0,39.4429703652859,1.2487500756979,0,0,0,0,0,0,6.99703666567802,0,0,0,0,0,0,0,132.396499790251,4.19146136194468,6.93893909454346,3.76291181147099,16470.1665775925,10395.6791136116,76.6886540800333,32.2566056624055,3.58636984229088
5.23110219836235,20.4262551367283,0,2.48185187578201,0,0,0,0,2.36246705055237,89.2551739811897,0,1.81369152665138,0,0,0,4.38795697689056,7450.69755740464,5265.12646622211,0,28.0707522630692,0,0,0,5.5318723320961,0,0,0,0,0,0,0,0,0,0,0,3.35952055454254,0,35.7359294220805,0.972518622875214,100.003673106432,912.909515023232,523.578252650797,2239.83405585587,0,47.3972557261586,974.510231144726,266.879980161786,0,1889.88525547832,0.362038463354111,0,0,0,0,0,0,0,1.28027454018593,0,0,0,0,347.441368743777,7.08852730691433,0,0,0,0,0,0,0,0,0,0,0,0,0,0,736.128786377609,137.315017335117,70.7764868661761,195.340903460979,11689.4448734075,736.155393600464,1882.78078582138,304.554949723184,189.683824129403
0,0,0,19.2613688409328,0,40.6896009594202,0,0,0,0,0,862.32790453732,0,0,0,0,0,4.21111220121384,28.0707522630692,0,0,0,0,0,0,0,0,0,0,0,0,0,0,0,0,766.521920517087,0,229.322373896837,0,1.72928803414106,0,152.022482544184,0,0,0,159.618610784411,0,0,1.00210213661194,12.3999980688095,0,0,0,0,0,0,0,189.152029946446,0,0.29365399479866,0,0,4113.49686942995,0,0,0,0,0,0,0,0,0,0,0,0,0,0,0,455.58134689182,0,221.007634580135,0,347.107262820005,5.93511629104614,540.755805291235,189.188850477338,0
0,0,0.423570513725281,0,0,0,0,0,0,0,174.722251296043,0,0,0,0,0,0,0,0,0,0,0,0,0,0,0,0,0,0,0,0,0,0,0,0,0,659.925914153457,0,43.4834726750851,0,0,0,0,0,0,0,8.13104251027107,0,0,0,0.29562982916832,0,0,0,0,0,50.4364895820618,0,0,0,0,0,0,2185.66785465181,0,0,0,0,0,0,0,0,0,0,0,0,0,0,0,112.750764548779,0,12.3071771562099,420.388875514269,0,28.6107188165188,0,0
0,0,0,0,0,0,0,0,0,0,0,0,0,0,0,0,0,1.87679374217987,0,0,0,0,1195.03457179666,4.06356048583984,0,0,0,150.645651936531,0,0,0,0,0,0,0,0,0,295.110268339515,27.2200931310654,0,0,0,0,0,0,0,0,0,0,18.3965827524662,0,0,0,0,0,0,0,0,0,0,0,0,0,0,7884.86658902466,192.083516865969,1,0,0,0,325.144278496504,0,0,0,0,0,0,0,0,0,80.5313009470701,0,1827.40139380097,299.61713296175,0.232246354222298,0,0
0,0,0,0,0,0,0,0,0,0,0,0,0,0,0,0,60.8492213487625,0,0,0,0,1195.03457179666,0,0,269.492982536554,0,38.1393042504787,0,1,0,0,0,0,0,0,0,0,0,1201.55022528768,0,0,0,0,0,0,0,0,0.701950371265411,21.850771933794,0.39364305138588,0,0,0,0,0,0,0,0,0,0,0,0,0,0,67.8477569520473,3891.72229468822,0,243.666525363922,0,171.459553331137,0,33.4482550621033,0,0,0,0,0,0,0,0,0,1607.01747521758,3136.95659302175,839.739266872406,0,0,0
0,20.3138703107834,0,0,0,0,0,0,0,46.9615316390991,0,0,0,0,0,0,15.2604764699936,73.9682132005692,5.5318723320961,0,0,4.06356048583984,0,0,0,0,0,0,0,0,0,0,0,0,0,0,0,351.808060526848,0,0,0,0,0,0,0,0,0,0,0,50.9675722718239,0,0,0,0,0,33.5955558419228,0,0,0,0,0,0,0,0,75.4088532924652,0,146.885575890541,0,42.8306183815002,0,0,0,0,0,0,0,0,0,0,0,36.4185949862003,0,59.9500172734261,2.6458842754364,9.12676879763603,0,0
1.79589307308197,0,0,0,0,0,0,0,34.726702183485,0,0,0,0,0,57.5291663408279,0,0,0,0,0,0,0,269.492982536554,0,0,0,127.282225608826,0,0,0,0,0,0,0,0,0,0,0,875.165649816394,0,0,0.338313281536102,0,0,0,0,0,2.30766665935516,15.7174574136734,0,0,0,0,0,48.1900067925453,0,0,0,0,0,64.3738997578621,0,0,0,0,190.498235583305,0,891.847344979644,0,91.3935962319374,0,0,0,0,0,0,0,0,0,0,0,38.8409239798784,347.597691014409,71.4447491019964,0.704450950026512,0,0
0,0,0,0,0,0,0,0,0,0,0,0,0,0,0,23.0668701529503,0.604179739952087,271.726183325052,0,0,0,0,0,0,0,0,0,27.2188111543655,0,0,0,0,0,0,0,0,0,0,0,0,0,0,0,0,0,0,0,0,0,0,0,0,0,0,0,0,0,0,0,0,0,0,0,0,99.5240380764008,0,0,0,169.778273582458,0,12.8276832699776,0,0,0,0,0,0,0,1.13265991210938,0,0,0,58.2429071962833,49.8592384755611,0,0,0
0,0,0,0,0,0,0,0,17.304975271225,0,0,0,0,0,12.6579684615135,0,141.479908108711,0,0,0,0,0,38.1393042504787,0,127.282225608826,0,0,0,76.0266077816486,0,0,0,0,0,0,0,0,0,0,0,0,0,0,0,0,0,0,0,0,0,0,0,0,0,133.160304605961,0,0,0,0,0,12.6234933882952,0,0,0,0,40.6491380929947,0,26.0075758695602,0,561.467157170177,0,6.17955213785172,0,0,0,0,0,0,0,0,0,0,67.4670954942703,0,0,0,0
0,0,0,0,0,0,0,0,0,0,0,42.1604506969452,0,4.26566863059998,0,0,0,85.5735514163971,0,0,0,150.645651936531,0,0,0,27.2188111543655,0,0,0,60.2130587100983,0,0,0,0,0,0,0,12.3394829928875,0,0,0,0,0,0,0,0,0,0,0,35.9959366619587,0,0,0,0,0,0,0,0,0,51.9836630821228,0,0,0,0,195.552203506231,0,0,0,3.94559192657471,0,2185.07915322483,0,65.6420113444328,0,0,0,0,0,0,0,34.2862469106913,0,724.129804760218,222.122136205435,24.8072427660227,0,0
0,0,0,0,0,0,0,0,0,0,0,0,0,0,0,0,1.4835866689682,0,0,0,0,0,1,0,0,0,76.0266077816486,0,0,0,54.9010249376297,0,0,0,0,0,0,0,0,0,0,0,0,0,0,0,0,0,18.0413429737091,0,0,0,0,0,0,0,0,0,0,0,0,0,0,0,0,0,0,0,0,36.8308594226837,0,320.215011924505,0,49.9095793366432,0,0,0,0,0,0,0,0,45.9267957210541,2.73097467422485,0,0,0
0,0,0,0,0,0,0,0,0,0,0,109.580671846867,0,0,0,0,0,0,0,0,0,0,0,0,0,0,0,60.2130587100983,0,0,0,0,0,0,0,0,0,7.46211963891983,0,0,0,0,0,0,0,0,0,0,0,0,0,0,0,0,0,0,0,0.894485235214233,0,0,0,0,0,0,0,0,0,0,0,0,27.8855800628662,0,337.190899580717,0,0,0,0,0,0,0,0,0,43.5912613272667,81.183488547802,0,0,0
0,0,0,0,0,0,0,0,0,0,1,0,0,0,0,0,0,0,0,0,0,0,0,0,0,0,0,0,54.9010249376297,0,0,0,0,0,0,0,0,0,33.395676612854,0,0,0,0,0,0,0,0,0,0,0,0,0,0,0,0,0,43.1699625551701,0,0,0,0,0,0,0,0,0,0,0,0,0,0,47.891841173172,0,360.642023146152,0,0,0,0,0,0,0,0,0,0,0,0,0
0,0,0,0,0,0,0,0,0,0,0,0,0,0,0,0,0,0,0,0,0,0,0,0,0,0,0,0,0,0,0,0,98.2025386095047,32.7304343283176,0,936.262718915939,0,0,0,0,0,0,0,0,0,0,0,907.252810746431,0,7.92805637419224,0,0,0,0,0,0,0,0,0,0,0,0,0,0,0,0,0,0,0,0,0,0,0,0,571.432311266661,2.64341819286346,1.63327291607857,0,204.871446639299,1.40750336647034,0,0,109.130485385656,0,0,0,0
0,0,0,0,0,0,0,0,0,0,0,0,0,0,0,0,0,0,0,0,0,0,0,0,0,0,0,0,0,0,0,98.2025386095047,0,0,110.467995405197,0,208.116031885147,0,0,0,0,0,0,0,0,0,0,1371.30848039687,11.2640714049339,7.47378778457642,0,0,0,0,0,0,0,0,0,0,0,0,0,0,0,0,0,0,0,0,0,0,0,0,7.23474073410034,475.602854594588,0,12.5794344097376,0,131.709923923016,0,0,229.382576316595,0.31033381819725,0,0,0
0,0,0,0,0,0,0,0,0,0,0,0,0,0,0,0,0,0,0,0,0,0,0,0,0,0,0,0,0,0,0,32.7304343283176,0,0,898.455372408032,70.4941382110119,0,32.7625873684883,1.83697319030762,0,0,0,0,0,0,0,0,717.984005630016,0,19.1252046227455,0,0,0,0,0,0,0,0,0,0,0,0,0,0,0,0,0,0,0,0,0,0,0,0,8.59411042928696,1,1625.68740455806,139.051815062761,50.0178554207087,0,269.549551934004,0.257458418607712,330.503130748868,37.2730037868023,0,0,0
0,0,0,0,0,0,0,0,0,0,0,0,0,0,0,0,0,0,0,0,0,0,0,0,0,0,0,0,0,0,0,0,110.467995405197,898.455372408032,0,0,829.116543695331,43.8602378815413,751.938981890678,0,0,47.1805792152882,0,0,0,0,0,4163.65402956307,96.602494597435,99.1376740932465,0,0,0,0,0,0,0,0,0,0,0,0,0,0,0,0,0,0,0,0,0,0,0,0,0,62.0340877473354,31.1401109099388,2308.21372285485,0,132.323288008571,10.6588886976242,296.02783870697,2626.98119693995,690.210671499372,1.45688584446907,0,0
0,0,0,1.40764711797237,0,22.4637546539307,0,0,0,0,0,90.289280295372,0,0,0,0,0,0,3.35952055454254,766.521920517087,0,0,0,0,0,0,0,0,0,0,0,936.262718915939,0,70.4941382110119,0,0,506.657241865993,1746.04398103058,38.174324542284,58.1203753352165,0,0.349495604634285,0,0,0,40.9384120106697,0,249.488044947386,0,4.91566717624664,0,0.37411031126976,0,0,0,0,0,6.68267874419689,0,0,0,0,649.976531431079,0,0,0,0,0,0,0,0,0,0,0,262.681808531284,0,87.516331166029,0,12970.1632597148,451.221556350589,852.907476484776,0.288548737764359,3478.24272531271,257.568673700094,361.14741486311,0,0
12.906176418066,0,44.7942742854357,0,17.5588864088058,0,0,0,7.29860627651215,0,0,0,0,0,0,0,0,0,0,0,659.925914153457,0,0,0,0,0,0,0,0,0,0,0,208.116031885147,0,829.116543695331,506.657241865993,0,7.49066340923309,1541.72509053349,0,7.68704955279827,0,15.0248426422477,0,0,0,24.6796589866281,200.042271763086,59.5894885584712,0,17.2440739274025,0,0,0,49.8441329449415,0,8.15585857629776,0,6.01731500029564,0,7.14698362350464,0,0,706.270846292377,0,0,0,0,0,0,0,0,0,0,0,200.912873744965,0,682.279762253165,149.946782380342,11685.2657320425,0,1853.80922675133,3387.02513293922,1045.75264677405,260.817472882569,0,0
0,10.485366165638,0,2.84847167879343,0,1.05895155668259,0,0,0,14.8791681528091,0,560.017211973667,0,0,0,0,0.186430245637894,3.92403358221054,35.7359294220805,229.322373896837,0,295.110268339515,0,351.808060526848,0,0,0,12.3394829928875,0,7.46211963891983,0,0,0,32.7625873684883,43.8602378815413,1746.04398103058,7.49066340923309,0,168.984050154686,1.26154227554798,0,89.1717917099595,1.97829860448837,0,0,27.9296462610364,0,28.8161314129829,0,195.941032111645,0,0,0,0,0,15.6944131404161,0,273.482692360878,0,0,0,0,502.559534035623,0,126.076685234904,0,30.9905487596989,0,0,0,16.8829475939274,0,74.4497971981764,0,0,0,58.383581161499,4.79874899983406,202.334311485291,0,10374.6306390017,2.65130588412285,1963.34704306722,258.1430324018,672.807679869235,80.5116569548845,0
47.0327837765217,3.95899477601051,0.438154697418213,0,0,0,0,0,47.9094462096691,0,172.324137091637,0,0,0,0,0,0,0,0.972518622875214,0,43.4834726750851,27.2200931310654,1201.55022528768,0,875.165649816394,0,0,0,0,0,33.395676612854,0,0,1.83697319030762,751.938981890678,38.174324542284,1541.72509053349,168.984050154686,0,0,0,73.4684908688068,0.649609595537186,0,0,0,4.77495354413986,772.392238199711,67.8563893139362,53.7575000524521,0,0,0,0,136.199647143483,0,27.2506340742111,0.253796935081482,0,0.305484563112259,0,0,0,21.7520497441292,0,355.560449838638,0,269.424587935209,0,0,0,0,0,62.7974334955215,0,0,0,52.5083736628294,0,957.743401542306,24.6007839441299,11380.123591274,3981.19025325775,1479.59612619877,207.874504521489,0,1.34130710363388
0,36.4373210519552,0,21.5770918130875,0,0,0,0,0,0,0,4.68717489391565,0,0,0,0,4.39848878979683,7.17185790836811,100.003673106432,1.72928803414106,0,0,0,0,0,0,0,0,0,0,0,0,0,0,0,58.1203753352165,0,1.26154227554798,0,0,5.5571257174015,370.397632844746,8.06494264304638,0,0.203827396035194,278.662165105343,1.30525216460228,0.535323083400726,8.51880671828985,239.330061152577,0,0,0,0,0,0,0,10.455669939518,0,0.215336531400681,0,0,268.382999442518,0,0,0,0,0,0,0,0,0,10.7634266614914,0,0,0,0,0,996.427166052163,1.40547050535679,286.245226271451,0.723017260432243,231.233254089952,0,572.697668902576,6.71179831773043,1.9085595831275
0,0,0,0,0,0,0,0,0,0,0,0,0,0,0,0,39.9849032759666,32.0456856265664,912.909515023232,0,0,0,0,0,0,0,0,0,0,0,0,0,0,0,0,0,7.68704955279827,0,0,5.5571257174015,0,4.6537796035409,2534.07618457824,0,8.68015933036804,8.64723714441061,1262.72694437206,0,409.784190997481,0,0,0,0,0,0.471402958035469,0,0,0.148641243577003,0,0,0,0,3.88892515748739,249.597182542086,0,0,0,0,0,0,0,0,0,0,0,0,0,0,3.46584302186966,292.706357389688,0.842111587524414,68.5023818612099,559.975410327315,5.44807752221823,2060.75952510536,1.76345977187157,31.6611196249723
0.611523419618607,60.571178227663,0,20.0183404237032,0,0.756320118904114,0,0,0.365359544754028,0,0,79.5240005403757,0,0.526993751525879,0,0,4.80892570316792,36.8326162695885,523.578252650797,152.022482544184,0,0,0,0,0.338313281536102,0,0,0,0,0,0,0,0,0,47.1805792152882,0.349495604634285,0,89.1717917099595,73.4684908688068,370.397632844746,4.6537796035409,0,285.021536178887,0.193162456154823,0,538.995959602296,0.583276517689228,301.059436663985,9.98648026585579,562.016012646258,0.769008100032806,0.214291170239449,0,0,4.55983376502991,0,0,467.099267840385,0,0.6732337474823,0,0.223860025405884,583.338948756456,0,0,0,0,1.99145741760731,0,0,0,0,21.5422747805715,0,0,0,0,5.07998085021973,928.53576309979,0.598238110542297,91.5090239048004,12.2058119773865,1772.19212488085,0.782371580600739,3953.78546117991,722.324053987861,1.86224893480539
554.535718679428,0,14.0090438127518,0,5.30276362597942,0,0,0,8.89925163984299,0,0,0,0,0,0,0.190828293561935,101.612873926759,64.3208027854562,2239.83405585587,0,0,0,0,0,0,0,0,0,0,0,0,0,0,0,0,0,15.0248426422477,1.97829860448837,0.649609595537186,8.06494264304638,2534.07618457824,285.021536178887,0,0.152604907751083,40.5262814089656,19.1728209555149,328.200265213847,1.97544795274734,1917.58357320726,0,0.575323879718781,0,0,0,13.0229970365763,0,0,0.0874041989445686,0,0,0,0,13.7033338323236,119.952026091516,0,0,0,0,0,0,0,0,0,0,0,0,0,0,21.2552479356527,133.807361833751,1.52172444760799,40.1740575432777,2966.6423432678,3.19914653897285,2533.99875478446,13.176572792232,293.091648548841
0,0,0,0,0,0,0,0,0,0,0,0,0,0,0,0,0,0,0,0,0,0,0,0,0,0,0,0,0,0,0,0,0,0,0,0,0,0,0,0,0,0.193162456154823,0.152604907751083,0,0,0,0,0,0,0,0,0,0,0,0,0,0,0,0,0,0,0,0.299004733562469,0,0,0,0,0,0,0,0,0,0,0,0,0,0,0,0.171030044555664,0,0,0,0.281834900379181,0,0.958554476499557,0,0
1.86467385292053,0,0,0,0,0,0,0,0,0,0,0,0,0,0,0,1.19781219959259,1.40105408430099,47.3972557261586,0,0,0,0,0,0,0,0,0,0,0,0,0,0,0,0,0,0,0,0,0.203827396035194,8.68015933036804,0,40.5262814089656,0,0,0.680411793291569,4.97471155971289,0,100.710773348808,0,0,0,0,0,0,0,0,0,0,0,0,0,0.103290475904942,0.205952107906342,0,0,0,0,0,0,0,0,0,0,0,0,0,0,0.109406284987926,1.58117980509996,0,13.7951346039772,28.5428964197636,0,56.8539150208235,0.226758480072021,0.898570269346237
0,526.885296240449,0,445.347216106951,0,5.65149272978306,0,0,0,0,0,13.505569010973,0,0,0,0,10.454221829772,104.096104368567,974.510231144726,159.618610784411,0,0,0,0,0,0,0,0,0,0,0,0,0,0,0,40.9384120106697,0,27.9296462610364,0,278.662165105343,8.64723714441061,538.995959602296,19.1728209555149,0,0.680411793291569,0,3.08848525583744,0,20.9605442509055,72.4540799409151,0,1.06353005766869,0,0,0,0,0,44.1024488955736,0,0.28174239397049,0,0.146289482712746,2616.69067707658,0,0,0,0,0,0,0,0,0,11.6421913057566,0,0,0,0,0,2201.49301662296,2.17212226241827,107.646659456193,0.726733505725861,1313.75274433196,1.46252502501011,3310.56461173296,135.919394373894,5.59690723568201
2.29512864351273,0,0.563293233513832,0,0,0,0,0,0,0,0,0,0,0,0,0,13.7678451240063,6.84849289059639,266.879980161786,0,8.13104251027107,0,0,0,0,0,0,0,0,0,0,0,0,0,0,0,24.6796589866281,0,4.77495354413986,1.30525216460228,1262.72694437206,0.583276517689228,328.200265213847,0,4.97471155971289,3.08848525583744,0,0,553.161832839251,0,0,0,0,0,0,0,0,0,0,0,0,0,1.63062179833651,1411.85979492217,0,0,0,0,0,0,0,0,0,0,0,0,0,0,0,921.409059636295,0,841.983953855932,556.012845627964,2.12274686992168,1131.05604583025,2.25622236728668,1.6977099776268
2.10395795106888,0,0,0,0,0,0,0,2.95049875974655,0,0,0,0,0,0,0,0,0,0,0,0,0,0.701950371265411,0,2.30766665935516,0,0,0,0,0,0,907.252810746431,1371.30848039687,717.984005630016,4163.65402956307,249.488044947386,200.042271763086,28.8161314129829,772.392238199711,0.535323083400726,0,301.059436663985,1.97544795274734,0,0,0,0,0,573.393441021442,4103.11882521212,0,0,0,0,1.85619193315506,0,0,0,0,0,0,0,0,0,0,0.612133502960205,0,1.09679351747036,0,0,0,0,0,0,969.712538212538,1500.91606870294,137.959947794676,589.165182679892,868.752861022949,1028.48481962085,327.038704454899,85.9461933076382,3983.94122475386,147.888842001557,361.315747529268,0,0
286.954807028174,0,151.618017539382,0,14.6041221618652,0,0,0,42.5684074163437,0,0,0,0,0,0,0,75.0607990697026,54.2045446336269,1889.88525547832,1.00210213661194,0,0,21.850771933794,0,15.7174574136734,0,0,0,18.0413429737091,0,0,0,11.2640714049339,0,96.602494597435,0,59.5894885584712,0,67.8563893139362,8.51880671828985,409.784190997481,9.98648026585579,1917.58357320726,0,100.710773348808,20.9605442509055,553.161832839251,573.393441021442,0,39.4846203327179,5.49774622917175,0,0,0,47.6296468377113,0,0,0,0,0,157.19747158885,0,9.02147474139929,105.172338277102,0,389.057165443897,0,30.7416248321533,0,87.2036042809486,0,5.37954545021057,0,1.43772256374359,0,0,0,7.03266128897667,8.07049155235291,221.011218160391,0.260745465755463,169.722443908453,986.758972071111,7.12342989444733,2390.65028279275,7.49986289441586,429.602753281593
0,349.025352999568,0,95.5179326236248,0,0,0,0,0.259768038988113,17.8136472702026,0,9.54302713274956,0,0.90612268447876,0,2.03591570258141,0,0,0.362038463354111,12.3999980688095,0,18.3965827524662,0.39364305138588,50.9675722718239,0,0,0,35.9959366619587,0,0,0,7.92805637419224,7.47378778457642,19.1252046227455,99.1376740932465,4.91566717624664,0,195.941032111645,53.7575000524521,239.330061152577,0,562.016012646258,0,0,0,72.4540799409151,0,4103.11882521212,39.4846203327179,0,0,0,0,0,0.322531223297119,19.259901791811,0,117.991692334414,0,25.9293367266655,0,207.790970116854,24.3061704933643,0,93.3278343528509,1.26081329584122,250.185736835003,1.21184480190277,79.109068185091,0,1425.68054692447,0,4.41781049966812,0,4.73804253339767,2.03890633583069,7.40549433231354,9.13175791501999,760.060609951615,0,1943.91066277027,6.56490185856819,3627.68050995469,1.9521147608757,1806.44665311277,12.8835141658783,0
1.60334956645966,0,25.9099633097649,0,981.244668364525,0,5.84855937957764,0,0,0,0,0,0,0,0,0,0,0,0,0,0.29562982916832,0,0,0,0,0,0,0,0,0,0,0,0,0,0,0,17.2440739274025,0,0,0,0,0.769008100032806,0.575323879718781,0,0,0,0,0,5.49774622917175,0,0,0,23.2661209106445,0,0,0,0,0,4.42223477363586,0,0,0,0,33.535413891077,0,0,0,0,0,0,0,0,0,0,0,0,0,0,0,7.11259067058563,0,0,96.9511739015579,0,14.1023372411728,0,0
0,0,0,112.865365236998,0,720.146164864302,0,9.75780379772186,0,0.816005438566208,0,29.7295609712601,0,0,0,9.06995049118996,0,0,0,0,0,0,0,0,0,0,0,0,0,0,0,0,0,0,0,0.37411031126976,0,0,0,0,0,0.214291170239449,0,0,0,1.06353005766869,0,0,0,0,0,0,0,32.5000876486301,0,0.991545736789703,0,94.9389096498489,0,149.137080937624,0,58.3264471292496,0.544805735349655,0,0,0,0,0,0,0,0,0,0,0,0,0,0,0,0.457682356238365,0,0,0,76.6795892417431,6.83011412620544,45.7619820088148,0.291333556175232,0
0,0,0,0,21.9130811691284,0,268.858723282814,0,0,0,0,0,0,0,0,0,0,0,0,0,0,0,0,0,0,0,0,0,0,0,0,0,0,0,0,0,0,0,0,0,0,0,0,0,0,0,0,0,0,0,23.2661209106445,0,0,0,0,0,0,0,32.0308392345905,0,0,0,0,0,0,0,0,0,0,0,0,0,0,0,0,0,0,0,0,0,0,0,0,0,0,0,0
0,0,0,0,0,123.567704081535,0,572.962191402912,0,0,0,146.701121449471,0,0,0,0,0,0,0,0,0,0,0,0,0,0,0,0,0,0,0,0,0,0,0,0,0,0,0,0,0,0,0,0,0,0,0,0,0,0,0,32.5000876486301,0,0,0,0,0,83.4420858472586,0,0,0,0,0,0,0,0,0,0,0,0,0,0,0,0,0,0,0,0,0,0,0,0,29.4039478302002,0,0,0,0
262.186776220798,0,405.630104660988,0,1.58355885744095,0,0,0,464.68309289217,0,0,0,0,0,199.45428019762,0,0,0,0,0,0,0,0,0,48.1900067925453,0,133.160304605961,0,0,0,0,0,0,0,0,0,49.8441329449415,0,136.199647143483,0,0.471402958035469,4.55983376502991,13.0229970365763,0,0,0,0,1.85619193315506,47.6296468377113,0.322531223297119,0,0,0,0,0,0,0,0,0.536778569221497,0,25.8583417534828,0,0,5.21200501918793,0,0,0,1.82383292913437,0,0,0,0,0,0,0,0,0,0,0,22.8095049262047,0,0.734540343284607,295.306339606643,0,126.841194942594,0,0.298503041267395
0,156.980635911226,0,173.664057716727,0,0,0,0,0,423.312589049339,0,0,0,0,0,0,0,0,0,0,0,0,0,33.5955558419228,0,0,0,0,0,0,0,0,0,0,0,0,0,15.6944131404161,0,0,0,0,0,0,0,0,0,0,0,19.259901791811,0,0.991545736789703,0,0,0,0,0,10.5509388744831,0,0,0,2.40431234240532,0.239338785409927,0,0,0,178.316774874926,0,17.1169414818287,0,1.6260786652565,0,0,0,0,0,0,0,0,0,48.8321958482265,0,1.44215303659439,0,23.3569124341011,0,0
2.1635890007019,0,109.058855682611,0,0,0,0,0,0,0,1963.87427917123,0,0,0,0,0,0,0,0,0,50.4364895820618,0,0,0,0,0,0,0,0,0,43.1699625551701,0,0,0,0,0,8.15585857629776,0,27.2506340742111,0,0,0,0,0,0,0,0,0,0,0,0,0,0,0,0,0,0,0,0,0,0,0,0,74.7946249842644,0,0,0,0,0,0,0,0,0,64.769995868206,0,0,0,0,0,16.5409495234489,0,0,104.253334492445,0,209.704110905528,0,0
0,46.5259310603142,0,287.477373629808,0,4.18713766336441,0,272.760634124279,0,0.251081615686417,0,4180.54501873255,0,55.7737663388252,0,0,0,0,1.28027454018593,189.152029946446,0,0,0,0,0,0,0,0,0,0.894485235214233,0,0,0,0,0,6.68267874419689,0,273.482692360878,0.253796935081482,10.455669939518,0.148641243577003,467.099267840385,0.0874041989445686,0,0,44.1024488955736,0,0,0,117.991692334414,0,94.9389096498489,0,83.4420858472586,0,10.5509388744831,0,0,0,555.397568389773,0,73.7281225770712,647.891103446484,0,0,0,0,0,0,0,7.74892696738243,0,540.323945358396,0,0,0,0,0,25.094242721796,0,65.6541560143232,0.254198521375656,754.419762060046,2.33133280277252,2685.24530752748,318.540426552296,0
0,0,7.72429981827736,0,0,0,1.79002252221107,0,0,0,0,0,13.2779811024666,0,0,0,0,0,0,0,0,0,0,0,0,0,0,0,0,0,0,0,0,0,0,0,6.01731500029564,0,0,0,0,0,0,0,0,0,0,0,0,0,4.42223477363586,0,32.0308392345905,0,0.536778569221497,0,0,0,0,0,0,0,0,20.2064950615168,0,0,0,0,0,0,0,17.2192264199257,0,0,0,0,0,0,0,7.71977323293686,0,0,10.7537218630314,0,21.2956359684467,0,0
0,0.308283567428589,0,233.021248653531,0,1.64998877048492,0,0,0,0,0,103.949053257704,0,880.47449451685,0,209.077889770269,0,0,0,0.29365399479866,0,0,0,0,0,0,0,51.9836630821228,0,0,0,0,0,0,0,0,0,0,0.305484563112259,0.215336531400681,0,0.6732337474823,0,0,0,0.28174239397049,0,0,0,25.9293367266655,0,149.137080937624,0,0,0,0,0,555.397568389773,0,0,0,94.8305710107088,4.97363153100014,0,0,0,0,0,15.3467752337456,0,167.035702377558,0,9.52415284514427,0,0,0,0,0,0,0,0,0,55.4818761646748,0,25.9619149416685,0,0
1.04286623001099,0,26.2333565354347,0,0,0,0,0,3.3005383014679,0,0,0,3,0,232.828222066164,0,0,0,0,0,0,0,0,0,64.3738997578621,0,12.6234933882952,0,0,0,0,0,0,0,0,0,7.14698362350464,0,0,0,0,0,0,0,0,0,0,0,157.19747158885,0,0,0,0,0,25.8583417534828,0,0,0,0,0,0,0,0,4.8659445643425,0,0,0,0.933939754962921,0,75.4017852544785,0,0,0,0,0,0,0,0,0,17.4235454797745,0,0,7.65582886338234,0,29.128245651722,0,0
0,71.2122683376074,0,527.573725581169,0,71.5287358760834,0,0,0,73.5611891746521,0,0,0,26.5227997899055,0,329.138513445854,0,0,0,0,0,0,0,0,0,0,0,0,0,0,0,0,0,0,0,0,0,0,0,0,0,0.223860025405884,0,0,0,0.146289482712746,0,0,0,207.790970116854,0,58.3264471292496,0,0,0,2.40431234240532,0,73.7281225770712,0,94.8305710107088,0,0,0.348367273807526,0,0,0,14.7683283388615,0,54.4922303855419,0,40.9579494744539,0,0,0,0,0,0,0,0,0,0,0,112.209800064564,0,20.5347957015038,0,0
0,79.3536337316036,0,147.424522936344,0,10.6741204410791,0,0,0,0,0,336.647092737257,0,0,0,0,4.72689601778984,39.4429703652859,347.441368743777,4113.49686942995,0,0,0,0,0,0,0,0,0,0,0,0,0,0,0,649.976531431079,0,502.559534035623,0,268.382999442518,3.88892515748739,583.338948756456,13.7033338323236,0.299004733562469,0.103290475904942,2616.69067707658,1.63062179833651,0,9.02147474139929,24.3061704933643,0,0.544805735349655,0,0,0,0.239338785409927,0,647.891103446484,0,4.97363153100014,0,0.348367273807526,0,0,0,0,0,0,0,0,0,0,12.9934027567506,0,0,0,0,0,1207.51698975265,1.31597848236561,571.259801745415,0.371284045279026,453.828431487083,1.42136159539223,1883.79615260661,267.040307551622,3.6128049120307
6.47467686235905,0,70.9345000088215,0,16.49282091856,0,0,0,11.598888874054,0,78.3677668273449,0,0,0,0,0,0.174235388636589,1.2487500756979,7.08852730691433,0,2185.66785465181,0,0,0,0,0,0,0,0,0,0,0,0,0,0,0,706.270846292377,0,21.7520497441292,0,249.597182542086,0,119.952026091516,0,0.205952107906342,0,1411.85979492217,0,105.172338277102,0,33.535413891077,0,0,0,5.21200501918793,0,74.7946249842644,0,20.2064950615168,0,4.8659445643425,0,0,0,0,0,0,0,0,0,0,0,0,0,0,0,0,0,0,449.113825559616,0,50.3654260858893,838.86871816963,0,1405.23870818317,0,0
0,0,0,0,0,0,0,0,0,0,0,0,0,0,0,0,0,0,0,0,0,7884.86658902466,67.8477569520473,75.4088532924652,0,99.5240380764008,0,195.552203506231,0,0,0,0,0,0,0,0,0,126.076685234904,0,0,0,0,0,0,0,0,0,0,0,93.3278343528509,0,0,0,0,0,0,0,0,0,0,0,0,0,0,0,5.6721872985363,0.534771382808685,0,144.699903875589,0,441.496979251504,0,1.18844890594482,0,0,0,0,0,0,0,196.883580505848,0,543.735166698694,51.2798094749451,1.50399589538574,0,0
0,0,0,0,0,0,0,0,0,0,0,0,0,0,0,0,0,0,0,0,0,192.083516865969,3891.72229468822,0,190.498235583305,0,40.6491380929947,0,0,0,0,0,0,0,0,0,0,0,355.560449838638,0,0,0,0,0,0,0,0,0.612133502960205,389.057165443897,1.26081329584122,0,0,0,0,0,0,0,0,0,0,0,0,0,0,5.6721872985363,0,0,139.708315938711,0,137.202840834856,0,0,0,0,0,0,0,0,0,0,0,172.46468578279,668.821047887206,230.762163549662,0,0,0
0,32.6389240324497,0,0,0,0,0,0,0,25.0906956195831,0,0,0,0,0,0,0,0,0,0,0,1,0,146.885575890541,0,0,0,0,0,0,0,0,0,0,0,0,0,30.9905487596989,0,0,0,0,0,0,0,0,0,0,0,250.185736835003,0,0,0,0,0,178.316774874926,0,0,0,0,0,14.7683283388615,0,0,0.534771382808685,0,0,0,145.82672098279,0,19.6965850889683,0,0,0,0,0,0,0,0,0,20.3633600324392,0,4.5597793161869,0,89.1391855925322,0,0
3.53046935796738,0,0,0,0,0,0,0,177.419161647558,0,0,0,0,0,0,0,0,0,0,0,0,0,243.666525363922,0,891.847344979644,0,26.0075758695602,0,0,0,0,0,0,0,0,0,0,0,269.424587935209,0,0,1.99145741760731,0,0,0,0,0,1.09679351747036,30.7416248321533,1.21184480190277,0,0,0,0,1.82383292913437,0,0,0,0,0,0.933939754962921,0,0,0,0,139.708315938711,0,0,0,25.6638439297676,0,0,0,0,0,0,0,0,0,0,0,16.1967027783394,318.649064958096,4.84175212681293,7.22780594229698,0,0
0,20.3938806056976,0,0,0,0,0,0,0,9.3175100684166,0,0,0,0,0,24.4278576374054,0,0,0,0,0,0,0,42.8306183815002,0,169.778273582458,0,3.94559192657471,0,0,0,0,0,0,0,0,0,0,0,0,0,0,0,0,0,0,0,0,0,79.109068185091,0,0,0,0,0,17.1169414818287,0,0,0,15.3467752337456,0,54.4922303855419,0,0,144.699903875589,0,145.82672098279,0,0,0,494.776814877987,0,0,0,0,0,0,0,0,0,0,0,0,0,0,0,0
23.1858721971512,0,0,0,0,0,0,0,0,0,0,0,0,0,24.941861987114,0,7.2567782998085,0,0,0,0,0,171.459553331137,0,91.3935962319374,0,561.467157170177,0,36.8308594226837,0,0,0,0,0,0,0,0,0,0,0,0,0,0,0,0,0,0,0,87.2036042809486,0,0,0,0,0,0,0,0,0,0,0,75.4017852544785,0,0,0,0,137.202840834856,0,25.6638439297676,0,0,0,35.8079411387444,0,0,0,0,0,0,0,0,0,0,5.01832902431488,0,3.49417728185654,0,0
0,15.6883420795202,0,0,0,0,0,0,0,0,0,0,0,214.081133782864,0,20.1743137836456,0,6.99703666567802,0,0,0,325.144278496504,0,0,0,12.8276832699776,0,2185.07915322483,0,27.8855800628662,0,0,0,0,0,0,0,16.8829475939274,0,0,0,0,0,0,0,0,0,0,0,1425.68054692447,0,0,0,0,0,1.6260786652565,0,7.74892696738243,0,167.035702377558,0,40.9579494744539,0,0,441.496979251504,0,19.6965850889683,0,494.776814877987,0,0,0,212.545417010784,0,0,0,0,0,0,0,114.910367965698,0,57.0418527722359,11.6803538203239,164.643013849854,0,0
0,0,0,0,0,0,0,0,0,0,2,0,47.1079343557358,0,1.29923224449158,0,0,0,0,0,0,0,33.4482550621033,0,0,0,6.17955213785172,0,320.215011924505,0,47.891841173172,0,0,0,0,0,0,0,0,0,0,0,0,0,0,0,0,0,5.37954545021057,0,0,0,0,0,0,0,0,0,17.2192264199257,0,0,0,0,0,0,0,0,0,0,35.8079411387444,0,0,0,38.3765382766724,0,0,0,0,0,0,0,324.052626788616,0,0,0,0,0
0,0.226246312260628,0,1.6051612496376,0,0.21142190694809,0,0,0,0,0,209.064571499825,0,0,0,0,0.410191476345062,0,0,0,0,0,0,0,0,0,0,65.6420113444328,0,337.190899580717,0,0,0,0,0,0,0,74.4497971981764,0,10.7634266614914,0,21.5422747805715,0,0,0,11.6421913057566,0,0,0,4.41781049966812,0,0,0,0,0,0,0,540.323945358396,0,9.52415284514427,0,0,12.9934027567506,0,1.18844890594482,0,0,0,0,0,212.545417010784,0,0,0,0,0,0,0,22.1333471462131,0,191.273507684469,0,22.6833885610104,117.410892307758,120.26113320142,20.888901591301,0
0,0,0,0,0,0,0,0,0,0,56.9963475167751,0,0,0,0,0,0,0,0,0,0,0,0,0,0,0,0,0,49.9095793366432,0,360.642023146152,0,0,0,0,0,0,0,62.7974334955215,0,0,0,0,0,0,0,0,0,1.43772256374359,0,0,0,0,0,0,0,64.769995868206,0,0,0,0,0,0,0,0,0,0,0,0,0,0,38.3765382766724,0,0,0,0,0,0,0,0,0,200.641873002052,8.2850227355957,0,64.9025551974773,0,0
0,0,0,0,0,0,0,0,0,0,0,0,0,0,0,0,0,0,0,0,0,0,0,0,0,0,0,0,0,0,0,571.432311266661,7.23474073410034,8.59411042928696,0,262.681808531284,0,0,0,0,0,0,0,0,0,0,0,969.712538212538,0,4.73804253339767,0,0,0,0,0,0,0,0,0,0,0,0,0,0,0,0,0,0,0,0,0,0,0,0,0,7.38641667366028,90.9364751577377,0,319.72813397646,2.91387951374054,0,0,128.594580233097,0,0,0,0
0,0,0,0,0,0,0,0,0,0,0,0,0,0,0,0,0,0,0,0,0,0,0,0,0,0,0,0,0,0,0,2.64341819286346,475.602854594588,1,62.0340877473354,0,200.912873744965,0,0,0,0,0,0,0,0,0,0,1500.91606870294,0,2.03890633583069,0,0,0,0,0,0,0,0,0,0,0,0,0,0,0,0,0,0,0,0,0,0,0,0,7.38641667366028,0,0,99.3605464994907,0,163.16303101182,0,0,118.160238802433,0.26070910692215,0,0,0
0,0,0,0,0,0,0,0,0,0,0,0,0,0,0,0,0,0,0,0,0,0,0,0,0,0,0,0,0,0,0,1.63327291607857,0,1625.68740455806,31.1401109099388,87.516331166029,0,58.383581161499,0,0,0,0,0,0,0,0,0,137.959947794676,0,7.40549433231354,0,0,0,0,0,0,0,0,0,0,0,0,0,0,0,0,0,0,0,0,0,0,0,0,90.9364751577377,0,0,0,27.9255080521107,0,593.228839069605,0,4.75495249032974,0,0,0,0
0,0,0,0,0,0,0,0,0,0,0,0,0,0,0,0,0,0,0,0,0,0,0,0,0,0,0,0,0,0,0,0,12.5794344097376,139.051815062761,2308.21372285485,0,682.279762253165,4.79874899983406,52.5083736628294,0,0,5.07998085021973,0,0,0,0,0,589.165182679892,7.03266128897667,9.13175791501999,0,0,0,0,0,0,0,0,0,0,0,0,0,0,0,0,0,0,0,0,0,0,0,0,0,99.3605464994907,0,0,0,116.388381183147,0,32.5274449884892,745.565605178475,9.45273469388485,0,0,0
0,34.2345852255821,0,29.4440688788891,0,65.417680233717,0,0,0,0,0,22.0805277824402,0,0,0,0,11.497322037816,132.396499790251,736.128786377609,455.58134689182,0,0,0,0,0,1.13265991210938,0,0,0,0,0,204.871446639299,0,50.0178554207087,0,12970.1632597148,149.946782380342,202.334311485291,0,996.427166052163,3.46584302186966,928.53576309979,21.2552479356527,0.171030044555664,0.109406284987926,2201.49301662296,0,868.752861022949,8.07049155235291,760.060609951615,0,0.457682356238365,0,0,0,0,0,25.094242721796,0,0,0,0,1207.51698975265,0,0,0,0,0,0,0,0,0,22.1333471462131,0,319.72813397646,0,27.9255080521107,0,0,173.603902682662,687.563116304576,1.25084002315998,1183.52882193774,7.6615387275815,1435.88104356825,387.700764887035,2.99255502223969
2.57953354716301,0,78.5534525811672,0,5.38609716296196,0,0,0,0,0,0,0,0,0,0,0,4.29184031486511,4.19146136194468,137.315017335117,0,112.750764548779,0,0,0,0,0,0,0,0,0,0,1.40750336647034,131.709923923016,0,132.323288008571,451.221556350589,11685.2657320425,0,957.743401542306,1.40547050535679,292.706357389688,0.598238110542297,133.807361833751,0,1.58117980509996,2.17212226241827,921.409059636295,1028.48481962085,221.011218160391,0,7.11259067058563,0,0,0,22.8095049262047,0,16.5409495234489,0,7.71977323293686,0,17.4235454797745,0,1.31597848236561,449.113825559616,0,0,0,0,0,0,0,0,0,0,2.91387951374054,163.16303101182,0,116.388381183147,173.603902682662,0,0,2564.69816308469,1211.49538915604,9.62187448143959,1005.47947179526,1.99205914139748,7.28193372488022
0,12.6684281527996,0,3.3039958178997,0,0.271058946847916,0,0,0,49.7814067453146,0,83.7172080278397,0,0,0,0,0.412387996912003,6.93893909454346,70.7764868661761,221.007634580135,0,80.5313009470701,0,36.4185949862003,0,0,0,34.2862469106913,0,0,0,0,0,269.549551934004,10.6588886976242,852.907476484776,0,10374.6306390017,24.6007839441299,286.245226271451,0.842111587524414,91.5090239048004,1.52172444760799,0,0,107.646659456193,0,327.038704454899,0.260745465755463,1943.91066277027,0,0,0,0,0,48.8321958482265,0,65.6541560143232,0,0,0,0,571.259801745415,0,196.883580505848,0,20.3633600324392,0,0,0,114.910367965698,0,191.273507684469,0,0,0,593.228839069605,0,687.563116304576,0,0,3.02288779616356,1178.27598694712,36.5330607891083,356.15940733254,68.2341942936182,0
0,0,0,0,0,0,0,0,0,0,0,0,0,0,0,0,12.5506793111563,3.76291181147099,195.340903460979,0,12.3071771562099,0,1607.01747521758,0,38.8409239798784,0,0,0,0,0,0,0,0,0.257458418607712,296.02783870697,0.288548737764359,1853.80922675133,2.65130588412285,11380.123591274,0.723017260432243,68.5023818612099,12.2058119773865,40.1740575432777,0,13.7951346039772,0.726733505725861,841.983953855932,85.9461933076382,169.722443908453,6.56490185856819,0,0,0,0,0.734540343284607,0,0,0.254198521375656,0,0,0,0,0.371284045279026,50.3654260858893,0,172.46468578279,0,16.1967027783394,0,0,0,324.052626788616,0,200.641873002052,0,0,0,32.5274449884892,1.25084002315998,2564.69816308469,3.02288779616356,0,667.130111217499,48.7297071069479,360.532383769751,0.568513691425323,24.3443204164505
