0,0,0.194351542699203,0,0,0,0,0,0,0,0,0,0,0,0,0,0,0,0.266092373250887,0,0,0,0,0,0.233819569532688,0,0,0,0,0,0,0,0,0,0,0,0,0,0,0,0,0,0.272915005683899,0,0,0,0,0,0.178017199039459,0,0,0,0,0,0.150427881628275,0,0,0,0,0,0,0,0,0,0,0,0,0.24026013314724,0,0,0,0,0,0,0,0,0,0,0,0,0,0,0.202728688716888,0,0.217821672558784,0,0
0,0,0,0.204701609288653,0,0,0,0,0.219861823320389,0.264851904151463,0,0,0,0.307857775025898,0,0.268657542724867,0.332079728711632,0.287642322752432,0.270040652724271,0,0,0.197655444866733,0,0.194219102681671,0.189793489549471,0.259802291517035,0,0.332497851206706,0,0,0,0,0.31559345126152,0,0.327541068196297,0.369807893037796,0.372076243162155,0.191598541357301,0,0,0,0.249406391123067,0.289410380423069,0.264001496460127,0.201689675450325,0.236378863453865,0,0.336402485768,0.297488800116948,0.169143605764423,0,0,0,0,0.18144579231739,0.20236520642458,0,0.165181532502174,0,0.318173848092556,0,0.326280376004382,0.293056130409241,0,0.215202841162682,0,0.204234062008155,0.184206581115723,0.24392899785723,0,0.231074859698613,0,0,0,0.288679540157318,0.332877028733492,0,0.291048288345337,0.347984734177589,0.341323544581731,0.197656308179316,0,0.244177256045597,0.243041340364229,0.21365370022851,0.263481399592231,0
0.194351542699203,0,0,0,0,0,0,0,0,0,0,0,0,0,0,0,0,0,0.263270651182766,0,0,0,0,0,0,0,0,0,0,0,0,0,0,0,0,0,0,0,0,0,0,0,0,0,0,0,0,0,0.170364499092102,0,0,0,0,0,0,0,0,0,0,0,0,0,0,0,0,0,0,0,0,0,0,0,0,0,0,0,0,0,0,0,0,0,0.163204520244465,0,0.213182026992983,0,0
0,0.204701609288653,0,0,0,0,0,0,0,0.205654680728912,0,0,0,0,0,0.266900132099787,0.214355632662773,0.258736419628878,0.281482368707657,0,0,0.233507499098778,0,0.22400442759196,0,0.260477736995027,0,0.333446055650711,0,0,0,0,0,0,0,0,0,0.217913374304771,0,0,0,0.283096637414849,0.267346113920212,0,0,0,0,0,0,0.343312725424767,0,0,0,0,0,0.218161478638649,0,0,0,0,0,0.277734211900017,0,0,0.203854441642761,0,0.215622448495456,0,0.274972956095423,0,0,0,0,0,0,0,0,0,0,0,0,0,0.269383900488416,0.233847522964844,0.180935907009102,0.273606341332197,0
0,0,0,0,0,0,0.180869087576866,0,0,0,0,0,0,0,0,0,0,0,0,0,0.22835798671952,0,0,0,0,0,0,0,0,0,0,0,0,0,0,0,0.226886793971062,0,0,0,0,0,0,0,0,0,0,0,0,0,0.181167510606475,0,0.125554571549098,0,0,0,0.170791555196047,0,0,0,0,0,0,0,0,0,0,0,0,0,0,0,0,0,0,0,0,0,0,0,0,0,0.20343654512456,0.196983030438423,0.21585860390712,0,0
0,0,0,0,0,0,0,0,0,0,0,0,0,0,0,0,0,0,0,0,0,0,0,0,0,0,0,0,0,0,0,0,0,0,0,0,0,0,0,0,0,0,0,0,0,0,0,0,0,0,0,0,0,0,0,0,0,0,0,0,0,0,0,0,0,0,0,0,0,0,0,0,0,0,0,0,0,0,0,0,0,0,0,0,0,0,0
0,0,0,0,0.180869087576866,0,0,0,0,0,0.1906681706508,0,0,0,0,0,0,0,0,0,0.205083578824997,0,0,0,0,0,0,0,0,0,0,0,0,0,0,0,0,0,0,0,0,0,0,0,0,0,0,0,0,0,0.177107580727147,0,0.168178340643644,0,0,0,0.260018676519394,0,0,0,0,0,0,0,0,0,0,0,0,0,0,0,0,0,0,0,0,0,0,0,0,0,0.242832913994789,0,0,0,0
0,0,0,0,0,0,0,0,0,0,0,0.245066067203879,0,0,0,0,0,0,0,0,0,0,0,0,0,0,0,0,0,0,0,0,0,0,0,0,0,0,0,0,0,0,0,0,0,0,0,0,0,0,0,0,0,0.253300110809505,0,0,0,0.221702836453915,0,0,0,0,0,0,0,0,0,0,0,0,0,0,0,0,0,0,0,0,0,0,0,0,0.251767905695098,0.22357465326786,0,0,0
0,0.219861823320389,0,0,0,0,0,0,0,0,0,0,0,0,0.144861834476123,0.229103937745094,0.167954693473473,0.22267736109455,0.216773466598955,0,0,0.212951336055994,0,0.194913891680313,0.197455182671547,0.236799985170364,0.151432202381342,0,0,0,0,0,0,0,0,0,0,0.167242482304573,0,0,0,0,0.28550375359399,0,0,0,0,0.317059248685837,0.172934164603551,0,0,0,0,0,0.17263656758493,0.251445859670639,0,0,0,0,0.142096162280616,0,0,0,0,0,0.197872884571552,0.183308017012235,0.211929827928543,0.165902375960522,0,0,0,0,0,0.321834892034531,0,0,0.378496497869492,0.284916371107101,0,0,0.154342247255911,0.146061712077686,0.328062474727631,0.174123868346214,0
0,0.264851904151463,0,0.205654680728912,0,0,0,0,0,0,0,0,0,0.23658262193203,0,0.240606161226567,0.341073421898035,0.325024717527887,0.283977319197408,0,0,0.222870839138826,0,0.258641546494082,0.280357897281647,0.260839351220056,0,0.250907063484192,0,0,0,0,0,0.261430531740189,0.303963989019394,0.381100118160248,0,0,0,0,0,0.289754955870349,0.291667790710926,0.29528006572615,0.222468023498853,0.332234010100365,0,0.341901814937592,0.311806917190552,0.188721072342661,0,0,0,0,0,0.28851668897428,0,0,0,0.335248649120331,0,0.227725867020047,0,0,0,0,0.278820915354623,0.1961789727211,0.222911603376269,0,0,0,0,0,0,0.333015531301498,0,0.293650567531586,0.380054826086218,0.345571925242742,0.349826018015544,0,0.294968346885422,0.267345351102047,0.298596544758133,0.297898975737167,0
0,0,0,0,0,0,0.1906681706508,0,0,0,0,0,0.285311329093846,0,0,0,0,0,0,0,0.298075322862203,0,0,0,0,0,0,0,0,0,0.302417119942516,0,0,0,0,0,0.249348799387614,0,0.284188673823652,0,0,0,0,0,0,0,0.2378810942173,0,0,0,0,0,0.164100959897041,0,0,0,0.277980841729027,0,0,0,0,0,0,0.312266228099664,0,0,0,0,0,0,0,0.275254666805267,0,0.268246726254406,0,0,0,0,0,0.24010746102584,0,0.254570176638663,0.280351386478778,0,0,0,0
0,0,0,0,0,0,0,0.245066067203879,0,0,0,0,0,0.291238908548104,0,0,0.346062690019608,0,0.341901481151581,0.36611507680122,0,0,0,0,0,0,0,0.336157330246069,0,0.33165897294879,0,0,0,0.371934801340103,0,0.28399700881579,0,0.284352965871855,0,0.361938685178757,0,0.365221345549697,0,0,0,0.37412389350219,0,0,0,0.322124385171466,0,0,0,0,0,0,0,0.335555401980451,0,0.296129101823116,0,0,0.372760018810283,0,0,0,0,0,0.21880342066288,0,0.34130270801825,0,0.304330134153694,0,0,0,0.379161864519119,0,0.301380318468032,0,0.282919571697712,0,0.31684909038187,0,0.454829632800861,0.453001728524332,0
0,0,0,0,0,0,0,0,0,0,0.285311329093846,0,0,0,0,0,0,0,0,0,0,0,0,0,0,0,0,0,0,0,0,0,0,0,0,0,0,0,0,0,0,0,0,0,0,0,0,0,0,0,0,0,0,0,0,0,0,0,0.282180711627007,0,0,0,0,0,0,0,0,0,0,0.181375287473202,0,0,0,0,0,0,0,0,0,0,0,0,0,0,0,0,0
0,0.307857775025898,0,0,0,0,0,0,0,0.23658262193203,0,0.291238908548104,0,0,0,0.181960897944998,0,0.152202166097109,0.337884426116943,0,0,0,0,0,0,0.179399677055577,0,0.196057234035983,0,0.286778229665249,0,0,0,0,0,0,0,0,0,0,0,0.222376689314842,0.266312628984451,0.394763112068176,0,0,0,0,0,0,0,0,0,0,0,0.182980567216873,0,0.382188172051401,0,0.172207767995538,0,0.183407154802269,0,0,0,0,0,0,0.190439067918945,0,0.293235110996783,0,0,0,0,0,0,0,0,0,0,0,0.157229304057626,0.163226679588358,0.345737650990486,0,0
0,0,0,0,0,0,0,0,0.144861834476123,0,0,0,0,0,0,0,0.148723821465602,0.215647268295288,0.170113124758811,0,0,0.191933512687683,0.159102410078049,0.181137755513191,0.167990400510676,0.346653908491135,0.145037718788461,0,0,0,0,0,0,0,0,0,0,0,0,0,0,0,0.278380922973156,0,0,0,0,0,0,0,0,0,0,0,0.165194325870083,0,0,0,0,0,0.176309920923702,0.34167954325676,0,0,0,0,0,0.172138944268227,0,0.149004951254888,0,0,0,0,0,0,0,0,0,0,0,0,0.158614593493311,0.268525630235672,0.320665329694748,0,0
0,0.268657542724867,0,0.266900132099787,0,0,0,0,0.229103937745094,0.240606161226567,0,0,0,0.181960897944998,0,0,0.328341168322061,0.219530469971237,0.324797871586395,0,0,0.202939268946648,0,0.213303325606174,0.254444155842066,0.182495988242943,0.193344533443451,0.174477194979166,0,0,0,0,0,0,0.38238787651062,0.337687700986862,0.443643659353256,0.202771310295377,0,0,0,0.264342114871198,0.340056824333528,0.351057513193651,0,0.337436040242513,0,0.375030646721522,0.338001526892185,0.186977657966497,0,0,0,0,0.186247304081917,0.354756380364831,0,0.141436457633972,0,0.168966355805214,0,0.18728906293365,0,0,0.2124258056283,0,0.217764494545532,0,0.178445636968633,0,0.168563585426356,0,0,0,0,0.360907286405563,0,0,0.360754877328873,0.389099369446437,0.2862182756265,0,0.215386526028186,0.178898426503235,0.330200017146442,0.281958003456776,0
0,0.332079728711632,0,0.214355632662773,0,0,0,0,0.167954693473473,0.341073421898035,0,0.346062690019608,0,0,0.148723821465602,0.328341168322061,0,0.214566743798924,0.295157981745724,0,0,0.200286913130965,0.15127927561601,0.220976905848669,0.209920950565893,0.264043542969076,0.159174376313791,0.404166373610497,0,0,0,0,0.329214930534363,0.279402077198029,0.320023819804192,0.380529119074345,0.387538598643409,0.215411564478507,0,0,0.315767377614975,0.326087604869496,0.337139871160863,0.360406481143501,0.361071467399597,0.367365788954955,0,0.343005316456159,0.298231349637111,0.256162811602865,0,0,0,0,0.201369737655344,0.32050885138463,0,0,0,0.350389465689659,0.147331728363982,0.366565991266101,0,0,0.189751975238323,0.147668361663818,0.214198918640614,0.191363112539308,0.232818804326512,0.156266739058728,0,0,0,0,0,0.349741019308567,0,0.346168726682663,0.375573190499325,0.35463651900108,0.279926635324955,0,0.220925612156583,0.332364641073951,0.418685823286835,0.326679169686873,0
0,0.287642322752432,0,0.258736419628878,0,0,0,0,0.22267736109455,0.325024717527887,0,0,0,0.152202166097109,0.215647268295288,0.219530469971237,0.214566743798924,0,0.254955006669125,0,0,0.181231679394841,0,0.224442392656173,0.218604878832897,0.196983646421597,0.208602891726927,0.165830157308475,0,0,0,0,0.382522404193878,0.290614008903503,0.359784339865049,0.361968600087696,0.38297908504804,0.233899742364883,0,0,0,0.334398522879928,0.349229956393713,0.3754948938867,0.335854910314083,0.348005366257646,0,0.34814925385373,0.343150734901428,0.198669869125935,0,0,0,0,0.225755297889312,0.31160404937095,0,0.182042494416237,0,0.206736072897911,0.176465518772602,0.238110141639576,0.280618727207184,0,0.185032194075377,0,0.216539789287689,0.203149366378784,0.190059951810921,0.197941344976425,0.176970588664214,0,0,0,0,0.355136605297647,0.310225456953049,0.373355778663055,0.354287194984931,0.367001830923314,0.252475388921224,0,0.216778677144801,0.177960837214284,0.370785039046715,0.343313056808799,0
0.266092373250887,0.270040652724271,0.263270651182766,0.281482368707657,0,0,0,0,0.216773466598955,0.283977319197408,0,0.341901481151581,0,0.337884426116943,0.170113124758811,0.324797871586395,0.295157981745724,0.254955006669125,0,0,0,0.268455636615937,0,0.235583387676952,0.217082285810085,0.33214840888977,0.216444709011026,0.352311636392887,0,0,0,0.272061288356781,0.360907137393951,0.286822400216399,0.321654071233102,0.358193297077108,0.375412902235985,0.281024920088904,0.328534253233788,0.380917102098465,0.296964985132217,0.269477228100583,0.302816864764713,0.304060320944002,0.220423124730587,0.287598188480605,0.274350211024284,0.298691069865975,0.306771859946385,0.272829370671197,0,0,0,0,0.223343277431053,0.300494875510534,0,0,0,0.339051973074675,0.162682720048483,0.365077668196195,0.286409546931585,0,0.206312343478203,0,0.267196623213363,0.196071813955452,0.30051207318902,0.203540985782941,0,0,0,0,0.351869612932205,0.342708065251636,0.285104895631472,0.321807716767509,0.355611122730705,0.369782505163633,0.365094365345107,0.297178888862783,0.245532142815526,0.289570507640663,0.274860437915043,0.289794306566076,0.336529284715652
0,0,0,0,0,0,0,0,0,0,0,0.36611507680122,0,0,0,0,0,0,0,0,0,0,0,0,0,0,0,0,0,0.437662380984274,0,0,0,0.336010694503784,0,0.261829185393632,0,0.311131019766132,0,0,0,0.362809158431465,0,0,0,0.339131660389999,0,0,0,0.329356318170374,0,0,0,0,0,0,0,0.437792016495974,0,0,0,0,0.329154740355284,0,0,0,0,0,0,0,0,0,0.419194426919733,0,0,0,0,0,0.30735713888855,0,0.328044507811475,0,0.237956200034013,0.27070215344429,0.41664404136794,0.352937577068806,0
0,0,0,0,0.22835798671952,0,0.205083578824997,0,0,0,0.298075322862203,0,0,0,0,0,0,0,0,0,0,0,0,0,0,0,0,0,0,0,0,0,0,0,0,0,0.239283508241838,0,0.235052448032158,0,0,0,0,0,0,0,0.253391781806946,0,0,0,0.210887312889099,0,0,0,0,0,0.282345094116388,0,0,0,0,0,0,0.265766259650668,0,0,0,0,0,0,0,0,0,0.323371112346649,0,0,0,0,0,0.234378426502912,0,0.219027280807495,0.207422688614374,0,0.304043919515254,0,0
0,0.197655444866733,0,0.233507499098778,0,0,0,0,0.212951336055994,0.222870839138826,0,0,0,0,0.191933512687683,0.202939268946648,0.200286913130965,0.181231679394841,0.268455636615937,0,0,0,0.130031285390734,0.144832268357277,0.213451325893402,0.187584413796343,0,0.2995466200205,0,0,0,0,0,0,0,0,0,0.230110462426263,0.218151259071687,0,0,0.261542242020369,0.284377438681466,0.339240461587906,0,0,0,0,0,0.216002494216375,0,0,0,0,0,0.212821317215761,0,0,0,0,0,0.187138699926436,0,0,0.251409503533471,0.106964007019997,0.191186936838286,0,0.188491891300867,0,0.316608685145684,0,0,0,0,0.318651229143143,0,0.326053738594055,0,0.294759511947632,0.182931672217268,0.216585117081801,0.151018588616254,0.174004532396793,0.258604094386101,0.314822003245354,0
0,0,0,0,0,0,0,0,0,0,0,0,0,0,0.159102410078049,0,0.15127927561601,0,0,0,0,0.130031285390734,0,0,0.314073066882513,0,0.237881831073946,0,0.282100837384717,0,0,0,0,0.575649434328079,0.561605870723724,0,0,0,0.302269656979674,0,0,0,0,0,0,0,0,0.566230575243632,0.28873684858626,0,0,0,0,0,0,0,0,0,0,0,0,0,0,0,0.11940081914266,0.272356483305759,0,0.212729744613171,0,0.279890783929399,0,0.282269600810658,0,0.3504438996315,0,0,0,0.496173451344172,0,0,0,0.202892004629207,0.243130261800023,0.199942591696464,0.359247073531151,0,0
0,0.194219102681671,0,0.22400442759196,0,0,0,0,0.194913891680313,0.258641546494082,0,0,0,0,0.181137755513191,0.213303325606174,0.220976905848669,0.224442392656173,0.235583387676952,0,0,0.144832268357277,0,0,0.191371063036578,0.211488578579213,0,0,0,0,0,0,0,0,0.252739787101746,0.285052567720413,0,0.185977375998939,0,0,0,0.201581207769258,0.305931518475215,0.258323913812637,0,0,0,0.329957455396652,0.290321886539459,0.203507176041603,0,0,0,0,0.188956184312701,0.26199340654744,0,0.152344778180122,0,0.19495053589344,0,0.195048985105974,0,0,0.210896402597427,0,0.178710922517854,0.179411884397268,0.209680614992976,0.185441568493843,0.148708008229733,0,0,0,0,0,0,0,0,0.37699556350708,0.174449600279331,0,0.197381887672009,0.275332455124174,0.226466502745946,0.205036953643516,0
0.233819569532688,0.189793489549471,0,0,0,0,0,0,0.197455182671547,0.280357897281647,0,0,0,0,0.167990400510676,0.254444155842066,0.209920950565893,0.218604878832897,0.217082285810085,0,0,0.213451325893402,0.314073066882513,0.191371063036578,0,0.196010300517082,0.261009422269198,0,0,0,0,0,0,0,0,0,0,0.151774999996026,0.282633210848836,0,0,0.225269515067339,0.31989981730779,0.345143347978592,0,0,0,0.297090470790863,0.266584523460444,0,0,0,0,0,0.185589028522372,0.24340483546257,0,0,0,0,0.183691576123238,0.193204112350941,0,0,0,0.315120345261772,0.188503166331964,0.257925514725671,0.206983730196953,0.186047504345576,0,0,0,0,0,0,0,0,0,0,0,0.272947654128075,0.206494876623747,0.288050979375839,0.245391328252998,0.20210400223732,0
0,0.259802291517035,0,0.260477736995027,0,0,0,0,0.236799985170364,0.260839351220056,0,0,0,0.179399677055577,0.346653908491135,0.182495988242943,0.264043542969076,0.196983646421597,0.33214840888977,0,0,0.187584413796343,0,0.211488578579213,0.196010300517082,0,0,0.171847420505115,0,0,0,0,0.34235092997551,0,0.386438488960266,0.376762449741364,0.305354207754135,0.279327437281609,0,0,0,0.301650156577428,0.330408105483422,0.336462783578195,0,0.303877395391464,0,0.36599714415414,0.324208736419678,0.169510819390416,0,0,0,0,0.283986426889896,0.234236340070593,0,0.164392471313477,0,0.161258167791657,0,0.174394991533289,0,0,0.189532533288002,0,0.224624735829623,0.205978363752365,0.170400676177304,0,0.157193912870505,0,0,0,0,0.365451836585999,0,0.344622500240803,0.386943444609642,0.35563592116038,0.173612549901009,0,0.213366779277012,0.307449713945389,0.339717508869225,0.346103628476461,0
0,0,0,0,0,0,0,0,0.151432202381342,0,0,0,0,0,0.145037718788461,0.193344533443451,0.159174376313791,0.208602891726927,0.216444709011026,0,0,0,0.237881831073946,0,0.261009422269198,0,0,0,0.181109411021074,0,0,0,0,0,0,0,0,0.165844485163689,0,0,0,0,0,0,0,0,0,0,0,0,0,0,0,0,0.161531540751457,0,0,0,0,0,0.143363358690435,0,0,0,0,0.254043451199929,0,0.173064834692261,0,0.200940367618674,0,0.165301711195045,0,0,0,0,0,0,0,0,0.265817403793335,0,0.160220129069072,0,0,0.200876459479332,0
0,0.332497851206706,0,0.333446055650711,0,0,0,0,0,0.250907063484192,0,0.336157330246069,0,0.196057234035983,0,0.174477194979166,0.404166373610497,0.165830157308475,0.352311636392887,0,0,0.2995466200205,0,0,0,0.171847420505115,0,0,0,0.375272343167648,0,0,0,0,0,0,0.421635925769806,0.292184959389582,0,0,0,0,0.349669560790062,0.400688683986664,0,0,0,0,0.316190838813782,0.212317235767841,0,0,0,0,0,0,0,0.330468117218951,0,0.161416178391803,0,0.184109369628742,0,0,0.305353689193726,0,0.206322021782398,0,0.181909304531016,0,0.305279309900342,0,0.387965764353673,0,0,0,0,0,0,0,0.35982475538602,0,0.20482501822348,0.169063544273376,0.355114352490221,0.415059059858322,0
0,0,0,0,0,0,0,0,0,0,0,0,0,0,0,0,0,0,0,0,0,0,0.282100837384717,0,0,0,0.181109411021074,0,0,0,0.132210448384285,0,0,0,0,0,0,0,0.22481161881389,0,0,0,0,0,0,0,0,0,0.278380142558705,0,0,0,0,0,0,0,0,0,0,0,0,0,0,0,0,0.274320448670432,0,0.26243868126319,0,0.260785147547722,0,0.233932634406293,0,0,0,0,0,0,0,0,0,0.26861688543807,0,0,0,0,0
0,0,0,0,0,0,0,0,0,0,0,0.33165897294879,0,0.286778229665249,0,0,0,0,0,0.437662380984274,0,0,0,0,0,0,0,0.375272343167648,0,0,0,0,0,0.34063783288002,0,0.334437784221437,0,0.311227404936643,0,0.383138298988342,0,0.366898000240326,0,0,0,0.404132683168758,0,0,0,0,0,0,0,0,0,0,0,0.363014056958491,0,0,0,0,0.409877780867719,0,0,0,0,0,0,0,0.401349446147581,0,0.317275804024825,0,0,0,0,0,0.352048028950338,0,0.291461528644185,0,0.334637190968218,0.324171334505081,0.436830303498677,0,0
0,0,0,0,0,0,0,0,0,0,0.302417119942516,0,0,0,0,0,0,0,0,0,0,0,0,0,0,0,0,0,0.132210448384285,0,0,0,0,0,0,0,0,0,0.264449056203549,0,0,0,0,0,0,0,0,0,0,0,0,0,0,0,0,0,0.300447458277146,0,0,0,0,0,0,0,0,0,0,0,0,0,0,0.213767230510712,0,0.233165315383874,0,0,0,0,0,0,0,0.252143801167536,0.306460258635608,0,0,0,0
0,0,0,0,0,0,0,0,0,0,0,0,0,0,0,0,0,0,0.272061288356781,0,0,0,0,0,0,0,0,0,0,0,0,0,0.486500767955355,0.375281856794442,0,0.454939302682666,0.494240089524083,0.34494811296463,0,0.291696404940204,0.357496619224548,0.32228700702007,0.319049141623757,0,0,0.308986246585846,0.301712470722723,0.208923814818263,0.262122594647937,0.357469540660399,0,0,0,0,0,0,0,0.344682857394218,0,0,0,0,0.27800732145184,0.309574693441391,0,0,0,0,0,0,0,0,0,0.33319017291069,0.372067572650498,0.5756926993529,0.537773326039314,0.345308721065521,0.421712746447918,0.500730482824877,0.36017668992281,0.330778679677418,0.419722025132261,0,0.32341785877943,0,0.308098618800824
0,0.31559345126152,0,0,0,0,0,0,0,0,0,0,0,0,0,0,0.329214930534363,0.382522404193878,0.360907137393951,0,0,0,0,0,0,0.34235092997551,0,0,0,0,0,0.486500767955355,0,0,0.284635079695898,0.544719787383521,0.488015656028038,0,0,0,0.307267589212367,0.269709125161171,0.341990520556768,0,0,0,0.265624642372131,0.251390963450245,0.32760332509008,0,0,0,0,0,0,0,0,0.358181089162827,0,0,0,0.390882790088654,0,0,0,0,0,0,0,0,0,0,0,0,0.324262097131374,0.391423891370113,0,0.325484978966415,0.497047576733998,0.47685778386847,0,0,0.562375489212231,0,0.307707894593477,0,0
0,0,0,0,0,0,0,0,0,0.261430531740189,0,0.371934801340103,0,0,0,0,0.279402077198029,0.290614008903503,0.286822400216399,0.336010694503784,0,0,0.575649434328079,0,0,0,0,0,0,0.34063783288002,0,0.375281856794442,0,0,0.492929351996947,0.358015395968419,0.329429115204241,0.350625728611012,0.421502568986681,0.3144874977214,0.261848831176758,0.251821553204494,0.258513951557023,0.29827082157135,0,0.308006019136658,0.285319448018274,0.422688993945051,0.273661615756842,0.330762323120545,0,0,0,0,0,0,0,0.341536483594349,0,0,0,0,0.279746811236105,0.280194118618965,0,0.525778114795685,0,0.24175363779068,0,0,0,0,0,0.314099925756454,0.300535242921776,0.293251010278861,0.436792944775319,0.520207009160798,0.393126902794772,0.376060581324434,0.49470478557362,0.506597979863485,0.347326663307225,0.252802938222885,0.322641435465794,0.319743336902724,0.306669333401848
0,0.327541068196297,0,0,0,0,0,0,0,0.303963989019394,0,0,0,0,0,0.38238787651062,0.320023819804192,0.359784339865049,0.321654071233102,0,0,0,0.561605870723724,0.252739787101746,0,0.386438488960266,0,0,0,0,0,0,0.284635079695898,0.492929351996947,0,0.348530815406279,0.30210345918818,0.269371215592731,0.457813934764077,0,0.269078535693032,0.256119414776951,0.309676796848124,0.397565811872482,0,0.312838360667229,0.300595236417738,0.404534202623367,0.330097395451145,0.498410120606422,0,0,0,0,0,0,0,0,0,0,0,0.363118082284927,0,0.292906194925308,0,0.596392021459692,0.289448410272598,0,0,0,0,0,0,0.308325543999672,0.328456550836563,0.32388022283251,0.433174218420985,0.402409316349296,0.360388459903853,0.305256924020282,0.614373974204063,0.453869423093708,0.340262310664358,0.325692041042429,0.320645313189023,0.254583965986967,0.308476246893406
0,0.369807893037796,0,0,0,0,0,0,0,0.381100118160248,0,0.28399700881579,0,0,0,0.337687700986862,0.380529119074345,0.361968600087696,0.358193297077108,0.261829185393632,0,0,0,0.285052567720413,0,0.376762449741364,0,0,0,0.334437784221437,0,0.454939302682666,0.544719787383521,0.358015395968419,0.348530815406279,0,0.367895722408448,0.283290008050966,0.26742348074913,0.262559850154252,0.352808654308319,0.348608148578518,0.365496025198982,0.396905996614978,0.369942665100098,0.327767267838872,0.291956260800362,0.299356871129324,0.341496124863625,0.290497459976008,0,0,0,0,0,0,0,0.326156907847949,0,0,0,0.414514370262623,0.276856825041231,0,0,0,0.4037005007267,0,0.284729659557343,0,0,0,0,0.323460698127747,0.320674767634671,0.462112127438835,0.313801407984867,0.324381545186043,0.284581364325808,0.414312019740993,0.283425906136251,0,0.264899478876389,0.259226563630223,0.438278563515423,0.458262880417434,0
0,0.372076243162155,0,0,0.226886793971062,0,0,0,0,0,0.249348799387614,0,0,0,0,0.443643659353256,0.387538598643409,0.38297908504804,0.375412902235985,0,0.239283508241838,0,0,0,0,0.305354207754135,0,0.421635925769806,0,0,0,0.494240089524083,0.488015656028038,0.329429115204241,0.30210345918818,0.367895722408448,0,0.1517259610387,0.263727335387907,0,0.287738515413957,0.342483290367656,0.411885283536496,0.366698414087296,0,0,0.285759234131443,0.318601396896981,0.300051311604106,0,0,0,0,0,0,0,0,0,0,0,0,0.378480106592178,0,0.253089428424378,0,0,0,0,0.361316710710526,0,0,0,0,0.304213918745518,0.430512531323636,0.335720041628219,0.366631023345455,0.281182810055312,0.362167416473305,0.28416187263573,0.410756717125575,0.280876042260824,0.297330940875679,0.239228402141236,0.296479099408715,0.351417660713196,0.282807609614204
0,0.191598541357301,0,0.217913374304771,0,0,0,0,0.167242482304573,0,0,0.284352965871855,0,0,0,0.202771310295377,0.215411564478507,0.233899742364883,0.281024920088904,0.311131019766132,0,0.230110462426263,0,0.185977375998939,0.151774999996026,0.279327437281609,0.165844485163689,0.292184959389582,0,0.311227404936643,0,0.34494811296463,0,0.350625728611012,0.269371215592731,0.283290008050966,0.1517259610387,0,0.168459251649299,0.358584344387054,0,0.364322967650527,0,0,0,0.405950623381998,0,0.468081877419823,0,0.361263846055321,0,0,0,0,0,0.205821499228477,0,0.35367375792879,0,0,0,0,0.378715773194767,0,0.266584096410695,0,0.1713478241957,0,0.190302025526762,0,0.304224311848575,0,0.328068794819294,0,0.351945400238037,0,0.39851549781813,0,0.267676369727387,0,0.256506467355056,0,0.240699862096468,0.229456435652513,0.505543443389323,0.473322805068264,0
0,0,0,0,0,0,0,0,0,0,0.284188673823652,0,0,0,0,0,0,0,0.328534253233788,0,0.235052448032158,0.218151259071687,0.302269656979674,0,0.282633210848836,0,0,0,0.22481161881389,0,0.264449056203549,0,0,0.421502568986681,0.457813934764077,0.26742348074913,0.263727335387907,0.168459251649299,0,0,0.264348581433296,0,0.252936709736813,0,0,0,0.250141873955727,0.417744782672079,0.336657310852417,0,0,0,0,0,0,0,0.311446764875972,0,0,0,0,0,0,0.158341886032195,0,0.326508095782054,0,0.15066759288311,0,0.300915210019974,0,0.279804780690873,0,0.277949165492962,0,0.437753409147263,0,0.460309050013562,0,0.261164506325102,0.161306859925389,0.252325349466244,0.270926413716772,0.202028461338181,0.226457368728577,0,0
0,0,0,0,0,0,0,0,0,0,0,0.361938685178757,0,0,0,0,0,0,0.380917102098465,0,0,0,0,0,0,0,0,0,0,0.383138298988342,0,0.291696404940204,0,0.3144874977214,0,0.262559850154252,0,0.358584344387054,0,0,0,0.312854543328285,0,0,0,0.295138439632577,0,0.2445317519472,0,0.227310732389108,0,0,0,0,0,0,0,0.375921353697777,0,0,0,0,0.285263970918287,0,0,0,0,0,0,0,0,0,0,0,0.268292809257636,0,0.335659645497799,0,0.303894361724024,0,0.425978731025349,0,0.254719376564026,0,0.320690780878067,0,0
0,0,0,0,0,0,0,0,0,0,0,0,0,0,0,0,0.315767377614975,0,0.296964985132217,0,0,0,0,0,0,0,0,0,0,0,0,0.357496619224548,0.307267589212367,0.261848831176758,0.269078535693032,0.352808654308319,0.287738515413957,0,0.264348581433296,0,0,0.229060374200344,0.319812596649737,0,0,0.269299149513245,0.321534749038136,0.209233160998862,0.223394396321641,0,0,0,0,0,0,0,0,0,0,0,0,0,0,0.276154505445602,0,0,0,0,0,0,0,0,0,0.340712272695133,0,0.287187667242923,0.376875475049019,0.310873973369598,0,0.295945175522042,0,0.302706431597471,0.27977132499218,0.278790563344955,0.325649248871291,0.318932831287384,0.350287107320932
0,0.249406391123067,0,0.283096637414849,0,0,0,0,0,0.289754955870349,0,0.365221345549697,0,0.222376689314842,0,0.264342114871198,0.326087604869496,0.334398522879928,0.269477228100583,0.362809158431465,0,0.261542242020369,0,0.201581207769258,0.225269515067339,0.301650156577428,0,0,0,0.366898000240326,0,0.32228700702007,0.269709125161171,0.251821553204494,0.256119414776951,0.348608148578518,0.342483290367656,0.364322967650527,0,0.312854543328285,0.229060374200344,0,0.261176355411818,0.317577624320984,0.29247859120369,0.287765862554117,0.258013277099683,0.237589579165341,0.291755720167547,0.253911927488155,0,0,0,0,0.222375839948654,0.289244767278433,0,0.311054376721382,0,0,0,0.328653125512984,0.349517796924728,0,0,0,0.190963933130969,0,0.295532015236941,0,0.288922734558582,0,0.255541501159064,0,0.31991558894515,0.310780578364546,0.262156965463392,0.245728195656704,0.353637008105296,0.348619974218309,0.29709388282362,0.333215994139512,0.277408390255808,0.309121057697355,0.276559024034472,0.283926782636678,0
0.272915005683899,0.289410380423069,0,0.267346113920212,0,0,0,0,0.28550375359399,0.291667790710926,0,0,0,0.266312628984451,0.278380922973156,0.340056824333528,0.337139871160863,0.349229956393713,0.302816864764713,0,0,0.284377438681466,0,0.305931518475215,0.31989981730779,0.330408105483422,0,0.349669560790062,0,0,0,0.319049141623757,0.341990520556768,0.258513951557023,0.309676796848124,0.365496025198982,0.411885283536496,0,0.252936709736813,0,0.319812596649737,0.261176355411818,0,0.3240113252153,0.174018614289194,0.304428168572485,0.240363498414053,0.245718756137768,0.338562116350247,0.284313549598058,0,0,0,0,0.382538169622421,0.314980711255755,0,0,0,0.342568501830101,0,0.358862078342682,0.296992391347885,0.285168075094036,0,0,0.337039768695831,0,0.336758200938885,0,0,0,0,0.495057632525762,0.319515749812126,0.309826005597909,0.259650212526321,0.300788833056905,0.352172908488284,0.46842775572931,0.319830921563235,0.494458027573866,0.255170634253512,0.302708983697273,0.319351666624909,0.286525920471724,0.322889413292525
0,0.264001496460127,0,0,0,0,0,0,0,0.29528006572615,0,0,0,0.394763112068176,0,0.351057513193651,0.360406481143501,0.3754948938867,0.304060320944002,0,0,0.339240461587906,0,0.258323913812637,0.345143347978592,0.336462783578195,0,0.400688683986664,0,0,0,0,0,0.29827082157135,0.397565811872482,0.396905996614978,0.366698414087296,0,0,0,0,0.317577624320984,0.3240113252153,0,0,0.300812392657803,0,0.321986754735311,0.319741601745288,0.300571288381304,0,0,0,0,0,0.297576838731766,0,0,0,0.402190327644348,0,0.425129444164745,0,0,0,0,0.337656289339066,0,0.314246094226837,0,0,0,0,0,0,0,0,0.357859760522842,0.379194125533104,0.390101671218872,0.409552082419395,0,0.321921872581251,0.311498031753008,0.302230080935211,0.366765296459198,0
0,0.201689675450325,0,0,0,0,0,0,0,0.222468023498853,0,0,0,0,0,0,0.361071467399597,0.335854910314083,0.220423124730587,0,0,0,0,0,0,0,0,0,0,0,0,0,0,0,0,0.369942665100098,0,0,0,0,0,0.29247859120369,0.174018614289194,0,0,0.332234114408493,0.170805971655581,0.318601787090302,0,0,0,0,0,0,0,0,0,0,0,0,0,0,0,0,0,0,0,0,0,0,0,0,0,0,0,0,0,0,0,0,0,0,0.282802916131914,0.270567208528519,0.152226067630641,0.276348471641541,0.166366446443966
0,0.236378863453865,0,0,0,0,0,0,0,0.332234010100365,0,0.37412389350219,0,0,0,0.337436040242513,0.367365788954955,0.348005366257646,0.287598188480605,0.339131660389999,0,0,0,0,0,0.303877395391464,0,0,0,0.404132683168758,0,0.308986246585846,0,0.308006019136658,0.312838360667229,0.327767267838872,0,0.405950623381998,0,0.295138439632577,0.269299149513245,0.287765862554117,0.304428168572485,0.300812392657803,0.332234114408493,0,0.273454137823798,0.293709984208856,0.262723542749882,0.266453686025408,0,0,0,0,0,0,0,0.387806142548899,0,0,0,0.387530393898487,0.234882805309914,0,0,0,0,0,0.27912849932909,0,0,0,0.410445744952848,0,0.30087446845943,0.322957033912341,0.324820634761414,0.346188202500343,0.339765760887183,0.307635924645833,0.427821694437084,0.310925409197807,0.286644298938059,0.325160926580429,0.228139265748276,0.327260589774917,0
0,0,0,0,0,0,0,0,0,0,0.2378810942173,0,0,0,0,0,0,0,0.274350211024284,0,0.253391781806946,0,0,0,0,0,0,0,0,0,0,0.301712470722723,0.265624642372131,0.285319448018274,0.300595236417738,0.291956260800362,0.285759234131443,0,0.250141873955727,0,0.321534749038136,0.258013277099683,0.240363498414053,0,0.170805971655581,0.273454137823798,0,0.272919235378504,0.313336463417379,0.252434387803078,0,0,0,0,0,0,0.291651434623278,0,0,0,0,0,0.276928385098775,0.264675056921928,0,0,0,0,0,0,0,0,0,0.361754016316493,0.313750111743024,0.286185881495476,0.337733048817207,0.298939803116758,0.278712651559285,0.320191330523909,0.338296711444855,0.315310261164393,0.291381381176136,0,0.297395384661141,0,0.327303077112958
0,0.336402485768,0,0,0,0,0,0,0.317059248685837,0.341901814937592,0,0,0,0,0,0.375030646721522,0.343005316456159,0.34814925385373,0.298691069865975,0,0,0,0.566230575243632,0.329957455396652,0.297090470790863,0.36599714415414,0,0,0,0,0,0.208923814818263,0.251390963450245,0.422688993945051,0.404534202623367,0.299356871129324,0.318601396896981,0.468081877419823,0.417744782672079,0.2445317519472,0.209233160998862,0.237589579165341,0.245718756137768,0.321986754735311,0.318601787090302,0.293709984208856,0.272919235378504,0,0.418640280783176,0.483614290262213,0,0,0,0,0,0.400123596191406,0,0,0,0,0,0.390459383527438,0.244530773162842,0,0,0.437075138092041,0,0,0.348442037900289,0,0,0,0,0.31389793753624,0.318458143870036,0.307569971734968,0.376974749656124,0.424225671940548,0.341031647196003,0.326067533862023,0.736411738984478,0.454186850310237,0.273063512503681,0.285107344388962,0.358571596333645,0.236931804981497,0.284482848644257
0.178017199039459,0.297488800116948,0.170364499092102,0,0,0,0,0,0.172934164603551,0.311806917190552,0,0,0,0,0,0.338001526892185,0.298231349637111,0.343150734901428,0.306771859946385,0,0,0,0.28873684858626,0.290321886539459,0.266584523460444,0.324208736419678,0,0.316190838813782,0.278380142558705,0,0,0.262122594647937,0.32760332509008,0.273661615756842,0.330097395451145,0.341496124863625,0.300051311604106,0,0.336657310852417,0,0.223394396321641,0.291755720167547,0.338562116350247,0.319741601745288,0,0.262723542749882,0.313336463417379,0.418640280783176,0,0.308663219213486,0,0,0,0,0,0.33594161272049,0,0,0,0,0,0.340033048391342,0.270770281553268,0.320889654128175,0,0.318174340403997,0,0.315800693215498,0.302302479743958,0.282023882749034,0,0.277149523891833,0,0.439566327153512,0.310622006654739,0.314636480915654,0.383848309516907,0.268882831724563,0.332866451254597,0.337351388693082,0,0.354973813545877,0.295866112134098,0.315655281910529,0.344863751022196,0.308225989341736,0.320535701784221
0,0.169143605764423,0,0.343312725424767,0,0,0,0,0,0.188721072342661,0,0.322124385171466,0,0,0,0.186977657966497,0.256162811602865,0.198669869125935,0.272829370671197,0.329356318170374,0,0.216002494216375,0,0.203507176041603,0,0.169510819390416,0,0.212317235767841,0,0,0,0.357469540660399,0,0.330762323120545,0.498410120606422,0.290497459976008,0,0.361263846055321,0,0.227310732389108,0,0.253911927488155,0.284313549598058,0.300571288381304,0,0.266453686025408,0.252434387803078,0.483614290262213,0.308663219213486,0,0,0,0,0,0,0.13383872108534,0,0.222733422832669,0,0.172277212142944,0,0.175011396408081,0.313619370119912,0,0.231354665687402,0,0.181086523847266,0,0.175257727503777,0,0.274299000188662,0,0.244771071518494,0,0.356359686528411,0.310563723246257,0.309943364104804,0.46641872326533,0.296692655964212,0.348675101995468,0.360839162588789,0,0.250647448197318,0.283410133421421,0.248869816557021,0.33233820903115,0
0,0,0,0,0.181167510606475,0,0.177107580727147,0,0,0,0,0,0,0,0,0,0,0,0,0,0.210887312889099,0,0,0,0,0,0,0,0,0,0,0,0,0,0,0,0,0,0,0,0,0,0,0,0,0,0,0,0,0,0,0,0.126713056117296,0,0,0,0.180792496840757,0,0.238715372048318,0,0,0,0,0,0,0,0,0,0,0,0,0,0,0,0,0,0,0,0,0,0,0,0.186565989826588,0,0.191796999424696,0,0
0,0,0,0,0,0,0,0,0,0,0,0,0,0,0,0,0,0,0,0,0,0,0,0,0,0,0,0,0,0,0,0,0,0,0,0,0,0,0,0,0,0,0,0,0,0,0,0,0,0,0,0,0,0,0,0,0,0,0,0,0,0,0,0,0,0,0,0,0,0,0,0,0,0,0,0,0,0,0,0,0,0,0,0,0,0,0
0,0,0,0,0.125554571549098,0,0.168178340643644,0,0,0,0.164100959897041,0,0,0,0,0,0,0,0,0,0,0,0,0,0,0,0,0,0,0,0,0,0,0,0,0,0,0,0,0,0,0,0,0,0,0,0,0,0,0,0.126713056117296,0,0,0,0,0,0.211977042902548,0,0,0,0,0,0,0,0,0,0,0,0,0,0,0,0,0,0,0,0,0,0,0,0,0,0.172836501683508,0,0,0,0
0,0,0,0,0,0,0,0.253300110809505,0,0,0,0,0,0,0,0,0,0,0,0,0,0,0,0,0,0,0,0,0,0,0,0,0,0,0,0,0,0,0,0,0,0,0,0,0,0,0,0,0,0,0,0,0,0,0,0,0,0,0,0,0,0,0,0,0,0,0,0,0,0,0,0,0,0,0,0,0,0,0,0,0,0,0.252941650737609,0.200441036373377,0,0,0
0.150427881628275,0.18144579231739,0,0,0,0,0,0,0.17263656758493,0,0,0,0,0,0.165194325870083,0.186247304081917,0.201369737655344,0.225755297889312,0.223343277431053,0,0,0,0,0.188956184312701,0.185589028522372,0.283986426889896,0.161531540751457,0,0,0,0,0,0,0,0,0,0,0,0,0,0,0.222375839948654,0.382538169622421,0,0,0,0,0,0,0,0,0,0,0,0,0.253894031047821,0,0,0,0,0.166025231169029,0,0,0,0,0,0.19912339001894,0.194873293240865,0,0.16536420413426,0,0,0,0,0,0.356521397829056,0,0,0,0,0,0,0.179475043319229,0,0,0,0
0,0.20236520642458,0,0.218161478638649,0,0,0,0,0.251445859670639,0.28851668897428,0,0,0,0.182980567216873,0,0.354756380364831,0.32050885138463,0.31160404937095,0.300494875510534,0,0,0.212821317215761,0,0.26199340654744,0.24340483546257,0.234236340070593,0,0,0,0,0,0,0,0,0,0,0,0.205821499228477,0,0,0,0.289244767278433,0.314980711255755,0.297576838731766,0,0,0,0.400123596191406,0.33594161272049,0.13383872108534,0,0,0,0,0.253894031047821,0,0,0,0,0.310528934001923,0,0.309650614267529,0,0,0,0,0.239355765283108,0,0.201623169912232,0,0,0,0,0,0,0.329001277685165,0,0,0.359882165988286,0.383684694766998,0.335172023624182,0,0.298640173160087,0.219942095544603,0.302577582853181,0.299296802708081,0
0,0,0,0,0.170791555196047,0,0.260018676519394,0,0,0,0.277980841729027,0,0,0,0,0,0,0,0,0,0.282345094116388,0,0,0,0,0,0,0,0,0,0.300447458277146,0,0,0,0,0,0,0,0.311446764875972,0,0,0,0,0,0,0,0.291651434623278,0,0,0,0.180792496840757,0,0.211977042902548,0,0,0,0,0,0.220002528483217,0,0,0,0,0.28701214492321,0,0,0,0,0,0,0,0.282332824336158,0,0.269242008842488,0,0,0,0,0,0,0,0.289540185563026,0.26688233366672,0,0.285171575844288,0,0
0,0.165181532502174,0,0,0,0,0,0.221702836453915,0,0,0,0.335555401980451,0,0.382188172051401,0,0.141436457633972,0,0.182042494416237,0,0.437792016495974,0,0,0,0.152344778180122,0,0.164392471313477,0,0.330468117218951,0,0.363014056958491,0,0.344682857394218,0.358181089162827,0.341536483594349,0,0.326156907847949,0,0.35367375792879,0,0.375921353697777,0,0.311054376721382,0,0,0,0.387806142548899,0,0,0,0.222733422832669,0,0,0,0,0,0,0,0,0,0.229752057365009,0,0.170687941834331,0.393540515911051,0,0,0,0,0,0.170851688366383,0,0.214503042144567,0,0.388316086080743,0,0.386185139417648,0,0.363866657018661,0,0.346277792453766,0,0.326741451154584,0,0.393623671926267,0.135759621858597,0.339027866137834,0.40212571422259,0
0,0,0,0,0,0,0,0,0,0,0,0,0.282180711627007,0,0,0,0,0,0,0,0,0,0,0,0,0,0,0,0,0,0,0,0,0,0,0,0,0,0,0,0,0,0,0,0,0,0,0,0,0,0.238715372048318,0,0,0,0,0,0.220002528483217,0,0,0,0,0,0,0,0,0,0,0,0,0,0,0,0,0,0,0,0,0,0,0,0,0,0,0,0,0,0
0,0.318173848092556,0,0,0,0,0,0,0,0.335248649120331,0,0.296129101823116,0,0.172207767995538,0,0.168966355805214,0.350389465689659,0.206736072897911,0.339051973074675,0,0,0,0,0.19495053589344,0,0.161258167791657,0,0.161416178391803,0,0,0,0,0,0,0,0,0,0,0,0,0,0,0.342568501830101,0.402190327644348,0,0,0,0,0,0.172277212142944,0,0,0,0,0,0.310528934001923,0,0.229752057365009,0,0,0,0.206382014367678,0,0,0,0,0,0,0.171016933886628,0,0.225364221025396,0,0,0,0,0,0,0,0,0,0,0,0.144571193590246,0.176994688808918,0.341003455221653,0.31805631518364,0
0,0,0,0,0,0,0,0,0.142096162280616,0,0,0,0,0,0.176309920923702,0,0.147331728363982,0.176465518772602,0.162682720048483,0,0,0,0,0,0.183691576123238,0,0.143363358690435,0,0,0,0,0,0,0,0,0,0,0,0,0,0,0,0,0,0,0,0,0,0,0,0,0,0,0,0.166025231169029,0,0,0,0,0,0,0,0,0,0,0,0,0.180471022923787,0,0.149774964153767,0,0,0,0,0,0,0,0,0,0,0,0,0.147993515625663,0,0,0,0
0,0.326280376004382,0,0.277734211900017,0,0,0,0,0,0.227725867020047,0,0,0,0.183407154802269,0.34167954325676,0.18728906293365,0.366565991266101,0.238110141639576,0.365077668196195,0,0,0.187138699926436,0,0.195048985105974,0.193204112350941,0.174394991533289,0,0.184109369628742,0,0,0,0,0.390882790088654,0,0.363118082284927,0.414514370262623,0.378480106592178,0,0,0,0,0.328653125512984,0.358862078342682,0.425129444164745,0,0.387530393898487,0,0.390459383527438,0.340033048391342,0.175011396408081,0,0,0,0,0,0.309650614267529,0,0.170687941834331,0,0.206382014367678,0,0,0,0,0.184376239776611,0,0.20118091765203,0,0.170550686067848,0,0.192402563989162,0,0,0,0,0.38033364713192,0,0.372816160321236,0.412364614861352,0.356257786353429,0,0,0.209750379432835,0.168506561079349,0.388338371274177,0.347935600413216,0
0,0.293056130409241,0,0,0,0,0,0,0,0,0,0.372760018810283,0,0,0,0,0,0.280618727207184,0.286409546931585,0.329154740355284,0,0,0,0,0,0,0,0,0,0.409877780867719,0,0.27800732145184,0,0.279746811236105,0,0.276856825041231,0,0.378715773194767,0,0.285263970918287,0,0.349517796924728,0.296992391347885,0,0,0.234882805309914,0.276928385098775,0.244530773162842,0.270770281553268,0.313619370119912,0,0,0,0,0,0,0,0.393540515911051,0,0,0,0,0,0,0,0,0,0,0,0,0,0,0.386294427243146,0,0.294440568573233,0.322768807411194,0.278761155226014,0,0.304102470300907,0.279321899016698,0.355089349435227,0,0.251289493884101,0.297571703791618,0.268691142379749,0.287085218975941,0
0,0,0,0,0,0,0,0,0,0,0.312266228099664,0,0,0,0,0,0,0,0,0,0.265766259650668,0,0,0,0,0,0,0,0,0,0,0.309574693441391,0,0.280194118618965,0.292906194925308,0,0.253089428424378,0,0.158341886032195,0,0.276154505445602,0,0.285168075094036,0,0,0,0.264675056921928,0,0.320889654128175,0,0,0,0,0,0,0,0.28701214492321,0,0,0,0,0,0,0,0,0,0,0,0,0,0,0,0,0.401296369234721,0,0,0.282076418399811,0,0,0.292743042626164,0,0.279369384050369,0.240043460052623,0,0.346863359069824,0,0.33796786410468
0,0.215202841162682,0,0.203854441642761,0,0,0,0,0,0,0,0,0,0,0,0.2124258056283,0.189751975238323,0.185032194075377,0.206312343478203,0,0,0.251409503533471,0.11940081914266,0.210896402597427,0,0.189532533288002,0,0.305353689193726,0,0,0,0,0,0,0,0,0,0.266584096410695,0,0,0,0,0,0,0,0,0,0,0,0.231354665687402,0,0,0,0,0,0,0,0,0,0,0,0.184376239776611,0,0,0,0,0.189789856651,0,0.19441234426839,0,0.248633328023591,0,0,0,0,0,0,0,0,0,0.292163968618427,0,0.213125556390336,0,0,0,0
0,0,0,0,0,0,0,0,0,0,0,0,0,0,0,0,0.147668361663818,0,0,0,0,0.106964007019997,0.272356483305759,0,0.315120345261772,0,0.254043451199929,0,0.274320448670432,0,0,0,0,0.525778114795685,0.596392021459692,0,0,0,0.326508095782054,0,0,0,0,0,0,0,0,0.437075138092041,0.318174340403997,0,0,0,0,0,0,0,0,0,0,0,0,0,0,0,0,0,0,0.252930753325161,0,0.261880246621947,0,0.271076001591616,0,0,0,0,0,0.549136287399701,0,0,0,0.236530222941803,0.266672621900107,0.222585611694723,0,0,0
