0,0,9.69316917657852,0,0,0,0,0,19.2601773738861,0,0,0,0,0,0,0,5.53892932087183,3.34566375613213,17.3733775168657,0,0,0,0,0,0,0,0,0,0,0,0,0,0,0,0,0,0,0,0,0,0.391419380903244,0,95.0694420188665,0,0,0,0,0,67.7145594358444,0,0,0,0,0,129.683192536235,0,0.181206405162811,0,0,0,14.140019595623,0,0,0,0,0,0,0,0,0,0,0,0,0.97247214615345,0,0,0,0,0,0,0,0,39.0395476967096,0,282.940578565001,0,0.488210499286652
0,0,0,18.0306590944529,0,0,0,0,0,9.62893544137478,0,0,0,0,0,0,0,0,1.58268848061562,0,0,0,0,0,0,0,0,0,0,0,0,0,0,0,0,0,0,0,0,0,0,73.244573071599,0,0,0,0,0,0,0,42.5430750399828,0,0,0,0,0,263.68537555635,0,0,0,0,0,2.79571452736855,0,0,0,0,0,0,0,0,0,0,0,0,0,0,0,0,0,0,0,0,42.5548462718725,0,257.481429174542,8.59163618087769,0
9.69316917657852,0,0,0,93.3757834434509,0,0,0,76.4621555805206,0,0,0,0,0,0,0,1.33535617589951,0.600641414523125,9.84657453000546,0,1.70917677879333,0,0,0,0,0,0,0,0,0,0,0,0,0,0,0,0.194205850362778,0,0,0,31.528741620481,0,140.585020810366,0,0,0,14.4246672540903,0.144139930605888,70.1152910068631,0,194.39164288342,0,0,0,0,0,27.3687546923757,0,6.5725811123848,0,0,0,0,0.937858104705811,0,0,0,0,0,0,0,0,0,10.5812734216452,0,0,0,0,0,47.8171738237143,0,2.13004903495312,36.0023497566581,2.00733670592308,618.619383707643,0,2.20356380939484
0,18.0306590944529,0,0,0,69.718877017498,0,0,0,0,0,0,0,0,0,0,1.29995852708817,1.64920868724585,1.71688893437386,0,0,0,0,0,0,0,0,0,0,0,0,0,0,0,0,12.0281060487032,0,0,0,16.0316841304302,0,219.686538718641,0,0,0,12.0867846086621,0,2.22481144219637,0.188180461525917,98.4459578990936,0,16.4596101641655,0,0,0,0,0,203.575838401914,0,65.1134696602821,0,0,2.33141903579235,0,0,0,0,0,0,0,0,0,53.0677837207913,0,0,0,0,0,6.14838988333941,0,0,0,60.6203668415546,0,503.341792866588,40.9843050688505,0
0,0,93.3757834434509,0,0,0,0,0,35.7010567188263,0,0,0,0,0,0,0,0.294118344783783,0,0,0,1.64057868719101,0,0,0,0,0,0,0,0,0,0,0,0,0,0,0,0,0,0,0,1.54707397520542,0,11.6197622567415,0,0,0,0,0,14.6265009194613,0,112.82421477139,0,0,0,0,0,0,0,0,0,0,0,0,5.53200197219849,0,0,0,0,0,0,0,0,0,0,0,0,0,0,0,0,0,0,11.0052211582661,0,158.678348809481,0,0
0,0,0,69.718877017498,0,0,0,0,0,0,0,0,0,0,0,0,0,0,0,36.5740332007408,0,0,0,0,0,0,0,0,0,0,0,0,0,0,0,0,0,0,0,9.6379759311676,0,7.47898489236832,0,0,0,0,0,0,0,18.5823385715485,0,6.61610496044159,0,0,0,0,0,0,0,0,0,0,0,0,0,0,0,0,0,0,0,0,0,0,0,0,0,0,0,0,0,0,66.6908390522003,0,194.869854897261,0,0
0,0,0,0,0,0,0,0,0,0,0,0,0,0,0,0,0,0,0,0,0,0,0,0,0,0,0,0,0,0,0,0,0,0,0,0,0,0,0,0,0,0,0,0,0,0,0,0,0,0,0,0,61.6592954397202,0,0,0,1,0,250.820593833923,0,0,0,0,0,0,0,0,0,0,0,0,0,0,0,0,0,0,0,0,0,0,0,0,0,0,0,0
0,0,0,0,0,0,0,0,0,0,0,70.4038249850273,0,7.86130690574646,0,0,0,0,0,109.396650254726,0,0,0,0,0,0,0,0,0,0,0,0,0,0,0,0,0,0,0,0,0,0,0,0,0,0,0,0,0,0,0,0,0,282.015828669071,0,0,0,227.308737277985,0,113.377880811691,0,0,47.5436714589596,0,0,0,0,0,0,0,0,0,0,0,0,0,0,0,0,0,0,0,72.8106844425201,0,0,0,0
19.2601773738861,0,76.4621555805206,0,35.7010567188263,0,0,0,0,0,0,0,0,0,167.114224910736,0,50.4412109851837,0,0,0,3.69481062889099,0,0,0,9.31174218654633,0,18.7030143737793,0,0,0,0,0,0,0,0,0,0,0,64.941624969244,0,0,0,2.80663335323334,0,0,0,0,0,11.0292738676071,0,0,0,0,0,704.957181990147,0,0,0,0,0,22.8282189369202,0,0,0,0,0,0,2.19119669497013,0,51.755911231041,0,0,0,0,0,0,0,0,0,0,0,64.1959248334169,130.834365651011,1.20012378692627,120.980090528727,0,0
0,9.62893544137478,0,0,0,0,0,0,0,0,0,0,0,0,0,97.0822909772396,0,1.20987558364868,0.441669136285782,0,0,0,0,21.9961366355419,0,66.6165887415409,0,0,0,0,0,0,0,0.994068562984467,0,0,0,48.6056418865919,0,0,0,0,0,0,0,0,0,0,0,0.791997507214546,0,0,0,0,0,523.195381641388,0,0,0,0,0,98.3705857098103,0,0,0,0,7.83897496759892,0,12.1161435246468,0,0,0,0,0,0,0,4.39440004527569,0,0,0,48.3055123239756,0,210.852825656533,175.498408332467,25.9983564466238,0,0
0,0,0,0,0,0,0,0,0,0,0,0,1357.78863483667,0,0,0,0,0,0,0,426.96851927042,0,0,0,0,0,0,0,79.4774062633514,0,93.4967620372772,0,0,0,0,0,756.874402433634,0,1660.21300661564,0,0,0,0,0,0,0,0,0,0,0,0,0,0,0,0,0,1034.8245857358,0,124.687338650227,0,0,0,0,107.454745531082,0,0,0,0,0,0,0,4.34244084358215,0,0,0,0,0,0,0,130.333485677838,0,195.741837531328,226.038004994392,0,0,0,0
0,0,0,0,0,0,0,70.4038249850273,0,0,0,0,0,1997.56903353333,0,0,0,0,0,1217.73320251703,0,0,0,0,0,0,0,297.695906877518,0,199.461883187294,0,0,0,0,0,604.853122651577,0,1769.26851326227,0,0,0,0,0,0,0,0,0,0,0,0,0,0,0,0,0,0,0,1573.19183632731,0,1028.95937138796,0,0,396.524668425322,0,0,0,0,0,0,0,130.877093374729,0,105.739445626736,0,0,0,0,0,88.8388558030128,0,433.296542704105,0,436.039086103439,76.426408290863,0,0,0
0,0,0,0,0,0,0,0,0,0,1357.78863483667,0,0,0,148.113420844078,0,5.9477059841156,0,0,0,0,0,0,0,0,0,1.98741984367371,0,2.23261475563049,0,0,0,0,0,0,0,0,0,0,0,0,0,0,0,0,0,0,0,0,0,0,0,0,0,0,0,76.5558480024338,0,333.074861526489,0,0,0,0,0,0,0,0,0,0,0,0,0,0,0,0,0,0,0,0,0,0,0,1,8.84936714172363,0,0,0
0,0,0,0,0,0,0,7.86130690574646,0,0,0,1997.56903353333,0,0,0,93.776743888855,0,0,0,0,0,0,0,0,0,0,0,109.322131693363,0,0,0,0,0,0,0,0,0,0,0,0,0,0,0,0,0,0,0,0,0,0,0,0,0,0,0,0,0,262.767479598522,0,1824.98970586061,0,0,0,0,0,0,0,0,0,0,0,0,0,0,0,0,0,0,0,0,0,0,286.431114047766,215.121055781841,0,0,0
0,0,0,0,0,0,0,0,167.114224910736,0,0,0,148.113420844078,0,0,0,73.6137722730637,0,1.93377232551575,0,0,0,0,0,0,0,25.392990231514,0,0,0,0,0,0,0,0,0,0,0,0,0,0,0,0,0,0,0,0,0,0,0,0,0,0,0,4.35124015808105,0,0,0,64.829491019249,0,0,0,0,0,0,0,0,0,0,5.13778305053711,0,0,0,0,0,0,0,0,0,0,0,0,110.052030682564,0,0,0,0
0,0,0,0,0,0,0,0,0,97.0822909772396,0,0,0,93.776743888855,0,0,4.83435571193695,97.9220295250416,0,0,0,0,0,1.37272848188877,0,0,0,0,0,0,0,0,0,0,0,0,0,0,0,0,0,0,0,0,0,0,0,0,0,0,0,0,0,0,0,117.902730345726,0,0,0,91.4118486046791,0,58.4093481898308,0,0,0,0,14.5809679031372,0,0,0,0,0,0,0,0,0,0,0,0,0,0,0,183.987669944763,4.34936356544495,1.48567128181458,0,0
5.53892932087183,0,1.33535617589951,1.29995852708817,0.294118344783783,0,0,0,50.4412109851837,0,0,0,5.9477059841156,0,73.6137722730637,4.83435571193695,0,16515.7022427768,3116.99915961921,0,0,31.3256375640631,92.4381176233292,7.94996529817581,36.3839776515961,101.254078358412,1260.69266559184,0,7.5030243396759,0,0,0,0,0,0,0,0,0,0,109.663164667785,147.87412507087,55.1435903757811,129.874236159027,0,0,78.0262553095818,114.539043292403,0,0.699286460876465,0.287019103765488,0,0,0,0,0,0,5.85173045098782,6.50308887660503,0,0,1.90085995197296,0.266739428043365,4.0002593845129,17.5217791870236,0,87.4234103262424,24.961297929287,0,127.293204367161,265.758252412081,0.711327791213989,0,17.2813166081905,12.8564318940043,0,0,0,0,180.707558199763,197.23127566278,1.89640606939793,6.67727029323578,3503.63486509025,0,527.360331580043,5.19212628901005,18.8026379570365
3.34566375613213,0,0.600641414523125,1.64920868724585,0,0,0,0,0,1.20987558364868,0,0,0,0,0,97.9220295250416,16515.7022427768,0,2303.30285707116,0,0,51.8885664343834,1.72269785404205,29.0574625432491,0,754.634161457419,31.6441616415977,2.14353117346764,0,0,0,0,0,0,0,0,0,0,0,129.903433434665,84.5821970924735,126.180026896298,39.8849048539996,0,0,94.4687185063958,99.9320888444781,0,0,0,0,0,0,0,0,0,0.753424689173698,9.41284813731909,0,0.301209270954132,0,9.32454937696457,1.4899041056633,28.9828235581517,0,2.61405539512634,65.9458675086498,0,681.24398997426,3.12213352322578,0,0,33.3081088587642,6.80549029260874,0,0,0,0,195.75323908031,146.695405565202,7.7191808372736,1.92821621894836,3864.86631961167,538.194617569447,404.124712519348,15.0609608441591,10.0041588246822
17.3733775168657,1.58268848061562,9.84657453000546,1.71688893437386,0,0,0,0,0,0.441669136285782,0,0,0,0,1.93377232551575,0,3116.99915961921,2303.30285707116,0,0,0,0,0,0,0,7.59225633740425,1.65204194188118,0,0,0,0,0,0,0,0,0.898736678063869,0,1.65512973070145,0,716.07255076617,774.008731894195,680.066555403173,677.286560192704,0,0,548.122229374945,594.841112047434,0,1.49557511508465,4.40609247982502,0,0,0,0,0,0,15.389695763588,60.2769272848964,0,1.88430623710155,0,0,13.1079611182213,104.330078780651,0,0,1.45901083946228,0,17.1821099221706,0,0,0,270.904321849346,53.3470932170749,0,0,0,0,1161.07815989852,1053.56348609179,22.1216943114996,21.7563149034977,1783.93381950259,1.1368852853775,2918.35657306761,131.663370907307,228.315361753106
0,0,0,0,0,36.5740332007408,0,109.396650254726,0,0,0,1217.73320251703,0,0,0,0,0,0,0,0,0,0,0,0,0,0,0,0,0,8.94549775123596,0,0,0,0,0,501.68954358995,0,90.5861577987671,0,0,0,0,0,0,0,0,0,0,0,0,0,6.90691930055618,0,0,0,0,0,64.5839720368385,0,0,0,0,672.04327955842,0,0,0,0,0,0,0,0,0,0,0,0,0,0,0,270.685458257794,0,8.66044390201569,0,190.032664403319,0,93.3002472519875,0,0
0,0,1.70917677879333,0,1.64057868719101,0,0,0,3.69481062889099,0,426.96851927042,0,0,0,0,0,0,0,0,0,0,0,0,0,0,0,0,0,0,0,0,0,0,0,0,0,1913.19390414655,0,324.845742434263,0,0.995571732521057,0,0,0,0,0,0.495389603078365,0,0,0,5.52541074156761,0,0,0,0,0,27.2850382626057,0,0,0,0,0,0,747.903776854277,0,0,0,0,0,0,0,0,0,0,0,0,0,0,0,286.334237374365,0,49.3200206756592,271.898416221142,0,148.040662437677,0,0
0,0,0,0,0,0,0,0,0,0,0,0,0,0,0,0,31.3256375640631,51.8885664343834,0,0,0,0,795.180708020926,333.792292922735,0,39.7708652019501,0,449.458501145244,0,0,0,0,0,0,0,0,0,3363.6423651427,85.5176451206207,0,0,0,0,0,0,0,0,0,0,143.079050391912,0,0,0,0,0,0,0,0,0,0,0,0,0,0,10574.3703630567,103.048174440861,30.9242781251669,0,8.35445383191109,0,261.362822681665,0,0,0,0,0,0,0,0,0,1285.32060815394,82.7287186980247,1481.55836802721,5.68633353710175,1.22014853358269,0,0
0,0,0,0,0,0,0,0,0,0,0,0,0,0,0,0,92.4381176233292,1.72269785404205,0,0,0,795.180708020926,0,0,240.202622666955,0,355.323013216257,0,160.893230363727,0,0,0,0,0,0,0,0,21.22694003582,1385.42174088955,0,0,0,0,0,0,0,0,0,334.400425881147,0,0,0,0,0,0,0,0,0,0,0,0,0,0,0,84.3189150691032,9288.82157632709,0,68.4291590750217,0,44.5393756330013,0,31.4056435078382,0,0,0,0,0,0,0,0,0,713.775116086006,1707.86822925508,194.612148553133,0,0,0
0,0,0,0,0,0,0,0,0,21.9961366355419,0,0,0,0,0,1.37272848188877,7.94996529817581,29.0574625432491,0,0,0,333.792292922735,0,0,0,357.243437856436,0,0,0,0,0,0,0,0,0,0,0,731.43032169342,0,0,0,0,0,0,0,0,0,0,0,41.6604659855366,0,0,0,0,0,41.1376543194056,0,0,0,0,0,1.11910629272461,0,0,92.3975042849779,0,589.148327812552,0,44.3887586593628,0,0,0,0,0,0,0,0.229177102446556,0,0,0,182.390186011791,0,214.86942063272,0,138.417941361666,0,0
0,0,0,0,0,0,0,0,9.31174218654633,0,0,0,0,0,0,0,36.3839776515961,0,0,0,0,0,240.202622666955,0,0,0,467.843768239021,0,0,0,0,0,0,0,0,0,0,0,434.905972018838,0,0,0,0,0,0,0,0,0,62.8366703987122,0,0,0,0,0,11.3079945594072,0,0,0,0,0,0,0,0,0,0,43.4452173262835,0,735.365363076329,0,64.9230544567108,0,0,0,0,0,0,0,0,0,0,0,304.609453529119,253.166263461113,0,53.103338599205,0,0
0,0,0,0,0,0,0,0,0,66.6165887415409,0,0,0,0,0,0,101.254078358412,754.634161457419,7.59225633740425,0,0,39.7708652019501,0,357.243437856436,0,0,0,323.597895503044,0,0,0,0,0,0,0,0,0,0,0,0,0,0,0,0,0,0.318744212388992,0,0,0,0,0,0,0,0,0,288.686051517725,0,0,0,0,0,26.8941657543182,0,0,25.6278432011604,0,78.3544039130211,0,124.835855185986,0,5.72485643625259,0,0,0,0,0,0,0,0,0.671957910060883,0,0,169.791018426418,0,1.18183553218842,0,0.128078565001488
0,0,0,0,0,0,0,0,18.7030143737793,0,0,0,1.98741984367371,0,25.392990231514,0,1260.69266559184,31.6441616415977,1.65204194188118,0,0,0,355.323013216257,0,467.843768239021,0,0,0,83.774284362793,0,0,0,0,0,0,0,0,0,0,0,0,0,0,0,0,0,0,0,0,0,0,0,0,0,0,0,0,0,0,0,0,0,0,0,0,50.8674936592579,0,39.1789161264896,0,216.964145183563,0,0,0,0,0,0,0,0,0,0,0,0,105.295944303274,0,0.316133588552475,0,0
0,0,0,0,0,0,0,0,0,0,0,297.695906877518,0,109.322131693363,0,0,0,2.14353117346764,0,0,0,449.458501145244,0,0,0,323.597895503044,0,0,0,425.191618293524,0,0,0,0,0,0,0,120.82157510519,0,0,0,0,0,0,0,0,0,0,0,0,0,0,0,0,0,0,0,1.97211670875549,0,916.337780877948,0,0,0,0,75.710645288229,0,0,0,385.395527347922,0,1760.20808888972,0,72.6195793002844,0,0,0,0,0,0,0,0,0,41.1329967081547,0,0,0,0
0,0,0,0,0,0,0,0,0,0,79.4774062633514,0,2.23261475563049,0,0,0,7.5030243396759,0,0,0,0,0,160.893230363727,0,0,0,83.774284362793,0,0,0,336.86898124218,0,0,0,0,0,0,0,27.0547069013119,0,0,0,0,0,0,0,0,0,0,0,0,0,0,0,0,0,0,0,0,0,0,0,0,0,0,28.0306901037693,0,0,0,31.7653460502625,0,579.961567908525,0,102.912231504917,0,0,0,0,0,0,0,7.83038318157196,17.6464849114418,0,0,0,0
0,0,0,0,0,0,0,0,0,0,0,199.461883187294,0,0,0,0,0,0,0,8.94549775123596,0,0,0,0,0,0,0,425.191618293524,0,0,0,0,0,0,0,0,0,639.111255913973,0,0,0,0,0,0,0,0,0,0,0,0,0,0,0,0,0,0,0,1.56376928091049,0,0,0,0,0,0,0,0,0,0,0,0,95.6534612178802,0,688.539878085256,0,0,0,0,0,0,0,59.8380731344223,0,158.332294106483,0,0,0,0
0,0,0,0,0,0,0,0,0,0,93.4967620372772,0,0,0,0,0,0,0,0,0,0,0,0,0,0,0,0,0,336.86898124218,0,0,0,0,0,0,0,0,0,20.2185156941414,0,0,0,0,0,0,0,0,0,0,0,0,0,0,0,0,0,1.26254856586456,0,0,0,0,0,0,0,0,0,0,0,0,0,0,0,0,82.4986550807953,0,0,0,0,0,0,0,9.38905909657478,25.4656949043274,0,0,0,0
0,0,0,0,0,0,0,0,0,0,0,0,0,0,0,0,0,0,0,0,0,0,0,0,0,0,0,0,0,0,0,0,311.009412914515,26.2881978452206,8.57168388366699,1234.88613185287,4,0,0,0,0,0,0,0,0,0,0,2610.84151941538,0.559682846069336,16.0863542854786,0,0,0,0,0,0,0,0,0,0,0,0,0,0,0,0,0,0,0,0,0,0,0,0,629.243757158518,46.6099835336208,39.1655365228653,0,265.443202778697,0,0,0,79.3338856697083,0,0,0,0
0,0,0,0,0,0,0,0,0,0,0,0,0,0,0,0,0,0,0,0,0,0,0,0,0,0,0,0,0,0,0,311.009412914515,0,48.8655872344971,4.37244582176208,0,566.048613548279,0,0,0,0,0,0,0,0,0,0,1361.44674709439,0,1.6856095790863,0,0,0,0,0,0,0,0,0,0,0,0,0,0,0,0,0,0,0,0,0,0,0,0,312.053057849407,1254.41124381125,2.82086005806923,86.7398902177811,3.13638859987259,297.279548034072,0,0,51.8402212560177,0,0,0,0
0,0,0,0,0,0,0,0,0,0.994068562984467,0,0,0,0,0,0,0,0,0,0,0,0,0,0,0,0,0,0,0,0,0,26.2881978452206,48.8655872344971,0,2137.87890771031,227.394874542952,0,412.686938777566,133.676502645016,0,0,0,0,0,0,0,0,637.437591418624,0.425273984670639,3.76732763648033,0,0,0,0,0,0.262831449508667,0,0,0,0,0,0,0,0,0,0,0,0,0,0,0,0,0,0,4.69618892669678,0,1593.6631308049,668.967483028769,6.87558269500732,2.00724810361862,170.047186270356,110.950459912419,161.161544576287,0,0,0,0
0,0,0,0,0,0,0,0,0,0,0,0,0,0,0,0,0,0,0,0,0,0,0,0,0,0,0,0,0,0,0,8.57168388366699,4.37244582176208,2137.87890771031,0,0,942.862744927406,62.579133272171,207.417525470257,0,0,0.574827253818512,0,0,0,0,0,967.357643380761,0,0,0,0,0,0,0,0,0,0,0,0,0,0,0,0,0,0,0,0,0,0,0,0,0,0,14.9529385566711,2.10368931293488,1849.4565589875,2373.9432297945,0,158.607421472669,19.7787131220102,309.736637860537,156.031296372414,0,0,0,0
0,0,0,12.0281060487032,0,0,0,0,0,0,0,604.853122651577,0,0,0,0,0,0,0.898736678063869,501.68954358995,0,0,0,0,0,0,0,0,0,0,0,1234.88613185287,0,227.394874542952,0,0,628.446958363056,3287.25407869369,0,1.01117193698883,0,2.74177321791649,0,0,0,0.977238059043884,0,430.105567157269,0,1.17583821713924,0,0,0,0,0,0,0,240.975440114737,0,0,0,0,619.112009078264,0,0,0,0,0,0,0,0,0,2.07405260205269,0,920.924876004457,32.7039678096771,171.949764922261,0,13969.2048128173,612.77676898241,98.9245228022337,0,1494.85461202264,132.093836903572,128.671654030681,0,0
0,0,0.194205850362778,0,0,0,0,0,0,0,756.874402433634,0,0,0,0,0,0,0,0,0,1913.19390414655,0,0,0,0,0,0,0,0,0,0,4,566.048613548279,0,942.862744927406,628.446958363056,0,0,1683.06170898676,0,0.168918505311012,0,0.443126276135445,0,0,0,1.13198812305927,216.067699253559,0,0,0,0,0,0,0,0,248.834815263748,0,0.769876956939697,0,0,0,0,1022.52208247781,0,0,0,0,0,0,0,0,0,0,1,815.799234002829,0,327.55021096766,128.850105285645,15427.9883015677,0,216.91321182251,1748.5722912848,183.299703121185,27.6035616546869,0,1.41345298290253
0,0,0,0,0,0,0,0,0,48.6056418865919,0,1769.26851326227,0,0,0,0,0,0,1.65512973070145,90.5861577987671,0,3363.6423651427,21.22694003582,731.43032169342,0,0,0,120.82157510519,0,639.111255913973,0,0,0,412.686938777566,62.579133272171,3287.25407869369,0,0,1552.28134422004,0,0,0,0,0,0,0,0,0,0,387.0816052109,0,0,0,0,0,13.4342437982559,0,620.543831586838,0,0,0,0,132.728461027145,0,609.198996782303,0,408.235087290406,0,0,0,41.0616165399551,0,419.555875390768,0,0,0,446.457239717245,0.78268826007843,2300.7155809477,0,11836.5277506784,127.837091416121,1634.75568638742,11.6450657844543,186.669767081738,0,0
0,0,0,0,0,0,0,0,64.941624969244,0,1660.21300661564,0,0,0,0,0,0,0,0,0,324.845742434263,85.5176451206207,1385.42174088955,0,434.905972018838,0,0,0,27.0547069013119,0,20.2185156941414,0,0,133.676502645016,207.417525470257,0,1683.06170898676,1552.28134422004,0,0,0,0,0,0,0,0,0,367.926402464509,338.01020616293,0,0,0,0,0,25.5723783522844,0,642.819131940603,0,0,0,0,0,0,55.258347928524,14.1602674126625,431.439526557922,0,403.033599987626,0,0,0,0,0,170.134482979774,0,0,22.894656419754,570.59036692977,0,1332.17727231979,597.599062114954,12553.6802673042,1036.61507050693,21.2767848968506,108.528051733971,0,0
0,0,0,16.0316841304302,0,9.6379759311676,0,0,0,0,0,0,0,0,0,0,109.663164667785,129.903433434665,716.07255076617,0,0,0,0,0,0,0,0,0,0,0,0,0,0,0,0,1.01117193698883,0,0,0,0,7.45470561087132,2109.0011202246,7.61116214096546,0.669882953166962,0,370.262378178537,12.5384373143315,245.940457373857,65.9518463164568,438.941315673292,0,0,0,0,0,0,0,16.1799045503139,0,0,0,0,21.6169963032007,0.995623394846916,0,0,0,0,0,0,0,0,42.6551226004958,0,0,0,0,0,255.174676582217,30.3584519922733,6.14112640917301,0,325.439192846417,0,1715.69931837916,127.686085499823,0
0.391419380903244,0,31.528741620481,0,1.54707397520542,0,0,0,0,0,0,0,0,0,0,0,147.87412507087,84.5821970924735,774.008731894195,0,0.995571732521057,0,0,0,0,0,0,0,0,0,0,0,0,0,0,0,0.168918505311012,0,0,7.45470561087132,0,5.97283418476582,1916.55316507071,0,0.425998508930206,14.5395128130913,295.938413791358,27.9608911275864,320.020015336573,5.11153557896614,0,0,0,0,0,0,5.57854890823364,0.304718166589737,0,0,0,0,1.04993337392807,189.492754966021,0,0,0,0,0.216983452439308,0,0,0,1.72877344489098,9.4314249008894,0,0,0,0,14.062621101737,422.148602627218,0,3.11186826229095,229.565935835242,0.705577462911606,1126.80165411532,0,108.220284231007
0,73.244573071599,0,219.686538718641,0,7.47898489236832,0,0,0,0,0,0,0,0,0,0,55.1435903757811,126.180026896298,680.066555403173,0,0,0,0,0,0,0,0,0,0,0,0,0,0,0,0.574827253818512,2.74177321791649,0,0,0,2109.0011202246,5.97283418476582,0,320.242996580899,0.981383860111237,0,395.851731218398,11.8863811120391,99.629580706358,1.30882224440575,300.573539681733,0,0,0,0,0,0,0,475.671956889331,0,5.5092336833477,0,0,88.2392564937472,4.6416802406311,0,0,0,0,0.369243577122688,0,4.57733499258757,0,1054.53095947951,0,0,0,0,0,1000.43191884458,11.5880850106478,11.972533851862,0.590182602405548,2172.13504404575,20.2106132805347,3620.04834341258,286.793854229152,0.873349756002426
95.0694420188665,0,140.585020810366,0,11.6197622567415,0,0,0,2.80663335323334,0,0,0,0,0,0,0,129.874236159027,39.8849048539996,677.286560192704,0,0,0,0,0,0,0,0,0,0,0,0,0,0,0,0,0,0.443126276135445,0,0,7.61116214096546,1916.55316507071,320.242996580899,0,0,0,2.25865723192692,562.414683610201,69.2349284291267,276.752816990018,0,0,0,0,0,0,0,68.7181177288294,0,0,0,0,0,0,179.386261232197,0,0,0,0,0,0,0,0,0.520932614803314,434.957169167697,0,0,0,0,7.45114979892969,942.249741755426,1.00749790668488,14.1403699144721,1887.95204281807,13.4108496308327,4709.06080616266,1.2953976392746,512.403315767646
0,0,0,0,0,0,0,0,0,0,0,0,0,0,0,0,0,0,0,0,0,0,0,0,0,0,0,0,0,0,0,0,0,0,0,0,0,0,0,0.669882953166962,0,0.981383860111237,0,0,0,0,0,0,0,0,0,0,0,0,0,0,0,0,0,0,0,0,0,0,0,0,0,0,0,0,0,0,0,0,0,0,0,0,0,0,0,0,0.144337832927704,0,0,0,0
0,0,0,0,0,0,0,0,0,0,0,0,0,0,0,0,0,0,0,0,0,0,0,0,0,0,0,0,0,0,0,0,0,0,0,0,0,0,0,0,0.425998508930206,0,0,0,0,0,0,0,0,0,0,0,0,0,0,0,0,0,0,0,0,0,0,0,0,0,0,0,0,0,0,0,0,0,0,0,0,0,0,1.60971641540527,0,0,0,0,0,0,0
0,0,0,12.0867846086621,0,0,0,0,0,0,0,0,0,0,0,0,78.0262553095818,94.4687185063958,548.122229374945,0,0,0,0,0,0,0.318744212388992,0,0,0,0,0,0,0,0,0,0.977238059043884,0,0,0,370.262378178537,14.5395128130913,395.851731218398,2.25865723192692,0,0,0,19.337051294744,0,0,5.6469763815403,0,0,0,0,0,0,2.06336839497089,83.5863787680864,0,0.383422881364822,0,0,1287.40811552852,3.88109330832958,0,0,0,0,0,0,0.101239949464798,0,77.7229164391756,0.643850445747375,0,0,0,0,849.436480388045,30.4463193565607,184.460588783026,0.632590115070343,172.97664796561,0,1327.12968698889,5.04747708141804,0.450886830687523
0,0,14.4246672540903,0,0,0,0,0,0,0,0,0,0,0,0,0,114.539043292403,99.9320888444781,594.841112047434,0,0.495389603078365,0,0,0,0,0,0,0,0,0,0,0,0,0,0,0,1.13198812305927,0,0,12.5384373143315,295.938413791358,11.8863811120391,562.414683610201,0,0,19.337051294744,0,2.59928846359253,56.8970609456301,0,0,0,0,0,0,0,25.4186775460839,0.910808682441711,0,0,0,0,1.05086739361286,1831.71244321018,0,0,0,0,0.152163356542587,0,0,0,2.65861546993256,13.9259210824966,0,0,0,0,21.1401173472404,1597.09061844647,0.272103518247604,146.714535802603,181.851427398622,4.4358294159174,1228.81683304906,1.19318595528603,0.525558605790138
0,0,0.144139930605888,2.22481144219637,0,0,0,0,0,0,0,0,0,0,0,0,0,0,0,0,0,0,0,0,0,0,0,0,0,0,0,2610.84151941538,1361.44674709439,637.437591418624,967.357643380761,430.105567157269,216.067699253559,0,367.926402464509,245.940457373857,27.9608911275864,99.629580706358,69.2349284291267,0,0,0,2.59928846359253,0,1909.77621383965,1660.55111314356,0,0,0,0,0,0,0,0.133458212018013,0,0,0,0,0,0,0,0,0,0,0,0,0,0,0,0,312.138357058167,101.77581730485,516.145290359855,764.564404904842,1015.19023931026,1530.4868914336,310.715359345078,602.176940470934,3407.82462804019,3.60102188587189,533.30355322361,0,0
67.7145594358444,0,70.1152910068631,0.188180461525917,14.6265009194613,0,0,0,11.0292738676071,0,0,0,0,0,0,0,0.699286460876465,0,1.49557511508465,0,0,0,334.400425881147,0,62.8366703987122,0,0,0,0,0,0,0.559682846069336,0,0.425273984670639,0,0,0,0,338.01020616293,65.9518463164568,320.020015336573,1.30882224440575,276.752816990018,0,0,0,56.8970609456301,1909.77621383965,0,671.323176294565,0.360751301050186,0,0,0,4.65235865116119,0,2.97752905637026,0,0,0,0,0,0,2.93908874690533,0,120.264009997249,0,69.7260068356991,0,0,0,16.9808427393436,0,148.293122828007,0,0,0,8.2731941640377,0,244.989436388016,0,499.005618274212,345.911590769887,4.62855163216591,1110.34256917238,0,0
0,42.5430750399828,0,98.4459578990936,0,18.5823385715485,0,0,0,0.791997507214546,0,0,0,0,0,0,0.287019103765488,0,4.40609247982502,0,0,143.079050391912,0,41.6604659855366,0,0,0,0,0,0,0,16.0863542854786,1.6856095790863,3.76732763648033,0,1.17583821713924,0,387.0816052109,0,438.941315673292,5.11153557896614,300.573539681733,0,0,0,5.6469763815403,0,1660.55111314356,671.323176294565,0,0,0,0,0,0,0,0,109.895351462066,0,16.4977577850223,0,0,1.19841808080673,0,276.328575879335,0,28.9589251130819,0,1.79938042163849,0,75.4407601058483,0,52.2952581942081,0,0,0,0.779506266117096,0,72.270266957581,0,460.618649736047,0,337.162717565894,0,1141.19173804671,16.8484443277121,0
0,0,194.39164288342,0,112.82421477139,0,0,0,0,0,0,0,0,0,0,0,0,0,0,0,5.52541074156761,0,0,0,0,0,0,0,0,0,0,0,0,0,0,0,0,0,0,0,0,0,0,0,0,0,0,0,0.360751301050186,0,0,0,2.99699378013611,0,0,0,234.304530531168,0,1.21149197220802,0,0,0,0,19.4744339287281,0,0,0,0,0,0,0,0,0,0,0,0,0,0,0,5.17634792625904,0,0,53.9878071546555,0,238.544228926301,0,0
0,0,0,16.4596101641655,0,6.61610496044159,0,0,0,0,0,0,0,0,0,0,0,0,0,6.90691930055618,0,0,0,0,0,0,0,0,0,0,0,0,0,0,0,0,0,0,0,0,0,0,0,0,0,0,0,0,0,0,0,0,0,0,0,0,0,24.5049078464508,0,0,0,0,1.19937586784363,0,0,0,0,0,0,0,0,0,0,0,0,0,0,0,0,0,0,0,8,0,284.673369020224,0,0
0,0,0,0,0,0,61.6592954397202,0,0,0,0,0,0,0,0,0,0,0,0,0,0,0,0,0,0,0,0,0,0,0,0,0,0,0,0,0,0,0,0,0,0,0,0,0,0,0,0,0,0,0,2.99699378013611,0,0,0,0,0,349.75076559186,0,57.3217911720276,0,0,0,0,12.1079448163509,0,0,0,0,0,0,0,0,0,0,0,0,0,0,0,0,0,0,289.629923343658,0,7.73616230487823,0,0
0,0,0,0,0,0,0,282.015828669071,0,0,0,0,0,0,0,0,0,0,0,0,0,0,0,0,0,0,0,0,0,0,0,0,0,0,0,0,0,0,0,0,0,0,0,0,0,0,0,0,0,0,0,0,0,0,0,0,0,250.478192776442,0,0,0,0,14.1415239870548,0,0,0,0,0,0,0,0,0,0,0,0,0,0,0,0,0,0,0,154.183426976204,0,0.723954439163208,0,0
129.683192536235,0,0,0,0,0,0,0,704.957181990147,0,0,0,0,0,4.35124015808105,0,0,0,0,0,0,0,0,0,11.3079945594072,0,0,0,0,0,0,0,0,0,0,0,0,0,25.5723783522844,0,0,0,0,0,0,0,0,0,4.65235865116119,0,0,0,0,0,0,0,0,0,0,0,311.395937204361,0,0,0,0,0,0,44.8784020990133,0,2.069655418396,0,0,0,0,0,0,0,0,0,0,0,193.975109294057,57.5933325439692,0,165.113398551941,0,0
0,263.68537555635,0,0,0,0,0,0,0,523.195381641388,0,0,0,0,0,117.902730345726,0,0,0,0,0,0,0,41.1376543194056,0,288.686051517725,0,0,0,0,0,0,0,0.262831449508667,0,0,0,13.4342437982559,0,0,0,0,0,0,0,0,0,0,0,0,0,0,0,0,0,0,0,0,0,0,0,298.782632678747,0,0,0,0,21.5688396990299,0,21.5797637403011,0,0,0,0,0,0,0,3.35757620632648,0,0,0,91.6207767426968,0,98.632571592927,0,50.030995503068,0,0
0.181206405162811,0,27.3687546923757,0,0,0,1,0,0,0,1034.8245857358,0,76.5558480024338,0,0,0,5.85173045098782,0.753424689173698,15.389695763588,0,27.2850382626057,0,0,0,0,0,0,0,0,0,1.26254856586456,0,0,0,0,0,248.834815263748,0,642.819131940603,0,5.57854890823364,0,68.7181177288294,0,0,2.06336839497089,25.4186775460839,0,2.97752905637026,0,234.304530531168,0,349.75076559186,0,0,0,0,0,88.6741149276495,0,0,0,0,413.544195219874,0,0,0,0,0,0,0,0,0,1.08411911129951,0,0,0,0,0.353407919406891,82.4988245591521,0,32.4818451106548,247.989477984607,18.0657292306423,362.70449937135,0,9.04073792695999
0,0,0,203.575838401914,0,0,0,227.308737277985,0,0,0,1573.19183632731,0,262.767479598522,0,0,6.50308887660503,9.41284813731909,60.2769272848964,64.5839720368385,0,0,0,0,0,0,0,1.97211670875549,0,1.56376928091049,0,0,0,0,0,240.975440114737,0,620.543831586838,0,16.1799045503139,0.304718166589737,475.671956889331,0,0,0,83.5863787680864,0.910808682441711,0.133458212018013,0,109.895351462066,0,24.5049078464508,0,250.478192776442,0,0,0,0,0,68.2029929161072,0,0,936.292040362954,1.30684889107943,0,0,0,0,0,0,66.8599209785461,0,448.945120662451,0,0,0,0,0,113.911807470024,1.02363650500774,27.3596982657909,0,894.050143435597,19.2778470516205,904.895332962275,16.6263289451599,0
0,0,6.5725811123848,0,0,0,250.820593833923,0,0,0,124.687338650227,0,333.074861526489,0,64.829491019249,0,0,0,0,0,0,0,0,0,0,0,0,0,0,0,0,0,0,0,0,0,0.769876956939697,0,0,0,0,0,0,0,0,0,0,0,0,0,1.21149197220802,0,57.3217911720276,0,0,0,88.6741149276495,0,0,0,0,0,0,0,0,0,0,0,0,0,0,0,0,0,0,0,0,0,0,0,0,0,216.844072580338,1,15.059889703989,0,0
0,0,0,65.1134696602821,0,0,0,113.377880811691,0,0,0,1028.95937138796,0,1824.98970586061,0,91.4118486046791,0,0.301209270954132,1.88430623710155,0,0,0,0,0,0,0,0,916.337780877948,0,0,0,0,0,0,0,0,0,0,0,0,0,5.5092336833477,0,0,0,0.383422881364822,0,0,0,16.4977577850223,0,0,0,0,0,0,0,68.2029929161072,0,0,0,0.8231560587883,0,0,0,0,0,0,36.9086594581604,0,98.853956386447,0,0.437966600060463,0,0,0,0,0,0.962024509906769,0,0,0,681.448758542538,18.9961150884628,95.4625265076756,0,0
14.140019595623,0,0,0,0,0,0,0,22.8282189369202,0,0,0,0,0,0,0,1.90085995197296,0,0,0,0,0,0,0,0,0,0,0,0,0,0,0,0,0,0,0,0,0,0,0,0,0,0,0,0,0,0,0,0,0,0,0,0,0,311.395937204361,0,0,0,0,0,0,0,0,0,0,0,0,0,0,0,0,0,0,0,0,0,0,0,0,0,0,0,8,0,0,0,0
0,2.79571452736855,0,0,0,0,0,0,0,98.3705857098103,0,0,0,0,0,58.4093481898308,0.266739428043365,9.32454937696457,0,0,0,0,0,1.11910629272461,0,26.8941657543182,0,0,0,0,0,0,0,0,0,0,0,0,0,0,0,0,0,0,0,0,0,0,0,0,0,0,0,0,0,298.782632678747,0,0,0,0.8231560587883,0,0,0,0,0,0,27.7439579963684,0,35.8330094814301,0,0,0,0,0,0,0,0,0,0,0,0,0,31.3377591967583,2.8784384727478,0.378399342298508,0,0
0,0,0,2.33141903579235,0,0,0,47.5436714589596,0,0,0,396.524668425322,0,0,0,0,4.0002593845129,1.4899041056633,13.1079611182213,672.04327955842,0,0,0,0,0,0,0,0,0,0,0,0,0,0,0,619.112009078264,0,132.728461027145,0,21.6169963032007,1.04993337392807,88.2392564937472,0,0,0,1287.40811552852,1.05086739361286,0,0,1.19841808080673,0,1.19937586784363,0,14.1415239870548,0,0,0,936.292040362954,0,0,0,0,0,0,0,0,0,0,0,0,0.230213657021523,0,170.081488229334,0,0,0,0,0,934.174984917045,0.303803414106369,553.366857096553,0,247.752890385687,0,1119.58565340936,0.157813802361488,0
0,0,0.937858104705811,0,5.53200197219849,0,0,0,0,0,107.454745531082,0,0,0,0,0,17.5217791870236,28.9828235581517,104.330078780651,0,747.903776854277,0,0,0,0,0,0,0,0,0,0,0,0,0,0,0,1022.52208247781,0,55.258347928524,0.995623394846916,189.492754966021,4.6416802406311,179.386261232197,0,0,3.88109330832958,1831.71244321018,0,2.93908874690533,0,19.4744339287281,0,12.1079448163509,0,0,0,413.544195219874,1.30684889107943,0,0,0,0,0,0,0,0,0,0,0,0,0,0,0,24.813471198082,0,0,0,0,3.12558169662952,1505.69305742532,0.307241648435593,158.407673448324,265.93526622653,1.20632277429104,1277.41000396013,0,0.198738306760788
0,0,0,0,0,0,0,0,0,0,0,0,0,0,0,0,0,0,0,0,0,10574.3703630567,84.3189150691032,92.3975042849779,0,25.6278432011604,0,75.710645288229,0,0,0,0,0,0,0,0,0,609.198996782303,14.1602674126625,0,0,0,0,0,0,0,0,0,0,276.328575879335,0,0,0,0,0,0,0,0,0,0,0,0,0,0,0,0,252.233721792698,0,107.393525570631,0,31.4678519517183,0,0,0,0,0,0,0,0,0,435.437263056636,21.1586458683014,500.484455451369,0,0.896446615457535,0,0
0,0,0,0,0,0,0,0,0,0,0,0,0,0,0,0,87.4234103262424,2.61405539512634,0,0,0,103.048174440861,9288.82157632709,0,43.4452173262835,0,50.8674936592579,0,28.0306901037693,0,0,0,0,0,0,0,0,0,431.439526557922,0,0,0,0,0,0,0,0,0,120.264009997249,0,0,0,0,0,0,0,0,0,0,0,0,0,0,0,0,0,0,218.439335390925,0,51.0967603623867,0,92.8533785492182,0,0,0,0,0,0,0,0,0,919.006347343326,360.565573915839,34.1326650679111,0,0,0
0,0,0,0,0,0,0,0,0,7.83897496759892,0,0,0,0,0,14.5809679031372,24.961297929287,65.9458675086498,1.45901083946228,0,0,30.9242781251669,0,589.148327812552,0,78.3544039130211,0,0,0,0,0,0,0,0,0,0,0,408.235087290406,0,0,0,0,0,0,0,0,0,0,0,28.9589251130819,0,0,0,0,0,21.5688396990299,0,0,0,0,0,27.7439579963684,0,0,252.233721792698,0,0,0,35.7840061187744,0,0,0,0,0,0,0,0.39892540872097,0,2.76899766921997,0,358.294608816504,0,203.754462003708,0,144.945434778929,0,0
0,0,0,0,0,0,0,0,2.19119669497013,0,0,0,0,0,0,0,0,0,0,0,0,0,68.4291590750217,0,735.365363076329,0,39.1789161264896,0,0,0,0,0,0,0,0,0,0,0,403.033599987626,0,0,0,0,0,0,0,0,0,69.7260068356991,0,0,0,0,0,44.8784020990133,0,0,0,0,0,0,0,0,0,0,218.439335390925,0,0,0,15.576331615448,0,0,0,0,0,0,0,0,0,0,0,236.50662265718,257.291794613004,0,192.870891645551,0,0
0,0,0,0,0,0,0,0,0,12.1161435246468,0,0,0,0,0,0,127.293204367161,681.24398997426,17.1821099221706,0,0,8.35445383191109,0,44.3887586593628,0,124.835855185986,0,385.395527347922,0,0,0,0,0,0,0,0,0,0,0,0,0.216983452439308,0.369243577122688,0,0,0,0,0.152163356542587,0,0,1.79938042163849,0,0,0,0,0,21.5797637403011,0,0,0,36.9086594581604,0,35.8330094814301,0,0,107.393525570631,0,35.7840061187744,0,0,0.478029996156693,298.750710964203,0,0,0,0,0,0,0,0.455047056078911,0.212904244661331,0,0,261.671651780605,0,0.467532277107239,0,0
0,0,0,0,0,0,0,0,51.755911231041,0,0,0,0,0,5.13778305053711,0,265.758252412081,3.12213352322578,0,0,0,0,44.5393756330013,0,64.9230544567108,0,216.964145183563,0,31.7653460502625,0,0,0,0,0,0,0,0,0,0,0,0,0,0,0,0,0,0,0,0,0,0,0,0,0,2.069655418396,0,0,0,0,0,0,0,0,0,0,51.0967603623867,0,15.576331615448,0.478029996156693,0,0,0,0,0,0,0,0,0,0,0,0,0,227.410760641098,0,0,0,0
0,0,0,0,0,0,0,0,0,0,0,130.877093374729,0,0,0,0,0.711327791213989,0,0,0,0,261.362822681665,0,0,0,5.72485643625259,0,1760.20808888972,0,95.6534612178802,0,0,0,0,0,0,0,41.0616165399551,0,0,0,4.57733499258757,0,0,0,0.101239949464798,0,0,0,75.4407601058483,0,0,0,0,0,0,0,66.8599209785461,0,98.853956386447,0,0,0.230213657021523,0,31.4678519517183,0,0,0,298.750710964203,0,0,0,120.451650753617,0,0,0,0,0,0,0,193.0415494591,0,85.4312671720982,13.9234070777893,14.887227371335,0,0
0,0,0,0,0,0,0,0,0,0,4.34244084358215,0,0,0,0,0,0,0,0,0,0,0,31.4056435078382,0,0,0,0,0,579.961567908525,0,0,0,0,0,0,0,0,0,0,0,0,0,0,0,0,0,0,0,16.9808427393436,0,0,0,0,0,0,0,0,0,0,0,0,0,0,0,0,92.8533785492182,0,0,0,0,0,0,0,31.6394760981202,0,0,0,0,0,0,0,323.497284956276,31.1427284479141,0,0,0,0
0,0,0,53.0677837207913,0,0,0,0,0,0,0,105.739445626736,0,0,0,0,17.2813166081905,33.3081088587642,270.904321849346,0,0,0,0,0,0,0,0,72.6195793002844,0,688.539878085256,0,0,0,0,0,2.07405260205269,0,419.555875390768,0,42.6551226004958,1.72877344489098,1054.53095947951,0.520932614803314,0,0,77.7229164391756,2.65861546993256,0,0,52.2952581942081,0,0,0,0,0,0,0,448.945120662451,0,0.437966600060463,0,0,170.081488229334,0,0,0,0,0,0,0,120.451650753617,0,0,0,0,0,0,0,75.3928500264883,3.06906178593636,121.520103573799,0,681.765000030398,1.19322156906128,423.834173776209,68.6662058234215,0
0.97247214615345,0,10.5812734216452,0,0,0,0,0,0,0,0,0,0,0,0,0,12.8564318940043,6.80549029260874,53.3470932170749,0,0,0,0,0,0,0,0,0,102.912231504917,0,82.4986550807953,0,0,0,0,0,0,0,170.134482979774,0,9.4314249008894,0,434.957169167697,0,0,0.643850445747375,13.9259210824966,0,148.293122828007,0,0,0,0,0,0,0,1.08411911129951,0,0,0,0,0,0,24.813471198082,0,0,0,0,0,0,0,31.6394760981202,0,0,0,0,0,0,0.17790874838829,12.984098508954,0,106.057019531727,200.537383049726,0,632.0777271837,0,56.6017883718014
0,0,0,0,0,0,0,0,0,0,0,0,0,0,0,0,0,0,0,0,0,0,0,0,0,0,0,0,0,0,0,629.243757158518,312.053057849407,4.69618892669678,14.9529385566711,920.924876004457,1,0,0,0,0,0,0,0,0,0,0,312.138357058167,0,0,0,0,0,0,0,0,0,0,0,0,0,0,0,0,0,0,0,0,0,0,0,0,0,0,0,0.479990124702454,396.409308105707,0,733.25549723208,0,0,0,174.99814671278,0,0,0,0
0,0,0,0,0,0,0,0,0,0,0,0,0,0,0,0,0,0,0,0,0,0,0,0,0,0,0,0,0,0,0,46.6099835336208,1254.41124381125,0,2.10368931293488,32.7039678096771,815.799234002829,0,0,0,0,0,0,0,0,0,0,101.77581730485,0,0,0,0,0,0,0,0,0,0,0,0,0,0,0,0,0,0,0,0,0,0,0,0,0,0,0.479990124702454,0,0,1129.20305293798,0,1389.08196230233,0,0,20.2695354521275,0,0,0,0
0,0,0,0,0,0,0,0,0,4.39440004527569,0,0,0,0,0,0,0,0,0,0,0,0,0,0.229177102446556,0,0,0,0,0,0,0,39.1655365228653,2.82086005806923,1593.6631308049,1849.4565589875,171.949764922261,0,446.457239717245,22.894656419754,0,0,0,0,0,0,0,0,516.145290359855,0,0.779506266117096,0,0,0,0,0,3.35757620632648,0,0,0,0,0,0,0,0,0,0,0.39892540872097,0,0,0,0,0,0,0,396.409308105707,0,0,126.852680459619,546.626725792885,0,915.719447612762,17.045219913125,458.993201836944,0,0,0,0
0,0,0,0,0,0,0,0,0,0,0,0,0,0,0,0,0,0,0,0,0,0,0,0,0,0,0,0,0,0,0,0,86.7398902177811,668.967483028769,2373.9432297945,0,327.55021096766,0.78268826007843,570.59036692977,0,0,0,0,0,0,0,0,764.564404904842,8.2731941640377,0,0,0,0,0,0,0,0,0,0,0,0,0,0,0,0,0,0,0,0,0,0,0,0,0,0,1129.20305293798,126.852680459619,0,0,746.505514413118,2.38972526788712,612.845018178225,247.161154851317,0,0,0,0
0,0,0,6.14838988333941,0,0,0,0,0,0,0,88.8388558030128,0,0,0,0,180.707558199763,195.75323908031,1161.07815989852,270.685458257794,0,0,0,0,0,0,0,0,0,0,0,265.443202778697,3.13638859987259,6.87558269500732,0,13969.2048128173,128.850105285645,2300.7155809477,0,255.174676582217,14.062621101737,1000.43191884458,7.45114979892969,0,0,849.436480388045,21.1401173472404,1015.19023931026,0,72.270266957581,0,0,0,0,0,0,0.353407919406891,113.911807470024,0,0.962024509906769,0,0,934.174984917045,3.12558169662952,0,0,2.76899766921997,0,0.455047056078911,0,0,0,75.3928500264883,0.17790874838829,733.25549723208,0,546.626725792885,0,0,41.7722062245011,1482.39516730607,0.313788622617722,1999.85085766762,28.2819695472717,1186.53199575096,66.1807438060641,0.124873235821724
0,0,47.8171738237143,0,0,0,0,0,0,0,130.333485677838,0,0,0,0,0,197.23127566278,146.695405565202,1053.56348609179,0,286.334237374365,0,0,0,0,0.671957910060883,0,0,0,0,0,0,297.279548034072,2.00724810361862,158.607421472669,612.77676898241,15427.9883015677,0,1332.17727231979,30.3584519922733,422.148602627218,11.5880850106478,942.249741755426,0,1.60971641540527,30.4463193565607,1597.09061844647,1530.4868914336,244.989436388016,0,5.17634792625904,0,0,0,0,0,82.4988245591521,1.02363650500774,0,0,0,0,0.303803414106369,1505.69305742532,0,0,0,0,0.212904244661331,0,0,0,3.06906178593636,12.984098508954,0,1389.08196230233,0,746.505514413118,41.7722062245011,0,0.255509167909622,1454.87714212388,2706.92478251457,34.0104035139084,1317.11818315834,0.260889708995819,10.4578841254115
0,0,0,0,0,0,0,0,0,48.3055123239756,0,433.296542704105,0,0,0,0,1.89640606939793,7.7191808372736,22.1216943114996,8.66044390201569,0,1285.32060815394,0,182.390186011791,0,0,0,0,0,59.8380731344223,0,0,0,170.047186270356,19.7787131220102,98.9245228022337,0,11836.5277506784,597.599062114954,6.14112640917301,0,11.972533851862,1.00749790668488,0,0,184.460588783026,0.272103518247604,310.715359345078,0,460.618649736047,0,0,0,0,0,91.6207767426968,0,27.3596982657909,0,0,0,0,553.366857096553,0.307241648435593,435.437263056636,0,358.294608816504,0,0,0,193.0415494591,0,121.520103573799,0,0,0,915.719447612762,2.38972526788712,1482.39516730607,0.255509167909622,0,60.536388784647,1274.6220073849,2.05350005626678,109.717622503638,0,0
0,0,2.13004903495312,0,0,0,0,0,64.1959248334169,0,195.741837531328,0,0,0,0,0,6.67727029323578,1.92821621894836,21.7563149034977,0,49.3200206756592,82.7287186980247,713.775116086006,0,304.609453529119,0,0,0,7.83038318157196,0,9.38905909657478,0,0,110.950459912419,309.736637860537,0,216.91321182251,127.837091416121,12553.6802673042,0,3.11186826229095,0.590182602405548,14.1403699144721,0,0,0.632590115070343,146.714535802603,602.176940470934,499.005618274212,0,0,0,0,0,193.975109294057,0,32.4818451106548,0,0,0,0,0,0,158.407673448324,21.1586458683014,919.006347343326,0,236.50662265718,0,0,0,323.497284956276,0,106.057019531727,0,0,17.045219913125,612.845018178225,0.313788622617722,1454.87714212388,60.536388784647,0,806.129545390606,4.98709654808044,115.69274110347,0,0
39.0395476967096,42.5548462718725,36.0023497566581,60.6203668415546,11.0052211582661,66.6908390522003,0,72.8106844425201,130.834365651011,210.852825656533,226.038004994392,436.039086103439,1,286.431114047766,110.052030682564,183.987669944763,3503.63486509025,3864.86631961167,1783.93381950259,190.032664403319,271.898416221142,1481.55836802721,1707.86822925508,214.86942063272,253.166263461113,169.791018426418,105.295944303274,41.1329967081547,17.6464849114418,158.332294106483,25.4656949043274,79.3338856697083,51.8402212560177,161.161544576287,156.031296372414,1494.85461202264,1748.5722912848,1634.75568638742,1036.61507050693,325.439192846417,229.565935835242,2172.13504404575,1887.95204281807,0.144337832927704,0,172.97664796561,181.851427398622,3407.82462804019,345.911590769887,337.162717565894,53.9878071546555,8,289.629923343658,154.183426976204,57.5933325439692,98.632571592927,247.989477984607,894.050143435597,216.844072580338,681.448758542538,8,31.3377591967583,247.752890385687,265.93526622653,500.484455451369,360.565573915839,203.754462003708,257.291794613004,261.671651780605,227.410760641098,85.4312671720982,31.1427284479141,681.765000030398,200.537383049726,174.99814671278,20.2695354521275,458.993201836944,247.161154851317,1999.85085766762,2706.92478251457,1274.6220073849,806.129545390606,0,1912.15742816031,4056.21561581641,108.006886079907,25.6352617889643
0,0,2.00733670592308,0,0,0,0,0,1.20012378692627,175.498408332467,0,76.426408290863,8.84936714172363,215.121055781841,0,4.34936356544495,0,538.194617569447,1.1368852853775,0,0,5.68633353710175,194.612148553133,0,0,0,0,0,0,0,0,0,0,0,0,132.093836903572,183.299703121185,11.6450657844543,21.2767848968506,0,0.705577462911606,20.2106132805347,13.4108496308327,0,0,0,4.4358294159174,3.60102188587189,4.62855163216591,0,0,0,0,0,0,0,18.0657292306423,19.2778470516205,1,18.9961150884628,0,2.8784384727478,0,1.20632277429104,0,34.1326650679111,0,0,0,0,13.9234070777893,0,1.19322156906128,0,0,0,0,0,28.2819695472717,34.0104035139084,2.05350005626678,4.98709654808044,1912.15742816031,0,29.6108786463737,1.82275104522705,0
