0,0,923.845612227917,0,34.7396073937416,0,0,0,612.470465421677,0,0,0,0,0,0,0,0,0,0,0,0,0,0,0,14.9867720603943,0,0,0,0,0,0,0,0,0,0,0,0,0,0,0,0,0,37.528286755085,0,0,0,0,0,103.906858101487,0,30.8205053806305,0,0,0,466.119910061359,0,0,0,2.32480078935623,0,1.50529658794403,0,0,0,0,0,0,29.6635937690735,0,0,0,1.81321999430656,0,7.51216259598732,0,0,0,0,0,0,0,0,923.057852506638,8.66174823045731,195.365801751614,0,0
0,0,0,870.98606210947,0,108.650224864483,0,0,0,637.208548247814,0,0,0,0,0,11.1859993934631,0,0,13.7763510048389,0,0,0,0,6.96546417474747,0,0,0,0,0,0,0,0,0,0,0,0,0,0,0,0,0,44.3829130381346,0,0,0,0,0,0,0,41.02580717206,0,0,0,0,0,379.21600189805,0,8.19640842080116,0,0,0,48.5993068218231,0,0,0,0,0,0,0,0,2.90262085199356,0,0,0,0,0,0,0,0,0,0,0,469.804224193096,0,316.192963689566,1.94080105423927,0
923.845612227917,0,0,0,116.114630967379,0,0,0,185.344786345959,0,0,0,0,0,0,0,0,0,0,0,0,0,0,0,0,0,0,0,0,0,0,0,0,0,2.25401549041271,0,0,0,0,0,4.04798445105553,0,25.6126796156168,0,0,0,315.977032572031,3.13452041149139,204.458976536989,0.257331252098083,460.398508027196,0,0,0,143.109672605991,0,8.53885628283024,0,63.4201644361019,0,20.4337175488472,0,0,26.2050935477018,0,0,0,0,0,0,0,0,0,6.51817950606346,0,0,0.252844721078873,2.1455300450325,0,0.218704894185066,0,1.47608643770218,125.314319968224,0,1728.17311191559,0,0.620268940925598
0,870.98606210947,0,0,0,347.544089883566,0,0,0,331.615448713303,0,0,0,0,0,0,0,0,0,0,0,0,0,0,0,0,0,0,0,0,0,0,0,0.858445376157761,0,0,0,0,0,2.01869678497314,0,4.83952209353447,0,0,0,294.142851144075,0,2.10552994906902,0,290.679736986756,0,8.3042987883091,0,0,0,137.878692656755,0,2.17232747375965,0,18.5020846128464,0,0,17.2072395682335,0,0,0,0,0,0,0,2.22562612593174,0,18.9048087447882,0,0,0,0,0,1.65003095567226,0,29.9954629391432,0,669.783087819815,0,1957.65401056409,0,0
34.7396073937416,0,116.114630967379,0,0,0,80.2857625484467,0,153.168771326542,0,0,0,0,0,1,0,0,0,0.154220536351204,0,78.2582499682903,0,0,0,0,0,0,0,0,0,0,0,1.23213291168213,0,0.159018352627754,0,34.7946047782898,0,0,0,32.3422102332115,0,0,0,0,0,149.396251231432,4.55971996486187,7.97967314720154,0,167.641702324152,0,15.5867490768433,0,376.541989326477,0,7.56147938966751,0,4.23333755135536,0,2.97986555099487,0,0,302.091517567635,0,0,0,0,0,0,0,0,0,0,0,0,0,0.194580301642418,0,75.6167783439159,0,0,209.816506505013,3.61858081817627,55.6964109838009,0,0
0,108.650224864483,0,347.544089883566,0,0,0,55.4982178211212,0,228.789055049419,0,0,0,0,0,0,0,0,0,11.7572497725487,0,0,0,0,0,0,0,0,0,0,0,0,0,0,0,0,0,0,0,8.02484276890755,0,0,0,0,0,71.4875087141991,0,0.992408201098442,0,0,0,200.446840703487,0,0,0,26.4519414901733,0,0,0,0,0,0,36.76631295681,0,0,0,0,0,0,0,0,0,0.493781074881554,0,0,0,0,0,3.65966215729713,0,0,0,362.101146608591,0,142.919964417815,0,0
0,0,0,0,80.2857625484467,0,0,0,0,0,171.75485137105,0,14.8746944069862,0,0,0,0,0,0,0,0,0,0,0,0,0,0,0,0,0,0,0,0,0,0,0,0,0,0,0,0,0,0,0,0,0,0,0,0,0,17.0037744045258,0,232.910314768553,0,0,0,9.0074448287487,0,48.7764039039612,0,0,0,0,0,0,0,0,0,0,0,0,0,0,0,0,0,0,0,0,0,0,0,132.902864992619,0,0,0,0
0,0,0,0,0,55.4982178211212,0,0,0,0,0,136.461396276951,0,0,0,0,0,0,0,2.85435077548027,0,0,0,0,0,0,0,0,0,0,0,0,0,0,0,0,0,0,0,0,0,0,0,0,0,0,0,0,0,0,0,92.3658906817436,0,3.62072050571442,0,0,0,6.23847335577011,0,0,0,0,0,0,0,0,0,0,0,0,0,0,0,0,0,0,0,0,0,0,0,0,295.022968411446,0,0,0,0
612.470465421677,0,185.344786345959,0,153.168771326542,0,0,0,0,6.56695228815079,0,0,0,0,66.5538764595985,2.56611359119415,870.87114842236,140.177467912436,78.6000907719135,0,0,1.46932768821716,63.5016630291939,45.7238130867481,549.916772469878,0,68.1456181108952,0,0,0,0,0,0,0,0,0,0,0,0,0,3.34654547274113,0,208.412368357182,0.218536630272865,1.51324439048767,0,30.0352255553007,0,0,0,1.63885390758514,0,0,0,771.22114059329,17.5066519975662,0,0,0,0,15.289355546236,1.64724147319794,0.567626416683197,0,4.53318548202515,16.033834785223,2.08309191465378,470.430376112461,3.54903793334961,34.1133452802896,0,0,0,1.4194330573082,0,0,0,0,0.415515840053558,2.40094739198685,0.646001428365707,0.813585698604584,1189.78324465454,23.1109917163849,108.717555806041,0,19.9589883983135
0,637.208548247814,0,331.615448713303,0,228.789055049419,0,0,6.56695228815079,0,0,0,0,0,0,68.7949879765511,148.193012446165,657.054712757468,137.249205991626,0,0,107.299029067159,0.521308422088623,484.71020437777,18.5612891316414,124.484160214663,0,0,0,0,0,0,0,5.90176221728325,0,0,1.68991780281067,1.23168152570724,0,0.663407206535339,1.29949243366718,354.681304857135,0,0,0.629298448562622,0,0.725581884384155,5.31754453480244,0,0.576879560947418,0,0,0,0,0,467.813153401017,0,0,0,0,0,16.9420791864395,0,0,14.7069801688194,0,188.633856862783,4.1116826236248,43.2106902301311,0.621482968330383,0,0,0,0,0,0,0,0,0.93239027261734,2.52138057351112,1.2792546749115,0.434140145778656,1073.83435626328,0,245.206631094217,1.14949676394463,0
0,0,0,0,0,0,171.75485137105,0,0,0,0,0,0.855978667736053,0,0,0,0,0.135750085115433,1.87075319886208,0,469.237584650517,0,0,0,0,0,0,0,9.9045028090477,0,25.2738212049007,0,1.47322726249695,0,0,0,0.773843228816986,0,956.427101522684,0,7.1881060898304,0,2.05422084033489,0,0,0,49.0185191184282,1.28399011492729,1.85077291727066,0,0,0,49.8289221823215,0,0,0,1152.71681509912,0,0,0,0,0,0,130.44407184422,0,0,0,0,0,0,0,62.8784777522087,0,64.4467260241508,0,0,0,0,0,10.8047098964453,0,226.535687044263,421.776455193758,0,4.56751799583435,0,0
0,0,0,0,0,0,0,136.461396276951,0,0,0,0,0,70.4716424942017,0,0,0,0,0,520.212897628546,0,0,0,0,0,0,0,2.84494975209236,0,203.253459811211,0,0,0,0,0,0,0,515.501178875566,0,0.11928778141737,0,0,0,0,0,8.72231256961823,0,0,0,0,0,0,0,141.949401736259,0,0,0,1216.96391282976,0,0,0,0,53.955113530159,0,0,0,0,0,0,0,30.7261428534985,0,73.290014192462,0,0,0,0.122581541538239,0,0,0,97.7707564383745,0,811.962804302573,0,5.20612135529518,0,0
0,0,0,0,0,0,14.8746944069862,0,0,0,0.855978667736053,0,0,0,1,0,0,0,0,0,0,0,0,0,0,0,0,0,0,0,0,0,0,0,0,0,0,0,0,0,0,0,0,0,0,0,0,0,0,0,0,0,4.30901050567627,0,0,0,0.544172883033752,0,1190.91750562191,0,1.26423335075378,0,0,0,0,0,0,0,0,0,0,11.876958489418,0,0,0,0,0,0,0,0,0,0,663.439219176769,144.430505752563,0,0,0
0,0,0,0,0,0,0,0,0,0,0,70.4716424942017,0,0,0,0,0,0,0,0,0,0,0,0,0,0,0,22.0289616584778,0,0,0,0,0,0,0,0,0,0,0,0,0,0,0,0,0,0,0,0,0,0,0,0,0,0,0,0,0,0,0,86.1594519615173,0,0,0,0,0,0,0,0,0,0,0,0,0,0,0,0,0,0,0,0,0,0,3.62517261505127,0,0,0,0
0,0,0,0,1,0,0,0,66.5538764595985,0,0,0,1,0,0,0,683.853384912014,29.7836816310883,12.383204549551,0,0,2.12421458959579,45.0589708685875,1.07797455787659,49.685555562377,0,295.159982711077,0,5.76988315582275,0,0,0,0,0,0,0,0,0,0,0,0,0,0.467374622821808,0,0,0,0,0,0,0,1,0,0,0,0.298096299171448,0,5.76362037658691,0,198.550879836082,0,83.3982043862343,0,0,0,0,14.9518381953239,0,26.0015933811665,0,123.741462796926,0,0,0,0,0,0,0,0,0,0,0,0,191.81414347887,0,0,0,0
0,11.1859993934631,0,0,0,0,0,0,2.56611359119415,68.7949879765511,0,0,0,0,0,0,26.087722659111,557.157164543867,34.7556125223637,0,0,41.9165813028812,0,32.840061917901,0,188.424177676439,0,0,0,0,0,0,0,0,0,0,0,0,0,0,0.32115238904953,0,0,0,0,0,0,0,0,0,0,8.87734353542328,0,0,0,26.0811912715435,0,0,0,1.11251223087311,0,194.677512288094,0,0,8.47675308585167,0,5.52040219306946,0,165.21626329422,0,0,0,0,0,0,0,0,0,0.512573540210724,0,0.261224776506424,0,164.404425173998,0,0,0,0
0,0,0,0,0,0,0,0,870.87114842236,148.193012446165,0,0,0,0,683.853384912014,26.087722659111,0,12331.5108290315,5693.1638610214,0,0,286.498378753662,2256.64674973488,335.775887429714,1085.142404899,70.8261494636536,2035.12946802378,0,0,0,0.552941083908081,0,0,0,0,1.21058712899685,2.75719812512398,0,0.238542035222054,70.4847742766142,184.870732493699,27.9399428665638,113.078158788383,4.70909987390041,4.6022332161665,16.8704333007336,54.9085529670119,3.71922521293163,13.0333451032639,6.19014469534159,0,0,0,0,61.9579247534275,48.9151148498058,1.05906075239182,0,0,0,162.068472296,18.6409220695496,0.588327020406723,15.8478392511606,39.9723968803883,178.321266815066,55.7468311786652,414.748135924339,47.9562233090401,609.566102534533,0,0,0.263233006000519,11.1505409479141,0,0,0,0,69.4079301804304,449.198893621564,14.7230003327131,106.055946841836,13810.4867437482,0,124.179167591035,1.01574392616749,8.48542802035809
0,0,0,0,0,0,0,0,140.177467912436,657.054712757468,0.135750085115433,0,0,0,29.7836816310883,557.157164543867,12331.5108290315,0,5990.95138677955,0,0,1641.83230289817,134.622457042336,909.849607676268,179.080072343349,2549.2701831162,26.848614603281,0,0,0,0,0,0,0.203933909535408,0,7.2045941054821,2.61883354187012,0,0.64542943239212,117.534925073385,85.2232452630997,63.5890433341265,27.6814468577504,7.10789881646633,8.27033090591431,18.3524429947138,18.012293882668,4.28305768966675,2.2646798491478,12.0484512150288,0,0,0,0,12.3243295550346,171.380997061729,0,0,0,0,13.000008225441,165.199582010508,0.264654189348221,7.21895599365234,215.658263772726,11.2304645776749,105.013437509537,82.0678150951862,978.085527598858,27.3068099021912,0,0,2.90793672204018,2.65587277710438,0,0,0,0,229.469931006432,186.270210064948,51.5001376569271,18.1487136781216,12422.5031794459,72.4131832718849,67.3117806315422,4.36678744852543,3.11264541745186
0,13.7763510048389,0,0,0.154220536351204,0,0,0,78.6000907719135,137.249205991626,1.87075319886208,0,0,0,12.383204549551,34.7556125223637,5693.1638610214,5990.95138677955,0,0,0.745453238487244,147.707494810224,42.8596159517765,287.447621673346,111.042530894279,64.3458426296711,12.6663613021374,0,0,0,0.568024024367332,0,0,5.40545972436666,0.197784453630447,73.8478711023927,36.1728169992566,0,9.08734130859375,1543.50595222414,1406.4054819569,831.568418122828,628.745781570673,163.560934334993,172.226833999157,348.081296622753,406.811889320612,53.7654418349266,46.3560387343168,156.455493487418,0,0,0,0,6.4271582365036,40.8231634795666,19.9257800728083,0.607610881328583,0,0,0.450587332248688,17.158842921257,8.17096339166164,122.452676765621,11.3512386679649,4.17051191627979,21.092433154583,44.4193690121174,22.1865962147713,29.7685141563416,3.30182301998138,0,28.4896447882056,69.2419676929712,0,0,0.126122176647186,0,2144.06631845981,2794.67305804789,565.36366648227,808.622343085706,4920.81175622344,0,1394.91857983172,59.5358790010214,58.241025775671
0,0,0,0,0,11.7572497725487,0,2.85435077548027,0,0,0,520.212897628546,0,0,0,0,0,0,0,0,0,0,0,0,0,0,0,0.756709218025208,0,1.90827389061451,0,0,0,0,0,299.57916136086,0,18.0564916431904,0,6.21004039049149,0,0,0,0,0,94.8836554884911,0,0,0,0,0,0,0,0.195242837071419,0,0,0,234.592197716236,0,0,0,0,1414.89701917768,0,0,0,0,0,0,0,24.055868268013,0,74.7147019654512,0,0,0,0,0,966.541134491563,0,315.624832808971,0,556.179922685027,0,20.0332738757133,0,0
0,0,0,0,78.2582499682903,0,0,0,0,0,469.237584650517,0,0,0,0,0,0,0,0.745453238487244,0,0,0,0,0,0,0,0,0,2.18877232074738,0,9.14363479614258,0,0,0,0,0,1057.20094659925,0,32.6266719102859,0,2.82168729603291,0,4.09908589720726,0,0,0,105.357720881701,2.29806625843048,0.307314202189445,0,0,0,0,0,0,0,215.419835522771,0,0,0,0,0,0,2174.95375989377,0,0,0,0,0,0,0,4.22605955600739,0,27.067516207695,0,0,0,0,0,1872.1065030843,0,383.482631325722,572.635838031769,0,22.2181545495987,0,0
0,0,0,0,0,0,0,0,1.46932768821716,107.299029067159,0,0,0,0,2.12421458959579,41.9165813028812,286.498378753662,1641.83230289817,147.707494810224,0,0,0,62.8150746822357,420.545926302671,5.58611735701561,284.377838760614,2.60491490364075,6.68225884437561,0,0,0,0,0,1.73266986012459,0,0,0,368.439942061901,0,2.19963167607784,3.08020190894604,0.287126034498215,0,0,0,0.480626150965691,1.89661920070648,31.750809147954,0.230598926544189,168.013164281845,0,0,0,0,0,17.4304905533791,0,1.1669194996357,0,0,2.45893430709839,14.2003767490387,0.607576459646225,0.193723753094673,3879.71428322792,2.07432651519775,226.796730846167,3.32436156272888,101.034054398537,4.40964329242706,135.3333773911,0,2.70593672990799,0,0,0,1.4600625038147,0,1.89810329675674,3.59461434185505,406.254026085138,0.614815831184387,3192.62030656636,0,1.74934175610542,0,0
0,0,0,0,0,0,0,0,63.5016630291939,0.521308422088623,0,0,0,0,45.0589708685875,0,2256.64674973488,134.622457042336,42.8596159517765,0,0,62.8150746822357,0,7.3498307466507,203.102810233831,5.67319893836975,446.098080426455,0,8.60618758201599,0,0,0,0,0,1.19917237758636,0,0,0,325.275105834007,0,0.38275021314621,0,0,0,0,0,0.164825826883316,0.531859189271927,136.897016435862,0.311236381530762,0,0,0,0,5.55683532357216,0,0.222038760781288,0,0,0,29.3452009260654,3.1523859500885,0,0,0.956555247306824,3803.32582183182,4.88376933336258,109.869298785925,0,121.971734136343,0,11.3697538375854,0,0,0,0,0,0,0,1.34923499822617,0.314158052206039,245.756494119763,3123.77621780336,2.42505717277527,0,0,0
0,6.96546417474747,0,0,0,0,0,0,45.7238130867481,484.71020437777,0,0,0,0,1.07797455787659,32.840061917901,335.775887429714,909.849607676268,287.447621673346,0,0,420.545926302671,7.3498307466507,0,31.674110352993,110.992775201797,0,0,0,0,0,0,0,0,0,0,0,128.147480905056,0,0.205712184309959,2.49473842978477,0,0.273665875196457,0,0,0,1.00101351737976,1.22678983211517,0,685.767855167389,0,0,0,0,0,247.317488446832,0,0,0,0,0,12.7108411192894,0,0.479080349206924,128.759275764227,0,1285.82792395353,14.4493786096573,71.5573083758354,2.24854248762131,6.96763396263123,0,0,0,0,0,0,0.53800231218338,1.56246447563171,6.14285281300545,30.7751413881779,1.52874992787838,1830.91070391238,0,81.0540851652622,0,0
14.9867720603943,0,0,0,0,0,0,0,549.916772469878,18.5612891316414,0,0,0,0,49.685555562377,0,1085.142404899,179.080072343349,111.042530894279,0,0,5.58611735701561,203.102810233831,31.674110352993,0,2.89812660217285,179.812292784452,0,0,0,0,0,0,0,0,0,0.742904305458069,0,44.3282828330994,2.08253879845142,5.47084733843803,0,3.96602076292038,0,0,0,0,0,53.9173315763474,0,0,0,0,0,234.972298979759,0,0,0,0,0,38.6922969222069,0,0,0,0,65.4724873006344,1.19680571556091,1630.00417888165,5.46085476875305,97.1543209254742,0,67.8997679948807,0,0.214894145727158,0,0,0,0,0,8.59504541754723,0,1.42707577347755,1734.08895906806,0,63.2083019167185,0,0.241551220417023
0,0,0,0,0,0,0,0,0,124.484160214663,0,0,0,0,0,188.424177676439,70.8261494636536,2549.2701831162,64.3458426296711,0,0,284.377838760614,5.67319893836975,110.992775201797,2.89812660217285,0,3.36345958709717,145.720002889633,0,0,0,0,0,0,0,0,0,0,0,0,0,0.769219100475311,0.223703220486641,0,0,0.653235793113708,0,0,0,0,0,0,0,0,0,29.3687149733305,0,0,0,0,0,54.4684546887875,0,0.246973395347595,37.9753690361977,0,14.0070706605911,0,411.545708954334,0,77.9551045894623,0,0,0,0,0,0,0,0,1.03498864173889,0.610003709793091,0,845.18039393425,0,0.930772721767426,0,1.57177579402924
0,0,0,0,0,0,0,0,68.1456181108952,0,0,0,0,0,295.159982711077,0,2035.12946802378,26.848614603281,12.6663613021374,0,0,2.60491490364075,446.098080426455,0,179.812292784452,3.36345958709717,0,0,34.0211828947067,0,0,0,0,0,0,0,0,0,0,0,1.02660344541073,0,0,0,0,0,0,0,0,0,0,0,0,0,9.1722876727581,0,0,0,0,0,100.41457042098,0,0,0,0,221.654974102974,0,78.7186668813229,0,471.227581590414,0,0,0,0,0,0,0,0,0,0.776633724570274,0,1.37375962734222,835.46389323473,0,0,0,0
0,0,0,0,0,0,0,0,0,0,0,2.84494975209236,0,22.0289616584778,0,0,0,0,0,0.756709218025208,0,6.68225884437561,0,0,0,145.720002889633,0,0,0,0,0,0,0,0,0,0,0,2,0,0,0,0,0,0,0,1.38905827701092,0,0,0,0,0,0,0,0,0,0,0,79.3572264611721,0,0,0,0,8.50993618369102,0,0,0,0,0,25.4138493537903,0,580.420701026917,0,1.06376725435257,0,0,0,0,0,0,0,20.0367763340473,0,30.3989911079407,0,0,0,0
0,0,0,0,0,0,0,0,0,0,9.9045028090477,0,0,0,5.76988315582275,0,0,0,0,0,2.18877232074738,0,8.60618758201599,0,0,0,34.0211828947067,0,0,0,12.2634635567665,0,0,0,0,0,0,0,42.7277038693428,0,0,0,0,0,0,0,0.406988948583603,0,0,0,0,0,0,0,0,0,89.761409252882,0,0,0,0,0,0,0,0,0,0,0,0,2.32234668731689,0,921.312899708748,0,0.735147833824158,0,0,0,0,0,0,0,193.024827152491,121.157803893089,0,0,0,0
0,0,0,0,0,0,0,0,0,0,0,203.253459811211,0,0,0,0,0,0,0,1.90827389061451,0,0,0,0,0,0,0,0,0,0,0,0,0,0,0,0,0,159.330169796944,0,0,0,0,0,0,0,3.25034484267235,0,0,0,0,0,0,0,0,0,0,0,175.77002415061,0,0,0,0,0.499469369649887,0,0,0,0,0,0,0,1.42634904384613,0,1691.10021239519,0,0,0,0,0,0,0,92.1013517379761,0,10.858345746994,0,1.09735828638077,0,0
0,0,0,0,0,0,0,0,0,0,25.2738212049007,0,0,0,0,0,0.552941083908081,0,0.568024024367332,0,9.14363479614258,0,0,0,0,0,0,0,12.2634635567665,0,0,0,0,0,0.187498599290848,0,0.805737838149071,0,58.2169280350208,0,4.19968213140965,0,6.06140200793743,0,0,0,36.6814584285021,1.65807636082172,1.53469967842102,0,0,0,0,0,0,0,87.5516394972801,0,0,0,0,0,0,24.5057177841663,0,0,0,0,0,0,0,87.6518188118935,0,271.140579462051,0,0,0,0.16784642636776,0,12.7475481927395,0.676785051822662,134.334291219711,2.7071241736412,0,9.98324185609818,0,2.22185182571411
0,0,0,0,0,0,0,0,0,0,0,0,0,0,0,0,0,0,0,0,0,0,0,0,0,0,0,0,0,0,0,0,1002.58831243217,102.534446462989,4.55071182549,225.406994849443,21.0826366841793,0,0,1.20480877161026,0,0,0,0,0,9.19248980283737,0,963.560165911913,0,26.214478880167,0,0,0,0,0,0,0,0,0,0,0,0,0.134423360228539,0,0,0,0,0,0,0,0,0,0.357195019721985,0,1673.57915458083,1051.13951870799,95.2670044898987,0.23726986348629,171.639725327492,5.29747700691223,0.452629506587982,0,901.762507379055,0,3.75718508660793,0,0
0,0,0,0,1.23213291168213,0,0,0,0,0,1.47322726249695,0,0,0,0,0,0,0,0,0,0,0,0,0,0,0,0,0,0,0,0,1002.58831243217,0,38.2528083920479,487.26517817378,15.1403888463974,489.271894618869,0,0,0,4.01840353012085,0,0,0,0,0,51.004462942481,213.412280648947,43.4728138446808,0,0,0,0,0,0,0,0.232133463025093,0,0,0,0,0,0,0.283222764730453,0,0,0,0,0,0,0,0,0,3.99611783027649,255.733638554811,2367.54099929333,6.28053039312363,153.820051580667,0,351.986502744257,0,2.15624302625656,394.207752972841,0,6.33056309819221,0,0
0,0,0,0.858445376157761,0,0,0,0,0,5.90176221728325,0,0,0,0,0,0,0,0.203933909535408,5.40545972436666,0,0,1.73266986012459,0,0,0,0,0,0,0,0,0,102.534446462989,38.2528083920479,0,2159.13108578324,386.810677617788,41.9876004159451,291.734412044287,5.53174388408661,9.76415367424488,0.260695070028305,227.139627352357,3.94211030751467,0.783618912100792,0,36.9124017134309,0,1728.23269557953,21.4790075868368,123.787717193365,0,0,0,0,0,0,0,0,0,0,0,0,0.221710383892059,0,0.478926777839661,0,0,0,0,0,2.17470055818558,0,0.930138371884823,0,109.436055824161,5.36012804508209,3865.9241502732,907.336726456881,39.0871956348419,66.0762389302254,188.588617801666,96.8976464420557,624.379466213286,0,117.895135238767,0,0
0,0,2.25401549041271,0,0.159018352627754,0,0,0,0,0,0,0,0,0,0,0,0,0,0.197784453630447,0,0,0,1.19917237758636,0,0,0,0,0,0,0,0.187498599290848,4.55071182549,487.26517817378,2159.13108578324,0,20.1882574856281,406.574997752905,7.95181041955948,207.138709783554,0,2.55629940330982,0,54.3289865404367,0,0,0,23.5433562621474,1486.33587494493,184.446003422141,3.64768947660923,0,0,0,0,0,0,1.2661145478487,0,0,0,0,0,0,4.60055027902126,0,0,0,0,0,0,0,0,0,0.637967109680176,0.715450823307037,301.182628363371,2046.07770213485,4164.78636696935,8.11752933263779,137.146478533745,56.7681192755699,886.084783762693,601.143935188651,0,78.0773703306913,0,0.144540086388588
0,0,0,0,0,0,0,0,0,0,0,0,0,0,0,0,1.21058712899685,7.2045941054821,73.8478711023927,299.57916136086,0,0,0,0,0,0,0,0,0,0,0,225.406994849443,15.1403888463974,386.810677617788,20.1882574856281,0,59.1719062030315,1804.60646604002,0,22.7833376899362,0,30.4260399192572,0.426214963197708,82.2611862421036,0,247.1193517223,1.45073747634888,225.683290764689,68.2839765697718,155.332170300186,0,0,0,0,0,0,0,0,0,0,0,0,104.579560935497,0,0,0,0,0,0,0,0,0,0.995608806610107,0,117.325320765376,6.86646068096161,53.169480368495,11.7473367154598,15201.0145113915,7.07609602808952,221.37356185168,0,4217.00645517558,71.3759219050407,84.7035681754351,2.38821540772915,0
0,0,0,0,34.7946047782898,0,0,0,0,1.68991780281067,0.773843228816986,0,0,0,0,0,2.75719812512398,2.61883354187012,36.1728169992566,0,1057.20094659925,0,0,0,0.742904305458069,0,0,0,0,0,0.805737838149071,21.0826366841793,489.271894618869,41.9876004159451,406.574997752905,59.1719062030315,0,0,2740.30414988101,0,16.3427512943745,0.233577683568001,13.5412868261337,0,6.0031471401453,0,155.119789063931,172.056820906699,26.8688866347075,0,0,0,0,0,0,0,4.5702495649457,0,0,0,0,0,0,467.412052676082,0,0,0,0,0,0,0,0,0,3.2430874556303,1.91128051280975,381.764593496919,51.6072133481503,275.861368134618,2.11607038974762,23130.9748349637,0,528.576425805688,4683.4599789381,112.789123117924,23.639176428318,0,0.547589600086212
0,0,0,0,0,0,0,0,0,1.23168152570724,0,515.501178875566,0,0,0,0,0,0,0,18.0564916431904,0,368.439942061901,0,128.147480905056,0,0,0,2,0,159.330169796944,0,0,0,291.734412044287,7.95181041955948,1804.60646604002,0,0,0,0,0,194.81300970912,0.459173858165741,0,0,13.5565803647041,0,218.740717425942,5.26299320161343,829.357728272676,0,0,0,0,0,0,0,13.0405944883823,0,0,0,0,17.2861207872629,0,63.1733032763004,0,56.5458961129189,0,2.33290064334869,0,48.3622389435768,0,182.6965470016,0,0,0,41.0193246603012,5.42877539992332,422.688949719071,0,6428.83887130022,2.03199940919876,3663.11702504754,150.866705060005,220.889430582523,0,0
0,0,0,0,0,0,0,0,0,0,956.427101522684,0,0,0,0,0,0.238542035222054,0.64542943239212,9.08734130859375,0,32.6266719102859,0,325.275105834007,0,44.3282828330994,0,0,0,42.7277038693428,0,58.2169280350208,0,0,5.53174388408661,207.138709783554,0,2740.30414988101,0,0,0,9.36807300150394,0,212.188071414828,0,0,0,61.2637019008398,8.29237559437752,532.668922975659,0,0,0,0,0,0,0,11.0164443254471,0,0,0,0,0,0,117.075119242072,0,13.6487694382668,0,0,0,0,0,34.3140049278736,0,0,0,0,20.432648897171,25.1559344530106,1.13070511817932,1202.94757379591,12.98716121912,8956.39771907032,3531.79831247032,15.461543738842,125.533611565828,0,2.82976377010345
0,0,0,2.01869678497314,0,8.02484276890755,0,0,0,0.663407206535339,0,0.11928778141737,0,0,0,0,70.4847742766142,117.534925073385,1543.50595222414,6.21004039049149,0,2.19963167607784,0,0.205712184309959,2.08253879845142,0,0,0,0,0,0,1.20480877161026,0,9.76415367424488,0,22.7833376899362,0,0,0,0,20.0923429653049,1377.33557547629,18.443640910089,126.613089829683,0,748.223966658115,8.30541636049747,147.094754479825,12.0931546837091,1341.49956991524,0,0,0,0,0,0,0,2.79601210355759,0,0,0,0,476.128109432757,1.02317555248737,0,0,0,0,0,0,3.29990857839584,0,32.7091911360621,1.09296946227551,0,0,5.80623649805784,0,2956.8309854269,32.9532713443041,561.513337351382,6.57799470424652,376.692935913801,0,718.815072864294,57.5859147161245,0
0,0,4.04798445105553,0,32.3422102332115,0,0,0,3.34654547274113,1.29949243366718,7.1881060898304,0,0,0,0,0.32115238904953,184.870732493699,85.2232452630997,1406.4054819569,0,2.82168729603291,3.08020190894604,0.38275021314621,2.49473842978477,5.47084733843803,0,1.02660344541073,0,0,0,4.19968213140965,0,4.01840353012085,0.260695070028305,2.55629940330982,0,16.3427512943745,0,9.36807300150394,20.0923429653049,0,19.6535586565733,1305.3928501755,7.49473698437214,8.78319889307022,6.58924607932568,863.481337212026,131.702090069652,1027.78749088198,3.74726916849613,1.747438788414,0,0,0,0,0,43.7886746376753,0,0,0,0,0,0,289.161853127182,0.174068510532379,0,0.205290749669075,0,0,0,0,0,0,56.2539329454303,0,49.1597710847855,0.123846255242825,1.70290980488062,14.6133823692799,2369.83166150004,4.90118955075741,532.16695715487,174.587969504297,0,1077.0420704782,0.866260945796967,52.9189671128988
0,44.3829130381346,0,4.83952209353447,0,0,0,0,0,354.681304857135,0,0,0,0,0,0,27.9399428665638,63.5890433341265,831.568418122828,0,0,0.287126034498215,0,0,0,0.769219100475311,0,0,0,0,0,0,0,227.139627352357,0,30.4260399192572,0.233577683568001,194.81300970912,0,1377.33557547629,19.6535586565733,0,143.617935135961,157.627655103803,0,575.748738907278,3.79796172678471,314.098027192056,12.5199761986732,828.064423583448,0,0,0,0,0,2.82221955060959,0.946607828140259,26.5703736320138,0,0,0,0,642.54095171392,0.962937116622925,0.979601919651031,0,0,0,0,0,48.2990977913141,0,724.477074161172,1.06740593910217,0,0,6.46647070348263,0,2539.86048942059,31.1388390511274,1746.6954536438,22.8382767438889,1446.50369533151,0,3265.79279847443,1089.98426999152,0.509172901511192
37.528286755085,0,25.6126796156168,0,0,0,0,0,208.412368357182,0,2.05422084033489,0,0,0,0.467374622821808,0,113.078158788383,27.6814468577504,628.745781570673,0,4.09908589720726,0,0,0.273665875196457,3.96602076292038,0.223703220486641,0,0,0,0,6.06140200793743,0,0,3.94211030751467,54.3289865404367,0.426214963197708,13.5412868261337,0.459173858165741,212.188071414828,18.443640910089,1305.3928501755,143.617935135961,0,2.64220269024372,6.20114095509052,11.0626675188541,1458.14909160882,442.801632195711,835.084940381348,66.7288425713778,0,0,0,0,0,0,353.655521318316,0,0,0,0,0,0,527.133669301867,0.378910064697266,0,0,0,0,0,0,0,0.149309620261192,726.87366206944,0,0,1.51905098557472,1.32084345817566,16.88449023664,2126.21926613897,13.6078361719847,938.66325737536,1530.94012224674,0,4023.52051878721,0.867180868983269,1585.82537055016
0,0,0,0,0,0,0,0,0.218536630272865,0,0,0,0,0,0,0,4.70909987390041,7.10789881646633,163.560934334993,0,0,0,0,0,0,0,0,0,0,0,0,0,0,0.783618912100792,0,82.2611862421036,0,0,0,126.613089829683,7.49473698437214,157.627655103803,2.64220269024372,0,0,112.188614152372,0.163230314850807,8.95462314039469,0,22.4859035015106,0,0,0,0,0,0,0,0,0,0,0,0,1.20685766637325,0.122372634708881,0,0,0,0,0,0,0,0,18.9536333829165,0,0,0,0,0,1002.83187358081,16.7680972144008,123.946289122105,0.464339643716812,19.5112433582544,0,331.454765863717,13.5072746574879,0.241606444120407
0,0,0,0,0,0,0,0,1.51324439048767,0.629298448562622,0,0,0,0,0,0,4.6022332161665,8.27033090591431,172.226833999157,0,0,0,0,0,0,0,0,0,0,0,0,0,0,0,0,0,6.0031471401453,0,0,0,8.78319889307022,0,6.20114095509052,0,0,0.184894770383835,65.3273509740829,0.246578007936478,1.64263483136892,0,0,0,0,0,0,0,1.23790431022644,0,0,0,0,0,0,2.02494642138481,0,0,0,0,0,0,0,0,0,7.13853454589844,0,0,0,0,0.946057558059692,337.119619548321,0,105.915836825967,6.46237136423588,0,53.9676254242659,0,0
0,0,0,294.142851144075,0,71.4875087141991,0,0,0,0,0,8.72231256961823,0,0,0,0,16.8704333007336,18.3524429947138,348.081296622753,94.8836554884911,0,0.480626150965691,0,0,0,0.653235793113708,0,1.38905827701092,0,3.25034484267235,0,9.19248980283737,0,36.9124017134309,0,247.1193517223,0,13.5565803647041,0,748.223966658115,6.58924607932568,575.748738907278,11.0626675188541,112.188614152372,0.184894770383835,0,1.0303043872118,209.226727493107,93.1133864670992,585.189337432384,0,0,0,0,0,0,0,125.408329829574,0,0,0,0,1824.42997530103,0.25106880068779,1.34011797606945,0,0,0,0,0,94.629107683897,0,632.239298328757,0.440629184246063,0.73650249838829,0,7.67248842120171,0,3941.1459979713,13.8828599601984,1990.3140610829,2.80010399222374,157.133248955011,0,2017.40812978148,22.8444890081882,1.48117101192474
0,0,315.977032572031,0,149.396251231432,0,0,0,30.0352255553007,0.725581884384155,49.0185191184282,0,0,0,0,0,54.9085529670119,18.012293882668,406.811889320612,0,105.357720881701,1.89661920070648,0.164825826883316,1.00101351737976,0,0,0,0,0.406988948583603,0,36.6814584285021,0,51.004462942481,0,23.5433562621474,1.45073747634888,155.119789063931,0,61.2637019008398,8.30541636049747,863.481337212026,3.79796172678471,1458.14909160882,0.163230314850807,65.3273509740829,1.0303043872118,0,288.244362726808,407.031163737178,17.0969378501177,0,0,0,0,10.1944145560265,0,438.93831448257,0,0,0,0,0,0,1850.88375990093,0,0,0,0,0,0,0,0,0,408.710256278515,0,15.3187506496906,0,15.5030430108309,9.86825187504292,3917.37090983242,0.590732246637344,999.332375124097,195.149646662176,0,1400.49557089806,0,131.767134606838
0,0,3.13452041149139,2.10552994906902,4.55971996486187,0.992408201098442,0,0,0,5.31754453480244,1.28399011492729,0,0,0,0,0,3.71922521293163,4.28305768966675,53.7654418349266,0,2.29806625843048,31.750809147954,0.531859189271927,1.22678983211517,0,0,0,0,0,0,1.65807636082172,963.560165911913,213.412280648947,1728.23269557953,1486.33587494493,225.683290764689,172.056820906699,218.740717425942,8.29237559437752,147.094754479825,131.702090069652,314.098027192056,442.801632195711,8.95462314039469,0.246578007936478,209.226727493107,288.244362726808,0,2108.11479386687,1463.47882281244,0,0,0,0,0,0,20.4859427437186,1.13655538856983,0,0,0,0,3.84869459271431,55.1811019033194,23.0896348059177,0.75240483880043,0,0,0,0,8.11886769533157,4.94544970989227,7.61964745819569,18.0167159289122,165.06138163805,703.157062292099,842.010668888688,1060.29161852598,852.909710124135,614.640076845884,865.135553464293,1331.26377893239,945.304692856967,0,1113.50942485034,1.30896617472172,4.07074622809887
103.906858101487,0,204.458976536989,0,7.97967314720154,0,0,0,0,0,1.85077291727066,0,0,0,0,0,13.0333451032639,2.2646798491478,46.3560387343168,0,0.307314202189445,0.230598926544189,136.897016435862,0,53.9173315763474,0,0,0,0,0,1.53469967842102,0,43.4728138446808,21.4790075868368,184.446003422141,68.2839765697718,26.8688866347075,5.26299320161343,532.668922975659,12.0931546837091,1027.78749088198,12.5199761986732,835.084940381348,0,1.64263483136892,93.1133864670992,407.031163737178,2108.11479386687,0,217.185768350959,2.13288569450378,0,0,0,0.444537997245789,0,52.3137695044279,0.364654719829559,2.16458624601364,0,0,0,0.582554534077644,194.169816240668,0.38668754696846,67.0119237452745,0,25.8842767477036,0,6.51533174514771,0.518836811184883,171.691855967045,2.77634072303772,39.789291895926,0,5.97170543670654,69.9971349090338,75.5525555312634,23.5587237924337,776.079849198461,39.9322386234999,267.668096393347,645.961259767413,0,1315.64621306211,1.17759710550308,21.574438251555
0,41.02580717206,0.257331252098083,290.679736986756,0,0,0,0,0,0.576879560947418,0,0,0,0,0,0,6.19014469534159,12.0484512150288,156.455493487418,0,0,168.013164281845,0.311236381530762,685.767855167389,0,0,0,0,0,0,0,26.214478880167,0,123.787717193365,3.64768947660923,155.332170300186,0,829.357728272676,0,1341.49956991524,3.74726916849613,828.064423583448,66.7288425713778,22.4859035015106,0,585.189337432384,17.0969378501177,1463.47882281244,217.185768350959,0,0,0,0,0,0,1.57300761342049,0.615877866744995,80.9991595000029,0,34.3988376557827,0,8.48944985866547,31.7323746234179,1.10008239746094,398.494782567024,0.264659494161606,161.920260071754,0,0,0,375.781108915806,0,73.239336065948,0.141157805919647,26.928683668375,0,46.9819251745939,11.3637997359037,1169.8270522058,4.17678977549076,443.023963175714,22.9382252693176,448.369078733027,0,1872.80304756016,48.9591974765062,1.27165380120277
30.8205053806305,0,460.398508027196,0,167.641702324152,0,17.0037744045258,0,1.63885390758514,0,0,0,0,0,1,0,0,0,0,0,0,0,0,0,0,0,0,0,0,0,0,0,0,0,0,0,0,0,0,0,1.747438788414,0,0,0,0,0,0,0,2.13288569450378,0,0,0,0,0,14.1669126749039,0,200.618271782994,0,138.765165656805,0,36.6700792908669,0,0,2.77331042289734,0,0,0,0,0,0,0,0,0,0,0,0,0,0,0,0,0,0,12.7331047356129,0,5.62676185369492,0,0
0,0,0,8.3042987883091,0,200.446840703487,0,92.3658906817436,0,0,0,0,0,0,0,8.87734353542328,0,0,0,0,0,0,0,0,0,0,0,0,0,0,0,0,0,0,0,0,0,0,0,0,0,0,0,0,0,0,0,0,0,0,0,0,0,96.2169716954231,0,0,0,2.45496153831482,0,8.24705350399017,0,36.6515687704086,0,0,0,0,0,0,0,0,0,0,0,0,0,0,0,0,0,0,0,0,15.9075345098972,0,0,0,0
0,0,0,0,15.5867490768433,0,232.910314768553,0,0,0,49.8289221823215,0,4.30901050567627,0,0,0,0,0,0,0,0,0,0,0,0,0,0,0,0,0,0,0,0,0,0,0,0,0,0,0,0,0,0,0,0,0,0,0,0,0,0,0,0,0,0,0,137.994973778725,0,6.93384504318237,0,0,0,0,0,0,0,0,0,0,0,0,0,0,0,0,0,0,0,0,0,0,0,135.709956645966,0,0,0,0
0,0,0,0,0,0,0,3.62072050571442,0,0,0,141.949401736259,0,0,0,0,0,0,0,0.195242837071419,0,0,0,0,0,0,0,0,0,0,0,0,0,0,0,0,0,0,0,0,0,0,0,0,0,0,0,0,0,0,0,96.2169716954231,0,0,0,0,0,107.042483747005,0,0,0,0,0,0,0,0,0,0,0,0,0,0,0,0,0,0,0,0,0,0,0,0,15.3510002940893,0,0,0,0
466.119910061359,0,143.109672605991,0,376.541989326477,0,0,0,771.22114059329,0,0,0,0,0,0.298096299171448,0,61.9579247534275,12.3243295550346,6.4271582365036,0,0,0,5.55683532357216,0,234.972298979759,0,9.1722876727581,0,0,0,0,0,0,0,0,0,0,0,0,0,0,0,0,0,0,0,10.1944145560265,0,0.444537997245789,0,14.1669126749039,0,0,0,0,0,0,0,0,0,0,0,0,0,0,0,0,261.19842082262,0,2.06482604146004,0,0,0,0,0,0,0,0,0,1.88398346304893,0,0.17628438770771,201.144305333495,2.65598130226135,28.8394296169281,0,0
0,379.21600189805,0,137.878692656755,0,26.4519414901733,0,0,17.5066519975662,467.813153401017,0,0,0,0,0,26.0811912715435,48.9151148498058,171.380997061729,40.8231634795666,0,0,17.4304905533791,0,247.317488446832,0,29.3687149733305,0,0,0,0,0,0,0,0,0,0,0,0,0,0,0,2.82221955060959,0,0,0,0,0,0,0,1.57300761342049,0,0,0,0,0,0,0,0,0,0,0,2,0,0,0.485362350940704,0,61.273038610816,4.26818287372589,5.84114438295364,0,0,0,0,0,0,0,0,0,0,2.86556178331375,0,0,234.989515215158,0,10.7730844020844,0,0
0,0,8.53885628283024,0,7.56147938966751,0,9.0074448287487,0,0,0,1152.71681509912,0,0.544172883033752,0,5.76362037658691,0,1.05906075239182,0,19.9257800728083,0,215.419835522771,0,0.222038760781288,0,0,0,0,0,89.761409252882,0,87.5516394972801,0,0.232133463025093,0,1.2661145478487,0,4.5702495649457,0,11.0164443254471,0,43.7886746376753,0.946607828140259,353.655521318316,0,1.23790431022644,0,438.93831448257,20.4859427437186,52.3137695044279,0.615877866744995,200.618271782994,0,137.994973778725,0,0,0,0,0,284.701871737838,0,33.2304413318634,0,0,307.324723780155,0,0,0,0,0,0,0,379.201823174953,0,261.851767301559,0,0.397267878055573,0,2.68593510985374,0.485137581825256,88.6848619282246,1.29079604148865,17.4656569212675,17.3657518774271,0,479.214113309979,0,82.7192884981632
0,8.19640842080116,0,2.17232747375965,0,0,0,6.23847335577011,0,0,0,1216.96391282976,0,0,0,0,0,0,0.607610881328583,234.592197716236,0,1.1669194996357,0,0,0,0,0,79.3572264611721,0,175.77002415061,0,0,0,0,0,0,0,13.0405944883823,0,2.79601210355759,0,26.5703736320138,0,0,0,125.408329829574,0,1.13655538856983,0.364654719829559,80.9991595000029,0,2.45496153831482,0,107.042483747005,0,0,0,0,0,192.110850006342,0,1.00306084752083,607.907900080085,0,6.29437372088432,0,2.96714434027672,0,0,0,693.477591574192,0,557.04577973485,0,0,0,0,0,1.8221879824996,0,143.082012280822,0,1.65377357602119,0,420.478643760085,1.25279831886292,0
2.32480078935623,0,63.4201644361019,0,4.23333755135536,0,48.7764039039612,0,0,0,0,0,1190.91750562191,0,198.550879836082,0,0,0,0,0,0,0,0,0,0,0,0,0,0,0,0,0,0,0,0,0,0,0,0,0,0,0,0,0,0,0,0,0,2.16458624601364,0,138.765165656805,0,6.93384504318237,0,0,0,284.701871737838,0,0,0,328.574774205685,0,0,0,0,0,0,0,0,0,0,0,0,0,0,0,0,0,0,0,0,0,29.1869425773621,10.9456667900085,0,0,0
0,0,0,18.5020846128464,0,0,0,0,0,0,0,0,0,86.1594519615173,0,1.11251223087311,0,0,0,0,0,0,0,0,0,0,0,0,0,0,0,0,0,0,0,0,0,0,0,0,0,0,0,0,0,0,0,0,0,34.3988376557827,0,8.24705350399017,0,0,0,0,0,192.110850006342,0,0,0,19.8216392397881,0,0,0,0,0,0,0,0,0,0,0,0,0,0,0,0,0,0,0,0,0,0,0,0,0
1.50529658794403,0,20.4337175488472,0,2.97986555099487,0,0,0,15.289355546236,0,0,0,1.26423335075378,0,83.3982043862343,0,162.068472296,13.000008225441,0.450587332248688,0,0,2.45893430709839,29.3452009260654,0,38.6922969222069,0,100.41457042098,0,0,0,0,0,0,0,0,0,0,0,0,0,0,0,0,0,0,0,0,0,0,0,36.6700792908669,0,0,0,0,0,33.2304413318634,0,328.574774205685,0,0,0,0,0,0,2.26269921660423,0,24.9879514575005,0,124.089931458235,0,0,0,0,0,0,0,0,0,0,0,0,162.238409340382,0,0,0,0
0,48.5993068218231,0,0,0,0,0,0,1.64724147319794,16.9420791864395,0,0,0,0,0,194.677512288094,18.6409220695496,165.199582010508,17.158842921257,0,0,14.2003767490387,3.1523859500885,12.7108411192894,0,54.4684546887875,0,0,0,0,0,0,0,0,0,0,0,0,0,0,0,0,0,0,0,0,0,0,0,8.48944985866547,0,36.6515687704086,0,0,0,2,0,1.00306084752083,0,19.8216392397881,0,0,0,0,5.32942044734955,0,0,0,95.3243950903416,0,0,0,0,0,0,0,0,0,0,0,0,0,106.6833152771,0,0,0,0
0,0,0,17.2072395682335,0,36.76631295681,0,0,0.567626416683197,0,0,53.955113530159,0,0,0,0,0.588327020406723,0.264654189348221,8.17096339166164,1414.89701917768,0,0.607576459646225,0,0,0,0,0,8.50993618369102,0,0.499469369649887,0,0.134423360228539,0,0.221710383892059,0,104.579560935497,0,17.2861207872629,0,476.128109432757,0,642.54095171392,0,1.20685766637325,0,1824.42997530103,0,3.84869459271431,0.582554534077644,31.7323746234179,0,0,0,0,0,0,0,607.907900080085,0,0,0,0,0,0,0.575298577547073,0,0,0,0,0,145.365090966225,0,285.330484345555,0,0,0,0.142573669552803,0,3934.60216134787,0,748.100798115134,0,159.715656735003,0,554.875628635287,0.955602645874023,0
0,0,26.2050935477018,0,302.091517567635,0,0,0,0,0,130.44407184422,0,0,0,0,0,15.8478392511606,7.21895599365234,122.452676765621,0,2174.95375989377,0.193723753094673,0,0.479080349206924,0,0.246973395347595,0,0,0,0,24.5057177841663,0,0.283222764730453,0,4.60055027902126,0,467.412052676082,0,117.075119242072,1.02317555248737,289.161853127182,0.962937116622925,527.133669301867,0.122372634708881,2.02494642138481,0.25106880068779,1850.88375990093,55.1811019033194,194.169816240668,1.10008239746094,2.77331042289734,0,0,0,0,0,307.324723780155,0,0,0,0,0,0,0,0,0,0,0,0,0,0,0.785167455673218,0,89.3856893628836,0,2.10670974850655,0,3.6015245616436,2.76276674866676,2207.25176037848,0,1117.79050008953,81.6791402474046,0,1062.01454758644,0,26.7212753146887
0,0,0,0,0,0,0,0,4.53318548202515,14.7069801688194,0,0,0,0,0,8.47675308585167,39.9723968803883,215.658263772726,11.3512386679649,0,0,3879.71428322792,0.956555247306824,128.759275764227,0,37.9753690361977,0,0,0,0,0,0,0,0.478926777839661,0,0,0,63.1733032763004,0,0,0.174068510532379,0.979601919651031,0.378910064697266,0,0,1.34011797606945,0,23.0896348059177,0.38668754696846,398.494782567024,0,0,0,0,0,0.485362350940704,0,6.29437372088432,0,0,0,5.32942044734955,0.575298577547073,0,0,0,126.455154120922,0,7.05445516109467,0,417.676120221615,0,16.6422545313835,0,0,0,0.846663594245911,0,0,1.02905201911926,331.382379829884,0.236067101359367,476.491013094783,0,0.259995669126511,0,0
0,0,0,0,0,0,0,0,16.033834785223,0,0,0,0,0,14.9518381953239,0,178.321266815066,11.2304645776749,4.17051191627979,0,0,2.07432651519775,3803.32582183182,0,65.4724873006344,0,221.654974102974,0,0,0,0,0,0,0,0,0,0,0,13.6487694382668,0,0,0,0,0,0,0,0,0.75240483880043,67.0119237452745,0.264659494161606,0,0,0,0,0,0,0,0,0,0,2.26269921660423,0,0,0,0,0,0,55.3499301671982,0,36.2659932971001,0,96.9762299656868,0,0,0,0,0,0,0,0.244286045432091,0,305.989079043269,321.395542293787,0,0,0,0
0,0,0,0,0,0,0,0,2.08309191465378,188.633856862783,0,0,0,0,0,5.52040219306946,55.7468311786652,105.013437509537,21.092433154583,0,0,226.796730846167,4.88376933336258,1285.82792395353,1.19680571556091,14.0070706605911,0,0,0,0,0,0,0,0,0,0,0,56.5458961129189,0,0,0.205290749669075,0,0,0,0,0,0,0,0,161.920260071754,0,0,0,0,0,61.273038610816,0,2.96714434027672,0,0,0,0,0,0,126.455154120922,0,0,0,5.54219233989716,0,28.0737264752388,0,0,0,0,0,0,0,0,1.03932917118073,6.38696876168251,0,401.2889790833,0,465.849090576172,0,0
29.6635937690735,0,0,0,0,0,0,0,470.430376112461,4.1116826236248,0,0,0,0,26.0015933811665,0,414.748135924339,82.0678150951862,44.4193690121174,0,0,3.32436156272888,109.869298785925,14.4493786096573,1630.00417888165,0,78.7186668813229,0,0,0,0,0,0,0,0,0,0,0,0,0,0,0,0,0,0,0,0,0,25.8842767477036,0,0,0,0,0,261.19842082262,4.26818287372589,0,0,0,0,24.9879514575005,0,0,0,0,55.3499301671982,0,0,0,71.7969726920128,0,1.19336521625519,0,0,0,0,0,0,0,2.71869723498821,0,0.274689167737961,675.628202691674,0,85.1485780924559,0,0
0,0,0,0,0,0,0,0,3.54903793334961,43.2106902301311,0,0,0,0,0,165.21626329422,47.9562233090401,978.085527598858,22.1865962147713,0,0,101.034054398537,0,71.5573083758354,5.46085476875305,411.545708954334,0,25.4138493537903,0,0,0,0,0,0,0,0,0,2.33290064334869,0,0,0,0,0,0,0,0,0,0,0,0,0,0,0,0,0,5.84114438295364,0,0,0,0,0,95.3243950903416,0,0,7.05445516109467,0,5.54219233989716,0,0,0,0,0,0,0,0,0,0,0,0,0.504743933677673,0,1.71615064144135,306.169395744801,0,0,0,0
