0,0,0.147989333107852,0,0.113502445320288,0,0,0,0.144228512402624,0,0,0,0,0,0,0,0,0,0.256270447969437,0,0,0,0,0,0.123295997579892,0,0,0,0,0,0,0,0,0,0,0,0,0,0.168482556939125,0,0.453781515359879,0,0.290034174480859,0,0,0,0.387785643339157,0,0.166883671163907,0.255541980266571,0,0,0,0,0.177157125081688,0,0,0,0,0,0.169366421741109,0,0,0,0,0,0,0.113929904997349,0,0,0,0,0,0,0,0,0,0,0,0.356985131899516,0,0.402921736240387,0.147509189661536,0.10013135522604,0.204685171348612,0,0.160088464617729
0,0,0,0.18638827005085,0,0,0,0,0,0.154114044282264,0,0,0,0,0,0.182149022817612,0.250763314962387,0.306793689727783,0.321531473562635,0,0,0,0,0,0,0,0,0,0,0,0,0,0,0,0,0,0,0.191828015446663,0.248059526085854,0.288388373951117,0,0.312924824427557,0.269754350185394,0.217114895582199,0,0.282226915471256,0,0,0,0.177827252565773,0,0,0,0,0,0.180527221694543,0,0.17464046314666,0,0.139998494432523,0,0.181455371583965,0.291188975175222,0,0,0,0,0,0,0,0,0,0.275953754356929,0,0,0,0,0,0.361209441660618,0,0.258631617895194,0,0.222535590824795,0,0.208426733861692,0.110404951497912,0
0.147989333107852,0,0,0.252437919378281,0.162342104511183,0,0,0,0.108537969264117,0,0,0,0,0,0,0,0.242643430829048,0,0.234679776761267,0,0.202123674253623,0,0,0,0.21624781191349,0,0,0,0,0,0,0,0,0,0,0,0.158639203757048,0,0.194486740976572,0,0.241502974803249,0.278368275612593,0.242676506476775,0,0.277370452880859,0.243798978626728,0.183509082004831,0,0.181073421134358,0.243423474686486,0.215168377384543,0,0,0,0.165831348498662,0,0.245384009635967,0,0.204350996488905,0,0.205977395176888,0,0.238870099186897,0.181934159377526,0,0,0,0,0,0,0,0,0,0.275407363971074,0,0,0,0,0,0.240346808033653,0,0.247113955207169,0.202350554571432,0.191983106235663,0.186504241761523,0,0.230171330846273
0,0.18638827005085,0.252437919378281,0,0,0.147830483588305,0,0,0,0.164783940315247,0,0.112664394080639,0,0,0,0,0,0.242647135257721,0.218856456379096,0.168474317473524,0,0,0,0,0,0,0,0,0,0,0,0,0,0,0,0.165078942297083,0.202501331766446,0,0,0.214561584044476,0,0.259890444292367,0,0,0,0.216981866982131,0,0,0,0.198470112262039,0,0.151827663074445,0,0,0,0.158731880968296,0,0.189679155747096,0,0.173931980109119,0,0.170437211047482,0.243771933019161,0,0,0,0,0,0,0,0,0,0.283969174325466,0,0,0,0,0,0.248876768507456,0,0.286568633147648,0,0.175386006117575,0.183172668019931,0.192703514715473,0,0
0.113502445320288,0,0.162342104511183,0,0,0,0,0,0.109794793029626,0,0,0,0,0,0,0,0,0,0.197338752448559,0,0.129169081027309,0,0,0,0,0,0,0,0,0,0,0,0,0,0,0,0.147807577252388,0,0,0,0.243271272629499,0.213483870029449,0.231554617804866,0,0,0.2112155854702,0.15197166800499,0.263713300228119,0.206880596967844,0.218053691089153,0.143634974956512,0,0,0,0.169782336801291,0,0,0,0.243594497442245,0,0,0,0,0.163540497168221,0,0,0,0,0,0,0,0,0,0.237009987235069,0,0,0,0,0,0.203353686630726,0,0,0.170128339542109,0.233878090977669,0.178605755640389,0,0
0,0,0,0.147830483588305,0,0,0,0,0,0.144846577330359,0,0,0,0,0,0,0,0,0,0.190472409129143,0,0,0,0,0,0,0,0,0,0,0,0,0,0,0,0.15588557223479,0,0,0,0,0,0,0,0,0,0,0,0,0,0,0,0.105797953903675,0,0,0,0,0,0.110502474009991,0,0,0,0,0,0,0,0,0,0,0,0,0,0,0,0,0,0,0,0,0,0,0,0,0.172086718536559,0.274891436864168,0.174170948444836,0,0
0,0,0,0,0,0,0,0,0,0,0.182042261754925,0,0,0,0,0,0,0,0,0,0.170288128778338,0,0,0,0,0,0,0,0,0,0,0,0,0,0,0,0,0,0,0,0,0,0,0,0,0,0,0,0,0,0,0,0,0,0,0,0.191414304735029,0,0,0,0,0,0,0.171422129869461,0,0,0,0,0,0,0,0,0,0,0,0,0,0,0,0,0,0,0,0,0,0,0
0,0,0,0,0,0,0,0,0,0,0,0,0,0,0,0,0,0,0,0,0,0,0,0,0,0,0,0,0,0,0,0,0,0,0,0,0,0,0,0,0,0,0,0,0,0,0,0,0,0,0,0,0,0.11902804672718,0,0,0,0.112321669092545,0,0,0,0,0,0,0,0,0,0,0,0,0,0,0,0,0,0,0,0,0,0,0,0,0.135812997817993,0.142969387272994,0,0,0
0.144228512402624,0,0.108537969264117,0,0.109794793029626,0,0,0,0,0,0,0,0,0,0.152610383408014,0,0.15582444655652,0.152534576914003,0.160287866592407,0,0,0,0,0,0.185278667294117,0,0,0,0,0,0,0,0,0,0,0,0,0,0.199396129181752,0,0.237112879753113,0,0.185316978147919,0,0,0,0,0,0.23704594373703,0,0,0,0,0,0.203915383842268,0,0,0,0,0,0.165428454408775,0,0,0,0,0,0,0.142384501085395,0,0,0,0,0,0,0,0,0,0,0,0.320572048425674,0,0.240853463651063,0.150587677454788,0.10305097574989,0.161716768330453,0,0.155896706827756
0,0.154114044282264,0,0.164783940315247,0,0.144846577330359,0,0,0,0,0,0,0,0,0,0.147500506798085,0,0.157579833269119,0.189558371901512,0,0,0,0,0.169970468138203,0,0,0,0,0,0,0,0,0,0,0,0,0,0.185715227172925,0,0,0,0.175874402112105,0,0,0,0,0,0,0,0.166404743989309,0,0,0,0,0,0.171481324240645,0,0.26370333135128,0,0,0,0.166657201421093,0.238757103681564,0,0,0,0.161754577970871,0,0.159269466996193,0,0,0,0.272538765271505,0,0,0,0,0,0.180002791540963,0,0.231430361588155,0,0.211998838088697,0.2243613682771,0.195890380529526,0.183127628613825,0
0,0,0,0,0,0,0.182042261754925,0,0,0,0,0,0.192553410329014,0,0,0,0,0,0,0,0.111083678532023,0,0,0,0,0,0,0,0.162192003263368,0,0.14177037349769,0,0,0,0,0,0.135283821950788,0,0.141036836223213,0,0,0,0,0,0,0,0,0,0,0,0,0,0.191439340538953,0,0,0,0.157713298469121,0,0.191304399166256,0,0,0,0,0.120541974679748,0,0,0,0,0,0,0,0.208036898076534,0,0.143272793387689,0,0,0,0,0,0.140847876229707,0,0.146297201622485,0.126757471994669,0,0.141901964942614,0,0
0,0,0,0.112664394080639,0,0,0,0,0,0,0,0,0,0.148623757543835,0,0,0,0,0,0.150309663194578,0,0,0,0,0,0,0,0.159937348748956,0,0.182602128115567,0,0,0,0,0,0.119052160382271,0,0.155207147091206,0,0,0,0.358605951070786,0,0,0,0,0,0,0,0,0,0,0,0,0,0,0,0.173686468167303,0,0.187287433140685,0,0,0.19065325787744,0,0,0,0,0,0,0,0.137871810382578,0,0.225318358652294,0,0,0,0,0,0,0,0.146076956046995,0,0.154240332633078,0.156774789922767,0.350289195775986,0,0
0,0,0,0,0,0,0,0,0,0,0.192553410329014,0,0,0,0.156308511892954,0,0,0,0,0,0,0,0,0,0,0,0.17649476395713,0,0,0,0,0,0,0,0,0,0,0,0,0,0,0,0,0,0,0,0,0,0,0,0,0,0,0,0,0,0.192788676286054,0,0.168907354792092,0,0.153177052736282,0,0,0,0,0,0,0,0,0.168338576243037,0,0,0,0,0,0,0,0,0,0,0,0,0.176814656319289,0,0,0,0
0,0,0,0,0,0,0,0,0,0,0,0.148623757543835,0,0,0,0.150936524125752,0,0,0,0,0,0,0,0,0,0.152764935906117,0,0.161391605223928,0,0.151697170734406,0,0,0,0,0,0,0,0,0,0,0,0,0,0,0,0,0,0,0,0,0,0,0,0,0,0,0,0.153505371964496,0,0.166553900829856,0,0.149623410776258,0,0,0,0,0,0,0.160651536924498,0,0.149571039553346,0,0.170342847704887,0,0,0,0,0,0,0,0,0,0.151110194837875,0.168578576123872,0,0,0
0,0,0,0,0,0,0,0,0.152610383408014,0,0,0,0.156308511892954,0,0,0,0,0,0,0,0,0,0,0,0,0,0.163520334288478,0,0,0,0,0,0,0,0,0,0,0,0,0,0,0,0,0,0,0,0,0,0,0,0,0,0,0,0.150850072325695,0,0,0,0,0,0.153828318896038,0,0,0,0,0,0,0,0,0.166380479931831,0,0,0,0,0,0,0,0,0,0,0,0,0.149199863274892,0,0,0,0
0,0.182149022817612,0,0,0,0,0,0,0,0.147500506798085,0,0,0,0.150936524125752,0,0,0,0.157031631240478,0,0,0,0,0,0.153681576251984,0,0.158024844832909,0,0,0,0,0,0,0,0,0,0,0,0,0,0,0,0,0,0,0,0,0,0,0,0,0,0,0,0,0,0.171542587504511,0,0,0,0.153413324504142,0,0.143678053243216,0,0,0,0,0.180385227799416,0,0.168073637470318,0,0,0,0,0,0,0,0,0,0,0,0,0,0.165823286475792,0,0,0,0
0,0.250763314962387,0.242643430829048,0,0,0,0,0,0.15582444655652,0,0,0,0,0,0,0,0,0.144498547346629,0.240118055156711,0.337402254343033,0,0,0.182247878362735,0.122658915817738,0.15760701193529,0,0.159033049829304,0,0,0,0,0,0,0,0,0,0,0,0,0.26955614802314,0.266545826313542,0.231898034643382,0.244155486419675,0.245331847667694,0.255867265164852,0.266767326565016,0.28252539512786,0,0.245188593864441,0,0,0,0,0,0,0,0,0.284180551767349,0,0,0.14638390427544,0,0.269337028264999,0,0,0.178416661918163,0.121330119669437,0.155573615804315,0,0.159100096754949,0,0,0.270780593156815,0.303208947181702,0,0,0,0,0.304095622459683,0.275987886325006,0.298888590186834,0.269468307495117,0.201575964016487,0.137796246869998,0.268805489102017,0.23376177996397,0.248776657260172
0,0.306793689727783,0,0.242647135257721,0,0,0,0,0.152534576914003,0.157579833269119,0,0,0,0,0,0.157031631240478,0.144498547346629,0,0.231051967746695,0.329821228981018,0,0.155026463998689,0,0.129396503998174,0.160971580073237,0.138400796619761,0,0,0,0,0,0,0,0,0,0,0,0,0,0.269488975250473,0.271288610817421,0.237630886633877,0.243186226589718,0.249327664805013,0.253652707088825,0.252143321056215,0.271176541393453,0,0.213656648993492,0,0,0,0,0,0,0,0,0.31325763463974,0,0,0,0.174859195947647,0.293894510377537,0.257835626602173,0.150752957910299,0,0.138908732682467,0,0.156091864708634,0,0,0,0.293662007898092,0,0,0,0,0,0.301050862931099,0.286035665085441,0.326978299352858,0,0.200653257118963,0.121950116631404,0.267693636116868,0.244377381847066,0.244156378032887
0.256270447969437,0.321531473562635,0.234679776761267,0.218856456379096,0.197338752448559,0,0,0,0.160287866592407,0.189558371901512,0,0,0,0,0,0,0.240118055156711,0.231051967746695,0,0.38288089632988,0,0,0,0.163407772779465,0.150964380665259,0,0,0,0,0,0,0,0,0,0,0,0,0.359704334288836,0.178179074078798,0.281253950870203,0.310589145837606,0.197838188926523,0.247131500430424,0.257462269770847,0.329368535057181,0.278707665560721,0.299196533289463,0,0.240442983152574,0,0,0,0,0,0.237831875681877,0.167980829874674,0,0.309801106651624,0.247395649552345,0,0,0,0.349342609469843,0,0,0,0.148674736420314,0,0,0,0,0,0.32324806969982,0.320861254747097,0,0,0,0,0.322535768978496,0.316646982080044,0.373082253080542,0.374485767126083,0.205321878601897,0.184585444629192,0.302501063770218,0.206209597497114,0.246154268358825
0,0,0,0.168474317473524,0,0.190472409129143,0,0,0,0,0,0.150309663194578,0,0,0,0,0.337402254343033,0.329821228981018,0.38288089632988,0,0,0,0,0,0,0,0,0,0,0,0,0,0,0,0,0.159683450323792,0,0.210346198973611,0,0.228643248478572,0,0.409053678313891,0,0,0,0.361248463392258,0,0,0,0,0,0,0,0,0,0,0,0.205794398017504,0,0,0,0,0.243307371724428,0,0,0,0,0,0,0,0,0,0.254729555062721,0,0,0,0,0,0.181264622348842,0,0.192428345719497,0,0.135070665522401,0.171433323196002,0.355001429297838,0.44357274307145,0
0,0,0.202123674253623,0,0.129169081027309,0,0.170288128778338,0,0,0,0.111083678532023,0,0,0,0,0,0,0,0,0,0,0,0,0,0,0,0,0,0,0,0,0,0,0,0,0,0.141015065980077,0,0.138728669195072,0,0,0.247209683060646,0.234287831932306,0,0,0,0,0,0.215002958973249,0,0.161541700363159,0,0.184410793781281,0,0,0,0.117730432598109,0,0.195862673223019,0,0.173499003052711,0,0,0.134988097545877,0,0,0,0,0,0,0,0,0,0.149734432498614,0,0,0,0,0,0.158330978805515,0,0.146533335771026,0.1411174622386,0,0.17170393616674,0,0
0,0,0,0,0,0,0,0,0,0,0,0,0,0,0,0,0,0.155026463998689,0,0,0,0,0.115439633021347,0.158729731867259,0,0.141448763109023,0,0.171884081919085,0,0,0,0,0,0,0,0,0,0.164615267111409,0.148247755236096,0,0,0,0,0,0,0,0,0,0,0.139842342271774,0,0,0,0,0,0,0,0,0,0,0,0,0,0,0.17223298815077,0.113238364262016,0.216828988554577,0,0.23461764248727,0,0.225121340181349,0,0,0,0,0,0,0,0,0,0.271683012008255,0,0.137738677375231,0.156158148128655,0,0,0
0,0,0,0,0,0,0,0,0,0,0,0,0,0,0,0,0.182247878362735,0,0,0,0,0.115439633021347,0,0,0.170269648523955,0,0.157987244288201,0,0.149944727799682,0,0,0,0,0,0,0,0,0,0.255411722616897,0,0,0,0,0,0,0,0,0,0.268149386875886,0,0,0,0,0,0,0,0,0,0,0,0,0,0,0,0.138836109282334,0.156720130339322,0,0.18382226255807,0,0.140909813344479,0,0.158231680297245,0,0,0,0,0,0,0,0,0,0.270168676691547,0.139008420918669,0.149114718803993,0,0,0
0,0,0,0,0,0,0,0,0,0.169970468138203,0,0,0,0,0,0.153681576251984,0.122658915817738,0.129396503998174,0.163407772779465,0,0,0.158729731867259,0,0,0,0.156344434972537,0,0.184997980793317,0,0,0,0,0,0,0,0,0,0.164839703426696,0,0,0,0.176080711185932,0,0,0,0,0,0,0,0.202332906590568,0,0,0,0,0,0.209368932840167,0,0,0,0,0,0.184011183105982,0,0,0.200977897350217,0,0.16041094647592,0,0.176982074834858,0,0,0,0,0,0,0,0,0,0,0,0.220786500010303,0,0.147989427782277,0,0.172070950269699,0.193854222695033,0
0.123295997579892,0,0.21624781191349,0,0,0,0,0,0.185278667294117,0,0,0,0,0,0,0,0.15760701193529,0.160971580073237,0.150964380665259,0,0,0,0.170269648523955,0,0,0,0.16712744283522,0,0,0,0,0,0,0.314920902252197,0.216338083148003,0,0,0,0.248099349210555,0,0,0,0.199341414993956,0,0,0,0,0.358439187208811,0.278843581676483,0.375243753194809,0,0,0,0,0.196263517427492,0,0,0,0,0,0,0,0,0,0,0.150736293622426,0,0.173314836874374,0,0.156729996204376,0,0,0,0,0,0,0,0,0,0,0,0.285329968122348,0.164425362516286,0.29758232831955,0.232268604026599,0,0.183380887275789
0,0,0,0,0,0,0,0,0,0,0,0,0,0.152764935906117,0,0.158024844832909,0,0.138400796619761,0,0,0,0.141448763109023,0,0.156344434972537,0,0,0,0.169342113392694,0,0,0,0,0,0,0,0,0,0.280469417572021,0,0,0,0,0,0,0,0,0,0,0,0.238973131492024,0,0,0,0,0,0.145319893956184,0,0,0,0.155642817857899,0,0.170116737484932,0,0,0.152398677972647,0,0.145699033141136,0,0.152723045726104,0,0.17126233942723,0,0,0,0,0,0,0,0,0,0.243243303149939,0,0.153758101738416,0,0.319486990571022,0,0
0,0,0,0,0,0,0,0,0,0,0,0,0.17649476395713,0,0.163520334288478,0,0.159033049829304,0,0,0,0,0,0.157987244288201,0,0.16712744283522,0,0,0,0,0,0,0,0,0,0,0,0,0,0,0,0,0,0,0,0,0,0,0,0,0,0,0,0,0,0,0,0,0,0,0,0,0,0,0,0,0.147466771304607,0,0.182099457830191,0,0.151504452614223,0,0,0,0,0,0,0,0,0,0,0,0,0.156899766149846,0,0,0,0
0,0,0,0,0,0,0,0,0,0,0,0.159937348748956,0,0.161391605223928,0,0,0,0,0,0,0,0.171884081919085,0,0.184997980793317,0,0.169342113392694,0,0,0,0.144619673327373,0,0,0,0,0,0,0,0.164057371980053,0,0,0,0,0,0,0,0,0,0,0,0,0,0,0,0,0,0,0,0,0,0.16656702136,0,0,0,0,0.16911286973592,0,0.170054420828819,0,0.177540920674801,0,0.172363709759468,0,0,0,0,0,0,0,0,0,0,0,0.149797450841743,0.154630626526946,0,0,0
0,0,0,0,0,0,0,0,0,0,0.162192003263368,0,0,0,0,0,0,0,0,0,0,0,0.149944727799682,0,0,0,0,0,0,0,0.165006341860276,0,0,0,0,0,0,0,0.143781404255085,0,0,0,0,0,0,0,0,0,0,0,0,0,0,0,0,0,0.151807987027698,0,0,0,0,0,0,0,0,0.148380589326324,0,0,0,0.156969273090363,0,0.155511728984472,0,0.183474732672467,0,0,0,0,0,0,0,0.144449320800713,0,0,0,0,0
0,0,0,0,0,0,0,0,0,0,0,0.182602128115567,0,0.151697170734406,0,0,0,0,0,0,0,0,0,0,0,0,0,0.144619673327373,0,0,0,0,0,0,0,0,0,0.138306280122475,0,0,0,0,0,0,0,0,0,0,0,0,0,0,0,0,0,0,0,0.242028628042352,0,0,0,0,0,0,0,0,0,0,0,0,0.160669546253634,0,0.193746746357145,0,0,0,0,0,0,0,0.151466757059097,0,0.152111813655771,0.149909712309647,0,0,0
0,0,0,0,0,0,0,0,0,0,0.14177037349769,0,0,0,0,0,0,0,0,0,0,0,0,0,0,0,0,0,0.165006341860276,0,0,0,0,0,0,0,0,0,0.155075571010949,0,0,0,0,0,0,0,0,0,0,0,0,0,0,0,0,0,0.153808156176219,0,0,0,0,0,0,0,0,0,0,0,0,0,0,0.182670624010147,0,0.173531358937022,0,0,0,0,0,0,0,0.16510707051763,0.133918028857027,0,0,0,0
0,0,0,0,0,0,0,0,0,0,0,0,0,0,0,0,0,0,0,0,0,0,0,0,0,0,0,0,0,0,0,0,0.132296653266336,0.203366075030395,0.201608595997095,0.131034775016208,0.131034833999972,0,0,0,0,0,0,0,0,0,0,0.345052117290529,0,0,0,0,0,0,0,0,0,0,0,0,0,0,0,0,0,0,0,0,0,0,0,0,0,0,0.189822320639595,0.161111141508445,0.150070497428808,0.251488298177719,0.165033892096286,0,0,0,0.112230429982377,0,0,0,0
0,0,0,0,0,0,0,0,0,0,0,0,0,0,0,0,0,0,0,0,0,0,0,0,0,0,0,0,0,0,0,0.132296653266336,0,0.2559884339571,0.23711562903771,0.107788721720378,0.143550515990623,0,0,0,0,0,0,0,0,0,0,0.429935655140147,0,0.4664557661329,0,0,0,0,0,0,0,0,0,0,0,0,0,0,0,0,0,0,0,0,0,0,0,0,0.15933399442699,0.269990435405313,0.204622664089714,0.303490669613606,0.358266477643604,0,0,0,0.135739694012606,0,0,0,0
0,0,0,0,0,0,0,0,0,0,0,0,0,0,0,0,0,0,0,0,0,0,0,0,0.314920902252197,0,0,0,0,0,0,0.203366075030395,0.2559884339571,0,0.272685499963787,0.159649896834578,0.149723758300145,0.507402171122946,0.431919851272866,0,0,0,0,0,0,0,0,0.381199810075584,0.502772271633148,0,0,0,0,0,0,0,0,0,0,0,0,0,0,0,0,0,0,0,0,0,0,0,0,0,0.333396642003208,0.198946535587311,0.176589247270894,0.262779358392808,0.146375219388442,0,0.173092366432992,0.372077675959084,0.206262240117347,0,0,0,0
0,0,0,0,0,0,0,0,0,0,0,0,0,0,0,0,0,0,0,0,0,0,0,0,0.216338083148003,0,0,0,0,0,0,0.201608595997095,0.23711562903771,0.272685499963787,0,0,0.152900515075971,0.337172586184282,0.229239980819408,0,0,0,0,0,0,0,0,0.478506710707528,0.31094311527264,0.407719270524454,0,0,0,0,0,0,0,0,0,0,0,0,0,0,0,0,0,0,0,0,0,0,0,0,0.306349595387777,0.362553952932358,0.210110794454233,0.264008412922034,0,0.168552557096898,0.39653194718479,0.363111752437221,0.226873551526486,0.17706753601288,0.372496878728271,0,0
0,0,0,0.165078942297083,0,0.15588557223479,0,0,0,0,0,0.119052160382271,0,0,0,0,0,0,0,0.159683450323792,0,0,0,0,0,0,0,0,0,0,0,0.131034775016208,0.107788721720378,0.159649896834578,0,0,0.199519021436572,0.134881078155789,0,0.203929095450909,0,0.238137866769518,0,0,0,0.174407757818699,0,0.236516080433276,0,0.221751030482037,0,0,0,0,0,0,0,0.129483685559697,0,0,0,0,0.170179298989902,0,0,0,0,0,0,0,0,0,0,0,0.141437483853415,0,0.177495738322085,0,0.1826262934611,0,0.178582867641601,0,0.139668080145481,0.129049945739098,0.160571539770479,0.216748908162117,0
0,0,0.158639203757048,0.202501331766446,0.147807577252388,0,0,0,0,0,0.135283821950788,0,0,0,0,0,0,0,0,0,0.141015065980077,0,0,0,0,0,0,0,0,0,0,0.131034833999972,0.143550515990623,0.149723758300145,0.152900515075971,0.199519021436572,0,0.15440254509449,0.131849856866475,0.238095522754722,0.191365778446198,0,0.234145378073057,0,0,0,0,0.329891892770926,0.270701963454485,0.233532533049583,0.184491321444511,0,0,0,0.157731047272682,0,0.144561392565568,0,0,0,0.176816195249557,0,0.183661110699177,0.151134898111321,0,0,0,0,0,0,0,0,0,0,0.122178234159946,0.199654374671521,0,0.16624503836834,0.229022736049662,0.170765192525835,0,0.130448253385806,0.146997186344284,0.190292865037918,0.171241606071115,0,0
0,0.191828015446663,0,0,0,0,0,0,0,0.185715227172925,0,0.155207147091206,0,0,0,0,0,0,0.359704334288836,0.210346198973611,0,0.164615267111409,0,0.164839703426696,0,0.280469417572021,0,0.164057371980053,0,0.138306280122475,0,0,0,0.507402171122946,0.337172586184282,0.134881078155789,0.15440254509449,0,0.299306927248836,0.271660674363375,0,0.307973862758705,0,0.423901855945587,0,0.336388902230696,0,0.569807388026405,0,0.294791596004451,0,0,0,0,0,0.22515146026754,0,0.16873546699772,0,0,0,0,0.248601415794593,0,0.181657921032686,0,0.232574167646586,0.306932628154755,0.324652931269477,0,0.169568377597765,0,0.153942840196282,0,0,0,0.19677708254141,0.329826007548131,0.193979309958832,0.181798413395882,0.185814785415115,0.389637291431427,0.148110959408567,0.151034265851586,0.199734533716403,0.326037566363811,0
0.168482556939125,0.248059526085854,0.194486740976572,0,0,0,0,0,0.199396129181752,0,0.141036836223213,0,0,0,0,0,0,0,0.178179074078798,0,0.138728669195072,0.148247755236096,0.255411722616897,0,0.248099349210555,0,0,0,0.143781404255085,0,0.155075571010949,0,0,0.431919851272866,0.229239980819408,0,0.131849856866475,0.299306927248836,0,0,0.250805258750916,0.27895716826121,0.217484220673766,0,0,0,0,0.475218839832031,0.27585069462657,0.34005420332047,0,0,0,0,0.279592633247375,0,0.146320861719188,0.301987449328105,0,0,0,0,0,0.165927901218181,0,0.231959536147709,0.274994343519211,0.240655137210506,0,0,0,0.166639191333694,0,0.151630286398965,0,0,0,0.266483006744437,0,0.186250583143643,0.21630556153075,0.194924028019321,0.185178912251929,0.300871743957202,0.256963477995747,0,0.204327976767053
0,0.288388373951117,0,0.214561584044476,0,0,0,0,0,0,0,0,0,0,0,0,0.26955614802314,0.269488975250473,0.281253950870203,0.228643248478572,0,0,0,0,0,0,0,0,0,0,0,0,0,0,0,0.203929095450909,0.238095522754722,0.271660674363375,0,0,0.286377561092377,0.257953834077651,0.247271358966827,0.339224908886285,0.301137344704734,0.240977262676843,0,0.364776134849414,0,0.363089944400465,0,0,0,0,0,0,0,0.272975392639637,0,0,0,0,0.221578152634862,0,0,0,0,0,0,0,0,0,0.276268910202715,0,0,0,0,0,0.277108835333992,0.190471529960632,0.243138563814627,0,0.249586382888348,0.237767514586449,0.223154573557525,0.288123358698452,0
0.453781515359879,0,0.241502974803249,0,0.243271272629499,0,0,0,0.237112879753113,0,0,0,0,0,0,0,0.266545826313542,0.271288610817421,0.310589145837606,0,0,0,0,0,0,0,0,0,0,0,0,0,0,0,0,0,0.191365778446198,0,0.250805258750916,0.286377561092377,0,0.279917951141085,0.286730799085258,0,0.425267718929165,0.257102318108082,0.220679630050963,0,0.169182688836575,0.218452855944633,0,0,0,0,0.224381612406837,0,0,0.325356006622314,0.258478403091431,0,0.225381731987,0,0.236258924007416,0.246619739990437,0,0,0,0,0,0,0,0,0,0.291535307963689,0,0,0,0,0.346101363499959,0.255974450260133,0,0.261948766531768,0.276507306177023,0.251424416899681,0.281657203159126,0.219230502843857,0.365561328315764
0,0.312924824427557,0.278368275612593,0.259890444292367,0.213483870029449,0,0,0,0,0.175874402112105,0,0.358605951070786,0,0,0,0,0.231898034643382,0.237630886633877,0.197838188926523,0.409053678313891,0.247209683060646,0,0,0.176080711185932,0,0,0,0,0,0,0,0,0,0,0,0.238137866769518,0,0.307973862758705,0.27895716826121,0.257953834077651,0.279917951141085,0,0.208595447099529,0.212965400695801,0.209275906905532,0.252763177846035,0.258010424673557,0.263079088181257,0.21943324804306,0.355222640919084,0,0,0,0,0.237689346075058,0.186630093134367,0,0.319396064272317,0,0.308113008060239,0,0.316584557294846,0.362119803021077,0,0,0,0.174916027239085,0.268778681755066,0,0,0,0,0.302617319269386,0,0,0,0,0,0.26622175868781,0.23764081299305,0.357235866769747,0.274358689785004,0.231740673194074,0.230948882406218,0.26981350513537,0.218430059418483,0.184303219119708
0.290034174480859,0.269754350185394,0.242676506476775,0,0.231554617804866,0,0,0,0.185316978147919,0,0,0,0,0,0,0,0.244155486419675,0.243186226589718,0.247131500430424,0,0.234287831932306,0,0,0,0.199341414993956,0,0,0,0,0,0,0,0,0,0,0,0.234145378073057,0,0.217484220673766,0.247271358966827,0.286730799085258,0.208595447099529,0,0.234513483941555,0.409399749785349,0.250359123945236,0.271641358214876,0.316839940453831,0.245913708162471,0.363201856613159,0,0,0,0,0.18648958572497,0,0.289415597915649,0.245586082339287,0.247760446866353,0,0.24717236806949,0,0.264940783381462,0.347691203653812,0,0,0,0.186437485118707,0,0,0,0.328900213752474,0.254382461309433,0.275393288887915,0,0,0,0,0.312242838469419,0.29781726003284,0.259335696697235,0.295700238382772,0.214686242769306,0.253997229180246,0.285032881500733,0.231572528680166,0.235381274243575
0,0.217114895582199,0,0,0,0,0,0,0,0,0,0,0,0,0,0,0.245331847667694,0.249327664805013,0.257462269770847,0,0,0,0,0,0,0,0,0,0,0,0,0,0,0,0,0,0,0.423901855945587,0,0.339224908886285,0,0.212965400695801,0.234513483941555,0,0.278599878152211,0.287610082990593,0,0,0,0,0,0,0,0,0,0,0,0.328589340051015,0,0,0,0,0.378193498589098,0,0,0,0,0,0,0,0,0,0.342338085174561,0,0,0,0,0,0.397600353373471,0.311614960432053,0.468142609062948,0,0.226493839347778,0.252677531705962,0.311710373724208,0.250931952769558,0
0,0,0.277370452880859,0,0,0,0,0,0,0,0,0,0,0,0,0,0.255867265164852,0.253652707088825,0.329368535057181,0,0,0,0,0,0,0,0,0,0,0,0,0,0,0,0,0,0,0,0,0.301137344704734,0.425267718929165,0.209275906905532,0.409399749785349,0.278599878152211,0,0.302976131439209,0.353140099521946,0,0.384829264879227,0,0,0,0,0,0,0,0,0,0,0,0,0,0.323389768600464,0,0,0,0,0,0,0,0,0,0.283964812755585,0.387740468978882,0,0,0,0,0.335845591500401,0.420058708980071,0,0.482528223842382,0.291711817741394,0.21642678976059,0.393193598541962,0.207304015755653,0.419617370987425
0,0.282226915471256,0.243798978626728,0.216981866982131,0.2112155854702,0,0,0,0,0,0,0,0,0,0,0,0.266767326565016,0.252143321056215,0.278707665560721,0.361248463392258,0,0,0,0,0,0,0,0,0,0,0,0,0,0,0,0.174407757818699,0,0.336388902230696,0,0.240977262676843,0.257102318108082,0.252763177846035,0.250359123945236,0.287610082990593,0.302976131439209,0,0.255400240421295,0.173584081232548,0,0.240237145469739,0,0,0,0,0,0,0,0.271205365657806,0,0,0.214946985244751,0,0.208845738593178,0,0,0,0,0,0,0,0,0,0.285010492636098,0,0,0,0,0,0.27617074932326,0.312455058097839,0.373539291346343,0,0.232296577766538,0.262865543365479,0.24787747026021,0.251533535974366,0
0.387785643339157,0,0.183509082004831,0,0.15197166800499,0,0,0,0,0,0,0,0,0,0,0,0.28252539512786,0.271176541393453,0.299196533289463,0,0,0,0,0,0,0,0,0,0,0,0,0,0,0,0,0,0,0,0,0,0.220679630050963,0.258010424673557,0.271641358214876,0,0.353140099521946,0.255400240421295,0,0,0.212912286321322,0,0,0,0,0,0.172577604651451,0,0,0,0.175242017954588,0,0,0,0,0.249242598876125,0,0,0,0,0,0,0,0,0,0.279719308018684,0,0,0,0,0.325617715716362,0.240493551636323,0,0.349337318563849,0.277010379030424,0.23625146150589,0.244486519309051,0,0.223268589377403
0,0,0,0,0.263713300228119,0,0,0,0,0,0,0,0,0,0,0,0,0,0,0,0,0,0,0,0.358439187208811,0,0,0,0,0,0,0.345052117290529,0.429935655140147,0.381199810075584,0.478506710707528,0.236516080433276,0.329891892770926,0.569807388026405,0.475218839832031,0.364776134849414,0,0.263079088181257,0.316839940453831,0,0,0.173584081232548,0,0,0.315083817811119,0.421726459489496,0,0,0,0,0,0,0,0,0.249116033315659,0,0,0,0.19656191021204,0,0,0,0.287818998098373,0.351751613829817,0,0,0,0,0,0,0.423224859408777,0.430965616521813,0.404010697062684,0.390908937294607,0.418861207458267,0.348347865127855,0.458919025899131,0.452963312595121,0.38586066095475,0,0.360934367846433,0,0
0.166883671163907,0,0.181073421134358,0,0.206880596967844,0,0,0,0.23704594373703,0,0,0,0,0,0,0,0.245188593864441,0.213656648993492,0.240442983152574,0,0.215002958973249,0,0.268149386875886,0,0.278843581676483,0,0,0,0,0,0,0,0,0.502772271633148,0.31094311527264,0,0.270701963454485,0,0.27585069462657,0,0.169182688836575,0.21943324804306,0.245913708162471,0,0.384829264879227,0,0.212912286321322,0.315083817811119,0,0.319965436359536,0,0,0,0,0.213678401823227,0,0.27700742653438,0,0.228846415877342,0,0.224847774207592,0,0.218474715948105,0.208070334792137,0,0.285783769296748,0,0.190870170495403,0,0.220560056507272,0,0.27909844658441,0,0.336356206734975,0,0,0,0.240448592230678,0,0.246472265352221,0.350575174703154,0.27244571738161,0.282853326250959,0.253464758396149,0.244998314005535,0,0.268443266153336
0.255541980266571,0.177827252565773,0.243423474686486,0.198470112262039,0.218053691089153,0,0,0,0,0.166404743989309,0,0,0,0,0,0,0,0,0,0,0,0.139842342271774,0,0.202332906590568,0.375243753194809,0.238973131492024,0,0,0,0,0,0,0.4664557661329,0,0.407719270524454,0.221751030482037,0.233532533049583,0.294791596004451,0.34005420332047,0.363089944400465,0.218452855944633,0.355222640919084,0.363201856613159,0,0,0.240237145469739,0,0.421726459489496,0.319965436359536,0,0,0.166404008865356,0,0,0.23033585647742,0.200373932719231,0,0.195469563521669,0,0.164417813221614,0,0.162751651423819,0.238105027212037,0,0.186409067657902,0,0.271886735494378,0.292021415063313,0.261267696471177,0,0.187548078820109,0,0.257664316923831,0,0.466928973793983,0.474713822728709,0.454137345919242,0.375698068312236,0.429628189210691,0.250816469391187,0.293422136753602,0.360924389037786,0.336305856406689,0.279120129346848,0.297268208046048,0,0
0,0,0.215168377384543,0,0.143634974956512,0,0,0,0,0,0,0,0,0,0,0,0,0,0,0,0.161541700363159,0,0,0,0,0,0,0,0,0,0,0,0,0,0,0,0.184491321444511,0,0,0,0,0,0,0,0,0,0,0,0,0,0,0,0,0,0,0,0.215986780822277,0,0,0,0,0,0,0.202220978215337,0,0,0,0,0,0,0,0,0,0,0,0,0,0,0,0.186355074246724,0,0,0.138001635670662,0,0.252639253243054,0,0
0,0,0,0.151827663074445,0,0.105797953903675,0,0,0,0,0,0,0,0,0,0,0,0,0,0,0,0,0,0,0,0,0,0,0,0,0,0,0,0,0,0,0,0,0,0,0,0,0,0,0,0,0,0,0,0.166404008865356,0,0,0,0,0,0,0,0.217903154591719,0,0.205756828188896,0,0.158529337495565,0,0,0,0,0,0,0,0,0,0,0,0,0,0,0,0,0,0,0,0,0,0,0.137150966235109,0,0
0,0,0,0,0,0,0,0,0,0,0.191439340538953,0,0,0,0,0,0,0,0,0,0.184410793781281,0,0,0,0,0,0,0,0,0,0,0,0,0,0,0,0,0,0,0,0,0,0,0,0,0,0,0,0,0,0,0,0,0,0,0,0.20136536326015,0,0,0,0,0,0,0.18265505383412,0,0,0,0,0,0,0,0,0,0,0,0,0,0,0,0,0,0,0,0,0,0,0
0,0,0,0,0,0,0,0.11902804672718,0,0,0,0,0,0,0,0,0,0,0,0,0,0,0,0,0,0,0,0,0,0,0,0,0,0,0,0,0,0,0,0,0,0,0,0,0,0,0,0,0,0,0,0,0,0,0,0,0,0.110952712595463,0,0,0,0,0,0,0,0,0,0,0,0,0,0,0,0,0,0,0,0,0,0,0,0,0,0,0,0,0
0.177157125081688,0,0.165831348498662,0,0.169782336801291,0,0,0,0.203915383842268,0,0,0,0,0,0.150850072325695,0,0,0,0.237831875681877,0,0,0,0,0,0.196263517427492,0,0,0,0,0,0,0,0,0,0,0,0.157731047272682,0,0.279592633247375,0,0.224381612406837,0.237689346075058,0.18648958572497,0,0,0,0.172577604651451,0,0.213678401823227,0.23033585647742,0,0,0,0,0,0,0,0,0,0,0.191214700539907,0,0,0.185336038470268,0,0,0,0.207949681701709,0,0,0,0,0,0.258740797638893,0,0,0,0,0,0.206408705562353,0,0.294611542988167,0.155524199334984,0.220949813723564,0.187459872941661,0,0.176831449071566
0,0.180527221694543,0,0.158731880968296,0,0,0,0,0,0.171481324240645,0,0,0,0,0,0.171542587504511,0,0,0.167980829874674,0,0,0,0,0.209368932840167,0,0.145319893956184,0,0,0,0,0,0,0,0,0,0,0,0.22515146026754,0,0,0,0.186630093134367,0,0,0,0,0,0,0,0.200373932719231,0,0,0,0,0,0,0,0,0,0,0,0.218613387396888,0,0,0,0,0.209312559145948,0,0,0,0,0,0,0,0,0,0,0,0,0,0.262865040855428,0,0.177227811100175,0,0.202099794826724,0.198558747768402,0
0,0,0.245384009635967,0,0,0,0.191414304735029,0,0,0,0.157713298469121,0,0.192788676286054,0,0,0,0,0,0,0,0.117730432598109,0,0,0,0,0,0,0,0.151807987027698,0,0.153808156176219,0,0,0,0,0,0.144561392565568,0,0.146320861719188,0,0,0,0.289415597915649,0,0,0,0,0,0.27700742653438,0,0.215986780822277,0,0.20136536326015,0,0,0,0,0,0.193607246875763,0,0,0,0,0.138194768061472,0,0,0,0,0,0,0,0,0,0.253453729609991,0,0,0,0,0,0.238593116402626,0,0.159452065612589,0.149846690969589,0,0.267100963568612,0,0
0,0.17464046314666,0,0.189679155747096,0,0.110502474009991,0,0.112321669092545,0,0.26370333135128,0,0.173686468167303,0,0.153505371964496,0,0,0.284180551767349,0.31325763463974,0.309801106651624,0.205794398017504,0,0,0,0,0,0,0,0,0,0.242028628042352,0,0,0,0,0,0.129483685559697,0,0.16873546699772,0.301987449328105,0.272975392639637,0.325356006622314,0.319396064272317,0.245586082339287,0.328589340051015,0,0.271205365657806,0,0,0,0.195469563521669,0,0.217903154591719,0,0.110952712595463,0,0,0,0,0,0.212745993433392,0,0.199177620901587,0.288005253301648,0,0,0,0.261195987462997,0,0,0,0.235706146274294,0,0.307746407536656,0,0,0,0,0,0.279510987492708,0,0.163081742770655,0,0.184016012400389,0.151038475182592,0.294504980398279,0.322993994901007,0
0,0,0.204350996488905,0,0.243594497442245,0,0,0,0,0,0.191304399166256,0,0.168907354792092,0,0,0,0,0,0.247395649552345,0,0.195862673223019,0,0,0,0,0,0,0,0,0,0,0,0,0,0,0,0,0,0,0,0.258478403091431,0,0.247760446866353,0,0,0,0.175242017954588,0.249116033315659,0.228846415877342,0,0,0,0,0,0,0,0.193607246875763,0,0,0,0,0,0,0.206161225835482,0,0,0,0,0,0,0,0,0,0,0,0,0,0,0,0.217243611812592,0,0.245277568697929,0.236092933199622,0.235726669430733,0.242667916629996,0,0
0,0.139998494432523,0,0.173931980109119,0,0,0,0,0,0,0,0.187287433140685,0,0.166553900829856,0,0.153413324504142,0,0,0,0,0,0,0,0,0,0.155642817857899,0,0.16656702136,0,0,0,0,0,0,0,0,0,0,0,0,0,0.308113008060239,0,0,0,0,0,0,0,0.164417813221614,0,0.205756828188896,0,0,0,0,0,0.212745993433392,0,0,0,0.160662856698036,0,0,0,0,0,0,0.164786078176408,0,0,0,0.24167762696743,0,0,0,0,0,0,0,0,0,0.160606847151176,0.16621948654453,0.218718545511365,0,0
0.169366421741109,0,0.205977395176888,0,0,0,0,0,0.165428454408775,0,0,0,0.153177052736282,0,0.153828318896038,0,0.14638390427544,0,0,0,0.173499003052711,0,0,0,0,0,0,0,0,0,0,0,0,0,0,0,0.176816195249557,0,0,0,0.225381731987,0,0.24717236806949,0,0,0.214946985244751,0,0,0.224847774207592,0,0,0,0,0,0.191214700539907,0,0,0,0,0,0,0,0,0,0,0,0,0,0,0,0,0,0,0,0,0,0,0,0,0.190606251358986,0,0,0.230248719453812,0,0.227423467520458,0,0
0,0.181455371583965,0,0.170437211047482,0,0,0,0,0,0.166657201421093,0,0,0,0.149623410776258,0,0.143678053243216,0,0.174859195947647,0,0,0,0,0,0.184011183105982,0,0.170116737484932,0,0,0,0,0,0,0,0,0,0,0,0,0,0,0,0.316584557294846,0,0,0,0,0,0,0,0.162751651423819,0,0.158529337495565,0,0,0,0.218613387396888,0,0.199177620901587,0,0.160662856698036,0,0,0,0,0,0,0.205751646078866,0,0.156230020252141,0,0,0,0.252432305365801,0,0,0,0,0,0,0,0,0,0.149570739120245,0,0.206803256172245,0,0
0,0.291188975175222,0.238870099186897,0.243771933019161,0,0,0,0,0,0.238757103681564,0,0.19065325787744,0,0,0,0,0.269337028264999,0.293894510377537,0.349342609469843,0.243307371724428,0,0,0,0,0,0,0,0,0,0,0,0,0,0,0,0.170179298989902,0.183661110699177,0.248601415794593,0,0.221578152634862,0.236258924007416,0.362119803021077,0.264940783381462,0.378193498589098,0.323389768600464,0.208845738593178,0,0.19656191021204,0.218474715948105,0.238105027212037,0,0,0,0,0,0,0,0.288005253301648,0,0,0,0,0,0,0,0,0,0,0,0,0,0,0.330854988278978,0,0,0,0,0,0.226151539982716,0,0.328821351950164,0,0.225241404950109,0,0.312695152413587,0.455213768482208,0
0,0,0.181934159377526,0,0.163540497168221,0,0.171422129869461,0,0,0,0.120541974679748,0,0,0,0,0,0,0.257835626602173,0,0,0.134988097545877,0,0,0,0,0,0,0,0,0,0,0,0,0,0,0,0.151134898111321,0,0.165927901218181,0,0.246619739990437,0,0.347691203653812,0,0,0,0.249242598876125,0,0.208070334792137,0,0.202220978215337,0,0.18265505383412,0,0.185336038470268,0,0.138194768061472,0,0.206161225835482,0,0,0,0,0,0,0,0,0,0,0,0,0,0,0.329572387039661,0,0,0,0,0,0.24813361910564,0,0.268501113653021,0.169504616520592,0.203738674521446,0.293273153151558,0,0
0,0,0,0,0,0,0,0,0,0,0,0,0,0,0,0,0,0.150752957910299,0,0,0,0.17223298815077,0.138836109282334,0.200977897350217,0,0.152398677972647,0,0.16911286973592,0,0,0,0,0,0,0,0,0,0.181657921032686,0,0,0,0,0,0,0,0,0,0,0,0.186409067657902,0,0,0,0,0,0,0,0,0,0,0,0,0,0,0,0.103934271261096,0.265450882016595,0,0.32264450231858,0,0.263491946331409,0,0,0,0,0,0,0,0,0,0.309029107304325,0,0.142971534037452,0.152345356293793,0,0,0
0,0,0,0,0,0,0,0,0,0,0,0,0,0,0,0,0.178416661918163,0,0,0,0,0.113238364262016,0.156720130339322,0,0.150736293622426,0,0.147466771304607,0,0.148380589326324,0,0,0,0,0,0,0,0,0,0.231959536147709,0,0,0,0,0,0,0,0,0,0.285783769296748,0,0,0,0,0,0,0,0,0,0,0,0,0,0,0,0.103934271261096,0,0,0.246830488539348,0,0.198601510375738,0,0.145474474056292,0,0,0,0,0,0,0,0,0,0.325986413986132,0.135878506114059,0,0,0,0
0,0,0,0,0,0,0,0,0,0.161754577970871,0,0,0,0,0,0.180385227799416,0.121330119669437,0.138908732682467,0.148674736420314,0,0,0.216828988554577,0,0.16041094647592,0,0.145699033141136,0,0.170054420828819,0,0,0,0,0,0,0,0,0,0.232574167646586,0.274994343519211,0,0,0.174916027239085,0,0,0,0,0,0.287818998098373,0,0.271886735494378,0,0,0,0,0,0.209312559145948,0,0.261195987462997,0,0,0,0.205751646078866,0,0,0.265450882016595,0,0,0,0.288674506048361,0,0.365532926576478,0,0.248947473508971,0,0,0,0,0,0.240632906556129,0,0.3116302640642,0,0.14790084866377,0,0.31353601542574,0.185721912167289,0
0.113929904997349,0,0,0,0,0,0,0,0.142384501085395,0,0,0,0,0,0,0,0.155573615804315,0,0,0,0,0,0.18382226255807,0,0.173314836874374,0,0.182099457830191,0,0,0,0,0,0,0,0,0,0,0.306932628154755,0.240655137210506,0,0,0.268778681755066,0.186437485118707,0,0,0,0,0.351751613829817,0.190870170495403,0.292021415063313,0,0,0,0,0.207949681701709,0,0,0,0,0,0,0,0,0,0,0.246830488539348,0,0,0,0.187931234301147,0,0,0,0,0,0,0,0,0,0,0,0.286344816479522,0.165263497363065,0,0.215914800630084,0,0.169990903801388
0,0,0,0,0,0,0,0,0,0.159269466996193,0,0,0,0.160651536924498,0,0.168073637470318,0,0.156091864708634,0,0,0,0.23461764248727,0,0.176982074834858,0,0.152723045726104,0,0.177540920674801,0,0,0,0,0,0,0,0,0,0.324652931269477,0,0,0,0,0,0,0,0,0,0,0,0.261267696471177,0,0,0,0,0,0,0,0,0,0.164786078176408,0,0.156230020252141,0,0,0.32264450231858,0,0.288674506048361,0,0,0,0.294148448527905,0,0,0,0,0,0,0,0,0,0.321347066040697,0,0.1687709861435,0,0.281000246273147,0,0
0,0,0,0,0,0,0,0,0,0,0,0,0.168338576243037,0,0.166380479931831,0,0.159100096754949,0,0,0,0,0,0.140909813344479,0,0.156729996204376,0,0.151504452614223,0,0.156969273090363,0,0,0,0,0,0,0,0,0,0,0,0,0,0,0,0,0,0,0,0.220560056507272,0,0,0,0,0,0,0,0,0,0,0,0,0,0,0,0,0.198601510375738,0,0.187931234301147,0,0,0,0.282585660400598,0,0,0,0,0,0,0,0,0,0,0.15692364468294,0,0,0,0
0,0,0,0,0,0,0,0,0,0,0,0.137871810382578,0,0.149571039553346,0,0,0,0,0,0,0,0.225121340181349,0,0,0,0.17126233942723,0,0.172363709759468,0,0.160669546253634,0,0,0,0,0,0,0,0.169568377597765,0,0,0,0,0,0,0,0,0,0,0,0.187548078820109,0,0,0,0,0,0,0,0.235706146274294,0,0,0,0,0,0,0.263491946331409,0,0.365532926576478,0,0.294148448527905,0,0,0,0.259969505233855,0,0,0,0,0,0,0,0.231336529690449,0,0.175133269565294,0.177581931187091,0,0,0
0,0,0,0,0,0,0,0,0,0,0.208036898076534,0,0,0,0,0,0,0,0,0,0,0,0.158231680297245,0,0,0,0,0,0.155511728984472,0,0.182670624010147,0,0,0,0,0,0,0,0.166639191333694,0,0,0,0.328900213752474,0,0,0,0,0,0.27909844658441,0,0,0,0,0,0,0,0,0,0,0,0,0,0,0,0,0.145474474056292,0,0,0,0.282585660400598,0,0,0,0,0,0,0,0,0,0,0,0.22721352818873,0,0,0.355786612973763,0,0
0,0.275953754356929,0,0.283969174325466,0,0,0,0,0,0.272538765271505,0,0.225318358652294,0,0.170342847704887,0,0,0.270780593156815,0.293662007898092,0.32324806969982,0.254729555062721,0,0,0,0,0,0,0,0,0,0.193746746357145,0,0,0,0,0,0,0,0.153942840196282,0,0.276268910202715,0,0.302617319269386,0.254382461309433,0.342338085174561,0.283964812755585,0.285010492636098,0,0,0,0.257664316923831,0,0,0,0,0,0,0,0.307746407536656,0,0.24167762696743,0,0.252432305365801,0.330854988278978,0,0,0,0.248947473508971,0,0,0,0.259969505233855,0,0,0,0,0,0,0,0.335204385221004,0,0.276533612792712,0,0.217074711507524,0.144989597386327,0.31786481125714,0.342340005109864,0
0,0,0.275407363971074,0,0.237009987235069,0,0,0,0,0,0.143272793387689,0,0,0,0,0,0.303208947181702,0,0.320861254747097,0,0.149734432498614,0,0,0,0,0,0,0,0.183474732672467,0,0.173531358937022,0,0,0,0,0,0,0,0.151630286398965,0,0.291535307963689,0,0.275393288887915,0,0.387740468978882,0,0.279719308018684,0,0.336356206734975,0,0,0,0,0,0.258740797638893,0,0.253453729609991,0,0,0,0,0,0,0.329572387039661,0,0,0,0,0,0,0,0,0,0,0,0,0,0,0,0.261662951111793,0,0.161697969880215,0.148468503633798,0.326918303966522,0.345401625732731,0,0.304932393431664
0,0,0,0,0,0,0,0,0,0,0,0,0,0,0,0,0,0,0,0,0,0,0,0,0,0,0,0,0,0,0,0.189822320639595,0.15933399442699,0.333396642003208,0.306349595387777,0.141437483853415,0.122178234159946,0,0,0,0,0,0,0,0,0,0,0.423224859408777,0,0.466928973793983,0,0,0,0,0,0,0,0,0,0,0,0,0,0,0,0,0,0,0,0,0,0,0,0,0,0.425503717683829,0.318700509470537,0,0.164505706265055,0,0,0,0.125728102519232,0,0,0,0
0,0,0,0,0,0,0,0,0,0,0,0,0,0,0,0,0,0,0,0,0,0,0,0,0,0,0,0,0,0,0,0.161111141508445,0.269990435405313,0.198946535587311,0.362553952932358,0,0.199654374671521,0,0,0,0,0,0,0,0,0,0,0.430965616521813,0,0.474713822728709,0,0,0,0,0,0,0,0,0,0,0,0,0,0,0,0,0,0,0,0,0,0,0,0,0.425503717683829,0,0.196245615040102,0.403469320956398,0.475826720086237,0.232483549081549,0,0,0.171986547112465,0,0,0,0
0,0,0,0,0,0,0,0,0,0,0,0,0,0,0,0,0,0,0,0,0,0,0,0,0,0,0,0,0,0,0,0.150070497428808,0.204622664089714,0.176589247270894,0.210110794454233,0.177495738322085,0,0.19677708254141,0,0,0,0,0,0,0,0,0,0.404010697062684,0,0.454137345919242,0,0,0,0,0,0,0,0,0,0,0,0,0,0,0,0,0,0,0,0,0,0,0,0,0.318700509470537,0.196245615040102,0,0.317765620193983,0.205062126571482,0,0.200876773664014,0.39499443769455,0.159602808305377,0,0,0,0
0,0,0,0,0,0,0,0,0,0,0,0,0,0,0,0,0,0,0,0,0,0,0,0,0,0,0,0,0,0,0,0.251488298177719,0.303490669613606,0.262779358392808,0.264008412922034,0,0.16624503836834,0.329826007548131,0.266483006744437,0,0,0,0,0,0,0,0,0.390908937294607,0.240448592230678,0.375698068312236,0,0,0,0,0,0,0,0,0,0,0,0,0,0,0,0,0,0,0,0,0,0,0,0,0,0.403469320956398,0.317765620193983,0,0,0.16162991239911,0.407799690065527,0.322386203131188,0.200775941446119,0.226667982356324,0.376797318458557,0,0
0,0.361209441660618,0,0.248876768507456,0,0,0,0,0,0.180002791540963,0,0,0,0,0,0,0.304095622459683,0.301050862931099,0.322535768978496,0.181264622348842,0,0,0,0,0,0,0,0,0,0,0,0.165033892096286,0.358266477643604,0.146375219388442,0,0.1826262934611,0.229022736049662,0.193979309958832,0,0.277108835333992,0.346101363499959,0.26622175868781,0.312242838469419,0.397600353373471,0.335845591500401,0.27617074932326,0.325617715716362,0.418861207458267,0,0.429628189210691,0,0,0,0,0,0,0,0.279510987492708,0,0,0,0,0.226151539982716,0,0,0,0.240632906556129,0,0,0,0,0,0.335204385221004,0,0.164505706265055,0.475826720086237,0.205062126571482,0,0,0.285143814980984,0.23634358797896,0,0.186277205974169,0.1529553164957,0.323390037652045,0.353423733731779,0
