0,0,0.0276342976105631,0,0,0,0,0,0.0525307484861226,0,0,0,0,0,0,0,0,0,0,0,0,0,0,0,0,0,0,0,0,0,0,0,0,0,0,0,0,0,0,0,0,0,0,0,0,0,0,0,0.0100261809936624,0,0,0,0,0,0.0213127270859378,0,0,0,0,0,0.000414962875283295,0,0,0,0,0,0,0,0,0,0,0,0,0,0,0,0,0,0,0,0,0,0.000348737026142731,0,0.00622141663930313,0,0
0,0,0,0.00177584313611379,0,0,0,0,0,0.0268345473585445,0,0,0,0,0,0,0,0,0,0,0,0,0,0.000472764168177804,0,0,0,0,0,0,0,0,0,0,0,0,0,0,0,0,0,0.000401369929405452,0,0,0,0,0,0,0,0.0284817940190241,0,0,0,0,0,0.0284536495386278,0,0.000100542129722291,0,0,0,0.00825942166888107,0,0,0,0,0.000428766146641182,0,0,0,0,0,0,0,0,0,0,0,0,0,0,0,0.000731662090886012,0,0.0050130974631999,0,0
0.0276342976105631,0,0,0,0.0042997064648707,0,0,0,0.00168863478278614,0,1.60574586731642e-05,0,0,0,0,0,0,0,7.53891173369643e-06,0,0,0,0,0,0,0,0,0,0,0,0,0,0,0,0,0,5.3340833126997e-06,0,2.05123879143113e-05,0,0.000244429248167802,0,0.00152336066692053,0,0,0,0.00102952120530282,0.000106551227536812,0.00156027602088936,0,0.00267118165383164,0,0,0,0.00173340591300404,0,3.5129809208073e-05,0,0.000241266117607383,0,0,0,0,0.000228533309937548,0,0,0,0,0,0,0,0,0,0.00293227336538768,0,0,0,0,0,2.11127307755783e-05,0,6.48035438405041e-05,0.000335756161664071,0,0.0131549632545651,0,0.00102796937500865
0,0.00177584313611379,0,0,0,0.00200506311850872,0,0,0,0.00109617852812697,0,0,0,0,0,0,0,0,8.76140109397779e-05,0,0,0,0,0,0,0,0,0,0,0,0,0,0,0,0,0.000148823271122718,0,0,0,0.000599595685643567,0,0.00191675491316922,0,0.00103673882786795,0,0.00812042053908935,0,0.00115117240756728,0,0.0126759164615117,0,0.0162970242313314,0,0,0,0,0,0.000978477618194186,0,0,0,0.00128714452706973,0.00390665920932604,0,7.24129733969836e-05,0,0,0,0,0,0.00068559643352132,0,0.00532992340143527,0,0,0,0,0,1.90406513064506e-05,0,0.000481575814668694,0,0.00018775265658655,2.58914878689807e-05,0.044643415554046,0,0
0,0,0.0042997064648707,0,0,0,0,0,0,0,0,0,0,0,0,0,0,0,7.4062588151251e-05,0,0.000447960372205242,0,0,0,0,0,0,0,0,0,0,0,0,0,0,0,2.44436005316338e-05,0,3.47331862540098e-06,0,0.000663466666110087,0,0.00142326552270277,0,5.80845211093119e-05,0,0.00515523732709014,0.000780000849699115,0.00253154238127224,5.84945442039936e-05,0.0134549019930228,0,0,0,0,0,9.33654619675536e-05,0,0.000169705565884284,0,0.000981162120993549,0,0,0.00801884189074856,0,0,0,0,0,0,0,0,0,0.00158947159780649,0,0,0,0,0,0.000119352497415432,0,0.000105656683841191,0.000396652143829893,0,0.0126568412051698,0,0.000614128053567204
0,0,0,0.00200506311850872,0,0,0,0,0,0,0,0,0,0,0,0,0,0,4.02815269146155e-05,0.0034033070006545,0,0,0,0,0,0,0,0,0,0,0,0,0,0,0,4.57768932433667e-05,0,0,0,3.46069771623024e-05,0,5.10625879314706e-05,0,0,0,0.00492957574098351,0,9.02854132360521e-05,0,0.000310137126308216,0,0.00730939948736647,0,0,0,0.0010500916501319,0,0,0,0,0,0,0.00547523536236819,0,0,0,0,0,0,0,1.47055498824992e-05,0,0,0,0,0,0,0,1.88593444675522e-05,0,0,0,0.000114250131172172,6.80697218767182e-05,0.00119516498801674,0,0
0,0,0,0,0,0,0,0,0,0,0.00309349804453977,0,0,0,0,0,0,0,0,0,0,0,0,0,0,0,0,0,0,0,0,0,0,0,0,0,0,0,0,0,0,0,0,0,0,0,0,0,0,0,0.000115320304757915,0,0.00130125321209951,0,0,0,0.000506956977882747,0,0,0,0,0,0,0,0,0,0,0,0,0,0,0,0,0,0,0,0,0,0,0,0,0,0,0,0,0,0
0,0,0,0,0,0,0,0,0,0,0,5.37388841621578e-05,0,0,0,0,0,0,0,0,0,0,0,0,0,0,0,0,0,0,0,0,0,0,0,0,0,0,0,0,0,0,0,0,0,0,0,0,0,0,0,0,0,0.00708485907776024,0,0,0,0,0,0,0,0,0,0,0,0,0,0,0,0,0,0,0,0,0,0,0,0,0,0,0,0,0,0,0,0,0
0.0525307484861226,0,0.00168863478278614,0,0,0,0,0,0,0,0,0,0,0,0.00497791912302477,0,0.0133022083862402,0.001949300811608,0.00357786524515609,0,0,0,9.15389463306264e-05,0.00109383518599603,0.0480649414242604,0,0.00464531276237614,0,0,0,0,0,0,0,0,0,0,0,0.000364219210312162,1.48756571575456e-05,4.04842626630399e-05,1.66113277370703e-05,6.74516037287075e-05,0,0,5.0295855341445e-05,0.000349700244269288,1.89057562210992e-05,0.000215328362259191,0,0,0,0,0,0.0557933456375436,0,0,0,0,0,0.000629772447458867,0,0,1.87237829643474e-05,2.64490393813589e-05,0,0,0.00770955827113977,0.000544858468529696,0.000374345967490371,0,0,0,5.93841451326433e-05,0,0,0,0,0,1.14623622171033e-05,0,0.000692642715415289,0.00395532429763811,0,0.00540624643039009,0,3.0254610215762e-05
0,0.0268345473585445,0,0.00109617852812697,0,0,0,0,0,0,0,0,0,0,0,0.00208753182457773,0.000200250737806519,0.00209646797808502,0.000889236155175012,0,0,5.74145987741173e-06,0,0.0115577317594024,0.00058659772283246,0.00113071331700341,0.000364609151105843,0,0,0,0,0,0,0,0,0,0,5.53817226536105e-05,0,1.27338196569936e-05,1.71877122171768e-05,0,0,0,0,0,0,0,0,0,0,0,0,0,0,0.0801902649049116,0,0,0,0,0,0.000607706861779733,0,0,0,0,0.000494253585085347,0,3.38827175427644e-05,0,0,0,0,0,0,0,0,0,0,0,0.000105505957458673,0,0.00190748979465835,2.79585556739936e-06,0.000140033548980302,0,0
0,0,1.60574586731642e-05,0,0,0,0.00309349804453977,0,0,0,0,0,0.000118848763085598,0,0,0,0,0,0,0,0.00838652158143475,0,0,0,0,0,0,0,0,0,0.00215707671603254,0,0,0,0,0,0.00034221472223483,0,0.00208761847832588,0,1.59230091330786e-05,0,2.29744176132217e-05,0,5.03834378828534e-05,0,0.00131035309427117,0,6.98302035940547e-06,0,0,0,0.000822941730411674,0,0,0,0.0549003396757897,0,3.92271797158361e-05,0,0,0,0,0.00364572894501124,0,0,0,0,0,0,0,0,0,0.00347169093836787,0,0,0,0,0,9.03298939893297e-06,0,0.000891002551694603,0.000676057779707653,0,8.74544574436161e-05,0,8.56717769201244e-05
0,0,0,0,0,0,0,5.37388841621578e-05,0,0,0,0,0,0.000185580411198316,0,0,0,0,0,0.0338524184690584,0,0,0,0,0,0,0,0,0,0.00895766666174996,0,0,0,0,0,0.000765227955083732,0,0.0265683201675516,0,0,0,0,0,0,0,0.000492380887073776,0,0,0,1.77711551472997e-05,0,0,0,0,0,0,0,0.0221671054742032,0,0,0,0,0.0030715246180072,0,3.56223398515855e-05,0,0,0,0,0,0.000336999160696123,0,0.00701630210864359,0,0,0,0,0,1.53507095545922e-05,0,0.00487452234025319,0,0.00163103715782534,0,8.6438538591798e-05,0,0
0,0,0,0,0,0,0,0,0,0,0.000118848763085598,0,0,0,0,0,0,0,0,0,0,0,0,0,0,0,0,0,0,0,0,0,0,0,0,0,0,0,0,0,0,0,0,0,0,0,0,0,0,0,0,0,0,0,0,0,0.000573419818591056,0,0,0,0,0,0,0,0,0,0,0,0,0,0,0,0,0,0,0,0,0,0,0,0,0,0,0,0,0,0
0,0,0,0,0,0,0,0,0,0,0,0.000185580411198316,0,0,0,0.00019323169332303,0,0.000112847810840515,0,0,0,0,0,0,0,0.000179684280106401,0,0,0,0,0,0,0,0,0,0,0,0,0,0,0,0,0,0,0,0,0,0,0,0,0,0,0,0,0,0,0,0.000126707920571789,0,0.000555581421632059,0,0,0,0,0,0,0,0,0,0,0.000408666795033116,0,0,0,0,0,0,0,0,0,0,0,0,0,0,0,0
0,0,0,0,0,0,0,0,0.00497791912302477,0,0,0,0,0,0,0,0.00926203856362483,0.000168467537393027,2.70274106950279e-05,0,0,0,4.16412510830444e-05,0,0.0018047931049473,0,0.0102563656002231,0,0,0,0,0,0,0,0,0,0,0,0,0,0,0,0,0,0,0,0,0,0,0,0,0,0,0,0.000115969631177215,0,0,0,0,0,0.000276458233892139,0,0,0,0,0,0,0,0,0.000357101989455634,0,0,0,0,0,0,0,0,0,0,0,0,0.00117979227059731,0,0,0,0
0,0,0,0,0,0,0,0,0,0.00208753182457773,0,0,0,0.00019323169332303,0,0,1.85236548510492e-05,0.00146842796250504,8.70723780004896e-06,0,0,4.67559909298119e-05,0,0.00255512930663237,0,0.00170827066201786,0,0,0,0,0,0,0,0,0,0,0,0,0,0,0,0,0,0,0,0,0,0,0,0,0,0,0,0,0,0.00027208116028132,0,0,0,0,0,0.00383114433825985,0,0,0,0,0.000577195251902146,0,8.57648272076699e-05,0,0,0,0,0,0,0,0,0,0,0,0,0,0.000351438245742472,0,0,0,0
0,0,0,0,0,0,0,0,0.0133022083862402,0.000200250737806519,0,0,0,0,0.00926203856362483,1.85236548510492e-05,0,0.100161910444808,0.0498519746250833,0,0,0.000581396935394415,0.0150528497993928,0.00173310036781631,0.0173708444075385,0.000709492070084209,0.0166881253669957,0,2.54120811214815e-05,0,0,0,0,0,0,5.36500031663372e-05,7.73449788044531e-05,4.63409807091282e-06,4.98136900511747e-05,0.000285527517304714,0.000874857519294937,0.000454747552466832,0.00108264755362244,0,0.000133262947616653,0.000225705272146568,0.000171338322865334,1.665127224618e-05,0.000126264003124976,7.28110045484036e-06,0,0,0,0,0.000178643274098877,0,0,0,0,0,0.00033667057191682,0,4.07529603429828e-05,1.37166823083988e-05,0.000206977184370427,0.000710621839424933,0,0,0.000104552835823888,0.000408172305582337,0,0,1.86711547334816e-05,0.000138686412245387,0,6.30916773903251e-06,0,0,0.000464295642014315,0.00133510991934831,0.000241350285660619,0.000228291723042105,0.0409964416886996,0.00047125273000431,0.000423509052131336,4.1254607481046e-05,0.000297389078975476
0,0,0,0,0,0,0,0,0.001949300811608,0.00209646797808502,0,0,0,0.000112847810840515,0.000168467537393027,0.00146842796250504,0.100161910444808,0,0.0495792025099117,0,0,0.0146526092951639,0.000587261071684967,0.0194236447421253,0.00477096987924557,0.0164218343985083,0.000723284771027147,0.00021747200513052,0,0,0,0,0,0,0,0.000124577397847172,5.90813211303738e-05,6.29347998842554e-05,1.11334673689095e-05,0.00102641051792903,0.000567880930789817,0.00172990205546248,0.000511883044665965,5.62518959943943e-05,1.13076002345813e-05,0.000742695248892966,0.000160240865818359,4.64193662285794e-06,4.73753763779159e-05,7.13090378387953e-05,0,0,0,0,0,0,0,0,0,0,3.47631353350454e-05,5.75056609407408e-05,0.000186039209705388,0,0.00425360927367162,4.59888538405665e-05,0.000247958190514109,0,0.00165998490370485,9.21840006682643e-05,1.11282182781516e-05,0,6.50929646977801e-05,7.2241959810748e-06,0,0,0,0,0.0011455121151173,0.000631184712613378,0.000978576020635601,5.13854345880101e-05,0.0464867439785498,0.00074551282492205,0.000648971775434898,0.000406780644831444,0.000154413623606984
0,0,7.53891173369643e-06,8.76140109397779e-05,7.4062588151251e-05,4.02815269146155e-05,0,0,0.00357786524515609,0.000889236155175012,0,0,0,0,2.70274106950279e-05,8.70723780004896e-06,0.0498519746250833,0.0495792025099117,0,1.03396567722957e-05,2.9701963708917e-05,5.20746027723971e-05,0.000151472143418629,0.00296554783601244,0.00314644006573608,0.000350028688621748,0.000585468731700267,0,0,0,4.70257933730484e-06,0,0,0,0,0.00109191346321907,0.000925463038504445,0.000489118663207913,0.000427984129831171,0.0137302206646744,0.0176968866842983,0.0127758523976139,0.0115119776055212,0.0102490638861181,0.00891382137391691,0.0156742370800205,0.00945805455980433,6.7799988336216e-05,0.00168079384105101,0.000484132809328914,0,0,0,0,0.000157536933151564,0,1.27874861621542e-05,6.79923417362407e-05,0,0,0,0,0.00248611040425316,0.000186922270568055,4.38402486702471e-05,3.99496849841569e-06,0,0,4.64657170828276e-05,0,6.6815892256131e-05,0,0.00141249018721923,0.00140674821729554,0,6.51780613339362e-06,0,0,0.0154718011408197,0.0185655675384492,0.00764339545771544,0.0047067886905159,0.014834343151807,5.54293673082065e-05,0.0131016632554138,0.00313950040671482,0.00401826274516031
0,0,0,0,0,0.0034033070006545,0,0,0,0,0,0.0338524184690584,0,0,0,0,0,0,1.03396567722957e-05,0,0,0,0,0,0,0,0,0,0,0.000546923760386984,0,0,0,0,0,0.00852745447298107,0,0.00178585838832943,0,2.45484986282118e-05,0,0,0,0,0,0.00195525440659899,0,0,0,0,0,8.25654762756471e-05,0,0,0,0,0,0.0108021766369878,0,0,0,0,0.0719498509487649,0,7.71812749405317e-06,0,0,0,0,0,9.1130733786644e-05,0,0.00483372639173219,0,0,0,0,0,0.0108045248302429,0,0.0102686200006376,0,0.000922037082519395,0,0.00343672021945448,0,0
0,0,0,0,0.000447960372205242,0,0,0,0,0,0.00838652158143475,0,0,0,0,0,0,0,2.9701963708917e-05,0,0,0,0,0,0,0,0,0,0,0,5.99304483430763e-05,0,0,0,0,0,0.00239196594068671,0,0.00172514471432968,0,2.56320718446832e-05,0,0.000127731285932501,0,0.000209693014249285,0,0.00312756416709631,0,0.000101637040230996,0,0,0,0,0,0,0,0.00622621182224064,0,0,0,0,0,0,0.0641219343630311,0,0,0,0,0,0,0,0,0,0.00592930388876635,0,0,0,0,0,0.00288551270237384,0,0.00159646160617828,0.000491558527063041,0,0.00195649650943002,0,0
0,0,0,0,0,0,0,0,0,5.74145987741173e-06,0,0,0,0,0,4.67559909298119e-05,0.000581396935394415,0.0146526092951639,5.20746027723971e-05,0,0,0,0.000465942728577255,0.000630091722924957,0,0.00403597027974722,0,0,0,0,0,0,0,0,0,0,0,0.0047375729732489,0,0,0,0,0,0,0,3.91503242612619e-06,1.66679568751483e-05,0,0,0.00143956157742409,0,0,0,0,0,0,0,0.000147454359899372,0,5.88922876657196e-05,0,0,7.90050520709301e-06,0,0.0481265168008354,0,0.000656035691919114,0,0.000214543555495515,0,0.000946022610027569,0,0,0,0,0,0,0,0,0,0.00462845645343841,0,0.00407907262287687,0.000569701533551385,6.46816838508271e-06,0,0
0,0,0,0,0,0,0,0,9.15389463306264e-05,0,0,0,0,0,4.16412510830444e-05,0,0.0150528497993928,0.000587261071684967,0.000151472143418629,0,0,0.000465942728577255,0,3.3164598219287e-05,0.0024157739118126,0,0.0039769629999038,0,0.000113328078075479,0,0,0,0,0,0,0,0,0,0.00252792523616172,0,0,3.26950828544317e-06,6.06847462222685e-06,0,0,7.138112618419e-06,0,0,0.00561963404578302,0,0,0,0,0,0,0,2.87597966322889e-05,0,0,0,2.6035523304848e-05,0,0,0,3.0468634373953e-05,0.0552800080831435,0,6.27892359976981e-05,0,3.90393478940763e-05,0,0.000937217914204635,0,1.31482827253793e-05,0,0,0,0,0,1.95329805558505e-06,1.26889300163476e-06,0.00412175744301958,0.00562941821337919,0.000413730984003374,0.000164721949294818,0,0
0,0.000472764168177804,0,0,0,0,0,0,0.00109383518599603,0.0115577317594024,0,0,0,0,0,0.00255512930663237,0.00173310036781631,0.0194236447421253,0.00296554783601244,0,0,0.000630091722924957,3.3164598219287e-05,0,0.00255818991497082,0.0739945936510195,0.000182406831091353,0,0,0,0,0,0,0,0,0,0,0.000741112615294665,0,0.000175384318361945,4.16854147464306e-05,0,0,0,0,1.19303641243182e-05,0,0,0,0.0132453391758952,0,0,0,0,0,0.00919515386023769,0,9.44481571176889e-05,0,1.88924613806771e-05,0,0.000145413876766322,0,0,0.00906315370615442,0,0.0897597262087119,0,0.00109325061047369,0,0.000511580937712853,0,0,0,0,0,0,0,7.15797756321856e-06,5.73499351278649e-06,0.00150626028804253,0,0.00356287475243684,0,0.000787777192625941,5.56955206589375e-05,0
0,0,0,0,0,0,0,0,0.0480649414242604,0.00058659772283246,0,0,0,0,0.0018047931049473,0,0.0173708444075385,0.00477096987924557,0.00314644006573608,0,0,0,0.0024157739118126,0.00255818991497082,0,0.00132076215253468,0.0226328729285812,0,0,0,0,0,0,0,0,0,0,0,0.00152754124100317,0,0,5.63681966752294e-05,1.08245901519024e-05,0,0,0,0,0,0.00862558461276347,0,0,0,0,0,0.00418710380421846,0,0,0,0,0,0,0,0,0,8.87132469605274e-05,0.000627737569357974,0,0.0267558877068667,0,0,0,0,0,0,0,0,0,0,1.98753086973591e-05,0,5.14568919107727e-06,0.00217338632497265,0.00425744825108383,0,0.00286246157765322,0,0
0,0,0,0,0,0,0,0,0,0.00113071331700341,0,0,0,0.000179684280106401,0,0.00170827066201786,0.000709492070084209,0.0164218343985083,0.000350028688621748,0,0,0.00403597027974722,0,0.0739945936510195,0.00132076215253468,0,0,0.000212761458914507,0,0,0,0,0,0,0,0,0,0,0,0,0,7.26433443300884e-06,0,0,0,0,0,0,0,0,0,0,0,0,0,0,0,0,0,0,0,0,0,0,0.00587083171416091,0,0.0433266067220432,0,0.00573577190318107,0,0.00214447863943405,0,0,0,0,0,0,0,7.60571641496581e-06,0,0,0,0.00161406154688493,0,0,0,0
0,0,0,0,0,0,0,0,0.00464531276237614,0.000364609151105843,0,0,0,0,0.0102563656002231,0,0.0166881253669957,0.000723284771027147,0.000585468731700267,0,0,0,0.0039769629999038,0.000182406831091353,0.0226328729285812,0,0,0,0.000217198719907136,0,0,0,0,0,0,0,0,0,0,0,0,0,0,0,0,0,0,0,0,0,0,0,0,0,0,0,0,0,0,0,0.00122959249878896,0,0,0,0,0.000973529662704923,0,0.0242907886527446,0,0.0205203792913441,0,0,0,0,0,0,0,0,0,4.88052689073338e-06,3.51503941891122e-06,0,0.0021568548748258,0,0,0,0
0,0,0,0,0,0,0,0,0,0,0,0,0,0,0,0,0,0.00021747200513052,0,0,0,0,0,0,0,0.000212761458914507,0,0,0,0.000361043766951452,0,0,0,0,0,0,0,0,0,0,0,0,0,0,0,0,0,0,0,0,0,0,0,0,0,0,0,0,0,0,0,0,0,0,0.00412616903864789,0,0,0,0,0,0.0184402939544324,0,0.00452850465478,0,0,0,0,0,0,0,0.000102101093256683,0,7.41308630585242e-05,0,0,0,0
0,0,0,0,0,0,0,0,0,0,0,0,0,0,0,0,2.54120811214815e-05,0,0,0,0,0,0.000113328078075479,0,0,0,0.000217198719907136,0,0,0,0,0,0,0,0,0,0,0,4.68334180277056e-06,0,0,0,0,0,0,0,0,0,0,0,0,0,0,0,0,0,0,0,0,0,0,0,0,0,0,0,0,0,0,0,0,0.0150235301167304,0,0.00640848911505431,0,0,0,0,0,0,0,0.000833977523890762,2.59617402301391e-05,5.19363175044418e-06,0,0,0
0,0,0,0,0,0,0,0,0,0,0,0.00895766666174996,0,0,0,0,0,0,0,0.000546923760386984,0,0,0,0,0,0,0,0.000361043766951452,0,0,0,0,0,0,0,0,0,0.000428368368878894,0,0,0,0,0,0,0,2.34508406273901e-05,0,0,0,0,0,0,0,0,0,0,0,0.0033765359962717,0,0,0,0,0.000260477445016336,0,0,0,0,0,0,0,0,0,0.0176817938838123,0,0,0,0,0,2.73590390858101e-06,0,0.000137162232424445,0,0,0,0,0,0
0,0,0,0,0,0,0,0,0,0,0.00215707671603254,0,0,0,0,0,0,0,4.70257933730484e-06,0,5.99304483430763e-05,0,0,0,0,0,0,0,0,0,0,0,0,0,0,0,0,0,0.000502635615434501,0,0,0,0,0,6.41305920222562e-05,0,0.000263504320805412,0,0,0,0,0,0,0,0,0,0.00281045263752612,0,0,0,0,0,0,0.000365170246661825,0,0,0,0,0,0,0,0,0,0.0290761015111763,0,0,0,0,0,0,0,0.000900728781311881,5.87929207540583e-06,0,2.72445022441239e-05,0,0
0,0,0,0,0,0,0,0,0,0,0,0,0,0,0,0,0,0,0,0,0,0,0,0,0,0,0,0,0,0,0,0,0.0288665376390562,0,0,0.00234355291205387,0,0,0,0,0,0,0,0,0,0,0,0.0376089980482,0,0,0,0,0,0,0,0,0,0,0,0,0,0,0,0,0,0,0,0,0,0,0,0,0,0,0.365687671921165,0.0374447904345228,0.0324516760922252,0.000212500002685391,0.00453914573871228,0,0,0,0.00091266123929063,0,0,0,0
0,0,0,0,0,0,0,0,0,0,0,0,0,0,0,0,0,0,0,0,0,0,0,0,0,0,0,0,0,0,0,0.0288665376390562,0,0,0.00105617583373596,0.000145733315724064,0.0011887721961697,0,0,0,0,0,0,0,0,0,0,0.055818978763086,0.00383412036120688,0.000262342535141475,0,0,0,0,0,0,0,0,0,0,0,0,0,0,0,0,0,0,0,0,0,0,0,0,0.0321764702551055,0.331347716318997,0,0.0197026204345091,0.000503320250011645,0.00104776297108242,0,0,0.00429599514344037,0,0,0,0
0,0,0,0,0,0,0,0,0,0,0,0,0,0,0,0,0,0,0,0,0,0,0,0,0,0,0,0,0,0,0,0,0,0,0.0195399797279479,0.00255760251842169,0,0.00154120102703478,0,2.62605269733727e-05,0,7.84746413847234e-05,0,0,0,0,0,0.0923960200801038,2.89860758907363e-05,0.000314506695793363,0,0,0,0,0,0,0,0,0,0,0,0,0,0,0,0,0,0,0,0,0,0,0,0,0.000246794306327088,0,0.328628997793434,0.0519285999290482,0.0015817831901478,6.68622064491211e-05,0.00634648635497018,0,0.000596113865077696,2.78052341963226e-06,5.20848503272123e-05,0,0
0,0,0,0,0,0,0,0,0,0,0,0,0,0,0,0,0,0,0,0,0,0,0,0,0,0,0,0,0,0,0,0,0.00105617583373596,0.0195399797279479,0,1.74669811184763e-05,0.00454559923748875,0,0.000122623026289423,0,3.21381446667028e-05,0,0,0,0,0,0.000178836636865045,0.183580568486081,0.00121062783248437,0.000404224284788913,0,0,0,0,0,0,0,0,0,0,0,0,0,0,0,0,0,0,0,0,0,0,0,0,0,0.00810775451768173,0.0336441064068985,0.361663697334867,8.01647375828431e-05,0.00634167069509664,9.11206113907371e-05,0.00280162659724347,0.00317937651438875,0.000574723337654146,0.000664251622897039,0,0
0,0,0,0.000148823271122718,0,4.57768932433667e-05,0,0,0,0,0,0.000765227955083732,0,0,0,0,5.36500031663372e-05,0.000124577397847172,0.00109191346321907,0.00852745447298107,0,0,0,0,0,0,0,0,0,0,0,0.00234355291205387,0.000145733315724064,0.00255760251842169,1.74669811184763e-05,0,0.000978979188624532,0.0111539039607795,0,0.000105042364773602,4.75667110793983e-06,0.000605564303664825,6.57983556634859e-06,0.000314114790317738,3.13295880483954e-06,0.00142972866946766,1.77457172945888e-05,0.000935077267360304,0,0.000235957684826569,0,0,0,0,0,0,0,0.000146986361261093,0,0,0,0,0.00188471579701767,0,0,0,0,0,0,0,1.48764963783736e-06,0,6.47369849983586e-06,0,0.000272332523306067,0,0.000638460147029898,2.04009182277198e-05,0.0607754470756173,4.60277403367283e-05,0.00737356531364649,0,0.00571504929109256,0.00108267118138347,0.000845673646549228,0.000414597785426914,0
0,0,5.3340833126997e-06,0,2.44436005316338e-05,0,0,0,0,0,0.00034221472223483,0,0,0,0,0,7.73449788044531e-05,5.90813211303738e-05,0.000925463038504445,0,0.00239196594068671,0,0,0,0,0,0,0,0,0,0,0,0.0011887721961697,0,0.00454559923748875,0.000978979188624532,0,0,0.0168828006311672,1.7313464780106e-06,0.000263986586350964,3.59162581052657e-06,0.000589913767131319,0,0.000533753946676301,3.4027241440635e-06,0.00115670404602118,0.000918479061364194,0.000506866575225594,0.000174454923694423,0,0,0,0,0,0,0,0,0,0,0,0,0,0.000699980597622052,0,0,0,0,0,0,0,0,0,7.08766147297569e-06,0,0.000852185932878473,0,0.00100475049534439,0.000590283687327919,0.0651942637876994,0,0.00164087980858089,0.00794679860256338,0.000815905889004327,0.00110482147736699,6.78166867957197e-06,0.000193665370406435
0,0,0,0,0,0,0,0,0,5.53817226536105e-05,0,0.0265683201675516,0,0,0,0,4.63409807091282e-06,6.29347998842554e-05,0.000489118663207913,0.00178585838832943,0,0.0047375729732489,0,0.000741112615294665,0,0,0,0,0,0.000428368368878894,0,0,0,0.00154120102703478,0,0.0111539039607795,0,0,0,3.54265193090516e-05,1.66883507894374e-05,0.000237312292908775,3.64361148893824e-06,0.00031870430789109,0,0.000893782357180372,1.75892406139975e-05,0.00735449701913983,0,0.00222651009015656,0,0,0,0,0,0,0,0.000352739294842895,0,0,0,0,0.000587074542892017,0,0.000347398381007134,0,2.26462389017042e-05,0,0,0,4.42253275719938e-05,0,0.000218011395052767,0,0,0,0.000170716034866283,0,0.00502117463118189,6.44850691954016e-07,0.057443905464776,0,0.00182677661263926,0.0020931220390053,0.000221749885009511,0.000126426383318904,0
0,0,2.05123879143113e-05,0,3.47331862540098e-06,0,0,0,0.000364219210312162,0,0.00208761847832588,0,0,0,0,0,4.98136900511747e-05,1.11334673689095e-05,0.000427984129831171,0,0.00172514471432968,0,0.00252792523616172,0,0.00152754124100317,0,0,0,4.68334180277056e-06,0,0.000502635615434501,0,0,0,0.000122623026289423,0,0.0168828006311672,0,0,1.43536150851459e-06,4.10000669155578e-05,0,0.000423852159554335,0,0.000445457157468258,0,0.000471900664861224,0.000492808334177442,0.00117977630032409,0,0,0,0,0,0.000118671723497605,0,0.000685933155695669,0,0,0,0,0,0,0.000329166784702703,0,0.00159979922345316,0,0.000363503396933779,0,0,0,0.00016933627125227,0,5.3616044938078e-05,0,0,0,0.000214510281321317,2.31877446795685e-06,0.00663626598234397,6.68245957058389e-06,0.0516908735965941,0.00301016152704703,0.00065774880689555,0.000684919769304157,0,0.00015602222660916
0,0,0,0.000599595685643567,0,3.46069771623024e-05,0,0,1.48756571575456e-05,1.27338196569936e-05,0,0,0,0,0,0,0.000285527517304714,0.00102641051792903,0.0137302206646744,2.45484986282118e-05,0,0,0,0.000175384318361945,0,0,0,0,0,0,0,0,0,2.62605269733727e-05,0,0.000105042364773602,1.7313464780106e-06,3.54265193090516e-05,1.43536150851459e-06,0,0.000173800137900243,0.0470848468650702,0.000192339256078841,0.00878719578554365,0.000153129092629432,0.0371273829465285,0.000321854967966675,0.00486889283573682,0.000358134719248594,0.0340899773895796,0,5.81331242898529e-05,0,0,0,0,0,0.000371342098100541,0,0,0,0,0.0163761352440483,0,2.94911515187816e-05,0,0,0,8.11271592375713e-05,0,0.000145524797068539,0,0.000714260434666948,0,0,0,0,0,0.0068516336637813,7.59832948567392e-05,0.00111226661908983,2.23799243757533e-05,0.00034253794586667,0,0.0192266130330993,0.00748077940104458,5.3018403215116e-05
0,0,0.000244429248167802,0,0.000663466666110087,0,0,0,4.04842626630399e-05,1.71877122171768e-05,1.59230091330786e-05,0,0,0,0,0,0.000874857519294937,0.000567880930789817,0.0176968866842983,0,2.56320718446832e-05,0,0,4.16854147464306e-05,0,0,0,0,0,0,0,0,0,0,3.21381446667028e-05,4.75667110793983e-06,0.000263986586350964,1.66883507894374e-05,4.10000669155578e-05,0.000173800137900243,0,0.000249643031667527,0.0424966891306452,0,0.00280811659274932,0.000116903032121591,0.0424811101563796,0.00480569601198822,0.0573985063273124,0.000225366440246256,4.28696013050432e-05,0,0,0,0,0,0.000374901696690751,0,0,0,0,0,0,0.00271270926363363,0,0,0,0,0,0,0,1.41274699501546e-05,0,0.00565947202286919,0,0,0,0,4.42452081413226e-05,0.00979487054982503,3.16623937229432e-05,0.00135338829979658,0.000729980491399587,1.28235555736533e-06,0.0168073657455707,0.000253410771721681,0.00400670969150699
0,0.000401369929405452,0,0.00191675491316922,0,5.10625879314706e-05,0,0,1.66113277370703e-05,0,0,0,0,0,0,0,0.000454747552466832,0.00172990205546248,0.0127758523976139,0,0,0,3.26950828544317e-06,0,5.63681966752294e-05,7.26433443300884e-06,0,0,0,0,0,0,0,7.84746413847234e-05,0,0.000605564303664825,3.59162581052657e-06,0.000237312292908775,0,0.0470848468650702,0.000249643031667527,0,0.00614622259358721,0.00384645178089237,1.95219331424521e-05,0.016565561650193,5.68024783162766e-05,0.00141200532045493,0.000248379680163843,0.0177523496620275,0,0,0,0,0,0,0,0.011307390773429,0,0,0,0,0.0249263452279727,0,0.000715312584236274,0,0,0,0,0,0.00270881851559553,0,0.0305979159715302,0,0,0,1.96344958699402e-05,0,0.012319130250684,0.000103438959632749,0.0142947670704317,1.59912040150892e-05,0.003233654969376,4.00056773453491e-06,0.0620685875978715,0.017714048735348,3.61188103779123e-05
0,0,0.00152336066692053,0,0.00142326552270277,0,0,0,6.74516037287075e-05,0,2.29744176132217e-05,0,0,0,0,0,0.00108264755362244,0.000511883044665965,0.0115119776055212,0,0.000127731285932501,0,6.06847462222685e-06,0,1.08245901519024e-05,0,0,0,0,0,0,0,0,0,0,6.57983556634859e-06,0.000589913767131319,3.64361148893824e-06,0.000423852159554335,0.000192339256078841,0.0424966891306452,0.00614622259358721,0,9.60548432496781e-06,0.00283786604707802,0.000137713984391366,0.0093217881981305,0.004824839183903,0.0143013513315411,0,5.50835635886971e-05,0,0,0,0,0,0.0017365175298626,0,0,0,0,0,0,0.0190327246478125,0,0,0,0,0,0,0,1.09215652124026e-05,0,0.0375820716699284,0,0,0,0,0.0001073502078199,0.0202217347148092,7.28293154000665e-05,0.00935483725080493,0.00276245184966018,0,0.0755561229735549,2.10461570794647e-05,0.0414889937335667
0,0,0,0.00103673882786795,0,0,0,0,0,0,0,0,0,0,0,0,0,5.62518959943943e-05,0.0102490638861181,0,0,0,0,0,0,0,0,0,0,0,0,0,0,0,0,0.000314114790317738,0,0.00031870430789109,0,0.00878719578554365,0,0.00384645178089237,9.60548432496781e-06,0,0,0.0023966558611574,0,2.47737822682316e-05,0,0.00066106640179318,0,0,0,0,0,0,0,0.000125963707970707,0,0,0,0,0.00158764922212599,0,2.53913567217869e-05,0,0,0,0,0,0.000402486364524156,0,0.00653864390173298,0,0,0,0,0,0.00259613841642396,0,0.00430882472347694,1.83683037542042e-05,3.61918037582562e-05,0,0.00250101302983203,0.00207039937459478,0
0,0,0,0,5.80845211093119e-05,0,0,0,0,0,5.03834378828534e-05,0,0,0,0,0,0.000133262947616653,1.13076002345813e-05,0.00891382137391691,0,0.000209693014249285,0,0,0,0,0,0,0,0,0,6.41305920222562e-05,0,0,0,0,3.13295880483954e-06,0.000533753946676301,0,0.000445457157468258,0.000153129092629432,0.00280811659274932,1.95219331424521e-05,0.00283786604707802,0,0,0,0.000898280139076152,0.000107235997956965,0.000435376299774854,0,0,0,0,0,0,0,0.000519024536696485,0,0,0,0,0,0,0.000289657327846842,0,0,0,0,0,0,0,0,0,0.0242818913043259,0,0,0,0,2.14531850675574e-05,0.00304827969438765,0,0.00525526935433733,5.21852158326298e-05,2.71792311587685e-06,0.00386910137013608,0,0.00108046216939139
0,0,0,0.00812042053908935,0,0.00492957574098351,0,0,5.0295855341445e-05,0,0,0.000492380887073776,0,0,0,0,0.000225705272146568,0.000742695248892966,0.0156742370800205,0.00195525440659899,0,3.91503242612619e-06,7.138112618419e-06,1.19303641243182e-05,0,0,0,0,0,2.34508406273901e-05,0,0,0,0,0,0.00142972866946766,3.4027241440635e-06,0.000893782357180372,0,0.0371273829465285,0.000116903032121591,0.016565561650193,0.000137713984391366,0.0023966558611574,0,0,0.000550358177297785,0.00313258565383097,0.000607719622381439,0.0155785985883398,0,0.00230775293203229,0,0,0,0,0,0.0040363232718809,0,0.00018636110418555,0,0,0.0506647960254561,0,0.000324410524234229,0,0,0,0,0,0.00125096920730436,0,0.00902983117257668,0,0,0,0,0,0.0237164158305024,3.96013020549275e-05,0.0127414674359182,4.4601471849399e-06,0.000513718460310774,0,0.023752740584742,0.00249361109152042,0
0,0,0.00102952120530282,0,0.00515523732709014,0,0,0,0.000349700244269288,0,0.00131035309427117,0,0,0,0,0,0.000171338322865334,0.000160240865818359,0.00945805455980433,0,0.00312756416709631,1.66679568751483e-05,0,0,0,0,0,0,0,0,0.000263504320805412,0,0,0,0.000178836636865045,1.77457172945888e-05,0.00115670404602118,1.75892406139975e-05,0.000471900664861224,0.000321854967966675,0.0424811101563796,5.68024783162766e-05,0.0093217881981305,0,0.000898280139076152,0.000550358177297785,0,0.0019795863622287,0.0115682315403487,0.000119264505183257,0.000233857282149363,0,0,0,0,0,0.00352433476816998,1.07610457562591e-05,0,0,0,0,7.62895882283807e-05,0.0523645263659133,0,0,0,0,0,0,9.29362773950085e-06,1.32889547199699e-05,7.59720138213561e-06,0.0253825876388551,0,0,0,0,4.22478059942491e-05,0.0308683017866933,2.88886446398289e-05,0.00940313915026535,0.000651087638710503,2.80990142756389e-05,0.021242587733993,2.77829846150762e-05,0.00472976787156938
0,0,0.000106551227536812,0.00115117240756728,0.000780000849699115,9.02854132360521e-05,0,0,1.89057562210992e-05,0,0,0,0,0,0,0,1.665127224618e-05,4.64193662285794e-06,6.7799988336216e-05,0,0,0,0,0,0,0,0,0,0,0,0,0.0376089980482,0.055818978763086,0.0923960200801038,0.183580568486081,0.000935077267360304,0.000918479061364194,0.00735449701913983,0.000492808334177442,0.00486889283573682,0.00480569601198822,0.00141200532045493,0.004824839183903,2.47737822682316e-05,0.000107235997956965,0.00313258565383097,0.0019795863622287,0,0.0612146808342843,0.0585990730970535,6.04277948120305e-05,0.000159303826240518,0,0,0,0,6.87488265664117e-06,0,0,0,0,0,9.18614802478644e-05,0.000116160803460668,0,0,0,0,0,0,1.58820870987892e-05,0,4.34150203562958e-05,0.000326358994224612,0.01790011237423,0.0554969080795931,0.130092485334775,0.116740029822323,0.00314313900933507,0.00199513137322235,0.0229348709800604,0.0136525470629764,0.0038564566662512,8.89186926786736e-05,0.0394791836388349,6.87633752033767e-05,7.37561897577715e-05
0.0100261809936624,0,0.00156027602088936,0,0.00253154238127224,0,0,0,0.000215328362259191,0,6.98302035940547e-06,0,0,0,0,0,0.000126264003124976,4.73753763779159e-05,0.00168079384105101,0,0.000101637040230996,0,0.00561963404578302,0,0.00862558461276347,0,0,0,0,0,0,0,0.00383412036120688,2.89860758907363e-05,0.00121062783248437,0,0.000506866575225594,0,0.00117977630032409,0.000358134719248594,0.0573985063273124,0.000248379680163843,0.0143013513315411,0,0.000435376299774854,0.000607719622381439,0.0115682315403487,0.0612146808342843,0,0.000182160581772528,0.000230796707439527,0,0,0,0.00210007916391743,0,0.00278367002125152,1.31299514023453e-05,0,0,0,0,4.44729583636556e-05,0.000686758379343194,0,0.01135839803855,0,0.00099636374608902,0,0.00545878621376636,1.89868091004851e-05,0.0149780254517171,1.85014801402012e-05,0.009993519699081,0,0.0141262058053772,9.46104873034009e-05,0.00061942892418006,1.21272747760601e-05,0.00356024544819699,2.48780737022099e-05,0.00888163259563036,0.00201346423996952,2.07987498873886e-05,0.0258294458021244,1.29196736175666e-05,0.00119874153546973
0,0.0284817940190241,0,0.0126759164615117,5.84945442039936e-05,0.000310137126308216,0,0,0,0,0,1.77711551472997e-05,0,0,0,0,7.28110045484036e-06,7.13090378387953e-05,0.000484132809328914,0,0,0.00143956157742409,0,0.0132453391758952,0,0,0,0,0,0,0,0,0.000262342535141475,0.000314506695793363,0.000404224284788913,0.000235957684826569,0.000174454923694423,0.00222651009015656,0,0.0340899773895796,0.000225366440246256,0.0177523496620275,0,0.00066106640179318,0,0.0155785985883398,0.000119264505183257,0.0585990730970535,0.000182160581772528,0,0,0.000103019545082079,0,0,0,0.000621660487171262,0,0.00243078185082806,0,0.000116422170035677,0,0.00123719823749678,0.00310538733800579,0,0.01070168248407,0,0.00754851908263545,0,0.00686740538964262,0,0.00960136469120115,0,0.00240043546923407,1.42578980462236e-05,0,0.000914513906702807,0.000285769438157055,0.000252980476791066,0.000995355063530651,2.44534962900963e-05,0.0147491946721721,0,0.00180326215247716,0,0.0388610202527335,0.000474884955072189,0
0,0,0.00267118165383164,0,0.0134549019930228,0,0.000115320304757915,0,0,0,0,0,0,0,0,0,0,0,0,0,0,0,0,0,0,0,0,0,0,0,0,0,0,0,0,0,0,0,0,0,4.28696013050432e-05,0,5.50835635886971e-05,0,0,0,0.000233857282149363,6.04277948120305e-05,0.000230796707439527,0,0,0,0.000163425400387496,0,0,0,0,0,0.000373162035788903,0,0.0020727329211728,0,0,0.000291508915380405,0,0,0,0,0,0,0,0,0,0,0,0,0,0,0,3.12573467177186e-06,0,1.06143909023163e-05,8.4895496471202e-07,0,0.00421285997239459,0,0
0,0,0,0.0162970242313314,0,0.00730939948736647,0,0,0,0,0,0,0,0,0,0,0,0,0,8.25654762756471e-05,0,0,0,0,0,0,0,0,0,0,0,0,0,0,0,0,0,0,0,5.81331242898529e-05,0,0,0,0,0,0.00230775293203229,0,0.000159303826240518,0,0.000103019545082079,0,0,0,0,0,0,0,0.000311842018209927,0,0.00598927777491339,0,0.0213238245186509,0.0012582714300021,0,0,0,0,0,0,0,0,0,0,0,0,0,0,0,4.26287997636358e-06,0,0,0,0,0,0.0012911665303272,0,0
0,0,0,0,0,0,0.00130125321209951,0,0,0,0.000822941730411674,0,0,0,0,0,0,0,0,0,0,0,0,0,0,0,0,0,0,0,0,0,0,0,0,0,0,0,0,0,0,0,0,0,0,0,0,0,0,0,0.000163425400387496,0,0,0,0,0,0.000562274415170075,0,0,0,0,0,0,0,0,0,0,0,0,0,0,0,0,0,0,0,0,0,0,0,0,0,0,0,0,0,0
0,0,0,0,0,0,0,0.00708485907776024,0,0,0,0,0,0,0,0,0,0,0,0,0,0,0,0,0,0,0,0,0,0,0,0,0,0,0,0,0,0,0,0,0,0,0,0,0,0,0,0,0,0,0,0,0,0,0,0,0,0,0,0,0,0,0,0,0,0,0,0,0,0,0,0,0,0,0,0,0,0,0,0,0,0,0,0,0,0,0
0.0213127270859378,0,0.00173340591300404,0,0,0,0,0,0.0557933456375436,0,0,0,0,0,0.000115969631177215,0,0.000178643274098877,0,0.000157536933151564,0,0,0,0,0,0.00418710380421846,0,0,0,0,0,0,0,0,0,0,0,0,0,0.000118671723497605,0,0,0,0,0,0,0,0,0,0.00210007916391743,0,0,0,0,0,0,0,0,0,0,0,0,0,0,0,0,0,0,0.018224953990498,0,0,0,0,0,0,0,0,0,0,0,0,0,0.000426911954189069,0.000151734922527897,0,0.000635942163838335,0,0
0,0.0284536495386278,0,0,0,0.0010500916501319,0,0,0,0.0801902649049116,0,0,0,0,0,0.00027208116028132,0,0,0,0,0,0,0,0.00919515386023769,0,0,0,0,0,0,0,0,0,0,0,0,0,0,0,0,0,0,0,0,0,0,0,0,0,0.000621660487171262,0,0,0,0,0,0,0,0,0,0,0,0.00342874229655233,0,0,0,0,0.0339223259321424,0,0,0,0,0,0,0,0,0,0,0,0,0,0.000304545953472414,0,0.00010365068324451,0,0.00123325815180063,0,0
0,0,3.5129809208073e-05,0,9.33654619675536e-05,0,0.000506956977882747,0,0,0,0.0549003396757897,0,0.000573419818591056,0,0,0,0,0,1.27874861621542e-05,0,0.00622621182224064,0,2.87597966322889e-05,0,0,0,0,0,0,0,0.00281045263752612,0,0,0,0,0,0,0,0.000685933155695669,0,0.000374901696690751,0,0.0017365175298626,0,0.000519024536696485,0,0.00352433476816998,6.87488265664117e-06,0.00278367002125152,0,0,0,0.000562274415170075,0,0,0,0,0,0.00606559648896134,0,0.000681382907178584,0,0,0.0123144601241915,0,0.00122656101128035,0,0,0,0.00259369864268828,0,0.022580477634172,0,0.0289485621661969,0,0,0,0,0,7.18201116753223e-05,0,0.00149522702962918,0.000239503736744186,0,0.00638122505730988,0,0.00015594919706228
0,0.000100542129722291,0,0.000978477618194186,0,0,0,0,0,0,0,0.0221671054742032,0,0.000126707920571789,0,0,0,0,6.79923417362407e-05,0.0108021766369878,0,0.000147454359899372,0,9.44481571176889e-05,0,0,0,0,0,0.0033765359962717,0,0,0,0,0,0.000146986361261093,0,0.000352739294842895,0,0.000371342098100541,0,0.011307390773429,0,0.000125963707970707,0,0.0040363232718809,1.07610457562591e-05,0,1.31299514023453e-05,0.00243078185082806,0,0.000311842018209927,0,0,0,0,0,0,0,0.0212308959245745,0,0,0.0443561406613442,0,0.00360458884393511,0,0.00102465028799104,0,0.000917758661150105,0,0.0293527734847513,0,0.0396345869621782,0,0,0,0,0,6.96515929604594e-05,0,0.00295274523187217,0,7.73698288340311e-05,0,0.0106111932839785,0.000240165103075364,0
0,0,0.000241266117607383,0,0.000169705565884284,0,0,0,0,0,3.92271797158361e-05,0,0,0,0,0,0,0,0,0,0,0,0,0,0,0,0,0,0,0,0,0,0,0,0,0,0,0,0,0,0,0,0,0,0,0,0,0,0,0,0.000373162035788903,0,0,0,0,0,0.00606559648896134,0,0,0,0.00097664618886474,0,0,0,0,0,0,0,0,0,0,0,0,0,0,0,0,0,0,0,0,0,0,0,1.49039595986699e-05,0,0
0,0,0,0,0,0,0,0,0,0,0,0,0,0.000555581421632059,0,0,0,0,0,0,0,5.88922876657196e-05,0,1.88924613806771e-05,0,0,0,0,0,0,0,0,0,0,0,0,0,0,0,0,0,0,0,0,0,0.00018636110418555,0,0,0,0.000116422170035677,0,0.00598927777491339,0,0,0,0,0,0.0212308959245745,0,0,0,0,0.000402953762028042,0,0.000425284927710643,0,0.000198046956608193,0,0.000427753167999716,0,0.0147510370961453,0,0,0,0,0,0,0,0,0,0,0,0,0,0.000282962342848914,0,0
0.000414962875283295,0,0,0,0.000981162120993549,0,0,0,0.000629772447458867,0,0,0,0,0,0.000276458233892139,0,0.00033667057191682,3.47631353350454e-05,0,0,0,0,2.6035523304848e-05,0,0,0,0.00122959249878896,0,0,0,0,0,0,0,0,0,0,0,0,0,0,0,0,0,0,0,0,0,0,0,0.0020727329211728,0,0,0,0,0,0.000681382907178584,0,0.00097664618886474,0,0,0,0,0,0,0,0,0,0,0,0,0,0,0,0,0,0,0,0,0,0,0,7.92906408534521e-05,0,0,0,0
0,0.00825942166888107,0,0.00128714452706973,0,0,0,0,0,0.000607706861779733,0,0,0,0,0,0.00383114433825985,0,5.75056609407408e-05,0,0,0,0,0,0.000145413876766322,0,0,0,0,0,0,0,0,0,0,0,0,0,0,0,0,0,0,0,0,0,0,0,0,0,0.00123719823749678,0,0.0213238245186509,0,0,0,0.00342874229655233,0,0,0,0,0,0,0,0,0,0,0.00101473867741135,0,0,0,0,0,0,0,0,0,0,0,0,0,0,0,8.64508132319554e-05,0,5.75611196800054e-05,0,0
0,0,0,0.00390665920932604,0,0.00547523536236819,0,0,0,0,0,0.0030715246180072,0,0,0,0,4.07529603429828e-05,0.000186039209705388,0.00248611040425316,0.0719498509487649,0,7.90050520709301e-06,0,0,0,0,0,0,0,0.000260477445016336,0,0,0,0,0,0.00188471579701767,0,0.000587074542892017,0,0.0163761352440483,0,0.0249263452279727,0,0.00158764922212599,0,0.0506647960254561,7.62895882283807e-05,9.18614802478644e-05,4.44729583636556e-05,0.00310538733800579,0,0.0012582714300021,0,0,0,0,0,0.0443561406613442,0,0.000402953762028042,0,0,0,0,0.000966994281616289,0,0,0,6.90524316837174e-05,0,0.00594339320078322,0,0.0296272341800062,0,0,0,0,0,0.0191682447301162,1.10613746486871e-06,0.023743354062012,0,0.000809371648617034,2.25675813885124e-06,0.0159661432093903,0.000880545245827686,0
0,0,0.000228533309937548,0,0.00801884189074856,0,0,0,1.87237829643474e-05,0,0.00364572894501124,0,0,0,0,0,1.37166823083988e-05,0,0.000186922270568055,0,0.0641219343630311,0,0,0,0,0,0,0,0,0,0.000365170246661825,0,0,0,0,0,0.000699980597622052,0,0.000329166784702703,0,0.00271270926363363,0,0.0190327246478125,0,0.000289657327846842,0,0.0523645263659133,0.000116160803460668,0.000686758379343194,0,0.000291508915380405,0,0,0,0,0,0.0123144601241915,0,0,0,0,0,0,0,0,1.58494624799915e-05,0,0,0,0,0,8.85468579293197e-05,0,0.0246624134101225,0,0,0,0,0,0.0338736635335558,0,0.00987833207555509,0.000496084113589183,1.21674380452122e-05,0.0304591980770433,0,0.00132597533007935
0,0,0,7.24129733969836e-05,0,0,0,0,2.64490393813589e-05,0,0,3.56223398515855e-05,0,0,0,0,0.000206977184370427,0.00425360927367162,4.38402486702471e-05,7.71812749405317e-06,0,0.0481265168008354,3.0468634373953e-05,0.00906315370615442,8.87132469605274e-05,0.00587083171416091,0,0.00412616903864789,0,0,0,0,0,0,0,0,0,0.000347398381007134,0,2.94911515187816e-05,0,0.000715312584236274,0,2.53913567217869e-05,0,0.000324410524234229,0,0,0,0.01070168248407,0,0,0,0,0,0,0,0.00360458884393511,0,0.000425284927710643,0,0,0.000966994281616289,0,0,0,0.00927876050038923,0,0.00467666237255782,0,0.0329886464959366,0,0.00960420238444367,0,0,0,0,0,8.53771499008528e-06,0,0.0157447618372482,0,0.000178649092176328,0.000115039167726827,0.000542424852180038,4.51956158340188e-05,0
0,0,0,0,0,0,0,0,0,0,0,0,0,0,0,0,0.000710621839424933,4.59888538405665e-05,3.99496849841569e-06,0,0,0,0.0552800080831435,0,0.000627737569357974,0,0.000973529662704923,0,0,0,0,0,0,0,0,0,0,0,0.00159979922345316,0,0,0,0,0,0,0,0,0,0.01135839803855,0,0,0,0,0,0,0,0.00122656101128035,0,0,0,0,0,0,1.58494624799915e-05,0,0,0,0.00226463851271861,0,0.00547174453175697,0,0.0195778219981837,0,0.00323390728632137,0,0,0,0,0,0,0,0.00967000895398082,0.000230867423618395,0,0.000219794221153546,0,0
0,0.000428766146641182,0,0,0,0,0,0,0,0.000494253585085347,0,0,0,0,0,0.000577195251902146,0,0.000247958190514109,0,0,0,0.000656035691919114,0,0.0897597262087119,0,0.0433266067220432,0,0,0,0,0,0,0,0,0,0,0,2.26462389017042e-05,0,0,0,0,0,0,0,0,0,0,0,0.00754851908263545,0,0,0,0,0,0.0339223259321424,0,0.00102465028799104,0,0.000198046956608193,0,0.00101473867741135,0,0,0.00927876050038923,0,0,0,0.0237457159908014,0,0.00331488316875285,0,0,0,0,0,0,0,0,0,0.00509811393065105,0,0.000303518869928407,0,0.00181404381004657,0,0
0,0,0,0,0,0,0,0,0.00770955827113977,0,0,0,0,0,0,0,0,0,0,0,0,0,6.27892359976981e-05,0,0.0267558877068667,0,0.0242907886527446,0,0,0,0,0,0,0,0,0,0,0,0.000363503396933779,0,0,0,0,0,0,0,0,0,0.00099636374608902,0,0,0,0,0,0.018224953990498,0,0,0,0,0,0,0,0,0,0,0.00226463851271861,0,0,0,0.00595698811589754,0,0,0,0,0,0,0,0,0,0,0,0.00174171326307145,0.000135925635823988,0,0.000303108017330318,0,0
