0,0,0.111503422260284,0,0,0,0,0,0.155001088221734,0,0,0,0,0,0,0,0.300542756915092,0,0.221540227532387,0,0,0,0,0,0.258763074874878,0,0,0,0,0,0,0,0,0,0,0,0,0.285518556833267,0.198990020588521,0,0.402206614613533,0,0.256818217482973,0,0,0,0.299004439603199,0,0.205249356763328,0,0,0,0,0,0.158336638162533,0,0.283050070206324,0,0.238883042117444,0,0.217806845659115,0,0,0.359943777322769,0,0,0,0,0,0,0,0,0,0.236757025122643,0,0,0,0,0,0.358204177891215,0,0.182710114121437,0.160514345790954,0,0.257148842003135,0,0.218905553221703
0,0,0,0.165885539295582,0,0.151660706102848,0,0,0,0.145603325620962,0,0,0,0,0,0,0,0.230442702770233,0.238851694833665,0,0,0,0,0,0,0,0,0,0,0,0,0,0,0,0,0,0,0.248055963184346,0.287867388129234,0.321276590228081,0.362167358398438,0.378443544875857,0,0.220106974244118,0,0.260214665904641,0.259317845106125,0.313958704471588,0,0.230224112972958,0,0.122910474737485,0,0,0,0.201347092574341,0,0.272622068878263,0,0,0,0.187712056899634,0,0,0,0,0.193198289503069,0,0,0,0.246043065562844,0,0.310929620574261,0,0,0,0,0,0.335369600190057,0,0.244748930423713,0,0.280825210000917,0.271460040339402,0.320183009642995,0.300195235013962,0
0.111503422260284,0,0,0.267529994249344,0.148966598801497,0,0,0,0.23074176365679,0,0,0,0,0,0,0,0.252717500925064,0,0.241530041281994,0,0.285679896672567,0,0,0,0,0,0,0,0,0,0,0,0,0,0,0.223950839042664,0.239349022507668,0,0.221965019192014,0,0.310256379842758,0.279070800542831,0.263035158552821,0.246248319745064,0.273178488016129,0.189640015363693,0.229226854112413,0,0.169419685644763,0.273839041590691,0.158268991278278,0,0.145320504903793,0,0.149337664246559,0,0.222680278317466,0.284918159246445,0,0,0,0,0,0.283284369856119,0,0,0,0,0,0,0,0,0.279983580112457,0.254587443995065,0,0,0,0,0.291174501180649,0.25666958129406,0.269937247037888,0.318553773420198,0.246184815074268,0.243577674031258,0.231815826150676,0,0.231671303510666
0,0.165885539295582,0.267529994249344,0,0,0.157783817801927,0,0,0.301832526922226,0.158805796385018,0,0.131626099348068,0,0,0,0.190928389628728,0,0,0.269248561639535,0.320509647329648,0,0,0,0,0,0,0,0,0,0,0,0,0,0,0,0.223480165921725,0,0.224954023957253,0,0.216344934460279,0,0.232720681643557,0.268748444589702,0.225597740638824,0,0.230705352539712,0.251942023634911,0,0.269086480140686,0.178518593628356,0,0.195976986930921,0,0,0,0.147569077182561,0.275765299797058,0.227878856771397,0,0.188955874870653,0,0.193213751239884,0.295953123615338,0,0,0,0.275222539901733,0,0,0,0,0,0.275622385928686,0.349250286817551,0,0,0,0,0.257152914255857,0,0.329472426038522,0.299267202615738,0.22035492059957,0.201381543320967,0.249278645287268,0.260979396956308,0
0,0,0.148966598801497,0,0,0,0,0,0.138550892472267,0,0,0,0,0,0,0,0,0,0,0,0.1644456833601,0,0,0,0,0,0,0,0,0,0,0,0,0,0,0,0.141393765807152,0,0,0,0,0,0.25594100356102,0,0,0,0,0,0,0,0.164916808406512,0,0,0,0,0,0.143298153850165,0,0.142301848530769,0,0,0,0,0,0,0,0,0,0,0,0,0,0,0,0,0,0,0,0,0,0,0,0.178041320231001,0.190531457171721,0.178342933456103,0,0
0,0.151660706102848,0,0.157783817801927,0,0,0,0,0,0.12302528694272,0,0.156278508404891,0,0,0,0,0,0,0.212097495794296,0.174386441707611,0,0,0,0,0,0,0,0,0,0,0,0,0,0,0,0.191682511362536,0,0,0,0,0,0.216430017990725,0,0,0,0,0,0,0,0.170123158821038,0,0.160374269122258,0,0,0,0.180084481835365,0,0.141199842859537,0,0.218320205807686,0,0.157775431871414,0,0,0,0,0,0,0,0,0,0,0,0,0,0,0,0,0.191584342718124,0,0,0,0.166269288594539,0.185329955912405,0.170092538907761,0.203911930322647,0
0,0,0,0,0,0,0,0,0,0,0,0,0,0,0,0,0,0,0,0,0.136701850427522,0,0,0,0,0,0,0,0,0,0,0,0,0,0,0,0,0,0,0,0,0,0,0,0,0,0,0,0,0,0,0,0,0,0,0,0,0,0.208218554655711,0,0,0,0,0,0,0,0,0,0,0,0,0,0,0,0,0,0,0,0,0,0,0,0,0.148050145308177,0,0,0
0,0,0,0,0,0,0,0,0,0,0,0,0,0.18200109899044,0,0,0,0,0,0.150125730434075,0,0,0,0,0,0,0,0,0,0,0,0,0,0,0,0.146220539745532,0,0,0,0,0,0,0,0,0,0,0,0,0,0,0,0,0,0.194435667888872,0,0,0,0,0,0,0,0,0.157953679878661,0,0,0,0,0,0,0,0,0,0,0,0,0,0,0,0,0,0,0,0.142871652758613,0,0,0,0
0.155001088221734,0,0.23074176365679,0.301832526922226,0.138550892472267,0,0,0,0,0,0,0,0,0,0.225535273551941,0,0.239947066499443,0,0.214262153230496,0,0.409498661756516,0,0,0,0.183997413781408,0,0,0,0,0,0,0,0,0,0,0,0,0,0.181254861519692,0,0.382295790043744,0.288372099399567,0.215809425009308,0,0,0.29296201467514,0.287745615839958,0,0.243005138368179,0.305185049772263,0,0,0,0,0.208477522990692,0,0.286258279422268,0,0.242212645709515,0,0.213294833898544,0,0,0.443674763043721,0,0,0,0.202160574549394,0,0,0,0,0,0.303932417416945,0,0,0,0,0.260890334844589,0.372682768851519,0.372157752513885,0.258564682809387,0.236745641699481,0.248378435835458,0.31979457918484,0,0.201279688775539
0,0.145603325620962,0,0.158805796385018,0,0.12302528694272,0,0,0,0,0,0,0,0,0,0.195294330265556,0,0,0.281720757484436,0,0,0,0,0.201885183416078,0,0.179003444314003,0,0,0,0,0,0,0,0,0,0,0,0.219644318054512,0,0.255461690947413,0,0.260130814214547,0.267013303935528,0.277023404836655,0,0.236937718465924,0,0,0,0.159378692730519,0,0.116674497723579,0,0,0,0.16072565772627,0,0.269942984978358,0,0,0,0.187290962040424,0,0,0,0,0.149037860419558,0,0.183045726269484,0,0,0,0.273709117758031,0,0,0,0,0,0.277716111391783,0,0.217411758171188,0.276692420244217,0.198643641695204,0.193904011960952,0.249468840314792,0.264529220014811,0
0,0,0,0,0,0,0,0,0,0,0,0,0.161116163432598,0,0,0,0,0,0,0,0.135150256447811,0,0,0,0,0,0,0,0,0,0.145353788657794,0,0,0,0,0,0.135155674800918,0,0.123752697886423,0,0,0,0,0,0,0,0,0,0,0,0,0,0,0,0,0,0.172251113706564,0,0.160675948572367,0,0,0,0,0.173374265898019,0,0,0,0,0,0,0,0,0,0.155042732210179,0,0,0,0,0,0,0,0.15389387930433,0.131047859725331,0.141341347779546,0.179108778635661,0,0
0,0,0,0.131626099348068,0,0.156278508404891,0,0,0,0,0,0,0,0.130967536568642,0,0,0,0,0,0.143219143534972,0,0,0,0,0,0,0,0,0,0.157616670900609,0,0,0,0,0,0.134801026584917,0,0.14841486130093,0,0,0,0,0,0,0,0.181896135210991,0,0,0,0,0,0.195094441565183,0,0,0,0,0,0.144770075830781,0,0.141417212367678,0,0,0.146455943936343,0,0,0,0,0,0,0,0,0,0.164567081964528,0,0,0,0,0,0,0,0.209802411496639,0,0.169054172676865,0,0.16180145407353,0,0
0,0,0,0,0,0,0,0,0,0,0.161116163432598,0,0,0,0,0,0,0,0,0,0,0,0,0,0,0,0,0,0.132969665030638,0,0,0,0,0,0,0,0,0,0,0,0,0,0,0,0,0,0,0,0,0,0,0,0,0,0,0,0.130670762221728,0,0.164538054409865,0,0.197492361068726,0,0,0,0,0,0,0,0,0,0,0.126615370313327,0,0,0,0,0,0,0,0,0,0,0.154039850752605,0.184428239325483,0.339214086532593,0,0
0,0,0,0,0,0,0,0.18200109899044,0,0,0,0.130967536568642,0,0,0,0.210204064846039,0,0,0,0,0,0,0,0,0,0,0,0.14025932668071,0,0,0,0,0,0,0,0,0,0,0,0,0,0,0,0,0,0,0,0,0,0,0,0,0,0,0,0,0,0.138228803873062,0,0.152385409264926,0,0.218634572584887,0,0,0,0,0,0,0,0,0.180839021291052,0,0,0,0,0,0,0,0,0,0,0,0.161057121954955,0.199316593030324,0,0,0
0,0,0,0,0,0,0,0,0.225535273551941,0,0,0,0,0,0,0,0.21974946323194,0,0,0,0,0,0,0,0.29517437517643,0,0,0,0,0,0,0,0,0,0,0,0,0,0,0,0,0,0,0,0,0,0,0,0.187449663877487,0,0,0,0,0,0.219061300158501,0,0,0,0,0,0.21005696931996,0,0,0,0,0,0,0,0,0.176374513655901,0,0,0,0,0,0,0,0,0,0,0,0,0.154487475448725,0.206473758143763,0,0,0
0,0,0,0.190928389628728,0,0,0,0,0,0.195294330265556,0,0,0,0.210204064846039,0,0,0,0.160865388810635,0,0,0,0,0,0.183471393254068,0,0,0,0,0,0,0,0,0,0,0,0,0,0,0,0.231519713997841,0,0.216962464981609,0,0.217036798596382,0,0.193491294980049,0,0,0,0.202943892218173,0,0,0,0,0,0.201720435172319,0,0,0,0.214874284863472,0,0.232537853040084,0,0,0,0,0,0,0,0,0,0,0,0,0,0,0,0,0,0,0,0,0.176402348022776,0.138949912786484,0.197226482133071,0,0
0.300542756915092,0,0.252717500925064,0,0,0,0,0,0.239947066499443,0,0,0,0,0,0.21974946323194,0,0,0.18642856618897,0.25939699788857,0,0.272388517856598,0,0.148409012741463,0,0.170240687055362,0,0.129737374845262,0,0.112443746626377,0,0,0,0,0,0,0,0,0,0,0.297316992318774,0.297141509720042,0.257807639981407,0.245986399494789,0.259919621688979,0.245767877911622,0.296943223752534,0.295468065989288,0,0.251651108264923,0.251132152974606,0,0,0,0,0.261736683823444,0,0.271276079118252,0.265099883079529,0,0,0,0.215222045779228,0.35248006383578,0.325600211819013,0,0.131706872582436,0,0,0,0.133217182521727,0,0,0.306084892264119,0.282822489738464,0,0,0,0,0.334008080221839,0.317228502376163,0.352155120048708,0.324257186230491,0.195843799547557,0.155936378349618,0.304558046964499,0.246344529092312,0.249306414276361
0,0.230442702770233,0,0,0,0,0,0,0,0,0,0,0,0,0,0.160865388810635,0.18642856618897,0,0.298508878933622,0,0,0.14780181646347,0,0.152731663302371,0,0.156202520642962,0,0,0,0,0,0,0,0,0,0,0,0,0,0.288306525829485,0.302561851484435,0.261379667683456,0.256305610663012,0.260097474401647,0.242349918186665,0.286820374693143,0.296587022426336,0,0.250616371631622,0.305755592882633,0,0,0,0,0,0.237741693854332,0.23610907793045,0.309294471686537,0,0,0,0,0.364060446619987,0,0.153867870569229,0,0.156232273578644,0,0,0,0,0,0.322631862967513,0,0,0,0,0,0.313643514671746,0.310888456801573,0.356351988006184,0.339268296957016,0.228853146504833,0.12149486557117,0.304710341754713,0.249753040401903,0.212281346321106
0.221540227532387,0.238851694833665,0.241530041281994,0.269248561639535,0,0.212097495794296,0,0,0.214262153230496,0.281720757484436,0,0,0,0,0,0,0.25939699788857,0.298508878933622,0,0,0.358481243252754,0,0,0,0,0,0,0,0,0,0,0,0,0,0,0,0.288863688707352,0.334814409414927,0.263243701308966,0.298617804865666,0.298827956339648,0.211906967008781,0.205766136815581,0.271032226059289,0.209108901166781,0.300348139730025,0.308751844930049,0,0.24368632864207,0.274026855826378,0,0,0,0,0.150222122137036,0.23521069756576,0.281799437504419,0.298603936296995,0,0,0,0.226638853549957,0.370003290772438,0.339881802201271,0,0,0.260836005210876,0,0,0,0,0,0.324054646072909,0.307396482872336,0,0,0,0,0.344894348304088,0.323698242793754,0.376029708264749,0.355594862019643,0.219002917045572,0,0.304943487163178,0.234781419637218,0.21209942518423
0,0,0,0.320509647329648,0,0.174386441707611,0,0.150125730434075,0,0,0,0.143219143534972,0,0,0,0,0,0,0,0,0,0,0,0,0,0,0,0,0,0.153907462954521,0,0,0,0,0,0.18315616387996,0,0.162865328033168,0,0,0,0.254096627235413,0,0,0,0.250132691550564,0,0,0,0,0,0.218792990996287,0,0,0,0,0,0.133837799422989,0,0.272685095667839,0,0,0.175537037112987,0,0,0,0,0,0,0,0,0,0,0,0,0,0,0,0.226638942848945,0,0,0,0.163453189992761,0,0.288332322217635,0,0
0,0,0.285679896672567,0,0.1644456833601,0,0.136701850427522,0,0.409498661756516,0,0.135150256447811,0,0,0,0,0,0.272388517856598,0,0.358481243252754,0,0,0,0,0,0,0,0,0,0,0,0,0,0,0,0,0,0.161571429904752,0,0.14387599943043,0,0,0,0.340142205357552,0,0,0,0.250837303020737,0,0.287341266870499,0,0.148812582095464,0,0.162389967002367,0,0,0,0.178063281558511,0,0.225442787011464,0,0,0,0,0.189909364336093,0,0,0,0,0,0,0,0,0,0,0,0,0,0,0,0.208970851215877,0,0.225863303542137,0.169907851844029,0.197140175849199,0.271099393738665,0,0
0,0,0,0,0,0,0,0,0,0,0,0,0,0,0,0,0,0.14780181646347,0,0,0,0,0.0939830174328576,0.150863296177128,0,0.152646266461648,0,0.136858175713115,0,0,0,0,0,0,0,0,0,0.258224331782291,0.424576725810766,0,0,0,0,0,0,0,0,0.41337784786116,0.37354376912117,0.170158192515373,0,0,0,0,0,0.274145603179932,0,0,0,0,0,0,0,0,0.162664752406691,0.121661822669781,0.148631491749496,0,0.16790278410651,0,0.144916615600503,0,0,0,0,0,0,0,0,0,0.295384602384134,0,0.121644455157398,0.134565325662382,0.349511686712503,0,0
0,0,0,0,0,0,0,0,0,0,0,0,0,0,0,0,0.148409012741463,0,0,0,0,0.0939830174328576,0,0,0.179994497331791,0,0.143133493900103,0,0.145197436446324,0,0,0,0,0,0,0,0,0.12802229821682,0.154873203563584,0,0,0,0,0,0,0,0,0,0.116126148516799,0,0,0,0,0,0,0,0,0,0,0,0,0,0,0,0.0910430313511328,0.15093126765575,0,0.137863424155981,0,0.150931100216177,0,0.155113734304905,0,0,0,0,0,0,0,0,0,0.227597220850888,0.123722292427203,0.143655008577102,0,0,0
0,0,0,0,0,0,0,0,0,0.201885183416078,0,0,0,0,0,0.183471393254068,0,0.152731663302371,0,0,0,0.150863296177128,0,0,0,0.158073076334867,0,0,0,0,0,0,0,0,0,0,0,0.191158681829793,0.326200723648071,0,0,0,0,0,0,0,0,0.329469501972198,0,0,0,0,0,0,0,0.193706096746983,0,0,0,0,0,0.194693943628898,0,0,0.126265716788016,0,0.175896639108473,0,0.182637440301285,0,0,0,0,0,0,0,0,0,0,0,0.252398439511961,0,0.166275502656187,0.302615642547607,0.276606215584663,0,0
0.258763074874878,0,0,0,0,0,0,0,0.183997413781408,0,0,0,0,0,0.29517437517643,0,0.170240687055362,0,0,0,0,0,0.179994497331791,0,0,0,0.19610599631613,0,0,0,0,0,0,0,0,0,0,0,0.213480394842767,0,0,0,0.166094494362672,0,0,0,0.326480448246002,0.462503463029861,0.226091966032982,0,0,0,0,0,0.174461746817095,0,0.289332988361518,0,0,0,0.197432026267052,0,0,0,0,0.185674519013505,0,0.197984085847285,0,0.166980982828541,0,0,0,0.205823734402657,0,0,0,0,0,0.210566237568855,0,0.280578776932599,0.183360171662468,0,0.265299914514317,0,0.164893478155136
0,0,0,0,0,0,0,0,0,0.179003444314003,0,0,0,0,0,0,0,0.156202520642962,0,0,0,0.152646266461648,0,0.158073076334867,0,0,0,0.156399729686814,0,0,0,0,0,0,0,0,0,0,0,0,0,0,0,0,0,0,0,0,0,0,0,0,0,0,0,0,0,0,0,0,0,0,0,0,0.162041237408465,0,0.159370440244675,0,0.167770632719698,0,0,0,0,0,0,0,0,0,0,0,0,0,0.15217396211293,0,0,0,0
0,0,0,0,0,0,0,0,0,0,0,0,0,0,0,0,0.129737374845262,0,0,0,0,0,0.143133493900103,0,0.19610599631613,0,0,0,0.0766862481832504,0,0,0,0,0,0,0,0,0,0,0,0,0,0,0,0,0,0,0,0,0,0,0,0,0,0.189860468109449,0,0,0,0,0,0,0,0,0,0,0,0,0,0,0.159072074418267,0,0,0,0,0,0,0,0,0,0,0,0,0.13293593117954,0,0,0,0
0,0,0,0,0,0,0,0,0,0,0,0,0,0.14025932668071,0,0,0,0,0,0,0,0.136858175713115,0,0,0,0.156399729686814,0,0,0,0.158087764086762,0,0,0,0,0,0,0,0.141496693745988,0,0,0,0,0,0,0,0,0,0,0,0,0,0,0,0,0,0,0,0,0,0.187847193330526,0,0,0,0,0.154462270438671,0,0,0,0,0,0.141169789031902,0,0.156114031161581,0,0,0,0,0,0,0,0,0,0.14939516166846,0.173213839530945,0,0,0
0,0,0,0,0,0,0,0,0,0,0,0,0.132969665030638,0,0,0,0.112443746626377,0,0,0,0,0,0.145197436446324,0,0,0,0.0766862481832504,0,0,0,0.13433425500989,0,0,0,0,0,0,0,0.173844354366678,0,0,0,0,0,0,0,0,0,0,0,0,0,0,0,0,0,0.128217481076717,0,0,0,0,0,0,0,0,0.142823090155919,0,0.178614765405655,0,0,0,0.160169876638617,0,0,0,0,0,0,0,0,0,0.21109765914141,0.145943961249837,0.151616008617939,0,0,0
0,0,0,0,0,0,0,0,0,0,0,0.157616670900609,0,0,0,0,0,0,0,0.153907462954521,0,0,0,0,0,0,0,0.158087764086762,0,0,0,0,0,0,0,0,0,0.148795029470689,0,0,0,0,0,0,0,0,0,0,0,0,0,0,0,0,0,0,0,0.15635350327703,0,0,0,0,0,0,0,0,0,0,0,0,0.147768170787738,0,0.178837915947958,0,0,0,0,0,0,0,0,0,0,0,0,0,0
0,0,0,0,0,0,0,0,0,0,0.145353788657794,0,0,0,0,0,0,0,0,0,0,0,0,0,0,0,0,0,0.13433425500989,0,0,0,0,0,0,0,0,0,0.143456532815834,0,0,0,0,0,0,0,0,0,0,0,0,0,0,0,0,0,0.14128123720487,0,0,0,0,0,0,0,0,0,0,0,0,0,0,0.132435097262777,0,0.153139161877334,0,0,0,0,0,0,0,0,0.15904513001442,0,0,0,0
0,0,0,0,0,0,0,0,0,0,0,0,0,0,0,0,0,0,0,0,0,0,0,0,0,0,0,0,0,0,0,0,0.137815937222469,0.247250249497144,0,0.205307994635051,0,0,0,0,0,0,0,0,0,0,0,0.325389938964451,0,0.382521897554398,0,0,0,0,0,0,0,0,0,0,0,0,0,0,0,0,0,0,0,0,0,0,0,0,0.188735795591327,0.13401601081714,0.256505486978726,0,0.261374209603371,0.136201173067093,0,0,0.427139189508226,0,0,0,0
0,0,0,0,0,0,0,0,0,0,0,0,0,0,0,0,0,0,0,0,0,0,0,0,0,0,0,0,0,0,0,0.137815937222469,0,0.165717293818792,0,0.154596000909805,0.138173066079617,0,0,0,0,0,0,0,0,0,0,0.161183261622985,0,0,0,0,0,0,0,0,0,0,0,0,0,0,0,0,0,0,0,0,0,0,0,0,0,0,0.139709649607539,0.154536468495388,0.19131433069706,0,0.122704394161701,0.217051299106257,0,0,0.14335782975942,0,0,0,0
0,0,0,0,0,0,0,0,0,0,0,0,0,0,0,0,0,0,0,0,0,0,0,0,0,0,0,0,0,0,0,0.247250249497144,0.165717293818792,0,0.18172564151937,0.148323253762484,0,0.14481040121511,0.256726929978017,0,0,0,0,0,0,0,0,0.241718746828563,0,0.393939077854156,0,0,0,0,0,0,0,0,0,0,0,0,0,0,0,0,0,0,0,0,0,0,0,0,0.248771218955517,0.167461641132832,0.171550535257138,0.162358443816408,0.177612061737124,0,0.196064816232313,0.207200884546449,0.136338604912162,0.184709880839695,0,0,0
0,0,0,0,0,0,0,0,0,0,0,0,0,0,0,0,0,0,0,0,0,0,0,0,0,0,0,0,0,0,0,0,0,0.18172564151937,0,0,0.157099926143885,0.659647991749602,0.190490380080059,0,0,0,0,0,0,0,0,0.339908383815973,0,0,0,0,0,0,0,0,0,0,0,0,0,0,0,0,0,0,0,0,0,0,0,0,0,0,0,0.223071537911892,0.160157978721742,0.18363192230823,0,0.178210456456457,0.580600619316101,0.254428999852061,0.204438383380572,0,0.71112796664238,0,0
0,0,0.223950839042664,0.223480165921725,0,0.191682511362536,0,0.146220539745532,0,0,0,0.134801026584917,0,0,0,0,0,0,0,0.18315616387996,0,0,0,0,0,0,0,0,0,0,0,0.205307994635051,0.154596000909805,0.148323253762484,0,0,0.140291178271195,0.149113858267844,0.125144563615322,0,0,0,0,0,0,0.187343344092369,0,0.241561893743413,0,0,0,0.218902982859051,0,0,0,0,0,0.237990963459015,0,0.230865224131516,0,0,0.1844683195974,0,0,0,0,0,0,0,0,0,0,0,0.17716695377842,0,0.146049545679747,0,0.170159457949353,0.156835222969466,0.180734360411936,0,0.160897401884827,0.164143404827036,0.221581390899856,0,0
0,0,0.239349022507668,0,0.141393765807152,0,0,0,0,0,0.135155674800918,0,0,0,0,0,0,0,0.288863688707352,0,0.161571429904752,0,0,0,0,0,0,0,0,0,0,0,0.138173066079617,0,0.157099926143885,0.140291178271195,0,0,0.127563013212662,0,0.152081951498985,0,0.201444044709206,0,0,0,0.21214409917593,0.224163167147716,0.211830526590347,0,0.211142227053642,0,0,0,0,0,0.145382646077532,0,0,0,0,0,0,0.165623856943195,0,0,0,0,0,0,0,0,0,0,0,0.136191173891226,0,0.161535995728944,0.129351981464894,0.179540615111771,0,0.168409616920366,0.179179850217682,0.163888502019373,0.240650702236045,0,0
0.285518556833267,0.248055963184346,0,0.224954023957253,0,0,0,0,0,0.219644318054512,0,0.14841486130093,0,0,0,0,0,0,0.334814409414927,0.162865328033168,0,0.258224331782291,0.12802229821682,0.191158681829793,0,0,0,0.141496693745988,0,0.148795029470689,0,0,0,0.14481040121511,0.659647991749602,0.149113858267844,0,0,0.405235773400189,0.307575255632401,0,0.305049536893001,0.319490261375904,0,0,0.252866723682991,0,0.575301974621591,0.372779964920013,0.222444715580546,0,0,0,0,0,0.261633304811582,0,0.152193571463989,0,0,0,0.226263388991356,0.200670604760611,0,0.182723030748293,0.272134758532047,0.237022496518813,0.358877882361412,0,0,0.147496774792671,0,0.133716448233988,0,0,0,0.149631075028862,0,0.178331504663769,0,0.212296891893028,0.282886753145319,0.261699367636703,0.302244487246491,0.260889993639545,0,0
0.198990020588521,0.287867388129234,0.221965019192014,0,0,0,0,0,0.181254861519692,0,0.123752697886423,0,0,0,0,0,0,0,0.263243701308966,0,0.14387599943043,0.424576725810766,0.154873203563584,0.326200723648071,0.213480394842767,0,0,0,0.173844354366678,0,0.143456532815834,0,0,0.256726929978017,0.190490380080059,0.125144563615322,0.127563013212662,0.405235773400189,0,0,0,0.275191668953214,0.337418540194631,0.268419921398163,0,0,0.283255748450756,0.638294977154809,0.27860118497095,0.385559227731493,0.222836554050446,0,0,0,0.151509430259466,0.233932147423426,0.152570043405577,0.285136491060257,0.298099407926202,0,0.282189071178436,0,0,0.223089007770314,0,0.192544976940793,0.342680865526199,0.259352039557664,0,0.19928164217832,0,0.171487503630273,0.318664133548737,0.148438910428387,0,0,0.138342592037386,0.13992207811067,0.129684222862124,0.177821166526478,0.232461798172749,0.209931237996478,0.328944880309344,0.334771470037065,0.310633399576511,0,0.293922752141953
0,0.321276590228081,0,0.216344934460279,0,0,0,0,0,0.255461690947413,0,0,0,0,0,0.231519713997841,0.297316992318774,0.288306525829485,0.298617804865666,0,0,0,0,0,0,0,0,0,0,0,0,0,0,0,0,0,0,0.307575255632401,0,0,0.392911896109581,0.251056037277598,0.224208032091459,0.33545730097853,0,0.284416082749764,0.309987273067236,0.50942413136363,0.242802038788795,0.448547182239446,0,0,0,0,0,0.191763892769814,0,0.26081059128046,0,0,0,0.229527561614911,0.228567111898552,0,0,0,0,0,0,0,0,0,0.280635312613514,0,0,0,0,0,0.199377699333286,0.352359493573507,0.336524027136137,0.288809061050415,0.272233061031862,0.253625697323254,0.259072398420861,0.311946870386601,0
0.402206614613533,0.362167358398438,0.310256379842758,0,0,0,0,0,0.382295790043744,0,0,0,0,0,0,0,0.297141509720042,0.302561851484435,0.298827956339648,0,0,0,0,0,0,0,0,0,0,0,0,0,0,0,0,0,0.152081951498985,0,0,0.392911896109581,0,0.307880379259586,0.246980065598664,0.222371593117714,0.298027408254497,0.323617239793142,0.229902375289781,0.488050084365042,0.357507779814289,0.485675126314163,0.320441097021103,0,0,0,0,0,0.306225955486298,0,0,0,0,0,0,0.287392954031626,0,0,0,0,0,0,0,0,0,0.275954037904739,0,0,0,0,0.396125185489655,0.308674773551597,0.340795040130615,0.326492555439472,0.413777567865983,0,0.21342653613101,0.267783597111702,0.243224361538887
0,0.378443544875857,0.279070800542831,0.232720681643557,0,0.216430017990725,0,0,0.288372099399567,0.260130814214547,0,0,0,0,0,0.216962464981609,0.257807639981407,0.261379667683456,0.211906967008781,0.254096627235413,0,0,0,0,0,0,0,0,0,0,0,0,0,0,0,0,0,0.305049536893001,0.275191668953214,0.251056037277598,0.307880379259586,0,0.231631053716032,0.242401605943379,0.22956504424413,0.275486008223272,0.285631859898567,0.415951953780267,0.350507855415344,0.324393864290034,0,0.22045688993401,0,0,0,0.233320051538093,0.283551171422005,0.281349544310379,0,0,0,0.237085368831952,0.259744870441931,0,0,0,0.251357638587554,0,0,0,0.276694099108378,0,0.296068033751319,0.289805114269257,0,0,0,0,0.29065849991479,0.324217727309779,0.344632202622581,0,0.248804616773001,0.268301972912418,0.278781976951363,0.265489540173034,0
0.256818217482973,0,0.263035158552821,0.268748444589702,0.25594100356102,0,0,0,0.215809425009308,0.267013303935528,0,0,0,0,0,0,0.245986399494789,0.256305610663012,0.205766136815581,0,0.340142205357552,0,0,0,0.166094494362672,0,0,0,0,0,0,0,0,0,0,0,0.201444044709206,0.319490261375904,0.337418540194631,0.224208032091459,0.246980065598664,0.231631053716032,0,0.253363262329783,0.231718866562802,0.272685332223773,0.274006454420479,0.349385214640814,0.316811757092518,0.268005602061749,0.245000657315056,0,0,0,0,0.287023097276688,0.283734635028141,0.296010706159804,0.365851141255477,0,0.359909112254779,0,0,0.323436714270536,0,0.330649346113205,0.310541898012161,0,0,0,0,0,0.306976110984882,0.248387302603298,0,0,0,0,0.262237828757082,0.269626472062698,0.358631420135498,0.339585568141806,0.274326229150656,0.250891814871532,0.277648548148033,0.307260103523731,0.191497626172942
0,0.220106974244118,0.246248319745064,0.225597740638824,0,0,0,0,0,0.277023404836655,0,0,0,0,0,0.217036798596382,0.259919621688979,0.260097474401647,0.271032226059289,0,0,0,0,0,0,0,0,0,0,0,0,0,0,0,0,0,0,0,0.268419921398163,0.33545730097853,0.222371593117714,0.242401605943379,0.253363262329783,0,0.204475492238998,0.326067471623292,0.275327143924577,0,0,0.237441127498945,0,0,0,0,0,0.214236721396446,0,0.274222373962402,0,0,0,0.202916637063026,0.321281518538793,0,0,0,0,0,0,0,0,0,0.287783699208184,0,0,0,0,0,0.379875137132,0.307571652531624,0.381471133691833,0,0.225523096038566,0.272682279348373,0.356815636853124,0.270278054475784,0
0,0,0.273178488016129,0,0,0,0,0,0,0,0,0,0,0,0,0,0.245767877911622,0.242349918186665,0.209108901166781,0,0,0,0,0,0,0,0,0,0,0,0,0,0,0,0,0,0,0,0,0,0.298027408254497,0.22956504424413,0.231718866562802,0.204475492238998,0,0.250891208648682,0.315294122103081,0,0,0,0,0,0,0,0,0,0.300037413835526,0,0,0,0,0,0,0,0,0,0,0,0,0,0,0,0,0,0,0,0,0,0.271486282348633,0.332933069103294,0.271496057510376,0.332657404243946,0.19587273242719,0,0.261911602086491,0.19804635643959,0.266248762607574
0,0.260214665904641,0.189640015363693,0.230705352539712,0,0,0,0,0.29296201467514,0.236937718465924,0,0.181896135210991,0,0,0,0.193491294980049,0.296943223752534,0.286820374693143,0.300348139730025,0.250132691550564,0,0,0,0,0,0,0,0,0,0,0,0,0,0,0,0.187343344092369,0,0.252866723682991,0,0.284416082749764,0.323617239793142,0.275486008223272,0.272685332223773,0.326067471623292,0.250891208648682,0,0.329425264615566,0,0,0.232523265480995,0,0,0,0,0,0,0.283640995621681,0.252870080371698,0,0,0,0.21809244426814,0.230880292378698,0,0,0,0,0,0,0,0,0,0.258164321668714,0,0,0,0,0,0.212289788252086,0.360374308058194,0.247641306744633,0.282983355224133,0.275874663715748,0.197972157692656,0.255942021938526,0.295795099188884,0
0.299004439603199,0.259317845106125,0.229226854112413,0.251942023634911,0,0,0,0,0.287745615839958,0,0,0,0,0,0,0,0.295468065989288,0.296587022426336,0.308751844930049,0,0.250837303020737,0,0,0,0.326480448246002,0,0,0,0,0,0,0,0,0,0,0,0.21214409917593,0,0.283255748450756,0.309987273067236,0.229902375289781,0.285631859898567,0.274006454420479,0.275327143924577,0.315294122103081,0.329425264615566,0,0,0.220080429121204,0.292671680450439,0.256351113319397,0,0,0,0,0,0.228640152013873,0,0,0,0,0,0.343091830611229,0.209328316501797,0,0,0.256337434053421,0,0,0,0,0,0.316947281360626,0.314115197342985,0,0,0,0,0.331873933575591,0.224210344206397,0.333575886876687,0.28431732421659,0.319989339240068,0.170845225453377,0.269407078599014,0.265032624204953,0.270579139653005
0,0.313958704471588,0,0,0,0,0,0,0,0,0,0,0,0,0,0,0,0,0,0,0,0.41337784786116,0,0.329469501972198,0.462503463029861,0,0,0,0,0,0,0.325389938964451,0.161183261622985,0.241718746828563,0.339908383815973,0.241561893743413,0.224163167147716,0.575301974621591,0.638294977154809,0.50942413136363,0.488050084365042,0.415951953780267,0.349385214640814,0,0,0,0,0,0.412639210405735,0.46627292817659,0,0,0,0,0.389226526021957,0.242901604622602,0.273535192012787,0,0,0,0,0,0,0,0.43493065237999,0.399711392819881,0.388757641498859,0.411155064900716,0,0,0,0,0,0,0.31522035922059,0,0.154383457406541,0.192140232523282,0.265501338551893,0.231154132775358,0.496196239072586,0.482702401583083,0.434548205511755,0.61912337216464,0.434007620787716,0,0
0.205249356763328,0,0.169419685644763,0.269086480140686,0,0,0,0,0.243005138368179,0,0,0,0,0,0.187449663877487,0,0.251651108264923,0.250616371631622,0.24368632864207,0,0.287341266870499,0.37354376912117,0.116126148516799,0,0.226091966032982,0,0,0,0,0,0,0,0,0,0,0,0.211830526590347,0.372779964920013,0.27860118497095,0.242802038788795,0.357507779814289,0.350507855415344,0.316811757092518,0,0,0,0.220080429121204,0.412639210405735,0,0.436558189970708,0,0,0,0,0.258996486663818,0,0.242184155084419,0,0.220989390809268,0,0.204534335851669,0,0,0.284636095166206,0,0.255742193924056,0.316837131977081,0.254953866485845,0,0.264579847455025,0,0,0.329149842262268,0.269030464363509,0,0,0,0,0,0.35240105007376,0.381333918798538,0.285007353989702,0.37887938549567,0.245052173733711,0.347076786162607,0,0.297371545008251
0,0.230224112972958,0.273839041590691,0.178518593628356,0,0.170123158821038,0,0,0.305185049772263,0.159378692730519,0,0,0,0,0,0.202943892218173,0.251132152974606,0.305755592882633,0.274026855826378,0,0,0.170158192515373,0,0,0,0,0,0,0,0,0,0.382521897554398,0,0.393939077854156,0,0,0,0.222444715580546,0.385559227731493,0.448547182239446,0.485675126314163,0.324393864290034,0.268005602061749,0.237441127498945,0,0.232523265480995,0.292671680450439,0.46627292817659,0.436558189970708,0,0,0.171559716264407,0,0,0,0.162716796308492,0,0.264795611646711,0,0.245255993306637,0,0.205397608129756,0.239982143044472,0,0,0,0.230475488636229,0,0,0,0.258653906484445,0,0.300505333363193,0.316217392683029,0,0,0,0,0.188341024777164,0.33340847492218,0.254110028792141,0.373580515384674,0.430900770505579,0.229529765248299,0.307371946924511,0.295873787601789,0
0,0,0.158268991278278,0,0.164916808406512,0,0,0,0,0,0,0,0,0,0,0,0,0,0,0,0.148812582095464,0,0,0,0,0,0,0,0,0,0,0,0,0,0,0,0.211142227053642,0,0.222836554050446,0,0.320441097021103,0,0.245000657315056,0,0,0,0.256351113319397,0,0,0,0,0,0.130938902497292,0,0,0,0,0,0,0,0,0,0,0.169227535525958,0,0,0,0,0,0,0,0,0,0.234626740217209,0,0,0,0,0,0.247247245162725,0,0,0.205434653908014,0,0.207156260692796,0,0
0,0.122910474737485,0,0.195976986930921,0,0.160374269122258,0,0,0,0.116674497723579,0,0.195094441565183,0,0,0,0,0,0,0,0.218792990996287,0,0,0,0,0,0,0,0,0,0,0,0,0,0,0,0.218902982859051,0,0,0,0,0,0.22045688993401,0,0,0,0,0,0,0,0.171559716264407,0,0,0,0,0,0.205611033572091,0,0.19008710616119,0,0.236383265748466,0,0.22732081583568,0,0,0,0,0,0,0,0,0,0,0.26694792509079,0,0,0,0,0,0.220146329506584,0,0,0,0.19347407719109,0.201704897707508,0.24119680339098,0,0
0,0,0.145320504903793,0,0,0,0,0,0,0,0,0,0,0,0,0,0,0,0,0,0.162389967002367,0,0,0,0,0,0,0,0,0,0,0,0,0,0,0,0,0,0,0,0,0,0,0,0,0,0,0,0,0,0.130938902497292,0,0,0,0,0,0.193003751185476,0,0.210323007380376,0,0,0,0,0.181405087001622,0,0,0,0,0,0,0,0,0,0,0,0,0,0,0,0,0,0,0,0,0.192910179495811,0,0
0,0,0,0,0,0,0,0.194435667888872,0,0,0,0,0,0,0,0,0,0,0,0,0,0,0,0,0,0,0,0,0,0,0,0,0,0,0,0,0,0,0,0,0,0,0,0,0,0,0,0,0,0,0,0,0,0,0,0,0,0,0,0,0,0,0,0,0,0,0,0,0,0,0,0,0,0,0,0,0,0,0,0,0,0,0.222126021981239,0,0,0,0
0.158336638162533,0,0.149337664246559,0,0,0,0,0,0.208477522990692,0,0,0,0,0,0.219061300158501,0,0.261736683823444,0,0.150222122137036,0,0,0,0,0,0.174461746817095,0,0.189860468109449,0,0,0,0,0,0,0,0,0,0,0,0.151509430259466,0,0,0,0,0,0,0,0,0.389226526021957,0.258996486663818,0,0,0,0,0,0,0,0.177801226576169,0,0,0,0.220258907400645,0,0,0,0,0,0,0.199916857549777,0,0.146206561475992,0,0,0,0,0,0,0,0,0,0,0,0.168721158300176,0.242010400973942,0,0.163521080088299,0,0
0,0.201347092574341,0,0.147569077182561,0,0.180084481835365,0,0,0,0.16072565772627,0,0,0,0,0,0.201720435172319,0,0.237741693854332,0.23521069756576,0,0,0.274145603179932,0,0.193706096746983,0,0,0,0,0,0,0,0,0,0,0,0,0,0.261633304811582,0.233932147423426,0.191763892769814,0,0.233320051538093,0.287023097276688,0.214236721396446,0,0,0,0.242901604622602,0,0.162716796308492,0,0.205611033572091,0,0,0,0,0,0.228609523177147,0,0,0,0.172578707337379,0,0,0,0,0.27404687966087,0,0,0,0,0,0.250343351878903,0,0,0,0,0,0.321598410606384,0,0.255095867009079,0.275790303945541,0.208456091731456,0.211187392473221,0.204642335596106,0.208504822850227,0
0.283050070206324,0,0.222680278317466,0.275765299797058,0.143298153850165,0,0,0,0.286258279422268,0,0.172251113706564,0,0.130670762221728,0,0,0,0.271276079118252,0.23610907793045,0.281799437504419,0,0.178063281558511,0,0,0,0.289332988361518,0,0,0,0.128217481076717,0,0.14128123720487,0,0,0,0,0,0.145382646077532,0,0.152570043405577,0,0.306225955486298,0.283551171422005,0.283734635028141,0,0.300037413835526,0.283640995621681,0.228640152013873,0.273535192012787,0.242184155084419,0,0,0,0.193003751185476,0,0.177801226576169,0,0,0.323917865753174,0.163826102444104,0,0.245568071802457,0,0,0.265939136592086,0,0,0.307635545730591,0,0,0,0,0,0.330768058697383,0.327647260036962,0,0,0,0,0.319352736075719,0.301676613677825,0.316866974035899,0.172881563695577,0.24514427966224,0.148438428763789,0.303898189341029,0,0.324025481939316
0,0.272622068878263,0.284918159246445,0.227878856771397,0,0.141199842859537,0,0,0,0.269942984978358,0,0.144770075830781,0,0.138228803873062,0,0,0.265099883079529,0.309294471686537,0.298603936296995,0.133837799422989,0,0,0,0,0,0,0,0,0,0.15635350327703,0,0,0,0,0,0.237990963459015,0,0.152193571463989,0.285136491060257,0.26081059128046,0,0.281349544310379,0.296010706159804,0.274222373962402,0,0.252870080371698,0,0,0,0.264795611646711,0,0.19008710616119,0,0,0,0.228609523177147,0.323917865753174,0,0,0.206980024323319,0,0.223779264837503,0.185419220153603,0,0,0,0,0,0,0,0,0,0.236636309891397,0,0,0,0,0,0.307084719340007,0.375762343406677,0.342925995588303,0,0.267630695905492,0.286865331232548,0.241832563178842,0.2998360488929,0
0.238883042117444,0,0,0,0.142301848530769,0,0.208218554655711,0,0.242212645709515,0,0.160675948572367,0,0.164538054409865,0,0,0,0,0,0,0,0.225442787011464,0,0,0,0,0,0,0,0,0,0,0,0,0,0,0,0,0,0.298099407926202,0,0,0,0.365851141255477,0,0,0,0,0,0.220989390809268,0,0,0,0.210323007380376,0,0,0,0.163826102444104,0,0,0,0.193250569980592,0,0,0.244035437170948,0,0,0,0,0,0,0,0,0,0,0,0,0,0,0,0,0,0,0.138279430568218,0.157689908519387,0.335805814456323,0,0
0,0,0,0.188955874870653,0,0.218320205807686,0,0,0,0,0,0.141417212367678,0,0.152385409264926,0,0.214874284863472,0,0,0,0.272685095667839,0,0,0,0,0,0,0,0.187847193330526,0,0,0,0,0,0,0,0.230865224131516,0,0,0,0,0,0,0,0,0,0,0,0,0,0.245255993306637,0,0.236383265748466,0,0,0,0,0,0.206980024323319,0,0,0,0.2139294879003,0,0,0,0,0,0,0,0,0,0,0,0,0,0,0,0,0.241246750950813,0,0,0,0.163967052707449,0.212333927551905,0.267171994372681,0,0
0.217806845659115,0,0,0,0,0,0,0,0.213294833898544,0,0,0,0.197492361068726,0,0.21005696931996,0,0,0,0,0,0,0,0,0,0.197432026267052,0,0,0,0,0,0,0,0,0,0,0,0,0,0.282189071178436,0,0,0,0.359909112254779,0,0,0,0,0,0.204534335851669,0,0,0,0,0,0.220258907400645,0,0.245568071802457,0,0.193250569980592,0,0,0,0,0,0,0,0,0.203768283128738,0,0.171071216464043,0,0,0,0,0,0,0,0,0,0,0,0.259522408246994,0.135495035184754,0,0.328389323031416,0,0
0,0.187712056899634,0,0.193213751239884,0,0.157775431871414,0,0,0,0.187290962040424,0,0,0,0.218634572584887,0,0.232537853040084,0.215222045779228,0,0.226638853549957,0,0,0,0,0.194693943628898,0,0,0,0,0,0,0,0,0,0,0,0,0,0.226263388991356,0,0.229527561614911,0,0.237085368831952,0,0.202916637063026,0,0.21809244426814,0,0,0,0.205397608129756,0,0.22732081583568,0,0,0,0.172578707337379,0,0.223779264837503,0,0.2139294879003,0,0,0,0,0,0,0,0,0,0,0.229901745915413,0,0.235147985629737,0,0,0,0,0,0.268008857965469,0,0.229800432920456,0,0.217360245745356,0.217869408428669,0.206918345980866,0.20375856757164,0
0,0,0,0.295953123615338,0,0,0,0.157953679878661,0,0,0,0.146455943936343,0,0,0,0,0.35248006383578,0.364060446619987,0.370003290772438,0.175537037112987,0,0,0,0,0,0,0,0,0,0,0,0,0,0,0,0.1844683195974,0,0.200670604760611,0,0.228567111898552,0,0.259744870441931,0,0.321281518538793,0,0.230880292378698,0.343091830611229,0,0,0.239982143044472,0,0,0,0,0,0,0,0.185419220153603,0,0,0,0,0,0,0,0,0,0,0,0,0,0,0.254388008379575,0,0,0,0,0,0.23718556490725,0,0.255399744957685,0,0.169303701159566,0.204062116146088,0.237494493235335,0,0
0.359943777322769,0,0.283284369856119,0,0,0,0,0,0.443674763043721,0,0.173374265898019,0,0,0,0,0,0.325600211819013,0,0.339881802201271,0,0.189909364336093,0,0,0,0,0,0,0,0,0,0,0,0,0,0,0,0.165623856943195,0,0.223089007770314,0,0.287392954031626,0,0.323436714270536,0,0,0,0.209328316501797,0,0.284636095166206,0,0.169227535525958,0,0.181405087001622,0,0,0,0.265939136592086,0,0.244035437170948,0,0,0,0,0,0,0,0,0,0,0,0,0,0,0.297571199409889,0,0,0,0,0,0.222599551825338,0,0.265907168085945,0.245943073498111,0,0.243555892828151,0.26777121424675,0.378850743174553
0,0,0,0,0,0,0,0,0,0,0,0,0,0,0,0,0,0.153867870569229,0,0,0,0.162664752406691,0.0910430313511328,0.126265716788016,0,0.162041237408465,0,0.154462270438671,0,0,0,0,0,0,0,0,0,0.182723030748293,0,0,0,0,0,0,0,0,0,0.43493065237999,0,0,0,0,0,0,0,0,0,0,0,0,0,0,0,0,0,0.10451891379697,0.174029676507159,0,0.169272343317668,0,0,0,0,0,0,0,0,0,0,0,0.363204228636973,0,0.125570682470553,0.138921068617847,0,0,0
0,0,0,0,0,0,0,0,0,0,0,0,0,0,0,0,0.131706872582436,0,0,0,0,0.121661822669781,0.15093126765575,0,0.185674519013505,0,0,0,0.142823090155919,0,0,0,0,0,0,0,0,0.272134758532047,0.192544976940793,0,0,0,0.330649346113205,0,0,0,0,0.399711392819881,0.255742193924056,0,0,0,0,0,0,0,0,0,0,0,0,0,0,0,0.10451891379697,0,0,0.234452650961628,0,0.262950114905834,0,0.220307459346732,0,0,0,0,0,0,0,0,0,0.262652403952059,0.123760293740215,0.144412258968634,0.276800867170095,0,0
0,0.193198289503069,0,0.275222539901733,0,0,0,0,0,0.149037860419558,0,0,0,0,0,0,0,0.156232273578644,0.260836005210876,0,0,0.148631491749496,0,0.175896639108473,0,0.159370440244675,0,0,0,0,0,0,0,0,0,0,0,0.237022496518813,0.342680865526199,0,0,0.251357638587554,0.310541898012161,0,0,0,0.256337434053421,0.388757641498859,0.316837131977081,0.230475488636229,0,0,0,0,0,0.27404687966087,0.307635545730591,0,0,0,0,0,0,0,0.174029676507159,0,0,0,0,0,0,0,0.27354508638382,0,0,0,0,0,0,0,0.27851627971472,0,0.206631416644522,0.272267654538155,0.214498945503517,0,0
0,0,0,0,0,0,0,0,0.202160574549394,0,0,0,0,0,0,0,0,0,0,0,0,0,0.137863424155981,0,0.197984085847285,0,0,0,0.178614765405655,0,0,0,0,0,0,0,0,0.358877882361412,0.259352039557664,0,0,0,0,0,0,0,0,0.411155064900716,0.254953866485845,0,0,0,0,0,0.199916857549777,0,0,0,0,0,0.203768283128738,0,0,0,0,0.234452650961628,0,0,0,0.234647715400005,0,0.184766284444115,0,0,0,0,0,0,0,0,0.313891768455505,0.307944375286133,0.208081264890009,0,0.258511206796092,0,0
0,0,0,0,0,0,0,0,0,0.183045726269484,0,0,0,0,0,0,0,0,0,0,0,0.16790278410651,0,0.182637440301285,0,0.167770632719698,0,0,0,0,0,0,0,0,0,0,0,0,0,0,0,0,0,0,0,0,0,0,0,0,0,0,0,0,0,0,0,0,0,0,0,0,0,0,0.169272343317668,0,0,0,0,0,0,0,0,0,0,0,0,0,0,0,0,0,0.144037976861,0,0,0,0
0,0,0,0,0,0,0,0,0,0,0,0,0,0,0.176374513655901,0,0.133217182521727,0,0,0,0,0,0.150931100216177,0,0.166980982828541,0,0.159072074418267,0,0,0,0,0,0,0,0,0,0,0,0.19928164217832,0,0,0,0,0,0,0,0,0,0.264579847455025,0,0,0,0,0,0.146206561475992,0,0,0,0,0,0.171071216464043,0,0,0,0,0.262950114905834,0,0.234647715400005,0,0,0,0.28071391582489,0,0,0,0,0,0,0,0,0,0.24229318309914,0,0,0,0,0
0,0.246043065562844,0,0,0,0,0,0,0,0,0,0,0,0.180839021291052,0,0,0,0,0,0,0,0.144916615600503,0,0,0,0,0,0.141169789031902,0,0.147768170787738,0,0,0,0,0,0,0,0.147496774792671,0,0,0,0.276694099108378,0,0,0,0,0,0,0,0.258653906484445,0,0,0,0,0,0,0,0,0,0,0,0.229901745915413,0,0,0,0,0,0,0,0,0,0,0.157817244529724,0,0,0,0,0,0,0,0,0,0.173088196251127,0,0.262353330850601,0,0
0,0,0,0,0,0,0,0,0,0,0,0,0.126615370313327,0,0,0,0,0,0,0,0,0,0.155113734304905,0,0,0,0,0,0.160169876638617,0,0.132435097262777,0,0,0,0,0,0,0,0.171487503630273,0,0,0,0,0,0,0,0,0,0,0,0,0,0,0,0,0,0,0,0,0,0,0,0,0,0,0.220307459346732,0,0.184766284444115,0,0.28071391582489,0,0,0,0.198152636106198,0,0,0,0,0,0,0,0.221464426671093,0.154048153758049,0,0,0,0
0,0.310929620574261,0.279983580112457,0.275622385928686,0,0,0,0,0,0.273709117758031,0,0.164567081964528,0,0,0,0,0.306084892264119,0.322631862967513,0.324054646072909,0,0,0,0,0,0,0,0,0.156114031161581,0,0.178837915947958,0,0,0,0,0,0,0,0.133716448233988,0.318664133548737,0.280635312613514,0,0.296068033751319,0.306976110984882,0.287783699208184,0,0.258164321668714,0.316947281360626,0,0.329149842262268,0.300505333363193,0,0.26694792509079,0,0,0,0.250343351878903,0.330768058697383,0.236636309891397,0,0,0,0.235147985629737,0.254388008379575,0,0,0,0.27354508638382,0,0,0,0.157817244529724,0,0,0.299461007118225,0,0,0,0,0.345327204587508,0.325367413461208,0.346492503495777,0.309044599533081,0.310906393585968,0.250826175723757,0.298660135841217,0.327976916055634,0
0.236757025122643,0,0.254587443995065,0.349250286817551,0,0,0,0,0.303932417416945,0,0.155042732210179,0,0,0,0,0,0.282822489738464,0,0.307396482872336,0,0,0,0,0,0.205823734402657,0,0,0,0,0,0.153139161877334,0,0,0,0,0,0,0,0.148438910428387,0,0.275954037904739,0.289805114269257,0.248387302603298,0,0,0,0.314115197342985,0,0.269030464363509,0.316217392683029,0.234626740217209,0,0,0,0,0,0.327647260036962,0,0,0,0,0,0,0.297571199409889,0,0,0,0,0,0,0,0.198152636106198,0.299461007118225,0,0,0,0,0,0,0.290828923384349,0,0.21463018655777,0.287797955601285,0,0.310751941368988,0,0.31499520689249
0,0,0,0,0,0,0,0,0,0,0,0,0,0,0,0,0,0,0,0,0,0,0,0,0,0,0,0,0,0,0,0.188735795591327,0.139709649607539,0.248771218955517,0,0.17716695377842,0,0,0,0,0,0,0,0,0,0,0,0.31522035922059,0,0,0,0,0,0,0,0,0,0,0,0,0,0,0,0,0,0,0,0,0,0,0,0,0,0,0,0.129536298724512,0.240043235278269,0,0.237327551336161,0,0,0,0,0,0,0,0
0,0,0,0,0,0,0,0,0,0,0,0,0,0,0,0,0,0,0,0,0,0,0,0,0,0,0,0,0,0,0,0.13401601081714,0.154536468495388,0.167461641132832,0.223071537911892,0,0.136191173891226,0,0,0,0,0,0,0,0,0,0,0,0,0,0,0,0,0,0,0,0,0,0,0,0,0,0,0,0,0,0,0,0,0,0,0,0,0,0.129536298724512,0,0.189220324158669,0.293802665612588,0,0.253621973203257,0,0,0,0,0,0,0
0,0,0,0,0,0,0,0,0,0,0,0,0,0,0,0,0,0,0,0,0,0,0,0,0,0,0,0,0,0,0,0.256505486978726,0.19131433069706,0.171550535257138,0.160157978721742,0.146049545679747,0,0.149631075028862,0.138342592037386,0,0,0,0,0,0,0,0,0.154383457406541,0,0,0,0,0,0,0,0,0,0,0,0,0,0,0,0,0,0,0,0,0,0,0,0,0,0,0.240043235278269,0.189220324158669,0,0.164681804701319,0.192224425201615,0,0.255112548573659,0.127132980152965,0.122088719785213,0,0,0,0
0,0,0,0,0,0,0,0,0,0,0,0,0,0,0,0,0,0,0,0,0,0,0,0,0,0,0,0,0,0,0,0,0,0.162358443816408,0.18363192230823,0,0.161535995728944,0,0.13992207811067,0,0,0,0,0,0,0,0,0.192140232523282,0,0,0,0,0,0,0,0,0,0,0,0,0,0,0,0,0,0,0,0,0,0,0,0,0,0,0,0.293802665612588,0.164681804701319,0,0,0.234804820538894,0,0.289402303762794,0.178034950392666,0,0,0,0
