0,0.201806957523028,0.211818457207702,0,0.18012588173151,0,0,0,0.164538233109104,0,0,0,0,0,0.131203964352608,0,0.304487035388038,0.233156984051069,0.273320732754229,0,0.418675243854523,0,0,0.239050349363914,0.161282511915152,0,0,0,0,0,0,0,0,0,0,0,0.272057801485062,0.231518030166626,0.174642073611418,0.269130229949951,0.361819792538881,0.276678095261256,0.284050578800636,0,0,0.297325428575277,0.295120142273984,0,0.273795009857556,0.259982086718082,0.165356338024139,0,0,0,0.157194637898105,0,0.316589057784189,0,0.261500407542501,0,0.209867197634845,0,0.270844042301178,0.417377881705761,0,0,0.244109079241753,0.164726673672765,0,0.143531292676926,0,0,0,0.313780825585127,0,0,0,0,0,0.395010992884636,0.234474630774678,0.402174421719142,0.263547205208429,0.275778323411942,0.361261299316898,0,0
0.201806957523028,0,0,0.235452729662259,0,0.2399742603302,0,0,0.290758222341537,0.196928382736516,0,0,0,0,0,0.166345983034088,0.259287333488464,0.323858928349283,0.240295140283335,0,0,0,0,0.227008208632469,0,0,0,0,0,0,0,0,0,0,0,0,0,0,0.241621817772587,0.267081708461046,0.26660467684269,0.282317361756328,0.243652752467564,0,0,0.284540664756073,0.311329109801186,0,0.268978368490934,0.281952085088022,0,0,0,0,0,0.164330054054389,0,0.219483643770218,0,0,0,0.180188484489918,0.339091041258403,0,0,0,0.159811350432309,0.316417505343755,0,0,0.242245316505432,0,0.260081641376019,0,0,0,0,0,0.364215609927972,0.314286361138026,0.225513262053331,0.27591735959053,0.246710265382923,0.242035600272092,0.325227658084993,0,0
0.211818457207702,0,0,0,0.142196777074233,0,0,0,0.188539156817818,0,0,0,0,0,0,0,0.239219838753343,0.232296612113714,0.23119404349687,0,0.142591774463654,0,0,0,0.220850662887096,0,0,0,0,0,0,0,0,0,0,0.240605562925339,0.204363027685567,0,0,0.250698208808899,0.229223217943619,0.271063253283501,0.252276603194822,0,0,0.282165229320526,0.250515989902365,0,0.18778694954747,0,0.148216612581442,0,0,0,0.21982168585062,0,0.150663626619748,0,0.161383548608193,0,0,0,0.21917299926281,0.25401396676898,0,0,0,0.227753803133965,0,0,0,0,0,0.279879833261172,0,0,0,0,0.276321272055308,0.25037881006033,0.252550214529037,0.374821742375692,0.255690998766157,0.20386196821928,0.233456291562339,0,0.216532255212466
0,0.235452729662259,0,0,0,0.159368355574802,0,0,0,0.158718742812291,0,0.195043416321278,0,0,0,0,0.242155823111534,0.252915476759275,0.240727289239081,0,0,0,0,0.303892731666565,0,0,0,0,0,0,0,0,0,0,0,0.21810469776392,0,0.330686748027802,0.288319420069456,0.223856333942934,0.227467492222786,0.249595979676771,0.230113349854946,0,0,0.251670991165051,0.250708022287914,0,0,0.224580275616399,0,0.199211317071137,0,0,0,0.201304480433464,0,0.186557859182358,0,0.245102960084166,0,0.217585306614637,0.227777101099491,0.237330004572868,0,0,0.318194404244423,0.299526035785675,0,0,0.221587424476941,0,0.201889246702194,0,0,0,0,0,0.235170117020607,0,0,0.283685281872749,0.233184409227303,0.244129026929537,0.242714273175974,0,0
0.18012588173151,0,0.142196777074233,0,0,0,0,0,0.138707780838013,0,0,0,0,0,0,0,0.231417536735535,0,0.212888091802597,0,0.166142970627668,0,0,0,0,0,0,0,0,0,0,0,0,0,0,0,0.168924311087245,0,0,0,0.197048651675383,0,0.228235021233559,0,0,0,0.219105944037437,0,0.205973929166794,0,0.154912006860677,0,0.105456203222275,0,0.236036598682404,0,0.230719938874245,0,0.233409628272057,0,0,0,0,0.157469121118387,0,0,0,0,0,0,0,0,0,0,0,0,0,0,0.216203853487968,0.158662623415391,0.233467280864716,0,0.174411600871273,0.178293293341994,0.1758281031847,0,0
0,0.2399742603302,0,0.159368355574802,0,0,0,0,0,0.144423854071647,0,0.169445242318842,0,0,0,0,0,0,0.209773233532906,0.150536541711716,0,0,0,0,0,0,0,0,0,0,0,0,0,0,0,0.163253292441368,0,0,0,0.22388106584549,0,0.221289372962454,0,0,0,0.252304084599018,0.229770287871361,0,0,0.132254242897034,0,0.142596856422852,0,0.153312063502038,0,0.139119420200586,0,0.162799914500543,0,0.135143836494535,0,0.141480299333731,0,0,0,0,0,0,0,0,0,0,0,0,0,0,0,0,0.190932902225921,0.279506385326385,0,0,0.168092505529869,0.178929499453968,0.179523438469976,0,0
0,0,0,0,0,0,0,0,0,0,0.127132460474968,0,0.149563693423878,0,0,0,0,0,0,0,0.133023382272831,0,0,0,0,0,0,0,0,0,0,0,0,0,0,0,0,0,0,0,0,0,0,0,0,0,0,0,0,0,0,0,0.169344703480601,0,0,0,0.130299272222651,0,0.13006361617196,0,0,0,0,0,0,0,0,0,0,0,0,0,0,0,0,0,0,0,0,0,0,0,0.141598949318423,0.205537976963179,0,0,0
0,0,0,0,0,0,0,0,0,0,0,0,0,0.238152265548706,0,0,0,0,0,0.180577639563411,0,0,0,0,0,0,0,0,0,0,0,0,0,0,0,0.155442764982581,0,0,0,0,0,0,0,0,0,0,0,0,0,0,0,0.146230429410934,0,0.139923570383536,0,0,0,0.136163832775007,0,0.159986866638064,0,0,0.13336169719696,0,0,0,0,0,0,0,0,0,0,0,0,0,0,0,0,0,0,0,0.18092437049276,0,0,0,0
0.164538233109104,0.290758222341537,0.188539156817818,0,0.138707780838013,0,0,0,0,0,0,0,0,0,0.154661988952016,0,0.255052765033075,0.275624334812164,0.253796781382419,0,0,0,0,0,0.145167386207061,0,0.17834421570571,0,0,0,0,0,0,0,0,0,0,0,0.141981071068181,0.304327517747879,0.315999115055258,0.31203219294548,0.233511524115802,0,0,0.288503849506378,0.279550834212984,0,0.264279894530773,0.257232934236526,0,0,0,0,0.155717702677189,0,0.243358878684895,0,0,0,0.160659263866596,0,0.248389706015587,0.344394668936729,0,0,0,0.145059866949599,0,0,0,0.257246941328049,0,0.288153698598897,0,0,0,0,0,0.335431068142255,0,0.325432489315669,0.194276438741824,0.176745587069055,0.275298612651887,0,0.21587973319251
0,0.196928382736516,0,0.158718742812291,0,0.144423854071647,0,0,0,0,0,0.164074614644051,0,0,0,0.168833849894853,0.275050550699234,0.224513423562788,0.23434870097102,0,0,0,0,0.258672726345795,0,0,0,0,0,0,0,0,0,0,0,0,0,0.275178824974732,0,0.243788784742355,0,0.243495426398872,0,0,0,0.261105135083199,0.253268629312515,0,0,0.264217396964655,0,0.133619409054518,0,0,0,0.150081231799508,0,0.208945900201797,0,0,0,0.152137383341025,0.232615891844034,0,0,0,0.254292176105082,0,0,0,0.278524249792099,0,0.269101003805796,0,0,0,0,0,0.252871245145798,0.281283617019653,0.309384275493877,0.317598044872284,0.217339383894413,0.208218781254729,0.247290316354675,0,0
0,0,0,0,0,0,0.127132460474968,0,0,0,0,0,0.167261724508079,0,0,0,0,0,0,0,0.143491508127167,0,0,0,0,0,0,0,0,0,0.159969511959288,0,0,0,0,0,0.149118718480208,0,0.14458333037328,0,0,0,0,0,0,0,0,0,0,0,0,0,0,0,0,0,0.154697494810142,0,0.168629498764983,0,0,0,0,0.1334104721009,0,0,0,0,0,0,0,0,0,0.145875088727638,0,0,0,0,0,0.155847985297441,0,0,0.164981669050672,0.1650259099408,0.17332219829162,0,0
0,0,0,0.195043416321278,0,0.169445242318842,0,0,0,0.164074614644051,0,0,0,0.165341730319685,0,0,0,0,0,0.175306231809768,0,0,0,0,0,0,0,0,0,0.157640517822334,0,0,0,0,0,0.152267598648473,0,0.150590936604299,0,0,0,0,0,0,0,0,0,0,0,0,0,0.165992634991805,0,0.127264857292175,0,0,0,0.159306080556742,0,0.174619130628264,0,0,0.17124114352038,0,0,0,0,0,0,0,0.208790683746338,0,0.166594055488827,0,0,0,0,0,0.167893022298813,0,0.171614788472652,0,0.172800577910089,0.140036217868328,0.179775634207405,0,0
0,0,0,0,0,0,0.149563693423878,0,0,0,0.167261724508079,0,0,0,0,0,0,0,0,0,0,0,0,0,0,0,0,0,0.165844400139416,0,0,0,0,0,0,0,0,0,0,0,0,0,0,0,0,0,0,0,0,0,0,0,0.151899427175522,0,0,0,0.15985481141285,0,0.17185583055891,0,0,0,0,0,0,0,0,0,0,0,0,0.168605565315201,0,0,0,0,0,0,0,0,0,0,0.170388791650053,0.188954730690099,0,0,0
0,0,0,0,0,0,0,0.238152265548706,0,0,0,0.165341730319685,0,0,0,0,0,0,0,0,0,0,0,0,0,0,0,0.173868127167225,0,0,0,0,0,0,0,0,0,0,0,0,0,0,0,0,0,0,0,0,0,0,0,0,0,0,0,0,0,0.242789834737778,0,0.179367483440173,0,0,0,0,0,0,0,0,0,0,0,0,0,0,0,0,0,0,0,0,0,0,0.177694341238765,0.2075006392113,0,0,0
0.131203964352608,0,0,0,0,0,0,0,0.154661988952016,0,0,0,0,0,0,0,0.195059661598255,0,0,0,0,0,0,0,0,0,0.170191620786985,0,0,0,0,0,0,0,0,0,0,0,0,0,0,0,0,0,0,0,0,0,0,0,0,0,0,0,0.164933706323306,0,0,0,0,0,0.152381522234354,0,0,0,0,0,0,0,0,0.140531364880817,0,0,0,0,0,0,0,0,0,0,0,0,0.131279376312275,0.17721709723656,0,0,0
0,0.166345983034088,0,0,0,0,0,0,0,0.168833849894853,0,0,0,0,0,0,0,0.149037011287695,0,0,0,0,0,0,0,0.16323787623491,0,0,0,0,0,0,0,0,0,0,0,0,0,0.208486914634705,0,0.211911037564278,0,0,0,0.19220794737339,0,0,0,0.204326462532793,0,0,0,0,0,0.149456733121322,0,0,0,0,0,0.175156541346235,0,0,0,0,0,0,0.169777432084084,0,0,0,0,0,0,0,0,0,0,0,0,0,0.143117930540274,0.145048153272697,0.288328155875206,0,0
0.304487035388038,0.259287333488464,0.239219838753343,0.242155823111534,0.231417536735535,0,0,0,0.255052765033075,0.275050550699234,0,0,0,0,0.195059661598255,0,0,0.161743000653334,0.2109766914263,0,0,0,0.128544913361902,0,0.246479362249374,0,0.13938164899404,0,0,0,0,0,0,0,0,0,0,0,0,0.251136302722223,0.266238497942686,0.25175896803538,0.231542815764745,0,0,0.269059790663384,0.266341038306669,0,0,0.274850052046148,0,0,0,0,0.210882816463709,0,0,0,0,0,0,0,0.287445043524106,0.307831425964832,0,0,0,0,0,0.143487893735981,0,0,0.332068175077438,0.338999539613724,0,0,0,0,0.316104128172523,0.325141834079727,0,0.338961023837328,0.218448750500118,0.163272323987628,0.300690037128898,0,0.222120269139608
0.233156984051069,0.323858928349283,0.232296612113714,0.252915476759275,0,0,0,0,0.275624334812164,0.224513423562788,0,0,0,0,0,0.149037011287695,0.161743000653334,0,0.210933633965463,0,0,0.180044910311699,0,0.224101765155792,0,0.16044793754138,0,0,0,0,0,0,0,0,0,0,0,0.237393286493089,0,0.252344925139771,0.251616693205304,0.249624102666814,0.229511787665301,0,0,0.26545180539483,0.256582529062317,0,0,0.264644040203676,0,0,0,0,0,0,0,0,0,0,0,0.138488020786705,0.267777527017253,0.262167423963547,0.167647187309019,0,0.170225843787193,0,0.173040145209857,0,0,0,0,0.232195690274239,0,0,0,0,0.298145110408465,0.299675806918565,0.276228328997439,0.342308213313421,0.210936318481222,0.15226683649586,0.284838880816128,0.220767086744308,0.201311603188515
0.273320732754229,0.240295140283335,0.23119404349687,0.240727289239081,0.212888091802597,0.209773233532906,0,0,0.253796781382419,0.23434870097102,0,0,0,0,0,0,0.2109766914263,0.210933633965463,0,0,0.320309802889824,0,0,0.151436200036722,0.252008224527041,0,0,0,0,0,0,0,0,0,0,0,0,0,0.273017476002375,0.242122018230315,0.246834120493828,0.187066612159819,0.182324574687901,0.142471238970757,0,0.272110440189616,0.268903249844547,0,0.227829630176226,0.263438494838625,0,0,0,0,0.274198158429219,0.219776892662048,0.235230647027493,0.25186719596386,0.222828805446625,0,0,0,0.286700921735369,0.263761497537295,0,0,0.224548794329166,0.241996628046036,0,0,0,0.257929034531116,0.298678383231163,0.256452820450068,0,0,0,0,0.282409506719163,0.30366091801439,0,0.345321727737989,0.192600639496052,0.191745380570412,0.277480569914796,0.183986735564691,0.173674184166396
0,0,0,0,0,0.150536541711716,0,0.180577639563411,0,0,0,0.175306231809768,0,0,0,0,0,0,0,0,0,0,0,0,0,0,0,0,0,0,0,0,0,0,0,0.176210976482552,0,0,0,0.161025843024254,0,0,0,0,0,0,0,0,0,0,0,0.159182579546678,0,0.181597003340721,0,0,0,0.146317716254286,0,0,0,0,0.159656200424342,0,0,0,0,0,0,0,0,0,0.194109383970499,0,0,0,0,0,0.183620525868076,0,0,0,0.167913518056474,0.207192897796631,0.206250585828509,0,0
0.418675243854523,0,0.142591774463654,0,0.166142970627668,0,0.133023382272831,0,0,0,0.143491508127167,0,0,0,0,0,0,0,0.320309802889824,0,0,0,0,0,0,0,0,0,0,0,0,0,0,0,0,0,0.176278343480418,0,0.122006480095896,0,0,0,0.21453273025426,0,0,0,0.32696700325379,0,0.219847455620766,0,0.15937261672376,0,0.147660538554192,0,0,0,0.146216126538502,0,0,0,0,0,0,0.166695109377234,0,0,0,0,0,0,0,0,0,0,0,0,0,0,0,0.192804196783945,0,0,0.164468217628861,0.183306329697371,0.172418963270528,0,0
0,0,0,0,0,0,0,0,0,0,0,0,0,0,0,0,0,0.180044910311699,0,0,0,0,0.127821013533412,0.213221549511875,0,0.2568889604165,0,0.162628888784509,0,0,0,0,0,0,0,0,0,0.285753162824523,0.157600627292561,0,0,0,0,0,0,0,0,0,0,0.349554262506334,0,0,0,0,0,0,0,0,0,0,0,0,0,0,0.167945455305489,0.117087104188544,0.176450806858441,0,0,0,0.174238840446753,0,0,0,0,0,0,0,0,0,0.392536142929313,0.165525060536256,0.152824928557657,0.167656390285399,0,0,0
0,0,0,0,0,0,0,0,0,0,0,0,0,0,0,0,0.128544913361902,0,0,0,0,0.127821013533412,0,0,0.301045628410319,0,0,0,0.136941567876122,0,0,0,0,0,0,0,0,0.187487915158272,0.277552016444759,0,0,0,0,0,0,0,0,0,0.343395258915626,0,0,0,0,0,0,0,0,0,0,0,0,0,0,0,0.0975645986720196,0.150505944626308,0,0.182140109876932,0,0.192420711335929,0,0.131638665018337,0,0,0,0,0,0,0,0,0.403588384389877,0.271083247893065,0.157341693039993,0.139407992506256,0.490775763988495,0,0
0.239050349363914,0.227008208632469,0,0.303892731666565,0,0,0,0,0,0.258672726345795,0,0,0,0,0,0,0,0.224101765155792,0.151436200036722,0,0,0.213221549511875,0,0,0.462250024080276,0.244078220006747,0,0,0,0,0,0,0,0.162563100457191,0,0,0,0.299488154901174,0.308390777670976,0.32012876868248,0,0.347526572408184,0.337537676095963,0,0,0.281803518533707,0,0,0.381398713588715,0.325815285603374,0,0,0,0,0,0.136034890945651,0.27738744020462,0,0,0,0,0.204201489686966,0,0,0.224560662707004,0,0.254897540464475,0.369331588347753,0.207846704583902,0.381881684064865,0,0,0,0,0,0,0,0,0,0,0.324055193997836,0.359088207153898,0.248039304853145,0.357184905144903,0.282461136579514,0,0
0.161282511915152,0,0.220850662887096,0,0,0,0,0,0.145167386207061,0,0,0,0,0,0,0,0.246479362249374,0,0.252008224527041,0,0,0,0.301045628410319,0.462250024080276,0,0,0.238753518972557,0,0,0,0,0,0,0,0,0,0,0.530483424663544,0.296413039558389,0,0,0,0.282198876142502,0,0,0,0,0,0.49542351949108,0,0,0,0,0,0.129929930511918,0,0.292522639036179,0,0,0,0.200677692890167,0,0,0,0,0.155340242867518,0,0.220660364421153,0,0.20446189031469,0,0.545194745063782,0,0,0,0,0,0,0,0,0.473690351614585,0.280477654071652,0.22611460070766,0.558120083063841,0.240411623166158,0,0
0,0,0,0,0,0,0,0,0,0,0,0,0,0,0,0.16323787623491,0,0.16044793754138,0,0,0,0.2568889604165,0,0.244078220006747,0,0,0,0,0,0,0,0,0,0,0,0,0,0.270241627558356,0.301306068897247,0,0,0,0,0,0,0,0,0,0,0.293767984542582,0,0,0,0,0,0,0,0,0,0,0,0.157924929261208,0,0,0.219861425459385,0,0.248997947562942,0,0.164468560486775,0,0,0,0,0,0,0,0,0,0,0,0.286381750057141,0,0.213324383397897,0,0,0,0
0,0,0,0,0,0,0,0,0.17834421570571,0,0,0,0,0,0.170191620786985,0,0.13938164899404,0,0,0,0,0,0,0,0.238753518972557,0,0,0,0,0,0,0,0,0,0,0,0,0,0.292726476987203,0,0,0,0,0,0,0,0,0,0,0,0,0,0,0,0,0,0,0,0,0,0,0,0,0,0,0,0,0.225164287261606,0,0.169455113482307,0,0.172585776931531,0,0,0,0,0,0,0,0,0,0.311910029839386,0.169404407212802,0.499936908483505,0,0,0
0,0,0,0,0,0,0,0,0,0,0,0,0,0.173868127167225,0,0,0,0,0,0,0,0.162628888784509,0,0,0,0,0,0,0,0.159521845834596,0,0,0,0,0,0,0,0.179045457806852,0,0,0,0,0,0,0,0,0,0,0,0,0,0,0,0,0,0,0,0,0,0.171737701321642,0,0,0,0,0.177547927413668,0,0,0,0,0,0.170467559474549,0,0.176310549179713,0,0,0,0,0,0,0,0,0,0.171692381700459,0.175627059251332,0,0,0
0,0,0,0,0,0,0,0,0,0,0,0,0.165844400139416,0,0,0,0,0,0,0,0,0,0.136941567876122,0,0,0,0,0,0,0,0,0,0,0,0,0,0,0,0,0,0,0,0,0,0,0,0,0,0,0,0,0,0,0,0,0,0.15733959376812,0,0.159660209292247,0,0,0,0,0,0,0.146937737862269,0,0,0,0.175457909703255,0,0.186103863850211,0,0,0,0,0,0,0,0,0,0,0.164947750255446,0.17944370663796,0,0,0
0,0,0,0,0,0,0,0,0,0,0,0.157640517822334,0,0,0,0,0,0,0,0,0,0,0,0,0,0,0,0.159521845834596,0,0,0,0,0,0,0,0,0,0.158789181874858,0,0,0,0,0,0,0,0,0,0,0,0,0,0,0,0,0,0,0,0.16473109771808,0,0,0,0,0,0,0,0,0,0,0,0,0.148285709321499,0,0.174434001621318,0,0,0,0,0,0,0,0.163244361347622,0,0.164345052507189,0.174766927957535,0,0,0
0,0,0,0,0,0,0,0,0,0,0.159969511959288,0,0,0,0,0,0,0,0,0,0,0,0,0,0,0,0,0,0,0,0,0,0,0,0,0,0,0,0.155007878318429,0,0,0,0,0,0,0,0,0,0,0,0,0,0,0,0,0,0.128894967133882,0,0,0,0,0,0,0,0,0,0,0,0,0,0,0.218408240299476,0,0.175319242950118,0,0,0,0,0,0,0,0,0.150521783743586,0.157010115466072,0,0,0
0,0,0,0,0,0,0,0,0,0,0,0,0,0,0,0,0,0,0,0,0,0,0,0,0,0,0,0,0,0,0,0,0.149379716468051,0.16614358602993,0.128933561796492,0.200721288946542,0.145753469525112,0,0,0,0,0,0,0,0,0,0,0.153260255386632,0.152747237847911,0,0,0,0,0,0,0,0,0,0,0,0,0,0,0,0,0,0,0,0,0,0,0,0,0,0.143450312829115,0.12584244040372,0.143167523294687,0,0.148383422249771,0,0,0,0.12806522694882,0,0,0,0
0,0,0,0,0,0,0,0,0,0,0,0,0,0,0,0,0,0,0,0,0,0,0,0,0,0,0,0,0,0,0,0.149379716468051,0,0.145930753089488,0.246094024878867,0.1946380830926,0.25878971657663,0,0,0,0,0,0,0,0,0,0,0.262060329470514,0.328235056251287,0.248323451840516,0,0,0,0,0,0,0,0,0,0,0,0,0,0,0,0,0,0,0,0,0,0,0,0,0.139920342378228,0.169716667660745,0.130386869112651,0.276458637958223,0.19738045334816,0.241373056545854,0,0,0.134599081460078,0,0,0,0
0,0,0,0,0,0,0,0,0,0,0,0,0,0,0,0,0,0,0,0,0,0,0,0.162563100457191,0,0,0,0,0,0,0,0.16614358602993,0.145930753089488,0,0.167008730658093,0.144659366914265,0.111315895193889,0.182436266334246,0.363095424222675,0,0,0,0,0,0,0,0,0.200990786046614,0.411194205284119,0,0,0,0,0,0,0,0,0,0,0,0,0,0,0,0,0,0,0,0,0,0,0,0,0,0.159653408328692,0.132484515508016,0.178409267979089,0.181302118079721,0.15233440023093,0,0.197303483571953,0,0.159638377716978,0.145207052429517,0,0,0
0,0,0,0,0,0,0,0,0,0,0,0,0,0,0,0,0,0,0,0,0,0,0,0,0,0,0,0,0,0,0,0.128933561796492,0.246094024878867,0.167008730658093,0,0,0,0.180960024542668,0.191384870558977,0,0,0,0,0,0,0,0,0.177047868655331,0,0,0,0,0,0,0,0,0,0,0,0,0,0,0,0,0,0,0,0,0,0,0,0,0,0,0,0.25207544206165,0.166722654881909,0.173652415178771,0,0,0.206966534256935,0.182327801982562,0.155509843198705,0.168523768583934,0,0,0
0,0,0.240605562925339,0.21810469776392,0,0.163253292441368,0,0.155442764982581,0,0,0,0.152267598648473,0,0,0,0,0,0,0,0.176210976482552,0,0,0,0,0,0,0,0,0,0,0,0.200721288946542,0.1946380830926,0.144659366914265,0,0,0.161317587590273,0.194230391801178,0.0942035019397736,0.156285089839782,0,0.21294887860616,0,0,0,0,0,0.224559518694878,0.388274908065796,0,0,0,0,0,0,0,0,0.146426118186542,0,0,0,0,0.167171910344952,0,0,0,0,0,0,0,0,0,0,0,0.137416903268207,0.23388449581606,0.124107394367456,0,0.164509523333284,0.192117579860702,0.187711978182318,0,0.187546345184663,0.20617672409049,0.169230194490277,0,0
0.272057801485062,0,0.204363027685567,0,0.168924311087245,0,0,0,0,0,0.149118718480208,0,0,0,0,0,0,0,0,0,0.176278343480418,0,0,0,0,0,0,0,0,0,0,0.145753469525112,0.25878971657663,0.111315895193889,0,0.161317587590273,0,0,0.126292487545535,0,0.178123555400155,0,0.238756686607574,0,0,0,0,0.294304778608374,0.253975868225098,0,0.170758123199145,0,0,0,0,0,0.167577643581273,0,0,0,0,0,0,0.176637491061932,0,0,0,0,0,0,0,0,0,0,0.150504230737686,0.276441772535346,0.106022594869137,0,0.16800469693098,0.171475547930884,0,0.117124493730871,0.159186767955579,0.187348137554356,0.191459312660234,0,0
0.231518030166626,0,0,0.330686748027802,0,0,0,0,0,0.275178824974732,0,0.150590936604299,0,0,0,0,0,0.237393286493089,0,0,0,0.285753162824523,0.187487915158272,0.299488154901174,0.530483424663544,0.270241627558356,0,0.179045457806852,0,0.158789181874858,0,0,0,0.182436266334246,0.180960024542668,0.194230391801178,0,0,0.201159973720405,0,0,0.374083820697481,0.339001312851906,0,0,0,0,0.56697958458798,0.400434528787931,0.373798372641657,0,0,0,0,0,0.330637603998184,0,0.168066187451283,0,0,0,0,0,0,0.227594300421006,0,0.26663897677939,0.507154573996862,0,0,0,0,0.16097886065642,0,0,0,0.220562420008373,0.180957053270605,0.185373563865392,0,0.200704949478272,0.188495816800203,0.331933571710817,0.515669024161087,0.341421850025654,0,0
0.174642073611418,0.241621817772587,0,0.288319420069456,0,0,0,0,0.141981071068181,0,0.14458333037328,0,0,0,0,0,0,0,0.273017476002375,0,0.122006480095896,0.157600627292561,0.277552016444759,0.308390777670976,0.296413039558389,0.301306068897247,0.292726476987203,0,0,0,0.155007878318429,0,0,0.363095424222675,0.191384870558977,0.0942035019397736,0.126292487545535,0.201159973720405,0,0,0,0.257816560566425,0.30077069231442,0,0,0,0.32343065738678,0.566999529074745,0.433117057279998,0.288049064576626,0,0,0,0,0.150195100158453,0.236062154173851,0.138552201121145,0,0,0,0,0,0,0.274129093477601,0,0.171713288208204,0.277288643187947,0.25716070686239,0,0.364723488688469,0,0,0,0.140606549194479,0,0,0,0.176808167445032,0,0.123102449625731,0.237924955840464,0.187425836826638,0.37460301312156,0.40697175461524,0.307358421683311,0,0
0.269130229949951,0.267081708461046,0.250698208808899,0.223856333942934,0,0.22388106584549,0,0,0.304327517747879,0.243788784742355,0,0,0,0,0,0.208486914634705,0.251136302722223,0.252344925139771,0.242122018230315,0.161025843024254,0,0,0,0.32012876868248,0,0,0,0,0,0,0,0,0,0,0,0.156285089839782,0,0,0,0,0.399672595517976,0.220973626062384,0.225977717339993,0,0,0.235073645978397,0.265586442624529,0.49933552245299,0.473878647756139,0.213424444374211,0,0,0,0,0,0,0,0,0,0,0,0,0.193363526335327,0.27714216709137,0,0,0,0,0,0,0,0,0,0,0,0.477221012115479,0,0,0.167439237209314,0.281282697405134,0,0.298402577638626,0.22169832067222,0.21309348414926,0.227103290101712,0.197371132671833,0.19514898955822
0.361819792538881,0.26660467684269,0.229223217943619,0.227467492222786,0.197048651675383,0,0,0,0.315999115055258,0,0,0,0,0,0,0,0.266238497942686,0.251616693205304,0.246834120493828,0,0,0,0,0,0,0,0,0,0,0,0,0,0,0,0,0,0.178123555400155,0,0,0.399672595517976,0,0.342534310839794,0.232561228565345,0,0,0.280902441252362,0.251550146639347,0.466104106469588,0.29248774815883,0.500525131411509,0,0,0,0,0.289729654788971,0,0.219263099133968,0,0.204976357519627,0,0,0,0,0.210510080025534,0,0,0,0,0,0,0,0.285436898469925,0,0,0,0,0,0,0.319684838255246,0.161145520072292,0,0.317720578983426,0.246987340275113,0.255891689232418,0.26437629860086,0,0.247694258888563
0.276678095261256,0.282317361756328,0.271063253283501,0.249595979676771,0,0.221289372962454,0,0,0.31203219294548,0.243495426398872,0,0,0,0,0,0.211911037564278,0.25175896803538,0.249624102666814,0.187066612159819,0,0,0,0,0.347526572408184,0,0,0,0,0,0,0,0,0,0,0,0.21294887860616,0,0.374083820697481,0.257816560566425,0.220973626062384,0.342534310839794,0,0.327270209216155,0,0,0.23729192233118,0.259166175799985,0.412556973231189,0.424686825961518,0.288776164562247,0,0.227033708244562,0,0,0,0.233514040708542,0,0.239812801281611,0,0,0,0.223933711647987,0.25230320583988,0.292846754193306,0,0,0.332877325530975,0,0,0,0.272034384310246,0,0.301436312172724,0,0,0,0,0,0.234910077475584,0.284777199228605,0.375553194391594,0.300322830677032,0.273335913150052,0.309021777340344,0.257843758145947,0.205486300366896,0.207840422789256
0.284050578800636,0.243652752467564,0.252276603194822,0.230113349854946,0.228235021233559,0,0,0,0.233511524115802,0,0,0,0,0,0,0,0.231542815764745,0.229511787665301,0.182324574687901,0,0.21453273025426,0,0,0.337537676095963,0.282198876142502,0,0,0,0,0,0,0,0,0,0,0,0.238756686607574,0.339001312851906,0.30077069231442,0.225977717339993,0.232561228565345,0.327270209216155,0,0,0,0.235755788683891,0.222300048574508,0.370690083131194,0.317171143978923,0.376516709507328,0.237652260203694,0,0,0,0.227598968606729,0,0.308248489812205,0,0.246969376859211,0,0.309873759746552,0,0.217409426967303,0.227136380313074,0,0,0.309501719474792,0.265783449014028,0,0,0,0.298182722181082,0,0.306314908533261,0,0,0,0,0.279115181948457,0.218999509726966,0.354576196359551,0.319869885040868,0.310786053164936,0.259883756222932,0.251489279627795,0,0.256559294399916
0,0,0,0,0,0,0,0,0,0,0,0,0,0,0,0,0,0,0.142471238970757,0,0,0,0,0,0,0,0,0,0,0,0,0,0,0,0,0,0,0,0,0,0,0,0,0,0,0.301676422357559,0,0,0,0,0,0,0,0,0,0,0,0,0,0,0,0,0,0,0,0,0,0,0,0,0,0,0,0,0,0,0,0,0,0,0,0,0,0,0,0,0
0,0,0,0,0,0,0,0,0,0,0,0,0,0,0,0,0,0,0,0,0,0,0,0,0,0,0,0,0,0,0,0,0,0,0,0,0,0,0,0,0,0,0,0,0,0,0,0,0,0,0,0,0,0,0,0,0,0,0,0,0,0,0,0,0,0,0,0,0,0,0,0,0,0,0,0,0,0,0,0,0,0,0,0,0,0,0
0.297325428575277,0.284540664756073,0.282165229320526,0.251670991165051,0,0.252304084599018,0,0,0.288503849506378,0.261105135083199,0,0,0,0,0,0.19220794737339,0.269059790663384,0.26545180539483,0.272110440189616,0,0,0,0,0.281803518533707,0,0,0,0,0,0,0,0,0,0,0,0,0,0,0,0.235073645978397,0.280902441252362,0.23729192233118,0.235755788683891,0.301676422357559,0,0,0.297894845209499,0,0,0.238516740500927,0,0,0,0,0,0,0,0,0,0,0,0,0.23669410035953,0.314541697502136,0,0,0,0,0,0,0,0,0,0,0,0,0,0,0.244399130712971,0.310878101270646,0.358192145824432,0.338618963956833,0.265690497952164,0.251773116489251,0.283916960473911,0.215934470295906,0.204214856028557
0.295120142273984,0.311329109801186,0.250515989902365,0.250708022287914,0.219105944037437,0.229770287871361,0,0,0.279550834212984,0.253268629312515,0,0,0,0,0,0,0.266341038306669,0.256582529062317,0.268903249844547,0,0.32696700325379,0,0,0,0,0,0,0,0,0,0,0,0,0,0,0,0,0,0.32343065738678,0.265586442624529,0.251550146639347,0.259166175799985,0.222300048574508,0,0,0.297894845209499,0,0,0.266855424270034,0.286085914075375,0.245932355523109,0,0,0,0,0,0,0,0,0,0,0,0.287106784681479,0.190988334588919,0,0,0,0.265441387891769,0,0,0,0,0,0.263229548931122,0,0,0,0,0.31781694603463,0.272077412315908,0.33930492401123,0.360890497470582,0.262352225949279,0.239346717298031,0.265789361715644,0,0.230256289243698
0,0,0,0,0,0,0,0,0,0,0,0,0,0,0,0,0,0,0,0,0,0,0,0,0,0,0,0,0,0,0,0.153260255386632,0.262060329470514,0.200990786046614,0.177047868655331,0.224559518694878,0.294304778608374,0.56697958458798,0.566999529074745,0.49933552245299,0.466104106469588,0.412556973231189,0.370690083131194,0,0,0,0,0,0.427228170093938,0.402778500214905,0,0,0,0,0,0,0,0,0,0,0,0,0,0,0,0,0,0.379325315356255,0,0,0,0,0,0,0.198835880410942,0.321496601473211,0.1717859586673,0.178077861666679,0.220959899064742,0.351915228692159,0.39716754147881,0.530766587617785,0.424863996595928,0.253861881792545,0.504965623934492,0,0
0.273795009857556,0.268978368490934,0.18778694954747,0,0.205973929166794,0,0,0,0.264279894530773,0,0,0,0,0,0,0,0,0,0.227829630176226,0,0.219847455620766,0,0.343395258915626,0.381398713588715,0.49542351949108,0,0,0,0,0,0,0.152747237847911,0.328235056251287,0.411194205284119,0,0.388274908065796,0.253975868225098,0.400434528787931,0.433117057279998,0.473878647756139,0.29248774815883,0.424686825961518,0.317171143978923,0,0,0,0.266855424270034,0.427228170093938,0,0.487643961566472,0.240414351224899,0,0,0,0.20481518805027,0,0.237695970629131,0,0.21409747475072,0,0.175647822936933,0,0,0.28906175494194,0,0.248924323676952,0.417616749803225,0.377389061867314,0,0.207582545138541,0,0.240554189383984,0,0,0.27022859454155,0.398409175427623,0,0,0,0.441599235824355,0.421134806814648,0.491024424040571,0.489275984080203,0.50142023132907,0.342000649536296,0,0
0.259982086718082,0.281952085088022,0,0.224580275616399,0,0.132254242897034,0,0,0.257232934236526,0.264217396964655,0,0,0,0,0,0.204326462532793,0.274850052046148,0.264644040203676,0.263438494838625,0,0,0.349554262506334,0,0.325815285603374,0,0.293767984542582,0,0,0,0,0,0,0.248323451840516,0,0,0,0,0.373798372641657,0.288049064576626,0.213424444374211,0.500525131411509,0.288776164562247,0.376516709507328,0,0,0.238516740500927,0.286085914075375,0.402778500214905,0.487643961566472,0,0,0,0,0,0,0.220691955751843,0,0.275507504741351,0,0.319759039878845,0,0.285508005155457,0.249630486423319,0.300747960805893,0.196832093016969,0,0.292718573783835,0,0.291364754736423,0,0.299366291612387,0,0.340309618607811,0,0.405119895935059,0.372210060474494,0,0,0.228715027167517,0.408717196563195,0.397886528460655,0,0.404181938987994,0.327363902702928,0.316291790994065,0.334250032901764,0
0.165356338024139,0,0.148216612581442,0,0.154912006860677,0,0,0,0,0,0,0,0,0,0,0,0,0,0,0,0.15937261672376,0,0,0,0,0,0,0,0,0,0,0,0,0,0,0,0.170758123199145,0,0,0,0,0,0.237652260203694,0,0,0,0.245932355523109,0,0.240414351224899,0,0,0,0,0,0,0,0.18874065100316,0,0.170791301023529,0,0,0,0,0.146609994743405,0,0,0,0,0,0,0,0,0,0,0,0,0,0,0,0.187684789299965,0,0,0.175790000706911,0,0.190397823701031,0,0
0,0,0,0.199211317071137,0,0.142596856422852,0,0.146230429410934,0,0.133619409054518,0,0.165992634991805,0,0,0,0,0,0,0,0.159182579546678,0,0,0,0,0,0,0,0,0,0,0,0,0,0,0,0,0,0,0,0,0,0.227033708244562,0,0,0,0,0,0,0,0,0,0,0,0,0,0,0,0.204683517688648,0,0.187256300201019,0,0.160034781055791,0,0,0,0,0,0,0,0,0,0,0,0,0,0,0,0,0.181430757045746,0,0,0,0.169265831820667,0,0.201276378913058,0,0
0,0,0,0,0.105456203222275,0,0.169344703480601,0,0,0,0,0,0.151899427175522,0,0,0,0,0,0,0,0.147660538554192,0,0,0,0,0,0,0,0,0,0,0,0,0,0,0,0,0,0,0,0,0,0,0,0,0,0,0,0,0,0,0,0,0,0,0,0.135253267443698,0,0,0,0,0,0,0,0,0,0,0,0,0,0,0,0,0,0,0,0,0,0,0,0,0,0.166159185356107,0,0,0,0
0,0,0,0,0,0.153312063502038,0,0.139923570383536,0,0,0,0.127264857292175,0,0,0,0,0,0,0,0.181597003340721,0,0,0,0,0,0,0,0,0,0,0,0,0,0,0,0,0,0,0,0,0,0,0,0,0,0,0,0,0,0,0,0,0,0,0,0,0,0.147751916072562,0,0.155313297742751,0,0,0,0,0,0,0,0,0,0,0,0,0,0,0,0,0,0,0,0,0,0,0.177073502540588,0,0,0,0
0.157194637898105,0,0.21982168585062,0,0.236036598682404,0,0,0,0.155717702677189,0,0,0,0,0,0.164933706323306,0,0.210882816463709,0,0.274198158429219,0,0,0,0,0,0.129929930511918,0,0,0,0,0,0,0,0,0,0,0,0,0,0.150195100158453,0,0.289729654788971,0,0.227598968606729,0,0,0,0,0,0.20481518805027,0,0,0,0,0,0,0,0.261831876635551,0,0,0,0.172401551919227,0,0,0,0,0,0,0.141696283010198,0,0,0,0,0,0.264894412457943,0,0,0,0,0,0.177788913249969,0.230699479579926,0.146647974848747,0.228483243797817,0.213136523962021,0.225774888727036,0,0
0,0.164330054054389,0,0.201304480433464,0,0.139119420200586,0,0,0,0.150081231799508,0,0,0,0,0,0.149456733121322,0,0,0.219776892662048,0,0,0,0,0.136034890945651,0,0,0,0,0,0,0,0,0,0,0,0,0,0.330637603998184,0.236062154173851,0,0,0.233514040708542,0,0,0,0,0,0,0,0.220691955751843,0,0,0,0,0,0,0,0,0,0,0,0.164302449673414,0,0,0,0,0.110581839783117,0,0,0,0,0,0,0,0,0,0,0,0,0,0.334619800249736,0,0.204866531718472,0.217877159516017,0.274247402591365,0,0
0.316589057784189,0,0.150663626619748,0,0.230719938874245,0,0.130299272222651,0,0.243358878684895,0,0.154697494810142,0,0.15985481141285,0,0,0,0,0,0.235230647027493,0,0.146216126538502,0,0,0.27738744020462,0.292522639036179,0,0,0,0.15733959376812,0,0.128894967133882,0,0,0,0,0,0.167577643581273,0,0.138552201121145,0,0.219263099133968,0,0.308248489812205,0,0,0,0,0,0.237695970629131,0,0.18874065100316,0,0.135253267443698,0,0.261831876635551,0,0,0,0.177182959258556,0,0.172904985646407,0,0,0.23378718012614,0,0,0,0.278036057949066,0,0.167908892035484,0,0.161150626838207,0,0.141719441512658,0,0,0,0,0,0,0.276975393295288,0.117671303451061,0.149791542074517,0,0.278301845500861,0,0
0,0.219483643770218,0,0.186557859182358,0,0.162799914500543,0,0.136163832775007,0,0.208945900201797,0,0.159306080556742,0,0.242789834737778,0,0,0,0,0.25186719596386,0.146317716254286,0,0,0,0,0,0,0,0,0,0.16473109771808,0,0,0,0,0,0.146426118186542,0,0.168066187451283,0,0,0,0.239812801281611,0,0,0,0,0,0,0,0.275507504741351,0,0.204683517688648,0,0.147751916072562,0,0,0,0,0,0.233256362539401,0,0.245504848327902,0.182595251062425,0,0,0,0,0,0,0,0.233489300495659,0,0.193513494010629,0,0,0,0,0,0,0,0,0,0.166310831215909,0,0.212385176251764,0,0
0.261500407542501,0,0.161383548608193,0,0.233409628272057,0,0.13006361617196,0,0,0,0.168629498764983,0,0.17185583055891,0,0,0,0,0,0.222828805446625,0,0,0,0,0,0,0,0,0,0.159660209292247,0,0,0,0,0,0,0,0,0,0,0,0.204976357519627,0,0.246969376859211,0,0,0,0,0,0.21409747475072,0,0.170791301023529,0,0,0,0,0,0.177182959258556,0,0,0,0.218256261199713,0,0,0,0,0,0,0,0,0.227918467131154,0,0.175242534016862,0,0,0,0,0,0,0,0.195471967260043,0,0,0.158794269817216,0.191098219658955,0.237033874566007,0,0.26229003071785
0,0,0,0.245102960084166,0,0.135143836494535,0,0.159986866638064,0,0,0,0.174619130628264,0,0.179367483440173,0,0,0,0,0,0,0,0,0,0,0,0,0,0.171737701321642,0,0,0,0,0,0,0,0,0,0,0,0,0,0,0,0,0,0,0,0,0,0.319759039878845,0,0.187256300201019,0,0.155313297742751,0,0,0,0.233256362539401,0,0,0,0.228357577188448,0.128841944038868,0,0,0,0,0,0,0,0.186391025781631,0,0,0,0,0,0,0,0,0,0,0,0.183224114444521,0.171912727865162,0,0,0
0.209867197634845,0,0,0,0,0,0,0,0.160659263866596,0,0,0,0,0,0.152381522234354,0,0,0,0,0,0,0,0,0,0.200677692890167,0,0,0,0,0,0,0,0,0,0,0,0,0,0,0,0,0,0.309873759746552,0,0,0,0,0,0.175647822936933,0,0,0,0,0,0.172401551919227,0,0.172904985646407,0,0.218256261199713,0,0,0,0,0,0,0,0,0,0,0.208095259602787,0,0.238650165498257,0,0,0,0,0,0,0,0,0,0,0.180185200225922,0.184065154790878,0.26342683368259,0,0
0,0.180188484489918,0,0.217585306614637,0,0.141480299333731,0,0,0,0.152137383341025,0,0,0,0,0,0.175156541346235,0,0.138488020786705,0,0,0,0,0,0.204201489686966,0,0.157924929261208,0,0,0,0,0,0,0,0,0,0,0,0,0,0,0,0.223933711647987,0,0,0,0,0,0,0,0.285508005155457,0,0.160034781055791,0,0,0,0.164302449673414,0,0.245504848327902,0,0.228357577188448,0,0,0,0,0,0,0,0,0.178243782504762,0,0,0,0,0,0,0,0,0,0,0,0,0,0.151045921875591,0.173793339282274,0.24917471408844,0,0
0.270844042301178,0.339091041258403,0.21917299926281,0.227777101099491,0,0,0,0.13336169719696,0.248389706015587,0.232615891844034,0,0.17124114352038,0,0,0,0,0.287445043524106,0.267777527017253,0.286700921735369,0.159656200424342,0,0,0,0,0,0,0,0,0,0,0,0,0,0,0,0.167171910344952,0,0,0,0.193363526335327,0,0.25230320583988,0.217409426967303,0,0,0.23669410035953,0.287106784681479,0,0,0.249630486423319,0,0,0,0,0,0,0,0.182595251062425,0,0.128841944038868,0,0,0,0,0,0,0,0,0,0,0,0,0,0,0,0,0,0,0.219658940446143,0.27391791343689,0,0,0.235220882854505,0.263351261615753,0.212744415838144,0,0
0.417377881705761,0,0.25401396676898,0.237330004572868,0.157469121118387,0,0,0,0.344394668936729,0,0.1334104721009,0,0,0,0,0,0.307831425964832,0.262167423963547,0.263761497537295,0,0.166695109377234,0,0,0,0,0,0,0,0,0,0,0,0,0,0,0,0.176637491061932,0,0.274129093477601,0.27714216709137,0.210510080025534,0.292846754193306,0.227136380313074,0,0,0.314541697502136,0.190988334588919,0,0.28906175494194,0.300747960805893,0.146609994743405,0,0,0,0,0,0.23378718012614,0,0,0,0,0,0,0,0,0,0,0,0,0,0,0,0,0,0,0,0,0,0,0.226057233798885,0,0.348942832024266,0.158162524141854,0.225993990898132,0.278424271329083,0,0
0,0,0,0,0,0,0,0,0,0,0,0,0,0,0,0,0,0.167647187309019,0,0,0,0.167945455305489,0.0975645986720196,0.224560662707004,0,0.219861425459385,0,0.177547927413668,0,0,0,0,0,0,0,0,0,0.227594300421006,0,0,0,0,0,0,0,0,0,0,0,0.196832093016969,0,0,0,0,0,0,0,0,0,0,0,0,0,0,0,0.101602089142098,0.162135792351686,0,0,0,0.181843745174693,0,0,0,0,0,0,0,0,0,0.265670829248138,0,0.149452045413434,0.16301302183068,0,0,0
0,0,0,0,0,0,0,0,0,0,0,0,0,0,0,0,0,0,0,0,0,0.117087104188544,0.150505944626308,0,0.155340242867518,0,0,0,0.146937737862269,0,0,0,0,0,0,0,0,0,0.171713288208204,0,0,0,0,0,0,0,0,0,0.248924323676952,0,0,0,0,0,0,0,0,0,0,0,0,0,0,0,0.101602089142098,0,0,0.157031659982098,0,0.162987615168095,0,0.178026447693507,0,0,0,0,0,0,0,0,0,0.179418439790607,0.148608262327748,0.130085263525446,0,0,0
0.244109079241753,0.159811350432309,0,0.318194404244423,0,0,0,0,0,0.254292176105082,0,0,0,0,0,0,0,0.170225843787193,0.224548794329166,0,0,0.176450806858441,0,0.254897540464475,0,0.248997947562942,0,0,0,0,0,0,0,0,0,0,0,0.26663897677939,0.277288643187947,0,0,0.332877325530975,0.309501719474792,0,0,0,0,0,0.417616749803225,0.292718573783835,0,0,0,0,0,0.110581839783117,0,0,0,0,0,0,0,0,0.162135792351686,0,0,0.356951504945755,0,0,0,0,0,0,0,0,0,0,0,0,0.307346881479844,0.316941186785698,0.246495986394834,0.343487714466296,0.291144569714864,0,0
0.164726673672765,0.316417505343755,0.227753803133965,0.299526035785675,0,0,0,0,0.145059866949599,0,0,0,0,0,0,0,0,0,0.241996628046036,0,0,0,0.182140109876932,0.369331588347753,0.220660364421153,0,0.225164287261606,0,0,0,0,0,0,0,0,0,0,0.507154573996862,0.25716070686239,0,0,0,0.265783449014028,0,0,0,0.265441387891769,0.379325315356255,0.377389061867314,0,0,0,0,0,0.141696283010198,0,0.278036057949066,0,0,0,0,0,0,0,0,0.157031659982098,0.356951504945755,0,0,0.215139917105683,0,0,0,0,0,0,0,0,0,0,0.430431571271684,0.294917853927709,0.242220865049494,0.52625848935998,0.233924715883202,0,0
0,0,0,0,0,0,0,0,0,0,0,0,0,0,0,0.169777432084084,0,0.173040145209857,0,0,0,0,0,0.207846704583902,0,0.164468560486775,0,0,0,0,0,0,0,0,0,0,0,0,0,0,0,0,0,0,0,0,0,0,0,0.291364754736423,0,0,0,0,0,0,0,0,0,0,0,0.178243782504762,0,0,0,0,0,0,0,0,0.162145083770156,0,0,0,0,0,0,0,0,0,0,0,0,0,0,0,0
0.143531292676926,0,0,0,0,0,0,0,0,0,0,0,0,0,0.140531364880817,0,0.143487893735981,0,0,0,0,0,0.192420711335929,0.381881684064865,0.20446189031469,0,0.169455113482307,0,0.175457909703255,0,0,0,0,0,0,0,0,0,0.364723488688469,0,0,0,0,0,0,0,0,0,0.207582545138541,0,0,0,0,0,0,0,0.167908892035484,0,0.227918467131154,0,0.208095259602787,0,0,0,0,0.162987615168095,0,0.215139917105683,0,0,0,0,0,0,0,0,0,0,0,0,0,0.32150048216184,0.261791267074071,0,0,0,0
0,0.242245316505432,0,0.221587424476941,0,0,0,0,0,0.278524249792099,0,0.208790683746338,0,0,0,0,0,0,0,0,0,0.174238840446753,0,0,0,0,0,0.170467559474549,0,0.148285709321499,0,0,0,0,0,0,0,0,0,0,0,0.272034384310246,0,0,0,0,0,0,0,0.299366291612387,0,0,0,0,0,0,0,0.233489300495659,0,0.186391025781631,0,0,0,0,0.181843745174693,0,0,0,0.162145083770156,0,0,0,0.316575573881467,0,0,0,0,0,0,0,0.167895250022411,0,0.174974541348326,0.161981943234367,0.226887230639872,0,0
0,0,0,0,0,0,0,0,0.257246941328049,0,0,0,0.168605565315201,0,0,0,0,0,0.257929034531116,0,0,0,0.131638665018337,0,0.545194745063782,0,0.172585776931531,0,0.186103863850211,0,0.218408240299476,0,0,0,0,0,0,0,0,0,0.285436898469925,0,0.298182722181082,0,0,0,0,0,0.240554189383984,0,0,0,0,0,0,0,0.161150626838207,0,0.175242534016862,0,0.238650165498257,0,0,0,0,0.178026447693507,0,0,0,0,0,0,0,0.224291962940485,0,0,0,0,0,0,0,0.196719860630249,0.165405711913274,0.17462487132554,0.284488767385483,0,0
0,0.260081641376019,0,0.201889246702194,0,0,0,0,0,0.269101003805796,0,0.166594055488827,0,0,0,0,0.332068175077438,0,0.298678383231163,0.194109383970499,0,0,0,0,0,0,0,0.176310549179713,0,0.174434001621318,0,0,0,0,0,0,0,0.16097886065642,0,0,0,0.301436312172724,0,0,0,0,0,0,0,0.340309618607811,0,0,0,0,0,0,0,0.193513494010629,0,0,0,0,0,0,0,0,0,0,0,0,0.316575573881467,0,0,0,0,0,0,0,0,0,0.16109837256372,0,0.177397820311533,0.186204522848129,0.240497548595186,0,0
0.313780825585127,0,0.279879833261172,0,0,0,0,0,0.288153698598897,0,0.145875088727638,0,0,0,0,0,0.338999539613724,0.232195690274239,0.256452820450068,0,0,0,0,0,0,0,0,0,0,0,0.175319242950118,0,0,0,0,0,0,0,0.140606549194479,0,0,0,0.306314908533261,0,0,0,0.263229548931122,0,0,0,0,0,0,0,0.264894412457943,0,0.141719441512658,0,0,0,0,0,0,0,0,0,0,0,0,0,0,0.224291962940485,0,0,0,0,0,0,0,0.341947853565216,0,0.198499436889376,0.267505774427863,0,0.305375427007675,0,0.353031814098358
0,0,0,0,0,0,0,0,0,0,0,0,0,0,0,0,0,0,0,0,0,0,0,0,0,0,0,0,0,0,0,0.143450312829115,0.139920342378228,0.159653408328692,0,0.137416903268207,0.150504230737686,0,0,0,0,0,0,0,0,0,0,0.198835880410942,0.27022859454155,0.405119895935059,0,0,0,0,0,0,0,0,0,0,0,0,0,0,0,0,0,0,0,0,0,0,0,0,0,0.110673110087713,0.170733731985092,0,0.168717490215051,0,0,0,0.136161795872099,0,0,0,0
0,0,0,0,0,0,0,0,0,0,0,0,0,0,0,0,0,0,0,0,0,0,0,0,0,0,0,0,0,0,0,0.12584244040372,0.169716667660745,0.132484515508016,0.25207544206165,0.23388449581606,0.276441772535346,0,0,0.477221012115479,0,0,0,0,0,0,0,0.321496601473211,0.398409175427623,0.372210060474494,0,0,0,0,0,0,0,0,0,0,0,0,0,0,0,0,0,0,0,0,0,0,0,0,0.110673110087713,0,0,0.245503586961689,0.208806619048119,0.174769980832934,0,0,0.132849176671911,0,0,0,0
0,0,0,0,0,0,0,0,0,0,0,0,0,0,0,0,0,0,0,0,0,0,0,0,0,0,0,0,0,0,0,0.143167523294687,0.130386869112651,0.178409267979089,0.166722654881909,0.124107394367456,0.106022594869137,0.220562420008373,0,0,0,0,0,0,0,0,0,0.1717859586673,0,0,0,0,0,0,0,0,0,0,0,0,0,0,0,0,0,0,0,0,0,0,0,0,0,0,0.170733731985092,0,0,0.18534194645757,0.152765600631634,0,0.21590623738674,0,0.176630876071396,0.171938002109528,0,0,0
0,0,0,0,0,0,0,0,0,0,0,0,0,0,0,0,0,0,0,0,0,0,0,0,0,0,0,0,0,0,0,0,0.276458637958223,0.181302118079721,0.173652415178771,0,0,0.180957053270605,0.176808167445032,0,0,0,0,0,0,0,0,0.178077861666679,0,0,0,0,0,0,0,0,0,0,0,0,0,0,0,0,0,0,0,0,0,0,0,0,0,0,0,0.245503586961689,0.18534194645757,0,0,0.191350006102736,0.174750878260686,0.149037069691853,0.177958082240909,0.181020729243755,0,0,0
