0,0,0.0143435140794212,0,0,0,0,0,0.0510706762870542,0,0,0,0,0,0,0,0,0,9.67271712176048e-05,0,0,0,0,0,0,0,0,0,0,0,0,0,0,0,0,0,0,0,0,0,0,0,0.00111866267628681,0,0.000706210600139819,0,0,0.000280834524527321,0.00571775225541689,4.3363802564218e-05,0,0,0,0,0.0441799387973722,0,0,0,0,0,0,0,0,0,0,0,0,0,0,0,0,0,0,0,0,0,0,0,0,1.38893414226472e-05,0,0,0.000230281835127024,0,0.0056582796524255,0,0
0,0,0,0.0164167305851266,0,0,0,0,0,0.00643314102656961,0,0,0,0,0,0,0,0,0,0,0,0,0,0.000121814548182682,0,0,0,0,0,0,0,0,0,0,5.70412901119517e-05,5.75320455512688e-06,0,0,0,0,0,0.00516906062644716,0,0,0,0.000110268529649857,0,0.000405224664850885,0.000100332090442065,0.0624951784694153,0,0,0,0,0,0.015087182374332,0,0,0,0,0,0.00721660705876011,0,0,0,0,0.000126659292635627,0,0.00220592592078357,0,0,0,0.00180373589157382,0,0,0,0,0,0.000136087228432597,0,1.22795946073641e-05,5.25242741640514e-06,0.000337669366737851,0,0.0075825111827302,0,0
0.0143435140794212,0,0,0,0.0071806090825835,0,0,0,0.00382142755610758,0,0,0,0,0,0,0,9.76815458440404e-06,0,2.75270888792331e-05,0,0.00160982133094832,0,0,0,0,0,0,0,0,0,0,0,0,0,2.34098599942835e-05,0,0.000932332822675003,0,0,0,0.000903609771576512,0,0.00208447238204172,0,0,0,0.00415258600329274,0.000175303584415564,0.00481325025132764,2.23221919989467e-05,0.00664546741881181,0,0,0,0.000485019408247864,0,0.000159886779574235,0,0,0,0,0,0.00011684402484303,0.00269679265459655,0,0,0,0,0,0,0,0,0,0.00440189511007131,0,0,0,0,0,0.000510627784745536,0,0.000198987747331782,0.000477526772925078,0,0.0368822345277941,0,0.000506143946177668
0,0.0164167305851266,0,0,0,0,0,0,0,0.000140914533403702,0,0,0,0,0,0,4.68487971299296e-06,5.54734653074318e-06,1.8527320774061e-05,0.00140925549775298,0,0,0,0,0,0,0,0,0,0,0,0,0,0,0,0.000290618101071067,0,0,0,0.000926659062100171,0,0.00131300605234697,0,0,0,0.00211924327275474,0,8.27149223816149e-06,0,0.0203907110958817,0,0.000457227326820554,0,0,0,0,0,0.00380992303100663,0,0.00453396636579482,0,0.0132571233722724,0.00462435725387446,0,0,0,0,0,0,0,0,0,0.000181265002467612,0,0,0,0,0,0.000133280582890386,0,0.000364329408912853,0,0.00060778753471122,0,0.0479042225804339,8.54284537476735e-05,0
0,0,0.0071806090825835,0,0,0,0,0,0.0195201066887712,0,0,0,0,0,0.000900618326716158,0,0,0,0,0,0.00669782770657154,0,0,0,0,0,0,0,0,0,0,0,0,0,0,0,9.87403619883728e-05,0,0,0,0,0,0,0,0,0,5.00700466422948e-05,0,0,0,0.0138004971653675,0,0,0,0.00110914462237269,0,6.80370507404986e-05,0,0.000759194741382445,0,0,0,0,0.00592347196191475,0,0,0,0,0,0,0,0,0,0,0,0,0,0,0,2.7656020879328e-05,0,0,0.000271146071832428,0,0.00191051427492364,0,0
0,0,0,0,0,0,0,0,0,0.000367059444411864,0,0,0,0.00181136683004561,0,0.00310133003229984,0,0,0,0,0,0,0,0,0,0,0,0,0,0,0,0,0,0,0,0,0,0,0,0,0,0,0,0,0,0,0,0,0,0,0,0.0232341386330801,0,0.00342891368231338,0,0.0245446055368765,0,0.000392112886142092,0,0.00765557298545795,0,0.00551423995611595,0,0,0,0,0,0,0,0,0,0,0,0,0,0,0,0,0,0,0,0,4.25999575821322e-06,0,0,0,0
0,0,0,0,0,0,0,0,0,0,0,0,0,0,0,0,0,0,0,0,0,0,0,0,0,0,0,0,0,0,0,0,0,0,0,0,0,0,0,0,0,0,0,0,0,0,0,0,0,0,0,0,0.000380952391424216,0,0,0,0,0,0,0,0,0,0,0,0,0,0,0,0,0,0,0,0,0,0,0,0,0,0,0,0,0,0,0,0,0,0
0,0,0,0,0,0,0,0,0,0,0,0,0,0,0,0,0,0,0,0,0,0,0,0,0,0,0,0,0,0,0,0,0,0,0,0,0,0,0,0,0,0,0,0,0,0,0,0,0,0,0,0,0,0.00300768455885639,0,0,0,0,0,0.00164567780743303,0,0,0,0,0,0,0,0,0,0,0,0,0,0,0,0,0,0,0,0,0,0,0,0,0,0,0
0.0510706762870542,0,0.00382142755610758,0,0.0195201066887712,0,0,0,0,0,0,0,0,0,0,0,1.0762175403807e-05,0,0,0,0,0,0,0,0.00204769289336815,0,0,0,0,0,0,0,0,0,0,0,0,0,0,0,7.62158236303121e-05,0,0.000222800425394733,0,0,0,0.00098087388001363,2.29935628895382e-05,0.000416208311041415,0,0,0,0,0,0.16395091363285,0,0,0,0,0,0,0,0,0,0,0,0,0.000657503272844803,0,0,0,0,0,0.000106285553895017,0,0,0,0,0,0,0,0,0.000812806046929813,0,0.0136112089226169,0,0
0,0.00643314102656961,0,0.000140914533403702,0,0.000367059444411864,0,0,0,0,0,0,0,0,0,0.000639662581913059,0,0,0,0,0,0,9.60883778817583e-05,0.00137891908659159,0,0,0,0,0,0,0,0,0,0.00040830939036239,0,0,0,0.00346303616152227,0,0,0,0,0,0,0,0,0,0,0,0.00099835515463654,0,0,0,0,0,0.277788643553573,0,0,0,0,0,0.000898902264306342,0,0,0,0,0.00542692314984007,0,0.000342202358099924,0,0,0,0,0,0,0,2.54276705255753e-05,0,0,0,0.00031869797824773,0,0.000260802519498669,0,0.00169770130364901,0,0
0,0,0,0,0,0,0,0,0,0,0,0,0,0,0,0,0,0,0,0,0.0138204648010831,0,0,0,0,0,0,0,0,0,0.00908550008063004,0,0,0,0,0,1.02273950217295e-05,0,0.00612524097237074,0,0,0,0,0,0,0,5.58084030055628e-05,0,0,0,0,0,0,0,0,0,0.0627572603710877,0,0,0,0,0,0,0.00155619178038753,0,0,0,0,0,0,0,0,0,0.00371671828602615,0,0,0,0,0,0.000128102451602535,0,0.00225651250591013,0.000607791286554086,0,0.000168559138537305,0,0
0,0,0,0,0,0,0,0,0,0,0,0,0,0.00608871134212881,0,0,0,0,0,0.0275271117766625,0,0,0,0,0,0,0,3.80416167899966e-05,0,0.00303501430323485,0,0,0,0,0,0.00347488036272103,0,0.0055466586665515,0,0,0,0,0,0,0,0,0,0,0,0,0,0,0,0,0,0,0,0.0704462456567197,0,0.000117126766717573,0,0,0.00109573379926151,0,0,0,0,0,0,0,2.30048785373625e-05,0,0.000665142833524555,0,0,0,0,0,0,0,0.00418896340715991,0,0.000304650929005366,0,0,0,0
0,0,0,0,0,0,0,0,0,0,0,0,0,0,0,0,0,0,0,0,0,0,0,0,0,0,0,0,0,0,0,0,0,0,0,0,0,0,0,0,0,0,0,0,0,0,0,0,0,0,0,0,0,0,0,0,0,0,0.00136412868076495,0,3.23541667361499e-05,0,0,0,0,0,0,0,0,0,0,0,0,0,0,0,0,0,0,0,0,0,0,0,0,0,0
0,0,0,0,0,0.00181136683004561,0,0,0,0,0,0.00608871134212881,0,0,0,0.000585167350491074,0,5.01562302402444e-05,0,0,0,0,0,0,0,0,0,0,0,0,0,0,0,0,0,0,0,0,0,0,0,0,0,0,0,0,0,0,0,0,0,0,0,0,0,0,0,0,0,0.00508126549299985,0,0.00718308314691513,0,0,0,0,0,0,0,0,1.74090189802912e-05,0,0,0,0,0,0,0,0,0,0,0,0,0,0,0,0
0,0,0,0,0.000900618326716158,0,0,0,0,0,0,0,0,0,0,0,0.000196774304260025,1.94448901376493e-05,0,0,0,0,0.000144566784040354,0,0.000533653526011243,0,0.000403572413820146,0,0,0,0,0,0,0,0,0,0,0,0,0,0,0,0,0,0,0,0,0,0,0,0,0,0,0,0,0,0,0,0,0,0,0,0,0,0,1.65386229041935e-05,0,0,0,0.000862631837163404,0,0,0,0,0,0,0,0,0,0,0,0,6.51095171027116e-05,0,0,0,0
0,0,0,0,0,0.00310133003229984,0,0,0,0.000639662581913059,0,0,0,0.000585167350491074,0,0,0,0,0,0,0,0,0,0,0,0,0,0,0,0,0,0,0,0,0,0,0,0,0,0,0,0,0,0,0,0,0,0,0,0,0,0,0,0,0,0.00356753707016123,0,0,0,0.000309988203210539,0,0.0225584908109849,0,0,0,0,0,0,0,0,0,0,0,0,0,0,0,0,0,0,0,0,0.000394838884948526,0,0,0,0
0,0,9.76815458440404e-06,4.68487971299296e-06,0,0,0,0,1.0762175403807e-05,0,0,0,0,0,0.000196774304260025,0,0,0.150409603563105,0.0627257917354893,0,0,0.00493379900575058,0.0259455737965806,0.00193709130818326,0.0128028426554576,0.00159640048311953,0.0252646357570527,0,0,0,0,0,0,0,3.11397639213363e-06,1.54603153416526e-05,0.00010792939367889,0,0,8.9723013280671e-05,0.00364066037339254,0.00111083620120117,0.00482804949499488,4.28445075084351e-05,2.41435771595558e-06,0.00051819233491425,0.000327326076411698,4.27656090833803e-05,5.05337078707615e-05,2.27183279435794e-05,0,0,0,0,0,0,0,0,0,0,2.44445689441077e-05,0,0.000300372637392417,0.00036338544030584,9.51364661278559e-05,0.00754088942908379,0.000971689986339832,0.000149249912092592,0.000450309111729032,0.00422347540277819,0,0,0,9.86422383926174e-05,0,0,0,7.90011156786579e-06,0.00111363385248919,0.00417640955270662,0.000374206833933096,0.000938709563866619,0.0275349782555645,0.000182245037368652,0.00207515264126219,0.000282903081389654,0.000323302517071396
0,0,0,5.54734653074318e-06,0,0,0,0,0,0,0,0,0,5.01562302402444e-05,1.94448901376493e-05,0,0.150409603563105,0,0.063906112088436,0,0,0.0266081555747124,0.00301307391914056,0.00883153385856953,0.00281693788743074,0.0350094118997566,0.00135671957622045,0.00244257329029535,0,0,0,0,0,0,0,0.000139505176149362,2.27679550943526e-05,0,0,0.000490173375195106,0.0012128319221773,0.0032835267782539,0.00120829084181353,5.14207656949217e-05,0,0.00200342533263363,0.000109317043266075,4.74596339309881e-06,1.81069878955918e-05,1.08297547412183e-05,0,0,0,0,0,0,0,0,0,0,0,0,0.00100854583327483,0.000165324275408547,0.00194602232607725,0.000658553061419607,0.00343870941810324,0,0.0245317427166497,8.44746108335297e-05,0.000752813037707421,0,2.28207302652053e-05,1.54887701357311e-05,0,0,0,0,0.00400424365129255,0.0011376495864717,0.00178343701049134,0.000205807600465478,0.0283127182772356,0.000120631941274912,0.00199914373069393,0.000769536848663742,5.9583481510197e-05
9.67271712176048e-05,0,2.75270888792331e-05,1.8527320774061e-05,0,0,0,0,0,0,0,0,0,0,0,0,0.0627257917354893,0.063906112088436,0,0,0,0.000784242350071305,0.00117215066389331,0.00128070161716985,0.00055845443533017,0.000649915572165148,0.000232076592457502,0,0,0,0,0,0,0,4.93265127775506e-06,0.000627219586280387,0.000902628855609729,4.59704458967415e-05,1.00700370989906e-05,0.00329548753288139,0.037766403797277,0.0173907865712108,0.0175087766733342,0.00284421521755286,0.00823389594231197,0.0297953603453905,0.00988864114665038,0.000169538412562906,0.000212166121859272,0.000109701050313327,0,0,0,0,0,0,0,4.08542930126822e-05,0,0,0,0,0.0158236147044613,0.00348643405679235,7.343986442173e-06,0.000329134230205198,0.000627359098193307,0,0.000103913180431634,0,0,0,0.000283203211528271,0.000256251338167708,0,0,0,0,0.0227698248141304,0.018139587597414,0.006084547981019,0.00343378221185746,0.011441279966988,6.56523386147852e-06,0.0371794068032915,0.00444707256821917,0.00194586105143082
0,0,0,0.00140925549775298,0,0,0,0,0,0,0,0.0275271117766625,0,0,0,0,0,0,0,0,0,0,0,0,0,0,0,0,0,0,0,0,0,0,0,0.0146035797878095,0,0.000426497121925801,0,0,0,0,0,0,0,7.73713059220389e-06,0,0,0,0,0,0,0,0,0,0,0,0.0205488765085687,0,0,0,0,0.0734126400364178,0,0,0,0,0,0,0,0,0,0.000960238119132996,0,0,0,0,0,0.00527434063293051,0,0.00397489399308472,0,0.000209085941868424,0,0.00386009473718015,0,0
0,0,0.00160982133094832,0,0.00669782770657154,0,0,0,0,0,0.0138204648010831,0,0,0,0,0,0,0,0,0,0,0,0,0,0,0,0,0,0,0,2.83045070490614e-05,0,0,0,0,0,0.0031737164813728,0,0.00220983562722642,0,0,0,0,0,0,0,0.00258508041803329,0,0,0,0.00332795413201641,0,0,0,0,0,0.00059585615434673,0,0,0,0,0,0,0.125111554744998,0,0,0,0,0,0,0,0,0,0.00203409105459008,0,0,0,0,0,0.00195434548967677,0,0.00104810998084782,0.000672942058240171,0,0.00670314780436749,0,0
0,0,0,0,0,0,0,0,0,0,0,0,0,0,0,0,0.00493379900575058,0.0266081555747124,0.000784242350071305,0,0,0,0.00318844014239613,0.00364149708539931,0.00032064453472426,0.0161744386900507,0.000456237846434313,0,0,0,0,0,0,3.56313294985124e-05,0,0,0,0.00290508385975503,0,0,5.58203597504569e-05,6.01955205992676e-06,1.9117438017297e-05,0,0,1.91345868488525e-05,1.54871806038453e-05,0,0,0.00329067847679016,0,0,0,0,0,0,0,1.02195702449451e-05,0,0,0,0,7.81399962675882e-06,1.01079581396324e-05,0.0271379492638081,0.000221220812684519,0.000528730834689385,0,0.00270142541984191,0,9.7096954034231e-05,0,0,0,0,0,0,0,2.57494979702262e-05,5.12835718405352e-06,0.00582509662867981,5.83656205383701e-06,0.00433917089742569,1.80956300771442e-05,5.92284499004889e-06,0,0
0,0,0,0,0,0,0,0,0,9.60883778817583e-05,0,0,0,0,0.000144566784040354,0,0.0259455737965806,0.00301307391914056,0.00117215066389331,0,0,0.00318844014239613,0,0.000108714108180197,0.00528722681242903,0.000205250043150406,0.00976881569652722,0,7.0851638156455e-05,0,0,0,0,0,0,0,0,0,0.00247990018290965,0,1.69262133671754e-05,1.6151627005621e-05,1.61464813574007e-05,0,0,2.3799386664008e-05,0,6.69837295870411e-05,0.00443821294111803,0,0,0,0,0,0,0,0,0,0,0,0,0,0,5.01179059616988e-06,0,0.0510468870622914,0,0.000215917807794364,0,0.00138859063252926,0,0.00325293283379796,9.37132641149607e-06,2.63329523673556e-05,0,0,0,0,3.00832414855229e-05,1.2400260451935e-05,9.18829226393032e-06,0.00472330602656384,0.00531612967538873,0.000186492880502849,6.67282984120234e-06,0,0
0,0.000121814548182682,0,0,0,0,0,0,0,0.00137891908659159,0,0,0,0,0,0,0.00193709130818326,0.00883153385856953,0.00128070161716985,0,0,0.00364149708539931,0.000108714108180197,0,0.0015647600065473,0.00722999421872293,0,0,0,0,0,0,0,0.00148922301180456,0,0,0,0.00633038957074128,0,1.35219035078786e-05,0.000108032704722419,0,1.08471215329865e-05,0,0,0,0,0,0,0.0170961803987311,0,0,0,0,0,0.00943407099064045,0,0,0,0,0,0,1.51717011885133e-05,0,0.00121635142973777,0,0.0656660394078709,0,0.00174581308156339,0,0,0,0,0,0,0,0.000446874192954032,0,1.33413848169058e-06,3.27787367119185e-05,0.00138273221625505,0,0.000780925260750345,0,0.00170209900108938,0,0
0,0,0,0,0,0,0,0,0.00204769289336815,0,0,0,0,0,0.000533653526011243,0,0.0128028426554576,0.00281693788743074,0.00055845443533017,0,0,0.00032064453472426,0.00528722681242903,0.0015647600065473,0,0.000938731504092838,0.0240974053617282,0,0,0,0,0,0,0,0,0,0,0,0.00149509537638621,0,0,0.000145825478868619,1.11083889244845e-05,0,0,0,0,0,0.0290899534867219,0,0,0,0,0,0.00560558239322379,0,0,0,0,0,0,0,0,0,0,0.00151189370432717,0,0.0238412871443015,0,0.0081710425530747,0,0,0,0,0,0,0,0,0,5.48358278970641e-06,1.43498678751603e-05,0.000502056350331137,0.00265849100172056,0,0.00211009097489388,0.000366412782704439,0
0,0,0,0,0,0,0,0,0,0,0,0,0,0,0,0,0.00159640048311953,0.0350094118997566,0.000649915572165148,0,0,0.0161744386900507,0.000205250043150406,0.00722999421872293,0.000938731504092838,0,0,0.000203653664705408,0,0,0,0,0,0,0,0,0,0,0,0,0,0,0,0,0,0,0,0,0,0,0,0,0,0,0,0,0,0,0,0,0,0,0,0,0.00564263803307656,0,0.0131870432635259,0,0.0378046473950096,0,0,0,0,0,0,0,0,0,0,0,4.49698710676074e-06,0,0.00257291138188283,0,0,0,0
0,0,0,0,0,0,0,0,0,0,0,0,0,0,0.000403572413820146,0,0.0252646357570527,0.00135671957622045,0.000232076592457502,0,0,0.000456237846434313,0.00976881569652722,0,0.0240974053617282,0,0,0,0,0,0,0,0,0,0,0,0,0,0,0,0,0,8.06358764927255e-05,0,0,0,0,0,0,0,0,0,0,0,0,0,0,0,0,0,0,0,0,0,0,0.00499109990873012,0.000345530561600721,0.000403039255006642,0.000846313783703811,0.0664359030902362,0,0,0,0,0,0,0,0,0,0,6.85390869037013e-06,0,0.00165957743193996,1.03029735930775e-05,0,0,0
0,0,0,0,0,0,0,0,0,0,0,3.80416167899966e-05,0,0,0,0,0,0.00244257329029535,0,0,0,0,0,0,0,0.000203653664705408,0,0,0,0.0161068622597785,0,0,0,0,0,0,0,0,0,0,0,0,0,0,0,0,0,0,0,0,0,0,0,0,0,0,0,0,0,0,0,0,0,0,2.54252372542396e-05,0,0,0,0,0,0.00029623289447045,0,6.70040481821903e-05,0,0,0,0,0,0,0,0,0,5.99499813205715e-05,0,0,0,0
0,0,0,0,0,0,0,0,0,0,0,0,0,0,0,0,0,0,0,0,0,0,7.0851638156455e-05,0,0,0,0,0,0,0,0,0,0,0,0,0,0,0,0.000110833636255685,0,0,0,0,0,0,0,0,0,0.000156290282325986,0,0,0,0,0,0,0,0,0,0,0,0,0,0,0,0,0,0,0,0,0,0,0.00397846685126576,0,4.64537036239825e-05,0,0,0,0,0,0,0,4.02583143410243e-05,0,0,0,0,0
0,0,0,0,0,0,0,0,0,0,0,0.00303501430323485,0,0,0,0,0,0,0,0,0,0,0,0,0,0,0,0.0161068622597785,0,0,0,0,0,0,0,0,0,0.00108994132733749,0,0,0,0,0,0,0,0,0,0,0,0,0,0,0,0,0,0,0,0,0,0,0,0,0,0,0,0,0,0,0,0,0.000360159133793391,0,0.0601311336992684,0,0,0,0,0,0,0,0.00239641359023635,0,0.000500004629364945,0,0,0,0
0,0,0,0,0,0,0,0,0,0,0.00908550008063004,0,0,0,0,0,0,0,0,0,2.83045070490614e-05,0,0,0,0,0,0,0,0,0,0,0,0,0,0,0,0,0,0.0033569846716834,0,1.78977804393154e-05,0,8.99649187556376e-06,0,0,0,0.000190913390763212,0,1.56880055572853e-05,0,0,0,0,0,0,0,0.0069929221391161,0,0,0,0,0,0,0.000350496039324615,0,0,0,0,0,0,0,0,0,0.0340538397862251,0,0,0,0,0,0,0,0.000260432414547071,0.000356147319809052,0,0.000105337650493122,0,0
0,0,0,0,0,0,0,0,0,0,0,0,0,0,0,0,0,0,0,0,0,0,0,0,0,0,0,0,0,0,0,0,0.00448365592564995,0.00117652023446674,3.84030711192724e-05,0.000257041360319142,7.35584942015398e-05,0,0,0,0,0,0,0,0,0,0,0.0238374400389737,0,0,0,0,0,0,0,0,0,0,0,0,0,0,0,0,0,0,0,0,0,0,0,0,0,0,0.0501138296789759,0.00414771526029928,0.00452490908740687,0.000631926534425453,0.00390167304710079,0.000235521313817599,0,0,0.000152348498953628,0,0,0,0
0,0,0,0,0,0,0,0,0,0,0,0,0,0,0,0,0,0,0,0,0,0,0,0,0,0,0,0,0,0,0,0.00448365592564995,0,0,0.00277455088241636,0.000181236121532422,0.00119706994304573,0,0,0,0,0,0,0,0,0,0,0.0837925809241724,0,0,0,0,0,0,0,0,0,0,0,0,0,0,0,0,0,0,0,0,0,0,0,0,0,0,0.00484286707120374,0.0994544289836468,0.00887464445538694,0.0199814697239735,0.000625791360578578,0.00152505455577306,0,0,4.42262984848807e-05,0,0,0,0
0,0,0,0,0,0,0,0,0,0.00040830939036239,0,0,0,0,0,0,0,0,0,0,0,3.56313294985124e-05,0,0.00148922301180456,0,0,0,0,0,0,0,0.00117652023446674,0,0,0.266244875834151,0.00251859181909109,1.29523567072645e-05,0.00235861794088636,0.000476644316923442,0,0,2.80884502453053e-05,1.75311540322568e-05,0,0,0,0,0.132993822643021,0.00606730036217609,0.00245953973632412,0,0,0,0,0,0.00113135070248584,0,0,0,0,0,0,0,0,0.000369495035219789,0,0.00836478212164199,0,0,0,0,0,0,0,0.000313603068606146,0,0.2560801970533,0.137736109607826,0.00119515820441583,0,0.00811600004284858,0.00336561762081503,0.00176660434414388,8.12343968411359e-05,0.000869806579315834,9.15151229044248e-05,0
0,5.70412901119517e-05,2.34098599942835e-05,0,0,0,0,0,0,0,0,0,0,0,0,0,3.11397639213363e-06,0,4.93265127775506e-06,0,0,0,0,0,0,0,0,0,0,0,0,3.84030711192724e-05,0.00277455088241636,0.266244875834151,0,0,0.00183670518301587,0.000521548820128313,0.00195550119416615,0.000118893437725799,0,2.28325801917562e-05,8.27732404022029e-05,0,0,0,0.000131802785053184,0.156746553371252,0.00127716340659653,0.00819862128840061,0,0,0,0,0,0,0,0,0,0,0,0,0,0,9.75794858153912e-05,0,0,0,0,0,0,0,5.38567939850831e-05,0.000118403501414333,0,0.012764782323688,0.16283082596145,0.310538637182379,3.54836804624837e-05,0.000113718441159282,0.00555421447655292,0.0231957689204525,0.00206242771647663,0,0.00214742407545041,0,0
0,5.75320455512688e-06,0,0.000290618101071067,0,0,0,0,0,0,0,0.00347488036272103,0,0,0,0,1.54603153416526e-05,0.000139505176149362,0.000627219586280387,0.0146035797878095,0,0,0,0,0,0,0,0,0,0,0,0.000257041360319142,0.000181236121532422,0.00251859181909109,0,0,0.00876212499984637,0.0182105967787508,0,0.000539684961890539,3.85888104980931e-06,0.000400813902517422,3.77711297934962e-06,3.88901927239138e-05,0,0.00131666367807175,0,0.00339668595599787,4.06975875425766e-06,0.000503503684015678,0,0,0,0,0,0,0,0.00047118773790683,0,0,0,0,0.00972731780639578,0,0,1.17672227589321e-05,0,0,0,0,0,0,0,0,0,0.000400984500551464,0.000144203082850339,8.00257567147659e-06,0.0474719848192959,0.00253145278293175,0.00530487109485703,0,0.00654798337512051,0.000149331340731315,0.00192117908888968,6.38194661310969e-05,0
0,0,0.000932332822675003,0,9.87403619883728e-05,0,0,0,0,0,1.02273950217295e-05,0,0,0,0,0,0.00010792939367889,2.27679550943526e-05,0.000902628855609729,0,0.0031737164813728,0,0,0,0,0,0,0,0,0,0,7.35584942015398e-05,0.00119706994304573,1.29523567072645e-05,0.00183670518301587,0.00876212499984637,0,0,0.0075983080919,0.000528793930629592,0.000299335103651087,0,0.000423431406389747,0,0.000485978303364999,2.33502964648103e-06,0.0035352009516531,0.0193972228653844,0.000632101108748753,5.85188941831382e-05,0.000101595252739867,0,0,0,0,0,0,0,0,0,0,0,0,0.00479233422949012,0,0,0,0,0,0,0,0,0,1.35597582896586e-05,0,0.00163493748834841,0,0.00088722996797229,0.00651646361928998,0.0955600353351646,9.79561888015773e-06,0.00198007079226859,0.00681764070200334,2.20404085131398e-05,0.00417926186493422,0,4.62956058735293e-06
0,0,0,0,0,0,0,0,0,0.00346303616152227,0,0.0055466586665515,0,0,0,0,0,0,4.59704458967415e-05,0.000426497121925801,0,0.00290508385975503,0,0.00633038957074128,0,0,0,0,0,0.00108994132733749,0,0,0,0.00235861794088636,0.000521548820128313,0.0182105967787508,0,0,0.00229842104885462,0,0,0.000129836607787614,0,6.08054209039029e-06,0,6.513215485497e-05,0,0.00763552552027018,0.000113634806274679,0.0138312515763549,0,0,0,0,0,0.00191827632047577,0,0.000675451544858815,0,0,0,0,0.00382956294852435,0,0.00103394281990855,0,0.00639273501045118,0,0,0,1.17062898697314e-05,0,1.17631787440809e-05,0,0,0,0.000242587407781462,2.97594354984596e-05,0.0108024675810476,0,0.052028770361617,8.62757761986521e-05,0.00272123520706459,2.09318614520859e-05,0.00171589261285903,0,0
0,0,0,0,0,0,0,0,0,0,0.00612524097237074,0,0,0,0,0,0,0,1.00700370989906e-05,0,0.00220983562722642,0,0.00247990018290965,0,0.00149509537638621,0,0,0,0.000110833636255685,0,0.0033569846716834,0,0,0.000476644316923442,0.00195550119416615,0,0.0075983080919,0.00229842104885462,0,0,3.88014939727593e-06,0,1.72411032651853e-05,0,0,0,0.000338779949307182,0.00590702500144614,0.00923143183826125,5.71633529786215e-05,0,0,0,0,0,0,0.00141208256712197,0,0,0,0,0,0,0.00052944654352858,0,0.000496808004224934,0,0.000466921296809574,0,0,0,0.000111412879319169,0,0.00026430569646605,0,0,4.16620660595199e-05,0.00223944777064958,0,0.00151679866075236,1.39631493423207e-05,0.0460205335400291,0.00285953659057795,2.05503533926461e-05,0.00141510104737656,0,0
0,0,0,0.000926659062100171,0,0,0,0,0,0,0,0,0,0,0,0,8.9723013280671e-05,0.000490173375195106,0.00329548753288139,0,0,0,0,1.35219035078786e-05,0,0,0,0,0,0,0,0,0,0,0.000118893437725799,0.000539684961890539,0.000528793930629592,0,0,0,0,0.0279162029562207,0.000159909083539707,0.000493981929411675,0,0.00553781864752505,0,0.00812717275415138,0,0.0134413820600451,0,0,0,0,0,0,0,0.00017234932095211,0,7.0164034403704e-06,0,0,0.00924567534781163,0,0,0,0,0,0,0,1.30034302514773e-05,0,0.000188166984886576,3.94741357915452e-05,0,0,6.65876682911632e-05,0,0.0148560111536813,1.46178913083044e-05,0.000807724689468186,1.51240903919106e-05,0.000446509517449865,2.88177298108662e-06,0.0284246331010273,0.00402603364202524,2.0418908031341e-05
0,0,0.000903609771576512,0,0,0,0,0,7.62158236303121e-05,0,0,0,0,0,0,0,0.00364066037339254,0.0012128319221773,0.037766403797277,0,0,5.58203597504569e-05,1.69262133671754e-05,0.000108032704722419,0,0,0,0,0,0,1.78977804393154e-05,0,0,0,0,3.85888104980931e-06,0.000299335103651087,0,3.88014939727593e-06,0,0,0.000511414478155766,0.0992015240310207,0,0.00131463864030196,0.00025277508009406,0.0379055706134583,7.38142729187678e-05,0.0197344961973074,0,0,0,0,0,0,0,8.50952493758881e-06,0,0,0,0,0,0.00021771190831001,0.020464005541522,0,1.69850466511949e-05,0,0,0,0,0,0,0,0.00229389217497932,0,0,0,0,9.53928918205367e-05,0.00819516381375514,7.66477128254014e-05,0.00200786152281657,0.000811855230181747,0,0.0755545290406537,0.000421966375127977,0.00542123720954117
0,0.00516906062644716,0,0.00131300605234697,0,0,0,0,0,0,0,0,0,0,0,0,0.00111083620120117,0.0032835267782539,0.0173907865712108,0,0,6.01955205992676e-06,1.6151627005621e-05,0,0.000145825478868619,0,0,0,0,0,0,0,0,2.80884502453053e-05,2.28325801917562e-05,0.000400813902517422,0,0.000129836607787614,0,0.0279162029562207,0.000511414478155766,0,0.0168127982505079,0.00279530933881567,0,0.0428243949897555,1.44901135398286e-05,0.00190493509141824,0.0001545366196545,0.0371348814579677,0,0,0,0,0,0,0,0.00532466482291118,0,0,0,2.86724647320784e-05,0.0224641356949319,2.36993387971868e-05,0.000262253598129038,0,0,0,0,1.464024412155e-05,0.00284307488731724,0,0.0441900260410037,0.000122158761127633,0,0,3.51254102886724e-05,0,0.0166430412534172,0.000194010564135915,0.0272274834190153,0.000281648919923044,0.00255687460260024,0,0.0748886146394662,0.0429684036599158,0.000253364328728942
0.00111866267628681,0,0.00208447238204172,0,0,0,0,0,0.000222800425394733,0,0,0,0,0,0,0,0.00482804949499488,0.00120829084181353,0.0175087766733342,0,0,1.9117438017297e-05,1.61464813574007e-05,1.08471215329865e-05,1.11083889244845e-05,0,8.06358764927255e-05,0,0,0,8.99649187556376e-06,0,0,1.75311540322568e-05,8.27732404022029e-05,3.77711297934962e-06,0.000423431406389747,0,1.72411032651853e-05,0.000159909083539707,0.0992015240310207,0.0168127982505079,0,0,0.00116266278365017,0.000633662150527577,0.00870687158136489,0.00251199595458838,0.0132600505082552,1.22723217790028e-05,0,0,0,0,0,0,0.000533694996367364,0,0,0,0,0,0.000219887319447812,0.00569875797426526,0,0,0,0,0,9.78356643459858e-06,0,0,0,0.0280582767778725,0,0,0,6.95606405263119e-05,0.000275385430021957,0.0194408952276767,0.000448807199349142,0.0212223277280188,0.00288790167240518,0,0.117950280957719,0.000283475034016421,0.024841258505166
0,0,0,0,0,0,0,0,0,0,0,0,0,0,0,0,4.28445075084351e-05,5.14207656949217e-05,0.00284421521755286,0,0,0,0,0,0,0,0,0,0,0,0,0,0,0,0,3.88901927239138e-05,0,6.08054209039029e-06,0,0.000493981929411675,0,0.00279530933881567,0,0,0,0.00271792604199876,0,5.43618785720523e-05,0,0.000412608360738676,0,0,0,0,0,0,0,0,0,0,0,0,0.00118879742865081,2.43444431571741e-05,0,0,0,0,0,0,0,0,0,3.45638352009514e-05,0,0,0,0,0.000687364476951735,8.98099854062563e-06,0.000129508178852459,1.44220562106495e-05,4.65125255226324e-05,0,0.00367024328598383,0.000885673153420056,0
0.000706210600139819,0,0,0,0,0,0,0,0,0,0,0,0,0,0,0,2.41435771595558e-06,0,0.00823389594231197,0,0,0,0,0,0,0,0,0,0,0,0,0,0,0,0,0,0.000485978303364999,0,0,0,0.00131463864030196,0,0.00116266278365017,0,0,0,0.00103797947883507,0,1.82707718469439e-05,0,0,0,0,0,0,0,0,0,0,0,0,0,0,0.0002226833065921,0,0,0,0,0,0,0,0,0,0.000821886510766153,0,0,0,0,0,0.00458550900055461,0,0.000715841777168146,9.99485280753767e-06,0,0.00600909920641768,0,0.000366630857654048
0,0.000110268529649857,0,0.00211924327275474,0,0,0,0,0,0,0,0,0,0,0,0,0.00051819233491425,0.00200342533263363,0.0297953603453905,7.73713059220389e-06,0,1.91345868488525e-05,2.3799386664008e-05,0,0,0,0,0,0,0,0,0,0,0,0,0.00131666367807175,2.33502964648103e-06,6.513215485497e-05,0,0.00553781864752505,0.00025277508009406,0.0428243949897555,0.000633662150527577,0.00271792604199876,0,0,8.65980660429166e-05,0.000142651099471694,0,0.00337185008778258,0,0,0,0,0,0,0,0.000317716048229143,0,0,0,0,0.0330340387080914,5.93468722778539e-05,0,1.09955010068076e-05,0,0,0,0,2.3978698378938e-05,0,0.000329949971944003,0,0,0,0,0,0.0152037278967134,7.80797111671864e-05,0.00752132039868756,3.92651970883991e-05,0.000517536848874934,0,0.0411467039815335,0.00231194679200268,0
0,0,0.00415258600329274,0,5.00700466422948e-05,0,0,0,0.00098087388001363,0,5.58084030055628e-05,0,0,0,0,0,0.000327326076411698,0.000109317043266075,0.00988864114665038,0,0.00258508041803329,1.54871806038453e-05,0,0,0,0,0,0,0,0,0.000190913390763212,0,0,0,0.000131802785053184,0,0.0035352009516531,0,0.000338779949307182,0,0.0379055706134583,1.44901135398286e-05,0.00870687158136489,0,0.00103797947883507,8.65980660429166e-05,0,0.000459111020709148,0.00389467015949149,8.70128382419853e-06,3.43916526428232e-05,0,0,0,0.000248738670316857,0,0.000816284942747014,0,0,0,0,0,5.99433946051986e-06,0.156084478256727,0,0,0,0,0,0,0,0,0,0.0242785695469177,0,0,0,2.45598449124379e-05,1.82332734285673e-05,0.0278562135831374,0,0.0101289571538363,0.000321721663614328,0,0.0569023669518962,2.88828305248343e-05,0.000160763558386708
0.000280834524527321,0.000405224664850885,0.000175303584415564,8.27149223816149e-06,0,0,0,0,2.29935628895382e-05,0,0,0,0,0,0,0,4.27656090833803e-05,4.74596339309881e-06,0.000169538412562906,0,0,0,6.69837295870411e-05,0,0,0,0,0,0,0,0,0.0238374400389737,0.0837925809241724,0.132993822643021,0.156746553371252,0.00339668595599787,0.0193972228653844,0.00763552552027018,0.00590702500144614,0.00812717275415138,7.38142729187678e-05,0.00190493509141824,0.00251199595458838,5.43618785720523e-05,0,0.000142651099471694,0.000459111020709148,0,0.0642323146301053,0.0894033265767963,0,0,0,0,0,0,0,0,0,0,0,0,0,0,0.000215886487691195,6.61413652873065e-05,0,0,0,0,0,0,3.83263278815496e-05,0.000329939242419876,0.0680752063997954,0.21566314189044,0.0703298473750292,0.0917135975145564,0.0410849555889815,0.0159350378460154,0.0058068714929093,0.00773243522634673,0.00238107467275499,2.90354656127596e-06,0.0470081192613923,0.000194034927367285,3.35305366762229e-05
0.00571775225541689,0.000100332090442065,0.00481325025132764,0,0,0,0,0,0.000416208311041415,0,0,0,0,0,0,0,5.05337078707615e-05,1.81069878955918e-05,0.000212166121859272,0,0,0,0.00443821294111803,0,0.0290899534867219,0,0,0,0.000156290282325986,0,1.56880055572853e-05,0,0,0.00606730036217609,0.00127716340659653,4.06975875425766e-06,0.000632101108748753,0.000113634806274679,0.00923143183826125,0,0.0197344961973074,0.0001545366196545,0.0132600505082552,0,1.82707718469439e-05,0,0.00389467015949149,0.0642323146301053,0,0.0104152711847954,0,0,0,0,0.000270727764343187,0,0.00254329971992646,0,0.00271808273779185,0,0.00640997135194046,0,0,0.000150565252720896,1.55519830017036e-05,0.00751572857723479,0,0.00852027916346043,0,0,0,0.00194688924680321,0,0.00251401284302544,0,0,0.00251462331919578,0,0,0.00247367049562273,0.00050461154290667,0.00653336725924078,0.00126989509577639,0,0.0501514049236616,0,0.00133312610322384
4.3363802564218e-05,0.0624951784694153,2.23221919989467e-05,0.0203907110958817,0,0,0,0,0,0.00099835515463654,0,0,0,0,0,0,2.27183279435794e-05,1.08297547412183e-05,0.000109701050313327,0,0,0.00329067847679016,0,0.0170961803987311,0,0,0,0,0,0,0,0,0,0.00245953973632412,0.00819862128840061,0.000503503684015678,5.85188941831382e-05,0.0138312515763549,5.71633529786215e-05,0.0134413820600451,0,0.0371348814579677,1.22723217790028e-05,0.000412608360738676,0,0.00337185008778258,8.70128382419853e-06,0.0894033265767963,0.0104152711847954,0,0,0,0,0,2.51816483842623e-05,0.00366189279801274,0,0.00471324353128884,0,0.000197922857940892,0,0.000833254592438156,0.000559854670239038,0,0.00432951957477394,0,0.0284964622259411,0,0.016411200849972,0,0.0128959668002972,0,0.00368628771784423,0,0,0,0.00165333013973756,0.00588343890039682,0.00323341605356516,4.58556292181581e-05,0.00663060121350813,0.000460961286217986,0.00142762277710701,2.68010111069081e-06,0.0507899114162775,0.00376363716022305,0
0,0,0.00664546741881181,0,0.0138004971653675,0,0,0,0,0,0,0,0,0,0,0,0,0,0,0,0.00332795413201641,0,0,0,0,0,0,0,0,0,0,0,0,0,0,0,0.000101595252739867,0,0,0,0,0,0,0,0,0,3.43916526428232e-05,0,0,0,0,0,0.0118837274874624,0,0,0,0,0,0.00193472695762797,0,0,0,0,0.00528116202363015,0,0,0,0,0,0,0,0,0,0,0,0,0,0,0,2.475454998238e-05,0,0,0.000155804329159643,0,0.00228944400766547,0,0
0,0,0,0.000457227326820554,0,0.0232341386330801,0,0,0,0,0,0,0,0,0,0,0,0,0,0,0,0,0,0,0,0,0,0,0,0,0,0,0,0,0,0,0,0,0,0,0,0,0,0,0,0,0,0,0,0,0,0,0,0,0,0,0,0,0,0.000602528227799195,0,0,0,0,0,0,0,0,0,0,0,0,0,0,0,0,0,0,0,0,0,0,0,0,9.67524925593885e-05,0,0
0,0,0,0,0,0,0.000380952391424216,0,0,0,0,0,0,0,0,0,0,0,0,0,0,0,0,0,0,0,0,0,0,0,0,0,0,0,0,0,0,0,0,0,0,0,0,0,0,0,0,0,0,0,0.0118837274874624,0,0,0,0,0,0,0,0,0,0,0,0,0,0,0,0,0,0,0,0,0,0,0,0,0,0,0,0,0,0,0,0,0,0,0,0
0,0,0,0,0,0.00342891368231338,0,0.00300768455885639,0,0,0,0,0,0,0,0,0,0,0,0,0,0,0,0,0,0,0,0,0,0,0,0,0,0,0,0,0,0,0,0,0,0,0,0,0,0,0,0,0,0,0,0,0,0,0,0,0,0,0,0.000985354408523612,0,0,0,0,0,0,0,0,0,0,0,0,0,0,0,0,0,0,0,0,0,0,0.000276944490235912,0,0,0,0
0.0441799387973722,0,0.000485019408247864,0,0.00110914462237269,0,0,0,0.16395091363285,0,0,0,0,0,0,0,0,0,0,0,0,0,0,0,0.00560558239322379,0,0,0,0,0,0,0,0,0,0,0,0,0,0,0,0,0,0,0,0,0,0.000248738670316857,0,0.000270727764343187,2.51816483842623e-05,0,0,0,0,0,0,0,0,0,0,0,0,0,0,0,0,0,0.0475464815505182,0,0,0,0,0,0,0,0,0,0,0,0,0,0,2.00904021677801e-05,0,0.00285074266753734,0,0
0,0.015087182374332,0,0,0,0.0245446055368765,0,0,0,0.277788643553573,0,0,0,0,0,0.00356753707016123,0,0,0,0,0,0,0,0.00943407099064045,0,0,0,0,0,0,0,0,0,0.00113135070248584,0,0,0,0.00191827632047577,0,0,0,0,0,0,0,0,0,0,0,0.00366189279801274,0,0,0,0,0,0,0,0,0,0,0,0.0659808331192444,0,0,0,0,0.0468603494878661,0,0.0135254393718414,0,0,0,0,0,0,0,0.000264328196323326,0,0,0,0.000385043393371362,0,3.25173619577618e-05,0,0.00225792380652189,0,0
0,0,0.000159886779574235,0,6.80370507404986e-05,0,0,0,0,0,0.0627572603710877,0,0,0,0,0,0,0,0,0,0.00059585615434673,0,0,0,0,0,0,0,0,0,0.0069929221391161,0,0,0,0,0,0,0,0.00141208256712197,0,8.50952493758881e-06,0,0.000533694996367364,0,0,0,0.000816284942747014,0,0.00254329971992646,0,0,0,0,0,0,0,0,0,0.000311283700464608,0,0.00235555206472104,0,0,0.00392837674394416,0,0,0,0,0,0,0,0,0,0.0379588279545135,0,0,0,0,0,5.71782389238251e-06,0,0.00370580553075531,0,0,0.00306247806623579,0,0
0,0,0,0.00380992303100663,0,0.000392112886142092,0,0,0,0,0,0.0704462456567197,0,0,0,0,0,0,4.08542930126822e-05,0.0205488765085687,0,1.02195702449451e-05,0,0,0,0,0,0,0,0,0,0,0,0,0,0.00047118773790683,0,0.000675451544858815,0,0.00017234932095211,0,0.00532466482291118,0,0,0,0.000317716048229143,0,0,0,0.00471324353128884,0,0,0,0,0,0,0,0,0,0.0127974560816056,0,0,0.0279546471781712,0,0.00141129173899893,0,0,0,0,0,0.0456008188280662,0,0.0519973573390896,0,0,0,0,0,0.000192501370580275,0,0.00453841290232486,0,0.000545096061177153,0,0.0311650573451258,0.000741074701458278,0
0,0,0,0,0.000759194741382445,0,0,0,0,0,0,0,0.00136412868076495,0,0,0,0,0,0,0,0,0,0,0,0,0,0,0,0,0,0,0,0,0,0,0,0,0,0,0,0,0,0,0,0,0,0,0,0.00271808273779185,0,0.00193472695762797,0,0,0,0,0,0.000311283700464608,0,0,0,0.0115213512252432,0,0,0,0,0,0,0,0,2.71110587011208e-05,0,0,0,0,0,0,0,0,0,0,0,0,0,0,0,0,0
0,0,0,0.00453396636579482,0,0.00765557298545795,0,0.00164567780743303,0,0,0,0.000117126766717573,0,0.00508126549299985,0,0.000309988203210539,0,0,0,0,0,0,0,0,0,0,0,0,0,0,0,0,0,0,0,0,0,0,0,7.0164034403704e-06,0,0,0,0,0,0,0,0,0,0.000197922857940892,0,0.000602528227799195,0,0.000985354408523612,0,0,0,0.0127974560816056,0,0,0,0.00805682361548125,1.87234072869078e-05,0,0,0,0,0,0,0,0.000577987966758734,0,0,0,0,0,0,0,0,0,0,0,9.25577170171772e-07,0,0.000109976062922619,0,0
0,0,0,0,0,0,0,0,0,0,0,0,3.23541667361499e-05,0,0,0,2.44445689441077e-05,0,0,0,0,0,0,0,0,0,0,0,0,0,0,0,0,0,0,0,0,0,0,0,0,0,0,0,0,0,0,0,0.00640997135194046,0,0,0,0,0,0,0,0.00235555206472104,0,0.0115213512252432,0,0,0,0,0,0,0,0,0,0,0.000495491039256835,0,0,0,0,0,0,0,0,0,0,0,0,5.43136242914775e-06,0,0,0,0
0,0.00721660705876011,0,0.0132571233722724,0,0.00551423995611595,0,0,0,0.000898902264306342,0,0,0,0.00718308314691513,0,0.0225584908109849,0,0,0,0,0,0,0,0,0,0,0,0,0,0,0,0,0,0,0,0,0,0,0,0,0,2.86724647320784e-05,0,0,0,0,0,0,0,0.000833254592438156,0,0,0,0,0,0.0659808331192444,0,0,0,0.00805682361548125,0,0,0,0,2.14838266137101e-05,0,0,0,0.0202733615730188,0,0.000905536711591164,0,0,0,0,0,0,0,0,0,0,0,9.95786849832332e-06,0,5.98903467997116e-05,0,0
0,0,0.00011684402484303,0.00462435725387446,0,0,0,0,0,0,0,0.00109573379926151,0,0,0,0,0.000300372637392417,0.00100854583327483,0.0158236147044613,0.0734126400364178,0,7.81399962675882e-06,0,1.51717011885133e-05,0,0,0,0,0,0,0,0,0,0,0,0.00972731780639578,0,0.00382956294852435,0,0.00924567534781163,0.00021771190831001,0.0224641356949319,0.000219887319447812,0.00118879742865081,0,0.0330340387080914,5.99433946051986e-06,0,0,0.000559854670239038,0,0,0,0,0,0,0,0.0279546471781712,0,1.87234072869078e-05,0,0,0,0,0.000458227455967272,0,0,0,0,0,0.00694258211681886,0,0.0455959016820601,0,0,0,4.09145561943557e-05,0,0.0167232212663633,7.66414679130604e-05,0.0447622806820551,4.33006453134088e-06,0.000228969801937535,0,0.0354453990547798,0.00126881687977755,1.75820359568926e-05
0,0,0.00269679265459655,0,0.00592347196191475,0,0,0,0,0,0.00155619178038753,0,0,0,0,0,0.00036338544030584,0.000165324275408547,0.00348643405679235,0,0.125111554744998,1.01079581396324e-05,5.01179059616988e-06,0,0,0,0,0,0,0,0.000350496039324615,0,0,0,0,0,0.00479233422949012,0,0.00052944654352858,0,0.020464005541522,2.36993387971868e-05,0.00569875797426526,2.43444431571741e-05,0.0002226833065921,5.93468722778539e-05,0.156084478256727,0,0.000150565252720896,0,0.00528116202363015,0,0,0,0,0,0.00392837674394416,0,0,0,0,0,0,0,0,0,0,0,0,0,0,0,9.78737019421397e-06,0.0155589221837242,0,0,0,0,6.4739560766818e-06,0.0244755079516778,3.48903036822754e-06,0.00294377440112463,0.000428584153727383,0,0.0384871894023384,0,0.000171660256181934
0,0,0,0,0,0,0,0,0,0,0,0,0,0,0,0,9.51364661278559e-05,0.00194602232607725,7.343986442173e-06,0,0,0.0271379492638081,0,0.00121635142973777,0,0.00564263803307656,0,2.54252372542396e-05,0,0,0,0,0,0.000369495035219789,9.75794858153912e-05,0,0,0.00103394281990855,0,0,0,0.000262253598129038,0,0,0,0,0,0.000215886487691195,1.55519830017036e-05,0.00432951957477394,0,0,0,0,0,0,0,0.00141129173899893,0,0,0,2.14838266137101e-05,0.000458227455967272,0,0,0,0.000209063365388684,0,0.00815413886389439,0,0.0078857932649372,0,0.00113629489536426,0,0,0,0.000335611419087168,4.13656688660839e-05,0,0,0.0146198709047589,0,0.000701473696522786,0,0.000223907123570329,0.000165991835889849,0
0,0,0,0,0,0,0,0,0,0,0,0,0,0,1.65386229041935e-05,0,0.00754088942908379,0.000658553061419607,0.000329134230205198,0,0,0.000221220812684519,0.0510468870622914,0,0.00151189370432717,0,0.00499109990873012,0,0,0,0,0,0,0,0,1.17672227589321e-05,0,0,0.000496808004224934,0,1.69850466511949e-05,0,0,0,0,1.09955010068076e-05,0,6.61413652873065e-05,0.00751572857723479,0,0,0,0,0,0,0,0,0,0,0,0,0,0,0,0,0,6.39465741367716e-05,0,0,0.00051445060099358,0,0.00547953848040882,0,4.67075263302993e-05,0,0,0,0,1.25203017365959e-06,3.89430200627664e-06,0,0.0151039002068868,0.00165649121425973,0,1.50232678292343e-05,0,0
0,0.000126659292635627,0,0,0,0,0,0,0,0.00542692314984007,0,0,0,0,0,0,0.000971689986339832,0.00343870941810324,0.000627359098193307,0,0,0.000528730834689385,0,0.0656660394078709,0,0.0131870432635259,0.000345530561600721,0,0,0,0,0,0,0.00836478212164199,0,0,0,0.00639273501045118,0,0,0,0,0,0,0,0,0,0,0,0.0284964622259411,0,0,0,0,0,0.0468603494878661,0,0,0,0,0,0,0,0,0.000209063365388684,6.39465741367716e-05,0,0,0.0523052527057645,0.000245948944023675,0,0,0,0,0,0,0.002996797285346,0,5.22058142551907e-06,9.95683206840656e-06,0.0085398219609928,0,0.00026619687711754,0,0.00192892733353,6.08859255365459e-05,0
0,0,0,0,0,0,0,0,0.000657503272844803,0,0,0,0,0,0,0,0.000149249912092592,0,0,0,0,0,0.000215917807794364,0,0.0238412871443015,0,0.000403039255006642,0,0,0,0,0,0,0,0,0,0,0,0.000466921296809574,0,0,0,0,0,0,0,0,0,0.00852027916346043,0,0,0,0,0,0.0475464815505182,0,0,0,0,0,0,0,0,0,0,0,0,0,0,0.000186527772780779,0,0,0,0,0,0,0,0,0,0,0,0.000187418487968094,0.000340676618265214,0,0.00265715104159651,0,0
0,0.00220592592078357,0,0,0,0,0,0,0,0.000342202358099924,0,0,0,0,0,0,0.000450309111729032,0.0245317427166497,0.000103913180431634,0,0,0.00270142541984191,0,0.00174581308156339,0,0.0378046473950096,0.000846313783703811,0,0,0,0,0,0,0,0,0,0,0,0,0,0,0,0,0,0,0,0,0,0,0.016411200849972,0,0,0,0,0,0.0135254393718414,0,0,0,0,0,0.0202733615730188,0,0,0.00815413886389439,0,0.0523052527057645,0,0,0,0.0130871409429966,0,0,0,0,0,0,0,0,0,0,0,0.000464641303949736,0,0.00333249601068291,0,0
0,0,0,0,0,0,0,0,0,0,0,0,0,0,0.000862631837163404,0,0.00422347540277819,8.44746108335297e-05,0,0,0,0,0.00138859063252926,0,0.0081710425530747,0,0.0664359030902362,0,0,0,0,0,0,0,0,0,0,0,0,0,0,1.464024412155e-05,9.78356643459858e-06,0,0,0,0,0,0,0,0,0,0,0,0,0,0,0,2.71110587011208e-05,0,0.000495491039256835,0,0,0,0,0.00051445060099358,0.000245948944023675,0.000186527772780779,0,0,0,0,0,0,0,0,0,0,0,0,0,0,0.000252387711434857,0,0,0,0
0,0,0,0,0,0,0,0,0,0,0,2.30048785373625e-05,0,1.74090189802912e-05,0,0,0,0.000752813037707421,0,0,0,9.7096954034231e-05,0,0,0,0,0,0.00029623289447045,0,0.000360159133793391,0,0,0,0,0,0,0,1.17062898697314e-05,0,1.30034302514773e-05,0,0.00284307488731724,0,0,0,2.3978698378938e-05,0,0,0,0.0128959668002972,0,0,0,0,0,0,0,0.0456008188280662,0,0.000577987966758734,0,0.000905536711591164,0.00694258211681886,0,0.0078857932649372,0,0,0,0.0130871409429966,0,0,0,0.0161816298207748,0,0,0,0,0,9.40372314438043e-06,0,0.00654719293611473,0,0,0,0.00183172417922745,0.0013858432111917,0
0,0,0,0,0,0,0,0,0,0,0,0,0,0,0,0,0,0,0,0,0,0,0.00325293283379796,0,0,0,0,0,0.00397846685126576,0,0,0,0,0,0,0,0,0,0.000111412879319169,0,0,0,0,0,0,0,0,0,0.00194688924680321,0,0,0,0,0,0,0,0,0,0,0,0,0,0,0,0,0.00547953848040882,0,0,0,0,0,0,0,0.00124976120479773,0,0,0,0,0,0,0,0.00338736253870222,0,0,0,0,0
0,0.00180373589157382,0,0.000181265002467612,0,0,0,0,0,0,0,0.000665142833524555,0,0,0,0,0,2.28207302652053e-05,0.000283203211528271,0.000960238119132996,0,0,9.37132641149607e-06,0,0,0,0,6.70040481821903e-05,0,0.0601311336992684,0,0,0,0,5.38567939850831e-05,0,0,1.17631787440809e-05,0,0.000188166984886576,0,0.0441900260410037,0,0,0,0.000329949971944003,0,3.83263278815496e-05,0,0.00368628771784423,0,0,0,0,0,0,0,0.0519973573390896,0,0,0,0,0.0455959016820601,9.78737019421397e-06,0.00113629489536426,0,0,0,0,0,0.0161816298207748,0,0,0,0,0,9.30814812808473e-05,0,7.35001730018857e-05,0,0.012118712272037,1.65971616584096e-05,0.000388579388723046,0,0.0206100586441545,0.0378536321102932,0
