0,0,0.0236331573301672,0,0,0,0,0,0.0321621510509543,0,0,0,0,0,0,0,0,0,5.74151132247949e-05,0,0,0,0,0,0,0,0,0,0,0,0,0,0,0,0,0,0,0,0,0,0,0,7.93310013120508e-05,0,0,0,0,0,0.00459998071662452,0,0,0,0,0,0.0158245866741169,0,0,0,0,0,0.00165721037165829,0,0,0,0,0,0,0,0,0,0,0,0,0,0,0,0,0,0,0,0,0,0.000238082854248517,0,0.00275176109470941,0,0.000539006565320702
0,0,0,0.0182446632513892,0,0,0,0,0,0.0258438354683615,0,0,0,0,0,0,0,0,0,0,0,0,0,0,0,0,0,0,0,0,0,0,0,0,0,0,0,0,0,0,0,0.000660087335212444,0,0,0,0,0,0,0,0.00651175328167928,0,0,0,0,0,0.0186019825030853,0,0,0,0,0,0.00167419053655074,0,0,0,0,0,0,0,0,0,0,0,0,0,0,0,0,0,0,3.93321309068195e-06,0,1.67463951636769e-05,0,0.00907010391418629,0,0
0.0236331573301672,0,0,0,0.00514044945010587,0,0,0,0.0470866940231717,0,0,0,0,0,0,0,0,0,5.5723705498178e-05,0,3.16558251528226e-05,0,0,0,0,0,0,0,0,0,0.000224040171004563,0,0,0,0,0,0,0,7.75236057947793e-06,0,0.000192123553659562,0,0.000631923022217145,0,7.96492234505673e-05,0,0.000483634424415749,3.1263053341398e-05,0.00640196005274971,0,6.14746239034486e-05,0,0,0,0,0,0.000538702581589767,0,0.00442140943983741,0,0.000979418797376561,0,0,0.000420727256895045,0,0,0,0,0,0,0,0,0,0.000563163359014384,0,0,0,0,0,1.32218115509744e-05,0,4.05960985048069e-05,0.000202838679257579,2.50824635803401e-05,0.0263889123213229,0,0.000489229734313562
0,0.0182446632513892,0,0,0,0,0,0,0,0.00690573979133438,0,0,0,0,0,0,0,0,6.73721870743978e-05,0,0,0,0,0,0,0,0,0,0,0,0,0,0,0,0,2.10731944146602e-05,1.09936043617797e-05,0,0,0.00383568430297856,0,0.00112397156584029,0,0,0,0.00178336339054023,0,0.000171717548982524,3.33401723695364e-05,0.00662666165149853,0,0,0,0,0,0.0122458643885645,0,0.00566117662163144,0,0.000260565571845126,0,0.00840999943730045,0.000931550000553451,0,0,0,0,0,0,0,0,0,0.000577832564136103,0,0,0,0,0,2.27706331135009e-05,0,4.82956450616411e-05,0,0.000138467228465078,1.54739931553352e-05,0.00985740669607542,6.52877537489099e-05,0
0,0,0.00514044945010587,0,0,0,0.00560882160950592,0,0.000165459634224607,0,4.17545658049502e-05,0,0,0,0,0,0,0,1.93297750694547e-05,0,0.0134758015778356,0,0,0,0,0,0,0,0,0,8.00454013931582e-05,0,0.000685986788118399,0,0,0,0.000793394643521842,0,5.48749443732348e-06,0.0002313817260412,0.000853278062552881,0,0.000384941144606102,0,0,0,0.00181471434552613,0.00156070669164817,0.00596859187831859,0.000186011200994653,0.0701651059117544,0,0,0,0.0113666670456287,0,0.000194742899644745,0,0.00027978537358244,0,0.00603422914163164,0,0,0.0513328612685015,0,0,0,0,0,0,0,0,0,0.000502143556118602,0,0.00018224074505547,0,2.42603243710479e-05,0,0.00144489537536334,0,1.36639410968292e-05,0.000550836569442036,1.43567591794317e-05,0.0175714382367078,0,0.000348577821516219
0,0,0,0,0,0,0,0,0,0.00755162011165816,0,0,0,6.9691268436145e-05,0,0,0,0,4.94954755713307e-05,0.00097827005390301,0,0,0,0,0,0,0,0,0,0,0,0,0,0,0,0.000124854433339579,0,0,0,0.000512851547913384,0,0.000144615094261595,0,5.86404594570497e-05,0,0.00100898877607421,0,6.74330631389782e-05,0,0.000390169312708156,0,0.00275714427214446,0,0,0,0.00803692397327704,0,0,0,0.000448200771643315,0,0.000634065505598624,0.00140989023354229,0,0,0,0,0,0,0,0,0,0,0,0,0,0,0,1.17046935657303e-05,0,0,0,8.19562455734415e-05,4.98418169633553e-06,0.0021261721771439,0,0
0,0,0,0,0.00560882160950592,0,0,0,0,0,0.021376865333378,0,0,0,0,0,0,0,0,0,0.00558131649467702,0,0,0,0,0,0,0,0,0,0,0,0,0,0,0,0,0,0,0,0,0,0,0,0,0,0,0,0,0,0,0,0.0193363978969951,0,0,0,0.00302460786938052,0,0,0,0,0,0,0,0,0,0,0,0,0,0,0,0,0,0,0,0,0,0,0,0,0,0.000466819218277455,0,0,0,0
0,0,0,0,0,0,0,0,0,0,0,0,0,0.00531276183125212,0,0,0,0,0,0,0,0,0,0,0,0,0,0,0,0,0,0,0,0,0,0,0,0,0,0,0,0,0,0,0,0,0,0,0,0,0,0,0,0.000956480143941008,0,0,0,0,0,0.000338800952688345,0,0,0,0,0,0,0,0,0,0,0,0,0,0,0,0,0,0,0,0,0,0,3.10826885652205e-06,0,0,0,0
0.0321621510509543,0,0.0470866940231717,0,0.000165459634224607,0,0,0,0,0.000207887402315057,0,0,0,0,0.021874419667962,0,0.0112728041029977,0.000955732319871399,0.00318162876779303,0,6.67369683507836e-05,0,0.000527886003913863,0,0.0583745652877261,0.000199093551984941,0.0213792507408009,0,0,0,6.9026351246647e-05,0,0,0,0,0,0,0,0.000269807178462718,4.05384327902909e-05,0.000166735655514758,0,0.000204551578101449,0,0,0,0.000274758087437428,0,0.00711193199787283,0,5.74983883880583e-05,0,0,0,0.127279512088382,0,0.000235742761993614,0,1.52711985112919e-05,0,0.0095139372862331,0,1.90658356090101e-05,0.000254090192526537,0,0.000124977327828309,0,0,0,0.00951804274123399,0,0,0,0.00074122036437621,0,0,0,0,0,2.00621135795717e-05,4.00506261515597e-06,4.96734023543965e-05,0.00417207845084001,2.49819190635715e-05,0.011614207691547,0,0
0,0.0258438354683615,0,0.00690573979133438,0,0.00755162011165816,0,0,0.000207887402315057,0,0,0,0,0,0,0.00010497419065102,0.000210591973118147,0.00128686863733352,9.61720125732867e-05,0,0,1.47458467702455e-05,0,0.00844877114524594,0,0.0010992172243046,0,0,0,0,0,0,0,0,0,0,0,0.000986668510760306,0,0,0,0.00051422965165412,0,0,0,0,0,0,0,0.000190674256581262,0,0,0,0,0,0.106028042276551,0,0,0,0,0,0,3.88272693115132e-05,0,7.93369250305545e-06,0,0,0,0.000230528481572137,0,0,0,0,0,0,0,0,0,0,0,0,0,0.00144717579075645,4.3630938260873e-05,0.000233829267394939,0,0
0,0,0,0,4.17545658049502e-05,0,0.021376865333378,0,0,0,0,0,0.000752287356316828,0,0,0,1.38770382807887e-05,6.10937824652302e-05,0.000395948762483077,0,0.0208089231362507,0,0,0,0,0,0,0,0.000607964571842506,0,0.00588213091723123,0,0,0,0,0,0.001021894056782,0,0.00548095293172095,0,0.000266979011817702,0,0.000163090966210991,0,0.000117187939282258,0,0.000864439295281598,7.64529408650208e-05,7.29508704075568e-05,3.21270220161376e-05,6.67771144186428e-05,0,0.00569409874404242,0,0,0,0.0992037678791826,0,6.08498522233147e-05,0,5.54099605733454e-05,0,0,0.00315473898406004,0,0,0,0,0,0,0,0,0,0.00327709433439511,0,0,0,0,0,0.000176158372915843,0,0.00081265882609297,0.00178853170848661,0,0.000490052024801081,0,0.000498948432503489
0,0,0,0,0,0,0,0,0,0,0,0,0,0,0,0,0,2.49718518523031e-06,8.85054232376351e-06,0.021957957151004,0,0,0,0,0,0,0,0,0,0.00766921288397135,0,0,0,0,0,0.00071571453668918,0,0.0122929743079831,0,2.06421076582143e-05,0,1.3666947610455e-05,0,0,0,0.000281531056953782,0,1.25951045012212e-05,0,0,0,0,0,0,0,0,0,0.0524475053486071,0,0.00174289863038534,0,0,0.0099535729468946,0,0,0,0,0,0,0,0,0,0.00841537293872433,0,0,0,0,0,0.00180922487869212,0,0.00931072059815947,0,0.000342723749594069,0,0.00049860964484623,0,0
0,0,0,0,0,0,0,0,0,0,0.000752287356316828,0,0,0,0.000166917045135051,0,0,0,0,0,0,0,0,0,0,0,0,0,0,0,0.000374953124264721,0,0,0,0,0,0,0,0,0,0,0,0,0,0,0,0,0,0,0,0,0,0,0,0,0,0,0,0.00210058579641849,0,0,0,0,0,0,0,0,0,0,0,0,0,0,0,0,0,0,0,0,0,0,0,9.15327632355911e-06,0,0,0,0
0,0,0,0,0,6.9691268436145e-05,0,0.00531276183125212,0,0,0,0,0,0,0,0,0,0.000547119555221517,0,0,0,3.99157062643121e-05,0,0.000110429604429736,0,0.00151095878533815,0,0,0,0,0,0,0,0,0,0,0,0,0,0,0,0,0,0,0,0,0,0,0,3.98357235652505e-05,0,0,0,0,0,0,0,2.6156944993776e-05,0,0.00736401346730107,0,0.00928607814449304,0,0,5.42024628738366e-05,0,0,0,0,0,0,0,0,0,0,0,0,0,0,0,0,0,7.24065636215391e-06,0,0,0,0
0,0,0,0,0,0,0,0,0.021874419667962,0,0,0,0.000166917045135051,0,0,0.000417085273264575,0.0150808857187223,0.000405143442563665,0.000592712333094386,0,0,6.95673153776272e-05,0.00089088688252606,0,0.0132715589182832,0,0.0645734374399109,0,0.00114508769475986,0,0,0,0,0,0,0,0,0,0,0,0,2.98625319559895e-05,0,0.000363785991897899,0,0,0,0,0.000110291069626831,0,0,0,0,0,0.0139231186847386,0,0,0,0,0,0.0274124319030578,0,0,0,0,0.000410091734688693,0,0,0,0.049026975985533,0,0,0,0,0,0,0,0,1.10105322851232e-05,0,0,0,0.00171442485701593,9.30151777647667e-06,0,0,0
0,0,0,0,0,0,0,0,0,0.00010497419065102,0,0,0,0,0.000417085273264575,0,4.05998753770607e-05,0.000940546655807311,0,0,0,0.00021834589139543,0,0.00464620663407,0,0.0172396854367235,0,0,0,0,0,0,0,0,0,0,0,0,0,0,0,0.000106287903556381,0,0,0,0,0,0,0,5.51844706676006e-05,0,0,0,0,0,0.0158073867087587,0,0,0,0,0,0.00504321002204801,0,0,1.54160320145307e-05,0,3.9969957301622e-05,0,0.00398208236278935,0,0,0,0,0,0,0,0,0,0,0,0,0,0.000170321026077334,0,0,0,0
0,0,0,0,0,0,0,0,0.0112728041029977,0.000210591973118147,1.38770382807887e-05,0,0,0,0.0150808857187223,4.05998753770607e-05,0,0.145947412304608,0.0686724300990657,0,0,0.00107087560669292,0.0128915516352745,0.00237699975002242,0.0189345070658134,0.00135200220631064,0.0752978202636706,0,0.000214320131680923,0,5.89299466948847e-05,0,0,0,0,6.71964657503108e-05,4.35180109632014e-05,0,1.18399449594992e-05,0.0010269438851726,0.00238263254575062,0.000793982457503943,0.00236570063128044,5.80039237231339e-05,0.000117335039917944,0.000380939461945855,0.000557689000794849,1.05784680175056e-05,3.12146383770463e-05,3.26978923887084e-06,4.25364675686019e-06,0,0,0,0.000585603765364477,0,8.35147470897653e-05,1.86852809769354e-05,0,0,0.00465695640291264,0,0.000266487928677891,8.86879316093336e-05,0.000273324297365802,0.000974536752803309,0,7.275571839794e-05,0.00034160720705314,0.0233175212303216,1.26664848725247e-05,0,5.51256118049476e-05,0.000417553840887146,0,0,0,0,0.00108318950014208,0.00285578236585175,0.000220172490671066,0.000885506122436957,0.0325059090404557,0.0012546526971684,0.00185499235371407,0.000143754558213056,0.000679554504368243
0,0,0,0,0,0,0,0,0.000955732319871399,0.00128686863733352,6.10937824652302e-05,2.49718518523031e-06,0,0.000547119555221517,0.000405143442563665,0.000940546655807311,0.145947412304608,0,0.0588411765041668,0,0,0.0187711434117312,0.00250868307211207,0.0253001944104934,0.00582852864173923,0.0541319790847572,0.00147510567835182,0.000354370588396475,0,0,0,0,0,0,0,0.000126307127401214,1.61503945393677e-05,2.05481349219577e-06,1.5951751922215e-05,0.00194520972293659,0.000815062410077333,0.00239454141088066,0.000969037596607727,0.000356741447427241,6.77392450887919e-05,0.00088687950528432,0.000122299890543136,5.46249745341179e-06,0,2.6100669552721e-05,0,0,0,0,9.40495885074893e-06,0,4.81465706757172e-05,9.41728121300722e-05,0,0,0.00014656609558818,3.35034904740535e-06,0.000480730610991594,8.9739993506502e-06,0.00332412335137672,0.00012956850310824,7.90555434504848e-05,0,0.0117584217688851,0.00124904734069879,0,0,0.000188581428265837,0.000192886460892647,0,0,0,0,0.00294795950642658,0.000903943623657351,0.000594692126400389,0.000127023840757833,0.0321539861549558,0.000743725446109816,0.0014265869847647,0.000349073555865671,0.000154466136230925
5.74151132247949e-05,0,5.5723705498178e-05,6.73721870743978e-05,1.93297750694547e-05,4.94954755713307e-05,0,0,0.00318162876779303,9.61720125732867e-05,0.000395948762483077,8.85054232376351e-06,0,0,0.000592712333094386,0,0.0686724300990657,0.0588411765041668,0,0,0.000244554334313287,0.000675055865200694,0.000719410553845388,0.00473849853766631,0.00377797437578549,0.000839162071506247,0.00129880728577317,0,0,4.72150672266194e-06,0.000901058865749337,0,0,0,0,0.00132416193177711,0.000600405513207255,0,0.000186323824948476,0.019580642780437,0.0330128037157045,0.0125017267709873,0.0168779058617302,0.0072529565790198,0.000433647393676476,0.016233089562179,0.0124822597248735,4.90112464636545e-05,0.000309462096193401,0.000127383803410425,0,0,0,0,0,6.30408915152615e-05,0.0020245310250656,0.000463620316920273,5.59689421125281e-06,0,0.000141565602076237,0,0.00690358902781078,0.00111391153761155,0.000168036856645036,6.91780752221441e-05,0,0,0.000398445276314119,0.000876553967942162,0,2.22180032490379e-05,0.00240033351757847,0.00624330759103046,0,0,0,0,0.0204449191530277,0.0246964923007494,0.00420119176852209,0.0069500198426609,0.0121173498421989,7.27968666052369e-05,0.035051073019093,0.00508968984118633,0.00787710524915922
0,0,0,0,0,0.00097827005390301,0,0,0,0,0,0.021957957151004,0,0,0,0,0,0,0,0,0,0,0,0,0,0,0,0,0,0.000976245706140642,0,0,0,0,0,0.00681745939066147,0,0.00289020789301689,0,2.1618098957025e-05,0,5.77753168354238e-05,0,0,0,0.000548495787790325,0,0,0,1.00660512165202e-05,0,4.28940415123425e-05,0,0,0,0,0,0.000447744345716098,0,0,0,0,0.0320436855106304,0,0,0,0,0,0,0,0,0,0.00445903331540002,0,0,0,0,0,0.00845400049815498,1.53862343152984e-06,0.000909462814089188,0,0.000175312048820014,0.000171572904054534,0.000426325528235545,0,0
0,0,3.16558251528226e-05,0,0.0134758015778356,0,0.00558131649467702,0,6.67369683507836e-05,0,0.0208089231362507,0,0,0,0,0,0,0,0.000244554334313287,0,0,0,0,0,0,0,0,0,0,0,0.00491162434627671,0,0,0,0,0,0.00203261982999999,0,0.00231440770361946,8.26126928696203e-05,0.000554689810853417,7.46480034117072e-06,0.000384169052834676,0,9.16737229449448e-05,0,0.00541774190539382,0.000235996006132838,0.000270165508151977,0,0.00065885219971778,0,0.000823926339169032,0,0,0,0.00631602584585597,0,0.000201286795565146,0,0,0,0,0.0981151430070681,0,0,0,0,0,0,0,6.42926859239506e-05,0,0.00387898716959297,0,0,0,0,1.45259146296084e-06,0.00683689084013239,0,0.00219408263972151,0.000638701371661954,7.16966066985954e-07,0.00316532664871811,0,0.000125502110795538
0,0,0,0,0,0,0,0,0,1.47458467702455e-05,0,0,0,3.99157062643121e-05,6.95673153776272e-05,0.00021834589139543,0.00107087560669292,0.0187711434117312,0.000675055865200694,0,0,0,0.000679440703431432,0.00562593752043861,0.000111270135123088,0.00761013093577628,0.000278372596674134,0,0,0,0,0,0,0,0,0,0,0.0152597386786044,0,9.83791904033803e-06,0,0,7.9845196117043e-06,0,0,0,0,0.000237724003850897,1.06862961717298e-05,0.00801117014672238,0,0,0,0,0,0,0,0,0,0,0,0,0,0,0.0652816165747748,0,0,0,0.000417925354458093,7.45977268744279e-05,0,0,0,0,0,0,0,0,0,0,0.00694433974477558,0,0.00657806084296515,0.000772018680378681,0.000255004153198351,0,0
0,0,0,0,0,0,0,0,0.000527886003913863,0,0,0,0,0,0.00089088688252606,0,0.0128915516352745,0.00250868307211207,0.000719410553845388,0,0,0.000679440703431432,0,2.51458573955457e-05,0.00381934554495572,0,0.0119553427399722,0,0.000574044783874289,0,0,0,0,0,0,0,0,0,0.0112279900019596,0,2.75706069701592e-05,3.25044894904872e-06,2.5508499561555e-05,0,0,2.36773728760868e-06,0,0,0.00264029121183222,0,0,0,0,0,0.000187639451876923,0,0,0,0,0,0.000530032745622043,0,0,0,0,0.0510694418807471,0,0.00014447478753864,0,0.00249929123743086,0,0,0,5.23240510891699e-06,0,0,0,0,7.73624517293108e-06,2.15288707705592e-05,0,0.00314217001139219,0.00554695765219138,0.000932731710123328,2.86951978288996e-05,0,0
0,0,0,0,0,0,0,0,0,0.00844877114524594,0,0,0,0.000110429604429736,0,0.00464620663407,0.00237699975002242,0.0253001944104934,0.00473849853766631,0,0,0.00562593752043861,2.51458573955457e-05,0,0.000429715421287199,0.0377916001848335,0.000561801886275241,0,0,0,0,0,0,0,0,0,0,0.00444655192144036,0,0,0,0,0,0,0,1.51273055651548e-05,0,6.55088416622734e-05,0,0.0104356869907907,0,0,0,0,0,0.000759358065893096,0,0,0,0,0,0,0,0,0.000404300585434696,0,0.208924953383835,0,0.00530084533144908,0.000188504583209993,0,0,0.000171958731578825,0,0,0,0,0,5.68316053007928e-06,0,0.000755404684364388,0,0.00412415665518866,2.12972246809145e-05,0.000924688414790806,0,0
0,0,0,0,0,0,0,0,0.0583745652877261,0,0,0,0,0,0.0132715589182832,0,0.0189345070658134,0.00582852864173923,0.00377797437578549,0,0,0.000111270135123088,0.00381934554495572,0.000429715421287199,0,0.000510485397553426,0.0560734805461754,0,0,0,0,0,0,0,0,0,0,0,0.0020422561674498,0,1.92576348594701e-05,5.19538218317466e-05,3.67470631303956e-05,0,0,5.3401884884785e-05,0,0,0.0240255490403794,0,0,0,0,0,0.00463005712700537,0,0,0,0,0,0.00168431378677377,0,2.00172824827132e-05,0,0,0.00222353350405739,0,0.0993073263859096,0.000292450736202231,0.0147314739098832,0,0,0,0,0,0,0,0,6.45011712349132e-06,5.65451928455753e-06,0,1.07197886279339e-05,0.00439445616781378,3.68111490596971e-05,0.00107992822898839,0,0
0,0,0,0,0,0,0,0,0.000199093551984941,0.0010992172243046,0,0,0,0.00151095878533815,0,0.0172396854367235,0.00135200220631064,0.0541319790847572,0.000839162071506247,0,0,0.00761013093577628,0,0.0377916001848335,0.000510485397553426,0,0.000729917282831671,0,0,0,0,0,0,0,0,0,0,0,0,2.22387188476367e-05,0,0,0,0,0,0,0,0,0,0,0,0,0,0,0,0,0,0,0,0.000142880928650759,0,0.00120773715166291,0,0,0.00426213863713128,0,0.00797787371954155,0,0.065487368588057,0,0,0,0,0,0,0,0,0,0,4.10749720223147e-06,0,0,0.00249286055361556,0,0,0,0
0,0,0,0,0,0,0,0,0.0213792507408009,0,0,0,0,0,0.0645734374399109,0,0.0752978202636706,0.00147510567835182,0.00129880728577317,0,0,0.000278372596674134,0.0119553427399722,0.000561801886275241,0.0560734805461754,0.000729917282831671,0,0,0.0028895190968054,0,0,0,0,0,0,0,0,0,0,0,0,0,6.96922459873794e-05,0,0,0,0,0,0,0,0,0,0,0,0.002284005802231,0,0,0,0,0,0.0106407714494411,0,0,0,0,0.00217097001433239,0,0.00120331226836982,0,0.28637771216857,0,0.000979402068100373,0,0,0,0,0,0,4.23793492792916e-06,0,0,0,0.00617206511060319,5.5448166829485e-05,3.55276436725767e-05,0,0
0,0,0,0,0,0,0,0,0,0,0,0,0,0,0,0,0,0.000354370588396475,0,0,0,0,0,0,0,0,0,0,0,0.00011824873945443,0,0,0,0,0,0,0,0,0,0,0,0,0,0,0,0,0,0,0,0,0,0,0,0,0,0,0,0,0,0,0,0,0,0,0.000159769933816278,0,0,0,0,0,0.019053669454937,0,0.00896702929161849,0,0,0,0,0,0,0,0.000200142169052811,0,8.15803928263936e-05,0,0,0,0
0,0,0,0,0,0,0,0,0,0,0.000607964571842506,0,0,0,0.00114508769475986,0,0.000214320131680923,0,0,0,0,0,0.000574044783874289,0,0,0,0.0028895190968054,0,0,0,0.00246763421844014,0,0,0,0,0,0,0,0,0,0,0,0,0,0,0,0,0,0,0,0,0,0,0,0,0,0,0,0,0,0.000199168583809695,0,0,0,0,0.000345943230446852,0,0,0,0.0125061301527855,0,0.0111938749069329,0,0,0,0,0,0,0,0,0,0,9.93423417395904e-05,0,0,0,0
0,0,0,0,0,0,0,0,0,0,0,0.00766921288397135,0,0,0,0,0,0,4.72150672266194e-06,0.000976245706140642,0,0,0,0,0,0,0,0.00011824873945443,0,0,0,0,0,0,0,0,0,0,0,1.84703467320801e-05,0,0,0,0,0,0.000237406002226102,0,0,0,0,0,0,0,0,0,0,0,0.00280581438531228,0,0,0,0,0.0015751130504733,0,0,0,0,0,0,0,0,0,0.0569075472444608,0,0,0,0,0,1.53227957497603e-05,0,0.000782397291729182,0,9.30120108932897e-06,0,2.78663959896099e-05,0,0
0,0,0.000224040171004563,0,8.00454013931582e-05,0,0,0,6.9026351246647e-05,0,0.00588213091723123,0,0.000374953124264721,0,0,0,5.89299466948847e-05,0,0.000901058865749337,0,0.00491162434627671,0,0,0,0,0,0,0,0.00246763421844014,0,0,0,0,0,0,0,2.48694433923664e-05,0,6.1725919026867e-05,3.45735888612111e-05,0.0013797921698183,0.000134199584066442,0.00190017732536142,0,0,0,0.00350745571483268,0.000117980137158365,0.000249870025195948,0,0.000892026880537865,0,0,0,0,0,0.0188639450548014,0,0.000153064535585371,0,0.000129502621752001,0,0,0.00678276775368624,0,0,0,0,0,0,0,0,7.11467162975883e-05,0.0446822911863982,0,0,0,6.28675090932375e-05,6.66065806541934e-06,0.000273174684747689,0,5.77110345552924e-05,9.64716964341388e-05,0,0.00138144707012263,0.000128739242701761,0.00454044114333597
0,0,0,0,0,0,0,0,0,0,0,0,0,0,0,0,0,0,0,0,0,0,0,0,0,0,0,0,0,0,0,0,0.0322931995919267,0.00154127797065396,0,0.00123590985523802,0,0,0,0,0,0,0,0,0,0.000215091097873488,0,0.141001453750114,0,0.00160085291936338,0,0,0,0,0,0,0,0,0,0,0,0,0,0,0,0,0,0,0,0,0,0,0,0,0.238056263203256,0.0279032432178813,0.00823980812823534,0.000108770175509018,0.00944773633648087,0.00010236996456252,0,0,0.00267714152137042,0,0.00020789340152912,0,0
0,0,0,0,0.000685986788118399,0,0,0,0,0,0,0,0,0,0,0,0,0,0,0,0,0,0,0,0,0,0,0,0,0,0,0.0322931995919267,0,0,0.00456172387246757,0.000340462830695795,0.00476821101614244,0,0,0,1.6539566908072e-05,0,0,0,0,0,0.000222361477300792,0.0990671890950807,0.00619580372566837,0.000918148130726277,0.00116369656729393,0,0,0,0,0,0.000175850212171732,0,5.4082060727996e-05,0,2.49333148866205e-05,0,0,3.87674283652459e-05,0,0,0,0,0,0,0,0,0,0,0.0374757889003491,0.653306890418249,0,0.0132511838144439,0.00128376541298911,0.00983059342909913,0,0,0.000153357344011302,0,0.000649185124229173,0,0
0,0,0,0,0,0,0,0,0,0,0,0,0,0,0,0,0,0,0,0,0,0,0,0,0,0,0,0,0,0,0,0.00154127797065396,0,0,0.0335525527843892,0.00180721611206994,0,0.00163416186202093,0,0,0,0,0,0,0,5.95830354586696e-05,0,0.157691784644664,0.000774181437734388,0.00123365884393625,0,0,0,0,0,0,0,0,0,0,0,0,0,0,0,0,0,0,0,0,0,0,0,0,0.0234376677014018,0,0.443976284436203,0.0438167433345973,0.0030129824472551,0,0.00491412164815329,0.00112554154747668,0.00142696842912505,0.00028157596881212,0.00012564504365304,0,0
0,0,0,0,0,0,0,0,0,0,0,0,0,0,0,0,0,0,0,0,0,0,0,0,0,0,0,0,0,0,0,0,0.00456172387246757,0.0335525527843892,0,0,0.00267510014224195,0,0.00374247246133244,0,1.62858825930418e-05,0,0.000405892031931232,0,0,0,7.77899713398471e-05,0.138000303650969,0.000762509172416944,0.00151869599244079,6.91477409514585e-05,0,0,0,0,0,0,0,0,0,0,0,0,0,0,0,0,0,0,0,0,0,0,0,0.000396761899599807,0.00844478161294766,0.0565853633326867,0.450614568252136,0,0.00415836986529679,0.000133324951629734,0.0070553898081339,0.00222242723999891,0,0.000115739584230905,0,0
0,0,0,2.10731944146602e-05,0,0.000124854433339579,0,0,0,0,0,0.00071571453668918,0,0,0,0,6.71964657503108e-05,0.000126307127401214,0.00132416193177711,0.00681745939066147,0,0,0,0,0,0,0,0,0,0,0,0.00123590985523802,0.000340462830695795,0.00180721611206994,0,0,0.00563926674187779,0.0109023315937296,0,0.000303196808531114,7.11825264503507e-06,0.000326988102063886,2.6641954118624e-05,0.000601891108155363,0,0.00154214119732944,7.05141093908067e-06,0.00711679734955675,1.98491051680459e-05,3.76604453664691e-05,0,1.62214272725163e-05,0,0,0,0,0,0.000229644114552788,0,6.88539518609981e-06,0,1.99595868531736e-05,0.00123431339493148,0,0,0,0,0,0,0,0,0,8.85297351475295e-05,0,0.000813131483765875,4.68850848538923e-05,0,0,0.0845729153468772,0.00147451006607862,0.00195687574868834,2.03564375770719e-06,0.00928187212558387,0.000601039689740896,0.00127285925248761,9.2712724278194e-05,9.77922558677108e-06
0,0,0,1.09936043617797e-05,0.000793394643521842,0,0,0,0,0,0.001021894056782,0,0,0,0,0,4.35180109632014e-05,1.61503945393677e-05,0.000600405513207255,0,0.00203261982999999,0,0,0,0,0,0,0,0,0,2.48694433923664e-05,0,0.00476821101614244,0,0.00267510014224195,0.00563926674187779,0,0,0.011842296489241,6.05102344954431e-05,0.000318396608134434,7.2834472643726e-06,0.000203475822366371,0,1.01090702172001e-05,1.20254197639117e-06,0.00206206117272457,0.00719465041668462,0.000348413897304051,6.51953270095108e-06,0.000156115766345738,0,0,0,0,0,0.000104339408156007,0,1.57359412319678e-05,0,5.17572663173574e-06,0,1.79174101369334e-06,0.000487827485388862,0,0,0,0,0,0,0,0,0,4.5936172941467e-05,0,0.000794318153255719,0,0.00016859491471721,0.0042879157974595,0.113210380479652,2.10581257969142e-06,0.00622976893103994,0.0153396463330296,0.000339612787308199,0.000965614488396384,0,1.34065303090173e-05
0,0,0,0,0,0,0,0,0,0.000986668510760306,0,0.0122929743079831,0,0,0,0,0,2.05481349219577e-06,0,0.00289020789301689,0,0.0152597386786044,0,0.00444655192144036,0,0,0,0,0,0,0,0,0,0.00163416186202093,0,0.0109023315937296,0,0,0.000477727429216688,2.33283416101182e-06,0,0.000393384680721722,5.44035625534738e-06,8.09033697555417e-05,0,5.25790670767761e-05,0,0.000487697428052493,2.02707062672792e-05,0.00889611690099417,0,0,0,0,0,1.89028069817758e-05,0,7.21970344031239e-05,0,0,0,0,0.00292276278463759,0,0.00250323784257768,0,0.000234725206049791,0,0,0,1.43639528082679e-05,0,0.000157807345083036,0,0,0,0,0,0.00256822600542245,0,0.0619810623442303,3.80364090818081e-06,0.00460802239978129,0.000379045496557545,0.0030514549129573,0,0
0,0,7.75236057947793e-06,0,5.48749443732348e-06,0,0,0,0.000269807178462718,0,0.00548095293172095,0,0,0,0,0,1.18399449594992e-05,1.5951751922215e-05,0.000186323824948476,0,0.00231440770361946,0,0.0112279900019596,0,0.0020422561674498,0,0,0,0,0,6.1725919026867e-05,0,0,0,0.00374247246133244,0,0.011842296489241,0.000477727429216688,0,6.10415721290884e-06,8.10116069819705e-05,1.65683376327576e-05,0.0020224977737754,0,4.57957415843255e-06,0,0.000228761765060512,0.000392655935455458,0.00529951934637368,0,2.01331195022452e-05,0,0,0,0.000278272828890366,0,0.000236384271390789,1.26434313949111e-05,7.05359854828307e-06,0,0,0,0,0.000291566673156278,0,0.000873295242413908,0,0.000958174927425643,0,0,0,0,0,0.000227472431222329,0,0,0,0,5.86131359442703e-06,0.00103900782220381,0,0.092067813214954,0.0060307833038918,1.44665821164362e-05,0.00199782562773248,0,9.04060258566204e-05
0,0,0,0.00383568430297856,0.0002313817260412,0.000512851547913384,0,0,4.05384327902909e-05,0,0,2.06421076582143e-05,0,0,0,0,0.0010269438851726,0.00194520972293659,0.019580642780437,2.1618098957025e-05,8.26126928696203e-05,9.83791904033803e-06,0,0,0,2.22387188476367e-05,0,0,0,1.84703467320801e-05,3.45735888612111e-05,0,0,0,0,0.000303196808531114,6.05102344954431e-05,2.33283416101182e-06,6.10415721290884e-06,0,0.000619921105163226,0.0516663860806972,0.000836780435588508,0.00851039760939256,0,0.022255788000792,0.000172442819375597,0.00712915526743837,0,0.019224401468659,0,0.000110504758012986,0,0,0,0.00176949919075794,9.85185408431733e-05,0.00196063180531593,0.000125878804499032,9.10018008346508e-05,0,0.000287484973705532,0.0383720678072481,2.29367823515445e-05,0,0,0,0,0,0,3.21287303323529e-05,0,0.00409013974153046,0.00016951428211798,0,0,0,0,0.0141497295241131,0.000121911045646689,0.00325981733769404,7.22073617524193e-05,0.000706915192746282,6.35064018538875e-05,0.0501250483250519,0.00836525079824429,2.73460293881422e-05
0,0,0.000192123553659562,0,0.000853278062552881,0,0,0,0.000166735655514758,0,0.000266979011817702,0,0,0,0,0,0.00238263254575062,0.000815062410077333,0.0330128037157045,0,0.000554689810853417,0,2.75706069701592e-05,0,1.92576348594701e-05,0,0,0,0,0,0.0013797921698183,0,1.6539566908072e-05,0,1.62858825930418e-05,7.11825264503507e-06,0.000318396608134434,0,8.10116069819705e-05,0.000619921105163226,0,0.000804552323603381,0.0605339542693512,0.000425490307128395,0.00141184663605841,0.000230633038462002,0.0280212540953193,0.000679586127112384,0.0454586692608066,0,0.00112945728181101,0,0,0,0,0,0.00148919613924144,0.000168633681006409,0.000150450767397206,0,3.96148072904579e-05,0,4.56969690747136e-05,0.0110781621845587,0,0,0,0,0,0,0,4.16142096631577e-05,0.000174605134710281,0.00600924891663529,0,0,0,0,0.000299469686538144,0.0196185367936494,8.84648600756433e-05,0.00398842637414767,0.000594366956452024,7.37200171801792e-05,0.0530291117505311,7.43968040431283e-05,0.00320128621666693
0,0.000660087335212444,0,0.00112397156584029,0,0.000144615094261595,0,0,0,0.00051422965165412,0,1.3666947610455e-05,0,0,2.98625319559895e-05,0.000106287903556381,0.000793982457503943,0.00239454141088066,0.0125017267709873,5.77753168354238e-05,7.46480034117072e-06,0,3.25044894904872e-06,0,5.19538218317466e-05,0,0,0,0,0,0.000134199584066442,0,0,0,0,0.000326988102063886,7.2834472643726e-06,0.000393384680721722,1.65683376327576e-05,0.0516663860806972,0.000804552323603381,0,0.00784150797704662,0.0017792400961031,0,0.0049722582889145,6.84833310968153e-05,0.00300325756742256,0.000358914060051116,0.0162017480383804,0,0,0,0,0,0.00108859389831996,0.000211187865660696,0.0157317211338824,0,4.73230607954817e-05,0,0.000280418068735921,0.0233355867487793,5.74534362475603e-05,0,0,0,0,0,0,3.50989056335387e-05,0,0.0323732058975889,0.000642200684705819,0,0,0,0,0.0158726876736856,0.000457421943673823,0.0114870874005054,0.0002934073796488,0.00256375389144575,6.32322427644355e-05,0.0915125886656377,0.0450969328429858,0.00106007960826776
7.93310013120508e-05,0,0.000631923022217145,0,0.000384941144606102,0,0,0,0.000204551578101449,0,0.000163090966210991,0,0,0,0,0,0.00236570063128044,0.000969037596607727,0.0168779058617302,0,0.000384169052834676,7.9845196117043e-06,2.5508499561555e-05,0,3.67470631303956e-05,0,6.96922459873794e-05,0,0,0,0.00190017732536142,0,0,0,0.000405892031931232,2.6641954118624e-05,0.000203475822366371,5.44035625534738e-06,0.0020224977737754,0.000836780435588508,0.0605339542693512,0.00784150797704662,0,0.000166386334303238,0.000396175414786551,0.000406922183059711,0.0103756812100055,0.0077821401743614,0.0171734435992448,0.000511952667402014,0.000338446493349418,0,0,0,0,0,0.00910110794185331,1.01130965676534e-05,0.000223078876158683,0,5.63203210254853e-05,0,0.000218601734240764,0.0251011489222885,0,0,0,0,0,2.82538792138283e-05,0,0.000687726353003066,0.000183761494932225,0.0505427510887842,0,1.00709566657549e-05,2.37093980516703e-05,0,0.000440760187731106,0.0161290749672534,0.00014970668849455,0.00548415876453332,0.00322458699524618,9.2456673596032e-05,0.112979448810128,0.000511329892038051,0.0570296670396549
0,0,0,0,0,5.86404594570497e-05,0,0,0,0,0,0,0,0,0.000363785991897899,0,5.80039237231339e-05,0.000356741447427241,0.0072529565790198,0,0,0,0,0,0,0,0,0,0,0,0,0,0,0,0,0.000601891108155363,0,8.09033697555417e-05,0,0.00851039760939256,0.000425490307128395,0.0017792400961031,0.000166386334303238,0,0,0.00358192098179297,0,0,0,0.000101308949908478,0,0,0,0,0,0,0,0.00204362241084544,0,1.28827776705912e-05,0,0,0.00239512303825,0,0,0,0,0,0,0,0,0,0.013647815605667,0,0,0,0,0,0.00521774486814384,1.70659989238481e-05,0.00446951619369657,0,2.43936124715187e-05,0,0.00279883307466381,0.00163767905745288,0.000932468882725322
0,0,7.96492234505673e-05,0,0,0,0,0,0,0,0.000117187939282258,0,0,0,0,0,0.000117335039917944,6.77392450887919e-05,0.000433647393676476,0,9.16737229449448e-05,0,0,0,0,0,0,0,0,0,0,0,0,0,0,0,1.01090702172001e-05,0,4.57957415843255e-06,0,0.00141184663605841,0,0.000396175414786551,0,0,0,0.000232958373697551,0,0.000177507273142474,0,0,0,0,0,0,0,0.000284791136109612,0,0,0,0,0,0,3.31662625666113e-05,0,0,0,0,0,0,0,0,0,0.000490690838707151,0,0,0,0,0,0.000310421373453864,0,0.000328059592706313,2.11989101969293e-05,0,0.00231339944475956,0,0.000103929114432609
0,0,0,0.00178336339054023,0,0.00100898877607421,0,0,0,0,0,0.000281531056953782,0,0,0,0,0.000380939461945855,0.00088687950528432,0.016233089562179,0.000548495787790325,0,0,2.36773728760868e-06,1.51273055651548e-05,5.3401884884785e-05,0,0,0,0,0.000237406002226102,0,0.000215091097873488,0,5.95830354586696e-05,0,0.00154214119732944,1.20254197639117e-06,5.25790670767761e-05,0,0.022255788000792,0.000230633038462002,0.0049722582889145,0.000406922183059711,0.00358192098179297,0,0,5.10954382142437e-05,0.00247034868754324,4.92223339926931e-05,0.0146843458701343,8.73963692590851e-05,0.000727411672731526,0,0,0,0.00187389542853546,0,0.00387389174681039,0,0.000161813295180328,0,0.000347847872703333,0.0446254363321972,2.1442653599652e-05,0,0,0,0,1.71846797878711e-05,0,0,0,0.0113620893508967,0,0,0,0,0,0.014959072799322,9.47280566295119e-05,0.00284006901960649,6.50377103441973e-05,0.000339716882354235,4.35878885743122e-05,0.0210700157292192,0.000749133891716838,0.000110307175390257
0,0,0.000483634424415749,0,0.00181471434552613,0,0,0,0.000274758087437428,0,0.000864439295281598,0,0,0,0,0,0.000557689000794849,0.000122299890543136,0.0124822597248735,0,0.00541774190539382,0,0,0,0,0,0,0,0,0,0.00350745571483268,0,0.000222361477300792,0,7.77899713398471e-05,7.05141093908067e-06,0.00206206117272457,0,0.000228761765060512,0.000172442819375597,0.0280212540953193,6.84833310968153e-05,0.0103756812100055,0,0.000232958373697551,5.10954382142437e-05,0,0.000646911955234535,0.00513419439932255,0.000194317360293352,0.000462599703049166,0,0,0,0,0,0.00319764648182557,0,1.30995494632613e-05,0,0,0,0.000126821044138982,0.0196257941595951,0,0,0,0,0,0,0,0.00013093186248432,0,0.00870442634176896,0,0,0,8.76572672530345e-05,8.11609473481739e-05,0.0233640131051938,1.51113915341804e-05,0.0039054572512626,0.000431084321860873,0.000101557734145195,0.0153120399937776,0,0.00379333017883909
0,0,3.1263053341398e-05,0.000171717548982524,0.00156070669164817,6.74330631389782e-05,0,0,0,0,7.64529408650208e-05,1.25951045012212e-05,0,0,0,0,1.05784680175056e-05,5.46249745341179e-06,4.90112464636545e-05,0,0.000235996006132838,0.000237724003850897,0,6.55088416622734e-05,0,0,0,0,0,0,0.000117980137158365,0.141001453750114,0.0990671890950807,0.157691784644664,0.138000303650969,0.00711679734955675,0.00719465041668462,0.000487697428052493,0.000392655935455458,0.00712915526743837,0.000679586127112384,0.00300325756742256,0.0077821401743614,0,0,0.00247034868754324,0.000646911955234535,0,0.0576530126135262,0.0700092182706949,0.00180888912582822,0,0,0,0,0.000384011210845188,0.000421147398083189,0.000297226828687848,0.00031771291842305,1.89338869041777e-05,9.51611444336135e-05,0.000106324791471277,2.63950568361735e-05,0.000222290915103256,0.000106112757781335,0,0,0,0,0,0,1.84791718226759e-05,0.00018444358546487,0.000401844651929234,0.0479155401727928,0.287029626308423,0.0895351486298771,0.130427264506002,0.036284752515877,0.0232056356269608,0.0197631049613112,0.0286470916439656,0.00728211247294196,9.14941422898793e-05,0.0218233623731017,0.00018489345286378,0.000104415271953407
0.00459998071662452,0,0.00640196005274971,3.33401723695364e-05,0.00596859187831859,0,0,0,0.00711193199787283,0,7.29508704075568e-05,0,0,0,0.000110291069626831,0,3.12146383770463e-05,0,0.000309462096193401,0,0.000270165508151977,1.06862961717298e-05,0.00264029121183222,0,0.0240255490403794,0,0,0,0,0,0.000249870025195948,0,0.00619580372566837,0.000774181437734388,0.000762509172416944,1.98491051680459e-05,0.000348413897304051,2.02707062672792e-05,0.00529951934637368,0,0.0454586692608066,0.000358914060051116,0.0171734435992448,0,0.000177507273142474,4.92223339926931e-05,0.00513419439932255,0.0576530126135262,0,0.00711272902683518,0.00731152028286505,0,0,0,8.80786823636249e-05,1.61853262257493e-05,0.00268511819548722,0,0.000919433867950436,0,0.00036003060449764,0,0,0.00119854745501621,0,0.000410330783260293,0,0.00464650530504849,0,0,0,0.0161049172155367,0,0.00305602832621046,0,0.00120826921961407,0.00173440202725233,0.000573489574086747,8.96519765278865e-07,0.00166666188341724,0.000824238988631964,0.0141424104745038,0.00397601843562638,0.000179710059788337,0.0397404104907361,2.03296027203507e-05,0.000886705462607057
0,0.00651175328167928,0,0.00662666165149853,0.000186011200994653,0.000390169312708156,0,0,0,0.000190674256581262,3.21270220161376e-05,0,0,3.98357235652505e-05,0,5.51844706676006e-05,3.26978923887084e-06,2.6100669552721e-05,0.000127383803410425,1.00660512165202e-05,0,0.00801117014672238,0,0.0104356869907907,0,0,0,0,0,0,0,0.00160085291936338,0.000918148130726277,0.00123365884393625,0.00151869599244079,3.76604453664691e-05,6.51953270095108e-06,0.00889611690099417,0,0.019224401468659,0,0.0162017480383804,0.000511952667402014,0.000101308949908478,0,0.0146843458701343,0.000194317360293352,0.0700092182706949,0.00711272902683518,0,0.000620886026072347,0.000423904971191725,0,0,0,0.0029331779228098,0.000101183367639367,0.0119696767491385,6.6266896428392e-05,0.010934097076144,1.28107216177949e-05,0.00729601819060325,0.000859106147179444,0.000100641352514041,0.0087911106589296,0,0.00917640212876993,0,0,0,0.020536156606734,0,0.0257167591737632,5.96063709472087e-05,0.000299570804752284,0.000204719735316329,0.000115054555122197,0.000843491950961336,0.00519270992623334,4.71483716643582e-05,0.0131012288244217,0.00104456559839284,0.00239038346004732,0.000144314558392608,0.0507095128094386,0.00115840963578764,0
0,0,6.14746239034486e-05,0,0.0701651059117544,0,0,0,5.74983883880583e-05,0,6.67771144186428e-05,0,0,0,0,0,4.25364675686019e-06,0,0,0,0.00065885219971778,0,0,0,0,0,0,0,0,0,0.000892026880537865,0,0.00116369656729393,0,6.91477409514585e-05,0,0.000156115766345738,0,2.01331195022452e-05,0,0.00112945728181101,0,0.000338446493349418,0,0,8.73963692590851e-05,0.000462599703049166,0.00180888912582822,0.00731152028286505,0.000620886026072347,0,0,0,0,0.00633015744198055,0,0.000872097837281391,0,0,0,0.00191754328718201,0,0,0.0119642503013105,0,0,0,0,0,0,0,2.1968799616603e-05,0,0.00168142625723296,0,0.000336643688017603,0,0.000287265830303366,0,0.000713558384005759,0,0.000221950103967137,0.000156660541933527,3.19771649307678e-06,0.00566259759304186,0,8.07430137895341e-05
0,0,0,0,0,0.00275714427214446,0,0,0,0,0,0,0,0,0,0,0,0,0,4.28940415123425e-05,0,0,0,0,0,0,0,0,0,0,0,0,0,0,0,1.62214272725163e-05,0,0,0,0.000110504758012986,0,0,0,0,0,0.000727411672731526,0,0,0,0.000423904971191725,0,0,0,0,0,0,0,0.00103184594733128,0,0.00242307333513441,0,0.0163591409620717,0.00078639832143079,0,0,0,0,0,0,0,0,0,0,0,0,0,0,0,2.00508431889394e-05,0,0,0,3.54546972648214e-06,0,0.000280038368282882,0,0
0,0,0,0,0,0,0.0193363978969951,0,0,0,0.00569409874404242,0,0,0,0,0,0,0,0,0,0.000823926339169032,0,0,0,0,0,0,0,0,0,0,0,0,0,0,0,0,0,0,0,0,0,0,0,0,0,0,0,0,0,0,0,0,0,0,0,0.000224372280688122,0,0,0,0,0,0,0,0,0,0,0,0,0,0,0,0,0,0,0,0,0,0,0,0,0,0.000464761894837533,0,0,0,0
0,0,0,0,0,0,0,0.000956480143941008,0,0,0,0,0,0,0,0,0,0,0,0,0,0,0,0,0,0,0,0,0,0,0,0,0,0,0,0,0,0,0,0,0,0,0,0,0,0,0,0,0,0,0,0,0,0,0,0,0,0,0,0,0,0,0,0,0,0,0,0,0,0,0,0,0,0,0,0,0,0,0,0,0,0,3.11878193315351e-06,0,0,0,0
0.0158245866741169,0,0,0,0.0113666670456287,0,0,0,0.127279512088382,0,0,0,0,0,0.0139231186847386,0,0.000585603765364477,9.40495885074893e-06,0,0,0,0,0.000187639451876923,0,0.00463005712700537,0,0.002284005802231,0,0,0,0,0,0,0,0,0,0,0,0.000278272828890366,0,0,0,0,0,0,0,0,0,8.80786823636249e-05,0,0.00633015744198055,0,0,0,0,0,0,0,0,0,0.015710675570347,0,0,0,0,0,0,0,0,0.000177099894019598,0,0,0,0,0,0,0,0,0,0,0,0,0.000248499947892401,0,0.000778621880317021,0,0
0,0.0186019825030853,0,0.0122458643885645,0,0.00803692397327704,0,0,0,0.106028042276551,0,0,0,0,0,0.0158073867087587,0,0,6.30408915152615e-05,0,0,0,0,0.000759358065893096,0,0,0,0,0,0,0,0,0,0,0,0,0,1.89028069817758e-05,0,0.00176949919075794,0,0.00108859389831996,0,0,0,0.00187389542853546,0,0.000384011210845188,1.61853262257493e-05,0.0029331779228098,0,0,0,0,0,0,0,9.74545800322369e-05,0,0,0,0.00667745691839827,0.000604662435942861,0,0,0,0.00103989103274626,0,0,0,0,0,0.000168532521778027,0,0,0,0,0,1.27525288492921e-05,3.22147225682856e-06,7.24028516859405e-06,0,7.29219890346427e-05,1.94942099868019e-06,0.00372800319168762,0.000626055210251743,0
0,0,0.000538702581589767,0,0.000194742899644745,0,0.00302460786938052,0,0.000235742761993614,0,0.0992037678791826,0,0,0,0,0,8.35147470897653e-05,4.81465706757172e-05,0.0020245310250656,0,0.00631602584585597,0,0,0,0,0,0,0,0,0,0.0188639450548014,0,0.000175850212171732,0,0,0,0.000104339408156007,0,0.000236384271390789,9.85185408431733e-05,0.00148919613924144,0.000211187865660696,0.00910110794185331,0,0.000284791136109612,0,0.00319764648182557,0.000421147398083189,0.00268511819548722,0.000101183367639367,0.000872097837281391,0,0.000224372280688122,0,0,0,0,0,0.0050974198083678,0,0.000261556671443163,0,0,0.0248658407738166,0,0,0,0,0,0,0,0.000734106852618396,0,0.0341639069321384,0,1.03202709498965e-05,0,1.6567104939547e-05,2.08316734586769e-05,0.000477036276825988,0,0.000601633232830357,0.000536403897738215,5.73357772881688e-06,0.00936846074327313,0.000100802168651409,0.0043479084135678
0,0,0,0.00566117662163144,0,0,0,0,0,0,0,0.0524475053486071,0,2.6156944993776e-05,0,0,1.86852809769354e-05,9.41728121300722e-05,0.000463620316920273,0.000447744345716098,0,0,0,0,0,0,0,0,0,0.00280581438531228,0,0,0,0,0,0.000229644114552788,0,7.21970344031239e-05,1.26434313949111e-05,0.00196063180531593,0.000168633681006409,0.0157317211338824,1.01130965676534e-05,0.00204362241084544,0,0.00387389174681039,0,0.000297226828687848,0,0.0119696767491385,0,0.00103184594733128,0,0,0,9.74545800322369e-05,0,0,0,0.00586789867497899,0,0.00167690171621076,0.038045032152618,0,0,0,0,0,0,0,0.00355850951449774,0,0.0314958677263594,0,0,0,0,0,0.000333847245670452,1.51583793241859e-05,0.00333600919053102,4.97624945567992e-06,3.88051504046545e-05,5.03427909486651e-06,0.0229836696078771,0.00896565320192867,0
0,0,0.00442140943983741,0,0.00027978537358244,0,0,0,1.52711985112919e-05,0,6.08498522233147e-05,0,0.00210058579641849,0,0,0,0,0,5.59689421125281e-06,0,0.000201286795565146,0,0,0,0,0,0,0,0,0,0.000153064535585371,0,5.4082060727996e-05,0,0,0,1.57359412319678e-05,0,7.05359854828307e-06,0.000125878804499032,0.000150450767397206,0,0.000223078876158683,0,0,0,1.30995494632613e-05,0.00031771291842305,0.000919433867950436,6.6266896428392e-05,0,0,0,0,0,0,0.0050974198083678,0,0,0,2.33669839742271e-05,0,0,0.000140339851499392,0,0,0,0,0,0,0,0,0,0.000769826631708877,0,0,0,0,0,0.00011063687016473,0,0.000149291832758871,6.64549313042114e-06,5.21201205077512e-06,0.00188850020060718,0,4.54672294954266e-05
