0,0,0.00762646517028133,0,0,0,0,0,0.068352904890887,0,0,0,0,0,0,0,0.000382823702994788,0,0.00418148084990603,0,0,0,0,0,0,0,0,0,0,0,0,0,0,0,0,1.01604426168647e-05,6.43400027245693e-05,0,0,0,0.000361563457608879,0,0.016491316505225,0,0,0,7.03574266905154e-05,0,0.00460737437082993,0,0.000378325001572477,0,0,0,0.0872265940030603,0,0.000382025434153831,0,0.000106726205675706,0,0.000360262511223286,0,0,0.000236624115447774,0,0,0,0,0,0,0,1.82680178563631e-05,0,0.00333618790550585,0,0,0,0,0,0.000188885984801206,0,0.000108154847404891,0.00043673827936649,0,0.0100344822491596,0,0.000195285507028891
0,0,0,0.00819931935251377,0,0,0,0,0,0.12126221335872,0,0,0,0,0,0.00752744254187607,9.38707289970367e-05,9.45396417742143e-05,0.00231241714184753,1.68992519381048e-05,0,0,0,0,0,0,0,0,0,0,0,0,0,0,0,0.000525861979405009,1.97322690086022e-06,0.000321382650169824,0,0.000696984126070239,3.30756500517889e-05,0.0956313546356977,0.000119465820296856,0.00250294636654283,0,0.00261381636400193,0.000191154414557595,0,0,0.0522266455488556,0,0,0,0,0,0.00374115440127934,2.14280670106314e-05,0.00088079562701568,0,0,0,0.0361228710059836,0.000350776032965693,0,0,0,0.000233803151967469,0,0.0090436399905687,0,0,0,0.0135606914672534,0,0,0,0,0,0.000703721736326795,5.37474277816452e-05,0.000446001325880408,0,0.00154368436933156,8.18588201090228e-05,0.0438765816171853,0.00042828494281396,0
0.00762646517028133,0,0,0,0.0333530677935725,0,0,0,0.0225941885001054,0,0,0,0,0,0,0,0.000139866655261903,6.39085887568511e-05,7.13689998872287e-05,0,6.55179447067494e-05,0,0,0,0,0,0,0,0,0,0,0,0,0,0,2.33372773788872e-05,0.000849526477341206,0,0,0,0.00404847034700863,0,0.0105950977393931,0,0.000543503372545503,9.11533150143645e-05,0.00197879584484032,0,0.00715522264910542,0,0.0863511815557336,0,0,0,0.0953500920131964,0,0.00487195378322339,0,0.00452954647444433,0,0.00637110011928302,0,0,0.000271249835530874,0,0,0,0,0,0,0,2.71733911621401e-05,0,0.00530657810139581,0,0,0,0,1.44860963790509e-05,0.00044155366945665,0,1.57025335845574e-05,0.000807857716327602,0,0.0144960887586715,0,0.00123348616065587
0,0.00819931935251377,0,0,0,0.0348133974662318,0,0,0,0.0740553056480211,0,0,0,0,0,0.00401903608373861,0.000116834537639588,9.55380626910398e-05,0.00185841485357881,0.0105307151461591,0,0,0,0,0,0,0,0,0,0,0,0,0,0,0,0.00163560262810425,1.70903446296271e-05,0,0,0.00149078146146909,0.000215721031995566,0.00877671765708481,8.38752214704398e-05,0.00801713422599524,0.000151157188998599,0.0087643843056162,8.79703372766781e-05,0,0,0.00738272638205,0,0.0413192233608163,0,0,0,0.120351531535858,0,8.66842199811755e-05,0,0,0,0.0083338155683178,0.00943622453168816,0,0,0,0,0,0,0,0,0,0.00590685207386373,0,0,0,0,0,0.00251443922454091,4.32405290422322e-06,0.000266081228608983,0,0.00244523356925001,0.000224730531036628,0.0295787380983141,9.17589161188413e-05,0
0,0,0.0333530677935725,0,0,0,0,0,0.000615763536188751,0,0,0,0,0,0,0,0,0,0,0,0,0,0,0,0,0,0,0,0,0,0,0,0,0,0,0,0.000518453915165942,0,0,0,0.000569607951414384,0,0.000157885059931967,0,0,0,0.000182670285182472,0,0.000133239867441931,0,0.0396501688574443,0,0,0,0.000901530124281531,0,0.00736361660835476,0,0.000662737888140528,0,0.00388915786577559,0,0,0,0,0,0,0,0,0,0,0,0,0.000450427324835199,0,0,0,0,5.51211320477754e-06,7.75255938962531e-06,0,0,0.00105923714749521,0.00014545990756977,0.00297336657903748,0,0
0,0,0,0.0348133974662318,0,0,0,0.0112474081020338,0,6.8016651016686e-05,0,0,0,0,0,0.000771586284213815,0,0,0,0,0,0,0,0,0,0,0,0,0,0,0,0,0,0,0,0.000655192696309037,0,0,0,0,0,0,0,0,0,0,0,0,0,0,0,0.120140943720279,0,0.00394179757600536,0,0.000829853364382167,0,9.92345354797891e-05,0,0.000826436221195103,0,0.00390329347155274,0,0,0,0,0,0,0,0,0,0,0,0,0,0,0,0,8.06903131121461e-05,0,0,0,0.00237934241940709,0.000386530471511109,9.26900970728932e-05,0,0
0,0,0,0,0,0,0,0,0,0,0.00292466371322038,0,0.00176956949551407,0,0,0,0,0,0,0,0,0,0,0,0,0,0,0,0,0,0,0,0,0,0,0,0,0,0,0,0,0,0,0,0,0,0,0,0,0,0,0,0.00807166294432435,0,0,0,0.0118507631535139,0,0.00145953963738685,0,0,0,0,0,0,0,0,0,0,0,0,0,0,0,0,0,0,0,0,0,0,0,0.0004843461372927,0,0,0,0
0,0,0,0,0,0.0112474081020338,0,0,0,0,0,0,0,0,0,0,0,0,0,0,0,0,0,0,0,0,0,0,0,0,0,0,0,0,0,0.00164923626779222,0,0,0,0,0,0,0,0,0,0,0,0,0,0,0,0.0014286082700984,0,0.00659644941097417,0,0,0,8.52333250804804e-05,0,0.00330682454345877,0,0,0,0,0,0,0,0,0,0,0,0,0,0,0,0,0,0,5.51515812287742e-05,0,0,0,0.000540240483132183,0.000146265063631528,0,0,0
0.068352904890887,0,0.0225941885001054,0,0.000615763536188751,0,0,0,0,0,0,0,0,0,0.00159259856816977,0,0,0,6.62208051182487e-05,0,0,0,0,0,0.000523770136773401,0,0,0,0,0,0,0,0,0,0,0,1.11172350381395e-05,0,0.000110480039472519,0,0,0,0.00493415152195796,0,0,0,1.32146008088788e-05,0,0.00264015470525318,0,0,0,0,0,0.11932087027548,0,0.000816902030648548,0,0.000382374869942986,0,0.000622476689618789,0,0,1.16373569542384e-05,0,0,0,0.0126013353762176,0,0.000310163803321878,0,0,0,0.00122379874314595,0,0,0,0,0,3.23886628226218e-06,0,0.000116655152564316,0.000881206360343515,0.00157018552677679,0.0099069714278341,0,0.00124143898805731
0,0.12126221335872,0,0.0740553056480211,0,6.8016651016686e-05,0,0,0,0,0,0,0,0,0,0.0189187595094726,2.00774334381591e-05,0.000203317119962971,0.00127613320200843,0,0,0,0,0.0430928772003337,0,0,0,0,0,0,0,0,0,0,0,1.99905790295674e-05,0,0.00186399481227478,0,0.000163565429278059,0,0.00960471153345851,2.28179442441964e-05,0.00209705489471002,0.000325252030957448,0.000425731295980523,0.00011274405004901,0,0,0.00266551593632152,0,0,0,0,0,0.090225300589273,0,0,0,0,0,0.00717289211928377,3.22288879318316e-05,0,0,0,0.0194295516732882,0,0,0,0,0,0.00225292322786825,0,0,0,0,0,7.41206063966726e-05,2.32783419935805e-06,0.00027986816370775,0,0.00247826178699899,0.000441536144761055,0.00819838465111996,0.000134372067126471,0
0,0,0,0,0,0,0.00292466371322038,0,0,0,0,0,0.000186242854397278,0,0,0,0,0,0,0,0.00321185662956985,0,0,0,0,0,0,0,0,0,0.00205452334816576,0,0,0,0,0,0.000771323500499538,0,0.00403753436835538,0,0,0,0,0,0,0,0,0,0,0,0,0,0,0,0,0,0.0679596331108483,0,0.0116311908693581,0,0,0,0,0.000409573746468463,0,0,0,0,0,0,0,0,0,0,0,0,0,0,0,5.05464880755811e-05,0,0,0.00138256837739749,0.00013959229456996,3.78090593453409e-06,0,0
0,0,0,0,0,0,0,0,0,0,0,0,0,0.0235539833173709,0,0,0,0,0,0.00859022626211225,0,0,0,0,0,0,0,0,0,0,0,0,0,0,0,0.00612121414779761,0,0.0119305281900893,0,0,0,0,0,0,0,1.34787467398758e-05,0,0,0,0,0,0,0,0,0,0,0,0.156838155382594,0,0.00339539212821346,0,0,0.00551701067915041,0,0,0,0,0,0,0,0,0,0.0288029586580691,0,0,0,0,0,0.000510059927441658,0,0.00115244867032476,0,0.00284453877619245,0.000970742737862828,8.79618330067943e-05,0,0
0,0,0,0,0,0,0.00176956949551407,0,0,0,0.000186242854397278,0,0,0,0,0,0,0,0,0,0,0,0,0,0,0,0,0,0,0,0,0,0,0,0,0,0,0,0,0,0,0,0,0,0,0,0,0,0,0,0,0,0,0,0,0,0.0062563829127828,0,0.00416563977568934,0,0,0,0,0,0,0,0,0,0,0,0,0,0,0,0,0,0,0,0,0,0,0,8.24826971920921e-05,0,0,0,0
0,0,0,0,0,0,0,0,0,0,0,0.0235539833173709,0,0,0,0,0,9.79408195206262e-05,0,0,0,0,0,0,0,0,0,0.003153814745719,0,0,0,0,0,0,0,0,0,0,0,0,0,0,0,0,0,0,0,0,0,0,0,0,0,0.00140295234843049,0,0,0,0.00564021453024123,0,0.0812115909316236,0,0,0,0,0,0,0,0,0,0,0.000743025647095115,0,0,0,0,0,0,0,0,0,0,0,0.000708955807479336,0.00224214894295141,0,0,0
0,0,0,0,0,0,0,0,0.00159259856816977,0,0,0,0,0,0,0,0,0,0,0,0,0,0,0,0,0,0,0,0,0,0,0,0,0,0,0,0,0,0,0,0,0,0,0,0,0,0,0,0,0,0,0,0,0,0,0,0,0,8.79147865562617e-05,0,0.0214584059417687,0,0,0,0,0,0,0,0,0,0,0,0,0,0,0,0,0,0,0,0,0,3.00857887411761e-06,0.000305834729579144,0,0,0
0,0.00752744254187607,0,0.00401903608373861,0,0.000771586284213815,0,0,0,0.0189187595094726,0,0,0,0,0,0,0,6.0931793724181e-05,0,0,0,0,0,0.0168210990023783,0,0.000119626499250756,0,0,0,0,0,0,0,0,0,0,0,0,0,0,0,0,0,0,0,0,0,0,0,0.0104018298712837,0,0.00114795013010942,0,0,0,0.025324272465863,0,0.00385202336034327,0,0.00127649965132416,0,0.0561285948415222,0,0,0,0,0.000206489171476985,0,0.000537975452450918,0,0,0,0.000169270597915296,0,0,0,0,0,0,0,0,0,0.000408945248364736,0.000294008089136188,1.70493802538149e-05,0,0
0.000382823702994788,9.38707289970367e-05,0.000139866655261903,0.000116834537639588,0,0,0,0,0,2.00774334381591e-05,0,0,0,0,0,0,0,0.161900623327413,0.0699184353820667,0,0,0,0.00274409648348379,0,0.0051931676046626,0,0.0118210885600637,0,0,0,0,0,0,0,4.88571309569473e-05,0.000485976231505037,0.000886439622523991,0,0,0.000705773913754646,0.00183580042530614,0.00110157124473026,0.00122013113809039,0.000587056022501945,0.000685451701000897,0.00329724707717342,0.0049509306905501,0,8.68402241413848e-06,1.22606558208119e-05,0,0,0,0,0,0,0.000245668171298752,0,0,0,0,0,0.00018381060281619,0.000261695771030547,0,0,0,0,0,0,0,0,0,0.00151491045021217,0,0,0,0,0.00135535821901289,0.00171675096891982,0.000351790685459298,8.43533536680304e-05,0.0257070868817585,0.000820721287418728,0.00661708688656855,0.00020437118001789,0.000576047258654004
0,9.45396417742143e-05,6.39085887568511e-05,9.55380626910398e-05,0,0,0,0,0,0.000203317119962971,0,0,0,9.79408195206262e-05,0,6.0931793724181e-05,0.161900623327413,0,0.0478513694119396,0,0,0.00235612353766161,7.32657432242517e-05,0.000719588499991537,0.000471670891472562,0.007530668987225,0.000401155511245424,0.000298664395375216,0,0,0,0,0,0,0,0.000255917740938424,0.000399071092395066,0,0,0.000385124703755598,0.000513640321944332,0.00101220100025677,0.000274996180235523,0.000753956069775872,0.000370418094896153,0.00296496746264283,0.00166358101879858,0,2.14893881429946e-06,4.0351931596528e-05,0,0,0,0,0,6.72899152866661e-05,0.000117506095710698,0,0,0,0,0,0.000232397760618898,7.63232014654433e-05,0,0,0.000390725730509691,0,0,0,0,0,0.000144343404855978,0.000363558583399234,0,0,0,0,0.000947413604394622,0.000667057615936694,0.000118013363673378,4.29643729506798e-06,0.0284569647478932,0.00196591900387135,0.0023243918264862,0.000147940662072977,0.000229157481935105
0.00418148084990603,0.00231241714184753,7.13689998872287e-05,0.00185841485357881,0,0,0,0,6.62208051182487e-05,0.00127613320200843,0,0,0,0,0,0,0.0699184353820667,0.0478513694119396,0,0,0,0,7.98561240430827e-05,0,0.000233994585811482,0,7.3787779717884e-05,0,0,0,0,0,0,0,0,0.0034072738100459,0.00649426568162101,5.68490685337207e-06,0,0.0123910808807215,0.0229584227532619,0.0617483858934063,0.0182048213620895,0.0119160676889379,0.0110929953570934,0.0503389385644298,0.0375785356518722,0,0.00102017500642628,0.0024616011833052,0,0,0,0,0,0.000278158999820817,0.00125383165945413,5.82297951412368e-05,0,0,0,4.16968804850844e-05,0.00314703768555084,0.00253211185871019,0,0,0,0,0,0,0,0,0.00522288365954302,0.00479216365812901,0,0,0,0,0.0115611068974507,0.0102037121240038,0.00205287456197543,0.000418028367626265,0.0108747551849542,0.000219623948798342,0.061549824727715,0.0146712230428835,0.0109506229591856
0,1.68992519381048e-05,0,0.0105307151461591,0,0,0,0,0,0,0,0.00859022626211225,0,0,0,0,0,0,0,0,0,0,0,0,0,0,0,0,0,0,0,0,0,0,0,0.0144960346522421,0,0.00218480422697176,0,2.1213879875007e-05,0,4.39109003594635e-05,0,0,0,0.0036743766393284,0,0,0,0.000381362510131651,0,0,0,0,0,0,0,0.000370632146554565,0,0,0,0,0.154178291479779,0,0,0,0,0,0,0,0,0,6.79178582807179e-05,0,0,0,0,0,0.00759579462152774,0,0.000116075790746135,0,0.00287714950842536,0,0.00502013778898564,0,0
0,0,6.55179447067494e-05,0,0,0,0,0,0,0,0.00321185662956985,0,0,0,0,0,0,0,0,0,0,0,0,0,0,0,0,0,0,0,0,0,0,0,0,0,0.0140827129238363,0,9.3498450526358e-06,0,0,0,6.75631507905063e-05,0,0,0,0.000275947297933148,0,0,0,0,0,0,0,0,0,0.00427947084048361,0,3.75252112197568e-05,0,0,0,0,0.114025556243234,0,0,0,0,0,0,0,0,0,0.00015893057360003,0,0,0,0,0,0.00372203840736743,0,0.000733618715403016,0.000502250709221918,0,0.00427541297670796,0,0
0,0,0,0,0,0,0,0,0,0,0,0,0,0,0,0,0,0.00235612353766161,0,0,0,0,0.00698410069432248,0.000600216779664828,0,0.000106751068028057,0,0.000652351976768353,0,0,0,0,0,0,0,0,0,0.0190171938628672,6.66755562752044e-06,0,0,0,0,0,0,0,0,0,0,0.00015461309820633,0,0,0,0,0,0,0,0,0,0,0,0,0,0,0.119315479279729,0,0.000350765246534754,0,0.00020775846970142,0,0.00136868487070229,0,0,0,0,0,0,0,0,0,0.0062520496704704,0,0.00515145994729319,0.000822396529892615,1.22321234828637e-05,0,0
0,0,0,0,0,0,0,0,0,0,0,0,0,0,0,0,0.00274409648348379,7.32657432242517e-05,7.98561240430827e-05,0,0,0.00698410069432248,0,0,0.00107963908894924,0,0.00283413048470709,0,0.000512530348051272,0,0,0,0,0,0,1.5422774739655e-05,0,0,0.00874158661003682,0,0,0,0,0,0,3.91726425982982e-06,2.15035093550642e-05,0,0.00251904502736992,0,0,0,0,0,0,0,0,0,0,0,0,0,0,0,0.000293266591138299,0.0838329010268545,0,1.10670924738033e-05,0,0,0,0.000474986972390583,0,0,0,0,0,0,0,0,0,0.0026915478415373,0.00113572569583015,0,1.45049846817687e-05,0,0
0,0,0,0,0,0,0,0,0,0.0430928772003337,0,0,0,0,0,0.0168210990023783,0,0.000719588499991537,0,0,0,0.000600216779664828,0,0,0,0.026754690587215,0,0,0,0,0,0,0,0,0,0,0,0.0207058730624224,0,0,0,3.22226385535357e-05,0,0,0,0,0,0,0,9.25719061573016e-05,0,0,0,0,0,0.0496539947408632,0,0,0,0,0,0.00448302297398104,0,0,0.00146500467786581,0,0.133594104648737,0,0.00364919010790731,0,0,0,0,0,0,0,0,0,0,0,0.00977176040814018,0,0.000643452839613917,0,0.00406415148861034,0,0
0,0,0,0,0,0,0,0,0.000523770136773401,0,0,0,0,0,0,0,0.0051931676046626,0.000471670891472562,0.000233994585811482,0,0,0,0.00107963908894924,0,0,0,0.0026990814614919,0,0,0,0,0,0,0,0,0,0,0,0.0112872990123753,0,0,0,0.00222405554521632,0,0,0,0,0,0.0186273062446464,0,0,0,0,0,0.00133170253802863,0,0,0,0,0,0,0,0,0,0,1.20969358971139e-05,0,0.139188304300161,0,0,0,0,0,0,0,0,0,0,0,0,0,0.00121451223553894,0.00116533699548327,0,0.0038534198416821,0,0
0,0,0,0,0,0,0,0,0,0,0,0,0,0,0,0.000119626499250756,0,0.007530668987225,0,0,0,0.000106751068028057,0,0.026754690587215,0,0,0,0,0,0,0,0,0,0,0,0,0,0,0,0,0,0,0,0,0,0,0,0,0,0,0,0,0,0,0,0,0,0,0,0,0,0.00354719781013254,0,0,0.00764650226993983,0,0.00965193972654327,0,0.0140464401584858,0,0,0,0,0,0,0,0,0,0,0,0,0,5.3033923151386e-05,0,0,0,0
0,0,0,0,0,0,0,0,0,0,0,0,0,0,0,0,0.0118210885600637,0.000401155511245424,7.3787779717884e-05,0,0,0,0.00283413048470709,0,0.0026990814614919,0,0,0,0,0,0,0,0,0,0,0,0,0,0,0,0,0,0,0,0,0,0,0,0,0,0,0,0,0,0,0,0,0,0,0,0,0,0,0,0,0,0,0,0,0.0554981414011761,0,0,0,0,0,0,0,0,0,0,0,0,0.000788979490895859,0,0.000104865518665432,0,0
0,0,0,0,0,0,0,0,0,0,0,0,0,0.003153814745719,0,0,0,0.000298664395375216,0,0,0,0.000652351976768353,0,0,0,0,0,0,0,0.0127044978824664,0,0,0,0,0,0,0,2.91864289465593e-05,0,0,0,0,0,0,0,0,0,0,0,0,0,0,0,0,0,0,0,0,0,2.84850970538389e-05,0,0,0,0,0.00358499428705665,0,0,0,0,0,0.0542858633368887,0,0.00075573952915349,0,0,0,0,0,0,0,0.000287808183539838,0,0.000102999231760563,0.000192029298516969,0,0,0
0,0,0,0,0,0,0,0,0,0,0,0,0,0,0,0,0,0,0,0,0,0,0.000512530348051272,0,0,0,0,0,0,0,0,0,0,0,0,0,0,0,3.13732889480889e-05,0,0,0,0,0,0,0,0,0,0,0,0,0,0,0,0,0,0,0,0,0,0,0,0,0,0,3.02489479508949e-05,0,0,0,0,0,0.00455031232836151,0,0.00472246132543781,0,0,0,0,0,0,0,0.0015096980184685,0.000385004371001265,0,0,0,0
0,0,0,0,0,0,0,0,0,0,0,0,0,0,0,0,0,0,0,0,0,0,0,0,0,0,0,0.0127044978824664,0,0,0,0,0,0,0,0,0,3.76102454480165e-05,0,0,0,0,0,0,0,0,0,0,0,0,0,0,0,0,0,0,0,0,0,0,0,0,0,0,0,0,0,0,0,0,0.00247837804395305,0,0.0951354312901327,0,0,0,0,0,0,0,0.00219063423794751,0,7.27241624364746e-05,0,0,0,0
0,0,0,0,0,0,0,0,0,0,0.00205452334816576,0,0,0,0,0,0,0,0,0,0,0,0,0,0,0,0,0,0,0,0,0,0,0,0,0,0,0,0.000456377628781499,0,0,0,0,0,0,0,7.47546926017615e-05,0,0,0,0,0,0,0,0,0,0.00610915652500249,0,0,0,0,0,0,0.00019969628825009,0,0,0,0,0,0,0,0,0,0.0402600589325417,0,0,0,0,0,1.70993536713031e-06,0,0.000621262781076012,0.000219343595495524,6.60300672837171e-05,4.0204669076241e-05,0,0
0,0,0,0,0,0,0,0,0,0,0,0,0,0,0,0,0,0,0,0,0,0,0,0,0,0,0,0,0,0,0,0,0,0.0147084310325478,0,0.00491857830247919,1.40830740882987e-05,0,0,0,0,0,0,0,0,0,0,0.0134277492261537,0,9.90890708890526e-05,0,0,0,0,0,0,0,0,0,0,0,0,0,0,0,0,0,0,0,0,0,0,0,0,0.114491953051083,0,0.034398280244162,0,0.00186767003823518,0,0,0,0.000818001785451056,0,0,0,0
0,0,0,0,0,0,0,0,0,0,0,0,0,0,0,0,0,0,0,0,0,0,0,0,0,0,0,0,0,0,0,0,0,0,0.0199673333156812,0,0.00118265852981738,0,0,0,0,0,0,0,0,0,0,0.0398867177763842,0.000666864820775274,0,0,0,0,0,0,0,0,0,0,0,0,0,0,0,0,0,0,0,0,0,0,0,0,0,0,0.150696100914865,0,0.0191891124941018,0,0.000862414065111105,0,0,0.000295944649741658,0,0,0,0
0,0,0,0,0,0,0,0,0,0,0,0,0,0,0,0,0,0,0,0,0,0,0,0,0,0,0,0,0,0,0,0.0147084310325478,0,0,0.0382797206093381,0.00279976521618831,0,0.00150658346668888,0,0.000249642836237281,0,0.000100125656872899,4.97631962630262e-05,0,0,0,0,0.0647580867204599,0,0.00794820836953428,0,0,0,0,0,0,0,0,0,0,0,0,0,0,0,0,0,0,0,0,0,0,0,0,0.00936576581655799,0,0.179929001760688,0.0166194086705056,0.000255827570307729,0,0.000879019815648401,0,0.00190938180122423,0.000334873904326782,0.000409506164395806,0,0
0,0,0,0,0,0,0,0,0,0,0,0,0,0,0,0,4.88571309569473e-05,0,0,0,0,0,0,0,0,0,0,0,0,0,0,0,0.0199673333156812,0.0382797206093381,0,0,0.00262918473077559,0,0.000754506506458573,0,0,0,1.22572319783548e-05,0,0.000114324602741285,0,0,0.0781009498658374,0.0026805034671579,0,0,0,0,0,0,0,0,0,0,0,0,0,0,0,0,0,0,0,0,0,0,0,0,0,0,0.0201442939551658,0.0119849849925215,0.222913258185257,0,0.00268924712461436,0,0.00230041760152761,0.000992047351707749,0,4.68213238101652e-05,0,0
1.01604426168647e-05,0.000525861979405009,2.33372773788872e-05,0.00163560262810425,0,0.000655192696309037,0,0.00164923626779222,0,1.99905790295674e-05,0,0.00612121414779761,0,0,0,0,0.000485976231505037,0.000255917740938424,0.0034072738100459,0.0144960346522421,0,0,1.5422774739655e-05,0,0,0,0,0,0,0,0,0.00491857830247919,0,0.00279976521618831,0,0,0.00373292256531851,0.0150875101750021,0,0.000897696830439888,2.84017126522564e-05,0.00277055238190459,3.00540186428465e-05,0.000509316353388585,1.04000014140154e-05,0.00440046390826544,0.000110831259957233,0.00929619092194537,0.000100729144368514,0.00525197804089139,0,0,0,2.0326921464529e-05,0,1.89341661626952e-06,1.96506283495713e-05,0.00244007169639665,0,0,2.53263110661244e-06,1.1373381351335e-05,0.00591450832987142,1.7262697259563e-05,0,0,0,0,0,0,0,0,2.43496602860869e-05,2.81540723348996e-05,0.00108467472607163,0,0.000801266703671592,0,0.124104523139908,0.00209811842562855,0.00788433220375965,2.5169748824618e-06,0.00931267338736685,0.000337750893959857,0.00535415981759863,0.000666972543798058,7.39758046150584e-06
6.43400027245693e-05,1.97322690086022e-06,0.000849526477341206,1.70903446296271e-05,0.000518453915165942,0,0,0,1.11172350381395e-05,0,0.000771323500499538,0,0,0,0,0,0.000886439622523991,0.000399071092395066,0.00649426568162101,0,0.0140827129238363,0,0,0,0,0,0,0,0,0,0,1.40830740882987e-05,0.00118265852981738,0,0.00262918473077559,0.00373292256531851,0,0,0.0151980592206262,0,0.000529813914493106,7.99530532828127e-05,0.0013150453793539,9.93386899061117e-06,0.00132677237118909,0.000180744223436492,0.00523956723738156,0.00464477885768145,0.00629140646242984,0,0.000115823224325201,0,0,0,0.000153340698771632,0,0.00219504148766996,0,3.14463079215517e-05,0,7.41028411866237e-05,0,3.38738139737378e-05,0.0114537599952029,0,0,0,0,0,0,0,0,7.3150240398222e-06,0.00028035871719569,0,0.00138924868083273,0,0.0027074825322548,0.00277308108256356,0.155462983794769,1.64581872301227e-05,0.0051178345692832,0.0183254635755604,0.000104523158430178,0.00682722136145658,2.35424020429408e-06,0.000357247468820733
0,0.000321382650169824,0,0,0,0,0,0,0,0.00186399481227478,0,0.0119305281900893,0,0,0,0,0,0,5.68490685337207e-06,0.00218480422697176,0,0.0190171938628672,0,0.0207058730624224,0,0,0,2.91864289465593e-05,0,3.76102454480165e-05,0,0,0,0.00150658346668888,0,0.0150875101750021,0,0,0.000165960959801967,0,0,0.000195604139724568,0,4.63471987183223e-06,0,3.18643984975019e-05,0,0.00743927566903365,0,0.00159129819136475,0,0,0,0,0,0.000924059122722008,0,0.00320111783826929,0,0,0,7.94215916057267e-06,0.00220838511109437,0,0.0187816610514704,0,0.0223110556494658,0,0,0,4.38638171544881e-05,0,0.00193724387539434,0,0,0,0.000121252455868685,0,0.00413223227026048,0,0.124177161016082,0.00291632162197124,0.00780830267910476,0.00220255115439175,0.0014207134173691,0,0
0,0,0,0,0,0,0,0,0.000110480039472519,0,0.00403753436835538,0,0,0,0,0,0,0,0,0,9.3498450526358e-06,6.66755562752044e-06,0.00874158661003682,0,0.0112872990123753,0,0,0,3.13732889480889e-05,0,0.000456377628781499,0,0,0,0.000754506506458573,0,0.0151980592206262,0.000165960959801967,0,0,4.35949674400206e-06,0,0,0,0,0,0,0.00172504857857477,0.0123612213299198,0,0,0,0,0,0.00157716962875168,0,9.31897342360892e-05,0,0,0,0,0,0,0,0,0.000629091952117359,0,0.00628888965445775,0,0,0,0,0,0.000401794111304019,0,0,0,0.000588137257477228,0,0.00593548863761332,0,0.0767595558899202,0.00526113814962518,0.00012176923606007,0.00141676723782544,0,0
0,0.000696984126070239,0,0.00149078146146909,0,0,0,0,0,0.000163565429278059,0,0,0,0,0,0,0.000705773913754646,0.000385124703755598,0.0123910808807215,2.1213879875007e-05,0,0,0,0,0,0,0,0,0,0,0,0,0,0.000249642836237281,0,0.000897696830439888,0,0,0,0,0.00044502507224274,0.0327166660198708,0.000108043260028544,0.00517321924136737,3.34443000803079e-05,0.0107421157102872,0.00030069356894016,0.0728274313995809,0.018014706715218,0.256414588443184,0,0,0,0,0,0,1.37491104778364e-05,0,0,0,0,0,0.00226296905755635,0.000127522910095563,0,0,0,0,0,0,0,0,1.4251637191434e-05,0.000265088070338848,0,0,0.000603037801082118,0,0.00802874626572534,4.14634024075746e-05,0.000362374160921025,0,0.00135947696792173,2.35255336757047e-05,0.0470082766636085,0.00891245757504468,0
0.000361563457608879,3.30756500517889e-05,0.00404847034700863,0.000215721031995566,0.000569607951414384,0,0,0,0,0,0,0,0,0,0,0,0.00183580042530614,0.000513640321944332,0.0229584227532619,0,0,0,0,0,0,0,0,0,0,0,0,0,0,0,0,2.84017126522564e-05,0.000529813914493106,0,4.35949674400206e-06,0.00044502507224274,0,0.000313882943818071,0.0561022485125164,0.000231088601916455,0.0381957841200356,0.000442543494504773,0.0220574181520228,0.00228846822104294,0.121998293695463,0,0.00031178121555676,0,0,0,0.000619813578808363,0.000352144929523811,0.000435110642642618,0,0,0,3.69308678937275e-05,0,0,0.0019199623315502,0,0,0,0,0,0,0,0,0.000127388932761471,0.00106635205852822,0,9.34977208288477e-05,0,0,0.000203658498701228,0.00406984782855958,4.327263716158e-05,0.000127197741575307,0.000947313203821587,7.51720277786237e-07,0.0396845709348054,0,0.011049342896601
0,0.0956313546356977,0,0.00877671765708481,0,0,0,0,0,0.00960471153345851,0,0,0,0,0,0,0.00110157124473026,0.00101220100025677,0.0617483858934063,4.39109003594635e-05,0,0,0,3.22226385535357e-05,0,0,0,0,0,0,0,0,0,0.000100125656872899,0,0.00277055238190459,7.99530532828127e-05,0.000195604139724568,0,0.0327166660198708,0.000313882943818071,0,0.0104358019489913,0.0117393358960467,0.000713732637884169,0.0840497490381691,0.000363473789143604,0.0054045599911228,0,0.0318887201229486,0,0,0,0,0,0.00216821041883444,1.48664241758601e-05,0.000298192883645464,0,0,0,0.00507074873952113,0.00996794512117581,6.40470460911841e-05,0,0,7.24331217441261e-05,0,0,0,0,0,0.00981138793259627,7.20455273906118e-05,9.84647640941809e-06,0,0.000164428203134788,0,0.00673232498171477,0.000108808066441654,0.000856235227729965,2.90781510985381e-05,0.0185306880641531,0.00131070021216923,0.105590823188492,0.0385049775821082,4.5373347347449e-05
0.016491316505225,0.000119465820296856,0.0105950977393931,8.38752214704398e-05,0.000157885059931967,0,0,0,0.00493415152195796,2.28179442441964e-05,0,0,0,0,0,0,0.00122013113809039,0.000274996180235523,0.0182048213620895,0,6.75631507905063e-05,0,0,0,0.00222405554521632,0,0,0,0,0,0,0,0,4.97631962630262e-05,1.22572319783548e-05,3.00540186428465e-05,0.0013150453793539,0,0,0.000108043260028544,0.0561022485125164,0.0104358019489913,0,0.000617512482238597,0.0179905509323746,0.000363763133576019,0.0361649313917548,0.00398393788416497,0.0356952259172274,0,5.19053501877754e-05,0,0,0,0.00294865608976237,0.000278008775305608,0.00975930430370979,0,0.00475761244330653,0,0.00131757460830549,0,4.46749166388345e-05,0.00858859298548965,0,0,0,0.00276167378298592,0,0,0,0.000148424026302076,3.31240366228835e-05,0.0211513214825736,0,0,0,0,0.000104001030859212,0.00700900902838411,0,0.000209591713276132,0.0148442503426127,8.52363912602067e-06,0.142601947447978,4.99256097861352e-05,0.0513746041994006
0,0.00250294636654283,0,0.00801713422599524,0,0,0,0,0,0.00209705489471002,0,0,0,0,0,0,0.000587056022501945,0.000753956069775872,0.0119160676889379,0,0,0,0,0,0,0,0,0,0,0,0,0,0,0,0,0.000509316353388585,9.93386899061117e-06,4.63471987183223e-06,0,0.00517321924136737,0.000231088601916455,0.0117393358960467,0.000617512482238597,0,0.000350646807206608,0.023091086473668,0.00130555529455577,1.68789484244808e-05,0,0.00051187145160063,0,0,0,0,0,0.00191538328236094,0,2.20710477862162e-05,0,0,0,0,0.00283385628995525,2.51235523559918e-05,0,0,0.000123574223161152,0,0,0,0,0,0.00111606413395943,9.20776017523635e-05,0,0,4.45167201485409e-05,0,0.0014440779222789,0.000104885871559332,0.000293400949230324,0,0.000558930406748498,6.09447215967459e-05,0.00464291781127995,0.0148280868060474,0.000116082543403073
0,0,0.000543503372545503,0.000151157188998599,0,0,0,0,0,0.000325252030957448,0,0,0,0,0,0,0.000685451701000897,0.000370418094896153,0.0110929953570934,0,0,0,0,0,0,0,0,0,0,0,0,0,0,0,0.000114324602741285,1.04000014140154e-05,0.00132677237118909,0,0,3.34443000803079e-05,0.0381957841200356,0.000713732637884169,0.0179905509323746,0.000350646807206608,0,0.000359134459640792,0.0189399303084622,0,0.000471685792692325,0,0,0,0,0,0,0,9.82312770590739e-05,0,0,0,0,0,0,0.0115465458861852,0,0,0,0,0,0,0,0,0,0.00136443777966921,0,0,0,0,0.000124433095607959,0.00303358386205121,0,8.21658640570677e-05,0.000479438872441683,4.25901075937316e-06,0.0146075717422079,0.00016165887562619,0.0233619778998731
0,0.00261381636400193,9.11533150143645e-05,0.0087643843056162,0,0,0,0,0,0.000425731295980523,0,1.34787467398758e-05,0,0,0,0,0.00329724707717342,0.00296496746264283,0.0503389385644298,0.0036743766393284,0,0,3.91726425982982e-06,0,0,0,0,0,0,0,0,0,0,0,0,0.00440046390826544,0.000180744223436492,3.18643984975019e-05,0,0.0107421157102872,0.000442543494504773,0.0840497490381691,0.000363763133576019,0.023091086473668,0.000359134459640792,0,0.0017469652250055,0,9.82546033536378e-06,0.0018672025219193,0,0,0,0,0,0.000103104885749738,3.39327605917433e-05,0.000306963637256145,0,0,0,8.11122837896241e-05,0.150095504891434,5.66580436095829e-05,0,0,2.13469865175066e-05,0,0,0,0,0,0.00605573717415128,0.00025413176533488,0,0,0,0,0.0101459439412271,0.000257141777800568,0.00537799254301125,0,0.00294060513699454,0.000294304721972385,0.0641958019112043,0.00237556942005122,0.000146706814517047
7.03574266905154e-05,0.000191154414557595,0.00197879584484032,8.79703372766781e-05,0.000182670285182472,0,0,0,1.32146008088788e-05,0.00011274405004901,0,0,0,0,0,0,0.0049509306905501,0.00166358101879858,0.0375785356518722,0,0.000275947297933148,0,2.15035093550642e-05,0,0,0,0,0,0,0,7.47546926017615e-05,0,0,0,0,0.000110831259957233,0.00523956723738156,0,0,0.00030069356894016,0.0220574181520228,0.000363473789143604,0.0361649313917548,0.00130555529455577,0.0189399303084622,0.0017469652250055,0,0,0.000724770244378415,4.62174478955057e-05,2.5600362490301e-05,0,0,0,9.39248099136479e-05,6.01962843910083e-05,0.00626399382908855,0,7.02484050503239e-05,0,9.54004981262263e-05,0,8.15660100830348e-05,0.0989909136723898,0,0,0,0,0,0,0,1.58801390687168e-05,0.000197791508055492,0.0080510439311049,0,0,0,0,0.000479579775882786,0.0157681756518656,4.6969038028569e-05,0.00252503329143313,0.00238898178123586,1.16193928168866e-05,0.050412255204335,0.000581314705204663,0.00275156713455632
0,0,0,0,0,0,0,0,0,0,0,0,0,0,0,0,0,0,0,0,0,0,0,0,0,0,0,0,0,0,0,0.0134277492261537,0.0398867177763842,0.0647580867204599,0.0781009498658374,0.00929619092194537,0.00464477885768145,0.00743927566903365,0.00172504857857477,0.0728274313995809,0.00228846822104294,0.0054045599911228,0.00398393788416497,1.68789484244808e-05,0,0,0,0,0.115868283325375,0.134150932437627,0,0,0,0,0,0,0,0,0,0,0,0,0,0,0,0,0,0,0,0,0,0,0,0,0.00287668278124277,0.11008848894171,0.0110702346673536,0.0240709254655016,0.00290781863931113,0.00791703561905368,0.0001884147800626,0.00208813587483317,0.0129982743548925,0.000390375894875181,0.0345053049968845,0,0
0.00460737437082993,0,0.00715522264910542,0,0.000133239867441931,0,0,0,0.00264015470525318,0,0,0,0,0,0,0,8.68402241413848e-06,2.14893881429946e-06,0.00102017500642628,0,0,0,0.00251904502736992,0,0.0186273062446464,0,0,0,0,0,0,0,0.000666864820775274,0,0.0026805034671579,0.000100729144368514,0.00629140646242984,0,0.0123612213299198,0.018014706715218,0.121998293695463,0,0.0356952259172274,0,0.000471685792692325,9.82546033536378e-06,0.000724770244378415,0.115868283325375,0,0.0167928934181019,0,0,0,0,0.00175717380999651,0,0.00221990201878543,0,0.0131476497277755,0,1.92961574574434e-05,0,0,2.36895947019459e-05,0,0.0163535010923383,0,0.0111352503226812,0,7.28600952389579e-05,0,0.00360179109669919,0,0.00210282175189307,0,0.0169574320967717,0,0.000847474733323917,5.69705663609041e-06,0.0157556080120466,0,0.0213886753890421,0.00286350756651546,0,0.126091712579663,0,0.00170674629065826
0,0.0522266455488556,0,0.00738272638205,0,0,0,0,0,0.00266551593632152,0,0,0,0,0,0.0104018298712837,1.22606558208119e-05,4.0351931596528e-05,0.0024616011833052,0.000381362510131651,0,0.00015461309820633,0,9.25719061573016e-05,0,0,0,0,0,0,0,9.90890708890526e-05,0,0.00794820836953428,0,0.00525197804089139,0,0.00159129819136475,0,0.256414588443184,0,0.0318887201229486,0,0.00051187145160063,0,0.0018672025219193,4.62174478955057e-05,0.134150932437627,0.0167928934181019,0,0,0,0,0,0,0.000161699194880377,0,0.000329472677452858,0,0,0,0.0203511457826188,0.00234241909982725,0,0.00125161031237681,0,0.00609502784296579,0,0.00294235462592964,0,0.00686784346806906,0,0.00960203136905401,0,0.00100017668070275,0,0.00506836844266379,0,0.00557092538564456,1.20772067993217e-05,0.00197859141069654,0,0.00272868110547933,0.000175531420205608,0.0800377840889469,0.000240556334007491,0
0.000378325001572477,0,0.0863511815557336,0,0.0396501688574443,0,0,0,0,0,0,0,0,0,0,0,0,0,0,0,0,0,0,0,0,0,0,0,0,0,0,0,0,0,0,0,0.000115823224325201,0,0,0,0.00031178121555676,0,5.19053501877754e-05,0,0,0,2.5600362490301e-05,0,0,0,0,0,0.0116997122805065,0,0.00291738653791684,0,0.0198687125678408,0,0.00154351866061589,0,0.00419861036333814,0,0,0,0,0,0,0,0,0,0,0,0,0,0,0,0,0,0,2.45856857931945e-05,0,0,0.000248882912742305,1.38847872127912e-05,0.00490448652412233,0,0
0,0,0,0.0413192233608163,0,0.120140943720279,0,0.0014286082700984,0,0,0,0,0,0,0,0.00114795013010942,0,0,0,0,0,0,0,0,0,0,0,0,0,0,0,0,0,0,0,0,0,0,0,0,0,0,0,0,0,0,0,0,0,0,0,0,0,0.00224733453083287,0,0,0,0,0,0.000421226568608015,0,0.0355476894281229,0,0,0,0,0,0,0,0,0,0,0,0,0,0,0,0,0,0,0,0,0.00106382447701097,0,0,0,0
0,0,0,0,0,0,0.00807166294432435,0,0,0,0,0,0,0,0,0,0,0,0,0,0,0,0,0,0,0,0,0,0,0,0,0,0,0,0,0,0,0,0,0,0,0,0,0,0,0,0,0,0,0,0.0116997122805065,0,0,0,0,0,0.0102724986447939,0,0.009879737443311,0,0,0,0,0,0,0,0,0,0,0,0,0,0,0,0,0,0,0,0,0,0,0,0,0,0,0,0
0,0,0,0,0,0.00394179757600536,0,0.00659644941097417,0,0,0,0,0,0.00140295234843049,0,0,0,0,0,0,0,0,0,0,0,0,0,0,0,0,0,0,0,0,0,2.0326921464529e-05,0,0,0,0,0,0,0,0,0,0,0,0,0,0,0,0.00224733453083287,0,0,0,0,0,0.000150001024350425,0,0.0287198568107908,0,0,0,0,0,0,0,0,0,0,0,0,0,0,0,0,0,0,0,0,0,0,7.752830849579e-06,0,0,0,0
0.0872265940030603,0,0.0953500920131964,0,0.000901530124281531,0,0,0,0.11932087027548,0,0,0,0,0,0,0,0,0,0,0,0,0,0,0,0.00133170253802863,0,0,0,0,0,0,0,0,0,0,0,0.000153340698771632,0,0.00157716962875168,0,0.000619813578808363,0,0.00294865608976237,0,0,0,9.39248099136479e-05,0,0.00175717380999651,0,0.00291738653791684,0,0,0,0,0,0.00069345303806569,0,2.40528576356551e-05,0,0.0245153597972617,0,0,6.17904810784973e-05,0,0,0,0.0893027612287191,0,0.00632108244485713,0,0,0,0.000760533175619681,0,0,0,0,0,1.28214186049903e-05,0,0.0012170098376356,0.000244101288381124,0.000125808428011955,0.00505112438037921,0,0.000726616385337718
0,0.00374115440127934,0,0.120351531535858,0,0.000829853364382167,0,0,0,0.090225300589273,0,0,0,0,0,0.025324272465863,0,6.72899152866661e-05,0.000278158999820817,0,0,0,0,0.0496539947408632,0,0,0,0,0,0,0,0,0,0,0,1.89341661626952e-06,0,0.000924059122722008,0,0,0.000352144929523811,0.00216821041883444,0.000278008775305608,0.00191538328236094,0,0.000103104885749738,6.01962843910083e-05,0,0,0.000161699194880377,0,0,0,0,0,0,0,0,0,0,0,0.0363629880847071,0,0,0,0,0.0919088891767502,0,0,0,0,0,0.00027803769788401,0,0,0,0,0,3.27787989102682e-05,0,0.000412582738575246,0,0.000328919519744863,6.92190863181865e-05,0.00304212078874047,0,0
0.000382025434153831,2.14280670106314e-05,0.00487195378322339,0,0.00736361660835476,0,0.0118507631535139,0,0.000816902030648548,0,0.0679596331108483,0,0.0062563829127828,0,0,0,0.000245668171298752,0.000117506095710698,0.00125383165945413,0,0.00427947084048361,0,0,0,0,0,0,0,0,0,0.00610915652500249,0,0,0,0,1.96506283495713e-05,0.00219504148766996,0,9.31897342360892e-05,1.37491104778364e-05,0.000435110642642618,1.48664241758601e-05,0.00975930430370979,0,9.82312770590739e-05,3.39327605917433e-05,0.00626399382908855,0,0.00221990201878543,0,0.0198687125678408,0,0.0102724986447939,0,0.00069345303806569,0,0,0,0.0262892872372631,0,0.00101566317429509,0,0.000136307768524944,0.0308528266157777,0,0,0,0,0,0,0,0.0140023917040372,0,0.066436019394457,0,0,0,0,3.39821848133356e-05,0.0030548383880782,0,0.000420065653331372,0.00107470800060677,1.41389433462506e-05,0.0243689648627944,0,0.00158668061365072
0,0.00088079562701568,0,8.66842199811755e-05,0,9.92345354797891e-05,0,8.52333250804804e-05,0,0,0,0.156838155382594,0,0.00564021453024123,0,0.00385202336034327,0,0,5.82297951412368e-05,0.000370632146554565,0,0,0,0,0,0,0,0,0,0,0,0,0,0,0,0.00244007169639665,0,0.00320111783826929,0,0,0,0.000298192883645464,0,2.20710477862162e-05,0,0.000306963637256145,0,0,0,0.000329472677452858,0,0,0,0.000150001024350425,0,0,0,0,0,0.0463717921826116,0,0.00246204142266621,0.00150965737268044,0,0,0,0,0,0,0,0.000914573995993704,0,0.0258973314661703,0,0,0,0,0,3.25994762138884e-05,0,1.38210674404914e-05,0,0.00130117496867688,2.38522078770475e-06,0.0096045492294798,0,0
0.000106726205675706,0,0.00452954647444433,0,0.000662737888140528,0,0.00145953963738685,0,0.000382374869942986,0,0.0116311908693581,0,0.00416563977568934,0,8.79147865562617e-05,0,0,0,0,0,3.75252112197568e-05,0,0,0,0,0,0,0,0,0,0,0,0,0,0,0,3.14463079215517e-05,0,0,0,0,0,0.00475761244330653,0,0,0,7.02484050503239e-05,0,0.0131476497277755,0,0.00154351866061589,0,0.009879737443311,0,2.40528576356551e-05,0,0.0262892872372631,0,0,0,0.000656006593145255,0,0,6.90280803141171e-05,0,0,0,0,0,0,0,0,0,0.000194546879300067,0,0,0,0,0,3.08394869583659e-05,0,0,0.000102839485207316,8.32079380339865e-06,0.00660240457684578,0,0.00124871291940982
0,0,0,0,0,0.000826436221195103,0,0.00330682454345877,0,0,0,0.00339539212821346,0,0.0812115909316236,0,0.00127649965132416,0,0,0,0,0,0,0,0,0,0,0,2.84850970538389e-05,0,0,0,0,0,0,0,0,0,0,0,0,0,0,0,0,0,0,0,0,0,0,0,0.000421226568608015,0,0.0287198568107908,0,0,0,0.0463717921826116,0,0,0,0.000553011503744756,0,0,0,0,0,0,0,0,0.00430370201827949,0,0,0,0,0,0,0,0,0,0,0,0.000507810465911882,0.000145949224438665,0.000412016367613236,0,0
0.000360262511223286,0,0.00637110011928302,0,0.00388915786577559,0,0,0,0.000622476689618789,0,0,0,0,0,0.0214584059417687,0,0,0,0,0,0,0,0,0,0,0,0,0,0,0,0,0,0,0,0,2.53263110661244e-06,7.41028411866237e-05,0,0,0,3.69308678937275e-05,0,0.00131757460830549,0,0,0,9.54004981262263e-05,0,1.92961574574434e-05,0,0.00419861036333814,0,0,0,0.0245153597972617,0,0.00101566317429509,0,0.000656006593145255,0,0,0,0,0,0,0,0,0,0,0.0278466552113951,0,0,0,0,0,0,0,0,0,0,0,0,2.46150262779302e-05,0,0.000696915986497951,0,0
0,0.0361228710059836,0,0.0083338155683178,0,0.00390329347155274,0,0,0,0.00717289211928377,0,0,0,0,0,0.0561285948415222,0,0,4.16968804850844e-05,0,0,0,0,0.00448302297398104,0,0.00354719781013254,0,0,0,0,0,0,0,0,0,1.1373381351335e-05,0,7.94215916057267e-06,0,0,0,0.00507074873952113,0,0,0,8.11122837896241e-05,0,0,0,0.0203511457826188,0,0.0355476894281229,0,0,0,0.0363629880847071,0,0.00246204142266621,0,0.000553011503744756,0,0,4.99803393470503e-05,0,0,0,0.00110356966405194,0,0.0217884959602172,0,0,0,0.000106551949425574,0,0,0,0,0,5.12104511037233e-06,0,0,0,0.00029322971803035,7.44550902859404e-06,0.0100454630842819,0,0
0,0.000350776032965693,0,0.00943622453168816,0,0,0,0,0,3.22288879318316e-05,0,0.00551701067915041,0,0,0,0,0.00018381060281619,0.000232397760618898,0.00314703768555084,0.154178291479779,0,0,0,0,0,0,0,0,0,0,0,0,0,0,0,0.00591450832987142,3.38738139737378e-05,0.00220838511109437,0,0.00226296905755635,0,0.00996794512117581,4.46749166388345e-05,0.00283385628995525,0,0.150095504891434,8.15660100830348e-05,0,0,0.00234241909982725,0,0,0,0,0,0,0.000136307768524944,0.00150965737268044,0,0,0,4.99803393470503e-05,0,0,0,0,0,0,0,0,0,0,0.0120239699523796,0,0,0,0,0,0.00680485514256894,2.10525293933839e-06,0.00149393550185446,0,0.000967009717337317,4.01231582240165e-05,0.0334433515621739,0,0
0.000236624115447774,0,0.000271249835530874,0,0,0,0,0,1.16373569542384e-05,0,0.000409573746468463,0,0,0,0,0,0.000261695771030547,7.63232014654433e-05,0.00253211185871019,0,0.114025556243234,0,0,0,0,0,0,0,0,0,0.00019969628825009,0,0,0,0,1.7262697259563e-05,0.0114537599952029,0,0,0.000127522910095563,0.0019199623315502,6.40470460911841e-05,0.00858859298548965,2.51235523559918e-05,0.0115465458861852,5.66580436095829e-05,0.0989909136723898,0,2.36895947019459e-05,0,0,0,0,0,6.17904810784973e-05,0,0.0308528266157777,0,6.90280803141171e-05,0,0,0,0,0,0,0,0,0,0,0,0,7.34888259364846e-06,0,0.0199539629064023,0,0,0,0,2.70099763119988e-05,0.0133888186353597,0,0.00342856902113768,0.000605143010998998,2.92800886300066e-06,0.0175353798441396,0,7.75951726128427e-05
0,0,0,0,0,0,0,0,0,0,0,0,0,0,0,0,0,0,0,0,0,0.119315479279729,0.000293266591138299,0.00146500467786581,0,0.00764650226993983,0,0.00358499428705665,0,0,0,0,0,0,0,0,0,0.0187816610514704,0,0,0,0,0,0,0,0,0,0,0,0.00125161031237681,0,0,0,0,0,0,0,0,0,0,0,0,0,0,0,0,0.013040980253536,0,0.0132439137563662,0,0.00408176420625283,0,0,0,0,0,0,0,0,0,0.00647194903287997,0,0.00171881080110001,8.30827599402023e-05,0,0,0
0,0,0,0,0,0,0,0,0,0,0,0,0,0,0,0,0,0,0,0,0,0,0.0838329010268545,0,1.20969358971139e-05,0,0,0,3.02489479508949e-05,0,0,0,0,0,0,0,0,0,0.000629091952117359,0,0,0,0,0,0,0,0,0,0.0163535010923383,0,0,0,0,0,0,0,0,0,0,0,0,0,0,0,0,0,0,0.00667295938067716,0,5.57333271962795e-05,0,0.00173863019260398,0,0,0,0,0,0,0,0,0,0.00420992845385448,0.000246998398398116,0,0,0,0
0,0.000233803151967469,0,0,0,0,0,0,0,0.0194295516732882,0,0,0,0,0,0.000206489171476985,0,0.000390725730509691,0,0,0,0.000350765246534754,0,0.133594104648737,0,0.00965193972654327,0,0,0,0,0,0,0,0,0,0,0,0.0223110556494658,0,0,0,7.24331217441261e-05,0,0.000123574223161152,0,2.13469865175066e-05,0,0,0,0.00609502784296579,0,0,0,0,0,0.0919088891767502,0,0,0,0,0,0.00110356966405194,0,0,0.013040980253536,0,0,0,0.00832607417216847,0,0,0,0,0,0,0,0,0,0,0,0.0151486226549905,0,0.000137360568869677,1.11453776127734e-05,0.00926243005010397,0,0
0,0,0,0,0,0,0,0,0.0126013353762176,0,0,0,0,0,0,0,0,0,0,0,0,0,1.10670924738033e-05,0,0.139188304300161,0,0,0,0,0,0,0,0,0,0,0,0,0,0.00628888965445775,0,0,0,0.00276167378298592,0,0,0,0,0,0.0111352503226812,0,0,0,0,0,0.0893027612287191,0,0,0,0,0,0,0,0,0,0,0.00667295938067716,0,0,0,0.000155774580674695,0,0,0,0,0,0,0,0,0,0,0,0.00356769836002712,0.000299390267257876,0,0.0139744089797504,0,0
0,0.0090436399905687,0,0,0,0,0,0,0,0,0,0,0,0,0,0.000537975452450918,0,0,0,0,0,0.00020775846970142,0,0.00364919010790731,0,0.0140464401584858,0,0,0,0,0,0,0,0,0,0,0,0,0,0,0,0,0,0,0,0,0,0,0,0.00294235462592964,0,0,0,0,0,0,0,0,0,0,0,0.0217884959602172,0,0,0.0132439137563662,0,0.00832607417216847,0,0,0,0.0371445985079131,0,0,0,0,0,0,0,0,0,0,0,3.56984128302429e-06,0,0.000504113702350949,0,0
0,0,0,0,0,0,0,0,0.000310163803321878,0,0,0,0,0,0,0,0,0,0,0,0,0,0,0,0,0,0.0554981414011761,0,0,0,0,0,0,0,0,0,0,0,0,0,0,0,0,0,0,0,0,0,7.28600952389579e-05,0,0,0,0,0,0.00632108244485713,0,0,0,0,0,0.0278466552113951,0,0,0,0,5.57333271962795e-05,0,0.000155774580674695,0,0,0,0,0,0,0,0,0,0,0,0,0,0,0,0,0,0,0
