0,0,5.16646938620454,0,0,0,0,0,6.06020235786071,0,0,0,0,0,0,0,0,0,4.22536087036133,0,0,0,0,0,0,0,0,0,0,0,0,0,0,0,0,0,0,0,0,0,0,0,8.35486263182105,0,0,0,0,0,4.31659308832083,0,0,0,0,0,4.12514162460963,0,0,0,0,0,0,0,0,0,0,0,0,0,0,0,0,0,0,0,0,0,0,0,0,0,0,0,5.23630044857661,0,5.12168558182255,0,7.90121953986412
0,0,0,6.79847892038115,0,11.5886780420939,0,0,0,5.32944336499378,0,0,0,0,0,0,0,0,3.43451054890951,0,0,0,0,0,0,0,0,0,0,0,0,0,0,0,0,0,0,0,0,0,0,18.3999792841119,0,0,0,0,29.7196159362793,0,0,4.82218455246517,0,11.450089931488,0,0,0,5.24026831388474,0,0,0,0,0,4.70470847023858,0,0,0,0,0,0,0,0,0,0,0,0,0,0,0,0,0,0,0,0,5.4238763009547,0,5.57485664807833,7.47040420282082,0
5.16646938620454,0,0,0,3.0062999278307,0,0,0,3.40710250596355,0,0,0,0,0,0,0,0,0,0,0,30.5520706176758,0,0,0,0,0,0,0,0,0,0,0,0,0,0,0,0,0,0,0,0,0,32.7197229211981,0,7.71721017360687,0,8.95668187639606,50.1649684906006,5.81872455379631,0,2.7431001663208,0,0,0,3.39378279447556,0,0,0,0,0,0,0,0,0,0,0,0,0,0,0,0,0,0,0,0,0,0,0,0,0,0,0,4.10714769363403,0,6.01511575337243,0,26.3106060028076
0,6.79847892038115,0,0,0,4.81261909008026,0,0,0,3.1833292722702,0,0,0,0,0,0,0,0,0,0,0,0,0,0,0,0,0,0,0,0,0,0,0,0,0,27.5605220794678,0,0,0,0,0,26.791140608354,0,0,0,7.86064823207102,0,52.7906265258789,0,3.92995557552431,0,4.40235768876425,0,0,0,2.84165740013123,0,30.2673759460449,0,3.19589066505432,0,3.39087153805627,0,0,0,0,0,0,0,0,0,0,33.4891567230225,0,0,0,0,0,0,0,35.1875782012939,0,2.8012021780014,0,5.80406268191229,32.021372795105,0
0,0,3.0062999278307,0,0,0,5.67429641882579,0,2.9577995630411,0,0,0,0,0,0,0,0,0,0,0,4.3271484375,0,0,0,0,0,0,0,0,0,0,0,0,0,0,0,0,0,0,0,0,0,0,0,0,0,11.9318720499674,42.0096874237061,0,0,3.70983792711665,0,4.0504469530923,0,2.80193942785263,0,0,0,4.7375226020813,0,3.13064595063527,0,0,0,0,0,0,0,0,0,0,0,0,0,0,0,0,0,0,0,0,0,3.08790701011132,0,5.91140716292641,0,0
0,11.5886780420939,0,4.81261909008026,0,0,0,3.79414282242457,0,3.15211329985102,0,15.3184790611267,0,0,0,0,0,0,0,5.59125567337091,0,0,0,0,0,0,0,0,0,0,0,51.7086753845215,0,57.7725715637207,0,11.3468605074389,0,40.0986747741699,0,33.0269749450684,0,52.3614530563354,0,0,0,16.0622002020115,0,47.7192714525306,0,47.3431037902832,0,3.58317229652057,0,3.94017362594604,0,2.80924042065938,0,16.2147114806705,0,4.50572874851716,0,2.95477247238159,8.29624528928335,0,0,0,0,0,0,0,0,0,40.5575852394104,0,0,0,70.3097610473633,0,43.7346751425001,0,43.2308665188876,0,3.96506940946876,0,8.85986122218045,0,0
0,0,0,0,5.67429641882579,0,0,0,0,0,0,0,0,0,0,0,0,0,0,0,0,0,0,0,0,0,0,0,0,0,0,0,0,0,0,0,3.58652075131734,0,0,0,0,0,0,0,0,0,0,0,0,0,3.38925926326072,0,3.68994709632916,0,0,0,3.26044664685688,0,4.69229241884672,0,0,0,0,0,0,0,0,0,0,0,0,0,0,0,0,0,0,0,0,0,0,0,3.79072961401432,4.75140815311008,0,0,0
0,0,0,0,0,3.79414282242457,0,0,0,0,0,4.27466462184856,0,3.60038251876831,0,0,0,0,0,0,0,0,0,0,0,0,0,0,0,0,0,0,0,0,0,0,0,0,0,0,0,0,0,0,0,0,0,0,0,0,0,3.15395150313506,0,3.65006211159573,0,0,0,4.58127756913503,0,4.05579340958796,0,0,0,0,0,0,0,0,0,0,0,0,0,0,0,0,0,0,0,0,0,0,3.20979077165777,0,0,0,0
6.06020235786071,0,3.40710250596355,0,2.9577995630411,0,0,0,0,52.7723796551044,0,0,0,0,7.5391193153301,0,15.7879441711638,46.0314266853083,21.3711129176259,0,0,47.321278889974,32.2250434875488,50.4133384011009,22.987513341785,63.7011108398438,24.9941069881989,0,0,0,0,0,0,0,0,0,0,38.3710626874651,18.6483154296875,131.687301635742,51.675048828125,55.9524078369141,39.5066993236542,0,44.9555702209473,0,0,0,8.5792588827745,0,0,0,0,0,7.90919808255343,54.1302893502372,0,0,0,0,8.95675336837768,0,0,0,52.0641479492188,46.499210357666,48.399055480957,21.8829256678312,66.1857891082764,21.5038701181826,0,0,0,0,0,0,0,0,79.4526153564453,75.1862626756941,0,0,15.3649517957435,28.0882173839368,12.2250400649177,0,0
0,5.32944336499378,0,3.1833292722702,0,3.15211329985102,0,0,52.7723796551044,0,0,0,0,0,66.415651957194,10.166598135166,46.2927523357112,19.5121947637746,19.9476071954743,0,0,33.514783410465,0,20.9610366279952,36.6774086952209,22.3457752374502,54.9368721008301,37.6473960876465,0,0,0,0,0,0,0,0,0,21.3614951088315,0,87.2475891113281,90.0620498657227,18.6951102699552,0,0,34.2252922058105,0,28.4565105438232,0,66.1627578735352,11.0079451615994,0,4.79876780509949,0,0,50.7132293701172,4.18651987057106,0,0,0,0,61.0513973236084,5.04269173031762,0,0,32.6275374094645,0,22.9465885162354,35.9624080657959,18.6020873188972,60.8337917327881,0,0,0,0,0,0,0,0,93.7805735270182,76.2986555099487,0,0,15.7902087990874,45.3762674331665,33.8252794742584,9.17570352554321,0
0,0,0,0,0,0,0,0,0,0,0,0,0,0,0,0,0,0,87.2943649291992,0,4.24550477565258,0,0,0,0,0,0,0,0,0,6.34585571289062,0,0,0,0,0,7.1931146197021,0,5.31318562244064,0,41.7201805114746,0,16.9602545313088,0,22.5714044570923,0,15.8985856265733,53.4502372741699,46.3426106770833,0,0,0,0,0,0,0,4.36846010308517,0,2.96608853340149,0,0,0,0,8.20123942693075,0,0,0,0,0,0,0,0,0,4.78397437145835,0,0,0,0,0,40.2248639768484,0,9.14791568120321,4.46654608331878,0,10.70842038095,0,15.0682693598222
0,0,0,0,0,15.3184790611267,0,4.27466462184856,0,0,0,0,0,4.42739069255101,0,0,0,68.0946979522705,62.9366175333659,7.04875065583517,0,0,0,0,0,0,0,6.24092439810435,0,9.90016743003345,0,0,0,0,0,24.1638206044833,0,8.65965303081023,0,42.8455185890198,85.8841781616211,23.5442174593608,0,22.2546100616455,0,16.8023643493652,0,51.8744723002116,0,58.8646631240845,0,3.49457449662058,0,3.73677832215697,0,0,0,5.09766666943228,0,4.42432603278717,0,0,10.2534460090933,0,0,0,0,0,0,0,10.2624543363398,0,8.44891760074835,0,0,0,0,0,44.2279627058241,0,11.6610755284627,0,7.35595208379281,0,20.9207082025466,21.1742291259766,0
0,0,0,0,0,0,0,0,0,0,0,0,0,0,3.26497149467468,0,5.5275821685791,0,0,0,0,0,0,0,0,0,0,0,2.96621656417847,0,0,0,0,0,0,0,0,0,0,0,0,0,0,0,0,0,0,0,0,0,3.95077723264694,0,0,0,0,0,0,0,3.42042346323951,0,0,0,0,0,0,0,0,0,0,0,0,3.57752048969269,0,0,0,0,0,0,0,0,0,0,4.14027833938599,0,0,0,0
0,0,0,0,0,0,0,3.60038251876831,0,0,0,4.42739069255101,0,0,0,3.54196746741669,0,7.12844342138709,0,0,0,0,0,0,0,3.68088127266277,0,3.99348043759664,0,0,0,0,0,0,0,0,0,0,0,0,0,0,0,0,0,0,0,0,0,0,0,3.11767764091492,0,4.1776967729841,0,0,0,0,0,3.80054183156078,0,3.1901977956295,0,0,0,0,0,0,4.05658854757036,0,4.4483990515432,0,0,0,0,0,0,0,0,0,0,0,3.84713689266107,3.69497752189636,0,0,0
0,0,0,0,0,0,0,0,7.5391193153301,66.415651957194,0,0,3.26497149467468,0,0,0,9.86564873763967,53.2598687448809,30.4738587878999,0,0,0,25.05041015625,0,21.6382223280465,59.6320419311523,12.9613346030211,0,8.73958880560739,0,0,0,0,0,0,72.1036148071289,0,39.8221702575684,0,0,0,0,0,0,0,0,0,0,0,0,0,0,0,0,6.51767908068146,67.7041880289714,0,0,2.86048209667206,0,5.0038017605599,0,0,0,0,22.5053100585938,58.5497779846191,22.9115354648003,0,9.42677586008971,0,4.86742725325566,0,0,0,0,0,0,88.125862121582,63.6652030944824,0,0,14.9633551725901,30.6890449523926,0,0,0
0,0,0,0,0,0,0,0,0,10.166598135166,0,0,0,3.54196746741669,0,0,46.0740619038427,11.2091106272661,35.3738655471802,0,0,25.4068146705627,0,22.0319841573904,46.8375511169434,7.9251295331556,61.364574432373,2.74845290184021,0,0,0,0,0,0,0,0,0,30.8352300326029,0,0,0,0,0,0,0,0,0,0,0,2.85645473003387,0,0,0,0,62.6024532318115,11.9830056049607,0,6.54104042053223,0,3.69508627447158,63.0516586303711,4.61532298156193,0,0,21.9233629053289,0,25.2668198176793,54.2689018249512,7.11156770649056,0,9.34945086638133,0,0,0,0,0,0,0,99.4802398681641,0,0,0,16.2738452885511,40.8359107971191,0,0,0
0,0,0,0,0,0,0,0,15.7879441711638,46.2927523357112,0,0,5.5275821685791,0,9.86564873763967,46.0740619038427,0,20.6254935524049,18.3012140469319,73.3180656433105,59.7288432651096,40.0825462000711,6.60957173436089,32.389222076961,19.3031172416828,36.7950811386108,7.08404751749129,0,4.99945020812681,0,0,0,0,0,64.8801879882812,77.5771882193429,78.6492132707076,32.1579047932344,17.6830906867981,71.9779724121094,57.6374984903538,49.8902847476122,44.2106157232214,39.6782539074238,33.5648813247681,62.8335930960519,53.3478926849365,64.2368221282959,59.9051893728751,67.8611520620493,0,0,0,0,27.1904108499226,45.9361819963197,0,81.8156890869141,0,0,20.0744387712052,45.681229019165,91.0152187347412,72.4249180385045,41.6023578643799,6.72000715949319,50.8359664916992,19.9576791662436,47.1536842843761,9.49791672375883,65.1632308959961,0,0,0,0,0,0,0,78.2116051330566,67.0338984491893,88.7502632141113,0,13.7068841402236,7.07684132856724,52.0657685279846,59.9629638671875,67.3856201171875
0,0,0,0,0,0,0,0,46.0314266853083,19.5121947637746,0,68.0946979522705,0,7.12844342138709,53.2598687448809,11.2091106272661,20.6254935524049,0,20.892587020833,121.313663482666,64.6066265106201,15.1223878582965,59.6769104003906,19.6651402520513,38.2249311402787,9.94969836416179,42.3339413373898,10.04712433815,0,0,0,0,55.9888000488281,0,0,90.6658443269276,75.1558507283529,23.7807203257306,23.1171274185181,66.2063060760498,81.6971549987793,52.2926946022141,59.6173695458306,38.9306196212769,43.4556678771973,47.2649222153884,61.8694534301758,77.2347920735677,76.6454830169678,60.4707128351385,0,0,0,0,49.0125451660156,23.0138175826603,0,116.659065246582,0,17.0696665048599,45.9688629150391,11.7215024427227,81.8662368774414,96.3428764343262,10.2533424054875,54.7033500671387,25.0259835924421,37.2222212188098,11.231526410274,42.9033202121132,11.0144867435578,0,70.1595115661621,0,0,0,0,0,75.9330753673207,80.760494608938,75.317826461792,0,16.3488476517415,17.6528120242374,60.2709574265914,52.6074612140656,0
4.22536087036133,3.43451054890951,0,0,0,0,0,0,21.3711129176259,19.9476071954743,87.2943649291992,62.9366175333659,0,0,30.4738587878999,35.3738655471802,18.3012140469319,20.892587020833,0,59.0183486938477,56.0195839064462,39.7190883954366,35.8007049560547,30.6149483659214,33.0521573552325,45.3089233896007,34.1648589495955,0,0,59.7804737091064,0,0,0,0,52.8850212097168,58.8110296734772,65.3254312253466,32.0157422171699,0,49.5471340108801,51.2749498389488,27.4680050745773,34.2555116635782,23.2776625261898,18.6366201628987,22.7588227918515,18.4613481960772,41.0614114205042,44.3756273750947,40.5141280797812,0,0,0,0,23.611501785425,26.4856503823908,0,55.6774051063939,0,0,28.9521189371745,0,65.3196650284987,62.5799680709839,37.221404393514,0,30.7798269816807,32.1331076622009,47.5532908969455,33.6691143786321,101.515625,0,59.0070762634277,0,0,76.3564561208089,0,54.0114345550537,55.9231609520159,56.4380565812592,61.2218666791916,58.2096628461565,14.6409128126004,29.6640681233899,27.5533056779121,30.014139947203,30.1097458004951
0,0,0,0,0,5.59125567337091,0,0,0,0,0,7.04875065583517,0,0,0,0,73.3180656433105,121.313663482666,59.0183486938477,0,0,0,0,0,0,0,0,14.80771038749,0,13.3271868734649,0,0,0,61.2458572387695,0,7.50936521246986,0,10.4067984780179,0,34.3252355214712,0,23.597860119236,0,19.1456893285116,0,13.2141610191714,0,46.3556570123743,0,47.7646813503532,0,4.77968013987822,0,0,0,0,0,8.94152497219783,0,0,0,0,7.03251774063205,0,0,0,0,0,0,0,19.505978085013,0,13.1687764363774,0,0,0,66.5157501220703,0,15.0693367674482,0,14.7115233072403,0,5.04367677105798,3.65116016070048,21.492386251688,16.6771943352439,0
0,0,30.5520706176758,0,4.3271484375,0,0,0,0,0,4.24550477565258,0,0,0,0,0,59.7288432651096,64.6066265106201,56.0195839064462,0,0,0,0,0,0,0,0,0,0,0,0,0,51.0670475006104,0,64.0447006225586,37.6728782653809,8.03112926251961,0,7.59656631946564,0,37.4748798883878,0,16.0831337203394,0,20.0600813530587,0,12.5879020328259,44.7738938793059,43.5250561596596,47.3442446390788,0,0,0,0,0,0,5.22968104570219,86.4094009399414,0,0,0,0,0,7.22439341162443,0,0,0,0,0,0,0,0,0,4.7835568189621,0,50.4727643330892,0,57.2066218058268,92.2557525634766,27.8261684876209,0,6.98808977717445,6.08198158159223,5.14632751700583,11.5613531584862,0,13.8587885012917
0,0,0,0,0,0,0,0,47.321278889974,33.514783410465,0,0,0,0,0,25.4068146705627,40.0825462000711,15.1223878582965,39.7190883954366,0,0,0,3.61651598294576,10.1993159506694,26.7080879211426,11.7670841062224,0,0,0,0,0,0,0,0,0,104.190505981445,0,4.5724941871383,0,0,0,0,0,0,0,0,0,0,0,9.63555969648501,0,0,0,0,0,32.3968608856201,0,0,0,0,0,29.9982079823812,0,0,5.26320025461292,0,9.42607435774296,38.2335739135742,15.2499455397779,0,3.40687062238392,0,6.96455383300781,0,0,0,0,0,97.661616007487,0,7.91626709611371,0,7.62769216246657,12.4546647071838,58.8856964111328,0,0
0,0,0,0,0,0,0,0,32.2250434875488,0,0,0,0,0,25.05041015625,0,6.60957173436089,59.6769104003906,35.8007049560547,0,0,3.61651598294576,0,0,3.80996944058326,0,9.00784360704247,0,3.06456017952699,0,0,0,0,0,0,0,0,0,4.03166694060931,0,0,0,0,0,0,0,0,0,5.53624507009765,0,0,0,0,0,37.0101890563965,0,0,0,0,0,26.5270668376576,0,0,0,0,4.94710331308404,0,5.80578017234802,0,7.30674961455783,0,10.3968620951504,0,15.3872374534607,0,0,0,0,0,0,0,5.34643737113014,5.1781319081265,8.12545995925789,0,0,0
0,0,0,0,0,0,0,0,50.4133384011009,20.9610366279952,0,0,0,0,0,22.0319841573904,32.389222076961,19.6651402520513,30.6149483659214,0,0,10.1993159506694,0,0,39.2818992788141,10.9011318379906,49.3202247619629,41.0395355224609,0,0,0,0,0,0,0,0,0,16.5308429145813,75.3871154785156,0,0,51.5873374938965,70.9002380371094,0,43.0657138824463,0,0,0,55.5813903808594,6.96919831058435,0,0,0,0,0,19.3525231045646,0,0,0,0,54.9770965576172,24.2319732393537,0,0,8.35490502776771,0,6.00460647861913,32.3241812388102,12.064843135305,54.3834838867188,0,0,0,0,0,0,0,0,80.8365005493164,87.1166839599609,3.49222457408905,0,17.34327918638,25.0219402313232,38.8501798629761,0,0
0,0,0,0,0,0,0,0,22.987513341785,36.6774086952209,0,0,0,0,21.6382223280465,46.8375511169434,19.3031172416828,38.2249311402787,33.0521573552325,0,0,26.7080879211426,3.80996944058326,39.2818992788141,0,54.8586750030518,10.8213228292702,0,0,0,0,0,0,0,0,0,0,16.225089263916,3.58880886887059,81.6968841552734,0,0,0,0,0,0,0,0,0,0,0,0,0,0,20.3758417021553,38.5891253153483,0,0,0,0,22.4153169875449,0,0,72.4927978515625,25.4763011932373,4.04127850532532,50.7136993408203,7.03002461882581,63.3588752746582,10.5140182842643,0,0,0,0,0,0,0,0,83.2217690604074,77.5967817306519,0,0,16.4077574005754,15.846468772207,54.7025337219238,0,0
0,0,0,0,0,0,0,0,63.7011108398438,22.3457752374502,0,0,0,3.68088127266277,59.6320419311523,7.9251295331556,36.7950811386108,9.94969836416179,45.3089233896007,0,0,11.7670841062224,0,10.9011318379906,54.8586750030518,0,40.6640663146973,4.09768963874655,0,0,0,0,0,0,0,0,0,34.4067557198661,0,0,0,0,0,0,0,0,0,0,0,0,0,0,0,0,62.8178100585938,30.6132643222809,0,0,0,3.81222224235535,0,11.0287590537752,0,0,7.02804207461221,0,13.2225652195158,39.7619743347168,5.01773432017751,50.4456367492676,3.82056438177824,0,0,0,0,0,0,0,86.2175521850586,0,0,0,11.0903348947906,55.3545761108398,0,0,0
0,0,0,0,0,0,0,0,24.9941069881989,54.9368721008301,0,0,0,0,12.9613346030211,61.364574432373,7.08404751749129,42.3339413373898,34.1648589495955,0,0,0,9.00784360704247,49.3202247619629,10.8213228292702,40.6640663146973,0,0,3.04753887653351,0,0,0,0,0,0,0,0,30.7386207580566,0,0,0,0,0,0,0,0,0,0,65.5336990356445,70.3700485229492,0,0,0,0,24.8842797492867,54.0878849029541,0,0,0,0,14.1678654297744,0,0,0,0,3.53475579122702,0,13.1085270813533,0,5.68478566612088,0,3.35913087771489,0,0,0,0,0,0,71.3986434936523,91.0646438598633,0,0,13.6240849189949,30.4184708595276,58.9176254272461,0,0
0,0,0,0,0,0,0,0,0,37.6473960876465,0,6.24092439810435,0,3.99348043759664,0,2.74845290184021,0,10.04712433815,0,14.80771038749,0,0,0,41.0395355224609,0,4.09768963874655,0,0,0,6.15999860202565,0,0,0,0,0,0,0,2.88966425259908,0,0,0,22.1851673126221,0,0,0,20.7196661631266,0,0,0,0,0,0,0,0,0,0,0,6.79035547044542,0,3.47347802069129,0,0,20.1126728057861,0,0,0,0,0,3.53981626033783,0,3.92236431242024,0,5.14997847874959,0,0,0,0,0,0,0,4.27884715795517,0,7.48412227630615,0,15.5455379486084,0,0
0,0,0,0,0,0,0,0,0,0,0,0,2.96621656417847,0,8.73958880560739,0,4.99945020812681,0,0,0,0,0,3.06456017952699,0,0,0,3.04753887653351,0,0,0,3.01591884105577,0,0,0,0,0,0,0,3.47141464799643,0,0,0,0,0,0,0,0,0,0,0,0,0,0,0,0,0,0,0,0,0,3.68619403839111,0,0,0,0,0,0,0,0,3.99271210034688,0,3.91213824925007,0,2.98710583477485,0,0,0,0,0,0,0,5.53164394696554,0,0,0,0,0
0,0,0,0,0,0,0,0,0,0,0,9.90016743003345,0,0,0,0,0,0,59.7804737091064,13.3271868734649,0,0,0,0,0,0,0,6.15999860202565,0,0,0,0,0,0,0,53.9434013366699,0,8.00538322904654,0,48.191650390625,0,21.1532175540924,0,23.4854545593262,0,22.5136329105922,0,0,0,0,0,0,0,0,0,0,0,3.85807033018632,0,0,0,0,18.720700316959,0,0,0,0,0,0,0,3.83763663243439,0,3.32779057098157,0,0,0,0,0,54.1653951917376,134.584243774414,4.2881609216913,0,16.3135762648149,0,15.6963406971523,18.9657173156738,0
0,0,0,0,0,0,0,0,0,0,6.34585571289062,0,0,0,0,0,0,0,0,0,0,0,0,0,0,0,0,0,3.01591884105577,0,0,0,0,0,0,0,0,0,6.16947953915761,0,0,0,0,0,0,0,0,0,0,0,0,0,0,0,0,0,0,0,0,0,0,0,0,0,0,0,0,0,0,0,0,3.78873198032379,0,3.74271520651304,0,0,0,0,0,0,0,6.65522134577045,4.60898312532677,0,0,0,0
0,0,0,0,0,51.7086753845215,0,0,0,0,0,0,0,0,0,0,0,0,0,0,0,0,0,0,0,0,0,0,0,0,0,0,6.11986478433481,7.47246522279013,3.82821100098746,6.64413894533701,9.1313876859558,17.86598777771,0,18.8506681323051,0,31.6829946766729,0,0,0,33.0634724990181,0,7.8982947951869,0,19.4581260761218,0,0,0,0,0,0,0,0,0,0,0,0,41.8748440212674,0,0,0,0,0,0,0,0,0,47.7557805379232,0,3.93374226015355,5.02330129033625,12.042418038436,5.45059170694408,10.1083932327002,7.95503730773926,26.7863434382847,0,3.79910048342099,0,28.7666474342346,0,0
0,0,0,0,0,0,0,0,0,0,0,0,0,0,0,0,0,55.9888000488281,0,0,51.0670475006104,0,0,0,0,0,0,0,0,0,0,6.11986478433481,0,2.94750287316062,4.01191278473361,24.9139272371928,5.88651535792746,0,0,0,24.0938189029694,0,23.2211680923189,0,0,0,40.7341591063,5.5197383511451,14.2918595461454,0,0,0,0,0,0,0,0,0,0,0,0,0,0,40.9194645983108,0,0,0,0,0,0,0,0,0,0,5.90313429098863,4.88333500476335,7.82474787036578,7.61999076348568,11.4315591138952,10.7790244216285,0,0,5.73142550661166,0,38.7264947538023,0,0
0,0,0,0,0,57.7725715637207,0,0,0,0,0,0,0,0,0,0,0,0,0,61.2458572387695,0,0,0,0,0,0,0,0,0,0,0,7.47246522279013,2.94750287316062,0,5.35177222633226,5.49919432161492,6.33025312423706,6.06346060204382,0,20.0038820266724,0,15.5318957046226,23.7081084251404,46.7729835510254,0,44.2331004142761,0,6.53483923803236,20.2686600063158,18.0441785130431,0,0,0,0,0,0,0,64.6041870117188,0,0,0,0,50.6997876848493,49.3270111083984,0,0,0,0,0,0,71.9226379394531,0,28.6871775350263,0,8.88895722797939,4.98196307818095,5.33240905290499,6.43967635260593,7.389578441191,0,8.73873816404701,0,4.91597690060191,0,11.7101039667387,49.5686531066895,0
0,0,0,0,0,0,0,0,0,0,0,0,0,0,0,0,64.8801879882812,0,52.8850212097168,0,64.0447006225586,0,0,0,0,0,0,0,0,0,0,3.82821100098746,4.01191278473361,5.35177222633226,0,24.6921920776367,4.56129532376672,0,3.32156797342522,0,27.1780993143717,28.4087562561035,14.0808327208915,0,0,0,40.2819096247355,6.54263643588154,11.0252857077163,21.7883841630184,0,0,0,0,0,0,0,0,0,0,0,0,0,42.8570267359416,0,0,0,0,0,0,0,0,35.6858283996582,0,6.91711271510405,11.6741518444485,7.42323385320037,4.68658934203598,13.5169907013575,16.9292928404278,21.7275992826982,8.40447400139065,4.28222274218344,0,26.3073119223118,0,0
0,0,0,27.5605220794678,0,11.3468605074389,0,0,0,0,0,24.1638206044833,0,0,72.1036148071289,0,77.5771882193429,90.6658443269276,58.8110296734772,7.50936521246986,37.6728782653809,104.190505981445,0,0,0,0,0,0,0,53.9434013366699,0,6.64413894533701,24.9139272371928,5.49919432161492,24.6921920776367,0,6.64699772582657,5.51373266760242,0,26.3586957575911,43.0815350668771,38.0177401706,44.3564965724945,39.2815866735246,0,30.2378058046103,26.1135474718534,28.4255286632277,25.5998785131118,26.9112681797028,0,36.317008972168,0,0,0,0,0,49.5823458918819,0,0,0,0,15.8709771001915,35.5731619054621,0,0,0,76.6287078857422,0,0,78.7711944580078,0,58.3989011591131,0,6.5913405552339,32.0984256744385,19.440235277017,38.2610988616943,7.11270771902148,57.2124124158103,29.7337582959069,0,6.3438715899576,6.50792956518379,29.2523741173329,38.5676445094022,0
0,0,0,0,0,0,3.58652075131734,0,0,0,7.1931146197021,0,0,0,0,0,78.6492132707076,75.1558507283529,65.3254312253466,0,8.03112926251961,0,0,0,0,0,0,0,0,0,0,9.1313876859558,5.88651535792746,6.33025312423706,4.56129532376672,6.64699772582657,0,0,5.86091167282593,0,47.2030772368113,0,46.8228585720062,0,39.8930589948382,0,30.1680078845721,8.44438941447766,44.2723463987693,22.5474262237549,0,0,0,0,0,0,0,0,0,0,0,0,0,16.1747884137763,0,0,0,0,0,0,0,0,0,0,0,4.95205847400686,0,4.13717967368461,31.8366744084792,6.26740908860824,0,5.03271722099449,6.22958782297872,6.29656915877008,36.8038045544373,88.359733581543,31.5073709487915
0,0,0,0,0,40.0986747741699,0,0,38.3710626874651,21.3614951088315,0,8.65965303081023,0,0,39.8221702575684,30.8352300326029,32.1579047932344,23.7807203257306,32.0157422171699,10.4067984780179,0,4.5724941871383,0,16.5308429145813,16.225089263916,34.4067557198661,30.7386207580566,2.88966425259908,0,8.00538322904654,0,17.86598777771,0,6.06346060204382,0,5.51373266760242,0,0,3.29334992520949,48.0310164860317,0,12.8906830494829,0,22.7712700583718,0,18.338623547318,0,13.9014053022539,0,6.24673068547441,0,0,0,0,0,21.6311143040657,0,14.4956182479858,0,0,0,35.8869972229004,11.3751755471154,0,5.23943397245909,0,28.5512516498566,49.6762886047363,28.2271919250488,0,3.80903737786887,0,9.61662052571774,0,0,0,4.56307697578629,0,10.1743920193909,95.4641469319661,4.9762881774676,0,6.19023908844192,5.10874506405422,7.80881556636241,19.8166947258843,0
0,0,0,0,0,0,0,0,18.6483154296875,0,5.31318562244064,0,0,0,0,0,17.6830906867981,23.1171274185181,0,0,7.59656631946564,0,4.03166694060931,75.3871154785156,3.58880886887059,0,0,0,3.47141464799643,0,6.16947953915761,0,0,0,3.32156797342522,0,5.86091167282593,3.29334992520949,0,0,0,0,8.96841625555968,0,0,0,0,4.07474169406024,5.71550705887889,0,0,0,0,0,0,0,5.99283423010759,0,0,0,0,0,0,3.99946022033691,0,3.47710286801861,0,3.94544896483421,0,19.7873630523682,0,8.23918034170949,0,6.74560364171078,0,0,0,3.19268170155977,0,5.6510140882886,0,4.83344661403523,5.14030895489069,2.87717880985954,10.2809470850846,0,0
0,0,0,0,0,33.0269749450684,0,0,131.687301635742,87.2475891113281,0,42.8455185890198,0,0,0,0,71.9779724121094,66.2063060760498,49.5471340108801,34.3252355214712,0,0,0,0,81.6968841552734,0,0,0,0,48.191650390625,0,18.8506681323051,0,20.0038820266724,0,26.3586957575911,0,48.0310164860317,0,0,0,19.8828362274011,62.6507110595703,27.5680452493521,0,22.6124987360593,0,15.8606151198664,0,11.1343305499272,0,32.6511980692546,0,0,0,0,0,42.1470093045916,0,0,0,0,21.6769366888329,40.5716133117676,0,0,0,0,0,0,0,0,48.0658657367413,0,13.9523455142975,0,17.1356836832487,0,16.0514473804056,81.8614954267229,30.0550752274784,0,45.4460728764534,0,16.8607929696404,22.6764010495918,0
0,0,0,0,0,0,0,0,51.675048828125,90.0620498657227,41.7201805114746,85.8841781616211,0,0,0,0,57.6374984903538,81.6971549987793,51.2749498389488,0,37.4748798883878,0,0,0,0,0,0,0,0,0,0,0,24.0938189029694,0,27.1780993143717,43.0815350668771,47.2030772368113,0,0,0,0,43.9847505092621,21.4691986936602,47.8501167297363,25.220658877038,57.3608560562134,16.5807642365324,29.5730281563128,18.420198885379,17.4990973472595,0,0,0,0,85.0185012817383,0,0,81.9818344116211,0,0,0,0,0,19.8274477092622,0,0,0,0,0,0,0,0,0,0,0,29.3025525549184,0,23.4079357147217,92.6041610717773,29.4795982242272,131.017822265625,4.67628715534021,36.7399810489855,41.4535312652588,8.33762591211628,0,22.587770273656
0,18.3999792841119,0,26.791140608354,0,52.3614530563354,0,0,55.9524078369141,18.6951102699552,0,23.5442174593608,0,0,0,0,49.8902847476122,52.2926946022141,27.4680050745773,23.597860119236,0,0,0,51.5873374938965,0,0,0,22.1851673126221,0,21.1532175540924,0,31.6829946766729,0,15.5318957046226,28.4087562561035,38.0177401706,0,12.8906830494829,0,19.8828362274011,43.9847505092621,0,17.3674683289094,69.736115137736,0,18.5546045138797,40.5543893178304,15.7346849225021,22.7348794746399,11.8820448746367,0,0,0,0,0,0,0,20.2736415253557,0,0,0,0,24.8991698709238,57.5757751464844,0,0,66.8542633056641,51.0948276519775,0,106.765449523926,26.268433870588,0,17.4514822345669,0,19.9637851715088,0,14.8254260432963,0,29.7364072134546,46.2596558624843,21.847371299731,36.8387832641602,12.9225172190599,57.8881708145142,11.2186649837171,7.30118409072426,21.2621440887451
8.35486263182105,0,32.7197229211981,0,0,0,0,0,39.5066993236542,0,16.9602545313088,0,0,0,0,0,44.2106157232214,59.6173695458306,34.2555116635782,0,16.0831337203394,0,0,70.9002380371094,0,0,0,0,0,0,0,0,23.2211680923189,23.7081084251404,14.0808327208915,44.3564965724945,46.8228585720062,0,8.96841625555968,62.6507110595703,21.4691986936602,17.3674683289094,0,0,21.4367743068271,85.771598815918,20.132517627955,15.0988719724948,9.79950238886134,24.0576999888701,0,0,0,0,0,55.8692665100098,16.5552082119218,0,0,0,0,0,0,23.2064600520289,0,0,0,0,0,0,0,0,0,21.0283756256104,0,26.7482678505682,21.6323369344076,13.256775786237,80.2554024916429,30.0646188807754,29.1295919418335,17.7310542478794,13.8750088189511,51.7414508395725,11.4530744458471,0,5.52223594193535
0,0,0,0,0,0,0,0,0,0,0,22.2546100616455,0,0,0,0,39.6782539074238,38.9306196212769,23.2776625261898,19.1456893285116,0,0,0,0,0,0,0,0,0,23.4854545593262,0,0,0,46.7729835510254,0,39.2815866735246,0,22.7712700583718,0,27.5680452493521,47.8501167297363,69.736115137736,0,0,28.8629026412964,5.10115982426537,34.9900922775269,0,0,33.7101707458496,0,0,0,0,0,53.1065349578857,0,20.7474610805511,0,0,0,0,18.6638298034668,0,0,0,0,0,0,0,0,0,26.3966850280762,0,0,0,0,0,31.603218455008,63.212767124176,25.0720525445609,0,41.8112873823746,0,18.5193430943923,18.1225893497467,0
0,0,7.71721017360687,0,0,0,0,0,44.9555702209473,34.2252922058105,22.5714044570923,0,0,0,0,0,33.5648813247681,43.4556678771973,18.6366201628987,0,20.0600813530587,0,0,43.0657138824463,0,0,0,0,0,0,0,0,0,0,0,0,39.8930589948382,0,0,0,25.220658877038,0,21.4367743068271,28.8629026412964,0,29.3503265380859,12.8467572132746,0,0,51.396053314209,0,0,0,0,0,0,0,0,0,0,68.4466781616211,0,0,21.6962129034177,0,0,0,0,0,0,0,0,0,0,0,41.626708984375,0,0,59.7631204393175,31.4513976674193,0,25.1687122980754,22.4840417861938,0,13.3620254825426,0,17.9464540481567
0,0,0,7.86064823207102,0,16.0622002020115,0,0,0,0,0,16.8023643493652,0,0,0,0,62.8335930960519,47.2649222153884,22.7588227918515,13.2141610191714,0,0,0,0,0,0,0,20.7196661631266,0,22.5136329105922,0,33.0634724990181,0,44.2331004142761,0,30.2378058046103,0,18.338623547318,0,22.6124987360593,57.3608560562134,18.5546045138797,85.771598815918,5.10115982426537,29.3503265380859,0,36.4220924377441,31.7446210920811,53.5358975728353,29.8509746250353,0,17.6365394592285,0,0,0,34.0829696655273,0,17.8130666554901,0,0,0,0,8.95531300646351,63.6030616760254,0,0,0,0,0,0,27.5803989276551,0,22.5500852184378,0,31.8102836608887,0,50.3939555031913,0,29.36947713226,67.2338531494141,24.0637882247226,0,18.2185275554657,0,10.3920433280275,17.9449589438472,0
0,29.7196159362793,8.95668187639606,0,11.9318720499674,0,0,0,0,28.4565105438232,15.8985856265733,0,0,0,0,0,53.3478926849365,61.8694534301758,18.4613481960772,0,12.5879020328259,0,0,0,0,0,0,0,0,0,0,0,40.7341591063,0,40.2819096247355,26.1135474718534,30.1680078845721,0,0,0,16.5807642365324,40.5543893178304,20.132517627955,34.9900922775269,12.8467572132746,36.4220924377441,0,36.1857710499183,29.4233346321213,31.3531628810998,0,0,0,0,0,0,19.6296457714505,0,0,0,0,0,55.2131805419922,9.34004339834482,0,0,0,0,115.988861083984,0,0,0,0,0,0,42.9318699042002,0,47.3195432775161,68.500853729248,25.725242701256,0,21.5525855753157,18.8832346632126,25.9778861265916,10.5652385833318,0,14.0566849616858
0,0,50.1649684906006,52.7906265258789,42.0096874237061,47.7192714525306,0,0,0,0,53.4502372741699,51.8744723002116,0,0,0,0,64.2368221282959,77.2347920735677,41.0614114205042,46.3556570123743,44.7738938793059,0,0,0,0,0,0,0,0,0,0,7.8982947951869,5.5197383511451,6.53483923803236,6.54263643588154,28.4255286632277,8.44438941447766,13.9014053022539,4.07474169406024,15.8606151198664,29.5730281563128,15.7346849225021,15.0988719724948,0,0,31.7446210920811,36.1857710499183,0,11.4739585818327,11.3079487103103,0,0,0,0,0,0,0,53.6459185860374,0,0,0,0,41.1168283318716,39.2810155511872,0,0,0,0,0,0,61.7155990600586,0,34.1956063090144,0,8.57066243035453,6.73247131934533,10.4641810180042,9.18224400054473,21.0399831767844,18.8994161537508,12.9815351139779,10.4167517496797,12.4017215987425,28.121470451355,18.6478763848231,48.0306777954102,52.6636447906494
4.31659308832083,0,5.81872455379631,0,0,0,0,0,8.5792588827745,66.1627578735352,46.3426106770833,0,0,0,0,0,59.9051893728751,76.6454830169678,44.3756273750947,0,43.5250561596596,0,5.53624507009765,55.5813903808594,0,0,65.5336990356445,0,0,0,0,0,14.2918595461454,20.2686600063158,11.0252857077163,25.5998785131118,44.2723463987693,0,5.71550705887889,0,18.420198885379,22.7348794746399,9.79950238886134,0,0,53.5358975728353,29.4233346321213,11.4739585818327,0,23.1765792650335,0,0,0,0,6.07443480115188,0,53.8947105407715,0,0,0,0,0,87.3228302001953,34.5678928053897,0,4.1913979137153,0,0,0,2.74403393268585,0,6.27731086987473,0,7.50017775846943,0,17.9581602006683,27.7887315750122,12.0515890337135,82.686740620931,23.3283273914136,25.8927702903748,9.02518776825496,15.0873617724348,35.8611478805542,10.5000770220596,0,7.61462903022766
0,4.82218455246517,0,3.92995557552431,0,47.3431037902832,0,0,0,11.0079451615994,0,58.8646631240845,0,0,0,2.85645473003387,67.8611520620493,60.4707128351385,40.5141280797812,47.7646813503532,47.3442446390788,9.63555969648501,0,6.96919831058435,0,0,70.3700485229492,0,0,0,0,19.4581260761218,0,18.0441785130431,21.7883841630184,26.9112681797028,22.5474262237549,6.24673068547441,0,11.1343305499272,17.4990973472595,11.8820448746367,24.0576999888701,33.7101707458496,51.396053314209,29.8509746250353,31.3531628810998,11.3079487103103,23.1765792650335,0,0,5.91249783833822,0,0,63.0144920349121,0,0,34.2685933535612,0,3.80710458755493,0,3.66885524637559,40.4980359911267,35.0894297917684,8.95523617267609,0,4.9098424911499,0,0,0,5.90469316310353,0,16.4356045422592,0,12.3642006099224,0,12.7142431826992,27.2215669631958,24.7333922632774,71.9201526641846,9.9026964777811,0,10.6786909116246,0,9.3363746753395,27.7658827209473,0
0,0,2.7431001663208,0,3.70983792711665,0,3.38925926326072,0,0,0,0,0,3.95077723264694,0,0,0,0,0,0,0,0,0,0,0,0,0,0,0,0,0,0,0,0,0,0,0,0,0,0,0,0,0,0,0,0,0,0,0,0,0,0,0,3.91247487068176,0,0,0,3.38710856437683,0,3.96621080906722,0,3.58487356792797,0,0,0,0,0,0,0,0,0,0,0,0,0,0,0,0,0,0,0,0,0,5.28296232223511,0,0,0,0
0,11.450089931488,0,4.40235768876425,0,3.58317229652057,0,3.15395150313506,0,4.79876780509949,0,3.49457449662058,0,3.11767764091492,0,0,0,0,0,4.77968013987822,0,0,0,0,0,0,0,0,0,0,0,0,0,0,0,36.317008972168,0,0,0,32.6511980692546,0,0,0,0,0,17.6365394592285,0,0,0,5.91249783833822,0,0,0,3.40531746298075,0,5.13220150470734,0,3.85537855136089,0,4.1202531848291,0,3.42199573516846,7.52766924519693,0,0,0,0,0,0,0,0,0,0,0,0,0,0,0,51.8983383178711,0,0,0,0,0,5.95519297559496,0,0
0,0,0,0,4.0504469530923,0,3.68994709632916,0,0,0,0,0,0,0,0,0,0,0,0,0,0,0,0,0,0,0,0,0,0,0,0,0,0,0,0,0,0,0,0,0,0,0,0,0,0,0,0,0,0,0,3.91247487068176,0,0,0,0,0,3.04664958607067,0,3.24654138806355,0,0,0,0,0,0,0,0,0,0,0,0,0,0,0,0,0,0,0,0,0,0,0,3.53561927991755,0,0,0,0
0,0,0,0,0,3.94017362594604,0,3.65006211159573,0,0,0,3.73677832215697,0,4.1776967729841,0,0,0,0,0,0,0,0,0,0,0,0,0,0,0,0,0,0,0,0,0,0,0,0,0,0,0,0,0,0,0,0,0,0,0,0,0,3.40531746298075,0,0,0,0,0,3.73740514119466,0,5.27079297602177,0,0,0,0,0,0,0,0,0,0,0,0,0,0,0,0,0,0,0,0,0,0,0,0,0,0,0
4.12514162460963,0,3.39378279447556,0,2.80193942785263,0,0,0,7.90919808255343,50.7132293701172,0,0,0,0,6.51767908068146,62.6024532318115,27.1904108499226,49.0125451660156,23.611501785425,0,0,0,37.0101890563965,0,20.3758417021553,62.8178100585938,24.8842797492867,0,0,0,0,0,0,0,0,0,0,0,0,0,85.0185012817383,0,0,0,0,0,0,0,6.07443480115188,63.0144920349121,0,0,0,0,0,63.1490211486816,0,0,0,0,9.06974850230747,0,102.132202148438,0,0,0,0,18.7226624419724,0,18.4786036453749,0,0,0,0,0,0,0,0,89.0766124725342,0,0,0,18.2831922746558,21.5261545181274,0,0,0
0,5.24026831388474,0,2.84165740013123,0,2.80924042065938,0,0,54.1302893502372,4.18651987057106,0,0,0,0,67.7041880289714,11.9830056049607,45.9361819963197,23.0138175826603,26.4856503823908,0,0,32.3968608856201,0,19.3525231045646,38.5891253153483,30.6132643222809,54.0878849029541,0,0,0,0,0,0,0,0,0,0,21.6311143040657,0,0,0,0,55.8692665100098,53.1065349578857,0,34.0829696655273,0,0,0,0,0,5.13220150470734,0,0,63.1490211486816,0,0,0,0,0,61.8895530700684,0,0,0,0,0,18.7221511896919,47.2953382219587,19.0337727069855,0,0,0,0,0,0,0,0,0,89.870777130127,119.410522460938,0,0,22.2204063046685,33.221981048584,2.95259761810303,0,0
0,0,0,0,0,0,3.26044664685688,0,0,0,4.36846010308517,0,0,0,0,0,0,0,0,0,5.22968104570219,0,0,0,0,0,0,0,0,0,0,0,0,0,0,0,0,0,5.99283423010759,0,0,0,16.5552082119218,0,0,0,19.6296457714505,0,53.8947105407715,0,3.38710856437683,0,3.04664958607067,0,0,0,0,0,3.56581344067211,0,0,0,0,7.48444026878902,0,0,0,0,0,0,0,0,0,3.72724443132227,0,0,0,0,0,47.2300033569336,0,3.82750216960907,3.88775386708848,0,6.616886212094,0,14.1399485111237
0,0,0,30.2673759460449,0,16.2147114806705,0,4.58127756913503,0,0,0,5.09766666943228,0,0,0,6.54104042053223,81.8156890869141,116.659065246582,55.6774051063939,8.94152497219783,86.4094009399414,0,0,0,0,0,0,6.79035547044542,0,3.85807033018632,0,0,0,64.6041870117188,0,49.5823458918819,0,14.4956182479858,0,42.1470093045916,81.9818344116211,20.2736415253557,0,20.7474610805511,0,17.8130666554901,0,53.6459185860374,0,34.2685933535612,0,3.85537855136089,0,3.73740514119466,0,0,0,0,0,3.42278213871336,0,5.69736303601946,13.814646023484,0,0,0,0,0,0,0,10.8806482119778,0,7.06488331869075,0,57.3778063456217,0,0,0,45.4086260659354,122.37085723877,9.84309002780914,0,17.9431313923427,0,14.0205744814208,16.4727362080624,0
0,0,0,0,4.7375226020813,0,4.69229241884672,0,0,0,2.96608853340149,0,3.42042346323951,0,2.86048209667206,0,0,0,0,0,0,0,0,0,0,0,0,0,0,0,0,0,0,0,0,0,0,0,0,0,0,0,0,0,0,0,0,0,0,0,3.96621080906722,0,3.24654138806355,0,0,0,3.56581344067211,0,0,0,3.29389893091642,0,0,0,0,0,0,0,0,0,0,0,0,0,0,0,0,0,0,0,0,0,4.10851353757522,0,0,0,0
0,0,0,3.19589066505432,0,4.50572874851716,0,4.05579340958796,0,0,0,4.42432603278717,0,3.80054183156078,0,3.69508627447158,0,17.0696665048599,0,0,0,0,0,0,0,3.81222224235535,0,3.47347802069129,0,0,0,0,0,0,0,0,0,0,0,0,0,0,0,0,0,0,0,0,0,3.80710458755493,0,4.1202531848291,0,5.27079297602177,0,0,0,3.42278213871336,0,0,0,5.62281235162314,0,0,0,0,0,0,3.65732425801894,0,4.0684072971344,0,0,0,0,0,0,0,0,0,0,0,4.46695799940134,4.319002866745,0,0,0
0,0,0,0,3.13064595063527,0,0,0,8.95675336837768,61.0513973236084,0,0,0,0,5.0038017605599,63.0516586303711,20.0744387712052,45.9688629150391,28.9521189371745,0,0,0,26.5270668376576,54.9770965576172,22.4153169875449,0,14.1678654297744,0,3.68619403839111,0,0,0,0,0,0,0,0,0,0,0,0,0,0,0,68.4466781616211,0,0,0,0,0,3.58487356792797,0,0,0,9.06974850230747,61.8895530700684,0,0,3.29389893091642,0,0,0,0,0,0,23.9911708831787,0,24.475541384715,0,9.16059918549596,0,5.22465700043572,0,0,0,0,0,0,0,0,0,0,14.3680653134171,0,2.84293413162231,0,0
0,4.70470847023858,0,3.39087153805627,0,2.95477247238159,0,0,0,5.04269173031762,0,0,0,3.1901977956295,0,4.61532298156193,45.681229019165,11.7215024427227,0,0,0,29.9982079823812,0,24.2319732393537,0,11.0287590537752,0,0,0,0,0,0,0,0,0,0,0,35.8869972229004,0,0,0,0,0,0,0,0,0,0,0,3.66885524637559,0,3.42199573516846,0,0,0,0,0,5.69736303601946,0,5.62281235162314,0,0,0,0,0,0,27.9390939076742,0,7.35241142015779,50.1130905151367,0,0,0,0,0,0,0,0,0,0,0,0,26.7572388648987,0,0,0,0
0,0,0,0,0,8.29624528928335,0,0,0,0,0,10.2534460090933,0,0,0,0,91.0152187347412,81.8662368774414,65.3196650284987,7.03251774063205,0,0,0,0,0,0,0,20.1126728057861,0,18.720700316959,0,41.8748440212674,0,50.6997876848493,0,15.8709771001915,0,11.3751755471154,0,21.6769366888329,0,24.8991698709238,0,18.6638298034668,0,8.95531300646351,55.2131805419922,41.1168283318716,87.3228302001953,40.4980359911267,0,7.52766924519693,0,0,102.132202148438,0,0,13.814646023484,0,0,0,0,0,54.9706039428711,0,0,0,0,0,0,24.9690395060165,0,20.6255056618819,0,0,0,59.169807434082,0,19.4162015893933,99.1842575073242,17.4354432213121,0,11.786867804556,5.90409435544695,14.7048881002652,23.997162732211,0
0,0,0,0,0,0,0,0,0,0,8.20123942693075,0,0,0,0,0,72.4249180385045,96.3428764343262,62.5799680709839,0,7.22439341162443,0,0,0,72.4927978515625,0,0,0,0,0,0,0,40.9194645983108,49.3270111083984,42.8570267359416,35.5731619054621,16.1747884137763,0,3.99946022033691,40.5716133117676,19.8274477092622,57.5757751464844,23.2064600520289,0,21.6962129034177,63.6030616760254,9.34004339834482,39.2810155511872,34.5678928053897,35.0894297917684,0,0,0,0,0,0,7.48444026878902,0,0,0,0,0,54.9706039428711,0,0,0,0,0,0,0,0,0,0,4.63049653172493,0,44.1552931795415,0,50.2439226927581,87.4786958694458,16.5633459312661,0,7.56932973861694,10.1694314104891,6.43941274056068,15.6835491125482,0,17.7624105503685
0,0,0,0,0,0,0,0,52.0641479492188,32.6275374094645,0,0,0,0,0,21.9233629053289,41.6023578643799,10.2533424054875,37.221404393514,0,0,5.26320025461292,0,8.35490502776771,25.4763011932373,7.02804207461221,0,0,0,0,0,0,0,0,0,0,0,5.23943397245909,0,0,0,0,0,0,0,0,0,0,0,8.95523617267609,0,0,0,0,0,0,0,0,0,0,0,0,0,0,0,0,8.75698031319512,0,13.6900588911633,0,3.53651841481527,0,0,0,0,0,0,0,0,0,6.12204338149942,0,8.56978296382087,0,0,0,0
0,0,0,0,0,0,0,0,46.499210357666,0,0,0,0,0,22.5053100585938,0,6.72000715949319,54.7033500671387,0,0,0,0,4.94710331308404,0,4.04127850532532,0,3.53475579122702,0,0,0,0,0,0,0,0,0,0,0,3.47710286801861,0,0,0,0,0,0,0,0,0,4.1913979137153,0,0,0,0,0,0,0,0,0,0,0,23.9911708831787,0,0,0,0,0,0,0,0,4.58355898857117,0,7.28433872077425,0,0,0,0,0,0,0,0,0,4.95218950745125,6.52789050992201,0,0,0,0
0,0,0,0,0,0,0,0,48.399055480957,22.9465885162354,0,0,0,0,58.5497779846191,25.2668198176793,50.8359664916992,25.0259835924421,30.7798269816807,0,0,9.42607435774296,0,6.00460647861913,50.7136993408203,13.2225652195158,0,0,0,0,0,0,0,0,0,0,0,28.5512516498566,0,0,0,66.8542633056641,0,0,0,0,0,0,0,4.9098424911499,0,0,0,0,0,18.7221511896919,0,0,0,0,0,27.9390939076742,0,0,8.75698031319512,0,0,0,28.1226301193237,0,37.4271545410156,0,0,0,0,0,0,0,0,0,0,0,20.539022064209,0,0,0,0
0,0,0,0,0,0,0,0,21.8829256678312,35.9624080657959,0,0,0,0,22.9115354648003,54.2689018249512,19.9576791662436,37.2222212188098,32.1331076622009,0,0,38.2335739135742,5.80578017234802,32.3241812388102,7.03002461882581,39.7619743347168,13.1085270813533,0,0,0,0,0,0,0,0,76.6287078857422,0,49.6762886047363,3.94544896483421,0,0,51.0948276519775,0,0,0,0,0,0,0,0,0,0,0,0,18.7226624419724,47.2953382219587,0,0,0,0,24.475541384715,0,0,0,0,0,0,0,0,12.1345335841179,0,2.74931335449219,0,0,0,0,0,0,74.8111572265625,0,0,2.79990497657231,20.9770636750579,30.457691192627,0,0,0
0,0,0,0,0,0,0,0,66.1857891082764,18.6020873188972,0,0,0,4.05658854757036,0,7.11156770649056,47.1536842843761,11.231526410274,47.5532908969455,0,0,15.2499455397779,0,12.064843135305,63.3588752746582,5.01773432017751,0,3.53981626033783,0,0,0,0,0,0,0,0,0,28.2271919250488,0,0,0,0,0,0,0,0,115.988861083984,0,0,0,0,0,0,0,0,19.0337727069855,0,0,0,3.65732425801894,0,7.35241142015779,0,0,13.6900588911633,0,28.1226301193237,0,0,0,2.96257925033569,0,0,0,0,0,0,0,0,0,0,0,14.0046123874046,0,0,0,0
0,0,0,0,0,0,0,0,21.5038701181826,60.8337917327881,0,0,0,0,9.42677586008971,0,9.49791672375883,42.9033202121132,33.6691143786321,0,0,0,7.30674961455783,54.3834838867188,10.5140182842643,50.4456367492676,5.68478566612088,0,3.99271210034688,0,0,0,0,0,0,0,0,0,19.7873630523682,0,0,106.765449523926,0,0,0,0,0,0,2.74403393268585,0,0,0,0,0,18.4786036453749,0,0,0,0,0,9.16059918549596,50.1130905151367,0,0,0,4.58355898857117,0,12.1345335841179,0,0,0,3.53795851022005,0,0,0,0,0,0,0,0,0,0,15.621011683192,34.3252367292132,116.782844543457,66.3397827148438,0
