0,0,5.85318162552146,0,0,0,0,0,5.25157216668129,0,0,0,0,0,0,0,47.8570556640625,0,12.4704788351712,0,0,0,0,0,0,0,0,0,0,0,0,0,0,0,0,0,49.3527603149414,0,0,0,33.7171020507812,0,23.7991413383773,0,0,0,0,36.4649257659912,7.98455314293593,0,0,0,0,0,8.0260442618666,0,17.8136585553487,0,0,0,6.96687941223967,0,0,0,0,0,0,0,0,0,0,0,0,30.664000193278,0,0,0,0,0,59.0413382393973,0,31.9459127187729,10.7567574310695,0,14.0908615981126,0,11.6702206929525
0,0,0,3.97898446111118,0,0,0,0,0,7.6803611486386,0,0,0,0,0,11.1693935394287,81.4354095458984,0,7.74566821601447,0,0,0,0,0,0,0,0,0,0,0,0,0,0,0,0,56.7387771606445,0,27.456657409668,0,29.3736469562237,0,24.9566351922004,0,0,0,24.4127228778342,0,0,0,12.7169413813229,0,0,0,0,0,5.22446337205097,0,9.04300844669342,0,0,0,5.533420166799,29.4649377710679,0,0,0,0,0,3.22554245361915,0,0,0,25.8455581665039,0,0,0,0,0,33.3854809811241,0,34.9555759429932,0,7.34852175256039,0,17.8200485622182,13.4824962615967,0
5.85318162552146,0,0,0,12.5931525230408,0,0,0,8.31300690770149,0,0,0,0,0,0,0,64.8830795288086,86.0661239624023,47.8531076113383,0,0,0,0,0,0,0,0,0,0,0,0,0,0,0,0,0,41.2981851365831,0,0,0,42.5443556043837,0,23.9637255880291,0,31.975393931071,0,26.3899912834167,0,14.06524551102,0,7.73566986173391,0,0,0,11.3951878547668,0,19.7631705562274,0,3.62422171235085,0,5.31883965367856,0,0,50.6879154205322,0,0,0,0,0,0,0,0,0,28.8559909161226,0,0,0,0,0,63.2170126438141,0,37.1812561035156,12.0705870780868,32.3727474212646,20.9614845480623,0,16.7829504330953
0,3.97898446111118,0,0,0,7.90816712379456,0,0,0,6.66502314805984,0,6.1090612411499,0,0,0,0,0,0,56.8023376464844,0,0,0,0,0,0,0,0,0,0,0,0,0,0,0,0,46.2969315846761,0,0,0,42.3987938563029,0,30.3673357679941,0,0,0,26.2225507895152,0,46.5441805521647,35.8328800201416,17.1593662002894,0,5.53185411861965,0,0,0,6.16099469661713,0,21.7271271087416,0,4.78082729833811,0,5.85442814519328,32.4464168548584,0,0,0,0,0,0,0,0,0,30.0654211911288,0,0,0,0,0,41.0009103254838,0,36.3005226135254,77.4154052734375,19.470431320595,20.5789833068848,15.6441715079334,18.5165996551514,0
0,0,12.5931525230408,0,0,0,0,0,0,0,0,0,0,0,0,0,0,0,62.4129524230957,0,3.21946907043457,0,0,0,0,0,0,0,0,0,0,0,0,0,0,0,0,0,0,0,0,0,42.0635874611991,0,34.7432498931885,0,0,0,41.5889534950256,0,4.33992008953204,0,0,0,0,0,5.18679842948914,0,0,0,0,0,0,69.0971584320068,0,0,0,0,0,0,0,0,0,37.8841705322266,0,0,0,0,0,96.4093551635742,0,0,4.54043934866786,3.21817305102151,6.52154393589825,0,62.7338256835938
0,0,0,7.90816712379456,0,0,0,0,0,8.0661780834198,0,0,0,0,0,0,0,0,0,4.31133266857692,0,0,0,0,0,0,0,0,0,0,0,0,0,0,0,36.6693844795227,0,0,0,0,0,41.1121711730957,0,0,0,33.1030197143555,0,0,0,44.6473770141602,0,3.87756839005843,0,0,0,0,0,29.413911819458,0,0,0,0,0,0,0,0,0,0,0,0,0,0,36.5485343933105,0,0,0,0,0,44.0390706062317,0,38.1964626312256,0,7.07213173089204,13.924388885498,7.87827658653259,0,0
0,0,0,0,0,0,0,0,0,0,2.85331565141678,0,0,0,0,0,0,0,0,0,0,0,0,0,0,0,0,0,0,0,0,0,0,0,0,0,0,0,0,0,0,0,0,0,0,0,0,0,0,0,0,0,2.85615735304983,0,0,0,0,0,3.37080178260803,0,0,0,0,0,0,0,0,0,0,0,0,0,0,0,0,0,0,0,0,0,0,0,2.96079206466675,0,0,0,0
0,0,0,0,0,0,0,0,0,0,0,0,0,0,0,0,0,0,0,4.58864856320758,0,0,0,0,0,0,0,0,0,0,0,0,0,0,0,0,0,0,0,0,0,0,0,0,0,0,0,0,0,0,0,0,0,0,0,0,0,0,0,0,0,0,0,0,0,0,0,0,0,0,0,0,0,0,0,0,0,0,0,0,0,0,4.01075462500254,0,0,0,0
5.25157216668129,0,8.31300690770149,0,0,0,0,0,0,0,0,0,0,0,4.16000954226444,0,26.8604400634766,64.9141654968262,57.8038755144392,0,0,0,0,0,2.88519701590905,0,0,0,0,0,0,0,0,0,0,0,0,0,7.89207834005356,0,36.037181854248,88.1196174621582,21.2876554244273,0,44.5371589660645,0,87.3502655029297,33.7002019882202,8.25951002568615,0,28.282133102417,0,0,0,6.6557726035767,0,35.5114212036133,0,0,0,3.60860957397274,0,0,64.0860614776611,0,0,0,14.1341763337453,0,2.84855544567108,0,0,0,38.5596417018345,0,0,0,0,0,66.5892868041992,0,13.9109111825625,5.24594123138251,4.57638131413865,8.06103557660395,0,11.1934440135956
0,7.6803611486386,0,6.66502314805984,0,8.0661780834198,0,0,0,0,0,0,0,0,0,4.68833746165591,64.9271545410156,6.20608419552445,0,0,0,0,0,4.76519677725183,0,3.28817200660706,0,0,0,0,0,0,0,0,0,0,0,5.933124094743,0,0,0,17.785434405009,0,0,0,0,0,0,0,7.96648874469832,0,0,0,0,0,6.13547454022196,0,0,0,0,0,5.99916990421436,35.4557800292969,0,0,0,4.2411122936191,0,4.57586216926575,0,0,0,0,0,0,0,0,0,0,0,6.8671424123976,0,4.40424991823492,4.13498885729878,7.79894576470057,0,0
0,0,0,0,0,0,2.85331565141678,0,0,0,0,0,2.89221695434949,0,0,0,0,0,0,0,3.69727629855059,0,0,0,0,0,0,0,3.58231563825865,0,4.67415655201132,0,0,0,0,0,2.89268962007303,0,4.87418024810319,0,0,0,0,0,0,0,0,0,0,0,0,0,0,0,0,0,5.11715317634468,0,3.46948617126289,0,0,0,0,3.39363721827735,0,0,0,0,0,0,0,4.1742787361145,0,6.00554358164469,0,0,0,0,0,4.84958839416504,0,4.29378378391266,2.90446118598289,0,0,0,0
0,0,0,6.1090612411499,0,0,0,0,0,0,0,0,0,2.86759827320392,0,0,0,0,0,4.45581279147146,0,0,0,0,0,0,0,3.12909691333771,0,2.95475792884827,0,0,0,0,0,3.31758930132939,0,3.8242849325234,0,0,0,0,0,0,0,0,0,0,0,35.9981575012207,0,6.53083902597427,0,0,0,0,0,5.60669690988266,0,0,0,0,4.08464380673,0,0,0,0,0,0,0,3.12069623610553,0,3.31923240423203,0,0,0,0,0,3.6869208663702,0,4.75577257535396,0,3.89429882913828,0,4.72845774226719,0,0
0,0,0,0,0,0,0,0,0,0,2.89221695434949,0,0,0,0,0,0,0,0,0,0,0,0,0,0,0,0,0,2.91574376821518,0,0,0,0,0,0,0,0,0,0,0,0,0,0,0,0,0,0,0,0,0,0,0,0,0,0,0,4.5620964050293,0,5.27381273844968,0,0,0,0,0,0,0,0,0,0,0,0,2.98412280082703,0,0,0,0,0,0,0,0,0,0,3.3304522718702,3.05523757501082,0,0,0
0,0,0,0,0,0,0,0,0,0,0,2.86759827320392,0,0,0,0,0,0,0,0,0,0,0,0,0,0,0,2.74413824081421,0,0,0,0,0,0,0,0,0,0,0,0,0,0,0,0,0,0,0,0,0,0,0,0,0,0,0,0,0,2.96879502889272,0,3.35324369867643,0,3.26942426628537,0,0,0,0,0,0,3.19791773955027,0,3.12286558747292,0,0,0,0,0,0,0,0,0,0,0,3.18980155465923,3.34272948824442,0,0,0
0,0,0,0,0,0,0,0,4.16000954226444,0,0,0,0,0,0,0,10.577397134569,0,0,0,0,0,0,0,0,0,0,0,0,0,0,0,0,0,0,0,0,0,0,0,0,0,0,0,0,0,0,0,0,0,0,0,0,0,5.88929224014282,0,0,0,5.29131007194519,0,3.94444445983784,0,0,0,0,0,0,0,0,0,0,0,0,0,0,0,0,0,0,0,0,0,4.33332757155101,3.11884172757467,0,0,0
0,11.1693935394287,0,0,0,0,0,0,0,4.68833746165591,0,0,0,0,0,0,0,14.8442365101406,0,0,0,0,0,0,0,0,0,0,0,0,0,0,0,0,0,0,0,0,0,0,0,0,0,0,0,0,0,0,0,0,0,0,0,0,0,5.10562611359816,0,0,0,0,0,3.04928232918323,0,0,0,0,0,0,3.44806388219198,0,0,0,0,0,0,0,0,0,0,0,0,0,3.8912138491869,3.32141600052516,0,0,0
47.8570556640625,81.4354095458984,64.8830795288086,0,0,0,0,0,26.8604400634766,64.9271545410156,0,0,0,0,10.577397134569,0,0,21.6423210820197,28.8009160565566,0,0,38.3632278442383,4.50249190172873,0,14.0554093314293,26.9270610809326,7.23791719537921,0,0,0,0,0,0,0,0,119.585587637765,78.2645753224691,102.022033691406,0,78.4565323420933,62.9176219059871,69.6365425690361,50.1539574549748,0,37.5317032553933,73.294127702713,54.5041079599349,0,65.8511352539062,72.3858642578125,0,0,0,0,0,0,63.8702919006348,86.8750534057617,0,0,11.7977652549744,0,75.7775270562423,68.4624540805817,0,0,0,17.045974818143,80.773796081543,16.4163659572601,0,0,99.4700317382812,55.049939312152,0,0,0,0,84.0539329870423,68.955990811368,86.3518295288086,59.1544387692311,15.1053351808239,5.78913920402527,50.7024074442246,87.8864669799805,44.570110171449
0,0,86.0661239624023,0,0,0,0,0,64.9141654968262,6.20608419552445,0,0,0,0,0,14.8442365101406,21.6423210820197,0,25.0201715022124,0,0,9.59625154449826,0,6.22942304611206,28.8084432738168,9.61162434096222,27.7691218058268,5.48163402080536,0,0,0,0,0,0,0,90.7424545288086,102.022419520787,0,0,73.8899795177371,77.1699191822725,58.3758130890983,66.1773637006072,0,55.5243072509766,66.6272279421488,72.8815281842206,0,82.2370414733887,78.3590297698975,0,0,0,0,0,3.16077244281769,0,0,0,0,0,16.4326531887054,84.5524551391602,84.0672167539597,10.5704725143757,0,0,0,9.20465939195006,0,0,0,82.0860493977865,78.9106755937849,0,0,0,0,77.6323058064779,86.3239764793246,76.7297083536784,80.6246682709339,14.5722834350683,7.27166149789924,70.0127412905252,54.7251465741326,65.6813839757165
12.4704788351712,7.74566821601447,47.8531076113383,56.8023376464844,62.4129524230957,0,0,0,57.8038755144392,0,0,0,0,0,0,0,28.8009160565566,25.0201715022124,0,0,45.2710838317871,0,0,0,41.6485996246338,19.7593116760254,0,0,0,0,0,0,0,0,0,68.9941988977893,71.8943508763467,73.1850115458171,76.4616394042969,44.4487196457001,47.7631629843461,31.6723052221393,32.2374890874219,0,24.0316362206365,39.4707081916348,40.9771204692102,0,37.5697406768799,50.7780002247204,44.70720799764,137.99494934082,0,0,35.2124977111816,51.6098556518555,44.2055479396473,48.1309164008316,0,0,44.4434814453125,0,46.2874307906885,54.022114350834,0,0,0,0,0,13.0620908737183,0,0,39.531111760573,45.7116062775319,0,0,0,0,49.6851684097882,55.3412268421305,39.6093613466241,48.5879705579237,25.756926649903,38.1282830238342,35.2074783736395,20.0142291522521,33.880162542891
0,0,0,0,0,4.31133266857692,0,4.58864856320758,0,0,0,4.45581279147146,0,0,0,0,0,0,0,0,0,0,0,0,0,0,0,0,0,0,0,0,0,0,0,4.13902737148877,0,4.76576547150139,0,0,0,0,0,0,0,7.59016132354736,0,0,0,0,0,0,0,0,0,0,0,4.10636570859463,0,0,0,0,6.19938036232686,0,0,0,0,0,0,0,0,0,0,0,0,0,0,0,5.20693920820187,0,4.69361270251481,0,6.58955688846921,19.0778781636556,3.21515931934118,0,0
0,0,0,0,3.21946907043457,0,0,0,0,0,3.69727629855059,0,0,0,0,0,0,0,45.2710838317871,0,0,0,0,0,0,0,0,0,0,0,0,0,0,0,0,0,5.64493724822998,0,3.85047286945385,0,0,0,0,0,72.5372161865234,0,11.3106777667999,0,19.8108940124512,0,9.48594710230827,0,0,0,0,0,6.26296858042479,0,0,0,0,0,0,10.7137201350049,0,0,0,0,0,0,0,0,0,13.6927242279053,0,0,0,0,0,5.35004113916825,0,42.2844266891479,11.1489381869634,21.796351591746,8.19383887342505,0,0
0,0,0,0,0,0,0,0,0,0,0,0,0,0,0,0,38.3632278442383,9.59625154449826,0,0,0,0,6.20828157197301,8.16192437301983,0,5.37538288291111,0,4.64169748012836,0,0,0,0,0,0,0,0,0,5.56113620334809,3.59541130065918,0,0,0,0,0,0,0,0,0,0,8.34022470480866,0,0,0,0,0,0,0,0,0,0,0,0,0,0,5.8119186125785,2.94793128967285,9.30855797304966,0,5.43589557198917,0,5.63767134515863,0,0,0,0,0,0,0,0,0,5.71613235534162,0,4.81194899472478,5.54556665684395,12.7785828908285,0,0
0,0,0,0,0,0,0,0,0,0,0,0,0,0,0,0,4.50249190172873,0,0,0,0,6.20828157197301,0,0,6.86846199565464,0,8.46027088165283,0,3.07174054781596,0,0,0,0,0,0,0,0,0,5.81027883729392,0,0,0,0,0,0,0,0,0,7.54438066858006,0,0,0,0,0,0,0,0,0,0,0,0,0,0,0,4.1447270711263,5.51387196978424,0,5.66717835187912,0,5.93156951665878,0,2.92385251181466,0,0,0,0,0,0,0,0,0,6.69463664929269,4.46323886996041,4.18184794745314,0,0,0
0,0,0,0,0,0,0,0,0,4.76519677725183,0,0,0,0,0,0,0,6.22942304611206,0,0,0,8.16192437301983,0,0,0,3.05773896920054,0,0,0,0,0,0,0,0,0,0,0,4.99524992344208,0,0,0,0,0,0,0,0,0,0,0,7.62916837830141,0,0,0,0,0,10.0263536541085,0,0,0,0,0,25.9724521636963,0,0,9.17692272479718,0,3.94852988015522,0,3.57723248004913,0,0,0,0,0,0,0,0,0,0,0,8.02178202302832,0,3.5596670462535,0,8.11127596855164,0,0
0,0,0,0,0,0,0,0,2.88519701590905,0,0,0,0,0,0,0,14.0554093314293,28.8084432738168,41.6485996246338,0,0,0,6.86846199565464,0,0,0,3.13687147412981,0,0,0,0,0,0,0,0,0,0,0,6.46532949005685,0,0,0,28.2850445111593,0,0,0,0,19.5704402923584,9.62550119815334,0,0,0,0,0,6.32582998275757,0,0,0,0,0,0,0,0,66.7506866455078,0,12.3025897000965,0,5.0403781071404,0,4.21976526578267,0,0,0,0,0,0,0,0,0,69.1896667480469,0,11.8586730770443,7.39134688681744,0,9.58862342188756,0,0
0,0,0,0,0,0,0,0,0,3.28817200660706,0,0,0,0,0,0,26.9270610809326,9.61162434096222,19.7593116760254,0,0,5.37538288291111,0,3.05773896920054,0,0,0,3.37563111471093,0,0,0,0,0,0,0,0,0,0,0,0,0,0,0,0,0,0,0,0,0,0,0,0,0,0,0,0,0,0,0,0,0,3.23452663421631,0,0,4.73572665862455,0,3.067108991411,0,3.68117344842783,0,0,0,0,0,0,0,0,0,0,0,0,0,9.28116863862627,12.2004410132118,0,0,0
0,0,0,0,0,0,0,0,0,0,0,0,0,0,0,0,7.23791719537921,27.7691218058268,0,0,0,0,8.46027088165283,0,3.13687147412981,0,0,0,3.63377479604773,0,0,0,0,0,0,0,0,0,0,0,0,0,0,0,0,0,0,0,0,0,0,0,0,0,0,0,0,0,0,0,0,0,0,0,0,0,0,4.14695260399266,0,2.92972605493334,0,0,0,0,0,0,0,0,0,0,0,0,4.78436253100266,0,0,0,0
0,0,0,0,0,0,0,0,0,0,0,3.12909691333771,0,2.74413824081421,0,0,0,5.48163402080536,0,0,0,4.64169748012836,0,0,0,3.37563111471093,0,0,0,3.22165721389982,0,0,0,0,0,0,0,4.12803306871531,0,0,0,0,0,0,0,0,0,0,0,0,0,0,0,0,0,0,0,0,0,2.94748783111572,0,0,0,0,4.91725345580809,0,0,0,2.95199394226074,0,5.01774870013164,0,4.19347202862408,0,0,0,0,0,0,0,5.01738724685632,0,3.82672448802639,3.39515699148178,0,0,0
0,0,0,0,0,0,0,0,0,0,3.58231563825865,0,2.91574376821518,0,0,0,0,0,0,0,0,0,3.07174054781596,0,0,0,3.63377479604773,0,0,0,3.01404863008311,0,0,0,0,0,0,0,2.91085435284509,0,0,0,0,0,0,0,0,0,0,0,0,0,0,0,0,0,0,0,0,0,0,0,0,0,0,3.2896494519326,0,0,0,2.85451399803162,0,4.22636999531165,0,2.81503689289093,0,0,0,0,0,0,0,3.65813787778219,2.74973320960999,0,0,0,0
0,0,0,0,0,0,0,0,0,0,0,2.95475792884827,0,0,0,0,0,0,0,0,0,0,0,0,0,0,0,3.22165721389982,0,0,0,0,0,0,0,0,0,3.40907764081602,0,0,0,0,0,0,0,0,0,0,0,0,0,0,0,0,0,0,0,3.01440426826477,0,0,0,0,0,0,0,0,0,0,0,0,3.43578230010139,0,3.55380090567511,0,0,0,0,0,0,0,5.09604728221893,0,2.87724330690172,0,0,0,0
0,0,0,0,0,0,0,0,0,0,4.67415655201132,0,0,0,0,0,0,0,0,0,0,0,0,0,0,0,0,0,3.01404863008311,0,0,0,0,0,0,0,0,0,3.13168937618993,0,0,0,0,0,0,0,0,0,0,0,0,0,0,0,0,0,5.52466848161485,0,0,0,0,0,0,0,0,0,0,0,0,0,0,3.43703988620213,0,4.8714264664784,0,0,0,0,0,0,0,0,0,0,0,0,0
0,0,0,0,0,0,0,0,0,0,0,0,0,0,0,0,0,0,0,0,0,0,0,0,0,0,0,0,0,0,0,0,3.29245436943329,0,0,3.74471442643986,6.38218920571463,0,0,0,0,0,0,0,0,0,0,4.52813924655297,0,3.37479066848755,0,0,0,0,0,0,0,0,0,0,0,0,0,0,0,0,0,0,0,0,0,0,0,0,4.04335782007009,4.30241020330611,2.95994746685028,0,16.7078650563955,5.12873326815092,0,0,3.4411051381718,0,0,0,0
0,0,0,0,0,0,0,0,0,0,0,0,0,0,0,0,0,0,0,0,0,0,0,0,0,0,0,0,0,0,0,3.29245436943329,0,0,0,3.00827599565188,3.49421471113182,0,0,0,0,0,0,0,0,0,0,3.5899142567928,0,0,0,0,0,0,0,0,0,0,0,0,0,0,0,0,0,0,0,0,0,0,0,0,0,0,5.72264298763904,4.52444721487302,0,0,9.0257043838501,9.84086486382213,0,0,3.14936123932562,0,0,0,0
0,0,0,0,0,0,0,0,0,0,0,0,0,0,0,0,0,0,0,0,0,0,0,0,0,0,0,0,0,0,0,0,0,0,4.02503289758403,3.20808858025459,0,3.97555748289421,6.53117990493774,0,0,0,0,0,0,0,0,5.93977191027329,14.5679967403412,0,0,0,0,0,0,0,0,0,0,0,0,0,0,0,0,0,0,0,0,0,0,0,0,0,7.67312431335449,0,4.80946096441685,5.34311333986429,4.34426444023848,0,4.28326898035796,5.90390920639038,3.57228190823316,0,0,0,0
0,0,0,0,0,0,0,0,0,0,0,0,0,0,0,0,0,0,0,0,0,0,0,0,0,0,0,0,0,0,0,0,0,4.02503289758403,0,5.4827588508869,3.82952539494496,7.30517846887762,4.17207161017827,0,0,0,0,0,0,0,0,5.26850314811595,0,0,0,0,0,0,0,0,0,0,0,0,0,0,0,0,0,0,0,0,0,0,0,0,0,0,0,0,4.3117556758393,5.11878681443713,6.13490859985352,4.20823776777401,0,3.91686248779297,3.84670312089079,0,0,0,0
0,56.7387771606445,0,46.2969315846761,0,36.6693844795227,0,0,0,0,0,3.31758930132939,0,0,0,0,119.585587637765,90.7424545288086,68.9941988977893,4.13902737148877,0,0,0,0,0,0,0,0,0,0,0,3.74471442643986,3.00827599565188,3.20808858025459,5.4827588508869,0,3.50303944123202,5.34898169841097,6.22839944703238,49.4970651059537,0,50.900708570548,163.400604248047,0,85.0795974731445,42.7442347029565,0,4.40136170387268,0,67.7194244384766,0,0,0,0,0,0,0,24.668444678897,0,0,0,71.4187774658203,16.1010822909219,0,0,0,0,0,0,0,0,0,85.4060618082682,0,6.75647232207385,3.40150968233744,5.04663082370608,0,8.41059928232442,3.75889910093055,7.71734263010361,0,10.5564138435606,9.95329317210013,32.1976335319047,47.0752877807617,111.029815673828
49.3527603149414,0,41.2981851365831,0,0,0,0,0,0,0,2.89268962007303,0,0,0,0,0,78.2645753224691,102.022419520787,71.8943508763467,0,5.64493724822998,0,0,0,0,0,0,0,0,0,0,6.38218920571463,3.49421471113182,0,3.82952539494496,3.50303944123202,0,17.0401363372803,6.12278648642669,0,35.3427539401584,0,51.1592400980275,0,53.4339185315509,118.885894775391,43.1323029122701,11.6046511871474,52.0630633280827,0,0,0,0,0,0,0,24.0347798317671,0,0,0,0,0,0,25.0643680264764,0,0,0,0,0,0,0,0,0,48.8142812628495,9.47979905870226,3.86548404294159,0,13.7069016729082,5.51818722696485,8.1364626039375,0,8.54527173488598,7.78455271067578,10.3699575092482,36.6365328453816,0,46.6638124061353
0,27.456657409668,0,0,0,0,0,0,0,5.933124094743,0,3.8242849325234,0,0,0,0,102.022033691406,0,73.1850115458171,4.76576547150139,0,5.56113620334809,0,4.99524992344208,0,0,0,4.12803306871531,0,3.40907764081602,0,0,0,3.97555748289421,7.30517846887762,5.34898169841097,17.0401363372803,0,3.17340923112536,98.2088584899902,0,46.9023803869883,0,0,0,82.957898457845,0,7.22363180794975,0,5.16242891288849,0,0,0,0,0,12.2972361354141,0,5.61261553944591,0,0,0,0,7.46800141442906,0,5.71558251141959,0,7.57779641798985,0,0,0,0,0,3.26534695625305,0,0,0,4.55642008292369,0,8.53851842979568,0,5.75618232311477,6.0815859635671,5.42088837874354,3.78767797189165,7.09573715666066,56.8606948852539,0
0,0,0,0,0,0,0,0,7.89207834005356,0,4.87418024810319,0,0,0,0,0,0,0,76.4616394042969,0,3.85047286945385,3.59541130065918,5.81027883729392,0,6.46532949005685,0,0,0,2.91085435284509,0,3.13168937618993,0,0,6.53117990493774,4.17207161017827,6.22839944703238,6.12278648642669,3.17340923112536,0,0,0,0,25.6257297992706,0,0,0,13.8270201316247,4.36524401977658,6.74521144207991,0,0,0,0,0,8.80587653005332,0,4.95626201306359,0,0,0,0,0,0,10.5894823464151,0,7.4817678031699,0,8.05384945502648,0,0,0,3.02969840677773,0,10.7997494935989,0,0,0,10.511561830165,11.269813316209,9.44162122352973,3.72414647615873,5.57220672656311,6.72677077987062,10.7472558021545,7.93195428324573,0,0
0,29.3736469562237,0,42.3987938563029,0,0,0,0,0,0,0,0,0,0,0,0,78.4565323420933,73.8899795177371,44.4487196457001,0,0,0,0,0,0,0,0,0,0,0,0,0,0,0,0,49.4970651059537,0,98.2088584899902,0,0,0,21.4445264614964,81.0523806485263,0,68.475835164388,19.7618440202533,93.6346740722656,5.39636171013117,56.5609245300293,8.87086921242567,0,46.9744167327881,0,0,0,40.3880920410156,0,48.3712719784507,0,51.021422068278,0,48.0409736633301,13.0756408208433,0,0,0,0,0,0,0,0,0,46.3131369219886,131.257888793945,0,0,0,0,16.2180350429737,94.8603274027507,40.6184241324663,99.2287851969401,40.5768220580143,31.7966683281793,15.1693794219005,25.0040781250633,72.4910278320312
33.7171020507812,0,42.5443556043837,0,0,0,0,0,36.037181854248,0,0,0,0,0,0,0,62.9176219059871,77.1699191822725,47.7631629843461,0,0,0,0,0,0,0,0,0,0,0,0,0,0,0,0,0,35.3427539401584,0,0,0,0,91.9419479370117,22.1207631554692,0,26.3306862680536,65.8198318481445,13.4787187170475,17.5373640060425,5.76350691626149,0,0,0,0,0,0,0,52.1364542643229,0,0,0,47.4388999938965,0,0,12.0646292462068,0,0,0,0,0,0,0,0,0,16.5529133767793,0,0,0,0,0,11.5655281789375,0,8.78775055969463,46.1455388562433,0,12.5886471454533,64.3009262084961,22.7657737148051
0,24.9566351922004,0,30.3673357679941,0,41.1121711730957,0,0,88.1196174621582,17.785434405009,0,0,0,0,0,0,69.6365425690361,58.3758130890983,31.6723052221393,0,0,0,0,0,0,0,0,0,0,0,0,0,0,0,0,50.900708570548,0,46.9023803869883,0,21.4445264614964,91.9419479370117,0,11.0125700120743,0,67.243035403165,27.5193152181218,81.0121786934989,9.37933735118425,67.9213962554932,16.4952856945188,0,39.192138671875,0,0,0,9.93123277028402,0,17.0607225142189,0,38.0469358232286,0,37.2931908501519,25.8253667318531,82.3117170333862,0,0,0,0,0,0,0,0,19.9222051776135,88.3939793904622,0,0,0,0,28.3000974329989,85.1778556278774,26.7321459159997,79.9423152378627,20.8389501105244,27.5674364577124,17.2386516654998,10.7514840351281,66.756051381429
23.7991413383773,0,23.9637255880291,0,42.0635874611991,0,0,0,21.2876554244273,0,0,0,0,0,0,0,50.1539574549748,66.1773637006072,32.2374890874219,0,0,0,0,0,28.2850445111593,0,0,0,0,0,0,0,0,0,0,163.400604248047,51.1592400980275,0,25.6257297992706,81.0523806485263,22.1207631554692,11.0125700120743,0,0,18.1186924801357,65.7752323150635,26.8511837563773,10.2736434700075,17.1258851162971,57.2158966064453,43.5899770259857,0,0,0,28.7701113564628,0,20.5559745765314,68.9357261657715,35.4422187805176,0,33.2104986054557,0,85.2585542466905,33.545651011798,0,0,0,0,0,0,0,33.6790358225505,0,20.2000503004751,0,0,0,0,76.7826519012451,27.9423089735444,0,25.0992047236516,18.8600729589653,39.6076024951357,15.8794320289095,73.7017112731934,10.2994324916741
0,0,0,0,0,0,0,0,0,0,0,0,0,0,0,0,0,0,0,0,0,0,0,0,0,0,0,0,0,0,0,0,0,0,0,0,0,0,0,0,0,0,0,0,0,0,0,0,0,0,0,0,0,0,0,0,0,0,0,0,0,0,0,0,0,0,0,0,0,0,0,0,0,0,0,0,0,0,0,0,0,0,12.1796069145203,0,0,0,0
0,0,31.975393931071,0,34.7432498931885,0,0,0,44.5371589660645,0,0,0,0,0,0,0,37.5317032553933,55.5243072509766,24.0316362206365,0,72.5372161865234,0,0,0,0,0,0,0,0,0,0,0,0,0,0,85.0795974731445,53.4339185315509,0,0,68.475835164388,26.3306862680536,67.243035403165,18.1186924801357,0,0,49.9045372009277,19.8216193692629,0,20.8020471572876,0,39.9946479797363,0,0,0,0,0,0,68.6160354614258,0,0,0,0,71.7266006469727,33.094505862532,0,0,0,0,0,0,0,42.3939056396484,0,39.2118681498936,0,0,0,57.8025665283203,73.7054104804993,32.624701043236,75.1460342407227,30.0650794085334,22.7820566324087,119.418312072754,19.3613128924774,59.0247936248779,28.102928797404
0,24.4127228778342,0,26.2225507895152,0,33.1030197143555,0,0,0,0,0,0,0,0,0,0,73.294127702713,66.6272279421488,39.4707081916348,7.59016132354736,0,0,0,0,0,0,0,0,0,0,0,0,0,0,0,42.7442347029565,118.885894775391,82.957898457845,0,19.7618440202533,65.8198318481445,27.5193152181218,65.7752323150635,0,49.9045372009277,0,80.9333890279134,60.8499298095703,0,40.7713701541607,0,34.0787391662598,0,0,0,0,78.1174697875977,23.31146893008,0,0,0,0,10.8941296127222,83.3037109375,0,0,0,0,0,0,0,0,28.5219626628177,0,0,0,0,0,21.4975513849485,88.2994128140536,15.4588244988017,99.5718097686768,39.1411759257317,39.3262093170829,19.027689043097,28.4089155197144,90.4090194702148
0,0,26.3899912834167,0,0,0,0,0,87.3502655029297,0,0,0,0,0,0,0,54.5041079599349,72.8815281842206,40.9771204692102,0,11.3106777667999,0,0,0,0,0,0,0,0,0,0,0,0,0,0,0,43.1323029122701,0,13.8270201316247,93.6346740722656,13.4787187170475,81.0121786934989,26.8511837563773,0,19.8216193692629,80.9333890279134,0,0,39.6275767790966,40.5133781433105,0,0,0,0,45.944206237793,0,37.5328996658325,0,0,0,30.7137489318848,69.950325012207,66.9995880126953,21.9480926153712,0,0,0,0,0,0,0,0,123.553230285645,32.8662860576923,0,0,0,0,88.2292142595564,24.108838429366,0,18.3518165731188,43.2450377033875,34.2450777689616,24.9015455657038,0,47.1444573402405
36.4649257659912,0,0,46.5441805521647,0,0,0,0,33.7002019882202,0,0,0,0,0,0,0,0,0,0,0,0,0,0,0,19.5704402923584,0,0,0,0,0,0,4.52813924655297,3.5899142567928,5.93977191027329,5.26850314811595,4.40136170387268,11.6046511871474,7.22363180794975,4.36524401977658,5.39636171013117,17.5373640060425,9.37933735118425,10.2736434700075,0,0,60.8499298095703,0,0,6.65354231659406,5.40707726288631,0,0,0,0,36.8213195800781,0,0,58.707540512085,0,0,0,0,45.2966995239258,19.234380531311,0,0,0,0,0,0,0,0,66.4012832641602,0,4.75642501261763,5.45680358460836,3.62730321707549,5.76974530573244,10.3835984979357,6.87602363898913,46.0235041618347,5.90291769305865,5.69817730611243,4.73630261421204,7.63722824643619,0,44.8615976969401
7.98455314293593,0,14.06524551102,35.8328800201416,41.5889534950256,0,0,0,8.25951002568615,0,0,0,0,0,0,0,65.8511352539062,82.2370414733887,37.5697406768799,0,19.8108940124512,0,7.54438066858006,0,9.62550119815334,0,0,0,0,0,0,0,0,14.5679967403412,0,0,52.0630633280827,0,6.74521144207991,56.5609245300293,5.76350691626149,67.9213962554932,17.1258851162971,0,20.8020471572876,0,39.6275767790966,6.65354231659406,0,6.09577887808835,48.1487964283336,44.6770820617676,0,0,7.65545258155236,0,13.1899146792532,57.5819676717122,7.72199887699551,0,8.15473815216415,0,0,22.0289013495812,0,6.5582700947411,0,7.97016109425597,0,4.93400549000094,0,3.79573492322649,47.7748680114746,21.4909117120685,0,4.00085210800171,0,3.67455726861954,66.647434870402,10.8813735031441,0,5.96483386322883,12.9863918680411,31.6961808204651,13.110331511826,0,26.1456546864267
0,12.7169413813229,0,17.1593662002894,0,44.6473770141602,0,0,0,7.96648874469832,0,35.9981575012207,0,0,0,0,72.3858642578125,78.3590297698975,50.7780002247204,0,0,8.34022470480866,0,7.62916837830141,0,0,0,0,0,0,0,3.37479066848755,0,0,0,67.7194244384766,0,5.16242891288849,0,8.87086921242567,0,16.4952856945188,57.2158966064453,0,0,40.7713701541607,40.5133781433105,5.40707726288631,6.09577887808835,0,0,26.6721706390381,0,0,0,9.49547290802002,53.2800712585449,29.6773441278416,0,9.18621060677937,0,9.60739337129796,30.9290714718047,0,7.34574097729801,0,7.71773279354136,0,3.46022900087493,0,2.74695030848185,0,28.7182543458057,0,0,0,2.75404667854309,0,18.315339308345,0,9.71024916966756,0,15.6282432200252,25.0433362571939,12.5101086039974,35.8175048828125,0
0,0,7.73566986173391,0,4.33992008953204,0,0,0,28.282133102417,0,0,0,0,0,0,0,0,0,44.70720799764,0,9.48594710230827,0,0,0,0,0,0,0,0,0,0,0,0,0,0,0,0,0,0,0,0,0,43.5899770259857,0,39.9946479797363,0,0,0,48.1487964283336,0,0,0,2.94864654541016,0,0,0,5.5804779174983,0,3.94254556408635,0,3.30093716581663,0,0,25.8945802052816,0,0,0,0,0,0,0,0,0,37.4304779052734,0,0,0,0,0,50.5467643737793,0,41.5061492919922,6.82548443295739,3.63561796460833,9.33933262825012,0,31.9573268890381
0,0,0,5.53185411861965,0,3.87756839005843,0,0,0,0,0,6.53083902597427,0,0,0,0,0,0,137.99494934082,0,0,0,0,0,0,0,0,0,0,0,0,0,0,0,0,0,0,0,0,46.9744167327881,0,39.192138671875,0,0,0,34.0787391662598,0,0,44.6770820617676,26.6721706390381,0,0,0,0,0,2.96358267466227,0,4.23768565711371,0,2.74323916435242,0,0,0,0,0,0,0,0,0,0,0,0,37.8709774017334,0,0,0,0,0,52.5813456944057,0,46.2164077758789,0,3.05507155921724,0,11.365874545616,0,0
0,0,0,0,0,0,2.85615735304983,0,0,0,0,0,0,0,0,0,0,0,0,0,0,0,0,0,0,0,0,0,0,0,0,0,0,0,0,0,0,0,0,0,0,0,0,0,0,0,0,0,0,0,2.94864654541016,0,0,0,0,0,3.72750097658576,0,0,0,0,0,0,7.18847791353862,0,0,0,0,0,0,0,0,0,0,0,0,0,0,0,0,0,0,0,0,0,0,0
0,0,0,0,0,0,0,0,0,0,0,0,0,0,0,0,0,0,0,0,0,0,0,0,0,0,0,0,0,0,0,0,0,0,0,0,0,0,0,0,0,0,0,0,0,0,0,0,0,0,0,0,0,0,0,0,0,0,0,0,0,0,0,0,0,0,0,0,0,0,0,0,0,0,0,0,0,0,0,0,0,0,0,0,0,0,0
8.0260442618666,0,11.3951878547668,0,0,0,0,0,6.6557726035767,0,0,0,0,0,5.88929224014282,0,0,0,35.2124977111816,0,0,0,0,0,6.32582998275757,0,0,0,0,0,0,0,0,0,0,0,0,0,8.80587653005332,0,0,0,28.7701113564628,0,0,0,45.944206237793,36.8213195800781,7.65545258155236,0,0,0,0,0,0,0,0,0,0,0,5.25367177345536,0,0,0,0,0,0,3.93869448126408,0,0,0,0,0,33.0820846557617,0,0,0,0,0,0,0,10.4059746018311,7.71712912518554,0,12.243621867636,0,0
0,5.22446337205097,0,6.16099469661713,0,0,0,0,0,6.13547454022196,0,0,0,0,0,5.10562611359816,0,3.16077244281769,51.6098556518555,0,0,0,0,10.0263536541085,0,0,0,0,0,0,0,0,0,0,0,0,0,12.2972361354141,0,40.3880920410156,0,9.93123277028402,0,0,0,0,0,0,0,9.49547290802002,0,2.96358267466227,0,0,0,0,0,24.9273009300232,0,0,0,4.78943159858743,0,0,0,0,11.19929048419,0,0,0,0,0,36.6894989013672,0,0,0,0,0,42.6711292266846,0,11.7753391265869,0,7.45200035870075,0,14.057990061543,0,0
17.8136585553487,0,19.7631705562274,0,5.18679842948914,0,0,0,35.5114212036133,0,5.11715317634468,0,4.5620964050293,0,0,0,63.8702919006348,0,44.2055479396473,0,6.26296858042479,0,0,0,0,0,0,0,0,0,5.52466848161485,0,0,0,0,0,24.0347798317671,0,4.95626201306359,0,52.1364542643229,0,20.5559745765314,0,0,78.1174697875977,37.5328996658325,0,13.1899146792532,53.2800712585449,5.5804779174983,0,3.72750097658576,0,0,0,0,0,3.87168994862983,0,14.9929284595308,0,0,15.6353267198304,0,0,0,0,0,0,0,4.32782912254333,0,7.49436630300244,0,0,0,0,0,43.2265041470528,0,11.728425848073,29.027915521442,47.1085205078125,14.5443171897743,0,17.4753438949585
0,9.04300844669342,0,21.7271271087416,0,29.413911819458,0,0,0,0,0,5.60669690988266,0,2.96879502889272,0,0,86.8750534057617,0,48.1309164008316,4.10636570859463,0,0,0,0,0,0,0,0,0,3.01440426826477,0,0,0,0,0,24.668444678897,0,5.61261553944591,0,48.3712719784507,0,17.0607225142189,68.9357261657715,0,68.6160354614258,23.31146893008,0,58.707540512085,57.5819676717122,29.6773441278416,0,4.23768565711371,0,0,0,24.9273009300232,0,0,0,4.85173614025116,0,8.3171483874321,11.6243181087978,0,0,0,0,0,0,0,3.38403482633094,0,4.77988249016311,0,0,0,0,0,49.2482610296031,77.6665115356445,10.2567665917533,0,17.2266259893365,38.0709154764811,13.1542633686747,20.0626292393125,0
0,0,3.62422171235085,0,0,0,3.37080178260803,0,0,0,3.46948617126289,0,5.27381273844968,0,5.29131007194519,0,0,0,0,0,0,0,0,0,0,0,0,0,0,0,0,0,0,0,0,0,0,0,0,0,0,0,35.4422187805176,0,0,0,0,0,7.72199887699551,0,3.94254556408635,0,0,0,0,0,3.87168994862983,0,0,0,3.01668298244476,0,0,0,0,0,0,0,0,0,0,0,0,33.2754592895508,0,0,0,0,0,60.6356906890869,0,0,7.87154398645673,13.9898877938588,30.6391331354777,0,0
0,0,0,4.78082729833811,0,0,0,0,0,0,0,0,0,3.35324369867643,0,0,0,0,0,0,0,0,0,0,0,0,0,2.94748783111572,0,0,0,0,0,0,0,0,0,0,0,51.021422068278,0,38.0469358232286,0,0,0,0,0,0,0,9.18621060677937,0,2.74323916435242,0,0,0,0,0,4.85173614025116,0,0,0,3.22076511383057,0,0,0,0,0,0,4.02192217111588,0,5.06636476516724,0,34.7581062316895,0,0,0,0,0,0,0,0,0,2.96629579861959,2.84724879264832,11.3227432499761,0,0
6.96687941223967,0,5.31883965367856,0,0,0,0,0,3.60860957397274,0,0,0,0,0,3.94444445983784,0,11.7977652549744,0,44.4434814453125,0,0,0,0,0,0,0,0,0,0,0,0,0,0,0,0,0,0,0,0,0,47.4388999938965,0,33.2104986054557,0,0,0,30.7137489318848,0,8.15473815216415,0,3.30093716581663,0,0,0,5.25367177345536,0,14.9929284595308,0,3.01668298244476,0,0,0,0,67.5909118652344,0,0,0,0,0,0,0,0,0,35.0114592848153,0,0,0,0,0,61.6668243408203,0,41.4684366498675,5.74745552931259,3.6834024711394,32.3981785441554,0,26.1879005432129
0,5.533420166799,0,5.85442814519328,0,0,0,0,0,5.99916990421436,0,0,0,3.26942426628537,0,3.04928232918323,0,16.4326531887054,0,0,0,0,0,25.9724521636963,0,3.23452663421631,0,0,0,0,0,0,0,0,0,71.4187774658203,0,0,0,48.0409736633301,0,37.2931908501519,0,0,0,0,69.950325012207,0,0,9.60739337129796,0,0,0,0,0,4.78943159858743,0,8.3171483874321,0,3.22076511383057,0,0,0,0,0,0,9.50929832458496,0,3.5972375869751,0,0,0,37.2386417388916,0,0,0,0,0,48.5357627868652,0,0,0,10.5070328116417,0,24.1418690490723,29.4897079467773,0
0,29.4649377710679,0,32.4464168548584,0,0,0,0,0,35.4557800292969,0,4.08464380673,0,0,0,0,75.7775270562423,84.5524551391602,46.2874307906885,6.19938036232686,0,0,0,0,0,0,0,0,0,0,0,0,0,0,0,16.1010822909219,0,7.46800141442906,0,13.0756408208433,0,25.8253667318531,85.2585542466905,0,71.7266006469727,10.8941296127222,66.9995880126953,45.2966995239258,0,30.9290714718047,0,0,0,0,0,0,0,11.6243181087978,0,0,0,0,0,126.212786356608,0,0,0,0,0,0,0,0,16.9083469084331,94.4186325073242,0,0,0,0,12.774507277938,101.272828843859,11.5863441725572,96.5139007568359,32.5970380131984,21.8117991281212,15.5523942582254,48.0719934003106,65.9403018951416
0,0,50.6879154205322,0,69.0971584320068,0,0,0,64.0860614776611,0,3.39363721827735,0,0,0,0,0,68.4624540805817,84.0672167539597,54.022114350834,0,10.7137201350049,0,0,0,66.7506866455078,0,0,0,0,0,0,0,0,0,0,0,25.0643680264764,0,10.5894823464151,0,12.0646292462068,82.3117170333862,33.545651011798,0,33.094505862532,83.3037109375,21.9480926153712,19.234380531311,22.0289013495812,0,25.8945802052816,0,7.18847791353862,0,0,0,15.6353267198304,0,0,0,67.5909118652344,0,126.212786356608,0,0,0,0,0,0,0,0,0,0,23.3192499458116,0,0,0,0,105.80933380127,17.2392796635825,0,18.6506959496627,30.5032473146915,0,23.9395425936615,73.1591148376465,49.5439511079055
0,0,0,0,0,0,0,0,0,0,0,0,0,0,0,0,0,10.5704725143757,0,0,0,5.8119186125785,4.1447270711263,9.17692272479718,0,4.73572665862455,0,4.91725345580809,0,0,0,0,0,0,0,0,0,5.71558251141959,0,0,0,0,0,0,0,0,0,0,0,7.34574097729801,0,0,0,0,0,0,0,0,0,0,0,0,0,0,0,0,7.04322729181887,0,3.90696304494684,0,4.39354531934147,0,0,0,0,0,0,0,0,0,7.54498342107308,0,5.16404412524907,7.15983084837596,0,0,0
0,0,0,0,0,0,0,0,0,0,0,0,0,0,0,0,0,0,0,0,0,2.94793128967285,5.51387196978424,0,12.3025897000965,0,0,0,3.2896494519326,0,0,0,0,0,0,0,0,0,7.4817678031699,0,0,0,0,0,0,0,0,0,6.5582700947411,0,0,0,0,0,0,0,0,0,0,0,0,0,0,0,0,0,0,4.83985579253201,0,3.32735800743103,0,3.3099616842067,0,0,0,0,0,0,0,0,0,5.51358468970387,5.90932691854777,3.06714896594777,0,0,0
0,0,0,0,0,0,0,0,0,4.2411122936191,0,0,0,0,0,0,0,0,0,0,0,9.30855797304966,0,3.94852988015522,0,3.067108991411,0,0,0,0,0,0,0,0,0,0,0,7.57779641798985,0,0,0,0,0,0,0,0,0,0,0,7.71773279354136,0,0,0,0,0,11.19929048419,0,0,0,0,0,9.50929832458496,0,0,7.04322729181887,0,0,0,3.74957383724681,0,3.89081645011902,0,0,0,0,0,17.1509178860087,0,0,0,9.75787894847201,0,3.20050038769841,0,6.04623419810564,0,0
0,0,0,0,0,0,0,0,14.1341763337453,0,0,0,0,0,0,0,17.045974818143,0,0,0,0,0,5.66717835187912,0,5.0403781071404,0,4.14695260399266,0,0,0,0,0,0,0,0,0,0,0,8.05384945502648,0,0,0,0,0,0,0,0,0,7.97016109425597,0,0,0,0,0,3.93869448126408,0,0,0,0,0,0,0,0,0,0,4.83985579253201,0,0,0,5.54071788445204,0,0,0,0,0,0,0,0,0,0,0,10.7537408261387,4.62651566416025,0,8.57967078483711,0,0
0,3.22554245361915,0,0,0,0,0,0,0,4.57586216926575,0,0,0,3.19791773955027,0,3.44806388219198,80.773796081543,9.20465939195006,0,0,0,5.43589557198917,0,3.57723248004913,0,3.68117344842783,0,2.95199394226074,0,0,0,0,0,0,0,0,0,0,0,0,0,0,0,0,0,0,0,0,0,3.46022900087493,0,0,0,0,0,0,0,0,0,4.02192217111588,0,3.5972375869751,0,0,3.90696304494684,0,3.74957383724681,0,0,0,3.50083367597489,0,0,0,0,0,0,0,0,0,0,0,10.8587060479557,0,3.36725608507792,0,0
0,0,0,0,0,0,0,0,2.84855544567108,0,0,0,0,0,0,0,16.4163659572601,0,13.0620908737183,0,0,0,5.93156951665878,0,4.21976526578267,0,2.92972605493334,0,2.85451399803162,0,0,0,0,0,0,0,0,0,0,0,0,0,0,0,0,0,0,0,4.93400549000094,0,0,0,0,0,0,0,0,0,0,0,0,0,0,0,0,3.32735800743103,0,5.54071788445204,0,0,0,3.53163164594899,0,0,0,0,0,0,0,0,0,0,4.74602137912403,0,0,0,0
0,0,0,0,0,0,0,0,0,0,0,3.12069623610553,0,3.12286558747292,0,0,0,0,0,0,0,5.63767134515863,0,0,0,0,0,5.01774870013164,0,3.43578230010139,0,0,0,0,0,0,0,0,0,0,0,0,0,0,0,0,0,0,0,2.74695030848185,0,0,0,0,0,0,0,3.38403482633094,0,5.06636476516724,0,0,0,0,4.39354531934147,0,3.89081645011902,0,3.50083367597489,0,0,0,4.22032465029001,0,0,0,0,0,0,0,5.55526572682079,0,3.58207727493124,3.58767211940927,2.75232243537903,0,0
0,0,0,0,0,0,0,0,0,0,4.1742787361145,0,2.98412280082703,0,0,0,0,0,0,0,0,0,2.92385251181466,0,0,0,0,0,4.22636999531165,0,3.43703988620213,0,0,0,0,0,0,0,3.02969840677773,0,0,0,33.6790358225505,0,42.3939056396484,0,0,0,3.79573492322649,0,0,0,0,0,0,0,4.32782912254333,0,0,0,0,0,0,0,0,3.3099616842067,0,0,0,3.53163164594899,0,0,0,3.82133395021612,0,0,0,0,0,0,0,2.95406393821423,4.53454936118353,2.74673628807068,15.6456104516983,0,0
0,25.8455581665039,0,30.0654211911288,0,36.5485343933105,0,0,0,0,0,3.31923240423203,0,0,0,0,99.4700317382812,82.0860493977865,39.531111760573,0,0,0,0,0,0,0,0,4.19347202862408,0,3.55380090567511,0,0,0,0,0,85.4060618082682,0,3.26534695625305,0,46.3131369219886,0,19.9222051776135,0,0,0,28.5219626628177,123.553230285645,66.4012832641602,47.7748680114746,28.7182543458057,0,37.8709774017334,0,0,0,36.6894989013672,0,4.77988249016311,0,34.7581062316895,0,37.2386417388916,16.9083469084331,0,0,0,0,0,0,0,4.22032465029001,0,0,95.7198028564453,0,0,0,0,52.7569933640329,138.987056732178,6.21582427724973,0,28.4667206431088,38.8364269733429,19.5370641103848,20.5389701036307,0
30.664000193278,0,28.8559909161226,0,37.8841705322266,0,0,0,38.5596417018345,0,6.00554358164469,0,0,0,0,0,55.049939312152,78.9106755937849,45.7116062775319,0,13.6927242279053,0,0,0,0,0,0,0,2.81503689289093,0,4.8714264664784,0,0,0,0,0,48.8142812628495,0,10.7997494935989,131.257888793945,16.5529133767793,88.3939793904622,20.2000503004751,0,39.2118681498936,0,32.8662860576923,0,21.4909117120685,0,37.4304779052734,0,0,0,33.0820846557617,0,7.49436630300244,0,33.2754592895508,0,35.0114592848153,0,94.4186325073242,23.3192499458116,0,0,0,0,0,0,0,3.82133395021612,95.7198028564453,0,0,0,0,0,90.9394607543945,52.7356781554012,0,4.26880050153661,39.3724655794398,48.3109073638916,17.3988230937343,0,21.4210704473349
0,0,0,0,0,0,0,0,0,0,0,0,0,0,0,0,0,0,0,0,0,0,0,0,0,0,0,0,0,0,0,4.04335782007009,5.72264298763904,7.67312431335449,0,6.75647232207385,9.47979905870226,0,0,0,0,0,0,0,0,0,0,4.75642501261763,0,0,0,0,0,0,0,0,0,0,0,0,0,0,0,0,0,0,0,0,0,0,0,0,0,0,0,5.86100803315639,4.97039187467109,0,11.1235728919248,13.9763103831898,0,0,4.15809989356995,0,0,0,0
0,0,0,0,0,0,0,0,0,0,0,0,0,0,0,0,0,0,0,0,0,0,0,0,0,0,0,0,0,0,0,4.30241020330611,4.52444721487302,0,0,3.40150968233744,3.86548404294159,0,0,0,0,0,0,0,0,0,0,5.45680358460836,4.00085210800171,0,0,0,0,0,0,0,0,0,0,0,0,0,0,0,0,0,0,0,0,0,0,0,0,0,5.86100803315639,0,0,6.06534779534757,12.9845237731934,10.5750097214968,0,0,3.26678224481069,0,0,0,0
0,0,0,0,0,0,0,0,0,0,0,0,0,0,0,0,0,0,0,0,0,0,0,0,0,0,0,0,0,0,0,2.95994746685028,0,4.80946096441685,4.3117556758393,5.04663082370608,0,4.55642008292369,0,0,0,0,0,0,0,0,0,3.62730321707549,0,2.75404667854309,0,0,0,0,0,0,0,0,0,0,0,0,0,0,0,0,17.1509178860087,0,0,0,0,0,0,0,4.97039187467109,0,0,7.29083156585693,4.19256152874894,0,6.5371116029154,0,3.85309290265761,0,0,0,0
0,0,0,0,0,0,0,0,0,0,0,0,0,0,0,0,0,0,0,0,0,0,0,0,0,0,0,0,0,0,0,0,0,5.34311333986429,5.11878681443713,0,13.7069016729082,0,10.511561830165,0,0,0,0,0,57.8025665283203,0,0,5.76974530573244,3.67455726861954,0,0,0,0,0,0,0,0,0,0,0,0,0,0,0,0,0,0,0,0,0,0,0,0,0,0,6.06534779534757,7.29083156585693,0,0,8.11596569769523,0,7.06269703813994,5.10526510937647,0,0,0,0
0,33.3854809811241,0,41.0009103254838,0,44.0390706062317,0,0,0,0,0,3.6869208663702,0,0,0,0,84.0539329870423,77.6323058064779,49.6851684097882,5.20693920820187,0,0,0,0,0,0,0,0,0,0,0,16.7078650563955,9.0257043838501,4.34426444023848,6.13490859985352,8.41059928232442,5.51818722696485,8.53851842979568,11.269813316209,16.2180350429737,0,28.3000974329989,76.7826519012451,0,73.7054104804993,21.4975513849485,88.2292142595564,10.3835984979357,66.647434870402,18.315339308345,0,52.5813456944057,0,0,0,42.6711292266846,0,49.2482610296031,0,0,0,48.5357627868652,12.774507277938,105.80933380127,0,0,0,0,0,0,0,0,52.7569933640329,90.9394607543945,11.1235728919248,12.9845237731934,4.19256152874894,0,0,64.4974896709124,10.2421365007048,85.2280197143555,20.416984011997,34.7599240272276,28.3171875964111,34.1029072273375,87.5039501190186
59.0413382393973,0,63.2170126438141,0,96.4093551635742,0,0,0,66.5892868041992,0,4.84958839416504,0,0,0,0,0,68.955990811368,86.3239764793246,55.3412268421305,0,5.35004113916825,0,0,0,69.1896667480469,0,0,0,0,0,0,5.12873326815092,9.84086486382213,0,4.20823776777401,3.75889910093055,8.1364626039375,0,9.44162122352973,94.8603274027507,11.5655281789375,85.1778556278774,27.9423089735444,0,32.624701043236,88.2994128140536,24.108838429366,6.87602363898913,10.8813735031441,0,50.5467643737793,0,0,0,0,0,43.2265041470528,77.6665115356445,60.6356906890869,0,61.6668243408203,0,101.272828843859,17.2392796635825,0,0,0,0,0,0,0,0,138.987056732178,52.7356781554012,13.9763103831898,10.5750097214968,0,8.11596569769523,64.4974896709124,0,106.090873718262,11.2513282512109,14.1898564475598,26.4785830259323,25.3903374399895,80.0244649251302,33.2926601617515
0,34.9555759429932,0,36.3005226135254,0,38.1964626312256,0,0,0,6.8671424123976,0,4.75577257535396,0,0,0,0,86.3518295288086,76.7297083536784,39.6093613466241,4.69361270251481,0,5.71613235534162,0,8.02178202302832,0,0,0,5.01738724685632,0,5.09604728221893,0,0,0,4.28326898035796,0,7.71734263010361,0,5.75618232311477,3.72414647615873,40.6184241324663,0,26.7321459159997,0,0,75.1460342407227,15.4588244988017,0,46.0235041618347,0,9.71024916966756,0,46.2164077758789,0,0,0,11.7753391265869,0,10.2567665917533,0,0,0,0,11.5863441725572,0,7.54498342107308,0,9.75787894847201,0,0,0,5.55526572682079,0,6.21582427724973,0,0,0,6.5371116029154,0,10.2421365007048,106.090873718262,0,0,9.75742249699482,5.18862083783517,12.8838535038684,23.0050762013027,0
