0,0,219.014257401228,0,3.68868577480316,0,0,0,164.482093930244,0,0,0,0,0,0,0,0,0,0,0,0,0,0,0,0,0,0,0,0,0,0,0,0,0,0,0,0,0,0,0,0,0,3.7316560447216,0,0,0,0,0,278.922320574522,0,0,0,0,0,170.78208860755,0,2.18982297182083,0,0,0,5.42407619953156,0,0,0,0,0,0,0,0,0,0,0,0,0,0,0,0,0,0,0,0,0,194.388436853886,0,97.5167897939682,0,3.61791959404945
0,0,0,200.150667756796,0,0,0,0,0,169.888873785734,0,0,0,0,0,1,0,0,0,0,0,0,0,0,0,0,0,0,0,0,0,0,0,0,0,0,0,0,0,0,0,58.0117009282112,0,0,0,0,0,0,0,284.585620492697,0,0,0,0,0,13.6388992071152,0,0,0,0,0,71.6986150443554,0,0,0,0,0,0,0,0,0,0,0,0,0,0,0,0,0,0,0,0,580.621974930167,0,370.288516908884,15.601294323802,0
219.014257401228,0,0,0,376.460106670856,0,0,0,313.638928934932,0,0,0,0,0,0,0,0,0,0,0,0,0,0,0,0,0,0,0,0,0,0,0,0,0,0,0,13.919786721468,0,0,0,0,0,24.5734608322382,0,0,0,4.60296830534935,0,87.8842868804932,0,109.475800335407,0,0,0,212.859670087695,0,33.7333910614252,0,41.0150710344315,0,95.4836517572403,0,0,3.80158045887947,0,0,0,0,0,0,0,0,0,0,0,0,0,0,0,2.03402455151081,0,0,379.760413691401,9.08911445736885,420.588514357805,0,12.7392782121897
0,200.150667756796,0,0,0,269.363478556275,0,0,0,23.4648206830025,0,0.242999792098999,0,0,0,0,0,0,0,0,0,0,0,0,0,0,0,0,0,0,0,0,0,0,0,0,0,0,0,1.19734877347946,0,147.641757920384,0,0,0,92.1964504420757,0,0,0,141.330447047949,0,0,0,0,0,21.6364682912827,0,0,0,0,0,0,7.35221903771162,0,0,0,0,0,0,0,0,0,0,0,0,0,0,0,0,0,0,0,103.470092996955,30.7741630077362,634.650049597025,1.54241827130318,0
3.68868577480316,0,376.460106670856,0,0,0,4.90224854648113,0,96.6209012567997,0,0,0,0.453767627477646,0,2.35516549646854,0,0,0,0,0,41.3881278038025,0,0,0,0,0,0,0,0,0,0,0,0,0,0,0,52.7775287479162,0,0,0,0,0,0,0,0,0,0,0,0,0,464.360964745283,0,2.18660748004913,0,316.402079939842,0,3.26099759340286,0,92.468181014061,0,47.4163961559534,0,0,33.2525685429573,0,0,0,0,0,0,0,0,0,0,0,0,0,0,0,22.0198201090097,0,0,594.447567850351,3.20806831121445,99.2251432389021,0,0
0,0,0,269.363478556275,0,0,0,0,0,11.0158273279667,0,24.4218874573708,0,0,0,0,0,0,0,2.16603866219521,0,0,0,0,0,0,0,0,0,0,0,0,0,0,0,0,0,0,0,0.513927608728409,0,0.28031188249588,0,0,0,7.15348465740681,0,0,0,0.397097051143646,0,100.620750427246,0,0,0,0,0,0,0,0,0,0,4.1356585919857,0,0,0,0,0,0,0,0,0,0,0,0,0,0.376599714159966,0,0.199537560343742,0,0,0,139.18928360939,0,99.9114236086607,0,0
0,0,0,0,4.90224854648113,0,0,0,0,0,303.445977136493,0,59.1785581707954,0,0,0,0,0,0,0,8.36070555448532,0,0,0,0,0,0,0,0,0,0,0,0,0,0,0,0,0,0,0,0,0,0,0,0,0,0,0,0,0,1,0,988.791020393372,0,0,0,223.240538716316,0,93.0276844352484,0,0,0,0,0,0,0,0,0,0,0,0,0,0,0,0,0,0,0,0,0,0,0,487.774629354477,0,0,0,0
0,0,0,0,0,0,0,0,0,0,0,112.182540163398,0,0,0,0,0,0,0,5.52310502529144,0,0,0,0,0,0,0,0,0,0,0,0,0,0,0,0,0,0,0,0,0,0,0,0,0,0,0,0,0,0,0,0,0,65.0810260772705,0,0,0,1.09999179840088,0,0,0,0,4.92573395371437,0,0,0,0,0,0,0,0,0,0,0,0,0,0,0,0,0,0,0,571.898435175419,0,0,0,0
164.482093930244,0,313.638928934932,0,96.6209012567997,0,0,0,0,0,0,0,0,0,17.5421769618988,0,10.1670579910278,0,0,0,0,0,0,0,0,0,0,0,0,0,0,0,0,0,0,0,0,0,8.69902336597443,0,0,0,22.2298086881638,0,0,0,0,0,6.34264931082726,0,7.70747742056847,0,0,0,587.895796135068,0,0,0,0,0,7.70252996683121,0,0,0,0,0,0,0,0,0,0,0,0,0,0,0,0,0,0,0,0,0,357.86184027791,24.8510321974754,34.6217538714409,0,14.4619958400726
0,169.888873785734,0,23.4648206830025,0,11.0158273279667,0,0,0,0,0,0,0,0,0,0,0,0.327896296977997,0,0,0,0,0,0,0,0,0,0,0,0,0,0,0,0,0,0,0,0,0,0,0,33.048149690032,0,0,0,0,0,0,0,0,0,0,0,0,0,53.1401816606522,0,0,0,0,0,61.1775853633881,0,0,0,0,0,0,0,0,0,0,0,0,0,0,0,0,0,0,0,0,127.120473057032,0,32.4435089081526,0,0
0,0,0,0,0,0,303.445977136493,0,0,0,0,0,197.121137082577,0,0,0,0,0,0,0,297.679294019938,0,0,0,0,0,0,0,0,0,71.3669107556343,0,0,0,0,0,133.523117423058,0,543.699124723673,0,0,0,0,0,0,0,2.20795750617981,0,0,0,0,0,283.022317960858,0,0,0,2435.2255359143,0,393.74292331934,0,0,0,0,21.6327297091484,0,0,0,0,0,0,0,0,0,9.31310629844666,0,0,0,0,0,85.1984223127365,0,4.90042901039124,1193.24109444022,0,5.3310906291008,0,0
0,0,0,0.242999792098999,0,24.4218874573708,0,112.182540163398,0,0,0,0,0,163.76202455163,0,0,0,0,10.2649475634098,488.594917431474,0,0,0,0,0,0,0,28.0700726509094,0,70.6188326478004,0,0,0,0,0,78.5996281802654,0,246.685669571161,0,2.27474126219749,0,146.877468444407,0,20.264840349555,0,79.5251805111766,0,0,0,2.51462596654892,0,0,0,5.53865367174149,0,0,0,1149.3996143043,0,128.399186968803,0,0,119.447516962886,0,0,0,0,0,0,0,1.03500533103943,0,56.6981097757816,0,0,0,0,0,6.08713507652283,0,135.270608603954,0,1062.88575701416,0,110.537631362677,46.2049837857485,0
0,0,0,0,0.453767627477646,0,59.1785581707954,0,0,0,197.121137082577,0,0,0,123.433070749044,0,0,0,0,0,0,0,0,0,0,0,0,0,0,0,0,0,0,0,0,0,0,0,0,0,0,0,0,0,0,0,0,0,0,0,0,0,59.5844569504261,0,0,0,177.411780402064,0,2067.69141708314,0,175.292725086212,0,0,0,0,0,0,0,0,0,0,0,0,0,0,0,0,0,0,0,0,0,500.354478895664,69.3531155586243,0.120316937565804,0,0
0,0,0,0,0,0,0,0,0,0,0,163.76202455163,0,0,0,0,0,0,0,0,0,0,0,0,0,0,0,7.34330153465271,0,0,0,0,0,0,0,0,0,0,0,0,0,0,0,0,0,0,0,0,0,0,0,0,0,0,0,0,0,63.6687194406986,0,202.146628826857,0,0,0,0,0,0,0,0,0,0,5.7095308303833,0,0,0,0,0,0,0,0,0,0,0,64.5551768541336,0,0,0,0
0,0,0,0,2.35516549646854,0,0,0,17.5421769618988,0,0,0,123.433070749044,0,0,0,0,0,0,0,0,0,0,0,0,0,0,0,0,0,0,0,0,0,0,0,0,0,0,0,0,0,0,0,0,0,0,0,0,0,11.567595154047,0,1.59126937389374,0,4.48173606395721,0,0,0,106.238356381655,0,216.995972886682,0,0,0,0,0,0,0,0,0,0,0,0,0,0,0,0,0,0,0,0,0,212.316100984812,18.6443700194359,0,0,0
0,1,0,0,0,0,0,0,0,0,0,0,0,0,0,0,0,0,0,0,0,0,0,0,0,0,0,0,0,0,0,0,0,0,0,0,0,0,0,0,0,0,0,0,0,0,0,0,0,0,0,0,0,0,0,0,0,0,0,4.58774518966675,0,88.7224614620209,0,0,0,0,0,0,0,0,0,0,0,0,0,0,0,0,0,0,0,0,1,0,0,0,0
0,0,0,0,0,0,0,0,10.1670579910278,0,0,0,0,0,0,0,0,6947.78807799518,551.682391554117,0,0,164.222229108214,1142.14531832933,9.75378927588463,6.08013921976089,25.7881635427475,13.2641058564186,0,0,0,0,0,0,0,0,0,0,0,0,0.829816877841949,0,0,0,0,0,0.970630377531052,0,0,0,0,0,0,0,0,0,0,0,0,0,0,0,0,0,0,60.45770432055,79.2761947959661,0,0,3.43983280658722,13.0488315820694,0,5.03602242469788,0,0,0,0,0,0,1.96481610834599,0,0,0,6599.94813887775,759.63998799026,0.362825483083725,0,0
0,0,0,0,0,0,0,0,0,0.327896296977997,0,0,0,0,0,0,6947.78807799518,0,524.666757062078,0,0,2005.59806208313,80.2354239672422,99.5033117830753,0,546.881329074502,0,149.258236303926,0,0,0,0,0,0,0,0,0,0,0,0,0,0,0,0,0,0,0,0,0,0,0,0,0,0,0,0,0,0,0,0,0,0,0,0,370.514637872577,4.40564177930355,0.555190861225128,0,14.8878278136253,0,0,0,0,0,0,0,0,0,0,0,0,0,9008.29734803736,840.817560166121,0,0,0
0,0,0,0,0,0,0,0,0,0,0,10.2649475634098,0,0,0,0,551.682391554117,524.666757062078,0,10.8816912174225,0,0,0,0,0,0,0,0,0,0,0,0,0,0.356605052947998,0,2.11221480369568,17.5400140881538,0,0,165.727443113923,28.8997595608234,201.769419297576,243.561019152403,87.4726361632347,132.186087951064,453.025361225009,611.356454774737,1.23667939007282,20.256809040904,22.0191763788462,0,0,0,0,0,0,0,0,0,0,0,0,13.2337916716933,21.1452529877424,0,0,0,0,0,0,0,0,0,0,2.33208870887756,0,0.874405235052109,0,564.225941739976,887.846988640726,2.17040634155273,0,4670.17749351263,7.89320877194405,899.976306222379,6.02736186981201,0
0,0,0,0,0,2.16603866219521,0,5.52310502529144,0,0,0,488.594917431474,0,0,0,0,0,0,10.8816912174225,0,0,0,0,0,0,0,0,0,0,10.7270944416523,0,0,0,0,0,808.829310193658,0,81.0823757648468,0,4.32811860740185,0,140.911732301116,0.162789270281792,24.9324631243944,0,310.893340930343,0,1.87918891012669,0.172512024641037,3.54715821146965,0,0,0,0,0,0,0,36.7870251834393,0,0,0,0,2089.11139504611,0,0,0,0,0,0,0,0,0,27.3391043245792,0,0,0,0.358454316854477,0,534.055113770068,0,86.883641153574,0,489.08942361176,0,163.247624255717,46.1462620049715,0
0,0,0,0,41.3881278038025,0,8.36070555448532,0,0,0,297.679294019938,0,0,0,0,0,0,0,0,0,0,0,0,0,0,0,0,0,0,0,9.72927814722061,0,0,0,0,0,549.878621011972,0,112.607428431511,0,0.777539953589439,0,4.19932347536087,0,0,0,106.743588626385,0,0,0,57.2560472488403,0,1.50606024265289,0,0,0,144.8152115345,0,0,0,0,0,0,1198.92903132737,0,0,0,0,0,0,0,0,0,8.81678435206413,0,0,0,0,0,248.565157204866,0,76.3085886538029,907.766553878784,0,89.3350314199924,0,1.98115712404251
0,0,0,0,0,0,0,0,0,0,0,0,0,0,0,0,164.222229108214,2005.59806208313,0,0,0,0,38.9854983538389,160.890062361956,0,450.173654302955,0,161.773403763771,0,0,0,0,0,0,0,0,0,742.560479298234,0,0,0,0,0,0,0,0,0,0,0,207.218178972602,0,0,0,0,0,0,0,0,0,0,0,0,0,0,2944.32357465476,0.250092625617981,92.0577968657017,0,62.667404666543,0,45.8720243498683,0,0,0,0,0,0,0,0,0,133.057589091361,0,2156.88500210643,40.6286613643169,0,0,0
0,0,0,0,0,0,0,0,0,0,0,0,0,0,0,0,1142.14531832933,80.2354239672422,0,0,0,38.9854983538389,0,0,39.6453547477722,0.582831025123596,72.438401222229,0,60.5207012444735,0,0,0,0,0,0,0,0,0,247.727999582887,0,0,0,0,0,0,0,0,0,198.529641792178,0,0,0,0,0,0,0,0,0,0,0,0,0,0,0,0.900721743702888,3026.35266124457,0,1.31760838627815,0,1.14148044586182,0,140.108071818948,0,0,0,0,0,0,0,0,0,190.159701928496,1638.06781324744,89.0334294438362,0,0,0
0,0,0,0,0,0,0,0,0,0,0,0,0,0,0,0,9.75378927588463,99.5033117830753,0,0,0,160.890062361956,0,0,0,1.57225090265274,0,0,0,0,0,0,0,0,0,0,0,40.0233395397663,0,0,0,0,0,0,0,0,0,0,0,46.4304739534855,0,0,0,0,0,0,0,0,0,0,0,0,0,0,115.618292436004,0,83.2675586640835,0,0,0,0,0,0,0,0,0,0,0,0,0,0.712628185749054,0,555.145594239235,4.23630166053772,0,0,0
0,0,0,0,0,0,0,0,0,0,0,0,0,0,0,0,6.08013921976089,0,0,0,0,0,39.6453547477722,0,0,0,4.05015802383423,0,0,0,0,0,0,0,0,0,0,0,66.0319456160069,0,0,0,0,0,0,0,0,0,79.869501337409,0,0,0,0,0,0,0,0,0,0,0,0,0,0,0,0,0.950564682483673,0,116.221726328135,0,0,0,0,0,0,0,0,0,0,0,0,0,7.36075276136398,229.776115357876,0.336760431528091,0,0,0
0,0,0,0,0,0,0,0,0,0,0,0,0,0,0,0,25.7881635427475,546.881329074502,0,0,0,450.173654302955,0.582831025123596,1.57225090265274,0,0,0,101.754869744182,0,0,0,0,0,0,0,0,0,0,0,0,0,0,0,0,0,0,0,0,0,0,0,0,0,0,0,0,0,0,0,0,0,0,0,0,197.371041059494,0,0,0,149.825468659401,0,13.9535076320171,0,0,0,0,0,0,0,0,0,0,0,692.496171101928,1.44375276565552,0,0,0
0,0,0,0,0,0,0,0,0,0,0,0,0,0,0,0,13.2641058564186,0,0,0,0,0,72.438401222229,0,4.05015802383423,0,0,0,95.9570766091347,0,0,0,0,0,0,0,0,0,0,0,0,0,0,0,0,0,0,0,0,0,0,0,0,0,0,0,0,0,0,0,0,0,0,0,0,0,0,0,0,0,0,10.4760341644287,0,0,0,0,0,0,0,0,0,0,39.5357512533665,0,0,0,0
0,0,0,0,0,0,0,0,0,0,0,28.0700726509094,0,7.34330153465271,0,0,0,149.258236303926,0,0,0,161.773403763771,0,0,0,101.754869744182,0,0,0,54.8904817700386,0,0,0,0,0,0,0,1.04846300184727,0,0,0,0,0,0,0,0,0,0,0,0,0,0,0,0,0,0,0,25.5027251243591,0,78.5090543925762,0,0,0,0,20.0671465396881,0,0,0,74.2172417938709,0,1060.01643268764,0,1.70579087734222,0,0,0,0,0,0,0,87.4159912765026,0,318.297008946538,63.9327759593725,0,0,0
0,0,0,0,0,0,0,0,0,0,0,0,0,0,0,0,0,0,0,0,0,0,60.5207012444735,0,0,0,95.9570766091347,0,0,0,4.47353640198708,0,0,0,0,0,0,0,12.1520706117153,0,0,0,0,0,0,0,0,0,0,0,0,0,0,0,0,0,0,0,0,0,0,0,0,0,0,24.7526990622282,0,0,0,4.04852610826492,0,302.284886673093,0,1.69018514454365,0,0,0,0,0,0,0,0,1.53948330879211,0,0,0,0
0,0,0,0,0,0,0,0,0,0,0,70.6188326478004,0,0,0,0,0,0,0,10.7270944416523,0,0,0,0,0,0,0,54.8904817700386,0,0,0,0,0,0,0,0,0,140.025350011885,0,0,0,3.21744409203529,0,0.540122583508492,0,0.448951378464699,0,0,0,0,0,0,0,0,0,0,0,13.4835203886032,0,0,0,0,0.988729804754257,0,0,0,0,0,0,0,17.229423224926,0,299.564949899912,0,0,0,0,0,0,0,66.7390868067741,0,99.6621157079935,0,7.79962185025215,3.7073882818222,0
0,0,0,0,0,0,0,0,0,0,71.3669107556343,0,0,0,0,0,0,0,0,0,9.72927814722061,0,0,0,0,0,0,0,4.47353640198708,0,0,0,0,0,0,0,0,0,235.697428554296,0,0,0,0,0,0,0,0,0,0,0,0,0,0,0,0,0,454.315090507269,0,0,0,0,0,0,3.22275701165199,0,0,0,0,0,0,0,0,0,423.978539168835,0,0,0,0,0,0,0,18.1047609746456,37.5074858814478,0,20.2659454643726,0,1.79840067028999
0,0,0,0,0,0,0,0,0,0,0,0,0,0,0,0,0,0,0,0,0,0,0,0,0,0,0,0,0,0,0,0,181.571670979261,2.34536188840866,0,81.3536229133606,8.80649256706238,0,0,3.47161176800728,0,97.5379629433155,0,6.20708775520325,0,7.05848430097103,0,1048.36583615839,0.875963866710663,22.9615494459867,0,0,0,0,0,0,0,0,0,0,0,0,0,0,0,0,0,0,0,0,0,0,0,0,259.935411989689,58.4099846482277,42.946582660079,0,454.014136373997,8.74443578720093,0,0,930.867514133453,0,6.53433482348919,8.18704843521118,0
0,0,0,0,0,0,0,0,0,0,0,0,0,0,0,0,0,0,0,0,0,0,0,0,0,0,0,0,0,0,0,181.571670979261,0,1.6348580121994,9.61137187480927,3.88850772380829,65.199454843998,0,0,0,0,0,0,0,0,0,0,1412.87288251519,0,0,0,0,0,0,0,0,0,0,0,0,0,0,0,0,0,0,0,0,0,0,0,0,0,0,83.8407609164715,876.341380938888,0,5.56659317016602,0,442.338866680861,0,0,682.219144970179,0,0,0,0
0,0,0,0,0,0,0,0,0,0,0,0,0,0,0,0,0,0,0.356605052947998,0,0,0,0,0,0,0,0,0,0,0,0,2.34536188840866,1.6348580121994,0,655.880459725857,647.174814581871,0,339.52482996881,1.15773516893387,0.454856604337692,0,3.35324019193649,0,0,0,1.4819024503231,0,1618.62054406106,0,25.4917563050985,0,0,0,0,0,0,0,0,0,0,0,0,0,0,0,0,0,0,0,0,0,0,0,0,0,0,2833.5569588989,117.096237421036,275.853565484285,0,376.424068838358,0,1227.54728768766,0,33.4435671418905,0.382985204458237,0
0,0,0,0,0,0,0,0,0,0,0,0,0,0,0,0,0,0,0,0,0,0,0,0,0,0,0,0,0,0,0,0,9.61137187480927,655.880459725857,0,1.50312140583992,147.305697292089,17.8990933597088,209.126704603434,0,0,0,0,0,0,0,0,629.203245475888,17.2921492904425,0,0,0,0,0,0,0,0,0,0,0,0,0,0,0,0,0,0,0,0,0,0,0,0,0,0,8.10061810910702,45.7948635220528,2362.50320808589,0.293924570083618,427.324225276709,0,181.610955655575,408.239987254143,0,1.53515326976776,0,0
0,0,0,0,0,0,0,0,0,0,0,78.5996281802654,0,0,0,0,0,0,2.11221480369568,808.829310193658,0,0,0,0,0,0,0,0,0,0,0,81.3536229133606,3.88850772380829,647.174814581871,1.50312140583992,0,527.832582071424,863.571129351854,66.0389094352722,8.74455387890339,0,18.8201158642769,0,0,0,38.1237308159471,0,560.328440666199,5.37149059772491,60.5407842546701,0,0,0,0,0,0,0,16.4474908709526,0,0,0,0,238.29033125937,0,0,0,0,0,0,0,0,0,0,0,61.2708238363266,0,492.039570003748,0,18343.570868738,43.0032387673855,79.0481657087803,0,10565.0399654359,358.250177934766,134.836776867509,0,0
0,0,13.919786721468,0,52.7775287479162,0,0,0,0,0,133.523117423058,0,0,0,0,0,0,0,17.5400140881538,0,549.878621011972,0,0,0,0,0,0,0,0,0,0,8.80649256706238,65.199454843998,0,147.305697292089,527.832582071424,0,0,1923.25114347786,0,39.4502762109041,0,16.3439081758261,0,2.64545410871506,0,80.5105520859361,221.458579808474,62.93874797225,0,96.0524907186627,0,0,0,2.5275045633316,0,155.987506747246,0,30.841149687767,0,0.41241779923439,0,0,368.494540639222,0,0,0,0,0,0,0,0,0,0,0,0,0,106.411104097962,82.1736068427563,15344.8646637797,0,369.89117616415,7185.11070581526,522.440345346928,238.977558583021,0,0
0,0,0,0,0,0,0,0,0,0,0,246.685669571161,0,0,0,0,0,0,0,81.0823757648468,0,742.560479298234,0,40.0233395397663,0,0,0,1.04846300184727,0,140.025350011885,0,0,0,339.52482996881,17.8990933597088,863.571129351854,0,0,61.1739021241665,0,0,7.24117530882359,0,0,0,0,0,267.337754428387,0,132.770328596234,0,0,0,0,0,0,0,38.7633531093597,0,0,0,0,6.81945204734802,0,441.285847820342,0,108.060046225786,0,0,0,67.4368035793304,0,43.4527838230133,0,0,0,134.183813020587,0,270.506380334496,0,6743.04616584629,0,3038.0565713346,24.9979113042355,35.8710328638554,0,0
0,0,0,0,0,0,0,0,8.69902336597443,0,543.699124723673,0,0,0,0,0,0,0,0,0,112.607428431511,0,247.727999582887,0,66.0319456160069,0,0,0,12.1520706117153,0,235.697428554296,0,0,1.15773516893387,209.126704603434,66.0389094352722,1923.25114347786,61.1739021241665,0,0,0,0,0,0,0,0,0,122.511642768979,152.321421816945,0,0,0,0,0,0,0,176.079262912273,0,0,0,0,0,0,11.5663610398769,0,26.2340184524655,0,2.7434558570385,0,0.225328683853149,0,3.55806322395802,0,14.7287865877151,0,0,3.57146167755127,163.657288789749,0,216.14604652673,9.74203261733055,5745.47509289533,2563.19991274923,138.973018407822,111.873471677303,0,0
0,0,0,1.19734877347946,0,0.513927608728409,0,0,0,0,0,2.27474126219749,0,0,0,0,0.829816877841949,0,165.727443113923,4.32811860740185,0,0,0,0,0,0,0,0,0,0,0,3.47161176800728,0,0.454856604337692,0,8.74455387890339,0,0,0,0,0,1051.13070823252,46.0585522353649,134.939133733511,0,1034.72928311676,0.900167226791382,66.5490197688341,0.770007908344269,335.875870272517,0,0,0,0,0,0,0,0.424909383058548,0,0,0,0,56.118113450706,0,0,0,0,0,0,0,0,0,0,0,0,0,11.7926055192947,0,1830.67061432824,3.45640432834625,79.060469686985,0,133.307450786233,10.0261280834675,1729.03976090252,98.6826499402523,0
0,0,0,0,0,0,0,0,0,0,0,0,0,0,0,0,0,0,28.8997595608234,0,0.777539953589439,0,0,0,0,0,0,0,0,0,0,0,0,0,0,0,39.4502762109041,0,0,0,0,0,371.155991300941,0,20.4146699011326,0.394226774573326,654.347584985197,4.24159415066242,161.208636924624,0,0,0,0,0,0,0,1.66286653280258,0,0,0,0,0,0,39.1366023495793,0,0,0,0,0,0,0,0,0,0,0,0,0,0,0,866.031217519194,0,10.8490138053894,22.0646922215819,0,830.594283290207,0,5.1698459982872
0,58.0117009282112,0,147.641757920384,0,0.28031188249588,0,0,0,33.048149690032,0,146.877468444407,0,0,0,0,0,0,201.769419297576,140.911732301116,0,0,0,0,0,0,0,0,0,3.21744409203529,0,97.5379629433155,0,3.35324019193649,0,18.8201158642769,0,7.24117530882359,0,1051.13070823252,0,0,206.170472115278,290.051106035709,4.78255347907543,515.150659531355,0.338880091905594,134.835229843855,0.238467544317245,1046.69108514488,0,0,0,0,0,0,0,166.331043958664,0,0,0,0,172.966899842024,0.456756427884102,0,0,0,0,0,0,0,0,78.9421366453171,0,16.554092913866,0,7.39305183291435,0,3220.5637813285,3.04011061787605,35.4106581360102,0,823.008382216096,16.8896704167128,5656.67654304206,1348.65315979719,0
3.7316560447216,0,24.5734608322382,0,0,0,0,0,22.2298086881638,0,0,0,0,0,0,0,0,0,243.561019152403,0.162789270281792,4.19932347536087,0,0,0,0,0,0,0,0,0,0,0,0,0,0,0,16.3439081758261,0,0,46.0585522353649,371.155991300941,206.170472115278,0,4.00897067785263,177.886805221438,27.965156942606,707.262782394886,15.0266177803278,421.92817145586,15.1533689051867,0,0,0,0,0,0,6.51985938847065,0,0,0,0,0,0.595843315124512,110.62587608397,0,0,0,0,0,0,0,0,0,36.8431353718042,0,0,0,0,29.2155570834875,3018.5272570923,0,6.07460209727287,461.003463998437,3.1484709084034,6623.23769272864,2.00489449501038,1662.41574804485
0,0,0,0,0,0,0,0,0,0,0,20.264840349555,0,0,0,0,0,0,87.4726361632347,24.9324631243944,0,0,0,0,0,0,0,0,0,0.540122583508492,0,6.20708775520325,0,0,0,0,0,0,0,134.939133733511,0,290.051106035709,4.00897067785263,0,2.59899163246155,159.153334155679,4.55309391021729,0.803251773118973,0,10.8867661058903,0,0,0,0,0,0,0,2.93979102373123,0,0,0,0,81.7725768089294,0,0,0,0,0,0,0,0,0,3.87438160181046,0,0,0,0,0,440.947690293193,4.01758241653442,4.78920216858387,0,27.8925671577454,0,829.788842216134,64.0678332149982,0
0,0,0,0,0,0,0,0,0,0,0,0,0,0,0,0,0,0,132.186087951064,0,0,0,0,0,0,0,0,0,0,0,0,0,0,0,0,0,2.64545410871506,0,0,0,20.4146699011326,4.78255347907543,177.886805221438,2.59899163246155,0,3.63148385286331,503.028319105506,3.25716257095337,2.84140080213547,0.224417969584465,0,0,0,0,0,0,0,0,0,0,0,0,0,24.3278117626905,0,0,0,0,0,0,0,0,0,0,0,0,0,0,0.963842988014221,244.512645490468,0,0,32.9863174706697,0,502.947211638093,0,15.3889764547348
0,0,0,92.1964504420757,0,7.15348465740681,0,0,0,0,0,79.5251805111766,0,0,0,0,0.970630377531052,0,453.025361225009,310.893340930343,0,0,0,0,0,0,0,0,0,0.448951378464699,0,7.05848430097103,0,1.4819024503231,0,38.1237308159471,0,0,0,1034.72928311676,0.394226774573326,515.150659531355,27.965156942606,159.153334155679,3.63148385286331,0,7.02603530883789,62.9153057038784,14.9878894686699,284.773550823331,0,0,0,0,0,0,0,7.50468841195107,0,0,0,0,1079.97251820564,0,0,0,0,0,0,0,0,0,2.37530933320522,0,1.92622177302837,0,9.74102216959,0,2908.15081480518,8.70538450777531,44.6619154661894,0,355.621443033218,53.9962996989489,2734.16630665958,65.921334117651,0
0,0,4.60296830534935,0,0,0,0,0,0,0,2.20795750617981,0,0,0,0,0,0,0,611.356454774737,0,106.743588626385,0,0,0,0,0,0,0,0,0,0,0,0,0,0,0,80.5105520859361,0,0,0.900167226791382,654.347584985197,0.338880091905594,707.262782394886,4.55309391021729,503.028319105506,7.02603530883789,0,4.47568410634995,38.7580193728209,0.163578853011131,0,0,0,0,0.817761659622192,0,12.0988548547029,0,0.196533754467964,0,0,0,0,1860.2634370625,0,0,0,0,0,0,0,0,0,0.543444022536278,0,0,0,0,1.26278498768806,2767.93747697771,0,21.3532891720533,129.16758055985,3.22462010383606,3527.66987913847,0,70.7619923651218
0,0,0,0,0,0,0,0,0,0,0,0,0,0,0,0,0,0,1.23667939007282,1.87918891012669,0,0,0,0,0,0,0,0,0,0,0,1048.36583615839,1412.87288251519,1618.62054406106,629.203245475888,560.328440666199,221.458579808474,267.337754428387,122.511642768979,66.5490197688341,4.24159415066242,134.835229843855,15.0266177803278,0.803251773118973,3.25716257095337,62.9153057038784,4.47568410634995,0,1865.17671698332,1301.35556768626,0,0,0,0,0,0,0,0,0,0,0,0,0.185989364981651,0,0,0,0,0,0,0,0,0,0,0,282.970899760723,784.865961328149,669.8718829602,722.95202369988,862.081972450018,1882.45872837305,209.433750987053,610.689914867282,1263.9767332077,3.05431260168552,709.475340746343,1.82826891541481,0
278.922320574522,0,87.8842868804932,0,0,0,0,0,6.34264931082726,0,0,0,0,0,0,0,0,0,20.256809040904,0.172512024641037,0,0,198.529641792178,0,79.869501337409,0,0,0,0,0,0,0.875963866710663,0,0,17.2921492904425,5.37149059772491,62.93874797225,0,152.321421816945,0.770007908344269,161.208636924624,0.238467544317245,421.92817145586,0,2.84140080213547,14.9878894686699,38.7580193728209,1865.17671698332,0,21.5879105329514,0,0,0,0,0,0,123.421535864472,0,60.0932703614235,0,163.962163694203,0,0,0,0,191.194581367075,0,165.331835836172,0,120.123575672507,0,642.857558727264,0,0,0,0.18249836564064,0,60.633360683918,5.91968369483948,479.600961849093,0,1146.76780213416,663.996552757919,0.374286741018295,1732.21010264009,0,1.41861763596535
0,284.585620492697,0,141.330447047949,0,0.397097051143646,0,0,0,0,0,2.51462596654892,0,0,0,0,0,0,22.0191763788462,3.54715821146965,0,207.218178972602,0,46.4304739534855,0,0,0,0,0,0,0,22.9615494459867,0,25.4917563050985,0,60.5407842546701,0,132.770328596234,0,335.875870272517,0,1046.69108514488,15.1533689051867,10.8867661058903,0.224417969584465,284.773550823331,0.163578853011131,1301.35556768626,21.5879105329514,0,0,0,0,0,0,3.39086306095123,0,209.265308737755,0,15.9663783311844,0,24.6920745372772,11.7120827957988,0,228.729901947081,0,89.4601387381554,0,0,0,32.9762842729688,0,10.6674647629261,0,3.7420155107975,0,187.752233207226,0,656.187230311334,1.88908424973488,941.492727063596,0,181.047213673592,9.29318732023239,1122.84640486538,27.9079838693142,0
0,0,109.475800335407,0,464.360964745283,0,1,0,7.70747742056847,0,0,0,0,0,11.567595154047,0,0,0,0,0,57.2560472488403,0,0,0,0,0,0,0,0,0,0,0,0,0,0,0,96.0524907186627,0,0,0,0,0,0,0,0,0,0,0,0,0,0,0,27.002993106842,0,41.2357504963875,0,21.5382831096649,0,82.6148388385773,0,338.503132268786,0,0,33.5286530852318,0,0,0,0,0,0,0,0,0,0,0,0,0,0,0,41.2749601900578,0,0,306.534117370844,11.902812153101,11.3337755948305,0,0
0,0,0,0,0,100.620750427246,0,0,0,0,0,0,0,0,0,0,0,0,0,0,0,0,0,0,0,0,0,0,0,0,0,0,0,0,0,0,0,0,0,0,0,0,0,0,0,0,0,0,0,0,0,0,0,0,0,0,0,0,0,28.248541533947,0,12.8416470885277,0,0,0,0,0,0,0,0,0,0,0,0,0,0,0,0,0,0,0,0,20.6843473315239,0,0,0,0
0,0,0,0,2.18660748004913,0,988.791020393372,0,0,0,283.022317960858,0,59.5844569504261,0,1.59126937389374,0,0,0,0,0,1.50606024265289,0,0,0,0,0,0,0,0,0,0,0,0,0,0,0,0,0,0,0,0,0,0,0,0,0,0,0,0,0,27.002993106842,0,0,0,0,0,497.444010645151,0,126.630349069834,0,2.62315773963928,0,0,0,0,0,0,0,0,0,0,0,0,0,0,0,0,0,0,0,0,0,922.383961886168,0,0,0,0
0,0,0,0,0,0,0,65.0810260772705,0,0,0,5.53865367174149,0,0,0,0,0,0,0,0,0,0,0,0,0,0,0,0,0,0,0,0,0,0,0,0,0,0,0,0,0,0,0,0,0,0,0,0,0,0,0,0,0,0,0,0,0,0,0,14.4574308395386,0,0,0,0,0,0,0,0,0,0,0,0,0,0,0,0,0,0,0,0,0,0,32.172101020813,0,0,0,0
170.78208860755,0,212.859670087695,0,316.402079939842,0,0,0,587.895796135068,0,0,0,0,0,4.48173606395721,0,0,0,0,0,0,0,0,0,0,0,0,0,0,0,0,0,0,0,0,0,2.5275045633316,0,0,0,0,0,0,0,0,0,0.817761659622192,0,0,0,41.2357504963875,0,0,0,0,0,8.22110164165497,0,14.0207022428513,0,47.7807459831238,0,0,0,0,0,0,0,0,0,0,0,0,0,0,0,0,0,0,1.18514873087406,0,0,90.2022441774607,2.82717406749725,4.01413631439209,0,0
0,13.6388992071152,0,21.6364682912827,0,0,0,0,0,53.1401816606522,0,0,0,0,0,0,0,0,0,0,0,0,0,0,0,0,0,0,0,0,0,0,0,0,0,0,0,0,0,0,0,0,0,0,0,0,0,0,0,3.39086306095123,0,0,0,0,0,0,0,0,0,0,0,0,0,0,0,0,0,0,0,0,0,0,0,0,0,0,0,0,0,0,0,0,0,0,0,0,0
2.18982297182083,0,33.7333910614252,0,3.26099759340286,0,223.240538716316,0,0,0,2435.2255359143,0,177.411780402064,0,0,0,0,0,0,0,144.8152115345,0,0,0,0,0,0,0,0,0,454.315090507269,0,0,0,0,0,155.987506747246,0,176.079262912273,0,1.66286653280258,0,6.51985938847065,0,0,0,12.0988548547029,0,123.421535864472,0,21.5382831096649,0,497.444010645151,0,8.22110164165497,0,0,0,488.919721797109,0,47.0495055615902,0,0,154.313044041395,0,0,0,0,0,0,0,255.132359057665,0,494.396092712879,0,0,0,0,0,244.570922411978,0,0,617.351116195321,0,549.168848976493,0,5.78041031956673
0,0,0,0,0,0,0,1.09999179840088,0,0,0,1149.3996143043,0,63.6687194406986,0,0,0,0,0,36.7870251834393,0,0,0,0,0,0,0,25.5027251243591,0,13.4835203886032,0,0,0,0,0,16.4474908709526,0,38.7633531093597,0,0.424909383058548,0,166.331043958664,0,2.93979102373123,0,7.50468841195107,0,0,0,209.265308737755,0,0,0,0,0,0,0,0,0,623.704975217581,0,3.23721879720688,3.82038199901581,0,0,0,0,0,0,0,123.35960291326,0,1486.26257063448,0,0,0,0,0,0.855389937758446,0,13.637397646904,0,121.70582357049,0,241.024944782257,20.545441031456,0
0,0,41.0150710344315,0,92.468181014061,0,93.0276844352484,0,0,0,393.74292331934,0,2067.69141708314,0,106.238356381655,0,0,0,0,0,0,0,0,0,0,0,0,0,0,0,0,0,0,0,0,0,30.841149687767,0,0,0,0,0,0,0,0,0,0.196533754467964,0,60.0932703614235,0,82.6148388385773,0,126.630349069834,0,14.0207022428513,0,488.919721797109,0,0,0,305.05716265738,0,0,0.480865374207497,0,0,0,0,0,0,0,89.4888679683208,0,0,0,0,0,0,0,17.1500480175018,0,0,747.542050868273,32.4294351786375,59.5250670164824,0,0
0,0,0,0,0,0,0,0,0,0,0,128.399186968803,0,202.146628826857,0,4.58774518966675,0,0,0,0,0,0,0,0,0,0,0,78.5090543925762,0,0,0,0,0,0,0,0,0,0,0,0,0,0,0,0,0,0,0,0,0,15.9663783311844,0,28.248541533947,0,14.4574308395386,0,0,0,623.704975217581,0,0,0,136.690898239613,0,0,0,0,0,0,0,0,19.5363015532494,0,0,0,0,0,0,0,0,0,0,0,24.9618680477142,0,0,0,0
5.42407619953156,0,95.4836517572403,0,47.4163961559534,0,0,0,7.70252996683121,0,0,0,175.292725086212,0,216.995972886682,0,0,0,0,0,0,0,0,0,0,0,0,0,0,0,0,0,0,0,0,0,0.41241779923439,0,0,0,0,0,0,0,0,0,0,0,163.962163694203,0,338.503132268786,0,2.62315773963928,0,47.7807459831238,0,47.0495055615902,0,305.05716265738,0,0,0,0,0,0,0,0,0,0,55.8970400094986,0,0,0,0,0,0,0,0,0,0.180527076125145,0,0,101.111031159759,12.8349432349205,11.0057825297117,0,0
0,71.6986150443554,0,0,0,0,0,0,0,61.1775853633881,0,0,0,0,0,88.7224614620209,0,0,0,0,0,0,0,0,0,0,0,0,0,0,0,0,0,0,0,0,0,0,0,0,0,0,0,0,0,0,0,0,0,24.6920745372772,0,12.8416470885277,0,0,0,0,0,3.23721879720688,0,136.690898239613,0,0,0,0,0,0,0,0,65.0049757957458,0,9.55997943878174,0,0,0,0,0,0,0,0,0,0,0,7.26530480384827,0,6.27953779697418,0,0
0,0,0,7.35221903771162,0,4.1356585919857,0,4.92573395371437,0,0,0,119.447516962886,0,0,0,0,0,0,13.2337916716933,2089.11139504611,0,0,0,0,0,0,0,0,0,0.988729804754257,0,0,0,0,0,238.29033125937,0,6.81945204734802,0,56.118113450706,0,172.966899842024,0.595843315124512,81.7725768089294,0,1079.97251820564,0,0.185989364981651,0,11.7120827957988,0,0,0,0,0,0,0,3.82038199901581,0,0,0,0,0,0,0,0,0,0,0,0,0,0,1.78750619292259,0,0,0,0.137252137064934,0,3821.95603390411,0,34.5550408661366,0,230.839601069689,0,384.413355439901,49.7828792482615,0
0,0,3.80158045887947,0,33.2525685429573,0,0,0,0,0,21.6327297091484,0,0,0,0,0,0,0,21.1452529877424,0,1198.92903132737,0,0,0,0,0,0,0,0,0,3.22275701165199,0,0,0,0,0,368.494540639222,0,11.5663610398769,0,39.1366023495793,0.456756427884102,110.62587608397,0,24.3278117626905,0,1860.2634370625,0,0,0,33.5286530852318,0,0,0,0,0,154.313044041395,0,0.480865374207497,0,0,0,0,0,0,0,0,0,0,0,0,0,0,9.67218443751335,0,0,0,0,0.12877194583416,2844.12238053605,0,723.745471984148,347.794970169663,0,833.599026709795,0,90.4667882025242
0,0,0,0,0,0,0,0,0,0,0,0,0,0,0,0,60.45770432055,370.514637872577,0,0,0,2944.32357465476,0.900721743702888,115.618292436004,0,197.371041059494,0,20.0671465396881,0,0,0,0,0,0,0,0,0,441.285847820342,0,0,0,0,0,0,0,0,0,0,0,228.729901947081,0,0,0,0,0,0,0,0,0,0,0,0,0,0,0,0,36.7120284289122,0,32.5998931676149,0,197.650394640863,0,0,0,0,0,0,0,0,0,724.871544994414,0,430.846954792738,6.39765053987503,0,0,0
0,0,0,0,0,0,0,0,0,0,0,0,0,0,0,0,79.2761947959661,4.40564177930355,0,0,0,0.250092625617981,3026.35266124457,0,0.950564682483673,0,0,0,24.7526990622282,0,0,0,0,0,0,0,0,0,26.2340184524655,0,0,0,0,0,0,0,0,0,191.194581367075,0,0,0,0,0,0,0,0,0,0,0,0,0,0,0,0,0,0,26.2820221185684,0,31.6644701212645,0,341.308554895222,0,0,0,0,0,0,0,0,0,665.400882959366,328.864307463169,1.19783003628254,0,0,0
0,0,0,0,0,0,0,0,0,0,0,0,0,0,0,0,0,0.555190861225128,0,0,0,92.0577968657017,0,83.2675586640835,0,0,0,0,0,0,0,0,0,0,0,0,0,108.060046225786,0,0,0,0,0,0,0,0,0,0,0,89.4601387381554,0,0,0,0,0,0,0,0,0,0,0,0,0,0,36.7120284289122,0,0,0,0,0,0,0,0,0,0,0,0,0,0,0,4.06615251302719,0,187.177038550377,0,0,0,0
0,0,0,0,0,0,0,0,0,0,0,0,0,0,0,0,0,0,0,0,0,0,1.31760838627815,0,116.221726328135,0,0,0,0,0,0,0,0,0,0,0,0,0,2.7434558570385,0,0,0,0,0,0,0,0,0,165.331835836172,0,0,0,0,0,0,0,0,0,0,0,0,0,0,0,0,26.2820221185684,0,0,0,21.5807072520256,0,0,0,0,0,0,0,0,0,0,0,0.234342962503433,0.294029414653778,0,29.2160922437906,0,0
0,0,0,0,0,0,0,0,0,0,0,0,0,0,0,0,3.43983280658722,14.8878278136253,0,0,0,62.667404666543,0,0,0,149.825468659401,0,74.2172417938709,0,0,0,0,0,0,0,0,0,0,0,0,0,0,0,0,0,0,0,0,0,0,0,0,0,0,0,0,0,0,0,0,0,65.0049757957458,0,0,32.5998931676149,0,0,0,0,0,87.8319092690945,0,0,0,0,0,0,0,0,0,0,0,71.2536468803883,4.04775404930115,0,0,0
0,0,0,0,0,0,0,0,0,0,0,0,0,0,0,0,13.0488315820694,0,0,0,0,0,1.14148044586182,0,0,0,0,0,4.04852610826492,0,0,0,0,0,0,0,0,0,0.225328683853149,0,0,0,0,0,0,0,0,0,120.123575672507,0,0,0,0,0,0,0,0,0,0,0,55.8970400094986,0,0,0,0,31.6644701212645,0,21.5807072520256,0,0,0,159.447934955359,0,0,0,0,0,0,0,0,0,0,62.3518522381783,0,0,0,0
0,0,0,0,0,0,0,0,0,0,0,1.03500533103943,0,5.7095308303833,0,0,0,0,0,0,0,45.8720243498683,0,0,0,13.9535076320171,0,1060.01643268764,0,17.229423224926,0,0,0,0,0,0,0,67.4368035793304,0,0,0,0,0,0,0,0,0,0,0,32.9762842729688,0,0,0,0,0,0,0,123.35960291326,0,19.5363015532494,0,9.55997943878174,0,0,197.650394640863,0,0,0,87.8319092690945,0,0,0,10.6439234316349,0,0,0,0,0,0,0,12.3856848478317,0,13.8959944993258,0,0,0,0
0,0,0,0,0,0,0,0,0,0,0,0,0,0,0,0,5.03602242469788,0,0,0,0,0,140.108071818948,0,0,0,10.4760341644287,0,302.284886673093,0,0,0,0,0,0,0,0,0,3.55806322395802,0,0,0,0,0,0,0,0,0,642.857558727264,0,0,0,0,0,0,0,255.132359057665,0,89.4888679683208,0,0,0,0,0,0,341.308554895222,0,0,0,159.447934955359,0,0,0,129.999420106411,0,0,0,0,0,0,0,6.91993989050388,8.05421298742294,0,32.3258912712336,0,0
0,0,0,0,0,0,0,0,0,0,0,56.6981097757816,0,0,0,0,0,0,0,27.3391043245792,0,0,0,0,0,0,0,1.70579087734222,0,299.564949899912,0,0,0,0,0,0,0,43.4527838230133,0,0,0,78.9421366453171,0,3.87438160181046,0,2.37530933320522,0,0,0,10.6674647629261,0,0,0,0,0,0,0,1486.26257063448,0,0,0,0,1.78750619292259,0,0,0,0,0,0,0,10.6439234316349,0,0,0,0,0,0,0,1.7637410312891,0,244.761250466108,0,55.8302992582321,0,133.116963714361,9.60752680897713,0
0,0,0,0,0,0,0,0,0,0,9.31310629844666,0,0,0,0,0,0,0,0,0,8.81678435206413,0,0,0,0,0,0,0,1.69018514454365,0,423.978539168835,0,0,0,0,0,0,0,14.7287865877151,0,0,0,36.8431353718042,0,0,0,0.543444022536278,0,0,0,0,0,0,0,0,0,494.396092712879,0,0,0,0,0,0,9.67218443751335,0,0,0,0,0,0,0,129.999420106411,0,0,0,0,0,0,0,0,0,25.203032463789,3.58700020611286,0,217.846418708563,0,14.8323279470205
0,0,0,0,0,0,0,0,0,0,0,0,0,0,0,0,0,0,2.33208870887756,0,0,0,0,0,0,0,0,0,0,0,0,259.935411989689,83.8407609164715,0,0,61.2708238363266,0,0,0,0,0,16.554092913866,0,0,0,1.92622177302837,0,282.970899760723,0,3.7420155107975,0,0,0,0,0,0,0,0,0,0,0,0,0,0,0,0,0,0,0,0,0,0,0,0,0,6.03731024265289,350.807874292135,0,1163.18190214038,0,0,0,831.79890319705,0,4.3196258097887,0.255671352148056,0
0,0,0,0,0,0,0,0,0,0,0,0,0,0,0,0,0,0,0,0,0,0,0,0,0,0,0,0,0,0,0,58.4099846482277,876.341380938888,0,8.10061810910702,0,0,0,0,0,0,0,0,0,0,0,0,784.865961328149,0.18249836564064,0,0,0,0,0,0,0,0,0,0,0,0,0,0,0,0,0,0,0,0,0,0,0,0,0,6.03731024265289,0,0,400.126793950796,0,1930.55666738749,0,0,509.683123171329,0,0,0,0
0,0,0,0,0,0.376599714159966,0,0,0,0,0,0,0,0,0,0,0,0,0.874405235052109,0.358454316854477,0,0,0,0,0,0,0,0,0,0,0,42.946582660079,0,2833.5569588989,45.7948635220528,492.039570003748,0,134.183813020587,3.57146167755127,11.7926055192947,0,7.39305183291435,0,0,0,9.74102216959,0,669.8718829602,0,187.752233207226,0,0,0,0,0,0,0,0,0,0,0,0,0.137252137064934,0,0,0,0,0,0,0,0,0,0,0,350.807874292135,0,0,2.77623724937439,477.340063326061,0,1220.45725931227,0,395.031396150589,0.235962405800819,26.0719203352928,0.192785561084747,0
0,0,0,0,0,0,0,0,0,0,0,0,0,0,0,0,0,0,0,0,0,0,0,0,0,0,0,0,0,0,0,0,5.56659317016602,117.096237421036,2362.50320808589,0,106.411104097962,0,163.657288789749,0,0,0,0,0,0,0,0,722.95202369988,60.633360683918,0,0,0,0,0,0,0,0,0,0,0,0,0,0,0,0,0,0,0,0,0,0,0,0,0,0,400.126793950796,2.77623724937439,0,0,835.27140045166,0,306.552235230803,341.162035688758,0,0,0,0
0,0,0,0,0,0.199537560343742,0,0,0,0,0,6.08713507652283,0,0,0,0,1.96481610834599,0,564.225941739976,534.055113770068,0,0,0,0,0,0,0,0,0,0,0,454.014136373997,0,275.853565484285,0.293924570083618,18343.570868738,82.1736068427563,270.506380334496,0,1830.67061432824,0,3220.5637813285,29.2155570834875,440.947690293193,0.963842988014221,2908.15081480518,1.26278498768806,862.081972450018,5.91968369483948,656.187230311334,0,0,0,0,0,0,0,0.855389937758446,0,0,0,0,3821.95603390411,0.12877194583416,0,0,0,0,0,0,0,0,1.7637410312891,0,1163.18190214038,0,477.340063326061,0,0,19.627986304462,672.841295145452,0,3401.32608962804,60.5659690275788,1513.47677191347,237.890358835459,0
0,0,2.03402455151081,0,22.0198201090097,0,0,0,0,0,85.1984223127365,0,0,0,0,0,0,0,887.846988640726,0,248.565157204866,0,0,0,0,0,0,0,0,0,0,8.74443578720093,442.338866680861,0,427.324225276709,43.0032387673855,15344.8646637797,0,216.14604652673,3.45640432834625,866.031217519194,3.04011061787605,3018.5272570923,4.01758241653442,244.512645490468,8.70538450777531,2767.93747697771,1882.45872837305,479.600961849093,1.88908424973488,41.2749601900578,0,0,0,1.18514873087406,0,244.570922411978,0,17.1500480175018,0,0.180527076125145,0,0,2844.12238053605,0,0,0,0,0,0,0,0,0,0,0,1930.55666738749,0,835.27140045166,19.627986304462,0,0,721.150436744094,2725.75963046402,52.8227781578898,2282.28757486492,0,50.3667336851358
0,0,0,0,0,0,0,0,0,0,0,135.270608603954,0,0,0,0,0,0,2.17040634155273,86.883641153574,0,133.057589091361,0,0.712628185749054,0,0,0,87.4159912765026,0,66.7390868067741,0,0,0,376.424068838358,0,79.0481657087803,0,6743.04616584629,9.74203261733055,79.060469686985,0,35.4106581360102,0,4.78920216858387,0,44.6619154661894,0,209.433750987053,0,941.492727063596,0,0,0,0,0,0,0,13.637397646904,0,0,0,0,34.5550408661366,0,724.871544994414,0,4.06615251302719,0,0,0,12.3856848478317,0,244.761250466108,0,0,0,1220.45725931227,0,672.841295145452,0,0,0,649.373342618346,27.3569052219391,884.232656314969,11.0716354548931,0
0,0,0,0,0,0,0,0,0,0,4.90042901039124,0,0,0,0,0,0,0,0,0,76.3085886538029,0,190.159701928496,0,7.36075276136398,0,0,0,0,0,18.1047609746456,0,0,0,181.610955655575,0,369.89117616415,0,5745.47509289533,0,10.8490138053894,0,6.07460209727287,0,0,0,21.3532891720533,610.689914867282,1146.76780213416,0,0,0,0,0,0,0,0,0,0,0,0,0,0,723.745471984148,0,665.400882959366,0,0.234342962503433,0,0,0,6.91993989050388,0,25.203032463789,0,0,0,306.552235230803,0,721.150436744094,0,0,329.207227788866,5.04812526702881,708.575737923384,0,1.21506303548813
194.388436853886,580.621974930167,379.760413691401,103.470092996955,594.447567850351,139.18928360939,487.774629354477,571.898435175419,357.86184027791,127.120473057032,1193.24109444022,1062.88575701416,500.354478895664,64.5551768541336,212.316100984812,1,6599.94813887775,9008.29734803736,4670.17749351263,489.08942361176,907.766553878784,2156.88500210643,1638.06781324744,555.145594239235,229.776115357876,692.496171101928,39.5357512533665,318.297008946538,1.53948330879211,99.6621157079935,37.5074858814478,930.867514133453,682.219144970179,1227.54728768766,408.239987254143,10565.0399654359,7185.11070581526,3038.0565713346,2563.19991274923,133.307450786233,22.0646922215819,823.008382216096,461.003463998437,27.8925671577454,32.9863174706697,355.621443033218,129.16758055985,1263.9767332077,663.996552757919,181.047213673592,306.534117370844,20.6843473315239,922.383961886168,32.172101020813,90.2022441774607,0,617.351116195321,121.70582357049,747.542050868273,24.9618680477142,101.111031159759,7.26530480384827,230.839601069689,347.794970169663,430.846954792738,328.864307463169,187.177038550377,0.294029414653778,71.2536468803883,62.3518522381783,13.8959944993258,8.05421298742294,55.8302992582321,3.58700020611286,831.79890319705,509.683123171329,395.031396150589,341.162035688758,3401.32608962804,2725.75963046402,649.373342618346,329.207227788866,0,8156.82756823301,2147.94561000168,168.213303804398,52.7031078338623
0,0,9.08911445736885,30.7741630077362,3.20806831121445,0,0,0,24.8510321974754,0,0,0,69.3531155586243,0,18.6443700194359,0,759.63998799026,840.817560166121,7.89320877194405,0,0,40.6286613643169,89.0334294438362,4.23630166053772,0.336760431528091,1.44375276565552,0,63.9327759593725,0,0,0,0,0,0,0,358.250177934766,522.440345346928,24.9979113042355,138.973018407822,10.0261280834675,0,16.8896704167128,3.1484709084034,0,0,53.9962996989489,3.22462010383606,3.05431260168552,0.374286741018295,9.29318732023239,11.902812153101,0,0,0,2.82717406749725,0,0,0,32.4294351786375,0,12.8349432349205,0,0,0,6.39765053987503,1.19783003628254,0,0,4.04775404930115,0,0,0,0,0,0,0,0.235962405800819,0,60.5659690275788,52.8227781578898,27.3569052219391,5.04812526702881,8156.82756823301,0,29.7117331698537,4.49457502365112,0
97.5167897939682,370.288516908884,420.588514357805,634.650049597025,99.2251432389021,99.9114236086607,0,0,34.6217538714409,32.4435089081526,5.3310906291008,110.537631362677,0.120316937565804,0,0,0,0.362825483083725,0,899.976306222379,163.247624255717,89.3350314199924,0,0,0,0,0,0,0,0,7.79962185025215,20.2659454643726,6.53433482348919,0,33.4435671418905,1.53515326976776,134.836776867509,238.977558583021,35.8710328638554,111.873471677303,1729.03976090252,830.594283290207,5656.67654304206,6623.23769272864,829.788842216134,502.947211638093,2734.16630665958,3527.66987913847,709.475340746343,1732.21010264009,1122.84640486538,11.3337755948305,0,0,0,4.01413631439209,0,549.168848976493,241.024944782257,59.5250670164824,0,11.0057825297117,6.27953779697418,384.413355439901,833.599026709795,0,0,0,29.2160922437906,0,0,0,32.3258912712336,133.116963714361,217.846418708563,4.3196258097887,0,26.0719203352928,0,1513.47677191347,2282.28757486492,884.232656314969,708.575737923384,2147.94561000168,29.7117331698537,0,948.521275669336,1898.98914946616
0,15.601294323802,0,1.54241827130318,0,0,0,0,0,0,0,46.2049837857485,0,0,0,0,0,0,6.02736186981201,46.1462620049715,0,0,0,0,0,0,0,0,0,3.7073882818222,0,8.18704843521118,0,0.382985204458237,0,0,0,0,0,98.6826499402523,0,1348.65315979719,2.00489449501038,64.0678332149982,0,65.921334117651,0,1.82826891541481,0,27.9079838693142,0,0,0,0,0,0,0,20.545441031456,0,0,0,0,49.7828792482615,0,0,0,0,0,0,0,0,0,9.60752680897713,0,0.255671352148056,0,0.192785561084747,0,237.890358835459,0,11.0716354548931,0,168.213303804398,4.49457502365112,948.521275669336,0,0
3.61791959404945,0,12.7392782121897,0,0,0,0,0,14.4619958400726,0,0,0,0,0,0,0,0,0,0,0,1.98115712404251,0,0,0,0,0,0,0,0,0,1.79840067028999,0,0,0,0,0,0,0,0,0,5.1698459982872,0,1662.41574804485,0,15.3889764547348,0,70.7619923651218,0,1.41861763596535,0,0,0,0,0,0,0,5.78041031956673,0,0,0,0,0,0,90.4667882025242,0,0,0,0,0,0,0,0,0,14.8323279470205,0,0,0,0,0,50.3667336851358,0,1.21506303548813,52.7031078338623,0,1898.98914946616,0,0
