0,0,0.217223783889238,0,0.145294114947319,0,0,0,0.183927725294027,0.285400658845901,0.490098314625876,0,0.383991032838821,0,0.172195930392654,0,0.381709786086548,0,0.322036131037225,0,0.52480410213943,0,0,0,0.198245913378502,0,0,0,0.400554448366165,0,0,0,0,0,0,0,0.451235542694728,0.311134338378906,0.399734156727791,0.347252815961838,0.542491734027863,0.237373761832714,0.312270192518121,0,0,0.36515012383461,0.431892400278765,0.376574154943228,0.296674301036664,0.296758234500885,0.302569627761841,0,0,0,0.172966802697629,0,0.401975026841839,0,0.372380960472794,0,0.163959671521991,0,0,0.505481124397308,0,0,0,0.26932175597176,0,0,0,0.422245605903513,0,0.429639106862088,0,0,0,0,0,0.543712303826683,0.309649154543877,0.562433589764727,0.41534154282348,0.363880837664885,0.366208949312106,0,0.346818651272872
0,0,0,0.172917991608381,0,0.143367737531662,0,0,0,0.205845087184058,0,0,0,0,0,0,0,0,0.294418437954258,0,0,0,0,0.378818412621816,0,0,0,0,0,0,0,0,0,0,0,0.310123890638351,0,0.331206084866273,0,0.32119316490073,0,0.375145387617404,0.31902402639389,0,0,0.349325388669968,0,0,0.348639910419782,0.405496016789824,0,0,0,0,0,0.222340016948437,0,0,0,0,0,0.205021203756332,0,0,0,0,0.332419923373631,0.347190916538239,0,0,0,0,0,0,0,0,0,0,0.346146106719971,0,0.336115527153015,0,0.319468365399797,0.307987968126933,0.452190226134453,0.361153066158295,0
0.217223783889238,0,0,0,0.236081763037613,0,0,0,0.173695585749885,0,0.440995335578918,0,0.379444360733032,0,0.209132343530655,0,0.328347494204839,0,0.313218310906019,0,0.360375444895478,0,0,0,0,0,0,0,0,0,0.369573652744293,0,0,0,0,0,0.313495667711381,0,0.350464736223221,0,0.300092548131943,0,0.318049381633063,0,0,0,0.326923912783111,0.308961063623428,0.353981488014196,0.315963536500931,0.222970603600792,0,0,0,0.157494074968915,0,0.364151814101655,0,0.344559385441244,0,0.204380314738031,0,0,0.344529358545939,0,0,0,0,0,0,0,0.410364532941266,0,0.425321198798515,0,0,0,0,0.381503403186798,0.401775349016431,0,0.396930145704194,0.359920985917881,0.320358272641897,0.33217787641052,0,0.346122418131147
0,0.172917991608381,0,0,0,0.204681974707236,0,0,0,0.151339137846937,0,0.305414199829102,0,0,0,0,0,0,0.297879278659821,0.341358661651611,0,0,0,0,0,0,0,0,0,0,0,0,0,0,0,0.25657810255183,0,0,0,0.292743220141059,0,0.290675432763548,0.310964381056173,0.325572356581688,0,0.309351034801115,0,0,0,0.315487812480655,0,0.290962576226066,0,0,0,0.19962283843779,0,0.336069676411021,0,0.370927727169928,0,0.312327375383146,0.335033947771246,0,0,0,0,0,0,0,0,0,0,0,0,0,0,0,0.266214771653121,0,0.334664642810822,0,0.247166545332563,0,0.331512907665027,0,0
0.145294114947319,0,0.236081763037613,0,0,0,0.182826786193737,0,0.19049711195184,0,0.215723734349012,0,0.203391724576553,0,0.218597105501787,0,0,0,0,0,0.276981098311288,0,0,0,0,0,0,0,0,0,0,0,0,0,0,0,0.245542582124472,0,0,0,0,0,0.297752678394318,0,0,0,0.22623086720705,0,0,0,0.23689395673573,0,0.151398129986994,0,0.165645584147027,0,0.252489362284541,0,0.228746817248767,0,0.241864615369861,0,0,0.229835127294064,0,0,0,0,0,0,0,0.341948688030243,0,0.319696754217148,0,0,0,0,0,0.270774957537651,0,0.270760885306767,0.248655149876822,0.198813833296299,0.24707731935713,0,0
0,0.143367737531662,0,0.204681974707236,0,0,0,0,0,0.201918787356308,0,0,0,0,0,0.229521323926747,0,0,0,0.327634662389755,0,0,0,0,0,0,0,0,0,0,0,0,0,0,0,0.233755840496583,0,0,0,0,0,0.330806106328964,0.238237373530865,0,0,0,0,0,0,0.223791192770004,0,0.19613083941344,0,0.125364948064089,0,0.190060342429206,0,0.214799210429192,0,0.252492476786886,0,0.274781024881772,0,0,0,0,0,0,0,0,0,0,0,0,0,0,0,0,0.234548195020149,0,0,0,0.197385862542539,0.156983051659926,0.24878420184056,0,0
0,0,0,0,0.182826786193737,0,0,0,0.211147725582123,0,0,0,0.214459538459778,0,0,0,0,0,0,0,0.19305108487606,0,0,0,0,0,0,0,0,0,0,0,0,0,0,0,0,0,0,0,0,0,0,0,0,0,0,0,0,0,0.145946178372417,0,0.180345520850895,0,0,0,0,0,0.195029721129686,0,0,0,0,0,0,0,0,0,0,0,0,0,0,0,0,0,0,0,0,0,0,0,0.198931680872333,0.207913648876651,0,0,0
0,0,0,0,0,0,0,0,0,0,0,0,0,0.145120899592127,0,0,0,0,0,0,0,0,0,0,0,0,0,0,0,0,0,0,0,0,0,0,0,0,0,0,0,0,0,0,0,0,0,0,0,0,0,0.15051507204771,0,0.166931043320064,0,0,0,0.190103689829508,0,0.176792990215524,0,0,0,0,0,0,0,0,0,0,0,0,0,0,0,0,0,0,0,0,0,0,0.156372029138239,0,0,0,0
0.183927725294027,0,0.173695585749885,0,0.19049711195184,0,0.211147725582123,0,0,0,0.201975658535957,0,0,0,0.2578172164162,0,0.222165154914061,0,0.278567968557278,0,0.308159644112867,0,0,0,0.313738819360733,0,0.258960810643208,0,0,0,0,0,0,0,0,0,0.259822610765696,0.28412252664566,0.315374407917261,0,0,0,0.285256780896868,0,0,0,0.243740326828427,0,0.227181465562546,0,0.221118473729422,0,0.195360387365023,0,0.23823328181604,0,0.27563965258499,0,0.313215188682079,0,0.228585387390215,0,0,0.234304152429104,0,0,0,0.301660161684541,0,0.213055073221525,0,0.417240161448717,0,0.420857273042202,0,0,0,0,0,0.266788629622295,0,0.314504159533459,0.248367891437308,0.197824747434684,0.310789274729111,0,0.335301023337149
0.285400658845901,0.205845087184058,0,0.151339137846937,0,0.201918787356308,0,0,0,0,0,0,0,0,0,0.223444832459329,0,0.334359221160412,0.19941696152091,0,0,0,0,0.245709993362275,0,0.198422133922577,0,0,0,0,0,0,0,0,0,0.255970537662506,0.272632002830505,0.250779929406503,0,0.25703713670373,0,0.286930783905766,0,0.275755167007446,0,0.243762813508511,0,0,0.33758544921875,0.268617663277339,0,0.231483441591263,0,0,0,0.19637868457517,0,0,0,0,0,0.207993207069544,0,0,0,0,0.278329032706097,0.312782645225525,0.214262979811636,0,0,0,0,0,0,0,0,0,0.283352494239807,0,0.300309501588345,0,0.230617189410476,0.201766308206989,0.244786108216495,0,0
0.490098314625876,0,0.440995335578918,0,0.215723734349012,0,0,0,0.201975658535957,0,0,0,0.200498101216826,0,0,0,0.431975305080414,0,0.403763741254807,0,0.205034233704659,0,0,0,0,0,0,0,0.19490972161293,0,0.174623707240769,0,0,0,0,0,0.204881206154823,0,0.172100357809905,0,0,0,0,0,0,0,0.303373494495948,0,0.514370024204254,0.344535797834396,0.211057880207112,0,0.218938290634576,0,0,0,0.189508610269789,0,0.203136129153741,0,0,0,0,0.246028483932854,0,0,0,0,0,0,0,0,0,0.148673432536031,0,0,0,0,0,0.289651483297348,0,0.200185779968034,0.179941742943561,0.156208198912983,0.395930102095008,0,0.427621081471443
0,0,0,0.305414199829102,0,0,0,0,0,0,0,0,0,0.177188703547353,0,0,0,0,0,0.159987520471395,0,0,0,0,0,0,0,0.156930814186732,0,0.177794284861663,0,0,0,0,0,0.181079832471109,0,0.188811209163344,0,0,0,0,0,0,0,0.203571498394012,0,0,0,0.219282800865068,0,0,0,0,0,0,0,0.21311132027846,0,0.146559628673264,0,0,0.159172258787341,0,0,0,0,0,0,0,0.143472358584404,0,0.23429970302392,0,0,0,0,0,0.192227840423584,0,0.206129942379064,0,0.174405344192557,0,0.199144392023011,0,0
0.383991032838821,0,0.379444360733032,0,0.203391724576553,0,0.214459538459778,0,0,0,0.200498101216826,0,0,0,0.235899565394816,0,0,0,0,0,0,0,0,0,0,0,0,0,0.183772684817903,0,0.182798465092977,0,0,0,0,0,0,0,0,0,0,0,0,0,0,0,0,0,0,0,0.191668185094992,0,0,0,0,0,0.218159392476082,0,0.200692358693873,0,0.221297284652447,0,0,0,0,0,0,0,0,0,0,0,0,0,0,0,0,0,0,0,0,0,0.173732814776112,0.161476802652233,0.383379101753235,0,0
0,0,0,0,0,0,0,0.145120899592127,0,0,0,0.177188703547353,0,0,0,0.378976968782289,0,0,0,0,0,0,0,0,0,0,0,0,0,0,0,0,0,0,0,0,0,0,0,0,0,0,0,0,0,0,0,0,0,0.318575590848923,0,0,0,0.150238043732113,0,0,0,0.192423684479192,0,0.176345346191906,0,0.236650869250298,0,0,0,0,0,0,0.195978626608849,0,0.140221724552768,0,0,0,0,0,0,0,0,0,0,0,0.13740228329386,0,0,0,0
0.172195930392654,0,0.209132343530655,0,0.218597105501787,0,0,0,0.2578172164162,0,0,0,0.235899565394816,0,0,0,0.157813758242364,0,0,0,0,0,0,0,0.267031869905836,0,0.205575617543165,0,0.220998355875845,0,0,0,0,0,0,0,0,0,0.31725815931956,0,0,0,0.293805190495082,0,0,0,0,0.266024976968765,0.221908803048887,0,0.208727127872407,0,0,0,0.253579914748669,0,0,0,0.237191406662686,0,0.180815881843909,0,0,0,0,0,0,0.287968814373016,0,0.191160200801614,0,0,0,0,0,0,0,0,0,0,0.347139894962311,0.339291475713253,0.220810448059588,0.182550594210625,0.274256527423859,0,0
0,0,0,0,0,0.229521323926747,0,0,0,0.223444832459329,0,0,0,0.378976968782289,0,0,0,0,0,0,0,0,0,0.196874337182159,0,0.204730848471324,0,0,0,0,0,0,0,0,0,0,0,0,0,0,0,0,0,0,0,0,0,0,0,0.323663748273946,0,0.215596516217504,0,0,0,0.182000080123544,0,0,0,0,0,0.234248751395844,0,0,0,0,0.226083904504776,0,0.264166276563298,0,0,0,0,0,0,0,0,0,0,0,0,0,0.228403906303423,0,0,0,0
0.381709786086548,0,0.328347494204839,0,0,0,0,0,0.222165154914061,0,0.431975305080414,0,0,0,0.157813758242364,0,0,0.190257567784095,0.321426158817746,0,0.398636413678046,0.178292140364647,0.123846372639811,0,0,0,0.158063083031531,0,0.171914509484466,0,0,0,0,0,0,0.329935356974602,0.382907778024673,0,0.442015253835254,0.353183544874191,0.342970942457517,0.3096794964562,0.330787017804767,0.334826628367106,0.291685461997986,0.339600534633149,0.371405524596606,0,0.40677570104599,0.327634078557374,0,0,0,0,0,0,0.395016340648427,0,0.397114137808482,0,0.185739680467283,0,0.326672911643982,0.388379143866209,0,0.155670572072268,0,0,0,0.192546508196047,0,0.413977873325348,0,0.397624285093376,0,0,0,0,0.349608571401664,0.387716005350414,0.374916070699692,0.40798931402057,0.257602029971677,0.222115920667218,0.345966988267043,0.308875805801815,0.323603882143895
0,0,0,0,0,0,0,0,0,0.334359221160412,0,0,0,0,0,0,0.190257567784095,0,0.316338490822243,0,0.345953577094608,0.158877389468359,0,0.254478563183273,0,0.166892544439076,0,0,0,0,0,0,0,0,0,0.360049689809481,0,0.251023806631565,0.376381903886795,0.351025222312836,0,0.319022560403461,0.3008898422122,0.336651518940926,0,0.353189420700073,0.327106368541718,0,0,0.335005478279011,0,0,0,0,0,0.373524710536003,0,0,0,0,0,0,0,0.360408413059571,0.12088339527448,0,0.268167231074521,0,0.190075082546574,0,0,0.351246029138565,0,0,0,0,0,0,0.366854349151254,0.344390205361626,0.345881839593252,0.388123821753722,0.218185914831485,0.191961643194006,0.318172285954158,0.31704615354538,0.32655143737793
0.322036131037225,0.294418437954258,0.313218310906019,0.297879278659821,0,0,0,0,0.278567968557278,0.19941696152091,0.403763741254807,0,0,0,0,0,0.321426158817746,0.316338490822243,0,0,0.393122435227867,0,0,0,0,0,0,0,0,0,0,0,0,0,0,0.406313421028965,0.373499463586246,0.397382480757577,0.418141755461693,0.385328094944169,0.295550192924256,0.310804042963406,0.228033654477186,0.41748881364061,0.200935376683871,0.366481940014735,0.355691035358368,0,0.285040349748574,0.361646008900153,0,0,0,0,0,0.345862805843353,0.373337456813225,0,0.347528556982676,0,0,0,0.341530276196344,0.384734492595038,0,0,0,0,0,0,0,0.386396870017052,0,0.3808841103067,0,0,0,0,0.40921126111694,0.356359799382786,0.465032996471476,0.389955771640379,0.28650380105249,0.314398961053629,0.351685111793513,0.363300832413539,0.248805714585527
0,0,0,0.341358661651611,0,0.327634662389755,0,0,0,0,0,0.159987520471395,0,0,0,0,0,0,0,0,0,0,0,0,0,0,0,0,0,0.199826210737228,0,0,0,0,0,0.224798781030318,0,0.178659812975171,0,0,0,0,0,0,0,0.219653392667133,0,0,0,0.229441627860069,0,0.280529260635376,0,0,0,0,0,0.174519634433091,0,0,0,0,0.203504256377446,0,0,0,0,0,0,0,0,0,0.214159270127614,0,0,0,0,0,0.231279334769799,0,0.212585930119861,0,0.177930981457624,0,0.238398377133428,0,0
0.52480410213943,0,0.360375444895478,0,0.276981098311288,0,0.19305108487606,0,0.308159644112867,0,0.205034233704659,0,0,0,0,0,0.398636413678046,0.345953577094608,0.393122435227867,0,0,0,0,0,0,0,0,0,0,0,0,0,0,0,0,0,0.182610275532407,0,0.295890128367818,0.376744579523802,0.242810900012652,0.311636008322239,0.410860273143882,0,0.342690885066986,0.390176199376583,0.307667564493862,0,0.508630633354187,0.33545779188474,0.264524501607274,0,0.229192040860653,0,0.29944376150767,0,0.233696124829247,0,0.312794351609804,0,0.29643726348877,0,0,0.279639567699375,0,0,0,0,0,0,0,0.347803281112151,0,0.346526965498924,0,0,0,0,0.388401120901108,0.285417406477126,0.377938508987427,0.314784938815128,0.332147370591922,0.30573070405618,0.378591232285433,0.352786615490913,0.42679902832065
0,0,0,0,0,0,0,0,0,0,0,0,0,0,0,0,0.178292140364647,0.158877389468359,0,0,0,0,0.116595867259496,0.193223207595812,0,0.26409277123462,0,0.182202578618609,0,0,0,0,0,0,0,0,0,0.313595924864178,0.138354832957308,0,0,0,0,0,0,0,0,0.432625293731689,0,0.246247741726248,0,0,0,0,0,0,0,0,0,0,0,0,0,0,0.235463414489972,0.110911995523116,0.165977691716858,0,0.321744042221043,0,0,0,0,0,0,0,0,0,0,0,0.405509877341742,0,0.191169256701462,0.14622828498882,0.363319873809814,0,0
0,0,0,0,0,0,0,0,0,0,0,0,0,0,0,0,0.123846372639811,0,0,0,0,0.116595867259496,0,0,0.179020741646238,0,0.216733377569049,0,0.237573508630719,0,0,0,0,0,0,0,0,0,0.207692618702204,0,0,0,0,0,0,0,0,0,0.222291287309771,0,0,0,0,0,0,0,0,0,0,0,0,0,0,0,0.12547312742647,0.203460043824199,0,0.147395338783873,0,0.213712586906918,0,0,0,0,0,0,0,0,0,0,0,0.15865346988534,0.149923054947614,0.141595436478531,0,0,0
0,0.378818412621816,0,0,0,0,0,0,0,0.245709993362275,0,0,0,0,0,0.196874337182159,0,0.254478563183273,0,0,0,0.193223207595812,0,0,0,0.305094796536784,0,0,0,0,0,0,0,0,0,0,0,0.301444215674828,0,0,0,0,0,0,0,0,0,0,0.439416855573654,0,0,0,0,0,0,0.217924925155865,0,0,0,0,0,0,0,0,0.23729762252909,0,0.289974226964214,0,0.270677667860107,0,0,0,0,0,0,0,0,0,0,0,0.325498694723303,0.379513144493103,0.246918208885808,0.373158037662506,0.350021004676819,0,0
0.198245913378502,0,0,0,0,0,0,0,0.313738819360733,0,0,0,0,0,0.267031869905836,0,0,0,0,0,0,0,0.179020741646238,0,0,0,0.242325245192996,0,0,0,0,0,0,0,0,0,0,0.302531018853188,0.245099778124062,0,0,0,0.387790647420016,0,0,0,0,0.368312239646912,0.313528575405881,0,0,0,0,0,0.224312668496912,0,0,0,0,0,0.326526671648026,0,0,0,0,0.185307795351202,0,0.224644021577986,0,0.284580690108917,0,0,0,0,0,0,0,0,0,0,0.254735440015793,0.307534963048294,0.277456687932665,0.365442794561386,0.3172857016325,0,0
0,0,0,0,0,0,0,0,0,0.198422133922577,0,0,0,0,0,0.204730848471324,0,0.166892544439076,0,0,0,0.26409277123462,0,0.305094796536784,0,0,0,0.202655528564202,0,0,0,0,0,0,0,0,0,0,0,0,0,0,0,0,0,0,0,0,0,0,0,0,0,0,0,0.193522110581398,0,0,0,0,0,0.306407034397125,0,0,0.2741508576782,0,0.365687975417013,0,0.287749332047487,0,0.216903787106276,0,0,0,0,0,0,0,0,0,0,0,0.17259182035923,0,0,0,0
0,0,0,0,0,0,0,0,0.258960810643208,0,0,0,0,0,0.205575617543165,0,0.158063083031531,0,0,0,0,0,0.216733377569049,0,0.242325245192996,0,0,0,0.232233823096567,0,0,0,0,0,0,0,0,0,0.254028571040734,0,0,0,0.380938798189163,0,0,0,0,0.382824674248695,0.276647565218638,0,0,0,0,0,0.20310057575504,0,0,0,0,0,0.215440156387872,0,0,0,0,0.225269674524373,0,0.259109261880318,0,0.205103710614225,0,0.22280478477478,0,0,0,0,0,0,0,0,0,0.30447106808424,0.21647353686795,0.257288383586066,0.208973124623299,0,0
0,0,0,0,0,0,0,0,0,0,0,0.156930814186732,0,0,0,0,0,0,0,0,0,0.182202578618609,0,0,0,0.202655528564202,0,0,0,0.198115569343612,0,0,0,0,0,0,0,0,0,0,0,0,0,0,0,0,0,0,0,0.225483625710751,0,0,0,0,0,0,0,0,0,0,0,0,0,0,0.181215405464172,0,0,0,0.228144758939743,0,0.19422502568964,0,0.223151589382668,0,0,0,0,0,0,0,0,0,0.235939660874924,0.273172358671824,0,0,0
0.400554448366165,0,0,0,0,0,0,0,0,0,0.19490972161293,0,0.183772684817903,0,0.220998355875845,0,0.171914509484466,0,0,0,0,0,0.237573508630719,0,0,0,0.232233823096567,0,0,0,0.231290059532486,0,0,0,0,0,0,0,0.247325984286327,0,0,0,0.380558833479881,0,0,0,0.339330807328224,0,0.391463309526443,0,0,0,0,0,0,0,0.364679569226724,0,0.21850739259805,0,0.225205646753311,0,0,0.364517778158188,0,0.230938136577606,0,0,0,0.187943883240223,0,0.235164908071359,0,0,0,0,0,0,0,0.322245836257935,0,0,0.181798438638894,0.156085903254839,0.404957999785741,0,0
0,0,0,0,0,0,0,0,0,0,0,0.177794284861663,0,0,0,0,0,0,0,0.199826210737228,0,0,0,0,0,0,0,0.198115569343612,0,0,0,0,0,0,0,0,0,0.147679696480433,0,0,0,0,0,0,0,0,0,0,0,0.252274013046572,0,0,0,0,0,0,0,0.244551457967789,0,0,0,0,0,0,0,0,0,0,0,0,0.200132730853006,0,0.205513493478542,0,0,0,0,0,0,0,0.22049978924425,0,0.153668277725881,0,0.167378962039948,0,0
0,0,0.369573652744293,0,0,0,0,0,0,0,0.174623707240769,0,0.182798465092977,0,0,0,0,0,0,0,0,0,0,0,0,0,0,0,0.231290059532486,0,0,0,0,0,0,0,0,0,0.172663763165474,0,0,0,0,0,0,0,0.331364721059799,0,0,0,0,0,0,0,0,0,0.219483510736441,0,0,0,0,0,0,0.347011570419584,0,0,0,0,0,0,0,0.2310543172715,0,0.168879161144388,0,0,0,0,0,0.299324601888657,0,0.322894185781479,0.184700313955545,0.16818447389773,0.3962755382061,0,0
0,0,0,0,0,0,0,0,0,0,0,0,0,0,0,0,0,0,0,0,0,0,0,0,0,0,0,0,0,0,0,0,0.192872691983567,0.349001335635991,0,0.262644712270403,0.22643223653237,0,0,0,0,0,0,0,0,0,0,0.320837450670261,0.323414215942224,0.404530867934227,0,0,0,0,0,0,0,0,0,0,0,0,0,0,0,0,0,0,0,0,0,0,0,0,0.209710176901769,0.145405136048794,0.352934524416924,0,0.29481619910552,0.351518988609314,0,0,0.200213983394206,0,0,0,0
0,0,0,0,0,0,0,0,0,0,0,0,0,0,0,0,0,0,0,0,0,0,0,0,0,0,0,0,0,0,0,0.192872691983567,0,0.177283296118612,0.185828036986865,0.168890749812126,0.163674244946904,0,0,0,0,0,0,0,0,0,0,0.208481804997313,0.282041430473328,0,0,0,0,0,0,0,0,0,0,0,0,0,0,0,0,0,0,0,0,0,0,0,0,0,0.207487598061562,0.178422823501112,0.175762824714184,0.199091427672057,0,0.235600280016661,0,0,0.17438529079824,0,0,0,0
0,0,0,0,0,0,0,0,0,0,0,0,0,0,0,0,0,0,0,0,0,0,0,0,0,0,0,0,0,0,0,0.349001335635991,0.177283296118612,0,0.191364646957541,0.280203478358053,0,0.305603417102247,0.190885384877523,0,0,0,0.474377652009328,0,0,0,0,0.506907346643932,0.378344163774176,0.337935589931228,0,0,0,0,0,0,0,0,0,0,0,0,0,0,0,0,0,0,0,0,0,0,0,0,0.199177735050519,0.157277077436447,0.337807831646242,0.170183508656919,0.291049025683518,0,0.523768943238568,0,0.237641214174394,0.223741938670476,0.477445214986801,0,0
0,0,0,0,0,0,0,0,0,0,0,0,0,0,0,0,0,0,0,0,0,0,0,0,0,0,0,0,0,0,0,0,0.185828036986865,0.191364646957541,0,0.174993584001506,0.205809347597616,0.167528863917006,0.195414537112964,0,0,0,0,0,0,0,0,0.215139875696464,0.287370346924838,0,0,0,0,0,0,0,0,0,0,0,0,0,0,0,0,0,0,0,0,0,0,0,0,0,0,0.18946897983551,0.188979310419062,0.193191722089742,0,0.194383232430978,0.184695929691598,0.191061234127888,0.186638366399428,0.160971848028047,0,0,0
0,0.310123890638351,0,0.25657810255183,0,0.233755840496583,0,0,0,0.255970537662506,0,0.181079832471109,0,0,0,0,0.329935356974602,0.360049689809481,0.406313421028965,0.224798781030318,0,0,0,0,0,0,0,0,0,0,0,0.262644712270403,0.168890749812126,0.280203478358053,0.174993584001506,0,0.178950545257489,0.204713232827024,0.148856786390146,0.374363404512405,0.319444298744202,0.33784251612953,0.291935592889786,0.47889870957092,0,0.261683196324917,0.365190371870995,0.43460292787156,0.438490748405457,0.304262139524023,0,0.249261242372018,0,0,0,0,0,0.291859149932861,0,0.285065785050392,0,0.319265246391296,0.262909107904051,0,0,0,0,0,0,0,0,0,0,0,0,0,0.292639790212407,0,0.219801150396807,0.214279528142332,0.25031819062926,0,0.189821158204977,0.204791370683756,0.292962472576633,0.362948916852474,0.278646498918533
0.451235542694728,0,0.313495667711381,0,0.245542582124472,0,0,0,0.259822610765696,0.272632002830505,0.204881206154823,0,0,0,0,0,0.382907778024673,0,0.373499463586246,0,0.182610275532407,0,0,0,0,0,0,0,0,0,0,0.22643223653237,0.163674244946904,0,0.205809347597616,0.178950545257489,0,0.16156383305788,0.206936284804156,0.321235626935959,0.215151717354144,0.339088141918182,0.289575355225488,0,0,0.377220809459686,0.26169670233503,0.293529212755977,0.258094859055497,0.269094198942184,0.277034470438957,0,0,0,0.273243322968483,0,0.31858344576252,0,0.298384335252546,0,0,0,0,0.278137131666165,0,0,0,0,0,0,0,0.399588614702225,0,0.331834323704243,0,0.155962645834269,0,0.172754979175979,0.326294267373363,0.223030978139758,0,0.255033950032573,0.198142553804461,0.191708566369803,0.26608972234248,0,0.386637583374977
0.311134338378906,0.331206084866273,0,0,0,0,0,0,0.28412252664566,0.250779929406503,0,0.188811209163344,0,0,0,0,0,0.251023806631565,0.397382480757577,0.178659812975171,0,0.313595924864178,0,0.301444215674828,0.302531018853188,0,0,0,0,0.147679696480433,0,0,0,0.305603417102247,0.167528863917006,0.204713232827024,0.16156383305788,0,0.174245801573391,0,0,0.216322260598342,0,0.387823075056076,0,0.248916298151016,0,0.474977385191644,0.483232624828815,0.244914859175109,0,0,0,0,0.409673944115639,0.270216837525368,0,0.151709365061263,0,0,0,0,0.19334352016449,0,0.272675075520903,0,0.270136462411847,0.384887844324112,0,0,0,0,0.154744852139768,0,0,0,0.30213383265904,0,0.262775051785811,0,0.249818796350437,0.149505360768392,0.278957975279233,0.483073994903367,0.254437403958887,0.374648213386536,0
0.399734156727791,0,0.350464736223221,0,0,0,0,0,0.315374407917261,0,0.172100357809905,0,0,0,0.31725815931956,0,0.442015253835254,0.376381903886795,0.418141755461693,0,0.295890128367818,0.138354832957308,0.207692618702204,0,0.245099778124062,0,0.254028571040734,0,0.247325984286327,0,0.172663763165474,0,0,0.190885384877523,0.195414537112964,0.148856786390146,0.206936284804156,0.174245801573391,0,0,0.289416193962097,0.344888955354691,0.398860577655875,0,0,0,0.31915385119709,0.551757598629932,0.414619324378567,0.427430719137192,0.301520008593798,0,0,0,0.325617705782255,0,0.173733538069294,0,0.318701868255933,0,0.308279812335968,0,0,0.30872985216076,0,0.156414598226547,0,0.187323634823163,0,0.337463318197815,0,0.264666503084075,0,0.148403350968619,0,0,0,0.233866259455681,0.371219217777252,0.268580017063185,0.189983330667019,0.23014730895588,0.26407358398734,0.240104593724185,0.409737198340772,0,0.502711130040033
0.347252815961838,0.32119316490073,0,0.292743220141059,0,0,0,0,0,0.25703713670373,0,0,0,0,0,0,0.353183544874191,0.351025222312836,0.385328094944169,0,0.376744579523802,0,0,0,0,0,0,0,0,0,0,0,0,0,0,0.374363404512405,0.321235626935959,0,0,0,0.309720396995544,0.332984027542216,0.286270945527396,0.439881061574063,0,0.334878468495622,0.339861216624891,0,0.332973897457123,0.259535130810468,0,0,0,0,0,0.289375826716423,0,0,0,0,0,0.246921613812447,0.258219001442194,0.364637249282428,0,0,0,0,0,0,0,0,0,0.38945127526919,0,0,0,0,0.258296955881826,0.35147442445159,0.271068296579591,0.360343017748424,0.33700964138104,0.338267451295486,0.335790200993532,0.40589586486419,0.310144430479488
0.542491734027863,0,0.300092548131943,0,0,0,0,0,0,0,0,0,0,0,0,0,0.342970942457517,0,0.295550192924256,0,0.242810900012652,0,0,0,0,0,0,0,0,0,0,0,0,0,0,0.319444298744202,0.215151717354144,0,0.289416193962097,0.309720396995544,0,0.274328622967005,0.293063388859972,0,0.247231043875217,0.330163568258286,0.307529449844972,0.56618436674277,0,0,0,0,0,0,0.225434437394142,0,0.303574249148369,0,0.28092859685421,0,0,0,0,0.254721891134977,0,0,0,0,0,0,0,0,0,0.315296426415443,0,0,0,0,0,0.304385368835025,0,0.282157197594643,0.29039710668885,0,0.280623104471665,0,0.300052328656117
0.237373761832714,0.375145387617404,0,0.290675432763548,0,0.330806106328964,0,0,0,0.286930783905766,0,0,0,0,0,0,0.3096794964562,0.319022560403461,0.310804042963406,0,0.311636008322239,0,0,0,0,0,0,0,0,0,0,0,0,0,0,0.33784251612953,0.339088141918182,0.216322260598342,0.344888955354691,0.332984027542216,0.274328622967005,0,0.24735428126463,0.435414873533421,0.233572733898958,0.366295760847765,0.298789853032898,0,0.323669672012329,0.327794403667604,0,0.264819944898287,0,0,0,0.285382267501619,0.305629521608353,0,0,0,0,0.289660859107971,0.359941827257474,0.320551712562641,0,0,0,0,0,0,0,0,0,0.317356795072556,0,0,0,0,0.332868283057396,0.319875687360764,0.372016642983171,0.355260203282038,0.274897693589532,0.31385768107746,0.333771454124497,0.319657052113187,0.251917620792108
0.312270192518121,0.31902402639389,0.318049381633063,0.310964381056173,0.297752678394318,0.238237373530865,0,0,0.285256780896868,0,0,0,0,0,0.293805190495082,0,0.330787017804767,0.3008898422122,0.228033654477186,0,0.410860273143882,0,0,0,0.387790647420016,0,0.380938798189163,0,0.380558833479881,0,0,0,0,0.474377652009328,0,0.291935592889786,0.289575355225488,0,0.398860577655875,0.286270945527396,0.293063388859972,0.24735428126463,0,0.234156592534139,0.207021693635431,0.300543516874313,0.300187543171361,0.47477161473986,0.391631986986769,0.293925994445407,0.295742844159787,0,0,0,0.350776146352291,0.307571560144424,0.329038426946334,0,0.33638963813245,0,0.307167650924789,0,0.331151833136876,0.335345501605863,0,0,0,0.381741343686978,0,0,0,0.352562728069596,0,0.316636152565479,0,0,0,0,0.31459684231702,0.3240816924089,0.344997164607048,0.410256731208019,0.310996418166413,0.361155050992966,0.283336282877752,0.236531555652618,0.249235080225331
0,0,0,0.325572356581688,0,0,0,0,0,0.275755167007446,0,0,0,0,0,0,0.334826628367106,0.336651518940926,0.41748881364061,0,0,0,0,0,0,0,0,0,0,0,0,0,0,0,0,0.47889870957092,0,0.387823075056076,0,0.439881061574063,0,0.435414873533421,0.234156592534139,0,0,0.29730944248273,0,0,0,0.528613492628423,0,0,0,0,0,0,0,0,0,0,0,0,0,0.344772487878799,0,0,0,0,0,0,0,0,0,0,0,0,0,0,0.488393394083812,0,0.521191221501859,0,0.4107864627522,0,0.432165771116351,0.533885876922046,0
0,0,0,0,0,0,0,0,0,0,0,0,0,0,0,0,0.291685461997986,0,0.200935376683871,0,0.342690885066986,0,0,0,0,0,0,0,0,0,0,0,0,0,0,0,0,0,0,0,0.247231043875217,0.233572733898958,0.207021693635431,0,0,0,0.289703501595391,0,0,0,0,0,0,0,0,0,0,0,0.35680741071701,0,0,0,0,0.288382035493851,0,0,0,0,0,0,0,0,0,0.384514570236206,0,0,0,0,0,0.308263555831379,0,0.332061879833539,0.26370844244957,0.345086008310318,0.243327831383795,0.207423910498619,0.218691118061543
0.36515012383461,0.349325388669968,0,0.309351034801115,0,0,0,0,0,0.243762813508511,0,0.203571498394012,0,0,0,0,0.339600534633149,0.353189420700073,0.366481940014735,0.219653392667133,0.390176199376583,0,0,0,0,0,0,0,0,0,0,0,0,0,0,0.261683196324917,0.377220809459686,0.248916298151016,0,0.334878468495622,0.330163568258286,0.366295760847765,0.300543516874313,0.29730944248273,0,0,0.349248446524143,0,0,0.32599963524615,0,0.285492777824402,0,0,0,0.254336367050807,0,0,0,0,0,0,0.246435456292664,0.36198754679589,0,0,0,0,0,0,0,0,0,0,0,0,0,0,0.289546083190294,0.347925724891516,0.337114475847941,0.361176858930027,0.313478234179879,0.340074365958571,0.28649052237711,0.278688209644262,0.327969427619662
0.431892400278765,0,0.326923912783111,0,0.22623086720705,0,0,0,0.243740326828427,0,0.303373494495948,0,0,0,0,0,0.371405524596606,0.327106368541718,0.355691035358368,0,0.307667564493862,0,0,0,0,0,0,0,0.339330807328224,0,0.331364721059799,0,0,0,0,0.365190371870995,0.26169670233503,0,0.31915385119709,0.339861216624891,0.307529449844972,0.298789853032898,0.300187543171361,0,0.289703501595391,0.349248446524143,0,0,0.327739743357998,0.338909523827689,0.254269750619476,0,0,0,0.240319276048291,0,0.327493147707697,0,0.327436038311206,0,0.279395652314027,0,0.372781038284302,0.297723300572749,0,0,0,0,0,0,0,0.36394890634025,0,0.345502283524823,0,0,0,0,0.350451150909066,0.317645827744808,0.342757026354472,0.343421607445448,0.342032040697242,0.348720745043417,0.285446343268994,0.299417401735599,0.305259808012239
0.376574154943228,0,0.308961063623428,0,0,0,0,0,0,0,0,0,0,0,0.266024976968765,0,0,0,0,0,0,0.432625293731689,0,0,0.368312239646912,0,0.382824674248695,0,0,0,0,0.320837450670261,0.208481804997313,0.506907346643932,0.215139875696464,0.43460292787156,0.293529212755977,0.474977385191644,0.551757598629932,0,0.56618436674277,0,0.47477161473986,0,0,0,0,0,0.424135430322132,0.335477629207796,0,0,0,0,0.417093187570572,0,0,0,0.303698599338531,0,0,0,0,0,0,0,0,0.42785054842631,0,0.38487496972084,0,0,0,0,0,0.214955273696354,0.629129347186418,0.231446112698644,0.352967903000001,0.40462362753788,0.572137585736268,0.786736495792866,0.579008301207238,0.387980240067159,0.537285014567241,0,0
0.296674301036664,0.348639910419782,0.353981488014196,0,0,0,0,0,0.227181465562546,0.33758544921875,0.514370024204254,0,0,0,0.221908803048887,0,0.40677570104599,0,0.285040349748574,0,0.508630633354187,0,0.222291287309771,0.439416855573654,0.313528575405881,0,0.276647565218638,0,0.391463309526443,0,0,0.323414215942224,0.282041430473328,0.378344163774176,0.287370346924838,0.438490748405457,0.258094859055497,0.483232624828815,0.414619324378567,0.332973897457123,0,0.323669672012329,0.391631986986769,0,0,0,0.327739743357998,0.424135430322132,0,0.477239847595716,0.285915952175856,0,0,0,0.255618277382343,0.353604197502136,0.417455538419577,0,0.412475087812969,0,0.218835455798061,0,0,0.336789012783104,0,0.31091733478707,0.376342922449112,0.262766439329695,0,0.273233705158714,0,0.421098738908768,0,0.421404136465741,0,0.378615626692772,0.45827504992485,0.228714218631906,0,0.342605806717267,0.37538754940033,0.29084444389168,0.507889426146138,0.532929047087955,0.388552346934864,0,0.347787871956825
0.296758234500885,0.405496016789824,0.315963536500931,0.315487812480655,0,0.223791192770004,0,0,0,0.268617663277339,0.344535797834396,0.219282800865068,0,0.318575590848923,0,0.323663748273946,0.327634078557374,0.335005478279011,0.361646008900153,0.229441627860069,0.33545779188474,0.246247741726248,0,0,0,0,0,0.225483625710751,0,0.252274013046572,0,0.404530867934227,0,0.337935589931228,0,0.304262139524023,0.269094198942184,0.244914859175109,0.427430719137192,0.259535130810468,0,0.327794403667604,0.293925994445407,0.528613492628423,0,0.32599963524615,0.338909523827689,0.335477629207796,0.477239847595716,0,0,0.220788006981214,0,0,0,0.211720281591018,0.346144914627075,0.205229152582194,0.376109272241592,0,0,0.327380401516954,0.338106840848923,0.359868918473904,0.265660492868679,0,0.273454670355005,0,0.301834898416338,0,0.28402528804186,0.330981761217117,0.272198072777075,0.332229793071747,0,0,0,0,0.329487392810029,0.346966256266055,0.257270773783381,0.386792985101541,0.349808169886319,0.331600231343302,0.347404735151102,0.384568881146846,0.28297303328591
0.302569627761841,0,0.222970603600792,0,0.23689395673573,0,0.145946178372417,0,0.221118473729422,0,0.211057880207112,0,0.191668185094992,0,0.208727127872407,0,0,0,0,0,0.264524501607274,0,0,0,0,0,0,0,0,0,0,0,0,0,0,0,0.277034470438957,0,0.301520008593798,0,0,0,0.295742844159787,0,0,0,0.254269750619476,0,0.285915952175856,0,0,0,0.169247565207197,0,0.211717353799404,0,0.250215445638151,0,0.280831413102799,0,0.21538034081459,0,0,0.257596197351813,0,0,0,0,0,0,0,0.341796278953552,0,0.319589078426361,0,0,0,0,0,0.278956668972969,0,0.292107038877227,0.231954560581798,0.20443349451788,0.261702873110771,0,0
0,0,0,0.290962576226066,0,0.19613083941344,0,0.15051507204771,0,0.231483441591263,0,0,0,0,0,0.215596516217504,0,0,0,0.280529260635376,0,0,0,0,0,0,0,0,0,0,0,0,0,0,0,0.249261242372018,0,0,0,0,0,0.264819944898287,0,0,0,0.285492777824402,0,0,0,0.220788006981214,0,0,0,0.165957677178085,0,0,0,0.213226452469826,0,0.28751489892602,0,0.273583710193634,0.31534980237484,0,0,0,0,0,0,0,0,0,0,0,0,0,0,0,0.258708056153321,0,0,0,0.205801577110526,0,0.306741886734962,0,0
0,0,0,0,0.151398129986994,0,0.180345520850895,0,0.195360387365023,0,0.218938290634576,0,0,0,0,0,0,0,0,0,0.229192040860653,0,0,0,0,0,0,0,0,0,0,0,0,0,0,0,0,0,0,0,0,0,0,0,0,0,0,0,0,0,0.169247565207197,0,0,0,0,0,0.209265604762748,0,0,0,0,0,0,0,0,0,0,0,0,0,0,0,0,0,0,0,0,0,0,0,0,0,0.211983961854563,0.207615679928235,0,0,0
0,0,0,0,0,0.125364948064089,0,0.166931043320064,0,0,0,0,0,0.150238043732113,0,0,0,0,0,0,0,0,0,0,0,0,0,0,0,0,0,0,0,0,0,0,0,0,0,0,0,0,0,0,0,0,0,0,0,0,0,0.165957677178085,0,0,0,0,0,0.208946892401067,0,0.173524184975513,0,0,0,0,0,0,0,0,0,0,0,0,0,0,0,0,0,0,0,0,0,0,0.151770862440268,0,0,0,0
0.172966802697629,0,0.157494074968915,0,0.165645584147027,0,0,0,0.23823328181604,0,0,0,0,0,0.253579914748669,0,0,0,0,0,0.29944376150767,0,0,0,0.224312668496912,0,0.20310057575504,0,0,0,0,0,0,0,0,0,0.273243322968483,0.409673944115639,0.325617705782255,0,0.225434437394142,0,0.350776146352291,0,0,0,0.240319276048291,0.417093187570572,0.255618277382343,0,0.211717353799404,0,0,0,0,0,0.24498581720723,0,0.20327333680221,0,0.221911916837973,0,0,0.247431205442319,0,0,0,0.235631249638067,0,0.196092545054853,0,0.350568175315857,0,0.348465442657471,0,0,0,0,0,0.274574487780531,0,0.302874137525973,0.23407414024978,0.326453658441703,0.23890674703343,0,0.302878648042679
0,0.222340016948437,0,0.19962283843779,0,0.190060342429206,0,0,0,0.19637868457517,0,0,0,0,0,0.182000080123544,0,0.373524710536003,0.345862805843353,0,0,0,0,0.217924925155865,0,0.193522110581398,0,0,0,0,0,0,0,0,0,0,0,0.270216837525368,0,0.289375826716423,0,0.285382267501619,0.307571560144424,0,0,0.254336367050807,0,0,0.353604197502136,0.211720281591018,0,0,0,0,0,0,0,0,0,0,0,0.22402299195528,0.331683158874512,0,0,0,0.210557239205313,0,0.216116421601989,0,0,0,0,0,0,0,0,0,0.293849341571331,0,0.248809204215095,0.31981885433197,0.241377161378092,0.29937344789505,0.250485400810386,0.269820004701614,0
0.401975026841839,0,0.364151814101655,0,0.252489362284541,0,0,0,0.27563965258499,0,0.189508610269789,0,0.218159392476082,0,0,0,0.395016340648427,0,0.373337456813225,0,0.233696124829247,0,0,0,0,0,0,0,0.364679569226724,0,0.219483510736441,0,0,0,0,0,0.31858344576252,0,0.173733538069294,0,0.303574249148369,0.305629521608353,0.329038426946334,0,0,0,0.327493147707697,0,0.417455538419577,0.346144914627075,0.250215445638151,0,0.209265604762748,0,0.24498581720723,0,0,0,0.335332030614654,0,0.309510681364271,0,0,0.315327177790508,0,0,0,0,0,0,0,0.415197795839871,0,0.35542245406411,0,0,0,0,0,0.324439270333165,0,0.293941920721217,0.248713172081967,0.233018595547903,0.362908051349223,0.310047715902328,0.439449504802102
0,0,0,0.336069676411021,0,0.214799210429192,0,0.190103689829508,0,0,0,0.21311132027846,0,0.192423684479192,0,0,0,0,0,0.174519634433091,0,0,0,0,0,0,0,0,0,0.244551457967789,0,0,0,0,0,0.291859149932861,0,0.151709365061263,0,0,0,0,0,0,0,0,0,0,0,0.205229152582194,0,0.213226452469826,0,0.208946892401067,0,0,0,0,0,0.176912099538571,0,0.305851817131042,0.166762154921889,0,0,0,0,0,0,0,0,0,0.243314755177989,0,0,0,0,0,0.310758642852306,0,0.193280830979347,0,0.189597670988339,0,0.235725200013892,0,0
0.372380960472794,0,0.344559385441244,0,0.228746817248767,0,0.195029721129686,0,0.313215188682079,0,0.203136129153741,0,0.200692358693873,0,0.237191406662686,0,0.397114137808482,0,0.347528556982676,0,0.312794351609804,0,0,0,0,0,0,0,0.21850739259805,0,0,0,0,0,0,0,0.298384335252546,0,0.318701868255933,0,0.28092859685421,0,0.33638963813245,0,0.35680741071701,0,0.327436038311206,0.303698599338531,0.412475087812969,0.376109272241592,0.280831413102799,0,0,0,0.20327333680221,0,0.335332030614654,0,0,0,0.238114312939022,0,0,0.342828282609321,0,0,0,0,0,0,0,0.340402630991057,0,0.404848513503869,0,0,0,0,0,0.314847653180781,0,0.314939022915704,0.219799439789671,0.170625142753124,0.35545347101572,0,0.394515410065651
0,0,0,0.370927727169928,0,0.252492476786886,0,0.176792990215524,0,0,0,0.146559628673264,0,0.176345346191906,0,0,0,0,0,0,0,0,0,0,0,0,0,0,0,0,0,0,0,0,0,0.285065785050392,0,0,0,0,0,0,0,0,0,0,0,0,0,0,0,0.28751489892602,0,0.173524184975513,0,0,0,0.176912099538571,0,0,0,0,0.384820461273193,0,0,0,0,0,0,0,0.150346738951547,0,0,0,0,0,0,0,0.309219841446195,0,0,0,0.176400927481828,0,0.350344179307713,0,0
0.163959671521991,0,0.204380314738031,0,0.241864615369861,0,0,0,0.228585387390215,0,0,0,0.221297284652447,0,0.180815881843909,0,0.185739680467283,0,0,0,0.29643726348877,0,0,0,0.326526671648026,0,0.215440156387872,0,0.225205646753311,0,0,0,0,0,0,0,0,0,0.308279812335968,0,0,0,0.307167650924789,0,0,0,0.279395652314027,0,0.218835455798061,0,0.21538034081459,0,0,0,0.221911916837973,0,0.309510681364271,0,0.238114312939022,0,0,0,0,0.257449686527252,0,0,0,0.268326908349991,0,0.198299421618382,0,0.218607001006603,0,0,0,0,0,0,0,0.283269107341766,0,0.317290544509888,0.224100189961247,0.188305510828892,0.267241961576722,0,0
0,0.205021203756332,0,0.312327375383146,0,0.274781024881772,0,0,0,0.207993207069544,0,0,0,0.236650869250298,0,0.234248751395844,0,0,0,0,0,0,0,0,0,0.306407034397125,0,0,0,0,0,0,0,0,0,0.319265246391296,0,0,0,0.246921613812447,0,0.289660859107971,0,0,0,0,0,0,0,0.327380401516954,0,0.273583710193634,0,0,0,0.22402299195528,0,0.305851817131042,0,0,0,0,0,0,0,0,0,0,0.32337909830468,0,0,0,0,0,0,0,0,0,0.283373802900314,0,0,0,0.255037191841337,0,0.302533989602869,0,0
0,0,0,0.335033947771246,0,0,0,0,0,0,0,0.159172258787341,0,0,0,0,0.326672911643982,0,0.341530276196344,0.203504256377446,0,0,0,0,0,0,0,0,0,0,0,0,0,0,0,0.262909107904051,0,0.19334352016449,0,0.258219001442194,0,0.359941827257474,0.331151833136876,0,0,0.246435456292664,0.372781038284302,0,0,0.338106840848923,0,0.31534980237484,0,0,0,0.331683158874512,0,0.166762154921889,0,0.384820461273193,0,0,0,0,0,0,0,0,0,0,0,0,0,0,0,0,0,0,0.292859170321143,0,0.2445064731713,0,0.199200875648897,0.215563103556633,0.324645547861251,0,0
0.505481124397308,0,0.344529358545939,0,0.229835127294064,0,0,0,0.234304152429104,0,0.246028483932854,0,0,0,0,0,0.388379143866209,0.360408413059571,0.384734492595038,0,0.279639567699375,0,0,0,0,0,0,0,0.364517778158188,0,0.347011570419584,0,0,0,0,0,0.278137131666165,0,0.30872985216076,0.364637249282428,0.254721891134977,0.320551712562641,0.335345501605863,0.344772487878799,0.288382035493851,0.36198754679589,0.297723300572749,0,0.336789012783104,0.359868918473904,0.257596197351813,0,0,0,0.247431205442319,0,0.315327177790508,0,0.342828282609321,0,0.257449686527252,0,0,0,0,0,0,0,0,0,0,0.379066390521599,0,0.352525111420878,0,0,0,0,0.388884902000427,0.287932953946347,0.316222757101059,0.31768628481019,0.362724031531421,0.349803660822109,0.289804495534728,0.353456974029541,0.347086851530283
0,0,0,0,0,0,0,0,0,0,0,0,0,0,0,0,0,0.12088339527448,0,0,0,0.235463414489972,0.12547312742647,0.23729762252909,0,0.2741508576782,0,0.181215405464172,0,0,0,0,0,0,0,0,0,0.272675075520903,0,0,0,0,0,0,0,0,0,0,0,0.265660492868679,0,0,0,0,0,0,0,0,0,0,0,0,0,0,0,0,0.197109665481314,0,0.31294334143923,0,0.283743418753147,0,0,0,0,0,0,0,0,0,0.26696730617966,0,0.162699052490503,0.160993750544562,0,0,0
0,0,0,0,0,0,0,0,0,0,0,0,0,0,0,0,0.155670572072268,0,0,0,0,0.110911995523116,0.203460043824199,0,0.185307795351202,0,0.225269674524373,0,0.230938136577606,0,0,0,0,0,0,0,0,0,0.156414598226547,0,0,0,0,0,0,0,0,0,0.31091733478707,0,0,0,0,0,0,0,0,0,0,0,0,0,0,0,0,0,0,0.164919562637806,0,0.235318218668302,0,0.268106576942262,0,0,0,0,0,0,0,0,0,0.255395356194798,0.162818929651775,0.143503853121625,0,0,0
0,0.332419923373631,0,0,0,0,0,0,0,0.278329032706097,0,0,0,0,0,0.226083904504776,0,0.268167231074521,0,0,0,0.165977691716858,0,0.289974226964214,0,0.365687975417013,0,0,0,0,0,0,0,0,0,0,0,0.270136462411847,0,0,0,0,0,0,0,0,0,0,0.376342922449112,0.273454670355005,0,0,0,0,0,0.210557239205313,0,0,0,0,0,0,0,0,0.197109665481314,0,0,0.378099411725998,0.319658231700974,0,0.321512371301651,0,0,0,0,0,0,0,0,0,0.259412021376193,0,0.245965494284112,0.278787557035685,0.323105111718178,0,0
0.26932175597176,0.347190916538239,0,0,0,0,0,0,0.301660161684541,0.312782645225525,0,0,0,0,0.287968814373016,0,0,0,0,0,0,0,0.147395338783873,0,0.224644021577986,0,0.259109261880318,0,0,0,0,0,0,0,0,0,0,0.384887844324112,0.187323634823163,0,0,0,0.381741343686978,0,0,0,0,0.42785054842631,0.262766439329695,0,0,0,0,0,0.235631249638067,0,0,0,0,0,0.268326908349991,0,0,0,0,0.164919562637806,0.378099411725998,0,0,0.271958277351304,0,0,0,0,0,0,0,0,0,0,0.34395843744278,0.284296860027572,0.284732157445472,0.375739173094432,0.409650500863791,0,0
0,0,0,0,0,0,0,0,0,0.214262979811636,0,0,0,0.195978626608849,0,0.264166276563298,0,0.190075082546574,0,0,0,0.321744042221043,0,0.270677667860107,0,0.287749332047487,0,0.228144758939743,0,0,0,0,0,0,0,0,0,0,0,0,0,0,0,0,0,0,0,0,0,0.301834898416338,0,0,0,0,0,0.216116421601989,0,0,0,0,0,0.32337909830468,0,0,0.31294334143923,0,0.319658231700974,0,0,0,0.306200288790317,0,0,0,0,0,0,0,0,0,0,0,0.190374279069522,0,0,0,0
0,0,0,0,0,0,0,0,0.213055073221525,0,0,0,0,0,0.191160200801614,0,0.192546508196047,0,0,0,0,0,0.213712586906918,0,0.284580690108917,0,0.205103710614225,0,0.187943883240223,0,0,0,0,0,0,0,0,0,0.337463318197815,0,0,0,0,0,0,0,0,0.38487496972084,0.273233705158714,0,0,0,0,0,0.196092545054853,0,0,0,0,0,0.198299421618382,0,0,0,0,0.235318218668302,0,0.271958277351304,0,0,0,0,0,0,0,0,0,0,0,0,0,0.308988106979969,0.212499064011652,0,0,0,0
0,0,0,0,0,0,0,0,0,0,0,0.143472358584404,0,0.140221724552768,0,0,0,0,0,0,0,0,0,0,0,0.216903787106276,0,0.19422502568964,0,0.200132730853006,0,0,0,0,0,0,0,0,0,0,0,0,0,0,0,0,0,0,0,0.28402528804186,0,0,0,0,0,0,0,0,0,0.150346738951547,0,0,0,0,0.283743418753147,0,0.321512371301651,0,0.306200288790317,0,0,0,0.202473773456672,0,0,0,0,0,0,0,0.236875217407942,0,0,0,0,0,0
