0,0.252723049372435,0.119508023063342,0,0,0,0,0,0.130648075828294,0,0,0,0,0,0.182198072473208,0,0.235457107424736,0,0.36797673714732,0,0,0,0,0,0,0,0,0,0,0,0,0,0,0,0,0,0,0.271624617278576,0.166521981358528,0.270192384719849,0.499388188123703,0.241268038749695,0.231437381812081,0,0,0,0.364675442874432,0.332130058245225,0.175704844497952,0.306927308440208,0,0,0,0,0.176078536775377,0,0,0,0,0,0.181504067530235,0,0,0,0,0,0,0,0,0.177207536995411,0,0.269910350441933,0,0.322975899164493,0,0,0,0,0,0.438385223916599,0,0.463457435369492,0.253779977992857,0.341475933790207,0.258915905441557,0,0.171831671344607
0.252723049372435,0,0,0.120436835636213,0,0,0,0,0.248715847730637,0.128919738376963,0,0,0,0,0,0,0,0,0.304170033761433,0,0,0,0,0,0,0,0,0,0,0,0,0,0,0,0,0,0,0,0,0.342985740729741,0,0.286305081193187,0,0,0,0.349138122537862,0,0.258660107851028,0.295466959476471,0.182228634414219,0,0,0,0,0,0.165337687452062,0,0.286338385782744,0,0.303256641000004,0,0.19444921403192,0.286431601643562,0,0,0,0,0,0.327891002098719,0,0.346594750881195,0,0.377324455976486,0,0,0,0,0,0.394733810147574,0,0.467574328184128,0,0.23080300339752,0,0.223933394239597,0.359058886766434,0
0.119508023063342,0,0,0,0.152771879644955,0,0,0,0.112305227995795,0,0,0,0,0,0,0,0.286034792661667,0.243125095963478,0.250314749777317,0,0,0,0,0,0,0,0,0,0,0,0,0,0,0,0.313524961471558,0,0.259689584374428,0,0,0.356960743665695,0.258140494877642,0,0.286817602740908,0,0,0,0.255367532372475,0.295937923448426,0.249271580248798,0,0.187156328110845,0,0,0,0.159526365498702,0,0.216467861133286,0,0.19796524002097,0,0.19142983244224,0,0,0.296246320009232,0,0,0,0,0,0,0,0.316986987988154,0,0.315827868653066,0,0,0,0.322937667369843,0,0.302418936240046,0,0.296530278480571,0.255466706162199,0.264238269999623,0.262586485456537,0,0.291715804073546
0,0.120436835636213,0,0,0,0.172941320967451,0,0,0,0.126250350544619,0,0.261291285355886,0,0,0,0,0.290973618626595,0.273120507597923,0.264022997270028,0,0,0,0,0,0,0,0,0,0,0,0,0,0,0.304191827774048,0,0.188438063263893,0.232393965125084,0.321850925683975,0,0.26008616494281,0,0.277574284654111,0.277779850363731,0.289477974176407,0,0.235749915756028,0,0.277038933161427,0.258429161210855,0.220770547996048,0,0.197203160081276,0,0,0,0,0,0.226869136454653,0,0.209065341519389,0,0.19966275735881,0.225340906817179,0,0,0,0,0,0,0,0.312416821718216,0,0.326439240786034,0,0,0,0,0,0.257728766554441,0.212627207239469,0.328405317257751,0.363241374492645,0.248074247779553,0.297357962890105,0.249929103100083,0.283236850585256,0
0,0,0.152771879644955,0,0,0,0.154932280381521,0,0.18891254067421,0,0,0,0,0,0,0,0,0,0,0,0.163185416055577,0,0,0,0,0,0,0,0,0,0,0,0,0,0,0,0.171030511458715,0,0,0,0.229823365807533,0,0.251395410725049,0,0,0,0.226903885602951,0.280090421438217,0.220029039308429,0,0.193257535624243,0,0.152797493669722,0,0.181953608989716,0,0,0,0,0,0,0,0,0.15598360200723,0,0,0,0,0,0,0,0,0,0.282251790165901,0,0,0,0,0,0,0,0.245697796344757,0.160330151021481,0.196857795119286,0.168227246245013,0,0.27181813120842
0,0,0,0.172941320967451,0,0,0,0,0,0,0,0.155763972798983,0,0,0,0.186547654015677,0,0,0,0.176912037862672,0,0,0,0,0,0,0,0,0,0,0,0,0,0,0,0.197409152984619,0,0,0,0.228617206215858,0,0.261130818062358,0,0,0,0.248570062220097,0,0.308271676301956,0,0.249870675802231,0,0.162022261899345,0,0.139563545584679,0,0,0,0.150548591063573,0,0.185230731964111,0,0,0.215199021829499,0,0,0,0,0,0,0,0,0,0.315674930810928,0,0,0,0,0,0.236544334888458,0,0,0,0.146774670765014,0.260398060083389,0.232718323396534,0,0
0,0,0,0,0.154932280381521,0,0,0,0,0,0.124775789678097,0,0,0,0,0,0,0,0,0,0.145371689715169,0,0,0,0,0,0,0,0,0,0,0,0,0,0,0,0,0,0,0,0,0,0,0,0,0,0,0,0,0,0.157206416130066,0,0.134388263026873,0,0,0,0,0,0,0,0,0,0,0.148019343614578,0,0,0,0,0,0,0,0,0,0,0,0,0,0,0,0,0,0,0.146757275693946,0,0.145634427666664,0,0
0,0,0,0,0,0,0,0,0,0,0,0.154583483934402,0,0,0,0,0,0,0,0,0,0,0,0,0,0,0,0,0,0,0,0,0,0,0,0,0,0,0,0,0,0,0,0,0,0,0,0,0,0,0,0,0,0.163368681190061,0,0,0,0.148337855935097,0,0.144851267337799,0,0,0,0,0,0,0,0,0,0,0,0,0,0,0,0,0,0,0,0,0,0,0.141163170337677,0.191175063451131,0,0,0
0.130648075828294,0.248715847730637,0.112305227995795,0,0.18891254067421,0,0,0,0,0.188639886677265,0,0,0,0,0.178332774144299,0,0.27614597272162,0.249657304750548,0.185056932922453,0,0,0,0,0,0.16088712641171,0,0,0,0,0,0,0,0,0,0,0,0,0.245157361030579,0.145422841086216,0.350689371201125,0,0.333648875355721,0.165579479983729,0,0,0.305182808389266,0,0.274711176753044,0.175342451781034,0,0,0,0,0,0.1856000173086,0,0,0,0,0,0.170896092057228,0,0.294222883880138,0,0,0,0,0.186558378496389,0,0.188719476262728,0,0,0.348780632019043,0.261672971149286,0,0,0,0,0.366362629458308,0.364355176687241,0,0.169384690715331,0.18769051924901,0.197066669662793,0.162552505991865,0,0.116133841959869
0,0.128919738376963,0,0.126250350544619,0,0,0,0,0.188639886677265,0,0,0,0,0,0,0.159581674883763,0.215073134750128,0,0.25411910553287,0,0,0,0,0.174922782467728,0,0.134518404914574,0,0,0,0,0,0,0,0.240480080246925,0,0,0,0.183156543388599,0,0.233880914747715,0,0.171596199951389,0,0,0,0.182334572076797,0.380150139331818,0,0,0.172151309666616,0,0,0,0,0,0.200850650559178,0,0.260094672441483,0,0,0,0.136238763729731,0,0,0,0,0.240906057258447,0,0.130250466987491,0,0,0,0.276887699961662,0,0,0,0.273849243004071,0,0,0,0.254665463689774,0,0.170642125574491,0,0.1397027363561,0.140048263594508,0
0,0,0,0,0,0,0.124775789678097,0,0,0,0,0,0.163260883597316,0,0,0,0,0,0,0,0.166483222777927,0,0,0,0,0,0,0,0.1549971509683,0,0.147808998823166,0,0,0,0,0,0.102056346833706,0,0.141692125128911,0,0,0,0,0,0,0,0,0,0,0,0.13886398928506,0,0.118315269513954,0,0,0,0.165492332616206,0,0.188312066098054,0,0,0,0,0.183844079283324,0,0,0,0,0,0,0,0.187295286636042,0,0,0,0,0,0,0,0.0998446730275949,0,0.139571786942807,0.147090315818787,0.158263260049039,0,0,0
0,0,0,0.261291285355886,0,0.155763972798983,0,0.154583483934402,0,0,0,0,0,0.156830104427881,0,0,0,0,0.265742123126984,0.139780116051748,0,0,0,0,0,0,0,0.133278345068296,0,0.128104373812675,0,0,0,0,0,0.140251662494818,0,0.15176464117263,0,0,0,0,0,0,0,0,0,0,0,0,0,0.219621103256941,0,0,0,0,0,0.164432107544232,0,0.160843321076124,0,0,0.129718755661613,0,0,0,0,0,0,0,0,0,0.173751776035015,0,0,0,0,0,0.140513177133269,0,0.162790008333479,0,0.12755489476646,0,0.240929435281193,0,0
0,0,0,0,0,0,0,0,0,0,0.163260883597316,0,0,0,0.145400504271189,0,0,0,0,0,0,0,0,0,0,0,0,0,0,0,0,0,0,0,0,0,0,0,0,0,0,0,0,0,0,0,0,0,0,0,0,0,0,0,0,0,0.173970661362012,0,0.166309366195366,0,0.161951205693185,0,0,0,0,0,0,0,0,0,0,0,0,0,0,0,0,0,0,0,0,0,0,0,0,0,0
0,0,0,0,0,0,0,0,0,0,0,0.156830104427881,0,0,0,0.168397668524076,0,0,0,0,0,0,0,0,0,0,0,0,0,0,0,0,0,0,0,0,0,0,0,0,0,0,0,0,0,0,0,0,0,0,0,0,0,0,0,0,0,0.179582790064381,0,0.167801844426478,0,0.166402093836894,0,0,0,0,0,0,0.160893060266972,0,0,0,0,0,0,0,0,0,0,0,0,0,0.15701155581822,0.146484646659631,0,0,0
0.182198072473208,0,0,0,0,0,0,0,0.178332774144299,0,0,0,0.145400504271189,0,0,0,0,0,0,0,0,0,0,0,0,0,0,0,0,0,0,0,0,0,0,0,0,0,0,0,0,0,0,0,0,0,0,0,0.183879032731056,0,0,0,0,0,0.167295279818169,0,0,0,0.169217575122328,0,0.186175906628955,0,0,0,0,0,0,0,0,0,0,0,0,0,0,0,0,0,0,0,0,0,0,0,0,0,0
0,0,0,0,0,0.186547654015677,0,0,0,0.159581674883763,0,0,0,0.168397668524076,0,0,0,0,0,0,0,0,0,0,0,0,0,0.180817611515522,0,0,0,0,0,0,0,0,0,0,0,0,0,0,0,0,0,0,0,0,0,0,0,0.190362476507823,0,0,0,0.184421798435308,0,0,0,0.179231346301411,0,0.168131299250949,0,0,0,0,0,0,0.190736272268825,0,0.17325909300284,0,0,0,0,0,0,0,0,0,0,0,0.186411684522262,0,0,0,0
0.235457107424736,0,0.286034792661667,0.290973618626595,0,0,0,0,0.27614597272162,0.215073134750128,0,0,0,0,0,0,0,0.19692373338427,0.279920172136399,0,0,0,0.137395071486632,0.222448572516441,0.212140233069658,0.332398384809494,0.123104795174939,0,0,0,0,0,0,0,0,0,0,0,0,0.318069362323585,0.29365300686255,0.257213010011535,0.25402522141038,0.353022798895836,0,0.309841961305366,0.309042113756432,0,0.258285634219646,0.238000830014547,0.276633441448212,0,0,0,0,0,0.277092039585114,0.342243775725365,0,0,0,0,0.326170815527439,0.354236289858818,0,0.124989133860384,0.141022183001041,0,0.169843325205147,0.135863489273823,0,0,0.394324988126755,0.329907988960093,0,0,0,0,0.33576327013646,0.313739017812829,0.355485149874137,0.3008370426667,0.221509586067273,0.184847054973481,0.303824148725632,0,0.260664767545203
0,0,0.243125095963478,0.273120507597923,0,0,0,0,0.249657304750548,0,0,0,0,0,0,0,0.19692373338427,0,0.280385783932701,0,0,0,0,0.161843741933505,0.159675132483244,0.165066633621852,0.258892804384232,0,0,0,0,0,0,0,0,0,0,0,0,0.298504323545461,0.300629242334837,0.25880241276753,0.254837807241104,0.420594056447347,0,0.308048760324582,0.317913721886373,0,0,0.288212067137162,0.228427246212959,0,0,0,0,0,0,0.401083469390869,0,0,0,0,0.304155658398356,0.336977437138557,0,0,0.151490910486741,0,0.164211528847615,0,0,0,0.312819296494126,0.332146103183428,0,0,0,0,0.309844964424208,0.32331420998184,0.343025282783023,0.308633784568587,0.19188785751909,0.121939814432336,0.305595321722234,0.262027690807978,0.264932259917259
0.36797673714732,0.304170033761433,0.250314749777317,0.264022997270028,0,0,0,0,0.185056932922453,0.25411910553287,0,0.265742123126984,0,0,0,0,0.279920172136399,0.280385783932701,0,0,0,0,0,0,0.245237216353416,0.295715659856796,0,0,0,0,0,0,0,0,0,0,0.347844243049622,0,0,0.297665226968539,0.297205503508147,0.223319656455012,0.219359078362872,0.486717134073216,0,0.309162164816703,0.330829937500639,0.193011239171028,0.258169092237949,0.259631278715572,0.245959997177124,0,0,0,0,0.1899384111166,0.315851822495461,0.334556782787496,0,0.251905977725983,0.214818000793457,0.273860365152359,0.318285934591063,0.342559135573752,0,0,0,0,0.206558893620968,0,0.314525429691587,0.364710658788681,0.334112460656864,0.346751964811621,0,0,0,0,0.318947381259345,0.356792452226817,0.382212148913255,0.327705373935043,0.235087173055107,0.254339258101853,0.31819660662141,0.228136167578075,0.231085125742287
0,0,0,0,0,0.176912037862672,0,0,0,0,0,0.139780116051748,0,0,0,0,0,0,0,0,0,0,0,0,0,0,0,0,0,0,0,0,0,0,0,0.138774160597193,0,0.152657455390441,0,0,0,0,0,0,0,0,0,0,0,0,0,0,0,0,0,0,0,0.161688488427341,0,0,0,0,0.149183820626315,0,0,0,0,0,0,0,0,0,0,0,0,0,0,0,0.158464784879423,0,0.156581152905249,0,0.138610062305816,0,0.184646055102348,0,0
0,0,0,0,0.163185416055577,0,0.145371689715169,0,0,0,0.166483222777927,0,0,0,0,0,0,0,0,0,0,0,0,0,0,0,0,0,0,0,0,0,0,0,0,0,0.149014214215113,0,0.111920441587766,0,0.249857157468796,0,0,0,0,0,0.261218577623367,0,0,0,0.18024078309536,0,0.147725896008553,0,0,0,0.146210233669463,0,0,0,0,0,0,0.208034831318048,0,0,0,0,0,0,0,0,0,0,0,0,0,0,0,0.14894125926706,0,0.178648250443595,0.106022237048995,0,0.355759210884571,0,0
0,0,0,0,0,0,0,0,0,0,0,0,0,0,0,0,0,0,0,0,0,0,0.102342981738704,0.150315448120757,0,0.112311881642009,0,0.113122321665287,0,0,0,0,0,0,0,0,0,0.205604688478338,0.143588915467262,0,0,0,0,0,0,0,0,0.411656451225281,0,0.28293186502146,0,0,0,0,0,0,0,0,0,0,0,0,0,0,0.191604454077528,0.0877971763172782,0.244048550724983,0,0.125673203757315,0,0.199779156595469,0,0,0,0,0,0.209924250841141,0,0,0,0.260087392430653,0,0.117205181142651,0.165260777485614,0,0,0
0,0,0,0,0,0,0,0,0,0,0,0,0,0,0,0,0.137395071486632,0,0,0,0,0.102342981738704,0,0,0.128956454644974,0,0,0,0.155172017923856,0,0,0,0,0,0,0,0,0.106196276843548,0.327397247985889,0,0,0,0,0,0,0,0,0.40804186463356,0.313400364026081,0,0,0,0,0,0,0,0,0,0,0,0,0,0,0,0.126640256494284,0.194072530414387,0,0.167399279872576,0,0.149700124348913,0,0.152820073068142,0,0,0,0,0,0,0,0,0,0.232740744493555,0.117671419332173,0.125438198447227,0,0,0
0,0,0,0,0,0,0,0,0,0.174922782467728,0,0,0,0,0,0,0.222448572516441,0.161843741933505,0,0,0,0.150315448120757,0,0,0,0.153546580416431,0,0,0,0,0,0,0,0.304050356149673,0,0,0,0.220775828387643,0,0,0,0.106390032917261,0,0,0,0,0,0,0,0.244160419640442,0,0,0,0,0,0.208776944486991,0,0,0,0,0,0,0,0,0.112772809962432,0,0.188353490030643,0,0.155406245961785,0,0,0,0,0,0,0,0.266466051340103,0,0,0,0.255446171619161,0,0.176214361167633,0,0.206879145606901,0,0
0,0,0,0,0,0,0,0,0.16088712641171,0,0,0,0,0,0,0,0.212140233069658,0.159675132483244,0.245237216353416,0,0,0,0.128956454644974,0,0,0,0.15856271193308,0,0,0,0,0,0,0,0,0,0,0,0.111041397765972,0,0,0,0,0,0,0,0,0,0.23603871778438,0,0,0,0,0,0.175684902817011,0,0,0,0,0,0,0,0,0,0,0.131881734778209,0,0.174071846122388,0,0.162614411056632,0,0,0,0,0,0,0,0,0,0,0,0.181096244346479,0.18213094646732,0,0.2088791443543,0,0
0,0,0,0,0,0,0,0,0,0.134518404914574,0,0,0,0,0,0,0.332398384809494,0.165066633621852,0.295715659856796,0,0,0.112311881642009,0,0.153546580416431,0,0,0,0.167375298009978,0,0,0,0,0,0,0,0,0,0,0,0,0,0,0,0,0,0,0,0,0,0,0,0,0,0,0,0,0,0,0,0,0,0,0,0,0.122846390792104,0,0.164974339470464,0,0.145214629986069,0,0.161313712596893,0,0,0,0,0,0,0,0,0,0,0,0.155918389558792,0,0,0,0
0,0,0,0,0,0,0,0,0,0,0,0,0,0,0,0,0.123104795174939,0.258892804384232,0,0,0,0,0,0,0.15856271193308,0,0,0,0.147689485656364,0,0,0,0,0,0,0,0,0,0,0,0,0,0,0,0,0,0,0,0,0,0,0,0,0,0,0,0,0,0,0,0,0,0,0,0,0,0,0,0,0.14892668907459,0,0.161314298647145,0,0,0,0,0,0,0,0,0,0,0,0,0,0,0
0,0,0,0,0,0,0,0,0,0,0,0.133278345068296,0,0,0,0.180817611515522,0,0,0,0,0,0.113122321665287,0,0,0,0.167375298009978,0,0,0,0.179084767920014,0,0,0,0,0,0,0,0.127965304468359,0,0,0,0,0,0,0,0,0,0,0,0,0,0,0,0,0,0,0,0.158873543143272,0,0.184924855828285,0,0.171615242958069,0,0,0.137105205858296,0,0,0,0.154599818472679,0,0.157469307688566,0,0.167591621798854,0,0,0,0,0,0,0,0.21033118168513,0,0.169479703903198,0,0,0,0
0,0,0,0,0,0,0,0,0,0,0.1549971509683,0,0,0,0,0,0,0,0,0,0,0,0.155172017923856,0,0,0,0.147689485656364,0,0,0,0.12880513043792,0,0,0,0,0,0,0,0.147811561822891,0,0,0,0,0,0,0,0,0,0,0,0,0,0,0,0,0,0,0,0,0,0,0,0,0,0,0.143839825689793,0,0,0,0,0,0.162775239105127,0,0.122753020237993,0,0,0,0,0,0,0,0.143069483871971,0.164040573686361,0,0,0,0
0,0,0,0,0,0,0,0,0,0,0,0.128104373812675,0,0,0,0,0,0,0,0,0,0,0,0,0,0,0,0.179084767920014,0,0,0,0,0,0,0,0,0,0.150145451724529,0,0,0,0,0,0,0,0,0,0,0,0,0,0,0,0,0,0,0,0.13295002920287,0,0,0,0,0,0,0,0,0,0,0,0,0.155539148186262,0,0.143912448009975,0,0,0,0,0,0,0,0.178672865742729,0,0.115755334496498,0,0,0,0
0,0,0,0,0,0,0,0,0,0,0.147808998823166,0,0,0,0,0,0,0,0,0,0,0,0,0,0,0,0,0,0.12880513043792,0,0,0,0,0,0,0,0,0,0.133454801071258,0,0,0,0,0,0,0,0,0,0,0,0,0,0,0,0,0,0.16895742803812,0,0,0,0,0,0,0,0,0,0,0,0,0,0,0.155774383971067,0,0.154882372371734,0,0,0,0,0,0,0,0.12127747165936,0,0,0,0,0
0,0,0,0,0,0,0,0,0,0,0,0,0,0,0,0,0,0,0,0,0,0,0,0,0,0,0,0,0,0,0,0,0.183852798811339,0.33241720280864,0,0.149672339779839,0.167902868241072,0,0,0,0,0,0,0,0,0,0,0.36552734551483,0.404958873987198,0.415138151496649,0,0,0,0,0,0,0,0,0,0,0,0,0,0,0,0,0,0,0,0,0,0,0,0,0.246416254956377,0.157762736596705,0.23433787807038,0,0.228581538502599,0,0,0,0.145180737199607,0,0,0,0
0,0,0,0,0,0,0,0,0,0,0,0,0,0,0,0,0,0,0,0,0,0,0,0,0,0,0,0,0,0,0,0.183852798811339,0,0.171928598582745,0.308221055529056,0.156700490550561,0.160097159177353,0,0,0,0,0,0,0,0,0,0,0.41378888210053,0,0.415812082588673,0,0,0,0,0,0,0,0,0,0,0,0,0,0,0,0,0,0,0,0,0,0,0,0,0.189370592928003,0.210420983041114,0.163279836376508,0.286492248997092,0.144354568587409,0.262695324842107,0,0,0.146878425445822,0,0,0,0
0,0,0,0.304191827774048,0,0,0,0,0,0.240480080246925,0,0,0,0,0,0,0,0,0,0,0,0,0,0.304050356149673,0,0,0,0,0,0,0,0.33241720280864,0.171928598582745,0,0.217656937534354,0.193245569878555,0,0.24149387966813,0,0.309636056423187,0,0,0,0,0,0.297065317630768,0,0.420942274760423,0.399055960877188,0.403894252720333,0,0,0,0,0,0.287490174174309,0,0,0,0,0,0,0.322907209396362,0,0,0,0.338546600937843,0.446672230958939,0,0,0,0,0,0,0.372993100887147,0.135901739199956,0.198930575887928,0.180422437935194,0.222949047951863,0,0.249656655624801,0.401429782311122,0.262027857715593,0,0.399660962599295,0,0
0,0,0.313524961471558,0,0,0,0,0,0,0,0,0,0,0,0,0,0,0,0,0,0,0,0,0,0,0,0,0,0,0,0,0,0.308221055529056,0.217656937534354,0,0,0.150449831366696,0.117543209344149,0.167131629179824,0,0.357059612870216,0,0.48681349058946,0,0,0.301675975322723,0.324818104505539,0.396681744500467,0.399804171174765,0.406711760266074,0,0,0,0,0,0,0,0,0,0,0,0,0,0,0,0,0,0,0,0,0,0,0,0.339315861463547,0.421808212995529,0.327748900134406,0.155905612397722,0.183380723959415,0,0.175142460415212,0,0.182338662586122,0.236501530981531,0,0.424017510414124,0,0
0,0,0,0.188438063263893,0,0.197409152984619,0,0,0,0,0,0.140251662494818,0,0,0,0,0,0,0,0.138774160597193,0,0,0,0,0,0,0,0,0,0,0,0.149672339779839,0.156700490550561,0.193245569878555,0,0,0.144684282467276,0.136366049195405,0,0.241814762353897,0,0,0,0.446247488260269,0,0.207827445864677,0,0.235861068655705,0.173307105898857,0.290587469935417,0,0.18675668652241,0,0,0,0,0,0.14131231343045,0,0,0,0,0.143818270069847,0,0,0,0,0,0,0,0,0,0,0,0.179250877553126,0.156794073097658,0.194793673939228,0,0.181762940391655,0.152403938779785,0.139477640138368,0,0.129200080816957,0.274339467287064,0.179857595394191,0,0
0,0,0.259689584374428,0.232393965125084,0.171030511458715,0,0,0,0,0,0.102056346833706,0,0,0,0,0,0,0,0.347844243049622,0,0.149014214215113,0,0,0,0,0,0,0,0,0,0,0.167902868241072,0.160097159177353,0,0.150449831366696,0.144684282467276,0,0.112542953342199,0.143796998883876,0,0.223161150108684,0,0,0,0,0,0.219229948189523,0.216103811349188,0.261873283982277,0.229700192809105,0.17795325567325,0,0,0,0,0,0.138716825097799,0,0,0,0,0,0,0.160997920846328,0,0,0,0,0,0,0,0,0,0,0,0.178107254749599,0,0.162955737309047,0.129590850132398,0.178567416235108,0,0.217930694941413,0.16485549910188,0.160054539019863,0.149940882806192,0,0
0.271624617278576,0,0,0.321850925683975,0,0,0,0,0.245157361030579,0.183156543388599,0,0.15176464117263,0,0,0,0,0,0,0,0.152657455390441,0,0.205604688478338,0.106196276843548,0.220775828387643,0,0,0,0.127965304468359,0,0.150145451724529,0,0,0,0.24149387966813,0.117543209344149,0.136366049195405,0.112542953342199,0,0.187660316760476,0,0,0.192592988411585,0,0,0,0.297389760613441,0,0.478829794961981,0.402467211810025,0.342332961513158,0,0,0,0,0,0.299296750880704,0,0.150993152208344,0,0,0,0,0.200591072817392,0,0.277185766172299,0,0.289730213467671,0.42589607834816,0,0,0.31205045876952,0,0.182609475053409,0,0,0,0.265443107235523,0.147810720834315,0.195674438128539,0,0.259413014049768,0.163966995974382,0.157525769247592,0.147827319179972,0.314142128375508,0.155896037817001,0
0.166521981358528,0,0,0,0,0,0,0,0.145422841086216,0,0.141692125128911,0,0,0,0,0,0,0,0,0,0.111920441587766,0.143588915467262,0.327397247985889,0,0.111041397765972,0,0,0,0.147811561822891,0,0.133454801071258,0,0,0,0.167131629179824,0,0.143796998883876,0.187660316760476,0,0,0,0,0,0,0,0,0,0.609491562843323,0.400816395866034,0.421512182269778,0,0,0,0,0.166095020034565,0,0.145418848615984,0,0,0,0,0,0,0.13620648934291,0,0.233606116941084,0,0.301471039530181,0,0,0,0.209531435370445,0,0.331056044153545,0,0,0,0.187259883930286,0,0.177632524763108,0,0.215313069858386,0.146905630460528,0.117557806273301,0.281983635459955,0,0
0.270192384719849,0.342985740729741,0.356960743665695,0.26008616494281,0,0.228617206215858,0,0,0.350689371201125,0.233880914747715,0,0,0,0,0,0,0.318069362323585,0.298504323545461,0.297665226968539,0,0,0,0,0,0,0,0,0,0,0,0,0,0,0.309636056423187,0,0.241814762353897,0,0,0,0,0.340928158164024,0.283981775112976,0.248511570195357,0.531427644193172,0,0.300687560863192,0.3246716842536,0.245698754276548,0.293181546032429,0.205903644829172,0,0.217257166902224,0,0,0,0,0,0.298732137993762,0,0.243262364218632,0,0.249632433988154,0.245359065328363,0,0,0,0,0,0,0,0.266846626996994,0,0.301484637566515,0,0,0,0,0,0.263625624201376,0.324499911986865,0.320987246527865,0.345149636268616,0.296413196441668,0.308373731836467,0.293797369159199,0.283083362461523,0
0.499388188123703,0,0.258140494877642,0,0.229823365807533,0,0,0,0,0,0,0,0,0,0,0,0.29365300686255,0.300629242334837,0.297205503508147,0,0.249857157468796,0,0,0,0,0,0,0,0,0,0,0,0,0,0.357059612870216,0,0.223161150108684,0,0,0.340928158164024,0,0.259585776925087,0.268107449068495,0,0,0.334912845066616,0.26886806572184,0.268893460323522,0.213840165754428,0,0.23036272674799,0,0,0,0.246878549456596,0,0.266406605641047,0,0.254723242350987,0,0,0,0.333370596170425,0.285605245919705,0,0,0,0,0,0,0,0.31161958972613,0,0.279117113014437,0,0,0,0.331854179501534,0.325624742678234,0.264797176698008,0,0.261990946407119,0.289572353480263,0.277069082678254,0.270410307906447,0.248592644929886,0.29243957937548
0.241268038749695,0.286305081193187,0,0.277574284654111,0,0.261130818062358,0,0,0.333648875355721,0.171596199951389,0,0,0,0,0,0,0.257213010011535,0.25880241276753,0.223319656455012,0,0,0,0,0.106390032917261,0,0,0,0,0,0,0,0,0,0,0,0,0,0.192592988411585,0,0.283981775112976,0.259585776925087,0,0.265522685080563,0.415980418523153,0,0.272554825548716,0.293019981546835,0.443891589458172,0.290590930730104,0.271620494675566,0,0.26217562109232,0,0,0,0.112869806587696,0,0.347125157101514,0,0.280222820964727,0,0.259938456888857,0.334023506831432,0,0,0,0,0,0.355891019105911,0,0.333592740856871,0,0.304858606558638,0.335705548524857,0,0,0,0,0.286418775783598,0.282714454191072,0.314221420340775,0.276411160826683,0.24703805962827,0.283969000805908,0.321222447226306,0.257092294570603,0
0.231437381812081,0,0.286817602740908,0.277779850363731,0.251395410725049,0,0,0,0.165579479983729,0,0,0,0,0,0,0,0.25402522141038,0.254837807241104,0.219359078362872,0,0,0,0,0,0,0,0,0,0,0,0,0,0,0,0.48681349058946,0,0,0,0,0.248511570195357,0.268107449068495,0.265522685080563,0,0,0,0.262250556610525,0.280214269880695,0.501427626609802,0.386071617393331,0.287060282447121,0.265775195702359,0,0,0,0.256621855828497,0,0.336535445575056,0.314101308584213,0.263533333485777,0,0.268175262957811,0,0,0.286352999332383,0,0,0,0,0.241513669490814,0,0,0.32877033060297,0.320120602846146,0.2888786515234,0,0,0,0,0.306482531568583,0.280742647201284,0.307748436927795,0.273124841722979,0.268984461549888,0.288143225428925,0.294908446356188,0.2537841796875,0.212088591235829
0,0,0,0.289477974176407,0,0,0,0,0,0,0,0,0,0,0,0,0.353022798895836,0.420594056447347,0.486717134073216,0,0,0,0,0,0,0,0,0,0,0,0,0,0,0,0,0.446247488260269,0,0,0,0.531427644193172,0,0.415980418523153,0,0,0,0.431646740436554,0,0,0,0,0,0,0,0,0,0,0,0,0,0,0,0,0,0,0,0,0,0,0,0,0,0,0.406485602259636,0,0,0,0,0,0.490392774669199,0.355393499135971,0.522191995635946,0,0.392941095612266,0,0.489269329065626,0,0
0,0,0,0,0,0,0,0,0,0,0,0,0,0,0,0,0,0,0,0,0,0,0,0,0,0,0,0,0,0,0,0,0,0,0,0,0,0,0,0,0,0,0,0,0,0,0,0,0,0,0,0,0,0,0,0,0,0,0,0,0,0,0,0,0,0,0,0,0,0,0,0,0,0,0,0,0,0,0,0,0,0,0,0,0,0,0
0,0.349138122537862,0,0.235749915756028,0,0.248570062220097,0,0,0.305182808389266,0.182334572076797,0,0,0,0,0,0,0.309841961305366,0.308048760324582,0.309162164816703,0,0,0,0,0,0,0,0,0,0,0,0,0,0,0.297065317630768,0.301675975322723,0.207827445864677,0,0.297389760613441,0,0.300687560863192,0.334912845066616,0.272554825548716,0.262250556610525,0.431646740436554,0,0,0.349721193313599,0.267508649128549,0.248239716742097,0.238282591177912,0,0,0,0,0,0,0,0.266956464869195,0,0.28587194904685,0,0.216488309204578,0.228437508284005,0.359958201646805,0,0,0,0,0,0,0.273332893848419,0,0.287648137620821,0,0,0,0.288217276334763,0,0.293143747479263,0.341041296720505,0.365278601226014,0.313481122255325,0.294316476478671,0.294588603425858,0.276113937796028,0.259118872610005,0.296130239963531
0.364675442874432,0,0.255367532372475,0,0.226903885602951,0,0,0,0,0.380150139331818,0,0,0,0,0,0,0.309042113756432,0.317913721886373,0.330829937500639,0,0.261218577623367,0,0,0,0,0,0,0,0,0,0,0,0,0,0.324818104505539,0,0.219229948189523,0,0,0.3246716842536,0.26886806572184,0.293019981546835,0.280214269880695,0,0,0.349721193313599,0,0.292676014825702,0.25022124161965,0.284116524457932,0.20484391450882,0,0,0,0,0,0.252985939644931,0,0.240687005221844,0,0.227165639400482,0,0.308035835623741,0.258962417207005,0,0,0,0,0,0,0.269747018814087,0.295999884605408,0.389154046773911,0.282400232276874,0,0,0,0,0.336716772845158,0.312059219356797,0.3365458548069,0.341763637771494,0.314648141062878,0.288026435800155,0.310090648138735,0.288451611995697,0.294249768490377
0.332130058245225,0.258660107851028,0.295937923448426,0.277038933161427,0.280090421438217,0.308271676301956,0,0,0.274711176753044,0,0,0,0,0,0,0,0,0,0.193011239171028,0,0,0.411656451225281,0.40804186463356,0,0,0,0,0,0,0,0,0.36552734551483,0.41378888210053,0.420942274760423,0.396681744500467,0.235861068655705,0.216103811349188,0.478829794961981,0.609491562843323,0.245698754276548,0.268893460323522,0.443891589458172,0.501427626609802,0,0,0.267508649128549,0.292676014825702,0,0.440955047393096,0.365582441640059,0.234597722689311,0,0,0,0,0,0.277921199798584,0.249286189675331,0.300816029310226,0.251784011721611,0,0.203234702348709,0.295355603098869,0,0.386474952101707,0,0,0.408220064380895,0,0,0.33763775229454,0,0.306749929984411,0.31751827398936,0.423291759939217,0.428860777201511,0.279878215567357,0.30481776128711,0.357828365450153,0.350328794810609,0.366122358739376,0.406021875176412,0.363501403539403,0.376104533672333,0.422696054629658,0,0
0.175704844497952,0.295466959476471,0.249271580248798,0.258429161210855,0.220029039308429,0,0,0,0.175342451781034,0,0,0,0,0,0.183879032731056,0,0.258285634219646,0,0.258169092237949,0,0,0,0.313400364026081,0,0.23603871778438,0,0,0,0,0,0,0.404958873987198,0,0.399055960877188,0.399804171174765,0.173307105898857,0.261873283982277,0.402467211810025,0.400816395866034,0.293181546032429,0.213840165754428,0.290590930730104,0.386071617393331,0,0,0.248239716742097,0.25022124161965,0.440955047393096,0,0.36868091326985,0.247396283728235,0.258288212120533,0,0,0.185514637214296,0,0.313804816277254,0.298561811447144,0.286304871241252,0.237856006622314,0.223473168517414,0.25529271364212,0.237512797117233,0.238873351897512,0,0.273366586960886,0,0.294805045544266,0,0.232758926568328,0,0.25072665890194,0.336259176333745,0.301719095971849,0.412239058659627,0.397070203956805,0.365127250552177,0.348743595182896,0.271711409091949,0.238108999237239,0,0.293564555122608,0.369585041911718,0.281331965505187,0.310921836615486,0.284469276666641,0.261849522590637
0.306927308440208,0.182228634414219,0,0.220770547996048,0,0.249870675802231,0,0,0,0.172151309666616,0,0,0,0,0,0,0.238000830014547,0.288212067137162,0.259631278715572,0,0,0.28293186502146,0,0.244160419640442,0,0,0,0,0,0,0,0.415138151496649,0.415812082588673,0.403894252720333,0.406711760266074,0.290587469935417,0.229700192809105,0.342332961513158,0.421512182269778,0.205903644829172,0,0.271620494675566,0.287060282447121,0,0,0.238282591177912,0.284116524457932,0.365582441640059,0.36868091326985,0,0,0.248336087167263,0,0,0,0.25389457543691,0,0.331795195591721,0,0.333926964765308,0,0.325971036878499,0.314653580794569,0,0.25311252573231,0,0.27205132998404,0.385890513658524,0.28257003477739,0,0.321468720852977,0,0.314770822344128,0,0.381416849792004,0.356440275907516,0.348728585243225,0.394935131072998,0.228898190535032,0.331026867032051,0.306590765365609,0.373931768147842,0.299625917192555,0.276057092425151,0.287269364916797,0.27345431625843,0
0,0,0.187156328110845,0,0.193257535624243,0,0.157206416130066,0,0,0,0.13886398928506,0,0,0,0,0,0.276633441448212,0.228427246212959,0.245959997177124,0,0.18024078309536,0,0,0,0,0,0,0,0,0,0,0,0,0,0,0,0.17795325567325,0,0,0,0.23036272674799,0,0.265775195702359,0,0,0,0.20484391450882,0.234597722689311,0.247396283728235,0,0,0,0.153953716158867,0,0,0,0.213488953331342,0,0,0,0,0,0,0.265726447105408,0,0,0,0,0,0,0,0,0,0.268447993323207,0,0,0,0,0,0.261274281144142,0,0.295484744012356,0.16290248086562,0.23350016772747,0.189190715132804,0,0
0,0,0,0.197203160081276,0,0.162022261899345,0,0,0,0,0,0.219621103256941,0,0,0,0.190362476507823,0,0,0,0,0,0,0,0,0,0,0,0,0,0,0,0,0,0,0,0.18675668652241,0,0,0,0.217257166902224,0,0.26217562109232,0,0,0,0,0,0,0.258288212120533,0.248336087167263,0,0,0,0,0,0,0,0.247917286223835,0,0,0,0,0.209833592176437,0,0,0,0,0,0,0,0,0,0.3061663210392,0,0,0,0,0,0.219727333635092,0,0,0,0.159996491670609,0,0.242524957505323,0,0
0,0,0,0,0.152797493669722,0,0.134388263026873,0,0,0,0.118315269513954,0,0,0,0,0,0,0,0,0,0.147725896008553,0,0,0,0,0,0,0,0,0,0,0,0,0,0,0,0,0,0,0,0,0,0,0,0,0,0,0,0,0,0.153953716158867,0,0,0,0,0,0.142501366050804,0,0,0,0,0,0,0,0,0,0,0,0,0,0,0,0,0,0,0,0,0,0,0,0,0,0.15146068111062,0.143064543604851,0.150988303869963,0,0
0,0,0,0,0,0.139563545584679,0,0.163368681190061,0,0,0,0,0,0,0,0,0,0,0,0,0,0,0,0,0,0,0,0,0,0,0,0,0,0,0,0,0,0,0,0,0,0,0,0,0,0,0,0,0,0,0,0,0,0,0,0,0,0,0,0,0,0,0,0,0,0,0,0,0,0,0,0,0,0,0,0,0,0,0,0,0,0,0.16413249373436,0,0,0,0
0.176078536775377,0,0.159526365498702,0,0.181953608989716,0,0,0,0.1856000173086,0,0,0,0,0,0.167295279818169,0,0,0,0,0,0,0,0,0,0.175684902817011,0,0,0,0,0,0,0,0,0,0,0,0,0,0.166095020034565,0,0.246878549456596,0,0.256621855828497,0,0,0,0,0,0.185514637214296,0,0,0,0,0,0,0,0.264924600720406,0,0,0,0.185489129005424,0,0,0.210225179791451,0,0,0,0.228154493647329,0,0.195100249204421,0,0,0,0.269177830219269,0,0,0,0,0,0,0,0.205999034862577,0.187695403532548,0,0.198635931313038,0,0
0,0.165337687452062,0,0,0,0,0,0,0,0.200850650559178,0,0,0,0,0,0.184421798435308,0,0,0.1899384111166,0,0,0,0,0.208776944486991,0,0,0,0,0,0,0,0,0,0.287490174174309,0,0,0,0.299296750880704,0,0,0,0.112869806587696,0,0,0,0,0,0,0,0.25389457543691,0,0,0,0,0,0,0,0,0,0,0,0.17792414845024,0,0,0,0,0.318677580039177,0,0,0,0,0,0,0,0,0,0.355518672027086,0,0,0,0.375806720459402,0,0.188459194256264,0,0.134666843483081,0,0
0,0,0.216467861133286,0,0,0,0,0,0,0,0.165492332616206,0,0.173970661362012,0,0,0,0.277092039585114,0,0.315851822495461,0,0.146210233669463,0,0,0,0,0,0,0,0,0,0.16895742803812,0,0,0,0,0,0.138716825097799,0,0.145418848615984,0,0.266406605641047,0,0.336535445575056,0,0,0,0.252985939644931,0.277921199798584,0.313804816277254,0,0.213488953331342,0,0.142501366050804,0,0.264924600720406,0,0,0,0.299404631582422,0,0.298085913062096,0,0,0.338965070941379,0,0,0,0,0,0,0,0.349529614225888,0,0.287793122536895,0,0,0,0,0,0.26804247200489,0,0.207584418748554,0.146298783723838,0.225147411227226,0.324108021444382,0,0.327378875017166
0,0.286338385782744,0,0.226869136454653,0,0.150548591063573,0,0.148337855935097,0,0.260094672441483,0,0.164432107544232,0,0.179582790064381,0,0,0.342243775725365,0.401083469390869,0.334556782787496,0.161688488427341,0,0,0,0,0,0,0,0.158873543143272,0,0.13295002920287,0,0,0,0,0,0.14131231343045,0,0.150993152208344,0,0.298732137993762,0,0.347125157101514,0.314101308584213,0,0,0.266956464869195,0,0.249286189675331,0.298561811447144,0.331795195591721,0,0.247917286223835,0,0,0,0,0,0,0,0.278489045587692,0,0.314046311051878,0.278277816634144,0,0.33891972899437,0,0,0,0.357695789048166,0,0.374629049937424,0,0.307649024457326,0,0,0,0,0,0.272802131871382,0,0.160180690033095,0,0.159280754715834,0.312978727476937,0.350402284642402,0.350949723612178,0
0,0,0.19796524002097,0,0,0,0,0,0,0,0.188312066098054,0,0.166309366195366,0,0.169217575122328,0,0,0,0,0,0,0,0,0,0,0,0,0,0,0,0,0,0,0,0,0,0,0,0,0,0.254723242350987,0,0.263533333485777,0,0,0,0.240687005221844,0.300816029310226,0.286304871241252,0,0,0,0,0,0,0,0.299404631582422,0,0,0,0.186439947101725,0,0,0.294837735593319,0,0,0,0,0,0.182346771363498,0,0.331492618719737,0,0.285369068384171,0,0,0,0,0,0.286379103859266,0,0.287051528692245,0.264921948313713,0.222588911652565,0.251078284154988,0,0.285285502672195
0,0.303256641000004,0,0.209065341519389,0,0.185230731964111,0,0.144851267337799,0,0,0,0.160843321076124,0,0.167801844426478,0,0.179231346301411,0,0,0.251905977725983,0,0,0,0,0,0,0,0,0.184924855828285,0,0,0,0,0,0,0,0,0,0,0,0.243262364218632,0,0.280222820964727,0,0,0,0.28587194904685,0,0.251784011721611,0.237856006622314,0.333926964765308,0,0,0,0,0,0,0,0.278489045587692,0,0,0,0.272385839135089,0.322146612864274,0,0,0,0.325275331735611,0,0.215192879634825,0,0.351034660718431,0,0.296650526198474,0,0,0,0,0,0,0,0.300385445356369,0,0.167479384906036,0.253100165724754,0.293959220458988,0,0
0.181504067530235,0,0.19142983244224,0,0,0,0,0,0.170896092057228,0,0,0,0.161951205693185,0,0.186175906628955,0,0,0,0.214818000793457,0,0,0,0,0,0,0,0,0,0,0,0,0,0,0,0,0,0,0,0,0,0,0,0.268175262957811,0,0,0,0.227165639400482,0,0.223473168517414,0,0,0,0,0,0.185489129005424,0,0.298085913062096,0,0.186439947101725,0,0,0,0,0,0,0,0,0,0,0,0,0.270379200577736,0,0.255846962332726,0,0,0,0,0,0.270785591668553,0,0.302628919482231,0.242284391075373,0,0.24839412899954,0,0.239196255803108
0,0.19444921403192,0,0.19966275735881,0,0,0,0,0,0.136238763729731,0,0,0,0.166402093836894,0,0.168131299250949,0,0,0.273860365152359,0,0,0,0,0,0,0,0,0.171615242958069,0,0,0,0,0,0,0,0,0,0,0,0.249632433988154,0,0.259938456888857,0,0,0,0.216488309204578,0,0.203234702348709,0.25529271364212,0.325971036878499,0,0,0,0,0,0.17792414845024,0,0.314046311051878,0,0.272385839135089,0,0,0,0,0,0,0,0,0.245660356096193,0,0.364905398339033,0,0.293739995786122,0,0,0,0,0,0.259192141890526,0,0.286301294962565,0,0.247333696318997,0,0.241223252831249,0,0
0,0.286431601643562,0,0.225340906817179,0,0.215199021829499,0,0,0.294222883880138,0,0,0.129718755661613,0,0,0,0,0.326170815527439,0.304155658398356,0.318285934591063,0.149183820626315,0,0,0,0,0,0,0,0,0,0,0,0,0,0.322907209396362,0,0.143818270069847,0,0.200591072817392,0,0.245359065328363,0.333370596170425,0.334023506831432,0,0,0,0.228437508284005,0.308035835623741,0.295355603098869,0.237512797117233,0.314653580794569,0,0.209833592176437,0,0,0,0,0,0.278277816634144,0,0.322146612864274,0,0,0,0,0,0,0,0,0.345755696296692,0,0.349139882509525,0,0.333556272662603,0,0,0,0,0,0.252759134594539,0.351101862887541,0.288705725340467,0,0.219680912369724,0.301742443814874,0.292884784609407,0.292674154043198,0
0,0,0.296246320009232,0,0.15598360200723,0,0.148019343614578,0,0,0,0.183844079283324,0,0,0,0,0,0.354236289858818,0.336977437138557,0.342559135573752,0,0.208034831318048,0,0,0,0,0,0,0,0,0,0,0,0,0,0,0,0.160997920846328,0,0.13620648934291,0,0.285605245919705,0,0.286352999332383,0,0,0.359958201646805,0.258962417207005,0,0.238873351897512,0,0.265726447105408,0,0,0,0.210225179791451,0,0.338965070941379,0,0.294837735593319,0,0,0,0,0,0,0,0,0,0,0,0,0.333159529110965,0,0.394146832709129,0,0,0,0,0,0.28124302122749,0,0.37201542644829,0.187529777753211,0.329269033670425,0.323286975782274,0,0
0,0,0,0,0,0,0,0,0,0,0,0,0,0,0,0,0,0,0,0,0,0.191604454077528,0.126640256494284,0.112772809962432,0,0.122846390792104,0,0.137105205858296,0,0,0,0,0,0,0,0,0,0.277185766172299,0,0,0,0,0,0,0,0,0,0.386474952101707,0,0.25311252573231,0,0,0,0,0,0,0,0.33891972899437,0,0,0,0,0,0,0,0,0.241831043333869,0,0.284981422373001,0,0.223385367128584,0,0,0,0,0,0.190283298492432,0,0,0,0.233854567858114,0,0.145077218871939,0.189256235957146,0.318278819322586,0,0
0,0,0,0,0,0,0,0,0,0,0,0,0,0,0,0,0.124989133860384,0,0,0,0,0.0877971763172782,0.194072530414387,0,0.131881734778209,0,0,0,0.143839825689793,0,0,0,0,0,0,0,0,0,0.233606116941084,0,0,0,0,0,0,0,0,0,0.273366586960886,0,0,0,0,0,0,0,0,0,0,0,0,0,0,0,0,0,0,0.196849667677594,0,0.207965481810031,0,0.25554565684392,0,0.266239162534475,0,0,0,0,0,0,0,0.231673045583246,0.138250211771164,0,0.330813060204188,0,0
0,0,0,0,0,0,0,0,0,0.240906057258447,0,0,0,0,0,0,0.141022183001041,0.151490910486741,0,0,0,0.244048550724983,0,0.188353490030643,0,0.164974339470464,0,0,0,0,0,0,0,0.338546600937843,0,0,0,0.289730213467671,0,0,0,0,0,0,0,0,0,0,0,0.27205132998404,0,0,0,0,0,0.318677580039177,0,0,0,0.325275331735611,0,0,0,0,0.241831043333869,0,0,0,0.225125805817099,0,0.295133548974991,0,0,0,0,0,0.346780546299823,0,0,0,0.320751857088661,0,0.173797663067274,0,0.238446055744824,0,0
0,0,0,0,0,0,0,0,0.186558378496389,0,0,0,0,0,0,0,0,0,0,0,0,0,0.167399279872576,0,0.174071846122388,0,0,0,0,0,0,0,0,0.446672230958939,0,0,0,0.42589607834816,0.301471039530181,0,0,0,0,0,0,0,0,0.408220064380895,0.294805045544266,0.385890513658524,0,0,0,0,0.228154493647329,0,0,0,0,0,0,0,0,0,0,0.196849667677594,0,0,0,0.197159153090583,0,0.212637923657894,0,0,0,0,0,0,0,0,0,0.325516797243541,0.275314415494601,0,0.303739137074043,0,0
0,0.327891002098719,0,0,0,0,0,0,0,0.130250466987491,0,0,0,0.160893060266972,0,0.190736272268825,0.169843325205147,0.164211528847615,0.206558893620968,0,0,0.125673203757315,0,0.155406245961785,0,0.145214629986069,0,0.154599818472679,0,0,0,0,0,0,0,0,0,0,0,0,0,0.355891019105911,0.241513669490814,0,0,0,0,0,0,0.28257003477739,0,0,0,0,0,0,0,0.357695789048166,0,0.215192879634825,0,0.245660356096193,0.345755696296692,0,0.284981422373001,0,0.225125805817099,0,0,0,0.228620078575572,0,0,0,0,0,0,0,0.340189158916473,0,0,0,0.146307163787159,0,0.358946800231934,0,0
0.177207536995411,0,0,0,0,0,0,0,0.188719476262728,0,0,0,0,0,0,0,0.135863489273823,0,0,0,0,0,0.149700124348913,0,0.162614411056632,0,0.14892668907459,0,0,0,0,0,0,0,0,0,0,0,0,0,0,0,0,0,0,0,0,0,0.232758926568328,0,0,0,0,0,0.195100249204421,0,0,0,0.182346771363498,0,0,0,0,0,0,0.207965481810031,0,0.197159153090583,0,0,0,0.208009039100848,0,0,0,0,0,0,0,0,0,0,0,0,0.180072994216492,0,0
0,0.346594750881195,0,0.312416821718216,0,0,0,0,0,0,0,0,0,0,0,0.17325909300284,0,0,0.314525429691587,0,0,0.199779156595469,0,0,0,0.161313712596893,0,0.157469307688566,0,0.155539148186262,0,0,0,0,0,0,0,0.31205045876952,0,0.266846626996994,0,0.333592740856871,0,0,0,0.273332893848419,0.269747018814087,0.33763775229454,0,0.321468720852977,0,0,0,0,0,0,0,0.374629049937424,0,0.351034660718431,0,0.364905398339033,0.349139882509525,0,0.223385367128584,0,0.295133548974991,0,0.228620078575572,0,0,0,0.276498086197371,0,0,0,0,0,0.333177198966344,0,0.251482257636026,0,0.323983796768718,0.383629664778709,0.36651775393491,0.323574508229891,0
0.269910350441933,0,0.316986987988154,0,0,0,0,0,0,0,0.187295286636042,0,0,0,0,0,0,0,0.364710658788681,0,0,0,0.152820073068142,0,0,0,0.161314298647145,0,0.162775239105127,0,0.155774383971067,0,0,0,0,0,0,0,0.209531435370445,0,0.31161958972613,0,0.32877033060297,0,0,0,0.295999884605408,0,0.25072665890194,0,0,0,0,0,0,0,0.349529614225888,0,0.331492618719737,0,0.270379200577736,0,0,0.333159529110965,0,0.25554565684392,0,0.212637923657894,0,0.208009039100848,0,0,0,0.34124189829088,0,0,0,0,0,0.269342169165611,0,0.292150911412144,0.167087430987403,0.177901845086705,0.356256250186488,0,0.337231887238366
0,0.377324455976486,0,0.326439240786034,0,0.315674930810928,0,0,0.348780632019043,0.276887699961662,0,0.173751776035015,0,0,0,0,0.394324988126755,0.312819296494126,0.334112460656864,0,0,0,0,0,0,0,0,0.167591621798854,0,0.143912448009975,0,0,0,0,0,0,0,0.182609475053409,0,0.301484637566515,0,0.304858606558638,0.320120602846146,0.406485602259636,0,0.287648137620821,0.389154046773911,0.306749929984411,0.336259176333745,0.314770822344128,0,0.3061663210392,0,0,0,0,0,0.307649024457326,0,0.296650526198474,0,0.293739995786122,0.333556272662603,0,0,0,0,0,0,0,0.276498086197371,0,0,0,0,0,0,0,0.287886277320301,0.32156615704298,0.317470573927538,0,0.327582791861561,0.364299017935991,0.378075478239596,0.32849058834491,0.314687937498093
0.322975899164493,0,0.315827868653066,0,0.282251790165901,0,0,0,0.261672971149286,0,0,0,0,0,0,0,0.329907988960093,0.332146103183428,0.346751964811621,0,0,0,0,0,0,0,0,0,0.122753020237993,0,0.154882372371734,0,0,0,0.339315861463547,0,0,0,0.331056044153545,0,0.279117113014437,0.335705548524857,0.2888786515234,0,0,0,0.282400232276874,0.31751827398936,0.301719095971849,0,0.268447993323207,0,0,0,0.269177830219269,0,0.287793122536895,0,0.285369068384171,0,0.255846962332726,0,0,0.394146832709129,0,0.266239162534475,0,0,0,0,0,0.34124189829088,0,0,0,0,0,0,0.283709108829498,0.295292282146765,0,0.319283654799587,0.326966330822971,0.335978085503859,0.373518333355525,0,0.315421558424549
0,0,0,0,0,0,0,0,0,0,0,0,0,0,0,0,0,0,0,0,0,0,0,0,0,0,0,0,0,0,0,0.246416254956377,0.189370592928003,0.372993100887147,0.421808212995529,0.179250877553126,0,0,0,0,0,0,0,0,0,0,0,0.423291759939217,0.412239058659627,0.381416849792004,0,0,0,0,0,0,0,0,0,0,0,0,0,0,0,0,0,0,0,0,0,0,0,0,0,0.209071158922167,0.276614876267941,0,0.264432097949014,0,0,0,0.160053658950296,0,0,0,0
