0,0,83.0336181223392,0,0,0,0,0,224.314573168755,0,0,0,0,0,11.1600620746613,0,3.12481400370598,0.756490588188171,108.557405039668,0,0,0,0,0,0,0,0,0,0,0,0,0,0,0,0,0,1.02457698434591,0,2.874163210392,0,1.79044239223003,0.192931041121483,16.2509088516235,0,0,0,129.199858538806,2.2288763076067,143.490228250623,0,0,0,0,0,19.1932617127895,0,1.32911524176598,0,0,0,49.6970285773277,0,0,1.11100292950869,0,0,0,0,0,0,0,0,0,10.7620912417769,0,0,0,0,0,279.775174759328,0,72.6491673216224,135.038476079702,0,193.720482431352,0,0
0,0,0,119.933606155217,0,0.125651404261589,0,0,0,239.493317514658,0,0,0,0,0,0,0,0,2.11420208215714,0,0,0,0,0,0,0,0,0,0,0,0,0,0,0,0,0,0,1.51187697052956,0,2.63618987053633,0,54.1634769439697,0,0,0,0.376590400934219,0,2.81858272850513,0,379.088148497045,0,0,0,0,0,425.884585112333,0,5.92921394109726,0,0,0,48.6575305461884,0,0,0,0,0,0,0,0,0,0,1.63910023868084,0,0,0,0,0,23.2399502620101,0,6.51564666628838,0,203.374144926667,0.449864119291306,172.281659401953,0,0
83.0336181223392,0,0,0,9.65008401870728,0,0,0,7.18896129727364,0,0,0,0,0,0,0,0,0.167529881000519,0,0,0,0,0,0,0,0,0,0,0,0,0,0,0,0,0,0,0,0,0,0,0.341003850102425,0,18.4470967501402,0,0.67255100607872,0,4.05783525109291,0,356.544295161963,0,11.5759489536285,0,0,0,117.65982209146,0,0.373399332165718,0,15.1249018013477,0,90.7245765030384,0,0,0,0,0,0,0,0,0,0,0,0,0,0,0,0,0,0,0,0,0,26.6487881988287,0,170.072724506259,0,0
0,119.933606155217,0,0,0,142.750810801983,0,0,0,144.165229976177,0,0,0,0,0,0,0,1.06111603975296,0.70689445734024,25.1856890320778,0,0,0,0,0,0,0,0,0,0,0,0,0,0,0,7.80473083257675,0,0,0,4.98753651231527,0,90.0574648529291,0,0,0,13.1300298795104,1.90381990373135,1.32152312994003,0.749721542000771,194.30154056102,0,27.427828669548,0,0,0,291.472722247243,0,23.5973952114582,0,31.5550675988197,0,0,19.2267850190401,0,0,0,0,0,0,0,0,0,2.52854643762112,0,0,0,0.276982545852661,0,2.73677277565002,0,0.115603439509869,0,254.817424342036,0.136016651988029,391.015390940011,1.14057710766792,0
0,0,9.65008401870728,0,0,0,99.2615973949432,0,82.0944638252258,0,0,0,0,0,17.1958280801773,0,0,0,0,0,0,0,0,0,0,0,0,0,0,0,0,0,0,0,0,0,0,0,0,0,0,0,0,0,0,0,0,0,0.25764325261116,0,1334.49175918102,0,94.6972954273224,0,56.7853246927261,0,1.4748794734478,0,9.38998103141785,0,208.250099599361,0,0,0.564676582813263,0,0,0,0,0,0,0,0,0,0.224726349115372,0,0,0,0,0,0,0,0,432.911990106106,20.6455475091934,2.04667422175407,0,0
0,0.125651404261589,0,142.750810801983,0,0,0,53.1824666261673,0,285.047947824001,0,6.14163684844971,0,3.68168914318085,0,0,0,0,0,130.36756169796,0,0,0,0,0,0,0,0,0,0,0,0,0,0,0,27.967653632164,0,0,0,0,0,7.88483122736216,0,0,0,0.568663597106934,0,0,0,1.04664115607738,0,1672.4514349699,0,92.3063876628876,0,339.754034876823,0,102.405801557004,0,12.2378689050674,0,43.0298638343811,7.89153879880905,0,0,0,0,0,0,0,0,0,0,0,0,0,0,0,0,0,0,0,1016.96814763546,121.835216522217,127.136205986142,0,0
0,0,0,0,99.2615973949432,0,0,0,0,0,18.426400244236,0,187.78056448698,0,0,0,0,0,0,0,0,0,0,0,0,0,0,0,0,0,0,0,0,0,0,0,0,0,0,0,0,0,0,0,0,0,0,0,0,0,6.94366097450256,0,351.35009342432,0,0,0,50.0527184605598,0,175.0528254807,0,0,0,0,0,0,0,0,0,0,0,0,0,0,0,0,0,0,0,0,0,0,0,0,0,0,0,0
0,0,0,0,0,53.1824666261673,0,0,0,0,0,0,0,2,0,0,0,0,0,328.106796562672,0,0,0,0,0,0,0,0,0,0,0,0,0,0,0,0,0,0,0,0,0,0,0,0,0,0,0,0,0,0,0,63.7100541591644,0,898.118199944496,0,0,0,239.587248146534,0,0,0,0,0,0,0,0,0,0,0,0,0,0,0,0,0,0,0,0,0,0,0,0,263.921970069408,7.22812652587891,0,0,0
224.314573168755,0,7.18896129727364,0,82.0944638252258,0,0,0,0,0,0,0,0,0,46.9920229911804,0,11.69351375103,0,1.18349134922028,0,0,0,0,0,0,0,20.8738355636597,0,0,0,0,0,0,0,0,0,0,0,3.6886962801218,0,0,0,2.37416654825211,0,0,0,0,0,28.6795967519283,0,0,0,0,0,373.047013700008,0,0,0,0,0,158.603500127792,0,0,0,0,0,0,8.2456591129303,0,13.758252620697,0,0,0,0,0,0,0,0,0,0,0,12.0692823529243,34.6665218919516,32.4571450948715,74.844829916954,0,0
0,239.493317514658,0,144.165229976177,0,285.047947824001,0,0,0,0,0,0,0,0,0,62.5511342287064,0,9.94559013843536,0.943086445331573,3.28611558675766,0,0,0,62.2391020059586,0,62.7024366855621,0,0,0,0,0,0,0,0,0,0,0,17.4570888578892,0,0,0,13.2412381842732,0,0,0,2.19732916355133,0,3.76539815962315,0,22.6164657622576,0,0,0,0,0,676.847243487835,0,1.1558073759079,0,0,0,69.4574216604233,0,0,0,0,65.0978139638901,0,51.3432104587555,0,0,0,0.509655065834522,0,0,0,0,0,0,0,29.2245031744242,0,856.072166711092,147.263494133949,93.6748733818531,0.318298012018204,0
0,0,0,0,0,0,18.426400244236,0,0,0,0,0,300.421955347061,0,0,0,0,0,0,0,389.268704980612,0,0,0,0,0,0,0,217.061208486557,0,3.74511435627937,0,0,0,0,0,739.30620315671,0,3114.95766678452,0,0,0,0,0,0,0,0,0,0,0,0.84559291601181,0,28.9678426384926,0,0,0,737.604935228825,0,245.569432616234,0,0,0,0,372.261436343193,0,0,0,0,0,0,0,0,0,0,0,0,0,0,0,311.801229298115,0,673.243450373411,169.514181256294,3,0,0,0
0,0,0,0,0,6.14163684844971,0,0,0,0,0,0,0,130.411136269569,0,0,0,0,0,1170.47305247188,0,0,0,0,0,0,0,24.5038301944733,0,12.344863653183,0,0,0,0,0,177.419593006372,0,1914.37039658427,0,0,0,0,0,0,0,0,0,0,0,0,0,5.36151659488678,0,9.86177086830139,0,0,0,1678.2646536231,0,110.076922655106,0,0,101.273426234722,0,0,0,0,0,0,0,2.94082951545715,0,57.8360157012939,0,0,0,0,0,17.3954907357693,0,457.555653750896,0,443.532976001501,0,7.63918769359589,0,0
0,0,0,0,0,0,187.78056448698,0,0,0,300.421955347061,0,0,0,117.628448843956,0,0,0,0,0,0,0,0,0,0,0,0,0,0,0,0,0,0,0,0,0,0,0,0,0,0,0,0,0,0,0,0,0,0,0,0,0,6.8434271812439,0,0,0,163.629280149937,0,427.200453236699,0,31.4682468771935,0,0,0,0,0,0,0,0,0,0,0,0,0,0,0,0,0,0,0,0,0,0.511096358299255,6.61098408699036,0,0,0
0,0,0,0,0,3.68168914318085,0,2,0,0,0,130.411136269569,0,0,0,52.1700729131699,0,0,0,2.9387629032135,0,0,0,0,0,0,0,22.511625289917,0,13.9705771207809,0,0,0,0,0,0,0,0,0,0,0,0,0,0,0,0,0,0,0,0,0,0,0,1.69484972953796,0,0,0,3.14746737480164,0,1169.94524890184,0,213.654704809189,2.45272207260132,0,0,0,0,0,0,0,96.8370378017426,0,0,0,0,0,0,0,0,0,0,0,287.499184727669,281.668133497238,0,0,0
11.1600620746613,0,0,0,17.1958280801773,0,0,0,46.9920229911804,0,0,0,117.628448843956,0,0,0,17.4041508436203,0,0,0,0,0,0,0,0,0,0,0,66.1851606369019,0,0,0,0,0,0,0,0,0,0,0,0,0,0,0,0,0,0,0,0,0,0,0,0,0,24.6002346277237,0,0,0,2.06909011304379,0,279.357225701213,0,0,0,0,0,0,0,0,0,0,0,0,0,0,0,0,0,0,0,0,0,38.6393238306046,0,0,0,0
0,0,0,0,0,0,0,0,0,62.5511342287064,0,0,0,52.1700729131699,0,0,0,289.771116346121,0,0,0,0,0,0,0,2.28653168678284,0,88.2921552658081,0,0,0,0,0,0,0,0,0,0,0,0,0,0,0,0,0,0,0,0,0,0,0,0,0,0,0,11.7175102829933,0,0,0,0,0,199.257500350475,0,0,0,0,0,0,7.45093464851379,0,0,0,0,0,0,0,0,0,0,0,0,0,133.677709758282,10.7761790752411,0,0,0
3.12481400370598,0,0,0,0,0,0,0,11.69351375103,0,0,0,0,0,17.4041508436203,0,0,14963.0099996179,4756.90459136665,0,0,3.15083026885986,236.757306188345,0,1.55118089914322,0,25.4357522726059,0,0,0,0,0,0,0,0,6.65095010399818,1.09786787629128,6.85359981656075,3.38031429052353,19.6154469847679,23.8489656224847,94.1242554187775,236.842779904604,1.06325043737888,0.848830014467239,9.86710040271282,91.7987214922905,0,0,0.49980167299509,0,0,0,0,0,0,3.48801579326391,0.137299999594688,0,0,0.413310170173645,0,1.86744837462902,0.742271527647972,0,0,0,0,0,0,0,0,0.773161485791206,17.133129119873,0,0,0,0,129.336782082915,247.211735472083,35.222222968936,175.424274682999,6799.89540521801,282.31147095561,206.523069217801,0,5.77295915782452
0.756490588188171,0,0.167529881000519,1.06111603975296,0,0,0,0,0,9.94559013843536,0,0,0,0,0,289.771116346121,14963.0099996179,0,4305.8998144865,0,0,83.513435959816,32.3695814907551,20.828628718853,0,335.93947994709,0,0,0,0,0,0,0,0,0,7.58299155533314,0,12.7174842506647,0,31.1860198229551,9.51639345288277,286.475277140737,95.498885974288,1.66829259693623,0,12.982176952064,41.107783600688,0.198406249284744,0,1.15578693151474,0,0,0,0,0,0.188442558050156,0.280371926724911,3.12148027867079,0,0,0,5.03851896524429,3.82300119847059,0.326476395130157,0,0,0,0,46.9589626789093,0,0,0,6.74532752484083,4.31873778998852,0,0,0,0,236.16179163754,114.244275815785,116.916949421167,62.799311876297,5763.41555389017,285.560118198395,143.48055537045,4.53802052140236,0.161980986595154
108.557405039668,2.11420208215714,0,0.70689445734024,0,0,0,0,1.18349134922028,0.943086445331573,0,0,0,0,0,0,4756.90459136665,4305.8998144865,0,0,0,0,12.2834786325693,0,0,0,0,0,0,0,0,0,0,0,0,93.6411208584905,3.65170416235924,92.0302568823099,8.35382837057114,325.629128322005,161.363663718104,609.369899816811,516.856869123876,12.1046564877033,0,272.143466353416,928.169017329812,1.49925068020821,0,14.81340020895,0,0,0,0,0,1.04628218710423,18.6879029050469,10.0589821264148,3.194655418396,0,0,0,105.620655529201,8.59683319926262,0,0,0,0,0,0,0,0,34.0982206612825,61.7265557423234,0,0,0,0,2820.58803710341,1349.14689871669,781.432205364108,558.182975426316,4602.13336510956,11.2488616704941,1879.17671969533,15.7643079310656,14.3243720456958
0,0,0,25.1856890320778,0,130.36756169796,0,328.106796562672,0,3.28611558675766,0,1170.47305247188,0,2.9387629032135,0,0,0,0,0,0,0,0,0,0,0,0,0,0,0,0,0,0,0,0,0,663.023091137409,0,5.5671414732933,0,0,0,0,0,0,0,0,0,0,0,0,0,92.6148538589478,0,34.3261671066284,0,19.1905735433102,0,738.415533304214,0,7.13030910491943,0,0,2006.42506170273,0,0,0,0,0,0,0,0,0,0,0,0,0,0,0,112.128498271108,0,79.3796690404415,0,93.854538410902,0,255.483764767647,0,0
0,0,0,0,0,0,0,0,0,0,389.268704980612,0,0,0,0,0,0,0,0,0,0,0,0,0,0,0,0,0,0,0,0,0,0,0,0,0,1295.89092160761,0,13.7487536072731,0,3.28926062583923,0,0,0,0,0,0.147611632943153,0,0,0,113.783130675554,0,34.2627903223038,0,0,0,520.759477421641,0,6.23961724340916,0,0,0,0,662.543200954795,0,0,0,0,0,0,0,0,0,12.0457384735346,0,0,0,0,0,541.199911653996,0,254.487009644508,263.434225961566,1.73701465129852,26.9675939977169,0,0
0,0,0,0,0,0,0,0,0,0,0,0,0,0,0,0,3.15083026885986,83.513435959816,0,0,0,0,81.4564616084099,56.0147699713707,0,113.913363456726,0,27.3213310241699,0,0,0,0,0,0,0,0,0,1749.19623696804,0,0,0,0,0,0,0,0,0,0,0,1.11587333679199,0,0,0,0,0,0,0,0,0,0,0,0,0,0,2646.60397256911,38.9878746271133,22.8478093147278,0,0,0,0,0,0,0,0,0,0,0,0,0,619.622678816319,0,1217.3544100821,390.009851366282,0,0,0
0,0,0,0,0,0,0,0,0,0,0,0,0,0,0,0,236.757306188345,32.3695814907551,12.2834786325693,0,0,81.4564616084099,0,0,0,0,255.347390174866,0,379.181730151176,0,0,0,0,0,0,0,0,0,221.87211805582,0,0,0,0.134031981229782,0,0,0,0.249862194061279,0,0,0,0,0,0,0,0,0,0,0,0,0,0,0,0,0,0,2248.31999091804,0,0,0,311.263021528721,0,2.1520890891552,0,0,0,0,0,0,0.288143306970596,0.397621214389801,0,384.087852671742,1265.54661986232,822.297900915146,0,0,0
0,0,0,0,0,0,0,0,0,62.2391020059586,0,0,0,0,0,0,0,20.828628718853,0,0,0,56.0147699713707,0,0,0,69.2423839569092,0,0,0,0,0,0,0,0,0,0,0,858.520519435406,0,0,0,0,0,0,0,0,0,0,0,0,0,0,0,0,0,0,0,0,0,0,0,0,0,0,92.1114166080952,0,683.924123823643,0,10.1386017799377,0,0,0,0,0,0,0,0,0,0,0,200.547304928303,0,201.228777110577,12.8636133670807,0,0,0
0,0,0,0,0,0,0,0,0,0,0,0,0,0,0,0,1.55118089914322,0,0,0,0,0,0,0,0,0,99.1774163246155,0,0,0,0,0,0,0,0,0,0,0,383.493246346712,0,0,0,0,0,0,0,0,0,174.505628824234,0,0,0,0,0,8.52338564395905,0,0,0,0,0,0,0,0,0,0,34.3272548019886,0,71.7343655526638,0,267.997671604156,0,6.50271809101105,0,0,0,0,0,0,0,0,0,221.09151135385,56.142451107502,0,29.8736681342125,0,0
0,0,0,0,0,0,0,0,0,62.7024366855621,0,0,0,0,0,2.28653168678284,0,335.93947994709,0,0,0,113.913363456726,0,69.2423839569092,0,0,0,0,0,0,0,0,0,0,0,0,0,0,0,0,0,0,0,0,0,0,0,0,0,0,0,0,0,0,0,0,0,0,0,0,0,5.8081533908844,0,0,66.1717680096626,0,5.0671204328537,0,126.445118904114,0,0,0,0,0,0,0,0,0,0,0,0,0,71.6146582365036,0,0,0,0
0,0,0,0,0,0,0,0,20.8738355636597,0,0,0,0,0,0,0,25.4357522726059,0,0,0,0,0,255.347390174866,0,99.1774163246155,0,0,0,1,0,0,0,0,0,0,0,0,0,0,0,0,0,0,0,0,0,0,0,0,0,0,0,0,0,13.4147410392761,0,0,0,0,0,0,0,0,0,0,10.9435139894485,0,1,0,68.1197800636292,0,0,0,0,0,0,0,0,0,0,0,0,97.9451256394386,0,0,0,0
0,0,0,0,0,0,0,0,0,0,0,24.5038301944733,0,22.511625289917,0,88.2921552658081,0,0,0,0,0,27.3213310241699,0,0,0,0,0,0,0,1478.34545242786,0,0,0,0,0,0,0,63.9697507023811,0,0,0,0,0,0,0,0,0,0,0,0,0,0,0,0,0,0,0,0,0,0,0,4.96697974205017,0,0,52.487644970417,0,0,0,412.137394189835,0,1164.81181374192,0,164.943524181843,0,0,0,0,0,0,0,291.887391120195,0,98.9445387125015,1,0,0,0
0,0,0,0,0,0,0,0,0,0,217.061208486557,0,0,0,66.1851606369019,0,0,0,0,0,0,0,379.181730151176,0,0,0,1,0,0,0,461.378675878048,0,0,0,0,0,0,0,120.889410853386,0,0,0,0,0,0,0,0,0,0,0,0,0,0,0,0,0,34.701379776001,0,0,0,0,0,0,0,0,0,0,0,0,0,0,42.4919902086258,0,274.258655667305,0,0,0,0,0,0,0,1,2.71686720848083,12.5858557224274,0,0,0
0,0,0,0,0,0,0,0,0,0,0,12.344863653183,0,13.9705771207809,0,0,0,0,0,0,0,0,0,0,0,0,0,1478.34545242786,0,0,0,0,0,0,0,0,0,641.21618437767,0,0,0,0,0,0,0,0,0,0,0,0,0,0,0,0,0,0,0,0,0,0,0,0,0,0,0,0,0,0,0,0,2962.64493370056,0,620.221175551414,0,0,0,0,0,0,0,150.268526673317,0,287.86341881752,0,0,0,0
0,0,0,0,0,0,0,0,0,0,3.74511435627937,0,0,0,0,0,0,0,0,0,0,0,0,0,0,0,0,0,461.378675878048,0,0,0,0,0,0,0,0,0,515.244513690472,0,0,0,0,0,0,0,0,0,0,0,0,0,0,0,0,0,30.3569568097591,0,0,0,0,0,0,0.249634370207787,0,0,0,0,0,0,0,6,0,275.5047981143,0,0,0,0,0,0,0,416.721532672644,8.55714464187622,1,0,0,0
0,0,0,0,0,0,0,0,0,0,0,0,0,0,0,0,0,0,0,0,0,0,0,0,0,0,0,0,0,0,0,0,558.687957555056,11.9768163561821,0.224716857075691,483.577336594462,7.80742418766022,0,0,0,0,0,0,0,0,0,0,1798.23456843197,0,0,0,0,0,0,0,0,0,0,0,0,0,0,0,0,0,0,0,0,0,0,0,0,0,0,1446.58023995161,199.490635246038,37.428155079484,0.278363645076752,225.29089923203,30.7852033078671,0,0,222.72383390367,0,0,0,0
0,0,0,0,0,0,0,0,0,0,0,0,0,0,0,0,0,0,0,0,0,0,0,0,0,0,0,0,0,0,0,558.687957555056,0,7.23808193206787,34.9288370907307,17.3709667026997,285.350388944149,0,0,0,0,0,0,0,0,0,0,611.722973525524,0,0,0,0,0,0,0,0,0,0,0,0,0,0,0,0,0,0,0,0,0,0,0,0,0,0,303.941764324903,2393.43869259953,0,44.0894205570221,83.9951968193054,305.096906751394,0,0,120.26793551445,0,0,0,0
0,0,0,0,0,0,0,0,0,0,0,0,0,0,0,0,0,0,0,0,0,0,0,0,0,0,0,0,0,0,0,11.9768163561821,7.23808193206787,0,2421.88134211302,730.224786162376,0,836.178020000458,70.2179650068283,0,0,0,0,0,0,0,0,4482.74374425411,16.6373254358768,9.77543920278549,0,0,0,0,0,0,0,0,0,0,0,0,0,0,0,0,0.35810786485672,0,0,0,0,0,0,0,29.9329103827477,0,1609.12792147696,2416.20910066366,303.525055557489,0,406.986248970032,47.3953320086002,998.759116947651,39.4963782727718,12.3195784986019,0,0
0,0,0,0,0,0,0,0,0,0,0,0,0,0,0,0,0,0,0,0,0,0,0,0,0,0,0,0,0,0,0,0.224716857075691,34.9288370907307,2421.88134211302,0,0,633.784157380462,11.9889960289001,272.026976555586,0,0,0,0,0,0,0,0,314.226991757751,80.3838742375374,0,0,0,0,0,0,0,0,0,0,0,0,0,0,0,0,0,0,0,0,0,0,0,0,0,1.06649294495583,301.155088379979,372.632585525513,1808.38574160635,16.5296241343021,397.56007707119,0,2216.31810162961,163.887408256531,0,0.916523635387421,0,0
0,0,0,7.80473083257675,0,27.967653632164,0,0,0,0,0,177.419593006372,0,0,0,0,6.65095010399818,7.58299155533314,93.6411208584905,663.023091137409,0,0,0,0,0,0,0,0,0,0,0,483.577336594462,17.3709667026997,730.224786162376,0,0,2309.50784996152,5145.00707545877,101.440434724092,43.2446636930108,0.981590837240219,75.3302975669503,1.34747505187988,0,0,35.4148680642247,0,571.430217638612,0,23.7834467291832,0.230020731687546,3.95079505443573,0,0,0,1.71097779273987,0,130.734256953001,0,1.14901316165924,0,0,2758.9561945796,0,0,0,0,0,0,0,0,0,0,0,477.264348000288,29.1301268339157,508.50045338273,0,23695.7642019987,697.799734652042,1463.55092294514,5.5860715508461,1799.33714286238,430.461274012923,309.41280708462,1.14510513842106,0
1.02457698434591,0,0,0,0,0,0,0,0,0,739.30620315671,0,0,0,0,0,1.09786787629128,0,3.65170416235924,0,1295.89092160761,0,0,0,0,0,0,0,0,0,0,7.80742418766022,285.350388944149,0,633.784157380462,2309.50784996152,0,43.1229104995728,3715.38060362637,0,5.40514376759529,0.653313100337982,0.463951826095581,0,0,0.702012717723846,3.78849059343338,212.22496175766,0.292959332466125,0,5.09737546741962,0,0,0,0,0,419.153136730194,0,1.99940250813961,0,0,0,0,891.198421239853,0,0,0,0,0,0,0,0,0,0,1.50478388369083,582.211673364043,0,201.416649386287,1093.61289459467,23778.6791192144,0,409.835641026497,1812.61433020979,436.38636225462,159.076944023371,0,0
0,1.51187697052956,0,0,0,0,0,0,0,17.4570888578892,0,1914.37039658427,0,0,0,0,6.85359981656075,12.7174842506647,92.0302568823099,5.5671414732933,0,1749.19623696804,0,858.520519435406,0,0,0,63.9697507023811,0,641.21618437767,0,0,0,836.178020000458,11.9889960289001,5145.00707545877,43.1229104995728,0,440.396779417992,4.03264276683331,0,76.7477738037705,0,0,0,46.4390669986606,0,1031.53378561139,0,13.7962380200624,0,0,0,0,0,34.9741320163012,0,2341.12359338999,0,0,0,0,91.0848731547594,0,625.660287618637,0,90.5264215618372,0,0,0,26.0122322291136,0,1809.19652840495,0,0,0,302.506449788809,7.38113355636597,2671.68627631664,0,11391.9895239323,1595.79313626885,2399.81747002155,334.853432968259,134.048273816705,9.16454102098942,0
2.874163210392,0,0,0,0,0,0,0,3.6886962801218,0,3114.95766678452,0,0,0,0,0,3.38031429052353,0,8.35382837057114,0,13.7487536072731,0,221.87211805582,0,383.493246346712,0,0,0,120.889410853386,0,515.244513690472,0,0,70.2179650068283,272.026976555586,101.440434724092,3715.38060362637,440.396779417992,0,0,0,1.10634744167328,23.1320762187243,0,0,0.205808535218239,7.18804880231619,1198.4615855515,133.8311393857,0,0,0,0,0,2.54077106714249,0,1650.10353431106,0,0,0,0,0,0,149.36843457818,0,269.64264048636,0,167.981232449412,0,0.390046834945679,0,4.11844851076603,0,82.9872115254402,0,0,6.87906455993652,54.6391843855381,26.1322965025902,4723.01790256053,69.033710360527,13127.9579011202,1866.49973449856,777.471425920725,115.159368686378,0,0
0,2.63618987053633,0,4.98753651231527,0,0,0,0,0,0,0,0,0,0,0,0,19.6154469847679,31.1860198229551,325.629128322005,0,0,0,0,0,0,0,0,0,0,0,0,0,0,0,0,43.2446636930108,0,4.03264276683331,0,0,0,311.21354945004,1.51941654831171,2.67442560195923,0,93.8685355111957,2.1458121240139,211.066290229559,0,932.563455604017,0,0,0,0,0,2.70255666226149,0,4.00777634233236,0,0,0,0,205.389210067689,0,0,0,0,0,0,0,0,0,2.30490338802338,0.490929789841175,0,0,0,0,568.837648697197,3.33643120527267,30.1210881844163,0.163569048047066,70.9375870749354,21.4962558597326,1452.05302194506,1.6762934923172,0
1.79044239223003,0,0.341003850102425,0,0,0,0,0,0,0,0,0,0,0,0,0,23.8489656224847,9.51639345288277,161.363663718104,0,3.28926062583923,0,0,0,0,0,0,0,0,0,0,0,0,0,0,0.981590837240219,5.40514376759529,0,0,0,0,2.29841774702072,356.146079994738,0,1.05987030267715,0.902175307273865,303.098551519215,57.8859972655773,136.436334311962,0,0,0,0,0,0.423235341906548,0,1.98677944391966,0,0.560743600130081,0,0.200865164399147,0,0,314.471242070198,0,0,0,0,0,0,0,0,0,9.61387003958225,0,0,0,0,3.32809762656689,1431.32105186582,0,39.3770347163081,50.9156127944589,0.185552671551704,1190.28899744898,0,12.3088563084602
0.192931041121483,54.1634769439697,0,90.0574648529291,0,7.88483122736216,0,0,0,13.2412381842732,0,0,0,0,0,0,94.1242554187775,286.475277140737,609.369899816811,0,0,0,0,0,0,0,0,0,0,0,0,0,0,0,0,75.3302975669503,0.653313100337982,76.7477738037705,1.10634744167328,311.21354945004,2.29841774702072,0,203.255198910832,6.80972427129745,0,115.556113049388,5.38866083323956,286.631295725703,0,378.306514419615,0,0.228679358959198,0,0,0,39.8805727362633,0.539706408977509,382.594126336277,0,0,0,0,82.011956974864,0,0,0,0,0,0,0,2.22267359495163,0,494.443810209632,0.152022361755371,0,0,0,0,3047.759823367,10.7824636846781,1175.37776404619,1.7593657374382,1060.34911657125,37.6690257787704,3619.21295319498,138.609890416265,0.315341636538506
16.2509088516235,0,18.4470967501402,0,0,0,0,0,2.37416654825211,0,0,0,0,0,0,0,236.842779904604,95.498885974288,516.856869123876,0,0,0,0.134031981229782,0,0,0,0,0,0,0,0,0,0,0,0,1.34747505187988,0.463951826095581,0,23.1320762187243,1.51941654831171,356.146079994738,203.255198910832,0,0,28.6553766429424,0.610902890563011,359.204182676971,112.454855129123,367.600715130568,0.354211628437042,8.35554929077625,0,0,0,32.3446134179831,0,528.489434689283,0,10.447576507926,0,8.72626151144505,0,1.10782647132874,2.15672996640205,0,0,0,0,0,0,0,2.3538174778223,0,584.73982091248,0,0,0,2.44739267230034,7.84109296649694,3007.77341230959,1.89775288105011,1180.7252273038,698.860161282122,25.8785967677832,5520.23052193969,0.440191105008125,194.180685371161
0,0,0,0,0,0,0,0,0,0,0,0,0,0,0,0,1.06325043737888,1.66829259693623,12.1046564877033,0,0,0,0,0,0,0,0,0,0,0,0,0,0,0,0,0,0,0,0,2.67442560195923,0,6.80972427129745,0,0,0,0.20546281337738,0.238714084029198,0,0,0.814399138092995,0,0,0,0,0,0,0,0,0,0,0,0,1.30621592700481,0,0,0,0,0,0,0,0,0,0,0,0,0,0,0,2.37267175316811,0,0,0,6.14344366639853,0,17.8419455736876,0,0
0,0,0.67255100607872,0,0,0,0,0,0,0,0,0,0,0,0,0,0.848830014467239,0,0,0,0,0,0,0,0,0,0,0,0,0,0,0,0,0,0,0,0,0,0,0,1.05987030267715,0,28.6553766429424,0,0,0,12.4086395949125,0,0,0,0.23313507437706,0,0,0,0,0,0.483461871743202,0,0,0,0,0,0,0,0,0,0,0,0,0,0,0,0,1.21921634674072,0,0,0,0,0,8.40945681929588,0,1.19469101727009,26.9498651325703,0,51.5807755514979,0,0.19755794107914
0,0.376590400934219,0,13.1300298795104,0,0.568663597106934,0,0,0,2.19732916355133,0,0,0,0,0,0,9.86710040271282,12.982176952064,272.143466353416,0,0,0,0,0,0,0,0,0,0,0,0,0,0,0,0,35.4148680642247,0.702012717723846,46.4390669986606,0.205808535218239,93.8685355111957,0.902175307273865,115.556113049388,0.610902890563011,0.20546281337738,0,0,61.8603736460209,1.92762453854084,1.30946207046509,28.3907230719924,0,0,0,0,0,5.28250098228455,0.981956481933594,3.99457141757011,0.762855768203735,0,0,0,587.692281022668,0,0,0,0,0,0,0,0,0,4.61312071233988,0.115353718400002,0,0,0,0,614.708782300353,2.2742395401001,778.257042117417,0.48860028386116,75.5698762834072,5.48153012990952,835.520515687764,0.479349792003632,0
129.199858538806,0,4.05783525109291,1.90381990373135,0,0,0,0,0,0,0,0,0,0,0,0,91.7987214922905,41.107783600688,928.169017329812,0,0.147611632943153,0,0.249862194061279,0,0,0,0,0,0,0,0,0,0,0,0,0,3.78849059343338,0,7.18804880231619,2.1458121240139,303.098551519215,5.38866083323956,359.204182676971,0.238714084029198,12.4086395949125,61.8603736460209,0,0,18.2639079391956,0,0.21393121778965,0,0,0,6.0876292437315,0,38.8040010407567,0,6.09704482555389,0,3.94780793786049,0,0,119.303694210947,0,0,0,0,0,0,0,0,0.366218388080597,29.0323885083199,0,0,0,0,2.29432143270969,686.22360162437,2.19695815443993,177.039783991873,292.172734342515,0.746273815631866,1351.66766404361,0,1.53442192077637
2.2288763076067,2.81858272850513,0,1.32152312994003,0,0,0,0,0,3.76539815962315,0,0,0,0,0,0,0,0.198406249284744,1.49925068020821,0,0,0,0,0,0,0,0,0,0,0,0,1798.23456843197,611.722973525524,4482.74374425411,314.226991757751,571.430217638612,212.22496175766,1031.53378561139,1198.4615855515,211.066290229559,57.8859972655773,286.631295725703,112.454855129123,0,0,1.92762453854084,0,0,1748.2072571367,408.318775698543,0.280077308416367,0,0,0,0,24.8666620701551,1.76670424640179,0.302772089838982,0,0,0,0,0,0,0,0.451970711350441,48.3923346400261,1.09025800228119,0,0,0,0.301997721195221,0,0.730382800102234,1204.4911954999,4498.89371332526,981.313575714827,2071.0181337893,4445.27576962858,3338.40251271427,435.111131727695,2339.7801450938,1296.34108481556,1.95479963719845,1322.63528356701,1.2215331196785,0
143.490228250623,0,356.544295161963,0.749721542000771,0.25764325261116,0,0,0,28.6795967519283,0,0,0,0,0,0,0,0,0,0,0,0,0,0,0,174.505628824234,0,0,0,0,0,0,0,0,16.6373254358768,80.3838742375374,0,0.292959332466125,0,133.8311393857,0,136.436334311962,0,367.600715130568,0,0,1.30946207046509,18.2639079391956,1748.2072571367,0,38.1707802116871,10.0371755063534,0,0,0,29.5905569344759,0,74.4224858954549,0,18.3737055063248,0,32.101745441556,0,0,0.33160999417305,0,80.7734341323376,0,159.236213967204,0,21.3181195110083,0,19.7323287427425,0,12.3916083872318,0,47.728596329689,0.499864816665649,40.9692364037037,0,276.026129871607,0,358.590406320989,209.249591633677,1.28245693445206,1587.85916623473,0,0.176599204540253
0,379.088148497045,0,194.30154056102,0,1.04664115607738,0,0,0,22.6164657622576,0,0,0,0,0,0,0.49980167299509,1.15578693151474,14.81340020895,0,0,1.11587333679199,0,0,0,0,0,0,0,0,0,0,0,9.77543920278549,0,23.7834467291832,0,13.7962380200624,0,932.563455604017,0,378.306514419615,0.354211628437042,0.814399138092995,0,28.3907230719924,0,408.318775698543,38.1707802116871,0,0,0,0,0,0.213888421654701,132.821639627218,0,114.378606751561,0,12.2645127475262,0.402957141399384,0,0,0,2.34325060248375,0,7.79117524623871,0,24.5213540047407,0,194.157207429409,0,159.028652176261,0,9.34570449590683,0,8.05082386732101,0,1086.95699302852,0,157.174699291587,0,244.231274604797,45.4179742336273,1418.27202790976,12.0189176052809,0
0,0,11.5759489536285,0,1334.49175918102,0,6.94366097450256,0,0,0,0.84559291601181,0,0,0,0,0,0,0,0,0,113.783130675554,0,0,0,0,0,0,0,0,0,0,0,0,0,0,0.230020731687546,5.09737546741962,0,0,0,0,0,8.35554929077625,0,0.23313507437706,0,0.21393121778965,0.280077308416367,10.0371755063534,0,0,0,0,0,1.48253829777241,0,10.306058511138,0,20.8582973778248,0,9.02122282981873,0,0,115.042685434222,0,0,0,0,0,0,0,0,0,0,0,0,0,0,0,13.3712433874607,0,0.159414157271385,88.8923796713352,1.62688513100147,153.648978322744,0,0.792030960321426
0,0,0,27.427828669548,0,1672.4514349699,0,63.7100541591644,0,0,0,5.36151659488678,0,0,0,0,0,0,0,92.6148538589478,0,0,0,0,0,0,0,0,0,0,0,0,0,0,0,3.95079505443573,0,0,0,0,0,0.228679358959198,0,0,0,0,0,0,0,0,0,0,0,0,0,40.0451583862305,0,61.8153632879257,0,6.77422797679901,0,27.970219373703,12.2105864882469,0,0,0,0,0,0,0,0,0,0,0,0,0,0,0,0,0,0,0,911.688239425421,74.0394771695137,9.94241170585155,0,0
0,0,0,0,94.6972954273224,0,351.35009342432,0,0,0,28.9678426384926,0,6.8434271812439,0,0,0,0,0,0,0,34.2627903223038,0,0,0,0,0,0,0,0,0,0,0,0,0,0,0,0,0,0,0,0,0,0,0,0,0,0,0,0,0,0,0,0,0,0,0,129.370139837265,0,7.99476492404938,0,0,0,0,0,0,0,0,0,0,0,0,0,0,0,0,0,0,0,0,0,0,0,226.941726565361,6.91347312927246,0,0,0
0,0,0,0,0,92.3063876628876,0,898.118199944496,0,0,0,9.86177086830139,0,1.69484972953796,0,0,0,0,0,34.3261671066284,0,0,0,0,0,0,0,0,0,0,0,0,0,0,0,0,0,0,0,0,0,0,0,0,0,0,0,0,0,0,0,0,0,0,0,2.69889068603516,0,83.3241899609566,0,18.9452457427979,0,0,0,0,0,0,0,0,0,0,0,0,0,0,0,0,0,0,0,0,0,0,141.618496179581,0,0,0,0
19.1932617127895,0,117.65982209146,0,56.7853246927261,0,0,0,373.047013700008,0,0,0,0,0,24.6002346277237,0,0,0,0,0,0,0,0,0,8.52338564395905,0,13.4147410392761,0,0,0,0,0,0,0,0,0,0,0,2.54077106714249,0,0.423235341906548,0,32.3446134179831,0,0,0,6.0876292437315,0,29.5905569344759,0.213888421654701,1.48253829777241,0,0,0,0,0,4.46770189702511,0,0,0,27.0846620202065,0,0,0,0,0,0,215.286600768566,0,61.7065443992615,0,0,0,0.697103902697563,0,0,0,0,0,0,0,120.558604702353,8.261434674263,0,294.312628895044,0,0.809840798377991
0,425.884585112333,0,291.472722247243,0,339.754034876823,0,0,0,676.847243487835,0,0,0,0,0,11.7175102829933,0,0.188442558050156,1.04628218710423,19.1905735433102,0,0,0,0,0,0,0,0,0,0,0,0,0,0,0,1.71097779273987,0,34.9741320163012,0,2.70255666226149,0,39.8805727362633,0,0,0,5.28250098228455,0,24.8666620701551,0,132.821639627218,0,40.0451583862305,0,2.69889068603516,0,0,0,46.1782190352678,0,4.28481543064117,0,60.8092950582504,9.97697466611862,0,0,0,166.06252259016,0,0,0,0,0,0.476747803390026,0,0,0,0,0,0.239483393728733,0,72.8538328558207,0,209.894314289093,14.3938455581665,310.723928160965,0,0
1.32911524176598,0,0.373399332165718,0,1.4748794734478,0,50.0527184605598,0,0,0,737.604935228825,0,163.629280149937,0,0,0,3.48801579326391,0.280371926724911,18.6879029050469,0,520.759477421641,0,0,0,0,0,0,0,34.701379776001,0,30.3569568097591,0,0,0,0,0,419.153136730194,0,1650.10353431106,0,1.98677944391966,0.539706408977509,528.489434689283,0,0.483461871743202,0.981956481933594,38.8040010407567,1.76670424640179,74.4224858954549,0,10.306058511138,0,129.370139837265,0,4.46770189702511,0,0,0,609.275079116225,0,6.43606781959534,0,0,1033.8668885082,0,0,0,0,0,0,0,160.533143222332,0,1547.36664897203,0,0,0,0,0,15.2296970784664,0,706.162186987698,659.818844735622,11,1422.98796413839,0,167.667539179325
0,5.92921394109726,0,23.5973952114582,0,102.405801557004,0,239.587248146534,0,1.1558073759079,0,1678.2646536231,0,3.14746737480164,0,0,0.137299999594688,3.12148027867079,10.0589821264148,738.415533304214,0,0,0,0,0,0,0,0,0,0,0,0,0,0,0,130.734256953001,0,2341.12359338999,0,4.00777634233236,0,382.594126336277,0,0,0,3.99457141757011,0,0.302772089838982,0,114.378606751561,0,61.8153632879257,0,83.3241899609566,0,46.1782190352678,0,0,0,122.721451997757,0,0,564.650718599558,0,0,0,0,0,0,0,68.2814806699753,0,569.195949271321,0,0,0,0,0,11.6884434223175,0,233.616441816092,0,459.152460560203,0.267896950244904,995.42470125109,10.2803137898445,0
0,0,15.1249018013477,0,9.38998103141785,0,175.0528254807,0,0,0,245.569432616234,0,427.200453236699,0,2.06909011304379,0,0,0,3.194655418396,0,6.23961724340916,0,0,0,0,0,0,0,0,0,0,0,0,0,0,0,1.99940250813961,0,0,0,0.560743600130081,0,10.447576507926,0,0,0.762855768203735,6.09704482555389,0,18.3737055063248,0,20.8582973778248,0,7.99476492404938,0,0,0,609.275079116225,0,0,0,51.4167606830597,0,0,74.1304772049189,0,0,0,0,0,0,0,0,0,6.21792320907116,0,0,0,0,0,5.93493115901947,0,0,142.702672243118,1.83453212678432,262.149691358209,0,0
0,0,0,31.5550675988197,0,12.2378689050674,0,0,0,0,0,110.076922655106,0,1169.94524890184,0,0,0,0,0,7.13030910491943,0,0,0,0,0,0,0,0,0,0,0,0,0,0,0,1.14901316165924,0,0,0,0,0,0,0,0,0,0,0,0,0,12.2645127475262,0,6.77422797679901,0,18.9452457427979,0,4.28481543064117,0,122.721451997757,0,0,0,189.180505692959,3.30299639701843,0,0,0,0,0,0,0,156.777368962765,0,0,0,0,0,0,0,0,0,0,0,191.870287418365,36.1986730098724,2.77523809671402,0,0
49.6970285773277,0,90.7245765030384,0,208.250099599361,0,0,0,158.603500127792,0,0,0,31.4682468771935,0,279.357225701213,0,0.413310170173645,0,0,0,0,0,0,0,0,0,0,0,0,0,0,0,0,0,0,0,0,0,0,0,0.200865164399147,0,8.72626151144505,0,0,0,3.94780793786049,0,32.101745441556,0.402957141399384,9.02122282981873,0,0,0,27.0846620202065,0,6.43606781959534,0,51.4167606830597,0,0,0,0,0,0,0,0,0,0,83.3933564424515,0,11.4007812738419,0,4.95350766181946,0,0,0,0,0,0,0,0,0,0,98.8585517555475,0,0
0,48.6575305461884,0,0,0,43.0298638343811,0,0,0,69.4574216604233,0,0,0,213.654704809189,0,199.257500350475,0,5.03851896524429,0,0,0,0,0,0,0,5.8081533908844,0,4.96697974205017,0,0,0,0,0,0,0,0,0,0,0,0,0,0,0,0,0,0,0,0,0,0,0,27.970219373703,0,0,0,60.8092950582504,0,0,0,189.180505692959,0,0,0,0,0,0,0,0,0,0,0,0,0,0,0,0,0,0,0,0,0,0,179.710802137852,4.80209290981293,0,0,0
0,0,0,19.2267850190401,0,7.89153879880905,0,0,0,0,0,101.273426234722,0,2.45272207260132,0,0,1.86744837462902,3.82300119847059,105.620655529201,2006.42506170273,0,0,0,0,0,0,0,0,0,0,0,0,0,0,0,2758.9561945796,0,91.0848731547594,0,205.389210067689,0,82.011956974864,1.10782647132874,1.30621592700481,0,587.692281022668,0,0,0,0,0,12.2105864882469,0,0,0,9.97697466611862,0,564.650718599558,0,3.30299639701843,0,0,0,0,0,0,0,0,0,0,0,0,99.5758476853371,0,0,0,0,0,871.308009795845,0,1919.48268386722,0,44.8104011118412,0,1293.60745146871,0.156737059354782,0
1.11100292950869,0,0,0,0.564676582813263,0,0,0,0,0,372.261436343193,0,0,0,0,0,0.742271527647972,0.326476395130157,8.59683319926262,0,662.543200954795,0,0,0,0,0,0,0,0,0,0.249634370207787,0,0,0,0,0,891.198421239853,0,149.36843457818,0,314.471242070198,0,2.15672996640205,0,0,0,119.303694210947,0,0.33160999417305,0,115.042685434222,0,0,0,0,0,1033.8668885082,0,74.1304772049189,0,0,0,0,0,0,0,0,0,0,0,0,0,0,397.159939810634,0,0,0,0,0,1567.26465885341,0,2178.37327283621,606.678219616413,3.73247447609901,220.974263504148,0,0.690001785755157
0,0,0,0,0,0,0,0,0,0,0,0,0,0,0,0,0,0,0,0,0,2646.60397256911,0,92.1114166080952,0,66.1717680096626,0,52.487644970417,0,0,0,0,0,0,0,0,0,625.660287618637,0,0,0,0,0,0,0,0,0,0,0,2.34325060248375,0,0,0,0,0,0,0,0,0,0,0,0,0,0,0,0,35.3190352916718,0,0,0,130.202329158783,0,0,0,0,0,0,0,0,0,525.011362850666,0,349.18644040823,64.8119075298309,0,0,0
0,0,0,0,0,0,0,0,0,0,0,0,0,0,0,0,0,0,0,0,0,38.9878746271133,2248.31999091804,0,34.3272548019886,0,10.9435139894485,0,0,0,0,0,0,0,0,0,0,0,269.64264048636,0,0,0,0,0,0,0,0,0.451970711350441,80.7734341323376,0,0,0,0,0,0,0,0,0,0,0,0,0,0,0,0,0,0,58.8545639067888,0,9.82696788012981,0,265.943360924721,0,0,0,0,0,0,0,0,0,790.546770855784,296.096245273948,36.8346967101097,17.9948148429394,0,0
0,0,0,0,0,0,0,0,0,65.0978139638901,0,0,0,0,0,0,0,0,0,0,0,22.8478093147278,0,683.924123823643,0,5.0671204328537,0,0,0,0,0,0,0,0.35810786485672,0,0,0,90.5264215618372,0,0,0,0,0,0,0,0,0,48.3923346400261,0,7.79117524623871,0,0,0,0,0,166.06252259016,0,0,0,0,0,0,0,0,35.3190352916718,0,0,0,23.1786954402924,0,0,0,0,0,0,0,0,0,0,0,388.502461194992,0,127.064790248871,0,89.4057604372501,0,0
0,0,0,0,0,0,0,0,8.2456591129303,0,0,0,0,0,0,0,0,0,0,0,0,0,0,0,71.7343655526638,0,1,0,0,0,0,0,0,0,0,0,0,0,167.981232449412,0,0,0,0,0,0,0,0,1.09025800228119,159.236213967204,0,0,0,0,0,215.286600768566,0,0,0,0,0,0,0,0,0,0,58.8545639067888,0,0,0,80.2114442437887,0,1.38203701376915,0,0,0,0,0,0,0,0,0,462.563374325633,0.317389070987701,0,139.765495017171,0,0
0,0,0,0,0,0,0,0,0,51.3432104587555,0,0,0,0,0,7.45093464851379,0,46.9589626789093,0,0,0,0,0,10.1386017799377,0,126.445118904114,0,412.137394189835,0,0,0,0,0,0,0,0,0,0,0,0,0,0,0,0,0,0,0,0,0,24.5213540047407,0,0,0,0,0,0,0,0,0,0,0,0,0,0,0,0,23.1786954402924,0,0,0,19.9284269809723,0,0,0,0,0,0,0,0,0,0,0,9.09640979766846,0,0.952563211321831,0,0
0,0,0,0,0,0,0,0,13.758252620697,0,0,0,0,0,0,0,0,0,0,0,0,0,311.263021528721,0,267.997671604156,0,68.1197800636292,0,0,0,0,0,0,0,0,0,0,0,0.390046834945679,0,0,0,0,0,0,0,0,0,21.3181195110083,0,0,0,0,0,61.7065443992615,0,0,0,0,0,83.3933564424515,0,0,0,0,9.82696788012981,0,80.2114442437887,0,0,0,22.6996612250805,0,0,0,0,0,0,0,0,0,0,0,0,5.68227769434452,0,0
0,0,0,0,0,0,0,0,0,0,0,2.94082951545715,0,96.8370378017426,0,0,0,0,0,0,0,0,0,0,0,0,0,1164.81181374192,0,2962.64493370056,0,0,0,0,0,0,0,26.0122322291136,0,0,0,2.22267359495163,0,0,0,0,0,0,0,194.157207429409,0,0,0,0,0,0,0,68.2814806699753,0,156.777368962765,0,0,0,0,130.202329158783,0,0,0,19.9284269809723,0,0,0,263.444243133068,0,0,0,0,0,0,0,173.861033931375,0,0.786388576030731,0,0.203406870365143,0,0
0,0,0,0,0,0,0,0,0,0,0,0,0,0,0,0,0,0,0,0,0,0,2.1520890891552,0,6.50271809101105,0,0,0,42.4919902086258,0,6,0,0,0,0,0,0,0,4.11844851076603,0,0,0,2.3538174778223,0,0,0,0,0.301997721195221,19.7323287427425,0,0,0,0,0,0,0,160.533143222332,0,0,0,11.4007812738419,0,0,0,0,265.943360924721,0,1.38203701376915,0,22.6996612250805,0,0,0,182.802455484867,0,0,0,0,0,0,0,120.436928674579,73.4775152206421,12.0786986351013,10.6506737917662,0,0.397963136434555
0,1.63910023868084,0,2.52854643762112,0,0,0,0,0,0.509655065834522,0,57.8360157012939,0,0,0,0,0.773161485791206,6.74532752484083,34.0982206612825,0,0,0,0,0,0,0,0,164.943524181843,0,620.221175551414,0,0,0,0,0,0,0,1809.19652840495,0,2.30490338802338,0,494.443810209632,0,0,0,4.61312071233988,0.366218388080597,0,0,159.028652176261,0,0,0,0,0,0.476747803390026,0,569.195949271321,0,0,0,0,99.5758476853371,0,0,0,0,0,0,0,263.444243133068,0,0,0,0,0,0,0,3.93185528367758,0,1277.53829389811,0,222.52677615732,0.394174501299858,760.392729431391,77.8945712149143,0
10.7620912417769,0,0,0,0.224726349115372,0,0,0,0,0,0,0,0,0,0,0,17.133129119873,4.31873778998852,61.7265557423234,0,12.0457384735346,0,0,0,0,0,0,0,274.258655667305,0,275.5047981143,0,0,0,0,0,0,0,82.9872115254402,0.490929789841175,9.61387003958225,0.152022361755371,584.73982091248,0,1.21921634674072,0.115353718400002,29.0323885083199,0.730382800102234,12.3916083872318,0,0,0,0,0,0.697103902697563,0,1547.36664897203,0,6.21792320907116,0,4.95350766181946,0,0,397.159939810634,0,0,0,0,0,0,0,182.802455484867,0,0,0,0,0,0,0.379523783922195,11.5485407412052,2.14323878288269,629.191564939916,76.127475745976,0,770.358204238117,0,142.62585516274
0,0,0,0,0,0,0,0,0,0,0,0,0,0,0,0,0,0,0,0,0,0,0,0,0,0,0,0,0,0,0,1446.58023995161,303.941764324903,29.9329103827477,1.06649294495583,477.264348000288,1.50478388369083,0,0,0,0,0,0,0,0,0,0,1204.4911954999,0,9.34570449590683,0,0,0,0,0,0,0,0,0,0,0,0,0,0,0,0,0,0,0,0,0,0,0,0,0,183.014508843422,484.648109436035,0,294.110329598188,4.82048904895782,0,0,341.47480109334,0,0,0,0
0,0,0,0,0,0,0,0,0,0,0,0,0,0,0,0,0,0,0,0,0,0,0,0,0,0,0,0,0,0,0,199.490635246038,2393.43869259953,0,301.155088379979,29.1301268339157,582.211673364043,0,0,0,0,0,0,0,0,0,0,4498.89371332526,47.728596329689,0,0,0,0,0,0,0,0,0,0,0,0,0,0,0,0,0,0,0,0,0,0,0,0,0,183.014508843422,0,0,728.387137293816,62.8559794574976,623.498137608171,0,1.00157545506954,350.372359782457,0,1.01140546798706,0,0
0,0,0,0.276982545852661,0,0,0,0,0,0,0,0,0,0,0,0,0,0,0,0,0,0,0,0,0,0,0,0,0,0,0,37.428155079484,0,1609.12792147696,372.632585525513,508.50045338273,0,302.506449788809,6.87906455993652,0,0,0,0,0,0,0,0,981.313575714827,0.499864816665649,8.05082386732101,0,0,0,0,0,0,0,0,0,0,0,0,0,0,0,0,0,0,0,0,0,0,0,0,484.648109436035,0,0,156.625893563032,593.369162142277,0,504.61240041256,0.692365109920502,944.711027756333,13.0665478408337,29.1785244941711,0,0
0,0,0,0,0,0,0,0,0,0,0,0,0,0,0,0,0,0,0,0,0,0,0,0,0,0,0,0,0,0,0,0.278363645076752,44.0894205570221,2416.20910066366,1808.38574160635,0,201.416649386287,7.38113355636597,54.6391843855381,0,0,0,2.44739267230034,0,0,0,0,2071.0181337893,40.9692364037037,0,0,0,0,0,0,0,0,0,0,0,0,0,0,0,0,0,0,0,0,0,0,0,0,0,0,728.387137293816,156.625893563032,0,0,172.111800596118,0,344.935594007373,287.605242908001,0,22.3914267718792,0,0
0,23.2399502620101,0,2.73677277565002,0,0,0,0,0,0,0,17.3954907357693,0,0,0,0,129.336782082915,236.16179163754,2820.58803710341,112.128498271108,0,0,0.288143306970596,0,0,0,0,0,0,0,0,225.29089923203,83.9951968193054,303.525055557489,16.5296241343021,23695.7642019987,1093.61289459467,2671.68627631664,26.1322965025902,568.837648697197,3.32809762656689,3047.759823367,7.84109296649694,2.37267175316811,0,614.708782300353,2.29432143270969,4445.27576962858,0,1086.95699302852,0,0,0,0,0,0.239483393728733,0,11.6884434223175,0,0,0,0,871.308009795845,0,0,0,0,0,0,0,0,0,3.93185528367758,0.379523783922195,294.110329598188,62.8559794574976,593.369162142277,0,0,642.294078692794,3773.89091046154,4.73453959822655,3490.9920379892,280.871542192996,1462.6093595475,34.4577405378222,0
279.775174759328,0,0,0,0,0,0,0,0,0,311.801229298115,0,0,0,0,0,247.211735472083,114.244275815785,1349.14689871669,0,541.199911653996,0,0.397621214389801,0,0,0,0,0,0,0,0,30.7852033078671,305.096906751394,0,397.56007707119,697.799734652042,23778.6791192144,0,4723.01790256053,3.33643120527267,1431.32105186582,10.7824636846781,3007.77341230959,0,8.40945681929588,2.2742395401001,686.22360162437,3338.40251271427,276.026129871607,0,13.3712433874607,0,0,0,0,0,15.2296970784664,0,5.93493115901947,0,0,0,0,1567.26465885341,0,0,0,0,0,0,0,0,0,11.5485407412052,4.82048904895782,623.498137608171,0,172.111800596118,642.294078692794,0,3.24502801895142,2413.04510513693,4602.73630353063,273.044898360968,1803.93433463573,0,122.659333512187
0,6.51564666628838,0,0.115603439509869,0,0,0,0,0,29.2245031744242,0,457.555653750896,0,0,0,0,35.222222968936,116.916949421167,781.432205364108,79.3796690404415,0,619.622678816319,0,200.547304928303,0,0,0,291.887391120195,0,150.268526673317,0,0,0,406.986248970032,0,1463.55092294514,0,11391.9895239323,69.033710360527,30.1210881844163,0,1175.37776404619,1.89775288105011,0,0,778.257042117417,2.19695815443993,435.111131727695,0,157.174699291587,0,0,0,0,0,72.8538328558207,0,233.616441816092,0,0,0,0,1919.48268386722,0,525.011362850666,0,388.502461194992,0,0,0,173.861033931375,0,1277.53829389811,2.14323878288269,0,0,504.61240041256,0,3773.89091046154,3.24502801895142,0,53.4521378278732,2357.38884659857,97.3672182708979,1781.10189116746,128.12331135571,0
