0,0,8.57718158459318,0,0,0,0,0,5.68038788906928,0,0,0,0,0,0,0,35.680674405325,50.77659294822,26.3403259451671,0,0,0,0,0,0,0,0,0,0,0,0,0,0,0,0,0,53.4362716674805,0,21.7260551452637,0,33.380838394165,0,29.7819976409276,0,0,0,0,0,5.69391313341797,0,0,0,0,0,8.04022196254104,0,16.0996986472088,0,20.0403995513916,0,14.8276700735092,0,77.4988708496094,36.7165641784668,0,0,0,16.5492053031921,0,0,0,0,0,30.437216758728,0,0,0,0,57.3162231445312,38.1164134403445,72.1565933227539,33.6836109161377,15.364329449269,32.7073783874512,12.9656300339599,0,19.1624622344971
0,0,0,4.61255382584489,0,12.0922050476074,0,0,0,3.87062232220759,0,0,0,0,0,0,34.5100404951308,87.3193295796712,8.49333151323455,0,0,0,0,4.72308584621974,0,0,0,0,0,0,0,0,0,0,0,36.3027229309082,0,8.04934644699097,0,38.4799928665161,0,21.8758015846071,0,7.15146732330322,0,28.4055116176605,0,29.4568179635441,0,9.16999916235606,0,0,0,0,0,3.69227099763549,0,12.6892333030701,0,0,0,0,13.0185794830322,0,0,0,0,0,0,0,0,0,0,88.4810028076172,0,0,0,0,0,73.839594523112,0,0,20.3264659486397,0,14.4641949432604,5.07471166338239,0
8.57718158459318,0,0,0,10.4551063290349,0,0,0,9.57695417650511,0,0,0,0,0,0,0,59.5990047454834,0,42.1010688145955,0,25.3728637695312,0,0,0,0,0,0,0,0,0,0,0,0,0,0,0,0,0,0,51.5676689147949,39.0791349411011,72.2987594604492,34.2664772893341,0,0,0,6.94969562582068,50.9780540466309,35.3934686422348,0,6.30064105987549,0,0,0,6.421533091863,0,12.9435542043375,0,4.88098630239797,0,0,0,68.7436141967773,25.7466821670532,0,0,0,0,0,0,0,0,0,29.4344951992943,0,0,0,0,62.3310569763184,49.0934028625488,63.2763214111328,40.0596396128337,8.78188010141811,0,9.5467089935654,0,19.0930395126343
0,4.61255382584489,0,0,0,5.77823355538504,0,0,0,0,0,0,0,0,0,0,53.0444679260254,0,48.9499022743919,0,0,0,0,0,0,0,0,0,0,0,0,0,0,56.638988494873,0,31.014368057251,0,0,0,35.001454805073,0,35.0094633991435,37.2860450744629,0,0,12.5396929405354,0,43.2051176183364,0,13.360760663685,0,8.92612565480746,0,0,0,4.21043723159366,0,8.59156288240189,0,6.33223533630371,0,0,44.7399425506592,82.3388366699219,0,0,0,0,0,0,0,0,28.8530858755112,0,0,0,0,0,48.4755988401525,0,37.1207281170469,0,13.5222532071702,0,10.2922168373541,16.5113551881578,0
0,0,10.4551063290349,0,0,0,0,0,5.17828596762891,0,0,0,3.45458988348643,0,4.10135985393913,0,0,0,71.7156925201416,0,5.66776093265466,0,0,0,0,0,0,0,0,0,0,0,0,0,0,0,27.8404839833577,0,0,0,52.097583770752,0,48.7248694101969,0,0,0,56.5357284545898,0,49.8785619735718,0,4.07781462983278,0,2.95332622528076,0,4.5620834297604,0,37.5605964660645,0,3.10747075080872,0,5.46032072983536,0,0,8.45612965289902,0,0,0,0,0,0,0,0,0,0,0,0,0,0,0,20.7648995868743,0,0,4.406730264233,3.79206081231435,8.74467844021173,0,75.7810821533203
0,12.0922050476074,0,5.77823355538504,0,0,0,0,0,3.55957893782024,0,0,0,4.00468551923358,0,0,0,0,0,7.14154428578495,0,0,0,0,0,0,0,0,0,0,0,0,0,0,0,23.2831849098206,0,0,0,28.4418451170258,0,44.9627187819708,0,0,0,17.7589981489092,0,47.8882713317871,0,41.4091944517913,0,2.96875825235921,0,3.31106792177473,0,3.63952652613322,0,4.70639148212615,0,3.62789818415275,0,0,16.7849600904866,0,0,0,0,0,0,0,0,0,37.1289672851562,0,0,0,0,0,25.9519656726292,93.5276145935059,53.0888125101725,0,5.47349414411856,0,13.5032982448859,0,0
0,0,0,0,0,0,0,0,0,0,0,0,0,0,0,0,0,0,0,0,6.18743061065674,0,0,0,0,0,0,0,0,0,0,0,0,0,0,0,0,0,0,0,0,0,0,0,0,0,0,0,0,0,3.58811283111572,0,4.24288868904114,0,0,0,0,0,0,0,0,0,0,0,0,0,0,0,0,0,0,0,0,0,0,0,0,0,0,0,0,0,2.74555420875549,0,0,0,0
0,0,0,0,0,0,0,0,0,0,0,0,0,0,0,0,0,0,0,0,0,0,0,0,0,0,0,0,0,0,0,0,0,0,0,0,0,0,0,0,0,0,0,0,0,0,0,0,0,0,0,0,0,0,0,0,0,0,0,2.86823191642761,0,0,0,0,0,0,0,0,0,0,0,0,0,0,0,0,0,0,0,0,0,0,3.27052014752438,0,0,0,0
5.68038788906928,0,9.57695417650511,0,5.17828596762891,0,0,0,0,0,0,0,18.1261596679688,0,8.02862648341967,0,24.2173990446955,49.7071057296381,40.3805175377772,0,0,0,0,0,6.67556720831815,0,12.5890447700781,0,0,0,0,0,0,0,0,0,0,0,7.36217114895205,60.637056350708,0,0,40.1841955184937,0,0,0,0,0,5.71784241478164,0,6.26429387971536,0,0,0,6.58496165188127,0,36.7075977325439,0,0,0,7.14671724630316,0,80.2477264404297,0,0,0,0,5.54649330991687,0,12.2579637657512,0,0,0,0,0,0,0,0,85.3266067504883,126.693862915039,0,8.89547842465914,14.8159318558984,30.4175527095795,5.96344703929806,0,0
0,3.87062232220759,0,0,0,3.55957893782024,0,0,0,0,0,0,0,0,0,3.22084525609628,46.5053650249134,20.2078382026176,38.309460580349,0,0,0,0,8.96766662597656,0,0,0,0,0,0,0,0,0,0,0,23.7330350875854,0,5.32603473979306,0,30.6807225545247,0,20.0846804705533,68.7052536010742,0,0,21.5022455851237,97.1047134399414,28.6886599404471,0,22.9174191157023,0,0,0,0,0,4.38966336363838,0,0,0,0,0,4.82835735152007,0,0,0,0,4.5585623010993,0,0,0,0,0,0,0,0,0,0,0,110.340103149414,98.2992248535156,8.19475076094918,0,11.7403035209077,0,15.3727992668311,4.46834119628457,0
0,0,0,0,0,0,0,0,0,0,0,0,3.07432208196172,0,0,0,0,0,0,0,3.75713786487803,0,0,0,0,0,0,0,2.74189138412476,0,2.79505267739296,0,0,0,0,0,2.98092609067117,0,3.29426905519331,0,0,0,0,0,0,0,0,0,0,0,0,0,0,0,0,0,6.26422700076307,0,0,0,0,0,0,4.49509413483777,0,0,0,0,0,0,0,0,0,2.81137657165527,0,0,0,0,0,13.5584595799446,0,3.5634712608237,5.11782439131486,2.74324810504913,29.584406375885,0,0
0,0,0,0,0,0,0,0,0,0,0,0,0,3.07050072180258,0,0,0,0,0,3.29029961866491,0,0,0,0,0,0,0,2.89015961926559,0,0,0,0,0,0,0,3.75958673490418,0,3.31494480301762,0,26.9373745801972,0,0,0,0,0,15.3610012748025,0,0,0,41.1117038726807,0,0,0,0,0,0,0,3.31222441650572,0,2.88713819980621,0,0,6.90952338071007,0,0,0,0,0,0,0,0,0,2.73017287254333,0,0,0,0,0,26.1149442990621,0,3.59802116812232,0,3.47804673584053,0,9.45008886682576,0,0
0,0,0,0,3.45458988348643,0,0,0,18.1261596679688,0,3.07432208196172,0,0,0,3.20444847742716,0,3.52241155079433,0,0,0,0,0,0,0,0,0,5.55593792597453,0,3.42116957084805,0,0,0,0,0,0,0,0,0,0,0,0,0,0,0,0,0,0,0,0,0,3.11785015463829,0,0,0,0,0,3.62674682480948,0,2.92277016858945,0,0,0,0,0,0,0,0,0,0,0,0,0,0,0,0,0,0,0,0,0,0,0,3.91637535949252,6.08704890145196,0,0,0
0,0,0,0,0,4.00468551923358,0,0,0,0,0,3.07050072180258,0,0,0,3.69861808163779,0,0,0,0,0,0,0,0,0,0,0,0,0,2.82698607444763,0,0,0,0,0,0,0,0,0,0,0,0,0,0,0,0,0,0,0,0,0,3.97931135946245,0,3.31647205352783,0,0,0,0,0,3.46046926028515,0,3.48799532431143,0,0,0,0,0,0,0,0,0,0,0,0,0,0,0,0,0,0,0,0,4.69401448113578,0,0,0,0
0,0,0,0,4.10135985393913,0,0,0,8.02862648341967,0,0,0,3.20444847742716,0,0,0,8.35351760896789,62.692569732666,71.2474670410156,0,0,0,0,0,7.85787034034729,0,6.84461328876552,0,6.33369461695353,0,0,0,0,0,0,0,0,0,0,0,0,0,0,0,0,0,0,0,0,0,4.25336412588755,0,0,0,7.73227702534717,0,0,0,2.74134528636932,0,3.42484667967466,0,103.280410766602,0,0,0,0,21.4273872375488,0,3.33713727838853,0,0,0,0,0,0,0,0,0,0,0,0,5.84153137287548,7.52002843221029,0,0,0
0,0,0,0,0,0,0,0,0,3.22084525609628,0,0,0,3.69861808163779,0,0,56.7915954589844,19.6028964254591,40.4356861114502,0,0,0,0,0,0,0,0,0,0,0,0,0,0,0,0,0,0,0,0,0,0,0,0,0,0,0,0,0,0,0,0,0,0,0,0,3.36603092352549,0,0,0,3.95418325424194,0,3.69261420522173,0,0,0,0,0,0,0,0,0,0,0,0,0,0,0,0,0,0,0,0,4.9260429577394,0,0,0,0
35.680674405325,34.5100404951308,59.5990047454834,53.0444679260254,0,0,0,0,24.2173990446955,46.5053650249134,0,0,3.52241155079433,0,8.35351760896789,56.7915954589844,0,35.5637587733903,26.6001416250131,0,68.8168182373047,0,3.55900205098666,0,15.1640312984341,0,15.0818724146509,0,9.63338232040405,0,0,0,0,0,0,0,0,0,0,71.2848438956521,63.2171938496251,66.872701562861,46.0399368039001,48.3040228949653,49.6409772237142,64.7435436248779,59.2446317428198,0,53.5010125296456,74.4179109845843,0,0,0,0,22.6140011787415,0,68.0959259913518,107.627552032471,0,0,18.9300464774078,0,80.0257304264949,67.8469561275683,0,0,0,0,0,14.9399134163718,0,0,73.5888908022926,65.7355486551921,0,0,0,0,75.09308141386,70.9420872877452,75.8697462205763,60.6988958788168,19.8968326976965,6.0593178888424,57.2622180139632,66.6643600463867,38.8805350494385
50.77659294822,87.3193295796712,0,0,0,0,0,0,49.7071057296381,20.2078382026176,0,0,0,0,62.692569732666,19.6028964254591,35.5637587733903,0,24.4823156963726,0,73.7783432006836,4.53327699388776,0,0,68.0854568481445,5.94389014977675,44.6651076078415,0,0,0,0,0,0,0,0,0,0,0,109.129531860352,66.4329501560756,73.3286733627319,60.1620407291487,70.7983935963024,52.7244891413936,49.7270050048828,75.4659076690674,80.0797437032064,97.8764724731445,76.3589337666829,51.2751973470052,0,0,0,0,50.9560394287109,0,85.8577219645182,0,0,0,48.455392565046,7.52735765775045,79.5306975291326,86.5783313658179,0,0,0,0,0,35.4666630881173,0,0,63.0261860509073,101.802186965942,0,0,0,0,77.6679222591745,88.0346214638816,72.5319755214035,82.7667474746704,18.8445413406325,7.39671882622534,65.4302086171524,37.9414973258972,63.7141224543254
26.3403259451671,8.49333151323455,42.1010688145955,48.9499022743919,71.7156925201416,0,0,0,40.3805175377772,38.309460580349,0,0,0,0,71.2474670410156,40.4356861114502,26.6001416250131,24.4823156963726,0,0,57.9669311523437,0,0,0,45.5170288085938,25.0714797973633,51.067326112227,0,0,0,0,0,0,0,0,0,68.0769173758371,0,73.6039352416992,48.7287083581693,47.8346714285776,41.0343657899347,30.7036056554346,16.2067552804947,30.0788645048936,53.2564482505505,43.0383938774845,56.2460603713989,42.8481555129542,53.967204451561,0,0,0,0,66.5447616577148,0,53.4172663595162,48.8753829282873,0,0,0,0,56.7658912164194,52.5677132577607,0,0,0,0,0,37.7214126586914,0,0,48.4229578858868,51.1089403178241,0,0,0,0,50.0721998436843,51.3905180205992,50.9885577308504,49.0372603760391,19.0727363878074,37.9125292036268,35.6935529065338,29.380935501545,29.9075960586237
0,0,0,0,0,7.14154428578495,0,0,0,0,0,3.29029961866491,0,0,0,0,0,0,0,0,0,0,0,0,0,0,0,0,0,0,0,0,0,0,0,4.02420980089813,0,3.7266143652109,0,0,0,0,0,0,0,11.1717692375183,0,0,0,39.6539077758789,0,0,0,0,0,0,0,4.1270565006468,0,0,0,0,3.12706699940043,0,0,0,0,0,0,0,0,0,0,0,0,0,0,0,5.1127619379406,0,7.19627115461561,0,4.76871023774147,0,11.3358025125095,0,0
0,0,25.3728637695312,0,5.66776093265466,0,6.18743061065674,0,0,0,3.75713786487803,0,0,0,0,0,68.8168182373047,73.7783432006836,57.9669311523437,0,0,0,0,0,0,0,0,0,0,0,0,0,0,0,0,0,4.34931404866166,0,3.56686470401821,0,46.9095439910889,69.3691177368164,48.5653526081758,0,21.1980495452881,0,11.834667486303,0,54.993408203125,0,6.51624298095703,0,0,0,0,0,5.56509803459147,0,0,0,0,0,0,7.58634527239859,0,0,0,0,0,0,0,0,0,8.55810376844908,0,0,0,0,102.556663513184,6.70992821298147,0,4.95225171083529,6.47728736353236,3.26659567634781,13.8122303236544,0,23.0996074676514
0,0,0,0,0,0,0,0,0,0,0,0,0,0,0,0,0,4.53327699388776,0,0,0,0,3.34988051652908,3.80573033408115,0,2.84763425588608,0,0,0,0,0,0,0,0,0,0,0,5.91534196517684,0,0,0,0,0,0,0,0,0,0,0,4.68963508378892,0,0,0,0,0,0,0,0,0,0,0,0,0,0,3.49441305679433,0,7.93281703645533,0,0,0,4.7452937981178,0,0,0,0,0,0,0,0,0,8.95423812319138,0,3.9923005292582,7.28166208267212,0,0,0
0,0,0,0,0,0,0,0,0,0,0,0,0,0,0,0,3.55900205098666,0,0,0,0,3.34988051652908,0,0,3.2484032313029,0,0,0,4.53157353401184,0,0,0,0,0,0,0,0,0,4.77815541432501,0,0,0,0,0,0,0,0,0,15.4085035324097,0,0,0,0,0,0,0,0,0,0,0,0,0,0,0,5.36723003387451,4.0606825234902,0,3.44682669639587,0,0,0,5.70589595325923,0,0,0,0,0,0,0,0,0,5.29567726342327,3.63058928618754,0,17.0705434083939,0,0
0,4.72308584621974,0,0,0,0,0,0,0,8.96766662597656,0,0,0,0,0,0,0,0,0,0,0,3.80573033408115,0,0,0,3.2115898625604,0,0,0,0,0,0,0,0,0,0,0,5.81438683672025,0,0,0,10.1044483184814,0,0,0,0,0,0,0,6.67556537281383,0,0,0,0,0,0,0,0,0,0,0,0,0,0,6.74881019068591,0,5.57109339871158,0,5.94164144992828,0,0,0,0,0,0,0,0,0,0,0,5.8814790463772,0,0,0,5.23235180181101,0,0
0,0,0,0,0,0,0,0,6.67556720831815,0,0,0,0,0,7.85787034034729,0,15.1640312984341,68.0854568481445,45.5170288085938,0,0,0,3.2484032313029,0,0,0,7.21412402788798,0,0,0,0,0,0,0,0,0,0,0,4.95274738495092,0,0,0,3.21427297592163,0,0,0,0,0,4.47397775552711,0,0,0,0,0,6.11250554961997,0,0,0,0,0,0,0,0,0,0,4.07422041893005,0,5.05188391208649,0,7.54136706533886,0,0,0,0,0,0,0,0,0,0,0,8.37716423904195,8.68348959634002,0,4.72643823664764,0,0
0,0,0,0,0,0,0,0,0,0,0,0,0,0,0,0,0,5.94389014977675,25.0714797973633,0,0,2.84763425588608,0,3.2115898625604,0,0,0,0,0,0,0,0,0,0,0,0,0,0,0,0,0,0,0,0,0,0,0,0,0,10.7973251342773,0,0,0,0,0,0,0,0,0,0,0,0,0,0,6.4779657976968,0,2.88989764451981,0,5.64912511134634,0,12.8370342254639,0,0,0,0,0,0,0,0,0,0,0,23.8068790435791,0,0,0,0
0,0,0,0,0,0,0,0,12.5890447700781,0,0,0,5.55593792597453,0,6.84461328876552,0,15.0818724146509,44.6651076078415,51.067326112227,0,0,0,0,0,7.21412402788798,0,0,0,0,0,0,0,0,0,0,0,0,0,0,0,0,0,0,0,0,0,0,0,0,0,0,0,0,0,7.89417807261149,0,0,0,0,0,12.1784070332845,0,0,0,0,0,0,0,0,4.14970282504433,0,0,0,0,0,0,0,0,99.0546646118164,87.870491027832,0,0,15.8170908809015,12.3501229286194,0,0,0
0,0,0,0,0,0,0,0,0,0,0,2.89015961926559,0,0,0,0,0,0,0,0,0,0,0,0,0,0,0,0,0,2.89338492455884,0,0,0,0,0,0,0,0,0,0,0,0,0,0,0,0,0,0,0,0,0,0,0,0,0,0,0,0,0,0,0,0,0,0,0,0,0,0,0,0,2.74401276452201,0,0,0,0,0,0,0,0,0,0,0,4.54875159263611,3.91470439466712,0,0,0
0,0,0,0,0,0,0,0,0,0,2.74189138412476,0,3.42116957084805,0,6.33369461695353,0,9.63338232040405,0,0,0,0,0,4.53157353401184,0,0,0,0,0,0,0,2.96268081665039,0,0,0,0,0,0,0,4.06405992507935,0,0,0,0,0,0,0,0,0,0,0,0,0,0,0,0,0,0,0,8.37753640151605,0,0,0,0,0,0,0,0,2.74460017681122,0,0,0,4.39140428461796,0,2.7484610080719,0,0,0,0,0,0,0,0,6.4587140083313,8.51848363876343,0,0,0
0,0,0,0,0,0,0,0,0,0,0,0,0,2.82698607444763,0,0,0,0,0,0,0,0,0,0,0,0,0,2.89338492455884,0,0,0,0,0,0,0,0,0,3.22090886275806,0,0,0,0,0,0,0,0,0,0,0,0,0,0,0,0,0,0,0,0,0,0,0,0,0,0,0,0,0,0,0,0,0,0,2.94643175601959,0,0,0,0,0,0,0,0,0,0,0,0,0,0
0,0,0,0,0,0,0,0,0,0,2.79505267739296,0,0,0,0,0,0,0,0,0,0,0,0,0,0,0,0,0,2.96268081665039,0,0,0,0,0,0,0,0,0,3.37336774667104,0,0,0,0,0,0,0,0,0,0,0,0,0,0,0,0,0,0,0,0,0,0,0,0,0,0,0,0,0,0,0,0,0,0,5.46335294638595,0,0,0,0,0,0,0,0,2.90866215739931,0,0,0,0
0,0,0,0,0,0,0,0,0,0,0,0,0,0,0,0,0,0,0,0,0,0,0,0,0,0,0,0,0,0,0,0,3.63522246188896,29.2834108329955,6.00838017463684,3.84128037710038,3.47882533073425,0,0,0,0,0,0,0,0,0,0,4.26328524467459,0,0,0,0,0,0,0,0,0,0,0,0,0,0,0,0,0,0,0,0,0,0,0,0,0,0,9.70989122374864,5.28943770845812,24.3065170966948,5.68286323547363,6.17371870686368,0,0,0,3.17539787655554,0,16.1520690917969,0,0
0,0,0,0,0,0,0,0,0,0,0,0,0,0,0,0,0,0,0,0,0,0,0,0,0,0,0,0,0,0,0,3.63522246188896,0,3.89785784065344,7.09904262152585,4.6512123402034,3.02835143357515,0,0,0,0,0,0,0,0,0,0,4.72039942612385,0,0,0,0,0,0,0,0,0,0,0,0,0,0,0,0,0,0,0,0,0,0,0,0,0,0,6.31385076381791,8.6326656672546,15.9892992973328,9.78652262687683,10.6118124893733,4.36306867193668,0,0,3.58569479037107,0,0,0,0
0,0,0,56.638988494873,0,0,0,0,0,0,0,0,0,0,0,0,0,0,0,0,0,0,0,0,0,0,0,0,0,0,0,29.2834108329955,3.89785784065344,0,7.49624788566695,3.63733127374789,0,4.72345394673555,2.73665380477905,0,0,0,28.6293611526489,0,0,0,0,6.49376343753731,22.358032764927,15.6466406186422,0,0,0,0,0,0,0,0,0,0,0,0,0,0,0,0,0,0,0,0,0,0,0,0,24.8426965741278,4.56052854061127,4.46345655901828,7.81096489388978,10.1070026414735,25.2065525054932,4.71883329978356,27.0635967254639,5.05871541507473,4.98254422072707,21.8586990356445,0,0
0,0,0,0,0,0,0,0,0,0,0,0,0,0,0,0,0,0,0,0,0,0,0,0,0,0,0,0,0,0,0,6.00838017463684,7.09904262152585,7.49624788566695,0,0,2.99586905850254,0,2.74935722351074,0,0,0,0,0,0,0,0,6.25741782216631,10.4830089569092,0,0,0,0,0,0,0,0,0,0,0,0,0,0,0,0,0,0,0,0,0,0,0,0,0,0,6.06258462484066,8.11662128477386,4.87591066638157,0,3.62393795071746,0,6.9637291090829,3.38248896305378,2.95284938812256,0,0,0
0,36.3027229309082,0,31.014368057251,0,23.2831849098206,0,0,0,23.7330350875854,0,3.75958673490418,0,0,0,0,0,0,0,4.02420980089813,0,0,0,0,0,0,0,0,0,0,0,3.84128037710038,4.6512123402034,3.63733127374789,0,0,3.41154007894773,3.81167369170729,0,0,0,38.275218963623,0,0,0,10.3239799111576,0,4.90240221678928,11.1599311828613,20.1767332377257,0,26.1035073598226,0,0,0,0,0,26.8648433685303,0,0,0,0,4.4274957632933,0,0,0,0,0,0,0,0,0,43.2846450805664,0,14.4248963461982,5.03569991553008,4.07368798234633,0,4.06849772464644,3.44252999126911,4.39533410316859,0,4.25522737473435,0,16.2684960760464,0,0
53.4362716674805,0,0,0,27.8404839833577,0,0,0,0,0,2.98092609067117,0,0,0,0,0,0,0,68.0769173758371,0,4.34931404866166,0,0,0,0,0,0,0,0,0,0,3.47882533073425,3.02835143357515,0,2.99586905850254,3.41154007894773,0,0,3.41997982276026,0,11.6594004034996,0,55.6090023040772,0,49.2629852294922,0,16.4921979101081,3.81210682517604,15.4037396761836,17.44116836124,27.5574251257855,0,0,0,0,0,24.2273578643799,0,0,0,0,0,0,9.0453738830459,0,0,0,0,0,0,0,0,0,0,4.90125901500384,11.5112574955202,0,3.2369686730054,4.08744280600134,4.6987137600322,111.504814147949,4.55874397245146,4.12659586309105,2.74997818470001,19.2667516424971,0,0
0,8.04934644699097,0,0,0,0,0,0,0,5.32603473979306,0,3.31494480301762,0,0,0,0,0,0,0,3.7266143652109,0,5.91534196517684,0,5.81438683672025,0,0,0,0,0,3.22090886275806,0,0,0,4.72345394673555,0,3.81167369170729,0,0,0,0,0,7.58085139592489,0,0,0,0,0,6.50376263456178,0,5.44977307319641,0,0,0,0,0,5.89767403072781,0,4.59130478328502,0,0,0,0,2.97849997878075,0,6.71212540328048,0,6.15635257080524,0,0,0,4.9686881050919,0,3.12106273834964,0,0,0,5.27126386724872,0,7.46855948106298,0,7.2059811141682,0,5.66941361517276,7.00950600306193,3.86960523658329,8.81793896357218,0
21.7260551452637,0,0,0,0,0,0,0,7.36217114895205,0,3.29426905519331,0,0,0,0,0,0,109.129531860352,73.6039352416992,0,3.56686470401821,0,4.77815541432501,0,4.95274738495092,0,0,0,4.06405992507935,0,3.37336774667104,0,0,2.73665380477905,2.74935722351074,0,3.41997982276026,0,0,0,0,0,5.88987243845222,0,0,0,14.5059373855591,5.07138252258301,5.38981472378346,0,0,0,0,0,16.2471478110866,0,4.25948292558843,0,0,0,0,0,0,13.217258003625,0,4.7764580983382,0,6.24498192365331,0,9.07840824127197,0,10.0941452582677,0,2.8443146944046,0,0,0,0,0,6.15680840950978,0,6.98032922775112,5.12574674387773,4.98216528477876,5.21173416029049,0,24.7376985549927
0,38.4799928665161,51.5676689147949,35.001454805073,0,28.4418451170258,0,0,60.637056350708,30.6807225545247,0,26.9373745801972,0,0,0,0,71.2848438956521,66.4329501560756,48.7287083581693,0,0,0,0,0,0,0,0,0,0,0,0,0,0,0,0,0,0,0,0,0,76.6850771222796,26.5314292827919,57.2974404834566,29.1973367250883,35.959921836853,18.4956122252999,59.6638847351074,25.4658147394657,0,16.3036850981622,0,33.6823701858521,0,0,0,0,99.5743789672852,32.3458153832819,0,28.5112571716309,0,0,7.15942366862662,84.4166307120488,0,0,0,0,0,0,43.1950492858887,0,49.0942105893736,85.4344533284505,0,0,37.2932319641113,0,22.0114882125354,85.5090502146128,51.5380347813932,77.5740456214318,39.4979707567797,0,26.0380464638925,34.0615970066616,62.280086517334
33.380838394165,0,39.0791349411011,0,52.097583770752,0,0,0,0,0,0,0,0,0,0,0,63.2171938496251,73.3286733627319,47.8346714285776,0,46.9095439910889,0,0,0,0,0,0,0,0,0,0,0,0,0,0,0,11.6594004034996,0,0,76.6850771222796,0,57.7629401343209,27.4451665849109,88.8266830444336,27.4813893636068,0,34.1768678125709,7.78057858603341,19.0442998966863,0,0,0,0,0,0,0,53.7573719024658,0,0,0,0,0,87.2543556213379,24.0060162763567,0,0,0,0,0,0,0,0,73.494270324707,39.5503133158141,0,0,0,34.1431274414062,86.9039997232371,20.0596459439184,78.4568689519709,23.3312650336417,44.2271287376816,0,31.2067595144551,0,25.1116563058669
0,21.8758015846071,72.2987594604492,35.0094633991435,0,44.9627187819708,0,0,0,20.0846804705533,0,0,0,0,0,0,66.872701562861,60.1620407291487,41.0343657899347,0,69.3691177368164,0,0,10.1044483184814,0,0,0,0,0,0,0,0,0,0,0,38.275218963623,0,7.58085139592489,0,26.5314292827919,57.7629401343209,0,19.8826820054193,20.7239740457428,0,30.5647712010209,46.6950807571411,15.842203861915,49.930103302002,16.1852169691959,67.7013168334961,45.1052549150255,0,0,0,38.8083534240723,66.9874663352966,20.4303384493183,0,0,0,0,31.2916960394858,64.8197786157781,0,0,0,0,0,0,17.2449900627136,0,23.8499554253478,0,0,0,0,0,29.5448917496443,80.3772406497244,36.0934523531353,70.4911730289459,19.3747346427316,0,18.8906444151693,12.0795619000318,49.6757278442383
29.7819976409276,0,34.2664772893341,37.2860450744629,48.7248694101969,0,0,0,40.1841955184937,68.7052536010742,0,0,0,0,0,0,46.0399368039001,70.7983935963024,30.7036056554346,0,48.5653526081758,0,0,0,3.21427297592163,0,0,0,0,0,0,0,0,28.6293611526489,0,0,55.6090023040772,0,5.88987243845222,57.2974404834566,27.4451665849109,19.8826820054193,0,54.5792786280314,28.4812631130218,40.6766117497494,29.3613792317494,10.1140537924883,17.6250122423296,26.5299916948591,41.8742384910583,0,0,0,40.3608283996582,0,26.6688304054053,57.9338836669922,35.5660260518392,0,0,0,67.9744048580047,30.6136593108696,0,0,0,0,0,0,0,0,58.633885643699,23.5826496127739,0,0,26.6374702453613,0,69.0047219677975,32.0387360419669,61.4266314640223,30.5859911221068,18.8178049205978,87.5317916870117,18.5609078678341,40.0055961608887,12.9093543742614
0,7.15146732330322,0,0,0,0,0,0,0,0,0,0,0,0,0,0,48.3040228949653,52.7244891413936,16.2067552804947,0,0,0,0,0,0,0,0,0,0,0,0,0,0,0,0,0,0,0,0,29.1973367250883,88.8266830444336,20.7239740457428,54.5792786280314,0,0,11.1491482691331,57.6934041976929,36.2736415863037,0,43.762464761734,0,0,0,0,0,0,0,18.6711450219154,0,0,0,0,39.538918601142,70.6451924641927,0,0,0,0,0,0,21.436806678772,0,21.517201006854,0,0,0,0,0,31.2183460037835,68.7685535975865,27.4516649440843,59.8853368759155,22.8627445195851,10.5491905212402,19.2266398750134,9.15225686698124,0
0,0,0,0,0,0,0,0,0,0,0,0,0,0,0,0,49.6409772237142,49.7270050048828,30.0788645048936,0,21.1980495452881,0,0,0,0,0,0,0,0,0,0,0,0,0,0,0,49.2629852294922,0,0,35.959921836853,27.4813893636068,0,28.4812631130218,0,0,0,26.4751214981079,0,29.5015087127686,0,0,0,0,0,0,0,20.7752494812012,0,0,0,0,0,0,34.9028212107145,0,0,0,0,0,0,0,0,0,23.3508762359619,0,0,0,0,56.2114639282227,33.276191459305,0,26.2295876911708,16.8827188261624,0,21.5504287333971,0,0
0,28.4055116176605,0,12.5396929405354,0,17.7589981489092,0,0,0,21.5022455851237,0,15.3610012748025,0,0,0,0,64.7435436248779,75.4659076690674,53.2564482505505,11.1717692375183,0,0,0,0,0,0,0,0,0,0,0,0,0,0,0,10.3239799111576,0,0,0,18.4956122252999,0,30.5647712010209,40.6766117497494,11.1491482691331,0,0,0,39.8112101719297,0,38.762098251245,0,21.5194640954336,0,0,0,21.4889755249023,77.2193222045898,16.4777718690725,0,20.3591626485189,0,0,19.5922462791742,82.6619720458984,0,0,0,0,0,0,30.9896812438965,0,19.9886142221421,0,0,0,0,0,27.9286450489804,84.2645574297224,19.5905403648147,76.1476449966431,28.8874771753947,0,13.4149999239408,16.6915090765272,0
0,0,6.94969562582068,0,56.5357284545898,0,0,0,0,97.1047134399414,0,0,0,0,0,0,59.2446317428198,80.0797437032064,43.0383938774845,0,11.834667486303,0,0,0,0,0,0,0,0,0,0,0,0,0,0,0,16.4921979101081,0,14.5059373855591,59.6638847351074,34.1768678125709,46.6950807571411,29.3613792317494,57.6934041976929,26.4751214981079,0,0,42.9930011749268,36.2366566957483,26.9978055953979,20.0148506164551,0,0,0,0,0,19.6313485050968,65.0085144042969,0,0,0,0,78.6281219482422,11.6523357102945,0,0,0,0,0,0,0,0,0,22.7315008485472,0,0,0,0,73.4510950724284,19.564129258038,78.7042102813721,15.9590560685505,32.1363376800172,0,21.2734861805835,0,23.6517941951752
0,29.4568179635441,50.9780540466309,43.2051176183364,0,47.8882713317871,0,0,0,28.6886599404471,0,0,0,0,0,0,0,97.8764724731445,56.2460603713989,0,0,0,0,0,0,0,0,0,0,0,0,4.26328524467459,4.72039942612385,6.49376343753731,6.25741782216631,4.90240221678928,3.81210682517604,6.50376263456178,5.07138252258301,25.4658147394657,7.78057858603341,15.842203861915,10.1140537924883,36.2736415863037,0,39.8112101719297,42.9930011749268,0,10.0299274740617,7.83221423069709,0,52.2677822113037,0,0,0,0,48.6064786911011,59.9151277542114,0,0,0,0,56.9663747151693,0,0,0,0,32.2113075256348,0,0,0,0,60.2085654518821,0,6.81705168390541,7.16761991174854,7.5577338031481,7.01888803768562,6.86657525069119,6.73113155803481,25.1604799108628,18.99300298324,8.52722951992449,3.16435194015503,10.487264771905,28.3530340696636,25.2664833068848
5.69391313341797,0,35.3934686422348,0,49.8785619735718,0,0,0,5.71784241478164,0,0,0,0,0,0,0,53.5010125296456,76.3589337666829,42.8481555129542,0,54.993408203125,0,15.4085035324097,0,4.47397775552711,0,0,0,0,0,0,0,0,22.358032764927,10.4830089569092,11.1599311828613,15.4037396761836,0,5.38981472378346,0,19.0442998966863,49.930103302002,17.6250122423296,0,29.5015087127686,0,36.2366566957483,10.0299274740617,0,16.5192043662071,46.5427341461182,0,0,0,8.80742881243879,0,36.591229723721,0,2.96260404586792,0,0,0,0,34.3071000970946,0,0,0,5.83474894309555,0,7.66493139059647,0,6.9730436706543,0,38.5736155211926,0,6.62934465095645,20.5375190855147,4.38050749604131,82.6746253967285,12.0964406808371,42.1462380091349,8.84443204021578,12.3460571292663,0,14.7612340777302,0,50.1688098907471
0,9.16999916235606,0,13.360760663685,0,41.4091944517913,0,0,0,22.9174191157023,0,41.1117038726807,0,0,0,0,74.4179109845843,51.2751973470052,53.967204451561,39.6539077758789,0,4.68963508378892,0,6.67556537281383,0,10.7973251342773,0,0,0,0,0,0,0,15.6466406186422,0,20.1767332377257,17.44116836124,5.44977307319641,0,16.3036850981622,0,16.1852169691959,26.5299916948591,43.762464761734,0,38.762098251245,26.9978055953979,7.83221423069709,16.5192043662071,0,0,47.9332997639974,0,0,0,13.5519489182366,53.6337356567383,52.4713412708706,0,0,0,4.22083753347397,41.6465884844462,0,5.45579197401106,0,8.17454125696881,0,8.22850451692939,0,4.88455315255651,0,48.4727904180462,0,0,0,17.0054243469238,23.9085006713867,18.3106063489882,42.0281785329183,37.7526655894607,125.78369140625,23.701908684592,0,20.483080534232,27.0676113178856,0
0,0,6.30064105987549,0,4.07781462983278,0,3.58811283111572,0,6.26429387971536,0,0,0,3.11785015463829,0,4.25336412588755,0,0,0,0,0,6.51624298095703,0,0,0,0,0,0,0,0,0,0,0,0,0,0,0,27.5574251257855,0,0,0,0,67.7013168334961,41.8742384910583,0,0,0,20.0148506164551,0,46.5427341461182,0,0,0,0,0,7.96564890753548,0,2.88118958473206,0,3.17592233419418,0,3.92853708267212,0,0,11.628988569433,0,0,0,0,0,0,0,0,0,0,0,0,0,0,0,18.1347202618917,0,0,4.8699087473654,0,6.49017430923471,0,0
0,0,0,8.92612565480746,0,2.96875825235921,0,0,0,0,0,0,0,3.97931135946245,0,0,0,0,0,0,0,0,0,0,0,0,0,0,0,0,0,0,0,0,0,26.1035073598226,0,0,0,33.6823701858521,0,45.1052549150255,0,0,0,21.5194640954336,0,52.2677822113037,0,47.9332997639974,0,0,0,5.0688738822937,0,0,0,18.8690839409828,0,2.95177793502808,0,0,20.0240995407104,0,0,0,0,0,0,0,0,0,36.4828548431396,0,0,0,0,0,44.1805651187897,0,48.2087669372559,0,34.1349247882241,0,14.7244960258366,0,0
0,0,0,0,2.95332622528076,0,4.24288868904114,0,0,0,0,0,0,0,0,0,0,0,0,0,0,0,0,0,0,0,0,0,0,0,0,0,0,0,0,0,0,0,0,0,0,0,0,0,0,0,0,0,0,0,0,0,0,0,0,0,3.20012482007345,0,0,0,0,0,0,0,0,0,0,0,0,0,0,0,0,0,0,0,0,0,0,0,0,0,2.93735929897853,0,0,0,0
0,0,0,0,0,3.31106792177473,0,0,0,0,0,0,0,3.31647205352783,0,0,0,0,0,0,0,0,0,0,0,0,0,0,0,0,0,0,0,0,0,0,0,0,0,0,0,0,0,0,0,0,0,0,0,0,0,5.0688738822937,0,0,0,0,0,0,0,3.1658501625061,0,0,0,0,0,0,0,0,0,0,0,0,0,0,0,0,0,0,0,0,0,0,3.05140566825867,0,0,0,0
8.04022196254104,0,6.421533091863,0,4.5620834297604,0,0,0,6.58496165188127,0,0,0,0,0,7.73227702534717,0,22.6140011787415,50.9560394287109,66.5447616577148,0,0,0,0,0,6.11250554961997,0,7.89417807261149,0,0,0,0,0,0,0,0,0,0,0,16.2471478110866,0,0,0,40.3608283996582,0,0,0,0,0,8.80742881243879,0,7.96564890753548,0,0,0,0,0,36.8441257476807,0,0,0,9.320354167326,0,0,0,0,0,0,7.24843309468974,0,9.50224486986796,0,0,0,0,0,0,0,0,0,0,0,13.0887175879041,13.953917992115,0,7.89425757886315,0,0
0,3.69227099763549,0,4.21043723159366,0,3.63952652613322,0,0,0,4.38966336363838,0,0,0,0,0,3.36603092352549,0,0,0,0,0,0,0,0,0,0,0,0,0,0,0,0,0,0,0,0,0,5.89767403072781,0,0,0,38.8083534240723,0,0,0,21.4889755249023,0,0,0,13.5519489182366,0,0,0,0,0,0,0,0,0,0,0,2.73183012008667,0,0,0,0,6.40643742040622,0,0,0,0,0,0,0,0,0,0,0,0,0,7.73566339810689,0,0,0,6.20478681807822,0,0
16.0996986472088,0,12.9435542043375,0,37.5605964660645,0,0,0,36.7075977325439,0,6.26422700076307,0,3.62674682480948,0,0,0,68.0959259913518,85.8577219645182,53.4172663595162,0,5.56509803459147,0,0,0,0,0,0,0,0,0,0,0,0,0,0,0,24.2273578643799,0,4.25948292558843,99.5743789672852,53.7573719024658,66.9874663352966,26.6688304054053,0,20.7752494812012,77.2193222045898,19.6313485050968,48.6064786911011,36.591229723721,53.6337356567383,2.88118958473206,0,3.20012482007345,0,36.8441257476807,0,0,0,4.63031893150479,0,0,0,88.3089981079102,10.0255474988494,0,0,0,0,0,0,0,3.81343154112498,0,6.43751885435554,0,0,0,70.0218505859375,87.6049221263212,52.4482787264525,82.7605724334717,54.7815551255879,30.1638458417012,30.6779537200928,16.8501220765878,0,15.8851961130221
0,12.6892333030701,0,8.59156288240189,0,4.70639148212615,0,0,0,0,0,3.31222441650572,0,0,0,0,107.627552032471,0,48.8753829282873,4.1270565006468,0,0,0,0,0,0,0,0,0,0,0,0,0,0,0,26.8648433685303,0,4.59130478328502,0,32.3458153832819,0,20.4303384493183,57.9338836669922,18.6711450219154,0,16.4777718690725,65.0085144042969,59.9151277542114,0,52.4713412708706,0,18.8690839409828,0,0,0,0,0,0,0,0,0,0,9.48829219045331,86.8901214599609,0,0,0,0,0,0,3.47903356807572,0,4.18882632637729,0,0,0,0,0,31.8506918830433,94.3392868041992,9.63957971721501,0,33.4350229461988,0,10.9577255319171,14.2835090343769,41.7867832183838
20.0403995513916,0,4.88098630239797,0,3.10747075080872,0,0,0,0,0,0,0,2.92277016858945,0,2.74134528636932,0,0,0,0,0,0,0,0,0,0,0,0,0,8.37753640151605,0,0,0,0,0,0,0,0,0,0,0,0,0,35.5660260518392,0,0,0,0,0,2.96260404586792,0,3.17592233419418,0,0,0,0,0,4.63031893150479,0,0,0,0,0,0,0,0,0,0,0,0,0,0,5.54331102059778,0,0,0,0,0,0,0,0,0,0,0,0,15.5303678641448,0,0
0,0,0,6.33223533630371,0,3.62789818415275,0,2.86823191642761,0,0,0,2.88713819980621,0,3.46046926028515,0,3.95418325424194,0,0,0,0,0,0,0,0,0,0,0,0,0,0,0,0,0,0,0,0,0,0,0,28.5112571716309,0,0,0,0,0,20.3591626485189,0,0,0,0,0,2.95177793502808,0,3.1658501625061,0,0,0,0,0,0,0,3.78094445918239,0,0,0,0,0,0,0,0,0,0,0,0,0,0,0,0,0,0,0,0,3.49937225737662,0,8.15895622654965,0,0
14.8276700735092,0,0,0,5.46032072983536,0,0,0,7.14671724630316,0,0,0,0,0,3.42484667967466,0,18.9300464774078,48.455392565046,0,0,0,0,0,0,0,0,12.1784070332845,0,0,0,0,0,0,0,0,0,0,0,0,0,0,0,0,0,0,0,0,0,0,0,3.92853708267212,0,0,0,9.320354167326,0,0,0,0,0,0,0,0,0,0,0,0,19.345295224871,0,16.3162143230438,0,0,0,0,0,0,0,0,0,0,0,0,14.1709250382015,6.93395042419434,28.7252419789632,0,0
0,0,0,0,0,0,0,0,0,4.82835735152007,0,0,0,3.48799532431143,0,3.69261420522173,0,7.52735765775045,0,0,0,0,0,0,0,0,0,0,0,0,0,0,0,0,0,0,0,0,0,0,0,0,0,0,0,0,0,0,0,4.22083753347397,0,0,0,0,0,2.73183012008667,0,0,0,3.78094445918239,0,0,0,0,0,0,3.59588153087176,0,3.13403977047313,0,0,0,0,0,0,0,0,0,0,0,0,0,3.71432575057535,0,3.76867196708918,0,0
77.4988708496094,13.0185794830322,68.7436141967773,44.7399425506592,0,16.7849600904866,0,0,80.2477264404297,0,0,6.90952338071007,0,0,103.280410766602,0,80.0257304264949,79.5306975291326,56.7658912164194,3.12706699940043,0,0,0,0,0,0,0,0,0,0,0,0,0,0,0,4.4274957632933,0,2.97849997878075,0,7.15942366862662,87.2543556213379,31.2916960394858,67.9744048580047,39.538918601142,0,19.5922462791742,78.6281219482422,56.9663747151693,0,41.6465884844462,0,20.0240995407104,0,0,0,0,88.3089981079102,9.48829219045331,0,0,0,0,0,85.044807434082,0,0,0,0,0,0,20.0825567245483,0,17.0144005279667,90.3751678466797,0,0,0,0,18.4713446538117,89.4565667938768,13.697107271754,92.0425271987915,42.301890036843,0,13.8489919496683,17.331134584215,69.5173263549805
36.7165641784668,0,25.7466821670532,82.3388366699219,8.45612965289902,0,0,0,0,0,4.49509413483777,0,0,0,0,0,67.8469561275683,86.5783313658179,52.5677132577607,0,7.58634527239859,0,0,0,0,0,0,0,0,0,0,0,0,0,0,0,9.0453738830459,0,13.217258003625,84.4166307120488,24.0060162763567,64.8197786157781,30.6136593108696,70.6451924641927,34.9028212107145,82.6619720458984,11.6523357102945,0,34.3071000970946,0,11.628988569433,0,0,0,0,0,10.0255474988494,86.8901214599609,0,0,0,0,85.044807434082,0,0,0,0,0,0,0,0,0,75.2620658874512,16.3019901592814,0,0,0,0,91.6435057322184,15.8603881427319,91.159702135169,15.0461522492452,46.9572878175974,0,19.8083117820765,50.7062454223633,26.1029255360733
0,0,0,0,0,0,0,0,0,0,0,0,0,0,0,0,0,0,0,0,0,3.49441305679433,5.36723003387451,6.74881019068591,0,6.4779657976968,0,0,0,0,0,0,0,0,0,0,0,6.71212540328048,0,0,0,0,0,0,0,0,0,0,0,5.45579197401106,0,0,0,0,0,0,0,0,0,0,0,0,0,0,0,0,5.45277657348257,0,8.50203449017293,0,4.95012606273998,0,0,0,0,0,0,0,0,0,7.05624872228525,0,3.16866440243191,0,14.1179714202881,0,0
0,0,0,0,0,0,0,0,0,0,0,0,0,0,0,0,0,0,0,0,0,0,4.0606825234902,0,4.07422041893005,0,0,0,0,0,0,0,0,0,0,0,0,0,4.7764580983382,0,0,0,0,0,0,0,0,0,0,0,0,0,0,0,0,0,0,0,0,0,0,0,0,0,0,0,0,5.38128574470897,0,6.07263785337998,0,5.20716782703119,0,0,0,0,0,0,0,0,0,4.96209805745345,3.44602870941162,0,13.2472791671753,0,0
0,0,0,0,0,0,0,0,0,4.5585623010993,0,0,0,0,0,0,0,0,0,0,0,7.93281703645533,0,5.57109339871158,0,2.88989764451981,0,0,0,0,0,0,0,0,0,0,0,6.15635257080524,0,0,0,0,0,0,0,0,0,0,0,8.17454125696881,0,0,0,0,0,6.40643742040622,0,0,0,0,0,3.59588153087176,0,0,5.45277657348257,0,0,0,4.75359903724448,0,7.83222433924675,0,0,0,0,0,0,0,0,0,5.93266419459483,0,0,0,4.42863884844894,0,0
16.5492053031921,0,0,0,0,0,0,0,5.54649330991687,0,0,0,0,0,21.4273872375488,0,0,0,0,0,0,0,3.44682669639587,0,5.05188391208649,0,0,0,2.74460017681122,0,0,0,0,0,0,0,0,0,6.24498192365331,0,0,0,0,0,0,0,0,32.2113075256348,5.83474894309555,0,0,0,0,0,7.24843309468974,0,0,0,0,0,19.345295224871,0,0,0,0,5.38128574470897,0,0,0,4.65525228389795,0,3.9726736834555,0,0,0,0,0,0,0,0,0,9.74750773392561,0,0,6.57163805412094,0,0
0,0,0,0,0,0,0,0,0,0,0,0,0,0,0,0,0,0,0,0,0,0,0,5.94164144992828,0,5.64912511134634,0,0,0,0,0,0,0,0,0,0,0,0,0,0,0,0,0,0,0,0,0,0,0,8.22850451692939,0,0,0,0,0,0,0,0,0,0,0,3.13403977047313,0,0,8.50203449017293,0,4.75359903724448,0,0,0,6.4874495345171,0,0,0,0,0,0,0,0,0,0,0,0,0,3.59952060381571,0,0
0,0,0,0,0,0,0,0,12.2579637657512,0,0,0,0,0,3.33713727838853,0,14.9399134163718,35.4666630881173,37.7214126586914,0,0,0,0,0,7.54136706533886,0,4.14970282504433,0,0,0,0,0,0,0,0,0,0,0,9.07840824127197,0,0,0,0,0,0,0,0,0,7.66493139059647,0,0,0,0,0,9.50224486986796,0,0,0,0,0,16.3162143230438,0,0,0,0,6.07263785337998,0,4.65525228389795,0,0,0,3.860745261899,0,0,0,0,0,0,0,0,0,8.20512747764587,16.4216517565543,29.7081336975098,11.6622764587402,0,0
0,0,0,0,0,0,0,0,0,0,0,0,0,0,0,0,0,0,0,0,0,4.7452937981178,0,0,0,12.8370342254639,0,2.74401276452201,0,0,0,0,0,0,0,0,0,4.9686881050919,0,43.1950492858887,0,17.2449900627136,0,21.436806678772,0,30.9896812438965,0,0,0,4.88455315255651,0,0,0,0,0,0,0,3.47903356807572,0,0,0,0,20.0825567245483,0,4.95012606273998,0,7.83222433924675,0,6.4874495345171,0,0,0,3.53510225141371,0,0,0,0,0,0,0,4.49213391987245,0,40.5485200881958,0,20.0447900602894,0,0
0,0,0,0,0,0,0,0,0,0,0,0,0,0,0,0,0,0,0,0,0,0,5.70589595325923,0,0,0,0,0,4.39140428461796,0,0,0,0,0,0,0,0,0,10.0941452582677,0,0,0,0,0,0,0,0,0,6.9730436706543,0,0,0,0,0,0,0,3.81343154112498,0,5.54331102059778,0,0,0,0,0,0,5.20716782703119,0,3.9726736834555,0,3.860745261899,0,0,0,3.80635368363899,0,0,0,0,0,0,0,4.54950964912292,0,0,4.41869013397782,0,0
0,0,0,28.8530858755112,0,37.1289672851562,0,0,0,0,0,2.73017287254333,0,0,0,0,73.5888908022926,63.0261860509073,48.4229578858868,0,0,0,0,0,0,0,0,0,0,2.94643175601959,0,0,0,0,0,43.2846450805664,0,3.12106273834964,0,49.0942105893736,73.494270324707,23.8499554253478,58.633885643699,21.517201006854,0,19.9886142221421,0,60.2085654518821,0,48.4727904180462,0,36.4828548431396,0,0,0,0,0,4.18882632637729,0,0,0,0,17.0144005279667,75.2620658874512,0,0,0,0,0,0,3.53510225141371,0,0,0,0,0,0,0,54.9092718530371,85.3504022216797,40.6417967096552,87.3975524902344,46.106107042386,31.2169971466064,21.6683132264375,17.9368888616562,42.7098274230957
30.437216758728,88.4810028076172,29.4344951992943,0,0,0,0,0,0,0,2.81137657165527,0,0,0,0,0,65.7355486551921,101.802186965942,51.1089403178241,0,8.55810376844908,0,0,0,0,0,0,0,2.7484610080719,0,5.46335294638595,0,0,0,0,0,0,0,2.8443146944046,85.4344533284505,39.5503133158141,0,23.5826496127739,0,23.3508762359619,0,22.7315008485472,0,38.5736155211926,0,0,0,0,0,0,0,6.43751885435554,0,0,0,0,0,90.3751678466797,16.3019901592814,0,0,0,0,0,0,0,3.80635368363899,0,0,0,0,0,0,83.3340522766113,52.1428634038581,78.4931466238839,8.54426139933075,47.361695058418,0,10.2287912174366,50.762451171875,20.7602559279422
0,0,0,0,0,0,0,0,0,0,0,0,0,0,0,0,0,0,0,0,0,0,0,0,0,0,0,0,0,0,0,9.70989122374864,6.31385076381791,24.8426965741278,0,14.4248963461982,4.90125901500384,0,0,0,0,0,0,0,0,0,0,6.81705168390541,0,0,0,0,0,0,0,0,0,0,0,0,0,0,0,0,0,0,0,0,0,0,0,0,0,0,0,12.4126092001449,24.1149183191904,0,14.4986880519057,5.57724285125732,0,0,3.6636261003358,0,0,0,0
0,0,0,0,0,0,0,0,0,0,0,0,0,0,0,0,0,0,0,0,0,0,0,0,0,0,0,0,0,0,0,5.28943770845812,8.6326656672546,4.56052854061127,6.06258462484066,5.03569991553008,11.5112574955202,0,0,0,0,0,0,0,0,0,0,7.16761991174854,6.62934465095645,0,0,0,0,0,0,0,0,0,0,0,0,0,0,0,0,0,0,0,0,0,0,0,0,0,12.4126092001449,0,21.4274978637695,4.38651480247123,16.6095417567662,10.8861435594161,0,0,5.71171068259598,0,0,0,0
0,0,0,0,0,0,0,0,0,0,0,0,0,0,0,0,0,0,0,0,0,0,0,0,0,0,0,0,0,0,0,24.3065170966948,15.9892992973328,4.46345655901828,8.11662128477386,4.07368798234633,0,5.27126386724872,0,37.2932319641113,0,0,26.6374702453613,0,0,0,0,7.5577338031481,20.5375190855147,17.0054243469238,0,0,0,0,0,0,0,0,0,0,0,0,0,0,0,0,0,0,0,0,0,0,0,0,24.1149183191904,21.4274978637695,0,13.5830648572821,19.2751402466796,0,5.03328524915183,22.2590103149414,5.50195274307676,5.28915123506026,31.316895198822,0,0
0,0,0,0,0,0,0,0,0,0,0,0,0,0,0,0,0,0,0,0,0,0,0,0,0,0,0,0,0,0,0,5.68286323547363,9.78652262687683,7.81096489388978,4.87591066638157,0,3.2369686730054,0,0,0,34.1431274414062,0,0,0,0,0,0,7.01888803768562,4.38050749604131,23.9085006713867,0,0,0,0,0,0,70.0218505859375,0,0,0,0,0,0,0,0,0,0,0,0,0,0,0,0,0,0,4.38651480247123,13.5830648572821,0,0,3.67693180320021,24.3651676177979,3.78768568405738,4.88937877463461,0,18.9827024286444,0,0
57.3162231445312,0,62.3310569763184,48.4755988401525,0,25.9519656726292,0,0,85.3266067504883,110.340103149414,0,26.1149442990621,0,0,0,0,75.09308141386,77.6679222591745,50.0721998436843,5.1127619379406,102.556663513184,0,0,0,0,0,99.0546646118164,0,0,0,0,6.17371870686368,10.6118124893733,10.1070026414735,0,4.06849772464644,4.08744280600134,7.46855948106298,0,22.0114882125354,86.9039997232371,29.5448917496443,69.0047219677975,31.2183460037835,56.2114639282227,27.9286450489804,73.4510950724284,6.86657525069119,82.6746253967285,18.3106063489882,0,44.1805651187897,0,0,0,0,87.6049221263212,31.8506918830433,0,0,0,0,18.4713446538117,91.6435057322184,0,0,0,0,0,0,0,0,54.9092718530371,83.3340522766113,14.4986880519057,16.6095417567662,19.2751402466796,0,0,94.4688099720439,40.5523909921829,87.6427322778946,46.9575149035864,59.0716616312663,37.3853099739636,45.9590526421865,62.2989240373884
38.1164134403445,73.839594523112,49.0934028625488,0,20.7648995868743,93.5276145935059,0,0,126.693862915039,98.2992248535156,13.5584595799446,0,0,0,0,0,70.9420872877452,88.0346214638816,51.3905180205992,0,6.70992821298147,0,0,0,0,0,87.870491027832,0,0,0,0,0,4.36306867193668,25.2065525054932,3.62393795071746,3.44252999126911,4.6987137600322,0,6.15680840950978,85.5090502146128,20.0596459439184,80.3772406497244,32.0387360419669,68.7685535975865,33.276191459305,84.2645574297224,19.564129258038,6.73113155803481,12.0964406808371,42.0281785329183,18.1347202618917,0,0,0,0,0,52.4482787264525,94.3392868041992,0,0,0,0,89.4565667938768,15.8603881427319,0,0,0,0,0,0,0,0,85.3504022216797,52.1428634038581,5.57724285125732,10.8861435594161,0,3.67693180320021,94.4688099720439,0,89.3310138333228,21.9170766464118,42.5636275450872,28.3959027528763,35.9335927565893,68.6320355733236,35.4856157049669
