0,0,0.0139941407940032,0,0,0,0,0,0.0419171698281834,0,0,0,0,0,0,0,0,0,0.0024686723797307,0,0,0,0,0,0,0,0,0,0,0,0,0,0,0,0,0,1.34797293218121e-05,0,0,0,0.000183319693026877,0,0.000761528814090858,0,0,0,3.72669332427653e-05,0,0.0166524631216365,0,0,0,0,0,0.0246808208048286,0,0.000237886505538601,0,0,0,0.00258034702647717,0,0,7.18092202394425e-06,0,0,0,0,0,0,0,0,0,0.000598304637951969,0,0,0,0,0,0.000204427062302226,0,0,0.000110953102729987,0,0.00579355817378237,0,0
0,0,0,0.00288649215932176,0,0,0,0,0,0.0280264485445231,0,0,0,0,0,0,0,0,0.000546695771402568,0,0,0,0,0,0,0,0,0,0,0,0,0,0,0,0,0,0,1.44264727285905e-05,0,0,0,0.0115553744484579,0,0,0,0,0,0,0,0.00246061179380263,0,0,0,0,0,0.0341021572260028,0,0,0,0,0,0.00985811373299855,0,0,0,0,0,0,0,0,0,0,3.02849888682427e-05,0,0,0,0,0,0,0,0,0,0.000136775144644399,2.29832354372802e-06,0.00388789398913911,0,0
0.0139941407940032,0,0,0,0.0032251201942126,0,0,0,0.00599124810731555,0,0,0,0,0,0,0,0,0,0.000193405204065142,0,0.000297389471994651,0,0,0,0,0,0,0,0,0,0,0,0,0,0,0,0,0,0,7.23677759578495e-05,0.000310621831421693,5.45098872797487e-06,0.00980096173709478,0,0,0,0.000223074556872696,0.000171509943570524,0.00459041205160769,0,0.000678287320100307,0,0,0,0.0149513680033286,0,0.00674629780400345,0,0,0,0,0,0,0.00142011433678961,0,0,0,0,0,0,0,0.000364924100511882,0,0.0108102943707156,0,0,0,0,4.06122023390151e-06,6.49471295140063e-05,0,1.37237007513196e-05,0.000238955020012058,0,0.0047063390534356,0,0.00254911723749484
0,0.00288649215932176,0,0,0,0.00227300969055059,0,0,0,0.0225068001203163,0,0,0,0,0,0,4.2719017463567e-06,0,7.61349914914549e-05,0,0,1.36463318886062e-05,0,0,0,0,0,0,0,0,0,0,0,0,0,4.06388133668982e-05,0,0,0,0.00151828309567607,8.53341383249097e-05,0.00355363278359715,2.48808753798518e-05,0,0,0.000570997901737509,2.98010720408473e-05,0.000523050964579871,0,0.00544600080914801,0,0.0118383626076627,0,0,0,0.00721002168159222,0,0.00226341495166316,0,0.0034166248924664,0,0.00600036828259798,0.000147001271401681,0,0,0,8.02039059710456e-05,0,0,0,0.000360748237651254,0,0.00548136566592453,2.46183601432057e-05,0,0,0,0,0.000124292465066322,2.24917232167132e-06,0.000242295597558203,7.00598802403344e-06,0.000310663247042522,3.10162588988965e-06,0.00841123725096491,0.000611724471880647,0
0,0,0.0032251201942126,0,0,0,0,0,0.00515925072995369,0,0,0,0,0,0,0,0,0,0,0,0.0128954423865503,0,0,0,0,0,0,0,0,0,0,0,0,0,0,0,3.9435043402633e-05,0,0,0,0.000563042924566368,0,0.00123113770492468,0,0,0,2.047831763374e-05,0,0.000784863104293557,0,0.0589484361286459,0,0,0,0.00227017969954427,0,0.000528588099671071,0,0,0,0.000638175724534797,0,0,0.00346632803091665,0,0,0,0,0,0,0,0,0,0.000988538857812724,0,0,0,0,0,3.25857542173793e-05,0,1.41246512747528e-05,0.000546624488260812,1.75299164527804e-06,0.00659022685144717,0,0
0,0,0,0.00227300969055059,0,0,0,0,0,0.0118923977347913,0,0,0,0,0,0.00560539365744692,0,0,0,0.0024580888153413,0,0,0,0,0,0,0,0,0,0,0,0,0,0,0,0.000275025610072923,0,0,0,5.3902924390816e-05,0,0.00037054740126862,0,0,0,2.44029083220346e-05,0,0.000272754634316,0,0.000511072051811373,0,0.0973210743472835,0,0,0,0,0,0.000219605369365384,0,0.000137943339097763,0,0.00922600322517301,0.00121450470880263,1.00835910826597e-05,0,0,0,0,0,0,0,0,0,0,0,0,0,0,0.000241485249122438,0,7.82586658486847e-06,0,0.00195023505162519,0,0.00222053237673271,0,0
0,0,0,0,0,0,0,0,0,0,0,0,0,0,0,0,0,0,0,0,0.000731252530005729,0,0,0,0,0,0,0,0,0,0,0,0,0,0,0,0,0,0,0,0,0,0,0,0,0,0,0,0,0,0,0,0.0064861729418321,0,0,0,0,0,0.000113807720481418,0,0,0,0,0.000374439815558475,0,0,0,0,0,0,0,0,0,0,0,0,0,0,0,0,0,0,0.000164585094950858,0,0,0,0
0,0,0,0,0,0,0,0,0,0,0,0,0,0,0,0,0,0,0,0,0,0,0,0,0,0,0,0,0,0,0,0,0,0,0,0,0,0,0,0,0,0,0,0,0,0,0,0,0,0,0,0.00301991620444457,0,0.000126646409626119,0,0,0,0.00072955344651656,0,0,0,0,0,0,0,0,0,0,0,0,0,0,0,0,0,0,0,0,0,0,0,0,5.20779758517165e-06,0,0,0,0
0.0419171698281834,0,0.00599124810731555,0,0.00515925072995369,0,0,0,0,0,0,0,0,0,0.00177828631160962,0,0.000806936824353123,1.54852407196939e-05,0.000224982138031935,0,0,0,0,0,0.0085586446552338,0,0.000111059328624246,0,0,0,0,0,0,0,0,0,0,0,0.00190359115210296,0,0,0,0.00139874925587016,0,0,0,1.46593313924446e-05,0,0.00446844197801559,0,0.00409005381594678,0,0,0,0.109221912206418,0,3.58368042434887e-05,0,0,0,0.00575811776019269,0,0,7.72622803750858e-05,0,0,0,9.48613187423701e-05,0,0,0,0,0,0.000106807113447852,0,0,0,0,0,0,0,3.11932354825063e-06,0.00213311653544083,5.5488003243738e-06,0.00937010080803248,0,0
0,0.0280264485445231,0,0.0225068001203163,0,0.0118923977347913,0,0,0,0,0,0,0,0,0,0.0299288545784196,0,0,1.42911846502843e-05,0,0,0,0,0.00423527219625129,0,0,0,0,0,0,0,0,0,0,0,0,0,0.000575226304303465,0,0.000123373101258289,0,0.000298358450741367,0,0,0,0.000130179168458596,0,0,0,0.000662447800154696,0,0,0,0,0,0.147478694237176,0,0,0,0,0,0.00690363529374695,0,0,0,0,0.00696659854346342,0,0,0,0,0,0,0,0,0,0,0,0,0,0.000907657678923607,0,0.00292087053143933,0,0.000548195379532058,0,0
0,0,0,0,0,0,0,0,0,0,0,0,0.000605211721206184,0,0,0,0,0,3.82298514805241e-06,0,0.0065252105161613,0,0,0,0,0,0,0,0,0,0.0110690818092921,0,0,0,0,0,0.00179550060199041,0,0.00821431401863353,0,0,0,0,0,0,0,9.30248365952765e-05,0,0,0,0,0,0,0,0,0,0.0555192944360834,0,0.000727754203475523,0,0,0,0,0.00468777218599099,0,0,0,0,0,0,0,0,0,0.00610471128170361,0,0,0,0,0,0.000902758397655604,0,0.000218872545909151,0.00145580355579275,0,0.000274170117810993,0,0
0,0,0,0,0,0,0,0,0,0,0,0,0,6.63669757555389e-05,0,0,0,0,0,0.0231058767553457,0,0,0,0,0,0,0,0,0,0.0297058208814041,0,0,0,0,0,0.000450053992704204,0,0.00429054279372194,0,0,0,7.52393647513935e-06,0,0,0,0,0,0,0,0,0,0.000350429572990382,0,0,0,0,0,0.105374211171097,0,0,0,0,0.00187424104001186,0,0,0,0,0,0,0,0,0,0.00719283125344711,0,0,0,0,0,1.1982992119588e-05,0,0.000261629948553617,0,0.00112929330181573,0,0.000157956404498892,0,0
0,0,0,0,0,0,0,0,0,0,0.000605211721206184,0,0,0,0.000380618876079097,0,0,0,0,0,0,0,0,0,0,0,0,0,0.00020913797390617,0,0,0,0,0,0,0,0,0,0,0,0,0,0,0,0,0,0,0,0,0,0,0,0,0,0,0,0.00225760644704603,0,0.00877334932224982,0,0,0,0,0,0,0,0,0,0,0,0,5.89079381419916e-05,0,0,0,0,0,0,0,0,0,0,2.57037027040496e-06,0,0,0,0
0,0,0,0,0,0,0,0,0,0,0,6.63669757555389e-05,0,0,0,0.00800884971954348,0,0,0,0,0,0,0,0,0,8.17223267561302e-05,0,0.000427143556046228,0,0,0,0,0,0,0,0,0,0,0,0,0,0,0,0,0,0,0,0,0,0,0,0,0,0,0,0,0,0,0,0.00537623733366024,0,0.000530094395379369,0,0,0,0,0,0,0,0,0.000281043858753511,0,0,0,0,0,0,0,0,0,0,0,3.47951520021688e-06,0,0,0,0
0,0,0,0,0,0,0,0,0.00177828631160962,0,0,0,0.000380618876079097,0,0,0,0.00134513294967378,2.61976861680373e-05,0,0,0,0,0,0,0,0,0.00337587015009994,0,0,0,0,0,0,0,0,0,0,0,0,0,0,0,0,0,0,0,0,0,6.45963927206143e-05,0,0,0,0,0,0.00265272162092327,0,0,0,0.000208525516182066,0,0.0214651778343089,0,0,0,0,0,0,0,0,5.23466153089323e-05,0,0,0,0,0,0,0,0,0,0,0,0,0.000203528637124686,2.7405257111725e-05,0,0,0
0,0,0,0,0,0.00560539365744692,0,0,0,0.0299288545784196,0,0,0,0.00800884971954348,0,0,0,6.44313067561116e-05,0,0,0,0,0,0.000965686661324294,0,0,0,4.32105443906039e-05,0,0,0,0,0,0,0,0,0,0,0,0,0,0,0,0,0,0,0,0,0,0,0,0.000403393924490804,0,0,0,0.0370030326381824,0,0,0,0,0,0.0515085054680661,0,0,0,0,0.00115076914691255,0,0,0,0,0,0,0,0,0,0,0,0,0,0,0,0.000197167322071059,0,0,0,0
0,0,0,4.2719017463567e-06,0,0,0,0,0.000806936824353123,0,0,0,0,0,0.00134513294967378,0,0,0.103314038013245,0.0516164541290021,0,0,0,0.00191414807764183,0,0.00671729143385636,0,0.0113442765534661,0,0,0,0,0,0,0,0,3.56735415369313e-05,3.34919040704739e-05,4.38503695433565e-06,2.24301168548873e-06,0.000188630772830907,0.000258452980255493,0.000235124504337154,0.000482774576994456,0,0,0.000430129952972779,0.000427385293510854,0,0,0,0,0,0,0,2.57270480153577e-05,0,1.1840676182389e-05,0,0,0,0.000450735810952232,0,2.34443605362703e-05,9.23102280165796e-05,0,0.000384310439971689,0,0.000204262682828136,0,0.0037995127968225,0,0,0.000125820114602413,7.05850541749558e-05,0,0,0,0,0.000211555623356024,0.000348880692578527,0.000146898492335658,0.000199184475411585,0.0283116788731576,0.00924090143313561,0.000547742723649259,0.000190425742399025,8.15065297997279e-05
0,0,0,0,0,0,0,0,1.54852407196939e-05,0,0,0,0,0,2.61976861680373e-05,6.44313067561116e-05,0.103314038013245,0,0.0525350911325255,0,0,0.000875302758379121,0,0.000887556392812035,7.3875898165797e-05,0.00245971271702532,1.86629391105744e-05,0,0,0,0,0,0,0,0,5.56143232359856e-05,1.82574291005753e-05,1.26180208054102e-05,3.98774251807177e-06,0.000532237995704813,0.000200950076081212,0.000622940373393189,0.000180139007985512,6.15177162439223e-06,0,0.00045805924872898,0.000165139304817777,0,0,2.84692314282718e-05,0,2.14406197433709e-05,0,0,0,0,0,3.24971299336591e-06,0,0,1.26006669094264e-05,0.00046417614103896,9.14345120196853e-05,4.94469288737196e-05,0.000871227555452611,0,0.00122161113214893,0,0.001118096353954,0,8.74196696393736e-06,0,0.00017040752003744,1.57722433873729e-05,0,0,0,0,0.000288286481886351,0.000193004458300586,0.000327193193851803,6.33536046847739e-05,0.036170152242454,0.00101758929431519,0.000701276130813796,0.000379632029253171,3.52362520823798e-05
0.0024686723797307,0.000546695771402568,0.000193405204065142,7.61349914914549e-05,0,0,0,0,0.000224982138031935,1.42911846502843e-05,3.82298514805241e-06,0,0,0,0,0,0.0516164541290021,0.0525350911325255,0,4.59997773134965e-05,5.05447844817227e-05,2.19251401969293e-05,0,0,6.92986162550372e-06,0,0,0,0,0,0,0,0,0,0,0.00104939505096853,0.000658195585617348,0.000377766663308686,0.000140694207985619,0.0178390228097282,0.0169468202408815,0.0186704078592245,0.0148244741917715,0.000124026551886687,0,0.0204094686036729,0.0141662759408796,0,7.73668505191276e-05,0.000982465467290618,6.02386549030851e-06,4.14483899800462e-06,0,0,0,0,0.00154616873383697,0.00037901970606521,0,0,0,0.000174205629014254,0.00277784302998775,0.00500804386234076,1.8695853298711e-05,0,4.63663216437952e-06,0,0,0,0.00061260233598288,0.000112211307521979,0.0105278816462675,0.0101725310457652,0,0,0,0,0.00776962692479226,0.0148403592855713,0.0083570508929528,0.00713096641656147,0.010365209733623,2.77464018794655e-05,0.0322445225289454,0.00785866576435184,0.00408577127063701
0,0,0,0,0,0.0024580888153413,0,0,0,0,0,0.0231058767553457,0,0,0,0,0,0,4.59997773134965e-05,0,0,0,0,0,0,0,0,0,0,0,0,0,0,0,0,0.0134071989556509,0,0.00272393172475525,0,0,8.19609053077106e-06,0,0,0,0,8.24501310076135e-05,0,0,0,0,0,0.00342090023216302,0,0,0,0,0,0.00871668717457794,0,0,0,0,0.0646857057878222,0,0,0,0,0,0,0,0,0,1.69638571658848e-05,0,0,0,0,0,0.00188784357313209,0,0.000117687728279322,0,0.000282640029388835,0,6.72595774662194e-05,0,0
0,0,0.000297389471994651,0,0.0128954423865503,0,0.000731252530005729,0,0,0,0.0065252105161613,0,0,0,0,0,0,0,5.05447844817227e-05,0,0,0,0,0,0,0,0,0,0,0,0,0,0,0,0,0,0.00673335699189076,0,0.00192967244448641,0,6.24532655052755e-06,5.04142517717548e-06,2.2080503327011e-05,0,0,0,0.000859372081296976,0.000140871564042126,0,0,0.000606861596493284,0,0.000650892094750125,0,0,0,0.00145930783879465,0,0,0,0,0,0,0.0720012106365608,0,0,0,0,0,0,0,0,0,0.000755833969041131,0,0,0,0,0,0.0025860243970818,0,0.00169205486072413,0.000553039407861948,1.18768783639549e-05,0.00260384630381833,0,0
0,0,0,1.36463318886062e-05,0,0,0,0,0,0,0,0,0,0,0,0,0,0.000875302758379121,2.19251401969293e-05,0,0,0,0.00169843796250853,0.0034195628891002,0,0.000464225048149701,0,0.00012824683137974,0,0,0,0,0,0,0,0,0,0.0149749032310358,0,1.64625463258926e-05,0,7.61569043724862e-05,0,0,0,5.68744025332353e-06,0,0,0,0.00633823591000491,0,0,0,0,0,0,0,6.08596201751442e-05,0,5.19688628865734e-05,0,0,4.06448995184212e-05,0,0.0567732872370892,0,0.0034045128810387,0,0.000643578454398406,0,0.00102823231933482,0,9.86458102547505e-05,0,0,0,0,0,2.73749102423646e-06,0,0.00784541656768161,3.60762764002937e-06,0.00168788824544535,0.000281595525753041,8.6285084369534e-05,2.15624743214239e-05,0
0,0,0,0,0,0,0,0,0,0,0,0,0,0,0,0,0.00191414807764183,0,0,0,0,0.00169843796250853,0,0,0.00196534367933552,0,0.00117014622667853,0,0.000418804458999402,0,0,0,0,0,0,0,0,0,0.00512906841667782,0,0,0,0,0,0,0,0,0,0.000293266748214508,0,0,0,0,0,0,0,0,0,0,0,0,0,0,0,5.79618832860982e-05,0.0606304824624652,0,0.00561573709477072,0,0.000973350536634072,0,0,0,0,0,0,0,0,0,0,0,0.00204589862983224,0.000872557240192957,0,6.27338296329579e-05,0,0
0,0,0,0,0,0,0,0,0,0.00423527219625129,0,0,0,0,0,0.000965686661324294,0,0.000887556392812035,0,0,0,0.0034195628891002,0,0,0,0.0305090843871163,0,0,0,0,0,0,0,0,0,0,0,0.00257972079840477,0,0,0,0,0,0,0,0,0,0,0,6.25709040516756e-05,0,0,0,0,0,0.0208202197668515,0,1.39282410489763e-05,0,5.12363302017935e-05,0,0.00823015309085138,0,0,0.0065587560518167,0,0.0959284218252859,0,0.0174867735207345,0,4.43763209521413e-05,0,0,0,0,0,0,0,0,0,0.00285155817663554,0,0.000226717033032557,0,0.000310204056087611,0,0
0,0,0,0,0,0,0,0,0.0085586446552338,0,0,0,0,0,0,0,0.00671729143385636,7.3875898165797e-05,6.92986162550372e-06,0,0,0,0.00196534367933552,0,0,0,0.0200271200443982,0,0,0,0,0,0,0,0,0,0,0,0.00251085524701064,0,0,0,0,0,0,0,0,0,0.00107850423145619,0,0,0,0,0,0.00329615196677383,0,0,0,0,0,0,0,0,0,0,0.000421714848373125,0,0.0509963965266271,0,8.73812033396542e-05,0,0,0,0,0,0,0,0,0,0,0,0.00118503032093233,0.00173155463645207,0,0.00186229334275125,3.75346078090783e-05,0
0,0,0,0,0,0,0,0,0,0,0,0,0,8.17223267561302e-05,0,0,0,0.00245971271702532,0,0,0,0.000464225048149701,0,0.0305090843871163,0,0,0,0.0115136608178236,0,0,0,0,0,0,0,0,0,0,0,0,0,0,0,0,0,0,0,0,0,3.05447969016666e-05,0,0,0,0,0,0,0,0,0,2.23135083692456e-05,0,0.000605867963173752,0,0,0.00279098551997409,0,0.0134953919031907,0,0.0396973375684134,0,0.000442769813604622,0,0,0,0,0,0,0,0,0,0,0,0.000469309231374406,0,0,0,0
0,0,0,0,0,0,0,0,0.000111059328624246,0,0,0,0,0,0.00337587015009994,0,0.0113442765534661,1.86629391105744e-05,0,0,0,0,0.00117014622667853,0,0.0200271200443982,0,0,0,0.00152377062784561,0,0,0,0,0,0,0,0,0,0,0,0,0,0,0,0,0,0,0,0,0,0,0,0,0,0,0,0,0,0,0,0,0,0,0,0,0,0,0.0148975871859797,0,0.00392058825951819,0,5.96249592490494e-05,0,0,0,0,0,0,0,0,0,0,0.000190452439673089,0,0,0,0
0,0,0,0,0,0,0,0,0,0,0,0,0,0.000427143556046228,0,4.32105443906039e-05,0,0,0,0,0,0.00012824683137974,0,0,0,0.0115136608178236,0,0,0,0.00730615545930999,0,0,0,0,0,0,0,4.63078284254972e-05,0,0,0,0,0,0,0,0,0,0,0,0,0,0,0,0,0,0,0,6.80443245102188e-05,0,0.000968634183911825,0,4.34404864790849e-05,0,0,3.92595733746371e-05,0,0,0,0.0103305831692877,0,0.0134853960014721,0,0.00129016316643094,0,0,0,0,0,0,0,0.000305641630889485,0,2.13879031165055e-05,0,0,0,0
0,0,0,0,0,0,0,0,0,0,0,0,0.00020913797390617,0,0,0,0,0,0,0,0,0,0.000418804458999402,0,0,0,0.00152377062784561,0,0,0,0.00451067294843542,0,0,0,0,0,0,0,0,0,0,0,0,0,0,0,0,0,0,0,0,0,0,0,0,0,0,0,0.00160371490562764,0,0,0,0,0,0,0,0,0,0,0,0,0.00721132217876282,0,0.00169932962542961,0,0,0,0,0,0,0,3.07345499576982e-06,0,0,0,0,0
0,0,0,0,0,0,0,0,0,0,0,0.0297058208814041,0,0,0,0,0,0,0,0,0,0,0,0,0,0,0,0.00730615545930999,0,0,0,0,0,0,0,0,0,0.00648113291585017,0,0,0,0,0,0,0,0,0,0,0,0,0,0,0,0,0,0,0,0.00382496274950934,0,0,0,0,0,0,0,0,0,0,0,0,4.43699970625762e-05,0,0.0909261029456864,0,0,0,0,0,0,0,0.00156468135026247,0,9.92202094433055e-05,0,0,0,0
0,0,0,0,0,0,0,0,0,0,0.0110690818092921,0,0,0,0,0,0,0,0,0,0,0,0,0,0,0,0,0,0.00451067294843542,0,0,0,0,0,0,0,3.04673648532415e-06,0,0.000837013044475822,0,0,0,0,0,0,0,0,0,0,0,0,0,0,0,0,0,0.00969563419690483,0,0,0,0,0,0,0,0,0,0,0,0,0,0,0,0,0.0326269552736171,0,0,0,0,0,0,0,0.000670003528202858,2.72132010788791e-05,0,0,0,0
0,0,0,0,0,0,0,0,0,0,0,0,0,0,0,0,0,0,0,0,0,0,0,0,0,0,0,0,0,0,0,0,0.0065182979646021,0.00527107352681231,0,0.00566106859009091,1.27035689067682e-05,0,0,0,0,0,0,0,0,0,0,0.0578211881503756,0,9.02023216228483e-05,0,0,0,0,0,0,0,0,0,0,0,0,0,0,0,0,0,0,0,0,0,0,0,0,0.198323932168528,0.0110303357548492,0.00172995269825189,0,0.00617514185798374,1.72652763787832e-05,0,0,8.0958246268072e-05,0,0,0,0
0,0,0,0,0,0,0,0,0,0,0,0,0,0,0,0,0,0,0,0,0,0,0,0,0,0,0,0,0,0,0,0.0065182979646021,0,0,0,0.000184214529909253,0.0139887976118794,0,0,0,0,0,0,0,0,0,0,0.0687162886140822,0.00033890364610695,0,0,0,0,0,0,0,0,0,0,0,0,0,0,0,0,0,0,0,0,0,0,0,0,0,0.00107230445036327,0.0709144916998894,0,2.64964767133548e-05,0.000278728231725529,0.00281335215850069,0,0,0.00130209385250238,0,0,0,0
0,0,0,0,0,0,0,0,0,0,0,0,0,0,0,0,0,0,0,0,0,0,0,0,0,0,0,0,0,0,0,0.00527107352681231,0,0,0.004881141346168,0.0144356733015593,0,0.0022297063754481,0,0,0,0,0,0,0,0,0,0.0555580606251942,0,0,0,0,0,0,0,0,0,0,0,0,0,0,0,0,0,0,0,0,0,0,0,0,0,0,0.00389306226402474,0,0.208386084972209,0.00522682600612967,0.000590461976992012,0,0.00274815426848385,0,0.000348335970589102,0.000109632318235806,0.000171827799635003,0,0
0,0,0,0,0,0,0,0,0,0,0,0,0,0,0,0,0,0,0,0,0,0,0,0,0,0,0,0,0,0,0,0,0,0.004881141346168,0,0,0.0145221694697667,4.05622706250042e-06,0.00727289078952485,0,0,6.38957701424821e-06,0,0,0,0,0,0.0411390761463426,0.000674910865562295,0,0,0,0,0,0,0,0,0,0,0,0,0,0,0,0,0,0,0,0,0,0,0,0,0,0,0.00343740510963996,0.00906990091578157,0.176380446776466,0,0.00579763376234821,0,0.0039105164036495,0.000236683654960845,0,0,0,0
0,0,0,4.06388133668982e-05,0,0.000275025610072923,0,0,0,0,0,0.000450053992704204,0,0,0,0,3.56735415369313e-05,5.56143232359856e-05,0.00104939505096853,0.0134071989556509,0,0,0,0,0,0,0,0,0,0,0,0.00566106859009091,0.000184214529909253,0.0144356733015593,0,0,0.00152794065714348,0.0123098466589982,2.25420461802768e-06,0.000126823637658426,3.20996333501593e-06,0.000385241991251648,5.27457597567033e-06,2.68025535304895e-06,0,0.000535662992862236,6.05120518484325e-06,0.00112307040467716,3.7597121502745e-06,0.000129137629298123,0,0.000496462732272059,0,0,0,4.84538262892736e-06,0,0.000707443718729157,0,4.08291932094181e-05,0,0,0.00777515609904235,2.30189719230011e-06,0,0,0,0,0,0,0,0,2.32913463933662e-05,1.49250948266471e-06,0.00176855886337272,9.63948316634888e-05,0.00599245037653934,0,0.0703493388062782,0.00021480778503622,0.0057889381716342,2.74181522903728e-06,0.00364613119544157,0.000936910370732825,0.00152539582621893,0.00035610127457437,0
1.34797293218121e-05,0,0,0,3.9435043402633e-05,0,0,0,0,0,0.00179550060199041,0,0,0,0,0,3.34919040704739e-05,1.82574291005753e-05,0.000658195585617348,0,0.00673335699189076,0,0,0,0,0,0,0,0,0,3.04673648532415e-06,1.27035689067682e-05,0.0139887976118794,0,0.0145221694697667,0.00152794065714348,0,6.74965434270926e-06,0.00934851484241779,1.19548751373804e-06,5.82530379623718e-05,7.17400946379129e-06,0.000329046795717813,0,0,1.30608010190389e-05,0.000559357565583034,0.00069964450577544,5.22197612895815e-05,6.94334706787043e-06,0,0,0,0,0,0,0.000147316282752335,0,0,0,0,0,1.04249275152678e-06,0.00338715832472471,0,0,0,0,0,0,0,1.66886875312234e-06,0,0.000238273147872782,1.00797701906055e-05,0.00570237588261935,0,0.00789209774673306,0.000367599288707272,0.0617914461225645,5.4573992962052e-06,0.000641034846811386,0.00533975827976019,0.000662667879274972,0.00177560430408372,0,4.45130372969089e-05
0,1.44264727285905e-05,0,0,0,0,0,0,0,0.000575226304303465,0,0.00429054279372194,0,0,0,0,4.38503695433565e-06,1.26180208054102e-05,0.000377766663308686,0.00272393172475525,0,0.0149749032310358,0,0.00257972079840477,0,0,0,4.63078284254972e-05,0,0.00648113291585017,0,0,0,0.0022297063754481,4.05622706250042e-06,0.0123098466589982,6.74965434270926e-06,0,0.000479196803332171,3.36079149862811e-05,0,0.00109518693045909,3.07207689445697e-05,2.49689291999653e-06,0,0.000215410236236311,2.67244889616048e-06,0.0127957421809126,1.36491321214204e-05,0.00289546182750874,0,0,0,0,0,0.00110518866217027,0,0.00390805308550911,0,0,0,0,0.000678766291496973,1.66676605911644e-06,0.00292540793379556,0,0.000725280866865723,0,0,0,4.06907844573501e-05,0,0.00284336096422356,0,0,0,0.00190343927017788,0,0.00560840974968285,3.40684874939083e-06,0.0435157071103573,0.000680902373760709,0.00227916122038799,0.000402576975352654,0.00185590696838948,0.000177911097795263,0
0,0,0,0,0,0,0,0,0.00190359115210296,0,0.00821431401863353,0,0,0,0,0,2.24301168548873e-06,3.98774251807177e-06,0.000140694207985619,0,0.00192967244448641,0,0.00512906841667782,0,0.00251085524701064,0,0,0,0,0,0.000837013044475822,0,0,0,0.00727289078952485,2.25420461802768e-06,0.00934851484241779,0.000479196803332171,0,0,1.84454603533907e-05,0,0.000148618498682977,0,0,2.85495093175131e-06,6.63694174022451e-05,0.00275078101445423,0.00386664790000487,0,0,0,0,0,0.000339106455924128,0,0.000249903331945188,0,0,0,0,0,0,0.000191580037531531,0,0.000848730491572864,0,0.00111800668649736,0,0,0,0,0,4.31772509199341e-06,0,0,0,0.00316734914592242,0,0.00633694746284591,7.932279774904e-05,0.0436597456191591,0.00271729398752901,0.000178955238429732,0.00212536492297054,1.60137972504076e-05,3.45992480428806e-05
0,0,7.23677759578495e-05,0.00151828309567607,0,5.3902924390816e-05,0,0,0,0.000123373101258289,0,0,0,0,0,0,0.000188630772830907,0.000532237995704813,0.0178390228097282,0,0,1.64625463258926e-05,0,0,0,0,0,0,0,0,0,0,0,0,0,0.000126823637658426,1.19548751373804e-06,3.36079149862811e-05,0,0,0.000286571398338395,0.0702203893351998,0.00026065041261363,0.000214239274454094,0,0.023533054091075,0.000323803064277027,0.000113030900937203,0,0.0138407368560858,0,0.000580810489550954,0,0,0,0.000479682742955373,8.25200288146373e-05,0.000117855643044174,6.05749961423015e-06,5.19902648933593e-05,0,0.000306375192596037,0.00544874233496455,0.000180111746710335,5.52734854536316e-05,0,0,0,0,0,7.81034218703094e-05,0,0.00341000887148788,1.66042885542702e-05,0,0,0,0,0.00232743809968864,0.000206262566782343,0.00133704618512174,3.00722664269086e-05,0.000474539318881849,3.73921978145192e-05,0.0284786391577398,0.0161637810210617,3.19701799703434e-05
0.000183319693026877,0,0.000310621831421693,8.53341383249097e-05,0.000563042924566368,0,0,0,0,0,0,0,0,0,0,0,0.000258452980255493,0.000200950076081212,0.0169468202408815,8.19609053077106e-06,6.24532655052755e-06,0,0,0,0,0,0,0,0,0,0,0,0,0,0,3.20996333501593e-06,5.82530379623718e-05,0,1.84454603533907e-05,0.000286571398338395,0,0.000488660062202518,0.0532893114952066,0,0,0.000320119991133497,0.0114838772339812,0.000393092510424208,0.00620652382193857,5.08334492226259e-05,0.0001512378458003,2.15400035514218e-05,0,0,0.000225413171481579,0,0.000799892948481614,0,4.96700123750653e-05,0,0,0,2.1178920132999e-05,0.00336350864332603,0,0,0,0,0,0,5.85928444589217e-06,2.22697853327488e-05,2.15363134557438e-05,0.00125916112443676,0,0,0,0,5.87711830888846e-05,0.00267373234692561,8.87443970046682e-05,0.000392458159937653,0.000470502575054155,1.94068991604771e-05,0.0265286162811739,5.21410592970351e-05,0.00662239831957545
0,0.0115553744484579,5.45098872797487e-06,0.00355363278359715,0,0.00037054740126862,0,0,0,0.000298358450741367,0,7.52393647513935e-06,0,0,0,0,0.000235124504337154,0.000622940373393189,0.0186704078592245,0,5.04142517717548e-06,7.61569043724862e-05,0,0,0,0,0,0,0,0,0,0,0,0,6.38957701424821e-06,0.000385241991251648,7.17400946379129e-06,0.00109518693045909,0,0.0702203893351998,0.000488660062202518,0,0.0128517520842253,0.000256586522575976,0,0.0205719514230275,0.000603875417643809,0.00152081736131687,0.000126340783352429,0.0396518030453359,0,0.000514787158099166,0,0,0,0.000943398132842114,9.20049454175846e-06,0.00277887026691399,0,5.7859087419021e-05,0,0.00126758408651194,0.0106571977474859,0.000105768781805995,0.000355314883214627,0,0.000404927326067433,0,0.000381238494365875,0,0.00300485102673489,0,0.037102454559658,5.44509107107329e-06,0,0,0,0,0.00771926158922751,0.000265677884781042,0.00459298040077037,0.000171966316139946,0.00352466716045783,0.000211315828553925,0.0762370248568721,0.0153836041324221,8.94644708242527e-05
0.000761528814090858,0,0.00980096173709478,2.48808753798518e-05,0.00123113770492468,0,0,0,0.00139874925587016,0,0,0,0,0,0,0,0.000482774576994456,0.000180139007985512,0.0148244741917715,0,2.2080503327011e-05,0,0,0,0,0,0,0,0,0,0,0,0,0,0,5.27457597567033e-06,0.000329046795717813,3.07207689445697e-05,0.000148618498682977,0.00026065041261363,0.0532893114952066,0.0128517520842253,0,0,0,0.000277192826919706,0.0134045981469704,0.00219494760699911,0.00654422400664367,2.13121755993416e-05,0.000401862915673392,0,0,0,0.00047010941291475,0,0.0166540789010506,6.24007874581322e-06,0.000767736087643805,0,0,9.57947120737296e-05,2.53477340304564e-05,0.00491899434782108,0,0,0,4.05595627201577e-05,0,0,2.80699246649381e-05,0.00257538834592979,0.000121339161962012,0.0537700576218475,0,0,0,0,0.000100321551824192,0.0126493488107472,9.24980823794352e-05,0.00286247807190363,0.00294418298615498,8.1977128755563e-05,0.0657439042311608,0.000105580597344743,0.0165067051983654
0,0,0,0,0,0,0,0,0,0,0,0,0,0,0,0,0,6.15177162439223e-06,0.000124026551886687,0,0,0,0,0,0,0,0,0,0,0,0,0,0,0,0,2.68025535304895e-06,0,2.49689291999653e-06,0,0.000214239274454094,0,0.000256586522575976,0,0,0,7.81936025616948e-05,0,0,0,0,0,0,0,0,0,0,0,0,0,0,0,0,0,0,0,0,0,0,0,0,0,0,0,0,0,0,0,0,5.13181956127948e-05,0,6.1687305815733e-05,0,0,0,7.03175056331103e-05,0,0
0,0,0,0,0,0,0,0,0,0,0,0,0,0,0,0,0,0,0,0,0,0,0,0,0,0,0,0,0,0,0,0,0,0,0,0,0,0,0,0,0,0,0,0,0,0,0,0,0,0,0,0,0,0,0,0,0,0,0,0,0,0,0,0,0,0,0,0,0,0,0,0,0,0,0,0,0,0,0,0,0,0,0,0,0,0,0
0,0,0,0.000570997901737509,0,2.44029083220346e-05,0,0,0,0.000130179168458596,0,0,0,0,0,0,0.000430129952972779,0.00045805924872898,0.0204094686036729,8.24501310076135e-05,0,5.68744025332353e-06,0,0,0,0,0,0,0,0,0,0,0,0,0,0.000535662992862236,1.30608010190389e-05,0.000215410236236311,2.85495093175131e-06,0.023533054091075,0.000320119991133497,0.0205719514230275,0.000277192826919706,7.81936025616948e-05,0,0,0.000453972736158641,0.000627154589665945,0,0.00130913022541539,0,0.000348391391716129,0,0,0,0.000122097797050701,1.90639362274116e-05,0.000260948499275621,0,0.000126904909904785,0,0.000309952618251698,0.0271461456886056,0.000153596341496334,2.42045215282167e-05,0,2.04939979070219e-05,0,2.06409899680773e-05,0,0.00027922071676774,0,0.00311378200270259,0.000161569850922674,0,0,0,0,0.0133086112669215,0.000343745881667124,0.00731231574063949,0.000111727533996937,0.000723489429246898,5.90059736167208e-05,0.0125741934512619,0.00128821782243424,0.00013281786870918
3.72669332427653e-05,0,0.000223074556872696,2.98010720408473e-05,2.047831763374e-05,0,0,0,1.46593313924446e-05,0,9.30248365952765e-05,0,0,0,0,0,0.000427385293510854,0.000165139304817777,0.0141662759408796,0,0.000859372081296976,0,0,0,0,0,0,0,0,0,0,0,0,0,0,6.05120518484325e-06,0.000559357565583034,2.67244889616048e-06,6.63694174022451e-05,0.000323803064277027,0.0114838772339812,0.000603875417643809,0.0134045981469704,0,0,0.000453972736158641,0,0.000201633608746536,0.00164802575962017,2.13288700544197e-05,3.66888725565899e-05,0,0,0,0,0,0.00202979927253053,0,3.278516238772e-05,0,0,7.47300930358198e-05,6.3107689159861e-05,0.0515411412093333,0,0,0,0,0,0,4.34028116546794e-06,5.61991335218684e-05,0.000146314493975758,0.00465056422750756,0,0,0,0,9.95550331706262e-05,0.0138519998610825,1.98802176246812e-05,0.00616084116079786,0.000496275940588468,7.45774709698994e-06,0.0146217630158196,6.02485711198936e-05,0.000471900254752348
0,0,0.000171509943570524,0.000523050964579871,0,0.000272754634316,0,0,0,0,0,0,0,0,0,0,0,0,0,0,0.000140871564042126,0,0,0,0,0,0,0,0,0,0,0.0578211881503756,0.0687162886140822,0.0555580606251942,0.0411390761463426,0.00112307040467716,0.00069964450577544,0.0127957421809126,0.00275078101445423,0.000113030900937203,0.000393092510424208,0.00152081736131687,0.00219494760699911,0,0,0.000627154589665945,0.000201633608746536,0,0.076318821771972,0.0824573343059784,0,0.000262217200133868,0,0,0,0,0.000270224285357153,2.50566889953077e-05,0,4.22252574690358e-05,0,0.000388012777166466,2.00459352467594e-05,2.22044966449433e-05,0,1.74827831363393e-05,1.25950543402309e-05,0.000175675678689225,0,0,1.96090726002057e-05,0,0.000249722622781834,1.29985500337342e-05,0.106018896406619,0.203370969190378,0.0206574840253214,0.00736778040815049,0.0158161390703071,0.016097284214152,0.00119110970586498,0.00279986239516025,0.00480718886583683,0,0.0279600866482606,7.63406439874608e-05,0
0.0166524631216365,0,0.00459041205160769,0,0.000784863104293557,0,0,0,0.00446844197801559,0,0,0,0,0,6.45963927206143e-05,0,0,0,7.73668505191276e-05,0,0,0,0.000293266748214508,0,0.00107850423145619,0,0,0,0,0,0,0,0.00033890364610695,0,0.000674910865562295,3.7597121502745e-06,5.22197612895815e-05,1.36491321214204e-05,0.00386664790000487,0,0.00620652382193857,0.000126340783352429,0.00654422400664367,0,0,0,0.00164802575962017,0.076318821771972,0,0.00116670416202464,0.000756261990776862,0,0,0,0.00213321538972184,0,0.00545479139483184,0,0.000441062741609497,0,0.00258206853545022,0,0,0.00084817748567111,0,0.012343692523796,0,0.00704777947389226,0,0.00278538503672482,0,0.0098953243101404,0,0.00243901299899067,0,0.000269269498132107,0,0.00195879618448356,0,0.00168561207097187,0,0.00456105232442589,0.00392694504211755,3.60049557949187e-05,0.0244346766760488,0,0.000152377009094372
0,0.00246061179380263,0,0.00544600080914801,0,0.000511072051811373,0,0,0,0.000662447800154696,0,0,0,0,0,0,0,2.84692314282718e-05,0.000982465467290618,0,0,0.00633823591000491,0,6.25709040516756e-05,0,3.05447969016666e-05,0,0,0,0,0,9.02023216228483e-05,0,0,0,0.000129137629298123,6.94334706787043e-06,0.00289546182750874,0,0.0138407368560858,5.08334492226259e-05,0.0396518030453359,2.13121755993416e-05,0,0,0.00130913022541539,2.13288700544197e-05,0.0824573343059784,0.00116670416202464,0,0,0.00126506025004762,0,0,0,0.00234827614007873,7.83853523146309e-05,0.00453763889652086,0,0.000993573675213202,0,0.00361402452840837,0.00311963955509677,1.62427173962753e-05,0.0122764922398746,0,0.00907293854500963,0,0.00217760493438864,0,0.00874930312829965,0,0.0180652573624406,0,0,0,0.000743858234272921,0,0.00444079950999023,1.88837782167176e-05,0.0075316324243711,9.24823690332915e-06,0.00200532050611981,7.58852811157893e-05,0.0240385597956679,0.000322205223975046,0
0,0,0.000678287320100307,0,0.0589484361286459,0,0,0,0.00409005381594678,0,0,0,0,0,0,0,0,0,6.02386549030851e-06,0,0.000606861596493284,0,0,0,0,0,0,0,0,0,0,0,0,0,0,0,0,0,0,0,0.0001512378458003,0,0.000401862915673392,0,0,0,3.66888725565899e-05,0,0.000756261990776862,0,0,0,0,0,0.00298245931027238,0,0.00324848464716945,0,0.00174880544637781,0,0.00502628750246786,0,0,0.000107207157016677,0,0,0,0,0,0,0,0,0,0.000280332812530969,0,0,0,0,0,1.03718077418509e-05,0,0,0.000149969419649157,1.5261457622037e-06,0.0106219823191822,0,0
0,0,0,0.0118383626076627,0,0.0973210743472835,0,0.00301991620444457,0,0,0,0.000350429572990382,0,0,0,0.000403393924490804,0,2.14406197433709e-05,4.14483899800462e-06,0.00342090023216302,0,0,0,0,0,0,0,0,0,0,0,0,0,0,0,0.000496462732272059,0,0,0,0.000580810489550954,2.15400035514218e-05,0.000514787158099166,0,0,0,0.000348391391716129,0,0.000262217200133868,0,0.00126506025004762,0,0,0,0.000814415165223181,0,0,0,0.00118473661151744,0,0.00224709372310639,0,0.0228845358417057,0.00547858053274998,0,0,0,0,0,0,0,0,0,0.000167047729499995,0,0,0,0,0,0.000855196519637549,0,3.80417359214671e-05,0,0.000806356572875183,0,0.00784054514812742,0.000282876785007743,0
0,0,0,0,0,0,0.0064861729418321,0,0,0,0,0,0,0,0,0,0,0,0,0,0.000650892094750125,0,0,0,0,0,0,0,0,0,0,0,0,0,0,0,0,0,0,0,0,0,0,0,0,0,0,0,0,0,0,0,0,0,0,0,0.0191758659793639,0,0,0,0,0,0,0.000997028699173456,0,0,0,0,0,0,0,0,0,0,0,0,0,0,0,0,0,0,8.68378571123685e-05,1.07140506795168e-05,2.032888849464e-05,0,0
0,0,0,0,0,0,0,0.000126646409626119,0,0,0,0,0,0,0,0,0,0,0,0,0,0,0,0,0,0,0,0,0,0,0,0,0,0,0,0,0,0,0,0,0,0,0,0,0,0,0,0,0,0,0,0.000814415165223181,0,0,0,0,0,0.0105470269632962,0,0,0,0,0,0,0,0,0,0,0,0,0,0,0,0,0,0,0,0,0,0,0,0,2.6205691483483e-06,0,0,0,0
0.0246808208048286,0,0.0149513680033286,0,0.00227017969954427,0,0,0,0.109221912206418,0,0,0,0,0,0.00265272162092327,0,2.57270480153577e-05,0,0,0,0,0,0,0,0.00329615196677383,0,0,0,0,0,0,0,0,0,0,0,0,0,0.000339106455924128,0,0.000225413171481579,0,0.00047010941291475,0,0,0,0,0,0.00213321538972184,0,0.00298245931027238,0,0,0,0,0,0.000626088604627863,0,2.59178846686416e-05,0,0.0922340836352581,0,0,0.000227868169472421,0,0,0,0.00627809772369523,0,0.000303821213243814,0,0,0,0.0015395870325332,0,0,0,0,0,2.85334943665136e-06,0,0.00177995664189801,0.000374469342139946,0,0.00337744169180385,0,0.0004984773471986
0,0.0341021572260028,0,0.00721002168159222,0,0,0,0,0,0.147478694237176,0,0,0,0,0,0.0370030326381824,0,0,0,0,0,0,0,0.0208202197668515,0,0,0,0,0,0,0,0,0,0,0,4.84538262892736e-06,0,0.00110518866217027,0,0.000479682742955373,0,0.000943398132842114,0,0,0,0.000122097797050701,0,0,0,0.00234827614007873,0,0,0,0,0,0,0,0,0,0,0,0.0315421463560985,8.04515033430197e-05,0,7.75774978886012e-06,0,0.0611805491190847,0,0,0,0,0,0,0,0,0,0,0,7.95442633970259e-06,0,0.000572445590698108,0,0.000311115243749445,0,0.00148160071905842,0.000189720015269918,0
0.000237886505538601,0,0.00674629780400345,0,0.000528588099671071,0,0,0,3.58368042434887e-05,0,0.0555192944360834,0,0.00225760644704603,0,0,0,1.1840676182389e-05,0,0.00154616873383697,0,0.00145930783879465,0,0,0,0,0,0,0,0,0,0.00969563419690483,0,0,0,0,0,0.000147316282752335,0,0.000249903331945188,8.25200288146373e-05,0.000799892948481614,9.20049454175846e-06,0.0166540789010506,0,0,1.90639362274116e-05,0.00202979927253053,0.000270224285357153,0.00545479139483184,7.83853523146309e-05,0.00324848464716945,0,0.0191758659793639,0,0.000626088604627863,0,0,0,0.0152798516382773,0,0.00345633378235717,0,0,0.0245537344320515,0,0,0,0,0,0.00106026945635148,0,0.00631730357974619,0,0.0605135329773153,0,0,0,0,9.20292639277765e-07,0.000223908042684021,1.68381014851754e-06,0.000181008176291409,0.00114967952538245,9.57042672040866e-06,0.0369256817169845,0,0.0023853815206244
0,0,0,0.00226341495166316,0,0.000219605369365384,0,0.00072955344651656,0,0,0,0.105374211171097,0,0,0,0,0,3.24971299336591e-06,0.00037901970606521,0.00871668717457794,0,6.08596201751442e-05,0,1.39282410489763e-05,0,0,0,6.80443245102188e-05,0,0.00382496274950934,0,0,0,0,0,0.000707443718729157,0,0.00390805308550911,0,0.000117855643044174,0,0.00277887026691399,6.24007874581322e-06,0,0,0.000260948499275621,0,2.50566889953077e-05,0,0.00453763889652086,0,0.00118473661151744,0,0.0105470269632962,0,0,0,0,0,0.00823570543132186,0,5.658960149868e-05,0.0294353921064923,0,0.00105059080694594,0,0.00285395764684322,0,0.00278647785136484,0,0.00891286976850112,0,0.0387787658382727,0,0,0,0,0,0.000412465100565173,4.96235289810956e-06,0.000747388578967232,0,0.000940653022319912,3.27113323316561e-06,0.0139163990059889,7.35631788340539e-05,0
0,0,0,0,0,0,0.000113807720481418,0,0,0,0.000727754203475523,0,0.00877334932224982,0,0.000208525516182066,0,0,0,0,0,0,0,0,0,0,0,0,0,0.00160371490562764,0,0,0,0,0,0,0,0,0,0,6.05749961423015e-06,4.96700123750653e-05,0,0.000767736087643805,0,0,0,3.278516238772e-05,0,0.000441062741609497,0,0.00174880544637781,0,0,0,2.59178846686416e-05,0,0.0152798516382773,0,0,0,0.0108524831576247,0,0,0,0,0,0,0,0,0.00395612176287449,0,0.00148278667604892,0,0.0002566033172015,0,0,0,0,0,0,0,0,3.0778348289036e-06,0,0.00106446732394339,0,0.000175160300255644
0,0,0,0.0034166248924664,0,0.000137943339097763,0,0,0,0,0,0,0,0.00537623733366024,0,0,0,0,0,0,0,5.19688628865734e-05,0,5.12363302017935e-05,0,2.23135083692456e-05,0,0.000968634183911825,0,0,0,0,0,0,0,4.08291932094181e-05,0,0,0,5.19902648933593e-05,0,5.7859087419021e-05,0,0,0,0.000126904909904785,0,4.22252574690358e-05,0,0.000993573675213202,0,0.00224709372310639,0,0,0,0,0,0.00823570543132186,0,0,0,0.00230389105886117,0.00051053088523107,0,0.000965669301105753,0,0.00668417004327515,0,0.0129522951375896,0,0.00826903189043304,0,0,0,0,0,0,0,3.38516024208975e-05,0,1.02592709697619e-05,0,2.41138263792941e-05,0,0.00195705966846976,0,0
0.00258034702647717,0,0,0,0.000638175724534797,0,0,0,0.00575811776019269,0,0,0,0,0,0.0214651778343089,0,0.000450735810952232,1.26006669094264e-05,0,0,0,0,0,0,0,0,0,0,0,0,0,0,0,0,0,0,0,0,0,0,0,0,0,0,0,0,0,0,0.00258206853545022,0,0.00502628750246786,0,0,0,0.0922340836352581,0,0.00345633378235717,0,0.0108524831576247,0,0,0,0,0,0,0,0,0.00209445528120107,0,0.0229654856578523,0,0.000556298587400033,0,0,0,0,0,0,0,0,0,0,0.000191367089066872,0,0,0,0
0,0.00985811373299855,0,0.00600036828259798,0,0.00922600322517301,0,0,0,0.00690363529374695,0,0,0,0.000530094395379369,0,0.0515085054680661,0,0.00046417614103896,0.000174205629014254,0,0,0,0,0.00823015309085138,0,0.000605867963173752,0,4.34404864790849e-05,0,0,0,0,0,0,0,0,0,0,0,0.000306375192596037,0,0.00126758408651194,9.57947120737296e-05,0,0,0.000309952618251698,7.47300930358198e-05,0.000388012777166466,0,0.00361402452840837,0,0.0228845358417057,0,0,0,0.0315421463560985,0,5.658960149868e-05,0,0.00230389105886117,0,0,0.000123100427432924,1.38688902379842e-05,7.44853028322575e-05,0,0.00705633013235578,0,0.00780713272584189,0,8.88847824662772e-05,0,0.000249100627795783,0,0,0,0,0,4.5410730480609e-05,6.08833014326467e-06,3.70264780317814e-05,0,0.000352263542365621,1.36956153151853e-06,0.00248481529571538,0,0
0,0,0,0.000147001271401681,0,0.00121450470880263,0,0,0,0,0,0.00187424104001186,0,0,0,0,2.34443605362703e-05,9.14345120196853e-05,0.00277784302998775,0.0646857057878222,0,4.06448995184212e-05,0,0,0,0,0,0,0,0,0,0,0,0,0,0.00777515609904235,1.04249275152678e-06,0.000678766291496973,0,0.00544874233496455,2.1178920132999e-05,0.0106571977474859,2.53477340304564e-05,0,0,0.0271461456886056,6.3107689159861e-05,2.00459352467594e-05,0,0.00311963955509677,0,0.00547858053274998,0,0,0,8.04515033430197e-05,0,0.0294353921064923,0,0.00051053088523107,0,0.000123100427432924,0,1.45553668303504e-05,0.000347027920476364,0,0.000330177975657763,0,0.000237534394494013,0,0.00313106535727361,0,0.0333389557323497,3.03696546943656e-05,0,0,0,0,0.0169025490578977,3.89801855383245e-05,0.0120595054843166,1.37193529901273e-05,0.000877572248665638,1.38103632212858e-05,0.0192266782036589,0.000246918843850442,1.04816752270745e-05
7.18092202394425e-06,0,0.00142011433678961,0,0.00346632803091665,1.00835910826597e-05,0.000374439815558475,0,7.72622803750858e-05,0,0.00468777218599099,0,0,0,0,0,9.23102280165796e-05,4.94469288737196e-05,0.00500804386234076,0,0.0720012106365608,0,0,0,0,0,0,0,0,0,0,0,0,0,0,2.30189719230011e-06,0.00338715832472471,1.66676605911644e-06,0.000191580037531531,0.000180111746710335,0.00336350864332603,0.000105768781805995,0.00491899434782108,0,0,0.000153596341496334,0.0515411412093333,2.22044966449433e-05,0.00084817748567111,1.62427173962753e-05,0.000107207157016677,0,0.000997028699173456,0,0.000227868169472421,0,0.0245537344320515,0,0,0,0,1.38688902379842e-05,1.45553668303504e-05,0,0,0,0,0,0,0,4.62555126754227e-06,0.000388848274649657,8.82504403606414e-06,0.0121746804660416,0,0,0,0,2.18519562888399e-05,0.022879052778983,0,0.00675562542982109,0.00100902421569981,1.78008146526222e-06,0.0183468788187109,1.96514246730071e-05,0.000544070347422939
0,0,0,0,0,0,0,0,0,0,0,0,0,0,0,0,0,0.000871227555452611,1.8695853298711e-05,0,0,0.0567732872370892,5.79618832860982e-05,0.0065587560518167,0,0.00279098551997409,0,3.92595733746371e-05,0,0,0,0,0,0,0,0,0,0.00292540793379556,0,5.52734854536316e-05,0,0.000355314883214627,0,0,0,2.42045215282167e-05,0,0,0,0.0122764922398746,0,0,0,0,0,7.75774978886012e-06,0,0.00105059080694594,0,0.000965669301105753,0,7.44853028322575e-05,0.000347027920476364,0,0,0,0.0221787833359599,0,0.00700399687888613,0,0.0162725824837343,0,0.000915793359111023,0,0,0,0,0,2.34869223530072e-05,0,0.00727041441937694,0,0.000598043020960968,7.89213375483564e-07,0.000316105207288139,3.06118549921446e-05,0
0,0,0,0,0,0,0,0,0,0,0,0,0,0,0,0,0.000384310439971689,0,0,0,0,0,0.0606304824624652,0,0.000421714848373125,0,0,0,0,0,0,0,0,0,0,0,0,0,0.000848730491572864,0,0,0,0,0,0,0,0,1.74827831363393e-05,0.012343692523796,0,0,0,0,0,0,0,0,0,0,0,0,0,0,0,0,0,0,0.00686903013850235,0,0.00712080074509393,0,0.00124115210479953,0,0,0,0,0,0,0,0,0,0.00178599632786622,0.000195499307142331,0,0.000224599791712652,0,0
