0,0.361542344093323,75.8007242977619,0,5.80819272994995,0,0,0,178.683826655149,0,0,0,0,0,0,0,44.2306755930185,8.01460368931293,180.122425556183,0,0,0,0.213898688554764,0,0,0,0,0,0,0,0,0,0,0,0,0,0.200348913669586,1.76976990699768,0,0,119.172749578953,0.134479373693466,183.53548309207,0,0,2.35289657115936,240.962132006884,0,67.2153926789761,0,0,0,0,0,237.607070565224,0,9.12303809821606,0,0,0,16.3140560984612,0,0,1.27478063106537,0,0,0,0,0,0,0,0,0,8.4753885269165,0,0,0,0,0.625166907906532,355.824361935258,0.344877243041992,18.8938679695129,225.214073777199,0,454.174409255385,0,3.23185636103153
0.361542344093323,0,0,74.9397942274809,0,0,0,0,0,294.609114319086,0,0,0,0,0,4.98525139689445,1.45225763320923,9.63882248103619,172.008356407285,0,0,0,0,0,0,0,0,0,0,0,0,0,0,0,0,0.223418727517128,0,8.62132054567337,0,79.1152253299952,0,1330.92180188,5.6157106757164,0,0,73.5620969235897,0,0.46378755569458,0.896177217364311,321.268583983183,0,0,0,0,0,132.291572868824,0,3.51697745919228,0,0,0,46.8458821475506,1.44441509246826,0,0,0,0,0,0,0,3.48830196261406,0,31.859962284565,0,0,0,0,0,136.119514733553,0,32.492843568325,0,611.417710587382,0,695.768043294549,0.469288021326065,0
75.8007242977619,0,0,0,39.7909199595451,0,0,0,96.810653090477,0,0,0,0,0,0,0,0.130501270294189,0,2.16872365772724,0,0,0,0,0,0,0,0,0,0,0,0,0,0,0,0,0.447295248508453,0,0,0,0,2.71802385151386,0.156607165932655,64.3930745273829,0,0,0,14.0722615718842,0,215.054242305458,0,10.0250648260117,0,0,0,168.788677841425,0,122.146584942937,0,242.732622742653,0,208.139311701059,0,0,2.91612333059311,0,0,0,0,0,0,0,0.907203003764153,0,17.14473092556,0,0,0,0,0.157170206308365,13.3707048594952,0,3.81448011100292,233.084142506123,0,196.550828397274,0,3.88783547282219
0,74.9397942274809,0,0,0,21.6020977795124,0,0,0,157.765427082777,0,0,0,0,0,24.3088476657867,0,0,2.0412924066186,87.9632867574692,0,0,0,0,0,0,0,0,0,0,0,0,0,0,0,332.789152622223,0,0,0,4.09342280030251,0,53.2886387854815,0,0,0,11.0469728410244,0,0,0,518.118872597814,0,20.2335555553436,0,0,0,56.0141662657261,0,123.605482846498,0,8.71252822875977,0,48.5238666832447,205.063969224691,0,0,0,0,0,0,0,0.263831079006195,0,6.01552683115005,0,0,0,0,0,225.670584842563,0,1.14388673007488,0,125.10302708298,2.45584750175476,688.729129999876,0.124034002423286,0
5.80819272994995,0,39.7909199595451,0,0,0,0,0,88.1978354454041,0,0,0,0,0,4.74526977539062,0,0,0,0,0,38.5845156908035,0,0,0,0,0,0,0,0,0,0,0,0,0,0,1.24852192401886,0.460616081953049,0,0,0,0,0,2.06881368160248,0,0,0,0,0,0.402136087417603,0,652.35919958353,0,50.5546706318855,0,81.4949620962143,0,6.26701068878174,0,38.8318953514099,0,2.34241652488708,0,0,6.79121792316437,0,0,0,0,0,0,0,0,0,0,0,0,0,0,0,0.332498401403427,0,0,203.375687107444,0,27.1862801015377,0,0
0,0,0,21.6020977795124,0,0,0,0,0,4.15280032157898,0,0,0,0,0,17.259164750576,0,0,0,0,0,0,0,0,0,0,0,0,0,0,0,0,0,0,0,5.97683000564575,0,0,0,0,0,0,0,0,0,0,0,0,0,32.6432560682297,0,388.04028326273,0,132.811226844788,0,9.47181779146194,0,328.450594127178,0,0,0,83.113384604454,0,0,0,0,0,0,0,0,0,0,0,0,0,0,0,0,0,0,0,0,260.451394021511,111.469970047474,128.720226407051,0,0
0,0,0,0,0,0,0,0,0,0,0,0,6,0,0,0,0,0,0,0,0,0,0,0,0,0,0,0,0,0,0,0,0,0,0,0,0,0,0,0,0,0,0,0,0,0,0,0,0,0,18.2477983236313,0,207.99916100502,0,0,0,0,0,131.006048679352,0,0,0,0,0,0,0,0,0,0,0,0,0,0,0,0,0,0,0,0,0,0,0,5,0,0,0,0
0,0,0,0,0,0,0,0,0,0,0,0,0,126.318811655045,0,0,0,0,0,1,0,0,0,0,0,0,0,0,0,0,0,0,0,0,0,0,0,0,0,0,0,0,0,0,0,0,0,0,0,0,0,4.71351563930511,0,738.080646753311,0,0,0,77.7231534719467,0,139.142852962017,0,0,0,0,0,0,0,0,0,0,0,0,0,0,0,0,0,0,0,0,0,0,71.6340726613998,77.0779272317886,49.6051206588745,0,0
178.683826655149,0,96.810653090477,0,88.1978354454041,0,0,0,0,0,0,0,0,0,568.467984765768,0,0.170998275279999,0,0.24841220676899,0,14.2121782004833,0,0,0,0,0,0,0,0,0,0,0,0,0,0,0,2.67376935482025,0,5.03603744506836,0,0.580138683319092,0,12.5217737853527,0,0,0,1.20119498670101,0,25.6856470406055,0,0,0,0,0,1213.11695425212,0,2.53338606655598,0,0,0,938.704293012619,0,0,6.30270546674728,0,0,0,20.9227071106434,0,3,0,0,0,1.32936084270477,0,0,0,0,0,8.84201887249947,0,0.336909234523773,1860.73153486848,0,209.86375656724,0,0
0,294.609114319086,0,157.765427082777,0,4.15280032157898,0,0,0,0,0,0,0,0,0,273.383145451546,0,63.6037220954895,0,2.95535844564438,0,0,0,42.3277142643929,0,0.53122752904892,0,0,0,0,0,0,0,0,0,21.4960715770721,0,104.152766063809,0,0,0,33.399574816227,0,0,0,0.342901885509491,0,0,0,44.0837091356516,0,0,0,0,0,788.528381317854,0,14.707357019186,0,0,0,36.2021664083004,2.89461569488049,0,0,0,13.2651696205139,0,14.1246472597122,0,3.05172345042229,0,21.1204290091991,0,0,0,0,0,16.0075742453337,0,47.2242300361395,0,1922.56548587978,857.372329592705,117.321127556264,0,0
0,0,0,0,0,0,0,0,0,0,0,0,145.862413883209,0,0,0,0,0,0,0,1423.92786633968,0,0,0,0,0,0,0,0,0,36.3902510404587,0,0,0,0,0,1452.2664732337,0,675.778203204274,0,0,0,0,0,0,0,0,0,0,0,0,0,0,0,0,0,983.784758850932,0,2,0,0,0,0,258.709364116192,0,0,0,0,0,0,0,0,0,0,0,0,0,0,0,151.163039386272,0,0,373.93616271019,46.3914576768875,2.40578782558441,0,0
0,0,0,0,0,0,0,0,0,0,0,0,0,58.4346823692322,0,0,0,0,0,478.968590915203,0,0,0,0,0,0,0,1,0,28.4401321411133,0,0,0,0,0,58.5071175098419,0,783.337936729193,0,0,0,0,0,0,0,0,0,0,0,0,0,0,0,0,0,0,0,2588.57751408219,0,288.615455746651,0,0,35.0958859324455,0,0,0,0,0,0,0,1,0,6.36997163295746,0,0,0,0,0,0,0,0,0,321.313227802515,0,31.0933410823345,0,0
0,0,0,0,0,0,6,0,0,0,145.862413883209,0,0,0,0,0,0,0,0,0,0,0,0,0,0,0,0,0,0,0,0,0,0,0,0,0,0,0,0,0,0,0,0,0,0,0,0,0,0,0,0,0,0,0,0,0,3.0224187374115,0,303.313330948353,0,2.41457051038742,0,0,0,0,0,0,0,0,0,0,0,0,0,0,0,0,0,0,0,0,0,0,0,0,0,0
0,0,0,0,0,0,0,126.318811655045,0,0,0,58.4346823692322,0,0,0,13.8094530105591,0,0,0,0,0,0,0,0,0,0,0,0,0,0,0,0,0,0,0,0,0,0,0,0,0,0,0,0,0,0,0,0,0,0,0,0,0,8.21077287197113,0,0,0,16.4791526794434,0,1100.70294970274,0,0,0,0,0,0,0,0,0,0,5.42619371414185,0,0,0,0,0,0,0,0,0,0,0,77.5912998318672,0,0,0,0
0,0,0,0,4.74526977539062,0,0,0,568.467984765768,0,0,0,0,0,0,0,0,0,0,0,0,0,0,0,0,0,29.9468457102776,0,0,0,0,0,0,0,0,0,0,0,0,0,0,0,0,0,0,0,0,0,0,0,0,0,0,0,19.3753048181534,0,0,0,3.22760927677155,0,479.004133760929,0,0,0,0,0,0,0,0,49.0028510093689,0,0,0,0,0,0,0,0,0,0,0,0,13.8379468917847,0,0,0,0
0,4.98525139689445,0,24.3088476657867,0,17.259164750576,0,0,0,273.383145451546,0,0,0,13.8094530105591,0,0,0,3.45938104391098,0,2.48992544412613,0,0,0,47.7321166098118,0,3.25782030820847,0,0,0,0,0,0,0,0,0,11.3019806444645,0,0.907108783721924,0,0,0,4.81445288658142,0,0,0,0.957579076290131,0,0,0,8.08621837198734,0,2.11076980829239,0,0,0,3.90622961521149,0,4.30271363258362,0,45.0025448799133,0,189.146014034748,2.29275321960449,0,0,0,0,0,0,0,4.80401197075844,0,2.46796470880508,0,0,0,0,0,6.00271621346474,0,0.600839555263519,0,731.426254868507,262.580930769444,23.5346966981888,0,0
44.2306755930185,1.45225763320923,0.130501270294189,0,0,0,0,0,0.170998275279999,0,0,0,0,0,0,0,0,22729.9128857926,7050.67798810452,0,0,0,2322.16990494728,0,102.929210275412,0.60482831299305,158.406493246555,0,2.05652564764023,0,0,0,0,0,0,0,1.62210127711296,0,0,93.9747547879815,478.693839453161,91.1521974131465,164.265520535409,0,0,329.365757226944,496.862504981458,0,0.511198699474335,2.79950539767742,0,0,0,0,0,0,32.9129314869642,0,0,0,1.87508380413055,0,1.24511981010437,7.51239635050297,0,151.050154328346,0,51.9573559165001,0,171.096218556166,0,0,11.0761801898479,17.9717004299164,0,0,0,0,117.68335891515,528.89449237287,34.7181215584278,63.8926436752081,9507.68573305756,967.957007184625,680.276929840446,31.7765269130468,59.4128360748291
8.01460368931293,9.63882248103619,0,0,0,0,0,0,0,63.6037220954895,0,0,0,0,0,3.45938104391098,22729.9128857926,0,6863.24391639978,0,0,208.081781804562,263.528152614832,53.515477836132,5.26742100715637,540.230676680803,1.35370647907257,142.805674433708,0,0,0,0,0,0,0,0,0,0,0,96.9414364695549,82.1055492460728,92.6181649789214,21.6589256227016,0,0,192.696892037988,102.994909100235,0,0,2.1946163251996,0,0,0,0,0,0,3.22403889894485,1.78996735066175,0,0,0,0,1.12325084209442,0.526218071579933,97.6311873197556,8.4743327498436,0,0,45.6529884338379,0,0,0,8.59507712721825,3.20604291558266,0,0,0,0,92.82951182127,94.2058103978634,42.1047569662333,9.43589542806149,12280.9072951451,2027.41681210697,296.633983664215,41.2778788506985,10.0719493255019
180.122425556183,172.008356407285,2.16872365772724,2.0412924066186,0,0,0,0,0.24841220676899,0,0,0,0,0,0,0,7050.67798810452,6863.24391639978,0,0,0,0,38.4200747609138,0,0,4.00255981087685,0,0,0,0,0,0,0,0,0,3.39058749377728,1.05479463934898,1.9477636218071,1.19592869281769,1089.07052219659,1446.30708149821,801.956036329269,742.930346913636,0,0,2082.33328796178,1543.03826120496,0,5.19559249281883,14.3935166597366,0.265941739082336,0,0,0,0,0,46.403580956161,4.73329598456621,0,0,0.200405046343803,0,10.7770403847098,10.5693200528622,0,0.734893321990967,0,0,0,3.87502846121788,1.65908640623093,0.14807653427124,97.2774011939764,57.490191847086,0,0,0,0,1304.82142987847,1281.05554357171,363.167302578688,130.531812362373,4227.2048785463,5.51797842979431,2843.99401049316,206.707943700254,173.948358088732
0,0,0,87.9632867574692,0,0,0,1,0,2.95535844564438,0,478.968590915203,0,0,0,2.48992544412613,0,0,0,0,0,0,0,0,0,0,0,0,0,0,0,0,0,0,0,382.559530973434,0,138.095897510648,0,1.32812774181366,0,1.43833114206791,0,0,0,33.8463768362999,0,0,0,7.69050370901823,0,0,0,0,0,0,0,646.79053299129,0,5.6343369781971,0,16.8326313495636,634.000519558787,0,0,0,0,0,0,0,0.443727925419807,0,0.217564642429352,0,0,0,0,0,56.0634589493275,0,6.93766298890114,0,154.917670562863,0,118.821476638317,0.129908159375191,0
0,0,0,0,38.5845156908035,0,0,0,14.2121782004833,0,1423.92786633968,0,0,0,0,0,0,0,0,0,0,0,0,0,0,0,0,0,0,0,0,0,0,0,0,0,854.897608757019,0,91.2724398970604,0,0,0,0,0,0,0,36.4240933805704,0,0,0,184.322861105204,0,0.908619403839111,0,16.7091665267944,0,120.269109547138,0,4.93113848567009,0,0,0,0,816.023675918579,0,0,0,0,0,0,0,0,0,0,0,0,0,0,0,59.97824883461,0,5.92309784889221,50.5686899721622,0,47.6862000674009,0,0
0,0,0,0,0,0,0,0,0,0,0,0,0,0,0,0,0,208.081781804562,0,0,0,0,9.41816711425781,316.461413562298,0,16.1298952102661,0,166.326957702637,0,0,0,0,0,0,0,0,0,2118.04875404388,0,0,0,0,0,0,0,0,0,0,0,122.959285438061,0,0,0,0,0,0,0,0,0,0,0,0,0,0,2470.01989137381,3.20322418212891,133.227493420243,0,2.36014500260353,0,67.7614327222109,0,0,0,0,0,0,0,0,0,879.354784861207,0,1095.54963624477,191.869667649269,0,0,0
0.213898688554764,0,0,0,0,0,0,0,0,0,0,0,0,0,0,0,2322.16990494728,263.528152614832,38.4200747609138,0,0,9.41816711425781,0,0,173.971741944551,0,186.893383860588,0,17.2226424217224,0,0,0,0,0,0,0,0,0,468.798778235912,0,0.308012396097183,0.65010541677475,0.793695643544197,0,0,0.646646976470947,1.67114064097404,0,59.8584316819906,0,0,0,0,0,0,0,0,0,0,0,0,0,0,0,0,2697.20574367046,0,155.817010074854,0,0,0,0,0,0,0,0,0,0,0,0.248423993587494,0,268.369040817022,1244.26378551126,1.86441284418106,2.73555014282465,0,0
0,0,0,0,0,0,0,0,0,42.3277142643929,0,0,0,0,0,47.7321166098118,0,53.515477836132,0,0,0,316.461413562298,0,0,0,259.096408903599,0,0,0,0,0,0,0,0,0,0,0,1276.87535150349,0,0,0,8.79644307494164,0,0,0,0,0,0,0.325920224189758,36.2707000523806,0,0,0,0,0,192.733062207699,0,0,0,0,0,0,0,0,165.529624164104,0,351.927564561367,0,1091.12892772257,0,3.65570102632046,0,0,0,0,0,0,0,0,0,129.555326581001,0,458.248008787632,0,53.3848268687725,0,0
0,0,0,0,0,0,0,0,0,0,0,0,0,0,0,0,102.929210275412,5.26742100715637,0,0,0,0,173.971741944551,0,0,0,27.1572861671448,0,0,0,0,0,0,0.601734578609467,0,0,0,0.820640504360199,501.056168943644,0,0,0,0.678579568862915,0,0,0,0,2.61615914106369,257.419213652611,0,0,0,0,0,0,0,0,0,0,0,0,0,0,0,0,49.7541448175907,0,711.427259027958,0,226.791748166084,0,0,0,0,0,0,0,0,0,0,0,80.2858245968819,196.010870844126,0,16.2288681864738,0,0
0,0,0,0,0,0,0,0,0,0.53122752904892,0,0,0,0,0,3.25782030820847,0.60482831299305,540.230676680803,4.00255981087685,0,0,16.1298952102661,0,259.096408903599,0,0,0,26.0042099952698,0,0,0,0,0,0,0,0,0,0,0,0,0,0,0,0,0,0,0,0,0,0,0,0,0,0,0,0,0,0,0,0,0,0,0,0,212.677591204643,0,30.8756852149963,0,140.358381867409,0,78.8261375427246,0,0,0,0,0,0,0,0,0,0,0,168.561721354723,0,0,0,0
0,0,0,0,0,0,0,0,0,0,0,0,0,0,29.9468457102776,0,158.406493246555,1.35370647907257,0,0,0,0,186.893383860588,0,27.1572861671448,0,0,0,113.451589465141,0,0,0,0,0,0,0,0,0,0,0,0,0,0,0,0,0,0,0,0,0,0,0,0,0,0,0,0,0,0,0,19.9759395718575,0,0,0,0,19.8454470038414,0,2.93354606628418,0,152.809963881969,0,0,0,0,0,0,0,0,0,0,0,0,53.8788705170155,0,0,0,0
0,0,0,0,0,0,0,0,0,0,0,1,0,0,0,0,0,142.805674433708,0,0,0,166.326957702637,0,0,0,26.0042099952698,0,0,0,43.2939391136169,0,0,0,0,0,0,0,0,0,0,0,0,0,0,0,0,0,0,0,0,0,0,0,0,0,0,0,0,0,0,0,0,0,0,113.3608700037,0,0,0,18.8506274223328,0,146.35732460022,0,0,0,0,0,0,0,0,0,0,0,209.595846533775,30.2668896913528,0,0,0
0,0,0,0,0,0,0,0,0,0,0,0,0,0,0,0,2.05652564764023,0,0,0,0,0,17.2226424217224,0,0,0,113.451589465141,0,0,0,175.759814739227,0,0,0,0,0,0,0,0,0,0,0,0,0,0,0,0,0,0,0,0,0,0,0,0,0,0,0,0,0,0,0,0,0,0,0,0,0,0,11.4704213142395,0,48.5827016830444,0,1,0,0,0,0,0,0,0,0,170.577463984489,0,0,0,0
0,0,0,0,0,0,0,0,0,0,0,28.4401321411133,0,0,0,0,0,0,0,0,0,0,0,0,0,0,0,43.2939391136169,0,0,0,0,0,0,0,0,0,421.369316786528,0,0,0,0,0,0,0,0,0,0,0,0,0,0,0,0,0,0,0,14.0078547000885,0,0,0,0,0,0,0,0,0,0,0,0,11.338187277317,0,139.123789668083,0,0,0,0,0,0,0,132.597649991512,0,0.855084955692291,0,0,0,0
0,0,0,0,0,0,0,0,0,0,36.3902510404587,0,0,0,0,0,0,0,0,0,0,0,0,0,0,0,0,0,175.759814739227,0,0,0,0,0,0,0,0,0,96.654598236084,0,0,0,0,0,0,0,0,0,0,0,0,0,0,0,0,0,4.17033046483994,0,0,0,0,0,0,0,0,0,0,0,0,0,0,0,0,383.356489658356,0,0,0,0,0,0,0,39.0588573217392,0,143.179676532745,0,0,0
0,0,0,0,0,0,0,0,0,0,0,0,0,0,0,0,0,0,0,0,0,0,0,0,0,0,0,0,0,0,0,0,301.753098770976,337.10361084342,0,72.1368652582169,65.1924047470093,0,0,0,0,0,0,0,0,0,0,519.764681622386,0,7.85648575425148,0,0,0,0,0,0,0,0,0,0,0,0,0,0,0,0,0,0,0,0,0,0,0,0,638.809964865446,121.520276203752,46.2400923967361,0,443.831701517105,0,0,0,85.8620071411133,0,0,0,0
0,0,0,0,0,0,0,0,0,0,0,0,0,0,0,0,0,0,0,0,0,0,0,0,0,0,0,0,0,0,0,301.753098770976,0,0,50.2056764960289,20.9522517323494,153.134580776095,0,0,0,0,0,0,0,0,0,0,264.387787848711,8.00775577127934,0.778832912445068,0,0,0,0,0,0,0,0,0,0,0,0,0,0,0,0,0,0,0,0,0,0,0,0,47.6581402122974,557.362904936075,0,45.9312785863876,14.3525784760714,192.63524286449,0,0,14.8775540143251,0.934443756937981,0,0,0
0,0,0,0,0,0,0,0,0,0,0,0,0,0,0,0,0,0,0,0,0,0,0,0,0.601734578609467,0,0,0,0,0,0,337.10361084342,0,0,1190.52534109354,71.4050990194082,0,81.7511005699635,21.8998937308788,0,0,0,0,0,0,0,0,3408.48475652933,4.03895670175552,4.5605756342411,0,0,0,0,0,0,0,0,0,0,0,0,0,0,0,0,0,0,0,0,0,0,0,0,115.251199454069,0,1286.09623979032,698.133489489555,16.9613252878189,0,123.229197621346,9.06048095226288,275.171577751637,60.6737637519836,0,0,0
0,0,0,0,0,0,0,0,0,0,0,0,0,0,0,0,0,0,0,0,0,0,0,0,0,0,0,0,0,0,0,0,50.2056764960289,1190.52534109354,0,0.208781525492668,241.033563226461,49.8759653568268,57.1718510985374,0,0,0,0,0,0,0,0,1166.79951405525,9.72893235087395,2.81763291358948,0,0,0,0,0,0,0,0,0,0,0,0,0,0,0,0,0,0,0,0,0,0,0,0,0,50.5151034891605,251.783973097801,1852.00555759668,0,39.9161429256201,0,71.6087267994881,202.105918675661,16.1461807489395,0,0,0
0,0.223418727517128,0.447295248508453,332.789152622223,1.24852192401886,5.97683000564575,0,0,0,21.4960715770721,0,58.5071175098419,0,0,0,11.3019806444645,0,0,3.39058749377728,382.559530973434,0,0,0,0,0,0,0,0,0,0,0,72.1368652582169,20.9522517323494,71.4050990194082,0.208781525492668,0,638.804965019226,2231.44290573895,0,0.240577384829521,0,4.49470627307892,0,0,0,8.89466238021851,0,67.1290301084518,0,39.5605096966028,0,0.979268789291382,0,0,0.379964470863342,6.78846004605293,1.08730620145798,325.012755468488,0,15.0688373446465,0.394264400005341,92.4787214100361,479.029627755284,0,0,0,0,0,0,0,0.233245015144348,0,1.21716403961182,0,8.4655849635601,25.1618840098381,55.649589329958,0,8701.90878041089,506.123493283987,597.638805866241,0,2709.63136328012,133.851360172033,196.374351233244,0,0
0.200348913669586,0,0,0,0.460616081953049,0,0,0,2.67376935482025,0,1452.2664732337,0,0,0,0,0,1.62210127711296,0,1.05479463934898,0,854.897608757019,0,0,0,0,0,0,0,0,0,0,65.1924047470093,153.134580776095,0,241.033563226461,638.804965019226,0,0,1429.7573582083,0,0,0,1.61897946894169,0,0,0.573330223560333,5.04863095283508,23.431682959199,5.24944193661213,0,32.4787762761116,0,0,0,29.3184961676598,0,225.263000562787,0,29.089470654726,0,8.41593739390373,0,0,93.3668637126684,0,0,0,0,0,0,0,0,0,0,0,180.556426137686,0,137.393494054675,555.021502643824,10254.0464354977,0,378.994772315025,2852.9103936255,322.281483143568,37.4372778832912,0,0.2729552090168
1.76976990699768,8.62132054567337,0,0,0,0,0,0,0,104.152766063809,0,783.337936729193,0,0,0,0.907108783721924,0,0,1.9477636218071,138.095897510648,0,2118.04875404388,0,1276.87535150349,0.820640504360199,0,0,0,0,421.369316786528,0,0,0,81.7511005699635,49.8759653568268,2231.44290573895,0,0,156.242689698935,1.38560798764229,0,47.1613989323378,21.0174305737019,0,0,71.7497663348913,0,2080.91298741102,182.411100327969,122.507671147585,0,0,0,0,0,178.174050241709,0,625.749154239893,0,0,0,0,128.016022995114,0,234.0012017712,0,1044.46694234759,5.9881579875946,0,0,6.70110264420509,0,414.603143393993,0,0,0,51.3609808385372,0,446.89639750123,0,4514.85269628465,119.492849588394,1759.06759543717,150.963419079781,512.512759909034,0.572910398244858,0
0,0,0,0,0,0,0,0,5.03603744506836,0,675.778203204274,0,0,0,0,0,0,0,1.19592869281769,0,91.2724398970604,0,468.798778235912,0,501.056168943644,0,0,0,0,0,96.654598236084,0,0,21.8998937308788,57.1718510985374,0,1429.7573582083,156.242689698935,0,0,0,0,13.9169697463512,0,0,0,24.2958769500256,1267.03344202042,278.95646110177,0,0,0,0,0,179.289563715458,0,273.588126167655,0,0,0,0,0,0,141.310268223286,0,84.8759005069733,0.309698820114136,214.246521085501,0,0,0,7.92083334922791,0,14.3185633420944,0,0,0,6.49493360519409,0,268.373500049114,41.6252944469452,4693.87647525966,1680.69039574265,268.990883171558,191.424511879683,0,2.07745039463043
0,79.1152253299952,0,4.09342280030251,0,0,0,0,0,0,0,0,0,0,0,0,93.9747547879815,96.9414364695549,1089.07052219659,1.32812774181366,0,0,0,0,0,0,0,0,0,0,0,0,0,0,0,0.240577384829521,0,1.38560798764229,0,0,15.879895195365,1248.86878314614,2.11155216395855,0,0,639.725273966789,13.9984802156687,0,0,15.2601527050138,0,0,0,0,0,0,0.278104200959206,3.28140777349472,0,0,0,0,2.58204761147499,0,0,0,0,0,0,0,0,0,15.7530245035887,0.191966563463211,0,0,0,0,228.772149331868,9.57016976177692,48.7532461583614,0.91874398291111,342.862044818699,0.222546190023422,1695.77497010678,488.007534556091,1.39142838865519
119.172749578953,0,2.71802385151386,0,0,0,0,0,0.580138683319092,0,0,0,0,0,0,0,478.693839453161,82.1055492460728,1446.30708149821,0,0,0,0.308012396097183,0,0,0,0,0,0,0,0,0,0,0,0,0,0,0,0,15.879895195365,0,54.4335133880377,1871.67472817749,0,0,65.2226973101497,2310.2080097571,0,3.83070059120655,0,0,0,0,0,0.213017135858536,0,27.3621703535318,0,0,0,0,0,0.116324238479137,222.076973117888,0,0,0,0,0,0,0,0.585563898086548,0,11.8968811035156,0,0,0,0,20.5569426417351,957.29511910677,1.60331007838249,51.5532929003239,715.920647718012,0,2187.66568690538,16.4270226210356,220.729828029871
0.134479373693466,1330.92180188,0.156607165932655,53.2886387854815,0,0,0,0,0,33.399574816227,0,0,0,0,0,4.81445288658142,91.1521974131465,92.6181649789214,801.956036329269,1.43833114206791,0,0,0.65010541677475,8.79644307494164,0,0,0,0,0,0,0,0,0,0,0,4.49470627307892,0,47.1613989323378,0,1248.86878314614,54.4335133880377,0,193.566376388073,29.9658182859421,0,1733.39167742431,46.2679183110595,1.10820508003235,1.36982974410057,1307.19412984699,0,0,0,0,0,5.22005614638329,0.534082964062691,168.050779908895,0,0,0,8.40637603402138,56.5380472019315,0.558415248990059,0,0,15.1187877357006,0,0,0,64.191567838192,0,929.331475697458,0,0,0,0,0,537.771655015647,31.5208631232381,318.797118842602,2.32752250134945,3053.36729522794,0.691712200641632,4488.96245232224,396.615875199437,2.60601779818535
183.53548309207,5.6157106757164,64.3930745273829,0,2.06881368160248,0,0,0,12.5217737853527,0,0,0,0,0,0,0,164.265520535409,21.6589256227016,742.930346913636,0,0,0,0.793695643544197,0,0.678579568862915,0,0,0,0,0,0,0,0,0,0,0,1.61897946894169,21.0174305737019,13.9169697463512,2.11155216395855,1871.67472817749,193.566376388073,0,0.954862117767334,0,17.9617764279246,1050.17458942533,20.4278825223446,446.124006576836,4.40945202112198,2.75547067821026,0,0,0,46.2338332980871,0.887293577194214,1064.463296175,0,1.02470649778843,0,4.00081273913383,0,0,39.1780349761248,0,0,0.446495950222015,1.58414590358734,0,0,0,40.7944865822792,0,630.718976095319,0,0,0,0,8.69018580019474,632.194000028074,5.77990280091763,176.784001350403,1740.63176323473,0,4345.04660566151,2.31213045120239,604.395912855864
0,0,0,0,0,0,0,0,0,0,0,0,0,0,0,0,0,0,0,0,0,0,0,0,0,0,0,0,0,0,0,0,0,0,0,0,0,0,0,0,0,29.9658182859421,0.954862117767334,0,0,0,0,0,0,0.231475040316582,0,0,0,0,0,0,0,0,0,0,0,0,0,0,0,0,0,0,0,0,0,0,0,0,0,0,0,0,0,0,0,0,8.3733234256506,0,7.60652326047421,0,0
0,0,0,0,0,0,0,0,0,0,0,0,0,0,0,0,0,0,0,0,0,0,0,0,0,0,0,0,0,0,0,0,0,0,0,0,0,0,0,0,0,0,0,0,0,0,0,0,0,0,0,0,0,0,0,0,0,0,0,0,0,0,0,0,0,0,0,0,0,0,0,0,0,0,0,0,0,0,0,0,0,0,0,0,0,0,0
2.35289657115936,73.5620969235897,0,11.0469728410244,0,0,0,0,0,0.342901885509491,0,0,0,0,0,0.957579076290131,329.365757226944,192.696892037988,2082.33328796178,33.8463768362999,0,0,0.646646976470947,0,0,0,0,0,0,0,0,0,0,0,0,8.89466238021851,0.573330223560333,71.7497663348913,0,639.725273966789,65.2226973101497,1733.39167742431,17.9617764279246,0,0,0,71.9438712596893,0,0.144165381789207,48.320181876421,0,0,0,0,0,0,2.92903733253479,223.459175139666,0,0,0,0,2235.1330755353,2.07361932843924,0,0,0,0,0,0,9.23147596418858,0,118.121329918504,0.948026150465012,0,0,0,0,2085.29333890975,41.9363507702947,975.208543106914,6.95015745609999,1096.21150074154,0,2575.37036770582,116.067198254168,11.6361974254251
240.962132006884,0,14.0722615718842,0,0,0,0,0,1.20119498670101,0,0,0,0,0,0,0,496.862504981458,102.994909100235,1543.03826120496,0,36.4240933805704,0,1.67114064097404,0,0,0,0,0,0,0,0,0,0,0,0,0,5.04863095283508,0,24.2958769500256,13.9984802156687,2310.2080097571,46.2679183110595,1050.17458942533,0,0,71.9438712596893,0,0,25.0580103993416,0,0,0,0,0,3.60723602771759,0,207.029766567051,0.723366558551788,0,0,0,0,1.21553492546082,4068.34858567268,0,0,0,0,0,0,0,0,1.11902153491974,18.5584145560861,0,0,0,0,28.0433143228292,2308.95622927696,1.16111885011196,578.607086695731,772.888213597238,0,2155.28327262402,13.9880779236555,37.7131983041763
0,0.46378755569458,0,0,0,0,0,0,0,0,0,0,0,0,0,0,0,0,0,0,0,0,0,0,2.61615914106369,0,0,0,0,0,0,519.764681622386,264.387787848711,3408.48475652933,1166.79951405525,67.1290301084518,23.431682959199,2080.91298741102,1267.03344202042,0,0,1.10820508003235,20.4278825223446,0,0,0,0,0,6161.89014776051,6480.3656668961,0,0,0,0,0,0,0,0,0,0,0,0,0,0,0,0,0,18.6673463284969,0,0,0,0.919152200222015,0,0,497.753491774201,3108.68840582669,412.610765606165,285.751985013485,1126.32671955228,229.795278429985,156.881300508976,51.8660410642624,1760.75948363543,1.21573615074158,462.831588074565,0,0
67.2153926789761,0.896177217364311,215.054242305458,0,0.402136087417603,0,0,0,25.6856470406055,0,0,0,0,0,0,0,0.511198699474335,0,5.19559249281883,0,0,0,59.8584316819906,0.325920224189758,257.419213652611,0,0,0,0,0,0,0,8.00775577127934,4.03895670175552,9.72893235087395,0,5.24944193661213,182.411100327969,278.95646110177,0,3.83070059120655,1.36982974410057,446.124006576836,0,0,0.144165381789207,25.0580103993416,6161.89014776051,0,1657.94805942476,0.983561307191849,0,0,0,27.780432343483,0,81.2481405436993,0,0.400802254676819,0,6.86571784317493,0,0,1.80541035532951,0,70.0980117917061,0,293.233157798648,0,0,0,45.851528391242,0,15.734706774354,0,156.046850040555,0,17.3213554620743,0,74.5556045845151,9.45936378836632,1831.26646758616,4323.85231760889,0,1226.65571546555,0,24.9761274456978
0,321.268583983183,0,518.118872597814,0,32.6432560682297,0,0,0,44.0837091356516,0,0,0,0,0,8.08621837198734,2.79950539767742,2.1946163251996,14.3935166597366,7.69050370901823,0,122.959285438061,0,36.2707000523806,0,0,0,0,0,0,0,7.85648575425148,0.778832912445068,4.5605756342411,2.81763291358948,39.5605096966028,0,122.507671147585,0,15.2601527050138,0,1307.19412984699,4.40945202112198,0.231475040316582,0,48.320181876421,0,6480.3656668961,1657.94805942476,0,0,0.503555953502655,0,0,0,13.2493901848793,0.196979448199272,111.568189270794,0,0,0,11.6316235661507,78.1173058450222,0,183.223513670266,0,301.192875832319,0,98.5614671111107,0,318.271205052733,0,342.632797442377,0,10.5031056106091,282.747502833605,0,0,93.6405589282513,0.338010370731354,79.1829587817192,2.79177139699459,3215.44438525289,0.284390509128571,1486.4811880067,6.84751938283443,0
0,0,10.0250648260117,0,652.35919958353,0,18.2477983236313,0,0,0,0,0,0,0,0,0,0,0,0.265941739082336,0,184.322861105204,0,0,0,0,0,0,0,0,0,0,0,0,0,0,0,32.4787762761116,0,0,0,0,0,2.75547067821026,0,0,0,0,0,0.983561307191849,0,0,0,4.80122327804565,0,0,0,21.019586533308,0,34.5691059827805,0,1.74040526151657,0,0,180.759344056249,0,0,0,0,0,0,0,0,0,0,0,0,0,0,0,117.925637662411,0,0,233.519295752048,1.57429814338684,44.6369623243809,0,0
0,0,0,20.2335555553436,0,388.04028326273,0,4.71351563930511,0,0,0,0,0,0,0,2.11076980829239,0,0,0,0,0,0,0,0,0,0,0,0,0,0,0,0,0,0,0,0.979268789291382,0,0,0,0,0,0,0,0,0,0,0,0,0,0.503555953502655,0,0,0,8.65322518348694,0,0,0,62.6731349229813,0,0,0,43.4722165167332,2.95266935229301,0,0,0,0,0,0,0,0,0,0,0,0,0,0,0,0,0,0,0,67.9888004362583,20.2160078883171,6.41232490539551,0,0
0,0,0,0,50.5546706318855,0,207.99916100502,0,0,0,0,0,0,0,0,0,0,0,0,0,0.908619403839111,0,0,0,0,0,0,0,0,0,0,0,0,0,0,0,0,0,0,0,0,0,0,0,0,0,0,0,0,0,4.80122327804565,0,0,0,0,0,0,0,0,0,0,0,0,0.560744971036911,0,0,0,0,0,0,0,0,0,0,0,0,0,0,0,0,0,0,5,0,0,0,0
0,0,0,0,0,132.811226844788,0,738.080646753311,0,0,0,0,0,8.21077287197113,0,0,0,0,0,0,0,0,0,0,0,0,0,0,0,0,0,0,0,0,0,0,0,0,0,0,0,0,0,0,0,0,0,0,0,0,0,8.65322518348694,0,0,0,0,0,0,0,105.442182064056,0,0,0,0,0,0,0,0,0,0,0,0,0,0,0,0,0,0,0,0,0,0,29.0202122926712,6.89513087272644,0,0,0
237.607070565224,0,168.788677841425,0,81.4949620962143,0,0,0,1213.11695425212,0,0,0,0,0,19.3753048181534,0,0,0,0,0,16.7091665267944,0,0,0,0,0,0,0,0,0,0,0,0,0,0,0.379964470863342,29.3184961676598,0,179.289563715458,0,0.213017135858536,0,46.2338332980871,0,0,0,3.60723602771759,0,27.780432343483,0,0,0,0,0,0,0,37.1711959838867,0,0.793518036603928,0,225.484349250793,0,0,10.4519921094179,0,0,0,410.169601023197,0,0,0,0.520971417427063,0,4.10182648897171,0,0,0,0,0,49.5685577988625,0,214.230131626129,317.042310357094,0.389011710882187,411.062689855695,0,1.27316892147064
0,132.291572868824,0,56.0141662657261,0,9.47181779146194,0,0,0,788.528381317854,0,0,0,0,0,3.90622961521149,0,0,0,0,0,0,0,192.733062207699,0,0,0,0,0,0,0,0,0,0,0,6.78846004605293,0,178.174050241709,0,0,0,5.22005614638329,0.887293577194214,0,0,0,0,0,0,13.2493901848793,0,0,0,0,0,0,0,8.23918607831001,0,0,0,83.4180289506912,0,0,0,0,329.793489903212,0,0,0,0,0,1.06254363059998,0,0,0,0,0,3.93839854001999,0,99.2326891422272,0,50.0212720483541,0.535426795482635,31.6945604085922,0,0
9.12303809821606,0,122.146584942937,0,6.26701068878174,0,0,0,2.53338606655598,0,983.784758850932,0,3.0224187374115,0,0,0,32.9129314869642,3.22403889894485,46.403580956161,0,120.269109547138,0,0,0,0,0,0,0,0,0,4.17033046483994,0,0,0,0,1.08730620145798,225.263000562787,0,273.588126167655,0.278104200959206,27.3621703535318,0.534082964062691,1064.463296175,0,0,2.92903733253479,207.029766567051,0,81.2481405436993,0.196979448199272,21.019586533308,0,0,0,37.1711959838867,0,0,0,374.735523104668,0,2.93625070154667,0,0,1374.68309532106,0,0,0,0,0,0,0,405.28536593914,0,303.717374250293,0,0,0,0,0,383.233714908361,0,8.30682145059109,835.080772303045,0,1571.82448177785,0.809817314147949,164.263620793819
0,3.51697745919228,0,123.605482846498,0,328.450594127178,0,77.7231534719467,0,14.707357019186,0,2588.57751408219,0,16.4791526794434,0,4.30271363258362,0,1.78996735066175,4.73329598456621,646.79053299129,0,0,0,0,0,0,0,0,0,14.0078547000885,0,0,0,0,0,325.012755468488,0,625.749154239893,0,3.28140777349472,0,168.050779908895,0,0,0,223.459175139666,0.723366558551788,0,0,111.568189270794,0,62.6731349229813,0,0,0,8.23918607831001,0,0,0,1,0,27.824813991785,1609.17044052482,0,0,0,0,0,0,0,213.343920648098,0,351.051639735699,0,0,0,0,0,65.1067352816463,0,8.83566032350063,0,140.706754438579,2.69692921638489,519.470884531736,0.113140821456909,0
0,0,242.732622742653,0,38.8318953514099,0,131.006048679352,0,0,0,2,0,303.313330948353,0,3.22760927677155,0,0,0,0,0,4.93113848567009,0,0,0,0,0,0,0,0,0,0,0,0,0,0,0,29.089470654726,0,0,0,0,0,1.02470649778843,0,0,0,0,0,0.400802254676819,0,34.5691059827805,0,0,0,0.793518036603928,0,374.735523104668,0,0,0,96.1409701406956,0,0,93.2835834175348,0,0,0,0,0,0,0,0,0,0.685792088508606,0,0,0,0,0,110.754915386438,0,0,33.2262233644724,0.454686611890793,54.6505368351936,0,0
0,0,0,8.71252822875977,0,0,0,139.142852962017,0,0,0,288.615455746651,0,1100.70294970274,0,45.0025448799133,0,0,0,5.6343369781971,0,0,0,0,0,0,0,0,0,0,0,0,0,0,0,15.0688373446465,0,0,0,0,0,0,0,0,0,0,0,0,0,0,0,0,0,105.442182064056,0,0,0,1,0,0,0,0,3.88719168305397,0,0,0,0,0,0,0,0,0,0,0,0,0,0,0,6.3714756667614,0,0,0,44.9073741734028,0,0.481196612119675,0,0
16.3140560984612,0,208.139311701059,0,2.34241652488708,0,0,0,938.704293012619,0,0,0,2.41457051038742,0,479.004133760929,0,1.87508380413055,0,0.200405046343803,0,0,0,0,0,0,0,19.9759395718575,0,0,0,0,0,0,0,0,0.394264400005341,8.41593739390373,0,0,0,0,0,4.00081273913383,0,0,0,0,0,6.86571784317493,0,1.74040526151657,0,0,0,225.484349250793,0,2.93625070154667,0,96.1409701406956,0,0,0,0,6.11021757125854,0,0,0,0.386961787939072,0,93.3102349638939,0,0,0,0,0,0,0,0,0,54.9861889481544,0,0,182.172231435776,1.27571201324463,36.7940801084042,0,0
0,46.8458821475506,0,48.5238666832447,0,83.113384604454,0,0,0,36.2021664083004,0,0,0,0,0,189.146014034748,0,0,0,16.8326313495636,0,0,0,0,0,0,0,0,0,0,0,0,0,0,0,92.4787214100361,0,0,0,0,0,8.40637603402138,0,0,0,0,0,0,0,11.6316235661507,0,43.4722165167332,0,0,0,83.4180289506912,0,27.824813991785,0,0,0,0,17.0031133890152,0,0,0,0,0,0,0,0,0,0.390952467918396,0,0,0,0,0,22.6194301843643,0,0,0,78.4786952212453,4.19838988780975,70.8110594600439,0,0
0,1.44441509246826,0,205.063969224691,0,0,0,0,0,2.89461569488049,0,35.0958859324455,0,0,0,2.29275321960449,1.24511981010437,1.12325084209442,10.7770403847098,634.000519558787,0,0,0,0,0,0,0,0,0,0,0,0,0,0,0,479.029627755284,0,128.016022995114,0,2.58204761147499,0.116324238479137,56.5380472019315,0,0,0,2235.1330755353,1.21553492546082,0,0,78.1173058450222,0,2.95266935229301,0,0,0,0,0,1609.17044052482,0,3.88719168305397,0,17.0031133890152,0,0,0,0,0,0,0,0,7.89593032002449,0,155.98963740468,0,0,0,0,0,32.0852561146021,0,172.174522563815,0,282.19028685987,0,1363.80879148096,2.94082663953304,0
1.27478063106537,0,2.91612333059311,0,6.79121792316437,0,0,0,6.30270546674728,0,258.709364116192,0,0,0,0,0,7.51239635050297,0.526218071579933,10.5693200528622,0,816.023675918579,0,0,0,0,0,0,0,0,0,0,0,0,0,0,0,93.3668637126684,0,141.310268223286,0,222.076973117888,0.558415248990059,39.1780349761248,0,0,2.07361932843924,4068.34858567268,0,1.80541035532951,0,180.759344056249,0,0.560744971036911,0,10.4519921094179,0,1374.68309532106,0,93.2835834175348,0,6.11021757125854,0,0,0,0,0,0,0,0,0,0,0.21779665350914,0,18.7703148424625,0,0,0,0,0,1168.97010673583,0,362.673526138067,73.1742014139891,0,1050.9291632697,0,3.56831115484238
0,0,0,0,0,0,0,0,0,0,0,0,0,0,0,0,0,97.6311873197556,0,0,0,2470.01989137381,0,165.529624164104,0,212.677591204643,0,113.3608700037,0,0,0,0,0,0,0,0,0,234.0012017712,0,0,0,0,0,0,0,0,0,0,0,183.223513670266,0,0,0,0,0,0,0,0,0,0,0,0,0,0,0,0,200.924185484648,0,31.1571953743696,0,131.288657203317,0,0.805502355098724,0,0,0,0,0,0,0,83.0830911770463,0,506.564864948392,255.21885985136,0.782475709915161,0,0
0,0,0,0,0,0,0,0,0,0,0,0,0,0,0,0,151.050154328346,8.4743327498436,0.734893321990967,0,0,3.20322418212891,2697.20574367046,0,49.7541448175907,0,19.8454470038414,0,0,0,0,0,0,0,0,0,0,0,84.8759005069733,0,0,0,0,0,0,0,0,0,70.0980117917061,0,0,0,0,0,0,0,0,0,0,0,0,0,0,0,0,0,0,50.7639585733414,0,1,0,0,0,0,0,0,0,0,0,0,0,329.309184879065,217.347560703754,0,0,0,0
0,0,0,0,0,0,0,0,0,13.2651696205139,0,0,0,0,0,0,0,0,0,0,0,133.227493420243,0,351.927564561367,0,30.8756852149963,0,0,0,0,0,0,0,0,0,0,0,1044.46694234759,0.309698820114136,0,0,15.1187877357006,0.446495950222015,0,0,0,0,0,0,301.192875832319,0,0,0,0,0,329.793489903212,0,0,0,0,0,0,0,0,200.924185484648,0,0,0,302.647053673863,0,48.5749771893024,0,0,0,0,0,0,0,0,0,595.97201217711,0,35.6695638298988,0,572.082211196423,0,0
0,0,0,0,0,0,0,0,20.9227071106434,0,0,0,0,0,0,0,51.9573559165001,0,0,0,0,0,155.817010074854,0,711.427259027958,0,2.93354606628418,0,0,0,0,0,0,0,0,0,0,5.9881579875946,214.246521085501,0,0,0,1.58414590358734,0,0,0,0,18.6673463284969,293.233157798648,0,0,0,0,0,410.169601023197,0,0,0,0,0,0.386961787939072,0,0,0,0,50.7639585733414,0,0,0,88.5503750741482,0,0.493106096982956,0,0,0,0,0,0,0,0,0.593814611434937,576.737813532352,53.4929688870907,0,248.006862252951,0,0
0,0,0,0,0,0,0,0,0,14.1246472597122,0,0,0,0,0,0,0,45.6529884338379,0,0,0,2.36014500260353,0,1091.12892772257,0,140.358381867409,0,18.8506274223328,0,0,0,0,0,0,0,0,0,0,0,0,0,0,0,0,0,0,0,0,0,98.5614671111107,0,0,0,0,0,0,0,0,0,0,0,0,0,0,31.1571953743696,0,302.647053673863,0,0,0,62.9393711984158,0,0,0,0,0,0,0,0,0,0,0,59.5629463195801,0,0.817614316940308,0,0
0,0,0,0,0,0,0,0,3,0,0,0,0,0,49.0028510093689,0,171.096218556166,0,3.87502846121788,0,0,0,0,0,226.791748166084,0,152.809963881969,0,11.4704213142395,0,0,0,0,0,0,0,0,0,0,0,0,0,0,0,0,0,0,0,0,0,0,0,0,0,0,0,0,0,0,0,93.3102349638939,0,0,0,0,1,0,88.5503750741482,0,0,0,0,0,0,0,0,0,0,0,0,0,0,159.782021105289,0,0.408217817544937,0,0
0,3.48830196261406,0,0.263831079006195,0,0,0,0,0,3.05172345042229,0,1,0,5.42619371414185,0,4.80401197075844,0,0,1.65908640623093,0.443727925419807,0,67.7614327222109,0,3.65570102632046,0,78.8261375427246,0,146.35732460022,0,11.338187277317,0,0,0,0,0,0.233245015144348,0,6.70110264420509,0,0,0,64.191567838192,0,0,0,9.23147596418858,0,0,0,318.271205052733,0,0,0,0,0,0,0,213.343920648098,0,0,0,0,7.89593032002449,0,131.288657203317,0,48.5749771893024,0,62.9393711984158,0,0,0,779.050412207842,0,0,0,0,0,0.929646030068398,0,124.181620776653,0,95.4123817160726,0,190.639194220304,1.52623999118805,0
0,0,0.907203003764153,0,0,0,0,0,0,0,0,0,0,0,0,0,0,0,0.14807653427124,0,0,0,0,0,0,0,0,0,48.5827016830444,0,0,0,0,0,0,0,0,0,7.92083334922791,0,0.585563898086548,0,40.7944865822792,0,0,0,0,0.919152200222015,45.851528391242,0,0,0,0,0,0.520971417427063,0,405.28536593914,0,0,0,0,0,0,0.21779665350914,0,0,0,0.493106096982956,0,0,0,0,0,105.621439307928,0,0,0,0,0,1.43012844026089,0,363.916074320674,23.1163915321231,0,13.2086241841316,0,2.06627267599106
0,31.859962284565,0,6.01552683115005,0,0,0,0,0,21.1204290091991,0,6.36997163295746,0,0,0,2.46796470880508,11.0761801898479,8.59507712721825,97.2774011939764,0.217564642429352,0,0,0,0,0,0,0,0,0,139.123789668083,0,0,0,0,0,1.21716403961182,0,414.603143393993,0,15.7530245035887,0,929.331475697458,0,0,0,118.121329918504,1.11902153491974,0,0,342.632797442377,0,0,0,0,0,1.06254363059998,0,351.051639735699,0,0,0,0.390952467918396,155.98963740468,0,0.805502355098724,0,0,0,0,0,779.050412207842,0,0,0,0,0,0,0,40.130879484117,0.409752309322357,53.6015012934804,0.273918330669403,789.262774549425,0,609.99496871233,46.2208898663521,0
8.4753885269165,0,17.14473092556,0,0,0,0,0,1.32936084270477,0,0,0,0,0,0,0,17.9717004299164,3.20604291558266,57.490191847086,0,0,0,0,0,0,0,0,0,1,0,383.356489658356,0,0,0,0,0,0,0,14.3185633420944,0.191966563463211,11.8968811035156,0,630.718976095319,0,0,0.948026150465012,18.5584145560861,0,15.734706774354,0,0,0,0,0,4.10182648897171,0,303.717374250293,0,0.685792088508606,0,0,0,0,18.7703148424625,0,0,0,0,0,0,0,105.621439307928,0,0,0,0,0,0,0,10.1274628043175,0,379.011497557163,496.136954210699,0,490.80481249094,0.186975792050362,151.054346397519
0,0,0,0,0,0,0,0,0,0,0,0,0,0,0,0,0,0,0,0,0,0,0,0,0,0,0,0,0,0,0,638.809964865446,47.6581402122974,115.251199454069,0,8.4655849635601,0,0,0,0,0,0,0,0,0,0,0,497.753491774201,0,10.5031056106091,0,0,0,0,0,0,0,0,0,0,0,0,0,0,0,0,0,0,0,0,0,0,0,0,0,21.2915986925364,97.8289316594601,0,296.329745024443,0,0,0,0.450268238782883,0,0,0,0
0,0,0,0,0,0,0,0,0,0,0,0,0,0,0,0,0,0,0,0,0,0,0,0,0,0,0,0,0,0,0,121.520276203752,557.362904936075,0,50.5151034891605,25.1618840098381,180.556426137686,0,0,0,0,0,0,0,0,0,0,3108.68840582669,156.046850040555,282.747502833605,0,0,0,0,0,0,0,0,0,0,0,0,0,0,0,0,0,0,0,0,0,0,0,0,21.2915986925364,0,0,39.8995431661606,51.219915419817,67.8829984068871,0,0,4.48488417267799,0.51690936088562,0,0,0
0,0,0,0,0,0,0,0,0,0,0,0,0,0,0,0,0,0,0,0,0,0,0,0,0,0,0,0,0,0,0,46.2400923967361,0,1286.09623979032,251.783973097801,55.649589329958,0,51.3609808385372,0,0,0,0,0,0,0,0,0,412.610765606165,0,0,0,0,0,0,0,0,0,0,0,0,0,0,0,0,0,0,0,0,0,0,0,0,0,0,97.8289316594601,0,0,76.6386935710907,451.053924173117,0,344.79094478488,2.81402206420898,143.180221915245,0,0,0,0
0,0,0,0,0,0,0,0,0,0,0,0,0,0,0,0,0,0,0,0,0,0,0,0,0,0,0,0,0,0,0,0,45.9312785863876,698.133489489555,1852.00555759668,0,137.393494054675,0,6.49493360519409,0,0,0,0,0,0,0,0,285.751985013485,17.3213554620743,0,0,0,0,0,0,0,0,0,0,0,0,0,0,0,0,0,0,0,0,0,0,0,0,0,0,39.8995431661606,76.6386935710907,0,0,22.1585793197155,0,132.734811484814,61.9786206483841,4.75436639785767,0,0,0
0.625166907906532,136.119514733553,0.157170206308365,225.670584842563,0,0,0,0,0,16.0075742453337,0,0,0,0,0,6.00271621346474,117.68335891515,92.82951182127,1304.82142987847,56.0634589493275,0,0,0,0,0,0,0,0,0,0,0,443.831701517105,14.3525784760714,16.9613252878189,0,8701.90878041089,555.021502643824,446.89639750123,0,228.772149331868,20.5569426417351,537.771655015647,8.69018580019474,0,0,2085.29333890975,28.0433143228292,1126.32671955228,0,93.6405589282513,0,0,0,0,0,3.93839854001999,0,65.1067352816463,0,6.3714756667614,0,22.6194301843643,32.0852561146021,0,0,0,0,0,0,0,0.929646030068398,0,40.130879484117,0,296.329745024443,51.219915419817,451.053924173117,0,0,75.8405969887972,2297.96011374891,1.25873196125031,912.259093150496,6.11057332158089,995.805190935731,142.889046192169,0.467223569750786
355.824361935258,0,13.3707048594952,0,0.332498401403427,0,0,0,8.84201887249947,0,151.163039386272,0,0,0,0,0,528.89449237287,94.2058103978634,1281.05554357171,0,59.97824883461,0,0.248423993587494,0,0,0,0,0,0,0,0,0,192.63524286449,0,39.9161429256201,506.123493283987,10254.0464354977,0,268.373500049114,9.57016976177692,957.29511910677,31.5208631232381,632.194000028074,0,0,41.9363507702947,2308.95622927696,229.795278429985,74.5556045845151,0.338010370731354,117.925637662411,0,0,0,49.5685577988625,0,383.233714908361,0,110.754915386438,0,54.9861889481544,0,0,1168.97010673583,0,0,0,0,0,0,0,1.43012844026089,0.409752309322357,10.1274628043175,0,67.8829984068871,0,22.1585793197155,75.8405969887972,0,1.531508654356,481.58648301661,1591.23640129715,59.7040714770555,1345.17763718963,13.9098407775164,93.833703763783
0.344877243041992,32.492843568325,0,1.14388673007488,0,0,0,0,0,47.2242300361395,0,0,0,0,0,0.600839555263519,34.7181215584278,42.1047569662333,363.167302578688,6.93766298890114,0,879.354784861207,0,129.555326581001,0,0,0,0,0,132.597649991512,0,0,0,123.229197621346,0,597.638805866241,0,4514.85269628465,41.6252944469452,48.7532461583614,1.60331007838249,318.797118842602,5.77990280091763,0,0,975.208543106914,1.16111885011196,156.881300508976,9.45936378836632,79.1829587817192,0,0,0,0,0,99.2326891422272,0,8.83566032350063,0,0,0,0,172.174522563815,0,83.0830911770463,0,595.97201217711,0.593814611434937,0,0,124.181620776653,0,53.6015012934804,0,0,0,344.79094478488,0,2297.96011374891,1.531508654356,0,0.902701675891876,560.4115620628,1.44833981990814,958.073757380247,108.710675284266,0.195630386471748
