0,0,16.2304347852866,0,0,0,0,0,4.95188520068214,0,0,0,0,0,0,0,57.6674541473389,42.8434842427572,17.2295446332925,0,0,0,0,0,8.5930274327596,0,0,0,0,0,0,0,0,0,0,0,53.89544316342,0,11.3618614777275,0,31.2002956867218,0,19.107153228351,0,18.9124956130981,0,29.2014357703073,0,8.68417523536847,0,0,0,0,0,7.85692236158583,0,11.3636189044361,0,16.6025295257568,0,14.5210757689043,0,65.4369659423828,40.4676043192546,0,0,0,0,0,0,0,0,0,26.3281047527607,0,0,0,0,77.8171875,47.081789289202,0,31.7012726593018,21.9830561558406,0,13.3734004684117,0,24.4505107402802
0,0,0,14.8249451353195,0,23.8394165039062,0,0,0,4.88073617027652,0,0,0,0,0,0,25.2215023040771,0,13.621636345273,0,0,35.8446922302246,0,0,0,0,0,0,0,0,0,0,0,0,0,52.9279327392578,0,8.84996223449707,0,0,0,14.9031776954783,0,0,0,0,47.7895762125651,0,0,6.80992266217118,0,0,0,0,0,6.16976465264412,0,23.9707164764404,0,0,0,3.62088621457418,0,0,33.2346801757812,0,0,0,0,0,29.2026615142822,0,26.8481085035536,57.0426330566406,0,0,0,0,39.7049617767334,83.5508193969727,32.8671234130859,0,16.602036426707,0,11.9681924675929,11.8967849731445,0
16.2304347852866,0,0,0,14.6743417675212,0,0,0,7.52148084839185,0,0,0,0,0,0,0,82.4984970092773,0,53.5535091672625,0,0,0,0,0,0,0,0,0,0,0,0,0,0,0,0,0,61.7046816689627,0,44.2460568745931,0,39.9863109588623,0,22.2528805805342,0,0,0,35.7085989605297,0,20.3938257417013,0,6.94021873579499,0,0,0,0,0,6.21274057456425,0,0,0,5.75517066319783,0,0,27.3261222839355,0,0,0,0,0,0,0,0,0,31.5452778862744,0,0,0,0,0,53.0427080790202,0,38.1542952566436,20.2397303290483,0,24.2195436449437,0,20.0323456550131
0,14.8249451353195,0,0,0,14.37280125916,0,0,0,0,0,3.86318793296814,0,0,0,0,0,0,0,0,0,45.4944600191983,0,0,0,0,0,0,0,0,0,0,0,0,0,33.3174594076056,0,46.355034568093,0,47.2826199531555,0,20.9120065059859,0,0,0,26.0899874687195,134.045288085938,0,29.5089540481567,19.1044694735454,0,7.71680061472712,0,0,0,4.16785300405402,0,7.09687515963679,0,4.55097676496037,0,3.32248802185059,21.9422960281372,0,45.1607650756836,0,43.5942153930664,0,40.8530921936035,0,36.0850088976432,0,32.6714606444041,0,0,0,0,0,46.1924210230509,0,41.0571798997767,0,14.8290901298108,0,19.2127207812657,17.5309257825216,0
0,0,14.6743417675212,0,0,0,0,0,20.6966342926025,0,14.3367338180542,0,0,0,19.2003631591797,0,0,0,39.1417274475098,0,6.17475587763685,0,0,0,0,0,0,0,0,0,0,0,0,0,0,0,4.31948333978653,0,0,0,0,0,33.4963226318359,0,0,0,42.3176002502441,0,0,0,5.74559362610774,0,0,0,13.1637314796448,0,14.2990643637521,0,13.6459478378296,0,15.4460937711928,0,0,6.99953910883735,0,0,0,0,0,0,0,0,0,46.2108402252197,0,0,0,0,0,0,0,52.6484813690186,11.05196620572,0,6.90879631383078,0,0
0,23.8394165039062,0,14.37280125916,0,0,0,2.79349348280165,0,0,0,11.3084878921509,0,0,0,0,0,0,86.8449783325195,4.86685642443205,0,0,0,0,0,0,0,0,0,0,0,0,0,0,0,39.8849639892578,0,0,0,57.0380592346191,0,38.1382021222796,0,0,0,43.0319595336914,0,0,0,49.2462577819824,0,7.24511457583644,0,0,0,0,0,10.4601722044103,0,0,0,0,6.22148561477661,0,60.3220310211182,0,0,0,0,0,51.1357732500349,0,48.7000444585627,0,0,0,0,0,58.1264068603516,0,55.8196782198819,0,5.79515674710274,0,16.8547323293546,24.2559986114502,0
0,0,0,0,0,0,0,0,0,0,0,0,2.75180673599243,0,0,0,0,0,0,0,0,0,0,0,0,0,0,0,0,0,0,0,0,0,0,0,0,0,0,0,0,0,0,0,0,0,0,0,0,0,0,0,3.40793682847704,0,0,0,7.17172241210938,0,3.15321548418565,0,0,0,0,13.8675991694132,0,0,0,0,0,0,0,0,0,0,0,0,0,0,0,0,0,0,0,0,0,0,0
0,0,0,0,0,2.79349348280165,0,0,0,0,0,3.59262037277222,0,2.97323518329197,0,0,0,0,0,0,0,0,0,0,0,0,0,0,0,0,0,0,0,0,0,0,0,0,0,0,0,0,0,0,0,0,0,0,0,0,0,3.05410647392273,0,3.15922064645916,0,0,0,4.32214844226837,0,4.81515693664551,0,0,0,0,0,0,0,0,0,0,0,0,0,0,0,0,0,0,0,0,0,0,4.43355870246887,0,0,0,0
4.95188520068214,0,7.52148084839185,0,20.6966342926025,0,0,0,0,0,0,0,0,0,3.25022051363815,0,0,0,28.3465963091169,0,0,0,0,0,6.35648552063973,0,0,0,0,0,0,0,0,0,0,0,0,0,7.9355964575495,0,0,0,13.1908453553915,0,0,0,0,0,9.31101274490356,0,7.78945050920759,0,0,0,7.04929141524305,0,37.2637405395508,0,0,0,3.16810879230499,0,0,0,0,0,0,8.01290893554688,0,4.85858154296875,0,0,0,0,0,0,0,0,72.9223480224609,0,74.3577651977539,8.79865580797195,7.75643108658871,21.4783039093018,9.31590643707587,0,0
0,4.88073617027652,0,0,0,0,0,0,0,0,0,0,0,0,0,3.5964193746101,0,0,4.63682460784912,0,0,0,0,4.32216806003922,0,2.74182081222534,0,0,0,0,0,0,0,0,0,0,0,5.37106128172441,0,0,0,4.29263981612953,0,0,0,0,0,0,0,0,0,0,0,0,0,6.26694035950379,0,0,0,0,0,6.83838543151189,0,0,0,0,3.63990618994361,0,9.39199973742167,0,0,0,0,0,0,0,0,0,0,0,8.57334767750331,0,4.16568417774707,3.26570288066206,7.07453124842067,0,0
0,0,0,0,14.3367338180542,0,0,0,0,0,0,0,3.77762630425001,0,0,0,0,0,0,0,3.00928161965042,0,0,0,0,0,0,0,2.73750591278076,0,4.90832276344299,0,0,0,0,0,3.4007353981336,0,4.17565507909893,0,0,0,0,0,0,0,0,0,0,0,3.98811960220337,0,2.73474478721619,0,0,0,6.2130815296139,0,3.20921683805879,0,0,0,0,3.58243930339813,0,0,0,0,0,0,0,3.04747567457311,0,11.3575715905144,0,0,0,0,0,0,0,5.50915852527029,4.14562345668674,0,0,0,0
0,0,0,3.86318793296814,0,11.3084878921509,0,3.59262037277222,0,0,0,0,0,3.04048099545385,0,0,0,0,0,4.00623458340054,0,0,0,0,0,0,0,9.80932225121392,0,5.59365962835459,0,0,0,0,0,4.25236530657168,0,4.31343905288394,0,0,0,0,0,0,0,0,0,0,0,0,0,8.62399178743362,0,3.79511690139771,0,0,0,5.7869950328474,0,4.28554753598953,0,0,6.7344119310379,0,0,0,0,0,0,0,13.1535581335964,0,10.4343604774219,0,0,0,0,0,5.17398118972778,0,4.4336342215538,0,3.15276102788053,0,3.79255449771881,0,0
0,0,0,0,0,0,2.75180673599243,0,0,0,3.77762630425001,0,0,0,2.86558046340942,0,0,0,0,0,0,0,0,0,0,0,0,0,0,0,0,0,0,0,0,0,0,0,0,0,0,0,0,0,0,0,0,0,0,0,0,0,0,0,0,0,3.68524269053811,0,4.14634614629844,0,5.02501580374581,0,0,0,0,0,0,0,0,0,0,0,0,0,0,0,0,0,0,0,0,0,2.80888645350933,2.74480319023132,0,0,0
0,0,0,0,0,0,0,2.97323518329197,0,0,0,3.04048099545385,0,0,0,0,0,0,0,0,0,0,0,0,0,0,0,3.20093704015017,0,0,0,0,0,0,0,0,0,0,0,0,0,0,0,0,0,0,0,0,0,0,0,0,0,3.07761832693933,0,0,0,11.892849275044,0,3.56889954851328,0,0,0,0,0,0,0,0,0,0,2.97627010941505,0,0,0,0,0,0,0,0,0,0,0,2.84359817919524,2.81608044306437,0,0,0
0,0,0,0,19.2003631591797,0,0,0,3.25022051363815,0,0,0,2.86558046340942,0,0,0,2.95402030150096,0,0,0,0,0,0,0,0,0,0,0,0,0,0,0,0,0,0,0,0,0,0,0,0,0,0,0,0,0,0,0,0,0,8.53335046768188,0,0,0,3.38997435569763,0,0,0,3.17962006727854,0,4.76340323055492,0,0,0,0,0,0,0,0,0,0,0,0,0,0,0,0,0,0,0,0,0,2.73900532722473,0,0,0,0
0,0,0,0,0,0,0,0,0,3.5964193746101,0,0,0,0,0,0,47.0845050811768,21.1197422467745,0,0,0,0,0,12.1246472767421,0,6.33507442474365,0,5.98455639680227,0,0,0,0,0,0,0,0,0,0,0,0,0,0,0,0,0,0,0,0,0,0,0,0,0,0,0,4.09892955771438,0,0,0,0,0,5.6084418296814,0,0,0,0,12.5714817047119,0,0,0,5.49766540527344,0,0,0,0,0,0,0,0,0,0,0,8.86699196270534,0,0,0,0
57.6674541473389,25.2215023040771,82.4984970092773,0,0,0,0,0,0,0,0,0,0,0,2.95402030150096,47.0845050811768,0,21.2572010759069,22.3085076745314,0,0,0,3.5154789686203,0,0,41.1410636901855,6.57493455702137,0,0,0,0,0,0,0,0,107.533804575602,97.2280532836914,79.4318466186523,0,80.224808548436,72.3818786422928,71.0989740099226,56.7821796991492,73.4739055633545,50.7925572395325,73.1268427712577,66.2617616822734,99.9507446289062,80.1052983601888,78.3930770874023,0,0,0,0,0,0,0,0,0,0,3.17487025260925,0,85.3196845054626,71.0329532623291,0,2.9592874844869,0,0,0,5.44831519126892,84.073371887207,59.2823257446289,88.0011810302734,67.9081868489583,0,0,0,0,87.0232506284289,85.7810915545688,79.1948414464151,77.9144849777222,13.5757951123783,7.24847746532585,67.4345882388129,68.5413114374334,55.5002216648411
42.8434842427572,0,0,0,0,0,0,0,0,0,0,0,0,0,0,21.1197422467745,21.2572010759069,0,21.3810781673309,0,0,5.18984906257145,74.6708297729492,4.10749908593985,0,11.2201521396637,30.3638180096944,0,0,0,0,0,0,0,0,96.0283258226183,100.713521684919,65.9138781229655,0,75.0647561745565,79.3987054824829,58.9487136205037,67.2479801177979,46.522481918335,41.1185817718506,61.6383884196379,71.7688891940647,97.0695495605469,64.4328289031982,79.7624257405599,0,0,0,0,0,0,0,65.193733215332,0,0,0,0,66.159783862886,74.9891392389933,3.2145033121109,0,0,0,0,0,44.4403114318848,0,62.4929594039917,83.5367641448975,0,0,0,0,85.917841730891,92.1986228335987,71.2750350634257,82.0297881232368,13.3357802982777,8.61952078483793,60.5911420981089,49.6789048368281,69.3756858825684
17.2295446332925,13.621636345273,53.5535091672625,0,39.1417274475098,86.8449783325195,0,0,28.3465963091169,4.63682460784912,0,0,0,0,0,0,22.3085076745314,21.3810781673309,0,45.7061958312988,0,62.0545507158552,61.6397132873535,0,0,23.5945243835449,49.644832611084,0,0,0,0,0,0,0,0,76.9288305282593,75.3078536306109,65.0936791556222,41.3897438049316,53.4713520556289,51.9467094300086,35.812767481851,28.8129561319848,23.9465232319302,24.2059873310866,43.3174401988154,47.1209260519578,80.8814315795898,50.5931880801332,37.865346481551,0,64.3294639587402,0,0,0,0,42.4376113891602,45.703709602356,0,0,0,0,57.5577887282974,58.4339466822349,61.0769360860189,0,37.8355522155762,0,65.0636609395345,0,53.6340087543834,47.6629740397135,46.5805118356432,50.0109989575747,0,0,73.7255783081055,0,63.3829690803758,65.5891910051715,52.3364343968675,54.8975430815967,15.0334397272016,33.1433115005493,42.2927133723619,32.8417447805405,26.9958144322038
0,0,0,0,0,4.86685642443205,0,0,0,0,0,4.00623458340054,0,0,0,0,0,0,45.7061958312988,0,0,0,0,0,0,0,0,0,0,0,0,0,0,0,0,5.14875928148047,0,6.27287093916936,0,0,0,50.8859100341797,0,0,0,15.2320349144213,0,0,0,0,0,11.3084953625997,0,0,0,0,0,4.54100517431895,0,0,0,0,7.55992839802577,0,0,0,0,0,0,0,0,0,14.8650467612527,0,0,0,0,0,5.34049946547561,0,7.62890893762762,0,7.80014011216542,0,8.14684391021729,0,0
0,0,0,0,6.17475587763685,0,0,0,0,0,3.00928161965042,0,0,0,0,0,0,0,0,0,0,0,0,0,0,0,0,0,0,0,0,0,0,0,0,0,5.5567711740353,0,3.92770043350536,0,0,0,0,0,0,0,12.5226235389709,0,0,0,6.92749830087026,0,5.91574907302856,0,0,0,3.68335604667664,0,0,0,0,0,0,5.87589081359213,0,0,0,0,0,0,0,0,0,3.77425105431501,0,0,0,0,0,19.3067948778799,0,5.70086652183533,6.24542660259065,0,3.40739231805007,0,0
0,35.8446922302246,0,45.4944600191983,0,0,0,0,0,0,0,0,0,0,0,0,0,5.18984906257145,62.0545507158552,0,0,0,5.13307194933932,4.2787912161506,0,4.11897628870877,0,4.53712766377822,0,0,0,0,0,0,0,0,0,7.80026251089525,0,72.7452061971029,0,35.4830304875093,0,0,0,54.0436055925157,0,0,0,12.890440572966,0,55.1004165649414,0,0,0,0,0,28.4675921485538,0,26.8353729248047,0,24.4568920135498,35.3899006616502,0,5.34350235723575,4.37738149506705,9.52020355344516,0,6.50197286093531,0,7.98285498576505,0,15.0280219807344,0,0,0,0,0,79.1588853200277,0,7.87417644442207,0,5.35700700794523,3.84837713919648,35.0453010311833,42.779722849528,0
0,0,0,0,0,0,0,0,0,0,0,0,0,0,0,0,3.5154789686203,74.6708297729492,61.6397132873535,0,0,5.13307194933932,0,0,6.91729376358645,0,3.09439288001311,0,3.67388340428626,0,0,0,0,0,0,0,0,7.19528532028198,5.68323580335029,0,0,0,30.6153326034546,0,0,0,45.4257850646973,0,7.41356158595917,0,0,0,0,0,0,0,0,0,0,0,0,0,0,0,6.16400766372681,5.18755160614816,0,7.2606546163559,0,9.49150487295417,0,9.52344273967841,0,12.8002080917358,0,0,0,0,0,0,0,5.63781421946496,4.25973181864281,4.0741672907605,27.5266554355621,0,0
0,0,0,0,0,0,0,0,0,4.32216806003922,0,0,0,0,0,12.1246472767421,0,4.10749908593985,0,0,0,4.2787912161506,0,0,0,4.10001346820921,0,0,0,0,0,0,0,0,0,0,0,7.81159447117856,0,0,0,12.5940027236938,0,0,0,0,0,0,0,7.52703652662389,0,0,0,0,0,4.46203588664047,0,0,0,0,0,11.7455860789006,0,0,4.90580527625316,0,3.88859086291759,0,6.65112549716776,0,22.272154490153,0,0,0,0,0,0,0,0,0,7.98020792437029,0,5.27507248854379,0,7.50962553024292,0,0
8.5930274327596,0,0,0,0,0,0,0,6.35648552063973,0,0,0,0,0,0,0,0,0,0,0,0,0,6.91729376358645,0,0,0,3.57260635693868,0,0,0,0,0,0,0,0,0,0,0,5.67468002345413,0,0,0,4.00339555740356,0,0,0,0,0,9.88494205474854,0,0,0,0,0,7.11020241464887,0,0,0,17.8718280792236,0,0,0,0,0,0,6.05315661430359,0,4.70826847407536,0,3.96519118118286,0,13.1471115112305,0,0,0,0,0,0,0,0,0,10.576975048167,3.67003768231688,4.65226316452026,5.19110902005976,0,0
0,0,0,0,0,0,0,0,0,2.74182081222534,0,0,0,0,0,6.33507442474365,41.1410636901855,11.2201521396637,23.5945243835449,0,0,4.11897628870877,0,4.10001346820921,0,0,0,4.6288209680527,0,0,0,0,0,0,0,0,0,0,0,0,0,0,0,0,0,0,0,0,0,18.2613096237183,0,0,0,0,0,7.84982490539551,0,18.7509121894836,0,16.7984600067139,0,10.0027892589569,0,0,7.87901742117746,0,5.60253086090088,0,3.92108717382667,0,5.29524534089225,0,0,0,0,0,0,0,0,0,0,0,5.29659703941572,0,27.7777156829834,0,0
0,0,0,0,0,0,0,0,0,0,0,0,0,0,0,0,6.57493455702137,30.3638180096944,49.644832611084,0,0,0,3.09439288001311,0,3.57260635693868,0,0,0,0,0,0,0,0,0,0,0,0,0,0,0,0,0,0,0,0,0,0,0,0,0,0,0,0,0,0,0,0,0,17.3144950866699,0,0,0,0,0,0,0,0,5.03822708129883,0,4.25143321355184,0,13.8705148696899,0,0,0,0,0,0,0,0,0,0,4.69312466144562,0,0,0,0
0,0,0,0,0,0,0,0,0,0,0,9.80932225121392,0,3.20093704015017,0,5.98455639680227,0,0,0,0,0,4.53712766377822,0,0,0,4.6288209680527,0,0,0,3.54710406523484,0,0,0,0,0,0,0,2.9055934548378,0,53.864185333252,0,0,0,0,0,0,0,0,0,6.73168897628784,0,0,0,0,0,0,0,11.2966911315918,0,3.72480979646955,0,6.76802539825439,0,0,8.87026557188768,0,0,0,6.97385889459664,0,4.74983201886965,0,6.98768345514933,0,0,0,0,0,0,0,6.58418613009983,0,3.2683579159492,3.08516934939793,38.1448020935059,0,0
0,0,0,0,0,0,0,0,0,0,2.73750591278076,0,0,0,0,0,0,0,0,0,0,0,3.67388340428626,0,0,0,0,0,0,0,4.26557649404575,0,0,0,0,0,0,0,4.10192027008324,0,0,0,0,0,0,0,0,0,3.24548101425171,0,0,0,0,0,0,0,0,0,0,0,0,0,0,0,0,3.12093156034296,0,0,0,5.92167162895203,0,4.06822195217527,0,5.37003862857819,0,0,0,0,0,0,0,4.97753710216946,2.89114698341915,0,0,0,0
0,0,0,0,0,0,0,0,0,0,0,5.59365962835459,0,0,0,0,0,0,0,0,0,0,0,0,0,0,0,3.54710406523484,0,0,0,0,0,0,0,0,0,4.56044752781208,0,0,0,0,0,0,0,0,0,0,0,0,0,0,0,0,0,0,0,5.56961245470882,0,0,0,0,11.3765459060669,0,0,0,0,0,0,0,3.16865305850903,0,6.47693057144237,0,0,0,0,0,0,0,6.36210378478555,0,2.78163146972656,0,0,0,0
0,0,0,0,0,0,0,0,0,0,4.90832276344299,0,0,0,0,0,0,0,0,0,0,0,0,0,0,0,0,0,4.26557649404575,0,0,0,0,0,0,0,0,0,3.58461176170098,0,0,0,0,0,0,0,0,0,0,0,0,0,0,0,0,0,2.74007177352905,0,0,0,0,0,0,0,0,0,0,0,0,0,0,6.96294762189271,0,5.41046219140139,0,0,0,0,0,0,0,6.91259674727917,4.02312994003296,0,0,0,0
0,0,0,0,0,0,0,0,0,0,0,0,0,0,0,0,0,0,0,0,0,0,0,0,0,0,0,0,0,0,0,0,4.32830895261562,2.77890787124634,0,4.44340079614561,0,0,0,0,0,0,0,0,0,0,0,4.37268440294925,0,0,0,0,0,0,0,0,0,0,0,0,0,0,0,0,0,0,0,0,0,0,0,0,0,0,3.57618848834418,5.25226923624674,3.24613091078672,0,5.2643497869478,0,0,0,3.25341482957204,0,0,0,0
0,0,0,0,0,0,0,0,0,0,0,0,0,0,0,0,0,0,0,0,0,0,0,0,0,0,0,0,0,0,0,4.32830895261562,0,2.85025227069855,4.7236082834356,2.7522959087206,4.23673569002459,0,0,0,0,0,0,0,0,0,0,4.378616796679,3.78855991363525,0,0,0,0,0,0,0,0,0,0,0,0,0,0,0,0,0,0,0,0,0,0,0,0,0,3.09478669696384,3.89182490340967,2.77383555684771,5.11144116698921,2.94390964508057,5.61838564872742,0,0,4.74055387423589,0,0,0,0
0,0,0,0,0,0,0,0,0,0,0,0,0,0,0,0,0,0,0,0,0,0,0,0,0,0,0,0,0,0,0,2.77890787124634,2.85025227069855,0,3.26064283390568,5.38374958963537,0,7.07547710643095,0,0,0,23.6940898895264,8.61563949584961,0,0,0,0,5.674711048823,0,20.7421143849691,0,0,0,0,0,0,0,0,0,0,0,0,0,0,0,0,0,0,0,0,0,0,0,0,6.93932199478149,0,5.75935147574652,4.83931158519373,7.35695387033316,0,8.27483926580952,0,3.98635971413718,4.04406114419301,6.33265447616577,0,0
0,0,0,0,0,0,0,0,0,0,0,0,0,0,0,0,0,0,0,0,0,0,0,0,0,0,0,0,0,0,0,0,4.7236082834356,3.26064283390568,0,0,4.76624288907865,0,3.56619149095872,0,0,9.63862552642822,6.95861715740628,0,0,0,0,5.10416041150823,3.60907431443532,0,0,0,0,0,0,0,0,0,0,0,0,0,0,100.462333679199,0,0,0,0,0,0,0,0,0,0,0,5.07030786208387,3.56878628791907,4.41761357002721,0,7.51153940981782,0,4.8470609772773,4.91547093587868,0,19.1015872955322,0,0
0,52.9279327392578,0,33.3174594076056,0,39.8849639892578,0,0,0,0,0,4.25236530657168,0,0,0,0,107.533804575602,96.0283258226183,76.9288305282593,5.14875928148047,0,0,0,0,0,0,0,0,0,0,0,4.44340079614561,2.7522959087206,5.38374958963537,0,0,3.62419172128042,5.36186549694622,0,59.3017708006359,0,49.0263738178072,90.4780158996582,46.6069641113281,117.236106872559,42.6506896533554,105.191444396973,10.1398424438595,0,28.9244893391927,0,56.3500137329102,0,0,0,0,0,11.3991363389151,0,0,0,28.1075210571289,6.43778709152041,0,0,0,0,0,0,0,46.0796699523926,0,67.3681488037109,0,4.68289246105012,13.4462661743164,8.7919337934418,0,6.41759034265492,3.78064289427175,9.42564128323029,0,8.89252280122031,5.49767684936523,21.0596452308,48.1961414549086,0
53.89544316342,0,61.7046816689627,0,4.31948333978653,0,0,0,0,0,3.4007353981336,0,0,0,0,0,97.2280532836914,100.713521684919,75.3078536306109,0,5.5567711740353,0,0,0,0,0,0,0,0,0,0,0,4.23673569002459,0,4.76624288907865,3.62419172128042,0,2.74852478504181,6.09506095974954,0,45.0888378531845,120.168785095215,48.8547070243142,0,57.3119364651767,0,46.6681589823897,7.47589159011841,16.6530436064068,0,0,0,0,0,0,0,3.46470497204707,0,0,0,0,0,0,17.3588245540052,0,0,0,0,0,0,0,0,0,68.3989934921265,0,4.00797310223686,0,6.86479079220273,18.2606348196665,7.2365448257277,0,10.8432328456555,8.51040903375601,6.87387171483809,24.4534541120716,0,44.5935402996135
0,8.84996223449707,0,46.355034568093,0,0,0,0,0,5.37106128172441,0,4.31343905288394,0,0,0,0,79.4318466186523,65.9138781229655,65.0936791556222,6.27287093916936,0,7.80026251089525,7.19528532028198,7.81159447117856,0,0,0,2.9055934548378,0,4.56044752781208,0,0,0,7.07547710643095,0,5.36186549694622,2.74852478504181,0,4.19836515188217,34.7512550354004,0,27.945175755769,0,0,0,45.1416108873155,0,5.82064346438747,19.6912841796875,8.72164767517891,0,59.7344144185384,0,0,0,11.4263448261079,0,11.0071868110787,0,0,0,47.7951469421387,23.4881654066198,0,8.3147940755647,0,8.88263503227281,0,8.43699169158936,0,7.67676659939336,0,7.5390377312341,0,0,0,5.94954652535288,0,8.46584585294877,0,6.20088270864708,2.73871302604675,6.76091733956605,4.57027386665344,11.6018184379295,41.9664254188538,0
11.3618614777275,0,44.2460568745931,0,0,0,0,0,7.9355964575495,0,4.17565507909893,0,0,0,0,0,0,0,41.3897438049316,0,3.92770043350536,0,5.68323580335029,0,5.67468002345413,0,0,0,4.10192027008324,0,3.58461176170098,0,0,0,3.56619149095872,0,6.09506095974954,4.19836515188217,0,0,60.2708168029785,0,15.5833406554328,0,0,0,29.3657302856445,4.83032898626466,9.61668386498118,0,0,0,0,0,7.65921032936015,0,5.04174812634786,0,0,0,0,0,0,11.8875051782389,0,4.97816245983808,0,6.4425669081809,0,20.1406517028809,0,8.09486233019361,0,5.16956163889422,0,0,0,8.21730266677009,0,7.99913828334083,3.53493569113991,6.06612005168421,5.19808681997429,5.95857193018939,8.15913286393519,0,30.6595158576965
0,0,0,47.2826199531555,0,57.0380592346191,0,0,0,0,0,0,0,0,0,0,80.224808548436,75.0647561745565,53.4713520556289,0,0,72.7452061971029,0,0,0,0,0,53.864185333252,0,0,0,0,0,0,0,59.3017708006359,0,34.7512550354004,0,0,23.6157925923665,20.2109197874927,53.8868733865243,24.2914993094026,112.192710876465,14.3599327396293,32.7893798065186,6.75634598731995,11.1583687464396,10.4930056441914,0,53.9300079345703,0,0,0,0,0,53.4976908365885,0,0,0,0,14.629303448909,122.256362915039,74.1172383626302,0,0,0,65.3004379272461,0,54.0733800615583,0,55.7161571554942,59.995922088623,0,0,0,0,46.2280536100745,122.127793312073,63.1477583594944,83.7950134277344,46.8826059673143,0,14.9521062444632,34.3643742092585,79.7123006184896
31.2002956867218,0,39.9863109588623,0,0,0,0,0,0,0,0,0,0,0,0,0,72.3818786422928,79.3987054824829,51.9467094300086,0,0,0,0,0,0,0,0,0,0,0,0,0,0,0,0,0,45.0888378531845,0,60.2708168029785,23.6157925923665,0,84.1506853103638,21.1005550210372,0,25.8199155880855,38.2161389864408,14.5369140514568,5.74151129722595,6.37806778502979,10.4584196805954,0,0,0,0,0,0,0,0,0,0,0,0,0,10.1650214762301,0,0,0,0,0,0,181.830322265625,53.0053482055664,0,53.6109017764821,0,0,0,0,108.372783237033,14.9465941664175,0,30.2497468327367,50.6864536007968,0,12.8983488733118,72.6533889770508,23.6629892547925
0,14.9031776954783,0,20.9120065059859,0,38.1382021222796,0,0,0,4.29263981612953,0,0,0,0,0,0,71.0989740099226,58.9487136205037,35.812767481851,50.8859100341797,0,35.4830304875093,0,12.5940027236938,0,0,0,0,0,0,0,0,0,23.6940898895264,9.63862552642822,49.0263738178072,120.168785095215,27.945175755769,0,20.2109197874927,84.1506853103638,0,9.53525115702645,12.5607169168336,22.4235734939575,23.3609338264976,80.3747273958646,6.9759552103328,0,13.8050425668781,0,36.8251922925313,0,0,0,26.900411605835,0,17.0386424360022,0,23.2093011956466,0,29.8232658931187,25.335239232553,0,36.2248988469442,0,21.4407943089803,0,30.8196134779188,0,24.2942456324895,0,21.0726949434614,0,0,0,54.1591606140137,0,32.2561167981223,105.367208627554,26.3905141243892,0,14.2594605488238,8.80130859521719,12.4424627430693,14.1233003359857,71.0049158732096
19.107153228351,0,22.2528805805342,0,33.4963226318359,0,0,0,13.1908453553915,0,0,0,0,0,0,0,56.7821796991492,67.2479801177979,28.8129561319848,0,0,0,30.6153326034546,0,4.00339555740356,0,0,0,0,0,0,0,0,8.61563949584961,6.95861715740628,90.4780158996582,48.8547070243142,0,15.5833406554328,53.8868733865243,21.1005550210372,9.53525115702645,0,0,13.3967915687835,65.1567448702725,23.3526748029386,5.31865894077159,12.0561978219035,49.8175792694092,0,0,0,0,0,0,20.0498287393412,0,22.2813549041748,0,21.8070845603943,0,77.0324430465698,25.7639479591733,0,0,0,0,0,0,0,16.5802726087899,108.497749328613,19.1924174406699,0,0,9.24530720710754,6.83948159217834,57.2697083950043,31.4734001529751,68.7328075062145,27.4937177311916,11.3577627441716,8.10038339524042,12.315566277368,18.6430851817131,11.0246002080964
0,0,0,0,0,0,0,0,0,0,0,0,0,0,0,0,73.4739055633545,46.522481918335,23.9465232319302,0,0,0,0,0,0,0,0,0,0,0,0,0,0,0,0,46.6069641113281,0,0,0,24.2914993094026,0,12.5607169168336,0,0,0,18.1313286534062,42.8747863769531,0,0,26.1337323188782,0,0,0,0,0,0,0,0,0,0,0,0,26.3441323819368,0,0,0,0,0,0,0,0,0,36.3686248779297,0,0,0,0,0,35.5915168651099,66.5659027099609,45.8486507415771,0,10.7138092581715,0,11.5406060377757,10.7332458496094,0
18.9124956130981,0,0,0,0,0,0,0,0,0,0,0,0,0,0,0,50.7925572395325,41.1185817718506,24.2059873310866,0,0,0,0,0,0,0,0,0,0,0,0,0,0,0,0,117.236106872559,57.3119364651767,0,0,112.192710876465,25.8199155880855,22.4235734939575,13.3967915687835,0,0,0,21.256991956793,0,29.1933676401774,0,0,0,0,0,0,0,0,0,0,0,0,0,0,27.8490132587712,0,0,0,0,0,0,0,0,0,38.2770134318959,0,0,0,0,115.868629455566,37.1949300792119,0,35.1236258286696,21.9434446678605,0,16.6209895739684,50.4188442230225,19.4719362466232
0,0,0,26.0899874687195,0,43.0319595336914,0,0,0,0,0,0,0,0,0,0,73.1268427712577,61.6383884196379,43.3174401988154,15.2320349144213,0,54.0436055925157,0,0,0,0,0,0,0,0,0,0,0,0,0,42.6506896533554,0,45.1416108873155,0,14.3599327396293,38.2161389864408,23.3609338264976,65.1567448702725,18.1313286534062,0,0,24.4571606735589,0,60.2837982177734,41.6221819110945,0,33.42190990448,0,0,0,0,0,28.3896218299866,0,35.1627426147461,0,0,11.0318921755323,0,52.1243177141462,0,0,0,47.9863548278809,0,42.4190819456771,0,34.3975685681831,58.0644454956055,0,0,55.0539588928223,0,27.515538645864,98.5557518005371,26.0688397778632,0,40.6939604756208,0,18.8175390943605,44.584844196544,86.9676761627197
29.2014357703073,47.7895762125651,35.7085989605297,134.045288085938,42.3176002502441,0,0,0,0,0,0,0,0,0,0,0,66.2617616822734,71.7688891940647,47.1209260519578,0,12.5226235389709,0,45.4257850646973,0,0,0,0,0,0,0,0,0,0,0,0,105.191444396973,46.6681589823897,0,29.3657302856445,32.7893798065186,14.5369140514568,80.3747273958646,23.3526748029386,42.8747863769531,21.256991956793,24.4571606735589,0,0,40.1066212734934,167.067596435547,0,0,0,0,0,0,28.7114017486572,0,0,0,0,46.1662712097168,65.0345458984375,12.2031671150839,0,0,0,0,0,0,0,35.0901298522949,78.4071979522705,36.3271547355274,0,0,0,0,100.066541147232,28.5735508915801,109.882911682129,26.9011271888595,45.2216692451738,0,20.2426653092071,82.0707059587751,46.3133635586255
0,0,0,0,0,0,0,0,0,0,0,0,0,0,0,0,99.9507446289062,97.0695495605469,80.8814315795898,0,0,0,0,0,0,0,0,0,0,0,0,4.37268440294925,4.378616796679,5.674711048823,5.10416041150823,10.1398424438595,7.47589159011841,5.82064346438747,4.83032898626466,6.75634598731995,5.74151129722595,6.9759552103328,5.31865894077159,0,0,0,0,0,4.75198277121714,4.87922492445438,0,0,0,0,0,0,0,0,0,0,0,0,0,0,0,0,0,0,0,0,0,0,0,0,4.95766564419395,6.27276105478585,5.08113073113059,4.47749311555292,11.8628618956072,6.97605459709081,5.91137847471773,5.92647596907942,5.58240482966224,7.64960498809814,5.80812183091251,35.4583484785897,0
8.68417523536847,0,20.3938257417013,29.5089540481567,0,0,0,0,9.31101274490356,0,0,0,0,0,0,0,80.1052983601888,64.4328289031982,50.5931880801332,0,0,0,7.41356158595917,0,9.88494205474854,0,0,0,3.24548101425171,0,0,0,3.78855991363525,0,3.60907431443532,0,16.6530436064068,19.6912841796875,9.61668386498118,11.1583687464396,6.37806778502979,0,12.0561978219035,0,29.1933676401774,60.2837982177734,40.1066212734934,4.75198277121714,0,5.40537597714586,0,0,0,0,0,0,6.97746573961698,0,3.68129539489746,0,4.88440342510448,0,0,23.5777336033908,0,4.64150524689601,0,6.09519841273626,0,5.992439122761,0,5.26490101934298,0,6.65967838580792,0,6.30502939224243,0,5.13812940260943,0,8.70754458396845,0,6.65730593630005,18.0726019357214,10.7597279548645,7.1561066048243,0,16.0360238110578
0,6.80992266217118,0,19.1044694735454,0,49.2462577819824,0,0,0,0,0,0,0,0,0,0,78.3930770874023,79.7624257405599,37.865346481551,0,0,12.890440572966,0,7.52703652662389,0,18.2613096237183,0,6.73168897628784,0,0,0,0,0,20.7421143849691,0,28.9244893391927,0,8.72164767517891,0,10.4930056441914,10.4584196805954,13.8050425668781,49.8175792694092,26.1337323188782,0,41.6221819110945,167.067596435547,4.87922492445438,5.40537597714586,0,0,44.3910258156913,0,0,0,10.5533580780029,0,11.7333203049393,0,6.55250465291218,0,5.42332146042272,26.0788168979414,0,16.152386000397,0,14.8375356156251,0,14.1988191617097,0,11.4426823217361,0,11.2024237198435,0,0,0,7.4928360265844,0,17.3439733949637,111.130062103271,9.43502254731876,0,15.7763004617871,0,8.95874007465597,17.8616374027298,120.655830383301
0,0,6.94021873579499,0,5.74559362610774,0,0,0,7.78945050920759,0,3.98811960220337,0,0,0,8.53335046768188,0,0,0,0,0,6.92749830087026,0,0,0,0,0,0,0,0,0,0,0,0,0,0,0,0,0,0,0,0,0,0,0,0,0,0,0,0,0,0,0,3.59453455607096,0,8.13824862480164,0,5.92394444018209,0,5.12836456594388,0,5.71151749874518,0,0,7.72646707958645,0,0,0,0,0,0,0,0,0,42.5311889648438,0,0,0,0,0,61.3691444396973,0,0,9.29972267150879,0,8.35180601912938,0,0
0,0,0,7.71680061472712,0,7.24511457583644,0,3.05410647392273,0,0,0,8.62399178743362,0,0,0,0,0,0,64.3294639587402,11.3084953625997,0,55.1004165649414,0,0,0,0,0,0,0,0,0,0,0,0,0,56.3500137329102,0,59.7344144185384,0,53.9300079345703,0,36.8251922925313,0,0,0,33.42190990448,0,0,0,44.3910258156913,0,0,0,4.63378958569633,0,5.4282267888387,0,5.44835877022098,0,3.62549722194672,0,5.55988454818726,34.7207336425781,0,55.0709991455078,0,0,0,0,0,46.6120801289876,0,41.2789634068807,0,0,0,0,0,55.7308039665222,0,50.9940188090007,0,6.89410211917682,0,14.6141872795729,30.4138879776001,0
0,0,0,0,0,0,3.40793682847704,0,0,0,2.73474478721619,0,0,0,0,0,0,0,0,0,5.91574907302856,0,0,0,0,0,0,0,0,0,0,0,0,0,0,0,0,0,0,0,0,0,0,0,0,0,0,0,0,0,3.59453455607096,0,0,0,0,0,5.04764039258557,0,3.56850790977478,0,0,0,0,11.6519882385743,0,0,0,0,0,0,0,0,0,0,0,0,0,0,0,0,0,0,3.03077048063278,0,10.5827753543854,0,0
0,0,0,0,0,0,0,3.15922064645916,0,0,0,3.79511690139771,0,3.07761832693933,0,0,0,0,0,0,0,0,0,0,0,0,0,0,0,0,0,0,0,0,0,0,0,0,0,0,0,0,0,0,0,0,0,0,0,0,0,4.63378958569633,0,0,0,0,0,4.69018412302326,0,0,0,0,0,0,0,0,0,0,0,0,0,0,0,0,0,0,0,0,0,0,0,0,3.87757751345634,0,0,0,0
7.85692236158583,0,0,0,13.1637314796448,0,0,0,7.04929141524305,0,0,0,0,0,3.38997435569763,0,0,0,0,0,0,0,0,0,7.11020241464887,0,0,0,0,0,0,0,0,0,0,0,0,0,7.65921032936015,0,0,0,0,0,0,0,0,0,0,0,8.13824862480164,0,0,0,0,0,0,0,0,0,9.59539394130765,0,0,0,0,0,0,3.14606298208237,0,0,0,0,0,0,0,0,0,0,0,0,0,11.3097784625159,4.0543143312696,0,3.26738262176514,0,0
0,6.16976465264412,0,4.16785300405402,0,0,0,0,0,6.26694035950379,0,0,0,0,0,4.09892955771438,0,0,0,0,0,0,0,4.46203588664047,0,7.84982490539551,0,0,0,0,0,0,0,0,0,0,0,11.4263448261079,0,0,0,26.900411605835,0,0,0,0,0,0,0,10.5533580780029,0,5.4282267888387,0,0,0,0,0,0,0,0,0,5.07837827601488,0,0,0,0,4.10941639233157,0,8.38458435237408,0,0,0,0,0,0,0,0,0,0,0,9.59082132693758,0,17.0961540845724,0,9.67285510758373,23.2647113800049,0
11.3636189044361,0,6.21274057456425,0,14.2990643637521,0,7.17172241210938,0,37.2637405395508,0,6.2130815296139,0,3.68524269053811,0,0,0,0,0,42.4376113891602,0,3.68335604667664,0,0,0,0,0,0,0,0,0,2.74007177352905,0,0,0,0,0,3.46470497204707,0,5.04174812634786,0,0,0,20.0498287393412,0,0,0,28.7114017486572,0,6.97746573961698,0,5.92394444018209,0,5.04764039258557,0,0,0,0,0,3.75885932883997,0,4.58334449927012,0,0,4.487508686674,0,0,0,0,0,7.63128888607025,0,3.95427479630425,0,7.78014899591605,0,0,0,0,0,47.0484725407192,0,9.03343147890908,13.5560820172815,0,10.7059488093152,0,19.5188492428173
0,23.9707164764404,0,7.09687515963679,0,10.4601722044103,0,4.32214844226837,0,0,0,5.7869950328474,0,11.892849275044,0,0,0,65.193733215332,45.703709602356,4.54100517431895,0,28.4675921485538,0,0,0,18.7509121894836,0,11.2966911315918,0,5.56961245470882,0,0,0,0,0,11.3991363389151,0,11.0071868110787,0,53.4976908365885,0,17.0386424360022,0,0,0,28.3896218299866,0,0,0,11.7333203049393,0,5.44835877022098,0,4.69018412302326,0,0,0,0,0,4.16227516320909,0,6.67418166569301,11.8648824210659,0,26.2851883672899,0,24.990307949959,0,17.7129368060226,0,12.1135914521457,0,9.76113280005385,0,0,0,0,0,40.0000234603882,0,14.0697304050318,0,11.2209729228701,0,7.6499162246348,15.4243545532227,0
16.6025295257568,0,0,0,13.6459478378296,0,3.15321548418565,0,0,0,3.20921683805879,0,4.14634614629844,0,3.17962006727854,0,0,0,0,0,0,0,0,0,17.8718280792236,0,17.3144950866699,0,0,0,0,0,0,0,0,0,0,0,0,0,0,0,22.2813549041748,0,0,0,0,0,3.68129539489746,0,5.12836456594388,0,3.56850790977478,0,0,0,3.75885932883997,0,0,0,4.28697510005892,0,0,8.21333360671997,0,0,0,0,0,6.18280399230219,0,4.32267210235843,0,0,0,0,0,0,0,0,0,37.5855026245117,3.09227666755517,2.86502643993923,7.88456599712372,0,0
0,0,0,4.55097676496037,0,0,0,4.81515693664551,0,0,0,4.28554753598953,0,3.56889954851328,0,0,0,0,0,0,0,26.8353729248047,0,0,0,16.7984600067139,0,3.72480979646955,0,0,0,0,0,0,0,0,0,0,0,0,0,23.2093011956466,0,0,0,35.1627426147461,0,0,0,6.55250465291218,0,3.62549722194672,0,0,0,0,0,4.16227516320909,0,0,0,4.0574008659883,10.2460521062215,0,23.4495805104574,0,18.0054494010078,0,8.48539572859567,0,5.9668815754078,0,12.0793555259705,0,0,0,0,0,48.0593070983887,0,19.8019243876139,0,4.09658770630325,3.16838455200195,11.5500587137734,20.0958833694458,0
14.5210757689043,0,5.75517066319783,0,15.4460937711928,0,0,0,3.16810879230499,0,0,0,5.02501580374581,0,4.76340323055492,0,3.17487025260925,0,0,0,0,0,0,0,0,0,0,0,0,0,0,0,0,0,0,0,0,0,0,0,0,0,21.8070845603943,0,0,0,0,0,4.88440342510448,0,5.71151749874518,0,0,0,9.59539394130765,0,4.58334449927012,0,4.28697510005892,0,0,0,0,0,0,0,0,0,0,3.92150089832453,0,4.79904651641846,0,30.7072401046753,0,0,0,0,0,0,0,0,20.1850096384684,0,20.2892516771952,0,19.7520637512207
0,3.62088621457418,0,3.32248802185059,0,0,0,0,0,6.83838543151189,0,0,0,0,0,5.6084418296814,0,0,0,0,0,24.4568920135498,0,11.7455860789006,0,10.0027892589569,0,6.76802539825439,0,0,0,0,0,0,0,28.1075210571289,0,47.7951469421387,0,0,0,29.8232658931187,0,0,0,0,46.1662712097168,0,0,5.42332146042272,0,5.55988454818726,0,0,0,5.07837827601488,0,6.67418166569301,0,4.0574008659883,0,0,25.4862098693848,0,23.1436939239502,0,15.7196830820154,0,5.34651746306309,0,12.5658010376824,0,37.0668983459473,0,0,0,0,0,0,0,44.6825904846191,0,5.32561021692613,0,16.2933371067047,21.6596517562866,0
65.4369659423828,0,0,21.9422960281372,0,6.22148561477661,0,0,0,0,0,6.7344119310379,0,0,0,0,85.3196845054626,66.159783862886,57.5577887282974,7.55992839802577,0,35.3899006616502,0,0,0,0,0,0,0,11.3765459060669,0,0,0,0,0,6.43778709152041,0,23.4881654066198,0,14.629303448909,0,25.335239232553,77.0324430465698,26.3441323819368,0,11.0318921755323,65.0345458984375,0,0,26.0788168979414,0,34.7207336425781,0,0,0,0,0,11.8648824210659,0,10.2460521062215,0,25.4862098693848,0,0,44.0091126759847,0,33.9957348505656,0,29.4906794506571,0,24.3579920668628,0,19.7991966895929,0,0,0,0,0,10.9624130942956,137.326930236816,14.8032103580499,0,49.5366487071432,0,15.5978692154884,53.5297131008572,0
40.4676043192546,0,27.3261222839355,0,6.99953910883735,0,13.8675991694132,0,0,0,3.58243930339813,0,0,0,0,0,71.0329532623291,74.9891392389933,58.4339466822349,0,5.87589081359213,0,0,0,0,0,0,0,0,0,0,0,0,0,100.462333679199,0,17.3588245540052,0,11.8875051782389,122.256362915039,10.1650214762301,0,25.7639479591733,0,27.8490132587712,0,12.2031671150839,0,23.5777336033908,0,7.72646707958645,0,11.6519882385743,0,0,0,4.487508686674,0,8.21333360671997,0,0,0,0,0,0,0,0,0,0,0,0,17.6015625,0,21.3653438657923,0,0,0,0,0,23.538578088523,0,18.0373393884645,23.4881162262977,0,15.1406453991285,125.195327758789,51.9349178738064
0,33.2346801757812,0,45.1607650756836,0,60.3220310211182,0,0,0,0,0,0,0,0,0,0,0,3.2145033121109,61.0769360860189,0,0,5.34350235723575,6.16400766372681,4.90580527625316,0,7.87901742117746,0,8.87026557188768,0,0,0,0,0,0,0,0,0,8.3147940755647,0,74.1172383626302,0,36.2248988469442,0,0,0,52.1243177141462,0,0,0,16.152386000397,0,55.0709991455078,0,0,0,0,0,26.2851883672899,0,23.4495805104574,0,23.1436939239502,44.0091126759847,0,0,0,6.36313598864787,0,9.39602687270553,0,8.6273509330572,0,17.129111289978,0,0,0,0,0,0,0,7.06297073071016,0,9.39430955207511,3.52391005754471,28.6314651091894,41.1404762268066,0
0,0,0,0,0,0,0,0,0,0,0,0,0,0,0,0,2.9592874844869,0,0,0,0,4.37738149506705,5.18755160614816,0,6.05315661430359,0,0,0,3.12093156034296,0,0,0,0,0,0,0,0,0,4.97816245983808,0,0,0,0,0,0,0,0,0,4.64150524689601,0,0,0,0,0,0,0,0,0,0,0,0,0,0,0,0,0,0,6.34289955525171,0,5.44530938778605,0,5.83137925104661,0,0,0,0,0,0,0,0,0,5.89292521703811,5.60661186673748,4.97710750527578,0,0,0
0,0,0,43.5942153930664,0,0,0,0,0,3.63990618994361,0,0,0,0,0,12.5714817047119,0,0,37.8355522155762,0,0,9.52020355344516,0,3.88859086291759,0,5.60253086090088,0,0,0,0,0,0,0,0,0,0,0,8.88263503227281,0,0,0,21.4407943089803,0,0,0,0,0,0,0,14.8375356156251,0,0,0,0,0,4.10941639233157,0,24.990307949959,0,18.0054494010078,0,15.7196830820154,33.9957348505656,0,6.36313598864787,0,0,0,8.8866587629479,0,11.109653932908,0,12.8374671936035,0,0,0,0,0,0,0,8.33431326787766,0,16.2129970341921,0,12.0860527354246,28.7884038289388,0
0,0,0,0,0,0,0,0,8.01290893554688,0,0,0,0,0,0,0,0,0,0,0,0,0,7.2606546163559,0,4.70826847407536,0,5.03822708129883,0,0,0,0,0,0,0,0,0,0,0,6.4425669081809,0,0,0,0,0,0,0,0,0,6.09519841273626,0,0,0,0,0,3.14606298208237,0,0,0,0,0,0,0,0,0,0,6.34289955525171,0,0,0,3.92045076688131,0,11.982216835022,0,0,0,0,0,0,0,0,0,9.17305208428334,4.1363810300827,0,8.87059627638923,0,0
0,0,0,40.8530921936035,0,0,0,0,0,9.39199973742167,0,0,0,0,0,0,0,0,65.0636609395345,0,0,6.50197286093531,0,6.65112549716776,0,3.92108717382667,0,6.97385889459664,0,0,0,0,0,0,0,0,0,8.43699169158936,0,65.3004379272461,0,30.8196134779188,0,0,0,47.9863548278809,0,0,0,14.1988191617097,0,0,0,0,0,8.38458435237408,0,17.7129368060226,0,8.48539572859567,0,5.34651746306309,29.4906794506571,0,9.39602687270553,0,8.8866587629479,0,0,0,6.49810426491045,0,13.9393761952718,0,0,0,0,0,59.6053009033203,0,55.4856195449829,0,8.68138210085414,0,24.0786065973787,0,0
0,0,0,0,0,0,0,0,4.85858154296875,0,0,0,0,0,0,0,5.44831519126892,0,0,0,0,0,9.49150487295417,0,3.96519118118286,0,4.25143321355184,0,5.92167162895203,0,0,0,0,0,0,0,0,0,20.1406517028809,0,0,0,0,0,0,0,0,0,5.992439122761,0,0,0,0,0,0,0,7.63128888607025,0,6.18280399230219,0,3.92150089832453,0,0,0,0,5.44530938778605,0,3.92045076688131,0,0,0,6.74690391984623,0,0,0,0,0,0,0,0,0,0,3.50287885525647,0,11.8681310101559,0,0
0,29.2026615142822,0,36.0850088976432,0,51.1357732500349,0,0,0,0,0,13.1535581335964,0,2.97627010941505,0,5.49766540527344,84.073371887207,44.4403114318848,53.6340087543834,0,0,7.98285498576505,0,22.272154490153,0,5.29524534089225,0,4.74983201886965,0,3.16865305850903,0,0,0,0,0,46.0796699523926,0,7.67676659939336,0,54.0733800615583,181.830322265625,24.2942456324895,0,0,0,42.4190819456771,0,0,0,11.4426823217361,0,46.6120801289876,0,0,0,0,0,12.1135914521457,0,5.9668815754078,0,12.5658010376824,24.3579920668628,0,8.6273509330572,0,11.109653932908,0,6.49810426491045,0,0,0,5.44277042975793,0,0,0,0,0,63.869171591366,112.575950622559,5.66575516908892,0,20.0600988437242,2.96011853218079,21.4619864763556,24.9617665608724,0
0,0,0,0,0,0,0,0,0,0,3.04747567457311,0,0,0,0,0,59.2823257446289,0,47.6629740397135,0,0,0,9.52344273967841,0,13.1471115112305,0,13.8705148696899,0,4.06822195217527,0,6.96294762189271,0,0,0,0,0,0,0,8.09486233019361,0,53.0053482055664,0,16.5802726087899,0,0,0,35.0901298522949,0,5.26490101934298,0,0,0,0,0,0,0,3.95427479630425,0,4.32267210235843,0,4.79904651641846,0,0,17.6015625,0,5.83137925104661,0,11.982216835022,0,6.74690391984623,0,0,0,7.70550780337551,0,0,0,0,0,0,0,10.0024551219668,7.69094399611155,0,7.70682177650795,0,19.2633423805237
0,26.8481085035536,0,32.6714606444041,0,48.7000444585627,0,0,0,0,0,10.4343604774219,0,0,0,0,88.0011810302734,62.4929594039917,46.5805118356432,14.8650467612527,0,15.0280219807344,0,0,0,0,0,6.98768345514933,0,6.47693057144237,0,0,0,0,0,67.3681488037109,0,7.5390377312341,0,55.7161571554942,0,21.0726949434614,108.497749328613,36.3686248779297,0,34.3975685681831,78.4071979522705,0,0,11.2024237198435,0,41.2789634068807,0,0,0,0,0,9.76113280005385,0,12.0793555259705,0,37.0668983459473,19.7991966895929,0,17.129111289978,0,12.8374671936035,0,13.9393761952718,0,5.44277042975793,0,0,0,0,0,0,0,58.9331410332644,114.381893157959,7.43433999083689,0,29.1670616901282,0,22.4430627418621,22.9010161558787,0
26.3281047527607,57.0426330566406,31.5452778862744,0,46.2108402252197,0,0,0,0,0,11.3575715905144,0,0,0,0,0,67.9081868489583,83.5367641448975,50.0109989575747,0,3.77425105431501,0,12.8002080917358,0,0,0,0,0,5.37003862857819,0,5.41046219140139,0,0,0,0,0,68.3989934921265,0,5.16956163889422,59.995922088623,53.6109017764821,0,19.1924174406699,0,38.2770134318959,58.0644454956055,36.3271547355274,0,6.65967838580792,0,42.5311889648438,0,0,0,0,0,7.78014899591605,0,0,0,30.7072401046753,0,0,21.3653438657923,0,0,0,0,0,0,0,7.70550780337551,0,0,0,0,0,0,114.189493179321,56.133153368713,0,6.03843083289213,31.3804026520165,0,10.4527450898698,0,21.1631702677409
0,0,0,0,0,0,0,0,0,0,0,0,0,0,0,0,0,0,0,0,0,0,0,0,0,0,0,0,0,0,0,3.57618848834418,3.09478669696384,6.93932199478149,0,4.68289246105012,0,0,0,0,0,0,0,0,0,0,0,4.95766564419395,0,0,0,0,0,0,0,0,0,0,0,0,0,0,0,0,0,0,0,0,0,0,0,0,0,0,0,0,9.51028530512537,0,5.77731394998276,0,0,0,3.5518942860996,0,0,0,0
0,0,0,0,0,0,0,0,0,0,0,0,0,0,0,0,0,0,0,0,0,0,0,0,0,0,0,0,0,0,0,5.25226923624674,3.89182490340967,0,5.07030786208387,13.4462661743164,4.00797310223686,0,0,0,0,0,0,0,0,0,0,6.27276105478585,6.30502939224243,0,0,0,0,0,0,0,0,0,0,0,0,0,0,0,0,0,0,0,0,0,0,0,0,0,0,0,0,7.10907439996644,15.527247428894,4.73264309138462,0,0,3.21651034312205,0,0,0,0
0,0,0,0,0,0,0,0,0,0,0,0,0,0,0,0,0,0,73.7255783081055,0,0,0,0,0,0,0,0,0,0,0,0,3.24613091078672,2.77383555684771,5.75935147574652,3.56878628791907,8.7919337934418,0,5.94954652535288,0,0,0,54.1591606140137,9.24530720710754,0,0,55.0539588928223,0,5.08113073113059,0,7.4928360265844,0,0,0,0,0,0,0,0,0,0,0,0,0,0,0,0,0,0,0,0,0,0,0,0,9.51028530512537,0,0,5.71276713098798,12.0348373118584,0,6.53904367300056,0,8.03312832622205,3.61417614089118,17.2210658073425,49.983024597168,0
0,0,0,0,0,0,0,0,0,0,0,0,0,0,0,0,0,0,0,0,0,0,0,0,0,0,0,0,0,0,0,0,5.11144116698921,4.83931158519373,4.41761357002721,0,6.86479079220273,0,8.21730266677009,0,0,0,6.83948159217834,0,0,0,0,4.47749311555292,5.13812940260943,0,0,0,0,0,0,0,0,0,0,0,0,0,0,0,0,0,0,0,0,0,0,0,0,0,0,7.10907439996644,5.71276713098798,0,0,8.37190085060803,0,6.45306128452798,5.46040744666594,0,8.31255698204041,0,0
