0,0,286.001502871513,0,17.5083544552326,0,0,0,805.317149609327,0,0,0,0,0,0,0,0,0,50.3622631728649,0,0,0,0,0,14.8387560844421,0,0,0,0,0,0,0,0,0,0,0,0,0,11.0099330246449,0,0,0,58.197871953249,0,0,0,4.5423648506403,0,456.02881193161,0,3.8700997531414,0,0,0,186.540080487728,0,0,0,1.11075162887573,0,125.01443913579,0,0,0,0,0,0,13.2330791056156,0,0,0,0,0,0,0,0,0,0,0,13.1182169765234,0,0,369.364041179419,0,578.484383806586,0,25.6347168087959
0,0,0,448.194252848625,0,0,0,0,0,633.147785589099,0,0,0,0,0,4.03803730010986,0,0,0,0,0,0,0,17.6194349080324,0,0,0,0,0,0,0,0,0,0,0,0,0,0,0,0,0,116.079220592976,0,0,0,0,0,4.10312187671661,0,405.772321805358,0,0,0,0,0,552.848013833165,0,0,0,0,0,5,0,0,0,0,6.80551448464394,0,0,0,0,0,0,0,0,0,0,0,0,0,0.638021558523178,0,406.321977078915,0,617.745244368911,8.86354851722717,0
286.001502871513,0,0,0,205.325662851334,0,0,0,222.96343293786,0,0,0,0,0,0,0,0,0,0,0,2.0555659532547,0,0,0,1.04615837335587,0,0,0,0,0,0,0,0,0,0,0,5.86211282014847,0,0.241022899746895,0,7.17658141255379,0,2.82309521734715,0,0,0,94.9631026685238,0,177.811502575874,0,15.0945827364922,0,0,0,5.3834333717823,0,55.3463535308838,0,2.74951767921448,0,33.8937683701515,0,0,9.2316121160984,0,0,0,0,0,0,0,0,0,0.862475037574768,0,0,0,0,0,0.437284626066685,0,0,75.498672991991,0,1092.5733499527,0,0
0,448.194252848625,0,0,0,405.148210644722,0,0,0,105.045386224985,0,0,0,0,0,0,0,0,0,0,0,0,0,0.813380718231201,0,0,0,0,0,0,0,0,0,0,0,0,0,0,0,2.21355623006821,0,87.4539175331593,0,0,0,803.173138439655,0,1.53381109237671,0,815.269102290273,0,12.9971314370632,0,0,0,1.6251375079155,0,59.2603560686111,0,14.1874616742134,0,24.3348417282104,0,0,0,0,0,0,0,0,0,0,0,0,0,0,0,0,0.479301944375038,0,0,0,357.677840948105,0,1247.60419543087,1.55782493948936,0
17.5083544552326,0,205.325662851334,0,0,0,14.4567584991455,0,143.689160078764,0,0,0,0,0,1,0,0,0,0,0,15.331808835268,0,0,0,0,0,0,0,0,0,0,0,0,0,0,0,0,0,0,0,0.374692052602768,0.602116584777832,6.12580341100693,0,0,0,115.219935849309,0,22.516766756773,0,440.884092628956,0,2,0,476.894314080477,0,20.4641803503036,0,10.9136271476746,0,2.93742525577545,0,0,15.7789310216904,0,0,0,0,0,0,0,0,0,0,0,0,0,0,0,1.45418877899647,0,2.473797082901,153.244733393192,0,343.047239229083,0,0
0,0,0,405.148210644722,0,0,0,13.2706122398376,0,0,0,0,0,0,0,0,0,0,0,7.98261284828186,0,0,0,0,0,0,0,0,0,0,0,0,0,0,0,5.67720937728882,0,0,0,23.9631639719009,0,0.716883152723312,0,0,0,256.519795820117,0,0.599291145801544,0,0.770899876952171,0,433.127143144608,0,2.99416327476501,0,0,0,19.6083251237869,0,0,0,0,0.403839915990829,0,0,0,0,0,0,0,0,0,0,0,0,0,0,0,9.94348666071892,0,0,0,443.799055933952,24.4150040149689,529.579903930426,0,0
0,0,0,0,14.4567584991455,0,0,0,0,0,1,0,125.649553835392,0,0,0,0,0,0,0,0,0,0,0,0,0,0,0,0,0,0,0,0,0,0,0,0,0,0,0,0,0,0,0,0,0,0,0,0,0,0,0,511.256317079067,0,0,0,0,0,100.6188339293,0,0,0,0,0,0,0,0,0,0,0,0,0,0,0,0,0,0,0,0,0,0,0,82.7390165328979,0,0,0,0
0,0,0,0,0,13.2706122398376,0,0,0,0,0,0,0,0,0,0,0,0,0,0,0,0,0,0,0,0,0,0,0,0,0,0,0,0,0,0,0,0,0,0,0,0,0,0,0,0,0,0,0,0,0,15.9947203397751,0,177.974326610565,0,0,0,0,0,0,0,0,0,0,0,0,0,0,0,0,0,0,0,0,0,0,0,0,0,0,0,0,20.3965194225311,0,0,0,0
805.317149609327,0,222.96343293786,0,143.689160078764,0,0,0,0,0,0,0,0,0,172.506138086319,0,90.1386365741491,5.38971382379532,0,0,0,0,0,0,45.0426865518093,0,29.2106375694275,0,0,0,0,0,0,0,0,0,0,0,149.612278580666,0,0,0,57.0757049918175,0,0,0,0.770759403705597,0,72.9665961265564,0,100.693835020065,0,0,0,1403.1525233686,0,0,0,23.5697629451752,0,405.809057563543,0,0,1.08890819549561,0,0,0,50.1259855926037,0,2,0,0,0,0,0,0,0,0,0,0.750992894172668,0,51.2768827527761,476.670709699392,0,193.448782742023,0,27.4212748706341
0,633.147785589099,0,105.045386224985,0,0,0,0,0,0,0,0,0,0,0,45.1885416507721,24.6133106797934,151.702753141522,9.5105482339859,0,0,0,0,137.501916736364,0,67.0042929649353,0,0,0,0,0,0,0,0,0,0,0,162.575344458222,0,0,0,2.84684079885483,0,0,0,46.6334274709225,0,0,0,1.37388616800308,0,0,0,0,0,400.935688406229,0,0,0,0,0,29.1438980102539,0,0,0,0,11.3037702441216,0,2.18780928850174,0,0,0,0,0,0,0,0,0,0,0,90.5807719230652,0,810.332651093602,67.0496739894152,281.560583204031,0,0
0,0,0,0,0,0,1,0,0,0,0,0,31.20158675313,0,0,0,0,0,0,0,149.40084002912,0,0,0,0,0,0,0,1.24992598593235,0,133.660485908389,0,0,0,0,0,4.56013309955597,0,316.085598304868,0,0,0,0,0,0,0,0,0,0,0,5.51879239082336,0,0,0,0,0,1659.03964136541,0,0,0,0,0,0,0,0,0,0,0,0,0,0,0,0,249.86041764915,0,0,0,0,0,0,0,35.8245499134064,791.474358826876,7.63193130493164,0.516351312398911,0,0
0,0,0,0,0,0,0,0,0,0,0,0,0,0,0,0,0,0,0.522541105747223,152.707807645202,0,0,0,0,0,0,0,0,0,11.9502940177917,0,0,0,0,0,30.1476652622223,0,342.708891153336,0,0,0,2.03906619548798,1.11389780044556,4.87496614456177,0,49.2641218900681,0,0.22908028960228,0,0.41546206176281,0,0,0,0,0,0,0,1031.89386831224,0,0,0,0,2.63509051501751,0,0,0,0,0,0,0,0,0,161.280380368233,0,0,0,0,0,3.91451565921307,0,32.1844816207886,0,263.35825009644,0,3.52800646424294,0,0
0,0,0,0,0,0,125.649553835392,0,0,0,31.20158675313,0,0,0,95.2652341872454,0,0,0,0,0,0,0,0,0,0,0,0,0,0,0,0,0,0,0,0,0,0,0,0,0,0,0,0,0,0,0,0,0,0,0,0,0,38.5134925842285,0,0,0,0,0,653.973022222519,0,95.6409737169743,0,0,0,0,0,0,0,0,1.69602203369141,0,0,0,0,0,0,0,0,0,0,0,0,109.185978621244,0,0,0,0
0,0,0,0,0,0,0,0,0,0,0,0,0,0,0,20.7031371295452,0,4.2003019452095,0,0,0,0,0,0,0,0,0,28.5312322378159,0,0,0,0,0,0,0,0,0,0,0,0,0,0,0,0,0,0,0,0,0,0,0,0,0,0,0,0,0,0,0,114.388218164444,0,118.887014865875,0,0,0,0,0,0,0,0,0,0,0,0,0,0,0,0,0,0,0,0,35.4618338942528,0,0,0,0
0,0,0,0,1,0,0,0,172.506138086319,0,0,0,95.2652341872454,0,0,0,19.2423772513866,0,0,0,0,0,0,0,0,0,0,0,0,0,0,0,0,0,0,0,0,0,0,0,0,0,0,0,0,0,0,0,0,0,15.8923135995865,0,0,0,44.8664440214634,0,0,0,13.8541270494461,0,182.819410637021,0,0,0,0,0,0,0.304569602012634,0,0,0,0,0,0,0,0,0,0,0,0,0,0,2,0,0,0,0
0,4.03803730010986,0,0,0,0,0,0,0,45.1885416507721,0,0,0,20.7031371295452,0,0,22.9137084633112,470.613288298249,7.2337666451931,0,0,0,0,4.02726030349731,0,80.5423488467932,0,0,0,0,0,0,0,0,0,0,0,0,0,0,0,0,0,0,0,0,0.381135225296021,0,0,0,0,0,0,0,0,59.1130322813988,0,0,0,0,0,10.7283878326416,0,0,0,0,0,0,20.5675678551197,0,0,0,0,0,0,0,0,0,0.248286187648773,0.852939963340759,0,0,205.833086445928,10.2317718714476,0,0,0
0,0,0,0,0,0,0,0,90.1386365741491,24.6133106797934,0,0,0,0,19.2423772513866,22.9137084633112,0,12075.7582455948,4504.42146079242,0,0,0,344.518112957478,0.964183121919632,0,23.9814129918814,219.227741867304,0.0893414914608002,0,0,0,0,0,0,0,0,0.396534875035286,0,0,87.109159976244,0.288713663816452,49.2911331653595,31.1251737475395,10.6020340174437,4.00973933935165,15.7972042113543,58.2949572652578,0,0.266527384519577,12.8276670575142,0,0,0,0,4.28933572769165,0,0,0,0,0,0,1.80300211906433,0,5.74534305930138,0,6.76368600130081,0,0,0.299169450998306,0,0,0,0.951834261417389,2.43198230862617,0,0,0,0,133.793908551335,68.4622876048088,32.1834557056427,62.1989329308271,14225.858939819,229.286469087005,47.5962200462818,18.0635036826134,1.85873347520828
0,0,0,0,0,0,0,0,5.38971382379532,151.702753141522,0,0,0,4.2003019452095,0,470.613288298249,12075.7582455948,0,4006.7404974699,0,0.450601428747177,9.90360850095749,0,43.3997254669666,0,1043.21921664476,0,3.77941957116127,0,0,0,0,0,0,0,0,2.20723010599613,0,0,140.479015856981,1.80408596992493,139.302308693528,39.1183396875858,33.403059259057,1.82099016010761,42.8116104081273,96.2486284598708,0,2.56592607498169,36.019051939249,0,0,0,0,0,20.6892679929733,0,1.92687451839447,0,0,0,38.0434215962887,0,13.180022507906,0,0,0,0,19.7606275975704,0,0,0,3.81098778545856,5.17464604973793,0,0,0,0,216.73680447787,120.176775589585,71.4033112376928,79.04853207618,22703.0874266028,5960.0324235335,60.0528176724911,32.6974601447582,7.99373424053192
50.3622631728649,0,0,0,0,0,0,0,0,9.5105482339859,0,0.522541105747223,0,0,0,7.2337666451931,4504.42146079242,4006.7404974699,0,0.723464831709862,2.39812344312668,0,0,3.12468214333057,0,19.5585230588913,0,0,0,0,0,0,0,0,0,0,15.0944139808416,0,1.09351363778114,953.117532253265,18.4544242173433,1016.49914621562,795.495843626559,206.399548202753,84.2398292571306,260.481821455061,1319.69433446229,2.19104616343975,10.1101198941469,205.855613477528,0,0,0,0,0,0,1.37398406863213,2.77074049413204,0,0,0,0,1.56841534376144,191.47697160393,0,0,0,0,0,0,0,0.216125905513763,15.0557671189308,51.6691514030099,0,0,0,0,1862.87768340111,1656.86528468132,405.510021343827,902.030712202191,8005.46864191443,952.250913374126,719.66961928457,213.434644237161,130.465730801225
0,0,0,0,0,7.98261284828186,0,0,0,0,0,152.707807645202,0,0,0,0,0,0,0.723464831709862,0,0,0,0,0,0,0,0,0,0,0,0,0,0,0,0,1249.51446759701,0,31.4289728403091,0,5.23733876645565,0,1.60829389095306,0.414737924933434,12.403551697731,0,565.779111653566,0,1.22545325756073,0.562824726104736,1.20793521404266,0,0,0,0,0,0,0,8.9567147642374,0,0,0,0,1866.77208313346,0,0,0,0,0,0,0,0,0,71.011707752943,0,0,0,0,0,664.966863632202,0.424929350614548,132.141100153327,0,788.311246320605,2.63909339904785,49.0187034904957,0.699632406234741,0
0,0,2.0555659532547,0,15.331808835268,0,0,0,0,0,149.40084002912,0,0,0,0,0,0,0.450601428747177,2.39812344312668,0,0,0,0,0,0,0,0,0,0,0,7.22307822108269,0,0,0,0,0,2132.6807603389,0,880.249730810523,0,3.04466632008553,0,1.5107346624136,0,0,0,33.6542185395956,0,0.377881616353989,0,60.4428878724575,0,10.3551487922668,0,0,0,240.126730144024,0,0,0,0,0,0,2312.28626325727,0,0,0,0,0,0,0,0,0,168.663160309196,0,0,0,0,1.31932902336121,888.270100176334,0,655.518164947629,724.346369475126,8.26493340730667,226.998953893781,0,0
0,0,0,0,0,0,0,0,0,0,0,0,0,0,0,0,0,9.90360850095749,0,0,0,0,884.576221466064,78.5841464996338,0,19.1219573020935,0,41.1363277435303,0,0,0,0,0,0,0,0,0,680.485947132111,0,0,0,0,0,0,0,0,0,0,0,209.29077771306,0,0,0,0,0,0,0,0,0,0,0,0,0,0,2706.07327729464,304.549417585135,16.9684542417526,0,274.42703191936,0,0,0,0,0,0,0,0,0,0,0,196.072371602058,0,1040.42796437442,129.611977338791,0,0,0
0,0,0,0,0,0,0,0,0,0,0,0,0,0,0,0,344.518112957478,0,0,0,0,884.576221466064,0,0,77.5105449557304,0,0,0,132.03958132863,0,0,0,0,0,0,0,0,0,926.864035099745,0,0,0,0,0,0,0,0,0,0,0,0,0,0,0,0,0,0,0,0,0,0,0,0,0,0,4329.22017997503,0,90.2924771308899,0,0,0,135.746444731951,0,0,0,0,0,0,0,0,0,54.6010856330395,954.881925493479,96.669079720974,0,0,0
0,17.6194349080324,0,0.813380718231201,0,0,0,0,0,137.501916736364,0,0,0,0,0,4.02726030349731,0.964183121919632,43.3997254669666,3.12468214333057,0,0,78.5841464996338,0,0,0,54.7040951251984,0,0,0,0,0,0,0,0,0,0,0,644.100815549493,0,0,0,0,0,0,0,0,0,0,0,147.115771114826,0,0,0,0,0,268.535541251302,0,0,0,0,0,0,0,0,6.82900369167328,0,161.254813104868,0,7.05490922927856,0,0,0,0,0,0,0,0,0,0,0,302.921337306499,0,57.4324577152729,0.771535456180573,64.6460876762867,0,0
14.8387560844421,0,1.04615837335587,0,0,0,0,0,45.0426865518093,0,0,0,0,0,0,0,0,0,0,0,0,0,77.5105449557304,0,0,0,172.504225432873,0,0,0,0,0,0,0,0,0,0,0,361.134106487036,0,0,0,8.9754287302494,0,0,0,0,0,0.701648861169815,0,0,0,0,0,97.1592524051666,0,0.783262014389038,0,0,0,5.29000487923622,0,0,0,0,80.3394447565079,0,652.527707189322,0,0,0,0,0,1.11548137664795,0,0,0,0.342512041330338,0,0,0,576.01155872643,45.243208438158,0,33.2638055384159,0,6.32836124300957
0,0,0,0,0,0,0,0,0,67.0042929649353,0,0,0,0,0,80.5423488467932,23.9814129918814,1043.21921664476,19.5585230588913,0,0,19.1219573020935,0,54.7040951251984,0,0,0,106.041521683335,0,0,0,0,0,0,0,0,0,0,0,0,0,0,0,0,0,0,0.476318493485451,0,0,0,0,0,0,0,0,71.7318261265755,0,0,0,0.527982145547867,0,3.99746492505074,0,0,2,0,1,0,456.367024332285,0,4,0,0,0,0,0,0,0,0,1.95781284570694,0,0,398.481151737273,46.5557559132576,0,0,2.57046461105347
0,0,0,0,0,0,0,0,29.2106375694275,0,0,0,0,0,0,0,219.227741867304,0,0,0,0,0,0,0,172.504225432873,0,0,0,12.793336391449,0,0,0,0,0,0,0,0,0,0,0,0,0,0,0,0,0,0,0,0,0,0,0,0,0,0,0,0,0,0.668443620204926,0,0,0,0,0,0,0,0,0,0,60.8608140647411,0,0,0,0,0,0,0,0,0,0,0,0,43.3778791725636,0,0,0,0
0,0,0,0,0,0,0,0,0,0,0,0,0,28.5312322378159,0,0,0.0893414914608002,3.77941957116127,0,0,0,41.1363277435303,0,0,0,106.041521683335,0,0,0,183.63560038805,0,0,0,0,0,0,0,45.5931906849146,0,0,0,0,0,0,0,0,0,0,0,0,0,0,0,0,0,0,0,0,0,96.6487780809402,0,0,0,0,9.0768871307373,0,0,0,253.526522234082,0,248.223953306675,0,63.1102361679077,0,0,0,0,0,0,0,0.684588968753815,0,116.602818459272,0,0,0,0
0,0,0,0,0,0,0,0,0,0,1.24992598593235,0,0,0,0,0,0,0,0,0,0,0,132.03958132863,0,0,0,12.793336391449,0,0,0,229.626265317202,0,0,0,0,0,0,0,1,0,0,0,0,0,0,0,0,0,0,0,0,0,0,0,0,0,0,0,0,0,0,0,0,0,0,2.93213111162186,0,0,0,0.451236635446548,0,1083.85188347101,0,1.02832399308681,0,0,0,0,0,0,0,24.268812417984,1,0,0,0,0
0,0,0,0,0,0,0,0,0,0,0,11.9502940177917,0,0,0,0,0,0,0,0,0,0,0,0,0,0,0,183.63560038805,0,0,0,0,0,0,0,0,0,54.6257259845734,0,0,0,0,0,0,0,0,0,0,0,0,0,0,0,0,0,0,0,18.7706568241119,0,0,0,0,0,0,0,0,0,0,0,0,0,0,226.481301248074,0,0,0,0,0,0,0,83.5381585359573,0,6.15068888664246,0,0,0,0
0,0,0,0,0,0,0,0,0,0,133.660485908389,0,0,0,0,0,0,0,0,0,7.22307822108269,0,0,0,0,0,0,0,229.626265317202,0,0,0,0,0,0,0,0,0,41.1276958584785,0,0,0,0,0,0,0,0,0,0,0,0,0,0,0,0,0,96.5938993692398,0,0,0,0,0,0,2.00432530045509,0,0,0,0,0,0,0,0,0,552.786716789007,0,0,0,0,0,0,0,3.2958237528801,1.42531383037567,0,0.304858863353729,0,0
0,0,0,0,0,0,0,0,0,0,0,0,0,0,0,0,0,0,0,0,0,0,0,0,0,0,0,0,0,0,0,0,153.010777905583,289.436809524894,0.436427116394043,10.2187572717667,7.1498384475708,0,0,0,0,0,0,0,0,0,0,811.963432744145,11.2460182905197,0,0,0,0,0,0,0,0,0,0,0,0,0,0,0,0,0,0,0,0,0,0,0,0,0,663.243226140738,8.84626495838165,137.385579928756,0,7.42146599292755,0.359728515148163,0,0,156.592138640583,0,0,0,0
0,0,0,0,0,0,0,0,0,0,0,0,0,0,0,0,0,0,0,0,0,0,0,0,0,0,0,0,0,0,0,153.010777905583,0,7.57335661351681,23.231959015131,4.75442934036255,410.807135105133,0,0,0,0,0,0,0,0,0,0,48.6680150330067,0,0,0,0,0,0,0,0,0,0,0,0,0,0,0,0,0,0,0,0,0,0,0,0,0,0,78.7412765622139,707.459608539939,0.987705558538437,170.689887151122,0,232.009267538786,0,0,75.9188581556082,0,0,0,0
0,0,0,0,0,0,0,0,0,0,0,0,0,0,0,0,0,0,0,0,0,0,0,0,0,0,0,0,0,0,0,289.436809524894,7.57335661351681,0,603.635253146291,64.9738644361496,0,133.013206988573,0.653898060321808,0,0,0,0,0,0,0,0,2113.81816339493,4.31893740594387,0,0,0,0,0,0,0,0,0,0,0,0,0,0,0,0,0,0,0,0,0,0,0,0,0,145.772439710796,0,1434.11263497174,387.450465321541,28.4743561148643,0,409.683586508036,29.7612065821886,1277.67113471031,0,0,0,0
0,0,0,0,0,0,0,0,0,0,0,0,0,0,0,0,0,0,0,0,0,0,0,0,0,0,0,0,0,0,0,0.436427116394043,23.231959015131,603.635253146291,0,0,433.546727895737,0,358.485707968473,0,0,0,0,0,0,0,0,2101.20336130261,0,3.48951219022274,0,0,0,0,0,0,0,0,0,0,0,0,0,0,0,0,0,0,0,0,0,0,0,0,0,44.1395771205425,257.875902339816,2980.8566057682,0,126.022835850716,0,19.1289955377579,537.25475615263,284.859565615654,0,0,0
0,0,0,0,0,5.67720937728882,0,0,0,0,0,30.1476652622223,0,0,0,0,0,0,0,1249.51446759701,0,0,0,0,0,0,0,0,0,0,0,10.2187572717667,4.75442934036255,64.9738644361496,0,0,68.8148387670517,1198.47943285108,0,4.57562214136124,0,0,0,0,0,38.9235058426857,0,473.522685587406,49.2912668585777,0,0,0,0,0,0,0,0,0,0,0,0,0,546.241872191429,0,0,0,0,0,0,0,0,0,0.39575120806694,0,0,0,56.8942189216614,0,10623.9330033809,56.1600145101547,137.818267300725,0,3037.88759940863,15.1556902527809,55.0109612345695,0,0
0,0,5.86211282014847,0,0,0,0,0,0,0,4.56013309955597,0,0,0,0,0,0.396534875035286,2.20723010599613,15.0944139808416,0,2132.6807603389,0,0,0,0,0,0,0,0,0,0,7.1498384475708,410.807135105133,0,433.546727895737,68.8148387670517,0,0,1373.74822770059,0.790525376796722,1.18662019073963,2.17790129780769,21.7818237617612,0.323103576898575,1.72086684405804,0,67.3592897802591,201.262257814407,105.578581824899,0,0,0,0,0,0,0,2.57876372337341,0,0,0,0,0,0,625.139314636588,0,0,0,0,0,0,0,0.176675885915756,0,1.69431149959564,0,62.9358480572701,0,0,1.71452807635069,11542.4053516537,0.497924298048019,298.874535530806,4713.0490886569,64.2733222544193,61.5336916446686,0,0.606118679046631
0,0,0,0,0,0,0,0,0,162.575344458222,0,342.708891153336,0,0,0,0,0,0,0,31.4289728403091,0,680.485947132111,0,644.100815549493,0,0,0,45.5931906849146,0,54.6257259845734,0,0,0,133.013206988573,0,1198.47943285108,0,0,0,0.386566489934921,0,30.0599617362022,0,0,0,8.06271155178547,0,197.552333712578,0,934.902850806713,0,0,0,0,0,10.7311630696058,0,1.15843319892883,0,0,0,0,89.8483179062605,0,275.111827164888,0,124.791281580925,0,0,0,21.3618505895138,0,0,0,0,0,51.7398354113102,0,386.619679152966,0,8659.16420422494,0,1966.34566044807,225.963898897171,399.162277758121,0,0
11.0099330246449,0,0.241022899746895,0,0,0,0,0,149.612278580666,0,316.085598304868,0,0,0,0,0,0,0,1.09351363778114,0,880.249730810523,0,926.864035099745,0,361.134106487036,0,0,0,1,0,41.1276958584785,0,0,0.653898060321808,358.485707968473,0,1373.74822770059,0,0,0,2.00984650850296,0,11.1793594956398,0,0,0,1.95713794231415,978.817411288619,63.2777990698814,14.9683081358671,0,0,0,0,49.7432425916195,0,110.12985086441,0,0,0,0,0,0,86.3782172203064,0,702.070683419704,0,331.579479545355,0,0,0,8.47195637226105,0,110.347825229168,0,0,1.94823433458805,115.636398658156,0,59.1005767583847,0.876950770616531,11518.9302853495,1787.93459774554,66.5088453292847,160.28606928885,0.320602118968964,12.4856804609299
0,0,0,2.21355623006821,0,23.9631639719009,0,0,0,0,0,0,0,0,0,0,87.109159976244,140.479015856981,953.117532253265,5.23733876645565,0,0,0,0,0,0,0,0,0,0,0,0,0,0,0,4.57562214136124,0.790525376796722,0.386566489934921,0,0,0.726643458008766,1787.00655091554,49.3092628195882,122.416187241673,3.50739981979132,2767.39497588575,45.7064670324326,30.0974199324846,4.93311208486557,1187.82520076632,0,0,0,0,0,0,0.104636624455452,18.3559824973345,0,0,0,0,112.420969113708,7.01668228209019,0,0,0,0,0,0,0,0,32.725690767169,4.21860435605049,0,0,0,0,1635.25292298943,58.0811254233122,352.30108397454,32.3659285232425,1025.13889414817,51.7541629076004,1216.73973432183,124.102454602718,2.19061157107353
0,0,7.17658141255379,0,0.374692052602768,0,0,0,0,0,0,0,0,0,0,0,0.288713663816452,1.80408596992493,18.4544242173433,0,3.04466632008553,0,0,0,0,0,0,0,0,0,0,0,0,0,0,0,1.18662019073963,0,2.00984650850296,0.726643458008766,0,0.552261233329773,142.154549382627,0,2.56503140926361,0.108649902045727,457.305331081152,29.9133148193359,487.044098623097,0.313129961490631,0,0,0,0,0,0,2.27565623819828,0,0,0,0,0,0,176.674836710095,0,0,0,0,0,0,0,0.142768934369087,0,33.0898939669132,0,0,0,0,0.622260347008705,342.64181689918,0.951844334602356,408.612001284957,5.63011507689953,0,352.000999055803,0,2.23149394989014
0,116.079220592976,0,87.4539175331593,0.602116584777832,0.716883152723312,0,0,0,2.84684079885483,0,2.03906619548798,0,0,0,0,49.2911331653595,139.302308693528,1016.49914621562,1.60829389095306,0,0,0,0,0,0,0,0,0,0,0,0,0,0,0,0,2.17790129780769,30.0599617362022,0,1787.00655091554,0.552261233329773,0,326.020997978747,158.432929359376,16.6723803579807,674.902538195252,73.6547828987241,101.113230168819,19.2801684886217,1237.19606521726,0,0,0,0,0,0.289590120315552,0.223777696490288,30.5242244377732,0,0,0,0,348.839329861104,11.4615616500378,0,0,0,0,0,0,0,0.153171822428703,145.951161727309,5.10670984536409,0,0,0,0,2368.65298253298,128.20444958657,616.609426580369,87.5343742892146,2390.68573214859,16.1268262565136,4320.77820199728,2147.30742320418,9.93491657078266
58.197871953249,0,2.82309521734715,0,6.12580341100693,0,0,0,57.0757049918175,0,0,1.11389780044556,0,0,0,0,31.1251737475395,39.1183396875858,795.495843626559,0.414737924933434,1.5107346624136,0,0,0,8.9754287302494,0,0,0,0,0,0,0,0,0,0,0,21.7818237617612,0,11.1793594956398,49.3092628195882,142.154549382627,326.020997978747,0,11.304380774498,190.409204110503,25.9283159375191,2219.96719851345,0.697341322898865,258.036751963198,24.5640281513333,0,0,0,0,0,0,109.580357782543,0,0,0,0,0,0.152892932295799,391.266059949994,0,0,0,0,0,0,0,89.1446688771248,0.425497129559517,1375.34188333899,0,0,0,0,71.7288057431579,2050.90161976218,26.1095689535141,2357.21175207943,1345.84490502626,16.532297462225,3800.06502696872,14.7842868417501,874.81884393841
0,0,0,0,0,0,0,0,0,0,0,4.87496614456177,0,0,0,0,10.6020340174437,33.403059259057,206.399548202753,12.403551697731,0,0,0,0,0,0,0,0,0,0,0,0,0,0,0,0,0.323103576898575,0,0,122.416187241673,0,158.432929359376,11.304380774498,0,0.664470255374908,97.2711465060711,10.3778475150466,1.37475627660751,0.17576277256012,78.5974898040295,0,0,0,0,0,0,0.306219518184662,41.478104442358,0,0,0,0,6.66314318776131,1.15995573252439,0,0,0,0,0,0,0,0,90.6839125901461,1.18045581877232,0,0,0,0,821.868342086673,13.6048477590084,505.673118770123,11.305568896234,133.229729816318,6.84137474000454,318.903236478567,20.4864580184221,0.400167778134346
0,0,0,0,0,0,0,0,0,0,0,0,0,0,0,0,4.00973933935165,1.82099016010761,84.2398292571306,0,0,0,0,0,0,0,0,0,0,0,0,0,0,0,0,0,1.72086684405804,0,0,3.50739981979132,2.56503140926361,16.6723803579807,190.409204110503,0.664470255374908,0,0.442897036671638,83.5918262153864,0,4.19909143447876,0.832365557551384,0,0,0,0,0,0,0,0,0,0,0,0,0,11.9752705842257,0,0,0,0,0,0,0,0.149947106838226,0,4.07286141812801,0,0,0,0,7.37246277928352,309.181621089578,2.48565317690372,185.634956583381,10.0583174526691,0,38.9124497845769,3.21272787451744,13.0088559687138
0,0,0,803.173138439655,0,256.519795820117,0,0,0,46.6334274709225,0,49.2641218900681,0,0,0,0,15.7972042113543,42.8116104081273,260.481821455061,565.779111653566,0,0,0,0,0,0,0,0,0,0,0,0,0,0,0,38.9235058426857,0,8.06271155178547,0,2767.39497588575,0.108649902045727,674.902538195252,25.9283159375191,97.2711465060711,0.442897036671638,0,9.41280574351549,109.491305068135,138.954199418426,195.796840272844,0,0,0,0,0,0,0,347.389504477382,0,0,0,0,1462.09759448469,4.28963856399059,0,0,0,0,0,0,0,0,603.933015152812,0.274110913276672,0,0,0,0,4714.65070085227,14.590271346271,1604.54838892072,17.002305328846,911.845219813287,38.7126412540674,3893.9720280692,77.9203077629209,0.716390520334244
4.5423648506403,0,94.9631026685238,0,115.219935849309,0,0,0,0.770759403705597,0,0,0,0,0,0,0.381135225296021,58.2949572652578,96.2486284598708,1319.69433446229,0,33.6542185395956,0,0,0,0,0.476318493485451,0,0,0,0,0,0,0,0,0,0,67.3592897802591,0,1.95713794231415,45.7064670324326,457.305331081152,73.6547828987241,2219.96719851345,10.3778475150466,83.5918262153864,9.41280574351549,0,5.55777805298567,595.476929433644,8.93512652814388,0.782227218151093,0,0,0,0,0,87.685779184103,0.111434176564217,5.96071955561638,0,0,0,0,1805.28946251422,0,0,0,0,0,0,0,1.02695246040821,0.212219625711441,225.955119386315,0,0,0,0,79.6872777491808,2416.82148738205,17.2395889982581,970.124010138214,384.958275713027,25.8489374965429,3080.79470258951,18.5730518773198,36.9078189581633
0,4.10312187671661,0,1.53381109237671,0,0.599291145801544,0,0,0,0,0,0.22908028960228,0,0,0,0,0,0,2.19104616343975,1.22545325756073,0,0,0,0,0,0,0,0,0,0,0,811.963432744145,48.6680150330067,2113.81816339493,2101.20336130261,473.522685587406,201.262257814407,197.552333712578,978.817411288619,30.0974199324846,29.9133148193359,101.113230168819,0.697341322898865,1.37475627660751,0,109.491305068135,5.55777805298567,0,1757.20582690835,943.418097354472,0,0,0,0,0,0,0,0.172066643834114,0,0,0,0,1.56244587898254,0,0,0,0,0,0,0,0,0,0.30030569434166,0,188.688614413142,29.8589498996735,2477.75020159781,1971.21834337711,46.0081684142351,84.1183200329542,55.4435902535915,2128.6979162246,600.940222516656,15.4894701838493,711.396383360028,3.39657483994961,0
456.02881193161,0,177.811502575874,0,22.516766756773,0,0,0,72.9665961265564,0,0,0,0,0,0,0,0.266527384519577,2.56592607498169,10.1101198941469,0.562824726104736,0.377881616353989,0,0,0,0.701648861169815,0,0,0,0,0,0,11.2460182905197,0,4.31893740594387,0,49.2912668585777,105.578581824899,0,63.2777990698814,4.93311208486557,487.044098623097,19.2801684886217,258.036751963198,0.17576277256012,4.19909143447876,138.954199418426,595.476929433644,1757.20582690835,0,178.936522901058,0.884240865707397,0,0,0,1.99953442811966,0,58.0521048679948,1.32488566637039,0,0,7.99045157432556,0,0.277012228965759,50.5769658386707,0,50.4357793927193,0,0,0,4.06837752461433,0,171.105673745275,0.678700998425484,86.6103548109531,0,8.35420776903629,166.462655127048,0,15.1137458905578,358.176324158907,23.9800236523151,305.852551795542,261.285325050354,0,1408.87237779051,0,15.9775988906622
0,405.772321805358,0,815.269102290273,0,0.770899876952171,0,0,0,1.37388616800308,0,0.41546206176281,0,0,0,0,12.8276670575142,36.019051939249,205.855613477528,1.20793521404266,0,209.29077771306,0,147.115771114826,0,0,0,0,0,0,0,0,0,0,3.48951219022274,0,0,934.902850806713,14.9683081358671,1187.82520076632,0.313129961490631,1237.19606521726,24.5640281513333,78.5974898040295,0.832365557551384,195.796840272844,8.93512652814388,943.418097354472,178.936522901058,0,0,4.33767101168633,0,0,0,4.34725964069366,0,45.1222439333797,0,72.4367324709892,0,35.5138016343117,3.5868154913187,0.591003000736237,667.598856911063,0,36.2327089309692,0,30.9140075743198,0,90.0429501235485,0,11.1101105064154,0.17480793595314,74.2587755918503,0,0,18.8463796377182,365.669471107423,14.9005569517612,1355.16128417104,167.45131893456,792.563626110554,10.922188192606,1182.21724124253,144.939540840685,1.66152518987656
3.8700997531414,0,15.0945827364922,0,440.884092628956,0,0,0,100.693835020065,0,5.51879239082336,0,0,0,15.8923135995865,0,0,0,0,0,60.4428878724575,0,0,0,0,0,0,0,0,0,0,0,0,0,0,0,0,0,0,0,0,0,0,0,0,0,0.782227218151093,0,0.884240865707397,0,0,0,0,0,132.879711091518,0,4.16097438335419,0,79.1082521080971,0,27.3212672173977,0,0,121.365607410669,0,0,0,0,0,0,0,0,0,0,0,0,0,0,0,0,0,0,0,0,15.6222859323025,0,0
0,0,0,12.9971314370632,0,433.127143144608,0,15.9947203397751,0,0,0,0,0,0,0,0,0,0,0,0,0,0,0,0,0,0,0,0,0,0,0,0,0,0,0,0,0,0,0,0,0,0,0,0,0,0,0,0,0,4.33767101168633,0,0,0,39.186482667923,0,0,0,1.24418887495995,0,0,0,0,0,0,0,0,0,0,0,0,0,0,0,0,0,0,0,0,0,0,0,0,0,0,0,0,0
0,0,0,0,2,0,511.256317079067,0,0,0,0,0,38.5134925842285,0,0,0,0,0,0,0,10.3551487922668,0,0,0,0,0,0,0,0,0,0,0,0,0,0,0,0,0,0,0,0,0,0,0,0,0,0,0,0,0,0,0,0,0,0,0,0,0,10.9607715606689,0,0,0,0,2.06126224994659,0,0,0,0,0,0,0,0,0,0,0,0,0,0,0,0,0,0,0,0,0,0,0
0,0,0,0,0,2.99416327476501,0,177.974326610565,0,0,0,0,0,0,0,0,0,0,0,0,0,0,0,0,0,0,0,0,0,0,0,0,0,0,0,0,0,0,0,0,0,0,0,0,0,0,0,0,0,0,0,39.186482667923,0,0,0,0,0,0,0,0,0,0,0,0,0,0,0,0,0,0,0,0,0,0,0,0,0,0,0,0,0,0,13.2032012939453,0,0,0,0
186.540080487728,0,5.3834333717823,0,476.894314080477,0,0,0,1403.1525233686,0,0,0,0,0,44.8664440214634,0,4.28933572769165,0,0,0,0,0,0,0,97.1592524051666,0,0,0,0,0,0,0,0,0,0,0,0,0,49.7432425916195,0,0,0,0,0,0,0,0,0,1.99953442811966,0,132.879711091518,0,0,0,0,0,0,0,27.4948755204678,0,334.637631669641,0,0,0,0,0,0,623.34832444787,0,0,0,0,0,0,0,0,0,0,0,0,0,98.930623576045,126.976757913828,0,113.412464827299,0,0
0,552.848013833165,0,1.6251375079155,0,0,0,0,0,400.935688406229,0,0,0,0,0,59.1130322813988,0,20.6892679929733,0,0,0,0,0,268.535541251302,0,71.7318261265755,0,0,0,0,0,0,0,0,0,0,0,10.7311630696058,0,0,0,0.289590120315552,0,0,0,0,0,0,0,4.34725964069366,0,0,0,0,0,0,0,0,0,0,0,0,0,0,0,0,248.042268112302,0,2.3492523431778,0,0,0,0,0,0,0,0,0,0,0,23.6380184739828,0,93.5818890929222,0,100.063687875867,0,0
0,0,55.3463535308838,0,20.4641803503036,0,0,0,0,0,1659.03964136541,0,0,0,0,0,0,0,1.37398406863213,0,240.126730144024,0,0,0,0.783262014389038,0,0,0,0,0,96.5938993692398,0,0,0,0,0,2.57876372337341,0,110.12985086441,0.104636624455452,2.27565623819828,0.223777696490288,109.580357782543,0.306219518184662,0,0,87.685779184103,0,58.0521048679948,0,4.16097438335419,0,0,0,0,0,0,0,5.29019153118134,0,0,0,0,317.09652197361,0,0,0,0,0,0,0,43.925953567028,0,452.159070819616,0,0,0,0,0.180487647652626,7.62370902299881,0.13685904443264,13.739715769887,145.902013398707,0,1357.62335157394,0,17.3047817051411
0,0,0,59.2603560686111,0,19.6083251237869,0,0,0,0,0,1031.89386831224,0,0,0,0,0,1.92687451839447,2.77074049413204,8.9567147642374,0,0,0,0,0,0,0,0,0,18.7706568241119,0,0,0,0,0,0,0,1.15843319892883,0,18.3559824973345,0,30.5242244377732,0,41.478104442358,0,347.389504477382,0.111434176564217,0.172066643834114,1.32488566637039,45.1222439333797,0,1.24418887495995,0,0,0,0,0,0,0,105.531444698572,0,1.08171340823174,158.067813888192,0,0,0,0,0,1.65305228531361,0,5.91820955276489,0,596.457584485412,0,0,0,0,0,24.8640329241753,0.604210317134857,1.07622742652893,0,21.8415021821856,0,55.0299583524466,35.0209453999996,0
1.11075162887573,0,2.74951767921448,0,10.9136271476746,0,100.6188339293,0,23.5697629451752,0,0,0,653.973022222519,0,13.8541270494461,0,0,0,0,0,0,0,0,0,0,0,0.668443620204926,0,0,0,0,0,0,0,0,0,0,0,0,0,0,0,0,0,0,0,5.96071955561638,0,0,0,79.1082521080971,0,10.9607715606689,0,27.4948755204678,0,5.29019153118134,0,0,0,294.548134759068,0,0,0.712041527032852,0,0,0,0,0,98.0994209945202,0,0.747653961181641,0,0,0,0,0,0,0,0,0,0,15.5960626602173,0,24.2703948318958,0,0
0,0,0,14.1874616742134,0,0,0,0,0,0,0,0,0,114.388218164444,0,0,0,0,0,0,0,0,0,0,0,0.527982145547867,0,96.6487780809402,0,0,0,0,0,0,0,0,0,0,0,0,0,0,0,0,0,0,0,0,0,72.4367324709892,0,0,0,0,0,0,0,105.531444698572,0,0,0,178.026195704937,0,0,0,0,0,0,257.140994235873,0,528.936342403293,0,0,0,0,0,0,0,0,0,0,0,0,0,0,0,0
125.01443913579,0,33.8937683701515,0,2.93742525577545,0,0,0,405.809057563543,0,0,0,95.6409737169743,0,182.819410637021,0,0,0,0,0,0,0,0,0,5.29000487923622,0,0,0,0,0,0,0,0,0,0,0,0,0,0,0,0,0,0,0,0,0,0,0,7.99045157432556,0,27.3212672173977,0,0,0,334.637631669641,0,0,0,294.548134759068,0,0,0,0,0,0,0,0,9.83021079003811,0,7.98011431097984,0,0.697504818439484,0,0,0,0,0,0,0,0,0,0,0,0,0,0,0
0,5,0,24.3348417282104,0,0,0,0,0,29.1438980102539,0,0,0,118.887014865875,0,10.7283878326416,1.80300211906433,38.0434215962887,0,0,0,0,0,0,0,3.99746492505074,0,0,0,0,0,0,0,0,0,0,0,0,0,0,0,0,0,0,0,0,0,0,0,35.5138016343117,0,0,0,0,0,0,0,1.08171340823174,0,178.026195704937,0,0,0,0,0,0,0,0,19.338493168354,0,0,0,0,0,0,0,0,0,0,0,0,0,3.01474094390869,1.5086452960968,0,0,0
0,0,0,0,0,0.403839915990829,0,0,0,0,0,2.63509051501751,0,0,0,0,0,0,1.56841534376144,1866.77208313346,0,0,0,0,0,0,0,0,0,0,0,0,0,0,0,546.241872191429,0,89.8483179062605,0,112.420969113708,0,348.839329861104,0.152892932295799,6.66314318776131,0,1462.09759448469,0,1.56244587898254,0.277012228965759,3.5868154913187,0,0,0,0,0,0,0,158.067813888192,0,0,0,0,0,0.136782824993134,0,0,0,0,0,0,0,0,131.461396053433,0,0,0,0,0,2218.39049047232,0,627.663563817739,0,143.397838041186,0,515.482838027179,13.5728517472744,0
0,0,9.2316121160984,0,15.7789310216904,0,0,0,1.08890819549561,0,0,0,0,0,0,0,5.74534305930138,13.180022507906,191.47697160393,0,2312.28626325727,0,0,0,0,0,0,0,0,0,2.00432530045509,0,0,0,0,0,625.139314636588,0,86.3782172203064,7.01668228209019,176.674836710095,11.4615616500378,391.266059949994,1.15995573252439,11.9752705842257,4.28963856399059,1805.28946251422,0,50.5769658386707,0.591003000736237,121.365607410669,0,2.06126224994659,0,0,0,317.09652197361,0,0.712041527032852,0,0,0,0.136782824993134,0,0,0,0,0,0,0,0,2.08363366127014,0,181.639308318496,0,0,0,0,13.1925229877234,1688.3844230473,1.30959041416645,1177.59050849825,488.189016759396,9.37524019181728,1055.13484784216,3.14260092377663,9.26009932160378
0,0,0,0,0,0,0,0,0,0,0,0,0,0,0,0,0,0,0,0,0,2706.07327729464,0,6.82900369167328,0,2,0,9.0768871307373,0,0,0,0,0,0,0,0,0,275.111827164888,0,0,0,0,0,0,0,0,0,0,0,667.598856911063,0,0,0,0,0,0,0,0,0,0,0,0,0,0,0,13.010868370533,8.05609844624996,0,258.205041661859,0,0,0,0,0,0,0,0,0,0,0,44.5127133280039,0,28.2609657943249,0,0,0,0
0,0,0,0,0,0,0,0,0,0,0,0,0,0,0,0,6.76368600130081,0,0,0,0,304.549417585135,4329.22017997503,0,80.3394447565079,0,0,0,2.93213111162186,0,0,0,0,0,0,0,0,0,702.070683419704,0,0,0,0,0,0,0,0,0,50.4357793927193,0,0,0,0,0,0,0,0,0,0,0,0,0,0,0,13.010868370533,0,0,287.206486165524,0,142.529752105474,0,519.936710193753,0,0,0,0,0,0,0,0,0,6.27144682407379,240.993689060211,31.4671311378479,0,0,0
0,6.80551448464394,0,0,0,0,0,0,0,11.3037702441216,0,0,0,0,0,0,0,0,0,0,0,16.9684542417526,0,161.254813104868,0,1,0,0,0,0,0,0,0,0,0,0,0,124.791281580925,0,0,0,0,0,0,0,0,0,0,0,36.2327089309692,0,0,0,0,0,248.042268112302,0,0,0,0,0,0,0,0,8.05609844624996,0,0,0,172.067477852106,0,0,0,0,0,0,0,0,0,0,0,303.526808857918,0,0.687837809324265,0,45.7859610021114,0,0
13.2330791056156,0,0,0,0,0,0,0,50.1259855926037,0,0,0,0,0,0.304569602012634,0,0,0,0,0,0,0,90.2924771308899,0,652.527707189322,0,0,0,0,0,0,0,0,0,0,0,0,0,331.579479545355,0,0,0,0,0,0,0,0,0,0,0,0,0,0,0,623.34832444787,0,0,0,0,0,9.83021079003811,0,0,0,0,287.206486165524,0,0,0,0,0,0,0,0,0,0,0,0,0,0,0,150.310794264078,64.9720975160599,0,2.51825073361397,0,0
0,0,0,0,0,0,0,0,0,2.18780928850174,0,0,0,0,0,20.5675678551197,0.299169450998306,19.7606275975704,0,0,0,274.42703191936,0,7.05490922927856,0,456.367024332285,0,253.526522234082,0,0,0,0,0,0,0,0,0,0,0,0,0,0,0,0,0,0,0,0,0,30.9140075743198,0,0,0,0,0,2.3492523431778,0,1.65305228531361,0,257.140994235873,0,19.338493168354,0,0,258.205041661859,0,172.067477852106,0,0,0,217.294665426016,0,0,0,0,0,0,0,0,0,0,0,22.1625116914511,10.8961863070726,0,0,0
0,0,0,0,0,0,0,0,2,0,0,0,1.69602203369141,0,0,0,0,0,0,0,0,0,0,0,0,0,60.8608140647411,0,0.451236635446548,0,0,0,0,0,0,0,0,0,0,0,0,0,0,0,0,0,0,0,4.06837752461433,0,0,0,0,0,0,0,0,0,98.0994209945202,0,7.98011431097984,0,0,0,0,142.529752105474,0,0,0,0,0,233.22158202529,0,0,0,0,0,0,0,0,0,0,0,0,0,0,0
0,0,0,0,0,0,0,0,0,0,0,0,0,0,0,0,0,0,0,0,0,0,0,0,0,4,0,248.223953306675,0,0,0,0,0,0,0,0,0,21.3618505895138,0,0,0,0,0,0,0,0,0,0,0,90.0429501235485,0,0,0,0,0,0,0,5.91820955276489,0,528.936342403293,0,0,0,0,0,0,0,0,217.294665426016,0,0,0,0,0,0,0,0,0,0,0,105.775155544281,0,0,0,0,0,0
0,0,0,0,0,0,0,0,0,0,0,0,0,0,0,0,0,0,0.216125905513763,0,0,0,135.746444731951,0,0,0,0,0,1083.85188347101,0,0,0,0,0,0,0,0.176675885915756,0,8.47195637226105,0,0.142768934369087,0.153171822428703,89.1446688771248,0,0.149947106838226,0,1.02695246040821,0,171.105673745275,0,0,0,0,0,0,0,43.925953567028,0,0.747653961181641,0,0.697504818439484,0,0,2.08363366127014,0,519.936710193753,0,0,0,233.22158202529,0,0,0,76.7133363634348,0,0,0,0,0,0.794456660747528,0,77.6946653276682,7.59219604730606,0,282.469756066799,0,19.2221920788288
0,0,0,0,0,0,0,0,0,0,0,161.280380368233,0,0,0,0,0.951834261417389,3.81098778545856,15.0557671189308,71.011707752943,0,0,0,0,0,0,0,63.1102361679077,0,226.481301248074,0,0,0,0,0,0.39575120806694,0,0,0,32.725690767169,0,145.951161727309,0.425497129559517,90.6839125901461,0,603.933015152812,0.212219625711441,0.30030569434166,0.678700998425484,11.1101105064154,0,0,0,0,0,0,0,596.457584485412,0,0,0,0,131.461396053433,0,0,0,0,0,0,0,0,0,0,0,0,0,0,0,76.6745564043522,3.48306976258755,8.45699483156204,0,16.3442328870296,0,173.711609996855,232.700022116303,0
0,0,0.862475037574768,0,0,0,0,0,0,0,249.86041764915,0,0,0,0,0,2.43198230862617,5.17464604973793,51.6691514030099,0,168.663160309196,0,0,0,1.11548137664795,0,0,0,1.02832399308681,0,552.786716789007,0,0,0,0,0,1.69431149959564,0,110.347825229168,4.21860435605049,33.0898939669132,5.10670984536409,1375.34188333899,1.18045581877232,4.07286141812801,0.274110913276672,225.955119386315,0,86.6103548109531,0.17480793595314,0,0,0,0,0,0,452.159070819616,0,0,0,0,0,0,181.639308318496,0,0,0,0,0,0,0,76.7133363634348,0,0,0,0,0,0,2.73859015852213,107.621448814869,0.637684002518654,140.325545594096,189.16815853864,0,1935.7532735616,0.225448906421661,484.172387614846
0,0,0,0,0,0,0,0,0,0,0,0,0,0,0,0,0,0,0,0,0,0,0,0,0,0,0,0,0,0,0,663.243226140738,78.7412765622139,145.772439710796,0,0,0,0,0,0,0,0,0,0,0,0,0,188.688614413142,0,74.2587755918503,0,0,0,0,0,0,0,0,0,0,0,0,0,0,0,0,0,0,0,0,0,0,0,0,0,0,195.994996659458,0,0,0,0,0,126.785530097783,0,0,0,0
0,0,0,0,0,0,0,0,0,0,0,0,0,0,0,0,0,0,0,0,0,0,0,0,0,0,0,0,0,0,0,8.84626495838165,707.459608539939,0,44.1395771205425,0,62.9358480572701,0,0,0,0,0,0,0,0,0,0,29.8589498996735,8.35420776903629,0,0,0,0,0,0,0,0,0,0,0,0,0,0,0,0,0,0,0,0,0,0,0,0,0,0,0,0,594.180177718401,0,433.016595616937,0,0,78.5587345957756,0,0,0,0
0,0,0,0,0,0,0,0,0,0,0,0,0,0,0,0,0,0,0,0,0,0,0,0,0,0,0,0,0,0,0,137.385579928756,0.987705558538437,1434.11263497174,257.875902339816,56.8942189216614,0,51.7398354113102,1.94823433458805,0,0,0,0,0,0,0,0,2477.75020159781,166.462655127048,0,0,0,0,0,0,0,0,0,0,0,0,0,0,0,0,0,0,0,0,0,0,0,0,0,195.994996659458,0,0,398.80104868114,0,0,491.941800624132,645.549738064408,1097.05909493566,0,0,0,0
0,0,0,0,0,0,0,0,0,0,0,0,0,0,0,0,0,0,0,0,0,0,0,0,0.342512041330338,0,0,0,0,0,0,0,170.689887151122,387.450465321541,2980.8566057682,0,0,0,115.636398658156,0,0,0,0,0,0,0,0,1971.21834337711,0,18.8463796377182,0,0,0,0,0,0,0,0,0,0,0,0,0,0,0,0,0,0,0,0,0,0,0,0,0,594.180177718401,398.80104868114,0,0,25.2181603461504,8.43242418766022,381.24074369669,105.180012300611,52.9759067296982,0,0,0
0,0,0,0.479301944375038,0,9.94348666071892,0,0,0,0,0,3.91451565921307,0,0,0,0.248286187648773,133.793908551335,216.73680447787,1862.87768340111,664.966863632202,1.31932902336121,0,0,0,0,0,0,0,0,0,0,7.42146599292755,0,28.4743561148643,0,10623.9330033809,1.71452807635069,386.619679152966,0,1635.25292298943,0.622260347008705,2368.65298253298,71.7288057431579,821.868342086673,7.37246277928352,4714.65070085227,79.6872777491808,46.0081684142351,15.1137458905578,365.669471107423,0,0,0,0,0,0,0.180487647652626,24.8640329241753,0,0,0,0,2218.39049047232,13.1925229877234,0,0,0,0,0,0,0,0,76.6745564043522,2.73859015852213,0,0,0,0,0,107.670651808381,984.779849171638,64.1662962958217,2043.81550317258,77.9341310560703,1541.91553863883,242.958598688245,6.80590310692787
13.1182169765234,0,0.437284626066685,0,1.45418877899647,0,0,0,0.750992894172668,0,0,0,0,0,0,0.852939963340759,68.4622876048088,120.176775589585,1656.86528468132,0.424929350614548,888.270100176334,0,0,0,0,1.95781284570694,0,0,0,0,0,0.359728515148163,232.009267538786,0,126.022835850716,56.1600145101547,11542.4053516537,0,59.1005767583847,58.0811254233122,342.64181689918,128.20444958657,2050.90161976218,13.6048477590084,309.181621089578,14.590271346271,2416.82148738205,84.1183200329542,358.176324158907,14.9005569517612,0,0,0,0,0,0,7.62370902299881,0.604210317134857,0,0,0,0,0,1688.3844230473,0,0,0,0,0,0,0,0.794456660747528,3.48306976258755,107.621448814869,0,433.016595616937,0,25.2181603461504,107.670651808381,0,26.7627409845591,971.59069416672,1219.50438804924,27.2203436046839,2261.73651463538,15.0277135670185,87.1016295924783
0,0.638021558523178,0,0,0,0,0,0,0,90.5807719230652,0,32.1844816207886,0,0,0,0,32.1834557056427,71.4033112376928,405.510021343827,132.141100153327,0,196.072371602058,0,302.921337306499,0,0,0,0.684588968753815,0,83.5381585359573,0,0,0,409.683586508036,0,137.818267300725,0.497924298048019,8659.16420422494,0.876950770616531,352.30108397454,0.951844334602356,616.609426580369,26.1095689535141,505.673118770123,2.48565317690372,1604.54838892072,17.2395889982581,55.4435902535915,23.9800236523151,1355.16128417104,0,0,0,0,0,23.6380184739828,0.13685904443264,1.07622742652893,0,0,0,0,627.663563817739,1.30959041416645,44.5127133280039,0,303.526808857918,0,0,0,105.775155544281,0,8.45699483156204,0.637684002518654,0,0,491.941800624132,8.43242418766022,984.779849171638,26.7627409845591,0,73.1841954141855,818.596367016435,3.4550693705678,445.906871303916,721.096463769674,7.00702342391014
0,0,0,0,2.473797082901,0,0,0,51.2768827527761,0,35.8245499134064,0,0,0,0,0,62.1989329308271,79.04853207618,902.030712202191,0,655.518164947629,0,54.6010856330395,0,576.01155872643,0,0,0,24.268812417984,0,3.2958237528801,0,0,29.7612065821886,19.1289955377579,0,298.874535530806,0,11518.9302853495,32.3659285232425,408.612001284957,87.5343742892146,2357.21175207943,11.305568896234,185.634956583381,17.002305328846,970.124010138214,2128.6979162246,305.852551795542,167.45131893456,0,0,0,0,98.930623576045,0,13.739715769887,0,0,0,0,0,0,1177.59050849825,0,6.27144682407379,0,150.310794264078,0,0,0,77.6946653276682,0,140.325545594096,0,0,645.549738064408,381.24074369669,64.1662962958217,971.59069416672,73.1841954141855,0,955.249487422407,19.325999006629,2041.88474921137,13.3745224475861,928.125578269362
