0,0,216.397085800767,0,0,0,0,0,265.309346690774,0,0,0,4.63319158554077,0,35.0746995210648,0,0,0,27.877286747098,0,0,0,0,0,27.4734750539064,0,0,0,0,0,0,0,0,0,0,0,3.63893800973892,1.55627715587616,90.9001468271017,0,2.50711876153946,1.8614587187767,105.123077645898,0,0,0,28.1045472025871,17.3314795345068,465.48502138257,0,0,0,0,0,258.138176754117,0,50.4218047857285,0,163.016417741776,0,154.448357880116,0,0,32.8445957303047,0,0,0,19.5538032650948,0,0,0,26.0341164171696,0,13.0411176383495,0,0,0,0,0,76.7095504701138,0,45.321787327528,253.115493968129,2.09263491630554,707.232379637659,0,0.609979376196861
0,0,0,158.673547178507,0,0.163441926240921,0,0,0,80.3642445802689,0,0,0,0,0,0,0,0,96.7069238126278,0,0,0,0,2.66373625397682,0,0,0,0,0,0,0,0,0,0,0,9.35601451247931,0,26.4850463867188,0,37.8168871998787,0,835.348772473633,0.264190763235092,0.692832708358765,0,36.6578456759453,0,5.19631481170654,0,149.735390618443,0,0,0,0,0,73.3384984880686,0,5.17325925827026,0,4.68505012989044,0,37.6183194220066,1.92378658056259,0,0,0,26.7320185303688,0,0.756383687257767,0,0.32677173614502,0,0.497430235147476,0,0,0,0,0,96.1083294600248,0,20.8914386183023,0,322.079094827175,0,298.607764154673,5.6221491843462,0
216.397085800767,0,0,0,13.0965374112129,0,0,0,65.5651953816414,0,0,0,0,0,0,0,0.266966879367828,0.193934753537178,7.21397151052952,0,0.572771906852722,0,0,0,1.1710903942585,0,0,0,0,0,0,0,0,0,0,0,1.15637299418449,0,3.19511617720127,0,0,0.313326776027679,101.290117606521,0,0,0,13.8302366137505,2.84936283528805,133.094445630908,0,34.2765126824379,0,0,0,179.682116180658,0,9.97405137121677,0,42.6513181179762,0,137.587425261736,0,0,3.51444861292839,0,0,0,0.327970117330551,0,0,0,20.6611651331186,0,19.9440823197365,0,0,0,0,0,1.75932301580906,0,5.94794978201389,90.8509265929461,3.05224764347076,130.787648677826,0,0.856259524822235
0,158.673547178507,0,0,0,312.591933637857,0,0,0,694.163609057665,0,0,0,0,0,0,0.488868534564972,4.22051875293255,12.1929599046707,2.78381931781769,0,0,0,0.645956814289093,0,0,0,0,0,0,0,0,0,0,0,6.42992654442787,0,1.22085499763489,0,12.2163697332144,0,232.413871690631,0.186177030205727,0,0,16.7273675650358,0,0,0,267.798682406545,0,242.36951854825,0,0,0,61.3817305266857,0,73.5937540829182,0,3.32327079772949,0,0,1.1917579472065,0,0,0,1.16966590285301,0,0,0,11.9413625746965,0,13.4023085981607,0,0,0,0,0,5.2646469026804,2.28368234634399,4.20089937746525,0,452.642640158534,2.49168482422829,273.757488459349,0.664379715919495,0
0,0,13.0965374112129,0,0,0,0,0,0,0,0,0,0,0,3,0,0,0,0,0,1.96366894245148,0,0,0,0,0,0,0,0,0,0,0,0,0,0,0,0,0,0,0,0,0,2.45403079688549,0,0,0,0,0,2.13356590270996,0,402.475900650024,0,0,0,0,0,1.39806604385376,0,0,0,0,0,0,10.2986249923706,0,0,0,0,0,0,0,0,0,0,0,0,0,0,0,0,0,0,5.9141471683979,0,29.5430678725243,0,0
0,0.163441926240921,0,312.591933637857,0,0,0,2,0,0,0,3.62153708934784,0,0,0,5.31334435939789,0,0,0,57.6556157469749,0,0,0,0,0,0,0,0,0,0,0,0,0,0,0,151.453022837639,0,0,0,1.50516800582409,0,14.051619887352,0,0,0,8.53471657633781,0,0,0,0,0,242.632596582174,0,6.79654455184937,0,120.148263275623,0,5.46153637766838,0,62.5603766441345,0,0,86.6220124363899,0,0,0,0,0,0.304399996995926,0,2.37872564792633,0,11.2659323215485,0,0,0,0,0,108.783007025719,0,2.93557497859001,0,951.485372230411,30.9754628390074,68.3108054846525,0,0
0,0,0,0,0,0,0,0,0,0,0,0,0,0,0,0,0,0,0,0,0,0,0,0,0,0,0,0,0,0,0,0,0,0,0,0,0,0,0,0,0,0,0,0,0,0,0,0,0,0,0,0,88.6118725538254,0,0,0,261.988953709602,0,0,0,0,0,0,0,0,0,0,0,0,0,0,0,0,0,0,0,0,0,0,0,0,0,0,0,0,0,0
0,0,0,0,0,2,0,0,0,0,0,0,0,0,0,0,0,0,0,0,0,0,0,0,0,0,0,0,0,0,0,0,0,0,0,26.0596733093262,0,0,0,0,0,0,0,0,0,0,0,0,0,0,0,66.8914124965668,0,93.8407607078552,0,0,0,0,0,0,0,0,0,0,0,0,0,0,0,0,0,0,0,0,0,0,0,0,0,0,0,0,0,0,0,0,0
265.309346690774,0,65.5651953816414,0,0,0,0,0,0,0,0,0,0,0,255.413605391979,0,7.82566407322884,0,3.91603203117847,0,0,0,0,0,276.575311690569,0,20.9663762152195,0,0,0,0,0,0,0,0,0,0,0,29.4885866045952,0,0.200152054429054,0.704053580760956,138.907942548394,0,0,0,3.7026743888855,0.283182948827744,210.977797269821,0,6.10786616802216,0,0,0,649.49724368751,0,85.3091451227665,0,64.0329031646252,0,91.2860772907734,0,0,0.456188216805458,0,0,0,43.479122787714,0,0,0,90.0829508751631,0,11.8788155019283,0,0,0,0,0,1.22056317329407,0,5.67197278141975,1031.42971974611,195.769300207496,480.979843392968,0,22.690093755722
0,80.3642445802689,0,694.163609057665,0,0,0,0,0,0,0,0,0,0,0,76.3193261325359,0,2.38007426261902,3.29482164978981,0,0,0,0,81.2581879496574,0,0,0,0,0,0,0,0,0,0,0,0,0,2.75576102733612,0,1.79966768622398,0,153.525692626834,0,0,0,1.10881507396698,0,0,0.236898720264435,58.9911512732506,0,10.43965280056,0,0,0,388.318161129951,0,53.4587530195713,0,10.4475987553596,0,80.0951255559921,2.35491196811199,0,0,0,93.6302287578583,0,2.22519207000732,0,69.4069722294807,0,38.8495227992535,0,0,0,0,0,0,0,7.36501067876816,0,486.89054556191,95.437120705843,282.316473245621,1.63851144909859,0
0,0,0,0,0,0,0,0,0,0,0,0,44.73660415411,0,0,0,0,0,0,0,42.7628635168076,0,0,0,0,0,0,0,12.4942845106125,0,98.215701341629,0,0,0,0,0,266.48535707593,0,395.814228057861,0,0,0,0,0,0,0,0,0,0,0,0,0,0,0,0,0,1502.1377107501,0,206.315947413445,0,0,0,0,0,0,0,0,0,0,0,0,5.1974111199379,0,41.241479486227,0,0,0,0,0,4.35934734344482,0,0,121.372279047966,0,0,0,0
0,0,0,0,0,3.62153708934784,0,0,0,0,0,0,0,0,0,0,0,0,0,368.125448703766,0,0,0,0,0,0,0,6.82553541660309,0,23.7397255450487,0,0,0,0,0,133.583144873381,0,246.145249634981,0,0,0,0,0,0,0,0.531723380088806,0,0,0,0,0,38.9806192517281,0,0,0,0,0,2770.7637771219,0,12.6280400454998,0,0,86.1557567417622,0,0,0,0,0,0,0,254.578112840652,0,386.229481011629,0,0,0,0,0,10.8198333978653,0,6.87931191921234,0,300.42496535182,0,0,0,0
4.63319158554077,0,0,0,0,0,0,0,0,0,44.73660415411,0,0,0,64.3338866531849,0,0,0,0,0,0,0,0,0,0,0,0,0,5.50837582349777,0,14.1137387156487,0,0,0,0,0,0,0,0,0,0,0,0.332813620567322,0,0,0,0,0,4.31626510620117,0,0,0,1,0,0,0,300.873301357031,0,589.888696044683,0,96.9064654111862,0,0,0,0,0,0,0,0,0,0,93.4292454719543,0,4.45275518298149,0,0,0,0,0,0,0,0,1,0,3.00556835532188,0,0
0,0,0,0,0,0,0,0,0,0,0,0,0,0,0,9.1048327088356,0,0,0,0,0,0,0,0,0,0.283380910754204,0,2.29129210114479,0,0,0,0,0,0,0,0,0,0,0,0,0,0,0,0,0,0,0,0,0,0,0,0,0,0,0,0,0,6.60433837771416,0,325.758234336972,0,46.5003507137299,0,0,0,0,0,0,0,0,0.164269760251045,0,0,0,0,0,0,0,0,0,0,0,0,34.7513360977173,0,0,0
35.0746995210648,0,0,0,3,0,0,0,255.413605391979,0,0,0,64.3338866531849,0,0,0,2.75313892960548,0,0,0,0,0,0,0,0,0,0,0,0,0,0,0,0,0,0,0,0,0,3.32200837135315,0,0,0,9.66289022564888,0,0,0,0,0,7.33270737528801,0,0,0,0,0,27.4965679049492,0,0,0,61.453219383955,0,239.159855604172,0,0,0,0,0,0,0,0,2.28814059495926,0,1.70563578605652,0,0,0,0,0,0,0,0,0,0,19.0047078430653,0.92242169380188,54.7479034662247,0,0
0,0,0,0,0,5.31334435939789,0,0,0,76.3193261325359,0,0,0,9.1048327088356,0,0,0,0,0,0,0,0,0,0,0,0,0,0,0,0,0,0,0,0,0,0,0,0,0,0,0,0,0,0,0,0,0,0,0,0,0,89.2250910997391,0,0,0,8.08627080917358,0,0,0,141.068172127008,0,449.722197413445,0,0,0,0,0,0,0,0,0,0,0,0,0,0,0,0,0,0,0,0,0,0,0,0,0
0,0,0.266966879367828,0.488868534564972,0,0,0,0,7.82566407322884,0,0,0,0,0,2.75313892960548,0,0,15475.3290312737,5130.10072116554,0,0,0,1,0,16.7614721059799,0,74.9780615568161,0,0,0,0,0,0,0,0,3.3316196501255,11.1571038290858,8.38722941279411,3.6532906666398,25.0792196989059,16.4136363565922,13.7065144777298,65.5482701361179,1.93998444080353,0.194299101829529,18.9676219969988,104.073016792536,0,17.6536320745945,0.229250907897949,0,0,0,0,0,0,0.167958974838257,0,0.181957989931107,0,0,0,0.419606417417526,31.9569663405418,0,36.6525254249573,0,0,0,0,0.216897681355476,3.28574156016111,1.68941946327686,3.95820638537407,0,0,0,0,49.5955284684896,165.440660089254,25.6719111800194,99.1878458932042,11785.1080112606,8532.55044940114,73.3008234724402,2.26189956068993,11.6589024066925
0,0,0.193934753537178,4.22051875293255,0,0,0,0,0,2.38007426261902,0,0,0,0,0,0,15475.3290312737,0,4669.77068293095,0,0,0,0,168.159155547619,0,25.1053876876831,0,11.4689656496048,0,0,0,0,0,0,0,16.9272178933024,2.89129322767258,8.51226318627596,1.54132360219955,107.138242952526,10.1904925107956,27.6339343935251,30.3563288301229,0,0,48.7683842927217,52.4355651140213,0,9.52633753418922,1.72503186762333,0,0,0,0,0.305986225605011,0.170466899871826,0,0.712200492620468,0,0,0,0,2.89476442337036,11.2159517556429,0,0,4.27896165847778,0,0,0,2.28505656123161,0.354600794613361,12.451290525496,2.4254043251276,0,0,0,0,103.568660601974,72.4033711701632,68.5433472171426,35.6707850694656,16061.8365807533,8399.51229926944,75.6855980232358,6.21491873264313,4.20640927553177
27.877286747098,96.7069238126278,7.21397151052952,12.1929599046707,0,0,0,0,3.91603203117847,3.29482164978981,0,0,0,0,0,0,5130.10072116554,4669.77068293095,0,1.5162570476532,5.51219829916954,0,0,0,0,0,0,0,0,0,0,0,0,0,0,192.502746798098,80.4423630908132,117.139674991369,32.2000709921122,1278.62537664175,271.992572724819,936.383057460189,1150.661440216,7.35367108881474,8.37895222753286,511.664416536689,951.258662328124,0,505.495682224631,13.1645663231611,0,0,0,0,1.8344232738018,0.255474209785461,7.42258933186531,33.7912074178457,1.16322141885757,2.0545147061348,0.356071397662163,0,38.2415871545672,285.581004045904,0,0,0,0,0.361247926950455,0,32.0615048259497,92.0716165304184,530.268470965326,89.5205901712179,0,0,0,0,1714.84517673403,1892.35622173548,916.733423262835,1047.70496457815,7905.7128200084,316.51573844254,1546.65572457016,166.4921239838,120.652749277651
0,0,0,2.78381931781769,0,57.6556157469749,0,0,0,0,0,368.125448703766,0,0,0,0,0,0,1.5162570476532,0,0,0,0,0,0,0,0,0,0,0,0,0,0,0,0,1141.3136767149,0,70.5285630822182,0,0.663143336772919,0,2.25412058830261,0,0,0,23.809907078743,0,0,0,0,0,0,0,0,0,0,0,0,0,0,0,0,1967.53059032559,0,0,0,0,0,0,0,0,0,0,0,0,0,0,0,327.604013577104,0,0,0,264.955214500427,0,13.1244584619999,0,0
0,0,0.572771906852722,0,1.96366894245148,0,0,0,0,0,42.7628635168076,0,0,0,0,0,0,0,5.51219829916954,0,0,0,0,0,0,0,0,0,0,0,0,0,0,0,0,0,1394.88667557389,0,258.70382322371,0,0,0,15.6889082789421,0,0.261053532361984,0,11.8907161056995,0,0,0,17.0336857438087,0,0,0,0,0,358.960793122649,0,0,0,0,0,0,432.622721239924,0,0,0,0,0,0,0,0.221805080771446,0,2.86296328902245,0,0,0,0,0,526.995822072029,0,54.4794166088104,807.667127579451,0,19.1863014996052,0,0
0,0,0,0,0,0,0,0,0,0,0,0,0,0,0,0,0,0,0,0,0,0,25.5581358671188,162.596088081598,0,15.2101192474365,0,298.182703271508,0,0,0,0,0,0,0,0,0,195.58541482687,0,0,0,0.327033579349518,0,0,0,0,0,0.80772477388382,0,90.8569650948048,0,0,0,0,0,0,0,0,0,0,0,0,0,0,5653.96388307214,0,101.895332694054,0,12.9867858588696,0,347.359499767423,0,0,0,0,0,0,0,0,0,99.4413937777281,0,344.05860479176,257.711350768805,0,0,0
0,0,0,0,0,0,0,0,0,0,0,0,0,0,0,0,1,0,0,0,0,25.5581358671188,0,0,514.996481895447,0,86.3308253586292,0,34.2656596302986,0,0,0,0,0,0,0,0,0,1969.88647440076,0,0,0,0,0,0,0,0,0.347533613443375,220.701612591743,0,0,0,0,0,0,0,0,0,0,0,0,0,0,0,0,3874.17423224449,0,312.294419437647,0,19.6737087965012,0,35.8237805366516,0,0,0,0,0,0,0,0,0,940.899871274829,747.781502425671,264.650248885155,0,0,0
0,2.66373625397682,0,0.645956814289093,0,0,0,0,0,81.2581879496574,0,0,0,0,0,0,0,168.159155547619,0,0,0,162.596088081598,0,0,0,297.367883294821,0,0,0,0,0,0,0,0,0,0,0,691.397564724088,0,0,0,39.8312048912048,0,0,0,0,0,36.7513234615326,0,9.29970586299896,0,0,0,0,0,165.897854715586,0,0,0,0,0,0.514447212219238,0,0,372.387575298548,0,1391.23965016007,0,119.801658630371,0,3.63786545395851,0,0,0,0,0,0,0,0,0,527.267747685313,0,140.116893798113,1.86970204114914,157.163612216711,0,0
27.4734750539064,0,1.1710903942585,0,0,0,0,0,276.575311690569,0,0,0,0,0,0,0,16.7614721059799,0,0,0,0,0,514.996481895447,0,0,0,213.79562908411,0,0,0,0,0,0,0,0,0,0,0,320.735383450985,0,0,0.357513099908829,1.42180640995502,0,0,0,0,0.872685372829437,12.9742750972509,0,0,0,0,0,540.469002336264,0,2.56916573643684,0,2.36075168848038,0,2.89612984657288,0,0,0,0,340.069510936737,0,920.894580751657,0,353.883358716965,0,0,0,0,0,0,0,0,0,0,0,35.0999000072479,317.464696541429,0,60.7864317297935,0,0
0,0,0,0,0,0,0,0,0,0,0,0,0,0.283380910754204,0,0,0,25.1053876876831,0,0,0,15.2101192474365,0,297.367883294821,0,0,0,28.5082055032253,0,0,0,0,0,0,0,0,0,33.7293229997158,0,0,0,0.439507097005844,0,0,0,0,0,7.61520516872406,0,0,0,0,0,0,0,1.27334558963776,0,0.319611340761185,0,13.4726524651051,0,27.2815121114254,0,0,83.0567182600498,0,41.9390516281128,0,455.971966445446,0,43.300841242075,0,0,0,0,0,0,0,0,0,38.3918205797672,0,58.7976039648056,0,4.03055197000504,0,0
0,0,0,0,0,0,0,0,20.9663762152195,0,0,0,0,0,0,0,74.9780615568161,0,0,0,0,0,86.3308253586292,0,213.79562908411,0,0,0,1.37347936630249,0,0,0,0,0,0,0,0,0,0,0,0,0,0,0,0,0,0,0,0,0,0,0,0,0,147.96972900629,0,0,0,0,0,8.8276880979538,0,0,0,0,0,0,43.5373872816563,0,697.101517826319,0,361.939208269119,0,0,0,0,0,0,0,0,0,0,355.144432455301,0,0,0,0
0,0,0,0,0,0,0,0,0,0,0,6.82553541660309,0,2.29129210114479,0,0,0,11.4689656496048,0,0,0,298.182703271508,0,0,0,28.5082055032253,0,0,0,520.411656111479,0,0,0,0,0,0,0,52.5398454070091,0,0,0,0,0,0,0,0,0,0,0,0,0,0,0,0,0,0,0,0,0,248.982074871659,0,0,0,0,38.0380314290524,0,0,0,20.2988814711571,0,1988.93998910487,0,153.381174579263,0,0,0,0,0,0,0,2.02649414539337,0,340.402755737305,134.164859682322,0,0,0
0,0,0,0,0,0,0,0,0,0,12.4942845106125,0,5.50837582349777,0,0,0,0,0,0,0,0,0,34.2656596302986,0,0,0,1.37347936630249,0,0,0,24.1542576849461,0,0,0,0,0,0,0,50.8373662382364,0,0,0,0,0,0,0,0,0,2.20890474319458,0,0,0,0,0,0,0,0,0,3.26986813545227,0,0,0,0,0,0,1,0,0,0,57.6103780269623,0,1624.51218058169,0,66.3310994803905,0,0,0,0,0,0,0,4.59589803218842,118.087280511856,6,0,0,0
0,0,0,0,0,0,0,0,0,0,0,23.7397255450487,0,0,0,0,0,0,0,0,0,0,0,0,0,0,0,520.411656111479,0,0,0,0,0,0,0,0,0,9.76392024755478,0,0,0,0,0,0,0,0,0,0,0,0,0,0,0,0,0,0,0,152.969015941024,0,0,0,0,0,0,0,0,0,0,0,0,105.287079662085,0,536.308418750763,0,0,0,0,0,0,0,0,0,48.768701389432,0,0,0,0
0,0,0,0,0,0,0,0,0,0,98.215701341629,0,14.1137387156487,0,0,0,0,0,0,0,0,0,0,0,0,0,0,0,24.1542576849461,0,0,0,0,0,0,0,0,0,59.3485595136881,0,0,0,0,0,0,0,0,0,0,0,0,0,0,0,0,0,10.3014049530029,0,0,0,0,0,0,0,0,0,0,0,0,0,0,3.04427027702332,0,457.336214065552,0,0,0,0,0,0,0,63.8051051199436,53.3377829790115,0,0,0,0
0,0,0,0,0,0,0,0,0,0,0,0,0,0,0,0,0,0,0,0,0,0,0,0,0,0,0,0,0,0,0,0,1761.58679509163,228.874082371593,0,304.852987319231,0,0,0,0,0,0,0,0,0,0,0,1092.29545630515,1.96988981962204,13.1422003209591,0,0,0,0,0,0,0,0,0,0,0,0,0,0,0,0,0,0,0,0,0,0,0,0,816.293937295675,165.947622895241,13.294084250927,0,58.8316502273083,0.556728959083557,0,0,188.946958452463,0,0,0,0
0,0,0,0,0,0,0,0,0,0,0,0,0,0,0,0,0,0,0,0,0,0,0,0,0,0,0,0,0,0,0,1761.58679509163,0,4.97085332870483,4.165442943573,54.1679983139038,439.11958116293,0,0,0,24.4430536329746,0,0,0,0,0,0,660.696248367429,66.6982919573784,0,0,0,0,0,0,0,0,0,0,0,0,0,0,0,0,0,0,0,0,0,0,0,0,0,0.891233325004578,770.116696357727,0,0,0,118.756147712469,0,0,27.8843989372253,0,0,0,0
0,0,0,0,0,0,0,0,0,0,0,0,0,0,0,0,0,0,0,0,0,0,0,0,0,0,0,0,0,0,0,228.874082371593,4.97085332870483,0,1292.56479924917,269.067129030824,0,149.112919688225,31.9168616086245,0,0,0,0,0,0,0,0,1821.10391783714,0,4.5523556470871,0,0,0,0,0,0,0,0,0,0,0,0,0,0,0,0,0,0,0,0,0,0,0,0,75.648411244154,32.4995346069336,1238.56960245967,405.904065966606,65.5503049343824,0,25.1547541022301,11.7470837831497,1522.9891243875,2.43335343897343,7.64632022380829,0,0
0,0,0,0,0,0,0,0,0,0,0,0,0,0,0,0,0,0,0,0,0,0,0,0,0,0,0,0,0,0,0,0,4.165442943573,1292.56479924917,0,0,1140.06185774505,3.20912829041481,177.412156581879,0,14.5606080889702,19.1556308269501,2.27143079042435,0,0,0,0,4241.60314972699,14.7042232751846,0,0,0,0,0,0,0,0,0,0,0,0,0,0,0,0,0,0,0,0,0,0,0,0,0,0,7.82399412989616,263.318752229214,1474.69207592309,0,331.797186806798,0,104.715007811785,260.65819427371,0,1.52310967445374,0,0
0,9.35601451247931,0,6.42992654442787,0,151.453022837639,0,26.0596733093262,0,0,0,133.583144873381,0,0,0,0,3.3316196501255,16.9272178933024,192.502746798098,1141.3136767149,0,0,0,0,0,0,0,0,0,0,0,304.852987319231,54.1679983139038,269.067129030824,0,0,363.597161650658,1009.09464836121,0,29.9198985174298,5.25861796736717,90.5202256366611,0.671612694859505,9.24331151694059,0,91.814496897161,1.88323473930359,785.845219984651,5.71198080480099,216.79963953048,0,0,0,0,0,0,0,32.3205706328154,0,0,0,0,2105.98628975451,0,0,0,0,0,0,0,0.194925293326378,0,10.7742132768035,1.48265346139669,147.891295462847,0,224.553664594889,0,14403.2935415581,467.945411592722,1261.0373307541,0.390995532274246,1466.93741317093,1,316.039040930569,32.0295175164938,0
3.63893800973892,0,1.15637299418449,0,0,0,0,0,0,0,266.48535707593,0,0,0,0,0,11.1571038290858,2.89129322767258,80.4423630908132,0,1394.88667557389,0,0,0,0,0,0,0,0,0,0,0,439.11958116293,0,1140.06185774505,363.597161650658,0,0,1253.28597654402,0.695583760738373,28.7381496876478,0,28.2784572467208,0,0.148546546697617,0,130.410786278546,18.9495928287506,41.5507791638374,0,18.4047967493534,0,0,0,1.93604774773121,0,188.555823653936,0,0.372447669506073,0,2.69817018508911,0,0,210.866400629282,0,0,0,0,0,0,0,0.365038454532623,0.932712972164154,1.10063399374485,0,10.887754201889,0,508.978922858834,9.41582907736301,11723.9170147181,0,1392.62095799297,1437.41547385603,471.459231495857,282.204576194286,0,6.57152420282364
1.55627715587616,26.4850463867188,0,1.22085499763489,0,0,0,0,0,2.75576102733612,0,246.145249634981,0,0,0,0,8.38722941279411,8.51226318627596,117.139674991369,70.5285630822182,0,195.58541482687,0,691.397564724088,0,33.7293229997158,0,52.5398454070091,0,9.76392024755478,0,0,0,149.112919688225,3.20912829041481,1009.09464836121,0,0,551.583263531327,21.2225509285927,0.271494962275028,137.027630656958,1.38044720888138,1.97520802915096,0,98.8983924165368,1.15458285808563,2301.4028531909,0,972.725743427873,0,0,0,0,0.53551310300827,0.826975136995316,0,192.059617877007,0,0,0,0,775.468662887812,0.15979540348053,1291.76614588499,0,306.175673261285,0,34.7927814722061,0,120.540701240301,0,10.2532159537077,0,0,0,226.558255195618,0,1012.30413034558,1.0651682689786,13625.9069727957,189.909755215049,2484.29261608422,240.593022912741,490.587618403137,27.0429874435067,0
90.9001468271017,0,3.19511617720127,0,0,0,0,0,29.4885866045952,0,395.814228057861,0,0,0,3.32200837135315,0,3.6532906666398,1.54132360219955,32.2000709921122,0,258.70382322371,0,1969.88647440076,0,320.735383450985,0,0,0,50.8373662382364,0,59.3485595136881,0,0,31.9168616086245,177.412156581879,0,1253.28597654402,551.583263531327,0,1.02440917491913,0.378957316279411,32.7453278899193,39.8456619083881,0,0.215296894311905,0,95.6545053273439,3673.90967555344,91.9064959436655,0,0,0,0,0,85.3776464909315,0,19.0144828557968,0,4.0084522664547,0,15.1148531138897,0,0,327.981959141791,0,793.429507449269,0,788.235614001751,0,11.1812726259232,0,247.376775830984,0,53.0838843286037,0,0,0,557.463463231921,0,1037.68601085991,0,12924.5326331481,2047.72066665441,558.406017437577,230.264552906156,0,6.58721251785755
0,37.8168871998787,0,12.2163697332144,0,1.50516800582409,0,0,0,1.79966768622398,0,0,0,0,0,0,25.0792196989059,107.138242952526,1278.62537664175,0.663143336772919,0,0,0,0,0,0,0,0,0,0,0,0,0,0,0,29.9198985174298,0.695583760738373,21.2225509285927,1.02440917491913,0,3.76763553917408,3116.39778066427,14.6577456742525,113.822564855218,0,394.140839025378,15.7517637312412,66.6012937128544,2.24688738584518,716.57398404181,0,0,0,0,0,0.386412143707275,0,3.91564723849297,0.605998516082764,0,0,0,160.737498983741,0.869990929961205,0,0,0,0,0,0,6.03006532788277,0,76.6440794765949,1.38560092449188,0,0,0,0,257.767268262804,12.1053453683853,105.346182271838,5.188381254673,579.269243054092,1.88637013733387,783.511780701578,82.5225229114294,0.627562373876572
2.50711876153946,0,0,0,0,0,0,0,0.200152054429054,0,0,0,0,0,0,0,16.4136363565922,10.1904925107956,271.992572724819,0,0,0,0,0,0,0,0,0,0,0,0,0,24.4430536329746,0,14.5606080889702,5.25861796736717,28.7381496876478,0.271494962275028,0.378957316279411,3.76763553917408,0,0.146967142820358,751.23777833581,0,3.30168971419334,2.20484292507172,53.1524835154414,726.659462928772,931.825725108385,0,0.34356552362442,0,0,0,0,0,2.1636358499527,0,0.177646771073341,0,0,0,0,9.30059768259525,0,0,0,0,0,0,0,0.719929337501526,0.269957348704338,1.04070173203945,0,9.33422833681107,0,0,4.99554824829102,880.07014670223,0.847978293895721,15.9897647798061,117.49758002162,1.28698027133942,146.444862127304,0,92.2768123745918
1.8614587187767,835.348772473633,0.313326776027679,232.413871690631,0,14.051619887352,0,0,0.704053580760956,153.525692626834,0,0,0,0,0,0,13.7065144777298,27.6339343935251,936.383057460189,2.25412058830261,0,0.327033579349518,0,39.8312048912048,0.357513099908829,0.439507097005844,0,0,0,0,0,0,0,0,19.1556308269501,90.5202256366611,0,137.027630656958,32.7453278899193,3116.39778066427,0.146967142820358,0,322.77194750309,69.7017660886049,0,254.921344779432,10.7259218394756,716.41362375021,41.7167044728994,1166.16715200245,0,3.91103334724903,0,0,0.799574583768845,69.5093468129635,0,274.915278337896,0,39.0978681743145,0.529935449361801,52.3141846507788,35.6196315810084,2.69943344593048,1.58749869465828,0,51.6227406859398,0.61722069978714,16.3551683425903,0.302153736352921,259.100711867213,0.124122440814972,776.638446815312,0,0,0,0,0,943.41986694932,6.14027078449726,456.763554111123,8.93089431524277,4114.81678745151,29.6482163965702,2970.08648703247,322.167533673346,1.49550747871399
105.123077645898,0.264190763235092,101.290117606521,0.186177030205727,2.45403079688549,0,0,0,138.907942548394,0,0,0,0.332813620567322,0,9.66289022564888,0,65.5482701361179,30.3563288301229,1150.661440216,0,15.6889082789421,0,0,0,1.42180640995502,0,0,0,0,0,0,0,0,0,2.27143079042435,0.671612694859505,28.2784572467208,1.38044720888138,39.8456619083881,14.6577456742525,751.23777833581,322.77194750309,0,0,20.9697960317135,10.2226048409939,1582.31621939689,304.626644536853,2125.85351011902,3.66177642345428,12.8857518583536,0,0,0,170.142314508557,0,117.122030764818,0,55.2827572152019,0,31.629775673151,0,0.946390330791473,699.320794984698,0,0,0,1.47491842508316,0,1.99684092402458,0.445406913757324,328.217808663845,1.51312324404716,111.527170225978,0,0,0,0,12.4252735599875,1964.06459528953,5.88079832494259,393.277620777488,3172.5192925334,21.1874179244041,2436.37781070918,1.11762901395559,150.953547678888
0,0.692832708358765,0,0,0,0,0,0,0,0,0,0,0,0,0,0,1.93998444080353,0,7.35367108881474,0,0,0,0,0,0,0,0,0,0,0,0,0,0,0,0,9.24331151694059,0,1.97520802915096,0,113.822564855218,0,69.7017660886049,0,0,0,4.16302913427353,0,0,0,0,0,0,0,0,0,0,0,0,0,0,0,0,1.63346381485462,0,0,0,0,0,0,0,0.506192773580551,0,4.79127995669842,0,0,0,0,0,61.615074723959,0,7.02999295294285,0,24.9817413389683,0,22.4997272789478,13.7179274559021,0
0,0,0,0,0,0,0,0,0,0,0,0,0,0,0,0,0.194299101829529,0,8.37895222753286,0,0.261053532361984,0,0,0,0,0,0,0,0,0,0,0,0,0,0,0,0.148546546697617,0,0.215296894311905,0,3.30168971419334,0,20.9697960317135,0,0,0,2.3793930709362,0.402483850717545,0.726124793291092,0,0,0,0,0,0,0,0.188077911734581,0,0,0,0,0,0,2.08506521582603,0,0,0,0,0,0,0,0,0,0,0,0,0,0,0,9.03689339756966,0,3.18667708337307,1.86336408555508,0,7.15064420551062,0,2.13915767520666
0,36.6578456759453,0,16.7273675650358,0,8.53471657633781,0,0,0,1.10881507396698,0,0.531723380088806,0,0,0,0,18.9676219969988,48.7683842927217,511.664416536689,23.809907078743,0,0,0,0,0,0,0,0,0,0,0,0,0,0,0,91.814496897161,0,98.8983924165368,0,394.140839025378,2.20484292507172,254.921344779432,10.2226048409939,4.16302913427353,0,0,1.56121897697449,0,0,0.461196929216385,0,0,0,0,0,0.850862056016922,0,6.38835874199867,0,0.587691679596901,0,0,3737.16050367057,0.212636440992355,0,0,0,0,0.435716211795807,0,12.2132558524609,0,181.488389059901,1.28714516758919,0,0,0,0,1742.68534914404,3.17963983118534,478.792304903269,9.59948807954788,437.946019276977,0.593445181846619,956.522255778313,7.19101248681545,0.245627641677856
28.1045472025871,0,13.8302366137505,0,0,0,0,0,3.7026743888855,0,0,0,0,0,0,0,104.073016792536,52.4355651140213,951.258662328124,0,11.8907161056995,0,0,0,0,0,0,0,0,0,0,0,0,0,0,1.88323473930359,130.410786278546,1.15458285808563,95.6545053273439,15.7517637312412,53.1524835154414,10.7259218394756,1582.31621939689,0,2.3793930709362,1.56121897697449,0,1.44529163837433,87.28030385077,0,3.28977271914482,0,0,0,6.25181378424168,0,51.4380115568638,0,6.57577832788229,0,1.15601614117622,0,0,611.8499430269,0,0,0,0,0,0,0,27.8155918344855,1.34717924892902,79.0835684984922,0,0,0,0,9.29483224451542,1105.82159680128,10.5188755691051,701.960581973195,384.529349692166,0.67777806520462,639.409404918551,1.26410856842995,21.213208347559
17.3314795345068,5.19631481170654,2.84936283528805,0,0,0,0,0,0.283182948827744,0,0,0,0,0,0,0,0,0,0,0,0,0.80772477388382,0.347533613443375,36.7513234615326,0.872685372829437,7.61520516872406,0,0,0,0,0,1092.29545630515,660.696248367429,1821.10391783714,4241.60314972699,785.845219984651,18.9495928287506,2301.4028531909,3673.90967555344,66.6012937128544,726.659462928772,716.41362375021,304.626644536853,0,0.402483850717545,0,1.44529163837433,0,4529.36278998852,2188.48207092285,0,0,0,0,4.4356102347374,0,0.970050543546677,0,5.24451138079166,0,1.40520793199539,1.6040390431881,0,0,19.4125415682793,0.726392298936844,33.593529522419,1.84220725297928,0.940471440553665,0.833694100379944,13.1915641725063,0.356857687234879,0,0.366204842925072,1597.11498332024,242.266454815865,292.913939863443,126.11286392808,2288.47718246281,593.434668138623,33.2263881862164,657.29351234436,3159.13638430834,12.2966132462025,2486.09384962916,0,0
465.48502138257,0,133.094445630908,0,2.13356590270996,0,0,0,210.977797269821,0.236898720264435,0,0,4.31626510620117,0,7.33270737528801,0,17.6536320745945,9.52633753418922,505.495682224631,0,0,0,220.701612591743,0,12.9742750972509,0,0,0,2.20890474319458,0,0,1.96988981962204,66.6982919573784,0,14.7042232751846,5.71198080480099,41.5507791638374,0,91.9064959436655,2.24688738584518,931.825725108385,41.7167044728994,2125.85351011902,0,0.726124793291092,0,87.28030385077,4529.36278998852,0,6.87565696239471,4.49241916835308,0,0,0,67.3327566385269,0,73.4779486656189,0.248099029064178,164.245850592852,0,157.419195726514,0,0,36.4161015450954,0,193.443791717291,0,4.3777591586113,0,475.397760927677,0,99.0842662453651,1.5950211584568,50.0909640789032,0,28.2503935098648,0,23.7849020063877,4.48990100622177,488.984224565327,1.70999842882156,332.34948964417,1597.24484749138,1.73204538226128,2572.56993971765,0,81.6509332358837
0,149.735390618443,0,267.798682406545,0,0,0,0,0,58.9911512732506,0,0,0,0,0,0,0.229250907897949,1.72503186762333,13.1645663231611,0,0,90.8569650948048,0,9.29970586299896,0,0,0,0,0,0,0,13.1422003209591,0,4.5523556470871,0,216.79963953048,0,972.725743427873,0,716.57398404181,0,1166.16715200245,3.66177642345428,0,0,0.461196929216385,0,2188.48207092285,6.87565696239471,0,0,0,0,0,0,85.7901268601418,0,79.0477986931801,0,133.38550761342,0,16.1652676165104,9.69512510299683,0.537187874317169,364.67445525527,0,41.6258979141712,0,67.8348729014397,0,330.62633959949,0,151.43263079226,0,71.7218805253506,0,13.5461802482605,0,1989.98890711367,0.196780920028687,654.93222565949,0.16528981924057,734.905035376549,0,855.92852114141,25.5584246367216,0
0,0,34.2765126824379,0,402.475900650024,0,0,0,6.10786616802216,0,0,0,0,0,0,0,0,0,0,0,17.0336857438087,0,0,0,0,0,0,0,0,0,0,0,0,0,0,0,18.4047967493534,0,0,0,0.34356552362442,0,12.8857518583536,0,0,0,3.28977271914482,0,4.49241916835308,0,0,0,0,0,1,0,53.5131546854973,0,1.85209739208221,0,0,0,0,42.9237813949585,0,0,0,0,0,0,0,0.159165680408478,0,0,0,0,0,0,0,3.1002676486969,0,0,42.9033375680447,0,193.090207636356,0,0
0,0,0,242.36951854825,0,242.632596582174,0,66.8914124965668,0,10.43965280056,0,38.9806192517281,0,0,0,89.2250910997391,0,0,0,0,0,0,0,0,0,0,0,0,0,0,0,0,0,0,0,0,0,0,0,0,0,3.91103334724903,0,0,0,0,0,0,0,0,0,0,0,18.8770335912704,0,8.00916624069214,0,12.140814602375,0,0,0,0,1.02464962005615,0,0,0,0,0,0,0,0,0,0,0,0,0,0,0,0,0,0,0,115.678083449602,0,60.3394082337618,0,0
0,0,0,0,0,0,88.6118725538254,0,0,0,0,0,1,0,0,0,0,0,0,0,0,0,0,0,0,0,0,0,0,0,0,0,0,0,0,0,0,0,0,0,0,0,0,0,0,0,0,0,0,0,0,0,0,0,0,0,138.748106360435,0,0,0,0,0,0,0,0,0,0,0,0,0,0,0,0,0,0,0,0,0,0,0,0,0,0,0,0,0,0
0,0,0,0,0,6.79654455184937,0,93.8407607078552,0,0,0,0,0,0,0,0,0,0,0,0,0,0,0,0,0,0,0,0,0,0,0,0,0,0,0,0,0,0,0,0,0,0,0,0,0,0,0,0,0,0,0,18.8770335912704,0,0,0,0,0,0,0,0,0,0,0,0,0,0,0,0,0,0,0,0,0,0,0,0,0,0,0,0,0,0,4.92543339729309,0,0,0,0
258.138176754117,0,179.682116180658,0,0,0,0,0,649.49724368751,0,0,0,0,0,27.4965679049492,0,0,0.305986225605011,1.8344232738018,0,0,0,0,0,540.469002336264,0,147.96972900629,0,0,0,0,0,0,0,0,0,1.93604774773121,0.53551310300827,85.3776464909315,0,0,0.799574583768845,170.142314508557,0,0,0,6.25181378424168,4.4356102347374,67.3327566385269,0,1,0,0,0,0,0,23.4502163380384,0,8.20411804318428,0,115.518788516521,0,0,4.3304403424263,0,0,0,113.014609456062,0,0,0,13.2879655957222,0,5.07423324882984,0,0,0,0,0,2.50138983130455,0,46.8596926927567,177.651791617274,4.75160220265388,252.230742380023,0,2.29130092263222
0,73.3384984880686,0,61.3817305266857,0,120.148263275623,0,0,0,388.318161129951,0,0,0,0,0,8.08627080917358,0,0.170466899871826,0.255474209785461,0,0,0,0,165.897854715586,0,1.27334558963776,0,0,0,0,0,0,0,0,0,0,0,0.826975136995316,0,0.386412143707275,0,69.5093468129635,0,0,0,0.850862056016922,0,0,0,85.7901268601418,0,8.00916624069214,0,0,0,0,0,26.8731344640255,0,2.14422607421875,0,522.689222812653,1.8979971408844,0,0,0,329.585465252399,0,0.444969177246094,0,19.8506428301334,0,2.2323345541954,0,0,0,0,0,0.264680534601212,0,1.87998168170452,0,287.722747012973,1.1797938644886,171.632537275553,1.37208923697472,0
50.4218047857285,0,9.97405137121677,0,1.39806604385376,0,261.988953709602,0,85.3091451227665,0,1502.1377107501,0,300.873301357031,0,0,0,0.167958974838257,0,7.42258933186531,0,358.960793122649,0,0,0,2.56916573643684,0,0,0,0,0,10.3014049530029,0,0,0,0,0,188.555823653936,0,19.0144828557968,0,2.1636358499527,0,117.122030764818,0,0.188077911734581,0,51.4380115568638,0.970050543546677,73.4779486656189,0,53.5131546854973,0,138.748106360435,0,23.4502163380384,0,0,0,214.002964034677,0,70.7930082678795,0,0,355.948337078094,0,0,0,0,0,0,0,105.399403780699,0,77.9862314611673,0,0,0,0,0,62.4367859214544,1.20721590518951,1.80176268517971,85.3008256107569,1.08177611231804,1195.63279564679,0,0.716552913188934
0,5.17325925827026,0,73.5937540829182,0,5.46153637766838,0,0,0,53.4587530195713,0,2770.7637771219,0,6.60433837771416,0,0,0,0.712200492620468,33.7912074178457,0,0,0,0,0,0,0.319611340761185,0,0,0,152.969015941024,0,0,0,0,0,32.3205706328154,0,192.059617877007,0,3.91564723849297,0,274.915278337896,0,0,0,6.38835874199867,0,0,0.248099029064178,79.0477986931801,0,12.140814602375,0,0,0,26.8731344640255,0,0,0,731.096349328756,0,20.301613509655,159.964424356818,0,0.301067531108856,0,1.53849017620087,0,31.5305411368608,0,556.658417448401,0,847.017491653562,0,0,0,0,0,3.0978426784277,0,0.383903756737709,0,383.304216951132,0,278.052651211619,11.3363482654095,0
163.016417741776,0,42.6513181179762,0,0,0,0,0,64.0329031646252,0,206.315947413445,0,589.888696044683,0,61.453219383955,0,0.181957989931107,0,1.16322141885757,0,0,0,0,0,2.36075168848038,0,0,0,3.26986813545227,0,0,0,0,0,0,0,0.372447669506073,0,4.0084522664547,0.605998516082764,0.177646771073341,0,55.2827572152019,0,0,0,6.57577832788229,5.24451138079166,164.245850592852,0,1.85209739208221,0,0,0,8.20411804318428,0,214.002964034677,0,0,0,528.872131124139,0,0,7.03700602054596,0,0,0,6.2632012963295,0,51.5278114974499,0,116.419369772077,0,14.7993527054787,0,0,0,0,0,0.151409968733788,0,5.71753105521202,91.9056788831949,0.835364475846291,332.370820015669,0,0
0,4.68505012989044,0,3.32327079772949,0,62.5603766441345,0,0,0,10.4475987553596,0,12.6280400454998,0,325.758234336972,0,141.068172127008,0,0,2.0545147061348,0,0,0,0,0,0,13.4726524651051,0,248.982074871659,0,0,0,0,0,0,0,0,0,0,0,0,0,39.0978681743145,0,0,0,0.587691679596901,0,0,0,133.38550761342,0,0,0,0,0,2.14422607421875,0,731.096349328756,0,0,0,81.7645652294159,73.8472970128059,0,0.287344634532928,0,0,0,189.642720788717,0,544.547718077898,0,0.60337221622467,0,0,0,0,0,0.159744113683701,0,0,0,15.13776242733,0,92.1663996577263,0,0
154.448357880116,0,137.587425261736,0,0,0,0,0,91.2860772907734,0,0,0,96.9064654111862,0,239.159855604172,0,0,0,0.356071397662163,0,0,0,0,0,2.89612984657288,0,8.8276880979538,0,0,0,0,0,0,0,0,0,2.69817018508911,0,15.1148531138897,0,0,0.529935449361801,31.629775673151,0,0,0,1.15601614117622,1.40520793199539,157.419195726514,0,0,0,0,0,115.518788516521,0,70.7930082678795,0,528.872131124139,0,0,0,0,0,0,0,0,10.1839408576488,0,33.4870106577873,0,4.17416283488274,0,3.5932327657938,0,0,0,0,0.469606041908264,0.617369964718819,0,1.15601466596127,24.4062877893448,0.603753685951233,301.175714805722,0,0
0,37.6183194220066,0,0,0,0,0,0,0,80.0951255559921,0,0,0,46.5003507137299,0,449.722197413445,0,0,0,0,0,0,0,0.514447212219238,0,27.2815121114254,0,0,0,0,0,0,0,0,0,0,0,0,0,0,0,52.3141846507788,0,0,0,0,0,1.6040390431881,0,16.1652676165104,0,0,0,0,0,522.689222812653,0,20.301613509655,0,81.7645652294159,0,0,0,0,0,0,0,0,114.998629510403,0,2.12807688117027,0,0,0,0,0,0,0,0,0,0,0,0,0,15.8623424321413,0,0
0,1.92378658056259,0,1.1917579472065,0,86.6220124363899,0,0,0,2.35491196811199,0,86.1557567417622,0,0,0,0,0.419606417417526,2.89476442337036,38.2415871545672,1967.53059032559,0,0,0,0,0,0,0,0,0,0,0,0,0,0,0,2105.98628975451,0,775.468662887812,0,160.737498983741,0,35.6196315810084,0.946390330791473,1.63346381485462,0,3737.16050367057,0,0,0,9.69512510299683,0,1.02464962005615,0,0,0,1.8979971408844,0,159.964424356818,0,73.8472970128059,0,0,0,0,0,0,0.241101503372192,0,11.2948227673769,0,213.41841468215,0,963.31725884974,0,0,0,0,0,1282.8209791407,0,380.223554760218,0,122.985195964575,0,868.656125277281,0.305018961429596,0
32.8445957303047,0,3.51444861292839,0,10.2986249923706,0,0,0,0.456188216805458,0,0,0,0,0,0,0,31.9569663405418,11.2159517556429,285.581004045904,0,432.622721239924,0,0,0,0,0,0,0,0,0,0,0,0,0,0,0,210.866400629282,0.15979540348053,327.981959141791,0.869990929961205,9.30059768259525,2.69943344593048,699.320794984698,0,2.08506521582603,0.212636440992355,611.8499430269,0,36.4161015450954,0.537187874317169,42.9237813949585,0,0,0,4.3304403424263,0,355.948337078094,0,7.03700602054596,0,0,0,0,0,0,0,0,0,0,0,0,19.389676168561,0,191.054000884295,0,0,0,0,1.14053392410278,834.359206043184,1.21969851851463,553.941917404532,189.224959671497,0.430476754903793,1267.93226201832,0,2.22742640972137
0,0,0,0,0,0,0,0,0,0,0,0,0,0,0,0,0,0,0,0,0,5653.96388307214,0,372.387575298548,0,83.0567182600498,0,38.0380314290524,0,0,0,0,0,0,0,0,0,1291.76614588499,0,0,0,1.58749869465828,0,0,0,0,0,19.4125415682793,0,364.67445525527,0,0,0,0,0,0,0,0.301067531108856,0,0.287344634532928,0,0,0,0,0,0,40.6499747931957,0,115.780549287796,0,185.761653602123,0,0,0,0,0,0,0,0,0,502.746262997389,0,146.387397259474,0.545816957950592,6.22186657786369,0,0
0,0,0,0,0,0,0,0,0,0,0,0,0,0,0,0,36.6525254249573,0,0,0,0,0,3874.17423224449,0,340.069510936737,0,0,0,1,0,0,0,0,0,0,0,0,0,793.429507449269,0,0,0,0,0,0,0,0,0.726392298936844,193.443791717291,0,0,0,0,0,0,0,0,0,0,0,0,0,0,0,0,0,0,301.783162400126,0,152.851280093193,0,29.2446785569191,0,0,0,0,0,0,0,0,0,439.642320364714,220.789977431297,0,0,0,0
0,26.7320185303688,0,1.16966590285301,0,0,0,0,0,93.6302287578583,0,0,0,0,0,0,0,4.27896165847778,0,0,0,101.895332694054,0,1391.23965016007,0,41.9390516281128,0,0,0,0,0,0,0,0,0,0,0,306.175673261285,0,0,0,51.6227406859398,0,0,0,0,0,33.593529522419,0,41.6258979141712,0,0,0,0,0,329.585465252399,0,1.53849017620087,0,0,0,0,0.241101503372192,0,40.6499747931957,0,0,0,67.9311320185661,0,0,0,0,0,0,0,0,0,0,0,292.473210096359,0,118.319929078221,2.49244904518127,167.437709450722,0.434028416872025,0
19.5538032650948,0,0.327970117330551,0,0,0,0,0,43.479122787714,0,0,0,0,0,0,0,0,0,0,0,0,0,312.294419437647,0,920.894580751657,0,43.5373872816563,0,0,0,0,0,0,0,0,0,0,0,788.235614001751,0,0,0.61722069978714,1.47491842508316,0,0,0,0,1.84220725297928,4.3777591586113,0,0,0,0,0,113.014609456062,0,0,0,6.2632012963295,0,10.1839408576488,0,0,0,0,301.783162400126,0,0,0,364.945734769106,0,0,0,0,0,0,0,0,0,0,0,62.3067989945412,79.4274884164333,0.967999786138535,14.27318790555,0,0
0,0.756383687257767,0,0,0,0.304399996995926,0,0,0,2.22519207000732,0,0,0,0,0,0,0,0,0.361247926950455,0,0,12.9867858588696,0,119.801658630371,0,455.971966445446,0,20.2988814711571,0,0,0,0,0,0,0,0,0,34.7927814722061,0,0,0,16.3551683425903,0,0,0,0.435716211795807,0,0.940471440553665,0,67.8348729014397,0,0,0,0,0,0.444969177246094,0,31.5305411368608,0,189.642720788717,0,114.998629510403,11.2948227673769,0,115.780549287796,0,67.9311320185661,0,0,0,502.902041196823,0,0.564893901348114,0,0,0,0,0,0,0,69.3685219585896,0,10.880757689476,0,27.0005089491606,0,0
0,0,0,0,0,0,0,0,0,0,0,0,0,0,2.28814059495926,0,0,0,0,0,0,0,19.6737087965012,0,353.883358716965,0,697.101517826319,0,57.6103780269623,0,0,0,0,0,0,0,0,0,11.1812726259232,0,0,0.302153736352921,1.99684092402458,0,0,0,0,0.833694100379944,475.397760927677,0,0,0,0,0,0,0,0,0,51.5278114974499,0,33.4870106577873,0,0,0,0,152.851280093193,0,364.945734769106,0,0,0,289.326833188534,0,0,0,0,0,0,0,0,0,0,0.921293422579765,0,20.1454850286245,0,0
0,0.32677173614502,0,11.9413625746965,0,2.37872564792633,0,0,0,69.4069722294807,0,254.578112840652,0,0.164269760251045,0,0,0.216897681355476,2.28505656123161,32.0615048259497,0,0,347.359499767423,0,3.63786545395851,0,43.300841242075,0,1988.93998910487,0,105.287079662085,0,0,0,0,0,0.194925293326378,0,120.540701240301,0,6.03006532788277,0,259.100711867213,0.445406913757324,0.506192773580551,0,12.2132558524609,0,13.1915641725063,0,330.62633959949,0,0,0,0,0,19.8506428301334,0,556.658417448401,0,544.547718077898,0,2.12807688117027,213.41841468215,0,185.761653602123,0,0,0,502.902041196823,0,0,0,490.365608096123,0,0,0,0,0,7.21771803498268,0,130.027701973915,0.684136152267456,383.975995913148,5.0011111497879,303.06597584486,8.94253218173981,0
26.0341164171696,0,20.6611651331186,0,0,0,0,0,90.0829508751631,0,5.1974111199379,0,93.4292454719543,0,1.70563578605652,0,3.28574156016111,0.354600794613361,92.0716165304184,0,0.221805080771446,0,35.8237805366516,0,0,0,361.939208269119,0,1624.51218058169,0,3.04427027702332,0,0,0,0,0,0.365038454532623,0,247.376775830984,0,0.719929337501526,0.124122440814972,328.217808663845,0,0,0,27.8155918344855,0.356857687234879,99.0842662453651,0,0.159165680408478,0,0,0,13.2879655957222,0,105.399403780699,0,116.419369772077,0,4.17416283488274,0,0,19.389676168561,0,29.2446785569191,0,0,0,289.326833188534,0,0,0,6.51772458851337,0,0,0,0,0.143141642212868,10.7245350927114,0,114.756372228265,436.234190426767,0.651077926158905,374.336839534342,0,8.37929884344339
0,0.497430235147476,0,13.4023085981607,0,11.2659323215485,0,0,0,38.8495227992535,0,386.229481011629,0,0,0,0,1.68941946327686,12.451290525496,530.268470965326,0,0,0,0,0,0,0,0,153.381174579263,0,536.308418750763,0,0,0,0,0,10.7742132768035,0.932712972164154,10.2532159537077,0,76.6440794765949,0.269957348704338,776.638446815312,1.51312324404716,4.79127995669842,0,181.488389059901,1.34717924892902,0,1.5950211584568,151.43263079226,0,0,0,0,0,2.2323345541954,0,847.017491653562,0,0.60337221622467,0,0,963.31725884974,0,0,0,0,0,0.564893901348114,0,490.365608096123,0,0,0,0,0,0,0,102.480506405234,1.5691055431962,95.9728322327137,3.81874698400497,1149.74468257278,0.292969703674316,758.037930354476,122.634884983301,0.178011760115623
13.0411176383495,0,19.9440823197365,0,0,0,0,0,11.8788155019283,0,41.241479486227,0,4.45275518298149,0,0,0,3.95820638537407,2.4254043251276,89.5205901712179,0,2.86296328902245,0,0,0,0,0,0,0,66.3310994803905,0,457.336214065552,0,0,0,0,1.48265346139669,1.10063399374485,0,53.0838843286037,1.38560092449188,1.04070173203945,0,111.527170225978,0,0,1.28714516758919,79.0835684984922,0.366204842925072,50.0909640789032,0,0,0,0,0,5.07423324882984,0,77.9862314611673,0,14.7993527054787,0,3.5932327657938,0,0,191.054000884295,0,0,0,0,0,0,0,6.51772458851337,0,0,0,0,0,0,0.673808157444,57.3765875548124,0.224539190530777,91.9277584552765,286.409039355814,0.533107757568359,936.400646135211,0,3.6611110419035
