0,0,192.443549096584,0,2.74773797392845,0,0,0,517.037306427956,0,0,0,0,0,0,0,0,0,0,0,0,0,0,0,0,0,0,0,0,0,0,0,0,0,0,0,0,0,0,0,0.189671725034714,0,15.6962493658066,0,0,0,0.580864951014519,3.06864815950394,307.076617643237,0.7950758934021,9.08104315400124,0,0,0,141.126083359122,0,3.380479991436,0,0,0,11.5422707498074,0,0,0,0,0,0,0,0,0,0,0,0,0.86757530272007,0,0,0,0,0,0.230645135045052,0,0.195222765207291,343.661237955093,0,187.727749601007,0,0
0,0,0,346.935721158981,0,0.643252789974213,0,0,0,654.202372908592,0,0,0,0,0,0,0,0,0,0,0,0,0,5.25391420722008,0,0,0,0,0,0,0,0,0,0,0,0,0,0,0,0,0,6.9132025539875,0,0,0,1.56902933120728,0,0,0,337.657856345177,0,1.44900518655777,0,0,0,269.727276414633,0,19.5924535095692,0,0,0,97.5581614673138,0,0,0,0,8.26214554905891,0,0,0,0,0,0,0,0,0,0,0,0,0,0,0,64.162708312273,0,342.799028277397,0.743933200836182,0
192.443549096584,0,0,0,103.066477835178,0,0,0,123.25541049242,0,0.184131562709808,0,0,0,0,0,0,0,2.60276582837105,0,0.530152916908264,0,0,0,0,0,0,0,0,0,0,0.444169029593468,0,0,0,0,0.896689891815186,0,0.478205859661102,0,3.90503557026386,0.241994552314281,15.6479210481048,0,0,0,39.844394415617,11.9768175631762,87.796590231359,0,148.743103921413,0,0,0,66.0133304595947,0,3.74996533989906,0,0,0,0.914607107639313,0,0,7.1518579274416,0,0,0,0,0,0,0,0.446362257003784,0,33.5864631384611,0,0,0,0,0,6.63683758676052,0,21.3460256159306,148.79031008482,0,456.816532514989,0,0.243309810757637
0,346.935721158981,0,0,0,123.187717795372,0,0,0,351.886086344719,0,0,0,0,0,19.7461084127426,0,0,4.92694658041,0,0,0,0,0,0,0,0,0,0,0,0,1.17574444413185,0,0,0.170136377215385,0,0,0,0,12.7066496759653,0,54.9750055372715,0.644428104162216,0,0,128.865453824401,0.199344515800476,11.0609212070704,0,130.395471379161,0,178.504180669785,0,0,0,99.890802025795,0,3.66183568537235,0,0,0,88.9069897532463,28.1868888735771,0,0,0,0,0,0,0,2.06539833545685,0,12.7238646149635,0,0.233759731054306,0,0.372057616710663,0,4.03030990064144,0.745074696838856,2.08147867769003,0,198.485732480884,0,2190.60903701186,0,0
2.74773797392845,0,103.066477835178,0,0,0,58.1197770833969,0,625.68824583292,0,0,0,0,0,0,0,0.127259492874146,0,0.84906667470932,0,101.814773470163,0,0,0,0,0,0,0,0,0,0,0,0,0,0,0,4.22603732347488,0,0,0,4.97175885736942,2.13054504990578,6.39711898565292,0,0,0.106596946716309,22.6542236804962,19.6076032966375,49.0541601330042,0.435762405395508,1766.56018090248,0,111.70459318161,0,208.2822740376,0,0.229415327310562,0,20.5034464597702,0,0.398765683174133,0,0,106.203253120184,0,0,0,0,0,0,0,0,0,1.64903184771538,0,0,0,0,0,11.4286209642887,0,0.789835035800934,1325.11300489306,0,271.135408453643,0,0
0,0.643252789974213,0,123.187717795372,0,0,0,28.7393986582756,0,498.853758394718,0,20.1991468369961,0,3,0,1,0,0.123056441545486,0.285228833556175,52.421688079834,0,0,0,0,0,0,0,0,0,0,0,1.08934310078621,0,0.256511449813843,0,0,0,0,0,77.2859140709043,0,26.532300978899,1.1476242095232,0,0,333.945155397058,0.319259643554688,33.1345129013062,0.353336364030838,95.3806334584951,0,656.145426183939,0,95.1188398599625,0,74.7727315425873,0,5.10988384485245,0,18.164993584156,0,12.4298495948315,172.840207993984,0,0,0,0,0,0,0,0.539038777351379,0,2.31215125322342,0,0,0,0.37881925702095,0,11.7364709377289,2.64008481055498,7.61568860709667,0,1758.43409104645,0,194.428649008274,0.534615784883499,0
0,0,0,0,58.1197770833969,0,0,0,0,0,101.09224024415,0,0,0,0,0,0,0,0,0,0,0,0,0,0,0,0,0,0,0,0,0,0,0,0,0,0,0,0,0,0,0,0,0,0,0,0,0,0,0,56.5641317367554,0,386.907709479332,0,0,0,174.111567765474,0,0.630066812038422,0,0,0,0,0,0,0,0,0,0,0,0,0,0,0,0,0,0,0,0,0,0,0,278.829621195793,16.7799708843231,3.01362538337708,0,0
0,0,0,0,0,28.7393986582756,0,0,0,0,0,71.7926371693611,0,232.753499865532,0,0,0,0,0,31.6785086393356,0,0,0,0,0,0,0,0,0,0,0,0,0,0,0,0,0,0,0,0,0,0,0,0,0,0.57413786649704,0,0,0,0,0,140.553677678108,0,737.47581961751,0,0,0,44.7432248592377,0,204.188228040934,0,0,109.976056516171,0,0,0,0,0,0,0,0,0,0,0,0,0,0,0,0,0,0,0,420.281759977341,0,0,0,0
517.037306427956,0,123.25541049242,0,625.68824583292,0,0,0,0,0,0,0,0,0,28.9911337196827,0,269.629424363375,37.2982999384403,12.3396054208279,0,0,0,0,4.60168695449829,204.400436878204,0,19.823070526123,0,0,0,0,0,0,0,0,0,0.14644356071949,0,5.14743489027023,0,0.989399716258049,0.292571514844894,21.5528945997357,0,0.948857545852661,0,16.1451151743531,10.053986042738,30.6722433194518,1.01767158508301,98.876905977726,0,0,0,2032.23696245253,0,0.237714752554893,0,0,0,14.867712199688,0,0,1.90648743510246,0,0,0,1.46805694699287,0,3.40361106395721,0,0,0,7.43684130907059,0,0,1.23054993152618,0,0,4.0677616968751,0,6.18388729542494,772.927922099829,0,148.808518566191,0,0
0,654.202372908592,0,351.886086344719,0,498.853758394718,0,0,0,0,0,0,0,0,0,80.5833995342255,8.70975279808044,181.410238772631,5.5599616765976,0,0,0,0,28.0860454440117,0,0.310645759105682,0,0,0,0,0,0,0,0,0,0,0,187.09623375535,0,1.78396084904671,0,1.19317828118801,0.194446533918381,0,0,2.12715771794319,0,0,0,7.61387851834297,0,10.2970276474953,0,0,0,1020.93090856075,0,0,0,0,0,108.847058475018,1.26295214891434,0,0,0,18.6433735191822,0,0,0,0,0,0,0,0,0,0,0,0.24495367705822,0.157838091254234,67.8493748307228,0,666.929403588176,1,59.9850658476353,0,0
0,0,0.184131562709808,0,0,0,101.09224024415,0,0,0,0,0,6,0,0,0,0,0,0,0,22.4014566540718,0,0,0,0,0,0,0,0,0,86.4265359938145,0,0,0,0,0,0,0,464.731281340122,0,0,0,0,0,0,0,0.98017019033432,0,0.156433582305908,0,0,0,33.1191487312317,0,0,0,1020.81113609672,0,0,0,0,0,0,16.3382485061884,0,0,0,0,0,0,0,0,0,72.788048684597,0,0,0,0,0,0.160326063632965,0,236.006415843964,80.8555002212524,0,4.37978357076645,0,0
0,0,0,0,0,20.1991468369961,0,71.7926371693611,0,0,0,0,0,0,0,0,0,0,0,833.827502608299,0,0,0,0,0,0,0,0,0,45.6257536113262,0,0,0,0,0,1,0,222.38355794549,0,4.74533608555794,0,0,0,0,0,17.2469029128551,0,0.260895043611526,0,0,0,2.86745494604111,0,2.40468096733093,0,0,0,350.326373904943,0,0,0,0,428.138017222285,0,0,0,0,0,0,0,5.66365958750248,0,13.5665292739868,0,0,0,0,0,4.35906377434731,0,91.7520211338997,0,132.00157943368,0,0,0,0
0,0,0,0,0,0,0,0,0,0,6,0,0,0,3,0,0,0,0,0,0,0,0,0,0,0,0,0,0,0,0,0,0,0,0,0,0,0,0,0,0,0,0,0,0,0,0,0,0,0,0,0,0,0,0,0,0,0,296.187537789345,0,0,0,0,0,0,0,0,0,0,0,0,81.9601388573647,0,0,0,0,0,0,0,0,0,0,13.0932573080063,0,0,0,0
0,0,0,0,0,3,0,232.753499865532,0,0,0,0,0,0,0,337.430508494377,0,0,0,0,0,0,0,0,0,0,0,90.3686351776123,0,0,0,0,0,0,0,0,0,0,0,0,0,0,0,0,0,0,0,0,0,0,0,0,0,54.1757216453552,0,0,0,0.639522984623909,0,1869.07335306704,0,122.420679330826,0,0,0,0,0,0,0,0,10.7569762468338,0,0,0,0,0,0,0,0,0,0,0,267.299676895142,0,0,0,0
0,0,0,0,0,0,0,0,28.9911337196827,0,0,0,3,0,0,0,269.575355440378,22.3005778938532,1.66263508796692,0,0,0,0,0,0,0,72.9987231194973,0,0,0,0,0,0,0,0,0,0,0,0,0,0,0,0,0,0,0,0,0,0,0,4.36557579040527,0,0,0,0.576324582099915,0,0.211114540696144,0,14.1594886034727,0,51.5841684043407,0,0,0,0,0,0,0,0,39.56151881814,0,0,0,0,0,0,0,0,0,0,0,0,134.628493964672,10.0305250734091,0,0,0
0,0,0,19.7461084127426,0,1,0,0,0,80.5833995342255,0,0,0,337.430508494377,0,0,4.93260762095451,112.973937526345,0,0,0,2.06411980092525,0,0,0,10.3173733204603,0,0,0,0,0,0,0,0,0,0,0,0,0,0,0,0,0,0,0,0,0,0,0,1.05993294715881,0,2.20811414718628,0,0,0,9.5187075138092,0,0,0,62.8312079906464,0,817.400788545609,0,0,0,0,0,0,0,0,0,0,0,0,0,0,0,0,0,0,0,0,34.6855556517839,0,0,0,0
0,0,0,0,0.127259492874146,0,0,0,269.629424363375,8.70975279808044,0,0,0,0,269.575355440378,4.93260762095451,0,14172.59797135,6942.8515149802,0,0,0,0,61.0233971476555,167.37014824152,8.3625305891037,437.822538867593,0,27.7155502140522,0,0,0,0,0,0,5.70686945319176,8.00633555650711,0,1.16378358006477,20.2557523548603,11.6010385155678,24.4606158807874,68.0176514089108,2.83063012361526,3.46869356930256,3.40896095335484,22.9606604501605,0,3.33007888495922,0.380101233720779,0,0,0,0,4.79188275337219,0,0.382045924663544,0,0,0,1.41655147075653,16.9622157812119,2.49719515442848,19.5354084521532,0,0,0,96.3078393340111,9.41047859191895,2.10388797521591,0,0,2.16783940792084,0.929877653717995,0,0,0,0,111.169895291328,201.871412806213,21.3200441747904,22.7617081552744,13342.7115060017,775.249542847276,52.6590711027384,3.13980519771576,6.17915171384811
0,0,0,0,0,0.123056441545486,0,0,37.2982999384403,181.410238772631,0,0,0,0,22.3005778938532,112.973937526345,14172.59797135,0,8049.97388265282,0,0,97.5460071265697,0,462.013429760933,14.8003962337971,151.801748916507,11.4465470612049,0,0.97127640247345,0,0,0,0,0,0,5.62618212401867,1.90381608903408,2.07764321565628,0,45.4978115260601,8.64633765816689,98.1527555286884,28.1919978260994,3.05739805102348,4.03508259356022,7.88299991190434,14.1287462860346,0,1.15656220912933,1.43234550952911,0,0,0,0,0,2.75330638885498,0,0,0,0,0,63.9735661447048,4.14886762946844,18.0657764226198,0.540506839752197,0,0,2.98173677921295,31.6853015124798,0,0,0,8.99071824550629,3.97108997404575,0,0,0,0,231.2057268098,131.416378095746,50.2084523141384,11.9060667306185,15867.7383652553,195.594988524914,82.0912740305066,37.2673291862011,3.65922451019287
0,0,2.60276582837105,4.92694658041,0.84906667470932,0.285228833556175,0,0,12.3396054208279,5.5599616765976,0,0,0,0,1.66263508796692,0,6942.8515149802,8049.97388265282,0,0,0,0,0,16.1857683062553,3.39236184954643,0,0.571575701236725,0,0,0,0,0,0,0,0,94.0937525779009,73.3994093611836,17.3649751543999,10.4214407205582,602.140243917704,266.065365768969,936.974337935448,1164.48441201448,261.320763096213,164.384565353394,122.984895527363,388.594057835639,1.25740925967693,22.3771548867226,20.7436548173428,0,0,0,0,0,0,2.79976545274258,1.18758860230446,0,0,0,0,82.2208879813552,275.853347115219,0,0,0,0,0,0,0.698451802134514,0.180578306317329,61.4710338562727,26.9654879122972,0,0,0.49105167388916,0,3079.6448385343,2960.20771528035,555.231104820967,355.232196114957,5398.06155177951,11.7815089225769,1317.47196144611,252.510694667697,114.645506531
0,0,0,0,0,52.421688079834,0,31.6785086393356,0,0,0,833.827502608299,0,0,0,0,0,0,0,0,0,0,0,0,0,0,0,0,0,0,0,0,0,0,0,160.61861820519,0,76.6152910590172,0,0,0,0,0,0,0,0.310205191373825,0,0,0,0,0,0,0,0,0,0,0,251.022549450397,0,0,0,0,376.720356091857,0,0,0,0,0,0,0,0.287765204906464,0,3.9749401062727,0,0,0,0,0,825.711591407657,0,314.393254369497,0,16.7614596188068,0,1.58224767446518,0,0
0,0,0.530152916908264,0,101.814773470163,0,0,0,0,0,22.4014566540718,0,0,0,0,0,0,0,0,0,0,0,0,0,0,0,0,0,0,0,0,0,0,0,0,0,67.3261904120445,0,0,0,2.37014335393906,0,5.94280207157135,0,0,0,48.4687655121088,5.38921338319778,8.70998746156693,0,0,0,0,0,0,0,65.5947969853878,0,0,0,0,0,0,1424.4030597657,0,0,0,0,0,0,0,0,0,59.4714272022247,0,0,0,0,0,675.71640598774,0,106.78284868598,172.078968733549,0,90.5932590737939,0,0
0,0,0,0,0,0,0,0,0,0,0,0,0,0,0,2.06411980092525,0,97.5460071265697,0,0,0,0,247.165850788355,15.7338818907738,0,124.187412172556,0,1.13144016265869,0,0,0,0,0,0,0,0,0,489.644422516227,0,0,0,0,0,0,0,0,0,0,0,270.256794437766,0,0,0,0,0,0,0,0,0,0,0,0,0,0,2002.34416113794,0,5.44330617785454,0,26.8454847335815,0,34.6002187728882,0,1.99878764152527,0,0,0,0,0,0,0,399.168051853776,0,509.671000868082,0,12.1891540288925,0,0
0,0,0,0,0,0,0,0,0,0,0,0,0,0,0,0,0,0,0,0,0,247.165850788355,0,0,60.757314324379,0,0,0,11.1616132855415,0,0,0,0,0,0,0,0,0,572.143106013536,0,0,0,0,0,0,0,0,0.370686590671539,79.5620135962963,0,0,0,0,0,0,0,0,0,0,0,0,0,0,0,4.73217964172363,1968.53714755177,0,0.545309007167816,0,10.7842375338078,0,5.45478498935699,0,0,0,0,0,0,0,0,0,201.814643546939,321.920075505972,0,0,0,0
0,5.25391420722008,0,0,0,0,0,0,4.60168695449829,28.0860454440117,0,0,0,0,0,0,61.0233971476555,462.013429760933,16.1857683062553,0,0,15.7338818907738,0,0,0,110.895640730858,0,0,0,0,0,0,0,0,0,0,0,133.55351370573,0,0,0,0,0,0,0,0,0,0,0,71.137723967433,0,0,0,0,0,104.74577781558,0,0,0,0,0,0,0,0,80.4060294032097,0,512.597782313824,0,21.772828489542,0,0,0,0,0,0,0,0,0,1.00433576107025,0,153.946391433477,0,225.123663201928,0,65.638156041503,0,0
0,0,0,0,0,0,0,0,204.400436878204,0,0,0,0,0,0,0,167.37014824152,14.8003962337971,3.39236184954643,0,0,0,60.757314324379,0,0,0,320.476856470108,0,0,0,0,0,0,0,0,0,0,0,63.2597620487213,0,0,0,0,0,0,0,0,0,32.1528499722481,0,0,0,0,0,190.870966345072,0,0,0,0,0,0,0,0,0,0,0,0,531.458387166262,0,3.39357882738113,0,0,0,0,0,0,0,0,0,0,0,43.1999560892582,362.955093801022,1.50694763660431,140.301963508129,0,1.21692430973053
0,0,0,0,0,0,0,0,0,0.310645759105682,0,0,0,0,0,10.3173733204603,8.3625305891037,151.801748916507,0,0,0,124.187412172556,0,110.895640730858,0,0,0,0,0,0,0,0,0,0,0,0,0,0,0,0,0,0,0,0,0,0,0,0,0,0,0,0,0,0,0,0,0,0,0,0,0,66.2558588981628,0,0,10.500364780426,0,35.2877550125122,0,482.119607925415,0,0,0,0,0,0,0,0,0,0,0,0,0,102.18013843894,0.612031325697899,0,0,0
0,0,0,0,0,0,0,0,19.823070526123,0,0,0,0,0,72.9987231194973,0,437.822538867593,11.4465470612049,0.571575701236725,0,0,0,0,0,320.476856470108,0,0,0,71.5716529786587,0,0,0,0,0,0,0,0,0,0,0,0,0,0,0,0,0,0,0,0,0,0,0,0,0,0,0,0,0,0,0,18.4668436646461,0,0,0,0,7.94756323099136,0,34.9093188047409,0,111.967160493135,0,0,0,0,0,0,0,0,0,0,0,0,286.502401217818,2.43108612298965,0,0,0
0,0,0,0,0,0,0,0,0,0,0,0,0,90.3686351776123,0,0,0,0,0,0,0,1.13144016265869,0,0,0,0,0,0,0,58.6588406562805,0,0,0,0,0,0,0,43.1042689085007,0,0,0,0,0,0,0,0,0,0,0,0,0,0,0,0,0,0,0,0,0,38.7516674995422,0,0,0,0,0,0,0,0,0,0,45.3806057572365,0,0,0,0,0,0,0,0,0,8.24917197227478,0,3.49444365501404,18.8397445678711,0,0,0
0,0,0,0,0,0,0,0,0,0,0,0,0,0,0,0,27.7155502140522,0.97127640247345,0,0,0,0,11.1616132855415,0,0,0,71.5716529786587,0,0,0,394.210566669703,0,0,0,0,0,0,0,31.924339056015,0,0,0,0,0,0,0,0,0,0,0,0,0,0,0,0,0,0,0,0,0,0,0,0,0,0,6.42041474580765,0,0,0,18.939656317234,0,316.631803721189,0,68.0473813414574,0,0,0,0,0,0,0,63.5411170125008,46.3804240822792,0,0,0,0
0,0,0,0,0,0,0,0,0,0,0,45.6257536113262,0,0,0,0,0,0,0,0,0,0,0,0,0,0,0,58.6588406562805,0,0,0,0,0,0,0,0,0,26.1674979329109,0,0,0,0,0,0,0,0,0,0,0,0,0,0,0,0,0,0,0,6.71086478233337,0,0,0,0,0.330402880907059,0,0,0,0,0,0,0,0,0,102.580432802439,0,0,0,0,0,0,0,246.821152105927,0,0.545183718204498,0,0,0,0
0,0,0,0,0,0,0,0,0,0,86.4265359938145,0,0,0,0,0,0,0,0,0,0,0,0,0,0,0,0,0,394.210566669703,0,0,0,0,0,0,0,0,0,69.730815410614,0,0,0,0,0,0,0,0,0,0,0,0,0,0,0,0,0,11.3250150680542,0,0,0,0,0,0,0.377930849790573,0,0,0,0,0,0,0,0,0,130.276821762323,0,0,0,0,0,0,0,20.381014585495,16.9638500213623,0,0,0,0
0,0,0.444169029593468,1.17574444413185,0,1.08934310078621,0,0,0,0,0,0,0,0,0,0,0,0,0,0,0,0,0,0,0,0,0,0,0,0,0,0,1779.19611909986,0,7.59930312633514,357.176440477371,0,0.158056005835533,0,2.1809518635273,0,0,0,0,0,1.95686993002892,0,746.212109819055,0,2.29735481739044,0,0,0,0,0,0,0,0.294831156730652,0,0,0,0,1.04213899374008,0,0,0,0,0,0,0,0,0,0,0,3765.05981838703,593.247532784939,44.7445604205132,6.7931866645813,854.366024397314,1.34902667999268,0.684110015630722,0,528.613324701786,0,2.2212840616703,0,0
0,0,0,0,0,0,0,0,0,0,0,0,0,0,0,0,0,0,0,0,0,0,0,0,0,0,0,0,0,0,0,1779.19611909986,0,4.54376709461212,11.533463716507,0,81.9147743582726,0,0,0,0,0,0,0,0,0,0,778.0870051682,2.43895292282104,0,0,0,0,0,0,0,0,0,0,0,0,0,0,0,0,0,0,0,0,0,0,0,0,0,531.684421777725,2042.89886009693,0,26.2271890640259,10.9672480821609,1536.66565853357,0,0,944.933680951595,0,0,0,0
0,0,0,0,0,0.256511449813843,0,0,0,0,0,0,0,0,0,0,0,0,0,0,0,0,0,0,0,0,0,0,0,0,0,0,4.54376709461212,0,856.435227513313,178.055466651917,0.975078046321869,280.257328748703,0,0.310637444257736,0,0,0,0,0,0.71620012819767,0,2630.38874287903,0,143.998824894428,0,0,0,0,0,0,0,0.326419979333878,0,0,0,0,0,0,0,0,0,0,0,0,0,0,0,0,22.3700058460236,0,6767.35929942131,1286.39140442014,486.574794232845,13.1890311837196,164.626194685698,0.680257081985474,147.907267957926,0,4.34886389970779,0,0
0,0,0,0.170136377215385,0,0,0,0,0,0,0,0,0,0,0,0,0,0,0,0,0,0,0,0,0,0,0,0,0,0,0,7.59930312633514,11.533463716507,856.435227513313,0,0,896.65016938746,0,23.3275223821402,0.85426938533783,1.01413270831108,0.284169644117355,0,0,0,0.273110181093216,0.319314897060394,2701.01520466805,13.2146057188511,1.28589916229248,0,0,0,0,0,0,0,0,0,0,0,0,0.876593768596649,0,0,0,0,0,0,0,0,0,0,0,1.47719371318817,0,306.725295901299,1684.95898059011,6.24346309900284,741.512038990855,2.68074488639832,84.0421026647091,285.137521207333,0.186232924461365,17.7182390093803,0,0
0,0,0,0,0,0,0,0,0,0,0,1,0,0,0,0,5.70686945319176,5.62618212401867,94.0937525779009,160.61861820519,0,0,0,0,0,0,0,0,0,0,0,357.176440477371,0,178.055466651917,0,0,92.8876495361328,1194.93541249633,0,5.17753358185291,0,39.733705483377,1.24045157432556,43.2666706591845,0,105.136093333364,0,82.8350709453225,0,2.25068928301334,0,0,0,0,0,0,0,0,0,0,0,0,141.926075868309,0,0,0,0,0,0,0,0,0,2.53629316389561,0,97.9358312934637,0,124.430760934949,0.119199924170971,10638.4742736593,20.1671261638403,803.785250172019,0,617.456364504993,0,45.2863016650081,30.8480289578438,0
0,0,0.896689891815186,0,4.22603732347488,0,0,0,0.14644356071949,0,0,0,0,0,0,0,8.00633555650711,1.90381608903408,73.3994093611836,0,67.3261904120445,0,0,0,0,0,0,0,0,0,0,0,81.9147743582726,0.975078046321869,896.65016938746,92.8876495361328,0,125.82099378109,1570.06319801509,0,5.39345134794712,0,61.0993069335818,0,83.9198069572449,0,64.3465015739202,113.210378795862,9.01986068487167,18.2886531352997,0,0,0,0,0,0,0,0,0,0,0,0,0,88.828061491251,0,0,0,0,0,0,0,0,0,0.72494687885046,2.25156211853027,39.4213629961014,0,278.980225712061,1.17903769016266,11427.0930857509,0,269.690875515342,1389.19354344904,193.465654715896,97.9452542737126,1.25597655773163,13.6395258009434
0,0,0,0,0,0,0,0,0,187.09623375535,0,222.38355794549,0,0,0,0,0,2.07764321565628,17.3649751543999,76.6152910590172,0,489.644422516227,0,133.55351370573,0,0,0,43.1042689085007,0,26.1674979329109,0,0.158056005835533,0,280.257328748703,0,1194.93541249633,125.82099378109,0,33.332347869873,0.848894849419594,0,44.3228740990162,0.520860016345978,8.9953840970993,0,10.2679522633553,0,1033.69523540139,0,263.296738430858,0,0,0,0,0,1.14397323131561,0,29.4737309217453,0,0,0,0,3.10022222995758,0,156.934676855803,0,73.7644391208887,0,0,0,17.0989652872086,0,2.14883008599281,0,0,0,16.7042188644409,0,251.773878984153,0,6504.27912394702,0,479.001848101616,215.75898078084,153.868571385741,8.55264608561993,0
0,0,0.478205859661102,0,0,0,0,0,5.14743489027023,0,464.731281340122,0,0,0,0,0,1.16378358006477,0,10.4214407205582,0,0,0,572.143106013536,0,63.2597620487213,0,0,0,31.924339056015,0,69.730815410614,0,0,0,23.3275223821402,0,1570.06319801509,33.332347869873,0,0,1.81401008367538,0,16.154552154243,0.146569237112999,11.4586992561817,0,2.5417987704277,190.989811345935,426.089303612709,0,0,0,0,0,22.7380415201187,0,80.0935170650482,0,0,0,0,0,0,1.15210914611816,0,58.8495081663132,0,18.4137487411499,0,0,0,0,0,18.8421501368284,0,0,0,5.63412368297577,0,775.360455289483,0,7006.87170597911,647.882409483194,89.1094247102737,96.5806055739522,0,4.96965835988522
0,0,0,12.7066496759653,0,77.2859140709043,0,0,0,1.78396084904671,0,4.74533608555794,0,0,0,0,20.2557523548603,45.4978115260601,602.140243917704,0,0,0,0,0,0,0,0,0,0,0,0,2.1809518635273,0,0.310637444257736,0.85426938533783,5.17753358185291,0,0.848894849419594,0,0,5.50143001228571,1304.14264948666,16.0112433582544,69.2986934930086,2.33170312643051,441.372691452503,6.27679386734962,83.090486869216,8.39763212203979,521.985917553306,0,3.62477853894234,0,0,0,0,0,29.1151828616858,0,0,0,0,234.810419619083,6.43600752949715,0,0,0,0,0,0,0,0,16.2335223555565,0.341305211186409,1.68139550089836,0,0.572773993015289,0,778.714423857629,28.9131239056587,73.0020897462964,0.366319060325623,289.825971588492,0,839.360656060278,41.7520486712456,0
0.189671725034714,0,3.90503557026386,0,4.97175885736942,0,0,0,0.989399716258049,0,0,0,0,0,0,0,11.6010385155678,8.64633765816689,266.065365768969,0,2.37014335393906,0,0,0,0,0,0,0,0,0,0,0,0,0,1.01413270831108,0,5.39345134794712,0,1.81401008367538,5.50143001228571,0,18.418351188302,1202.75134539604,4.51913131773472,53.1896423101425,3.67014527320862,91.7221935465932,335.144305318594,867.329275146127,17.5669268965721,0,0,0,0,1.61567187309265,0,5.47764906287193,0,0,0,0,0,0.116380475461483,16.7819439321756,0,0,0,0,0,0,0,0,1.32028894126415,22.7775764241815,0,0,0,0.304401308298111,2.90541700273752,721.200929217041,5.45557733625174,96.2699375003576,120.813311040401,0,655.827454768121,0.876640364527702,35.0413132756948
0,6.9132025539875,0.241994552314281,54.9750055372715,2.13054504990578,26.532300978899,0,0,0.292571514844894,1.19317828118801,0,0,0,0,0,0,24.4606158807874,98.1527555286884,936.974337935448,0,0,0,0,0,0,0,0,0,0,0,0,0,0,0,0.284169644117355,39.733705483377,0,44.3228740990162,0,1304.14264948666,18.418351188302,0,349.176221892238,84.8397836685181,0,275.72114533931,2.92118345946074,162.953346148133,21.6278419196606,644.175326518714,0,0.292361289262772,0,0,0,0.384917587041855,0,581.314274936914,0,0,0,0.205979943275452,405.876658417284,2.39007383584976,0.499624073505402,0,0,0,0,0,21.359092861414,0,963.613066703081,0.965189218521118,0,0,0,0,3435.16221333295,45.9380106851459,1310.27907459438,4.20280680060387,1835.03218730539,0,4680.07578569651,1353.25425617397,1.78453701734543
15.6962493658066,0,15.6479210481048,0.644428104162216,6.39711898565292,1.1476242095232,0,0,21.5528945997357,0.194446533918381,0,0,0,0,0,0,68.0176514089108,28.1919978260994,1164.48441201448,0,5.94280207157135,0,0,0,0,0,0,0,0,0,0,0,0,0,0,1.24045157432556,61.0993069335818,0.520860016345978,16.154552154243,16.0112433582544,1202.75134539604,349.176221892238,0,11.9861472025514,92.2165565490723,7.06927875429392,265.431590221822,105.149406805634,865.881144501269,0.826131194829941,0,0,0,0,9.8126448392868,0,82.0680760517716,0.149846434593201,0,0,0,0,0.784342370927334,491.766181156039,0,0,0,0,0,0,0,5.57460144162178,2.34680077433586,1087.8761549592,0,0,0,0,45.409581489861,2739.64192799479,13.25700237602,1170.15690969676,1573.77037920803,4.89446721225977,4353.26770823449,2.99845392256975,642.114986211061
0,0,0,0,0,0,0,0,0,0,0,0,0,0,0,0,2.83063012361526,3.05739805102348,261.320763096213,0,0,0,0,0,0,0,0,0,0,0,0,0,0,0,0,43.2666706591845,0,8.9953840970993,0.146569237112999,69.2986934930086,4.51913131773472,84.8397836685181,11.9861472025514,0,6.61142235994339,42.8299303352833,0.402345009148121,0,0,4.69204966723919,0,0,0,0,0,0,0,0.455886334180832,0,0,0,0,7.95433777570724,5.47542610764503,0,0,0,0,0,0,0.819971859455109,0,34.449146270752,0,0,0,0,0,398.911080956459,21.5431648716331,426.342174842954,0,47.1360950022936,0.65863698720932,153.957990050316,5.76590332388878,0
0,0,0,0,0,0,0,0,0.948857545852661,0,0,0,0,0,0,0,3.46869356930256,4.03508259356022,164.384565353394,0,0,0,0,0,0,0,0,0,0,0,0,0,0,0,0,0,83.9198069572449,0,11.4586992561817,2.33170312643051,53.1896423101425,0,92.2165565490723,6.61142235994339,0,0,27.7086823582649,0,3.26539576053619,0,0,0,0,0,0,0,1.66447368264198,0,0,0,0,0,0,23.1184784024954,0,0,0,0,0,0,0,0,0.628795862197876,26.1989057958126,0,0,0,0,1.00234246253967,1040.5341264829,1.54826784133911,262.661659792066,80.09886687994,5.93836173415184,224.215131089091,0,0.347231686115265
0,1.56902933120728,0,128.865453824401,0.106596946716309,333.945155397058,0,0.57413786649704,0,2.12715771794319,0,17.2469029128551,0,0,0,0,3.40896095335484,7.88299991190434,122.984895527363,0.310205191373825,0,0,0,0,0,0,0,0,0,0,0,1.95686993002892,0,0.71620012819767,0.273110181093216,105.136093333364,0,10.2679522633553,0,441.372691452503,3.67014527320862,275.72114533931,7.06927875429392,42.8299303352833,0,0,1.95081782341003,87.1356578618288,1.84410883486271,131.948499694467,0,9.17369371652603,0,0,0,0.528327405452728,0.145329222083092,190.909705027938,0,0.511617869138718,0,0,297.891101777554,1.87207908928394,0,0,0,0,0,0,32.523289129138,0,217.766781806946,0.303579956293106,1.77689850330353,0,0.184427320957184,2.85053408145905,1850.38149457425,23.46047680825,711.118946671486,1.51947713643312,249.034928277135,0.128958910703659,746.200881257653,77.4818718284369,0.152847737073898
0.580864951014519,0,39.844394415617,0.199344515800476,22.6542236804962,0.319259643554688,0,0,16.1451151743531,0,0.98017019033432,0,0,0,0,0,22.9606604501605,14.1287462860346,388.594057835639,0,48.4687655121088,0,0,0,0,0,0,0,0,0,0,0,0,0,0.319314897060394,0,64.3465015739202,0,2.5417987704277,6.27679386734962,91.7221935465932,2.92118345946074,265.431590221822,0.402345009148121,27.7086823582649,1.95081782341003,0,34.066187620163,234.693586997688,0.49666753411293,0,0,0,0,3.25993999838829,0,85.3599317893386,0,0,0,0,0,2.22083862125874,2621.5428192839,0,0,0,0,0,0,0,0.83421166241169,0.269223906099796,265.360217452049,0,0,0,0,12.4454940482974,2582.03223561496,0.909696936607361,561.23859013617,100.801697857678,1.04657845199108,1043.86760301888,0.394933268427849,10.3042635470629
3.06864815950394,0,11.9768175631762,11.0609212070704,19.6076032966375,33.1345129013062,0,0,10.053986042738,0,0,0.260895043611526,0,0,0,0,0,0,1.25740925967693,0,5.38921338319778,0,0.370686590671539,0,0,0,0,0,0,0,0,746.212109819055,778.0870051682,2630.38874287903,2701.01520466805,82.8350709453225,113.210378795862,1033.69523540139,190.989811345935,83.090486869216,335.144305318594,162.953346148133,105.149406805634,0,0,87.1356578618288,34.066187620163,0,1211.58925582469,1229.07093419135,0,0.207816794514656,0,0,2.31956931948662,0,2.97583477199078,26.8237861245871,0,0.393133521080017,0,0,14.0365837812424,7.6523339599371,0,0,0,0,0,0,0.181351542472839,0,1.1859363168478,2.55784693360329,1835.8977291882,1081.30707231164,1373.94875735044,2866.66448372602,1791.98161215335,3030.42680143565,104.924520656466,301.957859754562,1292.11591920257,0,1691.2028902173,7.30601298809052,3.98378130793571
307.076617643237,0,87.796590231359,0,49.0541601330042,0.353336364030838,0,0,30.6722433194518,0,0.156433582305908,0,0,0,0,0,3.33007888495922,1.15656220912933,22.3771548867226,0,8.70998746156693,0,79.5620135962963,0,32.1528499722481,0,0,0,0,0,0,0,2.43895292282104,0,13.2146057188511,0,9.01986068487167,0,426.089303612709,8.39763212203979,867.329275146127,21.6278419196606,865.881144501269,0,3.26539576053619,1.84410883486271,234.693586997688,1211.58925582469,0,32.6103162765503,0,0,0,0,23.318394690752,0,119.579006351531,0,14.9244087338448,0,45.0014606714249,0,0,69.3010517433286,0.827815234661102,271.217148512602,0,69.2442867457867,0,63.0433610975742,0,264.19192481041,0,199.91582852602,1.19904398918152,0,0,0,0,611.19249612838,0.938226372003555,740.023602731526,353.954542860389,0.254814974963665,1136.5803970173,0,4.54919089376926
0.7950758934021,337.657856345177,0,130.395471379161,0.435762405395508,95.3806334584951,0,0,1.01767158508301,7.61387851834297,0,0,0,0,0,1.05993294715881,0.380101233720779,1.43234550952911,20.7436548173428,0,0,270.256794437766,0,71.137723967433,0,0,0,0,0,0,0,2.29735481739044,0,143.998824894428,1.28589916229248,2.25068928301334,18.2886531352997,263.296738430858,0,521.985917553306,17.5669268965721,644.175326518714,0.826131194829941,4.69204966723919,0,131.948499694467,0.49666753411293,1229.07093419135,32.6103162765503,0,0,6.54106616973877,0,0,0,2.21174035966396,0,209.549444854259,0,1.13267244398594,0,97.421735137701,99.7938840612769,0,294.726027116179,0,36.2161241024733,0,47.7237710058689,0,159.637041985989,0,277.576944753528,0,0.618557035923004,0,14.3204896450043,1.483094394207,791.883496418595,2.58255211263895,595.157652564347,0,291.725910171866,0,1599.82768837363,8.99978223443031,0
9.08104315400124,0,148.743103921413,0,1766.56018090248,0,56.5641317367554,0,98.876905977726,0,0,0,0,0,4.36557579040527,0,0,0,0,0,0,0,0,0,0,0,0,0,0,0,0,0,0,0,0,0,0,0,0,0,0,0,0,0,0,0,0,0,0,0,0,0,17.2448244094849,0,114.889982998371,0,0,0,21.9021175503731,0,7.31716620922089,0,0,0,0,0,0,0,0,0,0,0,0,0,0,0,0,0,0,0,0,0,253.517683207989,0,0.587374746799469,0,0
0,1.44900518655777,0,178.504180669785,0,656.145426183939,0,140.553677678108,0,10.2970276474953,0,2.86745494604111,0,0,0,2.20811414718628,0,0,0,0,0,0,0,0,0,0,0,0,0,0,0,0,0,0,0,0,0,0,0,3.62477853894234,0,0.292361289262772,0,0,0,9.17369371652603,0,0.207816794514656,0,6.54106616973877,0,0,0,201.910716533661,0,252.440369725227,0,15.5464332699776,0,7.20272865891457,0,207.571460127831,0.471557885408401,0,0,0,0,0,0,0,0,0,0,0,0,0,0,0,0.856582641601562,0,0,0,159.639877706766,0,3.05203142762184,0,0
0,0,0,0,111.70459318161,0,386.907709479332,0,0,0,33.1191487312317,0,0,0,0,0,0,0,0,0,0,0,0,0,0,0,0,0,0,0,0,0,0,0,0,0,0,0,0,0,0,0,0,0,0,0,0,0,0,0,17.2448244094849,0,0,0,0,0,192.216241210699,0,106.147666454315,0,0,0,0,0,0,0,0,0,0,0,0,0,0,0,0,0,0,0,0,0,0,0,26.3241741657257,0,0,0,0
0,0,0,0,0,95.1188398599625,0,737.47581961751,0,0,0,2.40468096733093,0,54.1757216453552,0,0,0,0,0,0,0,0,0,0,0,0,0,0,0,0,0,0,0,0,0,0,0,0,0,0,0,0,0,0,0,0,0,0,0,0,0,201.910716533661,0,0,0,0,0,0,0,111.885374128819,0,0,0.898479223251343,0,0,0,0,0,0,0,0,0,0,0,0,0,0,0,0,0,0,0,227.380505025387,0,0,0,0
141.126083359122,0,66.0133304595947,0,208.2822740376,0,0,0,2032.23696245253,0,0,0,0,0,0.576324582099915,0,4.79188275337219,0,0,0,0,0,0,0,190.870966345072,0,0,0,0,0,0,0,0,0,0,0,0,0,22.7380415201187,0,1.61567187309265,0,9.8126448392868,0,0,0,3.25993999838829,2.31956931948662,23.318394690752,0,114.889982998371,0,0,0,0,0,0.159064427018166,0,0,0,0,0,0,0.972996756434441,0,0,0,77.4319916367531,0,0,0,0,0,3.95339079201221,0,0,0,0,0.132941380143166,0.369146183133125,0,60.2520337253809,121.193133302033,0,50.1325497925282,0,0
0,269.727276414633,0,99.890802025795,0,74.7727315425873,0,0,0,1020.93090856075,0,0,0,0,0,9.5187075138092,0,2.75330638885498,0,0,0,0,0,104.74577781558,0,0,0,0,0,0,0,0,0,0,0,0,0,1.14397323131561,0,0,0,0.384917587041855,0,0,0,0.528327405452728,0,0,0,2.21174035966396,0,252.440369725227,0,0,0,0,0,0,0,0,0,26.8978355824947,0,0,0,0,56.9043529927731,0,0,0,0,0,0,0,0,0,0,0,0,0,1.74375408887863,0,42.1564219295979,0,18.8170388638973,0,0
3.380479991436,0,3.74996533989906,0,0.229415327310562,0,174.111567765474,0,0.237714752554893,0,1020.81113609672,0,0,0,0.211114540696144,0,0.382045924663544,0,2.79976545274258,0,65.5947969853878,0,0,0,0,0,0,0,0,0,11.3250150680542,0,0,0,0,0,0,0,80.0935170650482,0,5.47764906287193,0,82.0680760517716,0,1.66447368264198,0.145329222083092,85.3599317893386,2.97583477199078,119.579006351531,0,0,0,192.216241210699,0,0.159064427018166,0,0,0,193.205599337816,0,88.4850023537874,0,0,411.49059394747,0,0,0,0.595499157905579,0,1.09376752376556,0,393.747644364834,0,760.259169206023,0,0,0,0.204093798995018,0.421667098999023,10.9581467062235,0.138964533805847,87.8236449435353,4.38912557065487,0,525.045999146998,0,3.74666115641594
0,19.5924535095692,0,3.66183568537235,0,5.10988384485245,0,44.7432248592377,0,0,0,350.326373904943,0,0.639522984623909,0,0,0,0,1.18758860230446,251.022549450397,0,0,0,0,0,0,0,0,0,6.71086478233337,0,0.294831156730652,0,0.326419979333878,0,0,0,29.4737309217453,0,29.1151828616858,0,581.314274936914,0.149846434593201,0.455886334180832,0,190.909705027938,0,26.8237861245871,0,209.549444854259,0,15.5464332699776,0,0,0,0,0,0,0,284.342704966664,0,9.60226795077324,1401.84465066344,0,5.43025895953178,0,0,0,8.39907245337963,0,983.424151837826,0,349.707406237721,0,0.180107489228249,0,0.364029139280319,0,37.4063045829535,0.272487439215183,298.925055980682,0,13.2850311696529,0,1123.10258099437,22.6471744179726,0
0,0,0,0,20.5034464597702,0,0.630066812038422,0,0,0,0,0,296.187537789345,0,14.1594886034727,0,0,0,0,0,0,0,0,0,0,0,0,0,0,0,0,0,0,0,0,0,0,0,0,0,0,0,0,0,0,0,0,0,14.9244087338448,0,21.9021175503731,0,106.147666454315,0,0,0,193.205599337816,0,0,0,189.764652892947,0,0,0,0,0,0,0,0,0,0,116.956952691078,0,0,0,0,0,0,0,0,0,0,45.09859842062,0,0,0,0
0,0,0,0,0,18.164993584156,0,204.188228040934,0,0,0,0,0,1869.07335306704,0,62.8312079906464,0,0,0,0,0,0,0,0,0,0,0,38.7516674995422,0,0,0,0,0,0,0,0,0,0,0,0,0,0,0,0,0,0.511617869138718,0,0.393133521080017,0,1.13267244398594,0,7.20272865891457,0,111.885374128819,0,0,0,284.342704966664,0,0,0,197.022101178765,29.0587605237961,0,0,0,0,0,1.51023840904236,0,111.428770393133,0,0.797905206680298,0,0,0,0,0,0,0,0,0,65.4144009947777,0,2.60215646028519,0,0
11.5422707498074,0,0.914607107639313,0,0.398765683174133,0,0,0,14.867712199688,0,0,0,0,0,51.5841684043407,0,1.41655147075653,0,0,0,0,0,0,0,0,0,18.4668436646461,0,0,0,0,0,0,0,0,0,0,0,0,0,0,0,0,0,0,0,0,0,45.0014606714249,0,7.31716620922089,0,0,0,0,0,88.4850023537874,0,189.764652892947,0,0,0,0,0,0,0,0,0,0,8.94948577880859,0,0,0,0,0,0,0,0,0,0,0,0,2.52151757478714,0,0,0,0
0,97.5581614673138,0,88.9069897532463,0,12.4298495948315,0,0,0,108.847058475018,0,0,0,122.420679330826,0,817.400788545609,16.9622157812119,63.9735661447048,0,0,0,0,0,0,0,66.2558588981628,0,0,0,0,0,0,0,0,0,0,0,0,0,0,0,0.205979943275452,0,0,0,0,0,0,0,97.421735137701,0,207.571460127831,0,0,0,26.8978355824947,0,9.60226795077324,0,197.022101178765,0,0,0,0,0,0,0,0,0,0,0,0,0,0,0,0,0,0,0,0,0,0,15.8841777145863,0,6.20599390566349,0,0
0,0,0,28.1868888735771,0,172.840207993984,0,109.976056516171,0,1.26295214891434,0,428.138017222285,0,0,0,0,2.49719515442848,4.14886762946844,82.2208879813552,376.720356091857,0,0,0,0,0,0,0,0,0,0.330402880907059,0,1.04213899374008,0,0,0.876593768596649,141.926075868309,0,3.10022222995758,0,234.810419619083,0.116380475461483,405.876658417284,0.784342370927334,7.95433777570724,0,297.891101777554,2.22083862125874,14.0365837812424,0,99.7938840612769,0,0.471557885408401,0,0.898479223251343,0,0,0,1401.84465066344,0,29.0587605237961,0,0,0,0.359426289796829,0.807244032621384,0,0,0,2.54026924073696,0,198.013992682099,0,280.594101004303,0,0,0,0.860526144504547,0.495939463376999,1455.40668360144,4.1339718028903,2005.234971717,0,54.8758786916733,0,513.924937903881,5.95396339893341,0
0,0,7.1518579274416,0,106.203253120184,0,0,0,1.90648743510246,0,16.3382485061884,0,0,0,0,0,19.5354084521532,18.0657764226198,275.853347115219,0,1424.4030597657,0,0,0,0,0,0,0,0,0,0.377930849790573,0,0,0,0,0,88.828061491251,0,1.15210914611816,6.43600752949715,16.7819439321756,2.39007383584976,491.766181156039,5.47542610764503,23.1184784024954,1.87207908928394,2621.5428192839,7.6523339599371,69.3010517433286,0,0,0,0,0,0.972996756434441,0,411.49059394747,0,0,0,0,0,0.359426289796829,0,0,0,0,0,0,0,0,1.4794944524765,0,301.363255642354,0,0,0,0.297323793172836,9.20974281430244,3087.60029904544,1.49960835278034,615.138297699392,312.918467089534,0.178301438689232,969.969546735287,0.393681466579437,4.71728937327862
0,0,0,0,0,0,0,0,0,0,0,0,0,0,0,0,0,0.540506839752197,0,0,0,2002.34416113794,4.73217964172363,80.4060294032097,0,10.500364780426,0,0,0,0,0,0,0,0,0,0,0,156.934676855803,0,0,0,0.499624073505402,0,0,0,0,0,0,0.827815234661102,294.726027116179,0,0,0,0,0,0,0,5.43025895953178,0,0,0,0,0.807244032621384,0,0,0,70.6603838205338,0,31.7889378964901,0,1193.43461358547,0,30.286761790514,0,0,0,0,0,0,0,947.07149143517,0,151.887067973614,0,0.485175356268883,0,0
0,0,0,0,0,0,0,0,0,0,0,0,0,0,0,0,0,0,0,0,0,0,1968.53714755177,0,0,0,7.94756323099136,0,6.42041474580765,0,0,0,0,0,0,0,0,0,58.8495081663132,0,0,0,0,0,0,0,0,0,271.217148512602,0,0,0,0,0,0,0,0,0,0,0,0,0,0,0,0,0,0,1.28645420074463,0,401.421375542879,0,720.980518996716,0,0,0,0,0,0,0,0,0,636.955978691578,47.6366899609566,23.2321074008942,0,0,0
0,8.26214554905891,0,0,0,0,0,0,0,18.6433735191822,0,0,0,0,0,0,0,0,0,0,0,5.44330617785454,0,512.597782313824,0,35.2877550125122,0,0,0,0,0,0,0,0,0,0,0,73.7644391208887,0,0,0,0,0,0,0,0,0,0,0,36.2161241024733,0,0,0,0,0,56.9043529927731,0,0,0,0,0,0,0,0,70.6603838205338,0,0,0,133.047393500805,0,0,0,0,0,0,0,0,0,0,0,384.660356000066,0,12.0907543450594,0,33.3477187752724,0,0
0,0,0,0,0,0,0,0,1.46805694699287,0,0,0,0,0,0,0,96.3078393340111,2.98173677921295,0,0,0,0,0.545309007167816,0,531.458387166262,0,34.9093188047409,0,0,0,0,0,0,0,0,0,0,0,18.4137487411499,0,0,0,0,0,0,0,0,0,69.2442867457867,0,0,0,0,0,77.4319916367531,0,0.595499157905579,0,0,0,0,0,0,0,0,1.28645420074463,0,0,0,43.8784250319004,0,6.53676575422287,0,0,0,0,0,0,0,0,0,10.0530714392662,58.8422862589359,0,27.8415818214417,0,0
0,0,0,0,0,0,0,0,0,0,0,0,0,0,0,0,9.41047859191895,31.6853015124798,0,0,0,26.8454847335815,0,21.772828489542,0,482.119607925415,0,0,0,0,0,0,0,0,0,0,0,0,0,0,0,0,0,0,0,0,0,0,0,47.7237710058689,0,0,0,0,0,0,0,8.39907245337963,0,1.51023840904236,0,0,2.54026924073696,0,31.7889378964901,0,133.047393500805,0,0,0,360.139915719628,0,0,0,0,0,0,0,0,0,0,0,12.5788464397192,0,0.285607546567917,0,0
0,0,0,0,0,0,0,0,3.40361106395721,0,0,0,0,0,39.56151881814,0,2.10388797521591,0,0,0,0,0,10.7842375338078,0,3.39357882738113,0,111.967160493135,0,18.939656317234,0,0,0,0,0,0,0,0,0,0,0,0,0,0,0,0,0,0,0,63.0433610975742,0,0,0,0,0,0,0,1.09376752376556,0,0,0,8.94948577880859,0,0,0,0,401.421375542879,0,43.8784250319004,0,0,0,179.112913757563,0,0,0,0,0,0,0,0,0,0,4.15336433053017,0,0,0,0
0,0,0,2.06539833545685,0,0.539038777351379,0,0,0,0,0,5.66365958750248,0,10.7569762468338,0,0,0,0,0.698451802134514,0.287765204906464,0,34.6002187728882,0,0,0,0,0,45.3806057572365,0,0,0,0,0,0,0,0,0,17.0989652872086,0,0,0,21.359092861414,0,0.819971859455109,0,32.523289129138,0,0.181351542472839,0,159.637041985989,0,0,0,0,0,0,0,983.424151837826,0,111.428770393133,0,0,198.013992682099,0,1193.43461358547,0,0,0,360.139915719628,0,0,0,953.109885200858,0,0,0,0,0,8.96880513429642,0.389847368001938,397.617283001542,0,1.6138037443161,0,72.6596423685551,2.87680530548096,0
0,0,0.446362257003784,0,0,0,0,0,0,0,0,0,81.9601388573647,0,0,0,0,0,0.180578306317329,0,0,0,5.45478498935699,0,0,0,0,0,316.631803721189,0,0,0,0,0,0,0,0,0,0,0,0,0,5.57460144162178,0,0,0,0.83421166241169,0,264.19192481041,0,0,0,0,0,0,0,393.747644364834,0,116.956952691078,0,0,0,0,1.4794944524765,0,720.980518996716,0,6.53676575422287,0,179.112913757563,0,0,0,252.047884166241,0,0,0,0,0,0.240534961223602,0,542.718655347824,0,0,83.2503364682198,0,0
0,0,0,12.7238646149635,0,2.31215125322342,0,0,0,0,0,13.5665292739868,0,0,0,0,2.16783940792084,8.99071824550629,61.4710338562727,3.9749401062727,0,1.99878764152527,0,0,0,0,0,0,0,102.580432802439,0,0,0,0,0,2.53629316389561,0,2.14883008599281,0,16.2335223555565,1.32028894126415,963.613066703081,2.34680077433586,34.449146270752,0.628795862197876,217.766781806946,0.269223906099796,1.1859363168478,0,277.576944753528,0,0,0,0,0,0,0,349.707406237721,0,0.797905206680298,0,0,280.594101004303,0,30.286761790514,0,0,0,0,0,953.109885200858,0,0,0,0,0,0,0,66.8369506523013,6.84688170999289,1860.93853329867,0,24.7590203136206,0,890.768047489226,213.787941724062,0
0.86757530272007,0,33.5864631384611,0,1.64903184771538,0,0,0,7.43684130907059,0,72.788048684597,0,0,0,0,0,0.929877653717995,3.97108997404575,26.9654879122972,0,59.4714272022247,0,0,0,0,0,0,0,68.0473813414574,0,130.276821762323,0,0,0,0,0,0.72494687885046,0,18.8421501368284,0.341305211186409,22.7775764241815,0.965189218521118,1087.8761549592,0,26.1989057958126,0.303579956293106,265.360217452049,2.55784693360329,199.91582852602,0,0,0,0,0,3.95339079201221,0,760.259169206023,0,0,0,0,0,0,301.363255642354,0,0,0,0,0,0,0,252.047884166241,0,0,0,0,0,0,0.874231278896332,48.5790410116315,0.119655787944794,858.740927688777,16.28231087327,0.312906622886658,1183.21980444342,0,227.077845185995
0,0,0,0.233759731054306,0,0,0,0,0,0,0,0,0,0,0,0,0,0,0,0,0,0,0,0,0,0,0,0,0,0,0,3765.05981838703,531.684421777725,22.3700058460236,1.47719371318817,97.9358312934637,2.25156211853027,0,0,1.68139550089836,0,0,0,0,0,1.77689850330353,0,1835.8977291882,1.19904398918152,0.618557035923004,0,0,0,0,0,0,0,0.180107489228249,0,0,0,0,0,0,0,0,0,0,0,0,0,0,0,0,0,482.664748817682,122.801954835653,0,768.695968747139,0.492472410202026,2.51758053898811,0,333.430918365717,0,0.516159668564796,0,0
0,0,0,0,0,0,0,0,0,0,0,0,0,0,0,0,0,0,0,0,0,0,0,0,0,0,0,0,0,0,0,593.247532784939,2042.89886009693,0,0,0,39.4213629961014,0,0,0,0,0,0,0,0,0,0,1081.30707231164,0,0,0,0,0,0,0,0,0,0,0,0,0,0,0,0,0,0,0,0,0,0,0,0,0,0,482.664748817682,0,0,88.763288974762,16.9732656776905,2511.48010462523,0,0,304.733695536852,0,0,0,0
0,0,0,0.372057616710663,0,0.37881925702095,0,0,1.23054993152618,0,0,0,0,0,0,0,0,0,0.49105167388916,0,0,0,0,0,0,0,0,0,0,0,0,44.7445604205132,0,6767.35929942131,306.725295901299,124.430760934949,0,16.7042188644409,0,0.572773993015289,0,0,0,0,0,0.184427320957184,0,1373.94875735044,0,14.3204896450043,0,0,0,0,0,0,0,0.364029139280319,0,0,0,0,0.860526144504547,0,0,0,0,0,0,0,0,0,0,0,122.801954835653,0,0,149.049721240997,150.37521147728,0.577826082706451,554.651467993855,0,164.764033526182,0,11.2861218452454,0,0
