0,0,0.0232432177109132,0,0,0,0,0,0.0154707698232176,0,0,0,0,0,0,0,0.000113790941655546,0,0.000151921610153285,0,0,0,0,0,0,0,0,0,0,0,0,0,0,0,0,0,0,0,0,0,0,0,0.00620569329977307,0,0,0,0,0,0.0130635153668222,0,0,0,0,0,0.063434066719838,0,0.00133956774385782,0,0,0,0.00677151327488053,0,0,0,0,0,0,0,0,0,0,0,0,0,0,0,0,0,0,0,0,0,0.000508963737725307,0,0.0098645892351443,0,0
0,0,0,0.0190500466347045,0,0,0,0,0,0.0160541114916969,0,0,0,0,0,0,0,0,0.000147877700639624,0,0,0,0,0,0,0,0,0,0,0,0,0,0,0,0,0,0,0,0,0,0,0.00482144531920147,0,0,0,0,0,0,0,0.0255844230038945,0,0,0,0,0,0.0761561852402083,0,0.000110558210557159,0,0.000279155207984474,0,0.00512043194010965,0,0,0,0,0,0,0,0,0,0,0,0,0,0,0,0,0,0,0,0,0.000643823721641108,0,0.00413889000728743,0,0
0.0232432177109132,0,0,0,0,0,0,0,0,0,0,0,0,0,0,0,0,0,0,0,0,0,0,0,0,0,0,0,0,0,0,0,0,0,0,0,0,0,0,0,0,0,0,0,0,0,0,0,0.0122551491809067,0,0,0,0,0,0.0231299534726807,0,0.00734408165859522,0,0.0228455837278366,0,0.0074577418927107,0,0,0,0,0,0,0,0,0,0,0,0,0,0,0,0,0,0,0,0,0,0,0,0.00345966790908629,0,0
0,0.0190500466347045,0,0,0,0,0,0,0,0.000328495312737053,0,0,0,0,0,0,0,0,0,0,0,0,0,0,0,0,0,0,0,0,0,0,0,0,0,0,0,0,0,0,0,0,0,0,0,0,0,0,0,0.0208678242311842,0,0,0,0,0,0.000344716415563932,0,0.00198707139113295,0,0.00145532546616048,0,0.00370872522263525,0,0,0,0,0,0,0,0,0,0,0,0,0,0,0,0,0,0,0,0,0,0,0.00221167783504205,0,0
0,0,0,0,0,0,0.0040045767689959,0,0,0,0,0,0,0,0,0,0,0,0,0,0.00783072732230846,0,0,0,0,0,0,0,0,0,0,0,0,0,0,0,0,0,0,0,0,0,0,0,0,0,0,0,0,0,0.162200212923888,0,0,0,0,0,0,0,0.00125428762338892,0,0.000432640939977838,0,0,0,0,0,0,0,0,0,0,0,0,0,0,0,0,0,0,0,0,0,0.000752410560096464,0,0.000213060258406408,0,0
0,0,0,0,0,0,0,0.00575257210898916,0,0,0,0,0,0,0,0.00404126398017146,0,0,0,0.0290722550014041,0,0,0,0,0,0,0,0,0,0,0,0,0,0,0,0,0,0,0,0,0,0,0,0,0,0,0,0,0,0,0,0.0910343212150598,0,0.000731487668343668,0,0,0,0.000664009061070502,0,0.00395138213716167,0,0.0110745665237822,0.00127555510057255,0,0,0,0,0,0,0,0,0,0,0,0,0,0,0,0,0,0,0,0.00071317192425943,2.47949522514095e-05,0.00100561645911688,0,0
0,0,0,0,0.0040045767689959,0,0,0,0,0,0,0,0,0,0,0,0,0,0,0,0,0,0,0,0,0,0,0,0,0,0,0,0,0,0,0,0,0,0,0,0,0,0,0,0,0,0,0,0,0,0.0339155500392906,0,0.0400457342794786,0,0,0,0.000124796684062197,0,0.000971082516407762,0,0,0,0,0,0,0,0,0,0,0,0,0,0,0,0,0,0,0,0,0,0,0,3.62286422321177e-05,0,0,0,0
0,0,0,0,0,0.00575257210898916,0,0,0,0,0,0.00136545624945699,0,0,0,0,0,0,0,0,0,0,0,0,0,0,0,0,0,0,0,0,0,0,0,0,0,0,0,0,0,0,0,0,0,0,0,0,0,0,0,0.00853842880354971,0,0.103099096134373,0,0,0,0.00988868102581087,0,0.00650530799568499,0,0,0,0,0,0,0,0,0,0,0,0,0,0,0,0,0,0,0,0,0,0,0.000797010585627535,0,0,0,0
0.0154707698232176,0,0,0,0,0,0,0,0,0,0,0,0,0,0.0458215136589888,0,0,0,0,0,0,0,0,0,0.0276999047277578,0,0,0,0,0,0,0,0,0,3.19716506515593e-05,0,0,0,0.000440292404879357,0,0,0,0.000367429873696774,0,0,0,0,0,0,0,0,0,0,0,0.127596662034467,0,0,0,0,0,0.0258789495420244,0,0,0,0,0,0,0.0184399403848759,0,0,0,0,0,0,0,0,0,0,0,0,0,9.42145813791821e-05,0.00114937047880118,0.00040503393024233,0.000271371479539646,0,0.000829169817678065
0,0.0160541114916969,0,0.000328495312737053,0,0,0,0,0,0,0,0,0,0,0,0.0227443059913989,0,0,0,0,0,0,0,0,0,0.00219506185358785,0,0,0,0,0,0,0,0,0,0,0,2.21336121582377e-05,0,0,0,8.27551896484281e-05,0,0,0,0,0,0,0,0.000391022156519221,0,0,0,0,0,0.203420852064462,0,0,0,0,0,0.0371171712611026,0,0,0,0,0,0,0,0,0,0,0,0,0,0,0,0,0,0,0,0,0.00313661231841806,0.00126658265215971,0.000167272820638286,0,0
0,0,0,0,0,0,0,0,0,0,0,0,0.00441379587389941,0,0,0,0,0,0,0,0.0510078480097183,0,0,0,0,0,0,0,0,0,0.0064380420981998,0,0,0,0,0,2.67911241542797e-05,0,0.021937505238793,0,0,0,0,0,0,0,0,0,0,0,0,0,0,0,0,0,0.0788459174045641,0,0.00534088052369541,0,0,0,0,0.00443341330438413,0,0,0,0,0,0,0,0,0,0.00694593817388044,0,0,0,0,0,0,0,0.000957732025078437,0.00047693997570104,0,0,0,0
0,0,0,0,0,0,0,0.00136545624945699,0,0,0,0,0,0.0641469465001429,0,0,0,0,0,0.0564062096380363,0,0,0,0,0,0,0,0.0135608158437974,0,0.0145477416045657,0,0,0,0,0,0.00121057805575337,0,0.0202481843909246,0,0,0,0,0,0,0,0,0,0,0,0,0,8.14814394613003e-05,0,0,0,0,0,0.0967723878698022,0,0.0267771048858775,0,0,0.0376834991783563,0,0,0,0,0,0,0,0.00487692516297542,0,0.0116227887231809,0,0,0,0,0,0,0,0.00261233110293519,0,0.000483474309101578,0,0.000758616811673532,0,0
0,0,0,0,0,0,0,0,0,0,0.00441379587389941,0,0,0,0.00989601177957246,0,0,0,0,0,0,0,0,0,0,0,0,0,0.00165811309758772,0,0,0,0,0,0,0,0,0,0,0,0,0,0,0,0,0,0,0,0,0,0,0,0,0,0,0,0.000119459894437259,0,0.0386613891054031,0,0.0155431068849168,0,0,0,0,0,0,0,0,0,0,0.00686111760164088,0,0,0,0,0,0,0,0,0,0,0.000770952691678878,0.00429638595021056,0,0,0
0,0,0,0,0,0,0,0,0,0,0,0.0641469465001429,0,0,0,0.00918994082971863,0,0.0045170092913956,0,0,0,0,0,0,0,0.000284513326263149,0,0,0,0,0,0,0,0,0,0,0,0,0,0,0,0,0,0,0,0,0,0,0,0,0,0.000864421939501156,0,0,0,0,0,0.0435696854703491,0,0.0170919322752646,0,0.0421962038219065,0,0,0,0,0,0,0,0,0,0,0,0,0,0,0,0,0,0,0,0,0.00171169458257262,0.0014130662005097,0,0,0
0,0,0,0,0,0,0,0,0.0458215136589888,0,0,0,0.00989601177957246,0,0,0,0.00199532512789897,0,0,0,0,0,0,0,0.000462530751543382,0,0,0,0.000119220676101302,0,0,0,0,0,0,0,0,0,0,0,0,0,0,0,0,0,0,0,0,0,0,0,0,0,0.000510898321821992,0,0,0,0.00303414982132408,0,0.0536080739315331,0,0,0,0,0,0,0,0,0.000213566196690178,0,0,0,0,0,0,0,0,0,0,0,0,0.000604645524727153,6.96481680623697e-06,0,0,0
0,0,0,0,0,0.00404126398017146,0,0,0,0.0227443059913989,0,0,0,0.00918994082971863,0,0,0,0.00695488940011235,0,0,0,0,0,0.000834865443750998,0,0.0133520411672648,0,0,0,0,0,0,0,0,0,0,0,0,0,0,0,0,0,0,0,0,0,0,0,0,0,0.000228789176451239,0,0,0,0.00276787747536435,0,0,0,0.000204184678592089,0,0.0518367823623346,0,0,0,0,0,0,0,0,0,0,0,0,0,0,0,0,0,0,0,0,0.000992258226464613,5.89140739868299e-05,0,0,0
0.000113790941655546,0,0,0,0,0,0,0,0,0,0,0,0,0,0.00199532512789897,0,0,0.092022585118151,0.0660314598711614,0,0,0,0.00145523334139664,0,8.91216357162021e-05,0,0.00533349632709321,0,0,0,0,0,0,0,0,0,0,0,0,0,0,0,5.54361917583564e-05,0,0,0,0,0,0,0,0,0,0,0,0,0,0,0,0,0,0,0,0,0,0,0,0,0,0,0.000386381213911101,0,0,0,0,0,0,0,0,0,0,0,0,0.0155149468915736,0.00409889152451262,4.41744291877186e-05,0,6.35944713243109e-06
0,0,0,0,0,0,0,0,0,0,0,0,0,0.0045170092913956,0,0.00695488940011235,0.092022585118151,0,0.0616671656418634,0,0,0.00493147789332583,0,0.001065854972249,0,0.0127834494045302,0,0.019184335337781,0,0,0,0,0,0,0,0,0,0,0,0,0,0,0,0,0,0,0,0,0,0,0,0,0,0,0,0,0,0,0,9.52131724143539e-05,0,0.000442326964830234,0,0,0.000111010218073936,0,0,0,0.00106570379027992,0,0.00117188854399135,0,0,0,0,0,0,0,0,0,0,0,0.0162274478675089,0.0111994018441431,0.000142087166623757,0,0
0.000151921610153285,0.000147877700639624,0,0,0,0,0,0,0,0,0,0,0,0,0,0,0.0660314598711614,0.0616671656418634,0,0,0,0,0,0,0,0,0,0,0,0,0,0,0,0,0,0,0,0,0,0,0,0.0313759201727956,0.0263936741543916,0.00956098338534225,0.0405260620759702,0,1.07286855661679e-05,0,0,0,0,0,0,0,0,0,0,0,0,0,0,0,0,0,0,0,6.85880155412155e-05,0,0,0,0,0,0,0,0,0,0,0,2.19830099727665e-05,0,0,0,0.0202612782643305,2.78404569855328e-05,0.0202929522638298,0.0223215266217065,0.00550155640667823
0,0,0,0,0,0.0290722550014041,0,0,0,0,0,0.0564062096380363,0,0,0,0,0,0,0,0,0,0,0,0,0,0,0,0,0,0,0,0,0,0,0,0.0152313045923224,0,0.00787578747538781,0,0,0,0,0,0,0,0,0,0,0,0,0,0.00518729288495735,0,8.82389114934337e-05,0,0,0,0.0197082123349332,0,0,0,0,0.112027526046478,0,0,0,0,0,0,0,0,0,0,0,0,0,0,0,0.00133963410802085,0,0.000674107816468612,0,0.000334508305245085,0,0.00322264184027852,0,0
0,0,0,0,0.00783072732230846,0,0,0,0,0,0.0510078480097183,0,0,0,0,0,0,0,0,0,0,0,0,0,0,0,0,0,0,0,0,0,0,0,0,0,0.019187101491728,0,0.00956897131679374,0,0,0,0,0,0,0,0,0,0,0,0.00407747749685283,0,0,0,0,0,0.0225659465737218,0,0,0,0,0,0,0.0297632843537288,0,0,0,0,0,0,0,0,0,2.49125307393699e-05,0,0,0,0,0,0.000946918298523894,0,0.00357069175792037,0.000586021864459414,0,0.0075131612133097,0,0
0,0,0,0,0,0,0,0,0,0,0,0,0,0,0,0,0,0.00493147789332583,0,0,0,0,0.00387391435356911,0.0085461828976687,0,0.00241482054867893,0,0.00525210340336335,0,0,0,0,0,0,0,0,0,0.0100433106941542,0,0,0,0,0,0,0,0,0,0,0,0.000300146458133683,0,0,0,0,0,0,0,0,0,0,0,0,0,0,0.0962161563299858,2.9160785146894e-05,0.00202717286559293,0,0.000867398404474645,0,0.00334664117695149,0,0,0,0,0,0,0,0,0,0.00139551352827912,0,0.00453610733815955,0.000598926416879091,0,0,0
0,0,0,0,0,0,0,0,0,0,0,0,0,0,0,0,0.00145523334139664,0,0,0,0,0.00387391435356911,0,0,0.00209905826823998,0,0.00117844731272304,0,0,0,0,0,0,0,0,0,0,0,0.0175446625224528,0,0,0,0,0,0,0,0,0,0.000253805990704067,0,0,0,0,0,0,0,0,0,0,0,0,0,0,0,0,0.0623928575391053,0,0.00487198388260326,0,0,0,0,0,0,0,0,0,0,0,0,0,0.00224190563627717,0.00161730137052843,0.000901811347240039,0,0,0
0,0,0,0,0,0,0,0,0,0,0,0,0,0,0,0.000834865443750998,0,0.001065854972249,0,0,0,0.0085461828976687,0,0,0,0.0738575894645124,0,0,0,0,0,0,0,0,0,0,0,0.00720949399653585,0,0,0,0,0,0,0,0,0,0,0,0,0,0,0,0,0,0.00348854819003865,0,0,0,0,0,0,0,0,0.00198723747289413,0,0.0370077118073515,0,0.0425147064625627,0,0,0,0,0,0,0,0,0,0,0,0.00307304303664113,0,0.000693677714315411,0,0,0,0
0,0,0,0,0,0,0,0,0.0276999047277578,0,0,0,0,0,0.000462530751543382,0,8.91216357162021e-05,0,0,0,0,0,0.00209905826823998,0,0,0,0.00773993969123168,0,0,0,0,0,0,0,0,0,0,0,0.0142615932506872,0,0,0,0,0,0,0,0,0,4.58015174739019e-05,0,0,0,0,0,0.024641746440451,0,0,0,0,0,0.00750364707233798,0,0,0,0,0.00478344893585629,0,0.0901340988734155,0,0.0535291848424036,0,0,0,0,0,0,0,0,0,0,0,0.000372042414683838,0.000622646203449658,9.13538932259344e-07,0,0,0
0,0,0,0,0,0,0,0,0,0.00219506185358785,0,0,0,0.000284513326263149,0,0.0133520411672648,0,0.0127834494045302,0,0,0,0.00241482054867893,0,0.0738575894645124,0,0,0,0.0240852803355071,0,0,0,0,0,0,0,0,0,0,0,0,0,0,0,0,0,0,0,0,0,0,0,0,0,0,0,0.000812441324330067,0,0,0,0,0,0,0,0,0.0036484912958813,0,0.0209383915941254,0,0.000637260428467385,0,6.04521428331013e-06,0,0,0,0,0,0,0,0,0,0,0,0.000161191738017254,0,0,0,0
0,0,0,0,0,0,0,0,0,0,0,0,0,0,0,0,0.00533349632709321,0,0,0,0,0,0.00117844731272304,0,0.00773993969123168,0,0,0,0.0169003881532563,0,0,0,0,0,0,0,0,0,0,0,0,0,0,0,0,0,0,0,0,0,0,0,0,0,0,0,0,0,0,0,0.000642611892808231,0,0,0,0,0,0,0.000221581243731547,0,0.0164983088358799,0,0.0029356962770354,0,0,0,0,0,0,0,0,0,0,0.000398808620528081,0,0,0,0
0,0,0,0,0,0,0,0,0,0,0,0.0135608158437974,0,0,0,0,0,0.019184335337781,0,0,0,0.00525210340336335,0,0,0,0.0240852803355071,0,0,0,0.0368256554994738,0,0,0,0,0,0,0,0.00563222083287778,0,0,0,0,0,0,0,0,0,0,0,0,0,0,0,0,0,0,0,0.00295602580357499,0,0.00243654231466713,0,0,0,0,0.00345235490693999,0,0,0,0.00196049837205802,0,0.076194715277465,0,0.00164250824983712,0,0,0,0,0,0,0,0.000666834432585361,0,0.000847099849759391,0.000302650685336355,0,0,0
0,0,0,0,0,0,0,0,0,0,0,0,0.00165811309758772,0,0.000119220676101302,0,0,0,0,0,0,0,0,0,0,0,0.0169003881532563,0,0,0,0.0207226149229854,0,0,0,0,0,0,0,0.00351598479997252,0,0,0,0,0,0,0,0,0,0,0,0,0,0,0,0,0,0,0,0.0019315963807533,0,0,0,0,0,0,8.61385032890974e-05,0,0,0,0.000136708762182403,0,0.0731361616507743,0,0.000952137073345391,0,0,0,0,0,0,0,0,0.000373457199767109,6.97848666863843e-06,0,0,0
0,0,0,0,0,0,0,0,0,0,0,0.0145477416045657,0,0,0,0,0,0,0,0,0,0,0,0,0,0,0,0.0368256554994738,0,0,0,0,0,0,0,0,0,0.0236227781889824,0,0,0,0,0,0,0,0,0,0,0,0,0,0,0,0,0,0,0,0.00208084225302376,0,0,0,0,0,0,0,0,0,0,0,0,0.054310336658696,0,0.107741864455111,0,0,0,0,0,0,0,0.00321728626199612,0,0.000119781670599531,0,0,0,0
0,0,0,0,0,0,0,0,0,0,0.0064380420981998,0,0,0,0,0,0,0,0,0,0,0,0,0,0,0,0,0,0.0207226149229854,0,0,0,0,0,0,0,0,0,0.00291186362436037,0,0,0,0,0,0,0,0,0,0,0,0,0,0,0,0,0,0.00734620008183169,0,0,0,0,0,0,0,0,0,0,0,0,0,0,0.0540863146589208,0,0.0420042375185829,0,0,0,0,0,0,0,5.25914878614009e-05,2.59467872801309e-05,0,0,0,0
0,0,0,0,0,0,0,0,0,0,0,0,0,0,0,0,0,0,0,0,0,0,0,0,0,0,0,0,0,0,0,0,0.135947285861146,0.0109223428067999,0.00202788147698587,0.017287490577486,0.000310064610443167,0,3.61716283165791e-05,0,0,0,0,0,0,0,0,0.0666698679700191,6.88411792782156e-05,5.84530701237275e-05,0,0,0,0,0,0,0,0,0,0,0,0,0,0,0,0,0,0,0,0,0,0,0,0,0.189540140805693,0.0600445871258536,0.0127863604440664,0.00140181865652594,0.0107627774801222,0.000107052546970972,3.87167247919188e-05,6.4034508128326e-05,0.00038579542611507,0,0,0,0
0,0,0,0,0,0,0,0,0,0,0,0,0,0,0,0,0,0,0,0,0,0,0,0,0,0,0,0,0,0,0,0.135947285861146,0,0.00234231331480202,0.013334827649825,0.00200933558917979,0.00445441447494637,0,0,0,0,0,0,0,0,0,0,0.0993458111699768,0.000292317563959383,0.000221584727380837,0,0,0,0,0,0,0,0,0,0,0,0,0,0,0,0,0,0,0,0,0,0,0,0,0.0395281875439091,0.206394289141727,0.000837571758996005,0.0121740408155321,0.00062786358328371,0.000918505596429617,6.59033159674555e-05,6.60494328822793e-05,0.000802909935595815,0,0,0,0
0,0,0,0,0,0,0,0,0,0,0,0,0,0,0,0,0,0,0,0,0,0,0,0,0,0,0,0,0,0,0,0.0109223428067999,0.00234231331480202,0,0.13870835828013,0.00145156216080001,0,0.00519634443183704,0.00179549265635624,0,0,0,0,0,0,0,0,0.0509301513877142,3.22478150036256e-05,0.00212314878826284,0,0,0,0,0,0,0,0,0,0,0,0,0,0,0,0,0,0,0,0,0,0,0,0,0.00884085311360419,0.00461907580735296,0.137276012161691,0.109189606975251,0.00032390731195737,2.54788183616018e-06,0.00289754376017887,0.000374072844040164,0.000564614008922523,9.09963304637442e-05,4.03994012746901e-05,0,0
0,0,0,0,0,0,0,0,3.19716506515593e-05,0,0,0,0,0,0,0,0,0,0,0,0,0,0,0,0,0,0,0,0,0,0,0.00202788147698587,0.013334827649825,0.13870835828013,0,6.86367825103352e-05,0.00393574397269525,0.000506161576512755,0.00988486516066851,0,0,0,0,0,0,0,0,0.0474322404877928,0,1.81310665816918e-05,0,0,0,0,0,0,0,0,0,0,0,0,0,0,0,0,0,0,0,0,0,0,0,0,0.00160101829355545,0.01491394386917,0.0647688998086877,0.114786297134653,0.000900219772621738,0.00296081933669448,0.000518810584562647,0.00333827779114813,0.000475057713627284,3.22832040925724e-05,2.06848263022564e-05,0,0
0,0,0,0,0,0,0,0,0,0,0,0.00121057805575337,0,0,0,0,0,0,0,0.0152313045923224,0,0,0,0,0,0,0,0,0,0,0,0.017287490577486,0.00200933558917979,0.00145156216080001,6.86367825103352e-05,0,0.0299374857791083,0.0176220486613229,0,0.000145202157666772,6.70345524281065e-05,0,0,0,0,0,0,0.00396097376321147,1.04248465949077e-05,0,0,0,0,0,0,0,0,0,0,0,0,0,0.0361499890861018,0,0,0,0,0,0,0,0,0,0,0,0.0351386671497111,0.000441884043475635,0.00719494574185831,1.64325828760484e-05,0.0920006790394244,0.0157494668104142,0.0116956157498025,1.74372906052637e-05,0.008185781971748,0.00455081746066964,0.000770272153372512,0,0
0,0,0,0,0,0,0,0,0,0,2.67911241542797e-05,0,0,0,0,0,0,0,0,0,0.019187101491728,0,0,0,0,0,0,0,0,0,0,0.000310064610443167,0.00445441447494637,0,0.00393574397269525,0.0299374857791083,0,0,0.0192517684511718,1.22611406895541e-05,0.000772393663777879,0,0,0,0,0,0,0.00552537658997285,4.46506964739647e-05,1.1517228183229e-05,0,0,0,0,0,0,0.000816709532016348,0,0,0,0,0,0,0.0211391509450687,0,0,0,0,0,0,0,0,0,0,0.000193870265398559,0.00748701998661053,0,0.000846219206513225,0.00225831388731018,0.106064025099532,0,0.0178063244551244,0.00597481029724952,0.00399809531179495,0.000706686220248705,0,0
0,0,0,0,0,0,0,0,0,2.21336121582377e-05,0,0.0202481843909246,0,0,0,0,0,0,0,0.00787578747538781,0,0.0100433106941542,0,0.00720949399653585,0,0,0,0.00563222083287778,0,0.0236227781889824,0,0,0,0.00519634443183704,0.000506161576512755,0.0176220486613229,0,0,0.00378962829806683,0,0,5.23605326495961e-05,0,0,0,0,0,0.0234994198792705,0,0.000910643505062731,0,0,0,0,0,0,0,0.015099460319624,0,0,0,0,0.00575064906274389,0,0.0138107575063196,0,0.0112129600525342,0,0,0,0.00391871495931737,0,0.0173999406185381,0,0,0,0.0101604421862042,0.000217776468383786,0.00504788811090491,0,0.124217115497418,0.00306304144162451,0.0043142431200618,0.0013274636218652,0.00016073268813651,0,0
0,0,0,0,0,0,0,0,0.000440292404879357,0,0.021937505238793,0,0,0,0,0,0,0,0,0,0.00956897131679374,0,0.0175446625224528,0,0.0142615932506872,0,0,0,0.00351598479997252,0,0.00291186362436037,3.61716283165791e-05,0,0.00179549265635624,0.00988486516066851,0,0.0192517684511718,0.00378962829806683,0,0,0,0,7.85532224534603e-05,0,0,0,7.9208513101899e-06,0.0242742881409406,0.00346928189265663,4.42314308100969e-05,0,0,0,0,0.000108386019490118,0,0.0191988803263798,0,0,0,0,0,0,0.00341668103028457,0,0.00755531529594151,0,0.00599253455695281,0,0,0,0.000937210621535119,0,0.0142249499493761,0,0.00057591175129327,8.73424942589118e-05,0.0110275889914817,1.55296842903576e-06,0.0054337290490423,0.00113012483850083,0.111362155426934,0.00458075432063734,0.000192839554092596,0.001064789794412,0,0
0,0,0,0,0,0,0,0,0,0,0,0,0,0,0,0,0,0,0,0,0,0,0,0,0,0,0,0,0,0,0,0,0,0,0,0.000145202157666772,1.22611406895541e-05,0,0,0,0.00119967303877787,0.0381467525834015,1.59014121307319e-05,0.037576491311961,0,0.0679169116869497,0,0.00454154652356556,0.000403954536610365,0.0314481426988029,0,0,0,0,0,0,0,0,0,0,0,0,0,0,0,0,0,0,0,0,0,0,0,0,0,0,0,0,0.00134461524644104,3.94056541947114e-05,0.000303403915101979,1.00209253685973e-05,0.000126480824759868,0,0.0631479535101317,0.000414136804895223,0
0,0,0,0,0,0,0,0,0,0,0,0,0,0,0,0,0,0,0,0,0,0,0,0,0,0,0,0,0,0,0,0,0,0,0,6.70345524281065e-05,0.000772393663777879,0,0,0.00119967303877787,0,0,0.0674041192779233,0,0.0024312834511338,0,0.101854834153454,0.00324052040912104,0.0184690114861156,7.92438173593168e-05,0,0,0,0,0,0,2.9614113231536e-05,0,0,0,0,0,0,0.0146517337685767,0,0,0,0,0,0,0,0,0,0.000773987812221913,0,0,0,0,0.000244356691182854,0.00670867565699497,0,0.00111355795304118,1.20298607768521e-05,0,0.0274338029305743,0,9.8352128459306e-05
0,0.00482144531920147,0,0,0,0,0,0,0,8.27551896484281e-05,0,0,0,0,0,0,0,0,0.0313759201727956,0,0,0,0,0,0,0,0,0,0,0,0,0,0,0,0,0,0,5.23605326495961e-05,0,0.0381467525834015,0,0,0.00249652173958247,0.00742132773690078,0,0.0232142772346166,0,0.00116671343006902,5.84538319993514e-05,0.0165767588504105,0,0,0,0,0,0,0,0.00495196241254362,0,7.65873642839488e-05,0,0,0,0,0,0,0,0,0,0,0.00100676271511538,0,0.000196980264167339,0,0,0,0,0,0.0124815060120213,0,0.000337397448237039,0,0.00342568948192386,1.67804855761327e-06,0.149112330418007,0.136173643506222,0
0.00620569329977307,0,0,0,0,0,0,0,0.000367429873696774,0,0,0,0,0,0,0,5.54361917583564e-05,0,0.0263936741543916,0,0,0,0,0,0,0,0,0,0,0,0,0,0,0,0,0,0,0,7.85532224534603e-05,1.59014121307319e-05,0.0674041192779233,0.00249652173958247,0,0.000211401235464845,0.0232617317028424,0,0.0542954825303392,0.0055681857107057,0.0154773242666317,8.97014094969795e-06,0,0,0,0,0.0001301458937676,0,0.00681696764725812,0,5.85150886040289e-05,0,0,0,0,0.00191565547172152,0,0,0,0,0,0,0,0.000315151561387075,0,0.00514784843450496,0,0,0,0,0,0.0127885878184948,2.28517777832394e-05,0.00427058953599525,0.00233834106892108,9.12691889162535e-05,0.114337202386974,0,0.0791770687584701
0,0,0,0,0,0,0,0,0,0,0,0,0,0,0,0,0,0,0.00956098338534225,0,0,0,0,0,0,0,0,0,0,0,0,0,0,0,0,0,0,0,0,0.037576491311961,0,0.00742132773690078,0.000211401235464845,0,0.00510361290063788,0.0136230374210784,0,7.92016171369749e-05,0,0.000252456296519736,0,0,0,0,0,0,0,0,0,0,0,0,0,0,0,0,0,0,0,0,0,0,0,0,0,0,0,0,0.00217759221437845,0,0,0,0.000491946675001157,0,0.0281143138834034,0,0
0,0,0,0,0,0,0,0,0,0,0,0,0,0,0,0,0,0,0.0405260620759702,0,0,0,0,0,0,0,0,0,0,0,0,0,0,0,0,0,0,0,0,0,0.0024312834511338,0,0.0232617317028424,0.00510361290063788,0,0,0.00290626812723329,0,0,0,0,0,0,0,0,0,0,0,0,0,0,0,0,9.16905622180475e-05,0,0,0,0,0,0,0,0,0,0,0,0,0,0,0,0.000160513643698719,0,0,0.000452417293511343,1.45140506611402e-05,0.0209723552036113,0,0.00290636134153736
0,0,0,0,0,0,0,0,0,0,0,0,0,0,0,0,0,0,0,0,0,0,0,0,0,0,0,0,0,0,0,0,0,0,0,0,0,0,0,0.0679169116869497,0,0.0232142772346166,0,0.0136230374210784,0,0,0,0,0,0.000981761026208986,0,0,0,0,0,0,0,3.97282911568304e-05,0,0,0,0,0.0128624893928356,0,0,0,0,0,0,0,0,0,0,0,0,0,0,0,0.00706018145321286,0,0.000645123076422293,0,7.8909578630212e-05,0,0.0801485679143405,4.33183479594257e-05,0
0,0,0,0,0,0,0,0,0,0,0,0,0,0,0,0,0,0,1.07286855661679e-05,0,0,0,0,0,0,0,0,0,0,0,0,0,0,0,0,0,0,0,7.9208513101899e-06,0,0.101854834153454,0,0.0542954825303392,0,0.00290626812723329,0,0,1.21999486019906e-05,3.57360140272613e-05,0,0,0,0,0,0,0,8.02127107684416e-05,0,0,0,0,0,0,0.0525091781328855,0,0,0,0,0,0,0,0,0,0.000140701750073034,0,0,0,0,8.48082293460664e-07,0.0061276149199292,0,0.0027869530086433,3.38457236825234e-06,1.88006080729659e-06,0.0438867067993493,0,0
0,0,0,0,0,0,0,0,0,0,0,0,0,0,0,0,0,0,0,0,0,0,0,0,0,0,0,0,0,0,0,0.0666698679700191,0.0993458111699768,0.0509301513877142,0.0474322404877928,0.00396097376321147,0.00552537658997285,0.0234994198792705,0.0242742881409406,0.00454154652356556,0.00324052040912104,0.00116671343006902,0.0055681857107057,7.92016171369749e-05,0,0,1.21999486019906e-05,0,0.0576717555403772,0.044915734663114,0,0,0,0,0,0,0,0,0,0,0,0,0,0,0,0,0,0,0,0,0,0,0,0,0.0925578207313276,0.143625359529405,0.0509975400773719,0.0370286553306181,0.0162575868470357,0.023771115228159,0.0210489360907494,0.00812171166240127,0.00267224020095633,3.29091073385109e-05,0.00479080882111466,0,0
0.0130635153668222,0,0.0122551491809067,0,0,0,0,0,0,0,0,0,0,0,0,0,0,0,0,0,0,0,0.000253805990704067,0,4.58015174739019e-05,0,0,0,0,0,0,6.88411792782156e-05,0.000292317563959383,3.22478150036256e-05,0,1.04248465949077e-05,4.46506964739647e-05,0,0.00346928189265663,0.000403954536610365,0.0184690114861156,5.84538319993514e-05,0.0154773242666317,0,0,0,3.57360140272613e-05,0.0576717555403772,0,0.0147418158428865,0,0,0,0,0.00124099559662602,0,0.00744211312563839,0,0.00196172874108364,0,0.000365951336164825,0,0,1.13289116433287e-05,0,0.00383244904397019,0,0.00101008813121639,0,0,0,0.00742424358241166,0,0.00391866048609652,0.00490695233743377,0.00333472783219712,3.48130098021546e-05,0.000133328019632839,0.00321262385492784,0.00239525603020907,0.000161071829607539,0.00473319304087641,0.000366046765660894,0,0.0127639034798289,0,7.57292586638829e-05
0,0.0255844230038945,0,0.0208678242311842,0,0,0,0,0,0.000391022156519221,0,0,0,0,0,0,0,0,0,0,0,0.000300146458133683,0,0,0,0,0,0,0,0,0,5.84530701237275e-05,0.000221584727380837,0.00212314878826284,1.81310665816918e-05,0,1.1517228183229e-05,0.000910643505062731,4.42314308100969e-05,0.0314481426988029,7.92438173593168e-05,0.0165767588504105,8.97014094969795e-06,0.000252456296519736,0,0.000981761026208986,0,0.044915734663114,0.0147418158428865,0,0,0,0,0,0,0.000818360391246961,0,0.00569758155106841,0,0.00202912698651402,0,0.002563012704377,0,0,0.0102918999697004,0,0.000145744293244571,0,2.15880688744924e-05,0,0.0137946628282305,0,0.00850155570915679,0,0.00265169301639817,0.000611292308390523,0.000787852570562606,3.30547108709891e-05,0.000934039404055363,0.000285758307189646,0.00386203082279652,0.000123011528213129,0.00155124719269551,0,0.0188871633972042,0.000133264665199653,0
0,0,0,0,0.162200212923888,0,0.0339155500392906,0,0,0,0,0,0,0,0,0,0,0,0,0,0.00407747749685283,0,0,0,0,0,0,0,0,0,0,0,0,0,0,0,0,0,0,0,0,0,0,0,0,0,0,0,0,0,0,0,6.60541785681068e-05,0,0,0,0,0,0.000143952202051878,0,0,0,0,0.00355841584701891,0,0,0,0,0,0,0,0,0,0,0,0,0,0,0,0,0,0,0.00426977348441152,0,0,0,0
0,0,0,0,0,0.0910343212150598,0,0.00853842880354971,0,0,0,8.14814394613003e-05,0,0.000864421939501156,0,0.000228789176451239,0,0,0,0.00518729288495735,0,0,0,0,0,0,0,0,0,0,0,0,0,0,0,0,0,0,0,0,0,0,0,0,0,0,0,0,0,0,0,0,0,0.00380586660303939,0,0,0,0.00177750446012272,0,0.000584679948652782,0,0.000803654963661945,0.000851076949974795,0,0,0,0,0,0,0,0,0,0,0,0,0,0,0,0,0,0,0,0.00152651686325927,6.29605983704096e-06,0.00195656905068817,0,0
0,0,0,0,0,0,0.0400457342794786,0,0,0,0,0,0,0,0,0,0,0,0,0,0,0,0,0,0,0,0,0,0,0,0,0,0,0,0,0,0,0,0,0,0,0,0,0,0,0,0,0,0,0,6.60541785681068e-05,0,0,0,0,0,0.012154133418173,0,0.000113203547979591,0,0,0,0,0,0,0,0,0,0,0,0,0,0,0,0,0,0,0,0,0,0,0,0.000186104763412952,0,0,0,0
0,0,0,0,0,0.000731487668343668,0,0.103099096134373,0,0,0,0,0,0,0,0,0,0,0,8.82389114934337e-05,0,0,0,0,0,0,0,0,0,0,0,0,0,0,0,0,0,0,0,0,0,0,0,0,0,0,0,0,0,0,0,0.00380586660303939,0,0,0,0,0,0.0433977757189472,0,0.0129172378482172,0,0,7.93412684511638e-05,0,0,0,0,0,0,0,0,0,0,0,0,0,0,0,0,0,0,0,0.00071064261514003,0,0,0,0
0.063434066719838,0,0.0231299534726807,0,0,0,0,0,0.127596662034467,0,0,0,0,0,0.000510898321821992,0,0,0,0,0,0,0,0,0,0.024641746440451,0,0,0,0,0,0,0,0,0,0,0,0,0,0.000108386019490118,0,0,0,0.0001301458937676,0,0,0,0,0,0.00124099559662602,0,0,0,0,0,0,0,0,0,0,0,0.0450311357447109,0,0,0,0,0,0,0.0381295971287995,0,0,0,0,0,0,0,0,0,6.53262319128423e-05,0,0,0,6.32070886160503e-05,0.000294654210778797,0.000263814701857586,0.000107483541248745,0,0.00015243426229718
0,0.0761561852402083,0,0.000344716415563932,0,0,0,0,0,0.203420852064462,0,0,0,0,0,0.00276787747536435,0,0,0,0,0,0,0,0.00348854819003865,0,0.000812441324330067,0,0,0,0,0,0,0,0,0,0,0,0,0,0,0,0,0,0,0,0,0,0,0,0.000818360391246961,0,0,0,0,0,0,0,0,0,0,0,0.0581437724975468,0,0,0,0,0,0,0,0,0,0,0,0,0,0,0,0,0,0,0,0,0.000771811914187912,0.000433147002623973,1.44390899055199e-05,0,0
0.00133956774385782,0,0.00734408165859522,0,0,0,0.000124796684062197,0,0,0,0.0788459174045641,0,0.000119459894437259,0,0,0,0,0,0,0,0.0225659465737218,0,0,0,0,0,0,0,0,0,0.00734620008183169,0,0,0,0,0,0.000816709532016348,0,0.0191988803263798,0,2.9614113231536e-05,0,0.00681696764725812,0,0,0,8.02127107684416e-05,0,0.00744211312563839,0,0,0,0.012154133418173,0,0,0,0,0,0.00957442826239349,0,0,0,0,0.0335919864001023,0,0,0,0,0,0,0,0.00916452606712894,0,0.0267901599869142,0,0,0,0,0,1.39687281777209e-05,0,0.00191180060206499,0.000921728629908334,0,0.0238415850134627,0,4.96383661411672e-05
0,0.000110558210557159,0,0.00198707139113295,0,0.000664009061070502,0,0.00988868102581087,0,0,0,0.0967723878698022,0,0.0435696854703491,0,0,0,0,0,0.0197082123349332,0,0,0,0,0,0,0,0.00295602580357499,0,0.00208084225302376,0,0,0,0,0,0,0,0.015099460319624,0,0,0,0.00495196241254362,0,0,0,3.97282911568304e-05,0,0,0,0.00569758155106841,0,0.00177750446012272,0,0.0433977757189472,0,0,0,0,0,0.0165960617961295,0,0.00235365302762416,0.0361898378399395,0,0,0,0,0,0,0,0.0131498146959439,0,0.0304595878313664,0,0,0,0,0,0,0,0.000795063762787594,0,0.000803736849182671,0,0.0159132507265984,6.47118027681027e-05,0
0,0,0.0228455837278366,0,0.00125428762338892,0,0.000971082516407762,0,0,0,0.00534088052369541,0,0.0386613891054031,0,0.00303414982132408,0,0,0,0,0,0,0,0,0,0,0,0,0,0.0019315963807533,0,0,0,0,0,0,0,0,0,0,0,0,0,5.85150886040289e-05,0,0,0,0,0,0.00196172874108364,0,0.000143952202051878,0,0.000113203547979591,0,0,0,0.00957442826239349,0,0,0,0.0287926368483714,0,0,0,0,0,0,0,0,0.000252666205293779,0,0.00449328360050323,0,0,0,0,0,0,0,0,0,0,0.00174118265097224,0.00106614100660894,0.0024682930402463,0,0
0,0.000279155207984474,0,0.00145532546616048,0,0.00395138213716167,0,0.00650530799568499,0,0,0,0.0267771048858775,0,0.0170919322752646,0,0.000204184678592089,0,9.52131724143539e-05,0,0,0,0,0,0,0,0,0,0.00243654231466713,0,0,0,0,0,0,0,0,0,0,0,0,0,7.65873642839488e-05,0,0,0,0,0,0,0,0.00202912698651402,0,0.000584679948652782,0,0.0129172378482172,0,0,0,0.0165960617961295,0,0,0,0.0245442039611578,0,0,0,0,0,0,0,0,0.00447567727441115,0,0,0,0,0,0,0,0,0,0,0,0.00106309804980678,0.00133252724160223,0.00156213209748942,0,0
0.00677151327488053,0,0.0074577418927107,0,0.000432640939977838,0,0,0,0.0258789495420244,0,0,0,0.0155431068849168,0,0.0536080739315331,0,0,0,0,0,0,0,0,0,0.00750364707233798,0,0.000642611892808231,0,0,0,0,0,0,0,0,0,0,0,0,0,0,0,0,0,0,0,0,0,0.000365951336164825,0,0,0,0,0,0.0450311357447109,0,0,0,0.0287926368483714,0,0,0,0,0,0,0,0,0,0,0,0,0,0,0,0,0,0,0,0,0,0,0,0.00180376550841331,9.3440853568931e-05,0,0,0
0,0.00512043194010965,0,0.00370872522263525,0,0.0110745665237822,0,0,0,0.0371171712611026,0,0,0,0.0421962038219065,0,0.0518367823623346,0,0.000442326964830234,0,0,0,0,0,0,0,0,0,0,0,0,0,0,0,0,0,0,0,0,0,0,0,0,0,0,0,0,0,0,0,0.002563012704377,0,0.000803654963661945,0,0,0,0.0581437724975468,0,0.00235365302762416,0,0.0245442039611578,0,0,0,0,0,0,0,0,0,0,0,0,0,0,0,0,0,0,0,0,0,0,0.000961001982349591,0,6.4862086798915e-05,0,0
0,0,0,0,0,0.00127555510057255,0,0,0,0,0,0.0376834991783563,0,0,0,0,0,0,0,0.112027526046478,0,0,0,0,0,0,0,0,0,0,0,0,0,0,0,0.0361499890861018,0,0.00575064906274389,0,0,0,0,0,0,0,0.0128624893928356,0,0,0,0,0,0.000851076949974795,0,7.93412684511638e-05,0,0,0,0.0361898378399395,0,0,0,0,0,0,0,0,0,0,0,0,0,0,0,0,0,0,0,0,0.00313371547159597,0,0.00121098147725684,0,0.000404275929146012,0,0.0283156509315171,0,0
0,0,0,0,0,0,0,0,0,0,0.00443341330438413,0,0,0,0,0,0,0,0,0,0.0297632843537288,0,0,0,0,0,0,0,0,0,0,0,0,0,0,0,0.0211391509450687,0,0.00341668103028457,0,0.0146517337685767,0,0.00191565547172152,0,9.16905622180475e-05,0,0.0525091781328855,0,1.13289116433287e-05,0,0.00355841584701891,0,0,0,0,0,0.0335919864001023,0,0,0,0,0,0,0,0,0,0,0,0,0,0,0,0,0.00712668062654201,0,0,0,0,0,0.00176855906520515,0,0.0146101218810547,0.000783966518123583,0,0.0360438750659211,0,0.00079442318694092
0,0,0,0,0,0,0,0,0,0,0,0,0,0,0,0,0,0.000111010218073936,0,0,0,0.0962161563299858,0,0.00198723747289413,0,0.0036484912958813,0,0.00345235490693999,0,0,0,0,0,0,0,0,0,0.0138107575063196,0,0,0,0,0,0,0,0,0,0,0,0.0102918999697004,0,0,0,0,0,0,0,0,0,0,0,0,0,0,0,0,0.00472693095753855,0,0.00663962849487253,0,0.0233471294105304,0,0,0,0,0,0,0,0,0,0.00314802427937433,0,0.00246407384702873,0.000510573150531372,0,0,0
0,0,0,0,0,0,0,0,0,0,0,0,0,0,0,0,0,0,0,0,0,2.9160785146894e-05,0.0623928575391053,0,0.00478344893585629,0,0,0,8.61385032890974e-05,0,0,0,0,0,0,0,0,0,0.00755531529594151,0,0,0,0,0,0,0,0,0,0.00383244904397019,0,0,0,0,0,0,0,0,0,0,0,0,0,0,0,0,0,0,0.0153217171424759,0,0.0150131792232525,0,0.0186504988187235,0,0,0,0,0,0,0,0,0,0.00265380876320467,0.000342939263039686,0,0,0,0
0,0,0,0,0,0,0,0,0,0,0,0,0,0,0,0,0,0,6.85880155412155e-05,0,0,0.00202717286559293,0,0.0370077118073515,0,0.0209383915941254,0,0,0,0,0,0,0,0,0,0,0,0.0112129600525342,0,0,0,0,0,0,0,0,0,0,0,0.000145744293244571,0,0,0,0,0,0,0,0,0,0,0,0,0,0,0.00472693095753855,0,0,0,0.0326699427703564,0,0,0,0,0,0,0,0,0,0,0,0.00246986437717855,0,0.00123547739306936,0,0.012128947750702,0,0
0,0,0,0,0,0,0,0,0.0184399403848759,0,0,0,0,0,0,0,0,0,0,0,0,0,0.00487198388260326,0,0.0901340988734155,0,0.000221581243731547,0,0,0,0,0,0,0,0,0,0,0,0.00599253455695281,0,0,0,0,0,0,0,0,0,0.00101008813121639,0,0,0,0,0,0.0381295971287995,0,0,0,0,0,0,0,0,0,0,0.0153217171424759,0,0,0,0,0,0,0,0,0,0,0,0,0,0,0,0.000120846722988922,0.00053103339117421,1.98876811369957e-05,0,0,0
0,0,0,0,0,0,0,0,0,0,0,0,0,0,0,0,0,0.00106570379027992,0,0,0,0.000867398404474645,0,0.0425147064625627,0,0.000637260428467385,0,0.00196049837205802,0,0,0,0,0,0,0,0,0,0,0,0,0,0,0,0,0,0,0,0,0,2.15880688744924e-05,0,0,0,0,0,0,0,0,0,0,0,0,0,0,0.00663962849487253,0,0.0326699427703564,0,0,0,0.00380097146659961,0,0,0,0,0,0,0,0,0,0,0,0.000277549061854456,0,0,0,0
0,0,0,0,0,0,0,0,0,0,0,0,0,0,0.000213566196690178,0,0.000386381213911101,0,0,0,0,0,0,0,0.0535291848424036,0,0.0164983088358799,0,0.000136708762182403,0,0,0,0,0,0,0,0,0,0,0,0,0,0,0,0,0,0,0,0,0,0,0,0,0,0,0,0,0,0.000252666205293779,0,0,0,0,0,0,0.0150131792232525,0,0,0,0,0,0.0346682915839422,0,0,0,0,0,0,0,0,0,0,0.000390342019093679,0,0,0,0
0,0,0,0,0,0,0,0,0,0,0,0.00487692516297542,0,0,0,0,0,0.00117188854399135,0,0,0,0.00334664117695149,0,0,0,6.04521428331013e-06,0,0.076194715277465,0,0.054310336658696,0,0,0,0,0,0,0,0.00391871495931737,0,0,0,0.00100676271511538,0,0,0,0,0,0,0,0.0137946628282305,0,0,0,0,0,0,0,0.0131498146959439,0,0.00447567727441115,0,0,0,0,0.0233471294105304,0,0,0,0.00380097146659961,0,0,0,0.00808657082700086,0,0,0,0,0,0,0,0.00285220203988152,0,0.000493420019617873,0.000116800537174596,0.000404839056429344,0,0
0,0,0,0,0,0,0,0,0,0,0,0,0.00686111760164088,0,0,0,0,0,0,0,0,0,0,0,0,0,0.0029356962770354,0,0.0731361616507743,0,0.0540863146589208,0,0,0,0,0,0,0,0.000937210621535119,0,0,0,0.000315151561387075,0,0,0,0,0,0.00742424358241166,0,0,0,0,0,0,0,0.00916452606712894,0,0.00449328360050323,0,0,0,0,0,0,0.0186504988187235,0,0,0,0.0346682915839422,0,0,0,0.0211973844254528,0,0,0,0,0,0,0,0.00226810129640109,0.00129188625493706,2.01445808736805e-05,0.000338046472107305,0,0
0,0,0,0,0,0,0,0,0,0,0,0.0116227887231809,0,0,0,0,0,0,0,0,0,0,0,0,0,0,0,0.00164250824983712,0,0.107741864455111,0,0,0,0,0,0,0,0.0173999406185381,0,0,0,0.000196980264167339,0,0,0,0,0,0,0,0.00850155570915679,0,0,0,0,0,0,0,0.0304595878313664,0,0,0,0,0,0,0,0,0,0,0,0,0.00808657082700086,0,0,0,0,0,0,0,0,0,0.00188680825301345,0,0.000224826497931663,0,0.000778454820187769,0,0
0,0,0,0,0,0,0,0,0,0,0.00694593817388044,0,0,0,0,0,0,0,0,0,2.49125307393699e-05,0,0,0,0,0,0,0,0.000952137073345391,0,0.0420042375185829,0,0,0,0,0,0,0,0.0142249499493761,0,0.000773987812221913,0,0.00514784843450496,0,0,0,0.000140701750073034,0,0.00391866048609652,0,0,0,0,0,0,0,0.0267901599869142,0,0,0,0,0,0,0.00712668062654201,0,0,0,0,0,0,0,0.0211973844254528,0,0,0,0,0,0,0,7.96309760879715e-05,0,0.0119240752946762,1.86351616226013e-05,0,0.0166084103084098,0,0.000191177440786651
0,0,0,0,0,0,0,0,0,0,0,0,0,0,0,0,0,0,0,0,0,0,0,0,0,0,0,0,0,0,0,0.189540140805693,0.0395281875439091,0.00884085311360419,0.00160101829355545,0.0351386671497111,0.000193870265398559,0,0,0,0,0,0,0,0,0,0,0.0925578207313276,0.00490695233743377,0.00265169301639817,0,0,0,0,0,0,0,0,0,0,0,0,0,0,0,0,0,0,0,0,0,0,0,0,0,0.0115568705825516,0.054354804102181,0.000127763282120562,0.00534876934959721,0.000371744322735499,2.30040549060191e-05,0,0.00109973367591698,0,0,0,0
0,0,0,0,0,0,0,0,0,0,0,0,0,0,0,0,0,0,0,0,0,0,0,0,0,0,0,0,0,0,0,0.0600445871258536,0.206394289141727,0.00461907580735296,0.01491394386917,0.000441884043475635,0.00748701998661053,0,0.00057591175129327,0,0,0,0,0,0,0,0,0.143625359529405,0.00333472783219712,0.000611292308390523,0,0,0,0,0,0,0,0,0,0,0,0,0,0,0,0,0,0,0,0,0,0,0,0,0.0115568705825516,0,0.000788201722324973,0.0730420008181168,0.000895281265543456,0.00742667023219326,7.60992536364487e-05,0.00277325776079458,0.000594727604004974,0,0,0,0
0,0,0,0,0,0,0,0,0,0,0,0,0,0,0,0,0,0,0,0,0,0,0,0,0,0,0,0,0,0,0,0.0127863604440664,0.000837571758996005,0.137276012161691,0.0647688998086877,0.00719494574185831,0,0.0101604421862042,8.73424942589118e-05,0,0,0,0,0,0,0,0,0.0509975400773719,3.48130098021546e-05,0.000787852570562606,0,0,0,0,0,0,0,0,0,0,0,0,0,0,0,0,0,0,0,0,0,0,0,0,0.054354804102181,0.000788201722324973,0,0.0648670038557701,0.00167166003458461,1.81069497436314e-06,0.00390715739801767,0.000192962775902445,0.000778773370101001,0,0.000104272942239511,0,0
0,0,0,0,0,0,0,0,0,0,0,0,0,0,0,0,0,0,0,0,0,0,0,0,0,0,0,0,0,0,0,0.00140181865652594,0.0121740408155321,0.109189606975251,0.114786297134653,1.64325828760484e-05,0.000846219206513225,0.000217776468383786,0.0110275889914817,0,0,0,0,0,0,0,0,0.0370286553306181,0.000133328019632839,3.30547108709891e-05,0,0,0,0,6.53262319128423e-05,0,0,0,0,0,0,0,0,0,0,0,0,0,0,0,0,0,0,0,0.000127763282120562,0.0730420008181168,0.0648670038557701,0,0.000203042435796039,0.000571785560768769,0.000667903302327767,0.00710708853671914,0.00120957772590824,6.50004301281543e-05,0,0,0
0,0,0,0,0,0,0,0,0,0,0,0,0,0,0,0,0,0,2.19830099727665e-05,0.00133963410802085,0,0,0,0,0,0,0,0,0,0,0,0.0107627774801222,0.00062786358328371,0.00032390731195737,0.000900219772621738,0.0920006790394244,0.00225831388731018,0.00504788811090491,1.55296842903576e-06,0.00134461524644104,0.000244356691182854,0.0124815060120213,0,0.00217759221437845,0,0.00706018145321286,8.48082293460664e-07,0.0162575868470357,0.00321262385492784,0.000934039404055363,0,0,0,0,0,0,0,0,0,0,0,0,0.00313371547159597,0,0,0,0,0,0,0,0,0,0,0,0.00534876934959721,0.000895281265543456,0.00167166003458461,0.000203042435796039,0,0.000862256629593056,0.0244926199697548,0.000194263576691102,0.00563904329462499,0.00262356368493014,0.00916539030471694,0.000964416282839189,0
0,0,0,0,0,0,0,0,0,0,0,0,0,0,0,0,0,0,0,0,0.000946918298523894,0,0,0,0,0,0,0,0,0,0,0.000107052546970972,0.000918505596429617,2.54788183616018e-06,0.00296081933669448,0.0157494668104142,0.106064025099532,0,0.0054337290490423,3.94056541947114e-05,0.00670867565699497,0,0.0127885878184948,0,0.000160513643698719,0,0.0061276149199292,0.023771115228159,0.00239525603020907,0.000285758307189646,0,0,0,0,0,0,1.39687281777209e-05,0,0,0,0,0,0,0.00176855906520515,0,0,0,0,0,0,0,0,0,7.96309760879715e-05,0.000371744322735499,0.00742667023219326,1.81069497436314e-06,0.000571785560768769,0.000862256629593056,0,0.000114606812624308,0.0151095714262738,0.0131382793898434,0.000826916943529707,0.00642944716045477,0,0.000126115128048717
0,0,0,0,0,0,0,0,0,0,0,0.00261233110293519,0,0,0,0,0,0,0,0.000674107816468612,0,0.00139551352827912,0,0.00307304303664113,0,0,0,0.000666834432585361,0,0.00321728626199612,0,3.87167247919188e-05,6.59033159674555e-05,0.00289754376017887,0.000518810584562647,0.0116956157498025,0,0.124217115497418,0.00113012483850083,0.000303403915101979,0,0.000337397448237039,2.28517777832394e-05,0,0,0.000645123076422293,0,0.0210489360907494,0.000161071829607539,0.00386203082279652,0,0,0,0,0,0,0,0.000795063762787594,0,0,0,0,0.00121098147725684,0,0.00314802427937433,0,0.00246986437717855,0,0,0,0.00285220203988152,0,0.00188680825301345,0,2.30040549060191e-05,7.60992536364487e-05,0.00390715739801767,0.000667903302327767,0.0244926199697548,0.000114606812624308,0,0.00168851075427746,0.00531944382042332,0.000470399096436952,0.00762218543946163,0,0
0,0,0,0,0,0,0,0,9.42145813791821e-05,0,0.000957732025078437,0,0,0,0,0,0,0,0,0,0.00357069175792037,0,0.00224190563627717,0,0.000372042414683838,0,0,0,0,0,5.25914878614009e-05,6.4034508128326e-05,6.60494328822793e-05,0.000374072844040164,0.00333827779114813,1.74372906052637e-05,0.0178063244551244,0.00306304144162451,0.111362155426934,1.00209253685973e-05,0.00111355795304118,0,0.00427058953599525,0,0,0,0.0027869530086433,0.00812171166240127,0.00473319304087641,0.000123011528213129,0,0,0,0,6.32070886160503e-05,0,0.00191180060206499,0,0,0,0,0,0,0.0146101218810547,0,0.00265380876320467,0,0.000120846722988922,0,0,0,0.00226810129640109,0,0.0119240752946762,0,0.00277325776079458,0.000192962775902445,0.00710708853671914,0.000194263576691102,0.0151095714262738,0.00168851075427746,0,0.00562391043040012,0.000179696738727202,0.0242618279772831,0,0.000580966483102471
0.000508963737725307,0.000643823721641108,0,0,0.000752410560096464,0.00071317192425943,3.62286422321177e-05,0.000797010585627535,0.00114937047880118,0.00313661231841806,0.00047693997570104,0.000483474309101578,0.000770952691678878,0.00171169458257262,0.000604645524727153,0.000992258226464613,0.0155149468915736,0.0162274478675089,0.0202612782643305,0.000334508305245085,0.000586021864459414,0.00453610733815955,0.00161730137052843,0.000693677714315411,0.000622646203449658,0.000161191738017254,0.000398808620528081,0.000847099849759391,0.000373457199767109,0.000119781670599531,2.59467872801309e-05,0.00038579542611507,0.000802909935595815,0.000564614008922523,0.000475057713627284,0.008185781971748,0.00597481029724952,0.0043142431200618,0.00458075432063734,0.000126480824759868,1.20298607768521e-05,0.00342568948192386,0.00233834106892108,0.000491946675001157,0.000452417293511343,7.8909578630212e-05,3.38457236825234e-06,0.00267224020095633,0.000366046765660894,0.00155124719269551,0.00426977348441152,0.00152651686325927,0.000186104763412952,0.00071064261514003,0.000294654210778797,0.000771811914187912,0.000921728629908334,0.000803736849182671,0.00174118265097224,0.00106309804980678,0.00180376550841331,0.000961001982349591,0.000404275929146012,0.000783966518123583,0.00246407384702873,0.000342939263039686,0.00123547739306936,0.00053103339117421,0.000277549061854456,0.000390342019093679,0.000493420019617873,0.00129188625493706,0.000224826497931663,1.86351616226013e-05,0.00109973367591698,0.000594727604004974,0.000778773370101001,0.00120957772590824,0.00563904329462499,0.0131382793898434,0.00531944382042332,0.00562391043040012,0,0.00661355877200072,0.00930810785289195,0.000382486988438506,0.000355143806884555
