0,0,4.3826795955037,0,0,0,0,0,6.86465945743745,0,0,0,0,0,0,0,0,0,36.4652519226074,0,0,0,0,0,13.5163516998291,0,0,0,0,0,0,0,0,0,0,0,57.3505249023438,0,23.9987505032466,74.9875793457031,0,0,26.7029186622384,0,0,0,22.7715960415927,38.9305427257831,13.1335313541166,0,0,0,0,0,6.41603699974392,0,9.21448713733304,0,5.20510628348903,0,5.94569518015935,0,0,25.9276644388835,0,0,0,0,0,0,0,9.87182807922363,0,21.8983870915004,0,0,0,0,0,84.185302734375,0,27.1786762475967,10.1700436536931,33.1667427062988,14.5567167731694,0,0
0,0,0,3.87440460254265,0,0,0,0,0,5.62842523733168,0,0,0,0,0,0,0,0,0,0,0,0,0,0,0,0,0,0,0,0,0,0,0,0,0,0,0,22.6182925280403,0,0,0,21.3391472653645,0,0,0,0,0,32.3759023492986,0,4.82120206394298,0,0,0,0,0,5.59431248667993,0,9.12628695170085,0,0,0,4.02472257614136,15.9182518005371,0,0,0,6.38303204945156,0,0,0,0,0,0,0,0,0,0,0,0,0,0,0,7.09670445311993,0,10.2562654995057,9.74747104644775,0
4.3826795955037,0,0,0,9.21199131011963,0,0,0,6.66378712654114,0,0,0,0,0,0,0,0,0,47.8224487304688,0,0,0,0,0,0,0,0,0,0,0,0,0,0,0,0,0,25.3496117591858,0,54.6048278808594,0,48.6931762695312,0,33.5548667907715,0,0,0,20.2880699634552,49.9143753051758,9.91507145666307,0,9.29598808288574,0,0,0,4.6804705619812,0,19.0229557722043,0,0,0,3.52681565284729,0,0,21.5314501126607,0,0,0,0,0,0,0,30.2408022199358,0,28.6344537734985,0,0,0,0,0,0,0,45.7178624471029,8.79676038878305,0,15.042521908083,0,20.6491731007894
0,3.87440460254265,0,0,0,4.4207184003747,0,0,0,4.50713210446494,0,0,0,0,0,0,0,0,0,0,0,49.1140975952148,0,0,0,0,0,0,0,0,0,0,0,53.1104698181152,0,0,0,36.9442291259766,0,42.8440589904785,0,28.4638642531175,0,14.9096975326538,0,23.5246826580593,0,44.6365661621094,0,16.8372562217712,0,6.16655855829065,0,0,0,3.80595564842224,0,18.0725837945938,0,3.80285286903381,0,0,18.0941905975342,0,54.1702079772949,0,43.0273590087891,0,51.2883758544922,0,31.7510684967041,0,31.0581498146057,0,0,0,45.9746017456055,0,0,0,48.5751800537109,0,19.0905917424422,0,11.9503889794935,23.4051172733307,0
0,0,9.21199131011963,0,0,0,2.8935618797938,0,0,0,0,0,0,0,0,0,0,0,46.309933980306,0,10.5021390979573,0,0,0,0,0,0,0,0,0,0,0,0,0,0,0,28.4494438171387,0,0,67.3452529907227,45.8282842636108,81.3937606811523,38.9335374832153,0,0,0,23.5904611900671,57.2678368308327,47.8559938628098,80.2886123657227,5.30571733637059,0,2.96019434928894,0,0,0,26.9713176727295,0,6.56028377891767,0,0,0,0,15.3794195123621,0,0,0,0,0,0,0,37.0443108876546,0,36.9627504348755,0,0,0,0,0,25.8459022310045,107.433921813965,67.2607536315918,4.46365761756897,0,22.6537122807719,0,59.0732097625732
0,0,0,4.4207184003747,0,0,0,3.70165322224299,0,4.72348732948303,0,0,0,3.5833528978484,0,2.95964463551839,0,0,52.0405120849609,3.61680893714611,0,64.3334274291992,0,0,0,0,0,0,0,0,0,0,0,51.6751639048258,51.8731498718262,28.2968950271606,0,68.5042457580566,0,46.7925973619734,0,36.7022612485019,0,26.1921186447144,0,23.8921380664991,0,47.5326434168322,40.4900932312012,45.4449129933896,0,3.28166725558619,0,3.51554382840792,0,2.92663817820342,0,32.4112854003906,0,3.09261366815278,0,3.35692325234413,4.54371404647827,71.1786193847656,59.8711395263672,0,51.8030967712402,0,52.1492805480957,0,38.1436859130859,72.8760528564453,36.1610577901204,0,0,0,46.7555084228516,0,63.5369372367859,0,51.4598704746791,0,17.845709340913,3.62044420838356,9.02365299766346,26.6682453155518,0
0,0,0,0,2.8935618797938,0,0,0,0,0,8.06782460212708,0,0,0,0,0,0,0,0,0,2.95430541038513,0,0,0,0,0,0,0,0,0,0,0,0,0,0,0,0,0,0,0,0,0,0,0,0,0,0,0,0,0,3.19671576850268,0,4.48132469868049,0,0,0,6.07381282884178,0,0,0,0,0,0,0,0,0,0,0,0,0,0,0,0,0,0,0,0,0,0,0,0,0,2.74684405326843,0,0,0,0
0,0,0,0,0,3.70165322224299,0,0,0,0,0,3.16872215270996,0,3.46913678829487,0,0,0,0,0,0,0,0,0,0,0,0,0,0,0,0,0,0,0,0,0,0,0,0,0,0,0,0,0,0,0,0,0,0,0,0,0,3.38343890508016,0,3.61267801081197,0,0,0,3.74083034453853,0,3.86308379968007,0,0,0,0,0,0,0,0,0,0,0,0,0,0,0,0,0,0,0,0,0,0,3.29693880251476,4.63506317138672,0,0,0
6.86465945743745,0,6.66378712654114,0,0,0,0,0,0,52.2737998962402,0,0,0,0,2.98553544824774,0,21.0539778684958,43.6914533615112,26.4570606946945,0,0,0,0,0,3.69722104072571,0,0,0,0,0,0,0,0,0,0,0,0,0,12.6228732466698,0,0,65.7397632598877,4.60139047338607,0,0,0,0,0,7.55197343618973,0,0,0,0,0,5.88473712465476,0,30.8029222488403,0,0,0,3.03298607739535,0,0,0,0,0,0,4.42232188954949,0,0,0,0,0,84.4056701660156,0,0,0,0,0,0,0,9.89105883011451,7.19564346879173,0,9.59509052170647,0,0
0,5.62842523733168,0,4.50713210446494,0,4.72348732948303,0,0,52.2737998962402,0,0,0,0,0,0,7.54351206620534,39.7750253223238,17.5540052387647,28.7077735900879,0,0,0,0,4.69226007461548,0,0,0,0,0,0,0,0,0,0,0,0,0,4.65778777406022,0,0,0,4.62759113311768,0,0,0,0,0,0,0,4.70366337895393,0,0,0,0,0,3.75958604079026,0,0,0,0,0,8.83091959953308,0,0,0,0,3.17197022438049,0,0,0,0,0,0,108.412040710449,0,0,0,0,0,0,5.37010743882921,0,6.08418572746773,3.63362445831299,5.27682194309285,4.83912372589111,0
0,0,0,0,0,0,8.06782460212708,0,0,0,0,0,5.30898562113444,0,0,0,0,0,0,0,3.21725703648158,0,0,0,0,0,0,0,5.45147262649103,0,6.89836006032096,0,0,0,0,0,0,0,3.67491514880817,0,0,0,0,0,0,0,0,0,0,0,0,0,0,0,0,0,6.24321748784003,0,2.87214698791504,0,0,0,0,4.61044455683509,0,0,0,0,0,0,0,0,0,12.3397852897644,0,0,0,0,0,0,0,4.75591916105022,3.65627614094897,0,0,0,0
0,0,0,0,0,0,0,3.16872215270996,0,0,0,0,0,3.59377177347217,0,0,0,0,0,6.89116455220628,0,0,0,0,0,0,0,3.61807887894767,0,7.97360505944207,0,0,0,0,0,4.39756452798843,0,8.25367856455577,0,0,0,0,0,0,0,12.8042116165161,0,0,0,0,0,0,0,2.79887318611145,0,0,0,7.11129993935799,0,0,0,0,6.16072287684993,0,0,0,0,0,0,0,0,0,12.374733345165,0,0,0,0,0,6.18079535166423,0,11.8105406359414,0,5.79561775784835,0,11.1801496346792,0,0
0,0,0,0,0,0,0,0,0,0,5.30898562113444,0,0,0,0,0,0,0,0,0,0,0,0,0,0,0,0,0,5.42465662642529,0,4.95458519458771,0,0,0,0,0,0,0,0,0,0,0,0,0,0,0,0,0,0,0,0,0,3.4417628808455,0,0,0,8.17861032485962,0,3.90774709440413,0,0,0,0,0,0,0,0,0,0,0,0,0,0,0,0,0,0,0,0,0,0,0,4.98564429947587,6.3787700502496,0,0,0
0,0,0,0,0,3.5833528978484,0,3.46913678829487,0,0,0,3.59377177347217,0,0,0,2.76455593109131,0,2.95231080055237,0,0,0,0,0,0,0,4.37419831752777,0,3.0748872756958,0,0,0,0,0,0,0,0,0,0,0,0,0,0,0,0,0,0,0,0,0,0,0,3.33203583955765,0,3.67888930108812,0,0,0,4.11094811960315,0,4.52244438443865,0,2.73759293556213,0,0,0,0,0,0,3.58487703583457,0,3.16789833704631,0,0,0,0,0,0,0,0,0,0,0,4.56289419374968,0,0,0,0
0,0,0,0,0,0,0,0,2.98553544824774,0,0,0,0,0,0,0,14.9943335419116,37.307445526123,0,0,0,0,0,0,2.8793773651123,0,0,0,0,0,0,0,0,0,0,0,0,0,0,0,0,0,0,0,0,0,0,0,0,0,0,0,0,0,0,0,0,0,3.30808817015754,0,0,0,0,0,0,0,0,0,0,0,0,0,0,0,0,0,0,0,0,0,0,0,14.279964864254,0,0,0,0
0,0,0,0,0,2.95964463551839,0,0,0,7.54351206620534,0,0,0,2.76455593109131,0,0,45.0392255783081,13.5498391646605,27.2197880744934,0,0,0,0,0,0,3.59021806716919,0,0,0,0,0,0,0,0,0,0,0,0,0,0,0,0,104.876266479492,0,0,0,0,0,0,0,0,3.38052277565002,0,0,0,2.84736144542694,0,0,0,0,0,3.09964027669695,0,0,0,0,0,0,3.35476461323825,0,0,0,0,0,0,0,0,0,0,0,0,0,8.49422275103056,7.55555105209351,0,0,0
0,0,0,0,0,0,0,0,21.0539778684958,39.7750253223238,0,0,0,0,14.9943335419116,45.0392255783081,0,23.3305626293498,24.5639452128036,0,77.9772567749023,0,3.51741713430823,0,23.5184383233388,0,3.40620986620585,0,0,0,0,0,0,102.707275390625,0,103.003620147705,93.4050898832433,110.193367958069,96.2345865037706,73.5997883189808,82.5653106689453,80.2579959869385,61.8526858681127,0,0,118.820655822754,70.9167174425992,86.8832988739014,38.5920658111572,82.6645027160644,0,0,0,0,0,33.5411135355631,56.7720237731934,0,0,0,25.0130182902018,38.6117463793073,0,87.8619618415833,0,3.39860299477975,0,0,0,0,0,67.7102212172288,88.3457539876302,64.1908027439901,0,0,0,0,92.7379442214966,82.4770623941337,94.0498190307617,71.2408529469665,19.5702400741955,10.8930737775266,57.674081155232,79.374662399292,50.0802637620406
0,0,0,0,0,0,0,0,43.6914533615112,17.5540052387647,0,0,0,2.95231080055237,37.307445526123,13.5498391646605,23.3305626293498,0,22.4396457470875,0,90.6867828369141,5.40980299374529,0,0,30.3810523640026,3.74684534602695,0,0,0,0,0,0,0,90.5226860046387,0,89.8174362182617,100.280213038127,95.7326121474757,121.068843296596,71.2633109373205,0,57.2898936228709,67.9010424841018,0,0,0,73.6586463716295,88.9953049553765,0,77.9380986443881,0,0,0,0,0,18.4553110599518,71.6423721313477,84.4075698852539,0,0,33.0251274108887,17.6116104300429,111.949081420898,88.8077455000444,6.66761565208435,0,4.06535515189171,0,2.82000676790873,0,89.2869110107422,85.2977428436279,96.239236831665,82.4515245877779,0,0,94.2815170288086,0,79.8367501395089,92.6554076823782,79.9659897348155,87.5816268920898,16.6851574490289,11.5663505489117,70.7460338758386,47.8826302422418,67.2822299957275
36.4652519226074,0,47.8224487304688,0,46.309933980306,52.0405120849609,0,0,26.4570606946945,28.7077735900879,0,0,0,0,0,27.2197880744934,24.5639452128036,22.4396457470875,0,0,59.9588639675043,56.6120367050171,112.695343017578,14.1817075014114,25.6692237854004,0,0,33.6292953491211,0,0,0,0,0,51.2139869689941,0,65.1352354685466,65.5969054311769,64.7200823559309,73.7765913911399,46.7803231037646,48.1558532361631,29.0622240979208,29.4578457468149,5.85680108654256,21.5118746227688,65.0950143120506,42.6851261616409,46.7168645332196,45.8883369445801,41.1376466976376,48.5410581316267,0,0,0,0,0,47.1021111326398,33.4430975480513,90.4870491027832,0,0,0,81.3549423217773,55.3346115875244,70.7189826965332,0,39.064811706543,0,49.2519645690918,64.8750762939453,40.6273781271542,50.5166482718095,32.6120359780358,45.3397827669571,0,0,56.0914816014907,0,50.2772550683272,56.6270541827125,45.3136709807662,48.8663487610994,15.3418469869333,23.3158977737552,33.1386175761112,16.1755345017569,29.6179967817369
0,0,0,0,0,3.61680893714611,0,0,0,0,0,6.89116455220628,0,0,0,0,0,0,0,0,0,0,0,0,0,0,0,0,0,0,0,0,0,0,0,4.62193870088857,0,4.10838681620521,0,18.6216655731201,0,20.2899426354302,0,0,0,9.11152321100235,0,38.1721214294434,40.2953758239746,0,0,0,0,0,0,0,0,7.06651012336507,0,0,0,0,3.73044815671272,0,0,0,0,0,0,0,0,0,13.613886512816,0,0,0,0,0,7.56100922834177,0,15.9826183438301,0,5.74394607660184,0,13.4312399327755,0,0
0,0,0,0,10.5021390979573,0,2.95430541038513,0,0,0,3.21725703648158,0,0,0,0,0,77.9772567749023,90.6867828369141,59.9588639675043,0,0,0,0,0,0,0,0,0,0,0,0,0,0,0,0,0,7.31535250209671,0,15.8379081822513,0,26.9367283582687,0,33.6199224966544,0,0,0,19.9928571645879,0,53.2237110137939,0,11.3828214587587,0,0,0,0,0,21.3511707981427,0,37.0648283004761,0,0,0,0,6.87000943647254,0,0,0,0,0,47.0102577209473,0,34.8512794851399,87.8068389892578,17.8701984790926,0,0,0,0,91.2801818847656,14.6337338985797,0,15.9457635092379,12.0811657020619,81.9444071451823,31.0739842878806,0,35.8967412312826
0,0,0,49.1140975952148,0,64.3334274291992,0,0,0,0,0,0,0,0,0,0,0,5.40980299374529,56.6120367050171,0,0,0,4.76130382558133,7.34351031226341,0,6.57364439964294,0,4.27149947484334,0,0,0,0,0,0,0,0,0,7.93109627870413,0,67.793270111084,0,41.3093910217285,62.8951950073242,43.9459179469517,0,48.5807116826375,0,77.6678161621094,0,15.0828870314943,0,0,0,0,0,0,0,25.3416740546066,0,0,0,0,40.2633007511948,0,5.60193355416274,0,8.72941678880232,0,13.8520511450975,0,11.3996886376824,0,15.7102317301432,0,0,0,0,0,58.7203063964844,0,8.80910542878238,0,5.30960438755678,5.28435169897581,31.9734950249012,36.943607875279,0
0,0,0,0,0,0,0,0,0,0,0,0,0,0,0,0,3.51741713430823,0,112.695343017578,0,0,4.76130382558133,0,0,6.95462420657012,0,8.7071207375918,0,5.34000215337083,0,0,0,0,0,0,0,0,0,11.3884005375158,0,0,0,46.899489402771,0,0,0,0,0,24.6308753801429,0,0,0,0,0,0,0,30.865161895752,0,30.4945422410965,0,0,0,0,48.8962478637695,5.67926502227783,6.0291535538409,0,8.38037729263306,0,11.6611832655717,0,17.7971214476685,0,0,0,0,0,0,0,0,0,9.07494102598547,5.14265118493101,5.16786645879649,0,0,0
0,0,0,0,0,0,0,0,0,4.69226007461548,0,0,0,0,0,0,0,0,14.1817075014114,0,0,7.34351031226341,0,0,0,3.87651324272156,0,3.13501572608948,0,0,0,0,0,0,0,0,0,4.22034251334544,0,0,0,34.0094539642334,58.9405822753906,36.932181040446,0,38.7409845987956,0,0,0,8.79164245015099,0,0,0,0,0,5.7072913646698,0,19.9959721565247,0,0,0,0,36.3910970687866,0,7.03895362087938,0,3.83781695584638,0,8.23559120224743,0,12.2015105990263,0,15.085827615526,0,0,0,0,0,0,0,5.57144993171096,0,5.14780454732934,0,15.8116117715836,0,0
13.5163516998291,0,0,0,0,0,0,0,3.69722104072571,0,0,0,0,0,2.8793773651123,0,23.5184383233388,30.3810523640026,25.6692237854004,0,0,0,6.95462420657012,0,0,0,3.44907909173232,0,0,0,0,0,0,0,0,0,0,0,9.44133225979249,0,0,0,28.991221836635,0,0,0,0,33.5146387815475,13.8184932246804,0,0,0,0,0,6.95473233136264,0,0,0,19.4186983108521,0,6.88819693817812,0,0,93.6212005615234,0,8.56487527751923,0,4.27065549278259,0,4.3000193377921,0,11.4574289014263,0,0,0,0,0,0,0,0,0,9.56593829065889,20.4594663514031,0,9.13656389713287,0,0
0,0,0,0,0,0,0,0,0,0,0,0,0,4.37419831752777,0,3.59021806716919,0,3.74684534602695,0,0,0,6.57364439964294,0,3.87651324272156,0,0,0,0,0,0,0,0,0,0,0,0,0,0,0,0,0,41.4075126647949,82.8593673706055,0,0,0,0,0,0,13.9673657947116,0,0,0,0,0,0,0,20.5034813435872,0,5.39209008216858,0,0,34.2493546803792,0,5.67347380638123,0,6.24434586933681,0,7.71068271487749,0,15.6869592570295,0,16.5847539901733,0,0,0,0,0,0,0,0,0,6.94556823292294,0,26.3530575037003,0,0
0,0,0,0,0,0,0,0,0,0,0,0,0,0,0,0,3.40620986620585,0,0,0,0,0,8.7071207375918,0,3.44907909173232,0,0,0,4.75423780755501,0,0,0,0,0,0,0,0,0,0,0,0,0,0,0,0,0,0,0,23.2161731719971,0,0,0,0,0,0,0,0,0,19.9015741348267,0,6.23368345989901,0,0,48.4205589294434,0,8.54178128363211,0,4.18439357930964,0,4.47525567866276,0,9.27514366830276,0,0,0,0,0,0,0,0,0,19.6063690185547,3.13222923278809,0,0,0,0
0,0,0,0,0,0,0,0,0,0,0,3.61807887894767,0,3.0748872756958,0,0,0,0,33.6292953491211,0,0,4.27149947484334,0,3.13501572608948,0,0,0,0,0,2.88315005138003,0,0,0,0,0,0,0,3.17208983980376,0,0,0,0,0,0,0,0,0,0,0,0,0,0,0,0,0,0,0,0,0,0,0,0,0,0,0,0,0,0,3.73603026072184,0,3.49237144479946,0,3.20333485305309,0,0,0,0,0,0,0,0,0,3.15270458734952,0,38.1330604553223,0,0
0,0,0,0,0,0,0,0,0,0,5.45147262649103,0,5.42465662642529,0,0,0,0,0,0,0,0,0,5.34000215337083,0,0,0,4.75423780755501,0,0,0,5.16860089533504,0,0,0,0,0,0,0,9.10400428965285,0,0,0,0,0,0,0,0,0,4.86025937398275,0,0,0,0,0,0,0,3.84065420539291,0,3.41772849857807,0,0,0,0,0,0,8.24307454427083,0,0,0,5.23683100613681,0,4.56989817195564,0,6.59419316864014,0,0,0,0,0,0,0,0,4.57366686482583,4.79450324430304,0,0,0
0,0,0,0,0,0,0,0,0,0,0,7.97360505944207,0,0,0,0,0,0,0,0,0,0,0,0,0,0,0,2.88315005138003,0,0,0,0,0,0,0,0,0,6.451886006764,0,0,0,0,0,0,0,0,0,0,0,0,0,0,0,0,0,0,0,0,0,0,0,0,0,0,0,0,0,0,0,0,2.97594516277313,0,3.3459617328108,0,0,0,0,0,0,0,4.11654335686139,0,3.59998918616253,0,0,0,0
0,0,0,0,0,0,0,0,0,0,6.89836006032096,0,4.95458519458771,0,0,0,0,0,0,0,0,0,0,0,0,0,0,0,5.16860089533504,0,0,0,0,0,0,0,0,0,5.83011762130676,0,0,0,0,0,0,0,0,0,0,0,0,0,0,0,0,0,4.65947263581412,0,0,0,0,0,0,0,0,0,0,0,0,0,0,7.2591983731436,0,5.40182511588845,0,0,0,0,0,0,0,5.23918753862381,4.50179891955572,3.01885822841099,0,0,0
0,0,0,0,0,0,0,0,0,0,0,0,0,0,0,0,0,0,0,0,0,0,0,0,0,0,0,0,0,0,0,0,4.70867746983337,10.6261429575318,5.86389780044556,4.62879852436049,4.79376513085195,0,0,0,0,0,0,0,0,0,0,7.51794817886064,14.3944745744978,0,0,0,0,0,0,0,0,0,0,0,0,0,0,0,0,0,0,0,0,0,0,0,0,0,4.98123413818834,5.969271758413,10.4753982407706,0,5.78890447583917,17.8714235251463,0,0,5.60931873414756,0,0,0,0
0,0,0,0,0,0,0,0,0,0,0,0,0,0,0,0,0,0,0,0,0,0,0,0,0,0,0,0,0,0,0,4.70867746983337,0,7.46568442274023,2.83848599592845,3.89604551651899,3.34213784337044,0,0,0,13.5450447957227,0,0,0,0,0,0,5.49659417976033,9.65545576410422,0,0,0,0,0,0,0,0,0,0,0,0,0,0,0,0,0,0,0,0,0,0,0,0,0,6.30199863351703,4.57533226476977,8.75105127166299,12.5167342742284,9.63501739501953,8.35734986279779,0,0,3.97052786952847,0,0,0,0
0,0,0,53.1104698181152,0,51.6751639048258,0,0,0,0,0,0,0,0,0,0,102.707275390625,90.5226860046387,51.2139869689941,0,0,0,0,0,0,0,0,0,0,0,0,10.6261429575318,7.46568442274023,0,4.00422641315134,7.72693687908033,6.0613266342845,18.8461939533552,8.4776412598018,23.6511432405502,63.9101705551147,39.5766870129493,27.3129197064568,51.790650844574,0,41.7454468271007,0,6.18705260076869,19.7492774514591,11.5725838240889,0,0,0,0,0,0,71.0854339599609,51.6988706588745,0,0,0,0,45.1751937866211,0,0,0,0,34.7048759460449,0,0,0,81.3398971557617,66.1942749023438,83.6214828491211,10.6549015045166,0,4.11785060180231,3.40983148076032,13.6856066344156,23.8492984038133,17.5897571658561,10.8353975403984,9.26493509963043,51.4183371861776,23.554635095966,35.3246677398682,39.2592296600342
0,0,0,0,0,51.8731498718262,0,0,0,0,0,0,0,0,0,0,0,0,0,0,0,0,0,0,0,0,0,0,0,0,0,5.86389780044556,2.83848599592845,4.00422641315134,0,2.9465155005455,3.39250645617889,14.6311095844616,3.43236286583401,0,23.3025884628296,0,0,0,0,0,0,4.53136115588925,6.45428845461677,0,0,0,0,0,0,0,64.8385848999023,0,0,0,0,0,0,0,0,0,0,0,0,0,0,0,0,0,0,2.73582947254181,6.31450767310586,4.00398967539209,0,5.42872374985879,31.5519828796387,3.81876041455702,3.48805380196407,0,7.15529823303223,0,0
0,0,0,0,0,28.2968950271606,0,0,0,0,0,4.39756452798843,0,0,0,0,103.003620147705,89.8174362182617,65.1352354685466,4.62193870088857,0,0,0,0,0,0,0,0,0,0,0,4.62879852436049,3.89604551651899,7.72693687908033,2.9465155005455,0,6.1791606847125,11.7861889666856,10.7281118631363,60.9582949961935,23.1529102325439,46.1397288703165,72.3127355575562,49.3731450167569,0,36.690279521543,0,22.4978456179301,15.3761536447625,44.5686570190069,0,0,0,0,0,0,0,17.1060528993607,0,0,0,0,11.4610932992429,0,0,0,0,0,0,0,64.2354297637939,0,66.0614629285089,0,6.29168889045715,0,8.92655057851979,0,7.77434065714142,7.6835147077387,15.0780944890203,144.393989562988,7.28861641723761,6.71247140929813,42.2739317409429,49.1309690475464,74.7329025268555
57.3505249023438,0,25.3496117591858,0,28.4494438171387,0,0,0,0,0,0,0,0,0,0,0,93.4050898832433,100.280213038127,65.5969054311769,0,7.31535250209671,0,0,0,0,0,0,0,0,0,0,4.79376513085195,3.34213784337044,6.0613266342845,3.39250645617889,6.1791606847125,0,16.6172081629435,16.3388384231355,105.169750213623,31.5715391739555,71.0886791229248,37.3524862375904,0,37.1948986053467,0,29.7283821875991,50.4544380732945,28.7572850401585,35.0137021541595,39.1093822479248,0,0,0,0,0,43.5953905105591,115.277267456055,43.7330173492432,0,0,0,0,25.6164133615856,0,87.3622741699219,0,0,0,0,0,48.4957843827613,85.6057910919189,57.8128452943952,0,3.58383236991035,19.3265053749084,3.76705652262483,13.0052375222883,7.59662077443884,16.6761788186573,20.2897129719881,9.69762482308248,13.8406313507147,27.7220255094154,53.3576164245605,52.6450033374861
0,22.6182925280403,0,36.9442291259766,0,68.5042457580566,0,0,0,4.65778777406022,0,8.25367856455577,0,0,0,0,110.193367958069,95.7326121474757,64.7200823559309,4.10838681620521,0,7.93109627870413,0,4.22034251334544,0,0,0,3.17208983980376,0,6.451886006764,0,0,0,18.8461939533552,14.6311095844616,11.7861889666856,16.6172081629435,0,10.557811893649,79.7753189139896,0,53.1518121622559,70.7199565342494,52.3359535741442,0,50.0142805421178,101.731772104899,16.1660255691673,0,36.904034034372,0,0,0,0,0,7.04375028610229,0,14.7741050997166,0,0,0,0,15.1534923546844,102.563911437988,6.64064653517161,0,5.50630879006116,0,103.451950073242,0,4.08372299960165,0,16.2702303683983,0,0,0,13.6724862742786,0,24.7117728993065,68.1409967740377,7.00873640800144,13.6605335561241,11.2896260107303,15.9935173286642,34.2529612431924,47.1045819022439,99.1135762532552
23.9987505032466,0,54.6048278808594,0,0,0,0,0,12.6228732466698,0,3.67491514880817,0,0,0,0,0,96.2345865037706,121.068843296596,73.7765913911399,0,15.8379081822513,0,11.3884005375158,0,9.44133225979249,0,0,0,9.10400428965285,0,5.83011762130676,0,0,8.4776412598018,3.43236286583401,10.7281118631363,16.3388384231355,10.557811893649,0,0,66.8333346048991,100.205890110561,45.1223899585474,0,67.0039081573486,99.6057090759277,47.0008201554453,8.76113225763915,9.39248545811727,73.4732284545898,0,0,0,0,12.2687540245056,0,12.3054434264578,0,0,0,18.7490463256836,0,0,47.9083716775489,0,16.7233035255634,0,8.2125609597785,0,13.5935460870916,0,13.3829020452499,120.226348876953,18.2545803330785,0,0,37.4325267791748,4.13546898785759,62.8612730503082,28.8690382836847,9.17382024463854,8.74975479925881,9.59391991723851,13.0408160868101,16.8977247589136,0,49.7128194830884
74.9875793457031,0,0,42.8440589904785,67.3452529907227,46.7925973619734,0,0,0,0,0,0,0,0,0,0,73.5997883189808,71.2633109373205,46.7803231037646,18.6216655731201,0,67.793270111084,0,0,0,0,0,0,0,0,0,0,0,23.6511432405502,0,60.9582949961935,105.169750213623,79.7753189139896,0,0,64.6277351379395,23.387234216933,39.8382194473987,64.9638185501099,29.4946327209473,10.0769444099718,67.5338668823242,20.8450107921674,100.156227111816,16.0486484848093,0,0,0,0,0,0,70.9888725280762,48.8367603302002,0,0,0,0,13.2183027723561,89.755859375,0,0,73.0248260498047,0,60.4072761535645,0,61.050910949707,77.6208699544271,53.2435942311441,74.7165552775065,0,0,32.8396028171886,0,16.1142348788243,101.741441999163,48.444115167595,84.79319190979,30.6487702333439,73.4354163721988,21.0837623736109,38.9928538912819,63.9586626688639
0,0,48.6931762695312,0,45.8282842636108,0,0,0,0,0,0,0,0,0,0,0,82.5653106689453,0,48.1558532361631,0,26.9367283582687,0,0,0,0,0,0,0,0,0,0,0,13.5450447957227,63.9101705551147,23.3025884628296,23.1529102325439,31.5715391739555,0,66.8333346048991,64.6277351379395,0,69.2902011871338,24.670699610811,0,24.5637278556824,83.7536697387695,10.9926905707066,13.2628984981113,10.4362271435487,0,44.566588083903,0,0,0,0,0,48.9514185587565,0,46.9889704386393,0,0,0,0,26.9808450156245,0,0,0,0,0,0,75.0583114624023,61.3660747210185,0,53.9436682650917,21.9592380523682,19.3109814445407,0,33.1859745825491,80.1058120727539,12.9308908914698,83.8203506469727,27.934108618534,51.4945579061703,71.5630327860514,14.9361883868608,0,48.596378326416
0,21.3391472653645,0,28.4638642531175,81.3937606811523,36.7022612485019,0,0,65.7397632598877,4.62759113311768,0,0,0,0,0,0,80.2579959869385,57.2898936228709,29.0622240979208,20.2899426354302,0,41.3093910217285,0,34.0094539642334,0,41.4075126647949,0,0,0,0,0,0,0,39.5766870129493,0,46.1397288703165,71.0886791229248,53.1518121622559,100.205890110561,23.387234216933,69.2902011871338,0,23.3847718684284,30.5187864704292,76.2345733642578,32.3833516688673,51.9419253313983,20.5145296593385,45.6086273193359,21.9886976575394,0,0,0,0,0,0,73.0299270629883,21.0194737471682,0,0,0,0,22.159360500454,65.6484381357829,43.101053074428,0,35.2617441586086,0,35.0709674835205,0,24.4427609582549,82.2214012145996,22.4900420017957,76.2998886108398,0,0,44.3548384530204,0,30.077429281147,84.5998171756142,33.8295758643953,81.2429169246129,20.2283661017984,57.6634529142056,22.9089087928232,16.9296145420485,56.4088474273682
26.7029186622384,0,33.5548667907715,0,38.9335374832153,0,0,0,4.60139047338607,0,0,0,0,0,0,104.876266479492,61.8526858681127,67.9010424841018,29.4578457468149,0,33.6199224966544,62.8951950073242,46.899489402771,58.9405822753906,28.991221836635,82.8593673706055,0,0,0,0,0,0,0,27.3129197064568,0,72.3127355575562,37.3524862375904,70.7199565342494,45.1223899585474,39.8382194473987,24.670699610811,23.3847718684284,0,45.2515640258789,14.2341340671886,55.5610379305753,20.1157710586364,20.1470390252806,13.9652973642758,45.7124056055926,42.2313053512573,0,0,0,0,0,21.300308321755,46.1711265563965,20.1179878571454,0,0,0,60.8973350524902,28.799309998206,64.8862609863281,36.8799444834391,0,28.2234384536743,0,32.4796447753906,60.362287902832,20.7752889450588,56.2985437327418,21.6714517982228,0,0,37.3098106384277,12.1329970359802,50.2112111675647,30.8768066754693,55.0618623227489,29.2824633427434,18.1148333580783,60.538717129356,15.4800676405276,17.2602983553385,17.8320562124252
0,0,0,14.9096975326538,0,26.1921186447144,0,0,0,0,0,0,0,0,0,0,0,0,5.85680108654256,0,0,43.9459179469517,0,36.932181040446,0,0,0,0,0,0,0,0,0,51.790650844574,0,49.3731450167569,0,52.3359535741442,0,64.9638185501099,0,30.5187864704292,45.2515640258789,0,0,29.6282639503479,0,43.9148139953613,0,26.7708758362069,0,0,0,0,0,0,0,19.9309467413487,0,0,0,0,17.898458480835,0,42.467698097229,0,41.6071891784668,0,0,0,25.7303052125154,0,23.1798418178115,0,0,0,54.8263254165649,0,47.7288003497654,0,31.7789881467177,68.6416778564453,44.7630112838745,58.6378803253174,19.6461590874125,16.3550941679213,0
0,0,0,0,0,0,0,0,0,0,0,0,0,0,0,0,0,0,21.5118746227688,0,0,0,0,0,0,0,0,0,0,0,0,0,0,0,0,0,37.1948986053467,0,67.0039081573486,29.4946327209473,24.5637278556824,76.2345733642578,14.2341340671886,0,0,0,22.9709933598836,0,0,0,0,0,0,0,0,0,28.0448188781738,0,0,0,0,0,0,30.8312192644392,0,0,0,0,0,0,0,0,0,59.6359596252441,0,0,0,0,0,41.2427210126604,0,45.803475516183,62.8259696960449,0,6.82487605323254,0,31.0782356262207
0,0,0,23.5246826580593,0,23.8921380664991,0,0,0,0,0,12.8042116165161,0,0,0,0,118.820655822754,0,65.0950143120506,9.11152321100235,0,48.5807116826375,0,38.7409845987956,0,0,0,0,0,0,0,0,0,41.7454468271007,0,36.690279521543,0,50.0142805421178,99.6057090759277,10.0769444099718,83.7536697387695,32.3833516688673,55.5610379305753,29.6282639503479,0,0,72.4093386332194,29.1000601193092,26.601568361608,21.6089514183315,0,0,0,0,0,0,70.5108413696289,16.652920286155,0,0,0,0,6.04728109157694,73.212516784668,51.0079559913048,0,40.4644064585368,0,35.7217483520508,0,31.3846245848614,0,24.1248283393396,87.1867523193359,0,0,40.9596713781357,0,21.2569653309776,0,26.1441191326067,83.3404769897461,32.558184843797,61.102326965332,14.0305559547542,22.3794490740849,0
22.7715960415927,0,20.2880699634552,0,23.5904611900671,0,0,0,0,0,0,0,0,0,0,0,70.9167174425992,73.6586463716295,42.6851261616409,0,19.9928571645879,0,0,0,0,0,0,0,0,0,0,0,0,0,0,0,29.7283821875991,101.731772104899,47.0008201554453,67.5338668823242,10.9926905707066,51.9419253313983,20.1157710586364,0,22.9709933598836,72.4093386332194,0,42.8364571658048,23.7096454993538,58.1435428966175,22.1507843529306,0,0,0,0,0,26.2801294803619,0,37.2999947865804,0,0,0,0,10.522721571421,0,0,0,0,0,46.1083679199219,0,32.25071480438,64.8364906311035,31.1424702771137,0,0,68.438793182373,0,78.9012752109104,25.1516014828763,112.880081176758,33.1474841585998,44.3152859015794,68.4180376298966,17.0890252611695,44.8122062683105,34.8575775412065
38.9305427257831,32.3759023492986,49.9143753051758,44.6365661621094,57.2678368308327,47.5326434168322,0,0,0,0,0,0,0,0,0,0,86.8832988739014,88.9953049553765,46.7168645332196,38.1721214294434,0,77.6678161621094,0,0,33.5146387815475,0,0,0,0,0,0,7.51794817886064,5.49659417976033,6.18705260076869,4.53136115588925,22.4978456179301,50.4544380732945,16.1660255691673,8.76113225763915,20.8450107921674,13.2628984981113,20.5145296593385,20.1470390252806,43.9148139953613,0,29.1000601193092,42.8364571658048,0,8.92917885637922,9.69999306414722,55.466144879659,0,0,0,0,0,63.2396650643184,48.4593098958333,0,0,42.5911827087402,0,32.5492805871438,43.7545248031616,79.7357597351074,0,0,30.9069645064218,0,0,63.6411247253418,67.7161827087402,62.3763986440805,66.3121344248454,9.74854766975329,5.59723020802944,7.77913582811397,5.40206440781053,25.0568188415124,7.70665470387967,47.1571918973383,9.60490575815788,12.257912706923,72.1740485297309,14.7973041701271,25.6064957754953,28.4906798839569
13.1335313541166,0,9.91507145666307,0,47.8559938628098,40.4900932312012,0,0,7.55197343618973,0,0,0,0,0,0,0,38.5920658111572,0,45.8883369445801,40.2953758239746,53.2237110137939,0,24.6308753801429,0,13.8184932246804,0,23.2161731719971,0,4.86025937398275,0,0,14.3944745744978,9.65545576410422,19.7492774514591,6.45428845461677,15.3761536447625,28.7572850401585,0,9.39248545811727,100.156227111816,10.4362271435487,45.6086273193359,13.9652973642758,0,0,26.601568361608,23.7096454993538,8.92917885637922,0,51.8741423288981,49.1170610700335,0,0,0,9.68627965450287,0,27.6827218400968,47.5855484008789,11.2511424287673,0,4.7040167682427,0,38.2408103942871,40.8141726644416,0,23.4950591111795,0,7.89554488530723,0,8.38750773252443,0,22.263185083148,61.906551361084,16.0996629231184,19.0169089635213,11.8583704197287,22.3679973115312,17.9744700101706,23.9516327721732,6.41000921023832,51.9896469116211,7.21072984630467,12.0114887456766,69.9230079650879,13.632776260376,0,50.4893426895142
0,4.82120206394298,0,16.8372562217712,80.2886123657227,45.4449129933896,0,0,0,4.70366337895393,0,0,0,0,0,0,82.6645027160644,77.9380986443881,41.1376466976376,0,0,15.0828870314943,0,8.79164245015099,0,13.9673657947116,0,0,0,0,0,0,0,11.5725838240889,0,44.5686570190069,35.0137021541595,36.904034034372,73.4732284545898,16.0486484848093,0,21.9886976575394,45.7124056055926,26.7708758362069,0,21.6089514183315,58.1435428966175,9.69999306414722,51.8741423288981,0,0,8.6173363832327,0,0,0,3.63845299830479,62.1571655273438,20.6004033465693,0,8.410964012146,0,5.13535781133743,27.4423426827359,168.862213134766,15.2319069836238,0,7.9289044485123,0,8.12897887229919,0,8.81032912055058,84.4408416748047,22.5195196576235,101.027908325195,0,0,18.4002444937422,0,25.5764650123995,94.7364095052083,28.1279912234551,84.521208190918,37.8167351885156,73.6856639615951,19.3308738775032,22.4731055349674,81.9201354980469
0,0,9.29598808288574,0,5.30571733637059,0,3.19671576850268,0,0,0,0,0,0,0,0,0,0,0,48.5410581316267,0,11.3828214587587,0,0,0,0,0,0,0,0,0,0,0,0,0,0,0,39.1093822479248,0,0,0,44.566588083903,0,42.2313053512573,0,0,0,22.1507843529306,55.466144879659,49.1170610700335,0,0,0,0,0,0,0,5.17078609778502,0,6.17997880404194,0,0,0,0,13.3236610325353,0,0,0,0,0,0,0,36.0576638441819,0,40.4947757720947,0,0,0,0,78.7291641235352,20.3025771247016,0,65.2198934555054,49.9525349934896,0,30.5139182433486,0,30.0956840515137
0,0,0,6.16655855829065,0,3.28166725558619,0,3.38343890508016,0,0,0,0,0,3.33203583955765,0,3.38052277565002,0,0,0,0,0,0,0,0,0,0,0,0,0,0,0,0,0,0,0,0,0,0,0,0,0,0,0,0,0,0,0,0,0,8.6173363832327,0,0,0,3.80451965332031,0,5.42954746882121,0,5.6574968735377,0,3.59053925857987,0,4.26026944711175,0,0,0,0,0,0,0,0,0,0,0,0,0,0,0,0,0,0,0,0,2.95781898498535,0,8.34293293952942,0,0
0,0,0,0,2.96019434928894,0,4.48132469868049,0,0,0,0,0,3.4417628808455,0,0,0,0,0,0,0,0,0,0,0,0,0,0,0,0,0,0,0,0,0,0,0,0,0,0,0,0,0,0,0,0,0,0,0,0,0,0,0,0,0,0,0,5.56675676618304,0,3.3334373940121,0,0,0,0,0,0,0,0,0,0,0,0,0,0,0,0,0,0,0,0,0,0,0,2.96419274806976,0,0,0,0
0,0,0,0,0,3.51554382840792,0,3.61267801081197,0,0,0,2.79887318611145,0,3.67888930108812,0,0,0,0,0,0,0,0,0,0,0,0,0,0,0,0,0,0,0,0,0,0,0,0,0,0,0,0,0,0,0,0,0,0,0,0,0,3.80451965332031,0,0,0,0,0,3.25599288561987,0,3.2520455678304,0,0,0,0,0,0,0,0,0,0,0,0,0,0,0,0,0,0,0,0,0,0,4.50264676411947,0,0,0,0
6.41603699974392,0,4.6804705619812,0,0,0,0,0,5.88473712465476,0,0,0,0,0,0,0,0,0,0,0,0,0,0,0,6.95473233136264,0,0,0,0,0,0,0,0,0,0,0,0,0,12.2687540245056,0,0,0,0,0,0,0,0,0,9.68627965450287,0,0,0,0,0,0,0,4.86707639694214,0,5.0742621421814,0,4.05738603763091,0,0,0,0,0,0,4.22122572054939,0,0,0,37.7997856140137,0,0,0,0,0,0,0,0,0,10.0838198837687,3.10790807008743,0,14.9683942292866,0,0
0,5.59431248667993,0,3.80595564842224,0,2.92663817820342,0,0,0,3.75958604079026,0,0,0,0,0,2.84736144542694,33.5411135355631,18.4553110599518,0,0,0,0,0,5.7072913646698,0,0,0,0,0,0,0,0,0,0,0,0,0,7.04375028610229,0,0,0,0,0,0,0,0,0,0,0,3.63845299830479,0,5.42954746882121,0,0,0,0,0,0,0,0,0,3.48234140872955,0,0,0,0,3.85454355279605,0,0,0,0,0,0,0,0,0,0,0,0,0,6.44186668978665,0,4.00121900181711,6.71178364753723,3.34339410066605,0,0
9.21448713733304,0,19.0229557722043,0,26.9713176727295,0,6.07381282884178,0,30.8029222488403,0,6.24321748784003,0,8.17861032485962,0,0,0,56.7720237731934,71.6423721313477,47.1021111326398,0,21.3511707981427,0,30.865161895752,0,0,0,0,0,3.84065420539291,0,4.65947263581412,0,0,71.0854339599609,64.8385848999023,0,43.5953905105591,0,12.3054434264578,70.9888725280762,48.9514185587565,73.0299270629883,21.300308321755,0,28.0448188781738,70.5108413696289,26.2801294803619,63.2396650643184,27.6827218400968,62.1571655273438,5.17078609778502,0,5.56675676618304,0,4.86707639694214,0,0,0,6.62105492260902,0,3.27195078751137,0,0,10.1559593627823,0,33.6257729163537,0,0,0,23.8993007796151,0,11.1995230105615,82.411257425944,9.03549626674479,0,0,0,75.5426788330078,0,40.7251150577099,78.9231796264648,48.5880812803904,32.0575601296831,54.9256712198257,14.4503705123332,0,16.67258695364
0,9.12628695170085,0,18.0725837945938,0,32.4112854003906,0,3.74083034453853,0,0,0,7.11129993935799,0,4.11094811960315,0,0,0,84.4075698852539,33.4430975480513,7.06651012336507,0,25.3416740546066,0,19.9959721565247,0,20.5034813435872,0,0,0,0,0,0,0,51.6988706588745,0,17.1060528993607,115.277267456055,14.7741050997166,0,48.8367603302002,0,21.0194737471682,46.1711265563965,19.9309467413487,0,16.652920286155,0,48.4593098958333,47.5855484008789,20.6004033465693,0,5.6574968735377,0,3.25599288561987,0,0,0,0,0,4.21408627199572,0,8.59751674864027,7.45048606554018,0,24.2069296716642,0,17.5217844657698,0,14.7527620327937,0,6.29979543954554,0,6.20305681014122,0,0,0,0,0,49.2129638934958,0,12.7275582035031,0,15.0634215351863,72.9240913391113,12.4012835095769,18.3739405545321,0
5.20510628348903,0,0,0,6.56028377891767,0,0,0,0,0,2.87214698791504,0,3.90774709440413,0,3.30808817015754,0,0,0,90.4870491027832,0,37.0648283004761,0,30.4945422410965,0,19.4186983108521,0,19.9015741348267,0,3.41772849857807,0,0,0,0,0,0,0,43.7330173492432,0,0,0,46.9889704386393,0,20.1179878571454,0,0,0,37.2999947865804,0,11.2511424287673,0,6.17997880404194,0,3.3334373940121,0,5.0742621421814,0,6.62105492260902,0,0,0,3.41700815720992,0,0,17.1460643645256,0,30.1089608452537,0,0,0,15.4922191063104,0,6.1777176964149,0,37.3639183044434,0,0,0,0,0,42.9596507631499,0,79.4602279663086,37.5589079260826,70.1633815765381,20.2979530379886,0,17.4516353607178
0,0,0,3.80285286903381,0,3.09261366815278,0,3.86308379968007,0,0,0,0,0,4.52244438443865,0,0,0,0,0,0,0,0,0,0,0,5.39209008216858,0,0,0,0,0,0,0,0,0,0,0,0,0,0,0,0,0,0,0,0,0,0,0,8.410964012146,0,3.59053925857987,0,3.2520455678304,0,0,0,4.21408627199572,0,0,0,0,16.418872833252,0,0,0,10.1357340812683,0,3.8026503442408,0,3.09125794433966,0,0,0,0,0,0,0,0,0,0,0,5.38373196125031,0,4.91410374641418,0,0
5.94569518015935,0,3.52681565284729,0,0,0,0,0,3.03298607739535,0,0,0,0,0,0,0,25.0130182902018,33.0251274108887,0,0,0,0,0,0,6.88819693817812,0,6.23368345989901,0,0,0,0,0,0,0,0,0,0,0,18.7490463256836,0,0,0,0,0,0,0,0,42.5911827087402,4.7040167682427,0,0,0,0,0,4.05738603763091,0,3.27195078751137,0,3.41700815720992,0,0,0,0,0,0,0,0,3.8931870135394,0,4.80161053994123,0,2.94119787216187,0,8.00057411193848,0,0,0,0,0,0,0,0,4.83264082670212,0,8.02781677246094,0,0
0,4.02472257614136,0,0,0,3.35692325234413,0,0,0,8.83091959953308,0,0,0,2.73759293556213,0,3.09964027669695,38.6117463793073,17.6116104300429,0,0,0,0,0,0,0,0,0,0,0,0,0,0,0,0,0,0,0,0,0,0,0,0,0,0,0,0,0,0,0,5.13535781133743,0,4.26026944711175,0,0,0,3.48234140872955,0,8.59751674864027,0,0,0,0,16.8250579833984,0,0,0,7.19249417565086,0,3.77934040596236,0,0,0,0,0,0,0,0,0,0,0,0,97.5694046020508,8.01809971982783,0,5.2575923204422,0,0
0,15.9182518005371,0,18.0941905975342,0,4.54371404647827,0,0,0,0,0,6.16072287684993,0,0,0,0,0,111.949081420898,81.3549423217773,3.73044815671272,0,40.2633007511948,0,36.3910970687866,0,34.2493546803792,0,0,0,0,0,0,0,45.1751937866211,0,11.4610932992429,0,15.1534923546844,0,13.2183027723561,0,22.159360500454,60.8973350524902,17.898458480835,0,6.04728109157694,0,32.5492805871438,38.2408103942871,27.4423426827359,0,0,0,0,0,0,0,7.45048606554018,0,16.418872833252,0,16.8250579833984,0,0,39.5383816380655,0,32.0481251735313,0,28.14492389134,0,23.6666550033394,0,17.6612213414648,0,0,0,0,0,9.52185112553459,200.259094238281,15.4927974919277,0,14.7174150423801,0,12.6914453551969,18.0511639243678,0
25.9276644388835,0,21.5314501126607,0,15.3794195123621,71.1786193847656,0,0,0,0,4.61044455683509,0,0,0,0,0,87.8619618415833,88.8077455000444,55.3346115875244,0,6.87000943647254,0,48.8962478637695,0,93.6212005615234,0,48.4205589294434,0,0,0,0,0,0,0,0,0,25.6164133615856,102.563911437988,47.9083716775489,89.755859375,26.9808450156245,65.6484381357829,28.799309998206,0,30.8312192644392,73.212516784668,10.522721571421,43.7545248031616,40.8141726644416,168.862213134766,13.3236610325353,0,0,0,0,0,10.1559593627823,0,17.1460643645256,0,0,0,0,0,0,46.0952301025391,0,0,0,40.6787176132202,88.138298034668,26.8919575877209,86.5293858846029,28.369040928441,0,0,57.8316841125488,0,88.2462844848633,28.5958754895507,91.1739387512207,35.7636350867569,46.758715165537,79.8035161495209,23.8356961792231,42.7175369262695,39.5804146598367
0,0,0,54.1702079772949,0,59.8711395263672,0,0,0,0,0,0,0,0,0,0,0,6.66761565208435,70.7189826965332,0,0,5.60193355416274,5.67926502227783,7.03895362087938,0,5.67347380638123,0,0,0,0,0,0,0,0,0,0,0,6.64064653517161,0,0,0,43.101053074428,64.8862609863281,42.467698097229,0,51.0079559913048,0,79.7357597351074,0,15.2319069836238,0,0,0,0,0,0,0,24.2069296716642,0,0,0,0,39.5383816380655,0,0,0,6.34850636035501,0,7.77280211629747,0,8.22581514961579,0,23.1386641263962,113.72843170166,0,0,0,0,67.3914413452148,0,7.91709558538411,0,5.97222821687745,8.80113935470581,32.0900553257094,41.5053131103516,0
0,0,0,0,0,0,0,0,0,0,0,0,0,0,0,0,3.39860299477975,0,0,0,0,0,6.0291535538409,0,8.56487527751923,0,8.54178128363211,0,8.24307454427083,0,0,0,0,0,0,0,87.3622741699219,0,16.7233035255634,0,0,0,36.8799444834391,0,0,0,0,0,23.4950591111795,0,0,0,0,0,0,0,33.6257729163537,0,30.1089608452537,0,0,0,0,46.0952301025391,0,0,0,8.47875148576239,0,14.1170771438895,0,14.8527977434027,0,28.0865378379822,0,0,0,0,0,0,0,16.1116266352374,8.39474006111805,5.19396686553955,38.2915602463942,0,38.7415031433105
0,6.38303204945156,0,43.0273590087891,0,51.8030967712402,0,0,0,3.17197022438049,0,0,0,0,0,0,0,4.06535515189171,39.064811706543,0,0,8.72941678880232,0,3.83781695584638,0,6.24434586933681,0,0,0,0,0,0,0,0,0,0,0,5.50630879006116,0,73.0248260498047,0,35.2617441586086,0,41.6071891784668,0,40.4644064585368,0,0,0,7.9289044485123,0,0,0,0,0,3.85454355279605,0,17.5217844657698,0,10.1357340812683,0,7.19249417565086,32.0481251735313,0,6.34850636035501,0,0,0,6.00304182747058,0,8.75214361822283,0,12.4201523590088,0,0,0,0,0,65.3031158447266,0,6.39266537894256,0,5.86794327056571,104.802581787109,17.0165212103116,31.9587398529053,0
0,0,0,0,0,0,0,0,4.42232188954949,0,0,0,0,0,0,0,0,0,0,0,0,0,8.38037729263306,0,4.27065549278259,0,4.18439357930964,0,0,0,0,0,0,34.7048759460449,0,0,0,0,8.2125609597785,0,0,0,28.2234384536743,0,0,0,0,30.9069645064218,7.89554488530723,0,0,0,0,0,4.22122572054939,0,0,0,0,0,3.8931870135394,0,0,0,0,8.47875148576239,0,0,0,7.0552223278926,0,13.6733913421631,0,0,0,0,35.6946601867676,0,0,0,0,8.7058872631454,22.4490153368782,0,5.75861469093634,0,0
0,0,0,51.2883758544922,0,52.1492805480957,0,0,0,0,0,0,0,3.58487703583457,0,3.35476461323825,0,2.82000676790873,49.2519645690918,0,0,13.8520511450975,0,8.23559120224743,0,7.71068271487749,0,3.73603026072184,0,0,0,0,0,0,0,0,0,103.451950073242,0,60.4072761535645,0,35.0709674835205,0,0,0,35.7217483520508,0,0,0,8.12897887229919,0,0,0,0,0,0,0,14.7527620327937,0,3.8026503442408,0,3.77934040596236,28.14492389134,0,7.77280211629747,0,6.00304182747058,0,0,0,6.91909434092985,0,10.948902130127,0,0,0,0,0,81.0053100585938,0,0,0,9.22089382580348,0,19.1426751809042,25.3757179260254,0
0,0,0,0,0,0,0,0,0,0,0,0,0,0,0,0,0,0,64.8750762939453,0,47.0102577209473,0,11.6611832655717,0,4.3000193377921,0,4.47525567866276,0,5.23683100613681,0,0,0,0,0,0,0,0,0,13.5935460870916,0,0,0,32.4796447753906,0,0,0,46.1083679199219,0,8.38750773252443,0,0,0,0,0,0,0,23.8993007796151,0,15.4922191063104,0,4.80161053994123,0,0,40.6787176132202,0,14.1170771438895,0,7.0552223278926,0,0,0,10.8206119225806,0,19.7760448455811,0,0,0,0,0,71.202091217041,0,17.3530783653259,6.35249447822571,0,23.4111919403076,0,0
