0,0.384839862585068,0.188986514623349,0,0,0,0,0,0.126947005900244,0,0,0,0,0,0.230732291936874,0,0.368578557784741,0.375366075833639,0.333830544757738,0,0,0,0,0,0,0,0,0,0,0,0,0,0,0,0,0,0.385662883520126,0,0,0.38942991409983,0.496609974198225,0.42311042547226,0.34585407294013,0,0,0.387303054332733,0.394078806042671,0,0.178084211274125,0,0,0,0,0,0.197801005827918,0,0.208254798100545,0,0.199284654397231,0,0.222082945207755,0,0.366217970848083,0.367657512426376,0,0,0,0.227344430983067,0,0,0,0,0,0,0,0,0,0,0.387111612161001,0.433596008315614,0,0.467949281136195,0.322017990903458,0,0.293579928271595,0,0.369030326604843
0.384839862585068,0,0,0.175838916709549,0,0,0,0,0,0.133083383707951,0,0,0,0,0,0,0.321958623826504,0.286118395626545,0.307229826566558,0,0,0,0,0.153660327196121,0,0,0,0,0,0,0,0,0,0,0,0.352606281638145,0,0,0,0.463244882948471,0.285229086875916,0.309200476941008,0,0,0,0.373168032084193,0.393659353256226,0,0,0.135899293606412,0,0,0,0,0,0.223679095090024,0,0.316391829933439,0,0,0,0.23314027181443,0.28309298157692,0.34347403049469,0,0,0.157725438475609,0,0,0,0,0,0,0,0,0,0,0,0.431936430181572,0.382563227956945,0,0,0.212818183125807,0,0.266926347553406,0.297308369686729,0
0.188986514623349,0,0,0,0.101487050764263,0,0,0,0.107296938635409,0,0,0,0,0,0,0,0.273332849144936,0.290837913751602,0.288768994457581,0,0.238333016633987,0,0,0,0,0,0,0,0,0,0,0,0,0,0,0,0.231887636582057,0,0,0,0.275778591632843,0,0.295080730408106,0,0.307906672358513,0.266323089599609,0.289406496286392,0,0.180327411719485,0,0.202722609756475,0,0,0,0.162651814969189,0,0.300152197480202,0,0,0,0.2060661688447,0,0,0.27934982840504,0,0,0,0,0,0,0,0,0,0,0,0,0,0,0.372422188520432,0.266567781275394,0,0.285156756639481,0.251129097999281,0.313777695099513,0.280043696649828,0,0.254959037809661
0,0.175838916709549,0,0,0,0.167753431733165,0,0,0,0.162973820034302,0,0,0,0,0,0,0,0.290773371855418,0.283350071785125,0,0,0,0,0.248187184333801,0,0,0,0,0,0,0,0,0,0,0,0.200157886290032,0,0,0,0.243095558136702,0,0.298991573050277,0,0.274176441133022,0,0.25245575979352,0.273327901959419,0,0,0.194483852538304,0,0.224939580071771,0,0,0,0.117910354584455,0,0.284200526443608,0,0.220590102796753,0,0.204868599772453,0.235827907919884,0,0,0,0,0,0,0,0,0,0,0,0,0,0,0,0.26759025994046,0.305047124624252,0,0,0.222525486716231,0,0.27407721647866,0.266133146129385,0
0,0,0.101487050764263,0,0,0,0,0,0.109313944354653,0,0,0,0,0,0,0,0,0,0,0,0.148388198830865,0,0,0,0,0,0,0,0,0,0,0,0,0,0,0,0.181659226234143,0,0,0,0.205839410424232,0,0.246220791339874,0,0,0,0,0,0.228527684509754,0,0.188828855856967,0,0,0,0,0,0.270092576742172,0,0,0,0,0,0,0.245892941951752,0,0,0,0,0,0,0,0,0,0,0,0,0,0,0,0.194512369377272,0,0,0.174052187949419,0.18856927934958,0.19249286957913,0,0
0,0,0,0.167753431733165,0,0,0,0.235571455955505,0,0.130514946030943,0,0,0,0,0,0,0,0,0,0.221042653823152,0,0,0,0,0,0,0,0,0,0,0,0,0,0,0,0.206772030524488,0,0,0,0.315805405378342,0,0.270563840866089,0,0,0,0,0,0,0,0.243105106055737,0,0.201743574616331,0,0.232349038124084,0,0,0,0.193575769662857,0,0,0,0,0.232676088543875,0,0,0,0,0,0,0,0,0,0,0,0,0,0,0,0.224763125181198,0,0,0,0.157949857641516,0.154489801228046,0.222677073151362,0,0
0,0,0,0,0,0,0,0,0,0,0.187118276953697,0,0.12924779454867,0,0,0,0,0,0,0,0,0,0,0,0,0,0,0,0,0,0,0,0,0,0,0,0,0,0,0,0,0,0,0,0,0,0,0,0,0,0.190108731389046,0,0.170388989437085,0,0,0,0.194598562907482,0,0,0,0,0,0,0,0,0,0,0,0,0,0,0,0,0,0,0,0,0,0,0,0,0,0.167753113941713,0.155693829059601,0,0,0
0,0,0,0,0,0.235571455955505,0,0,0,0,0,0.0987602658569813,0,0,0,0,0,0,0,0,0,0,0,0,0,0,0,0,0,0,0,0,0,0,0,0,0,0,0,0,0,0,0,0,0,0,0,0,0,0,0,0.232097242027521,0,0.0869454567631086,0,0,0,0.181157345573107,0,0,0,0,0,0,0,0,0,0,0,0,0,0,0,0,0,0,0,0,0,0,0,0,0.164897210275133,0.18384076654911,0,0,0
0.126947005900244,0,0.107296938635409,0,0.109313944354653,0,0,0,0,0,0,0,0,0,0.209635839958986,0,0.16368685800038,0.172729100693356,0.205188497900963,0,0,0,0,0,0.154717727263171,0,0.157815665006638,0,0,0,0,0,0,0,0,0,0,0,0.207249012099553,0,0,0,0.184385905175337,0,0,0,0,0,0.177067637443542,0,0,0,0,0,0.237041734979721,0,0,0,0,0,0.228417562510894,0,0,0,0,0,0,0.15923781825884,0,0.22382834404707,0,0,0,0,0,0,0,0,0,0,0,0.220359078953775,0.161632603120878,0.221264317631721,0.150955010463016,0,0.137294101600464
0,0.133083383707951,0,0.162973820034302,0,0.130514946030943,0,0,0,0,0,0,0,0.135769680142403,0,0.154062274615375,0,0.178097173571587,0,0,0,0,0,0.170011215377599,0,0,0,0,0,0,0,0,0,0,0,0,0,0.224180510975945,0,0,0,0.236913027034865,0,0,0,0,0,0,0,0.196845570579171,0,0,0,0,0,0.229193443054915,0,0.297284126281738,0,0,0,0,0,0,0,0,0.278682085674211,0,0,0,0,0,0,0,0,0,0,0,0.220927938818932,0,0.286424730406251,0,0.145270493199549,0.148302762148281,0.163629394500529,0.225034594535828,0
0,0,0,0,0,0,0.187118276953697,0,0,0,0,0,0.143655224718193,0,0,0,0,0,0,0,0.130198529788426,0,0,0,0,0,0,0,0.110102504491806,0,0,0,0,0,0,0,0.154286166599819,0,0.143793064151072,0,0,0,0,0,0,0,0,0,0,0,0,0,0.198644021624013,0,0,0,0.196644556378165,0,0.14629476317377,0,0,0,0,0.143584839454511,0,0,0,0,0,0,0,0.128920064440795,0,0,0,0,0,0,0,0.154743250459433,0,0,0.136484810451338,0.163306315802038,0,0,0
0,0,0,0,0,0,0,0.0987602658569813,0,0,0,0,0,0.144346790368944,0,0,0,0,0,0.126215742847409,0,0,0,0,0,0,0,0.154235469798247,0,0.142905670053819,0,0,0,0,0,0.15535097096556,0,0.136432071146555,0,0,0,0,0,0,0,0,0,0,0,0,0,0,0,0.075478333979845,0,0,0,0.198612849016502,0,0.133961930425756,0,0,0.149935960590121,0,0,0,0,0,0,0,0,0,0.178350965342214,0,0,0,0,0,0.215056730434299,0,0.154087983358365,0,0.127797981817275,0,0,0,0
0,0,0,0,0,0,0.12924779454867,0,0,0,0.143655224718193,0,0,0,0.138705218831698,0,0,0,0,0,0,0,0,0,0,0,0,0,0,0,0,0,0,0,0,0,0,0,0,0,0,0,0,0,0,0,0,0,0,0,0,0,0,0,0,0,0.143119276716159,0,0.160347274785874,0,0,0,0,0,0,0,0,0,0,0,0,0.139266384144624,0,0,0,0,0,0,0,0,0,0,0.134806926969601,0.162852054605117,0,0,0
0,0,0,0,0,0,0,0,0,0.135769680142403,0,0.144346790368944,0,0,0,0.146920174360275,0,0,0,0,0,0,0,0,0,0,0,0.158260857787999,0,0,0,0,0,0,0,0,0,0,0,0,0,0,0,0,0,0,0,0,0,0,0,0,0,0,0,0,0,0.133343051705095,0,0.169408840280545,0,0,0,0,0,0,0,0,0,0,0,0,0,0,0,0,0,0,0,0,0,0,0.165018020914151,0.218447186052799,0,0,0
0.230732291936874,0,0,0,0,0,0,0,0.209635839958986,0,0,0,0.138705218831698,0,0,0,0.152039840817451,0,0,0,0,0,0,0,0.176629266805119,0,0,0,0,0,0,0,0,0,0,0,0,0,0,0,0,0,0,0,0,0,0,0,0,0,0,0,0,0,0.239809684175998,0,0,0,0.162876405260142,0,0.244376693259586,0,0,0,0,0,0,0.132922515273094,0,0,0,0,0,0,0,0,0,0,0,0,0,0,0.152567966282368,0,0,0,0
0,0,0,0,0,0,0,0,0,0.154062274615375,0,0,0,0.146920174360275,0,0,0,0.176905026038488,0,0,0,0,0,0.162803683962141,0,0,0,0,0,0,0,0,0,0,0,0,0,0,0,0,0,0,0,0,0,0,0,0,0,0.205038807221821,0,0,0,0,0,0.181721392564657,0,0,0,0,0,0.172531843185425,0,0,0,0,0,0,0,0,0,0,0,0,0,0,0,0,0,0,0,0,0.169405313208699,0.236001366606125,0,0,0
0.368578557784741,0.321958623826504,0.273332849144936,0,0,0,0,0,0.16368685800038,0,0,0,0,0,0.152039840817451,0,0,0.202253328766189,0.298398172589588,0,0,0.163433274626732,0.134432643069886,0.167042657732964,0.162637062370777,0.304228901863098,0.154168304231269,0,0.128435241679351,0,0,0,0,0,0,0,0.304249187310537,0,0,0.352741805629598,0.338748488960595,0.303108151344692,0.285819939083674,0.2874955534935,0.336115226149559,0.334072915120767,0.318048607824104,0,0.275862783193588,0,0,0,0,0,0,0,0.324725210666656,0.325089514255524,0,0,0,0,0.331504662632942,0.31836265289202,0,0.138767715543509,0,0.158054143190384,0,0.169149708692674,0,0,0,0,0,0,0,0,0.354607599670999,0.344152780042754,0,0.413204550743103,0.230882941306665,0.194475661473659,0.339292172498481,0.301116988062859,0.278565655377778
0.375366075833639,0.286118395626545,0.290837913751602,0.290773371855418,0,0,0,0,0.172729100693356,0.178097173571587,0,0,0,0,0,0.176905026038488,0.202253328766189,0,0.311601858942539,0,0,0.155951152888604,0,0.147005300037563,0,0.149526938292626,0.200479338246007,0.142199118857476,0,0,0,0,0,0,0,0,0.361336410045624,0,0,0.326826208233833,0.36426892504096,0.282642920062227,0.297181551655134,0.285914578221061,0,0.311537240498832,0.313888597747554,0,0,0,0,0,0,0,0,0,0,0.280046060681343,0,0,0,0,0.320037744366206,0.325536298255126,0.158648788928986,0,0.146255065997442,0,0.179416555284273,0.223718836903572,0,0,0,0,0,0,0,0,0.331626787381684,0.346515861003339,0,0.377467840909958,0.199024580336615,0.171898014215253,0.322635587790738,0.288349434733391,0.257421919703484
0.333830544757738,0.307229826566558,0.288768994457581,0.283350071785125,0,0,0,0,0.205188497900963,0,0,0,0,0,0,0,0.298398172589588,0.311601858942539,0,0,0,0.283494502305984,0,0,0,0.246437877416611,0.231966349296272,0,0,0,0,0,0,0,0,0.321861006319523,0.326823451618354,0,0,0.351723485370688,0.328009673927942,0.268248995847311,0.240098385782191,0.229604367896454,0.237361880640189,0.316345880977974,0.305050811954953,0,0.264370176941156,0.224386050365865,0,0,0,0,0,0,0.328783626668155,0.328471117342512,0,0,0,0,0.324174438166738,0.31742042097889,0,0,0,0,0,0,0,0,0.30916503071785,0,0,0,0,0,0.359415945100672,0.344876082134044,0,0.381620561083158,0.252588353219669,0.226099132786731,0.332195093791955,0.255075962331197,0.255165840374927
0,0,0,0,0,0.221042653823152,0,0,0,0,0,0.126215742847409,0,0,0,0,0,0,0,0,0,0,0,0,0,0,0,0,0,0,0,0,0,0,0,0.175856525586134,0,0.13931139609937,0,0,0,0,0,0,0,0.212570173044999,0,0,0,0,0,0.273508470834178,0,0,0,0,0,0.326003908407031,0,0,0,0,0.198175238738817,0,0,0,0,0,0,0,0,0,0,0,0,0,0,0,0.234532857200374,0,0,0,0.149155202037137,0,0.291635060487273,0,0
0,0,0.238333016633987,0,0.148388198830865,0,0,0,0,0,0.130198529788426,0,0,0,0,0,0,0,0,0,0,0,0,0,0,0,0,0,0,0,0,0,0,0,0,0,0.165012428666722,0,0.160242867469788,0,0.195033386349678,0,0.259127229452133,0,0,0,0.269503194093704,0.194811806082726,0.205530900022258,0,0.186529302841996,0,0,0,0,0,0.142958735949115,0,0,0,0,0,0,0.2089267828389,0,0,0,0,0,0,0,0,0,0,0,0,0,0,0,0.191229883858815,0,0.250899856289228,0.154224511035668,0,0.250872402973131,0,0
0,0,0,0,0,0,0,0,0,0,0,0,0,0,0,0,0.163433274626732,0.155951152888604,0.283494502305984,0,0,0,0.104519323458499,0.123490296614667,0,0.157969421622428,0,0.155325368046761,0,0,0,0,0,0,0,0,0,0.165929484733774,0,0,0,0,0,0,0,0,0,0,0,0.227938220649958,0,0,0,0,0,0,0,0,0,0,0,0,0,0,0.214632774282997,0.113374042014281,0.11713506338688,0,0.154111764941019,0,0.150164172053337,0,0,0,0,0,0,0,0,0,0.180746154588793,0,0.120682146068947,0.115753894081767,0.259584948420525,0,0
0,0,0,0,0,0,0,0,0,0,0,0,0,0,0,0,0.134432643069886,0,0,0,0,0.104519323458499,0,0,0.0963458881928371,0,0.15454023083051,0,0.145083342194557,0,0,0,0,0,0,0,0,0,0.169905086619369,0,0,0,0,0,0,0,0,0,0.218450124369187,0,0,0,0,0,0,0,0,0,0,0,0,0,0,0,0,0.227903781745863,0,0.104729584321893,0,0.151685663444154,0,0.175694249294422,0,0,0,0,0,0,0,0,0,0.172076480551845,0.13084591122774,0.140316516084549,0,0,0
0,0.153660327196121,0,0.248187184333801,0,0,0,0,0,0.170011215377599,0,0,0,0,0,0.162803683962141,0.167042657732964,0.147005300037563,0,0,0,0.123490296614667,0,0,0,0.164348736204006,0,0,0,0,0,0,0,0,0,0,0,0.172182753883504,0,0,0,0,0,0,0,0,0,0,0,0,0,0,0,0,0,0.215431169227318,0,0,0,0,0,0,0,0,0.0947597961534153,0,0.204820997424142,0,0.276481909548292,0,0,0,0,0,0,0,0,0,0,0,0.20448530569326,0,0.139563501751336,0.120488131588156,0.227925809964221,0,0
0,0,0,0,0,0,0,0,0.154717727263171,0,0,0,0,0,0.176629266805119,0,0.162637062370777,0,0,0,0,0,0.0963458881928371,0,0,0,0.13467943433084,0,0,0,0,0,0,0,0,0,0,0,0.157365772969231,0,0,0,0,0,0,0,0,0,0.363300710916519,0,0,0,0,0,0.186063666225356,0,0,0,0,0,0.218805154667625,0,0,0,0,0.196689337491989,0,0.198967390657665,0,0.163624740008152,0,0,0,0,0,0,0,0,0,0,0,0.166698635494622,0.156151061404054,0,0.258704632370159,0,0
0,0,0,0,0,0,0,0,0,0,0,0,0,0,0,0,0.304228901863098,0.149526938292626,0.246437877416611,0,0,0.157969421622428,0,0.164348736204006,0,0,0,0.142815197401858,0,0,0,0,0,0,0,0,0,0,0,0,0,0,0,0,0,0,0,0,0,0,0,0,0,0,0,0,0,0,0,0,0,0,0,0,0.161494836211205,0,0,0,0.276645904435561,0,0,0,0,0,0,0,0,0,0,0,0,0,0.163178345307391,0,0,0,0
0,0,0,0,0,0,0,0,0.157815665006638,0,0,0,0,0,0,0,0.154168304231269,0.200479338246007,0.231966349296272,0,0,0,0.15454023083051,0,0.13467943433084,0,0,0,0.167029773959747,0,0,0,0,0,0,0,0,0,0,0,0,0,0,0,0,0,0,0,0,0,0,0,0,0,0,0,0,0,0,0,0,0,0,0,0,0,0,0.136938083502981,0,0.142950985580683,0,0.170650213956833,0,0,0,0,0,0,0,0,0,0,0.185336381965077,0,0,0,0
0,0,0,0,0,0,0,0,0,0,0,0.154235469798247,0,0.158260857787999,0,0,0,0.142199118857476,0,0,0,0.155325368046761,0,0,0,0.142815197401858,0,0,0,0.143976581046881,0,0,0,0,0,0,0,0.134981353931567,0,0,0,0,0,0,0,0,0,0,0,0,0,0,0,0,0,0,0,0,0,0.140515180836831,0,0,0,0,0.145251569151878,0,0,0,0.160102562835583,0,0.155268569631514,0,0.128364160656929,0,0,0,0,0,0,0,0,0,0.153639044031638,0.160658806562424,0,0,0
0,0,0,0,0,0,0,0,0,0,0.110102504491806,0,0,0,0,0,0.128435241679351,0,0,0,0,0,0.145083342194557,0,0,0,0.167029773959747,0,0,0,0.144821698495815,0,0,0,0,0,0,0,0.147581224733928,0,0,0,0,0,0,0,0,0,0,0,0,0,0,0,0,0,0,0,0,0,0,0,0,0,0,0.184325289587642,0,0,0,0,0,0.18304855142187,0,0.1788455961893,0,0,0,0,0,0,0,0,0.147073649591015,0.157374792276545,0,0,0
0,0,0,0,0,0,0,0,0,0,0,0.142905670053819,0,0,0,0,0,0,0,0,0,0,0,0,0,0,0,0.143976581046881,0,0,0,0,0,0,0,0,0,0,0,0,0,0,0,0,0,0,0,0,0,0,0,0,0,0,0,0,0,0.143036214013894,0,0,0,0,0,0,0,0,0,0,0,0,0.163650838714657,0,0.210835242418177,0,0,0,0,0,0,0,0,0,0.123839624226093,0,0,0,0
0,0,0,0,0,0,0,0,0,0,0,0,0,0,0,0,0,0,0,0,0,0,0,0,0,0,0,0,0.144821698495815,0,0,0,0,0,0,0,0,0,0.147257469892502,0,0,0,0,0,0,0,0,0,0,0,0,0,0,0,0,0,0,0,0,0,0,0,0,0,0,0,0,0,0,0,0,0.154622090490241,0,0.183411531702236,0,0,0,0,0,0,0,0.189906454447544,0.152207190390019,0.140054576908765,0,0,0
0,0,0,0,0,0,0,0,0,0,0,0,0,0,0,0,0,0,0,0,0,0,0,0,0,0,0,0,0,0,0,0,0.163400269237657,0.438711322016186,0,0.15205720470721,0.148291604483829,0,0,0,0,0,0,0,0,0,0,0.231377264718536,0,0,0,0,0,0,0,0,0,0,0,0,0,0,0,0,0,0,0,0,0,0,0,0,0,0,0.237141660657775,0.157715472120505,0.344187712440124,0,0.305057999911587,0,0,0,0.155835061890995,0,0,0,0
0,0,0,0,0,0,0,0,0,0,0,0,0,0,0,0,0,0,0,0,0,0,0,0,0,0,0,0,0,0,0,0.163400269237657,0,0,0.178366869688034,0,0.166494353675881,0,0,0,0,0,0,0,0,0,0,0.231063307372524,0,0,0,0,0,0,0,0,0,0,0,0,0,0,0,0,0,0,0,0,0,0,0,0,0,0,0.183226542449311,0.237474702622579,0.193950042128563,0,0,0.173551718937233,0,0,0.130987178782622,0,0,0,0
0,0,0,0,0,0,0,0,0,0,0,0,0,0,0,0,0,0,0,0,0,0,0,0,0,0,0,0,0,0,0,0.438711322016186,0,0,0.186622598974765,0.173649713958992,0,0.284501883686419,0,0,0,0,0,0,0,0,0,0.288872556036334,0.444395050406456,0,0,0,0,0,0,0,0,0,0,0,0,0,0,0,0,0,0,0,0,0,0,0,0,0,0.400409232615755,0,0.229226172509315,0.197232247299752,0.254261464253068,0,0.277823631844278,0,0.18877264939619,0,0,0,0
0,0,0,0,0,0,0,0,0,0,0,0,0,0,0,0,0,0,0,0,0,0,0,0,0,0,0,0,0,0,0,0,0.178366869688034,0.186622598974765,0,0,0.169715521444461,0.142594087868929,0.258552998083609,0,0,0,0,0,0,0,0,0.23215289774594,0,0,0,0,0,0,0,0,0,0,0,0,0,0,0,0,0,0,0,0,0,0,0,0,0,0,0,0.237596282958984,0.183326659854068,0.232455036189062,0,0.167849246093205,0,0.279279318418396,0.174376446680695,0.218847200274467,0,0,0
0,0.352606281638145,0,0.200157886290032,0,0.206772030524488,0,0,0,0,0,0.15535097096556,0,0,0,0,0,0,0.321861006319523,0.175856525586134,0,0,0,0,0,0,0,0,0,0,0,0.15205720470721,0,0.173649713958992,0,0,0.143985278103561,0.173347947716177,0.0986071582883596,0.174158581429058,0,0.256644825850214,0,0,0,0.232858156928649,0,0.229579554249843,0,0.213275885152997,0,0.22966276070005,0,0,0,0,0,0.175217620216974,0,0,0,0,0.175941471008685,0,0,0,0,0,0,0,0,0,0,0,0.170354330174203,0,0.190567157552208,0,0.226852977937346,0.15005181209753,0.220059276694179,0,0.166052384540175,0.192199723532906,0.215251062832334,0.360817283391953,0
0.385662883520126,0,0.231887636582057,0,0.181659226234143,0,0,0,0,0,0.154286166599819,0,0,0,0,0,0.304249187310537,0.361336410045624,0.326823451618354,0,0.165012428666722,0,0,0,0,0,0,0,0,0,0,0.148291604483829,0.166494353675881,0,0.169715521444461,0.143985278103561,0,0,0.15288768013023,0,0.205500962585211,0,0.274906340797069,0,0,0.353501796722412,0.250351720274641,0.169273771345615,0.228487944294666,0.209214046597481,0.205200481287977,0,0,0,0,0,0.195755093442556,0,0,0,0,0,0,0.191451368321797,0,0,0,0,0,0,0,0,0,0,0,0.172088450246692,0,0.165126735188744,0.178207876160741,0.204471826703582,0,0.196545199244323,0.170744698290236,0.159430421663053,0.230597315041247,0,0.265274114906788
0,0,0,0,0,0,0,0,0,0.224180510975945,0,0.136432071146555,0,0,0,0,0,0,0,0.13931139609937,0,0.165929484733774,0,0.172182753883504,0,0,0,0.134981353931567,0,0,0,0,0,0.284501883686419,0.142594087868929,0.173347947716177,0,0,0.139174796758073,0,0,0,0,0,0,0,0,0.257235010601959,0,0.411901279039158,0,0,0,0,0,0.283097356927733,0,0.13240213874374,0,0,0,0,0.123282507061958,0,0.154891164857308,0,0.261574979268497,0,0,0,0.139335693809593,0,0,0,0,0,0.230697498034319,0,0.24624784419781,0,0.249873620233835,0.136518270894885,0.157204369811024,0.168675264689775,0.381814143101111,0,0
0,0,0,0,0,0,0,0,0.207249012099553,0,0.143793064151072,0,0,0,0,0,0,0,0,0,0.160242867469788,0,0.169905086619369,0,0.157365772969231,0,0,0,0.147581224733928,0,0.147257469892502,0,0,0,0.258552998083609,0.0986071582883596,0.15288768013023,0.139174796758073,0,0,0,0,0.171954579651356,0,0,0,0,0.221767550995273,0.375809486625315,0,0,0,0,0,0.280990854476447,0,0.141500943974287,0,0,0,0,0,0,0.18728595214375,0,0.1965573925551,0,0.251171218036927,0,0,0,0.143304599182946,0,0.135627329349518,0,0,0,0.291516138944361,0,0.229805370517774,0,0.233427946216659,0.15056762205879,0.146621815860271,0.446840730202091,0,0.141999542713165
0.38942991409983,0.463244882948471,0,0.243095558136702,0,0.315805405378342,0,0,0,0,0,0,0,0,0,0,0.352741805629598,0.326826208233833,0.351723485370688,0,0,0,0,0,0,0,0,0,0,0,0,0,0,0,0,0.174158581429058,0,0,0,0,0.354998573660851,0.291669501261537,0.28573112487793,0.38391660913925,0,0.365137599458187,0.329217953814401,0.196516889490579,0,0.176014258704159,0,0.218656678994497,0,0,0,0,0,0.273635655641556,0,0,0,0,0.22030154048782,0.343063873904092,0,0,0,0,0,0,0,0,0,0,0,0,0,0,0.233820335218247,0.370537206016738,0,0,0.329842066257558,0.347414483626684,0.288508285827935,0.339651250670994,0.282685061295827
0.496609974198225,0.285229086875916,0.275778591632843,0,0.205839410424232,0,0,0,0,0,0,0,0,0,0,0,0.338748488960595,0.36426892504096,0.328009673927942,0,0.195033386349678,0,0,0,0,0,0,0,0,0,0,0,0,0,0,0,0.205500962585211,0,0,0.354998573660851,0,0.286225482821465,0.288656432357231,0.279107742403683,0.34418261796236,0.34199932590127,0.306683684944676,0,0.21840344857553,0,0.216516742339501,0,0,0,0,0,0.311251866817474,0.402269273996353,0,0,0,0,0.384968847036362,0.204465433166771,0,0,0,0,0,0,0,0,0,0,0,0,0,0,0.375759003793492,0.275015997384295,0,0,0.367496934031015,0.316558614373207,0.255869519707609,0.312512844800949,0.326579188701337
0.42311042547226,0.309200476941008,0,0.298991573050277,0,0.270563840866089,0,0,0,0.236913027034865,0,0,0,0,0,0,0.303108151344692,0.282642920062227,0.268248995847311,0,0,0,0,0,0,0,0,0,0,0,0,0,0,0,0,0.256644825850214,0,0,0,0.291669501261537,0.286225482821465,0,0.269416708953969,0.289997050022504,0,0.301640597955166,0.252611853974931,0.485085745109245,0.380770299583673,0.334263145624209,0,0.275605503292311,0,0,0,0.261898555358251,0,0.356256789351046,0,0.363151775529751,0,0.29927577256444,0.311892976980765,0.299581272637143,0,0,0,0,0,0,0,0,0.256099430578096,0,0,0,0,0,0.335773395758381,0.304713176025285,0,0,0.32846730848116,0.271551679035551,0.320970946619211,0.276880812396543,0.28514505426089
0.34585407294013,0,0.295080730408106,0,0.246220791339874,0,0,0,0.184385905175337,0,0,0,0,0,0,0,0.285819939083674,0.297181551655134,0.240098385782191,0,0.259127229452133,0,0,0,0,0,0,0,0,0,0,0,0,0,0,0,0.274906340797069,0,0.171954579651356,0.28573112487793,0.288656432357231,0.269416708953969,0,0.212159781863815,0.207543006787697,0.258289114154618,0.267888229364195,0.472035947748843,0.30319824570677,0.342069109280904,0.239864542203791,0.283626228570938,0,0,0,0,0.400374719394526,0.32557612657547,0.371180948657049,0,0.357000917196274,0,0.301297719279925,0.293601269676349,0,0,0,0,0,0,0,0,0,0,0,0,0,0,0.303609185516834,0.317330666273816,0,0.445048328489065,0.309022828400066,0.292523752450943,0.325044804662494,0.238433202107747,0.253175534837652
0,0,0,0.274176441133022,0,0,0,0,0,0,0,0,0,0,0,0,0.2874955534935,0.285914578221061,0.229604367896454,0,0,0,0,0,0,0,0,0,0,0,0,0,0,0,0,0,0,0,0,0.38391660913925,0.279107742403683,0.289997050022504,0.212159781863815,0,0,0.364441028062035,0.231354030470053,0,0,0,0,0,0,0,0,0,0,0.30673935264349,0,0,0,0,0.37089777694029,0.288275761736764,0,0,0,0,0,0,0,0,0,0,0,0,0,0,0.394771200501257,0.294146783383829,0,0,0.220891825295985,0,0.314301863399356,0.2959163794294,0
0,0,0.307906672358513,0,0,0,0,0,0,0,0,0,0,0,0,0,0.336115226149559,0,0.237361880640189,0,0,0,0,0,0,0,0,0,0,0,0,0,0,0,0,0,0,0,0,0,0.34418261796236,0,0.207543006787697,0,0,0,0.221828325054584,0,0,0,0,0,0,0,0,0,0,0,0,0,0,0,0,0.32327806784047,0,0,0,0,0,0,0,0,0,0,0,0,0,0,0,0.397450151278618,0,0,0.22613854218613,0.281376361846924,0.253782843379942,0,0.312914997339249
0.387303054332733,0.373168032084193,0.266323089599609,0.25245575979352,0,0,0,0,0,0,0,0,0,0,0,0,0.334072915120767,0.311537240498832,0.316345880977974,0.212570173044999,0,0,0,0,0,0,0,0,0,0,0,0,0,0,0,0.232858156928649,0.353501796722412,0,0,0.365137599458187,0.34199932590127,0.301640597955166,0.258289114154618,0.364441028062035,0,0,0.320473933557294,0,0,0.207552657315606,0,0.244689956307411,0,0,0,0,0.366939872503281,0.266646766311982,0,0,0,0,0.296316940787281,0.344675329891411,0,0,0,0,0,0,0,0,0,0,0,0,0,0,0.255811761485389,0.359912716668018,0.246181383728981,0,0.300423274682873,0.307434275746346,0.307701366668453,0.297071026528583,0.267312441021204
0.394078806042671,0.393659353256226,0.289406496286392,0.273327901959419,0,0,0,0,0,0,0,0,0,0,0,0,0.318048607824104,0.313888597747554,0.305050811954953,0,0.269503194093704,0,0,0,0,0,0,0,0,0,0,0,0,0,0,0,0.250351720274641,0,0,0.329217953814401,0.306683684944676,0.252611853974931,0.267888229364195,0.231354030470053,0.221828325054584,0.320473933557294,0,0,0.273137051612139,0.297747582197189,0.215671978890896,0,0,0,0,0,0.271873015064548,0,0,0,0,0,0.336142957210541,0.278265389369657,0,0,0,0,0,0,0,0,0,0,0,0,0,0,0.348395658612251,0.254499039945662,0,0.34197090904821,0.280233069930388,0.286899276077747,0.286577824471252,0.296003526449203,0.273499322348628
0,0,0,0,0,0,0,0,0,0,0,0,0,0,0,0,0,0,0,0,0.194811806082726,0,0,0,0,0,0,0,0,0,0,0.231377264718536,0.231063307372524,0.288872556036334,0.23215289774594,0.229579554249843,0.169273771345615,0.257235010601959,0.221767550995273,0.196516889490579,0,0.485085745109245,0.472035947748843,0,0,0,0,0,0.475341525168928,0.487018301880606,0,0,0,0,0,0,0,0,0,0,0,0,0,0.196482419967651,0,0,0,0,0,0,0,0,0,0,0.27591097463782,0.357112085405059,0.263349374822098,0.313469838754958,0.336677630434118,0.318257966684917,0.273299886322603,0.270435954843249,0.550058654184389,0.260168388485909,0.504277702351707,0,0
0.178084211274125,0,0.180327411719485,0,0.228527684509754,0,0,0,0.177067637443542,0,0,0,0,0,0,0,0.275862783193588,0,0.264370176941156,0,0.205530900022258,0,0.218450124369187,0,0.363300710916519,0,0,0,0,0,0,0,0,0.444395050406456,0,0,0.228487944294666,0,0.375809486625315,0,0.21840344857553,0.380770299583673,0.30319824570677,0,0,0,0.273137051612139,0.475341525168928,0,0.318318454981219,0.222920166818719,0,0,0,0.169319875538349,0,0.235197120497369,0,0.254256591312031,0,0.220243223011494,0,0,0.243973153829575,0,0.230210241226136,0,0.258619874524765,0,0,0,0,0,0.201272084615951,0,0,0,0.357610478997231,0.415832251310349,0.305746250877934,0,0.36034541704825,0.400461475968688,0.273142322897911,0.329644387814595,0,0.270400864658532
0,0.135899293606412,0,0.194483852538304,0,0.243105106055737,0,0,0,0.196845570579171,0,0,0,0,0,0.205038807221821,0,0,0.224386050365865,0,0,0.227938220649958,0,0,0,0,0,0,0,0,0,0,0,0,0,0.213275885152997,0.209214046597481,0.411901279039158,0,0.176014258704159,0,0.334263145624209,0.342069109280904,0,0,0.207552657315606,0.297747582197189,0.487018301880606,0.318318454981219,0,0,0.24430633412332,0,0,0,0.142347749633094,0.228003929058711,0.310061239770481,0,0.292487240935627,0,0.236960276236049,0.215223429931535,0.302362948656082,0.255692217419756,0,0.191466272705131,0,0.21241170167923,0,0.222164833918214,0,0.241235837340355,0,0,0.543126463890076,0,0,0.269341351508996,0.277490988373756,0.334160595394467,0,0.393591263606812,0.261386018246412,0.323976817770427,0.341054120961624,0
0,0,0.202722609756475,0,0.188828855856967,0,0.190108731389046,0,0,0,0,0,0,0,0,0,0,0,0,0,0.186529302841996,0,0,0,0,0,0,0,0,0,0,0,0,0,0,0,0.205200481287977,0,0,0,0.216516742339501,0,0.239864542203791,0,0,0,0.215671978890896,0,0.222920166818719,0,0,0,0,0,0,0,0.268596453552842,0,0.247439370216692,0,0.216006124019623,0,0,0.238783858992435,0,0,0,0,0,0,0,0,0,0,0,0,0,0,0,0.229867712340572,0,0,0.197741093178744,0.203428895937072,0.239483335069593,0,0
0,0,0,0.224939580071771,0,0.201743574616331,0,0.232097242027521,0,0,0,0,0,0,0,0,0,0,0,0.273508470834178,0,0,0,0,0,0,0,0,0,0,0,0,0,0,0,0.22966276070005,0,0,0,0.218656678994497,0,0.275605503292311,0.283626228570938,0,0,0.244689956307411,0,0,0,0.24430633412332,0,0,0,0,0,0,0,0.250433111493301,0,0.216500920653343,0,0,0.283617681855785,0,0,0,0,0,0,0,0,0,0,0,0,0,0,0,0.241715357159123,0,0,0,0.185707384693962,0,0.251797818307017,0,0
0,0,0,0,0,0,0.170388989437085,0,0,0,0.198644021624013,0,0,0,0,0,0,0,0,0,0,0,0,0,0,0,0,0,0,0,0,0,0,0,0,0,0,0,0,0,0,0,0,0,0,0,0,0,0,0,0,0,0,0,0,0,0.232237459655013,0,0,0,0,0,0,0,0,0,0,0,0,0,0,0,0,0,0,0,0,0,0,0,0,0,0.163077462666719,0,0,0,0
0,0,0,0,0,0.232349038124084,0,0.0869454567631086,0,0,0,0.075478333979845,0,0,0,0,0,0,0,0,0,0,0,0,0,0,0,0,0,0,0,0,0,0,0,0,0,0,0,0,0,0,0,0,0,0,0,0,0,0,0,0,0,0,0,0,0,0.172880111967476,0,0.157473041365544,0,0,0,0,0,0,0,0,0,0,0,0,0,0,0,0,0,0,0,0,0,0,0.199614259103934,0,0,0,0
0.197801005827918,0,0.162651814969189,0,0,0,0,0,0.237041734979721,0,0,0,0,0,0.239809684175998,0,0,0,0,0,0,0,0,0,0.186063666225356,0,0,0,0,0,0,0,0,0,0,0,0,0,0.280990854476447,0,0,0,0,0,0,0,0,0,0.169319875538349,0,0,0,0,0,0,0,0,0,0,0,0.255783008766644,0,0,0,0,0,0,0.247334171510279,0,0.233361338279141,0,0,0,0,0,0,0,0,0,0,0,0.302511486213306,0.208886920385165,0,0.215057527493747,0,0
0,0.223679095090024,0,0.117910354584455,0,0,0,0,0,0.229193443054915,0,0,0,0,0,0.181721392564657,0,0,0,0,0,0,0,0.215431169227318,0,0,0,0,0,0,0,0,0,0,0,0,0,0.283097356927733,0,0,0,0.261898555358251,0,0,0,0,0,0,0,0.142347749633094,0,0,0,0,0,0,0,0,0,0,0,0.243299733616824,0,0,0,0,0.277565948034192,0,0,0,0,0,0,0,0,0,0,0,0,0,0.324413263525059,0,0.17686021764104,0,0.220264232344925,0,0
0.208254798100545,0,0.300152197480202,0,0.270092576742172,0,0.194598562907482,0,0,0,0.196644556378165,0,0.143119276716159,0,0,0,0.324725210666656,0,0.328783626668155,0,0.142958735949115,0,0,0,0,0,0,0,0,0,0,0,0,0,0,0,0.195755093442556,0,0.141500943974287,0,0.311251866817474,0,0.400374719394526,0,0,0.366939872503281,0.271873015064548,0,0.235197120497369,0.228003929058711,0.268596453552842,0,0.232237459655013,0,0,0,0,0,0.207812237535037,0,0.223798980315526,0,0,0.306611297657626,0,0,0,0,0,0,0,0,0,0.240921348333359,0,0,0,0,0.332651823759079,0.25754178954222,0,0,0.200512371413344,0.173232063651085,0.2883845480212,0,0.368087149998933
0,0.316391829933439,0,0.284200526443608,0,0.193575769662857,0,0.181157345573107,0,0.297284126281738,0,0.198612849016502,0,0.133343051705095,0,0,0.325089514255524,0.280046060681343,0.328471117342512,0.326003908407031,0,0,0,0,0,0,0,0,0,0.143036214013894,0,0,0,0,0,0.175217620216974,0,0.13240213874374,0,0.273635655641556,0.402269273996353,0.356256789351046,0.32557612657547,0.30673935264349,0,0.266646766311982,0,0,0,0.310061239770481,0,0.250433111493301,0,0.172880111967476,0,0,0,0,0,0.150635682046413,0,0,0.271920968413579,0,0,0,0,0,0,0,0,0,0.386039428412914,0,0,0,0,0,0.252338945766948,0,0.135682990153631,0,0.223664428583766,0.342908382415771,0.292011420731827,0.355139813668662,0.278180420398712
0.199284654397231,0,0,0,0,0,0,0,0,0,0.14629476317377,0,0.160347274785874,0,0.162876405260142,0,0,0,0,0,0,0,0,0,0,0,0,0,0,0,0,0,0,0,0,0,0,0,0,0,0,0,0.371180948657049,0,0,0,0,0,0.254256591312031,0,0.247439370216692,0,0,0,0,0,0.207812237535037,0,0,0,0.19658407410993,0,0,0,0,0,0,0,0,0.203861318528652,0,0.182384505867958,0,0,0,0,0,0,0,0,0,0,0.148927947056705,0.160039937330617,0.276687188460804,0,0.369693072778838
0,0,0,0.220590102796753,0,0,0,0,0,0,0,0.133961930425756,0,0.169408840280545,0,0,0,0,0,0,0,0,0,0,0,0,0,0.140515180836831,0,0,0,0,0,0,0,0,0,0,0,0,0,0.363151775529751,0,0,0,0,0,0,0,0.292487240935627,0,0.216500920653343,0,0.157473041365544,0,0,0,0.150635682046413,0,0,0,0.261779725551605,0,0,0,0,0,0,0,0,0,0,0,0,0,0,0,0,0,0,0,0,0.188029633557543,0,0.347338614719255,0.375346660614014,0
0.222082945207755,0,0.2060661688447,0,0,0,0,0,0.228417562510894,0,0,0,0,0,0.244376693259586,0,0,0,0,0,0,0,0,0,0.218805154667625,0,0,0,0,0,0,0,0,0,0,0,0,0,0,0,0,0,0.357000917196274,0,0,0,0,0,0.220243223011494,0,0.216006124019623,0,0,0,0.255783008766644,0,0.223798980315526,0,0.19658407410993,0,0,0,0,0,0,0,0,0.227265026121244,0,0.240174042681853,0,0,0,0,0,0,0,0,0,0,0,0,0.351463228464127,0,0.259822224661455,0,0
0,0.23314027181443,0,0.204868599772453,0,0,0,0,0,0,0,0,0,0,0,0.172531843185425,0,0,0,0,0,0,0,0,0,0,0,0,0,0,0,0,0,0,0,0,0,0,0,0,0,0.29927577256444,0,0,0,0,0,0,0,0.236960276236049,0,0,0,0,0,0.243299733616824,0,0,0,0.261779725551605,0,0,0,0,0,0,0,0,0,0,0,0,0,0,0,0,0,0,0,0,0,0,0,0.256096603778692,0.247513668735822,0.345017522573471,0
0.366217970848083,0.28309298157692,0,0.235827907919884,0,0.232676088543875,0,0,0,0,0,0.149935960590121,0,0,0,0,0.331504662632942,0.320037744366206,0.324174438166738,0.198175238738817,0,0,0,0,0,0,0,0,0,0,0,0,0,0,0,0.175941471008685,0,0.123282507061958,0,0.22030154048782,0.384968847036362,0.311892976980765,0.301297719279925,0.37089777694029,0,0.296316940787281,0.336142957210541,0,0,0.215223429931535,0,0.283617681855785,0,0,0,0,0,0.271920968413579,0,0,0,0,0,0.342086281095232,0,0,0,0,0,0,0,0,0.322902917861938,0,0,0,0,0,0.246809565378922,0.340137169804684,0,0,0.212968445084627,0.276955872774124,0.294496348623587,0.30732005931761,0.359409242868423
0.367657512426376,0.34347403049469,0.27934982840504,0,0.245892941951752,0,0,0,0,0,0.143584839454511,0,0,0,0,0,0.31836265289202,0.325536298255126,0.31742042097889,0,0.2089267828389,0,0,0,0,0,0,0,0,0,0,0,0,0,0,0,0.191451368321797,0,0.18728595214375,0.343063873904092,0.204465433166771,0.299581272637143,0.293601269676349,0.288275761736764,0.32327806784047,0.344675329891411,0.278265389369657,0.196482419967651,0.243973153829575,0.302362948656082,0.238783858992435,0,0,0,0,0,0.306611297657626,0,0,0,0,0,0.342086281095232,0,0,0,0,0,0,0,0,0,0,0,0,0,0,0,0.341708305538917,0.242415097558134,0,0.278499125582831,0.243837816962464,0.317177106936773,0.305957140265449,0.322701439261436,0.327249874409876
0,0,0,0,0,0,0,0,0,0,0,0,0,0,0,0,0,0.158648788928986,0,0,0,0.214632774282997,0,0.0947597961534153,0,0.161494836211205,0,0.145251569151878,0,0,0,0,0,0,0,0,0,0.154891164857308,0,0,0,0,0,0,0,0,0,0,0,0.255692217419756,0,0,0,0,0,0,0,0,0,0,0,0,0,0,0,0,0.203828493076743,0,0,0,0.176946450557028,0,0,0,0,0,0,0,0,0,0.201232528281316,0,0.145628603504992,0.112963527441025,0.217060387134552,0,0
0,0,0,0,0,0,0,0,0,0,0,0,0,0,0,0,0.138767715543509,0,0,0,0,0.113374042014281,0.227903781745863,0,0.196689337491989,0,0,0,0.184325289587642,0,0,0,0,0,0,0,0,0,0.1965573925551,0,0,0,0,0,0,0,0,0,0.230210241226136,0,0,0,0,0,0,0,0,0,0,0,0,0,0,0,0,0,0,0.191781450943513,0,0.153511778371675,0,0.188583861070651,0,0,0,0,0,0,0,0,0,0.224807102726651,0.140956003118206,0.144626125693321,0,0,0
0,0.157725438475609,0,0,0,0,0,0,0,0.278682085674211,0,0,0,0,0,0,0,0.146255065997442,0,0,0,0.11713506338688,0,0.204820997424142,0,0,0,0,0,0,0,0,0,0,0,0,0,0.261574979268497,0,0,0,0,0,0,0,0,0,0,0,0.191466272705131,0,0,0,0,0,0.277565948034192,0,0,0,0,0,0,0,0,0.203828493076743,0,0,0,0.321027491054089,0,0,0,0,0,0,0,0,0,0,0,0.263084285960478,0,0.16399651885994,0,0.247442637224184,0,0
0.227344430983067,0,0,0,0,0,0,0,0.15923781825884,0,0,0,0,0,0.132922515273094,0,0.158054143190384,0,0,0,0,0,0.104729584321893,0,0.198967390657665,0,0.136938083502981,0,0,0,0,0,0,0,0,0,0,0,0.251171218036927,0,0,0,0,0,0,0,0,0,0.258619874524765,0,0,0,0,0,0.247334171510279,0,0,0,0,0,0.227265026121244,0,0,0,0,0.191781450943513,0,0,0,0.230821500694941,0,0,0,0,0,0,0,0,0,0,0,0.258872599865115,0.158555043080161,0,0.361254114775636,0,0
0,0,0,0,0,0,0,0,0,0,0,0,0,0,0,0,0,0.179416555284273,0,0,0,0.154111764941019,0,0.276481909548292,0,0.276645904435561,0,0.160102562835583,0,0,0,0,0,0,0,0,0,0,0,0,0,0,0,0,0,0,0,0,0,0.21241170167923,0,0,0,0,0,0,0,0,0,0,0,0,0,0,0,0,0.321027491054089,0,0,0,0,0,0,0,0,0,0,0,0,0,0,0,0.156037828326225,0,0,0,0
0,0,0,0,0,0,0,0,0.22382834404707,0,0,0,0,0,0,0,0.169149708692674,0.223718836903572,0,0,0,0,0.151685663444154,0,0.163624740008152,0,0.142950985580683,0,0,0,0,0,0,0,0,0,0,0,0,0,0,0,0,0,0,0,0,0,0,0,0,0,0,0,0.233361338279141,0,0,0,0.203861318528652,0,0.240174042681853,0,0,0,0,0.153511778371675,0,0.230821500694941,0,0,0,0,0,0,0,0,0,0,0,0,0,0,0.185193473878114,0,0,0,0
0,0,0,0,0,0,0,0,0,0,0,0,0,0,0,0,0,0,0,0,0,0.150164172053337,0,0,0,0,0,0.155268569631514,0,0.163650838714657,0,0,0,0,0,0,0,0.139335693809593,0,0,0,0,0,0,0,0,0,0,0,0.222164833918214,0,0,0,0,0,0,0,0,0,0,0,0,0,0,0.176946450557028,0,0,0,0,0,0,0,0,0,0,0,0,0,0,0,0,0,0.155673215234721,0,0,0,0
0,0,0,0,0,0,0,0,0,0,0.128920064440795,0,0.139266384144624,0,0,0,0,0,0,0,0,0,0.175694249294422,0,0,0,0.170650213956833,0,0.18304855142187,0,0.154622090490241,0,0,0,0,0,0,0,0.143304599182946,0,0,0,0,0,0,0,0,0,0,0,0,0,0,0,0,0,0,0,0.182384505867958,0,0,0,0,0,0,0.188583861070651,0,0,0,0,0,0,0,0.252857760923683,0,0,0,0,0,0,0,0.266364439328512,0.135539552087293,0.159888596939189,0,0,0
0,0,0,0,0,0,0,0,0,0,0,0.178350965342214,0,0,0,0,0,0,0.30916503071785,0,0,0,0,0,0,0,0,0.128364160656929,0,0.210835242418177,0,0,0,0,0,0,0,0,0,0,0,0.256099430578096,0,0,0,0,0,0,0,0.241235837340355,0,0,0,0,0,0,0,0.386039428412914,0,0,0,0,0.322902917861938,0,0,0,0,0,0,0,0,0,0,0,0,0,0,0,0,0,0.202480951590197,0,0.127005822956562,0,0.279277041554451,0.3411985039711,0
0,0,0,0,0,0,0,0,0,0,0,0,0,0,0,0,0,0,0,0,0,0,0,0,0,0,0,0,0.1788455961893,0,0.183411531702236,0,0,0,0,0,0,0,0.135627329349518,0,0,0,0,0,0,0,0,0,0.201272084615951,0,0,0,0,0,0,0,0.240921348333359,0,0,0,0,0,0,0,0,0,0,0,0,0,0,0.252857760923683,0,0,0,0,0,0,0,0,0,0.243037107849368,0,0.147188742955526,0.175516868276255,0,0
0,0,0,0,0,0,0,0,0,0,0,0,0,0,0,0,0,0,0,0,0,0,0,0,0,0,0,0,0,0,0,0.237141660657775,0.183226542449311,0.400409232615755,0,0.170354330174203,0,0,0,0,0,0,0,0,0,0,0,0.27591097463782,0,0,0,0,0,0,0,0,0,0,0,0,0,0,0,0,0,0,0,0,0,0,0,0,0,0,0,0.176751451566815,0.345839716698704,0,0.268181472701413,0,0,0,0.150782532551709,0,0,0,0
0,0,0,0,0,0,0,0,0,0,0,0,0,0,0,0,0,0,0,0,0,0,0,0,0,0,0,0,0,0,0,0.157715472120505,0.237474702622579,0,0.237596282958984,0,0.172088450246692,0,0,0,0,0,0,0,0,0,0,0.357112085405059,0,0.543126463890076,0,0,0,0,0,0,0,0,0,0,0,0,0,0,0,0,0,0,0,0,0,0,0,0,0.176751451566815,0,0,0.355175593636888,0,0.255515087547875,0,0,0.139280770719051,0,0,0,0
0,0,0,0,0,0,0,0,0,0,0,0,0,0,0,0,0,0,0,0,0,0,0,0,0,0,0,0,0,0,0,0.344187712440124,0.193950042128563,0.229226172509315,0.183326659854068,0.190567157552208,0,0.230697498034319,0,0,0,0,0,0,0,0,0,0.263349374822098,0,0,0,0,0,0,0,0,0,0,0,0,0,0,0,0,0,0,0,0,0,0,0,0,0,0,0.345839716698704,0,0,0.189481878032287,0.289981588306531,0,0.25334509183017,0,0.188013020495908,0.184455022215843,0,0,0
0,0,0,0,0,0,0,0,0,0,0,0,0,0,0,0,0,0,0,0,0,0,0,0,0,0,0,0,0,0,0,0,0,0.197232247299752,0.232455036189062,0,0.165126735188744,0,0.291516138944361,0,0,0,0,0,0,0,0,0.313469838754958,0.357610478997231,0,0,0,0,0,0,0,0,0,0,0,0,0,0,0,0,0,0,0,0,0,0,0,0,0,0,0.355175593636888,0.189481878032287,0,0,0.277555917383392,0,0.254785573808476,0.165258248768202,0.205834234754244,0,0,0
0.387111612161001,0.431936430181572,0.372422188520432,0.26759025994046,0,0.224763125181198,0,0,0,0.220927938818932,0,0.215056730434299,0,0,0,0,0.354607599670999,0.331626787381684,0.359415945100672,0.234532857200374,0,0,0,0,0,0,0,0,0,0,0,0.305057999911587,0,0.254261464253068,0,0.226852977937346,0.178207876160741,0.24624784419781,0,0.233820335218247,0.375759003793492,0.335773395758381,0.303609185516834,0.394771200501257,0,0.255811761485389,0.348395658612251,0.336677630434118,0.415832251310349,0.269341351508996,0,0.241715357159123,0,0,0,0,0.332651823759079,0.252338945766948,0,0,0,0,0.246809565378922,0.341708305538917,0,0,0,0,0,0,0,0,0,0,0.268181472701413,0,0.289981588306531,0,0,0.367072626262529,0.266428129046614,0,0.249947706671241,0.3180412455247,0.329285373845248,0.355827025053176,0.313536310195923
0.433596008315614,0.382563227956945,0.266567781275394,0.305047124624252,0.194512369377272,0,0,0,0,0,0.154743250459433,0,0,0,0,0,0.344152780042754,0.346515861003339,0.344876082134044,0,0.191229883858815,0,0,0,0,0,0,0,0,0,0,0,0.173551718937233,0,0.167849246093205,0.15005181209753,0.204471826703582,0,0.229805370517774,0.370537206016738,0.275015997384295,0.304713176025285,0.317330666273816,0.294146783383829,0.397450151278618,0.359912716668018,0.254499039945662,0.318257966684917,0.305746250877934,0.277490988373756,0.229867712340572,0,0,0,0,0,0.25754178954222,0,0,0,0,0,0.340137169804684,0.242415097558134,0,0,0,0,0,0,0,0,0,0,0,0.255515087547875,0,0.277555917383392,0.367072626262529,0,0,0.256038046184281,0.244646326042839,0.259480555252782,0.314192289910079,0.344635748200946,0.346548060300938
0,0,0,0,0,0,0,0,0,0.286424730406251,0,0.154087983358365,0,0,0,0,0,0,0,0,0,0.180746154588793,0,0.20448530569326,0,0,0,0,0,0,0,0,0,0.277823631844278,0,0.220059276694179,0,0.249873620233835,0,0,0,0,0,0,0,0.246181383728981,0,0.273299886322603,0,0.334160595394467,0,0,0,0,0,0.324413263525059,0,0.135682990153631,0,0,0,0,0,0,0.201232528281316,0,0.263084285960478,0,0,0,0,0,0.202480951590197,0,0,0,0.25334509183017,0,0.266428129046614,0,0,0,0.173777997266438,0.213350534439087,0.428654584967637,0,0
0.467949281136195,0,0.285156756639481,0,0,0,0,0,0.220359078953775,0,0,0,0,0,0,0,0.413204550743103,0.377467840909958,0.381620561083158,0,0.250899856289228,0,0.172076480551845,0,0.166698635494622,0,0,0,0,0,0.189906454447544,0,0,0,0.279279318418396,0,0.196545199244323,0.136518270894885,0.233427946216659,0,0,0,0.445048328489065,0,0,0,0.34197090904821,0.270435954843249,0.36034541704825,0,0,0,0,0,0.302511486213306,0,0,0,0,0,0,0,0,0.278499125582831,0,0.224807102726651,0,0.258872599865115,0,0,0,0.266364439328512,0,0.243037107849368,0,0,0,0.254785573808476,0,0.256038046184281,0,0,0.157573061105278,0.167581148445606,0.420770623335024,0,0.472345620393753
0.322017990903458,0.212818183125807,0.251129097999281,0.222525486716231,0.174052187949419,0.157949857641516,0.167753113941713,0.164897210275133,0.161632603120878,0.145270493199549,0.136484810451338,0.127797981817275,0.134806926969601,0.165018020914151,0.152567966282368,0.169405313208699,0.230882941306665,0.199024580336615,0.252588353219669,0.149155202037137,0.154224511035668,0.120682146068947,0.13084591122774,0.139563501751336,0.156151061404054,0.163178345307391,0.185336381965077,0.153639044031638,0.147073649591015,0.123839624226093,0.152207190390019,0.155835061890995,0.130987178782622,0.18877264939619,0.174376446680695,0.166052384540175,0.170744698290236,0.157204369811024,0.15056762205879,0.329842066257558,0.367496934031015,0.32846730848116,0.309022828400066,0.220891825295985,0.22613854218613,0.300423274682873,0.280233069930388,0.550058654184389,0.400461475968688,0.393591263606812,0.197741093178744,0.185707384693962,0.163077462666719,0.199614259103934,0.208886920385165,0.17686021764104,0.200512371413344,0.223664428583766,0.148927947056705,0.188029633557543,0.351463228464127,0,0.212968445084627,0.243837816962464,0.145628603504992,0.140956003118206,0.16399651885994,0.158555043080161,0.156037828326225,0.185193473878114,0.155673215234721,0.135539552087293,0.127005822956562,0,0.150782532551709,0.139280770719051,0.188013020495908,0.165258248768202,0.249947706671241,0.244646326042839,0.173777997266438,0.157573061105278,0,0.190483077684377,0.353055456719427,0.269997609605279,0.274772568988395
