0,0,222.328073769808,0,0,0,0,0,809.365854531527,0,0,0,0,0,0,0,0,0,0,0,0,0,0,0,0,0,0,0,0,0,0.729450285434723,0,0,0,0,0,0,0,0,0,0,0,0,0,0,0,0,0,512.000475585461,0,0,0,0,0,62.0177964568138,0,0,0,0,0,5.40805995464325,0,0,0,0,0,0,0,0,0,0,0,0,0,0,0,0,0,0,0,0,0,123.879522234201,0,79.0700660049915,0,0
0,0,0,50.4443708062172,0,4.72576642036438,0,0,0,546.140260338783,0,0,0,0,0,0,0,0.718549504876137,10.8357179760933,0,0,2.15834403038025,0,0.767724364995956,0,0,0,0,0,0,0,0,0,0,0,0,0,7.08089420199394,0,0.189253360033035,0,16.2009178698063,0,0,0,0,0,2.84328792989254,0,171.143676415086,0,0,0,0,0,254.441488951445,0,0,0,0,0,102.473610162735,0,0,0,0,2.38379213213921,0,0,0,0.766894355416298,0,6.62474194169044,0,0,0,0,0,0.765939697623253,0,12.3255886882544,0,251.554324150085,0,197.978940695524,0,0
222.328073769808,0,0,0,22.3966893851757,0,0,0,88.8007439374924,0,0,0,0,0,0,0,3.66333270072937,0,5.42111383378506,0,0,0,0,0,0,0,0,0,0,0,14.4115871191025,0,0,0,0.253692090511322,0,0,0,0,0,6.32922859489918,4.06970709562302,114.600916743279,0,0,0.982251763343811,3.21064314246178,0.646937698125839,235.796714499593,0,9.88465794920921,0,0,0,61.5382125973701,0,104.115227252245,0,41.0603500008583,0,88.9715303480625,0,0,6.37833568453789,0,0.235910147428513,0,0,0,0,0,1.3397758603096,0,68.3325992077589,0,0,0,0,0,0.178771063685417,0,2.83105564117432,54.1071945726871,0,288.292201057076,0,2.32345944643021
0,50.4443708062172,0,0,0,221.011660307646,0,0,0,71.3763562738895,0,0,0,0,0,0,0,0,1.43740198016167,38.2981972694397,0,14.3734501749277,0,0,0,0,0,0,0,0,0,0,0,0,0,150.497010707855,0,9.5825691819191,0,1.94556987285614,0,90.9010615497828,0,0,0,0.581855058670044,0,12.0912719964981,0,231.984408736229,0,324.951114952564,0,0,0,47.0163641571999,0.736279308795929,5.20851865410805,0,1.9190781712532,0,4.93225184082985,15.9175215512514,0,8.88353472948074,0,0,0,0,0,12.6587277054787,0,73.5627614706755,0,0,0,0,0,7.57953335344791,0,99.1943049877882,0,136.836990445852,0,1784.23710231483,0,0
0,0,22.3966893851757,0,0,0,313.242121607065,0,340.78621378541,0,0,0,0,0,0,0,0.725678145885468,0,0.794110774993896,0,59.7619958519936,0,0,0,0,0,0,0,0,0,1.23270583152771,0,0,0,1.98664082586765,0,7.82478505373001,0,0,0,12.3594495952129,1.79924097657204,41.1101861596107,0,0,0,0.935453951358795,4.56023940443993,49.9034806340933,2.09030315279961,1304.85212334991,0,225.957510650158,0,79.5943197011948,0,4.48405623435974,0,0,0,0,0,0,354.215578958392,0,0,0,0,0,0,0,0,0,1.75512945652008,0,0,0,1.09683021903038,0,0,0,0.542999386787415,699.557943984866,0,417.820021703839,0,0
0,4.72576642036438,0,221.011660307646,0,0,0,161.178773760796,0,88.469037771225,0,2.22094595432281,0,0,0,0,0,0,0,80.1292964816093,0,0.859632775187492,0,0,0,0,0,0,0,0,0,0,0,0,0,327.315780043602,0,0,0,0,0,1.25159847736359,0,0,0,0,0,2.59862089157104,0,15.4849915206432,0,639.864434182644,0,160.586670577526,0,581.382874548435,0,275.499676644802,0,36.6256584525108,0,117.74411803484,6.38773280382156,0,0,0,0,0,0,0,0,0,0.49499137699604,0,0,0,0,0,48.351527094841,0,0.563172936439514,0,961.518923997879,85.0631147623062,529.039886280894,0,0
0,0,0,0,313.242121607065,0,0,0,0,0,195.336779862642,0,0,0,0,0,0,0,0,0,54.9389607310295,0,0,0,0,0,0,0,0,0,0,0,0,0,0,0,0,0,0,0,0,0,0,0,0,0,0,0,0,0,56.2038827836514,0,1887.23212870955,0,0,0,160.99162876606,0,0,0,0,0,0,6.68490394949913,0,0,0,0,0,0,0,0,0,0,0,0,0,0,0,0,0,0,1650.63696241379,3.75312852859497,0,0,0
0,0,0,0,0,161.178773760796,0,0,0,0,0,13.6629380583763,0,136.732978105545,0,0,0,0,0,0,0,0,0,0,0,0,0,0,0,0,0,0,0,0,0,38.6820347309113,0,0,0,0,0,0,0,0,0,0,0,0,0,0,0,249.773655414581,0,1617.8406753242,0,0,0,192.403207749128,0,211.454874098301,0,0,1.47735849022865,0,0,0,0,0,0,0,0,0,0,0,0,0,0,0,9.37077963352203,0,0,0,216.746671795845,0,0,0,0
809.365854531527,0,88.8007439374924,0,340.78621378541,0,0,0,0,0,0,0,0,0,69.3569378703833,0,578.342550083995,449.416191823781,93.4024781435728,0,0,33.1149267777801,3.75110763311386,0.428759962320328,5.30506518483162,1.79351392388344,17.7778025865555,0,0,0,0,0,0,0,0,0,0,0,15.6518939733505,0.306756466627121,3.27709621191025,1.70805697888136,48.6314789950848,0,0,0.216898694634438,0,0,29.6150197684765,0,0,0,0,0,425.858570918441,0,2.00485262274742,0,0,0,16.7800344526768,0,0,6.2170370221138,0,0,0,4.90251360833645,0,8.73632125556469,0,0,0,0,0,0,0,0,3.33395177125931,2.08966636657715,1.93304318189621,36.0142923295498,663.140712432563,0,129.504498466849,0.350257724523544,0
0,546.140260338783,0,71.3763562738895,0,88.469037771225,0,0,0,0,0,0,0,0,0,7.70731377601624,0,142.190237522125,2.61342692375183,0,0,0,0,54.1663675010204,0,0,0,0,0,0,0,0,0,0,0,0.633952081203461,0,110.00417047739,0,0,0,0.874596148729324,0,0,0,0,0,0,0,34.3250096142292,0,4.4349023103714,0,0,0,1143.20650959015,0,0,0,0,0,24.3698189854622,0,0,0.196818277239799,0,59.8089214861393,0,0,0,0,0,0,0,0,0,0,0,0,0,9.02136592566967,0,1484.41253966093,0,114.709556147456,0,0
0,0,0,0,0,0,195.336779862642,0,0,0,0,0,0,0,0,0,0,0,0.287001937627792,0,399.075835615396,0,0,0,0,0,0,0,0,0,137.554483026266,0,0,0,0,0,77.9468722045422,0,83.3587843775749,0,0,0,2.05715608596802,0,0,0,0.962015971541405,0,0,0,0,0,22.7911269068718,0,0,0,656.194955050945,0,0,0,0,0,0,36.8800027668476,0,0,0,0,0,0,0,3.93648698925972,0,137.668305173516,0,0,0,0,0,0.448992520570755,0,178.346445575356,26.9037650823593,0,5.58715616166592,0,0
0,0,0,0,0,2.22094595432281,0,13.6629380583763,0,0,0,0,0,33.0780801773071,0,0,0,0,0,262.564334392548,0,0,0,0,0,0,0,0,0,0,0,0,0,0,0,0,0,38.3445100784302,0,0,0,0,0,0,0,0,0,0,0,0,0,0,0,0.711254358291626,0,0,0,1125.68489956856,0,0.797357320785522,0,0,94.2873367667198,0,0,0,0,0,0,0,0,0,59.384104013443,0,0,0,0,0,0.47492989897728,0,85.8242083787918,0,5.10541653633118,0,33.3439766764641,0,0
0,0,0,0,0,0,0,0,0,0,0,0,0,0,0,0,0,0,0,0,0,0,0,0,0,0,0,0,0,0,0,0,0,0,0,0,0,0,0,0,0,0,0,0,0,0,0,0,0,0,0,0,0,0,0,0,2.68148922920227,0,4.68145108222961,0,0,0,0,0,0,0,0,0,0,0,0,0,0,0,0,0,0,0,0,0,0,0,0,0,0,0,0
0,0,0,0,0,0,0,136.732978105545,0,0,0,33.0780801773071,0,0,0,120.441412448883,0,0,0,0,0,0,0,0,0,0,0,0,0,0,0,0,0,0,0,0,0,0,0,0,0,0,0,0,0,0,0,0,0,0,0,0,0,117.203446388245,0,0,0,168.920196115971,0,197.205074429512,0,0,0,0,0,0,0,0,1,0,0,0,0,0,0,0,0,0,0,0,0,0,4.31868314743042,0,0,0,0
0,0,0,0,0,0,0,0,69.3569378703833,0,0,0,0,0,0,0,659.064585395157,140.157498016953,9.15923447906971,0,0,13.6543195992708,17.4091310799122,0,0,0.24487741291523,116.948876038194,0,1.16862142086029,0,0,0,0,0,0,0,0,0,0,0,0.0957525297999382,0,0,0,0,0,0,0,0,0,0,0,0,0,149.044222056866,0,0,0,0,0,11.2589022219181,0,0,0,0,0,0,0,0,17.7109431624413,0,18.2095248699188,0,0,0,0,0,0,0,0.560434997081757,0,1.36059975624084,104.248620726168,0,0,0,0
0,0,0,0,0,0,0,0,0,7.70731377601624,0,0,0,120.441412448883,0,0,0,0,0,0,0,0,0,0,0,0,0,0,0,0,0,0,0,0,0,0,0,0,0,0,0,0,0,0,0,0,0,0,0,0,0,0,0,0,0,23.034229516983,0,0,0,0,0,0,0,0,0,0,0,0,0,0,0,0,0,0,0,0,0,0,0,0,0,0,94.0650351047516,0,0,0,0
0,0,3.66333270072937,0,0.725678145885468,0,0,0,578.342550083995,0,0,0,0,0,659.064585395157,0,0,11019.1000757888,4632.84101240337,0,0,233.236385092139,429.625633262098,4.18617296218872,7.95996150374413,50.0996267646551,1546.72777946293,0,21.8032632470131,0,0.207132205367088,0,0,0,0,12.5973734781146,25.5843084305525,0,0.64837321639061,17.3641652911901,144.51268478483,58.3029535934329,230.830783836544,0,0.684362709522247,42.0069497153163,39.7230739295483,0,4.87303896248341,3.96840181946754,0,0,0,0,155.847585052252,0,5.11803196370602,0,0,0,197.269646733999,0,3.99289272725582,4.47581554949284,0,6.6067750453949,0,0.938430771231651,0,432.479402646422,0.284147560596466,1.64841562509537,1.18088184297085,73.936261087656,0,0,0,0,51.4393213242292,371.475405566394,53.0271213427186,137.396042764187,5661.71126192808,0,369.825563102961,13.358764976263,64.9814196377993
0,0.718549504876137,0,0,0,0,0,0,449.416191823781,142.190237522125,0,0,0,0,140.157498016953,0,11019.1000757888,0,3656.87363504618,0,0,444.002532094717,24.5439399331808,13.3308188319206,15.054524153471,119.996031090617,125.77177156508,16.525190114975,0,0,1.25371384620667,0,0,0,0,104.920793734491,5.05961458384991,4.9513743519783,0,41.8426128923893,42.595401018858,298.807069078088,75.4619031995535,1.31930102407932,0,131.453746423125,7.48582638800144,0.258013367652893,0,15.4528858810663,0,0,0,0,193.451444379985,1.37251007556915,2.07796867191792,0,0,0,68.2174043208361,0,17.5942639112473,3.06180898845196,0.294732064008713,0,0,0.933935418725014,0,97.6146595552564,0.692851915955544,0,1.14863583445549,33.8534495830536,0,0,0,0,403.915613390505,84.0957505628467,349.87613222748,23.6553415358067,7311.84867257625,157.228504016995,191.93848259002,59.4395743086934,24.5753218531609
0,10.8357179760933,5.42111383378506,1.43740198016167,0.794110774993896,0,0,0,93.4024781435728,2.61342692375183,0.287001937627792,0,0,0,9.15923447906971,0,4632.84101240337,3656.87363504618,0,0,0,32.1003435254097,6.64899799227715,2.77299737930298,0,7.13032056391239,9.66599729657173,0,0,0,4.85337041318417,0,0,0,0,519.666278094053,322.703477181494,15.3095653355122,3.89167723804712,202.485543578863,581.561609089375,1006.8063750267,701.693863332272,66.3558478951454,21.4061126708984,753.670942746103,332.778345115483,6.58329786360264,6.77527061104774,74.0362247899175,0.418252751231194,0,0,0,27.0597952306271,0,42.2938840985298,0,0,0,4.68489521741867,0,162.961799867451,56.6365749463439,2.19019892811775,0,0,0,0,6.01460802555084,6.98699128627777,0,52.8025808483362,255.202649921179,0,0,0,0,2567.99893711507,2633.85524972528,2317.72828538716,576.33819744736,2818.80991149694,2.69930683076382,3040.78443518281,144.128105156124,154.081923469901
0,0,0,38.2981972694397,0,80.1292964816093,0,0,0,0,0,262.564334392548,0,0,0,0,0,0,0,0,0,0,0,0,0,0,0,0,0,0,0,0,0,0,0,736.563035577536,0,3,0,0,0,0,0,0,0,24.3171584308147,0,0,0,0,0,0,0,0,0,0,0,94.6862590312958,0,0,0,0,926.57095259428,0,0,0,0,0,0,0,0,0,0,0,0,0,0,0,319.925036936998,0,333.169742628932,0,109.436252474785,0,27.7461960911751,0,0
0,0,0,0,59.7619958519936,0,54.9389607310295,0,0,0,399.075835615396,0,0,0,0,0,0,0,0,0,0,0,0,0,0,0,0,0,0,0,12.6165829747915,0,0,0,0,0,274.895972698927,0,1.03451144695282,0,0.757516860961914,0,2.89310121536255,0,0,0,0,0,4.35846464335918,0,2.40067169070244,0,0,0,0.233561083674431,0,168.968541383743,0,0,0,0,0,0,325.084972381592,0,0,0,0,0,0,0,11.486294567585,0,50.9899120181799,0,0,0,0,0,372.159316644073,0,126.638832226396,294.177068248391,0,229.136161625385,0,0
0,2.15834403038025,0,14.3734501749277,0,0.859632775187492,0,0,33.1149267777801,0,0,0,0,0,13.6543195992708,0,233.236385092139,444.002532094717,32.1003435254097,0,0,0,58.6968438625336,47.6332122683525,0,0.851990357041359,2.53846415877342,4.31310191750526,0,0,0,0,0,0,0,0.671862609684467,0,983.259610310197,0,0.160031273961067,0,131.805282726884,1.60243919491768,0,0,12.8257995694876,0,0.288340955972672,0,62.1244630366564,0,0.167920991778374,0,0,2.47048128396273,0,0,28.5641469210386,0,0,1.40781074762344,0,22.5560126155615,0,2536.96709899604,0,1.6494707763195,0,0,6.50616359710693,166.51113511622,0,82.9817191660404,0,0,0,0,0,0.727995365858078,1.72092625498772,459.708145782351,0,270.706670030951,0.500556826591492,175.091852575541,16.4162461310625,0.179087191820145
0,0,0,0,0,0,0,0,3.75110763311386,0,0,0,0,0,17.4091310799122,0,429.625633262098,24.5439399331808,6.64899799227715,0,0,58.6968438625336,0,0,0.603844285011292,0.663203656673431,383.580412358046,0,0,0,0,0,0,0,0,0,0,0,820.169035553932,0,0,0,0.507773458957672,0,0,0,0,0,82.8972925841808,0,0,0,0,0,3.02674439549446,0,0,0,0,0,11.1151716858149,0,0,0,0,1616.48808291554,0,0,0,90.2758927643299,0,7.16364917159081,0,7.39109179377556,0,0,0,0,0,0,0,82.9385789483786,255.626634180546,0,0,0,0
0,0.767724364995956,0,0,0,0,0,0,0.428759962320328,54.1663675010204,0,0,0,0,0,0,4.18617296218872,13.3308188319206,2.77299737930298,0,0,47.6332122683525,0,0,0,11.9680786132812,0,0,0,0,0,0,0,1.83128607273102,0,0,0,66.9299834370613,0,0,0,5.43883042037487,0.964057743549347,0,0,1.03231194615364,0,0,0,36.750473305583,0,0,0,0,0.296943366527557,26.7847285270691,0,38.3403537720442,0,0.251308888196945,0,0.40904375910759,2.05616316199303,0,204.973529279232,0,391.283799648285,0,9.04399439692497,0.649035453796387,20.8727851212025,0,1.4949863255024,0,0,0,0,0,1.13392618298531,0,240.490186750889,0,11.7495731711388,0,128.772969305515,0,0
0,0,0,0,0,0,0,0,5.30506518483162,0,0,0,0,0,0,0,7.95996150374413,15.054524153471,0,0,0,0,0.603844285011292,0,0,0,0,0,0,0,0,0,0,0,0,0,0,0,39.3218421936035,0,0,0,0,0,0,0,0,0,62.6493483185768,0,0,0,0,0,3.77812334895134,0,0,0,0,0,0.455321967601776,0,0,0,0,0,0,2.02660882472992,0,0,0,0,0,0,0,0,0,0,0,0,0,96.4902739822865,1.85513547062874,0,81.5693863332272,0,0
0,0,0,0,0,0,0,0,1.79351392388344,0,0,0,0,0,0.24487741291523,0,50.0996267646551,119.996031090617,7.13032056391239,0,0,0.851990357041359,0.663203656673431,11.9680786132812,0,0,0,2.12694889307022,0,0,0,0,0,0,0,0,0,0,0,0,0.179463297128677,0,0,0,0,0.368511229753494,0,0,0,0,0,0,0,0,1.4275050163269,0,0,0,0,0,0.296218067407608,0,0,0,0,0,51.663269340992,0.230262339115143,13.9267884492874,0,0,0,0,0,0,0,0,0,0,0,0,1.09117531776428,114.800650119781,2.68763038516045,1.72644877433777,0,0
0,0,0,0,0,0,0,0,17.7778025865555,0,0,0,0,0,116.948876038194,0,1546.72777946293,125.77177156508,9.66599729657173,0,0,2.53846415877342,383.580412358046,0,0,0,0,0,0,0,0,0,0,0,0,0.183763384819031,0,0,0,0,0,0,0,0,0,0,0,0,0,0,0,0,0,0,4.46794299781322,0,0,0,0,0,21.5532521605492,0,0,0,0,0.727390915155411,0,0,0,139.83433932066,0,0,0,0,0,0,0,0,0,0,0,0,137.924064978957,0,0.325331389904022,0,0.118555322289467
0,0,0,0,0,0,0,0,0,0,0,0,0,0,0,0,0,16.525190114975,0,0,0,4.31310191750526,0,0,0,2.12694889307022,0,0,0,1,0,0,0,0,0,0.121854349970818,0,0,0,0,0,0.751305550336838,0,0,0,0,0,0,0,0,0,0,0,0,0,0,0,0,0,0,0,0,0,0,4.19887912273407,0,0,0,1,0,7.36125615239143,0,9.27598866820335,0,0,0,0,0,0,0,7.02672505378723,0,4.5211786031723,0,0.757287368178368,0,0
0,0,0,0,0,0,0,0,0,0,0,0,0,0,1.16862142086029,0,21.8032632470131,0,0,0,0,0,0,0,0,0,0,0,0,0,0,0,0,0,0,0,0,0,0,0,0,0,0,0,0,0,0,0,0,0,0,0,0,0,0,0,0.426392659544945,0,0,0,0,0,0,0,0,0,0,0,0,0,0,138.876893430948,0,0.991685062646866,0,0,0,0,0,0,0,0,0,0,0,0,0
0,0,0,0,0,0,0,0,0,0,0,0,0,0,0,0,0,0,0,0,0,0,0,0,0,0,0,1,0,0,0,0,0,0,0,0,0,77.5379921793938,0,0,0,0,0,0,0,0,0,0,0,0,0,0,0,0,0,0,0,0,0,0,0,0,0,0,0,0,0,0,0,0,0,0,577.938439577818,0,0,0,0,0,0,0,6.57471072673798,0,0,0,0,0,0
0.729450285434723,0,14.4115871191025,0,1.23270583152771,0,0,0,0,0,137.554483026266,0,0,0,0,0,0.207132205367088,1.25371384620667,4.85337041318417,0,12.6165829747915,0,0,0,0,0,0,0,0,0,0,0,0,0,0,0,0.291482843458652,0,35.0372382104397,0,2.98277492821217,0.230083227157593,20.0738479271531,0,0,0,16.9050733223557,0,4.72680251300335,0,0,0,0,0,0,0,91.8515311032534,0,0,0,0,0,0.163059026002884,99.4378101974726,0,0,0,0,0,0,0,0,0,406.555956304073,0,0,0,0,0,9.05831781774759,0,281.684752494097,6.32327757775784,0,48.7569654881954,0,0.353427141904831
0,0,0,0,0,0,0,0,0,0,0,0,0,0,0,0,0,0,0,0,0,0,0,0,0,0,0,0,0,0,0,0,127.3894957304,0,0,315.122857511044,0,0,0,0,0,0,0,0,0,0,0,1889.57352143526,0,7.71120291948318,0,0,0,0,0,0,0,0,0,0,0,0,0,0,0,0,0,0,0,0,0,0,0,0,3432.31728026271,39.7276573181152,6.52375531196594,0,990.607349395752,0,0,0,312.403366744518,0,0.805326402187347,0,0
0,0,0,0,0,0,0,0,0,0,0,0,0,0,0,0,0,0,0,0,0,0,0,0,0,0,0,0,0,0,0,127.3894957304,0,0,1.58850559592247,11.7131046056747,334.046051651239,0,0,0,0,0,0,0,0,0,0,2704.34114712477,0,6.34429860115051,0,0,0,0,0,0,0,0,0,0,0,0,0,0,0,0,0,0,0,0,0,0,0,0,0,3319.88890182972,0,48.6429584622383,3.78445482254028,1410.38950683177,0,0,113.57636320591,0,0,0,0
0,0,0,0,0,0,0,0,0,0,0,0,0,0,0,0,0,0,0,0,0,0,0,1.83128607273102,0,0,0,0,0,0,0,0,0,0,816.968977719545,648.395819783211,0,146.555891364813,7.11120963096619,0,0,0.531203627586365,0,0,0,0,0,4945.32973378897,0,29.2749490588903,0,0,0,0,0,0,0,0,0,0,0,0,0,0,0,0,0,0,0,0,0,0,0,0,122.345523774624,0,5392.83130651712,206.098654806614,775.544491916895,0,407.643118053675,0,760.461299300194,12.5220236778259,16.9470881074667,0,0
0,0,0.253692090511322,0,1.98664082586765,0,0,0,0,0,0,0,0,0,0,0,0,0,0,0,0,0,0,0,0,0,0,0,0,0,0,0,1.58850559592247,816.968977719545,0,0,591.883909419179,0,226.474717527628,0,0.176543116569519,0,7.8634586930275,0,0,0,0.245910048484802,1911.08532719314,254.781113967299,0,1.22192719578743,0,0,0,0,0,0.802628189325333,0,0,0,0,0,0,0.141049042344093,0,0,0,0,0,0,0,0,0,0.216797515749931,0,0.696253597736359,1429.08476787806,7220.55758227408,0,759.146873444319,2.38451290130615,101.877563118935,185.578234106302,1.16150054335594,6.197330057621,0,0.153859332203865
0,0,0,150.497010707855,0,327.315780043602,0,38.6820347309113,0,0.633952081203461,0,0,0,0,0,0,12.5973734781146,104.920793734491,519.666278094053,736.563035577536,0,0.671862609684467,0,0,0,0,0.183763384819031,0.121854349970818,0,0,0,315.122857511044,11.7131046056747,648.395819783211,0,0,3309.66927185655,1275.43749647588,0,7.75817070901394,3.68645620346069,197.325663492084,0.429734744131565,5.97331304848194,0,422.28152230382,0,11.6785625889897,3.49796688556671,7.31454277783632,0,1.22697927057743,0,22.450891494751,0,0,0,0.108909346163273,0,0,0,0,925.606737732887,0,0.200313687324524,0,0,0,0,0,2.46383281797171,0,4.12361922115088,0,218.681115910411,0,114.042202241719,0,16858.5695705041,344.752193704247,1107.33081392944,2.87102293968201,4267.70895291865,74.0709582418203,690.371690385044,73.1337897479534,0.183278575539589
0,0,0,0,7.82478505373001,0,0,0,0,0,77.9468722045422,0,0,0,0,0,25.5843084305525,5.05961458384991,322.703477181494,0,274.895972698927,0,0,0,0,0,0,0,0,0,0.291482843458652,0,334.046051651239,0,591.883909419179,3309.66927185655,0,0,1498.30535467714,0,55.5417794212699,3.61765938997269,132.311738446355,0,0.520755052566528,1.68170148134232,315.694210864604,49.2168652713299,52.3101961016655,5.89439535140991,0,0,0,0,0,0,7.13415885716677,0,0,0,0,0,0,312.353239625692,0,0,0,0,0,0,0,0.118738561868668,0,11.6838794052601,0,133.109549313784,0,549.436755567789,907.248235419393,24918.8946086615,2.55939483642578,873.874786123633,5648.79080425948,90.6768515706062,233.632146768272,0,26.9536041170359
0,7.08089420199394,0,9.5825691819191,0,0,0,0,0,110.00417047739,0,38.3445100784302,0,0,0,0,0,4.9513743519783,15.3095653355122,3,0,983.259610310197,0,66.9299834370613,0,0,0,0,0,77.5379921793938,0,0,0,146.555891364813,0,1275.43749647588,0,0,45.9069728851318,0.415824770927429,0,267.213251315057,1.69954085350037,0,0,16.3611854314804,0,1291.45434939861,0.720020353794098,144.025501102209,0,0,0,0,0,27.4364482015371,0,107.560249701142,0,0,0,0,12.7038566023111,0,617.939056605101,0,79.9929161071777,0,0,0,31.1519360691309,0,13.1540376543999,0,0,0,10.6282908171415,0,249.003091968596,0,7003.99504819512,185.766459703445,127.15358145535,8.40655618906021,202.400561511517,27.3254622071981,0
0,0,0,0,0,0,0,0,15.6518939733505,0,83.3587843775749,0,0,0,0,0,0.64837321639061,0,3.89167723804712,0,1.03451144695282,0,820.169035553932,0,39.3218421936035,0,0,0,0,0,35.0372382104397,0,0,7.11120963096619,226.474717527628,0,1498.30535467714,45.9069728851318,0,0,0.58442810177803,0,15.4455841183662,0,0,0,14.1970925778151,679.277473092079,193.144253566861,0,0,0,0,0,4.34438669681549,0,37.1708355695009,0,0,0,0,0,0,71.6072275787592,0,319.955053299665,0,26.6441825628281,0,0,0,8.90824449062347,0,3.25768655538559,0,0,0,4,0,545.006209984422,0.789557337760925,7364.76541864872,147.36186555028,6.80310785770416,116.615871891379,0,2.22787638008595
0,0.189253360033035,0,1.94556987285614,0,0,0,0,0.306756466627121,0,0,0,0,0,0,0,17.3641652911901,41.8426128923893,202.485543578863,0,0,0.160031273961067,0,0,0,0,0,0,0,0,0,0,0,0,0,7.75817070901394,0,0.415824770927429,0,0,0.28533610701561,886.6374155581,7.9221745878458,1.08125603199005,0,259.370424076915,0,11.2842254042625,0,291.305569447577,0,0,0,0,0,0,0,0.577023237943649,0,0,0,0,187.841135531664,0,0,0,0,0,0,0,0,0,1.56656427681446,0,0,0,0,0,1742.52208338678,1.4865140914917,172.683236666024,0.208930030465126,109.918174132705,2.29715618491173,1078.42945466936,21.0551028251648,0
0,0,6.32922859489918,0,12.3594495952129,0,0,0,3.27709621191025,0,0,0,0,0,0.0957525297999382,0,144.51268478483,42.595401018858,581.561609089375,0,0.757516860961914,0,0,0,0,0.179463297128677,0,0,0,0,2.98277492821217,0,0,0,0.176543116569519,3.68645620346069,55.5417794212699,0,0.58442810177803,0.28533610701561,0,8.30543380975723,1832.2190573886,0,20.7723763734102,1.33928847312927,291.5876493752,25.4872427582741,414.711580127478,0,5.25493089854717,0,0,0,5.16918182373047,0,28.6807883679867,0,0.778659582138062,0,0,0,0,264.29692029953,0,0,0,0,0,0.698383331298828,0,0.416157230734825,1.10126972198486,25.8122072219849,0,0,0,0.223150476813316,12.9410815834999,1318.12892095,9.61313286423683,70.9513839036226,181.393306985497,5.0128289014101,1068.01427792758,1.91707076132298,26.1027712970972
0,16.2009178698063,4.06970709562302,90.9010615497828,1.79924097657204,1.25159847736359,0,0,1.70805697888136,0.874596148729324,0,0,0,0,0,0,58.3029535934329,298.807069078088,1006.8063750267,0,0,131.805282726884,0,5.43883042037487,0,0,0,0.751305550336838,0,0,0.230083227157593,0,0,0.531203627586365,0,197.325663492084,3.61765938997269,267.213251315057,0,886.6374155581,8.30543380975723,0,459.587483584881,4.96368800103664,0,773.841933816671,4.54560834169388,94.2084601223469,1.90774089097977,987.147661469877,0.704834520816803,3.36774605512619,0,0,1.10794263333082,2.46882255375385,3.96374045312405,10.8478457778692,0,0,1.60652980208397,0,493.366128854454,3.44082213938236,36.779344201088,0,0,0,0,0,124.453911826015,0,678.985547855496,12.0548583865166,0,0,0.28953742980957,0,1972.93333220482,12.2751776576042,2314.32344255596,17.8593505173922,2420.79204884917,6.55933134257793,2648.40200065076,269.431339941919,8.29536639153957
0,0,114.600916743279,0,41.1101861596107,0,0,0,48.6314789950848,0,2.05715608596802,0,0,0,0,0,230.830783836544,75.4619031995535,701.693863332272,0,2.89310121536255,1.60243919491768,0.507773458957672,0.964057743549347,0,0,0,0,0,0,20.0738479271531,0,0,0,7.8634586930275,0.429734744131565,132.311738446355,1.69954085350037,15.4455841183662,7.9221745878458,1832.2190573886,459.587483584881,0,0,12.2944406569004,12.1150176003575,136.357278220356,157.775061741471,899.339481949806,0,24.3465029895306,0,0,0,29.0797744393349,0,504.32723440975,0,2.65175998210907,0,2.54028426110744,0,1.72377142310143,406.383810028434,0,0.381030052900314,0,0,0,0,0,16.9215894788504,0.30544501543045,1066.41209962964,0,0,0,6.57022541761398,11.377589687705,3521.58093101531,18.5213254913688,216.068567052484,992.457346837968,7.02209030091763,5102.64443545789,1.29847456514835,406.311866901815
0,0,0,0,0,0,0,0,0,0,0,0,0,0,0,0,0,1.31930102407932,66.3558478951454,0,0,0,0,0,0,0,0,0,0,0,0,0,0,0,0,5.97331304848194,0,0,0,1.08125603199005,0,4.96368800103664,0,0,0,21.3217997848988,0,0,0,0,0,0,0,0,0,0,0,0,0,0,0,0,8.86630725860596,0,0,0,0,0,0,0,0,0,0,0,0,0,0,0,21.8622535765171,0,10.1627856194973,0,0.347026020288467,0,9.07018831372261,0,0
0,0,0,0,0,0,0,0,0,0,0,0,0,0,0,0,0.684362709522247,0,21.4061126708984,0,0,0,0,0,0,0,0,0,0,0,0,0,0,0,0,0,0.520755052566528,0,0,0,20.7723763734102,0,12.2944406569004,0,0,0,1.30324330925941,0,0.170775830745697,0,0,0,0,0,0,0,0,0,0,0,0,0,0,0,0,0,0,0,0,0,0,0,0,0,0,0,0,0,0,2.83516435325146,0,2.53813135623932,5.90261682868004,0.187892571091652,8.84536716341972,0,0
0,0,0.982251763343811,0.581855058670044,0,0,0,0,0.216898694634438,0,0,0,0,0,0,0,42.0069497153163,131.453746423125,753.670942746103,24.3171584308147,0,12.8257995694876,0,1.03231194615364,0,0.368511229753494,0,0,0,0,0,0,0,0,0,422.28152230382,1.68170148134232,16.3611854314804,0,259.370424076915,1.33928847312927,773.841933816671,12.1150176003575,21.3217997848988,0,0,2.37838804721832,10.3702863454819,0,208.703608043492,0,0,0,0,0.467656850814819,0,7.68949772417545,7.84055199474096,0,0,0,0,1462.65933153778,0.204334273934364,2.53831994533539,0,0,0,0,1.16844165325165,23.1203221827745,0,112.159541875124,0.786654457449913,0,0,0,0,1792.64749066532,4.87128561735153,571.793371394277,2.32856798171997,267.601469792426,4.87408789992332,989.171876080334,18.8900210931897,1.18023020029068
0,0,3.21064314246178,0,0.935453951358795,0,0,0,0,0,0.962015971541405,0,0,0,0,0,39.7230739295483,7.48582638800144,332.778345115483,0,0,0,0,0,0,0,0,0,0,0,16.9050733223557,0,0,0,0.245910048484802,0,315.694210864604,0,14.1970925778151,0,291.5876493752,4.54560834169388,136.357278220356,0,1.30324330925941,2.37838804721832,0,15.3945922255516,90.9868571460247,0.162960037589073,4.75992041826248,0,0,0,0,0,74.8608618453145,0,0.36006161570549,0,0.633430987596512,0,0,374.53591606766,0,0.278742432594299,0,0,0,0,0,2.21501904726028,0,173.481462851167,0,0,0,0.272477388381958,7.13034772872925,2356.4419959411,2.28353929519653,622.916052870452,95.1226145774126,0.410133600234985,589.000718966126,0,9.81554268300533
0,2.84328792989254,0.646937698125839,12.0912719964981,4.56023940443993,2.59862089157104,0,0,0,0,0,0,0,0,0,0,0,0.258013367652893,6.58329786360264,0,0,0.288340955972672,0,0,0,0,0,0,0,0,0,1889.57352143526,2704.34114712477,4945.32973378897,1911.08532719314,11.6785625889897,49.2168652713299,1291.45434939861,679.277473092079,11.2842254042625,25.4872427582741,94.2084601223469,157.775061741471,0,0,10.3702863454819,15.3945922255516,0,2590.42699064314,1660.06926523149,1.1449978351593,0,0,0,0.461383193731308,1.92420676350594,1.81897789239883,0,0.227034479379654,0,0,0.223910510540009,0.217730313539505,3.4031737446785,0.43985453248024,0,0,0,0,0,2.85370993614197,0,0.325557619333267,2.60952608287334,5030.2193877995,13947.587021172,4624.99225738645,4105.04419264197,4795.55790230632,1136.14546450973,131.179397642612,20.8110990822315,578.877726212144,0.209737911820412,1360.21786933392,16.0458455681801,0.874982699751854
512.000475585461,0,235.796714499593,0,49.9034806340933,0,0,0,29.6150197684765,0,0,0,0,0,0,0,4.87303896248341,0,6.77527061104774,0,4.35846464335918,0,82.8972925841808,0,62.6493483185768,0,0,0,0,0,4.72680251300335,0,0,0,254.781113967299,3.49796688556671,52.3101961016655,0.720020353794098,193.144253566861,0,414.711580127478,1.90774089097977,899.339481949806,0,0.170775830745697,0,90.9868571460247,2590.42699064314,0,40.8416129052639,13.6270172595978,0,0,0,27.7885441333055,0,59.2302943170071,0,9.60817238688469,0,170.128749221563,0,0,24.6600438952446,0,447.373911082745,0,3.23620069026947,0,291.071713030338,0,136.102565959096,0,92.5496461689472,0,0,0,204.739144831896,0,1299.50950016826,0,1631.68137793243,296.692850291729,0.905931323766708,2002.85406743735,0,8.10041406750679
0,171.143676415086,0,231.984408736229,2.09030315279961,15.4849915206432,0,0,0,34.3250096142292,0,0,0,0,0,0,3.96840181946754,15.4528858810663,74.0362247899175,0,0,62.1244630366564,0,36.750473305583,0,0,0,0,0,0,0,7.71120291948318,6.34429860115051,29.2749490588903,0,7.31454277783632,5.89439535140991,144.025501102209,0,291.305569447577,0,987.147661469877,0,0,0,208.703608043492,0.162960037589073,1660.06926523149,40.8416129052639,0,0.33181956410408,2.53760486841202,0,0,3.86289751529694,20.5360707342625,0.284033328294754,405.728431463242,0,88.128864839673,0,16.3309844136238,31.8684741258621,0,3.73955696821213,0,104.050926283002,0,8.88740369677544,0,158.182701081038,0,139.329041361809,0.198942929506302,0.687145292758942,4.6120343208313,42.1299213767052,0.750775218009949,516.321033924818,0,651.912552237511,0.238413721323013,134.03219588846,0.603192776441574,2949.85393377393,173.888915643096,1.26262924075127
0,0,9.88465794920921,0,1304.85212334991,0,56.2038827836514,0,0,0,0,0,0,0,0,0,0,0,0.418252751231194,0,2.40067169070244,0,0,0,0,0,0,0,0,0,0,0,0,0,1.22192719578743,0,0,0,0,0,5.25493089854717,0.704834520816803,24.3465029895306,0,0,0,4.75992041826248,1.1449978351593,13.6270172595978,0.33181956410408,0,0,105.062990158796,0,1.9804972410202,0,115.105868369341,0,1.37448585033417,0,0,0,0,64.571185708046,0,0,0,0,0,0,0,2.34900438785553,0,3.61238485574722,0,0,0,0,1.08709454536438,1.77300727367401,0,0,118.849222049117,0,397.4316162467,0,0
0,0,0,324.951114952564,0,639.864434182644,0,249.773655414581,0,4.4349023103714,0,0,0,0,0,0,0,0,0,0,0,0.167920991778374,0,0,0,0,0,0,0,0,0,0,0,0,0,1.22697927057743,0,0,0,0,0,3.36774605512619,0,0,0,0,0,0,0,2.53760486841202,0,0,0,166.278401315212,0,100.18907302618,0,514.380361348391,0,119.279859393835,0,265.108059287071,2.34645932912827,0,0,0,0,0,0,0,0,0,0,0,0,0,0,0,0,0,0,0,1.64599364995956,0,211.743631392717,0,0
0,0,0,0,225.957510650158,0,1887.23212870955,0,0,0,22.7911269068718,0,0,0,0,0,0,0,0,0,0,0,0,0,0,0,0,0,0,0,0,0,0,0,0,0,0,0,0,0,0,0,0,0,0,0,0,0,0,0,105.062990158796,0,0,0,0,0,12.1962915062904,0,0,0,0,0,0,0,0,0,0,0,0,0,0,0,0,0,0,0,0,0,0,0,0,0,489.299503594637,0,0,0,0
0,0,0,0,0,160.586670577526,0,1617.8406753242,0,0,0,0.711254358291626,0,117.203446388245,0,0,0,0,0,0,0,0,0,0,0,0,0,0,0,0,0,0,0,0,0,22.450891494751,0,0,0,0,0,0,0,0,0,0,0,0,0,0,0,166.278401315212,0,0,0,0,0,234.989153623581,0,314.091108739376,0,0,39.7058769464493,0,0,0,0,0,0,0,0,0,0,0,0,0,0,0,0,0,0,0,133.636439502239,0,0,0,0
62.0177964568138,0,61.5382125973701,0,79.5943197011948,0,0,0,425.858570918441,0,0,0,0,0,149.044222056866,0,155.847585052252,193.451444379985,27.0597952306271,0,0.233561083674431,2.47048128396273,3.02674439549446,0.296943366527557,3.77812334895134,1.4275050163269,4.46794299781322,0,0,0,0,0,0,0,0,0,0,0,4.34438669681549,0,5.16918182373047,1.10794263333082,29.0797744393349,0,0,0.467656850814819,0,0.461383193731308,27.7885441333055,3.86289751529694,1.9804972410202,0,0,0,0,0,3.28666186332703,0,0,0,64.3582886904478,0,0,5.73456457257271,0,0,0,48.8560147732496,0,0.408170148730278,0,0,0,11.6417825222015,0,0,0,0,1.24292889237404,1.12790800631046,4.10946369171143,89.8264893293381,169.088609695435,0,90.8688872307539,0,0.156438544392586
0,254.441488951445,0,47.0163641571999,0,581.382874548435,0,0,0,1143.20650959015,0,0,0,0,0,23.034229516983,0,1.37251007556915,0,0,0,0,0,26.7847285270691,0,0,0,0,0,0,0,0,0,0,0,0,0,27.4364482015371,0,0,0,2.46882255375385,0,0,0,0,0,1.92420676350594,0,20.5360707342625,0,100.18907302618,0,0,0,0,0,0.898086488246918,0,11.4406024217606,0,445.117232739925,0,0,0,0,69.2718051671982,0,0,0,0.266968816518784,0,4.12209904193878,0,0,0,0,0,0,0,2.05692854523659,0,37.6369658708572,0,143.453633993864,0,0
0,0,104.115227252245,0.736279308795929,4.48405623435974,0,160.99162876606,0,2.00485262274742,0,656.194955050945,0,2.68148922920227,0,0,0,5.11803196370602,2.07796867191792,42.2938840985298,0,168.968541383743,0,0,0,0,0,0,0,0.426392659544945,0,91.8515311032534,0,0,0,0.802628189325333,0,7.13415885716677,0,37.1708355695009,0,28.6807883679867,3.96374045312405,504.32723440975,0,0,7.68949772417545,74.8608618453145,1.81897789239883,59.2302943170071,0.284033328294754,115.105868369341,0,12.1962915062904,0,3.28666186332703,0,0,0,104.633668035269,0,66.6898630261421,0,0,1211.04392968118,0,18.7747801244259,0,0,0,0,0,923.586763784289,0,941.969981253147,0,0,0,0.388415992259979,2.09352242946625,13.186339057982,2.78414326906204,288.074891373515,54.2568850517273,0,974.68354806304,0,39.6991603374481
0,0,0,5.20851865410805,0,275.499676644802,0,192.403207749128,0,0,0,1125.68489956856,0,168.920196115971,0,0,0,0,0,94.6862590312958,0,28.5641469210386,0,38.3403537720442,0,0,0,0,0,0,0,0,0,0,0,0.108909346163273,0,107.560249701142,0,0.577023237943649,0,10.8478457778692,0,0,0,7.84055199474096,0,0,0,405.728431463242,0,514.380361348391,0,234.989153623581,0,0.898086488246918,0,0,0,193.687600404024,0,4.09144771099091,631.422004386783,0,1.62775136530399,0,4.7964978069067,0,14.1801663637161,0,435.680272966623,0,236.578430652618,0,0,0,0,0,0.59587537497282,0,74.8935958594084,0,9.16673147678375,0,536.720074474812,0.528016984462738,0
0,0,41.0603500008583,0,0,0,0,0,0,0,0,0,4.68145108222961,0,0,0,0,0,0,0,0,0,0,0,0,0,0,0,0,0,0,0,0,0,0,0,0,0,0,0,0.778659582138062,0,2.65175998210907,0,0,0,0.36006161570549,0.227034479379654,9.60817238688469,0,1.37448585033417,0,0,0,0,0,104.633668035269,0,0,0,37.6652192473412,0,0,0,0,0,0,0,0,0,0,7.29850554466248,0,0.767975986003876,0,0,0,0,0,0,0.677135527133942,0,3.19148221611977,0,81.7634981274605,0,0
0,0,0,1.9190781712532,0,36.6256584525108,0,211.454874098301,0,0,0,0.797357320785522,0,197.205074429512,0,0,0,0,0,0,0,0,0,0.251308888196945,0,0,0,0,0,0,0,0,0,0,0,0,0,0,0,0,0,0,0,0,0,0,0,0,0,88.128864839673,0,119.279859393835,0,314.091108739376,0,11.4406024217606,0,193.687600404024,0,0,0,37.6758324801922,0,0,0,0,0,0,31.6501321196556,0,21.8220731019974,0,0,0,0,0,0,0,0,0,0,0,157.647666692734,0,10.8345992565155,0,0
5.40805995464325,0,88.9715303480625,0,0,0,0,0,16.7800344526768,0,0,0,0,0,11.2589022219181,0,197.269646733999,68.2174043208361,4.68489521741867,0,0,1.40781074762344,11.1151716858149,0,0.455321967601776,0.296218067407608,21.5532521605492,0,0,0,0,0,0,0,0,0,0,0,0,0,0,1.60652980208397,2.54028426110744,0,0,0,0.633430987596512,0,170.128749221563,0,0,0,0,0,64.3582886904478,0,66.6898630261421,0,37.6652192473412,0,0,0,0,0,0,0.315528988838196,0,0,0,2.47823792695999,0,0,0,0,0,0,0,0,0,0,0,0.44897586107254,46.8052226230502,0,42.0025952160358,0,0
0,102.473610162735,0,4.93225184082985,0,117.74411803484,0,0,0,24.3698189854622,0,0,0,0,0,0,0,0,0,0,0,0,0,0.40904375910759,0,0,0,0,0,0,0,0,0,0,0,0,0,0,0,0,0,0,0,0,0,0,0,0.223910510540009,0,16.3309844136238,0,265.108059287071,0,0,0,445.117232739925,0,4.09144771099091,0,37.6758324801922,0,0,0,0,0,0,0.345380365848541,0,31.0044105648994,0,8.52322524785995,0,0,0,0,0,0,0,0,0,0,0,0.890047907829285,0,3.01372411847115,0,0
0,0,0,15.9175215512514,0,6.38773280382156,0,1.47735849022865,0,0,0,94.2873367667198,0,0,0,0,3.99289272725582,17.5942639112473,162.961799867451,926.57095259428,0,22.5560126155615,0,2.05616316199303,0,0,0,0,0,0,0.163059026002884,0,0,0,0,925.606737732887,0,12.7038566023111,0,187.841135531664,0,493.366128854454,1.72377142310143,8.86630725860596,0,1462.65933153778,0,0.217730313539505,0,31.8684741258621,0,2.34645932912827,0,39.7058769464493,0,0,0,631.422004386783,0,0,0,0,0,0,6.42776682972908,0,0,0,0,0,41.151919439435,0,274.35843989253,0,0,0,0,0,2764.32007186115,1.51470285654068,3300.08348320425,1.80574178695679,162.371547818184,0.638055071234703,863.451730519533,3.49829508364201,0
0,0,6.37833568453789,0,354.215578958392,0,6.68490394949913,0,6.2170370221138,0,36.8800027668476,0,0,0,0,0,4.47581554949284,3.06180898845196,56.6365749463439,0,325.084972381592,0,0,0,0,0,0,0,0,0,99.4378101974726,0,0,0,0.141049042344093,0,312.353239625692,0,71.6072275787592,0,264.29692029953,3.44082213938236,406.383810028434,0,0,0.204334273934364,374.53591606766,3.4031737446785,24.6600438952446,0,64.571185708046,0,0,0,5.73456457257271,0,1211.04392968118,0,0,0,0,0,0,0,0,1.45694480836391,0,0,0,0,0,42.1187077313662,0,482.549158617854,0,0,0,0,0,3852.5569531545,0.232288107275963,1797.84027569741,307.58033593744,0.142473384737968,891.809956073761,0,11.4675804972649
0,0,0,8.88353472948074,0,0,0,0,0,0.196818277239799,0,0,0,0,0,0,0,0.294732064008713,2.19019892811775,0,0,2536.96709899604,0,204.973529279232,0,0,0,4.19887912273407,0,0,0,0,0,0,0,0.200313687324524,0,617.939056605101,0,0,0,36.779344201088,0,0,0,2.53831994533539,0,0.43985453248024,0,3.73955696821213,0,0,0,0,0,0,0,1.62775136530399,0,0,0,0,6.42776682972908,0,0,0,11.8020945191383,0,11.0114512443542,0,241.943478927016,0,38.8450058698654,0,0,0,0.558601289987564,0,1.32977817207575,1.11310958862305,679.558285161853,0,48.11629524827,0,25.686757043004,7.89412444829941,0
0,0,0.235910147428513,0,0,0,0,0,0,0,0,0,0,0,0,0,6.6067750453949,0,0,0,0,0,1616.48808291554,0,0,0,0.727390915155411,0,0,0,0,0,0,0,0,0,0,0,319.955053299665,0,0,0,0.381030052900314,0,0,0,0.278742432594299,0,447.373911082745,0,0,0,0,0,0,0,18.7747801244259,0,0,0,0.315528988838196,0,0,1.45694480836391,0,0,0,7.63649672269821,0,281.581174373627,0,529.255323708057,0,230.153202071786,0,0,0,0,0,0,0,740.755851373076,23.5897698998451,0,1.0693302154541,0,0
0,2.38379213213921,0,0,0,0,0,0,0,59.8089214861393,0,0,0,0,0,0,0,0,0,0,0,1.6494707763195,0,391.283799648285,0,51.663269340992,0,0,0,0,0,0,0,0,0,0,0,79.9929161071777,0,0,0,0,0,0,0,0,0,0,0,104.050926283002,0,0,0,0,0,69.2718051671982,0,4.7964978069067,0,0,0,0.345380365848541,0,0,11.8020945191383,0,0,0,155.261146247387,0,19.4857860803604,0,0.417371600866318,0,0,0,0,0,0,0,220.911379218102,0,0,0,117.265618771315,0,0
0,0,0,0,0,0,0,0,4.90251360833645,0,0,0,0,0,0,0,0.938430771231651,0.933935418725014,0,0,0,0,0,0,2.02660882472992,0.230262339115143,0,0,0,0,0,0,0,0,0,0,0,0,26.6441825628281,0,0,0,0,0,0,0,0,0,3.23620069026947,0,0,0,0,0,48.8560147732496,0,0,0,0,0,0,0,0,0,0,7.63649672269821,0,0,0,0,0,0,0,0,0,0,0,0,0,0,0,234.522203207016,0.608819663524628,0,1.89944386482239,0,0
0,0,0,0,0,0,0,0,0,0,0,0,0,1,0,0,0,0,0,0,0,0,0,9.04399439692497,0,13.9267884492874,0,1,0,0,0,0,0,0,0,0,0,0,0,0,0,0,0,0,0,0,0,0,0,8.88740369677544,0,0,0,0,0,0,0,14.1801663637161,0,31.6501321196556,0,31.0044105648994,0,0,11.0114512443542,0,155.261146247387,0,0,0,25.125305980444,0,0,0,0,0,0,0,0,0,0,0,0,0,2.82842016220093,0,0
0,0,0,0,0,0,0,0,8.73632125556469,0,0,0,0,0,17.7109431624413,0,432.479402646422,97.6146595552564,6.01460802555084,0,0,6.50616359710693,90.2758927643299,0.649035453796387,0,0,139.83433932066,0,0,0,0,0,0,0,0,0,0,0,0,0,0.698383331298828,0,0,0,0,1.16844165325165,0,0,291.071713030338,0,0,0,0,0,0.408170148730278,0,0,0,0,0,2.47823792695999,0,0,0,0,281.581174373627,0,0,0,0,0,0,0,0,0,0,0,0,0,0.171153694391251,0,0.464603096246719,50.9003117755055,0,0.478665292263031,0,0
0,0.766894355416298,0,12.6587277054787,0,0,0,0,0,0,0,0,0,0,0,0,0.284147560596466,0.692851915955544,6.98699128627777,0,0,166.51113511622,0,20.8727851212025,0,0,0,7.36125615239143,0,0,0,0,0,0,0,2.46383281797171,0,31.1519360691309,0,0,0,124.453911826015,0,0,0,23.1203221827745,0,2.85370993614197,0,158.182701081038,0,0,0,0,0,0.266968816518784,0,435.680272966623,0,21.8220731019974,0,8.52322524785995,41.151919439435,0,241.943478927016,0,19.4857860803604,0,25.125305980444,0,0,0,96.0735117942095,0,0,0,0,0,2.66200904548168,0,408.722000673413,0,4.3455338999629,0,389.075407862663,11.8377309441566,0
0,0,1.3397758603096,0,0,0,0,0,0,0,3.93648698925972,0,0,0,18.2095248699188,0,1.64841562509537,0,0,0,11.486294567585,0,7.16364917159081,0,0,0,0,0,138.876893430948,0,0,0,0,0,0,0,0.118738561868668,0,8.90824449062347,0,0.416157230734825,0,16.9215894788504,0,0,0,2.21501904726028,0,136.102565959096,0,2.34900438785553,0,0,0,0,0,923.586763784289,0,7.29850554466248,0,0,0,0,42.1187077313662,0,529.255323708057,0,0,0,0,0,0,0,521.893909901381,0,0,0,0,0,0,0,455.624273747206,2.61278915405273,0,15.4030018597841,0,0.18629764020443
0,6.62474194169044,0,73.5627614706755,0,0.49499137699604,0,0,0,0,0,59.384104013443,0,0,0,0,1.18088184297085,1.14863583445549,52.8025808483362,0,0,82.9817191660404,0,1.4949863255024,0,0,0,9.27598866820335,0,577.938439577818,0,0,0,0,0,4.12361922115088,0,13.1540376543999,0,1.56656427681446,1.10126972198486,678.985547855496,0.30544501543045,0,0,112.159541875124,0,0.325557619333267,0,139.329041361809,0,0,0,0,0,4.12209904193878,0,236.578430652618,0,0,0,0,274.35843989253,0,38.8450058698654,0,0.417371600866318,0,0,0,96.0735117942095,0,0,2.27047562599182,0,0,0.282876521348953,0,15.2605924084783,1.04994976520538,1113.3120790273,1.41930663585663,28.713651239872,0,563.350330844522,87.2627457231283,0
0,0,68.3325992077589,0,1.75512945652008,0,0,0,0,0,137.668305173516,0,0,0,0,0,73.936261087656,33.8534495830536,255.202649921179,0,50.9899120181799,0,7.39109179377556,0,0,0,0,0,0.991685062646866,0,406.555956304073,0,0,0,0.216797515749931,0,11.6838794052601,0,3.25768655538559,0,25.8122072219849,12.0548583865166,1066.41209962964,0,0,0.786654457449913,173.481462851167,2.60952608287334,92.5496461689472,0.198942929506302,3.61238485574722,0,0,0,11.6417825222015,0,941.969981253147,0,0.767975986003876,0,0,0,0,482.549158617854,0,230.153202071786,0,0,0,0,0,521.893909901381,2.27047562599182,0,0,0,0,0,2.50808000564575,82.5455973297358,12.8341822624207,3248.00908082724,133.062846958637,0,1008.51591810584,0,62.7727906703949
0,0,0,0,0,0,0,0,0,0,0,0,0,0,0,0,0,0,0,0,0,0,0,0,0,0,0,0,0,0,0,3432.31728026271,0,122.345523774624,0,218.681115910411,0,0,0,0,0,0,0,0,0,0,0,5030.2193877995,0,0.687145292758942,0,0,0,0,0,0,0,0,0,0,0,0,0,0,0,0,0,0,0,0,0,0,0,0,0,13.2238511145115,154.413321137428,0,98.334870994091,1.57321916520596,0,0,658.948921144009,0,0,0,0
