0,0,0.05987035520902,0,0,0,0,0,0.0562011686577415,0,0,0,0,0,0.00117423363923698,0,0,0,0.00281790884805405,0,0,0,0,0,0,0,0,0,0,0,0,0,0,0,0,0,0,3.94159577730651e-06,0,0,9.95731660542165e-05,0,0.00874574876540256,0,0,0,0.00285581710253225,0.000519555484186947,0.023001455242332,0.000128555984931052,0.000137422505098973,0,0,0,0.0504108151096638,0,0,0,0,0,0.00300170791195008,0,0,4.69528694293428e-05,0,0,0,0,0,0,0,0,0,0,0,0,8.2708066205096e-05,0,0,0.000206384038892712,3.15349845393784e-05,4.5309307940935e-05,0.00111587650229623,0,0.0374262284972859,0,6.15326881320934e-05
0,0,0,0.0288460376145549,0,0,0,0,0,0.046739788776331,0,0,0,4.1510567623808e-05,0,0.00915324499649438,0,0,0.000299329897249755,0,0,0,0,0,0,0,0,0,0,0,0,0,0,0,2.89712916266228e-05,0,0,0,0,8.79962874443343e-05,0,0.0220364387502322,0,0,0,0.000606668406753492,0,0.000757293212519882,9.42784555546831e-05,0.0266293657942998,0,0,0,0,0,0.0965566713874878,0,0,0,0,0,0.0138476799087374,0,0,0,0,0.00313918557023129,0,0,0,0,0,5.69093859129621e-05,0,0,0,0,0,8.48792042844526e-05,0,2.08489166546747e-05,3.32664195153458e-05,0.00103059877744357,0,0.0111828765833675,0.000105916218797662,0
0.05987035520902,0,0,0,0.00757289472152921,0,0,0,0.0256063507771101,0,0,0,0,0,0,0,4.56679920618773e-06,0,0.000260143811878515,0,0.00137278478832944,0,0,0,0,0,0,0,0,0,0,0,0,0,0,0,0,4.71790538337992e-06,5.97633302726422e-06,0,0.00055949676984121,0,0.00330108653169469,0,0.000200155861006433,0,0.00217707415828384,2.22932657691264e-05,0.00996390154723216,0,0.000429004764597495,0,0,0,0.0368821488262589,0,0.00076593651851151,0,0.000314959441611803,0,0.0179762931876006,0,0,0.000612707029189193,0,0,0,0,0,0,0,0,0,0.000455371773099129,0,0,0,0,0,0.000143463109170896,0,0.000112295142689982,0.000379471623990029,2.11639028067391e-05,0.0232760200253071,0,0.000888742875950197
0,0.0288460376145549,0,0,0,0.00138714896222101,0,0,0,0.0213819610537206,0,0,0,0.000166865938869276,0,0,0,0,0.00011635814162515,0.00153805288746321,0,0,0,0,0,0,0,0,0,0,0,0,0,0,0,0.000113262998562248,0,0,0,0.000422037661853997,0,0.00401895351485136,0,0,0,0.014033748465762,0,0,0,0.0136404949341863,0,0.0142520334317593,0,0,0,0.032298299249919,0,0.00988582658452867,0,0.0127602905710511,0,0.00720499834313925,0.00555209268623117,0,0,0,0,0,0,0,0,0,0.000645675395051176,0,0,0,0,0,0.000594755116918054,1.9234796607771e-05,8.85582083416502e-05,0,0.000356446012577252,0,0.0562370714751609,0.000698507897237665,0
0,0,0.00757289472152921,0,0,0,0,0,0.0190563651019374,0,0,0,0.000926913523421932,0,0.000176821465460704,0,0,0,2.29302052900211e-05,0,0.00392282402062749,0,0,0,0,0,0,0,0,0,0,0,0,0,0,0,1.01234554676921e-05,0,0,0,0,0,0.000112223951605335,0,0,0,0.000325572756282595,0,8.52900069959789e-06,0,0.0351920583850814,0,0,0,0.00344389644946141,0,0.000321660554270348,0,0.000778375884501234,0,0.000602481901821415,0,0,0.00393477724283167,0,0,0,0,0,0,0,0,0,0.00028435300007693,0,0,0,0,0,0.000152652458659765,0,5.62588420476968e-05,0.000711415137897868,0,0.0115148542594355,0,0
0,0,0,0.00138714896222101,0,0,0,0.000667939922039444,0,0.00981310788970845,0,0,0,0.0031479871673976,0,0.000145291526268961,0,0,0,0.00895028292778776,0,0,0,0,0,0,0,0,0,0,0,0,0,0,0,0.000147094055481475,0,0,0,0,0,3.11860830853221e-05,0,0,0,0.00126845476529345,0,0,0,0,0,0.0376850296073325,0,0,0,0.00145175567437959,0,4.66811608762037e-05,0,0.000732392479313593,0,0.000768055175714784,0.00801191865178567,0,0,0,0,0,0,0,0,0,0,0,0,0,0,0,0.000328692854548931,0,8.09303326461419e-06,0,0.000449815519125311,0,0.00757527597969396,0,0
0,0,0,0,0,0,0,0,0,0,0.000116412707135121,0,0,0,0,0,0,0,0,0,0,0,0,0,0,0,0,0,0,0,0,0,0,0,0,0,0,0,0,0,0,0,0,0,0,0,0,0,0,0,0,0,0.0298281272332255,0,0,0,0.00233403952658803,0,0,0,0,0,0,0,0,0,0,0,0,0,0,0,0,0,0,0,0,0,0,0,0,0,0.000243950108782627,0,0,0,0
0,0,0,0,0,0.000667939922039444,0,0,0,0,0,0.000144154531881213,0,0,0,0,0,0,0,0,0,0,0,0,0,0,0,0,0,0,0,0,0,0,0,0,0,0,0,0,0,0,0,0,0,0,0,0,0,0,0,0.0294425166223914,0,0.102752905908734,0,0,0,0.00295160604545804,0,0.000405368201797426,0,0,0,0,0,0,0,0,0,0,0,0,0,0,0,0,0,0,0,0,0,0,2.25662362793445e-05,0,0,0,0
0.0562011686577415,0,0.0256063507771101,0,0.0190563651019374,0,0,0,0,0,0,0,0,0,0.0143749807252922,0,0,0,0.000193663192141185,0,0,0,0,0,0.000320857526098514,0,0,0,0,0,0,0,0,0,0,0,0,0,4.11125842497846e-05,0,3.1506036903274e-05,0,0.000561452065874437,0,0,0,9.78875743379006e-05,0,0.00141909333269082,0,0.00447224241931954,0,0,0,0.19124438346189,0,1.45022918856198e-05,0,6.20652066619281e-05,0,0.0198363336343707,0,0,0,0,0,0,0.00118514261413816,0,0,0,0,0,9.20882239501782e-05,0,0,0,0,0,1.7619835118851e-05,0,0.000473428965010032,0.00028838698132956,0,0.00368733424784972,0,0.000605389672563517
0,0.046739788776331,0,0.0213819610537206,0,0.00981310788970845,0,0,0,0,0,0,0,0,0,0.00895852710497533,0,0.000876909276149369,0,0.000303397502855256,0,0,0,0.00191394127337231,0,0.000131242210045457,0,0,0,0,0,0,0,0,0,0.000133255647700072,0,0.000638823427986786,0,0,0,0.000396937718931543,0,0,0,0.00139441843008397,0,0,0,0.000311268707408298,0,0.012005587715287,0,0,0,0.270166540958672,0,0.000235530055558751,0,0,0,0.0359239118287115,3.94595605962417e-05,0,0,0,0.0115172306254654,0,0.000246168987359852,0,0,0,2.35453088102966e-05,0,0,0,0,0,2.03182509677294e-05,0,0.00249469955080452,0,0.00203079157239318,0,0.00461946694688611,0.00181674735901263,0
0,0,0,0,0,0,0.000116412707135121,0,0,0,0,0,0,0,0,0,0,0,0,0,0.107993823104567,0,0,0,0,0,0,0,0,0,0.000383528117531345,0,0,0,0,0,0.00380445107586003,0,0.0320470014374442,0,0,0,0,0,0,0,0,0,0,0,0,0,0,0,0,0,0.0367877049954409,0,0,0,0,0,0,0.00383601358736814,0,0,0,0,0,0,0,8.90551236807369e-05,0,0,0,0,0,0,0,1.96116029804888e-05,0,0.00246079408631973,0.000688944092950609,0.000505160016294813,0,0,0
0,0,0,0,0,0,0,0.000144154531881213,0,0,0,0,0,0,0,0,0,0,0,0.0253517912237252,0,0,0,0,0,0,0,0,0,0.00123721684941216,0,0,0,0,0,0.00649442345609963,0,0.0185215927903449,0,0,0,5.64427015794025e-06,0,0,0,0.000223495046586336,0,0,0,0,0,0,0,0,0,0,0,0.0560401501052363,0,0,0,0,0.0844350898234218,0,0,0,0,0,0,0,0,0,0,0,0,0,0,0,0.00091151222949596,0,0.00556286804395459,0,0.000765979827440197,0,0.000477369845537447,0,0
0,0,0,0,0.000926913523421932,0,0,0,0,0,0,0,0,0,0.00925776292865547,0,0,0,0,0,0,0,0,0,0,0,0,0,0,0,7.3931170398148e-05,0,0,0,0,0,0,0,0,0,0,0,0,0,0,0,0,0,0,0,0.000444040111192226,0,0,0,0,0,0,0,0.00571087969416122,0,0.00151233108862083,0,0,0,0,0,0,0,0,0,0,0,0,0,0,0,0,0,0,0,0,0,0.000163405277158309,0.000396740295591647,0,0,0
0,4.1510567623808e-05,0,0.000166865938869276,0,0.0031479871673976,0,0,0,0,0,0,0,0,0,0.0126050257482463,0,0,0,0,0,0,0,0,0,0,0,0.00174038406912859,0,0,0,0,0,0,0,0,0,0,0,0,0,0,0,0,0,0,0,0,0,0.000114893852383793,0,0.00237859081173912,0,0.00106579814638651,0,0,0,0.000394888689621786,0,0.0631271305046567,0,0.0361251182976685,0,0,0,0,0,0,4.29998868401752e-05,0,0.000440714044424442,0,0,0,0,0,0,0,0,0,0,0,0.000347560123698754,0.00302786826871571,0,0,0
0.00117423363923698,0,0,0,0.000176821465460704,0,0,0,0.0143749807252922,0,0,0,0.00925776292865547,0,0,0,0.00380510019216252,0.000660452821898081,0.000377415943421332,0,0,0,0,0,0,0,0.000369798869671867,0,0,0,0,0,0,0,0,0,0,0,0,0,0,0,0,0,0,0,0,0,0.000806029053772812,0,0.00266099645496827,0,0,0,0.0138802519382339,0,9.32208902800612e-05,0,0.00408783954147917,0,0.0404996262410629,0,0,0,0,0,0,0,0,7.95704626223373e-05,0,0,0,0,0,0,0,0,0,0,0,0,9.60368402690705e-05,0,0,0,0
0,0.00915324499649438,0,0,0,0.000145291526268961,0,0,0,0.00895852710497533,0,0,0,0.0126050257482463,0,0,0,0.00055493565785895,0,0,0,0,0,0,0,0,0,0,0,0,0,0,0,0,0,0,0,0,0,0,0,0,0,0,0,0,0,0,0,0.000180469874933769,0,0.0126302176635151,0,0,0,0.0214370160422693,0,0,0,0.00452893548704147,0,0.0786965782234953,0,0,0,0,0.000316748476869189,0,0,0,0,0,0,0,0,0,0,0,0,0,0,0,0.000193337394517313,0,0,0,0
0,0,4.56679920618773e-06,0,0,0,0,0,0,0,0,0,0,0,0.00380510019216252,0,0,0.197606122954911,0.0748996282146277,0,0,0,0,0.000660412121296879,0,0.000792385659496774,0.020226391401396,0,0,0,0,0,0,0,0,0,4.03759004387777e-06,0,3.2534226463608e-05,0.000437358351004597,0.000104028930755635,0.000784189976126514,0.00129934600282134,6.76124054279498e-05,0.000349901322975175,0.000727249752831638,0.00173270499699138,0,0,6.45526842584674e-05,0,0,0,0,5.90138844642433e-06,0,0,0,0,0,0.000210214844207946,0,9.93814888160642e-05,0.000317487022056274,0,0,0,0,0,0.00115005461008204,0,0,4.98515595594656e-05,9.79664708449879e-05,0,0,0,0,0.000391242985674,0.00151042475081774,0.000278819773390893,0.00124454653109588,0.0151570811841061,8.00929940409368e-05,0.00187591372597363,0.000106683876226886,0.000284478472549461
0,0,0,0,0,0,0,0,0,0.000876909276149369,0,0,0,0,0.000660452821898081,0.00055493565785895,0.197606122954911,0,0.0768642978274885,0,0,0.00060306665268733,0,0.00485373228277086,0,0.0101689482355753,0.000973711952127523,0,0,0,0,0,0,0,0,0,0,3.31202433326153e-06,0,0.000784846112563319,0.000112859246834491,0.00179125607004483,0.000346315699208796,0.000373259775137008,7.28701401745107e-06,0.00123179917832639,0.00042560650291048,0,0,6.42738488473954e-05,0,0,0,0,0,0,0,0,0,0,0,0,0.00041741780744785,0.000140751722841389,0,0,0,0,0.00014765984134414,0.000131177672107613,0,0,0.000131080947356369,1.31674704286837e-05,0,0,0,0,0.00124830553659425,0.000225493978061338,0.000705728894201159,0.000179792548308586,0.0176991212169462,1.79458018462237e-05,0.00183225344829532,0.000150256136256584,0.000126872529188833
0.00281790884805405,0.000299329897249755,0.000260143811878515,0.00011635814162515,2.29302052900211e-05,0,0,0,0.000193663192141185,0,0,0,0,0,0.000377415943421332,0,0.0748996282146277,0.0768642978274885,0,0,0,0,0,0.000806853387659517,0,0.000786061443386181,0.00107053983519957,0,0,0,0,0,0,0,0,3.8752902919729e-05,3.25836440211597e-05,0,2.88607518607846e-05,0.0121057070075477,0.00129834917882871,0.0195146098904672,0.0140799793888896,0.010914736260296,0.00299244480377134,0.0304457832064502,0.0350908087069131,1.63815528723509e-05,7.05621283658549e-05,0.00104988669578163,0,0,0,0,0.000373182064564545,0,0.000201269305599905,0,0,0,0,0,0.00656614983767818,0.0044440433890914,0,0,0,0.000536084180272165,0,0.000114558847410671,0,0,0.00112956504650751,0.00142739273964763,0,0,0,0,0.012595342523393,0.00996594163918041,0.00709618256629328,0.00767085238092132,0.0197858776938057,4.05436630946443e-05,0.0521809078531144,0.00258875479125543,0.00523705584237459
0,0,0,0.00153805288746321,0,0.00895028292778776,0,0,0,0.000303397502855256,0,0.0253517912237252,0,0,0,0,0,0,0,0,0,0,0,0,0,0,0,0,0,0,0,0,0,0,0,0.0252149684241632,0,0.00224747895854379,0,0,0,0,0,0,0,1.5496264080849e-05,0,0,0,0,0,0,0,0,0,0,0,0.000842762276116361,0,0,0,0,0.142343490866029,0,0,0,0,0,0,0,0,0,0,0,0,0,0,0,0.00269699861551839,0,0.000173729688601017,0,0.000183215781039022,0,0.000141466718121762,0,0
0,0,0.00137278478832944,0,0.00392282402062749,0,0,0,0,0,0.107993823104567,0,0,0,0,0,0,0,0,0,0,0,0,0,0,0,0,0,0,0,0,0,0,0,0,0,0.0268033100425019,0,0.00371593406012253,0,0,0,0,0,0,0,0,0,0,0,0.000845318648503056,0,0,0,0,0,0.0209911519170609,0,0,0,0,0,0,0.0222591243761771,0,0,0,0,0,0,0,0,0,0,0,0,0,0,0,0.00751622507744372,0,0.00133002131309119,0.000165690063475635,8.15010105891935e-05,0.00470839002986384,0,0
0,0,0,0,0,0,0,0,0,0,0,0,0,0,0,0,0,0.00060306665268733,0,0,0,0,0.00110638926406628,0.00151620032683073,0,0.00167566592288779,0,7.92844472715542e-05,0,0,0,0,0,0,0,0,0,0.00138906121092967,0,0,0,0,0,0,0,0,0,0,0,0.000140674039456776,0,0,0,0,0,0,0,0,0,0,0,0,0,0,0.0259366629360782,0.000576411048924053,0.00390258116792351,0,0.0015261905065991,0,0.00302263444794517,0,0,0,0,0,0,0,0,0,0.00391010087236853,0,0.00265630828164345,0.000353939404278103,0,0,0
0,0,0,0,0,0,0,0,0,0,0,0,0,0,0,0,0,0,0,0,0,0.00110638926406628,0,0,0.00208251543097065,0,0,0,0.000250874682321367,0,0,0,0,0,0,0,0,0.000153786077062853,0.00753473358063016,0,0,0,0,0,0,0,0,0.000100007032904028,0.000407336947812112,0,0,0,0,0,0,0,0,0,0,0,0,0,0,0,0,0.0389757061375537,0,0.000443237004680986,0,9.06712100906906e-06,0,0.000194890745511801,0,0,0,0,0,0,0,0,0,0.00675184835763519,0.0011304959463722,0.000933604254309915,0,0,0
0,0,0,0,0,0,0,0,0,0.00191394127337231,0,0,0,0,0,0,0.000660412121296879,0.00485373228277086,0.000806853387659517,0,0,0.00151620032683073,0,0,0,0.024184135457411,0,0,0,0,0,0,0,0,0,0,0,0.0036111826050433,0,0,0,0,0,0,0,0.000125170949524356,0,0,0,0,0,0,0,0,0,0.00338883507018488,0,0,0,0,0,0,0,0,0.0008674783895534,0,0.0474213552121522,0,0.00775585160007218,0,0,0,0,0,0,0,0,0,0,1.00728221786046e-05,0.00423757949168551,0,0.000201934136706486,0,4.81580911387202e-05,0,0
0,0,0,0,0,0,0,0,0.000320857526098514,0,0,0,0,0,0,0,0,0,0,0,0,0,0.00208251543097065,0,0,0,0,0,0,0,0,0,0,0,0,0,0,0,0.00307018912228472,0,0,0,0,0,0,0,0,0,0.000485112011912764,0,0,0,0,0,0.00931107997107843,0,0,0,0,0,0,0,0,0,0,0.00188405939958071,0,0.180698001854394,0,0.000377097589080222,0,0,0,0,0,0,0,0,0,0,0,0.00155270751258949,6.44339079807297e-05,1.68300511511552e-06,0.000110511339952761,0,0
0,0,0,0,0,0,0,0,0,0.000131242210045457,0,0,0,0,0,0,0.000792385659496774,0.0101689482355753,0.000786061443386181,0,0,0.00167566592288779,0,0.024184135457411,0,0,0,0,0,0,0,0,0,0,0,0,0,0,0,0,0,0,0,0,0,0,0,0,0,0,0,0,0,0,0,0,0,0,0,0,0,0,0,0,0,0,0.00187821514122494,0,0.0312536793194651,0,0,0,0,0,0,0,0,0,0,0,0,0,5.63470250330538e-05,0,0,0,0
0,0,0,0,0,0,0,0,0,0,0,0,0,0,0.000369798869671867,0,0.020226391401396,0.000973711952127523,0.00107053983519957,0,0,0,0,0,0,0,0,0,0,0,0,0,0,0,0,0,0,0,0,0,0,0,0,0,0,0,0,0,0,0,0,0,0,0,0,0,0,0,0,0,0,0,0,0,0,0,0,0,0,0.0302333639419161,0,0,0,0,0,0,0,0,0,0,0,0,6.45376548895792e-05,0,0,0,0
0,0,0,0,0,0,0,0,0,0,0,0,0,0.00174038406912859,0,0,0,0,0,0,0,7.92844472715542e-05,0,0,0,0,0,0,0,0.000579692117581632,0,0,0,0,0,0,0,0,0,0,0,0,0,0,0,0,0,0,0,0,0,0,0,0,0,0,0,0,0,0.00126261262634887,0,0,0,0,0.000906416094535714,0,0,0,0.00521491157111329,0,0.0551636436036164,0,0,0,0,0,0,0,0,0,0,0,0.000162026998773788,0.000318478243504024,0,0,0
0,0,0,0,0,0,0,0,0,0,0,0,0,0,0,0,0,0,0,0,0,0,0.000250874682321367,0,0,0,0,0,0,0,0.00671903004978861,0,0,0,0,0,0,0,0,0,0,0,0,0,0,0,0,0,0,0,0,0,0,0,0,0,7.58760339911596e-05,0,0,0,0,0,0,0,0,0.00012944177540924,0,0,0,0,0,0.0196755465523418,0,0.000222046323766387,0,0,0,0,0,0,0,0,2.00771397006102e-05,0,0,0,0
0,0,0,0,0,0,0,0,0,0,0,0.00123721684941216,0,0,0,0,0,0,0,0,0,0,0,0,0,0,0,0.000579692117581632,0,0,0,0,0,0,0,0,0,0.00646938069223307,0,0,0,0,0,0,0,0,0,0,0,0,0,0,0,0,0,0,0,0.00567328428825636,0,0,0,0,0,0,0,0,0,0,0,0,0.0050305944319507,0,0.0969998496032694,0,0,0,0,0,0,0,0.000754053054683068,0,1.69520185965277e-05,0,0,0,0
0,0,0,0,0,0,0,0,0,0,0.000383528117531345,0,7.3931170398148e-05,0,0,0,0,0,0,0,0,0,0,0,0,0,0,0,0.00671903004978861,0,0,0,0,0,0,0,0,0,0.00229924732956148,0,0,0,0,0,0,0,0,0,0,0,0,0,0,0,0,0,0.0073158847035553,0,0.000439048515393187,0,0,0,0,0,0,0,0,0,0,0,0,0.00496892997869742,0,0.0453026475168039,0,0,0,0,0,0,0,0,1.74452734657909e-05,0.000104125639062045,0,0,0
0,0,0,0,0,0,0,0,0,0,0,0,0,0,0,0,0,0,0,0,0,0,0,0,0,0,0,0,0,0,0,0,0.0185036750447843,0.00213784965268307,0.000843030709522946,0.00446773045547467,0.000156754390982659,0,0,0,0,0,0,0,0,0,0,0.0633332991032033,0.000104520408065814,5.39879335772976e-05,0,0,0,0,0,0,0,0,0,0,0,0,0,0,0,0,0,0,0,0,0,0,0,0,0.228507805335359,0.0017092946468227,0.00244263654012587,0,0.00087299995462625,0.000509896619853117,0,0,0.00155657390040805,0,0,0,0
0,0,0,0,0,0,0,0,0,0,0,0,0,0,0,0,0,0,0,0,0,0,0,0,0,0,0,0,0,0,0,0.0185036750447843,0,0.00769769080134555,0.00111103902684591,0,0.00259241528530615,0,0,0,0,0,0,0,0,0,0,0.019995190761948,0,0,0,0,0,0,0,0,0,0,0,0,0,0,0,0,0,0,0,0,0,0,0,0,0,0,0.014526730342062,0.10715375539784,0,0.0013056050836864,9.58161656819639e-05,0.00587623931331068,0,0,0.00063771040001179,0,0,0,0
0,0,0,0,0,0,0,0,0,0,0,0,0,0,0,0,0,0,0,0,0,0,0,0,0,0,0,0,0,0,0,0.00213784965268307,0.00769769080134555,0,0.0869119015515238,0.000559795461556432,0,0.000935876144835182,0.000871136049784128,0,0,0,0,0,0,0,0,0.150199338446639,0.00189104556244626,0.000251975859136819,0,0,0,0,0,0,0,0,0,0,0,0,0,0,0,0,0,0,0,0,0,0,0,4.03130890032062e-05,0.0205515259305648,0.000255951738807464,0.201208884945604,0.0835643344147389,0.000108114252232539,0,0.000988712753027314,0.00176422123895254,0.000732139819943437,0.000352620616205987,8.93130832609129e-05,0,0
0,2.89712916266228e-05,0,0,0,0,0,0,0,0,0,0,0,0,0,0,0,0,0,0,0,0,0,0,0,0,0,0,0,0,0,0.000843030709522946,0.00111103902684591,0.0869119015515238,0,0,0.00529130916566396,0.000203732547150948,3.98214815914531e-05,0,0,0,0,0,0,0,0,0.120625036105703,0,0.000900635616399862,0,0,0,0,0,0,0,0,0,0,0,0,0,0,0,0,0,0,0,0,0,0,0,0,0,0.00992820986297074,0.0195050342858976,0.231923959076068,0,0.00206274029874165,0.00234458839392746,9.03789956380687e-05,0.000700408132331086,0.000127625861923525,3.98838237235861e-05,0,0
0,0,0,0.000113262998562248,0,0.000147094055481475,0,0,0,0.000133255647700072,0,0.00649442345609963,0,0,0,0,0,0,3.8752902919729e-05,0.0252149684241632,0,0,0,0,0,0,0,0,0,0,0,0.00446773045547467,0,0.000559795461556432,0,0,0.00322882959791527,0.013502865713503,0,6.88673600494276e-06,0,1.69268957060847e-05,0,1.69026336783787e-05,0,0.00028316576113902,0,0.00652518021461368,0,0.000144544492485999,0,0,0,0,0,0,0,5.65031338099069e-05,0,0,0,0,0.0195576378813396,0,0,0,0,0,0,0,0,0,4.977891224572e-05,0,0.00239313443932453,0,0.000598188367391761,0,0.0781305426010198,0.00363345371701639,0.00417391767070747,0,0.00367086011228083,0,0.000790263562088773,5.88452525298829e-06,0
0,0,0,0,1.01234554676921e-05,0,0,0,0,0,0.00380445107586003,0,0,0,0,0,4.03759004387777e-06,0,3.25836440211597e-05,0,0.0268033100425019,0,0,0,0,0,0,0,0,0,0,0.000156754390982659,0.00259241528530615,0,0.00529130916566396,0.00322882959791527,0,0,0.0104655043823273,0,0,0,2.14059986449639e-05,0,2.62479976009084e-06,0,9.13075865203306e-05,0.00282563934330358,4.44365053010815e-05,0,0,0,0,0,0,0,0.000312047014152574,0,0,0,0,0,0,0.00686910041239191,0,0,0,0,0,0,0,0,0,0,0.000996832432778779,0.00228283313903228,0,0.000187607484869314,0.00300902429436874,0.093419624067798,0,0.00246464245147157,0.00444176584003376,0.000517953185228681,0.000125180162950229,0,3.50142562237303e-06
3.94159577730651e-06,0,4.71790538337992e-06,0,0,0,0,0,0,0.000638823427986786,0,0.0185215927903449,0,0,0,0,0,3.31202433326153e-06,0,0.00224747895854379,0,0.00138906121092967,0.000153786077062853,0.0036111826050433,0,0,0,0,0,0.00646938069223307,0,0,0,0.000935876144835182,0.000203732547150948,0.013502865713503,0,0,0.00285318079940233,0,0,0.000242824701063771,0,0,0,8.89715847412739e-05,0,0.0284570460209084,0.000330999338400978,0.00251216088185971,0,0,0,0,0,2.44402966621273e-05,0,8.05866458583192e-05,0,0,0,0,0.00883180883492019,0,0.00176511931053575,0,0.00889848145957035,0,0,0,0,0,0.000747386665184618,0,0,0,0.000730784336137494,0.000287283843307302,0.00650476327115562,0,0.081947681618486,0.000906291597423267,0.00223795840079027,0.00057680966558701,0.000634676263972996,0,0
0,0,5.97633302726422e-06,0,0,0,0,0,4.11125842497846e-05,0,0.0320470014374442,0,0,0,0,0,3.2534226463608e-05,0,2.88607518607846e-05,0,0.00371593406012253,0,0.00753473358063016,0,0.00307018912228472,0,0,0,0,0,0.00229924732956148,0,0,0.000871136049784128,3.98214815914531e-05,0,0.0104655043823273,0.00285318079940233,0,0,7.32647341422811e-06,0,0.000407761775819839,0,4.24989430623563e-06,0,0.000126448121423899,0.0207482267512374,0.00465396730297839,5.06754547416224e-05,0,0,0,0,0.000147411156527631,0,0.00954254357414698,0,0,0,0,0,0,0.00527626886660272,0,0.00547239191699049,0,0.00205777719756225,0,0,0,0.00104710590059489,0,0.00048631286556037,0,0,8.06860550306085e-06,0.00235171374112277,0,0.00607117848194261,0.000615735693331576,0.0755808375583218,0.00190726467610799,0.00032781664439481,0.00164298610691445,0,0
0,8.79962874443343e-05,0,0.000422037661853997,0,0,0,0,0,0,0,0,0,0,0,0,0.000437358351004597,0.000784846112563319,0.0121057070075477,0,0,0,0,0,0,0,0,0,0,0,0,0,0,0,0,6.88673600494276e-06,0,0,0,0,0,0.0591029091936096,0.000171515831943689,0.00167134191931614,0,0.0165718956407475,4.5484578001774e-05,0.000379212880628355,0.000116407251044566,0.0228804852798253,0,0,0,0,0,2.38259242760425e-05,0,4.7105862089986e-05,0,0,0,0,0.0122822793128311,4.92768993455225e-05,0,0,0,0,0,0,0,0,0.000866088111324866,0.000124020195772651,0,0,0,0,0.00333971112963816,2.33502656383895e-05,0.00159056091767877,4.64990202048562e-05,0.00023059566951479,0,0.0290139307135947,0.00513564090251435,0
9.95731660542165e-05,0,0.00055949676984121,0,0,0,0,0,3.1506036903274e-05,0,0,0,0,0,0,0,0.000104028930755635,0.000112859246834491,0.00129834917882871,0,0,0,0,0,0,0,0,0,0,0,0,0,0,0,0,0,0,0,7.32647341422811e-06,0,0,0,0.0150443072406066,0,0.000644562266864179,0,0.00574960011247911,0.000572046458734636,0.0236205151270593,0,0,0,0,0,4.31691247197402e-05,0,4.52113399162954e-05,0,0,0,0,0,0,0.00610410395413292,0,0,0,0,0,0,0,0,0,0.000429302449569155,0,0,0,0,0,0.00403767172638518,0,0.0025657770535426,9.57299874248455e-05,0,0.0164253505552606,0,0.00130602925645105
0,0.0220364387502322,0,0.00401895351485136,0,3.11860830853221e-05,0,0,0,0.000396937718931543,0,5.64427015794025e-06,0,0,0,0,0.000784189976126514,0.00179125607004483,0.0195146098904672,0,0,0,0,0,0,0,0,0,0,0,0,0,0,0,0,1.69268957060847e-05,0,0.000242824701063771,0,0.0591029091936096,0,0,0.00903452763730407,0.000823482028652224,0,0.038880226066673,0.00017167634733115,0.000306957571079881,0,0.0259937721654663,0,0,0,0,0,8.55350223839497e-05,0,0.00382484907496488,0,0,0,0,0.00554723780226628,6.3233962586153e-06,0,0,0,0,0,0,0.000150435660618956,0,0.0254407557513346,7.28240689040465e-05,0,0,0,0,0.0145522556046388,4.94526227778194e-05,0.0118644885999076,5.65763002064726e-05,0.00420542387371991,1.59098370736927e-06,0.123372715355561,0.0627965971150749,0.000192451491856921
0.00874574876540256,0,0.00330108653169469,0,0.000112223951605335,0,0,0,0.000561452065874437,0,0,0,0,0,0,0,0.00129934600282134,0.000346315699208796,0.0140799793888896,0,0,0,0,0,0,0,0,0,0,0,0,0,0,0,0,0,2.14059986449639e-05,0,0.000407761775819839,0.000171515831943689,0.0150443072406066,0.00903452763730407,0,0,0.00386723439034461,0.000154753567291339,0.0390362244883232,0.0013036474234454,0.0145887532445173,6.81580043289691e-06,1.82822882148646e-05,0,0,0,0.000450133726204941,0,0.00810203349243978,0,0,0,8.40243239550549e-05,0,5.00402149581793e-05,0.0109515930930692,0,0,0,0,0,0,0,0,8.24280042882901e-05,0.0410937117532058,0,0,0,0,8.84226074298017e-05,0.0151227110717633,0.000125993231491991,0.0129133114494538,0.00416227510084681,0.000116314776237309,0.131003046635423,9.99720434981605e-05,0.0798210789677424
0,0,0,0,0,0,0,0,0,0,0,0,0,0,0,0,6.76124054279498e-05,0.000373259775137008,0.010914736260296,0,0,0,0,0,0,0,0,0,0,0,0,0,0,0,0,1.69026336783787e-05,0,0,0,0.00167134191931614,0,0.000823482028652224,0,0,0,0.00426787177805865,0,0,0,5.92623117134862e-05,0,0,0,0,0,0,0,6.56204254456273e-05,0,0,0,0,0.000297584919176567,0,0,0,0,0,0,0,0,0,0.00111640586425886,0,0,0,0,0,0.001770236304501,1.59194065095942e-05,0.00659662475842038,0,1.11066696351269e-05,0,0.0043701246833021,0.000682112046687666,0
0,0,0.000200155861006433,0,0,0,0,0,0,0,0,0,0,0,0,0,0.000349901322975175,7.28701401745107e-06,0.00299244480377134,0,0,0,0,0,0,0,0,0,0,0,0,0,0,0,0,0,2.62479976009084e-06,0,4.24989430623563e-06,0,0.000644562266864179,0,0.00386723439034461,0,0,0,0.00728262179552759,0,4.24021819978124e-05,0,0,0,0,0,0,0,3.53848103171729e-05,0,0,0,0,0,0,0.00160433499218615,0,0,0,0,0,0,0,0,0,0.000178684118947543,0,0,0,0,0,0.00175822637326325,0,0.000734367894251444,4.63684610543826e-05,0,0.00245743238881223,0,0.00453730475805433
0,0.000606668406753492,0,0.014033748465762,0,0.00126845476529345,0,0,0,0.00139441843008397,0,0.000223495046586336,0,0,0,0,0.000727249752831638,0.00123179917832639,0.0304457832064502,1.5496264080849e-05,0,0,0,0.000125170949524356,0,0,0,0,0,0,0,0,0,0,0,0.00028316576113902,0,8.89715847412739e-05,0,0.0165718956407475,0,0.038880226066673,0.000154753567291339,0.00426787177805865,0,0,9.25036314114993e-05,7.38890909298578e-06,0,0.00455074304761503,0,0,0,0,0,0.000741475058065621,0,0.00140412592842623,0,0,0,0,0.0833156445920237,7.93972046603721e-05,0,0,0,0,0,0,9.6474330954181e-05,0,0.0108036743105904,4.93533745600761e-05,0,0,0,0,0.0258674371683155,1.05739519165887e-05,0.0178927073727323,4.55481268073653e-05,0.000421977182135387,0,0.0567264152988071,0.00105367665524984,0
0.00285581710253225,0,0.00217707415828384,0,0.000325572756282595,0,0,0,9.78875743379006e-05,0,0,0,0,0,0,0,0.00173270499699138,0.00042560650291048,0.0350908087069131,0,0,0,0,0,0,0,0,0,0,0,0,0,0,0,0,0,9.13075865203306e-05,0,0.000126448121423899,4.5484578001774e-05,0.00574960011247911,0.00017167634733115,0.0390362244883232,0,0.00728262179552759,9.25036314114993e-05,0,6.24023854082978e-05,0.00367518871398992,6.02522842823385e-06,0,0,0,0,0.00084547770601703,0,0.00203121776225025,0,1.65215690869458e-05,0,5.66261328002592e-05,0,0,0.0971592695066103,0,0,0,0,0,0,0,0,0,0.00540346608120734,0,0,0,0,2.34021101196106e-05,0.0266757382426353,5.61118910181195e-06,0.00818715225622113,0.000594596110207716,2.33703333945533e-05,0.0890617437552041,0,0.00243417342019971
0.000519555484186947,0.000757293212519882,2.22932657691264e-05,0,0,0,0,0,0,0,0,0,0,0,0,0,0,0,1.63815528723509e-05,0,0,0,0.000100007032904028,0,0,0,0,0,0,0,0,0.0633332991032033,0.019995190761948,0.150199338446639,0.120625036105703,0.00652518021461368,0.00282563934330358,0.0284570460209084,0.0207482267512374,0.000379212880628355,0.000572046458734636,0.000306957571079881,0.0013036474234454,0,0,7.38890909298578e-06,6.24023854082978e-05,0,0.0753219288663628,0.0223697873586551,0,0,0,0,8.51825443039644e-05,0,0,0,0,0,4.04513662422591e-05,0,0,0,0,1.34849161548159e-05,0.000252144878533861,3.03745178210735e-05,0,0,0,0,0,0.000115106124884444,0.0659714806358481,0.0196263609338619,0.0347929945383625,0.0340542718662645,0.0124951239198464,0.0187004339670306,0.0113444928226762,0.013636776238955,0.00193478200658285,0.000423403242066973,0.0281416597262275,1.70937278511983e-05,0
0.023001455242332,9.42784555546831e-05,0.00996390154723216,0,8.52900069959789e-06,0,0,0,0.00141909333269082,0,0,0,0,0,0.000806029053772812,0,0,0,7.05621283658549e-05,0,0,0,0.000407336947812112,0,0.000485112011912764,0,0,0,0,0,0,0.000104520408065814,0,0.00189104556244626,0,0,4.44365053010815e-05,0.000330999338400978,0.00465396730297839,0.000116407251044566,0.0236205151270593,0,0.0145887532445173,0,4.24021819978124e-05,0,0.00367518871398992,0.0753219288663628,0,0.00321750304202655,0,0,0,0,0.00402967538562821,0,0.000128077308381108,0,0.00347623052078108,0,0.0211274221014482,0,0,0.000707733395544412,0,0.00900504719852601,0,0.0039184251182726,0,0,0,0,0,5.54960415090414e-05,0,0.00163854221602703,0.00450965044060749,4.21783079400332e-05,0,0.0179466949409261,0.00249205628598672,0.00299821395185495,0.00173541946752348,0,0.0339689071447198,0,0.000682287963755481
0.000128555984931052,0.0266293657942998,0,0.0136404949341863,0,0,0,0,0,0.000311268707408298,0,0,0,0.000114893852383793,0,0.000180469874933769,6.45526842584674e-05,6.42738488473954e-05,0.00104988669578163,0,0,0.000140674039456776,0,0,0,0,0,0,0,0,0,5.39879335772976e-05,0,0.000251975859136819,0.000900635616399862,0.000144544492485999,0,0.00251216088185971,5.06754547416224e-05,0.0228804852798253,0,0.0259937721654663,6.81580043289691e-06,5.92623117134862e-05,0,0.00455074304761503,6.02522842823385e-06,0.0223697873586551,0.00321750304202655,0,0,0.000708261711205042,0,0,0,0.00482794050239364,0,0.000100034019807315,0,0.00828167580604257,0,0.00707626296225864,0.000391919218490247,3.8340704802642e-05,0.00455782190954547,0,0.000263826718410417,0,0.00237632048663272,0,0.00798516983234906,0,0.000122918469111609,0.000123869583843219,0.000573035659440867,0,0.00034032242014731,0.00272720623065373,0.00459493176010674,0,0.00546353051234798,0.00143681350056044,0.00164998901838351,0,0.0356270126597718,0.00130885367903972,0
0.000137422505098973,0,0.000429004764597495,0,0.0351920583850814,0,0,0,0.00447224241931954,0,0,0,0.000444040111192226,0,0.00266099645496827,0,0,0,0,0,0.000845318648503056,0,0,0,0,0,0,0,0,0,0,0,0,0,0,0,0,0,0,0,0,0,1.82822882148646e-05,0,0,0,0,0,0,0,0,0,0.00277090450891284,0,0.0259685502785894,0,9.82281352899324e-05,0,0.00876788371456071,0,0.0534948178874123,0,0,0.000901643723912913,0,0,0,0,0,0,0,0,0,0,0,0,0,0,0,5.85950007127027e-05,0,0,1.65771930067253e-05,0,0.0019498556618266,0,0
0,0,0,0.0142520334317593,0,0.0376850296073325,0,0.0294425166223914,0,0.012005587715287,0,0,0,0.00237859081173912,0,0.0126302176635151,0,0,0,0,0,0,0,0,0,0,0,0,0,0,0,0,0,0,0,0,0,0,0,0,0,0,0,0,0,0,0,0,0,0.000708261711205042,0,0,0,0.00592166307207693,0,0.00410567591678544,0,0.00303059061131998,0,0.0295147952142576,0,0.0535317714595439,0.000347900459590893,0,0,0,0.000133042858813776,0,0,0,0,0,0,0,0,0,0,0,0,0,0,0,0.000701808504511378,0,1.37271655566789e-05,0,0
0,0,0,0,0,0,0.0298281272332255,0,0,0,0,0,0,0,0,0,0,0,0,0,0,0,0,0,0,0,0,0,0,0,0,0,0,0,0,0,0,0,0,0,0,0,0,0,0,0,0,0,0,0,0.00277090450891284,0,0,0,0,0,9.40919141216652e-05,0,0,0,0,0,0,0,0,0,0,0,0,0,0,0,0,0,0,0,0,0,0,0,0,0,7.27155907251224e-05,0,0,0,0
0,0,0,0,0,0,0,0.102752905908734,0,0,0,0,0,0.00106579814638651,0,0,0,0,0,0,0,0,0,0,0,0,0,0,0,0,0,0,0,0,0,0,0,0,0,0,0,0,0,0,0,0,0,0,0,0,0,0.00592166307207693,0,0,0,0,0,0,0,0.000565668374638851,0,0,0,0,0,0,0,0,0,0,0,0,0,0,0,0,0,0,0,0,0,0,0.000493788935122316,0,0,0,0
0.0504108151096638,0,0.0368821488262589,0,0.00344389644946141,0,0,0,0.19124438346189,0,0,0,0,0,0.0138802519382339,0,5.90138844642433e-06,0,0.000373182064564545,0,0,0,0,0,0.00931107997107843,0,0,0,0,0,0,0,0,0,0,0,0,0,0.000147411156527631,0,4.31691247197402e-05,0,0.000450133726204941,0,0,0,0.00084547770601703,8.51825443039644e-05,0.00402967538562821,0,0.0259685502785894,0,0,0,0,0,0.00103081224958039,0,0.000737676076638558,0,0.0335363943518602,0,0,0.000102770494808985,0,0,0,0.132372005116195,0,0,0,0,0,0.000268408926515496,0,0,0,0,0,3.60706973119723e-05,0,0.00090753328153572,0.000164135049632515,4.87316487519452e-06,0.00865634120811656,0,0
0,0.0965566713874878,0,0.032298299249919,0,0.00145175567437959,0,0,0,0.270166540958672,0,0,0,0,0,0.0214370160422693,0,0,0,0,0,0,0,0.00338883507018488,0,0,0,0,0,0,0,0,0,0,0,0,0,2.44402966621273e-05,0,2.38259242760425e-05,0,8.55350223839497e-05,0,0,0,0.000741475058065621,0,0,0,0.00482794050239364,0,0.00410567591678544,0,0,0,0,0,2.49228784565212e-05,0,0,0,0.0572415334607079,0,0,0,0,0.290013307293631,0,0.000425905530177571,0,0,0,4.57698562286372e-05,0,0,0,0,0,0,0,0.000918845700454999,0,0.000307626759924196,0,0.00554425035484092,0,0
0,0,0.00076593651851151,0,0.000321660554270348,0,0.00233403952658803,0,1.45022918856198e-05,0,0.0367877049954409,0,0,0,9.32208902800612e-05,0,0,0,0.000201269305599905,0,0.0209911519170609,0,0,0,0,0,0,0,7.58760339911596e-05,0,0.0073158847035553,0,0,0,0,0,0.000312047014152574,0,0.00954254357414698,0,4.52113399162954e-05,0,0.00810203349243978,0,3.53848103171729e-05,0,0.00203121776225025,0,0.000128077308381108,0,9.82281352899324e-05,0,9.40919141216652e-05,0,0.00103081224958039,0,0,0,0.00134066123824489,0,0.00388082129290904,0,0,0.0395257006448178,0,0,0,0,0,0,0,0.000392254277850504,0,0.0148896581296884,0,0,0,0,0,0.00021571349049761,0,0.00134353333146035,0.00102930737422242,0.000131232755767965,0.0143661249292563,0,0.00581131253039115
0,0,0,0.00988582658452867,0,4.66811608762037e-05,0,0.00295160604545804,0,0.000235530055558751,0,0.0560401501052363,0,0.000394888689621786,0,0,0,0,0,0.000842762276116361,0,0,0,0,0,0,0,0,0,0.00567328428825636,0,0,0,0,0,5.65031338099069e-05,0,8.05866458583192e-05,0,4.7105862089986e-05,0,0.00382484907496488,0,6.56204254456273e-05,0,0.00140412592842623,0,0,0,0.000100034019807315,0,0.00303059061131998,0,0,0,2.49228784565212e-05,0,0,0,0.00989326810356621,0,0.0015315405351169,0.0188343550857116,0,0,0,0,0,0,0,0.00396065689240155,0,0.0336421263564021,0,0,0,0,0,7.1588043517206e-05,0,0.000839017361987689,0,0.000229845402131087,0,0.00753679376094041,0.00204396962029215,0
0,0,0.000314959441611803,0,0.000778375884501234,0,0,0,6.20652066619281e-05,0,0,0,0.00571087969416122,0,0.00408783954147917,0,0,0,0,0,0,0,0,0,0,0,0,0,0,0,0.000439048515393187,0,0,0,0,0,0,0,0,0,0,0,0,0,0,0,1.65215690869458e-05,0,0.00347623052078108,0,0.00876788371456071,0,0,0,0.000737676076638558,0,0.00134066123824489,0,0,0,0.0152334471225041,0,0,0,0,0,0,0,0,0.00141744912325618,0,0.000459433715852315,0,0,0,0,0,0,0,3.94183050489181e-06,0,0,3.71910636056125e-05,0.000789882438065205,7.88374252138203e-05,0,0
0,0,0,0.0127602905710511,0,0.000732392479313593,0,0.000405368201797426,0,0,0,0,0,0.0631271305046567,0,0.00452893548704147,0,0,0,0,0,0,0,0,0,0,0,0.00126261262634887,0,0,0,0,0,0,0,0,0,0,0,0,0,0,0,0,0,0,0,0,0,0.00828167580604257,0,0.0295147952142576,0,0.000565668374638851,0,0,0,0.00989326810356621,0,0,0,0.00828544855154444,0,0,0,0,0,0,0.0156183520328536,0,0.00411486907858065,0,0,0,0,0,0,0,0,0,0,0,0.000512014601196193,1.03733636933612e-05,3.4957497677242e-05,0,0
0.00300170791195008,0,0.0179762931876006,0,0.000602481901821415,0,0,0,0.0198363336343707,0,0,0,0.00151233108862083,0,0.0404996262410629,0,0.000210214844207946,0,0,0,0,0,0,0,0,0,0,0,0,0,0,0,0,0,0,0,0,0,0,0,0,0,8.40243239550549e-05,0,0,0,5.66261328002592e-05,4.04513662422591e-05,0.0211274221014482,0,0.0534948178874123,0,0,0,0.0335363943518602,0,0.00388082129290904,0,0.0152334471225041,0,0,0,0,1.31731292507676e-05,0,0,0,0,0,0.00771955891356369,0,0.000802328400514727,0,0,0,0,0,0,0,4.48277631064584e-06,0,2.20828905774133e-06,5.72963478771771e-06,0,0.000396215218895899,0,0
0,0.0138476799087374,0,0.00720499834313925,0,0.000768055175714784,0,0,0,0.0359239118287115,0,0,0,0.0361251182976685,0,0.0786965782234953,0,0,0,0,0,0,0,0,0,0,0,0,0,0,0,0,0,0,0,0,0,0,0,0,0,0,0,0,0,0,0,0,0,0.00707626296225864,0,0.0535317714595439,0,0,0,0.0572415334607079,0,0.0015315405351169,0,0.00828544855154444,0,0,0,0,0,0,0.00110572610465354,0,0.0243555630747163,0,1.2139719586289e-05,0,0,0,0,0,0,0,5.78336171779508e-06,0,0,0,2.4179181503432e-05,0,4.35099515754128e-05,0,0
0,0,0,0.00555209268623117,0,0.00801191865178567,0,0,0,3.94595605962417e-05,0,0.0844350898234218,0,0,0,0,9.93814888160642e-05,0.00041741780744785,0.00656614983767818,0.142343490866029,0,0,0,0,0,0,0,0,0,0,0,0,0,0,0,0.0195576378813396,0,0.00883180883492019,0,0.0122822793128311,0,0.00554723780226628,5.00402149581793e-05,0.000297584919176567,0,0.0833156445920237,0,0,0,0.000391919218490247,0,0.000347900459590893,0,0,0,0,0,0.0188343550857116,0,0,0,0,0,0,0,0,0,0,0,0,0.000223578085649424,0,0.0259792213069274,0,0,0,0,0,0.0129997379197928,0,0.0219176115804915,2.22994385937633e-05,0.0014137596040037,0,0.0449132007053257,0.000566067992585955,0
4.69528694293428e-05,0,0.000612707029189193,0,0.00393477724283167,0,0,0,0,0,0.00383601358736814,0,0,0,0,0,0.000317487022056274,0.000140751722841389,0.0044440433890914,0,0.0222591243761771,0,0,0,0,0,0,0,0,0,0,0,0,0,0,0,0.00686910041239191,0,0.00527626886660272,4.92768993455225e-05,0.00610410395413292,6.3233962586153e-06,0.0109515930930692,0,0.00160433499218615,7.93972046603721e-05,0.0971592695066103,0,0.000707733395544412,3.8340704802642e-05,0.000901643723912913,0,0,0,0.000102770494808985,0,0.0395257006448178,0,0,0,1.31731292507676e-05,0,0,0,0,0,0,0,0,0,0,0,0,0.0228172020931268,0,0,0,0,0,0.0297766706519038,0,0.0234233857151111,0.000435344714745231,7.28870479718062e-07,0.0566892266531463,0,0.000607777695084254
0,0,0,0,0,0,0,0,0,0,0,0,0,0,0,0,0,0,0,0,0,0.0259366629360782,0,0.0008674783895534,0,0,0,0.000906416094535714,0,0,0,0,0,0,0,0,0,0.00176511931053575,0,0,0,0,0,0,0,0,0,0,0,0.00455782190954547,0,0,0,0,0,0,0,0,0,0,0,0,0,0,0,0,0.0171418659888054,0,0.000354757227096062,0,0.0186336714784966,0,0,0,0,0,0,0,0,0,0.00818503454207225,0,0.000113435889845333,0,0,0,0
0,0,0,0,0,0,0,0,0,0,0,0,0,0,0,0,0,0,0,0,0,0.000576411048924053,0.0389757061375537,0,0.00188405939958071,0,0,0,0.00012944177540924,0,0,0,0,0,0,0,0,0,0.00547239191699049,0,0,0,0,0,0,0,0,1.34849161548159e-05,0.00900504719852601,0,0,0,0,0,0,0,0,0,0,0,0,0,0,0,0,0,0,0.00940977599840856,0,0.00273178595152696,0,0.00180052318961908,0,0,0,0,0,0,0,0,0,0.00757218984619073,0.000276415398392296,0,0,0,0
0,0.00313918557023129,0,0,0,0,0,0,0,0.0115172306254654,0,0,0,0,0,0.000316748476869189,0,0,0,0,0,0.00390258116792351,0,0.0474213552121522,0,0.00187821514122494,0,0,0,0,0,0,0,0,0,0,0,0.00889848145957035,0,0,0,0,0,0,0,0,0,0.000252144878533861,0,0.000263826718410417,0,0.000133042858813776,0,0,0,0.290013307293631,0,0,0,0,0,0.00110572610465354,0,0,0.0171418659888054,0,0,0,0.00439023762381048,0,0,0,0,0,0,0,0,0,0,0,0.0174259830799643,1.18935154949259e-05,8.44155603422897e-05,0,0.00310688601102576,0,0
0,0,0,0,0,0,0,0,0.00118514261413816,0,0,0,0,0,0,0,0,0,0.000536084180272165,0,0,0,0.000443237004680986,0,0.180698001854394,0,0,0,0,0,0,0,0,0,0,0,0,0,0.00205777719756225,0,0,0,0,0,0,0,0,3.03745178210735e-05,0.0039184251182726,0,0,0,0,0,0.132372005116195,0,0,0,0,0,0,0,0,0,0,0.00940977599840856,0,0,0,0.00881001205116295,0,0,0,0,0,0,0,0,0,0,0,0.00484298456338519,0.000310784267662135,0,0.00038884845589712,0,0
0,0,0,0,0,0,0,0,0,0.000246168987359852,0,0,0,4.29998868401752e-05,0,0,0,0.00014765984134414,0,0,0,0.0015261905065991,0,0.00775585160007218,0,0.0312536793194651,0,0.00521491157111329,0,0,0,0,0,0,0,0,0,0,0,0,0,0,0,0,0,0,0,0,0,0.00237632048663272,0,0,0,0,0,0.000425905530177571,0,0,0,0.0156183520328536,0,0.0243555630747163,0,0,0.000354757227096062,0,0.00439023762381048,0,0,0,0.0237488278858082,0,0,0,0,0,0,0,0,0,0,0,1.60855525647963e-05,0,0,0,0
0,0,0,0,0,0,0,0,0,0,0,0,0,0,7.95704626223373e-05,0,0.00115005461008204,0.000131177672107613,0.000114558847410671,0,0,0,9.06712100906906e-06,0,0.000377097589080222,0,0.0302333639419161,0,0,0,0,0,0,0,0,0,0,0,0,0,0,0,0,0,0,0,0,0,0,0,0,0,0,0,0,0,0,0,0.00141744912325618,0,0.00771955891356369,0,0,0,0,0.00273178595152696,0,0.00881001205116295,0,0,0,0.00518035666443975,0,0,0,0,0,0,0,0,0,0,5.48196001253861e-05,0,0,0,0
0,0,0,0,0,0,0,0,0,0,0,0,0,0.000440714044424442,0,0,0,0,0,0,0,0.00302263444794517,0,0,0,0,0,0.0551636436036164,0,0.0050305944319507,0,0,0,0,0,0,0,0,0,0,0,0.000150435660618956,0,0,0,9.6474330954181e-05,0,0,0,0.00798516983234906,0,0,0,0,0,0,0,0.00396065689240155,0,0.00411486907858065,0,1.2139719586289e-05,0.000223578085649424,0,0.0186336714784966,0,0,0,0.0237488278858082,0,0,0,0.0118756118147054,0,0,0,0,0,6.53570737883845e-06,0,0.000816503605235187,0,0.000171440997792038,3.84149329140347e-05,0.000500462389957403,7.19201052324092e-05,0
0,0,0,0,0,0,0,0,0,0,8.90551236807369e-05,0,0,0,0,0,0,0,0,0,0,0,0.000194890745511801,0,0,0,0,0,0.0196755465523418,0,0.00496892997869742,0,0,0,0,0,0,0,0.00104710590059489,0,0,0,0,0,0,0,0,0,0,0,0,0,0,0,0,0,0.000392254277850504,0,0.000459433715852315,0,0.000802328400514727,0,0,0,0,0.00180052318961908,0,0,0,0.00518035666443975,0,0,0,0.00964217563791298,0,0,0,0,0,0,0,0.00368182201639965,0.000317558238306115,0,0,0,0
0,5.69093859129621e-05,0,0.000645675395051176,0,0,0,0,0,2.35453088102966e-05,0,0,0,0,0,0,4.98515595594656e-05,0.000131080947356369,0.00112956504650751,0,0,0,0,0,0,0,0,0,0,0.0969998496032694,0,0,0,0,0,4.977891224572e-05,0,0.000747386665184618,0,0.000866088111324866,0,0.0254407557513346,8.24280042882901e-05,0.00111640586425886,0,0.0108036743105904,0,0,0,0.000122918469111609,0,0,0,0,0,4.57698562286372e-05,0,0.0336421263564021,0,0,0,0,0.0259792213069274,0,0,0,0,0,0,0,0.0118756118147054,0,0,0,0,0,0,0,0.000568653059198685,0,0.0171220751331367,9.37913984792654e-06,3.44157721423607e-05,0,0.0203897708538509,0.0173747666627198,0
0,0,0.000455371773099129,0,0.00028435300007693,0,0,0,9.20882239501782e-05,0,0,0,0,0,0,0,9.79664708449879e-05,1.31674704286837e-05,0.00142739273964763,0,0,0,0,0,0,0,0,0,0.000222046323766387,0,0.0453026475168039,0,0,4.03130890032062e-05,0,0,0,0,0.00048631286556037,0.000124020195772651,0.000429302449569155,7.28240689040465e-05,0.0410937117532058,0,0.000178684118947543,4.93533745600761e-05,0.00540346608120734,0.000115106124884444,5.54960415090414e-05,0.000123869583843219,0,0,0,0,0.000268408926515496,0,0.0148896581296884,0,0,0,0,0,0,0.0228172020931268,0,0,0,0,0,0,0,0.00964217563791298,0,0,0,0,0,0,1.64819786955465e-06,0.000525368968010334,3.7714751467955e-05,0.0114920082364182,0.000203439888203733,4.22609310811537e-05,0.0224004427534284,6.56691055344427e-05,0.0605604705343105
