0,0.707503259181976,3.55123543739319,27.2026329189539,13.889028981328,2.41471461951733,0,0,569.309425801039,1.94914066791534,0,0,0,0,3.58612376451492,22.282405488193,0.379421591758728,1.60548007488251,62.8375537693501,2.15873591601849,0,0,0,0,78.3721667826176,0,0,0,0,0,0,0,0,0,0.402091890573502,5.7717397660017,19.4413307979703,1.09234973788261,36.5084316730499,0,108.734626248479,46.1744631752372,162.278575882316,0.35559755563736,130.251382291317,2.38894005864859,150.863490171731,0,94.8140597939491,35.5715716704726,0,0,0,0,347.355745926499,0.141466602683067,0,12.8523036539555,0,12.3889341801405,30.2435982301831,69.9402654394507,20.6873194724321,0.52443291246891,0,0,0,242.32775990665,0,18.0958371460438,0,0,1.55890907347202,0,0,0,0,0,3.15356804430485,183.397591777146,0.651857078075409,28.5706353783607,563.472352787852,53.832704372704,552.635854952037,0,14.9007504805923
0.707503259181976,0,0,2.87366899847984,0,2.387690782547,0,0,0,332.320773079991,0,4.76976616680622,0,1.52347537875175,0,183.51712667942,2.29471582174301,3.55030021071434,50.2451730817556,62.3853151351213,0,0,0,25.992653414607,0,2.93562872707844,0,0,0,0,0,0,0,0,0,13.0277357175946,0,5.31779792904854,0,0.139636546373367,0,56.9133767932653,1.40387418866158,1.19950759410858,0,79.5580194443464,0.265041030943394,0,0,52.8228176087141,0,0,0,0,2.09433937072754,287.049699485302,0,271.959236755967,0,285.453233987093,0,368.241630107164,44.1407786607742,0,0,0,106.928773030639,0,54.8582486212254,0.146960034966469,176.695293329656,0,21.1769759207964,0,0,0,0.163424327969551,0,8.89272844791412,0,6.31688788533211,0,135.031758055091,44.3368398323655,172.790445491672,0,0
3.55123543739319,0,0,2.35636258125305,192.411767140031,3.20998930931091,0,0,75.195098221302,0,0,0,0,0,0.876071393489838,0,0,0,0,0,0,0,0,0,0,0,0,0,0,0,0,0,0,0,0,0,17.0640302151442,0,0,0,9.75666807591915,3.30356407165527,1.99543100595474,0,0.7593874335289,0,21.4501597061753,0,40.2750389873981,0.313335686922073,36.8022875487804,0,0,0,35.4453625977039,0,2.10077109932899,0,17.8684445023537,0.519724488258362,261.821030527353,1.10128903388977,0,0,0,0,0,0,0,0,0,0,0,0,0,0,0,0,0,56.3063747659326,0,0,741.328430444002,108.749577119946,123.132895156741,0,0
27.2026329189539,2.87366899847984,2.35636258125305,0,0,97.7975606024265,0,0,2.04789544641972,120.488850176334,0,0,0,0,0.176680371165276,54.0268938094378,0,0,23.4639822691679,3.8221830278635,0,0,0,0,0,0,0,0,0,0,0,0,0,0,0,14.7651771903038,2.32515886425972,0,0,0,0,57.8432298451662,7.99744758009911,0.615426301956177,0,175.832901999354,0,0,1.49734945595264,25.4566386193037,0,0,0,0,0.226412117481232,6.29170995950699,0,120.758786872029,0,376.778775304556,10.8004763424397,131.0825868994,4.21872906386852,0,0,0,0,0.12302703410387,0,0,0.353655248880386,0,0,0,0,0,0,0,3.46602980792522,0,0.227950200438499,0,96.9212870001793,28.2526858299971,193.349376320839,0,1.87676091492176
13.889028981328,0,192.411767140031,0,0,0,0,0,19.0310865044594,0,0,0,0,0,18.7999613434076,0,0,0,0,0,0,0,0,0,0,0,0,0,0,0,0,0,0,0,0,1.16798415780067,106.256068095565,0,0,0.479965209960938,0,0,0,0,3.83654779195786,0,0,0,110.380902424455,0,601.258108556271,0,0,0,14.67042568326,0,0,0,3,0,90.1591865718365,0,0,0,0,0,0,0,0,0.158002838492393,0,0,0,0,0,0,0,0,0,18.1376569569111,0,0,2592.02849824727,214.790977299213,1.74536173790693,0,0
2.41471461951733,2.387690782547,3.20998930931091,97.7975606024265,0,0,0,149.021172702312,1.05042393505573,6.59593445062637,0,2.90429642796516,0,0,0.772576332092285,0.589559748768806,0,0.179227456450462,3.35405251383781,48.8180508315563,0,0,0,0,0,0,0,0,0,0,0,0,0,0,0,305.395963147283,0,0,0,0,0,2.62722298502922,1.9304701089859,2.92314481735229,0,16.0906191766262,0,0,0,4.2825873196125,0,920.030732810497,0,104.097747474909,3.52997523546219,0.805613934993744,0,104.3885653615,0,95.4786714613438,5.54173804819584,2.04455531388521,9.40136681497097,0,0,0,0,0,0,0.222072154283524,0,0,0,0,0,0,0,0,128.022657543421,0.169331759214401,0,0,1449.48089244962,41.5314460396767,35.9493471384048,0,0
0,0,0,0,0,0,0,0,0,0,0,0,0,0,0,0,0,0,0,0,0,0,0,0,0,0,0,0,0,0,0,0,0,0,0,0,0,0,0,0,0,0,0,0,0,0,0,0,0,0,0,0,0,0,0,0,0,0,115.09693145752,0,0,0,0,0,0,0,0,0,0,0,0,0,0,0,0,0,0,0,0,0,0,0,0,0,0,0,0
0,0,0,0,0,149.021172702312,0,0,0,0,0,7.0207562148571,0,0,0,0,0,0,0,6.04667885601521,0,0,0,0,0,0,0,0,0,0,0,0,0,0,0,178.111787781119,0,0,0,0,0,0,0,0,0,0,0,0,0,0,0,87.1388500928879,0,289.793924123049,0,0,0,16.2368166893721,0,1,0,0,0.387125939130783,0,0,0,0,0,0,0,0,0,0,0,0,0,0,0,2.51138016581535,0,0,0,735.915423333645,36.1545124650002,0,0,0
569.309425801039,0,75.195098221302,2.04789544641972,19.0310865044594,1.05042393505573,0,0,0,1.566938996315,0,0,0,0,101.16240465641,1.7128524184227,14.91367405653,0,39.8182243183255,0.196774899959564,0,0,0,0,204.172281682491,0,13.3385054022074,0,0,0,0,0,0,0,0,0,0,0,49.9617904573679,0,3.29059287905693,7.80815878510475,189.936044827104,0,16.6191024929285,2.0367956161499,8.68835890293121,0,8.72086772322655,4.60244786739349,0,0,0,0,334.892785832286,0,0,2.00808793306351,0,1.01364713907242,108.499146074057,4.96817900240421,0.535472571849823,0,0,0,0,188.29852321744,0,8.20238411426544,0,0,0,0,0,0,0,0,0,1.85523548722267,0,48.9906060546637,2083.40181446075,130.058843500912,480.086137890816,0,0
1.94914066791534,332.320773079991,0,120.488850176334,0,6.59593445062637,0,0,1.566938996315,0,0,19.872034907341,0,0.285723656415939,0,202.746361345053,23.1139119714499,209.668591871858,210.900157563388,533.932365462184,0,0,0,89.0009421408176,0.220867201685905,3.99153913557529,0,0,0,0,0,0,0,0.575716137886047,0,39.2450418025255,0.16655071079731,46.7588748633862,0,2.05884775519371,0.165915340185165,293.743787497282,7.77505038678646,9.46759024262428,2.26323740184307,178.97887173295,2.47239698469639,0,0.957341477274895,25.8270660936832,0,11.1381107568741,0,0,0,473.32857209444,0,277.183428540826,0,150.941918060184,2.09222713112831,111.310270577669,357.086589798331,0,0,0,50.244236767292,0,2.82284949719906,0,112.544670030475,0,72.5712693482637,0,0,0,0.9035325050354,0,174.748397767544,0.112373895943165,98.0986968874931,0,663.637159898877,57.882514975965,689.848098903894,1.73391941189766,0.66406774520874
0,0,0,0,0,0,0,0,0,0,0,0,1,0,0,0,0,0,0,0,13,0,0,0,0,0,0,0,0.162933632731438,0,0,0,0,0,0,0,124.34692248702,0,113.41487082839,0,0,0,0,0,0,0,0,0,0,0,0,0,0,0,0,0,1038.56673905253,0,228.100202083588,0,0,0,0,1,0,0,0,0,0,0,0,0,0,48.5492353141308,0,0,0,0,0,0,0,10.2367363125086,102.853877127171,0,32.9278193414211,0,0
0,4.76976616680622,0,0,0,2.90429642796516,0,7.0207562148571,0,19.872034907341,0,0,0,51.6461061239243,0,0,0,0.263227105140686,17.0572956651449,340.237335041165,0,0,0,0,0,0,0,0,0,8.93486258387566,0,0,0,0,0,232.407821699977,0,463.509147211909,0,0,0,2.94136023521423,0,0.19482858479023,0,0.974308505654335,0,0,0,2.76234823465347,0,0,0,0.329463869333267,0,49.510002374649,0,1530.0823238343,0,0.654030323028564,0,0.387696474790573,32.5873476266861,0,0,0,0,0,0,0,0,0,87.6480357646942,0,0,0,0,0,48.5066439062357,0,0,0,575.659207880497,155.888665065169,22.6287358403206,0,0
0,0,0,0,0,0,0,0,0,0,1,0,0,0,0,0,0,0,0,0,0,0,0,0,0,0,0,0,0,0,0,0,0,0,0,0,0,0,0,0,0.58778989315033,0,0,0,0,0,0,0,0.371899306774139,0,0,0,0,0,0,0,0,0,248.814086556435,0,0.469983458518982,0,0,0,0,0,0,0,0,0,0,7.60568630695343,0,0,0,0,0,0,0,0,0,0,38.9254966974258,53.9459544420242,0,0,0
0,1.52347537875175,0,0,0,0,0,0,0,0.285723656415939,0,51.6461061239243,0,0,0,28.7380846142769,0,0,3.76350736618042,0,0,0,0,0.665747582912445,0,0,0,21.5385113954544,0,25.2780891060829,0,0,0,0,0,0,0,0,0,0,0,2.26947170495987,0,0,0,0,0,0,0,0,0,0,0,0,0,0,0,27.0291700065136,0,1440.9597851783,0,80.6403593420982,0,0,0,0,4.90124890208244,0,16.8650983422995,0,56.8522638976574,0,10.095198392868,0,0,0,0,0,0,0,0.291448980569839,0,274.159248143435,239.370854735374,39.5095898211002,0,0
3.58612376451492,0,0.876071393489838,0.176680371165276,18.7999613434076,0.772576332092285,0,0,101.16240465641,0,0,0,0,0,0,0,11.5858726799488,0,0.133693546056747,1.56632363796234,0,0,0,0,3.65291899442673,0,2.70387820899487,0,0,0,0,0,0,0,0,0,1.55036201328039,0,0,0,0.177762538194656,0,0.10537264496088,0,3.835025370121,0,0,0,12.7640136480331,0.548704326152802,0.559716463088989,0,0,0,8.72798958420753,0,0,0,0,0.481433510780334,94.9614968895912,2.33712337911129,1.05552233755589,0,0,0,0,1.46034848690033,0,15.8167157173157,0,0,0,0,0,0,0,0,0,2.20049953460693,0.161704987287521,0,115.116205006838,4.64339375495911,5.93888099491596,0,0
22.282405488193,183.51712667942,0,54.0268938094378,0,0.589559748768806,0,0,1.7128524184227,202.746361345053,0,0,0,28.7380846142769,0,0,0,62.872936964035,9.91311617940664,7.94329991936684,0,0,0,117.982869699597,0,278.67929880321,0,0.202242195606232,0,0,0,0,0,0,0,3.23418872058392,0,0.140632748603821,0,0,0.115960463881493,18.9890863150358,6.55418755114079,2.77265678346157,0,35.4800133258104,0.704412579536438,0,1.16462695598602,22.882625579834,0,0,0,0,1.22271175682545,87.1770387887955,0,22.5591255947948,0,166.908950582147,11.4853598847985,1811.72710431367,4.47352594137192,0,0,0,92.4194317758083,0.115089014172554,267.730553731322,0.660684637725353,85.4217984527349,0,4.29902991652489,0,0,0,0,0,1.75022266805172,0.280089236795902,0.773195326328278,0,533.077765181661,278.898130744696,145.763590499759,0.251876652240753,2.42639134824276
0.379421591758728,2.29471582174301,0,0,0,0,0,0,14.91367405653,23.1139119714499,0,0,0,0,11.5858726799488,0,0,10124.6449732706,1895.28129003942,6.59923203289509,0,0,49.9780521392822,0,994.861304104328,4.2451423406601,72.4398883134127,0,0,0,0,0,0,0,0,1.06301581859589,3.88416051864624,0.89812558889389,53.9562846124172,0,2.23452651500702,0.209417909383774,68.7197948098183,0.388776376843452,0.880566328763962,33.3570975363255,9.83302837610245,0,1.14627459645271,0,0,0,0,0,0.939469814300537,1.87385404109955,0,0.566007018089294,0,0,17.3905760347843,0,11.7688622176647,0,0,0,0,141.98464640975,1.70855832099915,100.046135038137,0,0,0.1310675740242,0,0,0,0,0,1.33840145915747,5.43495047092438,0,1.86458164453506,8906.87844323367,3821.81541933119,68.7551021650434,0,15.9397101402283
1.60548007488251,3.55030021071434,0,0,0,0.179227456450462,0,0,0,209.668591871858,0,0.263227105140686,0,0,0,62.872936964035,10124.6449732706,0,2800.60471089184,42.892819724977,0.66615629196167,685.234821021557,0,400.859804302454,0,563.509055376053,0,0,0,0,0,0,0,0.315471202135086,0.16596882045269,1.83441896736622,10.8754993602633,2.7833976149559,0.52210433781147,0,8.71282082796097,3.7068250477314,208.866801947355,4.24284934997559,17.0223148465157,121.298740617931,66.7065036967397,0,0.221538320183754,0.539657644927502,0,0,0,0,0.965402483940125,72.0595160126686,0,4.19262886047363,0,1.76393091678619,0.345943108201027,2.34411873668432,50.4762761220336,0,140.791675418615,0,39.0893194079399,0,459.267949461937,0.248203530907631,1.50098311901093,0,0,0,0,0,0,0,10.5699764117599,11.6777022406459,9.97441554069519,0.184026792645454,12546.3819686845,10814.6841217577,191.005243986845,0,59.3629467785358
62.8375537693501,50.2451730817556,0,23.4639822691679,0,3.35405251383781,0,0,39.8182243183255,210.900157563388,0,17.0572956651449,0,3.76350736618042,0.133693546056747,9.91311617940664,1895.28129003942,2800.60471089184,0,922.669422402978,5.02537453174591,0,0,3.35295701026917,4.89357268810272,0,0,0,0,0,0,0,0,6.01683066785336,5.19639137387276,166.626052767038,43.832055054605,42.4109876155853,0.976464852690697,0.658516064286232,206.307830579579,1720.15824570507,6808.08857644349,220.948517277837,472.141045719385,1833.48212186247,1075.52524348348,0,9.42891020327806,52.4345667585731,0,0,0,0,6.50497803837061,90.205014616251,0,84.4963845983148,0,14.3597972840071,38.5162406116724,63.3316778615117,880.892602875829,0,0,0,0.981358468532562,1.96869399398565,0,6.28442768007517,20.7362402230501,0,12.6615382432938,0,0,0,2.06218628585339,0,523.261639080942,148.651196680963,286.959390185773,0.862818658351898,6620.90904440731,256.170788601041,2679.12911870331,439.467002928257,559.635190695524
2.15873591601849,62.3853151351213,0,3.8221830278635,0,48.8180508315563,0,6.04667885601521,0.196774899959564,533.932365462184,0,340.237335041165,0,0,1.56632363796234,7.94329991936684,6.59923203289509,42.892819724977,922.669422402978,0,0,0,0,0,0,0,0,0,0,0,0,0,0,0.370584055781364,0,684.410702124238,0,182.803690686822,0,0,1.18836947530508,140.340317904949,7.06290888786316,17.598199814558,0.224652692675591,120.714924380183,1.02210561931133,0,0,24.930284075439,0,0,0,0,0,448.861863464117,0,704.996998570859,0,5.23936655372381,3.04520946741104,25.2540042698383,2055.04309860617,0,0,0,0,0,0,0.136982619762421,5.68597340583801,0,2.09762017428875,0,0,0,0,0,97.787215039134,0,110.386526867747,0,1551.00710544735,21.557165324688,181.100256286561,37.5467412173748,0.157660886645317
0,0,0,0,0,0,0,0,0,0,13,0,0,0,0,0,0,0.66615629196167,5.02537453174591,0,0,0,0,0,0,0,0,0,0,0,0,0,0,0,0,0,766.547006040812,0,49.9200797975063,0,16.1609950959682,0,4.69390669465065,0,0,0,167.18238735199,0,0.384339720010757,0,0,0,0,0,0,0,4.01453328132629,0,0,0,0,0,0,1669.11637891829,0,0,0,0,0,0,0,0,0,0,0,0,0,0,0,562.443929411471,0,21.1477237641811,672.742664352059,0,127.63276873529,0,5.12634986639023
0,0,0,0,0,0,0,0,0,0,0,0,0,0,0,0,0,685.234821021557,0,0,0,0,842.244135901332,478.55419677496,0,10.2556333392859,0,228.780030488968,0,0,0,0,0,0,0,0,0,768.10139246285,0,0,0,0,0,0,0,0,0,0,0,1.13468196988106,0,0,0,0,0,0,0,0,0,0,0,0,0,0,10618.5990362018,138.509661406279,229.201706960797,0,14.1543651074171,0,11.3017196059227,0,0,0,0,0,0,0,0,0,77.7906101942062,0,1503.44874165952,1227.19530418515,0,0,0
0,0,0,0,0,0,0,0,0,0,0,0,0,0,0,0,49.9780521392822,0,0,0,0,842.244135901332,0,0,224.811413452029,0,80.3140178918839,0,71.2261243611574,0,0,0,0,0,0,0,0,0,272.76378442347,0,0,0,0,0,0,0,0,0,32.3074093908072,0,0,0,0,0,0,0,0,0,0,0,0,0,0,0,0,6407.1748470217,0,447.376321271062,0,8.09746623039246,0,72.2387697249651,0,0,0,0,0,0,0,0,0,755.490434393287,1370.18161812425,441.578212320805,0,0,0
0,25.992653414607,0,0,0,0,0,0,0,89.0009421408176,0,0,0,0.665747582912445,0,117.982869699597,0,400.859804302454,3.35295701026917,0,0,478.55419677496,0,0,0,889.667010143399,0,0,0,0,0,0,0,0,0,0,0,402.17055696249,0,0,0,0,0,0,0,0.196188971400261,0,0,0,76.371672898531,0,0,0,0,0,26.8822200298309,0,2.79618835449219,0,7.86115604639053,0,44.8898213207722,0,0,497.591874718666,0,1450.03440703452,0,121.916818976402,0,21.6439490616322,0,0,0,0,0,0,0,0,0,401.037860363722,0,166.69170358777,3.592036023736,62.3776718080044,0,0
78.3721667826176,0,0,0,0,0,0,0,204.172281682491,0.220867201685905,0,0,0,0,3.65291899442673,0,994.861304104328,0,4.89357268810272,0,0,0,224.811413452029,0,0,0,294.340173363686,0,0,0,0,0,0,0,0,0,0,0,552.572101429105,0,0,0.261855602264404,0.415185213088989,0,0,0,0,0,0,0,0,0,0,0,237.115451812744,0,0,0,0,0,25.8250001966953,0,0,0,0,179.740878328681,0,983.062529444695,0,121.362974971533,0,0,0,0,0,0,0,0,0,0,0,98.4721767753363,350.197480469942,34.7683244496584,4.89035332202911,0,0
0,2.93562872707844,0,0,0,0,0,0,0,3.99153913557529,0,0,0,0,0,278.67929880321,4.2451423406601,563.509055376053,0,0,0,10.2556333392859,0,889.667010143399,0,0,0,38.0445245504379,0,0,0,0,0,0,0,0,0,103.978682130575,0,0,0,0.34881517291069,0,0,0,0,0,0,0,46.0555065274239,0,0,0,0,0,0.234334036707878,0,0,0,0,0,73.4154853224754,0,0,81.9527998715639,0,522.4410199821,0,304.946075230837,0,20.8465540409088,0,0,0,0,0,0,0,0,0,99.8294652104378,0,130.078866288066,3.79822379350662,39.9535253942013,0,0
0,0,0,0,0,0,0,0,13.3385054022074,0,0,0,0,0,2.70387820899487,0,72.4398883134127,0,0,0,0,0,80.3140178918839,0,294.340173363686,0,0,0,0.978347644209862,0,0,0,0,0,0,0,0,0,0,0,0,0,0,0,0,0,0,0,0,0,0,0,0,0,0,0,0,0,0,0,0,0,0,0,0,32.5825686454773,0,33.4592153429985,0,570.864069521427,0,119.388803750277,0,0,0,0,0,0,0,0,0,0,73.2357482612133,0,0,0,0
0,0,0,0,0,0,0,0,0,0,0,0,0,21.5385113954544,0,0.202242195606232,0,0,0,0,0,228.780030488968,0,0,0,38.0445245504379,0,0,0,513.753922268748,0,0,0,0,0,0,0,0.456986367702484,0,0,0,0,0,0,0,0,0,0,0,0,0,0,0,0,0,0,0,0,0,15.2831767946482,0,0,0,0,1342.87862719595,0,0,0,172.421256899834,0,2014.14221844077,0,62.82052539289,0,0,0,0,0,0,0,0,0,285.907467529178,1048.48469500244,0,0,0
0,0,0,0,0,0,0,0,0,0,0.162933632731438,0,0,0,0,0,0,0,0,0,0,0,71.2261243611574,0,0,0,0.978347644209862,0,0,0,98.9463125765324,0,0,0,0,0,0,0,5.62213110923767,0,0,0,0,0,0,0,0,0,0,0,0,0,0,0,0,0,0,0,9.59849679470062,0,0,0,0,0,0,0,0,0,0,8.5205444842577,0,1725.83300736547,0,0.258857637643814,0,0,0,0,0,0,0,0,197.828638166189,0,0,0,0
0,0,0,0,0,0,0,0,0,0,0,8.93486258387566,0,25.2780891060829,0,0,0,0,0,0,0,0,0,0,0,0,0,513.753922268748,0,0,0,0,0,0,0,0,0,74.8386616408825,0,0,0,0,0,0,0,0,0,0,0,0,0,0,0,0,0,0,0,1.69990092515945,0,0,0,0,0,0,0,0,0,0,0,0,292.252131849527,0,350.123741790652,0,0,0,0,0,0,0,0,0,108.364746764302,17.7832845151424,0,0,0
0,0,0,0,0,0,0,0,0,0,0,0,0,0,0,0,0,0,0,0,0,0,0,0,0,0,0,0,98.9463125765324,0,0,0,0,0,0,0,0,0,112.273816809058,0,0,0,0,0,0,0,0,0,0,0,0,0,0,0,0,0,8.32621157169342,0,0,0,0,0,0,0,0,0,0,0,0,0,0,229.976143553853,0,323.336101844907,0,0,0,0,0,0,0,126.028093114495,0,0,0,0,0
0,0,0,0,0,0,0,0,0,0,0,0,0,0,0,0,0,0,0,0,0,0,0,0,0,0,0,0,0,0,0,0,105.642712235451,0,0,120.132634043694,0,0,0,0,0,0,0,0,0,0,0,36.7619662880898,0,0,0,0,0,0,0,0,0,0,0,0,0,0,0,0,0,0,0,0,0,0,0,0,0,0,264.104661881924,0,0,0,165.090481638908,0,0,0,193.406623601913,0,0,0,0
0,0,0,0,0,0,0,0,0,0,0,0,0,0,0,0,0,0,0,0,0,0,0,0,0,0,0,0,0,0,0,105.642712235451,0,0,0,0,22.0529074370861,0,0,0,9.65406307578087,0,0,0,0,0,0,463.934207588434,377.20676061511,0,0,0,0,0,0,0,0,0,0,0,0,0,0,0,0,0,0,0,0,0,0,0,0,0,0,1281.53489233553,0,0,0,288.521542668343,0,0,91.302077293396,0,0,0,0
0,0,0,0,0,0,0,0,0,0.575716137886047,0,0,0,0,0,0,0,0.315471202135086,6.01683066785336,0.370584055781364,0,0,0,0,0,0,0,0,0,0,0,0,0,0,665.425519943237,57.8444765806198,1.66699504852295,66.8696439564228,4.012511074543,80.6352012753487,0,2.37702997773886,0,0,0,1.18008244037628,0,291.220438271761,0,15.6454736292362,0,0,0,0,0,1.17779942601919,0,0,0,0,0,0,1.88741107285023,0,0,0,0,0,0,0,0,0,0,0,0,0,864.192615583539,137.792442381382,254.717195048928,0,356.948876649141,2.14627769589424,177.45982401073,0.332809180021286,3.47412761300802,0.486683681607246,0
0.402091890573502,0,0,0,0,0,0,0,0,0,0,0,0,0,0,0,0,0.16596882045269,5.19639137387276,0,0,0,0,0,0,0,0,0,0,0,0,0,0,665.425519943237,0,0,970.657282039523,210.105170831084,338.074020639062,0,264.619748875499,78.86830919981,21.149943754077,0,0,0,4.65563517808914,1636.68365845084,392.345004767179,7.5291303396225,0,0,0,0,0,0,0,0,0,0,0,0,0.169766649603844,1.62012615799904,0,0,0,0,0,0,0,0,0,0,0,2.90343165397644,0,3009.11041590571,0,224.062436744571,1.33932787179947,738.213738977909,724.492353037,9.02387326955795,118.307021163404,0,0.241978093981743
5.7717397660017,13.0277357175946,0,14.7651771903038,1.16798415780067,305.395963147283,0,178.111787781119,0,39.2450418025255,0,232.407821699977,0,0,0,3.23418872058392,1.06301581859589,1.83441896736622,166.626052767038,684.410702124238,0,0,0,0,0,0,0,0,0,0,0,120.132634043694,0,57.8444765806198,0,0,429.338167011738,1491.40895747393,5.55885791778564,313.600240156054,0,38.6843262836337,1.17263934016228,11.7680904567242,0,125.212373442948,0.288861304521561,66.467438519001,0.557758316397667,45.0475392118096,0,211.762538418174,0,127.09570273757,0.319407552480698,18.2503803595901,0,174.445703558624,0,14.0567395091057,3.83129869401455,8.30128663778305,528.596339456737,0,0,0,0,0,0,0,0.154943943023682,0,0.238288745284081,0,70.567551612854,0,356.709810554981,0.558204054832458,12975.7584330067,33.1802482679486,1874.40450606495,0,2635.77557466179,331.215486355126,66.8650444671512,11.0895872861147,1.95467710494995
19.4413307979703,0,17.0640302151442,2.32515886425972,106.256068095565,0,0,0,0,0.16655071079731,124.34692248702,0,0,0,1.55036201328039,0,3.88416051864624,10.8754993602633,43.832055054605,0,766.547006040812,0,0,0,0,0,0,0,0,0,0,0,22.0529074370861,1.66699504852295,970.657282039523,429.338167011738,0,0,1987.50289322436,51.5736066102982,621.695209734142,0.296451792120934,44.9943353757262,0,6.59357174485922,1.82523350417614,53.943157248199,119.65205436945,321.001830197871,21.3530132099986,2.35797715187073,0,0,0,0.248697757720947,0,62.9112190157175,0.438209295272827,0,1.62497472763062,9.34018936008215,3.89879751205444,0.646732926368713,491.331839486957,0,0,0,0.112820841372013,0,0,0,0,0,0,0,13.3813645988703,0,111.484080255032,76.674400344491,10553.2992662862,0.17997732758522,2460.17508621514,2857.8167277202,119.595505341887,400.319684579968,0,0.957048833370209
1.09234973788261,5.31779792904854,0,0,0,0,0,0,0,46.7588748633862,0,463.509147211909,0,0,0,0.140632748603821,0.89812558889389,2.7833976149559,42.4109876155853,182.803690686822,0,768.10139246285,0,402.17055696249,0,103.978682130575,0,0.456986367702484,0,74.8386616408825,0,0,0,66.8696439564228,210.105170831084,1491.40895747393,0,0,535.343321636319,0,0,126.992633923888,1.13446414470673,0.891821175813675,0,25.8455342650414,0,199.217048108578,0,240.307639375329,0,0,0,0,0,24.2656516283751,0,99.4645671248436,0,0.607721924781799,0.469229847192764,3.48183685541153,103.736501373351,0,496.255797669291,0,227.384342640638,0,81.4781746864319,0,24.2082287669182,0,87.3270436227322,0,0,0,135.141695827246,58.5180398523808,725.174554266036,0,14405.758606188,311.734112501144,2288.57397606969,887.97227666527,158.706528514624,4.50807516276836,0
36.5084316730499,0,0,0,0,0,0,0,49.9617904573679,0,113.41487082839,0,0,0,0,0,53.9562846124172,0.52210433781147,0.976464852690697,0,49.9200797975063,0,272.76378442347,0,552.572101429105,0,0,0,5.62213110923767,0,112.273816809058,0,0,4.012511074543,338.074020639062,5.55885791778564,1987.50289322436,535.343321636319,0,0,16.1705862730742,6.06818917393684,14.0994669944048,0,0.109992831945419,0,1.49037223309278,97.4077243208885,8.70953178405762,0.124924972653389,0,0,0,0,145.397000551224,0,105.895674109459,0,0,0,6.50594219565392,0.411319613456726,0,50.8750273436308,0,61.4688113927841,0,564.93367883563,0,0,0,4.98123690485954,0,96.0824469923973,0,0,0,582.255574271083,0,743.900690346956,130.960239991546,8036.37009539455,1495.44581082463,815.97476003319,269.46572715044,0,0
0,0.139636546373367,0,0,0.479965209960938,0,0,0,0,2.05884775519371,0,0,0,0,0,0,0,0,0.658516064286232,0,0,0,0,0,0,0,0,0,0,0,0,0,0,80.6352012753487,0,313.600240156054,51.5736066102982,0,0,0,0,221.109307348728,0,0.140839070081711,0,59.3092194199562,0,13.6793893873692,8.97964429855347,990.720729976892,0,0,0,0,0,1.02719824016094,0,0,0,0,0.202873572707176,0,39.1113918721676,0,0,0,0,0,0,0,0,0,0,0,0,0,53.7575790286064,0,1290.77663873881,0,26.9228162914515,0,52.269467189908,0,1075.4893541038,0.315256118774414,0
108.734626248479,0,9.75666807591915,0,0,0,0,0,3.29059287905693,0.165915340185165,0,0,0.58778989315033,0,0.177762538194656,0.115960463881493,2.23452651500702,8.71282082796097,206.307830579579,1.18836947530508,16.1609950959682,0,0,0,0,0,0,0,0,0,0,0,9.65406307578087,0,264.619748875499,0,621.695209734142,0,16.1705862730742,0,0,1.10386593639851,522.816097766161,0,68.1415997892618,3.27633024007082,295.033831745386,1.61335709691048,63.8371228985488,0,0,0,0,0,0.58870892226696,0.137886747717857,0,0.106293372809887,0.144845083355904,0,24.575864315033,0.726108253002167,1.16854681074619,9.48196978867054,0,0,0,0.675827734172344,0,10.2236466780305,0,0,0,0,0,3.93259093165398,0,15.888870537281,0.131695613265038,163.017511501908,0,73.3110075592995,134.494488254189,3.94613806903362,314.870944358408,0,11.4252255633473
46.1744631752372,56.9133767932653,3.30356407165527,57.8432298451662,0,2.62722298502922,0,0,7.80815878510475,293.743787497282,0,2.94136023521423,0,2.26947170495987,0,18.9890863150358,0.209417909383774,3.7068250477314,1720.15824570507,140.340317904949,0,0,0,0,0.261855602264404,0.34881517291069,0,0,0,0,0,0,0,2.37702997773886,78.86830919981,38.6843262836337,0.296451792120934,126.992633923888,6.06818917393684,221.109307348728,1.10386593639851,0,1196.04193227738,333.820640131831,2.78654225170612,1509.67212252319,16.0312184542418,1268.38157977164,20.3641299307346,266.291652649641,0,0.775870278477669,0,0,3.07205045223236,266.355460986495,0,174.070608444512,0,91.1115914732218,11.7641777768731,108.019796036184,262.478473342955,0,0,0,1.55515511333942,0,2.799201130867,0.359092563390732,96.0126282125711,0,83.8462460339069,0,0,0,1.83301466703415,63.5681915134192,314.896607190371,2.16449570655823,74.7585386559367,8.389115691185,7398.66709540784,385.445750899613,3923.46304677427,802.47432719171,8.62340693175793
162.278575882316,1.40387418866158,1.99543100595474,7.99744758009911,0,1.9304701089859,0,0,189.936044827104,7.77505038678646,0,0,0,0,0.10537264496088,6.55418755114079,68.7197948098183,208.866801947355,6808.08857644349,7.06290888786316,4.69390669465065,0,0,0,0.415185213088989,0,0,0,0,0,0,0,0,0,21.149943754077,1.17263934016228,44.9943353757262,1.13446414470673,14.0994669944048,0,522.816097766161,1196.04193227738,0,10.3703650534153,198.780674390495,19.7923217192292,1470.56959358603,9.88858351111412,123.256688043475,6.12518946826458,0,0,0,0,23.0527973771095,0.163863748311996,0,3.48049637675285,0,5.11532193422318,57.6793468669057,30.1386131569743,12.4744593501091,2.57015192508698,0,0,0,2.43508847057819,0,3.88722774386406,0,0,0,0,0,0,0,26.5104896873236,4.64525739848614,166.97352463752,2.13073229789734,4.44259150326252,3396.88628258556,176.907259970903,2324.66256118566,1.30028474330902,255.492342367768
0.35559755563736,1.19950759410858,0,0.615426301956177,0,2.92314481735229,0,0,0,9.46759024262428,0,0.19482858479023,0,0,0,2.77265678346157,0.388776376843452,4.24284934997559,220.948517277837,17.598199814558,0,0,0,0,0,0,0,0,0,0,0,0,0,0,0,11.7680904567242,0,0.891821175813675,0,0.140839070081711,0,333.820640131831,10.3703650534153,0,0.150732949376106,134.310120582581,1.3835537135601,0,0,4.98825725913048,0,0,0,0,0,0,0,2.52243737876415,0,5.74417424201965,0.200902789831161,5.57606190443039,38.9962020367384,0,0,0,0,0,0,0,0.182449221611023,0,1.39439725875854,0,0,0,0,0,17.9144756570458,0.268725544214249,3.66014520823956,0,67.4309320449829,15.3312037289143,91.4523961544037,42.5868302434683,0.268391877412796
130.251382291317,0,0.7593874335289,0,3.83654779195786,0,0,0,16.6191024929285,2.26323740184307,0,0,0,0,3.835025370121,0,0.880566328763962,17.0223148465157,472.141045719385,0.224652692675591,0,0,0,0,0,0,0,0,0,0,0,0,0,0,0,0,6.59357174485922,0,0.109992831945419,0,68.1415997892618,2.78654225170612,198.780674390495,0.150732949376106,0,4.01905027031898,216.42717166245,0,17.7729307115078,1.8359534740448,0,0,0,0,4.53857196867466,0,0,0,0,0.152852281928062,69.9488038942218,3.47505566477776,1.26846884191036,0.138228014111519,0,0,0,0.575254991650581,0,3.41479243338108,0,0,0,0,0,0,0,0,0.190150603652,118.587763205171,0,0,231.876407921314,7.06975325942039,215.818052969873,0,38.3220657333732
2.38894005864859,79.5580194443464,0,175.832901999354,0,16.0906191766262,0,0,2.0367956161499,178.97887173295,0,0.974308505654335,0,0,0,35.4800133258104,33.3570975363255,121.298740617931,1833.48212186247,120.714924380183,0,0,0,0.196188971400261,0,0,0,0,0,0,0,0,0,1.18008244037628,0,125.212373442948,1.82523350417614,25.8455342650414,0,59.3092194199562,3.27633024007082,1509.67212252319,19.7923217192292,134.310120582581,4.01905027031898,0,8.28923746198416,0,0,108.246886372566,0,0.855391338467598,0,0,2.18844102323055,32.3185011744499,0,94.4551866799593,0,54.7476647719741,1.23203131556511,160.667680762708,642.378706924617,0,0,0,1.59793722629547,0,0,0,3.1011453717947,0,5.2306155860424,0,0,0,0,0,70.1740093529224,1.90145294368267,12.0860547497869,0,562.799185968935,210.649742618203,787.287237413228,439.167568609118,5.59600025415421
150.863490171731,0.265041030943394,21.4501597061753,0,0,0,0,0,8.68835890293121,2.47239698469639,0,0,0,0,0,0.704412579536438,9.83302837610245,66.7065036967397,1075.52524348348,1.02210561931133,167.18238735199,0,0,0,0,0,0,0,0,0,0,0,0,0,4.65563517808914,0.288861304521561,53.943157248199,0,1.49037223309278,0,295.033831745386,16.0312184542418,1470.56959358603,1.3835537135601,216.42717166245,8.28923746198416,0,0,209.926551803946,0.729307129979134,0,0,0,0,3.40104079246521,0.482978105545044,0,0.574769482016563,0,2.16601581126451,21.3865692093968,4.37354782223701,3.6948332041502,1268.14194639027,0,0,0.135013267397881,3.83236276358366,0,28.8080298528075,0,0,0,0,0,0,0,0,0.75423426926136,160.274982750416,0.616437315940857,11.6248398944736,354.047727681696,16.6853634640574,972.729446537793,0,120.13526134938
0,0,0,0,0,0,0,0,0,0,0,0,0,0,0,0,0,0,0,0,0,0,0,0,0,0,0,0,0,0,0,36.7619662880898,463.934207588434,291.220438271761,1636.68365845084,66.467438519001,119.65205436945,199.217048108578,97.4077243208885,13.6793893873692,1.61335709691048,1268.38157977164,9.88858351111412,0,0,0,0,0,681.423918440938,1179.88751026988,0,0,0,0,0,0,0,0,0,0,0,0,0,0,0,0,0,0,0,0,0,0,0,0,19.0571503639221,758.863891720772,14.9397785365582,1235.93970628083,0.901061475276947,4.01730525493622,130.98345375061,280.480409353971,2408.45457693934,24.3937959969044,426.801801219583,0,0
94.8140597939491,0,40.2750389873981,1.49734945595264,110.380902424455,0,0,0,8.72086772322655,0.957341477274895,0,0,0.371899306774139,0,12.7640136480331,1.16462695598602,1.14627459645271,0.221538320183754,9.42891020327806,0,0.384339720010757,0,32.3074093908072,0,0,0,0,0,0,0,0,0,377.20676061511,0,392.345004767179,0.557758316397667,321.001830197871,0,8.70953178405762,8.97964429855347,63.8371228985488,20.3641299307346,123.256688043475,0,17.7729307115078,0,209.926551803946,681.423918440938,0,1768.84121286869,1.12586531043053,0,0,0,0,0,0,0.318404391407967,5.13200667500496,2.15441148728132,214.193045765162,6.54744243621826,0.656817018985748,0.198861911892891,0,176.81529058516,0,18.1420086622238,0,3.14487897604704,0,0,0,0,0,978.132704555988,0,522.488803595304,0.641721308231354,147.873309671879,0,35.8084740638733,330.703881718218,16.541890181601,1046.57158274204,1.41904592514038,0
35.5715716704726,52.8228176087141,0.313335686922073,25.4566386193037,0,4.2825873196125,0,0,4.60244786739349,25.8270660936832,0,2.76234823465347,0,0,0.548704326152802,22.882625579834,0,0.539657644927502,52.4345667585731,24.930284075439,0,1.13468196988106,0,76.371672898531,0,46.0555065274239,0,0,0,0,0,0,0,15.6454736292362,7.5291303396225,45.0475392118096,21.3530132099986,240.307639375329,0.124924972653389,990.720729976892,0,266.291652649641,6.12518946826458,4.98825725913048,1.8359534740448,108.246886372566,0.729307129979134,1179.88751026988,1768.84121286869,0,0,0,0,0,1.85806232690811,23.0782859325409,0,124.606126397848,0,58.9790183007717,26.789033010602,77.8643504679203,69.0005626529455,0,13.0755235552788,0,31.328435510397,0.934256017208099,432.642295107245,0.568646907806396,212.057189837098,0,30.2942970991135,0,0,0,211.719400882721,0,96.5666140988469,4.40095722675323,435.043637931347,2.2657932639122,232.012659341097,14.5221534743905,1580.24333317578,0.231219410896301,1.79085864126682
0,0,36.8022875487804,0,601.258108556271,0,0,0,0,0,0,0,0,0,0.559716463088989,0,0,0,0,0,0,0,0,0,0,0,0,0,0,0,0,0,0,0,0,0,2.35797715187073,0,0,0,0,0,0,0,0,0,0,0,1.12586531043053,0,0,0,6.38217401504517,0,14.6260419487953,0,0,0,184.025256872177,0,39.53104801476,0,0,0,0,0,0,0,0,0,0,0,0,0,0,0,0,0,0,0,0,0,651.373177438974,2.29428958892822,0,0,0
0,0,0,0,0,920.030732810497,0,87.1388500928879,0,11.1381107568741,0,0,0,0,0,0,0,0,0,0,0,0,0,0,0,0,0,0,0,0,0,0,0,0,0,211.762538418174,0,0,0,0,0,0.775870278477669,0,0,0,0.855391338467598,0,0,0,0,0,0,0,82.2362740635872,0,0,0,33.5100362300873,0,1.08793157339096,0,0,0,0,0,0,0,0,0,0,0,0,0,0,0,0,0,0,91.3761492967606,0,0,0,457.966486632824,16.7423059791327,2.19329673051834,0,0
0,0,0,0,0,0,0,0,0,0,0,0,0,0,0,0,0,0,0,0,0,0,0,0,0,0,0,0,0,0,0,0,0,0,0,0,0,0,0,0,0,0,0,0,0,0,0,0,0,0,6.38217401504517,0,0,0,0,0,0,0,0,0,0,0,0,0,0,0,0,0,0,0,0,0,0,0,0,0,0,0,0,0,0,0,0,0,0,0,0
0,0,0,0,0,104.097747474909,0,289.793924123049,0,0,0,0.329463869333267,0,0,0,0,0,0,0,0,0,0,0,0,0,0,0,0,0,0,0,0,0,0,0,127.09570273757,0,0,0,0,0,0,0,0,0,0,0,0,0,0,0,82.2362740635872,0,0,0,0,0,4.12179803848267,0,1,0,0,0,0,0,0,0,0,0,0,0,0,0,0,0,0,0,0,8.19580745697021,0,0,0,168.848206475377,0,0,0,0
347.355745926499,2.09433937072754,35.4453625977039,0.226412117481232,14.67042568326,3.52997523546219,0,0,334.892785832286,0,0,0,0,0,8.72798958420753,1.22271175682545,0.939469814300537,0.965402483940125,6.50497803837061,0,0,0,0,0,237.115451812744,0,0,0,0,0,0,0,0,0,0,0.319407552480698,0.248697757720947,0,145.397000551224,0,0.58870892226696,3.07205045223236,23.0527973771095,0,4.53857196867466,2.18844102323055,3.40104079246521,0,0,1.85806232690811,14.6260419487953,0,0,0,0,0,13.9373124837875,0.17322064936161,34.8859202265739,0.169342294335365,73.1963961422443,4.52491797506809,1.64038906991482,0,0,0,0,485.17127931118,0,1.03854662179947,0,0,0,0,0,0,0,0,0.19367627799511,0.901635468006134,0,224.670914530754,778.454821273685,99.5855581238866,152.210097298026,0,0
0.141466602683067,287.049699485302,0,6.29170995950699,0,0.805613934993744,0,0,0,473.32857209444,0,49.510002374649,0,0,0,87.1770387887955,1.87385404109955,72.0595160126686,90.205014616251,448.861863464117,0,0,0,26.8822200298309,0,0.234334036707878,0,0,0,0,0,0,0,1.17779942601919,0,18.2503803595901,0,24.2656516283751,0,1.02719824016094,0.137886747717857,266.355460986495,0.163863748311996,0,0,32.3185011744499,0.482978105545044,0,0,23.0782859325409,0,0,0,0,0,0,0,713.8893135041,0,259.10447460413,0,122.570424199104,107.074812486768,0,0,0,32.3720721155405,0,6.39205545186996,0,436.91359589994,0,202.089321941137,0,0,0,0,0,39.5865858122706,0,70.6799682676792,0,254.727651566267,24.0713418796659,586.844272688031,2.39090031385422,0
0,0,2.10077109932899,0,0,0,0,0,0,0,1038.56673905253,0,0,0,0,0,0,0,0,0,4.01453328132629,0,0,0,0,0,0,0,0,0,8.32621157169342,0,0,0,0,0,62.9112190157175,0,105.895674109459,0,0,0,0,0,0,0,0,0,0,0,0,0,0,0,13.9373124837875,0,0,0,423.896792888641,0,0,0,0,104.928071498871,0,0,0,0,0,0,0,0,0,72.1127677559853,0,0,0,0,0,0,0,0,45.6902565658092,0,166.125141203403,0,0
12.8523036539555,271.959236755967,0,120.758786872029,0,104.3885653615,0,16.2368166893721,2.00808793306351,277.183428540826,0,1530.0823238343,0,27.0291700065136,0,22.5591255947948,0.566007018089294,4.19262886047363,84.4963845983148,704.996998570859,0,0,0,2.79618835449219,0,0,0,0,0,1.69990092515945,0,0,0,0,0,174.445703558624,0.438209295272827,99.4645671248436,0,0,0.106293372809887,174.070608444512,3.48049637675285,2.52243737876415,0,94.4551866799593,0.574769482016563,0,0.318404391407967,124.606126397848,0,33.5100362300873,0,4.12179803848267,0.17322064936161,713.8893135041,0,0,0,939.81376928091,5.06795857101679,167.521070346236,777.304893262684,0,0,0,13.7738187611103,0,0,0,60.8444566726685,0,527.314350917935,0,0,0,0,0,27.2927867770195,0,7.37247328460217,0,671.995074383914,48.4048960059881,493.290426239371,1.22344702482224,0
0,0,17.8684445023537,0,3,0,115.09693145752,0,0,0,228.100202083588,0,248.814086556435,0,0,0,0,0,0,0,0,0,0,0,0,0,0,0,9.59849679470062,0,0,0,0,0,0,0,0,0,0,0,0.144845083355904,0,0,0,0,0,0,0,5.13200667500496,0,184.025256872177,0,0,0,34.8859202265739,0,423.896792888641,0,0,0,1.30018621683121,0,0,0,0,0,0,0,0,0,0,0,0,0,0,0,0,0,0,0,0,0,9.54094567894936,0,14.7171174287796,0,0
12.3889341801405,285.453233987093,0.519724488258362,376.778775304556,0,95.4786714613438,0,1,1.01364713907242,150.941918060184,0,0.654030323028564,0,1440.9597851783,0.481433510780334,166.908950582147,0,1.76393091678619,14.3597972840071,5.23936655372381,0,0,0,7.86115604639053,0,0,0,15.2831767946482,0,0,0,0,0,0,0,14.0567395091057,1.62497472763062,0.607721924781799,0,0,0,91.1115914732218,5.11532193422318,5.74417424201965,0.152852281928062,54.7476647719741,2.16601581126451,0,2.15441148728132,58.9790183007717,0,1.08793157339096,0,1,0.169342294335365,259.10447460413,0,939.81376928091,0,0,7.44182150810957,291.548361301422,50.8257081657648,0,0,0,26.7003267407417,0,4.16924592852592,0.215151451528072,271.775150761008,0,8.86623740196228,0,0,0,0,0,0.691680103540421,1.2280829846859,2.40702061355114,0.682988107204437,122.800300635397,118.79378644377,247.231616348028,0.538049936294556,2.46780506521463
30.2435982301831,0,261.821030527353,10.8004763424397,90.1591865718365,5.54173804819584,0,0,108.499146074057,2.09222713112831,0,0,0.469983458518982,0,94.9614968895912,11.4853598847985,17.3905760347843,0.345943108201027,38.5162406116724,3.04520946741104,0,0,0,0,25.8250001966953,0,0,0,0,0,0,0,0,0,0,3.83129869401455,9.34018936008215,0.469229847192764,6.50594219565392,0.202873572707176,24.575864315033,11.7641777768731,57.6793468669057,0.200902789831161,69.9488038942218,1.23203131556511,21.3865692093968,0,214.193045765162,26.789033010602,39.53104801476,0,0,0,73.1963961422443,0,0,5.06795857101679,1.30018621683121,7.44182150810957,0,39.3275567814708,8.47793945670128,0,0,0,0,13.6058998852968,0,3.26186561584473,0,0,0.152086362242699,0,0,0,0,0,1.95886105298996,25.1990169584751,0,6.40218782424927,238.145797677338,18.8720094412565,151.515996970236,0,6.08760115504265
69.9402654394507,368.241630107164,1.10128903388977,131.0825868994,0,2.04455531388521,0,0,4.96817900240421,111.310270577669,0,0.387696474790573,0,80.6403593420982,2.33712337911129,1811.72710431367,0,2.34411873668432,63.3316778615117,25.2540042698383,0,0,0,44.8898213207722,0,73.4154853224754,0,0,0,0,0,0,0,0,0,8.30128663778305,3.89879751205444,3.48183685541153,0.411319613456726,0,0.726108253002167,108.019796036184,30.1386131569743,5.57606190443039,3.47505566477776,160.667680762708,4.37354782223701,0,6.54744243621826,77.8643504679203,0,0,0,0,4.52491797506809,122.570424199104,0,167.521070346236,0,291.548361301422,39.3275567814708,0,32.6546391025186,0,0,0,144.420694887638,0.447178393602371,549.327494412661,0.762256488204002,158.34860034287,0,11.6898745596409,0,0,0,0,0,3.97423759102821,2.45478956401348,4.53648027777672,0,518.20861132443,160.536974661052,442.539020888507,2.77554619312286,5.8576852157712
20.6873194724321,44.1407786607742,0,4.21872906386852,0,9.40136681497097,0,0.387125939130783,0.535472571849823,357.086589798331,0,32.5873476266861,0,0,1.05552233755589,4.47352594137192,11.7688622176647,50.4762761220336,880.892602875829,2055.04309860617,0,0,0,0,0,0,0,0,0,0,0,0,0,1.88741107285023,0.169766649603844,528.596339456737,0.646732926368713,103.736501373351,0,39.1113918721676,1.16854681074619,262.478473342955,12.4744593501091,38.9962020367384,1.26846884191036,642.378706924617,3.6948332041502,0,0.656817018985748,69.0005626529455,0,0,0,0,1.64038906991482,107.074812486768,0,777.304893262684,0,50.8257081657648,8.47793945670128,32.6546391025186,0,0,0,0,0,0.128272622823715,0,0.190288051962852,2.4329226911068,0,6.34041130542755,0,0,0,0,0,96.6341368034482,0,57.7448192089796,0,742.068803653121,27.6386930197477,280.758566297591,207.917011015117,3.04970380663872
0.52443291246891,0,0,0,0,0,0,0,0,0,1,0,0,0,0,0,0,0,0,0,1669.11637891829,0,0,0,0,0,0,0,0,0,0,0,0,0,1.62012615799904,0,491.331839486957,0,50.8750273436308,0,9.48196978867054,0,2.57015192508698,0,0.138228014111519,0,1268.14194639027,0,0.198861911892891,0,0,0,0,0,0,0,104.928071498871,0,0,0,0,0,0,0,0,0,0,0.0865944996476173,0,0,0,0,0,0,0,0,0,0,0,160.932978674769,0,12.7767131328583,196.692221581936,0,311.600840464234,0,0
0,0,0,0,0,0,0,0,0,0,0,0,0,0,0,0,0,140.791675418615,0,0,0,10618.5990362018,0,497.591874718666,0,81.9527998715639,0,1342.87862719595,0,0,0,0,0,0,0,0,0,496.255797669291,0,0,0,0,0,0,0,0,0,0,0,13.0755235552788,0,0,0,0,0,0,0,0,0,0,0,0,0,0,0,0,383.586803525686,0,73.3076338618994,0,1243.6255543381,0,0,0,0,0,0,0,0,0,217.066133916378,0,387.282255202532,308.531488478184,0,0,0
0,0,0,0,0,0,0,0,0,0,0,0,0,0,0,0,0,0,0,0,0,138.509661406279,6407.1748470217,0,179.740878328681,0,32.5825686454773,0,0,0,0,0,0,0,0,0,0,0,61.4688113927841,0,0,0,0,0,0,0,0,0,176.81529058516,0,0,0,0,0,0,0,0,0,0,0,0,0,0,0,0,0,0,182.521582096815,0,5.53850030899048,0,0,0,0,0,0,0,0,0,0,0,199.936043471098,330.789605468512,47.9693404734135,0,0,0
