0,0,0.226374883204699,0,0,0,0,0,0.166191813024417,0,0,0,0,0,0.218698953588804,0,0.277193166315556,0,0.230792844721249,0,0.365235418081284,0,0,0,0,0,0,0,0,0,0,0,0,0,0,0,0,0,0,0,0.328903044263522,0,0.328535218960514,0,0,0,0.393346321086089,0,0.20772120022735,0,0,0,0,0,0.146361953753512,0,0.342635559539,0,0,0,0.214513426025709,0,0,0,0,0,0,0,0,0,0,0,0,0.36068629134785,0,0,0,0,0,0.415156709296363,0,0.404736804110663,0.23472902134632,0,0.29941875312943,0,0
0,0,0,0.182260289236351,0,0.166047431528568,0,0,0,0.151083643225635,0,0,0,0,0,0.206776395440102,0.263009399175644,0.427933692932129,0.282115962171385,0,0,0,0,0,0.36176997423172,0,0,0,0,0,0,0,0,0,0,0,0,0.230203171571096,0.406811237335205,0.328890554263042,0,0.357647525246191,0,0,0,0.360770240426064,0,0,0.346729576587677,0.261338735326851,0,0.267187416553497,0,0,0,0.167655872948029,0,0.332218306321724,0,0.369674196166377,0,0.337666864196459,0,0,0,0,0.187122516334057,0.386496901512146,0.373970881104469,0,0.385428777999348,0,0.387915646707689,0,0,0,0,0,0.375774770975113,0,0.409790834555259,0,0.212874437310568,0,0.313221722894608,0,0
0.226374883204699,0,0,0,0.167736724019051,0,0,0,0.155247044495561,0.276274979114532,0,0,0,0,0,0,0,0,0.222635708749294,0,0,0,0,0,0.18298901617527,0,0,0,0,0,0,0,0,0,0,0,0,0,0.226977106021798,0.334618121385574,0.287489500183326,0.274441057443619,0.269890211522579,0,0,0,0.280825767133917,0,0.272625239456401,0.282969936728477,0.233681085968265,0.256581723690033,0,0,0.168985494279436,0,0.262179699327265,0,0.269005435261321,0,0.196989526351293,0,0,0,0.317896664142609,0,0,0,0,0,0,0,0,0.286153750384555,0,0,0,0,0,0.263045370578766,0,0.303366030255953,0.249642497265195,0,0.273080420225717,0,0
0,0.182260289236351,0,0,0.256396383047104,0.200134158703932,0,0,0,0.186506539374798,0,0,0,0,0,0,0.258994217962027,0.28129215325628,0.26447652899302,0,0.205729752779007,0,0,0.228893488645554,0,0,0,0,0,0,0,0,0,0,0,0.217248983681202,0,0.242069471340913,0,0.249712314634096,0,0.288664674944801,0.253695160150528,0.255098447203636,0,0.234879037986199,0.265900284051895,0.283299187819163,0.265090721845627,0.255120284702062,0.254205048084259,0.241987431013727,0,0,0,0.141529063270851,0,0.264251094063123,0,0.226205601632595,0,0.2299641985336,0.309915959835052,0,0,0,0,0,0,0,0.314684336835688,0,0.332128228288945,0,0,0,0,0,0.27555031276175,0,0.299649322032928,0,0.247377190599352,0.218745738267899,0.297665757266526,0.262435825169086,0
0,0,0.167736724019051,0.256396383047104,0,0.230406239628792,0.182564031332731,0,0.17519948631525,0,0,0,0,0,0,0,0.256232470273972,0,0.201414860785007,0,0.189151084094536,0,0,0,0,0,0,0,0,0,0,0,0,0,0,0,0.198933970928192,0,0,0.311858540773392,0.218998236627114,0.267243236303329,0.260383857748447,0,0,0.31742736697197,0.264732385675112,0.266616394122442,0.239707393008609,0.320553511381149,0.170494352132082,0,0,0,0,0,0,0,0,0,0,0.22607709467411,0,0.22810157094941,0,0,0,0,0,0,0,0,0,0.235968723893166,0,0,0,0,0,0.210080408453941,0,0,0.227807125986967,0,0.218755001056136,0.2850441634655,0
0,0.166047431528568,0,0.200134158703932,0.230406239628792,0,0,0.164731820424398,0,0.138801998697048,0,0.157184317708015,0,0.115578889846802,0,0.185353353619576,0.262421220541,0,0.262349519133568,0.181664182316689,0,0,0,0.23199287801981,0,0,0,0,0,0,0,0,0,0,0,0.216978241999944,0,0.226928442716599,0,0.255169368666761,0,0.263310173927229,0.25621762573719,0.249382853507996,0,0.232106189836155,0.253919333219528,0.272034212946892,0.263639632024263,0.25949776056525,0,0.188120441277458,0,0.254143618047237,0,0.164868017747289,0,0.189707142011873,0,0,0,0.20073406646649,0.23176863082569,0,0,0,0,0,0,0,0.273153185844421,0,0.296747003832171,0,0,0,0,0,0.229342617771842,0,0.304922580718994,0,0.189199639229827,0.186910438434037,0.238917879575218,0.252798040707906,0
0,0,0,0,0.182564031332731,0,0,0,0,0,0.257328445591578,0,0,0,0,0,0,0,0,0,0.1773877988259,0,0,0,0,0,0,0,0,0,0,0,0,0,0,0,0,0,0,0,0.16002382338047,0,0.274961471557617,0,0,0,0.206727474927902,0,0.24715027709802,0,0,0,0.230793827514309,0,0,0,0.24764797375553,0,0.15956533361565,0,0,0,0,0,0,0,0,0,0,0,0,0,0,0,0,0,0,0,0,0,0,0,0.198116430569263,0.162737826054746,0.221217981406621,0,0
0,0,0,0,0,0.164731820424398,0,0,0,0,0,0.185706242918968,0,0.139493951201439,0,0,0,0,0,0.188327774405479,0,0,0,0,0,0,0,0,0,0,0,0,0,0,0,0,0,0,0,0,0,0,0,0,0,0,0,0,0,0,0,0.183146582236366,0,0.244138215887921,0,0,0,0.210471510761221,0,0.154171953422833,0,0,0.17818965559656,0,0,0,0,0,0,0,0,0,0,0,0,0,0,0,0,0,0,0,0.136660255491734,0,0,0,0
0.166191813024417,0,0.155247044495561,0,0.17519948631525,0,0,0,0,0.36042461792628,0,0,0,0,0.178701711990512,0,0,0,0,0,0,0.309065610170364,0,0.40974822640419,0.135412603292776,0,0,0,0,0,0,0,0,0,0,0,0,0.349452058474223,0.134186241978949,0,0,0.260150782763958,0.204592378721351,0,0,0,0,0.467048426469167,0.152020789202183,0.326727598905563,0,0,0,0,0.225789345612015,0.329537568347795,0.308429366350174,0,0.197788178920746,0,0.208423798597312,0,0,0,0.410959780216217,0,0.352972090244293,0.214993741061236,0,0,0,0,0,0,0,0,0,0,0,0,0.375447191298008,0.234948637393805,0.188023926480519,0.167095459997654,0.189964449009563,0,0
0,0.151083643225635,0.276274979114532,0.186506539374798,0,0.138801998697048,0,0,0.36042461792628,0,0,0,0,0,0,0.188119109977976,0,0.144068296787874,0.245591466625532,0,0,0.317140340805054,0,0.176876257245357,0.405468553304672,0,0,0,0,0,0,0,0,0.236898577213287,0,0,0,0.172905850998665,0.39588116284679,0.235072463750839,0,0.247907490797446,0.335194021463394,0,0,0,0.316419889529546,0,0.388432085514069,0.215937005017291,0.27221691608429,0.155082225799561,0,0,0.327022093747343,0.225139112930485,0,0,0,0,0,0.239646064268576,0,0,0,0,0.194049704405997,0.309740960597992,0.188730955123901,0,0,0,0.283901651700338,0,0,0,0,0,0,0,0.20844210985333,0.362463903427124,0.199014404807464,0.220178143496658,0.239404755632083,0,0
0,0,0,0,0,0,0.257328445591578,0,0,0,0,0,0.12866219629844,0,0,0,0,0,0,0,0.122313892461145,0,0,0,0,0,0,0,0.174918235025623,0,0.151224672794342,0,0,0,0,0,0.132201196278556,0,0.130725296019501,0,0,0,0,0,0,0,0,0,0,0,0.208615567439642,0,0.213183289852695,0,0,0,0.218616748808422,0,0.127051483182346,0,0,0,0,0.159672260918516,0,0,0,0,0,0,0,0.184633600361207,0,0.225124720228861,0,0,0,0,0,0.143003940582275,0,0.180364934860596,0.123412106628135,0.132652415583531,0,0,0
0,0,0,0,0,0.157184317708015,0,0.185706242918968,0,0,0,0,0,0.162384347353335,0,0,0,0,0,0.129124594846489,0,0,0,0,0,0,0,0.130040083266795,0,0.197673576102205,0,0,0,0,0,0.123787570744753,0,0.123686125843441,0,0,0,0,0,0,0,0,0,0,0,0,0,0.209074409678578,0,0.153479129076004,0,0,0,0.192793796658685,0,0.159516444495331,0,0,0.147125585871633,0,0,0,0,0,0,0,0.148365731943737,0,0.189657511215814,0,0,0,0,0,0.12851278922984,0,0.130757486469605,0,0.127482143621291,0.111436240375042,0.187212573043231,0,0
0,0,0,0,0,0,0,0,0,0,0.12866219629844,0,0,0,0,0,0,0,0,0,0,0,0,0,0,0,0,0,0,0,0,0,0,0,0,0,0,0,0,0,0,0,0,0,0,0,0,0,0,0,0,0,0,0,0,0,0,0,0.189104266365369,0,0,0,0,0,0,0,0,0,0,0,0,0,0,0,0,0,0,0,0,0,0,0,0.158284582874992,0.167786460369825,0,0,0
0,0,0,0,0,0.115578889846802,0,0.139493951201439,0,0,0,0.162384347353335,0,0,0,0.184384957583327,0,0,0,0,0,0,0,0,0,0,0,0,0,0,0,0,0,0,0,0,0,0,0,0,0,0,0,0,0,0,0,0,0,0,0,0.113282378017902,0,0.142568510770798,0,0,0,0.156920257821141,0,0.156049955126369,0,0.160000880559285,0,0,0,0,0,0,0,0,0.172151409089565,0,0,0,0,0,0,0,0,0,0,0,0.141626597774513,0.141945969779044,0,0,0
0.218698953588804,0,0,0,0,0,0,0,0.178701711990512,0,0,0,0,0,0,0,0.186346426606178,0,0,0,0,0,0,0,0,0,0,0,0,0,0,0,0,0,0,0,0,0,0,0,0,0,0,0,0,0,0,0,0,0.398286104202271,0,0,0,0,0.217793560374982,0,0,0,0.282259218394756,0,0.269096203148365,0,0,0,0,0,0,0.242329359054565,0,0,0,0,0,0,0,0,0,0,0,0,0,0,0.13771366307305,0,0,0,0
0,0.206776395440102,0,0,0,0.185353353619576,0,0,0,0.188119109977976,0,0,0,0.184384957583327,0,0,0,0.155823972562085,0,0,0,0,0,0,0,0,0,0,0,0,0,0,0,0,0,0,0,0,0,0,0,0,0,0,0,0,0,0,0,0,0,0.189351346343756,0,0,0,0.205023497797367,0,0,0,0.151189021766186,0,0.185096220290365,0,0,0,0,0,0,0,0,0,0,0,0,0,0,0,0,0,0,0,0,0.165141961445368,0.202742852270603,0,0,0
0.277193166315556,0.263009399175644,0,0.258994217962027,0.256232470273972,0.262421220541,0,0,0,0,0,0,0,0,0.186346426606178,0,0,0.153103414473357,0.253081309695637,0,0,0,0.168619812141324,0.170981356187871,0.163876991130804,0,0.157112007423732,0,0.129629641771317,0,0,0,0,0,0,0,0,0,0.325381390750408,0.306714797834698,0.306345572462305,0.258826949743814,0.236283563256673,0.257310710847378,0.249216401576996,0.303776690020011,0.303335976538559,0,0.290085352957249,0.293752142361232,0.282925397157669,0,0,0,0,0,0.351788332064946,0,0.264626443386078,0,0,0,0.292285352945328,0.309215085847037,0,0,0,0.144649208964486,0,0.166279193126794,0.274096637964249,0,0.322951507109862,0.350557773684462,0,0,0,0,0.327056672694027,0.325807126963304,0.331145701557398,0.377670798951121,0.223661371789803,0.156331199456122,0.337167019633928,0.263702052204232,0.240432138605551
0,0.427933692932129,0,0.28129215325628,0,0,0,0,0,0.144068296787874,0,0,0,0,0,0.155823972562085,0.153103414473357,0,0.301514239469041,0,0,0.143137067333976,0,0.164751424956384,0,0.157976750819122,0.217290303111076,0.171952649950981,0,0,0,0,0,0,0,0.286965072154999,0,0,0,0.296674819244233,0.277351226125445,0.252659419119507,0.246844480313906,0.258182652294636,0.265689067542553,0.294763270588148,0.2854012018833,0,0,0.312309070637352,0,0.265503495931625,0,0,0,0.243349239230156,0.32656329870224,0.364150829613209,0,0,0,0,0.270903011163076,0.287792635460695,0,0,0.148298604147775,0,0.164016941230591,0,0,0,0.33351370278332,0.325257877508799,0,0,0,0,0.311337442696095,0.312802397891095,0.335550483257052,0.334332823753357,0.202006618661326,0.13666953028354,0.308592720307354,0.263637930586718,0.252964287996292
0.230792844721249,0.282115962171385,0.222635708749294,0.26447652899302,0.201414860785007,0.262349519133568,0,0,0,0.245591466625532,0,0,0,0,0,0,0.253081309695637,0.301514239469041,0,0,0.369242191314697,0,0,0.244453929364681,0,0.370247403780619,0.207321632653475,0,0,0,0,0,0,0,0,0.254166016976039,0,0.364576369524002,0.369974322617054,0.32313812817768,0.305206393515601,0.228935530621097,0.216164182747492,0.22105227561172,0.203312570022212,0.336241542596683,0.339101532131359,0.381155550479889,0.293257239460945,0.320640602556523,0.243554176254706,0.271921498434884,0,0,0,0.221974343061447,0.318567623377692,0.357852089943157,0.250726670026779,0,0.248325608670712,0.245399847626686,0.318749643575687,0.320679770241822,0,0,0,0,0,0,0.352238787545098,0.31061340123415,0.368832297462064,0.318038603121584,0,0,0,0,0.34170012954492,0.348711033802077,0.371180212231741,0.383569535148803,0.236844622513509,0.177717382311821,0.324110851456839,0.238196762585705,0.214923935541271
0,0,0,0,0,0.181664182316689,0,0.188327774405479,0,0,0,0.129124594846489,0,0,0,0,0,0,0,0,0,0,0,0,0,0,0,0,0,0.193910464644432,0,0,0,0,0,0.146216487478126,0,0.133462640053746,0,0,0,0.25773411989212,0,0,0,0.283056393265724,0,0,0,0.290450096130371,0,0.23405871540308,0,0.208679134647051,0,0,0,0.190954877994955,0,0.391981482505798,0,0,0.177077882196641,0,0,0,0,0,0,0,0,0,0.186032444238663,0,0,0,0,0,0.181965344612088,0,0.126784577965736,0,0.163120529040154,0.223670283953349,0.245613270306161,0,0
0.365235418081284,0,0,0.205729752779007,0.189151084094536,0,0.1773877988259,0,0,0,0.122313892461145,0,0,0,0,0,0,0,0.369242191314697,0,0,0,0,0,0,0,0,0,0,0,0,0,0,0,0,0,0.160444700324984,0,0.183384788675821,0,0.177862739562988,0,0.273102444410324,0,0,0,0.249670654535294,0,0.238925473557578,0,0.224954527168147,0,0.201877734313409,0,0.248104497790337,0,0.139164669439197,0,0.289016216993332,0,0,0,0,0.205222236111834,0,0,0,0,0,0,0,0,0,0.297258973121643,0,0,0,0,0,0.191510567858768,0,0.211239300074831,0.182968101746089,0.197824781139692,0.218669735342264,0,0.317817628383636
0,0,0,0,0,0,0,0,0.309065610170364,0.317140340805054,0,0,0,0,0,0,0,0.143137067333976,0,0,0,0,0.0978694338107778,0.216082072621133,0,0.292360946314321,0,0.14552953765615,0,0,0,0,0,0,0.560497522354126,0,0,0.232978997700975,0.462691576316439,0,0,0,0,0,0,0,0,0,0.518396743706295,0.338268868639631,0,0,0,0,0.381729882955551,0.250166058540344,0,0,0,0,0,0.359903067350388,0,0,0.173680947561349,0.153318459597918,0.250609977640838,0.416504345834255,0.311318942871174,0,0.308308994911354,0,0,0,0,0,0,0,0,0,0.318086234065368,0.440917904178302,0.137560915799152,0.143237461812976,0.46528086066246,0,0
0,0,0,0,0,0,0,0,0,0,0,0,0,0,0,0,0.168619812141324,0,0,0,0,0.0978694338107778,0,0.487778335809708,0.211458630467716,0,0.131185075917909,0,0.172188393333379,0,0,0,0,0.305688142776489,0,0,0,0.428348004817963,0.185289742500838,0,0,0,0,0,0,0,0,0.429077506065369,0.150827505849591,0.397650614380836,0,0,0,0,0.335697948932648,0.393910840153694,0,0,0,0,0,0,0,0,0.399168729782104,0.182084709794661,0,0.24762250483036,0,0.284348025918007,0,0,0,0,0,0,0,0,0,0,0.365933388471603,0.22378060339131,0.149286875779408,0.18106825172137,0.267411172389984,0,0
0,0,0,0.228893488645554,0,0.23199287801981,0,0,0.40974822640419,0.176876257245357,0,0,0,0,0,0,0.170981356187871,0.164751424956384,0.244453929364681,0,0,0.216082072621133,0.487778335809708,0,0.361372992396355,0.21701571483303,0,0,0,0,0,0,0,0,0,0,0,0.17879227617697,0.525260574287838,0.34045997262001,0,0,0.223967537283897,0,0,0,0,0,0.558463245630264,0.323312227924665,0,0,0,0,0.362364778916041,0.223309074770914,0,0,0,0,0,0,0,0,0.248634610697627,0,0.208954916737514,0,0.27628565758844,0,0,0,0,0,0,0,0,0,0.286252826452255,0,0.226458479578678,0.487384647130966,0.160740089760377,0.168311685323715,0.377069100737572,0,0
0,0.36176997423172,0.18298901617527,0,0,0,0,0,0.135412603292776,0.405468553304672,0,0,0,0,0,0,0.163876991130804,0,0,0,0,0,0.211458630467716,0.361372992396355,0,0,0.235296815633774,0,0,0,0,0,0,0,0,0,0,0.422869751850764,0.16283441262052,0,0,0,0,0,0,0,0,0,0.228538932899634,0.509531199932098,0,0,0,0,0.26835544224371,0.45247158408165,0,0,0,0,0,0,0,0,0,0.230083599628415,0.42513781785965,0.228512231708953,0,0.248841017484665,0,0,0,0.234271585941315,0,0,0,0,0,0,0.437049627304077,0.213889294303954,0.163317677697965,0.3282370865345,0.378029137849808,0,0
0,0,0,0,0,0,0,0,0,0,0,0,0,0,0,0,0,0.157976750819122,0.370247403780619,0,0,0.292360946314321,0,0.21701571483303,0,0,0,0.165517002219955,0,0,0,0,0,0,0,0,0,0.325911194086075,0,0,0,0,0,0,0,0,0,0,0,0,0,0,0,0,0,0.233449228107929,0,0,0,0.151826180517673,0,0.239153295755386,0,0,0.320596238193305,0,0.246656710313538,0,0.289313173482409,0,0.349583877057865,0,0,0,0,0,0,0,0,0,0.310772120952606,0,0.152168450825041,0,0,0,0
0,0,0,0,0,0,0,0,0,0,0,0,0,0,0,0,0.157112007423732,0.217290303111076,0.207321632653475,0,0,0,0.131185075917909,0,0.235296815633774,0,0,0,0.122019608815511,0,0,0,0,0,0,0,0,0,0,0,0,0,0,0,0,0,0,0,0,0,0,0,0,0,0,0,0,0,0,0,0,0,0,0,0,0.248072216908137,0.423678338527679,0.270337131160956,0,0.142046974338207,0,0.130558631196618,0,0,0,0,0,0,0,0,0,0,0.144957934365128,0,0,0,0
0,0,0,0,0,0,0,0,0,0,0,0.130040083266795,0,0,0,0,0,0.171952649950981,0,0,0,0.14552953765615,0,0,0,0.165517002219955,0,0,0,0.148638284944613,0,0,0,0,0,0,0,0.150238075990136,0,0,0,0,0,0,0,0,0,0,0,0,0,0,0,0,0,0,0,0,0,0.175714279440316,0,0,0,0,0.153297619992181,0,0,0,0.162867445594225,0,0.165137523279993,0,0.15502705052495,0,0,0,0,0,0,0,0.165852390229702,0,0.149385646717741,0.144341206444161,0,0,0
0,0,0,0,0,0,0,0,0,0,0.174918235025623,0,0,0,0,0,0.129629641771317,0,0,0,0,0,0.172188393333379,0,0,0,0.122019608815511,0,0,0,0.120637178421021,0,0,0,0,0,0,0,0.149638729183762,0,0,0,0,0,0,0,0,0,0,0,0,0,0,0,0,0,0.181037208312875,0,0,0,0,0,0,0,0,0.219056966385447,0,0,0,0.132519379879038,0,0.185791628394227,0,0,0,0,0,0,0,0,0,0.15825398315986,0.137371718055672,0.147565947655512,0,0,0
0,0,0,0,0,0,0,0,0,0,0,0.197673576102205,0,0,0,0,0,0,0,0.193910464644432,0,0,0,0,0,0,0,0.148638284944613,0,0,0,0,0,0,0,0,0,0.15538854989521,0,0,0,0,0,0,0,0,0,0,0,0,0,0,0,0,0,0,0,0.178399150741511,0,0,0,0,0,0,0,0,0,0,0,0,0.159814952132858,0,0.17726335163036,0,0,0,0,0,0,0,0.164996815111601,0,0.202765356926691,0,0,0,0
0,0,0,0,0,0,0,0,0,0,0.151224672794342,0,0,0,0,0,0,0,0,0,0,0,0,0,0,0,0,0,0.120637178421021,0,0,0,0,0,0,0,0,0,0.165455637351136,0,0,0,0,0,0,0,0,0,0,0,0,0,0,0,0,0,0.219155272988022,0,0,0,0,0,0,0,0,0,0,0,0,0,0,0.167034755978319,0,0.19138332274225,0,0,0,0,0,0,0,0.221260403593381,0.168695196509361,0,0,0,0
0,0,0,0,0,0,0,0,0,0,0,0,0,0,0,0,0,0,0,0,0,0,0,0,0,0,0,0,0,0,0,0,0.292479605223352,0.151693567633629,0,0.158573997946131,0.457969665527344,0,0,0,0,0,0,0,0,0,0,0.512609932176543,0.548108065128326,0.57736599445343,0,0,0,0,0,0,0,0,0,0,0,0,0,0,0,0,0,0,0,0,0,0,0,0,0.180856662671293,0.420965407644549,0.202023673998682,0,0.299150519961611,0.65486772784165,0,0,0.137341807300951,0,0.347253441810608,0,0
0,0,0,0,0,0,0,0,0,0,0,0,0,0,0,0,0,0,0,0,0,0,0,0,0,0,0,0,0,0,0,0.292479605223352,0,0.148857716057036,0.437642264015534,0.153503830059313,0.172937474383248,0,0,0,0.450789633393288,0,0,0,0,0,0,0.438563262577167,0.608416259288788,0,0,0,0,0,0,0,0,0,0,0,0,0,0,0,0,0,0,0,0,0,0,0,0,0,0.416947878946369,0.259599508504376,0.197970314572255,0.431963759660721,0.527779912146238,0.254315444896388,0,0,0.324143934249878,0,0,0,0
0,0,0,0,0,0,0,0,0,0.236898577213287,0,0,0,0,0,0,0,0,0,0,0,0,0.305688142776489,0,0,0,0,0,0,0,0,0.151693567633629,0.148857716057036,0,0.1835994975805,0.181743320043164,0,0.190095394849777,0.582291854260204,0,0,0,0.419210731983185,0,0,0,0,0.411412257712213,0.631553029097044,0.281077452003956,0,0,0,0,0.526312510172526,0.216958150267601,0,0,0,0,0,0,0,0,0,0,0,0,0,0,0,0,0,0,0.175377582248889,0,0.194007205671523,0.177256641488614,0.216211326589639,0,0.226842793534283,0.348513551056385,0.175518948996371,0.171239787712693,0.686922216415405,0,0
0,0,0,0,0,0,0,0,0,0,0,0,0,0,0,0,0,0,0,0,0,0.560497522354126,0,0,0,0,0,0,0,0,0,0,0.437642264015534,0.1835994975805,0,0,0.149617836019903,0.122165591766437,0.15682064091103,0,0,0,0.279635667800903,0,0,0,0,0.27353256799743,0.233846187591553,0.370650351047516,0,0,0,0,0,0,0,0,0,0,0,0,0,0,0,0,0,0,0,0,0,0,0,0,0,0.391831018794806,0.183257364018374,0.194352577998041,0,0.176793655337289,0.140485227108002,0.191822656291596,0.227383708705505,0,0,0,0
0,0,0,0.217248983681202,0,0.216978241999944,0,0,0,0,0,0.123787570744753,0,0,0,0,0,0.286965072154999,0.254166016976039,0.146216487478126,0,0,0,0,0,0,0,0,0,0,0,0.158573997946131,0.153503830059313,0.181743320043164,0,0,0.146127550255645,0.164337817871851,0.212273614620095,0.221481268378821,0.304154843091965,0.304333451390266,0,0,0,0.221852552932753,0,0.45660146439604,0.227365219593048,0.282234248824609,0,0.248266304794111,0,0,0,0,0,0.13190533388406,0,0,0,0,0.170174394440635,0,0,0,0,0,0,0,0,0,0.28184300661087,0,0.163969424224741,0.708260039488474,0.172135428230533,0,0.186938632285879,0.209200798902871,0.208057691302389,0,0.160404192780198,0.152877273472647,0.232425701471844,0.303682774305344,0
0,0,0,0,0.198933970928192,0,0,0,0,0,0.132201196278556,0,0,0,0,0,0,0,0,0,0.160444700324984,0,0,0,0,0,0,0,0,0,0,0.457969665527344,0.172937474383248,0,0.149617836019903,0.146127550255645,0,0,0.153361717065892,0,0.319502116556753,0.382018893957138,0.343241631984711,0,0,0,0,0.500152180404783,0.24560800496536,0,0.227933995651476,0,0,0,0,0,0.13389895711657,0,0.247235164046288,0,0,0,0,0.169313944705407,0,0,0,0,0,0,0,0,0,0,0.590057909488678,0.217137232579683,0,0.166711435264704,0.221824623835392,0.176999777361938,0,0.198428157905829,0.167379733777479,0.160547846391545,0.233721563514943,0,0
0,0.230203171571096,0,0.242069471340913,0,0.226928442716599,0,0,0.349452058474223,0.172905850998665,0,0.123686125843441,0,0,0,0,0,0,0.364576369524002,0.133462640053746,0,0.232978997700975,0.428348004817963,0.17879227617697,0.422869751850764,0.325911194086075,0,0.150238075990136,0,0.15538854989521,0,0,0,0.190095394849777,0.122165591766437,0.164337817871851,0,0,0.432437181135917,0,0,0.287796646356583,0.433650252223015,0,0,0.287665908631769,0,0.545425447487101,0.660725350550243,0.341392568622148,0,0.234363824129105,0,0,0.40559203506157,0.255404908130778,0,0.15750531741004,0,0,0,0,0.230204016215695,0,0.260859996228792,0.416294554869334,0.211307946157146,0.444563105445484,0.313315847090312,0,0.315411393530667,0,0.158692231382194,0,0,0,0.185645844923888,0.149884657934308,0.205498109877174,0,0.207054486033772,0.489645831542173,0.206242460306962,0.144630069947905,0.456441417176236,0.359566748142242,0
0,0.406811237335205,0.226977106021798,0,0,0,0,0,0.134186241978949,0.39588116284679,0.130725296019501,0,0,0,0,0,0.325381390750408,0,0.369974322617054,0,0.183384788675821,0.462691576316439,0.185289742500838,0.525260574287838,0.16283441262052,0,0,0,0.149638729183762,0,0.165455637351136,0,0,0.582291854260204,0.15682064091103,0.212273614620095,0.153361717065892,0.432437181135917,0,0,0,0.319721549749374,0.212795884244972,0,0,0,0.281682417692995,0.663693787905702,0.406850830437665,0.535202496029712,0.260451100766659,0,0,0,0.221750204313974,0.403321610530838,0.147541789306422,0,0.308570250868797,0,0.268407970666885,0,0,0.257781361386243,0.495650282927922,0.184615817911655,0.531493772268295,0.172253070980141,0.468856692314148,0.200245815763871,0,0.129658415037043,0,0.169066634515057,0,0,0.192833407609551,0.17279247820464,0.209451363596854,0.220333450673234,0.51742886615796,0.20004267736377,0.223507111718386,0.318214189261198,0.369375072419643,0,0.325754255056381
0,0.328890554263042,0.334618121385574,0.249712314634096,0.311858540773392,0.255169368666761,0,0,0,0.235072463750839,0,0,0,0,0,0,0.306714797834698,0.296674819244233,0.32313812817768,0,0,0,0,0.34045997262001,0,0,0,0,0,0,0,0,0,0,0,0.221481268378821,0,0,0,0,0.325950596729914,0.30810832637026,0.273887832577412,0.331524267346073,0.248579017817974,0.260115421197799,0.335374336561252,0.247604230747503,0.276603292673826,0.228339599720905,0.330573737621307,0.262829931080341,0,0,0,0.246183712035418,0.283224850893021,0.279326772938172,0,0.292238424221675,0,0.257326760462352,0.278347718222252,0.27218621969223,0,0,0,0,0,0,0.306188523769379,0,0.313667532448706,0,0,0,0,0,0.272495591951453,0.338601189000266,0.331175508690469,0.342295904954274,0.291006852268586,0.263615331053734,0.32079886184831,0.283275963757763,0.219573795795441
0.328903044263522,0,0.287489500183326,0,0.218998236627114,0,0.16002382338047,0,0,0,0,0,0,0,0,0,0.306345572462305,0.277351226125445,0.305206393515601,0,0.177862739562988,0,0,0,0,0,0,0,0,0,0,0,0.450789633393288,0,0,0.304154843091965,0.319502116556753,0,0,0.325950596729914,0,0.273990928574845,0.284155326865451,0.285375133156776,0.325097278414065,0.337528795003891,0.314011265563198,0.606924033478687,0.273086923292313,0.337835073471069,0.251770734786987,0,0,0,0,0,0.31912530793084,0,0.278585278987885,0,0.264947026968002,0,0,0.211954931585086,0,0,0,0,0,0,0,0.274339079856873,0,0.275914184176005,0,0.396330499878296,0,0,0.339790936027254,0.27224164471291,0.374126121401787,0.323176898500499,0.308470254859352,0.297054946422577,0.282527858332892,0.281079694628716,0.277572046039682
0,0.357647525246191,0.274441057443619,0.288664674944801,0.267243236303329,0.263310173927229,0,0,0.260150782763958,0.247907490797446,0,0,0,0,0,0,0.258826949743814,0.252659419119507,0.228935530621097,0.25773411989212,0,0,0,0,0,0,0,0,0,0,0,0,0,0,0,0.304333451390266,0.382018893957138,0.287796646356583,0.319721549749374,0.30810832637026,0.273990928574845,0,0.241780839754507,0.228900470272187,0.245166646316648,0.327928381227491,0.283636772798167,0.343448387583097,0.291305057704449,0.353446538612224,0.248128342628479,0.265472836089584,0,0,0.343251615762711,0.247468217726677,0.277703136205673,0.326069777468582,0,0.270402980347474,0,0.258069185273988,0.309501377680589,0.221256718039513,0,0,0.341492086648941,0,0,0,0.325729451749636,0,0.320422257611781,0.308176875114441,0,0,0,0,0.30173705926067,0.292542178715978,0.306605657630878,0.294687688350677,0.264599727943685,0.252761968970299,0.307672465246526,0.218582936865777,0.198069721460342
0.328535218960514,0,0.269890211522579,0.253695160150528,0.260383857748447,0.25621762573719,0.274961471557617,0,0.204592378721351,0.335194021463394,0,0,0,0,0,0,0.236283563256673,0.246844480313906,0.216164182747492,0,0.273102444410324,0,0,0.223967537283897,0,0,0,0,0,0,0,0,0,0.419210731983185,0.279635667800903,0,0.343241631984711,0.433650252223015,0.212795884244972,0.273887832577412,0.284155326865451,0.241780839754507,0,0.232649464160204,0.209060323455244,0.260396547615528,0.321463638843242,0.370979392427509,0.341592506605124,0.366623094677925,0.251281178766681,0.25877320766449,0,0,0.289218639023602,0.342227483789126,0.345878701385456,0,0.29428786508463,0,0.303863129195045,0,0.321879744529724,0.279091930001871,0.484877914190292,0,0.353720217943192,0.380190163850784,0,0,0,0.325194055569991,0.262428593635559,0.285454242031735,0,0,0,0,0.284676137566566,0.293536088718884,0.304771736264229,0.290153926052153,0.308813900431363,0.231759869390064,0.282565079683216,0.210906880242484,0.204988498272191
0,0,0,0.255098447203636,0,0.249382853507996,0,0,0,0,0,0,0,0,0,0,0.257310710847378,0.258182652294636,0.22105227561172,0,0,0,0,0,0,0,0,0,0,0,0,0,0,0,0,0,0,0,0,0.331524267346073,0.285375133156776,0.228900470272187,0.232649464160204,0,0,0.346409447987874,0.250342721740405,0,0,0.27060359120369,0,0,0,0,0,0,0,0.259129166603088,0,0,0,0,0.295014074279202,0.264623582363129,0,0,0,0,0,0,0,0,0.273813560605049,0,0,0,0,0,0.315051753973139,0.324845016002655,0.305650960405668,0,0.225673818207802,0,0.325085880696227,0.226637307335349,0
0,0,0,0,0,0,0,0,0,0,0,0,0,0,0,0,0.249216401576996,0.265689067542553,0.203312570022212,0,0,0,0,0,0,0,0,0,0,0,0,0,0,0,0,0,0,0,0,0.248579017817974,0.325097278414065,0.245166646316648,0.209060323455244,0,0,0,0.358934537248504,0,0,0,0,0,0,0,0,0,0,0,0,0,0,0,0,0.28574745795306,0,0,0,0,0,0,0,0,0,0.29564580321312,0,0,0,0,0.323718339204788,0.330016571070467,0,0.321461841464043,0.240683782845736,0.223108425736427,0.285981168315328,0.20852056145668,0.221404231646482
0,0.360770240426064,0,0.234879037986199,0.31742736697197,0.232106189836155,0,0,0,0,0,0,0,0,0,0,0.303776690020011,0.294763270588148,0.336241542596683,0.283056393265724,0,0,0,0,0,0,0,0,0,0,0,0,0,0,0,0.221852552932753,0,0.287665908631769,0,0.260115421197799,0.337528795003891,0.327928381227491,0.260396547615528,0.346409447987874,0,0,0.332669613758723,0.368485003709793,0,0.280141865213712,0,0.233429918065667,0,0,0,0,0,0.264276700984141,0,0.235128369714533,0,0.240203715860844,0.265753252333087,0,0,0,0,0,0,0,0,0,0.2864773730221,0,0,0,0,0,0.260886441237592,0.292088389396667,0.293105099348389,0.317459255456924,0.285214090304409,0.295104086399078,0.251430150223267,0.310639355112525,0
0.393346321086089,0,0.280825767133917,0.265900284051895,0.264732385675112,0.253919333219528,0.206727474927902,0,0,0.316419889529546,0,0,0,0,0,0,0.303335976538559,0.2854012018833,0.339101532131359,0,0.249670654535294,0,0,0,0,0,0,0,0,0,0,0,0,0,0,0,0,0,0.281682417692995,0.335374336561252,0.314011265563198,0.283636772798167,0.321463638843242,0.250342721740405,0.358934537248504,0.332669613758723,0,0,0.243793334279742,0.281290523707867,0.245550202972749,0.337740480899811,0,0,0.236867964267731,0,0.23460017255975,0,0,0,0,0,0.302486389875412,0.245424123100475,0,0,0,0,0,0,0,0,0,0.28052038161815,0,0,0,0,0.328453952896184,0.255106723298418,0.333585936576128,0.290471555107701,0.319542293713065,0.284137348333995,0.29391488778678,0.262710597366095,0.310635019255721
0,0,0,0.283299187819163,0.266616394122442,0.272034212946892,0,0,0.467048426469167,0,0,0,0,0,0,0,0,0,0.381155550479889,0,0,0,0.429077506065369,0,0,0,0,0,0,0,0,0.512609932176543,0.438563262577167,0.411412257712213,0.27353256799743,0.45660146439604,0.500152180404783,0.545425447487101,0.663693787905702,0.247604230747503,0.606924033478687,0.343448387583097,0.370979392427509,0,0,0.368485003709793,0,0,0.52553686340081,0.461301598740465,0,0.275132864713669,0,0,0.444439957881796,0,0,0,0,0,0,0,0,0,0.404484480619431,0,0,0.552490937709808,0,0,0,0,0,0,0.547492128238786,0.453885585490148,0.284657665990232,0.268115616896573,0.497050670707263,0.516470386922062,0.467711949591027,0.438660349845886,0.439647419231661,0.253165036439896,0.462187378497431,0.303304195404053,0
0.20772120022735,0.346729576587677,0.272625239456401,0.265090721845627,0.239707393008609,0.263639632024263,0.24715027709802,0,0.152020789202183,0.388432085514069,0,0,0,0,0,0,0.290085352957249,0,0.293257239460945,0,0.238925473557578,0.518396743706295,0.150827505849591,0.558463245630264,0.228538932899634,0,0,0,0,0,0,0.548108065128326,0.608416259288788,0.631553029097044,0.233846187591553,0.227365219593048,0.24560800496536,0.660725350550243,0.406850830437665,0.276603292673826,0.273086923292313,0.291305057704449,0.341592506605124,0,0,0,0.243793334279742,0.52553686340081,0,0.403940893338984,0.24614598043263,0.25679528961579,0,0,0.164395979427277,0.377984877143587,0.294347040355206,0,0.274853929686241,0.277300804853439,0.217677367678105,0,0.313045740127563,0,0.53620719909668,0.170148488676006,0.443631917238235,0.219505884077238,0,0.217436301362449,0,0.362041107500984,0,0.331544626926638,0,0,0.714176177978516,0.32487038794414,0.232309555699085,0.322247508243989,0.674998845372881,0.324204431829914,0.438209424060624,0.250294297933578,0.299409813369252,0,0
0,0.261338735326851,0.282969936728477,0.255120284702062,0.320553511381149,0.25949776056525,0,0,0.326727598905563,0.215937005017291,0,0,0,0,0.398286104202271,0,0.293752142361232,0.312309070637352,0.320640602556523,0.290450096130371,0,0.338268868639631,0.397650614380836,0.323312227924665,0.509531199932098,0,0,0,0,0,0,0.57736599445343,0,0.281077452003956,0.370650351047516,0.282234248824609,0,0.341392568622148,0.535202496029712,0.228339599720905,0.337835073471069,0.353446538612224,0.366623094677925,0.27060359120369,0,0.280141865213712,0.281290523707867,0.461301598740465,0.403940893338984,0,0,0.273603336140513,0,0,0.398950804311496,0.254261590242386,0,0.351317852833877,0,0.324832735531157,0,0.311252473710893,0.276737534337574,0,0.32095078043925,0.308296173810959,0.245285229550468,0.436361315575513,0.313046929127765,0,0.314768819216483,0,0.369312331080437,0,0,0,0.33948573716601,0.329028844833374,0.306757436277558,0,0.342569677215634,0.492736345363988,0.377496841893403,0.268422394990921,0.366171807319643,0.309708175604994,0
0,0,0.233681085968265,0.254205048084259,0.170494352132082,0,0,0,0,0.27221691608429,0.208615567439642,0,0,0,0,0,0.282925397157669,0,0.243554176254706,0,0.224954527168147,0,0,0,0,0,0,0,0,0,0,0,0,0,0,0,0.227933995651476,0,0.260451100766659,0.330573737621307,0.251770734786987,0.248128342628479,0.251281178766681,0,0,0,0.245550202972749,0,0.24614598043263,0,0,0,0.264565236469698,0,0,0,0.244917064590796,0,0.272255111755668,0,0.213235872572866,0,0,0.290531218589858,0,0,0,0,0,0,0,0,0,0.283386529485385,0,0,0,0,0,0.262663123442938,0,0.286416025625335,0.213970508712989,0,0.271939647049535,0,0.239231839776039
0,0.267187416553497,0.256581723690033,0.241987431013727,0,0.188120441277458,0,0.183146582236366,0,0.155082225799561,0,0.209074409678578,0,0.113282378017902,0,0.189351346343756,0,0.265503495931625,0.271921498434884,0.23405871540308,0,0,0,0,0,0,0,0,0,0,0,0,0,0,0,0.248266304794111,0,0.234363824129105,0,0.262829931080341,0,0.265472836089584,0.25877320766449,0,0,0.233429918065667,0.337740480899811,0.275132864713669,0.25679528961579,0.273603336140513,0,0,0,0.257952898983458,0,0.174296341836452,0,0.241486490083237,0,0.231132891206514,0,0.217538199289058,0.282015784631802,0,0,0,0,0,0,0,0,0,0.301770708834132,0,0,0,0,0,0.264791190948175,0,0.31914784014225,0,0.198390637931314,0.19655720392863,0.304567868429846,0.256087064743042,0
0,0,0,0,0,0,0.230793827514309,0,0,0,0.213183289852695,0,0,0,0,0,0,0,0,0,0.201877734313409,0,0,0,0,0,0,0,0,0,0,0,0,0,0,0,0,0,0,0,0,0,0,0,0,0,0,0,0,0,0.264565236469698,0,0,0,0,0,0.246716251430603,0,0,0,0,0,0,0.216237234381529,0,0,0,0,0,0,0,0,0,0,0,0,0,0,0,0,0,0,0.176084656570409,0,0,0,0
0,0,0,0,0,0.254143618047237,0,0.244138215887921,0,0,0,0.153479129076004,0,0.142568510770798,0,0,0,0,0,0.208679134647051,0,0,0,0,0,0,0,0,0,0,0,0,0,0,0,0,0,0,0,0,0,0,0,0,0,0,0,0,0,0,0,0.257952898983458,0,0,0,0,0,0.238090647879834,0,0,0,0,0.211633727782302,0,0,0,0,0,0,0,0,0,0,0,0,0,0,0,0,0,0,0,0.156841198934449,0,0,0,0
0.146361953753512,0,0.168985494279436,0,0,0,0,0,0.225789345612015,0.327022093747343,0,0,0,0,0.217793560374982,0,0,0,0,0,0.248104497790337,0.381729882955551,0.335697948932648,0.362364778916041,0.26835544224371,0,0,0,0,0,0,0,0,0.526312510172526,0,0,0,0.40559203506157,0.221750204313974,0,0,0.343251615762711,0.289218639023602,0,0,0,0.236867964267731,0.444439957881796,0.164395979427277,0.398950804311496,0,0,0,0,0,0.348864890372052,0,0,0,0,0.232373729516557,0,0,0.248339176177979,0.397739616036415,0.307257562875748,0.365840000100434,0.305460166779981,0.414137929677963,0.313722491264343,0,0,0,0,0,0,0,0,0,0,0.394975072506702,0.290427496386089,0.300207482364315,0.350791722536087,0.267603829359779,0,0
0,0.167655872948029,0,0.141529063270851,0,0.164868017747289,0,0,0.329537568347795,0.225139112930485,0,0,0,0,0,0.205023497797367,0,0.243349239230156,0.221974343061447,0,0,0.250166058540344,0.393910840153694,0.223309074770914,0.45247158408165,0.233449228107929,0,0,0,0,0,0,0,0.216958150267601,0,0,0,0.255404908130778,0.403321610530838,0.246183712035418,0,0.247468217726677,0.342227483789126,0,0,0,0,0,0.377984877143587,0.254261590242386,0,0.174296341836452,0,0,0.348864890372052,0,0,0.277726898590724,0,0,0,0.211305018784157,0,0.305756658315659,0.311571292579174,0.296897172927856,0.298590496664276,0.368397758853051,0.22311998361891,0,0.279105633497238,0,0.287903813379151,0,0,0,0,0,0.276093333959579,0,0.300488423378695,0.363848575605796,0.264096218389723,0.312689620256424,0.273777232435397,0.221602395176888,0
0.342635559539,0,0.262179699327265,0,0,0,0.24764797375553,0,0.308429366350174,0,0.218616748808422,0,0,0,0,0,0.351788332064946,0.32656329870224,0.318567623377692,0,0.139164669439197,0,0,0,0,0,0,0,0.181037208312875,0,0.219155272988022,0,0,0,0,0,0.13389895711657,0,0.147541789306422,0.283224850893021,0.31912530793084,0.277703136205673,0.345878701385456,0,0,0,0.23460017255975,0,0.294347040355206,0,0.244917064590796,0,0.246716251430603,0,0,0,0,0,0.285117184385284,0,0.296481869437478,0,0,0.277323536912077,0,0,0,0,0,0,0,0.437022285482098,0,0.319059993875654,0,0,0,0,0,0.285172898215907,0,0.331327490508556,0.309541777070803,0,0.332255188253022,0,0.323132767489082
0,0.332218306321724,0,0.264251094063123,0,0.189707142011873,0,0.210471510761221,0,0,0,0.192793796658685,0,0.156920257821141,0,0,0,0.364150829613209,0.357852089943157,0.190954877994955,0,0,0,0,0,0,0,0,0,0.178399150741511,0,0,0,0,0,0.13190533388406,0,0.15750531741004,0,0.279326772938172,0,0.326069777468582,0,0.259129166603088,0,0.264276700984141,0,0,0,0.351317852833877,0,0.241486490083237,0,0.238090647879834,0,0.277726898590724,0,0,0,0.269101450271016,0,0.247263064438646,0.220576408073003,0,0.387853473424911,0,0,0,0.405557107925415,0,0.409653221627316,0,0.330003096855017,0,0,0,0,0,0.229944849523102,0.29521918296814,0.244386368564197,0,0.219487173704324,0.140360936522484,0.350364378225243,0.334707760810852,0
0,0,0.269005435261321,0,0,0,0.15956533361565,0,0.197788178920746,0,0.127051483182346,0,0.189104266365369,0,0.282259218394756,0,0.264626443386078,0,0.250726670026779,0,0.289016216993332,0,0,0,0,0,0,0,0,0,0,0,0,0,0,0,0.247235164046288,0,0.308570250868797,0,0.278585278987885,0,0.29428786508463,0,0,0,0,0,0.274853929686241,0,0.272255111755668,0,0,0,0,0,0.285117184385284,0,0,0,0.279343672780116,0,0,0.311201562484105,0,0,0,0,0,0,0,0.227195075402657,0,0.30132639833859,0,0,0,0,0,0.28310189396143,0,0.293989875912666,0.185560935421994,0.166946602910757,0.282168082601531,0,0.249767392873764
0,0.369674196166377,0,0.226205601632595,0,0,0,0.154171953422833,0,0,0,0.159516444495331,0,0.156049955126369,0,0.151189021766186,0,0,0,0.391981482505798,0,0,0,0,0,0.151826180517673,0,0.175714279440316,0,0,0,0,0,0,0,0,0,0,0,0.292238424221675,0,0.270402980347474,0,0,0,0.235128369714533,0,0,0.277300804853439,0.324832735531157,0,0.231132891206514,0,0,0,0,0,0.269101450271016,0,0,0,0.320155249156567,0.344784604651587,0,0.363513976335526,0,0,0,0.363535945139938,0,0.336564309733069,0,0.345339629579993,0,0,0,0,0,0.270863529294729,0,0.298146039247513,0,0.167672319898328,0.152700762114217,0.32338752367015,0,0
0.214513426025709,0,0.196989526351293,0,0,0,0,0,0.208423798597312,0,0,0,0,0,0.269096203148365,0,0,0,0.248325608670712,0,0,0,0,0,0,0,0,0,0,0,0,0,0,0,0,0,0,0,0.268407970666885,0,0.264947026968002,0,0.303863129195045,0,0,0,0,0,0.217677367678105,0,0.213235872572866,0,0,0,0.232373729516557,0,0.296481869437478,0,0.279343672780116,0,0,0,0,0,0,0,0,0.232155318061511,0,0.194004849183793,0,0.284305661916733,0,0.297495767474174,0,0,0,0,0,0,0,0.320547729730606,0.14777891879732,0,0.227717462927103,0,0.258982092142105
0,0.337666864196459,0,0.2299641985336,0.22607709467411,0.20073406646649,0,0,0,0.239646064268576,0,0,0,0.160000880559285,0,0.185096220290365,0,0,0.245399847626686,0,0,0.359903067350388,0,0,0,0.239153295755386,0,0,0,0,0,0,0,0,0,0,0,0,0,0.257326760462352,0,0.258069185273988,0,0,0,0.240203715860844,0,0,0,0.311252473710893,0,0.217538199289058,0,0,0,0.211305018784157,0,0.247263064438646,0,0.320155249156567,0,0,0,0,0.382923036813736,0,0.190241202712059,0,0.346636651128466,0,0.388162036339442,0,0.344275282961982,0,0,0,0,0,0,0,0.315742075443268,0,0.166541948914528,0.121719318131606,0.260641091778165,0,0
0,0,0,0.309915959835052,0,0.23176863082569,0,0.17818965559656,0,0,0,0.147125585871633,0,0,0,0,0.292285352945328,0.270903011163076,0.318749643575687,0.177077882196641,0,0,0,0,0,0,0,0,0,0,0,0,0,0,0,0.170174394440635,0,0.230204016215695,0,0.278347718222252,0,0.309501377680589,0.321879744529724,0.295014074279202,0,0.265753252333087,0.302486389875412,0,0.313045740127563,0.276737534337574,0,0.282015784631802,0,0.211633727782302,0,0,0,0.220576408073003,0,0.344784604651587,0,0,0,0,0,0,0,0,0,0,0,0,0.304727311890859,0,0,0,0,0,0.225617395182054,0,0.272979014628079,0,0.178106335596736,0.249201208353043,0.293608990946081,0,0
0,0,0,0,0.22810157094941,0,0,0,0,0,0.159672260918516,0,0,0,0,0,0.309215085847037,0.287792635460695,0.320679770241822,0,0.205222236111834,0,0,0,0,0,0,0,0,0,0,0,0,0,0,0,0.169313944705407,0,0.257781361386243,0.27218621969223,0.211954931585086,0.221256718039513,0.279091930001871,0.264623582363129,0.28574745795306,0,0.245424123100475,0,0,0,0.290531218589858,0,0.216237234381529,0,0.248339176177979,0.305756658315659,0.277323536912077,0,0.311201562484105,0,0,0,0,0,0,0,0,0,0,0,0,0,0,0.305227065949064,0,0,0,0,0.327206835150719,0.255997896500431,0,0.302348127365567,0.211058351610388,0,0.290466730579846,0,0.294858977198601
0,0,0.317896664142609,0,0,0,0,0,0.410959780216217,0,0,0,0,0,0,0,0,0,0,0,0,0.173680947561349,0.399168729782104,0.248634610697627,0,0.320596238193305,0,0.153297619992181,0,0,0,0,0,0,0,0,0,0.260859996228792,0.495650282927922,0,0,0,0.484877914190292,0,0,0,0,0.404484480619431,0.53620719909668,0.32095078043925,0,0,0,0,0.397739616036415,0.311571292579174,0,0.387853473424911,0,0.363513976335526,0,0.382923036813736,0,0,0,0,0.279689670850833,0.444591055313746,0.340264244650078,0,0.311306084221509,0,0,0,0,0,0,0,0,0,0.277461917736591,0.435411432757974,0.152428195891479,0.16136416932568,0.447582835952441,0,0
0,0,0,0,0,0,0,0,0,0,0,0,0,0,0,0,0,0,0,0,0,0.153318459597918,0.182084709794661,0,0.230083599628415,0,0.248072216908137,0,0.219056966385447,0,0,0,0,0,0,0,0,0.416294554869334,0.184615817911655,0,0,0,0,0,0,0,0,0,0.170148488676006,0.308296173810959,0,0,0,0,0.307257562875748,0.296897172927856,0,0,0,0,0,0,0,0,0,0,0,0.227589014570867,0,0.236070177258422,0,0.19310502069337,0,0,0,0,0,0,0,0,0.371237520660673,0.218121697505315,0.149119746857795,0.177706039265582,0.296062340339025,0,0
