0,0,504.552082121372,0,0,0,0,0,359.97815823555,0,0,0,0,0,0,0,14.9338836669922,0,51.816675901413,0,0,0,0,0,5.65277707576752,0,0,0,0.407695472240448,0,0,0,0,0,0,0,0,0.247979909181595,0,0,39.0011196136475,0,49.2739861905575,0,3.71924304962158,0,4.10016821324825,23.9905233830214,326.084307000041,0,8.44907507300377,0,0,0,213.277846351266,0,3.30330908298492,0,0,0,104.643738567829,0,0,8.60815514624119,0,0,0,0,0,0,0,0,0,0.907369434833527,0,0,0,0,0,218.815374717116,0,3.82806575298309,243.054949328303,1.22346222400665,377.803027763963,0,0
0,0,0,237.42043235898,0,0,0,0,0,177.399702012539,0,0,0,0,0,0,0,0,0,0,0,0,0,0,0,0,0,0,0,0,0,0,0,0,0,0,0,0.27376863360405,0,0.29755437374115,0,143.50310510397,0,0,0,0,0,8.54027290642262,1.04828800261021,315.791556358337,0,0,0,0,0,128.693750351667,0,24.7081728130579,0,31.6223682165146,0,97.7237759530544,0,0,0,0,14.7751635015011,0,0,0,0,0,0,0,0,0,0,0,0.944793045520782,0,1.49995923042297,0,372.490001797676,0.570797741413116,340.960468009114,0,0
504.552082121372,0,0,0,224.156987309456,0,0,0,222.483790189028,0,0,0,0,0,0,0,0.238985136151314,0,0.209231585264206,0,0,0,0,0,0,0,0,0,0,0,0,0,0,0.825342118740082,0,0,0,0,0,0,2.78812977671623,0,34.2833735495806,0,0,0,26.5812376141548,4.87661100924015,136.103946134448,0,107.157798886299,0,0,0,24.7225667536259,0,29.5098005086184,0,10.5160914361477,0,64.955727994442,0,0,10.0676636993885,0,0,0,0,0,0,0,0.968966007232666,0,0,0,0,0,0,0,2.44232878088951,0.169904783368111,0,298.384209632874,22.3034210801125,461.17045134306,0,0.392655342817307
0,237.42043235898,0,0,0,0,0,0,0,110.89034768939,0,0,0,0,0,0,0,0,4.77180716395378,30.5591217875481,0,0,0,0,0,0,0,0,0,0,0,0,0,0,0,4.18298169970512,0,0,0,46.1777360588312,0,157.843642666936,1.72324538230896,2.01504969596863,0,104.442911565304,0,5.7830853164196,4.76650346815586,164.537310019135,0,0,0,0,0,182.241958677769,0,8.40830667316914,0,0,0,0,30.9893937706947,0,0,0,0,0,0,0,0,0,18.4029176533222,0,0,0,0,0,109.223684445024,2.60891819000244,17.7750423699617,0,376.198394969106,13.1755466461182,1375.73354186118,1.92786949872971,0
0,0,224.156987309456,0,0,0,0,0,85.1264746785164,0,0.761879980564117,0,0,0,0,0,0,0,0.178327113389969,0,649.583437263966,0,0,0,0,0,0,0,0,0,0,0,0,0,0,0,9.59594687819481,0,0,0,15.0867765694857,0,35.1905253827572,0,0,0,54.7922997772694,0.368206799030304,36.1481755375862,0,27.4009803235531,0,0,0,1.3747327029705,0,15.8775011897087,0,33.1320877075195,0,0.977195680141449,0,0,196.005696326494,0,0,0,0,0,0,0,0,0,0.768624901771545,0,0,0,0,0,20.6052114516497,0,6.24597868323326,284.378370806575,0.69275963306427,360.59899930656,0,2.29051330685616
0,0,0,0,0,0,0,0,0,2.84942007064819,0,13.1076076626778,0,0,0,0,0,0,0,559.674613803625,0,0,0,0,0,0,0,0,0,0,0,0,0,0,0,4.80318331718445,0,0,0,0,0,0,0,0,0,2.45406055450439,0,0,0,0,0,0,0,0,0,0,0,0,0,0,0,0,63.1491813659668,0,0,0,0,0,0,0,0,0,0,0,0,0,0,0,37.3672000169754,0,0,0,35.9798662662506,0,45.7658153772354,0,0
0,0,0,0,0,0,0,0,0,0,24.1460294723511,0,0,0,0,0,0,0,0,0,25.3303417265415,0,0,0,0,0,0,0,0,0,0,0,0,0,0,0,1,0,0,0,0,0,0,0,0,0,0,0,0,0,0,0,36.5614495277405,0,0,0,0,0,0,0,0,0,0,28.538257420063,0,0,0,0,0,0,0,0,0,0,0,0,0,0,0,0,0,0,137.123369276524,0,0,0,0
0,0,0,0,0,0,0,0,0,0,0,196.782110720873,0,0,0,0,0,0,0,159.158321499825,0,0,0,0,0,0,0,0,0,0,0,0,0,0,0,0,0,0,0,0,0,0,0,0,0,0,0,0,0,0,0,0,0,0,0,0,0,1.03393590450287,0,0,0,0,0.941063106060028,0,0,0,0,0,0,0,0,0,0,0,0,0,0,0,0,0,0,0,67.4629596471786,0,0,0,0
359.97815823555,0,222.483790189028,0,85.1264746785164,0,0,0,0,0,0,0,0,0,153.307849675417,0,437.318877145648,99.2480441182852,105.558437481523,0,0,0,0,0,65.6275513470173,2.64427056908607,30.3781687617302,0,0,0,0,0,0,0,0,0,0,0,145.819288432598,3.10459592938423,1.03990924358368,0.20037516951561,31.280422642827,0,0,0.571454465389252,11.6488509625196,0,34.7724690884352,0,0.390645772218704,0,0,0,938.014121592045,0,9.34528337419033,0,2.63408151268959,0,168.214380890131,0,0.232932284474373,0.817573249340057,0,0,0,3.69727659225464,0.54492849111557,23.2477570176125,0,0,0,0,0,0,0,0,1.3938621878624,3.04073420166969,0,10.8507998585701,1241.27935957164,33.682438403368,487.575289681554,0,0
0,177.399702012539,0,110.89034768939,0,2.84942007064819,0,0,0,0,0,0,0,0,0,83.6968286037445,19.1588001549244,281.8009313941,13.4399533420801,0,0,0,0,19.9032695740461,0,5.31595093011856,0.364166170358658,0,0,0,0,0,0,0,0,0,0,33.6992591023445,0,0,0,36.2456175237894,0,0.470764875411987,0,0,0,2.81169283390045,0,21.0953485667706,0,0,0,0,0,800.982980728149,0,0,0,0,0,14.2391607761383,0.726164758205414,0,0,0,14.7237471491098,0,0,1.80523818731308,0,0,0,0,0,0,3.67050212621689,0,0,0,36.7424457967281,0,522.583980947733,0,102.88072066009,3.98887705802917,0
0,0,0,0,0.761879980564117,0,24.1460294723511,0,0,0,0,0,138.70283856988,0,0,0,0,0,0,0,385.907090127468,0,0,0,0,0,0,0,6.51462164521217,0,97.5050155818462,0,0,0,0,0,27.9732091426849,0,422.27924080193,0,0,0,0.620427757501602,0,0,0,0.557663202285767,0,0,0,0,0,12.4773129224777,0,0,0,1924.71631598473,0,5.82624459266663,0,0,0,0,36.3003824800253,0,0,0,0,0,0,0,0.27072286605835,0,112.257376432419,0,0,0,0,0,1.24278700351715,0,194.650332614779,773.168600350618,0,0.16839711368084,0,0.271788001060486
0,0,0,0,0,13.1076076626778,0,196.782110720873,0,0,0,0,0,339.275365114212,0,0,0,0,0,942.12011629343,0,0,0,0,0,0,0,3.50683808326721,0,65.141743183136,0,0,0,0,0,342.452544867992,0,577.398640781641,0,0,0,0,0,0,0,1.07056528329849,0,0,0,0,0,0,0,4.23756754398346,0,0,0,1734.24958860874,0,471.727452039719,0,0,728.155663013458,0,0,0,0,0,0,0,0,0,93.5142316818237,0,0,0,0,0,160.636262178421,0,70.7255607545376,0,380.146772235632,0,23.8050140142441,0,0
0,0,0,0,0,0,0,0,0,0,138.70283856988,0,0,0,5,0,0,0,0,0,0,0,0,0,0,0,0,0,40.4650411605835,0,0,0,0,0,0,0,0,0,0,0,0,0,0,0,0,0,0,0,0,0,0,0,0,0,0,0,293.343935787678,0,187.15580239892,0,0,0,0,0,0,0,0,0,0,0,0,27.1334309577942,0,0,0,0,0,0,0,0,0,0,100.381684839725,0,0,0,0
0,0,0,0,0,0,0,0,0,0,0,339.275365114212,0,0,0,11.4627080857754,0,0,0,0,0,0,0,0,0,0,0,8.1862998008728,0,3.69825124740601,0,0,0,0,0,0,0,0,0,0,0,0,0,0,0,0,0,0,0,0,0,0,0,0,0,0,0,0.227607265114784,0,755.947930052876,0,573.810300320387,0,0,0,0,0,0,0,0,0,0,0,0,0,0,0,0,0,0,0,0,0,40.5205676555634,0,0,0
0,0,0,0,0,0,0,0,153.307849675417,0,0,0,5,0,0,0,368.231389209628,101.932880952954,14.8444972634315,0,0,0,0,0,10.4077794551849,2.4285831451416,69.4986357688904,0,0,0,0,0,0,0,0,0,0,0,0,0,0,0.166597083210945,0,0,0,0,0,0,0,0,0.482891440391541,0,0,0,210.342219531536,0,0,0,410.039472907782,0,119.189113944769,0,0,0,0,0,0,0,0,34.0640364289284,0,170.615095019341,0,0,0,0,0,0,0.961234509944916,0,0.271300315856934,0,253.220949202776,0,0,0,0
0,0,0,0,0,0,0,0,0,83.6968286037445,0,0,0,11.4627080857754,0,0,25.9935138970613,273.595211714506,5.72303593158722,0,0,0,0,6.05546051263809,0,23.766761392355,0,0,0,0,0,0,0,0,0,0,0,0,0,0,1.73735702037811,0,0.193600118160248,0,0,0,0,0,0,0,0,1.00133538246155,0,0,2.83926892280579,49.3223069906235,0,0.740701943635941,0,22.5974636524916,0,601.269873708487,0.195571586489677,0,0,0,0,0,0,0.716057658195496,0,0,0,0,0,0,0,0,0.177345275878906,0,0,0,37.5765537917614,122.683166503906,0,0,0
14.9338836669922,0,0.238985136151314,0,0,0,0,0,437.318877145648,19.1588001549244,0,0,0,0,368.231389209628,25.9935138970613,0,12849.2654257268,4499.66968272626,0.204110503196716,0,0,0,3.59110817313194,43.7259157896042,322.868280515075,813.72951605916,0,2,0,0,0,0,0,0,0.186687484383583,0,0,0,92.5956205204129,140.799282543361,79.2979313954711,163.026948310435,12.7894005477428,5.30836744606495,10.2862355560064,38.2698562443256,0,1.8061920851469,0.78351928293705,0,0,0,0,81.2032502144575,0,5.11764290928841,0,0,0,727.548658356071,5.65936720371246,15.4080815911293,17.8267672657967,0,0,0,0,9.42369478940964,1549.47484393418,0,0,0.46778966486454,0.199393406510353,0,0,0,0,173.387092724442,357.304538957775,21.7112179100513,91.6898400187492,10868.5647033155,345.44553591311,228.329365409911,0.531815826892853,34.5963946431875
0,0,0,0,0,0,0,0,99.2480441182852,281.8009313941,0,0,0,0,101.932880952954,273.595211714506,12849.2654257268,0,6018.96414962411,0.375897407531738,0,0,0,81.0981938391924,11.2767128646374,1411.43447215855,76.5739139765501,0,0,0,0,0,0,0,0,0,0,0,0,124.230969101191,36.1260557025671,100.34800067544,46.5917301774025,18.2099581062794,0.261145263910294,6.40523327887058,10.0511382818222,0,0.670152306556702,5.80500584095716,0,0,0,0,26.9043641388416,0,2.8400377035141,0,0,0,77.2848172932863,65.5941034853458,18.4427134394646,3.98611107468605,1.36273074150085,0,1,0,52.576642036438,216.024302095175,0,0,0.831845104694366,0,0,0,0,0,205.537693805993,111.27754420042,29.9357760101557,35.3212746232748,7615.04422482848,192.963606566191,100.204482480884,3.27826149761677,5.39733213186264
51.816675901413,0,0.209231585264206,4.77180716395378,0.178327113389969,0,0,0,105.558437481523,13.4399533420801,0,0,0,0,14.8444972634315,5.72303593158722,4499.66968272626,6018.96414962411,0,1.22434094548225,0,0,0,0,2.16831853985786,97.9555435776711,30.8054630607367,0,0,0,0,0,0,0,0,0,0,0,0,927.508004970849,734.101164422929,1040.17534480244,517.575087927282,368.643640458584,18.4235457926989,42.2447177320719,140.690988689661,0,10.2360486537218,35.4614527821541,0,0,0,0,9.04871717095375,0,32.9079040288925,1.77267004549503,0,0,21.8465160131454,0,205.762236177921,163.330788329244,0,0,0,0,1.09477508068085,52.4437493383884,0,1.13804817199707,11.5049843937159,3.15854072570801,0,0,0,0,1978.22382421792,1633.03729376197,249.419100999832,395.045194804668,5436.05071800202,109.90601991117,1539.7416241318,84.7054791897535,95.7313754111528
0,0,0,30.5591217875481,0,559.674613803625,0,159.158321499825,0,0,0,942.12011629343,0,0,0,0,0.204110503196716,0.375897407531738,1.22434094548225,0,0,0,0,0,0,0,0,0,0,0,0,0,0,0,0,2242.08935666084,0,300.301739454269,0,2.15802893042564,0,6.63848926126957,0,0,0,9.6225266456604,0,0.219076409935951,0,3.47141568362713,0,0,0,0,0,0,0,20.8632154762745,0,0,0,0,792.463472664356,0,0,0,0,0,0,0,0,0,2.6849777251482,0,0,0,0,0,1624.08180004358,0,190.223642170429,0,112.893638327718,0,144.171648278832,0,0
0,0,0,0,649.583437263966,0,25.3303417265415,0,0,0,385.907090127468,0,0,0,0,0,0,0,0,0,0,0,0,0,0,0,0,0,9.60598653554916,0,8.27814091742039,0,0,0,0,0,1238.58968231082,0,719.233694091439,0,0.546726107597351,0,3.68008030951023,0,0,0,2.18539325892925,0,5.84577606618404,0,0,0,0,0,0,0,65.4732940942049,0,0,0,0,0,0,1074.31036660075,0,0,0,0,0,0,0,8.59955680370331,0,43.4706674218178,0,0,0,0,0,2640.68357998133,0,559.252466455102,757.162152290344,9.93142485618591,275.658696368337,0,0
0,0,0,0,0,0,0,0,0,0,0,0,0,0,0,0,0,0,0,0,0,0,80.5429856777191,138.132721722126,0,12.2694317102432,0,0,0,0,0,0,0,0,0,0,0,1238.36460506916,4.50351667404175,0,0,0,0,0,0,0,0,0,0,284.946095138788,0,0,0,0,0,0,0,0,0,0,0,0,0,0,4741.32982099056,27.3912764787674,6.04562437534332,0,23.30874812603,0,0,0,0,0,0,0,0,0,0,0,1020.7492685318,6.82751250267029,954.37881270051,0,0,0,0
0,0,0,0,0,0,0,0,0,0,0,0,0,0,0,0,0,0,0,0,0,80.5429856777191,0,0,43.7505630105734,0,0,0,96.4090892076492,0,0,0,0,0,0,0,0,31.8695659637451,468.357373416424,0,0,0,0,0,0,0,0,0.47429683804512,93.8832198530436,0,0,0,0,0,0,0,0,0,0,0,0,0,0,0,0,3741.18802207708,0,20.3184287250042,0,1,0,149.028881490231,0,0,0,0,0,0,0,0,0,406.754910126328,572.707267463207,49.9765956103802,1.30553388595581,0,0
0,0,0,0,0,0,0,0,0,19.9032695740461,0,0,0,0,0,6.05546051263809,3.59110817313194,81.0981938391924,0,0,0,138.132721722126,0,0,0,72.4926306605339,0,0,0,0,0,0,0,0,0,0,0,143.969259470701,0,0,0,0,0,0,0,0,0,0,0,1.8745105266571,0,0,0,0,0,0,0,0,0,0,0,0,0,0,219.758872836828,0,285.551572695374,0,50.7502200305462,0,0,0,0,0,0,0,14.6743848323822,0,0,0,153.110754713416,0,91.9000119715929,5.79702472686768,0,0,0
5.65277707576752,0,0,0,0,0,0,0,65.6275513470173,0,0,0,0,0,10.4077794551849,0,43.7259157896042,11.2767128646374,2.16831853985786,0,0,0,43.7505630105734,0,0,0,13.9971594810486,0,0,0,0,0,0,0,0,0,0,0,141.505074977875,0,0,0,0,0,0,0,0,0,2.01914417743683,0,0,0,0,0,48.179525077343,0,0,0,0,0,7.18814674019814,0,0,0,0,0.664241373538971,0,16.0068921893835,0,10.1405335664749,0,0,0,0,0,0,0,0,0,0,0,38.09510409832,42.1419262588024,1.35569632053375,34.8738062977791,0,0
0,0,0,0,0,0,0,0,2.64427056908607,5.31595093011856,0,0,0,0,2.4285831451416,23.766761392355,322.868280515075,1411.43447215855,97.9555435776711,0,0,12.2694317102432,0,72.4926306605339,0,0,2.65252731740475,0,0,0,0,0,0,0,0,0,0,0,0,5.44445046782494,1.86651998758316,1.26819956302643,1.65431234240532,0,0,0,0.190905451774597,0,0,0,0,0,0,0,1.61705929040909,0,0,0,0,0,9.6244381070137,7.15684187412262,0,0,0,0,215.513712495565,0,69.86830291152,9.85006287693977,0,0,0,0,0,0,0,0,8.45487427711487,1.17495799064636,1.24073919653893,0,233.904728010297,0,8.3264442384243,0,0
0,0,0,0,0,0,0,0,30.3781687617302,0.364166170358658,0,0,0,0,69.4986357688904,0,813.72951605916,76.5739139765501,30.8054630607367,0,0,0,0,0,13.9971594810486,2.65252731740475,0,0,0,0,0,0,0,0,0,0,0,0,0,0,1.87658476829529,0.705798506736755,0,0,0,0,0,0,0,0,0,0,0,0,4.99760952591896,0,0,0,0,0,89.9414341151714,0,0,0,0,0,0,0,0,30.8312264978886,0,170.409166455269,0,0,0,0,0,0,1.63615381717682,5.60070924460888,0,0,219.762167304754,0,0.337118983268738,0,0.780056297779083
0,0,0,0,0,0,0,0,0,0,0,3.50683808326721,0,8.1862998008728,0,0,0,0,0,0,0,0,0,0,0,0,0,0,0,1534.88289031386,0,0,0,0,0,0,0,31.1658624410629,0,0,0,0,0,0,0,0,0,0,0,0,0,0,0,0,0,0,0,0,0,105.153211116791,0,0,0,0,0,0,0,0,3,0,877.54035410285,0,107.154958665371,0,0,0,0,0,0,0,49.2481160759926,0,29.3655371665955,0,0,0,0
0.407695472240448,0,0,0,0,0,0,0,0,0,6.51462164521217,0,40.4650411605835,0,0,0,2,0,0,0,9.60598653554916,0,96.4090892076492,0,0,0,0,0,0,0,226.216052383184,0,0,0,0,0,0,0,6.62366700172424,0,0.342638686299324,0,1.1311087012291,0,0,0,1.19682431221008,0,0,0,0,0,0,0,0,0,37.1050516963005,0,64.6407302618027,0,0,0,0,29.1269591897726,0,94.9951630234718,0,0,0,0,0,2168.80767595768,0,365.932699382305,0,0,0,0,0,0,0,24.2485726475716,213.007139801979,27.4718808531761,1.0015330016613,0,0
0,0,0,0,0,0,0,0,0,0,0,65.141743183136,0,3.69825124740601,0,0,0,0,0,0,0,0,0,0,0,0,0,1534.88289031386,0,0,0,0,0,0,0,0,0,170.208310425282,0,0,0,0,0,0,0,0,0,0,0,0,0,0,0,0,0,0,0,27.3300101161003,0,20.7289078235626,0,0,0,0,0,0,0,0,0,0,956.844416022301,0,716.007959634066,0,0,0,0,0,0,0,53.4809458404779,0,24.6637443304062,0,0,0,0
0,0,0,0,0,0,0,0,0,0,97.5050155818462,0,0,0,0,0,0,0,0,0,8.27814091742039,0,0,0,0,0,0,0,226.216052383184,0,0,0,0,0,0,0,0,0,161.139023780823,0,1.64332409203053,0,2.38963955640793,0,0,0,6.46538932621479,0,1.59979332983494,0,0.799397468566895,0,0,0,0,0,93.7427999675274,0,0,0,0,0,0,52.2937783896923,0,0,0,0,0,0,0,7.58158415555954,0,293.489098340273,0,0,0,0,0,0,0,413.187568694353,11.3594599813223,0,4.84664405882359,0,0
0,0,0,0,0,0,0,0,0,0,0,0,0,0,0,0,0,0,0,0,0,0,0,0,0,0,0,0,0,0,0,0,758.810547828674,23.8854796886444,1.16459619998932,366.911080241203,0,0,0,0.305288523435593,0,0,0,0,0,0,0,892.335544109344,0,0.434059679508209,0,0,0,0,0,0,0,0,0,0,0,0,0,0,0,0,0,0,0,0,0,0,0,0,3500.90128326416,425.937131255865,58.9969564378262,29.3111706674099,1380.51828762889,55.0040440559387,0,0,702.652948051691,0,0,0,0
0,0,0,0,0,0,0,0,0,0,0,0,0,0,0,0,0,0,0,0,0,0,0,0,0,0,0,0,0,0,0,758.810547828674,0,121.719409912825,3.93887358903885,97.6430715322495,71.5808672308922,0,0,0,0,0,0,0,0,0,0,678.333302617073,0,0,0,0,0,0,0,0,0,0,0,0,0,0,0,0,0,0,0,0,0,0,0,0,0,0,258.36353713274,5109.49588796496,9.09252259135246,62.5251540243626,16.8855853974819,698.838036358356,0,0,339.80698788166,0,0,0,0
0,0,0.825342118740082,0,0,0,0,0,0,0,0,0,0,0,0,0,0,0,0,0,0,0,0,0,0,0,0,0,0,0,0,23.8854796886444,121.719409912825,0,2151.7822265327,617.24491661787,0,65.9339717030525,1.20100519061089,0,0,0,0,0,0,0,0,1708.73611359298,10.8178285211325,9.76523649692535,0,0,0,0,0,0,0,0,0,0,0,0,0,0,0,0,0,0,0,0,0,0,0,0,55.0425713956356,43.3679839372635,1828.29901279509,771.862244009972,511.35488691926,139.823040992022,351.234980612993,2.94214788079262,340.191694796085,22.4230529069901,1.9542308151722,0,0
0,0,0,0,0,0,0,0,0,0,0,0,0,0,0,0,0,0,0,0,0,0,0,0,0,0,0,0,0,0,0,1.16459619998932,3.93887358903885,2151.7822265327,0,0,495.784960359335,1.3414323925972,215.23573577404,0,0,0,0,0,0,0,0,1467.18735545874,3.80587702989578,0,0,0,0,0,0,0,0,0,0,0,0,0,0,0,0,0,0,0,0,0,0,0,0,0,0,60.6257089674473,900.097918868065,2909.15653243661,12.0222525298595,689.069249197841,1.19163864850998,364.319060787559,337.46669447422,0,0,0,0
0,0,0,4.18298169970512,0,4.80318331718445,0,0,0,0,0,342.452544867992,0,0,0,0,0.186687484383583,0,0,2242.08935666084,0,0,0,0,0,0,0,0,0,0,0,366.911080241203,97.6430715322495,617.24491661787,0,0,245.951220333576,3884.10099567473,6.73099076747894,22.7493254244328,0,2.62557733058929,0,0,0,3.54097425937653,0,353.367779910564,13.2468722760677,6.65246760845184,0,0,0,0,0,0,0,218.08682718873,0,0,0,0,1325.88509458303,0,0,0,0,0,0,0,0,0,0.263163983821869,0,103.576553106308,4.08614432811737,55.176184296608,0,10287.1090392768,19.5147488117218,702.137877553701,0,1167.08149112761,0,60.9639078378677,0,0
0,0,0,0,9.59594687819481,0,1,0,0,0,27.9732091426849,0,0,0,0,0,0,0,0,0,1238.58968231082,0,0,0,0,0,0,0,0,0,0,0,71.5808672308922,0,495.784960359335,245.951220333576,0,0,3129.39403907955,0,38.5299140661955,0,0,0,0,0,141.102778151631,349.608072459698,58.2715107053518,0,0.362388610839844,0,0,0,0,0,0,0,0,0,0,0,0,787.897859930992,0,0,0,0,0,0,0,0,0,0,0,2.5678918659687,0,33.340869680047,2.53546810150146,18455.1746570766,0,1018.80949506164,2843.07584702969,90.1110579967499,143.353558957577,0,0
0.247979909181595,0.27376863360405,0,0,0,0,0,0,0,33.6992591023445,0,577.398640781641,0,0,0,0,0,0,0,300.301739454269,0,1238.36460506916,31.8695659637451,143.969259470701,0,0,0,31.1658624410629,0,170.208310425282,0,0,0,65.9339717030525,1.3414323925972,3884.10099567473,0,0,136.480837494135,0,0,2.90687215328217,0,0,0,0,0,435.924866169691,16.7158641517162,83.3860921561718,0,0,0,0,0,0,0,1153.53176793456,0,0,0,0,56.3311604112387,0,877.217234417796,0,34.6530249714851,0,0,0,171.557802259922,0,157.193784356117,0,0,0,84.6189483702183,0,516.897554501891,0,11869.4249892235,235.980396598577,747.105450853705,8.9928947687149,206.329879879951,2.26376843452454,0
0,0,0,0,0,0,0,0,145.819288432598,0,422.27924080193,0,0,0,0,0,0,0,0,0,719.233694091439,4.50351667404175,468.357373416424,0,141.505074977875,0,0,0,6.62366700172424,0,161.139023780823,0,0,1.20100519061089,215.23573577404,6.73099076747894,3129.39403907955,136.480837494135,0,0,0.160370245575905,0,99.2641643881798,0,0,0,2.71946457028389,369.950919657946,455.210927560925,0,0,0,0,0,19.8821043968201,0,58.342552781105,0,0,0,0,0,0,78.5140928030014,0,13.1331880092621,0,131.364033341408,0,0,0,45.3788761496544,0,0,0,0,0,464.30347430706,0,1164.57464790344,0,11593.8761482686,1521.3665689081,73.0801150500774,317.346881985664,0,0
0,0.29755437374115,0,46.1777360588312,0,0,0,0,3.10459592938423,0,0,0,0,0,0,0,92.5956205204129,124.230969101191,927.508004970849,2.15802893042564,0,0,0,0,0,5.44445046782494,0,0,0,0,0,0.305288523435593,0,0,0,22.7493254244328,0,0,0,0,11.8594027236104,1871.24126868695,28.089575484395,128.332710117102,0,236.201558843255,3.67715793848038,158.40380589664,3.26440933346748,431.272217139602,0,0,0,0,0.184676304459572,0,2.08413945138454,0.983856797218323,0,0,0,0,319.593016430736,2.05501735210419,0,0,0,0,0,0,0,0,6.709781229496,0,0,0,0,0,1751.74949281663,39.1558658704162,135.59121735394,4.96887595951557,814.469052806497,0.470686331391335,1060.71355835348,63.7004200965166,3.44831585884094
39.0011196136475,0,2.78812977671623,0,15.0867765694857,0,0,0,1.03990924358368,0,0,0,0,0,0,1.73735702037811,140.799282543361,36.1260557025671,734.101164422929,0,0.546726107597351,0,0,0,0,1.86651998758316,1.87658476829529,0,0.342638686299324,0,1.64332409203053,0,0,0,0,0,38.5299140661955,0,0.160370245575905,11.8594027236104,0,20.8133410811424,1358.53673763573,1.82270446419716,22.3954263776541,0,342.359592087567,48.2697086930275,229.179091215134,0.181914731860161,6.08074767887592,0,0,0,0,0,65.674052298069,0,0,0,1.5425787717104,0,5.69803200662136,247.70008096844,0,0,0,0,0,0.41407111287117,0,2.36639481782913,0,5.73368848860264,0,0,0,0,18.7355983555317,1769.74291867763,6.46074104309082,136.202774733305,552.470555946231,0,835.512156248093,0,31.4287355840206
0,143.50310510397,0,157.843642666936,0,0,0,0,0.20037516951561,36.2456175237894,0,0,0,0,0.166597083210945,0,79.2979313954711,100.34800067544,1040.17534480244,6.63848926126957,0,0,0,0,0,1.26819956302643,0.705798506736755,0,0,0,0,0,0,0,0,2.62557733058929,0,2.90687215328217,0,1871.24126868695,20.8133410811424,0,471.598354682326,27.2731907814741,0,88.51439884305,4.33276855945587,27.407864049077,14.0584065020084,713.272791899741,0,0,0,0,0,7.42202246189117,2.37815010547638,49.2441166564822,0,0,0,0,234.812569193542,6.50705970823765,0,0,0,0,0,0,0,0,334.795503869653,0,0,0,0,0,1494.8923086673,37.5515454933047,483.237256348133,17.0990423262119,1214.976380907,1.14865960180759,3824.68671754748,560.334618166089,1.98283049464226
49.2739861905575,0,34.2833735495806,1.72324538230896,35.1905253827572,0,0,0,31.280422642827,0,0.620427757501602,0,0,0,0,0.193600118160248,163.026948310435,46.5917301774025,517.575087927282,0,3.68008030951023,0,0,0,0,1.65431234240532,0,0,1.1311087012291,0,2.38963955640793,0,0,0,0,0,0,0,99.2641643881798,28.089575484395,1358.53673763573,471.598354682326,0,0,22.4601219967008,2.69880501925945,368.948062844574,53.6518852561712,465.352414235473,6.70711578428745,10.1244955360889,0,0,0,0,0,489.226758465171,0,0,0,0,0,3.93501134216785,521.046718753874,0,0,0,0,0,0,0,10.3273388445377,0.192299634218216,13.6473607122898,0,0,0,0,25.0755570679903,1935.70762053877,2.26841720938683,234.366965040565,1189.05572957546,0,4234.27786788344,0.134408012032509,535.387605950236
0,0,0,2.01504969596863,0,0,0,0,0,0.470764875411987,0,0,0,0,0,0,12.7894005477428,18.2099581062794,368.643640458584,0,0,0,0,0,0,0,0,0,0,0,0,0,0,0,0,0,0,0,0,128.332710117102,1.82270446419716,27.2731907814741,0,0,0,19.1912231743336,0,0,0,4.0694143474102,0,0,0,0,0,0,0,2.56965856254101,0,0,0,0,10.7070909589529,0,0,0,0,0,0,0,0,0,66.5015098750591,0,0,0,0,0,205.875877454877,1.33042025566101,194.847153693438,0,39.0655336230993,0,407.646223604679,0,0
3.71924304962158,0,0,0,0,0,0,0,0,0,0,0,0,0,0,0,5.30836744606495,0.261145263910294,18.4235457926989,0,0,0,0,0,0,0,0,0,0,0,0,0,0,0,0,0,0,0,0,0,22.3954263776541,0,22.4601219967008,0,0,0,3.94703741371632,0,0,0,0,0,0,0,0,0,0.127788290381432,0,0,0,0,0,0,3.22439247369766,0,0,0,0,0,0,0,0,0,2.03927183151245,0,0,0,0,2.38621120154858,123.727029755712,0,38.2119543552399,4.05157366394997,0,38.6948462426662,0,1.18115127086639
0,0,0,104.442911565304,0,2.45406055450439,0,0,0.571454465389252,0,0,1.07056528329849,0,0,0,0,10.2862355560064,6.40523327887058,42.2447177320719,9.6225266456604,0,0,0,0,0,0,0,0,0,0,0,0,0,0,0,3.54097425937653,0,0,0,236.201558843255,0,88.51439884305,2.69880501925945,19.1912231743336,0,0,0,21.598179101944,5.08697187900543,103.63685837388,0,0,0,0,0,0,0,2.48164968192577,0,0,0,0,1367.19102475047,0,0,0,0,0,0,0,0,0,12.1495539546013,0,0,0,0,0,1391.67147500068,0.158843278884888,120.009594559669,0,59.0840354263783,0,1003.467158705,1.291952252388,0
4.10016821324825,0,26.5812376141548,0,54.7922997772694,0,0,0,11.6488509625196,0,0.557663202285767,0,0,0,0,0,38.2698562443256,10.0511382818222,140.690988689661,0,2.18539325892925,0,0,0,0,0.190905451774597,0,0,1.19682431221008,0,6.46538932621479,0,0,0,0,0,141.102778151631,0,2.71946457028389,3.67715793848038,342.359592087567,4.33276855945587,368.948062844574,0,3.94703741371632,0,0,11.3408005535603,114.110690876842,0.670286357402802,15.4792014658451,0,0,0,3.87672638893127,0,286.231268018484,0,0,0,0,0,0,697.37650988996,0,0,0,0,0,2.91992080211639,0,7.10210278630257,0,35.6615062505007,0,0,0,0,4.47630394995213,1050.86755916476,0,206.281613886356,180.020224615932,0.713216245174408,753.585798084736,0,44.2712624669075
23.9905233830214,8.54027290642262,4.87661100924015,5.7830853164196,0.368206799030304,0,0,0,0,2.81169283390045,0,0,0,0,0,0,0,0,0,0.219076409935951,0,0,0.47429683804512,0,0,0,0,0,0,0,0,892.335544109344,678.333302617073,1708.73611359298,1467.18735545874,353.367779910564,349.608072459698,435.924866169691,369.950919657946,158.40380589664,48.2697086930275,27.407864049077,53.6518852561712,0,0,21.598179101944,11.3408005535603,0,2056.87545023859,660.940090179443,2.73598064482212,0,0,0,0,0,2.71353600919247,0,0,0,0,0,1.56893467903137,6.70099173486233,0,0.271635264158249,0,0,0,0,0,2.47542618215084,1.07086551189423,0,1168.59474083781,1222.74973741174,3014.9280474931,1685.71828487515,1477.64600294828,2743.65106077492,957.883596107364,716.276977971196,837.156725719571,0.96290510892868,731.180807799101,3.89381009340286,0
326.084307000041,1.04828800261021,136.103946134448,4.76650346815586,36.1481755375862,0,0,0,34.7724690884352,0,0,0,0,0,0,0,1.8061920851469,0.670152306556702,10.2360486537218,0,5.84577606618404,0,93.8832198530436,0,2.01914417743683,0,0,0,0,0,1.59979332983494,0,0,10.8178285211325,3.80587702989578,13.2468722760677,58.2715107053518,16.7158641517162,455.210927560925,3.26440933346748,229.179091215134,14.0584065020084,465.352414235473,0,0,5.08697187900543,114.110690876842,2056.87545023859,0,53.1203772425652,13.6343669146299,0,0,0,14.579805880785,0,49.6788305789232,0,1.33802863955498,0,9.30548572540283,0,0.36075085401535,89.2675492614508,0,183.134709402919,0,164.203549385071,0,16.2114435136318,0,280.742174372077,0.711465001106262,16.3427144885063,0,3.30553677678108,36.0311354547739,23.7682712376118,51.0492599010468,638.438917152584,33.7793527543545,1531.17790903151,965.366754248738,1.9358983039856,2081.07877389342,0,1.37645024061203
0,315.791556358337,0,164.537310019135,0,0,0,0,0,21.0953485667706,0,0,0,0,0,0,0.78351928293705,5.80500584095716,35.4614527821541,3.47141568362713,0,284.946095138788,0,1.8745105266571,0,0,0,0,0,0,0,0.434059679508209,0,9.76523649692535,0,6.65246760845184,0,83.3860921561718,0,431.272217139602,0.181914731860161,713.272791899741,6.70711578428745,4.0694143474102,0,103.63685837388,0.670286357402802,660.940090179443,53.1203772425652,0,0,0,0,0,0,21.2195847928524,0,142.614091649652,0,36.4118751883507,0,16.0419098436832,55.6910519897938,0,174.202270641923,0,15.7353413105011,0,0,0,168.462407618761,0,256.993856072426,0,2.26504012942314,0,3.41757309436798,0.85985404253006,364.805004455149,4.40004223585129,444.322466611862,0.228529870510101,341.492742240429,0,1752.90282467008,61.2566200494766,0.75131094455719
8.44907507300377,0,107.157798886299,0,27.4009803235531,0,0,0,0.390645772218704,0,0,0,0,0,0.482891440391541,0,0,0,0,0,0,0,0,0,0,0,0,0,0,0,0.799397468566895,0,0,0,0,0,0.362388610839844,0,0,0,6.08074767887592,0,10.1244955360889,0,0,0,15.4792014658451,2.73598064482212,13.6343669146299,0,0,0,0,0,57.1832525134087,0,66.9923881441355,0,48.4011064767838,0,6.19721972942352,0,0,11.8698819577694,0,0,0,0,0,0,0,0,0,1.36688840389252,0,0,0,0,0,6.77600185573101,0,1.961416259408,3.94816026836634,0,142.106792986393,0,0
0,0,0,0,0,0,0,0,0,0,0,0,0,0,0,1.00133538246155,0,0,0,0,0,0,0,0,0,0,0,0,0,0,0,0,0,0,0,0,0,0,0,0,0,0,0,0,0,0,0,0,0,0,0,0,0,0,0,0,0,0,0,0,0,0,0,0,0,0,0,0,0,0,0,0,0,0,0,0,0,0,0,0,0,0,0,0,0,0,0
0,0,0,0,0,0,36.5614495277405,0,0,0,12.4773129224777,0,0,0,0,0,0,0,0,0,0,0,0,0,0,0,0,0,0,0,0,0,0,0,0,0,0,0,0,0,0,0,0,0,0,0,0,0,0,0,0,0,0,0,0,0,190.082228779793,0,0,0,0,0,0,0,0,0,0,0,0,0,0,0,0,0,0,0,0,0,0,0,0,0,74.9717845916748,0,0,0,0
0,0,0,0,0,0,0,0,0,0,0,4.23756754398346,0,0,0,0,0,0,0,0,0,0,0,0,0,0,0,0,0,0,0,0,0,0,0,0,0,0,0,0,0,0,0,0,0,0,0,0,0,0,0,0,0,0,0,0,0,0,0,0,0,0,0,0,0,0,0,0,0,0,0,0,0,0,0,0,0,0,0,0,0,0,0,0,0,0,0
213.277846351266,0,24.7225667536259,0,1.3747327029705,0,0,0,938.014121592045,0,0,0,0,0,210.342219531536,2.83926892280579,81.2032502144575,26.9043641388416,9.04871717095375,0,0,0,0,0,48.179525077343,1.61705929040909,4.99760952591896,0,0,0,0,0,0,0,0,0,0,0,19.8821043968201,0.184676304459572,0,0,0,0,0,0,3.87672638893127,0,14.579805880785,0,57.1832525134087,0,0,0,0,0,5.12000462412834,0,14.6970811784267,0,159.176607549191,0,0,0.614077746868134,0,0,0,49.4297733604908,0,10.5068725049496,0,0,0,0,0,0,0,0,0,0,0,9.47547654807568,89.95499317348,0,82.2851694226265,0,0
0,128.693750351667,0,182.241958677769,0,0,0,0,0,800.982980728149,0,0,0,0,0,49.3223069906235,0,0,0,0,0,0,0,0,0,0,0,0,0,0,0,0,0,0,0,0,0,0,0,0,0,7.42202246189117,0,0,0,0,0,0,0,21.2195847928524,0,0,0,0,0,0,0,0,0,0,0,0.972244203090668,0,0,0,0,397.915328130126,0,0,0,0,0,0,0,0,0,0,0,0,0,0.16992212831974,0,20.6013962775469,0,156.082187622786,0,0
3.30330908298492,0,29.5098005086184,0,15.8775011897087,0,0,0,9.34528337419033,0,1924.71631598473,0,293.343935787678,0,0,0,5.11764290928841,2.8400377035141,32.9079040288925,0,65.4732940942049,0,0,0,0,0,0,0,37.1050516963005,0,93.7427999675274,0,0,0,0,0,0,0,58.342552781105,2.08413945138454,65.674052298069,2.37815010547638,489.226758465171,0,0.127788290381432,0,286.231268018484,2.71353600919247,49.6788305789232,0,66.9923881441355,0,190.082228779793,0,5.12000462412834,0,0,0,140.785563647747,0,52.7945967912674,0,0,1731.56366093457,0,0,0,0,0,0,0,443.502147018909,0,412.061931699514,0,0,0,0,0.948348820209503,81.5794383585453,0,18.8432394862175,173.018004842103,0,887.061830356717,0,46.4758637845516
0,24.7081728130579,0,8.40830667316914,0,0,0,1.03393590450287,0,0,0,1734.24958860874,0,0.227607265114784,0,0.740701943635941,0,0,1.77267004549503,20.8632154762745,0,0,0,0,0,0,0,0,0,27.3300101161003,0,0,0,0,0,218.08682718873,0,1153.53176793456,0,0.983856797218323,0,49.2441166564822,0,2.56965856254101,0,2.48164968192577,0,0,0,142.614091649652,0,0,0,0,0,0,0,0,0,52.3885705024004,0,30.2959409803152,474.538090854883,0,0,0,0,0,0,0,40.4286712408066,0,751.103944331408,0,0,0,0,0,8.57806973159313,0,93.2034208476543,0,105.507304675877,0,1308.93494161963,19.9273972213268,0
0,0,10.5160914361477,0,33.1320877075195,0,0,0,2.63408151268959,0,5.82624459266663,0,187.15580239892,0,410.039472907782,0,0,0,0,0,0,0,0,0,0,0,0,0,64.6407302618027,0,0,0,0,0,0,0,0,0,0,0,0,0,0,0,0,0,0,0,1.33802863955498,0,48.4011064767838,0,0,0,14.6970811784267,0,140.785563647747,0,0,0,114.125363320112,0,0,0,0,0,0,0,0,124.654392927885,0,90.3766771554947,0,0,0,0,0,0,0,0,0,0,2.22224152088165,0,9.5093834400177,0,0
0,31.6223682165146,0,0,0,0,0,0,0,0,0,471.727452039719,0,755.947930052876,0,22.5974636524916,0,0,0,0,0,0,0,0,0,0,0,105.153211116791,0,20.7289078235626,0,0,0,0,0,0,0,0,0,0,0,0,0,0,0,0,0,0,0,36.4118751883507,0,0,0,0,0,0,0,52.3885705024004,0,0,0,106.537134289742,0,0,0,0,0,0,0,0,0,0,0,0,0,0,0,0,0,0,0,0,5.54576730728149,44.041570186615,0,0,0
104.643738567829,0,64.955727994442,0,0.977195680141449,0,0,0,168.214380890131,0,0,0,0,0,119.189113944769,0,727.548658356071,77.2848172932863,21.8465160131454,0,0,0,0,0,7.18814674019814,9.6244381070137,89.9414341151714,0,0,0,0,0,0,0,0,0,0,0,0,0,1.5425787717104,0,0,0,0,0,0,0,9.30548572540283,0,6.19721972942352,0,0,0,159.176607549191,0,52.7945967912674,0,114.125363320112,0,0,0,0,0,0,0,0,0,0,63.6325325965881,0,0,0,0,0,0,0,0,0,2.64364910125732,1.40614700317383,0,237.814340859652,0,1.97007250785828,0,0
0,97.7237759530544,0,0,0,0,0,0,0,14.2391607761383,0,0,0,573.810300320387,0,601.269873708487,5.65936720371246,65.5941034853458,0,0,0,0,0,0,0,7.15684187412262,0,0,0,0,0,0,0,0,0,0,0,0,0,0,0,0,0,0,0,0,0,0,0,16.0419098436832,0,0,0,0,0,0.972244203090668,0,30.2959409803152,0,106.537134289742,0,0,0,0,0,0,0,0,1,0,0,0,0,0,0,0,0,0,0,0,0,0,3.42048573493958,0,0,0,0
0,0,0,30.9893937706947,0,63.1491813659668,0,0.941063106060028,0.232932284474373,0.726164758205414,0,728.155663013458,0,0,0,0.195571586489677,15.4080815911293,18.4427134394646,205.762236177921,792.463472664356,0,0,0,0,0,0,0,0,0,0,0,0,0,0,0,1325.88509458303,0,56.3311604112387,0,319.593016430736,5.69803200662136,234.812569193542,3.93501134216785,10.7070909589529,0,1367.19102475047,0,1.56893467903137,0.36075085401535,55.6910519897938,0,0,0,0,0,0,0,474.538090854883,0,0,0,0,0,0,0,0,0,0,0,0,1.48596057295799,0,66.6608993262053,0,0,0,0,0,2880.81334925443,2.00354424864054,1223.63440479338,2.42379522323608,391.98956823349,0,1676.12468895316,0.277455538511276,0
8.60815514624119,0,10.0676636993885,0,196.005696326494,0,28.538257420063,0,0.817573249340057,0,36.3003824800253,0,0,0,0,0,17.8267672657967,3.98611107468605,163.330788329244,0,1074.31036660075,0,0,0,0,0,0,0,29.1269591897726,0,52.2937783896923,0,0,0,0,0,787.897859930992,0,78.5140928030014,2.05501735210419,247.70008096844,6.50705970823765,521.046718753874,0,3.22439247369766,0,697.37650988996,6.70099173486233,89.2675492614508,0,11.8698819577694,0,0,0,0.614077746868134,0,1731.56366093457,0,0,0,0,0,0,0,0,0,0,0,0,0,0,65.561036631465,0,265.201161563396,0,0,0,0,4.01784937083721,4376.44727990776,0,939.628602772951,302.486031591892,1.88670039176941,1130.05173373967,0,33.2763479053974
0,0,0,0,0,0,0,0,0,0,0,0,0,0,0,0,0,1.36273074150085,0,0,0,4741.32982099056,0,219.758872836828,0,0,0,0,0,0,0,0,0,0,0,0,0,877.217234417796,0,0,0,0,0,0,0,0,0,0,0,174.202270641923,0,0,0,0,0,0,0,0,0,0,0,0,0,0,0,0,84.0498228669167,0,118.69738034904,0,147.817372351885,0,0,0,0,0,0,0,0,0,203.837350472808,0,506.315910309553,0,0,0,0
0,0,0,0,0,0,0,0,0,0,0,0,0,0,0,0,0,0,0,0,0,27.3912764787674,3741.18802207708,0,0.664241373538971,0,0,0,94.9951630234718,0,0,0,0,0,0,0,0,0,13.1331880092621,0,0,0,0,0,0,0,0,0.271635264158249,183.134709402919,0,0,0,0,0,0,0,0,0,0,0,0,0,0,0,0,0,0,14.0784023702145,0,427.572319626808,0,163.241212010384,0,0,0,0,0,0,0,0,0,213.271094039083,107.189811080694,0,0,0,0
0,14.7751635015011,0,0,0,0,0,0,0,14.7237471491098,0,0,0,0,0,0,0,1,0,0,0,6.04562437534332,0,285.551572695374,0,215.513712495565,0,0,0,0,0,0,0,0,0,0,0,34.6530249714851,0,0,0,0,0,0,0,0,0,0,0,15.7353413105011,0,0,0,0,0,397.915328130126,0,0,0,0,0,0,0,0,84.0498228669167,0,0,0,90.5046520382166,0,0,0,0,0,0,0,2.56154230237007,0,0,0,88.5003907829523,0,0,0,1.26898232102394,0,0
0,0,0,0,0,0,0,0,3.69727659225464,0,0,0,0,0,0,0,0,0,0,0,0,0,20.3184287250042,0,16.0068921893835,0,0,0,0,0,0,0,0,0,0,0,0,0,131.364033341408,0,0,0,0,0,0,0,0,0,164.203549385071,0,0,0,0,0,49.4297733604908,0,0,0,0,0,0,0,0,0,0,14.0784023702145,0,0,0,0,0,0,0,0,0,0,0,0,0,0,0,55.5044394135475,0,0,11.0027120709419,0,0
0,0,0,0,0,0,0,0,0.54492849111557,0,0,0,0,0,0,0,9.42369478940964,52.576642036438,1.09477508068085,0,0,23.30874812603,0,50.7502200305462,0,69.86830291152,0,3,0,0,0,0,0,0,0,0,0,0,0,0,0,0,0,0,0,0,0,0,0,0,0,0,0,0,0,0,0,0,0,0,0,1,0,0,118.69738034904,0,90.5046520382166,0,0,0,16.8212378174067,0,0,0,0,0,0,0,0,0,0,0,15.0532967448235,0,0,0,0
0,0,0,0,0,0,0,0,23.2477570176125,1.80523818731308,0,0,0,0,34.0640364289284,0.716057658195496,1549.47484393418,216.024302095175,52.4437493383884,0,0,0,1,0,10.1405335664749,9.85006287693977,30.8312264978886,0,0,0,0,0,0,0,0,0,0,0,0,0,0.41407111287117,0,0,0,0,0,2.91992080211639,0,16.2114435136318,0,0,0,0,0,10.5068725049496,0,0,0,124.654392927885,0,63.6325325965881,0,0,0,0,427.572319626808,0,0,0,0,0,130.065604567528,0,0,0,0,0,0,0.130204901099205,2.16636389493942,0,1.16236558556557,304.267924875021,0,2.90585434436798,0,0
0,0,0,0,0,0,0,0,0,0,0,0,0,0,0,0,0,0,0,0,0,0,0,0,0,0,0,877.54035410285,0,956.844416022301,0,0,0,0,0,0,0,171.557802259922,0,0,0,0,0,0,0,0,0,0,0,168.462407618761,0,0,0,0,0,0,0,40.4286712408066,0,0,0,0,1.48596057295799,0,147.817372351885,0,0,0,16.8212378174067,0,0,0,152.566640734673,0,0,0,0,0,0,0,38.3947365880013,0,0,0,31.6871430277824,0,0
0,0,0.968966007232666,0,0,0,0,0,0,0,0.27072286605835,0,27.1334309577942,0,170.615095019341,0,0,0,1.13804817199707,0,8.59955680370331,0,149.028881490231,0,0,0,170.409166455269,0,2168.80767595768,0,7.58158415555954,0,0,0,0,0,0,0,45.3788761496544,0,2.36639481782913,0,10.3273388445377,0,0,0,7.10210278630257,2.47542618215084,280.742174372077,0,0,0,0,0,0,0,443.502147018909,0,90.3766771554947,0,0,0,0,65.561036631465,0,163.241212010384,0,0,0,130.065604567528,0,0,0,488.400034204125,0,0,0,0,0,1.18071758747101,0,585.109200894833,96.03543163836,1.56955379247665,23.8463922291994,0,4.46305540204048
0,0,0,18.4029176533222,0,0,0,0,0,0,0,93.5142316818237,0,0,0,0,0.46778966486454,0.831845104694366,11.5049843937159,2.6849777251482,0,0,0,0,0,0,0,107.154958665371,0,716.007959634066,0,0,0,0,0,0.263163983821869,0,157.193784356117,0,6.709781229496,0,334.795503869653,0.192299634218216,66.5015098750591,0,12.1495539546013,0,1.07086551189423,0.711465001106262,256.993856072426,0,0,0,0,0,0,0,751.103944331408,0,0,0,0,66.6608993262053,0,0,0,0,0,0,0,152.566640734673,0,0,0,0,0,0,0,14.9625819027424,2.4441032409668,298.539293795824,0,61.755954220891,0.873181641101837,1255.3067189008,74.4716927111149,0
0.907369434833527,0,0,0,0.768624901771545,0,0,0,0,0,112.257376432419,0,0,0,0,0,0.199393406510353,0,3.15854072570801,0,43.4706674218178,0,0,0,0,0,0,0,365.932699382305,0,293.489098340273,0,0,0,0,0,0,0,0,0,5.73368848860264,0,13.6473607122898,0,2.03927183151245,0,35.6615062505007,0,16.3427144885063,0,1.36688840389252,0,0,0,0,0,412.061931699514,0,0,0,0,0,0,265.201161563396,0,0,0,0,0,0,0,488.400034204125,0,0,0,0,0,0,0,9.47134969383478,0,518.044738531113,6.89865626394749,0,20.1953513771296,0,1.68913745880127
0,0,0,0,0,0,0,0,0,0,0,0,0,0,0,0,0,0,0,0,0,0,0,0,0,0,0,0,0,0,0,3500.90128326416,258.36353713274,55.0425713956356,0,103.576553106308,0,0,0,0,0,0,0,0,0,0,0,1168.59474083781,0,2.26504012942314,0,0,0,0,0,0,0,0,0,0,0,0,0,0,0,0,0,0,0,0,0,0,0,0,0,160.562687128782,789.382886916399,0,96.3691558539867,1.89819866418839,0,0,456.417660802603,0,0,0,0
0,0,0,0,0,0,0,0,0,0,0,0,0,0,0,0,0,0,0,0,0,0,0,0,0,0,0,0,0,0,0,425.937131255865,5109.49588796496,43.3679839372635,60.6257089674473,4.08614432811737,2.5678918659687,0,0,0,0,0,0,0,0,0,0,1222.74973741174,3.30553677678108,0,0,0,0,0,0,0,0,0,0,0,0,0,0,0,0,0,0,0,0,0,0,0,0,0,160.562687128782,0,3.32774233818054,951.967159077525,3.7977434694767,90.2457820177078,0,0,509.40478348732,0,0,0,0
0,0,0,0,0,0,0,0,0,3.67050212621689,0,0,0,0,0,0,0,0,0,0,0,0,0,14.6743848323822,0,0,0,0,0,0,0,58.9969564378262,9.09252259135246,1828.29901279509,900.097918868065,55.176184296608,0,84.6189483702183,0,0,0,0,0,0,0,0,0,3014.9280474931,36.0311354547739,3.41757309436798,0,0,0,0,0,0,0,0,0,0,0,0,0,0,0,0,2.56154230237007,0,0,0,0,0,0,0,789.382886916399,3.32774233818054,0,54.4590384066105,1152.40366786718,73.89434248209,823.405306756496,3.67290736734867,847.971383109689,6.39024466276169,5.56015415489674,0,0
0,0,0,0,0,0,0,0,0,0,0,0,0,0,0,0,0,0,0,0,0,0,0,0,0,0,0,0,0,0,0,29.3111706674099,62.5251540243626,771.862244009972,2909.15653243661,0,33.340869680047,0,464.30347430706,0,0,0,0,0,0,0,0,1685.71828487515,23.7682712376118,0.85985404253006,0,0,0,0,0,0,0,0,0,0,0,0,0,0,0,0,0,0,0,0,0,0,0,0,0,951.967159077525,54.4590384066105,0,8.02551078796387,228.590779706836,1.28600540757179,425.061590537429,268.380695194006,0,2.99076655507088,0,0
0,0.944793045520782,0,109.223684445024,0,37.3672000169754,0,0,1.3938621878624,0,0,160.636262178421,0,0,0.961234509944916,0.177345275878906,173.387092724442,205.537693805993,1978.22382421792,1624.08180004358,0,0,0,0,0,8.45487427711487,1.63615381717682,0,0,0,0,1380.51828762889,16.8855853974819,511.35488691926,12.0222525298595,10287.1090392768,2.53546810150146,516.897554501891,0,1751.74949281663,18.7355983555317,1494.8923086673,25.0755570679903,205.875877454877,2.38621120154858,1391.67147500068,4.47630394995213,1477.64600294828,51.0492599010468,364.805004455149,0,0,0,0,0,0,0.948348820209503,8.57806973159313,0,0,0,0,2880.81334925443,4.01784937083721,0,0,0,0,0,0.130204901099205,0,0,14.9625819027424,0,96.3691558539867,3.7977434694767,1152.40366786718,8.02551078796387,0,53.9474615454674,2152.83600956202,8.05499120056629,2361.64525930583,4.66849638521671,2184.07333856076,86.9868312478065,2.16880965232849
