0,0,7.30161643028259,0,0,0,0,0,52.4613118767738,0,0,0,0,0,0,0,4.5787598490715,0,79.1414751112461,0,0,0,0,0,0,0,0,0,0,0,0,0,0,0,0,0,0,0,0,0,0,0,163.423251107335,0,0,0,1.10546588897705,1.32128146290779,58.2958184927702,0,0,0,0,0,0,0,3.20921212434769,0,2.77414554357529,0,3.29520481824875,0,0,0,0,0,0,0,0,0,0,0,0,6.3969447016716,0,0,0,0,0,4.97978535294533,0,0.93868625164032,120.952298536897,0,549.440833315253,0,0
0,0,0,93.5682485699654,0,15.9180793762207,0,0,0,615.360830426216,0,0,0,0,0,0,0,0,46.3929826915264,0,0,0,0,0,0,0,0,0,0,0,0,0,0,0,0,0,0,0,0,3.21153879165649,0,755.233364194632,0,0,0,1.72775986790657,0,0,0,180.018309772015,0,0,0,0,0,1000.29204586148,0,5.93871475756168,0,0,0,35.9503387212753,2.29096129536629,0,0,0,0,0,0,0,0.333634346723557,0,36.8539315462112,0,0,0,0,0,47.2579108178616,0,15.0231462717056,0,286.921636343002,0,257.5863802284,30.8935229927301,0
7.30161643028259,0,0,0,160.132313728333,0,0,0,45.8236050605774,0,0.274185359477997,0,0,0,0,0,0,0,0,0,0,0,0,0,0,0,0,0,0,0,0,0,0,0,0,1.92563113570213,1.46838521957397,0,0,0,9.25873596221209,0,59.5884750634432,0,0,0,8.18701329827309,0.259480804204941,267.503085792065,0,130.709013432264,0,0,0,83.761166125536,0,35.7231647372246,0,5.13396751880646,0,164.934217751026,0,0,3.63700625300407,0,0,0,0,0,0,0,0,0,82.1023472547531,0,0,0,0,0,11.0397254228592,0,6.93009802699089,123.61346167326,0.277789384126663,643.895397819579,0,18.0944048017263
0,93.5682485699654,0,0,0,720.172082871199,0,0,0,170.777543008327,0,0,0,0,0,0.567196011543274,0,0,0.480097204446793,12.5435093939304,0,0,0,0,0,0,0,0,0,0,0,0,0,0,0,6.34318807721138,2.68838477134705,0,0,29.1166115254164,0,181.770589604974,0.173553660511971,0.596971929073334,0,11.6144196689129,0.163746580481529,0,5.92954510450363,89.5792052894831,0,241.800154715776,0,0,0,1280.62942287326,0,112.511738136411,0,14.0839845538139,0,577.482170879841,0.720363587141037,0,0,0,0,0,0,0,0,0,390.933271825314,0,0,0,0,0,6.65712913870811,0,9.46671931445599,0,454.775980442762,0.992396950721741,586.952253639698,30.1006166040897,0
0,0,160.132313728333,0,0,0,171.337906956673,0,0.59303867816925,0,0,0,40.4075435400009,0,3.44853228330612,0,0,0,0,0,28.2234557271004,0,0,0,0,0,0,0,0,0,0,0,0,0,0,0,36.5775960683823,0,0,0,5.66427838802338,0,34.3874125033617,0,0,0,0,0,18.8544639796019,0,626.871517390013,0,14.8498473167419,0,0,0,12.5640815496445,0,36.5400235652924,0,88.7254157662392,0,0,25.5093492269516,0,0,0,0,0,0,0,0,0,0.986866921186447,0,0,0,0,0,1.24546182155609,0,1.58656406402588,1004.35007414222,27.8184694796801,389.543744951487,0,13.4635280370712
0,15.9180793762207,0,720.172082871199,0,0,0,139.157782137394,0,0,0,0,0,5.19370651245117,0,39.9814012050629,0,0,0,132.238486230373,0,0,0,0,0,0,0,0,0,0,0,0,0,0,0,50.0508635342121,0,0,0,6.96161603927612,0,35.1317546218634,0,0,0,1.51036009192467,0,0,2.92559242248535,9.40886707603931,0,3120.08215525746,0,83.6784363985062,0,0,0,34.0729623287916,0,2.4142484664917,0,0,3.90708959102631,0,0,0,0,0,0,0,0,0,74.0021152496338,0,0,0,0,0,7.26779080927372,0,0.224248200654984,0,4413.95348101854,48.6305511593819,370.686257943511,0.766563653945923,0
0,0,0,0,171.337906956673,0,0,0,0,0,0,0,55.3235030174255,0,0,0,0,0,0,0,44.7697330117226,0,0,0,0,0,0,0,0,0,0,0,0,0,0,0,0,0,0,0,0,0,0,0,0,0,0,0,0,0,13.6997375488281,0,203.804154515266,0,0,0,0,0,78.095160484314,0,1.56100618839264,0,0,5.59821134805679,0,0,0,0,0,0,0,0,0,0,0,0,0,0,0,0,0,0,254.389456152916,283.393500566483,0,0,0
0,0,0,0,0,139.157782137394,0,0,0,0,0,2,0,250.575072288513,0,0,0,0,0,2,0,0,0,0,0,0,0,0,0,0,0,0,0,0,0,0,0,0,0,0,0,0,0,0,0,0,0,0,0,0,0,544.769231528044,0,1098.04563862085,0,0,0,0,0,446.633400440216,0,0,0,0,0,0,0,0,0,0,0,0,0,0,0,0,0,0,0,0,0,0,1117.22551488876,75.85269510746,0,0,0
52.4613118767738,0,45.8236050605774,0,0.59303867816925,0,0,0,0,0,0,0,0,0,0,0,0,0,0,0,0,0,0,0,0,0,0,0,0,0,0,0,0,0,0,0,0,0,14.8246521055698,0,0,0,0,0,0,0,0,0,2.69351509213448,0,0,0,0,0,1069.11715343595,0,0,0,0,0,0,0,0,0,0,0,0,0,0,0,0,0,0,0,0,0,0,0,0,0,0,12.3471636772156,360.849768832326,0,20.6447191536427,0,0.258306056261063
0,615.360830426216,0,170.777543008327,0,0,0,0,0,0,0,0,0,0,0,665.482901930809,0,0,0,0,0,0,0,11.406186580658,0,0,0,0,0,0,0,0,0,0,0,0.506754279136658,0,24.9006261825562,0,0.764753878116608,0,33.5552434921265,0,0,0,0,0,0,0,2.39461487531662,0,0,0,0,0,1245.84120151401,0,14.4809728264809,0,0,0,156.019083619118,0,0,0,0,0,0,106.821710586548,0,0,0,49.8233730643988,0,0,0,0,0,0,0,1.45307326316833,0,3622.23698118329,16.6505620479584,43.9557735025883,1.58949813246727,0
0,0,0.274185359477997,0,0,0,0,0,0,0,0,0,0,0,0,0,0,0,2.8065339922905,0,25.5870923399925,0,0,0,0,0,0,0,0,0,0,0,0,0,0,0,4,0,125.429149150848,0,0.580901250243187,0,0.802545845508575,0,0,0,10.5744899511337,0,0,0,0,0,0,0,0,0,1.55385756492615,0,0,0,0,0,0,9.69566550850868,0,0,0,0,0,0,0,0,0,1.64368915557861,0,0,0,0,0,0,0,22.5584578514099,5.78999589383602,0,18.883461818099,0,0
0,0,0,0,0,0,0,2,0,0,0,0,0,0,0,0,0,0,0,562.504122912884,0,0,0,0,0,0,0,0,0,0,0,0,0,0,0,6.16488680243492,0,591.144975781441,0,0,0,0,0,0,0,0,0,0,0,0,0,5.20939934253693,0,0,0,0,0,833.16316139698,0,13.0290372371674,0,0,47.5937070846558,0,0,0,0,0,0,0,0,0,0,0,0,0,0,0,2.59657096862793,0,16.9479042291641,0,124.884803324938,0,2.04242226481438,0,0
0,0,0,0,40.4075435400009,0,55.3235030174255,0,0,0,0,0,0,0,10.2099560499191,0,0,0,0,0,0,0,0,0,0,0,0,0,0,0,0,0,0,0,0,0,0,0,0,0,0,0,0,0,0,0,0,0,0,0,6.71718394756317,0,39.8131526708603,0,0,0,0,0,212.071579456329,0,5.65385580062866,0,0,0,0,0,0,0,0,0,0,0,0,0,0,0,0,0,0,0,0,0,0,0,0,0,0
0,0,0,0,0,5.19370651245117,0,250.575072288513,0,0,0,0,0,0,0,0,0,0,0,0,0,0,0,0,0,0,0,0,0,0,0,0,0,0,0,0,0,0,0,0,0,0,0,0,0,0,0,0,0,0,0,99.5051190853119,0,0,0,0,0,0,0,1066.58521050215,0,0,0,0,0,0,0,0,0,0,0,0,0,0,0,0,0,0,0,0,0,0,464.755506515503,46.7628021240234,0,0,0
0,0,0,0,3.44853228330612,0,0,0,0,0,0,0,10.2099560499191,0,0,0,104.108334824443,0,0,0,0,0,0,0,0,0,0,0,0,0,0,0,0,0,0,0,0,0,0,0,0,0,0,0,0,0,0,0,0,0,19.341688990593,0,0,0,0.424123018980026,0,0,0,0,0,0.811686098575592,0,0,0,0,0,0,0,0,0,0,0,0,0,0,0,0,0,0,0,0,0,50.4358700811863,67.5813808739185,0,0,0
0,0,0,0.567196011543274,0,39.9814012050629,0,0,0,665.482901930809,0,0,0,0,0,0,0,0,0,0,0,0,0,0,0,1,0,0,0,0,0,0,0,0,0,0,0,0,0,0,0,0,0,0,0,0,0,0,0,1.76097160577774,0,0,0,0,0,63.3052868843079,0,0,0,0,0,14.6329960823059,0,0,0,0,0,0,1,0,0,0,0,0,0,0,0,0,0,0,0,0,1009.84532731771,115.124937772751,0,0,0
4.5787598490715,0,0,0,0,0,0,0,0,0,0,0,0,0,104.108334824443,0,0,16270.0724842399,6828.9838237986,0,1.14223907887936,0,0,0,0,0,263.933849468827,0,6.46427312493324,0,0,0,0,0,0,2.44578315317631,16.7499435245991,1.45346440374851,8.3119647949934,78.2265608683228,98.3565959557891,42.8832928389311,193.743911504745,1.31372816860676,0,124.241761006415,118.380244858563,0,0,0,0,0,0,0,0,0,11.9937463700771,2.91964155435562,0,0,0,0,23.6217351555824,62.0402621477842,0,0,0,0,0,0,0,0,5.63477049767971,120.269672736526,0,0,0,0,271.428164973855,864.623893879354,84.3327994868159,330.439396090806,13943.9642727971,812.854211896658,470.04591588676,6.2241348773241,83.1511998176575
0,0,0,0,0,0,0,0,0,0,0,0,0,0,0,0,16270.0724842399,0,9151.41746036708,0,0,58.5197334587574,0,0,0,224.514683127403,0,1,0,0,0,0,0,0,0,4.48819136619568,1.5157123208046,0,0.320866763591766,44.1009726971388,34.6980143487453,45.2284694314003,43.2580000907183,0,0,57.9372272342443,52.3602602258325,0,0,0,0,0,0,0,0,0,0,0.392225116491318,0,0,0,0,8.55893859267235,19.6376059725881,47.0452342033386,0,0,0,0,0,0,0,3.41886015236378,18.1795739084482,0,0,0,0,158.481038421392,183.394870579243,35.1151834502816,46.8713477700949,15493.6464764029,290.841283738613,156.007582716644,18.7503050491214,20.5488973110914
79.1414751112461,46.3929826915264,0,0.480097204446793,0,0,0,0,0,0,2.8065339922905,0,0,0,0,0,6828.9838237986,9151.41746036708,0,1.21450757980347,5.37907230854034,1.59010446071625,0,0,0,0,0,0,0,0,0,0,0,0,0,48.5828801840544,41.8710018545389,11.0791427493095,10.6729116737843,1077.59936468303,480.045488148928,1232.34045086801,835.216107733548,25.5997288227081,0,1247.68086762726,1234.75576126575,0,5.63074749708176,6.26045109331608,0,0,0,0,0,0,23.2202463671565,224.740410596132,0,0,0,0,296.069784075022,415.078979626298,0,0,0,0,0,0,0,0,514.848850414157,198.666964061558,0,0,0,0,4275.79689808935,4408.08374707401,1722.54821015149,797.202158495784,5483.95572088659,0.272217184305191,3821.28574048728,575.76110291481,314.626102358103
0,0,0,12.5435093939304,0,132.238486230373,0,2,0,0,0,562.504122912884,0,0,0,0,0,0,1.21450757980347,0,0,0,0,0,0,0,0,0,0,0,0,0,0,0,0,668.921294540167,0,603.544719159603,0,0,0,0,0,0,0,17.9309756159782,0,0,0,0,0,83.1443114280701,0,0,0,0.468347370624542,0,379.477959662676,0,0,0,0.492561310529709,828.054155468941,0,0,0,0,0,0,0,0,0,1.29946929216385,0,0,0,0,0,270.498682409525,0,16.5390568971634,0,357.244553655386,0,134.443086981773,0,0
0,0,0,0,28.2234557271004,0,44.7697330117226,0,0,0,25.5870923399925,0,0,0,0,0,1.14223907887936,0,5.37907230854034,0,0,0,0,0,0,0,0,0,0,0,0,0,0,0,0,0,273.802832722664,0,40.687059879303,0,0,0,0.453285813331604,0,0,0,24.5695298910141,0,0,0,34.8287460803986,0,0,0,0,0,7.79391939938068,0,0,0,0,0,0,216.621343821287,0,0,0,0,0,0,0,0,0,5.44358432292938,0,0,0,0,0,29.5238851308823,0,3.06838774681091,269.707192927599,0,85.49239975214,0,0
0,0,0,0,0,0,0,0,0,0,0,0,0,0,0,0,0,58.5197334587574,1.59010446071625,0,0,0,1,102.096866846085,0,0,0,0,0,0,0,0,0,0,0,0,0,1536.15546867251,0,0,0,0,0,0,0,0,0,0,0,89.8738535642624,0,0,0,0,0,0,0,0,0,0,0,0,0,0,50.1461016237736,0,19.9224381446838,0,0,0,0,0,0,0,0,0,0,0,0,0,378.023561477661,0,261.932298928499,1,7.46842560172081,0,0
0,0,0,0,0,0,0,0,0,0,0,0,0,0,0,0,0,0,0,0,0,1,0,0,11,0,0,0,6,0,0,0,0,0,0,0,0,0,453.278588294983,0,0,0,0,0,0,0,0,0,127.512233570218,0,0,0,0,0,0,0,0,0,0,0,0,0,0,0,0,442.158383488655,0,0,0,0,0,0,0,0,0,0,0,0,0,0,0,518.208377107978,46.8812503814697,0,10.2995017170906,0,0
0,0,0,0,0,0,0,0,0,11.406186580658,0,0,0,0,0,0,0,0,0,0,0,102.096866846085,0,0,0,170.148633480072,0,0,0,0,0,0,0,0,0,0,0,115.642271339893,0,0,0,0,0,0,0,0,0,0,0,0,0,0,0,0,0,100.221359670162,0,0,0,0,0,0,0,0,23.3631813526154,0,145.392254829407,0,143.541295140982,0,0,0,0,0,0,0,0,0,0,0,104.455245316029,0,22.7402058839798,0,11.5576627850533,0,0
0,0,0,0,0,0,0,0,0,0,0,0,0,0,0,0,0,0,0,0,0,0,11,0,0,0,139.348501443863,0,0,0,0,0,0,0,0,0,0,0,32.5659314095974,0,0,0,0,0,0,0,0,0,1.67965811491013,0,0,0,0,0,4.48740780353546,0,0,0,0,0,0,0,0,0,0,0,0,153.392373979092,0,108.069572210312,0,0,0,0,0,0,0,0,0,0,0,7.99392542243004,1,0,13.0009122490883,0,0
0,0,0,0,0,0,0,0,0,0,0,0,0,0,0,1,0,224.514683127403,0,0,0,0,0,170.148633480072,0,0,0,0,0,0,0,0,0,0,0,0,0,0,0,0,0,0,0,0,0,0,0,0,0,0,0,0,0,0,0,0,0,0,0,0,0,0,0,0,88.9081377983093,0,6.48698043823242,0,0,0,0,0,0,0,0,0,0,0,0,0,0,0,0,0,0,0,0
0,0,0,0,0,0,0,0,0,0,0,0,0,0,0,0,263.933849468827,0,0,0,0,0,0,0,139.348501443863,0,0,0,0,0,0,0,0,0,0,0,0,0,0,0,0,0,0,0,0,0,0,0,0,0,0,0,0,0,0,0,0,0,0,0,0,0,0,0,0,1,0,6.83407998085022,0,0,0,1,0,0,0,0,0,0,0,0,0,0,32.2148597687483,0.606402158737183,0,0,0
0,0,0,0,0,0,0,0,0,0,0,0,0,0,0,0,0,1,0,0,0,0,0,0,0,0,0,0,0,0,0,0,0,0,0,0,0,0,0,0,0,0,0,0,0,0,0,0,0,0,0,0,0,0,0,0,0,0,0,0,0,0,0,0,0,0,0,0,0,0,0,0,0,0,0,0,0,0,0,0,0,0,3,18,0,0,0
0,0,0,0,0,0,0,0,0,0,0,0,0,0,0,0,6.46427312493324,0,0,0,0,0,6,0,0,0,0,0,0,0,0,0,0,0,0,0,0,0,0,0,0,0,0,0,0,0,0,0,0,0,0,0,0,0,0,0,0,0,0,0,0,0,0,0,0,0,0,0,0,0,0,0,0,0,0,0,0,0,0,0,0,0,2.80683761835098,0,0,0,0
0,0,0,0,0,0,0,0,0,0,0,0,0,0,0,0,0,0,0,0,0,0,0,0,0,0,0,0,0,0,0,0,0,0,0,0,0,0,0,0,0,0,0,0,0,0,0,0,0,0,0,0,0,0,0,0,0,0,0,0,0,0,0,0,0,0,0,0,0,0,0,0,0,0,0,0,0,0,0,0,0,0,0,0,0,0,0
0,0,0,0,0,0,0,0,0,0,0,0,0,0,0,0,0,0,0,0,0,0,0,0,0,0,0,0,0,0,0,0,0,0,0,0,0,0,0,0,0,0,0,0,0,0,0,0,0,0,0,0,0,0,0,0,0,0,0,0,0,0,0,0,0,0,0,0,0,0,0,0,0,0,0,0,0,0,0,0,0,0,0,0,0,0,0
0,0,0,0,0,0,0,0,0,0,0,0,0,0,0,0,0,0,0,0,0,0,0,0,0,0,0,0,0,0,0,0,10.0796509385109,58.8817895054817,0,464.655373930931,2.13686800003052,0,0,0,0,0,0,0,0,0,0,2041.0153324306,0,0,0,0,0,0,0,0,0,0,0,0,0,0,0,0,0,0,0,0,0,0,0,0,0,0,2181.84163093567,54.4629169106483,206.98027831316,0,1041.62176448107,15.5761984586716,0,0,252.62602776289,0,0,0,0
0,0,0,0,0,0,0,0,0,0,0,0,0,0,0,0,0,0,0,0,0,0,0,0,0,0,0,0,0,0,0,10.0796509385109,0,0,6.07906079292297,0,32.3944664001465,0,0,0,0,0,0,0,0,0,0,911.144945025444,0,0,0,0,0,0,0,0,0,0,0,0,0,0,0,0,0,0,0,0,0,0,0,0,0,0,18.9375925660133,581.461832642555,0,2.28977525234222,1.26626074314117,40.2728037834167,0,0,100.530870437622,0,0,0,0
0,0,0,0,0,0,0,0,0,0,0,0,0,0,0,0,0,0,0,0,0,0,0,0,0,0,0,0,0,0,0,58.8817895054817,0,0,0,11,0,17.9747039675713,0,0,0,0,0,0,0,0,0,1059.1799364984,0,1.33018672466278,0,0,0,0,0,0,0,0,0,0,0,0,0,0,0,0,0,0,0,0,0,0,0,0,59.9948547780514,0,858.127506256104,0,25.1308672428131,0,62.8940231502056,0,0,0,0,0,0
0,0,0,0,0,0,0,0,0,0,0,0,0,0,0,0,0,0,0,0,0,0,0,0,0,0,0,0,0,0,0,0,6.07906079292297,0,0,0,82.0054161548615,0,25.0240510702133,0,0,0,0,0,0,0,0,3077.31303882599,0,0,0,0,0,0,0,0,0,0,0,0,0,0,0,0,0,0,0,0,0,0,0,0,0,0,0,3.72393465042114,2,448.4795358181,0,1.23909378051758,0,22.8369624912739,55.9728413820267,0,0,0,0
0,0,1.92563113570213,6.34318807721138,0,50.0508635342121,0,0,0,0.506754279136658,0,6.16488680243492,0,0,0,0,2.44578315317631,4.48819136619568,48.5828801840544,668.921294540167,0,0,0,0,0,0,0,0,0,0,0,464.655373930931,0,11,0,0,770.446183860302,408.532975435257,0,1.78957651555538,0,7.54073296487331,0,0.225046396255493,0,20.6282606348395,4.15181787312031,271.009172677994,9.64214861392975,6.47219812870026,0,41.3057066202164,0,0,0,2.03823280334473,3.04691624641418,11.8952938318253,0,0,0,0.302073955535889,572.781643301249,0,0,0,0,0,0,0,0,0,1.07824337482452,1.1586320400238,445.561157107353,4.01714330911636,3,0,11559.3041546568,550.423027023673,147.732767373323,0.304504871368408,6721.03350636363,1408.12105055153,293.348532058299,15.4534719288349,0.168239831924438
0,0,1.46838521957397,2.68838477134705,36.5775960683823,0,0,0,0,0,4,0,0,0,0,0,16.7499435245991,1.5157123208046,41.8710018545389,0,273.802832722664,0,0,0,0,0,0,0,0,0,0,2.13686800003052,32.3944664001465,0,82.0054161548615,770.446183860302,0,0,389.04071483016,0,2.41996157169342,1.2998378276825,36.8815508261323,0,0,0,4.81639261543751,91.4755603075027,1.81608478724957,0,4.19947159290314,0,0,0,0,0,13.1497310400009,0,0,0,0,0,0,43.6163139641285,0,0,0,0,0,0,0,0,0,0,0,100.74192917347,0,61.2349805533886,16.7935883402824,4062.93087145686,2.38038659095764,38.363540738821,3968.88512728363,839.674934029579,57.9592607244849,0,13.3692274391651
0,0,0,0,0,0,0,0,0,24.9006261825562,0,591.144975781441,0,0,0,0,1.45346440374851,0,11.0791427493095,603.544719159603,0,1536.15546867251,0,115.642271339893,0,0,0,0,0,0,0,0,0,17.9747039675713,0,408.532975435257,0,0,0,0,0,6.08439628779888,0.123602941632271,0,0,40.6595289707184,0,265.710204124451,0,866.727546691895,0,0,0,0,0,10.507674485445,0,113.809236228466,0,0,0,0,132.07609885931,0,443.697868108749,0,281.115598201752,0,0,0,0,0,95.6770340204239,0,0,0,3.63191199302673,0,1105.19451956451,0,3407.11911083758,0,220.697594575584,0,540.455036282539,1.80569338798523,0
0,0,0,0,0,0,0,0,14.8246521055698,0,125.429149150848,0,0,0,0,0,8.3119647949934,0.320866763591766,10.6729116737843,0,40.687059879303,0,453.278588294983,0,32.5659314095974,0,0,0,0,0,0,0,0,0,25.0240510702133,0,389.04071483016,0,0,0,0.19759039580822,0,5.83030107617378,0,0,0,21.7889662981033,35.3163841366768,396.399018019438,0,0,0,0,0,93.0984248816967,0,0,0,0,0,0,0,0,132.592465609312,0,113.119946092367,0,99.9012007415295,0,0,0,0.727084517478943,0,0,0,0,0,7.88211289048195,1.64183795452118,51.0117313116789,0,3980.15587154031,280.562774568796,0,203.292763411999,0,10.8032287359238
0,3.21153879165649,0,29.1166115254164,0,6.96161603927612,0,0,0,0.764753878116608,0,0,0,0,0,0,78.2265608683228,44.1009726971388,1077.59936468303,0,0,0,0,0,0,0,0,0,0,0,0,0,0,0,0,1.78957651555538,0,0,0,0,3.40594629943371,4313.27321023494,2.88961873203516,1.90966907143593,0,395.8973351717,21.8371135443449,0,0,236.547144755721,0,1.33287718892097,0,0,0,0.468608021736145,0,16.2936524301767,0,0,0,0,243.379001706839,3.46870397031307,0,0,0,0,0,0,0,0,32.8390293866396,0.732361793518066,0,0,0,0,224.089286848903,37.7717004716396,52.8333193808794,4.99821232259274,508.272416032851,0.525167658925056,3955.24382854998,246.899544298649,0.523738503456116
0,0,9.25873596221209,0,5.66427838802338,0,0,0,0,0,0.580901250243187,0,0,0,0,0,98.3565959557891,34.6980143487453,480.045488148928,0,0,0,0,0,0,0,0,0,0,0,0,0,0,0,0,0,2.41996157169342,0,0.19759039580822,3.40594629943371,0,2.57810970395803,2290.68973752856,0,50.2548313289881,3.85315532982349,290.9561830163,20.3938825726509,275.147347301245,0,2.86049263179302,0,0,0,3.59195449948311,0,19.3180952221155,0.136812478303909,0,0,0.128995031118393,0,1.5647955685854,180.988679915667,0,0,0,0,0,0,0,1.34822005033493,0,19.0792656838894,0,0,0,0,7.55873391032219,863.24683945626,0,52.7221179753542,271.529876247048,2.49376258254051,1197.7353117913,0.133660390973091,56.2405968904495
0,755.233364194632,0,181.770589604974,0,35.1317546218634,0,0,0,33.5552434921265,0,0,0,0,0,0,42.8832928389311,45.2284694314003,1232.34045086801,0,0,0,0,0,0,0,0,0,0,0,0,0,0,0,0,7.54073296487331,1.2998378276825,6.08439628779888,0,4313.27321023494,2.57810970395803,0,630.268928818405,5.11275951564312,0,714.923037424684,6.20986329764128,6.23868069052696,2.46330398321152,1141.23333515227,0,0,0,0,0,24.9457255601883,0,195.425193056464,0,0,0,1.93165248632431,227.857741102576,2.22651951014996,0,0,0,0,0,0,0,0,874.776204705238,0.202787950634956,0,0,0,0,1982.3266338855,21.0857794284821,314.768682092428,1.59302478283644,2689.65853442997,3.05819165706635,4861.45532933623,676.664316624403,0.635038837790489
163.423251107335,0,59.5884750634432,0.173553660511971,34.3874125033617,0,0,0,0,0,0.802545845508575,0,0,0,0,0,193.743911504745,43.2580000907183,835.216107733548,0,0.453285813331604,0,0,0,0,0,0,0,0,0,0,0,0,0,0,0,36.8815508261323,0.123602941632271,5.83030107617378,2.88961873203516,2290.68973752856,630.268928818405,0,0.169645741581917,22.9394269883633,15.6653921231627,1428.03762418032,28.1457208395004,298.71173286438,0.637246787548065,3.51958535611629,0,0,0,14.040587157011,0,343.408981412649,0.343072503805161,10.1228131949902,0,14.8835179358721,0,0.890168160200119,673.944059222937,0,0,0,0,0,0,0,0.193817421793938,0.114148207008839,232.12831646204,0,0,0,0,9.48626955598593,3093.4143281877,1.37732134014368,488.67478364706,1917.47187896818,4.87089136242867,4908.67182804644,0.94153168797493,1378.36030600965
0,0,0,0.596971929073334,0,0,0,0,0,0,0,0,0,0,0,0,1.31372816860676,0,25.5997288227081,0,0,0,0,0,0,0,0,0,0,0,0,0,0,0,0,0.225046396255493,0,0,0,1.90966907143593,0,5.11275951564312,0.169645741581917,0,0,0.860707432031631,0,0,0,0,0,0,0,0,0,0,0,1.11025547981262,0,0,0,0,0.380906611680984,0,0,0,0,0,0,0,0,0,1.33298236131668,0,0,0,0,0,20.6957830935717,0,38.1665985733271,0,62.9124912619591,0,19.4903987199068,0,0
0,0,0,0,0,0,0,0,0,0,0,0,0,0,0,0,0,0,0,0,0,0,0,0,0,0,0,0,0,0,0,0,0,0,0,0,0,0,0,0,50.2548313289881,0,22.9394269883633,0,0,0,96.0749767273664,0,0,0,0,0,0,0,0,0,0,0,0,0,0,0,0,30.5513747483492,0,0,0,0,0,0,0,0,0,0,0,0,0,0,0,68.2247551456094,0,0,2.38582667708397,0,21.4748289436102,0,0
0,1.72775986790657,0,11.6144196689129,0,1.51036009192467,0,0,0,0,0,0,0,0,0,0,124.241761006415,57.9372272342443,1247.68086762726,17.9309756159782,0,0,0,0,0,0,0,0,0,0,0,0,0,0,0,20.6282606348395,0,40.6595289707184,0,395.8973351717,3.85315532982349,714.923037424684,15.6653921231627,0.860707432031631,0,0,28.9419332072139,0,0,11.7097148001194,0,0,0,0,0,0,0,45.0107551515102,0,0,0,0,3430.14880058169,9.75068038702011,0,0,0,0,0,0,0,0,67.8804900050163,2.46580523252487,0,0,0,0,2842.00806680322,53.7256424352527,1406.60648332536,3.59710366278887,481.668893687427,0,1165.43669023365,41.1901137903333,1.07364264130592
1.10546588897705,0,8.18701329827309,0.163746580481529,0,0,0,0,0,0,10.5744899511337,0,0,0,0,0,118.380244858563,52.3602602258325,1234.75576126575,0,24.5695298910141,0,0,0,0,0,0,0,0,0,0,0,0,0,0,4.15181787312031,4.81639261543751,0,21.7889662981033,21.8371135443449,290.9561830163,6.20986329764128,1428.03762418032,0,96.0749767273664,28.9419332072139,0,2.37531185150146,12.4075467884541,0,1.36461555957794,0,0,0,0,0,163.564834684134,0.215274587273598,0,0,0,0,2.58096504211426,2003.89542201161,0,0,0,0,0,0,0,3.00450401008129,0,201.66290512681,0,0,0,0,27.9306737557054,3845.68423879892,5.98835816979408,539.163394585252,838.075698196888,0.495035037398338,1232.55178570002,3.01400345563889,10.7653116434813
1.32128146290779,0,0.259480804204941,0,0,0,0,0,0,0,0,0,0,0,0,0,0,0,0,0,0,0,0,0,0,0,0,0,0,0,0,2041.0153324306,911.144945025444,1059.1799364984,3077.31303882599,271.009172677994,91.4755603075027,265.710204124451,35.3163841366768,0,20.3938825726509,6.23868069052696,28.1457208395004,0,0,0,2.37531185150146,0,4858.78534853458,6759.45547521114,0,0,0,0,0,0,0.706668853759766,0,0,0,0,0,0,0,0,0,0,0,0,0,0,0,0,0,1898.21958005428,1939.34826433659,367.593438774347,1848.63825398684,215.311390280724,6222.47538772225,2.59142071008682,2.20913177728653,3060.81981876493,0,1850.33914193511,0,0
58.2958184927702,0,267.503085792065,5.92954510450363,18.8544639796019,2.92559242248535,0,0,2.69351509213448,0,0,0,0,0,0,0,0,0,5.63074749708176,0,0,0,127.512233570218,0,1.67965811491013,0,0,0,0,0,0,0,0,0,0,9.64214861392975,1.81608478724957,0,396.399018019438,0,275.147347301245,2.46330398321152,298.71173286438,0,0,0,12.4075467884541,4858.78534853458,0,299.757304787636,7.65944586694241,0.374031543731689,0,0,5.93456795811653,0,12.3355289548635,0,0,0,1.09528213739395,0,2.40842533111572,7.97374269366264,0,35.310810893774,0,93.8568190038204,0,62.9850209951401,0,50.1829670667648,0.722561150789261,215.331032186747,0,8.72752404212952,0,97.8624356389046,3.38743901252747,2921.99815420061,0,1197.75648732483,1484.90330943465,4.15411125123501,1779.76310353726,0.307298183441162,7.23730801045895
0,180.018309772015,0,89.5792052894831,0,9.40886707603931,0,0,0,2.39461487531662,0,0,0,0,0,1.76097160577774,0,0,6.26045109331608,0,0,89.8738535642624,0,0,0,0,0,0,0,0,0,0,0,1.33018672466278,0,6.47219812870026,0,866.727546691895,0,236.547144755721,0,1141.23333515227,0.637246787548065,0,0,11.7097148001194,0,6759.45547521114,299.757304787636,0,0,0,0,0,0,76.2423423528671,0,84.9246617853642,0,18.3309326171875,0,181.262416094542,2.98415140807629,0,37.0754403173923,0,15.4740752875805,0,249.948703020811,0,180.580406144261,0,357.68471455574,0,0,1.54840588569641,0,0,145.199319168925,23.3531472682953,618.594042435288,0,1423.85072258115,0.949629306793213,2368.8637047708,105.02468764782,0
0,0,130.709013432264,0,626.871517390013,0,13.6997375488281,0,0,0,0,0,6.71718394756317,0,19.341688990593,0,0,0,0,0,34.8287460803986,0,0,0,0,0,0,0,0,0,0,0,0,0,0,0,4.19947159290314,0,0,0,2.86049263179302,0,3.51958535611629,0,0,0,1.36461555957794,0,7.65944586694241,0,0,0,0,0,0,0,180.074089735746,0,4.94659668207169,0,203.930242836475,0,0,47.6578997671604,0,0,0,0,0,0,0,0,0,0,0,0,0,0,0,15.0164862275124,0,0,596.298263654113,0.424500703811646,643.682489559054,0,0
0,0,0,241.800154715776,0,3120.08215525746,0,544.769231528044,0,0,0,5.20939934253693,0,99.5051190853119,0,0,0,0,0,83.1443114280701,0,0,0,0,0,0,0,0,0,0,0,0,0,0,0,41.3057066202164,0,0,0,1.33287718892097,0,0,0,0,0,0,0,0,0.374031543731689,0,0,0,0,223.931480526924,0,5.14325618743896,0,220.149414181709,0,267.567180633545,0,4.29420614242554,12.6323666274548,0,0,0,0,0,0,0,0,0,1.75310495495796,0,0,0,0,0,24.0407407283783,0,0,0,1478.49805217981,5.27219891548157,307.513962298632,0,0
0,0,0,0,14.8498473167419,0,203.804154515266,0,0,0,0,0,39.8131526708603,0,0,0,0,0,0,0,0,0,0,0,0,0,0,0,0,0,0,0,0,0,0,0,0,0,0,0,0,0,0,0,0,0,0,0,0,0,0,0,0,0,0,0,0,0,5.05093348026276,0,0,0,0,0,0,0,0,0,0,0,0,0,0,0,0,0,0,0,0,0,0,0,315.01782989502,8.01506042480469,0,0,0
0,0,0,0,0,83.6784363985062,0,1098.04563862085,0,0,0,0,0,0,0,0,0,0,0,0,0,0,0,0,0,0,0,0,0,0,0,0,0,0,0,0,0,0,0,0,0,0,0,0,0,0,0,0,0,0,0,223.931480526924,0,0,0,0,0,104.63649392128,0,24.2426333427429,0,0,0,0,0,0,0,0,0,0,0,0,0,0,0,0,0,0,0,0,0,0,492.738469064236,6.97881484031677,0,0,0
0,0,83.761166125536,0,0,0,0,0,1069.11715343595,0,0,0,0,0,0.424123018980026,0,0,0,0,0,0,0,0,0,4.48740780353546,0,0,0,0,0,0,0,0,0,0,0,0,0,93.0984248816967,0,3.59195449948311,0,14.040587157011,0,0,0,0,0,5.93456795811653,0,0,0,0,0,0,0,0.408439725637436,0,0,0,0,0,0,0,0,0,0,220.428033590317,0,0,0,0,0,0,0,0,0,0,0,0.692495346069336,0,568.486880660057,50.9872786998749,0.326322823762894,74.2148349881172,0,8.08643653988838
0,1000.29204586148,0,1280.62942287326,0,0,0,0,0,1245.84120151401,0,0,0,0,0,63.3052868843079,0,0,0,0.468347370624542,0,0,0,100.221359670162,0,0,0,0,0,0,0,0,0,0,0,2.03823280334473,0,10.507674485445,0,0.468608021736145,0,24.9457255601883,0,0,0,0,0,0,0,76.2423423528671,0,5.14325618743896,0,0,0,0,0,9.55422002077103,0,0,0,486.574929893017,0.406278133392334,0,0,0,602.431842595339,0,0,0,0,0,37.1664736270905,0,0,0,0,0,0,0,14.6325056254864,0,291.092876553535,0,23.7862604558468,8.22173553705215,0
3.20921212434769,0,35.7231647372246,0,12.5640815496445,0,0,0,0,0,1.55385756492615,0,0,0,0,0,11.9937463700771,0,23.2202463671565,0,7.79391939938068,0,0,0,0,0,0,0,0,0,0,0,0,0,0,3.04691624641418,13.1497310400009,0,0,0,19.3180952221155,0,343.408981412649,0,0,0,163.564834684134,0.706668853759766,12.3355289548635,0,180.074089735746,0,0,0,0.408439725637436,0,0,0,3.68272238969803,0,1.22158852219582,0,0,1145.39733876288,0,0,0,0,0,0,0,522.462968528271,0,269.102259665728,0,0,0,0,0.869918897747993,13.9447541683912,0.119142629206181,0.279356509447098,53.8469983637333,0,1138.89652079344,0,31.036860331893
0,5.93871475756168,0,112.511738136411,0,34.0729623287916,0,0,0,14.4809728264809,0,833.16316139698,0,0,0,0,2.91964155435562,0.392225116491318,224.740410596132,379.477959662676,0,0,0,0,0,0,0,0,0,0,0,0,0,0,0,11.8952938318253,0,113.809236228466,0,16.2936524301767,0.136812478303909,195.425193056464,0.343072503805161,1.11025547981262,0,45.0107551515102,0.215274587273598,0,0,84.9246617853642,0,220.149414181709,0,104.63649392128,0,9.55422002077103,0,0,0,87.8778653144836,0,7.35187244415283,295.684136748314,0,0,0,0,0,0,0,394.470400959253,0,540.785323992372,0,0,0,0,0,25.4565179944038,0.560161024332047,1.2783737629652,0,497.350090935826,0.537586405873299,950.380584970117,44.6234040558338,0
2.77414554357529,0,5.13396751880646,0,36.5400235652924,0,78.095160484314,0,0,0,0,0,212.071579456329,0,0,0,0,0,0,0,0,0,0,0,0,0,0,0,0,0,0,0,0,0,0,0,0,0,0,0,0,0,10.1228131949902,0,0,0,0,0,0,0,4.94659668207169,0,5.05093348026276,0,0,0,3.68272238969803,0,0,0,0,0,0,0,0,0,0,0,0,0,0,0,0,0,0,0,0,0,0,0,0,0,0,0,80.419098585844,0,0.873429596424103
0,0,0,14.0839845538139,0,2.4142484664917,0,446.633400440216,0,0,0,13.0290372371674,0,1066.58521050215,0,0,0,0,0,0,0,0,0,0,0,0,0,0,0,0,0,0,0,0,0,0,0,0,0,0,0,0,0,0,0,0,0,0,0,18.3309326171875,0,267.567180633545,0,24.2426333427429,0,0,0,87.8778653144836,0,0,0,82.522209584713,0,0,0,0,0.592640995979309,0,21.8258667290211,0,0,0,0,0,0,0,0,0,0.482886791229248,0,0,0,196.312878727913,12.0629904270172,4.42327612638474,0,0
3.29520481824875,0,164.934217751026,0,88.7254157662392,0,1.56100618839264,0,0,0,0,0,5.65385580062866,0,0.811686098575592,0,0,0,0,0,0,0,0,0,0,0,0,0,0,0,0,0,0,0,0,0,0,0,0,0,0.128995031118393,0,14.8835179358721,0,0,0,0,0,1.09528213739395,0,203.930242836475,0,0,0,0,0,1.22158852219582,0,0,0,0,0,0,0,0,0,0,0,0,0,0,0,0,0.711424171924591,0,0,0,0,0,0,0,0,1.28625988960266,0,120.462828680873,0,0
0,35.9503387212753,0,577.482170879841,0,0,0,0,0,156.019083619118,0,0,0,0,0,14.6329960823059,0,0,0,0.492561310529709,0,0,0,0,0,0,0,0,0,0,0,0,0,0,0,0.302073955535889,0,0,0,0,0,1.93165248632431,0,0,0,0,0,0,0,181.262416094542,0,4.29420614242554,0,0,0,486.574929893017,0,7.35187244415283,0,82.522209584713,0,0,0,0,0,0,2.20435765385628,0,203.584311395884,0,5.14175555109978,0,8.44942156970501,0,0,0,0,0,0.652451038360596,0,0,0,17.7183386087418,0,11.7796241343021,0.767512500286102,0
0,2.29096129536629,0,0.720363587141037,0,3.90708959102631,0,0,0,0,0,47.5937070846558,0,0,0,0,23.6217351555824,8.55893859267235,296.069784075022,828.054155468941,0,0,0,0,0,0,0,0,0,0,0,0,0,0,0,572.781643301249,0,132.07609885931,0,243.379001706839,1.5647955685854,227.857741102576,0.890168160200119,0.380906611680984,0,3430.14880058169,2.58096504211426,0,2.40842533111572,2.98415140807629,0,12.6323666274548,0,0,0,0.406278133392334,0,295.684136748314,0,0,0,0,0,2.65264970064163,0,0,0,0,0,0,0,0,122.394448623061,0.182934522628784,0,0,0,0,1361.50594472885,10.6171732246876,694.40894857049,0.334137231111526,426.220427215099,0.252880394458771,1415.08022469282,10.3675069212914,1.92526596784592
0,0,3.63700625300407,0,25.5093492269516,0,5.59821134805679,0,0,0,9.69566550850868,0,0,0,0,0,62.0402621477842,19.6376059725881,415.078979626298,0,216.621343821287,0,0,0,0,0,0,0,0,0,0,0,0,0,0,0,43.6163139641285,0,132.592465609312,3.46870397031307,180.988679915667,2.22651951014996,673.944059222937,0,30.5513747483492,9.75068038702011,2003.89542201161,0,7.97374269366264,0,47.6578997671604,0,0,0,0,0,1145.39733876288,0,0,0,0,0,2.65264970064163,0,0,0,0,0,0,0,0,7.32341755926609,0,332.884554997087,0,0,0,0,6.36206190288067,2281.57793626934,3.74215216189623,992.0120369941,291.584811218083,1.67641389369965,1698.60824749619,0.2752965092659,4.73112128674984
0,0,0,0,0,0,0,0,0,0,0,0,0,0,0,0,0,47.0452342033386,0,0,0,50.1461016237736,0,23.3631813526154,0,88.9081377983093,0,0,0,0,0,0,0,0,0,0,0,443.697868108749,0,0,0,0,0,0,0,0,0,0,0,37.0754403173923,0,0,0,0,0,0,0,0,0,0,0,0,0,0,0,0,4.45753526687622,0,31.5065340250731,0,1.9252687394619,0,0,0,0,0,0,0,0,0,411.604388564825,0,175.922692000866,0,2.18090078234673,0,0
0,0,0,0,0,0,0,0,0,0,0,0,0,0,0,0,0,0,0,0,0,0,442.158383488655,0,0,0,1,0,0,0,0,0,0,0,0,0,0,0,113.119946092367,0,0,0,0,0,0,0,0,0,35.310810893774,0,0,0,0,0,0,0,0,0,0,0,0,0,0,0,0,0,0,2.51351827383041,0,133.46548396349,0,0,0,0,0,0,0,0,0,0,0,134.338067501783,0,0,0,0,0
0,0,0,0,0,0,0,0,0,0,0,0,0,0,0,0,0,0,0,0,0,19.9224381446838,0,145.392254829407,0,6.48698043823242,0,0,0,0,0,0,0,0,0,0,0,281.115598201752,0,0,0,0,0,0,0,0,0,0,0,15.4740752875805,0,0,0,0,0,602.431842595339,0,0,0,0.592640995979309,0,2.20435765385628,0,0,4.45753526687622,0,0,0,137.419318199158,0,23.3353992402554,0,0,0,0,0,0,0,0,0,263.785556077957,0,1.54207801818848,0,29.5626414418221,0,0
0,0,0,0,0,0,0,0,0,0,0,0,0,0,0,0,0,0,0,0,0,0,0,0,153.392373979092,0,6.83407998085022,0,0,0,0,0,0,0,0,0,0,0,99.9012007415295,0,0,0,0,0,0,0,0,0,93.8568190038204,0,0,0,0,0,220.428033590317,0,0,0,0,0,0,0,0,0,0,2.51351827383041,0,0,0,41.627191901207,0,0,0,0,0,0,0,0,0,0,0,377.087627261877,27.7969918251038,0,135.213943213224,0,0
0,0,0,0,0,0,0,0,0,106.821710586548,0,0,0,0,0,1,0,0,0,0,0,0,0,143.541295140982,0,0,0,0,0,0,0,0,0,0,0,0,0,0,0,0,0,0,0,0,0,0,0,0,0,249.948703020811,0,0,0,0,0,0,0,0,0,21.8258667290211,0,203.584311395884,0,0,31.5065340250731,0,137.419318199158,0,0,0,104.630524009466,0,0,0,0,0,0,0,0,0,0,0,0,0,0,0,0
0,0,0,0,0,0,0,0,0,0,0,0,0,0,0,0,0,0,0,0,0,0,0,0,108.069572210312,0,0,0,0,0,0,0,0,0,0,0,0,0,0,0,0,0,0,0,0,0,0,0,62.9850209951401,0,0,0,0,0,0,0,0,0,0,0,0,0,0,0,0,133.46548396349,0,41.627191901207,0,0,0,14.7332008481026,0,0,0,0,0,0,0,0,0,0,0,0,0,0,0
0,0.333634346723557,0,0,0,0,0,0,0,0,0,0,0,0,0,0,0,0,0,0,0,0,0,0,0,0,0,0,0,0,0,0,0,0,0,0,0,0,0,0,0,0,0,0,0,0,0,0,0,180.580406144261,0,0,0,0,0,0,0,394.470400959253,0,0,0,5.14175555109978,0,0,1.9252687394619,0,23.3353992402554,0,104.630524009466,0,0,0,5.17546004056931,0,0,0,0,0,0,0,6.71455430984497,0,0,0,77.1632263660431,0,0
0,0,0,0,0,0,0,0,0,0,0,0,0,0,0,0,0,0,0,0,0,0,0,0,0,0,1,0,0,0,0,0,0,0,0,0,0,0,0.727084517478943,0,1.34822005033493,0,0.193817421793938,0,0,0,3.00450401008129,0,50.1829670667648,0,0,0,0,0,0,0,522.462968528271,0,0,0,0,0,0,7.32341755926609,0,0,0,0,0,14.7332008481026,0,0,0,103.561228007078,0,0,0,0,0,0,0,213.871931016445,0,0,36.5064103901386,0,0
0,36.8539315462112,0,390.933271825314,0,74.0021152496338,0,0,0,49.8233730643988,0,0,0,0,0,0,5.63477049767971,3.41886015236378,514.848850414157,1.29946929216385,0,0,0,0,0,0,0,0,0,0,0,0,0,0,0,1.07824337482452,0,95.6770340204239,0,32.8390293866396,0,874.776204705238,0.114148207008839,1.33298236131668,0,67.8804900050163,0,0,0.722561150789261,357.68471455574,0,1.75310495495796,0,0,0,37.1664736270905,0,540.785323992372,0,0,0,8.44942156970501,122.394448623061,0,0,0,0,0,0,0,5.17546004056931,0,0,0,0,0,0,0,23.8338843286037,2.58340357244015,43.5080300271511,0,1027.15203633159,1.38810384273529,1152.57857432961,128.190847545862,0
6.3969447016716,0,82.1023472547531,0,0.986866921186447,0,0,0,0,0,1.64368915557861,0,0,0,0,0,120.269672736526,18.1795739084482,198.666964061558,0,5.44358432292938,0,0,0,0,0,0,0,0,0,0,0,0,0,0,1.1586320400238,0,0,0,0.732361793518066,19.0792656838894,0.202787950634956,232.12831646204,0,0,2.46580523252487,201.66290512681,0,215.331032186747,0,0,0,0,0,0,0,269.102259665728,0,0,0,0.711424171924591,0,0.182934522628784,332.884554997087,0,0,0,0,0,0,0,103.561228007078,0,0,0,0,0,0,2.14403742551804,26.8492970243096,1.95589435845613,932.815866857767,374.896722823381,0.339443981647491,1665.789743945,0.307920008897781,162.774431198835
0,0,0,0,0,0,0,0,0,0,0,0,0,0,0,0,0,0,0,0,0,0,0,0,0,0,0,0,0,0,0,2181.84163093567,18.9375925660133,59.9948547780514,0,445.561157107353,0,0,0,0,0,0,0,0,0,0,0,1898.21958005428,0,0,0,0,0,0,0,0,0,0,0,0,0,0,0,0,0,0,0,0,0,0,0,0,0,0,0,92.3942142724991,33.9986269772053,0,901.600429475307,57.2953843474388,0,0,661.077447772026,0,0,0,0
0,0,0,0,0,0,0,0,0,0,0,0,0,0,0,0,0,0,0,0,0,0,0,0,0,0,0,0,0,0,0,54.4629169106483,581.461832642555,0,3.72393465042114,4.01714330911636,100.74192917347,0,0,0,0,0,0,0,0,0,0,1939.34826433659,8.72752404212952,1.54840588569641,0,0,0,0,0,0,0,0,0,0,0,0,0,0,0,0,0,0,0,0,0,0,0,0,92.3942142724991,0,0,492.020167946815,2.46856659650803,259.21505767107,0,0,497.965273857117,0,0,0,0
0,0,0,0,0,0,0,0,0,0,0,0,0,0,0,0,0,0,0,0,0,0,0,0,0,0,0,0,0,0,0,206.98027831316,0,858.127506256104,2,3,0,3.63191199302673,0,0,0,0,0,0,0,0,0,367.593438774347,0,0,0,0,0,0,0,0,0,0,0,0,0,0,0,0,0,0,0,0,0,0,0,0,0,0,33.9986269772053,0,0,0,682.377195447683,0,163.805636763573,0,86.7517260313034,0,0,0,0
0,0,0,0,0,0,0,0,0,0,0,0,0,0,0,0,0,0,0,0,0,0,0,0,0,0,0,0,0,0,0,0,2.28977525234222,0,448.4795358181,0,61.2349805533886,0,7.88211289048195,0,0,0,0,0,0,0,0,1848.63825398684,97.8624356389046,0,0,0,0,0,0,0,0,0,0,0,0,0,0,0,0,0,0,0,0,0,0,0,0,0,0,492.020167946815,0,0,0,590.43116261065,0,38.4732388556004,10.4838523864746,0,0,0,0
0,47.2579108178616,0,6.65712913870811,0,7.26779080927372,0,0,0,0,0,2.59657096862793,0,0,0,0,271.428164973855,158.481038421392,4275.79689808935,270.498682409525,0,0,0,0,0,0,0,0,0,0,0,1041.62176448107,1.26626074314117,25.1308672428131,0,11559.3041546568,16.7935883402824,1105.19451956451,1.64183795452118,224.089286848903,7.55873391032219,1982.3266338855,9.48626955598593,20.6957830935717,0,2842.00806680322,27.9306737557054,215.311390280724,3.38743901252747,145.199319168925,0,24.0407407283783,0,0,0,0,0.869918897747993,25.4565179944038,0,0.482886791229248,0,0.652451038360596,1361.50594472885,6.36206190288067,0,0,0,0,0,0,0,0,23.8338843286037,2.14403742551804,901.600429475307,2.46856659650803,682.377195447683,0,0,111.900196686387,3300.77558262646,10.3994978293777,5232.78233081847,276.294464543462,1821.43876761198,959.004890680313,7.75778602063656
4.97978535294533,0,11.0397254228592,0,1.24546182155609,0,0,0,0,0,0,0,0,0,0,0,864.623893879354,183.394870579243,4408.08374707401,0,29.5238851308823,0,0,0,0,0,0,0,0,0,0,15.5761984586716,40.2728037834167,0,1.23909378051758,550.423027023673,4062.93087145686,0,51.0117313116789,37.7717004716396,863.24683945626,21.0857794284821,3093.4143281877,0,68.2247551456094,53.7256424352527,3845.68423879892,6222.47538772225,2921.99815420061,23.3531472682953,15.0164862275124,0,0,0,0.692495346069336,0,13.9447541683912,0.560161024332047,0,0,0,0,10.6171732246876,2281.57793626934,0,0,0,0,0,0,0,0,2.58340357244015,26.8492970243096,57.2953843474388,259.21505767107,0,590.43116261065,111.900196686387,0,13.7113778963685,631.03092327714,4235.13413292915,334.400313183665,2015.96362132579,5.84907457977533,336.512112736702
0,15.0231462717056,0,9.46671931445599,0,0.224248200654984,0,0,0,1.45307326316833,0,16.9479042291641,0,0,0,0,84.3327994868159,35.1151834502816,1722.54821015149,16.5390568971634,0,378.023561477661,0,104.455245316029,0,0,0,0,0,0,0,0,0,62.8940231502056,0,147.732767373323,2.38038659095764,3407.11911083758,0,52.8333193808794,0,314.768682092428,1.37732134014368,38.1665985733271,0,1406.60648332536,5.98835816979408,2.59142071008682,0,618.594042435288,0,0,0,0,0,14.6325056254864,0.119142629206181,1.2783737629652,0,0,0,0,694.40894857049,3.74215216189623,411.604388564825,0,263.785556077957,0,0,0,6.71455430984497,0,43.5080300271511,1.95589435845613,0,0,163.805636763573,0,3300.77558262646,13.7113778963685,0,7.36244976520538,326.834854535758,1.62317740917206,858.490212105215,456.844253480434,1.98706299811602
0.93868625164032,0,6.93009802699089,0,1.58656406402588,0,0,0,12.3471636772156,0,22.5584578514099,0,0,0,0,0,330.439396090806,46.8713477700949,797.202158495784,0,3.06838774681091,0,518.208377107978,0,7.99392542243004,0,0,0,0,0,0,0,0,0,22.8369624912739,0.304504871368408,38.363540738821,0,3980.15587154031,4.99821232259274,52.7221179753542,1.59302478283644,488.67478364706,0,0,3.59710366278887,539.163394585252,2.20913177728653,1197.75648732483,0,0,0,0,0,568.486880660057,0,0.279356509447098,0,0,0,0,0,0.334137231111526,992.0120369941,0,134.338067501783,0,377.087627261877,0,0,0,213.871931016445,0,932.815866857767,0,0,0,38.4732388556004,10.3994978293777,631.03092327714,7.36244976520538,0,471.899531364441,0,1098.26049727201,1.4268745854497,674.229457616806
120.952298536897,286.921636343002,123.61346167326,454.775980442762,1004.35007414222,4413.95348101854,254.389456152916,1117.22551488876,360.849768832326,3622.23698118329,5.78999589383602,124.884803324938,0,464.755506515503,50.4358700811863,1009.84532731771,13943.9642727971,15493.6464764029,5483.95572088659,357.244553655386,269.707192927599,261.932298928499,46.8812503814697,22.7402058839798,1,0,32.2148597687483,3,2.80683761835098,0,0,252.62602776289,100.530870437622,0,55.9728413820267,6721.03350636363,3968.88512728363,220.697594575584,280.562774568796,508.272416032851,271.529876247048,2689.65853442997,1917.47187896818,62.9124912619591,2.38582667708397,481.668893687427,838.075698196888,3060.81981876493,1484.90330943465,1423.85072258115,596.298263654113,1478.49805217981,315.01782989502,492.738469064236,50.9872786998749,291.092876553535,53.8469983637333,497.350090935826,0,196.312878727913,1.28625988960266,17.7183386087418,426.220427215099,291.584811218083,175.922692000866,0,1.54207801818848,27.7969918251038,0,0,0,0,1027.15203633159,374.896722823381,661.077447772026,497.965273857117,86.7517260313034,10.4838523864746,5232.78233081847,4235.13413292915,326.834854535758,471.899531364441,0,5144.68019069731,7113.32916862518,108.10184328258,189.777954146266
0,0,0.277789384126663,0.992396950721741,27.8184694796801,48.6305511593819,283.393500566483,75.85269510746,0,16.6505620479584,0,0,0,46.7628021240234,67.5813808739185,115.124937772751,812.854211896658,290.841283738613,0.272217184305191,0,0,1,0,0,0,0,0.606402158737183,18,0,0,0,0,0,0,0,1408.12105055153,839.674934029579,0,0,0.525167658925056,2.49376258254051,3.05819165706635,4.87089136242867,0,0,0,0.495035037398338,0,4.15411125123501,0.949629306793213,0.424500703811646,5.27219891548157,8.01506042480469,6.97881484031677,0.326322823762894,0,0,0.537586405873299,0,12.0629904270172,0,0,0.252880394458771,1.67641389369965,0,0,0,0,0,0,0,0,1.38810384273529,0.339443981647491,0,0,0,0,276.294464543462,334.400313183665,1.62317740917206,0,5144.68019069731,0,33.9193239212036,0.368362963199615,0.246747359633446
