0,0,5.27523102210118,0,8.04909856319427,0,0,0,6.94354475659432,0,0,0,23.5609912872314,0,0,0,0,0,17.5321955857454,0,0,0,34.2683792114258,0,16.1645260085798,0,29.2440989812215,0,0,0,0,0,0,0,0,0,46.887336730957,0,22.4897663340849,0,32.5313420295715,0,16.3825378005887,0,0,0,36.4939581553141,0,9.13830270163074,0,0,0,0,0,5.82616875721858,0,21.7248385293143,0,18.3215436617533,0,5.94976098449142,0,0,26.452564239502,0,26.2443752288818,0,15.2277801704407,0,22.9716167449951,0,23.4994433266776,0,0,0,0,0,0,0,49.3521952745391,0,21.6306689918041,17.7706153868071,31.8708537419637,12.2053771529216,0,0
0,0,0,14.6112724382853,0,3.9754469871521,0,0,0,4.91732088058226,0,0,0,14.9253547668457,0,9.32775561014811,0,22.9521754980087,32.1764149093628,0,0,0,0,15.4921384166788,0,0,0,0,0,0,0,0,0,0,0,49.0595581748269,0,32.124277481666,0,0,0,13.8260132913236,0,0,0,38.5363147258759,0,0,0,7.958046939224,0,0,0,0,0,6.74279901293889,0,21.0250934254039,0,16.5400300417861,0,7.11440357039957,25.301025390625,0,0,0,14.9115714689272,0,17.226357460022,0,22.0520715489107,0,24.965028974745,0,0,0,0,0,44.0068306393094,0,37.2659351420852,0,13.1294657552944,31.4304752349854,15.6456251496107,0,0
5.27523102210118,0,0,0,7.90916445543026,0,0,0,14.8724692271306,0,0,0,0,0,0,0,0,0,37.0761522405288,0,0,0,0,0,37.5571899414062,0,48.2711763381958,0,0,0,0,0,0,0,51.2912292480469,0,57.3168579101563,0,43.7149701436361,0,44.0300442622258,38.5578269958496,32.9500721793138,45.2041969299316,23.9055099487305,0,33.3946297028485,0,19.0446224453744,0,7.23087072938751,0,0,0,5.83841691118606,0,10.2085370540619,0,6.03957469508333,0,6.84811782836914,0,0,31.076698575701,0,46.0034065246582,0,25.6154470443726,0,39.528791809082,0,35.725191842942,0,37.6247711181641,0,0,0,0,66.350830078125,57.0146140257517,0,42.3920689900716,23.7584144447161,29.9396563529968,19.3372067508927,0,30.9654165903727
0,14.6112724382853,0,0,0,5.88495651437241,0,0,0,8.34653379710298,0,10.9732632040977,0,18.4535987377167,0,0,0,0,39.4575675798499,0,0,54.8133773803711,0,29.4581836064657,0,46.131067276001,0,0,0,0,0,0,0,0,0,52.8374543825785,80.8309745788574,55.4223411560059,0,37.2377763227983,59.4802017211914,28.6874458227265,44.6185722351074,25.9516696929932,0,26.5014722452224,57.6731872558594,0,0,14.9824534942816,0,5.77240188916524,0,0,0,14.4780757600728,0,8.02872028577895,0,21.5531406195267,0,3.89035895797941,35.9970923832485,0,0,0,27.5855734594937,0,39.3538683573405,0,32.2759170319709,0,31.2806477761483,0,0,0,0,0,46.7492548972368,0,45.501158246807,82.594482421875,22.2585892515456,28.5846705590525,24.7224617360878,43.7188504536947,0
8.04909856319427,0,7.90916445543026,0,0,0,0,0,5.1644401550293,0,6.27365390459696,0,0,0,0,0,0,0,46.3375867207845,0,6.86024660899721,0,0,0,0,0,0,0,0,0,0,0,0,0,0,0,0,0,60.7675743103027,0,52.3736890157064,0,38.9901047661191,0,0,0,40.7579498291016,0,37.4248275756836,0,4.37731694950248,0,0,0,5.69928169250488,0,13.6997552394867,0,0,0,0,0,0,6.15484651853872,0,0,0,0,0,49.1625480651855,0,0,0,0,0,0,0,0,0,60.56867090861,0,46.957592010498,14.6820579004288,0,8.53541025552857,0,0
0,3.9754469871521,0,5.88495651437241,0,0,0,3.37359881401062,0,4.21402312727535,0,11.7974061369896,0,0,0,0,0,0,39.3475414622914,5.56628799438477,0,0,0,0,0,0,0,0,0,0,0,0,0,0,0,5.72124617274215,0,0,0,33.8282960255941,0,31.5097433278258,0,25.5965871810913,0,27.0633875846863,0,0,71.5858688354492,33.8751883506775,0,3.43255434879212,0,3.57906198501587,0,3.98480162127265,0,12.9208620878366,0,31.4453293482463,0,3.07587822745828,17.2040761311849,0,0,0,0,0,0,0,38.9213804765181,0,38.1515398025513,0,0,0,0,0,20.2606008052826,0,51.217903137207,0,9.54841370917549,22.0258019626141,24.6845105975127,0,0
0,0,0,0,0,0,0,0,0,0,2.74683451652527,0,0,0,0,0,0,0,0,0,0,0,0,0,0,0,0,0,0,0,0,0,0,0,0,0,0,0,0,0,0,0,0,0,0,0,0,0,0,0,2.90762329101562,0,2.93196635861551,0,0,0,9.4187219413844,0,0,0,0,0,0,0,0,0,0,0,0,0,0,0,0,0,0,0,0,0,0,0,0,0,0,0,0,0,0
0,0,0,0,0,3.37359881401062,0,0,0,0,0,0,0,2.92947998046875,0,0,0,0,0,0,0,0,0,0,0,0,0,0,0,0,0,0,0,0,0,0,0,0,0,0,0,0,0,0,0,0,0,0,0,0,0,2.94884204864502,0,2.95357760717702,0,0,0,3.60410308837891,0,0,0,0,0,0,0,0,0,0,0,0,0,0,0,0,0,0,0,0,0,0,0,0,3.04256889891269,4.85752582550049,0,0,0
6.94354475659432,0,14.8724692271306,0,5.1644401550293,0,0,0,0,0,0,0,31.9404563903809,0,3.47304729052952,0,2.84641599655151,0,39.4681317125048,0,0,0,37.9208183288574,0,7.24511369009663,0,36.5371038648817,0,0,0,0,0,0,0,0,0,0,0,10.6769223774181,0,45.2006874084473,49.1847534179688,17.1688378574257,0,0,57.2556381225586,47.1324987411499,0,17.3684141071441,0,28.2220630645752,0,0,0,4.50877739356296,0,25.7468274010552,0,27.6342211829291,0,5.32234353368933,0,0,34.3327244349888,0,41.2360506057739,0,5.41544339805841,0,31.6583464813232,0,26.6781820817427,0,0,0,0,0,0,0,66.085205078125,0,14.538637832359,12.1454265822006,17.7051543659634,14.7414128427152,0,53.5482692718506
0,4.91732088058226,0,8.34653379710298,0,4.21402312727535,0,0,0,0,0,25.2854557037354,0,18.7130851745605,0,3.86870762778492,0,0,50.9452753800612,0,0,0,0,5.78412596845396,0,5.00130431528942,0,35.4340400695801,0,0,0,0,0,0,0,52.6721076965332,0,11.0770057906275,0,0,0,11.9325048030345,0,39.3375968933105,47.5065078735352,40.0475907325745,0,0,0,16.5912441258292,0,0,0,0,0,4.23932465756918,0,21.5322796503703,0,18.9325894540356,0,4.55840646097173,45.0298461914062,0,0,0,6.69542732588045,0,6.27790490698902,0,22.9479014922833,0,21.8379501950914,0,0,0,0,0,46.6805814107259,0,35.8355323473612,0,6.37114912749547,7.89931212365627,14.3309931804997,9.75014092705467,0
0,0,0,0,6.27365390459696,0,2.74683451652527,0,0,0,0,0,2.90482217073441,0,0,0,0,0,0,0,3.40990694318238,0,0,0,0,0,0,0,6.76433134078979,0,6.87356233596802,0,0,0,0,0,4.09778458731515,0,7.73811366714415,0,0,0,0,0,0,0,0,0,22.2042744954427,0,7.01313023340134,0,0,0,0,0,7.57084069163485,0,6.80675725992015,0,0,0,0,7.2122260097519,0,0,0,0,0,0,0,8.66744831204414,0,4.40809590021769,0,0,0,0,0,0,0,16.1512526512146,6.7091542420928,0,15.1537405572286,0,0
0,0,0,10.9732632040977,0,11.7974061369896,0,0,0,25.2854557037354,0,0,0,5.33310481418263,0,0,0,33.8395347595215,50.3212120749734,7.89042213954757,0,0,0,0,0,0,0,5.43122159583228,0,6.29505760602231,0,0,0,0,0,5.26618620671264,0,6.34759000832574,0,0,0,50.4620817624606,0,0,0,43.6575959523519,0,0,0,31.6919485727946,0,0,0,4.05770993232727,0,0,0,4.35008349978579,0,3.77202625663913,0,0,17.1887872013045,0,0,0,0,0,0,0,13.0856092770894,0,10.3738093199553,0,0,0,0,0,48.2515006065369,0,12.6756449890137,0,5.88205047400914,67.9559555053711,28.8635896238787,0,0
23.5609912872314,0,0,0,0,0,0,0,31.9404563903809,0,2.90482217073441,0,0,0,5.5317416545323,0,0,0,0,0,0,0,0,0,0,0,8.1535336971283,0,3.52474625905355,0,0,0,0,0,0,0,0,0,0,0,0,0,45.0882568359375,0,0,0,26.9555244445801,0,0,0,0,0,4.11562678217888,0,0,0,12.7890453338623,0,7.51391275146726,0,3.71230969994755,0,0,0,0,0,0,0,0,5.93157962958018,0,5.51967250428549,0,0,0,0,0,0,0,0,0,0,0,0,0,0,0
0,14.9253547668457,0,18.4535987377167,0,0,0,2.92947998046875,0,18.7130851745605,0,5.33310481418263,0,0,0,6.36294308423996,0,0,48.329794883728,0,0,0,0,0,0,5.33943319320679,0,4.8658367033358,0,5.89731417996731,0,0,0,0,0,0,0,23.3534374237061,0,0,0,22.6742521921794,0,0,0,27.2206837790353,0,0,0,9.10420833763323,0,26.1426467895508,0,0,0,17.8823205828667,0,7.27555127704845,0,4.08619715817086,0,5.36170089035703,0,0,0,0,16.8282260894775,0,10.9077488803864,0,8.20325137320019,0,8.63828468322754,0,0,0,0,0,0,0,63.8522300720215,0,4.67527744202387,4.24332965937528,19.3705298602581,0,0
0,0,0,0,0,0,0,0,3.47304729052952,0,0,0,5.5317416545323,0,0,0,0,0,0,0,0,0,0,0,5.54472470283508,0,8.54652649477909,0,0,0,0,0,0,0,0,0,0,0,0,0,0,0,0,0,0,0,0,0,13.2308192253113,0,3.06591427326202,0,0,0,3.29194296490062,0,16.0908432006836,0,8.38802850133613,0,3.77441837595797,0,0,0,0,0,0,0,0,3.55694274655704,0,0,0,0,0,0,0,0,0,0,0,0,3.25502152191965,3.43145650625229,0,0,0
0,9.32775561014811,0,0,0,0,0,0,0,3.86870762778492,0,0,0,6.36294308423996,0,0,0,0,0,0,0,0,0,6.03310387134552,0,3.72428093812405,0,0,0,0,0,0,0,0,0,0,0,0,0,0,0,21.2322254180908,0,0,0,0,0,0,0,3.37178570202419,0,0,0,0,0,4.50256770162871,0,0,0,4.93250530620791,0,4.80434736454324,0,0,0,0,8.27841515011258,0,3.44876517436301,0,15.3282842636108,0,0,0,0,0,0,0,0,0,0,0,4.38778165485952,5.1707574404203,19.8029430389404,0,0
0,0,0,0,0,0,0,0,2.84641599655151,0,0,0,0,0,0,0,0,17.5042005097953,21.4145890332206,0,0,0,5.1867282520641,0,2.9780949751536,0,5.24715884923935,0,3.65777813304554,0,0,0,0,0,97.4844436645508,98.7167841593425,89.7303701547476,101.847789764404,81.1098297119141,85.2028579711914,77.7524228937486,60.5072374343872,56.4460956120895,0,49.1836522420247,74.6515154716296,62.549459399599,0,71.7465847384545,0,0,0,0,0,0,0,64.8626327514648,0,0,0,0,0,78.2698467254639,75.034782409668,0,5.02539764510261,0,0,0,5.82277899349437,0,32.1451595624288,103.583961486816,0,0,0,0,0,90.7122917175293,87.5701981680734,92.0810527801514,80.2619385352502,12.6121723092108,10.6766668155803,68.0327923297882,0,49.0832484109061
0,22.9521754980087,0,0,0,0,0,0,0,0,0,33.8395347595215,0,0,0,0,17.5042005097953,0,21.4774982989369,30.2660579681396,0,3.25580456363621,0,4.3142226764134,0,3.70476135765154,0,4.08782948376624,0,0,0,0,0,0,81.0658264160156,63.2038749412254,93.1509348551432,65.2430894470215,116.912673950195,48.4616842269897,84.8099161783854,61.1925389426095,71.4883377768777,0,0,61.2024116721205,77.6467463175456,0,82.6464832850865,69.2253894805908,0,0,0,0,0,71.1727905273438,81.0729064941406,42.9660636901855,0,0,0,0,60.6468552676114,0,0,0,0,0,4.3016326364718,0,21.9715737196115,0,43.8322355747223,0,0,0,0,0,58.4196313669984,91.8681678771973,56.5046074515895,99.335693359375,12.8684660885936,8.91625241424757,53.7819011085912,38.8804721832275,0
17.5321955857454,32.1764149093628,37.0761522405288,39.4575675798499,46.3375867207845,39.3475414622914,0,0,39.4681317125048,50.9452753800612,0,50.3212120749734,0,48.329794883728,0,0,21.4145890332206,21.4774982989369,0,49.8357191085815,0,0,65.6051940917969,0,0,0,58.8275165557861,65.0969924926758,0,40.3778635660807,0,0,0,0,52.2398405595259,58.8038515635899,52.4718864325321,60.4129584864566,57.6977218425635,39.6062101780024,42.6896869983095,18.6276193926418,19.0208831721813,12.832910053396,13.910079993949,36.7939360300479,37.264970878214,51.3603013356527,33.7922048456529,40.5461746733866,47.5962409973145,0,0,0,39.9326972961426,41.1519927978516,42.8913420104981,45.0334543387095,45.5274272646223,49.2472302363469,40.0128300984701,61.8668441772461,47.6877123925964,47.0670205078125,0,44.5791749954224,66.7257652282715,0,60.8038953145345,44.8292832946777,52.2337181206905,41.6716930071513,40.4516707241746,54.182638168335,0,0,0,53.2934196472168,51.4392220019251,55.9970114152328,49.2570125769777,50.3666330880084,15.7325341859397,23.6665485962408,30.053590016043,20.4153151079263,15.4300888348932
0,0,0,0,0,5.56628799438477,0,0,0,0,0,7.89042213954757,0,0,0,0,0,30.2660579681396,49.8357191085815,0,0,0,0,0,0,0,0,0,0,15.160605430603,0,0,0,0,0,5.83466587570024,0,8.42601017536742,0,19.251603277106,0,43.2767157554626,0,43.5027503967285,0,20.4187258829673,0,0,0,26.4914608001709,0,4.5248875617981,0,0,0,34.0484199523926,0,4.04684817436287,0,0,0,0,6.41535693379409,0,0,0,0,0,0,0,49.0128135681152,0,27.3452566464742,0,0,0,0,0,9.23634464258752,0,16.8020173799137,0,6.63677429485321,49.4314460754395,14.5086375445127,0,0
0,0,0,0,6.86024660899721,0,0,0,0,0,3.40990694318238,0,0,0,0,0,0,0,0,0,0,0,0,0,0,0,0,0,0,0,0,0,0,0,0,0,6.53127332349988,0,9.08405303764343,0,21.2498626708984,0,0,0,0,0,7.56794224845039,0,17.2748374938965,0,8.13677110671997,0,0,0,0,0,3.34092423027637,0,0,0,0,0,0,3.69527393416629,0,0,0,0,0,0,0,0,0,0,0,0,0,0,0,7.42904994419643,0,9.80002825289238,7.77102141059502,0,7.42521992543849,0,0
0,0,0,54.8133773803711,0,0,0,0,0,0,0,0,0,0,0,0,0,3.25580456363621,0,0,0,0,3.21171215864328,3.46008714834849,0,5.2353176993209,0,4.65092410449695,0,0,0,0,0,0,0,0,0,5.05082767060462,0,0,0,0,0,0,0,0,0,0,0,3.27297729253769,0,0,0,0,0,0,0,0,0,31.9644942813449,0,0,44.8924369812012,0,4.62285465889287,0,4.55606688090733,0,6.77004787637227,0,8.86369041179089,0,0,0,0,0,0,0,0,0,6.51873305108812,0,3.83694860142391,4.27374583632934,43.5539677937826,0,0
34.2683792114258,0,0,0,0,0,0,0,37.9208183288574,0,0,0,0,0,0,0,5.1867282520641,0,65.6051940917969,0,0,3.21171215864328,0,0,11.4704980655286,0,8.26339902059741,0,4.09990295318708,0,0,0,0,0,0,0,93.8161239624023,0,6.64246725366914,0,71.0850143432617,0,62.4655132293701,0,0,0,64.6133791605632,31.9630355834961,8.25649157463317,0,0,0,0,0,54.1576919555664,0,38.3274767875671,0,31.9614121843092,0,30.7147178649902,0,0,53.3139228820801,0,4.97085275095214,0,10.2581144019659,0,9.37798595742176,0,21.4414691416423,0,0,0,0,0,0,0,70.9159545898438,0,9.15606468302071,6.56944270369788,5.64907856200151,48.1272447374132,0,0
0,15.4921384166788,0,29.4581836064657,0,0,0,0,0,5.78412596845396,0,0,0,0,0,6.03310387134552,0,4.3142226764134,0,0,0,3.46008714834849,0,0,0,3.89723705842688,0,0,0,0,0,0,0,0,0,0,0,5.90879621632411,0,0,0,3.61626563072205,0,0,0,0,0,0,101.554534912109,18.354890987277,0,0,0,0,0,7.78391589254341,0,0,0,24.1266157967704,0,8.95142908096313,0,0,6.4986271747323,0,3.70805098765936,0,4.72231281301983,0,0,0,0,0,0,0,0,0,0,0,6.8972637286553,0,5.39756145582094,0,4.95932685666614,0,0
16.1645260085798,0,37.5571899414062,0,0,0,0,0,7.24511369009663,0,0,0,0,0,5.54472470283508,0,2.9780949751536,0,0,0,0,0,11.4704980655286,0,0,0,5.45454878020055,0,0,0,0,0,0,0,0,0,0,32.3342399597168,6.8766771889154,0,55.4000511169434,0,36.2233452796936,0,0,0,50.001877784729,16.1782470703125,21.9678689002991,0,0,0,0,0,6.0881240458474,0,28.0550047556559,0,20.297498857975,0,14.3553853496428,0,0,42.260705947876,0,6.36222415365231,0,5.17301144780278,0,6.01631914508953,0,10.4492849111557,0,0,0,0,0,0,0,0,0,6.68495237314573,7.27037946325465,18.9905510544777,36.3283987045288,0,0
0,0,0,46.131067276001,0,0,0,0,0,5.00130431528942,0,0,0,5.33943319320679,0,3.72428093812405,0,3.70476135765154,0,0,0,5.2353176993209,0,3.89723705842688,0,0,0,6.52352163424859,0,0,0,0,0,0,0,0,0,0,0,0,0,40.9336853027344,0,0,0,0,0,0,0,0,0,0,0,0,0,5.87481659108942,0,37.1565055847168,0,7.27783069634201,0,0,0,0,6.25657305288851,0,4.91838367535518,0,6.00119253600019,0,8.48679704904556,0,0,0,0,0,0,0,0,0,0,0,3.97546842608149,0,36.251407623291,0,0
29.2440989812215,0,48.2711763381958,0,0,0,0,0,36.5371038648817,0,0,0,8.1535336971283,0,8.54652649477909,0,5.24715884923935,0,58.8275165557861,0,0,0,8.26339902059741,0,5.45454878020055,0,0,0,3.61982579558503,0,0,0,0,0,0,0,0,0,27.2119979858398,0,62.3752956390381,0,43.1169773982121,0,57.3906936645508,0,52.1669797897339,26.4370956420898,29.818782215387,0,0,0,0,0,49.3191146850586,0,26.4218650848146,0,20.5110708113511,0,10.9226934837573,0,0,48.4146440124512,0,8.19259613957898,0,7.29007237752279,0,5.62598309402107,0,12.5276663271157,0,0,0,0,0,0,0,67.7187542915344,0,15.1331680615743,29.527138970115,6.7656706571579,32.812857020985,0,26.4250946044922
0,0,0,0,0,0,0,0,0,35.4340400695801,0,5.43122159583228,0,4.8658367033358,0,0,0,4.08782948376624,65.0969924926758,0,0,4.65092410449695,0,0,0,6.52352163424859,0,0,0,3.48510896373581,0,0,0,0,0,0,0,0,0,0,0,0,0,0,0,47.5418395996094,0,0,0,26.885986328125,0,0,0,0,0,0,0,8.3405619767996,0,4.65337963156172,0,0,37.0008163452148,0,5.52914319540325,0,0,0,6.7431091374042,0,5.25656951725092,0,4.01971860408783,0,0,0,0,0,0,0,0,0,3.921399041684,4.44629440307617,21.3379616737366,0,0
0,0,0,0,0,0,0,0,0,0,6.76433134078979,0,3.52474625905355,0,0,0,3.65777813304554,0,0,0,0,0,4.09990295318708,0,0,0,3.61982579558503,0,0,0,3.53141814421832,0,0,0,0,0,0,0,3.0673246383667,0,0,0,0,0,0,0,0,0,0,0,0,0,0,0,0,0,6.65887451171875,0,3.94725916534662,0,0,0,0,0,0,0,0,0,0,6.16933407726619,0,5.53908713704901,0,3.66404654616016,0,0,0,0,0,0,0,0,6.57644143634372,7.60408827428068,0,0,0
0,0,0,0,0,0,0,0,0,0,0,6.29505760602231,0,5.89731417996731,0,0,0,0,40.3778635660807,15.160605430603,0,0,0,0,0,0,0,3.48510896373581,0,0,0,0,0,0,0,0,0,2.9108954838344,0,0,0,27.7568778991699,0,0,0,37.566219329834,0,0,0,0,0,0,0,0,0,0,0,6.97390263421195,0,6.67718636762528,0,0,16.8615072965622,0,0,0,0,0,0,0,5.19543072912428,0,3.6842898955712,0,0,0,0,0,0,0,4.16845499385487,0,26.079142842974,0,27.7435456911723,0,0
0,0,0,0,0,0,0,0,0,0,6.87356233596802,0,0,0,0,0,0,0,0,0,0,0,0,0,0,0,0,0,3.53141814421832,0,0,0,0,0,0,0,0,0,0,0,0,0,0,0,0,0,0,0,0,0,0,0,0,0,0,0,4.3722155455387,0,0,0,0,0,0,0,0,0,0,0,0,0,0,4.3953350354697,0,3.63889839245235,0,0,0,0,0,0,0,0,0,0,0,0,0
0,0,0,0,0,0,0,0,0,0,0,0,0,0,0,0,0,0,0,0,0,0,0,0,0,0,0,0,0,0,0,0,4.86190986633301,0,4.86301803588867,3.12521752905338,2.87637442555921,0,0,0,0,0,0,0,0,0,0,6.71075075043572,0,11.3525225767275,0,0,0,0,0,0,0,0,0,0,0,0,0,0,0,0,0,0,0,0,0,0,0,0,3.4884468557098,0,0,0,7.54464759035149,0,0,0,2.78882014751434,0,0,0,0
0,0,0,0,0,0,0,0,0,0,0,0,0,0,0,0,0,0,0,0,0,0,0,0,0,0,0,0,0,0,0,4.86190986633301,0,18.1220375696818,5.42550616303589,0,4.46100226476733,0,0,0,0,0,0,0,0,0,0,5.38496968083643,0,0,0,0,0,0,0,0,0,0,0,0,0,0,0,0,0,0,0,0,0,0,0,0,0,0,0,3.98146269804512,0,5.36741428605972,0,8.45072545014419,0,0,4.21758826253665,0,0,0,0
0,0,0,0,0,0,0,0,0,0,0,0,0,0,0,0,0,0,0,0,0,0,0,0,0,0,0,0,0,0,0,0,18.1220375696818,0,3.88840979562414,3.86026245728135,7.84557056427002,4.42490077301727,0,0,0,0,0,0,0,0,0,5.2150913869114,0,9.89449402072546,0,0,0,0,0,0,0,0,0,0,0,0,0,0,0,0,0,0,0,0,0,0,0,0,0,0,4.25162802697622,9.08818842786731,10.3846393077885,0,7.14430320149376,0,3.46438984870911,0,0,0,0
0,0,51.2912292480469,0,0,0,0,0,0,0,0,0,0,0,0,0,97.4844436645508,81.0658264160156,52.2398405595259,0,0,0,0,0,0,0,0,0,0,0,0,4.86301803588867,5.42550616303589,3.88840979562414,0,120.949295043945,7.05635378859137,3.94487798213959,6.46294261548752,118.873847961426,70.6140543619792,52.399486541748,35.3912161509196,58.6093330383301,43.682014465332,0,34.923958335604,5.40178939874203,11.753359336853,0,0,0,0,0,0,0,0,0,0,0,0,0,0,57.8431224822998,0,24.5977067947388,0,0,0,0,0,0,0,0,0,5.81548761142977,3.79960155487061,5.00347089383598,0,9.95060052542851,0,6.54911324403442,6.84689020234456,10.5295609973726,37.3725556497988,0,34.7290198008219
0,49.0595581748269,0,52.8374543825785,0,5.72124617274215,0,0,0,52.6721076965332,0,5.26618620671264,0,0,0,0,98.7167841593425,63.2038749412254,58.8038515635899,5.83466587570024,0,0,0,0,0,0,0,0,0,0,0,3.12521752905338,0,3.86026245728135,120.949295043945,0,3.53177692634719,9.59061163088473,4.1223281451634,24.1408532362718,99.1185989379883,49.8103557713827,0,44.1979338212447,0,42.3596018082056,84.6274490356445,6.34732055393132,101.395919799805,15.0054989065735,0,11.9461285273234,0,0,0,0,0,29.4935204188029,0,0,0,0,11.8011608676842,0,0,0,0,0,0,0,79.3730357243465,0,79.2910626729329,0,3.38168523839848,0,6.18369627721382,22.5118865966797,5.82550868399371,9.53898031061346,13.4437940611665,15.214537858963,8.86394147883649,10.6088644794133,24.736046083983,37.9719077091591,0
46.887336730957,0,57.3168579101563,80.8309745788574,0,0,0,0,0,0,4.09778458731515,0,0,0,0,0,89.7303701547476,93.1509348551432,52.4718864325321,0,6.53127332349988,0,93.8161239624023,0,0,0,0,0,0,0,0,2.87637442555921,4.46100226476733,7.84557056427002,7.05635378859137,3.53177692634719,0,34.5440232157707,9.50009324684949,0,38.6684678158862,69.2914432525635,35.9851195333372,0,41.5263403112238,90.5527591705322,33.09009733154,9.00897553169832,39.2055442972881,0,41.565703868866,0,0,0,68.5968170166016,0,33.3278801706102,0,0,0,0,0,100.074356079102,7.75248885538463,0,0,0,0,0,89.9427604675293,101.515823364258,59.9676494598389,0,0,0,4.11465016917179,0,7.65298565175082,3.90078883007361,5.62182455814907,0,12.9011133277247,9.20113214705668,72.9049129486084,26.9761491773885,0,32.6238349430145
0,32.124277481666,0,55.4223411560059,0,0,0,0,0,11.0770057906275,0,6.34759000832574,0,23.3534374237061,0,0,101.847789764404,65.2430894470215,60.4129584864566,8.42601017536742,0,5.05082767060462,0,5.90879621632411,32.3342399597168,0,0,0,0,2.9108954838344,0,0,0,4.42490077301727,3.94487798213959,9.59061163088473,34.5440232157707,0,8.64290086827685,26.7704097429911,0,47.1313452599924,0,49.3208684613628,0,45.7980911694467,122.437271118164,4.87470493398993,0,10.0454243049099,0,0,0,0,0,13.5691000994514,0,11.614975748391,0,34.1705484390259,0,79.0256805419922,14.4474173751626,0,11.6353877622348,0,6.35647153286707,0,9.82421782437493,0,69.9397017161051,0,20.441981780529,0,0,0,4.22537160217762,0,12.5459125664394,0,7.02918217861138,11.501315158667,8.54162156040264,8.83295771713081,29.1530904702602,42.7028088734068,0
22.4897663340849,0,43.7149701436361,0,60.7675743103027,0,0,0,10.6769223774181,0,7.73811366714415,0,0,0,0,0,81.1098297119141,116.912673950195,57.6977218425635,0,9.08405303764343,0,6.64246725366914,0,6.8766771889154,0,27.2119979858398,0,3.0673246383667,0,0,0,0,0,6.46294261548752,4.1223281451634,9.50009324684949,8.64290086827685,0,0,75.3426977157593,88.5516464233398,33.1263647290968,0,54.6304576873779,95.9063980102539,39.620254823514,8.24887792079145,9.33404122222781,0,76.7115306854248,0,0,0,11.0080746064241,0,19.1859210968018,0,78.3867588043213,0,45.8267345428467,0,103.752799987793,17.3763790674536,0,7.71789662324016,0,7.53014294577808,0,6.10491905212402,0,0,0,6.62154068880611,0,0,0,9.94776258887825,0,13.4866622411288,14.9921307196984,6.18881302285262,9.44051893430049,6.70694445407562,27.2348610105285,143.838302612305,41.0184928349086
0,0,0,37.2377763227983,0,33.8282960255941,0,0,0,0,0,0,0,0,0,0,85.2028579711914,48.4616842269897,39.6062101780024,19.251603277106,0,0,0,0,0,0,0,0,0,0,0,0,0,0,118.873847961426,24.1408532362718,0,26.7704097429911,0,0,88.1843338012695,21.3241379966736,49.1009922027588,26.3921323523802,0,12.4330562975579,63.4147237141927,8.20808696746826,56.160444577535,5.16963166024833,0,42.1833763122559,0,0,0,41.8570289611816,0,44.3841508229574,0,45.3206259409587,0,0,5.5366679029346,67.5245666503906,0,0,0,0,60.3214302062988,0,54.8058685302734,0,54.5934513636998,0,0,0,0,0,11.6253160024467,0,40.1482304129107,0,40.452046066034,69.4661531448364,14.3490019521149,24.7066614186322,59.8262748718262
32.5313420295715,0,44.0300442622258,59.4802017211914,52.3736890157064,0,0,0,45.2006874084473,0,0,0,0,0,0,0,77.7524228937486,84.8099161783854,42.6896869983095,0,21.2498626708984,0,71.0850143432617,0,55.4000511169434,0,62.3752956390381,0,0,0,0,0,0,0,70.6140543619792,99.1185989379883,38.6684678158862,0,75.3426977157593,88.1843338012695,0,46.2636973437141,21.1579524185739,0,26.6850807125829,70.4070421854655,13.8324372564978,4.32308483123779,24.682485217354,0,46.7198886871338,0,0,0,54.0929946899414,0,41.6942462467012,73.8479537963867,43.8245402744838,0,48.9672770500183,0,89.3519840240479,17.4401215600495,0,65.8633397420247,0,65.5022583007812,0,58.5506311074281,86.3275527954102,54.898022146786,85.207285563151,52.0532169342041,0,0,0,46.3274803161621,91.312873840332,15.2762580599104,115.166778564453,63.7877069768452,48.2953978554266,62.8032617254572,15.889742756627,0,28.5155011516506
0,13.8260132913236,38.5578269958496,28.6874458227265,0,31.5097433278258,0,0,49.1847534179688,11.9325048030345,0,50.4620817624606,0,22.6742521921794,0,21.2322254180908,60.5072374343872,61.1925389426095,18.6276193926418,43.2767157554626,0,0,0,3.61626563072205,0,40.9336853027344,0,0,0,27.7568778991699,0,0,0,0,52.399486541748,49.8103557713827,69.2914432525635,47.1313452599924,88.5516464233398,21.3241379966736,46.2636973437141,0,13.3510009085352,12.2556566912889,11.3581576347351,19.6030271561787,49.2155652046204,10.5174620228429,43.0588224199083,8.02736612428973,44.5165074666341,32.1157245635986,0,0,39.3699385325114,15.3992106883011,46.8085708618164,34.6876245226179,45.9623336791992,28.2427333565645,41.7917366027832,29.6565053122384,30.2894148958596,45.3194694519043,0,0,15.8831455111504,0,47.4117863972982,0,32.1891677119387,0,24.7964931359932,0,0,0,0,0,33.9190875316229,59.9745188819038,36.613743190221,63.1731538772583,12.8388909407548,33.6374709185432,11.5471758193451,9.49765527947557,26.1151911616325
16.3825378005887,0,32.9500721793138,44.6185722351074,38.9901047661191,0,0,0,17.1688378574257,0,0,0,45.0882568359375,0,0,0,56.4460956120895,71.4883377768777,19.0208831721813,0,0,0,62.4655132293701,0,36.2233452796936,0,43.1169773982121,0,0,0,0,0,0,0,35.3912161509196,0,35.9851195333372,0,33.1263647290968,49.1009922027588,21.1579524185739,13.3510009085352,0,21.932000875473,12.1690357400772,55.5378656740542,22.2067174617697,15.9829180668562,22.1535300957064,0,39.2164810983758,0,0,0,30.736596392047,0,35.435282325357,66.7449569702148,37.4848806420151,0,35.302937721384,0,76.8954631260463,20.7542350699262,0,47.9191370010376,0,9.62339019775391,0,35.8034437497457,71.8052444458008,32.6474961031665,78.9204864501953,8.14170071657966,0,0,0,59.0949745178223,75.8794948032924,42.1033295078195,69.2751301356724,40.249791049501,16.0606969588611,37.3338434533176,14.1610635053254,0,13.6919273840671
0,0,45.2041969299316,25.9516696929932,0,25.5965871810913,0,0,0,39.3375968933105,0,0,0,0,0,0,0,0,12.832910053396,43.5027503967285,0,0,0,0,0,0,0,0,0,0,0,0,0,0,58.6093330383301,44.1979338212447,0,49.3208684613628,0,26.3921323523802,0,12.2556566912889,21.932000875473,0,0,19.7642144647263,0,0,55.4584808349609,35.994236946106,0,0,0,0,0,35.526912689209,0,0,0,37.1566886901855,0,0,27.0802278597493,0,0,0,0,0,0,0,49.5091349283854,0,38.2038131713867,0,0,0,0,0,36.2629885782722,58.6709403991699,42.8175135392409,59.3520660400391,13.1214949719608,16.7498331069946,12.321249079765,13.2254342713526,0
0,0,23.9055099487305,0,0,0,0,0,0,47.5065078735352,0,0,0,0,0,0,49.1836522420247,0,13.910079993949,0,0,0,0,0,0,0,57.3906936645508,0,0,0,0,0,0,0,43.682014465332,0,41.5263403112238,0,54.6304576873779,0,26.6850807125829,11.3581576347351,12.1690357400772,0,0,41.3111991882324,19.6038881598449,0,37.0937998635428,0,38.095401763916,0,0,0,31.2061049143473,0,34.9601421356201,0,27.2804622650146,0,27.3404884338379,0,0,28.6948982687557,0,0,0,0,0,0,0,0,0,0,0,0,0,0,57.2980728149414,48.6682934761047,0,51.1584675312042,13.6554183439775,20.0787057876587,18.2448872543044,0,12.5271154219104
0,38.5363147258759,0,26.5014722452224,0,27.0633875846863,0,0,57.2556381225586,40.0475907325745,0,43.6575959523519,0,27.2206837790353,0,0,74.6515154716296,61.2024116721205,36.7939360300479,20.4187258829673,0,0,0,0,0,0,0,47.5418395996094,0,37.566219329834,0,0,0,0,0,42.3596018082056,90.5527591705322,45.7980911694467,95.9063980102539,12.4330562975579,70.4070421854655,19.6030271561787,55.5378656740542,19.7642144647263,41.3111991882324,0,59.4296176744544,0,54.2227024502224,32.1387144270397,0,0,0,0,0,40.7174339294434,53.1279258728027,34.0947144135185,124.911712646484,30.2709256869096,0,31.3136415481567,13.6448166176021,74.4419987996419,0,0,0,0,55.8958915710449,68.0697250366211,44.0205489901396,0,42.1700245943936,75.7479858398438,0,0,0,0,21.4153992582615,84.5633674621582,49.3547543782773,85.3590545654297,38.5397949996142,56.2768856981675,15.5959212954829,30.1859621968303,0
36.4939581553141,0,33.3946297028485,57.6731872558594,40.7579498291016,0,0,0,47.1324987411499,0,0,0,26.9555244445801,0,0,0,62.549459399599,77.6467463175456,37.264970878214,0,7.56794224845039,0,64.6133791605632,0,50.001877784729,0,52.1669797897339,0,0,0,0,0,0,0,34.923958335604,84.6274490356445,33.09009733154,122.437271118164,39.620254823514,63.4147237141927,13.8324372564978,49.2155652046204,22.2067174617697,0,19.6038881598449,59.4296176744544,0,30.3820905685425,33.2544311283893,0,36.9853471120199,0,0,0,44.7339416503906,0,30.4595172463394,0,34.4973679351807,0,33.0808175404867,0,69.532112121582,9.69465048663424,0,57.623654683431,0,0,0,47.7956239662918,81.931510925293,43.6328223042372,0,38.2996101379395,0,0,0,36.7650928497314,89.3232892354329,29.5067108222262,82.4855379377093,32.2976661536212,39.1022536882701,56.9753714622335,17.5668221681596,43.8378842671712,38.7052700519562
0,0,0,0,0,0,0,0,0,0,0,0,0,0,0,0,0,0,51.3603013356527,0,0,0,31.9630355834961,0,16.1782470703125,0,26.4370956420898,0,0,0,0,6.71075075043572,5.38496968083643,5.2150913869114,5.40178939874203,6.34732055393132,9.00897553169832,4.87470493398993,8.24887792079145,8.20808696746826,4.32308483123779,10.5174620228429,15.9829180668562,0,0,0,30.3820905685425,0,4.16683167814652,5.68178771539656,0,0,0,0,0,0,0,0,0,0,0,0,0,30.0558605194092,0,23.5069626399449,0,19.3326822916667,0,0,0,0,0,0,6.49222602429597,6.83154118061066,3.95627868508493,4.83608464322059,8.86412655337664,8.03177698123505,7.78753205374175,7.14361479277317,5.03065393937317,34.329745054245,5.26380397414709,0,28.1690006256104
9.13830270163074,0,19.0446224453744,0,37.4248275756836,71.5858688354492,0,0,17.3684141071441,0,22.2042744954427,0,0,0,13.2308192253113,0,71.7465847384545,82.6464832850865,33.7922048456529,0,17.2748374938965,0,8.25649157463317,101.554534912109,21.9678689002991,0,29.818782215387,0,0,0,0,0,0,0,11.753359336853,101.395919799805,39.2055442972881,0,9.33404122222781,56.160444577535,24.682485217354,43.0588224199083,22.1535300957064,55.4584808349609,37.0937998635428,54.2227024502224,33.2544311283893,4.16683167814652,0,5.30094092090925,38.5756593184038,0,0,0,14.8057110656812,0,15.1985946422652,0,16.2516747779316,0,10.6460212437129,0,65.2769927978516,31.0540021016048,0,5.26320749508915,0,13.3172594200481,0,14.0127726789289,0,10.5681222433905,0,5.74826080336863,0,0,0,6.17233563553203,72.5718383789062,22.3056294201502,69.2388076782227,6.21395790202907,21.1490009314416,58.584224496569,14.2114969983149,70.6925811767578,20.2414719323467
0,7.958046939224,0,14.9824534942816,0,33.8751883506775,0,0,0,16.5912441258292,0,31.6919485727946,0,9.10420833763323,0,3.37178570202419,0,69.2253894805908,40.5461746733866,26.4914608001709,0,3.27297729253769,0,18.354890987277,0,0,0,26.885986328125,0,0,0,11.3525225767275,0,9.89449402072546,0,15.0054989065735,0,10.0454243049099,0,5.16963166024833,0,8.02736612428973,0,35.994236946106,0,32.1387144270397,0,5.68178771539656,5.30094092090925,0,0,0,0,0,0,15.649676862203,0,8.60214206751655,0,9.76239820082211,0,5.62877425600271,31.26147433122,0,4.9203103176535,0,11.6948494485446,0,9.23861095288984,0,15.2470060502212,0,17.4731535367344,0,14.8212842941284,16.9992294311523,6.33541482686996,0,13.5996035970197,0,9.88409944417629,0,8.64913090094957,39.5352754592896,10.6693333532958,11.1117132504781,0
0,0,7.23087072938751,0,4.37731694950248,0,2.90762329101562,0,28.2220630645752,0,7.01313023340134,0,0,0,3.06591427326202,0,0,0,47.5962409973145,0,8.13677110671997,0,0,0,0,0,0,0,0,0,0,0,0,0,0,0,41.565703868866,0,76.7115306854248,0,46.7198886871338,44.5165074666341,39.2164810983758,0,38.095401763916,0,36.9853471120199,0,38.5756593184038,0,0,0,3.58312793441166,0,0,0,5.51953231036992,0,4.19865250653143,0,3.84778162149283,0,0,12.5717789970826,0,0,0,0,0,46.5249239603678,0,39.1256141662598,80.817626953125,0,0,0,0,0,0,56.2364774431501,0,57.7916653951009,30.5043549971147,52.3932685852051,11.4585969984692,0,0
0,0,0,5.77240188916524,0,3.43255434879212,0,2.94884204864502,0,0,0,0,0,26.1426467895508,0,0,0,0,0,4.5248875617981,0,0,0,0,0,0,0,0,0,0,0,0,0,0,0,11.9461285273234,0,0,0,42.1833763122559,0,32.1157245635986,0,0,0,0,0,0,0,0,0,0,0,3.11424014568329,0,3.4365759066173,0,34.7481994628906,0,3.52528101084184,0,4.05101048946381,8.84115791320801,0,0,0,0,0,0,0,40.2680931091309,0,0,0,0,0,0,0,11.3973484039307,0,0,0,4.09494807819525,37.7290573120117,32.5272426605225,0,0
0,0,0,0,0,0,2.93196635861551,0,0,0,0,0,4.11562678217888,0,0,0,0,0,0,0,0,0,0,0,0,0,0,0,0,0,0,0,0,0,0,0,0,0,0,0,0,0,0,0,0,0,0,0,0,0,3.58312793441166,0,0,0,0,0,5.80959756182928,0,3.43274228913443,0,0,0,0,0,0,0,0,0,0,0,0,0,0,0,0,0,0,0,0,0,0,0,2.92464736529759,0,13.9590625762939,0,0
0,0,0,0,0,3.57906198501587,0,2.95357760717702,0,0,0,4.05770993232727,0,0,0,0,0,0,0,0,0,0,0,0,0,0,0,0,0,0,0,0,0,0,0,0,0,0,0,0,0,0,0,0,0,0,0,0,0,0,0,3.11424014568329,0,0,0,0,0,4.85649108886719,0,0,0,0,0,0,0,0,0,0,0,0,0,0,0,0,0,0,0,0,0,0,0,0,0,0,0,0,0
5.82616875721858,0,5.83841691118606,0,5.69928169250488,0,0,0,4.50877739356296,0,0,0,0,0,3.29194296490062,0,0,0,39.9326972961426,0,0,0,54.1576919555664,0,6.0881240458474,0,49.3191146850586,0,0,0,0,0,0,0,0,0,68.5968170166016,0,11.0080746064241,0,54.0929946899414,39.3699385325114,30.736596392047,0,31.2061049143473,0,44.7339416503906,0,14.8057110656812,0,0,0,0,0,0,0,26.0544253587723,0,29.9501538276672,0,5.66092007104741,0,0,0,0,51.3275375366211,0,4.90760190936102,0,40.5267873651841,0,34.0986721038818,0,0,0,0,0,0,0,61.4853006998698,0,21.6428082922231,11.0785827963092,25.966863155365,23.6823250077805,0,43.5697402954102
0,6.74279901293889,0,14.4780757600728,0,3.98480162127265,0,0,0,4.23932465756918,0,0,0,17.8823205828667,0,4.50256770162871,0,71.1727905273438,41.1519927978516,34.0484199523926,0,0,0,7.78391589254341,0,5.87481659108942,0,0,0,0,0,0,0,0,0,0,0,13.5691000994514,0,41.8570289611816,0,15.3992106883011,0,35.526912689209,0,40.7174339294434,0,0,0,15.649676862203,0,3.4365759066173,0,0,0,0,0,20.9788544303492,0,19.4290733411331,0,5.7639812170154,37.6888751983643,0,0,0,8.39723563134819,0,26.5777690627358,0,23.008342755764,0,22.0421870337592,0,0,0,0,0,59.9515813191732,0,20.9901912395771,0,16.2714727177661,40.0978984832764,17.842985841963,14.8460855484009,0
21.7248385293143,0,10.2085370540619,0,13.6997552394867,0,9.4187219413844,0,25.7468274010552,0,7.57084069163485,0,12.7890453338623,0,16.0908432006836,0,64.8626327514648,81.0729064941406,42.8913420104981,0,3.34092423027637,0,38.3274767875671,0,28.0550047556559,0,26.4218650848146,0,6.65887451171875,0,4.3722155455387,0,0,0,0,0,33.3278801706102,0,19.1859210968018,0,41.6942462467012,46.8085708618164,35.435282325357,0,34.9601421356201,53.1279258728027,30.4595172463394,0,15.1985946422652,0,5.51953231036992,0,5.80959756182928,0,26.0544253587723,0,0,0,5.48695058054433,0,15.3908983053163,0,0,12.7624894280183,0,32.4148074119322,0,29.8078784942627,0,21.4755433400472,0,11.7556699861735,0,5.74708432658425,0,0,0,0,0,36.0964116133176,0,43.3007001876831,25.4906654006396,36.0050992965698,10.1922560674723,0,55.5803565979004
0,21.0250934254039,0,8.02872028577895,0,12.9208620878366,0,3.60410308837891,0,21.5322796503703,0,4.35008349978579,0,7.27555127704845,0,0,0,42.9660636901855,45.0334543387095,4.04684817436287,0,0,0,0,0,37.1565055847168,0,8.3405619767996,0,6.97390263421195,0,0,0,0,0,29.4935204188029,0,11.614975748391,0,44.3841508229574,73.8479537963867,34.6876245226179,66.7449569702148,0,0,34.0947144135185,0,0,0,8.60214206751655,0,34.7481994628906,0,4.85649108886719,0,20.9788544303492,0,0,0,7.55499016281999,0,5.26869964599609,11.2631080371746,0,0,0,0,0,34.2270741462708,0,14.5366656051564,0,8.25101751485382,0,0,0,0,0,16.768477553413,109.45263671875,44.0735416973338,0,10.5141917448635,33.1760559082031,9.25810672721145,19.3221776485443,0
18.3215436617533,0,6.03957469508333,0,0,0,0,0,27.6342211829291,0,6.80675725992015,0,7.51391275146726,0,8.38802850133613,0,0,0,45.5274272646223,0,0,0,31.9614121843092,0,20.297498857975,0,20.5110708113511,0,3.94725916534662,0,0,0,0,0,0,0,0,0,78.3867588043213,0,43.8245402744838,45.9623336791992,37.4848806420151,0,27.2804622650146,124.911712646484,34.4973679351807,0,16.2516747779316,0,4.19865250653143,0,3.43274228913443,0,29.9501538276672,0,5.48695058054433,0,0,0,8.91728524167808,0,0,22.2672468073228,0,32.2024650043911,0,29.8229026794434,0,17.3523557983166,0,8.86778828065343,0,0,0,0,0,0,0,48.3097206115723,0,35.8710403442383,32.790175905033,36.4836235046387,18.4728900894864,71.2525329589844,27.1286964416504
0,16.5400300417861,0,21.5531406195267,0,31.4453293482463,0,0,0,18.9325894540356,0,3.77202625663913,0,4.08619715817086,0,4.93250530620791,0,0,49.2472302363469,0,0,31.9644942813449,0,24.1266157967704,0,7.27783069634201,0,4.65337963156172,0,6.67718636762528,0,0,0,0,0,0,0,34.1705484390259,0,45.3206259409587,0,28.2427333565645,0,37.1566886901855,0,30.2709256869096,0,0,0,9.76239820082211,0,3.52528101084184,0,0,0,19.4290733411331,0,7.55499016281999,0,0,0,4.78632050452473,22.6870139626896,0,32.5523824691772,0,22.4175427300589,0,8.82667047250509,0,9.80738637380511,0,26.7949028015137,0,0,0,0,0,53.7107315063477,0,49.2528732299805,0,10.1509095279794,7.33831437134448,16.1767898477323,0,0
5.94976098449142,0,6.84811782836914,0,0,0,0,0,5.32234353368933,0,0,0,3.71230969994755,0,3.77441837595797,0,0,0,40.0128300984701,0,0,0,30.7147178649902,0,14.3553853496428,0,10.9226934837573,0,0,0,0,0,0,0,0,0,0,0,45.8267345428467,0,48.9672770500183,41.7917366027832,35.302937721384,0,27.3404884338379,0,33.0808175404867,0,10.6460212437129,0,3.84778162149283,0,0,0,5.66092007104741,0,15.3908983053163,0,8.91728524167808,0,0,0,0,40.4074621200562,0,23.4094352722168,0,0,0,7.71764656141692,0,32.3019230365753,0,0,0,0,0,0,0,52.5760746002197,0,24.4988346099854,32.581189676335,34.8220653533936,30.5785617979746,0,34.7737445831299
0,7.11440357039957,0,3.89035895797941,0,3.07587822745828,0,0,0,4.55840646097173,0,0,0,5.36170089035703,0,4.80434736454324,0,0,61.8668441772461,0,0,0,0,8.95142908096313,0,0,0,0,0,0,0,0,0,0,0,0,0,79.0256805419922,0,0,0,29.6565053122384,0,0,0,31.3136415481567,0,0,0,5.62877425600271,0,4.05101048946381,0,0,0,5.7639812170154,0,5.26869964599609,0,4.78632050452473,0,0,0,0,0,0,18.1548839381763,0,6.84115052850623,0,16.3234712502052,0,33.7982406616211,0,0,0,0,0,53.7629661560059,0,39.2720069885254,0,12.0318291805409,20.4759123325348,19.4253092839168,0,0
0,25.301025390625,0,35.9970923832485,0,17.2040761311849,0,0,0,45.0298461914062,0,17.1887872013045,0,0,0,0,78.2698467254639,60.6468552676114,47.6877123925964,6.41535693379409,0,44.8924369812012,0,0,0,0,0,37.0008163452148,0,16.8615072965622,0,0,0,0,0,11.8011608676842,100.074356079102,14.4474173751626,103.752799987793,5.5366679029346,89.3519840240479,30.2894148958596,76.8954631260463,27.0802278597493,0,13.6448166176021,69.532112121582,0,65.2769927978516,31.26147433122,0,8.84115791320801,0,0,0,37.6888751983643,0,11.2631080371746,0,22.6870139626896,0,0,0,0,0,0,0,0,45.7468566894531,0,36.29948250516,0,25.7402145624667,0,0,0,0,0,10.7654921482816,100.711357116699,23.7729361372728,103.958432515462,24.0670514674064,62.9371944003635,16.6942918964399,30.0433717657019,0
26.452564239502,0,31.076698575701,0,6.15484651853872,0,0,0,34.3327244349888,0,7.2122260097519,0,0,0,0,0,75.034782409668,0,47.0670205078125,0,3.69527393416629,0,53.3139228820801,0,42.260705947876,0,48.4146440124512,0,0,0,0,0,0,0,57.8431224822998,0,7.75248885538463,0,17.3763790674536,67.5245666503906,17.4401215600495,45.3194694519043,20.7542350699262,0,28.6948982687557,74.4419987996419,9.69465048663424,30.0558605194092,31.0540021016048,0,12.5717789970826,0,0,0,0,0,12.7624894280183,0,22.2672468073228,0,40.4074621200562,0,0,0,0,50.6400095621745,0,0,0,42.8509801951322,0,39.1518954081708,0,15.3100929260254,0,0,0,0,71.9837341308594,10.821443328737,98.6920318603516,14.6203211574104,17.8829967469476,72.2611814226423,12.0021654205675,0,0
0,0,0,0,0,0,0,0,0,0,0,0,0,0,0,0,0,0,0,0,0,4.62285465889287,0,6.4986271747323,0,6.25657305288851,0,5.52914319540325,0,0,0,0,0,0,0,0,0,11.6353877622348,0,0,0,0,0,0,0,0,0,0,0,4.9203103176535,0,0,0,0,0,0,0,0,0,32.5523824691772,0,0,0,0,0,0,6.66362781159199,0,5.23951816138099,0,4.67208252478915,0,0,0,0,0,0,0,0,0,14.8574946564023,0,5.48223724742394,6.16022401279741,0,0,0
26.2443752288818,0,46.0034065246582,0,0,0,0,0,41.2360506057739,0,0,0,0,0,0,0,5.02539764510261,0,44.5791749954224,0,0,0,4.97085275095214,0,6.36222415365231,0,8.19259613957898,0,0,0,0,0,0,0,24.5977067947388,0,0,0,7.71789662324016,0,65.8633397420247,0,47.9191370010376,0,0,0,57.623654683431,23.5069626399449,5.26320749508915,0,0,0,0,0,51.3275375366211,0,32.4148074119322,0,32.2024650043911,0,23.4094352722168,0,0,50.6400095621745,0,0,0,6.04440750704183,0,6.53810320367123,0,8.63992547805493,0,0,0,0,0,0,0,67.9236602783203,0,8.43550247802139,11.3932467564842,8.32284851507707,37.338610398142,0,56.1191177368164
0,14.9115714689272,0,27.5855734594937,0,0,0,0,0,6.69542732588045,0,0,0,16.8282260894775,0,8.27841515011258,0,0,66.7257652282715,0,0,4.55606688090733,0,3.70805098765936,0,4.91838367535518,0,0,0,0,0,0,0,0,0,0,0,6.35647153286707,0,0,0,15.8831455111504,0,0,0,0,0,0,0,11.6948494485446,0,0,0,0,0,8.39723563134819,0,0,0,22.4175427300589,0,18.1548839381763,0,0,6.66362781159199,0,0,0,6.25977599930454,0,21.6333312988281,0,0,0,0,0,0,0,0,0,8.41017196937041,0,11.9017691794088,42.1600570678711,7.40513638446206,0,0
