0,0,0.054002763115626,0,0.00159186813531418,0,0,0,0.0731047615601782,0,2.07398887231922e-05,0,0,0,0,0,0,0,3.93546522786795e-05,0,0,0,0,0,0,0,0,0,0,0,0,0,0,0,0,0,2.68754450898908e-06,0,0,0,0.000700857635932105,0,0.00472043637990032,0,0,0,1.78036159412312e-05,0,0.00840914790706545,0,0,0,0,0,0.0559213642316925,0,0.000207298895902176,0,0,0,0.013294843608462,0,0,0.000350337990422127,0,0,0,0.00099649824885945,0,0.00028951775208412,0,0,0,0.00053293501062064,0,0,0,0,0,0.000383937607427749,0,0,0.00139030197094393,7.73669495045395e-05,0.00822850643787457,0,0.00286144286895749
0,0,0,0.0433904375592809,0,0.000147072808690154,0,0,0,0.0163703264657953,0,0,0,0,0,0,0,0,0.000213284561640815,0,0,0,0,0,0,0,0,0,0,0,0,0,0,0,0,0,0,0,0,0,0,0.00489886452851455,0,0,0,0,2.14561481532325e-05,0,0,0.0231609035675059,0,0.000128306696627167,0,0,0,0.017920182135867,0,3.94007893271672e-05,0,3.5832779481676e-05,0,0.00197155418405892,0,0,0,0,0,0,0,0,0,0,0,0,0,0,0,0,2.65002075079497e-05,2.94505085755774e-06,0,0,0.000644369993672647,0,0.0174702800258979,8.30082776287259e-05,0
0.054002763115626,0,0,0,0.00173396729186024,0,0,0,0.018391047374728,0,0,0,0,0,0,0,1.6151453871045e-05,0,0.00045789494858302,0,0.00033055854423947,0,0,0,0,0,0,0,0,0,0,0,0,0,0,0,0.000180528585918577,0,0,7.85293089355789e-05,0.00045880034831886,1.3248837533157e-05,0.0225992555126073,0,5.98318068832141e-05,0,0.00127082430354743,0.000354904739614546,0.00564046957123401,0,0.000675116409953639,0,0,0,0.0139324335642983,0,0.00223034052949843,0,0.000665814184755717,0,0.01012928904913,0,0,0.00125868499029812,0,0,0,0,0,0,0,0,0,0.00016091622187115,0,0,0,0,0,2.77696628059795e-05,0,0,0.00017120549350951,1.4385403469223e-05,0.0201120592152565,0,0.00621127262039616
0,0.0433904375592809,0,0,0,0.00645217461871345,0,0,0,0.0098065568162307,0,0,0,0,0,0,0,0,8.25274052104266e-05,0,0,0,0,0,0,0,0,0,0,0,0,0,0,0,0,1.4562430929445e-05,0,0,0,0.000925854510674784,0,0.00133211505447315,0,0,0,0,0,0.000166522169418584,0.000133620892031079,0.0115918517330662,0,0.015670980747718,0,0,0,0.0751160705916768,0,0.000644849224244147,0,0.00496596847231208,0,0.0344007677899185,0,0,0,0,0,0,0,0,3.84334340647434e-05,0,0,0,0,0,0,0,2.50464635010227e-05,0,3.05896948699959e-06,0,0.000732734415677617,0,0.0205550097972376,0.000920163728592147,0
0.00159186813531418,0,0.00173396729186024,0,0,0,0.00386530896642062,0,0.00568822822177068,0,0,0,0,0,0.000586682319408283,0,3.14134990950108e-06,0,0,0,0.0104325889294137,0,0,0,0,0,0,0,0,0,0,0,0,0,0,0,0.000202698547672036,0,0,0,0,0,2.94287949868127e-05,0,0,0,0,0,5.2014270069436e-05,0,0.149638196684488,0,0.00201299626421113,0,0.0135963852504597,0,0.00522451557496341,0,0.00207980677139549,0,0.0205610171111444,0,0,0.00704833552026141,0,0,0,0,0,0,0,0,0,0,0,0,0,0,0,8.93110383879548e-05,0,0,0.00418557025564627,0.000446279705852756,0.000571882794546919,0,0
0,0.000147072808690154,0,0.00645217461871345,0,0,0,0.000476338901746313,0,0.00558602687266725,0,0,0,0,0,0.00327530570438207,0,0,0,0.0166734999288625,0,0,0,0,0,0,0,0,0,0,0,0,0,0,0,0.000365971333137509,0,0,0,0.000109004634452342,0,0.000326968682919917,0,0,0,0,0,9.56867502713288e-05,0.000453457637196532,0.00244637245122271,0,0.146314637227782,0,0.00123750840415698,0,0.00904611102833232,0,0.000235755501042155,0,0.000708951528583962,0,0.00500688512953936,0.0111513017200274,0,0,0,0,0,0,0,0,0,0,0,0,0,0,0,0.000137840463231005,0,0,0,0.00239095491028873,0.00234468677891386,0.00421626331160323,0.000289520121792914,0
0,0,0,0,0.00386530896642062,0,0,0,0,0,0.00150449724526359,0,0,0,0,0,0,0,0,0,0.00566567519121878,0,0,0,0,0,0,0,0,0,0,0,0,0,0,0,0,0,0,0,0,0,0,0,0,0,0,0,0,0,0.00304420783781007,0,0.073239696361985,0,0,0,0.00441252906629739,0,0,0,0,0,0,0.00310544155803556,0,0,0,0,0,0,0,0,0,0,0,0,0,0,0,1.36081951395969e-05,0,0,0.00122021521327997,0.000263430351927191,1.57841950306132e-05,0,0
0,0,0,0,0,0.000476338901746313,0,0,0,0,0,8.73120447949551e-05,0,0.00297927623528825,0,0,0,0,0,0.00644160995284018,0,0,0,0,0,0,0,0,0,0,0,0,0,0,0,0,0,0,0,0,0,0,0,0,0,0,0,0,0,0,0,0.0102677514365373,0,0.122096552349926,0,0,0,0.000522005553307128,0,0.00181031937060318,0,0,0,0,0,0,0,0,0,0,0,0,0,0,0,0,0,0,0,0,0,0,0.000373927461800657,9.43289058114498e-05,0,0,0
0.0731047615601782,0,0.018391047374728,0,0.00568822822177068,0,0,0,0,0,6.06262861414944e-05,0,0,0,0.0191140700145142,0,0.0146296221021712,0.0024639956082816,0.000942154447966985,0,0,0,1.98576682833605e-05,0,0.038779593356018,0,0.00326660776573219,0,0,0,0,0,0,0,0,0,2.01921165461853e-05,0,0.00137162093182347,0,0,0,0.0039425142657167,0.000217477293996656,0,0,0,0,0.00671304570253706,0,0.00614834540606368,0,0,0,0.140656688510547,0,0.00018089523994123,0,2.66081967063118e-05,0,0.00766634905179659,0,2.80270651571684e-05,0.000117189790997036,0,0,0,0.0301254692053186,0,0,0,0,0,0,0,0,0,0,1.05847669844679e-06,1.77449957604396e-05,0,0.00083020705831943,0.00780220061950977,0.000580518224900262,0.0113145758588769,0,0.000224674604670086
0,0.0163703264657953,0,0.0098065568162307,0,0.00558602687266725,0,0,0,0,0,0,0,0,0,0.00890871684090728,0.000190843341956958,0.00189705923802573,0.000119439319126848,0,0,0,0,0.0233001435609445,0,0,0,0,0,0,0,0,0,0,0,0,0,0.00322256062521944,0,0,0,0.00200003232325919,0,0,0,0,0,0,0,0.00149112959621726,0,0.000533508071435771,0,0,0,0.208424082731478,0,0,0,0,0,0.00591959881736278,0,0,0,0,0.020343008582826,0,0,0,0,0,0,0,0,0,0,0,0,0,0.00199651189743603,0,0.00335442612140763,0.000222679895511891,0.00477069311926368,0,0
2.07398887231922e-05,0,0,0,0,0,0.00150449724526359,0,6.06262861414944e-05,0,0,0,0.00374518551801741,0,0,0,3.12263545192502e-05,0,0.000334495627977864,0,0.0317166718116033,0,0,0,0,0,0,0,0,0,0,0,0,0,0,0,0.00282311392664724,0,0.00187074830336144,0,9.39112310579752e-05,0,0.000812058404454034,0,0.000132774398593099,0,0.000770744661499403,0,0,0,0.000626644946747373,0,0.00198093316012566,0,0,0,0.0767406203050352,0,0.000267270827186339,0,0,0,0,0.0125369397901149,0,0,0,0,0,0,0,0,0,0.000577779881809478,0,0,0,0,0,0.000369418075996289,0,0.00693769703822512,0.000831685116665704,6.92456729819383e-06,0.000382572220449088,0,7.59893828380679e-05
0,0,0,0,0,0,0,8.73120447949551e-05,0,0,0,0,0,0.00478401030723092,0,0,0,0,0,0.00118269797859035,0,0,0,0,0,0,0,0,0,0,0,0,0,0,0,0,0,0.00515566149053806,0,0,0,0,0,0,0,0,0,0,0,0,0,0,0,0.000374418010928707,0,0,0,0.043614715952403,0,0.00587942335724323,0,0,0.00119847874397927,0,0,0,0,0,0,0,0.00113904375260748,0,0,0,0,0,0,0,4.17749965588553e-05,0,0.000856180293437353,0,0.000319157769448849,0,0,0,0
0,0,0,0,0,0,0,0,0,0,0.00374518551801741,0,0,0,0,0,0,0,0,0,0,0,0,0,0,0,0,0,0.0026108162239267,0,0,0,0,0,0,0,0,0,0,0,0,0,0,0,0,0,0,0,0,0,0,0,0.0109280969863571,0,0,0,0.00385606274316407,0,0.0289706770105136,0,0.00108418730304899,0,0,0,0,0,0,0,0,0,0,0.000411501642162934,0,0.000991157966700112,0,0,0,0,0,0,0,0,0.000391906561998043,8.68246576514316e-05,0,0,0
0,0,0,0,0,0,0,0.00297927623528825,0,0,0,0.00478401030723092,0,0,0,0,0,0,0,0,0,0,0,0,0,0,0,0,0,0,0,0,0,0,0,0,0,0,0,0,0,0,0,0,0,0,0,0,0,0,0,0,0,0,0,0,0,0.000104264414403588,0,0.00917788016797324,0,0.000794343159019448,0,0,0,0,0,0,0.000658368129964039,0,0,0,0,0,0,0,0,0,0,0,0,0,0.000824152151685852,0.000157592719042155,0,0,0
0,0,0,0,0.000586682319408283,0,0,0,0.0191140700145142,0,0,0,0,0,0,0,0.00606203512913442,0.000692815265999832,0.00107564784717601,0,0,0,6.13381675196279e-06,0,0.00965312273478866,0,0.0265022245670646,0,0.000392987391633927,0,0,0,0,0,0,0,0,0,0,0,0,0,0,0,0,0,0,0,0,0,0.00234679235025273,0,0,0,0.00301565009456557,0,0,0,0,0,0.0345719590779666,0,0,0,0,0,0,0.000193804389646376,0,0.00192289576321227,0,0.00020093792823503,0,0,0,0,0,0,0,0,0,0,0.00168964869016842,0,0,0,0
0,0,0,0,0,0.00327530570438207,0,0,0,0.00890871684090728,0,0,0,0,0,0,0,0,0,0,0,0,0,0,0,0,0,0,0,0,0,0,0,0,0,0,0,0,0,0,0,2.03735149270399e-05,0,0,0,0,0,0,0,0.000815701551608642,0,0.00136124510774843,0,0,0,0.0135851843471178,0,0,0,0.00106876364595008,0,0.0331114833145016,0,0,0,0,0,0,0,0,0,0,0,0,0,0,0,0,0,0,0,0,0.000499830348335138,0.000417938199227462,8.67112063570894e-05,0,0
0,0,1.6151453871045e-05,0,3.14134990950108e-06,0,0,0,0.0146296221021712,0.000190843341956958,3.12263545192502e-05,0,0,0,0.00606203512913442,0,0,0.114482845797905,0.081408957725086,0,5.18191653784138e-06,0,0.00522776614135617,0.000528887292185016,0.0154841545254451,0,0.0296874796760808,0,0.00733819847865779,0,0,0,0,0,0,0,0,0,0,0.000478436139818031,0.000130366096905498,0.000283531958868731,0.00104237843905319,9.08669500195628e-05,8.34029509102317e-05,0.000158162358526807,0.00169661067340974,0,0,4.93295608868416e-06,0,0,0,0,0.000411205265320631,2.11663761132655e-05,0.000113793571269436,2.25271065839899e-05,0,0,0.00179518098045457,0,0.000158348983306538,0.000100270574503044,0,0.000390508647151689,6.08914853587124e-06,0,0,0.00609810613891954,0,8.61026117913472e-05,0,5.83876834712416e-05,0,0,0,0,0.00115789332194223,0.0002692294069754,1.34369234258167e-05,0,0.0403399468574563,0.0107109463724567,0.00114590845563533,7.77484069332954e-05,0.000114450424526977
0,0,0,0,0,0,0,0,0.0024639956082816,0.00189705923802573,0,0,0,0,0.000692815265999832,0,0.114482845797905,0,0.0767528326905249,0,0,0.000526855130013244,0.000160055811417248,0.00516757819882078,0.00613592884882719,0.00240452826648863,0.00242481674001392,0,4.93061791115046e-06,0,0,0,0,0,0,0,0,0,0,0.000986320567124358,3.41901551814111e-06,0.00108694341639422,0.000272738591937623,0.0004098699310891,6.87058230156782e-06,0.000185493092834527,0.000468641416856465,0,0,7.58054221590396e-05,0,0,0,0,2.16261752492453e-05,7.50058832627125e-05,3.6643766763514e-05,0,1.3820101671233e-05,0,0.000555299000052311,0,0.000344659874766728,2.67809830557284e-05,0,0,0.000143910090395547,8.87927885310369e-06,1.87351870408747e-05,0.000343221042726337,0,0,0,0,0,0,0,0,0.00121393057275894,8.91319424788351e-05,6.84460367906418e-05,0,0.0325211060713105,0.0152629247708514,0.00169152332032205,0.000605622283419307,1.2773994713109e-05
3.93546522786795e-05,0.000213284561640815,0.00045789494858302,8.25274052104266e-05,0,0,0,0,0.000942154447966985,0.000119439319126848,0.000334495627977864,0,0,0,0.00107564784717601,0,0.081408957725086,0.0767528326905249,0,0,0.000306670695580449,0,0,0.000564972597131586,0.00219009484566839,0,0.000401243755168431,0,0,0,0,0,0,0,0,0,6.54353367918562e-05,0,4.40480368790118e-06,0.0223802745445017,0.00786512031709977,0.0198593111657816,0.0237065687635759,0.0096678100131161,0.00338650504355867,0.00454955013172332,0.0456842324577679,0,3.34257262543842e-05,0.00161450671669301,6.12178929653806e-05,0,1.08449450327895e-05,0,4.00776331743427e-05,0,0.00317660436736334,0.000258666138724538,1.29344616963798e-05,0,0.00045072469847815,0,0.00994313787886341,0.00552893113658678,0,0,1.80241190805026e-05,0,0,8.50554683189933e-06,0,0,0.000643800812250887,0.00155591328822667,0,0,0,0,0.0158641332324895,0.0142398056555071,0.00207140425019963,4.76553845978576e-05,0.0202981086700128,0.00228110230346531,0.0532659227499524,0.0124085391612309,0.00451330486455072
0,0,0,0,0,0.0166734999288625,0,0.00644160995284018,0,0,0,0.00118269797859035,0,0,0,0,0,0,0,0,0,0,0,0,0,0,0,0,0,0,0,0,0,0,0,0.00659172570785261,0,0.00178010427464609,0,0,0,0,0,0,0,0,0,0.000169433939961022,0.000103601840458383,5.15163897786912e-05,0,0.0140631731026863,0,0,0,0,0,0.00204280286663822,0,0,0,0,0.0230105253942092,0,0,0,0,0,0,0,0,0,0,0,0,0,0,0,0.00124431390254736,0,0.00110576549269912,0,0.00103511113556222,6.59739198918325e-07,0.00119961070329611,0,0
0,0,0.00033055854423947,0,0.0104325889294137,0,0.00566567519121878,0,0,0,0.0317166718116033,0,0,0,0,0,5.18191653784138e-06,0,0.000306670695580449,0,0,0,0,0,0,0,0,0,0,0,0,0,0,0,0,0,0.00937876195153016,0,0.000226461719996035,0,0.000164348409033523,6.53426388218616e-06,0.00094835910819533,1.99705849947425e-05,0.00021347462550832,0,0.000656716298618728,0,0.000128796953397957,0,0.00466448795412167,0,0.00135295952409564,0,0,0,0.0171758180600054,0,0,0,0,0,0,0.0676227349242053,0,0,0,0,0,0,0,0,0,0.00651182587080001,0,0,0,0,0,0.0101667403343828,0,1.21114325938713e-05,0.00117138134584224,0,0.00241757801536547,0,0.000280517074617195
0,0,0,0,0,0,0,0,0,0,0,0,0,0,0,0,0,0.000526855130013244,0,0,0,0,0.00670122368803817,0.00132915867750643,0,4.48933044161967e-05,0,0.00319030493229711,0,0,0,0,0,0,0,0,0,0.00622836946105818,0.000488936433495407,0,0,0,0,0,0,0,0,0,0,0.00751136817184763,0,0,0,0,0,0,0,0,0,0,0,0,0,0,0.0407987262111625,0,0.00101520522046094,0,1.82134099553456e-05,0,0.0033894351611259,0,0,0,0,0,0,0,0,0,0.00509807288425859,0,0.00452375814408604,2.47967295763374e-06,0,0,0
0,0,0,0,0,0,0,0,1.98576682833605e-05,0,0,0,0,0,6.13381675196279e-06,0,0.00522776614135617,0.000160055811417248,0,0,0,0.00670122368803817,0,0,0.00544736932734611,0,0.0121564953038095,0,0.00021013036090618,0,0,0,0,0,0,0,0,0,0.002079871349329,0,0,0,0,0,0,0,0,0,2.71812054502437e-05,0,0,0,0,0,0,0,0,0,0,0,5.30354004321134e-06,0,0,0,0,0.035093291931984,0,0.0041337038884689,0,0.00183424042192225,0,0.000274118468851607,0,0,0,0,0,0,0,0,0,0.00133962212365866,0.00461989962843531,0,0,0,0
0,0,0,0,0,0,0,0,0,0.0233001435609445,0,0,0,0,0,0,0.000528887292185016,0.00516757819882078,0.000564972597131586,0,0,0.00132915867750643,0,0,0,0,0.000311462182133555,0,0,0,0,0,0,0,0,0,0,0.00735886761550519,0,0,0,0,0,0,0,0,0,0,0,0.00757674900564016,0,0,0,0,0,0.0173427739530663,0,0,0,0,0,0,0,0,0.000706521393172496,0,0.103696673149569,0,0.00153860715230856,0,0.00278585475707426,0,0,0,0,0,0,0,0,0,0.00693195464724123,0,0.00180758281780663,4.32204754272316e-07,0.000851057402645602,0,0
0,0,0,0,0,0,0,0,0.038779593356018,0,0,0,0,0,0.00965312273478866,0,0.0154841545254451,0.00613592884882719,0.00219009484566839,0,0,0,0.00544736932734611,0,0,0,0.0446950067580294,0,0,0,0,0,0,0,0,0,0,0,0.00693921069337361,0.000888691484056903,0,0,0,0,0,0,0,0,0.00686058856167653,0,0,0,0,0,0.0572172559299374,0,0,0,0,0,0.0059871594385396,0,0,0,0,0.000602548587318177,0,0.0913838889749497,0,0.0259254181039255,0,0,0,0,0,0,0,0,3.18399001661653e-05,0,0,0.00279471650411726,0.0037394635858153,0,0.00120464554177334,0,0
0,0,0,0,0,0,0,0,0,0,0,0,0,0,0,0,0,0.00240452826648863,0,0,0,4.48933044161967e-05,0,0,0,0,0,0,0,0,0,0,0,0,0,0,0,0,0,0,0,0,0,0,0,0,0,0,0,0,0,0,0,0,0,0,0,0,0,0,0,0,0,0,0.00638923867189739,0,0.00306748460570816,0,0.0239122763552206,0,0,0,0,0,0,0,0,0,0,0,0,0,4.25385363985996e-06,0,0,0,0
0,0,0,0,0,0,0,0,0.00326660776573219,0,0,0,0,0,0.0265022245670646,0,0.0296874796760808,0.00242481674001392,0.000401243755168431,0,0,0,0.0121564953038095,0.000311462182133555,0.0446950067580294,0,0,0,0.0202683286295458,0,0,0,0,0,0,0,0,0,0,0,0,0,0,0,0,0,0,0,0,0,0,0,0,0,0.000247637408922741,0,0,0,0,0,0.0088528089623553,0,0,0,0,0.000181922878219191,0,0.0286447670565407,0,0.0584945568854137,0,0.00990694281959713,0,0,0,0,0,0,0,0,0,0,0.00378890436900149,1.10023424712621e-06,0,0,0
0,0,0,0,0,0,0,0,0,0,0,0,0,0,0,0,0,0,0,0,0,0.00319030493229711,0,0,0,0,0,0,0,0.0226501928906119,0,0,0,0,0,0,0,0,0,0,0,0,0,0,0,0,0,0,0,0,0,0,0,0,0,0,0,0,0,0,0,0,0,0,0.00602337901009105,0,0,0,0.000268581689704759,0,0.0132894331443511,0,0,0,0,0,0,0,0,0,0,0,0.000182718250737483,0.000117048130018763,0,0,0
0,0,0,0,0,0,0,0,0,0,0,0,0.0026108162239267,0,0.000392987391633927,0,0.00733819847865779,4.93061791115046e-06,0,0,0,0,0.00021013036090618,0,0,0,0.0202683286295458,0,0,0,0.00397662073716395,0,0,0,0,0,0,0,2.6606005121721e-05,0,0,0,0,0,0,0,0,0,0,0,0,0,0,0,0,0,0.00102279826542868,0,4.12005865655374e-05,0,0,0,0,0,0,0.00121581088941104,0,0,0,0.00295268393231138,0,0.019635209964367,0,0.0130076993284018,0,0,0,0,0,0,0,0,0.00132930053073928,4.6260273430519e-05,0,0,0
0,0,0,0,0,0,0,0,0,0,0,0,0,0,0,0,0,0,0,0,0,0,0,0,0,0,0,0.0226501928906119,0,0,0,0,0,0,0,0,0,0.00118578413587836,0,0,0,0,0,0,0,0,0,0,0,0,0,0,0,0,0,0,0,0,0,0,0,0,0,0,0,0,0,0,0,0,0.0133022739780183,0,0.000216415079194121,0,0,0,0,0,0,0,0.000518335689500574,0,0,0,0,0,0
0,0,0,0,0,0,0,0,0,0,0,0,0,0,0,0,0,0,0,0,0,0,0,0,0,0,0,0,0.00397662073716395,0,0,0,0,0,0,0,0,0,0,0,0,0,0,0,0,0,0,0,0,0,0,0,0,0,0,0,0.00140155740373067,0,0,0,0,0,0,0,0,0,0,0,0,0,0,9.00140454350984e-05,0,0.161365509006671,0,0,0,0,0,0,0,0.000548548290511306,0,0,0,0,0
0,0,0,0,0,0,0,0,0,0,0,0,0,0,0,0,0,0,0,0,0,0,0,0,0,0,0,0,0,0,0,0,0.0347490727680885,0.000113854650846401,0,0.00306206734846323,0.000950254031724222,0,0,0,0,0,0,0,0,0,0,0.140547049634879,0,0,0,0,0,0,0,0,0,0,0,0,0,0,0,0,0,0,0,0,0,0,0,0,0,0,0.00824280532456903,0.00166379150121089,0.000330010464338491,0,0.00250792159604348,0.000227654806605162,0,0,0.00159858049505538,0,0,0,0
0,0,0,0,0,0,0,0,0,0,0,0,0,0,0,0,0,0,0,0,0,0,0,0,0,0,0,0,0,0,0,0.0347490727680885,0,0,0.000466985235909657,0.000104071688052298,0.00627276468642154,0,0,0,0,0,0,0,0,0,0,0.0158329257278005,0.000735283549314867,0,0,0,0,0,0,0,0,0,0,0,0,0,0,0,0,0,0,0,0,0,0,0,0,0,0.0125692428688008,0.0431477088787256,0,0.00342981042440683,3.06070684332589e-05,0.00513002164142387,0,0,7.77169807954481e-05,0,0,0,0
0,0,0,0,0,0,0,0,0,0,0,0,0,0,0,0,0,0,0,0,0,0,0,0,0,0,0,0,0,0,0,0.000113854650846401,0,0,0.0328679587703418,0.00317905403057037,0,0.00126574901206534,0,0,0,0,0,0,0,0,0,0.0449101602103799,3.29172512405131e-05,0.000730482888386846,0,0,0,0,0,0,0,0,0,0,0,0,0,0,0,0,0,0,0,0,0,0,2.99927900085397e-05,0,0.00100468337593332,0,0.0767712709104847,0.00243182034486289,0.000392808996752024,0,0.00272707759029155,0,0.000125714613529215,0.000120880293222086,1.92434844603696e-05,0,0
0,0,0,0,0,0,0,0,0,0,0,0,0,0,0,0,0,0,0,0,0,0,0,0,0,0,0,0,0,0,0,0,0.000466985235909657,0.0328679587703418,0,0,0.0058004341005864,0,0.00640799646773758,0,0,0,0,0,0,0,0,0.0883502488690409,0.000985080970898085,2.11317660680523e-05,0,0,0,0,0,0,0,0,0,0,0,0,0,0,0,0,0,0,0,0,0,0,0,0,0,0.00284440303684429,0.00891769759156797,0.0750848194303284,0,0.0114797727770578,0,0.00825865617239415,0.000318301022064198,2.29991490227309e-05,0,0,0
0,0,0,1.4562430929445e-05,0,0.000365971333137509,0,0,0,0,0,0,0,0,0,0,0,0,0,0.00659172570785261,0,0,0,0,0,0,0,0,0,0,0,0.00306206734846323,0.000104071688052298,0.00317905403057037,0,0,0.00242840703895358,0.0111088266876379,0,2.55692147740607e-05,0,1.73538894378983e-05,0,0,0,0.000217882586300084,0,0.000735877648558547,9.41794860071592e-05,0.000609547230966581,0,0.00107567821967405,0,0,0,5.90286710063397e-05,0,9.17443892899094e-05,0,0,0,7.62313005025947e-05,0.0160943566960206,0,0,0,0,0,0,0,0,0,1.38163541445262e-05,0,0.00409833154616045,0,0.00240520623769774,0,0.0410137021381436,0.00129669543872992,0.000735630005051978,0,0.00145658009979659,7.81284719146178e-05,0.0013972575943015,0,0
2.68754450898908e-06,0,0.000180528585918577,0,0.000202698547672036,0,0,0,2.01921165461853e-05,0,0.00282311392664724,0,0,0,0,0,0,0,6.54353367918562e-05,0,0.00937876195153016,0,0,0,0,0,0,0,0,0,0,0.000950254031724222,0.00627276468642154,0,0.0058004341005864,0.00242840703895358,0,0,0.00670006016350266,0,1.57981691860786e-05,0,6.59914834391271e-06,0,0,0,3.1597154268933e-05,0.000326574856483878,0.00064753223363258,0,0.000316585506469388,0,2.8664228432577e-05,0,0,0,0.00136029252786206,0,0.000365708915728775,0,0,0,0,0.00486735268665996,0,0,0,0,0,0,0,0,0,0,0,0.000168432232352174,0,0.00142296091142863,0.000536529795881636,0.068803899927455,0,0.000215417931203862,0.00225861279141512,0.000632645784834165,0.00156019269866994,0,0
0,0,0,0,0,0,0,0,0,0.00322256062521944,0,0.00515566149053806,0,0,0,0,0,0,0,0.00178010427464609,0,0.00622836946105818,0,0.00735886761550519,0,0,0,0,0,0.00118578413587836,0,0,0,0.00126574901206534,0,0.0111088266876379,0,0,0,0,0,4.1967882869374e-05,0,0,0,0,0,0.00359299921025766,0,0.00143986301386106,0,0,0,0,0,0.000721761726226775,0,0.00248846345914977,0,0,0,0,0.000541479167714542,0,0.000770328462814338,0,0.00227062811842974,0,0,0,0.000210895952613509,0,0.00307941505399655,0,0,0,0.00101623539060469,0,0.00599731354409038,0,0.0324869040734691,0,0.00249142774847181,0.000660463482557536,0.00120439965661605,0,0
0,0,0,0,0,0,0,0,0.00137162093182347,0,0.00187074830336144,0,0,0,0,0,0,0,4.40480368790118e-06,0,0.000226461719996035,0.000488936433495407,0.002079871349329,0,0.00693921069337361,0,0,0,2.6606005121721e-05,0,0,0,0,0,0.00640799646773758,0,0.00670006016350266,0,0,0,0,0,0.000297159479219601,0,0,0,0,0.00275261695944511,0.00364035916760985,0,0,0,0,0,0.000739150800419654,0,0,0,0,0,0,0,0,0.000163962699048816,0,0.00058380944721642,0,0.000707214438523571,0,0,0,0,0,0,0,0,0,0.00321296863806748,0,0.00642432397461581,0,0.0391547756144805,0.00265232375473021,0.000161162830082317,0.00139379446206999,0,0
0,0,7.85293089355789e-05,0.000925854510674784,0,0.000109004634452342,0,0,0,0,0,0,0,0,0,0,0.000478436139818031,0.000986320567124358,0.0223802745445017,0,0,0,0,0,0.000888691484056903,0,0,0,0,0,0,0,0,0,0,2.55692147740607e-05,0,0,0,0,0.000249740871424903,0.0465699959306639,2.17094592987378e-05,0.0216956592743815,3.13709979856502e-05,0.00139894991738894,0.000208729359555074,0.000946306133087476,0,0.0152964825889244,0,0,0,0,0,0.000211255992993454,0,0.000114832626958695,0,0,0,0,0.00241304800629995,0,0,0,0,0,0,0,0,0,4.80357907538712e-05,0,0,0,0,0,0.00145056578067992,4.35195874251661e-05,0.00116936274588919,0,0.000138683919918413,1.45120373948808e-05,0.0405169694874758,0.0428960542342249,0
0.000700857635932105,0,0.00045880034831886,0,0,0,0,0,0,0,9.39112310579752e-05,0,0,0,0,0,0.000130366096905498,3.41901551814111e-06,0.00786512031709977,0,0.000164348409033523,0,0,0,0,0,0,0,0,0,0,0,0,0,0,0,1.57981691860786e-05,0,0,0.000249740871424903,0,0.000183910782349182,0.010864653774478,0,0.00468967808139121,0,0.0234731876476889,0,0.00984439449194639,0,5.67005067451884e-05,0,9.17107788536457e-05,0,0,0,0.00168640414912787,0,0.000116171036314923,0,3.98771663898817e-05,0,0,0.00750200833350168,0,0,0,0,0,0,0,0,0,0.000297670460309692,0,0,0,0,0,0.00699401412146856,0,0.000572373771222102,6.45057008274273e-05,0,0.0247549316685176,0,0.0036027664405711
0,0.00489886452851455,1.3248837533157e-05,0.00133211505447315,0,0.000326968682919917,0,0,0,0.00200003232325919,0,0,0,0,0,2.03735149270399e-05,0.000283531958868731,0.00108694341639422,0.0198593111657816,0,6.53426388218616e-06,0,0,0,0,0,0,0,0,0,0,0,0,0,0,1.73538894378983e-05,0,4.1967882869374e-05,0,0.0465699959306639,0.000183910782349182,0,0.00701244522319357,0.00406893120076566,0,0.00129165521772789,0.000456156010257736,0.000789858184202039,1.24360590340175e-05,0.0332378509108488,0,0.00024706200940829,0,0,0,0.000211491055791946,2.70958280357278e-05,0.0135521100597569,0,0.000373059265964507,0,0.0013787032828643,0.00626888837484791,0,0,0,0,0,0,0,7.11515273395312e-05,0,0.00315661152015473,1.32906337445438e-05,0,0,0,0,0.0107134575338518,5.68575197211187e-05,0.00390453510684518,0,0.00527069485614659,4.19224195226631e-05,0.145779838631516,0.223237659042802,0.000111416252509882
0.00472043637990032,0,0.0225992555126073,0,2.94287949868127e-05,0,0,0,0.0039425142657167,0,0.000812058404454034,0,0,0,0,0,0.00104237843905319,0.000272738591937623,0.0237065687635759,0,0.00094835910819533,0,0,0,0,0,0,0,0,0,0,0,0,0,0,0,6.59914834391271e-06,0,0.000297159479219601,2.17094592987378e-05,0.010864653774478,0.00701244522319357,0,3.57957041710755e-05,0.00441234213234746,0,0.0163019657654781,0.00112115079687672,0.0194572591153276,8.5294862150982e-06,0.000122529885194724,0,0,0,0.000384318512127174,0,0.0352272325345264,0,0.00109612550357524,0,0.000304113814051784,0,0.000113735468919502,0.0201103642685027,0,0,0,0,0,0,0,0,0,0.00353332815810037,0,0,0,9.00674248960885e-05,7.01988161869617e-05,0.00496539052578813,4.57603398019475e-06,2.47748289054067e-05,0.00513184922094154,2.26202137545069e-05,0.125871572695572,0.000482350049906267,0.114122287941427
0,0,0,0,0,0,0,0,0.000217477293996656,0,0,0,0,0,0,0,9.08669500195628e-05,0.0004098699310891,0.0096678100131161,0,1.99705849947425e-05,0,0,0,0,0,0,0,0,0,0,0,0,0,0,0,0,0,0,0.0216956592743815,0,0.00406893120076566,3.57957041710755e-05,0,0,0.000802061229786212,0.000256244536962973,0,0,0,0,0,0,0,0,0,0,0.00202119797345285,0,0,0,0,0.0012999644544764,3.0979023148876e-05,0,0,0,0,0,0,0,0,0.00369611823162001,0,0,0,0,0,0.00185760854329459,2.68173610217768e-06,0.00518756148456716,0,0.000390982250824793,5.80146761314255e-06,0.0213571796060802,0.000789954318466679,0
0,0,5.98318068832141e-05,0,0,0,0,0,0,0,0.000132774398593099,0,0,0,0,0,8.34029509102317e-05,6.87058230156782e-06,0.00338650504355867,0,0.00021347462550832,0,0,0,0,0,0,0,0,0,0,0,0,0,0,0,0,0,0,3.13709979856502e-05,0.00468967808139121,0,0.00441234213234746,0,0,0,0.00974107172419008,0,0,0,0,0,0,0,0,0,0.000916650201868431,0,0,0,0,0,0,0.00263147769770989,0,0,0,0,0,0,0,0,0,0.000516821870462152,0,0,0,0,0,0.0012196032227577,0,0,0.000224474701513596,0,0.00848378452048124,0,0.00010542738829028
0,0,0,0,0,0,0,0,0,0,0,0,0,0,0,0,0.000158162358526807,0.000185493092834527,0.00454955013172332,0,0,0,0,0,0,0,0,0,0,0,0,0,0,0,0,0.000217882586300084,0,0,0,0.00139894991738894,0,0.00129165521772789,0,0.000802061229786212,0,0,0.000211423201531973,0,0,0.0006066322171801,0,0,0,0,0,0,0,0.00176714175018252,0,0,0,0,0.0191908539508511,0,0,0,0,0,0,0,0,0,0.00238327567315868,0,0,0,0,0,0.00514545667340079,1.63811284043149e-05,0.00504956413086937,0,0.000314746840451854,1.47021908044805e-06,0.0108548458524448,0,0
1.78036159412312e-05,2.14561481532325e-05,0.00127082430354743,0,0,0,0,0,0,0,0.000770744661499403,0,0,0,0,0,0.00169661067340974,0.000468641416856465,0.0456842324577679,0,0.000656716298618728,0,0,0,0,0,0,0,0,0,0,0,0,0,0,0,3.1597154268933e-05,0,0,0.000208729359555074,0.0234731876476889,0.000456156010257736,0.0163019657654781,0.000256244536962973,0.00974107172419008,0.000211423201531973,0,8.53409694791452e-06,0.000200046739066162,0,7.7745012015149e-05,0,0.000165224463396611,0,0,0,0.00498305507726626,0.00012318000476149,0.000273432053590941,0,1.03202302255865e-05,0,0.000111373946639465,0.0397446970682694,0,0,0,0,0,3.67095736810755e-05,0,0,0,0.00179844364252028,0,0,0,0,0.000273728270785092,0.012146980507283,0,6.1627640679196e-05,0.000803232505373617,1.92111262728992e-05,0.025819723255189,0.000176847302246741,0.00155091087170737
0,0,0.000354904739614546,0.000166522169418584,0,9.56867502713288e-05,0,0,0,0,0,0,0,0,0,0,0,0,0,0.000169433939961022,0,0,0,0,0,0,0,0,0,0,0,0.140547049634879,0.0158329257278005,0.0449101602103799,0.0883502488690409,0.000735877648558547,0.000326574856483878,0.00359299921025766,0.00275261695944511,0.000946306133087476,0,0.000789858184202039,0.00112115079687672,0,0,0,8.53409694791452e-06,0,0.107289552491882,0.0423302482490289,0,0,0,0,0,0.000107981413948559,9.75322818078784e-05,2.35229444112597e-05,0,0,0,1.52120571832383e-05,0,0,0,7.56690067993585e-05,0,0,0,0,0,0,2.38593594648604e-05,0,0.0579423005755971,0.0826533632652801,0.0521576855879404,0.0824175874773972,0.0127871074141157,0.00908719942439529,0.0206999086657122,0.0197924272153052,0.00427950458592951,2.66343862129499e-05,0.0135071431475828,0,0
0.00840914790706545,0,0.00564046957123401,0.000133620892031079,5.2014270069436e-05,0.000453457637196532,0,0,0.00671304570253706,0,0,0,0,0,0,0,0,0,3.34257262543842e-05,0.000103601840458383,0.000128796953397957,0,2.71812054502437e-05,0,0.00686058856167653,0,0,0,0,0,0,0,0.000735283549314867,3.29172512405131e-05,0.000985080970898085,9.41794860071592e-05,0.00064753223363258,0,0.00364035916760985,0,0.00984439449194639,1.24360590340175e-05,0.0194572591153276,0,0,0,0.000200046739066162,0.107289552491882,0,0.00103446295468734,0,0.000102974154273861,0,0,0.0054817581782024,0.000417436945086583,0.0256975626913506,3.53009973472391e-05,0.00299675312860963,0,0.000483605461587078,1.3249978248712e-05,0,0.000399642187749326,0,0.00283506568162274,0,0.00855192695417907,0,0.00477292373739103,0,0.00958691172792226,9.57972490648858e-06,0.00204345934045732,0,0.00189277625370714,2.63413520078472e-05,0.00211248518106907,1.74171013516311e-05,0.0040380475408158,0,0.00895435636916618,0.0014145624314884,9.17832100369917e-06,0.0480296889252446,0,7.06776011306053e-05
0,0.0231609035675059,0,0.0115918517330662,0,0.00244637245122271,0,0,0,0.00149112959621726,0,0,0,0,0,0.000815701551608642,4.93295608868416e-06,7.58054221590396e-05,0.00161450671669301,5.15163897786912e-05,0,0.00751136817184763,0,0.00757674900564016,0,0,0,0,0,0,0,0,0,0.000730482888386846,2.11317660680523e-05,0.000609547230966581,0,0.00143986301386106,0,0.0152964825889244,0,0.0332378509108488,8.5294862150982e-06,0,0,0.0006066322171801,0,0.0423302482490289,0.00103446295468734,0,0,0.00225281715731312,0,0,0,0.00756989655658126,6.50307352737331e-05,0.0224470585106834,0,0.00530821798839567,0,0.0153650092896788,0.0012909816466772,0,0.00462879716657298,0,0.00953279652680376,0,0.00523349913630503,0,0.00458441989007569,0,0.00525300650701364,0,0,0,0.0022103660053558,6.79163376772116e-05,0.00130557951597664,0,0.0133541444217219,0,0.00170213606919914,0,0.0498617167825748,0.000507952246107297,0
0,0,0.000675116409953639,0,0.149638196684488,0,0.00304420783781007,0,0.00614834540606368,0,0.000626644946747373,0,0,0,0.00234679235025273,0,0,0,6.12178929653806e-05,0,0.00466448795412167,0,0,0,0,0,0,0,0,0,0,0,0,0,0,0,0.000316585506469388,0,0,0,5.67005067451884e-05,0,0.000122529885194724,0,0,0,7.7745012015149e-05,0,0,0,0,0,0.0119018800853852,0,0.00460025766054039,0,0.0347983505278879,0,0.0170200530710697,0,0.0180998127539157,0,0,0.00504813719297089,0,0,0,0,0,0,0,0,0,0,0,0,0,0,0,0.000414105099052837,0,0,0.00419614279479724,0.000221177171793412,0.0013278776940792,0,0
0,0.000128306696627167,0,0.015670980747718,0,0.146314637227782,0,0.0102677514365373,0,0.000533508071435771,0,0,0,0,0,0.00136124510774843,0,0,0,0.0140631731026863,0,0,0,0,0,0,0,0,0,0,0,0,0,0,0,0.00107567821967405,0,0,0,0,0,0.00024706200940829,0,0,0,0,0,0,0.000102974154273861,0.00225281715731312,0,0,0,0.000687874560028324,0,0.000378568736002402,0,0.0198761757898795,0,0.00249029459414827,0,0.0134278791859555,0.0231978600846366,0,0,0,0,0,0,0,0,0,0,0,0,0,0,0,0.000585256408912032,0,0,0,0.00177470198935229,0.000615978156526898,0.00928861265429802,5.10676979852097e-05,0
0,0,0,0,0.00201299626421113,0,0.073239696361985,0,0,0,0.00198093316012566,0,0.0109280969863571,0,0,0,0,0,1.08449450327895e-05,0,0.00135295952409564,0,0,0,0,0,0,0,0,0,0,0,0,0,0,0,2.8664228432577e-05,0,0,0,9.17107788536457e-05,0,0,0,0,0,0.000165224463396611,0,0,0,0.0119018800853852,0,0,0,0,0,0.0340343984158926,0,0.00376939114204576,0,3.4427914612871e-05,0,0,0.00324421276668416,0,0,0,0,0,0,0,0,0,0,0,0,0,0,0,0.000150666933931899,0,0,0.00200945203449778,9.9402175447273e-05,0.000246510280570798,0,0
0,0,0,0,0,0.00123750840415698,0,0.122096552349926,0,0,0,0.000374418010928707,0,0,0,0,0,0,0,0,0,0,0,0,0,0,0,0,0,0,0,0,0,0,0,0,0,0,0,0,0,0,0,0,0,0,0,0,0,0,0,0.000687874560028324,0,0,0,0,0,0.00773339743936466,0,0.000819494453493807,0,0,0,0,0,0,0,0,0,0,0,0,0,0,0,0,0,0,0,0,0,0,0.000376054698679438,0,0,0,0
0.0559213642316925,0,0.0139324335642983,0,0.0135963852504597,0,0,0,0.140656688510547,0,0,0,0,0,0.00301565009456557,0,0.000411205265320631,2.16261752492453e-05,4.00776331743427e-05,0,0,0,0,0,0.0572172559299374,0,0.000247637408922741,0,0,0,0,0,0,0,0,0,0,0,0.000739150800419654,0,0,0,0.000384318512127174,0,0,0,0,0,0.0054817581782024,0,0.00460025766054039,0,0,0,0,0,4.03166158765727e-05,0,0,0,0.0034560854752088,0,0,0,0,0,0,0.0289009236768089,0,0.00132957511294791,0,0,0,0,0,0,0,0,0,0,0,0.00211013949340506,0.000470346343240918,1.49035215522092e-05,0.00525381785168837,0,0
0,0.017920182135867,0,0.0751160705916768,0,0.00904611102833232,0,0,0,0.208424082731478,0,0,0,0,0,0.0135851843471178,2.11663761132655e-05,7.50058832627125e-05,0,0,0,0,0,0.0173427739530663,0,0,0,0,0,0,0,0,0,0,0,5.90286710063397e-05,0,0.000721761726226775,0,0.000211255992993454,0,0.000211491055791946,0,0,0,0,0,0.000107981413948559,0.000417436945086583,0.00756989655658126,0,0.000378568736002402,0,0,0,0,0,0,0,0,0,0.00743808281825716,0,0,0,0,0.105714214365018,0,0,0,0,0,0,0,0,0,0,0,3.92095672878574e-05,0,0.00388910904539169,0,0.00138915697899213,3.68087500227484e-06,0.00709322564573579,0,0
0.000207298895902176,0,0.00223034052949843,0,0.00522451557496341,0,0.00441252906629739,0,0.00018089523994123,0,0.0767406203050352,0,0.00385606274316407,0,0,0,0.000113793571269436,3.6643766763514e-05,0.00317660436736334,0,0.0171758180600054,0,0,0,0,0,0,0,0.00102279826542868,0,0.00140155740373067,0,0,0,0,0,0.00136029252786206,0,0,0,0.00168640414912787,2.70958280357278e-05,0.0352272325345264,0,0.000916650201868431,0,0.00498305507726626,9.75322818078784e-05,0.0256975626913506,6.50307352737331e-05,0.0347983505278879,0,0.0340343984158926,0,4.03166158765727e-05,0,0,0,0.00979746601645428,0,0.00634789205193775,0,0,0.0509800291175718,0,0,0,0,0,0.00308600282860182,0,0.0390657162247804,0,0.0452257993732927,0,0,0,0,5.034350408409e-06,0.00357702462736051,0,0,0.000829263885390725,1.44882102808621e-05,0.0408630332978357,1.59747652398044e-05,0.00414297877378282
0,3.94007893271672e-05,0,0.000644849224244147,0,0.000235755501042155,0,0.000522005553307128,0,0,0,0.043614715952403,0,0.000104264414403588,0,0,2.25271065839899e-05,0,0.000258666138724538,0.00204280286663822,0,0,0,0,0,0,0,0,0,0,0,0,0,0,0,9.17443892899094e-05,0,0.00248846345914977,0,0.000114832626958695,0,0.0135521100597569,0,0.00202119797345285,0,0.00176714175018252,0.00012318000476149,2.35229444112597e-05,3.53009973472391e-05,0.0224470585106834,0,0.0198761757898795,0,0.00773339743936466,0,0,0,0,0,0.013512297599773,0,0.0015035383980424,0.0302247795949386,0,0,0,0,0,0.0052620622708796,0,0.0337376390296115,0,0.0563115479570396,0,0,0,0,0,0.00116322215754333,0,0.0018310955630028,0,7.5852148513288e-05,0,0.0168862059544816,0.00190115045841024,0
0,0,0.000665814184755717,0,0.00207980677139549,0,0,0,2.66081967063118e-05,0,0.000267270827186339,0,0.0289706770105136,0,0,0,0,1.3820101671233e-05,1.29344616963798e-05,0,0,0,0,0,0,0,0,0,4.12005865655374e-05,0,0,0,0,0,0,0,0.000365708915728775,0,0,0,0.000116171036314923,0,0.00109612550357524,0,0,0,0.000273432053590941,0,0.00299675312860963,0,0.0170200530710697,0,0.00376939114204576,0,0,0,0.00979746601645428,0,0,0,0.00495523640243562,0,0,0.000148223630665379,0,0,0,0,0,0.000492460433693229,0,0.00221800319027578,0,7.35408899948439e-05,0,0,0,0,0,0.000256362247246098,0,0,0.000275671993025652,4.91480900452543e-06,0.0020899558112776,0,0.000111510224752832
0,3.5832779481676e-05,0,0.00496596847231208,0,0.000708951528583962,0,0.00181031937060318,0,0,0,0.00587942335724323,0,0.00917788016797324,0,0.00106876364595008,0,0,0,0,0,0,0,0,0,0,0,0,0,0,0,0,0,0,0,0,0,0,0,0,0,0.000373059265964507,0,0,0,0,0,0,0,0.00530821798839567,0,0.00249029459414827,0,0.000819494453493807,0,0,0,0.013512297599773,0,0,0,0.0106294279407111,0,0,0,0,0,0,0.0214418758512649,0,0.0128831998010973,0,0,0,0,0,0,0,0,0,0,0,0.000650191507866332,2.66309098151396e-06,0.00125790829963757,7.33529839103924e-05,0
0.013294843608462,0,0.01012928904913,0,0.0205610171111444,0,0,0,0.00766634905179659,0,0,0,0.00108418730304899,0,0.0345719590779666,0,0.00179518098045457,0.000555299000052311,0.00045072469847815,0,0,0,5.30354004321134e-06,0,0.0059871594385396,0,0.0088528089623553,0,0,0,0,0,0,0,0,0,0,0,0,0,3.98771663898817e-05,0,0.000304113814051784,0,0,0,1.03202302255865e-05,0,0.000483605461587078,0,0.0180998127539157,0,3.4427914612871e-05,0,0.0034560854752088,0,0.00634789205193775,0,0.00495523640243562,0,0,0,0,0,0,0,0,0,0,0.0039647307849951,0,0,0,0,0,0,0,0,0,0,0,0,0.000793913052844277,0,0.000402579012970147,0,3.9710506926196e-05
0,0.00197155418405892,0,0.0344007677899185,0,0.00500688512953936,0,0,0,0.00591959881736278,0,0,0,0.000794343159019448,0,0.0331114833145016,0,0,0,0,0,0,0,0,0,0,0,0,0,0,0,0,0,0,0,7.62313005025947e-05,0,0,0,0,0,0.0013787032828643,0,0,0,0,0,1.52120571832383e-05,1.3249978248712e-05,0.0153650092896788,0,0.0134278791859555,0,0,0,0.00743808281825716,0,0.0015035383980424,0,0.0106294279407111,0,0,0.000140495137395512,0,0,0,0,0,0.0115475768013622,0,0.00024072705935208,0,0,0,0,0,0,0,4.78365250818483e-05,0,0,0,0.00114591946882038,0.000276690205991586,0.00718090242419102,0.000142589998905882,0
0,0,0,0,0,0.0111513017200274,0,0,2.80270651571684e-05,0,0,0.00119847874397927,0,0,0,0,0.000158348983306538,0.000344659874766728,0.00994313787886341,0.0230105253942092,0,0,0,0,0,0,0,0,0,0,0,0,0,0,0,0.0160943566960206,0,0.000541479167714542,0,0.00241304800629995,0,0.00626888837484791,0.000113735468919502,0.0012999644544764,0,0.0191908539508511,0.000111373946639465,0,0,0.0012909816466772,0,0.0231978600846366,0,0,0,0,0,0.0302247795949386,0,0,0,0.000140495137395512,0,0,0,0,0,0,0,0,0.00167575447744524,0,0.0149238422890638,2.09115223762718e-05,0,0,0,0,0.0185699774239046,5.20813942364923e-06,0.009505017833022,0,0.000765448568477379,4.20054355416567e-06,0.029220447019983,0.000523890943614808,0
0.000350337990422127,0,0.00125868499029812,0,0.00704833552026141,0,0.00310544155803556,0,0.000117189790997036,0,0.0125369397901149,0,0,0,0,0,0.000100270574503044,2.67809830557284e-05,0.00552893113658678,0,0.0676227349242053,0,0,0,0,0,0,0,0,0,0,0,0,0,0,0,0.00486735268665996,0,0.000163962699048816,0,0.00750200833350168,0,0.0201103642685027,3.0979023148876e-05,0.00263147769770989,0,0.0397446970682694,0,0.000399642187749326,0,0.00504813719297089,0,0.00324421276668416,0,0,0,0.0509800291175718,0,0.000148223630665379,0,0,0,0,0,0,0,0,0,0,0,0,0,0,0.00833394476706089,0,0,0,0,2.40834729654051e-06,0.0206110485918981,0,0.00111578348564717,0.00368176277912287,9.92043392980941e-06,0.0341134156188484,0,0.00522438763366505
0,0,0,0,0,0,0,0,0,0,0,0,0,0,0,0,0,0,0,0,0,0.0407987262111625,0,0.000706521393172496,0,0.00638923867189739,0,0.00602337901009105,0,0,0,0,0,0,0,0,0,0.000770328462814338,0,0,0,0,0,0,0,0,0,0,0,0.00462879716657298,0,0,0,0,0,0,0,0,0,0,0,0,0,0,0,0,0.0203116061391619,0,0.00751184899232489,0,0.0101061514761297,0,0,0,0,0,0,0,0,0,0.00670402749905676,0,0.000266865430508302,0,0,0,0
0,0,0,0,0,0,0,0,0,0,0,0,0,0,0,0,0.000390508647151689,0,0,0,0,0,0.035093291931984,0,0.000602548587318177,0,0.000181922878219191,0,0.00121581088941104,0,0,0,0,0,0,0,0,0,0.00058380944721642,0,0,0,0,0,0,0,0,7.56690067993585e-05,0.00283506568162274,0,0,0,0,0,0,0,0,0,0,0,0,0,0,0,0,0,0,0.00572475859734888,0,0.0103744569376249,0,0.0184176242591395,0,0,0,0,0,0,0,0,0,0.0105697948433197,0.00031955356232183,0,3.08503458233664e-05,0,0
0,0,0,0,0,0,0,0,0,0.020343008582826,0,0,0,0,0,0,6.08914853587124e-06,0.000143910090395547,1.80241190805026e-05,0,0,0.00101520522046094,0,0.103696673149569,0,0.00306748460570816,0,0,0,0,0,0,0,0,0,0,0,0.00227062811842974,0,0,0,0,0,0,0,0,0,0,0,0.00953279652680376,0,0,0,0,0,0.105714214365018,0,0,0,0,0,0,0,0,0.0203116061391619,0,0,0,0.0183156128692242,0,0.0137139165652327,0,0,0,0,0,0,0,0,0,0.00290067421839513,0,0.00090866393853717,0,0.00276712209207927,0,0
0.00099649824885945,0,0,0,0,0,0,0,0.0301254692053186,0,0,0,0,0,0.000193804389646376,0,0,8.87927885310369e-06,0,0,0,0,0.0041337038884689,0,0.0913838889749497,0,0.0286447670565407,0,0,0,0,0,0,0,0,0,0,0,0.000707214438523571,0,0,0,0,0,0,0,0,0,0.00855192695417907,0,0,0,0,0,0.0289009236768089,0,0,0,0,0,0,0,0,0,0,0.00572475859734888,0,0,0,0.0106880299043872,0,0.000226418235879498,0,0,0,0,0,0,0,0,0,0.00204557691667596,0.000310739083368905,0,0.00160503984429569,0,0
0,0,0,0,0,0,0,0,0,0,0,0,0,0.000658368129964039,0,0,0,1.87351870408747e-05,0,0,0,1.82134099553456e-05,0,0.00153860715230856,0,0.0239122763552206,0,0.000268581689704759,0,0,0,0,0,0,0,0,0,0,0,0,0,0,0,0,0,0,0,0,0,0.00523349913630503,0,0,0,0,0,0,0,0.0052620622708796,0,0.0214418758512649,0,0.0115475768013622,0,0,0.00751184899232489,0,0.0183156128692242,0,0,0,0.00850153336512111,0,0,0,0,0,0,0,0,0,0,0,0,0,9.2017295023731e-05,0,0
0.00028951775208412,0,0,0,0,0,0,0,0,0,0,0,0,0,0.00192289576321227,0,0.00609810613891954,0.000343221042726337,8.50554683189933e-06,0,0,0,0.00183424042192225,0,0.0259254181039255,0,0.0584945568854137,0,0.00295268393231138,0,0,0,0,0,0,0,0,0,0,0,0,0,0,0,0,0,3.67095736810755e-05,0,0.00477292373739103,0,0,0,0,0,0.00132957511294791,0,0.00308600282860182,0,0.000492460433693229,0,0.0039647307849951,0,0,0,0,0.0103744569376249,0,0.0106880299043872,0,0,0,0.0105007767954108,0,0,0,0,0,0,0,0,0,0,0.000625565856489586,0,0,0,0
