0,0,11.7397960339944,0,0,0,0,0,4.4560944222655,0,0,0,0,0,2.74355554580688,0,22.6898070298708,68.6022777557373,16.2771514554818,0,0,0,0,0,8.24165344238281,0,0,0,0,0,0,0,0,0,0,0,0,0,0,0,0,0,10.6780272523562,0,0,0,38.3628861904144,0,6.21345301608944,0,30.384593963623,0,0,0,4.5276457112411,0,18.0874113559723,0,0,0,3.13958929644691,0,0,59.3829784393311,0,0,0,0,0,8.65593179066976,0,0,0,0,0,0,0,0,0,0,0,72.1680755615234,13.125482206067,0,9.02567401258913,0,4.07993268966675
0,0,0,8.10767976760864,0,0,0,0,0,5.30796599543952,0,0,0,0,0,4.22885513305664,0,35.1677443186442,15.602414387577,0,0,0,0,0,0,0,0,0,0,0,0,0,0,0,0,0,0,18.3480272293091,0,0,0,23.5705161775861,0,0,0,0,0,0,0,4.00073312698527,0,0,0,0,0,5.74333431236726,0,0,0,0,0,3.68962161881583,0,0,0,0,0,0,0,0,0,0,35.2586154937744,0,0,0,0,0,0,0,0,0,6.62879223823547,0,10.6044528656695,13.6742749214172,0
11.7397960339944,0,0,0,13.0674782752991,0,0,0,9.38013756275177,0,0,0,0,0,0,0,51.9199333190918,0,67.6257438659668,0,22.9503426551819,0,0,0,0,0,0,0,0,0,0,0,0,0,0,0,0,0,38.4434967041016,0,0,0,29.1667560736338,0,0,0,25.7312021482558,0,8.79384001459394,0,13.2959434894686,0,0,0,8.19575615186949,0,11.8542110919952,0,6.06445515155792,0,7.99405847896229,0,0,34.0467509031296,0,0,0,0,0,0,0,0,0,38.8238925933838,0,0,0,0,0,55.586676703559,0,46.644504070282,24.520813058695,0,15.1893552537009,0,27.937890625
0,8.10767976760864,0,0,0,8.33303174972534,0,0,0,9.79120620639845,0,0,0,0,0,0,0,0,42.3540636698405,11.3197460174561,0,0,0,0,0,0,0,0,0,0,0,0,0,0,0,52.6513175964355,0,43.1027755737305,0,32.0486218672532,0,26.5669434382998,32.7349414825439,0,0,18.8264012833436,0,0,0,16.5812796865191,0,8.31296894239936,0,0,0,8.50326304547271,0,21.3588842013935,0,8.03688054844953,0,8.01024020845826,22.4030823707581,0,0,0,0,0,0,0,36.9815614819527,0,35.4954814608934,0,0,0,0,0,35.9726399786678,0,42.7686213684082,0,19.0983790107953,0,15.977659035979,20.3261562962686,0
0,0,13.0674782752991,0,0,0,3.33932144301278,0,3.95684277310091,0,0,0,0,0,3.68317753076553,0,0,0,0,0,9.44358087230373,0,0,0,0,0,0,0,0,0,0,0,0,0,0,0,59.9494836330414,0,0,0,0,0,46.175028367476,0,0,0,38.335411805373,0,17.1386989593506,0,4.34363276690723,0,2.94772826300727,0,4.7989532329418,0,9.93361282348633,0,5.83726380363343,0,5.85056051455046,0,0,20.823108959198,0,0,0,0,0,0,0,0,0,0,0,0,0,0,0,64.2469577789307,0,58.944522857666,6.09647840389053,0,17.1763513088226,0,40.6673431396484
0,0,0,8.33303174972534,0,0,0,3.39469963312149,0,4.55908475635208,0,8.86480528967721,0,0,0,3.0571893453598,0,0,0,8.7002692295,0,0,0,0,0,0,0,0,0,0,0,0,0,0,0,22.7124252021313,0,0,0,37.1132335662842,0,34.0708719889323,0,0,0,20.1949701309204,0,0,0,0,0,4.66948925311903,0,3.24147555702611,0,6.39424949296763,0,9.61271693648361,0,0,0,0,9.35572741567626,0,0,0,0,0,0,0,0,0,41.0391932896205,0,0,0,0,0,31.361197307192,0,43.4848709106445,0,5.53522981423281,3.17327176269732,10.1123213285743,0,0
0,0,0,0,3.33932144301278,0,0,0,0,0,3.66266222632661,0,3.79901917775472,0,0,0,0,0,0,0,0,0,0,0,0,0,0,0,0,0,0,0,0,0,0,0,0,0,0,0,0,0,0,0,0,0,0,0,0,0,4.98572374525524,0,3.52793259809246,0,0,0,6.18539849194613,0,5.78045646265933,0,0,0,0,0,0,0,0,0,0,0,0,0,0,0,0,0,0,0,0,0,0,0,3.49948483897794,2.7533438205719,0,0,0
0,0,0,0,0,3.39469963312149,0,0,0,0,0,6.05299775280688,0,2.79934948682785,0,0,0,0,0,7.91748537336077,0,0,0,0,0,0,0,0,0,0,0,0,0,0,0,0,0,0,0,0,0,0,0,0,0,0,0,0,0,0,0,3.84107553705256,0,3.83995277155191,0,0,0,7.15565072776925,0,3.66339249610901,0,0,6.30302749553197,0,0,0,0,0,0,0,0,0,0,0,0,0,0,0,40.3430767059326,0,0,0,3.85781976245941,0,5.91529135704041,0,0
4.4560944222655,0,9.38013756275177,0,3.95684277310091,0,0,0,0,0,0,0,0,0,4.84902522788532,0,4.74927190009584,26.746488571167,13.6734850883484,0,0,0,0,0,4.90293127454388,0,0,0,0,0,0,0,0,0,0,0,0,0,5.10255348682404,0,0,0,37.2123107910156,0,0,0,33.3508439064026,0,6.7487037535067,0,4.45222608689909,0,0,0,5.15924196839869,0,0,0,0,0,5.93492651524517,0,0,0,0,0,0,4.25624809094838,0,0,0,0,0,0,0,0,0,0,0,0,0,4.82759237289429,5.60877273532257,8.38274354934692,17.3468989054362,0,6.92690467834473
0,5.30796599543952,0,9.79120620639845,0,4.55908475635208,0,0,0,0,0,0,0,0,0,4.12180917892816,0,5.10989622619208,35.8872985839844,0,0,0,0,4.10745804581866,0,0,0,0,0,0,0,0,0,0,0,0,0,4.26596660220746,0,43.5983905792236,0,35.992174911499,0,0,0,0,0,0,0,4.12763886018233,0,7.65121442079544,0,0,0,5.49677929011258,0,38.622142791748,0,0,0,6.21448223590851,0,0,0,0,4.58548765182495,0,0,0,39.4046325683594,0,41.9929464513605,0,0,0,0,0,49.466677347819,0,10.4339553117752,0,4.37912592896002,3.25595823356083,28.5272975087166,28.0122971534729,0
0,0,0,0,0,0,3.66266222632661,0,0,0,0,0,3.48497106134892,0,0,0,0,0,0,0,3.34974619652096,0,0,0,0,0,0,0,3.48950091997782,0,6.93782704268699,0,0,0,0,0,3.04275591894984,0,4.75827551666571,0,0,0,0,0,0,0,0,0,0,0,0,0,4.63506306134737,0,0,0,6.01546586829992,0,3.74642616875318,0,0,0,0,6.57056687094949,0,0,0,0,0,0,0,0,0,9.82093587455216,0,0,0,0,0,0,0,9.32707991744533,3.56305272382988,2.89746797084808,2.95455408096313,0,0
0,0,0,0,0,8.86480528967721,0,6.05299775280688,0,0,0,0,0,3.14859557196949,0,0,0,0,30.5662269592285,5.27722672165417,0,0,0,0,0,0,0,3.19221457381921,0,7.1478068846509,0,0,0,0,0,8.3227738683874,0,4.08768101628147,0,49.9674987792969,0,0,0,0,0,16.3140347003937,0,0,0,0,0,6.99992692470551,0,6.37581178545952,0,0,0,6.47207775431103,0,2.8179266055425,0,0,7.63585203074693,0,0,0,0,0,0,0,0,0,11.8926226953181,0,0,0,0,0,12.3514695848737,0,4.28499538717214,0,3.57860862313523,0,4.96330801476824,0,0
0,0,0,0,0,0,3.79901917775472,0,0,0,3.48497106134892,0,0,0,0,0,0,0,0,0,0,0,0,0,0,0,0,0,3.61738289992015,0,0,0,0,0,0,0,0,0,0,0,0,0,0,0,0,0,0,0,0,0,0,0,0,0,0,0,0,0,3.23374103506406,0,0,0,0,0,0,0,0,0,0,0,0,0,0,0,0,0,0,0,0,0,0,0,3.00765988826752,0,0,0,0
0,0,0,0,0,0,0,2.79934948682785,0,0,0,3.14859557196949,0,0,0,3.16717139961793,0,0,0,0,0,0,0,0,0,3.43216393249375,0,0,0,0,0,0,0,0,0,0,0,0,0,0,0,0,0,0,0,0,0,0,0,0,0,0,0,3.23213163705973,0,0,0,3.56580427471876,0,3.588890007564,0,4.1547796359429,0,0,0,0,0,0,2.86113558496748,0,0,0,0,0,0,0,0,0,0,0,0,0,4.40874394698021,2.74898326396942,0,0,0
2.74355554580688,0,0,0,3.68317753076553,0,0,0,4.84902522788532,0,0,0,0,0,0,0,3.75920573870341,0,0,0,0,0,0,0,2.75083374977112,0,0,0,0,0,0,0,0,0,0,0,0,0,0,0,0,0,0,0,0,0,0,0,0,0,6.10468053817749,0,0,0,8.06380092579385,0,0,0,3.56755948066711,0,3.30773365302164,0,0,0,0,0,0,2.95123696327209,0,3.79273986816406,0,0,0,0,0,0,0,0,0,0,0,0,3.8723112561486,2.95198106765747,0,0,0
0,4.22885513305664,0,0,0,3.0571893453598,0,0,0,4.12180917892816,0,0,0,3.16717139961793,0,0,42.6505470275879,19.0192296721719,51.3352661132812,0,0,0,0,0,0,21.0669269561768,0,0,0,0,0,0,0,0,0,0,0,0,0,0,0,0,0,0,0,0,0,0,0,0,0,4.44704796360657,0,0,0,5.18379653417147,0,0,0,0,0,3.81906303423869,0,0,0,0,4.85837697982788,0,0,0,0,0,0,0,0,0,0,0,0,0,0,0,3.82335867331578,0,0,0,0
22.6898070298708,0,51.9199333190918,0,0,0,0,0,4.74927190009584,0,0,0,0,0,3.75920573870341,42.6505470275879,0,21.6635428912656,29.6253414502783,0,75.9902143478394,0,0,0,6.76287841796875,44.7988742379581,13.9655652490013,0,0,0,0,0,0,0,0,0,94.5055328369141,0,0,72.9639059884208,71.3849728902181,64.8484004735947,40.0573887766143,0,0,54.4238516489665,59.9823561885901,0,115.035976409912,57.8558235168457,0,0,0,0,0,0,0,0,0,0,3.16032385826111,0,86.3620529174805,80.6723937988281,0,3.16916418075562,0,0,50.9837871127658,0,0,0,68.8493881225586,0,0,0,0,0,94.4947602408273,79.273931183271,113.984260559082,71.7812187797145,17.5740502273649,29.0711625417074,60.2136556837294,49.1872631419789,44.4009498839683
68.6022777557373,35.1677443186442,0,0,0,0,0,0,26.746488571167,5.10989622619208,0,0,0,0,0,19.0192296721719,21.6635428912656,0,23.9684476423088,0,0,4.33875736395518,0,2.94942820072174,0,12.7777778377452,43.9651927947998,4.37287202025905,0,0,0,0,0,0,0,119.976280212402,153.058715820312,0,0,71.5854003088815,76.8760681152344,51.4571158367655,77.1343987204812,0,0,61.628333568573,73.0617068897594,115.546409606934,0,81.8961868286133,0,0,0,0,0,8.35176692690168,0,0,0,0,0,18.0647944382259,0,80.3634128570557,0,0,3.57116484642029,0,9.88033012007222,0,0,0,73.874755859375,0,0,0,0,0,90.7343205769857,93.9118143717448,67.3083902994792,93.1304138183594,13.0167665390665,16.9523288011551,72.7361626625061,60.9672821044922,55.3899944850377
16.2771514554818,15.602414387577,67.6257438659668,42.3540636698405,0,0,0,0,13.6734850883484,35.8872985839844,0,30.5662269592285,0,0,0,51.3352661132812,29.6253414502783,23.9684476423088,0,0,60.7797690304843,0,0,0,0,48.6522199085781,50.4005654652913,0,0,0,0,0,0,88.8390502929688,61.3072319030762,81.3164347868699,79.3496754964193,79.6892649332682,84.2043584187825,47.4747841897737,53.0876502804337,27.4430054216801,28.2172912573789,27.64421043396,14.1296510696411,40.9940159858594,45.262648713649,75.1964542388916,64.1037026220752,54.9579165428877,57.7622222900391,0,0,0,0,0,58.9821853637695,31.90957232884,0,0,0,0,80.4521865844727,57.2613478390227,0,0,0,0,48.2679565429687,0,49.5311734676361,0,34.6410549732677,0,0,0,0,80.1833572387695,67.1931865051013,63.6152793775921,47.5621248747774,54.7277396718661,15.6058913101471,8.1859660806327,42.7792868025803,23.7988726362793,29.1852543051496
0,0,0,11.3197460174561,0,8.7002692295,0,7.91748537336077,0,0,0,5.27722672165417,0,0,0,0,0,0,0,0,0,0,0,0,0,0,0,0,0,0,0,0,0,0,0,5.19056797768653,0,3.45545039986664,0,0,0,0,0,0,0,17.0213685376304,0,0,0,68.5770568847656,0,16.2196472803752,0,8.37787330150604,0,0,0,4.62849208712578,0,0,0,0,4.73439473748526,0,0,0,0,0,0,0,0,0,0,0,0,0,0,0,8.39976358692548,0,9.46857476234436,0,6.39791114568068,0,5.34255452893867,0,0
0,0,22.9503426551819,0,9.44358087230373,0,0,0,0,0,3.34974619652096,0,0,0,0,0,75.9902143478394,0,60.7797690304843,0,0,0,0,0,0,0,0,0,0,0,2.74199986457825,0,0,0,0,0,8.76419254735973,0,12.9034721396315,69.0790710449219,51.6351493835449,0,36.8267218271891,0,0,0,22.6397751772657,0,37.1292495727539,0,11.8028690759526,0,5.68337345123291,0,0,0,4.83276449763204,0,0,0,0,0,0,11.3316718661838,0,0,0,0,0,0,0,0,0,17.6565575372605,0,0,0,0,0,13.4276260900288,0,12.9900235347205,8.94541011173601,2.73805165290833,14.2142444318115,0,24.8550109863281
0,0,0,0,0,0,0,0,0,0,0,0,0,0,0,0,0,4.33875736395518,0,0,0,0,4.1154012907119,5.16731574634711,0,3.16647607088089,0,4.15712408299716,0,0,0,0,0,0,0,0,0,6.77359234260407,0,0,0,0,0,0,0,0,0,0,0,11.4970722198486,0,0,0,0,0,0,0,0,0,0,0,0,0,0,4.10978083558367,0,4.56875396947392,0,7.50518147150675,0,4.1535631321572,0,0,0,0,0,0,0,0,0,5.57382091259796,0,4.13445551632441,4.218918800354,0,0,0
0,0,0,0,0,0,0,0,0,0,0,0,0,0,0,0,0,0,0,0,0,4.1154012907119,0,0,5.39188832730319,0,3.252012917336,0,3.18250056255011,0,0,0,0,0,0,0,0,3.88929848670959,4.44565715209434,0,0,0,0,0,0,0,0,0,15.5818230311076,0,0,0,0,0,0,0,0,0,0,0,0,0,0,0,4.60789422988892,4.67856672500949,0,6.5640172958374,0,4.49657873465465,0,0,0,0,0,0,0,0,0,0,0,6.38224424486575,4.24093996674434,3.78064676088707,0,0,0
0,0,0,0,0,0,0,0,0,4.10745804581866,0,0,0,0,0,0,0,2.94942820072174,0,0,0,5.16731574634711,0,0,0,3.28237896665069,0,0,0,0,0,0,0,0,0,0,0,4.76602428106918,0,0,0,0,0,0,0,0,0,0,0,0,0,0,0,0,0,4.63615679524162,0,0,0,0,0,0,0,0,4.48000773323907,0,3.32238269248015,0,3.35080521980315,0,0,0,0,0,0,0,0,0,0,0,8.17830786600218,0,3.47761750986232,0,3.98863593737284,0,0
8.24165344238281,0,0,0,0,0,0,0,4.90293127454388,0,0,0,0,0,2.75083374977112,0,6.76287841796875,0,0,0,0,0,5.39188832730319,0,0,0,4.09100187631478,0,0,0,0,0,0,0,0,0,0,0,12.5621546059847,0,0,0,0,0,0,0,0,0,0,0,0,0,0,0,5.81301977929105,0,0,0,0,0,4.75643396377563,0,0,0,0,3.96418056121239,0,4.53450604721352,0,4.06389464191133,0,0,0,0,0,0,0,0,0,0,0,9.04631144092196,5.14215277135372,0,0,0,0
0,0,0,0,0,0,0,0,0,0,0,0,0,3.43216393249375,0,21.0669269561768,44.7988742379581,12.7777778377452,48.6522199085781,0,0,3.16647607088089,0,3.28237896665069,0,0,0,3.27327669185141,0,0,0,0,0,0,0,0,0,0,0,0,0,0,0,0,0,0,104.932723999023,0,0,0,0,0,0,0,0,0,0,0,0,0,0,0,0,0,0,0,3.39040149679971,0,3.32791333006961,0,0,0,0,0,0,0,0,0,0,0,0,0,7.29255458960931,0,0,0,0
0,0,0,0,0,0,0,0,0,0,0,0,0,0,0,0,13.9655652490013,43.9651927947998,50.4005654652913,0,0,0,3.252012917336,0,4.09100187631478,0,0,0,3.20502674494268,0,0,0,0,0,0,0,0,0,0,0,0,0,0,0,0,0,0,0,0,0,0,0,0,0,0,0,0,0,0,0,0,0,0,0,0,3.29630737426953,0,7.22851821780205,0,3.94856629190566,0,6.44557328224182,0,0,0,0,0,0,0,0,0,0,5.65164024933525,0,0,0,0
0,0,0,0,0,0,0,0,0,0,0,3.19221457381921,0,0,0,0,0,4.37287202025905,0,0,0,4.15712408299716,0,0,0,3.27327669185141,0,0,0,3.24247236195065,0,0,0,0,0,0,0,3.51674377918243,0,0,0,0,0,0,0,0,0,0,0,0,0,0,0,0,0,0,0,3.16334928406609,0,0,0,0,0,0,3.05207090907627,0,0,0,3.48056091864904,0,4.93911599647254,0,7.19074337106002,0,0,0,0,0,0,0,4.20296731862155,0,3.86685323243094,0,0,0,0
0,0,0,0,0,0,0,0,0,0,3.48950091997782,0,3.61738289992015,0,0,0,0,0,0,0,0,0,3.18250056255011,0,0,0,3.20502674494268,0,0,0,4.78389779075247,0,0,0,0,0,0,0,5.16045535820118,0,0,0,0,0,0,0,0,0,0,0,0,0,0,0,0,0,0,0,0,0,0,0,0,0,0,5.3456401348114,0,0,0,4.11482822618986,0,3.95189445672992,0,6.75407028198242,0,0,0,0,0,0,0,3.5876522064209,4.12656990687052,0,0,0,0
0,0,0,0,0,0,0,0,0,0,0,7.1478068846509,0,0,0,0,0,0,0,0,0,0,0,0,0,0,0,3.24247236195065,0,0,0,0,0,0,0,0,0,3.34903180971742,0,53.3334159851074,0,0,0,0,0,0,0,0,0,0,0,0,0,0,0,0,0,6.98178052902222,0,0,0,0,16.4475154876709,0,0,0,0,0,0,0,0,0,5.46690909945881,0,0,0,0,0,0,0,4.01895027690464,0,0,0,16.1641597747803,0,0
0,0,0,0,0,0,0,0,0,0,6.93782704268699,0,0,0,0,0,0,0,0,0,2.74199986457825,0,0,0,0,0,0,0,4.78389779075247,0,0,0,0,0,0,0,0,0,3.3865266335862,0,0,0,0,0,0,0,0,0,0,0,0,0,0,0,0,0,5.42169276443688,0,0,0,0,0,0,17.2842788696289,0,0,0,0,0,0,0,6.33727741241455,0,5.12450348369956,0,0,0,0,0,0,0,3.30295053650351,3.17537593841553,0,4.21834659576416,0,0
0,0,0,0,0,0,0,0,0,0,0,0,0,0,0,0,0,0,0,0,0,0,0,0,0,0,0,0,0,0,0,0,3.94548319144682,3.24668210202997,4.94456605116526,3.92133460444255,0,0,0,0,0,0,0,0,0,0,0,4.6558986282567,0,5.89529931545258,0,0,0,0,0,0,0,0,0,0,0,0,0,0,0,0,0,0,0,0,0,0,0,0,5.89411560404938,4.81150689640561,12.9828584671021,0,6.11768839523163,0,0,0,3.70477910060807,0,0,0,0
0,0,0,0,0,0,0,0,0,0,0,0,0,0,0,0,0,0,0,0,0,0,0,0,0,0,0,0,0,0,0,3.94548319144682,0,0,3.86651579538981,10.1060495376587,3.32295234655512,0,0,0,0,0,0,0,0,0,0,4.42899382540649,5.13584027687709,0,0,0,0,0,0,0,0,0,0,0,0,0,0,0,0,0,0,0,0,0,0,0,0,0,6.4650487502416,3.72215956185993,0,4.87453474537019,5.6281410853068,4.86511372052706,0,0,3.04650048982529,0,0,0,0
0,0,0,0,0,0,0,0,0,0,0,0,0,0,0,0,0,0,88.8390502929688,0,0,0,0,0,0,0,0,0,0,0,0,3.24668210202997,0,0,4.74928606257719,10.0294122799085,0,7.61246670314244,3.39596370855967,0,0,0,0,0,0,0,0,4.21885601571147,0,6.29866327558245,0,0,0,0,0,0,0,0,0,0,0,0,0,0,0,0,24.6223735809326,0,0,0,0,0,0,0,18.5483303070068,8.77447891235352,5.02707350025735,4.92581980758243,9.85826268644804,0,5.39812659689421,3.31123895556838,4.43370356894376,0,0,0,0
0,0,0,0,0,0,0,0,0,0,0,0,0,0,0,0,0,0,61.3072319030762,0,0,0,0,0,0,0,0,0,0,0,0,4.94456605116526,3.86651579538981,4.74928606257719,0,0,3.58157135413635,0,4.84041409275749,0,23.7973003387451,0,40.2783241271973,0,0,0,43.4834327697754,4.46471737793931,19.3346596558889,0,0,0,0,0,0,0,0,0,0,0,0,0,0,0,0,0,0,0,0,0,0,0,0,0,0,6.12702580913901,4.24206502487262,4.52290099202451,0,9.5027249137397,0,8.40531013322913,3.45646742284298,0,60.4252796173096,0,0
0,0,0,52.6513175964355,0,22.7124252021313,0,0,0,0,0,8.3227738683874,0,0,0,0,0,119.976280212402,81.3164347868699,5.19056797768653,0,0,0,0,0,0,0,0,0,0,0,3.92133460444255,10.1060495376587,10.0294122799085,0,0,3.76726511560503,7.65148393615218,0,33.328370641917,127.555610656738,68.2511322715066,0,0,0,46.2399533589681,0,9.09750061768752,0,22.0128690369275,0,33.8748420715332,0,33.0449905395508,0,0,0,37.6819658279419,0,0,0,0,6.59259898906578,130.408920288086,0,0,0,0,0,0,0,0,103.256195068359,0,6.80380854071696,0,13.0733388919246,0,7.78892885124586,4.93194311857224,9.62448473754359,0,5.6524477406369,4.48327567902478,23.2409346053095,50.0869204203288,0
0,0,0,0,59.9494836330414,0,0,0,0,0,3.04275591894984,0,0,0,0,0,94.5055328369141,153.058715820312,79.3496754964193,0,8.76419254735973,0,0,0,0,0,0,0,0,0,0,0,3.32295234655512,0,3.58157135413635,3.76726511560503,0,0,6.68454890653921,110.371109008789,27.5460957209269,113.113765716553,61.8354528921622,0,65.1098594665527,26.3655281066895,52.8943563965025,8.94500684738159,20.4593575217507,0,76.9586868286133,0,0,0,0,0,3.50854342778524,0,0,0,0,0,0,21.3331257478952,0,0,0,0,0,0,0,0,0,0,5.49041318893433,3.9778210782701,0,10.1805557291814,3.67269326746464,8.45707006055618,0,9.72031615987705,8.0632214390347,3.49685769094977,42.9943432985942,0,55.6402678489685
0,18.3480272293091,0,43.1027755737305,0,0,0,0,0,4.26596660220746,0,4.08768101628147,0,0,0,0,0,0,79.6892649332682,3.45545039986664,0,6.77359234260407,3.88929848670959,4.76602428106918,0,0,0,3.51674377918243,0,3.34903180971742,0,0,0,7.61246670314244,0,7.65148393615218,0,0,4.18196625222965,0,0,0,0,0,0,23.4585074123583,0,5.7437801708149,0,8.34030326294675,0,0,0,0,0,11.2784957508049,0,4.96382897183047,0,0,0,0,5.65154710043044,0,8.72325213493839,0,10.0680248586913,0,0,0,5.37011870971093,0,4.43937742710114,0,0,0,10.8801593232155,0,12.1123598972244,0,6.51200301229465,4.46298379861107,5.02582210688341,0,6.94266718420489,53.5639114379883,0
0,0,38.4434967041016,0,0,0,0,0,5.10255348682404,0,4.75827551666571,0,0,0,0,0,0,0,84.2043584187825,0,12.9034721396315,0,4.44565715209434,0,12.5621546059847,0,0,0,5.16045535820118,0,3.3865266335862,0,0,3.39596370855967,4.84041409275749,0,6.68454890653921,4.18196625222965,0,0,55.979320526123,77.4491424560547,50.7881603240967,0,0,0,28.9817154773174,4.8907505550711,7.95756768598789,0,0,0,0,0,8.01548445224762,0,8.92585130974098,0,0,0,0,0,0,15.9946519265524,0,3.92148926194082,0,8.44224678073917,0,0,0,3.80393028259277,0,7.00236209233602,0,0,3.90131039917469,8.20086601201226,0,12.1250972289045,3.74559365039648,6.54539360389413,4.59620349708929,0,46.3649703484994,0,0
0,0,0,32.0486218672532,0,37.1132335662842,0,0,0,43.5983905792236,0,49.9674987792969,0,0,0,0,72.9639059884208,71.5854003088815,47.4747841897737,0,69.0790710449219,0,0,0,0,0,0,0,0,53.3334159851074,0,0,0,0,0,33.328370641917,110.371109008789,0,0,0,0,18.3873914074487,52.9258710861206,27.2458746731281,0,16.6880405517251,74.6178520896218,0,0,9.06237261923378,98.0223922729492,38.5879350389753,0,0,0,0,0,36.8790969173465,0,0,0,39.0185203552246,19.4683431298644,86.55397605896,0,0,0,0,0,0,0,0,54.736477003185,0,0,0,0,0,16.9141326614674,97.5900408426921,57.2523242194077,92.8525863647461,39.8012525530378,0,17.664507768274,22.0729727861025,67.3677838643392
0,0,0,0,0,0,0,0,0,0,0,0,0,0,0,0,71.3849728902181,76.8760681152344,53.0876502804337,0,51.6351493835449,0,0,0,0,0,0,0,0,0,0,0,0,0,23.7973003387451,127.555610656738,27.5460957209269,0,55.979320526123,0,0,72.7726211547852,22.7752574661143,0,34.5003665924072,73.0543212890625,12.1174639472871,0,22.534084666859,0,42.0829620361328,0,0,0,0,0,39.8120212554932,0,0,0,0,0,0,17.7177247359202,0,0,0,0,0,0,0,0,0,0,0,0,0,0,94.865234375,12.9792704965194,0,51.0805229345957,26.9550368852704,0,18.6549111921011,0,26.2291557229084
0,23.5705161775861,0,26.5669434382998,0,34.0708719889323,0,0,0,35.992174911499,0,0,0,0,0,0,64.8484004735947,51.4571158367655,27.4430054216801,0,0,0,0,0,0,0,0,0,0,0,0,0,0,0,0,68.2511322715066,113.113765716553,0,77.4491424560547,18.3873914074487,72.7726211547852,0,10.7606259257021,12.8453733973107,0,21.8745259982225,50.3794105052948,94.5475006103516,87.2537078857422,21.5267881529847,0,37.5184434509277,0,0,0,36.9478785991669,0,19.8183238875698,0,0,0,35.9750620524089,25.9212240854899,63.3777732849121,0,0,0,0,0,0,23.5500009574142,0,24.6173556190369,0,0,0,0,0,44.446359486379,87.5632290840149,42.7602071481593,69.1970767974854,16.617399597168,0,16.1941867685927,12.4722366373713,48.7051944732666
10.6780272523562,0,29.1667560736338,32.7349414825439,46.175028367476,0,0,0,37.2123107910156,0,0,0,0,0,0,0,40.0573887766143,77.1343987204812,28.2172912573789,0,36.8267218271891,0,0,0,0,0,0,0,0,0,0,0,0,0,40.2783241271973,0,61.8354528921622,0,50.7881603240967,52.9258710861206,22.7752574661143,10.7606259257021,0,7.77203893661499,9.50117067609514,30.4807147979736,19.3648955446357,44.7712625356821,31.442256061309,20.8265247344971,40.4651249972257,0,0,0,5.29071807861328,0,24.3721374467362,0,39.9476141929626,0,31.0697765350342,0,0,29.5300431102936,0,0,0,0,0,0,0,0,130.128967285156,23.5565774440765,0,0,0,36.7419538497925,98.9829330444336,29.7890788798774,59.8873558044434,34.5186199220744,18.0613638070296,0,16.0437311169465,66.2156386375427,11.1062068713086
0,0,0,0,0,0,0,0,0,0,0,0,0,0,0,0,0,0,27.64421043396,0,0,0,0,0,0,0,0,0,0,0,0,0,0,0,0,0,0,0,0,27.2458746731281,0,12.8453733973107,7.77203893661499,0,0,20.0185209910075,0,0,0,27.0792007446289,0,0,0,0,0,0,0,0,0,0,0,0,0,0,0,0,0,0,0,0,0,0,0,0,0,0,0,0,56.8512242635091,0,33.3077138264974,0,10.439758090499,0,13.8119950861034,17.6406788545496,0
0,0,0,0,0,0,0,0,0,0,0,0,0,0,0,0,0,0,14.1296510696411,0,0,0,0,0,0,0,0,0,0,0,0,0,0,0,0,0,65.1098594665527,0,0,0,34.5003665924072,0,9.50117067609514,0,0,0,18.1808615175883,0,45.9802169799805,0,0,0,0,0,0,0,0,0,0,0,0,0,0,30.0876795450846,0,0,0,0,0,0,0,0,0,0,0,0,0,0,0,44.8277700212267,0,41.7477598190308,16.3284131648929,0,13.3493763278512,0,15.789562361581
0,0,0,18.8264012833436,0,20.1949701309204,0,0,0,0,0,16.3140347003937,0,0,0,0,54.4238516489665,61.628333568573,40.9940159858594,17.0213685376304,0,0,0,0,0,0,0,0,0,0,0,0,0,0,0,46.2399533589681,26.3655281066895,23.4585074123583,0,16.6880405517251,73.0543212890625,21.8745259982225,30.4807147979736,20.0185209910075,0,0,64.5237008608305,0,0,19.5772606481205,0,29.0216703869048,0,0,0,31.4422235488892,0,29.7899000644684,0,29.7457847595215,0,0,9.98344580287072,82.9210974375407,0,0,0,0,0,0,43.9009615580241,0,36.2670231083461,0,0,0,0,0,31.6883657282611,86.5662184495192,26.0385488637628,83.1074066162109,29.9177774667363,0,19.980289192202,37.5282381306524,0
38.3628861904144,0,25.7312021482558,0,38.335411805373,0,0,0,33.3508439064026,0,0,0,0,0,0,0,59.9823561885901,73.0617068897594,45.262648713649,0,22.6397751772657,0,0,0,0,104.932723999023,0,0,0,0,0,0,0,0,43.4834327697754,0,52.8943563965025,0,28.9817154773174,74.6178520896218,12.1174639472871,50.3794105052948,19.3648955446357,0,18.1808615175883,64.5237008608305,0,48.525697072347,38.2002461671829,79.9451802571615,36.1944922208786,0,0,0,32.229175567627,0,29.9421116511027,0,30.464227994283,0,30.5239969889323,0,0,16.1339806572658,0,0,0,0,0,0,0,0,80.3876953125,40.7980412569913,0,0,0,37.1538619995117,98.2740446726481,30.2933587423723,85.0364227294922,34.8405350281837,35.8641210733316,77.1588821411133,24.5451313219662,56.94264793396,35.3653619240741
0,0,0,0,0,0,0,0,0,0,0,0,0,0,0,0,0,115.546409606934,75.1964542388916,0,0,0,0,0,0,0,0,0,0,0,0,4.6558986282567,4.42899382540649,4.21885601571147,4.46471737793931,9.09750061768752,8.94500684738159,5.7437801708149,4.8907505550711,0,0,94.5475006103516,44.7712625356821,0,0,0,48.525697072347,0,5.36556266803001,5.51428448913966,0,0,0,0,0,0,0,0,0,0,0,0,0,0,0,0,0,0,0,0,0,0,0,0,6.04441428528934,5.18175682779086,5.41307142061346,4.72655223245206,6.53481152653694,9.73927840353951,5.14587326049805,3.71588914322131,6.19824566277437,0,8.59610482078532,0,42.2279586791992
6.21345301608944,0,8.79384001459394,0,17.1386989593506,0,0,0,6.7487037535067,0,0,0,0,0,0,0,115.035976409912,0,64.1037026220752,0,37.1292495727539,0,15.5818230311076,0,0,0,0,0,0,0,0,0,5.13584027687709,0,19.3346596558889,0,20.4593575217507,0,7.95756768598789,0,22.534084666859,87.2537078857422,31.442256061309,0,45.9802169799805,0,38.2002461671829,5.36556266803001,0,7.96757758150295,12.1682673594274,0,0,0,5.75729215016929,0,5.3497748374939,0,3.16099429130554,0,6.55633251128658,0,0,29.1778087615967,0,5.20974299162626,0,4.167898237004,0,3.45039184888204,0,8.17947283647593,0,0,0,3.93330575324394,0,4.20472727066431,0,7.18545225163652,0,6.29258888316266,13.2489431574941,0,9.03972632383288,0,33.7465180896577
0,4.00073312698527,0,16.5812796865191,0,0,0,0,0,4.12763886018233,0,0,0,0,0,0,57.8558235168457,81.8961868286133,54.9579165428877,68.5770568847656,0,11.4970722198486,0,0,0,0,0,0,0,0,0,5.89529931545258,0,6.29866327558245,0,22.0128690369275,0,8.34030326294675,0,9.06237261923378,0,21.5267881529847,20.8265247344971,27.0792007446289,0,19.5772606481205,79.9451802571615,5.51428448913966,7.96757758150295,0,0,15.7407760620117,0,0,0,8.37803987661997,0,8.65231571127387,0,5.43960169509605,0,4.2681086063385,33.4081058502197,0,5.97593946915674,0,5.08129834083922,0,4.65233903937042,0,7.64334346980191,0,7.00314670003903,0,3.56642055511475,0,4.8081652422746,0,13.879930624479,109.287559509277,6.21146032129787,0,9.28758993821014,0,11.2467163480012,33.33961597085,0
30.384593963623,0,13.2959434894686,0,4.34363276690723,0,4.98572374525524,0,4.45222608689909,0,0,0,0,0,6.10468053817749,0,0,0,57.7622222900391,0,11.8028690759526,0,0,0,0,0,0,0,0,0,0,0,0,0,0,0,76.9586868286133,0,0,98.0223922729492,42.0829620361328,0,40.4651249972257,0,0,0,36.1944922208786,0,12.1682673594274,0,0,0,4.16238184769948,0,6.29956324895223,0,8.03721843191445,0,5.3889233514537,0,7.18524913307574,0,0,8.88911712666353,0,0,0,0,0,0,0,0,0,0,0,0,0,0,0,63.3982628716363,0,53.2547779083252,12.1469243152366,0,15.4017630819113,0,0
0,0,0,8.31296894239936,0,4.66948925311903,0,3.84107553705256,0,7.65121442079544,0,6.99992692470551,0,0,0,4.44704796360657,0,0,0,16.2196472803752,0,0,0,0,0,0,0,0,0,0,0,0,0,0,0,33.8748420715332,0,0,0,38.5879350389753,0,37.5184434509277,0,0,0,29.0216703869048,0,0,0,15.7407760620117,0,0,0,3.84269020242511,0,7.26267303072888,0,5.34699221052133,0,3.1012302814646,0,3.43315178553263,22.3383901119232,0,0,0,0,0,0,0,45.4054832458496,0,45.2728462219238,0,0,0,0,0,36.298159355341,0,49.8573951721191,0,6.52110695838928,0,13.3895476498181,34.3840999603271,0
0,0,0,0,2.94772826300727,0,3.52793259809246,0,0,0,4.63506306134737,0,0,0,0,0,0,0,0,0,5.68337345123291,0,0,0,0,0,0,0,0,0,0,0,0,0,0,0,0,0,0,0,0,0,0,0,0,0,0,0,0,0,4.16238184769948,0,0,0,0,0,5.17019404621867,0,4.34612701956089,0,0,0,0,6.1828652381897,0,0,0,0,0,0,0,0,0,0,0,0,0,0,0,0,0,0,4.75349122470187,0,0,0,0
0,0,0,0,0,3.24147555702611,0,3.83995277155191,0,0,0,6.37581178545952,0,3.23213163705973,0,0,0,0,0,8.37787330150604,0,0,0,0,0,0,0,0,0,0,0,0,0,0,0,33.0449905395508,0,0,0,0,0,0,0,0,0,0,0,0,0,0,0,3.84269020242511,0,0,0,0,0,4.5717284124951,0,3.32830087343852,0,0,10.1806112390298,0,0,0,0,0,0,0,0,0,0,0,0,0,0,0,35.0138683319092,0,0,0,4.49214561780294,0,8.76754902048809,0,0
4.5276457112411,0,8.19575615186949,0,4.7989532329418,0,0,0,5.15924196839869,0,0,0,0,0,8.06380092579385,0,0,0,0,0,0,0,0,0,5.81301977929105,0,0,0,0,0,0,0,0,0,0,0,0,0,8.01548445224762,0,0,0,5.29071807861328,0,0,0,32.229175567627,0,5.75729215016929,0,6.29956324895223,0,0,0,0,0,0,0,0,0,6.39421158948821,0,0,0,0,0,0,4.19140312618679,0,3.36825609207153,0,0,0,0,0,0,0,0,0,0,0,6.10636687278748,7.87608673742839,0,11.8385600482716,0,0
0,5.74333431236726,0,8.50326304547271,0,6.39424949296763,0,0,0,5.49677929011258,0,0,0,0,0,5.18379653417147,0,8.35176692690168,0,0,0,0,0,4.63615679524162,0,0,0,0,0,0,0,0,0,0,0,0,0,11.2784957508049,0,0,0,36.9478785991669,0,0,0,31.4422235488892,0,0,0,8.37803987661997,0,7.26267303072888,0,0,0,0,0,37.8430267333984,0,0,0,4.87422544615609,0,0,0,0,3.80689386309999,0,4.53595697879791,0,45.4783210754395,0,41.6148324012756,0,0,0,0,0,0,0,11.5025694796203,0,7.17451798591168,0,17.329346778545,28.6251375410292,0
18.0874113559723,0,11.8542110919952,0,9.93361282348633,0,6.18539849194613,0,0,0,6.01546586829992,0,0,0,0,0,0,0,58.9821853637695,0,4.83276449763204,0,0,0,0,0,0,0,0,0,5.42169276443688,0,0,0,0,0,3.50854342778524,0,8.92585130974098,0,39.8120212554932,0,24.3721374467362,0,0,0,29.9421116511027,0,5.3497748374939,0,8.03721843191445,0,5.17019404621867,0,0,0,0,0,5.39459291041067,0,7.05595218676787,0,0,7.26833755573075,0,0,0,0,0,0,0,8.69308519215449,0,5.78886287067272,0,0,0,0,0,39.645383273854,0,10.444263458252,7.03262046862532,0,8.20520256158891,0,23.2141056060791
0,0,0,21.3588842013935,0,9.61271693648361,0,7.15565072776925,0,38.622142791748,0,6.47207775431103,0,3.56580427471876,0,0,0,0,31.90957232884,4.62849208712578,0,0,0,0,0,0,0,3.16334928406609,0,6.98178052902222,0,0,0,0,0,37.6819658279419,0,4.96382897183047,0,36.8790969173465,0,19.8183238875698,0,0,0,29.7899000644684,0,0,0,8.65231571127387,0,5.34699221052133,0,4.5717284124951,0,37.8430267333984,0,0,0,5.55383530294286,0,9.66128864884377,9.02056339659749,0,0,0,0,0,13.9792673587799,0,8.35429390634927,0,8.67373564244579,0,0,0,0,0,36.1540342792528,98.7841873168945,17.8460337320964,0,20.5666924266405,0,11.1871899555583,19.0703242468455,0
0,0,6.06445515155792,0,5.83726380363343,0,5.78045646265933,0,0,0,3.74642616875318,0,3.23374103506406,0,3.56755948066711,0,0,0,0,0,0,0,0,0,0,0,0,0,0,0,0,0,0,0,0,0,0,0,0,0,0,0,39.9476141929626,0,0,0,30.464227994283,0,3.16099429130554,0,5.3889233514537,0,4.34612701956089,0,0,0,5.39459291041067,0,0,0,3.90847359740216,0,0,41.8730425834656,0,0,0,0,0,4.14072513309392,0,4.66210322850488,0,0,0,0,0,0,0,52.987024307251,0,46.9224853515625,8.80636885872594,0,11.9015461168525,0,0
0,0,0,8.03688054844953,0,0,0,3.66339249610901,0,0,0,2.8179266055425,0,3.588890007564,0,0,0,0,0,0,0,0,0,0,0,0,0,0,0,0,0,0,0,0,0,0,0,0,0,0,0,0,0,0,0,29.7457847595215,0,0,0,5.43960169509605,0,3.1012302814646,0,3.32830087343852,0,0,0,5.55383530294286,0,0,0,4.03251008610976,0,0,0,0,0,0,6.70503523855498,0,5.22552964707051,0,0,0,0,0,0,0,33.3703536987305,0,0,0,0,0,10.2968111465226,0,0
3.13958929644691,0,7.99405847896229,0,5.85056051455046,0,0,0,5.93492651524517,0,0,0,0,0,3.30773365302164,0,3.16032385826111,0,0,0,0,0,0,0,4.75643396377563,0,0,0,0,0,0,0,0,0,0,0,0,0,0,0,0,0,31.0697765350342,0,0,0,30.5239969889323,0,6.55633251128658,0,7.18524913307574,0,0,0,6.39421158948821,0,7.05595218676787,0,3.90847359740216,0,0,0,0,0,0,0,0,3.58667516708374,0,3.12092913900103,0,0,0,0,0,0,0,0,0,0,0,0,4.61980789949086,0,18.6063849627972,0,0
0,3.68962161881583,0,8.01024020845826,0,0,0,0,0,6.21448223590851,0,0,0,4.1547796359429,0,3.81906303423869,0,18.0647944382259,0,0,0,0,0,0,0,0,0,0,0,0,0,0,0,0,0,0,0,0,0,39.0185203552246,0,35.9750620524089,0,0,0,0,0,0,0,4.2681086063385,0,3.43315178553263,0,0,0,4.87422544615609,0,9.66128864884377,0,4.03251008610976,0,0,0,0,0,0,0,0,4.42321632458613,0,4.09540104866028,0,43.7386360168457,0,0,0,0,0,0,0,0,0,3.73735253899186,3.33293228149414,33.8650120099386,30.2830167497907,0
0,0,0,22.4030823707581,0,9.35572741567626,0,6.30302749553197,0,0,0,7.63585203074693,0,0,0,0,86.3620529174805,0,80.4521865844727,4.73439473748526,0,0,0,0,0,0,0,0,0,16.4475154876709,0,0,0,0,0,6.59259898906578,0,5.65154710043044,0,19.4683431298644,0,25.9212240854899,0,0,0,9.98344580287072,0,0,0,33.4081058502197,0,22.3383901119232,0,10.1806112390298,0,0,0,9.02056339659749,0,0,0,0,0,0,0,0,0,0,0,0,0,0,18.9918209779553,0,0,0,0,0,13.509180273974,0,15.8312911345125,0,4.141080608481,0,12.7208072557757,17.8696765899658,0
59.3829784393311,0,34.0467509031296,0,20.823108959198,0,0,0,0,0,6.57056687094949,0,0,0,0,0,80.6723937988281,80.3634128570557,57.2613478390227,0,11.3316718661838,0,0,0,0,0,0,0,0,0,17.2842788696289,0,0,0,0,130.408920288086,21.3331257478952,0,15.9946519265524,86.55397605896,17.7177247359202,63.3777732849121,29.5300431102936,0,30.0876795450846,82.9210974375407,16.1339806572658,0,29.1778087615967,0,8.88911712666353,0,6.1828652381897,0,0,0,7.26833755573075,0,41.8730425834656,0,0,0,0,0,0,0,0,0,0,0,0,23.9366013209025,0,17.1572880243,0,0,0,0,108.894905090332,22.0316488323354,0,24.1547933409291,28.8933739135299,0,19.4374421626157,0,43.1655940680668
0,0,0,0,0,0,0,0,0,0,0,0,0,0,0,0,0,0,0,0,0,4.10978083558367,4.60789422988892,4.48000773323907,0,0,0,3.05207090907627,0,0,0,0,0,0,0,0,0,8.72325213493839,0,0,0,0,0,0,0,0,0,0,0,5.97593946915674,0,0,0,0,0,0,0,0,0,0,0,0,0,0,0,0,5.25362464602908,0,8.48658742611868,0,3.70327150921862,0,0,0,0,0,0,0,0,0,8.19455825681446,0,5.04751490992169,0,0,0,0
0,0,0,0,0,0,0,0,0,0,0,0,0,0,0,0,3.16916418075562,0,0,0,0,0,4.67856672500949,0,3.96418056121239,0,3.29630737426953,0,5.3456401348114,0,0,0,0,0,0,0,0,0,3.92148926194082,0,0,0,0,0,0,0,0,0,5.20974299162626,0,0,0,0,0,0,0,0,0,0,0,0,0,0,0,0,0,0,4.97641205106463,0,5.59308530614528,0,7.99158428561303,0,20.2978792190552,0,0,0,0,0,0,0,5.29482617211896,3.45922174865817,3.0162275367313,0,0,0
0,0,0,0,0,0,0,0,0,4.58548765182495,0,0,0,0,0,4.85837697982788,0,3.57116484642029,0,0,0,4.56875396947392,0,3.32238269248015,0,3.39040149679971,0,0,0,0,0,0,0,24.6223735809326,0,0,0,10.0680248586913,0,0,0,0,0,0,0,0,0,0,0,5.08129834083922,0,0,0,0,0,3.80689386309999,0,0,0,0,0,0,0,0,5.25362464602908,0,0,0,4.5740238188994,0,7.77911678949992,0,0,0,0,0,0,0,0,0,11.2752049515701,0,3.76765585687838,0,4.79175328459415,0,0
0,0,0,0,0,0,0,0,4.25624809094838,0,0,0,0,0,2.95123696327209,0,0,0,0,0,0,0,6.5640172958374,0,4.53450604721352,0,7.22851821780205,0,0,0,0,0,0,0,0,0,0,0,8.44224678073917,0,0,0,0,0,0,0,0,0,4.167898237004,0,0,0,0,0,4.19140312618679,0,0,0,0,0,3.58667516708374,0,0,0,0,4.97641205106463,0,0,0,5.08000566981254,0,0,0,0,0,0,0,0,0,0,0,6.12591582235889,3.25118411154974,0,3.13208950161934,0,0
0,0,0,0,0,0,0,0,0,0,0,0,0,2.86113558496748,0,0,50.9837871127658,9.88033012007222,48.2679565429687,0,0,7.50518147150675,0,3.35080521980315,0,3.32791333006961,0,3.48056091864904,0,0,0,0,0,0,0,0,0,0,0,0,0,0,0,0,0,0,0,0,0,4.65233903937042,0,0,0,0,0,4.53595697879791,0,13.9792673587799,0,6.70503523855498,0,4.42321632458613,0,0,8.48658742611868,0,4.5740238188994,0,0,0,4.41330283555118,0,0,0,0,0,0,0,0,0,0,0,5.38637752605207,0,0,0,0
8.65593179066976,0,0,0,0,0,0,0,0,0,0,0,0,0,3.79273986816406,0,0,0,0,0,0,0,4.49657873465465,0,4.06389464191133,0,3.94856629190566,0,4.11482822618986,0,0,0,0,0,0,0,0,0,0,0,0,0,0,0,0,0,0,0,3.45039184888204,0,0,0,0,0,3.36825609207153,0,0,0,4.14072513309392,0,3.12092913900103,0,0,0,0,5.59308530614528,0,5.08000566981254,0,0,0,6.45639031430695,0,0,0,0,0,0,0,0,0,0,3.4610004623731,0,0,0,0
0,0,0,36.9815614819527,0,0,0,0,0,39.4046325683594,0,0,0,0,0,0,0,0,49.5311734676361,0,0,4.1535631321572,0,0,0,0,0,4.93911599647254,0,0,0,0,0,0,0,0,0,5.37011870971093,0,0,0,23.5500009574142,0,0,0,43.9009615580241,0,0,0,7.64334346980191,0,45.4054832458496,0,0,0,45.4783210754395,0,8.35429390634927,0,5.22552964707051,0,4.09540104866028,0,0,3.70327150921862,0,7.77911678949992,0,4.41330283555118,0,0,0,5.61901402423571,0,0,0,0,0,56.2628192901611,0,6.40158440172672,0,40.9698394139608,0,14.4964214627807,20.8760559082031,0
0,0,0,0,0,0,0,0,0,0,0,0,0,0,0,0,0,0,0,0,0,0,0,0,0,0,6.44557328224182,0,3.95189445672992,0,6.33727741241455,0,0,0,0,0,0,0,3.80393028259277,0,0,0,0,0,0,0,0,0,8.17947283647593,0,0,0,0,0,0,0,8.69308519215449,0,4.66210322850488,0,0,0,0,23.9366013209025,0,7.99158428561303,0,0,0,6.45639031430695,0,0,0,6.14553016839148,0,0,0,0,0,48.4854672749837,0,8.31712408515642,3.00640510257922,0,13.6257974935132,0,0
0,35.2586154937744,0,35.4954814608934,0,41.0391932896205,0,0,0,41.9929464513605,0,11.8926226953181,0,0,0,0,68.8493881225586,73.874755859375,34.6410549732677,0,0,0,0,0,0,0,0,7.19074337106002,0,5.46690909945881,0,0,0,0,0,103.256195068359,0,4.43937742710114,0,54.736477003185,0,24.6173556190369,130.128967285156,0,0,36.2670231083461,80.3876953125,0,0,7.00314670003903,0,45.2728462219238,0,0,0,41.6148324012756,0,8.67373564244579,0,0,0,43.7386360168457,18.9918209779553,0,0,0,0,0,0,0,5.61901402423571,0,0,0,0,0,0,0,65.0779334559585,88.8766326904297,4.66944876282714,0,39.7023131865864,0,21.0909263236809,21.4141304600346,0
0,0,38.8238925933838,0,0,0,0,0,0,0,9.82093587455216,0,0,0,0,0,0,0,0,0,17.6565575372605,0,0,0,0,0,0,0,6.75407028198242,0,5.12450348369956,0,0,0,0,0,0,0,7.00236209233602,0,0,0,23.5565774440765,0,0,0,40.7980412569913,0,0,0,0,0,0,0,0,0,5.78886287067272,0,0,0,0,0,0,17.1572880243,0,20.2978792190552,0,0,0,0,0,6.14553016839148,0,0,0,0,0,0,0,52.717366027832,0,4.20213116014207,29.2504423141479,0,8.85326446984944,0,0
0,0,0,0,0,0,0,0,0,0,0,0,0,0,0,0,0,0,0,0,0,0,0,0,0,0,0,0,0,0,0,5.89411560404938,6.4650487502416,18.5483303070068,0,6.80380854071696,5.49041318893433,0,0,0,0,0,0,0,0,0,0,6.04441428528934,0,3.56642055511475,0,0,0,0,0,0,0,0,0,0,0,0,0,0,0,0,0,0,0,0,0,0,0,0,0,0,9.02137405352485,0,9.8176946615932,0,0,0,4.75816049389333,0,0,0,0
0,0,0,0,0,0,0,0,0,0,0,0,0,0,0,0,0,0,0,0,0,0,0,0,0,0,0,0,0,0,0,4.81150689640561,3.72215956185993,8.77447891235352,6.12702580913901,0,3.9778210782701,0,0,0,0,0,0,0,0,0,0,5.18175682779086,3.93330575324394,0,0,0,0,0,0,0,0,0,0,0,0,0,0,0,0,0,0,0,0,0,0,0,0,0,0,0,0,6.6762495880369,0,3.8260351266359,0,0,4.22907649399189,0,0,0,0
0,0,0,0,0,0,0,0,0,0,0,0,0,0,0,0,0,0,0,0,0,0,0,0,0,0,0,0,0,0,0,12.9828584671021,0,5.02707350025735,4.24206502487262,13.0733388919246,0,10.8801593232155,3.90131039917469,0,0,0,0,0,0,0,0,5.41307142061346,0,4.8081652422746,0,0,0,0,0,0,0,0,0,0,0,0,0,0,0,0,0,0,0,0,0,0,0,0,9.02137405352485,0,0,5.86183247072943,9.76260390947965,0,5.83195645343035,5.27434706687927,9.21174033969438,0,0,0,0
0,0,0,0,0,0,0,0,0,0,0,0,0,0,0,0,0,0,80.1833572387695,0,0,0,0,0,0,0,0,0,0,0,0,0,4.87453474537019,4.92581980758243,4.52290099202451,0,10.1805557291814,0,8.20086601201226,0,0,0,36.7419538497925,0,0,0,37.1538619995117,4.72655223245206,4.20472727066431,0,0,0,0,0,0,0,0,0,0,0,0,0,0,0,0,0,0,0,0,0,0,0,0,0,0,6.6762495880369,5.86183247072943,0,0,7.74275118659214,0,5.45251862186453,4.49969639284857,0,60.8120803833008,0,53.063102722168
0,0,0,35.9726399786678,0,31.361197307192,0,40.3430767059326,0,49.466677347819,0,12.3514695848737,0,0,0,0,94.4947602408273,90.7343205769857,67.1931865051013,8.39976358692548,0,0,0,0,0,0,0,0,0,0,0,6.11768839523163,5.6281410853068,9.85826268644804,0,7.78892885124586,3.67269326746464,12.1123598972244,0,16.9141326614674,94.865234375,44.446359486379,98.9829330444336,56.8512242635091,0,31.6883657282611,98.2740446726481,6.53481152653694,0,13.879930624479,0,36.298159355341,0,35.0138683319092,0,0,0,36.1540342792528,0,33.3703536987305,0,0,13.509180273974,108.894905090332,0,0,0,0,0,0,56.2628192901611,0,65.0779334559585,0,9.8176946615932,0,9.76260390947965,0,0,126.756656299938,9.50307162947595,126.440231323242,22.0496536572108,3.95197444948657,31.7819556330083,43.5948513634771,88.7771492004395
0,0,55.586676703559,0,64.2469577789307,0,0,0,0,0,0,0,0,0,0,0,79.273931183271,93.9118143717448,63.6152793775921,0,13.4276260900288,0,0,0,0,0,0,0,0,0,0,0,4.86511372052706,0,9.5027249137397,4.93194311857224,8.45707006055618,0,12.1250972289045,97.5900408426921,12.9792704965194,87.5632290840149,29.7890788798774,0,44.8277700212267,86.5662184495192,30.2933587423723,9.73927840353951,7.18545225163652,109.287559509277,63.3982628716363,0,0,0,0,0,39.645383273854,98.7841873168945,52.987024307251,0,0,0,0,22.0316488323354,0,0,0,0,0,0,0,48.4854672749837,88.8766326904297,52.717366027832,0,3.8260351266359,0,7.74275118659214,126.756656299938,0,105.891586303711,13.6027788772494,25.2909650232871,5.03639951135431,36.3023077082221,86.4685961405436,38.8126425553092
0,0,0,42.7686213684082,0,43.4848709106445,0,0,0,10.4339553117752,0,4.28499538717214,0,0,0,0,113.984260559082,67.3083902994792,47.5621248747774,9.46857476234436,0,5.57382091259796,0,8.17830786600218,0,0,0,4.20296731862155,0,4.01895027690464,0,0,0,5.39812659689421,0,9.62448473754359,0,6.51200301229465,3.74559365039648,57.2523242194077,0,42.7602071481593,59.8873558044434,33.3077138264974,0,26.0385488637628,85.0364227294922,5.14587326049805,0,6.21146032129787,0,49.8573951721191,0,0,0,11.5025694796203,0,17.8460337320964,0,0,0,0,15.8312911345125,0,8.19455825681446,0,11.2752049515701,0,0,0,6.40158440172672,0,4.66944876282714,0,0,0,5.83195645343035,0,9.50307162947595,105.891586303711,0,17.2365967886788,12.8794251781399,2.74765777587891,16.9379371044077,26.0901759954599,80.7604217529297
