0,0,0.0574800399051198,0,0,0,0,0,0.0235271959054822,0,0,0,0,0,0,0,0,0,0,0,0,0,0,0,0,0,0,0,0,0,0,0,0,0,0,0,0,0,5.9940973599418e-05,0,0,0,0.00104051886549936,0,0,0,0,1.21740794623662e-05,0.027091471648819,0,0,0,0,0,0.0260362208747381,0,0,0,0.00072814927984996,0,0.00154495684031281,0,0,0,0,0,0,0,0,0,0,0,0,0,0,0,0,0,0,0,0,5.04003168970809e-06,0.000413977970552155,0,0.0112099617840556,0,0
0,0,0,0.0608106942121954,0,0,0,0,0,0.0222988979880918,0,0,0,0,0,0,0,0,0,0,0,0,0,0,0,0,0,0,0,0,0,0,0,0,0,0,0,4.43346783462144e-06,0,0,0,0.000149257828381969,0,0,0,0,0,0,0,0.0160315639740074,0,0,0,0,0,0.0265802267300147,0,0,0,0,0,0,0,0,0,0,0,0,0,0,0,0,0,0,0,0,0,0,0,0,0,0,0.000373898531220072,0,0.00423600145540589,0,0
0.0574800399051198,0,0,0,0,0,0,0,0.00546324341420162,0,0,0,0,0,0,0,0,0,0.000212110970828471,0,0,0,0,0,0,0,0,0,0,0,0,0,0,0,0,0,0,0,0,0,0,0,0.00111570713982628,0,0,0,3.512228334161e-05,0,0.00349177033042248,0,0.00950265780801817,0,0,0,0.0176047476282367,0,0.00225564211025907,0,0.0102414585949586,0,0.0167448859052335,0,0,0.000475904474936847,0,0,0,0,0,0,0,0,0,0.000228775511181729,0,0,0,0,0,1.8652669814065e-06,0,0,0.000213137279941059,0,0.00610850608093983,0,0
0,0.0608106942121954,0,0,0,0.0288970093027786,0,0,0,0.00176974818365592,0,0,0,0,0,0,0,0,7.3150528664425e-05,0,0,0,0,0,0,0,0,0,0,0,0,0,0,0,0,0,0,0,0,0.000310268591662595,0,0.0042170924384016,0,0,0,0.0018310486970721,0,0.000616664694170612,0.00104527345561841,0.00863355457043965,0,0.00637765350124322,0,0,0,0.00512634181235271,0,0.00135845385882964,0,0.000395065303388658,0,0.00256346406994224,0.000660758357337321,0,0,7.54179488256983e-06,0,0,0,0,0,0,0.00125380798277005,0,0,0,2.87077862166146e-05,3.31310179993434e-05,8.47400418596864e-05,0,5.32951839681313e-05,0,0.000278831059993806,0,0.0413683993018952,0.000359749520956983,0
0,0,0,0,0,0,0.0210802905223123,0,0.00703763922778185,0,0,0,0,0,0.00645775411024233,0,0,0,7.37536962554068e-06,0,0.00217268309289594,0,0,0,0,0,0,0,0,0,0,0,0,0,0,0,4.25427957764374e-05,0,0,0,0.000207520084299258,0,0.00178638496700114,0,0,0,0.000430211437443896,6.32105691925048e-05,0.00177869394192624,0,0.0609476846526808,0,0.000374994620557866,0,0,0,0.000185063015359909,0,0,0,0.0100725257713335,0,0,0.0147265599327985,0,0,0,0,0,0,0,0,0,0.000355741359026218,0,0,0,5.33368214670543e-05,0,3.88958688809838e-05,0,5.4189433914266e-05,0.00058883388276278,0,0.00858292179811307,0,0
0,0,0,0.0288970093027786,0,0,0,0.000130022104713134,0,0,0,0,0,0,0,0,3.2898826905847e-06,0,9.86872708279892e-06,0.00405288590265496,0,0,0,0,0,0,0,0,0,0,0,0,0,1.45361250240798e-05,0,0,0,0,0,0.000702327149698611,0,7.65762970061505e-05,0,0,0,0.00803903094062843,0,0.000495756852149105,0.00119924926278048,0.00269961182325925,0,0.0102582315465837,0,0,0,0,0,0.000127048466942086,0,0,0,0.000634392847006272,0.00891389835550528,0,0,0,0,0,0,0,0,0,3.42402180643084e-05,0,0,0,0.000271378725049189,0,0.000103266040090714,0,5.3317242115766e-05,0,0.000511112291973742,0,0.0144982154581473,5.14834696544482e-05,0
0,0,0,0,0.0210802905223123,0,0,0,0,0,0.00318699495978311,0,0.00028232746555089,0,0,0,0,0,0,0,0,0,0,0,0,0,0,0,0,0,0,0,0,0,0,0,0,0,0,0,0,0,0,0,0,0,0,0,0,0,0,0,0.0376002710607159,0,0,0,0.0010936664284906,0,0.000344008465670762,0,0,0,0,0.000213923491910526,0,0,0,0,0,0,0,0,0,0,0,0,0,0,0,0,0,0,0.000526693942563715,5.2790019480076e-05,0,0,0
0,0,0,0,0,0.000130022104713134,0,0,0,0,0,0.00299191392280519,0,0.00244372492346537,0,0,0,0,0,0.000681906859635132,0,0,0,0,0,0,0,0,0,0,0,0,0,0,0,0,0,0,0,0,0,0,0,0,0,0,0,0,0,0,0,0.00440177969945552,0,0.131526061855717,0,0,0,0.000561684790772097,0,0.000462803156478523,0,0,0,0,0,0,0,0,0,0,0,0,0,0,0,0,0,0,0,0,0,0,0.000308090042082604,0,0,0,0
0.0235271959054822,0,0.00546324341420162,0,0.00703763922778185,0,0,0,0,0,0,0,0,0,0.00889830166993101,0,0.0116601796099124,0.000605219287887904,0.000504757819931377,0,0,0,0.00016938105170377,0.0017827350590891,0.0209168049074817,0,0.00312042983594625,0,2.31883530856799e-05,0,0,0,0,0,0,0,0,0,0.00220834178204561,0,0.000113400827024556,0,0.00179696001184136,0,0,0,2.75185859087686e-05,0,0.00706801269332356,0,0.00517237489239161,0,0,0,0.0795911471015068,0,0,0,3.24528219553331e-05,0,0.0062279979497662,0,0,0.000197967543770855,0,1.29373747843377e-05,0,0.000586405670518721,0.000242242313180593,0.00155193999912319,0,0,0,0,0,0,0,0,1.09402730171402e-05,9.55616260958463e-07,0,0.000112367856371634,0.00247236568886812,7.3474395003793e-07,0.00945276514031325,0,0
0,0.0222988979880918,0,0.00176974818365592,0,0,0,0,0,0,0,0,0,0,0,0.0102361578366285,0,0.000260916837764827,0,0,0,7.2364573955196e-05,0,0.00487644473441173,0,0.00167611469289579,0,0,0,0,0,0,0,0,0,0,0,0.00106457969083122,2.74601974952644e-06,0,0,0.000488116139950013,0,0,0,1.41119314475899e-05,0,8.96332525115711e-05,0,0.00298004239943997,0,0,0,0,0,0.120067313847983,0,0,0,0,0,0.00168466874381258,0,0,2.22985925005057e-05,0,0.000652577811407016,0,0,0,0,0,0,0,0,0,0,0,8.38886916269235e-06,0,0.000500580967715161,0,0.00109149331873147,0,0.00454424794864882,0,0
0,0,0,0,0,0,0.00318699495978311,0,0,0,0,0,0.00915713296479151,0,0,0,0,0,0.000105347377853716,0,0.0321684377691154,0,0,0,0,0,0,0,0,0,0.0200627418508758,0,0,0,0,0,0.000432481826900291,0,0.00734516923525354,0,0,0,4.54236332030778e-05,0,0,0,0.000321374328869238,0,9.45993599437891e-05,0,0,0,0.000735465146587493,0,0,0,0.110444173325781,0,0.00354001467441268,0,0,0,0,0.0204316075696011,0,0,0,0,0,0,0,0,0,0.00709807048311188,0,0,0,0,0,0.000738806879441194,0,0.00568737952617505,0.00149345018350105,0,8.55506650153249e-05,1.2690345338576e-05,2.66019730339672e-05
0,0,0,0,0,0,0,0.00299191392280519,0,0,0,0,0,0.00809819374501757,0,0,4.32238914111713e-06,0,7.12116648766679e-05,0.0231817642385076,0,0,0,0,0,0,0,0,0,0.0051821927201631,0,0,0,0,0,0.00216399137800064,0,0.00611109324453289,0,0,0,0,0,1.63701558318157e-05,0,0.000322668573997925,0,0,2.57949303534769e-05,0,0,0,0,0.000165150880115626,0,0,0,0.0935323205025037,0,0.00498124306287729,0,0,0.00796916936019498,0,0,0,0,0,0,0,0,0,0.00585813912084542,0,0,0,0,0,0.000553560038484912,0,0.0029845161965003,0,0.00201696077584972,1.08007198092233e-05,0.000618484868453575,8.20635877530201e-05,0
0,0,0,0,0,0,0.00028232746555089,0,0,0,0.00915713296479151,0,0,0,0.000474253246483498,0,0,0,0,0,0,0,0,0,0,0,0,0,0.0114831071004453,0,0,0,0,0,0,0,0,0,0,0,0,0,0,0,0,0,0,0,0,0,0,0,0,0,0,0,0.00379914790869717,0,0.0555259032271235,0,0.000107140105210975,0,0,0,0,0,0,0,0,9.38731539530746e-05,0,0.00584270508507253,0,0,0,0,0,0,0,0,0,0,0.00107445394024928,0.000237415473554456,0,0,0
0,0,0,0,0,0,0,0.00244372492346537,0,0,0,0.00809819374501757,0,0,0,0.00352295498379433,0,0,0,0,0,0,0,0,0,0.000194299267605878,0,0,0,0,0,0,0,0,0,0,0,0,0,0,0,0,0,0,0,0,0,0,0,0,0,0.0026394339292245,0,0.00384582030847881,0,0,0,0.000530362211206632,0,0.0151465096222438,0,0.00270889946157555,0,0,0,0,0,0,0,0,0.000536917383639312,0,0,0,0,0,0,0,0,0,0,0,5.72695377412232e-06,0,0,0,0
0,0,0,0,0.00645775411024233,0,0,0,0.00889830166993101,0,0,0,0.000474253246483498,0,0,0,0.00300684531324927,4.37811053671684e-05,0,0,0,0,5.04230025349002e-05,0,0.00119712143903301,0,0.0846650518464715,0,0.000209800498205198,0,0,0,0,0,0,0,0,0,0,0,0,0,0,0,0,0,0,0,0.00170765496297778,0,0,0,0,0,0.0144649551067814,0,0,0,0.00366853372544261,0,0.103610169310516,0,0,0,0,1.77616573084577e-05,0,0.000103528560779517,0,0.0256549357934524,0,0.000141777266801057,0,0,0,0,0,0,0,0,0,0,0.000746499904714973,0,0,0,0
0,0,0,0,0,0,0,0,0,0.0102361578366285,0,0,0,0.00352295498379433,0,0,0,0.000532332482144388,4.46151052976712e-05,0,0,0.000228723381606664,0,0.00866314106015802,0,0.0126400964033926,0,0,0,0,0,0,0,0,0,0,0,0,0,0,0,0,0,0,0,0,0,0,0,0,0,0,0,0,0,0,0,0,0,0.00522940169629665,0,0.0182618818366457,0,0,0.000156970636419567,0,0.00242020810838567,0,0.0113047417728833,0,0,0,0,0,0,0,0,0,0,0,0,0,0.000422172339014694,0,0,0,0
0,0,0,0,0,3.2898826905847e-06,0,0,0.0116601796099124,0,0,4.32238914111713e-06,0,0,0.00300684531324927,0,0,0.0839438931810289,0.0424888545512653,0,0,0.000274721165300088,0.0101103773328628,0.00829958823860218,0.00129400579279356,0.000638556884838336,0.0304178197691709,0,0.0042935294185403,0,0,0,0,0,0,0,0,6.98960082492366e-06,0,0.000464031762557771,0.000344917760039271,0.000696452759725031,0.000490910000877673,0.000167416438391368,1.10214778581135e-05,9.96364863542834e-06,2.42594733437969e-05,6.79340578567839e-06,0.000117301620802972,2.51773268773921e-05,0,0,0,0,0,0,8.69881539926698e-05,6.93878154176429e-05,0,0,0.00263390677866158,2.61336583826342e-05,0.000106643451334543,0.000267043913122489,2.73676628532328e-05,0.00443796458262375,0.000604236042019163,0.000188826967547643,7.66573912294151e-05,0.00758569171749957,0,0.000345780751895185,0.000295741607012199,5.03951948668086e-05,0,0,0,0,0.0014451485211202,0.000899858802236764,0.000621366416145492,0.00027952542238153,0.0261529671124412,9.16255719024161e-05,0.000514774846355111,0.000381791360265952,4.20002237284806e-05
0,0,0,0,0,0,0,0,0.000605219287887904,0.000260916837764827,0,0,0,0,4.37811053671684e-05,0.000532332482144388,0.0839438931810289,0,0.0391338680939327,0,0,0.0147961265362979,0.000150093072612416,0.0355994065899719,9.17282377258809e-05,0.0171483988133851,0.000207676458884192,0.000311388387508025,0,0,0,0,0,0,0,1.38449968460836e-06,0,2.85190316189316e-05,0,0.00016555855733182,9.40815695722678e-05,0.000627522515015288,7.44537745820968e-05,0.000120157287895851,0,1.66283339583106e-05,2.36039576121419e-06,0,1.08807220959818e-05,1.1140655470415e-05,0,0,0,0,0,0,9.05680137223692e-06,0.000136281473465601,0,0,6.69009102166802e-06,0.000290284857609957,2.32601695520879e-05,0.000168012092440408,0.00441718754265803,3.69612620583453e-05,0.00251676773297393,4.36119361927557e-05,0.003823505262708,0,0,0,0.000400027455961342,3.69706529122814e-05,0,0,0,0,0.00108546869131751,0.000401497681006128,0.000574728437695114,6.27693357115499e-05,0.0193617911705607,2.65081581650959e-05,0.000290437994870277,0.000198746846424076,0
0,0,0.000212110970828471,7.3150528664425e-05,7.37536962554068e-06,9.86872708279892e-06,0,0,0.000504757819931377,0,0.000105347377853716,7.12116648766679e-05,0,0,0,4.46151052976712e-05,0.0424888545512653,0.0391338680939327,0,0,0.000128400061783241,6.97026359808788e-05,2.52428488400022e-05,0.00175450695463757,1.10067469734377e-05,6.00022373058162e-05,3.83621284182484e-05,0,0,0,0,0,0,3.34518194188569e-06,0,3.05874798210317e-05,0,0.000140011146864339,0,0.0119627649785998,0.0063226005793558,0.0197794349614308,0.0120835671253662,0.00659552315208829,0.00135459969282418,8.71020777614694e-05,0.00130168960530636,0.000580627386617345,0.000921546073839993,0.00199000166075632,0,0,0,0,0,0,0.00113162434108501,0.00245172302307205,0,0,0,5.09912905998743e-05,0.00141697278754037,0.00729672575916413,5.74730973343345e-05,0,4.27650882245537e-05,0,1.01586060135862e-05,0,0,0,0.00379114286403583,0.00186580166774081,0,0,8.47599887252517e-06,0,0.0170562267429253,0.0131494192066974,0.0062293800993191,0.00520047077092454,0.00932321740684714,0,0.0110811940545435,0.0139537626411595,0.000958742341178648
0,0,0,0,0,0.00405288590265496,0,0.000681906859635132,0,0,0,0.0231817642385076,0,0,0,0,0,0,0,0,0,0,0,0,0,0,0,0,0,1.4400800742098e-05,0,0,0,0,0,0.00747578470737993,0,0.00456968596208794,0,0.000119523398610135,0,6.42338273332405e-05,0,0,0,0.0002113855804301,0,0,0.000110539860204858,0,0,4.20850147631584e-05,0,0,0,0,0,0.000963104613838453,0,0,0,0,0.080224615320527,0,0,0,0,0,0,0,0,0,0.00184514303985893,0,0,0,0,0,0.00848629331976795,0,0.0023922091781716,0,0.00183878715345922,0,8.04684199028909e-05,0,0
0,0,0,0,0.00217268309289594,0,0,0,0,0,0.0321684377691154,0,0,0,0,0,0,0,0.000128400061783241,0,0,0,0,0,0,0,0,0,0,0,0,0,0,0,0,0,0.0105223840602942,0,0.00245890678774663,0,5.58274938284331e-05,1.56676698331607e-05,0.00081321642018531,0,0,0,0.00285884552549332,0,0.000659198302229973,0,0.000961444016271723,0,0,0,0,0,0.00197656412630803,0,0,0,0,0,0,0.115739447308588,0,0,0,0,0,0,0,0,0,0.00246257963481001,0,0,0,0,0,0.0107231792910226,0,0.00260003030229885,0.00184610535285668,0,0.00143764038084672,0,0.000828669890125365
0,0,0,0,0,0,0,0,0,7.2364573955196e-05,0,0,0,0,0,0.000228723381606664,0.000274721165300088,0.0147961265362979,6.97026359808788e-05,0,0,0,0.00212417386512691,0.00754925565737719,2.70102242646087e-05,0.0134963969136103,0,0.00103273233280245,0,0,0,0,0,0,0,0,0,0.00608494641538394,5.38329553096003e-05,0,0,0,0,0,0,0,0,0,0,0.0102866958023972,0,0,0,0,0,0,0,7.38770880979799e-06,0,0,0,0.000104682565935633,0,0,0.151589116121943,0.00011390253807058,0.00521974088210662,0,0.00645857463354288,0,0.000820829683894206,0,0,0,0,0,0,0,4.15904423722194e-06,0,0.00162016813201825,0,0.00680996483289299,0.00062021265310159,0,4.47161455289827e-06,0
0,0,0,0,0,0,0,0,0.00016938105170377,0,0,0,0,0,5.04230025349002e-05,0,0.0101103773328628,0.000150093072612416,2.52428488400022e-05,0,0,0.00212417386512691,0,1.84767175469958e-05,0.00798341700002837,0,0.0264967741329931,0,0.00427384823997909,0,0,0,0,0,0,0,0,1.93999277957425e-05,0.0146769615892984,0,0,0,0,0,0,0,0,0.000252761736786241,0.000198866028568184,0,0,0,0,0,0,0,0,0,0,0,5.62673199771332e-06,0,0,0,0.000802561540619829,0.130645018600214,0,0.000502939173239121,0,0.00138908934039398,0,0.000185892557111178,0,0,0,0,0,0,0,0,0,0.00116935636240705,0.0106280494963597,0.00103439154830493,0,0,0
0,0,0,0,0,0,0,0,0.0017827350590891,0.00487644473441173,0,0,0,0,0,0.00866314106015802,0.00829958823860218,0.0355994065899719,0.00175450695463757,0,0,0.00754925565737719,1.84767175469958e-05,0,0.00033525523455157,0.0801457308757605,7.70846631611682e-05,0,0,0,0,0,0,0,0,0,0,0.00197682796679695,0,0,0,0,0,0,0,0,0,0,0,0.0130122659262111,0,0,0,0,0,0.0183161648962437,0,6.0372234108718e-05,0,0,0,0.00116624051024209,0,0,0.00753121959125462,0,0.40659538985291,0,0.00939912698929534,0,6.25236791269347e-05,0,0,0,0,0,0,0,1.6295944790564e-05,9.98690867705837e-07,0.000305890209582547,0,0.00515884910124739,4.0015422104701e-06,0.000297297738537886,0,0
0,0,0,0,0,0,0,0,0.0209168049074817,0,0,0,0,0,0.00119712143903301,0,0.00129400579279356,9.17282377258809e-05,1.10067469734377e-05,0,0,2.70102242646087e-05,0.00798341700002837,0.00033525523455157,0,0,0.0346677483531834,0,0,0,0,0,0,0,0,0,0,0,0.00177304431672801,0,0,0,0,0,0,0,0,0,0.00438295577621073,0,0,0,0,0,0.0100755948303976,0,0,0,0,0,0,0,0,0,0,0.000813658558363945,0,0.0938310655282845,0,0.0185937023465429,0,0,0,0,0,0,0,0,0,0,0,0.000212210416068994,0.00444979260973617,3.98534544497938e-05,0.00147822061429509,0,0
0,0,0,0,0,0,0,0,0,0.00167611469289579,0,0,0,0.000194299267605878,0,0.0126400964033926,0.000638556884838336,0.0171483988133851,6.00022373058162e-05,0,0,0.0134963969136103,0,0.0801457308757605,0,0,0,0.000357023285390359,0,0,0,0,0,0,0,0,0,0,0,0,0,0,0,0,0,0,0,0,0,0,0,0,0,0,0,0.000494541721012265,0,0,0,0,0,0.0021093619355806,0,0,0.0156873534313417,0,0.0332798871926561,0,0.102284618613575,0,6.03056783283432e-05,0,0,0,0,0,0,0,0,0,2.33237103807997e-06,0,0.00105861460551602,6.62707697499955e-06,0,0,0
0,0,0,0,0,0,0,0,0.00312042983594625,0,0,0,0,0,0.0846650518464715,0,0.0304178197691709,0.000207676458884192,3.83621284182484e-05,0,0,0,0.0264967741329931,7.70846631611682e-05,0.0346677483531834,0,0,0,0.0206142790026865,0,0,0,0,0,0,0,0,0,0,0,0,0,0,0,0,0,0,0,0,0,0,0,0,0,0,0,0,0,0.00103438304893063,0,0.010105315110998,0,0,0,0,0.0244037839562486,0,0.00608720439791257,0,0.272090473253927,0,0.00827205934369123,0,0,0,0,0,0,0,0,0,0,0.00398707431393688,5.38942402180558e-06,0,0,0
0,0,0,0,0,0,0,0,0,0,0,0,0,0,0,0,0,0.000311388387508025,0,0,0,0.00103273233280245,0,0,0,0.000357023285390359,0,0,0,0.00488516152644991,0,0,0,0,0,0,0,0.00144159309729016,0,0,0,0,0,0,0,0,0,0,0,0,0,0,0,0,0,0,0,0,0,0.00312402535089643,0,0,0,0,0.000103295542898971,0,0,0,0.000267911625471541,0,0.0245761438691327,0,0.00315416569738306,0,0,0,0,0,0,0,0.000745024252690884,0,0.000568327162650153,0,0,0,0
0,0,0,0,0,0,0,0,2.31883530856799e-05,0,0,0,0.0114831071004453,0,0.000209800498205198,0,0.0042935294185403,0,0,0,0,0,0.00427384823997909,0,0,0,0.0206142790026865,0,0,0,0.000166002653713804,0,0,0,0,0,0,0,0.000516503446653709,0,0,0,0,0,0,0,0,0,0,0,0,0,0,0,0,0,0,0,0.0040915730244363,0,0,0,0,0,0,0.000509051963435634,0,0,0,0.00124844185363002,0,0.0542129882171723,0,0.00206576499619804,0,0,0,0,0,0,0,0.000114478794668833,0.000147571589263089,5.60707441447068e-06,0,0,0
0,0,0,0,0,0,0,0,0,0,0,0.0051821927201631,0,0,0,0,0,0,0,1.4400800742098e-05,0,0,0,0,0,0,0,0.00488516152644991,0,0,0,0,0,0,0,0,0,0.00212628552356704,0,0,0,0,0,0,0,0,0,0,0,0,0,0,0,0,0,0,0,0.00264117583646681,0,0,0,0,8.90400617531905e-06,0,0,0,0,0,0,0,0.000166673060830873,0,0.0986593203939602,0,0,0,0,0,0,0,0.000507001456897366,0,3.3003000754889e-05,0,0,0,0
0,0,0,0,0,0,0,0,0,0,0.0200627418508758,0,0,0,0,0,0,0,0,0,0,0,0,0,0,0,0,0,0.000166002653713804,0,0,0,0,0,0,0,0,0,0.00272490740754047,0,0,0,0,0,0,0,0,0,0,0,0,0,0,0,0,0,0.00843415499354028,0,0,0,0,0,0,0,0,0,0,0,0,0,0,0,0,0.0458776793825032,0,0,0,0,0,0,0,0.00146114309127133,1.0892192408894e-05,0,0,0,0
0,0,0,0,0,0,0,0,0,0,0,0,0,0,0,0,0,0,0,0,0,0,0,0,0,0,0,0,0,0,0,0,0.0305757783096836,0.0370045602227844,0.000686261740835366,0.0047996309343203,0.000248727115637481,0,0,0,0,0,0,0,0,0,0,0.0165289992243262,0,1.18681529401451e-05,0,0,0,0,0,0,0,7.06975450222237e-06,0,0,0,0,0,0,0,0,0,0,0,0,0,0,0,0,0.551296222586909,0.0302966506927028,0.00109985368134643,5.14703669925016e-05,0.0034989754239145,2.96735300021166e-05,0,0,0.00184871860837013,0,0,0,0
0,0,0,0,0,0,0,0,0,0,0,0,0,0,0,0,0,0,0,0,0,0,0,0,0,0,0,0,0,0,0,0.0305757783096836,0,8.77231432241388e-05,0.0290345405831737,1.21682062201238e-05,0.000750266906374059,0,0,0,0,0,0,0,0,0,0,0.0309797941844074,0.00100335683948462,0,0,0,0,0,0,0,0,0,0,0,0,0,0,0,0,0,0,0,0,0,0,0,0,0,0.0232442596789599,0.328904527158504,0,0.0119857808016292,9.63112826224996e-06,0.0111624235840461,0,0,6.40328646376447e-05,0,0,0,0
0,0,0,0,0,1.45361250240798e-05,0,0,0,0,0,0,0,0,0,0,0,0,3.34518194188569e-06,0,0,0,0,0,0,0,0,0,0,0,0,0.0370045602227844,8.77231432241388e-05,0,0.105180515102615,0.00222529027699617,7.79523307063734e-05,0.000479073303940921,4.02623019850362e-06,0,0,9.5325107591673e-05,6.43868202947515e-05,0,0,6.28881221295864e-06,0,0.104122520475497,0.000222478386294017,0.00515079448896304,0,0,0,0,0,0,0,1.82557688669001e-05,0,0,0,0,0,0,0,0,0,0,0,0,0,0,8.45693352459357e-06,0,0.0272738811905733,3.92589023484793e-05,0.421529066210025,0.0572779397319367,0.00660403597088028,0,0.00138337291475856,2.64695884783567e-05,0.00242156919264854,0,0.00056829810166667,0,0
0,0,0,0,0,0,0,0,0,0,0,0,0,0,0,0,0,0,0,0,0,0,0,0,0,0,0,0,0,0,0,0.000686261740835366,0.0290345405831737,0.105180515102615,0,9.38451879787906e-05,0.00202182596748237,0,0.00312832592187445,0,0,1.48299814585571e-05,3.02504455774326e-05,0,0,0,0.00028158261727492,0.0885640047046089,0.00342214643547879,0.000733210961821967,0,0,0,0,0,0,0,0,0,0,0,0,6.72715433927903e-06,5.73064351435735e-05,0,0,0,0,0,0,0,0,0,0,0.000116442301893788,0.00597378898743591,0.0724657235167973,0.446592817533436,0,0.0120320738123549,3.85331532190407e-05,0.003902063407222,0.00209306078800336,0,0.00459448746410119,8.12700988918765e-05,0
0,0,0,0,0,0,0,0,0,0,0,0.00216399137800064,0,0,0,0,0,1.38449968460836e-06,3.05874798210317e-05,0.00747578470737993,0,0,0,0,0,0,0,0,0,0,0,0.0047996309343203,1.21682062201238e-05,0.00222529027699617,9.38451879787906e-05,0,0.00579137424583079,0.0130616677427993,0,5.95271232000261e-06,0,4.52545419544204e-06,0,1.9010934671521e-06,0,0.000237376211220111,0,0.000242905019468574,2.94692783669418e-05,2.35219468476306e-05,0,0,0,0,0,0,0,0.000158754365015232,0,0,0,0,0.00145234987872818,0,0,0,0,0,0,0,0,0,1.6316538970828e-06,0,5.01135640266524e-05,0,0.0010347357352577,0,0.0880861387747843,0.00191714279842717,0.000745025532118018,0,0.010737717301602,0.000919562612241926,9.60746817348839e-05,8.18691283484304e-06,0
0,0,0,0,4.25427957764374e-05,0,0,0,0,0,0.000432481826900291,0,0,0,0,0,0,0,0,0,0.0105223840602942,0,0,0,0,0,0,0,0,0,0,0.000248727115637481,0.000750266906374059,7.79523307063734e-05,0.00202182596748237,0.00579137424583079,0,8.17476062085418e-06,0.01948083319988,0,1.97466431005855e-05,0,0.000161427040840259,0,0,0,0.000125169225697684,0.000636235726874374,0.000256046299371859,8.29858031529051e-06,0,0,0,0,0,0,5.65850285444619e-05,0,0,0,0,0,0,0.00313175762328396,0,0,0,0,0,0,0,0,0,1.83444237250211e-05,0,2.6330787347488e-06,0,0.000112809594189031,0.000659302448446711,0.099336205762672,0,0.00710276105243837,0.0117998247879082,0.00245987752590596,0.00043005958246193,0,0
0,4.43346783462144e-06,0,0,0,0,0,0,0,0.00106457969083122,0,0.00611109324453289,0,0,0,0,6.98960082492366e-06,2.85190316189316e-05,0.000140011146864339,0.00456968596208794,0,0.00608494641538394,1.93999277957425e-05,0.00197682796679695,0,0,0,0.00144159309729016,0,0.00212628552356704,0,0,0,0.000479073303940921,0,0.0130616677427993,8.17476062085418e-06,0,0.00110746330592077,1.01543581975923e-05,0,5.43080195791784e-05,0,3.29836180075811e-05,0,0.000280089960071225,0,0.0139233724177817,5.23903729371144e-05,0.00408228936764626,0,0,0,0,0,0.00073374975263839,0,0.000573409640520436,0,0,0,0,0.00119379986723046,0,0.00171746003541779,3.30348895706859e-05,0.00158223286058812,0,0,0,5.29992720112105e-06,0,0.000539726076720333,0,0,0,0.00176484666027315,0,0.00894927999259662,0,0.0658144487500996,4.06410744181523e-06,0.0101432599041808,0.0016663871544859,0.000647912337495732,0.000139605605233714,0
5.9940973599418e-05,0,0,0,0,0,0,0,0.00220834178204561,2.74601974952644e-06,0.00734516923525354,0,0,0,0,0,0,0,0,0,0.00245890678774663,5.38329553096003e-05,0.0146769615892984,0,0.00177304431672801,0,0,0,0.000516503446653709,0,0.00272490740754047,0,0,4.02623019850362e-06,0.00312832592187445,0,0.01948083319988,0.00110746330592077,0,0,2.77481039968273e-06,2.89781935145706e-05,0.000180570169740205,0,0,7.96837501307912e-06,0,0.0110005498959152,0.000836058295099119,0.00033552953064186,0,0,0,0,0.000599376288218329,0,0.000136249798647096,0,0,0,0,0,0,9.2119592898419e-05,0,0.00295012598550838,0,0.000639836692759753,0,0,0,0.000182764149772749,0,9.99380679293999e-05,0,0,4.13967054052042e-06,0.00129450414362477,0,0.0103041439144964,3.15461519442e-05,0.0977048054713436,0.00873782705433741,0.0012604804035476,0.00083790955372704,3.87597146905486e-06,0
0,0,0,0.000310268591662595,0,0.000702327149698611,0,0,0,0,0,0,0,0,0,0,0.000464031762557771,0.00016555855733182,0.0119627649785998,0.000119523398610135,0,0,0,0,0,0,0,0,0,0,0,0,0,0,0,5.95271232000261e-06,0,1.01543581975923e-05,0,0,0.000226138085053125,0.0488602503869577,0.00093333122645705,0.000381240938778686,0,0.00400144984533436,0,0.00845314478852222,2.40386977156028e-05,0.046390317420004,0,0,0,0,0,0,7.52459949536895e-06,0.00117839459704393,0,0,0,0,0.00241173440176014,0.000584435791933211,0,0,0,0,0,0,0,0,0.00148405613083883,0,0,0,0.000115553787744153,0,0.00748881326891643,0.000212261152059397,0.000544234194606545,3.16506256954589e-05,0.000848756411633044,0,0.0106013641883962,0.00602000054822263,0.000235756155336965
0,0,0,0,0.000207520084299258,0,0,0,0.000113400827024556,0,0,0,0,0,0,0,0.000344917760039271,9.40815695722678e-05,0.0063226005793558,0,5.58274938284331e-05,0,0,0,0,0,0,0,0,0,0,0,0,0,0,0,1.97466431005855e-05,0,2.77481039968273e-06,0.000226138085053125,0,0.000514248353723258,0.0345900696984782,0,0,0,0.0199402479705508,0.00167699512491885,0.0507346257447906,5.03250442482773e-05,0,0,0,0,0,0,0.000405288214840292,1.14628652643559e-05,0,0,0,0,0.000116859428367761,0.00364045946500258,0,0,0,0,0,0,0,0,0.000116340454313481,0.00168493400633467,0,0,0,5.29929575773542e-05,0.000121178454452709,0.00589839473687691,3.50021842165966e-05,0.00227724630550664,0.000376294601262104,0,0.0101263750432812,0.000291072818780005,0.00203392671519075
0,0.000149257828381969,0,0.0042170924384016,0,7.65762970061505e-05,0,0,0,0.000488116139950013,0,0,0,0,0,0,0.000696452759725031,0.000627522515015288,0.0197794349614308,6.42338273332405e-05,1.56676698331607e-05,0,0,0,0,0,0,0,0,0,0,0,0,9.5325107591673e-05,1.48299814585571e-05,4.52545419544204e-06,0,5.43080195791784e-05,2.89781935145706e-05,0.0488602503869577,0.000514248353723258,0,0.014359903769344,0.00241483852045037,0,0.00620704996626503,7.19877353701909e-06,0.0151863118292356,0.0010913643810304,0.0373848326686737,0,0,0,0,0,1.62250768573433e-05,8.48392879655856e-05,0.0380695930468894,0,0,0,0,0.00540938146969279,0.00021599735203511,6.39100088198037e-06,0,0,0,0,0,0,0,0.0260562333347609,0.00021406026229424,0,0,0.000601687181163868,6.69153022251755e-06,0.0182083534285319,0.000490078643126174,0.00441982568230791,0.000253887702243531,0.00197308951427298,0,0.0487920459176836,0.0632487137390401,0.000285413516962024
0.00104051886549936,0,0.00111570713982628,0,0.00178638496700114,0,0,0,0.00179696001184136,0,4.54236332030778e-05,0,0,0,0,0,0.000490910000877673,7.44537745820968e-05,0.0120835671253662,0,0.00081321642018531,0,0,0,0,0,0,0,0,0,0,0,0,6.43868202947515e-05,3.02504455774326e-05,0,0.000161427040840259,0,0.000180570169740205,0.00093333122645705,0.0345900696984782,0.014359903769344,0,0,1.33046422297518e-05,8.83365389092251e-05,0.00895220503953949,0.00449151334708893,0.0307256495466348,0.00123197075918854,0,0,0,0,0,0,0.0172931815230114,5.71598000419899e-06,0,0,0,0,8.80219958794777e-05,0.0260222615832165,0,0,0,0,0,0,0,0,3.3839674490438e-05,0.0435043517670005,0,0,3.94266123014714e-05,0,0.000374685832538359,0.0143297236104453,4.49908732163735e-05,0.014934639912377,0.00156380920380067,0,0.0398484544338311,0.00306704119783322,0.0221442528552719
0,0,0,0,0,0,0,0,0,0,0,1.63701558318157e-05,0,0,0,0,0.000167416438391368,0.000120157287895851,0.00659552315208829,0,0,0,0,0,0,0,0,0,0,0,0,0,0,0,0,1.9010934671521e-06,0,3.29836180075811e-05,0,0.000381240938778686,0,0.00241483852045037,0,0,0,0.000216361228347739,0,1.4769657882492e-05,0,2.72410583558752e-05,0,0,0,0,0,0,0,0.00128663681577735,0,0,0,0,5.57909238745448e-05,9.06782530857438e-06,0,0,0,0,0,0,0,0,0.00329004925641833,0,0,0,0,0,0.000250353903837254,1.01761571046261e-05,0.00052583085396699,0,0.00014831756560385,0,0.00284177770478505,0.00640863551593647,0
0,0,0,0,0,0,0,0,0,0,0,0,0,0,0,0,1.10214778581135e-05,0,0.00135459969282418,0,0,0,0,0,0,0,0,0,0,0,0,0,0,0,0,0,0,0,0,0,0,0,1.33046422297518e-05,0,0,0,0,0,0,0,0,0,0,0,0,0,8.6272263468079e-05,9.14161833127924e-05,0,0,0,0,0,2.39619488700362e-05,0,0,0,0,0,0,0,0,0,9.70453701419211e-05,0,0,0,0,0,9.03423225237968e-05,0,9.07371371790097e-05,0,0,0.000151103300194351,0,0
0,0,0,0.0018310486970721,0,0.00803903094062843,0,0,0,1.41119314475899e-05,0,0.000322668573997925,0,0,0,0,9.96364863542834e-06,1.66283339583106e-05,8.71020777614694e-05,0.0002113855804301,0,0,0,0,0,0,0,0,0,0,0,0,0,6.28881221295864e-06,0,0.000237376211220111,0,0.000280089960071225,7.96837501307912e-06,0.00400144984533436,0,0.00620704996626503,8.83365389092251e-05,0.000216361228347739,0,0,0,0.00104831127576217,0.00318860309836617,0.00600218819289616,0,0,0,0,0,0,0,0.00675032609394027,0,0,0,0,0.0498486212824086,0,0,0,0,0,0,0,0,0,0.0075474055249081,0,0,0,2.11351413501316e-05,0,0.0155160257266615,1.04133906556201e-06,0.00232220695720525,5.24289157509999e-06,0.00020732661421093,0,0.0110944716676265,0.00105788686649243,0
0,0,3.512228334161e-05,0,0.000430211437443896,0,0,0,2.75185859087686e-05,0,0.000321374328869238,0,0,0,0,0,2.42594733437969e-05,2.36039576121419e-06,0.00130168960530636,0,0.00285884552549332,0,0,0,0,0,0,0,0,0,0,0,0,0,0.00028158261727492,0,0.000125169225697684,0,0,0,0.0199402479705508,7.19877353701909e-06,0.00895220503953949,0,0,0,0,0.000685890322486972,0.016874460610075,7.57191238442994e-06,2.87361689254653e-05,0,0,0,3.491089935163e-05,0,0.00201005432795087,0,0,0,1.8241744835539e-05,0,0,0.0411196112729607,0,0,0,0,0,0,0,0,0,0.00153317762031256,0,0,0,0.000223392186766206,1.62831203894694e-05,0.0130551133156801,0,0.00346975839052962,0.000227807672990761,0,0.0111715826124365,1.464941140616e-05,0.000243967102478442
1.21740794623662e-05,0,0,0.000616664694170612,6.32105691925048e-05,0.000495756852149105,0,0,0,8.96332525115711e-05,0,0,0,0,0,0,6.79340578567839e-06,0,0.000580627386617345,0,0,0,0.000252761736786241,0,0,0,0,0,0,0,0,0.0165289992243262,0.0309797941844074,0.104122520475497,0.0885640047046089,0.000242905019468574,0.000636235726874374,0.0139233724177817,0.0110005498959152,0.00845314478852222,0.00167699512491885,0.0151863118292356,0.00449151334708893,1.4769657882492e-05,0,0.00104831127576217,0.000685890322486972,0,0.0489958469292467,0.0747718673588434,0,0,0,0,0,0,0,0.00112686848780056,0,0,0,0,0.00030825692646637,7.28578832044993e-05,0,0.00072471684664423,0,0,0,0,0,0,0.000584135904147843,0,0.0379755813322418,0.106431928055089,0.217153177369632,0.234834273715056,0.00363367444584328,0.000786543100960633,0.00700301273860136,0.0273542218288583,0.00129287763804674,0,0.0316968554943851,0.0024711775184309,0
0.027091471648819,0,0.00349177033042248,0.00104527345561841,0.00177869394192624,0.00119924926278048,0,0,0.00706801269332356,0,9.45993599437891e-05,2.57949303534769e-05,0,0,0.00170765496297778,0,0.000117301620802972,1.08807220959818e-05,0.000921546073839993,0.000110539860204858,0.000659198302229973,0,0.000198866028568184,0,0.00438295577621073,0,0,0,0,0,0,0,0.00100335683948462,0.000222478386294017,0.00342214643547879,2.94692783669418e-05,0.000256046299371859,5.23903729371144e-05,0.000836058295099119,2.40386977156028e-05,0.0507346257447906,0.0010913643810304,0.0307256495466348,0,0,0.00318860309836617,0.016874460610075,0.0489958469292467,0,0.00557235867964194,0,0,0,0,0.00306421049446553,0,0.0100993465676105,0.00139282547346163,0.000426573981316215,0,0.00216742371041527,0,0.000582550361522255,0.00624016201049207,0,0.000282986655248272,0,0.0142140307925205,0,0.00894964055925499,0,0.00315405421970393,0.000629911564516015,0.0121947529153234,0,0.00118401372227329,0.000967902616890111,0.00427186589528422,8.14220921970139e-05,0.00488875550797517,0.000117794763479923,0.00226669320546034,0.00084212729504571,0,0.0379072607506242,9.53893822272388e-05,0.000715729534704081
0,0.0160315639740074,0,0.00863355457043965,0,0.00269961182325925,0,0,0,0.00298004239943997,0,0,0,0,0,0,2.51773268773921e-05,1.1140655470415e-05,0.00199000166075632,0,0,0.0102866958023972,0,0.0130122659262111,0,0,0,0,0,0,0,1.18681529401451e-05,0,0.00515079448896304,0.000733210961821967,2.35219468476306e-05,8.29858031529051e-06,0.00408228936764626,0.00033552953064186,0.046390317420004,5.03250442482773e-05,0.0373848326686737,0.00123197075918854,2.72410583558752e-05,0,0.00600218819289616,7.57191238442994e-06,0.0747718673588434,0.00557235867964194,0,0,0,0,0,0,0.000130852447267508,0,0.00312372850128248,0,0,0,0.00234961245000209,0.00123108379733755,0,0.0117407369703562,0,0.00869653356779572,0,0,0,0.000652988027638578,0,0.00196312300943525,0,6.36623910273502e-05,0,0.0014945394728294,0.000130859302731269,0.00369780773384881,1.47158263924801e-05,0.00814374116543926,0.000425475073247903,0.00124710651007435,0,0.0264126280569047,0.00376242500661746,1.21095408333353e-05
0,0,0.00950265780801817,0,0.0609476846526808,0,0,0,0.00517237489239161,0,0,0,0,0,0,0,0,0,0,0,0.000961444016271723,0,0,0,0,0,0,0,0,0,0,0,0,0,0,0,0,0,0,0,0,0,0,0,0,0,2.87361689254653e-05,0,0,0,0,0,0,0,0.0221605139039216,0,0.00145363313598715,0,0,0,0.000709309299801428,0,0,0.0102711050295475,0,0,0,0,0,0,0,0,0,0,0,0,0,0,0,0,0,0,0,0,0.00532706298043121,0,0
0,0,0,0.00637765350124322,0,0.0102582315465837,0,0.00440177969945552,0,0,0,0,0,0.0026394339292245,0,0,0,0,0,4.20850147631584e-05,0,0,0,0,0,0,0,0,0,0,0,0,0,0,0,0,0,0,0,0,0,0,0,0,0,0,0,0,0,0,0,0,0,0.00847654495855408,0,0.00022307261222701,0,0.000261188477980089,0,0.00838633436817635,0,0.0246207386444675,0.00159823979824537,0,0,0,0,0,0,0,0,0,0,0,0,0,0,0,0,0,0,0,0,0,0.000842076157491147,0,0
0,0,0,0,0.000374994620557866,0,0.0376002710607159,0,0,0,0.000735465146587493,0,0,0,0,0,0,0,0,0,0,0,0,0,0,0,0,0,0,0,0,0,0,0,0,0,0,0,0,0,0,0,0,0,0,0,0,0,0,0,0,0,0,0,0,0,0.00705472850851657,0,0.000296458623926243,0,0,0,0,0,0,0,0,0,0,0,0,0,0,0,0,0,0,0,0,0,0,0,6.63219793069778e-05,0,0,0,0
0,0,0,0,0,0,0,0.131526061855717,0,0,0,0.000165150880115626,0,0.00384582030847881,0,0,0,0,0,0,0,0,0,0,0,0,0,0,0,0,0,0,0,0,0,0,0,0,0,0,0,0,0,0,0,0,0,0,0,0,0,0.00847654495855408,0,0,0,0,0,0,0,8.28539627360791e-05,0,0,0,0,0,0,0,0,0,0,0,0,0,0,0,0,0,0,0,0,0,0,0,0,0,0,0
0.0260362208747381,0,0.0176047476282367,0,0,0,0,0,0.0795911471015068,0,0,0,0,0,0.0144649551067814,0,0,0,0,0,0,0,0,0,0.0100755948303976,0,0,0,0,0,0,0,0,0,0,0,0,0,0.000599376288218329,0,0,0,0,0,0,0,3.491089935163e-05,0,0.00306421049446553,0,0.0221605139039216,0,0,0,0,0,0,0,2.24722187091664e-05,0,0.0339506896363348,0,0,0.000304883554019903,0,0,0,0.0016912830856438,0,0,0,0,0,0,0,0,0,0,0,1.5531756266233e-06,0,0.000258276195911707,0.00038246635308744,0,0.00275616744830632,0,0
0,0.0265802267300147,0,0.00512634181235271,0,0,0,0,0,0.120067313847983,0,0,0,0,0,0,0,0,0,0,0,0,0,0.0183161648962437,0,0.000494541721012265,0,0,0,0,0,0,0,0,0,0,0,0.00073374975263839,0,0,0,1.62250768573433e-05,0,0,0,0,0,0,0,0.000130852447267508,0,0.00022307261222701,0,0,0,0,0,0,0,0,0,0,0,0,0,0,0.00198099081892579,0,0,0,0,0,0,0,0,0,0,0,0,0,0.000402737209867644,0,5.57848339057261e-05,0,7.00498272850831e-05,0,0
0,0,0.00225564211025907,0,0.000185063015359909,0,0.0010936664284906,0,0,0,0.110444173325781,0,0.00379914790869717,0,0,0,8.69881539926698e-05,9.05680137223692e-06,0.00113162434108501,0,0.00197656412630803,0,0,0,0,0,0,0,0,0,0.00843415499354028,0,0,0,0,0,5.65850285444619e-05,0,0.000136249798647096,7.52459949536895e-06,0.000405288214840292,8.48392879655856e-05,0.0172931815230114,0,8.6272263468079e-05,0,0.00201005432795087,0,0.0100993465676105,0,0.00145363313598715,0,0.00705472850851657,0,0,0,0,0,0.0166147862774795,0,0.000120007900468812,0,0,0.0178872567694272,0,0,0,0,0,0,0,0.00148786016706675,0,0.0479153287349782,0,0,0,0,6.2971302440246e-06,0.000490883410231258,0,0.000792420033264619,0.000760107393394674,2.83254831536503e-06,0.0112731681582891,0.000159987069497849,0.00227018207751334
0,0,0,0.00135845385882964,0,0.000127048466942086,0,0.000561684790772097,0,0,0,0.0935323205025037,0,0.000530362211206632,0,0,6.93878154176429e-05,0.000136281473465601,0.00245172302307205,0.000963104613838453,0,7.38770880979799e-06,0,6.0372234108718e-05,0,0,0,0,0,0.00264117583646681,0,7.06975450222237e-06,0,1.82557688669001e-05,0,0.000158754365015232,0,0.000573409640520436,0,0.00117839459704393,1.14628652643559e-05,0.0380695930468894,5.71598000419899e-06,0.00128663681577735,9.14161833127924e-05,0.00675032609394027,0,0.00112686848780056,0.00139282547346163,0.00312372850128248,0,0.000261188477980089,0,0,0,0,0,0,0,0.00084894252868368,0,0.000136734711554475,0.0161468616351506,0.000109476029980505,0,0,0,0,0,0,0.00557848552157758,0,0.0277076551197224,0,0,0,0.00030688835558899,2.8834654551721e-05,0.00157224405952005,2.69301447774071e-05,0.000451280933608357,0,0.000366564359936712,0,0.0119113671546909,0.0154896610773669,0
0.00072814927984996,0,0.0102414585949586,0,0,0,0.000344008465670762,0,3.24528219553331e-05,0,0.00354001467441268,0,0.0555259032271235,0,0.00366853372544261,0,0,0,0,0,0,0,0,0,0,0,0.00103438304893063,0,0.0040915730244363,0,0,0,0,0,0,0,0,0,0,0,0,0,0,0,0,0,0,0,0.000426573981316215,0,0,0,0.000296458623926243,0,2.24722187091664e-05,0,0.0166147862774795,0,0,0,0.00723734486423405,0,0,1.11509727915057e-05,0,0,0,0,0,0.000183263326635163,0,0.00280240928561994,0,0,0,0,0,0,0,1.85273462902753e-06,0,0,0.000375444664717352,2.22092279231414e-05,0.000650561606758555,0,0
0,0,0,0.000395065303388658,0,0,0,0.000462803156478523,0,0,0,0.00498124306287729,0,0.0151465096222438,0,0.00522940169629665,0,0,0,0,0,0,0,0,0,0,0,0.00312402535089643,0,0,0,0,0,0,0,0,0,0,0,0,0,0,0,0,0,0,0,0,0,0,0,0.00838633436817635,0,8.28539627360791e-05,0,0,0,0.00084894252868368,0,0,0,0.00179538351268211,0,0,0,0,0,0,0,0,0.0114615770136392,0,0,0,0,0,0,0,0,0,0,0,0,0,0,0,0
0.00154495684031281,0,0.0167448859052335,0,0.0100725257713335,0,0,0,0.0062279979497662,0,0,0,0.000107140105210975,0,0.103610169310516,0,0.00263390677866158,6.69009102166802e-06,0,0,0,0,5.62673199771332e-06,0,0,0,0.010105315110998,0,0,0,0,0,0,0,0,0,0,0,0,0,0,0,0,0,0,0,1.8241744835539e-05,0,0.00216742371041527,0,0.000709309299801428,0,0,0,0.0339506896363348,0,0.000120007900468812,0,0.00723734486423405,0,0,0,0,7.7875096665018e-05,0,0,0,0,0,0.0046595940712722,0,0,0,0,0,0,0,0,0,0,0,0,0.000241299126829476,0,0.000736782987666797,0,0
0,0,0,0.00256346406994224,0,0.000634392847006272,0,0,0,0.00168466874381258,0,0,0,0.00270889946157555,0,0.0182618818366457,2.61336583826342e-05,0.000290284857609957,5.09912905998743e-05,0,0,0.000104682565935633,0,0.00116624051024209,0,0.0021093619355806,0,0,0,0,0,0,0,0,0,0,0,0,0,0,0,0,0,0,0,0,0,0,0,0.00234961245000209,0,0.0246207386444675,0,0,0,0,0,0.000136734711554475,0,0.00179538351268211,0,0,0,0,2.92179344080225e-05,0,0,0,0.00352036803745197,0,0,0,0,0,0,0,0,0,0,0,0,0,4.50840712735817e-05,0,0,0,0
0,0,0,0.000660758357337321,0,0.00891389835550528,0,0,0,0,0,0.00796916936019498,0,0,0,0,0.000106643451334543,2.32601695520879e-05,0.00141697278754037,0.080224615320527,0,0,0,0,0,0,0,0,0,8.90400617531905e-06,0,0,0,0,6.72715433927903e-06,0.00145234987872818,0,0.00119379986723046,0,0.00241173440176014,0.000116859428367761,0.00540938146969279,8.80219958794777e-05,5.57909238745448e-05,0,0.0498486212824086,0,0.00030825692646637,0.000582550361522255,0.00123108379733755,0,0.00159823979824537,0,0,0,0,0,0.0161468616351506,0,0,0,0,0,9.63537654853646e-06,0,0,0,0,0,0,0,0,0.0199551647736876,0,0,0,6.48287124322524e-05,0,0.0182708714733325,4.7926453170463e-05,0.00669913245012482,1.64070632965255e-05,0.00110219960287603,0,0.010284394384817,0.000909002219734049,0
0,0,0.000475904474936847,0,0.0147265599327985,0,0.000213923491910526,0,0.000197967543770855,0,0.0204316075696011,0,0,0,0,0,0.000267043913122489,0.000168012092440408,0.00729672575916413,0,0.115739447308588,0,0,0,0,0,0,0,0,0,0,0,0,0,5.73064351435735e-05,0,0.00313175762328396,0,9.2119592898419e-05,0.000584435791933211,0.00364045946500258,0.00021599735203511,0.0260222615832165,9.06782530857438e-06,2.39619488700362e-05,0,0.0411196112729607,7.28578832044993e-05,0.00624016201049207,0,0.0102711050295475,0,0,0,0.000304883554019903,0,0.0178872567694272,0.000109476029980505,1.11509727915057e-05,0,7.7875096665018e-05,0,9.63537654853646e-06,0,0,0,0,0,0,0,0,0,7.05201427085977e-05,0.0135522340241394,0,0,0,6.56217049432679e-05,0.000175989014329718,0.0148456489720419,5.4475177311211e-05,0.0193721418139338,0.00106819128733462,0,0.0261137133978967,0.000202292395529746,0.00165661030392354
0,0,0,0,0,0,0,0,0,2.22985925005057e-05,0,0,0,0,0,0.000156970636419567,2.73676628532328e-05,0.00441718754265803,5.74730973343345e-05,0,0,0.151589116121943,0.000802561540619829,0.00753121959125462,0,0.0156873534313417,0,0.000103295542898971,0,0,0,0,0,0,0,0,0,0.00171746003541779,0,0,0,6.39100088198037e-06,0,0,0,0,0,0,0,0.0117407369703562,0,0,0,0,0,0,0,0,0,0,0,2.92179344080225e-05,0,0,0,0,0.00216631526956046,0,0.0041505520431144,0,0.00108365613062099,0,0,0,0,0,0,0,0,0,0.00204020456931106,0,0.00207779603855294,0.000150485184819857,0,0,0
0,0,0,7.54179488256983e-06,0,0,0,0,1.29373747843377e-05,0,0,0,0,0,1.77616573084577e-05,0,0.00443796458262375,3.69612620583453e-05,0,0,0,0.00011390253807058,0.130645018600214,0,0.000813658558363945,0,0.0244037839562486,0,0.000509051963435634,0,0,0,0,0,0,0,0,3.30348895706859e-05,0.00295012598550838,0,0,0,0,0,0,0,0,0.00072471684664423,0.000282986655248272,0,0,0,0,0,0,0,0,0,0,0,0,0,0,0,0,0,0,0.000179615898889211,0,0.0034060642537923,0,0.00180609679177849,0,0,0,0,0,0,0,0,0,0.00187483500691423,0.00255654510205773,0.000248907367779088,0,0,0
0,0,0,0,0,0,0,0,0,0.000652577811407016,0,0,0,0,0,0.00242020810838567,0.000604236042019163,0.00251676773297393,4.27650882245537e-05,0,0,0.00521974088210662,0,0.40659538985291,0,0.0332798871926561,0,0,0,0,0,0,0,0,0,0,0,0.00158223286058812,0,0,0,0,0,0,0,0,0,0,0,0.00869653356779572,0,0,0,0,0,0.00198099081892579,0,0,0,0,0,0,0,0,0.00216631526956046,0,0,0,0.046896608274981,0,0,0,0,0,0,0,0,0,9.052410235918e-06,0,0.000198102765431113,0,0.000529401802682489,0,0.000159706112827484,0,0
