0,0,0.0140025883108321,0,0,0,0,0,0.0744448506917277,0,0,0,0,0,0,0,0.000670284563282035,6.53475903600351e-05,0.00346162557268204,0,0.000171749766630073,0,0,0,0,0,0,0,0,0,0,0,0,0,0,0,3.38979965407752e-05,0,9.09104737950558e-05,4.75599006751384e-05,0,0,0.000775495945237128,0,0,0,0.00537244382359074,0.000377888111539473,0.00513061895680486,0,0.00285681045856308,0,0,0,0.0182529538191328,0,0.000112312001912079,0,0,0,0.00575290292871271,0,0,0.00049051136563897,0,0,0,0,0,0,0,0,0,0,0,0,0,0,0,0.000521035886298351,0,0.000447613099677401,0.000692653958847922,1.42289676265282e-05,0.00547915136504901,0,0.000200806654202116
0,0,0,0.0574012184504666,0,0.00508312026034124,0,0,0,0.1003415491868,0,0,0,0,0,0,0,0,9.3101725733117e-05,0,0,0,0,0.00392331588994143,0,0,0,0,0,0,0,0,0,0,0,0,0,0,0,0,0,0.000848223390114106,0,0,0,0,0,0,0,0.00985209175487242,0,0.000822733924250431,0,0,0,0.0638557785449459,0,0,0,0,0,0,0,0,0,0,0.00342768635743415,0,0,0,0,0,0,0,0,0,0,0,0,0,0,0,0.000839583684031541,0,0.0012923913193532,0.000507203923247934,0
0.0140025883108321,0,0,0,0.012952987790832,0,0,0,0.00346681541926926,0,0,0,0,0,0,0,0,0,0.000483411345810445,0,0,0,0,0,0,0,0,0,0,0,0,0,0,0,0,0,0,0,0,0,0.000189699304804166,0,7.40472534718447e-05,0,0,0,0,0,0.00463180835881166,0,0.00634063932475202,0,0,0,0.00813432507218397,0,0.00224935180206813,0,0,0,0,0,0,0,0,0,0,0,0,0,0,0,0,0,0,0,0,0,0,1.51638023002187e-06,0,0,0.000176193026736093,0,0.017476396116348,0,0
0,0.0574012184504666,0,0,0,0.00227062526111393,0,0,0,0.0398288413067095,0,0,0,0,0,0,0,6.73681536626975e-06,0.000181951393329238,0,0,0,0,0.000245198288651904,0,0,0,0,0,0,0,0,0,0,0,0,1.00084724825041e-05,0,0,0.00332412769354634,0,0.00554248822060729,0.000466390130734803,0,0,0.0034565248612251,0.00016305504531688,0.00037912619532687,0.00172565418168508,0.00302153877042744,0,6.59301163170637e-05,0,0,0,0.00560685358529797,0,0.00173443232751716,0,0,0,0,2.04632390668437e-05,1.08158232612532e-05,0,0,0.000211467487969862,0,0,0,0,0,0.00296430408374498,8.95842742226673e-05,0,0,0,0,9.1586560072216e-05,3.24925788162686e-05,0,8.96284213809255e-06,0.00039996115032969,0,0.0258424457163673,0.00349855814609272,0
0,0,0.012952987790832,0,0,0,0.00054786405049187,0,0.0200912847433423,0,0,0,0,0,0,0,0,0,0,0,0.00948940159252327,0,0,0,0,0,0,0,0,0,0,0,0,0,0,0,0.000170395567825461,0,0,0,0.00110257838211449,0,0.00074739209295748,0,0,0,0.00162787008562797,0,0.000818871264024456,0,0.0515199048772304,0,0.0127281775966841,0,0.000217358958903869,0,0.00110614097709647,0,0.00107767544784798,0,0.000102788566525245,0,0,0.00383214910865446,0,0,0,0,0,0,0,0,0,0.000397581110842847,0,0,0,0,0,0.000281913101142666,0,0,0.00119532172912024,0.000293900709020651,0.00431862427070837,0,0
0,0.00508312026034124,0,0.00227062526111393,0,0,0,0,0,0.0112957780355603,0,0,0,0,0,0,3.48798189940159e-06,9.29260868103108e-06,0.000136404640680394,4.46556101232724e-05,0,0,0,0,0,0,0,0,0,0,0,0,0,0.000108108284559378,0,0,1.18310408470401e-05,0,0,0.000975808343804285,0,0.000700135971673258,0.000258192114168702,0,0,0.00192684794587058,0.000179851705191716,0.000523471365139483,0.00189160920053529,0.00111985011383182,0,0.00158202415819693,0,0,0,0.00351781278060531,3.9123195377713e-05,0.000183542599860025,0,0,0,0,0.000175353663958071,2.78659249866153e-05,0,0,0,0,0,0,0,0,5.35462958338837e-05,0,0,0,0,0,3.62553950915471e-05,9.9276810417619e-07,0,0,0.000525640118767964,0,0.00848286286266906,0.000170502076099414,0
0,0,0,0,0.00054786405049187,0,0,0,0,0,0,0,0.000530196224043406,0,0,0,0,0,0,0,5.37690724372363e-05,0,0,0,0,0,0,0,0,0,0,0,0,0,0,0,0,0,0,0,0,0,0,0,0,0,0,0,0,0,0,0,0.0165452343283364,0,0,0,0,0,0.000256615865509957,0,0,0,0,0,0,0,0,0,0,0,0,0,0,0,0,0,0,0,0,0,0,0,0.0010415230617713,0.00140984238781269,0,0,0
0,0,0,0,0,0,0,0,0,0,0,0,0,0.00694173396952976,0,0,0,0,0,0,0,0,0,0,0,0,0,0,0,0,0,0,0,0,0,0,0,0,0,0,0,0,0,0,0,0,0,0,0,0,0,0.00452885836279018,0,0.0288429832866802,0,0,0,0.00142084619207915,0,0.00016846746114913,0,0,0,0,0,0,0,0,0,0,0,0,0,0,0,0,0,0,0,0,0,0,0,0,0,0,0
0.0744448506917277,0,0.00346681541926926,0,0.0200912847433423,0,0,0,0,0.000366674350955568,0,0,0,0,0.000367084976296039,0.000432544098994549,0.0183820281462224,0.00517801595385326,0.00969799811488527,0,0,0,0,0,0.00213642779472977,0.00169428841252738,0.00150919823727314,0,0,0,0,0,0,0,3.05935094117675e-05,0,0,0,0.00341748406806014,6.00877684471821e-05,0,2.26795035768808e-05,6.65238293128922e-06,0,7.34277476857614e-05,0,0.000195177749827683,0,0.00317737467168538,0,0.00476672598764265,0,0,0,0.108817535082861,0,0,0,0,0,0.00084221980111645,0.000225383775180674,0,0,0,0,0,0.0193213370573316,6.56391768702018e-05,0.000365092472130602,0,0,0,0,0,0,0,0,2.32779304953901e-05,7.69100308075796e-06,0,0.00290208153100524,0.00268522079653327,0,0.00577387892669912,0.000115366607298838,0.000103529536350554
0,0.1003415491868,0,0.0398288413067095,0,0.0112957780355603,0,0,0.000366674350955568,0,0,0,0,0,0,0.0019082778287323,0.00145401401133497,0.00625978016925701,0.00328539854607367,0,4.35270289396526e-05,0,0,0.00308201639416184,0,0.00120543128593,0,0,0,0,0,0,0,8.29459572864732e-05,0,0,0,0.00647338295308843,0,0,0,0.000693943849158659,1.97472929197528e-05,0,0,0,4.526427893851e-05,0,0,3.7387827334613e-05,0,0.000597164004357002,0,0,0,0.0425211463372328,0,0,0,0,0,0.000219707784708589,0,0,0,0,0.00233228570048062,0,0.000321138355427453,0,0,0,0,0,0,0,4.10908650720814e-05,0,0,0,0.0014121982317192,0,0.00357741097953326,0,0.00496029492115377,0,0
0,0,0,0,0,0,0,0,0,0,0,0,0.00113600032413834,0,0,0,0,0,0.000145370997640282,0,0.0141305947163424,0,0,0,0,0,0,0,0.00221113473492398,0,0,0,0,0,0,0,9.56185787345896e-05,0,0.00493064204938656,0,0,0,0,0,5.98054079071868e-05,0,0.000105533467693613,0,0,0,0.000103007482980094,0,0,0,0,0,0.00242297560339944,0,0.000908868610810028,0,0,0,0,0.00215506163899819,0,0,0,0,0,0,0,0.00484334313463945,0,0.000179058104845239,0,0,0,0,0,4.9567169666239e-05,0,0.00100752407849506,0.00115922970371387,0.00173386999891204,0.000140721376628292,0,0.00013975455756814
0,0,0,0,0,0,0,0,0,0,0,0,0,0.000289885262975041,0,0,0,0,0,0.00645561224309618,0,0,0,0,0,0,0,0,0,0.023412593755482,0,0,0,0,0,0,0,0.00722889373836625,0,0,0,0,0,0,0,6.80374401977118e-05,0,0,0,0,0,0,0,0,0,0,0,0.0255345752575868,0,0,0,0,0.000514151382950144,0,0,0,0,0,0,0,0,0,0.00147827763649934,0,0,0,0,0,0,0,0.00147535267616875,0,0.00075552667457758,0,0.000124052990365235,0,0
0,0,0,0,0,0,0.000530196224043406,0,0,0,0.00113600032413834,0,0,0,0,0,0.00048607187107283,4.05592591746075e-06,0,0,0,0,0,0,0,0,6.21672697235652e-05,0,0,0,0,0,0,0,0,0,0,0,0,0,0,0,0,0,0,0,0,0,0,0,0,0,0,0,0,0,0,0,0.000539170211896148,0,0,0,0,0,0,0,0,0,0,0,0,0,0,0,0,0,0,0,0,0,0,0,0.000144105012413682,3.69520130334422e-05,0,0,0
0,0,0,0,0,0,0,0.00694173396952976,0,0,0,0.000289885262975041,0,0,0,0.000166257630052954,0,0.00102413868361155,0,0,0,0,0,0,0,0,0,0,0,0,0,0,0,0,0,0,0,0,0,0,0,0,0,0,0,0,0,0,0,0,0,0.00243549219290318,0,0.0423920641019166,0,0,0,0.00922151439300569,0,0.0327241485960182,0,0,0,0,0,0,0,0,0,0,0,0,0,0,0,0,0,0,0,0,0,0,0.000109287856337771,0,0,0,0
0,0,0,0,0,0,0,0,0.000367084976296039,0,0,0,0,0,0,0,0.00475378461745835,0.000275690491392263,0,0,5.97768051349696e-05,0,0,0,0,3.92166610594996e-05,0.000778706866400476,0,0,0,0,0,0,0,0,0,0,0,0,0,0,0,0,0,0,0,0,0,0,0,0,0,0,0,0.00276524657045944,0,0,0,0,0,0.000375763280317187,0,0,0,0,0,0,0,0.000434842893355315,0.000290901406110197,0,0,0,0,0,0,0,0,0,0,0,0,7.97603362596186e-05,0,7.70780532028748e-06,0,0
0,0,0,0,0,0,0,0,0.000432544098994549,0.0019082778287323,0,0,0,0.000166257630052954,0,0,0.00223477732915218,0.0386998983787045,0.00291078942643936,0,0,0,0,0.000175759570092231,0,0.0159416831140867,0.000675913988672576,0,0,0,0,0,0,0,0,0,2.5327928849569e-06,0,0,0,0,0,4.91922733395094e-05,0,0,0,1.95993720060236e-05,0,0,0,0,0,0,0,0,0,0,0,0,0.00343435621229325,0,0.00146351318720379,0,0,0,0,0,0,0.00142131865847642,0.000249027718089545,0,0,0,0,0,0,0,0,0,0,0,0,0.00164444945209677,0.000233997783452701,3.99895639890059e-05,0,0
0.000670284563282035,0,0,0,0,3.48798189940159e-06,0,0,0.0183820281462224,0.00145401401133497,0,0,0.00048607187107283,0,0.00475378461745835,0.00223477732915218,0,0.149168614110268,0.0793631000013862,0,0.000130321111167926,0,0.000284156122066679,0.000309127462153523,0.000139874466489449,0.0036097875601713,0.0125288116016947,0,0,0,0,0,0,0,0,0,7.47278101041539e-05,0,0.000125735930040592,0.000906503369862951,3.55641836546469e-05,0.00144221182227531,0.00100025948594114,4.47072977131542e-05,0.000255214327537924,3.45603069242421e-05,0.00240665968634134,1.14977054061179e-05,2.42736335922291e-06,0.000198350110082272,0,0,0,0,0.000461848390684065,0,8.15628599335323e-05,7.82850318454132e-06,0,0,0.00100294126763178,0.000729817157319862,0,0.00037595915197629,0,4.98179557229146e-05,0,0,0.000735584807112149,0.00751337143523683,0,0,2.83049735490385e-05,0.000108101632054683,0,0,0,0,0.000186944627484717,0.000934351329050021,0,0.000749883714065079,0.0366883201702694,0.0107627581756859,0.00337533797688243,0.000612184639679933,0.00129792770803462
6.53475903600351e-05,0,0,6.73681536626975e-06,0,9.29260868103108e-06,0,0,0.00517801595385326,0.00625978016925701,0,0,4.05592591746075e-06,0.00102413868361155,0.000275690491392263,0.0386998983787045,0.149168614110268,0,0.14210478349043,0,6.20977107387285e-05,0,0,0.00349257174324396,6.3819097014772e-06,0.0396116214079869,0.00255075697613111,0.000207400406743437,0,0,0,0,0,0,0,0,1.02004404302507e-05,0,1.30199604734384e-05,0.00183665719875444,0,0.00251876692969366,0.000431154972402996,5.05107435090299e-05,8.75424028510543e-05,0.000111217681777583,0.000899694630580972,5.8148501750012e-05,1.0614636912025e-05,0.000298401264806287,0,0,0,0,7.36584067102655e-05,0,2.2089617336637e-05,1.77354930929318e-05,0,0,0.000290368209938513,0.00392114752922719,0,4.13213283004355e-05,0,0,0,0,0.0133094113185983,0.00146530870887143,0,0,1.24625414813646e-05,3.22551326472631e-05,1.24591278248738e-05,0,0,0,0.00034353528156792,0.000193419710751531,0,0.000132460474978341,0.0533115939890384,0.0198288086597834,0.00132623236399098,0.000826849424425218,0.000362933612489465
0.00346162557268204,9.3101725733117e-05,0.000483411345810445,0.000181951393329238,0,0.000136404640680394,0,0,0.00969799811488527,0.00328539854607367,0.000145370997640282,0,0,0,0,0.00291078942643936,0.0793631000013862,0.14210478349043,0,0,0.00179749428385006,0,0,0.00200202602744509,3.38106779865883e-05,0.00491225458316781,0.00119212843988505,0,0,0,0,0,0,0,0,0,0.000578011318629481,0,0.0010771912623749,0.0483755599857578,0.00022490928170253,0.0533344051914582,0.0224112207773779,0.0160425004774824,0.00508862508879579,0.00316233923132564,0.0272248486771209,0.00132354309692088,7.00967100955964e-05,0.00811598907803179,5.50967528839942e-06,0,0,0,0,0,0.000603841661104888,0.000485336256389332,0,0,0,0.000771266273314629,4.80045947300254e-05,0.00313191725791672,0,0,0,0,0.0010773512845327,0.000542716777398944,0,7.6824327238045e-06,0.00222123428247378,0.000747073622036062,0.00014378869109533,0,0,0,0.00688666215525665,0.00826312813887916,0,0.00471078607407297,0.0281052590252453,7.05194499219924e-05,0.0403680916294326,0.0270654689318057,0.0158334629799869
0,0,0,0,0,4.46556101232724e-05,0,0,0,0,0,0.00645561224309618,0,0,0,0,0,0,0,0,0,0,0,0,0,0,0,0,0,0,0,0,0,0,0,0.00969261987059569,0,0.00712813578402192,0,9.6657389305171e-06,0,0,0,0,0,0.0136131433311155,0,0,0,0,0,0,0,0,0,0,0,9.5242117762722e-05,0,0,0,0,0.0699182013454457,0,0,0,0,0,0,0,0,0,0,0,0,0,0,0,0.00387016160757315,0,0.00238800503686985,0,0.000865650164981275,0,0.00740925276136552,0,0
0.000171749766630073,0,0,0,0.00948940159252327,0,5.37690724372363e-05,0,0,4.35270289396526e-05,0.0141305947163424,0,0,0,5.97768051349696e-05,0,0.000130321111167926,6.20977107387285e-05,0.00179749428385006,0,0,0,0,0,0,0,0,0,0,0,0,0,0,0,0,0,0.0126895871462606,0,0.00342007644192946,0.000127436725775804,0.000113133788077976,3.5584892579185e-05,0.00170493273073303,0,0.000522865848119199,0,0.00472292474510495,0,6.45230770621696e-05,0,0.0126048971917996,0,0.00146440161785028,0,0,0,0.0462825640632415,0,0,0,0,0,0,0.0994925277663011,0,0,0,0,0,0,0,3.36054131175592e-05,0,0.0135612754838984,0,0,0,0,5.61258648695381e-06,0.0126165310383431,0,0.00311430202368223,0.00107495806630736,0,0.00548165657191122,0,0.000518704124124201
0,0,0,0,0,0,0,0,0,0,0,0,0,0,0,0,0,0,0,0,0,0,0.000249459781774207,0.00111425420280421,0,0,0,0,0,0,0,0,0,0,0,0,0,0.0105453995339772,0.000537714473668259,0,0,0,0,0,0,0,0,6.13958615279494e-05,0,0.0020694187284118,0,0,0,0,0,0,0,0,0,0,0,0,0,0,0.00931982868855838,0,0,0,0,0,0,0,0,0,0,0,0,0,0,0,0.00526673996666701,0,0.00138584595159247,0,6.06974836127155e-05,0,0
0,0,0,0,0,0,0,0,0,0,0,0,0,0,0,0,0.000284156122066679,0,0,0,0,0.000249459781774207,0,0,6.9759438571129e-05,0,0,0,0,0,0,0,0,0,0,0,0,0,0.00711759313591871,0,0,0,0,0,0,0,0,0,0.00353446147416009,0,0,0,0,0,0,0,0,0,0,0,0,0,0,0,0,0.0233594928231435,0,7.4159469414736e-05,0,4.82608408059826e-06,0,0,0,0,0,0,0,0,0,0,0,0.00172638305458569,0.00113322893981987,0,0.000187679044220195,0,0
0,0.00392331588994143,0,0.000245198288651904,0,0,0,0,0,0.00308201639416184,0,0,0,0,0,0.000175759570092231,0.000309127462153523,0.00349257174324396,0.00200202602744509,0,0,0.00111425420280421,0,0,0,0,0,0,0,0,0,0,0,3.81051158351918e-05,0,0,0,0.00351004675005117,0,0,0,0,0,0,0,0,0,0,0,0,0,0,0,0,0,0.00583420904644688,0,0,0,0,0,0,0,0,0,0,0.0150584234067464,0,0.000422006497090547,3.69358715992705e-05,0,0,0,0,0,0,0,0,0,0,0.00493385358427039,0,0.000511598447976276,0,5.5876001440236e-05,0,0
0,0,0,0,0,0,0,0,0.00213642779472977,0,0,0,0,0,0,0,0.000139874466489449,6.3819097014772e-06,3.38106779865883e-05,0,0,0,6.9759438571129e-05,0,0,0,0,0,0,0,0,0,0,0,0,0,0,0,0.00049868975139404,0,0,0,0,0,0,0,0,0,0.0013622203872727,0,0,0,0,0,0.000388608596792017,0,0,0,0,0,0,0,0,0,0,0.000113891419823794,0,0.0198390293313022,0,0.00130114860438076,0,0,0,0,0,0,0,0,0,0,0,0.00388368707328576,1.49708034829252e-05,0,0.0023012055216212,0,0
0,0,0,0,0,0,0,0,0.00169428841252738,0.00120543128593,0,0,0,0,3.92166610594996e-05,0.0159416831140867,0.0036097875601713,0.0396116214079869,0.00491225458316781,0,0,0,0,0,0,0,0.000294421223543204,0,0,0,0,0,0,0,0,0,0,0,0,2.63917090986485e-05,0,0,1.0723845113513e-05,0,0,0,0.000191126593753928,0,0,0,0,0,0,0,0,0,0,0,0,0,5.63362306137301e-05,0.00131662775302072,0,0,0,0,0.0105600646800559,0,0.0201409478729166,4.98383927000868e-05,0,0,0,0,0,0,0,0,4.50455527465764e-06,0,0,2.36076598003848e-06,0.00139975605270593,2.48851575960827e-05,3.32447906752705e-05,0,0
0,0,0,0,0,0,0,0,0.00150919823727314,0,0,0,6.21672697235652e-05,0,0.000778706866400476,0.000675913988672576,0.0125288116016947,0.00255075697613111,0.00119212843988505,0,0,0,0,0,0,0.000294421223543204,0,0,0,0,0,0,0,0,0,0,0,0,0,7.6800308238176e-05,0,0,0,0,0,0,0,0,0,0,0,0,0,0,0,0,0,0,0,0,0.000303709530494196,0,0,0,0,4.75151255716946e-05,0,0,0,0.000138090606034289,0,0,0,0,0,0,0,0,4.7719811524466e-06,0,0,0,0.000312455786594197,0,0,0,4.11413607887571e-05
0,0,0,0,0,0,0,0,0,0,0,0,0,0,0,0,0,0.000207400406743437,0,0,0,0,0,0,0,0,0,0,0,0,0,0,0,0,0,0,0,0,0,0,0,0,0,0,0,0,0,0,0,0,0,0,0,0,0,0,0,0,0,0.00181000477071407,0,0,0,0,0,0,0,0,0,0,0.000951697014473308,0,0.00012943544743071,0,0,0,0,0,0,0,0,0,2.84120420731393e-05,0,0,0,0
0,0,0,0,0,0,0,0,0,0,0.00221113473492398,0,0,0,0,0,0,0,0,0,0,0,0,0,0,0,0,0,0,0,0.000285944264299848,0,0,0,0,0,0,0,0,0,0,0,0,0,0,0,0,0,0,0,0,0,0,0,0,0,0,0,0,0,0,0,0,0,0,0,0,0,0,0,0,0.00218888790617389,0,0,0,0,0,0,0,0,0,0,0,0,0,0,0
0,0,0,0,0,0,0,0,0,0,0,0.023412593755482,0,0,0,0,0,0,0,0,0,0,0,0,0,0,0,0,0,0,0,0,0,0,0,0,0,0,0,0,0,0,0,0,0,0,0,0,0,0,0,0,0,0,0,0,0,8.04101027157269e-05,0,0,0,0,0,0,0,0,0,0,0,0,0,0,0.0325494084455025,0,0,0,0,0,0,0,6.15767339695594e-05,0,0,0,0,0,0
0,0,0,0,0,0,0,0,0,0,0,0,0,0,0,0,0,0,0,0,0,0,0,0,0,0,0,0,0.000285944264299848,0,0,0,0,0,0,0,0,0,0,0,0,0,0,0,0,0,0,0,0,0,0,0,0,0,0,0,0,0,0,0,0,0,0,0,0,0,0,0,0,0,0,0.000585183057467996,0,0.000997832648166525,0,0,0,0,0,0,0,4.60655738390817e-05,5.3771301015991e-05,0,0,0,0
0,0,0,0,0,0,0,0,0,0,0,0,0,0,0,0,0,0,0,0,0,0,0,0,0,0,0,0,0,0,0,0,0.126605175548382,0.00257106461989355,0,8.61243601826529e-05,0,0,0,0,0,0,0,0,0,0,0,0.0743137934305589,0.00184665600300363,0,0,0,0,0,0,0,0,0,0,0,0,0,0,0,0,0,0,0,0,0,0,0,0,0,0.0831478530407967,0.0331230735530235,0.0117519514541385,0.00033562893288905,1.03530272869707e-05,0.00597753873177777,0,0,0.000429414811485551,0,0,0,0
0,0,0,0,0,0,0,0,0,0,0,0,0,0,0,0,0,0,0,0,0,0,0,0,0,0,0,0,0,0,0,0.126605175548382,0,0.00203676080142576,0,3.7348115540191e-05,0.000289053198352739,0,0,0,0,0,0,0,0,0,0,0.00972063810562135,0.000124111929881954,0,0,0,0,0,0,0,0,0,0,0,0,0,0,0,0,0,0,0,0,0,0,0,0,0,0.322697283867706,0.190756840354317,0.0196146097714048,0.0346528515674886,0,0.0285058333920327,0,0,0.000254843276818377,0,0,0,0
0,0,0,0,0,0.000108108284559378,0,0,0,8.29459572864732e-05,0,0,0,0,0,0,0,0,0,0,0,0,0,3.81051158351918e-05,0,0,0,0,0,0,0,0.00257106461989355,0.00203676080142576,0,0.153308453391851,0.00582490159316851,0.00119383716349513,0.00310722516712062,0,0,0,8.65865484821557e-06,9.36557354749114e-05,0,0,4.42959475399638e-05,0,0.359804492505476,0.00329608678774668,0.000434712927427439,0,0,0,0,0,0,3.47342472396621e-05,0,0,0,0,0,0,0,0,0,0,0,0,0,0,0,1.23335290812768e-05,0,0.00186448002508731,9.01868958871125e-05,0.114581859476592,0.055912577187135,0.00218667970614962,0.000514907248184003,0.00124588238551995,9.67771040240409e-05,0.00354487029724849,0,0.000350722584520557,0,0
0,0,0,0,0,0,0,0,3.05935094117675e-05,0,0,0,0,0,0,0,0,0,0,0,0,0,0,0,0,0,0,0,0,0,0,0,0,0.153308453391851,0,0,0.00258560846803704,0,0.0028061539995871,0,0,0,0,0,0,0,0,0.0290258542179359,0.000630223568967844,0,0,0,0,0,0,0,0,0,0,0,0,0,0,0,0,0,0,0,0,0,0,0,0,0,0,0.000218760376418346,0.0608370340460643,0.299566613643254,0,0.00485070917397024,0,0.00233154187848169,0.000436697600866532,0,0,0,0
0,0,0,0,0,0,0,0,0,0,0,0,0,0,0,0,0,0,0,0.00969261987059569,0,0,0,0,0,0,0,0,0,0,0,8.61243601826529e-05,3.7348115540191e-05,0.00582490159316851,0,0,0.00242066114862599,0.00426140743110202,0,0,0,8.42161548247281e-06,0,0,0,0.00168024379496495,0,0.00831449027639317,0.000618470045008358,2.1252294530124e-05,0,0,0,0,0,0,0,0,0,0,0,0,0.0090036165962359,0,0,0,0,0,0,0,0,0,0,0,3.7482838315965e-05,0,0.00348487834253763,0,0.0475425543775653,3.42931774473745e-05,0.000908057542310579,0,0.00397160461683368,1.24556757727411e-05,0.000783527801145118,0,0
3.38979965407752e-05,0,0,1.00084724825041e-05,0.000170395567825461,1.18310408470401e-05,0,0,0,0,9.56185787345896e-05,0,0,0,0,2.5327928849569e-06,7.47278101041539e-05,1.02004404302507e-05,0.000578011318629481,0,0.0126895871462606,0,0,0,0,0,0,0,0,0,0,0,0.000289053198352739,0.00119383716349513,0.00258560846803704,0.00242066114862599,0,0,0.0050546034969422,7.0708034298025e-06,0.000284417007664664,9.2387738041063e-06,0.00112704155122979,0,4.69083135082375e-05,0.000134775699277745,0.00244562840271901,0.000433648575642434,0.00108521754831526,1.92607551274555e-05,0.000202992454002118,0,0,0,0,0,0.00115101937241199,0,0,0,0,0,9.20174981856197e-06,0.00198678924323364,0,0,0,0,0,0,0,1.55151400878685e-06,0,0.000480360781689765,0,0,0.000336697573942709,0,0.000618053592851628,0.0418556924640473,0,0.00628054245083323,0.00435198914743216,0.000317143376479553,0.00204411140353022,0,6.23659672348932e-05
0,0,0,0,0,0,0,0,0,0.00647338295308843,0,0.00722889373836625,0,0,0,0,0,0,0,0.00712813578402192,0,0.0105453995339772,0,0.00351004675005117,0,0,0,0,0,0,0,0,0,0.00310722516712062,0,0.00426140743110202,0,0,0.00017753855622142,0,0,0,0,0,0,3.54208562112856e-06,0,0.00755451447685947,0,0.00460675686654498,0,0,0,0,0,0.00150525067771585,0,0,0,0,0,0,0.000332754664843539,0,9.92173729542284e-05,0,0.00049084124624062,0,0,0,0,0,0.000167149376207148,0,0,0,0.00153716829910312,0,0.00472070235406596,0,0.0469489521773029,0.00225961331771559,0.00284730148486443,3.17745404116731e-05,0.00248662649782691,0,0
9.09104737950558e-05,0,0,0,0,0,0,0,0.00341748406806014,0,0.00493064204938656,0,0,0,0,0,0.000125735930040592,1.30199604734384e-05,0.0010771912623749,0,0.00342007644192946,0.000537714473668259,0.00711759313591871,0,0.00049868975139404,0,0,0,0,0,0,0,0,0,0.0028061539995871,0,0.0050546034969422,0.00017753855622142,0,5.59497508394213e-06,1.19925659298686e-05,6.2098281597352e-06,0.000485247042533401,0,3.6198858513909e-05,0,0.00111348925647967,0.00171892670454189,0.0069485714372903,2.28911066982957e-05,7.33146885102231e-06,0,0,0,0.00110821467076168,0,0.00012523056962701,0,0,0,0,0,0,0.00641787180729686,0,0.00992688522055631,0,0.0017332587356011,7.87359951687444e-06,0,0,0,0,4.25643017922149e-06,0,0,0,0.00106645795697407,5.73843846541447e-07,0.0011737016218812,6.77757043376914e-06,0.0503647606317854,0.00162924444147691,0.000102013515564412,0.00310724366892327,0,0.000701895428774268
4.75599006751384e-05,0,0,0.00332412769354634,0,0.000975808343804285,0,0,6.00877684471821e-05,0,0,0,0,0,0,0,0.000906503369862951,0.00183665719875444,0.0483755599857578,9.6657389305171e-06,0.000127436725775804,0,0,0,0,2.63917090986485e-05,7.6800308238176e-05,0,0,0,0,0,0,0,0,0,7.0708034298025e-06,0,5.59497508394213e-06,0,5.21859578418368e-05,0.120695770400832,0.0114095109120909,0.0435642443241863,0.000480643188869229,0.146483716898231,0.00146087089758077,0.00373708901061319,0.00122744240220215,0.0503617453912288,0,0,0,0,0,0,2.53890244360623e-05,0.000873047641569819,0,0,0,0,0.0323168802317733,9.05667275820365e-06,0,0,0,0,0.000147717707814779,0,0,0,0.00125171774433222,0,0.000835093160613995,0,0,0,0.00927958896618706,0.000162617380866526,2.82942075996072e-06,2.0851750536882e-05,0.00399230692067098,9.34269870506637e-06,0.0619600914783032,0.11041241120805,0.000814022495471155
0,0,0.000189699304804166,0,0.00110257838211449,0,0,0,0,0,0,0,0,0,0,0,3.55641836546469e-05,0,0.00022490928170253,0,0.000113133788077976,0,0,0,0,0,0,0,0,0,0,0,0,0,0,0,0.000284417007664664,0,1.19925659298686e-05,5.21859578418368e-05,0,2.55307126698938e-05,0.00381562335820739,0,6.31727251157966e-05,1.09532759084049e-05,0.010820166711567,0.0043603455491134,0.037515642105087,0,0.000968047206249358,0,0,0,0,0,0.000741136158809559,8.37490518269296e-05,0,0,0,0,0,0.00430782725860848,0,0,0,0,0,0,0,0,0,0.00018202256452358,0,0,0,0,1.08580178715762e-06,0.00345084904618977,0,0.000696246941656507,7.54100245930577e-05,0,0.00991729494077126,0,0.00107650750243409
0,0.000848223390114106,0,0.00554248822060729,0,0.000700135971673258,0,0,2.26795035768808e-05,0.000693943849158659,0,0,0,0,0,0,0.00144221182227531,0.00251876692969366,0.0533344051914582,0,3.5584892579185e-05,0,0,0,0,0,0,0,0,0,0,0,0,8.65865484821557e-06,0,8.42161548247281e-06,9.2387738041063e-06,0,6.2098281597352e-06,0.120695770400832,2.55307126698938e-05,0,0.0100830244095694,0.0354068778734477,0.000942755924047529,0.0260613463015762,0.000645563672611319,0.0118096124097712,0.000299654841380652,0.0808104942977726,0,0,0,0,0,0,5.50221138187452e-06,0.00417858786451481,0,0,0,0,0.00184809841977973,8.26380134974214e-05,0,0,0,0,0,0,0,0,0.0273637303734672,4.16951108845769e-05,0.00153562939746377,0,0,0,0.0274384777120016,0.000108997254908235,6.91302393516393e-05,5.81246332508413e-05,0.00403096675819284,8.7673992173436e-06,0.117853246456055,0.158401432231022,0.000472158174104449
0.000775495945237128,0,7.40472534718447e-05,0.000466390130734803,0.00074739209295748,0.000258192114168702,0,0,6.65238293128922e-06,1.97472929197528e-05,0,0,0,0,0,4.91922733395094e-05,0.00100025948594114,0.000431154972402996,0.0224112207773779,0,0.00170493273073303,0,0,0,0,1.0723845113513e-05,0,0,0,0,0,0,0,9.36557354749114e-05,0,0,0.00112704155122979,0,0.000485247042533401,0.0114095109120909,0.00381562335820739,0.0100830244095694,0,6.76971487441548e-05,0.00327625055222819,0.00109209068034104,0.04398935350369,0.00215888668768844,0.0121190158967407,0.00323846449894471,0.000703053856526139,0,0,0,0,0,0.0138146392978152,2.72742866575207e-05,0,0,0,0,0,0.00567405123292639,0,0,0,0,0.000125930236664362,0,0,0,0.000180806488386309,0.000507751348562255,0,0,2.01341384376684e-05,0,0.000491762408813343,0.015974187149537,0,0.00285799068349761,0.00402638780401683,1.2079210458742e-05,0.167861357033682,0.000913233055008287,0.0706498967366388
0,0,0,0,0,0,0,0,0,0,0,0,0,0,0,0,4.47072977131542e-05,5.05107435090299e-05,0.0160425004774824,0,0,0,0,0,0,0,0,0,0,0,0,0,0,0,0,0,0,0,0,0.0435642443241863,0,0.0354068778734477,6.76971487441548e-05,0,0,0.00241306460060451,6.665391726986e-05,0.000332481240721988,0,0.00409941185245268,0,0,0,0,0,0,0,0.00229307823244589,0,0,0,0,0,0,0,0,0,0,0,0,0,0,0.0101684499551962,0,0.000280892632630942,0,0,0,0.00356340160031874,1.7964022855782e-05,0,1.80438270720443e-05,0.000286191255031191,0,0.0181858883018136,0.0320302381830351,0
0,0,0,0,0,0,0,0,7.34277476857614e-05,0,5.98054079071868e-05,0,0,0,0,0,0.000255214327537924,8.75424028510543e-05,0.00508862508879579,0,0.000522865848119199,0,0,0,0,0,0,0,0,0,0,0,0,0,0,0,4.69083135082375e-05,0,3.6198858513909e-05,0.000480643188869229,6.31727251157966e-05,0.000942755924047529,0.00327625055222819,0,0,0,0.00466428498867657,0.000101255030662343,0,0.000110497589267332,0,0,0,0,0,0,0.000117292671291767,0,0,0,0,0,0,0.000667699224949678,0,0,0,0,0,0,0,0,0,7.70815319701603e-05,0,0,0,0,1.2467951353899e-06,0.001134011230408,0,0.000343423724570874,0.000134686143255293,1.02126662306622e-05,0.00380467671496325,0.000496419880473516,0.00513490765471774
0,0,0,0.0034565248612251,0,0.00192684794587058,0,0,0,0,0,6.80374401977118e-05,0,0,0,0,3.45603069242421e-05,0.000111217681777583,0.00316233923132564,0.0136131433311155,0,0,0,0,0,0,0,0,0,0,0,0,0,4.42959475399638e-05,0,0.00168024379496495,0.000134775699277745,3.54208562112856e-06,0,0.146483716898231,1.09532759084049e-05,0.0260613463015762,0.00109209068034104,0.00241306460060451,0,0,4.82914014085511e-05,0.00176851937268536,0.00946544574882689,0.00730542484514338,0,0,0,0,0,0,3.07125413155935e-05,0.0140350684938906,0,0,0,0,0.043986807207,1.29549061115541e-05,0,0,0,0,0,0,0,0,0.0168044022267759,7.6745381996868e-06,0,0,0,0,0.019999055750911,1.62079678969889e-05,0.00182136876419674,0,0.00155126717514243,6.39367190844133e-05,0.120287803464221,0.00315216785053878,3.05211733294521e-05
0.00537244382359074,0,0,0.00016305504531688,0.00162787008562797,0.000179851705191716,0,0,0.000195177749827683,4.526427893851e-05,0.000105533467693613,0,0,0,0,1.95993720060236e-05,0.00240665968634134,0.000899694630580972,0.0272248486771209,0,0.00472292474510495,0,0,0,0,0.000191126593753928,0,0,0,0,0,0,0,0,0,0,0.00244562840271901,0,0.00111348925647967,0.00146087089758077,0.010820166711567,0.000645563672611319,0.04398935350369,6.665391726986e-05,0.00466428498867657,4.82914014085511e-05,0,8.2134085643086e-06,0.00656422787312464,0.000119819340246486,0.000499714234464636,0,0,0,0,0,0.005932691139803,4.6576550712836e-05,0,0,0,0,5.77549254335229e-05,0.00791696025234506,0,0,0,0,3.62120502574268e-05,0.000107953013457338,0,0,7.2256164454684e-05,0.00610498093955766,0,0,0,0,0.000177753032106874,0.0264736842784359,0,0.00640883333296262,0.00324564794287807,0,0.0423701576788925,0.000563853279874909,0.00812564182858192
0.000377888111539473,0,0,0.00037912619532687,0,0.000523471365139483,0,0,0,0,0,0,0,0,0,0,1.14977054061179e-05,5.8148501750012e-05,0.00132354309692088,0,0,6.13958615279494e-05,0,0,0,0,0,0,0,0,0,0.0743137934305589,0.00972063810562135,0.359804492505476,0.0290258542179359,0.00831449027639317,0.000433648575642434,0.00755451447685947,0.00171892670454189,0.00373708901061319,0.0043603455491134,0.0118096124097712,0.00215888668768844,0.000332481240721988,0.000101255030662343,0.00176851937268536,8.2134085643086e-06,0,0.258216113322854,0.0209223406860264,1.60763572467706e-05,0,0,0,0,0,0.000867090959660884,1.77242867511329e-05,0,0,0,0,0,0.000174737349306174,0,0,0,0,0,0,0,1.59970667980049e-05,6.05770610750865e-05,0,0.0861508447130899,0.00275684900336347,0.1713543114326,0.0665027391343087,0.00522243996744755,0.0298526860386393,0.00707490955744851,0.01245229485836,0.00926871039606298,4.56127372672199e-06,0.0222498732515151,0.00166717910359769,6.25512298320409e-05
0.00513061895680486,0,0.00463180835881166,0.00172565418168508,0.000818871264024456,0.00189160920053529,0,0,0.00317737467168538,0,0,0,0,0,0,0,2.42736335922291e-06,1.0614636912025e-05,7.00967100955964e-05,0,6.45230770621696e-05,0,0.00353446147416009,0,0.0013622203872727,0,0,0,0,0,0,0.00184665600300363,0.000124111929881954,0.00329608678774668,0.000630223568967844,0.000618470045008358,0.00108521754831526,0,0.0069485714372903,0.00122744240220215,0.037515642105087,0.000299654841380652,0.0121190158967407,0,0,0.00946544574882689,0.00656422787312464,0.258216113322854,0,0.00618919247516523,0.00456524221451739,0,0,0,0.00449832449841273,0,0.00822643797252925,4.33690346184309e-05,0.00220616521998038,0,0.0104350154502517,0,0,0.00256004848357713,0,0.00756333349020727,0,0.0153588400484774,0,0.00246723661344415,0,0.000171564382947464,0.000154152232402501,0.000363053209388083,0.00124279490772135,0,0.00315962568584918,0.000205138268271636,0.000372379931837775,0.00815410612845875,0,0.0144508496812209,0.00530172536299738,9.07204211556337e-06,0.0475466515181811,4.82013213939456e-05,2.20447300158821e-05
0,0.00985209175487242,0,0.00302153877042744,0,0.00111985011383182,0,0,0,3.7387827334613e-05,0,0,0,0,0,0,0.000198350110082272,0.000298401264806287,0.00811598907803179,0,0,0.0020694187284118,0,0,0,0,0,0,0,0,0,0,0,0.000434712927427439,0,2.1252294530124e-05,1.92607551274555e-05,0.00460675686654498,2.28911066982957e-05,0.0503617453912288,0,0.0808104942977726,0.00323846449894471,0.00409941185245268,0.000110497589267332,0.00730542484514338,0.000119819340246486,0.0209223406860264,0.00618919247516523,0,0,0,0,0,0,0,0,0.0034333544006756,0,0,0,0,4.20964645615959e-05,6.56333972953102e-05,0.00140188147942647,0,0.0186221350256138,0,0.000514528544276626,0,0.00555772398745068,0,0.00963035360832978,0,0.00232741919674137,0,0.00519846806991926,0,0.0041161368744736,1.90524659068007e-05,0.0044787726282984,1.39454425655585e-05,0.00249805995090009,1.93940388756235e-06,0.0344157405335394,0.0386881134722069,3.14059780240131e-05
0.00285681045856308,0,0.00634063932475202,0,0.0515199048772304,0,0,0,0.00476672598764265,0,0.000103007482980094,0,0,0,0,0,0,0,5.50967528839942e-06,0,0.0126048971917996,0,0,0,0,0,0,0,0,0,0,0,0,0,0,0,0.000202992454002118,0,7.33146885102231e-06,0,0.000968047206249358,0,0.000703053856526139,0,0,0,0.000499714234464636,1.60763572467706e-05,0.00456524221451739,0,0,0,0.00246742530262421,0,0.0218257481177386,0,0.0123936697264613,0,0.0161049908815429,0,0.0090098833568919,0,0,0.00637038132282987,0,0,0,4.62925335275761e-05,0,0,0,0,0,0.000117513917071786,0,0,0,0,0,0.000628884256591387,0,0,0.000291142846619487,7.1429025590803e-05,0.00758279885566364,0,0
0,0.000822733924250431,0,6.59301163170637e-05,0,0.00158202415819693,0,0.00452885836279018,0,0.000597164004357002,0,0,0,0.00243549219290318,0,0,0,0,0,0,0,0,0,0,0,0,0,0,0,0,0,0,0,0,0,0,0,0,0,0,0,0,0,0,0,0,0,0,0,0,0,0,0,0.0246555056465143,0,0.000425654461792492,0,0,0,0.00392556355635137,0,0.000138293456984684,0,0,0,0,0,0,0,0,0,0,0,0,0,0,0,0,0,0,0,0,0,0,0,0,0
0,0,0,0,0.0127281775966841,0,0.0165452343283364,0,0,0,0,0,0,0,0,0,0,0,0,0,0.00146440161785028,0,0,0,0,0,0,0,0,0,0,0,0,0,0,0,0,0,0,0,0,0,0,0,0,0,0,0,0,0,0.00246742530262421,0,0,0,0,0,0,0,0,0,0,0,0,0,0,0,0,0,0,0,0,0,0,0,0,0,0,0,0,0,0,0,0.000199195104517281,0.000363220177408316,0,0,0
0,0,0,0,0,0,0,0.0288429832866802,0,0,0,0,0,0.0423920641019166,0,0,0,0,0,0,0,0,0,0,0,0,0,0,0,0,0,0,0,0,0,0,0,0,0,0,0,0,0,0,0,0,0,0,0,0,0,0.0246555056465143,0,0,0,0,0,0.0039471379267395,0,0.0120872151927232,0,0,0,0,0,0,0,0,0,0,0,0,0,0,0,0,0,0,0,0,0,0,0,0,0,0,0
0.0182529538191328,0,0.00813432507218397,0,0.000217358958903869,0,0,0,0.108817535082861,0,0,0,0,0,0.00276524657045944,0,0.000461848390684065,7.36584067102655e-05,0,0,0,0,0,0,0.000388608596792017,0,0,0,0,0,0,0,0,0,0,0,0,0,0.00110821467076168,0,0,0,0,0,0,0,0,0,0.00449832449841273,0,0.0218257481177386,0,0,0,0,0,0,0,0.00322685748051164,0,0.0441340522811577,0,0,0,0,0,0,0.0280364176457304,0,0,0,0,0,0,0,0,0,0,0,0,0,0.00354279324324921,4.63318600210721e-05,0,0.000658385048245088,0,0
0,0.0638557785449459,0,0.00560685358529797,0,0.00351781278060531,0,0,0,0.0425211463372328,0,0,0,0,0,0,0,0,0,0,0,0,0,0.00583420904644688,0,0,0,0,0,0,0,0,0,0,0,0,0,0.00150525067771585,0,0,0,0,0,0,0,0,0,0,0,0,0,0.000425654461792492,0,0,0,0,0,0,0,0,0,0,0,0,0,0,0.00236273554590013,0,0,0,0,0,0,0,0,0,6.19744955260046e-05,0,0,0,0.00142930919829077,0,0.000461237102186059,0,0.000120863708994863,0,0
0.000112312001912079,0,0.00224935180206813,0,0.00110614097709647,3.9123195377713e-05,0,0,0,0,0.00242297560339944,0,0,0,0,0,8.15628599335323e-05,2.2089617336637e-05,0.000603841661104888,0,0.0462825640632415,0,0,0,0,0,0,0,0,0,0,0,0,3.47342472396621e-05,0,0,0.00115101937241199,0,0.00012523056962701,2.53890244360623e-05,0.000741136158809559,5.50221138187452e-06,0.0138146392978152,0,0.000117292671291767,3.07125413155935e-05,0.005932691139803,0.000867090959660884,0.00822643797252925,0,0.0123936697264613,0,0,0,0,0,0,3.59205658580566e-05,0.0012568509463716,0,0.00103432926589266,0,0,0.0710747709922293,0,0,0,4.25587515761852e-05,0,0,0,0.0013739955722919,0,0.05667347260927,0,0,0,0,3.57562532451866e-06,0.00153459973054818,0,7.8223506531363e-06,0.00019086671207768,1.3572519763258e-06,0.0479465044675168,0,0.0018623928562535
0,0,0,0.00173443232751716,0,0.000183542599860025,0,0.00142084619207915,0,0,0,0.0255345752575868,0,0.00922151439300569,0,0,7.82850318454132e-06,1.77354930929318e-05,0.000485336256389332,9.5242117762722e-05,0,0,0,0,0,0,0,0,0,8.04101027157269e-05,0,0,0,0,0,0,0,0,0,0.000873047641569819,8.37490518269296e-05,0.00417858786451481,2.72742866575207e-05,0.00229307823244589,0,0.0140350684938906,4.6576550712836e-05,1.77242867511329e-05,4.33690346184309e-05,0.0034333544006756,0,0,0,0.0039471379267395,0,0,3.59205658580566e-05,0,0,0.00599507455637433,0,0,0.0167346712464095,3.92628348807684e-05,0,0,0,0,0,0,0,0,0.00666888806548456,3.88344276199123e-05,0,0,0,0,0.000127313851381307,1.30020996954802e-06,0,0,9.29432226076974e-05,0,0.0136134236234995,0.00234214045298788,1.04002642047369e-05
0,0,0,0,0.00107767544784798,0,0.000256615865509957,0,0,0,0.000908868610810028,0,0.000539170211896148,0,0,0,0,0,0,0,0,0,0,0,0,0,0,0,0,0,0,0,0,0,0,0,0,0,0,0,0,0,0,0,0,0,0,0,0.00220616521998038,0,0.0161049908815429,0,0,0,0.00322685748051164,0,0.0012568509463716,0,0,0,0.0148525388182363,0,0,0,0,0,0,0.000184719273042827,0,0.000512233358089965,0,2.45051275141704e-05,0,0,0,0,0,0,0,0,0,0,8.62212251377869e-05,0,1.79624582202524e-05,0,0
0,0,0,0,0,0,0,0.00016846746114913,0,0,0,0,0,0.0327241485960182,0,0.00343435621229325,0,0,0,0,0,0,0,0,0,0,0,0.00181000477071407,0,0,0,0,0,0,0,0,0,0,0,0,0,0,0,0,0,0,0,0,0,0,0,0.00392556355635137,0,0.0120872151927232,0,0,0,0.00599507455637433,0,0,0,0.00165650629874035,0,0,0,0,0,0,0,0,3.41722625307739e-05,0,0,0,0,0,0,0,0,0,0,0,0,0,0,0,0
0.00575290292871271,0,0,0,0.000102788566525245,0,0,0,0.00084221980111645,0,0,0,0,0,0.000375763280317187,0,0.00100294126763178,0.000290368209938513,0,0,0,0,0,0,0,5.63362306137301e-05,0.000303709530494196,0,0,0,0,0,0,0,0,0,0,0,0,0,0,0,0,0,0,0,0,0,0.0104350154502517,0,0.0090098833568919,0,0,0,0.0441340522811577,0,0.00103432926589266,0,0.0148525388182363,0,0,0,0,0,0,0,0,0.00291132457421236,6.90862194148911e-05,0.0032288041821861,0,0.000107456486232223,0,0,0,0,0,0,0,0,0,0,1.31181860707148e-05,0,0,0,0
0,0,0,0,0,0,0,0,0.000225383775180674,0.000219707784708589,0,0,0,0,0,0.00146351318720379,0.000729817157319862,0.00392114752922719,0.000771266273314629,0,0,0,0,0,0,0.00131662775302072,0,0,0,0,0,0,0,0,0,0,0,0,0,0,0,0,0,0,0,0,0,0,0,0,0,0.000138293456984684,0,0,0,0,0,0,0,0.00165650629874035,0,0,0,0,0,0,0,0,0.000460844601863682,0,0,0,0,0,0,0,0,0,0,0,0,0,0.000224895953016088,2.6182571548325e-05,0,0,0
0,0,0,2.04632390668437e-05,0,0.000175353663958071,0,0,0,0,0,0.000514151382950144,0,0,0,0,0,0,4.80045947300254e-05,0.0699182013454457,0,0,0,0,0,0,0,0,0,0,0,0,0,0,0,0.0090036165962359,9.20174981856197e-06,0.000332754664843539,0,0.0323168802317733,0,0.00184809841977973,0,0,0,0.043986807207,5.77549254335229e-05,0,0,4.20964645615959e-05,0,0,0,0,0,0,0,0.0167346712464095,0,0,0,0,0,0,0,0,0,0,0,0,0,0,0.000618366202817785,0,0,0,0,0,0.00717685427486501,0,0.000485280660311095,0,0.000568125174149839,0.000146877251600132,0.0215450216636229,0.000123985365230562,0
0.00049051136563897,0,0,1.08158232612532e-05,0.00383214910865446,2.78659249866153e-05,0,0,0,0,0.00215506163899819,0,0,0,0,0,0.00037595915197629,4.13213283004355e-05,0.00313191725791672,0,0.0994925277663011,0,0,0,0,0,0,0,0,0,0,0,0,0,0,0,0.00198678924323364,0,0.00641787180729686,9.05667275820365e-06,0.00430782725860848,8.26380134974214e-05,0.00567405123292639,0,0.000667699224949678,1.29549061115541e-05,0.00791696025234506,0.000174737349306174,0.00256004848357713,6.56333972953102e-05,0.00637038132282987,0,0,0,0,0,0.0710747709922293,3.92628348807684e-05,0,0,0,0,0,0,0,0,0,0,0,0,0,6.22897300442159e-05,0,0.0172036531365428,0,0,0,0,5.33573440127707e-06,0.010488208689173,0,0.00712562915185494,0.000173429774547013,6.66410353799127e-05,0.0362229951638442,0.000176156740025642,0.00519837848066845
0,0,0,0,0,0,0,0,0,0,0,0,0,0,0,0,0,0,0,0,0,0.00931982868855838,0,0,0,0,0,0,0,0,0,0,0,0,0,0,0,9.92173729542284e-05,0,0,0,0,0,0,0,0,0,0,0,0.00140188147942647,0,0,0,0,0,0,0,0,0,0,0,0,0,0,0,0,0.00314657647939019,0,0.000868236313247145,0,0.00345411536938955,0,0,0,0,0,0,0,0,0,0.00274941730941994,0,0.000109396795692585,0,0,0,0
0,0,0,0,0,0,0,0,0,0,0,0,0,0,0,0,4.98179557229146e-05,0,0,0,0,0,0.0233594928231435,0,0.000113891419823794,0,4.75151255716946e-05,0,0,0,0,0,0,0,0,0,0,0,0.00992688522055631,0,0,0,0,0,0,0,0,0,0.00756333349020727,0,0,0,0,0,0,0,0,0,0,0,0,0,0,0,0,0,0,0.00122326948281955,0,0.0116620500566836,0,0.00017810342881062,0,0,0,0,0,0,0,0,0,0.00474770176607064,0.000566037953785101,0,7.85841701395154e-05,0,0
0,0.00342768635743415,0,0.000211467487969862,0,0,0,0,0,0.00233228570048062,0,0,0,0,0,0,0,0,0,0,0,0,0,0.0150584234067464,0,0.0105600646800559,0,0,0,0,0,0,0,0,0,0,0,0.00049084124624062,0,0,0,0,0,0,0,0,0,0,0,0.0186221350256138,0,0,0,0,0,0.00236273554590013,0,0,0,0,0,0,0,0,0.00314657647939019,0,0,0,0.00181483394911562,0,0,0,0,0,0,0,0,0,0,0,0.002816540798259,0,5.29573187767118e-06,0,1.6093473748496e-05,0,0
0,0,0,0,0,0,0,0,0.0193213370573316,0,0,0,0,0,0,0,0,0,0,0,0,0,7.4159469414736e-05,0,0.0198390293313022,0,0,0,0,0,0,0,0,0,0,0,0,0,0.0017332587356011,0,0,0,0,0,0,0,0,0,0.0153588400484774,0,4.62925335275761e-05,0,0,0,0.0280364176457304,0,4.25587515761852e-05,0,0.000184719273042827,0,0.00291132457421236,0,0,0,0,0.00122326948281955,0,0,0,0.0230736478479948,0,0,0,0,0,0,0,0,0,0,0,0.0151469727362057,0,0,0.00556048086198953,0,0
0,0,0,0,0,0,0,0,6.56391768702018e-05,0.000321138355427453,0,0,0,0,0.000434842893355315,0.00142131865847642,0.000735584807112149,0.0133094113185983,0.0010773512845327,0,0,0,0,0.000422006497090547,0,0.0201409478729166,0,0,0,0,0,0,0,0,0,0,0,0,7.87359951687444e-06,0.000147717707814779,0,0,0.000125930236664362,0,0,0,3.62120502574268e-05,0,0,0.000514528544276626,0,0,0,0,0,0,0,0,0,0,6.90862194148911e-05,0.000460844601863682,0,0,0.000868236313247145,0,0.00181483394911562,0,0,0,0.00399739131647182,0,0,0,0,0,0,0,1.99085121528435e-06,0,0,0,0.000277564051576667,0,6.21680697675687e-06,0,0.000137281029190011
0,0,0,0,0,0,0,0,0.000365092472130602,0,0,0,0,0,0.000290901406110197,0.000249027718089545,0.00751337143523683,0.00146530870887143,0.000542716777398944,0,0,0,4.82608408059826e-06,3.69358715992705e-05,0.00130114860438076,4.98383927000868e-05,0.000138090606034289,0,0,0,0,0,0,0,0,0,0,0,0,0,0,0,0,0,0,0,0.000107953013457338,0,0.00246723661344415,0,0,0,0,0,0,0,0,0,0.000512233358089965,0,0.0032288041821861,0,0,0,0,0.0116620500566836,0,0.0230736478479948,0,0,0,0.00647144202825872,0,0,0,0,0,0,0,0,0,0,0.00021308719814694,1.4578459247604e-05,0.000632848942621058,0,0
0,0,0,0,0,0,0,0,0,0,0,0,0,0,0,0,0,0,0,0,0,0,0,0,0,0,0,0.000951697014473308,0,0,0,0,0,0,0,0,0,0,0,0,0,0,0,0,0,0,0,0,0,0.00555772398745068,0,0,0,0,0,0,0,0,0,3.41722625307739e-05,0,0,0,0,0.00345411536938955,0,0,0,0.00399739131647182,0,0,0,0.00634891605548669,0,0,0,0,0,0,0,0.00120555654889452,0,0,0,0,0,0
