0,0,0.0466874583589454,0,0,0,0,0,0.0607176242535827,0.00017428162864463,0,0,0,0,6.99684224745832e-05,0,0.00140214491247748,0.000539362029950733,0.00105439440289859,0,0,0,0,0,0.00434239000146947,0,0.000357424007662033,0,0,0,0,0,0,0,0,0,0,0,2.52631659814326e-05,1.92567157270996e-05,2.93065748240831e-05,0,0.00210107006303106,0,0,0,0,0.000250110627652212,0.023851600445989,0,0,0,0,0,0.0399374486913301,0,0.000330222458481543,0,0,0,0.000445895074082433,0,0,0,0,0,0,0,0,0,0,0,0,0,0,0,0,0,1.10184977179697e-05,1.60964608247044e-05,0,4.76971356976259e-06,0.00069559866160524,0,0.00359131324612661,0,0.00134351862966507
0,0,0,0.0324888044369626,0,0,0,0,4.19764403376292e-05,0.110955543142622,0,0,0,0,0,0.00858658137930089,4.61389507629486e-05,0.000182697577190095,0.000124133597654731,0,0,0,0,0.000889603502405496,0,0.000254413720236513,0,0,0,0,0,0,0,0,0,0,0,6.38814963546116e-06,0,0,0,0.00011113727275225,0,0,0,0,0,0,0,0.0445885311339445,0,0,0,0,0.000130617469824359,0.0355330974073675,0,0.000527501501435793,0,0.00206725665672509,0,0.0126488544499965,0,0,0,0,0,0,0.000693268740032749,0,0,0,0,0,0,0,0,0,0,0,1.08561623516291e-05,0,0.00070103049515381,0,0.00191041383637746,0,0
0.0466874583589454,0,0,0,0.00461710525853678,0,0,0,0.00214980068987737,0,0,0,0,0,0,0,0,0,0,0,0,0,0,0,0,0,0,0,0,0,0,0,0,0,0,0,0,0,0,0,0,0,0.00377033424017788,0,0,0,0.00050678644175349,0,0.000666880545703595,0,0.0128442433848697,0,0,0,0.000893856427280084,0,0.00112556826789961,0,0.000134872918921199,0,0.0116220290426549,0,0,2.02159134522328e-05,0,0,0,0,0,0,0,0,0,0.00038387953357448,0,0,0,0,0,3.90183481072398e-05,0,0,0.000150266020181453,0,0.00177250534429768,0,0.000319451693246205
0,0.0324888044369626,0,0,0,0.0288543587208729,0,0,0,0.013475008700202,0,0,0,0,0,0,0,3.10950638403662e-06,2.81184573037239e-05,0.000141157909102556,0,0,0,0,0,0,0,0,0,0,0,0,0,4.01646091106032e-05,0,1.723346128689e-05,0,0,0,0.000283269624669462,0,0.00352525032628973,1.78438893867146e-05,0.000765414095273025,0,0.0100337506719399,0,0.000554657100417693,0,0.00797104948239698,0,0,0,0,0,0.0164853470464654,0,0.0085578741978998,0,0.00117370707625894,0,0.000191597793232967,0.000948098571197885,1.03953579666629e-05,0,0,0,0,0,0,0.000306936226282976,0,0.00214980995522783,0,0,0,5.5654685890633e-05,0,9.1220607942381e-05,2.29193311621586e-06,0.000153403274741792,0,8.2029530954231e-05,0,0.0268267594621068,0.000872296604678597,0
0,0,0.00461710525853678,0,0,0,0,0,0,0,0,0,0,0,0,0,0,0,0.000215182115033072,0,0.00857435531933669,0,0,0,0,0,0,0,0,0,0,0,2.26750642958928e-05,0,0.000123479957554361,0,0.000160478015785199,0,0,7.56497406751997e-05,0.000861845232144697,6.24659069180591e-06,0.00343009761577635,0,0.000570713958918696,0,0.00382872804932587,0.00141814014443289,0.00614047079400095,0,0.0133845179954941,0,0,0,0,0,0.000234122486706252,1.13804312629456e-05,0,0,0,0,0,0.0269981026572058,0,0,0,0,0,0,0,0,0,0.00223267661631693,0,0,0,0.000156935466177553,8.20613557374133e-06,0.000167021973479456,0,0.000111477974518787,0.00125774473737954,0,0.0122413518907879,0,0
0,0,0,0.0288543587208729,0,0,0,0,0,0.000222037197090685,0,0,0,0,0,0,0,8.29577159882017e-06,0.000118339821222856,0.00147662783807085,0,0,0,0,0,0,0,0,0,0,0,0,0,9.27364089353122e-05,0,0.000166834812486173,0,0,0,0.00238350583568759,0,0.00152238813175865,3.21224139974965e-05,0.000177866711122383,0,0.00641706337401071,0,0.00147006031925499,0,0.00576197285537156,0,0.0937212612440613,0,0,0,0.0110356613783438,0,0.000729473757416431,0,0.00335879476554447,0,0.00139009693993923,0.0066066170691171,5.74678030230755e-06,0,0,0,0,0,0,0.000131369636043315,0,0.00193904256256494,0,0.000136596006448386,0,2.03920107759605e-05,0,0.000250764637377811,0,0.000101686834973198,6.47406514149405e-06,0.00227651785366813,0,0.00948619754050311,0.000148063520999469,0
0,0,0,0,0,0,0,0,0,0,0,0,0,0,0,0,0,0,0,0,0.00070504844788398,0,0,0,0,0,0,0,0,0,0,0,0,0,0,0,0,0,0,0,0,0,0,0,0,0,0,0,0,0,0,0,0.0171929958942756,0,0,0,0.000827256731706555,0,0,0,0,0,0,0,0,0,0,0,0,0,0,0,0,0,0,0,0,0,0,0,0,0,2.24003793193183e-06,0,0,0,0
0,0,0,0,0,0,0,0,0,0,0,0.000670848304214762,0,0,0,0,0,0,0,0,0,0,0,0,0,0,0,0,0,0,0,0,0,0,0,0,0,0,0,0,0,0,0,0,0,0,0,0,0,0,0,0.0129354124941532,0,0.0235722780987993,0,0,0,0,0,0,0,0,0,0,0,0,0,0,0,0,0,0,0,0,0,0,0,0,0,0,0,0,0.000342963704192064,0,0,0,0
0.0607176242535827,4.19764403376292e-05,0.00214980068987737,0,0,0,0,0,0,0.00301853692087475,0,0,0,0,0.00999291637498667,0,0.0180370858511609,0.00541423432846308,0.0071745795812345,0,0,9.48300134939071e-05,0,2.38047033501975e-05,0.0120767696562612,0.000574762737312002,0.00264361004574338,0,0,0,0,0,0,0,6.5493455463729e-05,0,0,0,0.000443084117770663,1.49960664742186e-05,0,0.000400152929576307,0.00629360266899262,0.000292275405067714,0,0,0,0,0.0106283806598789,0,0,0,0,0,0.0492166696563483,0.000275238905985617,0.000210698655081719,0,0,0,0.0022145586826064,0,0,0,0,0,0,0.000138847423743429,0.000336428287747197,0.00257723285680299,0,0,0,1.81058926242508e-05,0,0,0,9.901069636074e-05,6.70860987002971e-06,7.73545506387423e-05,1.3047747521709e-05,0.000214144098477588,0.00281723426205423,7.53321835168754e-06,0.00220356415165013,3.42176498309588e-05,9.74048507149481e-05
0.00017428162864463,0.110955543142622,0,0.013475008700202,0,0.000222037197090685,0,0,0.00301853692087475,0,0,0,0,0,0.000161589144907874,0.0456883660519844,0.00302299565808041,0.0114476493830593,0.00366021354827547,0,0,0,0,0.0153261402856853,0.000826721223758609,0.012349237527447,0,0,0,0,0,0,0,0,0,0,7.10151499189677e-07,0.00082603093973924,0,0,0,0.000471458121736327,4.92977038578076e-05,0,0,0,0,0,0,0.00621455111239256,0,0,0,0,6.48830042866123e-05,0.128997770907056,0,0,0,0,0,0.00793123017793569,0,0,0,0,0,0,0.000115151622068514,4.06996731125275e-05,0,0,0,0,0,0,0,0,6.4304835971463e-06,1.59059562175315e-05,0.00114599400086624,0,0.00276227346669443,0.000141563567438313,0.00216899159457531,0,0
0,0,0,0,0,0,0,0,0,0,0,0,0,0,0,0,0,0,0,0,0.00818723471197108,0,0,0,0,0,0,0,0,0,0.00191242425194031,0,0,0,0,0,0.000347263266482443,0,0.00375394113355781,0,0,0,0,0,0,0,0,0,0,0,0,0,0,0,0,0,0.0518712638905118,0,0.00113108529963752,0,0,0,0,0.000301215426140619,0,0,0,0,0,0,0,0,0,0.00247208736347041,0,0,0,0,0,0.000166143800359545,0,0.000706329949824946,0.000207284802995627,0,1.21736610919979e-05,0,0
0,0,0,0,0,0,0,0.000670848304214762,0,0,0,0,0,0,0,0,0,0,0,0.00358521823811531,0,0,0,0,0,0,0,0,0,0.000223365754081413,0,0,0,0,0,0,0,0.00292630617970958,0,0,0,0,0,0,0,0.000317332857326742,0,0,0,0,0,0,0,0,0,0,0,0.0576968141856656,0,0,0,0,0.000746639105417279,0,0,0,0,0,0,0,0,0,0.00108417885558702,0,0,0,0,0,5.5906532735659e-06,0,0.00115832198063202,0,0.000341225528754103,0,1.56120704733625e-05,0,0
0,0,0,0,0,0,0,0,0,0,0,0,0,0,0.00364103027576361,0,0.00019087423821872,0,0,0,0,0,0,0,0,0,7.51591235280695e-05,0,0.000617839522934608,0,0,0,0,0,0,0,0,0,0,0,0,0,0,0,0,0,0,0,0,0,0,0,0,0,0,0,4.2246680095559e-05,0,0.00679625440081099,0,0.00272702665476328,0,0,0,0,0,0,0,0,0,0,0,0,0,0,0,0,0,0,0,0,0,0.000164454216043177,0,0,0,0
0,0,0,0,0,0,0,0,0,0,0,0,0,0,0,0.0019381155159765,0,0,0,0,0,0,0,0,0,0,0,2.6824572063721e-05,0,0,0,0,0,0,0,0,0,0,0,0,0,0,0,0,0,0,0,0,0,0,0,0,0,0.0014714631703917,0,0,0,0,0,0.00636064058746909,0,0.000419837240009956,0,0,0,0,0,0,0,0,0,0,0,0,0,0,0,0,0,0,0,0,2.00743389497438e-05,0,0,0,0
6.99684224745832e-05,0,0,0,0,0,0,0,0.00999291637498667,0.000161589144907874,0,0,0.00364103027576361,0,0,0,0.0154327952850326,0.000631783448567481,0.000562914638767326,0,0,1.63272745115697e-05,0,0,0.000346169623235658,0,0.00680091563457075,0,0.000889979251357979,0,0,0,0,0,0,0,0,0,0,0,0,0,0,0,0,0,0,0,0,0,0.000266464722812332,0,0,0,0.000692883690646465,0,0,0,0.000256426690611988,0,0.0149084396861967,0,0,0,0,0,0,0,0,0.000825130720310582,0,0,0,0,0,0,0,0,0,0,0,0,0.000779853933996327,0.000313740680184583,0,0,0
0,0.00858658137930089,0,0,0,0,0,0,0,0.0456883660519844,0,0,0,0.0019381155159765,0,0,0.00019316311758354,0.0118785416732921,0.000351025623813134,0,0,0,0,0,0,0.00243131294399626,0,0,0,0,0,0,0,0,0,0,0,0,0,0,0,0,0,0,0,0,0,0,0,0.00318404983220401,0,0,0,0,0,0.0234124382760412,0,0,0,0.00192090260544963,0,0.0297042099864654,0,0,0,0,0,0,0.000151802114923928,0,0,0,0,0,0,0,0,0,0,0,0,0,0.000934508151290388,9.99299951747368e-05,0,0,0
0.00140214491247748,4.61389507629486e-05,0,0,0,0,0,0,0.0180370858511609,0.00302299565808041,0,0,0.00019087423821872,0,0.0154327952850326,0.00019316311758354,0,0.11452451602926,0.0740512522583643,0,0,0.000155992353190754,0.000733107747022629,3.53041005909591e-06,0.00430104515271492,0.000380663246670275,0.00782902097054262,0,0.000547179885301173,0,0,0,0,0,0,1.25700004896651e-06,1.4111737735227e-06,1.83004704025925e-06,0,0.000642572560882085,0.000556535435510883,0.000554005729759258,0.00267395785142268,8.87780742062146e-05,4.14084629253336e-06,0.00025754930489788,0.000205255333547774,0,0.000103759056156241,3.60122253822693e-05,0,0,0,0,0.0034227685524153,0.000269192969939244,1.95035647530155e-06,1.47444232239501e-05,4.10822963340223e-05,0,0.00800637449628976,0,6.44760721945747e-06,0.000156059892953091,0,2.37020268585044e-05,0,3.15873056530459e-05,2.59910924865579e-05,0.00463072149071167,0,0,5.87643419857234e-05,0.000104062479599439,0,0,0,0,0.000701956166258134,0.00143515852025032,0.000121688128294408,0.000502257698318535,0.0310755872911051,0.00340982148039233,0.00100334108823232,0.000167848690011139,0.000331205413241457
0.000539362029950733,0.000182697577190095,0,3.10950638403662e-06,0,8.29577159882017e-06,0,0,0.00541423432846308,0.0114476493830593,0,0,0,0,0.000631783448567481,0.0118785416732921,0.11452451602926,0,0.0867963267919191,0,0,0.000751227557646219,0,0.000269123281132231,0.00152517134899213,0.0081037274747851,0.000379588728868984,0,0,0,0,0,0,0,0,7.45932730175614e-06,1.56699650039788e-06,1.25802569856092e-06,0,0.000608596428335265,0.000229732788417705,0.00117501429037382,0.000771230104271614,9.95548501645383e-05,0.000330486879324574,6.9335879672599e-05,0.000148425517299882,2.85217544407854e-06,8.74226632221938e-06,1.36241277404843e-05,0,0,0,0,0.000707144457665644,0.00241462140644106,0,3.32610779276354e-05,0,0,0.000166234689501278,0.000690286232395417,4.29296097915501e-05,5.99998963924579e-05,0.000996945529467943,6.1491147359061e-05,0,0,0.00161352018193075,0.000553471667804339,0,0,2.79619698741122e-05,3.24249904041229e-05,0,0,0,0,0.000552383438775736,0.000990973489792205,0.00033974469650197,0.000157715840431715,0.0350528376204687,0.00474499038387688,0.000632326661003238,0.000351239813636118,7.29062292710721e-05
0.00105439440289859,0.000124133597654731,0,2.81184573037239e-05,0.000215182115033072,0.000118339821222856,0,0,0.0071745795812345,0.00366021354827547,0,0,0,0,0.000562914638767326,0.000351025623813134,0.0740512522583643,0.0867963267919191,0,0,0,3.87073001861072e-06,0,0.000190462078532516,0.000309147034855306,0.000789393713569579,0.000369800382666861,0,0,0,0,0,0,0,0,3.50518180166376e-05,8.3196323503649e-06,8.81072706040944e-06,0,0.0113993418173185,0.00463006380367751,0.0155397009983363,0.0291491405053136,0.0137477996164855,0.00512053544859611,0.00206212219690117,0.00297351420697847,2.49871465420746e-05,0.000464849033797539,0.000219964526620432,0,0,0,0,0.000493247026459486,0.000259016250628,2.74959391904142e-05,0.000235587598571513,0,0,0.000158845509560213,1.13501466574048e-05,0.000218957491496923,0.000614898689846656,0,0,0,0,0.000354938156394064,0.000671635258865886,9.56279511084125e-05,0,0.000713163936439023,0.00102114962957476,0,0,0,0,0.00946755618449618,0.0114839571767284,0.00323532293227512,0.00269464096621827,0.0187417831181143,9.54998079617121e-05,0.0152106892222802,0.00440708530998949,0.00396283184588744
0,0,0,0.000141157909102556,0,0.00147662783807085,0,0,0,0,0,0.00358521823811531,0,0,0,0,0,0,0,0,0,0,0,0,0,0,0,0,0,1.70147741161621e-05,0,0,0,0,0,0.00445320617878106,0,0.00441789515909055,0,5.69917796610121e-05,0,8.53080897742328e-05,0,0,0,0.00186861657605033,0,9.92267696648035e-05,0,0.000403794746917667,0,0,0,0,0,0,0,0.00125658506709855,0,0,0,0,0.0227659310741324,0,0,0,0,0,0,0,8.7596508950119e-05,0,0.0018074373599,0,0,0,0,0,0.00308581281710816,0,0.00125741074387187,0,0.00146971744569944,0,0.00168930666539025,0,0
0,0,0,0,0.00857435531933669,0,0.00070504844788398,0,0,0,0.00818723471197108,0,0,0,0,0,0,0,0,0,0,0,0,0,0,0,0,0,0,0,0,0,0,0,0,0,0.00214731697484417,0,0.000149264574964856,0,0,0,6.42605799919369e-06,0,0,0,4.25513390688043e-05,0,0.0001446621129595,0,0.00257851951868501,0,0,0,0,0,0.00443701100580067,0,0,0,0,0,0,0.0302491956448839,0,0,0,0,0,0,0,0,0,0.00503158770709878,0,0,0,0,0,0.00840946019457723,0,0.00139795224003828,0.000480010518910667,0,0.000402468042653468,0,0
0,0,0,0,0,0,0,0,9.48300134939071e-05,0,0,0,0,0,1.63272745115697e-05,0,0.000155992353190754,0.000751227557646219,3.87073001861072e-06,0,0,0,0.000734711087497898,0.00566869699922708,0,0.000278557866471232,0,1.3029146430199e-05,0,0,0,0,0,0,0,0,0,0.00425171495226275,0,0,0,1.34936363391373e-05,0,0,0,0,0,1.78147876561393e-05,0,0.00793683826177518,0,0,0,0,0,0,0,0,0,0,0,0,0,0,0.0327703163637067,5.28176307411053e-05,0.000152599362206176,0,0.000784094887343439,0,0.000147327920001512,0,0,0,0,0,0,0,0,0,0.00598038364565558,0,0.00248713714629688,0.000366799536072614,0.000581118316182231,0,0
0,0,0,0,0,0,0,0,0,0,0,0,0,0,0,0,0.000733107747022629,0,0,0,0,0.000734711087497898,0,0,8.54459813126596e-05,0,0.000177306117188562,0,0.00298427209020266,0,0,0,0,0,0,0,0,0.000187505258926793,0.00376209237704491,0,0,0,0,0,0,0,0,0,0.00373329613630929,0,0,0,0,0,0,0,0,0,0,0,0,0,0,0,0,0.0508430303570025,0,7.98588545463247e-05,0,0,0,7.91266046929594e-05,0,0,0,0,0,0,0,0,0,0.00322580425973775,0.00216380590446148,0.000939388027826079,0.000343443012299718,0,0
0,0.000889603502405496,0,0,0,0,0,0,2.38047033501975e-05,0.0153261402856853,0,0,0,0,0,0,3.53041005909591e-06,0.000269123281132231,0.000190462078532516,0,0,0.00566869699922708,0,0,0,0.00522501409732131,0,0,0,0,0,0,0,0,0,0,0,0.00168253429682051,0,0,0,3.22898364806062e-05,0,0,0,0,0,0,0,0.00422524027328902,0,0,0,0,0,0.0170140028862532,0,0,0,0,0,0,0,0,0.00312033777718409,0,0.0962847302423057,0,0.00398410610575249,0,0,0,0,0,0,0,5.97745599301342e-05,0,0,0,0.00107674691870515,0,0.000841046726846025,3.76003210390264e-06,0.00158512726351769,0,0
0.00434239000146947,0,0,0,0,0,0,0,0.0120767696562612,0.000826721223758609,0,0,0,0,0.000346169623235658,0,0.00430104515271492,0.00152517134899213,0.000309147034855306,0,0,0,8.54459813126596e-05,0,0,0,0.000696597108457979,0,0,0,0,0,0,0,0.00013313138549878,0,0,0,0.00203990357428738,6.76858401207881e-05,0,0,0.000126258482396782,0,0,0,0,0,0.00620379774147842,0,0,0,0,0,0.00549934817222178,0,0.00010947766272046,0,4.80591971182363e-05,0,0.000596119453436595,0,0,0,0,0.000620743486315934,0,0.0509485004167623,0,0.001045045053297,0,3.72256416079859e-05,0,0,0,0,0,0.00038388978756143,7.19968709559634e-06,2.29720129622927e-05,0,0.0011252424229063,0.00057076136694492,0,0.000602378905254667,0,0
0,0.000254413720236513,0,0,0,0,0,0,0.000574762737312002,0.012349237527447,0,0,0,0,0,0.00243131294399626,0.000380663246670275,0.0081037274747851,0.000789393713569579,0,0,0.000278557866471232,0,0.00522501409732131,0,0,0,0.000402651241015721,0,0,0,0,0,0,0,0,0,0,0,4.23317088003895e-05,0,0,0,0,0,0,0,0,0,0,0,0,0,0,0,0,0,0,0,0,0,7.00400566836239e-05,0,0,0.00345142492433918,0,0.000700416465999688,0,0.0265965203406346,0,0,0,0,0,0,0,0,0,0,0,0,0,0.000799178238806927,1.79708966680195e-05,0,0,0
0.000357424007662033,0,0,0,0,0,0,0,0.00264361004574338,0,0,0,7.51591235280695e-05,0,0.00680091563457075,0,0.00782902097054262,0.000379588728868984,0.000369800382666861,0,0,0,0.000177306117188562,0,0.000696597108457979,0,0,0,0.00297345888251821,0,0,0,0,0,0,0,0,0,0,0,0,0,0.000229093171946486,0,0,0,0,0,0,0,0,0,0,0,0,0,0,0,0,0,0.00573432556117164,0,0,0,0,0.00181348696769314,0,0.000773634528741241,0,0.0145785080510411,0,0,0,0,0,0,0,0,0,1.12643697223905e-05,0,0,0.000733708436244107,7.50896365197084e-06,0,0,0
0,0,0,0,0,0,0,0,0,0,0,0,0,2.6824572063721e-05,0,0,0,0,0,0,0,1.3029146430199e-05,0,0,0,0.000402651241015721,0,0,0,0.00716701224364951,0,0,0,0,0,0,0,0.000453759235638809,0,0,0,0,0,0,0,0,0,0,0,0,0,0,0,0,0,0,0,3.25335495290346e-05,0,0,0,0,0,0,1.99930018425221e-05,0,0,0,8.04521405370906e-05,0,0.00694552561628815,0,0.000649795174600214,0,0,0,0,0,0,0,7.6614563735283e-05,0,0,0,0,0,0
0,0,0,0,0,0,0,0,0,0,0,0,0.000617839522934608,0,0.000889979251357979,0,0.000547179885301173,0,0,0,0,0,0.00298427209020266,0,0,0,0.00297345888251821,0,0,0,0.00010351431046729,0,0,0,0,0,0,0,0.000533324124928123,0,0,0,0,0,0,0,0,0,0,0,0,0,0,0,0,0,0,0,2.5973356664994e-05,0,3.12479918409389e-05,0,0,0,0,0.000305992293202431,0,0,0,0.00233591537242453,0,0.00355678651733556,0,0.00169231151194004,0,0,0,0,0,0,0,0.000649552685619397,2.71355403898476e-05,0,0,0,0
0,0,0,0,0,0,0,0,0,0,0,0.000223365754081413,0,0,0,0,0,0,0,1.70147741161621e-05,0,0,0,0,0,0,0,0.00716701224364951,0,0,0,0,0,0,0,0,0,0.000944796306466988,0,0,0,1.24388027443511e-05,0,0,0,0.00012772892126805,0,0,0,0,0,0,0,0,0,0,0,0.000894021939968912,0,0,0,0,0.000116689959751852,0,0,0,0,0,0,0,0.000786166736097538,0,0.0246983943304136,0,0,0,0,0,1.06529046776357e-05,0,0.000604031004716572,0,1.22977223294283e-06,0,2.40766844993893e-05,1.60683227979927e-05,0
0,0,0,0,0,0,0,0,0,0,0.00191242425194031,0,0,0,0,0,0,0,0,0,0,0,0,0,0,0,0,0,0.00010351431046729,0,0,0,0,0,0,0,0,0,0.000417918869864983,0,0,0,0,0,0,0,0,0,0,0,0,0,0,0,0,0,0.00104275259309045,0,0,0,0,0,0,4.49600894355568e-05,0,0,0,0,0,0,0,0,0,0.0340188552503453,0,0,0,0,0,0,0,0.00037044794600799,0,0,0,0,0
0,0,0,0,0,0,0,0,0,0,0,0,0,0,0,0,0,0,0,0,0,0,0,0,0,0,0,0,0,0,0,0,0.0718544918081523,0.00037914349631706,0.000581058268531949,0.00162941658517278,0,0,0,1.39825651241437e-05,0,0,0,0,0,0,0,0.0174567953538492,0,6.03613308310363e-05,0,0,0,0,0,0,0,0,0,0,0,0,0,0,0,0,0,0,0,0,0,0,0,0,0.338505581272357,0.0435395818535557,0.0195857195866229,0.000676694855830658,0.0132064779378036,1.88048149327926e-05,0,0,0.00134444746286346,0,0,0,0
0,0,0,0,2.26750642958928e-05,0,0,0,0,0,0,0,0,0,0,0,0,0,0,0,0,0,0,0,0,0,0,0,0,0,0,0.0718544918081523,0,0.000375435397939712,0.00437733231507577,0,0.000926738461657373,0,0,0,2.56519714259298e-05,0,0.000242615178333124,0,0,0,1.09611580607168e-05,0.0164749570603003,0.000451502716555787,0,0,0,0,0,0,0,0,0,0,0,0,0,0,2.55546296749343e-05,0,0,0,0,0,0,0,0,0,1.48960406570753e-05,0.0126638845558123,0.425375899345049,0.000732261638117428,0.00137649741270343,0.000151911110543697,0.00217410970361079,0,2.27321775784204e-06,0.00242450591908865,0,0.000106963885182046,0,0
0,0,0,4.01646091106032e-05,0,9.27364089353122e-05,0,0,0,0,0,0,0,0,0,0,0,0,0,0,0,0,0,0,0,0,0,0,0,0,0,0.00037914349631706,0.000375435397939712,0,0.0663856934914288,0.000913553961066167,0,0.000452246923424151,0,0.000100989845132194,0,0.000142502636242398,0,0,0,2.14330387039996e-05,0,0.0587918620504082,0,0.00118136060033164,0,0,0,0,0,0,0,0,0,0,0,0,0,0,0,0,0,0,0,0,6.6163346477303e-06,0,1.13349264072051e-05,0,0.000210456587866332,6.61871853373733e-05,0.225622675189713,0.0341818533757858,0.00150191328728561,0,0.00328253494920895,6.73648076764864e-06,0.00150717357386466,0,4.98689419117593e-05,0,0
0,0,0,0,0.000123479957554361,0,0,0,6.5493455463729e-05,0,0,0,0,0,0,0,0,0,0,0,0,0,0,0,0.00013313138549878,0,0,0,0,0,0,0.000581058268531949,0.00437733231507577,0.0663856934914288,0,0,0.00228891735250114,0,0.00248819378724843,0,9.67221690801112e-05,0,0.000684284364991997,0,0,0,9.6813793833954e-05,0.11028099763929,0.002442581427691,0,0,0,0,0,0,0,6.5848470132593e-06,0,0,0,0,0,0,5.72339566664351e-05,0,0,0,0.0002196362547088,0,0,0,0,0,0.000118108367066211,0.00022702511406153,0.0018273319781626,0.0173957021811171,0.221423541852148,0,0.00128541666104757,0,0.00439912009739133,0.003917704552781,0.000187923300307931,0.000339091765854401,0,0
0,0,0,1.723346128689e-05,0,0.000166834812486173,0,0,0,0,0,0,0,0,0,0,1.25700004896651e-06,7.45932730175614e-06,3.50518180166376e-05,0.00445320617878106,0,0,0,0,0,0,0,0,0,0,0,0.00162941658517278,0,0.000913553961066167,0,0,0.00213761145545368,0.00896354885862722,0,3.54872746149676e-05,0,6.7972114785823e-05,9.99509631852115e-07,0,0,0.000497402116535209,1.88493138022073e-06,0.000258466386191354,1.06797670850006e-05,0.000176697313918825,0,0,0,0,0,0,0,6.96661967482999e-06,0,0,0,0,0.000753625624142573,0,0,0,0,0,0,0,0,0,4.96891682174234e-06,0,0.000641197109509446,0,0.000182577453257802,0,0.0476602808048965,0.00012998513001778,0.000726602308671313,0,0.00832314935093939,0.000259001229929902,0.00034230820920466,8.52006404893452e-06,0
0,0,0,0,0.000160478015785199,0,0,0,0,7.10151499189677e-07,0.000347263266482443,0,0,0,0,0,1.4111737735227e-06,1.56699650039788e-06,8.3196323503649e-06,0,0.00214731697484417,0,0,0,0,0,0,0,0,0,0,0,0.000926738461657373,0,0.00228891735250114,0.00213761145545368,0,0,0.00667613604787799,5.14997476698802e-06,6.01725584380546e-05,4.55025317907779e-06,0.000235560234093414,0,4.90371424484204e-06,0,0.000445747162757356,0.000566424330847299,0.000507126823252488,5.84123379195291e-06,0,0,0,0,0,0,2.93611676463218e-05,0,0,0,0,0,0,0.000748576998421142,0,0,0,0,0,0,0,0,0,6.9396419982891e-05,0,0.00149784952033936,0,0.00010178092155501,7.09635521830955e-05,0.0560628301173648,0,0.000399392628533046,0.00806703841599196,0.000417086888038654,0.000624661430628177,0,2.79775676040897e-05
0,6.38814963546116e-06,0,0,0,0,0,0,0,0.00082603093973924,0,0.00292630617970958,0,0,0,0,1.83004704025925e-06,1.25802569856092e-06,8.81072706040944e-06,0.00441789515909055,0,0.00425171495226275,0.000187505258926793,0.00168253429682051,0,0,0,0.000453759235638809,0,0.000944796306466988,0,0,0,0.000452246923424151,0,0.00896354885862722,0,0,0,0,0,0.00120079866528857,0,8.86015064343937e-06,0,0.00018905607057933,0,0.00545177162198392,0,0.00520738494407673,0,0,0,0,0,0,0,0.00173699777154801,0,0,0,0,0.000931654202914792,0,0.000327162150166976,0,0.00152036593320405,0,0,0,0.000173818782797918,0,0.000185033178834741,0,0,0,0.00319207064409949,0,0.00227380478073739,9.55888586843328e-07,0.036221682813454,0,0.00170254360222419,0,0.00200872218305449,0,0
2.52631659814326e-05,0,0,0,0,0,0,0,0.000443084117770663,0,0.00375394113355781,0,0,0,0,0,0,0,0,0,0.000149264574964856,0,0.00376209237704491,0,0.00203990357428738,0,0,0,0.000533324124928123,0,0.000417918869864983,0,0,0,0.00248819378724843,0,0.00667613604787799,0,0,0,0,0,0.000101691614709459,0,0,0,9.1089615457256e-06,0.000171532348460369,0.00342054651640517,0,0,0,0,0,1.82999546700752e-05,0,8.08980373701779e-05,0,0,0,0,0,0,8.62844159718949e-05,0,0.000465900100117587,0,0.000437927951319685,0,0,0,0.000248481885715931,0,1.09552369580469e-05,0,0,0,0.00157670675892315,0,0.00245404149468615,0,0.0439769833028204,0.00117734481860737,0.000194405319791627,0.00184636484010928,0,0
1.92567157270996e-05,0,0,0.000283269624669462,7.56497406751997e-05,0.00238350583568759,0,0,1.49960664742186e-05,0,0,0,0,0,0,0,0.000642572560882085,0.000608596428335265,0.0113993418173185,5.69917796610121e-05,0,0,0,0,6.76858401207881e-05,4.23317088003895e-05,0,0,0,0,0,1.39825651241437e-05,0,0.000100989845132194,0,3.54872746149676e-05,5.14997476698802e-06,0,0,0,0.000384095940981807,0.0500046577287487,0.000754738978078166,0.00516900853486852,0,0.0131729836126079,7.90729176883944e-05,0.00275373765127984,0.00020052892438104,0.0132291400558122,0,0,0,0,4.08403105913802e-05,0,0,0.000702028149275372,0,0,0,0,0.00646366441940543,0.000228395563908479,0,0,0,0,0,0,0.000238806121461665,0,0.00209707366598129,7.60227775825666e-05,0,0,0.000149404747103899,0,0.00463860024415509,0.000278553954019609,0.00168644120802833,2.29839511018371e-05,0.00117116330134952,0,0.0216502040519652,0.00653401904489752,0.000190645766086253
2.93065748240831e-05,0,0,0,0.000861845232144697,0,0,0,0,0,0,0,0,0,0,0,0.000556535435510883,0.000229732788417705,0.00463006380367751,0,0,0,0,0,0,0,0,0,0,0,0,0,2.56519714259298e-05,0,9.67221690801112e-05,0,6.01725584380546e-05,0,0,0.000384095940981807,0,0.000413491876845166,0.0341126539568186,0.000203392952118193,0.00283231443204834,0.00035567122567486,0.0113137183459744,0.00189201337044262,0.0092297653007069,0,0,0,0,0,0,0,2.18215870489402e-05,6.23484974092501e-06,0,0,0,0,4.86389895810655e-06,0.00640009846463746,0,0,0,0,0,0,5.20298483985669e-06,0,3.64918261427143e-05,0.000676717714729369,0,0,1.04681281196074e-05,5.62389380830595e-05,0.000127453316273262,0.00471243753197794,2.75946753814008e-05,0.000925996229396582,0.000501153630087541,0,0.0102544735838309,0.000445608528760053,0.00315935923716199
0,0.00011113727275225,0,0.00352525032628973,6.24659069180591e-06,0.00152238813175865,0,0,0.000400152929576307,0.000471458121736327,0,0,0,0,0,0,0.000554005729759258,0.00117501429037382,0.0155397009983363,8.53080897742328e-05,0,1.34936363391373e-05,0,3.22898364806062e-05,0,0,0,0,0,1.24388027443511e-05,0,0,0,0.000142502636242398,0,6.7972114785823e-05,4.55025317907779e-06,0.00120079866528857,0,0.0500046577287487,0.000413491876845166,0,0.00487165704388161,0.00451803276652729,0.00014180678245481,0.00664986765384716,0,0.021218397305288,8.43015243350161e-05,0.0179463184075796,0,0,0,0,0,0.000173815768547974,1.03520335345997e-05,0.0141174474509842,0,0,0,0,0.0132723866932449,0.000156482972124994,0,0,0,0,0,0,0.00202140227413623,0,0.0177229811771516,5.79946004532596e-06,0,0,2.42048069706893e-05,2.45255106072889e-05,0.0189129540560838,0.000312298145690565,0.00718612445243508,3.19058604293793e-05,0.00409343896715691,8.52506868879093e-06,0.0811982717704383,0.0362729569680084,0.000239931479029151
0.00210107006303106,0,0.00377033424017788,1.78438893867146e-05,0.00343009761577635,3.21224139974965e-05,0,0,0.00629360266899262,4.92977038578076e-05,0,0,0,0,0,0,0.00267395785142268,0.000771230104271614,0.0291491405053136,0,6.42605799919369e-06,0,0,0,0.000126258482396782,0,0.000229093171946486,0,0,0,0,0,0.000242615178333124,0,0.000684284364991997,9.99509631852115e-07,0.000235560234093414,0,0.000101691614709459,0.000754738978078166,0.0341126539568186,0.00487165704388161,0,0.000282560325837604,0.00166001211882305,0.000289084620081562,0.00648216791685577,0.0167157305246426,0.0123514947483636,7.93490579838833e-05,0,0,0,0,0.000119672757458509,0,0.00163642643584875,3.53668269198544e-05,2.48293674865585e-05,0,0.000334012211190977,0,2.74333117284548e-05,0.0198638517661232,0,0,0,0.000208038994848228,0,0.000372703653274578,1.11943674240189e-05,0.000235440216906081,6.30111110872142e-05,0.0298333807399958,0,0,0,0.000189426795541241,0.000391926165594572,0.0174984676361077,0.000102887710961158,0.00771798450538558,0.00370364429620219,0,0.0716325453880095,0.000292640572966765,0.0413144451477337
0,0,0,0.000765414095273025,0,0.000177866711122383,0,0,0.000292275405067714,0,0,0,0,0,0,0,8.87780742062146e-05,9.95548501645383e-05,0.0137477996164855,0,0,0,0,0,0,0,0,0,0,0,0,0,0,0,0,0,0,8.86015064343937e-06,0,0.00516900853486852,0.000203392952118193,0.00451803276652729,0.000282560325837604,0,0,0.000637792629085266,0.000125669373615338,1.2092636813556e-05,0,0.000123438125006423,0,0,0,0,0,0,0,0.00446078540848621,0,0,0,0,4.41104800350347e-05,0,0,0,0,0,0,0,0.000289855991345943,0,0.011228707234677,0,0,0,0,0,0.00292970064552956,2.65485048435423e-05,0.00563736013165916,2.29663411538167e-06,0.000290760547481677,0,0.0047397504583966,0.00755830013350901,0
0,0,0,0,0.000570713958918696,0,0,0,0,0,0,0,0,0,0,0,4.14084629253336e-06,0.000330486879324574,0.00512053544859611,0,0,0,0,0,0,0,0,0,0,0,0,0,0,0,0,0,4.90371424484204e-06,0,0,0,0.00283231443204834,0.00014180678245481,0.00166001211882305,0,0,0,0.00112590653750726,0,0.000812799182107734,0,0,0,0,0,0,0,0.000122760845893284,0,0,0,0,0,0,0.000428615232885968,0,0,0,0,0,0,0,0,0,0.00673763924657279,0,0,0,0,7.20235560771622e-06,0.00336593318057977,0,0.00221275771368609,6.08592273424406e-05,0,0.00462236459802502,0,0.00121022957328912
0,0,0,0.0100337506719399,0,0.00641706337401071,0,0,0,0,0,0.000317332857326742,0,0,0,0,0.00025754930489788,6.9335879672599e-05,0.00206212219690117,0.00186861657605033,0,0,0,0,0,0,0,0,0,0.00012772892126805,0,0,0,2.14330387039996e-05,0,0.000497402116535209,0,0.00018905607057933,0,0.0131729836126079,0.00035567122567486,0.00664986765384716,0.000289084620081562,0.000637792629085266,0,0,7.02436903095259e-05,0.0017438264042431,0.000394710812386068,0.00704836632161347,0,0,0,0,0,0,0,0.00479421465748488,0,0,5.09043797254328e-05,0,0.0180172843130786,5.43592823189025e-05,0,0,0,0,0,0,0.00035619508792406,0,0.00868638967952013,0,2.83147361859366e-05,0,7.39284374312165e-06,0,0.0126813526409204,0.000213723734019944,0.0101989563089871,3.26476414637337e-05,0.000608224762330557,6.1198228813042e-05,0.0134385175783954,0.00298883897486573,1.03093424416484e-05
0,0,0.00050678644175349,0,0.00382872804932587,0,0,0,0,0,0,0,0,0,0,0,0.000205255333547774,0.000148425517299882,0.00297351420697847,0,4.25513390688043e-05,0,0,0,0,0,0,0,0,0,0,0,1.09611580607168e-05,0,9.6813793833954e-05,1.88493138022073e-06,0.000445747162757356,0,9.1089615457256e-06,7.90729176883944e-05,0.0113137183459744,0,0.00648216791685577,0.000125669373615338,0.00112590653750726,7.02436903095259e-05,0,0.00190785931141281,0.0102235641150856,0.000271556629518402,6.52878233112046e-05,0,0,0,0,0,0.000499241680903952,4.68866347930338e-06,0,0,0,0,0,0.0316130588267122,0,0,0,0,0,0,0,0,3.8800981750389e-05,0.0116986038190585,0,0,0,7.49996679455376e-05,8.28901249785129e-05,0.0156212503193061,1.45287495812469e-05,0.00567571604829064,0.000684737863085146,1.52331192241029e-05,0.0205560039442011,0.000119743816600258,0.00180906182312114
0.000250110627652212,0,0,0.000554657100417693,0.00141814014443289,0.00147006031925499,0,0,0,0,0,0,0,0,0,0,0,2.85217544407854e-06,2.49871465420746e-05,9.92267696648035e-05,0,1.78147876561393e-05,0,0,0,0,0,0,0,0,0,0.0174567953538492,0.0164749570603003,0.0587918620504082,0.11028099763929,0.000258466386191354,0.000566424330847299,0.00545177162198392,0.000171532348460369,0.00275373765127984,0.00189201337044262,0.021218397305288,0.0167157305246426,1.2092636813556e-05,0,0.0017438264042431,0.00190785931141281,0,0.0286197430460119,0.0494762985942411,0,0,0,0,0,0,6.49209420604975e-05,0.000342130084786994,0,0,0,0,0.000179233182882767,0.000712635784285455,0,0,0,0,0,0,2.38918270597319e-05,0,0.000648471997088078,0.000625232776648371,0.0452930491046353,0.030601443073936,0.13704262567476,0.0864221020519721,0.00638866674528444,0.00551495544143517,0.00656449835866686,0.00792479461857144,0.00533100998993094,0,0.0292393530428924,3.23848244934816e-05,0.000415192764024713
0.023851600445989,0,0.000666880545703595,0,0.00614047079400095,0,0,0,0.0106283806598789,0,0,0,0,0,0,0,0.000103759056156241,8.74226632221938e-06,0.000464849033797539,0,0.0001446621129595,0,0.00373329613630929,0,0.00620379774147842,0,0,0,0,0,0,0,0.000451502716555787,0,0.002442581427691,1.06797670850006e-05,0.000507126823252488,0,0.00342054651640517,0.00020052892438104,0.0092297653007069,8.43015243350161e-05,0.0123514947483636,0,0.000812799182107734,0.000394710812386068,0.0102235641150856,0.0286197430460119,0,0.00272736212800888,1.30153333926661e-05,0,0,0,0.0015206944463532,0,0.00613910044238065,1.76921158077338e-05,0.000218896301904827,0,0.00146801006127686,0,0,0.00338268173565077,0,0.000178966213641609,0,0.00886326413682764,0,0.00333262102852105,1.46118538807674e-05,0.0123186040831305,4.96918706314568e-05,0.00408504802912915,0,0,0,0.00166471408997496,3.33106489245372e-05,0.00453871454509653,1.28473671320576e-05,0.0124578549932801,0.00085055783218701,0,0.0224653993642086,0,0.000531259864130412
0,0.0445885311339445,0,0.00797104948239698,0,0.00576197285537156,0,0,0,0.00621455111239256,0,0,0,0,0,0.00318404983220401,3.60122253822693e-05,1.36241277404843e-05,0.000219964526620432,0.000403794746917667,0,0.00793683826177518,0,0.00422524027328902,0,0,0,0,0,0,0,6.03613308310363e-05,0,0.00118136060033164,0,0.000176697313918825,5.84123379195291e-06,0.00520738494407673,0,0.0132291400558122,0,0.0179463184075796,7.93490579838833e-05,0.000123438125006423,0,0.00704836632161347,0.000271556629518402,0.0494762985942411,0.00272736212800888,0,0,0,0,0,0,0.00186435654216939,0,0.00329867169663637,0,0.00193961055706768,0,0.00738152235774958,0.000486064602735775,0.000141444297076391,0.00285998331461991,0,0.0291164440818595,0,0.00114281817639249,0,0.00705208231221874,0,0.00422401116387109,0,2.11579526872008e-05,0,0.00109852838542432,5.00606950971996e-05,0.0018267489719502,2.23250701921657e-05,0.0125473496320565,8.65352543654222e-06,0.00123469854463545,8.37087518917108e-06,0.0315214915841917,0.000433348984106875,0
0,0,0.0128442433848697,0,0.0133845179954941,0,0,0,0,0,0,0,0,0,0.000266464722812332,0,0,0,0,0,0.00257851951868501,0,0,0,0,0,0,0,0,0,0,0,0,0,0,0,0,0,0,0,0,0,0,0,0,0,6.52878233112046e-05,0,1.30153333926661e-05,0,0,0,0,0,0,0,0.00013096242713552,0,0,0,0.000876662737901455,0,0,0.000196728518460104,0,0,0,0,0,0,0,0,0,0.000144339831170109,0,0,0,0,6.37935407888735e-06,0,0,0,0,0,0.00172965736124991,0,0
0,0,0,0,0,0.0937212612440613,0,0.0129354124941532,0,0,0,0,0,0,0,0,0,0,0,0,0,0,0,0,0,0,0,0,0,0,0,0,0,0,0,0,0,0,0,0,0,0,0,0,0,0,0,0,0,0,0,0,0,0.00295755739983831,0,0.00166633516877784,0,0,0,0.00743762763751061,0,0.000687955568230827,0,0,0,0,0,0,0,0,0,0,0,0,0,0,0,0,0,0,0,0,0,0,0,0,0
0,0,0,0,0,0,0.0171929958942756,0,0,0,0,0,0,0,0,0,0,0,0,0,0,0,0,0,0,0,0,0,0,0,0,0,0,0,0,0,0,0,0,0,0,0,0,0,0,0,0,0,0,0,0,0,0,0,0,0,0.00363425596600635,0,0.000984796342824116,0,0,0,0,0,0,0,0,0,0,0,0,0,0,0,0,0,0,0,0,0,0,0,0,0,0,0,0
0,0,0,0,0,0,0,0.0235722780987993,0,0,0,0,0,0.0014714631703917,0,0,0,0,0,0,0,0,0,0,0,0,0,0,0,0,0,0,0,0,0,0,0,0,0,0,0,0,0,0,0,0,0,0,0,0,0,0.00295755739983831,0,0,0,0,0,0,0,0,0,0,0,0,0,0,0,0,0,0,0,0,0,0,0,0,0,0,0,0,0,0,0,0,0,0,0
0.0399374486913301,0.000130617469824359,0.000893856427280084,0,0,0,0,0,0.0492166696563483,6.48830042866123e-05,0,0,0,0,0.000692883690646465,0,0.0034227685524153,0.000707144457665644,0.000493247026459486,0,0,0,0,0,0.00549934817222178,0,0,0,0,0,0,0,0,0,0,0,0,0,1.82999546700752e-05,4.08403105913802e-05,0,0,0.000119672757458509,0,0,0,0,0,0.0015206944463532,0,0,0,0,0,0,4.40127126557744e-05,0,0,0,0,0.000339305653505834,0,0,0,0,0,0,5.64873800726587e-05,0,0.000241356390259465,0,0,0,0,0,0,0,0,0,5.75966459212123e-06,0,2.5331151445533e-06,0.000486572113987968,1.44788371067898e-05,0.000182665661378681,0,0.000202469700214101
0,0.0355330974073675,0,0.0164853470464654,0,0.0110356613783438,0,0,0.000275238905985617,0.128997770907056,0,0,0,0,0,0.0234124382760412,0.000269192969939244,0.00241462140644106,0.000259016250628,0,0,0,0,0.0170140028862532,0,0,0,0,0,0,0,0,0,0,0,0,0,0,0,0,0,0.000173815768547974,0,0,0,0,0,0,0,0.00186435654216939,0,0.00166633516877784,0,0,4.40127126557744e-05,0,0,4.48990534988934e-05,0,0.000675972395748937,0,0.000635697718449658,0,0,0,0,0,0,0,0,0,0,0,0,0,0,0,0,0,0,0,0,0.000245834297752399,1.93259174117096e-05,0.00094173725057101,0,0
0.000330222458481543,0,0.00112556826789961,0,0.000234122486706252,0,0.000827256731706555,0,0.000210698655081719,0,0.0518712638905118,0,4.2246680095559e-05,0,0,0,1.95035647530155e-06,0,2.74959391904142e-05,0,0.00443701100580067,0,0,0,0.00010947766272046,0,0,0,0,0,0.00104275259309045,0,0,0,6.5848470132593e-06,0,2.93611676463218e-05,0,8.08980373701779e-05,0,2.18215870489402e-05,1.03520335345997e-05,0.00163642643584875,0,0.000122760845893284,0,0.000499241680903952,6.49209420604975e-05,0.00613910044238065,0,0.00013096242713552,0,0.00363425596600635,0,0,0,0,0,0.00466479056337869,0,0.00105319931202958,0,0,0.00824894548391958,0,0,0,0.000297698674852536,0,0,0,0.00593916443534572,0,0.0337896474541054,0,0,0,0,0,4.93257921917783e-05,0,0.000132439276650535,0.000143703965569122,0,0.00888542127070531,0,0.000304819285013372
0,0.000527501501435793,0,0.0085578741978998,1.13804312629456e-05,0.000729473757416431,0,0,0,0,0,0.0576968141856656,0,0,0,0,1.47444232239501e-05,3.32610779276354e-05,0.000235587598571513,0.00125658506709855,0,0,0,0,0,0,0,3.25335495290346e-05,0,0.000894021939968912,0,0,0,0,0,6.96661967482999e-06,0,0.00173699777154801,0,0.000702028149275372,6.23484974092501e-06,0.0141174474509842,3.53668269198544e-05,0.00446078540848621,0,0.00479421465748488,4.68866347930338e-06,0.000342130084786994,1.76921158077338e-05,0.00329867169663637,0,0,0,0,0,4.48990534988934e-05,0,0,0,0.012515760030036,0,0.000399570461832843,0.0214511490413323,7.5542662203543e-06,0,0,0,0,3.0672711871238e-05,0,0.0180986972168511,0,0.0327937034859654,0,0,0,0,0,0.000416346870434383,8.1420424377652e-06,0.000603651607045188,0,4.92293809667038e-05,0,0.00944041457575242,0.00485356844088683,0
0,0,0.000134872918921199,0,0,0,0,0,0,0,0.00113108529963752,0,0.00679625440081099,0,0.000256426690611988,0,4.10822963340223e-05,0,0,0,0,0,0,0,4.80591971182363e-05,0,0,0,2.5973356664994e-05,0,0,0,0,0,0,0,0,0,0,0,0,0,2.48293674865585e-05,0,0,0,0,0,0.000218896301904827,0,0,0,0.000984796342824116,0,0,0,0.00466479056337869,0,0,0,0.00273150776256666,0,0,0,0,0,0,0.000238367775773276,0,0.00303887170100556,0,0,0,0,0,0,0,0,0,0,0,0,9.99637281522375e-07,0,3.84522606919482e-05,0,0
0,0.00206725665672509,0,0.00117370707625894,0,0.00335879476554447,0,0,0,0,0,0,0,0.00636064058746909,0,0.00192090260544963,0,0,0,0,0,0,0,0,0,0,0,0,0,0,0,0,0,0,0,0,0,0,0,0,0,0,0,0,0,0,0,0,0,0.00193961055706768,0,0.00743762763751061,0,0,0,0.000675972395748937,0,0.012515760030036,0,0,0,0.000188462003116962,9.2694941352335e-05,0,0,0,0.000219904360741438,0,0.00278307923774768,0,0.00800693887234063,0,0,0,0,0,0,0,0,0,0,0,0,0,0.00125676604220056,0,0
0.000445895074082433,0,0.0116220290426549,0,0,0,0,0,0.0022145586826064,0,0,0,0.00272702665476328,0,0.0149084396861967,0,0.00800637449628976,0.000166234689501278,0.000158845509560213,0,0,0,0,0,0.000596119453436595,0,0.00573432556117164,0,3.12479918409389e-05,0,0,0,0,0,0,0,0,0,0,0,0,0,0.000334012211190977,0,0,5.09043797254328e-05,0,0,0.00146801006127686,0,0.000876662737901455,0,0,0,0.000339305653505834,0,0.00105319931202958,0,0.00273150776256666,0,0,0,0,0,0,0,0,0.00142266871304413,0,0.000370625943342127,0,0,0,0,0,0,0,0,0,0,0,0,0.000186851523628065,0,0.000504371586957249,0,0
0,0.0126488544499965,0,0.000191597793232967,0,0.00139009693993923,0,0,0,0.00793123017793569,0,0,0,0.000419837240009956,0,0.0297042099864654,0,0.000690286232395417,1.13501466574048e-05,0,0,0,0,0,0,7.00400566836239e-05,0,0,0,0,0,0,0,0,0,0,0,0,0,0,0,0,0,0,0,0,0,0,0,0.00738152235774958,0,0.000687955568230827,0,0,0,0.000635697718449658,0,0.000399570461832843,0,0.000188462003116962,0,0,0,0,0,0,0,0,0.000350803099820259,0,7.58930467144453e-05,0,0,0,0,0,0,0,0,0,0,0,4.63413797928315e-05,4.57681214045283e-06,0.000344133051792309,0,0
0,0,0,0.000948098571197885,0,0.0066066170691171,0,0,0,0,0,0.000746639105417279,0,0,0,0,6.44760721945747e-06,4.29296097915501e-05,0.000218957491496923,0.0227659310741324,0,0,0,0,0,0,0,0,0,0.000116689959751852,0,0,0,0,0,0.000753625624142573,0,0.000931654202914792,0,0.00646366441940543,4.86389895810655e-06,0.0132723866932449,2.74333117284548e-05,4.41104800350347e-05,0,0.0180172843130786,0,0.000179233182882767,0,0.000486064602735775,0,0,0,0,0,0,0,0.0214511490413323,0,9.2694941352335e-05,0,0,0,0,0,0,0,0,0,0,0.00164343623396077,0,0.0158300743255361,0,0,0,0,0,0.0266510316610259,3.12935490847054e-05,0.0083892714781176,1.9619701264801e-06,0.000974121093191027,0,0.0183717491555376,0.000756636120885966,0
0,0,2.02159134522328e-05,1.03953579666629e-05,0.0269981026572058,5.74678030230755e-06,0,0,0,0,0.000301215426140619,0,0,0,0,0,0.000156059892953091,5.99998963924579e-05,0.000614898689846656,0,0.0302491956448839,0,0,0,0,0,0,0,0,0,4.49600894355568e-05,0,2.55546296749343e-05,0,5.72339566664351e-05,0,0.000748576998421142,0,8.62844159718949e-05,0.000228395563908479,0.00640009846463746,0.000156482972124994,0.0198638517661232,0,0.000428615232885968,5.43592823189025e-05,0.0316130588267122,0.000712635784285455,0.00338268173565077,0.000141444297076391,0.000196728518460104,0,0,0,0,0,0.00824894548391958,7.5542662203543e-06,0,0,0,0,0,0,0,0,0,0,0,0,0,0,1.78082567138299e-05,0.024482775965938,0,0,0,4.12928434875415e-05,3.5769004158923e-05,0.0266418003281304,1.76406911684351e-05,0.00665098443366756,0.000359683767311268,0,0.0279990840526782,3.88600839281682e-05,0.00146920272230301
