0,0,125.071000471711,0,16.7115904688835,0,0,0,434.125853583217,0,0,0,0,0,16.5321513414383,0,5.69412213563919,1.58490097522736,12.3949603438377,0,0,0,0,0,0,0,0,0,0,0,0,0,0,0,0,0,0.828567445278168,0,2.04641512036324,0,0,0,46.2420119941235,0,0,0,0,0,648.044676095247,0,12.2829247117043,0,0,0,523.759402781725,0,27.9918715804815,0,3.90897530317307,0,106.750263363123,0,0,0,0,0,0,0,0,10.0730588138103,0,0,0,1.09706974029541,0,0,0,0,0,30.8368505239487,0,6.63241758942604,381.671838253736,2.02305001020432,266.438186615705,0,0
0,0,0,53.3723277002573,0,6.06546995043755,0,0,0,446.482217535377,0,0,0,0,0,1.99329847097397,0.178298562765121,0,4.58743463456631,0.596470773220062,0,1.01960161328316,0,37.1284475922585,0,1.54375576972961,0,0,0,0,0,0,0,0,0,0.771758139133453,0,50.9631840586662,0,5.60294009745121,0,136.719736278057,0,0,0,0.194885745644569,0,0,0,569.765664473176,0,0,0,0,0,178.488825052977,0,2.28304785490036,0,5.02776062488556,0,44.7240190804005,2.35335870832205,0,0.281060725450516,0,28.5015483498573,0,28.0644587874413,0,5.07758206129074,0,0.548404470086098,0,0,0,0,0,13.7539102584124,0,50.0368800908327,0,276.123105093837,4.02336949110031,285.453635498881,1.12925350666046,0
125.071000471711,0,0,0,173.235221743584,0,0,0,99.3113453835249,0,0,0,0,0,0,0,0,0,0,0,0,0,0,0,0,0,0,0,0,0,0,0,0,0,0,0,23.1594038009644,0,0,0,0,0,0.319245725870132,0,0,0,0,0,14.3436267077923,0,1.65642297267914,0,0,0,21.012045994401,0,4.65412712097168,0,8.75383329391479,0,0,0,0,0,0,0,0,0,0,0,0,0,0,0,0,0,0,0,0,0,0,0,333.516476169229,1.16392806172371,143.714579537511,0,0
0,53.3723277002573,0,0,0,272.262047052383,0,0,0,130.293640181422,0,0,0,0,0,0,0,0,0.457135573029518,0.276892840862274,0,0,0,0.813319563865662,0,0,0,0,0,0,0,0,0,0,0,19.9425266087055,0,1.5135395526886,0,30.6361105591059,0,72.5863210856915,0,0.290733128786087,0,36.523419007659,0,0.394850522279739,6.97872474789619,163.653887465596,0,41.5436222702265,0,0,0,100.3907866925,0,12.4355789870024,0,48.3207759708166,0,103.838391423225,4.00327785313129,0,0,0,1.42808772623539,0,2.77022048830986,0,23.4353104829788,0,7.64715602993965,0,0,0,0,0,6.06700819730759,0,5.18900042772293,0,580.804154440761,6.20201970636845,597.592759594321,2.52705979347229,0
16.7115904688835,0,173.235221743584,0,0,0,0,0,9.3810795545578,0,0,0,0,0,0,0,0,0,0,0,21.1468003094196,0,0,0,0,0,0,0,0,0,0,0,0,0,0,0,0.281813591718674,0,0,0,0,0,0.705046832561493,0,0,0,3.80371618270874,0,0,0,52.9440359473228,0,0,0,19.0691687762737,0,3.65393140912056,0,3.29291307926178,0,0,0,0,93.3013796806335,0,0,0,0,0,0,0,0.262651354074478,0,2.05451616644859,0,0,0,0,0,0,0,1.86896568536758,280.573194518685,0,515.558716654778,0,0
0,6.06546995043755,0,272.262047052383,0,0,0,42.3547476530075,0,129.441360205412,0,0,0,19.9662303924561,0,9.14179271459579,0,0,0,117.4317779392,0,0,0,0,0,0,0,0,0,0,0,0,0,0,0,1.15642529726028,0,0,0,1.76026099920273,0,1.56891453266144,0,0,0,2.28773775696754,0,0,0,16.7299135327339,0,688.270452722907,0,3.25883501768112,0,16.7744500637054,0,86.296685397625,0,0.601414263248444,0,5.68085885047913,24.9809286892414,0,0,0,0,0,0,0,2.04308067262173,0,0,0,0,0,0,0,1.37515716254711,0,0,0,1989.79286293685,16.4886440038681,207.101206630468,0,0
0,0,0,0,0,0,0,0,0,0,9.57179898023605,0,0,0,0,0,0,0,0,0,1.46724954247475,0,0,0,0,0,0,0,0,0,0,0,0,0,0,0,9.24691036343575,0,0,0,0,0,0,0,0,0,0,0,0,0,0,0,176.611546337605,0,0,0,6.24307742714882,0,0,0,0,0,0,2.80565792322159,0,0,0,0,0,0,0,0,0,0,0,0,0,0,0,0,0,0,258.973187044263,0,0,0,0
0,0,0,0,0,42.3547476530075,0,0,0,0,0,0,0,0,0,0,0,0,0,8.9965968132019,0,0,0,0,0,0,0,0,0,0,0,0,0,0,0,0,0,0,0,0,0,0,0,0,0,0,0,0,0,0,0,27.6976497173309,0,372.876973122358,0,0,0,21.770813703537,0,8.60047245025635,0,0,8.90932875871658,0,0,0,0,0,0,0,0,0,0,0,0,0,0,0,0,0,0,0,622.278935790062,43.0032606720924,0,0,0
434.125853583217,0,99.3113453835249,0,9.3810795545578,0,0,0,0,0,0,0,0,0,222.33564889431,0,876.858683355153,88.9418193846941,72.8561033755541,0,0,0,2.63319171965122,0,12.3586857020855,0,69.0342119932175,0,0.336759358644485,0,0,0,0,0,0,0,0,0,29.9284262508154,0,0,0,2.0688338726759,0,0,0,3.35528993606567,0,76.2675336301327,0,14.0445908606052,0,0,0,1008.59805075824,0,5.41813105344772,0,3.13511896133423,0,69.3891047090292,0,0,1.11021256446838,0,0,0,30.4324840158224,0,193.945849180222,0,0,0,0,0,0,0,0,0.236922368407249,0.731290221214294,0,17.6462168246508,525.470343321562,16.6052660048008,77.0521746426821,0,2.0027676820755
0,446.482217535377,0,130.293640181422,0,129.441360205412,0,0,0,0,0,0,0,0,0,243.261389493942,0,35.5975959300995,13.8396117687225,0,0,0,0,433.038096055388,0,133.110854640603,0,0,0,0,0,0,0,0,0,0.242166116833687,0,57.824754178524,0,0,0,54.820951461792,0,0,0,2.21462845802307,0,0,0,159.469220921397,0,28.6297211647034,0,0,0,448.18583060801,0,1.17782604694366,0,3.52076134085655,0,16.5004885792732,0.597268730401993,0,0,0,122.185644716024,0,41.5551222711802,0,0.584117278456688,0,0,0,0,0,0,0,0,0,12.1876224577427,0,1093.42414471507,5.44482909142971,197.142026141286,1.86151117086411,0
0,0,0,0,0,0,9.57179898023605,0,0,0,0,0,117.928481698036,0,0,0,0,0,0,0,51.5067721605301,0,0,0,0,0,0,0,0,0,0,0,0,0,0,0,8.43497014045715,0,296.642080560327,0,0,0,0,0,0,0,0,0,0,0,0,0,0,0,0,0,1073.61285316944,0,52.8544144034386,0,0,0,0,23.5880113840103,0,0,0,0,0,0,0,0,0,51.796124368906,0,0,0,0,0,0,0,0,326.367469936609,0,0.918666243553162,0,0
0,0,0,0,0,0,0,0,0,0,0,0,0,256.405913367867,0,0,0,0,0,257.97168174386,0,0,0,0,0,0,0,19.7451855540276,0,40.8775033354759,0,0,0,0,0,0,0,100.638577833772,0,0,0,0,0,0,0,0,0,0,0,0,0,0,0,3.77136635780334,0,0,0,1189.12733033299,0,109.86866773665,0,0,40.3798406869173,0,0,0,0,0,0,0,9.69759403169155,0,72.5032798349857,0,0,0,0,0,0,0,124.136227577925,0,443.771465420723,0,0,0,0
0,0,0,0,0,0,0,0,0,0,117.928481698036,0,0,0,0.377000868320465,0,9.5580980181694,0,0,0,0,0,0,0,0,0,0,0,0.748004794120789,0,0,0,0,0,0,0,0,0,0,0,0,0,0,0,0,0,0,0,0,0,0,0,0,0,0,0,0,0,161.198542237282,0,0,0,0,0,0,0,0,0,0,0,0,0,0,0,0,0,0,0,0,0,0,0,1.09251126646996,0,0,0,0
0,0,0,0,0,19.9662303924561,0,0,0,0,0,256.405913367867,0,0,0,4.42075487971306,0,0,0,0,0,0,0,0,0,0.312671542167664,0,26.0402343273163,0,0,0,0,0,0,0,0,0,0,0,0,0,0,0,0,0,0,0,0,0,0,0,0,0,0,0,0,0,2.45341719686985,0,710.48507155478,0,67.1638208031654,0,0,0,0,0,0,0.197402462363243,0,0,0,0,0,0,0,0,0,0,0,0,0,27.0799787044525,1,0,0,0
16.5321513414383,0,0,0,0,0,0,0,222.33564889431,0,0,0,0.377000868320465,0,0,0,324.851911380887,15.0140793025494,7.49654769897461,0,0,0,0,0,0,0,0,0,0.38782149553299,0,0,0,0,0,0,0,0,0,0,0,0,0,0,0,0,0,0,0,0.250019967556,0,0,0,0,0,350.880973041058,0,0,0,1,0,18.0792364925146,0,0,0,0,0,0,0,0,6.00675821304321,0,0,0,0,0,0,0,0,0,0,0,0,126.960162088275,44.1772086322308,0,0,0
0,1.99329847097397,0,0,0,9.14179271459579,0,0,0,243.261389493942,0,0,0,4.42075487971306,0,0,0,0.401137351989746,0,0,0,0.165154784917831,0,23.3590664118528,0,19.8843650072813,0,0,0,0,0,0,0,0,0,0,0,0,0,0,0,0,0,0,0,0,0,0,0,10.8011248111725,0,0,0,0,0,99.290808826685,0,0,0,43.024237036705,0,222.929667979479,0,0,0.179097771644592,0,0.590827092528343,0,179.028021425009,0,0,0,0,0,0,0,0,0,0,0,0,0,54.3560510575771,4.92072853446007,0,0,0
5.69412213563919,0.178298562765121,0,0,0,0,0,0,876.858683355153,0,0,0,9.5580980181694,0,324.851911380887,0,0,7066.04172363877,4458.69913734496,0,0,0,0,0,138.577351436019,0,5.88729263842106,0,4.48758798837662,0,0,0,0,0,0,0.239547491073608,7.26258184015751,0.20395140349865,10.4986699968576,3.54954677820206,37.4729256182909,8.65333117544651,85.7799669057131,9.19827920198441,5.47802172601223,6.0037107616663,5.68916983902454,0,23.2096713632345,1.53905141353607,0,0,0,0,10.3480349034071,0,0.129297971725464,0,0,0,6.71074312925339,0,4.17373441159725,0.343147188425064,0,0,0,1.64511799812317,0.136656850576401,0,0.344469353556633,0,0,4.72973883152008,0,0,0,0,22.8728196322918,129.75046493113,12.2537593096495,44.4881571829319,15175.2474396974,7077.0062892884,73.2239248603582,0,13.120339140296
1.58490097522736,0,0,0,0,0,0,0,88.9418193846941,35.5975959300995,0,0,0,0,15.0140793025494,0.401137351989746,7066.04172363877,0,3715.44845061749,0,0,143.86868584156,0,89.4938315153122,0,421.783439323306,3.80806863307953,0,0,0,0,0,0,0,0,0,1.42278906702995,1.23284742981195,1.08179342746735,0.641160950064659,5.50429165363312,8.94479650259018,6.51242017745972,2.90776085853577,0.482549279928207,5.11936020851135,0.497600577771664,0,0.215349718928337,0,0,0,0,0,0.269386798143387,0.163216829299927,0,0,0,0,0,0,4.23443679511547,0.254736632108688,33.7907688617706,0,2.28846776485443,0,249.404746413231,0,0,0,0.237398952245712,2.80878800153732,0,0,0,0,13.9044030308723,19.6862363666296,7.80094966292381,7.50468282401562,12407.1900700182,4614.86123941839,18.7388304769993,0.554821103811264,0.598349571228027
12.3949603438377,4.58743463456631,0,0.457135573029518,0,0,0,0,72.8561033755541,13.8396117687225,0,0,0,0,7.49654769897461,0,4458.69913734496,3715.44845061749,0,7.18732193112373,0,0.316374182701111,0,0,0,0,4.84892264008522,0,0,0,0,0,0,0,0,55.3383826240897,47.4643443822861,63.2869457006454,61.5376188308001,238.099486604333,230.657675504684,1482.32030208409,1038.67439496517,213.543538406491,120.83946467936,64.2074474096298,49.2070459127426,0,200.101188525558,75.7925397306681,0,0,0,0,0,4.43637049198151,4.22992303967476,0.741361647844315,0,0.279241383075714,3.1032133102417,2.15160202980042,222.865669220686,5.10042344033718,0,0,1.1233537197113,0,7.91017390787601,0,110.817475564778,8.39855496585369,149.684361845255,93.2356937378645,0,0.601017594337463,0,0,936.192838035524,1022.42290772498,862.90128339082,491.152516424656,10801.20127891,1104.22445174307,1886.35729791224,100.935547888279,98.3990692049265
0,0.596470773220062,0,0.276892840862274,0,117.4317779392,0,8.9965968132019,0,0,0,257.97168174386,0,0,0,0,0,0,7.18732193112373,0,0,0,0,0,0,0,0,0,0,0.790925800800323,0,0,0,0,0,1153.21404394507,0,401.984214931726,0,2.93586249649525,0,3.83922159671783,0,0,0,48.5911809206009,0,0,0.342271864414215,4.77716171741486,0,0,0,0,0,0,0,307.633305311203,0,0,0,0,994.637903571129,0,0,0,0,0,0,0,0,0,1.3599112033844,0,0,0,0,0,300.310097917914,0,128.416794732213,0,313.358897507191,0,194.137221634388,0,0
0,0,0,0,21.1468003094196,0,1.46724954247475,0,0,0,51.5067721605301,0,0,0,0,0,0,0,0,0,0,0,0,0,0,0,0,0,0,0,0,0,0,0,0,0,336.168913036585,0,104.162258446217,0,3.26922580599785,0,0,0,0,0,54.8123494982719,0,0,0,0,0,0,0,0,0,26.1504547894001,0,0,0,0,0,0,797.657106384635,0,0,0,0,0,0,0,0,0,73.8881850838661,0,0,0,0,0,773.500832498074,0,41.8642306923866,483.22882476449,29.2929169535637,32.118607878685,0,0
0,1.01960161328316,0,0,0,0,0,0,0,0,0,0,0,0,0,0.165154784917831,0,143.86868584156,0.316374182701111,0,0,0,8.78555679321289,263.814757466316,0,105.299872219563,0,254.738044932485,0,0,0,0,0,0,0,0,0,525.247138753533,0,0,0,0,0,0,0,0,0,0,0,65.079182446003,0,0,0,0,0,0,0,0,0,0,0,0.804037868976593,0.417319238185883,0,6784.16024547815,0,239.468129441142,0,185.064835935831,0,224.216233879328,0,0,0,0,0,0,0,0.18647937476635,0,134.215774595737,0,753.839408054948,497.115683138371,3.83875234425068,0,0
0,0,0,0,0,0,0,0,2.63319171965122,0,0,0,0,0,0,0,0,0,0,0,0,8.78555679321289,0,0,508.285306364298,0,204.43119058013,0,71.4074544608593,0,0,0,0,0,0,0,0,0,1477.01736357808,0,0,0,0,0,0,0,0,0,10.1033985465765,0,0,0,0,0,4.96135158836842,0,0,0,0,0,0,0,0,0,0,4310.45037990808,0,94.7381626665592,0,17.9487219452858,0,109.89395545423,0,0,0,0,0,0,0,0,0,313.135275930166,597.910148501396,30.8604031503201,0,0,0
0,37.1284475922585,0,0.813319563865662,0,0,0,0,0,433.038096055388,0,0,0,0,0,23.3590664118528,0,89.4938315153122,0,0,0,263.814757466316,0,0,0,605.890475973487,0,0,0,0,0,0,0,0,0,0,0,361.872792333364,0,0,0,3.25752830505371,0,0,0,0.180539563298225,0,0,0,8.79535503685474,0,0,0,0,0,274.723601251841,0,0,0,0.387666404247284,0,46.8669503480196,0.154655858874321,0,213.768771350384,0,573.132231533527,0,457.969810992479,0,0,0,0,0,0,0,0,0,0,0,370.581968545914,0,715.739470660686,5.9457893371582,16.6902402639389,0,0
0,0,0,0,0,0,0,0,12.3586857020855,0,0,0,0,0,0,0,138.577351436019,0,0,0,0,0,508.285306364298,0,0,0,315.335969522595,0,0,0,0,0,0,0,0,0,0,0,342.740728124976,0,0,0,2.02982804179192,0,0,0,0,0.734507203102112,18.4772149920464,0,0,0,0,0,41.1826311945915,0,0,0,0,0,2.89571064710617,0,0,0,0,309.722007468343,0,1093.39234164357,0,259.697029531002,0,0,0,0,0,0,0,0,0,0,0,284.915985137224,527.817556858063,3.71720887720585,5.98469698429108,0,0
0,1.54375576972961,0,0,0,0,0,0,0,133.110854640603,0,0,0,0.312671542167664,0,19.8843650072813,0,421.783439323306,0,0,0,105.299872219563,0,605.890475973487,0,0,0,29.8957333862782,0,0,0,0,0,0,0,0,0,21.6136907637119,0,0,0,0,0,0,0,0,0,0,0,0.846940159797668,0,0,0,0,0,13.6467254459858,0,0,0,7.71508122980595,0,13.9729250818491,0.532335191965103,0,18.6432270407677,0,16.0072659254074,0,1508.9066298753,0,51.8197720348835,0,0,0,0,0,0,0,0,0,90.3296433091164,0,176.324347808957,0,2.05145914852619,0,0
0,0,0,0,0,0,0,0,69.0342119932175,0,0,0,0,0,0,0,5.88729263842106,3.80806863307953,4.84892264008522,0,0,0,204.43119058013,0,315.335969522595,0,0,0,35.0403020977974,0,0,0,0,0,0,0,0,0,2.24778997898102,0,0,0,0,0,0,0,0,0,0,0,0,0,0,0,0,0,0,0,0,0,0,0,0,0,0,155.9805149436,0,82.5641379058361,0,603.885797321796,0,407.644540458918,0,0,0,0,0,0,0,0,0,5.59148168563843,93.6133805066347,0,0,0,0
0,0,0,0,0,0,0,0,0,0,0,19.7451855540276,0,26.0402343273163,0,0,0,0,0,0,0,254.738044932485,0,0,0,29.8957333862782,0,0,0,138.179307669401,0,0,0,0,0,0,0,33.3153494596481,0,0,0,0,0,0,0,0,0,0,0,0,0,0,0,0,0,0,0,0,0,18.4807018041611,0,0,0,0,151.835389077663,0,0,0,23.8221516609192,0,2072.42364628613,0,97.7543849796057,0,0,0,0,0,0,0,2.11275601387024,0,154.406817376614,3.64856138825417,0,0,0
0,0,0,0,0,0,0,0,0.336759358644485,0,0,0,0.748004794120789,0,0.38782149553299,0,4.48758798837662,0,0,0,0,0,71.4074544608593,0,0,0,35.0403020977974,0,0,0,76.8160637766123,0,0,0,0,0,0,0,4.40569829940796,0,0,0,0,0,0,0,0,0,0,0,0,0,0,0,0,0,0,0,0,0,0,0,0,0,0,3.18445312976837,0,0,0,3.44517412781715,0,691.644955173135,0,35.4274972677231,0,0,0,0,0,0,0,0,20.9436593800783,0,0,0,0
0,0,0,0,0,0,0,0,0,0,0,40.8775033354759,0,0,0,0,0,0,0,0.790925800800323,0,0,0,0,0,0,0,138.179307669401,0,0,0,0,0,0,0,0,0,230.101596683264,0,0,0,0,0,0,0,0,0,0,0,0,0,0,0,0,0,0,0,68.7915515303612,0,0,0,0,0,0,0,0,0,0,0,0,9.12844449281693,0,41.8652560561895,0,0,0,0,0,0,0,75.1432552933693,0,135.747129917145,0,0,0,0
0,0,0,0,0,0,0,0,0,0,0,0,0,0,0,0,0,0,0,0,0,0,0,0,0,0,0,0,76.8160637766123,0,0,0,0,0,0,0,0,0,22.4450325965881,0,0,0,0,0,0,0,0,0,0,0,0,0,0,0,0,0,83.6907519549131,0,0,0,0,0,0,0,0,0,0,0,0,0,0,131.627504140139,0,228.001055717468,0,0,0,0,0,0,0,0,67.6740424633026,0,0,0,0
0,0,0,0,0,0,0,0,0,0,0,0,0,0,0,0,0,0,0,0,0,0,0,0,0,0,0,0,0,0,0,0,300.466072380543,37.1782894134521,8.71287798881531,339.377901732922,5.57149156928062,0,0,0,0,0,0,0,0,0,0,1029.49325668812,0,4.78739762306213,0,0,0,0,0,0,0,0,0,0,0,0,0,0,0,0,0,0,0,0,0,0,0,0,2960.24084188044,300.129722744226,11.6807833909988,19.0647677183151,283.5375572294,0,0,0,267.89355546236,0,0,0,0
0,0,0,0,0,0,0,0,0,0,0,0,0,0,0,0,0,0,0,0,0,0,0,0,0,0,0,0,0,0,0,300.466072380543,0,0,182.93969194591,8.33516538143158,484.52248352766,0,0,0,0,0,0,0,0,0,0,1431.50482918322,0,0,0,0,0,0,0,0,0,0,0,0,0,0,0,0,0,0,0,0,0,0,0,0,0,0,99.3533433377743,5689.83120040596,0,111.805332377553,4.38816201686859,112.267787635326,0,0,324.163077369332,0,0,0,0
0,0,0,0,0,0,0,0,0,0,0,0,0,0,0,0,0,0,0,0,0,0,0,0,0,0,0,0,0,0,0,37.1782894134521,0,0,679.034269541502,170.139023885131,0,338.347783267498,0,0,0,0,0,0,0,0,0,1074.16206614673,0,33.3819643557072,0,0,0,0,0,0,0,0,0,0,0,0,0,0,0,0,0,0,0,0,0,0,0,0,21.6135582923889,0,1879.06134313345,133.871022105217,108.173184216022,0,228.745415374637,0,90.3515037298203,0,0,0,0
0,0,0,0,0,0,0,0,0,0,0,0,0,0,0,0,0,0,0,0,0,0,0,0,0,0,0,0,0,0,0,8.71287798881531,182.93969194591,679.034269541502,0,0,621.324920281768,0,199.40209133178,0,0,0,0,0,0,0,0,4281.25892414153,78.0438429564238,0,0,0,0,0,0,0,0,0,0,0,0,0,0,0,0,0,0,0,0,0,0,0,0,0,0,30.3707335740328,161.327056437731,2765.33379501104,0,110.033147729933,0,177.388811893761,471.9096570611,0,5.78745414316654,0,0
0,0.771758139133453,0,19.9425266087055,0,1.15642529726028,0,0,0,0.242166116833687,0,0,0,0,0,0,0.239547491073608,0,55.3383826240897,1153.21404394507,0,0,0,0,0,0,0,0,0,0,0,339.377901732922,8.33516538143158,170.139023885131,0,0,91.6388109326363,662.694144561887,0,28.0087765455246,0,63.1720987036824,0.569008871912956,17.3361737579107,0,143.787700980902,0,149.082751259208,0,40.4976473450661,0,0,0,0,0,0,0,0.560421049594879,0,0,0,0.210039153695107,662.102058850229,0,0.128007471561432,0,0,0,0.774450540542603,0,1.81755813211203,0,10.4128439351916,0.303544670343399,48.8385802507401,2.73749327659607,1.60486024618149,0,10904.8793195412,0.0956744104623795,456.230963468552,0,1046.03734057397,2.92207884788513,371.393844850361,0.588112518191338,0
0.828567445278168,0,23.1594038009644,0,0.281813591718674,0,9.24691036343575,0,0,0,8.43497014045715,0,0,0,0,0,7.26258184015751,1.42278906702995,47.4643443822861,0,336.168913036585,0,0,0,0,0,0,0,0,0,0,5.57149156928062,484.52248352766,0,621.324920281768,91.6388109326363,0,0,1142.97013559192,0,20.1223728880286,0,104.168585881591,0,7.16346183419228,0,140.900372803211,134.149669773877,13.776494666934,2.73088651895523,0,0,0,0,0,0,1.0182673484087,0,0,0,0,0,2.32446736097336,304.002255417407,0,0,0,0,0,0,0,1.21736323833466,0.47294557094574,3.99563467502594,0,152.271861940622,0,349.370913870633,17.181889295578,8138.69117484242,0,411.964772440493,1552.41698366404,5.84188091754913,329.205314278603,0,4.24098658561707
0,50.9631840586662,0,1.5135395526886,0,0,0,0,0,57.824754178524,0,100.638577833772,0,0,0,0,0.20395140349865,1.23284742981195,63.2869457006454,401.984214931726,0,525.247138753533,0,361.872792333364,0,21.6136907637119,0,33.3153494596481,0,230.101596683264,0,0,0,338.347783267498,0,662.694144561887,0,0,11,11.3694778233767,0.129096478223801,114.212995871902,1.77035069465637,7.25990292429924,0,87.1350981891155,0,654.235537812114,0,550.486868947744,0,0,0,0,0,6.30337819457054,0,0,0,0.795258224010468,0,2.42566347122192,260.65647533536,0,488.797389224172,0,471.997293129563,0,16.2307008802891,0,2.30104517936707,0,37.6832080036402,0,0,0,40.0923838913441,0,629.353256560862,0,15633.4229129851,1.43922755122185,1591.76938855648,195.010569125414,182.250684782863,0.588565766811371,0
2.04641512036324,0,0,0,0,0,0,0,29.9284262508154,0,296.642080560327,0,0,0,0,0,10.4986699968576,1.08179342746735,61.5376188308001,0,104.162258446217,0,1477.01736357808,0,342.740728124976,0,2.24778997898102,0,4.40569829940796,0,22.4450325965881,0,0,0,199.40209133178,0,1142.97013559192,11,0,0.153725370764732,10.7170623540878,0.49320250749588,88.0151893794537,0,8.67902107536793,0,44.7746407240629,1169.09381162375,362.468645989895,0.0998606458306313,0,0,0,0,148.129877567291,0,100.930331528187,0,0,0,0,0,0.149360328912735,73.337036408484,0,276.603085562587,0,455.163248002529,0,0,0.152252644300461,22.7706959843636,0,84.6238335296512,0,0,0,29.7851246297359,0.331102684140205,844.997408002615,0.743934124708176,10437.1804568842,2372.74522763491,172.34056917578,102.175281822681,0,6.82284565269947
0,5.60294009745121,0,30.6361105591059,0,1.76026099920273,0,0,0,0,0,0,0,0,0,0,3.54954677820206,0.641160950064659,238.099486604333,2.93586249649525,0,0,0,0,0,0,0,0,0,0,0,0,0,0,0,28.0087765455246,0,11.3694778233767,0.153725370764732,0,0,1276.65344937146,1.22442781925201,57.1089779436588,0,635.491318017244,0.247252628207207,0.53017470240593,2.34880995750427,440.266532078385,0,0,0,0,0,0,0,5.05509378015995,0,0.470710188150406,0,0,94.4131994694471,0,0,0,0,0,10.3835616409779,0,18.0685548186302,0,17.8128658756614,0.218088760972023,0,0,0,0,373.717485353351,0.181316122412682,87.7984915971756,0,87.0431109368801,7.40214641392231,839.846634529531,13.6485812216997,0
0,0,0,0,0,0,0,0,0,0,0,0,0,0,0,0,37.4729256182909,5.50429165363312,230.657675504684,0,3.26922580599785,0,0,0,0,0,0,0,0,0,0,0,0,0,0,0,20.1223728880286,0.129096478223801,10.7170623540878,0,0,2.56086069345474,910.364581987262,0,22.9109143912792,0,621.631151281297,0,196.414421051741,3.42542415857315,0,0,0,0,0,0,3.15120419859886,0,0,0,0,0,0.906301751732826,113.88056255877,0,0,0,0,0,0,0,1.567637398839,0,17.9185346439481,0,0,0,0,1.7026899009943,404.334312729537,0.709881782531738,79.9592241942883,152.582839421928,30.7072847038507,581.86895275861,0,12.1429776251316
0,136.719736278057,0,72.5863210856915,0,1.56891453266144,0,0,0,54.820951461792,0,0,0,0,0,0,8.65333117544651,8.94479650259018,1482.32030208409,3.83922159671783,0,0,0,3.25752830505371,0,0,0,0,0,0,0,0,0,0,0,63.1720987036824,0,114.212995871902,0.49320250749588,1276.65344937146,2.56086069345474,0,250.222265422344,146.769765079021,0,201.236076377332,0.693257391452789,70.9915306270123,0,564.876761086285,0,0,0,0,0,9.54278686642647,0,2.49666902422905,0,8.45021122694016,0,2.73988465964794,988.077635869384,0,0.143925726413727,0,0.454031676054001,0,13.0415876433253,0,35.6387721821666,0,36.8209246918559,0,0,0,0,0,2173.97465002537,4.65365295112133,613.476620398462,5.76133467257023,2001.62414713204,23.0703319907188,3280.39291997999,493.445832282305,0.505779027938843
46.2420119941235,0,0.319245725870132,0,0.705046832561493,0,0,0,2.0688338726759,0,0,0,0,0,0,0,85.7799669057131,6.51242017745972,1038.67439496517,0,0,0,0,0,2.02982804179192,0,0,0,0,0,0,0,0,0,0,0.569008871912956,104.168585881591,1.77035069465637,88.0151893794537,1.22442781925201,910.364581987262,250.222265422344,0,2.27572721242905,163.12039797008,0.820019438862801,266.465512081981,90.3504397720098,956.231360480189,0.818071752786636,0,0,0,0,1.11182302236557,0,77.6343461275101,0,0,0,0,0,8.18533609807491,146.97661305964,0,0,0,3.86767771840096,0,0,0,100.936443924904,2.86705338954926,207.578421011567,0,0,0,0,15.1045751869678,3775.57545627654,10.3208257257938,597.68267506361,1521.24771523476,77.279064334929,4842.01944093406,2.01336681842804,1179.43816439807
0,0,0,0.290733128786087,0,0,0,0,0,0,0,0,0,0,0,0,9.19827920198441,2.90776085853577,213.543538406491,0,0,0,0,0,0,0,0,0,0,0,0,0,0,0,0,17.3361737579107,0,7.25990292429924,0,57.1089779436588,0,146.769765079021,2.27572721242905,0,0,3.0745827704668,1.07111513614655,0,0.72489832341671,2.68853384256363,0,0,0,0,0,0,0,0,0,0.987806379795074,0,0,33.7004413604736,0,0,0,0,0,0,0,1.08681719005108,0,6.77412533760071,0.126840576529503,0,0,0,0,193.331222012639,1.3376233279705,111.695851802826,0.215062171220779,92.6842155307531,9.67661911249161,315.552279055119,0.361339628696442,0
0,0,0,0,0,0,0,0,0,0,0,0,0,0,0,0,5.47802172601223,0.482549279928207,120.83946467936,0,0,0,0,0,0,0,0,0,0,0,0,0,0,0,0,0,7.16346183419228,0,8.67902107536793,0,22.9109143912792,0,163.12039797008,0,0,0.174072995781898,2.19714626669884,0,17.9115092456341,0,0,0,0,0,0,0,0.947773262858391,0,0,0,0,0,6.98049211502075,3.34910047054291,0,0,0,0,0,0,0,3.08023130893707,1.69484984874725,23.5356745421886,0,0,0,0,0,123.549375027418,0,56.7727216035128,65.1293038129807,8.40394929051399,323.409665375948,0,2.4532333612442
0,0.194885745644569,0,36.523419007659,0,2.28773775696754,0,0,0,2.21462845802307,0,0,0,0,0,0,6.0037107616663,5.11936020851135,64.2074474096298,48.5911809206009,0,0,0,0.180539563298225,0,0,0,0,0,0,0,0,0,0,0,143.787700980902,0,87.1350981891155,0,635.491318017244,0,201.236076377332,0.820019438862801,3.0745827704668,0.174072995781898,0,0,0.305899769067764,10.9015872478485,267.069478563964,0,0,0,0,0,0.464127436280251,0,4.77021451294422,0,0.191724687814713,0,0.440179035067558,785.940166592598,0,0,0,0.912594765424728,0,7.98856411129236,0,13.8359440639615,0,15.9516781494021,0,0,0,0,0,398.737525574863,0.145513847470284,383.069382175803,0,96.4897689670324,4.95237179845572,487.477922037244,0.882323503494263,0
0,0,0,0,3.80371618270874,0,0,0,3.35528993606567,0,0,0,0,0,0,0,5.68916983902454,0.497600577771664,49.2070459127426,0,54.8123494982719,0,0,0,0,0,0,0,0,0,0,0,0,0,0,0,140.900372803211,0,44.7746407240629,0.247252628207207,621.631151281297,0.693257391452789,266.465512081981,1.07111513614655,2.19714626669884,0,0,0.187981799244881,85.3830740749836,1.20918595790863,0,0,0,0,0,0,31.3131193965673,0,0,0,0,0,0,701.690961152315,0,0,0,0,0,0,0,15.9152491390705,0.211340948939323,191.618751749396,0,0,0,0,0.754231512546539,819.222733482718,0,404.564297184348,270.005399174988,36.8816367089748,1391.77794835716,0,13.6899546086788
0,0,0,0.394850522279739,0,0,0,0,0,0,0,0,0,0,0,0,0,0,0,0,0,0,0,0,0.734507203102112,0,0,0,0,0,0,1029.49325668812,1431.50482918322,1074.16206614673,4281.25892414153,149.082751259208,134.149669773877,654.235537812114,1169.09381162375,0.53017470240593,0,70.9915306270123,90.3504397720098,0,0,0.305899769067764,0.187981799244881,0,1612.64200165868,3366.52493935823,0,0,0,0,0,0,0,0,0,0,0,0,0,0,0,0,0,0.764752775430679,0.219090491533279,0,0,0,0,0,390.78077070415,642.986153826118,83.3331761062145,1195.78198239207,596.728700608015,178.112032651901,195.360571190715,101.04884287715,1483.80261102319,7.67724224925041,543.663777649403,0,0
648.044676095247,0,14.3436267077923,6.97872474789619,0,0,0,0,76.2675336301327,0,0,0,0,0,0.250019967556,0,23.2096713632345,0.215349718928337,200.101188525558,0.342271864414215,0,0,10.1033985465765,0,18.4772149920464,0,0,0,0,0,0,0,0,0,78.0438429564238,0,13.776494666934,0,362.468645989895,2.34880995750427,196.414421051741,0,956.231360480189,0.72489832341671,17.9115092456341,10.9015872478485,85.3830740749836,1612.64200165868,0,93.837010383606,0.86946314573288,0,0,0,161.635302037001,0,163.88436844945,0.228876799345016,15.4761930704117,0,77.9352768063545,0,0.459714576601982,57.5607166290283,0,7.94696769118309,0,9.92170390486717,0.319520235061646,4.07986336946487,0.560508161783218,450.75609485805,0.309743106365204,221.53328114748,0,0,0,39.1496674418449,7.80135506391525,180.923438191414,4.03445136547089,548.369877457619,436.029906764627,13.4966240823269,1059.49713557959,0,93.6397106945515
0,569.765664473176,0,163.653887465596,0,16.7299135327339,0,0,0,159.469220921397,0,0,0,0,0,10.8011248111725,1.53905141353607,0,75.7925397306681,4.77716171741486,0,65.079182446003,0,8.79535503685474,0,0.846940159797668,0,0,0,0,0,4.78739762306213,0,33.3819643557072,0,40.4976473450661,2.73088651895523,550.486868947744,0.0998606458306313,440.266532078385,3.42542415857315,564.876761086285,0.818071752786636,2.68853384256363,0,267.069478563964,1.20918595790863,3366.52493935823,93.837010383606,0,0,0,0,0,0,53.7248512506485,0,103.64014711231,0,75.2661587893963,0,323.097435936332,241.322348043323,3.28027120232582,483.20487652719,0,42.727946639061,0,274.808379158378,0,621.290014989674,0,105.558767668903,0,0,0,1.55631446838379,0,894.803331613541,4.99947120249271,812.576849199831,0.51934589445591,645.765104196966,3.01648603379726,1779.59021446854,2.45179578661919,0
12.2829247117043,0,1.65642297267914,0,52.9440359473228,0,0,0,14.0445908606052,0,0,0,0,0,0,0,0,0,0,0,0,0,0,0,0,0,0,0,0,0,0,0,0,0,0,0,0,0,0,0,0,0,0,0,0,0,0,0,0.86946314573288,0,0,0,0,0,16.769422262907,0,0,0,7.60174429416656,0,0,0,0,2.20692670345306,0,0,0,0,0,0,0,0,0,0,0,0,0,0,0,0,0,0,11.2740489840508,0,20.3333852291107,0,0
0,0,0,41.5436222702265,0,688.270452722907,0,27.6976497173309,0,28.6297211647034,0,0,0,0,0,0,0,0,0,0,0,0,0,0,0,0,0,0,0,0,0,0,0,0,0,0,0,0,0,0,0,0,0,0,0,0,0,0,0,0,0,0,0,0,0,0,0,113.481832906604,0,46.5073531866074,0,145.919913947582,9.96047592163086,0,0,0,0,0,0,0,0,0,0,0,0,0,0,0,0,0,0,0,551.034025862813,0.686930775642395,1.86910063028336,0,0
0,0,0,0,0,0,176.611546337605,0,0,0,0,0,0,0,0,0,0,0,0,0,0,0,0,0,0,0,0,0,0,0,0,0,0,0,0,0,0,0,0,0,0,0,0,0,0,0,0,0,0,0,0,0,0,0,0,0,0,0,0,0,0,0,0,0,0,0,0,0,0,0,0,0,0,0,0,0,0,0,0,0,0,0,62.9695773720741,0,0,0,0
0,0,0,0,0,3.25883501768112,0,372.876973122358,0,0,0,3.77136635780334,0,0,0,0,0,0,0,0,0,0,0,0,0,0,0,0,0,0,0,0,0,0,0,0,0,0,0,0,0,0,0,0,0,0,0,0,0,0,0,0,0,0,0,0,0,74.5746476948261,0,0,0,0,0,0,0,0,0,0,0,0,0,0,0,0,0,0,0,0,0,0,0,0,416.92630776763,0,0,0,0
523.759402781725,0,21.012045994401,0,19.0691687762737,0,0,0,1008.59805075824,0,0,0,0,0,350.880973041058,0,10.3480349034071,0.269386798143387,0,0,0,0,4.96135158836842,0,41.1826311945915,0,0,0,0,0,0,0,0,0,0,0,0,0,148.129877567291,0,0,0,1.11182302236557,0,0,0,0,0,161.635302037001,0,16.769422262907,0,0,0,0,0,17.2661562561989,0,30.283488214016,0,216.942211896181,0,0,0,0,0,0,256.027942419052,0,138.910466998816,0,0,0,0,0,0,0,0,0,0,0,160.997422382236,96.6240940243006,0.56977204978466,37.8742518126965,0,0
0,178.488825052977,0,100.3907866925,0,16.7744500637054,0,0,0,448.18583060801,0,0,0,0,0,99.290808826685,0,0.163216829299927,4.43637049198151,0,0,0,0,274.723601251841,0,13.6467254459858,0,0,0,0,0,0,0,0,0,0,0,6.30337819457054,0,0,0,9.54278686642647,0,0,0,0.464127436280251,0,0,0,53.7248512506485,0,0,0,0,0,0,0,0,0,0,0,137.96260599792,0,0,0,0,82.2628775537014,0,10.8707841932774,0,0,0,0,0,0,0,0,0,0,0,6.83571290969849,0,134.514891430736,0.571162462234497,68.5502494424582,0,0
27.9918715804815,0,4.65412712097168,0,3.65393140912056,0,6.24307742714882,0,5.41813105344772,0,1073.61285316944,0,0,0,0,0,0.129297971725464,0,4.22992303967476,0,26.1504547894001,0,0,0,0,0,0,0,0,0,83.6907519549131,0,0,0,0,0,1.0182673484087,0,100.930331528187,0,3.15120419859886,0,77.6343461275101,0,0.947773262858391,0,31.3131193965673,0,163.88436844945,0,0,0,0,0,17.2661562561989,0,0,0,95.1865587830544,0,9.08531504869461,0,0,280.254213094711,0,0,0,0,0,0,0,566.288147807121,0,549.595077291131,0,0,0,0,0,4.55499516427517,0,7.77420336008072,46.5325261503458,0,172.49398624897,0,21.1658669710159
0,2.28304785490036,0,12.4355789870024,0,86.296685397625,0,21.770813703537,0,1.17782604694366,0,1189.12733033299,0,2.45341719686985,0,0,0,0,0.741361647844315,307.633305311203,0,0,0,0,0,0,0,0,0,68.7915515303612,0,0,0,0,0,0.560421049594879,0,0,0,5.05509378015995,0,2.49666902422905,0,0,0,4.77021451294422,0,0,0.228876799345016,103.64014711231,0,113.481832906604,0,74.5746476948261,0,0,0,0,0,223.512212485075,0,101.442669764161,140.278593212366,0,0,0,0,0,45.0194736719131,0,181.571005642414,0,66.7317096740007,0,0,0,0,0,1.39193610846996,0,1.96707592904568,0,258.546145841479,0,402.288557201624,0,0
3.90897530317307,0,8.75383329391479,0,3.29291307926178,0,0,0,3.13511896133423,0,52.8544144034386,0,161.198542237282,0,1,0,0,0,0,0,0,0,0,0,0,0,0,0,0,0,0,0,0,0,0,0,0,0,0,0,0,0,0,0,0,0,0,0,15.4761930704117,0,7.60174429416656,0,0,0,30.283488214016,0,95.1865587830544,0,0,0,58.7266067564487,0,0,0,0,0,0,0,0,0,0,0,0,0,0,0,0,0,0,0,0,0,0,0,0,0,0
0,5.02776062488556,0,48.3207759708166,0,0.601414263248444,0,8.60047245025635,0,3.52076134085655,0,109.86866773665,0,710.48507155478,0,43.024237036705,0,0,0.279241383075714,0,0,0,0,0.387666404247284,0,7.71508122980595,0,18.4807018041611,0,0,0,0,0,0,0,0,0,0.795258224010468,0,0.470710188150406,0,8.45021122694016,0,0.987806379795074,0,0.191724687814713,0,0,0,75.2661587893963,0,46.5073531866074,0,0,0,0,0,223.512212485075,0,0,0,271.326719880104,11.3544514328241,0,0,0,0.47081333398819,0,76.8378831446171,0,6.83894443511963,0,0,0,0,0,0,0,0,0,0,0,202.613416239619,0,107.077597007155,0,0
106.750263363123,0,0,0,0,0,0,0,69.3891047090292,0,0,0,0,0,18.0792364925146,0,6.71074312925339,0,3.1032133102417,0,0,0,0,0,2.89571064710617,0,0,0,0,0,0,0,0,0,0,0,0,0,0,0,0,0,0,0,0,0,0,0,77.9352768063545,0,0,0,0,0,216.942211896181,0,9.08531504869461,0,58.7266067564487,0,0,0,0,0,0,0,0,0,0,0,0,0,0,0,0,0,0,0,0,0,0,0,10.9554073214531,3.8993216753006,0,0,0
0,44.7240190804005,0,103.838391423225,0,5.68085885047913,0,0,0,16.5004885792732,0,0,0,67.1638208031654,0,222.929667979479,0,0,2.15160202980042,0,0,0.804037868976593,0,46.8669503480196,0,13.9729250818491,0,0,0,0,0,0,0,0,0,0.210039153695107,0,2.42566347122192,0,0,0,2.73988465964794,0,0,0,0.440179035067558,0,0,0,323.097435936332,0,145.919913947582,0,0,0,137.96260599792,0,101.442669764161,0,271.326719880104,0,0,24.0061827227473,0,2.02169300615788,0,21.6330612897873,0,286.102309584618,0,6.80116122961044,0,0,0,0,0,0,0,0.873270466923714,0,0.340202033519745,0,9.31691725552082,0,149.948609814048,0,0
0,2.35335870832205,0,4.00327785313129,0,24.9809286892414,0,8.90932875871658,0,0.597268730401993,0,40.3798406869173,0,0,0,0,4.17373441159725,4.23443679511547,222.865669220686,994.637903571129,0,0.417319238185883,0,0.154655858874321,0,0.532335191965103,0,0,0,0,0,0,0,0,0,662.102058850229,2.32446736097336,260.65647533536,0.149360328912735,94.4131994694471,0.906301751732826,988.077635869384,8.18533609807491,33.7004413604736,6.98049211502075,785.940166592598,0,0,0.459714576601982,241.322348043323,0,9.96047592163086,0,0,0,0,0,140.278593212366,0,11.3544514328241,0,24.0061827227473,0,0,0.106682762503624,0,0,0,111.526402227581,0,221.442015811801,0,391.255073979497,1.69889444112778,0,0,0,0,1181.33129928261,6.63672071695328,409.283196084201,0.836024239659309,464.208373576403,23.0304834991693,736.62369582057,0.613217204809189,0
0,0,0,0,93.3013796806335,0,2.80565792322159,0,1.11021256446838,0,23.5880113840103,0,0,0,0,0,0.343147188425064,0.254736632108688,5.10042344033718,0,797.657106384635,0,0,0,0,0,0,0,0,0,0,0,0,0,0,0,304.002255417407,0,73.337036408484,0,113.88056255877,0,146.97661305964,0,3.34910047054291,0,701.690961152315,0,57.5607166290283,3.28027120232582,2.20692670345306,0,0,0,0,0,280.254213094711,0,0,0,0,0,0,0,0,0,0,0,0,0,0,13.8520987331867,0,446.692071288824,0,0,0,0,0,2323.54330906272,0,762.397720977664,591.192760124803,63.1051785349846,1240.36140318215,0,38.0907620191574
0,0.281060725450516,0,0,0,0,0,0,0,0,0,0,0,0,0,0.179097771644592,0,33.7907688617706,0,0,0,6784.16024547815,0,213.768771350384,0,18.6432270407677,0,151.835389077663,0,0,0,0,0,0,0,0.128007471561432,0,488.797389224172,0,0,0,0.143925726413727,0,0,0,0,0,0,0,483.20487652719,0,0,0,0,0,0,0,0,0,0,0,2.02169300615788,0.106682762503624,0,0,0,345.839029461145,0,30.3964389264584,0,399.703108549118,0,0,0,0,0,0,0,0,0,92.5547637492418,0,489.897028401494,78.4078843742609,7.82893538475037,0,0
0,0,0,0,0,0,0,0,0,0,0,0,0,0,0,0,0,0,0,0,0,0,4310.45037990808,0,309.722007468343,0,155.9805149436,0,3.18445312976837,0,0,0,0,0,0,0,0,0,276.603085562587,0,0,0,0,0,0,0,0,0,7.94696769118309,0,0,0,0,0,0,0,0,0,0,0,0,0,0,0,0,0,0,58.7228611707687,0,2.20302796363831,0,188.937949538231,0,0,0,0,0,0,0,0,0,18.8169572949409,221.193432852626,3.54095877707005,0,0,0
0,28.5015483498573,0,1.42808772623539,0,0,0,0,0,122.185644716024,0,0,0,0,0,0.590827092528343,0,2.28846776485443,1.1233537197113,0,0,239.468129441142,0,573.132231533527,0,16.0072659254074,0,0,0,0,0,0,0,0,0,0,0,471.997293129563,0,0,0,0.454031676054001,0,0,0,0.912594765424728,0,0,0,42.727946639061,0,0,0,0,0,82.2628775537014,0,0,0,0.47081333398819,0,21.6330612897873,0,0,345.839029461145,0,0,0,3.37868523597717,0,0,0,0,0,0,0,0,0,0,0,393.190080612898,0,270.925101563334,0,186.172203868628,0,0
0,0,0,0,0,0,0,0,30.4324840158224,0,0,0,0,0,0,0,1.64511799812317,0,0,0,0,0,94.7381626665592,0,1093.39234164357,0,82.5641379058361,0,0,0,0,0,0,0,0,0,0,0,455.163248002529,0,0,0,3.86767771840096,0,0,0,0,0.764752775430679,9.92170390486717,0,0,0,0,0,256.027942419052,0,0,0,0,0,0,0,0,0,0,58.7228611707687,0,0,0,105.765646547079,0,0,0,0,0,0,0,0,0,0,0,401.771514251828,133.081325337291,1.86976949870586,35.9153440892696,0,0
0,28.0644587874413,0,2.77022048830986,0,0,0,0,0,41.5551222711802,0,0,0,0.197402462363243,0,179.028021425009,0.136656850576401,249.404746413231,7.91017390787601,0,0,185.064835935831,0,457.969810992479,0,1508.9066298753,0,23.8221516609192,0,0,0,0,0,0,0,0.774450540542603,0,16.2307008802891,0,10.3835616409779,0,13.0415876433253,0,0,0,7.98856411129236,0,0.219090491533279,0.319520235061646,274.808379158378,0,0,0,0,0,10.8707841932774,0,45.0194736719131,0,76.8378831446171,0,286.102309584618,111.526402227581,0,30.3964389264584,0,3.37868523597717,0,0,0,334.857790485024,0,0.510330021381378,0,0,0,0,0,3.71102672815323,0,3.54427418112755,0,334.217150524259,1.92289847135544,324.106135874987,0,0
10.0730588138103,0,0,0,0,0,0,0,193.945849180222,0,0,0,0,0,6.00675821304321,0,0,0,0,0,0,0,17.9487219452858,0,259.697029531002,0,603.885797321796,0,3.44517412781715,0,0,0,0,0,0,0,0,0,0,0,0,0,0,0,0,0,0,0,4.07986336946487,0,0,0,0,0,138.910466998816,0,0,0,0,0,0,0,0,0,0,2.20302796363831,0,105.765646547079,0,0,0,464.864997059107,0,0,0,0,0,0,0,0,0,1.14129519462585,1.36541599035263,0,0.768029451370239,0,0
0,5.07758206129074,0,23.4353104829788,0,2.04308067262173,0,0,0,0.584117278456688,0,9.69759403169155,0,0,0,0,0.344469353556633,0,110.817475564778,0,0,224.216233879328,0,0,0,51.8197720348835,0,2072.42364628613,0,9.12844449281693,0,0,0,0,0,1.81755813211203,0,2.30104517936707,0.152252644300461,18.0685548186302,0,35.6387721821666,0,1.08681719005108,0,13.8359440639615,0,0,0.560508161783218,621.290014989674,0,0,0,0,0,0,0,181.571005642414,0,6.83894443511963,0,6.80116122961044,221.442015811801,0,399.703108549118,0,0,0,334.857790485024,0,0,0,149.2335543558,0,0,0,0,0,10.3592569753528,0.505264855921268,19.9889968782663,0.437267363071442,116.92729189992,2.80360876023769,425.786508917809,3.00327098369598,0
0,0,0,0,0.262651354074478,0,0,0,0,0,0,0,0,0,0,0,0,0,8.39855496585369,0,0,0,109.89395545423,0,0,0,407.644540458918,0,691.644955173135,0,131.627504140139,0,0,0,0,0,1.21736323833466,0,22.7706959843636,0,1.567637398839,0,100.936443924904,0,3.08023130893707,0,15.9152491390705,0,450.75609485805,0,0,0,0,0,0,0,566.288147807121,0,0,0,0,0,0,13.8520987331867,0,188.937949538231,0,0,0,464.864997059107,0,0,0,878.891006395221,0,0,0,0,0,1.07681268453598,0,267.734222501516,27.1786077022552,0.286933794617653,433.740326210856,0,24.0518946349621
0,0.548404470086098,0,7.64715602993965,0,0,0,0,0,0,0,72.5032798349857,0,0,0,0,0,0.237398952245712,149.684361845255,1.3599112033844,0,0,0,0,0,0,0,97.7543849796057,0,41.8652560561895,0,0,0,0,0,10.4128439351916,0.47294557094574,37.6832080036402,0,17.8128658756614,0,36.8209246918559,2.86705338954926,6.77412533760071,1.69484984874725,15.9516781494021,0.211340948939323,0,0.309743106365204,105.558767668903,0,0,0,0,0,0,0,66.7317096740007,0,0,0,0,391.255073979497,0,0,0,0,0,0.510330021381378,0,149.2335543558,0,0,0,0,0,0,0,37.8274591118097,1.46992588043213,99.5778254270554,0.770742416381836,61.5031573846936,1.24841928482056,136.711920373142,10.6636823713779,0
1.09706974029541,0,0,0,2.05451616644859,0,0,0,0,0,51.796124368906,0,0,0,0,0,4.72973883152008,2.80878800153732,93.2356937378645,0,73.8881850838661,0,0,0,0,0,0,0,35.4274972677231,0,228.001055717468,0,0,0,0,0.303544670343399,3.99563467502594,0,84.6238335296512,0.218088760972023,17.9185346439481,0,207.578421011567,0.126840576529503,23.5356745421886,0,191.618751749396,0,221.53328114748,0,0,0,0,0,0,0,549.595077291131,0,0,0,0,0,1.69889444112778,446.692071288824,0,0,0,0,0,0,0,878.891006395221,0,0,0,0,0,0,1.57011443376541,80.3746842890978,0.94487738609314,444.946457192302,37.8890417218208,10.4807226210833,1263.02442035079,0,81.5996691137552
0,0,0,0,0,0,0,0,0,0,0,0,0,0,0,0,0,0,0,0,0,0,0,0,0,0,0,0,0,0,0,2960.24084188044,99.3533433377743,21.6135582923889,0,48.8385802507401,0,0,0,0,0,0,0,0,0,0,0,390.78077070415,0,0,0,0,0,0,0,0,0,0,0,0,0,0,0,0,0,0,0,0,0,0,0,0,0,0,0,15.4571716785431,73.5960052013397,0,515.127208769321,0,0,0,96.9121694564819,0,0,0,0
0,0,0,0,0,0,0,0,0,0,0,0,0,0,0,0,0,0,0.601017594337463,0,0,0,0,0,0,0,0,0,0,0,0,300.129722744226,5689.83120040596,0,30.3707335740328,2.73749327659607,152.271861940622,0,0,0,0,0,0,0,0,0,0,642.986153826118,0,0,0,0,0,0,0,0,0,0,0,0,0,0,0,0,0,0,0,0,0,0,0,0,0,0,15.4571716785431,0,0,142.972256585956,0,235.00696003437,0,0,190.683667361736,0,0,0,0
0,0,0,0,0,0,0,0,0,0,0,0,0,0,0,0,0,0,0,0,0,0,0,0,0,0,0,0,0,0,0,11.6807833909988,0,1879.06134313345,161.327056437731,1.60486024618149,0,40.0923838913441,0,0,0,0,0,0,0,0,0,83.3331761062145,0,1.55631446838379,0,0,0,0,0,0,0,0,0,0,0,0,0,0,0,0,0,0,0,0,0,0,0,0,73.5960052013397,0,0,0,461.320163853467,0,390.803972899914,0,73.3138963580132,0,0,0,0
0,0,0,0,0,0,0,0,0,0,0,0,0,0,0,0,0,0,0,0,0,0,0,0,0,0,0,0,0,0,0,19.0647677183151,111.805332377553,133.871022105217,2765.33379501104,0,349.370913870633,0,29.7851246297359,0,0,0,0,0,0,0,0,1195.78198239207,39.1496674418449,0,0,0,0,0,0,0,0,0,0,0,0,0,0,0,0,0,0,0,0,0,0,0,0,0,0,142.972256585956,0,0,0,347.443774081767,0,112.514305911958,404.733561560512,0,4.18130423128605,0,0
