0,0,0.199735619800372,0,0.284501731395721,0,0,0,0.226125957607399,0,0,0,0.239565101536837,0,0.182566269053311,0,0.298203833401203,0.241414837539196,0.320140113304188,0,0.327284127473831,0,0,0,0.289970863726921,0,0.303006381942676,0,0,0,0,0,0,0,0,0,0.275899281104406,0,0.331750578236306,0.252354472875595,0.309226441383362,0.233595699071884,0.274125129711337,0,0.280780064740351,0,0.282279796320303,0.263304024934769,0.268393574555,0,0.171282190829515,0,0,0,0.271988201441752,0,0.262232085069021,0,0.254176709911611,0,0.194283218019538,0,0,0.292687726047662,0,0,0,0.308344890761097,0,0.339812423599569,0,0.303135804004139,0,0.376574388572148,0,0,0,0.232213065028191,0,0.263811505757845,0,0.337071660132903,0.30534858182664,0.265237275511026,0.281293354684447,0,0.271396934986115
0,0,0,0.22387036244966,0,0.149276534850533,0,0,0,0.178583283103063,0,0.435214817523956,0,0,0,0.213237859490441,0.257864415645599,0.264689857761065,0.391166551061618,0,0,0,0,0.286640368450914,0.269610658288002,0.204351842403412,0,0,0,0,0,0,0,0,0,0.392184087634087,0,0.304109157770872,0,0.300740488613678,0,0.262883013033349,0.252297408878803,0,0,0.27290263717627,0.26308665672938,0,0,0.284504883792225,0,0.194984629750252,0,0,0,0.233826966070616,0,0.300456182116812,0,0.318017859011889,0,0.268491380158682,0,0,0,0,0.283295179519296,0,0.326168864965439,0,0.333754091807034,0,0.336625250104146,0,0,0,0,0,0.364190240204334,0,0.381245633912465,0,0.303724150017861,0.295299202203751,0.347147607738985,0.247899495893055,0
0.199735619800372,0,0,0,0.133684853712718,0,0,0,0,0,0,0,0.209952833897927,0,0.216884507253619,0,0,0,0.222449392080307,0,0,0,0,0,0.232911810278893,0,0,0,0,0,0,0,0,0,0,0,0,0,0,0,0,0,0.245814837258438,0,0.31852987408638,0,0.249608998497327,0,0.188493642640316,0,0.146738216280937,0,0,0,0.154673005971644,0,0.244077475233512,0,0.220300620234517,0,0.187697250326102,0,0,0,0,0,0,0.248912826180458,0,0.265385078887145,0,0,0,0,0,0,0,0,0,0,0,0,0.249195884223338,0.224847719073296,0.163710329379584,0,0
0,0.22387036244966,0,0,0,0.167468310404786,0,0,0,0.154027879774914,0,0.349195078015327,0,0,0,0,0.269440074761709,0.270616156607866,0.253152383045411,0.336375439944475,0,0,0,0.265022339920203,0,0,0,0,0,0,0,0,0,0,0,0.239738587979917,0,0.327816223246711,0,0.245610674579569,0,0.242369140834267,0.253496247529984,0.245139731301202,0.229647010564804,0.229153482101015,0.282261675596237,0,0,0.224127249692527,0,0.243778737861833,0,0,0,0.165132225530025,0,0.276936838353002,0,0.277687062204412,0,0.249828265588961,0.315760536535272,0.282801806926727,0,0,0.24281100332737,0,0,0,0.296619494075645,0,0.322006971256374,0,0,0,0,0,0.265329449878308,0.299316138029099,0.337574631884331,0,0.234372693990921,0.291228860616684,0.275032415864913,0.2515866288117,0.225772514939308
0.284501731395721,0,0.133684853712718,0,0,0,0.213564828401659,0,0.168209093465255,0,0,0,0.252792154504953,0,0.214497452224051,0,0,0,0,0,0.193819954991341,0,0,0,0,0,0.279098302125931,0,0,0,0,0,0,0,0,0,0.227164179086685,0,0,0,0,0,0,0,0,0,0,0,0,0,0.198803110472989,0,0,0,0.138560350984335,0,0,0,0.242397541716947,0,0.215399929502392,0,0,0,0,0,0,0,0,0,0,0,0,0,0,0,0,0,0,0,0,0.294405698776245,0.205219401658832,0,0.226210825145245,0,0
0,0.149276534850533,0,0.167468310404786,0,0,0,0.161722691357136,0,0.173351140790864,0,0,0,0,0,0,0,0,0.227426464358966,0.260541099982877,0,0,0,0,0,0,0,0,0,0,0,0,0,0,0,0.200558722555637,0,0,0,0.232036579932485,0,0.226698485533084,0.254215314984322,0.23334302008152,0,0.229497686028481,0,0,0,0.195429036021233,0,0.234097096367794,0,0,0,0.182747965565685,0,0,0,0.225089490413666,0,0.166150539261954,0.245144299098424,0,0,0,0,0,0,0,0.239916190505028,0,0.258767511695623,0,0,0,0,0,0.253862598363091,0,0.238943941891193,0,0.176833451156105,0.214699166830082,0.245497110631916,0.239161188403765,0
0,0,0,0,0.213564828401659,0,0,0,0,0,0,0,0.249006321534104,0,0,0,0,0,0,0,0,0,0,0,0,0,0,0,0,0,0,0,0,0,0,0,0,0,0,0,0,0,0,0,0,0,0,0,0,0,0.14682082322083,0,0.225449189333849,0,0,0,0,0,0.252863130332288,0,0,0,0,0,0,0,0,0,0,0,0,0,0,0,0,0,0,0,0,0,0,0,0.187243615803511,0.141764579926218,0,0,0
0,0,0,0,0,0.161722691357136,0,0,0,0,0,0.16205141544342,0,0,0,0,0,0,0,0,0,0,0,0,0,0,0,0,0,0,0,0,0,0,0,0,0,0,0,0,0,0,0,0,0,0,0,0,0,0,0,0.1740927323699,0,0.1729877191782,0,0,0,0.204099006190592,0,0,0,0,0,0,0,0,0,0,0,0,0,0,0,0,0,0,0,0,0,0,0,0,0.152188897132874,0.167985007166862,0,0,0
0.226125957607399,0,0,0,0.168209093465255,0,0,0,0,0,0,0,0,0,0.195502722992542,0,0.177291932863308,0.282951220870018,0.293856610472386,0,0,0,0,0,0.270266172014973,0,0.211689853242465,0,0,0,0,0,0,0,0.360843449831009,0,0.297428214550018,0.272939801216125,0.345044030984746,0.299881160259247,0.28549360566669,0,0.263362772300326,0,0.326504901051521,0,0.279962910891889,0.340545809268951,0.398536405568621,0,0.167477983981371,0,0,0,0.239340901970863,0,0,0,0.273302800953388,0,0.254379082471132,0,0,0.288167844925608,0,0,0,0.310530282355644,0,0.351749015424181,0,0,0,0.475285551614232,0,0,0,0.339668810367584,0,0.29149509370327,0,0.407146496319834,0.252264287290024,0.235712375491858,0.329588807231404,0,0.255238700658083
0,0.178583283103063,0,0.154027879774914,0,0.173351140790864,0,0,0,0,0,0,0,0,0,0.282614731442667,0.250589181979497,0.1933252830397,0.232100090810231,0,0,0,0,0.212384182394239,0,0.187519847983267,0,0,0,0,0,0,0,0,0,0.298949440320333,0,0.225219650840273,0,0.261712951572625,0,0.231933504143908,0.163091525435448,0.246920064091682,0,0.270275601744652,0,0.371095836162567,0,0.237950565571758,0,0.172420382499695,0,0,0,0.200547129226228,0,0.292322697117925,0,0.280987239227845,0,0.249610074892126,0,0,0,0,0.220277474335735,0,0.262239132963476,0,0.325293728298154,0,0.321789114404533,0,0,0,0,0,0.275868650939729,0,0.283176130231689,0,0.271655118325725,0.264828347692303,0.249307101481988,0.256348051958614,0
0,0,0,0,0,0,0,0,0,0,0,0,0.17719558650066,0,0,0,0,0,0,0,0.184935067429558,0,0,0,0,0,0,0,0.115040587882201,0,0.208607038259506,0,0,0,0,0,0.227555726080725,0,0.263544918958589,0,0,0,0,0,0,0,0,0,0,0,0,0,0,0,0,0,0.205337325576319,0,0.202175880255906,0,0,0,0,0.261258293802922,0,0,0,0,0,0,0,0.173244045591172,0,0.128702989188574,0,0,0,0,0,0,0,0.300991004066808,0.240534899289581,0.19283082485199,0.27338108420372,0,0
0,0.435214817523956,0,0.349195078015327,0,0,0,0.16205141544342,0,0,0,0,0,0.241268124147458,0,0,0,0,0.300226176778475,0.142368568078533,0,0,0,0,0,0,0,0.225790441036224,0,0.149274494341561,0,0,0,0,0,0.235305270289674,0,0.243182931736712,0,0.299297448992729,0,0.371642678976059,0,0,0,0.296706534301241,0,0,0,0.442323118448257,0,0,0,0.141559511423111,0,0,0,0.199726284891325,0,0.213088420286561,0,0,0.265215076603214,0,0,0,0,0,0,0,0.209457203745842,0,0.13662605890722,0,0,0,0,0,0.243492511863058,0,0.267939698696136,0,0.202389816551105,0,0.378108784766264,0.317712023854256,0
0.239565101536837,0,0.209952833897927,0,0.252792154504953,0,0.249006321534104,0,0,0,0.17719558650066,0,0,0,0.225302079008348,0,0,0,0,0,0,0,0,0,0.293866693973541,0,0.275378376245499,0,0.132346859201789,0,0,0,0,0,0,0,0,0,0.310010625256432,0,0,0,0.258285337686539,0,0,0,0.27256478369236,0.324662506580353,0,0,0.224307392918786,0,0.244076607127984,0,0.281000175646373,0,0.1746398570783,0,0.221391172361728,0,0.226588383730915,0,0,0,0,0,0,0.289572056796816,0,0.256863743066788,0,0.178988023868038,0,0,0,0,0,0,0,0,0,0.314481049776077,0.22296480421097,0.189737193286419,0.247187929227948,0,0.256944745779037
0,0,0,0,0,0,0,0,0,0,0,0.241268124147458,0,0,0,0.201470403347985,0,0,0,0,0,0,0,0,0,0.400275548299154,0,0.219304723788034,0,0.217704007449823,0,0,0,0,0,0,0,0,0,0,0,0,0,0,0,0,0,0,0,0,0,0,0,0,0,0,0,0.230775122557368,0,0.2098820708536,0,0,0,0,0,0,0,0,0.370167821645737,0,0.185757786522106,0,0,0,0,0,0,0,0,0,0,0,0.197377571721136,0.243444599414784,0,0,0
0.182566269053311,0,0.216884507253619,0,0.214497452224051,0,0,0,0.195502722992542,0,0,0,0.225302079008348,0,0,0,0.212516955135624,0,0.246158987283707,0,0,0,0,0,0.298568977810004,0,0.235659898091585,0,0,0,0,0,0,0,0,0,0,0,0.305382040483611,0,0.296356111764908,0.403897821903229,0.26135800634661,0,0.250061776489019,0,0.215196848980018,0.306797764131001,0.274753670279796,0.286824494600296,0.205094565593061,0,0,0,0.186152600888479,0,0.176112160086632,0,0.234949186769103,0,0.225493982867111,0,0,0,0,0,0,0.321720786392689,0,0.174801513552666,0,0.184240654110909,0,0,0,0,0,0,0,0,0,0.308867224921351,0.231572919860482,0.233531514182687,0.243920087218285,0,0.253533810377121
0,0.213237859490441,0,0,0,0,0,0,0,0.282614731442667,0,0,0,0.201470403347985,0,0,0,0.188951561439641,0,0,0,0,0,0.128836046316122,0,0.229932718590838,0,0,0,0,0,0,0,0,0,0,0,0.244658298790455,0,0,0,0,0,0,0,0,0,0,0,0.206235114823688,0,0.214737482368946,0,0,0,0.272207007116201,0,0,0,0,0,0.193356956592051,0,0,0,0,0.2170430123806,0,0.246624737870002,0,0.253628849983215,0,0,0,0,0,0,0,0,0,0,0,0.269550547770718,0.276583099254855,0.261956656972567,0,0
0.298203833401203,0.257864415645599,0,0.269440074761709,0,0,0,0,0.177291932863308,0.250589181979497,0,0,0,0,0.212516955135624,0,0,0.178745163674684,0.308905188705472,0,0,0,0.229015794178959,0,0.23149725020147,0,0.220670926118108,0,0.247075735813095,0,0,0,0,0,0,0.280438907444477,0.341918081045151,0,0.284673874825239,0.286434665322304,0.352140302459399,0.258474374396933,0.283768349025451,0.274230390787125,0.305246505667182,0.276324212551117,0.315730296210809,0,0.337664276653645,0.303924411535263,0,0,0,0,0.248714216053486,0,0,0,0,0,0.194462462204747,0,0,0.321988459872572,0,0.211754602093234,0,0.246901474454824,0,0.212857797369361,0,0.238118832558393,0.298583903482982,0.388595173756282,0,0,0,0,0.295444247126579,0.329048416099033,0.318205770105124,0.353093225136399,0.263642332232792,0.242227795682972,0.323641110617335,0.274019448086619,0.345490165352821
0.241414837539196,0.264689857761065,0,0.270616156607866,0,0,0,0,0.282951220870018,0.1933252830397,0,0,0,0,0,0.188951561439641,0.178745163674684,0,0.284320624624435,0,0,0.170856382545145,0,0.177329184753554,0,0.176525162965865,0,0,0,0,0,0,0,0,0,0.31244822529455,0.304404467344284,0.327210309413763,0.286920629441738,0.292527943355602,0.335247457027435,0.256304757041339,0.247461784906961,0.202673354744911,0.249730111824142,0.291387904058681,0.289582746369498,0.266665726900101,0.309041449506032,0.288473066161661,0,0,0,0,0.282076850533485,0.272583901882172,0,0,0.275150537490845,0.290133029222488,0.269135713577271,0.169708933060368,0,0.301879033897862,0.196332256495953,0,0.202041395008564,0.238159224390984,0.211082713093076,0,0.36387711763382,0,0.310935859009624,0.363197147846222,0,0,0,0,0.310057692553686,0.308068960905075,0.313932866008595,0.300022179881732,0.260852347359295,0.221512946127936,0.285754546990582,0.275124138721856,0.295167574286461
0.320140113304188,0.391166551061618,0.222449392080307,0.253152383045411,0,0.227426464358966,0,0,0.293856610472386,0.232100090810231,0,0.300226176778475,0,0,0.246158987283707,0,0.308905188705472,0.284320624624435,0,0.272844076156616,0,0,0,0,0.247250401973724,0,0,0,0,0,0,0,0,0,0,0.308731921694495,0.293858225146929,0.329124408253169,0.290094481365195,0.286639504920878,0.309854883643297,0.214763457010083,0.217480898310017,0.203806896903077,0.232051705750259,0.304107540186373,0.303444194629699,0.241846237863813,0.322088282470851,0.264436246041792,0,0.250422688821952,0,0,0.259750122825305,0.258180605247617,0,0.269111603498459,0.251884517570337,0.256053522229195,0.245974315951268,0.232093950112661,0,0.311533745981581,0,0,0.25490066409111,0.306346908211708,0,0.276662631676747,0.288253698911932,0,0.298495453347762,0.345379511515299,0,0,0,0,0.304258964862674,0.30440944571048,0.31070059159129,0.311728241716648,0.247087825477118,0.255583147686374,0.284452670921131,0.219311235603449,0.242133178332677
0,0,0,0.336375439944475,0,0.260541099982877,0,0,0,0,0,0.142368568078533,0,0,0,0,0,0,0.272844076156616,0,0,0,0,0,0,0,0,0,0,0,0,0,0,0,0,0.278447550174547,0,0.273107998108412,0,0.272714743349287,0,0.275482853253682,0,0,0,0.283405164970045,0,0,0,0,0,0.27191898226738,0,0,0,0,0,0.159636942291474,0,0,0,0,0.23614526342314,0,0,0,0,0,0,0,0,0,0.275514607628187,0,0,0,0,0,0.28019506326112,0,0.28108096053434,0,0.208055135018472,0,0.352834926832707,0,0
0.327284127473831,0,0,0,0.193819954991341,0,0,0,0,0,0.184935067429558,0,0,0,0,0,0,0,0,0,0,0,0,0,0,0,0,0,0,0,0,0,0,0,0,0,0.286718585468348,0,0.269860243514047,0,0,0,0.271951913833618,0,0,0,0.25541949737817,0,0.299644993267198,0,0,0,0,0,0,0,0.289133535165872,0,0.290188885604342,0,0.296642558649182,0,0,0.227685067020464,0,0,0,0,0,0,0,0,0,0,0,0,0,0,0,0.232037844379311,0,0.261134684197675,0.274214658002615,0,0.288716951233369,0,0
0,0,0,0,0,0,0,0,0,0,0,0,0,0,0,0,0,0.170856382545145,0,0,0,0,0.205792413847479,0.227628803068353,0,0.218358381423685,0,0.23589182566194,0,0,0,0,0,0,0,0,0,0.284520997374075,0.249270096421242,0,0,0,0,0,0,0,0,0,0,0.16087784432611,0,0,0,0,0,0,0,0,0,0,0,0,0,0,0.195057788077969,0.220430426299572,0.150525075533698,0,0.211745133690805,0,0.284029205063624,0,0,0,0,0,0,0,0,0,0.28226609378766,0,0.183486061146943,0.173475110894115,0,0,0
0,0,0,0,0,0,0,0,0,0,0,0,0,0,0,0,0.229015794178959,0,0,0,0,0.205792413847479,0,0,0.308493782635088,0,0.257076849697987,0,0.182650413933059,0,0,0,0,0,0,0,0,0.203524413433942,0.323632412209649,0,0,0,0,0,0,0,0,0.35099658370018,0.292510408473892,0,0,0,0,0,0.35218271613121,0,0,0,0,0,0,0,0,0,0.174677723234421,0.247248179381684,0,0.281357125722788,0,0.288452021085499,0,0.225050010006217,0,0,0,0,0,0,0,0,0,0.259423994686868,0.211289331610721,0.213241346429035,0,0,0
0,0.286640368450914,0,0.265022339920203,0,0,0,0,0,0.212384182394239,0,0,0,0,0,0.128836046316122,0,0.177329184753554,0,0,0,0.227628803068353,0,0,0,0.239856997509619,0,0.216178108938038,0,0,0,0,0,0,0,0,0,0.288487225816942,0,0.24010892957449,0,0.217953666410548,0,0,0,0,0,0,0,0.281209136435732,0,0,0,0,0,0.189875466053578,0,0.229623422026634,0,0.253959401087327,0,0.303536122495478,0,0,0.178984091348118,0,0.263060603277283,0,0.308116771104815,0,0.334378515057062,0,0.263724495346348,0,0,0,0,0,0,0,0.405539920219244,0,0.210843129736903,0,0.210074458030924,0,0
0.289970863726921,0.269610658288002,0.232911810278893,0,0,0,0,0,0.270266172014973,0,0,0,0.293866693973541,0,0.298568977810004,0,0.23149725020147,0,0.247250401973724,0,0,0,0.308493782635088,0,0,0,0.237238543455378,0,0,0,0,0,0,0,0,0,0,0.24238845705986,0.273577025666097,0,0.25207644701004,0.331823239723841,0.199360354588582,0,0.272197276353836,0,0.262818266153336,0.363576988379161,0.327368534709278,0,0,0,0,0,0.265427776348235,0.242491737008095,0,0,0.294222414493561,0,0.320864896563923,0,0,0.262920215725899,0,0.335276762286372,0,0.237153486683329,0,0.319545294274862,0,0,0,0,0,0,0,0,0,0.23903863132,0,0.262909473028294,0.264856098958703,0.285258895704444,0.279633760834352,0,0
0,0.204351842403412,0,0,0,0,0,0,0,0.187519847983267,0,0,0,0.400275548299154,0,0.229932718590838,0,0.176525162965865,0,0,0,0.218358381423685,0,0.239856997509619,0,0,0,0.36159372136984,0,0,0,0,0,0,0,0,0,0.355857122613459,0,0,0,0.380859315395355,0,0,0,0,0,0,0,0.297060966491699,0,0,0,0,0,0.188554409891367,0,0,0,0.384735405445099,0,0.260553386006782,0,0,0.171681500667212,0,0.266619687409777,0,0.250695453555623,0,0.330633761663011,0,0,0,0,0,0,0,0,0,0.376880892448955,0,0.201369928653564,0.287678301334381,0.299414913569178,0,0
0.303006381942676,0,0,0,0.279098302125931,0,0,0,0.211689853242465,0,0,0,0.275378376245499,0,0.235659898091585,0,0.220670926118108,0,0,0,0,0,0.257076849697987,0,0.237238543455378,0,0,0,0.246968636076365,0,0,0,0,0,0,0,0,0.230515412986279,0.25600790807179,0,0,0.393786266446114,0.299278289079666,0,0,0,0.266813978552818,0.335764920711517,0.30806224544843,0,0,0,0,0,0.262375400662422,0,0,0,0.279604246218999,0,0.28681889017423,0,0,0.306059688329697,0,0.241015087962151,0,0.265491347944382,0,0.289399483098444,0,0.256121527968031,0,0,0,0,0,0,0,0,0,0.24185058489746,0.231191137062958,0.234000812967618,0.359647346660495,0,0
0,0,0,0,0,0,0,0,0,0,0,0.225790441036224,0,0.219304723788034,0,0,0,0,0,0,0,0.23589182566194,0,0.216178108938038,0,0.36159372136984,0,0,0,0.246878352220761,0,0,0,0,0,0,0,0.30238277092576,0,0,0,0,0,0,0,0,0,0,0,0.311031802576415,0,0,0,0,0,0,0,0.381199091672897,0,0.249672110094634,0,0,0,0,0.206866409869925,0,0,0,0.324371742177755,0,0.223078663174246,0,0.230648266772429,0,0,0,0,0,0,0,0.306807555258274,0,0.214316453006107,0.187546991300664,0.387846976518631,0,0
0,0,0,0,0,0,0,0,0,0,0.115040587882201,0,0.132346859201789,0,0,0,0.247075735813095,0,0,0,0,0,0.182650413933059,0,0,0,0.246968636076365,0,0,0,0.18468060498839,0,0,0,0,0,0,0,0.20342658162117,0,0,0,0,0,0,0,0,0,0.24843294829575,0,0,0,0,0,0,0,0,0,0.225265201181173,0,0,0,0,0,0,0.202210878106681,0,0,0,0.277855593080704,0,0.206733185266874,0,0.111618461353438,0,0,0,0,0,0,0,0.243056842850314,0.200960598340849,0.242460647000457,0,0,0
0,0,0,0,0,0,0,0,0,0,0,0.149274494341561,0,0.217704007449823,0,0,0,0,0,0,0,0,0,0,0,0,0,0.246878352220761,0,0,0,0,0,0,0,0,0,0.211988262737854,0,0,0,0,0,0,0,0,0,0,0,0,0,0,0,0,0,0,0,0.122998825384407,0,0.231410812424577,0,0,0,0,0,0,0,0,0,0,0.250478732648731,0,0.200918739079498,0,0,0,0,0,0,0,0.238941278881752,0,0.262511336918061,0.129112489521503,0,0,0
0,0,0,0,0,0,0,0,0,0,0.208607038259506,0,0,0,0,0,0,0,0,0,0,0,0,0,0,0,0,0,0.18468060498839,0,0,0,0,0,0,0,0,0,0.247827775992554,0,0,0,0,0,0,0,0,0,0,0,0,0,0,0,0,0,0.165323808789253,0,0,0,0,0,0,0,0,0,0,0,0,0,0,0.22045245565474,0,0.208117946740482,0,0,0,0,0,0,0,0.199380445480347,0.164647514000535,0,0,0,0
0,0,0,0,0,0,0,0,0,0,0,0,0,0,0,0,0,0,0,0,0,0,0,0,0,0,0,0,0,0,0,0,0.170264134588449,0.202355049550533,0,0.262556735663491,0,0,0,0,0.406794730573893,0,0,0,0,0,0,0.35105471001731,0.262566885696008,0.296160367273149,0,0,0,0,0,0,0,0,0,0,0,0,0,0.431412529945374,0,0,0,0,0,0,0,0,0,0,0.270382308937383,0,0,0,0.310014817490164,0,0,0,0.238308281445917,0,0,0,0
0,0,0,0,0,0,0,0,0,0,0,0,0,0,0,0,0,0,0,0,0,0,0,0,0,0,0,0,0,0,0,0.170264134588449,0,0,0,0,0.18833507055586,0,0,0,0,0,0,0,0,0,0,0.174213283441283,0,0,0,0,0,0,0,0,0,0,0,0,0,0,0,0,0,0,0,0,0,0,0,0,0,0,0.151562441885471,0.173540255119061,0,0,0,0.150843389332294,0,0,0.145441114074654,0,0,0,0
0,0,0,0,0,0,0,0,0,0,0,0,0,0,0,0,0,0,0,0,0,0,0,0,0,0,0,0,0,0,0,0.202355049550533,0,0,0.170513677140397,0.193732733595861,0,0.16813307216969,0,0,0,0,0,0,0,0,0,0.19644495214041,0,0.216342361200423,0,0,0,0,0,0,0,0,0,0,0,0,0,0,0,0,0,0,0,0,0,0,0,0,0.206627294421196,0,0.180266356935389,0.169941585019438,0.209562025301986,0,0.167700864182612,0,0.184315234146736,0.119264230132103,0,0,0
0,0,0,0,0,0,0,0,0.360843449831009,0,0,0,0,0,0,0,0,0,0,0,0,0,0,0,0,0,0,0,0,0,0,0,0,0.170513677140397,0,0,0.212075773833526,0.182358741760254,0.245949462746029,0,0.26732687187043,0.508545638883815,0.390377101989893,0,0,0,0.293800950050354,0.342126457693589,0.317786711226176,0.504081641634305,0,0,0,0,0.329093843698502,0,0,0,0,0,0,0,0,0.300192063053449,0,0,0,0,0,0,0,0,0,0,0,0,0.175974919483429,0.197836922680493,0,0.237985299133203,0,0.338396117498732,0.234527316498792,0.268764933153075,0.323768579042875,0,0
0,0.392184087634087,0,0.239738587979917,0,0.200558722555637,0,0,0,0.298949440320333,0,0.235305270289674,0,0,0,0,0.280438907444477,0.31244822529455,0.308731921694495,0.278447550174547,0,0,0,0,0,0,0,0,0,0,0,0.262556735663491,0,0.193732733595861,0,0,0.305355988487379,0.244982446718495,0,0.309568705607434,0.39950393512845,0.306532306138609,0.277015887200832,0.284469358623028,0,0.283189873205948,0.337295949459076,0.304492559100761,0.363350597520669,0.262010016611644,0,0.241305000725247,0,0,0,0.286642402410507,0,0.298487919645432,0,0.276617914438248,0,0,0.268829942641207,0.377354741096497,0,0,0,0,0.339436590671539,0,0.289344042539597,0,0.286255201334276,0,0.262200658290606,0,0.205700090953282,0,0.241926933462911,0.478833186004659,0.263402502819659,0,0.226700507609606,0.223457640140421,0.268997851392512,0.330904632587643,0
0.275899281104406,0,0,0,0.227164179086685,0,0,0,0.297428214550018,0,0.227555726080725,0,0,0,0,0,0.341918081045151,0.304404467344284,0.293858225146929,0,0.286718585468348,0,0,0,0,0,0,0,0,0,0,0,0.18833507055586,0,0.212075773833526,0.305355988487379,0,0,0.183186328129506,0.298268526792526,0.225995409696519,0,0.291848114629587,0,0.269789189100266,0,0.254127444395764,0.281175057789323,0.267072274404414,0,0,0,0,0,0.293883204460144,0,0.272694919630885,0,0.238419070839882,0,0.23952126254638,0,0,0.189429000675023,0,0,0,0,0,0.289700424671173,0,0,0,0,0,0,0,0.218423085206229,0.401243688127437,0.221727273191589,0,0.247612280377542,0.228659031014577,0.161862623852652,0.281372654062885,0,0.317725678284963
0,0.304109157770872,0,0.327816223246711,0,0,0,0,0.272939801216125,0.225219650840273,0,0.243182931736712,0,0,0,0.244658298790455,0,0.327210309413763,0.329124408253169,0.273107998108412,0,0.284520997374075,0.203524413433942,0.288487225816942,0.24238845705986,0.355857122613459,0.230515412986279,0.30238277092576,0,0.211988262737854,0,0,0,0.16813307216969,0.182358741760254,0.244982446718495,0,0,0.227113995360275,0.304514962598818,0,0.295957249499136,0.344010859727859,0.320960837602615,0,0.280865968720866,0.366366386413574,0.344503847243903,0,0.36474767305934,0,0,0,0,0.271740883588791,0.256545661426172,0,0.218029355630279,0,0,0,0.311462752521038,0.243750127404928,0.354950577020645,0.268513794646773,0,0.361704997718334,0.454566448926926,0.408160238140294,0,0.34673526063335,0,0.274634331993803,0,0,0,0.170000161478917,0,0.244328560225687,0,0.255297926823012,0.180255962986695,0.292640217857848,0.591705232858658,0.348088433716408,0.337955877184868,0.292224913835526
0.331750578236306,0,0,0,0,0,0,0,0.345044030984746,0,0.263544918958589,0,0.310010625256432,0,0.305382040483611,0,0.284673874825239,0.286920629441738,0.290094481365195,0,0.269860243514047,0.249270096421242,0.323632412209649,0,0.273577025666097,0,0.25600790807179,0,0.20342658162117,0,0.247827775992554,0,0,0,0.245949462746029,0,0.183186328129506,0.227113995360275,0,0.277321338653564,0.273743312273707,0.475675240159035,0.208570816140208,0,0.279897672789437,0,0.278561267155956,0.469759715259622,0.312237535890575,0.524765568971634,0,0,0,0,0.328404833590556,0,0.212118237382836,0,0.312555152358431,0,0.327207954448682,0,0,0.271590306691519,0,0.345462307447986,0,0.333718472172523,0,0.287313308586519,0,0.360012076117776,0,0.188549039455561,0,0,0,0.244171856585162,0,0.239085212188674,0,0.242933946108095,0.288942712167728,0.537244293927086,0.282176086684068,0.293473064899445,0.308257874461912
0.252354472875595,0.300740488613678,0,0.245610674579569,0,0.232036579932485,0,0,0.299881160259247,0.261712951572625,0,0.299297448992729,0,0,0,0,0.286434665322304,0.292527943355602,0.286639504920878,0.272714743349287,0,0,0,0.24010892957449,0,0,0,0,0,0,0,0,0,0,0,0.309568705607434,0.298268526792526,0.304514962598818,0.277321338653564,0,0.287297859787941,0.270476890978432,0.286014132127903,0.303835855023409,0.292000913619995,0.258734338505776,0.299885364842939,0.340127861499786,0.314792162179947,0.338846077591855,0,0.22478741986884,0,0,0,0.267205180490718,0,0.267268220809373,0,0.261013578091349,0,0.24728384912014,0.252227024144276,0.301443437486887,0,0,0.250154983666208,0,0.261251091957092,0,0.283605759301461,0,0.290274676583172,0.324460685253143,0,0,0,0,0.330646423417674,0.299108445644379,0.328273771031361,0.319764569401741,0.288764724034374,0.284664138463827,0.247005576412702,0.280051507709621,0.288564597566922
0.309226441383362,0,0,0,0,0,0,0,0.28549360566669,0,0,0,0,0,0.296356111764908,0,0.352140302459399,0.335247457027435,0.309854883643297,0,0,0,0,0,0.25207644701004,0,0,0,0,0,0,0.406794730573893,0,0,0.26732687187043,0.39950393512845,0.225995409696519,0,0.273743312273707,0.287297859787941,0,0.28604327638944,0.311416230201721,0,0.299451699852943,0.337843671441078,0.300514352076497,0.32976279090767,0.328790712459001,0.20281757414341,0,0,0,0,0.274210155010223,0,0,0,0,0,0.261438153684139,0,0,0.40639658376944,0,0,0,0,0,0.263041116297245,0,0,0,0.26717683672905,0,0.162323966622353,0,0.313758323589961,0.44635447661082,0.294511181318154,0,0.303853379562497,0.238343662173628,0.317559152841568,0.355579520259404,0,0.340707640884058
0.233595699071884,0.262883013033349,0,0.242369140834267,0,0.226698485533084,0,0,0,0.231933504143908,0,0.371642678976059,0,0,0.403897821903229,0,0.258474374396933,0.256304757041339,0.214763457010083,0.275482853253682,0,0,0,0.217953666410548,0.331823239723841,0.380859315395355,0.393786266446114,0,0,0,0,0,0,0,0.508545638883815,0.306532306138609,0,0.295957249499136,0.475675240159035,0.270476890978432,0.28604327638944,0,0.298525596498161,0.213346340693533,0.195015706121922,0.271010201910824,0.265438509700091,0.464142764375175,0.40346241621084,0.429741701931828,0,0.235321799081243,0,0,0,0.240001981782611,0,0.272404968738556,0,0.2823019185,0,0.25754140191159,0,0.272249314520094,0,0,0.28910587032636,0,0.366211605794502,0.397086381912231,0.297214862302685,0,0.287341413568688,0,0,0,0,0.400111645460129,0.295776898012711,0.274291442973273,0.304784098906176,0.454302162625069,0.294055055396521,0.344768457942539,0.240031436155388,0.223449882481668,0.234947293996811
0.274125129711337,0.252297408878803,0.245814837258438,0.253496247529984,0,0.254215314984322,0,0,0.263362772300326,0.163091525435448,0,0,0.258285337686539,0,0.26135800634661,0,0.283768349025451,0.247461784906961,0.217480898310017,0,0.271951913833618,0,0,0,0.199360354588582,0,0.299278289079666,0,0,0,0,0,0,0,0.390377101989893,0.277015887200832,0.291848114629587,0.344010859727859,0.208570816140208,0.286014132127903,0.311416230201721,0.298525596498161,0,0.189707353711128,0.225965698586928,0.252317098470835,0.286851487122476,0.343735340506511,0.272515515438133,0.378513705746904,0.216543132066727,0,0,0,0.258686733262783,0,0,0,0.256074511326186,0,0.256400376851441,0,0,0.291302175623135,0,0,0,0.196224324729132,0,0.274637430048114,0.261729349692663,0.289837171634038,0.277772704760234,0.315317655603091,0,0,0,0.384286850690842,0.296519424234118,0.285265732115429,0.302823845297098,0.284115358899984,0.247185042792284,0.192660672451919,0.247402397525549,0.195842563112577,0.223391757647353
0,0,0,0.245139731301202,0,0.23334302008152,0,0,0,0.246920064091682,0,0,0,0,0,0,0.274230390787125,0.202673354744911,0.203806896903077,0,0,0,0,0,0,0,0,0,0,0,0,0,0,0,0,0.284469358623028,0,0.320960837602615,0,0.303835855023409,0,0.213346340693533,0.189707353711128,0,0,0.303792826716716,0.290940463542938,0,0,0.313868656754494,0,0.227418690919876,0,0,0,0,0,0.268688172101974,0,0,0,0,0,0,0,0,0,0,0,0,0.253074407577515,0,0.27345557231456,0,0,0,0,0,0.277978144586086,0,0.318447599808375,0,0.242012770425889,0.292051196098328,0.287410972917334,0.237798731774092,0
0.280780064740351,0,0.31852987408638,0.229647010564804,0,0,0,0,0.326504901051521,0,0,0,0,0,0.250061776489019,0,0.305246505667182,0.249730111824142,0.232051705750259,0,0,0,0,0,0.272197276353836,0,0,0,0,0,0,0,0,0,0,0,0.269789189100266,0,0.279897672789437,0.292000913619995,0.299451699852943,0.195015706121922,0.225965698586928,0,0,0.288181096315384,0.322681957961674,0.260886132717133,0.287570679990145,0.23258849978447,0,0,0,0,0.289192959666252,0,0,0,0.262355983257294,0,0.260388119518757,0,0,0.303186303411407,0,0,0,0.304792910814285,0,0.273193072814208,0,0,0,0,0,0,0,0,0,0.269921865314245,0,0.285335822237862,0.223867704661993,0.264268231391907,0.246485703169031,0,0.250152438879013
0,0.27290263717627,0,0.229153482101015,0,0.229497686028481,0,0,0,0.270275601744652,0,0.296706534301241,0,0,0,0,0.276324212551117,0.291387904058681,0.304107540186373,0.283405164970045,0,0,0,0,0,0,0,0,0,0,0,0,0,0,0,0.283189873205948,0,0.280865968720866,0,0.258734338505776,0.337843671441078,0.271010201910824,0.252317098470835,0.303792826716716,0.288181096315384,0,0.286644971966743,0,0,0.241538009860299,0,0,0,0,0.323451548814774,0.2718124811848,0,0.289811417460442,0,0,0,0,0.276834661683646,0.299734205007553,0,0,0.233939528465271,0,0,0,0.280891816203411,0,0.286651414984793,0,0,0,0,0,0.271121954252764,0.267521739006042,0.281964178737751,0.302835653225581,0.28266164796033,0.286845927437146,0.220350135254888,0.264250405291294,0
0.282279796320303,0.26308665672938,0.249608998497327,0.282261675596237,0,0,0,0,0.279962910891889,0,0,0,0.27256478369236,0,0.215196848980018,0,0.315730296210809,0.289582746369498,0.303444194629699,0,0.25541949737817,0,0,0,0.262818266153336,0,0.266813978552818,0,0,0,0,0,0,0,0.293800950050354,0.337295949459076,0.254127444395764,0.366366386413574,0.278561267155956,0.299885364842939,0.300514352076497,0.265438509700091,0.286851487122476,0.290940463542938,0.322681957961674,0.286644971966743,0,0.284529089927673,0.280597493081873,0.242762371897697,0.158043459057808,0,0,0,0.273672014040854,0.287302225828171,0.30127272435597,0,0.215607882330292,0,0.24162942028209,0,0,0.254668781530206,0,0,0,0.271842706416334,0,0.268931748704952,0,0.257741421461105,0,0.291545248279969,0,0,0,0.299187809228897,0.289541341364384,0.227603247392067,0.318084975083669,0.27835456476951,0.278556189332136,0.277962986541831,0.212636962632186,0.274837988118331,0.309978830115647
0.263304024934769,0,0,0,0,0,0,0,0.340545809268951,0.371095836162567,0,0,0.324662506580353,0,0.306797764131001,0,0,0.266665726900101,0.241846237863813,0,0,0,0.35099658370018,0,0.363576988379161,0,0.335764920711517,0,0,0,0,0.35105471001731,0.174213283441283,0.19644495214041,0.342126457693589,0.304492559100761,0.281175057789323,0.344503847243903,0.469759715259622,0.340127861499786,0.32976279090767,0.464142764375175,0.343735340506511,0,0.260886132717133,0,0.284529089927673,0,0.314309390564638,0.357909167506768,0,0,0,0,0.360004101480757,0.400859653949738,0,0,0.364770501852036,0,0.311932973563671,0,0,0.373598432580897,0,0.33440797833296,0,0.370476961135864,0.448441296815872,0.324830611867289,0.414128583669662,0,0.381732068955898,0,0.236149818636477,0.142766759509132,0.224453092173294,0.359241233861978,0.358500855871373,0.499575210937175,0.319719162641787,0.408421514409312,0.390373424004978,0.605769445639196,0.46448341548608,0,0
0.268393574555,0,0.188493642640316,0,0,0,0,0,0.398536405568621,0,0,0,0,0,0.274753670279796,0,0.337664276653645,0.309041449506032,0.322088282470851,0,0.299644993267198,0,0.292510408473892,0,0.327368534709278,0,0.30806224544843,0,0.24843294829575,0,0,0.262566885696008,0,0,0.317786711226176,0.363350597520669,0.267072274404414,0,0.312237535890575,0.314792162179947,0.328790712459001,0.40346241621084,0.272515515438133,0,0.287570679990145,0,0.280597493081873,0.314309390564638,0,0.275931686284591,0.14690871288379,0,0,0,0.351254230641367,0,0.255265538339262,0,0.237196937527346,0,0.303334014269255,0,0,0.31893899162509,0,0.248051769388237,0,0.36496476829052,0,0.326038980657615,0,0.278178743127596,0.277741014957428,0.19373182700602,0.267446994781494,0.134917920544034,0,0.321686076266425,0.651122787169048,0.272998486650296,0,0.27473772020312,0.335925420406201,0.301783415675163,0.290384729046923,0,0.283877866048562
0,0.284504883792225,0,0.224127249692527,0,0.195429036021233,0,0,0,0.237950565571758,0,0.442323118448257,0,0,0.286824494600296,0.206235114823688,0.303924411535263,0.288473066161661,0.264436246041792,0,0,0.16087784432611,0,0.281209136435732,0,0.297060966491699,0,0.311031802576415,0,0,0,0.296160367273149,0,0.216342361200423,0.504081641634305,0.262010016611644,0,0.36474767305934,0.524765568971634,0.338846077591855,0.20281757414341,0.429741701931828,0.378513705746904,0.313868656754494,0.23258849978447,0.241538009860299,0.242762371897697,0.357909167506768,0.275931686284591,0,0,0.188370443880558,0,0,0,0.259743675723204,0,0.315798015970933,0,0.321492362448147,0,0.283943547886245,0.281703799962997,0,0.194803431776224,0,0.304470010260318,0,0.304049813223106,0.405083328485489,0.331504361439579,0,0.322408028061072,0,0,0,0.199741601756534,0,0.216047623703157,0.279297053813934,0.365050163981852,0.493684260795514,0.392715555066276,0.490443119877263,0.366913244237842,0.253438385128975,0
0.171282190829515,0,0.146738216280937,0,0.198803110472989,0,0.14682082322083,0,0.167477983981371,0,0,0,0.224307392918786,0,0.205094565593061,0,0,0,0,0,0,0,0,0,0,0,0,0,0,0,0,0,0,0,0,0,0,0,0,0,0,0,0.216543132066727,0,0,0,0.158043459057808,0,0.14690871288379,0,0,0,0.134253750954356,0,0.137123005730765,0,0,0,0.199712461233139,0,0.192535852172733,0,0,0.142256945371628,0,0,0,0,0,0,0,0,0,0,0,0,0,0,0,0,0,0,0.223124799629052,0,0,0,0
0,0.194984629750252,0,0.243778737861833,0,0.234097096367794,0,0.1740927323699,0,0.172420382499695,0,0,0,0,0,0.214737482368946,0,0,0.250422688821952,0.27191898226738,0,0,0,0,0,0,0,0,0,0,0,0,0,0,0,0.241305000725247,0,0,0,0.22478741986884,0,0.235321799081243,0,0.227418690919876,0,0,0,0,0,0.188370443880558,0,0,0,0.191843973472714,0,0.219955997807639,0,0.242284283041954,0,0.272765725851059,0,0.194985710084438,0.270476885817268,0,0,0,0,0,0,0,0,0,0.293085306882858,0,0,0,0,0,0.25265138064112,0,0.313918173313141,0,0.22504039520913,0,0.265270013894354,0.221088156104088,0
0,0,0,0,0,0,0.225449189333849,0,0,0,0,0,0.244076607127984,0,0,0,0,0,0,0,0,0,0,0,0,0,0,0,0,0,0,0,0,0,0,0,0,0,0,0,0,0,0,0,0,0,0,0,0,0,0.134253750954356,0,0,0,0,0,0,0,0.263424988497387,0,0,0,0,0,0,0,0,0,0,0,0,0,0,0,0,0,0,0,0,0,0,0,0.226987700377192,0,0,0,0
0,0,0,0,0,0,0,0.1729877191782,0,0,0,0.141559511423111,0,0,0,0,0,0,0,0,0,0,0,0,0,0,0,0,0,0,0,0,0,0,0,0,0,0,0,0,0,0,0,0,0,0,0,0,0,0,0,0.191843973472714,0,0,0,0,0,0.219274931581494,0,0,0,0,0,0,0,0,0,0,0,0,0,0,0,0,0,0,0,0,0,0,0,0,0.171634924908479,0,0,0,0
0.271988201441752,0,0.154673005971644,0,0.138560350984335,0,0,0,0.239340901970863,0,0,0,0.281000175646373,0,0.186152600888479,0,0.248714216053486,0.282076850533485,0.259750122825305,0,0,0,0.35218271613121,0,0.265427776348235,0,0.262375400662422,0,0,0,0,0,0,0,0.329093843698502,0,0.293883204460144,0.271740883588791,0.328404833590556,0,0.274210155010223,0,0.258686733262783,0,0.289192959666252,0.323451548814774,0.273672014040854,0.360004101480757,0.351254230641367,0,0.137123005730765,0,0,0,0,0.274163067340851,0,0,0.275910987154297,0,0.320695896561329,0,0,0.27732825545328,0,0,0,0.287173230848883,0,0.359228039260753,0,0,0,0.440897405147552,0,0,0,0,0,0.272366233847358,0,0.348849528901328,0.257189000787183,0.272183954715729,0.324875756425965,0.282499432563782,0.275031226873398
0,0.233826966070616,0,0.165132225530025,0,0.182747965565685,0,0,0,0.200547129226228,0,0,0,0,0,0.272207007116201,0,0.272583901882172,0.258180605247617,0,0,0,0,0.189875466053578,0.242491737008095,0.188554409891367,0,0,0,0,0,0,0,0,0,0.286642402410507,0,0.256545661426172,0,0.267205180490718,0,0.240001981782611,0,0,0,0.2718124811848,0.287302225828171,0.400859653949738,0,0.259743675723204,0,0.219955997807639,0,0,0.274163067340851,0,0,0.290127573391566,0,0.290899913758039,0,0.238567311744221,0,0,0,0,0.216061280147564,0,0.277355853249045,0,0.326838574589115,0,0.310602130526203,0,0,0,0,0,0.296806186437607,0,0.258010262002548,0,0.253509045249284,0,0.309421379713045,0.274020674553784,0
0.262232085069021,0,0.244077475233512,0,0,0,0,0,0,0,0.205337325576319,0,0.1746398570783,0,0.176112160086632,0,0,0,0,0,0.289133535165872,0,0,0,0,0,0,0,0,0,0.165323808789253,0,0,0,0,0,0.272694919630885,0,0.212118237382836,0,0,0,0,0,0,0,0.30127272435597,0,0.255265538339262,0,0,0,0,0,0,0,0,0,0.189692684374321,0,0.244868842193059,0,0,0.362349885028033,0,0,0,0,0,0.29338938370347,0,0.251826375722885,0,0.17002688972359,0,0,0,0,0,0.241220464309057,0,0.223221555134145,0.274520230591297,0,0.258707381280834,0,0
0,0.300456182116812,0,0.276936838353002,0,0,0,0.204099006190592,0,0.292322697117925,0,0.199726284891325,0,0.230775122557368,0,0,0,0,0.269111603498459,0.159636942291474,0,0,0,0.229623422026634,0,0,0,0.381199091672897,0,0.122998825384407,0,0,0,0,0,0.298487919645432,0,0.218029355630279,0,0.267268220809373,0,0.272404968738556,0,0.268688172101974,0,0.289811417460442,0,0,0,0.315798015970933,0,0.242284283041954,0,0.219274931581494,0,0.290127573391566,0,0,0,0.317456354982002,0,0.278497212027249,0.223198525930618,0,0,0,0.249892726540565,0,0.372447788715363,0,0.34452285423438,0,0.291230682769547,0,0,0,0,0,0.345934399181888,0.291454464197159,0,0,0.22592391992422,0,0.360109542640872,0.242295667529106,0
0.254176709911611,0,0.220300620234517,0,0.242397541716947,0,0.252863130332288,0,0.273302800953388,0,0.202175880255906,0,0.221391172361728,0,0.234949186769103,0,0,0.275150537490845,0.251884517570337,0,0.290188885604342,0,0,0,0.294222414493561,0,0.279604246218999,0,0.225265201181173,0,0,0,0,0,0,0,0.238419070839882,0,0.312555152358431,0,0,0,0.256074511326186,0,0.262355983257294,0,0.215607882330292,0.364770501852036,0.237196937527346,0,0.199712461233139,0,0.263424988497387,0,0.275910987154297,0,0.189692684374321,0,0,0,0.248649031295047,0,0,0.236412219189364,0,0,0,0.300703330473466,0,0.270365845412016,0,0.239820572733879,0,0,0,0,0,0,0,0.251276433467865,0,0.322980056703091,0.249620992876589,0.21318445255359,0.27308800541574,0,0
0,0.318017859011889,0,0.277687062204412,0,0.225089490413666,0,0,0,0.280987239227845,0,0.213088420286561,0,0.2098820708536,0,0,0,0.290133029222488,0.256053522229195,0,0,0,0,0.253959401087327,0,0.384735405445099,0,0.249672110094634,0,0.231410812424577,0,0,0,0,0,0.276617914438248,0,0,0,0.261013578091349,0,0.2823019185,0,0,0,0,0,0,0,0.321492362448147,0,0.272765725851059,0,0,0,0.290899913758039,0,0.317456354982002,0,0,0,0.33569721474367,0.266855430603027,0,0,0,0.256115975625375,0,0.408966144047132,0,0.362245881859546,0,0.322737755683752,0,0,0,0,0,0.266895093023777,0,0.291834563016891,0,0.197391326086862,0.144746417800585,0.315600826138897,0,0
0.194283218019538,0,0.187697250326102,0,0.215399929502392,0,0,0,0.254379082471132,0,0,0,0.226588383730915,0,0.225493982867111,0,0.194462462204747,0.269135713577271,0.245974315951268,0,0.296642558649182,0,0,0,0.320864896563923,0,0.28681889017423,0,0,0,0,0,0,0,0,0,0.23952126254638,0,0.327207954448682,0,0.261438153684139,0,0.256400376851441,0,0.260388119518757,0,0.24162942028209,0.311932973563671,0.303334014269255,0,0.192535852172733,0,0,0,0.320695896561329,0,0.244868842193059,0,0.248649031295047,0,0,0,0,0.300108839616631,0,0,0,0.329372127804859,0,0.30532507112429,0,0.293571601311366,0,0,0,0,0,0,0,0.238378047943115,0,0.330911299320816,0.24637858677049,0.237969592213631,0.276818828231792,0,0.216776430606842
0,0.268491380158682,0,0.249828265588961,0,0.166150539261954,0,0,0,0.249610074892126,0,0,0,0,0,0.193356956592051,0,0.169708933060368,0.232093950112661,0,0,0,0,0.303536122495478,0,0.260553386006782,0,0,0,0,0,0,0,0,0,0,0,0.311462752521038,0,0.24728384912014,0,0.25754140191159,0,0,0,0,0,0,0,0.283943547886245,0,0.194985710084438,0,0,0,0.238567311744221,0,0.278497212027249,0,0.33569721474367,0,0,0.289563089609146,0,0,0,0.264406334737252,0.279629111289978,0.289802595766054,0,0.337996710712711,0,0.291445281977455,0,0,0,0,0,0,0,0.302741855382919,0,0.225381790236993,0,0.318257145217208,0.235384032130241,0
0,0,0,0.315760536535272,0,0.245144299098424,0,0,0,0,0,0.265215076603214,0,0,0,0,0,0,0,0.23614526342314,0,0,0,0,0,0,0,0,0,0,0,0,0,0,0,0.268829942641207,0,0.243750127404928,0,0.252227024144276,0,0,0,0,0,0.276834661683646,0,0,0,0.281703799962997,0,0.270476885817268,0,0,0,0,0,0.223198525930618,0,0.266855430603027,0,0.289563089609146,0,0,0,0,0,0,0,0,0,0,0.314817055992715,0,0,0,0,0,0.248840143454021,0,0.313582714750217,0,0.236826390281735,0,0.263252339926596,0,0
0.292687726047662,0,0,0.282801806926727,0,0,0,0,0.288167844925608,0,0.261258293802922,0,0,0,0,0,0.321988459872572,0.301879033897862,0.311533745981581,0,0.227685067020464,0,0,0,0.262920215725899,0,0.306059688329697,0,0,0,0,0.431412529945374,0,0,0.300192063053449,0.377354741096497,0.189429000675023,0.354950577020645,0.271590306691519,0.301443437486887,0.40639658376944,0.272249314520094,0.291302175623135,0,0.303186303411407,0.299734205007553,0.254668781530206,0.373598432580897,0.31893899162509,0,0.142256945371628,0,0,0,0.27732825545328,0,0.362349885028033,0,0.236412219189364,0,0.300108839616631,0,0,0,0,0,0,0.258030273697593,0,0.30570880312186,0,0.293840028345585,0.299027949571609,0.266656854322978,0,0,0,0,0.466553539037704,0.239786273802273,0.328223884105682,0.277052005530421,0.27026764335538,0.296325762357031,0.259292561875481,0,0.327499081348551
