0,0,0.0171316415260759,0,0,0,0,0,0,0,0,0,0,0,0,0,0,0,0.00286383313256724,0,0,0,0,0,0.000363014539897543,0,0,0,0,0,0,0,0,0,0,0,0,0,0,0,0,0,1.37384548223908e-05,0,0,0,0,0,0.00125285306103119,0,0,0,0,0,0.00586663786084191,0,0,0,0,0,0,0,0,0,0,0,0,0.000152296527715793,0,0,0,0,0,0,0,0,0,0,0,0,0,0,1.07992822485264e-05,0,0.000208917131807954,0,0
0,0,0,0.00301146060147252,0,0,0,0,0.000317416169525266,0.00901787596153645,0,0,0,0.000232955016751975,0,0.0147022998514558,0.00270882181785522,0.00525785887126967,0.00341410938399005,0,0,0.000630675851994271,0,0.0179098118340317,0.00181641490853716,0.0173643216918202,0,0.00013903929614115,0,0,0,0,8.09590672927138e-05,0,0.00022060849052127,0.000124076045893108,1.50745872819001e-06,0.000333764980809162,0,0,0,0.0092417826852278,0.000339265351338415,0.00568147974661868,3.40266487732954e-05,0.000961733653444057,0,0.000188465295749623,7.51257631752771e-05,0.00539270885119685,0,0,0,0,3.37087479414834e-05,0.0161173425881336,0,0.000446373496485198,0,0.000181571684674852,0,0.0157465291690342,1.3696871487811e-05,0,7.49258466432687e-05,0,0.0162458224064687,0.000477115700524278,0.00741686688947963,0,0.000145900453633258,0,0,0,0.000280817132180724,0.000152834820140273,0,3.05755383029017e-05,0.000117289532670875,6.99762868428014e-05,0.00019630503387131,0,0.00160162344230584,0.000223011065551295,0.00329078405428194,0.00623908839905414,0
0.0171316415260759,0,0,0,0,0,0,0,0,0,0,0,0,0,0,0,0,0,0.00553095465602568,0,0,0,0,0,0,0,0,0,0,0,0,0,0,0,0,0,0,0,0,0,0,0,0,0,0,0,0,0,0.00364999170952636,0,0,0,0,0,0,0,0,0,0,0,0,0,0,0,0,0,0,0,0,0,0,0,0,0,0,0,0,0,0,0,0,0,0.000333205354065533,0,0.00121108325749551,0,0
0,0.00301146060147252,0,0,0,0,0,0,0,5.1399558977509e-05,0,0,0,0,0,0.000551479223525533,2.36686774451001e-05,0.000450899386569181,0.000201566013799705,0,0,2.79177400919477e-06,0,0.00113085264442027,0,0.00172618687413324,0,7.87425362447895e-06,0,0,0,0,0,0,0,0,0,3.86529302388248e-06,0,0,0,0.000302971135096736,1.06017749540195e-05,0,0,0,0,0,0,3.55293803635508e-05,0,0,0,0,0,3.38935749917126e-05,0,0,0,0,0,0.00111923353537424,0,0,1.00513344799979e-05,0,0.0015692776575222,0,0.000210060955833236,0,0,0,0,0,0,0,0,0,0,0,0,0,5.17229676529125e-05,1.32058948815075e-05,0.00162698803832209,0.00154935944711618,0
0,0,0,0,0,0,0.000555162348875381,0,0,0,0,0,0,0,0,0,0,0,0,0,0.00344231453596729,0,0,0,0,0,0,0,0,0,0,0,0,0,0,0,1.39685453186669e-05,0,0,0,0,0,0,0,0,0,0,0,0,0,0.0239036188818473,0,0.00366259498805813,0,0,0,0.00027520009657684,0,0,0,0,0,0,0,0,0,0,0,0,0,0,0,0,0,0,0,0,0,0,0,0,0,0.000996684917263176,5.49321240509951e-05,0.00284417917646967,0,0
0,0,0,0,0,0,0,0,0,0,0,0,0,0,0,0,0,0,0,0,0,0,0,0,0,0,0,0,0,0,0,0,0,0,0,0,0,0,0,0,0,0,0,0,0,0,0,0,0,0,0,0,0,0,0,0,0,0,0,0,0,0,0,0,0,0,0,0,0,0,0,0,0,0,0,0,0,0,0,0,0,0,0,0,0,0,0
0,0,0,0,0.000555162348875381,0,0,0,0,0,0.000746519296394568,0,0,0,0,0,0,0,0,0,8.21413570439716e-05,0,0,0,0,0,0,0,0,0,0,0,0,0,0,0,0,0,0,0,0,0,0,0,0,0,0,0,0,0,0.00238284057106527,0,0.0125328847043159,0,0,0,0.00178748555091344,0,0,0,0,0,0,0,0,0,0,0,0,0,0,0,0,0,0,0,0,0,0,0,0,0,6.86844119270702e-06,0,0,0,0
0,0,0,0,0,0,0,0,0,0,0,0.00351342322475717,0,0,0,0,0,0,0,0,0,0,0,0,0,0,0,0,0,0,0,0,0,0,0,0,0,0,0,0,0,0,0,0,0,0,0,0,0,0,0,0,0,0.0144238516126949,0,0,0,0.00103483765366558,0,0,0,0,0,0,0,0,0,0,0,0,0,0,0,0,0,0,0,0,0,0,0,0,0.000421050958669533,0.000131443228300531,0,0,0
0,0.000317416169525266,0,0,0,0,0,0,0,0,0,0,0,0,0.0130889873526787,0.000425517404681663,0.0187953930912045,0.00335052845105096,0.00789642522257215,0,0,6.03942880129178e-05,0,0.00450658152045789,0.0091522483887916,0.000145528337076666,0.0057616527582064,0,0,0,0,0,0,0,0,0,0,3.80558724337248e-05,0,0,0,0,0.000405853311815385,0,0,0,0,7.5508441945882e-06,0.000133052504930125,0,0,0,0,0,0.00380388522738275,0.000150939110939304,0,0,0,0,0.00826083216726541,0,0,0,0,0,0.000483755382680445,0.00423233512888341,0.000346165697983335,0.00519351695728763,0,0,0,0,0,0.000142410490204361,0,0,5.37254617418203e-05,1.38895582899678e-05,0,0,0.00248180379618918,3.24719031764881e-05,5.47406537282173e-06,4.25033020645324e-05,0
0,0.00901787596153645,0,5.1399558977509e-05,0,0,0,0,0,0,0,0,0,4.28721634121634e-05,0,0.0297490091906533,0.0017281482345457,0.016619068789261,0.00332645806904772,0,0,0.000148115998739498,0,0.00569968878806031,0.000281573148575749,0.012514839047075,0,6.97305886417901e-06,0,0,0,0,0,7.01484876541921e-05,0.000391168913341868,0.000204458878845935,0,0,0,0,0,0.00195621429424107,0.000608700395746738,0.0053288674870747,9.92660868264796e-05,1.80987761661835e-05,0,8.67650601944176e-05,6.25980485772894e-05,0.00234514922611417,0,0,0,0,0,0.0264368633161552,0,0,0,5.11435965661478e-05,0,0.00690705728003176,0,0,0,0,0.00214520005805097,2.88561712898155e-05,0.00404960130075652,0,0,0,0,0,0,0.000353965249263329,0,1.50907163028849e-05,0.000144878880138551,2.6665389567226e-05,3.58159952738272e-05,0,0.00124814398524569,0.000377600993330307,0.00024024398110658,0.00511267828666027,0
0,0,0,0,0,0,0.000746519296394568,0,0,0,0,0,0.00364285327611226,0,0,0,0,0,0,0,0.00896130322131593,0,0,0,0,0,0,0,0,0,0.00200938587637088,0,0,0,0,0,9.81603217216024e-05,0,0.00805379575469498,0,0,0,0,0,0,0,0.000389112544976806,0,0,0,0,0,7.379748199891e-05,0,0,0,0.0253876238374509,0,0,0,0,0,0,8.89659000238989e-05,0,0,0,0,0,0,0,1.78534286411415e-05,0,0.00258954928642158,0,0,0,0,0,3.73784477086472e-05,0,0.000736389820195771,0.000497138931701721,0,0,0,0
0,0,0,0,0,0,0,0.00351342322475717,0,0,0,0,0,0.00779170861602743,0,0,7.95623269622811e-06,0,5.43955245398866e-06,0.0179660060371356,0,0,0,0,0,0,0,0.00509766050287286,0,0.011409947451815,0,0,0,0.000121664322853155,0,7.88634801451277e-05,0,0.00708930780285416,0,3.6422842221109e-05,0,0.00345242880387808,0,0,0,0.00196348957797195,0,0,0,0.00030964361931037,0,0,0,0,0,0,0,0.0554094214574301,0,0.00486673685914983,0,0,0.0122778164713153,0,0,0,0,0,3.60264960246159e-05,0,0.0050320442970515,0,0.0103974539981472,0,0,0,3.50437618156385e-05,0,9.53590026406677e-05,0,0.00164902604155495,0,0.000905586404548033,0,0.00237918459400182,0.0010896568386455,0
0,0,0,0,0,0,0,0,0,0,0.00364285327611226,0,0,0,0,0,0,0,0,0,0,0,0,0,0,0,0,0,0,0,0,0,0,0,0,0,0,0,0,0,0,0,0,0,0,0,0,0,0,0,0,0,0,0,0,0,0,0,9.68757594819181e-05,0,0,0,0,0,0,0,0,0,0,0.000132380198920146,0,0,0,0,0,0,0,0,0,0,0,0,0,0,0,0,0
0,0.000232955016751975,0,0,0,0,0,0,0,4.28721634121634e-05,0,0.00779170861602743,0,0,0,0.00910199041800313,0,0.000868709541427605,1.35408495371416e-05,0,0,0,0,0,0,0.0125472251273481,0,0.0163539225470933,0,0.00085624428603024,0,0,0,0,0,0,0,0,0,0,0,2.79607572578863e-05,3.41688032674727e-06,1.09882811869091e-05,0,0,0,0,0,0,0,0,0,0,0,2.08206786801407e-05,0,0.00362826395889073,0,0.017706410477206,0,0.0108130024619211,0,0,0,0,0,0,0.0076224411172617,0,0.00162169380787882,0,0,0,0,0,0,0,0,0,0,0,0.00112566758827246,0.000109158657171921,1.17808765967492e-05,0,0
0,0,0,0,0,0,0,0,0.0130889873526787,0,0,0,0,0,0,0,0.0197175142656355,0.000135600444140181,0.00194588444215342,0,0,9.13485256757432e-06,5.89026707295543e-06,0.000153562070129121,0.00196850337672642,0.000194550690918697,0.0114517255498598,0,0,0,0,0,0,0,0,0,0,0,0,0,0,0,9.84055880507166e-05,0,0,0,0,0,0,0,0,0,0,0,0.00370654539090383,0,0,0,0,0,0.033505111682558,0.000218958616918997,0,0,0,0,0,0.00466548651222809,0,0.0027434029424209,0,0,0,0,0,0,0,0,0,0,0,0,0.00121371520365483,2.74305080705528e-05,1.28123540391069e-05,0,0
0,0.0147022998514558,0,0.000551479223525533,0,0,0,0,0.000425517404681663,0.0297490091906533,0,0,0,0.00910199041800313,0,0,0.00106460291182104,0.0138115739492413,0.00304520183230986,0,0,0.000528782944161115,0,0.00929424558051194,0.00103304061505496,0.0596288762837804,0.000118458196065229,0.00767339700037926,0,0,0,0,0,0,0.000234009666941339,3.41756537965499e-05,9.74298918793304e-06,0.000112922763572163,0,0,0,0.00174909997723211,0.000531868908918208,0.00297987075424884,0,0.00010264744397582,0,3.57253916871201e-05,6.21982274906503e-05,0.00449883614508841,0,0,0,0,3.91682969668053e-05,0.0399880253894479,0,5.32381455918482e-05,0,0.0022075748652559,0,0.0445174057121273,0,0,0.000165610225638746,0,0.00476044723277254,0,0.0380136219706002,0,0.00217160864590213,0,0,0,0,1.60087471031203e-05,0,0,8.17506601709394e-05,1.43859667789731e-05,8.05582251524599e-05,0,0.00212136706808532,0.000990716717347001,0.000257131103046595,0.00150632735776701,0
0,0.00270882181785522,0,2.36686774451001e-05,0,0,0,0,0.0187953930912045,0.0017281482345457,0,7.95623269622811e-06,0,0,0.0197175142656355,0.00106460291182104,0,0.0514200727275899,0.0687046608727527,0,0,0.00112246505765617,0.000375188791517221,0.00618037034426818,0.00795443219802788,0.00298672001129905,0.0138086848050288,9.12559023249814e-05,0,0,0,0,1.84366782508059e-05,9.78710190198965e-06,0.000154822892030491,0.000315203656986303,3.89632338292523e-05,0.000256323350475145,0,0,1.94175314908846e-05,0.00153062725166654,0.00151932573543203,0.000846280226093205,7.10192755929262e-05,0.000208808903833044,0,0.000298213553317383,0.000136163900988629,0.00011850158364677,0,0,0,0,0.00425289925850548,0.000893920821485157,0,0,0,5.72737679311892e-05,0.00908010978657851,0.00152759406098797,0,0,0.000143902507787126,5.0754313307113e-05,0.00363394416460653,0.00183339050051528,0.000814170529100783,0.00798734945714115,0,0,0,0,0,0.000209693079458682,0,5.55717279187909e-05,0.000358296157783236,0.000106616959431302,0.000196532247861248,0,0.0258582114581409,0.000411583212375477,0.001524909217824,0.00180871094673415,0
0,0.00525785887126967,0,0.000450899386569181,0,0,0,0,0.00335052845105096,0.016619068789261,0,0,0,0.000868709541427605,0.000135600444140181,0.0138115739492413,0.0514200727275899,0,0.0340441603314975,0,0,0.00234712056007964,0,0.0121067223330411,0.00270769406814152,0.0410333641110373,0.000239821771336209,0.00275702987783041,0,0,0,0,3.71545723374447e-06,6.27133120497995e-05,9.89533768740957e-05,0.000176448753326749,3.39167796324273e-05,0.000336302060844761,0,0,0,0.00146445986159856,0.00155393686194974,0.00160826366392604,1.01776250553485e-05,0.000190902357000966,0,9.76788801982241e-05,0.000130711655298987,0.00115940313019923,0,0,0,0,0.000679891266356968,0.00614363555099758,0,9.35667451240131e-05,0,0.000194354044862323,4.48103564900678e-05,0.00929968495804146,5.2885449447717e-06,0,0.000545165969033992,0,0.00681350192444244,0.000730436963042068,0.013192010057087,0.000283340757271481,0.000222888569609592,0,0,0,0,0.000215982902972166,2.79160601635521e-05,0.000155833737481836,0.000212662817076679,9.02962565348066e-05,0.000230109065291273,0,0.0275079189546411,0.0143290982413902,0.00141113902988609,0.000859086534414997,0
0.00286383313256724,0.00341410938399005,0.00553095465602568,0.000201566013799705,0,0,0,0,0.00789642522257215,0.00332645806904772,0,5.43955245398866e-06,0,1.35408495371416e-05,0.00194588444215342,0.00304520183230986,0.0687046608727527,0.0340441603314975,0,0,0,0.000267697446033939,0,0.00383581632565244,0.00542835140500682,0.00335640249062825,0.001151496405979,9.72040214480855e-05,0,0,0,8.00550477378663e-06,7.82916247534323e-05,0.000906607601731438,0.00153666867252723,0.00235242600043705,0.000456605668931546,7.57059649059383e-05,0.000814436597639141,2.8950086220995e-05,8.69141416479414e-05,0.0234037871550235,0.0576080389872386,0.00453949458843864,0.000305362550091203,0.00154645443570134,6.39266474346581e-06,0.00308927546997271,0.00193371784698526,0.001525965189799,0,0,0,0,0.00129071731680582,0.00147608043712358,0,0,0,0.000124983962972706,0.000770995054729619,0.00169054351473614,3.1062875837423e-05,0,2.5560277375119e-05,0,0.00149441048252283,0.00133120503134015,0.00114068920423625,0.000143372417725152,0,0,0,0,8.99396532646167e-06,0.00314967506335839,0.000134948272252668,0.00194651214378535,0.0023521792195672,0.00138561068459685,0.00146289313534162,4.32595013533456e-05,0.0200086572645691,0.00180713538645276,0.0103108252404534,0.010001147788142,0.000109999879578026
0,0,0,0,0,0,0,0,0,0,0,0.0179660060371356,0,0,0,0,0,0,0,0,0,0,0,0,0,0,0,0,0,0.0105736622347682,0,0,0,4.0477666169542e-05,0,0.0116273605829999,0,0.00213190609443213,0,0,0,0.010863475850485,0,0,0,0.00378963719726519,0,0,0,0.000637465319932788,0,0,0,0,0,0,0,0.031244282643854,0,0,0,0,0.0811118950346683,0,0,0,0,0,0,0,0,0,0.0113730705329155,0,0,0,0,0,0.00551678373372691,0,0.00698608782923712,0,0.00211060429192365,9.24973009362258e-06,0.0077530020392096,0.0044856515421041,0
0,0,0,0,0.00344231453596729,0,8.21413570439716e-05,0,0,0,0.00896130322131593,0,0,0,0,0,0,0,0,0,0,0,0,0,0,0,0,0,0,0,0,0,0,0,0,0,0.00541633224465365,0,0.000587135213449072,0,0,0,0,0,0,0,0.00821668116094872,0,0,0,6.42177189897064e-05,0,0,0,0,0,0.00247643077043769,0,0,0,0,0,0,0.0455137230417055,0,0,0,0,0,0,0,0,0,2.33521414975224e-05,0,0,0,0,0,0.00084212842900624,0,7.19477900787212e-05,0.00182596061260498,0,0.00133370495338988,0,0
0,0.000630675851994271,0,2.79177400919477e-06,0,0,0,0,6.03942880129178e-05,0.000148115998739498,0,0,0,0,9.13485256757432e-06,0.000528782944161115,0.00112246505765617,0.00234712056007964,0.000267697446033939,0,0,0,0.00309677884271815,0.000496810152035821,4.54941540924325e-05,0.00217854733155655,0,0.00146449601441862,0,0,0,0,0,0,0,0,0,0.002880543302943,0.000192161948738973,0,0,3.52551007588685e-05,5.4699895021834e-05,7.4624604910631e-06,0,0,0,0,0,0.00388655599669932,0,0,0,0,0,6.21526395513184e-05,0,0,0,0,0,0.000287111867561949,0,0,0.0652451955308398,2.3934461343502e-05,0.000375281517324472,0,0.00129783174042041,0,0.00495868955584519,0,0,0,0,1.61601124679258e-05,0,7.72060676394477e-06,0,9.6439982053993e-07,0.00211663695565134,0.000139074405688844,0.00162007657770633,4.42516258674079e-05,5.70932074235284e-05,8.28800138333161e-06,0
0,0,0,0,0,0,0,0,0,0,0,0,0,0,5.89026707295543e-06,0,0.000375188791517221,0,0,0,0,0.00309677884271815,0,0,0.00145623740032422,0,0.00160957701702398,0,0.000616940553077276,0,0,0,0,0.000310414104919746,0.000489584214419157,0,0,0,0.00905139882190167,0,0,0,0,0,0,0,0,6.32618500784031e-05,0.00370225971483983,0,0,0,0,0,0,0,0,0,0,0,0,0,0,0,0.000119412404485673,0.0662368774231039,0,0.000885984488783329,0,0.00130835631949774,0,0.000517430770110117,0,5.77475299143489e-06,0,0,0,0.00145601515568794,0,0,0,0.00216207951961158,0.00412872029279465,0.00151146286928973,1.21122871915383e-05,0,0
0,0.0179098118340317,0,0.00113085264442027,0,0,0,0,0.00450658152045789,0.00569968878806031,0,0,0,0,0.000153562070129121,0.00929424558051194,0.00618037034426818,0.0121067223330411,0.00383581632565244,0,0,0.000496810152035821,0,0,0.00675643538127769,0.0221128359934661,0,0,0,0,0,0,0,0,2.44116026596475e-05,6.1184174882601e-05,0,0.000917762759360099,0,0,0,0.00417635515813577,0.000212353581313702,0.000317590847896966,0,0,0,9.12813323462956e-06,0.000130362435549262,0.000603943136787873,0,0,0,0,0.00161792571336593,0.00272672979048901,0,3.31068464971172e-05,0,1.69636028189762e-05,0,0.00696759269032004,0,0,1.38967891718033e-05,0,0.0393672507625724,0.00369124284237557,0.0100778296852198,0.000338866935546096,9.45477380053211e-05,0,0,0,0,0,0,0,0,5.38351686554128e-06,0.000406874475384417,0,0.00173823237850823,3.87303922776131e-05,0.000760369624814148,0.00457548966700394,0
0.000363014539897543,0.00181641490853716,0,0,0,0,0,0,0.0091522483887916,0.000281573148575749,0,0,0,0,0.00196850337672642,0.00103304061505496,0.00795443219802788,0.00270769406814152,0.00542835140500682,0,0,4.54941540924325e-05,0.00145623740032422,0.00675643538127769,0,0.000730189100508914,0.0142739277080714,0,0,0,0,0,0,0,0,0,0,0.000153231065000526,0.00263194030729421,0,0,0.00046956689886727,0.000215936874262035,0.000216658705301692,0,0,0,0.000106152625183476,0.000282563523601909,0,0,0,0,0,0.0020885844148489,0.000255438045907663,0,0,0,0,0.000847877888287617,0.00042055139313119,0,0,0,0.00217592256579114,0.0034260339058052,0.0551356472421335,0.000461094732457595,0.000157581271400962,0,0,0,0,0,0,0,0,0,0,0,1.39962609102762e-05,0.000693539350320426,5.35938782136054e-06,0.000908981094778635,0.00022997993809184,0
0,0.0173643216918202,0,0.00172618687413324,0,0,0,0,0.000145528337076666,0.012514839047075,0,0,0,0.0125472251273481,0.000194550690918697,0.0596288762837804,0.00298672001129905,0.0410333641110373,0.00335640249062825,0,0,0.00217854733155655,0,0.0221128359934661,0.000730189100508914,0,0,0.0329209123213838,0,0,0,0,1.09704601470223e-05,0,1.90024446758083e-05,4.5292156666258e-05,1.60362521539839e-06,5.77688350554239e-05,0,0,0,0.00112928805453572,0.000335730216794957,0.00281486616892719,0,0.000128609368749992,0,6.11040902442453e-05,8.20766570522151e-05,0.00570014287051987,0,0,0,0,0.000778578813987095,0.00307331632032621,0,0.00016156040268595,0,0.00292243526550799,0,0.0661659083658768,0,0,0.000201787254512535,0,0.0090369363994744,0.000200564260277942,0.130133551427433,0,0.00631109436265525,0,0,0,0,9.23622731323722e-05,0,0.000168989884232368,5.16291086808733e-06,1.9919578041235e-05,2.91846616012838e-05,0,0.00284421700222256,8.47642108345848e-05,0.000787529136151001,0.000966626051734239,0
0,0,0,0,0,0,0,0,0.0057616527582064,0,0,0,0,0,0.0114517255498598,0.000118458196065229,0.0138086848050288,0.000239821771336209,0.001151496405979,0,0,0,0.00160957701702398,0,0.0142739277080714,0,0,0,0.000458063087756925,0,0,0,0,0,0,0,0,4.93164359120237e-06,0,0,0,0,0,0,0,0,0,0,0,0,0,0,0,0,0.00502363401799097,0,0,0,0,0,0.0167549407606394,0,0,0,0,0.000286805088254679,0,0.00196180761772357,0,0.0648985536753964,0,0.00186567871353491,0,0,0,0,0,0,0,0,0.000111026215201784,0,0.000675310746406845,0,0,0.000344873051024725,0
0,0.00013903929614115,0,7.87425362447895e-06,0,0,0,0,0,6.97305886417901e-06,0,0.00509766050287286,0,0.0163539225470933,0,0.00767339700037926,9.12559023249814e-05,0.00275702987783041,9.72040214480855e-05,0,0,0.00146449601441862,0,0,0,0.0329209123213838,0,0,0,0.0158877278419463,0,0,0,0,0,0,3.80739650878066e-06,0.00239408938482733,0,0,0,0,3.94919954855649e-05,0.000103370135739512,0,0,0,0,3.98446278587332e-06,0.000103551319502058,0,0,0,0,0,0,0,0.00367993447974914,0,0.00871060855841858,0,0.00344720933789737,0,0,0.000419957725123694,0,0.000294022048933982,0,0.0388895905513465,0,0.111182343437731,0,0.00732412097838672,0,0,0,0,0,0,0,0.00186784925388792,0,0.0019178473409529,4.41388830161805e-05,4.86606718147214e-05,8.8590563650352e-06,0
0,0,0,0,0,0,0,0,0,0,0,0,0,0,0,0,0,0,0,0,0,0,0.000616940553077276,0,0,0,0.000458063087756925,0,0,0,0.000356885172942668,0,0,0,0,0,0,0,0.00133911274049167,0,0,0,0,0,0,0,0,0,0.000550746004352168,0,0,0,0,0,0,0,0,0,0,0,0,0,0,0,0,0.00136472949398598,0,0.000151685561256684,0,0.00304309850780615,0,0.0119845359622849,0,0,0,0,0,0,0,0,0,0.00042732921501949,0,0,0,0,0
0,0,0,0,0,0,0,0,0,0,0,0.011409947451815,0,0.00085624428603024,0,0,0,0,0,0.0105736622347682,0,0,0,0,0,0,0,0.0158877278419463,0,0,0,0,0,0.000169546305643426,0,0.000121656624172462,0,0.00333357539962001,0,1.42241098817771e-05,0,3.25127214594812e-05,0,0,0,0.000973286730928597,0,0,0,0,0,0,0,0,0,0,0,0.0176409230172149,0,0,0,0,0.00888344914954949,0,0,0,0,0,0,0,0.0165020441781007,0,0.0769377546580822,0,0,0,0,0,0.000106361754369235,0,0.00743559898632379,0,0.000437418285081765,2.68003012620106e-06,0.000105914661207241,0,0
0,0,0,0,0,0,0,0,0,0,0.00200938587637088,0,0,0,0,0,0,0,0,0,0,0,0,0,0,0,0,0,0.000356885172942668,0,0,0,0,0,0,0,0,0,0.00256893428127078,0,0,0,0,0,0,0,0,0,0,0,0,0,0,0,0,0,0.000565125350018089,0,0,0,0,0,0,0,0,0,0,0,0,0,0,0.000528813935743135,0,0.00561222120071681,0,0,0,0,0,0,0,0.0020710502093696,1.81481685164081e-05,0,0,0,0
0,0,0,0,0,0,0,0,0,0,0,0,0,0,0,0,0,0,8.00550477378663e-06,0,0,0,0,0,0,0,0,0,0,0,0,0,0.0311797973149395,0.00408643884436894,0,0.0167978229319697,0.00281672671820923,2.74949960046936e-06,0,0.0017366316959366,1.58907978059687e-05,0.00038693680060752,0.000284821260559328,0,0,0.00302515147963429,0.00481504767000775,0.00442159226130494,0.00122502239754834,0.00869436027873518,0,0,0,0,0,0,0,0.000103392696593096,0,0,0,0,0.000658817133025048,2.74631239091303e-05,0,0,0,0,0,0,0,0,0,8.69692620301772e-05,0.0708067360781232,0.00550272479872585,0.0048789961175104,0.000231893241534435,0.0121759775500605,0.00324246084775263,5.2926556975162e-05,4.27921919532169e-05,0.00133757710848829,0,0.00430006149845882,0,0.000360089896382682
0,8.09590672927138e-05,0,0,0,0,0,0,0,0,0,0,0,0,0,0,1.84366782508059e-05,3.71545723374447e-06,7.82916247534323e-05,0,0,0,0,0,0,1.09704601470223e-05,0,0,0,0,0,0.0311797973149395,0,0,0.00140762788652035,0.000802554096836911,0.00997109347995992,0,0,0,0.0125348523183559,8.60609351048592e-05,0.000410349922191061,0,0,0,7.74934505363902e-06,0.00571710319740422,0.00342842330176907,0,0,0,0,0,0,0,0,9.49782943304679e-06,0,0,0,0.000222716694215953,0,0,0,0,0,0,0,0,0,0,0,0,0.00767665172281344,0.0519848225386277,0,0.00259666249317837,0.000334002075643694,0.0124276660021216,0,0,0.0013903900027708,0,0.000128497337964962,0,0
0,0,0,0,0,0,0,0,0,7.01484876541921e-05,0,0.000121664322853155,0,0,0,0,9.78710190198965e-06,6.27133120497995e-05,0.000906607601731438,4.0477666169542e-05,0,0,0.000310414104919746,0,0,0,0,0,0,0.000169546305643426,0,0.00408643884436894,0,0,0.207002918597147,0.0135264221397615,0.00305084788729884,0.00767124416484755,0.000568727639512837,0.0012566579933198,0.000197671744355185,0.0166500096319351,0.00297012061901523,6.63087683518129e-05,0,0.0136086353266837,0.00613485692642885,0.021193383289871,0.00065972611055688,0.00905069177337232,0,0,0,0,0,0,0,0.000201858091800174,0,0,0,0,0.00184975206116508,3.13724689103477e-05,0,2.75241191983252e-05,0,0.000328204808127164,0,0,0,0,0,9.42433410014288e-05,0.00345661654687608,0.00172382804282225,0.230865145053563,0.0756169933905769,0.0112248783914665,0.00230108262238884,0.0204310074620951,0.000352538629415487,0.00458967458087378,0.000118852997507604,0.0111038801213601,0.00231007689198748,0.000391778281846242
0,0.00022060849052127,0,0,0,0,0,0,0,0.000391168913341868,0,0,0,0,0,0.000234009666941339,0.000154822892030491,9.89533768740957e-05,0.00153666867252723,0,0,0,0.000489584214419157,2.44116026596475e-05,0,1.90024446758083e-05,0,0,0,0,0,0,0.00140762788652035,0.207002918597147,0,4.13148397991975e-05,0.00217200861138773,5.91343315934698e-05,0.00918522703484492,0,0.000707614813655179,0.00394229905708192,0.0156963364429585,2.32979675787994e-05,0,8.46772980879659e-05,0.0034898763931438,0.05966786185382,0.0145286465317064,0.000152959895089634,0,0,0,0,0,0,0,0,0,0,0,1.0870645169964e-05,0,2.41434297276373e-05,0,0.000865990466851792,4.54620780326593e-05,0,0,0,0,0,0,5.80034382439761e-05,2.00396174151257e-05,0.0269055032142187,0.101013019502498,0.332959694453463,0.000103168731639017,0.00580441977294247,0.0013775405989409,0.0181617174443001,0.00508136703265208,0.000562778604249851,0.00502441150285689,0.000366719579384126,0.00046156899175041
0,0.000124076045893108,0,0,0,0,0,0,0,0.000204458878845935,0,7.88634801451277e-05,0,0,0,3.41756537965499e-05,0.000315203656986303,0.000176448753326749,0.00235242600043705,0.0116273605829999,0,0,0,6.1184174882601e-05,0,4.5292156666258e-05,0,0,0,0.000121656624172462,0,0.0167978229319697,0.000802554096836911,0.0135264221397615,4.13148397991975e-05,0,0.00421865621274911,0.00648748622631191,1.77235735615147e-06,0.000349810428607853,2.41076477764399e-05,0.00553544644006203,0.000501948800334775,0.00073211636294176,2.47282486311976e-06,0.00621789356830041,7.0270357751489e-05,0.000639067949257443,3.88230752878339e-05,0.00224622507903145,0,0,0,0,0,0,0,6.86826727024367e-05,0,0,0,2.63594801678603e-05,0.00653074048525511,0,0,0,1.19599635317988e-05,0,6.16828258015933e-06,0,0,0,0,1.48130558386421e-05,0.00224739554073202,0.00025728923697701,0.00379760974458037,3.24551643808778e-05,0.0828503285880848,0.000894910302541789,0.00685565695479963,0,0.0134875520974353,0.00697545522788889,0.00171774110040122,0.00292826036128187,0
0,1.50745872819001e-06,0,0,1.39685453186669e-05,0,0,0,0,0,9.81603217216024e-05,0,0,0,0,9.74298918793304e-06,3.89632338292523e-05,3.39167796324273e-05,0.000456605668931546,0,0.00541633224465365,0,0,0,0,1.60362521539839e-06,0,3.80739650878066e-06,0,0,0,0.00281672671820923,0.00997109347995992,0.00305084788729884,0.00217200861138773,0.00421865621274911,0,0.000226385013049549,0.0112756808799636,0,0.00102298275580277,0.000138409456164404,0.00750524385615317,2.46597668441311e-05,0,0,0.00175222737279918,0.000708298403798812,0.00127276621480523,0,0,0,0,0,0,0,0,0,0,0,0,1.31860542963072e-05,0,0.00326481770711714,0,0,0,0,1.79302359006535e-06,0,0,0,0,5.71883499405764e-05,0.000586386607115747,0.00103308648033777,0.000108517562401067,0.00233998813107947,0.00192324741371077,0.0880345184366766,4.84740301408986e-06,0.00398364004328889,0.0193869198028338,0.00723031164891647,0.00181100837284289,6.10908339973343e-05,3.90513446412577e-05
0,0.000333764980809162,0,3.86529302388248e-06,0,0,0,0,3.80558724337248e-05,0,0,0.00708930780285416,0,0,0,0.000112922763572163,0.000256323350475145,0.000336302060844761,7.57059649059383e-05,0.00213190609443213,0,0.002880543302943,0,0.000917762759360099,0.000153231065000526,5.77688350554239e-05,4.93164359120237e-06,0.00239408938482733,0,0.00333357539962001,0,2.74949960046936e-06,0,0.00767124416484755,5.91343315934698e-05,0.00648748622631191,0.000226385013049549,0,0.00199303527024043,2.26259684200319e-06,0,0.00239752306832821,0,0,0,0.00109462479163726,0,0.000849083230655427,0,0.00209120065206529,0,0,0,0,0,2.18466607692201e-05,0,0.000147244427107309,0,0,0,0,0.00274925384908111,0,0.000514156154824511,0,0.000776450980863029,0,0.000110678864957916,0,0.0012911523504986,0,0.00306139675901518,0,1.81760567663303e-05,0,0.00385241397693481,0,0.00357569174488676,0,0.0971087753700301,0,0.0168003651119194,0.0163203276862308,0.00245877016231293,0.00127617868922976,0
0,0,0,0,0,0,0,0,0,0,0.00805379575469498,0,0,0,0,0,0,0,0.000814436597639141,0,0.000587135213449072,0.000192161948738973,0.00905139882190167,0,0.00263194030729421,0,0,0,0.00133911274049167,0,0.00256893428127078,0,0,0.000568727639512837,0.00918522703484492,1.77235735615147e-06,0.0112756808799636,0.00199303527024043,0,0,3.85064348032731e-05,0,0.00100569243160589,0,0,0,4.27499079279891e-05,0.00354413343006481,0.00798621821180757,0,0,0,0,0,0,0,0.000346142760514224,0,0,0,0,0,0,0.000443888373535899,0,0.011799933486503,0,6.17424730957343e-05,0,9.43905555782746e-05,0,0.00124117965333582,0,0.000701318539017189,0,6.97466839291516e-06,0,0.0114963641350494,0,0.00244862940814807,0.000553567940286932,0.0784441626771044,0.00861482616364796,0.00486263523053883,0.000782841110809799,0,0
0,0,0,0,0,0,0,0,0,0,0,3.6422842221109e-05,0,0,0,0,0,0,2.8950086220995e-05,0,0,0,0,0,0,0,0,0,0,1.42241098817771e-05,0,0.0017366316959366,0,0.0012566579933198,0,0.000349810428607853,0,2.26259684200319e-06,0,0,0,2.01750550237433e-05,0,0,0,0.00388067348381642,0,0.00604893616771013,0,0.00368772158741527,0,0,0,0,0,0,0,2.53943466409737e-05,0,0,0,0,0.00375078125069082,0,0,0,0,0,0,0,0,0,0,0,0.00838069585000218,0,0.00103989712012574,0,0.00124890508000151,0,5.64211960461654e-05,0,1.11040682637335e-06,0,2.44192686338896e-05,0,0
0,0,0,0,0,0,0,0,0,0,0,0,0,0,0,0,1.94175314908846e-05,0,8.69141416479414e-05,0,0,0,0,0,0,0,0,0,0,0,0,1.58907978059687e-05,0.0125348523183559,0.000197671744355185,0.000707614813655179,2.41076477764399e-05,0.00102298275580277,0,3.85064348032731e-05,0,0,6.47489236836321e-05,0.00103086289178118,0,0,8.4572146818963e-06,0.0464054694217887,0.00146000234035109,0.00657421324704665,0,0,0,0,0,0,0,0,0,0,0,0,0,0,0.00295009511801219,0,0,0,0,0,0,0,0,0,0.000392029011691927,0,0.0274592680734943,0.000266045941428496,8.85950442735769e-05,0,0.00526996861648934,0,0.000586841118457137,1.75703795114918e-05,2.68292231957938e-06,0.00450445980879411,6.29875997011364e-05,0.00079740267557368
0,0.0092417826852278,0,0.000302971135096736,0,0,0,0,0,0.00195621429424107,0,0.00345242880387808,0,2.79607572578863e-05,0,0.00174909997723211,0.00153062725166654,0.00146445986159856,0.0234037871550235,0.010863475850485,0,3.52551007588685e-05,0,0.00417635515813577,0.00046956689886727,0.00112928805453572,0,0,0,3.25127214594812e-05,0,0.00038693680060752,8.60609351048592e-05,0.0166500096319351,0.00394229905708192,0.00553544644006203,0.000138409456164404,0.00239752306832821,0,2.01750550237433e-05,6.47489236836321e-05,0,0.013492476181636,0.00224291233260148,1.05817324321106e-05,0.00679996215300243,0.000100916504438244,0.0166933714809728,0.000683083104870148,0.0807770536553119,0,0,0,0,0.000171550763188423,0.000646360458546203,0,0.0108569849341025,0,0,0,0.000912479095308111,0.00588334802329857,0,0,0,0.00444925995173065,0,0.00022839327775127,0,4.20444368656272e-05,0,0.0122327019274681,0,0.000400798688207425,0.00209048790738341,0.0346803826767273,0.00390423442697001,0.0111934726830268,0.000607950051607478,0.0267031309484687,2.21941239146066e-05,0.00375716547156334,0.000450810771304596,0.0418029428378198,0.0547949347816231,0
1.37384548223908e-05,0.000339265351338415,0,1.06017749540195e-05,0,0,0,0,0.000405853311815385,0.000608700395746738,0,0,0,3.41688032674727e-06,9.84055880507166e-05,0.000531868908918208,0.00151932573543203,0.00155393686194974,0.0576080389872386,0,0,5.4699895021834e-05,0,0.000212353581313702,0.000215936874262035,0.000335730216794957,0,3.94919954855649e-05,0,0,0,0.000284821260559328,0.000410349922191061,0.00297012061901523,0.0156963364429585,0.000501948800334775,0.00750524385615317,0,0.00100569243160589,0,0.00103086289178118,0.013492476181636,0,0.000725586522080362,0.00902287068218492,0.000447469529970648,0.0198688119007456,0.0245734499545645,0.0515090023813089,0.000179870076646616,0,0,0,0,5.22748003624011e-05,0.000130340596631869,0,0,0,7.27955284412048e-06,0,0.00058807864749878,3.31830879109363e-05,0.000462691282483951,0,0,2.90367372791854e-05,0,0.000119189719699842,0,0,0,0,0.00381035627498819,1.12202447603666e-05,0.0105330158527343,0.00117202255023329,0.0183714964680837,0.00042715444194049,0.0360852287930446,0.000242933470171495,0.00979798786248694,0.00622382657157878,0.000492265218913909,0.0384656013458064,0.00228574958502967,0.113120847188861
0,0.00568147974661868,0,0,0,0,0,0,0,0.0053288674870747,0,0,0,1.09882811869091e-05,0,0.00297987075424884,0.000846280226093205,0.00160826366392604,0.00453949458843864,0,0,7.4624604910631e-06,0,0.000317590847896966,0.000216658705301692,0.00281486616892719,0,0.000103370135739512,0,0,0,0,0,6.63087683518129e-05,2.32979675787994e-05,0.00073211636294176,2.46597668441311e-05,0,0,0,0,0.00224291233260148,0.000725586522080362,0,0,0.00478420734574446,0,4.14634076488477e-05,0.000132743827512927,0.000464481350292995,0,0,0,0,0,0.00484253807348382,0,0,0,1.56197862075741e-05,0,0.00886063536572307,0,0,0,0,0.00043221411070234,0,0.000830936538602907,0,0,0,0,0,0,0,0,0.000109622807704804,0.000430395469606265,1.4641961012864e-05,7.21478726206562e-05,0,0.000875119861898126,0.000337638584915711,0.0049829276784558,0.00625965804129194,0
0,3.40266487732954e-05,0,0,0,0,0,0,0,9.92660868264796e-05,0,0,0,0,0,0,7.10192755929262e-05,1.01776250553485e-05,0.000305362550091203,0,0,0,0,0,0,0,0,0,0,0,0,0,0,0,0,2.47282486311976e-06,0,0,0,0,0,1.05817324321106e-05,0.00902287068218492,0,0,7.79194609299384e-05,0.00515025475655192,8.27132857236235e-05,0,0,0,0,0,0,0,0,0,0,0,0,0,0,0,0,0,0,0,0,0,0,0,0,0,0,0,0,0,0,0,0,0,0,2.78835495768574e-05,4.08792967127884e-06,0.00392015289081789,4.8668090507238e-05,0.0217929403613239
0,0.000961733653444057,0,0,0,0,0,0,0,1.80987761661835e-05,0,0.00196348957797195,0,0,0,0.00010264744397582,0.000208808903833044,0.000190902357000966,0.00154645443570134,0.00378963719726519,0,0,0,0,0,0.000128609368749992,0,0,0,0.000973286730928597,0,0.00302515147963429,0,0.0136086353266837,8.46772980879659e-05,0.00621789356830041,0,0.00109462479163726,0,0.00388067348381642,8.4572146818963e-06,0.00679996215300243,0.000447469529970648,0.00478420734574446,7.79194609299384e-05,0,0.000303978277868872,0.00164113921572991,0.00016399775723567,0.00243717475178694,0,0,0,0,0,0,0,0.00664080494849189,0,0,0,0.000197734141341862,0.0656983381940295,0,0,0,0,0,9.96411679418532e-05,0,0,0,0.00085356959826156,0,0.0114825470637381,0.00028782949668494,0.0127168024376339,1.48116771251736e-05,0.00627778677815559,5.27576113862511e-05,0.00618378394826173,4.42579391204143e-06,0.00056325823088097,4.31891371104094e-05,0.0218716473366635,0.00470180488744935,0
0,0,0,0,0,0,0,0,0,0,0.000389112544976806,0,0,0,0,0,0,0,6.39266474346581e-06,0,0.00821668116094872,0,0,0,0,0,0,0,0,0,0,0.00481504767000775,7.74934505363902e-06,0.00613485692642885,0.0034898763931438,7.0270357751489e-05,0.00175222737279918,0,4.27499079279891e-05,0,0.0464054694217887,0.000100916504438244,0.0198688119007456,0,0.00515025475655192,0.000303978277868872,0,0.000885276719859832,0.00553359087891671,3.41956518509715e-05,0,0,0,0,0,0,0.000121636871952998,0,0,0,0,0,2.23128518717858e-05,0.0647787224737729,0,0,0,0,0,0,0,0,0,0.00597959428412805,0.000480081305222059,0.000565743967070709,0.00201089184698804,0.00144932349925374,7.59400655070826e-05,0.0168194836547687,2.41509584898974e-05,0.00503020181203269,9.57686433379953e-05,0,0.0502984141150611,0,0.0131664805841956
0,0.000188465295749623,0,0,0,0,0,0,7.5508441945882e-06,8.67650601944176e-05,0,0,0,0,0,3.57253916871201e-05,0.000298213553317383,9.76788801982241e-05,0.00308927546997271,0,0,0,6.32618500784031e-05,9.12813323462956e-06,0.000106152625183476,6.11040902442453e-05,0,0,0,0,0,0.00442159226130494,0.00571710319740422,0.021193383289871,0.05966786185382,0.000639067949257443,0.000708298403798812,0.000849083230655427,0.00354413343006481,0.00604893616771013,0.00146000234035109,0.0166933714809728,0.0245734499545645,4.14634076488477e-05,8.27132857236235e-05,0.00164113921572991,0.000885276719859832,0,0.0224420050263596,0.0349909359127055,0,0,0,0,0,4.67990558260323e-05,0,0,0,0,0,5.78076868212393e-05,0.000592104283291081,0,0,5.33301159338613e-06,0,0,2.18729844819466e-05,0,0,0,0,8.58618364993791e-06,0.000502880989301079,0.0093799864478301,0.0168695720585587,0.0415430632831572,0.00107689339191397,0.00239297786698153,0.0104796947566837,0.00548546561033774,0.00444929391457425,0.000128951478240818,0.00752212960325285,0.00139776295616041,0.00016990610990458
0.00125285306103119,7.51257631752771e-05,0.00364999170952636,0,0,0,0,0,0.000133052504930125,6.25980485772894e-05,0,0,0,0,0,6.21982274906503e-05,0.000136163900988629,0.000130711655298987,0.00193371784698526,0,0,0,0.00370225971483983,0.000130362435549262,0.000282563523601909,8.20766570522151e-05,0,3.98446278587332e-06,0.000550746004352168,0,0,0.00122502239754834,0.00342842330176907,0.00065972611055688,0.0145286465317064,3.88230752878339e-05,0.00127276621480523,0,0.00798621821180757,0,0.00657421324704665,0.000683083104870148,0.0515090023813089,0.000132743827512927,0,0.00016399775723567,0.00553359087891671,0.0224420050263596,0,6.65733636368693e-06,0,0,0,0,0,1.61700337155462e-05,0,0,0,0,0,0.000130892210917167,2.64847957126141e-05,0.00056999057935278,0,0.000533313159286633,0,0.019935362042453,7.79558199825764e-06,0.00150882605985688,0,0.0025173497171101,0,0.014052587259797,4.54838831689855e-05,0.0146060819811324,0.00013450296719876,0.0117692958898212,0.000108295129361996,0.00318259787011495,0,0.00891130717325276,0.00024157742950826,7.00356314999654e-05,0.0273737825615706,5.99901555381269e-05,0.000812048075586186
0,0.00539270885119685,0,3.55293803635508e-05,0,0,0,0,0,0.00234514922611417,0,0.00030964361931037,0,0,0,0.00449883614508841,0.00011850158364677,0.00115940313019923,0.001525965189799,0.000637465319932788,0,0.00388655599669932,0,0.000603943136787873,0,0.00570014287051987,0,0.000103551319502058,0,0,0,0.00869436027873518,0,0.00905069177337232,0.000152959895089634,0.00224622507903145,0,0.00209120065206529,0,0.00368772158741527,0,0.0807770536553119,0.000179870076646616,0.000464481350292995,0,0.00243717475178694,3.41956518509715e-05,0.0349909359127055,6.65733636368693e-06,0,0,0,0,0,0,0.00228418146877048,0,0.00270137488715715,0,0.000375491519304893,0,0.00304277639687192,0.00100938696123383,0,0.0120609121180403,0,0.0106538534271832,0,0.00756682584093054,0,0.0187064504392134,0,0.00731897912436761,0,0.00639690980853169,0.000152917860634634,0.0192775621058327,0.000368990012520887,0.00328873541912432,9.00853085505644e-06,0.0273979326886097,0,0.000567212516425158,4.55818704280351e-05,0.0184438900223392,0.00988114900156539,0
0,0,0,0,0.0239036188818473,0,0.00238284057106527,0,0,0,0,0,0,0,0,0,0,0,0,0,6.42177189897064e-05,0,0,0,0,0,0,0,0,0,0,0,0,0,0,0,0,0,0,0,0,0,0,0,0,0,0,0,0,0,0,0,0.00223374470676712,0,0,0,0.0275473712404312,0,0.00369011993737024,0,0,0,0,0,0,0,0,0,0,0,0,0,0,0,0,0,0,0,0,0,0,0,0.000121346696179076,0,0.000324883125722008,0,0
0,0,0,0,0,0,0,0,0,0,0,0,0,0,0,0,0,0,0,0,0,0,0,0,0,0,0,0,0,0,0,0,0,0,0,0,0,0,0,0,0,0,0,0,0,0,0,0,0,0,0,0,0,0,0,0,0,0,0,0,0,0,0,0,0,0,0,0,0,0,0,0,0,0,0,0,0,0,0,0,0,0,0,0,0,0,0
0,0,0,0,0.00366259498805813,0,0.0125328847043159,0,0,0,7.379748199891e-05,0,0,0,0,0,0,0,0,0,0,0,0,0,0,0,0,0,0,0,0,0,0,0,0,0,0,0,0,0,0,0,0,0,0,0,0,0,0,0,0.00223374470676712,0,0,0,0,0,0.00887259517379443,0,0,0,0,0,0,0,0,0,0,0,0,0,0,0,0,0,0,0,0,0,0,0,0,0,3.8474760557608e-05,0,0,0,0
0,0,0,0,0,0,0,0.0144238516126949,0,0,0,0,0,0,0,0,0,0,0,0,0,0,0,0,0,0,0,0,0,0,0,0,0,0,0,0,0,0,0,0,0,0,0,0,0,0,0,0,0,0,0,0,0,0,0,0,0,0,0,0,0,0,0,0,0,0,0,0,0,0,0,0,0,0,0,0,0,0,0,0,0,0,0.000629598667360187,0.0001399666898298,0,0,0
0.00586663786084191,3.37087479414834e-05,0,0,0,0,0,0,0.00380388522738275,0,0,0,0,0,0.00370654539090383,3.91682969668053e-05,0.00425289925850548,0.000679891266356968,0.00129071731680582,0,0,0,0,0.00161792571336593,0.0020885844148489,0.000778578813987095,0.00502363401799097,0,0,0,0,0,0,0,0,0,0,0,0,0,0,0.000171550763188423,5.22748003624011e-05,0,0,0,0,0,0,0,0,0,0,0,0,0.00130529761253217,0,0,0,0,0.00632555923461107,0,0,0,0,0,0.000890875006915533,0.00175938391078215,0,0.00190267499420648,0,0,0,0,0,3.15371426418902e-05,0,0,0,0,0,0,0.00041087613866934,0,0,0,0
0,0.0161173425881336,0,3.38935749917126e-05,0,0,0,0,0.000150939110939304,0.0264368633161552,0,0,0,2.08206786801407e-05,0,0.0399880253894479,0.000893920821485157,0.00614363555099758,0.00147608043712358,0,0,6.21526395513184e-05,0,0.00272672979048901,0.000255438045907663,0.00307331632032621,0,0,0,0,0,0,0,0,0,0,0,2.18466607692201e-05,0,0,0,0.000646360458546203,0.000130340596631869,0.00484253807348382,0,0,0,4.67990558260323e-05,1.61700337155462e-05,0.00228418146877048,0,0,0,0,0.00130529761253217,0,0,0,0,4.79571881071422e-05,0,0.0198780896988183,0,0,0,0,0.00304304575432557,0,0.000745365527636804,0,0,0,0,0,0,7.10944536029053e-05,0,0,1.72090751622893e-05,8.23567317757059e-06,8.47030842253728e-05,0,0.000847090212256723,0.000166956060185669,5.7287523820758e-05,0.00103819681468331,0
0,0,0,0,0.00027520009657684,0,0.00178748555091344,0,0,0,0.0253876238374509,0,0,0,0,0,0,0,0,0,0.00247643077043769,0,0,0,0,0,0,0,0,0,0.000565125350018089,0,0,0,0,0,0,0,0.000346142760514224,0,0,0,0,0,0,0,0.000121636871952998,0,0,0,0.0275473712404312,0,0.00887259517379443,0,0,0,0,0,0.00839460184909297,0,0,0,0,1.87996293158159e-05,0,0,0,0,0,0,0,0.00205583222740791,0,0.00570626536204522,0,0,0,0,0,0,0,8.87845430123158e-05,4.53046530106325e-05,0,4.05998212027487e-05,0,0
0,0.000446373496485198,0,0,0,0,0,0.00103483765366558,0,0,0,0.0554094214574301,0,0.00362826395889073,0,5.32381455918482e-05,0,9.35667451240131e-05,0,0.031244282643854,0,0,0,3.31068464971172e-05,0,0.00016156040268595,0,0.00367993447974914,0,0.0176409230172149,0,0.000103392696593096,9.49782943304679e-06,0.000201858091800174,0,6.86826727024367e-05,0,0.000147244427107309,0,2.53943466409737e-05,0,0.0108569849341025,0,0,0,0.00664080494849189,0,0,0,0.00270137488715715,0,0,0,0,0,0,0,0,0,0.000367853766585988,0,0.00224040296890986,0.0205238011771386,0,0,0,0,0,0.00136593113994472,0,0.0102004910387642,0,0.0781927953173276,0,3.66752297461842e-05,0,4.09466581532063e-05,0,0.000172689482750825,0,0.000809634165189053,0,0.000453811019061863,5.52742721993127e-06,0.00688225862379749,0.00131311383008671,0
0,0,0,0,0,0,0,0,0,0,0,0,9.68757594819181e-05,0,0,0,0,0,0,0,0,0,0,0,0,0,0,0,0,0,0,0,0,0,0,0,0,0,0,0,0,0,0,0,0,0,0,0,0,0,0.00369011993737024,0,0,0,0,0,0.00839460184909297,0,0,0,0,0,0,0,0,0,0,0,0,0,0,0,0,0,0,0,0,0,0,0,0,0,0,0,0,0,0
