0,0,0.000329465379661029,0,0,0,0,0,0.131118696724467,0,0,0,0,0,0.0150811427881592,0,0,0,0.0037047649803261,0,0,0,0,0,0,0,0,0,0,0,0,0,0,0,0,0,0,0,0,0,0,0,0.000221819358681145,0,0,0,0,0,0.000620591198583372,0,0,0,0,0,0.125919306432606,0,0,0,0,0,0.0681644084103578,0,0,0,0,0,0,0.00148104986757758,0,0,0,0,0,0,0,0,0,0,0,0,0,0,0.00222114322413545,7.17904353501613e-05,0.00602925698032602,0,0.00500343103406884
0,0,0,0.0330737723027178,0,0,0,0,0,0.0486445915417304,0,0,0,0,0,0.00461121184740648,0,0,0.00232790041193231,0,0,0,0,0,0,0,0,0,0,0,0,4.22716981524911e-05,0,0.000430499643036123,0,3.89749967520466e-06,0,0,0,0.000677458444309175,0,0.0113030726218608,0,0.000212505959363146,0,2.95982932933332e-05,0,0.00188687976018033,0,0.0273957403148016,0,0,0,0,0,0.0208258295896926,0,0,0,0,0,0.12752266277671,0,0,0,0,0,0,0,0,0,0,0.000128711994549938,0,0,0,0,0,1.94050710702285e-05,0,4.42906441588156e-06,0,0.00211470913043596,0,0.00654392868794195,0.00752359577768499,0
0.000329465379661029,0,0,0,0,0,0,0,0,0,0,0,0,0,0,0,0,0,0,0,0,0,0,0,0,0,0,0,0,0,0,0,0,0,0,0,0,0,0,0,0,0,0,0,0,0,0,0,0,0,0,0,0,0,0,0,0,0,0,0,0,0,0,0,0,0,0,0,0,0,0,0,0,0,0,0,0,0,0,0,0,0,0,0,0.00666413711830222,0,0
0,0.0330737723027178,0,0,0,0,0,0,0,0,0,0,0,0,0,0,0.000171066723859108,0,0.000239113530315542,0,0,0,0,0,0,0,0,0,0,0,0,0,0,0.0011559296958385,0,8.29457604907495e-05,0,0,0,0.00754713754681082,0,0.00338186937035259,0,0.00377194337327864,0,0.0146584511164497,0,0.00528217494955391,0,0.0226553443946805,0,0,0,0,0,0,0,0.000613439503896275,0,0,0,0,0.000694907819542487,0,0,0,0,0,0,0,0,0,0.000367199712374588,0,0,0,0.000288893994848076,0,3.02025646180501e-05,0,0.000100629996336221,0,0.000227123883884205,0,0.0158105997580047,0.000335192963945102,0
0,0,0,0,0,0,0,0,0,0,0,0,0,0,0,0,0,0,0,0,0,0,0,0,0,0,0,0,0,0,0,0,0,0,0,0,0,0,0,0,0,0,0,0,0,0,0,0,0,0,0.0460070113209774,0,0,0,0,0,0,0,0,0,0,0,0,0,0,0,0,0,0,0,0,0,0,0,0,0,0,0,0,0,0,0,3.36248208541063e-05,0,0,0,0
0,0,0,0,0,0,0,0,0,0,0,0,0,0,0,0,0,0,2.71402616314567e-05,0.0165472663101545,0,0,0,0,0,0,0,0,0,0,0,0,0,0.00018415510302466,0,9.60693950055377e-05,0,0,0,0.000533191200754415,0,0.00109469953403634,0,9.76194154670715e-05,0,0.0480832140085572,0,0.000664743186511538,0,0.00161030653606969,0,0,0,0,0,0,0,5.50744560043892e-05,0,0,0,0,0.0652641178168231,0,0,0,0,0,0,0,0,0,0,0,0,0,0,0,2.54998934421204e-05,0,0,0,0.00115785692186616,0,0.00135567656096768,0,0
0,0,0,0,0,0,0,0,0,0,0,0,0,0,0,0,0,0,0,0,0.0293072424580923,0,0,0,0,0,0,0,0,0,0,0,0,0,0,0,0,0,0,0,0,0,0,0,0,0,0,0,0,0,0,0,0.00795353248491892,0,0,0,0,0,0,0,0,0,0,0.0107039666592351,0,0,0,0,0,0,0,0,0,0,0,0,0,0,0,0,0,0,1.85022769828372e-05,0,0,0,0
0,0,0,0,0,0,0,0,0,0,0,0,0,0,0,0,0,0,0,0.0116959921485372,0,0,0,0,0,0,0,0,0,0,0,0,0,0,0,0,0,0,0,0,0,0,0,0,0,0.00119841214414256,0,0,0,0,0,0,0,0,0,0,0,0,0,0,0,0,0.00697960818464202,0,0,0,0,0,0,0,0,0,0,0,0,0,0,0,0,0,0,0,7.89746671970848e-05,0,0,0,0
0.131118696724467,0,0,0,0,0,0,0,0,0,0,0,0,0,0.0772342849598185,0,0.000456169036093009,0.00129439859406216,0.00487876022831404,0,0,0,0,0,0.00307204896163223,0,0,0,0,0,0,0,0,0,0,0,0,0,0,0,0.000179350069898041,0,0.000949036038772037,0,0.000374019828409266,0,0,0,0.00306385984027985,0,0,0,0,0,0.169517334048298,0,1.19943514677954e-05,0,0,0,0.00727222919965476,0,0,0,0,0,0,0.00427474260765902,0,0,0,0,0,4.76310297461556e-05,0,0,0,0,3.30974051869623e-06,0,0,2.64383364836988e-06,0.00396073159017012,0.000287645187951735,0.00196113296345597,0,0.000258737650283464
0,0.0486445915417304,0,0,0,0,0,0,0,0,0,0,0,0,0,0,0,0.00135849401339625,0.00267056641453831,0,0,0,0,0,0,0.00882000374156733,0,0,0,0,0,0,0,0,0,0,0,0.00145903921967644,0,0,0,0.000383583136854583,0,0,0,0,0,0,0,0.000256941409196452,0,0,0,0,0,0.0386386303159331,0,0,0,0,0,0,0,0,0,0,0,0,0,0,0,0,0,0,0,0,0,0,0,0,2.68939959757371e-05,0,0.00458045468277459,0.000204319327501609,0.00157168235382616,0,0
0,0,0,0,0,0,0,0,0,0,0,0,0.00258350010664747,0,0,0,0,0,0,0,0.0624434575048031,0,0,0,0,0,0,0,0.000730147742778463,0,0.0248461661465001,0,0,0,0,0,0,0,0.0179141747741312,0,0,0,0,0,0,0,0,0,0,0,0,0,0,0,0,0,0.0791829209059136,0,0.000271063916443381,0,0,0,0,0.000407461216280477,0,0,0,0,0,0,0,0,0,0.00038394206978801,0,0,0,0,0,0,0,0.0171423291857062,0.00339672444620247,0,0,0,0
0,0,0,0,0,0,0,0,0,0,0,0,0,0.00170107148120292,0,0,0,0,0,0.333572854380134,0,0,0,0,0,0,0,0.000555017644915368,0,0.00691115010908432,0,0,0,0,0,0.00838446600648964,0,0.0403326400972162,0,0,0,0,0,0,0,0,0,0,0,0,0,0,0,0,0,0,0,0.0817125393441317,0,0.000971262065825281,0,0,0.501654271207741,0,0,0,0,0,0,0,0.000450956344353583,0,0.0344837895614739,0,0,0,0,0,0.00776223973337349,0,0.046533952959668,0,0.00364325635788002,0.00448109885793638,0,0,0
0,0,0,0,0,0,0,0,0,0,0.00258350010664747,0,0,0,0.000181722265505573,0,0,0,0,0,0,0,0,0,0,0,0,0,0,0,0,0,0,0,0,0,0,0,0,0,0,0,0,0,0,0,0,0,0,0,0,0,0.00392096794067459,0,0,0,0.0263717946984081,0,0.117356027229256,0,0,0,0,0,0,0,0,0,0,0,0,0,0,0.000122287844707417,0,0,0,0,0,0,0,0,0.00180683184561773,8.05123818281572e-06,0,0,0
0,0,0,0,0,0,0,0,0,0,0,0.00170107148120292,0,0,0,0.000776708396286852,0,0,0,0,0,0,0,0,0,0,0,0.00012093430954645,0,0,0,0,0,0,0,0,0,0,0,0,0,0,0,0,0,0,0,0,0,0,0,0,0,0,0,0,0,0.00193617701665038,0,0.263182942680215,0,0.0200384585616689,0,0,0,0,0,0,0,0,0.00471110998139684,0,0.000108649455673397,0,0,0,0,0,0,0,0,0,0.00347715962144893,0.0102705578713202,0,0,0
0.0150811427881592,0,0,0,0,0,0,0,0.0772342849598185,0,0,0,0.000181722265505573,0,0,0,0.000245254383779828,0,0,0,0,0,0,0,0.000103974227835812,0,0.0893928111319533,0,0,0,0,0,0,0,0,0,0,0,0,0,0,0,0,0,0,0,0,0,0,0,0,0,0,0,0.0995470995373523,0,0,0,0.000664622057665945,0,0.0495075408502956,0,0,0,0,0,0,0,0,0.00856576064718552,0,0.00128428048196849,0,0,0,0,0,0,0,0,0,0,0.00298592566622991,2.54630125225526e-05,0,0,0
0,0.00461121184740648,0,0,0,0,0,0,0,0,0,0,0,0.000776708396286852,0,0,0,0,0,0,0,0,0,0,0,0,0,0,0,0,0,0,0,0,0,0,0,0,0,0,0,0,0,0,0,0,0,0,0,0,0,0,0,0,0,0.0196368231760475,0,0,0,0,0,0.088118685254108,0,0,0,0,0,0,0,0,0,0,0,0,0,0,0,0,0,0,0,0,6.14420289357773e-05,0.0004555347773849,0,0,0
0,0,0,0.000171066723859108,0,0,0,0,0.000456169036093009,0,0,0,0,0,0.000245254383779828,0,0,0.119170081409281,0.16246274831544,0,0,0,0.000929760561736874,0,0.000702780164551494,0,0.00775193213038412,0,0,0,0,0,0,0,0,0,0,0,0,0.00390154318422618,0.000264011228340308,0.000168417773072381,0.00142135916798859,0.000713664873751131,0.000365006473800454,1.97347057885396e-05,0.000135832403413566,0.000112858915420102,7.47703620342276e-06,7.2629164457104e-05,0,0,0,0,0,0,0,7.03594021016218e-06,0,0,1.30377541086417e-05,0,0.000113708722383741,0,0,0.000237350386751098,0,0,0,0.00165425645111065,0,0,0.000159409081722216,2.27462500693998e-05,0,0,0,0,0.00149838937593779,0.000142611792425637,0.00158965821115773,8.34937349093164e-05,0.0169037484284428,0.000271845743268355,0.00139094838176514,1.12712575217057e-05,0
0,0,0,0,0,0,0,0,0.00129439859406216,0.00135849401339625,0,0,0,0,0,0,0.119170081409281,0,0.0874798394624674,0,0,0.00519745138889902,0.00122388780785689,0,2.56432216597013e-05,0,0,0,0,0,0,0,0,0,0,0,0,0,0,0.00302305568113258,0.000121530092526654,0.000360067884359612,0.0016920042964998,0.00105547307191539,0,2.43748400557057e-05,4.17050292613712e-05,0,0,6.02033944783326e-05,0,0,0,0,0,0,0,2.10715511074841e-05,0,0,0,0,0.000130007225697146,0,0.000150046044635521,7.99278909899336e-05,0,0,0,0,0,0,0.000220529644918487,5.80927726006975e-05,0,0,0,0,0.00205060787898786,6.06583040499168e-06,0.00190512930288032,2.93424207722256e-05,0.0225247972131127,0.00100572698642097,0.00126172495339006,9.17246625698983e-06,0
0.0037047649803261,0.00232790041193231,0,0.000239113530315542,0,2.71402616314567e-05,0,0,0.00487876022831404,0.00267056641453831,0,0,0,0,0,0,0.16246274831544,0.0874798394624674,0,0,0,0,0,0.000950110461095431,0,0,0,0,0,0,0,0,0,0,1.17201089641285e-05,0,0,4.9617771400454e-06,0,0.0730739736406458,0.0993466748736752,0.0139071317257679,0.043040130517504,0.022602928117654,0.0375526755149604,0.000784558854909344,0.0275311027692931,0.00171809179866355,0.00156113059980402,0.00164049893470182,0,0,0,0,0,0,1.69333130623188e-05,0.000106015323684062,0,0,0,0,0.00199519559614015,8.50853873444926e-05,0,0,0,0,0,0,0,0,0.0012025189554395,0.001108599183999,0,0,0,0,0.0257035857646777,0.0170390164632504,0.0100934259142552,0.0090473184129138,0.0349964333260558,0.0024858398109875,0.067206753156206,0.000508681812871969,0.00275716674547611
0,0,0,0,0,0.0165472663101545,0,0.0116959921485372,0,0,0,0.333572854380134,0,0,0,0,0,0,0,0,0,0,0,0,0,0,0,0,0,0,0,0,0,0,0,0.0201400537433155,0,0.0174868220622372,0,0,0,6.1016968017422e-05,0,0,0,0.0300080170727294,0,0,0,0,0,0,0,0,0,0,0,0.00941148581068178,0,0,0,0,0.220708705633361,0,0,0,0,0,0,0,0,0,0,0,0,0,0,0,0.0172144835243326,0,0.0396364048892505,0,0.00314802713702168,5.04742000431048e-05,0.00204362440806874,0,0
0,0,0,0,0,0,0.0293072424580923,0,0,0,0.0624434575048031,0,0,0,0,0,0,0,0,0,0,0,0,0,0,0,0,0,0,0,0,0,0,0,0,0,0.0196157971642502,0,0.000646173946887249,0,1.2780464972547e-05,0,0,0,0,0,0.00064294483373886,0,5.80196151825101e-05,0,0,0,0,0,0,0,6.09207686926732e-05,0,0,0,0,0,0,0.119494957213289,0,0,0,0,0,0,0,0,0,0.000288462739022702,0,0,0,0,0,0.0101108122783616,0,0.0130554067229266,0.00904056900143425,0.000304949858508897,2.9641461597082e-05,0,0
0,0,0,0,0,0,0,0,0,0,0,0,0,0,0,0,0,0.00519745138889902,0,0,0,0,0.294053858371964,0.0193787709448406,0,0.00240311866843297,0,0.00367221240277432,0,0,0,0,0,0,0,0,0,0.0398931656709726,0,0,0,0,0,0,0,0,0,0,0,3.34934862206149e-05,0,0,0,0,0,0,0,0,0,0,0,0,0,0,0.868932100096839,0.11342808265009,0.0137945291941537,0,0.0116517429428118,0,0.0169858025273477,0,0,0,0,0,0,0,0,0,0.0516231784215347,0,0.0376514837302318,0.00371496087379209,0,0,0
0,0,0,0,0,0,0,0,0,0,0,0,0,0,0,0,0.000929760561736874,0.00122388780785689,0,0,0,0.294053858371964,0,0,0.000771144571966022,0,0.000545720913276886,0,0,0,0,0,0,0,0,0,0,0,0.00103575054546654,0,0,0,0,0,0,0,0,0,0,0,0,0,0,0,0,0,0,0,0,0,0,0,0,0,0.042811938153594,0.456075655898729,0,0.000100871191170823,0,0.0709949168682404,0,0.000611937320728247,0,0,0,0,0,0,0,0,0,0.0642601772396104,0.0318221016830197,0.00643960128330372,0,0,0
0,0,0,0,0,0,0,0,0,0,0,0,0,0,0,0,0,0,0.000950110461095431,0,0,0.0193787709448406,0,0,0,0.146600638268917,0,0,0,0,0,0,0,0,0,0,0,0.0354193424918135,0.000148376606047174,0,0,0,0,0,0,0,0,0.00218706491001801,0.00076335706903789,0.0237887982655128,0,0,0,0,0,0.0116094462408183,0,0,0,0,0,0,0,0,0.00937957515523726,0,0.213874792382399,0,0.0293024140194842,0,0,0,0,0,0,0,0,0.000103674122615553,0,0,0.00367142924952241,7.75888295486882e-05,0.0122794891116401,0,0.00133701720163728,0,0
0,0,0,0,0,0,0,0,0.00307204896163223,0,0,0,0,0,0.000103974227835812,0,0.000702780164551494,2.56432216597013e-05,0,0,0,0,0.000771144571966022,0,0,0,0.0658686697286669,0,0,0,0,0,0,0,0,0,0,1.12948117538226e-05,0.0020959075955331,0,0,0,0,0,0,0,0,0.000511764570269808,0.00750290849526747,0.000235111110711015,0,0,0,0,0,0,0,0,0,0,0,0,0,0,0,0,0,0.492464541267893,0,0.092494547952314,0,0,0,0,0,0,0,0,0,0,3.7245574463418e-05,0.0216637116148679,0.00248048402855997,5.85416249779729e-05,0.0370461052359137,0,0
0,0,0,0,0,0,0,0,0,0.00882000374156733,0,0,0,0,0,0,0,0,0,0,0,0.00240311866843297,0,0.146600638268917,0,0,0,0,0,0,0,0,0,0,0,0,0,0,0,0,0,0,0,0,0,0,0,0,0,0,0,0,0,0,0,0.0326888924515194,0,0,0,0,0,0,0,0,0.0032696793058078,0,0.286615762333889,0,0.107473220158681,0,0.000208616246438059,0,0,0,0,0,0,0,0,0,0,0,0.000498471069022804,0,0,0,0
0,0,0,0,0,0,0,0,0,0,0,0,0,0,0.0893928111319533,0,0.00775193213038412,0,0,0,0,0,0.000545720913276886,0,0.0658686697286669,0,0,0,0.00317304810983746,0,0,0,0,0,0,0,0,0,0,0,0,0,0,0,0,0,0,0,0,0,0,0,0,0,0,0,0,0,0,0,0.020723630412238,0,0,0,0,0,0,0.112115572024096,0,0.6862758981712,0,0.00548597175223513,0,0,0,0,0,0,0,0,0,0,0.00224775670649479,0,0,0,0
0,0,0,0,0,0,0,0,0,0,0,0.000555017644915368,0,0.00012093430954645,0,0,0,0,0,0,0,0.00367221240277432,0,0,0,0,0,0,0,0.0827221361985174,0,0,0,0,0,0,0,0.0559801954413147,0,0,0,0,0,0,0,0,0,0,0,0,0,0,0,0,0,0,0,0.000310695684864935,0,0.0527068693502342,0,0,0,0,0.011161106281914,0,0,0,0.00968049974757668,0,1.06495545497281,0,0.0705607525282594,0,0,0,0,0,0,0,0.00521406038698512,0,0.00292895921861967,0.0126053034943291,0,0,0
0,0,0,0,0,0,0,0,0,0,0.000730147742778463,0,0,0,0,0,0,0,0,0,0,0,0,0,0,0,0.00317304810983746,0,0,0,0.0183902056580801,0,0,0,0,0,0,0,0.000213580684430781,0,0,0,0,0,0,0,0,0,0,0,0,0,0,0,0,0,0.00856246750306886,0,0,0,0,0,0,0,0,0,0,0,0,0.0419949774043646,0,0.235227823563023,0,0.210888295782274,0,0,0,0,0,0,0,0.0115935704322158,0.00218243709125102,5.81194159924039e-05,0,0,0
0,0,0,0,0,0,0,0,0,0,0,0.00691115010908432,0,0,0,0,0,0,0,0,0,0,0,0,0,0,0,0.0827221361985174,0,0,0,0,0,0,0,0,0,0.0510928245506184,0,0,0,0,0,0,0,0,0,0,0,0,0,0,0,0,0,0,0,0.00392051724257172,0,0,0,0,0,0,0,0,0,0,0,0,0.0753560667785365,0,0.128413670354399,0,0,0,0,0,0,0,0.0379792651376714,0,0.000158945965474624,0,0,0,0
0,0,0,0,0,0,0,0,0,0,0.0248461661465001,0,0,0,0,0,0,0,0,0,0,0,0,0,0,0,0,0,0.0183902056580801,0,0,0,0,0,0,0,0,0,0.000132977088274221,0,0,0,0,0,0,0,0,0,0,0,0,0,0,0,0,0,0.00787532817484392,0,0,0,0,0,0,0,0,0,0,0,0,0,0,0.000301985241290922,0,0.213364776464108,0,0,0,0,0,0,0,0.0508586068404902,7.07192840707404e-05,0,0,0,0
0,4.22716981524911e-05,0,0,0,0,0,0,0,0,0,0,0,0,0,0,0,0,0,0,0,0,0,0,0,0,0,0,0,0,0,0,0.212874333336048,0.00551379012238909,0.000319257966719897,0.0044489017954615,0.000882324635476574,0,0,0.000114399303036193,0,1.90577938062645e-05,0,0,0,0,0,0.0770715139534645,0,0.00175983062239778,0,0,0,0,0,0,0,0,0,0,0,0,0,0,0,0,0,0,0,0,0,0,0,0,0.577329920151186,0.29021994672612,0.0166340330212485,0.000292273941350422,0.00495566088892773,0.00133000849568562,0,0,0.00209119800246762,0,7.77153257261938e-05,0,0
0,0,0,0,0,0,0,0,0,0,0,0,0,0,0,0,0,0,0,0,0,0,0,0,0,0,0,0,0,0,0,0.212874333336048,0,0.0116262727556022,0.0219267284169465,0.00615798426295491,0.0124955477657543,0,0,0,0.000102406476024193,0,4.25070472910029e-05,0,0,0,0.000588558149029361,0.0869765706577751,0.00649385926088087,5.92307734489685e-05,0,0,0,0,0,0,0,0,0,0,0,0,0,0,0,0,0,0,0,0,0,0,0,0,0.184702142980257,0.213921566871743,0.0208681878929396,0.0332907631942429,0.000719672222454762,0.0122315455620174,0,0,0.000396197729755123,0,0.000814601282520008,0,0
0,0.000430499643036123,0,0.0011559296958385,0,0.00018415510302466,0,0,0,0,0,0,0,0,0,0,0,0,0,0,0,0,0,0,0,0,0,0,0,0,0,0.00551379012238909,0.0116262727556022,0,0.4686626391663,0.013087280257739,2.55237846231856e-05,0.0780525124582017,0.00434641985622477,0.00269204340637824,0,0.000195730409367236,0,0,0,0.0019392925291347,0,0.136196437128347,0.000941937366837971,0.0214522326143513,0,0,0,0,0,0,0,0.000120742525896249,0,0,0,0,1.9077567836814e-05,0,0,0,0,0,0,0,0,0,5.3813941742269e-05,0,0.00934446228037229,0.00166053287933459,0.592021354749742,0.160963653159612,0.0632661177896202,7.0256457840187e-06,0.0476742286707146,0.00149533956626186,0.000722470735965124,0.0044259764598098,0.00259540620529204,0,0
0,0,0,0,0,0,0,0,0,0,0,0,0,0,0,0,0,0,1.17201089641285e-05,0,0,0,0,0,0,0,0,0,0,0,0,0.000319257966719897,0.0219267284169465,0.4686626391663,0,0,0.000300184273267324,0.00656538641803802,0.0125050365700627,0,0.00116087245507856,0,9.90644192936235e-05,0,0,0,0.00136636667495274,0.126069337990534,0.0158615553361951,0.00276020933966539,0,0,0,0,0,0,0,0,0,0,0,0,0,4.58180869064399e-05,0,0,4.67276383810998e-05,0,0,0,0,0,0,0,0.0109040266705496,0.00710865381291891,0.293957898304207,0.576842604775404,0,0.0568865224417711,0.00276051067637576,0.000774958917366904,0.000136317823023185,9.87044294855936e-05,0.002985236058714,0,0
0,3.89749967520466e-06,0,8.29457604907495e-05,0,9.60693950055377e-05,0,0,0,0,0,0.00838446600648964,0,0,0,0,0,0,0,0.0201400537433155,0,0,0,0,0,0,0,0,0,0,0,0.0044489017954615,0.00615798426295491,0.013087280257739,0,0,0.0345939007614454,0.0180947747105677,0,0.000284729098241506,0,3.06854196784778e-05,0,0,0,0.00127201444341033,0,0.00804770832481963,0.000156263757810866,0.0092044703539687,0,0,0,0,0,0,0,2.23849501519854e-05,0,0,0,0,0.0141091998199768,0,0,0,0,0,0,0,0,0,0,0,0.00134515781395552,0.00218208960785843,0.000187065612519372,0,0.12703686590831,0.0250686615042235,0.0819261602742906,0,0.0367180723925272,0.0229783528501885,0.00438021600856736,0,0
0,0,0,0,0,0,0,0,0,0,0,0,0,0,0,0,0,0,0,0,0.0196157971642502,0,0,0,0,0,0,0,0,0,0,0.000882324635476574,0.0124955477657543,2.55237846231856e-05,0.000300184273267324,0.0345939007614454,0,0,0.0291711612297792,4.67086436385881e-05,0,0,0,0,0,0,2.47289706813902e-06,0.000298166814963036,0.000363382978844362,0.00173854349701342,0,0,0,0,0,0,0,0,0,0,0,0,0,0.00581900982796459,0,0,0,0,0,0,0,0,0,0,0.000262183163751776,0.00401470229110685,8.73357728224081e-05,0.000290229266325239,0.00339220134987246,0.152940925640734,0,0.0164196063308118,0.0310132679961473,0.0217796150545834,0.000579407018326432,0,0
0,0,0,0,0,0,0,0,0,0.00145903921967644,0,0.0403326400972162,0,0,0,0,0,0,4.9617771400454e-06,0.0174868220622372,0,0.0398931656709726,0,0.0354193424918135,1.12948117538226e-05,0,0,0.0559801954413147,0,0.0510928245506184,0,0,0,0.0780525124582017,0.00656538641803802,0.0180947747105677,0,0,0.050699058285464,2.73057878400246e-05,0,0.00583198561083692,2.69535487276926e-05,0,0,0,0,0.0335589733083864,0.00256989131921674,0.00324211469247372,0,0,0,0,0,0.000370581135431987,0,0.000256921625805957,0,0,0,0,0.00735734859410743,0,0.0147746774499792,0,0.00587429104418127,0,0,0,0.0562312671538256,0,0.00676273286131211,0,0,0,0.035755719074974,0.000243464346279861,0.00309403356735358,0,0.253060448427656,0.00140023158278668,0.0156410112636365,0.0154183877408943,0.00844741492226863,5.6738986578848e-05,0
0,0,0,0,0,0,0,0,0,0,0.0179141747741312,0,0,0,0,0,0,0,0,0,0.000646173946887249,0,0.00103575054546654,0.000148376606047174,0.0020959075955331,0,0,0,0.000213580684430781,0,0.000132977088274221,0,0,0.00434641985622477,0.0125050365700627,0,0.0291711612297792,0.050699058285464,0,0,0,0,0.0056634019024675,0,0,0,0,0.0346462557997641,0.00927886862663845,0.00166863094208204,0,0,0,0,0,0,0.000774594683819115,0,0,0,0,0,0,0,0,0.00109009643282467,0.00011326245565178,0,0,0,0,0,0,0.000358267217725796,0,0,0.000945789968577911,0,0,0.00175499064653323,0.0341175247636155,0.351097126906497,0.0100137867049665,0.0022470987887783,0.00481252253448779,0,0
0,0.000677458444309175,0,0.00754713754681082,0,0.000533191200754415,0,0,0,0,0,0,0,0,0,0,0.00390154318422618,0.00302305568113258,0.0730739736406458,0,0,0,0,0,0,0,0,0,0,0,0,0.000114399303036193,0,0.00269204340637824,0,0.000284729098241506,4.67086436385881e-05,2.73057878400246e-05,0,0,0.000281444933174341,0.0464794600751419,0.000104158142409332,0.0470056204042864,0.000513464672121117,0.0612589475884767,0.000144805926736251,0.0142576323222002,0,0.0817788568387469,0,0,0,0,0,0,0,0.00461767079374907,0,0,0,0,0.00248317550203985,0,0,0,0,0,0,0,0,0,0.00503595365467963,6.49937135147865e-05,0.000202352471421751,0,0.00118178305957355,0,0.0126591837565139,1.50200178230855e-05,0.0093223936313349,3.81890021374908e-06,0.00213769749976983,0.00114691708888009,0.0676032584832465,0.00342881458155416,0
0,0,0,0,0,0,0,0,0.000179350069898041,0,0,0,0,0,0,0,0.000264011228340308,0.000121530092526654,0.0993466748736752,0,1.2780464972547e-05,0,0,0,0,0,0,0,0,0,0,0,0.000102406476024193,0,0.00116087245507856,0,0,0,0,0.000281444933174341,0,0,0.0956415061068727,0.000425017847270026,0.0930428674176359,0,0.130741553225388,0.00710330793295679,0.0748377694458716,0.0100120548706062,0,0,0,0,0,0,8.52206059664853e-06,0,0,0,0,0,0,0.00139633461629423,0,0,0,0,0,0,0,0,0,0.00205569715625657,0,0.000253156298699541,0,0.00320492062560247,2.35932192177552e-05,0.0365360478263185,2.75274242752194e-05,0.000569967662850453,0.00111265765391353,6.42386128947684e-05,0.0515589719160158,0,0
0,0.0113030726218608,0,0.00338186937035259,0,0.00109469953403634,0,0,0,0.000383583136854583,0,0,0,0,0,0,0.000168417773072381,0.000360067884359612,0.0139071317257679,6.1016968017422e-05,0,0,0,0,0,0,0,0,0,0,0,1.90577938062645e-05,0,0.000195730409367236,0,3.06854196784778e-05,0,0.00583198561083692,0,0.0464794600751419,0,0,0.00119108326800744,0.00088076735684592,0,0.00320959304151774,0,0.00252760190551769,8.08900886594229e-06,0.0273248214185094,0,0,0,0,0,0,0,0.00997554273565784,0,0,0,0,0.00163718311059622,0,0,0,0,0,0,0,0,0,0.0352911870608848,0,0,0,0,0,0.00378910003190433,0,0.00676218045508173,3.40630398138969e-05,0.00108040819892878,3.66587578890056e-05,0.0541259987310334,0.0117967839299978,0
0.000221819358681145,0,0,0,0,0,0,0,0.000949036038772037,0,0,0,0,0,0,0,0.00142135916798859,0.0016920042964998,0.043040130517504,0,0,0,0,0,0,0,0,0,0,0,0,0,4.25070472910029e-05,0,9.90644192936235e-05,0,0,2.69535487276926e-05,0.0056634019024675,0.000104158142409332,0.0956415061068727,0.00119108326800744,0,6.65188155924834e-05,0.00338433943439162,0,0.017380586554812,0.00311282394116045,0.00742378436114813,0.000179670334560687,0,0,0,0,0,0,0.00549295739960711,0,0,0,0,0,0,0.0360450532955205,0,0,1.75205176519027e-05,0,0,0,0,0,0.000115127476757688,0.0658844746273228,0,0,0,0,0.000133672626227483,0.0219610583436019,0.00462170895010294,0.016388897356754,0.00263709548534571,1.58426380179956e-05,0.0624481253483752,0,0.00132983933841418
0,0.000212505959363146,0,0.00377194337327864,0,9.76194154670715e-05,0,0,0,0,0,0,0,0,0,0,0.000713664873751131,0.00105547307191539,0.022602928117654,0,0,0,0,0,0,0,0,0,0,0,0,0,0,0,0,0,0,0,0,0.0470056204042864,0.000425017847270026,0.00088076735684592,6.65188155924834e-05,0,0.000697465362807747,0.0040675922384627,3.36734117086261e-05,0.000493263269987263,0,0.00229755971819582,0,0,0,0,0,0,0,0.000538106252120798,0,0,0,0,0.00216399500417837,0,0,0,0,0,0,0,0,0,0.0130304846609492,0,0,0,0,0,0.00204429744444915,9.80882605752017e-06,0.00308209518100718,0,0.000515663830089299,0.000333928866344509,0.013015412005695,0.000389174317626244,0
0,0,0,0,0,0,0,0,0.000374019828409266,0,0,0,0,0,0,0,0.000365006473800454,0,0.0375526755149604,0,0,0,0,0,0,0,0,0,0,0,0,0,0,0,0,0,0,0,0,0.000513464672121117,0.0930428674176359,0,0.00338433943439162,0.000697465362807747,0,0,0.00957182974543701,0.000385910742072767,0.00161211629326545,0,0,0,0,0,0,0,0.000814630893123695,0,0,0,0,0,0,0.000417722257703605,0,0,0,0,0,0,0,0,0,0.00675022719375457,0,0,0,0,1.65543664597067e-05,0.00722027052526902,2.11618639416988e-05,0.00294612955844408,0.00105749500426602,0.000104664971191096,0.00921369074628963,0,0
0,2.95982932933332e-05,0,0.0146584511164497,0,0.0480832140085572,0,0.00119841214414256,0,0,0,0,0,0,0,0,1.97347057885396e-05,2.43748400557057e-05,0.000784558854909344,0.0300080170727294,0,0,0,0,0,0,0,0,0,0,0,0,0,0.0019392925291347,0,0.00127201444341033,0,0,0,0.0612589475884767,0,0.00320959304151774,0,0.0040675922384627,0,0,0,0.0124430697296003,0,0.0295125185225132,0,0,0,0,0,0,0,0.00230820762538304,0,0,0,0,0.0366830798298413,0,0,0,0,0,0,0,0,0,0.00118228795026989,0,0,0,0.000743186729905651,0,0.00998903401901309,0,0.0037668063840657,0,0.00222719201694414,2.5049552475094e-05,0.0300934613496238,0.000189444242017986,0
0,0,0,0,0,0,0,0,0,0,0,0,0,0,0,0,0.000135832403413566,4.17050292613712e-05,0.0275311027692931,0,0.00064294483373886,0,0,0,0,0,0,0,0,0,0,0,0.000588558149029361,0,0.00136636667495274,0,2.47289706813902e-06,0,0,0.000144805926736251,0.130741553225388,0,0.017380586554812,3.36734117086261e-05,0.00957182974543701,0,0,0.0173561128999489,0.0953278462205622,0.00641448234049805,0,0,0,0,0,0,0.000466260055168281,0,0,0,0,0,0,0.0554614866195823,0,0,0,0,0,0,0,0,0,0.00308635714032158,0,0.000759219794522492,0,0.00511228975971412,4.88171491871541e-05,0.015331308379583,2.67733838603336e-06,0.00243305084796732,0.000808345566453048,3.24882234699575e-05,0.0710332103146726,0,0
0,0.00188687976018033,0,0.00528217494955391,0,0.000664743186511538,0,0,0,0,0,0,0,0,0,0,0.000112858915420102,0,0.00171809179866355,0,0,0,0,0.00218706491001801,0.000511764570269808,0,0,0,0,0,0,0.0770715139534645,0.0869765706577751,0.136196437128347,0.126069337990534,0.00804770832481963,0.000298166814963036,0.0335589733083864,0.0346462557997641,0.0142576323222002,0.00710330793295679,0.00252760190551769,0.00311282394116045,0.000493263269987263,0.000385910742072767,0.0124430697296003,0.0173561128999489,0,0.133923476708713,0.136189655344952,0,0,0,0,0,0,0,0.00184468731121099,0,0,0,0,0.00016817716069488,0.00129452733538531,0,0,0.00191255090464139,0,0,0,0,0,0.0015411567172669,6.25507933471972e-05,0.03356463329609,0.0326317218981852,0.132071517908015,0.328345336447913,0.00924115624634617,0.00493825632270765,0.0183457056058851,0.0238951091201167,0.000981996317002228,1.53922692073192e-05,0.0615910347840508,7.10629626034552e-05,0
0.000620591198583372,0,0,0,0,0,0,0,0.00306385984027985,0,0,0,0,0,0,0,7.47703620342276e-06,0,0.00156113059980402,0,5.80196151825101e-05,0,0,0.00076335706903789,0.00750290849526747,0,0,0,0,0,0,0,0.00649385926088087,0.000941937366837971,0.0158615553361951,0.000156263757810866,0.000363382978844362,0.00256989131921674,0.00927886862663845,0,0.0748377694458716,8.08900886594229e-06,0.00742378436114813,0,0.00161211629326545,0,0.0953278462205622,0.133923476708713,0,0.011406764304718,0,0,0,0,0,0,4.8331515697434e-06,0,0,0,0,0,0,0.0133050429864981,0,0.000204580475901637,0.000624940728406693,0.00018288207997468,0,0,0,0.00359798254316055,0,0.00090549158269719,0,0.00252988031169573,0.00328460680455802,0.00937871776292865,0,0.00426215069252375,0.00376427433824871,0.00894131571658599,0.000878725203698338,0,0.0479644324488585,0,0
0,0.0273957403148016,0,0.0226553443946805,0,0.00161030653606969,0,0,0,0.000256941409196452,0,0,0,0,0,0,7.2629164457104e-05,6.02033944783326e-05,0.00164049893470182,0,0,3.34934862206149e-05,0,0.0237887982655128,0.000235111110711015,0,0,0,0,0,0,0.00175983062239778,5.92307734489685e-05,0.0214522326143513,0.00276020933966539,0.0092044703539687,0.00173854349701342,0.00324211469247372,0.00166863094208204,0.0817788568387469,0.0100120548706062,0.0273248214185094,0.000179670334560687,0.00229755971819582,0,0.0295125185225132,0.00641448234049805,0.136189655344952,0.011406764304718,0,0,0,0,0,0,0.000116307788961544,0,0.0182535274883803,0,0,0,0,0.0019723981255308,7.22486829650842e-05,0.00176136108593084,0,0.0084332377884249,0,0,0,0.0134649529576348,0,0.0068456864011599,0,0.00341135246362706,0.000332723370691997,0.00848977097527,0.00414295404425873,0.00336548218822062,0.000314176442462006,0.00457499271505202,0.00191040856535806,0.00122856781749333,3.64791140944057e-05,0.0721685058922212,0.000817964386310158,0
0,0,0,0,0.0460070113209774,0,0,0,0,0,0,0,0,0,0,0,0,0,0,0,0,0,0,0,0,0,0,0,0,0,0,0,0,0,0,0,0,0,0,0,0,0,0,0,0,0,0,0,0,0,0,0,0,0,0,0,0,0,0.0133886671725779,0,0.00146670343305327,0,0,0,0,0,0,0,0,0,0,0,0,0,0,0,0,0,0,0,0,0,2.84315710814553e-05,0,0,0,0
0,0,0,0,0,0,0,0,0,0,0,0,0,0,0,0,0,0,0,0,0,0,0,0,0,0,0,0,0,0,0,0,0,0,0,0,0,0,0,0,0,0,0,0,0,0,0,0,0,0,0,0,0,0,0,0,0,0,0,0,0,0,0,0,0,0,0,0,0,0,0,0,0,0,0,0,0,0,0,0,0,0,0,0,0,0,0
0,0,0,0,0,0,0.00795353248491892,0,0,0,0,0,0.00392096794067459,0,0,0,0,0,0,0,0,0,0,0,0,0,0,0,0,0,0,0,0,0,0,0,0,0,0,0,0,0,0,0,0,0,0,0,0,0,0,0,0,0,0,0,0,0,0.00106190198825107,0,0,0,0,0,0,0,0,0,0,0,0,0,0,0,0,0,0,0,0,0,0,0,0,0,0,0,0
0,0,0,0,0,0,0,0,0,0,0,0,0,0,0,0,0,0,0,0,0,0,0,0,0,0,0,0,0,0,0,0,0,0,0,0,0,0,0,0,0,0,0,0,0,0,0,0,0,0,0,0,0,0,0,0,0,0,0,0,0,0,0,0,0,0,0,0,0,0,0,0,0,0,0,0,0,0,0,0,0,0,0,0,0,0,0
0.125919306432606,0,0,0,0,0,0,0,0.169517334048298,0,0,0,0,0,0.0995470995373523,0,0,0,0,0,0,0,0,0,0,0,0,0,0,0,0,0,0,0,0,0,0,0,0,0,0,0,0,0,0,0,0,0,0,0,0,0,0,0,0,0,0,0,0,0,0.0534979571150467,0,0,0,0,0,0,0,0,0,0,0,0,0,0,0,0,0,0,0,0,0,8.52369523698082e-05,0,0,0,0
0,0.0208258295896926,0,0,0,0,0,0,0,0.0386386303159331,0,0,0,0,0,0.0196368231760475,0,0,0,0,0,0,0,0.0116094462408183,0,0.0326888924515194,0,0,0,0,0,0,0,0,0,0,0,0.000370581135431987,0,0,0,0,0,0,0,0,0,0,0,0.000116307788961544,0,0,0,0,0,0,0,0,0,0,0,0.0177446651820904,0,0,0,0,0,0,0,0,0,0,0,0,0,0,0,0,0,0,5.47947336663101e-05,0,9.0704487423187e-06,0,0.00035216118562371,0,0
0,0,0,0,0,0,0,0,1.19943514677954e-05,0,0.0791829209059136,0,0.0263717946984081,0,0,0,0,0,1.69333130623188e-05,0,6.09207686926732e-05,0,0,0,0,0,0,0,0.00856246750306886,0,0.00787532817484392,0,0,0,0,0,0,0,0.000774594683819115,0,8.52206059664853e-06,0,0.00549295739960711,0,0.000814630893123695,0,0.000466260055168281,0,4.8331515697434e-06,0,0,0,0,0,0,0,0,0,0.000788129527915401,0,0,0,0,0.00709469091685012,0,0,0,0,0,0,0,0,0,0.0561129720373729,0,0,0,0,0,0,0,0.000716111225644966,0.00604102473227525,9.40098224888361e-07,0.00632559312065741,0,0.000845528494638568
0,0,0,0.000613439503896275,0,5.50744560043892e-05,0,0,0,0,0,0.0817125393441317,0,0.00193617701665038,0,0,7.03594021016218e-06,2.10715511074841e-05,0.000106015323684062,0.00941148581068178,0,0,0,0,0,0,0,0.000310695684864935,0,0.00392051724257172,0,0,0,0.000120742525896249,0,2.23849501519854e-05,0,0.000256921625805957,0,0.00461767079374907,0,0.00997554273565784,0,0.000538106252120798,0,0.00230820762538304,0,0.00184468731121099,0,0.0182535274883803,0,0,0,0,0,0,0,0,0,0.00376852914437843,0,0,0.0412504117956997,0,0,0,0,0,0,0,0.000283912177417037,0,0.0274099962859776,0,7.85510177556408e-06,0,0,0,0.000136470232551788,0,0.000866468681463745,0,0.00701660703249853,0.00137788010410817,0.00771794267469344,2.13966470404134e-05,0
0,0,0,0,0,0,0,0,0,0,0.000271063916443381,0,0.117356027229256,0,0.000664622057665945,0,0,0,0,0,0,0,0,0,0,0,0,0,0,0,0,0,0,0,0,0,0,0,0,0,0,0,0,0,0,0,0,0,0,0,0.0133886671725779,0,0.00106190198825107,0,0,0,0.000788129527915401,0,0,0,0.000631822837493932,0,0,0,0,0,0,0,0,0,0,0.00041708873322932,0,0,0,0,0,0,0,0,0,0,0.00144330961442703,0,0,0,0
0,0,0,0,0,0,0,0,0,0,0,0.000971262065825281,0,0.263182942680215,0,0,0,0,0,0,0,0,0,0,0,0,0,0.0527068693502342,0,0,0,0,0,0,0,0,0,0,0,0,0,0,0,0,0,0,0,0,0,0,0,0,0,0,0,0,0,0.00376852914437843,0,0,0,0.056806680328526,0,0,0,0,0,0,0,0,0.00546776954869391,0,0,0,0,0,0,0,0,0,0,0,0.00594140150063082,0.0262148662551715,0,0,0
0.0681644084103578,0,0,0,0,0,0,0,0.00727222919965476,0,0,0,0,0,0.0495075408502956,0,1.30377541086417e-05,0,0,0,0,0,0,0,0,0,0.020723630412238,0,0,0,0,0,0,0,0,0,0,0,0,0,0,0,0,0,0,0,0,0,0,0,0.00146670343305327,0,0,0,0.0534979571150467,0,0,0,0.000631822837493932,0,0,0,0,0,0,0,0,0,0,0.001876048560149,0,0,0,0,0,0,0,0,0,0,0,0,0.000885123316305344,0,0,0,0
0,0.12752266277671,0,0,0,0,0,0,0,0,0,0,0,0.0200384585616689,0,0.088118685254108,0,0,0,0,0,0,0,0,0,0,0,0,0,0,0,0,0,0,0,0,0,0,0,0,0,0,0,0,0,0,0,0,0,0,0,0,0,0,0,0.0177446651820904,0,0,0,0.056806680328526,0,0,0,0,0,0,0,0,0,0,0,0,0,0,0,0,0,0,0,0,0,0,0.000107277307775534,0,0,0,0
0,0,0,0.000694907819542487,0,0.0652641178168231,0,0.00697960818464202,0,0,0,0.501654271207741,0,0,0,0,0.000113708722383741,0.000130007225697146,0.00199519559614015,0.220708705633361,0,0,0,0,0,0,0,0,0,0,0,0,0,1.9077567836814e-05,0,0.0141091998199768,0,0.00735734859410743,0,0.00248317550203985,0,0.00163718311059622,0,0.00216399500417837,0,0.0366830798298413,0,0.00016817716069488,0,0.0019723981255308,0,0,0,0,0,0,0,0.0412504117956997,0,0,0,0,0,0,0,0,0,0,0,0,0,0,0.000341385061375082,0,0,0,1.41748567755757e-05,0,0.00166707672456538,0,0.00953786351912944,0,0.00561196996911032,0.000199822448446565,0.00737308747727349,0,0
0,0,0,0,0,0,0.0107039666592351,0,0,0,0.000407461216280477,0,0,0,0,0,0,0,8.50853873444926e-05,0,0.119494957213289,0,0,0,0,0,0,0,0,0,0,0,0,0,4.58180869064399e-05,0,0.00581900982796459,0,0,0,0.00139633461629423,0,0.0360450532955205,0,0.000417722257703605,0,0.0554614866195823,0.00129452733538531,0.0133050429864981,7.22486829650842e-05,0,0,0,0,0,0,0.00709469091685012,0,0,0,0,0,0,0,0,0,0,0,0,0,0,0,0,0.00381131532569341,0,0,0,0,0,0.0181798888782033,0,0.00409205775874971,0.00757363759729386,0,0.0290661028746735,0,0
0,0,0,0,0,0,0,0,0,0,0,0,0,0,0,0,0,0.000150046044635521,0,0,0,0.868932100096839,0.042811938153594,0.00937957515523726,0,0.0032696793058078,0,0.011161106281914,0,0,0,0,0,0,0,0,0,0.0147746774499792,0,0,0,0,0,0,0,0,0,0,0,0.00176136108593084,0,0,0,0,0,0,0,0,0,0,0,0,0,0,0,0.0285721717428904,0.00794789356283124,0,0.00546380583230249,0,0.00838091916853508,0,0,0,0,0,0,0,0,0,0.00203022751443623,0,0.0343421200986801,0.00645048475547762,0,0,0
0,0,0,0,0,0,0,0,0,0,0,0,0,0,0,0,0.000237350386751098,7.99278909899336e-05,0,0,0,0.11342808265009,0.456075655898729,0,0,0,0,0,0,0,0,0,0,0,0,0,0,0,0.00109009643282467,0,0,0,0,0,0,0,0,0,0.000204580475901637,0,0,0,0,0,0,0,0,0,0,0,0,0,0,0,0.0285721717428904,0,0,0,0,0.00416652566379995,0,5.4233472236909e-05,0,0,0,0,0,0,0,0,0,0,0.0223175807786055,0.0100767058558129,0,0,0
0,0,0,0,0,0,0,0,0,0,0,0,0,0,0,0,0,0,0,0,0,0.0137945291941537,0,0.213874792382399,0,0.286615762333889,0,0,0,0,0,0,0,0,4.67276383810998e-05,0,0,0.00587429104418127,0.00011326245565178,0,0,0,1.75205176519027e-05,0,0,0,0,0.00191255090464139,0.000624940728406693,0.0084332377884249,0,0,0,0,0,0,0,0,0,0,0,0,0,0,0.00794789356283124,0,0,0,0.0399180777612989,0,0,0,0,0,0,0,0,0.000200104120220511,0,0,0.00502632202081291,7.31827422436035e-05,0.00194256794869472,0,0.00709964208394306,0,0
0.00148104986757758,0,0,0,0,0,0,0,0.00427474260765902,0,0,0,0,0,0,0,0,0,0,0,0,0,0.000100871191170823,0,0.492464541267893,0,0.112115572024096,0,0,0,0,0,0,0,0,0,0,0,0,0,0,0,0,0,0,0,0,0,0.00018288207997468,0,0,0,0,0,0,0,0,0,0,0,0,0,0,0,0,0,0,0,0,0.00912020651910964,0,0,0,0,0,0,0,0,0,0,0,0,0.000641831042119734,0,0.0107791505187984,0,0
0,0,0,0,0,0,0,0,0,0,0,0,0,0,0,0,0,0,0,0,0,0.0116517429428118,0,0.0293024140194842,0,0.107473220158681,0,0.00968049974757668,0,0,0,0,0,0,0,0,0,0,0,0,0,0,0,0,0,0,0,0,0,0,0,0,0,0,0,0,0,0,0,0,0,0,0,0,0.00546380583230249,0,0.0399180777612989,0,0,0,0.0110155685674928,0,0,0,0,0,0,0,0,0,0,0,0.000203325039436841,0,0,0,0
0,0,0,0,0,0,0,0,0,0,0,0,0,0,0.00856576064718552,0,0.00165425645111065,0,0,0,0,0,0.0709949168682404,0,0.092494547952314,0,0.6862758981712,0,0.0419949774043646,0,0,0,0,0,0,0,0,0,0,0,0,0,0,0,0,0,0,0,0,0,0,0,0,0,0,0,0,0,0,0,0.001876048560149,0,0,0,0,0.00416652566379995,0,0.00912020651910964,0,0,0,0.0325130729458114,0,0,0,0,0,0,0,0,0,0,0.00450380479168191,0,0.000279112560295852,0,0
0,0,0,0,0,0,0,0,0,0,0,0.000450956344353583,0,0.00471110998139684,0,0,0,0,0,0,0,0.0169858025273477,0,0,0,0.000208616246438059,0,1.06495545497281,0,0.0753560667785365,0,0,0,0,0,0,0,0.0562312671538256,0,0,0,0,0,0,0,0,0,0,0,0.0134649529576348,0,0,0,0,0,0,0,0.000283912177417037,0,0.00546776954869391,0,0,0,0,0.00838091916853508,0,0,0,0.0110155685674928,0,0,0,0.0216904642005145,0,0,0,0,0,0,0,0.00203186645956437,0,0.0135360086512555,0.0335443532136666,0,0,0
0,0,0,0,0,0,0,0,0,0,0,0,0,0,0.00128428048196849,0,0,0,0,0,0,0,0.000611937320728247,0,0,0,0.00548597175223513,0,0.235227823563023,0,0.000301985241290922,0,0,0,0,0,0,0,0,0,0,0,0,0,0,0,0,0,0.00359798254316055,0,0,0,0,0,0,0,0,0,0.00041708873322932,0,0,0,0,0,0,5.4233472236909e-05,0,0,0,0.0325130729458114,0,0,0,0.0081343621902062,0,0,0,0,0,0,0,0.00138547076480182,0.000894226042372901,7.36775007159022e-05,0,0,0
0,0.000128711994549938,0,0.000367199712374588,0,0,0,0,0,0,0,0.0344837895614739,0,0.000108649455673397,0,0,0.000159409081722216,0.000220529644918487,0.0012025189554395,0,0,0,0,0,0,0,0,0.0705607525282594,0,0.128413670354399,0,0,0,5.3813941742269e-05,0,0,0,0.00676273286131211,0,0.00503595365467963,0,0.0352911870608848,0.000115127476757688,0.0130304846609492,0,0.00118228795026989,0,0.0015411567172669,0,0.0068456864011599,0,0,0,0,0,0,0,0.0274099962859776,0,0,0,0,0.000341385061375082,0,0,0,0,0,0,0,0.0216904642005145,0,0,0,1.52921191929334e-05,0,1.9337945274811e-05,0,0.000139733289187496,0,0.011529659027927,0,0.00447914418096988,0.000246886556114377,0.0170017145688388,0.0113372532427879,0
0,0,0,0,0,0,0,0,4.76310297461556e-05,0,0.00038394206978801,0,0.000122287844707417,0,0,0,2.27462500693998e-05,5.80927726006975e-05,0.001108599183999,0,0.000288462739022702,0,0,0,0,0,0,0,0.210888295782274,0,0.213364776464108,0,0,0,0,0,0,0,0.000358267217725796,6.49937135147865e-05,0.00205569715625657,0,0.0658844746273228,0,0.00675022719375457,0,0.00308635714032158,6.25507933471972e-05,0.00090549158269719,0,0,0,0,0,0,0,0.0561129720373729,0,0,0,0,0,0,0.00381131532569341,0,0,0,0,0,0,0,0.0081343621902062,0,0,0,0,0,0,1.25287124739169e-05,0.00115931772886605,0.000154083868252895,0.00359042874833468,2.61423477501351e-05,2.73817445710313e-06,0.0235818649722751,0,0.0387328052509849
0,0,0,0,0,0,0,0,0,0,0,0,0,0,0,0,0,0,0,0,0,0,0,0,0,0,0,0,0,0,0,0.577329920151186,0.184702142980257,0.00934446228037229,0.0109040266705496,0.00134515781395552,0.000262183163751776,0,0,0.000202352471421751,0,0,0,0,0,0,0,0.03356463329609,0,0.00341135246362706,0,0,0,0,0,0,0,7.85510177556408e-06,0,0,0,0,0,0,0,0,0,0,0,0,0,0,1.52921191929334e-05,0,0,0.169720425917648,0.056274290850802,0.00739722858554291,0.0091499478621232,0.000392252480221475,1.22132277531392e-05,0,0.00773998678910825,0,3.34416189521486e-05,0,0
0,0,0,0,0,0,0,0,0,0,0,0,0,0,0,0,0,0,0,0,0,0,0,0,0,0,0,0,0,0,0,0.29021994672612,0.213921566871743,0.00166053287933459,0.00710865381291891,0.00218208960785843,0.00401470229110685,0,0,0,0.000253156298699541,0,0,0,0,0,0.000759219794522492,0.0326317218981852,0.00252988031169573,0.000332723370691997,0,0,0,0,0,0,0,0,0,0,0,0,0,0,0,0,0,0,0,0,0,0,0,0,0.169720425917648,0,0.00854106218075926,0.0121096086324202,0.000626685777180193,0.0018960608269573,0,0,0.000469723421604811,0,0.00017033874619487,0,0
0,0,0,0.000288893994848076,0,0,0,0,0,0,0,0,0,0,0,0,0,0,0,0,0,0,0,0,0,0,0,0,0,0,0,0.0166340330212485,0.0208681878929396,0.592021354749742,0.293957898304207,0.000187065612519372,8.73357728224081e-05,0.035755719074974,0.000945789968577911,0.00118178305957355,0,0,0,0,0,0.000743186729905651,0,0.132071517908015,0.00328460680455802,0.00848977097527,0,0,0,0,0,0,0,0,0,0,0,0,1.41748567755757e-05,0,0,0,0,0,0,0,0,0,1.9337945274811e-05,0,0.056274290850802,0.00854106218075926,0,0.38774736326167,0.00010236350087347,0.000163037762843321,0.00207034609120994,0.00374166942168282,0.00372619430421397,0,0.00123175481418668,0,0
0,0,0,0,0,0,0,0,0,0,0,0,0,0,0,0,0,0,0,0,0,0,0,0.000103674122615553,0,0,0,0,0,0,0,0.000292273941350422,0.0332907631942429,0.160963653159612,0.576842604775404,0,0.000290229266325239,0.000243464346279861,0,0,0.00320492062560247,0,0,0,0,0,0.00511228975971412,0.328345336447913,0.00937871776292865,0.00414295404425873,0,0,0,0,0,0,0,0,0,0,0,0,0,0,0,0,0.000200104120220511,0,0,0,0,0,0,0,0.00739722858554291,0.0121096086324202,0.38774736326167,0,0,0.000384501986839162,0.00311551051173526,3.53817756622644e-05,0.000967339312728459,0,0.00314638935726409,0,0
0,1.94050710702285e-05,0,3.02025646180501e-05,0,2.54998934421204e-05,0,0,3.30974051869623e-06,0,0,0.00776223973337349,0,0,0,0,0.00149838937593779,0.00205060787898786,0.0257035857646777,0.0172144835243326,0,0,0,0,0,0,0,0,0,0,0,0.00495566088892773,0.000719672222454762,0.0632661177896202,0,0.12703686590831,0.00339220134987246,0.00309403356735358,0,0.0126591837565139,2.35932192177552e-05,0.00378910003190433,0.000133672626227483,0.00204429744444915,1.65543664597067e-05,0.00998903401901309,4.88171491871541e-05,0.00924115624634617,0,0.00336548218822062,0,0,0,0,0,0,0,0.000136470232551788,0,0,0,0,0.00166707672456538,0,0,0,0,0,0,0,0,0,0.000139733289187496,1.25287124739169e-05,0.0091499478621232,0.000626685777180193,0.00010236350087347,0,0,0.000504907345135349,0.00304470005420199,0,0.0178187607392599,0.00218560027031342,0.00913118444557323,2.88406991833418e-05,0
0,0,0,0,0,0,0,0,0,0,0,0,0,0,0,0,0.000142611792425637,6.06583040499168e-06,0.0170390164632504,0,0.0101108122783616,0,0,0,0,0,0,0,0,0,0,0.00133000849568562,0.0122315455620174,7.0256457840187e-06,0.0568865224417711,0.0250686615042235,0.152940925640734,0,0.00175499064653323,1.50200178230855e-05,0.0365360478263185,0,0.0219610583436019,9.80882605752017e-06,0.00722027052526902,0,0.015331308379583,0.00493825632270765,0.00426215069252375,0.000314176442462006,0,0,0,0,0,0,0,0,0,0,0,0,0,0.0181798888782033,0,0,0,0,0,0,0,0,0,0.00115931772886605,0.000392252480221475,0.0018960608269573,0.000163037762843321,0.000384501986839162,0.000504907345135349,0,1.35656982726979e-05,0.000370155754378701,0.0126097830861279,0.00166278983542299,0.0127636433347382,0,1.80971149803e-05
