0,0,0,0,0,0,0,0,290.991683840752,0,0,0,0,0,0,0,0,0,36.7378941178322,0,0,0,0,0,0,0,0,0,0,0,0,0,0,0,0,0,0,0,0,0,0.173540234565735,0,118.132764346898,0,0,0,1.13152462244034,0,27.0003689974546,0,0,0,0,0,483.481105148792,0,0,0,0,0,4.04446816444397,0,0,0,0,0,0,0,0,0,0,0,0,0,0,0,0,0,0,0.945781677961349,0,0,63.1164517998695,0,69.5394856333733,0,0
0,0,0,115.604995131493,0,0,0,0,0,162.048023656011,0,0,0,0,0,0.717833012342453,0,0,0.545765817165375,0,0,0,0,0,0,0,0,0,0,0,0,0,0,0,0,0,0,0,0,0,0,109.379596620798,0,0,0,0,0,0,0,273.304197490215,0,0,0,0,0,215.726244434714,0,0,0,1,0,117.521468028426,0,0,0,0,4.13619264960289,0,0,0,0,0,0,0,0,0,0,0,0,0,0,0,34.0256577432156,0,151.094811081886,0,0
0,0,0,0,63.0521346628666,0,0,0,750.431457489729,0,1.03185656666756,0,0,0,0,0,4.02555453777313,0.874884009361267,0.430326864123344,0,9.17206047475338,0,0,0,0,0,0,0,0,0,0,0,0,0,0,0,0.159464478492737,0,0,0,9.38681986927986,0,36.9327066093683,0,0,0,6.45150507986546,1.20497074723244,63.4004067406058,7.67978681623936,146.696884050965,0,0,0,81.0014499425888,0,12.4924980551004,0,0.541879534721375,0,4.67041593790054,0,0,42.6153679490089,0,0,0,0,0,0,0,0,0,0.306768655776978,0,0,0,0,0,10.4210924357176,0,0.212381049990654,155.915381535888,0.864285156130791,297.538899801672,0,8.26379641890526
0,115.604995131493,0,0,0,147.656812041998,0,0,0,278.229966282845,0,0,0,0,0,0,0,0,3.30686718225479,0,0,0,0,0,0,0,0,0,0,0,0,0,0,0,0,3.50220568478107,0,0,0,11.4034763276577,0,65.2286777347326,0.989279299974442,0.219990566372871,0,6.06517578661442,0,0,0,149.398722946644,0,98.1232717186213,0,0,0,12.6359102576971,0,34.6915280371904,0,25.0811681896448,0,59.7177546322346,2.36114436388016,0,0,0,0,0,0,0,0,0,0.474287569522858,0,0,0,0,0,26.7897974178195,0,4.66005383431911,0,28.7398456558585,1.89616769552231,507.336563304067,55.5574526488781,0
0,0,63.0521346628666,0,0,0,51.6780676543713,0,91.1780152916908,0,0,0,0,0,55.4244408458471,0,0,0,0,0,101.914162635803,0,0,0,0,0,0,0,0,0,0,0,0,0,0,0,27.3104748129845,0,0,0,1.18885819613934,0,12.8496629148722,0,0,0,6.91972890496254,8.08563590049744,30.1293340623379,0.48098149895668,288.280743286014,0,0,0,0,0,6.25913368165493,0,0,0,13.4741592407227,0,0,15.9792913198471,0,0,0,0,0,0,0,0,0,0,0,0,0,0,0,16.2621820867062,0,0,1584.79461628199,494.200485527515,234.898803651333,0,1.53906071186066
0,0,0,147.656812041998,0,0,0,0,0,0,0,8.32654628157616,0,0,0,0,0,1.35940206050873,0.391739398241043,8.17991816997528,0,0,0,0,0,0,0,0,0,0,0,0,0,0,0,18.4723032414913,0,0,0,7.99359418451786,0,27.1463682502508,0,0,0,1.56577265262604,0,0,0,44.8767109960318,0,506.332224115729,0,0,0,24.2585172653198,0,39.2699231952429,0,0,0,0,5.35036966204643,0,0,0,0,0,0,0,0,0,0.441750764846802,0,0,0,0,0,5.41314895451069,0,0,0,145.176393449306,3.31115525960922,395.570780068636,10.5055914521217,0
0,0,0,0,51.6780676543713,0,0,0,0,0,160.493107676506,0,20.3907492160797,0,0,0,0,0,0,0,0,0,0,0,0,0,0,0,0,0,0,0,0,0,0,0,0,0,0,0,0,0,0,0,0,0,0,0,0,0,26.2581320405006,0,313.915947079659,0,0,0,24.381506383419,0,0,0,0,0,0,0,0,0,0,0,0,0,0,0,0,0,0,0,0,0,0,0,0,0,668.31367379427,4.49979305267334,0,0,0
0,0,0,0,0,0,0,0,0,0,0,0,0,67.6189093589783,0,0,0,0,0,0,0,0,0,0,0,0,0,0,0,0,0,0,0,0,0,0,0,0,0,0,0,0,0,0,0,0,0,0,0,0,0,0,0,273.666429102421,0,0,0,1,0,23.8633513450623,0,0,0,0,0,0,0,0,0,0,0,0,0,0,0,0,0,0,0,0,0,0,113.007474064827,5,0,0,0
290.991683840752,0,750.431457489729,0,91.1780152916908,0,0,0,0,0,0,0,0,0,397.99923107028,0,106.612494677305,46.2363909780979,4.77698650956154,0,0,0,11.2450337558985,0,35.3423067927361,0,35.1394009590149,0,0,0,0,0,0,0,0,0,0,0,130.211320519447,0,0,0,1.66322211921215,0,0,0,0,3.61294734477997,3.65363064408302,0,0,0,0,0,461.340366318822,0,0,0,0,0,0,0,0,0.558988034725189,0,0,0,5.00448547303677,0,2.05325967073441,0,0,0,0,0,0,0,0,0,0.295067578554153,0,42.5297298580408,423.981485381722,40.8385982513428,61.6210970133543,0,0
0,162.048023656011,0,278.229966282845,0,0,0,0,0,0,0,0,0,0,0,183.483111143112,14.5577189773321,35.2511127889156,0,0,0,0,0,10.1320892870426,0,0,0,0,0,0,0,0,0,0,0,0,0,225.149562746286,0,0,0,0.7362180352211,0,0,0,0,0,0,0,0,0,0,0,0,0,150.362322330475,0,0,0,0,0,110.68946069479,0,0,0,0,4.8317356556654,0,0,0.201712101697922,0,0,0,0,0,0,0,0,0,0,35.54100240767,0,104.873775750399,0.656082451343536,35.2527087032795,0,0
0,0,1.03185656666756,0,0,0,160.493107676506,0,0,0,0,0,125.88521322608,0,0,0,0,0,0,0,193.040941864252,0,0,0,0,0,0,0,35.2922529578209,0,23.8478654623032,0,0,0,0,0,428.369101598859,0,1231.75022380054,0,0.317915678024292,0,0.173550888895988,0,0,0,0.80084028840065,0,0,0,0,0,69.2249941825867,0,0,0,1899.99398361146,0,36.3787752389908,0,0,0,0,59.3514740914106,0,0,0,0,0,0,0,29.6353149414062,0,15.2765626311302,0,0,0,0,0,84.9152983129025,0,22.5075912475586,1013.53011890501,256.135953426361,1.27155938744545,0,0
0,0,0,0,0,8.32654628157616,0,0,0,0,0,0,0,541.396116495132,0,0,0,0,0,119.330806344748,0,0,0,0,0,0,0,151.70393538475,0,23.511775970459,0,0,0,0,0,195.875609189272,0,620.265908479691,0,0,0,0,0,0,0,0,0,0,0,0,0,3.9839925467968,0,0,0,0,0,2331.63253861666,0,325.058261394501,0,0,99.9654318988323,0,0,0,0,0,0,0,38.5661063194275,0,133.737649798393,0,0,0,0,0,43.6458062231541,0,166.708302080631,0,444.935849577188,0,34.6759508252144,0,0
0,0,0,0,0,0,20.3907492160797,0,0,0,125.88521322608,0,0,0,13.5769056081772,0,0,0,0,0,0,0,0,0,0,0,0,0,50.6756435036659,0,0,0,0,0,0,0,0,0,0,0,0,0,0,0,0,0,0,0,0,0,0,0,15.1677768826485,0,0,0,16.4101313650608,0,655.786685973406,0,20.3844176530838,0,0,0,0,0,0,0,0,0,0,0,0,0,0,0,0,0,0,0,0,0,364.418910682201,470.392445325851,0,0,0
0,0,0,0,0,0,0,67.6189093589783,0,0,0,541.396116495132,0,0,0,148.002678990364,0,0,0,0,0,0,0,0,0,0,0,1.48942542076111,0,0,0,0,0,0,0,0,0,0,0,0,0,0,0,0,0,0,0,0,0,0,0,0,0,0,0,0,0,152.13464140892,0,624.644332706928,0,2.3918205499649,0,0,0,0,0,0,0,0,31.9414755105972,0,0,0,0,0,0,0,0,0,0,0,138.695426106453,123.602850556374,0,0,0
0,0,0,0,55.4244408458471,0,0,0,397.99923107028,0,0,0,13.5769056081772,0,0,0,256.07998816669,14.3771562725306,5.64720338582993,0,0,0,0.608811646699905,0,0,0,17.6819629967213,0,7.10689604282379,0,0,0,0,0,0,0,0,0,0,0,0,0,0,0,0,0,0,0,0,0,8.44368961453438,0,0,0,79.6211523413658,0,0,0,16.8676872253418,0,78.2630594819784,0,0,0,0,0,0,0,0,1.75476415455341,0,0,0,0,0,0,0,0,0,0,0,0,162.602416664362,136.34683778882,0,0,0
0,0.717833012342453,0,0,0,0,0,0,0,183.483111143112,0,0,0,148.002678990364,0,0,3.13139832019806,24.9831598699093,0.387583434581757,0,0,0,0,0,0,1.34037365019321,1.0548375248909,2,0,0,0,0,0,0,0,0,0,0,0,0,0,0,0,0,0,0,0,0,0,0,0,0,0,0,0,9.23289054632187,0,0,0,12.956511080265,0,78.0099643468857,0,0,0,0,0,0,0.837017849087715,0.392775177955627,0,0,0,0,0,0,0,0,0,0,0,0,7.02295823395252,0,0,0,0
0,0,4.02555453777313,0,0,0,0,0,106.612494677305,14.5577189773321,0,0,0,0,256.07998816669,3.13139832019806,0,12057.864643462,4947.45146085322,0,0,0,728.188084229827,0,58.6537480577826,57.2582233697176,2204.93314459175,0,33.9652128815651,0,0,0,0,0,0,0,0,0,0,22.7316042482853,23.5059839040041,46.2181301116943,45.1923184543848,20.8172526061535,22.7789915502071,23.9908768683672,51.8431484997272,0,0,0,0,0,0,0,0,0,0.211788579821587,0,0,0,95.7779747098684,0,16.3143146634102,17.709532700479,0,9.65843376517296,0,4.51887285709381,9.88307264447212,490.653718054295,0,0,0,0,0,0,0,0,45.9514964669943,46.0163633525372,1.59016615152359,0.954797744750977,6005.94916666299,218.00753031671,111.07352951169,13.2610280513763,11.5694897472858
0,0,0.874884009361267,0,0,1.35940206050873,0,0,46.2363909780979,35.2511127889156,0,0,0,0,14.3771562725306,24.9831598699093,12057.864643462,0,4754.11613830179,0,0,35.6222737133503,65.1218523681164,0,9.74701434373856,804.413278102875,233.150855109096,6.6965626180172,0,0,0,0,0,0,0,0,0,0,0,23.9813862293959,11.0138424932957,82.9206969439983,28.0147371441126,28.8725957423449,8.7414990067482,46.6472378969193,16.613847233355,0,0,0,0,0,0,0,0,0,0,0,0,0,7.73034383356571,0,13.1520327329636,9.68562495708466,0,1.74174499511719,0,0,160.136387199163,78.8585937023163,0,0,0,0,0,0,0,0,52.7579025551677,19.3145233020186,1.5556692481041,0,5977.14582711458,263.802091628313,116.384544432163,44.3167860507965,5.98404930531979
36.7378941178322,0.545765817165375,0.430326864123344,3.30686718225479,0,0.391739398241043,0,0,4.77698650956154,0,0,0,0,0,5.64720338582993,0.387583434581757,4947.45146085322,4754.11613830179,0,0,2.47344294190407,0.405842632055283,10.707279831171,0,6.35241138935089,21.1883047223091,41.2324430793524,0,0,0,0,0,0,0,0,0.147153571248055,0.13652092218399,0,0,421.356301143765,414.654028698802,848.721509791911,815.915686294436,319.333249554038,260.185349181294,795.624271370471,1104.73034144938,0,8.40143013000488,7.26568351686001,0,0,0,0,0,0,8.54391543567181,7.23454876244068,0,0,0,2.9506618976593,316.480545200408,292.418563239276,0,0,0,0,2.07603597640991,15.7440572828054,0,0,0.288288444280624,0,0,0,0,0,1077.1397132352,956.680420063436,65.5330587923527,6.36514759063721,2964.83371087164,1.71898497641087,2569.91901929677,534.308365747333,167.523344814777
0,0,0,0,0,8.17991816997528,0,0,0,0,0,119.330806344748,0,0,0,0,0,0,0,0,0,0,0,0,0,0,0,0,0,0,0,0,0,0,0,1311.58629959822,0,289.62100559473,0,0,0,0.639027535915375,0,0,0,0,0,0,0,0.539509296417236,0,3.92783802747726,0,0,0,0,0,15.6272048652172,0,0,0,0,363.811144083738,0,0,0,0,0,0,0,0,0,0,0,0,0,0,0,424.334608986974,0,6.35940854251385,0,463.030505895615,0,35.3998917937279,0,0
0,0,9.17206047475338,0,101.914162635803,0,0,0,0,0,193.040941864252,0,0,0,0,0,0,0,2.47344294190407,0,0,0,0,0,0,0,0,0,0,0,0,0,0,0,0,0,1125.84917625785,0,135.482031106949,0,3.01665318012238,0,1.70892290771008,0,0.439542308449745,0,26.9062649905682,0,3.55149973928928,0.364023081958294,45.9263071417809,0,0,0,0,0,41.7249544560909,0,0,0,0,0,0,964.130388379097,0,0,0,0,0,0,0,0,0,0,0,0,0,0,1.03656661510468,525.446357488632,0,47.4342701882124,978.538462951779,0.689767256379128,196.423506706953,0,0
0,0,0,0,0,0,0,0,0,0,0,0,0,0,0,0,0,35.6222737133503,0.405842632055283,0,0,0,388.492433547974,144.008914291859,0,5.82314068078995,0,19.2112939357758,0,0,0,0,0,0,0,0,0,707.548613980412,8.76645755767822,0,0,0,0,0,0,0,0,0,0,0.41906151175499,0,0,0,0,0,0,0,0,0,0,0,0,0,0,2980.58407606184,7.27927875518799,62.6749113798141,0,4.4179499745369,0,19.1024464964867,0,0,0,0,0,0,0,0,0,500.278780460358,0,1183.54661755264,148.942964196205,0,0,0
0,0,0,0,0,0,0,0,11.2450337558985,0,0,0,0,0,0.608811646699905,0,728.188084229827,65.1218523681164,10.707279831171,0,0,388.492433547974,0,0,270.779224619269,0,451.596754133701,0,24.4588078856468,0,0,0,0,0,0,0,0,0,760.973157167435,0,0,0,0,0,0,0.506392300128937,0,0,1.73500354588032,0,0,0,0,0,0,0,0,0,0,0,0,0,0,0,0,3347.91128093004,0,113.285054057837,0.329835772514343,53.8835921734571,0,5.31258583068848,0,0,0,0,0,0,0,0,0,887.120708525181,1084.36077435315,166.331589773297,0.427423596382141,0,0
0,0,0,0,0,0,0,0,0,10.1320892870426,0,0,0,0,0,0,0,0,0,0,0,144.008914291859,0,0,0,38.7977622747421,0,0,0,0,0,0,0,0,0,0,0,995.669183120131,0,0,0,0,0,0,0,0,0,0,0,116.423072099686,0,0,0,0,0,14.5589038431644,0,0,0,0,0,0,0,0,40.0683183968067,0,1263.80138021708,0,4,0,0,0,0,0,0,0,0,0,0,0,605.031060636044,0,642.152335911989,0,39.5322378575802,0,0
0,0,0,0,0,0,0,0,35.3423067927361,0,0,0,0,0,0,0,58.6537480577826,9.74701434373856,6.35241138935089,0,0,0,270.779224619269,0,0,0,463.552017837763,0,0,0,0,0,0,0,0,0,0,0,550.122204422951,0,0,0,0,0,0,0,0,0.937593072652817,87.4570661634207,0,0,0,0,0,57.8551148623228,0,0,0,0,0,0,0,0,0,0,97.233283251524,0,1280.22675904632,0,42.7595184445381,0,0,0,0,0,0,0,0,0,0,0,24.36900575459,409.899299748242,4.76517796516418,18.8346688896418,0,0
0,0,0,0,0,0,0,0,0,0,0,0,0,0,0,1.34037365019321,57.2582233697176,804.413278102875,21.1883047223091,0,0,5.82314068078995,0,38.7977622747421,0,0,0.487627446651459,0,0,0,0,0,0,0,0,0,0,0,0,0,0,0,0,0.212977796792984,0,0,0,0,0,0,0,0,0,0,0,0,0,0,0,0,0,0,0,0,20.0615605115891,0,144.027652263641,0,103.808046579361,0,0,0,0,0,0,0,0,0,0,0,0,0,129.312578126788,6.06736898422241,0,0,0
0,0,0,0,0,0,0,0,35.1394009590149,0,0,0,0,0,17.6819629967213,1.0548375248909,2204.93314459175,233.150855109096,41.2324430793524,0,0,0,451.596754133701,0,463.552017837763,0.487627446651459,0,0,2.02646633982658,0,0,0,0,0,0,0,0,0,0,0,2.03052568435669,0,0,0,0,3.49695388972759,0,0,0,0,0,0,0,0,137.714426279068,0,0,0,0,0,2.7639285326004,0,0,0,0,10.7974762618542,0,309.968816399574,0,397.768009960651,0,3,0,0,0,0,0,0,0,0,0,0,440.294881641865,29.4280942082405,1.1926691532135,0,0
0,0,0,0,0,0,0,0,0,0,0,151.70393538475,0,1.48942542076111,0,2,0,6.6965626180172,0,0,0,19.2112939357758,0,0,0,0,0,0,0,570.34721544385,0,0,0,0,0,0,0,24.355806350708,0,0,0,0,0,0,0,0,0,0,0,0,0,0,0,0,0,0,0,0,0,0,0,0,0,0,0,0,0,0,0,0,394.972049951553,0,55.8672151118517,0,0,0,0,0,0,0,0,0,1.53932845592499,0,0,0,0
0,0,0,0,0,0,0,0,0,0,35.2922529578209,0,50.6756435036659,0,7.10689604282379,0,33.9652128815651,0,0,0,0,0,24.4588078856468,0,0,0,2.02646633982658,0,0,0,101.429542243481,0,0,0,0,0,0,0,227.056809306145,0,0,0,0,0,0,0,0,0,0,0,0,0,0,0,0,0,0,0,435.605630278587,0,0,0,0,0,0,0,0,0,0,0,0,731.987296402454,0,153.223111867905,0,0,0,0,0,0,0,6.17292857170105,327.319130718708,131.310451567173,0,0,0
0,0,0,0,0,0,0,0,0,0,0,23.511775970459,0,0,0,0,0,0,0,0,0,0,0,0,0,0,0,570.34721544385,0,0,0,0,0,0,0,0,0,153.014813870192,0,0,0,0,0,0,0,0,0,0,0,0,0,0,0,0,0,0,0,0,0,0,0,0,0,0,0,0,0,0,0,0,93.587533891201,0,296.90452465415,0,0,0,0,0,0,0,9.64929634332657,0,10.7792928218842,0,0,0,0
0,0,0,0,0,0,0,0,0,0,23.8478654623032,0,0,0,0,0,0,0,0,0,0,0,0,0,0,0,0,0,101.429542243481,0,0,0,0,0,0,0,0,0,135.904408693314,0,0,0,0,0,0,0,0,0,0,0,0,0,0,0,0,0,14.2126529216766,0,0,0,0,0,0,0,0,0,0,0,0,0,0,31.1244368553162,0,479.176023215055,0,0,0,0,0,0,0,106.656723409891,33.9498189687729,87.1803584098816,0,0,0
0,0,0,0,0,0,0,0,0,0,0,0,0,0,0,0,0,0,0,0,0,0,0,0,0,0,0,0,0,0,0,0,365.685296863317,2.11044120788574,0,462.378738939762,0,0,0,0,0,0,0,0,0,0,0,868.745514258742,0,2.58702856302261,0,0,0,0,0,0,0,0,0,0,0,0,0,0,0,0,0,0,0,0,0,0,0,0,1082.64981384575,187.777462899685,0,0,139.736491531134,0,0,0,51.2756355404854,0,0,0,0
0,0,0,0,0,0,0,0,0,0,0,0,0,0,0,0,0,0,0,0,0,0,0,0,0,0,0,0,0,0,0,365.685296863317,0,0,19.1205068230629,0,111.194983243942,0,0,0,0,0,0,0,0,0,0,2830.7170586884,4.09490346908569,12.9865126907825,0,0,0,0,0,0,0,0,0,0,0,0,0,0,0,0,0,0,0,0,0,0,0,0,71.043178409338,541.458009824157,0,0,2.55089947581291,150.848294138908,0,0,172.693453550339,0,0,0,0
0,0,0,0,0,0,0,0,0,0,0,0,0,0,0,0,0,0,0,0,0,0,0,0,0,0,0,0,0,0,0,2.11044120788574,0,0,527.455520570278,561.362278282642,0,121.517290994525,15.7037552595139,0,0,0,0,0,0,0,0,2071.5009226948,2.83759012818336,1.51831635832787,0,0,0,0,0,0,0,0,0,0,0,0,0,0,0,0,0,0,0,0,0,0,0,0,4.29737615585327,9.98504948616028,1413.75978456438,142.007044225931,202.54636412859,0,241.62862610817,0,521.781068623066,51.5205391347408,0,0,0
0,0,0,0,0,0,0,0,0,0,0,0,0,0,0,0,0,0,0,0,0,0,0,0,0,0,0,0,0,0,0,0,19.1205068230629,527.455520570278,0,0,344.269883990288,7.80790239572525,165.381928429008,0,0,0,5.56017237901688,0,0,0,0,1106.937381953,0,0,0,0,0,0,0,0,0,0,0,0,0,0,0,0,0,0,0,0,0,0,0,0,0,0,0,12.5056194365025,17.6742442846298,2180.11447668076,0,85.7225292921066,0,37.0451633110642,300.701601937413,2.70626506209373,2.07693934440613,0,0
0,0,0,3.50220568478107,0,18.4723032414913,0,0,0,0,0,195.875609189272,0,0,0,0,0,0,0.147153571248055,1311.58629959822,0,0,0,0,0,0,0,0,0,0,0,462.378738939762,0,561.362278282642,0,0,38.5500450134277,1575.72894184291,0,0.24494244158268,0,0.248544678092003,0,0,0,1.48500973731279,0,0,0,0,0,0.886246144771576,0,0,0,0,0,132.700988262892,0,0,0,0,690.061155468225,0,0,0,0,0,0,0,0,0,0,0,65.4479003548622,0,239.135888308287,0,16271.3209985048,2,48.4564430713654,0,4467.04305693507,104.159225642681,312.963367365301,0,0
0,0,0.159464478492737,0,27.3104748129845,0,0,0,0,0,428.369101598859,0,0,0,0,0,0,0,0.13652092218399,0,1125.84917625785,0,0,0,0,0,0,0,0,0,0,0,111.194983243942,0,344.269883990288,38.5500450134277,0,0,1902.25156936795,0,1.4481714963913,0,0.619605138897896,0,0,0,17.9131312519312,6.09188675880432,0.340685933828354,0,2.85456228256226,0,0,0,0,0,64.6698210686445,0,0,0,0,0,0,434.406936079264,0,0,0,0,0,0,0,0,0,0,0,3.52971148490906,0,345.304057896137,7.31000900268555,19781.0859809369,0,245.947884112597,5962.62935916334,236.29095955193,120.160457894206,0,0.161571949720383
0,0,0,0,0,0,0,0,0,225.149562746286,0,620.265908479691,0,0,0,0,0,0,0,289.62100559473,0,707.548613980412,0,995.669183120131,0,0,0,24.355806350708,0,153.014813870192,0,0,0,121.517290994525,7.80790239572525,1575.72894184291,0,0,354.009250581264,0,0,33.3301965743303,0,0,0,0,0,409.878009259701,0,259.011825412512,0,0,0,0,0,58.4728229343891,0,399.109561383724,0,0,0,0,6.95904147624969,0,120.336085364223,0,333.219143047929,0,0,0,0,0,0,0,0,0,157.628033727407,0,1255.26459706575,0,11066.3720129877,0,3237.72102402151,332.532382518053,107.882600709796,0,0
0,0,0,0,0,0,0,0,130.211320519447,0,1231.75022380054,0,0,0,0,0,0,0,0,0,135.482031106949,8.76645755767822,760.973157167435,0,550.122204422951,0,0,0,227.056809306145,0,135.904408693314,0,0,15.7037552595139,165.381928429008,0,1902.25156936795,354.009250581264,0,0,0,0,26.0431289970875,0.173323288559914,0,0,4.85468944907188,152.257032036781,406.195792272687,0,0,0,0,0,0.508878171443939,0,96.1115710660815,0,0,0,0,0,0,60.6333428993821,0,144.905194699764,0,84.1147898137569,0,0,0,7.40887725353241,0,95.0244663357735,0,0,0,73.4183230102062,0,595.881043590605,1.73601651191711,11352.1131240427,4073.3785495609,477.376081526279,116.660553589463,0,0
0,0,0,11.4034763276577,0,7.99359418451786,0,0,0,0,0,0,0,0,0,0,22.7316042482853,23.9813862293959,421.356301143765,0,0,0,0,0,0,0,0,0,0,0,0,0,0,0,0,0.24494244158268,0,0,0,0,6.4536416977644,1150.60221835971,5.60514938831329,94.1876769065857,0.165923357009888,147.613326281309,6.77308467030525,1,0,82.7000088989735,0,0.223674148321152,0,0,0,3.12410697340965,0,3.44234113395214,0,0,0,0,53.1641352400184,2.40545961260796,0,0,0,0,0,0,0,0,0,0,0,0,0,0,135.723081499338,5.13659933954477,7.95186365395784,0,86.6698602735996,0.228065326809883,1553.28866036236,697.340562306345,1.49207429587841
0.173540234565735,0,9.38681986927986,0,1.18885819613934,0,0,0,0,0,0.317915678024292,0,0,0,0,0,23.5059839040041,11.0138424932957,414.654028698802,0,3.01665318012238,0,0,0,0,0,2.03052568435669,0,0,0,0,0,0,0,0,0,1.4481714963913,0,0,6.4536416977644,0,10.6552101224661,1643.72946723551,0.655760496854782,63.2478952109814,1.60501247644424,674.420294553041,0.658851861953735,83.5787004828453,1.42428892850876,0.782569289207458,0,0,0,0,0,3.0559464097023,0,0,0,0,0,2.40732353180647,65.5928822085261,0,0,0,0,0,0,0,0,0,0,0,0,0,0,4.50151784718037,318.706178732216,1.05413126945496,69.4654252454638,136.426798790693,2.67756269872189,1463.7692277655,2.42898809909821,239.144390098751
0,109.379596620798,0,65.2286777347326,0,27.1463682502508,0,0,0,0.7362180352211,0,0,0,0,0,0,46.2181301116943,82.9206969439983,848.721509791911,0.639027535915375,0,0,0,0,0,0,0,0,0,0,0,0,0,0,0,0.248544678092003,0,33.3301965743303,0,1150.60221835971,10.6552101224661,0,310.115708395839,105.498738437891,6.10353784263134,302.252391286194,29.5637993067503,15.952848136425,0,352.219338342547,0,0,0,0,0,3.96277344226837,0,487.395495682955,0,0,0,10.9771139323711,258.52219170332,6.51343846321106,0,0,0,0,0,0,0,0,21.3012008965015,0,0,0,0,0,1678.80526177585,6.85341990739107,61.9605574309826,0,1352.29424253106,13.5310059785843,5520.5625063628,3466.07660400867,0.576166450977325
118.132764346898,0,36.9327066093683,0.989279299974442,12.8496629148722,0,0,0,1.66322211921215,0,0.173550888895988,0,0,0,0,0,45.1923184543848,28.0147371441126,815.915686294436,0,1.70892290771008,0,0,0,0,0,0,0,0,0,0,0,0,0,5.56017237901688,0,0.619605138897896,0,26.0431289970875,5.60514938831329,1643.72946723551,310.115708395839,0,7.24275349080563,86.0780157595873,10.1822912245989,605.531643591821,77.0760919302702,426.454187236726,25.9121256172657,3.72061638534069,0,0,0,0,0,126.472058594227,0.205170929431915,0,0,0,0,3.96838736534119,312.023218616843,0,0,0,0,0,0,0,0,0,0,0,0,0,0,10.6902230679989,1851.52222114801,1.62678925693035,12.4237540662289,1836.407301642,6.9281342998147,5751.92904742062,4.17208069562912,1960.8363429755
0,0,0,0.219990566372871,0,0,0,0,0,0,0,0,0,0,0,0,20.8172526061535,28.8725957423449,319.333249554038,0,0,0,0,0,0,0.212977796792984,0,0,0,0,0,0,0,0,0,0,0,0,0.173323288559914,94.1876769065857,0.655760496854782,105.498738437891,7.24275349080563,0,0,81.9529127180576,10.6040278077126,0,0,0.920804440975189,0,0,0,0,0,0,0,0.185864686965942,0,0,0,0,14.3663517534733,0.187696054577827,0,0,0,0,0,0,0,0,0,0,0,0,0,0,209.951719038188,7.7046594619751,6.17473408579826,0.534091830253601,33.8600323200226,0,187.785921312869,25.9142125248909,1.38357301056385
0,0,0,0,0,0,0,0,0,0,0,0,0,0,0,0,22.7789915502071,8.7414990067482,260.185349181294,0,0.439542308449745,0,0,0,0,0,0,0,0,0,0,0,0,0,0,0,0,0,0,0.165923357009888,63.2478952109814,6.10353784263134,86.0780157595873,0,0,7.7204715013504,105.502182632685,0,3.84485550224781,0,0,0,0,0,0,0,1.14521913230419,0.288615226745605,0,0,0,0,0,19.0026414394379,0,0,0,0,0,0,0,0,0,0,0,0,0,0,9.38135813176632,182.707998916507,0,1.93704080581665,25.860316850245,0.233305990695953,190.100116655231,2.23511059582233,11.7391424328089
0,0,0,6.06517578661442,0,1.56577265262604,0,0,0,0,0,0,0,0,0,0,23.9908768683672,46.6472378969193,795.624271370471,0,0,0,0.506392300128937,0,0,0,3.49695388972759,0,0,0,0,0,0,0,0,1.48500973731279,0,0,0,147.613326281309,1.60501247644424,302.252391286194,10.1822912245989,81.9529127180576,7.7204715013504,0,17.2178874537349,0,0,67.2651918455958,0,0,0,0,0,0.609991550445557,0,3.82548183202744,0,0,0,0.443393126130104,387.955932587385,3.86952136456966,0,0,0,0,0,0,0,0,0.767483949661255,0,0,0,0,0,1387.34778083861,15.7698054388165,66.1116573363543,0,147.592721730471,2.72578072547913,980.887945853174,23.3393576741219,4.03916075825691
1.13152462244034,0,6.45150507986546,0,6.91972890496254,0,0,0,0,0,0.80084028840065,0,0,0,0,0,51.8431484997272,16.613847233355,1104.73034144938,0,26.9062649905682,0,0,0,0,0,0,0,0,0,0,0,0,0,0,0,17.9131312519312,0,4.85468944907188,6.77308467030525,674.420294553041,29.5637993067503,605.531643591821,10.6040278077126,105.502182632685,17.2178874537349,0,11.0864493250847,58.9781481996179,17.3806600868702,6.07831597328186,0,0,0,0,0,10.3315271288157,0,0,0,0,0,7.78988976031542,1061.45185611397,0,0,0,0,0,0,0,0,0,0,0,0,0,0,22.4823827818036,2467.43622296304,0.234897449612617,81.0523902401328,203.664060913026,6.56284882873297,1141.55484499782,4.69851784408092,21.6089164763689
0,0,1.20497074723244,0,8.08563590049744,0,0,0,3.61294734477997,0,0,0,0,0,0,0,0,0,0,0,0,0,0,0,0.937593072652817,0,0,0,0,0,0,868.745514258742,2830.7170586884,2071.5009226948,1106.937381953,0,6.09188675880432,409.878009259701,152.257032036781,1,0.658851861953735,15.952848136425,77.0760919302702,0,0,0,11.0864493250847,0,2784.62648828328,1629.86882717907,0,0,0,0,0,0,0,0,0,0,0,0,0,5.36691309511662,0,0,0,0,0,0,0,0,0,0,2647.10345208645,3100.2012181133,1086.47969540954,345.508580520749,83.3061495423317,168.576870709658,828.949414491653,288.685595229268,2031.71575826406,0.449483275413513,311.564579620957,0,1.19141948223114
27.0003689974546,0,63.4004067406058,0,30.1293340623379,0,0,0,3.65363064408302,0,0,0,0,0,0,0,0,0,8.40143013000488,0,3.55149973928928,0,1.73500354588032,0,87.4570661634207,0,0,0,0,0,0,0,4.09490346908569,2.83759012818336,0,0,0.340685933828354,0,406.195792272687,0,83.5787004828453,0,426.454187236726,0,3.84485550224781,0,58.9781481996179,2784.62648828328,0,187.353990286589,8.14031271636486,0,0,0,54.9802539646626,0,21.7505192235112,0,5.40860992670059,0,36.7268838882446,0,0,36.4987023994327,0,2.71887305378914,0,291.225656196475,0,0,0,0,0,0,0.523723363876343,0,0.49025371670723,1.26230418682098,0,81.1352771297097,0,1120.94040177763,1792.76065415889,1.38144135475159,1117.30612695217,0,4.86862739920616
0,273.304197490215,7.67978681623936,149.398722946644,0.48098149895668,44.8767109960318,0,0,0,0,0,0,0,0,0,0,0,0,7.26568351686001,0.539509296417236,0.364023081958294,0.41906151175499,0,116.423072099686,0,0,0,0,0,0,0,2.58702856302261,12.9865126907825,1.51831635832787,0,0,0,259.011825412512,0,82.7000088989735,1.42428892850876,352.219338342547,25.9121256172657,0.920804440975189,0,67.2651918455958,17.3806600868702,1629.86882717907,187.353990286589,0,0.463295459747314,0.968423873186111,0,0,0,2.0793531537056,0.972669623792171,57.2002889513969,0,4.75018495321274,0,37.9450669139624,11.4177872017026,9.7557662203908,10.1507403850555,0,102.608298808336,0,0,0,0,0,89.6135909631848,0,0,0.729135096073151,0.588684946298599,0,242.829014338553,35.5932843014598,615.20936563611,1.83207903802395,479.155063159764,7.9996173530817,1110.82086174935,16.7289842069149,0.198467880487442
0,0,146.696884050965,0,288.280743286014,0,26.2581320405006,0,0,0,0,0,0,0,8.44368961453438,0,0,0,0,0,45.9263071417809,0,0,0,0,0,0,0,0,0,0,0,0,0,0,0,2.85456228256226,0,0,0,0.782569289207458,0,3.72061638534069,0,0,0,6.07831597328186,0,8.14031271636486,0.463295459747314,0,0,0,0,19.1745070815086,0,240.500943005085,0,8.39369887113571,0,14.0422800183296,0,0,10.8451650440693,0,0,0,0,0,0,0,0,0,0,0,0,0,0,0,4.00771856307983,0,0,560.349024280906,16.7897247076035,116.423639550805,0,0
0,0,0,98.1232717186213,0,506.332224115729,0,0,0,0,0,3.9839925467968,0,0,0,0,0,0,0,3.92783802747726,0,0,0,0,0,0,0,0,0,0,0,0,0,0,0,0.886246144771576,0,0,0,0.223674148321152,0,0,0,0,0,0,0,0,0,0.968423873186111,0,0,0,0,0,0,0,142.816221818328,0,0.661901503801346,0,2.15770244598389,0,0,0,0,0,0,0,0,0,0,0,0,0,0,0,0,0.60265451669693,0,0,0,11.2929047197104,0,52.7983590960503,0,0
0,0,0,0,0,0,313.915947079659,0,0,0,69.2249941825867,0,15.1677768826485,0,0,0,0,0,0,0,0,0,0,0,0,0,0,0,0,0,0,0,0,0,0,0,0,0,0,0,0,0,0,0,0,0,0,0,0,0,0,0,0,0,0,0,147.08528149128,0,0,0,0,0,0,0,0,0,0,0,0,0,0,0,0,0,0,0,0,0,0,0,0,0,587.319868415594,10.1873102784157,0,0,0
0,0,0,0,0,0,0,273.666429102421,0,0,0,0,0,0,0,0,0,0,0,0,0,0,0,0,0,0,0,0,0,0,0,0,0,0,0,0,0,0,0,0,0,0,0,0,0,0,0,0,0,0,0,0,0,0,0,0,0,66.226077914238,0,0,0,0,0,0,0,0,0,0,0,0,0,0,0,0,0,0,0,0,0,0,0,0,249.637574374676,0,0,0,0
483.481105148792,0,81.0014499425888,0,0,0,0,0,461.340366318822,0,0,0,0,0,79.6211523413658,0,0,0,0,0,0,0,0,0,57.8551148623228,0,137.714426279068,0,0,0,0,0,0,0,0,0,0,0,0.508878171443939,0,0,0,0,0,0,0,0,0,54.9802539646626,0,19.1745070815086,0,0,0,0,0,0,0,0,0,216.111152529716,0,0,0,0,0,0,259.55481697619,0,0,0,0,0,0,0,0,0,0,0,0,0,0.322508037090302,38.5348967015743,0,197.24415807426,0,0
0,215.726244434714,0,12.6359102576971,0,24.2585172653198,0,0,0,150.362322330475,0,0,0,0,0,9.23289054632187,0,0,0,0,0,0,0,14.5589038431644,0,0,0,0,0,0,0,0,0,0,0,0,0,58.4728229343891,0,3.12410697340965,0,3.96277344226837,0,0,0,0.609991550445557,0,0,0,2.0793531537056,0,0,0,0,0,0,0,0.685319602489471,0,0,0,45.2395525574684,0,0,0,0,453.852650672197,0,0,0,0,0,0,0,0,0,0,0,0,0,56.0816920399666,0,0,0,17.4460492134094,0,0
0,0,12.4924980551004,0,6.25913368165493,0,24.381506383419,0,0,0,1899.99398361146,0,16.4101313650608,0,0,0,0.211788579821587,0,8.54391543567181,0,41.7249544560909,0,0,0,0,0,0,0,0,0,14.2126529216766,0,0,0,0,0,64.6698210686445,0,96.1115710660815,0,3.0559464097023,0,126.472058594227,0,1.14521913230419,0,10.3315271288157,0,21.7505192235112,0.972669623792171,240.500943005085,0,147.08528149128,0,0,0,0,0,30.8743463754654,0,7.20573723316193,0,0,254.386173292994,0,0,0,0,0,0,0,0,0,400.207769662142,0,0,0,0,0.307909250259399,10.5693135857582,0,0,441.284745059907,40.9948505759239,394.396255880594,0,10.6281813681126
0,0,0,34.6915280371904,0,39.2699231952429,0,1,0,0,0,2331.63253861666,0,152.13464140892,0,0,0,0,7.23454876244068,15.6272048652172,0,0,0,0,0,0,0,0,0,0,0,0,0,0,0,132.700988262892,0,399.109561383724,0,3.44234113395214,0,487.395495682955,0.205170929431915,0.185864686965942,0.288615226745605,3.82548183202744,0,0,0,57.2002889513969,0,142.816221818328,0,66.226077914238,0,0.685319602489471,0,0,0,84.1139846146107,0,49.1111595183611,528.136936672032,0,0,0,0,0,0,0,0,0,869.647288501263,0,0,0,0,0,46.3234476670623,0.338047027587891,17.9527793228626,0,593.298875160515,0.89393849670887,517.590282745659,65.5388628095388,0
0,0,0.541879534721375,0,0,0,0,0,0,0,36.3787752389908,0,655.786685973406,0,16.8676872253418,0,0,0,0,0,0,0,0,0,0,0,0,0,435.605630278587,0,0,0,0,0,0,0,0,0,0,0,0,0,0,0,0,0,0,0,5.40860992670059,0,8.39369887113571,0,0,0,0,0,30.8743463754654,0,0,0,74.9940773248672,0,0,0,0,0,0,0,0,0.576864540576935,0,84.8697512298822,0,0,0,0,0,0,0,0,0,0,120.79172039032,23.7456030845642,0,0,0
0,1,0,25.0811681896448,0,0,0,23.8633513450623,0,0,0,325.058261394501,0,624.644332706928,0,12.956511080265,0,0,0,0,0,0,0,0,0,0,0,0,0,0,0,0,0,0,0,0,0,0,0,0,0,0,0,0,0,0,0,0,0,4.75018495321274,0,0.661901503801346,0,0,0,0,0,84.1139846146107,0,0,0,2.57237362861633,0,0,0,0,0,0,0,0,0,0,0,0,0,0,0,0,0,0,0,0,112.945108294487,5.06790143251419,1.0829019844532,0,0
4.04446816444397,0,4.67041593790054,0,13.4741592407227,0,0,0,0,0,0,0,20.3844176530838,0,78.2630594819784,0,95.7779747098684,7.73034383356571,0,0,0,0,0,0,0,0,2.7639285326004,0,0,0,0,0,0,0,0,0,0,0,0,0,0,0,0,0,0,0,0,0,36.7268838882446,0,14.0422800183296,0,0,0,216.111152529716,0,7.20573723316193,0,74.9940773248672,0,0,0,0,0,0,0,0,0,0,0,0,0,0,0,0,0,0,0,0,0,0,0,36.6065946221352,0,0,0,0
0,117.521468028426,0,59.7177546322346,0,0,0,0,0,110.68946069479,0,0,0,2.3918205499649,0,78.0099643468857,0,0,2.9506618976593,0,0,0,0,0,0,0,0,0,0,0,0,0,0,0,0,0,0,0,0,0,0,10.9771139323711,0,0,0,0.443393126130104,0,0,0,37.9450669139624,0,2.15770244598389,0,0,0,45.2395525574684,0,49.1111595183611,0,2.57237362861633,0,0,0,0,0,0,2.3703241944313,0,0,0,0,0,0,0,0,0,0,0,0.968477293848991,0,0,0,3.08815810084343,0,17.8067594468594,0,0
0,0,0,2.36114436388016,0,5.35036966204643,0,0,0,0,0,99.9654318988323,0,0,0,0,16.3143146634102,13.1520327329636,316.480545200408,363.811144083738,0,0,0,0,0,0,0,0,0,0,0,0,0,0,0,690.061155468225,0,6.95904147624969,0,53.1641352400184,2.40732353180647,258.52219170332,3.96838736534119,14.3663517534733,0,387.955932587385,7.78988976031542,0,0,11.4177872017026,0,0,0,0,0,0,0,528.136936672032,0,0,0,0,0,1.58883367478848,0,0,0,0,0,0,0,0,86.13347402215,0,0,0,0,0,1537.23110229522,1.08132641017437,140.67093411833,0,286.357974842191,0.343800142407417,1322.98568402231,11.3083729296923,0
0,0,42.6153679490089,0,15.9792913198471,0,0,0,0.558988034725189,0,59.3514740914106,0,0,0,0,0,17.709532700479,9.68562495708466,292.418563239276,0,964.130388379097,0,0,0,0,0,0,0,0,0,0,0,0,0,0,0,434.406936079264,0,60.6333428993821,2.40545961260796,65.5928822085261,6.51343846321106,312.023218616843,0.187696054577827,19.0026414394379,3.86952136456966,1061.45185611397,5.36691309511662,36.4987023994327,9.7557662203908,10.8451650440693,0,0,0,0,0,254.386173292994,0,0,0,0,0,1.58883367478848,0,0,0,0,0,0,0,0,0,0,17.0794695019722,0,0,0,0,1.96785342693329,1789.80424583703,0,141.684959664941,301.350348323584,2.79416837543249,1440.49175218493,2.21830676496029,69.1175414100289
0,0,0,0,0,0,0,0,0,0,0,0,0,0,0,0,0,0,0,0,0,2980.58407606184,0,40.0683183968067,0,20.0615605115891,0,0,0,0,0,0,0,0,0,0,0,120.336085364223,0,0,0,0,0,0,0,0,0,0,0,10.1507403850555,0,0,0,0,0,0,0,0,0,0,0,0,0,0,0,0,257.468703791499,0,115.843747913837,0,122.207029864192,0,0,0,0,0,0,0,0,0,224.601216465235,0,420.395219653845,30.2566968202591,0,0,0
0,0,0,0,0,0,0,0,0,0,0,0,0,0,0,0,9.65843376517296,1.74174499511719,0,0,0,7.27927875518799,3347.91128093004,0,97.233283251524,0,10.7974762618542,0,0,0,0,0,0,0,0,0,0,0,144.905194699764,0,0,0,0,0,0,0,0,0,2.71887305378914,0,0,0,0,0,0,0,0,0,0,0,0,0,0,0,0,0,0,311.529293775558,0,0,0,0,0,0,0,0,0,0,0,0,0,643.797304645181,162.571049809456,0,0,0,0
0,4.13619264960289,0,0,0,0,0,0,0,4.8317356556654,0,0,0,0,0,0,0,0,0,0,0,62.6749113798141,0,1263.80138021708,0,144.027652263641,0,0,0,0,0,0,0,0,0,0,0,333.219143047929,0,0,0,0,0,0,0,0,0,0,0,102.608298808336,0,0,0,0,0,453.852650672197,0,0,0,0,0,2.3703241944313,0,0,257.468703791499,0,0,0,10.4121731519699,0,0,0,0,0,0,0,0,0,0,0,358.282241463661,0,439.651595830917,0,248.992825090885,0,0
0,0,0,0,0,0,0,0,5.00448547303677,0,0,0,0,0,0,0,4.51887285709381,0,0,0,0,0,113.285054057837,0,1280.22675904632,0,309.968816399574,0,0,0,0,0,0,0,0,0,0,0,84.1147898137569,0,0,0,0,0,0,0,0,0,291.225656196475,0,0,0,0,0,259.55481697619,0,0,0,0,0,0,0,0,0,0,311.529293775558,0,0,0,10.3913086652756,0,0,0,0,0,0,0,0,0,0,0,13.0488791167736,103.64913956821,0,51.6455454677343,0,0
0,0,0,0,0,0,0,0,0,0,0,0,0,0,0,0.837017849087715,9.88307264447212,160.136387199163,2.07603597640991,0,0,4.4179499745369,0.329835772514343,4,0,103.808046579361,0,0,0,0,0,0,0,0,0,0,0,0,0,0,0,0,0,0,0,0,0,0,0,0,0,0,0,0,0,0,0,0,0,0,0,0,0,0,115.843747913837,0,10.4121731519699,0,0,0,1,0,0,0,0,0,0,0,0,0,0,0,22.4432374089956,0,0,0,0
0,0,0,0,0,0,0,0,2.05325967073441,0.201712101697922,0,0,0,0,1.75476415455341,0.392775177955627,490.653718054295,78.8585937023163,15.7440572828054,0,0,0,53.8835921734571,0,42.7595184445381,0,397.768009960651,0,0,0,0,0,0,0,0,0,0,0,0,0,0,0,0,0,0,0,0,0,0,0,0,0,0,0,0,0,0,0,0.576864540576935,0,0,0,0,0,0,0,0,10.3913086652756,0,0,0,1.80402660369873,0,0,0,0,0,0,0,0,0,0,186.973502665758,0.99029067158699,1.00436353683472,0,0
0,0,0,0,0,0,0,0,0,0,0,38.5661063194275,0,31.9414755105972,0,0,0,0,0,0,0,19.1024464964867,0,0,0,0,0,394.972049951553,0,93.587533891201,0,0,0,0,0,0,0,0,0,0,0,0,0,0,0,0,0,0,0,0,0,0,0,0,0,0,0,0,0,0,0,0,0,0,122.207029864192,0,0,0,1,0,0,0,0,0,0,0,0,0,0,0,99.9419640004635,0,0,0,0,0,0
0,0,0,0,0,0,0,0,0,0,29.6353149414062,0,0,0,0,0,0,0,0,0,0,0,5.31258583068848,0,0,0,3,0,731.987296402454,0,31.1244368553162,0,0,0,0,0,0,0,7.40887725353241,0,0,0,0,0,0,0,0,0,0,0,0,0,0,0,0,0,0,0,84.8697512298822,0,0,0,0,0,0,0,0,0,0,1.80402660369873,0,0,0,155.492459088564,0,0,0,0,0,0,0,329.631582334638,0,0,0,0,0
0,0,0,0.474287569522858,0,0.441750764846802,0,0,0,0,0,133.737649798393,0,0,0,0,0,0,0.288288444280624,0,0,0,0,0,0,0,0,55.8672151118517,0,296.90452465415,0,0,0,0,0,0,0,0,0,0,0,21.3012008965015,0,0,0,0.767483949661255,0,0,0,89.6135909631848,0,0,0,0,0,0,0,869.647288501263,0,0,0,0,86.13347402215,0,0,0,0,0,0,0,0,0,0,0,0,0,0,0,0.558217525482178,0,79.474531814456,0,33.5559102296829,0,45.5651713013649,0,0
0,0,0.306768655776978,0,0,0,0,0,0,0,15.2765626311302,0,0,0,0,0,0,0,0,0,0,0,0,0,0,0,0,0,153.223111867905,0,479.176023215055,0,0,0,0,0,0,0,95.0244663357735,0,0,0,0,0,0,0,0,0,0,0,0,0,0,0,0,0,400.207769662142,0,0,0,0,0,0,17.0794695019722,0,0,0,0,0,0,0,155.492459088564,0,0,0,0,0,0,0,0,0,216.762632519007,0,2.01438841223717,1.26604008674622,0,0
0,0,0,0,0,0,0,0,0,0,0,0,0,0,0,0,0,0,0,0,0,0,0,0,0,0,0,0,0,0,0,1082.64981384575,71.043178409338,4.29737615585327,0,65.4479003548622,0,0,0,0,0,0,0,0,0,0,0,2647.10345208645,0.523723363876343,0,0,0,0,0,0,0,0,0,0,0,0,0,0,0,0,0,0,0,0,0,0,0,0,0,0,243.803299695253,548.871346399188,0,775.351780354977,0,0,0,64.4243423342705,0,0,0,0
0,0,0,0,0,0,0,0,0,0,0,0,0,0,0,0,0,0,0,0,0,0,0,0,0,0,0,0,0,0,0,187.777462899685,541.458009824157,9.98504948616028,12.5056194365025,0,3.52971148490906,0,0,0,0,0,0,0,0,0,0,3100.2012181133,0,0.729135096073151,0,0,0,0,0,0,0,0,0,0,0,0,0,0,0,0,0,0,0,0,0,0,0,0,243.803299695253,0,0,5.31555163860321,0,4.18984204530716,0,0,45.7558663785458,0,0,0,0
0,0,0,0,0,0,0,0,0,0,0,0,0,0,0,0,0,0,0,0,0,0,0,0,0,0,0,0,0,0,0,0,0,1413.75978456438,17.6742442846298,239.135888308287,0,157.628033727407,0,0,0,0,0,0,0,0,0,1086.47969540954,0.49025371670723,0.588684946298599,0,0,0,0,0,0,0,0,0,0,0,0,0,0,0,0,0,0,0,0,0,0,0,0,548.871346399188,0,0,2.40529942512512,254.131831049919,0,271.297122567892,0,120.361688047647,30.8159309327602,0,0,0
0,0,0,0,0,0,0,0,0,0,0,0,0,0,0,0,0,0,0,0,0,0,0,0,0,0,0,0,0,0,0,0,0,142.007044225931,2180.11447668076,0,345.304057896137,0,73.4183230102062,0,0,0,0,0,0,0,0,345.508580520749,1.26230418682098,0,0,0,0,0,0,0,0,0,0,0,0,0,0,0,0,0,0,0,0,0,0,0,0,0,0,5.31555163860321,2.40529942512512,0,0,57.9072811305523,0,13.3245810866356,93.8790602385998,0.899360164999962,0,0,0
0,0,0,26.7897974178195,0,5.41314895451069,0,0,0,0,0,43.6458062231541,0,0,0,0,45.9514964669943,52.7579025551677,1077.1397132352,424.334608986974,1.03656661510468,0,0,0,0,0,0,0,0,0,0,139.736491531134,2.55089947581291,202.54636412859,0,16271.3209985048,7.31000900268555,1255.26459706575,0,135.723081499338,4.50151784718037,1678.80526177585,10.6902230679989,209.951719038188,9.38135813176632,1387.34778083861,22.4823827818036,83.3061495423317,0,242.829014338553,0,0.60265451669693,0,0,0,0,0.307909250259399,46.3234476670623,0,0,0,0.968477293848991,1537.23110229522,1.96785342693329,0,0,0,0,0,0,0,0,0.558217525482178,0,775.351780354977,0,254.131831049919,0,0,6.41477342694998,296.159927710891,0.112172827124596,2615.95045819879,43.1219343021512,2072.48940107971,329.705415725708,0.413194268941879
0.945781677961349,0,10.4210924357176,0,16.2621820867062,0,0,0,0.295067578554153,0,84.9152983129025,0,0,0,0,0,46.0163633525372,19.3145233020186,956.680420063436,0,525.446357488632,0,0,0,0,0,0,0,0,0,0,0,150.848294138908,0,85.7225292921066,2,19781.0859809369,0,595.881043590605,5.13659933954477,318.706178732216,6.85341990739107,1851.52222114801,7.7046594619751,182.707998916507,15.7698054388165,2467.43622296304,168.576870709658,81.1352771297097,35.5932843014598,4.00771856307983,0,0,0,0,0,10.5693135857582,0.338047027587891,0,0,0,0,1.08132641017437,1789.80424583703,0,0,0,0,0,0,0,0,0,0,0,4.18984204530716,0,57.9072811305523,6.41477342694998,0,0.194511517882347,378.765207901597,2269.85078254342,50.2403639405966,1725.62891896069,4.70696756243706,170.338785856962
0,0,0,4.66005383431911,0,0,0,0,0,35.54100240767,0,166.708302080631,0,0,0,0,1.59016615152359,1.5556692481041,65.5330587923527,6.35940854251385,0,500.278780460358,0,605.031060636044,0,0,0,0,0,9.64929634332657,0,0,0,241.62862610817,0,48.4564430713654,0,11066.3720129877,1.73601651191711,7.95186365395784,1.05413126945496,61.9605574309826,1.62678925693035,6.17473408579826,0,66.1116573363543,0.234897449612617,828.949414491653,0,615.20936563611,0,0,0,0,0,56.0816920399666,0,17.9527793228626,0,0,0,0,140.67093411833,0,224.601216465235,0,358.282241463661,0,0,0,99.9419640004635,0,79.474531814456,0,0,0,271.297122567892,0,296.159927710891,0.194511517882347,0,0,952.20718254149,29.7045829743147,761.380511015654,95.3922286778688,0
0,0,0.212381049990654,0,0,0,0,0,42.5297298580408,0,22.5075912475586,0,0,0,0,0,0.954797744750977,0,6.36514759063721,0,47.4342701882124,0,887.120708525181,0,24.36900575459,0,0,0,6.17292857170105,0,106.656723409891,0,0,0,37.0451633110642,0,245.947884112597,0,11352.1131240427,0,69.4654252454638,0,12.4237540662289,0.534091830253601,1.93704080581665,0,81.0523902401328,288.685595229268,1120.94040177763,1.83207903802395,0,0,0,0,0.322508037090302,0,0,0,0,0,0,0,0,141.684959664941,0,643.797304645181,0,13.0488791167736,0,0,0,329.631582334638,0,216.762632519007,0,0,0,13.3245810866356,0.112172827124596,378.765207901597,0,0,1502.25798161328,12.9613119661808,113.787842303514,0,1.49439173936844
63.1164517998695,34.0256577432156,155.915381535888,28.7398456558585,1584.79461628199,145.176393449306,668.31367379427,113.007474064827,423.981485381722,104.873775750399,1013.53011890501,444.935849577188,364.418910682201,138.695426106453,162.602416664362,7.02295823395252,6005.94916666299,5977.14582711458,2964.83371087164,463.030505895615,978.538462951779,1183.54661755264,1084.36077435315,642.152335911989,409.899299748242,129.312578126788,440.294881641865,1.53932845592499,327.319130718708,10.7792928218842,33.9498189687729,51.2756355404854,172.693453550339,521.781068623066,300.701601937413,4467.04305693507,5962.62935916334,3237.72102402151,4073.3785495609,86.6698602735996,136.426798790693,1352.29424253106,1836.407301642,33.8600323200226,25.860316850245,147.592721730471,203.664060913026,2031.71575826406,1792.76065415889,479.155063159764,560.349024280906,11.2929047197104,587.319868415594,249.637574374676,38.5348967015743,0,441.284745059907,593.298875160515,120.79172039032,112.945108294487,36.6065946221352,3.08815810084343,286.357974842191,301.350348323584,420.395219653845,162.571049809456,439.651595830917,103.64913956821,22.4432374089956,186.973502665758,0,0,33.5559102296829,0,64.4243423342705,45.7558663785458,120.361688047647,93.8790602385998,2615.95045819879,2269.85078254342,952.20718254149,1502.25798161328,0,2153.236786291,2672.51338765025,144.272251687944,91.2604863643646
