0,0,8.44234459961162,89.2726516723633,0,0,0,0,6.65072363394278,0,0,0,16.3564561571394,0,15.6984590105264,0,45.5947493977017,66.370475769043,13.8529264882759,0,34.2203496297201,0,0,0,13.9830448254943,0,0,0,0,0,0,0,0,0,0,0,41.2003366296942,50.8345229408958,20.3407275843066,84.6752281188965,35.9843169318305,50.4906520843506,28.719743138815,0,0,0,26.1945036202669,44.439105351766,8.15177790976859,0,11.1630282402039,0,0,0,7.720583952895,76.163948059082,6.49137112138352,0,8.45756327197665,0,9.67391857088918,0,0,36.1564376831055,0,0,59.234546661377,13.0081573842277,0,7.2667592384003,0,8.0003464846003,0,37.7360937595367,0,0,0,0,0,41.2787413063462,0,31.5935922510484,11.995702248263,55.7664680480957,16.5662708695203,0,0
0,0,0,14.5959534174827,0,0,0,0,68.3082885742188,7.33600100443209,0,0,0,0,0,4.84813951121436,0,69.3148174285889,10.9760973652204,0,0,0,0,10.7904749301172,0,0,0,0,0,0,0,0,0,0,0,48.6275295257568,0,27.9681431055069,56.3192057609558,33.2086054233083,0,25.5416374212768,44.7601117585835,0,0,21.9658433282098,0,34.1284971237183,0,16.4370895202115,0,0,0,0,73.8225555419922,6.9106934474284,0,20.6492869172777,91.6782836914062,5.38755278587341,0,5.29756276896506,28.7012825012207,0,0,0,12.7151782548789,63.0996208190918,4.58752167224884,69.6141052246094,20.5025255415175,0,27.8366311391195,0,0,0,0,0,39.5331197645929,0,38.133734362466,49.3957195281982,14.9266859253137,29.9142773946126,17.4484288984306,0,0
8.44234459961162,0,0,0,15.7271680831909,0,0,0,7.52101729037988,0,0,0,0,0,0,0,58.1634950637817,62.9990310668945,40.7090494155884,0,32.2050946553548,0,0,0,24.2332895067003,0,0,0,0,0,0,0,0,0,0,0,22.8977932589395,0,34.1209348042806,70.6996765136719,67.6595916748047,0,39.3087220647028,0,0,0,29.3352550097874,0,19.5723770239774,0,8.84924511581297,0,0,0,10.9655234047345,0,6.90741771918077,0,7.23059577585381,0,6.66482205326493,0,0,48.7442409992218,0,0,0,23.6698049887633,0,0,0,31.0310961405436,0,36.2974449504505,0,0,0,0,0,36.2753531138102,0,69.9015650749207,10.5619575916192,0,25.6424870615963,0,0
89.2726516723633,14.5959534174827,0,0,0,6.08361693117555,0,0,0,17.760512575097,0,0,0,0,0,0,75.5195846557617,56.4877082824707,47.3982450745322,0,0,0,0,23.2984964707318,0,0,0,0,0,0,0,0,0,0,0,57.0594126383464,0,33.8467245603863,0,39.5469256089759,0,34.2646866005528,40.5673002945749,0,0,23.162808441901,39.6297340393066,0,0,20.9814593804711,0,0,0,0,0,9.25699519070368,0,24.1256594763862,0,4.06146850767015,0,3.68301103501347,29.000997543335,0,0,0,24.7242391659663,0,0,0,32.8975052833557,0,30.7877671297859,0,0,0,0,0,47.1581422575227,95.7979202270508,37.4698489867535,68.3470001220703,29.4055964442234,55.1442737579346,23.720063352553,30.0197658538818,0
0,0,15.7271680831909,0,0,0,0,0,3.64940538438591,0,0,0,0,0,3.25754098892212,0,0,0,50.5233917236328,0,12.3683690230052,0,0,0,0,0,0,0,0,0,0,0,0,0,0,0,11.7495587031047,0,0,0,40.8139190673828,0,49.0741152728045,0,0,0,46.1690879821777,0,46.6819795702325,0,4.31859717912742,0,0,0,7.15921873705728,0,0,0,0,0,3.29982272783915,0,0,11.8168048858643,0,0,0,0,0,0,0,0,0,0,0,0,0,0,0,26.1123788197835,0,0,10.288430662076,0,41.7105117974822,0,0
0,0,0,6.08361693117555,0,0,0,0,0,4.18882830078537,0,0,0,0,0,2.9457057317098,0,0,55.5500726699829,3.92135884003206,0,0,0,0,0,0,0,0,0,0,0,0,0,0,0,3.36485633760128,40.5004386901855,0,0,58.02494764328,0,41.4367983891414,46.7962675094604,0,0,0,0,0,0,40.6795492172241,0,3.70202343487859,0,5.12658103307088,0,3.50840628714789,0,0,0,4.56884156333076,0,0,6.8783898980994,0,0,0,0,0,0,0,0,0,0,0,0,0,0,0,0,0,85.6088027954102,0,7.96870670895976,4.33310413902456,17.4988530308223,35.5039730072021,0
0,0,0,0,0,0,0,0,0,0,0,0,0,0,0,0,0,0,0,0,0,0,0,0,0,0,0,0,0,0,0,0,0,0,0,0,0,0,0,0,0,0,0,0,0,0,0,0,0,0,0,0,2.74403071403503,0,0,0,3.77598866820335,0,0,0,0,0,0,0,0,0,0,0,0,0,0,0,0,0,0,0,0,0,0,0,0,0,0,0,0,0,0
0,0,0,0,0,0,0,0,0,0,0,0,0,0,0,0,0,0,0,0,0,0,0,0,0,0,0,0,0,0,0,0,0,0,0,0,0,0,0,0,0,0,0,0,0,0,0,0,0,0,0,3.0213090578715,0,3.13858995575836,0,0,0,3.79990404844284,0,3.80307364463806,0,0,0,0,0,0,0,0,0,0,0,0,0,0,0,0,0,0,0,0,0,0,3.42648074456624,3.41798521061333,0,0,0
6.65072363394278,68.3082885742188,7.52101729037988,0,3.64940538438591,0,0,0,0,0,0,0,0,0,5.45345319262091,0,55.8482888539632,0,41.4124856948853,0,0,0,0,0,5.91762762014656,0,6.82854481913009,0,0,0,0,0,0,0,0,0,0,45.6961517333984,14.0390616854032,0,42.4343020121256,0,29.0986509209044,0,0,0,43.1797180175781,45.8864676157633,17.8008478078229,0,0,0,0,0,7.13719788616217,0,20.374202670473,0,19.8205791375576,0,8.04023667059693,0,0,0,0,0,0,6.0309446583275,0,15.697182059288,0,22.0937200015104,0,25.821624483381,0,0,0,0,0,45.2053561740451,0,24.9737661763241,8.7206539646886,0,17.3594411718902,0,0
0,7.33600100443209,0,17.760512575097,0,4.18882830078537,0,0,0,0,0,0,0,0,0,3.72239296047647,84.3541946411133,3.57261484983016,75.1517791748047,0,0,0,0,10.0093238865188,0,4.2635636146252,0,0,0,0,0,0,0,0,0,0,0,19.3806888410023,0,52.6679756858132,0,33.2725762903076,49.9463691711426,0,0,41.0948429107666,0,0,0,20.8519819014895,0,2.73411202430725,0,0,0,5.25135025959958,0,20.1919867197673,0,0,0,5.7717192015372,29.1922225952148,0,0,0,12.4039639665021,0,2.74682855606079,0,26.2918558120728,0,35.4616187702526,0,0,0,0,0,52.7684116363525,0,23.1849740656411,0,5.32347671700918,3.2737802581967,20.0167115675079,0,0
0,0,0,0,0,0,0,0,0,0,0,0,3.50659950317875,0,0,0,63.8631744384766,0,46.0607693990072,0,3.44045434420622,0,0,0,0,0,0,0,0,0,4.10631132125854,0,0,0,0,0,5.38367080688477,0,5.51183024557625,0,0,0,49.447093963623,0,0,0,48.8900686899821,0,0,0,0,0,0,0,0,0,3.68944661700734,0,4.73148627281189,0,0,0,0,15.3778736157851,0,0,0,0,0,0,0,0,0,0,0,0,0,0,0,57.5785617828369,0,6.5885435527133,12.360871579912,66.4623680114746,18.2822563886642,0,0
0,0,0,0,0,0,0,0,0,0,0,0,0,3.25790625148349,0,0,0,0,0,2.91314234208623,0,0,0,0,0,0,0,0,0,2.7398145198822,0,0,0,0,0,4.21272134780884,0,2.73990821838379,0,0,0,0,0,0,0,0,0,0,0,0,0,0,0,4.65715026855469,0,0,0,4.95604917229833,0,2.81081218189663,0,0,2.88203658572698,0,0,0,0,0,0,0,0,0,4.44842948913574,0,0,0,0,0,0,0,0,0,2.8049179315567,0,0,0,0
16.3564561571394,0,0,0,0,0,0,0,0,0,3.50659950317875,0,0,0,4.39088876730476,0,0,0,0,0,0,0,0,0,0,0,0,0,3.41956942422049,0,0,0,0,0,0,0,0,0,28.0798072814941,0,0,0,37.1807774702708,0,0,0,0,0,24.7359008789062,0,0,0,0,0,23.0917825698853,0,4.5537149589273,0,3.83883882580381,0,6.67922717180873,0,0,0,0,0,0,27.5189199447632,0,13.5898071924845,0,4.49052389353922,0,0,0,0,0,0,0,0,0,0,5.93987592061361,4.06099203228951,24.8020173514762,0,0
0,0,0,0,0,0,0,0,0,0,0,3.25790625148349,0,0,0,2.90469901561737,0,0,0,0,0,0,0,0,0,0,0,3.46328126682955,0,0,0,0,0,0,0,0,0,0,0,0,0,0,0,0,0,0,0,0,0,0,0,4.40271384375436,0,3.86364282170931,0,0,0,3.5938093662262,0,3.33400564061271,0,3.5931890372074,0,0,0,0,0,0,0,0,0,0,0,0,0,0,0,0,0,0,0,0,2.93052488106948,3.04899454720413,0,0,0
15.6984590105264,0,0,0,3.25754098892212,0,0,0,5.45345319262091,0,0,0,4.39088876730476,0,0,0,47.0297660827637,0,0,0,0,0,0,0,20.7349411010742,0,4.12344241142273,0,0,0,0,0,0,0,0,0,0,0,26.0249195098877,0,51.7069244384766,0,35.9481887817383,0,0,0,46.2333946228027,0,18.9523092269897,0,0,0,0,0,4.72844941664062,0,0,0,6.13352553049723,0,4.84600996094344,0,0,61.819522857666,0,0,0,24.4194183349609,0,10.9712370236715,0,0,0,0,0,0,0,0,0,0,0,84.5199508666992,6.38197964032491,0,22.5173922654624,0,0
0,4.84813951121436,0,0,0,2.9457057317098,0,0,0,3.72239296047647,0,0,0,2.90469901561737,0,0,0,3.39958460190717,0,0,0,0,0,11.4392109339436,0,3.35538711547852,0,0,0,0,0,0,0,0,0,0,0,15.4797703742981,0,0,0,0,0,0,0,0,0,0,0,0,0,0,0,0,0,4.64976052013012,0,0,0,2.95188331604004,0,3.32124588612852,0,0,0,0,10.3651788234711,0,2.95817399024963,0,0,0,0,0,0,0,0,0,0,0,0,0,3.09309214704177,2.80770349502563,0,0,0
45.5947493977017,0,58.1634950637817,75.5195846557617,0,0,0,0,55.8482888539632,84.3541946411133,63.8631744384766,0,0,0,47.0297660827637,0,0,22.1808782978285,22.4408578018325,0,62.1637015342712,0,2.89991226792336,0,0,0,2.87033881743749,0,0,0,59.8818092346191,0,0,0,0,0,76.1693077087402,95.68603515625,66.0672208345853,76.5751722252887,69.472711905455,69.827940604266,52.3713564956397,0,86.453929901123,64.2396166665213,57.5782333854737,0,50.6723606313458,73.9898483969948,0,0,0,0,4.65177774429321,0,82.9891649881999,80.4419860839844,0,0,0,0,70.2275810241699,71.8667844884536,0,2.95878708362579,0,69.4899826049805,0,2.9847257733345,0,52.4342469533284,72.9338150024414,53.613139730985,0,0,0,0,78.0603149959019,74.0256731380116,84.0556739807129,65.2016498272236,16.2145851230226,11.4441842211582,56.253214691048,0,0
66.370475769043,69.3148174285889,62.9990310668945,56.4877082824707,0,0,0,0,0,3.57261484983016,0,0,0,0,0,3.39958460190717,22.1808782978285,0,20.1527140315803,0,72.5456132888794,4.31727093666099,0,4.60181756973267,0,3.36305184142534,0,0,0,0,0,0,0,0,0,90.2241768836975,91.9106369018555,71.9115676879883,86.0617254156815,66.0871840337596,75.5127533276876,54.2346579438897,65.7076729774475,0,0,58.1284664333267,63.6069358737989,0,74.5758204073519,62.8704926172892,0,0,0,0,0,5.38185641169548,0,74.4011154174805,0,0,71.4576034545898,0,79.508674621582,77.895987374442,0,0,2.74459743499756,0,0,0,0,85.3542541503906,60.9884061813354,76.3634293500115,0,0,0,0,76.8262381886327,83.5793717547161,76.6566850260684,85.4301627906593,14.8468375847004,9.81923827234086,64.9684587414476,49.4936647415161,0
13.8529264882759,10.9760973652204,40.7090494155884,47.3982450745322,50.5233917236328,55.5500726699829,0,0,41.4124856948853,75.1517791748047,46.0607693990072,0,0,0,0,0,22.4408578018325,20.1527140315803,0,0,47.9964708529021,0,0,0,45.9524459838867,0,0,0,0,0,55.4004154205322,0,0,0,0,67.1848452481357,52.6852605265956,67.0147874766383,55.3602355860047,47.3066213140823,41.6725534423059,34.7601858195379,22.9155608066593,0,19.5650580823421,37.6822051578794,35.910852476782,0,41.252556872012,41.7915120640874,51.4294776916504,0,0,0,49.147270496075,66.7250061035156,75.0669860839844,37.4343892147667,55.2883167266846,0,59.1684265136719,0,46.0918561762029,49.6580584932257,0,0,0,41.2102165222168,0,0,40.7471015930176,45.5178782799665,39.9745665958949,45.5749469054373,0,0,0,0,57.0485092373157,50.932744791513,55.470898456338,53.0331525756541,12.9139143214117,21.6631348140325,40.1788544368876,38.1303916106353,17.6865997314453
0,0,0,0,0,3.92135884003206,0,0,0,0,0,2.91314234208623,0,0,0,0,0,0,0,0,0,0,0,0,0,0,0,0,0,0,0,0,0,0,0,4.68517480371457,0,5.51800526172323,0,0,0,0,0,0,0,10.7488966517978,0,0,0,0,0,3.17545206844807,0,0,0,0,0,3.1217679977417,0,0,0,0,4.12196431845353,0,0,0,0,0,0,0,0,0,0,0,0,0,0,0,7.79887176411493,0,12.4398104322368,0,13.4999372178111,0,5.61045836774926,0,0
34.2203496297201,0,32.2050946553548,0,12.3683690230052,0,0,0,0,0,3.44045434420622,0,0,0,0,0,62.1637015342712,72.5456132888794,47.9964708529021,0,0,0,0,0,0,0,0,0,0,0,7.35812759399414,0,0,0,0,0,4.2259730932953,0,5.67624253770219,81.7733306884766,69.3893089294434,111.014297485352,54.0811431560111,0,0,0,40.2261741638184,0,66.3364429473877,0,10.7704727847167,0,0,0,73.849006652832,0,3.76747219963411,0,40.5216946601868,0,0,0,0,6.76145841732868,0,0,0,0,0,0,0,67.3347539901733,0,38.7066371705797,0,0,0,0,98.2975158691406,6.12402528418062,0,7.07520300260176,18.3893250380977,70.5943439190204,14.3024522452287,0,0
0,0,0,0,0,0,0,0,0,0,0,0,0,0,0,0,0,4.31727093666099,0,0,0,0,3.02070924639702,8.03953093350944,0,5.15802599418731,0,0,0,0,0,0,0,0,0,0,0,7.91461849278327,0,0,0,0,35.5136299133301,0,0,0,0,0,0,5.74495168297978,0,0,0,0,0,0,0,0,0,0,0,0,0,0,4.21875769583472,0,4.33621799945831,0,10.0719657569635,0,6.57582473754883,0,0,0,0,0,0,0,0,0,6.87808417141866,0,8.24006393304685,4.2553541125244,19.6343050003052,0,0
0,0,0,0,0,0,0,0,0,0,0,0,0,0,0,0,2.89991226792336,0,0,0,0,3.02070924639702,0,0,4.61679313664741,0,3.57293489544662,0,2.96754384040833,0,0,0,0,0,0,0,0,39.025673866272,7.11143469776426,0,0,0,22.7372417449951,0,0,0,0,29.5136200831487,4.60827688852946,0,0,0,0,0,0,0,0,0,0,0,0,0,0,0,2.85289722681046,4.18226278926319,0,6.74589920043945,0,6.50134644796938,0,4.03330259820689,0,0,0,0,0,0,0,0,0,7.590210122889,6.5786219136073,5.00899130311506,22.8560849428177,0,0
0,10.7904749301172,0,23.2984964707318,0,0,0,0,0,10.0093238865188,0,0,0,0,0,11.4392109339436,0,4.60181756973267,0,0,0,8.03953093350944,0,0,0,11.1029874296749,0,0,0,0,0,0,0,0,0,0,0,5.27985492792147,0,63.1851501464844,0,10.6624615595374,29.8246517181396,0,0,0,0,0,0,13.9084509998919,0,0,0,0,0,9.07993287222028,0,0,0,0,0,0,0,0,13.4094793796539,0,5.05463813750793,0,5.18739104270935,56.0802917480469,0,0,0,0,0,0,0,0,0,0,6.20411889955222,0,6.67840411500497,18.8155577977498,7.27506909831878,0,0
13.9830448254943,0,24.2332895067003,0,0,0,0,0,5.91762762014656,0,0,0,0,0,20.7349411010742,0,0,0,45.9524459838867,0,0,0,4.61679313664741,0,0,0,3.28556059105228,0,0,0,0,0,0,0,0,0,0,32.2780733108521,7.30021979810367,0,0,27.5429039001465,23.1997841066784,0,0,0,42.64990234375,31.7475039164225,22.2622051904368,69.6113128662109,0,0,0,0,6.13746812469081,66.3065872192383,23.1301329476493,0,22.3269116083781,0,19.6109193563461,0,0,0,0,7.91770179183395,0,4.72153039229269,0,4.98123821278208,0,21.9727958043416,0,0,0,0,0,0,0,0,40.6906318664551,6.82047240029682,18.9609719436859,0,12.2656797057106,0,0
0,0,0,0,0,0,0,0,0,4.2635636146252,0,0,0,0,0,3.35538711547852,0,3.36305184142534,0,0,0,5.15802599418731,0,11.1029874296749,0,0,0,3.1742000579834,0,0,0,0,0,0,0,0,0,14.605160849435,0,0,0,0,0,0,0,0,0,0,0,0,0,0,0,0,0,4.32194807950188,0,0,0,0,0,9.70865218455975,0,0,5.1396439409256,0,8.35894590616226,0,8.32044936306525,0,13.0440778970718,0,0,0,0,0,0,0,0,0,0,0,4.23414123742307,0,0,0,0
0,0,0,0,0,0,0,0,6.82854481913009,0,0,0,0,0,4.12344241142273,0,2.87033881743749,0,0,0,0,0,3.57293489544662,0,3.28556059105228,0,0,0,0,0,0,0,0,0,0,0,0,38.4146614074707,11.178510688072,0,0,0,23.983907699585,0,0,0,0,0,11.5621831893921,0,0,0,0,0,11.8189392089844,0,0,0,0,0,0,0,0,0,0,4.62975795979195,0,3.77493483679635,0,3.18566581131755,0,2.89763685635158,0,0,0,0,0,0,0,0,0,11.7396624883016,11.9823638598124,0,19.1828556060791,0,0
0,0,0,0,0,0,0,0,0,0,0,0,0,3.46328126682955,0,0,0,0,0,0,0,0,0,0,0,3.1742000579834,0,0,0,2.96464395523071,0,0,0,0,0,0,0,0,0,0,0,0,0,0,0,0,0,0,0,0,0,0,0,0,0,0,0,0,0,4.25619313401996,0,0,0,0,4.715434787233,0,0,0,3.20224142074585,0,6.78021371976847,0,0,0,0,0,0,0,0,0,0,0,0,0,0,0,0
0,0,0,0,0,0,0,0,0,0,0,0,3.41956942422049,0,0,0,0,0,0,0,0,0,2.96754384040833,0,0,0,0,0,0,0,4.73578319549561,0,0,0,0,0,0,0,0,0,0,0,0,0,0,0,0,0,0,0,0,0,0,0,0,0,0,0,3.91763067245483,0,0,0,0,0,0,0,0,0,0,0,0,4.55508225040896,0,0,0,0,0,0,0,0,0,4.33726352453232,2.86068977249993,0,0,0,0
0,0,0,0,0,0,0,0,0,0,0,2.7398145198822,0,0,0,0,0,0,0,0,0,0,0,0,0,0,0,2.96464395523071,0,0,0,0,0,0,0,0,0,3.79366862773895,0,0,0,0,0,0,0,0,0,0,0,0,0,0,0,0,0,0,0,2.74096695582072,0,0,0,0,0,0,0,0,0,0,0,0,0,0,3.45535007845902,0,0,0,0,0,0,0,2.94082832336426,0,0,0,0,0,0
0,0,0,0,0,0,0,0,0,0,4.10631132125854,0,0,0,0,0,59.8818092346191,0,55.4004154205322,0,7.35812759399414,0,0,0,0,0,0,0,4.73578319549561,0,0,0,0,0,0,0,0,0,7.7339578991135,0,0,0,0,0,0,0,51.1445789337158,0,0,0,0,0,0,0,0,0,2.90922464023937,0,0,0,0,0,0,14.7134803842615,0,0,0,0,0,0,0,7.23469491004944,0,3.00884876648585,0,0,0,0,0,0,0,4.85340309143066,42.3831763267517,67.9020805358887,27.9037698109945,0,0
0,0,0,0,0,0,0,0,0,0,0,0,0,0,0,0,0,0,0,0,0,0,0,0,0,0,0,0,0,0,0,0,3.8964680352657,0,0,8.74370082251391,5.98911762237549,0,0,0,24.4352855682373,0,0,0,0,0,0,6.58678099325928,12.522421900944,7.08159470076513,0,0,0,0,0,0,0,0,0,0,0,0,0,0,0,0,0,0,0,0,0,0,0,0,3.41757465720056,6.78093651544863,6.0960807800293,2.7428990205129,7.15360784492835,18.6231358468533,0,0,3.07912490709946,0,10.170428957258,0,0
0,0,0,0,0,0,0,0,0,0,0,0,0,0,0,0,0,0,0,0,0,0,0,0,0,0,0,0,0,0,0,3.8964680352657,0,4.28790998458862,0,0,6.84076625567216,0,0,0,16.4410077503749,0,0,0,0,0,0,7.37736391701869,12.6797986030579,0,0,0,0,0,0,0,0,0,0,0,0,0,0,0,0,0,0,0,0,0,0,0,0,0,8.89772097269694,3.58496585040389,0,0,0,11.2539947539746,0,0,3.73607637882233,0,0,0,0
0,0,0,0,0,0,0,0,0,0,0,0,0,0,0,0,0,0,0,0,0,0,0,0,0,0,0,0,0,0,0,0,4.28790998458862,0,4.50625522134248,3.23324773833156,0,5.90614203044346,0,0,0,0,17.6373405456543,0,0,0,0,6.08260423762869,14.0437864576067,6.22835392951965,0,0,0,0,0,0,0,0,0,0,0,0,0,0,0,0,0,0,0,0,0,0,0,0,6.70016465868269,4.21855139732361,4.29439961531034,3.72404331746309,5.50924939644046,0,4.98745656013489,0,4.08195599642667,0,0,0,0
0,0,0,0,0,0,0,0,0,0,0,0,0,0,0,0,0,0,0,0,0,0,0,0,0,0,0,0,0,0,0,0,0,4.50625522134248,0,0,3.63614649420617,3.74911108613014,3.47289355595907,0,0,0,0,0,0,0,0,4.80916644453044,8.08423592468788,0,0,0,0,0,0,0,0,0,0,0,0,0,0,0,0,0,0,0,0,0,0,0,0,0,0,0,4.54996981464449,3.71707728420425,0,6.12841972004284,0,3.26141372593966,3.22305624825614,0,0,0,0
0,48.6275295257568,0,57.0594126383464,0,3.36485633760128,0,0,0,0,0,4.21272134780884,0,0,0,0,0,90.2241768836975,67.1848452481357,4.68517480371457,0,0,0,0,0,0,0,0,0,0,0,8.74370082251391,0,3.23324773833156,0,0,3.4642881653348,8.52504104029919,0,47.1933944622676,10.0549869537354,60.7958912007949,0,0,0,34.3814247075249,85.0268122355143,7.60239009501842,12.5797168731689,12.0352425707711,0,0,0,0,0,0,0,3.24754863796812,0,0,0,0,5.03238693317946,0,0,0,0,0,0,0,0,0,85.3276519775391,0,4.78647849975968,0,6.78358599275427,0,5.99210224910156,6.16642468610849,8.77777109176685,0,5.99444946899461,5.56373945047271,13.498319893196,21.7299423217773,0
41.2003366296942,0,22.8977932589395,0,11.7495587031047,40.5004386901855,0,0,0,0,5.38367080688477,0,0,0,0,0,76.1693077087402,91.9106369018555,52.6852605265956,0,4.2259730932953,0,0,0,0,0,0,0,0,0,0,5.98911762237549,6.84076625567216,0,3.63614649420617,3.4642881653348,0,0,4.70490810105746,99.9666843414307,10.4714241822561,0,45.0568332521934,0,32.6950340270996,0,30.2321551896758,10.5597120898741,8.40625737442353,0,27.1426088479849,0,2.80239221027919,0,82.1201553344727,0,12.2187810540199,0,39.9138507843018,0,32.4662628173828,0,0,9.10638498311224,0,0,0,0,0,0,0,65.9455051422119,0,55.3255416870117,14.1799744500054,3.76151158746365,0,4.49841999606926,9.11280918972833,4.78990723662867,0,7.9937326620365,5.13498713604784,4.67345202389436,20.6558542304766,0,0
50.8345229408958,27.9681431055069,0,33.8467245603863,0,0,0,0,45.6961517333984,19.3806888410023,0,2.73990821838379,0,0,0,15.4797703742981,95.68603515625,71.9115676879883,67.0147874766383,5.51800526172323,0,7.91461849278327,39.025673866272,5.27985492792147,32.2780733108521,14.605160849435,38.4146614074707,0,0,3.79366862773895,0,0,0,5.90614203044346,3.74911108613014,8.52504104029919,0,0,20.9278262331245,77.9248611048648,0,19.6133078859277,16.8083686122188,0,0,26.1075420868702,0,6.69164905315492,30.0055599212646,9.10402386050579,0,0,0,0,46.5334552764893,18.0677506632084,0,3.32542563478152,0,0,51.8661931355794,0,9.01698279686072,0,13.2877111302482,0,6.65303067930515,34.5535439082554,5.06781911849976,40.8039093017578,0,0,3.37549758767182,0,0,0,5.31348204007609,0,10.4684631044099,145.633819580078,6.12099001672883,23.970949344337,8.92727603657291,9.10444190374618,11.804900208678,0,0
20.3407275843066,56.3192057609558,34.1209348042806,0,0,0,0,0,14.0390616854032,0,5.51183024557625,0,28.0798072814941,0,26.0249195098877,0,66.0672208345853,86.0617254156815,55.3602355860047,0,5.67624253770219,0,7.11143469776426,0,7.30021979810367,0,11.178510688072,0,0,0,7.7339578991135,0,0,0,3.47289355595907,0,4.70490810105746,20.9278262331245,0,100.110107421875,29.6012987321423,54.9154481887817,16.6147544230487,0,0,79.5855560302734,60.0222583413124,9.92732288105921,6.06396878637265,69.2897968292236,0,0,0,0,14.1116037122841,51.6894989013672,14.8350791931152,0,27.3114461898804,0,19.401656295314,0,0,9.30476597029501,0,6.82375934388902,0,8.47963577050429,0,10.8398112039583,0,6.05694671140777,0,101.022308349609,0,0,0,2.95508170127869,75.7508697509766,7.82333912588921,37.4801438649495,6.20274956231266,9.57635725209147,54.600130757507,12.9667063202223,117.780410766602,0
84.6752281188965,33.2086054233083,70.6996765136719,39.5469256089759,0,58.02494764328,0,0,0,52.6679756858132,0,0,0,0,0,0,76.5751722252887,66.0871840337596,47.3066213140823,0,81.7733306884766,0,0,63.1851501464844,0,0,0,0,0,0,0,0,0,0,0,47.1933944622676,99.9666843414307,77.9248611048648,100.110107421875,0,74.6766402904804,24.7583136084232,51.7354178841658,23.2479598305442,36.7296667098999,17.2355895192519,58.499373106523,3.3796495168637,85.0475571950277,31.1861155355004,0,0,0,0,0,41.0189094543457,0,46.0110427237846,78.2938385009766,0,0,0,12.1947341189665,81.9382228851318,0,0,0,0,0,0,66.061067199707,99.3329467773438,58.8838227255303,88.0997428894043,0,0,0,0,33.1201015818791,89.4584279855092,72.1863050808509,97.8326727825662,41.9907593618027,70.4529551743647,29.6922235449861,26.1093269230164,0
35.9843169318305,0,67.6595916748047,0,40.8139190673828,0,0,0,42.4343020121256,0,0,0,0,0,51.7069244384766,0,69.472711905455,75.5127533276876,41.6725534423059,0,69.3893089294434,0,0,0,0,0,0,0,0,0,0,24.4352855682373,16.4410077503749,0,0,10.0549869537354,10.4714241822561,0,29.6012987321423,74.6766402904804,0,66.4995043012831,26.3919988490058,0,31.7781229521099,73.118634223938,17.5021927783911,7.7835327278484,8.22076470837405,13.3592303276062,79.3517430623372,0,0,0,48.2452392578125,0,0,0,68.7472190856934,0,0,0,0,11.430095067185,0,0,0,0,0,45.6196937561035,0,75.0339275706898,0,65.9495713370187,0,13.3175454139709,0,0,82.0617801121303,8.5236452836906,110.394802093506,50.9161477575497,45.2532168822314,74.1268704191167,15.5269318385915,0,21.1824860572815
50.4906520843506,25.5416374212768,0,34.2646866005528,0,41.4367983891414,0,0,0,33.2725762903076,0,0,0,0,0,0,69.827940604266,54.2346579438897,34.7601858195379,0,111.014297485352,0,0,10.6624615595374,27.5429039001465,0,0,0,0,0,0,0,0,0,0,60.7958912007949,0,19.6133078859277,54.9154481887817,24.7583136084232,66.4995043012831,0,24.0603089724014,10.9605142275492,23.1172803243001,29.4151583492983,50.9762711886702,5.8261535535983,41.4264794588089,23.3554857515847,0,0,0,0,80.6763534545898,24.8494727408239,0,36.3681971810081,0,10.3321809768677,0,31.2788305282593,14.9854236793518,56.8257815043131,0,0,23.1935008645058,32.6893882751465,0,42.2032470703125,38.8303595254588,0,36.3351393481831,75.9084003993443,0,0,0,0,56.6577180338325,78.448563337326,60.3018285949328,58.6181721687317,22.3226202966324,51.5288376113347,22.107072534276,18.6562490248018,0
28.719743138815,44.7601117585835,39.3087220647028,40.5673002945749,49.0741152728045,46.7962675094604,0,0,29.0986509209044,49.9463691711426,49.447093963623,0,37.1807774702708,0,35.9481887817383,0,52.3713564956397,65.7076729774475,22.9155608066593,0,54.0811431560111,35.5136299133301,22.7372417449951,29.8246517181396,23.1997841066784,0,23.983907699585,0,0,0,0,0,0,17.6373405456543,0,0,45.0568332521934,16.8083686122188,16.6147544230487,51.7354178841658,26.3919988490058,24.0603089724014,0,0,11.8584721499476,57.154220234264,20.3021838901447,11.4874540065552,14.8266015132596,20.2150813828052,48.9191224741381,0,0,0,34.7359482543109,40.8062858581543,41.1543777843691,71.4347457885742,38.1076139165209,0,32.2053748442364,0,47.8822250366211,28.7612949112027,0,0,29.9208354949951,28.474624606066,0,22.9721514590375,71.4251174926758,35.8736209271782,73.4916687011719,55.1985503761857,0,0,0,0,71.9245556422642,40.4142317725527,42.3166457282172,39.2268888419687,19.0482462921701,50.7354997292809,20.2564371236522,40.5869097709656,14.2265961102077
0,0,0,0,0,0,0,0,0,0,0,0,0,0,0,0,0,0,0,0,0,0,0,0,0,0,0,0,0,0,0,0,0,0,0,0,0,0,0,23.2479598305442,0,10.9605142275492,0,0,0,15.9912281036377,0,0,0,51.8939552307129,0,0,0,0,0,0,0,0,0,0,0,0,0,0,0,0,0,0,0,0,0,0,54.7551002502441,0,0,0,0,0,56.628246307373,0,48.2450714111328,0,22.8626415729523,0,23.2177505493164,0,0
0,0,0,0,0,0,0,0,0,0,0,0,0,0,0,0,86.453929901123,0,19.5650580823421,0,0,0,0,0,0,0,0,0,0,0,0,0,0,0,0,0,32.6950340270996,0,0,36.7296667098999,31.7781229521099,23.1172803243001,11.8584721499476,0,0,0,18.4056339895268,0,40.1459665298462,0,0,0,0,0,0,0,0,0,0,0,0,0,0,34.2999974453088,0,0,0,0,0,0,0,0,0,0,0,0,0,0,0,32.3684888817798,0,73.1560459136963,10.6456581928112,91.3448944091797,16.7260188903564,0,0
0,21.9658433282098,0,23.162808441901,0,0,0,0,0,41.0948429107666,0,0,0,0,0,0,64.2396166665213,58.1284664333267,37.6822051578794,10.7488966517978,0,0,0,0,0,0,0,0,0,0,0,0,0,0,0,34.3814247075249,0,26.1075420868702,79.5855560302734,17.2355895192519,73.118634223938,29.4151583492983,57.154220234264,15.9912281036377,0,0,53.6364953782823,0,0,44.063966650047,0,0,0,0,0,39.6048622131348,0,32.2194392416212,0,0,0,0,7.9613678621864,79.5268007914225,0,0,0,87.6105575561523,0,0,42.1674461364746,0,39.710444360166,91.6842155456543,0,0,0,0,27.4652341636599,78.1473188400269,32.2774096037516,91.1311454772949,28.3202555054225,62.5082050323486,25.6711918111487,50.7225093841553,0
26.1945036202669,0,29.3352550097874,39.6297340393066,46.1690879821777,0,0,0,43.1797180175781,0,48.8900686899821,0,0,0,46.2333946228027,0,57.5782333854737,63.6069358737989,35.910852476782,0,40.2261741638184,0,0,0,42.64990234375,0,0,0,0,0,51.1445789337158,0,0,0,0,85.0268122355143,30.2321551896758,0,60.0222583413124,58.499373106523,17.5021927783911,50.9762711886702,20.3021838901447,0,18.4056339895268,53.6364953782823,0,0,45.4764062122062,73.6046485900879,41.1723487854004,0,0,0,42.3373125249689,0,32.8350028991699,0,40.7475994957818,0,46.3604086095637,0,0,16.0107165264339,0,0,0,48.4010496139526,0,0,77.0643997192383,46.7426287826983,98.9383316040039,49.275992620559,0,0,0,0,80.2707109193544,28.3952576357221,88.8121782938639,58.3771072075917,31.9712919769579,60.5939208365775,23.28580101915,49.1882522583008,0
44.439105351766,34.1284971237183,0,0,0,0,0,0,45.8864676157633,0,0,0,0,0,0,0,0,0,0,0,0,0,29.5136200831487,0,31.7475039164225,0,0,0,0,0,0,6.58678099325928,7.37736391701869,6.08260423762869,4.80916644453044,7.60239009501842,10.5597120898741,6.69164905315492,9.92732288105921,3.3796495168637,7.7835327278484,5.8261535535983,11.4874540065552,0,0,0,0,0,7.77940876530482,5.89049256025448,0,0,0,0,40.5724810494317,49.7662010192871,0,0,0,0,43.1313781738281,0,0,0,0,26.865348815918,33.5164813995361,30.6099655151367,0,35.9393215179443,0,0,0,0,8.04438966712101,9.32561107801573,4.10465546871753,3.41647815543252,7.04590636637825,10.3512278343457,6.16157563870473,10.4315324571818,5.76330739486215,10.2870140075684,9.05651324803067,0,0
8.15177790976859,0,19.5723770239774,0,46.6819795702325,0,0,0,17.8008478078229,0,0,0,24.7359008789062,0,18.9523092269897,0,50.6723606313458,74.5758204073519,41.252556872012,0,66.3364429473877,0,4.60827688852946,0,22.2622051904368,0,11.5621831893921,0,0,0,0,12.522421900944,12.6797986030579,14.0437864576067,8.08423592468788,12.5797168731689,8.40625737442353,30.0055599212646,6.06396878637265,85.0475571950277,8.22076470837405,41.4264794588089,14.8266015132596,0,40.1459665298462,0,45.4764062122062,7.77940876530482,0,10.3355400491793,46.0078515010876,0,0,0,22.3979427429016,0,12.7533997297287,0,11.4121917263492,0,10.4179024931996,0,0,27.7121419980544,0,3.48890141351723,0,16.7285385420828,0,5.49871984740783,0,8.02391804489489,0,7.55641907095909,19.1300576527913,6.5307500745569,0,4.15720747817646,30.5226193534003,10.2571331196089,0,9.02786452989829,15.5198764255407,63.1350564638774,10.283557550574,0,31.8141937255859
0,16.4370895202115,0,20.9814593804711,0,40.6795492172241,0,0,0,20.8519819014895,0,0,0,0,0,0,73.9898483969948,62.8704926172892,41.7915120640874,0,0,5.74495168297978,0,13.9084509998919,69.6113128662109,0,0,0,0,0,0,7.08159470076513,0,6.22835392951965,0,12.0352425707711,0,9.10402386050579,69.2897968292236,31.1861155355004,13.3592303276062,23.3554857515847,20.2150813828052,51.8939552307129,0,44.063966650047,73.6046485900879,5.89049256025448,10.3355400491793,0,0,0,0,0,0,13.6808093852467,0,12.8322801373222,0,4.53232929354808,0,4.44039016361384,25.8839708474966,0,3.85856445991632,0,13.6397145589193,0,3.38403940454442,0,3.86456930796305,79.9506530761719,11.876650590163,76.3460578918457,0,20.8115711212158,3.11814947128296,0,11.682793616589,78.0875520706177,6.47429847267808,0,13.9146973214066,53.0266384644942,13.0474160925239,14.3845752080282,0
11.1630282402039,0,8.84924511581297,0,4.31859717912742,0,0,0,0,0,0,0,0,0,0,0,0,0,51.4294776916504,0,10.7704727847167,0,0,0,0,0,0,0,0,0,0,0,0,0,0,0,27.1426088479849,0,0,0,79.3517430623372,0,48.9191224741381,0,0,0,41.1723487854004,0,46.0078515010876,0,0,0,0,0,0,0,6.47754944811811,0,5.79532889886336,0,3.0852689743042,0,0,12.3429806263618,0,0,0,0,0,0,0,0,0,0,0,0,0,0,0,22.0323587670384,0,0,11.8899519916325,0,17.7713296674526,0,0
0,0,0,0,0,3.70202343487859,0,3.0213090578715,0,2.73411202430725,0,0,0,4.40271384375436,0,0,0,0,0,3.17545206844807,0,0,0,0,0,0,0,0,0,0,0,0,0,0,0,0,0,0,0,0,0,0,0,0,0,0,0,0,0,0,0,0,0,3.41370108127594,0,0,0,0,0,3.84158322035548,0,2.75665462017059,2.85294163227081,0,0,0,0,0,0,0,0,0,0,0,0,0,0,0,0,0,0,0,4.49497059981028,0,0,0,0
0,0,0,0,0,0,2.74403071403503,0,0,0,0,0,0,0,0,0,0,0,0,0,0,0,0,0,0,0,0,0,0,0,0,0,0,0,0,0,2.80239221027919,0,0,0,0,0,0,0,0,0,0,0,0,0,0,0,0,0,0,0,4.17549408513766,0,0,0,0,0,0,0,0,0,0,0,0,0,0,0,0,0,0,0,0,0,0,0,0,0,2.94898581504822,0,0,0,0
0,0,0,0,0,5.12658103307088,0,3.13858995575836,0,0,0,4.65715026855469,0,3.86364282170931,0,0,0,0,0,0,0,0,0,0,0,0,0,0,0,0,0,0,0,0,0,0,0,0,0,0,0,0,0,0,0,0,0,0,0,0,0,3.41370108127594,0,0,0,0,0,4.02171440351577,0,4.04195879972898,0,0,0,0,0,0,0,0,0,0,0,0,0,0,0,0,0,0,0,0,0,0,3.23216835657756,0,0,0,0
7.720583952895,73.8225555419922,10.9655234047345,0,7.15921873705728,0,0,0,7.13719788616217,0,0,0,23.0917825698853,0,4.72844941664062,0,4.65177774429321,0,49.147270496075,0,73.849006652832,0,0,0,6.13746812469081,0,11.8189392089844,0,0,0,0,0,0,0,0,0,82.1201553344727,46.5334552764893,14.1116037122841,0,48.2452392578125,80.6763534545898,34.7359482543109,0,0,0,42.3373125249689,40.5724810494317,22.3979427429016,0,0,0,0,0,0,66.2341461181641,21.6097392439842,0,21.1994761169934,0,12.2697905302048,0,0,0,0,0,0,6.14217651387056,0,18.5977030436198,0,24.6021805638852,0,0,0,0,0,0,0,69.1373157501221,0,13.5651720166206,21.554503270224,0,22.5711307346073,0,0
76.163948059082,6.9106934474284,0,9.25699519070368,0,3.50840628714789,0,0,0,5.25135025959958,0,0,0,0,0,4.64976052013012,0,5.38185641169548,66.7250061035156,0,0,0,0,9.07993287222028,66.3065872192383,4.32194807950188,0,0,0,0,0,0,0,0,0,0,0,18.0677506632084,51.6894989013672,41.0189094543457,0,24.8494727408239,40.8062858581543,0,0,39.6048622131348,0,49.7662010192871,0,13.6808093852467,0,0,0,0,66.2341461181641,0,0,0,0,0,0,5.82018055500781,0,0,0,0,12.1652738184245,69.33251953125,0,0,0,0,0,0,0,0,0,0,0,0,15.1617881857007,45.9685859680176,12.7376583229084,22.9484908694313,18.6128741784709,0,0
6.49137112138352,0,6.90741771918077,0,0,0,3.77598866820335,0,20.374202670473,0,3.68944661700734,0,4.5537149589273,0,0,0,82.9891649881999,0,75.0669860839844,0,3.76747219963411,0,0,0,23.1301329476493,0,0,0,0,0,2.90922464023937,0,0,0,0,0,12.2187810540199,0,14.8350791931152,0,0,0,41.1543777843691,0,0,0,32.8350028991699,0,12.7533997297287,0,6.47754944811811,0,4.17549408513766,0,21.6097392439842,0,0,0,5.94095043192138,0,25.8977408938938,0,0,10.8726724748101,0,0,0,22.8860460428091,0,31.337184270223,0,6.62222289506878,0,9.37215228234568,0,0,0,0,0,19.6774619340897,0,0,31.3623974164327,77.5433044433594,6.86021414296836,0,0
0,20.6492869172777,0,24.1256594763862,0,0,0,3.79990404844284,0,20.1919867197673,0,4.95604917229833,0,3.5938093662262,0,0,80.4419860839844,74.4011154174805,37.4343892147667,3.1217679977417,0,0,0,0,0,0,0,0,0,2.74096695582072,0,0,0,0,0,3.24754863796812,0,3.32542563478152,0,46.0110427237846,0,36.3681971810081,71.4347457885742,0,0,32.2194392416212,0,0,0,12.8322801373222,0,0,0,4.02171440351577,0,0,0,0,0,3.4498358266107,0,4.74540029253278,4.75477361419926,0,0,0,0,0,0,0,12.6823470592499,0,4.71937770357629,0,0,0,0,0,50.9364626407623,0,74.0569896697998,0,20.1854998086815,0,7.72417473561555,45.1867866516113,0
8.45756327197665,91.6782836914062,7.23059577585381,0,0,0,0,0,19.8205791375576,0,4.73148627281189,0,3.83883882580381,0,6.13352553049723,0,0,0,55.2883167266846,0,40.5216946601868,0,0,0,22.3269116083781,0,0,0,3.91763067245483,0,0,0,0,0,0,0,39.9138507843018,0,27.3114461898804,78.2938385009766,68.7472190856934,0,38.1076139165209,0,0,0,40.7475994957818,0,11.4121917263492,0,5.79532889886336,0,0,0,21.1994761169934,0,5.94095043192138,0,0,0,10.5751375516256,0,0,15.9105335871379,0,0,0,22.4353762794943,0,16.6726611455282,0,21.4949673334757,0,88.9898223876953,0,0,0,0,0,38.021308353969,0,81.566650390625,18.8670166542656,3.37776327133179,10.6167188103994,0,0
0,5.38755278587341,0,4.06146850767015,0,4.56884156333076,0,3.80307364463806,0,0,0,2.81081218189663,0,3.33400564061271,0,2.95188331604004,0,0,0,0,0,0,0,0,0,0,0,4.25619313401996,0,0,0,0,0,0,0,0,0,0,0,0,0,10.3321809768677,0,0,0,0,0,0,0,4.53232929354808,0,3.84158322035548,0,4.04195879972898,0,0,0,3.4498358266107,0,0,0,3.29272272246225,0,0,0,0,0,0,0,0,0,0,0,0,0,0,0,0,0,0,0,0,2.83448481559753,0,9.14260964393616,0,0
9.67391857088918,0,6.66482205326493,0,3.29982272783915,0,0,0,8.04023667059693,0,0,0,6.67922717180873,0,4.84600996094344,0,0,71.4576034545898,59.1684265136719,0,0,0,0,0,19.6109193563461,0,0,0,0,0,0,0,0,0,0,0,32.4662628173828,51.8661931355794,19.401656295314,0,0,0,32.2053748442364,0,0,0,46.3604086095637,43.1313781738281,10.4179024931996,0,3.0852689743042,0,0,0,12.2697905302048,0,25.8977408938938,0,10.5751375516256,0,0,0,0,16.8218064308167,0,0,0,20.4236317667468,0,7.25725656886433,0,10.3924617767334,0,80.6500358581543,0,0,0,0,0,72.4171590805054,0,0,24.6063195661057,0,17.1153176734437,0,0
0,5.29756276896506,0,3.68301103501347,0,0,0,0,0,5.7717192015372,0,0,0,3.5931890372074,0,3.32124588612852,0,0,0,0,0,0,0,0,0,9.70865218455975,0,0,0,0,0,0,0,0,0,0,0,0,0,0,0,31.2788305282593,0,0,0,0,0,0,0,4.44039016361384,0,2.75665462017059,0,0,0,5.82018055500781,0,4.74540029253278,0,3.29272272246225,0,0,0,0,0,0,7.82837243307204,0,4.47292672866193,0,3.57631357510885,0,0,0,0,0,0,0,0,0,0,0,3.04022493362427,0,9.11896823876656,0,0
0,28.7012825012207,0,29.000997543335,0,6.8783898980994,0,0,0,29.1922225952148,0,2.88203658572698,0,0,0,0,70.2275810241699,79.508674621582,46.0918561762029,4.12196431845353,0,0,0,0,0,0,0,0,0,0,0,0,0,0,0,5.03238693317946,0,9.01698279686072,0,12.1947341189665,0,14.9854236793518,47.8822250366211,0,0,7.9613678621864,0,0,0,25.8839708474966,0,2.85294163227081,0,0,0,0,0,4.75477361419926,0,0,0,0,0,0,0,0,0,0,0,0,18.6958198547363,0,19.9423200035095,0,0,0,0,0,7.09256916846987,120.242721557617,13.6358252053657,80.3557815551758,21.1576878609865,68.8532409667969,10.4681058954078,0,0
36.1564376831055,0,48.7442409992218,0,11.8168048858643,0,0,0,0,0,15.3778736157851,0,0,0,61.819522857666,0,71.8667844884536,77.895987374442,49.6580584932257,0,6.76145841732868,0,0,0,0,0,0,0,0,0,14.7134803842615,0,0,0,0,0,9.10638498311224,0,9.30476597029501,81.9382228851318,11.430095067185,56.8257815043131,28.7612949112027,0,34.2999974453088,79.5268007914225,16.0107165264339,0,27.7121419980544,0,12.3429806263618,0,0,0,0,0,10.8726724748101,0,15.9105335871379,0,16.8218064308167,0,0,0,0,0,0,0,0,19.5860900878906,0,27.7771106145786,0,23.2912503915026,0,0,0,0,82.0057220458984,9.83317115564629,0,13.1452827319742,34.6724424873769,71.7363872528076,16.1497638270954,0,0
0,0,0,0,0,0,0,0,0,0,0,0,0,0,0,0,0,0,0,0,0,4.21875769583472,2.85289722681046,13.4094793796539,0,5.1396439409256,0,4.715434787233,0,0,0,0,0,0,0,0,0,13.2877111302482,0,0,0,0,0,0,0,0,0,0,0,3.85856445991632,0,0,0,0,0,0,0,0,0,0,0,0,0,0,0,0,5.00845606510456,0,4.57021155051135,0,3.75065125737871,0,0,0,0,0,0,0,0,0,10.5228628847334,0,7.31853349120529,6.33574912340745,0,0,0
0,0,0,0,0,0,0,0,0,0,0,0,0,0,0,0,2.95878708362579,0,0,0,0,0,4.18226278926319,0,7.91770179183395,0,4.62975795979195,0,0,0,0,0,0,0,0,0,0,0,6.82375934388902,0,0,0,0,0,0,0,0,26.865348815918,3.48890141351723,0,0,0,0,0,0,0,0,0,0,0,0,0,0,0,0,0,0,0,0,4.49277675889202,0,4.24052726991715,0,0,0,0,0,0,0,0,0,4.78481742143631,8.42785077156502,7.37197591594814,0,0,0
59.234546661377,12.7151782548789,0,24.7242391659663,0,0,0,0,0,12.4039639665021,0,0,0,0,0,10.3651788234711,0,2.74459743499756,0,0,0,4.33621799945831,0,5.05463813750793,0,8.35894590616226,0,0,0,0,0,0,0,0,0,0,0,6.65303067930515,0,0,0,23.1935008645058,29.9208354949951,0,0,0,0,33.5164813995361,0,13.6397145589193,0,0,0,0,0,12.1652738184245,0,0,0,0,0,7.82837243307204,0,0,5.00845606510456,0,0,0,4.41422104013377,0,0,0,0,0,0,0,0,0,0,0,5.5269448292522,0,9.63267901310554,19.7456073760986,15.9256343084223,0,0
13.0081573842277,63.0996208190918,23.6698049887633,0,0,0,0,0,6.0309446583275,0,0,0,27.5189199447632,0,24.4194183349609,0,69.4899826049805,0,41.2102165222168,0,0,0,6.74589920043945,0,4.72153039229269,0,3.77493483679635,0,0,0,0,0,0,0,0,0,0,34.5535439082554,8.47963577050429,0,0,32.6893882751465,28.474624606066,0,0,87.6105575561523,48.4010496139526,30.6099655151367,16.7285385420828,0,0,0,0,0,6.14217651387056,69.33251953125,22.8860460428091,0,22.4353762794943,0,20.4236317667468,0,0,0,0,0,0,0,0,4.05459254664631,0,37.2637271881104,0,0,0,0,0,0,0,0,34.2298240661621,5.93697179943682,22.2507303535938,47.9475498199463,13.8785794960825,0,0
0,4.58752167224884,0,0,0,0,0,0,0,2.74682855606079,0,0,0,0,0,2.95817399024963,0,0,0,0,0,10.0719657569635,0,5.18739104270935,0,8.32044936306525,0,3.20224142074585,0,0,0,0,0,0,0,0,0,5.06781911849976,0,0,0,0,0,0,0,0,0,0,0,3.38403940454442,0,0,0,0,0,0,0,0,0,0,0,4.47292672866193,0,0,4.57021155051135,0,4.41422104013377,0,0,0,5.29037159965152,0,0,0,0,0,0,0,0,0,2.81793673833211,0,0,0,3.06548404693604,0,0
7.2667592384003,69.6141052246094,0,0,0,0,0,0,15.697182059288,0,0,0,13.5898071924845,0,10.9712370236715,0,2.9847257733345,0,0,0,0,0,6.50134644796938,56.0802917480469,4.98123821278208,0,3.18566581131755,0,0,0,0,0,0,0,0,0,0,40.8039093017578,10.8398112039583,0,45.6196937561035,42.2032470703125,22.9721514590375,0,0,0,0,35.9393215179443,5.49871984740783,0,0,0,0,0,18.5977030436198,0,31.337184270223,0,16.6726611455282,0,7.25725656886433,0,0,19.5860900878906,0,4.49277675889202,0,4.05459254664631,0,0,0,4.02902980923653,0,0,0,0,0,0,0,0,0,12.5444821189432,14.8630887286304,69.2336883544922,12.184794825637,0,0
0,20.5025255415175,0,32.8975052833557,0,0,0,0,0,26.2918558120728,0,0,0,0,0,0,0,0,40.7471015930176,0,0,6.57582473754883,0,0,0,13.0440778970718,0,6.78021371976847,0,0,0,0,0,0,0,0,0,0,0,66.061067199707,0,38.8303595254588,71.4251174926758,0,0,42.1674461364746,77.0643997192383,0,0,3.86456930796305,0,0,0,0,0,0,0,12.6823470592499,0,0,0,3.57631357510885,18.6958198547363,0,3.75065125737871,0,0,0,5.29037159965152,0,0,0,4.18848299980164,0,0,0,0,0,61.9837226867676,0,97.4038734436035,0,28.292387008667,0,15.4508225771846,0,0
8.0003464846003,0,31.0310961405436,0,0,0,0,0,22.0937200015104,0,0,0,4.49052389353922,0,0,0,52.4342469533284,85.3542541503906,45.5178782799665,0,67.3347539901733,0,4.03330259820689,0,21.9727958043416,0,2.89763685635158,0,4.55508225040896,0,7.23469491004944,0,0,0,0,0,65.9455051422119,0,6.05694671140777,99.3329467773438,75.0339275706898,0,35.8736209271782,0,0,0,46.7426287826983,0,8.02391804489489,79.9506530761719,0,0,0,0,24.6021805638852,0,6.62222289506878,0,21.4949673334757,0,10.3924617767334,0,0,27.7771106145786,0,4.24052726991715,0,37.2637271881104,0,4.02902980923653,0,0,0,5.3726554161463,0,0,0,0,0,63.8812068303426,0,21.522374689579,32.0350983746294,70.9545680152045,12.5266923256519,0,0
0,27.8366311391195,0,30.7877671297859,0,0,0,0,0,35.4616187702526,0,4.44842948913574,0,0,0,0,72.9338150024414,60.9884061813354,39.9745665958949,0,0,0,0,0,0,0,0,0,0,3.45535007845902,0,0,0,0,0,85.3276519775391,0,3.37549758767182,0,58.8838227255303,0,36.3351393481831,73.4916687011719,54.7551002502441,0,39.710444360166,98.9383316040039,0,0,11.876650590163,0,0,0,0,0,0,0,4.71937770357629,0,0,0,0,19.9423200035095,0,0,0,0,0,0,0,4.18848299980164,0,0,0,0,0,0,0,56.3122878729128,0,4.86220936939634,0,29.9419630513047,89.4269485473633,9.34356949813812,59.5123176574707,0
