0,0,0.125084813747366,0,0,0,0,0,0.160538896373132,0,0,0,0,0,0,0,0,0,0.195830203592777,0,0,0,0,0,0,0,0,0,0,0,0,0,0,0,0,0,0,0,0.266213774681091,0,0,0,0.309608424180432,0,0,0,0.273310333490372,0.298800617456436,0.175022505776926,0,0,0,0,0,0.223109599145559,0,0.297452227635817,0,0,0,0.184076990187168,0,0,0,0,0,0,0,0,0,0,0.320799097418785,0,0.342951931059361,0,0,0,0,0,0.352821670472622,0,0.398594710975885,0.223797239122852,0,0.290092252075353,0,0.288142612203956
0,0,0,0.133270694031602,0,0,0,0,0,0.156369984082507,0,0,0,0,0,0,0,0,0.249778199526999,0,0,0,0,0.263978517717785,0,0,0,0,0,0,0,0,0,0,0,0,0,0.279331427908713,0,0,0,0.319849914138757,0,0,0,0.19694727911399,0,0.305092602968216,0,0.301807039767188,0,0,0,0,0,0.192445966247164,0,0.296846112067049,0,0,0,0.173877274824513,0.202114455401897,0,0,0,0,0,0,0,0.316671187794486,0,0.313884104673679,0,0,0,0,0,0.286229987939199,0,0.255354368816251,0,0.239122188107653,0,0.334037725257098,0,0
0.125084813747366,0,0,0,0,0,0,0,0.106834795325994,0,0,0,0,0,0,0,0.274164095520973,0.251679981748263,0.246562948822975,0,0,0,0,0,0,0,0,0,0,0,0,0,0,0,0,0,0,0,0.25500077009201,0,0.352792859077454,0.197161056101322,0.271622151564183,0,0.302336305379868,0.275870889425278,0.218392826301951,0,0.175369675315562,0,0.208996972296296,0,0,0,0.130091900086921,0,0.241276132149829,0,0.188073969313077,0,0,0,0,0.23179627292686,0,0,0,0,0,0.261833608150482,0,0.287523254752159,0,0.294664450125261,0,0,0,0,0,0.316179737448692,0,0.304136833974293,0.227632159766342,0,0.213666469667412,0,0.242983792362542
0,0.133270694031602,0,0,0,0.165427267021939,0,0,0,0.173133511841297,0,0,0,0,0,0,0,0.275391018390655,0.262375737612064,0,0,0,0,0.237170857687791,0,0,0,0,0,0,0,0,0,0,0,0.23322373131911,0,0.263455084076634,0,0.280780911445618,0,0.269280375342935,0.204225286841393,0,0,0.219120436388513,0,0.321246961752574,0,0.187046807048456,0,0.235034609958529,0,0,0,0.180426954555867,0,0.250773400482204,0,0.24721466915475,0,0.170063158018248,0.266208678483963,0,0,0,0.215283006429672,0,0,0,0.263803780078888,0,0.299266092244934,0,0,0,0,0,0.240423407119054,0,0.280560820798079,0,0.248134460625718,0,0.25680882342731,0,0
0,0,0,0,0,0,0,0,0.146883490184943,0,0,0,0,0,0.160711902193725,0,0,0,0,0,0.192717511206865,0,0,0,0,0,0,0,0,0,0,0,0,0,0,0,0,0,0,0,0,0,0.274190849065781,0,0,0,0.193789164676811,0.256738662719727,0.250957399606705,0,0.178317371578444,0,0,0,0.116295948624611,0,0.257772445678711,0,0,0,0.171161734685302,0,0,0.240846752092756,0,0,0,0,0,0,0,0,0,0.267742484807968,0,0,0,0,0,0,0,0,0.174286775290966,0,0.242472293561903,0,0
0,0,0,0.165427267021939,0,0,0,0,0,0.166329259673754,0,0,0,0,0,0,0,0,0,0.112292594313622,0,0,0,0,0,0,0,0,0,0,0,0,0,0,0,0.20118340353171,0,0,0,0,0,0.240628121627702,0,0,0,0.187865714232127,0,0.28408271074295,0,0.234323993325233,0,0.138918929479339,0,0,0,0.155084282159805,0,0.233384184539318,0,0,0,0.140691046913465,0,0,0,0,0,0,0,0,0,0,0.248419068753719,0,0,0,0,0,0.209242537617683,0,0,0,0.203225998207927,0,0.162564259469509,0,0
0,0,0,0,0,0,0,0,0,0,0.171195891041022,0,0,0,0,0,0,0,0,0,0.165234088897705,0,0,0,0,0,0,0,0,0,0,0,0,0,0,0,0,0,0,0,0,0,0,0,0,0,0,0,0,0,0,0,0.163065358996391,0,0,0,0.201915746554732,0,0,0,0,0,0,0,0,0,0,0,0,0,0,0,0,0,0,0,0,0,0,0,0,0,0.172373339161277,0,0,0,0
0,0,0,0,0,0,0,0,0,0,0,0.217346675693989,0,0,0,0,0,0,0,0.17146978292026,0,0,0,0,0,0,0,0,0,0,0,0,0,0,0,0,0,0,0,0,0,0,0,0,0,0,0,0,0,0,0,0,0,0.17458383715892,0,0,0,0.208623103887202,0,0.174330169335008,0,0,0.201054203586701,0,0,0,0,0,0,0,0,0,0,0,0,0,0,0,0,0,0,0,0.185164558199736,0,0,0,0
0.160538896373132,0,0.106834795325994,0,0.146883490184943,0,0,0,0,0,0,0,0,0,0.127271123598893,0,0.163229511429866,0,0.182106557488441,0,0,0,0.187673017382622,0,0.155676390165868,0,0.185208938188023,0,0,0,0,0,0,0,0,0,0,0,0.169291261913656,0,0,0.171586776773135,0.184445422142744,0,0,0,0,0.228305846452713,0.230881556583818,0,0,0,0,0,0.220208340276995,0,0.226868361234665,0,0,0,0.140583380042387,0,0,0,0,0,0,0.14567437171936,0,0.185880129535993,0,0,0,0.344141751527786,0,0,0,0,0,0,0,0.200022822076624,0.175730267167091,0,0.149107782107791,0,0.216891463845968
0,0.156369984082507,0,0.173133511841297,0,0.166329259673754,0,0,0,0,0,0,0,0,0,0.150445672726668,0,0.195252331730091,0.305342137813568,0,0,0,0,0.196044690907001,0,0.164996423323949,0,0,0,0,0,0,0,0,0,0,0,0.174555721027511,0,0.285429626703262,0,0.24770065922229,0,0,0,0,0,0,0,0.2276521012187,0,0.173387140035629,0,0,0,0.21428295796036,0,0.272906515747309,0,0,0,0.174666925297155,0,0,0,0,0.194986150974465,0,0.175762843961517,0,0.324887096881866,0,0.311278305071242,0,0,0,0,0,0.252438828349113,0,0.16514239748319,0,0.197269134701062,0,0.248311501843008,0,0
0,0,0,0,0,0,0.171195891041022,0,0,0,0,0,0.143703263070617,0,0,0,0,0,0,0,0.146748972078242,0,0,0,0,0,0,0,0.153249416620501,0,0.131958399464687,0,0,0,0,0,0.15521768961907,0,0.157245519513127,0,0,0,0,0,0,0,0,0,0,0,0,0,0.243471264839172,0,0,0,0.191001526231639,0,0.155363785033977,0,0,0,0,0.176612932948356,0,0,0,0,0,0,0,0.165146649080751,0,0.183747163042426,0,0,0,0,0,0.167460919473084,0,0.154799376924833,0.176326460076426,0,0,0,0
0,0,0,0,0,0,0,0.217346675693989,0,0,0,0,0,0.164808427618034,0,0,0,0,0,0.169375201694579,0,0,0,0,0,0,0,0.146950932840506,0,0.181529119218651,0,0,0,0,0,0.16753474145549,0,0.15539856709098,0,0,0,0,0,0,0,0,0,0,0,0,0,0,0,0.263252947479486,0,0,0,0.193160893500077,0,0.172326241303416,0,0,0.189531945685546,0,0,0,0,0,0,0,0.224338452247056,0,0.186917325895694,0,0,0,0,0,0,0,0.168111925163577,0,0.146090018618954,0,0,0,0
0,0,0,0,0,0,0,0,0,0,0.143703263070617,0,0,0,0.145438924431801,0,0,0,0,0,0,0,0,0,0,0,0,0,0.150857932099672,0,0,0,0,0,0,0,0,0,0,0,0,0,0,0,0,0,0,0,0,0,0,0,0,0,0,0,0.164939946993505,0,0.155054085685507,0,0.18628104031086,0,0,0,0,0,0,0,0,0,0,0.172860080232987,0,0,0,0,0,0,0,0,0,0,0.14766792797072,0.131236937913028,0,0,0
0,0,0,0,0,0,0,0,0,0,0,0.164808427618034,0,0,0,0.164466418042968,0,0,0,0,0,0,0,0,0,0.201711568981409,0,0.150976013980414,0,0.13798051699996,0,0,0,0,0,0,0,0,0,0,0,0,0,0,0,0,0,0,0,0,0,0,0,0,0,0,0,0,0,0.17596979470062,0,0.163343823535575,0,0,0,0,0,0,0,0,0,0,0,0,0,0,0,0,0,0,0,0,0.158348020464182,0.156007602738524,0,0,0
0,0,0,0,0.160711902193725,0,0,0,0.127271123598893,0,0,0,0.145438924431801,0,0,0,0.154204250679592,0.157944318923083,0.2069031894207,0,0,0,0,0,0,0,0.141427150666714,0,0.16109276721712,0,0,0,0,0,0,0,0,0,0,0,0,0,0.217787802219391,0,0,0,0,0,0,0,0.17046556261278,0,0,0,0.158368989825249,0,0,0,0.128616778615941,0,0.1631277304602,0,0,0,0,0,0,0,0,0,0,0,0,0,0,0,0,0,0,0,0,0,0.132200403235008,0.115593144670129,0,0,0
0,0,0,0,0,0,0,0,0,0.150445672726668,0,0,0,0.164466418042968,0,0,0.176555931568146,0.15293043322307,0.214073941111565,0,0,0.152321547269821,0,0,0,0.159620436614957,0,0.164752477779984,0,0,0,0,0,0,0,0,0,0,0,0,0,0,0,0,0,0,0,0,0,0,0,0,0,0,0,0.15259779847481,0,0,0,0,0,0.176035956032877,0,0,0,0,0,0,0.157175615429878,0,0,0,0,0,0,0,0,0,0,0,0,0,0.216869502530798,0.296157327098925,0,0,0
0,0,0.274164095520973,0,0,0,0,0,0.163229511429866,0,0,0,0,0,0.154204250679592,0.176555931568146,0,0.163136636607859,0.299637864905157,0,0,0.152565246897525,0.149769479081831,0.160306513309479,0.148479335010052,0.163186133205891,0.167487426312069,0,0.17318280862973,0,0,0,0,0,0,0,0,0,0.381999641656876,0.279544502496719,0.391132991015911,0.233757202307899,0.300380150588711,0.323259629309177,0.281348636373878,0.264558017253876,0.282529997698804,0,0.265283703804016,0,0.252400368452072,0,0,0,0,0,0.329662094297616,0,0,0,0.134485006332397,0,0.459724813699722,0.275851629674435,0,0.180717831273233,0,0,0,0.177670829728538,0,0.258980929851532,0.286046892404556,0.344591385887978,0,0,0,0,0.313675006762857,0.400754449865486,0.328815383946194,0.406741723126056,0.192755578563724,0.141562088843315,0.359405522786738,0.264721016089122,0.270036994346551
0,0,0.251679981748263,0.275391018390655,0,0,0,0,0,0.195252331730091,0,0,0,0,0.157944318923083,0.15293043322307,0.163136636607859,0,0.26601853838646,0,0,0.1627828998897,0.169244753462928,0.15808750894563,0,0.160204604456282,0.168198245976652,0,0,0,0,0,0,0,0,0,0.321271747350693,0,0,0.267827561125159,0.318042253454526,0.249044993497625,0.260295445135995,0.270273786452081,0.249857127666473,0.272420290913155,0.271634034420315,0.2921322286129,0,0,0,0,0,0,0,0.151862397789955,0.293320528098515,0,0,0,0,0,0.322136167022917,0.240556433796883,0.153100706636906,0,0.14853778428265,0,0.164762228727341,0.165757745504379,0,0.31242074072361,0.312375561892986,0.298872238711307,0,0,0,0,0.305105444408478,0.350196745063438,0.325672526831751,0.355459523697694,0.166731514689153,0.130047246628436,0.297745010578165,0.262501372645299,0.234553499519825
0.195830203592777,0.249778199526999,0.246562948822975,0.262375737612064,0,0,0,0,0.182106557488441,0.305342137813568,0,0,0,0,0.2069031894207,0.214073941111565,0.299637864905157,0.26601853838646,0,0.433708131313324,0,0.220937543114026,0.246334403753281,0.165445962548256,0,0.226867251098156,0.206948804855347,0,0,0,0,0,0,0,0,0,0.337086309989293,0.264575908581416,0,0.285959008308387,0.367349003624712,0.225733386079335,0.292006697393087,0.425391947815877,0.276162240961019,0.313273971263517,0.287602790597881,0.235330060124397,0.270878076553345,0.261183495322863,0.235791943967342,0,0,0,0,0,0.317827784561164,0.304671657582124,0,0,0,0,0.422368362545967,0.30270588149627,0,0,0,0,0,0.14485239982605,0.360938787460327,0.324455187320709,0.354971124249142,0.344841813801243,0,0,0,0,0.35285661139606,0.394754975665821,0.38244521528274,0.399186305898047,0.235156831315745,0,0.353373560649464,0.249022415528695,0.27984003934168
0,0,0,0,0,0.112292594313622,0,0.17146978292026,0,0,0,0.169375201694579,0,0,0,0,0,0,0.433708131313324,0,0,0,0,0,0,0,0,0,0,0,0,0,0,0,0,0.16876364534468,0,0.238225101967366,0,0,0,0.324101760983467,0,0,0,0.309454104304314,0,0,0,0.218075126409531,0,0,0,0.206598687916994,0,0,0,0.194921089512647,0,0,0,0,0.239823936554288,0,0,0,0,0,0,0,0,0,0.242794218858083,0,0,0,0,0,0.222378565302861,0,0.312427009773437,0.489871621131897,0.161309762706053,0,0.230621985859752,0,0
0,0,0,0,0.192717511206865,0,0.165234088897705,0,0,0,0.146748972078242,0,0,0,0,0,0,0,0,0,0,0,0,0,0,0,0,0,0,0,0,0,0,0,0,0,0.156305308889338,0,0.150493001565337,0,0,0,0.239389538764954,0,0,0,0.230299283351217,0,0.236981824040413,0,0.212127737377001,0,0,0,0,0,0.18092055873173,0,0,0,0,0,0,0.194205299792784,0,0,0,0,0,0,0,0,0,0.257222294807434,0,0,0,0,0,0.174165518996411,0,0.207511878782703,0.155167799915226,0.141429364681244,0.178079665053722,0,0
0,0,0,0,0,0,0,0,0,0,0,0,0,0,0,0.152321547269821,0.152565246897525,0.1627828998897,0.220937543114026,0,0,0,0.113199697126464,0.186656054815436,0,0.155901601702413,0,0.174662190105985,0,0,0,0,0,0,0,0,0,0.217981616359785,0,0,0,0.316448032855988,0,0,0,0,0,0.473333557446798,0,0.201338913135543,0,0,0,0,0,0,0,0,0,0,0,0,0,0,0.205507415689396,0.109605334699154,0.139672640529348,0,0.211835945139126,0,0.196308548092133,0,0,0,0,0,0,0,0.26187327504158,0,0.317792778799993,0,0.162614088198247,0.132837561661027,0.270453751087189,0,0
0,0,0,0,0,0,0,0,0.187673017382622,0,0,0,0,0,0,0,0.149769479081831,0.169244753462928,0.246334403753281,0,0,0.113199697126464,0,0,0.151760840902523,0,0.156112462112849,0,0.155268755709303,0,0,0,0,0,0,0,0,0.146139883569309,0.205517662349431,0,0,0,0,0,0,0,0,0,0.233908225719259,0,0,0,0,0,0,0,0,0,0,0,0,0,0,0,0.143322150834969,0.201379665487247,0,0.162800738174054,0,0.22453962892611,0,0.171583179723133,0,0,0,0,0,0,0,0,0,0.214716938357935,0.165644502600671,0.135836995017708,0,0,0
0,0.263978517717785,0,0.237170857687791,0,0,0,0,0,0.196044690907001,0,0,0,0,0,0,0.160306513309479,0.15808750894563,0.165445962548256,0,0,0.186656054815436,0,0,0,0.189537957753285,0.179967626929283,0,0,0,0,0,0,0,0,0,0,0.26834625263379,0,0,0,0.234880068898201,0,0,0,0.289060682058334,0,0.438676598999235,0,0,0,0,0,0,0,0.202053056408962,0,0,0,0,0,0,0,0,0.162880494835831,0,0.208795555348046,0,0.168885224368145,0,0.28709788620472,0,0.223317742347717,0,0,0,0,0,0.288797348737717,0,0.361461621870224,0,0.184441730140233,0,0.316329401400354,0,0
0,0,0,0,0,0,0,0,0.155676390165868,0,0,0,0,0,0,0,0.148479335010052,0,0,0,0,0,0.151760840902523,0,0,0,0.190879364740913,0,0,0,0,0,0,0,0,0,0,0,0.234869898626736,0,0,0,0.189166072578657,0,0,0,0,0,0.179619658490022,0,0,0,0,0,0.13642135132914,0,0,0,0,0,0.196661241352558,0,0,0,0,0.153672500278639,0,0.202762201958157,0,0.198087094185293,0,0,0,0,0,0,0,0,0,0,0,0.296756691013286,0.165517196826199,0,0.263218694263034,0,0
0,0,0,0,0,0,0,0,0,0.164996423323949,0,0,0,0.201711568981409,0,0.159620436614957,0.163186133205891,0.160204604456282,0.226867251098156,0,0,0.155901601702413,0,0.189537957753285,0,0,0.17407301068306,0.173626968187505,0,0,0,0,0,0,0,0,0,0,0,0,0,0,0,0,0,0.271243989467621,0,0,0,0,0,0,0,0,0,0,0,0,0,0,0,0.173101901298478,0,0,0.165218790372213,0,0.240730084917125,0,0.221851008508972,0,0,0,0,0,0,0,0,0,0,0,0,0,0.174058847427368,0,0,0,0
0,0,0,0,0,0,0,0,0.185208938188023,0,0,0,0,0,0.141427150666714,0,0.167487426312069,0.168198245976652,0.206948804855347,0,0,0,0.156112462112849,0.179967626929283,0.190879364740913,0.17407301068306,0,0,0.193437086456809,0,0,0,0,0,0,0,0,0,0,0,0,0,0.225104101002216,0,0,0,0.236393943428993,0,0,0,0,0,0,0,0.200967222452164,0,0,0,0,0,0.161282859742641,0,0,0,0,0.139402241241641,0,0.193387262523174,0,0.170110881851971,0,0.210286933340524,0,0.319644719362259,0,0,0,0,0,0,0,0,0.191228487665222,0,0,0,0.221279248595238
0,0,0,0,0,0,0,0,0,0,0,0.146950932840506,0,0.150976013980414,0,0.164752477779984,0,0,0,0,0,0.174662190105985,0,0,0,0.173626968187505,0,0,0,0.161012940098842,0,0,0,0,0,0,0,0.174518730805295,0,0,0,0,0,0,0,0,0,0,0,0,0,0,0,0,0,0,0,0,0,0.15374846359094,0,0.150356486439705,0,0,0.189100980860035,0,0,0,0.228677436516384,0,0.209866019336577,0,0.163660003950721,0,0,0,0,0,0,0,0.173580348491669,0,0.159107550213866,0.167709075654229,0,0,0
0,0,0,0,0,0,0,0,0,0,0.153249416620501,0,0.150857932099672,0,0.16109276721712,0,0.17318280862973,0,0,0,0,0,0.155268755709303,0,0,0,0.193437086456809,0,0,0,0.160306686733631,0,0,0,0,0,0,0,0.16047200858593,0,0,0,0,0,0,0,0,0,0,0,0,0,0,0,0,0,0.148881246646245,0,0.159628383318583,0,0.167848432064056,0,0,0,0,0.168362600107988,0,0,0,0.227434668965914,0,0.176335830359862,0,0,0,0,0,0,0,0,0,0.197806079630499,0.156016228111434,0.170333150029182,0,0,0
0,0,0,0,0,0,0,0,0,0,0,0.181529119218651,0,0.13798051699996,0,0,0,0,0,0,0,0,0,0,0,0,0,0.161012940098842,0,0,0,0,0,0,0,0,0,0.177363889461214,0,0,0,0,0,0,0,0,0,0,0,0,0,0,0,0,0,0,0,0.223069575428963,0,0.223050170944583,0,0,0,0,0,0,0,0,0,0,0.217377221304798,0,0.182456854298601,0,0,0,0,0,0,0,0.193874759917579,0,0.137003442554763,0,0,0,0
0,0,0,0,0,0,0,0,0,0,0.131958399464687,0,0,0,0,0,0,0,0,0,0,0,0,0,0,0,0,0,0.160306686733631,0,0,0,0,0,0,0,0,0,0.172996221145369,0,0,0,0,0,0,0,0,0,0,0,0,0,0,0,0,0,0.150500672367903,0,0,0,0,0,0,0,0,0,0,0,0,0,0,0.160411614769449,0,0.145197613040606,0,0,0,0,0,0,0,0.144483454525471,0,0,0,0,0
0,0,0,0,0,0,0,0,0,0,0,0,0,0,0,0,0,0,0,0,0,0,0,0,0,0,0,0,0,0,0,0,0.154561497801019,0.0952153578400612,0.180830395647458,0.177968842221902,0.186272963881493,0,0,0,0,0,0,0,0,0,0,0.279052522002563,0.276053848149984,0.247791650540688,0,0,0,0,0,0,0,0,0,0,0,0,0,0,0,0,0,0,0,0,0,0,0,0,0.180639416825727,0.199362215399742,0.149232994765043,0.219299773375193,0.172933267429471,0.139169997320725,0,0,0.156686319236426,0,0,0,0
0,0,0,0,0,0,0,0,0,0,0,0,0,0,0,0,0,0,0,0,0,0,0,0,0,0,0,0,0,0,0,0.154561497801019,0,0,0.281901661502688,0.13019734621048,0.188971770933498,0,0,0,0,0,0,0,0,0,0,0.470503341497445,0.304633311927319,0.393307372927666,0,0,0,0,0,0,0,0,0,0,0,0,0,0,0,0,0,0,0,0,0,0,0,0,0.148037110530847,0.262306248996316,0,0.260583956260234,0,0.255774831961939,0,0,0.165204379820462,0,0.309274425109227,0,0
0,0,0,0,0,0,0,0,0,0,0,0,0,0,0,0,0,0,0,0,0,0,0,0,0,0,0,0,0,0,0,0.0952153578400612,0,0,0.255603929835407,0.176459217622022,0,0.221848846822977,0.360829314958733,0,0,0,0,0,0,0,0,0.492589242708059,0.279250085353851,0,0,0,0,0,0,0,0,0,0,0,0,0,0,0,0,0,0,0,0,0,0,0,0,0,0.147958412766457,0,0.205870461330126,0.383422623656384,0.203164846482251,0.138740130123638,0.209188580835381,0.390857622478948,0.242735539745259,0,0.428803324699402,0,0
0,0,0,0,0,0,0,0,0,0,0,0,0,0,0,0,0,0,0,0,0,0,0,0,0,0,0,0,0,0,0,0.180830395647458,0.281901661502688,0.255603929835407,0,0,0.190120840286232,0.601350702503894,0.226476606500632,0,0,0,0.389314144849777,0,0,0,0,0.401756535506258,0.281347296067647,0.374357290565968,0,0,0,0,0,0,0,0,0,0,0,0,0,0,0,0,0,0,0,0,0,0,0,0,0.160371749528817,0.257072590903672,0.176342879717251,0.242326437576171,0,0.222564363485368,0.313938831431525,0.324816023253855,0.232335868024308,0,0.306324034929276,0,0
0,0,0,0.23322373131911,0,0.20118340353171,0,0,0,0,0,0.16753474145549,0,0,0,0,0,0,0,0.16876364534468,0,0,0,0,0,0,0,0,0,0,0,0.177968842221902,0.13019734621048,0.176459217622022,0,0,0.169741585850716,0.2280445600703,0.146909822523594,0.19912665784359,0,0.300163273300443,0,0,0,0.175837046941932,0,0.270457573673304,0.226939983665943,0.283799312807418,0,0,0,0,0,0,0,0.165217243134975,0,0,0,0,0.180288945723038,0,0,0,0,0,0,0,0,0,0.287164092063904,0,0.202242240061707,0,0.186341651534074,0,0.206354587074564,0,0.250718673850673,0,0.21497202690009,0.253678530454636,0.202422397986332,0,0
0,0,0,0,0,0,0,0,0,0,0.15521768961907,0,0,0,0,0,0,0.321271747350693,0.337086309989293,0,0.156305308889338,0,0,0,0,0,0,0,0,0,0,0.186272963881493,0.188971770933498,0,0.190120840286232,0.169741585850716,0,0,0.174618560820818,0.152401328086853,0,0,0.317337014608913,0,0,0.325420767068863,0.253500777193242,0.261256198088328,0.218172346552213,0,0,0,0,0,0,0,0.160429068122591,0,0,0,0,0,0,0.173859715491025,0,0,0,0,0,0,0,0,0,0,0,0.216444710995242,0,0.250978088019682,0.164999182025592,0.211750582172385,0,0.225905109492733,0.20361543254202,0.236041672993451,0.215393299915198,0,0
0,0.279331427908713,0,0.263455084076634,0,0,0,0,0,0.174555721027511,0,0.15539856709098,0,0,0,0,0,0,0.264575908581416,0.238225101967366,0,0.217981616359785,0.146139883569309,0.26834625263379,0,0,0,0.174518730805295,0,0.177363889461214,0,0,0,0.221848846822977,0.601350702503894,0.2280445600703,0,0,0.271662112605293,0,0,0.284427785492958,0,0,0,0.331912904977798,0,0.58124727361038,0,0.194157745926938,0,0,0,0,0,0.176860791368362,0,0.153396231184403,0,0,0,0,0.283744268931811,0,0.243319319944521,0,0.268505897723202,0,0,0,0.270798280835152,0,0.151636213805955,0,0,0,0.206373386812531,0.374063288172086,0.254954207698611,0,0.220387006378154,0.263843804490908,0.234275404482579,0.166246713863479,0.323171974303058,0,0
0.266213774681091,0,0.25500077009201,0,0,0,0,0,0.169291261913656,0,0.157245519513127,0,0,0,0,0,0.381999641656876,0,0,0,0.150493001565337,0,0.205517662349431,0,0.234869898626736,0,0,0,0.16047200858593,0,0.172996221145369,0,0,0.360829314958733,0.226476606500632,0.146909822523594,0.174618560820818,0.271662112605293,0,0,0,0,0.208732765167952,0,0,0,0.267900124192238,0.58987062710494,0.273500767086639,0,0,0,0,0,0.221060986549241,0,0.160198388065685,0,0,0,0,0,0,0.231883074500059,0,0.20915240352042,0,0.311083572995232,0,0.332439045111338,0,0.189066615543867,0,0.184254958683794,0,0,0.167993211746216,0.239739769597848,0,0.25395505406439,0.216925026027746,0.232641644445884,0.257178538666648,0.211971928244052,0.332050317142269,0,0.204089254140854
0,0,0,0.280780911445618,0,0,0,0,0,0.285429626703262,0,0,0,0,0,0,0.279544502496719,0.267827561125159,0.285959008308387,0,0,0,0,0,0,0,0,0,0,0,0,0,0,0,0,0.19912665784359,0.152401328086853,0,0,0,0,0.27821058752763,0.282634029785792,0.317866176366806,0.266016751527786,0.248675417277605,0,0.500938083319103,0,0.235678982447114,0,0,0,0,0,0,0,0.29044084250927,0,0,0,0,0.203644840737407,0,0,0,0.311280161142349,0,0,0,0,0,0.285732054710388,0,0,0,0,0,0.245707216362158,0.401475638151169,0.189432263958688,0.329889297485352,0.2703763461701,0.231048583984375,0.241094885960725,0.273876175284386,0.281294792890549
0,0,0.352792859077454,0,0,0,0,0,0,0,0,0,0,0,0,0,0.391132991015911,0.318042253454526,0.367349003624712,0,0,0,0,0,0,0,0,0,0,0,0,0,0,0,0,0,0,0,0,0,0,0.277095760617937,0.296471621163487,0,0.338718728772525,0.282048434019089,0.218619461767241,0,0.199119439877962,0,0.22039170563221,0,0,0,0,0,0.347742386162281,0,0,0,0,0,0,0.26875412233679,0,0,0,0,0,0,0,0,0,0.350451841950417,0,0,0,0,0.41629159450531,0.262695486762887,0,0.307724879393655,0.325260796179675,0,0.309793443921044,0,0.409641771577299
0,0.319849914138757,0.197161056101322,0.269280375342935,0,0.240628121627702,0,0,0.171586776773135,0.24770065922229,0,0,0,0,0,0,0.233757202307899,0.249044993497625,0.225733386079335,0.324101760983467,0,0.316448032855988,0,0.234880068898201,0,0,0,0,0,0,0,0,0,0,0,0.300163273300443,0,0.284427785492958,0,0.27821058752763,0.277095760617937,0,0.211865057319808,0.242342747045013,0.228836337725321,0.276407192163737,0.260846142470837,0.405611063616398,0.255575805902481,0.253520675872455,0.203268229961395,0.244343213737011,0,0,0,0.2456277658542,0.273381925054959,0.279250995125822,0,0,0,0.2308129966259,0.352182287173193,0.229782424867153,0,0,0.172409549355507,0,0,0,0.306264053239967,0.243851765990257,0.293076918823993,0.265699345331926,0,0,0,0,0.300947851745795,0.309829847887158,0.317079836880178,0.293937257984105,0.247003026528509,0.273688672220006,0.290087975066498,0.224985426867195,0.211193378766378
0.309608424180432,0,0.271622151564183,0.204225286841393,0.274190849065781,0,0,0,0.184445422142744,0,0,0,0,0,0.217787802219391,0,0.300380150588711,0.260295445135995,0.292006697393087,0,0.239389538764954,0,0,0,0.189166072578657,0,0.225104101002216,0,0,0,0,0,0,0,0.389314144849777,0,0.317337014608913,0,0.208732765167952,0.282634029785792,0.296471621163487,0.211865057319808,0,0,0.276058647543826,0.24750075985988,0.273154799906623,0.337394689005685,0.274456171323413,0,0.25791046876799,0,0,0,0.226710761586825,0,0.319732743542666,0,0.229983049134413,0,0,0,0,0.309837822508705,0,0,0,0,0,0.277975216507912,0,0.322881766566188,0.292851001024246,0.337022813232273,0,0,0,0,0.327547177672386,0.380452642528699,0.33648288808763,0.412729558950575,0.260247343187132,0.214300232274192,0.315169809507514,0.252021367351214,0.2465473624712
0,0,0,0,0,0,0,0,0,0,0,0,0,0,0,0,0.323259629309177,0.270273786452081,0.425391947815877,0,0,0,0,0,0,0,0,0,0,0,0,0,0,0,0,0,0,0,0,0.317866176366806,0,0.242342747045013,0,0,0,0.329567980952561,0.367979496717453,0.384142816066742,0,0.265646398067474,0,0,0,0,0,0,0,0.336348205804825,0,0,0,0,0.422399525458996,0,0,0,0,0,0,0,0,0,0.348504607166563,0,0,0,0,0,0.38711407503232,0.37997168302536,0.372800745069981,0.350017577409744,0.336203765538004,0,0.372957316063743,0.249720484018326,0
0,0,0.302336305379868,0,0,0,0,0,0,0,0,0,0,0,0,0,0.281348636373878,0.249857127666473,0.276162240961019,0,0,0,0,0,0,0,0,0,0,0,0,0,0,0,0,0,0,0,0,0.266016751527786,0.338718728772525,0.228836337725321,0.276058647543826,0,0,0,0.270353705329554,0,0.302596598863602,0,0.255832597613335,0,0,0,0,0,0.304478840695487,0,0,0,0,0,0,0.313562482595444,0,0,0,0,0,0,0,0,0,0.359716348350048,0,0,0,0,0.327487215399742,0.439164605736732,0.363869726657867,0.462058982087506,0.27120695093816,0,0.343874261954001,0,0.276404917240143
0,0.19694727911399,0.275870889425278,0.219120436388513,0,0.187865714232127,0,0,0,0,0,0,0,0,0,0,0.264558017253876,0.272420290913155,0.313273971263517,0.309454104304314,0,0,0,0.289060682058334,0,0.271243989467621,0,0,0,0,0,0,0,0,0,0.175837046941932,0.325420767068863,0.331912904977798,0,0.248675417277605,0.282048434019089,0.276407192163737,0.24750075985988,0.329567980952561,0,0,0.291534334421158,0.345981546612673,0,0.248294429244282,0,0,0,0,0,0.237592674791813,0,0.274968064700564,0,0,0,0,0.218377420603851,0,0,0,0,0,0,0,0.287975082794825,0,0.308152713763291,0.338132739067078,0,0,0,0,0.275395553444253,0.366397961974144,0.302615654464504,0.343224744002024,0.279065847311375,0.276610483725866,0.241798624095266,0.276352152228355,0.238683611154556
0.273310333490372,0,0.218392826301951,0,0.193789164676811,0,0,0,0,0,0,0,0,0,0,0,0.282529997698804,0.271634034420315,0.287602790597881,0,0.230299283351217,0,0,0,0,0,0.236393943428993,0,0,0,0,0,0,0,0,0,0.253500777193242,0,0.267900124192238,0,0.218619461767241,0.260846142470837,0.273154799906623,0.367979496717453,0.270353705329554,0.291534334421158,0,0.242321449092456,0.230118634374369,0.229354136756488,0.218251936575946,0,0,0,0,0,0.263120664494962,0,0,0,0,0,0.322416290640831,0.274072052359906,0,0,0,0,0,0,0,0.297619588673115,0.340098708868027,0.278663927551653,0,0,0,0,0.314164104206221,0.262326609881245,0.280168071389198,0.294652501045854,0.260147684567835,0,0.249662486144433,0.248085975646973,0.282172937331528
0.298800617456436,0.305092602968216,0,0.321246961752574,0.256738662719727,0.28408271074295,0,0,0.228305846452713,0,0,0,0,0,0,0,0,0.2921322286129,0.235330060124397,0,0,0.473333557446798,0,0.438676598999235,0,0,0,0,0,0,0,0.279052522002563,0.470503341497445,0.492589242708059,0.401756535506258,0.270457573673304,0.261256198088328,0.58124727361038,0.58987062710494,0.500938083319103,0,0.405611063616398,0.337394689005685,0.384142816066742,0,0.345981546612673,0.242321449092456,0,0.323691042223586,0.416651959180978,0,0,0,0,0,0,0.333956331014633,0,0,0,0,0,0,0.247994196911653,0.470373336225748,0,0.468299430608749,0,0,0,0,0,0,0,0.252006487485891,0.422416206132464,0.327979773685739,0.295611999096706,0.29824743904282,0.381672524831017,0.548584894065963,0.368895677559437,0.369435405395764,0.348443975051244,0.375949822867288,0,0
0.175022505776926,0,0.175369675315562,0,0.250957399606705,0,0,0,0.230881556583818,0,0,0,0,0,0,0,0.265283703804016,0,0.270878076553345,0,0.236981824040413,0,0.233908225719259,0,0.179619658490022,0,0,0,0,0,0,0.276053848149984,0.304633311927319,0.279250085353851,0.281347296067647,0.226939983665943,0.218172346552213,0,0.273500767086639,0,0.199119439877962,0.255575805902481,0.274456171323413,0,0.302596598863602,0,0.230118634374369,0.323691042223586,0,0.297165912017226,0.256882398643277,0,0,0,0.217659229099487,0,0.274984295666218,0,0.241914108395576,0,0.188266777236697,0,0,0.224469889487539,0,0.243375688322164,0,0.284561123996273,0,0.223561434495834,0,0.243381039454387,0,0.276539721215765,0.250413694315486,0.328586717091856,0,0.222423693537712,0,0.260846866472136,0,0.276028234481652,0.27499384093511,0,0.268627902094901,0,0.357149600982666
0,0.301807039767188,0,0.187046807048456,0,0.234323993325233,0,0,0,0.2276521012187,0,0,0,0,0,0,0,0,0.261183495322863,0.218075126409531,0,0.201338913135543,0,0,0,0,0,0,0,0,0,0.247791650540688,0.393307372927666,0,0.374357290565968,0.283799312807418,0,0.194157745926938,0,0.235678982447114,0,0.253520675872455,0,0.265646398067474,0,0.248294429244282,0.229354136756488,0.416651959180978,0.297165912017226,0,0.266924560070038,0,0,0,0,0.184062544788633,0,0.318714053597715,0,0.292138499308781,0,0.226737729836218,0.29393470287323,0.281023949384689,0.238874482257026,0,0.143367275595665,0,0.239952911391742,0,0.273779775224515,0,0.286009066975584,0,0.262345482905706,0.471954002976418,0,0.347713083028793,0.296831742225595,0.48273316770792,0.221538930066994,0,0.376251073427571,0.314363218843937,0.322934625622431,0,0
0,0,0.208996972296296,0,0.178317371578444,0,0,0,0,0,0,0,0,0,0.17046556261278,0,0.252400368452072,0,0.235791943967342,0,0.212127737377001,0,0,0,0,0,0,0,0,0,0,0,0,0,0,0,0,0,0,0,0.22039170563221,0.203268229961395,0.25791046876799,0,0.255832597613335,0,0.218251936575946,0,0.256882398643277,0.266924560070038,0,0,0.18556721508503,0,0.24847583555513,0,0.230766137049406,0,0.259509325027466,0,0.180765401571989,0,0,0.287905332512326,0,0,0,0,0,0,0,0.245977520942688,0,0.267925835081509,0,0,0,0,0,0.282610177993774,0,0.281362127512693,0.246218834604536,0,0.263958521471876,0,0
0,0,0,0.235034609958529,0,0.138918929479339,0,0,0,0.173387140035629,0,0,0,0,0,0,0,0,0,0,0,0,0,0,0,0,0,0,0,0,0,0,0,0,0,0,0,0,0,0,0,0.244343213737011,0,0,0,0,0,0,0,0,0,0,0,0,0,0.183856219053268,0,0.237998617858422,0,0.235343946491258,0,0.236666215459506,0,0,0,0,0,0,0,0,0,0,0,0,0,0,0,0,0,0,0,0,0.20901507884264,0,0.190738904436952,0,0
0,0,0,0,0,0,0.163065358996391,0,0,0,0.243471264839172,0,0,0,0,0,0,0,0,0,0,0,0,0,0,0,0,0,0,0,0,0,0,0,0,0,0,0,0,0,0,0,0,0,0,0,0,0,0,0,0.18556721508503,0,0,0,0,0,0.229904404204143,0,0,0,0,0,0,0,0,0,0,0,0,0,0,0,0,0,0,0,0,0,0,0,0,0,0.174102563410997,0,0,0,0
0,0,0,0,0,0,0,0.17458383715892,0,0,0,0.263252947479486,0,0,0,0,0,0,0,0.206598687916994,0,0,0,0,0,0,0,0,0,0,0,0,0,0,0,0,0,0,0,0,0,0,0,0,0,0,0,0,0,0,0,0,0,0,0,0,0,0.234688556350855,0,0,0,0,0.235287215746939,0,0,0,0,0,0,0,0,0,0,0,0,0,0,0,0,0,0,0,0.178468130528927,0,0,0,0
0.223109599145559,0,0.130091900086921,0,0.116295948624611,0,0,0,0.220208340276995,0,0,0,0,0,0.158368989825249,0,0,0,0,0,0,0,0,0,0.13642135132914,0,0.200967222452164,0,0,0,0,0,0,0,0,0,0,0,0.221060986549241,0,0,0,0.226710761586825,0,0,0,0,0,0.217659229099487,0,0.24847583555513,0,0,0,0,0,0.222757632533709,0,0,0,0.186163910509022,0,0,0.229748353362083,0,0,0,0.214592077161955,0,0.202977025083133,0,0,0,0.270170792937279,0,0,0,0,0,0,0,0.284931866128569,0.162608121111799,0,0.213948940237363,0,0
0,0.192445966247164,0,0.180426954555867,0,0.155084282159805,0,0,0,0.21428295796036,0,0,0,0,0,0.15259779847481,0,0.151862397789955,0,0,0,0,0,0.202053056408962,0,0,0,0,0,0,0,0,0,0,0,0,0,0.176860791368362,0,0,0,0.2456277658542,0,0,0,0.237592674791813,0,0,0,0.184062544788633,0,0.183856219053268,0,0,0,0,0,0,0,0.228037420246336,0,0.212006225438254,0,0,0,0,0.220879914234309,0,0,0,0,0,0,0,0,0,0,0,0,0,0.177684420434582,0,0.170272392220795,0,0.201428192099193,0,0
0.297452227635817,0,0.241276132149829,0,0.257772445678711,0,0.201915746554732,0,0.226868361234665,0,0.191001526231639,0,0.164939946993505,0,0,0,0.329662094297616,0.293320528098515,0.317827784561164,0,0.18092055873173,0,0,0,0,0,0,0,0.148881246646245,0,0.150500672367903,0,0,0,0,0,0.160429068122591,0,0.160198388065685,0,0.347742386162281,0.273381925054959,0.319732743542666,0,0.304478840695487,0,0.263120664494962,0.333956331014633,0.274984295666218,0,0.230766137049406,0,0.229904404204143,0,0.222757632533709,0,0,0,0.206488135538689,0,0,0,0,0.267911228334203,0,0,0,0,0,0,0,0.337081869546542,0,0.315994294560873,0,0,0,0,0,0.205328006033946,0.327991962432861,0.273540516487426,0.219942220728844,0,0.301886783184379,0,0.328628815923418
0,0.296846112067049,0,0.250773400482204,0,0.233384184539318,0,0.208623103887202,0,0.272906515747309,0,0.193160893500077,0,0,0,0,0,0,0.304671657582124,0.194921089512647,0,0,0,0,0,0,0,0,0,0.223069575428963,0,0,0,0,0,0.165217243134975,0,0.153396231184403,0,0.29044084250927,0,0.279250995125822,0,0.336348205804825,0,0.274968064700564,0,0,0,0.318714053597715,0,0.237998617858422,0,0.234688556350855,0,0,0,0,0,0.21697750558505,0,0.295754719525576,0.253875080529275,0,0,0,0,0,0.333897595604261,0,0.312047648350479,0,0.396077507249031,0,0,0,0,0,0.289204716682434,0,0.241415107622743,0,0.240762379742408,0.347869018713633,0.33501387269118,0,0
0,0,0.188073969313077,0,0,0,0,0,0,0,0.155363785033977,0,0.155054085685507,0,0.128616778615941,0,0,0,0,0,0,0,0,0,0,0,0,0,0.159628383318583,0,0,0,0,0,0,0,0,0,0,0,0,0,0.229983049134413,0,0,0,0,0,0.241914108395576,0,0.259509325027466,0,0,0,0,0,0.206488135538689,0,0,0,0.12351667881012,0,0,0,0,0,0,0,0,0,0,0.26338767260313,0,0.349362075328827,0,0,0,0,0,0,0,0.313755244016647,0.16850126737898,0.183907060179769,0.275558744485562,0,0
0,0,0,0.24721466915475,0,0,0,0.174330169335008,0,0,0,0.172326241303416,0,0.17596979470062,0,0,0,0,0,0,0,0,0,0,0,0,0,0.15374846359094,0,0.223050170944583,0,0,0,0,0,0,0,0,0,0,0,0,0,0,0,0,0,0,0,0.292138499308781,0,0.235343946491258,0,0,0,0.228037420246336,0,0.21697750558505,0,0,0,0.197057582736015,0,0,0,0,0,0,0.353419718773741,0,0.291769262672085,0,0.244233053177595,0,0,0,0,0,0,0,0,0,0.192694210447371,0.168362676419995,0.276491074098481,0,0
0.184076990187168,0,0,0,0.171161734685302,0,0,0,0.140583380042387,0,0,0,0.18628104031086,0,0.1631277304602,0,0.134485006332397,0,0,0,0,0,0,0,0.196661241352558,0,0.161282859742641,0,0.167848432064056,0,0,0,0,0,0,0,0,0,0,0,0,0,0,0,0,0,0,0,0.188266777236697,0,0.180765401571989,0,0,0,0.186163910509022,0,0,0,0.12351667881012,0,0,0,0,0,0,0,0,0.18922483175993,0,0,0,0,0,0,0,0,0,0,0,0,0,0,0.124263595789671,0,0,0,0
0,0.173877274824513,0,0.170063158018248,0,0.140691046913465,0,0,0,0.174666925297155,0,0,0,0.163343823535575,0,0.176035956032877,0,0,0,0,0,0,0,0,0,0.173101901298478,0,0.150356486439705,0,0,0,0,0,0,0,0,0,0,0,0,0,0.2308129966259,0,0,0,0,0,0,0,0.226737729836218,0,0.236666215459506,0,0,0,0.212006225438254,0,0.295754719525576,0,0.197057582736015,0,0,0,0,0,0,0.225385636091232,0,0.2099177735773,0,0.308618893319706,0,0,0,0,0,0,0,0,0,0.24080091714859,0,0.177021790495135,0.206047099083662,0.209853946664262,0,0
0,0.202114455401897,0,0.266208678483963,0,0,0,0.201054203586701,0,0,0,0.189531945685546,0,0,0,0,0.459724813699722,0.322136167022917,0.422368362545967,0.239823936554288,0,0,0,0,0,0,0,0,0,0,0,0,0,0,0,0.180288945723038,0,0.283744268931811,0,0.203644840737407,0,0.352182287173193,0,0.422399525458996,0,0.218377420603851,0.322416290640831,0,0,0.29393470287323,0,0,0,0.235287215746939,0,0,0,0.253875080529275,0,0,0,0,0,0,0,0,0,0,0,0,0,0,0.307707368451006,0,0,0,0,0,0.271257530078563,0,0.346451275369537,0,0.237304823109939,0,0.280776491843862,0.466378256678581,0
0,0,0.23179627292686,0,0.240846752092756,0,0,0,0,0,0.176612932948356,0,0,0,0,0,0.275851629674435,0.240556433796883,0.30270588149627,0,0.194205299792784,0,0,0,0,0,0,0,0,0,0,0,0,0,0,0,0.173859715491025,0,0.231883074500059,0,0.26875412233679,0.229782424867153,0.309837822508705,0,0.313562482595444,0,0.274072052359906,0.247994196911653,0.224469889487539,0.281023949384689,0.287905332512326,0,0,0,0.229748353362083,0,0.267911228334203,0,0,0,0,0,0,0,0,0,0,0,0,0,0,0.303724258332639,0,0.298696563772953,0,0,0,0,0,0.23697992124781,0,0.305307084802032,0.219011275186425,0.152749344706535,0.296044476811117,0,0.29960335447238
0,0,0,0,0,0,0,0,0,0,0,0,0,0,0,0,0,0.153100706636906,0,0,0,0.205507415689396,0.143322150834969,0.162880494835831,0,0.165218790372213,0,0.189100980860035,0,0,0,0,0,0,0,0,0,0.243319319944521,0,0,0,0,0,0,0,0,0,0.470373336225748,0,0.238874482257026,0,0,0,0,0,0,0,0,0,0,0,0,0,0,0,0.144163275567385,0.244950010862252,0,0.214909541363619,0,0.24138762537314,0,0,0,0,0,0,0,0,0,0.340615897068271,0,0.175201012010649,0.142516289125471,0,0,0
0,0,0,0,0,0,0,0,0,0,0,0,0,0,0,0,0.180717831273233,0,0,0,0,0.109605334699154,0.201379665487247,0,0.153672500278639,0,0.139402241241641,0,0.168362600107988,0,0,0,0,0,0,0,0,0,0.20915240352042,0,0,0,0,0,0,0,0,0,0.243375688322164,0,0,0,0,0,0,0,0,0,0,0,0,0,0,0,0.144163275567385,0,0,0.269047263264656,0,0.237803969178757,0,0.259804232608552,0,0,0,0,0,0,0,0,0,0.217627878835861,0.209003973007202,0.163716375614916,0,0,0
0,0,0,0.215283006429672,0,0,0,0,0,0.194986150974465,0,0,0,0,0,0,0,0.14853778428265,0,0,0,0.139672640529348,0,0.208795555348046,0,0.240730084917125,0,0,0,0,0,0,0,0,0,0,0,0.268505897723202,0,0.311280161142349,0,0.172409549355507,0,0,0,0,0,0.468299430608749,0,0.143367275595665,0,0,0,0,0,0.220879914234309,0,0,0,0,0,0.225385636091232,0,0,0.244950010862252,0,0,0,0.230410265052213,0,0,0,0,0,0,0,0,0,0.239043816924095,0,0.358162841970814,0,0.159019410255409,0,0.28388587385416,0,0
0,0,0,0,0,0,0,0,0.14567437171936,0,0,0,0,0,0,0,0,0,0,0,0,0,0.162800738174054,0,0.202762201958157,0,0.193387262523174,0,0,0,0,0,0,0,0,0,0,0,0.311083572995232,0,0,0,0,0,0,0,0,0,0.284561123996273,0,0,0,0,0,0.214592077161955,0,0,0,0,0,0.18922483175993,0,0,0,0,0.269047263264656,0,0,0,0.223999874125565,0,0,0,0,0,0,0,0,0,0,0,0.349162505892205,0.209761773794889,0,0.332861451796754,0,0
0,0,0,0,0,0,0,0,0,0.175762843961517,0,0,0,0,0,0.157175615429878,0,0.164762228727341,0,0,0,0.211835945139126,0,0.168885224368145,0,0.221851008508972,0,0.228677436516384,0,0,0,0,0,0,0,0,0,0,0,0,0,0,0,0,0,0,0,0,0,0.239952911391742,0,0,0,0,0,0,0,0.333897595604261,0,0.353419718773741,0,0.2099177735773,0,0,0.214909541363619,0,0.230410265052213,0,0,0,0.294314495138824,0,0,0,0,0,0,0,0,0,0,0,0.169588282108307,0,0.270554479956627,0,0
0,0,0.261833608150482,0,0,0,0,0,0.185880129535993,0,0,0,0,0,0,0,0.177670829728538,0.165757745504379,0.14485239982605,0,0,0,0.22453962892611,0,0.198087094185293,0,0.170110881851971,0,0.227434668965914,0,0,0,0,0,0,0,0,0,0.332439045111338,0,0,0,0.277975216507912,0,0,0,0,0,0.223561434495834,0,0,0,0,0,0.202977025083133,0,0,0,0,0,0,0,0,0,0,0.237803969178757,0,0.223999874125565,0,0,0,0.304285801335872,0,0,0,0,0,0,0,0,0,0.358246028423309,0.214258062488893,0,0.316486358642578,0,0
0,0.316671187794486,0,0.263803780078888,0,0,0,0,0,0.324887096881866,0,0.224338452247056,0,0,0,0,0,0,0.360938787460327,0,0,0.196308548092133,0,0.28709788620472,0,0,0,0.209866019336577,0,0.217377221304798,0,0,0,0,0,0,0,0.270798280835152,0,0,0,0.306264053239967,0,0,0,0.287975082794825,0,0,0,0.273779775224515,0,0,0,0,0,0,0,0.312047648350479,0,0.291769262672085,0,0.308618893319706,0,0,0.24138762537314,0,0,0,0.294314495138824,0,0,0,0.307002238325836,0,0,0,0,0,0.289923667907715,0,0.226683721730584,0,0.162122337660496,0.148908125319678,0.33822221670583,0,0
0.320799097418785,0,0.287523254752159,0,0,0,0,0,0,0,0.165146649080751,0,0.172860080232987,0,0,0,0.258980929851532,0.31242074072361,0.324455187320709,0,0,0,0.171583179723133,0,0,0,0.210286933340524,0,0.176335830359862,0,0.160411614769449,0,0,0,0,0,0,0,0.189066615543867,0,0,0.243851765990257,0.322881766566188,0,0,0,0.297619588673115,0,0.243381039454387,0,0.245977520942688,0,0,0,0,0,0.337081869546542,0,0.26338767260313,0,0,0,0,0.303724258332639,0,0.259804232608552,0,0,0,0.304285801335872,0,0,0,0.400522915729836,0,0,0,0,0,0,0,0.245103144536124,0.205224040223927,0.142020367085934,0.328493794312282,0,0.330371697743734
0,0.313884104673679,0,0.299266092244934,0,0.248419068753719,0,0,0,0.311278305071242,0,0.186917325895694,0,0,0,0,0.286046892404556,0.312375561892986,0.354971124249142,0.242794218858083,0,0,0,0.223317742347717,0,0,0,0.163660003950721,0,0.182456854298601,0,0,0,0,0,0.287164092063904,0,0.151636213805955,0,0.285732054710388,0,0.293076918823993,0.292851001024246,0.348504607166563,0,0.308152713763291,0.340098708868027,0,0,0.286009066975584,0,0,0,0,0,0,0,0.396077507249031,0,0.244233053177595,0,0,0.307707368451006,0,0,0,0,0,0,0,0.307002238325836,0,0,0,0,0,0,0,0.313049033988179,0,0.194500649156861,0.379920661449432,0.35067544076957,0.367236584424973,0.367909299125722,0.361312945683797,0
0.342951931059361,0,0.294664450125261,0,0.267742484807968,0,0,0,0.344141751527786,0,0.183747163042426,0,0,0,0,0,0.344591385887978,0.298872238711307,0.344841813801243,0,0.257222294807434,0,0,0,0,0,0.319644719362259,0,0,0,0.145197613040606,0,0,0,0,0,0,0,0.184254958683794,0,0.350451841950417,0.265699345331926,0.337022813232273,0,0.359716348350048,0.338132739067078,0.278663927551653,0,0.276539721215765,0,0.267925835081509,0,0,0,0.270170792937279,0,0.315994294560873,0,0.349362075328827,0,0,0,0,0.298696563772953,0,0,0,0,0,0,0,0.400522915729836,0,0,0,0,0,0,0.357168257236481,0.315372942336674,0.328838268915812,0.324012183463635,0.318329370347783,0,0.35936019564567,0.294289469718933,0.375590426259571
0,0,0,0,0,0,0,0,0,0,0,0,0,0,0,0,0,0,0,0,0,0,0,0,0,0,0,0,0,0,0,0.180639416825727,0.148037110530847,0.147958412766457,0.160371749528817,0.202242240061707,0,0,0,0,0,0,0,0,0,0,0,0.252006487485891,0.250413694315486,0.262345482905706,0,0,0,0,0,0,0,0,0,0,0,0,0,0,0,0,0,0,0,0,0,0,0,0,0,0,0.151291981339455,0,0.160539161733219,0.134090855717659,0,0,0.153467683184348,0,0,0,0
0,0,0,0,0,0,0,0,0,0,0,0,0,0,0,0,0,0,0,0,0,0,0,0,0,0,0,0,0,0,0,0.199362215399742,0.262306248996316,0,0.257072590903672,0,0.216444710995242,0,0,0,0,0,0,0,0,0,0,0.422416206132464,0.328586717091856,0.471954002976418,0,0,0,0,0,0,0,0,0,0,0,0,0,0,0,0,0,0,0,0,0,0,0,0,0,0,0,0.31596354584299,0,0.315096061641105,0,0,0.165926742960106,0,0,0,0
0,0,0,0,0,0,0,0,0,0,0,0,0,0,0,0,0,0,0,0,0,0,0,0,0,0,0,0,0,0,0,0.149232994765043,0,0.205870461330126,0.176342879717251,0.186341651534074,0,0.206373386812531,0.167993211746216,0,0,0,0,0,0,0,0,0.327979773685739,0,0,0,0,0,0,0,0,0,0,0,0,0,0,0,0,0,0,0,0,0,0,0,0,0,0,0.151291981339455,0,0,0.153066217899323,0.259905041689458,0,0.269923054597155,0.513755559921265,0.165306031440987,0,0,0,0
