0,0,0.0051201794497133,0,0,0,0,0,0.0237982030443935,0,0,0,0,0,0,0,4.52436868046898e-05,3.80962262143847e-06,0.000443029779482574,0,0,0,0,0,0,0,0,0,0,0,0,0,0,0,0,0,0,0,0,0,0.000182852168872858,8.50931483711474e-05,0.00245579004939535,0,0,8.92982549165438e-06,0,0,0.0160443570591728,4.86025172518336e-05,0,0,0,0,0.00846414469743314,0,0,0,0,0,0.0415083826396264,0,0,0,0,0,0,0,0,0,0,0,0,0,0,0,0,0,0,2.07883060276818e-05,0,0,0.000349896189668151,1.24068233190355e-05,0.00528727633303051,0,0
0,0,0,0.00958496667802486,0,0,0,0,0,0.0349524871248715,0,0,0,0,0,0,1.63249676693295e-05,8.51120268237074e-05,0.000398186655167895,0,0,0,0,0,0,0,0,0,0,0,0,0,0,0,0,3.09843377430393e-06,0,0,0,0.000117913463911152,0,0.000699306557610582,0,0,0,0,0,0,0,0.0148570835368731,0,0,0,0,0,0.0490500934561645,0,0,0,0,0,0.0125049425934867,0,0,0,0,0,0,0,0,0,0,0.000129439525354401,0,0,0,0,0,0.000103044738053674,1.37932895964737e-06,3.14956301533018e-05,0,0.000209201370555834,0,0.00125978753428651,0.000198741633923257,0
0.0051201794497133,0,0,0,0.00094376907737507,0,0,0,0.0137724192671989,0,0,0,0,0,0,0,2.4484324477751e-06,0,2.96545833159929e-05,0,9.09419327142576e-05,0,0,0,0,0,0,0,0,0,0,0,0,0,0,0,0,0,0,0,7.63224978171557e-05,0,0.000874878082372502,0,0,0,1.17951648195749e-05,0,0.00829347926697304,0,0.000720550182876312,0,0,0,0.00394778174647275,0,0.000642456218978766,0,0,0,0,0,0,0,0,0,0,0,0,0,0,0,0,0.00437290630427642,0,0,0,0,0,1.44187923517599e-06,0,0,0.000226267568800766,0,0.004598845688489,0,0.000659869420746678
0,0.00958496667802486,0,0,0,0.01443724996219,0,0,0,0.0180298615721584,0,0,0,0,0,0,3.12577116168462e-06,3.85681154573599e-06,0.000183417041649535,0,0,0,0,0.000456322763598628,0,0,0,0,0,0,0,0,0,1.77258985512693e-05,0,0,0,0,0,0.00175898039687683,0,0.00791014135145399,2.59409714000925e-05,0,0,0.00631911614103076,0,0.000645703502843108,0,0.00754992792574262,0,0.0131431041544796,0,0,0,0.0157178683551567,0,0.00329748737938455,0,0.00154190529397155,0,0.00123800958583461,2.6249517457084e-05,0,1.18662987298648e-05,0,0,0,3.34255384133067e-05,0,0.000498422027577986,0,0.00506215341871408,0,0,0,0,0,0.00011694973694541,3.30929879013354e-06,9.60365269827008e-05,0,0.00107596423751725,0.000117992978828753,0.0126446571578112,0.00294628105603896,0
0,0,0.00094376907737507,0,0,0,0.00157097862161896,0,0.000350326101874392,0,0,0,0,0,0,0,0,0,9.64358906005956e-05,0,0.0086174144350931,0,0,0,0,0,0,0,0,0,0,0,0,6.09229740712886e-05,0,0,0.000124075201076819,0,0,0,6.24454108807022e-05,6.22563264593432e-05,0.000816711980579751,0,0,0,1.11377463856117e-05,0.000258914858134744,0.000476700583947042,0,0.040703984315966,0,0.0128212449588233,0,0.000310156117471608,0,0.000932418453729284,0,0,0,0.00114650521650289,0,0,0.000918796896380554,0,0,0,0,0,0,0,0,0,0.000740124599536069,0,0,0,0,0,0.000112315150020288,0,0,0.000777703547195179,0,0.00843248641716601,0,0.000237650573616049
0,0,0,0.01443724996219,0,0,0,0.0151695740674992,0,0.0035719280317662,0,0,0,0.000965676341091323,0,0.0144884676144654,0,0,1.32699702705626e-05,0.0288198073747451,0,0,0,0,0,0,0,0,0,0,0,0,0,0,0,0.000575363370463236,0,0,0,0.0011187319449761,0,0.00186653816623964,6.18950331872972e-05,0,0,0.00402421046495488,0,0.00131759863227851,0,0.00224489614272546,0,0.183949762345134,0,0.00566993452219625,0,0.00136251921110446,0,0.000981796221168665,0,0.00574150510629649,0,0.0192673161879576,0.0344957664202347,0,0,0,0,0,0,0,0.000172970979890308,0,0.00199784997379778,0,0,0,0,0,0.00157745134396665,6.11556141668225e-06,8.27669247136534e-05,0,0.00440523468016338,0.00139360504839952,0.0144115481472298,7.08326108978942e-05,0
0,0,0,0,0.00157097862161896,0,0,0,0,0,0,0,5.93559889239259e-05,0,0,0,0,0,0,0,0,0,0,0,0,0,0,0,0,0,0,0,0,0,0,0,0,0,0,0,0,0,0,0,0,0,0,0,0,0,0.00212172974419681,0,0.0208317830686841,0,0,0,0,0,0,0,0,0,0,0,0,0,0,0,0,0,0,0,0,0,0,0,0,0,0,0,0,0,0.000334900788941151,0.00121027041437385,0,0,0
0,0,0,0,0,0.0151695740674992,0,0,0,0,0,0.000312850323098246,0,0.0152059885671616,0,0,0,0,0,0,0,0,0,0,0,0,0,0,0,0,0,0,0,0,0,1.16484697360877e-05,0,0,0,0,0,0,0,0,0,0,0,0,0,0,0,0.012947702556957,0,0.0288812287607684,0,0,0,0,0,0.00817602179980298,0,0,0,0,0,0,0,0,0,0,0,0,0,0,0,0,0,0,0,0,0,0,0.00207718124101012,0,0,0,0
0.0237982030443935,0,0.0137724192671989,0,0.000350326101874392,0,0,0,0,0,0,0,0,0,0.0138956616677688,0,0.00390014138349937,0.000291540434220351,0.000334595344225943,0,0.000579980332876085,0,0,0.000169128445548665,0.00701550973449517,0,0,0,0,0,0,0,0,0,0,0,0,0,0.00184492223701482,0,0,1.31671746224056e-05,0.000298987504727491,0,0,0,0.000178653435233463,3.2341086565673e-05,0.00582809327736564,0,0.000550110422257256,0,0,0,0.211066522475154,0,0.000200315675321157,0,0,0,0.0267714328629756,0,0,0,0,0,0,0.000724727986392084,0,9.91620836430229e-05,0,0,0,0.000747953871321658,0,0,0,0,0,1.74222482710864e-05,0,0.000488841361679318,0.00128057474135044,1.87999108477991e-05,0.00290438649563018,0,0
0,0.0349524871248715,0,0.0180298615721584,0,0.0035719280317662,0,0,0,0,0,0,0,0,0,0.00466901129626838,0.000105872319868604,0.00281364619656433,7.16051454863582e-05,0,0,0,0,0.00518539255581858,0,0,0,0,0,0,0,0,0,0,0,0,0,0.00071833246878782,0,0,0,0.000299170473990327,0,0,0,0.000111218524499696,0,0,0,0.0009512507696606,0,0.00714443620077434,0,0,0,0.245027171111278,0,0,0,0,0,0.00405153210075099,0,0,0,0,0.00330145813679219,0,0,0,0,0,0,0,0,0,0,0,0,0,0.000618290979209695,0,0.00136360535771519,4.18595181461403e-05,0.00696623091866706,0.000193038860474837,0
0,0,0,0,0,0,0,0,0,0,0,0,0,0,0,0,0,0,0,0,0.0535153888086536,0,0,0,0,0,0,0,0,0,0.00329401120422654,0,0,0,0,0,0.000849313423176907,0,0.0061507779377003,0,0,0,0,0,0,0,0,0,0,0,0,0,0,0,0,0,0.04562014384593,0,0,0,0,0,0,1.78399666879595e-05,0,0,0,0,0,0,0,0,0,5.49570471384446e-05,0,0,0,0,0,0,0,0.00178350102775818,0.000168701861650064,0,0,0,0
0,0,0,0,0,0,0,0.000312850323098246,0,0,0,0,0,0.00213827955069196,0,0,0,0,0,0.000434968300861873,0,0,0,0,0,0,0,0,0,0.00177178426509619,0,0,0,0,0,0.0001017106923617,0,0.00333797149763607,0,0,0,0,0,0,0,9.27022929334379e-05,0,0,0,5.59644640295341e-06,0,0,0,0,0,0,0,0.0606425039854364,0,0,0,0,0.00292100742897414,0,0,0,0,0,0,0,0,0,0.00906721880664935,0,0,0,0,0,5.77560506870729e-06,0,0.000323048762398269,0,0.00187193396529794,2.43649918808177e-05,0.00147551241749661,0,0
0,0,0,0,0,0,5.93559889239259e-05,0,0,0,0,0,0,0,0,0,0,0,0,0,0,0,0,0,0,0,0,0,0,0,0,0,0,0,0,0,0,0,0,0,0,0,0,0,0,0,0,0,0,0,0,0,0,0,0,0,0,0,0.00666042866325171,0,0,0,0,0,0,0,0,0,0,0,0,0,0,0,0,0,0,0,0,0,0,0,0,5.70086422158056e-06,0,0,0
0,0,0,0,0,0.000965676341091323,0,0.0152059885671616,0,0,0,0.00213827955069196,0,0,0,0.000870514803333493,0,0,0,0,0,0,0,0,0,0,0,0,0,0,0,0,0,0,0,0,0,0,0,0,0,0,0,0,0,0,0,0,0,0,0,0.00829530266624938,0,0.000969615851033997,0,0,0,0,0,0.0259618956283267,0,0.000482342053816531,0,0,0,0,0,0,0,0,0,0,0,0,0,0,0,0,0,0,0,0,0.00176207207219676,0.000731020426373128,0,0,0
0,0,0,0,0,0,0,0,0.0138956616677688,0,0,0,0,0,0,0,0.000283276626734129,0,0,0,0,0,0,0,0,0,0,0,0,0,0,0,0,0,0,0,0,0,0,0,0,0,0,0,0,0,0,0,0,0,0,0,0,0,0.00182274082564562,0,0,0,0.000208340000741386,0,0.0251097591128052,0,0,0,0,0,0,0,0,0,0,0,0,0,0,0,0,0,0,0,0,0,1.16538774913068e-06,0,0,0,0
0,0,0,0,0,0.0144884676144654,0,0,0,0.00466901129626838,0,0,0,0.000870514803333493,0,0,7.34366712907826e-05,0.0028230507342517,6.39747878506836e-05,0,0,0,0,0.000850111466855468,0,9.17848147689404e-05,0,0,0,0,0,0,0,0,0,0,0,0,0,0,0,0,0,0,0,0,0,0,0,0,0,0.00502840019738291,0,0,0,0.0374532222254603,0,9.00280384129454e-05,0,0.00321843632843155,0,0.0352320417183815,0,0,0,0,0,0,0.000193004149829984,0,0,0,0,0,0,0,0,0,0,0,0,0,0.000132295423783922,0,5.47859018533819e-06,0,0
4.52436868046898e-05,1.63249676693295e-05,2.4484324477751e-06,3.12577116168462e-06,0,0,0,0,0.00390014138349937,0.000105872319868604,0,0,0,0,0.000283276626734129,7.34366712907826e-05,0,0.145058710879717,0.0716059369667388,0,2.03868945009532e-06,0,0,0.0013149642953756,0,0.000222107298501932,0.000178490189141536,0,0,0,0,0,0,0,0,2.78239525934771e-05,4.85766204032048e-05,1.39110505205573e-05,2.95582306922483e-05,0.00124342566842049,0.000234146837637995,0.000317828032355649,0.000777822317852955,3.92447899146182e-05,0,0.00039175078447086,0.00112554075596323,0,8.43666979306309e-06,3.00783232897841e-05,0,0,0,0,0,0,6.97299783866582e-06,1.74139522014063e-06,0,0,0,0,5.85543346235852e-05,0.000857728636614422,0,0,0.000262250361098057,0,0.00013617511776076,0,0,0,0.000128013861427115,0.000253755241165897,0,0,0,0,0.000961643342011076,0.00151356872121276,0.000179886290723137,0.000450562101140846,0.036835349608501,0.00815468626955849,0.00148609104680908,0.000222429622206737,0.000370029449602013
3.80962262143847e-06,8.51120268237074e-05,0,3.85681154573599e-06,0,0,0,0,0.000291540434220351,0.00281364619656433,0,0,0,0,0,0.0028230507342517,0.145058710879717,0,0.0742626991870313,0,0,0.000323231274445081,0,0.0155389459557464,0,0.0137975422566415,6.60475646643279e-05,0,0,0,0,0,0,0,0,2.6485525191853e-06,3.02332090633261e-05,1.58435814286146e-05,9.0388364450674e-06,0.00175289344858957,0.000168112520258622,0.000614310218524917,0.000396892707969164,0,1.34085228928932e-05,0.000541000976031952,0.000420317414494117,0,2.09041793512555e-05,3.54933430119419e-06,0,0,0,0,0,0,0,0,0,0,0,0,6.01568919571331e-05,0.000469290298130165,0,0,0.00543319379151297,0,0.00904548730742059,0,0,0,0.000181148015569366,8.87244181239918e-05,0,0,0,0,0.000961634202977769,0.000869506280687975,0.000126240533644816,0.000186896826889995,0.0525978167781065,0.0285136529572682,0.00142723038416351,0.000380150263618663,0.00016101763442588
0.000443029779482574,0.000398186655167895,2.96545833159929e-05,0.000183417041649535,9.64358906005956e-05,1.32699702705626e-05,0,0,0.000334595344225943,7.16051454863582e-05,0,0,0,0,0,6.39747878506836e-05,0.0716059369667388,0.0742626991870313,0,0,7.96002661553334e-06,0,0,0.000492348671840724,0,0.000158381613654891,0,0,0,0,0,0,0,0,0,0.000305641309512657,0.00055165086801241,0.000216849564406227,0.000170473528239695,0.0287661179079806,0.00410549358435549,0.0131850224746153,0.0113023380959778,0.00123319922966663,0.000235121582261882,0.0072630442338183,0.0160841780651778,0,0.000513307696976833,0.00103831285415681,0,0,0,0,8.7535071808569e-06,0,0.000123727996942626,0.000331488871948829,0,0,0,0,0.000837727208651927,0.0123455695057076,4.37239327210597e-05,0,0,0,0.000121860009368783,0,0.000294215407093912,1.44242004122419e-05,0.0129019792338299,0.00572742682687834,0,0,0,0,0.0145573929497332,0.0161351160025421,0.00453544854017864,0.00486482229024665,0.0175363958836748,0.000592406345672867,0.0316346371970214,0.00944444653349244,0.00488744910297139
0,0,0,0,0,0.0288198073747451,0,0,0,0,0,0.000434968300861873,0,0,0,0,0,0,0,0,0,0,0,0,0,0,0,0,0,0,0,0,0,0,0,0.00769607252902756,0,0.0012398901695387,0,0,0,0,0,0,0,0.00107165250755579,0,0,0,0,0,0.00166901504119016,0,0,0,0,0,0.000182836664559217,0,0,0,0,0.0870257646141497,0,0,0,0,0,0,0,0,0,0.000652801708158539,0,0,0,0,0,0.00518240503468266,0,0.000672518419701881,0,0.00113943366785585,0,0.000153639722441663,0,0
0,0,9.09419327142576e-05,0,0.0086174144350931,0,0,0,0.000579980332876085,0,0.0535153888086536,0,0,0,0,0,2.03868945009532e-06,0,7.96002661553334e-06,0,0,0,0,0,0,0,0,0,0,0,0,0,0,0,0,0,0.0174721285614872,0,0.000296576898362117,0,0,0,3.53367317865291e-05,0,0,0,0.000136877927590846,0,0,0,0.00747123647321229,0,0,0,0,0,0.00673098256122398,0,0,0,0,0,0,0.0620611197137361,0,0,0,0,0,0,0,0,0,0.000655569617553355,0,0,0,0,0,0.0129270716500797,0,0.000609532174427504,0.000606143240273472,0,0.000296037436786011,0,0
0,0,0,0,0,0,0,0,0,0,0,0,0,0,0,0,0,0.000323231274445081,0,0,0,0,0.000538396352006337,0.000705233719867124,0,3.64211941526055e-06,0,8.33831712421934e-05,0,0,0,0,0,0,0,0,0,0.00197170763153372,0,0,0,0,0,0,0,0,0,0,0,0.00280555456338458,0,0,0,0,0,0,0,4.00991202832596e-05,0,0.000168381448151715,0,3.92307753819415e-06,0,0,0.0310922575471007,0,0.004371821869935,0,0.000958088388561517,0,0.000317693307793111,0,2.03670232844658e-05,0,0,0,0,0,2.1433399477885e-06,0,0.000935785062637662,0,0.000816301756550205,1.25622047238345e-05,5.48757769346253e-05,0,0
0,0,0,0,0,0,0,0,0,0,0,0,0,0,0,0,0,0,0,0,0,0.000538396352006337,0,0,0.00159739273953982,0,0,0,1.90080628975884e-05,0,0,0,0,0,0,0,0,0,0.00305812603613455,0,0,0,0,0,0,0,0,0.000130519411654419,0.000968852225070424,0,0,0,0,0,0,0,0,0,0,0,0,0,0,0,0,0.0178471169126945,0,0.000595317037426738,0,4.28728953194392e-05,0,0.000982082560504696,0,0,0,0,0,0,0,0,0,0.0030186190958265,0.000390662528557077,0,1.48115316570348e-05,0,0
0,0,0,0.000456322763598628,0,0,0,0,0.000169128445548665,0.00518539255581858,0,0,0,0,0,0.000850111466855468,0.0013149642953756,0.0155389459557464,0.000492348671840724,0,0,0.000705233719867124,0,0,0,0.0476072479544564,0,0,0,0,0,0,0,0,0,0,0,0.00569991938370372,0,0,0,0.00159595840997447,0,0,0,0.000270572163818769,0,0,0,0.000763044773462086,0,0,0,0,0,0.00687781934393233,0,0,0,0.00024653673703486,0,0.00125646657504764,0,0,0.00069304504758698,0,0.125337929545944,0,0.0190533393768076,0,0.000187945066406489,0,0,0,0,0,0,0,0,0,0.00361357111149404,0,0.000686439399233433,1.52805502867615e-05,0.00930514472012679,0,0
0,0,0,0,0,0,0,0,0.00701550973449517,0,0,0,0,0,0,0,0,0,0,0,0,0,0.00159739273953982,0,0,0,0.0338249746507671,0,0,0,0,0,0,0,0,0,0,0,0.00173428145383033,0,0,0,0,0,0,0,0,0,0.000152666796692839,0,0,0,0,0,0.0118298042695955,0,0,0,0,0,0.000268135171382489,0,0,0,0,0.00290941564875361,0,0.0429483418431485,0,0.00933517297903749,0,0,0,0,0,0,0,0,0,0,0,0.000391924613617358,0.000224357470285814,6.06619977633265e-06,0.000702968491842647,0,0
0,0,0,0,0,0,0,0,0,0,0,0,0,0,0,9.17848147689404e-05,0.000222107298501932,0.0137975422566415,0.000158381613654891,0,0,3.64211941526055e-06,0,0.0476072479544564,0,0,0,0,0,0,0,0,0,0,0,0,0,6.40469802565703e-06,0,0,0,0,0,0,0,0,0,0,0,0.000106600670093777,0,0,0,0,0,0.0248605016873562,0,7.81921727445988e-05,0,0.000788565376853101,0,0.000202054902750291,1.85214720407035e-05,0.000128383716973719,0.000232141169584389,0,0.0283690962983215,0,0.0223143240684685,0,0.000947571348976878,0,0,0,0,0,0,0,7.82506243646798e-06,0,0,0,0.000159073010555132,0,6.02674820670212e-05,0,0
0,0,0,0,0,0,0,0,0,0,0,0,0,0,0,0,0.000178490189141536,6.60475646643279e-05,0,0,0,0,0,0,0.0338249746507671,0,0,0,0,0,0,0,0,0,0,0,0,0,0,0,0,0,0,0,0,0,0,0,0,0,0,0,0,0,0,0,0,0,0.000272982002790385,0,0,0,0,0,0,0,0,0.000998902480913479,0,0.0141285038864029,0,0.00112615286229835,0,0,0,0,0,0,0,0,0,0,0.00057446192878213,0,0,0,0
0,0,0,0,0,0,0,0,0,0,0,0,0,0,0,0,0,0,0,0,0,8.33831712421934e-05,0,0,0,0,0,0,0,0.000463628029681827,0,0,0,0,0,0,0,0.000133714926733343,0,0,0,0,0,0,0,0,0,0,0,0,0,0,0,0,0,0,0,0,0,0,0,0,0,0,0.000930686015635729,0,0,0,0,0,0.0105883698019716,0,0,0,0,0,0,0,0,0,0,0,0,0,0,0,0
0,0,0,0,0,0,0,0,0,0,0,0,0,0,0,0,0,0,0,0,0,0,1.90080628975884e-05,0,0,0,0,0,0,0,3.62785467586946e-05,0,0,0,0,0,0,0,0,0,0,0,0,0,0,0,0,0,0,0,0,0,0,0,0,0,0,0,0,0,0,0,0,0,0,0,0,0,0,0,0,0.00144755574604043,0,0.000293241655728745,0,0,0,0,0,0,0,1.8427284301213e-05,0,0,0,0,0
0,0,0,0,0,0,0,0,0,0,0,0.00177178426509619,0,0,0,0,0,0,0,0,0,0,0,0,0,0,0,0.000463628029681827,0,0,0,0,0,0,0,0,0,0.000721962954836411,0,0,0,0,0,0,0,0,0,0,0,0,0,0,0,0,0,0,0,0.00145060708647007,0,0,0,0,0,0,0,0,0,0,0,0,0,0,0.00678398671828335,0,0,0,0,0,0,0,0.000449315334951934,0,0,0,0,0,0
0,0,0,0,0,0,0,0,0,0,0.00329401120422654,0,0,0,0,0,0,0,0,0,0,0,0,0,0,0,0,0,3.62785467586946e-05,0,0,0,0,0,0,0,0,0,0.0054693538470083,0,0,0,0,0,0,0,0,0,0,0,0,0,0,0,0,0,0.00288258754897214,0,0,0,0,0,0,0,0,0,0,0,0,0,0,0.00335698802259644,0,0.014193621435613,0,0,0,0,0,0,0,0.000114161739312634,0,0,0,0,0
0,0,0,0,0,0,0,0,0,0,0,0,0,0,0,0,0,0,0,0,0,0,0,0,0,0,0,0,0,0,0,0,0.037050035501035,0.00279423752598289,6.58750131404102e-05,0.00675127435605816,0,0,0,0,0,0,2.21485450884193e-05,0,0,1.17759306554547e-05,0,0.0394745796827617,0.000642117175161713,6.09516616154448e-05,0,0,0,0,0,0,0,8.28354821070891e-06,0,0,0,0,0,0,0,0,0,0,0,0,0,0,0,0,0.212838424795845,0.0208075200387344,0.00331251838548434,0,0.00542251053741461,0.000265337969678133,0,0,0.00407674133756359,0,1.22260587860474e-05,0,0
0,0,0,0,0,0,0,0,0,0,0,0,0,0,0,0,0,0,0,0,0,0,0,0,0,0,0,0,0,0,0,0.037050035501035,0,0,0.000605095243379095,3.71801715193126e-05,0.00969241604977754,0,0,0,0,0,0,0,0,0,0,0.0458226016039209,9.84445976820458e-05,0,0,0,0,0,0,0,0,0,0,0,0,0,0,0,0,0,0,0,0,0,0,0,0,0,0.0306156724969025,0.213557415641803,0.00247339407887258,0,3.17442682580915e-05,0.00770204760056438,0,0,0.000973271877152127,0,0,0,0
0,0,0,1.77258985512693e-05,6.09229740712886e-05,0,0,0,0,0,0,0,0,0,0,0,0,0,0,0,0,0,0,0,0,0,0,0,0,0,0,0.00279423752598289,0,0,0.0517473118445728,0.0105349571242514,5.29126513692347e-06,0.00303973219798828,0,0,0,3.44742052294878e-05,3.36032837578717e-05,0,0,0.0001207935754664,0,0.124501063106423,0.00147584571254069,0.000557181986532176,0,3.71764186739242e-05,0,0,0,0,0,1.95970090049984e-05,0,0,0,0,1.0041415446545e-05,0,0,0,0,0,0,0,0,0,1.62756772549926e-05,0,0.00649384262653251,0,0.0533968971006836,0.0400336650178348,0.00115289502972979,0,0.00243232126757568,0,0.000793915080801975,0,0.00145911043173819,0,0
0,0,0,0,0,0,0,0,0,0,0,0,0,0,0,0,0,0,0,0,0,0,0,0,0,0,0,0,0,0,0,6.58750131404102e-05,0.000605095243379095,0.0517473118445728,0,0,0.00230102700880858,0,0.00036713925193528,0,0,2.82697041319863e-05,0,0,0,0,0,0.075136553666984,0.000810190630720847,8.41287553464375e-05,0,0,0,0,0,0,0,0,0,0,0,0,0,0,0,0,0,0,0,0,0,0,0,0,0.000225249144178017,0.00879872637073187,0.0232847127305832,0.0578310990804246,0,0.00111317234568,0,0.000410371112072108,0.000893388285743135,0,3.20112943594554e-05,0,0
0,3.09843377430393e-06,0,0,0,0.000575363370463236,0,1.16484697360877e-05,0,0,0,0.0001017106923617,0,0,0,0,2.78239525934771e-05,2.6485525191853e-06,0.000305641309512657,0.00769607252902756,0,0,0,0,0,0,0,0,0,0,0,0.00675127435605816,3.71801715193126e-05,0.0105349571242514,0,0,0.0077961099508239,0.0068706393086783,0.00015322956163132,8.63266636989571e-05,0,0.000120575905450721,0,1.22986879241774e-05,0,0.000763456431307905,3.86091628392191e-06,0.00629759980793255,0,1.29612267095556e-05,0,0,0,0,0,0,0,3.52883797944009e-05,0,0,0,0,0.00210924511957642,0,0,0,0,0,0,0,1.18008965401374e-05,0,6.31442660468358e-05,0,0.000547071549719569,3.00959509243755e-05,0.00541992506665945,0,0.110485248947702,0.00395112121930731,0.000919990395340209,0,0.00592826778790523,0.000258982616994816,0.000231408830082429,0.000110059908169071,0
0,0,0,0,0.000124075201076819,0,0,0,0,0,0.000849313423176907,0,0,0,0,0,4.85766204032048e-05,3.02332090633261e-05,0.00055165086801241,0,0.0174721285614872,0,0,0,0,0,0,0,0,0,0,0,0.00969241604977754,5.29126513692347e-06,0.00230102700880858,0.0077961099508239,0,0.000425096287788615,0.018156593614891,4.74383229753466e-06,2.17065422474009e-05,0,0.000307167177111129,0,6.78948396240176e-05,1.72614385519844e-06,0.000319098916937041,0.0020781652080547,0.000141427415080869,2.03929088444544e-05,0.000818710475231961,0,0,0,0,0,0.000752509361513084,0,2.14354555697202e-06,0,0,0,0,0.00426997818057227,0,0,0,0,0,0,0,0,1.11985645769112e-06,1.34898610112503e-05,8.73880390932861e-05,0.00136259344238825,0,0.000159910828777943,0.002070854670533,0.0687855130627278,1.16008034699161e-06,0.00425879598790892,0.00514728745665524,0.00153976562634637,0.00165352684785414,0,0.00012570183855099
0,0,0,0,0,0,0,0,0,0.00071833246878782,0,0.00333797149763607,0,0,0,0,1.39110505205573e-05,1.58435814286146e-05,0.000216849564406227,0.0012398901695387,0,0.00197170763153372,0,0.00569991938370372,0,6.40469802565703e-06,0,0.000133714926733343,0,0.000721962954836411,0,0,0,0.00303973219798828,0,0.0068706393086783,0.000425096287788615,0,0.000401785893298934,4.72878513770928e-05,0,5.2867169807724e-05,1.86564104709684e-06,1.63011090268943e-05,0,0.000475504686326723,0,0.00997477273138053,0,0.00236547113419869,0,0,0,0,0,0.00185189043250752,0,9.42977667205005e-05,0,0,0,0,0.00102892651904366,0,0.00469094702044012,0,0.00116320179026372,4.75468082166883e-06,0,0,0.000160923781515932,0,2.76151905452154e-05,0,0,0,0.00028102684236479,0,0.0129421009522039,3.6119441274303e-05,0.0351013499317149,0,0.00580116866076679,0.000408709852948214,0.000724361365708468,1.17471868274225e-05,2.31530306933611e-06
0,0,0,0,0,0,0,0,0.00184492223701482,0,0.0061507779377003,0,0,0,0,0,2.95582306922483e-05,9.0388364450674e-06,0.000170473528239695,0,0.000296576898362117,0,0.00305812603613455,0,0.00173428145383033,0,0,0,0,0,0.0054693538470083,0,0,0,0.00036713925193528,0.00015322956163132,0.018156593614891,0.000401785893298934,0,0,0,2.57306805283921e-05,0.000109998958483147,0,1.95196925705729e-05,0,7.80454538131555e-05,0.0129297344355192,0.00118061481922732,0,0,0,0,0,0.000453617752002208,0,0.00311043150321349,0,0,0,0,0,0,0.00240971863250163,0,0.00246779312097455,0,0.00587573913776505,0,0,0,0.000109880094355664,0,0.000169585489170501,0,0,0,3.36838213141994e-06,0,0.00317952837111076,0,0.0323709670915867,0.00446483381142755,0.000248823007138733,0.001144780616008,0,0.000102579756965873
0,0.000117913463911152,0,0.00175898039687683,0,0.0011187319449761,0,0,0,0,0,0,0,0,0,0,0.00124342566842049,0.00175289344858957,0.0287661179079806,0,0,0,0,0,0,0,0,0,0,0,0,0,0,0,0,8.63266636989571e-05,4.74383229753466e-06,4.72878513770928e-05,0,0,0.000258041438464449,0.0923480604499071,0.00128872583869048,0.00138914914422602,0,0.035284611072694,0.000542843263149103,0.00204767853326528,8.41935417593762e-06,0.0183919870588834,0,0.000107909358681685,0,0,0,0,7.12797743013596e-06,0.00123928963255459,0,0.000117184645886469,0,0,0.0113861652369883,0.000692430764820894,5.08646642754975e-06,0,0,0,6.43048475687448e-05,0,0.000442629823744629,0,0.00784604662067127,0.000462441193204784,2.94198372033771e-05,0,0,0,0.0106725353895038,0.000311482737733864,0.00179973343519905,2.36609762825605e-05,0.00119773965515918,0.000124424790405137,0.0529654090827685,0.0319579453154238,0.000490591457201912
0.000182852168872858,0,7.63224978171557e-05,0,6.24454108807022e-05,0,0,0,0,0,0,0,0,0,0,0,0.000234146837637995,0.000168112520258622,0.00410549358435549,0,0,0,0,0,0,0,0,0,0,0,0,0,0,0,0,0,2.17065422474009e-05,0,0,0.000258041438464449,0,0.000110128814800239,0.0229532319817059,0,0.000368185986803461,9.82974371171765e-05,0.0150579082051664,0.00130483683258906,0.0159265715194163,0,0.000434796621843411,0,0,0,0.000235684329009904,0,0.00106440192348793,0,0,0,0,0,0,0.00696066370369268,0,0,0,0,0,0,0,0,5.86029805350148e-05,0.00352507087199277,0,0,0,0,5.2241459082157e-05,0.00786704322633997,1.62378155488669e-05,0.000650990636571904,0.000184224389187861,1.64218342712474e-06,0.0169939447880585,2.77763384885163e-05,0.00380163978223011
8.50931483711474e-05,0.000699306557610582,0,0.00791014135145399,6.22563264593432e-05,0.00186653816623964,0,0,1.31671746224056e-05,0.000299170473990327,0,0,0,0,0,0,0.000317828032355649,0.000614310218524917,0.0131850224746153,0,0,0,0,0.00159595840997447,0,0,0,0,0,0,0,0,0,3.44742052294878e-05,2.82697041319863e-05,0.000120575905450721,0,5.2867169807724e-05,2.57306805283921e-05,0.0923480604499071,0.000110128814800239,0,0.0123817671735628,9.93447012201682e-05,0,0.0096535837432315,0.00011605948405265,0.00744390181752846,0.00056905496831534,0.025368373317767,0,0.000119046878702507,0,0,0,0.000520569059456703,0,0.0066719560980292,0,0.000373946152622561,0,0,0.00230717901570341,0.000234197982614802,7.14185003345037e-05,0,0.000584687488907499,0,0.000301530435516023,0,0.00454597638561625,0,0.0375772348938089,8.95690985054139e-05,1.00451606454049e-05,0,0,3.78703214347969e-05,0.0141498876876823,0.000154675515821387,0.00287580630518049,6.61736448028074e-05,0.00380348228416135,0.000163665724095014,0.0842666545277271,0.0643124129467318,6.92573921455453e-05
0.00245579004939535,0,0.000874878082372502,2.59409714000925e-05,0.000816711980579751,6.18950331872972e-05,0,0,0.000298987504727491,0,0,0,0,0,0,0,0.000777822317852955,0.000396892707969164,0.0113023380959778,0,3.53367317865291e-05,0,0,0,0,0,0,0,0,0,0,2.21485450884193e-05,0,3.36032837578717e-05,0,0,0.000307167177111129,1.86564104709684e-06,0.000109998958483147,0.00128872583869048,0.0229532319817059,0.0123817671735628,0,0.00011174885017156,0.000580861247035948,0.000154162015069405,0.0178465076682661,0.00612646293590656,0.0127533070913102,0.000207015356248316,0.000707761843651408,0,0,0,0.000789939246650753,0,0.011855451100644,0,0.000328121397935898,0,2.11477163047764e-05,0,5.430332700976e-05,0.0153613595785115,0,0,0,0,0,0,0,0.000580494849949129,0.000179348551359752,0.0423230356329533,1.47086194167284e-05,0,0,0,0.000356413934702854,0.016991356171908,6.43990626173296e-05,0.00391130191068018,0.00310637530217298,1.6586608023438e-05,0.0691314327898278,0.000604612208010902,0.0284708012008802
0,0,0,0,0,0,0,0,0,0,0,0,0,0,0,0,3.92447899146182e-05,0,0.00123319922966663,0,0,0,0,0,0,0,0,0,0,0,0,0,0,0,0,1.22986879241774e-05,0,1.63011090268943e-05,0,0.00138914914422602,0,9.93447012201682e-05,0.00011174885017156,0,0,3.18090183105448e-05,0,0,0,0,0,0,0,0,0,0,0,0,0,0,0,0,1.79346555460701e-05,0,0,0,0,0,0,0,0,0,0.00109904621354863,3.37339705526896e-05,0,0,0,0,0.000427158051928089,0,0.00022549408820261,2.77912650841291e-06,1.80259826464766e-05,0,0.000388124928012069,0.000123048154163467,0
0,0,0,0,0,0,0,0,0,0,0,0,0,0,0,0,0,1.34085228928932e-05,0.000235121582261882,0,0,0,0,0,0,0,0,0,0,0,0,0,0,0,0,0,6.78948396240176e-05,0,1.95196925705729e-05,0,0.000368185986803461,0,0.000580861247035948,0,0,0,0.000179603278895104,0,0,0,0,0,0,0,0,0,3.99055303560922e-05,0,0,0,0,0,0,0.000931972431187608,0,0,0,0,0,0,0,0,0,0.000489501092681174,0,0,0,0,0,0.000670250585155451,4.4083754822315e-06,0.000382522814738482,4.86973405867079e-07,0,0.000456441816109116,0,0.000565872139451902
8.92982549165438e-06,0,0,0.00631911614103076,0,0.00402421046495488,0,0,0,0.000111218524499696,0,9.27022929334379e-05,0,0,0,0,0.00039175078447086,0.000541000976031952,0.0072630442338183,0.00107165250755579,0,0,0,0.000270572163818769,0,0,0,0,0,0,0,1.17759306554547e-05,0,0.0001207935754664,0,0.000763456431307905,1.72614385519844e-06,0.000475504686326723,0,0.035284611072694,9.82974371171765e-05,0.0096535837432315,0.000154162015069405,3.18090183105448e-05,0,0,0.00025739722268386,0.00313991122833055,0.000180348102131322,0.00481795595985089,0,0.000370501606167715,0,0,0,0,0,0.0033087405088173,0,0.000130360512805002,0,0,0.0270191674932123,1.76760614617615e-05,3.42792075353723e-05,0,0,0,0.00011926114677537,0,0.00154576288879304,0,0.0295261207277592,5.04769109150134e-05,7.19072433083132e-05,0,0,0,0.0216145427706984,0.000131029841825547,0.0133313121129779,5.25632804199607e-05,0.00061132963065942,3.79014670852729e-05,0.0357384630268191,0.0044444495047283,0.000126490484818593
0,0,1.17951648195749e-05,0,1.11377463856117e-05,0,0,0,0.000178653435233463,0,0,0,0,0,0,0,0.00112554075596323,0.000420317414494117,0.0160841780651778,0,0.000136877927590846,0,0,0,0,0,0,0,0,0,0,0,0,0,0,3.86091628392191e-06,0.000319098916937041,0,7.80454538131555e-05,0.000542843263149103,0.0150579082051664,0.00011605948405265,0.0178465076682661,0,0.000179603278895104,0.00025739722268386,0,0.000902398938585715,0.00376851065046236,9.09182918770499e-05,0.000370044369412215,0,0,0,7.08983866668913e-05,0,0.000876318944556756,0,6.85487695938766e-05,0,0,0,2.43687786190799e-05,0.0611332688313362,0,0,0,0,0,0,2.35785200386654e-05,8.82664135226858e-06,6.98174137103588e-05,0.0130328786517958,2.75296683165645e-05,0,0,0,0.000239035209674362,0.0186960033596593,3.48665638392481e-05,0.00388423890229643,0.00070443488131743,4.62472710976176e-05,0.029043517858152,0.000144867241644773,0.00166839021780581
0,0,0,0.000645703502843108,0.000258914858134744,0.00131759863227851,0,0,3.2341086565673e-05,0,0,0,0,0,0,0,0,0,0,0,0,0,0.000130519411654419,0,0,0,0,0,0,0,0,0.0394745796827617,0.0458226016039209,0.124501063106423,0.075136553666984,0.00629759980793255,0.0020781652080547,0.00997477273138053,0.0129297344355192,0.00204767853326528,0.00130483683258906,0.00744390181752846,0.00612646293590656,0,0,0.00313991122833055,0.000902398938585715,0,0.116428648013129,0.0348565493052486,0.000130474469079375,2.21855700371313e-05,0,0,0.000147663420655315,0,0.000497064870513146,0.000296131190100551,5.50844782569937e-05,0,0,0,0.000199975995985668,0.000121443378092605,5.13350750767528e-06,0.000145004987002443,0,0,0,0,5.17211485568251e-05,6.66042508077643e-06,0.000420859447350309,0.000283286061781272,0.254966621443232,0.100835796381717,0.00820844162284805,0.0242791424518605,0.0153412553141515,0.0340596263671753,9.29755657527535e-05,0.00212035589360244,0.00818193217531161,2.04460619857222e-05,0.024931981813339,0.000108855853374152,0
0.0160443570591728,0,0.00829347926697304,0,0.000476700583947042,0,0,0,0.00582809327736564,0,0,0,0,0,0,0,8.43666979306309e-06,2.09041793512555e-05,0.000513307696976833,0,0,0,0.000968852225070424,0,0.000152666796692839,0,0,0,0,0,0,0.000642117175161713,9.84445976820458e-05,0.00147584571254069,0.000810190630720847,0,0.000141427415080869,0,0.00118061481922732,8.41935417593762e-06,0.0159265715194163,0.00056905496831534,0.0127533070913102,0,0,0.000180348102131322,0.00376851065046236,0.116428648013129,0,0.00161636444870916,0.000956534371322374,0,0,0,0.00718114334643628,0,0.00212546607356298,0,0.00236497017406249,0,0.00485559814997271,0,9.69344537323901e-06,0.0010962061828526,0,0.0013249870226421,0,0.00724187814593944,0,0.00902922182995575,0,0.0138315705560172,0,0.0175295033630612,0.00276136365149503,8.92866077038118e-05,0.000244648282493748,0.00188643949749358,3.11517454144152e-05,0.0183084573678131,0,0.00193255556528042,0.00313235645544222,1.00670277700449e-05,0.0226082284284675,0,0.000276731054968657
4.86025172518336e-05,0.0148570835368731,0,0.00754992792574262,0,0.00224489614272546,0,0,0,0.0009512507696606,0,5.59644640295341e-06,0,0,0,0,3.00783232897841e-05,3.54933430119419e-06,0.00103831285415681,0,0,0.00280555456338458,0,0.000763044773462086,0,0.000106600670093777,0,0,0,0,0,6.09516616154448e-05,0,0.000557181986532176,8.41287553464375e-05,1.29612267095556e-05,2.03929088444544e-05,0.00236547113419869,0,0.0183919870588834,0,0.025368373317767,0.000207015356248316,0,0,0.00481795595985089,9.09182918770499e-05,0.0348565493052486,0.00161636444870916,0,0,0.000337273204675023,0,0,0,0.000318305977278622,1.41644459748271e-05,0.00686190768126342,0,0.00464342439355734,0,0.00215335054791057,0.000812799705571263,0,0.0161604287168732,0,0.00826889576579175,0,0.00496021755011,0,0.0107771471985954,0,0.0438650874653219,0,0.000308043335495046,0,6.38008077156122e-05,0,0.00314748505032654,1.4635073199828e-05,0.00637310970538794,0,0.00163813283104937,1.41019573183294e-05,0.0179285692318853,0.00160160455856512,0
0,0,0.000720550182876312,0,0.040703984315966,0,0.00212172974419681,0,0.000550110422257256,0,0,0,0,0,0,0,0,0,0,0,0.00747123647321229,0,0,0,0,0,0,0,0,0,0,0,0,0,0,0,0.000818710475231961,0,0,0,0.000434796621843411,0,0.000707761843651408,0,0,0,0.000370044369412215,0.000130474469079375,0.000956534371322374,0,0,0,0.00275913724107344,0,0,0,0.000458536435703687,0,0.00284910411101092,0,0.00511833528146022,0,0,0.00645263051754732,0,0,0,0,0,0,0,1.81923226000757e-05,0,0.00153790163590259,0,0,0,0,0,0.000528916491250427,0,0,0.00117639286398877,0,0.0078500142823348,0,0
0,0,0,0.0131431041544796,0,0.183949762345134,0,0.012947702556957,0,0.00714443620077434,0,0,0,0.00829530266624938,0,0.00502840019738291,0,0,0,0.00166901504119016,0,0,0,0,0,0,0,0,0,0,0,0,0,3.71764186739242e-05,0,0,0,0,0,0.000107909358681685,0,0.000119046878702507,0,0,0,0.000370501606167715,0,2.21855700371313e-05,0,0.000337273204675023,0,0,0,0.00407254266756974,0,0.000442753678131243,0,0.0101665456905765,0,0.0129773579466222,0,0.0113761601244579,0.00597745349892762,0,0,0,0,0,0,0,0,0,0.000664349038258205,0,0,0,0,0,3.23495656551745e-05,0,5.47826208960041e-06,0,0.000756785148803592,0,0.00253826553426849,0,0
0,0,0,0,0.0128212449588233,0,0.0208317830686841,0,0,0,0,0,0,0,0,0,0,0,0,0,0,0,0,0,0,0,0,0,0,0,0,0,0,0,0,0,0,0,0,0,0,0,0,0,0,0,0,0,0,0,0.00275913724107344,0,0,0,0,0,0,0,0,0,0,0,0,0,0,0,0,0,0,0,0,0,0,0,0,0,0,0,0,0,0,0,0.00015426338772366,0.000349788929144912,0,0,0
0,0,0,0,0,0.00566993452219625,0,0.0288812287607684,0,0,0,0,0,0.000969615851033997,0,0,0,0,0,0,0,0,0,0,0,0,0,0,0,0,0,0,0,0,0,0,0,0,0,0,0,0,0,0,0,0,0,0,0,0,0,0.00407254266756974,0,0,0,0,0,0,0,0.00191270375231026,0,0,0,0,0,0,0,0,0,0,0,0,0,0,0,0,0,0,0,0,0,0,0.00013316875586986,0,0,0,0
0.00846414469743314,0,0.00394778174647275,0,0.000310156117471608,0,0,0,0.211066522475154,0,0,0,0,0,0.00182274082564562,0,0,0,8.7535071808569e-06,0,0,0,0,0,0.0118298042695955,0,0,0,0,0,0,0,0,0,0,0,0,0,0.000453617752002208,0,0.000235684329009904,0,0.000789939246650753,0,0,0,7.08983866668913e-05,0.000147663420655315,0.00718114334643628,0,0,0,0,0,0,0,0.000194708421089596,0,0,0,0.0869334607654865,0,0,4.6211019860804e-05,0,0,0,0.071035059895098,0,0.000862511289079241,0,0,0,0.00190007913050904,2.64805847905137e-05,0,0,0,0,8.34454196612381e-06,0,0.00339455742339424,0.000157642652349561,0,0.00203168745122189,0,0
0,0.0490500934561645,0,0.0157178683551567,0,0.00136251921110446,0,0,0,0.245027171111278,0,0,0,0,0,0.0374532222254603,0,0,0,0,0,0,0,0.00687781934393233,0,0.0248605016873562,0,0,0,0,0,0,0,0,0,0,0,0.00185189043250752,0,0,0,0.000520569059456703,0,0,0,0,0,0,0,0.000318305977278622,0,0.000442753678131243,0,0,0,0,0,0,0,0,0,0.045323622116192,0,0,0,0,0.0376722599422346,0,0.00237768685653714,0,0,0,0,0,0,0,0,0,0,0,0.00262465990065936,0,0.000155107813171545,0,0.00279713615737041,0,0
0,0,0.000642456218978766,0,0.000932418453729284,0,0,0,0.000200315675321157,0,0.04562014384593,0,0,0,0,0,6.97299783866582e-06,0,0.000123727996942626,0,0.00673098256122398,0,0,0,0,0,0,0,0,0,0.00288258754897214,0,0,0,0,0,0.000752509361513084,0,0.00311043150321349,7.12797743013596e-06,0.00106440192348793,0,0.011855451100644,0,3.99055303560922e-05,0,0.000876318944556756,0.000497064870513146,0.00212546607356298,1.41644459748271e-05,0.000458536435703687,0,0,0,0.000194708421089596,0,0,0,0.0216145545210901,0,0.00120214285920045,0,0,0.0467652181994571,0,0,0,0,0,0,0,0.00678484348704489,0,0.0279428340566392,0,0,0,0,0,0.000334089329790299,0,0.000639722156790483,0.000298514282975166,0,0.0217763319305064,0,0.00164439533090313
0,0,0,0.00329748737938455,0,0.000981796221168665,0,0,0,0,0,0.0606425039854364,0,0,0,9.00280384129454e-05,1.74139522014063e-06,0,0.000331488871948829,0.000182836664559217,0,4.00991202832596e-05,0,0,0,7.81921727445988e-05,0,0,0,0.00145060708647007,0,8.28354821070891e-06,0,1.95970090049984e-05,0,3.52883797944009e-05,0,9.42977667205005e-05,0,0.00123928963255459,0,0.0066719560980292,0,0,0,0.0033087405088173,0,0.000296131190100551,0,0.00686190768126342,0,0.0101665456905765,0,0,0,0,0,0,0,0.00712523542519901,0,0.001208984614434,0.0127248398575472,0,0.000350266168538815,0,0.000206468210770241,0,0.00362326977057927,0,0.0201056596599869,0,0.0624073553286551,0,0,0,0,0,0.000329815958418287,1.27496103741122e-06,0.000326841644987913,0,5.17219865094593e-05,0,0.0100159216331105,0.00282489216326697,0
0,0,0,0,0,0,0,0,0,0,0,0,0.00666042866325171,0,0.000208340000741386,0,0,0,0,0,0,0,0,0,0,0,0.000272982002790385,0,0,0,0,0,0,0,0,0,2.14354555697202e-06,0,0,0,0,0,0.000328121397935898,0,0,0,6.85487695938766e-05,5.50844782569937e-05,0.00236497017406249,0,0.00284910411101092,0,0,0,0,0,0.0216145545210901,0,0,0,0.00143272955198555,0,0,3.40575658802236e-05,0,0,0,0,0,0.00206362960217171,0,0.00113682804781814,0,0.000175029220332451,0,0,0,0,0,4.63240559437977e-06,0,0,5.99191091140469e-06,0,0.0012401281154011,0,0
0,0,0,0.00154190529397155,0,0.00574150510629649,0,0.00817602179980298,0,0,0,0,0,0.0259618956283267,0,0.00321843632843155,0,0,0,0,0,0.000168381448151715,0,0.00024653673703486,0,0.000788565376853101,0,0,0,0,0,0,0,0,0,0,0,0,0,0.000117184645886469,0,0.000373946152622561,0,0,0,0.000130360512805002,0,0,0,0.00464342439355734,0,0.0129773579466222,0,0.00191270375231026,0,0,0,0.00712523542519901,0,0,0,0.00342071087492106,0.000584506387392378,0,0.00110873443842153,0,0.000994260384633327,0,0.0167032469109369,0,0.00776304294391944,0,0.000137503609760068,0,0,0,0,0,4.2713295854526e-05,0,2.8360550966628e-06,0,0.00133510467207572,7.47307785107072e-05,0.000344310343295597,8.26437044831371e-05,0
0.0415083826396264,0,0,0,0.00114650521650289,0,0,0,0.0267714328629756,0,0,0,0,0,0.0251097591128052,0,0,0,0,0,0,0,0,0,0.000268135171382489,0,0,0,0,0,0,0,0,0,0,0,0,0,0,0,0,0,2.11477163047764e-05,0,0,0,0,0,0.00485559814997271,0,0.00511833528146022,0,0,0,0.0869334607654865,0,0.00120214285920045,0,0.00143272955198555,0,0,0,0,0,0,0,0,0,0,0.00487598614831669,0,9.24959280008146e-05,0,0,0,0,0,0,0,0,0,0,5.70472108676353e-06,0,5.52698721254484e-05,0,0
0,0.0125049425934867,0,0.00123800958583461,0,0.0192673161879576,0,0,0,0.00405153210075099,0,0,0,0.000482342053816531,0,0.0352320417183815,0,0,0,0,0,3.92307753819415e-06,0,0.00125646657504764,0,0.000202054902750291,0,0,0,0,0,0,0,0,0,0,0,0,0,0,0,0,0,0,0,0,0,0,0,0.00215335054791057,0,0.0113761601244579,0,0,0,0.045323622116192,0,0.001208984614434,0,0.00342071087492106,0,0,0,0,3.04846227324433e-05,0,0.0178317853067585,0,0.0053762848010389,0,3.0127704092788e-05,0,0,0,0,0,0,0,0,0,0,0,0.000119778356195826,0,0.00217307610025284,0,0
0,0,0,2.6249517457084e-05,0,0.0344957664202347,0,0,0,0,0,0.00292100742897414,0,0,0,0,5.85543346235852e-05,6.01568919571331e-05,0.000837727208651927,0.0870257646141497,0,0,0,0,0,1.85214720407035e-05,0,0,0,0,0,0,0,1.0041415446545e-05,0,0.00210924511957642,0,0.00102892651904366,0,0.0113861652369883,0,0.00230717901570341,5.430332700976e-05,1.79346555460701e-05,0,0.0270191674932123,2.43687786190799e-05,0.000199975995985668,9.69344537323901e-06,0.000812799705571263,0,0.00597745349892762,0,0,0,0,0,0.0127248398575472,0,0.000584506387392378,0,0,0,3.37529293499038e-05,4.45111572581976e-05,0,0,0,0.000524719099833529,0,0.00324889778794906,0,0.0247510685312377,0,0,0,0,0,0.0277949250912946,9.13270434679884e-06,0.00769834656532215,2.27323923323883e-06,0.00105814286272473,6.13236546903861e-06,0.0140724064439624,0.000392018129523013,0
0,0,0,0,0.000918796896380554,0,0,0,0,0,1.78399666879595e-05,0,0,0,0,0,0.000857728636614422,0.000469290298130165,0.0123455695057076,0,0.0620611197137361,0,0,0,0,0.000128383716973719,0,0,0,0,0,0,0,0,0,0,0.00426997818057227,0,0.00240971863250163,0.000692430764820894,0.00696066370369268,0.000234197982614802,0.0153613595785115,0,0.000931972431187608,1.76760614617615e-05,0.0611332688313362,0.000121443378092605,0.0010962061828526,0,0.00645263051754732,0,0,0,4.6211019860804e-05,0,0.0467652181994571,0,3.40575658802236e-05,0,0,0,3.37529293499038e-05,0,0,0,0,0,0,0,0,0.000141377166861146,0.000399422094347604,0.0401617888486806,0,0,0,0,0.00011435926559749,0.015203183644575,9.21105739026293e-06,0.0152924901683201,0.00098009145629778,5.20778278145118e-05,0.02912465903843,0.000411950216246764,0.00215101261530995
0,0,0,1.18662987298648e-05,0,0,0,0,0,0,0,0,0,0,0,0,0,0,4.37239327210597e-05,0,0,0.0310922575471007,0,0.00069304504758698,0,0.000232141169584389,0,0.000930686015635729,0,0,0,0,0,0,0,0,0,0.00469094702044012,0,5.08646642754975e-06,0,7.14185003345037e-05,0,0,0,3.42792075353723e-05,0,5.13350750767528e-06,0,0.0161604287168732,0,0,0,0,0,0,0,0.000350266168538815,0,0.00110873443842153,0,3.04846227324433e-05,4.45111572581976e-05,0,0,0,0.0053942346370983,0,0.0142918424049116,0,0.0135645359007898,0,0.00299616974019264,0,0,0,0,0,1.60545992730384e-05,0,0.00595312010573755,0,5.05437969806757e-05,0,0.000176063142919124,2.08667565365058e-05,0
0,0,0,0,0,0,0,0,0,0,0,0,0,0,0,0,0,0,0,0,0,0,0.0178471169126945,0,0.00290941564875361,0,0,0,0,0,0,0,0,0,0,0,0,0,0.00246779312097455,0,0,0,0,0,0,0,0,0.000145004987002443,0.0013249870226421,0,0,0,0,0,0,0,0,0,0,0,0,0,0,0,0,0,0,0.00566426612435186,0,0.00288400726938288,0,0.00748307312628119,0,0,0,0,0,0,0,0,0,0.00326344424806624,5.30074548185065e-05,0,0.000119305547443891,0,0
0,0,0,0,0,0,0,0,0,0.00330145813679219,0,0,0,0,0,0,0.000262250361098057,0.00543319379151297,0,0,0,0.004371821869935,0,0.125337929545944,0,0.0283690962983215,0,0,0,0,0,0,0,0,0,0,0,0.00116320179026372,0,0,0,0.000584687488907499,0,0,0,0,0,0,0,0.00826889576579175,0,0,0,0,0,0.0376722599422346,0,0.000206468210770241,0,0.000994260384633327,0,0.0178317853067585,0,0,0.0053942346370983,0,0,0,0.0493387208588951,0,0.000514519079176882,0,0,0,0,0,0,0,2.72537148719249e-06,0,0.00153165329439248,0,0.000818530774080281,0,0.00575749957179369,0,0
