0,0,578.851276174188,0,0,0,0,0,382.121265113354,0,0,0,0,0,0,0,4.76254856586456,0,20.81020604074,0,0,0.128464877605438,0,0,1.21148884296417,0,0,0,0,0,0,0,0,0,0,0,2.43522342294455,0.7396320104599,3.10628559440374,0,3.73992471396923,0,21.1170374453068,0,0,0,3.64852139353752,41.6892040669918,466.131485804915,0,0,0,0,0,125.778914839029,0,26.062274903059,0,0,0,34.2511655241251,0,0,0.258160322904587,0,0,0,0,0,0,0,0.314074277877808,0,0.784478172659874,0,0,0,0,0,64.9177935048938,0.367918282747269,21.3499085307121,265.222623892128,0,283.223159916699,0,1.00553259253502
0,0,0,665.877098321915,0,0.6440349817276,0,0,0,69.8049257695675,0,0,0,0,0,0,0,0,1.13477128744125,0,0,0,0,16.1733715459704,0,0,0,0,0,0,0,0,0,0,0,0,0,12.9572052657604,0,0,0,16.9039175063372,0,0,0,0,0,0,0,378.809761658311,0,0,0,0,0,251.328691825271,0,13.2964731305838,0,0,0,0.846658557653427,2.11588829755783,0,0,0,18.9998459815979,0,0.341371774673462,0,6.85848212242126,0,0,0,0,0,0,0,0.477121710777283,0,0,0,217.123905077577,0.553692817687988,276.143857486546,0,0
578.851276174188,0,0,0,3.612280189991,0,0,0,8.09884729981422,0,0,0,0,0,18.3619131445885,0,0,0,0,0,0,0,0,0,0,0,0,0,0,0,0,0,0,0,0,0,2.94677586853504,0,0.885315552353859,0,0.378783285617828,0.176562860608101,51.8111269623041,0,0,0,129.888258785009,10.0407234281301,7.16658478975296,0,138.676888048649,0,0,0,18.3974387347698,0,46.9780459403992,0,0,0,86.2177509069443,0,0,8.52922812104225,0,0,0,0,0,0,0,0,0,3.35718208551407,0,0,0,0,0,2.21709899604321,0,3.787194699049,61.4711824953556,0,371.644378587604,0,2.61315909028053
0,665.877098321915,0,0,0,148.331820145249,0,0,0,27.9287546575069,0,0,0,0,0,0,0,0.447948127985001,0.498361557722092,0,0,0,0,0.556069530546665,0,0,0,0,0,0,0,0,0,0,0,18.2006178200245,0,3.28005861490965,0,9.4044101536274,0,99.7303387895226,1.02868223190308,0,0,2.52851903438568,0,2.94581153988838,0,188.675872251391,0,188.248501941562,0,0,0,45.0832480043173,0,89.9205174148083,0,51.498088568449,0,5.8288548886776,3.24944922327995,0,0,0,0.152582570910454,0,0,0,0,0,53.323727786541,0,0,0,0,0,4.64496257156134,0.145574018359184,10.4504239335656,0,289.687576882541,0,322.536265835166,15.5158675462008,0
0,0,3.612280189991,0,0,0,1.43788248300552,0,37.9761893451214,0,0,0,0,0,0,0,0,0,0.426318421959877,0,116.866404116154,0,0,0,0,0,0,0,0,0,0,0,0,0,0,0,0.64585679769516,0,0.172365263104439,0,0.884891659021378,0,16.7264670729637,0,0,0,1.89361406862736,0.490405648946762,2.32583047449589,0,37.6040866822004,0,0.374880224466324,0,1.23036503791809,0,2.91984194517136,0,6.92394056916237,0,78.2354646921158,0,0,111.855815351009,0,0,0,0,0,0,0,0,0,12.7287601530552,0,0,0,0,0,2.69257161021233,0,10.1195852458477,649.931525930762,26.5691719055176,94.3338994905353,0,0
0,0.6440349817276,0,148.331820145249,0,0,0,44.8038104772568,0,114.022722065449,0,0,0,5.82955753803253,0,0,0,0,0,13.5667668581009,0,0,0,0,0,0,0,0,0,0,0,0,0,0,0,7.97610701620579,0,0.866627752780914,0,4.85223494470119,0,85.5160563141108,0,0,0,19.8475638777018,0,3.83784335851669,0,13.7285698056221,0,123.370418399572,0,3.21287906169891,0,12.0741798877716,0,6.2208381742239,0,0,0,0,164.861739233136,0,0,0,0,0,0,0,0,0,17.9346641004086,0,0,0,0,0,7.04805811494589,0,11.958091750741,0,191.150334961712,22.7720207571983,353.828393355012,1.07375234365463,0
0,0,0,0,1.43788248300552,0,0,0,0,0,36.8264485150576,0,0,0,0,0,0,0,0,0,77.0626227557659,0,0,0,0,0,0,0,0,0,0,0,0,0,0,0,0,0,0,0,0,0,0,0,0,0,0,0,0,0,0.525172710418701,0,223.922989994287,0,0,0,12.3303396701813,0,9.94837200641632,0,0,0,0,2.36735545098782,0,0,0,0,0,0,0,0,0,0,0,0,0,0,0,0,0,0,504.664515018463,0,0,0,0
0,0,0,0,0,44.8038104772568,0,0,0,0,0,51.5809120237827,0,77.2039524316788,0,0,0,0,0,0,0,0,0,0,0,0,0,0,0,0,0,0,0,0,0,0,0,0,0,0,0,0,0,0,0,0,0,0,0,0,0,149.079295039177,0,340.685597300529,0,0,0,91.0565587729216,0,76.4419002532959,0,0,0,0,0,0,0,0,0,0,0,0,0,0,0,0,0,0,0,0,0,0,17.2862206697464,0,0,0,0
382.121265113354,0,8.09884729981422,0,37.9761893451214,0,0,0,0,0,0,0,0,0,22.8592923283577,1.10864865779877,1566.58917836845,113.575939804316,81.9328875243664,0,0,0,0,1.6906224489212,98.9413619935513,0,5.24984076619148,0,0,0,0,0,0,0,0,0,0,0.752721548080444,29.3680925071239,0,0,3.2735720872879,12.692678168416,0,0,0,0.242062896490097,21.7132403254509,6.61216719448566,0,0,0,0,0,742.616591349244,0,0,0,0,0,192.35972866416,0,0,0.423729062080383,0,0,0,71.2032777070999,0,0,0,0,0,0,0,0,0,0,0.513841614127159,3.60290484130383,0.182460427284241,34.7010372132063,1083.08319848776,6.1115180850029,128.181001961231,0,0.922793194651604
0,69.8049257695675,0,27.9287546575069,0,114.022722065449,0,0,0,0,0,0,0,0,0,1.05522346496582,4.32853364944458,1.82458704710007,0,0,0,0,0,164.261885218322,0,12.0829925537109,0,0,0,0,0,0,0,0,0,0,0,55.0785600244999,0,0,0,13.6113004237413,0,0,0,0,0,0.679705739021301,0,1.04061961174011,0,0,0,0,0,358.89729142189,0,0.438996702432632,0,0,0,2.0568710565567,1.96557199954987,0,0,0,43.1102522164583,0,83.5663289129734,0,0,0,0.406418144702911,0,0,0,0,0,0,0,31.1270277053118,0,453.895408056676,0,84.9066278934479,3.19403320550919,0
0,0,0,0,0,0,36.8264485150576,0,0,0,0,0,65.4551194310188,0,0,0,0,0,0,0,525.208814606071,0,0,0,0,0,0,0,25.0796241760254,0,271.077449828386,0,0,0,0,0,196.670684784651,0,647.12427829206,0,0,0,0,0,0,0,0,0,0,0,0,0,161.338290572166,0,0,0,2957.00151214004,0,76.0356993228197,0,0,0,0,1.70040918886662,0,0,0,0,0,0,0,0,0,232.552454799414,0,0,0,0,0,148.650616288185,0,82.0160163640976,966.820075720549,0,0.532857596874237,0,0
0,0,0,0,0,0,0,51.5809120237827,0,0,0,0,0,436.913245916367,0,0,0,0,0,960.524573981762,0,0,0,0,0,0,0,0,0,381.243267476559,0,0,0,0,0,324.913880541921,0,812.458062291145,0,0,0,0,0,0,0,0,0,0,0,0,0,0,0,28.3170547038317,0,0,0,3723.45876941085,0,16.0344368815422,0,0,325.926880925894,0,0,0,0,0,0,0,0,0,641.65552008152,0,0,0,0,0,97.5765508115292,0,38.632541179657,0,430.255169078708,0,0,0,0
0,0,0,0,0,0,0,0,0,0,65.4551194310188,0,0,0,41.0063199996948,0,0,0,0,0,0,0,0,0,0,0,0,0,0,0,0,0,0,0,0,0,0,0,0,0,0,0,0,0,0,0,0,0,0,0,0,0,0,0,0,0,11.2895655035973,0,207.510327279568,0,25.5034947395325,0,0,0,0,0,0,0,0,0,0,1,0,0,0,0,0,0,0,0,0,0,59.8694501519203,0,0,0,0
0,0,0,0,0,5.82955753803253,0,77.2039524316788,0,0,0,436.913245916367,0,0,0,23.4673149585724,0,0,0,0,0,0,0,0,0,0,0,0,0,0,0,0,0,0,0,0,0,0,0,0,0,0,0,0,0,0,0,0,0,0,0,1,0,11.3163816928864,0,0,0,319.146826684475,0,459.931800723076,0,0,0,0,0,0,0,0,0,0,0,0,0,0,0,0,0,0,0,0,0,0,73.94113945961,74.8175356388092,0,0,0
0,0,18.3619131445885,0,0,0,0,0,22.8592923283577,0,0,0,41.0063199996948,0,0,0,343.702935516834,6.39025235176086,2.9732221364975,0,0,0,0,0,2.88882651925087,0,30.5424646139145,0,0,0,0,0,0,0,0,0,0,0,0,0,0,0,0,0,0,0,0,0,0,0,0,0,0,0,6.43191862106323,0,0,0,31.4668290019035,0,54.9368197321892,0,0,0,0,0,0,0,0,0,0,0,0,0,0,0,0,0,0,0,0,0,84.8241654336452,1.98018741607666,0,0,0
0,0,0,0,0,0,0,0,1.10864865779877,1.05522346496582,0,0,0,23.4673149585724,0,0,0,47.456258803606,0.955488801002502,0,0,0,0,41.4053508639336,0,0,0,0.862054228782654,0,0,0,0,0,0,0,0,0,0,0,0,0,0,0,0,0,0,0,0,0,0,0,0,0,0,0,30.0429295301437,0,0,0,6.4724395275116,0,183.869724959135,0,0,0,0,0,0,40.6335173547268,0,1.22240537405014,0,0,0,0,0,0,0,0,0,0,0,182.313614368439,0,0,0,0
4.76254856586456,0,0,0,0,0,0,0,1566.58917836845,4.32853364944458,0,0,0,0,343.702935516834,0,0,10330.7045264021,4407.89452341199,0,0,0,0.489640399813652,39.8848669528961,170.305066078901,0,368.579660028219,0,3.27351784706116,0,0,0,0,0,0,4.05891232192516,5.49459704756737,2.56369539350271,0.346026197075844,18.5321490615606,18.9294028282166,74.3728676959872,167.564693436027,5.47593158483505,1.6928977817297,0,12.604326620698,0,0,0,0,0,0,0,298.388837233186,0,1.10006292164326,1.02867544442415,0,0,130.933043271303,3.04103350639343,9.21977077424526,10.1360419243574,0,0,0,0.601979434490204,0,21.386665225029,0,0,2.2389410585165,1.91680935025215,0,0,0,0,71.6843575611711,96.8972451239824,11.6557923331857,58.836147159338,14824.9778683707,331.573762401938,203.70404689014,30.4104529693723,30.5601771771908
0,0,0,0.447948127985001,0,0,0,0,113.575939804316,1.82458704710007,0,0,0,0,6.39025235176086,47.456258803606,10330.7045264021,0,5277.1854557991,0,0,77.658429145813,0,321.497086346149,15.5827969312668,108.496119737625,0,17.8857529163361,0,0,0,0,0,0,0,1.25352127850056,0.600110605359077,2.872249096632,0.445087015628815,15.5039714276791,11.3443352431059,104.455733120441,28.2212396711111,0.675316154956818,0,0,3.33598564565182,0,0,0.13908064365387,0,0,0,0,11.4961171746254,0,0,0.115104898810387,0,0,13.505400210619,3.7375340461731,12.3407832831144,5.31234368681908,8.39377975463867,0,64.1267303824425,0,1,4.69847857952118,0,0,2.29127691686153,1.04833238571882,0,0,0,0,49.3173536360264,45.9086458235979,9.9345675110817,16.4614297375083,15873.1146060005,2123.01776571572,85.266865067184,35.8585898429155,8.01188096404076
20.81020604074,1.13477128744125,0,0.498361557722092,0.426318421959877,0,0,0,81.9328875243664,0,0,0,0,0,2.9732221364975,0.955488801002502,4407.89452341199,5277.1854557991,0,0,0.209526345133781,0,0,26.9361087679863,6.24445094168186,0,0,0,0,0,0,0,0,0,0,36.6491871699691,18.6926784738898,43.7992537394166,4.36640271544456,269.565995581448,171.370250597596,1744.88960941881,1301.62670558691,55.009915843606,9.42822657525539,3.37079438567162,97.5016359984875,2.80181460082531,0.426563084125519,7.79270842671394,0.216212272644043,0,0,0,14.635220259428,0,5.98915974795818,40.2485367357731,0,0,4.17543238401413,0.510605692863464,64.6739859879017,82.570558860898,0,0,3.63023954629898,0,0,0,0,0,210.155428402126,37.2580642551184,0,0,0,0,843.45868293196,987.70546310395,362.585936717689,451.965984478593,10036.1125985309,48.2774878740311,2297.94169893116,545.546146743,291.655035912991
0,0,0,0,0,13.5667668581009,0,0,0,0,0,960.524573981762,0,0,0,0,0,0,0,0,0,0,0,0,0,0,0,0,0,0,0,0,0,0,0,1807.69370824099,0,581.056980505586,0,0,0,1.04744005203247,0,0,0,9.82284367084503,0,0,0,0,0,0,0,0,0,0,0,16.2469644248486,0,0,0,0,1205.47669407725,0,0,0,0,0,0,0,0,0,21.4548213481903,0,0,0,0,0,852.988617479801,0,175.103006884456,0,286.800898700953,2.2830171585083,11.9406831115484,0,0
0,0,0,0,116.866404116154,0,77.0626227557659,0,0,0,525.208814606071,0,0,0,0,0,0,0,0.209526345133781,0,0,0,0,0,0,0,0,0,0,0,0,0,0,0,0,0,550.244221165776,0,14.7479611486197,0,2.09652236104012,0,1.89404904842377,0,0,0,2.48542213439941,1.62205505371094,0.774814814329147,0,51.6719147861004,0,136.433722242713,0,0,0,241.286874040961,0,0,0,0,0,0,1081.69940628856,0,0,0,0,0,0,0,0,0,154.04949451983,0,0,0,0,0,2209.36532900482,0,444.346645593643,314.808154717088,5.59800484776497,38.0811088532209,0,0
0.128464877605438,0,0,0,0,0,0,0,0,0,0,0,0,0,0,0,0,77.658429145813,0,0,0,0,19.759997010231,154.851143747568,0,81.0304983258247,0,176.613915234804,0,0,0,0,0,0,0.229605227708817,0,0,1046.95714253187,0.776219129562378,0,0,0,0,0,0,0,0,41.3203511238098,0,16.3497791141272,0,0,0,0,0,0,0,0,0,0,0,0,0,0,6666.4688744396,1.74558329582214,293.682227015495,0,161.659976989031,0,368.576055213809,0,0,0,0,0,0,0,0,0,612.919945895672,0,2145.09512016177,270.546404540539,4.72588405013084,0,0
0,0,0,0,0,0,0,0,0,0,0,0,0,0,0,0,0.489640399813652,0,0,0,0,19.759997010231,0,0,240.737086743116,0,7.23440724611282,0,182.364099800587,0,0,0,0,0,0,0,0,0,309.392660468817,0,0,0,0,0,0,0,0,0.659411609172821,319.932097107172,0,0,0,0,0,0,0,0,0,0,0,0,0,0,0,0,8203.00288558006,0,40.4465382695198,0,141.123484611511,0,85.6024996340275,0,0,0,0,0,0,0,0,0,440.151638552547,1389.43700799346,119.20880278945,0,0,0
0,16.1733715459704,0,0.556069530546665,0,0,0,0,1.6906224489212,164.261885218322,0,0,0,0,0,41.4053508639336,39.8848669528961,321.497086346149,26.9361087679863,0,0,154.851143747568,0,0,0,349.143297031522,0,0,0,0,0,0,0,0,0,0,0,437.876507729292,0,0,0,3.18677635490894,0,0,0,0,0,0.492184698581696,0,1.03747947514057,0,0,0,0,0,208.282833069563,0,0,0,0,0,71.6016535460949,0,0,63.4185867011547,0,1299.60631367564,0,331.954360172153,0,0,0,0,0,0,0,0,0,0.156306743621826,0,50.5539421439171,0.202977493405342,714.626947507262,0,5.01869788765907,4.47916924953461,0
1.21148884296417,0,0,0,0,0,0,0,98.9413619935513,0,0,0,0,0,2.88882651925087,0,170.305066078901,15.5827969312668,6.24445094168186,0,0,0,240.737086743116,0,0,0,26.9285649061203,0,0,0,0,0,0,0,0,0,0,0,422.619484916329,1.13734257221222,0,0,1.53103622794151,0,0,0,0,1.08713279664516,3.84848675131798,0,0,0,0,0,139.093716651201,0,0,0,0,0,0,0,0,0,0,86.1966311335564,0,839.05519144237,0,279.97625797987,0,0,0,0,0,0,0,0,0,0,0,239.376395940781,492.379984632134,1.1970511674881,7.81511831283569,0,0
0,0,0,0,0,0,0,0,0,12.0829925537109,0,0,0,0,0,0,0,108.496119737625,0,0,0,81.0304983258247,0,349.143297031522,0,0,0,32.6818899065256,0,0,0,0,0,0,0,0,0,0,0,0,0,0,0,0,0,0,0,0,0,0,0,0,0,0,0,1.81767690181732,0,0,0,0,0,5.82372502982616,0,0,6.33451819419861,0,7.12352007627487,0,508.809927329421,0,108.526523649693,0,0,0,0,0,0,0,0,0,0,0,76.8445400446653,0,0,0,0
0,0,0,0,0,0,0,0,5.24984076619148,0,0,0,0,0,30.5424646139145,0,368.579660028219,0,0,0,0,0,7.23440724611282,0,26.9285649061203,0,0,0,209.070204973221,0,0,0,0,0,0,0,0,0,0,0,0,0,0,0,0,0,0,0,0,0,0,0,0,0,77.6299929618835,0,0,0,0,0,11.3539692163467,0,0,0,0,0,0,0,0,83.8602452874184,0,9.45380973815918,0,0,0,0,0,0,0,0,0,0,22.9808380305767,0,0,0,0
0,0,0,0,0,0,0,0,0,0,0,0,0,0,0,0.862054228782654,0,17.8857529163361,0,0,0,176.613915234804,0,0,0,32.6818899065256,0,0,0,132.790637433529,0,0,0,0,0,0,0,29.6469650268555,0,0,0,0,0,0,0,0,0,0,0,0,0,0,0,0,0,0,0,0,0,118.991879463196,0,0,0,0,51.6274019032717,0,0,0,16.3989986032248,0,2567.80023288727,0,123.313061803579,0,0,0,0,0,0,0,0,0,260.518606126308,59.2270382344723,0,0,0
0,0,0,0,0,0,0,0,0,0,25.0796241760254,0,0,0,0,0,3.27351784706116,0,0,0,0,0,182.364099800587,0,0,0,209.070204973221,0,0,0,14.1578211784363,0,0,0,0,0,0,0,52.9608811438084,0,0,0,0,0,0,0,0,0,0,0,0,0,0,0,0,0,0,0,0,0,0,0,0,0,0,54.7318812608719,0,0,0,5.1759580373764,0,701.525405079126,0,0,0,0,0,0,0,0,0,0,86.9908235967159,9.05050373077393,0,0,0
0,0,0,0,0,0,0,0,0,0,0,381.243267476559,0,0,0,0,0,0,0,0,0,0,0,0,0,0,0,132.790637433529,0,0,0,0,0,0,0,0,0,346.266650795937,0,0,0,0,0,0,0,0,0,0,0,0,0,0,0,0,0,0,0,76.543481528759,0,0,0,0,0,0,0,0,0,0,0,0,293.64125354588,0,823.177607238293,0,0,0,0,0,0,0,1,0,187.875194534659,0,0,0,0
0,0,0,0,0,0,0,0,0,0,271.077449828386,0,0,0,0,0,0,0,0,0,0,0,0,0,0,0,0,0,14.1578211784363,0,0,0,0,0,0,0,0,0,562.867428094149,0,0,0,0,0,0,0,0,0,0,0,0,0,0,0,0,0,6.23675835132599,0,0,0,0,0,0,0,0,0,0,0,0,0,0,5,0,478.849086225033,0,0,0,0,0,0,0,95.1448399722576,210.145439475775,1,0,0,0
0,0,0,0,0,0,0,0,0,0,0,0,0,0,0,0,0,0,0,0,0,0,0,0,0,0,0,0,0,0,0,0,741.488843500614,7.63716995716095,1.94188159704208,176.418018996716,18.2530913352966,0,0,0,0,0,0,0,0,0,0,1118.6837271601,0,0,0,0,0,0,0,0,0,0,0,0,0,0,0,0,0,0,0,0,0,0,0,0,0,0,2752.01951394975,116.982545077801,5.86848072707653,7.53005594015121,535.141999334097,0,0,0,966.359376758337,0,0,0,0
0,0,0,0,0,0,0,0,0,0,0,0,0,0,0,0,0,0,0,0,0,0,0,0,0,0,0,0,0,0,0,741.488843500614,0,21.4481218457222,36.4917091727257,0,697.925348222256,0,0,0,0.959722325205803,0,0,0,0,0,0,534.756132751703,0.861127585172653,0,0,0,0,0,0,0,0,0,0,0,0,0,0,0,0,0,0,0,0,0,0,0,0,0,782.726078271866,5335.53867644072,4.310391664505,200.972366333008,0,1602.28763225675,0,0,125.009653747082,0,0,0,0
0,0,0,0,0,0,0,0,0,0,0,0,0,0,0,0,0,0,0,0,0,0,0,0,0,0,0,0,0,0,0,7.63716995716095,21.4481218457222,0,1225.52016636729,665.344309926033,0,222.508318841457,0.361077308654785,0,0,0,0,0,0,0,0,1844.44777312875,0,3.44648078083992,0,0,0,0,0,0,0,0,0,0,0,0,0,0,0,0,0,0,0,0,0,0,0,0,126.741992041469,39.3400799632072,1220.04793736339,278.639039635658,152.810406669974,0,302.258954077959,0.479091167449951,1357.94854402542,90.6453544199467,0.384461224079132,0,0
0,0,0,0,0,0,0,0,0,0,0,0,0,0,0,0,0,0,0,0,0,0.229605227708817,0,0,0,0,0,0,0,0,0,1.94188159704208,36.4917091727257,1225.52016636729,0,0,866.739791736007,0.58854752779007,286.410137176514,0,0,0,0,0,0,0,0,5207.35891099274,0.437622964382172,6.51713086664677,0,0,0,0,0,0,0,0,0,0,0,0,0,0,0,0,0,0,0,0,0,0,0,0,8.35275375843048,572.713174507022,661.903263151646,3865.75072565675,0,340.706353858113,0,332.541058704257,162.82144254446,99.7006123661995,0.284934014081955,0,0
0,0,0,18.2006178200245,0,7.97610701620579,0,0,0,0,0,324.913880541921,0,0,0,0,4.05891232192516,1.25352127850056,36.6491871699691,1807.69370824099,0,0,0,0,0,0,0,0,0,0,0,176.418018996716,0,665.344309926033,0,0,263.250726222992,1162.08495935053,0,8.35613609105349,0,68.5838801339269,0.156374201178551,0.190410226583481,0,241.898062966764,0,295.834845632315,3.75813746452332,56.3420347645879,0,0,0,0,0,0,0,6.51275692880154,0,0,0,0,1557.90970832855,0,0,0,0,0,0,0,0,0,7.57579021155834,0,9.61761650443077,0,144.188740134239,0,15440.3541226834,68.9879198074341,1744.74619467556,0,1885.89661561698,0,209.82384519279,12.1829546019435,0
2.43522342294455,0,2.94677586853504,0,0.64585679769516,0,0,0,0,0,196.670684784651,0,0,0,0,0,5.49459704756737,0.600110605359077,18.6926784738898,0,550.244221165776,0,0,0,0,0,0,0,0,0,0,18.2530913352966,697.925348222256,0,866.739791736007,263.250726222992,0,0.477117240428925,941.451790414751,0.153196468949318,44.7642677873373,2.4989760518074,128.496842220426,0,0.348923832178116,0,116.491710186005,117.710176706314,166.11805871129,3.63908907771111,0.204418152570724,0,0,0,0,0,47.3118389993906,0.125104054808617,0,0,0,0,0.107991777360439,484.15087454021,0,0,0,0,0,0,0,0,0.384122595191002,15.0385934710503,0,5.0104805380106,0,588.713389843702,0,16934.9251913354,0,1366.09059341252,3040.6474308148,25.3596317917109,364.11734739691,0.278062790632248,6.61098922044039
0.7396320104599,12.9572052657604,0,3.28005861490965,0,0.866627752780914,0,0,0.752721548080444,55.0785600244999,0,812.458062291145,0,0,0,0,2.56369539350271,2.872249096632,43.7992537394166,581.056980505586,0,1046.95714253187,0,437.876507729292,0,0,0,29.6469650268555,0,346.266650795937,0,0,0,222.508318841457,0.58854752779007,1162.08495935053,0.477117240428925,0,208.076079845428,4.67842750996351,0,106.775865457952,0.848976299166679,2.41266451776028,0,66.3366468027234,0,1055.60307634622,0,200.487800717354,0,0,0,0,0,77.5526574105024,0,90.5103395581245,0,0,0,0,297.59984754771,0,229.955762818456,0,806.763592764735,0,1.33021222054958,0,0.468698292970657,0,435.82650360465,0,0,0,6.88807606697083,0,813.565980359912,0.21853993833065,17144.6321966127,29.4582081586123,2697.30487304926,495.413755297661,213.744803950191,59.5660110935569,0
3.10628559440374,0,0.885315552353859,0,0.172365263104439,0,0,0,29.3680925071239,0,647.12427829206,0,0,0,0,0,0.346026197075844,0.445087015628815,4.36640271544456,0,14.7479611486197,0.776219129562378,309.392660468817,0,422.619484916329,0,0,0,52.9608811438084,0,562.867428094149,0,0,0.361077308654785,286.410137176514,0,941.451790414751,208.076079845428,0,0,0.476490020751953,0,135.641921028495,0,0,0,5.06064373254776,1223.23349234462,411.671520382166,2.39302884042263,0,0,0,0,30.0160292387009,0,226.87144446373,0,0,0,0,0,0,23.0061701610684,0.314673125743866,348.425624504685,2.30447444319725,486.716930925846,0.15353961288929,0,0,328.580817520618,0,205.004382222891,0,0,0,65.0115889161825,0,744.217800833285,23.0602523237467,20390.840692468,5257.2667073682,191.237129226327,136.79434889555,0,5.34319218993187
0,0,0,9.4044101536274,0,4.85223494470119,0,0,0,0,0,0,0,0,0,0,18.5321490615606,15.5039714276791,269.565995581448,0,0,0,0,0,1.13734257221222,0,0,0,0,0,0,0,0,0,0,8.35613609105349,0.153196468949318,4.67842750996351,0,0,1.40754020214081,1062.59008233994,13.781643524766,5.73933732509613,0,207.416463792324,0.2188560962677,39.258457839489,0.331554472446442,304.780664034188,0,0,0,0,0,0,0,8.68606670945883,0,0,0,0,60.0841569602489,1.69974052160978,0,0,0,0,0,0,0,0,16.5371990650892,0.306929394602776,0,0,0,0,430.290136232972,3.0980456545949,56.0007656440139,0.56170591711998,367.428089566529,0,560.292321681976,44.6697304546833,0.32300728559494
3.73992471396923,0,0.378783285617828,0,0.884891659021378,0,0,0,0,0,0,0,0,0,0,0,18.9294028282166,11.3443352431059,171.370250597596,0,2.09652236104012,0,0,0,0,0,0,0,0,0,0,0,0.959722325205803,0,0,0,44.7642677873373,0,0.476490020751953,1.40754020214081,0,6.34913858771324,510.27071133256,0.15898884832859,2.1466756016016,0,82.6899495571852,75.5581604540348,293.340546384454,2.11749815940857,1.49356520175934,0,0,0,0,0,11.956949993968,0,0,0,0,0,1.39606799185276,194.488204389811,0,0,0,0,0,0,0,0,0,12.263465039432,0,14.7483386695385,0,0,1.77157847583294,557.570188365877,0.872504487633705,67.6018883138895,74.8140920773149,0,318.04081839323,2.05033399164677,28.3814543634653
0,16.9039175063372,0.176562860608101,99.7303387895226,0,85.5160563141108,0,0,3.2735720872879,13.6113004237413,0,0,0,0,0,0,74.3728676959872,104.455733120441,1744.88960941881,1.04744005203247,0,0,0,3.18677635490894,0,0,0,0,0,0,0,0,0,0,0,68.5838801339269,2.4989760518074,106.775865457952,0,1062.59008233994,6.34913858771324,0,269.030777931213,5.30298672616482,0,64.659862190485,5.23153886198997,103.532540172338,1.11408121883869,464.351458922029,0,0,0,0,0,0,1.67598214745522,455.602375499904,0,0,0,0,289.566505737603,6.85915944725275,0,0,0.218077346682549,0,0,0,0,0,1037.85237957537,2.29093170166016,0,0,0,0,1960.36303668469,30.7067374736071,1166.96558631957,9.21312393248081,2368.95678956807,1.23339277505875,3482.31191217899,1900.22726519406,8.02231373637915
21.1170374453068,0,51.8111269623041,1.02868223190308,16.7264670729637,0,0,0,12.692678168416,0,0,0,0,0,0,0,167.564693436027,28.2212396711111,1301.62670558691,0,1.89404904842377,0,0,0,1.53103622794151,0,0,0,0,0,0,0,0,0,0,0.156374201178551,128.496842220426,0.848976299166679,135.641921028495,13.781643524766,510.27071133256,269.030777931213,0,2.59329053014517,31.1052184551954,4.35050690174103,171.393404819071,70.520305454731,344.394925937057,1.62378014624119,7.34307043254375,0,0,0,0,0,878.431766793132,0.744415774941444,0,0,0,0,3.46479994058609,628.265598252416,0,0,0,0,0,0,0,13.1636599004269,4.28717625886202,728.285693451762,0,0,0,0.326856553554535,17.4523970633745,2135.34958646446,2.62202996760607,899.45341540128,1358.57770920545,1.72472420334816,4106.79569932818,21.9467174112797,1179.70719392598
0,0,0,0,0,0,0,0,0,0,0,0,0,0,0,0,5.47593158483505,0.675316154956818,55.009915843606,0,0,0,0,0,0,0,0,0,0,0,0,0,0,0,0,0.190410226583481,0,2.41266451776028,0,5.73933732509613,0.15898884832859,5.30298672616482,2.59329053014517,0,0,0,0,0,0.16509947180748,0,0,0,0,0,0,0,0,0,0,0,0,0,0.654180586338043,0.15714305639267,0,0,0,0,0,0,0,0,4.7232831120491,0,0,0,0,0,11.1553362756968,0.577776774764061,29.1842190921307,1.0403219461441,34.9453170001507,0,32.7041943147779,2.52436043322086,0
0,0,0,0,0,0,0,0,0,0,0,0,0,0,0,0,1.6928977817297,0,9.42822657525539,0,0,0,0,0,0,0,0,0,0,0,0,0,0,0,0,0,0.348923832178116,0,0,0,2.1466756016016,0,31.1052184551954,0,0,0,1.06795847415924,0,0,0,0,0,0,0,0,0,0,0,0,0,0,0,0,3.18876929581165,0,0,0,0,0,0,0,0,0,0,0,0,0,0,0,21.429832726717,0.114582218229771,3.24834135174751,3.19061218202114,0,21.871473044157,0,0
0,0,0,2.52851903438568,0,19.8475638777018,0,0,0,0,0,0,0,0,0,0,0,0,3.37079438567162,9.82284367084503,0,0,0,0,0,0,0,0,0,0,0,0,0,0,0,241.898062966764,0,66.3366468027234,0,207.416463792324,0,64.659862190485,4.35050690174103,0,0,0,0,15.7254684716463,2.22945308685303,126.799591243267,0,0.536821842193604,0,0,0,0,0,118.457257866859,0,0,0,0,2006.31478963792,0,0,0,0,0,0,0,0,0,240.455622658134,0,0,0,0,0,1163.44355399907,0.13062059879303,608.595097638667,0,78.3679083511233,0,335.894767947495,0.469095781445503,0
3.64852139353752,0,129.888258785009,0,1.89361406862736,0,0,0,0.242062896490097,0,0,0,0,0,0,0,12.604326620698,3.33598564565182,97.5016359984875,0,2.48542213439941,0,0,0,0,0,0,0,0,0,0,0,0,0,0,0,116.491710186005,0,5.06064373254776,0.2188560962677,82.6899495571852,5.23153886198997,171.393404819071,0,1.06795847415924,0,0,1.48681733757257,19.1747480481863,0,0.994480900466442,0,0,0,0,0,8.00371386855841,0,0,0,0,0,0.547078102827072,112.107543118298,0,0,0,0,0,0,0,0,0.410721957683563,47.516352981329,0,0,0,0,0.387510910630226,503.753639802337,0,422.370171152055,126.797097437084,0,286.380694404244,1.62902764230967,8.4833280518651
41.6892040669918,0,10.0407234281301,2.94581153988838,0.490405648946762,3.83784335851669,0,0,21.7132403254509,0.679705739021301,0,0,0,0,0,0,0,0,2.80181460082531,0,1.62205505371094,41.3203511238098,0.659411609172821,0.492184698581696,1.08713279664516,0,0,0,0,0,0,1118.6837271601,534.756132751703,1844.44777312875,5207.35891099274,295.834845632315,117.710176706314,1055.60307634622,1223.23349234462,39.258457839489,75.5581604540348,103.532540172338,70.520305454731,0,0,15.7254684716463,1.48681733757257,0,507.131608441472,1391.01988078654,0,0.506744265556335,0,0,0,0,19.9304585754871,1.16107524931431,0,0,0,0,1.53492370247841,4.05584797263145,3.55043613910675,0,49.1582261174917,2.01051704585552,0.549618363380432,0,0,0,0.908807814121246,0.405328631401062,1093.64199115336,1022.87089806795,846.952346086502,2436.61813378334,997.908450961113,89.4065349251032,108.880928397179,121.734783276916,751.806958287954,16.7762904763222,863.873153544962,0.917620614171028,2.28151953220367
466.131485804915,0,7.16658478975296,0,2.32583047449589,0,0,0,6.61216719448566,0,0,0,0,0,0,0,0,0,0.426563084125519,0,0.774814814329147,0,319.932097107172,0,3.84848675131798,0,0,0,0,0,0,0,0.861127585172653,0,0.437622964382172,3.75813746452332,166.11805871129,0,411.671520382166,0.331554472446442,293.340546384454,1.11408121883869,344.394925937057,0.16509947180748,0,2.22945308685303,19.1747480481863,507.131608441472,0,62.6260324418545,5.09428310394287,0,0,0,8.53791558742523,0,24.0487033799291,0.248562209308147,0,0,115.368898391724,0,0,117.595896266401,0,98.0604802370071,0,51.0341939628124,0,26.6370113492012,0,0,0.151054814457893,22.1960621327162,0,4.00504992902279,0,29.9854343682528,28.7521692737937,279.864811010659,0,136.198736511171,102.349223338068,0,703.046640343964,0,1.37679992616177
0,378.809761658311,0,188.675872251391,0,13.7285698056221,0,0,0,1.04061961174011,0,0,0,0,0,0,0,0.13908064365387,7.79270842671394,0,0,16.3497791141272,0,1.03747947514057,0,0,0,0,0,0,0,0,0,3.44648078083992,6.51713086664677,56.3420347645879,3.63908907771111,200.487800717354,2.39302884042263,304.780664034188,2.11749815940857,464.351458922029,1.62378014624119,0,0,126.799591243267,0,1391.01988078654,62.6260324418545,0,0,0,0,0,0,3.44792599976063,0.373223021626472,88.6187816262245,0,7.77752989530563,0,2.56709671020508,15.8921701014042,2.03733545541763,3.06983196735382,0,38.6325703263283,0,22.4646061956882,0,137.962303936481,0,138.277443125844,0,0,0,2.83584430813789,2.26381224393845,377.654418736696,0,298.147749863565,0.488466024398804,176.541864261031,0,1171.93618294597,12.4185209572315,0
0,0,138.676888048649,0,37.6040866822004,0,0.525172710418701,0,0,0,0,0,0,0,0,0,0,0,0.216212272644043,0,51.6719147861004,0,0,0,0,0,0,0,0,0,0,0,0,0,0,0,0.204418152570724,0,0,0,1.49356520175934,0,7.34307043254375,0,0,0,0.994480900466442,0,5.09428310394287,0,0,0,0,0,30.4942435026169,0,73.8648048937321,0,8.4760240316391,0,70.6553688049316,0,0,184.911546885967,0,0,0,0,0,0,0,0,0,6.14215786755085,0,0,0,0,0,2.13898906856775,0,6.53051675856113,0.941477432847023,0,81.8304594382644,0,0.346831500530243
0,0,0,188.248501941562,0,123.370418399572,0,149.079295039177,0,0,0,0,0,1,0,0,0,0,0,0,0,0,0,0,0,0,0,0,0,0,0,0,0,0,0,0,0,0,0,0,0,0,0,0,0,0.536821842193604,0,0.506744265556335,0,0,0,0,0,77.8350336551666,0,0,0,19.4860212802887,0,27.0566238164902,0,15.5175009965897,46.2406423985958,0,0,0,0,0,0,0,0,0,0.39481246471405,0,0,0,0,0,0,0,0.172818660736084,0,31.8950728774071,0,89.1411248594522,0,0
0,0,0,0,0.374880224466324,0,223.922989994287,0,0,0,161.338290572166,0,0,0,0,0,0,0,0,0,136.433722242713,0,0,0,0,0,0,0,0,0,0,0,0,0,0,0,0,0,0,0,0,0,0,0,0,0,0,0,0,0,0,0,0,0,0,0,156.185199469328,0,23.5396177470684,0,0,0,0,1.23567306995392,0,0,0,0,0,0,0,0,0,0,0,0,0,0,0,0,0,0,60.3640916645527,0,0,0,0
0,0,0,0,0,3.21287906169891,0,340.685597300529,0,0,0,28.3170547038317,0,11.3163816928864,0,0,0,0,0,0,0,0,0,0,0,0,0,0,0,0,0,0,0,0,0,0,0,0,0,0,0,0,0,0,0,0,0,0,0,0,0,77.8350336551666,0,0,0,0,0,24.4134728312492,0,5.91881257295609,0,0,0,0,0,0,0,0,0,0,0,0,0,0,0,0,0,0,0,0,0,0,0,0,0,0,0
125.778914839029,0,18.3974387347698,0,1.23036503791809,0,0,0,742.616591349244,0,0,0,0,0,6.43191862106323,0,298.388837233186,11.4961171746254,14.635220259428,0,0,0,0,0,139.093716651201,0,77.6299929618835,0,0,0,0,0,0,0,0,0,0,0,30.0160292387009,0,0,0,0,0,0,0,0,0,8.53791558742523,0,30.4942435026169,0,0,0,0,0,0,0,0,0,296.604959219694,0,0,0,0,0,0,236.781295999885,0,3.97870966792107,0,0,0,0,0,0,0,0,0,0,0,150.918857067823,191.863534525037,0,21.8763546049595,0,0.849693655967712
0,251.328691825271,0,45.0832480043173,0,12.0741798877716,0,0,0,358.89729142189,0,0,0,0,0,30.0429295301437,0,0,0,0,0,0,0,208.282833069563,0,1.81767690181732,0,0,0,0,0,0,0,0,0,0,0,77.5526574105024,0,0,0,0,0,0,0,0,0,0,0,3.44792599976063,0,0,0,0,0,0,0,0,0,0,0,31.251291424036,0,0,0,0,176.679683923721,0,4.8873892724514,0,0,0,0,0,0,0,0,0,0,0,86.2036964893341,0,65.0761522352695,0,1.0525561273098,0,0
26.062274903059,0,46.9780459403992,0,2.91984194517136,0,12.3303396701813,0,0,0,2957.00151214004,0,11.2895655035973,0,0,0,1.10006292164326,0,5.98915974795818,0,241.286874040961,0,0,0,0,0,0,0,0,0,6.23675835132599,0,0,0,0,0,47.3118389993906,0,226.87144446373,0,11.956949993968,1.67598214745522,878.431766793132,0,0,0,8.00371386855841,19.9304585754871,24.0487033799291,0.373223021626472,73.8648048937321,0,156.185199469328,0,0,0,0,0.250449873507023,89.6606560349464,0,0.943428874015808,0,0,721.784771256149,0,0,0,0,0,0,0,105.612568706274,0,754.29002033174,0,0,0,0,0.131978005170822,22.2371412217617,0.236169055104256,25.2872386574745,237.976028032601,0,878.703553006053,0.321299619972706,85.3427327871323
0,13.2964731305838,0,89.9205174148083,0,6.2208381742239,0,91.0565587729216,0,0.438996702432632,0,3723.45876941085,0,319.146826684475,0,0,1.02867544442415,0.115104898810387,40.2485367357731,16.2469644248486,0,0,0,0,0,0,0,0,0,76.543481528759,0,0,0,0,0,6.51275692880154,0.125104054808617,90.5103395581245,0,8.68606670945883,0,455.602375499904,0.744415774941444,0,0,118.457257866859,0,1.16107524931431,0.248562209308147,88.6187816262245,0,19.4860212802887,0,24.4134728312492,0,0,0.250449873507023,0,0,54.7312273681164,0,1.99330332875252,1063.30104937404,0,0,0,0,0,0,0,16.1431636810303,0,276.805693894625,0.122508436441422,0,0,0,0,44.898943528533,0.221727110445499,14.6285242438316,0.424239337444305,234.621898919344,0,700.769437611103,54.9071198254824,0.774737194180489
0,0,0,0,6.92394056916237,0,9.94837200641632,0,0,0,76.0356993228197,0,207.510327279568,0,31.4668290019035,0,0,0,0,0,0,0,0,0,0,0,0,0,0,0,0,0,0,0,0,0,0,0,0,0,0,0,0,0,0,0,0,0,0,0,8.4760240316391,0,23.5396177470684,0,0,0,89.6606560349464,0,0,0,50.8398993611336,0,0,0,0,0,0,0,0,2.79906266927719,0,150.780310958624,0,0,0,0,0,0,0,0,0,0,21.2720391154289,0,0.241267874836922,0,0
0,0,0,51.498088568449,0,0,0,76.4419002532959,0,0,0,16.0344368815422,0,459.931800723076,0,6.4724395275116,0,0,0,0,0,0,0,0,0,0,0,118.991879463196,0,0,0,0,0,0,0,0,0,0,0,0,0,0,0,0,0,0,0,0,0,7.77752989530563,0,27.0566238164902,0,5.91881257295609,0,0,0,54.7312273681164,0,0,0,94.3557238578796,0,0,0,0,0,0,0,0,338.943287014961,0,0,0,0,0,0,0,0,0,0,0,27.3046545982361,3.53221368789673,4.48237097263336,0,0
34.2511655241251,0,86.2177509069443,0,78.2354646921158,0,0,0,192.35972866416,0,0,0,25.5034947395325,0,54.9368197321892,0,130.933043271303,13.505400210619,4.17543238401413,0,0,0,0,0,0,0,11.3539692163467,0,0,0,0,0,0,0,0,0,0,0,0,0,0,0,0,0,0,0,0,0,115.368898391724,0,70.6553688049316,0,0,0,296.604959219694,0,0.943428874015808,0,50.8398993611336,0,0,0,0,0,0,0,0,69.8267286419868,0,73.6773392558098,0,1.8938265144825,0,0,0,0,0,0,0,0,0,0,56.3065459132195,0,0,0,0
0,0.846658557653427,0,5.8288548886776,0,0,0,0,0,2.0568710565567,0,0,0,0,0,183.869724959135,3.04103350639343,3.7375340461731,0.510605692863464,0,0,0,0,71.6016535460949,0,5.82372502982616,0,0,0,0,0,0,0,0,0,0,0,0,0,0,0,0,0,0,0,0,0,0,0,2.56709671020508,0,15.5175009965897,0,0,0,31.251291424036,0,1.99330332875252,0,94.3557238578796,0,0,0,0,0,0,12.0794880390167,0,142.541551113129,0,0,0,0,0,0,0,0,0,0,0,0,0,79.1125036776066,0,1.06358882784843,0,0
0,2.11588829755783,0,3.24944922327995,0,164.861739233136,0,0,0,1.96557199954987,0,325.926880925894,0,0,0,0,9.21977077424526,12.3407832831144,64.6739859879017,1205.47669407725,0,0,0,0,0,0,0,0,0,0,0,0,0,0,0,1557.90970832855,0.107991777360439,297.59984754771,0,60.0841569602489,1.39606799185276,289.566505737603,3.46479994058609,0.654180586338043,0,2006.31478963792,0.547078102827072,1.53492370247841,0,15.8921701014042,0,46.2406423985958,0,0,0,0,0,1063.30104937404,0,0,0,0,0,0,0,0,0,0,0,0,0,0,446.894532874227,0,0,0,0,0,2845.53511737287,5.25364641845226,587.160594284534,0.203211709856987,430.666055843234,0,863.510654367507,29.6709150671959,0
0.258160322904587,0,8.52922812104225,0,111.855815351009,0,2.36735545098782,0,0.423729062080383,0,1.70040918886662,0,0,0,0,0,10.1360419243574,5.31234368681908,82.570558860898,0,1081.69940628856,0,0,0,0,0,0,0,0,0,0,0,0,0,0,0,484.15087454021,0,23.0061701610684,1.69974052160978,194.488204389811,6.85915944725275,628.265598252416,0.15714305639267,3.18876929581165,0,112.107543118298,4.05584797263145,117.595896266401,2.03733545541763,184.911546885967,0,1.23567306995392,0,0,0,721.784771256149,0,0,0,0,0,0,0,0,0,0,0,0,0,0,2.77612859010696,0,863.848907016218,0,0,0,0,1.62504183501005,1873.53946339339,0.22708435356617,1649.3273121044,311.717013090849,42.0525593161583,897.11858484149,2.2300560772419,40.4108991026878
0,0,0,0,0,0,0,0,0,0,0,0,0,0,0,0,0,8.39377975463867,0,0,0,6666.4688744396,0,63.4185867011547,0,6.33451819419861,0,51.6274019032717,0,0,0,0,0,0,0,0,0,229.955762818456,0.314673125743866,0,0,0,0,0,0,0,0,3.55043613910675,0,3.06983196735382,0,0,0,0,0,0,0,0,0,0,0,0,0,0,0,0,94.704423815012,0,221.558253407478,0,349.009677931666,0,0,0,0,0,0,0,0,0,56.2154364585876,0,195.952921941876,3.53820943832397,0.6950453966856,0,0
0,0,0,0,0,0,0,0,0,0,0,0,0,0,0,0,0,0,0,0,0,1.74558329582214,8203.00288558006,0,86.1966311335564,0,0,0,54.7318812608719,0,0,0,0,0,0,0,0,0,348.425624504685,0,0,0,0,0,0,0,0,0,98.0604802370071,0,0,0,0,0,0,0,0,0,0,0,0,0,0,0,0,0,0,18.138235360384,0,71.1979584693909,0,177.87881603837,0,0,0,0,0,0,0,0,0,230.398267030716,567.374605968595,13.4119114875793,0,0,0
0,18.9998459815979,0,0.152582570910454,0,0,0,0,0,43.1102522164583,0,0,0,0,0,0,0,64.1267303824425,3.63023954629898,0,0,293.682227015495,0,1299.60631367564,0,7.12352007627487,0,0,0,0,0,0,0,0,0,0,0,806.763592764735,2.30447444319725,0,0,0.218077346682549,0,0,0,0,0,49.1582261174917,0,38.6325703263283,0,0,0,0,0,176.679683923721,0,0,0,0,0,12.0794880390167,0,0,94.704423815012,0,0,0,38.3672232627869,0,0,0,0,0,0,0,0,0,0,0,486.690676942468,0.222080498933792,182.276866301894,0,234.593170389533,0,0
0,0,0,0,0,0,0,0,71.2032777070999,0,0,0,0,0,0,0,0.601979434490204,0,0,0,0,0,40.4465382695198,0,839.05519144237,0,0,0,0,0,0,0,0,0,0,0,0,0,486.716930925846,0,0,0,0,0,0,0,0,2.01051704585552,51.0341939628124,0,0,0,0,0,236.781295999885,0,0,0,0,0,69.8267286419868,0,0,0,0,18.138235360384,0,0,0,306.127375334501,0,0,0,0,0,0,0,0,0,0,0,507.599498331547,150.788231179118,0,43.5628356039524,0,0
0,0.341371774673462,0,0,0,0,0,0,0,83.5663289129734,0,0,0,0,0,40.6335173547268,0,1,0,0,0,161.659976989031,0,331.954360172153,0,508.809927329421,0,16.3989986032248,0,0,0,0,0,0,0,0,0,1.33021222054958,0.15353961288929,0,0,0,0,0,0,0,0,0.549618363380432,0,22.4646061956882,0,0,0,0,0,4.8873892724514,0,0,0,0,0,142.541551113129,0,0,221.558253407478,0,38.3672232627869,0,0,0,168.249863997102,0,0,0,0,0,0,0,0,0,5.6693037301302,0,18.9726268202066,0,0,0,0
0,0,0,0,0,0,0,0,0,0,0,0,0,0,0,0,21.386665225029,4.69847857952118,0,0,0,0,141.123484611511,0,279.97625797987,0,83.8602452874184,0,5.1759580373764,0,0,0,0,0,0,0,0,0,0,0,0,0,0,0,0,0,0,0,26.6370113492012,0,0,0,0,0,3.97870966792107,0,0,0,2.79906266927719,0,73.6773392558098,0,0,0,0,71.1979584693909,0,306.127375334501,0,0,0,65.2681166529655,0,0,0,0,0,0,0,0,0,0,12.7271113991737,0,0,0,0
0,6.85848212242126,0,0,0,0,0,0,0,0,0,0,0,0,0,1.22240537405014,0,0,0,0,0,368.576055213809,0,0,0,108.526523649693,0,2567.80023288727,0,293.64125354588,0,0,0,0,0,0,0,0.468698292970657,0,0,0,0,0,0,0,0,0,0,0,137.962303936481,0,0,0,0,0,0,0,16.1431636810303,0,338.943287014961,0,0,0,0,349.009677931666,0,0,0,168.249863997102,0,0,0,52.5337954610586,0,0,0,0,0,0,0,24.1472795903683,0,6.95297610759735,0,15.177497625351,0,0
0.314074277877808,0,0,0,0,0,0,0,0,0,0,0,1,0,0,0,0,0,0,0,0,0,85.6024996340275,0,0,0,9.45380973815918,0,701.525405079126,0,5,0,0,0,0,0,0,0,328.580817520618,0,0,0,13.1636599004269,0,0,0,0,0,0,0,0,0,0,0,0,0,105.612568706274,0,150.780310958624,0,1.8938265144825,0,0,2.77612859010696,0,177.87881603837,0,0,0,65.2681166529655,0,0,0,38.9992182254791,0,0,0,0,0,0,0,0,60.1790584921837,2,6.27456641197205,0,0
0,0,0,53.323727786541,0,17.9346641004086,0,0,0,0.406418144702911,0,641.65552008152,0,0,0,0,2.2389410585165,2.29127691686153,210.155428402126,21.4548213481903,0,0,0,0,0,0,0,123.313061803579,0,823.177607238293,0,0,0,0,0,7.57579021155834,0.384122595191002,435.82650360465,0,16.5371990650892,0,1037.85237957537,4.28717625886202,4.7232831120491,0,240.455622658134,0.410721957683563,0.908807814121246,0.151054814457893,138.277443125844,0,0.39481246471405,0,0,0,0,0,276.805693894625,0,0,0,0,446.894532874227,0,0,0,0,0,0,0,52.5337954610586,0,0,0,0,0,0,0,60.2915411293507,0.261596262454987,192.312298551202,0,253.35753121227,0,833.698801539838,216.644135937095,0.338966384530067
0.784478172659874,0,3.35718208551407,0,12.7287601530552,0,0,0,0,0,232.552454799414,0,0,0,0,0,1.91680935025215,1.04833238571882,37.2580642551184,0,154.04949451983,0,0,0,0,0,0,0,0,0,478.849086225033,0,0,0,0,0,15.0385934710503,0,205.004382222891,0.306929394602776,12.263465039432,2.29093170166016,728.285693451762,0,0,0,47.516352981329,0.405328631401062,22.1960621327162,0,6.14215786755085,0,0,0,0,0,754.29002033174,0.122508436441422,0,0,0,0,0,863.848907016218,0,0,0,0,0,0,0,38.9992182254791,0,0,0,0,0,0,0,54.5234328880906,0,120.879293605685,71.1509108394384,0,1384.82214872539,0.482909247279167,71.0280979573727
0,0,0,0,0,0,0,0,0,0,0,0,0,0,0,0,0,0,0,0,0,0,0,0,0,0,0,0,0,0,0,2752.01951394975,782.726078271866,126.741992041469,8.35275375843048,9.61761650443077,0,0,0,0,0,0,0,0,0,0,0,1093.64199115336,0,0,0,0,0,0,0,0,0,0,0,0,0,0,0,0,0,0,0,0,0,0,0,0,0,0,0,76.4707176089287,160.675058215857,1.51962941884995,154.777345389128,0,0,0,1115.88584904373,0,0,0,0
0,0,0,0,0,0,0,0,0,0,0,0,0,0,0,0,0,0,0,0,0,0,0,0,0,0,0,0,0,0,0,116.982545077801,5335.53867644072,39.3400799632072,572.713174507022,0,5.0104805380106,0,0,0,14.7483386695385,0,0,0,0,0,0,1022.87089806795,4.00504992902279,0,0,0,0,0,0,0,0,0,0,0,0,0,0,0,0,0,0,0,0,0,0,0,0,0,76.4707176089287,0,0,191.149822548032,0,674.704326048493,0,0,8.86203822493553,0,0,0,0
0,0,0,0,0,0,0,0,0,0,0,0,0,0,0,0,0,0,0,0,0,0,0,0,0,0,0,0,0,0,0,5.86848072707653,4.310391664505,1220.04793736339,661.903263151646,144.188740134239,0,6.88807606697083,0,0,0,0,0,0,0,0,0,846.952346086502,0,2.83584430813789,0,0,0,0,0,0,0,0,0,0,0,0,0,0,0,0,0,0,0,0,0,0,0,0,160.675058215857,0,0,66.5959559679031,149.80994284153,0,124.653768524528,0,778.84828004241,25.6480992734432,0.616412460803986,0,0
0,0,0,0,0,0,0,0,0,0,0,0,0,0,0,0,0,0,0,0,0,0,0,0,0,0,0,0,0,0,0,7.53005594015121,200.972366333008,278.639039635658,3865.75072565675,0,588.713389843702,0,65.0115889161825,0,0,0,0.326856553554535,0,0,0,0,2436.61813378334,29.9854343682528,2.26381224393845,0,0,0,0,0,0,0,0,0,0,0,0,0,0,0,0,0,0,0,0,0,0,0,0,1.51962941884995,191.149822548032,66.5959559679031,0,0,1079.50188940763,0,719.175414770842,74.9847577661276,31.1433281898499,7.51839360594749,0,0
