0,0,0.00697582151345562,0,0,0,0,0,0.0683295902220429,0,0,0,0,0,0.00865041021739385,0,0,0,0.0017930766344671,0,0,0,0,0,0.00319507428901345,0,0,0,0,0,0,0,0,0,0,0,0,0,0,0,0,0,0.00246939921977615,0,0,0,0,0,0.00494312636978606,0,0,0,0,0,0.0571761356474291,0,0,0,0,0,0.00825078449727955,0,0,0,0,0,0,0,0,0,0,0,0,0,0,0,0,0,0,0,0,0,0.00209853353821813,0,0.00381607662766433,0,0.00755005473122762
0,0,0,0.0201736960801394,0,0,0,0,0,0.0265587097068549,0,3.44479111262551e-05,0,0,0,0.00118279226271633,0,0,0.00018102686157601,0,0,0,0,0.0324878619834076,0,0.000108049888587216,0,0,0,0,0,0,0,0,0,0,0,0.000161626254323333,0,0,0,0.00370307011388053,0,0,0,0,0,0,0,0.0171231400767368,0,0,0,0,0,0.0151675494824086,0,0.00031367181627664,0,0.000729278255933859,0,0,0,0,0,0,0.00203273371782259,0,0,0,0,0,0,0,0,0,0,0,0,0,1.37238659199258e-05,0,0.00115827710850638,0,0.00703661888644185,0.00297097932297657,0
0.00697582151345562,0,0,0,0.000372535017370773,0,0,0,0.0258084468866703,0,0,0,0,0,0,0,0,0,0.000147953286278691,0,0,0,0,0,0,0,0,0,0,0,0,0,0,0,0,0,0,0,0,0,0,0,1.46111257623853e-05,0,0,0,0,0,0.00412678890776852,0,0.0132433753646933,0,0,0,0.0521846495622679,0,0.000340182682582803,0,0.000161668849076625,0,0.00109426194183551,0,0,0,0,0,0,0,0,0,0,0,0,0,0,0,0,0,0,0,0,0,0.000297292457870651,0,0.0286046783854403,0,0
0,0.0201736960801394,0,0,0,0,0,0,0,0.0143057852294077,0,0,0,0,0,0.0120364327514899,0,0,0.000997095672483519,0,0,0,0,0,0,0,0,0,0,0,0,0,0,0,0,0,0,0,0,0,0,0.000568523252817597,0,0,0,0.005576408219233,0,0,0,0.00908191515082909,0,0.00290892277711026,0,0,0,0.00514693445028741,0,0.000467236819550262,0,0.000431200604391492,0,0.00198205187792413,0.0030909487603998,0,0,0,0,0,0,0,0,0,0,0,0,0,0,0,0,0,0,0,0.00030141623722812,0,0.0474449672379061,0,0
0,0,0.000372535017370773,0,0,0,0,0,0.00426176478817872,0,0,0,0,0,0.000257300911471248,0,0,0,0,0,0.00110492396082132,0,0,0,0,0,0,0,0,0,0,0,0,0,0,0,0,0,0,0,0,0,0,0,0,0,0,0,0,0,0.0748412229651895,0,0.00065269468772361,0,0.02025487816652,0,0,0,0,0,0.000593466206478573,0,0,0,0,0,0,0,0,0,0,0,0,0,0,0,0,0,0,0,0,0,0,0,0.00255410584990738,0,0
0,0,0,0,0,0,0,0,0,0.0141043191972337,0,0,0,0,0,0,0,0,0,0.00266843298162848,0,0,0,0,0,0,0,0,0,0,0,0,0,0,0,0,0,0,0,0,0,0,0,0,0,0,0,0,0,0,0,0.0660279446661838,0,0,0,0.000683483491733707,0,0,0,0.00320932826844148,0,0.00067513325981444,0.00253429472237822,0,0,0,0,0,0,0,0,0,0,0,0,0,0,0,0,0,0,0,0.00273400459358813,9.11498772633599e-05,5.76364558947844e-05,0,0
0,0,0,0,0,0,0,0,0,0,0,0,0,0,0,0,0,0,0,0,0.00505537042736144,0,0,0,0,0,0,0,0,0,0,0,0,0,0,0,0,0,0,0,0,0,0,0,0,0,0,0,0,0,0,0,0.0545163584420104,0,0,0,0,0,0,0,0,0,0,0.0031478070330216,0,0,0,0,0,0,0,0,0,0,0,0,0,0,0,0,0,0,0.000174724870416823,0,0,0,0
0,0,0,0,0,0,0,0,0,0,0,0,0,0,0,0,0,0,0,0.000371011533791335,0,0,0,0,0,0,0,0,0,0,0,0,0,0,0,0,0,0,0,0,0,0,0,0,0,0,0,0,0,0,0,0,0,0.0538998649650671,0,0,0,0.0165480021580833,0,0.000265846880915424,0,0,0,0,0,0,0,0,0,0,0,0,0,0,0,0,0,0,0,0,0,0,0.00187956893201303,5.96547680871045e-05,0,0,0
0.0683295902220429,0,0.0258084468866703,0,0.00426176478817872,0,0,0,0,0,0,0,0,0,0.00470875857127734,0,0.000387118661838797,0,0.00134309588612016,0,0,0,0,0,0.00860225736498459,0,0,0,0,0,0,0,0,0,0,0,0,0,0.00042395764003825,0,0,0,0.00913829376849361,0,0,0,0,0,0.000210982122126512,0,0.0161853698658716,0,0,0,0.0829305781131198,0,0,0,0,0,0.035462361337247,0,0,0,0,0,0,0.0155365534422738,0,0,0,0,0,0,0,0,0,0,0,0,0,0,0.00192654648906249,0.000228295081500929,0.00274534504956535,0,0.000639525366757652
0,0.0265587097068549,0,0.0143057852294077,0,0.0141043191972337,0,0,0,0,0,4.36759789108686e-05,0,0,0,0.0254457239102405,0.000157476770345991,0.0158334299072851,0.00371729452995304,0,0,0,0,0.04119361694631,0,0.00589025196181226,0,0,0,0,0,0,0,0,0,0,0,6.42145049571734e-05,0,0,0,0.00524907822237978,0,0,0,0,0,0,0,0.000846718380233669,0,0.000501110934413732,0,0,0,0.0946551251029596,0,7.81492659375606e-05,0,8.79152197732381e-05,0,0.0050002795577118,0,0,0,0,0.0215687289567001,0,0.00099729588691152,0,0,0,0,0,0,0,0,0,0,0,0,0,0.00501848961670192,4.52796421769354e-05,0.00151821779290293,0.000224179068778565,0
0,0,0,0,0,0,0,0,0,0,0,0,0.00574495502121004,0,0,0,0,0,0,0,0.0796815076552746,0,0,0,0,0,0,0,0.0179825989613506,0,0.00579457142577609,0,0,0,0,0,0.00401780645645526,0,0.00828567093342686,0,0,0,0,0,0,0,0,0,0,0,0,0,0,0,0,0,0.131145121598552,0,0.00281511717837024,0,0,0,0,0.010509361133706,0,0,0,0,0,0,0,0.0106190716795627,0,0.00041507646207092,0,0,0,0,0,0.00173476958162307,0,0.00349482662353181,0.00193515482247973,0.00171757045458444,0,0,0
0,3.44479111262551e-05,0,0,0,0,0,0,0,4.36759789108686e-05,0,0,0,0.0054390574629076,0,0,0,0,0,0.0402306491442809,0,0,0,0,0,0,0,0.00476206596364667,0,0.00587533633289833,0,0,0,0,0,0.00240217417917056,0,0.00582150938548557,0,0,0,0,0,0,0,0,0,0,0,0,0,0,0,0,0,3.72616293493888e-05,0,0.116441065435774,0,0.00679277471800802,0,0,0.0143116049215401,0,0,0,0,0,0,0,0.00189089360538022,0,0.00377415901746792,0,0,0,0,0,1.02077695373292e-05,0,0.00160122527598891,0,0.00346384852720591,0.0014300619467001,0.000764439511753237,0,0
0,0,0,0,0,0,0,0,0,0,0.00574495502121004,0,0,0,0.00341458501479441,0,0,0,0,0,0,0,0,0,0,0,0.00270388437821682,0,0,0,0,0,0,0,0,0,0,0,0,0,0,0,0,0,0,0,0,0,0,0,0,0,0,0,0,0,0.0161386168102451,0,0.128586309089208,0,0.00720039484700465,0,0,0,0,0,0,0,0,0,0,0.000193178957358427,0,0,0,0,0,0,0,0,0,0,0.000192472021243417,0.000148816510891919,0,0,0
0,0,0,0,0,0,0,0,0,0,0,0.0054390574629076,0,0,0,0,0,0,0,0,0,0,0,0,0,0,0,0.000209394905299034,0,8.4759597623078e-05,0,0,0,0,0,0,0,0,0,0,0,0,0,0,0,0,0,0,0,0,0,0,0,0,0,0,0,0.00502844257529087,0,0.104791408719035,0,0,0,0,0,0,0,0,0,0,0.00253880905144603,0,0,0,0,0,0,0,0,0,0,0,0.00139276218383758,0.00263298430840557,0,0,0
0.00865041021739385,0,0,0,0.000257300911471248,0,0,0,0.00470875857127734,0,0,0,0.00341458501479441,0,0,0,0.00633287892018234,0,0,0,0,0,0,0,0,0,0.00785021777153481,0,0,0,0,0,0,0,0,0,0,0,0,0,0,0,0,0,0,0,0,0,0,0,0,0,0,0,0.00502750428494925,0,0,0,0.00610394274291882,0,0.142753775932796,0,0,0,0,0,0,0,0,0.00750604412027693,0,0,0,0,0,0,0,0,0,0,0,0,0.00177109627439936,0,0,0,0
0,0.00118279226271633,0,0.0120364327514899,0,0,0,0,0,0.0254457239102405,0,0,0,0,0,0,0,0.0019461398602193,0,0,0,0,0,0.0081400515618244,0,0.0194474284701966,0,0,0,0,0,0,0,0,0,0,0,0,0,0,0,0,0,0,0,0,0,0,0,0.00338251657575268,0,0.000783827827083132,0,0,0,0.0242105421736914,0,0,0,0.00842381913031325,0,0.214195634576998,0,0,0,0,0.00025911543257497,0,0.0104858625333691,0,0,0,0,0,0,0,0,0,0,0,0,0,0.000882311292208372,0.000194528870580177,0,0,0
0,0,0,0,0,0,0,0,0.000387118661838797,0.000157476770345991,0,0,0,0,0.00633287892018234,0,0,0.0797568337086534,0.0487989244603274,0,0,0.001192831238417,0.0031999277250501,0.00218928075270472,0.000387656013531134,0.00288285762057081,0.00463152948062223,6.45607398284196e-05,0.00012927059302546,0,0,0,0,0,0,0,0,0,0,0,0,0,0.000220616550790012,0,1.31309854775678e-05,0,0,0,0,0,0,0,0,0,0,0,0,0,0,0,0.00579931067895347,0,0,0,0.000278983295344838,0.000647741623789349,1.51527392361474e-05,0,0.00116975428553653,0.000183202439331741,1.59602814254087e-05,0.00011070100547652,0,0,0,0,0,0,0,0,0,0,0.0175871959220774,0.000264474633021021,0,0,2.61434933288059e-05
0,0,0,0,0,0,0,0,0,0.0158334299072851,0,0,0,0,0,0.0019461398602193,0.0797568337086534,0,0.0966825187265682,0,0,0.0107391323215174,0.000259459017795154,0.00341130640361494,0,0.0122014890954089,0.000253328634466092,0.00351876835788855,0,0,0,0,0,0,0,0,0,0,0,0,0,0.000276248147091804,0,9.18898569911045e-05,0,0,0,0,0,0,0,0,0,0,0,0.000121543357946886,0,0,0,0,0,0,0,0,0.0036948884740167,0,0.000182066385610096,0,0.00526706594718817,0,0.000456533832194579,0,0,0,0,0,0,0,0,0,0,0,0.0280503359232073,0.000856599778477519,6.18227562906932e-05,3.28485924554924e-05,0
0.0017930766344671,0.00018102686157601,0.000147953286278691,0.000997095672483519,0,0,0,0,0.00134309588612016,0.00371729452995304,0,0,0,0,0,0,0.0487989244603274,0.0966825187265682,0,0,0,0,0,0.000141339874577408,0.00041153633914884,0,0,0,0,0,0,0,0,0,0,0,0,0,0,0,0,0.0697802742303215,0.0880844851051505,0.0616816915810175,0.0878511312663725,0.00563866921369513,0,0,0,0,0,0,0,0,0.000108596761327223,0,0,0,0,0,0,0,0,9.31934156697049e-06,0,0,0,0.000207146836438292,0,0,0,0,0,1.59224078469418e-05,0,0,0,0,0,0,0,3.88245441260726e-05,0.0283415067551098,0,0.0535266556263349,0.00304241209122655,0.00648949516378076
0,0,0,0,0,0.00266843298162848,0,0.000371011533791335,0,0,0,0.0402306491442809,0,0,0,0,0,0,0,0,0,0,0,0,0,0,0,0,0,0,0,0,0,0,0,0.00604858424488651,0,0.00759936151818603,0,0,0,0,0,0,0,0,0,0,0,0,0,0,0,0,0,0,0,0.00188310598159012,0,0,0,0,0.0671684328127887,0,0,0,0,0,0,0,0,0,0.000208003085590944,0,0,0,0,0,0.007249369354172,0,0.00430101914150276,0,0.0011097526277667,0,0.00124031503437921,0,0
0,0,0,0,0.00110492396082132,0,0.00505537042736144,0,0,0,0.0796815076552746,0,0,0,0,0,0,0,0,0,0,0,0,0,0,0,0,0,0,0,0,0,3.26286745051339e-05,0,0,0,0.00628932399747132,0,0.00383664937212618,0,0,0,0,0,0,0,0,0,0,0,0.00259528594131374,0,0,0,0,0,0.0152349234428328,0,0,0,0,0,0,0.033397293819906,0,0,0,0,0,0,0,0,0,0.000884393876088678,4.43449907866706e-05,0,0,0,0,0.0163836457891417,0,0.00688740417489334,0.00199714716048689,9.87683523549016e-06,7.39463541211995e-05,0,0
0,0,0,0,0,0,0,0,0,0,0,0,0,0,0,0,0.001192831238417,0.0107391323215174,0,0,0,0,0.0507958845138361,0.000310703380726339,0.000355763751089048,0.00392177753450306,0.000256293514789085,0.00533565670079331,0,0,0,0,0,0,0,0,0,0.0103449741169633,8.17817634718443e-06,0,0,0,0,0,0,0,0,0,0,0.00355772573935222,0,0,0,0,0,0,0,0,0,0,0,0,0,0,0.165206742050998,0.00663189726016398,2.17280561758616e-05,4.12259217069273e-05,0.00437842173777158,0.000140993028648601,0.00213666955838549,0,0,0,0,0,0,0,0,0,0.0115353683388909,0.00114836957811574,0.00971377356825619,0.00117806261207253,0,0,0
0,0,0,0,0,0,0,0,0,0,0,0,0,0,0,0,0.0031999277250501,0.000259459017795154,0,0,0,0.0507958845138361,0,1.68207961666719e-05,0.00225999927159679,0.000186331407851633,0.0114071216323142,7.34445884375401e-06,0,0,0,0,0,0,0,0,0,3.88557875702642e-05,0.00509976637547458,0,0,0,0,0,0,0,0,0,0.000185420382340103,0,0,0,0,0,0,0,0,0,0,0,0,0,0,0,0.00987063858949107,0.193904835593246,0,0.00360902323071765,5.12024218871418e-05,0.000649883893941745,1.94771619326527e-05,0.000338204473932258,0,0,0,0,0,0,0,0,0,0.00122519312767979,0.00904986572330376,0.00226617630948291,0,0,0
0,0.0324878619834076,0,0,0,0,0,0,0,0.04119361694631,0,0,0,0,0,0.0081400515618244,0.00218928075270472,0.00341130640361494,0.000141339874577408,0,0,0.000310703380726339,1.68207961666719e-05,0,0,0.024869923985985,0,7.16971663312152e-05,0,0,0,0,0,0,0,0,0,0,0,0,0,0.000170625737821129,0,0,0,0,0,0,0,0,0,0,0,0,0,0.0334141233319823,0,0,0,0,0,0,0,0,0.000895409190718039,0,0.0315749608167018,0,0.0070691125930245,0,0.000229111005071721,0,0,0,0,0,0,0,0,0,0,0,0.000624003841054096,4.74233207424785e-05,0,0,0
0.00319507428901345,0,0,0,0,0,0,0,0.00860225736498459,0,0,0,0,0,0,0,0.000387656013531134,0,0.00041153633914884,0,0,0.000355763751089048,0.00225999927159679,0,0,0,0.029663599022073,0,0,0,0,0,0,0,0,0,0,0,0.00184534205193004,0,0,0,0.00131612066420943,0,0,0,0,0,0.000285417021745067,0,0,0,0,0,0.00387996754611382,0,0,0,0,0,0,0,0,0,0,0.00365749856661845,0,0.0847096362201102,0,0,0,0,0,0,0,0,0,0,0,0,0,0.0021047236397698,0.00215112255785029,0.000232736433458171,0.0014899005686439,0,0.000688778770850475
0,0.000108049888587216,0,0,0,0,0,0,0,0.00589025196181226,0,0,0,0,0,0.0194474284701966,0.00288285762057081,0.0122014890954089,0,0,0,0.00392177753450306,0.000186331407851633,0.024869923985985,0,0,0.00028804863001883,0.00687781780778386,0,0,0,0,0,0,0,0,0,0,0,0,0,0,0,0,0,0,0,0,0,0,0,0,0,0,0,0.00066938853508326,0,0,0,0,0,0.00361604923887163,0,0,0.0111644211888652,0,0.0112717654900442,0,0.100557513978072,0,0.00665505610463101,0,0,0,0,0,0,0,0,0,0,0,0.00174302685301893,0.000169854571932548,0,0,0
0,0,0,0,0,0,0,0,0,0,0,0,0.00270388437821682,0,0.00785021777153481,0,0.00463152948062223,0.000253328634466092,0,0,0,0.000256293514789085,0.0114071216323142,0,0.029663599022073,0.00028804863001883,0,0,0.0154503198584198,0,0,0,0,0,0,0,0,0,0,0,0,0,0,0,0,0,0,0,0,0,0,0,0,0,0,0,0,0,0,0,0.00290402288111683,0,0,0,0,0.00369895959086048,0,0.000707692497452533,3.3585725645326e-05,0.139811522169174,0,0.00421348364383734,0,0,0,0,0,0,0,0,0,0,0.00121190013513086,0.000149983492042013,0,0,0
0,0,0,0,0,0,0,0,0,0,0,0.00476206596364667,0,0.000209394905299034,0,0,6.45607398284196e-05,0.00351876835788855,0,0,0,0.00533565670079331,7.34445884375401e-06,7.16971663312152e-05,0,0.00687781780778386,0,0,0,0.0515333952445384,0,0,0,0,0,0,0,0.000181556088493591,0,0,0,0,0,0,0,0,0,0,0,0,0,0,0,0,0,0,0,4.49538976053997e-05,0,0.00411597569341755,0,0,0,0,0.00199759835389435,0,0.000207204889307779,0,0.00310000994603797,0,0.0847539842813121,0,0.00850031196561389,0,0,0,0,0,0,0,0.00490975427045355,0,0.00244779318053078,0.0005359623640954,0,0,0
0,0,0,0,0,0,0,0,0,0,0.0179825989613506,0,0,0,0,0,0.00012927059302546,0,0,0,0,0,0,0,0,0,0.0154503198584198,0,0,0,0.0165929366407459,0,0,0,0,0,0,0,0.000360667587408344,0,0,0,0,0,0,0,0,0,0,0,0,0,0,0,0,0,0.00571342367707361,0,0.000300644060907566,0,0.000547621500154007,0,0,0,0,0.00198095813124559,0,0,0,0.00419696614646417,0,0.144165678544335,0,0.0147414817016079,0,0,0,0,0,0,0,0.00172088829975412,0.00199304581192748,0.000299524256340134,0,0,0
0,0,0,0,0,0,0,0,0,0,0,0.00587533633289833,0,8.4759597623078e-05,0,0,0,0,0,0,0,0,0,0,0,0,0,0.0515333952445384,0,0,0,0,0,0,0,0,0,0.00432554592659251,0,0,0,0,0,0,0,0,0,0,0,0,0,0,0,0,0,0,0,0.00468213553902203,0,0,0,0,0,0,0,0,0,0,0,0,0.00627813800096631,0,0.157204975760359,0,0,0,0,0,0,0,0.000872261485349374,0,0.000799338600323661,0.000652168725578678,0,0,0
0,0,0,0,0,0,0,0,0,0,0.00579457142577609,0,0,0,0,0,0,0,0,0,0,0,0,0,0,0,0,0,0.0165929366407459,0,0,0,0,0,0,0,0,0,0.00231542486993836,0,0,0,0,0,0,0,0,0,0,0,0,0,0,0,0,0,0.00219410776144675,0,0,0,0,0,0,0,0,0,0,0,0,0,0,0.0121176054920528,0,0.0752980001453283,0,0,0,0,0,0,0,0.00781819017017369,0.00120437279380736,0.000933693791338519,0,0,0
0,0,0,0,0,0,0,0,0,0,0,0,0,0,0,0,0,0,0,0,0,0,0,0,0,0,0,0,0,0,0,0,0.309806611700115,0.00395518037187143,0.00269308385737835,0.00758075386715537,0.00813578602190589,6.18361076807627e-05,5.13159947417091e-05,0.000215156719458733,0.000111765559954182,0.00100715383166195,0.000258440040269791,0,0,0.000218922951105007,0.000281833117404155,0.120561028832429,0.000493702552630736,0.000454033374665671,0,0,0,0,0,0,0,0,0,0,0,0,7.59446848992446e-06,0.000258987918723745,0,0,0,0,0,0,0,0,0,0,0.100141432530186,0.17700045560648,0.0103367850394094,0.00353958190730034,0.00708574347086057,0.00734761640810643,4.95803555593771e-05,0.000169340698781873,0.00157566240671824,0,0.00142867978439313,0,0
0,0,0,0,0,0,0,0,0,0,0,0,0,0,0,0,0,0,0,0,3.26286745051339e-05,0,0,0,0,0,0,0,0,0,0,0.309806611700115,0,0.00246506249590939,0.0229636398305705,0.00524066231880605,0.00654173892957245,0,0.00155065961289266,5.13191011991877e-05,0.000143338278037199,0.000547280616495182,0.000844021505828647,0,0,4.69114067723317e-05,0.00111974727874538,0.0514009700893644,3.98831790702065e-05,5.17761204546045e-05,0,0,0,0,0,0,0,0,0,0,0,0,5.35582329186192e-05,0.00123131038058512,0,0,0,0,0,0,0,0,0,0,0.0799801242157168,0.263529132335942,0.00376324324142298,0.0152918572894357,0.00183882679719632,0.0162427696552124,0,0.00127687861361009,0.00193820206583493,0,0.0011673909610377,0,0
0,0,0,0,0,0,0,0,0,0,0,0,0,0,0,0,0,0,0,0,0,0,0,0,0,0,0,0,0,0,0,0.00395518037187143,0.00246506249590939,0,0.122867270665154,0.00750186988060121,0.00418682925915922,0.0102230233133787,0.0052697699226355,0,0,0.00127637334279043,0,0,0,0,0,0.114547739822072,0.000187095612779206,0.00183533488898933,0,0,0,0,0,0,0,0,0,0,0,0,9.72181538210653e-05,0,0,0,0,0,0,0,0,0,0,0,0.0306309050610055,0.00204332517846138,0.14713210767829,0.0921200741617039,0.00222126440645232,0.000433952005450155,0.00341865488555731,0.00717102548681661,0.00127121719967869,0,0.0011558171176927,0,0
0,0,0,0,0,0,0,0,0,0,0,0,0,0,0,0,0,0,0,0,0,0,0,0,0,0,0,0,0,0,0,0.00269308385737835,0.0229636398305705,0.122867270665154,0,0.000164947200873172,0.0024749641153888,0.000677501062560515,0.0032805135690095,8.32563268966034e-05,0,0.000163927797969447,0.00138091195378397,0,0,0,0.00236849117629298,0.0823597182856063,0.000136325694738891,0.000913248699337964,0,0,0,0,0,0,0,0,0,0,0,0,0,0.000204124819394713,0,0,0,0,0,0,0,0,0,0,0.000326486184758507,0.0171188782939768,0.0954763847565039,0.0351919249710239,0.00275138255706908,0.003333782031884,0.000535870888007314,0.0166467216994267,0.000630946634873262,0,0.0015171588691676,0,0.000265146143985422
0,0,0,0,0,0,0,0,0,0,0,0.00240217417917056,0,0,0,0,0,0,0,0.00604858424488651,0,0,0,0,0,0,0,0,0,0,0,0.00758075386715537,0.00524066231880605,0.00750186988060121,0.000164947200873172,0,0.0373380772351656,0.0282850491026781,0.000237616619722116,0.000145995502207119,3.86049946068077e-05,3.24728401159019e-05,0,0,0,0.000179993847295422,0,0.00529599958199447,0.00053680665044364,0.000400586842377753,0,0,0,0,0,0,0,0,0,0,0,0,0.000781922824210632,0,0,0,0,0,0,0,0,0,0,0,0.0102675499516988,0.00242124579970252,0.0021221513173661,0,0.180965582400194,0.0158169670121208,0.0061560635233908,1.25158752039684e-05,0.0223564240111043,0.00768325522000554,0.00144467098285158,0,0
0,0,0,0,0,0,0,0,0,0,0.00401780645645526,0,0,0,0,0,0,0,0,0,0.00628932399747132,0,0,0,0,0,0,0,0,0,0,0.00813578602190589,0.00654173892957245,0.00418682925915922,0.0024749641153888,0.0373380772351656,0,8.55504044835104e-06,0.0597068304392264,6.5845588059897e-05,0.000394793781694023,0,5.97008820955452e-05,0,0,0,0.000290827135794334,0.0061973847985824,0.000884653337211846,4.58416913653589e-05,0,0,0,0,0,0,0.00183926758904792,0,0,0,0,0,0,0.00606941471912439,0,0,0,0,0,0,0,0,0,0,0.00105446824158694,0.00547829020608885,0.000793647987226741,3.33995237434719e-05,0.00572913003183942,0.159238732363577,0,0.0310786491300709,0.0204160332856116,0.00882783612481061,0.00122017324781424,0,0
0,0.000161626254323333,0,0,0,0,0,0,0,6.42145049571734e-05,0,0.00582150938548557,0,0,0,0,0,0,0,0.00759936151818603,0,0.0103449741169633,3.88557875702642e-05,0,0,0,0,0.000181556088493591,0,0.00432554592659251,0,6.18361076807627e-05,0,0.0102230233133787,0.000677501062560515,0.0282850491026781,8.55504044835104e-06,0,0.0100452850119003,0,0,0.00446374943406685,0,0,0,0,0,0.00742649302371797,0,0.00732788942141456,0,0,0,0,0,1.96916000335509e-05,0,3.95477976843713e-05,0,0,0,0,0.000734531254933193,0,0.00996834809249336,0,2.86895058720991e-05,0,0,0,0.000628266480004317,0,0.00149170340975036,0,0.00075281862600141,0,0.00158027936769253,0.00084632627656302,0.0100597518548042,2.30052769042096e-06,0.123952281540428,0.00133883926301643,0.0160419126180196,0.0168683702631594,0.00956438419249616,1.07987837240879e-05,0
0,0,0,0,0,0,0,0,0.00042395764003825,0,0.00828567093342686,0,0,0,0,0,0,0,0,0,0.00383664937212618,8.17817634718443e-06,0.00509976637547458,0,0.00184534205193004,0,0,0,0.000360667587408344,0,0.00231542486993836,5.13159947417091e-05,0.00155065961289266,0.0052697699226355,0.0032805135690095,0.000237616619722116,0.0597068304392264,0.0100452850119003,0,0,0,0,0.000915403605985781,0,0,0,0,0.00684022426766877,0.00194126199576874,0.00181413566990366,0,0,0,0,0,0,0.00166616181586754,0,0,0,0,0,0,0.000162060923228872,0,0.00256351551623382,0,0.000122392026198475,0,0,0,0.00140078762504964,0,0.000496742912970695,0.000295220253918413,0.00185317547216186,0.000297647346152912,0.000239317887099656,1.42926580308507e-05,0.00888499717505974,0.0044252830447973,0.119411814440067,0.0103788868297098,0.0178608595539418,0.00311399929874646,0,4.12441156003875e-05
0,0,0,0,0,0,0,0,0,0,0,0,0,0,0,0,0,0,0,0,0,0,0,0,0,0,0,0,0,0,0,0.000215156719458733,5.13191011991877e-05,0,8.32563268966034e-05,0.000145995502207119,6.5845588059897e-05,0,0,0,4.45132168013715e-05,0.044706622898853,0.000107860942048852,0,0,0.00923243577563364,8.75606049471408e-05,0.00649525668036261,0.00148416195386323,0.0463434192004038,0,0,0,0,0,0,0,0,0,0,0,0,0.000109066266726431,0,0,0,0,0,0,0,0,0,0.000322616337170601,0,0.000300696009772453,0.000490173726709644,2.56034422222252e-05,0.000400996911386486,0.00660215051541995,0.000256611324044742,0.00102546839919179,2.28983288755027e-05,0.000155204841716953,0,0.0709341781825248,0.00185894077316208,3.44723374947611e-05
0,0,0,0,0,0,0,0,0,0,0,0,0,0,0,0,0,0,0,0,0,0,0,0,0,0,0,0,0,0,0,0.000111765559954182,0.000143338278037199,0,0,3.86049946068077e-05,0.000394793781694023,0,0,4.45132168013715e-05,0,3.6386825285143e-05,0.0386286500970956,0,0,0,0.0662393790067699,0.00251688445877514,0.0347108876542278,1.81353139775825e-05,0,0,0,0,0,0,0,0,0,0,0,0,0,0.0189514176507298,0,0,0,0,0,0,0,0,0,0.000126647759913801,5.43373960687607e-05,0.000267316768062537,0,0,3.13198426497908e-05,0.0066147036512985,0,0.00490358719748605,9.36999960464299e-05,0,0.0255775115685068,0,0
0,0.00370307011388053,0,0.000568523252817597,0,0,0,0,0,0.00524907822237978,0,0,0,0,0,0,0,0.000276248147091804,0.0697802742303215,0,0,0,0,0.000170625737821129,0,0,0,0,0,0,0,0.00100715383166195,0.000547280616495182,0.00127637334279043,0.000163927797969447,3.24728401159019e-05,0,0.00446374943406685,0,0.044706622898853,3.6386825285143e-05,0,0.00931413538468433,0.0399512913637692,0,0.00951072322962063,9.12969414114499e-05,0.00286857387646022,4.45833833064319e-05,0.0225560691149661,0,0,0,0,0,0.0016604993834731,0,0.00151901311574725,0,0,0,0,0.0056476988710184,2.81300105236158e-05,0,0,0,0,0,0,0,0,0.000932858735487731,0,0.000921731211997513,0.000561557457401607,0.000272703996569586,0.000437488073793449,0.00971524346277295,0.000337799717670196,0.00657508992987474,0.000128865828082025,0.00489151982268559,2.16876544432501e-05,0.121094279821516,0.087124689769728,0
0.00246939921977615,0,1.46111257623853e-05,0,0,0,0,0,0.00913829376849361,0,0,0,0,0,0,0,0.000220616550790012,0,0.0880844851051505,0,0,0,0,0,0.00131612066420943,0,0,0,0,0,0,0.000258440040269791,0.000844021505828647,0,0.00138091195378397,0,5.97008820955452e-05,0,0.000915403605985781,0.000107860942048852,0.0386286500970956,0.00931413538468433,0,2.2375617851015e-05,0.0376259193104181,4.41755217302293e-05,0.0241435365633781,0.00169003102734241,0.0202648714719545,0.000582006037471692,0,0,0,0,0.00748653578964812,0,0.00110799649706634,0,0,0,0,0,0.00013497349535213,0.00240858902225183,0,0,0,3.46292306789044e-05,0,0,0,0,0,0.00179294949972802,0.000359900479547709,0.000746659836145843,0.000847444663357287,0.000303943966345088,0.000714142536425064,0.0189579518557821,0.00100145766084905,0.00783634607272539,0.00568995685816842,4.82627482419369e-06,0.100178572019083,1.10219301779476e-05,0.0549005249011428
0,0,0,0,0,0,0,0,0,0,0,0,0,0,0,0,0,9.18898569911045e-05,0.0616816915810175,0,0,0,0,0,0,0,0,0,0,0,0,0,0,0,0,0,0,0,0,0,0,0.0399512913637692,2.2375617851015e-05,0,0,0.00805154002376759,0,0,0,0,0,0,0,0,0,0,0,0,0,0,0,0,0,0,0,0,0,0,0,0,0,0,0,0,0,0,0,0,8.35164405956949e-06,0,0,0,0.000433708566375926,0,0.0322493137030493,0.000958457107585131,0
0,0,0,0,0,0,0,0,0,0,0,0,0,0,0,0,1.31309854775678e-05,0,0.0878511312663725,0,0,0,0,0,0,0,0,0,0,0,0,0,0,0,0,0,0,0,0,0,0,0,0.0376259193104181,0,0,0,0,0,0,0,0,0,0,0,0,0,0,0,0,0,0,0,0,0,0,0,0,0,0,0,0,0,0,0,0,0,0,0,0,0,0,1.54958660135146e-05,0.000307004139287469,9.25699837863228e-06,0.0184444535824496,0,0.0068936272734294
0,0,0,0.005576408219233,0,0,0,0,0,0,0,0,0,0,0,0,0,0,0.00563866921369513,0,0,0,0,0,0,0,0,0,0,0,0,0.000218922951105007,4.69114067723317e-05,0,0,0.000179993847295422,0,0,0,0.00923243577563364,0,0.00951072322962063,4.41755217302293e-05,0.00805154002376759,0,0,5.38766050059745e-06,0.000440326105541559,0.000114464112672551,0.000725755457760823,0,0,0,0,0,0,0,0,0,0,0,0,0.0507357934650856,0,0,0,0,0,0,0,0,0,0,0,0.000325732449495726,0.000268531906509497,0,0.000291855934557593,0.00285449294390973,6.76090403984834e-05,0.000494735074341568,0,0.000394749777358845,4.98991729122004e-06,0.0867047678692304,0,2.03922669561353e-05
0,0,0,0,0,0,0,0,0,0,0,0,0,0,0,0,0,0,0,0,0,0,0,0,0,0,0,0,0,0,0,0.000281833117404155,0.00111974727874538,0,0.00236849117629298,0,0.000290827135794334,0,0,8.75606049471408e-05,0.0662393790067699,9.12969414114499e-05,0.0241435365633781,0,0,5.38766050059745e-06,0,0.00108317381017821,0.0101313074409134,0,0,0,0,0,0,0,0,0,0,0,0,0,4.07652236139036e-05,0.036453435478103,0,0,0,0,0,0,0,0,0,0.000102917560173985,0.000172377211347501,0.000879921337650711,0,0.000392430795126005,0.00039376470121644,0.0105128456944745,8.63365569699656e-06,0.00144059990117902,8.46197530301423e-05,0,0.0574772522370122,1.81467872687261e-05,0
0,0,0,0,0,0,0,0,0,0,0,0,0,0,0,0,0,0,0,0,0,0,0,0,0,0,0,0,0,0,0,0.120561028832429,0.0514009700893644,0.114547739822072,0.0823597182856063,0.00529599958199447,0.0061973847985824,0.00742649302371797,0.00684022426766877,0.00649525668036261,0.00251688445877514,0.00286857387646022,0.00169003102734241,0,0,0.000440326105541559,0.00108317381017821,0,0.0458669255019199,0.0489326303656408,0,0,0,0,0,0,0,0,0,0,0,0,1.94753994603959e-05,0.000816126203838028,0,0,0,0,0,0,0,0,4.41636837192469e-05,0,0.0397519350839855,0.0455966832958672,0.0176223456811618,0.0364535629216009,0.00543240920957442,0.00632431588255593,0.00139495451922198,0.0199856318751428,0.000615800908268281,2.39854403353776e-05,0.0206880801706454,0,2.60500554901465e-05
0.00494312636978606,0,0.00412678890776852,0,0,0,0,0,0.000210982122126512,0,0,0,0,0,0,0,0,0,0,0,0,0,0.000185420382340103,0,0.000285417021745067,0,0,0,0,0,0,0.000493702552630736,3.98831790702065e-05,0.000187095612779206,0.000136325694738891,0.00053680665044364,0.000884653337211846,0,0.00194126199576874,0.00148416195386323,0.0347108876542278,4.45833833064319e-05,0.0202648714719545,0,0,0.000114464112672551,0.0101313074409134,0.0458669255019199,0,0.0035571275212317,0,0,0,0,0.00537758799208463,0,0.00512561277737368,0,0.00234474624287194,0,0.010178808912813,0,0,0.000309218664720115,0,0.00831440309679611,0,0.00431731423420203,0,0.0100120077673867,0,0.0114859441972122,0,0.011843928061958,5.30578066667328e-06,0.00068785496822772,0,0.000121330362783278,0.000519434497777792,0.00291539898347186,0,0.00628775503792288,0.00132552953807395,8.46626002559779e-06,0.0483342011493224,0,0.00109108839603377
0,0.0171231400767368,0,0.00908191515082909,0,0,0,0,0,0.000846718380233669,0,0,0,0,0,0.00338251657575268,0,0,0,0,0,0.00355772573935222,0,0,0,0,0,0,0,0,0,0.000454033374665671,5.17761204546045e-05,0.00183533488898933,0.000913248699337964,0.000400586842377753,4.58416913653589e-05,0.00732788942141456,0.00181413566990366,0.0463434192004038,1.81353139775825e-05,0.0225560691149661,0.000582006037471692,0,0,0.000725755457760823,0,0.0489326303656408,0.0035571275212317,0,0,0,0,0,0,0.000864060340189672,0,0.00326095562454866,0,0.00124062266248006,0,0.000528497863958938,0.000589076735474133,0,0.00953890717378098,0,0.000972226002331951,0,0.00552871932867876,0,0.0180763815894478,0,0.00490764577324949,0,0.000453011972306244,5.36522715716601e-05,0.000466197250185492,0,0.00551408715960344,0.000313813577580511,0.00811812418148441,7.1582441557446e-05,0.00179323059255009,3.81702521443831e-05,0.0537129771652645,0,9.52935366038015e-05
0,0,0.0132433753646933,0,0.0748412229651895,0,0,0,0.0161853698658716,0,0,0,0,0,0,0,0,0,0,0,0.00259528594131374,0,0,0,0,0,0,0,0,0,0,0,0,0,0,0,0,0,0,0,0,0,0,0,0,0,0,0,0,0,0,0,0,0,0.00692343739881616,0,0.0130958120517846,0,0.00575128898342745,0,0.00578653772910372,0,0,0.00690329552843352,0,0,0,0,0,0,0,0,0,0,0,0,0,0,0,0,0,0,0,0,0.0115667927514392,0,0
0,0,0,0.00290892277711026,0,0.0660279446661838,0,0,0,0.000501110934413732,0,0,0,0,0,0.000783827827083132,0,0,0,0,0,0,0,0,0,0,0,0,0,0,0,0,0,0,0,0,0,0,0,0,0,0,0,0,0,0,0,0,0,0,0,0,0,0,0,0.0236716764325958,0,0.000612741329187316,0,0.00205665232733927,0,0,0,0,0,0,0,0,0,0,0,0,0,0,0,0,0,0,0,0,0,0,0.00122822843130611,0,0.000742244459943887,0,0
0,0,0,0,0.00065269468772361,0,0.0545163584420104,0,0,0,0,0,0,0,0,0,0,0,0,0,0,0,0,0,0,0,0,0,0,0,0,0,0,0,0,0,0,0,0,0,0,0,0,0,0,0,0,0,0,0,0,0,0,0,0,0,0.00241352247230207,0,0,0,0,0,0,0,0,0,0,0,0,0,0,0,0,0,0,0,0,0,0,0,0,0,0.000807803941367944,0,0,0,0
0,0,0,0,0,0,0,0.0538998649650671,0,0,0,0,0,0,0,0,0,0,0,0,0,0,0,0,0,0,0,0,0,0,0,0,0,0,0,0,0,0,0,0,0,0,0,0,0,0,0,0,0,0,0,0,0,0,0,0,0,0,0,0.000654877040049651,0,0,0,0,0,0,0,0,0,0,0,0,0,0,0,0,0,0,0,0,0,0,0.000370627230271534,0,0,0,0
0.0571761356474291,0,0.0521846495622679,0,0.02025487816652,0,0,0,0.0829305781131198,0,0,0,0,0,0.00502750428494925,0,0,0,0.000108596761327223,0,0,0,0,0,0.00387996754611382,0,0,0,0,0,0,0,0,0,0,0,0,0,0,0,0,0,0.00748653578964812,0,0,0,0,0,0.00537758799208463,0,0.00692343739881616,0,0,0,0,0,0,0,0,0,0.0294186255048702,0,0,0,0,0,0,0.00727753060341382,0,0,0,0,0,0,0,0,0,0,0,0,0,0,0.000491530043560103,8.19438207431274e-05,0.000462833095479624,0,0
0,0.0151675494824086,0,0.00514693445028741,0,0.000683483491733707,0,0,0,0.0946551251029596,0,3.72616293493888e-05,0,0,0,0.0242105421736914,0,0.000121543357946886,0,0,0,0,0,0.0334141233319823,0,0.00066938853508326,0,0,0,0,0,0,0,0,0,0,0,1.96916000335509e-05,0,0,0,0.0016604993834731,0,0,0,0,0,0,0,0.000864060340189672,0,0.0236716764325958,0,0,0,0,0,0,0,0.000372009562460252,0,0.00164429026326713,0,0,0,0,0.0192673752975142,0,0,0,0,0,0,0,0,0,0,0,0,0,4.30880825939253e-06,0,0.000179888489301894,0,0.00232985286302681,0,0
0,0,0.000340182682582803,0,0,0,0,0,0,0,0.131145121598552,0,0.0161386168102451,0,0,0,0,0,0,0,0.0152349234428328,0,0,0,0,0,0,0,0.00571342367707361,0,0.00219410776144675,0,0,0,0,0,0.00183926758904792,0,0.00166616181586754,0,0,0,0.00110799649706634,0,0,0,0,0,0.00512561277737368,0,0.0130958120517846,0,0.00241352247230207,0,0,0,0,0,0.00282727596167993,0,3.17894421984046e-05,0,0,0.0138118980519133,0,0,0,0,0,0,0,0.000424642088869727,0,0.00626124077161787,0,0,0,0,0,0.000342386784481063,0,0.00108506579323438,0.000847800631715895,0.00166036184285986,0.0340538946414452,0,0
0,0.00031367181627664,0,0.000467236819550262,0,0,0,0.0165480021580833,0,7.81492659375606e-05,0,0.116441065435774,0,0.00502844257529087,0,0,0,0,0,0.00188310598159012,0,0,0,0,0,0,0,4.49538976053997e-05,0,0.00468213553902203,0,0,0,0,0,0,0,3.95477976843713e-05,0,0,0,0.00151901311574725,0,0,0,0,0,0,0,0.00326095562454866,0,0.000612741329187316,0,0,0,0,0,0,0,0.0221574486684982,0,0,0.0353854518637974,0,0,0,0,0,0,0,0,0,0.0457578991893063,0,0,0,0,0,0,0,6.84103297068333e-05,0,0.00181481129200987,0.000514951308434432,0.00767676215691126,0,0
0,0,0.000161668849076625,0,0,0,0,0,0,0,0.00281511717837024,0,0.128586309089208,0,0.00610394274291882,0,0,0,0,0,0,0,0,0,0,0,0,0,0.000300644060907566,0,0,0,0,0,0,0,0,0,0,0,0,0,0,0,0,0,0,0,0.00234474624287194,0,0.00575128898342745,0,0,0,0,0,0.00282727596167993,0,0,0,0.0268875646946087,0,0,0,0,0,0,0,0,0,0,0.0056455659635828,0,0,0,0,0,0,0,0,0,0,0.000964145333279132,0.000163304341912187,5.31008839081128e-05,0,0
0,0.000729278255933859,0,0.000431200604391492,0,0.00320932826844148,0,0.000265846880915424,0,8.79152197732381e-05,0,0.00679277471800802,0,0.104791408719035,0,0.00842381913031325,0,0,0,0,0,0,0,0,0,0,0,0.00411597569341755,0,0,0,0,0,0,0,0,0,0,0,0,0,0,0,0,0,0,0,0,0,0.00124062266248006,0,0.00205665232733927,0,0.000654877040049651,0,0.000372009562460252,0,0.0221574486684982,0,0,0,0.020743574744827,0,0,0,0,0,0,0,0,0.00105091272846399,0,0,0,0,0,0,0,0,0,0,0,0.00126565307882591,0.000874262660349569,8.68769486034533e-05,0,0
0.00825078449727955,0,0.00109426194183551,0,0.000593466206478573,0,0,0,0.035462361337247,0,0,0,0.00720039484700465,0,0.142753775932796,0,0.00579931067895347,0,0,0,0,0,0,0,0,0,0.00290402288111683,0,0.000547621500154007,0,0,0,0,0,0,0,0,0,0,0,0,0,0,0,0,0,0,0,0.010178808912813,0,0.00578653772910372,0,0,0,0.0294186255048702,0,3.17894421984046e-05,0,0.0268875646946087,0,0,0,0,0,0,0,0,0,0,0.00286482503587634,0,0.00206116193051102,0,0,0,0,0,0,0,0,0,0,0.000942867665690703,0,0,0,0
0,0,0,0.00198205187792413,0,0.00067513325981444,0,0,0,0.0050002795577118,0,0,0,0,0,0.214195634576998,0,0,0,0,0,0,0,0,0,0.00361604923887163,0,0,0,0,0,0,0,0,0,0,0,0,0,0,0,0,0,0,0,0,0,0,0,0.000528497863958938,0,0,0,0,0,0.00164429026326713,0,0,0,0.020743574744827,0,0,0,0,0,0,0,0,0.00653595458342989,0,0,0,0,0,0,0,0,0,0,0,0,0,0.00042756161901621,0.000376158817973633,0,0,0
0,0,0,0.0030909487603998,0,0.00253429472237822,0,0,0,0,0,0.0143116049215401,0,0,0,0,0,0,0,0.0671684328127887,0,0,0,0,0,0,0,0,0,0,0,7.59446848992446e-06,5.35582329186192e-05,9.72181538210653e-05,0,0.000781922824210632,0,0.000734531254933193,0,0.000109066266726431,0,0.0056476988710184,0.00013497349535213,0,0,0.0507357934650856,4.07652236139036e-05,1.94753994603959e-05,0,0.000589076735474133,0,0,0,0,0,0,0,0.0353854518637974,0,0,0,0,0,0,0,0,0,0,0,0,0,0,0.00103313245368817,0,0,0.00011421635348401,0.000107618536930035,0.000115622354178268,0.00669304795970344,7.79798319595044e-05,0.023336856926896,1.92028528340728e-06,0.000283463646940889,0,0.0419161773494093,0,0
0,0,0,0,0,0,0.0031478070330216,0,0,0,0.010509361133706,0,0,0,0,0,0,0,9.31934156697049e-06,0,0.033397293819906,0,0,0,0,0,0,0,0,0,0,0.000258987918723745,0.00123131038058512,0,0.000204124819394713,0,0.00606941471912439,0,0.000162060923228872,0,0.0189514176507298,2.81300105236158e-05,0.00240858902225183,0,0,0,0.036453435478103,0.000816126203838028,0.000309218664720115,0,0.00690329552843352,0,0,0,0,0,0.0138118980519133,0,0,0,0,0,0,0,0,0,0,0,0,0,0,0,0,0.00230750920428842,0.000256970904122734,0.00145183557452766,0,0,8.68228111652831e-05,0.0165261753805583,4.50908783448261e-05,0.0145519862235847,0.000574252947219337,0,0.0159577503749412,0,2.47312835580276e-05
0,0,0,0,0,0,0,0,0,0,0,0,0,0,0,0,0.000278983295344838,0.0036948884740167,0,0,0,0.165206742050998,0.00987063858949107,0.000895409190718039,0,0.0111644211888652,0,0.00199759835389435,0,0,0,0,0,0,0,0,0,0.00996834809249336,0,0,0,0,0,0,0,0,0,0,0,0.00953890717378098,0,0,0,0,0,0,0,0,0,0,0,0,0,0,0,0.000386999186272461,9.9486454065989e-05,0,0.00616185132884734,6.18553821228607e-06,0.00684586025923548,0,0,0,0,0,0,0,0,0,0.0216504798827125,0,0.00656535791191911,0.000437172297265078,0,0,0
0,0,0,0,0,0,0,0,0,0,0,0,0,0,0,0,0.000647741623789349,0,0,0,0,0.00663189726016398,0.193904835593246,0,0.00365749856661845,0,0.00369895959086048,0,0.00198095813124559,0,0,0,0,0,0,0,0,0,0.00256351551623382,0,0,0,0,0,0,0,0,0,0.00831440309679611,0,0,0,0,0,0,0,0,0,0,0,0,0,0,0,0.000386999186272461,0,0,0.00597263836370884,0,0.00139642372124854,0,0.00555058041857601,0,0,0,0,0,0,0,0,0,0.000990929622611555,0.00498335759592712,0.000679273269396352,0,0,0
0,0.00203273371782259,0,0,0,0,0,0,0,0.0215687289567001,0,0,0,0,0,0.00025911543257497,1.51527392361474e-05,0.000182066385610096,0,0,0,2.17280561758616e-05,0,0.0315749608167018,0,0.0112717654900442,0,0.000207204889307779,0,0,0,0,0,0,0,0,0,2.86895058720991e-05,0,0,0,0,0,0,0,0,0,0,0,0.000972226002331951,0,0,0,0,0,0.0192673752975142,0,0,0,0,0,0,0,0,9.9486454065989e-05,0,0,0,0.0127547557183317,0,3.49866470608019e-05,0,0,0,0,0,0,0,0,0,0,0,0.000202146789700975,5.22159179327361e-05,0.00234579841685067,0,0
0,0,0,0,0,0,0,0,0.0155365534422738,0,0,0,0,0,0,0,0,0,0.000207146836438292,0,0,4.12259217069273e-05,0.00360902323071765,0,0.0847096362201102,0,0.000707692497452533,0,0,0,0,0,0,0,0,0,0,0,0.000122392026198475,0,0,0,3.46292306789044e-05,0,0,0,0,0,0.00431731423420203,0,0,0,0,0,0.00727753060341382,0,0,0,0,0,0,0,0,0,0,0.00597263836370884,0,0,0,0.0236090041014459,0,0,0,0,0,0,0,0,0,0,0,7.48822492718287e-05,0.000692770130321825,7.85183436248128e-05,0.000193241282370066,0,0
0,0,0,0,0,0,0,0,0,0.00099729588691152,0,0,0,0,0,0.0104858625333691,0.00116975428553653,0.00526706594718817,0,0,0,0.00437842173777158,5.12024218871418e-05,0.0070691125930245,0,0.100557513978072,3.3585725645326e-05,0.00310000994603797,0,0,0,0,0,0,0,0,0,0,0,0,0,0,0,0,0,0,0,0,0,0.00552871932867876,0,0,0,0,0,0,0,0,0,0,0,0.00653595458342989,0,0,0.00616185132884734,0,0.0127547557183317,0,0,0,0.0136882467487537,0,0,0,0,0,0,0,0,0,0,0,0.000866883291739052,0.00019496901795569,0,0,0
0,0,0,0,0,0,0,0,0,0,0,0,0,0,0.00750604412027693,0,0.000183202439331741,0,0,0,0,0.000140993028648601,0.000649883893941745,0,0,0,0.139811522169174,0,0.00419696614646417,0,0,0,0,0,0,0,0,0,0,0,0,0,0,0,0,0,0,0,0.0100120077673867,0,0,0,0,0,0,0,0,0,0,0,0.00286482503587634,0,0,0,6.18553821228607e-06,0.00139642372124854,0,0.0236090041014459,0,0,0,0.0235271436926183,0,0,0,0,0,0,0,0,0,0,0.000237510975435629,1.8111585669211e-05,9.07168555675233e-05,0,0
0,0,0,0,0,0,0,0,0,0,0,0.00189089360538022,0,0.00253880905144603,0,0,1.59602814254087e-05,0.000456533832194579,0,0,0,0.00213666955838549,1.94771619326527e-05,0.000229111005071721,0,0.00665505610463101,0,0.0847539842813121,0,0.00627813800096631,0,0,0,0,0,0,0,0.000628266480004317,0,0,0,0,0,0,0,0,0,0,0,0.0180763815894478,0,0,0,0,0,0,0,0,0,0.00105091272846399,0,0,0,0,0.00684586025923548,0,3.49866470608019e-05,0,0.0136882467487537,0,0,0,0.000791532681082472,0,0,0,0,0,0,0,0.00926518254484833,0,0.000333492844482324,0.000199146396041183,0,0,0
0,0,0,0,0,0,0,0,0,0,0.0106190716795627,0,0.000193178957358427,0,0,0,0.00011070100547652,0,0,0,0,0,0.000338204473932258,0,0,0,0.00421348364383734,0,0.144165678544335,0,0.0121176054920528,0,0,0,0,0,0,0,0.00140078762504964,0,0,0,0,0,0,0,0,0,0.0114859441972122,0,0,0,0,0,0,0,0.000424642088869727,0,0.0056455659635828,0,0.00206116193051102,0,0,0,0,0.00555058041857601,0,0,0,0.0235271436926183,0,0,0,0.0126491957875916,0,0,0,0,0,0,0,0.0041264189651546,0.00150001804690908,0.000404686885279087,0,0,0
0,0,0,0,0,0,0,0,0,0,0,0.00377415901746792,0,0,0,0,0,0,0,0.000208003085590944,0,0,0,0,0,0,0,0.00850031196561389,0,0.157204975760359,0,0,0,0,0,0,0,0.00149170340975036,0,0.000322616337170601,0,0.000932858735487731,0,0,0,0,0,4.41636837192469e-05,0,0.00490764577324949,0,0,0,0,0,0,0,0.0457578991893063,0,0,0,0,0.00103313245368817,0,0,0,0,0,0,0,0.000791532681082472,0,0,0,0,1.34664132315839e-05,0,0,0.000254936338475456,6.8508110569025e-06,0.0118334271602362,0,7.75723835775609e-05,8.32549842194637e-07,0.00469403653245461,0,0
0,0,0,0,0,0,0,0,0,0,0.00041507646207092,0,0,0,0,0,0,0,1.59224078469418e-05,0,0.000884393876088678,0,0,0,0,0,0,0,0.0147414817016079,0,0.0752980001453283,0,0,0,0,0,0,0,0.000496742912970695,0,0.000126647759913801,0,0.00179294949972802,0,0,0,0.000102917560173985,0,0.011843928061958,0,0,0,0,0,0,0,0.00626124077161787,0,0,0,0,0,0,0.00230750920428842,0,0,0,0,0,0,0,0.0126491957875916,0,0,0,0,0,0,0,2.61448947625473e-06,0,0.027273452872399,0.000503959705339569,0.000155415910280855,0.0114385283056982,0,9.31215239683278e-05
0,0,0,0,0,0,0,0,0,0,0,0,0,0,0,0,0,0,0,0,4.43449907866706e-05,0,0,0,0,0,0,0,0,0,0,0.100141432530186,0.0799801242157168,0.0306309050610055,0.000326486184758507,0.0102675499516988,0.00105446824158694,0.00075281862600141,0.000295220253918413,0.000300696009772453,5.43373960687607e-05,0.000921731211997513,0.000359900479547709,0,0,0.000325732449495726,0.000172377211347501,0.0397519350839855,5.30578066667328e-06,0.000453011972306244,0,0,0,0,0,0,0,0,0,0,0,0,0,0.000256970904122734,0,0,0,0,0,0,0,0,0,0,0,0.0995174751818993,0.0897994594175325,0.00332793680165834,0.0119443543884161,0.00344485871872079,0.000706645763395146,4.81807482519006e-05,0.000794429999122988,0,0.00113781787748305,0,0
0,0,0,0,0,0,0,0,0,0,0,0,0,0,0,0,0,0,0,0,0,0,0,0,0,0,0,0,0,0,0,0.17700045560648,0.263529132335942,0.00204332517846138,0.0171188782939768,0.00242124579970252,0.00547829020608885,0,0.00185317547216186,0.000490173726709644,0.000267316768062537,0.000561557457401607,0.000746659836145843,0,0,0.000268531906509497,0.000879921337650711,0.0455966832958672,0.00068785496822772,5.36522715716601e-05,0,0,0,0,0,0,0,0,0,0,0,0,0.00011421635348401,0.00145183557452766,0,0,0,0,0,0,0,0,1.34664132315839e-05,0,0.0995174751818993,0,0.0063100664008596,0.0644401141620533,0.00251447844598921,0.0180871385953129,3.61318804675045e-06,0.0023104286067648,0.00111152756050117,0,0.00216396854163688,0,0
0,0,0,0,0,0,0,0,0,0,0,0,0,0,0,0,0,0,0,0,0,0,0,0,0,0,0,0,0,0,0,0.0103367850394094,0.00376324324142298,0.14713210767829,0.0954763847565039,0.0021221513173661,0.000793647987226741,0.00158027936769253,0.000297647346152912,2.56034422222252e-05,0,0.000272703996569586,0.000847444663357287,0,0,0,0,0.0176223456811618,0,0.000466197250185492,0,0,0,0,0,0,0,0,0,0,0,0,0.000107618536930035,0,0,0,0,0,0,0,0,0,0,0,0.0897994594175325,0.0063100664008596,0,0.0336066007355419,0.000360225807973437,0.000491866114782154,0.00543660981027943,0.0160029562803704,0.000340690775068551,0,0.000392284573122225,0,7.12534819823495e-05
