0,0,0.0669781123727167,0,0.000514996351804023,0,0,0,0.0687434552520454,0,0,0,0,0,0,0,0,0,3.06254538939351e-05,0,0,0,0,0,0,0,0,0,0,0,0,0,0,0,0,0,0,0,2.53962205180933e-05,0,0,0,0.000790457999094268,0,0,0,0,0,0.0086180301691531,0,0.00131555977230428,0,0,0,0.0483841187886585,0,0,0,4.08132010676632e-05,0,0.0155857287343302,0,0,0,0,0,0,0.000105908943631485,0,0,0,0,0,0,0,0,0,0,0,0,0,0,0.000198346727344518,0,0.00314081550025634,0,0
0,0,0,0.0537898156920159,0,0.00301803939320323,0,0,0,0.0405114597048818,0,0,0,0,0,0.000432524915806893,0,0,0,0,0,0,0,0.00256252945313841,0,0,0,0,0,0,0,0,0,0,0,0,0,0,0,0,0,0.00104044580544667,0,0,0,0,0,1.2616431039784e-05,0,0.00917478049890543,0,0.000164734997980236,0,0,0,0.0460194849866624,0,5.8635831745544e-05,0,0,0,0.00999372871169022,0,0,0,0,0.000177417986194563,0,0,0,0,0,0,0,0,0,0,0,0,0,0,0,0.00050072366959089,0,0.0124511545119839,0.000885727946824851,0
0.0669781123727167,0,0,0,0.0181280105385177,0,0,0,0.056021361936904,0,0,0,0,0,0,0,0,0,6.74334637707036e-05,0,0.000111486780863305,0,0,0,0,0,0,0,9.64679564045791e-06,0,0.000112748934134765,0,0,0,0,0,2.8091446270555e-06,0,4.62685964222815e-06,0,8.56303898406163e-05,0,0.00594456858316234,0,0.000152655237605192,0,0.0036724544949062,9.09891101785331e-06,0.00167722517560861,0,0.00722386007935211,0,0,0,0.0124929482982204,0,0.00331759522638334,0,0,0,0.00069976567555495,0,0,0.00120261144544108,0,0,0,0,0,0,0,0,0,0.000153594925525681,0,0,0,0,0,1.64707647516576e-05,0,0,9.56640467258058e-05,0,0.0178063344726358,0,0.000723893320468052
0,0.0537898156920159,0,0,0,0.0283173142278062,0,0,0,0.0216225050100486,0,0,0,0,0,0,0,0,0,0.00349881694065584,0,0,0,0,0,0,0,0,0,0,0,0,0,0,0,0,0,0,0,1.87609557714862e-05,0,0.00736346378017743,0,0,0,0.0183571781775738,0,0,0,0.00711460020428841,0,0.00948617112276772,0,0,0,0.0431053469256633,0,0.00264316165956343,0,9.21699112558223e-05,0,0.00110281912069488,0.000958683339282432,0,0,0,0,0,0,0,0,0,0.000677329092944184,0,0,0,0,0,8.91820836120166e-06,0,8.71656799842366e-06,0,0.00035187082813836,0,0.0349508097129605,0.0131529374247142,0
0.000514996351804023,0,0.0181280105385177,0,0,0,0.00111029127024536,0,0.0293317690124798,0,0,0,0,0,0,0,0,0,0,0,0.012180409891299,0,0,0,0,0,0,0,0,0,0,0,0,0,0,0,1.47657897424944e-06,0,0,0,5.57300282975494e-05,0,2.49686074541234e-05,0,0,0,0.00192546451066464,8.17802852143197e-05,6.35270701644685e-06,0,0.115679467405224,0,0.000392128814934679,0,0.0246962545586261,0,0.000733666191001361,0,8.3229738962493e-05,0,0,0,0,0.00871843654423277,0,0,0,0,0,0,0,0,0,0,0,0,0,0,0,4.29404755085287e-05,0,0,0.000595373934452227,0,0.0100153031368151,0,0
0,0.00301803939320323,0,0.0283173142278062,0,0,0,0,0,0.0181448535739613,0,0,0,0,0,0.00421286580937551,0,0,0,0.00204369738614677,0,0,0,0,0,0,0,0,0,0,0,0,0,0,0,0,0,0,0,0,0,5.34370876108955e-05,0,0,0,0.000181647673826522,0,0,0,7.88351724543917e-05,0,0.0388647802261786,0,0.00117394675483362,0,0.045188304448357,0,0.00438447704517622,0,3.79118706297452e-05,0,0.000932954199975951,0.000121449951042329,0,0,0,0,0,0,0,0,0,0,0,0,0,0,0,0,0,0,0,0.000322490537307264,8.81018422660418e-06,0.000592809242540313,0,0
0,0,0,0,0.00111029127024536,0,0,0,0,0,0.0232442580183462,0,0,0,0,0,0,0,0,0,0.00205026509937389,0,0,0,0,0,0,0,0,0,0,0,0,0,0,0,0,0,0,0,0,0,0,0,0,0,0,0,0,0,0,0,0.026313609064868,0,0,0,0.000286236279911822,0,0,0,0,0,0,9.08500365144329e-05,0,0,0,0,0,0,0,0,0,0,0,0,0,0,0,0,0,0,0.000180118432327071,0,0,0,0
0,0,0,0,0,0,0,0,0,0,0,0,0,0.00249171720068376,0,0,0,0,0,0,0,0,0,0,0,0,0,0,0,0,0,0,0,0,0,0,0,0,0,0,0,0,0,0,0,0,0,0,0,0,0,0.00070710771394822,0,0.0301967360942137,0,0,0,0.00322115435533576,0,5.89866103837267e-05,0,0,0,0,0,0,0,0,0,0,0,0,0,0,0,0,0,0,0,0,0,0,9.29672709387198e-06,0,0,0,0
0.0687434552520454,0,0.056021361936904,0,0.0293317690124798,0,0,0,0,0,0,0,0,0,0.0100366785335518,0,0.00315779314193487,0.000846654414007917,0.000363674637550072,0,7.93293901108134e-05,0,0.000169223762399771,0,0.00316820018335421,0,0.00046696105580471,0,0,0,0,0,0,0,0,0,0,0,0.000784833781229802,1.00943816428256e-05,1.38309463263795e-05,1.09132774168915e-05,2.20509454769923e-05,0,0,0,0.000747497870587667,0,0.000392108649612986,0,0.00105546682591939,0,0,0,0.158542689630716,0,0,0,0,0,0.0362367647478848,0,0,0.000451286880910232,0,0.000105873511427389,0,0.00175221834759964,0,0.000104260749052379,0,0,0,0,0,0,0,0,5.94943006108423e-06,1.2338849846026e-05,0,0.000522232377221165,0.000802121097405086,0,0.00972237392249097,0,0
0,0.0405114597048818,0,0.0216225050100486,0,0.0181448535739613,0,0,0,0,0,0,0,0,0,0.0106349399976585,0,0.000359829559466805,0,0,0,0,0,0.00820719740955086,0,0.0153861296901495,0,0,0,0,0,0,0,0,0,0,0,0.000494783161740016,0,0,0,0.000287846451129386,0,0,0,4.04453859549625e-05,0,0,0,0.000871566281337576,0,0.00482697711678965,0,0,0,0.0725321711772211,0,0.000308446725704716,0,0,0,0.00161221262265412,0,0,0,0,0.000725592628272761,0,0,0,0,0,0,0,0,0,0,0,0,0,0.000179143126705105,0,0.00080608271294761,0,0.0090251113475993,0.000122501780791212,0
0,0,0,0,0,0,0.0232442580183462,0,0,0,0,0,0.00355700319579448,0,0,0,0,0,0,0,0.0569534379351867,0,0,0,0,0,0,0,0.00379191566138955,0,0.00259851393609433,0,0,0,0,0,7.30665828613578e-06,0,0.00064873733436614,0,0,0,0,0,0,0,0,0,0.000431248276752249,0,0,0,0.00164003206063203,0,0,0,0.0355147675911031,0,0.000104239908548503,0,0,0,0,0.00139063145446556,0,0,0,0,0,0,0,0.00682864779896415,0,0.00305610183835882,0,0,0,0,0,0,0,0.000348835192463356,0.00156711368622601,0,7.80543190926352e-05,0,0
0,0,0,0,0,0,0,0,0,0,0,0,0,0.00145663317585063,0,0,0,0,0,0.0207606835899465,0,0,0,0,0,0,0,0.00332285064238949,0,0.00273372401361127,0,0,0,0,0,0.000634605687602296,0,0.00580661979081628,0,0,0,0,0,0,0,2.42631201599875e-05,0,0,0,0,0,0,0,0,0,0,0,0.0585912967446819,0,0.000145067843671647,0,0,0.00541860452066598,0,0,0,0,0,0,0,0,0,0.00183433462072025,0,0,0,0,0,9.81880860892497e-05,0,0.00139328082071932,0,0.000271948758544379,0,0,0,0
0,0,0,0,0,0,0,0,0,0,0.00355700319579448,0,0,0,0.0060076021207361,0,0,0,0,0,4.24468380452923e-05,0,0,0,0,0,0,0,6.06722394799674e-05,0,0.000570646139008426,0,0,0,0,0,0,0,0,0,0,0,0,0,0,0,0,0,0,0,0,0,0,0,0,0,0.000546494922859978,0,0.0206763554135984,0,0.00113576169142779,0,0,0.000380101389450975,0,0,0,0,0,0,0,0.000247446663602633,0,0,0,0,0,0,0,0,0,0,0.000213315527288688,0,1.69571216790195e-05,0,0
0,0,0,0,0,0,0,0.00249171720068376,0,0,0,0.00145663317585063,0,0,0,0,0,0,0,0,0,0,0,0,0,0,0,0,0,0,0,0,0,0,0,0,0,0,0,0,0,0,0,0,0,0,0,0,0,0,0,0,0,0.0001022625706276,0,0,0,0.00164807561357128,0,0.0116004124130991,0,0,0,0,0,0,0,0,0,0,0.000155497052882116,0,0,0,0,0,0,0,0,0,0,0,0,0,0,0,0
0,0,0,0,0,0,0,0,0.0100366785335518,0,0,0,0.0060076021207361,0,0,0,0.0036351215384468,8.38725943374066e-06,1.11851295231669e-05,0,0,0,9.12352725029284e-05,0,0,0,0.0140413355497267,0,0,0,0,0,0,0,0,0,0,0,0,0,0,0,0,0,0,0,0,0,0,0,0,0,0,0,0.000634864571838284,0,0,0,0.000470098716778,0,0.0451438903436065,0,0,0,0,2.88097498150183e-05,0,3.6722214969855e-05,0,0.000773340218082508,0,0,0,0,0,0,0,0,0,0,0,0,0.000145693442288796,4.72125414878842e-05,0,0,0
0,0.000432524915806893,0,0,0,0.00421286580937551,0,0,0,0.0106349399976585,0,0,0,0,0,0,1.4136766172115e-05,0.002219245256857,0,0,0,0,0,0,0,0.000206472972852172,0,0,0,0,0,0,0,0,0,0,0,0,0,0,0,0,0,0,0,0,0,0,0,3.39667889476932e-05,0,0,0,0,0,0.0265187123671501,0,0,0,0,0,0.00969509832991724,0,0,0,0,0,0,0,0,0,0,0,0,0,0,0,0,0,0,0,0,7.62655811000013e-06,0,0,0,0
0,0,0,0,0,0,0,0,0.00315779314193487,0,0,0,0,0,0.0036351215384468,1.4136766172115e-05,0,0.0810537837721098,0.0474863980558249,0,0,0.000318825794865972,0.00708362321894313,0,0.000843967187448622,0.000109374508520429,0.0177839160832099,0,9.29029400510635e-06,0,0,0,0,0,0,7.47972744749841e-06,0,0,0,0.000244968661229274,0.00201429047111687,0.000773079075199591,0.00190766388339595,0.000235161317702739,0.000233016222350414,0.000344657175369694,0.00124881429839193,7.20991634537877e-06,5.52593194476513e-05,0,5.05793624230931e-06,0,0,0,0.000703008031712538,0,0,0,0,0,0.00574479406409343,0,1.97246019125273e-05,5.48328987620898e-06,0.000127555031021384,0.00217977481442097,0,7.14968927200306e-05,1.14950803106761e-05,0.00569419111290427,0,0,0,0,0,0,0,0,0.00021666114750421,0.000146068805262186,1.62839973914234e-05,0,0.0148217574351026,0.000304641533302656,0.0012761566975647,0.000140617483406867,0.000565409291158308
0,0,0,0,0,0,0,0,0.000846654414007917,0.000359829559466805,0,0,0,0,8.38725943374066e-06,0.002219245256857,0.0810537837721098,0,0.0408748495010835,0,0,0.00427860507343719,0.000888844033826719,0,0.000163514699695809,0.00797553445634146,0.000621193224497631,1.71079247385187e-05,0,0,0,1.03151059414946e-05,0,0,0,1.46767550187241e-05,0,0,0,0.000542254846839514,0.000629000682729627,0.000967820083021539,0.000649545527050456,0.000405601668190008,0.000145165130927986,0.000605232614293745,0.000341495595645651,2.15397460196757e-05,5.02847753777356e-06,1.27886040928968e-05,0,0,0,0,0.000124350217067486,3.63879463955337e-05,0,0,0,0,7.45730789694513e-05,0.000778663641594417,0,2.39980284938694e-06,0.000214273031348881,0.000341259964498009,0,0,0.00489481017123202,0.000291207481987691,0,0,2.55069497280463e-06,0,0,0,0,0,0.000266864548570454,4.18897511381789e-05,4.36898893707415e-05,0,0.00983319466717804,0,0.000940933579100229,0.000250420104386187,1.48964173568386e-05
3.06254538939351e-05,0,6.74334637707036e-05,0,0,0,0,0,0.000363674637550072,0,0,0,0,0,1.11851295231669e-05,0,0.0474863980558249,0.0408748495010835,0,0,0,0.000108684669356412,0.00032414220439901,0,6.23852315757814e-05,8.73796879694608e-05,0.000417237596868943,0,0,0,0,0.000159518855759649,0,0,0,0.000105057027189472,0,0,0,0.00978010622770891,0.0178576473860363,0.0177353455629957,0.0184492162183209,0.0142930821352306,0.00329472771534916,0.020909012042319,0.0177128010147597,0.000441287455839861,0.000163606227540627,0.000583339263295453,0,0,0,0,4.29383487859738e-05,0,9.09113572883477e-06,3.21172476099848e-06,0,0,0.000190765176663207,0,0.000271415650078772,6.07658246020054e-05,3.76415360809831e-05,6.44905930360404e-05,0,0,5.0235191372184e-06,0.000661700820460192,0,3.9242855113631e-05,7.20581271763563e-05,6.61677472430261e-05,1.42785324003512e-05,0,4.61855920688376e-05,0,0.00332097685259148,0.000980386796534751,0.000502310894683644,0,0.00466191130366918,0,0.0312848577670849,0.00445564356478926,0.00611060135642435
0,0,0,0.00349881694065584,0,0.00204369738614677,0,0,0,0,0,0.0207606835899465,0,0,0,0,0,0,0,0,0,0,0,0,0,0,0,0,0,0,0,0,0,0,0,0.0140099837623413,0,0.012193525535964,0,0,0,7.59140595455818e-05,0,0,0,0.000361261073016532,0,0,0,0,0,0.000114348498798113,0,0,0,0,0,0.000245359516734702,0,0,0,0,0.0842547142738767,0,0,0,0,0,0,0,0,0,2.18616890523679e-05,0,0,0,0,0,0.00802744375913636,0,0.00205839174846803,0,0.000313490473390607,0,0.00355336130062278,0,0
0,0,0.000111486780863305,0,0.012180409891299,0,0.00205026509937389,0,7.93293901108134e-05,0,0.0569534379351867,0,4.24468380452923e-05,0,0,0,0,0,0,0,0,0,0,0,0,0,0,0,0.00231194515015709,0,0.00428477211917633,0,0,0,0,0,0.00358701143352864,0,2.54141538286338e-05,0,0,0,0,0,0,0,0.000113273560785618,0,0.00104584998883954,0,0.00507604266069814,0,0,0,0,0,0.0143502476539339,0,0,0,0,0,0,0.0276866992391915,0,0,0,0,0,0,0,0.00260027035451458,0,0.00962099089094307,0,0,0,0,0,0.00216650155873062,0,0.000456356179216672,0.000386476384007564,0,0.000185857413994807,0,0
0,0,0,0,0,0,0,0,0,0,0,0,0,0,0,0,0.000318825794865972,0.00427860507343719,0.000108684669356412,0,0,0,0.00119870714266552,0.00566784413713716,0,0.000798427268624205,1.07523502678481e-05,0.00113978267462705,0,0,0,0,0,5.25987168423239e-06,0,0,0,0.00687316330924571,0,0,0,0,0,0,0,0,0,0.000431258178224686,1.48547773146722e-06,0.00296571889736812,0,0,0,0,0,0,0,0,0,0,0,0,0,0,0.0564613567902163,0,0.00335018004717638,0,0.000730110394098355,0,0.00340916342266677,0,5.54541083041164e-05,0,0,0,0,0,9.80608523453097e-07,0,0.00699663310966422,0,0.00262029797332325,0,0,0,0
0,0,0,0,0,0,0,0,0.000169223762399771,0,0,0,0,0,9.12352725029284e-05,0,0.00708362321894313,0.000888844033826719,0.00032414220439901,0,0,0.00119870714266552,0,0,0.00265389675086548,0,0.00153386972779029,0,0.000494912976833636,0,0,0,0,0,1.21019206962949e-05,0,0,0,0.00514232639391767,0,0,6.62959196792115e-06,0,0,0,0,0,0.00016673155977713,0.00175966713048864,0,0,0,0,0,6.5641976905803e-05,0,0,0,0,0,6.48967073597087e-05,0,0,0,6.1637759187236e-05,0.0555020059788651,0,0.00131816755440463,0,0.00048861833851489,0,0.00566453509690376,0,0,0,0,0,0,0,0,0,0.00277363015067165,0.00203936574940112,0,0,0,0
0,0.00256252945313841,0,0,0,0,0,0,0,0.00820719740955086,0,0,0,0,0,0,0,0,0,0,0,0.00566784413713716,0,0,0,0.0134458297346963,0,0,0,0,0,0,0,0,0,0,0,0.00455799290013872,0,0,0,0,0,0,0,0,0,0,0,0.00458418930707522,0,0,0,0,0,0.0170124785673896,0,0,0,0,0,0,0,0,0.00193543525777511,0,0.0901243159946444,0,0.00533784989995313,0,0,0,0,0,0,0,0,0,0,0,0.00157686929890578,0,0.000168962095867561,0,0.00287312672847492,0,0
0,0,0,0,0,0,0,0,0.00316820018335421,0,0,0,0,0,0,0,0.000843967187448622,0.000163514699695809,6.23852315757814e-05,0,0,0,0.00265389675086548,0,0,0,0.013486783872818,0,0,0,0,0,0,0,0,0,0,0,0.00114451824320566,0,0,0,0,0,0,0,0,0,0.00169134457931603,0,0,0,0,0,0.010299444926371,0,0,0,0,0,0,0,0,0,0,0.000501770104673477,0,0.07168244921509,0,0.0299983454802983,0,0.000457873604651697,0,0,0,0,0,0,0,0,0,0.000241835315239573,0.000399866159493572,0,0.00132340980461873,0,0
0,0,0,0,0,0,0,0,0,0.0153861296901495,0,0,0,0,0,0.000206472972852172,0.000109374508520429,0.00797553445634146,8.73796879694608e-05,0,0,0.000798427268624205,0,0.0134458297346963,0,0,0,0.00011396024414274,0,0,0,0,0,0,0,0,0,0,0,0,0,0,0,0,0,0,0,0,0,0.000156228796912757,0,0,0,0,0,0.0238916758263975,0,0,0,0,0,0.000476105794428998,0,0,0.00319775194804558,0,0.0401049659757304,0,0.0702616563622129,0,0,0,0,0,0,0,0,0,0,0,0,0,0.000100736267635241,0,0,0,0
0,0,0,0,0,0,0,0,0.00046696105580471,0,0,0,0,0,0.0140413355497267,0,0.0177839160832099,0.000621193224497631,0.000417237596868943,0,0,1.07523502678481e-05,0.00153386972779029,0,0.013486783872818,0,0,0,0,0,0,0,0,0,0,0,0,0,0,0,6.48506901304059e-05,0,0,0.000606133962994349,0,0,0,0,0,0,0,0,0,0,0.00247757144342664,0,0,0,0,0,0.00154651596761519,0,0,0,0,0.000358446412374349,0,0.00880676165132389,0,0.0255443986023062,0,0.000116009279736318,0,0,0,0,0,0,1.85318027858291e-06,0,0,0,0.000638497693446903,0,0,0,0
0,0,0,0,0,0,0,0,0,0,0,0.00332285064238949,0,0,0,0,0,1.71079247385187e-05,0,0,0,0.00113978267462705,0,0,0,0.00011396024414274,0,0,0,0.00945146374562598,0,0,0,0,0,0,0,0,0,0,0,0,0,0,0,0,0,0,0,0,0,0,0,0,0,0,0,0,0,0,0,0,0,0,0.000133663494381931,0,0,0,0.000126689868775046,0,0.0167553258290089,0,0.00226046964033562,0,0,0,0,0,0,0,3.76862265655875e-05,0,4.62611690614394e-05,0,0,0,0
0,0,9.64679564045791e-06,0,0,0,0,0,0,0,0.00379191566138955,0,6.06722394799674e-05,0,0,0,9.29029400510635e-06,0,0,0,0.00231194515015709,0,0.000494912976833636,0,0,0,0,0,0,0,0.0194432945796243,0,0,0,0,0,0,0,0.00339830732141938,0,6.50784730932428e-05,0,8.21851588223618e-05,0,0,0,0.000371244487822447,0,1.01724321522852e-05,0,0,0,0,0,0,0,0.00217907702910076,0,0,0,0,0,0,0.00464290412910004,0,0.0013157878999953,0,0,0,0,0,0.0352020812292026,0,0.00415148267863948,0,0,0,0,0,6.86943626132463e-06,0,0.00127000790793609,2.11107045288139e-05,0,0.00178451912805125,0,4.92879819643278e-05
0,0,0,0,0,0,0,0,0,0,0,0.00273372401361127,0,0,0,0,0,0,0,0,0,0,0,0,0,0,0,0.00945146374562598,0,0,0,0,0,0,0,0,0,0.00352319548999777,0,0,0,0,0,0,0,1.21904522448612e-05,0,0,0,0,0,0,0,0,0,0,0,5.64747525931104e-05,0,0,0,0,4.06305471799354e-05,0,0,0,0,0,0,0,0,0,0.0421995004911758,0,0,0,0,0,0,0,0.00493964998566645,0,2.09540995943168e-05,0,0,0,0
0,0,0.000112748934134765,0,0,0,0,0,0,0,0.00259851393609433,0,0.000570646139008426,0,0,0,0,0,0,0,0.00428477211917633,0,0,0,0,0,0,0,0.0194432945796243,0,0,0,0,0,0,0,0,0,0.00214324891762661,0,3.00980975643083e-05,0,5.81030140012132e-05,0,0,0,0.000675609809294262,0,0.000960310185665331,0,0,0,0,0,0,0,0.000435360784498713,0,0,0,0,0,0,0.00200286811593387,0,0,0,0,0,0,0,0.000984467377685091,0,0.00881129165079211,0,0,0,0,0,1.10875755597725e-06,0,0.00473165504855349,4.63577443887098e-05,0,0.000853243243456921,0,0
0,0,0,0,0,0,0,0,0,0,0,0,0,0,0,0,0,1.03151059414946e-05,0.000159518855759649,0,0,0,0,0,0,0,0,0,0,0,0,0,0.031768095363975,0.0097350879576829,0,0.00596791240364215,1.49816094727342e-05,0,0,8.93685094115854e-05,0,0.000485239223542851,0,0.000113492046445891,6.36225059177931e-05,4.70444024605407e-05,0,0.0192745664372253,0,6.81128251406364e-05,0,0,0,0,0,0,0,0,0,0,0,0,0,0,0,0,0,0,0,0,0,0,0,0,0.293345117111483,0.01194949952447,0.0028178818097067,0,0.0092848839022614,4.89493996862447e-05,1.17452045927843e-05,0,0.00166764045164495,0,0.000113801698893732,0.000161040183423053,0
0,0,0,0,0,0,0,0,0,0,0,0,0,0,0,0,0,0,0,0,0,0,0,0,0,0,0,0,0,0,0,0.031768095363975,0,0.00157655558150043,0.00280375993369389,0.000176401472289965,0.00663346581986345,0,5.62181879718064e-06,0,0,0,0,0,0,0,0,0.013448165802338,0,0,0,0,0,0,0,0,0,0,0,0,0,0,0,0,0,0,0,0,0,0,0,0,0,0,0.0253753673807613,0.122337780222799,0.000336470429979835,0.00678135768614953,0,0.00405838726413798,0,0,0.00187499065570538,0,0,0,0
0,0,0,0,0,0,0,0,0,0,0,0,0,0,0,0,0,0,0,0,0,5.25987168423239e-06,0,0,0,0,0,0,0,0,0,0.0097350879576829,0.00157655558150043,0,0.144889597181772,0.0166108666874392,0,0.00327296729180008,0,0,0,1.25937415319079e-05,0,0,0,0,0,0.035075061845025,5.68871322433712e-06,7.49332048879245e-05,0,0,0,0,0,0,0,0,0,0,0,0,0,0,1.75693602376759e-05,0,0,0,0,0,0,0,0,0,0.00475847151150346,0,0.0950429731976878,0.0298779674975361,0.00850852156762375,0,0.00607826282736814,4.0722549866599e-05,0.00170961109028836,0,0,0,0
0,0,0,0,0,0,0,0,0,0,0,0,0,0,0,0,0,0,0,0,0,0,1.21019206962949e-05,0,0,0,0,0,0,0,0,0,0.00280375993369389,0.144889597181772,0,3.86579842574025e-05,0.0143327820374678,1.48991753822587e-05,0.00614365139255892,0,0,0,0,0,0,0,0,0.0364862813879533,0.000222252335817112,1.39028156930475e-05,0,0,0,0,0,0,0,0,0,0,0,0,0,0,0,0,0,0,0,0,0,0,0,0,0,0.0143503519944757,0.0123037683583399,0.15273518789923,0,0.00161708324723675,0,0.0019737554248541,0.00360800889631927,0,0,0,0
0,0,0,0,0,0,0,0,0,0,0,0.000634605687602296,0,0,0,0,7.47972744749841e-06,1.46767550187241e-05,0.000105057027189472,0.0140099837623413,0,0,0,0,0,0,0,0,0,0,0,0.00596791240364215,0.000176401472289965,0.0166108666874392,3.86579842574025e-05,0,0.00268752551486056,0.0137225166147794,0,0.000380319784015893,1.87511981296644e-06,0.000312462308245045,1.92923048460012e-06,2.74122912170761e-05,0,4.0394601624288e-05,6.16437887524351e-06,0.004960039698088,0,0.000318650764329734,0,0,0,0,0,0,0,0,0,0,0,0,0.00582453671898934,0,0,0,0,0,0,0,0,0,0,0,0.00193121395931034,1.50650250277799e-05,0.00223925380076229,0,0.0490837449053805,0.00147675771410116,0.00161115991293573,0,0.00768677527286223,0.000293169272751053,0.000380596047465343,7.52408348932166e-05,0
0,0,2.8091446270555e-06,0,1.47657897424944e-06,0,0,0,0,0,7.30665828613578e-06,0,0,0,0,0,0,0,0,0,0.00358701143352864,0,0,0,0,0,0,0,0,0,0,1.49816094727342e-05,0.00663346581986345,0,0.0143327820374678,0.00268752551486056,0,0,0.0037383473937536,0,8.16642015495665e-05,0,3.62552354111689e-06,0,0,0,3.35189630739942e-05,0.00403999982905196,0.000208183899320598,4.60260579172295e-05,1.47962409386105e-06,0,0,0,0,0,0,0,0,0,0,0,0,0.00255619395994499,0,0,0,0,0,0,0,0,0,0,3.32364093196067e-06,0.00162336693915537,0,0.00300932266896925,0.00098321915383295,0.0483784079353867,0,0.00192331775192893,0.0043350824184414,0.000179765200252311,0.000325277167877149,0,0
0,0,0,0,0,0,0,0,0,0.000494783161740016,0,0.00580661979081628,0,0,0,0,0,0,0,0.012193525535964,0,0.00687316330924571,0,0.00455799290013872,0,0,0,0,0,0.00352319548999777,0,0,0,0.00327296729180008,1.48991753822587e-05,0.0137225166147794,0,0,0.00076264181302807,0,0,0.000193441311007455,0,0,0,0.000102946513349418,0,0.00294256264247265,0,0.00422932935709128,0,0,0,0,0,0.000112709732744592,0,0.001627630595045,0,0,0,0,0.00310709341948967,0,0.00268949446177047,0,0.0014389456576339,0,0,0,1.60155666110561e-05,0,0.00111236658124,0,0,0,0.00326342003243382,0,0.00496984807788351,0,0.0670034146500593,0,0.00408628657651669,0,0.00236505053273924,0,0
2.53962205180933e-05,0,4.62685964222815e-06,0,0,0,0,0,0.000784833781229802,0,0.00064873733436614,0,0,0,0,0,0,0,0,0,2.54141538286338e-05,0,0.00514232639391767,0,0.00114451824320566,0,0,0,0.00339830732141938,0,0.00214324891762661,0,5.62181879718064e-06,0,0.00614365139255892,0,0.0037383473937536,0.00076264181302807,0,0,0,0,0,0,0,0,0,0.00347804630761883,0.00692551481556713,0,0,0,0,0,5.87025865498071e-05,0,0.000134712484639684,0,0,0,0,0,0,7.27037483849269e-06,0,0.000666174701040878,0,0.000400238596168811,0,4.23122872626313e-06,0,0.000580599625368411,0,9.94728976113617e-05,0,7.77317184678806e-06,0,0.00589524567918757,0,0.00551786481607426,0,0.0397639690475743,0.00258081568140824,0,0.00160562169918354,0,0
0,0,0,1.87609557714862e-05,0,0,0,0,1.00943816428256e-05,0,0,0,0,0,0,0,0.000244968661229274,0.000542254846839514,0.00978010622770891,0,0,0,0,0,0,0,0,0,0,0,0,8.93685094115854e-05,0,0,0,0.000380319784015893,0,0,0,0,8.87248713242612e-05,0.0534084274896703,0.000683012780559946,0.0221279801605099,5.06544942559684e-05,0.0172043822599982,0.000151837100972372,0.00482163666463538,0,0.0376108678877622,0,0,0,0,0,0,0,1.5051518314853e-05,0,0,0,0,0.0273086915983077,6.71685871083175e-06,0,0,0,0,0,0,0,0,0.000850448005971014,0,0,0,0.000218038230910293,0,0.0103250682180089,0,0.00123130764336766,0,0.000135182546343797,0,0.0191922098583985,0.013545868471957,0.000267598373943919
0,0,8.56303898406163e-05,0,5.57300282975494e-05,0,0,0,1.38309463263795e-05,0,0,0,0,0,0,0,0.00201429047111687,0.000629000682729627,0.0178576473860363,0,0,0,0,0,0,0,6.48506901304059e-05,0,6.50784730932428e-05,0,3.00980975643083e-05,0,0,0,0,1.87511981296644e-06,8.16642015495665e-05,0,0,8.87248713242612e-05,0,0.000845968175760079,0.0924129173298656,0.00048317024083224,0.0364691865878488,0.000137504987540272,0.0737843801366787,0.00201553974398546,0.00638515524530082,0.000391795808695675,0,0,0,0,0,0,0.000110384471352335,0,0,0,0,0,0,0.00249166799107692,0,0,0,0,0,0,0,0.000131039027977629,0,0.000685583891372274,0,0,0,0,2.29338208125368e-05,0.00413439623774576,0,3.88521419851425e-06,9.56362269163983e-05,0,0.0289472183933968,0.000125363045005645,0.0158685479630062
0,0.00104044580544667,0,0.00736346378017743,0,5.34370876108955e-05,0,0,1.09132774168915e-05,0.000287846451129386,0,0,0,0,0,0,0.000773079075199591,0.000967820083021539,0.0177353455629957,7.59140595455818e-05,0,0,6.62959196792115e-06,0,0,0,0,0,0,0,0,0.000485239223542851,0,1.25937415319079e-05,0,0.000312462308245045,0,0.000193441311007455,0,0.0534084274896703,0.000845968175760079,0,0.00575344427957733,0.0172152669528439,0.000428776792027758,0.026481718088411,0.00068626924065899,0.00170879572286053,5.19371988990278e-06,0.0238279540255695,0,9.28007365153422e-06,0,0,0,0.000221147641731867,0,0.00279517449183189,0,9.18811551236547e-05,2.33962191798294e-05,7.05442571983313e-05,0.00354494928942037,0,0,0,0,0,0,0,0,0,0.0163006905792673,0,0.000210049071740771,0,0.000177841483258616,0,0.0119410273351575,1.93154322357235e-05,0.00856273272626057,0,0.00130191027388172,4.18945745775143e-06,0.0812311592115335,0.0750144721154538,0.00046392037674175
0.000790457999094268,0,0.00594456858316234,0,2.49686074541234e-05,0,0,0,2.20509454769923e-05,0,0,0,0,0,0,0,0.00190766388339595,0.000649545527050456,0.0184492162183209,0,0,0,0,0,0,0,0,0,8.21851588223618e-05,0,5.81030140012132e-05,0,0,0,0,1.92923048460012e-06,3.62552354111689e-06,0,0,0.000683012780559946,0.0924129173298656,0.00575344427957733,0,0.000507041632796409,0.0177857694054626,0.000738470666453608,0.0541156970331009,0.000144179207247768,0.00204664852497327,5.3051897842437e-05,1.56261754265545e-05,0,0,0,0,0,0.000176284071599423,0,0,0,0,0,1.22554034564053e-05,0.00591571872162049,0,0,0,0,0,3.94462470782043e-05,0,0.000165506066454042,1.01905175287198e-05,0.000518917146639201,0,0,0,0,0.000118670145314227,0.00423535796312269,1.99797633111827e-05,0,0.000727783244236168,0,0.0664968586006657,5.73889193807416e-05,0.0717782201689056
0,0,0,0,0,0,0,0,0,0,0,0,0,0,0,0,0.000235161317702739,0.000405601668190008,0.0142930821352306,0,0,0,0,0,0,0,0.000606133962994349,0,0,0,0,0.000113492046445891,0,0,0,2.74122912170761e-05,0,0,0,0.0221279801605099,0.00048317024083224,0.0172152669528439,0.000507041632796409,0,0,0.0210944755102335,0.000168726870652055,0.000427569009146246,0,0.00156495088026578,0,0,0,0,0,0,0,0,0,0,0,0,0.00101080003347847,0,0,0,0,0,0,0,0,0,0.000118812619478386,0,1.92507396261311e-05,0,0,0,0.00200670389859903,2.10938710164705e-06,0.000171345134179595,0,3.77975723942129e-05,6.60101340435376e-06,0.026064036970652,0.0142146625054238,0
0,0,0.000152655237605192,0,0,0,0,0,0,0,0,0,0,0,0,0,0.000233016222350414,0.000145165130927986,0.00329472771534916,0,0,0,0,0,0,0,0,0,0,0,0,6.36225059177931e-05,0,0,0,0,0,0,0,5.06544942559684e-05,0.0364691865878488,0.000428776792027758,0.0177857694054626,0,0,3.44608600784121e-05,0.0176859183355612,0.000150610440790064,0.00024666024055188,0,0,0,0,0,0,0,0,0,0,0,0,0,1.32424413254104e-05,0.000367828864573708,0,0,0,0,0,0,0,0,0,0,0,0,0,0,1.19745903361599e-05,0.000563400232294522,0,0,3.60717375423686e-05,0,0.00467896867210075,4.24752998297393e-05,0.00996207227220821
0,0,0,0.0183571781775738,0,0.000181647673826522,0,0,0,4.04453859549625e-05,0,2.42631201599875e-05,0,0,0,0,0.000344657175369694,0.000605232614293745,0.020909012042319,0.000361261073016532,0,0,0,0,0,0,0,0,0,1.21904522448612e-05,0,4.70444024605407e-05,0,0,0,4.0394601624288e-05,0,0.000102946513349418,0,0.0172043822599982,0.000137504987540272,0.026481718088411,0.000738470666453608,0.0210944755102335,3.44608600784121e-05,0,0.000125495852776603,0.00151344683864116,0,0.0105453770649177,0,1.48205137193309e-05,0,0,0,0.000300280028926154,0,0.00146266894727948,0,0,0,0,0.0893891596892365,0,0,0,0,0,0,0,0,0,0.00627592093741006,0,6.95536437371122e-06,0,0,0,0.0143721018241052,2.81975693669402e-06,0.00338395428258785,0,0.000299721812267047,1.46139402627238e-05,0.081699679579166,0.00348262272054326,0.000169313396916563
0,0,0.0036724544949062,0,0.00192546451066464,0,0,0,0.000747497870587667,0,0,0,0,0,0,0,0.00124881429839193,0.000341495595645651,0.0177128010147597,0,0.000113273560785618,0,0,0,0,0,0,0,0.000371244487822447,0,0.000675609809294262,0,0,0,0,6.16437887524351e-06,3.35189630739942e-05,0,0,0.000151837100972372,0.0737843801366787,0.00068626924065899,0.0541156970331009,0.000168726870652055,0.0176859183355612,0.000125495852776603,0,0.00159781455241313,0.0101087511198225,0.000544803771283583,6.15357883188675e-05,0,0,0,0,0,0.000249103776694577,0,0,0,0,0,0,0.0284461099344987,0,0,0,0,0,0,0,0.000317425743170828,0,0.00284264464369937,0,0,0,0,6.02526074845755e-05,0.0172551919088855,8.33238993794695e-06,3.06718004849537e-05,0.000183855121675649,0,0.0484062360060349,2.85433268056213e-05,0.0070730724738178
0,1.2616431039784e-05,9.09891101785331e-06,0,8.17802852143197e-05,0,0,0,0,0,0,0,0,0,0,0,7.20991634537877e-06,2.15397460196757e-05,0.000441287455839861,0,0,0.000431258178224686,0.00016673155977713,0,0,0,0,0,0,0,0,0.0192745664372253,0.013448165802338,0.035075061845025,0.0364862813879533,0.004960039698088,0.00403999982905196,0.00294256264247265,0.00347804630761883,0.00482163666463538,0.00201553974398546,0.00170879572286053,0.000144179207247768,0.000427569009146246,0.000150610440790064,0.00151344683864116,0.00159781455241313,0,0.0168908428742003,0.0174480857304689,2.60140292068787e-05,0,0,0,0,0,0,5.4818362328861e-06,0,0,0,0,4.99476575426742e-06,0.000175067917096124,0.0011869500815151,3.94424365136145e-05,0,0,0,0,0,0,8.35829138372268e-06,2.75503058265346e-05,0.0170085650965317,0.0167562303241882,0.0317365145690022,0.0534537421659871,0.0274906262209348,0.0085650342783961,0.00520675141019026,0.00231683000887396,0.00103949686405235,0,0.00682139143845184,0.000149352821564557,0
0.0086180301691531,0,0.00167722517560861,0,6.35270701644685e-06,0,0,0,0.000392108649612986,0,0.000431248276752249,0,0,0,0,0,5.52593194476513e-05,5.02847753777356e-06,0.000163606227540627,0,0.00104584998883954,1.48547773146722e-06,0.00175966713048864,0,0.00169134457931603,0,0,0,1.01724321522852e-05,0,0.000960310185665331,0,0,5.68871322433712e-06,0.000222252335817112,0,0.000208183899320598,0,0.00692551481556713,0,0.00638515524530082,5.19371988990278e-06,0.00204664852497327,0,0.00024666024055188,0,0.0101087511198225,0.0168908428742003,0,0.000501068588621886,0,0,0,0,4.63819400679456e-05,0,0.000818574609294159,0,8.2891233693282e-05,0,0.00162457705583988,0,0,0.00191652277856161,0,0.000625965939829844,0,0.0101067896138513,0,0.000153228688382373,0,0.00399141293807685,0,0.000345555051159271,0,0,2.9928072232567e-05,3.13232956405984e-05,6.26381592255146e-07,0.00380453121225626,1.16772088695397e-05,0.0150033596166782,0.000477244389646534,0,0.0192639396229737,0,0.00026403504533446
0,0.00917478049890543,0,0.00711460020428841,0,7.88351724543917e-05,0,0,0,0.000871566281337576,0,0,0,0,0,3.39667889476932e-05,0,1.27886040928968e-05,0.000583339263295453,0,0,0.00296571889736812,0,0.00458418930707522,0,0.000156228796912757,0,0,0,0,0,6.81128251406364e-05,0,7.49332048879245e-05,1.39028156930475e-05,0.000318650764329734,4.60260579172295e-05,0.00422932935709128,0,0.0376108678877622,0.000391795808695675,0.0238279540255695,5.3051897842437e-05,0.00156495088026578,0,0.0105453770649177,0.000544803771283583,0.0174480857304689,0.000501068588621886,0,0,0,0,0,0,0.00154904718505224,6.53986350298442e-05,0.00200255933193392,0,0.00204283888572789,0,0.00742351253324056,0.00029923890253515,0,0.0077912622230049,0,0.00983541772544096,0,0.0147315318354071,0,0.00270769955291912,0,0.00313970532002381,0,0.000156648923396105,0,0.000466290363163088,6.74792351531554e-05,0.00325236884150031,6.68961787818654e-05,0.00510962273624552,2.23093680028229e-05,0.0010357184859729,0,0.0380576254012751,0.00202437747627534,7.66425889202452e-06
0.00131555977230428,0,0.00722386007935211,0,0.115679467405224,0,0,0,0.00105546682591939,0,0,0,0,0,0,0,5.05793624230931e-06,0,0,0,0.00507604266069814,0,0,0,0,0,0,0,0,0,0,0,0,0,0,0,1.47962409386105e-06,0,0,0,0,0,1.56261754265545e-05,0,0,0,6.15357883188675e-05,2.60140292068787e-05,0,0,0,0,0.00511185867655062,0,0.0110762730026139,0,0.00402140012756488,0,0.00982155468317721,0,0.0060862112480549,0,0,0.00464651414650719,0,0,0,0,0,0,0,0,0,0,0,0,0,0,0,3.77580974786112e-05,0,0,0.000207893634998543,0,0.00214812989793823,0,0
0,0.000164734997980236,0,0.00948617112276772,0,0.0388647802261786,0,0.00070710771394822,0,0.00482697711678965,0,0,0,0,0,0,0,0,0,0.000114348498798113,0,0,0,0,0,0,0,0,0,0,0,0,0,0,0,0,0,0,0,0,0,9.28007365153422e-06,0,0,0,1.48205137193309e-05,0,0,0,0,0,0,0,0.0100846041089803,0,0.00749503347983049,0,0.0114154974361629,0,0.0037219203733338,0,0.0130811411718847,0,0,0,0,0,0,0,0,0,0,0,0,0,0,0,0,8.00773350313495e-07,0,0,0,1.1149140784124e-05,0,3.55913686740056e-05,0,0
0,0,0,0,0.000392128814934679,0,0.026313609064868,0,0,0,0.00164003206063203,0,0,0,0,0,0,0,0,0,0,0,0,0,0,0,0,0,0,0,0,0,0,0,0,0,0,0,0,0,0,0,0,0,0,0,0,0,0,0,0.00511185867655062,0,0,0,0,0,0.0175825600207426,0,0.000248017585652235,0,0,0,0,0,0,0,0,0,0,0,0,0,0,0,0,0,0,0,0,0,0,0,0,0,0,0,0
0,0,0,0,0,0.00117394675483362,0,0.0301967360942137,0,0,0,0,0,0.0001022625706276,0,0,0,0,0,0,0,0,0,0,0,0,0,0,0,0,0,0,0,0,0,0,0,0,0,0,0,0,0,0,0,0,0,0,0,0,0,0.0100846041089803,0,0,0,0,0,0.0132884595188056,0,0.000110736551659368,0,0,0,0,0,0,0,0,0,0,0,0,0,0,0,0,0,0,0,0,0,0,2.86584017145521e-05,0,0,0,0
0.0483841187886585,0,0.0124929482982204,0,0.0246962545586261,0,0,0,0.158542689630716,0,0,0,0,0,0.000634864571838284,0,0.000703008031712538,0.000124350217067486,4.29383487859738e-05,0,0,0,6.5641976905803e-05,0,0.010299444926371,0,0.00247757144342664,0,0,0,0,0,0,0,0,0,0,0,5.87025865498071e-05,0,0,0,0,0,0,0,0,0,4.63819400679456e-05,0,0.0110762730026139,0,0,0,0,0,0,0,0,0,0.0144386139473956,0,0,0,0,0.000104494818337059,0,0.00934359481014463,0,6.95816731724605e-05,0,0,0,0,0,0,0,0,0,0,0,0.000295047566587086,0.00014403242289455,0,0.000217515952666194,0,0
0,0.0460194849866624,0,0.0431053469256633,0,0.045188304448357,0,0,0,0.0725321711772211,0,0,0,0,0,0.0265187123671501,0,3.63879463955337e-05,0,0,0,0,0,0.0170124785673896,0,0.0238916758263975,0,0,0,0,0,0,0,0,0,0,0,0.000112709732744592,0,0,0,0.000221147641731867,0,0,0,0.000300280028926154,0,0,0,0.00154904718505224,0,0.00749503347983049,0,0,0,0,0,0.00164197756444873,0,0,0,0.00387304166109679,0,0,0,0,0.00143419907707825,0,0,0,0,0,0,0,0,0,0,0,0,0,0.000237297169637073,0,0.000442838487231436,0,0.00139393390898091,0.000593459341453558,0
0,0,0.00331759522638334,0,0.000733666191001361,0,0.000286236279911822,0,0,0,0.0355147675911031,0,0.000546494922859978,0,0,0,0,0,9.09113572883477e-06,0,0.0143502476539339,0,0,0,0,0,0,0,0.00217907702910076,0,0.000435360784498713,0,0,0,0,0,0,0,0.000134712484639684,0,0.000110384471352335,0,0.000176284071599423,0,0,0,0.000249103776694577,0,0.000818574609294159,6.53986350298442e-05,0.00402140012756488,0,0.0175825600207426,0,0,0,0,0,0.0106574566718398,0,0.00086297282415321,0,0,0.0158380770233899,0,0,0,0,0,0,0,0.0349815929974967,0,0.00286056205516736,0,0,0,0,0,0,0,9.25873787513267e-06,0.000152235540748873,0,0.0120932517578262,0,0.000315737933927728
0,5.8635831745544e-05,0,0.00264316165956343,0,0.00438447704517622,0,0.00322115435533576,0,0.000308446725704716,0,0.0585912967446819,0,0.00164807561357128,0,0,0,0,3.21172476099848e-06,0.000245359516734702,0,0,0,0,0,0,0,0,0,5.64747525931104e-05,0,0,0,0,0,0,0,0.001627630595045,0,1.5051518314853e-05,0,0.00279517449183189,0,0,0,0.00146266894727948,0,5.4818362328861e-06,0,0.00200255933193392,0,0.0114154974361629,0,0.0132884595188056,0,0.00164197756444873,0,0,0,0.00265653942024304,0,0.000224719085611646,0.0167210197032577,0,3.51011252828866e-06,0,0,0,0,0,0.0161670337884322,0,0.0732517525786404,0,0,0,0,0,1.31070858152041e-05,0,0.000889878610249375,0,0.000155018860903803,0,0.0253937161605804,0.000651318990368407,0
4.08132010676632e-05,0,0,0,8.3229738962493e-05,0,0,0,0,0,0.000104239908548503,0,0.0206763554135984,0,0.000470098716778,0,0,0,0,0,0,0,0,0,0,0,0,0,0,0,0,0,0,0,0,0,0,0,0,0,0,0,0,0,0,0,0,0,8.2891233693282e-05,0,0.00982155468317721,0,0.000248017585652235,0,0,0,0.0106574566718398,0,0,0,0.0157378274566783,0,0,0.00032809024924535,0,0,0,0,0,0,0,0.000784698662796333,0,0,0,0,0,0,0,0,0,0,6.91947714108244e-06,0,9.17032655248599e-05,0,0
0,0,0,9.21699112558223e-05,0,3.79118706297452e-05,0,5.89866103837267e-05,0,0,0,0.000145067843671647,0,0.0116004124130991,0,0,0,0,0,0,0,0,0,0,0,0,0,0,0,0,0,0,0,0,0,0,0,0,0,0,0,9.18811551236547e-05,0,0,0,0,0,0,0,0.00204283888572789,0,0.0037219203733338,0,0.000110736551659368,0,0,0,0.00265653942024304,0,0,0,0.0101713966742823,1.7323966883734e-05,0,0,0,0,0,0,0,0.0187936019892372,0,0,0,0,0,0,0,0,0,2.18264810559896e-06,0,0,0,0.00114294920720954,0.000124043855773265,0
0.0155857287343302,0,0.00069976567555495,0,0,0,0,0,0.0362367647478848,0,0,0,0.00113576169142779,0,0.0451438903436065,0,0.00574479406409343,7.45730789694513e-05,0.000190765176663207,0,0,0,6.48967073597087e-05,0,0,0,0.00154651596761519,0,0,0,0,0,0,0,0,0,0,0,0,0,0,2.33962191798294e-05,0,0,0,0,0,0,0.00162457705583988,0,0.0060862112480549,0,0,0,0.0144386139473956,0,0.00086297282415321,0,0.0157378274566783,0,0,0,0,0,0,0,0,8.89650387519668e-05,0,0.000461910075425538,0,6.24129672488708e-05,0,0,0,0,0,0,0,0,0,0,0.000522744959535169,0.000191423574210503,4.89187984925685e-05,0,0
0,0.00999372871169022,0,0.00110281912069488,0,0.000932954199975951,0,0,0,0.00161221262265412,0,0,0,0,0,0.00969509832991724,0,0.000778663641594417,0,0,0,0,0,0,0,0.000476105794428998,0,0,0,0,0,0,0,0,0,0,0,0,0,0,0,7.05442571983313e-05,0,0,0,0,0,0,0,0.00742351253324056,0,0.0130811411718847,0,0,0,0.00387304166109679,0,0.000224719085611646,0,0.0101713966742823,0,0,0,0,0,0,0,0,0.0193658908993477,0,0,0,0,0,0,0,0,0,0,0,0,0,1.21335915973101e-06,0,0.00114292521573701,5.71125503331287e-05,0
0,0,0,0.000958683339282432,0,0.000121449951042329,0,0,0,0,0,0.00541860452066598,0,0,0,0,1.97246019125273e-05,0,0.000271415650078772,0.0842547142738767,0,0,0,0,0,0,0,0,0,4.06305471799354e-05,0,0,0,0,0,0.00582453671898934,0,0.00310709341948967,0,0.0273086915983077,0,0.00354494928942037,1.22554034564053e-05,0.00101080003347847,1.32424413254104e-05,0.0893891596892365,0,4.99476575426742e-06,0,0.00029923890253515,0,0,0,0,0,0,0,0.0167210197032577,0,1.7323966883734e-05,0,0,0,0,0,0,0,0,0,0,1.20035585838831e-05,0,0.0143570965989908,0,0,0,0,0,0.0176537026830379,0,0.0152292338885823,0,0.000415464393586792,8.48359044763206e-05,0.0366317934787048,0.000388149113531353,0
0,0,0.00120261144544108,0,0.00871843654423277,0,9.08500365144329e-05,0,0.000451286880910232,0,0.00139063145446556,0,0.000380101389450975,0,0,0,5.48328987620898e-06,2.39980284938694e-06,6.07658246020054e-05,0,0.0276866992391915,0,0,0,0,0,0,0,0.00464290412910004,0,0.00200286811593387,0,0,0,0,0,0.00255619395994499,0,7.27037483849269e-06,6.71685871083175e-06,0.00249166799107692,0,0.00591571872162049,0,0.000367828864573708,0,0.0284461099344987,0.000175067917096124,0.00191652277856161,0,0.00464651414650719,0,0,0,0,0,0.0158380770233899,0,0.00032809024924535,0,0,0,0,0,0,0,0,0,0,0,0,0.0111186873954599,0,0.0150260045519863,0,0,0,0,0,0.0111523466845755,0,0.00021820956192534,0.000136138767675136,0,0.0176587917771213,0,0.00254997912735411
0,0,0,0,0,0,0,0,0,0,0,0,0,0,0,0,0.000127555031021384,0.000214273031348881,3.76415360809831e-05,0,0,0.0564613567902163,6.1637759187236e-05,0.00193543525777511,0,0.00319775194804558,0,0.000133663494381931,0,0,0,0,0,1.75693602376759e-05,0,0,0,0.00268949446177047,0,0,0,0,0,0,0,0,0,0.0011869500815151,0,0.0077912622230049,0,0,0,0,0,0,0,3.51011252828866e-06,0,0,0,0,0,0,0,0,0.00820842334958817,0,0.00248355987486111,0,0.00791558710398009,0,6.40829196764017e-05,0,0,0,0,0,0,0,0.00399103462907025,0,0.000970220314124594,0,0,0,0
0,0,0,0,0,0,0,0,0.000105873511427389,0,0,0,0,0,2.88097498150183e-05,0,0.00217977481442097,0.000341259964498009,6.44905930360404e-05,0,0,0,0.0555020059788651,0,0.000501770104673477,0,0.000358446412374349,0,0.0013157878999953,0,0,0,0,0,0,0,0,0,0.000666174701040878,0,0,0,0,0,0,0,0,3.94424365136145e-05,0.000625965939829844,0,0,0,0,0,0.000104494818337059,0,0,0,0,0,0,0,0,0,0,0,0,0.000954161154637089,0,0.000583070828052812,0,0.0105732971377601,0,3.94538893182424e-05,0,0,0,0,0,0,0,0.00806083122470317,0.000568806582755961,0,1.64941146671184e-05,0,0
0,0.000177417986194563,0,0,0,0,0,0,0,0.000725592628272761,0,0,0,0,0,0,0,0,0,0,0,0.00335018004717638,0,0.0901243159946444,0,0.0401049659757304,0,0,0,0,0,0,0,0,0,0,0,0.0014389456576339,0,0,0,0,0,0,0,0,0,0,0,0.00983541772544096,0,0,0,0,0,0.00143419907707825,0,0,0,0,0,0,0,0,0.00820842334958817,0,0,0,0.0985722568235642,0,0.00293447226971052,0,0,0,0,0,0,0,0,0,0.00334830051274595,0,3.90007081789975e-05,0,0.00384733519287962,0,0
0.000105908943631485,0,0,0,0,0,0,0,0.00175221834759964,0,0,0,0,0,3.6722214969855e-05,0,7.14968927200306e-05,0,0,0,0,0,0.00131816755440463,0,0.07168244921509,0,0.00880676165132389,0,0,0,0,0,0,0,0,0,0,0,0.000400238596168811,0,0,0,0,0,0,0,0,0,0.0101067896138513,0,0,0,0,0,0.00934359481014463,0,0,0,0,0,8.89650387519668e-05,0,0,0,0,0.000954161154637089,0,0,0,0.0434338762097647,0,0.00364562141244893,0,0,0,0,0,0,0,0,0,0.000305435059327683,3.22591300276421e-05,0,0.00099099007491043,0,0
0,0,0,0,0,0,0,0,0,0,0,0,0,0,0,0,1.14950803106761e-05,0.00489481017123202,5.0235191372184e-06,0,0,0.000730110394098355,0,0.00533784989995313,0,0.0702616563622129,0,0.000126689868775046,0,0,0,0,0,0,0,0,0,0,0,0,0,0,0,0,0,0,0,0,0,0.0147315318354071,0,0,0,0,0,0,0,0,0,0,0,0.0193658908993477,0,0,0.00248355987486111,0,0.0985722568235642,0,0,0,0.00559049172074696,0,0,0,0,0,0,0,0,0,0,0,1.8437439604366e-05,0,0.000720197948258019,0,0
0,0,0,0,0,0,0,0,0.000104260749052379,0,0,0,0,0,0.000773340218082508,0,0.00569419111290427,0.000291207481987691,0.000661700820460192,0,0,0,0.00048861833851489,0,0.0299983454802983,0,0.0255443986023062,0,0,0,0,0,0,0,0,0,0,0,4.23122872626313e-06,0,0,0,3.94462470782043e-05,0,0,0,0,0,0.000153228688382373,0,0,0,0,0,6.95816731724605e-05,0,0,0,0,0,0.000461910075425538,0,0,0,0,0.000583070828052812,0,0.0434338762097647,0,0,0,0.00424211541300594,0,0,0,0,0,0,5.5975662724143e-06,0,0,1.02521690758703e-05,0.00012555292288596,0,0.000392835777623047,0,0
