0,0,0.0822606088698783,0,0.000441911337380725,0,0,0,0.0759145804354422,2.73945491233839e-05,0,0,0,0,0.000334361631878274,0,0.00029284610655777,0.000886559771468998,0.00462067807816319,0,3.60221499713274e-05,0,0,0,0,0,0,0,0,0,0,0,0,0,0,0,0,0,4.26405444016714e-06,0.000342869602437359,0.000139609401275094,1.2660468279612e-05,0.00613308383680942,0,0,7.90557485936053e-06,0.00530065812062026,0,0.0359496896193279,0,0.000952268549255399,0,0,0,0.0640722134440605,0,0.00221278892516178,0,0.00340669398382847,0,0.00259748996390176,0,0,0.000747602747102207,0,0,0,0,0,0,0,0,0,0,0,0,0,0,7.24861781409858e-06,0.00108067199589115,0,0,0.00108719336849751,8.11711211390946e-05,0.0338925304755524,0,0.0200498911216765
0,0,0,0.0650364252092747,0,0.00366347455954031,0,0,0,0.142711675021801,0,0,0,0,0,0,3.99340921982921e-05,0,0.000644666424088235,0,0,0,0,0,0,0,0,0,0,0,0,0,0,0,0,0,0,0.000131880414751528,0,0,0,0.00636631402186996,0,0,0,0,9.90336040490591e-06,0,0,0.0102961684633111,0,0.00484781254857521,0,0,0,0.0506301307246019,0,0.000196722217381302,0,0,0,0.00236059813429533,0,0,0,0,0,0,0,0,0,0,0,0,0,0,0,0,0,0,0,0,0.000681476301805583,4.60683265897839e-05,0.00379447391188574,0,0
0.0822606088698783,0,0,0,0.124558473620897,0,0,0,0.0451755136115504,0,0,0,0,0,0,0,7.13097931231543e-06,3.3500035207182e-05,0.000211565839045246,0,0,0,0,0,0,0,0,0,0,0,0,0,0,0,0,0,0,0,0,1.5425749389182e-05,0,0,0.00100771237086001,0,0,0,0.00224616163678198,0,0.0148837175961975,0,0.0869538718139435,0,0,0,0.0710125111264703,0,0.00921681097434201,0,0.00207046845596482,0,0.00337209184218092,0,0,0.000272877573525237,0,0,0,0,0,0,0,0,0,0,0,0,0,0,0,0.000493345430952561,0,0,0.0010025076005163,1.62019082080665e-06,0.0454990332855585,0,0.000334066192196513
0,0.0650364252092747,0,0,0,0.0877726582777416,0,0,0,0.0566845317012533,0,0,0,0,0,0,0,0,3.99069041485782e-05,0,0,0,0,0,0,0,0,0,0,0,0,0,0,0,0,5.1798813688885e-05,0,0,0,6.33292045624553e-05,0,0.0124418495181769,0,0.000236462797937427,0,0.00974938733849795,0,2.11119981547486e-05,0,0.0198362811000454,0,0.0294667800169459,0,0,0,0.0111026072846877,0,0.00734826966316852,0,0.00333091630063042,0,0.00150964147981196,5.57158652679524e-05,0,0,0,0,0,0,0,0,0,0,0,0,0,0,0,1.02155013772276e-05,0,0,0,0.00243436035069748,0.00050363599352823,0.078544669247464,0.00819514872206983,0
0.000441911337380725,0,0.124558473620897,0,0,0,0.00195691198710416,0,0.0339943789978489,0,0,0,0.00201983998769467,0,0.00132009995967425,0,0,0,0,0,4.30915035432068e-05,0,0,0,0.00027036592985264,0,0,0,0,0,0,0,0,0,0,0,0,0,0,0,8.70941724602152e-05,0,9.52873460952808e-05,0,0,0,8.63898930578153e-05,0,0.000126406725381173,0,0.109363603114793,0,0.030944134892124,0,0.0578092203874592,0,0.00386377760909372,0,0.00730301273915543,0,0.00193675683426479,0,0,0.000278123631078026,0,0,0,0.000318502953677759,0,0,0,0,0,0,0,0,0,0,0,0,0,2.36114913927004e-06,0.00108679807219892,0,0.0168596117382682,0,0
0,0.00366347455954031,0,0.0877726582777416,0,0,0,0.0246618103706259,0,0.0151112294842774,0,0,0,0,0,0,0,0,0,0,0,0,0,0,0,0,0,0,0,0,0,0,0,0,0,7.64573166679251e-05,0,0,0,7.8497298636774e-05,2.69722507967793e-05,1.03196637917986e-05,0,0,0,0.00924791928303616,0,0.000177973614691461,0,7.48617335885647e-05,0,0.125350990112862,0,0.00874269756395193,0,0.041677099910483,0,0,0,0,0,0,0.00728726834386129,0,0,0,0,0,0,0,0,0,0,0,0,0,0,0,0.000785762162541492,0,0,0,0.00397721919688439,0.000286908175468142,0.0338360817760207,0,0
0,0,0,0,0.00195691198710416,0,0,0,0,0,0.000230144194820796,0,0.00771122763412603,0,0,0,0,0,0,0,0.000604298091963086,0,0,0,0,0,0,0,0,0,0,0,0,0,0,0,0,0,0,0,0,0,0,0,0,0,0,0,0,0,0,0,0.233297978994458,0,0,0,0,0,0.00710220285328484,0,0,0,0,0,0,0,0,0,0,0,0,0,0,0,0,0,0,0,0,0,0,0,0.00236645247992777,0.000112571928886625,0,0,0
0,0,0,0,0,0.0246618103706259,0,0,0,0,0,0,0,0.0106107230921948,0,0,0,0,0,0,0,0,0,0,0,0,0,0,0,0,0,0,0,0,0,0,0,0,0,0,0,0,0,0,0,0,0,0,0,0,0,0.0226896563673986,0,0.120454917394959,0,0,0,0,0,0.00599577290886865,0,0,0,0,0,0,0,0,0,0,0,0,0,0,0,0,0,0,0,0,0,0,0.00108343088631525,0,0,0,0
0.0759145804354422,0,0.0451755136115504,0,0.0339943789978489,0,0,0,0,0,0,0,0,0,0.0299220096142471,0,0.0140932074165999,0.00212898135700242,0.00427578909128467,0,0,0,5.06296305264437e-06,0,0.0120641503536092,0,0.00872482142185748,0,0,0,0,0,0,0,0,0,0,0,0.000736049408729068,0.000198162017661372,1.29303641454347e-05,1.163850884815e-05,0.000592888799947928,0,0,0,0.000185847944308673,0,0.00695621235769905,0,0.0332541464300126,0,0,0,0.245070301882185,0,3.13460169598873e-05,0,0.00260649078660035,0,0.0358383629443288,0,0,0.000160038590659306,0,3.59498773856307e-05,0,0.00241395936943149,0,0.00143560248326644,0,0,0,0,0,0,0,0,0,1.70857830111781e-05,0,0.00052445483093131,0.00322131178933858,1.93873372694694e-05,0.000956934157258185,0,0
2.73945491233839e-05,0.142711675021801,0,0.0566845317012533,0,0.0151112294842774,0,0,0,0,0,0,0,0,0,0.0110844564732052,0,0.00427174485633869,0.00014964658825312,0,0,0,0,0.0165664118350519,0,0.00469609068231396,0,0,0,0,0,0,0,0,0,0,0,0.00659807165141721,0,1.76055328074843e-05,0,0.00163750285763424,0,9.90663442375574e-05,0,0.000552974647871334,0,0,0,0.00284591208419,0,0.0160861339826224,0,0,0,0.136931240512841,0,0,0,0,0,0.00113276285027052,0,0,0,0,0.00416873293122523,0,0,0,0,0,0,0,0,0,0,0,0,0,0.0026450304358176,0,0.00314538563084269,0.000147239830986534,0.00938223396339731,0.000244768322518706,0
0,0,0,0,0,0,0.000230144194820796,0,0,0,0,0,0.0115682670901811,0,0,0,0,0,0,0,0.0583334281316288,0,0,0,0,0,0,0,0.00106967396961133,0,0.00119791062992189,0,0,0,0,0,0.0158356002185937,0,0.0374286668632227,0,4.03968769717043e-05,0,0.000130699961224992,0,0,0,0.000132823566920676,0,0,0,0,0,0.00128424290144361,0,0,0,0.146974144859316,0,0.00728995352915654,0,0,0,0,0.00222808361468244,0,0,0,0,0,0,0,0.00187600943092938,0,0.00501978615988729,0,0,0,0,0,0.00108027653814674,0,0.00298936471549788,0.00377332698998071,0.00117019082134489,0.000276049682910283,0,6.20529630742071e-05
0,0,0,0,0,0,0,0,0,0,0,0,0,0.0194896537682674,0,0,0,0,0,0.00577753637322993,0,0,0,0,0,0,0,0.00353495083794051,0,0.001217113770261,0,0,0,0,0,0.000252187364832626,0,0.0229551582392264,0,0,0,0,0,0,0,0,0,0,0,0,0,0,0,0.00201757048622947,0,0,0,0.0874758750016466,0,0.00725428113604063,0,0,0.000803600883553832,0,0,0,0,0,0,0,0,0,0,0,0,0,0,0,4.37380603189883e-05,0,0.00641250330736536,0,0.000744622452290245,0,0.000140988402260004,0,0
0,0,0,0,0.00201983998769467,0,0.00771122763412603,0,0,0,0.0115682670901811,0,0,0,0.00317439989548009,0,0,0,0,0,0,0,0,0,0,0,0,0,0.00294197672327096,0,0.00739883999750081,0,0,0,0,0,0,0,0,0,0,0,0,0,0,0,0,0,0,0,0.0011421716085645,0,0.00414775196658446,0,0,0,5.12186116723799e-05,0,0.0906458746137456,0,0.000125017816954661,0,0,0,0,0,0,0,0,0,0,0.000356973432775411,0,0,0,0,0,0,0,0,0,0,0.00141596986319517,0.00292446887203451,0,0,0
0,0,0,0,0,0,0,0.0106107230921948,0,0,0,0.0194896537682674,0,0,0,0.00464527724158938,0,0,0,0,0,0,0,0,0,0,0,0,0,0,0,0,0,0,0,0,0,0,0,0,0,0,0,0,0,0,0,0,0,0,0,0,0,0.00142086171695058,0,0,0,0.000353959325094983,0,0.0719051995903512,0,0.00756462173497093,0,0,0,0,0,0,0,0,0,0,0,0,0,0,0,0,0,0,0,0,0.00218329471701608,0.00133705891192829,0,0,0
0.000334361631878274,0,0,0,0.00132009995967425,0,0,0,0.0299220096142471,0,0,0,0.00317439989548009,0,0,0,0.00674998686373952,0.000203155095139477,0.000506934593135711,0,0,0,0,0,0.000798178758006717,0,0.000731312724758681,0,0,0,0,0,0,0,0,0,0,0,0,0,0,0,0,0,0,0,2.60524236873733e-05,0,0,0,0.0613979953060608,0,0,0,0.00736197423094992,0,0,0,0.0322276591524865,0,0.106376935074611,0,0,0,0,0,0,0,0,0,0,0,0,0,0,0,0,0,0,9.97505214512888e-07,0,0,0.00106033558255444,6.45862045621922e-05,0,0,0
0,0,0,0,0,0,0,0,0,0.0110844564732052,0,0,0,0.00464527724158938,0,0,3.71094393227104e-05,0.000142426218415814,0,0,0,0,0,0,0,0,0,0,0,0,0,0,0,0,0,0,0,0,0,0,0,0,0,0,0,0,0,0,0,4.56258261636137e-05,0,0,0,0,0,0.0413734200779076,0,0,0,0,0,0.0414385823576635,0,0,0,0,0,0,0,0,0,0,0,0,0,0,0,0,0,0,0,0,0.000259347066667539,6.44345572191335e-06,0,0,0
0.00029284610655777,3.99340921982921e-05,7.13097931231543e-06,0,0,0,0,0,0.0140932074165999,0,0,0,0,0,0.00674998686373952,3.71094393227104e-05,0,0.14838519642837,0.104484474674765,0,0,4.58912582418092e-05,0.00456706156102404,0.00089818066918395,0.0128793135148018,0.000508937274891386,0.0194455959164563,0,0.00176395192436833,0,0,0,0,0,0,0,0,0,0,0.00130188665955315,0.000343077257621943,0.000912901362252332,0.00130864720690584,0.000335656856573534,0.000294615457958763,0.00015027001114044,0.00163374140544363,0,0,3.75244185525235e-05,0,0,0,0,2.30698186629388e-05,0,0,0,0,0,0.00153534487086172,0,0,0.000381065736605722,0,0.000757984147796275,0,0.00092612195027329,0.000122950068593511,0.0032210637127436,0,2.00474323231944e-05,0,3.41873312218652e-05,0,0,0,0,0.000314914459839778,0.000676283552336998,2.06779699421816e-06,0.000119909781910909,0.0313583470055837,0.0340813936062944,0.00293236538106299,0.000137481010644321,0.000201712185951579
0.000886559771468998,0,3.3500035207182e-05,0,0,0,0,0,0.00212898135700242,0.00427174485633869,0,0,0,0,0.000203155095139477,0.000142426218415814,0.14838519642837,0,0.0854946957863833,0,1.55216503410832e-05,0.00156096395171545,0,0.0105488245425558,0.00281619818213973,0.0191323712756743,0.000471813868538859,0,0,0,0,0,0,0,0,0,0,0,0,0.00214422949567334,9.37055920753524e-05,0.00121116226337922,0.000194630359764634,0.00025196468298192,8.94512333870007e-05,0.000166528694693896,0.000723022515692516,0,0,2.72221773448943e-05,0,0,0,0,0,0.000949114845696562,0,0,0,0,3.15134487169919e-05,0.000153609868949216,0,0.000166772410395594,0.000800129097559105,0,0.000596146692458246,2.59728650929062e-05,0.00296778723066445,4.73413097213755e-05,0,0,0,0,0,0,0,0,0.000375929325040675,0.00029032538157883,4.41116648598264e-05,5.13955268684467e-06,0.0203429694693376,0.0288417836068205,0.00207953490072686,0.000152909238199731,1.23664769759915e-05
0.00462067807816319,0.000644666424088235,0.000211565839045246,3.99069041485782e-05,0,0,0,0,0.00427578909128467,0.00014964658825312,0,0,0,0,0.000506934593135711,0,0.104484474674765,0.0854946957863833,0,0,9.2138734240442e-05,0,0,0,0.00148048989226985,0.000326998966332287,0.000297571277267838,0,0,0,0,0,0,0,0,0,0,0,4.17664524666773e-05,0.0394735275602197,0.0046163587636329,0.0386416467800615,0.0393677272688268,0.0106099675106269,0.00710701977452768,0.00494650314062715,0.0319042715963106,5.78165091426338e-06,1.05800568618222e-05,0.00135152776937876,0,0,0,0,0,0,0.000308392113516209,0,0,0,0.000319556395571228,0,0,0.00559513324540642,0,0,0,0,0,0.000116331634623046,0,0,0,0.000213756099985535,0,0,0,0,0.00696832972920329,0.00911878826469318,0.000314503436554861,0.00136596350424736,0.0290290406910098,0.00750961346471263,0.047636053742973,0.00760050272778573,0.00622399579592457
0,0,0,0,0,0,0,0,0,0,0,0.00577753637322993,0,0,0,0,0,0,0,0,0,0,0,0,0,0,0,0,0,0,0,0,0,0,0,0.0232778446928135,0,0.00245683203618844,0,0,0,0,0,0,0,0.000988557850735643,0,0,0,0,0,0,0,0,0,0,0,0,0,0,0,0,0.194028932201356,0,0,0,0,0,0,0,0,0,0,0,0,0,0,0,0.00550597872701565,0,0.00135099450014166,0,4.70471628927454e-05,0,0.00213180393623248,0,0
3.60221499713274e-05,0,0,0,4.30915035432068e-05,0,0.000604298091963086,0,0,0,0.0583334281316288,0,0,0,0,0,0,1.55216503410832e-05,9.2138734240442e-05,0,0,0,0,0,0,0,0,0,0,0,0,0,0,0,0,0,0.0268949018809666,0,0.0150792501585546,0,0.000668919089003517,0,0.000799762806955128,0,0.000214235126846001,0,0.00898962853505739,0,0.00024485831847923,0,0,0,0,0,0,0,0.0320820980356787,0,0,0,0,0,0,0.14647122737601,0,0,0,0,0,0,0,0,0,0.0107423046890794,0,0,0,0,0,0.0149776163515971,0,0.00673828451356448,0.0019823912916551,0,0.00616418409185311,0,0.000588066126073594
0,0,0,0,0,0,0,0,0,0,0,0,0,0,0,0,4.58912582418092e-05,0.00156096395171545,0,0,0,0,0.0130010221192843,0.00698770003133883,0,0.00572108830986613,0,0.00456098714907339,0,0,0,0,0,4.25064824376142e-05,0,0,0,0.0109900994090129,0,0,0,0,0,0,0,0,0,2.66962072322701e-05,0,0.00160050735083605,0,0,0,0,0,0,0,0,0,0,0,0,0,0,0.0548921479162482,0.00246821191078775,0.0022722512998227,0,0.00484881288790806,0,0.00104704635773452,0,0,0,0,0,0,0,0,0,0.0080533205519731,0,0.00247914433609006,0.000566030038949009,2.71226348690522e-06,0,0
0,0,0,0,0,0,0,0,5.06296305264437e-06,0,0,0,0,0,0,0,0.00456706156102404,0,0,0,0,0.0130010221192843,0,0,0.00832456109473782,0,0.0024725851320238,0,0.00160986675051014,0,0,0,0,0,0,0,0,0.000179468177451505,0.0151597570871662,0,0,0,3.47681209105182e-05,0,0,0,0,1.93154406264501e-05,0.00339755814231529,0,0,0,0,0,0,0,0,0,0,0,0,0,0,0,0.000342732902071182,0.0489294035767022,0,0.00662321553289236,0,0.0148709779787628,0,0.00236914236038638,0,0,0,0,0,0,0,0,0,0.00220430800010919,0.00355697527766556,0.000928184640333232,0.000189497872548149,0,0
0,0,0,0,0,0,0,0,0,0.0165664118350519,0,0,0,0,0,0,0.00089818066918395,0.0105488245425558,0,0,0,0.00698770003133883,0,0,0,0.0292995531309562,0,0,0,0,0,0,0,0,0,0,0,0.00544143078461012,0,0,0,0,9.59316130521555e-05,0,0,0,0,0,0,0.000295437551968541,0,0,0,0,0,0.0171657370574441,0,0,0,0,0,0,0,0,0.000782630621935685,0,0.241299084094574,0,0.0292952371262832,0,0,0,0,0,0,0,0,0,0,0,0.00203581280332783,0,4.80303569088604e-05,3.2881739535797e-05,0.00129920469154369,0,0
0,0,0,0,0.00027036592985264,0,0,0,0.0120641503536092,0,0,0,0,0,0.000798178758006717,0,0.0128793135148018,0.00281619818213973,0.00148048989226985,0,0,0,0.00832456109473782,0,0,0,0.0391298975164877,0,0,0,0,0,0,0,0,0,0,0,0.00408836097207149,0,0,0,1.68071601951611e-05,0,0,0,4.52570001156921e-05,2.22587198755134e-05,0.000101967031675598,0,5.63449120336988e-05,0,0,0,0.0255592427363215,0,0,0,0,0,7.45964343384919e-05,0,0,0,0,0.00111582610693877,0,0.0223324211633153,0,0.0411164661227821,0,0.000263193318186219,0,0,0,0,0,0,0,0,0,0.000627304710478515,0.000500287142612657,0,0.000748004203575501,0,0
0,0,0,0,0,0,0,0,0,0.00469609068231396,0,0,0,0,0,0,0.000508937274891386,0.0191323712756743,0.000326998966332287,0,0,0.00572108830986613,0,0.0292995531309562,0,0,0,0,0,0,0,0,0,0,0,0,0,0,0,0,0,0,0,0,0,0,0,0,0,0,0,0,0,0,0,0.0012083309509324,0,0,0,0,0,0,0,0,0.00116966298308624,0,0.023987799245198,0,0.00854831263521185,0,0,0,0,0,0,0,0,0,0,0,0,0,9.2877110250237e-05,0,0,0,0
0,0,0,0,0,0,0,0,0.00872482142185748,0,0,0,0,0,0.000731312724758681,0,0.0194455959164563,0.000471813868538859,0.000297571277267838,0,0,0,0.0024725851320238,0,0.0391298975164877,0,0,0,0,0,0,0,0,0,0,0,0,0,0,0,0,0,0,0,0,0,0,0,0,0,0,0,0,0,0.0298784452144187,0,0,0,1.17355512012785e-05,0,0,0,0,0,0,0.000121704781620568,0,0.000300446155939247,0,0.0309326472559669,0,0.000872105755683452,0,0,0,0,0,0,0,0,0,0,0.000232328572381526,0,0,0,0
0,0,0,0,0,0,0,0,0,0,0,0.00353495083794051,0,0,0,0,0,0,0,0,0,0.00456098714907339,0,0,0,0,0,0,0,0.0166335894193794,0,0,0,0,0,0,0,0.000652116522687204,0,0,0,0,0,0,0,0,0,0,0,0,0,0,0,0,0,0,0,0.00665569557561844,0,0.00885379892158501,0,0,0,0,0.00495632544363382,0,0,0,6.68541470022427e-05,0,0.0260853464950089,0,0.0103580705968135,0,0,0,0,0,0,0,1.07356258212719e-05,0,0.000364588951736702,0,0,0,0
0,0,0,0,0,0,0,0,0,0,0.00106967396961133,0,0.00294197672327096,0,0,0,0.00176395192436833,0,0,0,0,0,0.00160986675051014,0,0,0,0,0,0,0,0.00376058621794473,0,0,0,0,0,0,0,0.000125070355352364,0,0,0,0,0,0,0,0,0,0,0,0,0,0,0,0,0,0,0,0.00010509188038758,0,0,0,0,0,0,0,0,0,0,0,0,0.028826746351559,0,0,0,0,0,0,0,0,0,0,0.000367936589813247,0.00354305343882674,0,0,0
0,0,0,0,0,0,0,0,0,0,0,0.001217113770261,0,0,0,0,0,0,0,0,0,0,0,0,0,0,0,0.0166335894193794,0,0,0,0,0,0,0,0,0,0.0117659826928418,0,0,0,0,0,0,0,0,0,0,0,0,0,0,0,0,0,0,0,0.0163379870744711,0,0,0,0,0,0,0,0,0,0,0,0,0.00516235526782718,0,0.0691538188575526,0,0,0,0,0,0,0,0.00302291705267936,0,5.35133112985805e-05,0,0,0,0
0,0,0,0,0,0,0,0,0,0,0.00119791062992189,0,0.00739883999750081,0,0,0,0,0,0,0,0,0,0,0,0,0,0,0,0.00376058621794473,0,0,0,0,0,0,0,0,0,0.00414081195621179,0,0,0,0,0,0,0,0,0,0,0,0,0,0,0,0,0,0,0,0.00419112617817753,0,0,0,0,0,0,0,0,0,0,0,0,0.0147322410552317,0,0.0320858869032816,0,0,0,0,0,0,0,0,0.000493997727347913,5.90884929031346e-05,0,0,0
0,0,0,0,0,0,0,0,0,0,0,0,0,0,0,0,0,0,0,0,0,0,0,0,0,0,0,0,0,0,0,0,0.107476139777816,0.0215764692030809,0,0.00474047761087029,0.00335586107803395,0,0,0.000179225307758054,0,7.73322481940691e-05,0,0,0,2.29867037622206e-05,0,0.181408210902282,0.00113583141463614,0.00221875433758755,0,0,0,0,0,0,0,0,0,0,0,0,0,0,0,0,0,0,0,0,0,0,0,0,0.0745277516878785,0.0219188747175092,0.0425085376935066,0,0.00101271272991028,0.000164779518109402,0,0,0.0016358077679408,0,9.7085877216509e-05,4.81775708111596e-05,0
0,0,0,0,0,0,0,0,0,0,0,0,0,0,0,0,0,0,0,0,0,0,0,0,0,0,0,0,0,0,0,0.107476139777816,0,0.00663172110436707,0.0120054800880926,9.66179526721072e-05,0.00688298633278084,0,0,0,0,0,0,0,0,0,0,0.019981128899603,0,0,0,0,0,0,0,0,0,0,0,0,0,0,0,0,0,0,0,0,0,0,0,0,0,0,0.0170060899009989,0.050562860873639,0.00394796308694768,0.00886628013240657,2.18473130040985e-05,0.00376521567747126,0,0,0.000978526969039318,0,0,0,0
0,0,0,0,0,0,0,0,0,0,0,0,0,0,0,0,0,0,0,0,0,4.25064824376142e-05,0,0,0,0,0,0,0,0,0,0.0215764692030809,0.00663172110436707,0,0.138233027325454,0.00340861963944672,0.000117392989109034,0.00885625949480614,0.000993882256967117,0,0,0,0.000609559543136114,0,0,0,0,0.209599523294151,0.0142996364760841,0.00226172059546122,0,0,0,0,0,0,0,0,0,0,0,0,0,0,0,0,0,0,0,0,0,0,0,0,0.010389314793711,0.00332659125151494,0.106317009553577,0.125157753883402,0,0.00161691304909213,0.0148724034316071,3.71254005857983e-05,0.00331962740946519,0.000337784446369325,0.000343013276122134,0,0
0,0,0,0,0,0,0,0,0,0,0,0,0,0,0,0,0,0,0,0,0,0,0,0,0,0,0,0,0,0,0,0,0.0120054800880926,0.138233027325454,0,3.35272197171145e-05,0.00409733822006858,0.00037621242308563,0.0018544455217161,0,0,0,0,0,0,0,0,0.0229475040334738,0.00129350166804767,0,0,0,0,0,0,0,0,0,0,0,0,0,0,0,0,0,0,0,0,0,0,0,0,0,0,0.0226106509127488,0.00870217233703775,0.26366694696377,0,0.000834994972031829,0,0.0061357872939524,0.00127148367539936,0,0,0,0
0,0,0,5.1798813688885e-05,0,7.64573166679251e-05,0,0,0,0,0,0.000252187364832626,0,0,0,0,0,0,0,0.0232778446928135,0,0,0,0,0,0,0,0,0,0,0,0.00474047761087029,9.66179526721072e-05,0.00340861963944672,3.35272197171145e-05,0,0.000845822476430309,0.011753274697288,0,0,0.000142119662107854,1.6150793778823e-05,6.8706320464348e-06,0,0,0.000707249796543875,0,0.00172033924408177,0.000154537483168122,4.24217468107191e-05,0,0,0,0,0,0,0,0.00024327258089805,0,0,0,0,0.0308221699734524,0,0,0,0,0,0,0,0,0,0,0,0.000269234980787865,0,0.00068793733334451,0,0.034542333900849,0.0027633971264838,0.0023522128933747,0,0.00356445764645683,7.0620737338844e-05,0.000530931718183505,0,0
0,0,0,0,0,0,0,0,0,0,0.0158356002185937,0,0,0,0,0,0,0,0,0,0.0268949018809666,0,0,0,0,0,0,0,0,0,0,0.00335586107803395,0.00688298633278084,0.000117392989109034,0.00409733822006858,0.000845822476430309,0,0,0.00874761045502462,0,7.38250838411451e-06,0,0,0,0,2.29632284132145e-06,0.000158883114245074,0.00193178301564392,4.72220781828289e-05,0,0,0,0.000215514496732393,0,0,0,0.000988014552662301,0,0,0,0,0,0,0.0086979155255919,0,0,0,0,0,0,0,0,0,0,0,0.000260306026072127,0,0.00160030285325883,0,0.0432695724493841,0,0.0109556938216951,0.00462246248124898,0.00104418265688203,0.000768591292701703,0,0
0,0.000131880414751528,0,0,0,0,0,0,0,0.00659807165141721,0,0.0229551582392264,0,0,0,0,0,0,0,0.00245683203618844,0,0.0109900994090129,0.000179468177451505,0.00544143078461012,0,0,0,0.000652116522687204,0,0.0117659826928418,0,0,0,0.00885625949480614,0.00037621242308563,0.011753274697288,0,0,0.00391627952123665,3.19510525948602e-06,0,3.92468446845756e-05,7.96118284660809e-06,0,0,6.54297637191172e-05,0,0.0191174527472114,0.000102459665675993,0.00265807156309795,0,0,0,0,0,0.00305086353520691,0,0.00494043385063792,0,0,0,0,0.00499544879365569,0,0.00422869180813927,0,0.00426156372028199,0,0,0,3.22621180974577e-05,0,0.00177500144584468,0,0,0,0.000308514833846173,0,0.00449372995377042,0,0.0702838667244882,0.00181524437612373,0.00823496140243993,0.00122654007627291,0.00429767076712225,0,0
4.26405444016714e-06,0,0,0,0,0,0,0,0.000736049408729068,0,0.0374286668632227,0,0,0,0,0,0,0,4.17664524666773e-05,0,0.0150792501585546,0,0.0151597570871662,0,0.00408836097207149,0,0,0,0.000125070355352364,0,0.00414081195621179,0,0,0.000993882256967117,0.0018544455217161,0,0.00874761045502462,0.00391627952123665,0,0,0,0,0.000416785021049268,0,0,0,0.000188277348035464,0.0193803985033926,0.00836458735115129,0,0,0,0,0,0.00346565215915974,0,0.00990182984608079,0,0,0,0,0,0,0.00142065609744241,0,0.00660314389454029,0,0.0094556482190212,0,0,0,0.00072759266934148,0,0.00559922066290412,0,0,0,0.000392054823754175,0,0.000298680732846353,8.52311285097322e-06,0.0805926005128347,0.00717592671609035,0.00408254417836757,0.00345056581779478,0,0.000102270266067354
0.000342869602437359,0,1.5425749389182e-05,6.33292045624553e-05,0,7.8497298636774e-05,0,0,0.000198162017661372,1.76055328074843e-05,0,0,0,0,0,0,0.00130188665955315,0.00214422949567334,0.0394735275602197,0,0,0,0,0,0,0,0,0,0,0,0,0.000179225307758054,0,0,0,0,0,3.19510525948602e-06,0,0,5.22032895537996e-05,0.129580375890401,0.00466671456037049,0.0392607410293357,0.00119453860952159,0.128789509962532,0.000659090717572824,0.00234619394736283,0.00031593984759919,0.0460196038621844,0,0,0,0,0,0,0,0,0,0,0,0,9.22659931296149e-06,0.000222112207117375,0,0,0,0,0,0,0,0,0,0,2.69431802367816e-05,0,0,0,0.00531024968953372,5.78670077900609e-05,0.00232414850558891,3.81548199270443e-05,0.00277079353245091,0.000306987723905591,0.0560843909402262,0.029649002313911,0
0.000139609401275094,0,0,0,8.70941724602152e-05,2.69722507967793e-05,0,0,1.29303641454347e-05,0,4.03968769717043e-05,0,0,0,0,0,0.000343077257621943,9.37055920753524e-05,0.0046163587636329,0,0.000668919089003517,0,0,0,0,0,0,0,0,0,0,0,0,0,0,0.000142119662107854,7.38250838411451e-06,0,0,5.22032895537996e-05,0,0.00013388036135253,0.0235091130524859,0,0.00452376365710575,4.85666913127755e-05,0.0366180988780131,0.0549935059634775,0.0756941072372753,0,0,0,0,0,0,0,0.00277731847318697,0,0,0,0,0,0,0.018569545346408,0,0,0,0,0,0,0,0,0,0.00238034645822886,0,0,0,0,7.24949326934025e-05,0.0109525422013725,0,0.00299109264642262,0.00020484866755785,5.97838388406998e-05,0.0228822158357238,0,0.00359645238345213
1.2660468279612e-05,0.00636631402186996,0,0.0124418495181769,0,1.03196637917986e-05,0,0,1.163850884815e-05,0.00163750285763424,0,0,0,0,0,0,0.000912901362252332,0.00121116226337922,0.0386416467800615,0,0,0,0,0,0,0,0,0,0,0,0,7.73322481940691e-05,0,0,0,1.6150793778823e-05,0,3.92468446845756e-05,0,0.129580375890401,0.00013388036135253,0,0.0170411719240928,0.0619943049260693,0.00127960005753814,0.0321683442369378,0.000823147180410964,0.00573901329112833,0.00115213375388714,0.0189766622734614,0,0.000382694972853546,0,0,0,5.54924798493232e-05,0,0.000206114045497693,0,0,0,0.000153131686332317,0.0003239910408851,6.20706688819834e-05,0,0,0,0,0,0,0,0,0,0,0,0,0,0,0.0145436705240601,6.54663425079023e-05,0.00537975310933349,5.70667936770214e-06,0.0100885339421122,0.000212809933349105,0.13320760850565,0.216974318911969,5.17579431936754e-05
0.00613308383680942,0,0.00100771237086001,0,9.52873460952808e-05,0,0,0,0.000592888799947928,0,0.000130699961224992,0,0,0,0,0,0.00130864720690584,0.000194630359764634,0.0393677272688268,0,0.000799762806955128,0,3.47681209105182e-05,9.59316130521555e-05,1.68071601951611e-05,0,0,0,0,0,0,0,0,0.000609559543136114,0,6.8706320464348e-06,0,7.96118284660809e-06,0.000416785021049268,0.00466671456037049,0.0235091130524859,0.0170411719240928,0,0.000219868403367222,0.00189913457181153,0.00216615774635724,0.0476590374578571,0.00309881845408076,0.023067591007481,0.000777942166910438,0,0,0,0,9.51532136517091e-05,0,0.0385686178481921,0,0,0,0,0,0,0.0156726482247044,0,0,0,9.14653193023387e-05,0,0,0,0,0,0.00790540760207076,0,0,0.00117475325604653,0,0.000175511973546854,0.0108764824392674,1.97858914692399e-05,0.0072180595017892,0.00644720431568093,0.000102191564418814,0.167331158210975,6.69070776387949e-05,0.125675919483283
0,0,0,0.000236462797937427,0,0,0,0,0,9.90663442375574e-05,0,0,0,0,0,0,0.000335656856573534,0.00025196468298192,0.0106099675106269,0,0,0,0,0,0,0,0,0,0,0,0,0,0,0,0,0,0,0,0,0.0392607410293357,0,0.0619943049260693,0.000219868403367222,0,0.000270128044362071,0.00369827361425769,5.75594986753701e-05,3.64522641461006e-05,0,0.00125100585053364,0,0,0,0,0,0,0,0,0,0,0,0,0,0,0,0,0,0,0,0,0,0,0,0,0,0,0,0,0.00323951315379965,3.97026872863516e-05,0.000529724663241057,0,0.000207418027552034,2.54608293150472e-05,0.00737393323774312,0.0374428970973178,0
0,0,0,0,0,0,0,0,0,0,0,0,0,0,0,0,0.000294615457958763,8.94512333870007e-05,0.00710701977452768,0,0.000214235126846001,0,0,0,0,0,0,0,0,0,0,0,0,0,0,0,0,0,0,0.00119453860952159,0.00452376365710575,0.00127960005753814,0.00189913457181153,0.000270128044362071,0,0.000273038173704208,0.0143473067374593,0,0,0.000491309551992249,0,0,0,0,0,0,0.000319714664627608,0,0,0,0,0,0,0.00567155888050113,0,0,0,0,0,0,0,0,0,0.000111620876019826,0,0,0,0,7.31615651263105e-05,0.00208113573094428,0,0.000573001354073086,0.000275181838807482,9.57163374016212e-06,0.00607302304365398,0.000581896535922805,0
7.90557485936053e-06,0,0,0.00974938733849795,0,0.00924791928303616,0,0,0,0.000552974647871334,0,0,0,0,0,0,0.00015027001114044,0.000166528694693896,0.00494650314062715,0.000988557850735643,0,0,0,0,0,0,0,0,0,0,0,2.29867037622206e-05,0,0,0,0.000707249796543875,2.29632284132145e-06,6.54297637191172e-05,0,0.128789509962532,4.85666913127755e-05,0.0321683442369378,0.00216615774635724,0.00369827361425769,0.000273038173704208,0,1.52156580177907e-05,0.00668201532405354,0.00253916699234725,0.018556055754188,0,9.32268922932201e-05,0,0,0,0,0,0.00012291982522579,0,0,0,0,0.0192607901153465,6.84325804555861e-05,0,0,0,0,0,0,0,0,0,0,0,0,0,0,0.0214596962285006,1.47261455115476e-05,0.00826467154738367,4.78157817063147e-06,0.00141995557534981,3.97499078472526e-05,0.110576932988501,0.000596714252992684,0
0.00530065812062026,9.90336040490591e-06,0.00224616163678198,0,8.63898930578153e-05,0,0,0,0.000185847944308673,0,0.000132823566920676,0,0,0,2.60524236873733e-05,0,0.00163374140544363,0.000723022515692516,0.0319042715963106,0,0.00898962853505739,0,0,0,4.52570001156921e-05,0,0,0,0,0,0,0,0,0,0,0,0.000158883114245074,0,0.000188277348035464,0.000659090717572824,0.0366180988780131,0.000823147180410964,0.0476590374578571,5.75594986753701e-05,0.0143473067374593,1.52156580177907e-05,0,8.63894201969667e-06,0.0150078481630876,1.57044665143576e-05,0,0,0,0,0,0,0.00331003980642062,0,0,0,0,0,0,0.0730581698286961,0,0,0,0,0,0,0,0,0,0.00465159089303809,0,0,0,0,6.23280687958155e-05,0.0223607019220453,0,0.00331944033031402,0.00155706514688433,0.00014877011914912,0.0606497797786014,0,0.00302154560882293
0,0,0,2.11119981547486e-05,0,0.000177973614691461,0,0,0,0,0,0,0,0,0,0,0,0,5.78165091426338e-06,0,0,2.66962072322701e-05,1.93154406264501e-05,0,2.22587198755134e-05,0,0,0,0,0,0,0.181408210902282,0.019981128899603,0.209599523294151,0.0229475040334738,0.00172033924408177,0.00193178301564392,0.0191174527472114,0.0193803985033926,0.00234619394736283,0.0549935059634775,0.00573901329112833,0.00309881845408076,3.64522641461006e-05,0,0.00668201532405354,8.63894201969667e-06,0,0.360865069750549,0.0402143420082134,0,0,0,0,0,0,0,0,0,0,0,0,0.000135549060028888,1.1458818299304e-05,1.15122522280177e-05,0.000106798682688785,0,6.24388676052521e-05,0,0,0,0,0,0,0.106543476752929,0.00864145532419521,0.0805350370947104,0.0159309629196973,0.0135237591077218,0.0166076752294594,0.00169174832656184,0.00153979479769987,0.00717266219155914,0.000270279382828273,0.0173496684558548,1.56278323929482e-05,0
0.0359496896193279,0,0.0148837175961975,0,0.000126406725381173,0,0,0,0.00695621235769905,0,0,0,0,0,0,0,0,0,1.05800568618222e-05,0,0.00024485831847923,0,0.00339755814231529,0,0.000101967031675598,0,0,0,0,0,0,0.00113583141463614,0,0.0142996364760841,0.00129350166804767,0.000154537483168122,4.72220781828289e-05,0.000102459665675993,0.00836458735115129,0.00031593984759919,0.0756941072372753,0.00115213375388714,0.023067591007481,0,0,0.00253916699234725,0.0150078481630876,0.360865069750549,0,0.00283744735603963,0.000115900816170423,0,0,0,0.00506488188509243,0,0.00277900097348266,0,0.00087223028351956,0,0.00337877055024396,0,0,0.00422371994386547,0,9.79879869982103e-05,0,0.00104318375018905,0,0,0,0,0,0.000523047791510237,0,0.00268229723888522,0.0247926632850091,0.000972060845700365,0.0002297707921956,0.0204306071779534,1.69851029770924e-06,0.0116824179378991,0.00532376853015992,4.14387484060164e-06,0.0338939787873378,2.36975088050585e-05,0.00161954598593907
0,0.0102961684633111,0,0.0198362811000454,0,7.48617335885647e-05,0,0,0,0.00284591208419,0,0,0,0,0,4.56258261636137e-05,3.75244185525235e-05,2.72221773448943e-05,0.00135152776937876,0,0,0.00160050735083605,0,0.000295437551968541,0,0,0,0,0,0,0,0.00221875433758755,0,0.00226172059546122,0,4.24217468107191e-05,0,0.00265807156309795,0,0.0460196038621844,0,0.0189766622734614,0.000777942166910438,0.00125100585053364,0.000491309551992249,0.018556055754188,1.57044665143576e-05,0.0402143420082134,0.00283744735603963,0,0,0.002189762681152,0,0,0,0,0,0.00160073857941792,0,0.00102529187524452,0,0.00548835236748956,0,0,0.000103255429373948,0,0.000108185581593272,0,0.0018640650669297,0,0.000974554172268176,0,0.00464132776301994,0,0,0,0.000189732413752219,0,0.000643054778998883,6.19187854486968e-06,0.00780526371128976,0,0.000695669321686481,1.40897733218399e-05,0.0272968247136201,0.00147338904978958,0
0.000952268549255399,0,0.0869538718139435,0,0.109363603114793,0,0,0,0.0332541464300126,0,0,0,0.0011421716085645,0,0.0613979953060608,0,0,0,0,0,0,0,0,0,5.63449120336988e-05,0,0,0,0,0,0,0,0,0,0,0,0,0,0,0,0,0,0,0,0,0,0,0,0.000115900816170423,0,0,0,0.00164188989837906,0,0.0319119421671035,0,0.00986322477225618,0,0.0121098438118429,0,0.0228641146631992,0,0,0.000190479742961661,0,0,0,0,0,0,0,0,0,0,0,0,0,0,0,0,0,9.71169751658185e-06,0.000116956640953712,0,0.00485574750189563,0,0
0,0.00484781254857521,0,0.0294667800169459,0,0.125350990112862,0,0.0226896563673986,0,0.0160861339826224,0,0,0,0,0,0,0,0,0,0,0,0,0,0,0,0,0,0,0,0,0,0,0,0,0,0,0,0,0,0,0,0.000382694972853546,0,0,0,9.32268922932201e-05,0,0,0,0.002189762681152,0,0,0,0.0412427540054741,0,0.0192844869464333,0,0.00264802806507654,0,0.000282105453089227,0,0.00242894716121134,0,0,0,0,0,0,0,0,0,0,0,0,0,0,0,0,0,0,0,0,0.000983703884167762,0,0.00164491224984246,8.62876299512877e-05,0
0,0,0,0,0.030944134892124,0,0.233297978994458,0,0,0,0.00128424290144361,0,0.00414775196658446,0,0,0,0,0,0,0,0,0,0,0,0,0,0,0,0,0,0,0,0,0,0,0,0.000215514496732393,0,0,0,0,0,0,0,0,0,0,0,0,0,0.00164188989837906,0,0,0,0,0,0.000187766985618509,0,0.0024530935306819,0,0,0,0,0,0,0,0,0,0,0,0,0,0,0,0,0,0,0,0,0,0,0,0.00221829576665239,0,0,0,0
0,0,0,0,0,0.00874269756395193,0,0.120454917394959,0,0,0,0.00201757048622947,0,0.00142086171695058,0,0,0,0,0,0,0,0,0,0,0,0,0,0,0,0,0,0,0,0,0,0,0,0,0,0,0,0,0,0,0,0,0,0,0,0,0,0.0412427540054741,0,0,0,0,0,0,0,0.0118685595861518,0,0,0,0,0,0,0,0,0,0,0,0,0,0,0,0,0,0,0,0,0,0,0.000198083480581237,0,0,0,0
0.0640722134440605,0,0.0710125111264703,0,0.0578092203874592,0,0,0,0.245070301882185,0,0,0,0,0,0.00736197423094992,0,2.30698186629388e-05,0,0,0,0,0,0,0,0.0255592427363215,0,0.0298784452144187,0,0,0,0,0,0,0,0,0,0,0,0.00346565215915974,0,0,0,9.51532136517091e-05,0,0,0,0,0,0.00506488188509243,0,0.0319119421671035,0,0,0,0,0,0.000341554307843069,0,0.0059333512062683,0,0.0364429290133174,0,0,0,0,0,0,0.105526357852518,0,0,0,0,0,0,0,0,0,0,0,0,0,0.00621164368218733,6.8410847349988e-05,0,0.0069024559869496,0,0
0,0.0506301307246019,0,0.0111026072846877,0,0.041677099910483,0,0,0,0.136931240512841,0,0,0,0,0,0.0413734200779076,0,0.000949114845696562,0,0,0,0,0,0.0171657370574441,0,0.0012083309509324,0,0,0,0,0,0,0,0,0,0,0,0.00305086353520691,0,0,0,5.54924798493232e-05,0,0,0,0,0,0,0,0,0,0.0192844869464333,0,0,0,0,0,0,0,0,0,0.00371562678376458,0,0,0,0,0.105362268885585,0,0,0,0,0,0,0,0,0,0,0,0,0,0.0035053290059041,0,0.000253932394145799,0,0.00165026925689707,0,0
0.00221278892516178,0,0.00921681097434201,0,0.00386377760909372,0,0,0,3.13460169598873e-05,0,0.146974144859316,0,5.12186116723799e-05,0,0,0,0,0,0.000308392113516209,0,0.0320820980356787,0,0,0,0,0,0,0,0,0,0,0,0,0,0,0,0.000988014552662301,0,0.00990182984608079,0,0.00277731847318697,0,0.0385686178481921,0,0.000319714664627608,0,0.00331003980642062,0,0.00277900097348266,0,0.00986322477225618,0,0.000187766985618509,0,0.000341554307843069,0,0,0,0,0,0.000256297782009919,0,0,0.0238345730195992,0,0,0,0,0,0,0,0,0,0.019286739719113,0,0,0,0,0,0.000193036091575135,0,0.000119659050930622,0.000611608034596478,0.00128467785460116,0.0678704364364969,0,0.00652351808588687
0,0.000196722217381302,0,0.00734826966316852,0,0,0,0,0,0,0,0.0874758750016466,0,0.000353959325094983,0,0,0,0,0,0,0,0,0,0,0,0,0,0.00665569557561844,0,0.0163379870744711,0,0,0,0,0,0.00024327258089805,0,0.00494043385063792,0,0,0,0.000206114045497693,0,0,0,0.00012291982522579,0,0,0,0.00160073857941792,0,0.00264802806507654,0,0,0,0,0,0,0,0.00128754856151386,0,0.00352517856557606,6.58528477374447e-05,0,0,0,0,0,0.0176462703027575,0,0.00240637569463241,0,0.0359393138093965,0,0,0,0,0,0,0,7.7430796096138e-05,0,1.12767508931876e-05,0,0.00509882565045443,9.09274276199999e-05,0
0.00340669398382847,0,0.00207046845596482,0,0.00730301273915543,0,0.00710220285328484,0,0.00260649078660035,0,0.00728995352915654,0,0.0906458746137456,0,0.0322276591524865,0,0,0,0,0,0,0,0,0,0,0,1.17355512012785e-05,0,0.00010509188038758,0,0.00419112617817753,0,0,0,0,0,0,0,0,0,0,0,0,0,0,0,0,0,0.00087223028351956,0,0.0121098438118429,0,0.0024530935306819,0,0.0059333512062683,0,0,0,0,0,0.0366519279415078,0,0,0,0,0,0,0,0,0.005415324299801,0,0.010189913033844,0,0,0,0,0,0,0,0,0,0,0.00041756021125287,0.000805410794783453,0.000255064603213987,0,0
0,0,0,0.00333091630063042,0,0,0,0.00599577290886865,0,0,0,0.00725428113604063,0,0.0719051995903512,0,0,0,0,0,0,0,0,0,0,0,0,0,0.00885379892158501,0,0,0,0,0,0,0,0,0,0,0,0,0,0,0,0,0,0,0,0,0,0.00102529187524452,0,0.000282105453089227,0,0.0118685595861518,0,0,0,0.00128754856151386,0,0,0,0.0180080082612597,0,0,0,0,0,0,0.0229477146631673,0,0.00163150780200682,0,0,0,0,0,0,0,0,0,0,0,0.000582440541196299,9.39451798399625e-05,0.000134007812496157,2.47258187149541e-05,0
0.00259748996390176,0,0.00337209184218092,0,0.00193675683426479,0,0,0,0.0358383629443288,0,0,0,0.000125017816954661,0,0.106376935074611,0,0.00153534487086172,3.15134487169919e-05,0.000319556395571228,0,0,0,0,0,7.45964343384919e-05,0,0,0,0,0,0,0,0,0,0,0,0,0,0,0,0,0,0,0,0,0,0,0,0.00337877055024396,0,0.0228641146631992,0,0,0,0.0364429290133174,0,0.000256297782009919,0,0.0366519279415078,0,0,0,0,0,0,0,0,0,0,0,0,0,0,0,0,0,0,0,0,0,0,0,0.000310181356932458,0,0.000309850590746247,0,0
0,0.00236059813429533,0,0.00150964147981196,0,0,0,0,0,0.00113276285027052,0,0,0,0.00756462173497093,0,0.0414385823576635,0,0.000153609868949216,0,0,0,0,0,0,0,0,0,0,0,0,0,0,0,0,0,0,0,0,0,0,0,0.000153131686332317,0,0,0,0,0,0,0,0.00548835236748956,0,0.00242894716121134,0,0,0,0.00371562678376458,0,0.00352517856557606,0,0.0180080082612597,0,0,0,0,0,0,0,0,0.0232319656001488,0,6.01373136641587e-05,0,0,0,0,0,0,0,0,0,0,0,8.92549207964047e-05,0,0.00017428560791658,0,0
0,0,0,5.57158652679524e-05,0,0.00728726834386129,0,0,0,0,0,0.000803600883553832,0,0,0,0,0,0,0,0.194028932201356,0,0,0,0,0,0,0,0,0,0,0,0,0,0,0,0.0308221699734524,0,0.00499544879365569,0,9.22659931296149e-06,0,0.0003239910408851,0,0,0,0.0192607901153465,0,0.000135549060028888,0,0,0,0,0,0,0,0,0,6.58528477374447e-05,0,0,0,0,0,0,0,0,0,0,0,0,0,0,0,0,0,0,0,0,0.0167030820160649,0,0.000746598263423075,0,0.000913475664058907,0,0.0255624477347136,0,0
0.000747602747102207,0,0.000272877573525237,0,0.000278123631078026,0,0,0,0.000160038590659306,0,0.00222808361468244,0,0,0,0,0,0.000381065736605722,0.000166772410395594,0.00559513324540642,0,0.14647122737601,0,0,0,0,0,0,0,0,0,0,0,0,0,0,0,0.0086979155255919,0,0.00142065609744241,0.000222112207117375,0.018569545346408,6.20706688819834e-05,0.0156726482247044,0,0.00567155888050113,6.84325804555861e-05,0.0730581698286961,1.1458818299304e-05,0.00422371994386547,0,0.000190479742961661,0,0,0,0,0,0.0238345730195992,0,0,0,0,0,0,0,0,0,0,0,0,0,0,0,0,0.0118553829629546,0,0,0,0,1.18935340076947e-05,0.0115559357996126,0,0.00825243006543675,0.000402498877578151,3.088568039177e-05,0.0512059737488927,1.49042096972528e-05,0.00208481994380197
0,0,0,0,0,0,0,0,0,0,0,0,0,0,0,0,0,0.000800129097559105,0,0,0,0.0548921479162482,0.000342732902071182,0.000782630621935685,0,0.00116966298308624,0,0.00495632544363382,0,0,0,0,0,0,0,0,0,0.00422869180813927,0,0,0,0,0,0,0,0,0,1.15122522280177e-05,0,0.000103255429373948,0,0,0,0,0,0,0,0,0,0,0,0,0,0,0,0,0.00281953048436859,0,0.00441224512924871,0,0.00218911825890561,0,0,0,0,0,0,0,0,0,0.00454084645356665,0,0.00102022996991845,0.000386860240128468,6.71357820928472e-06,0,0
0,0,0,0,0,0,0,0,3.59498773856307e-05,0,0,0,0,0,0,0,0.000757984147796275,0,0,0,0,0.00246821191078775,0.0489294035767022,0,0.00111582610693877,0,0.000121704781620568,0,0,0,0,0,0,0,0,0,0,0,0.00660314389454029,0,0,0,0,0,0,0,0,0.000106798682688785,9.79879869982103e-05,0,0,0,0,0,0,0,0,0,0,0,0,0,0,0,0,0,0,0.00488247055387602,0,0.00231646274512847,0,0.00570228889992937,0,0,0,0,0,0,0,0,0,0.00196840391520563,0.00232529606010902,4.83873417526756e-05,0.000327385046925309,0,0
0,0,0,0,0,0,0,0,0,0.00416873293122523,0,0,0,0,0,0,0,0.000596146692458246,0,0,0,0.0022722512998227,0,0.241299084094574,0,0.023987799245198,0,0,0,0,0,0,0,0,0,0,0,0.00426156372028199,0,0,0,0,0,0,0,0,0,0,0,0.000108185581593272,0,0,0,0,0,0.105362268885585,0,0,0,0,0,0,0,0,0.00281953048436859,0,0,0,0.116387196482618,0,0,0,0,0,0,0,0,0,0,0,0.00430693301620289,0,1.48565342229034e-05,0,0.00347948566714499,0,0
0,0,0,0,0.000318502953677759,0,0,0,0.00241395936943149,0,0,0,0,0,0,0,0.00092612195027329,2.59728650929062e-05,0,0,0,0,0.00662321553289236,0,0.0223324211633153,0,0.000300446155939247,0,0,0,0,0,0,0,0,0,0,0,0.0094556482190212,0,0,0,9.14653193023387e-05,0,0,0,0,6.24388676052521e-05,0.00104318375018905,0,0,0,0,0,0.105526357852518,0,0,0,0,0,0,0,0,0,0,0.00488247055387602,0,0,0,0.0271585631179576,0,0.00025993249990743,0,0,0,0,0,0,0,0,0,0.000700580798982911,0.000267739273801957,0,0.00113332027694339,0,0
0,0,0,0,0,0,0,0,0,0,0,0,0,0,0,0,0.000122950068593511,0.00296778723066445,0,0,0,0.00484881288790806,0,0.0292952371262832,0,0.00854831263521185,0,6.68541470022427e-05,0,0,0,0,0,0,0,0,0,0,0,0,0,0,0,0,0,0,0,0,0,0.0018640650669297,0,0,0,0,0,0,0,0.0176462703027575,0,0.0229477146631673,0,0.0232319656001488,0,0,0.00441224512924871,0,0.116387196482618,0,0,0,0.0108702129851409,0,0,0,0,0,0,0,0,0,0,0,0.00015888483024568,0,0,0,0
0,0,0,0,0,0,0,0,0.00143560248326644,0,0,0,0,0,0,0,0.0032210637127436,4.73413097213755e-05,0.000116331634623046,0,0,0,0.0148709779787628,0,0.0411164661227821,0,0.0309326472559669,0,0,0,0,0,0,0,0,0,0,0,0,0,0,0,0,0,0,0,0,0,0,0,0,0,0,0,0,0,0,0,0.005415324299801,0,0,0,0,0,0,0.00231646274512847,0,0.0271585631179576,0,0,0,0.0553921934226966,0,0,0,0,0,0,0,0,0,0,3.05200266307435e-05,0,0,0,0
0,0,0,0,0,0,0,0,0,0,0,0,0,0,0,0,0,0,0,0,0,0.00104704635773452,0,0,0,0,0,0.0260853464950089,0,0.00516235526782718,0,0,0,0,0,0,0,3.22621180974577e-05,0,0,0,0,0,0,0,0,0,0,0,0.000974554172268176,0,0,0,0,0,0,0,0.00240637569463241,0,0.00163150780200682,0,6.01373136641587e-05,0,0,0.00218911825890561,0,0,0,0.0108702129851409,0,0,0,0.00928676313817533,0,0,0,0,0,0,0,0.000209953364908408,0,3.43358301987607e-05,0,0,0,0
0,0,0,0,0,0,0,0,0,0,0.00187600943092938,0,0.000356973432775411,0,0,0,2.00474323231944e-05,0,0,0,0,0,0.00236914236038638,0,0.000263193318186219,0,0.000872105755683452,0,0.028826746351559,0,0.0147322410552317,0,0,0,0,0,0,0,0.00072759266934148,0,0,0,0,0,0,0,0,0,0,0,0,0,0,0,0,0,0,0,0.010189913033844,0,0,0,0,0,0,0.00570228889992937,0,0.00025993249990743,0,0.0553921934226966,0,0,0,0,0,0,0,0,0,0,0,0.00262640286291076,0.000289597294371065,0.000706034902122506,0,0,0
0,0,0,0,0,0,0,0,0,0,0,0,0,0,0,0,0,0,0,0,0,0,0,0,0,0,0,0.0103580705968135,0,0.0691538188575526,0,0,0,0,0,0,0,0.00177500144584468,0,0,0,0,0,0,0,0,0,0,0,0.00464132776301994,0,0,0,0,0,0,0,0.0359393138093965,0,0,0,0,0,0,0,0,0,0,0,0,0.00928676313817533,0,0,0,0,0,0,0,0,0,0.0166782190441602,0,0,0,0.00183534554009303,0,0
