0,0,0.0497329694714818,0,0,0,0,0,0.00190933577031414,0,0,0,0,0,0,0,1.59065563476871e-05,4.44379619562083e-05,0.00141942861462554,0,0,0,0,0,0,0,0,0,0,0,0,0,0,0,0,0,0,8.99524475007363e-05,0,0,0.00060147170123105,0,0.00209673029398986,0,0,1.69122094301506e-05,0.0126852071397336,0,0.0113977501296388,1.4066665063847e-05,0,0,0,0,0,0,6.80086114522058e-05,0,0,0,0,0,0,0.000142956955480714,0,0,0,0,0,0,0,0,0,0.00178315589610158,0,0,0,0,0,0.00120922524109904,0,0.000565565139373692,0.00150249401769429,0,0.0269145749361838,0,0
0,0,0,0.0396788315376557,0,0,0,0,0,0.188760439225362,0,0,0,0,0,0,0,0,0.000215405524972665,0,0,0,0,0,0,0,0,0,0,0,0,0,0,0,0,0,0,0,0,0.000305144845062456,0,0.00708459158103414,0,0,0,0.00380511339230928,0,0,0,0.0189348625812079,0,0,0,0,0,0.274861425437571,0,0,0,0,0,0.010272610006508,0,0,0,0,0,0,0,0,0,0,0,0,0,0,0,0,1.25491782708532e-05,0,0,0,0.00130128661226871,0,0.0268598425156024,0,0
0.0497329694714818,0,0,0,0.0128132380626412,0,0,0,0.0208793102854125,0,0,0,0,0,0,0,0,0,2.51453410897693e-05,0,0.00261895438259329,0,0,0,0,0,0,0,0,0,0,0,0,0,0,0,1.80391037341476e-05,0,0,0,0.00112168112333247,0,0.0140366962519193,0,0,0,0.000657538940628128,0,0.0287488604390326,0,0.0107766006259154,0,0,0,0.0820959815912177,0,0.00106466787920442,0,0.000144065084787522,0,0,0,0,0.00394607808750761,0,0,0,0,0,0,0,2.88657359985879e-05,0,0.00648827024977433,0,0,0,0,0,4.64526492351113e-05,0,3.98662417931109e-05,0.000384039780586938,0,0.0171539056572502,0,0.000423186941460296
0,0.0396788315376557,0,0,0,0.158357061397872,0,0,0,0.126562997569333,0,0,0,0,0,0,0,0,0,0,0,0,0,0,0,0,0,0,0,0,0,0,0,0,0,0.00187621623411044,0,0,0,0.00184383754357979,0,0.00297658678024517,0,0,0,0.000146573021856732,0,0,0,0.0163105741421934,0,0.0211701639460062,0,0,0,0.26917910375117,0,0.000141349982540482,0,0.000363463576911733,0,0.0548829308041832,0,0,0,0,0,0,0,0,0,0,0.000461322081907909,0,0,0,0,0,0,0,0,0,0.00434252513365701,2.88677197800898e-05,0.0451163016638552,0,0
0,0,0.0128132380626412,0,0,0,0,0,0.020916975744616,0,0,0,0,0,0,0,0,0,0,0,0.00657615893842102,0,0,0,0,0,0,0,0,0,0,0,0,0,0,0,1.67577379524969e-05,0,0,0,0,0,9.09688887581342e-05,0,0,0,0,0,2.212353560219e-05,0,0.112737183015897,0,0,0,0.0112017668167461,0,0.000517720562395447,0,0.00113415994087245,0,0,0,0,0.00178293794904374,0,0,0,0,0,0,0,0,0,0,0,0,0,0,0,0,0,0,0.00319554230642146,0,0.00207045154077843,0,0
0,0,0,0.158357061397872,0,0,0,0.0248987899965003,0,0.0715137146720502,0,0.000248966273647507,0,0.00259223769934962,0,0.00260783449707747,0,0,0,0,0,0,0,0,0,0,0,0,0,0,0,0,0,0,0,0.001611696959225,0,4.61474766787697e-06,0,0,0,0,0,0,0,0,0,0,0,0,0,0.116767647439224,0,0.0653641802080419,0,0.0126849145832838,0,0,0,0,0,0.000158026412788842,0.000436420759402923,0,0,0,0,0,0,0,0,0,0,0,0,0,0,0,0,0,8.36803089120409e-06,0,0.0139603286383362,0.00839446379209625,0.0011991325900304,0,0
0,0,0,0,0,0,0,0,0,0,0,0,0,0,0,0,0,0,0,0,0,0,0,0,0,0,0,0,0,0,0,0,0,0,0,0,0,0,0,0,0,0,0,0,0,0,0,0,0,0,0,0,0,0,0,0,0.000163172066095285,0,0,0,0,0,0,0,0,0,0,0,0,0,0,0,0,0,0,0,0,0,0,0,0,0,0.000682127653202439,0,0,0,0
0,0,0,0,0,0.0248987899965003,0,0,0,0,0,0.000364590350304093,0,0.0216982111156577,0,0,0,0,0,0,0,0,0,0,0,0,0,0,0,0,0,0,0,0,0,0,0,0,0,0,0,0,0,0,0,0,0,0,0,0,0,0.0453820429252583,0,0.0469412059935248,0,0,0,0,0,0.0116191884871348,0,0,0,0,0,0,0,0,0,0,0,0,0,0,0,0,0,0,0,0,0,0,0.00126551926375494,6.66076545350546e-05,0,0,0
0.00190933577031414,0,0.0208793102854125,0,0.020916975744616,0,0,0,0,0,0,0,0,0,0.000698290729960703,0,0.000366546521157753,8.11255986744137e-05,0,0,0.000707218711778861,0,0,0,0.00528342475868892,0,0.000403754907893017,0,0,0,0,0,0,0,0,0,0,0,0.00322440681532178,0,0,0,0.00051204252109059,0,0,0,0,0,0.000169926271243459,0,0.0016420884014893,0,0,0,0.182511315850229,0,0,0,0,0,0.00101936264156978,0,0,0.000964379882605918,0,0,0,0.00212163325976985,0,0,0,0,0,0,0,0,0,0,0,1.76281230706817e-06,0,0.00314504876432264,0.00305957101226233,0,0.00162085949342929,0,0
0,0.188760439225362,0,0.126562997569333,0,0.0715137146720502,0,0,0,0,0,0,0,0,0,0.188473296703383,0,0,0,0,0,0,0,0.0277678675010086,0,0,0,0,0,0,0,0,0,0,0,5.08453014352991e-06,0,0.00359555671792443,0,0,0,0.0106807343734939,0,0,0,0.000267850805885674,0,0,0,0.00308581467157651,0,0.0018419391106973,0,0,0,0.2564588321009,0,0,0,0,0,0.0340172094960326,0,0,0,0,0.00955375267750744,0,0,0,0,0,0.000904512776593034,0,0,0,0,0,0,0,0.00781127813036514,0,0.00952269217112166,0.0040575023238341,0.0163815410793986,0.0291807644994477,0
0,0,0,0,0,0,0,0,0,0,0,0,0.0776445719335726,0,0,0,0,0,0,0,0.0486496185736762,0,0,0,0,0,0,0,0.0157172235625629,0,0,0,0,0,0,0,0,0,0.0167388004838807,0,0,0,0,0,0,0,0,0,0,0,0,0,0,0,0,0,0.067207800473301,0,0.0722173848954516,0,0,0,0,0.0125305691318368,0,0,0,0,0,0,0,0.00881605255675719,0,0,0,0,0,0,0,0,0,0,0.000436037498168251,0,0,0,0
0,0,0,0,0,0.000248966273647507,0,0.000364590350304093,0,0,0,0,0,0.104086152508728,0,0,0,0,0,0.143660675368344,0,0,0,0,0,0,0,0,0,0,0,0,0,0,0,0.0319202142958287,0,0.0875011277936363,0,0,0,0,0,0,0,0,0,0,0,0,0,0.00383240967767722,0,0.00655333027369232,0,0,0,0.17713412110146,0,0.0906871471439837,0,0,0.0990012897453602,0,0,0,0,0,0,0,0,0,0,0,0,0,0,0,2.78348439122009e-05,0,0.00620181422107486,0,0.00302015610210785,0.000400364329247418,0,0,0
0,0,0,0,0,0,0,0,0,0,0.0776445719335726,0,0,0,0.0289021096557745,0,0,0,0,0,0,0,0,0,0,0,0,0,0.00307113501546786,0,0.00807076514945956,0,0,0,0,0,0,0,0,0,0,0,0,0,0,0,0,0,0,0,0,0,0,0,0,0,0,0,0.000362850814025701,0,0,0,0,0,0,0,0,0,0,0,0,0,0,0,0,0,0,0,0,0,0,0,0.00197681931356658,0,0,0,0
0,0,0,0,0,0.00259223769934962,0,0.0216982111156577,0,0,0,0.104086152508728,0,0,0,0.112461846453327,0,0,0,0,0,0,0,0,0,0.0201436723020005,0,0,0,0,0,0,0,0,0,0,0,0,0,0,0,0,0,0,0,0,0,0,0,0,0,0,0,0,0,0,0,0.0105298534986452,0,0.243796089306878,0,0.00730554661100565,0,0,0,0,0,0,0.0229185935783605,0,0.00050374343641163,0,0,0,0,0,0,0,0,0,0,0,0.00498658902998574,0.0196302179755472,0,0,0
0,0,0,0,0,0,0,0,0.000698290729960703,0,0,0,0.0289021096557745,0,0,0,0,0,0,0,0,0,0,0,0,0,0,0,0,0,0,0,0,0,0,0,0,0,0,0,0,0,0,0,0,0,0,0,0,0,0,0,0,0,0.00159670734840678,0,0,0,0.0375359716218203,0,0,0,0,0,0,0,0,0,0,0,0,0.0101299601886639,0,0,0,0,0,0,0,0,0,3.97817650531662e-06,3.50280492966704e-06,0,0,0,0
0,0,0,0,0,0.00260783449707747,0,0,0,0.188473296703383,0,0,0,0.112461846453327,0,0,0.000220451314704313,0.011616021238184,0,0,0,0,0,0.00388754797075901,0,0,0,0,0,0,0,0,0,0,0,0,0,0,0,0,0,0,0,0,0,0,0,0,0,0,0,0.000252403567761718,0,0,0,0.031449603601434,0,0,0,0.02805387209994,0,0.0484725190061486,0,0,0,0,0.000146808474582422,0,0,0,0,0,0,0,0,0,0,0,0,0,2.02945692145625e-05,0,0.000535677100033284,0.000694991378511167,5.02515115742487e-06,0,0
1.59065563476871e-05,0,0,0,0,0,0,0,0.000366546521157753,0,0,0,0,0,0,0.000220451314704313,0,0.229452412658545,0.0690629418958119,0,0,0,0,0,0.00328150769676075,0,0.000488802977789085,0,2.59038329997529e-05,0,0,0,0,0,0,0,0,0,0,0.000907080425638529,0.000938576111170234,0.000731462058863316,0.00357412710854105,4.96061545293198e-05,0,0.000721307348442995,0.00372611523262697,0,0,0,0,0,0,0,0,0,1.4895741547762e-05,0,0,0,0,1.56205078547883e-05,0,1.22148207760835e-05,0,0,0,0,0,0,0,0,0,0.00089240122363458,0,0,0,0,0.000192736335031697,0.00156937677275638,0,0.00150120038103925,0.0183800199994046,0.00509436695059221,0.00917008595412638,5.55434014741642e-05,0.000546840568717092
4.44379619562083e-05,0,0,0,0,0,0,0,8.11255986744137e-05,0,0,0,0,0,0,0.011616021238184,0.229452412658545,0,0.111537657853792,0,0,0,0,0.00192222025107207,0,0.00340232077336596,0,0,0,0,0,0,0,0,0,0,0,0,0,0.00239688594831741,0.000187358108305792,0.0036376125588109,0.00060893333439839,8.67107539457929e-05,0,0.000537397971208213,0.00165661068663317,0,0,0,0,0,0,0,0,0,1.477153010497e-05,0,0,0,0,0.000523779764079947,0,3.77082362453545e-05,0,0,0,0,3.27267953252885e-05,0,0,0,0,0.000278004525131633,0,0,0,0,0.000665173898572815,0.000464311791171351,0,0.000268606323086196,0.0324172930648645,0.0103853635589369,0.00525362544182381,0.000424403344800646,1.99593719951673e-05
0.00141942861462554,0.000215405524972665,2.51453410897693e-05,0,0,0,0,0,0,0,0,0,0,0,0,0,0.0690629418958119,0.111537657853792,0,0,0,0,0,0,0,0,0,0,0,0,0,0,0,0,0,0,0,0,0,0.0529760148801941,0.0100639724165558,0.0584578692612085,0.0233161235370502,0.00676308313629294,5.85811041264249e-06,0.0526486008569366,0.065494162869889,0,7.36601864830986e-06,0,0,0,0,0,0,0,1.69481097766727e-05,7.02593489574699e-06,0,0,0,6.8375704431199e-05,0,0.000127297795483281,0,0,0,0,0,0,0,0,0.000183829861953427,0.00500991864036859,0,0,0,0,0.010404221613861,0.00805123943954317,0,0.00515568678241022,0.0164934675621865,9.66314938106181e-06,0.144889102838335,0.022149913228619,0.00231167708339067
0,0,0,0,0,0,0,0,0,0,0,0.143660675368344,0,0,0,0,0,0,0,0,0,0,0,0,0,0,0,0,0,0,0,0,0,0,0,0.019605866980525,0,0.00731304534238709,0,0,0,0,0,0,0,0.00218890396914334,0,0,0,0,0,0.00360759860934433,0,0.00381092403784838,0,0,0,0.000255807170220616,0,0,0,0,0.595565351238623,0,0,0,0,0,0,0,0,0,0,0,0,0,0,0,0.0029549968099099,0,0,0,0.000697543777365835,0,0.000577019177099464,0,0
0,0,0.00261895438259329,0,0.00657615893842102,0,0,0,0.000707218711778861,0,0.0486496185736762,0,0,0,0,0,0,0,0,0,0,0,0,0,0,0,0,0,0,0,0,0,0,0,0,0,0.0127751574669877,0,0.00614809785504951,0,0,0,0,0,0,0,0,0,0,0,0.00359071827200905,0,0,0,0.00145187639588774,0,0.145917595111887,0,0.000782883006733779,0,0,0,0,0.00654692864626274,0,0,0,0,0,0,0,0,0,0,0,0,0,0,0,0.000218239504867976,0,0.00708235323665845,0.00308519817217094,0,0.00110806485562028,0,0
0,0,0,0,0,0,0,0,0,0,0,0,0,0,0,0,0,0,0,0,0,0,0.00442940311582247,0,0,0.00144311595133753,0,0.00690199471234853,0,0,0,0,0,0,0,0,0,0.0491040044966372,3.11294470036645e-05,0,0,0,0,0,0,0,0,0.000141571542366712,5.89113707171341e-06,0.000277702199725202,0,0,0,0,0,0,0,0,0,0,0,0,0,0,0.0567183086031045,0,0,0,0.0295107931829615,0,0.0226028203703975,0,0,0,0,0,0,0,0,0,0.0103314834210915,1.25297844307333e-05,0.00251727778310568,8.88308897537812e-05,0,0,0
0,0,0,0,0,0,0,0,0,0,0,0,0,0,0,0,0,0,0,0,0,0.00442940311582247,0,0,0.000618770999998994,0,0,0,0.00535597254493503,0,0,0,0,3.42540977918064e-05,0,0,0,3.87610625611934e-05,0.00862692497347881,0,0,0,0,0,0,0,0,0.000200961206340427,0.000154797308420274,0.000105740022963732,0,0,0,0,0,0,0,0,0,0,0,0,0,0,0.00214194268199563,0.042093913576563,5.6129246384512e-06,3.56036616722122e-05,0,0,0,0,0,0,0,0,2.39239505389984e-05,0,0,0,2.7692970073251e-05,0.00558156844615522,0.00454903439778493,0.000217006503443755,2.87007227806557e-05,0,0
0,0,0,0,0,0,0,0,0,0.0277678675010086,0,0,0,0,0,0.00388754797075901,0,0.00192222025107207,0,0,0,0,0,0,0,0,0,0,0,0,0,0,0,0,0,0,0,0.0222472945624111,3.78342272181701e-05,0,0,0,0,0,0,0,0,0.000377166164360732,2.48039471764125e-05,0,0,0,0,0,0,0.0504526854545433,0,0,0,0,0,0.000976580152253458,0,0,9.33284296011482e-05,0,0.0037368205169736,0.000153028994233625,0.0182115636284318,0,0,0,0,0,0,0,0,0,0,0,0.0077749754237449,0,0.00093297464959245,0,0.000449991039530965,0,0
0,0,0,0,0,0,0,0,0.00528342475868892,0,0,0,0,0,0,0,0.00328150769676075,0,0,0,0,0,0.000618770999998994,0,0,0,0.00630755268312086,0,0,0,0,0,0,0,0,0,0,0,0.0235213816566668,0,0,0,0,0,0,0,0,0,7.98932288909513e-05,0,0,0,0,0,0.00179938151270279,0,0,0,0,0,0.0325784021693809,0,0,0,0,8.49906500661746e-05,0,0.06580991901029,0,0.165285699672364,0,0,0,0,0,0,0,0,0,0,0,0.00237049845846001,0.000270890319235617,0,0.000478908022794662,0,0
0,0,0,0,0,0,0,0,0,0,0,0,0,0.0201436723020005,0,0,0,0.00340232077336596,0,0,0,0.00144311595133753,0,0,0,0,0,0.00804809638010344,0,0,0,0,0,0,0,0,0,0,0,0,0,0,0,0,0,0,0,0,0,0,0,0,0,0,0,0,0,0,0,0.0303296057951648,0,0,0,0,0.00230602108228217,0,0,0,0,0,0.00306298855081366,0,0,0,0,0,0,0,0,0,0,0,3.40829509239024e-05,0,0,0,0
0,0,0,0,0,0,0,0,0.000403754907893017,0,0,0,0,0,0,0,0.000488802977789085,0,0,0,0,0,0,0,0.00630755268312086,0,0,0,0.00497175133205019,0,0,0,0,0,0,0,0,0,0,0,0,0,0,0,0,0,0,0,0,0,0,0,0,0,0,0,0,0,0.00124295451705351,0,0,0,0,0,0,4.17388400819618e-05,0,0.000904808236767046,0,0.000422252720454708,0,0.00627097138745635,0,0,0,0,0,0,0,0,0,0,1.90791685833274e-05,0,0,0,0
0,0,0,0,0,0,0,0,0,0,0,0,0,0,0,0,0,0,0,0,0,0.00690199471234853,0,0,0,0.00804809638010344,0,0,0,0.162422502588649,0,0,0,0,0,0,0,0.000377971603094357,0,0,0,0,0,0,0,0,0,0,0,0,0,0,0,0,0,0,0,0.00291561349249324,0,0.00383571295290028,0,0,0,0,0.0001017449212668,0,0,0,0.0363216535459387,0,0.0963648928891946,0,0.0208339476870729,0,0,0,0,0,0,0,0,0,0.000924179298934867,0.00492317025715091,0,0,0
0,0,0,0,0,0,0,0,0,0,0.0157172235625629,0,0.00307113501546786,0,0,0,2.59038329997529e-05,0,0,0,0,0,0.00535597254493503,0,0,0,0.00497175133205019,0,0,0,0.0325534530129444,0,0,0,0,0,0,0,0.000768097074033172,0,0,0,0,0,0,0,0,0,0,0,0,0,0,0,0,0,0,0,0,0,0,0,0,0,0,0.0321379077894016,0,0,0,0.00213019775401335,0,0.019807679529297,0,0,0,0,0,0,0,0,0,0,0.000367227763700967,0,0,0,0
0,0,0,0,0,0,0,0,0,0,0,0,0,0,0,0,0,0,0,0,0,0,0,0,0,0,0,0.162422502588649,0,0,0,0,0,0,0,0,0,0.00468542417545228,0,0,0,0,0,0,0,0,0,0,0,0,0,0,0,0,0,0,0,0.00144300283450612,0,0.000692394448868049,0,0,0,0,0,0,0,0,0,0,0.0536158097640814,0,0.109100236835206,0,0,0,0,0,0,0,0.00340684889692041,0,5.34505687057669e-06,1.85276365803233e-05,0,0,0
0,0,0,0,0,0,0,0,0,0,0,0,0.00807076514945956,0,0,0,0,0,0,0,0,0,0,0,0,0,0,0,0.0325534530129444,0,0,0,0,0,0,0,0,0,0.0281579234562496,0,0,0,0,0,0,0,0,0,0,0,0,0,0,0,0,0,0.000927530243878594,0,0.000327845566003959,0,0,0,0,0,0,0,0,0,0,0,0,0.0177265200441838,0,0.00013623978884425,0,0,0,0,0,0,0,4.82201487801912e-05,0.000650535163194088,6.72983742333599e-06,0,0,0
0,0,0,0,0,0,0,0,0,0,0,0,0,0,0,0,0,0,0,0,0,0,0,0,0,0,0,0,0,0,0,0,0.323420637022746,0.0451083614457025,0.00259103976908579,0.00299165387080558,0.000955209553145507,0,0,0,0,0,0,0,0,0,0,0.266328782429744,0.0124466894544307,0.00761805299420251,0,0,0,0,0,0,0,0,0,0,0,0,0,0,0,0,0,0,0,0,0,0,0,0,0.0437230122278404,0.040842194664626,0.0059515792510023,0.000221325066045522,0.000386460502597144,0.000133175120818934,0,0,0.0010930493082409,0,0,0,0
0,0,0,0,0,0,0,0,0,0,0,0,0,0,0,0,0,0,0,0,0,0,0,0,0,0,0,0,0,0,0,0.323420637022746,0,0,0.0113594570135391,0.000317628040466509,0.00475852797056072,0,0,0,0,0,0,0,0,0,0,0.018138538585182,2.03535747879844e-05,0.000193715144720185,0,0,0,0,0,0,0,0,0,0,0,0,0,0,0,0,0,0,0,0,0,0,0,0,0.00609676683589074,0.0813164791265162,0,0.00893782784153754,0,0.000906152488542542,0,0,0.000836190976328292,0,0,0,0
0,0,0,0,0,0,0,0,0,0,0,0,0,0,0,0,0,0,0,0,0,0,3.42540977918064e-05,0,0,0,0,0,0,0,0,0.0451083614457025,0,0,0.388013794017195,0.0129954021272959,5.89156173286198e-05,0.00703133874660911,0.000346063601387492,0,0,0,0,0,0,0,0,0.463513393229487,0.00267344943509447,0.00146157777839436,0,0,0,0,0,0,0,0,0,0,0,0,0,0,0,7.69042161585603e-06,0,5.73064139112178e-05,0,0,0,0,0,0,0.00845262361268758,0,0.149551713504804,0.000474102218553512,0.000930585778993944,6.87993323114369e-05,0.00146151320685934,0.000635522569184208,0.0029927511813185,0.00217888370178587,0.000152576040479832,0,0
0,0,0,0,0,0,0,0,0,0,0,0,0,0,0,0,0,0,0,0,0,0,0,0,0,0,0,0,0,0,0,0.00259103976908579,0.0113594570135391,0.388013794017195,0,0,0.00437124498608384,0.000484518181577261,0.00859761929426077,0,0,0,0,0,0,0,0,0.403592399182322,0.000402310372570342,0.00767895639638159,0,0,0,0,0,0,0,0,0,0,0,0,0,0,0,0,0.000164692960535692,0,0,0,0,0,0,0,0,0.00720192327867622,0.257757748017382,0.0922699857725966,0,0.00121312993393846,0.000758531134389016,0.000124045706088677,0.000602329554091054,0,0.000323097354801896,0,0
0,0,0,0.00187621623411044,0,0.001611696959225,0,0,0,5.08453014352991e-06,0,0.0319202142958287,0,0,0,0,0,0,0,0.019605866980525,0,0,0,0,0,0,0,0,0,0,0,0.00299165387080558,0.000317628040466509,0.0129954021272959,0,0,0.0149268925260218,0.0122342426579109,0,5.20798125815228e-06,0,0,0,0,0,1.2597631605365e-05,0,0.00260756430785432,1.16374544633797e-05,2.87654988534615e-05,0,0,0,0,0,0,0,0.0011553925120765,0,0,0,0,0.0408119881085791,0,0,0,0,0,0,0,0,0,0,0,0.00240292921676541,0,0.0340928429195569,0,0.143448346473082,0.0197716082661131,0.00109125482290575,0,0.0123316154306826,0.00081152842403155,0.00620265041902486,0,0
0,0,1.80391037341476e-05,0,1.67577379524969e-05,0,0,0,0,0,0,0,0,0,0,0,0,0,0,0,0.0127751574669877,0,0,0,0,0,0,0,0,0,0,0.000955209553145507,0.00475852797056072,5.89156173286198e-05,0.00437124498608384,0.0149268925260218,0,0,0.00734256910706153,0,0,0,0,0,0,0,0,0.000291327075432895,3.46805234595911e-05,0,2.54385903506957e-05,0,0,0,2.82796127942922e-05,0,0,0,2.84138850672748e-05,0,0,0,0,0.0116083384887307,0,0,0,0,0,0,0,0,0,0,0,0.0169966292286197,3.13132710513629e-05,0.00421892222645915,0.00131904406354104,0.0867550895781881,0,0.014083231405911,0.00595258205948151,0.00759308070967177,0.00174902668215918,0,0
8.99524475007363e-05,0,0,0,0,4.61474766787697e-06,0,0,0,0.00359555671792443,0,0.0875011277936363,0,0,0,0,0,0,0,0.00731304534238709,0,0.0491040044966372,3.87610625611934e-05,0.0222472945624111,0,0,0,0.000377971603094357,0,0.00468542417545228,0,0,0,0.00703133874660911,0.000484518181577261,0.0122342426579109,0,0,0.00229303682024874,0,0,5.54490852050839e-05,0,0,0,0,0,0.0393011387651772,0.000446206110483634,0.00561660991637757,0,0,0,0,8.09712651340163e-06,0.0016183720747536,0,0.0338622546117047,0,0,0,0,0.0074476463944872,0,0.0121256305559,6.22055129952671e-05,0.0197996752549642,5.14302643378474e-05,0,0,0.00997875584558906,0,0.00091801908127644,0,0,0,0.031071871123178,7.08161419734406e-05,0.00140303723248962,0,0.073628704782378,0.000724873585766433,0.00391899430323891,0.00135624636234036,0.00133525249866897,0,0
0,0,0,0,0,0,0,0,0.00322440681532178,0,0.0167388004838807,0,0,0,0,0,0,0,0,0,0.00614809785504951,3.11294470036645e-05,0.00862692497347881,3.78342272181701e-05,0.0235213816566668,0,0,0,0.000768097074033172,0,0.0281579234562496,0,0,0.000346063601387492,0.00859761929426077,0,0.00734256910706153,0.00229303682024874,0,0,0,0,0,0,0,0,0,0.0494198462805614,0.00156169287897773,0.00250670039267441,0,0,0,0,0.00154112213200847,0,0.0179028249392093,0,0,0,0,0,0,0.0117283937451872,0,0.00393598461838339,0.000315527147873185,0.0189933164018744,0,0,0,0.000602917870561592,0,0.0187272390237956,0,0,6.66493999595574e-05,0.0106509853798063,0,0.00210966670644493,0.0019560335392377,0.0588188804435351,0.00567380301664398,0.000939248811089325,0.00315063398548179,0,0
0,0.000305144845062456,0,0.00184383754357979,0,0,0,0,0,0,0,0,0,0,0,0,0.000907080425638529,0.00239688594831741,0.0529760148801941,0,0,0,0,0,0,0,0,0,0,0,0,0,0,0,0,5.20798125815228e-06,0,0,0,0,0.000113898298120842,0.0838228456962562,0.000127575740941429,0.00122443985371627,0,0.160989390279248,0.000710470495401119,0.00138956985607715,0,0.133645796923624,0,0,0,0,0,0,0,8.53018767685851e-06,0,0,0,0,0.00927076164660194,0,0,0,0,0,0,0,0,0,1.02492307016606e-05,0,0,0,0,0,0.0085375427701148,5.73574297151052e-05,4.66204806352451e-05,4.39553225172048e-06,0.00129424335249995,8.68077135806266e-07,0.176488123217774,0.00936484215963029,1.99324737374246e-05
0.00060147170123105,0,0.00112168112333247,0,0,0,0,0,0,0,0,0,0,0,0,0,0.000938576111170234,0.000187358108305792,0.0100639724165558,0,0,0,0,0,0,0,0,0,0,0,0,0,0,0,0,0,0,0,0,0.000113898298120842,0,4.63885926722044e-05,0.0181337267890847,0,0,0.000123204612604133,0.0827631817425048,0,0.00941906198644971,0,0,0,0,0,0,0,1.01409923333359e-05,0,0,0,0,0,0,0.00842861105572643,0,0,0,0,0,0,0,0,0,0.000150957553209501,0,0,0,0,2.02337609460585e-05,0.00772627667357632,0,0.000915090571038011,0.000794038198602944,8.154628067939e-07,0.0410756024185222,0,0.00454163727442316
0,0.00708459158103414,0,0.00297658678024517,0,0,0,0,0,0.0106807343734939,0,0,0,0,0,0,0.000731462058863316,0.0036376125588109,0.0584578692612085,0,0,0,0,0,0,0,0,0,0,0,0,0,0,0,0,0,0,5.54490852050839e-05,0,0.0838228456962562,4.63885926722044e-05,0,0.00522398241502976,0.00310621156123332,3.694136819067e-05,0.0118437494266293,0.000383000352305777,0,0,0.00681112501237225,0,0,0,0,0,0.00107132809828445,0,0.000366456329447386,0,0,0,0,4.07755313575639e-05,0,0,0,0,0,0,0,0,0,0.0182106790690421,0,0,0,0,0,0.0052524142135431,5.16927630378834e-05,0,4.79385238455962e-05,0.00528091757997001,0,0.263112124445875,0.0931781855046936,4.38378209005573e-05
0.00209673029398986,0,0.0140366962519193,0,9.09688887581342e-05,0,0,0,0.00051204252109059,0,0,0,0,0,0,0,0.00357412710854105,0.00060893333439839,0.0233161235370502,0,0,0,0,0,0,0,0,0,0,0,0,0,0,0,0,0,0,0,0,0.000127575740941429,0.0181337267890847,0.00522398241502976,0,1.05788090191788e-05,0.00206934805958728,0.000253694787092446,0.0285478821661854,0,0.00421013271167534,0,0,0,0,0,0.00169786990912627,0,0.00186280580405074,0,0,0,0,0,0,0.000385932143995453,0,0,0,0,0,0,0,0.00147107223773993,0,0.0301250747964577,0,0,0,0,4.11146948233135e-06,0.0102038117846657,0,0.00566148835744004,0.00634327305497843,8.92276875351914e-06,0.132553942266187,8.16695206911147e-06,0.0157798930537131
0,0,0,0,0,0,0,0,0,0,0,0,0,0,0,0,4.96061545293198e-05,8.67107539457929e-05,0.00676308313629294,0,0,0,0,0,0,0,0,0,0,0,0,0,0,0,0,0,0,0,0,0.00122443985371627,0,0.00310621156123332,1.05788090191788e-05,0,0,0.00164465846855451,1.33412392901505e-05,0,0,0,0,0,0,0,0,0,0,0,0,0,0,0,0,0,0,0,0,0,0,0,0,0,0,0,0,0,0,0,0.000302222002074377,0,0,0,0.000144338446721268,0,0.0182104456981584,0.000103010445778372,0
0,0,0,0,0,0,0,0,0,0,0,0,0,0,0,0,0,0,5.85811041264249e-06,0,0,0,0,0,0,0,0,0,0,0,0,0,0,0,0,0,0,0,0,0,0,3.694136819067e-05,0.00206934805958728,0,0,0,1.07291248784966e-05,0,0,0,0,0,0,0,0,0,0,0,0,0,0,0,0,0,0,0,0,0,0,0,0,0,0,0,0,0,0,0,0,1.62363492614478e-06,0,0,1.93792510535658e-05,0,0.00275309485573648,0,0
1.69122094301506e-05,0.00380511339230928,0,0.000146573021856732,0,0,0,0,0,0.000267850805885674,0,0,0,0,0,0,0.000721307348442995,0.000537397971208213,0.0526486008569366,0.00218890396914334,0,0,0,0,0,0,0,0,0,0,0,0,0,0,0,1.2597631605365e-05,0,0,0,0.160989390279248,0.000123204612604133,0.0118437494266293,0.000253694787092446,0.00164465846855451,0,0,0.00193327383960355,0,0,0.000768717868990305,0,0,0,0,0,0,0,0,0,0,0,0,0.0469020842629146,0,0,0,0,0,0,0,0,0,6.88906939056502e-05,1.78528059404459e-05,0,0,0,0,0.00755714075097763,6.90902423589054e-05,0.00519355040026849,5.35156165436635e-05,0.00347666616310949,0,0.10265293660605,0.000137529843960297,0
0.0126852071397336,0,0.000657538940628128,0,0,0,0,0,0,0,0,0,0,0,0,0,0.00372611523262697,0.00165661068663317,0.065494162869889,0,0,0,0,0,0,0,0,0,0,0,0,0,0,0,0,0,0,0,0,0.000710470495401119,0.0827631817425048,0.000383000352305777,0.0285478821661854,1.33412392901505e-05,1.07291248784966e-05,0.00193327383960355,0,0,4.54425184320114e-05,0,0,0,0,0,0,0,5.22122574015792e-05,0,0,0,0,0,0,0.00557858505323447,0,0,0,0,0,0,0,0,0,0.00161565098547235,0,0,0,0,9.14255695914497e-06,0.0064261165915593,0,0.00485675006863161,0.00506544304811732,7.04056684980132e-06,0.0508635505217909,1.26592670124468e-05,0.00140932807851908
0,0,0,0,0,0,0,0,0,0,0,0,0,0,0,0,0,0,0,0,0,0.000141571542366712,0.000200961206340427,0.000377166164360732,0,0,0,0,0,0,0,0.266328782429744,0.018138538585182,0.463513393229487,0.403592399182322,0.00260756430785432,0.000291327075432895,0.0393011387651772,0.0494198462805614,0.00138956985607715,0,0,0,0,0,0,0,0,0.171253765071889,0.134248240203007,0,0,0,0,0,1.83584391552376e-05,0,0,0,0,0,0,0,0,4.9786164963977e-05,0.000190079483513628,0.00248355789017487,0.000681283651642843,0,0,0,0,0,0,0.00577511903666903,0.0199577005454126,0.0585430058839207,0.0251639560409659,0.0153202338222973,0.0276003336742369,0.0238751664506825,0.0081947560087658,0.00615975249644499,0,0.00774362022659156,0,0
0.0113977501296388,0,0.0287488604390326,0,2.212353560219e-05,0,0,0,0.000169926271243459,0,0,0,0,0,0,0,0,0,7.36601864830986e-06,0,0,5.89113707171341e-06,0.000154797308420274,2.48039471764125e-05,7.98932288909513e-05,0,0,0,0,0,0,0.0124466894544307,2.03535747879844e-05,0.00267344943509447,0.000402310372570342,1.16374544633797e-05,3.46805234595911e-05,0.000446206110483634,0.00156169287897773,0,0.00941906198644971,0,0.00421013271167534,0,0,0,4.54425184320114e-05,0.171253765071889,0,0.0172510224291463,0,0,0,0,0.00015623066038569,0,9.2941496072155e-05,0,0,0,0,0,0,0,0,0.000245952316294413,2.17699911215304e-05,0.00652007609543595,0,0,0,1.81546637196693e-05,0,0.000239605779496073,1.4985573728596e-05,0.00110228749731832,0.00133854324909197,7.53484399104438e-05,3.41539643900424e-05,0.000590432705449034,0.000611443691259003,0.00924447718239945,0.00523686155814704,0,0.0308431492093029,0,0
1.4066665063847e-05,0.0189348625812079,0,0.0163105741421934,0,0,0,0,0,0.00308581467157651,0,0,0,0,0,0,0,0,0,0,0,0.000277702199725202,0.000105740022963732,0,0,0,0,0,0,0,0,0.00761805299420251,0.000193715144720185,0.00146157777839436,0.00767895639638159,2.87654988534615e-05,0,0.00561660991637757,0.00250670039267441,0.133645796923624,0,0.00681112501237225,0,0,0,0.000768717868990305,0,0.134248240203007,0.0172510224291463,0,0,0,0,0,0,0.000596957235014299,0,0.00513931060758097,0,0,0,0.00130767171628649,0,0,8.88188622378437e-05,0.000149919868892064,0.00548185999763419,0.000108363881290072,0.00864290578500657,0,0.0305369764377502,0,0.00904296640836293,0,8.72398289872268e-05,0.000108511053990348,0.00103187336391658,0.00146993253853874,0.0108972563505603,0,0.00515730498260911,0.00213422979021791,0.00393028542231927,0,0.0553929450737998,0,0
0,0,0.0107766006259154,0,0.112737183015897,0,0,0,0.0016420884014893,0,0,0,0,0,0,0,0,0,0,0,0.00359071827200905,0,0,0,0,0,0,0,0,0,0,0,0,0,0,0,2.54385903506957e-05,0,0,0,0,0,0,0,0,0,0,0,0,0,0,0,0,0,0.000300480244240526,0,0.00025800024552635,0,0.000909539246618671,0,0,0,0,0.00382311818943121,0,0,0,0,0,0,0,0,0,0,0,0,0,0,0,0,0,0,0.00278521577183616,0,0.00874481691975386,0,0
0,0,0,0.0211701639460062,0,0.116767647439224,0,0.0453820429252583,0,0.0018419391106973,0,0.00383240967767722,0,0,0,0.000252403567761718,0,0,0,0.00360759860934433,0,0,0,0,0,0,0,0,0,0,0,0,0,0,0,0,0,0,0,0,0,0,0,0,0,0,0,0,0,0,0,0,0,0,0,0.00260408407397499,0,0,0,0,0,0,0.00923543859804775,0,0,0,0,0,0,0,0,0,0,0,0,0,0,0,0,0,0,0,0.00259639451274048,0,0.0044964123321773,0,0
0,0,0,0,0,0,0,0,0,0,0,0,0,0,0,0,0,0,0,0,0,0,0,0,0,0,0,0,0,0,0,0,0,0,0,0,0,0,0,0,0,0,0,0,0,0,0,0,0,0,0,0,0,0,0,0,0.000178372356458567,0,0,0,0,0,0,0,0,0,0,0,0,0,0,0,0,0,0,0,0,0,0,0,0,0,0,0,0,0,0
0,0,0,0,0,0.0653641802080419,0,0.0469412059935248,0,0,0,0.00655333027369232,0,0,0,0,0,0,0,0.00381092403784838,0,0,0,0,0,0,0,0,0,0,0,0,0,0,0,0,0,0,0,0,0,0,0,0,0,0,0,0,0,0,0,0,0,0,0,0,0,0,0,0,0,0,0.000454370721974283,0,0,0,0,0,0,0,0,0,0,0,0,0,0,0,0,0,0,0,0.00125308532899284,0,0,0,0
0,0,0.0820959815912177,0,0.0112017668167461,0,0,0,0.182511315850229,0,0,0,0,0,0.00159670734840678,0,0,0,0,0,0.00145187639588774,0,0,0,0.00179938151270279,0,0,0,0,0,0,0,0,0,0,0,2.82796127942922e-05,8.09712651340163e-06,0.00154112213200847,0,0,0,0.00169786990912627,0,0,0,0,0,0.00015623066038569,0,0.000300480244240526,0,0,0,0,0,2.85404730359895e-05,0,0,0,0,0,0,0.00163324543741288,0,0,0,0.0287723890975427,0,0,0,0,0,0.000152949092643887,0,0,0,0,0,0,1.31974829329674e-05,0.0118793584156889,0.000391965541897338,0,0.0040275122223749,0,0
0,0.274861425437571,0,0.26917910375117,0,0.0126849145832838,0,0,0,0.2564588321009,0,0,0,0,0,0.031449603601434,0,0,0,0,0,0,0,0.0504526854545433,0,0,0,0,0,0,0,0,0,0,0,0,0,0.0016183720747536,0,0,0,0.00107132809828445,0,0,0,0,0,1.83584391552376e-05,0,0.000596957235014299,0,0.00260408407397499,0,0,0,0,0,0,0,0,0,0.0365564502960546,0,0,0,0,0.11818632654287,0,0,0,0,0,4.81960934456843e-05,0,0,0,0,0,0,0,0.00578857754094705,0,0.000326845588661108,0,0.00341153302527727,0.00785820583942037,0
6.80086114522058e-05,0,0.00106466787920442,0,0.000517720562395447,0,0.000163172066095285,0,0,0,0.067207800473301,0,0,0,0,0,1.4895741547762e-05,1.477153010497e-05,1.69481097766727e-05,0,0.145917595111887,0,0,0,0,0,0,0,0,0,0.000927530243878594,0,0,0,0,0,0,0,0.0179028249392093,0,1.01409923333359e-05,0,0.00186280580405074,0,0,0,5.22122574015792e-05,0,9.2941496072155e-05,0,0.00025800024552635,0,0.000178372356458567,0,2.85404730359895e-05,0,0,0,0.00219956717376776,0,0,0,0,0.0138721254454519,0,0,0,0,0,0,0,0.0174524462655264,0,0.019512681094938,0,0,0,0,0,0,0,0,0.00167775635603795,0,0.00568133574043398,0,0
0,0,0,0.000141349982540482,0,0,0,0,0,0,0,0.17713412110146,0,0.0105298534986452,0,0,0,0,7.02593489574699e-06,0.000255807170220616,0,0,0,0,0,0,0,0.00291561349249324,0,0.00144300283450612,0,0,0,0,0,0.0011553925120765,0,0.0338622546117047,0,8.53018767685851e-06,0,0.000366456329447386,0,0,0,0,0,0,0,0.00513931060758097,0,0,0,0,0,0,0,0,0,0.00331011603843995,0,0,0.00849865333502171,0,0,0,0,0,0,0,0.00246060099863643,0,0.0251333915313873,0,0,0,0,0,0,0,0.000211065143162662,0,0.00260976256779091,0,0.0280787240121578,0.000242771612934046,0
0,0,0.000144065084787522,0,0.00113415994087245,0,0,0,0,0,0.0722173848954516,0,0.000362850814025701,0,0.0375359716218203,0,0,0,0,0,0.000782883006733779,0,0,0,0,0,0.00124295451705351,0,0,0,0.000327845566003959,0,0,0,0,0,2.84138850672748e-05,0,0,0,0,0,0,0,0,0,0,0,0,0,0.000909539246618671,0,0,0,0,0,0.00219956717376776,0,0,0,0,0,0,0.00558145589055928,0,0,0,0,0,0,0,0,0,0,0,0,0,0,0,0,0,0,1.84831199673794e-05,0,0.00264403737336258,0,0
0,0,0,0.000363463576911733,0,0,0,0.0116191884871348,0,0,0,0.0906871471439837,0,0.243796089306878,0,0.02805387209994,0,0,0,0,0,0,0,0,0,0.0303296057951648,0,0.00383571295290028,0,0.000692394448868049,0,0,0,0,0,0,0,0,0,0,0,0,0,0,0,0,0,0,0,0,0,0,0,0,0,0,0,0.00331011603843995,0,0,0,0.032483288744192,0,0,0,0,0,0,0.0204798597251352,0,0,0,0,0,0,0,0,0,0,0,0,0,0.00235252084863951,0.00220883000943532,0,0,0
0,0,0,0,0,0,0,0,0.00101936264156978,0,0,0,0,0,0,0,0,0,0,0,0,0,0,0,0.0325784021693809,0,0,0,0,0,0,0,0,0,0,0,0,0,0,0,0,0,0,0,0,0,0,0,0,0,0,0,0,0,0,0,0,0,0,0,0,0,0,0,0,0,0,0.0135513292366512,0,0.000303753821044354,0,0,0,0,0,0,0,0,0,0,0,0,0,0,0,0,0
0,0.010272610006508,0,0.0548829308041832,0,0.000158026412788842,0,0,0,0.0340172094960326,0,0,0,0.00730554661100565,0,0.0484725190061486,1.56205078547883e-05,0.000523779764079947,6.8375704431199e-05,0,0,0,0,0.000976580152253458,0,0,0,0,0,0,0,0,0,0,0,0,0,0,0,0,0,0,0,0,0,0,0,0,0,0.00130767171628649,0,0,0,0,0,0.0365564502960546,0,0,0,0.032483288744192,0,0,0,0,0,0,4.37461811287395e-05,0,0.000142466881948924,0,0,0,0,0,0,0,0,0,0,0,1.59126213088089e-05,0,2.90775363694883e-05,0,3.25776074081865e-05,0,0
0,0,0,0,0,0.000436420759402923,0,0,0,0,0,0.0990012897453602,0,0,0,0,0,0,0,0.595565351238623,0,0,0,0,0,0,0,0,0,0,0,0,0,0,0,0.0408119881085791,0,0.0074476463944872,0,0.00927076164660194,0,4.07755313575639e-05,0,0,0,0.0469020842629146,0,0,0,0,0,0.00923543859804775,0,0.000454370721974283,0,0,0,0.00849865333502171,0,0,0,0,0,0,0,0,0,0,0,0,0,0,2.29333891329825e-05,0,0,0,0,0,0.00155632842382474,0,0.00256717880353812,0,0.000536304869902367,0,0.0166199057504971,0,0
0.000142956955480714,0,0.00394607808750761,0,0.00178293794904374,0,0,0,0.000964379882605918,0,0.0125305691318368,0,0,0,0,0,1.22148207760835e-05,3.77082362453545e-05,0.000127297795483281,0,0.00654692864626274,0,0,0,0,0,0,0,0,0,0,0,0,0,0,0,0.0116083384887307,0,0.0117283937451872,0,0.00842861105572643,0,0.000385932143995453,0,0,0,0.00557858505323447,0,0,0,0.00382311818943121,0,0,0,0.00163324543741288,0,0.0138721254454519,0,0.00558145589055928,0,0,0,0,0,0,0,0,0,0,0,0,0,0,0.000136435017299293,0,0,0,0,0,0.000879425275638133,0,0.00604579512836417,0.00209196384742304,0,0.0114353747748203,0,0
0,0,0,0,0,0,0,0,0,0,0,0,0,0,0,0,0,0,0,0,0,0.0567183086031045,0.00214194268199563,9.33284296011482e-05,0,0.00230602108228217,0,0.0001017449212668,0,0,0,0,0,0,0,0,0,0.0121256305559,0,0,0,0,0,0,0,0,0,4.9786164963977e-05,0,8.88188622378437e-05,0,0,0,0,0,0,0,0,0,0,0,0,0,0,0,0,0,0,0.00603223769129075,0,0.000888133485120908,0,0,0,0,0,0,0,0,0,0.00155887095841974,0,0.00139210590068604,0.00021570977978445,0,0,0
0,0,0,0,0,0,0,0,0,0,0,0,0,0,0,0,0,0,0,0,0,0,0.042093913576563,0,8.49906500661746e-05,0,4.17388400819618e-05,0,0.0321379077894016,0,0,0,0,7.69042161585603e-06,0,0,0,6.22055129952671e-05,0.00393598461838339,0,0,0,0,0,0,0,0,0.000190079483513628,0.000245952316294413,0.000149919868892064,0,0,0,0,0,0,0,0,0,0,0,0,0,0,0,0,0,0,0,0,0,0,0,0,0,0,0,0,0,0,2.69576720022729e-05,0.00373635824710752,0.00279403776408384,0,5.04543356754441e-05,0,0
0,0,0,0,0,0,0,0,0,0.00955375267750744,0,0,0,0,0,0.000146808474582422,0,0,0,0,0,0,5.6129246384512e-06,0.0037368205169736,0,0,0,0,0,0,0,0,0,0,0.000164692960535692,0,0,0.0197996752549642,0.000315527147873185,0,0,0,0,0,0,0,0,0.00248355789017487,2.17699911215304e-05,0.00548185999763419,0,0,0,0,0,0.11818632654287,0,0,0,0,0,4.37461811287395e-05,0,0,0,0,0,0,0.0246188609380111,0,0.000107998987390119,0,0,0,0,0,0,0,0,0,0.00281660051886855,4.35561873058203e-05,0.000484506562020447,0,0.0102639479539953,0,0
0,0,0,0,0,0,0,0,0.00212163325976985,0,0,0,0,0,0,0,0,0,0,0,0,0,3.56036616722122e-05,0.000153028994233625,0.06580991901029,0,0.000904808236767046,0,0,0,0,0,0,5.73064139112178e-05,0,0,0,5.14302643378474e-05,0.0189933164018744,0,0,0,0,0,0,0,0,0.000681283651642843,0.00652007609543595,0.000108363881290072,0,0,0,0,0.0287723890975427,0,0,0,0,0,0.0135513292366512,0,0,0,0,0,0,0,0,0.0505745324574139,0,0,0,0,0,0,0,0,0,0,7.38627055605561e-05,0.0187634803017508,5.38850313745413e-05,0,0.00443140089361738,0,0
0,0,0,0,0,0,0,0,0,0,0,0,0,0.0229185935783605,0,0,0,3.27267953252885e-05,0,0,0,0.0295107931829615,0,0.0182115636284318,0,0,0,0.0363216535459387,0,0,0,0,0,0,0,0,0,0,0,0,0,0,0,0,0,0,0,0,0,0.00864290578500657,0,0,0,0,0,0,0,0,0,0.0204798597251352,0,0.000142466881948924,0,0,0.00603223769129075,0,0.0246188609380111,0,0,0,0.00152294828704326,0,0,0,0,0,0,0,0,0,0,0,6.36908523349094e-05,0,0,0,0
0,0,0,0,0,0,0,0,0,0,0,0,0,0,0,0,0,0,0,0,0,0,0,0,0.165285699672364,0,0.000422252720454708,0,0.00213019775401335,0,0,0,0,0,0,0,0,0,0,0,0,0,0,0,0,0,0,0,0,0,0,0,0,0,0,0,0,0,0,0,0.000303753821044354,0,0,0,0,0,0,0.0505745324574139,0,0,0,0,0,0,0,0,0,0,0,0,0,0,6.24477645894954e-05,0,0,0,0
0,0,0,0,0,0,0,0,0,0,0,0,0,0.00050374343641163,0,0,0,0,0,0,0,0.0226028203703975,0,0,0,0.00306298855081366,0,0.0963648928891946,0,0.0536158097640814,0,0,0,0,0,0,0,0.00997875584558906,0,0,0,0,0,0,0,0,0,0,0,0.0305369764377502,0,0,0,0,0,0,0,0.00246060099863643,0,0,0,0,0,0,0.000888133485120908,0,0.000107998987390119,0,0.00152294828704326,0,0,0,0.00549966630047312,0,0,0,0,0,0,0,0,0,0.000141613196659443,0.000364593409933975,0.00312395831698755,0,0
0,0,2.88657359985879e-05,0,0,0,0,0,0,0,0.00881605255675719,0,0,0,0.0101299601886639,0,0,0,0,0,0,0,0,0,0,0,0.00627097138745635,0,0.019807679529297,0,0.0177265200441838,0,0,0,0,0,0,0,0.000602917870561592,0,0,0,0.00147107223773993,0,0,0,0,0,1.81546637196693e-05,0,0,0,0,0,0,0,0.0174524462655264,0,0,0,0,0,0,0,0,0,0,0,0,0,0,0,0,0.00270508831237581,0,0,0,0,0,0,0,0,6.23226882946121e-05,0,0.00578337387547195,0,0
0,0,0,0.000461322081907909,0,0,0,0,0,0.000904512776593034,0,0,0,0,0,0,0,0,0.000183829861953427,0,0,0,0,0,0,0,0,0.0208339476870729,0,0.109100236835206,0,0,0,0,0,0,0,0.00091801908127644,0,1.02492307016606e-05,0,0.0182106790690421,0,0,0,6.88906939056502e-05,0,0,0,0.00904296640836293,0,0,0,0,0,4.81960934456843e-05,0,0.0251333915313873,0,0,0,0,2.29333891329825e-05,0,0,0,0,0,0,0,0.00549966630047312,0,0,0,0,0,0,0,0,0,0.000352718816717053,0,1.5889719868888e-05,0,0.0758753248402073,0.0125763817766427,0
0.00178315589610158,0,0.00648827024977433,0,0,0,0,0,0,0,0,0,0,0,0,0,0.00089240122363458,0.000278004525131633,0.00500991864036859,0,0,0,0,0,0,0,0,0,0,0,0.00013623978884425,0,0,0,0,0,0,0,0.0187272390237956,0,0.000150957553209501,0,0.0301250747964577,0,0,1.78528059404459e-05,0.00161565098547235,0,0.000239605779496073,0,0,0,0,0,0.000152949092643887,0,0.019512681094938,0,0,0,0,0,0,0.000136435017299293,0,0,0,0,0,0,0,0.00270508831237581,0,0,0,0,0,0,0,3.14085342756941e-05,0,4.21827062046776e-05,0.00293930429257576,9.02760108096778e-06,0.0590304998101876,0,0.0150774041699524
0,0,0,0,0,0,0,0,0,0,0,0,0,0,0,0,0,0,0,0,0,0,0,0,0,0,0,0,0,0,0,0.0437230122278404,0.00609676683589074,0.00845262361268758,0,0.00240292921676541,0,0,0,0,0,0,0,0,0,0,0,0.00577511903666903,1.4985573728596e-05,8.72398289872268e-05,0,0,0,0,0,0,0,0,0,0,0,0,0,0,0,0,0,0,0,0,0,0,0,0,0,0,0.0217527523939678,0,0.000539237829335718,3.92878082197197e-06,0,0,1.20043999753683e-05,0,0,0,0
0,0,0,0,0,0,0,0,0,0,0,0,0,0,0,0,0,0,0,0,0,0,0,0,0,0,0,0,0,0,0,0.040842194664626,0.0813164791265162,0,0.00720192327867622,0,0.0169966292286197,0,0,0,0,0,0,0,0,0,0,0.0199577005454126,0.00110228749731832,0.000108511053990348,0,0,0,0,0,0,0,0,0,0,0,0,0,0,0,0,0,0,0,0,0,0,0,0,0,0,0,0.0239490905018069,7.50716015860916e-06,0.00294722062861366,0,0,0.00069632686498192,0,0,0,0
0,0,0,0,0,0,0,0,0,0,0,0,0,0,0,0,0,0,0,0,0,0,2.39239505389984e-05,0,0,0,0,0,0,0,0,0.0059515792510023,0,0.149551713504804,0.257757748017382,0.0340928429195569,3.13132710513629e-05,0.031071871123178,6.66493999595574e-05,0,0,0,0,0,0,0,0,0.0585430058839207,0.00133854324909197,0.00103187336391658,0,0,0,0,0,0,0,0,0,0,0,0,0,0,0,0,0,0,0,0,0,0,0,0,0.0217527523939678,0,0,0.000338495561137858,0.000194161729165392,3.00592344550268e-05,0.0013748941750038,0.000130793324628557,0.00141380684786942,0.000253218778310802,4.45389000387362e-05,0,0
0,0,0,0,0,0,0,0,0,0,0,0,0,0,0,0,0,0,0,0,0,0,0,0,0,0,0,0,0,0,0,0.000221325066045522,0.00893782784153754,0.000474102218553512,0.0922699857725966,0,0.00421892222645915,7.08161419734406e-05,0.0106509853798063,0,0,0,0,0,0,0,0,0.0251639560409659,7.53484399104438e-05,0.00146993253853874,0,0,0,0,0,0,0,0,0,0,0,0,0,0,0,0,0,0,0,0,0,0,0,0,0,0.0239490905018069,0.000338495561137858,0,0,0.000281951849471686,0.000160035322400593,0.000978990802133685,0.00010176963409191,0,1.81284388605321e-05,0,0
0,1.25491782708532e-05,0,0,0,0,0,0,0,0,0,2.78348439122009e-05,0,0,0,0,0.000192736335031697,0.000665173898572815,0.010404221613861,0.0029549968099099,0,0,0,0,0,0,0,0,0,0,0,0.000386460502597144,0,0.000930585778993944,0,0.143448346473082,0.00131904406354104,0.00140303723248962,0,0.0085375427701148,2.02337609460585e-05,0.0052524142135431,4.11146948233135e-06,0.000302222002074377,0,0.00755714075097763,9.14255695914497e-06,0.0153202338222973,3.41539643900424e-05,0.0108972563505603,0,0,0,0,0,0,0,0,0,0,0,0,0.00155632842382474,0,0,0,0,0,0,0,0,0,0,0,0.000539237829335718,7.50716015860916e-06,0.000194161729165392,0,0,0.00261944546743313,0.000369792946409412,8.88532327636475e-07,0.0026852490074609,8.40009670355357e-06,0.016602721759549,0.000469885174106095,3.32783239326582e-06
0.00120922524109904,0,4.64526492351113e-05,0,0,0,0,0,1.76281230706817e-06,0,0,0,0,0,0,0,0.00156937677275638,0.000464311791171351,0.00805123943954317,0,0.000218239504867976,0,0,0,0,0,0,0,0,0,0,0.000133175120818934,0.000906152488542542,6.87993323114369e-05,0.00121312993393846,0.0197716082661131,0.0867550895781881,0,0.00210966670644493,5.73574297151052e-05,0.00772627667357632,5.16927630378834e-05,0.0102038117846657,0,1.62363492614478e-06,6.90902423589054e-05,0.0064261165915593,0.0276003336742369,0.000590432705449034,0,0,0,0,0,0,0,0,0,0,0,0,0,0,0.000879425275638133,0,0,0,0,0,0,0,0,0,3.14085342756941e-05,3.92878082197197e-06,0.00294722062861366,3.00592344550268e-05,0.000281951849471686,0.00261944546743313,0,0,0.00368801076309773,0.00529490415513243,0.000273094441538774,0.0109781959561478,1.54989320824177e-06,0.000840195565133081
0,0,0,0,0,8.36803089120409e-06,0,0,0,0.00781127813036514,0,0.00620181422107486,0,0,0,2.02945692145625e-05,0,0,0,0,0,0.0103314834210915,2.7692970073251e-05,0.0077749754237449,0,0,0,0,0,0.00340684889692041,0,0,0,0.00146151320685934,0.000758531134389016,0.00109125482290575,0,0.073628704782378,0.0019560335392377,4.66204806352451e-05,0,0,0,0,0,0.00519355040026849,0,0.0238751664506825,0.000611443691259003,0.00515730498260911,0,0,0,0,1.31974829329674e-05,0.00578857754094705,0,0.000211065143162662,0,0,0,1.59126213088089e-05,0.00256717880353812,0,0.00155887095841974,2.69576720022729e-05,0.00281660051886855,7.38627055605561e-05,0,0,0,0,0.000352718816717053,0,0,0,0.0013748941750038,0.000160035322400593,0.000369792946409412,0,0,0.000687478353658849,0.00244888792843151,0.0010748943573086,0.0040000579271662,0,0
