0,0,0.0177850159160408,0,0,0,0,0,0.0457332551978629,0,0,0,0,0,0,0,0,0,0.000114593560319836,0,0,0,0,0,9.52359546365217e-05,0,0,0,0,0,0,0,0,0,0,0,0,0,4.62004640840728e-06,0,0,0,0,0,0,0,0,0,0.0177027213095698,0,0,0,0,0,0.0502760607100392,0,0,0,0,0,0,0,0,0,0,0,0,0.00010325954897266,0,0,0,0,0,0,0,0,0,0,0,0,0,0,8.64522585594248e-05,0,0.00355817877102618,0,0
0,0,0,0.00441581182363241,0,0,0,0,0,0.0054970035393927,0,0,0,0,0,0,0,0,0.000138008458501909,0,0,0,0,0,0,0,0,0,0,0,0,0,0,0,0,2.04461343000653e-06,0,0,0,0,0,6.27685059764192e-05,0,0,0,0,0,0,0,0.0167125291953907,0,0,0,0,0,0.0462101884849767,0,0,0,0,0,0.00376402861526361,0,0,0,0,0,0,6.81741718824968e-05,0,0,0,0,0,0,0,0,0,2.22866069852708e-05,0,0,0,0.000133300793671497,0,0.0055873094869403,0,0
0.0177850159160408,0,0,0,0.00402577418171893,0,0,0,0.0109239999366329,0,0,0,0,0,0,0,0,0,2.29628475400949e-05,0,0.00017935429691226,0,0,0,0,0,0,0,0,0,0,0,0,0,0,0,3.62827589545973e-06,0,0,0,2.57939550832587e-05,0,0.00295314288445467,0,0,0,1.21929131753802e-05,0,0.0062438568112861,0,0.0249616389015585,0,0,0,0.00513211414919467,0,2.27102385395421e-05,0,0.00282981668261441,0,0.004656184516343,0,0,0.000423073599480774,0,0,0,0,0,0,0,0,0,0.00097132712455209,0,0,0,0,0,4.71938024605118e-05,0,0.000178072012769429,6.89899028854775e-05,0,0.00633962681141471,0,7.92571415735152e-05
0,0.00441581182363241,0,0,0,0.0043714838799747,0,0,0,0.0252318534687416,0,0,0,0,0,0.000208479318038613,0,0,0.000174884600891006,0.000162908906644589,0,0,0,0,0,0,0,0,0,0,0,0,0,0,0,5.18846836923716e-05,0,3.35857245066485e-05,0,0.00157175723586593,0,0.00276509940982737,0,0,0,0.00118976781300228,0,0.00015341706516361,0,0.00451779177831357,0,0.0117411467155233,0,0,0,0.0528563433380841,0,0.00417695822627698,0,0.00138584568707587,0,0.00954827139369149,0.00155842896720737,0,0,0,0,0,0,0,0,0,0.00498401027910149,0,0,0,0,0,9.46075475847051e-05,0,0.000218836005285607,0,8.33105073167302e-05,0,0.0218914957145136,0.000515054768274078,0
0,0,0.00402577418171893,0,0,0,0.0001407887803557,0,3.50313377404815e-05,0,0,0,0,0,0,0,0,0,0,0,0.000957527116810464,0,0,0,0,0,0,0,0,0,0,0,0,0,0,0,0,0,0,0,0,0,0.000714286302104605,0,0,0,0,0,0.000190929120969015,0,0.0132684911362671,0,8.43025326718845e-05,0,0,0,0,0,0,0,0,0,0,0.00183115692001988,0,0,0,0,0,0,0,0,0,0.00017255374636036,0,0,0,0,0,6.06452017345711e-06,0,1.14994612981844e-05,0.000122128516335495,0,0.00302179491711439,0,0
0,0,0,0.0043714838799747,0,0,0,0,0,0.00983573805675833,0,0,0,0.00185502253130094,0,0.00496925957441013,0,0,0,0.00116076741100322,0,0,0,0,0,0,0,0,0,0,0,0,0,0,0,1.54071862383969e-05,0,0,0,8.60713886915304e-05,0,1.5974777703573e-05,0,0,0,0,0,0,0,0.000154417261690034,0,0.059970295286908,0,0,0,0.0185577122240499,0,0.00583611501261101,0,1.69284301141195e-05,0,0.0269254992167952,0.00113351026939305,0,0,0,0,0,0,0,0,0,0,0,0,0,0,0,3.19290719625476e-06,0,0,0,0.00022380260984443,0,0.00274658095165106,0,0
0,0,0,0,0.0001407887803557,0,0,0,0,0,0.00884809415131156,0,0.00150418202686035,0,0,0,0,0,0,0,0.000420595105001352,0,0,0,0,0,0,0,0,0,0,0,0,0,0,0,0,0,0,0,0,0,0,0,0,0,0,0,0,0,0,0,0.0281853343924289,0,0,0,0.00110630960334804,0,0,0,0,0,0,0,0,0,0,0,0,0,0,0,0,0,0,0,0,0,0,0,0,0,2.43505092971863e-06,0,0,0,0
0,0,0,0,0,0,0,0,0,0,0,0.00225141004666901,0,0.000934976471223016,0,0,0,0,0,0,0,0,0,0,0,0,0,0,0,0,0,0,0,0,0,0,0,0,0,0,0,0,0,0,0,0,0,0,0,0,0,0.00123092089675799,0,0.00627251739014982,0,0,0,0.00638616399220378,0,0,0,0,0,0,0,0,0,0,0,0,0,0,0,0,0,0,0,0,0,0,0,0,0,0,0,0,0
0.0457332551978629,0,0.0109239999366329,0,3.50313377404815e-05,0,0,0,0,0,0,0,0,0,0,0,5.96096488184513e-05,0,0,0,3.62880793418081e-05,0,0,0,0.00201600784109727,0,0,0,0,0,0,0,0,0,0,0,4.86435326683694e-06,0,0.000852994863996033,0,0.000138106004037134,0,0.00400909679137973,0,0,0,0,0,0.00239823064821297,0,0,0,0,0,0.10277255109885,0,0,0,0,0,0.000132824507795065,0,0,0.000134234934140526,0,0,0,0.00139631009107235,0,0.000100462329809313,0,0,0,0.000101377057058179,0,0,0,0.000307391139937351,0,2.30931052531309e-05,0,0.000258498418062318,0.000708712039475866,0,0.00596275293275704,0,0
0,0.0054970035393927,0,0.0252318534687416,0,0.00983573805675833,0,0,0,0,0,0,0,0,0,0.00161053067319376,0,3.25762243054217e-05,0,0.00101363414235027,0,0,0,0.000649282911452439,0,0,0,0,0,0,0,0,0,0,0,0,0,0.00132937258589422,0,2.57239430349101e-05,0,0.000528948598797698,0,0,0,9.18411445773374e-05,0,2.15127998233004e-05,0,0.000990768938262477,0,0,0,0,0,0.162010508565289,0,5.91325406697424e-05,0,0,0,0.0111268434528673,0.00108572252532645,0,0,0,0.0111394816276084,0,0,0,0,0,0.000119849503658352,0,0,0,0,0,1.76027643845529e-06,0,1.85288701527251e-05,0,0.000255195713166518,0,0.0093335042125493,0,0
0,0,0,0,0,0,0.00884809415131156,0,0,0,0,0,9.24798882482531e-05,0,0,0,0,0,0,0,0.00318469360572311,0,0,0,0,0,0,0,5.07502974476035e-05,0,0.00336248887989376,0,0,0,0,0,0.000443264097025837,0,0.00330928216365662,0,0,0,1.36312637280527e-05,0,0,0,2.64743289098174e-05,0,0,0,7.63338476622991e-05,0,0.00157267352620903,0,0,0,0.0603179492664107,0,0,0,0,0,0,0.00206625014440231,0,0,0,0,0,0,0,0.000206663959493657,0,0.00751060850151891,0,0,0,0,0,8.38477210693257e-06,0,0.00150326385733111,0.000383642604030191,0,0.00126752682793977,0,0
0,0,0,0,0,0,0,0.00225141004666901,0,0,0,0,0,4.20406540797558e-05,0,0,0,0,4.10225225098313e-05,0.0114207171811525,0,0,0,0,0,0,0,0,0,0.00329004447257481,0,0,0,0,0,0.000342386241307046,0,0.00523997431060034,0,0.000158270411024126,0,0.000350182280639935,0,0.000112837628171533,0,0.000987031497383868,0,0,0,0,0,0,0,0.000397558066566692,0,0,0,0.0497026557140784,0,7.04047432481189e-06,0,0,0.00349529848305446,0,0,0,0,0,0,0,7.08019245924767e-06,0,0.0062069523194542,0,0,0,0,0,0.000257603815820906,0,0.000562037142834682,0,0.000106051244945754,0,5.44803717286705e-05,0.000145671292299272,0
0,0,0,0,0,0,0.00150418202686035,0,0,0,9.24798882482531e-05,0,0,0,0,0,0,0,0,0,0,0,0,0,0,0,0,0,0.000132219107335345,0,0,0,0,0,0,0,0,0,0,0,0,0,0,0,0,0,0,0,0,0,0,0,0.00415813858941647,0,0,0,0.00201653295999767,0,0.00981894897438143,0,0.000566477825752771,0,0,0,0,0,0,0,0,0,0,0.000286189137721589,0,0,0,0,0,0,0,0,0,0,0,0,0,0,0
0,0,0,0,0,0.00185502253130094,0,0.000934976471223016,0,0,0,4.20406540797558e-05,0,0,0,0.000647473410694231,0,0,0,0,0,0,0,0,0,0,0,0,0,0,0,0,0,0,0,0,0,0,0,0,0,0,0,0,0,0,0,0,0,0,0,0,0,0,0,0,0,0.00054173834633239,0,0.0218278518956904,0,0.00801104950490978,0,0,0,0,0,0,0,0,0,0,0,0,0,0,0,0,0,0,0,0,0,0,0,0,0
0,0,0,0,0,0,0,0,0,0,0,0,0,0,0,0,0.00572178150530026,0.00022315605815005,7.12742091404212e-06,0,0,0,0.000147379206215674,0,0,0,0.00891048735422226,0,2.26399765490305e-05,0,0,0,0,0,0,0,0,0,0,0,0,0,0,0,0,0,0,0,0,0,0,0,0,0,0,0,0,0,0.00046269277264718,0,0.00583483169327668,0,0,0,0,2.27429234342355e-05,0,0,0,0.0104175033769068,0,0,0,0,0,0,0,0,0,0,0,0,0.000142954653880685,0,0,0,0
0,0,0,0.000208479318038613,0,0.00496925957441013,0,0,0,0.00161053067319376,0,0,0,0.000647473410694231,0,0,0,0.000361380746033991,0,0,0,4.9221965400699e-06,0,0,0,0,0,0,0,0,0,0,0,0,0,0,0,0,0,0,0,0,0,0,0,0,0,0,0,0.000270424785015242,0,0,0,0,0,0.000990262267720975,0,0.000107884108848819,0,0.0011677766820417,0,0.030359076110454,0,0,0,0,0,0,0.000129148902487941,0,0,0,0,0,0,0,0,0,0,0,0,0,0.000148044378938653,0,0,0,0
0,0,0,0,0,0,0,0,5.96096488184513e-05,0,0,0,0,0,0.00572178150530026,0,0,0.0936068417413973,0.04128760365218,0,0,7.85792259510406e-05,0.0146238775709674,0.00115146652792757,0.000357933278296389,8.73482569273874e-05,0.031309454284891,0,0.000411918335054353,0,0,0,0,0,0,7.18763088269237e-05,1.45588549315548e-05,0,4.61659025253902e-06,0.000195904056733735,9.76620663621846e-05,0.000153088741396243,0.00058367571493943,6.23716927520011e-06,4.99496625502079e-06,3.73648394581916e-05,7.08523640379033e-05,0,0,0,0,0,0,0,0,0,0,0,0,0,0.000290080384029767,5.6477927454824e-05,5.5555538430378e-05,0.000108057285679438,5.47335383690048e-05,0.00161226063091724,2.67718914091244e-05,0,0.000202323694245772,0.0111429120342455,0,2.37010818472474e-05,0,2.92104806417225e-05,0,0,0,4.42460866177189e-05,0.000483099114800773,0.000732093111307357,0.00012468305047817,0.00016437187385271,0.0181530080160048,0.00016174398428247,0.000248867757920458,3.03490940674321e-05,0
0,0,0,0,0,0,0,0,0,3.25762243054217e-05,0,0,0,0,0.00022315605815005,0.000361380746033991,0.0936068417413973,0,0.0501588384879979,0,0,0.00383750290736911,0.0012941797406318,0.00631456194570406,0.000111991731277784,0.010447690004741,0.0010543325576579,0.000408062789591253,0,0,0,0,0,0,0,2.20149150082647e-05,9.14064090786875e-07,0,0,0.00025541830756659,9.91875790682565e-05,0.000350166033419494,0.000205354958242739,7.32258745866476e-05,2.15011096478226e-05,2.0011742918237e-05,1.32122279721137e-05,0,0,1.45321107534905e-05,0,0,0,0,0,0,0,0,0,0,9.20424956116583e-05,0.00069930868553865,9.88016413234042e-05,0.000141343588337811,0.000449033415832372,0.000157819037178133,0.000949345872800657,0,0.0178419762061681,0.000399549362943347,0,0,3.46902344148446e-06,0,0,0,0,1.3348552022021e-05,0.000638782896468401,0.000497833001083631,0.000182906149950615,9.68959573201019e-05,0.0134357969268003,0.000349243551276617,0.000406222796972265,0.000227041046939296,0
0.000114593560319836,0.000138008458501909,2.29628475400949e-05,0.000174884600891006,0,0,0,0,0,0,0,4.10225225098313e-05,0,0,7.12742091404212e-06,0,0.04128760365218,0.0501588384879979,0,0,0,7.85026037639189e-05,0.000240260429844135,0.000343919544985609,0.000168644523186409,0.000335865431023031,0.000249865544733008,0,0,1.60730847050303e-05,0,0,0,0,0,0.000986875499808469,0.000550846790771643,8.75442598912009e-05,6.957355302917e-05,0.00590191371184056,0.00460922294043965,0.0102756349016165,0.0102579619954053,0.00293240661588197,0.00232276186726736,0.0039970274480809,0.000498931031447787,0,0.000443647225227759,0.000171618160782009,0,0,0,0,0,0,0.000163304074929661,0.000427843790864487,0,0,9.36435192682933e-05,4.93348195166566e-05,0.00253624526216504,0.00414567648140022,0,2.66377289870915e-05,0.0001519798484176,0,0.000194234345775447,7.20919198865713e-05,0,0,0.000425751854855625,0.00082054989329521,0,0,0,0.001036848422699,0.0126822706221151,0.0166714623383444,0.00375981329114505,0.00285039848920916,0.00327785926364368,1.76106804159209e-06,0.0148868222847764,0.00513116058498866,0.00025338049713
0,0,0,0.000162908906644589,0,0.00116076741100322,0,0,0,0.00101363414235027,0,0.0114207171811525,0,0,0,0,0,0,0,0,0,0,0,0,0,0,0,0,0,1.58471198787487e-05,0,0,0,0,0,0.00593100084070853,0,0.00040851617138309,0,0,0,0,0,0,0,0.00101071786392809,0,0,0,0,0,0.000158842958783034,0,0,0,0.000345380680616376,0,0.00406977041574315,0,0,0,3.03378474439406e-05,0.0453417119136153,0,0,0,0,0,0,0,0,0,0.00136262381354151,0,0,0,0,0,0.00445179685129693,0,0.00192758703353337,0,5.89465686529065e-05,0,0.00193799877879482,0,0
0,0,0.00017935429691226,0,0.000957527116810464,0,0.000420595105001352,0,3.62880793418081e-05,0,0.00318469360572311,0,0,0,0,0,0,0,0,0,0,0,0,0,0,0,0,0,0,0,0,0,0,0,0,0,0.00400162410473146,0,0.00104911537194355,0,1.00738105818911e-05,0,3.42368347637143e-05,0,0,0,0.000167120104588018,0,7.61279960218855e-06,0,0.000310864444559238,0,0,0,0,0,0.00423005654139293,0,0,0,0,0,0,0.0270049687977331,0,0,0,0,0,0,0,0,0,0.002883347614659,0,0,0,0,0,0.00438971263153705,0,0.000248411555891816,9.3851140556081e-05,0,0.00146324800906803,0,0
0,0,0,0,0,0,0,0,0,0,0,0,0,0,0,4.9221965400699e-06,7.85792259510406e-05,0.00383750290736911,7.85026037639189e-05,0,0,0,0.000158752518609179,0.00098094670686708,0,0.0040536097135573,0,0,0,0,0,0,0,0,0,0,0,0.00260988228037291,0,0,0,0,0,0,0,0,0,0,0,0.00226372039349012,0,0,0,0,0,0,0,1.63535713958561e-05,0,3.76230411986968e-05,0,2.68685436767033e-05,0,0,0.0694650530892658,0,0.000506895189246102,0,0.000635309023148948,0,0.000663930060176922,0,0.000101691878632693,0,0,0,0,0,0,0,0.00348763969238764,0,0.000876205920879707,0,0,0,0
0,0,0,0,0,0,0,0,0,0,0,0,0,0,0.000147379206215674,0,0.0146238775709674,0.0012941797406318,0.000240260429844135,0,0,0.000158752518609179,0,5.13644987640916e-05,0.00133261820284874,0,0.00321297830973361,0,0.00099036524135199,0,0,0,0,0,3.62419062031462e-06,0,0,0,0.00489869821399859,2.92276586189738e-05,0,0,0,0,0,0,0,4.92453341920612e-05,0.00631005287314893,0,0,0,0,0,0,0,0,0,0,0,2.31379347016622e-05,0,0,0,0,0.0718705989415204,0,0.00163295811979205,7.45581223141924e-06,0.000672538214604113,0,0,0,0,0,0,0,0,1.51810451110024e-05,0,0,0.00392602002279129,0.00165650186322693,4.25998283151192e-05,3.45551823281736e-06,0,0
0,0,0,0,0,0,0,0,0,0.000649282911452439,0,0,0,0,0,0,0.00115146652792757,0.00631456194570406,0.000343919544985609,0,0,0.00098094670686708,5.13644987640916e-05,0,0,0.00957370059021368,0.000243758184505375,0,0,0,0,0,0,0,0,0,0,0.00236374958481396,0,0,0,0,0,0,0,0,0,0.000190562612831663,0,0.00227377862495039,0,0,0,0,0,0.00199384825633811,0,0,0,0,0,0.000124393595321495,0,0,0.00134372690470932,0,0.0550273095374488,0,0.00106872338437825,0,2.12492849513869e-05,0,0,0,0,0,4.17626663055657e-05,0,0,0,0.00100610084996351,0,0.000207674685088143,0,0.000551692670752942,0,0
9.52359546365217e-05,0,0,0,0,0,0,0,0.00201600784109727,0,0,0,0,0,0,0,0.000357933278296389,0.000111991731277784,0.000168644523186409,0,0,0,0.00133261820284874,0,0,0,0.00804752553208254,0,0,0,0,0,0,0,0,0,0,0,0.000437449020588061,0,0,0,0,0,0,0,0,0,0.00382566982273938,0,0,0,0,0,0.00798454846835141,0,0,0,0,0,0,0,0,0,0,0.000171678072260768,0,0.083189636908039,0,0.0094574078932468,0,0,0,0,0,0,0,0.000174092021669153,0,0,0,8.86859813741944e-05,0.000158122472052004,6.72289580453986e-07,0.000532885835516822,0,0
0,0,0,0,0,0,0,0,0,0,0,0,0,0,0,0,8.73482569273874e-05,0.010447690004741,0.000335865431023031,0,0,0.0040536097135573,0,0.00957370059021368,0,0,0,0.00394558122862112,0,0,0,0,0,0,0,0,0,0,0,0,0,0,0,0,0,0,0,0,0,0,0,0,0,0,0,0.00183845888226137,0,0,0,0,0,0,0,0,0.00311465438352803,0,0.0306928128387388,0,0.0257305925491306,0,0.000966005518877503,0,0,0,0,0,0,0,0,0,0,0,0.000198633823456948,0,0,0,0
0,0,0,0,0,0,0,0,0,0,0,0,0,0,0.00891048735422226,0,0.031309454284891,0.0010543325576579,0.000249865544733008,0,0,0,0.00321297830973361,0.000243758184505375,0.00804752553208254,0,0,0,0.00302749300483929,0,0,0,0,0,0,0,0,0,0,0,0,0,0,0,0,8.63100744202018e-05,0,0,0,0,0,0,0,0,0,0,0,0,0,0,8.24031017842451e-05,0,0,0,0,0.000467639298329903,0,0.00457173035537132,0,0.0225547262660798,0,0.00102870167034355,0,0,0,0,0,0,0,0,0,3.47070700299705e-06,0.000997465239915187,2.28040708901518e-06,0,0,0
0,0,0,0,0,0,0,0,0,0,0,0,0,0,0,0,0,0.000408062789591253,0,0,0,0,0,0,0,0.00394558122862112,0,0,0,0.00123927117308488,0,0,0,0,0,0,0,0,0,0,0,0,0,0,0,0,0,0,0,0,0,0,0,0,0,0,0,0,0,0.000144532392967511,0,0,0,0,1.85261446270439e-05,0,0,0,0.00295190557391705,0,0.0182165693797125,0,5.82267705503551e-05,0,0,0,0,0,0,0,0.00213387771177882,0,3.2357653098828e-06,0,0,0,0
0,0,0,0,0,0,0,0,0,0,5.07502974476035e-05,0,0.000132219107335345,0,2.26399765490305e-05,0,0.000411918335054353,0,0,0,0,0,0.00099036524135199,0,0,0,0.00302749300483929,0,0,0,0.00540309372372435,0,0,0,0,0,0,0,2.09896558228984e-05,0,0,0,0,0,0,0,0,0,0,0,0,0,0,0,0,0,0,0,0,0,0,0,0,0,0,0.00077057686321164,0,0,0,0.00179987634322953,0,0.0414854947175549,0,0.00132572020588698,0,0,0,0,0,0,0,0.000514424607662244,3.99073239670539e-05,0,0,0,0
0,0,0,0,0,0,0,0,0,0,0,0.00329004447257481,0,0,0,0,0,0,1.60730847050303e-05,1.58471198787487e-05,0,0,0,0,0,0,0,0.00123927117308488,0,0,0,0,0,0,0,0,0,0.000434721394634072,0,0,0,0,0,0,0,0,0,0,0,0,0,0,0,0,0,0,0,0.000968058092535058,0,0,0,0,0.0003137074947548,0,0,0,0,0,0,0,0.000403989840450306,0,0.044115943990476,0,0,0,0,0,0,0,0.00118972744831146,0,2.9401782318979e-06,0,0,0.000554997465021332,0
0,0,0,0,0,0,0,0,0,0,0.00336248887989376,0,0,0,0,0,0,0,0,0,0,0,0,0,0,0,0,0,0.00540309372372435,0,0,0,0,0,0,0,0,0,0.00109012388929605,0,0,0,0,0,0,0,0,0,0,0,0,0,0,0,0,0,0.000776261101336191,0,0,0,0,0,0,0.000160218718584518,0,0,0,0,0,0,0,0.00126073692901459,0,0.0349311542126478,0,0,0,0,0,1.36023908953195e-06,0,0.00371799892415661,0,0,0,0,0
0,0,0,0,0,0,0,0,0,0,0,0,0,0,0,0,0,0,0,0,0,0,0,0,0,0,0,0,0,0,0,0,0.00579663571722616,0.00158963300180295,0.000626903750735552,0.000816626595247719,0,0,0,0,0,1.27852935551768e-05,0,0,0,0,0,0.00681662093482608,0,0,0,0,0,0,0,0,0,0,0,0,0,0,0,0,0,0,0,0,0,0,0,0,0,0,0.0624581801639293,0.00119673652680321,0.0119890939692057,0.00044162599576257,0.00448775685356254,0,0,0,4.11187936018255e-05,0,0,0,0
0,0,0,0,0,0,0,0,0,0,0,0,0,0,0,0,0,0,0,0,0,0,0,0,0,0,0,0,0,0,0,0.00579663571722616,0,0,0.00267986860856989,0,0.00191069971026542,0,0,0,0,0,0,0,0,0,0,0.0234807571395554,0,4.57141464555791e-05,0,0,0,0,0,0,0,0,0,0,0,0,0,0,0,0,0,0,0,0,0,0,0,0,0.0176923723426429,0.194999285333512,0,0.00445665146310815,0,0.00622818680083968,0,1.67494354126841e-05,0.000247408797161264,0,0,0,0
0,0,0,0,0,0,0,0,0,0,0,0,0,0,0,0,0,0,0,0,0,0,0,0,0,0,0,0,0,0,0,0.00158963300180295,0,0,0.0474215711090901,0.00320761748380988,0,0.00101144633749568,0,0,0,0,0,0,0,0,0,0.0518092352557362,0,0,0,0,0,0,0,0,0,0,0,0,0,0,0,0,0,0,0,0,0,0,0,0,0,0,0.000141191093756043,0.000425936074522531,0.162210249061804,0.0214925225501501,0.00331243789527725,5.35339122561401e-06,0.0046868146082355,0,0.00024326554093671,0,0,0,0
0,0,0,0,0,0,0,0,0,0,0,0,0,0,0,0,0,0,0,0,0,0,3.62419062031462e-06,0,0,0,0,0,0,0,0,0.000626903750735552,0.00267986860856989,0.0474215711090901,0,0,0.0037241373619577,0,0.00174711399983494,0,0,0,0,0,0,0,0,0.149373170613305,7.48263651623389e-05,4.58837311324454e-05,0,0,0,0,0,0,0,0,0,0,0,0,0,0,0,0,0,0,0,0,0,0,0,0,0.000934545771858951,0.00668921516055123,0.0344552739048436,0.197403941409292,1.1011560047985e-05,0.00403546503083088,0,0.0124893942894656,0.00103481223926073,0,0,0,0
0,2.04461343000653e-06,0,5.18846836923716e-05,0,1.54071862383969e-05,0,0,0,0,0,0.000342386241307046,0,0,0,0,7.18763088269237e-05,2.20149150082647e-05,0.000986875499808469,0.00593100084070853,0,0,0,0,0,0,0,0,0,0,0,0.000816626595247719,0,0.00320761748380988,0,0,0.0013528243771345,0.015335210306949,7.73632490753295e-05,9.77133698302806e-05,0,0.000414833661060307,1.5356808254006e-05,0.000448310753938181,0,0.000962678105148274,0,0.00011374339749031,0,0.000194229914355717,0,4.18236792485943e-05,0,0,0,0,0,2.32094408507037e-05,0,3.09481120327288e-06,0,2.40632341466703e-06,0.00442925803489986,0,0,0,0,0,0,0,0,0,4.9368722761532e-05,0,1.00038813277989e-05,0.000452169097960433,0.000178048026490019,0,0.0625170177000275,0.000149952565238556,0.00413825629039762,6.32870438916928e-06,0.00237988677754999,1.6732161382295e-06,0.00180818652580897,0.000195406872976308,0
0,0,3.62827589545973e-06,0,0,0,0,0,4.86435326683694e-06,0,0.000443264097025837,0,0,0,0,0,1.45588549315548e-05,9.14064090786875e-07,0.000550846790771643,0,0.00400162410473146,0,0,0,0,0,0,0,0,0,0,0,0.00191069971026542,0,0.0037241373619577,0.0013528243771345,0,0.00010701081130218,0.0116502867096514,0,0.000259625793851311,0,0.000297878580624783,0,0.000210596587449497,0,0.00130760219405301,0.000207335631795582,1.67731923446909e-06,0,0,0,0,0,0,0,3.72970642618107e-06,0,0,0,0,0,0,0.00269698764219117,0,0,0,0,0,0,0,0,0,2.31677805494918e-05,0,0.000252689509900106,0,0.000676060669854876,0.000282756549679081,0.0618947552598984,0,0.00107908610509711,0.00395437679662596,8.54081405540254e-05,0.00121802561588745,0,3.29732751490735e-05
0,0,0,3.35857245066485e-05,0,0,0,0,0,0.00132937258589422,0,0.00523997431060034,0,0,0,0,0,0,8.75442598912009e-05,0.00040851617138309,0,0.00260988228037291,0,0.00236374958481396,0,0,0,0,0,0.000434721394634072,0,0,0,0.00101144633749568,0,0.015335210306949,0.00010701081130218,0,0.000367531364969308,2.75530229917127e-05,0,0.000262806242037099,0,9.21553842464039e-05,0,0.000286737827955389,0,0.00675335467075357,0,0.00165991669899612,0,0,0,0,0,0.000221012700565693,0,0.000529308868769116,0,5.92475220141303e-06,0,0,0.00199825561011003,0,0.00231180883140109,0,0.000664311878121507,0,1.66173331691844e-06,0,0.00020595427931097,0,0.000227128783952291,0,0,0,0.00109315778863675,0,0.00450361517619324,1.79599641750434e-05,0.0594030382172092,0,0.00236448846310167,5.32877446741905e-05,0.00100570893146133,0.000193161564051555,0
4.62004640840728e-06,0,0,0,0,0,0,0,0.000852994863996033,0,0.00330928216365662,0,0,0,0,0,4.61659025253902e-06,0,6.957355302917e-05,0,0.00104911537194355,0,0.00489869821399859,0,0.000437449020588061,0,0,0,2.09896558228984e-05,0,0.00109012388929605,0,0,0,0.00174711399983494,7.73632490753295e-05,0.0116502867096514,0.000367531364969308,0,0,0,0,4.48622404834032e-05,0,2.11819412335029e-05,0,2.88927993614008e-05,0.00128052899202988,0.00360599096456736,0,0,0,0,0,0.00036957382897193,0,0.000315669228926124,0,0,0,0,0,0,0.000128358048660227,0,0.00230939767025268,0,0.00022322508238987,0,0,0,0,0,5.67869017048502e-05,0,0,0,0.00221281144967998,0,0.00509602726956452,0,0.0615259465260576,0.00193966903641332,2.14572619289064e-05,0.00119414943686705,0,0
0,0,0,0.00157175723586593,0,8.60713886915304e-05,0,0,0,2.57239430349101e-05,0,0.000158270411024126,0,0,0,0,0.000195904056733735,0.00025541830756659,0.00590191371184056,0,0,0,2.92276586189738e-05,0,0,0,0,0,0,0,0,0,0,0,0,9.77133698302806e-05,0,2.75530229917127e-05,0,0,0,0.0214482810684054,5.03192535721095e-05,0.00293446627913667,0,0.00301236716214987,0,0.00152837283481037,0,0.0196523470998423,0,1.8519980253792e-05,0,0,0,0.000145417221261279,0,0.000192470875578213,0,0,0,8.19628796382911e-05,0.00110506682328946,0,0,0,0,0,0,0,0,0,0.000966208812062007,0,0,0,0,0,0.00518079119322085,7.1522999778295e-05,0.00029832657707187,0,4.65932385763563e-05,0,0.0135793814353487,0.00409694643900106,0
0,0,2.57939550832587e-05,0,0,0,0,0,0.000138106004037134,0,0,0,0,0,0,0,9.76620663621846e-05,9.91875790682565e-05,0.00460922294043965,0,1.00738105818911e-05,0,0,0,0,0,0,0,0,0,0,0,0,0,0,0,0.000259625793851311,0,0,0,0,0,0.0130786125038816,0,0.000916697996180668,0,0.00402408475614931,0.000844022696067349,0.0116107406733186,0,0,0,0,0,0,0,9.35083225270233e-05,0,0,0,0,0,0,0.00229247746069096,0,0,0,0,0,0,0,2.30589251559662e-05,0,0.000120674095586617,0,0,0,0,5.12115996087817e-06,0.00192414830617258,0,0.000428082665985171,9.05885854410142e-05,0,0.00469978133089774,0,0.00319624000530836
0,6.27685059764192e-05,0,0.00276509940982737,0,1.5974777703573e-05,0,0,0,0.000528948598797698,0,0.000350182280639935,0,0,0,0,0.000153088741396243,0.000350166033419494,0.0102756349016165,0,0,0,0,0,0,0,0,0,0,0,0,1.27852935551768e-05,0,0,0,0.000414833661060307,0,0.000262806242037099,0,0.0214482810684054,0,0,0.00474078592481799,0.00253852383955387,0,0.00568047131529076,0,2.89857923117158e-05,1.94932617979331e-05,0.0143516289450782,0,1.5930165679423e-05,0,0,0,0.000284782938745362,0,0.00693010840147613,0,0,0,5.89548432786832e-05,0.00468652464059016,0,0,0,0,0,0,0,0,0,0.00532818817359828,0,0,0,0,0,0.012997639788969,7.97096827989593e-05,0.00621096141012878,0,0.00136233482452217,0,0.090791836426074,0.0840000505432283,0
0,0,0.00295314288445467,0,0.000714286302104605,0,0,0,0.00400909679137973,0,1.36312637280527e-05,0,0,0,0,0,0.00058367571493943,0.000205354958242739,0.0102579619954053,0,3.42368347637143e-05,0,0,0,0,0,0,0,0,0,0,0,0,0,0,1.5356808254006e-05,0.000297878580624783,0,4.48622404834032e-05,5.03192535721095e-05,0.0130786125038816,0.00474078592481799,0,0,0.00409231171251618,0.000115783177235947,0.000437424704063341,0.000227192128030166,0.0129833576132782,0,0,0,0,0,0.00116346210928229,0,0.00123720576662854,0,0,0,0,0,0,0.00613530994213917,0,0,0,0,0,0,0,0,0,0.0116201570472843,0,0,0,0.000960460127334662,3.06033774776495e-05,0.018114744904211,1.09561556850149e-05,0.00760515763032144,0.00216501864351755,0,0.081687132785159,0,0.0413784556577515
0,0,0,0,0,0,0,0,0,0,0,0.000112837628171533,0,0,0,0,6.23716927520011e-06,7.32258745866476e-05,0.00293240661588197,0,0,0,0,0,0,0,0,0,0,0,0,0,0,0,0,0.000448310753938181,0,9.21553842464039e-05,0,0.00293446627913667,0,0.00253852383955387,0,0,0,0,0,0,0,0.00043585457925611,0,0,0,0,0,0,0,0.00028679701794369,0,0,0,0,0.00020288360242934,0,0,0,0,0,0,0,0,0,0.000383840785278707,0,0,0,0,0,0.00235134236194049,2.62478491985753e-06,0.00146089534603532,0,0.000141787222594745,0,0.00292857976126207,0.00166581092923085,0
0,0,0,0,0,0,0,0,0,0,0,0,0,0,0,0,4.99496625502079e-06,2.15011096478226e-05,0.00232276186726736,0,0,0,0,0,0,0,0,0,0,0,0,0,0,0,0,0,0.000210596587449497,0,2.11819412335029e-05,0,0.000916697996180668,0,0.00409231171251618,0,0,0,1.03069331858265e-05,0,0.000252893547511353,0,0,0,0,0,0,0,0,0,0,0,0,0,0,0,0,0,0,0,0,0,0,0,0,0.000167375209882752,0,0,0,0.000572652028937738,1.9825071107141e-05,0.00357782462805632,0,0.000604496992176994,4.48060645762419e-05,0,0.000912846831946468,0,0
0,0,0,0.00118976781300228,0,0,0,0,0,9.18411445773374e-05,0,0.000987031497383868,0,0,0,0,3.73648394581916e-05,2.0011742918237e-05,0.0039970274480809,0.00101071786392809,0,0,0,0,0,0,8.63100744202018e-05,0,0,0,0,0,0,0,0,0.000962678105148274,0,0.000286737827955389,0,0.00301236716214987,0,0.00568047131529076,0.000115783177235947,0,0,0,0,0.000538273013837755,8.22471135519462e-06,0.00389855783551889,0,0,0,0,0,1.9280122671607e-05,0,0.0026038789406371,0,0,0,0,0.0108655313133907,3.64689962891688e-05,0,0,0,0,0,0,0,0,0.00474184540975909,0,0,0,0,0,0.00431599086582489,9.71502753337747e-05,0.00472830612041379,4.60792820644942e-06,0.000176264381630815,0,0.00868123843798394,0.00137584464442405,0
0,0,1.21929131753802e-05,0,0,0,0,0,0,0,2.64743289098174e-05,0,0,0,0,0,7.08523640379033e-05,1.32122279721137e-05,0.000498931031447787,0,0.000167120104588018,0,0,0,0,0,0,0,0,0,0,0,0,0,0,0,0.00130760219405301,0,2.88927993614008e-05,0,0.00402408475614931,0,0.000437424704063341,0,1.03069331858265e-05,0,0,0.000644623767345175,0.000873205103694529,7.08561756274867e-05,0,0,0,0,0,0,0.00159565508116146,2.45640552206305e-05,0,0,0,0,0,0.0225914740428213,0,0,0,0,0,0,0,0,0,0.00727728165852211,0,0,0,0.000260995426227193,6.81899282036708e-06,0.00834455386650734,0,0.00536661967287343,5.43521449335762e-05,5.87845102711782e-07,0.0102537587388495,0,1.39911032877964e-05
0,0,0,0.00015341706516361,0,0,0,0,0,2.15127998233004e-05,0,0,0,0,0,0,0,0,0,0,0,0,4.92453341920612e-05,0.000190562612831663,0,0,0,0,0,0,0,0.00681662093482608,0.0234807571395554,0.0518092352557362,0.149373170613305,0.00011374339749031,0.000207335631795582,0.00675335467075357,0.00128052899202988,0.00152837283481037,0.000844022696067349,2.89857923117158e-05,0.000227192128030166,0,0,0.000538273013837755,0.000644623767345175,0,0.0268940639904361,0.0673600087294155,0,5.16137584181528e-05,0,0,0,0,0,0,0,0,0,0,0.000221215251573649,1.85838096521147e-05,0.000544759106678855,0,0.00294797546951475,0,0,0,0,0,2.61072565049214e-05,0.000115633331085491,0.0781152888449096,0.143239852465732,0.123177829631034,0.125142077998456,0.0385685956739545,0.0114221902499709,0.0202109643398061,0.0108114384324367,0.000764546903828401,0,0.0151538133537848,0,0
0.0177027213095698,0,0.0062438568112861,0,0.000190929120969015,0,0,0,0.00239823064821297,0,0,0,0,0,0,0,0,0,0.000443647225227759,0,7.61279960218855e-06,0,0.00631005287314893,0,0.00382566982273938,0,0,0,0,0,0,0,0,0,7.48263651623389e-05,0,1.67731923446909e-06,0,0.00360599096456736,0,0.0116107406733186,1.94932617979331e-05,0.0129833576132782,0,0.000252893547511353,8.22471135519462e-06,0.000873205103694529,0.0268940639904361,0,0.00121862812262631,1.68724675866302e-05,0,0,0,0.00234283800835391,0,0.00186037169497921,1.99554415799923e-05,0,0,0,0,9.82385601360717e-06,0.00116033175979112,0,0.0115842362987398,0,0.00114156743967858,0,0.000166511520425482,0,0.0222835271652842,0,0.00100881929128887,0,4.61155423873549e-05,0,6.71233810530673e-05,9.92287187377639e-06,0.00457754155872563,0,0.00424628866815052,0.000554928911709125,0,0.0147063742306661,0,0.000179030202275345
0,0.0167125291953907,0,0.00451779177831357,0,0.000154417261690034,0,0,0,0.000990768938262477,0,0,0,0,0,0.000270424785015242,0,1.45321107534905e-05,0.000171618160782009,0,0,0.00226372039349012,0,0.00227377862495039,0,0,0,0,0,0,0,0,4.57141464555791e-05,0,4.58837311324454e-05,0.000194229914355717,0,0.00165991669899612,0,0.0196523470998423,0,0.0143516289450782,0,0.00043585457925611,0,0.00389855783551889,7.08561756274867e-05,0.0673600087294155,0.00121862812262631,0,0,0.000181410331417345,0,0,0,0.00536138514599887,0,0.00389237431402741,0,0.00387481392404533,0,0.0256630828707209,0.000443447876523273,1.25117391166225e-05,0.0130845014615991,0,0.0136140907335215,0,0.00741433536308845,0,0.00937406492476447,0,0.00270541056218884,0,0,0,0,0.000229351522438864,0.00652595974459836,6.6403601144595e-06,0.00827251537837577,0,0.000364383519851446,0,0.03305065404454,0.000649351673106912,0
0,0,0.0249616389015585,0,0.0132684911362671,0,0,0,0,0,7.63338476622991e-05,0,0,0,0,0,0,0,0,0,0.000310864444559238,0,0,0,0,0,0,0,0,0,0,0,0,0,0,0,0,0,0,0,0,0,0,0,0,0,0,0,1.68724675866302e-05,0,0,0,0,0,0.00073430637712199,0,0.00115081288939737,0,0.00571747354136237,0,0.00447569875560553,0,0,0.00125835829183341,0,0,0,0,0,0,0,0,0,0,0,0,0,0,0,1.24785598203076e-06,0,0,0.0001125112253515,0,0.00563078269755205,0,0
0,0,0,0.0117411467155233,0,0.059970295286908,0,0.00123092089675799,0,0,0,0,0,0,0,0,0,0,0,0.000158842958783034,0,0,0,0,0,0,0,0,0,0,0,0,0,0,0,4.18236792485943e-05,0,0,0,1.8519980253792e-05,0,1.5930165679423e-05,0,0,0,0,0,5.16137584181528e-05,0,0.000181410331417345,0,0,0,0.0130882370406295,0,0.000425235439259753,0,0.00875909828313319,0,0.000640696823344129,0,0.00233417909286803,0.00232080654097664,0,0,0,0,0,0,0,0,0,0.00010471475725626,0,0,0,0,0,6.26139633442342e-06,0,0,0,2.09939000943109e-05,0,0.00264772747653274,0,0
0,0,0,0,8.43025326718845e-05,0,0.0281853343924289,0,0,0,0.00157267352620903,0,0.00415813858941647,0,0,0,0,0,0,0,0,0,0,0,0,0,0,0,0,0,0,0,0,0,0,0,0,0,0,0,0,0,0,0,0,0,0,0,0,0,0,0,0,0,0,0,7.72703870932246e-05,0,0,0,0,0,0,0,0,0,0,0,0,0,0,0,0,0,0,0,0,0,0,0,0,0,0,0,0,0,0
0,0,0,0,0,0,0,0.00627251739014982,0,0,0,0.000397558066566692,0,0,0,0,0,0,0,0,0,0,0,0,0,0,0,0,0,0,0,0,0,0,0,0,0,0,0,0,0,0,0,0,0,0,0,0,0,0,0,0.0130882370406295,0,0,0,0,0,0.00597695533065561,0,0,0,0,0,0,0,0,0,0,0,0,0,0,0,0,0,0,0,0,0,0,0,0,0,0,0,0,0
0.0502760607100392,0,0.00513211414919467,0,0,0,0,0,0.10277255109885,0,0,0,0,0,0,0,0,0,0,0,0,0,0,0,0.00798454846835141,0,0,0,0,0,0,0,0,0,0,0,0,0,0.00036957382897193,0,0,0,0.00116346210928229,0,0,0,0,0,0.00234283800835391,0,0.00073430637712199,0,0,0,0,0,0,0,0,0,0.000448563346774658,0,0,0,0,0,0,0.0522934877260132,0,0,0,0,0,0,0,0,0,0,0,0,0,0.00140551165154014,6.39146052136609e-05,0,0.00442452730991017,0,0
0,0.0462101884849767,0,0.0528563433380841,0,0.0185577122240499,0,0,0,0.162010508565289,0,0,0,0,0,0.000990262267720975,0,0,0,0.000345380680616376,0,0,0,0.00199384825633811,0,0.00183845888226137,0,0,0,0,0,0,0,0,0,0,0,0.000221012700565693,0,0.000145417221261279,0,0.000284782938745362,0,0,0,1.9280122671607e-05,0,0,0,0.00536138514599887,0,0.000425235439259753,0,0,0,0,0,0.000140708637149121,0,0,0,0.0234785075817416,0.000420691892666317,0,0,0,0.0371106667079651,0,0.00469019890236756,0,0,0,7.66681394222691e-05,0,0,0,0,0,4.77772416617508e-06,0,9.49134900563107e-06,0,7.51916841398123e-05,0,0.00299894822527491,0,0
0,0,2.27102385395421e-05,0,0,0,0.00110630960334804,0,0,0,0.0603179492664107,0,0.00201653295999767,0,0,0,0,0,0.000163304074929661,0,0.00423005654139293,0,0,0,0,0,0,0,0,0,0.000776261101336191,0,0,0,0,0,3.72970642618107e-06,0,0.000315669228926124,0,9.35083225270233e-05,0,0.00123720576662854,0,0,0,0.00159565508116146,0,0.00186037169497921,0,0.00115081288939737,0,7.72703870932246e-05,0,0,0,0,0,1.95699165326676e-05,0,4.64963522107086e-05,0,0,0.0223225110593802,0,0,0,0,0,0,0,0.00424125277699486,0,0.0419553283116438,0,0,0,0,1.3061452812619e-05,0.000151130675725041,0,0.0021445659074258,3.29070263073078e-05,0,0.0120044404499093,0,0.000269094471075757
0,0,0,0.00417695822627698,0,0.00583611501261101,0,0.00638616399220378,0,5.91325406697424e-05,0,0.0497026557140784,0,0.00054173834633239,0,0.000107884108848819,0,0,0.000427843790864487,0.00406977041574315,0,1.63535713958561e-05,0,0,0,0,0,0,0,0.000968058092535058,0,0,0,0,0,2.32094408507037e-05,0,0.000529308868769116,0,0.000192470875578213,0,0.00693010840147613,0,0.00028679701794369,0,0.0026038789406371,2.45640552206305e-05,0,1.99554415799923e-05,0.00389237431402741,0,0.00875909828313319,0,0.00597695533065561,0,0.000140708637149121,0,0,0,0.0297716187614362,0,0.00260969253724023,0.0412371507686478,0,9.72152621526013e-05,0,0,0,0,0,0.0277670625322419,0,0.0451013644651465,1.44434205300288e-05,0,0,0,0,0.000337422376902702,3.02828907202605e-06,0.00145113121713096,4.87706793202044e-06,0.000108006232508033,0,0.0139179593300248,0.00694576647080185,0
0,0,0.00282981668261441,0,0,0,0,0,0,0,0,0,0.00981894897438143,0,0.00046269277264718,0,0,0,0,0,0,0,0,0,0,0,0,0,0,0,0,0,0,0,0,0,0,0,0,0,0,0,0,0,0,0,0,0,0,0,0.00571747354136237,0,0,0,0,0,1.95699165326676e-05,0,0,0,0.00606880125178197,0,0,0,0,0,0,0,0,0.00576750217432523,0,0.00678856211201439,0,0,0,0,0,0,0,0,0,0,0,0,0.000459017417169574,0,0
0,0,0,0.00138584568707587,0,1.69284301141195e-05,0,0,0,0,0,7.04047432481189e-06,0,0.0218278518956904,0,0.0011677766820417,0,0,0,0,0,3.76230411986968e-05,0,0,0,0,0,0.000144532392967511,0,0,0,0,0,0,0,3.09481120327288e-06,0,5.92475220141303e-06,0,0,0,0,0,0,0,0,0,0,0,0.00387481392404533,0,0.000640696823344129,0,0,0,0,0,0.0297716187614362,0,0,0,0.0106435249519016,7.96626039041317e-05,0,7.37098143741039e-05,0,0,0,8.68837055094455e-05,0,0.0140420857077148,0,0.00168618207824649,0,0,0,0,0,1.6341906296364e-06,0,2.20472852632253e-05,0,4.7302475946589e-05,0,0.00124117993038737,0,0
0,0,0.004656184516343,0,0,0,0,0,0.000132824507795065,0,0,0,0.000566477825752771,0,0.00583483169327668,0,0.000290080384029767,9.20424956116583e-05,9.36435192682933e-05,0,0,0,2.31379347016622e-05,0,0,0,8.24031017842451e-05,0,0,0,0,0,0,0,0,0,0,0,0,0,0,0,0,0,0,0,0,0,0,0,0.00447569875560553,0,0,0,0.000448563346774658,0,4.64963522107086e-05,0,0.00606880125178197,0,0,0,0,0,0,0,0,0,0,0.00286321845377797,0,0,0,0,0,0,0,0,0,0,0,0,2.29388435774188e-06,1.40759909586719e-06,0.000200693118799778,0,0
0,0.00376402861526361,0,0.00954827139369149,0,0.0269254992167952,0,0,0,0.0111268434528673,0,0,0,0.00801104950490978,0,0.030359076110454,5.6477927454824e-05,0.00069930868553865,4.93348195166566e-05,3.03378474439406e-05,0,2.68685436767033e-05,0,0.000124393595321495,0,0,0,0,0,0,0,0,0,0,0,2.40632341466703e-06,0,0,0,8.19628796382911e-05,0,5.89548432786832e-05,0,0,0,0,0,0,0,0.0256630828707209,0,0.00233417909286803,0,0,0,0.0234785075817416,0,0.00260969253724023,0,0.0106435249519016,0,0,0.000157292996152151,0,0,0,4.99002377548317e-05,0,0.00144383858765455,0,0.00130958145548969,0,0,0,0,0,0,0,0,2.16415956556917e-06,0,0,0.00012667302819901,0,0.00160842678895509,0,0
0,0,0,0.00155842896720737,0,0.00113351026939305,0,0,0,0.00108572252532645,0,0.00349529848305446,0,0,0,0,5.5555538430378e-05,9.88016413234042e-05,0.00253624526216504,0.0453417119136153,0,0,0,0,0,0,0,0,0,0.0003137074947548,0,0,0,0,0,0.00442925803489986,0,0.00199825561011003,0,0.00110506682328946,0,0.00468652464059016,0,0.00020288360242934,0,0.0108655313133907,0,0.000221215251573649,9.82385601360717e-06,0.000443447876523273,0,0.00232080654097664,0,0,0,0.000420691892666317,0,0.0412371507686478,0,7.96626039041317e-05,0,0.000157292996152151,0,0,0,0,0,0,0,0,0.000501973077851028,0,0.0203348263440967,0,0,0,0,0,0.0208220516031243,1.35324582035727e-05,0.0131483974711184,1.95511090559941e-05,0.000132734226456649,0,0.0151119844647422,0.00167765624269205,0
0,0,0.000423073599480774,0,0.00183115692001988,0,0,0,0.000134234934140526,0,0.00206625014440231,0,0,0,0,0,0.000108057285679438,0.000141343588337811,0.00414567648140022,0,0.0270049687977331,0,0,0,0,0,0,0,0,0,0.000160218718584518,0,0,0,0,0,0.00269698764219117,0,0.000128358048660227,0,0.00229247746069096,0,0.00613530994213917,0,0,3.64689962891688e-05,0.0225914740428213,1.85838096521147e-05,0.00116033175979112,1.25117391166225e-05,0.00125835829183341,0,0,0,0,0,0.0223225110593802,0,0,0,0,0,0,0,0,0,0,0,0,0,0,4.97225976044082e-05,0,0.0195213236768623,0,0,0,0.000413454921418679,1.4927074835615e-05,0.0307874554807943,0,0.0082416827179105,9.39319950205315e-05,0,0.0213219614062323,0,0.000997220000372601
0,0,0,0,0,0,0,0,0,0,0,0,0,0,0,0,5.47335383690048e-05,0.000449033415832372,0,0,0,0.0694650530892658,0,0.00134372690470932,0,0.00311465438352803,0,1.85261446270439e-05,0,0,0,0,0,0,0,0,0,0.00231180883140109,0,0,0,0,0,0,0,0,0,0.000544759106678855,0,0.0130845014615991,0,0,0,0,0,0,0,9.72152621526013e-05,0,7.37098143741039e-05,0,0,0,0,0,0,0.0105684781545352,0,0.00733963906883139,0,0.0238753002166322,0,0.00244661211312185,0,0,0,0,0,0,0,0.0122459778454204,0,7.28374429105789e-05,0,0,0,0
0,0,0,0,0,0,0,0,0,0,0,0,0,0,2.27429234342355e-05,0,0.00161226063091724,0.000157819037178133,2.66377289870915e-05,0,0,0,0.0718705989415204,0,0.000171678072260768,0,0.000467639298329903,0,0.00077057686321164,0,0,0,0,0,0,0,0,0,0.00230939767025268,0,0,0,0,0,0,0,0,0,0.0115842362987398,0,0,0,0,0,0,0,0,0,0,0,0,0,0,0,0,0,0,0.00654829327467821,0,0.00463581948068764,0,0.00339242435071154,0,0,0,0,0,0,0,0,0,0.00594567146795716,0.000274304543135052,1.10945192833929e-05,0,0,0
0,0,0,0,0,0,0,0,0,0.0111394816276084,0,0,0,0,0,0,2.67718914091244e-05,0.000949345872800657,0.0001519798484176,0,0,0.000506895189246102,0,0.0550273095374488,0,0.0306928128387388,0,0,0,0,0,0,0,0,0,0,0,0.000664311878121507,0,0,0,0,0,0,0,0,0,0.00294797546951475,0,0.0136140907335215,0,0,0,0,0,0.0371106667079651,0,0,0,0,0,4.99002377548317e-05,0,0,0.0105684781545352,0,0,0,0.0737284210594046,0,7.23562989564093e-05,0,0,0,0,0,0.000229237260397065,0,0,3.03780419575996e-06,0.00502979141429919,0,5.45235661886429e-05,0,0.000751015912009944,0,0
0.00010325954897266,0,0,0,0,0,0,0,0.00139631009107235,0,0,0,0,0,0,0,0,0,0,0,0,0,0.00163295811979205,0,0.083189636908039,0,0.00457173035537132,0,0,0,0,0,0,0,0,0,0,0,0.00022322508238987,0,0,0,0,0,0,0,0,0,0.00114156743967858,0,0,0,0,0,0.0522934877260132,0,0,0,0,0,0,0,0,0,0,0.00654829327467821,0,0,0,0.00983595796994808,0,0,0,0,0,0,0,0,0,0,0,0.00239882099346829,6.20276826764121e-05,0,0.00101722175368318,0,0
0,6.81741718824968e-05,0,0,0,0,0,0,0,0,0,0,0,0,0,0.000129148902487941,0.000202323694245772,0.0178419762061681,0.000194234345775447,0,0,0.000635309023148948,7.45581223141924e-06,0.00106872338437825,0,0.0257305925491306,0,0.00295190557391705,0,0,0,0,0,0,0,0,0,1.66173331691844e-06,0,0,0,0,0,0,0,0,0,0,0,0.00741433536308845,0,0,0,0,0,0.00469019890236756,0,0,0,8.68837055094455e-05,0,0.00144383858765455,0,0,0.00733963906883139,0,0.0737284210594046,0,0,0,0.0143830454851613,0,0,0,0,0,0,0,0,0,1.25783347239949e-05,0,0.00012112942164796,0,0,0,0
0,0,0,0,0,0,0,0,0.000100462329809313,0,0,0,0,0,0.0104175033769068,0,0.0111429120342455,0.000399549362943347,7.20919198865713e-05,0,0,0,0.000672538214604113,0,0.0094574078932468,0,0.0225547262660798,0,0.00179987634322953,0,0,0,0,0,0,0,0,0,0,0,0,0,0,0,0,0,0,0,0.000166511520425482,0,0,0,0,0,0,0,0,0,0.00576750217432523,0,0.00286321845377797,0,0,0,0,0.00463581948068764,0,0.00983595796994808,0,0,0,0.00969005010368222,0,0,0,0,0,0,4.9628190770099e-06,0,0,0,0.000272167903098646,3.22378708247914e-06,0,0,0
0,0,0,0,0,0,0,0,0,0,0,7.08019245924767e-06,0,0,0,0,0,0,0,0,0,0.000663930060176922,0,2.12492849513869e-05,0,0.000966005518877503,0,0.0182165693797125,0,0.000403989840450306,0,0,0,0,0,0,0,0.00020595427931097,0,0,0,0,0,0,0,0,0,0,0,0.00937406492476447,0,0,0,0,0,0,0,0.0277670625322419,0,0.0140420857077148,0,0.00130958145548969,0.000501973077851028,0,0.0238753002166322,0,7.23562989564093e-05,0,0.0143830454851613,0,0,0,0.042369956258473,0,0,0,0,0,1.10671241807924e-05,0,0.012465633448457,0,0,0,0,0,0
0,0,0,0,0,0,0,0,0,0,0.000206663959493657,0,0.000286189137721589,0,0,0,2.37010818472474e-05,0,0,0,0,0,0,0,0,0,0.00102870167034355,0,0.0414854947175549,0,0.00126073692901459,0,0,0,0,0,0,0,0,0,2.30589251559662e-05,0,0,0,0,0,0,0,0.0222835271652842,0,0,0,0,0,0,0,0.00424125277699486,0,0.00678856211201439,0,0,0,0,4.97225976044082e-05,0,0.00339242435071154,0,0,0,0.00969005010368222,0,0,0,0.00490249936286035,0,0,0,0,0,0,0,0.000870815324337439,0,0,0.00111442945660234,0,0
