0,0,0.162203873475115,0,0,0,0,0,0.201438432550968,0,0,0,0,0,0,0,0.250169575214386,0,0.227357205700747,0,0,0,0,0,0,0,0,0,0,0,0,0,0,0.252248525619507,0.300668835639954,0,0,0,0,0,0,0,0.216259881195634,0,0,0,0.273981995880604,0.231068465444777,0.156745745620346,0.281673123439153,0,0,0,0,0.292930315494107,0,0.246105059981346,0,0,0,0.16571632027626,0,0,0.293493539094925,0.273036807775497,0,0,0,0,0,0,0,0,0.236304622143507,0,0,0,0,0,0,0.312079399824142,0.372305035591125,0.208468047090066,0,0.215524888348733,0,0.210806649579452
0,0,0,0.12220896118217,0,0,0,0,0,0.210336387314595,0,0,0,0,0,0,0.228088811039925,0,0,0,0,0,0,0,0,0,0,0,0,0,0,0,0,0.308547332882881,0,0,0,0,0.262346208095551,0.271208167076111,0,0.185791608769471,0,0,0,0,0,0.222403210699558,0.35970664024353,0.216944172348352,0,0,0,0,0,0.228343068624204,0,0.16295277939031,0,0.234724853997645,0,0.203952395302408,0,0,0,0,0.180328313112259,0,0,0,0,0,0.229216592311859,0,0,0,0,0,0.274285972118378,0,0.226523540914059,0,0.17687275486503,0,0.14682773121554,0.210042950179842,0
0.162203873475115,0,0,0,0,0,0,0,0,0,0,0,0,0,0,0,0,0,0.197947531938553,0,0.0972811505198479,0,0,0,0,0,0,0,0,0,0,0,0,0,0.281039327383041,0,0,0,0,0,0.218932781368494,0,0.239810367953693,0,0,0,0.148678676648573,0.292733477552732,0.251092121814904,0,0.14154701679945,0,0,0,0,0,0.187762184362662,0,0,0,0,0,0,0.179107052308542,0,0,0,0,0,0,0,0,0,0.249595893592369,0,0,0,0,0,0.23821740769423,0.262900084257126,0.253215439972423,0.219975934363902,0,0.161114149420598,0,0.216444760560989
0,0.12220896118217,0,0,0,0.161438428929874,0,0,0,0.159965785841147,0,0,0,0,0,0,0.216533780097961,0.223717078566551,0.217235527104802,0,0,0,0,0,0,0,0,0,0,0,0,0,0,0.26973153402408,0,0.17683045566082,0,0,0.282239258289337,0.234060503133051,0,0.243100501924426,0.242550732940435,0,0,0.202763214288803,0,0.270549901415793,0.243506476283073,0.235712094607448,0,0.180761873722076,0,0,0,0.178994760234305,0,0.235559125620175,0,0.19109377690724,0,0,0.216321171193883,0,0,0,0,0,0,0,0,0,0.25060605720728,0,0,0,0,0,0.212174119392656,0,0.261419995926147,0,0.19211219287207,0,0.17768148007695,0.247275669659887,0
0,0,0,0,0,0,0,0,0,0,0,0,0,0,0,0,0,0,0,0,0.139059489987679,0,0,0,0,0,0,0,0,0,0,0,0,0,0,0,0.143421775570103,0,0,0,0.17677516490221,0,0.230336718261242,0,0,0,0.168467536568642,0.249630868434906,0.236211605370045,0,0.170644508053859,0,0,0,0.155243992805481,0,0.17711425760639,0,0.167193710803986,0,0,0,0,0.172230274736426,0,0,0,0,0,0,0,0,0,0.251519739627838,0,0,0,0,0,0.218058504164219,0,0.285205453634262,0.17718369380704,0.169858634471893,0.156668368053111,0,0
0,0,0,0.161438428929874,0,0,0,0.165322910798223,0,0,0,0.152350465033917,0,0,0,0,0,0.205150008201599,0.204753664632638,0.152033446178044,0,0,0,0,0,0,0,0,0,0,0,0,0,0.21881864964962,0,0.126604477968067,0,0,0,0.216235329707464,0.188230454921722,0.232423616716495,0,0,0,0.160319682955742,0,0.266352315743764,0.226770717650652,0.25916057533544,0,0.156371740049418,0,0.178080767393112,0,0.172467049956322,0,0.16453620105375,0,0.161238595843315,0,0,0.178410071149734,0,0,0,0,0,0,0,0,0,0.230090429601462,0,0,0,0,0,0.152825098356296,0,0.242108961397951,0,0.179811493626663,0,0.17321663539518,0.213397338986397,0
0,0,0,0,0,0,0,0,0,0,0,0,0,0,0,0,0,0,0,0,0.187917232513428,0,0,0,0,0,0,0,0,0,0,0,0,0,0,0,0,0,0,0,0,0,0,0,0,0,0,0,0,0,0,0,0,0,0,0,0.141859504083792,0,0,0,0,0,0,0.158806292907051,0,0,0,0,0,0,0,0,0,0,0,0,0,0,0,0,0,0,0,0,0,0,0
0,0,0,0,0,0.165322910798223,0,0,0,0,0,0.203117407858372,0,0,0,0,0,0,0,0.121686317026615,0,0,0,0,0,0,0,0,0,0,0,0,0,0,0,0,0,0,0,0,0,0,0,0,0,0,0,0,0,0,0,0,0,0.173671846004093,0,0,0,0.164843825002511,0,0,0,0,0,0,0,0,0,0,0,0,0,0,0,0,0,0,0,0,0,0,0,0,0.181504449674061,0.171981930732727,0,0,0
0.201438432550968,0,0,0,0,0,0,0,0,0,0,0,0,0,0.139070103211062,0,0.233302622884512,0,0.228698072329471,0,0.162635957822204,0,0,0,0.184172872529954,0,0,0,0,0,0,0,0,0,0,0,0,0,0,0,0.18787756562233,0.161505550146103,0.169853141515826,0,0,0.230751380324364,0.202810727059841,0.252244591712952,0.233373388648033,0,0,0,0,0,0.205878118374607,0,0,0,0,0,0.161023374427767,0,0,0.163049747546514,0,0,0,0.190231144428253,0,0,0,0,0,0.234564423561096,0,0,0,0,0,0.243877756244996,0,0.262611613919338,0.216154232642852,0,0.202624347696944,0,0.192216415211414
0,0.210336387314595,0,0.159965785841147,0,0,0,0,0,0,0,0,0,0,0,0.171804405748844,0.144731533891372,0.166851747974753,0.211513904991903,0,0,0.143014262119929,0.132447250187397,0.161717486477667,0.128555791825056,0,0,0,0,0,0,0,0,0,0,0.143266782164574,0,0,0,0.23922224342823,0,0.20471759901235,0.148892934123675,0,0,0.141695439815521,0,0,0,0.214730389416218,0,0,0,0,0,0.215430414552243,0,0.184625047445297,0,0,0,0.18638619966805,0.187951037287712,0,0.151721899708112,0,0.182856967672706,0,0.154020657142003,0,0,0,0,0,0,0,0,0,0.261648608578576,0,0.261947509646416,0.18143393099308,0.174132066298965,0.125908300280571,0.213286435576501,0.196435397863388,0
0,0,0,0,0,0,0,0,0,0,0,0,0.182177132909948,0,0,0,0,0,0,0,0.162537351363658,0,0,0,0,0,0,0,0.205737951177138,0,0.221839712311824,0,0,0,0,0,0.178236991497157,0,0.164826333409909,0,0,0,0,0,0,0,0,0,0,0,0,0,0,0,0,0,0.197053351763241,0,0.189464174211025,0,0,0,0,0.16718911008073,0,0,0,0,0,0,0,0,0,0.222880125738854,0,0,0,0,0,0.178152646245183,0,0.227137511223555,0.1842788921565,0.176541596651077,0.172425419092178,0,0
0,0,0,0,0,0.152350465033917,0,0.203117407858372,0,0,0,0,0,0.222617071347882,0,0,0,0,0,0.167858544536151,0,0,0,0,0,0,0,0.210722333506534,0,0.168642615779273,0,0,0,0,0,0.19567222852413,0,0.239117213451353,0,0,0,0.208532869815826,0,0,0,0,0,0,0,0,0,0.198934271931648,0,0,0,0.189952224493027,0,0.205857371708081,0,0.217267604128327,0,0,0.163292035837283,0,0,0,0,0,0,0,0.183510651022701,0,0.220888759635744,0,0,0,0,0,0.199116256891512,0,0.223588348190424,0,0.220447180636207,0.185051389393352,0.269845485687256,0,0
0,0,0,0,0,0,0,0,0,0,0.182177132909948,0,0,0,0.125236538447896,0,0,0,0,0,0,0,0,0,0,0,0,0,0,0,0,0,0,0,0,0,0,0,0,0,0,0,0,0,0,0,0,0,0,0,0,0,0,0,0,0,0.214720413088799,0,0.198279030771063,0,0.14861364673524,0,0,0,0,0,0,0,0,0.156139589846134,0,0.178205342794007,0,0,0,0,0,0,0,0,0,0,0.185950218580472,0.195396345853806,0,0,0
0,0,0,0,0,0,0,0,0,0,0,0.222617071347882,0,0,0,0,0,0,0,0,0,0,0,0,0,0,0,0.196537784439452,0,0.209472164511681,0,0,0,0,0,0,0,0,0,0,0,0,0,0,0,0,0,0,0,0,0,0,0,0,0,0,0,0.213192027430289,0,0.203925895505938,0,0.205038868822157,0,0,0,0,0,0,0,0,0.176570001507052,0,0,0,0,0,0,0,0,0,0,0,0.22941901545002,0.247689455747604,0,0,0
0,0,0,0,0,0,0,0,0.139070103211062,0,0,0,0.125236538447896,0,0,0,0.125766947865486,0,0,0,0,0,0,0,0.14465710749993,0,0.142533361685999,0,0.154394273956617,0,0,0,0,0,0,0,0,0,0,0,0,0,0,0,0,0,0,0,0.143162876367569,0,0,0,0,0,0.150172332922618,0,0,0,0.171758908033371,0,0.176233148538923,0,0,0,0,0,0,0,0,0.144188590347767,0,0.180488831053178,0,0,0,0,0,0,0,0,0,0,0.152516894302396,0,0,0,0
0,0,0,0,0,0,0,0,0,0.171804405748844,0,0,0,0,0,0,0.133795116251955,0.143714476683561,0.220232352614403,0,0,0.15031935274601,0.131140677258372,0.161131759936159,0,0.15546353795427,0.128973200917244,0,0,0,0,0,0,0,0,0,0,0,0,0,0,0,0,0,0,0,0,0,0,0,0,0,0,0,0,0.226746102174123,0,0,0,0,0,0.159429334104061,0,0,0.149899959564209,0,0.174232766032219,0,0.166144927910396,0,0,0,0,0,0,0,0,0,0.214768663048744,0,0,0,0.139422545290512,0,0.221898101270199,0,0
0.250169575214386,0.228088811039925,0,0.216533780097961,0,0,0,0,0.233302622884512,0.144731533891372,0,0,0,0,0.125766947865486,0.133795116251955,0,0.13450701386269,0.207815904159967,0,0,0.113961351769311,0.103593380372984,0.131599590430657,0.158755031905391,0.115347575672247,0.155031504045273,0,0.17145584602105,0,0,0,0,0,0,0,0,0,0,0.237275020177685,0.231036002010656,0.191134376607778,0.202796448632941,0,0,0.258748392973627,0.231282078983071,0.237587849299113,0.216771726424877,0.230724662542343,0,0,0,0,0.257492939631144,0.135085579007864,0.241114385426044,0.236501280218363,0,0,0.148869545144193,0.111771076917648,0.246810405618615,0.232746521383524,0.121002550647049,0.0895874295383692,0.123573123166958,0,0.126229307190938,0.148364836970965,0,0,0.241713191072146,0.263828545808792,0,0,0,0,0.244917288348633,0.246834877654012,0.243912706573804,0.253710803517885,0.153673680976317,0.133848171009392,0.225867819331518,0.199684288066167,0.221392437815666
0,0,0,0.223717078566551,0,0.205150008201599,0,0,0,0.166851747974753,0,0,0,0,0,0.143714476683561,0.13450701386269,0,0.240040425686884,0,0,0.120245726431137,0.112651940592578,0.152283075531679,0.135313995458462,0.132871372063281,0.108935631811619,0.1514613032341,0,0,0,0,0,0,0,0,0,0,0,0.25453570512307,0.221556757688522,0.212296960630972,0.194655955743951,0.288246810436249,0.29503545165062,0.249137953855097,0.223342258483171,0.21141296128432,0.185962796211243,0.243716960703885,0,0,0,0,0,0.170849341956469,0,0.243393694361051,0,0,0,0.140209844335914,0.264276518582184,0.23215109535626,0.147630419032777,0,0.153291871083663,0,0.145697885956767,0,0,0,0.270106752713521,0.258830070495605,0.186392977833748,0,0,0,0.257493887860452,0.240328750245168,0.261751580547462,0.23724552898696,0.139911405009632,0.131479327222615,0.239172612316906,0.226460186369491,0
0.227357205700747,0,0.197947531938553,0.217235527104802,0,0.204753664632638,0,0,0.228698072329471,0.211513904991903,0,0,0,0,0,0.220232352614403,0.207815904159967,0.240040425686884,0,0,0,0.159315270682176,0.147527806460857,0.211956400175889,0.142086546335902,0.220558755777099,0,0,0,0,0,0,0,0,0.303486943244934,0.235763788223267,0,0,0,0.300221973665894,0.275972375228205,0.200956000837897,0.18887972778781,0.39545663818717,0.400376995652914,0.288442515719094,0.287867310210251,0.258131037537868,0.26480668578126,0.244486231170595,0,0,0,0,0.221214386409727,0.207342643290758,0.273727525025606,0.247789666056633,0,0,0,0.217361927032471,0.307648439653568,0.258333731398863,0.214500000843635,0,0.209180943667889,0,0.212229279002973,0,0,0,0.300832802135693,0.298572572214263,0.233412034809589,0,0,0,0.321922921414656,0.310387260593232,0.297646868119951,0.283247220901391,0.202849180244073,0.172696314752102,0.298401381000043,0.195943235008566,0.218854888493106
0,0,0,0,0,0.152033446178044,0,0.121686317026615,0,0,0,0.167858544536151,0,0,0,0,0,0,0,0,0,0,0,0,0,0,0,0,0,0.261817544698715,0,0,0,0,0,0.187808237257718,0,0.195959641852162,0,0.203731440007687,0,0.203531973063946,0,0,0,0.153589397668839,0,0.270092278718948,0.221216663718224,0.221773314476013,0,0.154375617702802,0,0,0,0.219164453446865,0,0.189646411687136,0,0,0,0,0.165031485996404,0,0,0,0,0,0,0,0,0,0.284207122666495,0,0,0,0,0,0.196016902478012,0,0.203568280038267,0,0.151131715625525,0,0.156559218175528,0,0
0,0,0.0972811505198479,0,0.139059489987679,0,0.187917232513428,0,0.162635957822204,0,0.162537351363658,0,0,0,0,0,0,0,0,0,0,0,0,0,0,0,0,0,0,0,0,0,0,0,0,0,0.164386384676488,0,0.159793004478727,0,0,0,0.212244227528572,0,0,0,0.206874884665012,0,0.241882979869843,0,0.172858029603958,0,0,0,0,0,0.170685261782361,0,0,0,0,0,0,0.156718183609046,0,0,0,0,0,0,0,0,0,0.365124551688924,0,0,0,0,0,0.159453481905234,0,0.234090324678698,0.145477866598715,0,0.141192506063492,0,0
0,0,0,0,0,0,0,0,0,0.143014262119929,0,0,0,0,0,0.15031935274601,0.113961351769311,0.120245726431137,0.159315270682176,0,0,0,0.16079080380361,0.233018376506292,0,0.140226684510708,0,0.220431181591946,0,0,0,0,0,0.308704990607042,0.306574630737305,0,0,0.213933499710371,0.174643164850237,0,0,0.289400958456099,0.18262006342411,0,0,0,0,0.302818035085996,0,0.221322272232368,0,0,0,0,0,0,0,0,0,0,0,0,0,0,0.182485948873703,0.152680307955207,0.2329588669997,0,0.162191803567111,0,0.230564037815751,0,0,0,0,0,0.174574597428242,0,0,0.197237826883793,0.188531428293758,0.186578591993774,0.162826644549398,0.157745476516466,0.279943736890952,0,0
0,0,0,0,0,0,0,0,0,0.132447250187397,0,0,0,0,0,0.131140677258372,0.103593380372984,0.112651940592578,0.147527806460857,0,0,0.16079080380361,0,0.105518753329913,0.227999294369385,0.111087242141366,0.174831293523312,0,0.179457649030787,0,0,0,0,0,0,0,0,0.155699222436491,0.227040785304168,0,0.20596070587635,0.195747494697571,0.212622731924057,0,0,0,0,0.28264644742012,0.233003637565232,0,0,0,0,0,0,0,0,0,0,0,0,0.117856115102768,0,0,0.175175963536553,0.179850231239452,0.129529729485512,0.172878749370575,0.123739193838376,0,0,0.18930288393106,0,0,0,0,0,0,0.212072812020779,0,0.152229696512222,0.207270704159651,0.173749537684921,0.187903529507657,0.252481309697032,0,0
0,0,0,0,0,0,0,0,0,0.161717486477667,0,0,0,0,0,0.161131759936159,0.131599590430657,0.152283075531679,0.211956400175889,0,0,0.233018376506292,0.105518753329913,0,0.112765327095985,0.157071897449593,0,0,0,0,0,0,0,0,0,0,0,0.173984325884544,0,0,0,0.156969224413236,0,0,0,0,0,0,0,0.195904210209846,0,0,0,0,0,0.14717064499855,0,0,0,0,0,0.228407256305218,0,0,0.175354855755965,0,0.180196678137961,0,0.151541291371636,0,0,0,0,0,0,0,0,0,0.253128491342068,0,0.19438327705672,0,0.167378855005997,0,0.215511463009394,0.19873084127903,0
0,0,0,0,0,0,0,0,0.184172872529954,0.128555791825056,0,0,0,0,0.14465710749993,0,0.158755031905391,0.135313995458462,0.142086546335902,0,0,0,0.227999294369385,0.112765327095985,0,0,0.174719926517157,0,0,0,0,0,0,0,0,0,0,0,0.237691020820199,0.227179542183876,0,0,0.129621628671885,0,0,0,0,0,0.316310897469521,0,0,0,0,0,0.182608033258181,0,0,0,0,0,0.148220332420391,0,0.196358442306519,0,0,0.218312713727355,0,0.198816337921087,0.118657983839512,0.170180569589138,0,0,0,0,0,0,0,0,0.262449622154236,0,0,0.185165023481524,0.154051705520777,0.183951731990365,0.229047819972038,0,0.128699585795403
0,0,0,0,0,0,0,0,0,0,0,0,0,0,0,0.15546353795427,0.115347575672247,0.132871372063281,0.220558755777099,0,0,0.140226684510708,0.111087242141366,0.157071897449593,0,0,0,0.153753533959389,0,0,0,0,0,0,0,0,0,0,0,0,0,0,0,0,0,0,0.193579480051994,0,0,0,0,0,0,0,0,0,0,0,0,0,0,0.154435098171234,0,0,0.162481427192688,0,0,0,0.170064626938917,0,0.125602513551712,0,0,0,0,0,0,0,0,0,0.18311496078968,0.173490077257156,0.136821219274978,0.122868471675449,0,0.193940624594688,0
0,0,0,0,0,0,0,0,0,0,0,0,0,0,0.142533361685999,0.128973200917244,0.155031504045273,0.108935631811619,0,0,0,0,0.174831293523312,0,0.174719926517157,0,0,0,0.159479633247589,0,0,0,0,0,0,0,0,0,0,0,0,0,0,0,0,0,0,0,0,0,0,0,0,0,0,0,0,0,0,0,0.1524098784406,0,0,0,0,0.24338361620903,0,0.207218927996499,0,0.188878972326614,0,0.165604225762429,0,0,0,0,0,0,0,0,0,0,0.169151235633252,0,0,0,0
0,0,0,0,0,0,0,0,0,0,0,0.210722333506534,0,0.196537784439452,0,0,0,0.1514613032341,0,0,0,0.220431181591946,0,0,0,0.153753533959389,0,0,0,0.204262543204399,0,0,0,0,0,0,0,0.149178699361828,0,0,0,0,0,0,0,0,0,0,0,0,0,0,0,0,0,0,0,0.229731702142292,0,0.198153806850314,0,0,0,0,0.21422597548223,0,0,0,0.174936370717155,0,0.215557943698783,0,0.219347385221932,0,0,0,0,0,0,0,0.182845954298973,0,0.207814123363871,0.208961830370956,0,0,0
0,0,0,0,0,0,0,0,0,0,0.205737951177138,0,0,0,0.154394273956617,0,0.17145584602105,0,0,0,0,0,0.179457649030787,0,0,0,0.159479633247589,0,0,0,0.207217666339734,0,0,0,0,0,0,0,0.165144754162469,0,0,0,0,0,0,0,0,0,0,0,0,0,0,0,0,0,0.203168392181396,0,0,0,0.155317477881908,0,0,0,0,0.181748916997629,0,0,0,0.17774136565827,0,0.196022985704846,0,0.20132132777896,0,0,0,0,0,0,0,0.194023701575918,0.176192700470749,0.198373215539115,0,0,0
0,0,0,0,0,0,0,0,0,0,0,0.168642615779273,0,0.209472164511681,0,0,0,0,0,0.261817544698715,0,0,0,0,0,0,0,0.204262543204399,0,0,0,0,0,0,0,0,0,0.178875373063872,0,0,0,0,0,0,0,0,0,0,0,0,0,0,0,0,0,0,0,0.218429771242755,0,0,0,0,0,0,0,0,0,0,0,0,0.203528422973827,0,0.207832854041075,0,0,0,0,0,0,0,0.182516797500498,0,0.203864336013794,0,0,0,0
0,0,0,0,0,0,0,0,0,0,0.221839712311824,0,0,0,0,0,0,0,0,0,0,0,0,0,0,0,0,0,0.207217666339734,0,0,0,0,0,0,0,0,0,0.197934410311806,0,0,0,0,0,0,0,0,0,0,0,0,0,0,0,0,0,0.212131018318781,0,0,0,0,0,0,0,0,0,0,0,0,0,0,0,0,0.217902981646016,0,0,0,0,0,0,0,0.186389578436719,0.19627405364405,0.203907206654549,0,0,0
0,0,0,0,0,0,0,0,0,0,0,0,0,0,0,0,0,0,0,0,0,0,0,0,0,0,0,0,0,0,0,0,0.290265322613815,0.310372423218644,0.343571923983594,0.224798639820093,0.17293335605889,0,0,0.34200390179952,0,0.212894558906555,0,0,0,0,0,0.563964503464596,0.46450099017885,0.328276424331868,0,0,0,0,0,0,0,0,0,0,0,0,0,0,0,0,0,0,0,0,0,0,0,0,0.406011060021903,0.322113740208227,0.304066904255601,0.378345837718562,0.220653984789588,0.171943370418008,0.182147845625877,0,0.178836856683186,0,0.212444829444091,0.241192221641541,0
0,0,0,0,0,0,0,0,0,0,0,0,0,0,0,0,0,0,0,0,0,0,0,0,0,0,0,0,0,0,0,0.290265322613815,0,0.278839127105825,0.255916254258611,0.17525756292986,0.234401997737586,0,0.193467855453491,0,0.223118928074837,0,0,0,0,0,0,0.432321281850937,0.259083877503872,0,0,0,0,0,0,0,0,0,0,0,0,0,0,0,0,0,0,0,0,0,0,0,0,0,0.317809767185507,0.351694601224698,0.287422065618177,0.286957203740006,0.29518526709742,0.22437592813628,0.359885132975048,0.312624915920455,0.193594662113148,0,0.325606927275658,0,0
0.252248525619507,0.308547332882881,0,0.26973153402408,0,0.21881864964962,0,0,0,0,0,0,0,0,0,0,0,0,0,0,0,0.308704990607042,0,0,0,0,0,0,0,0,0,0.310372423218644,0.278839127105825,0,0.350132296341946,0.234025371345607,0.195391414420945,0.367861306602716,0.305343536730809,0.276613872084353,0.29386979341507,0.276360153805378,0.488328364160326,0,0,0.284040683880448,0.310605213046074,0.620756748533773,0.438477407565853,0.33291264015593,0,0,0,0,0,0.279735714197159,0,0.268770098686218,0,0,0,0,0.273385693629583,0,0.365746662897222,0,0,0,0,0,0,0,0.32700651884079,0,0.293854665183104,0.292304433882236,0.282797651174705,0.299476834617008,0.228634499727863,0,0.423105839586476,0.430650057161556,0.220688465772402,0.246443497098011,0.360823601203145,0.193431869149208,0
0.300668835639954,0,0.281039327383041,0,0,0,0,0,0,0,0,0,0,0,0,0,0,0,0.303486943244934,0,0,0.306574630737305,0,0,0,0,0,0,0,0,0,0.343571923983594,0.255916254258611,0.350132296341946,0,0,0.187440028378986,0.321215616056213,0.231192720966451,0,0.266703652265744,0.352925360202789,0.255645587830476,0,0,0,0.255037272142039,0.633157103104503,0.356653306734136,0.416271670776255,0,0,0,0,0,0,0.36791515648365,0,0,0,0,0,0,0.43186043202877,0.345289591285918,0,0,0,0,0,0,0,0,0.370314440556935,0.354219492653321,0.252916177231682,0.26317826348031,0.304615103602696,0,0.197054397492182,0.364800288426709,0.330405793139483,0.19715796013114,0.249986008941373,0.333303631769532,0,0
0,0,0,0.17683045566082,0,0.126604477968067,0,0,0,0.143266782164574,0,0.19567222852413,0,0,0,0,0,0,0.235763788223267,0.187808237257718,0,0,0,0,0,0,0,0,0,0,0,0.224798639820093,0.17525756292986,0.234025371345607,0,0,0.219048709331003,0.164823769039833,0.109817128628492,0.216261802957608,0.237783744931221,0.242713720848163,0.277983003041961,0,0,0.136212791218644,0,0.505999622072682,0.282336174837641,0.314371559263012,0,0,0,0,0,0.174800127744675,0,0.201568149030209,0,0,0,0,0.17993019356253,0,0,0,0,0,0,0,0,0,0,0,0.242431452963501,0.199604920724259,0.230447039008141,0,0.195760186096275,0.214016833552574,0.207347430330107,0,0.173474214582135,0.167231887871965,0.185559828700551,0,0
0,0,0,0,0.143421775570103,0,0,0,0,0,0.178236991497157,0,0,0,0,0,0,0,0,0,0.164386384676488,0,0,0,0,0,0,0,0,0,0,0.17293335605889,0.234401997737586,0.195391414420945,0.187440028378986,0.219048709331003,0,0,0.191664423988766,0,0.156082909421872,0,0.264535645022988,0,0,0,0.15400399275772,0.300746570030848,0.212286746995464,0.330669403076172,0.170472875237465,0,0,0,0,0,0.219989016652107,0,0,0,0,0,0,0.144316669255835,0,0,0,0,0,0,0,0,0,0.200473193079233,0.192723411345199,0.254309687211558,0.203580066561699,0.219227068910473,0.211476975510645,0.194246556254291,0.288257777690887,0.198255522417373,0.176753263000671,0.200105958065471,0.174517336344144,0,0
0,0,0,0,0,0,0,0,0,0,0,0.239117213451353,0,0,0,0,0,0,0,0.195959641852162,0,0.213933499710371,0.155699222436491,0.173984325884544,0,0,0,0.149178699361828,0,0.178875373063872,0,0,0,0.367861306602716,0.321215616056213,0.164823769039833,0,0,0.197866002107946,0,0,0.254278049101694,0.212953507900238,0,0,0,0,0.332565208046864,0.427269924964224,0.355440919357869,0,0,0,0,0,0,0,0.228097804906693,0,0,0,0,0.201615519821644,0,0.293442185611889,0.192684471607208,0.183682913058682,0,0,0,0.179809461347759,0,0.172438505150023,0,0,0,0.302167719055915,0.262943315155366,0.165375084068612,0,0.209692059780309,0.187939147213824,0.16722814440955,0.182284205679014,0.306338976615659,0.123721609512965,0
0,0.262346208095551,0,0.282239258289337,0,0,0,0,0,0,0.164826333409909,0,0,0,0,0,0,0,0,0,0.159793004478727,0.174643164850237,0.227040785304168,0,0.237691020820199,0,0,0,0.165144754162469,0,0.197934410311806,0,0.193467855453491,0.305343536730809,0.231192720966451,0.109817128628492,0.191664423988766,0.197866002107946,0,0,0,0,0.210864577716151,0,0,0,0,0.445859527892238,0.272272725350773,0.400515878742391,0,0,0,0,0,0,0.165650092065334,0,0,0,0,0,0,0.177525193176486,0.167078345268965,0.27389939033892,0,0.162886832202748,0,0,0,0.174902856349945,0,0.1978139830641,0,0.23704028626283,0.276906939223409,0.239946236888484,0.114272221922874,0.173124440299202,0.199200031294229,0.207845051546671,0.180532832730275,0.209723308527394,0.259756072029246,0,0
0,0.271208167076111,0,0.234060503133051,0,0.216235329707464,0,0,0,0.23922224342823,0,0,0,0,0,0,0.237275020177685,0.25453570512307,0.300221973665894,0.203731440007687,0,0,0,0,0.227179542183876,0,0,0,0,0,0,0.34200390179952,0,0.276613872084353,0,0.216261802957608,0,0,0,0,0.192666788895925,0.254021006880995,0.230637102228839,0.309583514928818,0,0.224796126207096,0.205068446018479,0.250049354301559,0.227408675352732,0.21541124791139,0,0,0,0,0,0.194398559629917,0,0.254517025500536,0,0,0,0,0.262151164162641,0.223520860075951,0,0,0,0,0,0,0,0,0.257136371971547,0,0.328945279121399,0,0.396501272916794,0,0.221275059275391,0.242973002294699,0.237295059445028,0.222365260124207,0.232769114618329,0.198322311043739,0.256079955523813,0.259712536301878,0
0,0,0.218932781368494,0,0.17677516490221,0.188230454921722,0,0,0.18787756562233,0,0,0,0,0,0,0,0.231036002010656,0.221556757688522,0.275972375228205,0,0,0,0.20596070587635,0,0,0,0,0,0,0,0,0,0.223118928074837,0.29386979341507,0.266703652265744,0.237783744931221,0.156082909421872,0,0,0.192666788895925,0,0.233252962430318,0.226967057104876,0,0.403539742742266,0.172671496868134,0.220497381032458,0.249804007261992,0.235889892174852,0.20499025285244,0.238612152636051,0,0,0,0,0,0.233994748443365,0.229237943887711,0,0,0,0,0.24521778523922,0.190048800194508,0,0,0,0,0,0,0,0,0.261406987905502,0.276011007837951,0,0,0,0.293615037980287,0.232732582092285,0.211731170879339,0.248456262052059,0.268797679712959,0.234267869985652,0,0.240547735802991,0,0.269098492960135
0,0.185791608769471,0,0.243100501924426,0,0.232423616716495,0,0,0.161505550146103,0.20471759901235,0,0.208532869815826,0,0,0,0,0.191134376607778,0.212296960630972,0.200956000837897,0.203531973063946,0,0.289400958456099,0.195747494697571,0.156969224413236,0,0,0,0,0,0,0,0.212894558906555,0,0.276360153805378,0.352925360202789,0.242713720848163,0,0.254278049101694,0,0.254021006880995,0.233252962430318,0,0.190828054093979,0.30292084813118,0,0.244714559672715,0.222652030842645,0.280542879997764,0.274310546261924,0.25367843499641,0,0,0,0,0,0.201088199341619,0,0.304499790457816,0,0,0,0,0.284985878577338,0.193842366337776,0.294301757216454,0,0.172927618026733,0,0.178769394755363,0,0,0,0.284084458102308,0.216312572360039,0.24142137169838,0,0.302731001749635,0,0.247369958873388,0.228167480999424,0.292303189215461,0.249503704408805,0.193111045770457,0.196686983108521,0.245302099452749,0.174793523597311,0
0.216259881195634,0,0.239810367953693,0.242550732940435,0.230336718261242,0,0,0,0.169853141515826,0.148892934123675,0,0,0,0,0,0,0.202796448632941,0.194655955743951,0.18887972778781,0,0.212244227528572,0.18262006342411,0.212622731924057,0,0.129621628671885,0,0,0,0,0,0,0,0,0.488328364160326,0.255645587830476,0.277983003041961,0.264535645022988,0.212953507900238,0.210864577716151,0.230637102228839,0.226967057104876,0.190828054093979,0,0,0.36572577059269,0.237437305351098,0.234162764337402,0.395227462225567,0.245762262816401,0.287454255210246,0.220413019259771,0,0,0,0.216786469746795,0,0.256328749609278,0.255154859274626,0,0,0,0,0.246845230460167,0.252838281488203,0,0,0,0,0.168112248182297,0,0,0,0.264963686466217,0.265222908180092,0.226059779524803,0,0,0.273022376000881,0.255233849969602,0.257051319044321,0.267098299902061,0.29578662502956,0.226556145295703,0,0.268274480274028,0.18191673713071,0.198421127380368
0,0,0,0,0,0,0,0,0,0,0,0,0,0,0,0,0,0.288246810436249,0.39545663818717,0,0,0,0,0,0,0,0,0,0,0,0,0,0,0,0,0,0,0,0,0.309583514928818,0,0.30292084813118,0,0,0,0.305242851376534,0,0.349146008491516,0,0,0,0,0,0,0,0,0,0,0,0,0,0,0.346475464957101,0,0,0,0,0,0,0,0,0,0.363293081521988,0,0,0,0,0,0.413483816911193,0,0.407192006707191,0,0,0,0.321866352970784,0,0
0,0,0,0,0,0,0,0,0,0,0,0,0,0,0,0,0,0.29503545165062,0.400376995652914,0,0,0,0,0,0,0,0,0,0,0,0,0,0,0,0,0,0,0,0,0,0.403539742742266,0,0.36572577059269,0,0,0,0.3225333938996,0,0.345668762922287,0,0,0,0,0,0,0,0.333414033055305,0,0,0,0,0,0,0.374119848012924,0,0,0,0,0,0,0,0,0,0.391030341386795,0,0,0,0,0,0.409974119936426,0,0.434801186952326,0.317178651690483,0,0.386352019042385,0,0
0,0,0,0.202763214288803,0,0.160319682955742,0,0,0.230751380324364,0.141695439815521,0,0,0,0,0,0,0.258748392973627,0.249137953855097,0.288442515719094,0.153589397668839,0,0,0,0,0,0,0,0,0,0,0,0,0,0.284040683880448,0,0.136212791218644,0,0,0,0.224796126207096,0.172671496868134,0.244714559672715,0.237437305351098,0.305242851376534,0,0,0,0.275653907958465,0.242709938968931,0.246647652446247,0,0,0,0,0,0.185416432718436,0,0.226941387515423,0,0,0,0,0.180153139501111,0,0,0,0,0,0,0,0,0,0.254164204768398,0,0,0,0,0,0.188411680634543,0,0.266415930727623,0,0.230389359643904,0,0.189213084171276,0.249220095574856,0
0.273981995880604,0,0.148678676648573,0,0.168467536568642,0,0,0,0.202810727059841,0,0,0,0,0,0,0,0.231282078983071,0.223342258483171,0.287867310210251,0,0.206874884665012,0,0,0,0,0.193579480051994,0,0,0,0,0,0,0,0.310605213046074,0.255037272142039,0,0.15400399275772,0,0,0.205068446018479,0.220497381032458,0.222652030842645,0.234162764337402,0,0.3225333938996,0,0,0.258278462115456,0.251242443030284,0.260304889082909,0.157611057162285,0,0,0,0,0,0.255092214506406,0.219690278172493,0,0,0,0,0,0.204501368572791,0.203976526856422,0,0,0,0,0,0,0,0,0.267370373010635,0,0,0,0.267346292734146,0.232501700520515,0.251936699712574,0.227859479685624,0.274233683996217,0.246573668710262,0,0.237860576272885,0,0.240148440003395
0.231068465444777,0.222403210699558,0.292733477552732,0.270549901415793,0.249630868434906,0.266352315743764,0,0,0.252244591712952,0,0,0,0,0,0,0,0.237587849299113,0.21141296128432,0.258131037537868,0.270092278718948,0,0.302818035085996,0.28264644742012,0,0,0,0,0,0,0,0,0.563964503464596,0.432321281850937,0.620756748533773,0.633157103104503,0.505999622072682,0.300746570030848,0.332565208046864,0.445859527892238,0.250049354301559,0.249804007261992,0.280542879997764,0.395227462225567,0.349146008491516,0,0.275653907958465,0.258278462115456,0,0.380796161510999,0.30348985320182,0,0,0,0,0.225438620895147,0.247144495447477,0.395978443324566,0.272780675508759,0,0,0,0,0.289338553181061,0.306795828044415,0.333654305897653,0,0,0,0,0,0,0,0.287485291731769,0.364263877272606,0.452760681094666,0.442148296657292,0.58801785566955,0.542205867607419,0.328409530417983,0.371013835409902,0.456980753306023,0.460712623360672,0.40481215561448,0,0.341216402918679,0.271305291603009,0.261509082147053
0.156745745620346,0.35970664024353,0.251092121814904,0.243506476283073,0.236211605370045,0.226770717650652,0,0,0.233373388648033,0,0,0,0,0,0.143162876367569,0,0.216771726424877,0.185962796211243,0.26480668578126,0.221216663718224,0.241882979869843,0,0.233003637565232,0,0.316310897469521,0,0,0,0,0,0,0.46450099017885,0.259083877503872,0.438477407565853,0.356653306734136,0.282336174837641,0.212286746995464,0.427269924964224,0.272272725350773,0.227408675352732,0.235889892174852,0.274310546261924,0.245762262816401,0,0.345668762922287,0.242709938968931,0.251242443030284,0.380796161510999,0,0.326456015419077,0.237155558541417,0,0,0,0,0.232065081596375,0.32568182577421,0.244950988462993,0,0,0.151373520493507,0,0.239299250145753,0.301420891726459,0,0.245633203363688,0,0.258793387562037,0,0.18405219634374,0.379268229007721,0.181133818147438,0.265460699796677,0.265508264467861,0.234554909169674,0,0.409656425317128,0.327891311224769,0.280364200831896,0.24415914971253,0.395468883109435,0.336735289027396,0.294696854090301,0,0.287831897475268,0.243179261684418,0.267489529920347
0.281673123439153,0.216944172348352,0,0.235712094607448,0,0.25916057533544,0,0,0,0.214730389416218,0,0,0,0,0,0,0.230724662542343,0.243716960703885,0.244486231170595,0.221773314476013,0,0.221322272232368,0,0.195904210209846,0,0,0,0,0,0,0,0.328276424331868,0,0.33291264015593,0.416271670776255,0.314371559263012,0.330669403076172,0.355440919357869,0.400515878742391,0.21541124791139,0.20499025285244,0.25367843499641,0.287454255210246,0,0,0.246647652446247,0.260304889082909,0.30348985320182,0.326456015419077,0,0,0,0,0,0,0.252114524959393,0.35665237903595,0.297516036510258,0,0,0,0.26318484544754,0.29886055581209,0,0.256726667472216,0,0.215456405208131,0,0,0,0.196723789786229,0,0.256472756178715,0,0.242414936423302,0,0.323969195286433,0.449529363920814,0.251274105391182,0.33713535964489,0.296818257007119,0.381258292097441,0.279728945247405,0,0.283074368273632,0.278959782077716,0
0,0,0.14154701679945,0,0.170644508053859,0,0,0,0,0,0,0,0,0,0,0,0,0,0,0,0.172858029603958,0,0,0,0,0,0,0,0,0,0,0,0,0,0,0,0.170472875237465,0,0,0,0.238612152636051,0,0.220413019259771,0,0,0,0.157611057162285,0,0.237155558541417,0,0,0,0.201706061760585,0,0,0,0.190058966748642,0,0.173968861500422,0,0,0,0,0.179472361882049,0,0,0,0,0,0,0,0,0,0,0,0,0,0,0,0,0,0,0.200823873281479,0,0.173151801169758,0,0
0,0,0,0.180761873722076,0,0.156371740049418,0,0,0,0,0,0.198934271931648,0,0,0,0,0,0,0,0.154375617702802,0,0,0,0,0,0,0,0,0,0,0,0,0,0,0,0,0,0,0,0,0,0,0,0,0,0,0,0,0,0,0,0,0,0,0,0,0,0.174271804307188,0,0,0,0,0.203080183267593,0,0,0,0,0,0,0,0,0,0,0,0,0,0,0,0,0,0,0,0,0,0.215332781275113,0,0
0,0,0,0,0,0,0,0,0,0,0,0,0,0,0,0,0,0,0,0,0,0,0,0,0,0,0,0,0,0,0,0,0,0,0,0,0,0,0,0,0,0,0,0,0,0,0,0,0,0,0.201706061760585,0,0,0,0,0,0.141691620647907,0,0,0,0,0,0,0.164712083435828,0,0,0,0,0,0,0,0,0,0,0,0,0,0,0,0,0,0,0,0,0,0,0
0,0,0,0,0,0.178080767393112,0,0.173671846004093,0,0,0,0,0,0,0,0,0,0,0,0,0,0,0,0,0,0,0,0,0,0,0,0,0,0,0,0,0,0,0,0,0,0,0,0,0,0,0,0,0,0,0,0,0,0,0,0,0,0,0,0,0,0,0,0,0,0,0,0,0,0,0,0,0,0,0,0,0,0,0,0,0,0,0.148019470274448,0,0,0,0
0.292930315494107,0,0,0,0.155243992805481,0,0,0,0.205878118374607,0,0,0,0,0,0.150172332922618,0,0.257492939631144,0,0.221214386409727,0,0,0,0,0,0.182608033258181,0,0,0,0,0,0,0,0,0,0,0,0,0,0,0,0,0,0.216786469746795,0,0,0,0,0.225438620895147,0,0,0,0,0,0,0,0,0,0,0,0,0.162134040519595,0,0,0.179059252142906,0,0,0,0.175307750701904,0,0,0,0,0,0,0,0,0,0,0,0,0,0,0.232218417995854,0,0.263298764228821,0,0.220082588932093
0,0.228343068624204,0,0.178994760234305,0,0.172467049956322,0,0,0,0.215430414552243,0,0.189952224493027,0,0,0,0.226746102174123,0.135085579007864,0.170849341956469,0.207342643290758,0.219164453446865,0,0,0,0.14717064499855,0,0,0,0,0,0,0,0,0,0.279735714197159,0,0.174800127744675,0,0,0,0.194398559629917,0,0.201088199341619,0,0,0,0.185416432718436,0,0.247144495447477,0.232065081596375,0.252114524959393,0,0,0,0,0,0,0,0.178146237986428,0,0.171890215575695,0,0.194512214271292,0.19825659741958,0,0,0,0.191693355441093,0,0,0,0.162735790014267,0,0,0,0,0,0,0,0.168151224652926,0,0.181617673486471,0,0.172964990837499,0,0.207426115239071,0.218686992923419,0
0.246105059981346,0,0.187762184362662,0,0.17711425760639,0,0.141859504083792,0,0,0,0.197053351763241,0,0.214720413088799,0,0,0,0.241114385426044,0,0.273727525025606,0,0.170685261782361,0,0,0,0,0,0,0,0.203168392181396,0,0.212131018318781,0,0,0,0.36791515648365,0,0.219989016652107,0,0.165650092065334,0,0.233994748443365,0,0.256328749609278,0,0.333414033055305,0,0.255092214506406,0.395978443324566,0.32568182577421,0.35665237903595,0.190058966748642,0,0.141691620647907,0,0,0,0,0,0,0,0,0,0,0.21324473307855,0,0,0,0,0,0,0,0,0,0.32812880017225,0,0,0,0,0,0.261447372344824,0.364368826150894,0.329049367787717,0.213555698485478,0,0.242495921608996,0,0.237476478729929
0,0.16295277939031,0,0.235559125620175,0,0.16453620105375,0,0.164843825002511,0,0.184625047445297,0,0.205857371708081,0,0.213192027430289,0,0,0.236501280218363,0.243393694361051,0.247789666056633,0.189646411687136,0,0,0,0,0,0,0,0.229731702142292,0,0.218429771242755,0,0,0,0.268770098686218,0,0.201568149030209,0,0.228097804906693,0,0.254517025500536,0.229237943887711,0.304499790457816,0.255154859274626,0,0,0.226941387515423,0.219690278172493,0.272780675508759,0.244950988462993,0.297516036510258,0,0.174271804307188,0,0,0,0.178146237986428,0,0,0,0.237115574429614,0,0.162815764546394,0.255887042887417,0,0,0,0.158978513341684,0,0,0,0.183819280842603,0,0.27424648239795,0,0,0,0,0,0.269143319432286,0,0.306753515214362,0.247087806463242,0.221932331454896,0.161500443250705,0.253134297850018,0,0
0,0,0,0,0.167193710803986,0,0,0,0,0,0.189464174211025,0,0.198279030771063,0,0.171758908033371,0,0,0,0,0,0,0,0,0,0,0,0,0,0,0,0,0,0,0,0,0,0,0,0,0,0,0,0,0,0,0,0,0,0,0,0.173968861500422,0,0,0,0,0,0,0,0,0,0.152831652760506,0,0,0,0,0,0,0,0,0,0,0.181614850732413,0,0,0,0,0,0,0,0,0,0,0,0,0,0,0
0,0.234724853997645,0,0.19109377690724,0,0.161238595843315,0,0,0,0,0,0.217267604128327,0,0.203925895505938,0,0,0,0,0,0,0,0,0,0,0,0,0,0.198153806850314,0,0,0,0,0,0,0,0,0,0,0,0,0,0,0,0,0,0,0,0,0,0,0,0,0,0,0,0.171890215575695,0,0.237115574429614,0,0,0,0.207164671272039,0.201154241959254,0,0,0,0,0,0,0,0.161475092022862,0,0,0,0,0,0,0,0.18770894408226,0,0,0,0.218300082844219,0.217097337313691,0,0,0
0.16571632027626,0,0,0,0,0,0,0,0.161023374427767,0,0,0,0.14861364673524,0,0.176233148538923,0,0.148869545144193,0,0,0,0,0,0,0,0.148220332420391,0,0.1524098784406,0,0.155317477881908,0,0,0,0,0,0,0,0,0,0,0,0,0,0,0,0,0,0,0,0.151373520493507,0,0,0,0,0,0.162134040519595,0,0,0,0.152831652760506,0,0,0,0,0,0,0,0,0,0,0.153856155262994,0,0.18721437950929,0,0,0,0,0,0,0,0,0,0,0.151945289224386,0,0,0,0
0,0.203952395302408,0,0,0,0,0,0,0,0.18638619966805,0,0,0,0.205038868822157,0,0.159429334104061,0.111771076917648,0.140209844335914,0.217361927032471,0,0,0,0.117856115102768,0.228407256305218,0,0.154435098171234,0,0,0,0,0,0,0,0,0,0,0,0,0,0,0,0,0,0,0,0,0,0,0,0.26318484544754,0,0,0,0,0,0.194512214271292,0,0.162815764546394,0,0.207164671272039,0,0,0,0,0.131907537579536,0,0.18036322243381,0,0,0,0.161455154418945,0,0,0,0,0,0,0,0,0,0,0,0.201315015554428,0,0,0,0
0,0,0,0.216321171193883,0,0.178410071149734,0,0,0,0.187951037287712,0,0.163292035837283,0,0,0,0,0.246810405618615,0.264276518582184,0.307648439653568,0.165031485996404,0,0,0,0,0.196358442306519,0,0,0,0,0,0,0,0,0.273385693629583,0,0.17993019356253,0,0.201615519821644,0,0.262151164162641,0.24521778523922,0.284985878577338,0.246845230460167,0.346475464957101,0,0.180153139501111,0,0.289338553181061,0.239299250145753,0.29886055581209,0,0.203080183267593,0,0,0,0.19825659741958,0,0.255887042887417,0,0.201154241959254,0,0,0,0,0,0,0,0,0,0,0,0,0.314343890102383,0,0.218337744474411,0,0,0,0.188884583790047,0,0.307813062910156,0.321092441678047,0.211557632455459,0,0.238077839913959,0.351229071617126,0
0.293493539094925,0,0.179107052308542,0,0.172230274736426,0,0.158806292907051,0,0.163049747546514,0,0.16718911008073,0,0,0,0,0,0.232746521383524,0.23215109535626,0.258333731398863,0,0.156718183609046,0,0,0,0,0,0,0,0,0,0,0,0,0,0.43186043202877,0,0.144316669255835,0,0.177525193176486,0.223520860075951,0.190048800194508,0.193842366337776,0.252838281488203,0,0.374119848012924,0,0.204501368572791,0.306795828044415,0.301420891726459,0,0.179472361882049,0,0.164712083435828,0,0.179059252142906,0,0.21324473307855,0,0,0,0,0,0,0,0,0,0,0,0,0,0,0,0,0.337012380928449,0,0,0,0.250473111867905,0,0.208312711654334,0.242470473051071,0.321780854457596,0.218045284386192,0,0.229881246178107,0,0.296047319968541
0.273036807775497,0,0,0,0,0,0,0,0,0.151721899708112,0,0,0,0,0,0.149899959564209,0.121002550647049,0.147630419032777,0.214500000843635,0,0,0.182485948873703,0.175175963536553,0.175354855755965,0,0.162481427192688,0,0.21422597548223,0,0,0,0,0,0.365746662897222,0.345289591285918,0,0,0.293442185611889,0.167078345268965,0,0,0.294301757216454,0,0,0,0,0.203976526856422,0.333654305897653,0,0.256726667472216,0,0,0,0,0,0,0,0,0,0,0,0.131907537579536,0,0,0,0.183896939041185,0.204657259035385,0,0.186534217425755,0,0.208186744325436,0,0,0,0,0.328554183244705,0.314545542001724,0.328061625361443,0,0,0.2520289407619,0.179144947027618,0.171370036731553,0.200923793656485,0.315426128380226,0.186314672231674,0
0,0,0,0,0,0,0,0,0,0,0,0,0,0,0,0,0.0895874295383692,0,0,0,0,0.152680307955207,0.179850231239452,0,0.218312713727355,0,0.24338361620903,0,0.181748916997629,0,0,0,0,0,0,0,0,0.192684471607208,0.27389939033892,0,0,0,0,0,0,0,0,0,0.245633203363688,0,0,0,0,0,0,0,0,0,0,0,0,0,0,0,0.183896939041185,0,0,0.190596601137748,0,0.161128709713618,0,0.168391719736435,0,0,0,0,0,0,0,0,0.354670912027359,0.309510028813858,0.168780103380096,0.202014342666819,0.249236275752385,0,0
0,0.180328313112259,0,0,0,0,0,0,0,0.182856967672706,0,0,0,0,0,0.174232766032219,0.123573123166958,0.153291871083663,0.209180943667889,0,0,0.2329588669997,0.129529729485512,0.180196678137961,0,0,0,0,0,0,0,0,0,0,0,0,0,0.183682913058682,0,0,0,0.172927618026733,0,0,0,0,0,0,0,0.215456405208131,0,0,0,0,0,0.191693355441093,0,0.158978513341684,0,0,0,0.18036322243381,0,0,0.204657259035385,0,0,0,0.182581185322741,0,0.159658347509166,0,0,0,0,0,0,0,0,0,0.187777694449367,0,0.174822569203873,0,0.25398773916306,0,0
0,0,0,0,0,0,0,0,0.190231144428253,0,0,0,0,0,0,0,0,0,0,0,0,0,0.172878749370575,0,0.198816337921087,0,0.207218927996499,0,0,0,0,0,0,0,0,0,0,0,0.162886832202748,0,0,0,0,0,0,0,0,0,0.258793387562037,0,0,0,0,0,0.175307750701904,0,0,0,0,0,0,0,0,0,0,0.190596601137748,0,0,0,0,0,0,0,0,0,0,0,0,0,0,0,0.166220795310719,0.144049096107483,0,0.199429353585049,0,0
0,0,0,0,0,0,0,0,0,0.154020657142003,0,0,0,0,0,0.166144927910396,0.126229307190938,0.145697885956767,0.212229279002973,0,0,0.162191803567111,0.123739193838376,0.151541291371636,0.118657983839512,0.170064626938917,0,0.174936370717155,0,0,0,0,0,0,0,0,0,0,0,0,0,0.178769394755363,0.168112248182297,0,0,0,0,0,0,0,0,0,0,0,0,0,0,0,0,0,0,0,0,0,0.186534217425755,0,0.182581185322741,0,0,0,0.176211697714669,0,0,0,0,0,0,0,0.224534790962934,0.216541565954685,0.263471633195877,0.190850377082825,0.153764433571787,0.130934610962868,0.226326689124107,0,0
0,0,0,0,0,0,0,0,0,0,0,0,0.156139589846134,0,0.144188590347767,0,0.148364836970965,0,0,0,0,0,0,0,0.170180569589138,0,0.188878972326614,0,0.17774136565827,0,0,0,0,0,0,0,0,0,0,0,0,0,0,0,0,0,0,0,0.18405219634374,0,0,0,0,0,0,0,0,0,0,0,0.153856155262994,0,0,0,0,0.161128709713618,0,0,0,0,0,0.180213767290115,0,0,0,0,0,0,0,0,0,0,0.174648492173715,0,0,0,0
0,0,0,0,0,0,0,0,0,0,0,0.183510651022701,0,0.176570001507052,0,0,0,0,0,0,0,0.230564037815751,0,0,0,0.125602513551712,0,0.215557943698783,0,0.203528422973827,0,0,0,0,0,0,0,0.179809461347759,0,0,0,0,0,0,0,0,0,0,0.379268229007721,0.196723789786229,0,0,0,0,0,0.162735790014267,0,0.183819280842603,0,0.161475092022862,0,0.161455154418945,0,0,0.208186744325436,0,0.159658347509166,0,0.176211697714669,0,0,0,0.203686366158147,0,0,0,0.324717462062836,0,0,0,0.20741068923776,0,0.209783049090651,0.215938044028192,0.168695543300022,0,0
0,0,0,0,0,0,0,0,0,0,0,0,0.178205342794007,0,0.180488831053178,0,0,0,0,0,0,0,0.18930288393106,0,0,0,0.165604225762429,0,0.196022985704846,0,0,0,0,0,0,0,0,0,0.174902856349945,0,0,0,0,0,0,0,0,0,0.181133818147438,0,0,0,0,0,0,0,0,0,0.181614850732413,0,0.18721437950929,0,0,0,0,0.168391719736435,0,0,0,0.180213767290115,0,0,0,0.22831196586291,0,0,0,0,0,0,0,0.186111755669117,0.168971790249149,0.224550008773804,0,0,0
