0,0,0.175936943980762,0,0,0,0,0,0.244745384519318,0,0,0,0,0,0,0,0,0,0.124124702920607,0,0,0,0,0,0,0,0,0,0,0,0,0,0,0,0,0,0,0,0.229294002056122,0,0,0,0,0,0,0,0,0,0.188760330989247,0,0,0,0,0,0.197602795195703,0,0,0,0,0,0,0,0,0,0,0,0,0,0,0,0,0,0,0,0,0,0,0,0,0,0,0.228350184857845,0.182777725772259,0,0.138449386656284,0,0
0,0,0,0.233200108471476,0,0,0,0,0,0.214429274295854,0,0,0,0,0,0.140580133431488,0,0,0,0,0,0,0,0.275897838175297,0,0,0,0,0,0,0,0,0,0,0,0,0,0,0,0,0,0.19372002477363,0,0,0,0,0,0,0,0.210110126121329,0,0,0,0,0,0.237713117204337,0,0,0,0,0,0.169052148407156,0,0,0,0,0.20082763582468,0,0,0,0,0,0.30275521799922,0,0,0,0,0,0,0,0,0,0.179188420453205,0,0.200528877977617,0.170932656887806,0
0.175936943980762,0,0,0,0,0,0,0,0.223162036389112,0,0,0,0,0,0,0,0,0.282095909118652,0.125847335418929,0,0,0,0,0,0,0,0,0,0,0,0,0,0,0,0.31075541973114,0,0.268995434045792,0,0,0,0.274925696499207,0.244752109050751,0.278532592505217,0,0,0,0.185183413947622,0.295077507312481,0.151087818569259,0.282614429409687,0,0,0,0,0,0,0,0,0,0,0,0,0,0.168915232868059,0,0,0,0,0,0,0,0,0,0.266536774113774,0,0,0,0.291359692811966,0,0.293895870447159,0,0.289434242248535,0.178637777523297,0,0.196540747420723,0,0.24740943312645
0,0.233200108471476,0,0,0,0,0,0,0,0.176691597748187,0,0,0,0,0,0.13061809468837,0.284873336553574,0.3002018481493,0.248940888792276,0.296821147203445,0,0,0,0,0,0,0,0,0,0,0,0.312222525477409,0,0.321608781814575,0,0.285069270059466,0,0.275466233491898,0,0.299218080192804,0,0.28911296526591,0,0.297999948263168,0,0.165166400786903,0,0.311190321560829,0,0.301250538811451,0,0,0,0,0,0.206878302128691,0,0.235083719997695,0,0,0,0.136794112622738,0.232752973834674,0,0,0,0,0,0,0,0,0,0.300757823833104,0,0,0,0,0,0.284165961475208,0.323689043521881,0.304227824012438,0,0.209437955820232,0,0.182587175439092,0,0
0,0,0,0,0,0,0,0,0,0,0,0,0,0,0,0,0,0,0,0,0,0,0,0,0,0,0,0,0,0,0,0,0,0,0,0,0,0,0,0,0,0,0,0,0,0,0,0,0,0,0.239365092810803,0,0,0,0,0,0,0,0,0,0,0,0,0,0,0,0,0,0,0,0,0,0,0,0,0,0,0,0,0,0,0,0.21732831585641,0,0,0,0
0,0,0,0,0,0,0,0.257272979593836,0,0.171250015497208,0,0.290989756584167,0,0,0,0,0,0,0.273051202297211,0.176416207849979,0,0,0,0,0,0,0,0,0,0,0,0.281016689538956,0,0.334828591346741,0,0.274299025535583,0,0,0,0.294917887358954,0,0.303393645506156,0,0,0,0.251910972900278,0,0.311736746877432,0,0.296541105860319,0,0.137678099175294,0,0.224791064858437,0,0,0,0.275543471177419,0,0,0,0,0.252561082442602,0,0,0,0,0,0,0,0,0,0.305914670228958,0,0,0,0.358071476221085,0,0.275127857029438,0,0.28066386282444,0,0.217156926362679,0,0.256997838851653,0.265086382627487,0
0,0,0,0,0,0,0,0,0,0,0.161445631632503,0,0,0,0,0,0,0,0,0,0,0,0,0,0,0,0,0,0,0,0,0,0,0,0,0,0,0,0,0,0,0,0,0,0,0,0,0,0,0,0,0,0.181043840944767,0,0,0,0,0,0,0,0,0,0,0,0,0,0,0,0,0,0,0,0,0,0,0,0,0,0,0,0,0,0.231973871588707,0,0,0,0
0,0,0,0,0,0.257272979593836,0,0,0,0,0,0.259000717817495,0,0,0,0,0,0,0,0,0,0,0,0,0,0,0,0,0,0,0,0,0,0,0,0,0,0,0,0,0,0,0,0,0,0,0,0,0,0,0,0,0,0.268915847564737,0,0,0,0.260467432100664,0,0,0,0,0,0,0,0,0,0,0,0,0,0,0,0,0,0,0,0,0,0,0,0,0.24807249657313,0,0,0,0
0.244745384519318,0,0.223162036389112,0,0,0,0,0,0,0.157311880367774,0,0,0,0,0.153608195483685,0.151260202893844,0.171502474411279,0.158254751485483,0.175135123889801,0,0,0.149287208914757,0.15254308283329,0.134408384561539,0.226819758117199,0.147282765461848,0.173436770836512,0,0,0,0,0,0,0,0,0,0,0,0.266874699665825,0,0,0.173894554376602,0.204762637615204,0,0,0,0,0,0.189462155103683,0.221600502729416,0.155465568726261,0,0,0,0.228213103846734,0.155790363748868,0,0,0,0,0,0.149272405438953,0,0,0.146239563822746,0.177217438817024,0.145300894975662,0,0.146933481097221,0.163167762756348,0,0,0.25791198015213,0,0,0,0,0,0.273342827955882,0.298386859893799,0.331472843885422,0.270268556870976,0.173857037402735,0.196473345160484,0.197364244896632,0,0.238299891352654
0,0.214429274295854,0,0.176691597748187,0,0.171250015497208,0,0,0.157311880367774,0,0,0,0,0,0.160521119832993,0.192093105779754,0.171029280980154,0.219184208504693,0.206624912080962,0,0,0.157744893431664,0.139336057007313,0.17705781883504,0.159329372644424,0.171559773109577,0.155941331386566,0,0,0,0,0,0,0,0,0,0,0.290968942430501,0,0.275075515111287,0.28034108877182,0.26175828715762,0.201511550694704,0.332465469837189,0.216985806822777,0,0,0,0.273530185222626,0.203742816680815,0,0,0,0,0.148322060704231,0.172876037733547,0,0.294061809778214,0,0,0.151456385850906,0.192908180611474,0.291035056114197,0.262189358472824,0.14961750805378,0.155466020107269,0.176995721356622,0,0.19324711561203,0.154975627859434,0,0,0,0.270894125103951,0,0,0,0,0.310508363880217,0.312249112874269,0.283343511097359,0.307743179798126,0.190845583326632,0.155306002923421,0.311031570745773,0.178071922980822,0.190349280834198
0,0,0,0,0,0,0.161445631632503,0,0,0,0,0,0.176479137369565,0,0,0,0,0,0,0,0.196619524364203,0,0,0,0,0,0,0,0,0,0,0,0,0,0,0,0.2010403471749,0,0.173616851598286,0,0,0,0,0,0,0,0,0,0,0,0,0,0,0,0,0,0.208387810564521,0,0.156514346599579,0,0,0,0,0.124402247369289,0,0,0,0,0,0,0,0,0,0,0,0,0,0,0,0,0,0.158575587644336,0.224297768487705,0,0,0,0
0,0,0,0,0,0.290989756584167,0,0.259000717817495,0,0,0,0,0,0.157082926481962,0,0,0,0,0,0.141776798499955,0,0,0,0,0,0,0,0,0,0.265446350664504,0,0,0,0,0,0.185073864470789,0,0.253163001668479,0,0,0,0.274601519107819,0,0,0,0.373217821121216,0,0,0,0,0,0,0,0.250019490718842,0,0,0,0.256147417898314,0,0.158440165221691,0,0,0.296215738413982,0,0,0,0,0,0,0,0.350040584802628,0,0.297805205377609,0,0,0,0,0,0.253283441066742,0,0.303648022424643,0,0.176439019361722,0.154683452099562,0.22873567789793,0,0
0,0,0,0,0,0,0,0,0,0,0.176479137369565,0,0,0,0,0,0,0,0,0,0,0,0,0,0,0,0,0,0,0,0,0,0,0,0,0,0,0,0,0,0,0,0,0,0,0,0,0,0,0,0,0,0,0,0,0,0.226590917624058,0,0,0,0,0,0,0,0,0,0,0,0,0,0,0,0,0,0,0,0,0,0,0,0,0,0.185731217265129,0,0,0,0
0,0,0,0,0,0,0,0,0,0,0,0.157082926481962,0,0,0,0,0,0.122930334260066,0,0,0,0,0,0,0,0,0,0,0,0,0,0,0,0,0,0,0,0,0,0,0,0,0,0,0,0,0,0,0,0,0,0,0,0,0,0,0,0.154533863067627,0,0.167546852491796,0,0,0,0,0,0,0,0,0,0,0,0,0,0,0,0,0,0,0,0,0,0,0.255048700504833,0,0,0,0
0,0,0,0,0,0,0,0,0.153608195483685,0.160521119832993,0,0,0,0,0,0.145901128649712,0.145604254740169,0.139429842011403,0.193982731018748,0,0,0.145060439904531,0.141465976213415,0,0,0.125786349177361,0.162035471200943,0,0,0,0,0,0,0,0,0,0,0,0,0,0.234378591179848,0,0.212556511163712,0,0,0,0,0,0,0,0,0,0,0,0,0.144633062183857,0,0,0,0,0,0.144177040085196,0,0,0,0.132178294161956,0,0,0,0.140336781740189,0,0,0,0,0,0,0,0,0.23176483809948,0,0,0,0.145164901052009,0,0,0,0
0,0.140580133431488,0,0.13061809468837,0,0,0,0,0.151260202893844,0.192093105779754,0,0,0,0,0.145901128649712,0,0.150190672154228,0.161141253102059,0.180547459257974,0,0,0.14171414077282,0.15187081694603,0,0,0.173151792190707,0.153490170836449,0.126652721315622,0,0,0,0,0,0,0,0,0,0,0,0,0,0,0.16760165989399,0.22337181866169,0,0,0,0,0,0.139173531904817,0,0,0,0,0,0.149784329171116,0,0,0,0.157649055123329,0.154822677373886,0.168355374074564,0,0,0.146673366427422,0.144681230187416,0,0,0.173055353760719,0.135721251368523,0,0,0,0,0,0,0,0,0.265474714338779,0.224858209490776,0.22625558078289,0,0.154151962112601,0,0.223675489425659,0,0
0,0,0,0.284873336553574,0,0,0,0,0.171502474411279,0.171029280980154,0,0,0,0,0.145604254740169,0.150190672154228,0,0.189578781051705,0.30422179556701,0,0,0.149076787005995,0.125566872154332,0.169651438566771,0.156880723742338,0.139284985760848,0.142162030966549,0,0,0,0,0,0,0.300630688667297,0.357172399759293,0.333407659828663,0.342722874879837,0,0,0.308713865448844,0.309672374841121,0.268180366715736,0.286098751332429,0.274787802994251,0.287967371754348,0.279038762052854,0.259566098451614,0.285806089639664,0.314000586955211,0.295261231251061,0,0,0,0,0.156503004106608,0.162546188549863,0,0.283688879013062,0,0,0.129621281599005,0.142470553202528,0.306671157479286,0.30802549597095,0.133591597278913,0.141759377192048,0.1734559237957,0,0.150600709992906,0.131680383098862,0,0,0.313400065197664,0.328944639081047,0,0,0,0.311565324664116,0.331074852752322,0.350024861477553,0.333784558985493,0.372045576802552,0.187406800299703,0.118422902458244,0.313049360510692,0.253555551955574,0.288409166386194
0,0,0.282095909118652,0.3002018481493,0,0,0,0,0.158254751485483,0.219184208504693,0,0,0,0.122930334260066,0.139429842011403,0.161141253102059,0.189578781051705,0,0.293766816619526,0,0,0.131353439181853,0.135298241782619,0.166253883852048,0.170906258746982,0.152709368783379,0.137016208027489,0.133126782342082,0,0,0,0,0,0,0.305310070514679,0.357090808012906,0,0.404282162586848,0,0.314087934114716,0.290435605143246,0.279942054685723,0.265014992686369,0.352454638045825,0.262803735477584,0.291471297542254,0,0.299199858473407,0.293500237632543,0.318955307018082,0,0,0,0,0.162867334026557,0.165517694322315,0.287134736776352,0.318096197313733,0,0,0.146064773201942,0.163235468225381,0.314506232738495,0.279762633144855,0.134224953129888,0.190446791549524,0.157593549787998,0,0.156125442737395,0.139405888039619,0,0,0.346418025663921,0.300229560051646,0,0,0,0.207554072141647,0.343335156639417,0.332965168658467,0.360604123105394,0.341761483300117,0.184845345670198,0.185160200884674,0.311346089663474,0.290563710388683,0.269064959796036
0.124124702920607,0,0.125847335418929,0.248940888792276,0,0.273051202297211,0,0,0.175135123889801,0.206624912080962,0,0,0,0,0.193982731018748,0.180547459257974,0.30422179556701,0.293766816619526,0,0,0,0.217454080398266,0.226192238430182,0.237383037805557,0.225145315130552,0.221885392069817,0.210577845573425,0,0,0.390290999412537,0,0,0,0,0.340956511596839,0.387011304229575,0.365635752677917,0.403378260135651,0,0.312001067513632,0.336478230735259,0.27502332407601,0.269715058493239,0.460073533055221,0.367400773880978,0.286171134674188,0.368764096498489,0.275686544556062,0.317479224938792,0.332234896253794,0,0,0,0,0.218438386917114,0.194044718784945,0.304762199521065,0.315183959644416,0,0,0,0.180801032111049,0.322781203741051,0.311458058825886,0.191870719194412,0.209565594792366,0,0,0.194836723804474,0.211609497666359,0.283983528614044,0,0.371480629296231,0.360674106748775,0.280638545751572,0,0,0.321255458394686,0.376789464467982,0.387414981103104,0.396259908927447,0.404559604801393,0.215128700753985,0.410426363348961,0.316274991594255,0.266519787705551,0.265509617849002
0,0,0,0.296821147203445,0,0.176416207849979,0,0,0,0,0,0.141776798499955,0,0,0,0,0,0,0,0,0,0,0,0,0,0,0,0,0,0.314009178512104,0,0,0,0,0,0.249504293642897,0,0.300139083023644,0,0.288661226630211,0,0.283413831144571,0,0,0,0.335932857715167,0,0,0,0,0,0,0,0,0,0,0,0.299831125586428,0,0,0,0,0.296687847849672,0,0,0,0,0,0,0,0.343538572390874,0,0.351087830960751,0,0,0,0,0,0.275049531818333,0,0.347314617134604,0,0.135202867476116,0,0.208699109298842,0,0
0,0,0,0,0,0,0,0,0,0,0.196619524364203,0,0,0,0,0,0,0,0,0,0,0,0,0,0,0,0,0,0,0,0,0,0,0,0,0,0.158491959194999,0,0.162575440274345,0,0,0,0,0,0,0,0,0,0,0,0,0,0,0,0,0,0,0,0,0,0,0,0,0.15669953597025,0,0,0,0,0,0,0,0,0,0.275415810025655,0,0,0,0,0,0.155528633304956,0,0.299217572579017,0.162852510995006,0,0.28212496638298,0,0
0,0,0,0,0,0,0,0,0.149287208914757,0.157744893431664,0,0,0,0,0.145060439904531,0.14171414077282,0.149076787005995,0.131353439181853,0.217454080398266,0,0,0,0.165913056050028,0.25490237848881,0,0.140742555260658,0.131046757102013,0,0,0,0,0,0,0,0,0,0,0.189387284426226,0.152684414386749,0,0,0.226520031690598,0,0,0,0,0,0,0,0.255567721493498,0,0,0,0,0,0.148265719413757,0,0,0,0,0,0.14215949177742,0,0,0.22443296927043,0.213142711955767,0.258846742485812,0,0.210134675726295,0.143662802875042,0.260571240379316,0,0,0,0,0,0,0,0,0.235954612493515,0.177430805873196,0,0.141880084817507,0,0.307492733001709,0,0
0,0,0,0,0,0,0,0,0.15254308283329,0.139336057007313,0,0,0,0,0.141465976213415,0.15187081694603,0.125566872154332,0.135298241782619,0.226192238430182,0,0,0.165913056050028,0,0,0.318989272015649,0.131710425019264,0.129100360852831,0,0,0,0,0,0,0,0.33572054180232,0,0,0,0.269427754387232,0,0,0.154462993144989,0.275810658931732,0,0,0,0,0,0.310029129463213,0,0,0,0,0,0,0.133251249790192,0,0,0,0,0,0.141189679503441,0,0,0.116804257035255,0.249808308789265,0,0.300612128928475,0,0.132314709573984,0,0.286850549280643,0,0,0,0,0,0.324561762809753,0.259007304906845,0,0,0.290772947062757,0.214279731023491,0,0,0,0
0,0.275897838175297,0,0,0,0,0,0,0.134408384561539,0.17705781883504,0,0,0,0,0,0,0.169651438566771,0.166253883852048,0.237383037805557,0,0,0.25490237848881,0,0,0,0,0,0,0,0,0,0,0,0,0,0,0,0.254246698976054,0,0,0,0,0,0,0,0,0,0,0,0.312863539546302,0,0,0,0,0,0.162516017594645,0,0,0,0,0,0.158425375819206,0,0,0.2448297649406,0,0.196809273405173,0,0.217383053372888,0,0.263817082794886,0,0,0,0,0,0,0,0,0,0.216019540315583,0,0.151673827734258,0,0.237166984084373,0,0
0,0,0,0,0,0,0,0,0.226819758117199,0.159329372644424,0,0,0,0,0,0,0.156880723742338,0.170906258746982,0.225145315130552,0,0,0,0.318989272015649,0,0,0,0,0,0,0,0,0,0,0,0,0,0,0,0.232310396363939,0,0,0,0,0,0,0,0,0,0.234817405343056,0,0,0,0,0,0,0.161461383104324,0.285696268081665,0,0,0,0,0,0,0,0,0.307939544320107,0,0.154236192090644,0,0,0,0.284591401616732,0,0,0,0,0,0,0,0,0,0.251918569258753,0.166342481242535,0,0.163897415002187,0,0
0,0,0,0,0,0,0,0,0.147282765461848,0.171559773109577,0,0,0,0,0.125786349177361,0.173151792190707,0.139284985760848,0.152709368783379,0.221885392069817,0,0,0.140742555260658,0.131710425019264,0,0,0,0.132018521428108,0.216411639385077,0,0,0,0,0,0,0,0,0,0,0,0,0,0,0,0,0,0,0,0,0.181472584605217,0,0,0,0,0,0,0.162425689399242,0,0,0,0,0,0.160227388068281,0,0,0,0,0,0,0.149955118624937,0.137211978435516,0.203206136822701,0,0,0,0,0,0,0,0,0,0,0,0.153724840147241,0,0,0,0
0,0,0,0,0,0,0,0,0.173436770836512,0.155941331386566,0,0,0,0,0.162035471200943,0.153490170836449,0.142162030966549,0.137016208027489,0.210577845573425,0,0,0.131046757102013,0.129100360852831,0,0,0.132018521428108,0,0,0,0,0,0,0,0,0,0,0,0,0,0,0,0,0,0,0,0,0,0,0,0,0,0,0,0,0,0.147471830248833,0,0,0,0,0,0,0,0,0,0.110173918306828,0,0,0,0.123823501169682,0,0,0,0,0,0,0,0,0,0,0,0,0.137760944750117,0,0,0,0
0,0,0,0,0,0,0,0,0,0,0,0,0,0,0,0.126652721315622,0,0.133126782342082,0,0,0,0,0,0,0,0.216411639385077,0,0,0,0.156575880944729,0,0,0,0,0,0,0,0.132896799966693,0,0,0,0,0,0,0,0,0,0,0,0,0,0,0,0,0,0,0,0.357811914549934,0,0,0,0,0.342364400625229,0,0.237697678577641,0,0,0,0.213148352003,0,0.222717517863339,0,0.353843182325363,0,0,0,0,0,0,0,0.242931836843491,0,0.140519585933177,0,0,0,0
0,0,0,0,0,0,0,0,0,0,0,0,0,0,0,0,0,0,0,0,0,0,0,0,0,0,0,0,0,0,0,0,0,0,0,0,0,0,0,0,0,0,0,0,0,0,0,0,0,0,0,0,0,0,0,0,0,0,0,0,0,0,0,0,0,0,0,0,0,0,0,0.221308802586917,0,0,0,0,0,0,0,0,0,0,0,0,0,0,0
0,0,0,0,0,0,0,0,0,0,0,0.265446350664504,0,0,0,0,0,0,0.390290999412537,0.314009178512104,0,0,0,0,0,0,0,0.156575880944729,0,0,0,0,0,0,0,0,0,0.316697580389735,0,0.369372829794884,0,0.445881620049477,0,0.520090609788895,0,0.36206759346856,0,0,0,0.345751732587814,0,0,0,0,0,0,0,0.297183466388991,0,0,0,0,0.359832541289063,0,0,0,0,0,0,0,0.255668898423513,0,0.274717404893259,0,0,0,0,0,0.290868837725032,0,0.361490297692131,0,0.197978342417628,0,0.401917442679405,0.445538401603699,0
0,0,0,0,0,0,0,0,0,0,0,0,0,0,0,0,0,0,0,0,0,0,0,0,0,0,0,0,0,0,0,0,0,0,0,0,0,0,0,0,0,0,0,0,0,0,0,0,0,0,0,0,0,0,0,0,0,0,0,0,0,0,0,0,0,0,0,0,0,0,0,0,0,0.239997824159382,0,0,0,0,0,0,0,0.252301244863442,0,0,0,0,0
0,0,0,0.312222525477409,0,0.281016689538956,0,0,0,0,0,0,0,0,0,0,0,0,0,0,0,0,0,0,0,0,0,0,0,0,0,0,0.27189952505233,0.435610497472122,0.310660887509584,0.255179962691139,0.185836375185422,0,0,0.287872262299061,0,0.367207086086273,0,0,0,0.292383488486795,0,0.551568015551692,0,0.315024966320383,0,0,0,0,0,0,0,0,0,0,0,0,0.302083473652601,0,0,0,0,0,0,0,0,0,0,0,0.444342054684876,0.407067115024592,0.448468547991731,0.309414255193302,0.449927109651252,0,0,0,0.20416413753471,0,0.364599455549167,0,0
0,0,0,0,0,0,0,0,0,0,0,0,0,0,0,0,0,0,0,0,0,0,0,0,0,0,0,0,0,0,0,0.27189952505233,0,0.177958637475967,0.233642308396588,0.143432735612518,0.194389013307435,0,0,0,0,0,0.283330507300518,0,0,0,0.311415857076645,0.501132546211111,0.296592393890023,0,0,0,0,0,0,0,0.297403156757355,0,0,0,0,0,0,0.317613527178764,0,0,0,0,0,0,0,0,0,0,0.30421640472559,0.507501636727781,0,0.479471480410273,0.419738162308931,0.319373052514775,0,0.285684680938721,0.423531284252572,0,0.272049180590189,0,0
0,0,0,0.321608781814575,0,0.334828591346741,0,0,0,0,0,0,0,0,0,0,0.300630688667297,0,0,0,0,0,0,0,0,0,0,0,0,0,0,0.435610497472122,0.177958637475967,0,0.416482866297247,0.267327649670619,0,0.208175248320562,0.40018293261528,0.332257800632053,0,0.364069443388084,0.432573437690735,0,0,0.346850280250822,0,0.501087283189052,0.471357080582026,0.420486924124927,0,0,0,0,0,0,0,0.361258655786514,0,0,0,0,0.338135144289802,0,0.349760144948959,0,0,0,0,0,0,0,0.355352461338043,0,0.48105857891195,0.655611783266068,0.413116624976835,0.567779889340894,0.474108396277647,0,0.385652085404058,0,0.235260542226202,0,0.419065221470205,0,0
0,0,0.31075541973114,0,0,0,0,0,0,0,0,0,0,0,0,0,0.357172399759293,0.305310070514679,0.340956511596839,0,0,0,0.33572054180232,0,0,0,0,0,0,0,0,0.310660887509584,0.233642308396588,0.416482866297247,0,0.234999438126882,0.330272635277361,0.236159720067871,0.272644758835094,0,0.329557531683341,0.277606606483459,0.308166611400373,0,0,0,0.314153774696238,0.51216380191724,0.379685779930187,0.421439194365552,0,0,0,0,0,0,0.312764026224613,0,0,0,0,0,0,0.33230310296401,0,0.314600986242294,0,0,0,0,0,0,0,0.302362891343924,0.362228255380284,0.277022813673358,0.392274151018778,0.453769028121314,0.489306513522122,0.334451994453006,0.165565986008871,0.402073582659356,0.336277431847255,0.162902727723122,0.331864616233442,0,0.286131258521761
0,0,0,0.285069270059466,0,0.274299025535583,0,0,0,0,0,0.185073864470789,0,0,0,0,0.333407659828663,0.357090808012906,0.387011304229575,0.249504293642897,0,0,0,0,0,0,0,0,0,0,0,0.255179962691139,0.143432735612518,0.267327649670619,0.234999438126882,0,0.191532224416733,0.236285574356442,0,0.317242730481952,0.288817048072815,0.302139329697405,0.32281681895256,0.381073232529298,0,0.297573286133843,0,0.334145878968031,0,0.370756721451934,0,0,0,0,0,0,0,0.302701668606864,0,0,0,0,0.289292816162109,0,0,0,0,0,0,0,0,0,0.334158345063527,0.319669634103775,0.240911776297971,0,0.207187772828402,0,0.255532097602213,0.191728431731462,0.2371121778784,0.331696346402168,0.203069618044494,0.192871924331807,0.337531461540995,0.352195868889491,0
0,0,0.268995434045792,0,0,0,0,0,0,0,0.2010403471749,0,0,0,0,0,0.342722874879837,0,0.365635752677917,0,0.158491959194999,0,0,0,0,0,0,0,0,0,0,0.185836375185422,0.194389013307435,0,0.330272635277361,0.191532224416733,0,0,0.214183172007427,0,0.28995455801487,0,0.323940717444128,0,0,0,0.201475138034103,0.302213884169056,0.290813107043505,0.324148029088974,0,0,0,0,0,0.30403271317482,0.27542445063591,0,0,0,0,0,0,0.175115566489831,0,0,0,0,0,0,0,0,0,0.310763068497181,0.182470822085937,0.143251481155554,0,0.279807283216053,0,0.272898813322819,0,0.248766369073843,0.21471180246936,0.227373534440994,0.280599378820123,0,0.344843089580536
0,0,0,0.275466233491898,0,0,0,0,0,0.290968942430501,0,0.253163001668479,0,0,0,0,0,0.404282162586848,0.403378260135651,0.300139083023644,0,0.189387284426226,0,0.254246698976054,0,0,0,0.132896799966693,0,0.316697580389735,0,0,0,0.208175248320562,0.236159720067871,0.236285574356442,0,0,0.197175730516513,0.320641919970512,0,0.245540932576228,0,0.473251473903656,0,0.395985764761766,0,0.426425629854202,0,0.420530549399385,0,0,0,0,0,0.292838988480745,0,0.318384764110384,0,0,0,0,0.361700917044318,0,0.18054072457281,0,0.166520296037197,0,0,0,0.137111474449436,0,0.317009557859372,0,0,0,0.221638899058738,0.243664304415385,0.22535596559666,0,0.226723466027065,0.271112561225891,0.187533099574652,0.140624140656371,0.272443359665987,0,0
0.229294002056122,0,0,0,0,0,0,0,0.266874699665825,0,0.173616851598286,0,0,0,0,0,0,0,0,0,0.162575440274345,0.152684414386749,0.269427754387232,0,0.232310396363939,0,0,0,0,0,0,0,0,0.40018293261528,0.272644758835094,0,0.214183172007427,0.197175730516513,0,0,0,0,0.24632941686759,0,0,0,0,0.460593956078103,0.293861700882527,0.384676963090897,0,0,0,0,0.312965008353002,0,0.236899999430381,0,0,0,0,0,0,0.172759781032801,0,0.347478005820126,0,0.237235708534718,0,0.306530132889748,0,0.303904480243151,0,0.345345705747604,0,0,0,0.255748236620868,0,0.282757689726764,0.160172703365485,0.266736057922364,0.213578977735643,0.141618418837747,0.256138747755219,0,0.218632576721055
0,0,0,0.299218080192804,0,0.294917887358954,0,0,0,0.275075515111287,0,0,0,0,0,0,0.308713865448844,0.314087934114716,0.312001067513632,0.288661226630211,0,0,0,0,0,0,0,0,0,0.369372829794884,0,0.287872262299061,0,0.332257800632053,0,0.317242730481952,0,0.320641919970512,0,0,0.304905377328396,0.308728657558907,0.282875671982765,0.325560623451191,0,0.252114981012729,0,0.287039889989397,0.353844881057739,0.304000128929323,0,0,0,0,0,0,0,0.311379737203771,0,0,0,0,0.303670080456623,0.322650551795959,0,0,0,0,0,0,0,0,0.329248270938094,0,0.158843781460415,0,0,0,0.294035697931122,0.339578807353973,0.319147327604393,0.336184829473495,0.317480064168268,0.314548388123512,0.31354199317032,0.321001839179259,0.31171640753746
0,0,0.274925696499207,0,0,0,0,0,0,0.28034108877182,0,0,0,0,0.234378591179848,0,0.309672374841121,0.290435605143246,0.336478230735259,0,0,0,0,0,0,0,0,0,0,0,0,0,0,0,0.329557531683341,0.288817048072815,0.28995455801487,0,0,0.304905377328396,0,0.272907876051389,0.282791048558911,0.297073036432266,0.374418323238691,0.292715489864349,0.267050075346954,0.306273855826201,0.334412274540456,0.284917439023654,0,0,0,0,0,0,0.24986061666693,0,0,0,0,0,0.327182859182358,0.289642360466104,0,0,0,0,0,0,0,0,0,0.322122222930193,0,0,0,0.326821348694868,0.330189297596614,0.279986085080301,0.326452549014773,0.337976325618282,0.294588762378463,0.233903393149376,0.314040733115362,0.286393314599991,0.313276284063856
0,0.19372002477363,0.244752109050751,0.28911296526591,0,0.303393645506156,0,0,0.173894554376602,0.26175828715762,0,0.274601519107819,0,0,0,0,0.268180366715736,0.279942054685723,0.27502332407601,0.283413831144571,0,0.226520031690598,0.154462993144989,0,0,0,0,0,0,0.445881620049477,0,0.367207086086273,0,0.364069443388084,0.277606606483459,0.302139329697405,0,0.245540932576228,0,0.308728657558907,0.272907876051389,0,0.214846919732265,0.244341532126168,0.264192745089531,0.342294718068356,0.341009050607681,0.299703635143883,0.291357985801167,0.252525216830641,0,0,0,0,0,0.229945139921441,0,0.325351749186392,0,0,0,0.215305387973785,0.37918624766678,0.290666684508324,0.309559404850006,0.224659785628319,0,0,0,0,0.326076197624207,0,0.345622087813085,0.300286933779716,0.255350381135941,0,0.396707175506486,0,0.311680954633065,0.324091671542688,0.356477587548096,0.346807443282821,0.25665856274102,0.221957486122847,0.273976212198405,0.241652466956491,0.241497569140934
0,0,0.278532592505217,0,0,0,0,0,0.204762637615204,0.201511550694704,0,0,0,0,0.212556511163712,0.16760165989399,0.286098751332429,0.265014992686369,0.269715058493239,0,0,0,0.275810658931732,0,0,0,0,0,0,0,0,0,0.283330507300518,0.432573437690735,0.308166611400373,0.32281681895256,0.323940717444128,0,0.24632941686759,0.282875671982765,0.282791048558911,0.214846919732265,0,0.246318571269512,0.328660047480038,0.297884374856949,0.314731302667646,0.258585128573508,0.281720349397123,0.312752652694197,0,0,0,0,0,0,0.314500705191964,0.269665151834488,0,0,0,0,0,0.310730693816164,0,0,0,0,0,0,0,0.338634647428989,0.32056001573801,0.362379486002028,0,0,0,0.299114491601112,0.307414880853433,0.344568741975698,0.323722939317425,0.416448144562418,0.24458271647031,0.193923451472074,0.33948133484869,0.22668165564537,0.267087013259157
0,0,0,0.297999948263168,0,0,0,0,0,0.332465469837189,0,0,0,0,0,0.22337181866169,0.274787802994251,0.352454638045825,0.460073533055221,0,0,0,0,0,0,0,0,0,0,0.520090609788895,0,0,0,0,0,0.381073232529298,0,0.473251473903656,0,0.325560623451191,0.297073036432266,0.244341532126168,0.246318571269512,0,0,0.372576458113534,0,0.297029518655368,0,0.302433312767082,0,0,0,0,0,0,0,0.420358560302041,0,0,0,0,0.407139844619311,0,0,0,0,0,0,0,0,0,0.484750340382258,0,0,0,0,0.319220364093781,0.365312562195967,0.316615675886472,0.528188115977056,0,0.278724066913128,0.414004504680634,0.346778982866135,0.29186524823308,0
0,0,0,0,0,0,0,0,0,0.216985806822777,0,0,0,0,0,0,0.287967371754348,0.262803735477584,0.367400773880978,0,0,0,0,0,0,0,0,0,0,0,0,0,0,0,0,0,0,0,0,0,0.374418323238691,0.264192745089531,0.328660047480038,0,0,0,0,0,0.416273087263107,0.35678842663765,0,0,0,0,0,0,0,0,0,0,0,0,0,0,0,0,0,0,0,0,0,0,0,0.418292732799754,0,0,0,0,0.364774018526077,0.489193185919621,0,0.512975204607536,0.26131946220994,0,0.326151227030684,0,0.313669383525848
0,0,0,0.165166400786903,0,0.251910972900278,0,0,0,0,0,0.373217821121216,0,0,0,0,0.279038762052854,0.291471297542254,0.286171134674188,0.335932857715167,0,0,0,0,0,0,0,0,0,0.36206759346856,0,0.292383488486795,0,0.346850280250822,0,0.297573286133843,0,0.395985764761766,0,0.252114981012729,0.292715489864349,0.342294718068356,0.297884374856949,0.372576458113534,0,0,0,0.31223125068041,0,0.290558382384963,0,0,0,0,0,0,0,0.342692419735308,0,0,0,0,0.289510358821594,0,0,0,0,0,0,0,0.343651001652082,0,0.385734475951279,0,0,0,0.34553787112236,0,0.254435902903944,0.279779344797134,0.43662634203237,0,0.355881394997035,0,0.277692430508063,0.336169660942895,0
0,0,0.185183413947622,0,0,0,0,0,0,0,0,0,0,0,0,0,0.259566098451614,0,0.368764096498489,0,0,0,0,0,0,0,0,0,0,0,0,0,0.311415857076645,0,0.314153774696238,0,0.201475138034103,0,0,0,0.267050075346954,0.341009050607681,0.314731302667646,0,0,0,0,0.30478678707306,0.303400962717003,0.293805901951428,0,0,0,0,0,0,0.34141693264246,0,0,0,0,0,0.360527098178864,0.300530405470442,0,0,0,0,0,0,0,0,0,0.301668722051031,0,0,0,0.299540185679992,0,0.250990730939909,0,0.356708210375574,0.346995416207839,0,0.298477421928926,0,0.304634794592857
0,0,0.295077507312481,0.311190321560829,0,0.311736746877432,0,0,0,0,0,0,0,0,0,0,0.285806089639664,0.299199858473407,0.275686544556062,0,0,0,0,0,0,0,0,0,0,0,0,0.551568015551692,0.501132546211111,0.501087283189052,0.51216380191724,0.334145878968031,0.302213884169056,0.426425629854202,0.460593956078103,0.287039889989397,0.306273855826201,0.299703635143883,0.258585128573508,0.297029518655368,0,0.31223125068041,0.30478678707306,0,0.364431862383034,0.437956617125231,0,0,0,0,0,0,0.288116479558604,0.329055255857007,0,0,0,0,0.325380774974823,0.329066514352272,0.346964135766029,0,0,0,0,0,0,0,0.328584445439852,0.29376361775212,0.608770538130353,0.496911265843684,0.718221015169684,0.48758479529739,0.35566868418894,0.312432948331625,0.542253066309214,0.332656821337613,0.343940683938343,0,0.325969322604692,0.351035803556442,0.260173771977425
0.188760330989247,0,0.151087818569259,0,0,0,0,0,0.189462155103683,0.273530185222626,0,0,0,0,0,0,0.314000586955211,0.293500237632543,0.317479224938792,0,0,0,0.310029129463213,0,0.234817405343056,0.181472584605217,0,0,0,0,0,0,0.296592393890023,0.471357080582026,0.379685779930187,0,0.290813107043505,0,0.293861700882527,0.353844881057739,0.334412274540456,0.291357985801167,0.281720349397123,0,0.416273087263107,0,0.303400962717003,0.364431862383034,0,0.358861635354432,0,0,0,0,0,0,0.320494964204986,0.307577550411224,0,0,0,0,0,0.318120561242104,0,0.302164329717002,0,0.17319089780142,0,0.30474694465336,0,0.334789782289033,0.329351514577866,0.366446575616606,0,0.533384285867214,0.364207008055278,0.396460316186089,0.310459071397781,0.304344285089662,0.339127245876524,0.332393385418209,0.291303599165528,0,0.342408502054913,0.267239737013976,0.312597670877902
0,0.210110126121329,0.282614429409687,0.301250538811451,0,0.296541105860319,0,0,0.221600502729416,0.203742816680815,0,0,0,0,0,0.139173531904817,0.295261231251061,0.318955307018082,0.332234896253794,0,0,0.255567721493498,0,0.312863539546302,0,0,0,0,0,0.345751732587814,0,0.315024966320383,0,0.420486924124927,0.421439194365552,0.370756721451934,0.324148029088974,0.420530549399385,0.384676963090897,0.304000128929323,0.284917439023654,0.252525216830641,0.312752652694197,0.302433312767082,0.35678842663765,0.290558382384963,0.293805901951428,0.437956617125231,0.358861635354432,0,0,0,0,0,0,0.222769462636539,0.309618351134387,0.272559298274966,0,0.214795870440347,0,0.198329548041026,0.349725955206415,0.333592442151542,0.27604981900101,0,0.327326724215782,0,0.334703245333263,0,0.253437578554367,0,0.324862305582924,0.29555981606245,0.540157288312912,0,0.36625079535521,0.431188639667299,0.340322877940289,0.309776000678539,0.382546686748507,0.321412936804142,0.296038815182262,0.23486602306366,0.318245632965797,0.214966984608999,0.316651970148087
0,0,0,0,0.239365092810803,0,0,0,0.155465568726261,0,0,0,0,0,0,0,0,0,0,0,0,0,0,0,0,0,0,0,0,0,0,0,0,0,0,0,0,0,0,0,0,0,0,0,0,0,0,0,0,0,0,0,0,0,0,0,0,0,0,0,0,0,0,0.147098317742348,0,0,0,0,0,0,0,0,0,0,0,0,0,0,0,0,0,0,0.236406824218908,0,0,0,0
0,0,0,0,0,0.137678099175294,0,0,0,0,0,0,0,0,0,0,0,0,0,0,0,0,0,0,0,0,0,0,0,0,0,0,0,0,0,0,0,0,0,0,0,0,0,0,0,0,0,0,0,0,0,0,0,0,0,0,0,0,0,0,0,0,0.318088799715042,0,0,0,0,0,0,0,0,0,0,0,0,0,0,0,0,0,0,0,0,0,0,0,0
0,0,0,0,0,0,0.181043840944767,0,0,0,0,0,0,0,0,0,0,0,0,0,0,0,0,0,0,0,0,0,0,0,0,0,0,0,0,0,0,0,0,0,0,0,0,0,0,0,0,0,0,0,0,0,0,0,0,0,0,0,0,0,0,0,0,0,0,0,0,0,0,0,0,0,0,0,0,0,0,0,0,0,0,0,0,0,0,0,0
0,0,0,0,0,0.224791064858437,0,0.268915847564737,0,0,0,0.250019490718842,0,0,0,0,0,0,0,0,0,0,0,0,0,0,0,0,0,0,0,0,0,0,0,0,0,0,0,0,0,0,0,0,0,0,0,0,0,0,0,0,0,0,0,0,0,0.253312730363437,0,0,0,0,0,0,0,0,0,0,0,0,0,0,0,0,0,0,0,0,0,0,0,0,0,0,0,0,0
0.197602795195703,0,0,0,0,0,0,0,0.228213103846734,0.148322060704231,0,0,0,0,0,0,0.156503004106608,0.162867334026557,0.218438386917114,0,0,0,0,0,0,0,0,0,0,0,0,0,0,0,0,0,0,0,0.312965008353002,0,0,0,0,0,0,0,0,0,0,0,0,0,0,0,0,0.150073632597923,0,0,0,0,0,0,0,0,0,0,0,0,0,0,0,0,0,0,0,0,0,0,0,0,0,0.264431873401006,0.164155827835202,0,0,0,0
0,0.237713117204337,0,0.206878302128691,0,0,0,0,0.155790363748868,0.172876037733547,0,0,0,0,0.144633062183857,0.149784329171116,0.162546188549863,0.165517694322315,0.194044718784945,0,0,0.148265719413757,0.133251249790192,0.162516017594645,0.161461383104324,0.162425689399242,0.147471830248833,0,0,0,0,0,0,0,0,0,0.30403271317482,0.292838988480745,0,0,0,0.229945139921441,0,0,0,0,0,0,0,0.222769462636539,0,0,0,0,0.150073632597923,0,0,0,0,0,0,0.166398065430777,0,0,0,0,0.173137828707695,0,0,0.146929010748863,0,0,0,0,0,0,0,0,0,0,0.297753181308508,0,0.152472179446902,0,0.274501862625281,0,0.229086592793465
0,0,0,0,0,0,0,0,0,0,0.208387810564521,0,0.226590917624058,0,0,0,0,0.287134736776352,0.304762199521065,0,0,0,0,0,0.285696268081665,0,0,0,0,0,0,0,0.297403156757355,0,0.312764026224613,0,0.27542445063591,0,0.236899999430381,0,0.24986061666693,0,0.314500705191964,0,0,0,0.34141693264246,0.288116479558604,0.320494964204986,0.309618351134387,0,0,0,0,0,0,0,0,0.210921335678834,0,0,0,0,0.292835248999133,0,0,0,0,0,0.29868338505427,0,0.303900639983111,0,0.25328990125779,0,0,0,0.307920147975286,0,0.278945896153649,0,0.253302898919471,0.209932266881591,0,0.29202911931618,0,0.326229304075241
0,0,0,0.235083719997695,0,0.275543471177419,0,0.260467432100664,0,0.294061809778214,0,0.256147417898314,0,0.154533863067627,0,0,0.283688879013062,0.318096197313733,0.315183959644416,0.299831125586428,0,0,0,0,0,0,0,0.357811914549934,0,0.297183466388991,0,0,0,0.361258655786514,0,0.302701668606864,0,0.318384764110384,0,0.311379737203771,0,0.325351749186392,0.269665151834488,0.420358560302041,0,0.342692419735308,0,0.329055255857007,0.307577550411224,0.272559298274966,0,0,0,0.253312730363437,0,0,0,0,0,0.202800230383873,0,0,0.323233130801883,0,0,0,0,0,0,0,0.367119505739341,0,0.347871709774884,0.320972621440887,0,0,0.381892591714859,0,0.295397329762692,0.316280037164688,0.347289073890255,0.325490285952886,0.336452325688133,0,0.294767584636378,0.351995211463791,0
0,0,0,0,0,0,0,0,0,0,0.156514346599579,0,0,0,0,0,0,0,0,0,0,0,0,0,0,0,0,0,0,0,0,0,0,0,0,0,0,0,0,0,0,0,0,0,0,0,0,0,0,0,0,0,0,0,0,0,0.210921335678834,0,0,0,0.118278637528419,0,0,0,0,0,0,0,0,0,0,0,0,0,0,0,0,0,0,0,0,0,0,0,0,0,0
0,0,0,0,0,0,0,0,0,0,0,0.158440165221691,0,0.167546852491796,0,0.157649055123329,0,0,0,0,0,0,0,0,0,0,0,0,0,0,0,0,0,0,0,0,0,0,0,0,0,0,0,0,0,0,0,0,0,0.214795870440347,0,0,0,0,0,0,0,0.202800230383873,0,0,0,0,0,0,0,0,0,0,0.247890970110893,0,0.252787740852522,0,0,0,0,0,0,0,0,0,0,0,0,0,0,0,0
0,0,0,0,0,0,0,0,0,0.151456385850906,0,0,0,0,0,0.154822677373886,0.129621281599005,0.146064773201942,0,0,0,0,0,0,0,0,0,0,0,0,0,0,0,0,0,0,0,0,0,0,0,0,0,0,0,0,0,0,0,0,0,0,0,0,0,0,0,0,0.118278637528419,0,0,0,0,0,0,0,0,0,0,0,0,0,0,0,0,0,0,0,0,0,0,0,0.139352265000343,0,0,0,0
0,0.169052148407156,0,0.136794112622738,0,0,0,0,0.149272405438953,0.192908180611474,0,0,0,0,0.144177040085196,0.168355374074564,0.142470553202528,0.163235468225381,0.180801032111049,0,0,0.14215949177742,0.141189679503441,0.158425375819206,0,0.160227388068281,0,0,0,0,0,0,0,0,0,0,0,0,0,0,0,0.215305387973785,0,0,0,0,0,0,0,0.198329548041026,0,0,0,0,0,0.166398065430777,0,0,0,0,0,0,0,0,0,0,0,0,0.164490229252613,0.145286232233047,0,0,0,0,0,0,0,0,0,0.243353605270386,0,0.244923681020737,0.164272769030772,0,0.201121181249619,0,0
0,0,0,0.232752973834674,0,0.252561082442602,0,0,0,0.291035056114197,0,0.296215738413982,0,0,0,0,0.306671157479286,0.314506232738495,0.322781203741051,0.296687847849672,0,0,0,0,0,0,0,0.342364400625229,0,0.359832541289063,0,0.302083473652601,0,0.338135144289802,0,0.289292816162109,0,0.361700917044318,0,0.303670080456623,0.327182859182358,0.37918624766678,0,0.407139844619311,0,0.289510358821594,0.360527098178864,0.325380774974823,0,0.349725955206415,0,0.318088799715042,0,0,0,0,0,0.323233130801883,0,0,0,0,0,0,0,0,0,0,0,0,0.347014052172502,0,0.381384963206381,0,0.201621487736702,0,0.356503132730722,0,0.289363160580671,0,0.406034607192841,0.349240481853485,0.285471347526888,0.327341705560684,0.325477012499445,0.372870643224035,0
0,0,0.168915232868059,0,0,0,0,0,0,0.262189358472824,0.124402247369289,0,0,0,0,0,0.30802549597095,0.279762633144855,0.311458058825886,0,0.15669953597025,0,0,0,0,0,0,0,0,0,0,0,0.317613527178764,0,0.33230310296401,0,0.175115566489831,0,0.172759781032801,0.322650551795959,0.289642360466104,0.290666684508324,0.310730693816164,0,0,0,0.300530405470442,0.329066514352272,0.318120561242104,0.333592442151542,0.147098317742348,0,0,0,0,0,0.292835248999133,0,0,0,0,0,0,0,0,0,0,0,0,0,0,0,0.329920887947083,0.284919726561215,0,0,0,0.329399925656617,0.303616240620613,0.283208312326581,0.31424668431282,0.327425189330662,0.264717738548614,0.27684623003006,0.28284561607852,0,0.328536320477724
0,0,0,0,0,0,0,0,0.146239563822746,0.14961750805378,0,0,0,0,0,0.146673366427422,0.133591597278913,0.134224953129888,0.191870719194412,0,0,0.22443296927043,0.116804257035255,0.2448297649406,0,0,0,0.237697678577641,0,0,0,0,0,0.349760144948959,0,0,0,0.18054072457281,0,0,0,0.309559404850006,0,0,0,0,0,0.346964135766029,0,0.27604981900101,0,0,0,0,0,0,0,0,0,0,0,0,0,0,0,0,0.290346289884317,0,0.32640990946028,0,0.290056737211461,0,0,0,0,0,0,0,0,0,0.26445612439033,0,0.103495884426804,0,0.298771982081234,0,0
0,0,0,0,0,0,0,0,0.177217438817024,0.155466020107269,0,0,0,0,0.132178294161956,0.144681230187416,0.141759377192048,0.190446791549524,0.209565594792366,0,0,0.213142711955767,0.249808308789265,0,0.307939544320107,0,0.110173918306828,0,0,0,0,0,0,0,0.314600986242294,0,0,0,0.347478005820126,0,0,0.224659785628319,0,0,0,0,0,0,0.302164329717002,0,0,0,0,0,0,0,0,0,0,0,0,0,0,0,0,0,0,0.262061382346314,0,0.228378758315117,0,0.286739213599099,0,0,0,0,0,0,0,0,0,0.303196116747035,0.201660362889572,0,0,0,0
0,0.20082763582468,0,0,0,0,0,0,0.145300894975662,0.176995721356622,0,0,0,0,0,0,0.1734559237957,0.157593549787998,0,0,0,0.258846742485812,0,0.196809273405173,0,0,0,0,0,0,0,0,0,0,0,0,0,0.166520296037197,0,0,0,0,0,0,0,0,0,0,0,0.327326724215782,0,0,0,0,0,0.173137828707695,0,0,0,0,0,0,0,0,0.290346289884317,0,0,0,0.265613498803753,0,0.336115721471115,0,0,0,0,0,0,0,0,0,0.281392241517703,0,0.116985643282533,0,0.210495176897395,0,0
0,0,0,0,0,0,0,0,0,0,0,0,0,0,0,0,0,0,0,0,0,0,0.300612128928475,0,0.154236192090644,0,0,0,0,0,0,0,0,0,0,0,0,0,0.237235708534718,0,0,0,0,0,0,0,0,0,0.17319089780142,0,0,0,0,0,0,0,0,0,0,0,0,0,0,0,0,0.262061382346314,0,0,0,0,0,0.310272574424744,0,0,0,0,0,0,0,0,0,0.236901981756091,0.245074599981308,0,0.17259918153286,0,0
0,0,0,0,0,0,0,0,0.146933481097221,0.19324711561203,0,0,0,0,0,0.173055353760719,0.150600709992906,0.156125442737395,0.194836723804474,0,0,0.210134675726295,0,0.217383053372888,0,0.149955118624937,0,0.213148352003,0,0,0,0,0,0,0,0,0,0,0,0,0,0,0,0,0,0,0,0,0,0.334703245333263,0,0,0,0,0,0,0,0,0,0.247890970110893,0,0.164490229252613,0,0,0.32640990946028,0,0.265613498803753,0,0,0,0.341500795735703,0,0,0,0,0,0,0,0,0.260226279497147,0,0,0.158710823817687,0,0,0,0
0,0,0,0,0,0,0,0,0.163167762756348,0.154975627859434,0,0,0,0,0.140336781740189,0.135721251368523,0.131680383098862,0.139405888039619,0.211609497666359,0,0,0.143662802875042,0.132314709573984,0,0,0.137211978435516,0.123823501169682,0,0,0,0,0,0,0,0,0,0,0,0.306530132889748,0,0,0,0,0,0,0,0,0,0.30474694465336,0,0,0,0,0,0,0.146929010748863,0.29868338505427,0,0,0,0,0.145286232233047,0,0,0,0.228378758315117,0,0,0,0,0,0.304943390295539,0,0,0,0,0,0,0,0,0,0.284744113683701,0.140533714793449,0,0,0,0
0,0,0,0,0,0,0,0,0,0,0,0.350040584802628,0,0,0,0,0,0,0.283983528614044,0.343538572390874,0,0.260571240379316,0,0.263817082794886,0,0.203206136822701,0,0.222717517863339,0,0.255668898423513,0,0,0,0,0,0,0,0.137111474449436,0,0,0,0.326076197624207,0,0,0,0.343651001652082,0,0,0,0.253437578554367,0,0,0,0,0,0,0,0.367119505739341,0,0.252787740852522,0,0,0.347014052172502,0,0.290056737211461,0,0.336115721471115,0,0.341500795735703,0,0,0,0.364761167965784,0,0,0,0,0,0.32115184267362,0,0.263796810933026,0,0.265610722204049,0,0.222213689486186,0,0
0,0,0,0,0,0,0,0,0,0,0,0,0,0,0,0,0,0,0,0,0,0,0.286850549280643,0,0.284591401616732,0,0,0,0.221308802586917,0,0,0,0,0,0,0,0,0,0.303904480243151,0,0,0,0.338634647428989,0,0,0,0,0,0.334789782289033,0,0,0,0,0,0,0,0.303900639983111,0,0,0,0,0,0,0,0,0.286739213599099,0,0.310272574424744,0,0.304943390295539,0,0,0,0.308502907440311,0,0,0,0,0,0,0,0.272716013921632,0,0,0.354235023260117,0,0
0,0.30275521799922,0,0.300757823833104,0,0.305914670228958,0,0,0.25791198015213,0,0,0.297805205377609,0,0,0,0,0.313400065197664,0.346418025663921,0.371480629296231,0.351087830960751,0,0,0,0,0,0,0,0.353843182325363,0,0.274717404893259,0,0,0,0.355352461338043,0,0.334158345063527,0,0.317009557859372,0,0.329248270938094,0,0.345622087813085,0.32056001573801,0.484750340382258,0,0.385734475951279,0,0.328584445439852,0.329351514577866,0.324862305582924,0,0,0,0,0,0,0,0.347871709774884,0,0,0,0,0.381384963206381,0.329920887947083,0,0,0,0,0,0,0.364761167965784,0,0,0,0,0,0.311167282717569,0,0.305682004489041,0.353437311947346,0.329089120350957,0.368061621983846,0.362910214468745,0,0.345973660713223,0.391171315110024,0
0,0,0.266536774113774,0,0,0,0,0,0,0.270894125103951,0,0,0,0,0,0,0.328944639081047,0.300229560051646,0.360674106748775,0,0.275415810025655,0,0,0,0,0,0,0,0,0,0.239997824159382,0,0,0,0.302362891343924,0.319669634103775,0.310763068497181,0,0.345345705747604,0,0.322122222930193,0.300286933779716,0.362379486002028,0,0.418292732799754,0,0.301668722051031,0.29376361775212,0.366446575616606,0.29555981606245,0,0,0,0,0,0,0.25328990125779,0.320972621440887,0,0,0,0,0,0.284919726561215,0,0,0,0,0,0,0,0.308502907440311,0,0,0,0,0,0.304698474705219,0.397028893232346,0.275099831363376,0.347782564163208,0.385909920590398,0.34095303947106,0,0.340670674629637,0.291094951331615,0.368187069892883
0,0,0,0,0,0,0,0,0,0,0,0,0,0,0,0,0,0,0.280638545751572,0,0,0,0,0,0,0,0,0,0,0,0,0.444342054684876,0.30421640472559,0.48105857891195,0.362228255380284,0.240911776297971,0.182470822085937,0,0,0.158843781460415,0,0.255350381135941,0,0,0,0,0,0.608770538130353,0,0.540157288312912,0,0,0,0,0,0,0,0,0,0,0,0,0.201621487736702,0,0,0,0,0,0,0,0,0,0,0,0,0.435442581296846,0.433880996611929,0.29068648815155,0.443895766381413,0,0,0,0.519039806380546,0,0,0,0
