0,0,0.0453420359649923,0,0.000500654681007468,0,0,0,0.0252417742570867,0,0,0,0,0,0,0,0,0,0,0,0,0,0,0,0,0,0,0,0,0,0,0,0,0,0,0,0,0,0,0,0,0,0.000726772791022028,0,0,0,0,0,0.011568177015173,0,0,0,0,0,0.0669739495816081,0,0,0,0.00041437642148663,0,0.00877270968792474,0,0,0,0,0,0,0,0,0,0,0,0,0,0,0,0,0,0,0,0,0,0.000473575099001395,0,0.00457776316355257,0,0
0,0,0,0.0113335613643112,0,0,0,0,0,0.0420346902042375,0,0,0,0,0,0.00947610651715988,3.38676678506396e-06,4.7802189211887e-06,0.000747330721555322,0,0,0,0,0.00018831872318025,0,0,0,0,0,0,0,0,0,0,0,8.04656848748015e-06,0,0,0,0,2.58325078131981e-05,0.000471561268342584,1.3912525652105e-05,4.81484712108867e-05,0,0,0,0,0,0.0248009368233514,0,0,0,0,0,0.0231224824684846,0,2.04452012630221e-05,0,0,0,0.00780914170107479,0,0,0,0,0.000331409636539396,0,4.37025057538351e-05,0,2.05367723704857e-05,0,0.000260584566377439,0,0,2.37377512058285e-05,0,0,5.53645927831669e-05,0,5.38753773913546e-05,0,0.000163794948259506,0,0.0104147939831766,0,0
0.0453420359649923,0,0,0,0.0119597530478575,0,0,0,0.0249716652531683,0,0.00113603290181149,0,0,0,0,0,0,0,0.000267664876452034,3.26972112706721e-05,0.00377432624499503,0,0,0,0,0,0,0,0,0,0.000274997469678651,0,0,0,0,7.49944775343064e-06,7.78172435812881e-05,0,3.19051917687242e-06,3.72359872752512e-05,0.00104090339010278,6.27338070374758e-05,0.0131191606688005,0,9.41428210233936e-05,0.00026084247733223,0.000234874001775378,0.000328623137725096,0.00392430994548605,0.00239426182931283,0.00630235671665695,0,0,0,0.0886659213571936,0,0.0025053079267576,0,5.25930375386021e-05,0,0,0,0,0.00152421034100872,0,2.2161681475164e-05,0,0,0,0,0,8.21315151567923e-05,0,0.000374303229189925,0,4.62135620177808e-05,0,0,6.62847596352324e-06,0.000115433779433501,9.31330188221508e-06,3.3485390318932e-05,0.00098086245837241,2.04642754547523e-06,0.00476202577501459,0,0.0148082368060001
0,0.0113335613643112,0,0,0,0,0,0,0,0.000332867799593098,0,0,0,0,0,0,0,0,0.000218563681103662,6.99233393249895e-05,0,0,0,0.00031246487267301,0,0,0,0,0,0,0,0,0,0,0,6.58767551424693e-05,0,3.12654182323536e-06,0,7.69114236692713e-05,0,0.00619302407652783,0,0,0,0.000346914604900545,0,0,0,0.0167205497787762,0,0,0,0,0,0,0,0.000350171187770441,0,2.04997453083292e-05,0,0.000466868421649538,0,0,0,0,0,0,0,0,6.37710883416319e-05,0,0.00435540589084844,0,0,0,0,0,0.000182660981775008,0,0.000266060280685553,0,0.000201726826933111,0,0.003360999788363,0.00365040640251336,0
0.000500654681007468,0,0.0119597530478575,0,0,0,0.00246726442361359,0,0.0283718628634088,0,0.000221631948687187,0,0,0,0,0,0,0,5.99741749065556e-05,0,0.00121932323360873,0,0,0,0,0,0,0,0,0,0.000329523955658112,0,0,0,0,0,0.000334004492192273,0,0,0.000232016334183585,0.000424404191788577,8.10684088817815e-05,0.000402138711592251,0,0,0.000713599417694027,0.000438504860326145,0.000140526798904904,0.000113455666070734,0.00212013004942683,0.0510105622674812,0,0.0052851514114549,0,0.00412649641592273,0,0.000737242729449592,0.00013514003648029,0.0043243672899353,0,0.000125905805177129,0.000209566654000772,0,0.00414172442544847,0,1.48635978493661e-05,0,0,0,0,0,0,0,0.000137067296228019,0,0.000257153314570782,0,0,1.04146660744326e-05,0.000420688495366121,2.12603296631055e-05,0,0.00350745068525908,8.42300722213533e-05,0.00519703834606319,0,0.000127359255685383
0,0,0,0,0,0,0,0,0,0,0,3.40462304870134e-05,0,0,0,0,0,0,0,0.00280356596607902,0,0,0,0,0,0,0,0,0,0,0,0,0,0,0,9.39059300055426e-05,0,0,0,0,0,0,0,0,0,0,0,0,0,0,0,0.00560211113347996,0,0,0,0,0,0.000377234756498326,0,0.000268537453340277,0,0.00229668015679954,0.00422403282372354,0,0,0,0,0,0,0,0,0,0,0,0,0,0,0,7.12356365953937e-05,0,0,0,0.000106876574480231,0,0.000381243090929753,0,0
0,0,0,0,0.00246726442361359,0,0,0,0,0,0.008083461378228,0,0,0,0,0,0,0,0,0,0.00510137905006388,0,0,0,0,0,0,0,0,0,0,0,0,0,0,0,0,0,0,0,0,0,0,0,0,0,0,0,0,0,0.00194804055554651,0,0.0254028775103055,0,0,0,0.00489590582717156,0,0.00172415007617025,0,0,0,0,0.00251794019498638,0,0,0,0,0,0,0,0,0,0,0,0,0,0,0,0,0,0,0.00127934154665349,0,7.52813623893739e-05,0,0
0,0,0,0,0,0,0,0,0,0,0,0,0,0,0,0,0,0,0,0,0,0,0,0,0,0,0,0,0,0,0,0,0,0,0,0,0,0,0,0,0,0,0,0,0,0,0,0,0,0,0,0,0,0.000371172282029875,0,0,0,0,0,0,0,0,0,0,0,0,0,0,0,0,0,0,0,0,0,0,0,0,0,0,0,0,2.44386583290179e-05,0,0,0,0
0.0252417742570867,0,0.0249716652531683,0,0.0283718628634088,0,0,0,0,0,0,0,0,0,0.0204120301485786,0,0.0141129598783613,0.000855848875524108,0.00133034211228729,0,0.000125793038237502,0,0.001210421990129,0,0.0684734068249332,0,0.0227469868792848,0,3.09535671123445e-05,0,0,0,0,0,0,0,0,0,1.19627821825179e-05,0,0,0,0.00994916276038482,0,0,1.84302609148423e-05,0,0,0.00175416663949017,0,0.00384732206932212,0,0,0,0.0824506540940228,0,6.84563881488019e-05,1.79925485670077e-05,0.00145415688756276,0,0.0113917114739443,0,0,6.09429641739373e-05,0,0.000915812701683625,0,0.0264846819803311,0,0.00761434158144781,0,1.29558925743089e-05,0,1.96537879970924e-05,0,0,0,0,0,2.04171049656155e-05,0,9.48365132121052e-06,0.00753001542806911,0.000262358659118837,0.00408687413452937,0,0
0,0.0420346902042375,0,0.000332867799593098,0,0,0,0,0,0,0,0,0,0,0,0.00662085545346132,0,0,0,0,0,0,0,0.00103556353228451,0,0,0,0,0,0,0,0,0,0,0,0,0,0.000249102539000843,0,0,0,0.000100225403123264,0,0,0,0,0,0,0,0.000303896201812454,0,0,0,0,0,0.137613109613882,0,0.000101455460427364,0,3.02938230837008e-05,0,0.00998752408924514,1.14507377772759e-05,0,0,0,0.0283505687653243,0,0.00209876803954871,0,0,0,0,0,0,0,0,0,0,0,0.000532303236409823,0,0.000531103440222318,0,0.000937496607234804,0,0
0,0,0.00113603290181149,0,0.000221631948687187,0,0.008083461378228,0,0,0,0,0,0,0,0,0,9.28025775841405e-06,1.12346805892657e-05,0.00173086063711141,0,0.0168885148407129,0,2.23259544544431e-05,0,0,0,0,0,0.00146204168152211,0,0.00338042257918851,0,5.03566853412201e-05,0,0,8.17114875884694e-06,0.000995460028088124,0,0.00208558856114957,0,0.000784466744937296,2.2831652353587e-05,0.00357901765529508,0,0.000836910037619621,0.000220046402010947,0.00202649929485882,3.77982399121129e-05,9.3506237872386e-05,0.000269775030706959,0.000591568397603142,0,0.0114101447252198,0,0,0,0.067729769301767,4.47224083051736e-05,0.000888815919124584,0,0,0,0,0.00275658395308906,0,0.000238848151789789,0,1.31964921795743e-05,0,3.62433508778727e-05,0,0.00127743278108332,8.07786636273271e-05,0.00768698346046088,0,0.00104991526926448,0,0,1.4786223893628e-06,0.000988613505606819,9.66825372635698e-06,0.000530164013246657,0.00150543149452611,1.22595466927142e-05,0.00413572583444811,0,0.00373100350803242
0,0,0,0,0,3.40462304870134e-05,0,0,0,0,0,0,0,0.00208161837414301,0,0,0,0,0,0.00506224108298068,0,0,0,0,0,0,0,0,0,0.00347224734902678,0,0,0,0,0,5.61380395734941e-05,0,0.00156782463141055,0,0.00011801428318925,0,6.17033059847265e-05,0,0,0,0.000241725127241828,0,0,0,2.8566056575424e-05,0,2.97620577650811e-05,0,0,0,0,0,0.067167767989592,0,0.00454006014265033,0,0,0.00135711243454699,0,0,0,0,0,0,0,0.000307238945234547,0,0.0135247765549321,0,0,0,0,0,3.29608199190016e-05,0,0.00124134786916934,0,0.000305372820462963,0,0.00125361462890638,0,0
0,0,0,0,0,0,0,0,0,0,0,0,0,0,0.000574002526097756,0,0,0,0,0,0,0,0,0,0,0,0,0,0.00166285821266231,0,0,0,0,0,0,0,0,0,0,0,0,0,0,0,0,0,0,0,0,0,0.0037681983346606,0,0,0,0,0,0.000736410881820989,0,0.0457068761697156,0,0.000596874439798138,0,0,0,0,0,0,0,0,0,0,0,0,0,0,0,0,0,0,0,0,0,0.000234483123283408,0,0,0,0
0,0,0,0,0,0,0,0,0,0,0,0.00208161837414301,0,0,0,0.00428186172460463,0,0,0,0,0,0,0,0,0,0.000211358262701132,0,6.2468447097265e-05,0,0,0,0,0,0,0,6.17456559465985e-06,0,0,0,8.38968724223813e-05,0,0,0,0,0,0,0,0,0,0.00104876999154159,0,0,0,0.00135023177785685,0,0,0,0.000520848435801557,0,0.0250282315075061,0,0.000265699284233049,0.000292627820072605,0,0,0,0,0,0.000398801480996404,0,0.00488464303544375,0,0,0,0,0,0,0,0,0,0,0,0.000168327903982585,0,0.000171709655363062,0,0
0,0,0,0,0,0,0,0,0.0204120301485786,0,0,0,0.000574002526097756,0,0,0,0.0148740068646836,6.7923406636082e-05,0.0002177289183723,0,0,0,0.00129314825162576,0,0.0115106451519475,0,0.0730847141175135,0,0.00199829169679186,0,0,0,0,0,0,0,0,0,0,0,0,0,0,0,0,0,0,0,0,0,0.00113948806124913,0,0,0,0.00229483049826658,0,0,0,0.00487938373582258,0,0.0395464035124719,0,0,0,0,0.000544747000078244,0,0.000229359760108259,0,0.0321655816914581,0,0,0,0,0,0,0,0,0,0,0,0,0.00315320748198034,0.000593254595524651,0,0,0
0,0.00947610651715988,0,0,0,0,0,0,0,0.00662085545346132,0,0,0,0.00428186172460463,0,0,2.87175753489424e-06,0,6.90456586541216e-06,0,0,0,0,0.000204733671486259,0,0.000125971183088741,0,0.000796447712638978,0,0,0,0,0,0,0,1.95404294310976e-06,0,0,0,0.000191757665006558,0,0.000133907685188143,0,0,0,0.000402053111641292,0,0,0,0.00721356094367922,0,0.00141393648495905,0,0,0,0.0250621256929489,0,0.000865625377942601,0,0.0018730867133286,0,0.0575022585320546,5.97296874423508e-05,0,0,0,0.00177411571969198,0,0.0077305193804975,0,0.000212491496502328,0,0.000132712778989898,0,0,0,0,0,2.71629349443461e-06,0,0,0,0.000211275568515191,0,0.00128195549694869,0,0
0,3.38676678506396e-06,0,0,0,0,0,0,0.0141129598783613,0,9.28025775841405e-06,0,0,0,0.0148740068646836,2.87175753489424e-06,0,0.0744135331421262,0.0519879189867133,0.000113756819781281,5.95783144271827e-05,0.000239465421766653,0.0142705949652686,0,0.0274099898165985,3.12419552260887e-05,0.0409567352324355,0,0.00109538568271965,0,0,0,2.5234468533806e-05,0,0,0.000192004874029369,9.84970285482288e-05,0,0,2.82098195370914e-05,0.000726960056676775,0.000237679893596869,0.000229782894085089,6.92221032513523e-05,0,0.000129307552986569,0,0,0.000159640068834152,2.69045671383037e-06,0,0,0,0,7.92789250142348e-05,0,7.43795359742661e-05,0,0,0,0.00136490362953847,2.51419699668636e-06,0,1.33810868554259e-05,3.55016830610967e-05,0.0032997141019563,0,1.95905184688025e-05,0,0.00967920585890619,0,3.62103613922816e-05,3.40207508294113e-05,0,0,0.000244836928296981,0,0,0.000447858767935785,0.000531096744750959,0.000148371422077453,0,0.0362185842092122,0.00247096155291937,0.000350965752608232,1.11026205793961e-05,1.79256534274956e-05
0,4.7802189211887e-06,0,0,0,0,0,0,0.000855848875524108,0,1.12346805892657e-05,0,0,0,6.7923406636082e-05,0,0.0744135331421262,0,0.0364346815585829,0.000379532860791623,2.24113089048777e-05,0.00808552320085773,0.00165171455164231,0,0.00720485960989074,0.00779413461554433,0.000527334874279891,0,0,0,0,0,0.000159779960955821,0,0,0.00015389896706624,0.000174357589209163,0,0,1.38307166505155e-05,0.000795270511263863,0.000489339577445853,0.000131137599031877,7.04640834623411e-05,0,7.28620781572679e-05,3.47663395105888e-05,1.11901191047049e-05,5.63552906566134e-05,6.03999927356114e-06,0,0,0,0,0,0,8.53964633422822e-06,0,0,0,3.70195012380367e-05,0,0,7.37798166639128e-06,0.000773142297027352,8.94700226559108e-05,0,1.46112331568947e-05,0.000214545842551668,0.000326434910208625,0,0,2.71865542429808e-05,0,0,0.000283321208530883,0,0,0.000346196915489893,0.000607467873221488,9.12618907292318e-05,2.64928815176717e-06,0.0319920964764406,0.00331552439608608,0.000529031321501646,2.39591963775722e-05,7.20499201330133e-06
0,0.000747330721555322,0.000267664876452034,0.000218563681103662,5.99741749065556e-05,0,0,0,0.00133034211228729,0,0.00173086063711141,0,0,0,0.0002177289183723,6.90456586541216e-06,0.0519879189867133,0.0364346815585829,0,0.00631203923750843,0.003982281522531,1.98814057226779e-05,0.00063745809363697,0,0.00301337370664958,9.24422230661717e-06,0.000730918247303107,0,1.03927191222457e-05,0,0.000274347339524347,0,0.00116951847808717,0,0,0.0030781786308741,0.00289855470659806,0,1.27501434277633e-06,0.00141640874520124,0.0270315301658862,0.0222614984593709,0.0136303085668895,0.00693127756380646,4.27662438142015e-05,0.00646409678152483,0.000739962669394823,0.000386534065075807,0.0061654071509658,0.000668258482145281,0.000132634435038751,0,0,0,0,0,0.00161786393211365,0.000141274719788567,0,8.44004240855081e-06,6.11727643667632e-05,1.45905766274789e-05,0.0011157797054406,0.00210773808780595,0,0.000221054936815176,0,0,0,0.000273357703996825,7.80178804020333e-05,5.48592783702081e-05,0.00135509689282343,0.00015702774310456,0,0.00808994478988904,0,0,0.00832111243801716,0.0121969430538531,0.00290320719823781,9.79286925228384e-05,0.0102078814444464,4.30330276502271e-05,0.0211349514070864,0.00203214501706579,0.0038259045868743
0,0,3.26972112706721e-05,6.99233393249895e-05,0,0.00280356596607902,0,0,0,0,0,0.00506224108298068,0,0,0,0,0.000113756819781281,0.000379532860791623,0.00631203923750843,0,0,3.33544789691631e-05,0,0,0,0,0,0,0,0,0,0,1.68904892882751e-05,0,0,0.010472403863669,1.3276155775262e-06,0.00359055805397587,0,0.0122459947953885,0.000610651258937634,0.00457575876473142,1.06807870576989e-05,0.000430190251592138,0,0.0148721222480363,0,0,0.000215564868678025,0.000794915486005331,0,0.00176611489038496,0,0,0,0,0,0.0185821056316483,0,0.00130285173635256,0,0,0.138322002387392,0,5.15869221707712e-06,0,0,0,2.06039107133917e-05,0,0.00139089931837767,0,0.0221438841513677,0,0,0.000430374508512128,0,0,0.00403554189222882,5.38373768661101e-05,0.0103413061412252,0,0.00104788015190698,0,0.00459798456954216,0.000646528783398141,0
0,0,0.00377432624499503,0,0.00121932323360873,0,0.00510137905006388,0,0.000125793038237502,0,0.0168885148407129,0,0,0,0,0,5.95783144271827e-05,2.24113089048777e-05,0.003982281522531,0,0,0,2.77778309708408e-05,0,0,0,0,0,2.12896320273859e-05,0,0.00427799864438615,0,0.000118992485569823,0,4.23876312816798e-05,1.48874618445374e-05,0.00455868363895045,0,0.004031456665841,2.72788252115991e-05,0.00283861474121554,0.000187022728597628,0.015541531296314,0,0.00107913085054009,0.000735124629801446,0.0214040996227097,4.31128456095184e-05,0.000619125970950286,0.000518394713201908,0.00157798325771085,0,0.00680061560242318,0,0,0,0.0387533115515596,0,0,0,0,5.21923111921826e-05,0,0.0868733410559447,0,0.000429970135094079,0,4.36569288381281e-05,0,5.01416432111598e-05,0,0.0025489668059327,0,0.00902339693639528,0,0.00283953404749988,0,0,5.52910365304054e-05,0.0022389185471625,1.81479094002038e-06,0.00229525134469495,0.00242731005376523,3.03353229275937e-05,0.0116752046274087,0,0.016551655072027
0,0,0,0,0,0,0,0,0,0,0,0,0,0,0,0,0.000239465421766653,0.00808552320085773,1.98814057226779e-05,3.33544789691631e-05,0,0,0.0081270025809957,0.000836904035907653,1.14320998129613e-05,0.00189171246446977,0,0.00105536322753846,0,0,0,0,0,2.3139999543024e-05,0,1.67859618734847e-06,0,0.00615708332447875,0.000694090655084348,0,0,0.000181060847315196,0,0,0,2.26367587498926e-05,0,1.51259536907987e-05,0,0.00667947333522526,0,0,0,0,0,0,0,0.000521926459556478,0,0.000227493933266673,0,2.91030259828029e-05,0.000197468266313507,0,0.0708182683617403,0.00247312557284166,0.000619857070181193,0,0.00158438342499199,0,0.00176620410093293,0,0.00041833532015608,0,0,0,0.000125500262819908,0,0,3.41322206674015e-06,0.00310490781742243,0.000208115938561383,0.00692986557758322,0.00121169034302313,0.00010359056569358,9.66510371002512e-06,0
0,0,0,0,0,0,0,0,0.001210421990129,0,2.23259544544431e-05,0,0,0,0.00129314825162576,0,0.0142705949652686,0.00165171455164231,0.00063745809363697,0,2.77778309708408e-05,0.0081270025809957,0,0,0.00195358142013778,0,0.0199614487129933,0,0.00484234778973771,0,0,0,0,0,0,0,0,7.74305612412352e-05,0.00320045875404049,0,1.18345333687975e-05,0,0,0,0,0,0,0,0.000559128294522836,7.43611675850932e-06,0,0,0,0,0,0,0.000179009436603364,0,0,9.17153269383152e-06,0.000284827622717522,0,0,4.15939390579931e-05,0.000853707635691128,0.0779608117080063,0,8.27134376394862e-05,6.83388008176596e-06,0.00866948693209302,0,0.00386178318135401,0,0.000255364479233003,0,0,0,0,0,1.09244560851274e-06,9.90159353289695e-05,0.00291673479697753,0.00574550111373949,0.000924050965227884,4.72801205413246e-05,0,0
0,0.00018831872318025,0,0.00031246487267301,0,0,0,0,0,0.00103556353228451,0,0,0,0,0,0.000204733671486259,0,0,0,0,0,0.000836904035907653,0,0,0,0.0133460408866492,0,0,0,0,0,0,0,0,0,0,0,0.00433924979731171,0,0,0,6.46800185311264e-05,0,0,0,1.14091953906702e-05,0,0,0,0.000247017480776398,0,0,0,0,0,0.00527295551523053,0,0,0,9.12582320336493e-05,0,0.00335230833663509,0,0,0.00191314635945561,0,0.0761256422152142,0,0.00996974941681232,0,0,0,0,0,0,0,0,0,0,0,0.00332282245675573,0,0.000417217849689687,0,0.000637823897422367,0,0
0,0,0,0,0,0,0,0,0.0684734068249332,0,0,0,0,0,0.0115106451519475,0,0.0274099898165985,0.00720485960989074,0.00301337370664958,0,0,1.14320998129613e-05,0.00195358142013778,0,0,0,0.0450177187640679,0,6.48219672772787e-05,0,0,0,0,0,0,0,0,0,0.000420351738816823,0,0,0,0.000127222151527842,0,0,0,0,0,0.0113990840648592,0,0,0,0,0,0.00537076947498021,0,9.30825682262434e-05,0,0,0,0.000851098848534803,0,0,0,0,0.00172912375931629,0,0.0758214237206464,0,0.0290747131778493,0,0.000469844091454251,0,4.61984014238359e-05,0,0,0,0,2.01481180429099e-05,0,0,1.239880832179e-05,0.00452676692181907,5.67624507283736e-05,0.00152032196283889,0,2.78027889214286e-05
0,0,0,0,0,0,0,0,0,0,0,0,0,0.000211358262701132,0,0.000125971183088741,3.12419552260887e-05,0.00779413461554433,9.24422230661717e-06,0,0,0.00189171246446977,0,0.0133460408866492,0,0,0,0.000341240454900579,0,0,0,0,0,0,0,0,0,0,0,0,0,0,0,0,0,0,0,0,0,0.000490654348035752,0,0,0,0,0,0,0,0,0,0,0,0.000741023552362765,0,0,0.0029487095444372,0,0.0124499842571597,0,0.02392190527696,0,0.000364640088051858,0,0,0,0,0,0,0,0,0,0,0,0.000244686409781841,2.49102796531072e-05,0,0,0
0,0,0,0,0,0,0,0,0.0227469868792848,0,0,0,0,0,0.0730847141175135,0,0.0409567352324355,0.000527334874279891,0.000730918247303107,0,0,0,0.0199614487129933,0,0.0450177187640679,0,0,0,0.0133188046764325,0,0,0,0,0,0,0,7.33073084641664e-06,0,0,0,0,0,0,0,0,0,0,0,0,0,0,0,0,0,0,0,0,0,0,0,0.0176411380080964,0,0,0,0,0.019751473097635,0,0,0,0.22974027233389,0,0.00265414129989904,0,0,0,0,0,0,0,0,0,0,0.00618635518133755,0.000386955957761709,0,0,0
0,0,0,0,0,0,0,0,0,0,0,0,0,6.2468447097265e-05,0,0.000796447712638978,0,0,0,0,0,0.00105536322753846,0,0,0,0.000341240454900579,0,0,0,0.00117527996035422,0,0,0,0,0,0,0,0.000262700487070561,0,0,0,0,0,0,0,0,0,0,0,0,0,0,0,0,0,0,0,0,0,0,0,0,0,0,9.94190328297011e-05,0,0,0,0.000363016352161386,0,0.0206341798940502,0,0,0,0,0,0,0,0,0,0.00172481796291474,0,0.000167910271853433,0,0,0,0
0,0,0,0,0,0,0,0,3.09535671123445e-05,0,0.00146204168152211,0,0.00166285821266231,0,0.00199829169679186,0,0.00109538568271965,0,1.03927191222457e-05,0,2.12896320273859e-05,0,0.00484234778973771,0,6.48219672772787e-05,0,0.0133188046764325,0,0,0,0.00118589972526304,0,0,0,0,0,0,0,0.000538355484302238,0,0,0,1.303859854411e-05,0,0,0,0,0,0,0,2.36308552112006e-05,0,0,0,0,0,0.000469029502529629,0,0,0,0,0,0,7.30752059296446e-05,0,0.0030127593941891,0,0,0,0.00205022261619506,0,0.0581705695560503,0,0.0010499605565755,0,0,0,0,0,5.54253562641657e-06,0,0.000463063053231504,0.000909926448426663,0.000165852077318882,6.30070817625293e-05,0,0
0,0,0,0,0,0,0,0,0,0,0,0.00347224734902678,0,0,0,0,0,0,0,0,0,0,0,0,0,0,0,0.00117527996035422,0,0,0,0,0,0,0,0,0,0.00111046212261975,0,0,0,0,0,0,0,0,0,0,0,0,0,0,0,0,0,0,0,0.0048859033606112,0,0,0,0,0,0,0,0,0,0,0,0,0.00409072165810533,0,0.0696685537038685,0,0,0,0,0,0,0,0.000130612097975027,0,0.000139357677513498,0,0,0,0
0,0,0.000274997469678651,0,0.000329523955658112,0,0,0,0,0,0.00338042257918851,0,0,0,0,0,0,0,0.000274347339524347,0,0.00427799864438615,0,0,0,0,0,0,0,0.00118589972526304,0,0,0,0,0,0,0,2.07413511649448e-05,0,0.00119706566265996,0,0,0,0.000280767182019428,0,0,0,0.000222624610768042,0,0,0,0.000327531656051644,0,0,0,0,0,0.016156003431166,0,0,0,0,0,0,0.000760520972608366,0,0,0,0,0,0,0,0.00124380863049795,0,0.0623121880725304,0,0.000399112294913135,0,0,0,6.9266244501173e-05,0,0.00359571923540356,5.61238502471941e-05,3.30508456726584e-06,0.000507500610322838,0,0.00108338197992649
0,0,0,0,0,0,0,0,0,0,0,0,0,0,0,0,0,0,0,0,0,0,0,0,0,0,0,0,0,0,0,0,0.023447770750476,0.00824460579514456,0.0010355791330752,0.00184924336691725,0,0,0,0.00320365027519159,0,0,0,0,0,0,0,0.0326027350593262,0,0.0107074625788349,0,0,0,0,0,0,0,0,0,0,0,0,0.000355260099051879,0,0,0,0,0,0,0,0,0,0,0,0.0112407765766811,0,0.00093395149529193,0,0.00179038314008062,0,0,0,0.00210591662188998,0,0,0,0
0,0,0,0,0,0,0,0,0,0,5.03566853412201e-05,0,0,0,0,0,2.5234468533806e-05,0.000159779960955821,0.00116951847808717,1.68904892882751e-05,0.000118992485569823,0,0,0,0,0,0,0,0,0,0,0.023447770750476,0,0,0.0241976277521054,0.000707344276545519,0.00543721446077595,0,0,0.0118028211523749,0.000613302715507519,4.00850481999137e-05,0.00111647533252972,0,0,0,0.00140681131486101,0.217901448781708,0,0.00413353832451608,2.71386223139858e-05,0,0,0,0,0,0.000102952411297312,0,0,0,0,0,0,0.000120873177158389,0,0,0,0,0,0,0,0,0,0,0,0.114576726680976,0,0.00676318634911854,0.000227807862356985,0.00205859758433142,0,0,0.00220896651523799,4.1054541060979e-06,0.000393011433512884,0,0
0,0,0,0,0,0,0,0,0,0,0,0,0,0,0,0,0,0,0,0,0,2.3139999543024e-05,0,0,0,0,0,0,0,0,0,0.00824460579514456,0,0,0.0200334137263997,0.00125778968213676,0,0.0056530827092533,0,2.77059769896578e-05,0,0,0,0,0,0,0,0.0939817826007406,0,0.000102157831315041,0,0,0,0,0,0,0,0,0,0,0,0,0,0,0,0,0,0,0,0,0,0,0,0,0.00704872168769047,0,0.089332045434366,0.00578894712419883,0.00220727024904333,0,0.00670844254784259,0,0.000790467216054878,0,0,0,0
0,0,0,0,0,0,0,0,0,0,0,0,0,0,0,0,0,0,0,0,4.23876312816798e-05,0,0,0,0,0,0,0,0,0,0,0.0010355791330752,0.0241976277521054,0.0200334137263997,0,0,0.00309871711524033,0,0.00315596770505651,2.55031905566231e-05,0,0,0.000133096334498884,0,0,0,0,0.0353619854282542,4.49308894301548e-05,0.000305359402376285,0,0,0,0,0,0,0,0,0,0,0,0,0,0,0,0,0,0,0,0,0,0,0,0,0,0.0105437862013016,0.0046150980060486,0.0847503211783444,0,0.00340280036171792,0,0.00311428195893715,0.000833660115392276,5.19348304806044e-06,0.000431936808182612,0,0
0,8.04656848748015e-06,7.49944775343064e-06,6.58767551424693e-05,0,9.39059300055426e-05,0,0,0,0,8.17114875884694e-06,5.61380395734941e-05,0,6.17456559465985e-06,0,1.95404294310976e-06,0.000192004874029369,0.00015389896706624,0.0030781786308741,0.010472403863669,1.48874618445374e-05,1.67859618734847e-06,0,0,0,0,0,0,0,0,0,0.00184924336691725,0.000707344276545519,0.00125778968213676,0,0,0.00103921960662183,0.012641052764273,0,0.0105711940428402,0.000103487234132658,0.00280481233622172,7.05942698556383e-05,0.000317226378236293,0,0.00420190052435843,6.27374261335864e-05,0.000698273742548684,1.83479051876439e-05,0.000490576402999455,5.43329446215594e-06,0,0,1.99625244596052e-06,0,0,0,0.000335202436401654,0,0.000170648969584959,0,5.46544452815297e-05,0.00884742225440068,2.38405734322012e-05,9.95611414999223e-07,0,0,0,0,0,4.54152888220289e-05,0,0.000308409090480387,0,0.000986447714019947,0.000167878248448727,4.49717246195253e-05,0,0.0693228636570301,0.000535476172532365,0.00516496139721281,0,0.00908500501043247,0.00209205303918149,0.00190356381136966,0.000964302334293658,0
0,0,7.78172435812881e-05,0,0.000334004492192273,0,0,0,0,0,0.000995460028088124,0,0,0,0,0,9.84970285482288e-05,0.000174357589209163,0.00289855470659806,1.3276155775262e-06,0.00455868363895045,0,0,0,0,0,7.33073084641664e-06,0,0,0,2.07413511649448e-05,0,0.00543721446077595,0,0.00309871711524033,0.00103921960662183,0,0,0.006482991604144,7.7103115880603e-05,0.000558905638551834,0.000197288517748204,0.00182309149747931,1.43669213958119e-05,5.58276608963733e-06,0.000259100990136505,0.00114664422955752,0.000102670013724461,0.000222602776172878,0.000664688147544243,4.78489495307224e-05,0,0,0,0,0,0.00044074419664146,0,0,1.24103505970023e-05,0,2.97520164636497e-05,2.31828312161199e-05,0.00431032615451714,0,0,0,0,0,0,5.22812576966917e-06,7.24021340000686e-06,3.21729139604997e-05,6.87608818334212e-06,0,0.0064734760349443,0,0.002444819134906,0.00161976388761913,0.0832818441723702,8.56995842120573e-06,0.000757729038897126,0.00859748974860793,6.24888907686796e-05,0.00189523987999265,0,5.20124678175292e-05
0,0,0,3.12654182323536e-06,0,0,0,0,0,0.000249102539000843,0,0.00156782463141055,0,0,0,0,0,0,0,0.00359055805397587,0,0.00615708332447875,7.74305612412352e-05,0.00433924979731171,0,0,0,0.000262700487070561,0,0.00111046212261975,0,0,0,0.0056530827092533,0,0.012641052764273,0,0,4.91089928398034e-05,0,0,0.000172205221794757,7.95583611849261e-06,0,0,2.0806380123797e-05,0,0.000936364516302099,0,0.00199089329422904,1.53345841487782e-06,0,0,0,0,0.000232852079930135,1.47680345835071e-05,0.000399559683876466,0,2.54211254468337e-05,0,0,0.00130519454278129,0,0.00203516606922348,3.46125733534434e-06,0.00090609476215625,0,8.35001324780106e-05,0,0.00039394832423549,0,0.00195175419436759,0,0,0,0.0031841303950352,0,0.00288907698089091,0,0.0737173034040008,0,0.00544922935654466,0.000139610950772555,0.000350512921690236,0,0
0,0,3.19051917687242e-06,0,0,0,0,0,1.19627821825179e-05,0,0.00208558856114957,0,0,0,0,0,0,0,1.27501434277633e-06,0,0.004031456665841,0.000694090655084348,0.00320045875404049,0,0.000420351738816823,0,0,0,0.000538355484302238,0,0.00119706566265996,0,0,0,0.00315596770505651,0,0.006482991604144,4.91089928398034e-05,0,0,0,0,9.34480911876444e-05,0,0,0,4.1011916739922e-06,0.000408496950660726,0.00264538440346289,0,0,0,0,0,0,0,0.000696936478937227,0,0,0,0,0,0,7.69181686202226e-05,0.000170742700023854,0.00207806519342594,0,0.000192557725543927,0,0,0,0.000938959461259623,0,1.73391309987475e-05,0,1.31522952447088e-06,0,0.00387964799758449,0,0.00121336491727599,9.42277292695007e-05,0.0433604706142078,0.00283533782317234,9.41842686695722e-07,0.000662945733855586,0,1.12372479768551e-05
0,0,3.72359872752512e-05,7.69114236692713e-05,0.000232016334183585,0,0,0,0,0,0,0.00011801428318925,0,8.38968724223813e-05,0,0.000191757665006558,2.82098195370914e-05,1.38307166505155e-05,0.00141640874520124,0.0122459947953885,2.72788252115991e-05,0,0,0,0,0,0,0,0,0,0,0.00320365027519159,0.0118028211523749,2.77059769896578e-05,2.55031905566231e-05,0.0105711940428402,7.7103115880603e-05,0,0,0,0.000518275554540961,0.00220254058436309,0,0.000277871893630927,0,0.0047655141218301,0.00220258547407837,0.115006070657825,0,0.201631945143476,0.000228542334964613,0,0,1.95996562589902e-05,0,0,3.3059739922621e-05,0.00133186094394662,0,0.000892194420194919,0,0.000569428604649724,0.047044038396669,4.49917538654212e-05,0,0,0,0,0,0,0.000114469550578571,0,0.000519525408332698,0,3.5561535548474e-05,0.0063411207013115,0.000101274734120307,0,0.0150632126095684,0.000311412883036224,0.00124081527387394,0,0.000352519411675672,0,0.00837217512167083,0.00201506543909742,0
0,2.58325078131981e-05,0.00104090339010278,0,0.000424404191788577,0,0,0,0,0,0.000784466744937296,0,0,0,0,0,0.000726960056676775,0.000795270511263863,0.0270315301658862,0.000610651258937634,0.00283861474121554,0,1.18345333687975e-05,0,0,0,0,0,0,0,0,0,0.000613302715507519,0,0,0.000103487234132658,0.000558905638551834,0,0,0.000518275554540961,0,0.00174508530230196,0.0457265821188025,0.000898131167264616,0,0.000611335920793657,0.0113896027903249,0.00278576361420441,0.0203569339422233,0.00211937807677842,0.00018568258615842,0,0,0,0,0,0.000946795727633376,0,0,0,0,2.70110996888873e-05,0,0.00927315271682448,0,0,0,0,0,0,0,0,8.63635436695106e-05,5.15475044820298e-05,0,0.00504606117759745,0,0,0.00022863699938446,0.00637499006445788,8.3036295566465e-05,0,0.000840990583788231,4.19255381380853e-05,0.00880336729371996,0.000216129783645701,0.0138235713755363
0,0.000471561268342584,6.27338070374758e-05,0.00619302407652783,8.10684088817815e-05,0,0,0,0,0.000100225403123264,2.2831652353587e-05,6.17033059847265e-05,0,0,0,0.000133907685188143,0.000237679893596869,0.000489339577445853,0.0222614984593709,0.00457575876473142,0.000187022728597628,0.000181060847315196,0,6.46800185311264e-05,0,0,0,0,0,0,0,0,4.00850481999137e-05,0,0,0.00280481233622172,0.000197288517748204,0.000172205221794757,0,0.00220254058436309,0.00174508530230196,0,0.0139343509574144,0.0150274662997871,0,0.0297433064093361,0,0.00127464181399292,0.000762126560158219,0.0410740218297151,0.000213986851633312,0,0,0,0,0,0.000125592382995729,0.00948813725178523,0,0.00105538156001245,0,0.00247495167145723,0.001113800525388,6.71349628661443e-05,0.000102693260760676,0,0,0,0,0,0.00390417575751547,0,0.049298410443301,0,0,0.000604598614976822,0,0,0.0165613051488387,0.000733695944659471,0.016308219680768,0,0.0029448628372209,8.61960147510617e-05,0.07783114443663,0.0728686929038943,0.000336840403871844
0.000726772791022028,1.3912525652105e-05,0.0131191606688005,0,0.000402138711592251,0,0,0,0.00994916276038482,0,0.00357901765529508,0,0,0,0,0,0.000229782894085089,0.000131137599031877,0.0136303085668895,1.06807870576989e-05,0.015541531296314,0,0,0,0.000127222151527842,0,0,0,1.303859854411e-05,0,0.000280767182019428,0,0.00111647533252972,0,0.000133096334498884,7.05942698556383e-05,0.00182309149747931,7.95583611849261e-06,9.34480911876444e-05,0,0.0457265821188025,0.0139343509574144,0,0.00022221545170803,0.000143031926586437,0.000446560774985569,0.00017172239057288,0.0210164236016285,0.0688931081126693,0.000627050822913384,0.00365664303633112,0,0,0,0.000850836894655433,0,0.00601833308663324,0,0,0,0,0,7.95793006456505e-05,0.0148434148306514,0,7.74809409491485e-05,0,0,0,0,0,0.000862809469237454,8.99456990257619e-05,0.00227705522006215,0,0.0216310028678533,0,0.000238051683601632,9.26482346693227e-05,0.0100695730176482,4.48041022575014e-05,0.000180036913493935,0.00655463079364091,0.000136503686708595,0.0788508058118344,2.88695623907504e-05,0.0675754196116335
0,4.81484712108867e-05,0,0,0,0,0,0,0,0,0,0,0,0,0,0,6.92221032513523e-05,7.04640834623411e-05,0.00693127756380646,0.000430190251592138,0,0,0,0,0,0,0,0,0,0,0,0,0,0,0,0.000317226378236293,1.43669213958119e-05,0,0,0.000277871893630927,0.000898131167264616,0.0150274662997871,0.00022221545170803,0,0,0.00424859795453763,0,6.53839408752688e-05,0,0.0051655376615249,0,0,0,0,0,0,0,0,0,0,0,0,0.000189955903079813,0,0,0,0,0,0,0,0,0,0.000494913519037536,0,0,0,0,0,0.00132876334913156,2.62822195121843e-05,0.000461535664462351,0,0.000643917315337738,1.42513920300196e-06,0.00430092297486295,0.00339918821065888,0
0,0,9.41428210233936e-05,0,0,0,0,0,0,0,0.000836910037619621,0,0,0,0,0,0,0,4.27662438142015e-05,0,0.00107913085054009,0,0,0,0,0,0,0,0,0,0,0,0,0,0,0,5.58276608963733e-06,0,0,0,0,0,0.000143031926586437,0,0,0,0,0,0,0,0,0,0,0,0,0,0.000129327878927632,0,0,0,0,0,0,0.000811482054941869,0,0,0,0,0,0,0,0,0,0,0,0,0,0,0,0,0,1.60803934678294e-05,2.17538926743876e-06,0,0.00065035419047373,0,0.00573604610673427
0,0,0.00026084247733223,0.000346914604900545,0.000713599417694027,0,0,0,1.84302609148423e-05,0,0.000220046402010947,0.000241725127241828,0,0,0,0.000402053111641292,0.000129307552986569,7.28620781572679e-05,0.00646409678152483,0.0148721222480363,0.000735124629801446,2.26367587498926e-05,0,1.14091953906702e-05,0,0,0,0,0,0,0,0,0,0,0,0.00420190052435843,0.000259100990136505,2.0806380123797e-05,0,0.0047655141218301,0.000611335920793657,0.0297433064093361,0.000446560774985569,0.00424859795453763,0,0,7.31738711808082e-06,5.51626274589035e-05,1.14714805113979e-05,0.00838448697289352,0.000417084886816274,0,0,0,0,0,0.000265339608309362,0.00274077351782722,0,0.000461430503655875,0,0.00208488567842071,0.0179214671282136,0.000384327506388694,3.648182161127e-05,0,0,0,0,0,0.000223198412689741,6.1949141837987e-06,0.00306067269252477,1.05455639543147e-05,0,5.78900833895021e-05,0,0,0.0034973522363757,0.000475781892490519,0.00150521668292244,2.25270257266487e-05,0.000734800295491167,1.44498946136154e-05,0.0168119190891235,0.00239139402455868,0.000130882928456311
0,0,0.000234874001775378,0,0.000438504860326145,0,0,0,0,0,0.00202649929485882,0,0,0,0,0,0,3.47663395105888e-05,0.000739962669394823,0,0.0214040996227097,0,0,0,0,0,0,0,0,0,0.000222624610768042,0,0.00140681131486101,0,0,6.27374261335864e-05,0.00114664422955752,0,4.1011916739922e-06,0.00220258547407837,0.0113896027903249,0,0.00017172239057288,0,0,7.31738711808082e-06,0,0.000790850273664516,0.000168654881528889,0.00616694615589105,0.000371217381019397,0,0,0,0,0,0.00247892715067956,0,0,0,0,0,0,0.0213102576199069,0,0,0,0,0,0,0,0,0,3.89765576012202e-05,0,0.00467741876353442,0,0,2.13236361892737e-05,0.0130226894152745,3.70058091617462e-05,0.000257884452952281,0.000214564645924566,9.28853507726045e-06,0.00993968628929824,5.49797917122861e-05,0.000167810868924898
0,0,0.000328623137725096,0,0.000140526798904904,0,0,0,0,0,3.77982399121129e-05,0,0,0,0,0,0,1.11901191047049e-05,0.000386534065075807,0,4.31128456095184e-05,1.51259536907987e-05,0,0,0,0,0,0,0,0,0,0.0326027350593262,0.217901448781708,0.0939817826007406,0.0353619854282542,0.000698273742548684,0.000102670013724461,0.000936364516302099,0.000408496950660726,0.115006070657825,0.00278576361420441,0.00127464181399292,0.0210164236016285,6.53839408752688e-05,0,5.51626274589035e-05,0.000790850273664516,0,0.0578154828631292,0.122573878419468,0.000127608980294966,0,0,0,0,0,5.74131484531257e-05,4.51136631529122e-05,0,0,0,1.35797845907679e-05,0.00352670788046224,7.48024845294901e-05,0,0,0,0,0,0,0,0,0,0,0.000364134945089545,0.0345358612002134,0.0220266073172002,0.0182497254662829,0.00148438750461561,0.00110857703255343,0.00942190933043253,0.000505137590058497,0.00944218893147368,0.000142317141301675,0.0170307452415021,0,1.84699596296935e-05
0.011568177015173,0,0.00392430994548605,0,0.000113455666070734,0,0,0,0.00175416663949017,0,9.3506237872386e-05,0,0,0,0,0,0.000159640068834152,5.63552906566134e-05,0.0061654071509658,0.000215564868678025,0.000619125970950286,0,0.000559128294522836,0,0.0113990840648592,0,0,0,0,0,0,0,0,0,4.49308894301548e-05,1.83479051876439e-05,0.000222602776172878,0,0.00264538440346289,0,0.0203569339422233,0.000762126560158219,0.0688931081126693,0,0,1.14714805113979e-05,0.000168654881528889,0.0578154828631292,0,0.000237647135047735,0.000733190552141594,0,0,0,0.00345083915465511,0,0.00546593542187513,0,0.00206945742124884,0,0.00741304016496524,0,0,0.000333710987904709,0,0.000830595707022709,0,0.005036127719454,0,0.0010472646648609,0,0.00680032952151306,1.33782219610781e-05,0.00588712397129225,0,0.0110337436465124,0,9.54556469904724e-05,0.000109064951726102,0.00204086773858896,2.21788697118241e-05,0.0249359000360696,0.00270930399230472,9.90516313494428e-06,0.0368772327877426,0.000270589289462785,0.00103579321279869
0,0.0248009368233514,0.00239426182931283,0.0167205497787762,0.00212013004942683,0,0,0,0,0.000303896201812454,0.000269775030706959,2.8566056575424e-05,0,0.00104876999154159,0,0.00721356094367922,2.69045671383037e-06,6.03999927356114e-06,0.000668258482145281,0.000794915486005331,0.000518394713201908,0.00667947333522526,7.43611675850932e-06,0.000247017480776398,0,0.000490654348035752,0,0,0,0,0,0.0107074625788349,0.00413353832451608,0.000102157831315041,0.000305359402376285,0.000490576402999455,0.000664688147544243,0.00199089329422904,0,0.201631945143476,0.00211937807677842,0.0410740218297151,0.000627050822913384,0.0051655376615249,0,0.00838448697289352,0.00616694615589105,0.122573878419468,0.000237647135047735,0,0.00104057619901729,0,0,0,0,0,0.000434848229771874,0.0101522332243675,0,0.004158470355369,0,0.0138002309976296,0.00735643302888085,0.00086852433892913,0.00695317366378897,0,0.00317265319898216,0,0.0144178430805625,0,0.0148081166035707,0,0.0149929787402471,0,0,0.00219760548584456,0.000114615666749729,0,0.00163305043612715,0.00109089394096563,0.0116164174575013,1.46348643512931e-05,0.00140445920573358,9.20664185158818e-05,0.0280993128235688,0.00328271677795861,0.000619425974349883
0,0,0.00630235671665695,0,0.0510105622674812,0,0.00194804055554651,0,0.00384732206932212,0,0.000591568397603142,0,0.0037681983346606,0,0.00113948806124913,0,0,0,0.000132634435038751,0,0.00157798325771085,0,0,0,0,0,0,0,2.36308552112006e-05,0,0.000327531656051644,0,2.71386223139858e-05,0,0,5.43329446215594e-06,4.78489495307224e-05,1.53345841487782e-06,0,0.000228542334964613,0.00018568258615842,0.000213986851633312,0.00365664303633112,0,0,0.000417084886816274,0.000371217381019397,0.000127608980294966,0.000733190552141594,0.00104057619901729,0,0,0.00260875261081602,0,0.0238366457135957,0,0.00394057009834741,2.32581556428746e-05,0.00201454867360582,0,0.00227661904046278,0,8.34865700646836e-06,0.00178028839506338,0,0,0,0,0,0,8.56597143161471e-06,3.86834138532475e-05,4.91118813519893e-05,0.000112245555742671,0,0,0,0,1.02090641851155e-05,0.000135076700061209,0,6.25253403277619e-05,0.000184592149690829,0,0.00457804898541255,0,0.00393677300440653
0,0,0,0,0,0.00560211113347996,0,0,0,0,0,2.97620577650811e-05,0,0,0,0.00141393648495905,0,0,0,0.00176611489038496,0,0,0,0,0,0,0,0,0,0,0,0,0,0,0,0,0,0,0,0,0,0,0,0,0,0,0,0,0,0,0,0,0,0,0,0,0,0,0,0.0017151753770678,0,0.0222763102971687,5.61539147319393e-05,0,0,0,0,0,0,0,0,0,0,0,0,0,0,0,0,0,0,0,0,0,0.00032329501302405,0,0
0,0,0,0,0.0052851514114549,0,0.0254028775103055,0,0,0,0.0114101447252198,0,0,0,0,0,0,0,0,0,0.00680061560242318,0,0,0,0,0,0,0,0,0,0,0,0,0,0,0,0,0,0,0,0,0,0,0,0,0,0,0,0,0,0.00260875261081602,0,0,0,0,0,0.00526426187187135,0,0,0,0,0,0,4.50103004319912e-05,0,0,0,0,0,0,0,0,0,0,0,0,0,0,0,0,0,0,0.000114314728320018,0,0,0,0
0,0,0,0,0,0,0,0.000371172282029875,0,0,0,0,0,0.00135023177785685,0,0,0,0,0,0,0,0,0,0,0,0,0,0,0,0,0,0,0,0,0,1.99625244596052e-06,0,0,0,1.95996562589902e-05,0,0,0,0,0,0,0,0,0,0,0,0,0,0,0,0,0,0.000340224476697197,0,0.00476117619809569,0,0,7.21467376784551e-05,0,0,0,0,0,0,0,0,0,3.54437845332951e-05,0,0,0,0,0,0,0,0,0,1.09261709440034e-05,0,0,0,0
0.0669739495816081,0,0.0886659213571936,0,0.00412649641592273,0,0,0,0.0824506540940228,0,0,0,0,0,0.00229483049826658,0,7.92789250142348e-05,0,0,0,0,0,0,0,0.00537076947498021,0,0,0,0,0,0,0,0,0,0,0,0,0,0,0,0,0,0.000850836894655433,0,0,0,0,0,0.00345083915465511,0,0.0238366457135957,0,0,0,0,0,0,0,0.00137027715737576,0,0.0111043260783499,0,0,0,0,0,0,0.0134638839901725,0,5.87557278308448e-05,0,0,0,0,0,0,0,0,0,0,0,0,0.000299713515110371,0,0.00143383289395786,0,0
0,0.0231224824684846,0,0,0,0,0,0,0,0.137613109613882,0,0,0,0,0,0.0250621256929489,0,0,0,0,0,0,0,0.00527295551523053,0,0,0,0,0,0,0,0,0,0,0,0,0,0.000232852079930135,0,0,0,0,0,0,0,0,0,0,0,0,0,0,0,0,0,0,0,0,0,0,0,0.0152073423190549,0,0,0,0,0.0573193338200488,0,0,0,0,0,0,0,0,0,0,0,0,0,0.000361120556270957,0,0.00056485589453917,3.33586898249052e-06,0,0,0
0,0,0.0025053079267576,0,0.000737242729449592,0,0.00489590582717156,0,6.84563881488019e-05,0,0.067729769301767,0,0.000736410881820989,0,0,0,7.43795359742661e-05,8.53964633422822e-06,0.00161786393211365,0,0.0387533115515596,0,0.000179009436603364,0,9.30825682262434e-05,0,0,0,0.000469029502529629,0,0.016156003431166,0,0.000102952411297312,0,0,0,0.00044074419664146,1.47680345835071e-05,0.000696936478937227,3.3059739922621e-05,0.000946795727633376,0.000125592382995729,0.00601833308663324,0,0.000129327878927632,0.000265339608309362,0.00247892715067956,5.74131484531257e-05,0.00546593542187513,0.000434848229771874,0.00394057009834741,0,0.00526426187187135,0,0,0,0,3.67400653235594e-05,0.000815309088923796,0,0,0,0,0.0118742702745294,0,0.00214518296541925,0,0.000426121790150372,0,0.00546140678974658,0,0.0220944461327071,1.68927458287638e-05,0.0236648273978119,0,0.00133545907961135,0,0,1.29726473363345e-05,0.00101163819221962,1.22399213678943e-05,0.00252410261300807,0.000447904745813908,1.57847547267851e-05,0.0203412626072411,0,0.00587273963450958
0,2.04452012630221e-05,0,0.000350171187770441,0.00013514003648029,0.000377234756498326,0,0,1.79925485670077e-05,0.000101455460427364,4.47224083051736e-05,0.067167767989592,0,0.000520848435801557,0,0.000865625377942601,0,0,0.000141274719788567,0.0185821056316483,0,0.000521926459556478,0,0,0,0,0,0,0,0.0048859033606112,0,0,0,0,0,0.000335202436401654,0,0.000399559683876466,0,0.00133186094394662,0,0.00948813725178523,0,0,0,0.00274077351782722,0,4.51136631529122e-05,0,0.0101522332243675,2.32581556428746e-05,0,0,0.000340224476697197,0,0,3.67400653235594e-05,0,0,0.0201821541574464,0,0.00242532417236203,0.0380450734106388,7.14463701221256e-06,0.00033231810140866,0,3.97064161376645e-05,0,0.00124341101849169,0,0.0173138117415318,0,0.0218959763934394,0,0,0,0,0,0.000183890654576226,1.25448238767869e-05,0.000449666109420816,0,0.000934657551741073,0,0.00760533203768575,0.00120630891234604,0
