0,0,5.99001801588449,0,12.2655873775482,0,0,0,7.05632473504134,0,0,0,0,0,0,0,5.05208253860474,0,8.25179579159985,0,0,0,0,0,0,0,0,0,0,0,0,0,0,0,0,0,0,0,0,0,0,76.3044281005859,6.83669447898865,0,0,0,0,0,5.86094819053589,0,0,0,0,0,7.05692063784308,0,10.5690922737122,0,0,0,4.37592937635339,0,0,0,0,0,0,9.17995909282139,0,0,0,11.7764482498169,0,12.4248418807983,0,0,0,0,0,0,0,0,5.47827597868095,0,5.46300453513483,0,0
0,0,0,6.53626931071793,0,0,0,0,0,5.40474468861183,0,0,0,0,0,2.9619152545929,0,0,3.36975002288818,0,0,0,0,6.27991485595703,0,0,0,0,0,0,0,0,0,0,0,0,0,0,0,0,0,13.9869225430039,0,0,0,0,0,0,0,5.18236790316393,0,0,0,0,0,5.13180562662259,0,13.9595852806455,0,14.7970239775521,0,4.75752683852216,0,0,0,0,5.99450903455612,0,6.24407601356506,0,0,0,0,0,0,0,0,0,0,0,0,0,6.41657212443245,6.95235109329224,5.37613128883315,15.8538433710734,0
5.99001801588449,0,0,0,7.09807272513707,0,0,0,7.7116588195165,0,0,0,0,0,0,0,0,0,0,0,16.1827243804932,0,0,0,0,0,0,0,0,0,0,0,0,0,0,0,44.6924057006836,0,47.2158546447754,0,43.983013788859,0,38.9950256347656,0,0,0,19.9564505245375,0,5.90346518016997,0,13.5053059032985,0,0,0,7.27615283805633,0,11.111541973578,0,6.11237802505493,0,0,0,0,17.9582698161785,0,0,0,0,0,0,0,0,0,0,0,0,0,0,0,0,0,48.5237165178571,11.6979744617756,0,8.45646312524241,0,0
0,6.53626931071793,0,0,0,5.47505621865111,0,0,0,4.73022080532142,0,0,0,0,0,0,0,0,40.5878276824951,0,0,0,0,0,0,0,0,0,0,0,0,0,0,0,0,62.6131851196289,0,0,0,27.7137767155965,0,28.5435344079696,33.9152610778809,0,0,12.7635959885159,0,47.7679438957801,31.5332794189453,12.011431301749,0,0,0,0,0,3.92460450189843,0,0,0,3.21173425018787,0,3.60557378473736,0,0,0,0,0,0,0,0,0,0,41.9083633422852,0,0,0,0,0,45.5443401932716,0,46.135147026607,0,12.6380291800065,0,10.4582105727322,16.3812344074249,0
12.2655873775482,0,7.09807272513707,0,0,0,0,0,4.60918310109307,0,4.46485774857657,0,0,0,0,0,0,0,0,0,8.94092072270535,0,0,0,0,0,0,0,0,0,0,0,0,0,0,0,26.7028945287069,0,0,0,44.9908129374186,0,45.6498311360677,0,0,0,24.7218325331404,0,15.6115320410047,0,4.19660647036666,0,8.01098656654358,0,3.86793624437772,0,10.8700100183487,0,3.50102265179157,0,0,0,0,17.8408762481478,0,0,0,0,0,0,0,0,0,0,0,0,0,0,0,24.3601545446059,0,49.3439605712891,5.36473258754663,0,16.3184842039275,0,0
0,0,0,5.47505621865111,0,0,0,4.01273488998413,0,0,0,0,0,0,0,0,0,0,0,0,0,0,0,0,0,0,0,0,0,0,0,0,0,0,0,84.4998397827148,0,0,0,24.6490214665731,0,43.4779993693034,45.9718894958496,0,0,16.8973381298931,0,53.2203439985003,36.519905090332,47.8689851027269,0,3.30189243817733,0,0,0,3.46520665713719,0,0,0,0,0,0,11.6368834322149,0,0,0,0,0,0,0,0,0,51.7963027954102,0,0,0,0,0,32.4291351795197,0,54.1441900465224,0,5.96506730450524,3.4211275248692,8.41395318589798,0,0
0,0,0,0,0,0,0,0,0,0,4.13596575710189,0,0,0,0,0,0,0,0,0,3.8359745207287,0,0,0,0,0,0,0,0,0,0,0,0,0,0,0,11.192174911499,0,0,0,0,0,0,0,0,0,0,0,0,0,5.68654537200928,0,3.12597886323929,0,0,0,0,0,0,0,0,0,0,13.9265245437622,0,0,0,0,0,0,0,0,0,0,0,0,0,0,0,18.7808310190837,0,0,3.01399564080768,0,11.4022579193115,0,0
0,0,0,0,0,4.01273488998413,0,0,0,0,0,3.77042048575542,0,0,0,0,0,0,0,0,0,0,0,0,0,0,0,0,0,0,0,0,0,0,0,0,0,0,0,0,0,0,0,0,0,0,0,0,0,0,0,0,0,2.88562309741974,0,0,0,3.43913289705912,0,0,0,0,0,0,0,0,0,0,0,0,0,0,0,0,0,0,0,0,0,0,0,0,3.39416208807028,0,0,0,0
7.05632473504134,0,7.7116588195165,0,4.60918310109307,0,0,0,0,0,0,0,0,0,3.3932614218105,0,17.3462111842363,46.8428382873535,16.9380769133568,0,26.5864610671997,0,28.7976905822754,0,8.29959199467643,0,16.8602511286736,0,0,0,0,0,0,0,0,0,30.3600597381592,0,15.592643411536,0,0,0,28.2893915176392,0,0,0,25.2577936649323,25.7337501049042,7.82086186847468,0,3.89611911773682,0,0,0,4.4879839125644,0,16.1178239822388,0,0,0,3.64643458953271,0,0,33.2640190124512,0,32.8887996673584,0,13.2341109222836,0,11.8271741867065,0,0,0,0,0,0,0,0,0,0,0,17.5476955686297,7.27827673659293,0,6.77278374394769,0,0
0,5.40474468861183,0,4.73022080532142,0,0,0,0,0,0,0,0,0,0,0,3.78636455535889,30.9313595004198,19.4178579951362,13.1657704909643,0,0,18.9474782943726,0,4.66074382159727,30.361759185791,12.7035844326019,0,0,0,0,0,0,0,0,0,0,0,8.70335051653877,0,63.474178314209,0,30.9627720117569,0,0,0,15.2420782049497,0,19.5117730458577,34.5914573669434,6.42574615108556,0,0,0,0,0,5.53181253297943,0,0,0,0,0,5.37230730056763,0,0,12.6425228118896,0,5.34607309631679,36.2907757759094,0,0,0,0,0,0,0,0,0,0,59.1975816090902,0,12.1920041950068,0,5.77594611816093,3.5813755438878,8.83205150946593,0,0
0,0,0,0,4.46485774857657,0,4.13596575710189,0,0,0,0,0,0,0,0,0,0,0,0,0,6.7560417575402,0,0,0,0,0,0,0,0,0,4.49970086179258,0,0,0,0,0,3.63928438935961,0,6.58457433614873,0,0,0,30.8313093185425,0,0,0,26.0382445199149,0,74.8709259033203,0,7.05913841724396,0,4.83970503604158,0,0,0,4.37645534375174,0,0,0,0,0,0,17.3885652851313,0,0,0,0,0,0,0,0,0,4.86695830258456,0,0,0,0,0,43.8204596837362,0,10.7971839579669,4.90506738245231,3.01397096669232,14.6837610602379,0,16.7681446075439
0,0,0,0,0,0,0,3.77042048575542,0,0,0,0,0,0,0,0,0,0,0,4.88976604458987,0,0,0,0,0,0,0,2.75082802772522,0,5.60740869329311,0,0,0,0,0,5.97683922201395,0,4.89063787605409,0,0,0,0,0,0,0,0,0,0,0,8.1106972694397,0,0,0,2.74511671066284,0,0,0,5.12431218501517,0,3.16872715950012,0,0,4.39402741909027,0,0,0,0,0,0,0,0,0,6.02342674236619,0,0,0,0,0,5.4922890663147,0,8.33848253694404,0,5.13770498582872,3.01516807079315,4.71085744607644,0,0
0,0,0,0,0,0,0,0,0,0,0,0,0,0,3.54463111726861,0,0,0,0,0,0,0,0,0,0,0,0,0,0,0,3.92445219190497,0,0,0,0,0,0,0,0,0,0,0,0,0,0,0,0,0,0,0,0,0,0,0,0,0,0,0,4.1250629529032,0,3.48769396543503,0,0,0,0,0,0,0,0,0,0,0,0,4.78935570716858,0,0,0,0,0,0,0,0,3.15868409474691,0,0,0,0
0,0,0,0,0,0,0,0,0,0,0,0,0,0,0,0,0,0,0,0,0,0,0,0,0,0,0,0,0,0,0,0,0,0,0,0,0,0,0,0,0,0,0,0,0,0,0,0,0,0,0,0,0,0,0,0,0,3.86401406356267,0,3.74487504655915,0,2.84767762819926,0,0,0,0,0,0,0,0,0,0,0,0,0,0,0,0,0,0,0,0,0,0,0,0,0
0,0,0,0,0,0,0,0,3.3932614218105,0,0,0,3.54463111726861,0,0,0,16.0401158889385,57.5381321377224,0,0,0,49.5237007141113,29.5929091848978,0,28.6962656180064,0,18.7354193414961,0,6.34016704559326,0,0,0,0,0,0,0,0,0,0,0,0,0,0,0,0,0,0,0,3.6818619966507,0,0,0,0,0,3.50226974487305,0,6.78829579353333,0,4.35394299890577,0,3.64400048019116,0,0,0,0,31.211949781938,0,27.7207044454721,0,19.7966624895732,0,0,0,0,0,0,0,0,0,0,0,0,10.1632166730482,0,0,0,0
0,2.9619152545929,0,0,0,0,0,0,0,3.78636455535889,0,0,0,0,0,0,0,5.52955201653873,0,0,0,0,0,0,0,0,0,0,0,0,0,0,0,0,0,0,0,0,0,0,0,0,0,0,0,0,0,0,0,3.61258871078491,0,0,0,0,0,3.0659396648407,0,0,0,0,0,3.09016309064977,0,0,0,0,0,0,0,0,0,0,0,0,0,0,0,0,0,0,0,0,3.58632064873064,0,0,0,0
5.05208253860474,0,0,0,0,0,0,0,17.3462111842363,30.9313595004198,0,0,0,0,16.0401158889385,0,0,19.1517497141624,20.7248528993997,0,57.4341761271159,30.2554660227107,14.2738167512947,33.2917351289229,17.9514768982547,37.9497244698661,6.92952014906441,0,6.4386098086834,0,0,0,0,0,0,94.9897003173828,83.9789403279622,0,57.7292366027832,72.3388601938884,0,62.3010912577311,35.7566010157267,46.1830503463745,31.1494608720144,48.048526763916,38.016994957785,0,0,96.1518325805664,0,0,0,0,15.4907039542129,0,74.6366271972656,0,0,0,18.9555026715802,0,0,65.2654266357422,32.4545230865479,15.7023197909547,0,20.5722554460193,33.6137819290161,8.8621111797564,0,5.72751061251906,0,0,0,0,0,0,78.4950850113578,66.3434717244115,76.9591410601581,60.0776963667436,14.3075230452545,4.02828302046265,31.4485985170893,0,31.6712185276879
0,0,0,0,0,0,0,0,46.8428382873535,19.4178579951362,0,0,0,0,57.5381321377224,5.52955201653873,19.1517497141624,0,16.9693659786408,0,0,18.340811101196,34.0013564249103,17.0442650834601,35.2300276418371,10.8809553645906,59.27332461964,2.74841952323914,0,0,0,0,0,0,0,87.4408912658691,89.9345474243164,0,0,72.5260642556583,0,54.3815025549669,48.2620554472271,42.4564792844984,65.1663284301758,53.2123737335205,59.1796229680379,0,0,80.388069152832,0,0,0,0,40.3446365992228,16.6161353588104,75.8356704711914,0,0,0,43.2116966247559,4.65307771308081,0,72.4169082641602,18.6909913185031,33.2793305023857,0,31.7995107407663,13.3543210078761,43.4227063315255,0,0,0,0,0,0,0,0,79.4795070886612,85.7096498277452,67.9374972123366,84.0206632614136,13.3739968631846,6.64556572343286,50.548833656311,0,44.8170188903809
8.25179579159985,3.36975002288818,0,40.5878276824951,0,0,0,0,16.9380769133568,13.1657704909643,0,0,0,0,0,0,20.7248528993997,16.9693659786408,0,0,51.6675206593105,32.0212887315189,45.9548666336957,32.2130661773682,45.9011770629883,25.4478757381439,47.4717888465294,0,0,0,0,0,0,52.3517150878906,0,68.9629384695765,65.2573835771162,0,52.1436375209263,45.2034215871026,47.1374026211825,33.6084100548637,23.7445371806767,21.762181163159,24.266103504421,32.3179626244765,21.7808330404163,46.5575256347656,0,53.9830553010963,0,0,0,0,43.6558326721191,0,56.9073123931885,0,0,0,46.458568572998,0,0,44.3864674900853,30.1486324310303,49.644380569458,0,38.156916335777,21.7816129684448,41.6998043060303,0,0,65.2950261433919,0,46.6623582839966,0,47.3784370422363,0,49.1524117565418,49.6778314947754,51.687572226662,54.8562562981832,12.3901264437594,0,20.4536159186594,37.9348546808416,22.6991465817923
0,0,0,0,0,0,0,0,0,0,0,4.88976604458987,0,0,0,0,0,0,0,0,0,0,0,0,0,0,0,0,0,0,0,0,0,0,0,4.15722195629166,0,5.67765529395998,0,14.4467439651489,0,0,0,29.4430065155029,0,10.0061712035871,0,0,0,14.9061450958252,0,0,0,0,0,0,0,6.84897518157959,0,0,0,0,6.07910672504633,0,0,0,0,0,0,0,0,0,9.15506615421989,0,0,0,0,0,7.08303228782604,0,12.7314406389381,0,3.52184642439658,0,6.56583521170403,0,0
0,0,16.1827243804932,0,8.94092072270535,0,3.8359745207287,0,26.5864610671997,0,6.7560417575402,0,0,0,0,0,57.4341761271159,0,51.6675206593105,0,0,0,0,0,0,0,0,0,0,0,16.6131320752596,0,0,0,0,0,7.93209498603389,0,12.180334811564,0,39.0971056131216,70.1673965454102,33.7268037639037,0,32.4916275024414,0,24.2257384376146,0,48.9225376674107,0,9.52115189775508,0,4.22011179924011,0,0,0,7.80168637978186,0,0,0,0,0,0,9.16382780417338,0,0,0,0,0,0,0,0,0,12.3917942047119,0,0,0,0,79.1777801513672,13.3423297693832,0,15.3336680863775,5.56923481602418,0,21.4301986134889,0,31.5124065762474
0,0,0,0,0,0,0,0,0,18.9474782943726,0,0,0,0,49.5237007141113,0,30.2554660227107,18.340811101196,32.0212887315189,0,0,0,7.05968761444092,10.0922025924192,37.8941237131755,9.92227792739868,0,0,0,0,0,0,0,0,0,0,0,10.0678011719524,0,0,0,0,0,0,0,0,0,25.4884435990277,0,12.651863722106,0,0,0,0,54.2043800354004,0,0,21.6628532409668,0,0,0,0,0,0,5.14894290674535,30.7933101654053,9.88103663712217,31.0399789810181,0,49.704833984375,9.40408200946281,0,14.2679230445022,0,0,0,0,0,0,0,13.4296113068495,0,8.64264613343604,3.92200925133445,23.1656583150228,0,0
0,0,0,0,0,0,0,0,28.7976905822754,0,0,0,0,0,29.5929091848978,0,14.2738167512947,34.0013564249103,45.9548666336957,0,0,7.05968761444092,0,0,6.68025717390165,0,6.82110939144103,0,4.2525145627756,0,0,0,0,0,0,0,0,0,8.71570979737487,0,0,0,72.6137313842773,0,0,0,0,24.6994017432718,12.6377222064663,0,0,0,0,0,22.1228992144267,0,0,0,0,0,33.818149294172,0,0,0,0,4.73594736147254,0,6.71366841399244,0,7.93416513768277,0,7.28046899683335,0,0,0,0,0,0,102.795781453451,0,0,10.6027913100359,9.81764282800455,3.614546102636,39.7164158821106,0,49.5276145935059
0,6.27991485595703,0,0,0,0,0,0,0,4.66074382159727,0,0,0,0,0,0,33.2917351289229,17.0442650834601,32.2130661773682,0,0,10.0922025924192,0,0,47.8561973571777,4.51893368188073,0,0,0,0,0,0,0,0,0,0,0,5.48019599117072,0,0,0,4.73400616645813,0,0,0,0,0,12.9427928095279,0,6.2715169698,0,0,0,0,0,4.43391052721325,0,0,0,0,0,0,0,0,8.65566319354037,75.8816757202148,4.74696330008438,0,9.29457187652588,0,10.6267800331116,0,0,0,0,0,0,0,0,84.0500259399414,7.13075705716525,0,7.77081651065661,0,6.83271084016967,0,0
0,0,0,0,0,0,0,0,8.29959199467643,30.361759185791,0,0,0,0,28.6962656180064,0,17.9514768982547,35.2300276418371,45.9011770629883,0,0,37.8941237131755,6.68025717390165,47.8561973571777,0,35.562141418457,5.97892597924292,0,0,0,0,0,0,0,0,0,0,0,4.68410737580494,0,0,0,49.7195701599121,58.4269599914551,0,0,0,19.0469026565552,8.33991034068758,0,0,0,0,0,8.56461871521813,0,0,0,0,0,0,0,0,0,55.6604480743408,6.11869394922831,0,4.85547554104288,0,3.82700085028624,0,0,0,0,0,0,0,0,88.808967590332,83.9672546386719,0,8.88007427227159,14.973451592217,0,7.87472421782357,0,55.0060272216797
0,0,0,0,0,0,0,0,0,12.7035844326019,0,0,0,0,0,0,37.9497244698661,10.8809553645906,25.4478757381439,0,0,9.92227792739868,0,4.51893368188073,35.562141418457,0,0,3.37594389915466,0,0,0,0,0,0,0,0,0,0,0,0,0,0,0,0,0,0,0,0,0,0,0,0,0,0,0,0,0,0,0,0,0,6.06610304968698,0,0,10.1017351150513,0,0,0,6.01359147050164,0,0,0,0,0,0,0,0,0,0,0,0,0,19.1473110094666,0,0,0,0
0,0,0,0,0,0,0,0,16.8602511286736,0,0,0,0,0,18.7354193414961,0,6.92952014906441,59.27332461964,47.4717888465294,0,0,0,6.82110939144103,0,5.97892597924292,0,0,0,3.99426963112571,0,0,0,0,0,0,0,0,0,0,0,0,0,0,0,0,0,0,0,0,0,0,0,0,0,28.9869260787964,0,0,0,2.85096502304077,0,19.2903137207031,0,0,0,0,15.8060958385468,0,20.8916100774493,0,4.45014027399676,0,3.38464760780334,0,0,0,0,0,0,0,0,0,0,9.20756975480312,0,0,0,0
0,0,0,0,0,0,0,0,0,0,0,2.75082802772522,0,0,0,0,0,2.74841952323914,0,0,0,0,0,0,0,3.37594389915466,0,0,0,2.83303533456264,0,0,0,0,0,0,0,0,0,0,0,0,0,0,0,0,0,0,0,0,0,0,0,0,0,0,0,0,0,0,0,0,0,0,0,0,0,0,0,0,4.62498584039695,0,2.78269333839417,0,0,0,0,0,0,0,0,0,2.73994636535645,0,0,0,0
0,0,0,0,0,0,0,0,0,0,0,0,0,0,6.34016704559326,0,6.4386098086834,0,0,0,0,0,4.2525145627756,0,0,0,3.99426963112571,0,0,0,2.9317729473114,0,0,0,0,0,0,0,3.14473064243793,0,0,0,0,0,0,0,0,0,0,0,0,0,0,0,0,0,0,0,0,0,0,0,0,0,0,5.11584614203857,0,0,0,3.06071937084198,0,3.18983978311592,0,3.3859216299924,0,0,0,0,0,0,0,0,3.44920285542806,0,0,0,0
0,0,0,0,0,0,0,0,0,0,0,5.60740869329311,0,0,0,0,0,0,0,0,0,0,0,0,0,0,0,2.83303533456264,0,0,0,0,0,0,0,0,0,4.41776451756877,0,0,0,0,0,0,0,0,0,0,0,0,0,0,0,0,0,0,0,7.82179326266912,0,0,0,0,0,0,0,0,0,0,0,0,0,0,5.9797619515389,0,0,0,0,0,0,0,4.46676107883453,0,4.73794950190045,0,0,0,0
0,0,0,0,0,0,0,0,0,0,4.49970086179258,0,3.92445219190497,0,0,0,0,0,0,0,16.6131320752596,0,0,0,0,0,0,0,2.9317729473114,0,0,0,0,0,0,0,0,0,3.13961332405315,0,0,0,0,0,0,0,46.4583930969238,0,0,0,0,0,0,0,0,0,5.91353755527073,0,0,0,0,0,0,24.1031827926636,0,0,0,0,0,0,0,4.20522041674013,0,3.89890049397945,0,0,0,0,0,0,0,3.55604498176014,3.37228269863846,2.7396776676178,27.5522422790527,0,0
0,0,0,0,0,0,0,0,0,0,0,0,0,0,0,0,0,0,0,0,0,0,0,0,0,0,0,0,0,0,0,0,4.98427485294096,13.2896609432422,3.58687281608582,4.81004544099172,0,0,0,0,0,0,0,0,0,0,0,9.41458703577518,0,0,0,0,0,0,0,0,0,0,0,0,0,0,0,0,0,0,0,0,0,0,0,0,0,0,4.78907370524364,9.06543502807617,19.4127587104941,0,9.07307873453413,0,23.5582981109619,0,5.46732831628382,0,0,0,0
0,0,0,0,0,0,0,0,0,0,0,0,0,0,0,0,0,0,0,0,0,0,0,0,0,0,0,0,0,0,0,4.98427485294096,0,9.19779625203874,5.07338454951979,0,3.51424460940891,0,0,0,0,0,0,0,0,0,0,0,0,0,0,0,0,0,0,0,0,0,0,0,0,0,0,0,0,0,0,0,0,0,0,0,0,0,5.51877234053256,11.2439886624996,17.9243776148016,7.4463132866868,0,4.88979072501694,0,30.0549831390381,3.59600764796847,0,0,0,0
0,0,0,0,0,0,0,0,0,0,0,0,0,0,0,0,0,0,52.3517150878906,0,0,0,0,0,0,0,0,0,0,0,0,13.2896609432422,9.19779625203874,0,6.33489675099559,6.82108131603216,0,6.89673694372177,0,56.0032024383545,0,37.695201449924,0,0,0,0,0,6.69736241148424,16.3702510197957,42.2068087259928,0,0,0,0,0,0,0,0,0,0,0,0,0,0,0,0,0,0,0,0,0,0,0,0,17.4215440125207,0,6.91407464563236,7.90439419160809,10.2290205157855,0,6.7130175844723,17.7484367944144,5.86550936602094,3.44818471028255,57.5962181091309,0,0
0,0,0,0,0,0,0,0,0,0,0,0,0,0,0,0,0,0,0,0,0,0,0,0,0,0,0,0,0,0,0,3.58687281608582,5.07338454951979,6.33489675099559,0,0,4.08570292552662,0,5.61541765597132,0,0,0,0,0,0,0,0,5.16608833233159,0,0,0,0,0,0,0,0,0,0,0,0,0,0,0,0,0,0,0,0,0,0,0,0,0,0,29.3852914174398,10.4418422005552,7.98695058897724,6.89647452400667,0,6.5271854922885,0,10.243791901403,3.8227204122851,8.20961284637451,0,0,0
0,0,0,62.6131851196289,0,84.4998397827148,0,0,0,0,0,5.97683922201395,0,0,0,0,94.9897003173828,87.4408912658691,68.9629384695765,4.15722195629166,0,0,0,0,0,0,0,0,0,0,0,4.81004544099172,0,6.82108131603216,0,0,3.58658337593079,5.82890348073059,0,44.0030413766702,0,48.0403721107627,61.6468238830566,53.1186802807976,74.5192337036133,36.630499583509,0,10.2114199995995,8.55997712135315,36.1211418696812,0,0,0,0,0,0,0,5.08371877670288,0,0,0,0,6.51438016438446,0,0,0,0,0,0,0,0,0,90.1902084350586,0,6.40612250179439,0,7.32226833017146,0,8.39792318341055,108.765380859375,9.01822461502916,108.552513122559,7.56691589943854,5.13963095347087,32.5892409753799,0,0
0,0,44.6924057006836,0,26.7028945287069,0,11.192174911499,0,30.3600597381592,0,3.63928438935961,0,0,0,0,0,83.9789403279622,89.9345474243164,65.2573835771162,0,7.93209498603389,0,0,0,0,0,0,0,0,0,0,0,3.51424460940891,0,4.08570292552662,3.58658337593079,0,0,7.60498372107017,0,42.7653478622437,90.479061126709,41.430745422234,57.2249450683594,51.5453717973497,0,42.5309161744359,5.74110612869263,36.3136561544318,0,18.7737499583851,0,0,0,0,0,43.7280297960554,0,0,0,0,0,0,19.7680563988092,0,0,0,0,0,0,0,0,0,0,0,2.93061174452305,0,5.14038317486391,100.529590606689,8.06138835255961,0,9.58679793434161,7.28876853691204,3.7105384349823,42.0250959701316,0,46.4234741528829
0,0,0,0,0,0,0,0,0,8.70335051653877,0,4.89063787605409,0,0,0,0,0,0,0,5.67765529395998,0,10.0678011719524,0,5.48019599117072,0,0,0,0,0,4.41776451756877,0,0,0,6.89673694372177,0,5.82890348073059,0,0,0,0,0,6.44677626002919,0,37.0713233947754,0,22.2343630646214,0,8.14715184689109,0,6.07553633126346,0,0,0,0,0,12.9178982478816,0,6.22356654498391,0,0,0,0,13.0941465059916,0,14.3300400061834,0,9.2492946634986,0,0,0,6.73996496811891,0,5.9200102256404,0,0,0,5.86137980681199,0,7.71543546177092,0,5.777799279633,0,5.62194197699628,3.51251325153169,6.92522783963329,0,0
0,0,47.2158546447754,0,0,0,0,0,15.592643411536,0,6.58457433614873,0,0,0,0,0,57.7292366027832,0,52.1436375209263,0,12.180334811564,0,8.71570979737487,0,4.68410737580494,0,0,0,3.14473064243793,0,3.13961332405315,0,0,0,5.61541765597132,0,7.60498372107017,0,0,0,0,0,24.4693210696386,0,29.0676788330078,0,32.1929908239541,5.45167368590575,6.25660822434085,0,0,0,0,0,19.9031561586592,0,11.3488086541494,0,0,0,0,0,0,21.3152076375484,0,11.2629639182402,0,5.44029684891378,0,0,0,3.89296754457617,0,3.25118386925165,0,0,0,0,0,11.4215571313801,0,5.91008721535131,5.14781203401144,0,12.7279292619611,0,24.4966705746121
0,0,0,27.7137767155965,0,24.6490214665731,0,0,0,63.474178314209,0,0,0,0,0,0,72.3388601938884,72.5260642556583,45.2034215871026,14.4467439651489,0,0,0,0,0,0,0,0,0,0,0,0,0,56.0032024383545,0,44.0030413766702,0,0,0,0,0,24.8430234924641,27.467689851056,24.4638345737748,39.1855201721191,11.5806647096651,55.9205300467355,29.4394950355802,16.876305103302,11.6971850215431,0,0,0,0,0,0,0,0,0,0,0,0,10.9534571736546,88.962287902832,0,0,0,0,0,0,0,0,50.9425184249878,0,0,0,53.611026763916,0,24.8777691976216,0,54.2444138764346,66.9223976135254,24.7514731854051,0,17.3833568600262,47.2116165161133,59.2484493255615
0,0,43.983013788859,0,44.9908129374186,0,0,0,0,0,0,0,0,0,0,0,0,0,47.1374026211825,0,39.0971056131216,0,0,0,0,0,0,0,0,0,0,0,0,0,0,0,42.7653478622437,0,0,0,0,0,27.8895064154975,47.0140647888184,34.537938117981,0,14.8670661581887,0,8.23020615463518,0,39.1768849690755,0,0,0,0,0,42.8676910400391,0,0,0,0,0,0,36.668824672699,0,0,0,0,0,0,0,0,0,0,0,0,0,0,0,16.0497712732476,0,23.3192423591929,23.6796264648438,0,14.0285138777259,0,39.9056256612142
76.3044281005859,13.9869225430039,0,28.5435344079696,0,43.4779993693034,0,0,0,30.9627720117569,0,0,0,0,0,0,62.3010912577311,54.3815025549669,33.6084100548637,0,70.1673965454102,0,0,4.73400616645813,0,0,0,0,0,0,0,0,0,37.695201449924,0,48.0403721107627,90.479061126709,6.44677626002919,0,24.8430234924641,0,0,12.8745394942965,21.2827457820067,35.0173792157854,23.9502926462901,38.9513658796038,23.8603625991676,30.7400035858154,25.8330679353304,0,0,0,0,0,0,0,0,0,0,0,0,18.0908873081207,59.1172466278076,0,0,0,0,0,0,0,0,12.7513660882649,0,34.5837232926313,0,33.4767759641012,0,32.2117825966036,68.7996154785156,29.2350866624826,69.8955230712891,15.2360538076403,0,14.2504811762371,9.72697851072181,32.8867877157111
6.83669447898865,0,38.9950256347656,33.9152610778809,45.6498311360677,45.9718894958496,0,0,28.2893915176392,0,30.8313093185425,0,0,0,0,0,35.7566010157267,48.2620554472271,23.7445371806767,0,33.7268037639037,0,72.6137313842773,0,49.7195701599121,0,0,0,0,0,0,0,0,0,0,61.6468238830566,41.430745422234,0,24.4693210696386,27.467689851056,27.8895064154975,12.8745394942965,0,20.9996627943856,16.0635258022108,23.4341090585768,13.9547335790797,23.5501747998324,10.1268404882129,34.0552734974002,0,0,0,0,0,0,26.4137379914252,0,0,0,0,0,0,33.8913836725296,0,0,0,0,0,0,0,0,45.8676338195801,8.65481853485107,0,0,62.5995330810547,0,48.063212098522,27.3216788217934,51.7700902046041,26.0178218785619,20.1298079061508,0,11.2024040765308,69.3562278747559,8.98835823752663
0,0,0,0,0,0,0,0,0,0,0,0,0,0,0,0,46.1830503463745,42.4564792844984,21.762181163159,29.4430065155029,0,0,0,0,58.4269599914551,0,0,0,0,0,0,0,0,0,0,53.1186802807976,57.2249450683594,37.0713233947754,0,24.4638345737748,47.0140647888184,21.2827457820067,20.9996627943856,0,26.586927096049,9.26443688135881,23.1798383813155,33.5694648742676,0,39.5169762883868,0,0,0,0,0,0,60.7717742919922,0,0,0,0,0,0,75.1384658813477,0,0,0,72.2877883911133,0,0,0,0,27.8254572261464,0,0,0,45.0120086669922,0,37.1603805675581,61.468132019043,33.3169612460666,49.4999694824219,24.4164897987717,0,16.7625911235809,17.7784072558085,27.0181584358215
0,0,0,0,0,0,0,0,0,0,0,0,0,0,0,0,31.1494608720144,65.1663284301758,24.266103504421,0,32.4916275024414,0,0,0,0,0,0,0,0,0,0,0,0,0,0,74.5192337036133,51.5453717973497,0,29.0676788330078,39.1855201721191,34.537938117981,35.0173792157854,16.0635258022108,26.586927096049,0,21.807804107666,13.8783638715744,0,0,0,0,0,0,0,0,0,0,0,0,0,0,0,0,26.1081531047821,0,0,0,0,0,0,0,0,0,0,0,0,0,0,60.4407895406087,34.8965817579986,50.3148193359375,32.2598972320557,35.5894298119978,0,11.0601699103912,0,20.0022289454937
0,0,0,12.7635959885159,0,16.8973381298931,0,0,0,15.2420782049497,0,0,0,0,0,0,48.048526763916,53.2123737335205,32.3179626244765,10.0061712035871,0,0,0,0,0,0,0,0,0,0,0,0,0,0,0,36.630499583509,0,22.2343630646214,0,11.5806647096651,0,23.9502926462901,23.4341090585768,9.26443688135881,21.807804107666,0,24.5629342397054,35.4610027452795,23.5633588270708,26.2284913995212,0,0,0,0,0,0,0,16.117929649353,0,0,0,0,6.82039146011043,0,0,0,0,0,0,0,0,0,24.542181824116,0,39.2526588439941,0,42.824520111084,0,26.3976878840569,53.3088779449463,24.4841864046773,62.2103553771973,19.0030374510868,12.1177897283009,10.498081841176,34.5442766462054,28.2401268005371
0,0,19.9564505245375,0,24.7218325331404,0,0,0,25.2577936649323,0,26.0382445199149,0,0,0,0,0,38.016994957785,59.1796229680379,21.7808330404163,0,24.2257384376146,0,0,0,0,0,0,0,0,0,46.4583930969238,0,0,0,0,0,42.5309161744359,0,32.1929908239541,55.9205300467355,14.8670661581887,38.9513658796038,13.9547335790797,23.1798383813155,13.8783638715744,24.5629342397054,0,38.2721138000488,23.8742805226311,51.6355476379395,24.1668078899384,0,0,0,0,0,24.1503570532497,0,0,0,0,0,0,15.9437604647875,0,0,0,0,0,0,0,0,0,0,0,0,0,0,60.8965637683868,27.9351163036624,65.719063949585,35.4186373015266,25.842142034379,15.9990949630737,11.0555292541736,0,26.5341750819509
0,0,0,47.7679438957801,0,53.2203439985003,0,0,25.7337501049042,19.5117730458577,0,0,0,0,0,0,0,0,46.5575256347656,0,0,25.4884435990277,24.6994017432718,12.9427928095279,19.0469026565552,0,0,0,0,0,0,9.41458703577518,0,6.69736241148424,5.16608833233159,10.2114199995995,5.74110612869263,8.14715184689109,5.45167368590575,29.4394950355802,0,23.8603625991676,23.5501747998324,33.5694648742676,0,35.4610027452795,38.2721138000488,0,10.1568683716591,7.29920197314903,0,0,0,0,27.3806706596823,20.4446042378743,0,0,0,0,0,0,0,0,23.29990396192,29.9721408367157,13.9942457381993,18.692075252533,0,0,0,0,65.4702758789062,0,8.59049655261793,0,6.09325236619428,5.41235977656221,11.1504559871762,5.66295945903529,7.45451376058145,9.79882445837072,8.81835123423381,3.55024147033691,14.9002819129549,32.4228401184082,43.1568031311035
5.86094819053589,0,5.90346518016997,31.5332794189453,15.6115320410047,36.519905090332,0,0,7.82086186847468,34.5914573669434,74.8709259033203,0,0,0,3.6818619966507,0,0,0,0,0,48.9225376674107,0,12.6377222064663,0,8.33991034068758,0,0,0,0,0,0,0,0,16.3702510197957,0,8.55997712135315,36.3136561544318,0,6.25660822434085,16.876305103302,8.23020615463518,30.7400035858154,10.1268404882129,0,0,23.5633588270708,23.8742805226311,10.1568683716591,0,5.6866203958338,46.7855847676595,0,0,0,7.0390824164663,0,18.9536243438721,0,3.32908463478088,0,3.15394678711891,0,0,40.0472875787306,0,17.0416568461118,0,5.77300059179745,0,3.63464507974427,0,5.04787810183754,0,4.73520843187968,0,0,16.7796700341361,0,17.8725502707741,9.13822093867103,0,7.15388844042078,14.5583006100641,32.8286437988281,9.49132473610975,0,31.7432727813721
0,5.18236790316393,0,12.011431301749,0,47.8689851027269,0,0,0,6.42574615108556,0,8.1106972694397,0,0,0,3.61258871078491,96.1518325805664,80.388069152832,53.9830553010963,14.9061450958252,0,12.651863722106,0,6.2715169698,0,0,0,0,0,0,0,0,0,42.2068087259928,0,36.1211418696812,0,6.07553633126346,0,11.6971850215431,0,25.8330679353304,34.0552734974002,39.5169762883868,0,26.2284913995212,51.6355476379395,7.29920197314903,5.6866203958338,0,0,0,0,0,0,7.88137391897348,0,7.05608342369527,0,8.68198276847921,0,4.42590927792735,19.8115882873535,72.743522644043,15.921776789815,0,5.78697416186333,0,4.96572923660278,0,5.08062909653312,0,5.80601587242988,0,14.6075930595398,0,17.0422957539558,0,37.6527314760646,114.518054962158,12.0642697567067,0,19.0942794800261,34.6357498168945,15.3703205847043,34.9703383194773,71.533869934082
0,0,13.5053059032985,0,4.19660647036666,0,5.68654537200928,0,3.89611911773682,0,7.05913841724396,0,0,0,0,0,0,0,0,0,9.52115189775508,0,0,0,0,0,0,0,0,0,0,0,0,0,0,0,18.7737499583851,0,0,0,39.1768849690755,0,0,0,0,0,24.1668078899384,0,46.7855847676595,0,0,0,0,0,2.88082607587179,0,3.64567190844838,0,3.31300597924453,0,2.749347448349,0,0,14.3438164797116,0,0,0,0,0,0,0,0,0,0,0,0,0,0,0,23.644225760682,0,44.5987205505371,5.36827726364136,0,13.6307969314081,0,0
0,0,0,0,0,3.30189243817733,0,0,0,0,0,0,0,0,0,0,0,0,0,0,0,0,0,0,0,0,0,0,0,0,0,0,0,0,0,0,0,0,0,0,0,0,0,0,0,0,0,0,0,0,0,0,0,0,0,2.8747611840566,0,0,0,0,0,0,0,0,0,0,0,0,0,0,0,0,0,0,0,0,0,0,0,0,0,0,0,0,0,0,0
0,0,0,0,8.01098656654358,0,3.12597886323929,0,0,0,4.83970503604158,0,0,0,0,0,0,0,0,0,4.22011179924011,0,0,0,0,0,0,0,0,0,0,0,0,0,0,0,0,0,0,0,0,0,0,0,0,0,0,0,0,0,0,0,0,0,0,0,0,0,0,0,0,0,0,10.9529571533203,0,0,0,0,0,0,0,0,0,0,0,0,0,0,0,0,0,0,4.97080755233765,0,0,0,0
0,0,0,0,0,0,0,2.88562309741974,0,0,0,2.74511671066284,0,0,0,0,0,0,0,0,0,0,0,0,0,0,0,0,0,0,0,0,0,0,0,0,0,0,0,0,0,0,0,0,0,0,0,0,0,0,0,0,0,0,0,0,0,0,0,0,0,0,0,0,0,0,0,0,0,0,0,0,0,0,0,0,0,0,0,0,0,0,0,0,0,0,0
7.05692063784308,0,7.27615283805633,0,3.86793624437772,0,0,0,4.4879839125644,0,0,0,0,0,3.50226974487305,0,15.4907039542129,40.3446365992228,43.6558326721191,0,0,54.2043800354004,22.1228992144267,0,8.56461871521813,0,28.9869260787964,0,0,0,0,0,0,0,0,0,0,0,19.9031561586592,0,0,0,0,0,0,0,0,27.3806706596823,7.0390824164663,0,2.88082607587179,0,0,0,0,0,0,0,3.03051133155823,0,3.83042699031616,0,0,0,0,28.8399613698324,0,8.15568677782188,0,11.6595939993858,0,0,0,0,0,0,0,0,0,0,0,16.3815024599587,18.5732277608385,0,7.9665596815256,0,0
0,5.13180562662259,0,3.92460450189843,0,3.46520665713719,0,0,0,5.53181253297943,0,0,0,0,0,3.0659396648407,0,16.6161353588104,0,0,0,0,0,4.43391052721325,0,0,0,0,0,0,0,0,0,0,0,0,0,12.9178982478816,0,0,0,0,0,0,0,0,0,20.4446042378743,0,7.88137391897348,0,2.8747611840566,0,0,0,0,0,0,0,0,0,3.58554914593697,0,0,0,0,5.2682170254043,0,0,0,0,0,0,0,0,0,0,0,0,0,12.7458541777826,0,4.89783235858468,0,7.11636084318161,0,0
10.5690922737122,0,11.111541973578,0,10.8700100183487,0,0,0,16.1178239822388,0,4.37645534375174,0,0,0,6.78829579353333,0,74.6366271972656,75.8356704711914,56.9073123931885,0,7.80168637978186,0,0,0,0,0,0,0,0,0,5.91353755527073,0,0,0,0,0,43.7280297960554,0,11.3488086541494,0,42.8676910400391,0,26.4137379914252,60.7717742919922,0,0,24.1503570532497,0,18.9536243438721,0,3.64567190844838,0,0,0,0,0,0,0,6.42476188242435,0,4.59945918963506,0,0,12.0072318322074,0,0,0,0,0,0,0,4.4895236492157,0,4.0217088866565,0,0,0,0,0,43.8030162387424,0,14.109706671207,6.61455340923802,0,11.5939268140048,0,13.8034922281901
0,13.9595852806455,0,0,0,0,0,3.43913289705912,0,0,0,5.12431218501517,0,3.86401406356267,0,0,0,0,0,6.84897518157959,0,21.6628532409668,0,0,0,0,0,0,0,7.82179326266912,0,0,0,0,0,5.08371877670288,0,6.22356654498391,0,0,0,0,0,0,0,16.117929649353,0,0,0,7.05608342369527,0,0,0,0,0,0,0,0,0,3.74217566387765,0,3.63449578425464,4.4165327486239,0,0,0,0,0,0,0,5.79129107018938,0,7.21436040198368,0,0,0,0,0,0,0,9.70098550557584,0,5.80718069189177,0,4.03005210460459,0,0
0,0,6.11237802505493,0,3.50102265179157,0,0,0,0,0,0,0,4.1250629529032,0,4.35394299890577,0,0,0,0,0,0,0,0,0,0,0,2.85096502304077,0,0,0,0,0,0,0,0,0,0,0,0,0,0,0,0,0,0,0,0,0,3.32908463478088,0,3.31300597924453,0,0,0,3.03051133155823,0,6.42476188242435,0,0,0,5.1102708403772,0,0,0,0,0,0,0,0,3.49267268180847,0,3.65838185082311,0,0,0,0,0,0,0,0,0,0,3.57485994696617,0,3.89739418029785,0,0
0,14.7970239775521,0,3.21173425018787,0,0,0,0,0,0,0,3.16872715950012,0,3.74487504655915,0,0,0,0,0,0,0,0,0,0,0,0,0,0,0,0,0,0,0,0,0,0,0,0,0,0,0,0,0,0,0,0,0,0,0,8.68198276847921,0,0,0,0,0,0,0,3.74217566387765,0,0,0,4.01317598670721,0,0,0,0,0,0,0,0,4.2777555848888,0,0,0,0,0,0,0,0,0,0,0,0,0,3.97264546818203,0,0
4.37592937635339,0,0,0,0,0,0,0,3.64643458953271,0,0,0,3.48769396543503,0,3.64400048019116,0,18.9555026715802,43.2116966247559,46.458568572998,0,0,0,33.818149294172,0,0,0,19.2903137207031,0,0,0,0,0,0,0,0,0,0,0,0,0,0,0,0,0,0,0,0,0,3.15394678711891,0,2.749347448349,0,0,0,3.83042699031616,0,4.59945918963506,0,5.1102708403772,0,0,0,0,0,0,0,0,7.15068341890971,0,4.00929975509644,0,0,0,0,0,0,0,0,0,0,0,0,7.6277154650007,0,0,0,0
0,4.75752683852216,0,3.60557378473736,0,0,0,0,0,5.37230730056763,0,0,0,2.84767762819926,0,3.09016309064977,0,4.65307771308081,0,0,0,0,0,0,0,6.06610304968698,0,0,0,0,0,0,0,0,0,0,0,0,0,0,0,0,0,0,0,0,0,0,0,4.42590927792735,0,0,0,0,0,3.58554914593697,0,3.63449578425464,0,4.01317598670721,0,0,0,0,0,0,0,0,5.51756896724142,0,0,0,0,0,0,0,0,0,0,0,0,0,0,0,0,0,0
0,0,0,0,0,11.6368834322149,0,0,0,0,0,4.39402741909027,0,0,0,0,0,0,0,6.07910672504633,0,0,0,0,0,0,0,0,0,0,0,0,0,0,0,6.51438016438446,0,13.0941465059916,0,10.9534571736546,0,18.0908873081207,0,0,0,6.82039146011043,0,0,0,19.8115882873535,0,0,0,0,0,0,0,4.4165327486239,0,0,0,0,0,0,0,0,0,0,0,0,34.5939598083496,0,19.2702513245436,0,0,0,0,0,10.7951432677726,0,16.852766479703,0,5.40712606940661,0,7.12053933878699,0,0
0,0,17.9582698161785,0,17.8408762481478,0,13.9265245437622,0,33.2640190124512,0,17.3885652851313,0,0,0,0,0,65.2654266357422,72.4169082641602,44.3864674900853,0,9.16382780417338,0,0,0,0,0,0,0,0,0,24.1031827926636,0,0,0,0,0,19.7680563988092,0,21.3152076375484,88.962287902832,36.668824672699,59.1172466278076,33.8913836725296,75.1384658813477,26.1081531047821,0,15.9437604647875,0,40.0472875787306,72.743522644043,14.3438164797116,0,10.9529571533203,0,0,0,12.0072318322074,0,0,0,0,0,0,0,0,0,0,0,0,0,0,0,0,11.6969308058421,0,0,0,0,82.4787292480469,18.2268563110125,0,18.9353309479114,19.517772662835,13.9861920674642,15.2895711092215,0,35.7999606365111
0,0,0,0,0,0,0,0,0,12.6425228118896,0,0,0,0,0,0,32.4545230865479,18.6909913185031,30.1486324310303,0,0,5.14894290674535,0,8.65566319354037,55.6604480743408,10.1017351150513,0,0,0,0,0,0,0,0,0,0,0,14.3300400061834,0,0,0,0,0,0,0,0,0,23.29990396192,0,15.921776789815,0,0,0,0,0,0,0,0,0,0,0,0,0,0,0,0,6.87887330632089,0,5.36957311959102,0,8.06259654472614,0,15.929983991843,0,0,0,0,0,0,0,9.22031307588389,0,7.87911845080058,2.74915885925293,27.4917602539062,0,0
0,0,0,0,0,0,0,0,32.8887996673584,0,0,0,0,0,31.211949781938,0,15.7023197909547,33.2793305023857,49.644380569458,0,0,30.7933101654053,4.73594736147254,75.8816757202148,6.11869394922831,0,15.8060958385468,0,5.11584614203857,0,0,0,0,0,0,0,0,0,11.2629639182402,0,0,0,0,0,0,0,0,29.9721408367157,17.0416568461118,0,0,0,0,0,28.8399613698324,0,0,0,0,0,0,0,0,0,0,0,0,6.40733860576502,0,4.80367034420544,0,6.25457544202928,0,14.4887132644653,0,0,0,0,0,0,0,9.72116343603661,10.276978181018,0,0,0,0
0,5.99450903455612,0,0,0,0,0,0,0,5.34607309631679,0,0,0,0,0,0,0,0,0,0,0,9.88103663712217,0,4.74696330008438,0,0,0,0,0,0,0,0,0,0,0,0,0,9.2492946634986,0,0,0,0,0,0,0,0,0,13.9942457381993,0,5.78697416186333,0,0,0,0,0,5.2682170254043,0,0,0,0,0,0,0,0,6.87887330632089,0,0,0,5.28292235327356,0,7.5211256957445,0,0,0,0,0,0,0,0,0,8.3489960590295,0,7.41319749472331,0,6.89229919733825,0,0
9.17995909282139,0,0,0,0,0,0,0,13.2341109222836,36.2907757759094,0,0,0,0,27.7207044454721,0,20.5722554460193,31.7995107407663,38.156916335777,0,0,31.0399789810181,6.71366841399244,0,4.85547554104288,0,20.8916100774493,0,0,0,0,0,0,0,0,0,0,0,5.44029684891378,0,0,0,0,72.2877883911133,0,0,0,18.692075252533,5.77300059179745,0,0,0,0,0,8.15568677782188,0,0,0,0,0,7.15068341890971,0,0,0,0,6.40733860576502,0,0,0,3.84920410647964,0,0,0,0,0,0,0,0,0,0,0,8.73244720346787,21.2019728693095,0,6.16905062118273,0,0
0,6.24407601356506,0,0,0,0,0,0,0,0,0,0,0,0,0,0,33.6137819290161,13.3543210078761,21.7816129684448,0,0,0,0,9.29457187652588,0,6.01359147050164,0,0,0,0,0,0,0,0,0,0,0,0,0,0,0,0,0,0,0,0,0,0,0,4.96572923660278,0,0,0,0,0,0,0,0,0,0,0,5.51756896724142,0,0,5.36957311959102,0,5.28292235327356,0,0,0,5.4669502724658,0,0,0,0,0,0,0,0,0,0,0,19.4036454287442,0,0,0,0
0,0,0,0,0,0,0,0,11.8271741867065,0,0,0,0,0,19.7966624895732,0,8.8621111797564,43.4227063315255,41.6998043060303,0,0,49.704833984375,7.93416513768277,0,3.82700085028624,0,4.45014027399676,0,3.06071937084198,0,0,0,0,0,0,0,0,0,0,0,0,0,0,0,0,0,0,0,3.63464507974427,0,0,0,0,0,11.6595939993858,0,0,0,3.49267268180847,0,4.00929975509644,0,0,0,0,4.80367034420544,0,3.84920410647964,0,0,0,3.37472082773844,0,0,0,0,0,0,0,0,0,0,16.7717462422555,0,4.85079276561737,0,0
0,0,0,0,0,0,0,0,0,0,0,0,0,0,0,0,0,0,0,0,0,9.40408200946281,0,10.6267800331116,0,0,0,4.62498584039695,0,0,0,0,0,0,0,0,0,6.73996496811891,0,0,0,0,0,0,0,0,0,0,0,5.08062909653312,0,0,0,0,0,0,0,5.79129107018938,0,4.2777555848888,0,0,34.5939598083496,0,8.06259654472614,0,7.5211256957445,0,5.4669502724658,0,0,0,4.57488550075463,0,0,0,0,0,0,0,5.85123084354671,0,14.6277456283569,0,6.44473615585015,0,0
11.7764482498169,0,0,0,0,0,0,0,0,0,0,0,0,0,0,0,5.72751061251906,0,0,0,0,0,7.28046899683335,0,0,0,3.38464760780334,0,3.18983978311592,0,4.20522041674013,0,0,0,0,0,0,0,3.89296754457617,0,0,0,0,0,0,0,0,0,5.04787810183754,0,0,0,0,0,0,0,4.4895236492157,0,3.65838185082311,0,0,0,0,0,0,6.25457544202928,0,0,0,3.37472082773844,0,0,0,3.79847486091383,0,0,0,0,0,0,0,4.39571959895322,8.2667738199234,0,0,0,0
0,0,0,41.9083633422852,0,51.7963027954102,0,0,0,0,0,6.02342674236619,0,0,0,0,0,0,65.2950261433919,9.15506615421989,0,14.2679230445022,0,0,0,0,0,2.78269333839417,0,5.9797619515389,0,0,0,0,0,90.1902084350586,0,5.9200102256404,0,50.9425184249878,0,12.7513660882649,45.8676338195801,27.8254572261464,0,24.542181824116,0,65.4702758789062,0,5.80601587242988,0,0,0,0,0,0,0,7.21436040198368,0,0,0,0,19.2702513245436,0,15.929983991843,0,0,0,0,0,4.57488550075463,0,0,0,0,0,0,0,62.5412070534446,134.067932128906,6.39763893046828,0,63.0679798126221,0,10.8465571046013,20.2309867011176,0
12.4248418807983,0,0,0,0,0,0,0,0,0,4.86695830258456,0,4.78935570716858,0,0,0,0,0,0,0,12.3917942047119,0,0,0,0,0,0,0,3.3859216299924,0,3.89890049397945,0,0,0,0,0,0,0,3.25118386925165,0,0,0,8.65481853485107,0,0,0,0,0,4.73520843187968,0,0,0,0,0,0,0,4.0217088866565,0,0,0,0,0,0,11.6969308058421,0,14.4887132644653,0,0,0,0,0,3.79847486091383,0,0,0,0,0,0,0,0,0,5.86170693934486,3.87256757181082,0,13.2275731563568,0,0
0,0,0,0,0,0,0,0,0,0,0,0,0,0,0,0,0,0,46.6623582839966,0,0,0,0,0,0,0,0,0,0,0,0,4.78907370524364,5.51877234053256,17.4215440125207,29.3852914174398,6.40612250179439,0,0,0,0,0,34.5837232926313,0,0,0,39.2526588439941,0,8.59049655261793,0,14.6075930595398,0,0,0,0,0,0,0,0,0,0,0,0,0,0,0,0,0,0,0,0,0,0,0,0,0,0,19.3178478361824,0,21.7244079271952,0,29.6652223413641,43.8328628540039,5.04223811031414,0,0,0,0
0,0,0,0,0,0,0,0,0,0,0,0,0,0,0,0,0,0,0,0,0,0,0,0,0,0,0,0,0,0,0,9.06543502807617,11.2439886624996,0,10.4418422005552,0,2.93061174452305,0,0,0,0,0,0,0,0,0,0,0,0,0,0,0,0,0,0,0,0,0,0,0,0,0,0,0,0,0,0,0,0,0,0,0,0,0,0,0,0,17.5867141577971,0,5.40648215081957,0,29.2226976933687,3.31889021396637,0,0,0,0
0,0,0,0,0,0,0,0,0,0,0,0,0,0,0,0,0,0,47.3784370422363,0,0,0,0,0,0,0,0,0,0,0,0,19.4127587104941,17.9243776148016,6.91407464563236,7.98695058897724,7.32226833017146,0,5.86137980681199,0,53.611026763916,0,33.4767759641012,62.5995330810547,45.0120086669922,0,42.824520111084,0,6.09325236619428,16.7796700341361,17.0422957539558,0,0,0,0,0,0,0,0,0,0,0,0,0,0,0,0,0,0,0,0,0,0,0,0,19.3178478361824,0,0,13.2510503133138,9.93702879244998,0,5.22258264746121,19.4364628647313,7.51003280413557,0,27.9734497070312,0,0
0,0,0,0,0,0,0,0,0,0,0,0,0,0,0,0,0,0,0,0,0,0,0,0,0,0,0,0,0,0,0,0,7.4463132866868,7.90439419160809,6.89647452400667,0,5.14038317486391,0,0,0,0,0,0,0,0,0,0,5.41235977656221,0,0,0,0,0,0,0,0,0,0,0,0,0,0,0,0,0,0,0,0,0,0,0,0,0,0,0,17.5867141577971,13.2510503133138,0,0,6.77492189107922,0,10.6432653374997,5.39413211945774,9.41064039866129,0,0,0
0,0,0,45.5443401932716,0,32.4291351795197,0,0,0,59.1975816090902,0,5.4922890663147,0,0,0,0,78.4950850113578,79.4795070886612,49.1524117565418,7.08303228782604,79.1777801513672,0,102.795781453451,0,88.808967590332,0,0,0,0,0,0,9.07307873453413,0,10.2290205157855,0,8.39792318341055,100.529590606689,7.71543546177092,0,24.8777691976216,0,32.2117825966036,48.063212098522,37.1603805675581,60.4407895406087,26.3976878840569,60.8965637683868,11.1504559871762,17.8725502707741,37.6527314760646,0,0,0,0,0,0,0,0,0,0,0,0,10.7951432677726,82.4787292480469,0,0,0,0,0,0,0,0,62.5412070534446,0,21.7244079271952,0,9.93702879244998,0,0,104.027514987522,20.3118861995269,91.0381382533482,24.4340734144677,38.6573918660482,34.2268646599597,43.2834104998358,61.441579364595
0,0,0,0,24.3601545446059,0,18.7808310190837,0,0,0,43.8204596837362,0,0,0,0,0,66.3434717244115,85.7096498277452,49.6778314947754,0,13.3423297693832,0,0,84.0500259399414,83.9672546386719,0,0,0,0,0,0,0,4.88979072501694,0,6.5271854922885,108.765380859375,8.06138835255961,0,11.4215571313801,0,16.0497712732476,68.7996154785156,27.3216788217934,61.468132019043,34.8965817579986,53.3088779449463,27.9351163036624,5.66295945903529,9.13822093867103,114.518054962158,23.644225760682,0,0,0,0,0,43.8030162387424,0,0,0,0,0,0,18.2268563110125,0,0,0,0,0,0,0,0,134.067932128906,0,0,5.40648215081957,0,6.77492189107922,104.027514987522,0,97.2303504943848,12.0130884127272,16.2008873294382,0,30.1285352277326,0,28.5294904631328
0,0,0,46.135147026607,0,54.1441900465224,0,0,0,12.1920041950068,0,8.33848253694404,0,0,0,0,76.9591410601581,67.9374972123366,51.687572226662,12.7314406389381,0,13.4296113068495,0,7.13075705716525,0,0,0,0,0,4.46676107883453,0,23.5582981109619,0,6.7130175844723,0,9.01822461502916,0,5.777799279633,0,54.2444138764346,0,29.2350866624826,51.7700902046041,33.3169612460666,50.3148193359375,24.4841864046773,65.719063949585,7.45451376058145,0,12.0642697567067,0,0,0,0,0,12.7458541777826,0,9.70098550557584,0,0,0,0,16.852766479703,0,9.22031307588389,0,8.3489960590295,0,0,0,5.85123084354671,0,6.39763893046828,0,29.6652223413641,0,5.22258264746121,0,20.3118861995269,97.2303504943848,0,67.7147526741028,21.4106095181617,22.8017601966858,20.3806063527862,26.3027889796666,62.8169204711914
