0,0,4.14993734359741,0,0,0,0,0,5.48206910435457,0,0,0,0,0,0,0,0,0,17.5150192578634,0,0,0,0,0,0,0,0,0,0,0,0,0,0,0,0,0,0,0,0,0,0,0,3.72751347223918,0,0,0,0,0,4.50550701754734,0,0,0,0,0,4.79901938349287,0,6.64214515686035,0,6.22909313348623,0,5.65994498512962,0,0,0,0,0,0,0,0,0,0,0,0,0,0,0,0,0,0,0,0,32.574878692627,5.34795731656692,0,8.28957739582768,0,3.55812638998032
0,0,0,4.02634007866318,0,0,0,0,0,5.14926636762786,0,0,0,0,0,0,0,0,8.66521652539571,0,0,0,0,0,0,0,0,0,0,0,0,0,0,0,0,0,0,32.4808027094061,0,0,0,15.4475310252263,0,0,0,0,0,0,0,6.41363918733096,0,0,0,0,0,6.64416068333846,0,13.247220845402,0,7.77157381421702,0,5.22847545247118,0,0,17.6987991333008,0,0,0,4.50354206562042,0,0,0,0,0,0,0,0,0,0,0,31.678813457489,0,8.74722870751535,0,13.3594518242211,18.1760559082031,0
4.14993734359741,0,0,0,7.65834105014801,0,0,0,5.36547377170661,0,0,0,0,0,0,0,0,0,0,0,34.5890922546387,0,0,0,0,0,0,0,0,0,0,0,0,0,0,0,25.1193447113037,0,0,0,0,0,20.6656263669332,0,0,0,0,0,4.65029413334645,0,9.54659032821655,0,0,0,7.47811855363452,0,25.923015853106,0,2.95869533220927,0,0,0,0,30.2744445800781,0,0,0,0,0,0,0,0,0,34.1890058517456,0,0,0,0,0,0,0,0,6.33366703120145,0,8.98582191644301,0,20.0487670898438
0,4.02634007866318,0,0,0,6.10279879570007,0,0,0,0,0,0,0,0,0,0,0,0,68.1473210652669,0,0,0,0,0,0,0,0,0,0,0,0,0,0,0,0,57.6924934387207,0,27.5347668965658,0,37.2247734069824,0,24.713610458374,0,32.7420043945312,0,32.0010261535645,0,0,0,9.78781509216951,0,6.07172587826138,0,0,0,7.01578652064005,0,24.2827194012886,0,3.13089950169836,0,4.19354341282108,39.1386184692383,0,0,0,0,0,0,0,0,0,29.1262204007405,0,0,0,0,0,44.7456631130642,0,33.8497629899245,0,16.1759024858475,0,21.8117700456416,17.2667245804125,49.7409477233887
0,0,7.65834105014801,0,0,0,3.2299501657486,0,24.464729309082,0,36.6455101013184,0,6.87436842918396,0,0,0,0,0,0,0,8.81991209144945,0,0,0,0,0,0,0,0,0,0,0,0,0,0,0,26.0869291543961,0,0,0,0,0,34.6529354404759,0,0,0,17.6326751708984,0,35.6097068786621,0,4.60514917342286,0,3.28146962686019,0,28.7633349100749,0,25.1734920960886,0,4.28198902947562,0,0,0,0,12.0103411061673,0,0,0,0,0,0,0,37.5363006591797,0,37.797583538553,0,0,0,0,0,30.55966796875,0,42.786792755127,9.87920126684536,0,12.1822921039088,0,34.2071704864502
0,0,0,6.10279879570007,0,0,0,5.08837347645913,0,0,0,3.02611696720123,0,0,0,0,0,0,0,0,0,0,0,0,0,0,0,0,0,0,0,0,0,0,0,0,0,0,0,0,0,0,0,0,0,0,0,0,0,0,0,3.09293956226773,0,4.5229160785675,0,0,0,4.7449414730072,0,0,0,4.08351716995239,6.77022498846054,0,0,0,0,0,0,0,0,0,0,0,0,0,0,0,0,0,0,0,3.76358121268603,0,7.61037984761325,0,0
0,0,0,0,3.2299501657486,0,0,0,0,0,4.97898181776206,0,8.03849792480469,0,0,0,0,0,0,0,4.69786078534662,0,0,0,0,0,0,0,0,0,0,0,0,0,0,0,0,0,0,0,0,0,0,0,0,0,0,0,0,0,0,0,3.57169268908126,0,0,0,4.77710632808873,0,3.6664013473355,0,0,0,0,3.67235480944316,0,0,0,0,0,0,0,0,0,0,0,0,0,0,0,0,0,0,4.22923427600924,3.50161705414454,0,0,0
0,0,0,0,0,5.08837347645913,0,0,0,0,0,3.77948571576013,0,0,0,0,0,0,0,4.92920025189718,0,0,0,0,0,0,0,0,0,0,0,0,0,0,0,0,0,0,0,0,0,0,0,0,0,0,0,0,0,0,0,5.44837348801749,0,4.09702642089933,0,0,0,4.56220560287362,0,3.1635195016861,0,0,9.76264600556596,0,0,0,0,0,0,0,0,0,0,0,0,0,0,0,0,0,0,0,3.47157273085221,0,11.1491874059041,0,0
5.48206910435457,0,5.36547377170661,0,24.464729309082,0,0,0,0,0,0,0,0,0,7.84035691306705,0,19.3702199390739,47.2989762624105,14.2031827043709,0,0,38.18896484375,34.0709075927734,0,15.8190259641072,55.4197521209717,28.9906246185303,0,25.1243918736776,0,0,0,0,0,0,0,0,0,4.75027278951696,54.7886428833008,85.8899154663086,41.7786979675293,7.68966255468481,25.5403575897217,0,0,0,0,10.8604033133563,0,0,0,0,0,5.23061272930541,0,36.3991050720215,0,0,0,9.41639024681515,0,0,0,0,0,0,16.8580188221402,0,20.9906077589308,0,0,0,42.8333168029785,0,0,0,0,61.0865711212158,73.5410182659443,52.9808959960938,8.10787402666532,9.78879069307835,18.5173502422514,6.84659239742583,0,3.87159927686056
0,5.14926636762786,0,0,0,0,0,0,0,0,0,0,0,0,0,3.69928066403258,39.5896574656169,8.30639212013136,41.8478231430054,0,0,0,0,7.31066332092144,0,0,0,0,0,0,0,0,0,22.755220413208,0,0,0,12.2816568247674,0,0,0,9.97351382641082,0,0,0,0,0,0,0,4.87740335262874,0,0,0,0,0,4.87176718448275,0,0,0,0,71.9076080322266,4.84347200393677,0,0,0,0,6.64773327654058,0,0,0,0,0,0,0,0,0,24.7260761260986,0,0,0,11.3881284247274,0,6.77917274005316,3.3275066614151,12.8656099866378,15.1913404464722,0
0,0,0,0,36.6455101013184,0,4.97898181776206,0,0,0,0,0,3.8343818119594,0,0,0,0,0,48.4479729788644,0,5.16744016434284,0,0,0,0,0,0,0,0,0,2.85099003531716,0,0,0,0,0,4.28712290647079,0,3.78667071527905,0,42.1252873738607,0,20.8079252632297,0,0,0,0,0,49.1375141143799,0,3.05180931091309,0,4.87965798377991,0,0,0,5.58023439292555,0,0,0,0,0,0,12.131840012496,0,0,0,0,0,0,0,14.0786809921265,0,5.84506411483322,0,0,0,0,0,34.5021929340927,0,6.71082267901994,5.85355723578975,3.30322758115903,23.1439769672898,0,17.4550199985504
0,0,0,0,0,3.02611696720123,0,3.77948571576013,0,0,0,0,0,3.57865414654251,0,0,0,0,0,3.55872088863004,0,0,0,0,0,0,0,0,0,4.36354958179385,0,0,0,0,0,2.91224055940455,0,4.53582903137781,0,0,0,0,0,0,0,0,0,0,0,0,0,3.23910948634148,0,7.4732608795166,0,0,0,4.8039438798275,0,3.18469971197623,0,0,5.53570291788682,0,0,0,0,0,0,0,0,0,5.31889653237874,0,0,0,0,0,8.18767350912094,0,6.83541467425587,0,4.60440376610823,0,4.82347164655987,0,0
0,0,0,0,6.87436842918396,0,8.03849792480469,0,0,0,3.8343818119594,0,0,0,3.44521590379568,0,0,0,0,0,0,0,0,0,0,0,0,0,2.74508738517761,0,0,0,0,0,0,0,0,0,0,0,0,0,0,0,0,0,0,0,0,0,0,0,0,0,0,0,3.88041549921036,0,3.31990454628964,0,4.84789752960205,0,0,0,0,0,0,0,0,0,0,11.1808366775513,0,0,0,0,0,0,0,0,0,0,3.11962958928701,3.30879219158276,0,0,0
0,0,0,0,0,0,0,0,0,0,0,3.57865414654251,0,0,0,4.12070852518082,0,0,0,0,0,0,0,0,0,0,0,0,0,2.94976131121318,0,0,0,0,0,0,0,0,0,0,0,0,0,0,0,0,0,0,0,0,0,0,0,2.83052031199137,0,0,0,3.37229478359222,0,3.0937238962754,0,3.47033588091532,0,0,0,0,0,0,0,0,0,0,0,0,0,0,0,0,0,0,0,0,4.36810303856345,4.87078189849854,0,0,0
0,0,0,0,0,0,0,0,7.84035691306705,0,0,0,3.44521590379568,0,0,0,21.3846858762345,55.1878406524658,63.8270174662272,0,0,0,0,0,11.1531947220073,0,22.7102891818897,0,4.00746715068817,0,0,0,0,0,0,141.195251464844,0,0,0,0,0,0,0,0,0,0,0,0,0,0,0,0,0,0,6.79339301175085,0,0,0,4.30300378717508,0,5.79567233654631,0,0,0,0,0,0,13.4470977783203,0,11.1981674940028,0,7.76918525695801,0,0,0,0,0,0,0,68.7117614746094,0,0,13.0791668089462,10.0356035283817,0,0,0
0,0,0,0,0,0,0,0,0,3.69928066403258,0,0,0,4.12070852518082,0,0,40.1096460554335,9.07509407984348,84.0099716186523,0,0,0,0,0,0,5.28280487927524,0,0,0,0,0,0,0,0,0,0,0,0,0,0,0,0,0,0,0,0,0,0,0,0,0,0,0,0,0,0,0,0,0,0,0,3.38735270500183,0,0,0,0,0,0,5.23354044827548,0,0,0,0,0,0,0,0,0,0,0,0,0,12.3919275351933,0,0,0,0
0,0,0,0,0,0,0,0,19.3702199390739,39.5896574656169,0,0,0,0,21.3846858762345,40.1096460554335,0,25.7598168592487,32.9402825650421,0,64.0797367095947,32.2750299453735,6.00237864515056,34.7148068745931,23.1673382094147,34.2333466379266,16.0247785989505,0,9.77768913305031,0,0,0,0,0,0,100.46474202474,98.1823921203613,0,73.6538829803467,79.4409386207317,69.6626817612421,62.3527948479903,48.3504735838692,56.1949806213379,45.4170065985786,0,59.3233337402344,0,0,90.6902872721354,0,0,0,0,21.8344604787026,29.7488346099854,60.4488983154297,77.7075881958008,0,0,25.4178022325566,0,91.7819311959403,63.2770118713379,0,0,0,20.644996881485,40.2685623168945,19.5424073134423,0,17.2331798251082,70.5383071899414,0,0,0,0,0,81.0833527451261,78.4340918373927,72.5480049133301,69.3674154059832,17.9277282265107,9.09932802914595,57.5286285994483,64.8798278808594,46.3588325793927
0,0,0,0,0,0,0,0,47.2989762624105,8.30639212013136,0,0,0,0,55.1878406524658,9.07509407984348,25.7598168592487,0,22.2153802652253,0,88.3001861572266,6.6943161772645,0,15.4618958851387,51.6494438417496,9.36007115313115,45.9521882772446,10.6142541964849,49.7950614929199,0,0,0,0,0,0,113.331718444824,78.0317687988281,0,0,76.9326596941267,98.0693344116211,58.1737934235604,71.9250179290771,57.2727012634277,60.3473110198975,0,84.619140625,0,0,60.0482292175293,0,0,0,0,48.1321021770609,16.9158407940584,75.6756896972656,0,0,0,48.6319015108306,4.8379455142551,84.1789855957031,80.6776885986328,0,0,4.4222175524785,61.2992401123047,7.28791842768269,43.486738927156,0,39.6794013977051,0,0,0,0,0,0,86.9638308474892,92.0975079006619,75.3712692260742,85.4927738734654,14.2230339182378,9.09333707172363,64.2895834181044,52.6496734619141,68.1134533882141
17.5150192578634,8.66521652539571,0,68.1473210652669,0,0,0,0,14.2031827043709,41.8478231430054,48.4479729788644,0,0,0,63.8270174662272,84.0099716186523,32.9402825650421,22.2153802652253,0,0,43.2250433296993,46.8128852844238,0,28.1911239624023,36.3206297344632,38.3427418073018,43.9841488083797,0,52.4339694976807,0,0,0,0,55.0729192097982,0,62.6621037162311,66.2128050062392,20.4144906997681,46.0172824859619,37.4194303852513,45.3775921501065,22.8902660528156,17.6615716445587,19.637036345507,28.9590926965078,45.2163600921631,39.6619669596354,53.8730962117513,41.5714975992839,31.9209040158416,0,0,0,0,31.533047403608,0,44.1054723639237,24.2651309967041,0,0,35.4639552723278,0,47.6202685875807,43.5041972193225,0,0,0,31.7414617538452,32.6904182434082,41.4115866252354,0,48.2157033284505,32.6069373071721,42.1833312988281,0,0,47.5955619812012,0,48.1750249852579,56.3523338175908,38.195798710962,46.4075215075156,17.377883711092,41.2828674722225,29.0516107614284,12.9389473273172,25.0879273270116
0,0,0,0,0,0,0,4.92920025189718,0,0,0,3.55872088863004,0,0,0,0,0,0,0,0,0,0,0,0,0,0,0,0,0,0,0,0,0,0,0,4.30969501700666,0,3.80774599749867,0,0,0,0,0,0,0,0,0,0,0,0,0,0,0,0,0,0,0,3.69032346760785,0,0,0,0,3.7685536943295,0,0,0,0,0,0,0,0,0,7.74749081785029,0,0,0,0,0,9.59545980315459,0,7.54565603004218,0,4.12271277859526,0,6.77570414543152,0,0
0,0,34.5890922546387,0,8.81991209144945,0,4.69786078534662,0,0,0,5.16744016434284,0,0,0,0,0,64.0797367095947,88.3001861572266,43.2250433296993,0,0,0,0,0,0,0,0,0,0,0,0,0,0,0,0,0,5.48765853089053,0,4.58731790324349,0,46.773247058575,65.2521667480469,22.782492927883,0,23.0709733963013,0,21.4867298867967,0,46.6977996826172,0,5.28982922487092,0,2.94898255666097,0,0,0,8.68968097629176,0,0,0,0,0,0,7.91336294755086,0,0,0,0,0,0,0,15.5234303474426,0,38.057565053304,0,0,0,0,0,14.2898542577706,0,10.7405523001617,9.72677211170049,0,21.4945241202295,0,19.3244472026825
0,0,0,0,0,0,0,0,38.18896484375,0,0,0,0,0,0,0,32.2750299453735,6.6943161772645,46.8128852844238,0,0,0,4.51332359476239,4.12614866097768,0,3.02948836485545,0,3.54373328345163,0,0,0,0,0,20.6455307006836,0,0,0,5.19784404379199,6.11750512702443,0,0,0,0,0,0,0,0,21.5738122463226,0,6.49624635872927,0,0,0,0,0,0,0,17.4793977737427,0,0,0,0,0,0,4.49554379157837,7.51844174975441,5.34936677492582,0,5.60537341535091,0,4.5760955563907,0,0,0,0,0,0,0,0,0,5.05107581073588,0,4.02989907002555,4.2829176015891,19.1787612438202,0,0
0,0,0,0,0,0,0,0,34.0709075927734,0,0,0,0,0,0,0,6.00237864515056,0,0,0,0,4.51332359476239,0,0,5.41983196229646,0,3.15090105647133,0,3.43534294343153,0,0,0,0,0,0,0,0,3.9491237345196,6.18881855838292,0,0,0,0,0,0,0,0,0,5.51053474329669,0,0,0,0,0,41.0279655456543,0,0,0,0,0,0,0,0,0,6.80657248521589,4.72622903190245,0,6.04008495807648,0,7.63873918851217,0,3.54626329606321,0,0,0,0,0,0,0,0,5.15338604790824,8.13039778470993,3.83359577823921,3.75511628038743,0,0,0
0,0,0,0,0,0,0,0,0,7.31066332092144,0,0,0,0,0,0,34.7148068745931,15.4618958851387,28.1911239624023,0,0,4.12614866097768,0,0,0,4.00425397025214,0,0,0,0,0,0,0,20.5077912012736,0,0,0,8.88424360737443,0,0,0,6.21211672764198,0,16.0382442474365,0,0,0,22.1727183205741,0,7.72863375871701,0,0,0,0,27.6423759460449,8.44699925468082,0,19.6429842199598,0,25.3068804740906,0,0,0,0,3.41240491185869,0,4.78950565034451,0,5.85951456317195,0,11.8722538948059,0,0,0,0,0,21.1926860809326,0,0,0,10.3472137938694,0,4.33247197225849,0,18.2133748928706,6.04718378611973,0
0,0,0,0,0,0,0,0,15.8190259641072,0,0,0,0,0,11.1531947220073,0,23.1673382094147,51.6494438417496,36.3206297344632,0,0,0,5.41983196229646,0,0,0,11.057455488976,0,19.5535271962484,0,0,0,0,0,0,115.858909606934,0,0,4.07046211440608,64.4220275878906,0,0,10.492449760437,0,0,0,0,0,6.55333737753452,0,0,0,0,0,9.16495080118055,0,0,0,0,0,12.1791855365999,0,0,0,0,4.60260645274458,0,3.76820692943253,0,5.85361069608527,0,19.0608599526542,0,0,0,0,0,0,84.1714299519857,72.2545822143555,0,5.57156181335449,16.0333166277086,22.449426651001,5.27732646923799,0,0
0,0,0,0,0,0,0,0,55.4197521209717,0,0,0,0,0,0,5.28280487927524,34.2333466379266,9.36007115313115,38.3427418073018,0,0,3.02948836485545,0,4.00425397025214,0,0,0,0,0,0,0,0,0,0,0,0,0,0,0,0,0,0,0,0,0,0,0,0,0,0,0,0,0,0,0,0,0,0,0,0,0,0,0,0,5.13234929034584,0,3.05028287930922,0,4.11232990387714,0,4.51044289271037,0,0,0,0,0,0,0,0,0,0,0,6.12704076317843,3.99746219022774,0,0,0
0,0,0,0,0,0,0,0,28.9906246185303,0,0,0,0,0,22.7102891818897,0,16.0247785989505,45.9521882772446,43.9841488083797,0,0,0,3.15090105647133,0,11.057455488976,0,0,0,5.82263186380461,0,0,0,0,0,0,0,0,0,0,75.9345321655273,77.3310089111328,66.1474761962891,47.203426361084,0,0,0,0,0,0,0,0,0,0,0,26.6010093688965,0,0,0,0,0,23.1921405333739,0,0,0,0,0,0,18.9663233757019,0,8.64487139619776,0,25.131804784139,0,0,0,0,0,0,98.0652694702148,99.5682907104492,0,67.6282653808594,20.545561261799,18.1495045071883,60.4615688323975,0,0
0,0,0,0,0,0,0,0,0,0,0,0,0,0,0,0,0,10.6142541964849,0,0,0,3.54373328345163,0,0,0,0,0,0,0,3.65251839120233,0,0,0,0,0,0,0,4.74472834967604,0,0,0,0,0,0,0,0,0,0,0,0,0,0,0,0,0,0,0,0,0,0,0,0,0,0,0,0,0,0,4.21340847015381,0,5.09672322206843,0,5.46003873007638,0,0,0,0,0,0,0,6.91209051249915,0,11.5407314300537,3.31827624638875,0,0,0
0,0,0,0,0,0,0,0,25.1243918736776,0,0,0,2.74508738517761,0,4.00746715068817,0,9.77768913305031,49.7950614929199,52.4339694976807,0,0,0,3.43534294343153,0,19.5535271962484,0,5.82263186380461,0,0,0,3.29392328670433,0,0,0,0,0,0,0,2.86416474410466,0,0,0,0,52.7016944885254,0,0,0,0,0,0,0,0,0,0,17.9105100631714,0,0,0,3.62755447939823,0,15.5785608291626,0,0,0,0,3.94618844985962,0,0,0,19.5186009407043,0,4.31441670372373,0,3.73940544030101,0,0,0,0,0,0,0,3.26690749327342,6.70969169065233,8.54662572840849,0,0,0
0,0,0,0,0,0,0,0,0,0,0,4.36354958179385,0,2.94976131121318,0,0,0,0,0,0,0,0,0,0,0,0,0,3.65251839120233,0,0,0,0,0,0,0,0,0,3.42950007008382,0,0,0,0,0,0,0,0,0,0,0,0,0,0,0,0,0,0,0,3.63782708541207,0,3.92919719219208,0,0,0,0,0,0,0,0,0,0,4.5462230424196,0,6.24388184292445,0,0,0,0,0,0,0,6.63620492844906,0,3.78458479317752,0,0,0,0
0,0,0,0,0,0,0,0,0,0,2.85099003531716,0,0,0,0,0,0,0,0,0,0,0,0,0,0,0,0,0,3.29392328670433,0,0,0,0,0,0,0,0,0,2.98821289915788,0,0,0,0,0,0,0,0,0,0,0,0,0,0,0,0,0,3.50797198269818,0,0,0,0,0,0,0,0,0,0,0,0,0,0,2.83277136938913,0,4.08348260171105,0,0,0,0,0,0,0,3.39733842213949,3.34697764502631,3.99941132094834,0,0,0
0,0,0,0,0,0,0,0,0,0,0,0,0,0,0,0,0,0,0,0,0,0,0,0,0,0,0,0,0,0,0,0,5.77125888299103,7.2780677451462,11.7112794926292,3.82370070870041,6.24246954917908,0,0,9.93409633636475,0,15.1700963973999,0,0,0,0,0,5.8799702583405,17.5318470954895,10.1418971061707,0,0,0,0,0,0,0,0,0,0,0,0,40.6729049682617,0,0,0,0,0,0,0,0,0,0,0,5.6165948194616,7.30250548859082,7.06214166627563,8.5953311920166,6.55918403884821,14.1693921089172,0,0,4.395548561738,0,10.9909477233887,0,0
0,0,0,0,0,0,0,0,0,0,0,0,0,0,0,0,0,0,0,0,0,0,0,0,0,0,0,0,0,0,0,5.77125888299103,0,11.344965127992,3.53267297858284,4.40022169219123,3.88775926828384,0,0,0,0,0,0,0,0,0,0,4.2892817356576,5.23362430844988,0,0,0,0,0,0,0,0,0,0,0,0,0,0,0,0,0,0,0,0,0,0,0,0,0,6.6938510838896,5.07197966930332,12.3359374177867,3.83030513616709,5.32139199972153,5.90799810215678,0,0,3.21476495712996,0,0,0,0
0,0,0,0,0,0,0,0,0,22.755220413208,0,0,0,0,0,0,0,0,55.0729192097982,0,0,20.6455307006836,0,20.5077912012736,0,0,0,0,0,0,0,7.2780677451462,11.344965127992,0,6.04390104405292,6.70221835352999,0,6.78308315671797,5.09757363254374,30.7157695476825,0,19.7935559106252,25.4665481567383,0,0,0,0,6.39431098395826,16.4425760269165,11.7988770677802,0,0,0,0,0,27.4838380813599,0,0,0,0,0,0,37.9004550933838,0,0,0,0,0,0,0,0,0,0,0,6.83154516204338,6.4020621135317,5.15937617783344,6.49512938526569,6.4034392447085,0,6.39962550255952,6.45656047264735,6.18292189993585,11.5397287423794,18.4247650048672,0,0
0,0,0,0,0,0,0,0,0,0,0,0,0,0,0,0,0,0,0,0,0,0,0,0,0,0,0,0,0,0,0,11.7112794926292,3.53267297858284,6.04390104405292,0,0,3.06169920861721,2.73399519920349,3.8261387348175,0,0,0,11.75852394104,0,0,0,0,4.26801154912029,5.55252456041723,0,0,0,0,0,0,0,0,0,0,0,0,0,0,0,0,0,0,0,0,0,0,0,0,0,8.41273784637451,4.24731482399835,7.4615714091521,3.8696727252638,0,5.53898681434425,0,6.41869405625572,3.74717877234942,0,8.37277519075494,0,0
0,0,0,57.6924934387207,0,0,0,0,0,0,0,2.91224055940455,0,0,141.195251464844,0,100.46474202474,113.331718444824,62.6621037162311,4.30969501700666,0,0,0,0,115.858909606934,0,0,0,0,0,0,3.82370070870041,4.40022169219123,6.70221835352999,0,0,3.57408907230804,4.27245047894875,3.57726466655731,37.4241521188191,96.4696502685547,41.061910422643,100.083702087402,53.2537879943848,0,16.7514246734221,0,14.0200502568103,24.4629073509803,29.6148238918646,0,0,0,0,0,0,0,37.5164706707001,0,0,0,0,10.8915792038662,0,0,0,0,0,0,94.6735229492188,0,0,54.7247231801351,0,3.89819843668333,0,5.1897427981032,0,6.78371969652169,9.91197284336748,5.55375324186905,0,5.0421946582226,6.38605669975281,21.6572190977997,41.7857888085502,0
0,0,25.1193447113037,0,26.0869291543961,0,0,0,0,0,4.28712290647079,0,0,0,0,0,98.1823921203613,78.0317687988281,66.2128050062392,0,5.48765853089053,0,0,0,0,0,0,0,0,0,0,6.24246954917908,3.88775926828384,0,3.06169920861721,3.57408907230804,0,7.68052782331194,4.53512385085191,0,40.396799659729,0,44.3662911691973,0,0,0,14.0294474137796,15.7624039411545,23.8377145767212,0,25.9196014404297,0,0,0,0,0,36.073792631762,0,0,0,0,0,0,15.2563879396401,0,0,0,0,0,0,0,0,0,43.7819635727826,7.37343311309814,5.11249997065617,0,2.89702863991261,6.02395668824514,6.138097969431,105.22354888916,6.59902968580789,5.34673366748693,5.40157617428057,24.6127937308185,0,42.3399982452393
0,32.4808027094061,0,27.5347668965658,0,0,0,0,0,12.2816568247674,0,4.53582903137781,0,0,0,0,0,0,20.4144906997681,3.80774599749867,0,5.19784404379199,3.9491237345196,8.88424360737443,0,0,0,4.74472834967604,0,3.42950007008382,0,0,0,6.78308315671797,2.73399519920349,4.27245047894875,7.68052782331194,0,3.76999022668834,49.1517658233643,0,8.05894423993819,0,0,0,0,0,6.47896593874627,0,5.47908217906952,0,0,0,0,0,12.6991769799775,0,7.69105613014915,0,29.0536670684814,0,0,0,0,4.23695975475759,0,7.21515865961711,0,0,0,5.08737633228302,0,5.52322944147246,0,0,0,6.51884952382591,0,6.62217409450999,0,5.01435121650638,2.88001706383445,5.17227793317269,5.33879949774923,6.92437902703343,10.6474211174145,0
0,0,0,0,0,0,0,0,4.75027278951696,0,3.78667071527905,0,0,0,0,0,73.6538829803467,0,46.0172824859619,0,4.58731790324349,6.11750512702443,6.18881855838292,0,4.07046211440608,0,0,0,2.86416474410466,0,2.98821289915788,0,0,5.09757363254374,3.8261387348175,3.57726466655731,4.53512385085191,3.76999022668834,0,0,49.0172297159831,0,22.9416525692775,0,0,0,45.1554336547852,5.94243866205215,6.28198627843202,0,0,0,0,0,8.12281513214111,0,6.47363257408142,0,0,0,0,0,0,14.4542449104652,6.9092447857062,8.82694712378198,0,5.85863395531972,0,0,0,0,0,4.05760724112491,0,0,5.17487502448699,3.35853179295858,5.54837018251419,8.85616998959109,8.62637003685566,4.97981977077681,4.6478721925792,3.67923470544226,10.0692940850563,0,21.8025386598375
0,0,0,37.2247734069824,0,0,0,0,54.7886428833008,0,0,0,0,0,0,0,79.4409386207317,76.9326596941267,37.4194303852513,0,0,0,0,0,64.4220275878906,0,75.9345321655273,0,0,0,0,9.93409633636475,0,30.7157695476825,0,37.4241521188191,0,49.1517658233643,0,0,77.1148233413696,17.9147643870618,37.8002635292385,24.3838176727295,59.8333702087402,14.4764743218055,0,25.256939168189,27.6008777618408,8.93131010262008,0,0,0,0,0,0,69.6300201416016,71.3385772705078,0,0,75.2276077270508,0,13.456756121462,56.7632789611816,0,0,0,0,0,66.3984069824219,0,0,41.051825932094,0,0,0,24.1746524810791,0,19.7628887368998,90.5753844579061,25.0261613564058,89.5422559465681,38.9608829170465,42.8744214375814,17.9567444324493,19.3950008392334,39.6009057362874
0,0,0,0,0,0,0,0,85.8899154663086,0,42.1252873738607,0,0,0,0,0,69.6626817612421,98.0693344116211,45.3775921501065,0,46.773247058575,0,0,0,0,0,77.3310089111328,0,0,0,0,0,0,0,0,96.4696502685547,40.396799659729,0,49.0172297159831,77.1148233413696,0,62.9921460151672,23.5120423558808,0,25.1423416137695,0,15.9560421837701,13.0663669904073,10.5567892742157,0,0,0,0,0,0,0,43.542625624558,0,0,0,0,0,76.572582244873,24.0594756603241,0,0,0,0,0,71.8351669311523,0,51.6314964294434,0,48.8528728485107,0,0,0,0,91.0735120773315,30.4605463630322,0,36.7701557088982,51.7472219467163,0,18.8539086617963,0,35.66078191645
0,15.4475310252263,0,24.713610458374,0,0,0,0,41.7786979675293,9.97351382641082,0,0,0,0,0,0,62.3527948479903,58.1737934235604,22.8902660528156,0,65.2521667480469,0,0,6.21211672764198,0,0,66.1474761962891,0,0,0,0,15.1700963973999,0,19.7935559106252,0,41.061910422643,0,8.05894423993819,0,17.9147643870618,62.9921460151672,0,8.28282737634884,17.0423176288605,41.6988639831543,18.5585438410441,0,17.0774099415827,20.9831638336182,13.0027689142511,0,0,0,0,54.134105682373,13.0177378124661,0,15.076056849344,0,30.2301797866821,0,0,23.2593140569151,94.8049468994141,0,0,6.5348436832428,0,0,0,0,0,14.2801585237185,0,0,0,8.2949686050415,0,22.1038663283713,80.3808198656355,23.9824503421783,81.2397797902425,14.1462404228606,24.8704192670186,14.995232860795,10.2507034939336,7.95572937236113
3.72751347223918,0,20.6656263669332,0,34.6529354404759,0,0,0,7.68966255468481,0,20.8079252632297,0,0,0,0,0,48.3504735838692,71.9250179290771,17.6615716445587,0,22.782492927883,0,0,0,10.492449760437,0,47.203426361084,0,0,0,0,0,0,25.4665481567383,11.75852394104,100.083702087402,44.3662911691973,0,22.9416525692775,37.8002635292385,23.5120423558808,8.28282737634884,0,71.1413116455078,23.5385891596476,0,20.6888054485979,13.6568501569275,12.6003249404165,36.5213661193848,0,0,0,0,33.2973078319005,0,17.4429587469087,0,0,0,0,0,45.2521537780762,25.4292775361791,0,0,0,0,0,31.9676113128662,0,67.9081935882568,0,19.9193675494888,0,0,25.0452346801758,17.4716236114502,48.4980241602117,28.2594271068573,48.4896717071533,26.5396121740341,15.5810485196456,33.8691710631053,11.3861251436681,22.1944627761841,10.0357443218768
0,0,0,32.7420043945312,0,0,0,0,25.5403575897217,0,0,0,0,0,0,0,56.1949806213379,57.2727012634277,19.637036345507,0,0,0,0,16.0382442474365,0,0,0,0,52.7016944885254,0,0,0,0,0,0,53.2537879943848,0,0,0,24.3838176727295,0,17.0423176288605,71.1413116455078,0,0,0,0,0,0,23.4111743654524,0,0,0,0,0,0,0,18.4675996780396,0,0,0,0,0,0,0,0,0,43.4029731750488,0,0,0,0,20.9328952269121,0,0,0,0,0,35.9263025760651,61.2924461364746,26.145386505127,0,19.2571587911466,7.39103364944458,19.5120052663904,11.1979412878713,0
0,0,0,0,0,0,0,0,0,0,0,0,0,0,0,0,45.4170065985786,60.3473110198975,28.9590926965078,0,23.0709733963013,0,0,0,0,0,0,0,0,0,0,0,0,0,0,0,0,0,0,59.8333702087402,25.1423416137695,41.6988639831543,23.5385891596476,0,0,0,0,0,0,0,0,0,0,0,0,0,0,0,0,0,0,0,0,20.5776176452637,0,0,0,0,0,0,0,0,0,0,0,0,0,0,66.2898826599121,35.1948725836618,0,25.9502005369767,23.1703493595123,0,6.0794955889384,0,0
0,0,0,32.0010261535645,0,0,0,0,0,0,0,0,0,0,0,0,0,0,45.2163600921631,0,0,0,0,0,0,0,0,0,0,0,0,0,0,0,0,16.7514246734221,0,0,0,14.4764743218055,0,18.5585438410441,0,0,0,0,0,0,0,23.4280336716596,0,0,0,0,0,0,0,17.4241308298978,0,0,0,0,14.2285516080542,0,0,0,0,0,0,0,0,0,17.3500735954154,0,0,0,0,0,22.1034700507291,0,13.5881766421635,0,32.8337776263555,40.7528839111328,15.5152633285919,0,0
0,0,0,0,17.6326751708984,0,0,0,0,0,0,0,0,0,0,0,59.3233337402344,84.619140625,39.6619669596354,0,21.4867298867967,0,0,0,0,0,0,0,0,0,0,0,0,0,0,0,14.0294474137796,0,45.1554336547852,0,15.9560421837701,0,20.6888054485979,0,0,0,0,0,47.4172668457031,0,0,0,0,0,0,0,24.3661018151503,0,0,0,0,0,0,10.8810630083084,0,0,0,0,0,0,0,0,0,26.8509186335972,0,0,0,0,0,22.8472866557893,0,41.4911012649536,22.87211553674,0,17.8609615878055,0,20.1449484825134
0,0,0,0,0,0,0,0,0,0,0,0,0,0,0,0,0,0,53.8730962117513,0,0,21.5738122463226,0,22.1727183205741,0,0,0,0,0,0,0,5.8799702583405,4.2892817356576,6.39431098395826,4.26801154912029,14.0200502568103,15.7624039411545,6.47896593874627,5.94243866205215,25.256939168189,13.0663669904073,17.0774099415827,13.6568501569275,0,0,0,0,0,7.07835989090188,7.96461944085247,0,0,0,0,0,0,69.8345031738281,0,0,0,0,0,44.1269523075649,0,0,0,22.5426464080811,0,0,0,0,0,0,0,7.15785504855103,6.30116168274316,5.20425966996413,4.72592058307246,10.630932820269,6.4650135351264,8.63614122684185,7.3367383761748,13.2768159147745,31.81151881814,9.89545382395377,24.5198753356934,0
4.50550701754734,0,4.65029413334645,0,35.6097068786621,0,0,0,10.8604033133563,0,49.1375141143799,0,0,0,0,0,0,0,41.5714975992839,0,46.6977996826172,0,5.51053474329669,0,6.55333737753452,0,0,0,0,0,0,17.5318470954895,5.23362430844988,16.4425760269165,5.55252456041723,24.4629073509803,23.8377145767212,0,6.28198627843202,27.6008777618408,10.5567892742157,20.9831638336182,12.6003249404165,0,0,0,47.4172668457031,7.07835989090188,0,3.2723607264067,2.96158599853516,0,0,0,2.93782562822909,0,17.2655393950605,0,4.77468413715215,0,5.69458261939254,0,55.469295501709,30.0560984924191,0,4.61335288715684,0,5.92630349776158,0,4.67524199052291,0,4.02758757770061,0,48.8556232452393,0,3.51572394371033,16.4839369455973,7.78712854902428,62.9879550933838,8.53206945800781,0,7.02026885067037,9.22969311545877,0,9.20688350719368,0,49.4643707275391
0,6.41363918733096,0,9.78781509216951,0,0,0,0,0,4.87740335262874,0,0,0,0,0,0,90.6902872721354,60.0482292175293,31.9209040158416,0,0,6.49624635872927,0,7.72863375871701,0,0,0,0,0,0,0,10.1418971061707,0,11.7988770677802,0,29.6148238918646,0,5.47908217906952,0,8.93131010262008,0,13.0027689142511,36.5213661193848,23.4111743654524,0,23.4280336716596,0,7.96461944085247,3.2723607264067,0,0,0,0,0,90.2285919189453,11.0856392669678,61.9598159790039,7.06301112432106,0,6.19506478309631,0,9.76906468517767,27.8292496854609,0,5.57391468669134,0,5.94392124844785,0,4.52767769268581,0,4.5101811532621,0,9.63640363897596,0,3.33752346038818,0,6.74706389009953,18.4879264831543,13.4123745253028,98.920467376709,6.19331938766641,91.6761627197266,15.6626122561661,71.0642776489258,13.6688318611188,16.6440185273651,61.1893768310547
0,0,9.54659032821655,0,4.60514917342286,0,0,0,0,0,3.05180931091309,0,0,0,0,0,0,0,0,0,5.28982922487092,0,0,0,0,0,0,0,0,0,0,0,0,0,0,0,25.9196014404297,0,0,0,0,0,0,0,0,0,0,0,2.96158599853516,0,0,0,0,0,2.83136277198791,0,4.20875364871113,0,3.33536816806328,0,3.3834969997406,0,0,6.14155105407664,0,0,0,0,0,0,0,0,0,0,0,0,0,0,0,29.9781877729628,0,0,7.71701549134164,0,6.46310130119324,0,0
0,0,0,6.07172587826138,0,3.09293956226773,0,5.44837348801749,0,0,0,3.23910948634148,0,0,0,0,0,0,0,0,0,0,0,0,0,0,0,0,0,0,0,0,0,0,0,0,0,0,0,0,0,0,0,0,0,0,0,0,0,0,0,0,0,3.34642861230033,0,0,0,4.59848399957021,0,3.4664821257958,0,4.37438690662384,5.87179687950346,0,0,0,0,0,0,0,0,0,0,0,0,0,0,0,0,0,0,0,3.1828771707963,0,5.34133144347898,0,0
0,0,0,0,3.28146962686019,0,3.57169268908126,0,0,0,4.87965798377991,0,0,0,0,0,0,0,0,0,2.94898255666097,0,0,0,0,0,0,0,0,0,0,0,0,0,0,0,0,0,0,0,0,0,0,0,0,0,0,0,0,0,0,0,0,0,0,0,3.70536019985492,0,3.32777029938168,0,0,0,0,0,0,0,0,0,0,0,0,0,0,0,0,0,0,0,0,0,0,0,5.29204197102282,0,0,0,0
0,0,0,0,0,4.5229160785675,0,4.09702642089933,0,0,0,7.4732608795166,0,2.83052031199137,0,0,0,0,0,0,0,0,0,0,0,0,0,0,0,0,0,0,0,0,0,0,0,0,0,0,0,0,0,0,0,0,0,0,0,0,0,3.34642861230033,0,0,0,0,0,6.51641441262838,0,0,0,0,13.1049387324509,0,0,0,0,0,0,0,0,0,0,0,0,0,0,0,0,0,0,0,4.14328043460846,0,11.493195215861,0,0
4.79901938349287,0,7.47811855363452,0,28.7633349100749,0,0,0,5.23061272930541,0,0,0,0,0,6.79339301175085,0,21.8344604787026,48.1321021770609,31.533047403608,0,0,0,41.0279655456543,27.6423759460449,9.16495080118055,0,26.6010093688965,0,17.9105100631714,0,0,0,0,0,0,0,0,0,8.12281513214111,0,0,54.134105682373,33.2973078319005,0,0,0,0,0,2.93782562822909,90.2285919189453,2.83136277198791,0,0,0,0,0,33.5935326111622,0,0,0,7.31622163809878,0,0,0,0,0,0,4.39938395553165,0,18.2897970969217,0,0,0,38.6064446767171,0,0,0,0,0,66.0022201538086,0,11.5757036606471,15.2980641138614,16.5480945110321,19.0265204407448,40.6479721069336,33.8286399841309
0,6.64416068333846,0,7.01578652064005,0,0,0,0,0,4.87176718448275,0,0,0,0,0,0,29.7488346099854,16.9158407940584,0,0,0,0,0,8.44699925468082,0,0,0,0,0,0,0,0,0,27.4838380813599,0,0,0,12.6991769799775,0,0,0,13.0177378124661,0,0,0,0,0,0,0,11.0856392669678,0,0,0,0,0,0,0,13.9915940211369,0,11.8820287386576,0,11.3711462020874,0,0,0,0,3.60631240208944,0,0,0,0,0,0,0,0,0,23.5893796284993,0,0,0,7.3074091621514,0,7.67232582063386,0,14.1257978717049,8.87951946258545,0
6.64214515686035,0,25.923015853106,0,25.1734920960886,0,4.77710632808873,0,36.3991050720215,0,5.58023439292555,0,3.88041549921036,0,0,0,60.4488983154297,75.6756896972656,44.1054723639237,0,8.68968097629176,0,0,0,0,0,0,0,0,0,3.50797198269818,0,0,0,0,0,36.073792631762,0,6.47363257408142,69.6300201416016,43.542625624558,0,17.4429587469087,0,0,0,24.3661018151503,69.8345031738281,17.2655393950605,61.9598159790039,4.20875364871113,0,3.70536019985492,0,33.5935326111622,0,0,0,6.63213814092628,0,3.99517369270325,0,88.3963165283203,14.2920848573492,0,0,0,0,0,0,0,5.25411434173584,71.4475555419922,5.82842000715914,0,0,0,0,0,42.4689554991624,0,28.0319048460428,9.6893809032636,5.47293142300858,16.1772516838142,0,15.5377259828958
0,13.247220845402,0,24.2827194012886,0,4.7449414730072,0,4.56220560287362,0,0,0,4.8039438798275,0,3.37229478359222,0,0,77.7075881958008,0,24.2651309967041,3.69032346760785,0,17.4793977737427,0,19.6429842199598,0,0,0,0,0,3.63782708541207,0,0,0,0,0,37.5164706707001,0,7.69105613014915,0,71.3385772705078,0,15.076056849344,0,18.4675996780396,0,17.4241308298978,0,0,0,7.06301112432106,0,4.59848399957021,0,6.51641441262838,0,13.9915940211369,0,0,0,5.91588178128827,0,9.96407954664115,5.28711301096465,0,18.2081737518311,0,18.9860296557027,0,8.11471036076546,0,4.28433404862881,0,7.27335196619968,0,0,0,0,0,42.4700640723819,0,12.8261801719666,67.0478668212891,28.922623774101,0,10.6542282131336,13.9997591018677,0
6.22909313348623,0,2.95869533220927,0,4.28198902947562,0,3.6664013473355,0,0,0,0,0,3.31990454628964,0,4.30300378717508,0,0,0,0,0,0,0,0,0,0,0,0,0,3.62755447939823,0,0,0,0,0,0,0,0,0,0,0,0,0,0,0,0,0,0,0,4.77468413715215,0,3.33536816806328,0,3.32777029938168,0,0,0,6.63213814092628,0,0,0,3.91995839918813,0,0,23.8132209777832,0,0,0,0,0,4.0069146156311,0,5.18742339709807,0,0,0,0,0,0,0,51.9059112548828,0,0,3.24729553988722,5.20655259490013,6.62826492569663,0,0
0,7.77157381421702,0,3.13089950169836,0,0,0,3.1635195016861,0,0,0,3.18469971197623,0,3.0937238962754,0,0,0,0,0,0,0,0,0,25.3068804740906,0,0,0,0,0,3.92919719219208,0,0,0,0,0,0,0,29.0536670684814,0,0,0,30.2301797866821,0,0,0,0,0,0,0,6.19506478309631,0,3.4664821257958,0,0,0,11.8820287386576,0,5.91588178128827,0,0,0,6.81530399950679,0,0,0,0,21.9210548400879,0,7.68441569177728,0,3.75507534980774,0,0,0,0,0,0,0,0,0,0,0,0,0,9.0853702545166,0,0
5.65994498512962,0,0,0,0,0,0,0,9.41639024681515,71.9076080322266,0,0,4.84789752960205,0,5.79567233654631,0,25.4178022325566,48.6319015108306,35.4639552723278,0,0,0,0,0,12.1791855365999,0,23.1921405333739,0,15.5785608291626,0,0,0,0,0,0,0,0,0,0,75.2276077270508,0,0,0,0,0,0,0,0,5.69458261939254,0,3.3834969997406,0,0,0,7.31622163809878,0,3.99517369270325,0,3.91995839918813,0,0,0,0,0,0,0,0,8.19040517246022,0,8.16251962747633,0,9.6609293536136,0,0,0,0,0,0,97.1089630126953,0,0,57.3085784912109,16.7551562022237,11.4083969593048,4.42604541778564,0,0
0,5.22847545247118,0,4.19354341282108,0,4.08351716995239,0,0,0,4.84347200393677,0,0,0,3.47033588091532,0,3.38735270500183,0,4.8379455142551,0,0,0,0,0,0,0,0,0,0,0,0,0,0,0,0,0,0,0,0,0,0,0,0,0,0,0,0,0,0,0,9.76906468517767,0,4.37438690662384,0,0,0,11.3711462020874,0,9.96407954664115,0,6.81530399950679,0,0,0,0,0,0,0,0,3.84708248941522,0,0,0,0,0,0,0,0,0,0,0,0,0,0,0,8.93171529769898,0,0
0,0,0,39.1386184692383,0,6.77022498846054,0,9.76264600556596,0,0,0,5.53570291788682,0,0,0,0,91.7819311959403,84.1789855957031,47.6202685875807,3.7685536943295,0,0,0,0,0,0,0,0,0,0,0,40.6729049682617,0,37.9004550933838,0,10.8915792038662,0,0,0,13.456756121462,76.572582244873,23.2593140569151,45.2521537780762,0,0,14.2285516080542,0,44.1269523075649,55.469295501709,27.8292496854609,0,5.87179687950346,0,13.1049387324509,0,0,88.3963165283203,5.28711301096465,0,0,0,0,0,73.0301399230957,0,0,0,0,0,0,0,0,13.6699217831028,0,0,0,0,0,18.3385900282536,91.2573837280273,11.9925875592799,99.7386322021484,23.4202257740163,0,17.3936225335411,30.0646130243937,63.5732833862305
0,0,30.2744445800781,0,12.0103411061673,0,3.67235480944316,0,0,0,12.131840012496,0,0,0,0,0,63.2770118713379,80.6776885986328,43.5041972193225,0,7.91336294755086,0,0,0,0,0,0,0,0,0,0,0,0,0,0,0,15.2563879396401,0,14.4542449104652,56.7632789611816,24.0594756603241,94.8049468994141,25.4292775361791,0,20.5776176452637,0,10.8810630083084,0,30.0560984924191,0,6.14155105407664,0,0,0,0,0,14.2920848573492,0,23.8132209777832,0,0,0,73.0301399230957,0,0,0,0,0,0,0,0,22.7548662332388,0,20.3852393548567,0,0,0,0,78.6894836425781,20.876502209869,0,12.0206616540018,13.6313829127912,41.3707389831543,14.870569902622,0,18.8334188581263
0,17.6987991333008,0,0,0,0,0,0,0,0,0,0,0,0,0,0,0,0,0,0,0,4.49554379157837,6.80657248521589,3.41240491185869,0,5.13234929034584,0,0,0,0,0,0,0,0,0,0,0,4.23695975475759,6.9092447857062,0,0,0,0,0,0,0,0,0,0,5.57391468669134,0,0,0,0,0,0,0,18.2081737518311,0,0,0,0,0,0,0,8.98494652205822,3.72775565070667,0,4.25330306504183,0,5.18823325266206,0,0,0,0,0,0,0,0,0,4.97214931000111,0,4.67137740485857,5.47821706274281,14.7799406051636,0,0
0,0,0,0,0,0,0,0,0,0,0,0,0,0,0,0,0,0,0,0,0,7.51844174975441,4.72622903190245,0,4.60260645274458,0,0,0,3.94618844985962,0,0,0,0,0,0,0,0,0,8.82694712378198,0,0,0,0,0,0,0,0,0,4.61335288715684,0,0,0,0,0,0,0,0,0,0,0,0,0,0,0,8.98494652205822,0,0,4.48430776226428,0,3.95213819704171,0,3.50820906843458,0,0,0,0,0,0,0,0,0,7.74552014895848,5.17071330428717,0,0,0,0
0,0,0,0,0,0,0,0,0,6.64773327654058,0,0,0,0,0,0,0,4.4222175524785,0,0,0,5.34936677492582,0,4.78950565034451,0,3.05028287930922,0,0,0,0,0,0,0,0,0,0,0,7.21515865961711,0,0,0,6.5348436832428,0,0,0,0,0,22.5426464080811,0,5.94392124844785,0,0,0,0,0,3.60631240208944,0,18.9860296557027,0,21.9210548400879,0,0,0,0,3.72775565070667,0,0,0,5.3199435602198,0,9.5495867729187,0,0,0,0,0,0,0,0,0,7.79231035352467,0,4.29265610709864,0,19.395143467447,0,0
0,0,0,0,0,0,0,0,16.8580188221402,0,0,0,0,0,13.4470977783203,0,20.644996881485,61.2992401123047,31.7414617538452,0,0,0,6.04008495807648,0,3.76820692943253,0,18.9663233757019,0,0,0,0,0,0,0,0,0,0,0,5.85863395531972,0,0,0,0,43.4029731750488,0,0,0,0,5.92630349776158,0,0,0,0,0,4.39938395553165,0,0,0,0,0,8.19040517246022,0,0,0,0,4.48430776226428,0,0,0,3.98853904062563,0,0,0,0,0,0,0,0,0,0,0,5.09215137820977,12.2791535258293,0,4.25194935798645,0,0
0,4.50354206562042,0,0,0,0,0,0,0,0,0,0,0,0,0,5.23354044827548,40.2685623168945,7.28791842768269,32.6904182434082,0,0,5.60537341535091,0,5.85951456317195,0,4.11232990387714,0,4.21340847015381,0,0,0,0,0,0,0,0,0,0,0,0,0,0,0,0,0,0,0,0,0,4.52767769268581,0,0,0,0,0,0,0,8.11471036076546,0,7.68441569177728,0,3.84708248941522,0,0,4.25330306504183,0,5.3199435602198,0,0,0,2.95408301604422,0,0,0,0,0,0,0,0,0,0,0,5.01451266288757,0,9.56609090169271,0,0
0,0,0,0,0,0,0,0,20.9906077589308,0,0,0,0,0,11.1981674940028,0,19.5424073134423,43.486738927156,41.4115866252354,0,0,0,7.63873918851217,0,5.85361069608527,0,8.64487139619776,0,19.5186009407043,0,0,0,0,0,0,94.6735229492188,0,0,0,66.3984069824219,71.8351669311523,0,31.9676113128662,0,0,0,0,0,4.67524199052291,0,0,0,0,0,18.2897970969217,0,0,0,4.0069146156311,0,8.16251962747633,0,0,0,0,3.95213819704171,0,3.98853904062563,0,0,0,3.52715299047273,65.7330551147461,0,0,0,0,0,76.345937093099,81.6080978393555,74.5618209838867,0,20.9868376966108,22.2891337935989,59.6097736358643,0,0
0,0,0,0,0,0,0,0,0,0,0,0,0,0,0,0,0,0,0,0,0,4.5760955563907,0,11.8722538948059,0,4.51044289271037,0,5.09672322206843,0,4.5462230424196,0,0,0,0,0,0,0,5.08737633228302,0,0,0,0,0,0,0,0,0,0,0,4.5101811532621,0,0,0,0,0,0,0,4.28433404862881,0,3.75507534980774,0,0,0,0,5.18823325266206,0,9.5495867729187,0,2.95408301604422,0,0,0,4.82706984877586,0,0,0,0,0,0,0,6.29078790892225,0,0,0,7.12352466583252,0,0
0,0,0,0,37.5363006591797,0,0,0,0,0,14.0786809921265,0,11.1808366775513,0,7.76918525695801,0,17.2331798251082,39.6794013977051,48.2157033284505,0,15.5234303474426,0,3.54626329606321,0,19.0608599526542,0,25.131804784139,0,4.31441670372373,0,2.83277136938913,0,0,0,0,0,0,0,0,0,51.6314964294434,0,67.9081935882568,0,0,0,0,0,4.02758757770061,0,0,0,0,0,0,0,5.25411434173584,0,5.18742339709807,0,9.6609293536136,0,0,22.7548662332388,0,3.50820906843458,0,0,0,3.52715299047273,0,0,0,3.7124621903986,0,0,0,0,0,45.5927613394601,0,0,11.7885740206792,6.95983961224556,63.0084934234619,0,0
0,0,0,29.1262204007405,0,0,0,0,0,0,0,5.31889653237874,0,0,0,0,70.5383071899414,0,32.6069373071721,7.74749081785029,0,0,0,0,0,0,0,5.46003873007638,0,6.24388184292445,0,0,0,0,0,54.7247231801351,0,5.52322944147246,0,41.051825932094,0,14.2801585237185,0,20.9328952269121,0,17.3500735954154,0,0,0,9.63640363897596,0,0,0,0,0,0,71.4475555419922,7.27335196619968,0,0,0,0,13.6699217831028,0,0,0,0,0,0,65.7330551147461,4.82706984877586,0,0,0,0,0,0,0,49.6799739960137,93.3895721435547,6.78072099434289,0,41.4456810797414,28.1757545471191,19.303325290595,18.0311567634344,0
0,0,34.1890058517456,0,37.797583538553,0,0,0,42.8333168029785,0,5.84506411483322,0,0,0,0,0,0,0,42.1833312988281,0,38.057565053304,0,0,0,0,0,0,0,3.73940544030101,0,4.08348260171105,0,0,0,0,0,43.7819635727826,0,4.05760724112491,0,48.8528728485107,0,19.9193675494888,0,0,0,26.8509186335972,0,48.8556232452393,0,0,0,0,0,38.6064446767171,0,5.82842000715914,0,0,0,0,0,0,20.3852393548567,0,0,0,0,0,0,0,3.7124621903986,0,0,0,0,0,0,0,47.3636175372643,0,4.49966078388448,17.0262139614891,8.29750220303063,25.02447329906,0,19.8047492363874
0,0,0,0,0,0,0,0,0,0,0,0,0,0,0,0,0,0,0,0,0,0,0,0,0,0,0,0,0,0,0,5.6165948194616,6.6938510838896,6.83154516204338,8.41273784637451,3.89819843668333,7.37343311309814,0,0,0,0,0,0,0,0,0,0,7.15785504855103,0,3.33752346038818,0,0,0,0,0,0,0,0,0,0,0,0,0,0,0,0,0,0,0,0,0,0,0,0,0,12.3392442663511,8.3812851505145,0,6.31702270507813,14.7080268859863,0,0,5.68306040202077,0,0,0,0
0,0,0,0,0,0,0,0,0,0,0,0,0,0,0,0,0,0,0,0,0,0,0,0,0,0,0,0,0,0,0,7.30250548859082,5.07197966930332,6.4020621135317,4.24731482399835,0,5.11249997065617,0,0,0,0,0,0,0,0,0,0,6.30116168274316,3.51572394371033,0,0,0,0,0,0,0,0,0,0,0,0,0,0,0,0,0,0,0,0,0,0,0,0,0,12.3392442663511,0,15.5715207417806,0,0,5.95743398260243,0,0,7.18753763894054,0,0,0,0
0,0,0,0,0,0,0,0,0,24.7260761260986,0,0,0,0,0,0,0,0,47.5955619812012,0,0,0,0,21.1926860809326,0,0,0,0,0,0,0,7.06214166627563,12.3359374177867,5.15937617783344,7.4615714091521,5.1897427981032,0,6.51884952382591,5.17487502448699,24.1746524810791,0,8.2949686050415,25.0452346801758,0,0,0,0,5.20425966996413,16.4839369455973,6.74706389009953,0,0,0,0,0,23.5893796284993,0,0,0,0,0,0,0,0,0,0,0,0,0,0,0,0,0,0,8.3812851505145,15.5715207417806,0,10.2426191612526,5.04872542912009,0,6.21928239426884,6.47412526607513,5.97044575686019,11.3993240329954,12.7147740840912,0,0
0,0,0,0,0,0,0,0,0,0,0,0,0,0,0,0,0,0,0,0,0,0,0,0,0,0,0,0,0,0,0,8.5953311920166,3.83030513616709,6.49512938526569,3.8696727252638,0,2.89702863991261,0,3.35853179295858,0,0,0,17.4716236114502,0,0,0,0,4.72592058307246,7.78712854902428,18.4879264831543,0,0,0,0,0,0,0,0,0,0,0,0,0,0,0,0,0,0,0,0,0,0,0,0,0,0,10.2426191612526,0,0,6.32758924187414,0,6.32102987108714,7.62209978557768,0,8.47605215049371,0,0
