0,0,0.00932089777252169,0,0,0,0,0,0.0204371418485923,0,0,0,0,0,0,0,0,0,2.00890185559447e-05,0,0,0,0,0,0.0023303044163605,0,0,0,0,0,0,0,0,0,0,0,0,0,0.00184729864592477,0,0,5.16435236521615e-05,0.00829415871654749,0,0.00187980726865659,0,0,3.83257087030325e-05,0.00743235128616522,0,0,0,0,0,0.000514458358845005,0,0,0,0,0,0,0,0,0,0,0,0,0.000515794954047097,0,0,0,0,0,0,0,0,0,0,0,0,0,4.04988591015142e-05,0.000318598600369413,1.32999952087605e-05,0.00605230349748183,0,0.000487642686638897
0,0,0,0.0441865866113823,0,0,0,9.56533179084186e-05,0,0.00542250845284344,0,0.00190086297902167,0,0,0,0.000142193046645669,3.66027713869285e-05,0.00015685272064615,0.000286276646657212,0.000647371923576371,0,0,0,0.00138631301010401,0,0,0,0.000995951748151455,0,0.000356634780273066,0,0,0,0,0,3.36192233436079e-06,0,0.000329118296647742,0,0,1.22646835779602e-05,0.0172621953426318,8.09380091420749e-06,0,0,3.70282270109033e-05,0,1.57076585391835e-05,9.05410051556979e-05,0.0507467188494178,0,0,0,0.000384635976477875,0,0.0150144829060659,0,0.017978017089116,0,0.00857237722916306,0,0.0258111290568536,0,0,0,0,0.0151246795814066,0,0.00223061191169111,0,0.0215582144336732,0,0.0428630804435787,0,0,0,0,0,0,0,9.53803339886555e-05,0,0.000370794407986994,0,0.0155783555102736,0.00592768014511781,6.60318220077529e-05
0.00932089777252169,0,0,0,0.00316643249798766,0,0,0,0.0177048173824772,0,0,1.22958254150758e-05,0,0,0,0,0,0,0.000594264897552039,0,0,0,0,0,0,0,0,0,0,0,0,0,0,0,0,3.91724999383692e-06,7.11256080217291e-06,6.51265675078768e-05,9.72488081342871e-05,0,0.00121841687224899,0.0107104097106809,0.00603117462504478,0,0.0360486017222935,0.00321938031979639,0.000131009643206315,0.000840864878344336,0.0273462862077435,2.6217251073195e-05,0,0.000239931000713654,0,0,0.0116335950589651,0,0,0.00564440798828873,0,0.000213832070101576,0,0,0.000714431248424916,0,0,0,0,0,0,0,6.22876881530531e-06,0,0.000115807217146124,0,0,0,0,0,0,6.08487334812991e-05,5.86677423245362e-05,5.26312949392325e-05,0.000683609713514591,5.39556726763151e-06,0.00603488209341246,0.00137020428455213,0.0182957569966592
0,0.0441865866113823,0,0,0,0.00650956650244841,0,5.92248738487504e-05,0,0,0,0.00216546139159954,0,0,0,0,0,0,0.000104839245213356,0,0,0,0,0,0,0,0,1.79507778375283e-05,0,0.000179338478326871,0,0,0,0,0,1.09687333166631e-05,0,9.92773786366049e-05,0,0,1.89852215180368e-05,0.0009021621368836,0,0,0,0.000310981055852539,0,0,0,0.0160803385233862,0,0.00870428451118978,0,0.00107439628179388,0,0.00733444396034133,0,0.00392124071617208,0,0.00702681551896054,0,0.00817201794897629,0.000116622461577998,0,0,0,0,0,0,0,0.000817552760062934,0,0.00137026151755788,0,0,0,0,0,0,0,2.08918664411956e-05,0,0.000108235995907528,0,0.00198694019328004,0,0
0,0,0.00316643249798766,0,0,0,0,0,0.000635763378913503,0,0,0,0,0,0,0,0,0,0,0,0.00124700299569991,0,0,0,0,0,0,0,0,0,0,0,0,0,0,0,0,0,0,0,0,0,0,0,0,0,0,0,0,0,0,0,0,0,0,0,0,0,0,0,0,0,0,0,0,0,0,0,0,0,0,0,0,0,0,0,0,0,0,0,0,0,4.78351763650501e-05,0,0.00251488074395191,0,0
0,0,0,0.00650956650244841,0,0,0,0,0,0.00496762108847354,0,0.000621694734207822,0,0,0,0.000126965591658497,0,0,0,0.00558876601380526,0,0,0,0,0,0,0,0,0,0,0,0,0,0,0,0.000328415402841788,0,0,0,0,0,0.000190696699823242,0,0,0,0.000107330793705311,0,0,0,0,0,0.00382083215377926,0,0.000918807717838082,0,0.00262584265672479,0,0.000776434103325466,0,1.37826357942567e-05,0,0,0.000225708106153927,0,0,0,0,0,0,0,0,0,0,0,0,0,0,0,1.66624547300359e-05,0,0,0,0.0019283758348539,5.77877419945015e-05,0.00128437776145912,0,0
0,0,0,0,0,0,0,0,0,0,0.00201500625060611,0,0,0,0,0,0,0,0,0,0,0,0,0,0,0,0,0,0,0,0,0,0,0,0,0,0,0,0,0,0,0,0,0,0,0,0,0,0,0,0.00285347050821056,0,0.0549894562996374,0,0,0,0.014490343966289,0,0,0,0,0,0,0,0,0,0,0,0,0,0,0,0,0,0,0,0,0,0,0,0,0,9.29817360884044e-06,0,0,0,0
0,9.56533179084186e-05,0,5.92248738487504e-05,0,0,0,0,0,0,0,0.00677086981077251,0,0.00812218589277501,0,0,0,0,8.16993441296642e-06,0.000636191040600106,0,0,0,0,0,0,0,0,0,0,0,0,0,0,0,5.34084322734584e-05,0,9.13695378574285e-06,0,0,0,0,0,0,0,0,0,0,0,0,0,0,0,0.00933824708130873,0,0,0,0.000427673180412226,0,0.00539125140462178,0,0,0,0,0,0,0,0,0,0,0,0,0,0,0,0,0,0,8.06787956391596e-05,0,0,0,9.75093532236236e-05,0.000434370302944469,0.000304405037377923,0,0
0.0204371418485923,0,0.0177048173824772,0,0.000635763378913503,0,0,0,0,0,0,0,0,0,0.000830995912278993,0,0.000298747021912798,0,0.000165562367969959,0,0,0,0,0,0.00620673819981975,0,0,0,0,0,0,0,0,0,0,0,0,0,0.000996118311080163,0,0,0.000203954425147167,0.000184277900071368,0,3.22790797165243e-05,0,0,0,0.0161847410280594,0,0,0,0,0,0.0717134638202424,0,0,0,0,0,0.002304652811147,0,0,0,0,0,0,0.0304534772277144,0,0,0,0,0,0,0,0,0,0,0,1.98938303982749e-05,0,0.000139489671036194,0.000693216596507726,3.50352976362325e-05,0.000889349094511916,0,0
0,0.00542250845284344,0,0,0,0.00496762108847354,0,0,0,0,0,0.0035097526657192,0,0,0,0.0103704715654743,0.000391896898719841,0.00564977726495949,0.00445360088917692,0.00217905960599765,0,0.000375530549219704,0,0.0150748191711361,0,0.00484134415989525,0,0,0,0.000143961593636084,0,0,0,0,0,6.74452300726737e-05,0,0.00111463493539768,0,0,0.000224176099440787,0.0171968282995181,0.000617690174602325,4.15651226913206e-05,0,0.00491768196974147,0,0,0.000477874920012678,0.00418802114930631,0,0,0,0,0,0.0222609502897247,0,0.00680373564351142,0,0.00100038343368048,0,0.00591052053793537,0.000603693370580578,0,0.000176717874847376,0,0.0127256283217282,0,0.000947512702837217,0,0.000902943046460614,0,0.0121213010025883,0,0,0,0,0,0,2.36908516750181e-05,0.000409509276138313,0,0.00439744334085896,3.90559648601645e-05,0.00470499301264672,0.0178738957304587,0
0,0,0,0,0,0,0.00201500625060611,0,0,0,0,0,0.0108896020733129,0,0,0,0,0,0,0,0.0265899348538321,0,0,0,0,0,0,0,0.00108601966833249,0,0.00106349251716732,0,0,0,0,0,0.000248037598306257,0,0.0116679687652844,0,8.23488632425628e-05,0,0.000461146460182246,0,0,0,9.42437251079341e-05,0,0.000758044174136793,0,0,0,0,0,0,0,0.104446512869008,0,0.00949097731683112,0,0,0,0,0.00323290970482592,0,0,0,0,0,0,0,0.000135085123623869,0,0.00778260029413891,0,0,0,0,0,2.25994827881095e-05,0,0.000356004043357272,0.000974960494512803,0,0.00823712807814406,0,0
0,0.00190086297902167,1.22958254150758e-05,0.00216546139159954,0,0.000621694734207822,0,0.00677086981077251,0,0.0035097526657192,0,0,0,0.014956532457464,0,0,0.000165025307340316,0.00103293071571536,0.00124981138469445,0.0283276057484933,0,0,0,0,0,0,0,0.000389425012223515,0,0.0282102583794359,0,0,0,0,0,0.00383704192534513,0,0.0202620639308098,0,0,5.96026375558589e-05,0.00300788349247695,0.000173697966213825,3.4322046431511e-05,0,0.00316238145740162,0,0,6.64036683751467e-05,0.0014711650796561,0,0,0,0.0118155104663647,0,0.0002808876114779,0,0.105856061513066,0,0.0022774944390675,0,0,0.00603256695945524,0,0,0,0,0,0,0,9.28385904030316e-05,0,0.0342989585001231,0,0,0,0,0,0.000565610279690579,1.17366591711967e-05,0.00314630104772956,4.77471026138614e-06,0.0037870544694568,0.00188558435576379,0.0117284810243828,0.00211280569487391,0
0,0,0,0,0,0,0,0,0,0,0.0108896020733129,0,0,0,0,0,0,0,0,0,0,0,0,0,0,0,0,0,0.000539296181913396,0,0,0,0,0,0,0,0,0,0,0,0,0,0,0,0,0,0,0,0,0,0,0,0,0,0,0,0.00345666302792487,0,0.0174159174323243,0,0,0,0,0,0,0,0,0,0,9.01225648703985e-05,0,0,0,0,0,0,0,0,0,0,0,0,0,0,0,0,0
0,0,0,0,0,0,0,0.00812218589277501,0,0,0,0.014956532457464,0,0,0,0.00442077104285304,0,7.63178216355576e-05,0,0,0,0,0,0,0,0,0,0.00406884567647042,0,0.00270079423902741,0,0,0,0,0,0,0,0,0,0,0,0,0,0,0,0,0,0,0,0,0,0,0,0,0,0,0,0.00313760723453595,0,0.0406703652521526,0,0.00857580201673973,0,0,0,0,0,0,0.00143444183381599,0,0.00101808522072135,0,0.000206009066978161,0,0,0,0,0,0,0,0,0,0.00166505737096573,0.00408435826049847,0,0,0
0,0,0,0,0,0,0,0,0.000830995912278993,0,0,0,0,0,0,0,0,0,0,0,0,0,0,0,0,0,0,0,0,0,0,0,0,0,0,0,0,0,0,0,0,0,0,0,0,0,0,0,0,0,0,0,0,0,0,0,0,0,0,0,0.00544433252431037,0,0,0,0,0,0,0,0,0,0,0,0,0,0,0,0,0,0,0,0,0,0,0,0,0,0
0,0.000142193046645669,0,0,0,0.000126965591658497,0,0,0,0.0103704715654743,0,0,0,0.00442077104285304,0,0,0,0.00193934400027835,5.26163093191544e-06,0,0,9.2742496913932e-05,0,0.00557127866781619,0,0.00712415409993494,0,0,0,0,0,0,0,0,0,0,0,2.93209530579856e-05,0,0,0,0,0,0,0,0,0,0,0,0.000103187178946022,0,0,0,0,0,0.00753959702730134,0,0,0,0,0,0.101016446074682,0,0,1.39769796011851e-05,0,0.000945985447850465,0,0.0165212149701623,0,1.1620511550371e-05,0,0,0,0,0,0,0,0,0,2.0675542530806e-05,0,0.00167979215415489,0.000222472736109744,0,0,0
0,3.66027713869285e-05,0,0,0,0,0,0,0.000298747021912798,0.000391896898719841,0,0.000165025307340316,0,0,0,0,0,0.113217956180407,0.0764848298230425,0.000198381475923195,0,0.000102237755654021,0.00381947501763607,0,0.00547892417603266,6.0130917537502e-05,0.00523067694007588,3.22819190310181e-06,6.87487386933088e-05,0,0,0,0,0,0,7.57619594680486e-05,0,0.000110119965614997,0,0,0.000253045486845341,8.32849028493425e-05,0.000494527458789261,0,0,0.000536629012370823,0,0,0.000283115809374804,3.55888856468362e-05,0,0,0,0,0,4.29036092142641e-05,0,0.000140940672459413,0,0,0,0,0.000136985254309874,0,0,0.000842159909420874,0,0.00115120993328327,4.0044074128387e-05,0.00393237515539514,5.39188140486109e-06,0,0.000124307867918688,0,0,0,0,0,2.60752394339089e-06,3.13542481612696e-05,0.000121182263710588,3.87408859891061e-06,0.0139610775120579,0.00409705325822488,0.000260328292309109,2.95773401585935e-05,6.71600035534033e-05
0,0.00015685272064615,0,0,0,0,0,0,0,0.00564977726495949,0,0.00103293071571536,0,7.63178216355576e-05,0,0.00193934400027835,0.113217956180407,0,0.0659822073024107,0.00316821431070803,0,0.00867617386140814,0,0.00139596554810775,0,0.0278341963690128,0,0.00837118322121231,0,9.06702960469801e-06,0,0,0,0,0,0.00051562266214017,0,0.00115371786591483,0,0,0.00111978166772617,0.00184001604344622,0.00242997098071303,5.98177197949971e-05,2.67307926772171e-05,0.00733848205592623,0,0,0.00115104435672313,0.000217418396463172,0,0,0,0,0,0.000648693383381706,0,0.000867838087708385,0,6.41474409141958e-05,0,0,0.00199369172633036,0,0.00113685730299587,0,0.000564157838614834,0,0.00920407710976619,0,0.000748933007738473,0,0.000685407927952864,0,0,0,0,0,2.97829604293943e-05,8.54186049424725e-05,0.000777167611070434,1.18323842081948e-05,0.0328319069564645,0.036936468172075,0.0032039288082522,0.000556736859322944,0.00031674068016834
2.00890185559447e-05,0.000286276646657212,0.000594264897552039,0.000104839245213356,0,0,0,8.16993441296642e-06,0.000165562367969959,0.00445360088917692,0,0.00124981138469445,0,0,0,5.26163093191544e-06,0.0764848298230425,0.0659822073024107,0,0.00749705434435103,0,6.7444415419833e-06,0,0,0,0,0,4.88648394039882e-05,0,0,0,0,0,0,0,0.00113283337558765,8.39684421729148e-06,0.00197782793310455,0.000624721994481406,0,0.0146543265560716,0.00986018513758921,0.127325174913991,0.00225146709242719,0.00115963511961381,0.0176298496975078,0,0.00034868960702987,0.0240085806030364,0.000937959000464734,0,6.65014358664548e-06,0,0,0,0.00121462513670607,0,0.00289788573935966,0,0.00010017077030328,0,0,0.00441381588969433,0,0,0,0,0,1.60045221784853e-05,0,0.000253329307275584,0,0.00102113943534025,0,0,0,0,0,7.23193118986842e-05,0.00121771889242045,0.00140661913174605,0.00077877450537289,0.0269712388058075,0.000362565263515628,0.0151016104087393,0.00128283833888645,0.0177360760658275
0,0.000647371923576371,0,0,0,0.00558876601380526,0,0.000636191040600106,0,0.00217905960599765,0,0.0283276057484933,0,0,0,0,0.000198381475923195,0.00316821431070803,0.00749705434435103,0,0,0,0,0,0,0,0,0,0,0,0,0,0,0,0,0.00516072641013993,0,0.00572463393475573,0,0,0.000148922960614497,0.00768429962490397,0.000820643770167112,0.000545236008154009,0,0.0107733107177636,0,0,0.000772178329593683,0.000550067863126785,0,0,0,0,0,0.00163727596820969,0,0.0222744853456274,0,3.09772924252549e-05,0,0,0.0710030813351581,0,0,0,0,0,0,0,2.09027205839174e-05,0,0.00103390636905032,0,0,0,0,0,0.0017314784866996,1.05732947155797e-05,0.00554784970605979,1.06829956048033e-05,0.00245639830293055,3.29257035697061e-05,0.0109342217777273,0.00648720938618624,0
0,0,0,0,0.00124700299569991,0,0,0,0,0,0.0265899348538321,0,0,0,0,0,0,0,0,0,0,0,0,0,0,0,0,0,0,0,0,0,0,0,0,0,0.00537717476112532,0,0.00323765041878493,0,0.000930122311844487,0,0.000661713774291763,0,0,0,0.00437518515541452,0,3.71219554477667e-05,0,0,0,0,0,0,0,0.0155235410019366,0,0,0,0,0,0,0.0800346011992887,0,0,0,0,0,0,0,0,0,0.0017546029653672,0,0,0,0,0,0.00178526013046625,0,0.000316762293646933,0.000704422292077437,2.40512370697321e-05,0.0109541109867314,0,7.41508924934848e-05
0,0,0,0,0,0,0,0,0,0.000375530549219704,0,0,0,0,0,9.2742496913932e-05,0.000102237755654021,0.00867617386140814,6.7444415419833e-06,0,0,0,0.00921768819575181,0.00739425224435704,9.37457533405788e-06,0.00257385816770378,0,0.000181203734369666,0,0,0,0,0,0,0,0,0,0.011834211623558,6.72051916703726e-05,0,0,0,0,0,0,0,0,0,0,0.00455763278129093,0,0,0,0,0,0,0,0,0,0,0,0,0,0,0.220079764031232,0.00272420045685154,0.00826649271732221,1.58010979832098e-05,0.00400359676160204,0,0.00255606838510587,0,0,0,0,0,0,0,0,0,0.00391381413774421,0,0.0071258312809144,0.0160552031207457,0,0,0
0,0,0,0,0,0,0,0,0,0,0,0,0,0,0,0,0.00381947501763607,0,0,0,0,0.00921768819575181,0,0,0.00372564998297519,0,0.000578075762954792,0,0.000525348573833433,0,0,0,0,0,6.54486930498643e-06,0,0,0.00030759092974042,0.0114459310111379,0,0,0,0,0,0,0,0,0,7.89632551870185e-05,0,0,0,0,0,0,0,0,0,0,0,0,0,0,0,0.000608998290344131,0.0867655249925712,0,0.00208316614280662,0,0,0,0.000365894454968914,0,0,0,0,0,0,0,0,0,0.00236707688054994,0.00658544025352048,0.0106202313493842,0,0,0
0,0.00138631301010401,0,0,0,0,0,0,0,0.0150748191711361,0,0,0,0,0,0.00557127866781619,0,0.00139596554810775,0,0,0,0.00739425224435704,0,0,0,0.0213558300497818,0,3.53578865702952e-05,0,0,0,0,0,0,0,0,0,0.00847702459647455,0,0,0,0.000788700647222457,0,0,0,0,0,0,0,0.00897588938780052,0,0,0,0,0,0.00233836526925882,0,0,0,0,0,0,0,0,0.00227376954530691,0,0.100819923160318,0,0.0165608067259271,0,0.00391831593061993,0,0.000436680421808815,0,0,0,0,0,0,0,0.00370027219042097,0,0.000188518316551529,0,0.000326089537949701,0,0
0.0023303044163605,0,0,0,0,0,0,0,0.00620673819981975,0,0,0,0,0,0,0,0.00547892417603266,0,0,0,0,9.37457533405788e-06,0.00372564998297519,0,0,0,0,0,0,0,0,0,0,0.00127156091818308,0.00126820749568176,0,0,2.57708676736315e-05,0.0107650785256424,0,0,0,0,0,0,0,0,0,5.86792726364306e-05,0,0,0,0,0,0.00126933976708498,0,0,0,0,0,0,0,0,0,0,0.00452590288208048,0,0.157931946676128,0,0,0,0,0,0,0,0,0,0,0,0,0,0.00190041882918364,0.00285073663579785,0.000253730708452039,0.000100810904073683,0,0
0,0,0,0,0,0,0,0,0,0.00484134415989525,0,0,0,0,0,0.00712415409993494,6.0130917537502e-05,0.0278341963690128,0,0,0,0.00257385816770378,0,0.0213558300497818,0,0,0,0,0,0,0,0,0,0,0,0,0,0.000402751486153785,0,0,0,0,0,0,0,0,0,0,0,0.00948757225633142,0,0,0,0,0,0,0,0,0,0,0,0.000576062180129316,0,0,0.000854853978149996,0,0.00404632494491775,0,0.160162243770034,0,0.00337040327063093,0,0,0,0,0,0,0,0,0,0.000129988639170523,0,0.00055840167304066,1.33416927084838e-05,0,0,0
0,0,0,0,0,0,0,0,0,0,0,0,0,0,0,0,0.00523067694007588,0,0,0,0,0,0.000578075762954792,0,0,0,0,0,0.00287355070511282,0,0,0,0,0,0,0,0,0,0,0,0,0,0,0,0,0,0,0,0,0,0,0,0,0,0,0,0,0,0,0,0,0,0,0,0,0.00309044307512231,0,0,0,0.0706873388374197,0,0.000119495729450136,0,0,0,0,0,0,0,0,0,0,3.9661564532856e-05,2.26164168744092e-05,0,0,0
0,0.000995951748151455,0,1.79507778375283e-05,0,0,0,0,0,0,0,0.000389425012223515,0,0.00406884567647042,0,0,3.22819190310181e-06,0.00837118322121231,4.88648394039882e-05,0,0,0.000181203734369666,0,3.53578865702952e-05,0,0,0,0,0,0.0116628162916326,0,0,0,0,0,0,0,2.00178554554211e-05,0,0,0,0.000591598294648288,0,0,0,1.69340952670561e-05,0,0,0,0.000279889260734628,0,0,0,0,0,0,0,0.00373459980437115,0,0.000833088321261931,0,0.0002652916556952,1.52323043453898e-05,0,0.000353325247588408,0,0.000774557831590417,0,0.00414028421937718,0,0.0336465048615392,0,0.00016320347519987,0,0,0,0,0,0,0,7.12848581957648e-06,0,0.00103017747319301,0.00204416301194908,0.00017671304984914,0,0
0,0,0,0,0,0,0,0,0,0,0.00108601966833249,0,0.000539296181913396,0,0,0,6.87487386933088e-05,0,0,0,0,0,0.000525348573833433,0,0,0,0.00287355070511282,0,0,0,0.120368184520926,0,0,0,0,0,0,0,0.000117912342546444,0,0,0,0,0,0,0,0,0,0.000321076092629742,0,0,0,0,0,0,0,0.00938406241271838,0,0.000466990537948381,0,0,0,0,0,0,0.000613721755963186,0,0,0,0.000952776622275994,0,0.0550887677951312,0,0.0154209684416667,0,0,0,0,0,0,0,0,0.000297250183893993,0.00134994193880467,0,0,0
0,0.000356634780273066,0,0.000179338478326871,0,0,0,0,0,0.000143961593636084,0,0.0282102583794359,0,0.00270079423902741,0,0,0,9.06702960469801e-06,0,0,0,0,0,0,0,0,0,0.0116628162916326,0,0,0,0,0,0,0,0,0,0.00358913012447423,0,0,0,3.03523725770176e-05,0,0,0,0.000121748992585322,0,0,0,1.6726878093985e-05,0,0,0,0,0,0,0,0.0262872410108711,0,0.000133621251665338,0,0,0,0,0,0,0,0,0,0,0.0148976880935207,0,0.0871016126479379,0,0,0,0,0,0,0,2.17444132523276e-06,0,0.000554346382363806,0.000375403676871993,7.54625720649906e-05,0,0
0,0,0,0,0,0,0,0,0,0,0.00106349251716732,0,0,0,0,0,0,0,0,0,0,0,0,0,0,0,0,0,0.120368184520926,0,0,0,0,0,0,0,0,0,0.00582274140928886,0,0,0,0,0,0,0,0,0,0,0,0,0,0,0,0,0,0.00492843244909851,0,0,0,0,0,0,0,0,0,0,0,0,0,0,0.0315714702180053,0,0.201860534129096,0,0,0,0,0,0,0,7.43573563590049e-05,0.000164660788757828,0,0,0,0
0,0,0,0,0,0,0,0,0,0,0,0,0,0,0,0,0,0,0,0,0,0,0,0,0,0,0,0,0,0,0,0,0.0042983971797708,0.00182975381299823,0,0.00486531732940692,6.57515043871429e-06,0,0,0.0254862295569112,0,0,0,0,0,0,0,0.0545665494761004,0,0.0715504164762014,0,0,0,0,0,0,0,0,0,0,0,0,0,0,0,0,0,0,0,0,0,0,0,0,0.0707722187239082,5.90460225127522e-05,0.001559799162279,0,0.00751016468322793,0,0,0,0.000900164037819385,0,0.000106832890803162,0,0
0,0,0,0,0,0,0,0,0,0,0,0,0,0,0,0,0,0,0,0,0,0,0,0,0,0,0,0,0,0,0,0.0042983971797708,0,0,0.000744427659221011,0.00428023435266742,0.00183353755222654,0,0,8.38981870871077e-05,0,0,0,0,0,0,0,0.0392010835775305,0.00149605442797073,0.0188666188399837,0,0,0,0,0,0,0,0,0,0,0,0,0,0,0,0,0,0,0,0,0,0,0,0,0.000993158238619049,0.00105695483906172,0,0,6.69263469107555e-05,0.00177505468744568,0,0,0.000973856557483474,0,0,0,0
0,0,0,0,0,0,0,0,0,0,0,0,0,0,0,0,0,0,0,0,0,0,0,0,0.00127156091818308,0,0,0,0,0,0,0.00182975381299823,0,0,0.0478750038643032,0.00478544288312665,0.00101651978705865,0.0121990242261896,0.000757232733369448,0.000339737666538572,0,0.0101702144651751,0,0,0,0,0,0.0163980562004442,0,0.0135803915591075,0,0,0,0,0,0,0,0,0,0,0,0,0,0,0,2.56142037049505e-05,0,0.000330832771470682,0,0,0,0,0,0,0.000838785301164089,0,0.220793905369209,0.0163124752112103,0.00260455576959946,0,0.02110897290196,0.000901532032543817,0.00372854009291937,0.000330016656277937,0.00316363451361779,0,0
0,0,0,0,0,0,0,0,0,0,0,0,0,0,0,0,0,0,0,0,0,0,6.54486930498643e-06,0,0.00126820749568176,0,0,0,0,0,0,0,0.000744427659221011,0.0478750038643032,0,0.000327685736689707,0.0012287091633246,0.00218597757753156,0.00795773859680167,0,0,7.60891604242907e-06,0,0,0,0,0,0.00523434336328619,0.000272244534583266,0,0,0,0,0,0,0,0,0,0,0,0,0,0,0,0,0,0,0.000263779810904619,0,0,0,0,0,0,0,0.000342114169802492,0.0141698913025176,0.0757404669582584,0,2.69104036678994e-05,0.000602039665289734,0.00314463265192909,0.000873373300578151,3.64745713228995e-05,0.00027636195276058,0,0
0,3.36192233436079e-06,3.91724999383692e-06,1.09687333166631e-05,0,0.000328415402841788,0,5.34084322734584e-05,0,6.74452300726737e-05,0,0.00383704192534513,0,0,0,0,7.57619594680486e-05,0.00051562266214017,0.00113283337558765,0.00516072641013993,0,0,0,0,0,0,0,0,0,0,0,0.00486531732940692,0.00428023435266742,0.00478544288312665,0.000327685736689707,0,0.00493935961289151,0.00829951153370349,0.000389382957909244,0.00016955864058656,0.000107218067988858,0.000358924848624054,0.000162609106094251,7.18560654634706e-06,2.24192955163515e-06,0.00248014841932947,5.85405768938715e-05,0.001100828156754,0.000106307132883287,0.000834608904720236,0,3.44864492310382e-06,0,0,0,9.59707889706962e-05,0,0.000199709635781085,0,3.26855277895039e-06,0,0,0.00281849587226691,0,0,0,0,0,0,0,4.1954382981106e-06,0,6.60142150415364e-05,0,0.000295341766483267,0.000255656355537701,0.000293732611566793,0,0.045382636732452,0.000955105181474571,0.00762506560922402,1.16288955158406e-05,0.0120434451861011,0.00444042879332285,0.00176328786057328,5.23231490639725e-05,0
0,0,7.11256080217291e-06,0,0,0,0,0,0,0,0.000248037598306257,0,0,0,0,0,0,0,8.39684421729148e-06,0,0.00537717476112532,0,0,0,0,0,0,0,0,0,0,6.57515043871429e-06,0.00183353755222654,0.00101651978705865,0.0012287091633246,0.00493935961289151,0,0.000283065449762448,0.0130386426958512,8.98694670329382e-05,0.000146062649003838,0.00013145853247023,8.27081854233226e-05,0,2.19872535575671e-05,2.95077363431904e-05,0.00202260531367781,0.00596233227571298,0.000810946554508516,0.00455863612991718,0,0,0,0,0,0,0,1.89810317293635e-06,0,0,0,0,0,0.00127275330316744,0,0,0,0,0,0,0,0,0,0,0,5.36851020809933e-05,0,0,0.0013156928830981,0.0485606538090798,1.20489904320536e-05,0.0164836635633273,0.00369471667566523,0.000265832552333472,0.000836360653433462,0,1.22183776413794e-05
0,0.000329118296647742,6.51265675078768e-05,9.92773786366049e-05,0,0,0,9.13695378574285e-06,0,0.00111463493539768,0,0.0202620639308098,0,0,0,2.93209530579856e-05,0.000110119965614997,0.00115371786591483,0.00197782793310455,0.00572463393475573,0,0.011834211623558,0.00030759092974042,0.00847702459647455,2.57708676736315e-05,0.000402751486153785,0,2.00178554554211e-05,0,0.00358913012447423,0,0,0,0.0121990242261896,0.00218597757753156,0.00829951153370349,0.000283065449762448,0,0.00519105526810296,0,0.000100600073259358,0.00144502482425143,0.000205535129231033,3.38538701660062e-05,0,0.00270273050992956,0,0.00217552243778445,0.000113939626224426,0.00233499208114277,0,0,0,0,0,0.000209051822965984,0,0.00307528607633517,0,5.43286954640253e-06,0,0,0.00151648976345567,0,0.00604674940261434,0.000162556438040669,0.00616020013529675,0,0.000401236064765136,0,0.0016157168079823,0,0.00368352122003609,0,0,0,0.00352529588391173,0.000139553507818338,0.00157814240292372,2.29752566168338e-05,0.165048401119068,0.000329048843500271,0.0216616308920276,0.0180586038377964,0.00754575091386622,0.000450204363427314,0
0.00184729864592477,0,9.72488081342871e-05,0,0,0,0,0,0.000996118311080163,0,0.0116679687652844,0,0,0,0,0,0,0,0.000624721994481406,0,0.00323765041878493,6.72051916703726e-05,0.0114459310111379,0,0.0107650785256424,0,0,0,0.000117912342546444,0,0.00582274140928886,0,0,0.000757232733369448,0.00795773859680167,0.000389382957909244,0.0130386426958512,0.00519105526810296,0,0,4.38925009877931e-05,0.000162413131735188,0.00059283359895907,0,9.26440196778346e-05,4.34297754047972e-06,0,0.00394438598866428,0.00226333940956596,1.96068224575996e-06,0,0,0,0,0,0,0.00435473755837689,8.62294474491019e-06,0,0,0,0,0,0.000276667453254188,2.28157765194757e-06,0.0132303275448247,0,0.00657520768171065,0,0,0,0.000147654522356046,0,0.0058866109378716,0,0,0,0.000157793939672459,6.42029984960942e-05,0.00375255896582524,0.000135983225260641,0.110439469594366,0.00668908252332352,0.0015013564544751,0.00399567616609634,0,0.000179657341814835
0,0,0,0,0,0,0,0,0,0,0,0,0,0,0,0,0,0,0,0,0,0,0,0,0,0,0,0,0,0,0,0.0254862295569112,8.38981870871077e-05,0.000339737666538572,0,0.00016955864058656,8.98694670329382e-05,0,0,0,0,0.0187407488219111,0,0,0,0.014195870030434,8.17311199651778e-05,0.0717179940933888,2.53329693698189e-05,0.146332796930955,0,0,0,0,0,0,0,6.20189337540195e-05,0,0,0,0,0.0253007155096524,0,0,0,0,0,0,0,0,0,0,0,0.00159218865893442,0,0.000747732907016969,0,0.0207925868904839,2.47046327772542e-06,0,0,0.000151543214635889,0,0.0300255226939176,3.09955499626291e-05,0
0,1.22646835779602e-05,0.00121841687224899,1.89852215180368e-05,0,0,0,0,0,0.000224176099440787,8.23488632425628e-05,5.96026375558589e-05,0,0,0,0,0.000253045486845341,0.00111978166772617,0.0146543265560716,0.000148922960614497,0.000930122311844487,0,0,0,0,0,0,0,0,0,0,0,0,0,0,0.000107218067988858,0.000146062649003838,0.000100600073259358,4.38925009877931e-05,0,0,0.0137470786389343,0.0484653477981012,5.76669369547447e-05,0.00258935915522042,0.00105059029042035,0.0729477707447286,0.000240061811450576,0.0379950219359581,0.000477469498128768,0,0,0,6.45468521093479e-05,0,7.77559690685855e-05,0,0.000193821528891552,0,0,0,0,0.000330835960355124,0.0265509949251445,0,0,0,0,0,0,0,0,6.59765260542717e-05,0,0,0,0,0,6.14000542706124e-05,0.0036326267504072,4.06368512651428e-05,0.000270413267502759,0.00135164340338871,7.59860451396162e-06,0.0421504395995029,0.000364475542199459,0.00453142349187135
5.16435236521615e-05,0.0172621953426318,0.0107104097106809,0.0009021621368836,0,0.000190696699823242,0,0,0.000203954425147167,0.0171968282995181,0,0.00300788349247695,0,0,0,0,8.32849028493425e-05,0.00184001604344622,0.00986018513758921,0.00768429962490397,0,0,0,0.000788700647222457,0,0,0,0.000591598294648288,0,3.03523725770176e-05,0,0,0,0.0101702144651751,7.60891604242907e-06,0.000358924848624054,0.00013145853247023,0.00144502482425143,0.000162413131735188,0.0187407488219111,0.0137470786389343,0,0.0211438382118775,0.00664350619189015,0.00596333774540821,0.053641343728323,0.00401584833637095,0.183675665040101,0.00537880385645923,0.0591590859304472,0,0.000344594520722668,0,0.000222563246791226,0,0.00378348988125428,0,0.0140952425650632,0,0.00296930006626625,0,0,0.00323821997036638,9.99713072956175e-05,0,0,0.00151084880903441,0,4.69991968154288e-05,0,0.00625804957787051,0,0.0199568372570448,0,0,0,0.00112427668413028,0,4.57166645417534e-05,0.000298469127355074,0.000730823190693418,0.000154412487639785,0.00968538297508674,8.50553546831193e-05,0.115667540568166,0.027572756657364,0.00105035289479488
0.00829415871654749,8.09380091420749e-06,0.00603117462504478,0,0,0,0,0,0.000184277900071368,0.000617690174602325,0.000461146460182246,0.000173697966213825,0,0,0,0,0.000494527458789261,0.00242997098071303,0.127325174913991,0.000820643770167112,0.000661713774291763,0,0,0,0,0,0,0,0,0,0,0,0,0,0,0.000162609106094251,8.27081854233226e-05,0.000205535129231033,0.00059283359895907,0,0.0484653477981012,0.0211438382118775,0,0.00114243917042404,0.010773321206991,0.00179414528444968,0.0024676968249701,0.00565489364012558,0.0825580919296137,0.000162507460966814,0,0,0,0,0,0.00014874681380383,0.000351796594145756,0.000321543516852388,0,2.50642815924502e-05,0,0,0.000448635058684972,0.00245937747508006,0,0,0,0,0,0,8.08610326910657e-06,0,0.000182738991974002,0.000357371789332706,0,0,0,0,4.13879386493776e-06,0.000889892798776163,0.000169541230142347,0.00147921702627531,0.0103486553872307,0.000361561435972347,0.0382589916506768,0.000291711481038933,0.0726630531390361
0,0,0,0,0,0,0,0,0,4.15651226913206e-05,0,3.4322046431511e-05,0,0,0,0,0,5.98177197949971e-05,0.00225146709242719,0.000545236008154009,0,0,0,0,0,0,0,0,0,0,0,0,0,0,0,7.18560654634706e-06,0,3.38538701660062e-05,0,0,5.76669369547447e-05,0.00664350619189015,0.00114243917042404,0,0,0.000618245137230937,0,1.764307453175e-05,0.000285901494642335,0,0,0,0,0,0,0.000122013020282757,0,0,0,0,0,0,8.09351732909307e-05,0,0,0,0,0,0,0,0,0,0,0,0,0,0,0,0,0,1.08766847064365e-05,0,0.000104953355491189,0,0.000728083667870833,0.00274824951325671,0
0.00187980726865659,0,0.0360486017222935,0,0,0,0,0,3.22790797165243e-05,0,0,0,0,0,0,0,0,2.67307926772171e-05,0.00115963511961381,0,0,0,0,0,0,0,0,0,0,0,0,0,0,0,0,2.24192955163515e-06,2.19872535575671e-05,0,9.26440196778346e-05,0,0.00258935915522042,0.00596333774540821,0.010773321206991,0,0,0.000199652727027611,8.80862217152829e-06,6.54026226578073e-05,0.0135636212573818,0,0,0,0,0,0,0,0,9.62576648965135e-05,0,0,0,0,0,0,0,0,0,0,0,0,0,0,0,0,0,0,0,0,0,0.000158553063722502,2.08377963423971e-05,0.000122493935743329,0.000361193329520975,5.09622995444751e-06,0.00416528351727415,0.00279992939142168,0.0341727682317261
0,3.70282270109033e-05,0.00321938031979639,0.000310981055852539,0,0.000107330793705311,0,0,0,0.00491768196974147,0,0.00316238145740162,0,0,0,0,0.000536629012370823,0.00733848205592623,0.0176298496975078,0.0107733107177636,0,0,0,0,0,0,0,1.69340952670561e-05,0,0.000121748992585322,0,0,0,0,0,0.00248014841932947,2.95077363431904e-05,0.00270273050992956,4.34297754047972e-06,0.014195870030434,0.00105059029042035,0.053641343728323,0.00179414528444968,0.000618245137230937,0.000199652727027611,0,0.000177537009848542,0,0.00129702825835619,0.00057999275483976,0,0.000575316572598979,0,0.000174597766143397,0,0.00172923626465931,0,0.0171535915437395,0,0.000473695958504963,0,0.00012953471236549,0.0860493783375741,9.95321711193026e-06,0,0,0,0,0.000109926311356746,0,0.000201948920092049,0,0.00291129954889358,0,0,0,0,0,0.00121517860065061,8.47474898843429e-05,0.00193424722980505,3.48448250895252e-05,0.00246373020770663,3.86603637633335e-05,0.0553257005245302,0.0277071976292182,0.000334575178541264
0,0,0.000131009643206315,0,0,0,0,0,0,0,9.42437251079341e-05,0,0,0,0,0,0,0,0,0,0.00437518515541452,0,0,0,0,0,0,0,0,0,0,0,0,0,0,5.85405768938715e-05,0.00202260531367781,0,0,8.17311199651778e-05,0.0729477707447286,0.00401584833637095,0.0024676968249701,0,8.80862217152829e-06,0.000177537009848542,0,7.45756637660444e-05,0.00517145240627738,0.000150690784351142,0,0,0,0,0,0,0,0.00012426759116555,0,2.59569001053485e-05,0,0,3.87079723757137e-06,0.102087361020082,0,0,0,0,0,0,0,0,0,0.000137949134849177,0,0,0,0,0,0.0077344294454703,0,0.000828411656655778,0.000566818998497035,0,0.0495857030735772,7.14789930457154e-05,0.000901320091267195
3.83257087030325e-05,1.57076585391835e-05,0.000840864878344336,0,0,0,0,0,0,0,0,0,0,0,0,0,0,0,0.00034868960702987,0,0,0,0,0,0,0,0,0,0,0,0,0.0545665494761004,0.0392010835775305,0.0163980562004442,0.00523434336328619,0.001100828156754,0.00596233227571298,0.00217552243778445,0.00394438598866428,0.0717179940933888,0.000240061811450576,0.183675665040101,0.00565489364012558,1.764307453175e-05,6.54026226578073e-05,0,7.45756637660444e-05,0,0.00878882390659724,0.294653111614265,0,0,0,0,0,0,0,0,0,0,0,0,0.000195939352288043,0,0,0,0,0,0,0,0,0,0,0,0.0149849243870032,0.00723053981673384,0.0392446323588365,3.17783225342377e-05,0.00116450185025721,0.00136504848621934,0.00623023752649769,0.000131070457852687,0.00667903979943945,0.000149791954722486,0.0383484812076006,0.00266182072367727,0.000306986339928532
0.00743235128616522,9.05410051556979e-05,0.0273462862077435,0,0,0,0,0,0.0161847410280594,0.000477874920012678,0.000758044174136793,6.64036683751467e-05,0,0,0,0,0.000283115809374804,0.00115104435672313,0.0240085806030364,0.000772178329593683,3.71219554477667e-05,0,7.89632551870185e-05,0,5.86792726364306e-05,0,0,0,0.000321076092629742,0,0,0,0.00149605442797073,0,0.000272244534583266,0.000106307132883287,0.000810946554508516,0.000113939626224426,0.00226333940956596,2.53329693698189e-05,0.0379950219359581,0.00537880385645923,0.0825580919296137,0.000285901494642335,0.0135636212573818,0.00129702825835619,0.00517145240627738,0.00878882390659724,0,0.00121551724470667,0,0,0,0,0,0,0.000395016557860753,0.000374195019019924,0,3.11107640908019e-05,0,0,0.000177386556387372,8.72486484439451e-05,0,0.0136781276580934,0,3.61726052205465e-05,0,0,0,0.000239118701868207,0.000111000658208739,0.000190812520172146,0,3.73495887129559e-05,0,0,9.06793620955245e-06,0.00165451370252704,0.000100066716794832,0.00433737971562717,0.00229137446644844,4.6720335473208e-05,0.0213302974943845,0,0.0130556787232364
0,0.0507467188494178,2.6217251073195e-05,0.0160803385233862,0,0,0,0,0,0.00418802114930631,0,0.0014711650796561,0,0,0,0.000103187178946022,3.55888856468362e-05,0.000217418396463172,0.000937959000464734,0.000550067863126785,0,0.00455763278129093,0,0.00897588938780052,0,0.00948757225633142,0,0.000279889260734628,0,1.6726878093985e-05,0,0.0715504164762014,0.0188666188399837,0.0135803915591075,0,0.000834608904720236,0.00455863612991718,0.00233499208114277,1.96068224575996e-06,0.146332796930955,0.000477469498128768,0.0591590859304472,0.000162507460966814,0,0,0.00057999275483976,0.000150690784351142,0.294653111614265,0.00121551724470667,0,0,0,0,4.61516027675437e-05,0,0.00672635905967636,0,0.00499449374367271,0,0.00336306663381305,0,0.0276993871397297,0.000262814069195129,0,0.00771501836376096,0,0.0323649098815053,0,0.0773871677631593,0,0.0419997387867296,0,0.0106431508031933,0,0.00568059223156434,0.00602311357846847,0.00780212686766361,0,0.00171576182504861,0.000748246088999766,0.0042700088439419,1.01493608435075e-05,0.00104297052873732,0,0.0145258938468932,0.000265741810160129,0
0,0,0,0,0,0,0.00285347050821056,0,0,0,0,0,0,0,0,0,0,0,0,0,0,0,0,0,0,0,0,0,0,0,0,0,0,0,0,0,0,0,0,0,0,0,0,0,0,0,0,0,0,0,0,0,0.00133320492379881,0,0,0,0,0,0,0,0,0,0,0,0,0,0,0,0,0,0,0,0,0,0,0,0,0,0,0,0,0,9.31044542085147e-06,0,0,0,0
0,0,0.000239931000713654,0.00870428451118978,0,0.00382083215377926,0,0,0,0,0,0,0,0,0,0,0,0,6.65014358664548e-06,0,0,0,0,0,0,0,0,0,0,0,0,0,0,0,0,3.44864492310382e-06,0,0,0,0,0,0.000344594520722668,0,0,0,0.000575316572598979,0,0,0,0,0,0,0,0.000523971684742719,0,0,0,0.0120391325398069,0,0,0,0,0,0,0,0,0,0,0,0,4.71710926101699e-05,0,0,0,0,0,0,0,0,0,0,0,0.000220209921538514,0,0.000757576305822962,0,0
0,0,0,0,0,0,0.0549894562996374,0,0,0,0,0,0,0,0,0,0,0,0,0,0,0,0,0,0,0,0,0,0,0,0,0,0,0,0,0,0,0,0,0,0,0,0,0,0,0,0,0,0,0,0.00133320492379881,0,0,0,0,0,0.0174010087088823,0,0,0,0,0,0,0,0,0,0,0,0,0,0,0,0,0,0,0,0,0,0,0,0,0,9.06501921419172e-05,0,0,0,0
0,0.000384635976477875,0,0.00107439628179388,0,0.000918807717838082,0,0.00933824708130873,0,0,0,0.0118155104663647,0,0,0,0,0,0,0,0,0,0,0,0,0,0,0,0,0,0,0,0,0,0,0,0,0,0,0,0,6.45468521093479e-05,0.000222563246791226,0,0,0,0.000174597766143397,0,0,0,4.61516027675437e-05,0,0.000523971684742719,0,0,0,0,0,0.0103432003381377,0,0.0001624683974734,0,0,0,0,0,0,0,0,0,0,1.86044333448804e-05,0,6.47553233622286e-05,0,0,0,0,0,0,0,0,0,3.47713269478722e-06,9.90122822889217e-05,0.00027090025473382,0,0
0.000514458358845005,0,0.0116335950589651,0,0,0,0,0,0.0717134638202424,0,0,0,0,0,0,0,0,0,0,0,0,0,0,0,0.00126933976708498,0,0,0,0,0,0,0,0,0,0,0,0,0,0,0,0,0,0,0,0,0,0,0,0,0,0,0,0,0,0,0,0,0,0,0,0.0199468873853423,0,0,0,0,0,0,0.00795019661115687,0,0,0,0,0,0,0,0,0,0,0,0,0,3.11425913058689e-06,0.000414874432107039,0,0,0,0
0,0.0150144829060659,0,0.00733444396034133,0,0.00262584265672479,0,0,0,0.0222609502897247,0,0.0002808876114779,0,0,0,0.00753959702730134,4.29036092142641e-05,0.000648693383381706,0.00121462513670607,0.00163727596820969,0,0,0,0.00233836526925882,0,0,0,0,0,0,0,0,0,0,0,9.59707889706962e-05,0,0.000209051822965984,0,0,7.77559690685855e-05,0.00378348988125428,0.00014874681380383,0.000122013020282757,0,0.00172923626465931,0,0,0,0.00672635905967636,0,0,0,0,0,0,0,0.00149053750512374,0,0.000205905771294474,0,0.0326473788471218,0.000364374567199125,0,0,0,0.0247493267516118,0,0.000315248521721142,0,0.000686237972488034,0,0.00265089188120917,0,0,0,0,0,0,0,5.5376670142655e-05,0,0.000230661566138083,8.88406365653893e-06,0.00159530388111473,0.00332867655195874,0
0,0,0,0,0,0,0.014490343966289,0,0,0,0.104446512869008,0,0.00345666302792487,0,0,0,0,0,0,0,0.0155235410019366,0,0,0,0,0,0,0,0.00938406241271838,0,0.00492843244909851,0,0,0,0,0,0,0,0.00435473755837689,0,0,0,0.000351796594145756,0,0,0,0,0,0.000395016557860753,0,0,0,0.0174010087088823,0,0,0,0,0,0.00388751279781127,0,0,0,0,0.000732993679888532,0,0,0,0,0,0,0,0.00126501450881253,0,0.0306072377586941,0,0,0,0,0,0,0,0.00050593369808582,0.00049133512669611,0,0.0040453476459579,0,0
0,0.017978017089116,0.00564440798828873,0.00392124071617208,0,0.000776434103325466,0,0.000427673180412226,0,0.00680373564351142,0,0.105856061513066,0,0.00313760723453595,0,0,0.000140940672459413,0.000867838087708385,0.00289788573935966,0.0222744853456274,0,0,0,0,0,0,0,0.00373459980437115,0,0.0262872410108711,0,0,0,0,0,0.000199709635781085,1.89810317293635e-06,0.00307528607633517,8.62294474491019e-06,6.20189337540195e-05,0.000193821528891552,0.0140952425650632,0.000321543516852388,0,9.62576648965135e-05,0.0171535915437395,0.00012426759116555,0,0.000374195019019924,0.00499449374367271,0,0.0120391325398069,0,0.0103432003381377,0,0.00149053750512374,0,0,0,0.032110089801344,0,0.00802320546449919,0.0116915082595916,0,0,0,4.05053719245941e-05,0,4.26379724596504e-05,0,0.0142511323278504,0,0.140785509834653,0,0,0,0,0,4.85105036078221e-05,2.00801841404083e-05,0.000483467117756102,7.85819758052077e-06,0.00143135295962519,0.000363907542147004,0.0349392052064998,0.000409778450778576,0
0,0,0,0,0,0,0,0,0,0,0.00949097731683112,0,0.0174159174323243,0,0,0,0,0,0,0,0,0,0,0,0,0,0,0,0.000466990537948381,0,0,0,0,0,0,0,0,0,0,0,0,0,0,0,0,0,0,0,0,0,0,0,0,0,0,0,0.00388751279781127,0,0,0,0.00405335735556159,0,0,0,0,0,0,0,0,0,0,0,0,0,0,0,0,0,0,0,0,0,0.000152840198881542,0,0,0,0
0,0.00857237722916306,0.000213832070101576,0.00702681551896054,0,1.37826357942567e-05,0,0.00539125140462178,0,0.00100038343368048,0,0.0022774944390675,0,0.0406703652521526,0,0,0,6.41474409141958e-05,0.00010017077030328,3.09772924252549e-05,0,0,0,0,0,0,0,0.000833088321261931,0,0.000133621251665338,0,0,0,0,0,3.26855277895039e-06,0,5.43286954640253e-06,0,0,0,0.00296930006626625,2.50642815924502e-05,0,0,0.000473695958504963,2.59569001053485e-05,0,3.11107640908019e-05,0.00336306663381305,0,0,0,0.0001624683974734,0,0.000205905771294474,0,0.032110089801344,0,0,0,0.00649882324090344,0.000204611667894955,0,0,0,0,0,2.08229255902043e-05,0,0.0242528050219273,0,0.0306296092349239,0,0,0,0,0,0,0,0,0,0.000386721385718096,0.000488350494512936,0.00863635985932032,3.06150792552772e-05,0
0,0,0,0,0,0,0,0,0.002304652811147,0,0,0,0,0,0.00544433252431037,0,0,0,0,0,0,0,0,0,0,0,0,0,0,0,0,0,0,0,0,0,0,0,0,0,0,0,0,0,0,0,0,0,0,0,0,0,0,0,0.0199468873853423,0,0,0,0.00405335735556159,0,0,0,0,0,0,0,0,0,0,0,0,0,0,0,0,0,0,0,0,0,0,0,0,0,0,0,0
0,0.0258111290568536,0,0.00817201794897629,0,0,0,0,0,0.00591052053793537,0,0,0,0.00857580201673973,0,0.101016446074682,0,0,0,0,0,0,0,0,0,0.000576062180129316,0,0.0002652916556952,0,0,0,0,0,0,0,0,0,0,0,0,0,0,0,0,0,0.00012953471236549,0,0,0,0.0276993871397297,0,0,0,0,0,0.0326473788471218,0,0.00802320546449919,0,0.00649882324090344,0,0,0,0,0,0,0,0,0.0145193667381009,0,0.0141274943847676,0,0.0016773395373513,0,0,0,0,0,0,0,0,0,0.000152305660636727,0.000411269293325732,0.000342562663551259,0,0
0,0,0.000714431248424916,0.000116622461577998,0,0.000225708106153927,0,0,0,0.000603693370580578,0,0.00603256695945524,0,0,0,0,0.000136985254309874,0.00199369172633036,0.00441381588969433,0.0710030813351581,0,0,0,0,0,0,0,1.52323043453898e-05,0,0,0,0,0,0,0,0.00281849587226691,0,0.00151648976345567,0,0.0253007155096524,0.000330835960355124,0.00323821997036638,0.000448635058684972,8.09351732909307e-05,0,0.0860493783375741,3.87079723757137e-06,0.000195939352288043,0.000177386556387372,0.000262814069195129,0,0,0,0,0,0.000364374567199125,0,0.0116915082595916,0,0.000204611667894955,0,0,0,0,0,0,0,0,0,0,7.71855249923274e-05,0,0.00197987068383564,0,0,0,0,0,0.00417082893252562,2.15105122093179e-05,0.00188929336336083,0,0.000642645080597032,1.18008234130025e-05,0.0128538531618161,0.00143325586724169,1.49329796252443e-05
0,0,0,0,0,0,0,0,0,0,0.00323290970482592,0,0,0,0,0,0,0,0,0,0.0800346011992887,0,0,0,0,0,0,0,0,0,0,0,0,0,0,0,0.00127275330316744,0,0.000276667453254188,0,0.0265509949251445,9.99713072956175e-05,0.00245937747508006,0,0,9.95321711193026e-06,0.102087361020082,0,8.72486484439451e-05,0,0,0,0,0,0,0,0.000732993679888532,0,0,0,0,0,0,0,0,0,0,0,0,0,0,0,0,0.00129107547969874,0,0,0,0,0,0.00334983053382511,0,0.00013810592224587,8.13367971958907e-05,0,0.0101543750706609,0,0
0,0,0,0,0,0,0,0,0,0.000176717874847376,0,0,0,0,0,1.39769796011851e-05,0,0.00113685730299587,0,0,0,0.220079764031232,0.000608998290344131,0.00227376954530691,0,0.000854853978149996,0,0.000353325247588408,0,0,0,0,0,0,0,0,0,0.00604674940261434,2.28157765194757e-06,0,0,0,0,0,0,0,0,0,0,0.00771501836376096,0,0,0,0,0,0,0,0,0,0,0,0,0,0,0,9.42510382203045e-05,0.00988141746335938,0,0.00406775137509805,0,0.0131566251403399,0,0,0,0,0,0,0,0,0,0.00411476654984168,0,0.00175388158850147,0.00404297458758256,0,0,0
