0,0,0.0243745178829815,0,0.00016393783913408,0,0,0,0.0834138545349724,0,0,0,0,0,0,0,0,0,0.00042438098854119,0,0,0,0,0,0.000141655205712962,0,0,0,0,0,0,0,0,0,0,0,0,0,0,0,0,0,0.0118914817113652,0,0,0,0,0,0.0021044768013555,0,0,0,0,0,0.0462687840702781,0,0,0,0,0,0.00289343905501135,0,0,0,0,0,0,0,0,0.00223791151638241,0,0,0,0,0,0,0,0,0,0,0,0,0.00171738060613178,0.000329846416882133,0.00666484796629761,0,0.0173648943421905
0,0,0,0.00302739709119392,0,0,0,0,0,0.00697803806470024,0,0.000209367723486695,0,0.003750444474967,0,0.00450896360503865,9.32624415668239e-05,0.000540677084034773,0.00579315894106693,0.00866396000659319,0,0,0,0.00697744386096872,0,0,0,0,0,0,0,0,0,0,0,0.00118295219298502,4.02483009266197e-06,0.00107114679313693,0,0,0,0.00690491806903396,0.000720873973320021,0.000361031604903705,7.40335139343697e-05,0.00887043872313113,0,0.000315017997752378,0.000394513518275378,0.0451010684603492,0,0,0,0,0,0.0325277353000957,0,0.000607454499286758,0,0.0131910630898325,0,0.0349931447653888,0.00938951749796633,0,8.70296100179959e-06,0,0.0287724987824687,0,0,0,0.0060030097095075,0,0.00537890188626925,0,0,0.000290675488330128,0,0,0.00145806150848948,4.45670450247161e-06,0.00582780015422067,0,0.00073519009579902,0,0.00987324369527572,0.000976050584708801,8.95781046259848e-05
0.0243745178829815,0,0,0,0.0426549204352093,0,0,0,0.0662649278776697,0.000210385249217019,0,0,0,0,0,0,0,0,0.0013630736557882,0,0,0,0,0,0,0,0,0,0,0,0,0,0,0,0,1.43642977326075e-05,0.00127286090872202,0,0,0.000388038628471664,0.00014690048583521,0.000172903052292929,0.0146657612806363,0,0.0011900464725244,0.00468471591524582,0.00210519039156898,0.000232480054018345,0.0169455935553746,6.58632940871585e-05,0.00544414350844626,0,0,0,0.0340506401824853,0,0,0,0,0,0.00814817332495835,0,0,0.00243308537526675,0,0,0,0,0,0,0,0,0,0,0,9.99755910108897e-05,0,0,6.2707067464814e-05,0.000985174040433378,0,0,0.00158614258874454,0.000544974097254843,0.032905165607245,0,0.0307369092655469
0,0.00302739709119392,0,0,0.00020313223035426,0.000280914507590803,0,0.00197891301604622,0,0.00161627437186104,0,0.000280944104978617,0,0.000217518162401102,0,0,0,7.4119062522112e-05,0.0028147079680199,0.0110448408800935,0,0,0,3.06351731168722e-05,0,0,0,0,0,0,0,0,0.000110631291154308,0,0,0.000354252884134344,1.43637407292919e-05,6.35923200366448e-05,0,0.000263322991179454,0,0.0170483618745583,0.000908747479083298,0.00603667198057663,0,0.0769234846471021,6.01736587970564e-05,0.000851930324894812,0.00103590143523539,0.0058237068601997,0,0.000375870531789307,0,0,0,0,0,0.0184966237044903,0,0.00341960786318948,0,0.000527721474303043,0.0127150405679936,0,0,0,5.78201121931281e-05,0,0,0,0.000241244432786166,0,0.000132863166322663,0,0,0.000281337784483011,0,0,0.000413017388615186,2.3254426084926e-05,0.000335829666313611,0,0.000351644602736797,0,0.00830334310121936,0.000862565811610251,0
0.00016393783913408,0,0.0426549204352093,0.00020313223035426,0,0,0.000336518474126071,0,0.0116201030831829,5.13569381099237e-05,0,0,0,0,0.0101301843083061,0,0,0,0.000277623790754405,0,2.23763979501984e-05,0,0,0,0,0,0,0,0,0,0,0,0,0,0,6.48077528357449e-06,1.6912635416997e-05,0,0,0.00032144191462069,0.000286696626617783,8.70381792272974e-05,0.000890016347889081,5.6622765703028e-05,0,0.002925167470539,0.00069746377659842,4.97187196681109e-05,6.86924350045105e-05,2.24792467601006e-05,0.0851843549062993,0,0,0,0.00154406669363123,0,0,0,0,0,0.000152883702157629,0,0,0.000430528539833818,0,0,0,0,0,0,0,0,0,0,0,0.000107636482611953,0,0,2.03725673601633e-05,6.18594984762625e-05,0,0,0.00328589362930833,0.000584354935820232,0.00596813377950435,0,0.00191771992813404
0,0,0,0.000280914507590803,0,0,0,0.0104744923655094,0,0.000175227464899873,0,0,0,0.000592229242364228,0,0.00110225046804814,0,0,0,0.00171689173095568,0,0,0,0,0,0,0,0,0,0,0,0,0,0,0,9.31696455284872e-05,0,0,0,1.47759603462286e-05,0,9.07093073833644e-05,2.47798891735164e-05,0,0,0.000433883346470688,0.000171453481552126,7.35184134028114e-06,0,0.000192314593990588,0,0.051691437254956,0,0.0234094920639154,0,0,0,0.0049432478020026,0,0.000791297842007961,0,0.00954801659137108,0.00068312660510874,0,0,0,0,0,0,0,0,0,0,0,0,2.14032778859026e-05,0,0,1.53469483844113e-06,3.09060583954879e-06,0,0,0.000888497666954115,0.000520248926123352,8.47615260121245e-05,0,0
0,0,0,0,0.000336518474126071,0,0,0,0,0,0,0,0,0,0,0,0,0,0,0,0.0010023967433235,0,0,0,0,0,0,0,0,0,0,0,0,0,0,0,0,0,0,0,0,0,0,0,0,0,0,0,0,0,0,0,0.00259961102982644,0,0,0,0.000200754828656502,0,0,0,0,0,0,0.000199635434657293,0,0,0,0,0,0,0,0,0,0,0,0,0,0,0,0,0,0,0.000405537170759361,0,0,0,0
0,0,0,0.00197891301604622,0,0.0104744923655094,0,0,0,0,0,0.0105963160171674,0,0.00164045850552461,0,0.000132212542714413,0,0,0,0.000228147142266104,0,0,0,0,0,0,0,0,0,0,0,0,0,0,0,0,0,0,0,0,0,0,0,0,0,1.545161729735e-05,0,0,0,0,0,0.00824026943306357,0,0.0752054119119341,0,0,0,0.0187223631797466,0,0.00283963820042174,0,0.00394171159623087,0.000370424214656157,0,0,0,0,0,0,0,0,0,0,0,0,0,0,0,0,0,0,0,0.00181473444655434,0.00162172093785186,3.51311056342611e-05,0,0
0.0834138545349724,0,0.0662649278776697,0,0.0116201030831829,0,0,0,0,0,0,0,0,0,0.0115398471711619,0,0.00180291244118317,1.6227403660671e-05,0.00151035967788219,0,0,0,0,0,0.0114938873365541,0,0.00565294679978316,0,0,0,0,0,0,0,0,0,1.14383539611813e-06,0,0,0,0,0,0.0139883784973239,0,0,5.29418646619442e-05,5.39871978395926e-05,7.93688286846123e-06,0.00101395877101365,0,0.009294247267186,0,0,0,0.142148327551523,0,0,0,0,0,0.0237071073736864,0,0,1.91552443024384e-05,0,0,0,0.00220518556434754,0,0.00325242544137605,0,0,0,4.63249903234848e-05,0,8.08793371558326e-05,0,0,0,8.47209286838409e-07,0,0,0.00458910029215507,0.0032857893334954,0.00669268733408679,0,0.00286820911087105
0,0.00697803806470024,0.000210385249217019,0.00161627437186104,5.13569381099237e-05,0.000175227464899873,0,0,0,0,0,3.65372257428546e-05,0,0,0,0.0342132731392739,5.11012176452469e-05,0.00136829930603819,0.00474571743497245,0.00971829252011465,0,0,0,0.0032490352501106,0,0,0,0,0,0,0,0,1.07520975474208e-05,0,0,0.00123910431161075,1.72765567651523e-05,0.000735995623966938,0,4.84520432918978e-05,0.000112456876193236,0.0114821378300248,0.000500943190285869,0.000860591112556034,0,0.0103304747901501,0.0001884724065449,0.000406037285771866,0,0.00306101196765961,0,0,0,0,0,0.00902973105088405,0,0.000300619150625731,0,0.000433856067336403,0,0.00716060254876555,0.0108179257750696,0,0,0,0.00239948117191823,0,0,0,0.00394300740978504,0,0.00538275596305904,0,0,9.87118805782576e-05,0,0,0.00226039496766853,3.30727734933025e-05,0.00764242578523608,0,0.00283852041110368,3.54844194672897e-05,0.00455919971892994,0.00402437779743856,4.06855459873048e-05
0,0,0,0,0,0,0,0,0,0,0,0,0.00260287619292537,0,0,0,0,0,0,0,0.00525501410046183,0,0,0,0,0,0,0,0,0,0.00163996566908539,0,0,0,0,0,0,0,0.00117750762764632,0,0,0,0,0,0,0,0,0,0,0,0,0,9.56413507308212e-05,0,0,0,0.0216397478308295,0,0.00154017652885639,0,0,0,0,1.02791087493071e-05,0,0,0,0,0,0,0,0,0,0,0,0,0,0,0,0,0,0,0.000353297858452873,0,0,0,0
0,0.000209367723486695,0,0.000280944104978617,0,0,0,0.0105963160171674,0,3.65372257428546e-05,0,0,0,0.00498200650070087,0,0,0,1.987679078888e-05,2.30135360834378e-05,0.0341966217786355,0,0,0,1.03635470334595e-05,0,0,0,0.00559965857719483,0,0,0,0,0,0,0,0.00335902767272524,0,0.00831644726291725,0,0,0,0.000145758850455212,0,0,0,0.000887514846736092,0,0,0,6.67433243789628e-05,0,0,0,0.000130809862097721,0,0,0,0.0791923624242807,0,0.00713303237834897,0,0,0.00332255008431517,0,0,0,0,0,0,0,0.00256361428117377,0,0.00458589581353228,0,0,0,0,0,0.00049186313394184,0,0.00663774099634436,0,0.00398461373513543,4.22766582286293e-05,0.000283879211160539,1.56581247858778e-05,0
0,0,0,0,0,0,0,0,0,0,0.00260287619292537,0,0,0,0.000718096707848711,0,0,0,0,0,0,0,0,0,0,0,0,0,0,0,0,0,0,0,0,0,0,0,0,0,0,0,0,0,0,0,0,0,0,0,0,0,0,0,0,0,5.80290959991186e-05,0,0.000959605507869157,0,4.55841641363963e-05,0,0,0,0,0,0,0,0,0,0,0,0,0,0,0,0,0,0,0,0,0,0,0,0,0,0
0,0.003750444474967,0,0.000217518162401102,0,0.000592229242364228,0,0.00164045850552461,0,0,0,0.00498200650070087,0,0,0,0.00300163881538099,0,0,2.10581777170225e-05,5.01998729640341e-05,0,0,0,0,0,0,0,0.00190229812750682,0,9.67416004483783e-06,0,0,0,0,0,5.72191656486517e-06,0,0,0,0,0,6.98026076668284e-05,0,0,0,0.000334390773918635,0,0,0,0.000574931381824156,0,0.00202243084602453,0,0.00130415404399375,0,0,0,0.00839219138799121,0,0.0617844672334543,0,0.00754374530991767,0.000205307137873389,0,0,0,2.62311593996964e-05,0,0,0,0.00774528645268348,0,0.00126364175037928,0,0,0,0,0,3.19797914972775e-06,0,7.81742329218269e-05,0,0.000858911430755145,0.00290850942095978,0.00030163787119087,0,0
0,0,0,0,0.0101301843083061,0,0,0,0.0115398471711619,0,0,0,0.000718096707848711,0,0,0,0.000669464852399639,0,4.21259317173448e-05,0,0,0,0,0,0,0,0.000803173054242934,0,0,0,0,0,0,0,0,0,0,0,0,0,0,0,0,0,0,0,0,0,0,0,0.000188462403659332,0,0,0,0,0,0,0,0.000469165742117509,0,0.0357885234536305,0,0,0,0,0,0,0,0,0,0,0,0,0,0,0,0,0,0,0,0,0,0.000176274933423079,1.46678747753964e-05,0,0,0
0,0.00450896360503865,0,0,0,0.00110225046804814,0,0.000132212542714413,0,0.0342132731392739,0,0,0,0.00300163881538099,0,0,0,0.000503042584896793,0,0,0,0,0,0.00342142325743903,0,0.00431464318536151,0,3.61971287929919e-05,0,0,0,0,0,0,0,0,0,5.66721787696724e-05,0,0,0,1.7473481021346e-05,0,0.000346747476575125,0,7.69547674534399e-05,0,0,0,0.000474604111750635,0,0.000611387034349889,0,0,0,0.0410023156277129,0,0,0,0.00328742612748198,0,0.0753592183771247,0,0,0,0,0.00476468206462816,0,0.00736790593340998,0,0,0,0,0,0,0,0,0,0,0,0.000155459265696246,0,0.000875648552151302,0.00131690053232651,7.06298395960686e-05,0,0
0,9.32624415668239e-05,0,0,0,0,0,0,0.00180291244118317,5.11012176452469e-05,0,0,0,0,0.000669464852399639,0,0,0.119032223292889,0.0498723383288159,4.00877630343711e-05,0,0.00083956221042969,0.00166463726801587,0.000897568495345584,0.000869758399976033,0.000346043206763734,0.00712624309853286,0,0,0,0,0,2.22135279252904e-05,0,0,2.12536581366022e-05,1.92027706712094e-05,0,0,0,0.00019631932695805,6.9218557790632e-05,0.00029578477784719,2.06333978821335e-05,3.9046848518491e-05,1.64272311568811e-05,3.30322101903438e-05,0.000293875237509723,0.000167609052412621,2.11518843618456e-05,0,0,0,0,2.33770929893065e-05,0,0,0,0,0,0,0,2.38738873747173e-05,2.6771272733217e-06,2.66321474591211e-05,0,0,0,0,0.000407139427813228,0,0,1.81899848186028e-06,0,0,0.000309815091143774,0,0,9.97941321391473e-06,0.000176398450772494,8.67788333914175e-06,0,0.036670497900176,0.0141971925770585,0.000249526066298657,6.40817012966498e-06,6.05838548213616e-05
0,0.000540677084034773,0,7.4119062522112e-05,0,0,0,0,1.6227403660671e-05,0.00136829930603819,0,1.987679078888e-05,0,0,0,0.000503042584896793,0.119032223292889,0,0.0606534276043753,0.00069576732869448,0,0.00967142538167556,4.17680008258227e-05,0.00967691817223227,1.63388472913692e-05,0.00286176123681836,0.000155388534260099,0.000872973229705649,0,0,0,0,9.53372063973543e-05,0,0,0.000220125317877575,2.31538133982074e-05,6.89618298145455e-05,0,3.94802659793894e-05,0.000178908500311247,0.00177559455257935,0.000862496260128752,0.00010534399614581,7.21384625746498e-05,0.00112280365153679,2.39589738410149e-05,0.000726837262651564,0.000748458577159904,0.000232595885175195,0,0,0,0,0,1.24940803336676e-05,0,2.58617765744172e-05,0,6.94410288920549e-06,0,0,0.000974937598499205,0,0.000283632090283595,0,4.43836419324027e-05,0,2.65213293459965e-05,0,0.000119448594465694,0,7.08208381958401e-05,0,0,0.000558421954045449,0,0,0.00039453765276612,0.000125481917003186,0.00102100598613233,0,0.0408360001554774,0.0265656491301267,0.00178505414937682,0.000198159232167257,0.000118897394785329
0.00042438098854119,0.00579315894106693,0.0013630736557882,0.0028147079680199,0.000277623790754405,0,0,0,0.00151035967788219,0.00474571743497245,0,2.30135360834378e-05,0,2.10581777170225e-05,4.21259317173448e-05,0,0.0498723383288159,0.0606534276043753,0,0.00510513809495582,8.7432019736499e-06,0,0,0.000212327044025887,1.09590017398333e-05,0,0.000820942825429627,0,0,0,0,0,0.00130597831318869,0,0,0.00105775058389347,0.000493204389324903,0.000162882860607273,0,0.000370712525216031,0.00900981577188812,0.0167962474557115,0.061256903937044,0.00511213484564703,0.00728433801244082,0.00649367824421597,0.00134782804685047,0.0161295565790275,0.0186639541739086,0.0042073317026551,0,0,0,0,0,7.37814117060632e-05,9.42569729375474e-05,0.000214695363295247,0,0.000207110052516572,0,0,0.0064438912626989,0.00189805892830846,0,0,9.41575690049123e-05,0,0,0,0.000418178258094919,0,0.000440083306013731,0,0,0.00903300340942019,0,6.07436727718394e-06,0.00135465077777313,0.00206945141069099,0.00307128488610733,0,0.0165760496926425,0.000641856032944641,0.0474054166284385,0.00151946266113655,0.0204003698029404
0,0.00866396000659319,0,0.0110448408800935,0,0.00171689173095568,0,0.000228147142266104,0,0.00971829252011465,0,0.0341966217786355,0,5.01998729640341e-05,0,0,4.00877630343711e-05,0.00069576732869448,0.00510513809495582,0,0,0,0,1.18678818917519e-05,0,0,0,0,0,0,0,0,9.13467441100127e-05,0,0,0.00377590559146468,0,0.000949834115820761,0,0.000639737779062393,0.000110868549243527,0.0123283761776343,6.82699209455798e-05,0.0041307432959117,1.56096281971816e-05,0.0356669737973735,0,9.58344210117833e-05,7.42442553026404e-05,0.00543634975811235,0,0,0,0,0,7.0815066794796e-05,0,0.016362842614694,0,0.00183717539902808,0,3.23439305864961e-05,0.198997939161812,0,0,0,3.72833736196603e-05,0,0,0,0.00105169477204975,0,0.000706571136497444,0,0,0,0,0,0.0036745541785555,0,0.00167176858932061,0,0.00214452257385165,1.08913974449579e-05,0.00784804260991152,0.00338555034622016,0
0,0,0,0,2.23763979501984e-05,0,0.0010023967433235,0,0,0,0.00525501410046183,0,0,0,0,0,0,0,8.7432019736499e-06,0,0,0,0,0,0,0,0,0,0,0,0,0,0,0,0,0,0.00149234058739424,0,0,0,0.0130459355938953,0,0,0,0,0,0.0100280555874593,7.0349076810074e-06,1.56847084177331e-05,0,0,0,0.00352609688952895,0,0,0,0.000794123882698663,0,0,0,0,0,0,0.063190661180925,0,0,0,0,0,0,0,0,0,0,0,0,0,0,0,0.000387981415092809,0,0,0.00140818546817586,1.00920590555276e-06,0.000881135923119861,0,0.000141201974081072
0,0,0,0,0,0,0,0,0,0,0,0,0,0,0,0,0.00083956221042969,0.00967142538167556,0,0,0,0,0.00510886565105553,0.00945025681214602,0,0.000585604116987276,0,1.23373711985938e-05,0,0,0,0,0,0,0,0,0,0.0108182117836591,0.000801913677057336,0,0,0,0,0,0,0,0,0,0,8.52470275062081e-06,0,0,0,0,0,0,0,0,0,0,0,0,0,0,0.0470783315776618,0.00151446795788979,0.00530267971735253,0,0.000951228061120543,0,0.00149488705235283,0,0,0,0,0,0,0,0,0,0.00341973073363324,5.88497920030574e-05,0.00428785314936919,0.00284212804407365,0,0,0
0,0,0,0,0,0,0,0,0,0,0,0,0,0,0,0,0.00166463726801587,4.17680008258227e-05,0,0,0,0.00510886565105553,0,0,0.00169739956948325,0,0.000617173765787886,0,0.000572053620819309,0,0,0,0,0,0,0,0,8.23473009553254e-06,0.00658777998511266,0,0,0,0,0,0,0,0,0,0.000531140820399936,0,0,0,0,0,0,0,0,0,0,0,0,0,0,0,0.000934546995452066,0.0861310909603527,0,0.000431017523898377,0,0.00020218293837659,0,7.08632079027316e-05,0,0,0,0,0,0,0,0,1.71561554924035e-05,0.00305417947650138,0.00404173423420407,0.00188477071490602,0,0,0
0,0.00697744386096872,0,3.06351731168722e-05,0,0,0,0,0,0.0032490352501106,0,1.03635470334595e-05,0,0,0,0.00342142325743903,0.000897568495345584,0.00967691817223227,0.000212327044025887,1.18678818917519e-05,0,0.00945025681214602,0,0,0,0.0788490289862765,0.000128938699152556,0,0,0,0,0,0,0,0,0,0,0.00742137313586294,0,0,0,0.00214444527245424,0,0,0,6.67437887843505e-05,0,0,0,0.00286614501443661,0,0,0,0,0,0.0196380941169393,0,0.000222167979289371,0,0.00181332605498291,0,0.000406513489490303,0.000102525259327471,0,0.0101087289844514,0.000179936803608775,0.181920336792274,0,0.0659040520195018,0,0.00222922769461812,0,0.000268679921177376,0,0,0,0,0,1.00051247369775e-06,0,0.00129857520271999,0,0.00145389186474629,0,0.00256501591618467,0.000607204036903314,0
0.000141655205712962,0,0,0,0,0,0,0,0.0114938873365541,0,0,0,0,0,0,0,0.000869758399976033,1.63388472913692e-05,1.09590017398333e-05,0,0,0,0.00169739956948325,0,0,0,0.0227085482036657,0,0,0,0,0,0,0,0,0,0,3.26192556506159e-05,0.00456667795796964,0,0,0,1.67787131481063e-05,0,0,0,0,0,0.0116071517588197,0,0,0,0,0,0.00581596482093886,0,0,0,0,0,0,0,0,0,0,0.00284336181137009,0,0.111494256650645,0,0.0352400397796846,0,7.38990261512362e-05,0,0,0,0,0,0,0,0,0,0.000766156875334154,0.00112894616125072,0,0.000672294386908263,0,0
0,0,0,0,0,0,0,0,0,0,0,0,0,0,0,0.00431464318536151,0.000346043206763734,0.00286176123681836,0,0,0,0.000585604116987276,0,0.0788490289862765,0,0,0,0.000114519082103706,0,0,0,0,0,0,0,0,0,0.000134528642721587,0,0,0,3.64118053040772e-05,0,0,0,0,0,0,0,4.33937704055597e-05,0,0,0,0,0,0,0,0,0,0,0,0.00625993961636435,0,0,0.00106065597580453,0,0.0249599890750669,0,0.0573777145009636,0,0.000749372539211341,0,0,0,0,0,0,0,0,0,0.000193491291948445,0,0.000251449987605612,6.08189483666718e-05,4.3956925347459e-05,0,0
0,0,0,0,0,0,0,0,0.00565294679978316,0,0,0,0,0,0.000803173054242934,0,0.00712624309853286,0.000155388534260099,0.000820942825429627,0,0,0,0.000617173765787886,0.000128938699152556,0.0227085482036657,0,0,0,0.00384329444964065,0,0,0,0,0,0,0,0,0,0,0,0,0,0,0,0,0,0,0,0,0,0,0,0,0,0.00124248996110511,0,0,0,0,0,0,0,0,0,0,0,0,0.00505274237726877,0,0.0593497803916271,0,0.00312407565998849,0,0,0,0,0,0,0,0,0,0,0.000495468956412413,1.3863949657317e-05,0,0,0
0,0,0,0,0,0,0,0,0,0,0,0.00559965857719483,0,0.00190229812750682,0,3.61971287929919e-05,0,0.000872973229705649,0,0,0,1.23373711985938e-05,0,0,0,0.000114519082103706,0,0,0,0.023472946533516,0,0,0,0,0,0,0,0,0,0,0,0,0,0,0,0,0,0,0,0,0,0,0,0,0,0,0,0.000203505747553367,0,0.00194285827132398,0,3.09630013844457e-05,0,0,0,0,0,0,0.000495881804233098,0,0.0334990441959951,0,0.00376045707655491,0,0,0,0,0,0,0,0.00267504358212874,0,0.000960422239547103,0.000552139592214825,0,0,0
0,0,0,0,0,0,0,0,0,0,0,0,0,0,0,0,0,0,0,0,0,0,0.000572053620819309,0,0,0,0.00384329444964065,0,0,0,6.166907593496e-05,0,0,0,0,0,0,0,0.000672615804436365,0,0,0,0,0,0,0,0,0,0,0,0,0,0,0,0,0,0,0,0.000645514735395307,0,0,0,0,0,0,0.000271460162639353,0,0,0,0.000988626829651074,0,0.0164937496549999,0,0,0,0,0,0,0,0,0,0.000466090651750421,0.00039170851707858,0,0,0,0
0,0,0,0,0,0,0,0,0,0,0,0,0,9.67416004483783e-06,0,0,0,0,0,0,0,0,0,0,0,0,0,0.023472946533516,0,0,0,0,0,0,0,0,0,0.00650591404836393,0,0,0,0,0,0,0,0,0,0,0,0,0,0,0,0,0,0,0,5.65770860703196e-05,0,0,0,0,0,0,0,0,0,0,0,0,0.00328557884505726,0,0.0501845135819404,0,0,0,0,0,0,0,0.00103310587903313,0,0.000248235794662724,0,0,0,0
0,0,0,0,0,0,0,0,0,0,0.00163996566908539,0,0,0,0,0,0,0,0,0,0,0,0,0,0,0,0,0,6.166907593496e-05,0,0,0,0,0,0,0,0,0,0.00105169620544538,0,0,0,0,0,0,0,0,0,0,0,0,0,0,0,0,0,0,0,0,0,0,0,0,0,0,0,0,0,0,0,0,0.00188595336237853,0,0.00415625928858715,0,0,0,0,0,0,0,0,1.08029714445617e-05,0,0,0,0
0,0,0,0,0,0,0,0,0,0,0,0,0,0,0,0,0,0,0,0,0,0,0,0,0,0,0,0,0,0,0,0,0.00495983119979988,0.00192616106908687,0,0.0014226548538663,0,0,0,0.0111934740016791,0,0,0,0,0,0,0,0.00617526396723696,0,0.0105839094215212,0,0,0,0,0,0,0,0,0,0,0,0,0,0,0,0,0,0,0,0,0,0,0,0,0.0029537546493806,0,0,5.65220171932172e-05,4.20069328431069e-05,0.000207937139742494,0,0,0.000673485424929447,0,0,0,0
0,0,0,0.000110631291154308,0,0,0,0,0,1.07520975474208e-05,0,0,0,0,0,0,2.22135279252904e-05,9.53372063973543e-05,0.00130597831318869,9.13467441100127e-05,0,0,0,0,0,0,0,0,0,0,0,0.00495983119979988,0,1.89271664820774e-05,0.00137448843460647,7.41105135576743e-07,0.0031106984019633,0,0,1.42445477801932e-05,0.000172595847139361,8.51528618888904e-05,0.00180183114694372,0.00024647268539957,6.04976871127671e-05,1.85604560126382e-05,0.000215333115945966,0.00206594093990323,0.000896332543561621,2.54553708878345e-05,0,0,0,0,0,0,0,0,0,0,0,0,0,0,0,0,0,0,0,0,0,0,0,0,0,0.0433755791879886,0,0.000339080828812208,0,0.00391491530431811,0,0,0.000543358715956354,0,0.000351056713828143,3.46573005265863e-05,4.77792777388727e-05
0,0,0,0,0,0,0,0,0,0,0,0,0,0,0,0,0,0,0,0,0,0,0,0,0,0,0,0,0,0,0,0.00192616106908687,1.89271664820774e-05,0,0.0245209340533594,0.000131741461859079,0,0.00134971543348732,0,1.53377240075613e-05,0,0,0,0,0,0,0,0.0332224822246274,0,0.0125432132217645,0,0,0,0,0,0,0,0,0,0,0,0,0,0,0,0,0,0,0,0,0,0,0,0,0,0,0.0804795807881987,0.000221190996861215,0.000674628179613723,0,0.000887152156899534,0,0.00043700926645104,0.000307944262244029,0.000863757306997344,0,0
0,0,0,0,0,0,0,0,0,0,0,0,0,0,0,0,0,0,0,0,0,0,0,0,0,0,0,0,0,0,0,0,0.00137448843460647,0.0245209340533594,0,0,0.000644899576959988,8.77125953476538e-05,0.000125940862786096,0,0,0,0,0,0,0,1.21844258847671e-05,0.0147524161262144,4.51992018411351e-05,0.00357967516710254,0,0,0,0,0,0,0,0,0,0,0,0,0,0,0,0,0,0,0,0,0,0,0,0,0,0.0109081643648983,0.00125289058408485,0.0723783641700408,0,0.000647911055497263,0,1.53206927281857e-05,0.000720015645604039,0,0.00202732023753701,0,0
0,0.00118295219298502,1.43642977326075e-05,0.000354252884134344,6.48077528357449e-06,9.31696455284872e-05,0,0,0,0.00123910431161075,0,0.00335902767272524,0,5.72191656486517e-06,0,0,2.12536581366022e-05,0.000220125317877575,0.00105775058389347,0.00377590559146468,0,0,0,0,0,0,0,0,0,0,0,0.0014226548538663,7.41105135576743e-07,0.000131741461859079,0,0,0.00428704216165201,0.0037966228808711,3.58560691793135e-05,0.000852877505712107,0.000491532354747109,0.00228411270449015,5.90897641668909e-05,0.000265650006088085,0,0.00666039235687279,0.00028280832157322,0.000639316250436651,8.76107439024687e-05,0.000476549990426289,0,0,0,0,0,1.43751648760735e-05,0,0.00207781616747521,0,0.00013475584296343,0,0,0.00796332275149476,1.10006425909078e-05,0,0,2.74994638175272e-06,0,0,0,0.000114019700712689,0,0.000111708384466476,0,2.16075806541694e-05,8.58249727206486e-05,0.00127465311431637,0,0.0325215410276215,0.00194376608927648,0.00407154542560325,0,0.00784107488418349,0.00319399513195108,0.00341182407786667,0.000430523159442603,3.2475919453442e-06
0,4.02483009266197e-06,0.00127286090872202,1.43637407292919e-05,1.6912635416997e-05,0,0,0,1.14383539611813e-06,1.72765567651523e-05,0,0,0,0,0,0,1.92027706712094e-05,2.31538133982074e-05,0.000493204389324903,0,0.00149234058739424,0,0,0,0,0,0,0,0,0,0,0,0.0031106984019633,0,0.000644899576959988,0.00428704216165201,0,0,0.00116852808982033,1.7572278321526e-05,0.00257532354419206,3.06488308580732e-05,0.000484971130831097,1.3418156773134e-06,1.33475364469826e-05,0.000105317822573956,0.00147247414108452,0.00188221808926176,0.000155565559512002,1.47330613003275e-06,0,0,0,0,0,0,0,0,0,0,0,0,2.28583790972099e-06,0.00179852229404045,0,0,0,0,0,0,8.45336030092697e-07,0,0,0,0,0.00668100566179913,0,0.00180036377852699,0.000421019162757275,0.0653858317341001,0,0.000130247572860077,0.00593229023417825,0.000459219655425179,0.0014819617307586,0,1.47526341447368e-05
0,0.00107114679313693,0,6.35923200366448e-05,0,0,0,0,0,0.000735995623966938,0,0.00831644726291725,0,0,0,5.66721787696724e-05,0,6.89618298145455e-05,0.000162882860607273,0.000949834115820761,0,0.0108182117836591,8.23473009553254e-06,0.00742137313586294,3.26192556506159e-05,0.000134528642721587,0,0,0,0.00650591404836393,0,0,0,0.00134971543348732,8.77125953476538e-05,0.0037966228808711,0,0,0.00178074866016359,0,0,0.00292291005327948,0,6.29714897075136e-05,0,0.000363691930460551,0,0.00822032413744221,0,0.00159876540309668,0,0,0,0,0,0.000286206130789495,0,0.00953874839268389,0,0.000634988938169864,0,0.000117252207916441,0.000457493236566143,0,0.00589926347746536,0,0.00950562666180113,0,0.00012369184833012,0,0.000787759284984456,0,0.000880277894576186,0,0,0,0.000402537185267878,0,0.00107324346369716,0,0.0650836471928205,0.000287787382095769,0.0063363736913662,0.00124089875078867,0.00842968379664126,0.000155475087106081,0
0,0,0,0,0,0,0,0,0,0,0.00117750762764632,0,0,0,0,0,0,0,0,0,0,0.000801913677057336,0.00658777998511266,0,0.00456667795796964,0,0,0,0.000672615804436365,0,0.00105169620544538,0,0,0,0.000125940862786096,3.58560691793135e-05,0.00116852808982033,0.00178074866016359,0,0,0,0,0.00015969937252558,0,0,0,0,0.000312095546922307,0.00347046328782388,0,0,0,0,0,9.18641229798959e-06,0,0,0,0,0,0,0,0,0,2.25397738598087e-05,0.00410946460497675,0,0.00151642615236641,0,8.36543211734911e-05,0,0.000711857272848319,0,0.000165984287327094,0,0,0,2.87640020120157e-06,0,0.00185293352790764,0.000163105224867284,0.0198134339028448,0.00270699944707229,0.000152876326030756,0.00096941649037485,0,0
0,0,0.000388038628471664,0.000263322991179454,0.00032144191462069,1.47759603462286e-05,0,0,0,4.84520432918978e-05,0,0,0,0,0,0,0,3.94802659793894e-05,0.000370712525216031,0.000639737779062393,0,0,0,0,0,0,0,0,0,0,0,0.0111934740016791,1.42445477801932e-05,1.53377240075613e-05,0,0.000852877505712107,1.7572278321526e-05,0,0,0,0.000418229922232929,0.00720861116210873,0.000300849224206927,0.000223438121915813,0,0.0350199816816226,0.000610976713484096,0.0217411098098776,0.000252935714777516,0.038832052658417,0,0,0,0,0,0,0,0,0,0,0,0,0.00419291704258317,4.62583736497009e-05,0,0,0,0,0,0,0,0,0,0,0,0.000159822510760381,0,0,0.019582961261682,6.15582987239011e-05,0,0,0.000154147557013822,2.03444717430381e-06,0.0456950414279582,0,0.000164250283871053
0,0,0.00014690048583521,0,0.000286696626617783,0,0,0,0,0.000112456876193236,0,0,0,0,0,0,0.00019631932695805,0.000178908500311247,0.00900981577188812,0.000110868549243527,0.0130459355938953,0,0,0,0,0,0,0,0,0,0,0,0.000172595847139361,0,0,0.000491532354747109,0.00257532354419206,0,0,0.000418229922232929,0,0.000256322753258097,0.0154533500888593,0.000313246194716525,0.00352895979245778,0.0020617485810191,0.0314070573180296,0.00841709736527452,0.00695277997288221,3.73831129137176e-05,0,0,0,0,0,0,0,0,0,0,0,0,3.09956391364749e-05,0.0510359563054982,0,0,0,0,0,0,0,0,0,0,0,0.0108276893479755,0,0,0.000114589311446723,0.00746909286301181,0,0,0.000444041965330289,3.50764135843529e-05,0.00479110345819454,0.000125790392123612,0.00102604212696163
0,0.00690491806903396,0.000172903052292929,0.0170483618745583,8.70381792272974e-05,9.07093073833644e-05,0,0,0,0.0114821378300248,0,0.000145758850455212,0,6.98026076668284e-05,0,1.7473481021346e-05,6.9218557790632e-05,0.00177559455257935,0.0167962474557115,0.0123283761776343,0,0,0,0.00214444527245424,0,3.64118053040772e-05,0,0,0,0,0,0,8.51528618888904e-05,0,0,0.00228411270449015,3.06488308580732e-05,0.00292291005327948,0,0.00720861116210873,0.000256322753258097,0,0.0162435858459407,0.0130809842246984,0.000182807242682755,0.0415814724115115,0.000494030587361291,0.0299863344186898,0.00426815719167238,0.0954192077178285,0,0,0,0,0,0.00366663909449724,0,0.00111164275181302,0,0.00416360905106666,0,0.000128327594331312,0.0203703009361265,3.24237492644425e-06,0,0,0.00894470379363842,0,5.09549277148142e-05,0,0.00988772307099747,0,0.00551550521065151,0,0,0.00023213910233918,0,0,0.00297149886833262,8.878832784323e-05,0.017030190801811,0,0.00478284850824177,4.39803024671272e-05,0.0900420111330561,0.0155102131786961,0.000466377931028681
0.0118914817113652,0.000720873973320021,0.0146657612806363,0.000908747479083298,0.000890016347889081,2.47798891735164e-05,0,0,0.0139883784973239,0.000500943190285869,0,0,0,0,0,0,0.00029578477784719,0.000862496260128752,0.061256903937044,6.82699209455798e-05,0,0,0,0,1.67787131481063e-05,0,0,0,0,0,0,0,0.00180183114694372,0,0,5.90897641668909e-05,0.000484971130831097,0,0.00015969937252558,0.000300849224206927,0.0154533500888593,0.0162435858459407,0,0.0040016829053853,0.00544709585381229,0.00157267695474952,0.00489053041949524,0.0323742003146618,0.0562575743632445,0.000843683220654764,0,0,0,0,0.00435665287384585,0,7.56130050731246e-05,4.0123231744706e-05,0,0,0,0,0.000142927580513144,0.00109739298312416,0,0,0,0.000196019575921589,0,0.000107321225902937,1.96727632484112e-05,0.00109338373907274,0,0.0239005475386715,0,0.0061911708948165,0,0,0.00012741781849307,0.00156014146166765,2.85088128040662e-05,0.000559595008956281,0.0142537573659705,0.000127905647441525,0.0698058687540072,0.000152686077966844,0.120546366899246
0,0.000361031604903705,0,0.00603667198057663,5.6622765703028e-05,0,0,0,0,0.000860591112556034,0,0,0,0,0,0.000346747476575125,2.06333978821335e-05,0.00010534399614581,0.00511213484564703,0.0041307432959117,0,0,0,0,0,0,0,0,0,0,0,0,0.00024647268539957,0,0,0.000265650006088085,1.3418156773134e-06,6.29714897075136e-05,0,0.000223438121915813,0.000313246194716525,0.0130809842246984,0.0040016829053853,0,0.000341605215276115,0.0039559144587803,5.82628520128209e-05,0.000915125472393995,0.00292072793933287,0.000257831364194397,0,0,0,0,0,0.00149699624163545,0,0,0,0,0,0,0.00457727096251042,3.20182026794028e-05,0,0,0,0,0,0,0.000363006066565736,0,0.000181341392021122,0,0,0.000323982208116152,0,0,0.000348161662892206,3.6756788031704e-05,0.000419784027182022,0,0.000401561731277086,0,0.00656403945009322,0.00517166686372179,0.00158898317304185
0,7.40335139343697e-05,0.0011900464725244,0,0,0,0,0,0,0,0,0,0,0,0,0,3.9046848518491e-05,7.21384625746498e-05,0.00728433801244082,1.56096281971816e-05,0,0,0,0,0,0,0,0,0,0,0,0,6.04976871127671e-05,0,0,0,1.33475364469826e-05,0,0,0,0.00352895979245778,0.000182807242682755,0.00544709585381229,0.000341605215276115,0,1.2806987175148e-05,0,0.000822957196520394,0.00145078597237668,3.47836994199599e-05,0,0,0,0,0,0,0,0,0,0,0,0,0,0.00026862798182028,0,0,0,0,0,0,0,0,0,0,0,0.000724578823809492,0,0,5.83213005607425e-06,4.94042119799337e-05,0,0,0.000105463699083909,0,0.00278047160789984,0,0.014417920286551
0,0.00887043872313113,0.00468471591524582,0.0769234846471021,0.002925167470539,0.000433883346470688,0,1.545161729735e-05,5.29418646619442e-05,0.0103304747901501,0,0.000887514846736092,0,0.000334390773918635,0,7.69547674534399e-05,1.64272311568811e-05,0.00112280365153679,0.00649367824421597,0.0356669737973735,0,0,0,6.67437887843505e-05,0,0,0,0,0,0,0,0,1.85604560126382e-05,0,0,0.00666039235687279,0.000105317822573956,0.000363691930460551,0,0.0350199816816226,0.0020617485810191,0.0415814724115115,0.00157267695474952,0.0039559144587803,1.2806987175148e-05,0,0.00315066038246508,0.00122608548688892,0.00105415767268032,0.0123564879621376,0,0,0,0,0,0.000314797015289878,0,0.0195467842520026,0,0.00823888322906889,0,0.0005053707756274,0.0668947584571021,0.000172263926190495,0,0,0.000326603543727084,0,0,0,0.00109840144828024,0,0.000562874606454595,0,0,0.000924058194084922,0,0,0.0121117929056355,0.000500626483063367,0.00202567626796896,0,0.00270699095082729,0.000146783825407605,0.0419710370222429,0.0016838311744588,0.000267472656029829
0,0,0.00210519039156898,6.01736587970564e-05,0.00069746377659842,0.000171453481552126,0,0,5.39871978395926e-05,0.0001884724065449,0,0,0,0,0,0,3.30322101903438e-05,2.39589738410149e-05,0.00134782804685047,0,0.0100280555874593,0,0,0,0,0,0,0,0,0,0,0,0.000215333115945966,0,1.21844258847671e-05,0.00028280832157322,0.00147247414108452,0,0,0.000610976713484096,0.0314070573180296,0.000494030587361291,0.00489053041949524,5.82628520128209e-05,0,0.00315066038246508,0,0.00861738276165821,0.00784481397721195,4.07872122651275e-05,0,0,0,0,0,0,3.09204439186746e-05,0,0,0,0,0,4.29363065868743e-05,0.052544175270313,0,0,0,0,0,0,0,0,0,0,0,0.00870535071518407,0,3.82629761946831e-05,0.000270224574554966,0.00593965663136772,3.66579189284288e-06,0,0.000473388228972479,4.93916266628669e-05,0.0446542392983356,0,0.00219568164760609
0,0.000315017997752378,0.000232480054018345,0.000851930324894812,4.97187196681109e-05,7.35184134028114e-06,0,0,7.93688286846123e-06,0.000406037285771866,0,0,0,0,0,0,0.000293875237509723,0.000726837262651564,0.0161295565790275,9.58344210117833e-05,7.0349076810074e-06,0,0,0,0,0,0,0,0,0,0,0.00617526396723696,0.00206594093990323,0.0332224822246274,0.0147524161262144,0.000639316250436651,0.00188221808926176,0.00822032413744221,0.000312095546922307,0.0217411098098776,0.00841709736527452,0.0299863344186898,0.0323742003146618,0.000915125472393995,0.000822957196520394,0.00122608548688892,0.00861738276165821,0,0.030468800473474,0.100229846315568,0,0,0,0,0,0,0,0,0,0,0,0,1.83125719031988e-05,9.36467293055448e-05,0,0,0,0,0,0,0,0,0,0,0,0.00193610013305554,0.00644415855498684,0.000860429735977707,0.000855481841733482,0.00499388829783134,0.000100337656924704,0.000224888924206369,0.0126737987703634,0.000177602204981411,0.0431699330137805,3.06756486256247e-05,0.00106735529187864
0.0021044768013555,0.000394513518275378,0.0169455935553746,0.00103590143523539,6.86924350045105e-05,0,0,0,0.00101395877101365,0,0,0,0,0,0,0,0.000167609052412621,0.000748458577159904,0.0186639541739086,7.42442553026404e-05,1.56847084177331e-05,0,0.000531140820399936,0,0.0116071517588197,0,0,0,0,0,0,0,0.000896332543561621,0,4.51992018411351e-05,8.76107439024687e-05,0.000155565559512002,0,0.00347046328782388,0.000252935714777516,0.00695277997288221,0.00426815719167238,0.0562575743632445,0.00292072793933287,0.00145078597237668,0.00105415767268032,0.00784481397721195,0.030468800473474,0,0.00133551133456767,0.000183278447219339,0,0,0,0.00226446678831454,6.12879021881828e-05,0.000950051286049393,1.2019615380993e-05,0,0,0.00016554017479726,0,0,0.0043091245351159,0,0.00161572239427295,0,0.0300487399061311,0,0.00394304605654994,0,0.0251995058294443,8.2444315165519e-06,0.0356454740508437,0,0.00154798746816987,0,0,4.82324150450569e-05,0.00127044022957186,0,0.00208305149812556,0.00242889373894149,9.29991639026148e-06,0.0321047523429157,0,0.00567490611382149
0,0.0451010684603492,6.58632940871585e-05,0.0058237068601997,2.24792467601006e-05,0.000192314593990588,0,0,0,0.00306101196765961,0,6.67433243789628e-05,0,0.000574931381824156,0,0.000474604111750635,2.11518843618456e-05,0.000232595885175195,0.0042073317026551,0.00543634975811235,0,8.52470275062081e-06,0,0.00286614501443661,0,4.33937704055597e-05,0,0,0,0,0,0.0105839094215212,2.54553708878345e-05,0.0125432132217645,0.00357967516710254,0.000476549990426289,1.47330613003275e-06,0.00159876540309668,0,0.038832052658417,3.73831129137176e-05,0.0954192077178285,0.000843683220654764,0.000257831364194397,3.47836994199599e-05,0.0123564879621376,4.07872122651275e-05,0.100229846315568,0.00133551133456767,0,0,0,0,0,0,0.00396711276879048,0,0.000946620180821297,0,0.0261603009624934,0,0.00472060855304999,0.0051841201107491,0,2.45625194729342e-05,0,0.014985968556715,0,0.011115355953489,0,0.0251090646359309,0,0.00392615667063278,0,0.00550630262194708,5.94966810200967e-05,0.0180050480493495,0,0.00138186057336669,6.37191879187747e-06,0.00448603692726475,0,0.00105614495562101,6.38011856722657e-06,0.024871407832396,0.000321826137115602,0
0,0,0.00544414350844626,0,0.0851843549062993,0,0,0,0.009294247267186,0,0,0,0,0,0.000188462403659332,0,0,0,0,0,0,0,0,0,0,0,0,0,0,0,0,0,0,0,0,0,0,0,0,0,0,0,0,0,0,0,0,0,0.000183278447219339,0,0,0,0,0,0.000287577128326896,0,0,0,0.0031281342612448,0,0.0060579507611667,0,0,0,0,0,0,0,0,0,0,0,0,0,0,0,0,0,0,0,0,0,0.000466610145152188,0,0,0,0
0,0,0,0.000375870531789307,0,0.051691437254956,0,0.00824026943306357,0,0,0,0,0,0.00202243084602453,0,0.000611387034349889,0,0,0,0,0,0,0,0,0,0,0,0,0,0,0,0,0,0,0,0,0,0,0,0,0,0,0,0,0,0,0,0,0,0,0,0,0,0.0297818910873091,0,0,0,0.000327850315743857,0,6.12973698554476e-05,0,0.00234542500540881,0,0,0,0,0,0,0,0,0,0,0,0,0,0,0,0,0,0,0,0,0.000247390793743285,0.000195550426457498,0,0,0
0,0,0,0,0,0,0.00259961102982644,0,0,0,9.56413507308212e-05,0,0,0,0,0,0,0,0,0,0.00352609688952895,0,0,0,0,0,0,0,0,0,0,0,0,0,0,0,0,0,0,0,0,0,0,0,0,0,0,0,0,0,0,0,0,0,0,0,0,0,0,0,0,0,0,0.000744241029114672,0,0,0,0,0,0,0,0,0,0,0,0,0,0,0,0,0,0,0.000209759951475531,0,0,0,0
0,0,0,0,0,0.0234094920639154,0,0.0752054119119341,0,0,0,0.000130809862097721,0,0.00130415404399375,0,0,0,0,0,0,0,0,0,0,0,0,0,0,0,0,0,0,0,0,0,0,0,0,0,0,0,0,0,0,0,0,0,0,0,0,0,0.0297818910873091,0,0,0,0,0,0.00408964467521558,0,0.0056998536037097,0,0.000359377010293398,0,0,0,0,0,0,0,0,0,0,0,0,0,0,0,0,0,0,0,0,0.000737127633288612,0.000429656681317248,0,0,0
0.0462687840702781,0,0.0340506401824853,0,0.00154406669363123,0,0,0,0.142148327551523,0,0,0,0,0,0,0,2.33770929893065e-05,0,0,0,0,0,0,0,0.00581596482093886,0,0.00124248996110511,0,0,0,0,0,0,0,0,0,0,0,9.18641229798959e-06,0,0,0,0.00435665287384585,0,0,0,0,0,0.00226446678831454,0,0.000287577128326896,0,0,0,0,0,0,0,0.000154854912846725,0,0.0110854009198744,0,0,0,0,0,0,0.00924048116790858,0,0.00109258485825664,0,0,0,0,0,0,0,0,0,0,0,0,0.000472106648067128,0.000251837729662234,0.00270701798544607,0,0.00102527893465405
0,0.0325277353000957,0,0,0,0,0,0,0,0.00902973105088405,0,0,0,0,0,0.0410023156277129,0,1.24940803336676e-05,7.37814117060632e-05,7.0815066794796e-05,0,0,0,0.0196380941169393,0,0,0,0,0,0,0,0,0,0,0,1.43751648760735e-05,0,0.000286206130789495,0,0,0,0.00366663909449724,0,0.00149699624163545,0,0.000314797015289878,0,0,6.12879021881828e-05,0.00396711276879048,0,0,0,0,0,0,0,0.000803310748170129,0,0.000200530264541816,0,0.0113761366329287,0.000302085279848714,0,0,0,0.0101427693190196,0,0,0,0.00323857827954161,0,0.00238122412053292,0,0,0,0,0,3.72683425602193e-05,0,0.00176559325343168,0,0.000136192017895907,0,0.00247659701484545,0.0011250960320201,0
0,0,0,0,0,0,0.000200754828656502,0,0,0,0.0216397478308295,0,5.80290959991186e-05,0,0,0,0,0,9.42569729375474e-05,0,0.000794123882698663,0,0,0,0,0,0,0,0,0,0,0,0,0,0,0,0,0,0,0,0,0,7.56130050731246e-05,0,0,0,3.09204439186746e-05,0,0.000950051286049393,0,0,0,0,0,0,0,0,0,0,0,0,0,0,0.00206243770016189,0,0,0,0,0,0,0,3.61341376229115e-05,0,0.000416122028068732,0,0,0,0,0,0,0,0,0.000150368239870934,0,0.0098606645833718,0,0.000124460739041672
0,0.000607454499286758,0,0.0184966237044903,0,0.0049432478020026,0,0.0187223631797466,0,0.000300619150625731,0,0.0791923624242807,0,0.00839219138799121,0,0,0,2.58617765744172e-05,0.000214695363295247,0.016362842614694,0,0,0,0.000222167979289371,0,0,0,0.000203505747553367,0,5.65770860703196e-05,0,0,0,0,0,0.00207781616747521,0,0.00953874839268389,0,0,0,0.00111164275181302,4.0123231744706e-05,0,0,0.0195467842520026,0,0,1.2019615380993e-05,0.000946620180821297,0,0.000327850315743857,0,0.00408964467521558,0,0.000803310748170129,0,0,0,0.0534821224976044,0,0,0.00948012599724096,0,0,0,0.000324627740595001,0,0,0,0.00969591841412921,0,0.0138648320323105,0,0,0,0,0,0.000843005358769917,0,0.0094254667600407,0,0.0010106106482324,0,0.0109115187928663,0.000111072949526478,0
0,0,0,0,0,0,0,0,0,0,0.00154017652885639,0,0.000959605507869157,0,0.000469165742117509,0,0,0,0,0,0,0,0,0,0,0,0,0,0.000645514735395307,0,0,0,0,0,0,0,0,0,0,0,0,0,0,0,0,0,0,0,0,0,0.0031281342612448,0,0,0,0.000154854912846725,0,0,0,0,0,0.000115188064780723,0,0,0,0,0,0,0,0,0,0,0,0,0,0,0,0,0,0,0,0,0,0,0,0,0,0
0,0.0131910630898325,0,0.00341960786318948,0,0.000791297842007961,0,0.00283963820042174,0,0.000433856067336403,0,0.00713303237834897,0,0.0617844672334543,0,0.00328742612748198,0,6.94410288920549e-06,0.000207110052516572,0.00183717539902808,0,0,0,0.00181332605498291,0,0,0,0.00194285827132398,0,0,0,0,0,0,0,0.00013475584296343,0,0.000634988938169864,0,0,0,0.00416360905106666,0,0,0,0.00823888322906889,0,0,0,0.0261603009624934,0,6.12973698554476e-05,0,0.0056998536037097,0,0.000200530264541816,0,0.0534821224976044,0,0,0,0.00556827555705973,0.00327020715578194,0,0,0,0.00780301927221648,0,0.000503720173451182,0,0.0180280215168879,0,0.00207521956421268,0,0,0,0,0,0.000191383433363685,0,0.00193502450060931,0,0.00150066808094434,0.00100356851870698,0.0154941523743695,8.11852994808676e-05,0
0.00289343905501135,0,0.00814817332495835,0,0.000152883702157629,0,0,0,0.0237071073736864,0,0,0,4.55841641363963e-05,0,0.0357885234536305,0,0,0,0,0,0,0,0,0,0,0,0,0,0,0,0,0,0,0,0,0,0,0,0,0,0,0,0,0,0,0,0,0,0.00016554017479726,0,0.0060579507611667,0,0,0,0.0110854009198744,0,0,0,0.000115188064780723,0,0,0,0,0,0,0,0,0,0,0.00358475947732462,0,0,0,0,0,0,0,0,0,0,0,0,9.18037649850464e-06,0,0.000494761965956032,0,0
