0,0,0.131620527803898,0,0,0,0,0,0.2019559195801,0,0,0,0,0,0,0,0.42670863121748,0.290555814901988,0.365253704858113,0,0,0,0,0,0,0,0,0,0,0,0,0,0,0,0,0,0,0,0,0.329901427030563,0,0,0.319617292947239,0,0,0,0.217404266198476,0,0.119132958925687,0,0.182629895396531,0,0,0,0.193512338907161,0,0,0,0,0,0.241138626635075,0,0,0,0,0,0,0,0,0,0,0,0,0,0,0,0,0,0.347064524888992,0.321801643286433,0,0,0.239067744037935,0,0.215464588542728,0,0
0,0,0,0.162554611300313,0,0.184111773967743,0,0,0,0.210073392121838,0,0,0,0,0,0,0.323100656270981,0,0.265951737761497,0,0,0,0,0,0,0,0,0,0,0,0,0,0,0,0,0,0,0,0,0,0,0.251549555835399,0,0,0,0,0,0,0,0.165465438685247,0,0,0,0,0,0.233934706050989,0,0.259617835283279,0,0,0,0.186148936350142,0,0,0,0,0,0,0,0,0,0,0,0,0,0,0,0,0.308811287085215,0,0,0,0.164479842307893,0,0.151087066356206,0.269793916493654,0
0.131620527803898,0,0,0,0.187668497547691,0,0,0,0.138010922029163,0,0.296757489442825,0,0,0,0,0,0,0,0,0,0.231173460682233,0,0,0,0,0,0,0,0,0,0,0,0,0,0,0,0,0,0.307827442884445,0,0,0,0.316177196204662,0,0,0,0.219508250909192,0,0.13768610400813,0,0.216877824583058,0,0,0,0.160384880585803,0,0.277808414543829,0,0.231464863969729,0,0.23418103158474,0,0,0.255872297499861,0,0,0,0,0,0,0,0,0,0.304608500920809,0,0,0,0,0,0.303610577351517,0,0,0.189613385020562,0.284428372979164,0.203215817111822,0,0.25814887881279
0,0.162554611300313,0,0,0,0.187753025497963,0,0,0,0.152897777790959,0,0,0,0,0,0,0,0,0.320768669247627,0,0,0,0,0,0,0,0,0,0,0,0,0,0,0,0,0,0,0,0,0.292178824543953,0,0.300387407457797,0,0,0,0.168082727491856,0,0,0,0.180407691001892,0,0.206481630217682,0,0,0,0,0,0.266392010224374,0,0,0,0,0.246120880570328,0,0,0,0,0,0,0,0,0,0.287516428157687,0,0,0,0,0,0.253671213132995,0.318439513444901,0,0,0.216575964257635,0,0.247285870932679,0.272638315091962,0
0,0,0.187668497547691,0,0,0,0.155622780323029,0,0.170288855830828,0,0,0,0,0,0.159346342086792,0,0,0,0,0,0.191458361425521,0,0,0,0,0,0,0,0,0,0,0,0,0,0,0,0.186928153038025,0,0,0,0,0,0.262868215995176,0,0,0,0.209947168827057,0,0,0,0.214410030231701,0,0,0,0,0,0.242461253268023,0,0,0,0.171302998295197,0,0,0.2269029396106,0,0,0,0,0,0,0,0,0,0.254698842763901,0,0,0,0,0,0.304643154144287,0,0,0.198992879129946,0,0.217211566335064,0,0.238014996051788
0,0.184111773967743,0,0.187753025497963,0,0,0,0,0,0.193359923467301,0,0.220409139438912,0,0,0,0,0,0,0,0,0,0,0,0,0,0,0,0,0,0,0,0,0,0,0,0,0,0,0,0,0,0,0,0,0,0,0,0,0,0,0,0.221565258380485,0,0,0,0.190843005257414,0,0.20149308629334,0,0.186073616147041,0,0,0,0,0,0,0,0,0,0,0,0,0,0,0,0,0,0,0,0,0,0,0.172128885984421,0,0.217050296339122,0,0
0,0,0,0,0.155622780323029,0,0,0,0,0,0,0,0.200003290849347,0,0,0,0,0,0,0,0.14117292411686,0,0,0,0,0,0,0,0,0,0,0,0,0,0,0,0,0,0,0,0,0,0,0,0,0,0,0,0,0,0,0,0.172124978024643,0,0,0,0,0,0,0,0,0,0,0.137180217654906,0,0,0,0,0,0,0,0,0,0,0,0,0,0,0,0.123501509428024,0,0,0.157836003655411,0,0,0,0
0,0,0,0,0,0,0,0,0,0,0,0.171163303359431,0,0.1794513463974,0,0,0,0,0,0.133002799997727,0,0,0,0,0,0,0,0,0,0,0,0,0,0,0,0,0,0,0,0,0,0,0,0,0,0,0,0,0,0,0,0,0,0.159001544117928,0,0,0,0.197855714303029,0,0,0,0,0,0,0,0,0,0,0,0,0,0,0,0,0,0,0,0,0,0,0,0,0.174841605126858,0,0,0,0
0.2019559195801,0,0.138010922029163,0,0.170288855830828,0,0,0,0,0,0,0,0,0,0.166709178304377,0,0.213155539882071,0.172946852614295,0.266600751912737,0,0,0.157804608345032,0.215026587247849,0,0.233455683852805,0.15615202486515,0.19096816462629,0,0,0,0,0,0,0,0,0,0,0,0.284595449468983,0.318435688813527,0.443142473697662,0,0.151639189985063,0,0,0,0.258123467365901,0,0.330725431442261,0,0.177195279134644,0,0,0,0.231964740551661,0,0,0,0,0,0.189720203821687,0,0,0,0,0,0,0.357674598693848,0.190736025571823,0.179477225989103,0,0,0,0,0,0,0,0,0.344258105754852,0.348678551614285,0,0.297641582787037,0.207501569357083,0,0.252640307190735,0,0.168796464800835
0,0.210073392121838,0,0.152897777790959,0,0.193359923467301,0,0,0,0,0,0,0,0,0,0.159513771533966,0.145770015815894,0.254059559769101,0.218633830547333,0,0,0,0,0.249933849487986,0,0.165595193703969,0,0,0,0,0,0,0,0,0,0,0,0.242537427112422,0,0,0,0.194358061254024,0,0,0,0,0,0.264810072114834,0,0.218528834757981,0,0.20069376192987,0,0,0,0.242943757515214,0,0,0,0,0,0.177106020972133,0,0,0,0,0.223579397084008,0,0.161540448665619,0,0,0,0,0,0,0,0.259590081870556,0,0,0,0.251043096862056,0,0.188813840420221,0,0.219420877792848,0,0
0,0,0.296757489442825,0,0,0,0,0,0,0,0,0,0.144544204149176,0,0,0,0,0,0,0,0.150495715484068,0,0,0,0,0,0,0,0,0,0.11752396915108,0,0,0,0,0,0.158291537667344,0,0.153380951435664,0,0,0,0.442763984203339,0,0,0,0.33730857480656,0,0,0,0,0,0,0,0,0,0.214370067832011,0,0,0,0,0,0,0.222394289436993,0,0,0,0,0,0,0,0,0,0.141392187808048,0,0,0,0,0,0.142530606416139,0,0.151538462424831,0.163846454921022,0,0.411326809362932,0,0
0,0,0,0,0,0.220409139438912,0,0.171163303359431,0,0,0,0,0,0.150551634477942,0,0,0,0,0,0.147975378740235,0,0,0,0,0,0,0,0.164527922191403,0,0.182691227262601,0,0,0,0,0,0.141070578069914,0,0.143992565077911,0,0,0,0,0,0,0,0,0,0,0,0,0,0.234808732200106,0,0.194783765424802,0,0,0,0.189226213734632,0,0.150258356332779,0,0,0.155434894667334,0,0,0,0,0,0,0,0.175284432513373,0,0.216972651281233,0,0,0,0,0,0.145373295182767,0,0.144887586073442,0,0.151322630164561,0.133096940815449,0,0,0
0,0,0,0,0,0,0.200003290849347,0,0,0,0.144544204149176,0,0,0,0.151632018969394,0,0,0,0,0,0,0,0,0,0,0,0,0,0.151304663681402,0,0,0,0,0,0,0,0,0,0,0,0,0,0,0,0,0,0,0,0,0,0,0,0.205545420727819,0,0,0,0.13546746969223,0,0.177536223435345,0,0.146097404956818,0,0,0,0,0,0,0,0,0,0,0,0,0,0,0,0,0,0,0,0,0,0.169890173650407,0.147284346632659,0,0,0
0,0,0,0,0,0,0,0.1794513463974,0,0,0,0.150551634477942,0,0,0,0.147374682324497,0,0,0,0,0,0,0,0,0,0,0,0.164093485190755,0,0,0,0,0,0,0,0,0,0,0,0,0,0,0,0,0,0,0,0,0,0,0,0,0,0.180651172995567,0,0,0,0.163178523484602,0,0.174914142137833,0,0.132153827697039,0,0,0,0,0,0,0,0,0.181421870552003,0,0,0,0,0,0,0,0,0,0,0,0.144030527064675,0.155788965833684,0,0,0
0,0,0,0,0.159346342086792,0,0,0,0.166709178304377,0,0,0,0.151632018969394,0,0,0,0.175057826207039,0.156814819574356,0.194729954004288,0,0,0,0,0,0.195539712905884,0,0.13217381387949,0,0.138240660230319,0,0,0,0,0,0,0,0,0,0,0,0,0,0,0,0,0,0,0,0,0,0,0,0,0,0.190009006843814,0,0,0,0.166294503596521,0,0.190080229358786,0,0,0,0,0,0,0,0,0.183065548870299,0,0,0,0,0,0,0,0,0,0,0,0,0.205008709086822,0,0,0,0
0,0,0,0,0,0,0,0,0,0.159513771533966,0,0,0,0.147374682324497,0,0,0.144337928908713,0.14988446224646,0,0,0,0,0,0,0,0.157674783468246,0,0,0,0,0,0,0,0,0,0,0,0,0,0,0,0,0,0,0,0,0,0,0,0,0,0,0,0,0,0,0,0,0,0,0,0.139788752049208,0,0,0,0,0,0,0,0,0,0,0,0,0,0,0,0,0,0,0,0,0.199408516021711,0,0,0,0
0.42670863121748,0.323100656270981,0,0,0,0,0,0,0.213155539882071,0.145770015815894,0,0,0,0,0.175057826207039,0.144337928908713,0,0.163172178907036,0.323177051637056,0,0,0.147516562053876,0.150411011030277,0.138118841747443,0.188138894991488,0.139938452931708,0.152229084429757,0,0.175841450691223,0,0,0,0,0,0,0,0,0,0,0.345596501603723,0.343653381615877,0.299815775205692,0.274872553348541,0,0.373204931616783,0,0.347591310739517,0,0.307812005281448,0.234307430684566,0,0,0,0,0.20409209755334,0,0.385892480611801,0.307719200849533,0,0,0.162910583118598,0.151997441316352,0.349908955395222,0.321828906025205,0.129225653906663,0,0.147164575755596,0,0.143421488348395,0.156774952381141,0,0.165911696851254,0,0,0,0,0,0,0.350899626602646,0.377508960755133,0,0,0.23415488627712,0.173223966966311,0.358423904539683,0.272818554192781,0.288308352231979
0.290555814901988,0,0,0,0,0,0,0,0.172946852614295,0.254059559769101,0,0,0,0,0.156814819574356,0.14988446224646,0.163172178907036,0,0.266608059851147,0,0,0.123517628329072,0.220135850210985,0.149579477558533,0.15266623099645,0.130691049502202,0.134321499509471,0,0,0,0,0,0,0,0,0,0,0,0,0.322601910384875,0.326950359557356,0.263121997637133,0.265698686242104,0,0,0,0.292717225849628,0,0,0.266188517212868,0,0,0,0,0.173853084445,0,0,0,0,0,0.170266561210155,0.185150803465928,0.29700008886201,0.309298742562532,0.143469145255429,0,0.144280260801315,0,0.146330115808682,0.139066285852875,0,0,0,0,0,0,0,0,0.339286499203892,0.348572200617275,0,0,0.192416128393292,0.153840784122884,0.325657410677089,0.268269442021847,0.256087802350521
0.365253704858113,0.265951737761497,0,0.320768669247627,0,0,0,0,0.266600751912737,0.218633830547333,0,0,0,0,0.194729954004288,0,0.323177051637056,0.266608059851147,0,0,0,0.207390594482422,0.257077331344287,0.187363088130951,0.214737588167191,0.177586612999439,0.203087563023848,0,0,0,0,0,0,0,0,0,0,0,0,0.339045814327381,0.327837052003617,0.238483041894337,0.246997094632667,0.315476633608341,0.294378519058228,0,0.325042555461059,0.282043248414993,0.261195113062859,0.259240678378514,0,0,0,0,0.228016212582588,0,0.373431394497554,0.371761631082605,0,0,0.167227767407894,0.223201075568795,0.310524393405233,0.328789824094528,0.192663242419561,0,0.202952409783999,0,0.187879219651222,0.192122949021203,0,0,0.487915933132172,0.40778411924839,0,0,0,0,0.361263398111281,0.365221436905277,0,0,0.261140022384001,0.242230581119657,0.380185985288739,0.272316620893338,0.258164810482413
0,0,0,0,0,0,0,0.133002799997727,0,0,0,0.147975378740235,0,0,0,0,0,0,0,0,0,0,0,0,0,0,0,0,0,0,0,0,0,0,0,0.149692631613177,0,0.125861550122499,0,0,0,0,0,0,0,0,0,0,0,0,0,0,0,0,0,0,0,0.177276864647865,0,0,0,0,0.189959719075483,0,0,0,0,0,0,0,0,0,0,0,0,0,0,0,0.154789341388973,0,0,0,0.117694555222988,0,0,0,0
0,0,0.231173460682233,0,0.191458361425521,0,0.14117292411686,0,0,0,0.150495715484068,0,0,0,0,0,0,0,0,0,0,0,0,0,0,0,0,0,0,0,0,0,0,0,0,0,0.154249016199114,0,0.140255479480733,0,0,0,0.277792597046265,0,0,0,0.314889647154247,0,0,0,0.280961264457021,0,0,0,0,0,0.249089212975646,0,0,0,0,0,0,0.254294577086031,0,0,0,0,0,0,0,0,0,0,0,0,0,0,0,0.173882976274554,0,0.269878085702658,0.143720946008606,0,0.250497198006248,0,0.272327303886414
0,0,0,0,0,0,0,0,0.157804608345032,0,0,0,0,0,0,0,0.147516562053876,0.123517628329072,0.207390594482422,0,0,0,0.116348079475709,0.286854740232229,0,0.133331380784512,0.134755969047546,0.106134714728052,0,0,0,0,0,0,0,0,0,0.200368492071393,0,0,0.257584005594254,0.250699728727341,0,0,0,0,0,0.323445641994476,0,0.282837737819333,0,0,0,0,0,0,0,0,0,0,0,0,0,0,0.219228818778845,0.108904107678227,0.27022847533226,0,0.120801279942195,0.131149299442768,0.181990405810731,0,0,0,0,0,0,0,0,0,0.184578730295917,0,0.126566502775439,0.127023345977068,0.309379155933857,0,0
0,0,0,0,0,0,0,0,0.215026587247849,0,0,0,0,0,0,0,0.150411011030277,0.220135850210985,0.257077331344287,0,0,0.116348079475709,0,0,0.150689980940624,0,0.172065809136257,0,0.163446861629685,0,0,0,0,0,0,0,0,0,0.128687411628883,0.298707067966461,0,0,0,0,0,0,0,0,0.292111971859433,0,0,0,0,0,0,0,0,0,0,0,0,0,0,0,0.131021519036343,0.185813184978454,0,0.217547160501664,0,0.208665006466814,0,0,0,0,0,0,0,0,0,0,0,0.15133812053336,0.126890072205301,0.102465164085681,0,0,0
0,0,0,0,0,0,0,0,0,0.249933849487986,0,0,0,0,0,0,0.138118841747443,0.149579477558533,0.187363088130951,0,0,0.286854740232229,0,0,0,0.163245321147972,0,0,0,0,0,0,0,0,0,0,0,0.231966856760638,0,0,0,0.248814490934213,0,0,0,0,0,0.297839091374324,0,0.301183357006974,0,0,0,0,0,0.247346627616113,0,0,0,0,0,0,0,0,0.245765788541417,0,0.251025483943522,0,0.173047445714474,0,0.346917167305946,0,0,0,0,0,0,0,0,0,0.169459475080172,0,0.259448897237926,0,0.280861885254753,0,0
0,0,0,0,0,0,0,0,0.233455683852805,0,0,0,0,0,0.195539712905884,0,0.188138894991488,0.15266623099645,0.214737588167191,0,0,0,0.150689980940624,0,0,0,0.184830947646073,0,0,0,0,0,0,0,0,0,0,0,0.145288684735664,0,0,0,0,0,0,0,0,0,0.29928070306778,0,0,0,0,0,0.337104729012303,0,0,0,0,0,0,0,0,0,0,0.178864842493262,0,0.168656347129418,0,0.196072944998741,0,0,0,0,0,0,0,0,0,0,0,0.160648748679187,0.184881144583819,0.20707668364048,0.317250188101422,0,0
0,0,0,0,0,0,0,0,0.15615202486515,0.165595193703969,0,0,0,0,0,0.157674783468246,0.139938452931708,0.130691049502202,0.177586612999439,0,0,0.133331380784512,0,0.163245321147972,0,0,0,0.15867368131876,0,0,0,0,0,0,0,0,0,0,0,0,0,0,0,0,0,0,0,0,0,0,0,0,0,0,0,0,0,0,0,0,0,0,0,0,0.145037546753883,0,0.15752753720564,0,0.141331603129705,0.139573387801647,0,0,0,0,0,0,0,0,0,0.308948829770088,0,0,0.15684963233661,0.139782123267651,0,0,0
0,0,0,0,0,0,0,0,0.19096816462629,0,0,0,0,0,0.13217381387949,0,0.152229084429757,0.134321499509471,0.203087563023848,0,0,0.134755969047546,0.172065809136257,0,0.184830947646073,0,0,0,0.130282357335091,0,0,0,0,0,0,0,0,0,0,0,0,0,0,0,0,0,0,0,0,0,0,0,0,0,0.186141023039818,0,0,0,0,0,0.132448065806838,0,0,0,0,0.142083871890517,0,0,0,0.145108965358564,0,0.146504309442308,0,0,0,0,0,0,0,0,0,0,0.185436465031472,0.198406017488903,0,0,0
0,0,0,0,0,0,0,0,0,0,0,0.164527922191403,0,0.164093485190755,0,0,0,0,0,0,0,0.106134714728052,0,0,0,0.15867368131876,0,0,0,0.155757597605146,0,0,0,0,0,0,0,0.129284508526325,0,0,0,0,0,0,0,0,0,0,0,0,0,0,0,0,0,0,0,0.149096246063709,0,0.183774963021278,0,0.137024177238345,0,0,0,0,0,0,0.140658175945282,0,0.154196054593307,0,0.170078697276639,0,0,0,0,0,0,0,0,0,0.148275029133348,0.144478990137577,0,0,0
0,0,0,0,0,0,0,0,0,0,0,0,0.151304663681402,0,0.138240660230319,0,0.175841450691223,0,0,0,0,0,0.163446861629685,0,0,0,0.130282357335091,0,0,0,0.16681736936936,0,0,0,0,0,0,0,0.169825136442395,0,0,0,0,0,0,0,0,0,0,0,0,0,0,0,0,0,0,0,0.161846374089901,0,0,0,0,0,0,0,0,0,0,0.137261872490247,0,0.160193053220615,0,0.162332232393648,0,0,0,0,0,0,0,0.173211082816124,0.177572773728106,0.169770212405745,0,0,0
0,0,0,0,0,0,0,0,0,0,0,0.182691227262601,0,0,0,0,0,0,0,0,0,0,0,0,0,0,0,0.155757597605146,0,0,0,0,0,0,0,0,0,0.159361083308856,0,0,0,0,0,0,0,0,0,0,0,0,0,0,0,0,0,0,0,0.21225632528464,0,0,0,0,0,0,0,0,0,0,0,0,0.14923032923885,0,0.204186018665924,0,0,0,0,0,0,0,0.160471709686672,0,0.165882991538161,0,0,0,0
0,0,0,0,0,0,0,0,0,0,0.11752396915108,0,0,0,0,0,0,0,0,0,0,0,0,0,0,0,0,0,0.16681736936936,0,0,0,0,0,0,0,0,0,0.138921880561572,0,0,0,0,0,0,0,0,0,0,0,0,0,0,0,0,0,0.181496796819071,0,0,0,0,0,0,0,0,0,0,0,0,0,0,0,0,0.215804179654091,0,0,0,0,0,0,0,0.157189856391204,0.121914587914944,0,0,0,0
0,0,0,0,0,0,0,0,0,0,0,0,0,0,0,0,0,0,0,0,0,0,0,0,0,0,0,0,0,0,0,0,0.330811809666084,0.17923392355442,0,0.144339550993865,0,0,0,0,0,0,0,0,0,0,0,0.534605561986174,0,0.416480535268784,0,0,0,0,0,0,0,0,0,0,0,0,0,0,0,0,0,0,0,0,0,0,0,0,0.268121381561893,0.343623307878024,0.19597716911419,0,0.235864635194755,0.429940392573675,0,0,0.41221058786039,0,0,0,0
0,0,0,0,0,0,0,0,0,0,0,0,0,0,0,0,0,0,0,0,0,0,0,0,0,0,0,0,0,0,0,0.330811809666084,0,0,0.585525905092557,0,0.188125323375751,0,0,0,0,0,0,0,0,0,0,0.541637197136879,0.473402738571167,0,0,0,0,0,0,0,0,0,0,0,0,0,0,0,0,0,0,0,0,0,0,0,0,0,0.214974158213642,0.393906939862221,0,0.596048384904861,0,0.216966240714162,0,0,0.200620021848452,0,0.484245538711548,0,0
0,0,0,0,0,0,0,0,0,0,0,0,0,0,0,0,0,0,0,0,0,0,0,0,0,0,0,0,0,0,0,0.17923392355442,0,0,0.244716969199647,0.163604221069345,0,0.247465545618708,0,0,0,0,0,0,0,0,0,0.534110300064747,0.514531087130308,0.282992695243313,0,0,0,0,0,0,0,0,0,0,0,0,0,0,0,0,0,0,0,0,0.319013327360153,0,0.2746295829614,0,0.247554571988682,0,0.29293782638891,0.157779691383547,0.258600872468183,0,0.364073583046001,0,0.189608744130685,0.208545043187983,0,0,0
0,0,0,0,0,0,0,0,0,0,0,0,0,0,0,0,0,0,0,0,0,0,0,0,0,0,0,0,0,0,0,0,0.585525905092557,0.244716969199647,0,0,0.128677894829442,0.135831922292709,0.275700608862841,0,0,0,0,0,0,0,0,0.485206458573141,0.496885445713997,0,0,0,0,0,0,0,0,0,0,0,0,0,0,0,0,0,0,0,0,0,0,0,0,0,0,0.341442386691387,0.242921788659361,0.215490883604882,0,0.228939636621153,0,0.371012248597176,0.181071664356897,0.208136511345704,0.499315168995124,0,0
0,0,0,0,0,0,0,0,0,0,0,0.141070578069914,0,0,0,0,0,0,0,0.149692631613177,0,0,0,0,0,0,0,0,0,0,0,0.144339550993865,0,0.163604221069345,0,0,0.159402685212426,0.160174230645172,0,0,0,0,0,0,0,0,0,0.353387948412162,0,0.205120176076889,0,0,0,0,0,0,0,0,0,0,0,0,0.165438537982329,0,0,0,0,0,0,0,0,0,0,0,0.135294917758022,0,0.211460409655434,0,0.197615686646536,0.15849078978811,0.156950648047533,0,0.164497704909855,0.119504587990897,0.204418462514877,0,0
0,0,0,0,0.186928153038025,0,0,0,0,0,0.158291537667344,0,0,0,0,0,0,0,0,0,0.154249016199114,0,0,0,0,0,0,0,0,0,0,0,0.188125323375751,0,0.128677894829442,0.159402685212426,0,0,0.175717734934195,0,0,0,0.254047769639227,0,0,0,0.186840010852349,0.208098784089088,0,0,0,0,0,0,0,0,0.235736543262327,0,0,0,0,0,0,0.174800348204925,0,0,0,0,0,0,0,0,0,0,0,0.181288468149992,0,0.153287605719363,0.148080803742234,0.197487085783321,0,0.218282834953095,0.148832184920888,0.16348273148562,0.198360077252513,0,0
0,0,0,0,0,0,0,0,0,0.242537427112422,0,0.143992565077911,0,0,0,0,0,0,0,0.125861550122499,0,0.200368492071393,0,0.231966856760638,0,0,0,0.129284508526325,0,0.159361083308856,0,0,0,0.247465545618708,0.135831922292709,0.160174230645172,0,0,0.133968031979524,0,0,0.179153005416329,0,0,0,0,0,0.559469166417401,0,0.371777131608167,0,0,0,0,0,0.297762276218403,0,0.158759987532343,0,0,0,0,0.147876555822333,0,0.254979547951048,0,0.295857671276796,0,0,0,0.251951664990308,0,0.211820566123825,0,0,0,0.239530462755481,0.137401156127453,0.179789593861904,0,0.232065182317349,0.133559412895814,0.226580218188058,0.304673377313512,0.363284545493196,0,0
0,0,0.307827442884445,0,0,0,0,0,0.284595449468983,0,0.153380951435664,0,0,0,0,0,0,0,0,0,0.140255479480733,0,0.128687411628883,0,0.145288684735664,0,0,0,0.169825136442395,0,0.138921880561572,0,0,0,0.275700608862841,0,0.175717734934195,0.133968031979524,0,0,0,0,0.282199971732639,0,0,0,0.374200113117695,0.579264007968667,0.464754322428855,0,0,0,0,0,0.330666631276678,0,0.145702878341955,0,0,0,0,0,0,0.200410193298012,0,0.1816331523916,0,0.22446999169494,0,0,0,0.169970074047645,0,0.168165016632814,0,0,0,0.255486040006984,0,0.213290310902945,0.113616563379765,0.208010146777988,0.160361110177542,0.172715492636324,0.317862220948393,0,0.420088276267052
0.329901427030563,0,0,0.292178824543953,0,0,0,0,0.318435688813527,0,0,0,0,0,0,0,0.345596501603723,0.322601910384875,0.339045814327381,0,0,0,0.298707067966461,0,0,0,0,0,0,0,0,0,0,0,0,0,0,0,0,0,0.318788821880634,0.301260541765725,0.28040746320039,0.534052401781082,0,0,0.319168438514074,0.312613189220428,0.243867243329684,0.205482322001457,0,0,0,0,0,0,0,0.326698576410611,0,0,0,0,0.231998588258777,0.337125480175018,0,0,0,0,0,0,0,0,0,0,0,0,0,0,0.283188149963261,0.359258765869952,0,0,0.306007326744935,0.250524282455444,0.33162998561615,0.442617467653594,0.283228009939194
0,0,0,0,0,0,0,0,0.443142473697662,0,0,0,0,0,0,0,0.343653381615877,0.326950359557356,0.327837052003617,0,0,0.257584005594254,0,0,0,0,0,0,0,0,0,0,0,0,0,0,0,0,0,0.318788821880634,0,0.276438516119252,0.280298970911015,0,0.441938703414053,0,0.427617105173654,0.293865031003952,0.228987237481216,0.24710994400084,0,0,0,0,0,0,0.365346796810627,0.319258183240891,0,0,0,0,0.312448903918266,0.25919334359467,0,0,0,0,0,0,0,0,0,0,0,0,0,0,0.342077861229579,0.280632860601899,0,0.269212290644646,0.27266805768013,0.266173664480448,0.311053584819459,0.257143348455429,0.317916212216863
0,0.251549555835399,0,0.300387407457797,0,0,0,0,0,0.194358061254024,0,0,0,0,0,0,0.299815775205692,0.263121997637133,0.238483041894337,0,0,0.250699728727341,0,0.248814490934213,0,0,0,0,0,0,0,0,0,0,0,0,0,0.179153005416329,0,0.301260541765725,0.276438516119252,0,0.233089541854418,0.445698019531038,0.206723416845004,0.322417912383874,0.280142376820246,0.391657971067632,0.254434031248093,0.312552135063063,0,0,0,0,0,0.262875651319822,0.295625954866409,0.348885841817819,0,0.205368041992188,0,0.278928746910472,0.282829291809441,0.270520647818392,0,0,0.238120485629354,0,0,0,0,0,0.333676926707954,0,0,0,0,0,0.297979453247151,0.305748149326869,0,0,0.243387886813579,0.241050365070502,0.307832089463513,0.237037794904567,0.232598130901655
0.319617292947239,0,0.316177196204662,0,0.262868215995176,0,0,0,0.151639189985063,0,0.442763984203339,0,0,0,0,0,0.274872553348541,0.265698686242104,0.246997094632667,0,0.277792597046265,0,0,0,0,0,0,0,0,0,0,0,0,0,0,0,0.254047769639227,0,0.282199971732639,0.28040746320039,0.280298970911015,0.233089541854418,0,0,0.217881029560452,0,0.325855015880532,0.555671333366043,0.389187950647396,0.24228947982192,0.290541711449623,0,0,0,0.320722954140769,0,0.355782893608044,0.271841824054718,0.350863552015079,0,0.332345402666501,0,0.257452502846718,0.301879314100084,0,0,0,0,0,0,0,0,0,0.371611185868581,0,0,0,0.255671739578247,0.298616398125887,0.301892512317971,0,0.26758735458697,0.320497426737163,0.297202875216802,0.327070105474443,0.228738762438297,0.214103790068988
0,0,0,0,0,0,0,0,0,0,0,0,0,0,0,0,0,0,0.315476633608341,0,0,0,0,0,0,0,0,0,0,0,0,0,0,0,0,0,0,0,0,0.534052401781082,0,0.445698019531038,0,0,0,0,0,0,0,0.369592428207397,0,0,0,0,0,0,0,0.391043980916341,0,0,0,0,0,0,0,0,0,0,0,0,0,0,0.423678621649742,0,0,0,0,0,0.414334932963053,0,0,0,0,0,0.5095408147779,0.445975884795189,0
0,0,0,0,0,0,0,0,0,0,0,0,0,0,0,0,0.373204931616783,0,0.294378519058228,0,0,0,0,0,0,0,0,0,0,0,0,0,0,0,0,0,0,0,0,0,0.441938703414053,0.206723416845004,0.217881029560452,0,0,0,0.522811569273472,0,0.280815243721008,0,0,0,0,0,0,0,0.478593828777472,0,0,0,0,0,0,0.376773625612259,0,0,0,0,0,0,0,0,0,0.481111824512482,0,0,0,0,0.302029848098755,0.487593947171137,0,0.535244345664978,0.307359562470363,0.371769994497299,0.513677119062497,0,0.259518365065257
0,0,0,0.168082727491856,0,0,0,0,0,0,0,0,0,0,0,0,0,0,0,0,0,0,0,0,0,0,0,0,0,0,0,0,0,0,0,0,0,0,0,0,0,0.322417912383874,0,0,0,0,0,0,0,0,0,0,0,0,0,0,0,0.296446506010652,0,0,0,0,0.241089956517625,0,0,0,0,0,0,0,0,0,0.343709955292363,0,0,0,0,0,0.267731138364411,0,0,0,0,0,0.260567333926173,0.327829822897911,0
0.217404266198476,0,0.219508250909192,0,0.209947168827057,0,0,0,0.258123467365901,0,0.33730857480656,0,0,0,0,0,0.347591310739517,0.292717225849628,0.325042555461059,0,0.314889647154247,0,0,0,0,0,0,0,0,0,0,0,0,0,0,0,0.186840010852349,0,0.374200113117695,0.319168438514074,0.427617105173654,0.280142376820246,0.325855015880532,0,0.522811569273472,0,0,0,0,0,0.203804782458714,0,0,0,0,0,0.344586252119423,0,0,0,0,0,0,0.258097032163654,0,0,0,0,0,0,0,0,0,0.376606067290177,0,0,0,0,0.409930750727654,0.358934721956954,0,0.406096269687017,0.326142510250494,0.337486041628796,0.341509196627107,0.31650698184967,0.329276345851945
0,0,0,0,0,0,0,0,0,0.264810072114834,0,0,0,0,0,0,0,0,0.282043248414993,0,0,0.323445641994476,0,0.297839091374324,0,0,0,0,0,0,0,0.534605561986174,0.541637197136879,0.534110300064747,0.485206458573141,0.353387948412162,0.208098784089088,0.559469166417401,0.579264007968667,0.312613189220428,0.293865031003952,0.391657971067632,0.555671333366043,0,0,0,0,0,0.493761227494207,0.384147025557011,0,0,0,0,0,0.279829569160938,0,0,0,0,0,0,0,0,0.408780634403229,0,0.292924960143864,0,0,0,0,0,0,0,0.391352431988131,0.513288117798614,0.289862755251808,0.47894851844522,0.391359961932133,0.395720197614439,0.344665295177078,0.386826353721292,0.495818802316463,0.337958723306656,0.478660715137771,0.323024243116379,0
0.119132958925687,0,0.13768610400813,0,0,0,0,0,0.330725431442261,0,0,0,0,0,0,0,0.307812005281448,0,0.261195113062859,0,0,0,0.292111971859433,0,0.29928070306778,0,0,0,0,0,0,0,0.473402738571167,0.514531087130308,0.496885445713997,0,0,0,0.464754322428855,0.243867243329684,0.228987237481216,0.254434031248093,0.389187950647396,0,0.280815243721008,0,0,0.493761227494207,0,0.369417878985405,0.172634492317835,0,0,0,0.255828576286634,0,0.334863752126694,0,0,0,0,0,0.310782611370087,0.295587968453765,0,0.292412490630952,0,0.295603312717544,0,0.275935521745306,0,0.225415420057117,0,0.241963215172291,0,0.424890687405053,0.442901849746704,0.45325227578481,0,0.300103999421368,0,0.379915669105049,0.469311324831767,0.351105257868767,0.376970689058052,0,0.241143866131703
0,0.165465438685247,0,0.180407691001892,0,0,0,0,0,0.218528834757981,0,0,0,0,0,0,0.234307430684566,0.266188517212868,0.259240678378514,0,0,0.282837737819333,0,0.301183357006974,0,0,0,0,0,0,0,0.416480535268784,0,0.282992695243313,0,0.205120176076889,0,0.371777131608167,0,0.205482322001457,0.24710994400084,0.312552135063063,0.24228947982192,0.369592428207397,0,0,0,0.384147025557011,0.369417878985405,0,0,0,0,0,0,0.283924963325262,0.30932092666626,0.286536762357368,0,0.321953043341637,0,0.240032490342855,0.274307484615524,0.305169105529785,0.294238512066827,0,0.268892873474892,0,0.345222187262994,0,0.321817697487853,0,0.285661004820969,0,0,0.386328965425491,0.242493831449085,0,0.234749806423982,0.345559368530909,0.242406212309577,0,0.286481193855071,0,0.291238221690587,0.274779127538204,0
0.182629895396531,0,0.216877824583058,0,0.214410030231701,0,0,0,0.177195279134644,0,0,0,0,0,0,0,0,0,0,0,0.280961264457021,0,0,0,0,0,0,0,0,0,0,0,0,0,0,0,0,0,0,0,0,0,0.290541711449623,0,0,0,0.203804782458714,0,0.172634492317835,0,0,0,0,0,0.231451150629579,0,0.240102871027711,0,0.249989211471123,0,0.258619017975847,0,0,0.295450989252482,0,0,0,0,0,0,0,0,0,0,0,0,0,0,0,0.268830493092537,0,0,0.229227298498154,0.2580446600914,0.281626517732085,0,0.259404562413692
0,0,0,0.206481630217682,0,0.221565258380485,0,0,0,0.20069376192987,0,0.234808732200106,0,0,0,0,0,0,0,0,0,0,0,0,0,0,0,0,0,0,0,0,0,0,0,0,0,0,0,0,0,0,0,0,0,0,0,0,0,0,0,0,0,0,0,0.198652284338035,0,0.22696898425264,0,0.217459165643562,0,0.216357703604128,0,0,0,0,0,0,0,0,0,0,0,0,0,0,0,0,0,0,0,0,0.151987969875336,0,0.224203195422888,0,0
0,0,0,0,0,0,0.172124978024643,0,0,0,0,0,0.205545420727819,0,0,0,0,0,0,0,0,0,0,0,0,0,0,0,0,0,0,0,0,0,0,0,0,0,0,0,0,0,0,0,0,0,0,0,0,0,0,0,0,0,0,0,0,0,0,0,0,0,0,0,0,0,0,0,0,0,0,0,0,0,0,0,0,0,0,0,0,0,0.170227012825462,0,0,0,0
0,0,0,0,0,0,0,0.159001544117928,0,0,0,0.194783765424802,0,0.180651172995567,0,0,0,0,0,0,0,0,0,0,0,0,0,0,0,0,0,0,0,0,0,0,0,0,0,0,0,0,0,0,0,0,0,0,0,0,0,0,0,0,0,0,0,0.219768927090888,0,0,0,0,0,0,0,0,0,0,0,0,0,0,0,0,0,0,0,0,0,0,0,0,0.167368188500404,0,0,0,0
0.193512338907161,0,0.160384880585803,0,0,0,0,0,0.231964740551661,0,0,0,0,0,0.190009006843814,0,0.20409209755334,0.173853084445,0.228016212582588,0,0,0,0,0,0.337104729012303,0,0.186141023039818,0,0,0,0,0,0,0,0,0,0,0,0.330666631276678,0,0,0,0.320722954140769,0,0,0,0,0,0.255828576286634,0,0.231451150629579,0,0,0,0,0,0,0,0,0,0.212172877661725,0,0,0,0,0,0,0.312414411674528,0,0,0,0,0,0,0,0,0,0,0,0,0,0.297346192234345,0.192167889303672,0,0.329018904957213,0,0
0,0.233934706050989,0,0,0,0.190843005257414,0,0,0,0.242943757515214,0,0,0,0,0,0,0,0,0,0,0,0,0,0.247346627616113,0,0,0,0,0,0,0,0,0,0,0,0,0,0.297762276218403,0,0,0,0.262875651319822,0,0,0,0,0,0.279829569160938,0,0.283924963325262,0,0.198652284338035,0,0,0,0,0,0,0,0,0,0.168873091900585,0,0,0,0,0.235970861821958,0,0.15452167391777,0,0,0,0,0,0,0,0.29857474565506,0,0,0,0.288222589189075,0,0.221964682883291,0,0.261789313506806,0,0
0,0,0.277808414543829,0,0.242461253268023,0,0,0,0,0,0.214370067832011,0,0.13546746969223,0,0,0,0.385892480611801,0,0.373431394497554,0,0.249089212975646,0,0,0,0,0,0,0,0,0,0.181496796819071,0,0,0,0,0,0.235736543262327,0,0.145702878341955,0,0.365346796810627,0.295625954866409,0.355782893608044,0,0.478593828777472,0,0.344586252119423,0,0.334863752126694,0.30932092666626,0.240102871027711,0,0,0,0,0,0,0,0.247590217802484,0,0.231154124651636,0,0,0.318502158356183,0,0,0,0,0,0,0,0,0,0.247144815457606,0,0,0,0,0.362764582037926,0.370669099592393,0,0.232781894505024,0.244333913666861,0.188102600829942,0.322021509540956,0,0.372154409558044
0,0.259617835283279,0,0.266392010224374,0,0.20149308629334,0,0.197855714303029,0,0,0,0.189226213734632,0,0.163178523484602,0,0,0.307719200849533,0,0.371761631082605,0.177276864647865,0,0,0,0,0,0,0,0.149096246063709,0,0.21225632528464,0,0,0,0,0,0,0,0.158759987532343,0,0.326698576410611,0.319258183240891,0.348885841817819,0.271841824054718,0.391043980916341,0,0.296446506010652,0,0,0,0.286536762357368,0,0.22696898425264,0,0.219768927090888,0,0,0,0,0,0.158934999257326,0,0,0.277724810798401,0,0,0,0,0,0,0,0.334373432714327,0,0.326873344667791,0,0,0,0,0,0.306053429268874,0,0.14568717777729,0,0.154581560434222,0.126698262989521,0.307651981406822,0.316603757545982,0
0,0,0.231464863969729,0,0,0,0,0,0,0,0,0,0.177536223435345,0,0.166294503596521,0,0,0,0,0,0,0,0,0,0,0,0,0,0.161846374089901,0,0,0,0,0,0,0,0,0,0,0,0,0,0.350863552015079,0,0,0,0,0,0,0,0.249989211471123,0,0,0,0,0,0.247590217802484,0,0,0,0.209942221535104,0,0,0,0,0,0,0,0,0.246157682687044,0,0.18757454474767,0,0,0,0,0,0,0,0,0,0,0.165952038753665,0.156125794757496,0.28152672656342,0,0.346580266952515
0,0,0,0,0,0.186073616147041,0,0,0,0,0,0.150258356332779,0,0.174914142137833,0,0,0,0,0,0,0,0,0,0,0,0,0,0.183774963021278,0,0,0,0,0,0,0,0,0,0,0,0,0,0.205368041992188,0,0,0,0,0,0,0,0.321953043341637,0,0.217459165643562,0,0,0,0,0,0.158934999257326,0,0,0,0.270667892821292,0,0,0.329195141792297,0,0,0,0.33197870850563,0,0,0,0,0,0,0,0,0,0,0,0,0,0.15161688391899,0.15830123768403,0.294796099265416,0,0
0.241138626635075,0,0.23418103158474,0,0.171302998295197,0,0,0,0.189720203821687,0,0,0,0.146097404956818,0,0.190080229358786,0,0.162910583118598,0.170266561210155,0.167227767407894,0,0,0,0,0,0,0,0.132448065806838,0,0,0,0,0,0,0,0,0,0,0,0,0,0,0,0.332345402666501,0,0,0,0,0,0,0,0.258619017975847,0,0,0,0.212172877661725,0,0.231154124651636,0,0.209942221535104,0,0,0,0,0,0,0,0,0,0,0.233406160182279,0,0.2318575387371,0,0,0,0,0,0,0,0,0,0,0.168922603130341,0,0.253598665528827,0,0
0,0.186148936350142,0,0,0,0,0,0,0,0.177106020972133,0,0,0,0.132153827697039,0,0.139788752049208,0.151997441316352,0.185150803465928,0.223201075568795,0,0,0,0,0,0,0,0,0.137024177238345,0,0,0,0,0,0,0,0,0,0,0,0,0,0.278928746910472,0,0,0,0,0,0,0,0.240032490342855,0,0.216357703604128,0,0,0,0.168873091900585,0,0,0,0.270667892821292,0,0,0,0,0,0,0,0,0,0,0,0,0,0,0,0,0,0,0,0,0,0,0.186470355718367,0,0.248058529062705,0,0
0,0,0,0.246120880570328,0,0,0,0,0,0,0,0.155434894667334,0,0,0,0,0.349908955395222,0.29700008886201,0.310524393405233,0.189959719075483,0,0,0,0,0,0,0,0,0,0,0,0,0,0,0,0.165438537982329,0,0.147876555822333,0,0.231998588258777,0.312448903918266,0.282829291809441,0.257452502846718,0,0,0.241089956517625,0,0,0.310782611370087,0.274307484615524,0,0,0,0,0,0,0,0.277724810798401,0,0,0,0,0,0.320221289992332,0,0,0,0,0,0,0,0,0.332580365240574,0,0,0,0,0,0.249743082352478,0.32376695672671,0,0,0.188541782145597,0.293592870235443,0.297931251287156,0.290555506944656,0.270121723413467
0,0,0.255872297499861,0,0.2269029396106,0,0.137180217654906,0,0,0,0.222394289436993,0,0,0,0,0,0.321828906025205,0.309298742562532,0.328789824094528,0,0.254294577086031,0,0,0,0,0,0,0,0,0,0,0,0,0,0,0,0.174800348204925,0,0.200410193298012,0.337125480175018,0.25919334359467,0.270520647818392,0.301879314100084,0,0.376773625612259,0,0.258097032163654,0,0.295587968453765,0.305169105529785,0.295450989252482,0,0,0,0,0,0.318502158356183,0,0,0,0,0,0.320221289992332,0,0,0,0,0,0,0,0,0,0,0.396107308290623,0,0,0,0,0.349085855815146,0.270443159291221,0,0.378017342719767,0.168031219447799,0.356809765100479,0.319918786476809,0.259054630994797,0.308830593494659
0,0,0,0,0,0,0,0,0,0,0,0,0,0,0,0,0.129225653906663,0.143469145255429,0.192663242419561,0,0,0.219228818778845,0.131021519036343,0.245765788541417,0,0.145037546753883,0,0,0,0,0,0,0,0,0,0,0,0.254979547951048,0,0,0,0,0,0,0,0,0,0.408780634403229,0,0.294238512066827,0,0,0,0,0,0,0,0,0,0.329195141792297,0,0,0,0,0,0,0.251233689198571,0,0,0,0.281299169574465,0,0,0,0,0,0,0,0,0,0.312272349054494,0,0.158320505212951,0.15341420016355,0.306080505251884,0,0
0,0,0,0,0,0,0,0,0,0,0,0,0,0,0,0,0,0,0,0,0,0.108904107678227,0.185813184978454,0,0.178864842493262,0,0.142083871890517,0,0,0,0,0,0,0,0,0,0,0,0.1816331523916,0,0,0,0,0,0,0,0,0,0.292412490630952,0,0,0,0,0,0,0,0,0,0,0,0,0,0,0,0,0,0,0.260492716499861,0,0.290112995506111,0,0.233683556099148,0,0.239704039207725,0,0,0,0,0,0,0,0.245353475778918,0.134692870158081,0.198228806257248,0,0,0
0,0,0,0,0,0,0,0,0,0.223579397084008,0,0,0,0,0,0,0.147164575755596,0.144280260801315,0.202952409783999,0,0,0.27022847533226,0,0.251025483943522,0,0.15752753720564,0,0,0,0,0,0,0,0,0,0,0,0.295857671276796,0,0,0,0.238120485629354,0,0,0,0,0,0.292924960143864,0,0.268892873474892,0,0,0,0,0,0.235970861821958,0,0,0,0,0,0,0,0,0.251233689198571,0,0,0,0.156740028162797,0,0.401104208827019,0,0,0,0,0,0.239068433642387,0,0,0.305513620376587,0.256058574778338,0,0.246885176458045,0,0.274057413474089,0,0
0,0,0,0,0,0,0,0,0.357674598693848,0,0,0,0,0,0,0,0,0,0,0,0,0,0.217547160501664,0,0.168656347129418,0,0,0,0,0,0,0,0,0,0,0,0,0,0.22446999169494,0,0,0,0,0,0,0,0,0,0.295603312717544,0,0,0,0,0,0.312414411674528,0,0,0,0,0,0,0,0,0,0,0.260492716499861,0,0,0,0.253751429915428,0,0,0,0,0,0,0,0,0,0,0,0.231921211924664,0.172373895843824,0,0.285764961310153,0,0
0,0,0,0,0,0,0,0,0.190736025571823,0.161540448665619,0,0,0,0,0,0,0.143421488348395,0.146330115808682,0.187879219651222,0,0,0.120801279942195,0,0.173047445714474,0,0.141331603129705,0,0.140658175945282,0,0,0,0,0,0,0,0,0,0,0,0,0,0,0,0,0,0,0,0,0,0.345222187262994,0,0,0,0,0,0.15452167391777,0,0,0,0.33197870850563,0,0,0,0,0,0,0.156740028162797,0,0,0,0.262932707163621,0,0,0,0,0,0,0,0,0,0,0,0.160700708627701,0,0,0,0
0,0,0,0,0,0,0,0,0.179477225989103,0,0,0,0,0,0.183065548870299,0,0.156774952381141,0.139066285852875,0.192122949021203,0,0,0.131149299442768,0.208665006466814,0,0.196072944998741,0.139573387801647,0.145108965358564,0,0.137261872490247,0,0,0,0,0,0,0,0,0,0,0,0,0,0,0,0,0,0,0,0.275935521745306,0,0,0,0,0,0,0,0,0,0.246157682687044,0,0.233406160182279,0,0,0,0,0.290112995506111,0,0.253751429915428,0,0,0,0.296501837707779,0,0,0,0,0,0,0,0,0,0,0.175420483270435,0.194218196547948,0,0,0
0,0,0,0,0,0,0,0,0,0,0,0.175284432513373,0,0.181421870552003,0,0,0,0,0,0,0,0.181990405810731,0,0.346917167305946,0,0,0,0.154196054593307,0,0.14923032923885,0,0,0,0.319013327360153,0,0,0,0.251951664990308,0,0,0,0,0,0,0,0,0,0,0,0.321817697487853,0,0,0,0,0,0,0,0.334373432714327,0,0,0,0,0,0,0.281299169574465,0,0.401104208827019,0,0.262932707163621,0,0,0,0.22521048191844,0,0,0,0,0,0,0,0.225031682653047,0,0.156685773767531,0.152032640976307,0.345213391631842,0,0
0,0,0,0,0,0,0,0,0,0,0,0,0,0,0,0,0.165911696851254,0,0,0,0,0,0,0,0,0,0.146504309442308,0,0.160193053220615,0,0,0,0,0,0,0,0,0,0.169970074047645,0,0,0,0,0,0,0,0,0,0.225415420057117,0,0,0,0,0,0,0,0,0,0.18757454474767,0,0.2318575387371,0,0,0,0,0.233683556099148,0,0,0,0.296501837707779,0,0,0,0.217795328547557,0,0,0,0,0,0,0,0.246209531368033,0.162959923716724,0.166037378335992,0,0,0
0,0,0,0.287516428157687,0,0,0,0,0,0,0,0.216972651281233,0,0,0,0,0,0,0.487915933132172,0,0,0,0,0,0,0,0,0.170078697276639,0,0.204186018665924,0,0,0,0.2746295829614,0,0,0,0.211820566123825,0,0,0,0.333676926707954,0,0.423678621649742,0,0.343709955292363,0,0,0,0.285661004820969,0,0,0,0,0,0,0,0.326873344667791,0,0,0,0,0.332580365240574,0,0,0,0,0,0,0,0.22521048191844,0,0,0,0,0,0,0,0.431471943855286,0,0.255937420245674,0,0,0,0.34873549134795,0.348866209387779,0
0,0,0.304608500920809,0,0.254698842763901,0,0,0,0,0,0.141392187808048,0,0,0,0,0,0,0,0.40778411924839,0,0,0,0,0,0,0,0,0,0.162332232393648,0,0.215804179654091,0,0,0,0,0,0,0,0.168165016632814,0,0,0,0.371611185868581,0,0.481111824512482,0,0.376606067290177,0,0.241963215172291,0,0,0,0,0,0,0,0.247144815457606,0,0,0,0,0,0,0.396107308290623,0,0.239704039207725,0,0,0,0,0,0.217795328547557,0,0,0,0,0,0,0,0.366504703958829,0,0.2467314634683,0.270112935792316,0,0.366815268288959,0,0.388667332775453
0,0,0,0,0,0,0,0,0,0,0,0,0,0,0,0,0,0,0,0,0,0,0,0,0,0,0,0,0,0,0,0.268121381561893,0.214974158213642,0.247554571988682,0,0.135294917758022,0,0,0,0,0,0,0,0,0,0,0,0.391352431988131,0,0,0,0,0,0,0,0,0,0,0,0,0,0,0,0,0,0,0,0,0,0,0,0,0,0,0,0.312191863499937,0.334196872705426,0,0.286390674594866,0.372043862938881,0,0,0.255449041876569,0,0,0,0
0,0,0,0,0,0,0,0,0,0,0,0,0,0,0,0,0,0,0,0,0,0,0,0,0,0,0,0,0,0,0,0.343623307878024,0.393906939862221,0,0.341442386691387,0,0.181288468149992,0,0,0,0,0,0,0,0,0,0,0.513288117798614,0.424890687405053,0.386328965425491,0,0,0,0,0,0,0,0,0,0,0,0,0,0,0,0,0,0,0,0,0,0,0,0,0.312191863499937,0,0,0.193217147237215,0.387906608482202,0.249545458430165,0,0,0.284485557533446,0,0.467026185244322,0,0
0,0,0,0,0,0,0,0,0,0.259590081870556,0,0,0,0,0,0,0,0,0,0,0,0,0,0,0,0,0,0,0,0,0,0.19597716911419,0,0.29293782638891,0.242921788659361,0.211460409655434,0,0.239530462755481,0,0,0,0,0,0,0,0,0,0.289862755251808,0.442901849746704,0.242493831449085,0,0,0,0,0,0.29857474565506,0,0,0,0,0,0,0,0,0,0,0.239068433642387,0,0,0,0,0,0,0,0.334196872705426,0,0,0,0.33442729752849,0,0.281922608969022,0,0.16765336476026,0.190753264860673,0,0,0
0,0,0,0,0,0,0,0,0,0,0,0,0,0,0,0,0,0,0,0,0,0,0,0,0,0,0,0,0,0,0,0,0.596048384904861,0.157779691383547,0.215490883604882,0,0.153287605719363,0.137401156127453,0.255486040006984,0,0,0,0.255671739578247,0,0,0,0,0.47894851844522,0.45325227578481,0,0,0,0,0,0,0,0,0,0,0,0,0,0,0,0,0,0,0,0,0,0,0,0,0,0,0.193217147237215,0,0,0,0.286722893057626,0,0.261773391909214,0.161724682251612,0.193255856633186,0.411398082971573,0,0
0.347064524888992,0.308811287085215,0,0.253671213132995,0,0,0,0,0.344258105754852,0,0,0.145373295182767,0,0,0,0,0.350899626602646,0.339286499203892,0.361263398111281,0.154789341388973,0,0,0,0,0,0,0,0,0,0,0,0.235864635194755,0,0.258600872468183,0,0.197615686646536,0.148080803742234,0.179789593861904,0,0.283188149963261,0.342077861229579,0.297979453247151,0.298616398125887,0.414334932963053,0.302029848098755,0.267731138364411,0.409930750727654,0.391359961932133,0,0.234749806423982,0,0,0,0,0,0,0.362764582037926,0.306053429268874,0,0,0,0,0.249743082352478,0.349085855815146,0,0,0,0,0,0,0,0,0.431471943855286,0,0.286390674594866,0.387906608482202,0.33442729752849,0,0,0.335017056212769,0.209803408939346,0,0.202438138487302,0.279582262039185,0.325359433037711,0.323436246708382,0.286123335361481
0.321801643286433,0,0.303610577351517,0.318439513444901,0.304643154144287,0,0.123501509428024,0,0.348678551614285,0,0.142530606416139,0,0,0,0,0,0.377508960755133,0.348572200617275,0.365221436905277,0,0.173882976274554,0,0,0,0,0.308948829770088,0,0,0,0,0,0.429940392573675,0.216966240714162,0,0.228939636621153,0.15849078978811,0.197487085783321,0,0.213290310902945,0.359258765869952,0.280632860601899,0.305748149326869,0.301892512317971,0,0.487593947171137,0,0.358934721956954,0.395720197614439,0.300103999421368,0.345559368530909,0.268830493092537,0,0,0,0,0,0.370669099592393,0,0,0,0,0,0.32376695672671,0.270443159291221,0,0,0.305513620376587,0,0,0,0,0,0,0.366504703958829,0.372043862938881,0.249545458430165,0,0.286722893057626,0.335017056212769,0,0,0.253818099728953,0.180934624314914,0.263921144418418,0.350028262012623,0.313573437929153,0.359765824117389
0,0,0,0,0,0,0,0,0,0.251043096862056,0,0.144887586073442,0,0,0,0,0,0,0,0,0,0.184578730295917,0,0.169459475080172,0,0,0,0,0,0.160471709686672,0,0,0,0.364073583046001,0,0.156950648047533,0,0.232065182317349,0.113616563379765,0,0,0,0,0,0,0,0,0.344665295177078,0,0.242406212309577,0,0,0,0,0,0.288222589189075,0,0.14568717777729,0,0,0,0,0,0,0.312272349054494,0,0.256058574778338,0,0,0,0.225031682653047,0,0.255937420245674,0,0,0,0.281922608969022,0,0.209803408939346,0,0,0,0.169517724464337,0.24197083162634,0.300269696116447,0,0
0,0,0,0,0,0,0,0,0.297641582787037,0,0.151538462424831,0,0,0,0,0,0,0,0,0,0.269878085702658,0,0.15133812053336,0,0.160648748679187,0,0,0,0.173211082816124,0,0.157189856391204,0,0,0,0.371012248597176,0,0.218282834953095,0.133559412895814,0.208010146777988,0,0.269212290644646,0,0.26758735458697,0,0.535244345664978,0,0.406096269687017,0.386826353721292,0.379915669105049,0,0,0,0,0,0.297346192234345,0,0.232781894505024,0,0,0,0,0,0,0.378017342719767,0,0.245353475778918,0,0.231921211924664,0,0,0,0.246209531368033,0,0.2467314634683,0,0,0,0.261773391909214,0,0.253818099728953,0,0,0.152554020060377,0.164237989417531,0.31716377625608,0,0.44151379664739
