0,0,12.9495486468077,0,0,0,0,0,593.97572684288,0,0,0,0,0,0.872187435626984,0,1.87544512748718,3.33918675780296,96.3277775645256,0,0,0,0,0,0,0,0,0,0,0,0,0,0,0,0,0,0,0.425677597522736,0,0,1.21974790096283,0.993774682283401,306.441884681582,0,0,0,0,2.78182129561901,144.485331609845,0,0,0,0,0,183.528993725777,0,0,0,0,0,88.2701607346535,0,0,0,0,0,0,0,0,0,0,0,0,0,0,0,0,0,0,0.989227861166,0,0.183242976665497,36.823462292552,4.14812286198139,44.030664652586,0,5.8117254525423
0,0,0,57.2383493036032,0,2.16433835029602,0,0,0,988.085434004664,0,0,0,0,0,1.6083727478981,2.92868506908417,2.72349847853184,163.203387200832,0.219395086169243,0,0,0,2.47902353107929,0,0,0,0,0,0,0,0,0,0,0,7.51266596466303,0,10.7746763527393,0,12.3524575829506,0,270.569256015122,0.216682910919189,0,0,6.70731212198734,0,0,0,174.428199231625,0,0,0,0,0,618.013088390231,0,2.92318746447563,0,138.655537843704,0,234.865972489119,0,0,0,0,3.10606408119202,0,0,0,0,0,12.1310047730803,0,0,0,0,0,77.2966353371739,0,27.9902644902468,0,85.0915235430002,3.96777713298798,383.487597465515,0.875228703022003,0
12.9495486468077,0,0,0,84.5909273326397,0,0,0,41.56366533041,0,0.507125705480576,0,0,0,0,0,2.33236716687679,0,23.4428919255733,0,7.79613435268402,0,0,0,0,0,0,0,0,0,0,0,0,0,0,0.706061899662018,10.5416779220104,0,1.00803822278976,0,3.01974195241928,0.938898384571075,155.369433194399,0,0,0,4.43488398194313,0,132.392648339272,0.787585228681564,182.216694995761,0,0,0,108.815796762705,0,127.841449514031,0,100.844037219882,0,68.1154387295246,0,0,3.38324020802975,0,0,0,0,0,0,0,0,0,13.6650930345058,0,0,0,0,0,15.6157764270902,0,16.9969295412302,97.8637346923351,0.181195393204689,472.206319898367,0,48.5660373419523
0,57.2383493036032,0,0,0,432.429171711206,0,0,0,125.245922625065,0,0,0,2.71110972762108,0,0.77337646484375,3.48914217948914,0.604205638170242,26.891705840826,1.66685149073601,0,0,0,0.880423441529274,0,0,0,0,0,0,0,0,0,0,0,3.61988002806902,0,3.0839017033577,0,6.28693315386772,0,123.630200639367,0.156016737222672,0,0,1.82875765860081,0,1.17584200203419,0,100.267487548292,0,145.963102564216,0,0,0,622.349405556917,0,42.1991882696748,0,32.5720657110214,0,21.6237588822842,5.25075027346611,0,0,0,0,0,0,0,0,0,145.761597916484,0,0,0,0,0,31.7662136033177,0,23.7459609657526,0,107.562004350126,1.04786491394043,461.945882603526,2.34114277362823,0
0,0,84.5909273326397,0,0,0,0,0,22.5246534347534,0,0,0,73.1633057594299,0,253.957965791225,0,0,0,0,0,84.1084604859352,0,0,0,0,0,0,0,0,0,0,0,0,0,0,0.781287878751755,14.3391197323799,0,0,0,0.669316411018372,0,9.93185545504093,0,0,0,0,0.212116688489914,39.9660396128893,2.66079325973988,111.781336814165,0,0,0,0,0,3.76395446062088,0,239.122628927231,0,43.4211764335632,0,0,1.83596283197403,0,0,0,0,0,0,0,0,0,0,0,0,0,0,0,5.17415404319763,0,0.200518667697906,793.721248239279,0,258.984306305647,0,0.353583157062531
0,2.16433835029602,0,432.429171711206,0,0,0,0,0,52.5849302411079,0,8.64724317193031,0,0,0,0,0,0,1.98288011550903,22.6233438253403,0,0,0,0,0,0,0,0,0,0,0,0,0,0,0,11.8954658359289,0.204978495836258,0,0,3.23300717771053,0,29.401342920959,0,0,0,0.201373040676117,0,0,0,24.2192422002554,0,255.394071817398,0,0,0,0.427450925111771,0,3.887789234519,0,0,0,0,0,0,0,0,0,0,0,0,0,0,19.351627022028,0,0,0,0,0,13.6697542443871,0,8.88110825419426,0,330.327726610005,15.1086721122265,318.393549405038,0,0
0,0,0,0,0,0,0,0,0,0,0,0,0,0,0,0,0,0,0,0,0,0,0,0,0,0,0,0,0,0,0,0,0,0,0,0,0,0,0,0,0,0,0,0,0,0,0,0,0,0,0,0,1,0,0,0,0,0,0,0,0,0,0,0,0,0,0,0,0,0,0,0,0,0,0,0,0,0,0,0,0,0,0,0,0,0,0
0,0,0,0,0,0,0,0,0,0,0,16.4168926477432,0,2,0,0,0,0,0,0,0,0,0,0,0,0,0,0,0,0,0,0,0,0,0,6.72697401046753,0,0,0,0,0,0,0,0,0,0,0,0,0,0,0,0,0,2.89416402578354,0,0,0,114.314383864403,0,11.3054050207138,0,0,0,0,0,0,0,0,0,0,0,0,0,0,0,0,0,0,0,0,0,0,9.12933397293091,55.0693435668945,0,0,0
593.97572684288,0,41.56366533041,0,22.5246534347534,0,0,0,0,0,0,0,0,0,184.959221959114,0,17.6516948342323,0,0,0,0,0,0,0,8.0284478366375,0,3.87697005271912,0,0,0,0,0,0,0,0,0,0,0.46133878827095,67.7427149713039,0,0,0.931477904319763,55.3224338144064,0,0,0,0,0.418053582310677,37.6747270822525,0,9.79372876882553,0,0,0,859.109268575907,0,2.05704754590988,0,0,0,74.5758382081985,0,0,0.544868767261505,0,0,0,5.98489660024643,0,1.60984742641449,0,0,0,0,0,0,0,0,0,0,0,24.2899149060249,394.08888348937,1.16188016533852,78.4624683558941,0,0
0,988.085434004664,0,125.245922625065,0,52.5849302411079,0,0,0,0,0,0,0,0,0,370.679176166654,0,15.3254235982895,0,0,0,0,0,35.4354785084724,0,0,0,0,0,0,0,0,0,0,0,0,0,28.179801300168,0,0,0,4.08562222123146,0,0,0,0,0,0,0.208897769451141,9.27861720323563,0,38.5410884022713,0,0,0,421.987384349108,0,1.25829640030861,0,0,0,206.147044986486,0,0,0,0,20.7721843421459,0,4.73259663581848,0,0,0,0.297033727169037,0,0,0,0,0,0.438755750656128,0,29.7381587028503,0,2358.66070392728,231.812253475189,15.1126088202,0,0
0,0,0.507125705480576,0,0,0,0,0,0,0,0,0,39.9095125198364,0,0,0,0,0,0.356130927801132,0,1241.11204224825,0,0,0,0,0,0,0,24.5218937397003,0,6.86547553539276,0,0,0,0,0,386.077250003815,0,923.489748626947,0,0,0,0.27312371134758,0,0,0,1.88508014380932,0,0,0,0,0,12.7051515579224,0,0,0,1362.58351150155,0,0,0,0,0,0,1051.95668104291,0,0,0,0,0,0,0,0,0,4.29215270280838,0,0,0,0,0,261.819330245256,0,105.152790307999,72.1603586673737,0,61.3983201384544,0,0.246664360165596
0,0,0,0,0,8.64724317193031,0,16.4168926477432,0,0,0,0,0,249.677590221167,0,0,0,0,0,915.701890081167,0,0,0,0,0,0,0,16.0981166362762,0,68.8986368179321,0,0,0,0,0,161.96377979219,0,1214.99882015586,0,0,0,0,0,0,0,0,0,0,0,0,0,56.5053057670593,0,0,0,0,0,1659.41689540446,0,602.890040338039,0,0,65.2467078119516,0,0,0,0,0,0,0,180.466947257519,0,32.6158973276615,0,0,0,0,0,0,0,184.955745458603,0,187.613223671913,0,48.8411077857018,0,0
0,0,0,0,73.1633057594299,0,0,0,0,0,39.9095125198364,0,0,0,0.568782448768616,0,0,0,0,0,0,0,0,0,0,0,0,0,0,0,0,0,0,0,0,0,0,0,0,0,0,0,0,0,0,0,0,0,0,0,2.51252144575119,0,37.6234912872314,0,0,0,12.4590344429016,0,220.37549674511,0,1.740125477314,0,0,0,0,0,0,0,0,0,0,0,0,0,0,0,0,0,0,0,0,0,21.379004240036,0,0,0,0
0,0,0,2.71110972762108,0,0,0,2,0,0,0,249.677590221167,0,0,0,73.2633666992188,0,0,0,0,0,0,0,0,0,0,0,82.8761230409145,0,0,0,0,0,0,0,0,0,0,0,0,0,0,0,0,0,0,0,0,0,0,0,0,0,0,0,0,0,5.03931760787964,0,790.463595628738,0,0,0,0,0,0,0,0,0,0,14.1379521787167,0,0,0,0,0,0,0,0,0,0,0,202.219860911369,74.075300693512,0,0,0
0.872187435626984,0,0,0,253.957965791225,0,0,0,184.959221959114,0,0,0,0.568782448768616,0,0,0,0,0,0,0,0,0,0,0,0,0,0,0,0,0,0,0,0,0,0,0,0,0,0,0,0,0,0,0,0,0,0,0,0,0,0,0,0,0,10.5360978841782,0,0,0,11.6184992194176,0,16.0981812477112,0,0,0,0,0,0,0,0,0,0,0,0,0,0,0,0,0,0,0,0,0,0,0,0,0,0
0,1.6083727478981,0,0.77337646484375,0,0,0,0,0,370.679176166654,0,0,0,73.2633666992188,0,0,0,103.016275405884,0,0,0,2.59669500589371,0,0,0,30.7003997266293,0,0,0,0,0,0,0,0,0,0,0,0,0,0,0,0,0,0,0,0,0,0,0,0,0,0,0,0,0,44.224127471447,0,0,0,0.888001352548599,0,127.97505620122,0,0,0.221170008182526,0,0,0,1.33153891563416,0,0,0,0,0,0,0,0,0,0,0,0,0,211.520053178072,0.554927408695221,0,0,0
1.87544512748718,2.92868506908417,2.33236716687679,3.48914217948914,0,0,0,0,17.6516948342323,0,0,0,0,0,0,0,0,12799.550270617,4885.09536951035,0,0,164.541063472629,1174.88019433618,50.5503019243479,182.181605309248,65.3752477318048,688.09719710052,0,0,0,0,0,0,0,0,8.05171343684196,6.7656816765666,2.6647789478302,1.71047854423523,31.5403043329716,73.540205411613,33.5994471311569,49.4514635577798,0,0,29.3588171750307,46.5262739434838,0,0.23921662569046,0.194241121411324,0,0,0,0,0.377236753702164,2.0503454208374,4.96965484321117,3.01904481649399,0,0,0,0,19.1801783591509,11.0012539997697,0.462441712617874,9.19741892814636,0,91.7314193546772,1.52757546305656,289.55491425097,0,0,10.7244073003531,2.45133690536022,0,0,0,0,143.985018633306,105.946479253471,18.8787062913179,11.3707358241081,5595.30343387276,1030.10908642411,111.400989994407,11.8913933485746,34.8410919308662
3.33918675780296,2.72349847853184,0,0.604205638170242,0,0,0,0,0,15.3254235982895,0,0,0,0,0,103.016275405884,12799.550270617,0,5020.10164961219,0,0,1308.12865011394,8.40132051706314,878.056605741382,2.54828989505768,2831.70859153569,7.70467153191566,35.5647718906403,0,0,0,0,0,0,0,6.06007709354162,5.55721814185381,0,0,28.5941675305367,45.7282450869679,52.9549312591553,18.8505876511335,0.265669941902161,0,36.3193058669567,14.10457482934,0,0.786308348178864,0,0,0,0,0,0,0,3.05053269863129,2.06250953674316,0,0,0,0.230166271328926,13.8236673548818,6.13221348822117,67.3165032565594,0,16.414209395647,0,85.8316595852375,15.5414536297321,0,0,8.20564369857311,3.24205030500889,0,0,0,0,142.420570313931,66.4367798566818,29.2085244804621,7.78198850154877,8140.89802118391,904.935862347484,103.372229292989,19.5243031382561,20.0068359076977
96.3277775645256,163.203387200832,23.4428919255733,26.891705840826,0,1.98288011550903,0,0,0,0,0.356130927801132,0,0,0,0,0,4885.09536951035,5020.10164961219,0,4.13356018066406,0,27.0266786813736,1.07990066707134,19.5641044974327,1.7735750079155,15.085865855217,0,0,0,0,0,0,0,0,0,61.0245245844126,114.979785703123,3.5166125446558,6.2068605273962,483.971686497331,794.505439423025,740.892926946282,688.102300316095,17.5554467439651,2.03613005578518,540.153357803822,438.611545115709,0.557625591754913,6.45770002901554,37.0500808209181,0.219621896743774,0,0,0,2.41147446632385,0,137.437849238515,46.0202451646328,3.83125615119934,0,0,0,172.017256632447,157.832688644528,0,0,2.00358915328979,0,0,0,0,0,254.214817151427,108.86223487556,0,0,0,0,1778.21296877414,1620.17030218989,429.015002995729,250.313955299556,3570.52818180621,4.51257276535034,2349.39775788039,337.172325782478,445.341157056391
0,0.219395086169243,0,1.66685149073601,0,22.6233438253403,0,0,0,0,0,915.701890081167,0,0,0,0,0,0,4.13356018066406,0,0,0,0,0,0,0,0,0,0,0,0,0,0,0,0,204.93167244643,0,223.478155136108,0,22.1197734624147,0,9.35431385040283,0,0,0,26.2477388307452,0,0,0,0.195347458124161,0,37.9543147981167,0,0,0,0,0,354.857802182436,0,0,0,0,1200.96782341599,0,0,0,0,0,0,0,0,0,3.22599172592163,0,0,0,0,0,178.625408954918,0,39.1813342571259,0,303.007629141212,3.11253184080124,81.8923689424992,0,0
0,0,7.79613435268402,0,84.1084604859352,0,0,0,0,0,1241.11204224825,0,0,0,0,0,0,0,0,0,0,0,0,0,0,0,0,0,0,0,0,0,0,0,0,0,331.007386982441,0,425.465084940195,0,0.251920610666275,0,0,0,0,0,3.39862564206123,0,0,0,69.0292422771454,0,0,0,0,0,9.53291040658951,0,2.07677495479584,0,0.489505708217621,0,0,1659.61471390724,0,0,0,0,0,0,0,0,0,0.466340363025665,0,0,0,0,0,100.781478241086,0,98.1882611215115,132.730563625693,0,188.695185765624,0,0
0,0,0,0,0,0,0,0,0,0,0,0,0,0,0,2.59669500589371,164.541063472629,1308.12865011394,27.0266786813736,0,0,0,129.469015300274,60.3153128623962,0,38.9053501933813,0,112.044709801674,0,0,0,0,0,0,0,0,0,690.552187979221,0,0,0,0,0,0,0,0,0,26.1027805805206,0,111.383998021483,0,0,0,0,0,0,0,0,0,0,0,0,0,0,3198.19665037096,12.8911409974098,147.507712051272,0,12.4020002782345,0,0,0,0,0,0,0,0,0,0,0,632.542060375214,0,999.465472444892,232.137223720551,10.2390764951706,0,0
0,0,0,0,0,0,0,0,0,0,0,0,0,0,0,0,1174.88019433618,8.40132051706314,1.07990066707134,0,0,129.469015300274,0,0,226.878525093198,0,502.110626876354,0,168.715337753296,0,0,0,0,0,0,0,0,17.3639855980873,747.886771723628,0,0,0,0,0,0,0,0,0,209.374506115913,0,0,0,0,0,0,0,0,0,0,0,0,0,0,0,2.25635695457458,3703.50495655835,0,34.526239618659,0,106.280218482018,0,31.2139582633972,0,0,0,0,0,0,0,0,0,475.878548622131,1429.46437504888,97.3336692750454,11.5715652406216,0,0
0,2.47902353107929,0,0.880423441529274,0,0,0,0,0,35.4354785084724,0,0,0,0,0,0,50.5503019243479,878.056605741382,19.5641044974327,0,0,60.3153128623962,0,0,0,117.453625917435,0,0,0,0,0,0,0,0,0,0,0,326.062798351049,0,0,0,0,0,0,0,1.29483360052109,0,0,0,1.7642907500267,0,0,0,0,0,117.079294621944,0,0,0,0,0,0,0,0,58.9813950061798,0,376.95578289032,0,295.775225043297,0,1.16804292798042,0,0,0,0,0,0,0,0,0,52.3351085633039,0,362.51533087343,14.0847245156765,79.4940233975649,0,0
0,0,0,0,0,0,0,0,8.0284478366375,0,0,0,0,0,0,0,182.181605309248,2.54828989505768,1.7735750079155,0,0,0,226.878525093198,0,0,1.63695514202118,701.378565818071,0,0,0,0,0,0,0,0,0,0,0,344.56839454174,0,0,0,0,0,0,0,0,0,114.497777760029,0,0,0,0,0,18.4779626429081,0,0,0,0,0,0,0,0,0,0,52.4727768003941,0,364.282444983721,0,272.524783313274,0,0,0,0,0,0,0,0,0,0,0,194.634967416525,165.875588834286,73.9431583285332,39.8180258274078,0,0
0,0,0,0,0,0,0,0,0,0,0,0,0,0,0,30.7003997266293,65.3752477318048,2831.70859153569,15.085865855217,0,0,38.9053501933813,0,117.453625917435,1.63695514202118,0,0,138.152382314205,0,0,0,0,0,0,0,0,0,0,0,0,0,0,0,0,0,0,0.263706415891647,0,0,0,0,0,0,0,0,0,0,0,0,0,0,0,0,0,1.86519983410835,0,102.802114248276,0,94.5776527523994,0,15.3957816958427,0,0,0,0,0,0,0,0,1.40574705600739,0,0,134.161422222853,76.7247435748577,0,0,0
0,0,0,0,0,0,0,0,3.87697005271912,0,0,0,0,0,0,0,688.09719710052,7.70467153191566,0,0,0,0,502.110626876354,0,701.378565818071,0,0,0,7,0,0,0,0,0,0,0,0,0,0,0,0,0,0,0,0,0,0,0,0,0,0,0,0,0,0,0,0,0,0,0,0,0,0,0,0,16.0000929832458,0,126.506600439548,0,239.923340380192,0,0,0,0,0,0,0,0,0,0,0,0,334.22356814146,0.538830816745758,0,0,0
0,0,0,0,0,0,0,0,0,0,0,16.0981166362762,0,82.8761230409145,0,0,0,35.5647718906403,0,0,0,112.044709801674,0,0,0,138.152382314205,0,0,0,24.3690589666367,0,0,0,0,0,0,0,0.61741304397583,0,0,0,0,0,0,0,0,0,0,0,0,0,0,0,0,0,0,0,0,0,63.7706291675568,0,0,0,0,156.298930466175,0,0,0,21.0481006801128,0,777.474320948124,0,0,0,0,0,0,0,0,0,13.6882585287094,0,457.346616923809,104.29562664032,0,0,0
0,0,0,0,0,0,0,0,0,0,24.5218937397003,0,0,0,0,0,0,0,0,0,0,0,168.715337753296,0,0,0,7,0,0,0,98.3169850111008,0,0,0,0,0,0,0,0,0,0,0,0,0,0,0,0,0,0,0,0,0,0,0,0,0,0,0,12.5504733324051,0,0,0,0,0,0,2,0,0,0,3.49613809585571,0,592.574428737164,0,37.2325328588486,0,0,0,0,0,0,0,8.00552296638489,1.54694962501526,398.086348295212,0,0,0
0,0,0,0,0,0,0,0,0,0,0,68.8986368179321,0,0,0,0,0,0,0,0,0,0,0,0,0,0,0,24.3690589666367,0,0,0,0,0,0,0,0,0,280.315148353577,0,0,0,0,0,0,0,0,0,0,0,0,0,0,0,0,0,0,0,61.6344584524632,0,0,0,0,0,0,0,0,0,0,0,0,538.494257390499,0,163.675370782614,0,0,0,0,0,0,0,100.570808529854,0,5,0,0,0,0
0,0,0,0,0,0,0,0,0,0,6.86547553539276,0,0,0,0,0,0,0,0,0,0,0,0,0,0,0,0,0,98.3169850111008,0,0,0,0,0,0,0,0,0,251.650230884552,0,0,0,0,0,0,0,0,0,0,0,0,0,0,0,0,0,0,0,0,0,0,0,0,0,0,0,0,0,0,0,0,54.2518210411072,0,130.867365539074,0,0,0,0,0,0,0,9.78935700654984,0,0,0,0,0
0,0,0,0,0,0,0,0,0,0,0,0,0,0,0,0,0,0,0,0,0,0,0,0,0,0,0,0,0,0,0,0,469.40903121233,0,48.0262908935547,244.868409991264,0,0,0,0,0,0,0,0,0,0,0,325.387541934848,0,6.09562873840332,0,0,0,0,0,0,0,0,0,0,0,0,0,0,0,0,0,0,0,0,0,0,0,0,1144.47411109507,21.9397285580635,19.4447844028473,0,352.025384873152,0,0,0,183.807385385036,0,0,0,0
0,0,0,0,0,0,0,0,0,0,0,0,0,0,0,0,0,0,0,0,0,0,0,0,0,0,0,0,0,0,0,469.40903121233,0,0,22.7133247852325,0,304.638561174273,0,0,1.87388908863068,0,0,0,0,0,0,0,2468.56257663667,2.14093697071075,13.1917950809002,0,0,0,0,0,0,0,0,0,0,0,0,0,0,0,0,0,0,0,0,0,0,0,0,14.4091666340828,1391.33440664411,0,0,0,133.321342870593,0,0,428.39712023735,0,0,0,0
0,0,0,0,0,0,0,0,0,0,0,0,0,0,0,0,0,0,0,0,0,0,0,0,0,0,0,0,0,0,0,0,0,0,1090.2279445231,574.111339002848,0,96.8392425179482,141.683792293072,0,0,0,0,0,0,0,0,1021.16147845984,0,0,0,0,0,0,0,0,0,0,0,0,0,0,0,0,0,0,0,0,0,0,0,0,0,0,0,0,1221.99364715815,1183.72917735577,22.6242914348841,0,185.744251430035,77.7462725639343,62.9404007196426,0,1.96146762371063,0,0
0,0,0,0,0,0,0,0,0,0,0,0,0,0,0,0,0,0,0,0,0,0,0,0,0,0,0,0,0,0,0,48.0262908935547,22.7133247852325,1090.2279445231,0,0,555.399677678943,0,114.884837150574,0,0,0,0.312081843614578,0,0,0,0,611.520850241184,0,0,0,0,0,0,0,0,0,0,0,0,0,0,0,0,0,0,0,0,0,0,0,0,0,0,5.78185963630676,185.045653924346,603.224414557219,1288.91800782084,0,81.8212073892355,2.23527860641479,6.82302677631378,242.976315945387,14.2803139686584,0.240449264645576,0,0
0,7.51266596466303,0.706061899662018,3.61988002806902,0.781287878751755,11.8954658359289,0,6.72697401046753,0,0,0,161.96377979219,0,0,0,0,8.05171343684196,6.06007709354162,61.0245245844126,204.93167244643,0,0,0,0,0,0,0,0,0,0,0,244.868409991264,0,574.111339002848,0,0,345.793877735734,2262.45435414463,10.5030163526535,4.69786824285984,0.115058436989784,38.6151516139507,0.167891129851341,0.395795404911041,0,231.547064423561,0,7.87417656183243,0,2.67274072021246,1.81375956535339,0,0,0,0,0,0.206880375742912,117.376474454999,0,0,0,0,564.580263420939,0,0,0,0,0,0,0,0,0,1.54009457677603,0,90.7806427627802,0,5.72468245029449,0.377818316221237,13933.7919638753,72.5953907221556,486.696391537786,0,2934.64268986881,322.409436970949,64.5376207903028,22.1834288686514,0.188703656196594
0,0,10.5416779220104,0,14.3391197323799,0.204978495836258,0,0,0,0,386.077250003815,0,0,0,0,0,6.7656816765666,5.55721814185381,114.979785703123,0,331.007386982441,0,0,0,0,0,0,0,0,0,0,0,304.638561174273,0,555.399677678943,345.793877735734,0,0,2147.47564607859,0,46.6356825679541,0.0914453193545341,99.7335589677095,0,0,0,250.744357742369,23.2529969289899,21.9849588051438,0.267468690872192,16.4778474271297,0,0,0,0,0,110.530512496829,0,0.849734663963318,0,0.970675230026245,0,0,294.326099671423,0,0,0,0,0,0,0,0,0,1.34612509608269,0,910.233099803329,0,372.296260431409,166.394477009773,14860.5767694414,0,176.908460304141,3571.50279363245,798.810869455338,273.818042725325,0.14938260614872,18.3622121363878
0.425677597522736,10.7746763527393,0,3.0839017033577,0,0,0,0,0.46133878827095,28.179801300168,0,1214.99882015586,0,0,0,0,2.6647789478302,0,3.5166125446558,223.478155136108,0,690.552187979221,17.3639855980873,326.062798351049,0,0,0,0.61741304397583,0,280.315148353577,0,0,0,96.8392425179482,0,2262.45435414463,0,0,1310.47967198491,0.776288628578186,0,5.34186366200447,2.166348695755,0,0,6.40003802627325,0,1127.28589852154,0.733854457736015,113.595100805163,0,0,0,0,0,33.9527894854546,0,411.162581503391,0,0,0,0,100.692318528891,0,189.750059649348,0,486.070379257202,0,0,0,0,0,32.3647341132164,0,0,0,16.2348170280457,0.879500359296799,1234.43024609983,0,8480.73455370963,74.0696576833725,2251.10954780132,253.704443201423,220.071334958076,0,0
0,0,1.00803822278976,0,0,0,0,0,67.7427149713039,0,923.489748626947,0,0,0,0,0,1.71047854423523,0,6.2068605273962,0,425.465084940195,0,747.886771723628,0,344.56839454174,0,0,0,0,0,251.650230884552,0,0,141.683792293072,114.884837150574,10.5030163526535,2147.47564607859,1310.47967198491,0,0,0.360277310013771,0.411699041724205,4.37113277614117,0,0,0,32.9716780930758,252.371490180492,1017.74848806858,0,0.23285286128521,0,0,0,95.2097565829754,0,17.1726403832436,0,0,0,0.286653012037277,0,0,72.0919079482555,0,293.275170058012,0,159.996164232492,0,0,0,24.906806230545,0,60.8020601272583,0,0,0,91.3036274909973,0,1442.98245673627,47.2364356517792,9388.52563451976,1490.75005815923,25.4287483096123,267.834065161645,0,1.49250420928001
0,12.3524575829506,0,6.28693315386772,0,3.23300717771053,0,0,0,0,0,0,0,0,0,0,31.5403043329716,28.5941675305367,483.971686497331,22.1197734624147,0,0,0,0,0,0,0,0,0,0,0,0,1.87388908863068,0,0,4.69786824285984,0,0.776288628578186,0,0,0.190898343920708,1065.08827527612,1.61510719358921,8.1575815230608,0,259.376874573529,1.44905626773834,221.413513958454,3.14317089319229,503.170848160982,0,0,0,0,0,0,0,0.386755786836147,0,0,0,0,120.226728975773,0.172072872519493,0,0,0,0,0,0,0,0,15.9909993112087,0,0,1.10059869289398,0,0,480.694289289415,6.99573794007301,28.3226307630539,0.922916114330292,206.091205283999,7.72265262901783,1028.43943122029,129.043296590447,0.424784660339355
1.21974790096283,0,3.01974195241928,0,0.669316411018372,0,0,0,0,0,0,0,0,0,0,0,73.540205411613,45.7282450869679,794.505439423025,0,0.251920610666275,0,0,0,0,0,0,0,0,0,0,0,0,0,0,0.115058436989784,46.6356825679541,0,0.360277310013771,0.190898343920708,0,2.83542211353779,1138.18332837522,0,20.9429208114743,1.09147054702044,447.604461222887,71.219352543354,241.753129847348,0,1.79458653926849,0,0,0,1.35891380906105,0,22.5548906624317,0,0,0,0,0,0,220.992299690843,0,0,0,0,0,0,0,0,0.137900024652481,5.39796370267868,0,0,0,0,23.3553336039186,363.831944517791,0,29.0881569236517,311.197123929858,0,991.590295307338,0.939548179507256,136.487297646701
0.993774682283401,270.569256015122,0.938898384571075,123.630200639367,0,29.401342920959,0,0,0.931477904319763,4.08562222123146,0,0,0,0,0,0,33.5994471311569,52.9549312591553,740.892926946282,9.35431385040283,0,0,0,0,0,0,0,0,0,0,0,0,0,0,0,38.6151516139507,0.0914453193545341,5.34186366200447,0.411699041724205,1065.08827527612,2.83542211353779,0,436.968267612159,18.1626129448414,0.211948454380035,561.84150903672,2.15697281062603,137.659651696682,5.98857671022415,1575.9144474417,0,3.0928597599268,0,0,0,18.4311957359314,0.174898281693459,300.361535072327,0,26.0511126071215,0,1.81716725230217,315.85552598536,0,0,0,0,0,0,0,0,0,807.129572302103,0,0,0,0,0,1546.87999718636,7.02557925134897,175.40582485497,3.43199822306633,1841.93886141479,9.39619654417038,3783.41813910007,577.269900903106,1.63638778030872
306.441884681582,0.216682910919189,155.369433194399,0.156016737222672,9.93185545504093,0,0,0,55.3224338144064,0,0.27312371134758,0,0,0,0,0,49.4514635577798,18.8505876511335,688.102300316095,0,0,0,0,0,0,0,0,0,0,0,0,0,0,0,0.312081843614578,0.167891129851341,99.7335589677095,2.166348695755,4.37113277614117,1.61510719358921,1138.18332837522,436.968267612159,0,0,15.9677702337503,2.19169873744249,368.611922085285,516.993919983506,987.697773203254,1.6791190803051,8.9656338840723,0,0,0,4.09348827600479,0,469.813480660319,0,4.31285315752029,0,0,0,0.583110712468624,402.37429497391,0,0,0,0,0,0,0,0,0,591.944853693247,0,0,0,0,9.23880769312382,1352.40999279171,0.424742490053177,89.9337455332279,1611.18004886806,27.2498467862606,4673.65035115927,4.13723748922348,981.642173953354
0,0,0,0,0,0,0,0,0,0,0,0,0,0,0,0,0,0.265669941902161,17.5554467439651,0,0,0,0,0,0,0,0,0,0,0,0,0,0,0,0,0.395795404911041,0,0,0,8.1575815230608,0,18.1626129448414,0,0,0,1.5346414744854,0,0,0,0,0,0,0,0,0,0,0,0,0,0,0,0,0,0,0,0,0,0,0,0,0,0,0,0,0,0,0,0,19.6557624861598,0.303109228610992,2.40520526468754,0,8.75945308059454,0,10.6011200398207,3.84583854675293,0
0,0,0,0,0,0,0,0,0,0,0,0,0,0,0,0,0,0,2.03613005578518,0,0,0,0,0,0,0,0,0,0,0,0,0,0,0,0,0,0,0,0,0,20.9429208114743,0.211948454380035,15.9677702337503,0,0,0,17.1771054118872,0.255685716867447,0.139832198619843,0,0,0,0,0,0,0,1.3256950378418,0,0,0,0,0,0,0.76267184317112,0,0,0,0,0,0,0,0,0,0,0,0,0,0,0,13.5092180818319,0,0,24.0477346032858,0,11.9777674078941,0,0.405987828969955
0,6.70731212198734,0,1.82875765860081,0,0.201373040676117,0,0,0,0,0,0,0,0,0,0,29.3588171750307,36.3193058669567,540.153357803822,26.2477388307452,0,0,0,1.29483360052109,0,0,0,0,0,0,0,0,0,0,0,231.547064423561,0,6.40003802627325,0,259.376874573529,1.09147054702044,561.84150903672,2.19169873744249,1.5346414744854,0,0,0.4741081148386,0,0,5.85234636068344,0,2.95485091209412,0,0,0,0,0,24.8819391429424,0,0,0,0,1738.91724025458,0,0,0,0,0,0,0,0,0,74.2899826839566,0,0,0,0,0,2098.14925914258,3.65386506915092,653.650593832135,0,245.038293845952,0,656.100300006568,17.3308696970344,0
0,0,4.43488398194313,0,0,0,0,0,0,0,1.88508014380932,0,0,0,0,0,46.5262739434838,14.10457482934,438.611545115709,0,3.39862564206123,0,0,0,0,0.263706415891647,0,0,0,0,0,0,0,0,0,0,250.744357742369,0,32.9716780930758,1.44905626773834,447.604461222887,2.15697281062603,368.611922085285,0,17.1771054118872,0.4741081148386,0,0,9.50516456365585,0.412020027637482,0.209635585546494,0,0,0,0,0,83.2072175443172,0,0,0,0,0,1.509825527668,1889.53795526922,0,0,0,0,0,0,0,0,1.08322536945343,19.9611249268055,0,0,0,0,18.0783845558763,2089.50131641328,0,334.401138037443,309.898503437638,0,895.959959581494,0.122300691902637,21.5722290948033
2.78182129561901,0,0,1.17584200203419,0.212116688489914,0,0,0,0.418053582310677,0,0,0,0,0,0,0,0,0,0.557625591754913,0,0,26.1027805805206,0,0,0,0,0,0,0,0,0,325.387541934848,2468.56257663667,1021.16147845984,611.520850241184,7.87417656183243,23.2529969289899,1127.28589852154,252.371490180492,221.413513958454,71.219352543354,137.659651696682,516.993919983506,0,0.255685716867447,0,0,0,1365.4707416743,4203.11690032482,0,0,0,0,0,0,0,0.158926904201508,0,0,0,0,0,0,8.06874167919159,0.382438391447067,1.49636378884315,0,0,0,0,0,0,0,1405.19420804083,1192.43757581711,655.185219854116,186.183142662048,377.532010152936,458.328276142478,11.8763906061649,20.470298230648,2216.80418586731,5.09616959095001,1423.77282841504,0.865124136209488,0.37822699546814
144.485331609845,0,132.392648339272,0,39.9660396128893,0,0,0,37.6747270822525,0.208897769451141,0,0,0,0,0,0,0.23921662569046,0.786308348178864,6.45770002901554,0,0,0,209.374506115913,0,114.497777760029,0,0,0,0,0,0,0,2.14093697071075,0,0,0,21.9849588051438,0.733854457736015,1017.74848806858,3.14317089319229,241.753129847348,5.98857671022415,987.697773203254,0,0.139832198619843,0,9.50516456365585,1365.4707416743,0,376.568182751536,14.50886310637,0,0,0,51.2620425969362,0,23.616670101881,0,10.1467108130455,0,90.1535973846912,0,0,5.67746136337519,0,120.116613060236,0,151.0112426579,0,87.8370984196663,0,0,0,31.8931586444378,0,16.7409872412682,0,6.67575868964195,0,367.641641609371,0,627.936382174492,744.803059741855,1.51948863267899,1360.98373967409,0,69.6870763152838
0,174.428199231625,0.787585228681564,100.267487548292,2.66079325973988,24.2192422002554,0,0,0,9.27861720323563,0,0,0,0,0,0,0.194241121411324,0,37.0500808209181,0.195347458124161,0,111.383998021483,0,1.7642907500267,0,0,0,0,0,0,0,6.09562873840332,13.1917950809002,0,0,2.67274072021246,0.267468690872192,113.595100805163,0,503.170848160982,0,1575.9144474417,1.6791190803051,0,0,5.85234636068344,0.412020027637482,4203.11690032482,376.568182751536,0,2.31656002998352,0.149849608540535,0,0,0,19.8018237799406,1.07123112678528,79.3507432192564,0,73.9147455990314,0,61.3818533420563,8.29704427719116,0.272228538990021,81.117837741971,0,18.1378640830517,0,17.1788531541824,0,21.0755100846291,0,240.401425540447,0,5.3844755589962,49.4666849970818,0.83872976899147,0,395.028450980783,29.7126994132996,135.473822146654,1.02561888098717,1142.38719497621,2.31150478124619,1670.01524036378,7.71493364870548,0.171790778636932
0,0,182.216694995761,0,111.781336814165,0,0,0,9.79372876882553,0,0,0,2.51252144575119,0,0,0,0,0,0.219621896743774,0,69.0292422771454,0,0,0,0,0,0,0,0,0,0,0,0,0,0,1.81375956535339,16.4778474271297,0,0.23285286128521,0,1.79458653926849,0,8.9656338840723,0,0,0,0.209635585546494,0,14.50886310637,2.31656002998352,0,0,0,0,0,0,48.9974843710661,0,8.93564668297768,0,56.6644271910191,0,0,111.089303046465,0,0,0,0,0,0,0,0,0,0.180823728442192,0,0,0,0,0,12.0831105709076,0,12.5084880590439,138.838315680623,0,475.157376632094,0,0.572175234556198
0,0,0,145.963102564216,0,255.394071817398,0,0,0,38.5410884022713,0,56.5053057670593,0,0,0,0,0,0,0,37.9543147981167,0,0,0,0,0,0,0,0,0,0,0,0,0,0,0,0,0,0,0,0,0,3.0928597599268,0,0,0,2.95485091209412,0,0,0,0.149849608540535,0,0,0,0,0,8.79553925991058,0,60.8431602418423,0,22.2949996888638,0,1.01884326338768,0,0,0,0,0,0,0,0,0,0,0.261564284563065,0,0,0,0,0,0,0,0,0,283.565803840756,1.55774772167206,33.3689612746239,0,0
0,0,0,0,0,0,1,0,0,0,12.7051515579224,0,37.6234912872314,0,0,0,0,0,0,0,0,0,0,0,0,0,0,0,0,0,0,0,0,0,0,0,0,0,0,0,0,0,0,0,0,0,0,0,0,0,0,0,0,0,0,0,0,0,0,0,0,0,0,0,0,0,0,0,0,0,0,0,0,0,0,0,0,0,0,0,0,0,18.0446398258209,25.6140251159668,0,0,0
0,0,0,0,0,0,0,2.89416402578354,0,0,0,0,0,0,0,0,0,0,0,0,0,0,0,0,0,0,0,0,0,0,0,0,0,0,0,0,0,0,0,0,0,0,0,0,0,0,0,0,0,0,0,0,0,0,0,0,0,186.273462355137,0,7.52668052911758,0,0,0.665013492107391,0,0,0,0,0,0,0,0,0,0,0,0,0,0,0,0,0,0,0,32.2360939979553,57.3280115127563,0,0,0
183.528993725777,0,108.815796762705,0,0,0,0,0,859.109268575907,0,0,0,0,0,10.5360978841782,0,0.377236753702164,0,2.41147446632385,0,0,0,0,0,18.4779626429081,0,0,0,0,0,0,0,0,0,0,0,0,0,95.2097565829754,0,1.35891380906105,0,4.09348827600479,0,0,0,0,0,51.2620425969362,0,0,0,0,0,0,0,16.7300021052361,0,0,0,111.406920820475,0,0,0.727850034832954,0,0,0,233.239122122526,0,53.1698507964611,0,0,0,3.13426327705383,0,0,0,0,0,2.93066230416298,0,209.837192162871,76.6733232736588,0,148.136069789529,0,3.86937336623669
0,618.013088390231,0,622.349405556917,0,0.427450925111771,0,0,0,421.987384349108,0,0,0,0,0,44.224127471447,2.0503454208374,0,0,0,0,0,0,117.079294621944,0,0,0,0,0,0,0,0,0,0,0,0,0,33.9527894854546,0,0,0,18.4311957359314,0,0,0,0,0,0,0,19.8018237799406,0,8.79553925991058,0,0,0,0,0,13.7629333138466,0,6.88864485919476,0,80.6207475364208,3.63590306043625,0,0,0,282.828724384308,0,0,0,0,0,14.1758431643248,0,0,0,0,0,6.4967368543148,0,74.5213588625193,0,75.0253697633743,0,282.449741020799,1.6191703081131,0
0,0,127.841449514031,0,3.76395446062088,0,0,0,2.05704754590988,0,1362.58351150155,0,12.4590344429016,0,0,0,4.96965484321117,3.05053269863129,137.437849238515,0,9.53291040658951,0,0,0,0,0,0,0,0,0,0,0,0,0,0,0.206880375742912,110.530512496829,0,17.1726403832436,0,22.5548906624317,0.174898281693459,469.813480660319,0,1.3256950378418,0,83.2072175443172,0,23.616670101881,1.07123112678528,48.9974843710661,0,0,0,16.7300021052361,0,0,0,182.865077286959,0,7.57417081296444,0,0,592.848911240697,0,0,0,0,0,0,0,0,0,154.185658022761,0,0,0,0,0,27.1007604524493,0,15.9885576963425,168.878280110657,0.685242891311646,1069.71747633815,0,178.344440728426
0,2.92318746447563,0,42.1991882696748,0,3.887789234519,0,114.314383864403,0,1.25829640030861,0,1659.41689540446,0,5.03931760787964,0,0,3.01904481649399,2.06250953674316,46.0202451646328,354.857802182436,0,0,0,0,0,0,0,0,0,61.6344584524632,0,0,0,0,0,117.376474454999,0,411.162581503391,0,0.386755786836147,0,300.361535072327,0,0,0,24.8819391429424,0,0.158926904201508,0,79.3507432192564,0,60.8431602418423,0,186.273462355137,0,13.7629333138466,0,0,0,119.494818344712,0,0.230942830443382,773.458624765277,0,0,0,0,0,0,0,30.3960666954517,0,199.308584839106,0,0,0,0,0,4.44179426878691,0,7.89716099202633,0,265.495464585721,2.42312836647034,492.53313947469,11.5354023575783,0
0,0,100.844037219882,0,239.122628927231,0,0,0,0,0,0,0,220.37549674511,0,11.6184992194176,0,0,0,3.83125615119934,0,2.07677495479584,0,0,0,0,0,0,0,12.5504733324051,0,0,0,0,0,0,0,0.849734663963318,0,0,0,0,0,4.31285315752029,0,0,0,0,0,10.1467108130455,0,8.93564668297768,0,0,0,0,0,182.865077286959,0,0,0,40.6380939483643,0,0,17.08567532897,0,0,0,0,0,0,0,80.525603890419,0,1.40807123482227,0,0,0,0,0,2.82075086236,0,0.908000648021698,266.285087704659,1,91.5661042928696,0,0
0,138.655537843704,0,32.5720657110214,0,0,0,11.3054050207138,0,0,0,602.890040338039,0,790.463595628738,0,0.888001352548599,0,0,0,0,0,0,0,0,0,0,0,63.7706291675568,0,0,0,0,0,0,0,0,0,0,0,0,0,26.0511126071215,0,0,0,0,0,0,0,73.9147455990314,0,22.2949996888638,0,7.52668052911758,0,6.88864485919476,0,119.494818344712,0,0,0,210.946503371,0,0,0,0,0,0,0,0,0,0,1.96671143174171,0,0,0,0,0,0,0,0,0,301.542869508266,0,11.9863637834787,0,0
88.2701607346535,0,68.1154387295246,0,43.4211764335632,0,0,0,74.5758382081985,0,0,0,1.740125477314,0,16.0981812477112,0,0,0,0,0,0.489505708217621,0,0,0,0,0,0,0,0,0,0,0,0,0,0,0,0.970675230026245,0,0.286653012037277,0,0,0,0,0,0,0,0,0,90.1535973846912,0,56.6644271910191,0,0,0,111.406920820475,0,7.57417081296444,0,40.6380939483643,0,0,0,0,0.534640848636627,0,0,0,0,0,0,0,0,0,0.349396020174026,0,0,0,0,0,3.651272803545,0,0,0.965010404586792,0,24.7846643179655,0,0
0,234.865972489119,0,21.6237588822842,0,0,0,0,0,206.147044986486,0,0,0,0,0,127.97505620122,0,0.230166271328926,0,0,0,0,0,0,0,0,0,0,0,0,0,0,0,0,0,0,0,0,0,0,0,1.81716725230217,0,0,0,0,0,0,0,61.3818533420563,0,1.01884326338768,0,0,0,80.6207475364208,0,0.230942830443382,0,210.946503371,0,0,0,0,0,0,1.30260625481606,0,0,0,0,0,0,0,0,0,0,0,0,0,0,0,79.3099296092987,0,25.0939674824476,0,0
0,0,0,5.25075027346611,0,0,0,0,0,0,0,65.2467078119516,0,0,0,0,19.1801783591509,13.8236673548818,172.017256632447,1200.96782341599,0,0,0,0,0,0,0,0,0,0,0,0,0,0,0,564.580263420939,0,100.692318528891,0,120.226728975773,0,315.85552598536,0.583110712468624,0,0,1738.91724025458,1.509825527668,0,0,8.29704427719116,0,0,0,0.665013492107391,0,3.63590306043625,0,773.458624765277,0,0,0,0,0,0.608958303928375,0,0,0,0,0,0,0,0,341.637697175145,0,0,0,0,0,1142.71467743814,1.10807132720947,546.040848881006,0,322.251713879406,0,1572.53439553827,2.38194388151169,1.12412428855896
0,0,3.38324020802975,0,1.83596283197403,0,0,0,0.544868767261505,0,1051.95668104291,0,0,0,0,0,11.0012539997697,6.13221348822117,157.832688644528,0,1659.61471390724,0,0,0,0,0,0,0,0,0,0,0,0,0,0,0,294.326099671423,0,72.0919079482555,0.172072872519493,220.992299690843,0,402.37429497391,0,0.76267184317112,0,1889.53795526922,0,5.67746136337519,0.272228538990021,111.089303046465,0,0,0,0.727850034832954,0,592.848911240697,0,17.08567532897,0,0.534640848636627,0,0.608958303928375,0,0,0,0,0,0,0,0,0,0,17.5781076699495,0,0,0,0,0.32555940747261,1588.7142522186,0,175.421289302409,319.582900591195,0,1518.11128888279,0,9.17806492745876
0,0,0,0,0,0,0,0,0,0,0,0,0,0,0,0.221170008182526,0.462441712617874,67.3165032565594,0,0,0,3198.19665037096,2.25635695457458,58.9813950061798,0,1.86519983410835,0,156.298930466175,0,0,0,0,0,0,0,0,0,189.750059649348,0,0,0,0,0,0,0,0,0,8.06874167919159,0,81.117837741971,0,0,0,0,0,0,0,0,0,0,0,0,0,0,0,0,263.960942775011,0,47.9238047599792,0,155.848884731531,0,0,0,0,0,0,0,0,0,384.20132702589,0,127.394785940647,68.7980765104294,4.52702187001705,0,0
0,0,0,0,0,0,0,0,0,0,0,0,0,0,0,0,9.19741892814636,0,0,0,0,12.8911409974098,3703.50495655835,0,52.4727768003941,0,16.0000929832458,0,2,0,0,0,0,0,0,0,0,0,293.275170058012,0,0,0,0,0,0,0,0,0.382438391447067,120.116613060236,0,0,0,0,0,0,0,0,0,0,0,0,0,0,0,0,0,0,408.999215364456,0,17.9538445770741,0,76.3572418689728,0,0,0,0,0,0,0,0,0,215.313793301582,345.515849933028,6.39195293188095,4.50902125239372,0,0
0,3.10606408119202,0,0,0,0,0,0,0,20.7721843421459,0,0,0,0,0,0,0,16.414209395647,2.00358915328979,0,0,147.507712051272,0,376.95578289032,0,102.802114248276,0,0,0,0,0,0,0,0,0,0,0,486.070379257202,0,0,0,0,0,0,0,0,0,1.49636378884315,0,18.1378640830517,0,0,0,0,0,282.828724384308,0,0,0,0,0,1.30260625481606,0,0,263.960942775011,0,0,0,248.400237768888,0,15.1505722999573,0,0,0,0,0,0,0,0,0,480.175288259983,0,94.4569048136473,0,382.10403983295,0,0
0,0,0,0,0,0,0,0,5.98489660024643,0,0,0,0,0,0,0,91.7314193546772,0,0,0,0,0,34.526239618659,0,364.282444983721,0,126.506600439548,0,0,0,0,0,0,0,0,0,0,0,159.996164232492,0,0,0,0,0,0,0,0,0,151.0112426579,0,0,0,0,0,233.239122122526,0,0,0,0,0,0,0,0,0,0,408.999215364456,0,0,0,353.222593426704,0,0,0,0,0,0,0,0,0,0,0,308.680080965161,260.24796807766,0,25.5137684047222,0,0
0,0,0,0,0,0,0,0,0,4.73259663581848,0,0,0,0,0,1.33153891563416,1.52757546305656,85.8316595852375,0,0,0,12.4020002782345,0,295.775225043297,0,94.5776527523994,0,21.0481006801128,0,0,0,0,0,0,0,0,0,0,0,0,0,0,0,0,0,0,0,0,0,17.1788531541824,0,0,0,0,0,0,0,0,0,0,0,0,0,0,47.9238047599792,0,248.400237768888,0,0,0,453.131441950798,0,0,0,0,0,0,0,0,0,0,0,28.582615852356,0.810139954090118,1.93801319599152,0,0
0,0,0,0,0,0,0,0,1.60984742641449,0,0,0,0,0,0,0,289.55491425097,15.5414536297321,0,0,0,0,106.280218482018,0,272.524783313274,0,239.923340380192,0,3.49613809585571,0,0,0,0,0,0,0,0,0,0,0,0,0,0,0,0,0,0,0,87.8370984196663,0,0,0,0,0,53.1698507964611,0,0,0,0,0,0,0,0,0,0,17.9538445770741,0,353.222593426704,0,0,0,0,0,0,0,0,0,0,0,0,0,0,52.8704301118851,0,0,0,0
0,0,0,0,0,0,0,0,0,0,0,180.466947257519,0,14.1379521787167,0,0,0,0,0,0,0,0,0,1.16804292798042,0,15.3957816958427,0,777.474320948124,0,538.494257390499,0,0,0,0,0,0,0,0,0,0,0,0,0,0,0,0,0,0,0,21.0755100846291,0,0,0,0,0,0,0,30.3960666954517,0,0,0,0,0,0,155.848884731531,0,15.1505722999573,0,453.131441950798,0,0,0,39.1956089138985,0,0,0,0,0,0,0,396.012691155076,0,210.627732932568,0,0,0,0
0,0,0,0,0,0,0,0,0,0,0,0,0,0,0,0,0,0,0,0,0,0,31.2139582633972,0,0,0,0,0,592.574428737164,0,54.2518210411072,0,0,0,0,0,0,0,24.906806230545,0,0,0,0,0,0,0,0,0,0,0,0,0,0,0,0,0,0,0,80.525603890419,0,0,0,0,0,0,76.3572418689728,0,0,0,0,0,0,0,193.955918952823,0,0,0,0,0,0,0,143.829030379653,0,0,0,0,0
0,12.1310047730803,0,145.761597916484,0,19.351627022028,0,0,0,0.297033727169037,0,32.6158973276615,0,0,0,0,10.7244073003531,8.20564369857311,254.214817151427,3.22599172592163,0,0,0,0,0,0,0,0,0,163.675370782614,0,0,0,0,0,1.54009457677603,0,32.3647341132164,0,15.9909993112087,0.137900024652481,807.129572302103,0,0,0,74.2899826839566,1.08322536945343,0,0,240.401425540447,0,0.261564284563065,0,0,0,14.1758431643248,0,199.308584839106,0,1.96671143174171,0,0,341.637697175145,0,0,0,0,0,0,0,39.1956089138985,0,0,1.46467912197113,0,0,0,0,42.2359749823809,0.496802538633347,22.6003234684467,0,544.135329052806,0,451.336300060153,153.869652330875,1.54291781783104
0,0,13.6650930345058,0,0,0,0,0,0,0,4.29215270280838,0,0,0,0,0,2.45133690536022,3.24205030500889,108.86223487556,0,0.466340363025665,0,0,0,0,0,0,0,37.2325328588486,0,130.867365539074,0,0,0,0,0,1.34612509608269,0,60.8020601272583,0,5.39796370267868,0,591.944853693247,0,0,0,19.9611249268055,0,31.8931586444378,0,0.180823728442192,0,0,0,3.13426327705383,0,154.185658022761,0,1.40807123482227,0,0.349396020174026,0,0,17.5781076699495,0,0,0,0,0,0,0,193.955918952823,1.46467912197113,0,0,0,0,0,0,5.84790988266468,0,268.930429667234,82.6722567379475,0,387.589737668633,0,159.153168849647
0,0,0,0,0,0,0,0,0,0,0,0,0,0,0,0,0,0,0,0,0,0,0,0,0,0,0,0,0,0,0,1144.47411109507,14.4091666340828,0,5.78185963630676,90.7806427627802,0,0,0,0,0,0,0,0,0,0,0,1405.19420804083,0,5.3844755589962,0,0,0,0,0,0,0,0,0,0,0,0,0,0,0,0,0,0,0,0,0,0,0,0,0,0,91.887086212635,0,444.983678296208,0,0,0,212.862681210041,0,0,0,0
0,0,0,0,0,0,0,0,0,0,0,0,0,0,0,0,0,0,0,0,0,0,0,0,0,0,0,0,0,0,0,21.9397285580635,1391.33440664411,0,185.045653924346,0,910.233099803329,0,0,1.10059869289398,0,0,0,0,0,0,0,1192.43757581711,16.7409872412682,49.4666849970818,0,0,0,0,0,0,0,0,0,0,0,0,0,0,0,0,0,0,0,0,0,0,0,0,0,0,0,0,0,805.413559794426,0,0,251.654820114374,0,0.423167079687119,0,0
0,0,0,0,0,0,0,0,0,0,0,0,0,0,0,0,0,0,0,0,0,0,0,0,0,0,0,0,0,0,0,19.4447844028473,0,1221.99364715815,603.224414557219,5.72468245029449,0,16.2348170280457,0,0,0,0,0,0,0,0,0,655.185219854116,0,0.83872976899147,0,0,0,0,0,0,0,0,0,0,0,0,0,0,0,0,0,0,0,0,0,0,0,0,91.887086212635,0,0,97.9058871865273,135.846616879106,0,171.784898579121,0,257.309180140495,3.32164907455444,0,0,0
0,0,0,0,0,0,0,0,0,0,0,0,0,0,0,0,0,0,0,0,0,0,0,0,0,0,0,0,0,0,0,0,0,1183.72917735577,1288.91800782084,0.377818316221237,372.296260431409,0.879500359296799,91.3036274909973,0,0,0,0,0,0,0,0,186.183142662048,6.67575868964195,0,0,0,0,0,0,0,0,0,0,0,0,0,0,0,0,0,0,0,0,0,0,0,0,0,0,0,97.9058871865273,0,0,683.082889512181,0.968652218580246,107.42809844017,373.889892488718,0,1.91108149290085,0,0
0,77.2966353371739,0,31.7662136033177,0,13.6697542443871,0,0,0,0.438755750656128,0,0,0,0,0,0,143.985018633306,142.420570313931,1778.21296877414,178.625408954918,0,0,0,0,0,0,0,0,0,0,0,352.025384873152,0,22.6242914348841,0,13933.7919638753,166.394477009773,1234.43024609983,0,480.694289289415,23.3553336039186,1546.87999718636,9.23880769312382,19.6557624861598,0,2098.14925914258,18.0783845558763,377.532010152936,0,395.028450980783,0,0,0,0,0,6.4967368543148,0,4.44179426878691,0,0,0,0,1142.71467743814,0.32555940747261,0,0,0,0,0,0,0,0,42.2359749823809,0,444.983678296208,0,135.846616879106,0,0,17.7399550899863,2082.03805629164,0.633345156908035,1812.69753210247,13.6996578425169,984.585846558213,302.271826177835,1.50563931465149
0.989227861166,0,15.6157764270902,0,5.17415404319763,0,0,0,0,0,261.819330245256,0,0,0,0,0,105.946479253471,66.4367798566818,1620.17030218989,0,100.781478241086,0,0,0,0,1.40574705600739,0,0,0,0,0,0,133.321342870593,0,81.8212073892355,72.5953907221556,14860.5767694414,0,1442.98245673627,6.99573794007301,363.831944517791,7.02557925134897,1352.40999279171,0.303109228610992,13.5092180818319,3.65386506915092,2089.50131641328,458.328276142478,367.641641609371,29.7126994132996,12.0831105709076,0,0,0,2.93066230416298,0,27.1007604524493,0,2.82075086236,0,3.651272803545,0,1.10807132720947,1588.7142522186,0,0,0,0,0,0,0,0,0.496802538633347,5.84790988266468,0,805.413559794426,0,683.082889512181,17.7399550899863,0,5.90230715274811,1093.98496948928,2238.83146951348,107.35094243288,801.003210917115,2.58277021348476,165.384153597057
