0,0,0.0153303126576055,0,0,0,0,0,0.0308756978052953,0,2.95246908893726e-05,0,0,0,0.000151125888805836,0,0,0,5.84442789115444e-05,0,0,0,0,0,0,0,0,0,0,0,0,0,0,0,0,0,1.39239416143632e-06,0,0,0,5.98887168326212e-05,0,0.00237199285188786,0,0,0,0,1.08478499209676e-05,0.043967832869863,0,0,0,0,0,0.0427234071872159,0,2.51508065607733e-05,0,0,0,0.00204302667169689,0,0,0,0,0,0,0,0,0.000194666841834923,0,0,0,0,0,0,0,0,0,1.36548975623356e-05,0,0,0.000612410330002136,0,0.00152809170373385,0,0.000459163290081914
0,0,0,0.0179793493055071,0,0,0,0,0,0.0195769480454422,0,0,0,0,0,0,0,0,0,0,0,0,0,0.000568820354719609,0,0,0,0,0,0,0,0,0,0,0,0,0,0,0,0,0,0.00190166434831975,0,0,0,0,0,0,0,0.0264642005690628,0,0,0,0,0,0.0299059461602936,0,0,0,0,0,0.0172195210205798,0,0,0,0,0.0022402916961529,0,0,0,0,0,0,0,0,0,0,0,0,0,0,0,0.000178559009556587,0,0.00488946900716559,0.000365806323274977,0
0.0153303126576055,0,0,0,0.0199874233091505,0,0,0,0.0147691758596353,0,9.65542253569675e-05,0,0,0,0,0,0,0,0,0,0.000458639450667874,0,0,0,0,0,0,0,0,0,0,0,0,0,0,0,1.95650775615512e-06,0,2.6627902690729e-06,0,0.000662638224329819,0,0.00699670008986192,0,0,3.86963177731372e-05,1.18002091082856e-05,0.000116351628209934,0.00289894746635556,0.00040841675489986,0.0296646358057931,0,0,0,0.00909325604737059,0,0.00565477977052839,0,0.00225764549908024,0,0.00153361802608033,0,0,0.00191459219721222,0,0,0,0,0,0,0,0,0,0.000434298081613291,0,0,0,0,0,9.57218219421248e-05,0,6.4306716466743e-05,0.000627108681206076,0,0.00578906526304893,0,0.00668659337175312
0,0.0179793493055071,0,0,2.66662110912311e-05,0.000155652876997335,0,0,0,0.00293562574291808,0,0,0,0,0,0,0,0,4.91503981510143e-05,0,1.30723324437022e-05,0,0,0,0,0,0,0,0,0,0,0,0,0,0,0,0,0,0,0.000446776247711704,0,0.000419306078459081,0,0,0,0.000120205081432266,0,0,0,0.0135604257943649,0,0.0101183572135114,0,0,0,0.00476969041766898,0,0.000233727083392796,0,0.00300670692549663,0,0.0115292262920877,6.02004839186931e-05,0,0,0,0,0,0,0,0,0,0.000120255020041944,0,0,0,0,0,1.71354511664917e-05,0,2.29902662816162e-05,0,0.000121562908826909,0,0.00819854438780576,0,0
0,0,0.0199874233091505,2.66662110912311e-05,0,0.000148133688583176,0.000313212196852479,0,0.000108515057866811,0,6.10743939846927e-05,0,0,0,0,0,2.91451171272831e-06,0,6.53635005335982e-05,0,0.00937022777491404,0,0,0,0,0,0,0,0,0,0,0,0,0,0,0,1.01296764303991e-05,0,0,0,0.00091773353490339,4.63609213302608e-05,0.0018412439226809,0,0,0,0.000225953300814354,9.89656093423885e-05,0.000836483645226558,0.000224539583699454,0.00325335576070954,0,0,0,0.000334888006294221,0,0.000862805403420126,9.09324754479819e-06,0,0,0,0,4.56004198222887e-05,0.00291471470211655,0,0,0,0,0,0,0,0,0,8.48857738635668e-05,0,0,0,0,0,8.51917841652949e-05,1.45177507017648e-05,8.2482243515653e-05,0.000704781357121804,0,0.0155933207913484,0,0.000839148983809115
0,0,0,0.000155652876997335,0.000148133688583176,0,0,0,0,0.00596966268986912,0,0,0,0,0,0,0,0,2.34281543791839e-05,0.00263029906567545,0,0,0,0,0,0,0,0,0,0,0,0,0,0,0,9.30854046758997e-05,0,0,0,0.00108967843643705,0,0.00100928942090843,0,0,0,0.00033930988049687,0,0.000173047882660462,0.000113406323004944,0.0024801145008535,0,0.0231778511589121,0,0,0,0.00502361285917197,0,0.000121649756940268,0,0,0,0,0.0027406301152057,0,0,0,0,0,0,0,0,0,0.000439888147684678,0,0,0,0,0,1.63362793637886e-05,5.10281777826295e-06,7.72128857584501e-05,0,1.67000255957961e-05,0,0.00878544409576663,0.000799628032502664,0
0,0,0,0,0.000313212196852479,0,0,0,0,0,0.00795214499226955,0,0,0,0,0,0,0,0,0,0.00304252231587952,0,0,0,0,0,0,0,0,0,0,0,0,0,0,0,0,0,0,0,0,0,0,0,0,0,0,0,0,0,0,0,0.0196698245436205,0,0,0,0,0,0,0,0,0,0,0.0025124630284784,0,0,0,0,0,0,0,0,0,0,0,0,0,0,0,0,0,0,6.13958744495141e-05,0,2.58880957989419e-05,0,0
0,0,0,0,0,0,0,0,0,0,0,0.00121044327795868,0,0,0,0,0,0,0,0,0,0,0,0,0,0,0,0,0,0,0,0,0,0,0,0,0,0,0,0,0,0,0,0,0,0,0,0,0,0,0,0,0,0,0,0,0,0,0,0,0,0,0,0,0,0,0,0,0,0,0,0,0,0,0,0,0,0,0,0,0,0,0,0,0,0,0
0.0308756978052953,0,0.0147691758596353,0,0.000108515057866811,0,0,0,0,0,0,0,0,0,0.00635150184226578,0,0.00278520176556173,0.000285105398172916,0.000374673157456201,0,0,0,2.52559967927009e-05,0.000169619730462004,0.0136482553891971,0,0.000497003391043871,0,0,0,0,0,0,0,0,0,0,0,0.00170681346203542,0,0,0,0.00150159692610536,0,0,0,0,0,0.00446974513827754,0,0.00925171941413422,0,0,0,0.111648857856925,0,0,0,0,0,0.00496438920671074,0,0,0,0,3.26524188461631e-05,0,0.000943102859742774,0.000261423957105718,0.000778569113390528,0,0,0,0,0,0,0,0,6.53829046832718e-06,0,0,6.37414382657775e-05,0.00159552900750925,0,0.00579541640254182,0,0
0,0.0195769480454422,0,0.00293562574291808,0,0.00596966268986912,0,0,0,0,0,0,0,0,0,0.0249040594891304,7.43455353358455e-05,0.000523772459352926,0.000114229125516701,0,0,7.63260197669406e-06,0,0.00909418333268974,0,0.00117594758570844,0,0,0,0,0,0,0,0,0,0,0,0.00107891597680454,0,0,0,0,0,0,0,0,0,3.01486442377858e-05,0,0.000170279505833251,0,0,0,0,0,0.121156418044838,0,0,0,0,0,0.0202779732430561,0,0,0,0,0.00636889271520735,0,5.42742647610507e-05,0,0,0,0,0,0,0,0,0,0,0,0.000278884502185918,0,0.000476543770209325,0,0.00180527730743487,0,0
2.95246908893726e-05,0,9.65542253569675e-05,0,6.10743939846927e-05,0,0.00795214499226955,0,0,0,0,0,0.00312865956961944,0,0,0,0,0,4.5100297095074e-05,0,0.0173295612030164,0,0,0,0,0,0,0,0.00203404492265792,0,0.00141564441746969,0,0,0,0,0,0.000318454482959367,0,0.00887207560631726,0,4.27281499306895e-05,0,7.08979687704447e-05,0,0,0,0.000226397652793812,0,4.90845743822063e-05,5.49498566645231e-06,0,0,0.00940018612980532,0,0,0,0.10685963931584,0,0,0,0,0,0,0.00195658168917576,0,0,0,0,0,0,0,0,0,0.000870431401720677,0,0,0,0,0,3.78943143619697e-05,0,0.000381945496401649,0.00297366272934045,0.000210569268243014,0.000774075322849686,0,0.000218501588180575
0,0,0,0,0,0,0,0.00121044327795868,0,0,0,0,0,0.00477336465567162,0,0,0,0,0,0.0190547290909116,0,0,0,0,0,0,0,0.000348570733301001,0,0.00799411181872751,0,0,0,0,0,0.0014261909532513,0,0.0138248437922743,0,1.79419773234071e-05,0,0,0,0,0,9.43637844791261e-05,0,0,0,5.19355291748774e-06,0,1.67588032609503e-05,0,0.00312174693803626,0,0,0,0.0702927445396503,0,0.000252375940471274,0,0,0.00724713293998514,0,0,0,0,0,0,0,0,0,0.00994379860091244,0,0,0,0,0,0.000230302926231581,0,0.00513737297688695,0,0.000587877996674691,0.000377113903206801,0.000914442316581228,0,0
0,0,0,0,0,0,0,0,0,0,0.00312865956961944,0,0,0,0.00236510273237447,0,0,0,0,0,0,0,0,0,0,0,0.000224235119356247,0,0.00106113261490398,0,0,0,0,0,0,0,0,0,0,0,0,0,0,0,0,0,0,0,0,0,0,0,0,0,0,0,0.00296900599806557,0,0.00733832877938859,0,0,0,0,0,0,0,0,0,0,0,0,0.000130785164915091,0,0,0,0,0,0,0,0,0,0,4.68355995331341e-05,0,0,0,0
0,0,0,0,0,0,0,0,0,0,0,0.00477336465567162,0,0,0,0,0,0,0,0,0,0,0,0,0,0,0,0.00128968570641668,0,0,0,0,0,0,0,0,0,0,0,0,0,0,0,0,0,0,0,0,0,0,0,0,0,0,0,0,0,7.72484127082862e-05,0,0.0017681764955402,0,0,0,0,0,0,0,0,0,0,0.00178309590851466,0,0,0,0,0,0,0,0,0,0,0,0.000225090194889288,3.06914408350002e-05,0,0,0
0.000151125888805836,0,0,0,0,0,0,0,0.00635150184226578,0,0,0,0.00236510273237447,0,0,0,0.00128665895275375,2.20173399619521e-05,0,0,0,0,0,0,0.00135470330115415,0,0.0145242574181604,0,0,0,0,0,0,0,0,0,0,0,0,0,0,0,0,0,0,0,0,0,0.00218913033857963,0,0.00157221345404351,0,0,0,0.0165751694556132,0,0,0,0,0,0.063179604417335,0,0,0,0,0,0,0,0,0.00250183000719714,0,0,0,0,0,0,0,0,0,0,0,0,0.000971638648934023,0,0,0,0
0,0,0,0,0,0,0,0,0,0.0249040594891304,0,0,0,0,0,0,8.47099948917253e-06,0.000813303296899686,9.74519916643471e-05,0,0,5.43457370184462e-05,0,0,0,0.0089683827615586,0,0,0,0,0,0,0,0,0,0,0,0,0,0,0,0,0,0,0,0,0,0,0,0,0,0,0,0,0,0.0104997983149011,0,0,0,0.00412379377613176,0,0.000647266098462093,0,0,0,0,0,0,0.00741161079444941,0,0,0,0,0,0,0,0,0,0,0,0,0,1.48906397335575e-05,0,0,0,0
0,0,0,0,2.91451171272831e-06,0,0,0,0.00278520176556173,7.43455353358455e-05,0,0,0,0,0.00128665895275375,8.47099948917253e-06,0,0.0832224619566871,0.0608938692463198,0,0,0.000533208845718205,0.00820181393071612,0.00138055543518625,0.00974920313017157,0.000813965447572276,0.0174456376297728,0,0.000211506601403881,0,0,0,0,0,0,1.95056409620762e-06,6.31530801311424e-06,0,0,0.000126605569128658,0.000383401742692828,0.000414375711415649,0.00105378553682225,0,0,2.85533195947997e-05,0.000277951830242498,0,0,0,0,0,0,0,0,0,1.1511504731257e-05,0,0,0,0.000171020827800452,0.00011945488441873,0.000167612544365756,1.05085760922182e-05,0,0.00209141320117119,0,1.70384132234611e-05,0.000808290745354842,0.00807201104688219,0,0,2.28935967502782e-05,0,0,0,0,0,0.000312066822444073,0.00025057638006403,3.2978108831645e-05,2.41940727999994e-05,0.0249520109826065,0.000802537273310318,0.000917544565033878,0.000142400545529803,8.33472476221596e-05
0,0,0,0,0,0,0,0,0.000285105398172916,0.000523772459352926,0,0,0,0,2.20173399619521e-05,0.000813303296899686,0.0832224619566871,0,0.0540406728575979,0,0,0.00180840947717324,0.000272015612006352,0.00460366319144587,0.00130664265986233,0.0142285666085154,0.000678379200884513,3.03572655652345e-05,0,0,0,0,0,0,0,2.19010086919673e-05,3.53742759653247e-06,0,0,0.000379952013056594,0.000480442879797636,0.00132558034422227,0.000504411720385172,0.000271657563143285,0,0.000190254410724999,0.000227427920018087,0,0,2.04622234347812e-05,0,2.28901799106279e-06,0,0,0,0,2.14194750841037e-05,0,0,0,0,0.000462249725584137,0.000386612392623937,3.2916265315095e-05,0,0.000155300984472345,0,0,0.0190590793674131,0.000133532778184611,0,0,1.8559458975705e-05,2.98116518008887e-05,0,0,0,0,0.000873223396237911,0.00023230375448554,0.000176668916713926,0,0.0179824273810738,2.07442056125988e-06,0.00093837518934242,0.000403046926824793,9.6797427136567e-06
5.84442789115444e-05,0,0,4.91503981510143e-05,6.53635005335982e-05,2.34281543791839e-05,0,0,0.000374673157456201,0.000114229125516701,4.5100297095074e-05,0,0,0,0,9.74519916643471e-05,0.0608938692463198,0.0540406728575979,0,0,0.000257771905541821,3.55826478346246e-06,0.000135947721410249,0.00079050042235666,0.00126390649085758,0.000234919111525477,0.000559115034340666,0,0,0,0,0,0,0,0,8.0254700938654e-05,0.000158746744734416,0,1.19652459301344e-05,0.00605938372833255,0.0191867573874328,0.0166420124570908,0.023167855333299,0.0102588671749713,0.000368980787448048,0.00163527326230584,0.00730835561293563,0,0.000399700462705307,0.000302322944976031,0,3.70590467466728e-05,0,0,0,0,0.000425805869141245,6.34520362872083e-05,0,1.15447191591114e-05,0,0,0.00483353266194285,0.000485006268377705,0,0.000116831854257912,0,0,0.000592925084475458,0.000211840823497222,0,0,0.000501554444784668,0.000164779506044333,0,0,0,0,0.0096086908995361,0.00629509926011023,0.00125731751086318,0.000471224333627318,0.00949520794483238,1.8341997751128e-05,0.029804690275377,0.00444870317874968,0.00172218270947323
0,0,0,0,0,0.00263029906567545,0,0,0,0,0,0.0190547290909116,0,0,0,0,0,0,0,0,0,0,0,0,0,0,0,0,0,0,0,0,0,0,0,0.00638585682469725,0,0.000944708078561565,0,0.000421055719403803,0,4.93499476788705e-05,0,0,0,0.000730444501712788,0,0,0,0.000515363484356051,0,0,0,0,0,0,0,0.00740280783943438,0,0,0,0,0.0404264373566265,0,0,0,0,0,0,0,0,0,0.000227120080716993,0,0,0,0,0,0.00546979148828722,0,0.00507269201400685,0,0.000639615571893518,0,0.00488457874712448,0,0
0,0,0.000458639450667874,1.30723324437022e-05,0.00937022777491404,0,0.00304252231587952,0,0,0,0.0173295612030164,0,0,0,0,0,0,0,0.000257771905541821,0,0,0,0,0,0,0,0,0,0,0,0,0,0,0,0,0,0.00627426043071269,0,0.0019578008538744,0,0.000915779366591734,0,0.000728079390377923,0,0,0,0.00652804568092364,1.34799667467609e-05,0.00107033071169485,9.52489806342029e-05,0,0,0.000628582481493259,0,0,0,0.0029529311924717,0,0,0,0,9.90185031128187e-06,2.93901959348865e-05,0.0650178529620006,0,0,0,0,0,0,0,0,0,0.00446761724710754,0,0,0,0,7.08645969341447e-07,0.00481163530425719,1.47145273777973e-06,0.00134027637723157,0.00098555695882047,0,0.00492239000227887,0,0.00059248374420825
0,0,0,0,0,0,0,0,0,7.63260197669406e-06,0,0,0,0,0,5.43457370184462e-05,0.000533208845718205,0.00180840947717324,3.55826478346246e-06,0,0,0,0.00282544735388262,0.00253933862237041,0,0.00227588484094012,0,0.00242095073300786,0,0,0,0,0,0,0,0,0,0.0130027030516088,0.000112815096073259,0,0,0,0,0,0,0,0,2.8894333284612e-05,0,0.000745218632310006,0,0,0,0,0,0,0,0,0,0,0,0,0,0,0.0460793442758907,0,0.0013021881405162,0,0.000836826026770845,0,0.000321811047455265,0,0,0,0,0,0,0,8.19550988491371e-07,0,0.00446809385227915,0,0.00367055917509049,9.58871624399423e-05,0,0,0
0,0,0,0,0,0,0,0,2.52559967927009e-05,0,0,0,0,0,0,0,0.00820181393071612,0.000272015612006352,0.000135947721410249,0,0,0.00282544735388262,0,0,0.00329549661513752,0,0.00688698869559166,0,0.00276000172927289,0,0,0,0,0,0,0,0,0,0.005497844486764,0,0,0,0,0,0,0,0,0,0.00143495526494646,0,0,0,0,0,0,0,0,0,0,0,0,0,0,0,0.000606598408601809,0.0637277560540326,0,0.0014343005169663,0,0.000766323929837339,0,0.00141695056644048,0,0,0,0,0,0,0,0,0,0.00598493835058213,0.00291225383694112,0.000116251050897912,6.99745352872696e-06,0,0
0,0.000568820354719609,0,0,0,0,0,0,0.000169619730462004,0.00909418333268974,0,0,0,0,0,0,0.00138055543518625,0.00460366319144587,0.00079050042235666,0,0,0.00253933862237041,0,0,0.000583386853532878,0.00200694977537746,0,0,0,0,0,0,0,0,0,0,0,0.00315584559334148,0,0,0,0,0,0,0,0,0,0.000455106166930228,0,0.00962320401904514,0,0,0,0,0,0.0036658925431996,0,0,0,0,0,0.000557113688346817,0,0,0.00125785350347156,0,0.158548650703596,0,0.000657205140965786,0,0,0,0,0,0,0,0,0,4.90654528840563e-06,1.65025398925661e-06,0.00187270793368836,0,0.000735337057092622,0,0.00133472339089943,0,0
0,0,0,0,0,0,0,0,0.0136482553891971,0,0,0,0,0,0.00135470330115415,0,0.00974920313017157,0.00130664265986233,0.00126390649085758,0,0,0,0.00329549661513752,0.000583386853532878,0,0,0.0191096169892334,0,0,0,0,0,0,0,0,0,2.95712938836389e-06,0,0.00273441245570004,0,0,0,4.85153130552751e-05,0,0,0,0,0,0.00417265609976221,0,0,0,0,0,0.0106982330677697,0,0,0,0,0,0,0,0,0,0,0.000273653350004571,0,0.126443064754613,0,0.00674563642800226,0,8.32958776032333e-05,0,0,0,0,0,0,2.60384844594295e-06,0,0,0.000471037851321718,0.0019882989375604,0,0.00242392551543988,0,0
0,0,0,0,0,0,0,0,0,0.00117594758570844,0,0,0,0,0,0.0089683827615586,0.000813965447572276,0.0142285666085154,0.000234919111525477,0,0,0.00227588484094012,0,0.00200694977537746,0,0,4.11102004210491e-05,0.00389922525626809,0,0,0,0,0,0,0,0,0,0,0,0,0,0,0,0,0,0,0,0,0,0,0,0,0,0,0,0,0,0,0,0,0,0.000139418770471801,0,0,0.00283118260836362,0,0.0220769331500285,0,0.0251732244979697,0,0.00205993015089718,0,0,0,0,0,0,0,0,0,0,0,0.000478249005261878,0,0,0,0
0,0,0,0,0,0,0,0,0.000497003391043871,0,0,0,0.000224235119356247,0,0.0145242574181604,0,0.0174456376297728,0.000678379200884513,0.000559115034340666,0,0,0,0.00688698869559166,0,0.0191096169892334,4.11102004210491e-05,0,0,0.0039851794815144,0,0,0,0,0,0,1.05621949241114e-06,0,0,0,0,0,0,0,0,0,0,0,0,0,0,0,0,0,0,0.00208328044576111,0,0,0,0,0,0.0001377410517307,0,0,0,0,0.00100642163276174,0,0.0228455060770726,0.000179032844283264,0.0534861499466072,0,4.15178947150707e-05,0,0,0,0,0,0,0,0,0,0,0.0017469689386278,0,0,0,0
0,0,0,0,0,0,0,0,0,0,0,0.000348570733301001,0,0.00128968570641668,0,0,0,3.03572655652345e-05,0,0,0,0.00242095073300786,0,0,0,0.00389922525626809,0,0,0,0.0395931077266481,0,0,0,0,0,0,0,0.000685202966650334,0,0,0,0,0,0,0,0,0,0,0,0,0,0,0,0,0,0,0,3.7418198039158e-05,0,0,0,0,0,0,0.00138483438591344,0,0,0,0.00534101784005886,0,0.0328871732926309,0,0.00822389307123695,0,0,0,0,0,0,0,0.000798130555232958,0,6.31392699961465e-05,0.000456772862031494,0,0,0
0,0,0,0,0,0,0,0,0,0,0.00203404492265792,0,0.00106113261490398,0,0,0,0.000211506601403881,0,0,0,0,0,0.00276000172927289,0,0,0,0.0039851794815144,0,0,0,0.0180580467349901,0,0,0,0,0,0,0,0.000748325551108997,0,0,0,0,0,0,0,0,0,0,0,0,0,0,0,0,0,0.00143863153159757,0,7.46738745297057e-05,0,0,0,0,0,0,0.00204018532687467,0,0,0,0.000501450841696068,0,0.0308378191492185,0,0.0106712882568857,0,0,0,0,0,0,0,0.000214832682193159,0.000934836940644928,0.000574870654920086,0,0,0
0,0,0,0,0,0,0,0,0,0,0,0.00799411181872751,0,0,0,0,0,0,0,0,0,0,0,0,0,0,0,0.0395931077266481,0,0,0,0,0,0,0,0,0,0.0031790772892786,0,0,0,0,0,0,0,0,0,0,0,0,0,0,0,0,0,0,0,0.00787936343302616,0,0,0,0,0,0,0,0,0,0,0,0,0.0111891971976054,0,0.0172220270105349,0,0,0,0,0,0,0,0.0012950121379635,0,9.89184890076833e-05,0,0,0,0
0,0,0,0,0,0,0,0,0,0,0.00141564441746969,0,0,0,0,0,0,0,0,0,0,0,0,0,0,0,0,0,0.0180580467349901,0,0,0,0,0,0,0,0,0,0.00185528114827143,0,0,0,0,0,0,0,0,0,0,0,0,0,0,0,0,0,0.00658552243158798,0,0,0,0,0,0,0,0,0,0,0,0,0,0,0,0,0.201069130796814,0,0,0,0,0,0,0,0.0018945112869003,0.000109187235764242,0,0,0,0
0,0,0,0,0,0,0,0,0,0,0,0,0,0,0,0,0,0,0,0,0,0,0,0,0,0,0,0,0,0,0,0,0.00224020267261888,5.35306383999644e-05,0,0.00202113694220192,0,0,0,0,0,0,0,0,0,0,0,0.0256402291059326,0,0,0,0,0,0,0,0,0,0,0,0,0,0,0,0,0,0,0,0,0,0,0,0,0,0,0.231504101657868,0.000586191291494919,0.00762543710354824,5.76075539915782e-05,0.00447061903302113,0,0,0,0.000250138193375495,0,0,0,0
0,0,0,0,0,0,0,0,0,0,0,0,0,0,0,0,0,0,0,0,0,0,0,0,0,0,0,0,0,0,0,0.00224020267261888,0,3.72592345427658e-05,0.00125295351470513,0,0.00224746334333059,0,0,0,0,0,0,0,0,0,0,0.0283958336367331,0,0,0,0,0,0,0,0,0,0,0,0,0,0,0,0,0,0,0,0,0,0,0,0,0,0,0.0379738348001971,0.48166459410001,0.000201660769274819,0.00594548619204738,0.000218956124716911,0.00777202357430247,0,0,0.000555390691428256,0,0,0,0
0,0,0,0,0,0,0,0,0,0,0,0,0,0,0,0,0,0,0,0,0,0,0,0,0,0,0,0,0,0,0,5.35306383999644e-05,3.72592345427658e-05,0,0.187403783364992,0.00440563128627718,0,0.00519065928840289,0.000219337918778816,0,0,0,0,0,0,0,0,0.146777230806638,0,2.57065063268291e-05,0,0,0,0,0,0,0,0,0,0,0,0,0,0,6.01562128294539e-06,0,0,0,0,0,0,0,0,0,0.00120888432663521,0,0.208787568802455,0.0393716415996852,0.00367733350005475,1.39362162889624e-05,0.00369320475443027,0.000281205780305195,0.00184608195107383,0.000234412667850051,8.72286089587425e-05,0,0
0,0,0,0,0,0,0,0,0,0,0,0,0,0,0,0,0,0,0,0,0,0,0,0,0,0,0,0,0,0,0,0,0.00125295351470513,0.187403783364992,0,0,0.0022890853276222,0.00010819592221716,0.00245144485911396,0,0,0,0,0,0,0,0,0.06797316796827,0.00033413251117187,0,0,0,0,0,0,0,0,0,0,0,0,0,0,0,0,0,0,0,0,0,0,0,0,0,0,0.00185925635895036,0.0246210662386275,0.245274208061362,0.00010382018083678,0.0016090731735481,0,0.00279239712896461,0.00145095912033901,0,5.63443960636386e-06,0,0
0,0,0,0,0,9.30854046758997e-05,0,0,0,0,0,0.0014261909532513,0,0,0,0,1.95056409620762e-06,2.19010086919673e-05,8.0254700938654e-05,0.00638585682469725,0,0,0,0,0,0,1.05621949241114e-06,0,0,0,0,0.00202113694220192,0,0.00440563128627718,0,0,0,0.0102176178853827,0,0.000244712938250968,0,0.000101633554761308,0,0.000101070359320629,0,0.00127126671950944,0,0.000169451154555381,0,0.000371714128944737,0,0,0,0,0,0,0,3.05022120290055e-05,0,1.01823619623254e-05,0,0,0.00228066547632168,0,0,0,0,0,0,0,0,0,9.68341243238387e-07,0,0.000519463003789055,0,0.000856976456443568,0,0.0510217201893702,0,0.00660302043789422,0,0.00973504031510873,0.000945319380616727,0.000851349981750082,4.73103015863936e-05,0
1.39239416143632e-06,0,1.95650775615512e-06,0,1.01296764303991e-05,0,0,0,0,0,0.000318454482959367,0,0,0,0,0,6.31530801311424e-06,3.53742759653247e-06,0.000158746744734416,0,0.00627426043071269,0,0,0,2.95712938836389e-06,0,0,0,0,0,0,0,0.00224746334333059,0,0.0022890853276222,0,0,0,0.0114465892907587,0,0.000166003530316545,0,0.000172176229003177,2.46446043386441e-06,1.04156988891692e-05,0,0.00199937363161839,0.0012058259991936,0.000519056361560125,0.00040750877803917,0,0,0,0,0,0,6.35616708324331e-05,0,0,0,0,0,1.5340906905546e-06,0.00282644102678883,0,0,0,0,0,0,0,0,0,1.96149976107491e-06,0,0.00130454309075583,0,0.00149741718576615,0.000599215585611035,0.0633617076321548,0,0.000880046259598873,0.00955774568323875,0.000446188087691137,0.000581096970288058,0,1.13621329385912e-05
0,0,0,0,0,0,0,0,0,0.00107891597680454,0,0.0138248437922743,0,0,0,0,0,0,0,0.000944708078561565,0,0.0130027030516088,0,0.00315584559334148,0,0,0,0.000685202966650334,0,0.0031790772892786,0,0,0,0.00519065928840289,0.00010819592221716,0.0102176178853827,0,0,0.00110107753857296,0,0,0.000389775058735307,0,0,0,0,0,0.00393037023139793,0,0.00154641734370321,0,0,0,0,0,7.52452594677863e-05,0,0.000396554605444163,0,0,0,0,2.48811769411831e-05,0,0.00383819011653042,0,0.00165969063410015,0,0,0,2.01505471416325e-05,0,0.000726835123282188,0,0,0,0.00726178782129557,0,0.00592622104265851,0,0.0919013208961224,0.00013277141264509,0.00437316684323874,0.000289899762219113,0.00138488888606911,0,0
0,0,2.6627902690729e-06,0,0,0,0,0,0.00170681346203542,0,0.00887207560631726,0,0,0,0,0,0,0,1.19652459301344e-05,0,0.0019578008538744,0.000112815096073259,0.005497844486764,0,0.00273441245570004,0,0,0,0.000748325551108997,0,0.00185528114827143,0,0,0.000219337918778816,0.00245144485911396,0,0.0114465892907587,0.00110107753857296,0,0,8.59315564480232e-06,0,0.00162540955026063,0,0,0,0.000118297835739922,0.00175890449071526,0.00233020095859293,0,0,0,0,0,0.000256018310996062,0,0.00174759428925133,0,0,0,0,0,0,0.00086119762363089,0,0.000767121218166333,0,0.000559353432898226,0,0,0,0.00118030725651628,0,0.00042661534646282,0,0,4.07133441019354e-05,0.00251686391333597,0,0.00270914840674933,0,0.077425389515726,0.00634092021716435,0.00102935239384798,0.00234598717471587,0,5.01851011917847e-05
0,0,0,0.000446776247711704,0,0.00108967843643705,0,0,0,0,0,1.79419773234071e-05,0,0,0,0,0.000126605569128658,0.000379952013056594,0.00605938372833255,0.000421055719403803,0,0,0,0,0,0,0,0,0,0,0,0,0,0,0,0.000244712938250968,0,0,0,0,0,0.0256458610666306,7.70503647427646e-05,0.00229448486339615,2.74979100726705e-05,0.0174029131339852,1.8413452644756e-05,2.74975029719023e-05,0,0.0296500446909439,0,0.00151476049679524,0,0,0,0.000170902431007698,9.12376469192565e-06,0.000163123412710947,0,0.000196538100312596,0,8.4489668619429e-05,0.00925173311268283,0,0,0,0,0,0,0,0,0,0.000540100064526797,0,0,0,0,0,0.00550891612148105,3.89355898765295e-05,0.000999539606734747,0,0.000130050694372557,5.2686057369422e-07,0.0183383782327566,0.0129074667232699,0
5.98887168326212e-05,0,0.000662638224329819,0,0.00091773353490339,0,0,0,0,0,4.27281499306895e-05,0,0,0,0,0,0.000383401742692828,0.000480442879797636,0.0191867573874328,0,0.000915779366591734,0,0,0,0,0,0,0,0,0,0,0,0,0,0,0,0.000166003530316545,0,8.59315564480232e-06,0,0,0.000170301513226142,0.0649250145042442,0.000236270968997112,0.00273608845253225,0.000103057026674355,0.0412191694454365,0.00107112520869309,0.0278344650586534,0,3.02897998870916e-05,0,0,0,0,0,0.00135417975908977,0,0,1.30555650319124e-05,0,0,0.000103309621069904,0.00562872714821637,0,0,0,0,0,0,0,0,0,0.000865321204080339,0,0,0,0,0.000105015965685977,0.0093171371767565,1.23818047917487e-05,0.000747316629218098,0.000871821386423349,5.45563906790855e-05,0.0403782168238115,0.000153454516378354,0.0232930493901949
0,0.00190166434831975,0,0.000419306078459081,4.63609213302608e-05,0.00100928942090843,0,0,0,0,0,0,0,0,0,0,0.000414375711415649,0.00132558034422227,0.0166420124570908,4.93499476788705e-05,0,0,0,0,0,0,0,0,0,0,0,0,0,0,0,0.000101633554761308,0,0.000389775058735307,0,0.0256458610666306,0.000170301513226142,0,0.00657613527218376,0.00139037889972592,0,0.00373309542834227,9.13049244073136e-05,0.000591411852033728,0.000257506666981296,0.019056191504637,0,0.000756990649174396,0,0,0,7.63691526664174e-05,2.30593826933882e-05,0.0313626191119227,0,8.92598686448229e-05,0,3.01959668137026e-05,0.0143111957684727,0.000100785447432453,0,0,0,0,0,0,0.000349927668665002,0,0.0326237785808455,0,0,0,0,0,0.0145633539803496,5.50039148301875e-05,0.00851565274753486,8.28584019807238e-06,0.00234683326241248,1.08377355684268e-05,0.070294607135222,0.0412212622391031,1.67432334953059e-05
0.00237199285188786,0,0.00699670008986192,0,0.0018412439226809,0,0,0,0.00150159692610536,0,7.08979687704447e-05,0,0,0,0,0,0.00105378553682225,0.000504411720385172,0.023167855333299,0,0.000728079390377923,0,0,0,4.85153130552751e-05,0,0,0,0,0,0,0,0,0,0,0,0.000172176229003177,0,0.00162540955026063,7.70503647427646e-05,0.0649250145042442,0.00657613527218376,0,0.000236422612535245,0.000392479846772845,0.000111285366955111,0.0053315609277882,0.0141218470436502,0.0307047168250739,0.000236258960909102,0,0,0,0,0.000234932584955601,0,0.0271035069825839,0,0,0,0,0,0.000272117610130111,0.0154491505779295,0,0,0,0,0,0,0,0,5.24061770542511e-06,0.00827807362101633,0,0,0,0,7.2254151070327e-05,0.0135856502708287,1.21462844618612e-05,0.00142334055411555,0.00360910533825938,6.89240613882295e-05,0.102837383814008,0.000470528859912073,0.0802231287161013
0,0,0,0,0,0,0,0,0,0,0,0,0,0,0,0,0,0.000271657563143285,0.0102588671749713,0,0,0,0,0,0,0,0,0,0,0,0,0,0,0,0,0.000101070359320629,2.46446043386441e-06,0,0,0.00229448486339615,0.000236270968997112,0.00139037889972592,0.000236422612535245,0,0.000917920344795445,0.000115558988565361,0.000280687280910787,0,0,0.000188407526563788,0,0,0,0,0,0,0,5.76111099424498e-05,0,0,0,0,0.00172719820279358,0,0,0,0,0,0,0,0,0,0.0014105249124276,0,0,0,0,0,0.00409209816374876,4.46217640206424e-05,0.00203286293660545,0,9.99083784629038e-05,0,0.00458986261946125,0.00213968873436211,0
0,0,0,0,0,0,0,0,0,0,0,0,0,0,0,0,0,0,0.000368980787448048,0,0,0,0,0,0,0,0,0,0,0,0,0,0,0,0,0,1.04156988891692e-05,0,0,2.74979100726705e-05,0.00273608845253225,0,0.000392479846772845,0.000917920344795445,0,0,0.000324225507798556,0,0,0,0,0,0,0,0,0,0,0,0,0,0,0,0,7.97310161588134e-05,0,0,0,0,0,0,0,0,0,0.000396324748409702,0,0,0,0,4.37577032834423e-06,0.000651821862325523,0,8.1327098643384e-05,2.00212971741423e-06,0,0.000723900546671956,0,0
0,0,3.86963177731372e-05,0.000120205081432266,0,0.00033930988049687,0,0,0,0,0,9.43637844791261e-05,0,0,0,0,2.85533195947997e-05,0.000190254410724999,0.00163527326230584,0.000730444501712788,0,0,0,0,0,0,0,0,0,0,0,0,0,0,0,0.00127126671950944,0,0,0,0.0174029131339852,0.000103057026674355,0.00373309542834227,0.000111285366955111,0.000115558988565361,0,0,0.000222301862786187,0.000172786438162049,0.000153205609767412,0.00601482442615598,0,0.000234183383681851,0,0,0,8.60722239015566e-06,0,0.00174615738589807,0,0.000122623835529802,0,6.47423447473983e-05,0.0251598651781977,5.13058241757608e-06,0,0,0,0,0,0,0,0,0.0044724463154211,0,0,0,0,0,0.006365339093574,4.65184702730332e-05,0.00232243031464257,0,9.56081328235717e-05,0,0.0109917132916542,0.000364643356244395,0
0,0,1.18002091082856e-05,0,0.000225953300814354,0,0,0,0,0,0.000226397652793812,0,0,0,0,0,0.000277951830242498,0.000227427920018087,0.00730835561293563,0,0.00652804568092364,0,0,0,0,0,0,0,0,0,0,0,0,0,0,0,0.00199937363161839,0,0.000118297835739922,1.8413452644756e-05,0.0412191694454365,9.13049244073136e-05,0.0053315609277882,0.000280687280910787,0.000324225507798556,0.000222301862786187,0,0.000171407486014867,0.00698949109230136,0.00191047903942309,0,1.56573526338332e-05,0,0,0,0,0.00242000420245564,7.04878357097209e-05,0,4.80637842730555e-05,0,0,0.00015577401854165,0.0254419441973519,0,0,0,0,0,0,0,0,0,9.92025708753633e-05,0,0,0,0,9.99305266026664e-05,0.015610968030591,0,0.00088210222281572,0.00037308864552315,1.64157230609265e-05,0.0156980457977242,0.000133545342850983,0.00121819061768537
1.08478499209676e-05,0,0.000116351628209934,0,9.89656093423885e-05,0.000173047882660462,0,0,0,3.01486442377858e-05,0,0,0,0,0,0,0,0,0,0,1.34799667467609e-05,2.8894333284612e-05,0,0.000455106166930228,0,0,0,0,0,0,0,0.0256402291059326,0.0283958336367331,0.146777230806638,0.06797316796827,0.000169451154555381,0.0012058259991936,0.00393037023139793,0.00175890449071526,2.74975029719023e-05,0.00107112520869309,0.000591411852033728,0.0141218470436502,0,0,0.000172786438162049,0.000171407486014867,0,0.0936743099157101,0.0380778261703332,0,0.000565115470409115,0,0,5.93836024508384e-05,0,0.000326891453559382,0.0001941806300559,0,0,0,0,0,0.000108200210717301,1.77884722587458e-05,0,0.00151227874775299,0,0,0,0,0,0,1.0712079927645e-05,0.102371926250858,0.124480205855283,0.0663581060586398,0.0214465139070859,0.0105492878381484,0.00329292246406987,0.00482261930261568,0.00239815587830764,0.0015428818399137,0,0.0182284999287438,4.88075647439301e-05,5.91098125427767e-05
0.043967832869863,0,0.00289894746635556,0,0.000836483645226558,0.000113406323004944,0,0,0.00446974513827754,0,4.90845743822063e-05,0,0,0,0.00218913033857963,0,0,0,0.000399700462705307,0,0.00107033071169485,0,0.00143495526494646,0,0.00417265609976221,0,0,0,0,0,0,0,0,0,0.00033413251117187,0,0.000519056361560125,0,0.00233020095859293,0,0.0278344650586534,0.000257506666981296,0.0307047168250739,0,0,0.000153205609767412,0.00698949109230136,0.0936743099157101,0,0.00144197002526336,0,0,0,0,0.00512523993133207,0,0.00302909086951863,9.25949154751508e-05,0,0,0.000341201098247174,0,0.000200328924298717,0.000804913689026919,0,0.00199068367725415,0,0.00602617119866128,0,0.0102272162602565,0,0.00373848905032701,3.31420295500394e-05,0.00228656238680804,0,0.00134033490375779,0,1.32248431899037e-05,1.11117161797411e-06,0.000983699599067979,0,0.0157563723728911,0.00116165105488894,4.34521630384208e-06,0.0360511230428725,0,0.000383642954726394
0,0.0264642005690628,0.00040841675489986,0.0135604257943649,0.000224539583699454,0.0024801145008535,0,0,0,0.000170279505833251,5.49498566645231e-06,5.19355291748774e-06,0,0,0,0,0,2.04622234347812e-05,0.000302322944976031,0.000515363484356051,9.52489806342029e-05,0.000745218632310006,0,0.00962320401904514,0,0,0,0,0,0,0,0,0,2.57065063268291e-05,0,0.000371714128944737,0.00040750877803917,0.00154641734370321,0,0.0296500446909439,0,0.019056191504637,0.000236258960909102,0.000188407526563788,0,0.00601482442615598,0.00191047903942309,0.0380778261703332,0.00144197002526336,0,0,0.00203966999262835,0,0,0,0.00265134636056298,9.00362823021501e-05,0.0042023312980482,0,0.000272942841756372,0,0.00184040516503277,0.00235687307956365,0.000150335897705283,0.00111272493288576,0,0.00982208769295496,0,0.0110884856361403,0,0.00141941321705855,0,0.00172383961756005,0,0,0,7.15045211842503e-05,0,0.00482167032443009,4.29139151585093e-05,0.0044629663090309,0,0.000697657059804219,7.39389867262396e-07,0.032513432935955,0.00124862982506657,3.71320961913418e-05
0,0,0.0296646358057931,0,0.00325335576070954,0,0,0,0.00925171941413422,0,0,0,0,0,0.00157221345404351,0,0,0,0,0,0,0,0,0,0,0,0,0,0,0,0,0,0,0,0,0,0,0,0,0,3.02897998870916e-05,0,0,0,0,0,0,0,0,0,0,0,0,0,0.0137943024553965,0,0.000194237513518972,0,0.000134472671299757,0,0,0,0,3.3390623030259e-05,0,0,0,0,0,0,0,0,0,0,0,0,0,0,0,0,0,2.3382591640362e-06,0,0,0.00158362997377915,0,0
0,0,0,0.0101183572135114,0,0.0231778511589121,0,0,0,0,0,1.67588032609503e-05,0,0,0,0,0,2.28901799106279e-06,3.70590467466728e-05,0,0,0,0,0,0,0,0,0,0,0,0,0,0,0,0,0,0,0,0,0.00151476049679524,0,0.000756990649174396,0,0,0,0.000234183383681851,1.56573526338332e-05,0.000565115470409115,0,0.00203966999262835,0,0,0,0,0,0,1.05445605831634e-05,0.000260224522496772,0,0.000493642261775528,0,0.00715208866526008,0.001174877745412,0,0,0,0,0,0,0,0,0,0.000404484798010509,0,0,0,0,0,4.23889414808514e-05,8.94313140251422e-07,5.25450753471478e-05,7.38017599194202e-06,6.99394579725644e-06,0,0.00508636644882038,0.000229112382866797,0
0,0,0,0,0,0,0.0196698245436205,0,0,0,0.00940018612980532,0,0,0,0,0,0,0,0,0,0.000628582481493259,0,0,0,0,0,0,0,0,0,0,0,0,0,0,0,0,0,0,0,0,0,0,0,0,0,0,0,0,0,0,0,0,0,0,0,0.00133796468003671,0,0.000147398419358069,0,0,0,0,0.000123977004696431,0,0,0,0,0,0,0,0,0,0,0,0,0,0,0,0,0,0,0,0,0,0,0
0,0,0,0,0,0,0,0,0,0,0,0.00312174693803626,0,0,0,0,0,0,0,0,0,0,0,0,0,0,0,0,0,0,0,0,0,0,0,0,0,0,0,0,0,0,0,0,0,0,0,0,0,0,0,0,0,0,0,0,0,0.000936945286902444,0,0,0,0,0,0,0,0,0,0,0,0,0,0,0,0,0,0,0,0,0,0,0,0,0,0,0,0,0
0.0427234071872159,0,0.00909325604737059,0,0.000334888006294221,0,0,0,0.111648857856925,0,0,0,0,0,0.0165751694556132,0,0,0,0,0,0,0,0,0,0.0106982330677697,0,0.00208328044576111,0,0,0,0,0,0,0,0,0,0,0,0.000256018310996062,0,0,0,0.000234932584955601,0,0,0,0,5.93836024508384e-05,0.00512523993133207,0,0.0137943024553965,0,0,0,0,0,0,0,0,0,0.00302406884381836,0,0,0,0,0,0,0.00424525447318101,0,0,0,0,0,0,0,0,0,0,0,0,0,0.000255722153762198,8.50043864504887e-05,0,0.00218512727563188,0,0
0,0.0299059461602936,0,0.00476969041766898,0,0.00502361285917197,0,0,0,0.121156418044838,0,0,0,0,0,0.0104997983149011,0,0,0,0,0,0,0,0.0036658925431996,0,0,0,0,0,0,0,0,0,0,0,0,0,7.52452594677863e-05,0,0.000170902431007698,0,7.63691526664174e-05,0,0,0,8.60722239015566e-06,0,0,0,0.00265134636056298,0,0,0,0,0,0,0,3.98725059396303e-05,0,0,0,0.0507221179109723,0,0,0,0,0.0195817350633021,0,0,0,7.34755414137037e-05,0,0.000139667241432249,0,0,0,0,0,7.64652792622544e-06,0,0.000362587730327634,0,1.75160202383399e-05,0,0.00168690808922184,0,0
2.51508065607733e-05,0,0.00565477977052839,0,0.000862805403420126,0,0,0,0,0,0.10685963931584,0,0.00296900599806557,0,0,0,1.1511504731257e-05,2.14194750841037e-05,0.000425805869141245,0,0.0029529311924717,0,0,0,0,0,0,0,0.00143863153159757,0,0.00658552243158798,0,0,0,0,0,6.35616708324331e-05,0,0.00174759428925133,9.12376469192565e-06,0.00135417975908977,2.30593826933882e-05,0.0271035069825839,0,0,0,0.00242000420245564,0.000326891453559382,0.00302909086951863,9.00362823021501e-05,0.000194237513518972,1.05445605831634e-05,0.00133796468003671,0,0,0,0,6.84503296900286e-06,0.00194233112667971,0,0.000393787812104909,0,8.07654665115531e-06,0.0195025388991686,0,0,0,0,0,0,0,0.00183225748638498,7.76274223225875e-06,0.0100124808608889,0,0,0,0,2.50738685698687e-06,0.000167106106672535,1.57537990150064e-06,0.00015280027173971,0.000658952630250486,5.81397731452405e-06,0.0400878704024528,0,0.00547213909922163
0,0,0,0.000233727083392796,9.09324754479819e-06,0.000121649756940268,0,0,0,0,0,0.0702927445396503,0,7.72484127082862e-05,0,0,0,0,6.34520362872083e-05,0.00740280783943438,0,0,0,0,0,0,0,3.7418198039158e-05,0,0.00787936343302616,0,0,0,0,0,3.05022120290055e-05,0,0.000396554605444163,0,0.000163123412710947,0,0.0313626191119227,0,5.76111099424498e-05,0,0.00174615738589807,7.04878357097209e-05,0.0001941806300559,9.25949154751508e-05,0.0042023312980482,0,0.000260224522496772,0,0.000936945286902444,0,3.98725059396303e-05,6.84503296900286e-06,0,0,0.00312834720936735,0,6.63127875202757e-05,0.0507407196058724,0,0,0,0,0,0,0,0.00521854072283404,0,0.056442727616051,0,0,0,0,0,0.000204455367417847,1.16670989446951e-06,0.000256811321114349,0,0.000838321904929776,0.000127322397940668,0.0159803235404146,0.00326511978519546,0
0,0,0.00225764549908024,0,0,0,0,0,0,0,0,0,0.00733832877938859,0,0,0,0,0,0,0,0,0,0,0,0,0,0,0,7.46738745297057e-05,0,0,0,0,0,0,0,0,0,0,0,0,0,0,0,0,0,0,0,0,0,0.000134472671299757,0,0.000147398419358069,0,0,0,0.00194233112667971,0,0,0,7.20221150949298e-05,0,0,0,0,0,0,0,0,0,0,0.000434177367471891,0,0,0,0,0,0,0,0,0,0,0,0,1.83722371508102e-05,0,0
0,0,0,0.00300670692549663,0,0,0,0,0,0,0,0.000252375940471274,0,0.0017681764955402,0,0.00412379377613176,0,0,1.15447191591114e-05,0,0,0,0,0,0,0,0,0,0,0,0,0,0,0,0,1.01823619623254e-05,0,0,0,0.000196538100312596,1.30555650319124e-05,8.92598686448229e-05,0,0,0,0.000122623835529802,4.80637842730555e-05,0,0,0.000272942841756372,0,0.000493642261775528,0,0,0,0,0,0.00312834720936735,0,0,0,0.00767553179553834,0.0018096850999344,6.07484022443821e-06,0,0,0,0,0.000428237485451146,0,0,0,0.000115179284703962,0,0,0,0,0,2.7643374908362e-05,0,2.10877553490377e-05,0,0.000161321351172911,0,0.00297953483165857,5.0965885700089e-06,0
0.00204302667169689,0,0.00153361802608033,0,0,0,0,0,0.00496438920671074,0,0,0,0,0,0.063179604417335,0,0.000171020827800452,0,0,0,0,0,0,0,0,0,0.0001377410517307,0,0,0,0,0,0,0,0,0,0,0,0,0,0,0,0,0,0,0,0,0,0.000341201098247174,0,0,0,0,0,0.00302406884381836,0,0.000393787812104909,0,7.20221150949298e-05,0,0,0,0,0,0,0,0,0,0,0,0,0,0,0,0,0,0,0,0,0,0,0,1.93781734955466e-05,0,0,0,0
0,0.0172195210205798,0,0.0115292262920877,0,0,0,0,0,0.0202779732430561,0,0,0,0,0,0.000647266098462093,0.00011945488441873,0.000462249725584137,0,0,9.90185031128187e-06,0,0,0.000557113688346817,0,0.000139418770471801,0,0,0,0,0,0,0,0,0,0,0,0,0,8.4489668619429e-05,0,3.01959668137026e-05,0,0,0,6.47423447473983e-05,0,0,0,0.00184040516503277,0,0.00715208866526008,0,0,0,0.0507221179109723,0,6.63127875202757e-05,0,0.00767553179553834,0,0,1.55720052604052e-05,0,0,0,0.00104426862228361,0,0,0,0,0,1.6655896478172e-05,0,0,0,0,0,1.14517691388606e-05,0,5.51130081595822e-06,0,4.22740485697594e-05,0,0.000747989177163692,0,0
0,0,0,6.02004839186931e-05,4.56004198222887e-05,0.0027406301152057,0,0,0,0,0,0.00724713293998514,0,0,0,0,0.000167612544365756,0.000386612392623937,0.00483353266194285,0.0404264373566265,2.93901959348865e-05,0,0,0,0,0,0,0,0,0,0,0,0,0,0,0.00228066547632168,1.5340906905546e-06,2.48811769411831e-05,0,0.00925173311268283,0.000103309621069904,0.0143111957684727,0.000272117610130111,0.00172719820279358,0,0.0251598651781977,0.00015577401854165,0,0.000200328924298717,0.00235687307956365,0,0.001174877745412,0,0,0,0,8.07654665115531e-06,0.0507407196058724,0,0.0018096850999344,0,1.55720052604052e-05,0,8.55229120432203e-05,0,0,0,0,0,0,0.000120595388714196,0,0.0159845444224934,0,0,0,0,0,0.0169459815441267,7.85862982362902e-06,0.0137842556215751,0,0.000849307389706351,6.58465769393695e-07,0.0185614624759111,0.000966457157930888,1.22051172241277e-05
0,0,0.00191459219721222,0,0.00291471470211655,0,0.0025124630284784,0,0,0,0.00195658168917576,0,0,0,0,0,1.05085760922182e-05,3.2916265315095e-05,0.000485006268377705,0,0.0650178529620006,0,0,0,0,0,0,0,0,0,0,0,0,0,0,0,0.00282644102678883,0,0.00086119762363089,0,0.00562872714821637,0.000100785447432453,0.0154491505779295,0,7.97310161588134e-05,5.13058241757608e-06,0.0254419441973519,0.000108200210717301,0.000804913689026919,0.000150335897705283,3.3390623030259e-05,0,0.000123977004696431,0,0,0,0.0195025388991686,0,0,6.07484022443821e-06,0,0,8.55229120432203e-05,0,0,0,0,0,0,0,0,0,0,0.00172970324655705,0,0,0,0,0,0.0173432764963985,0,0.00108489978565977,0.000312083698503561,1.06390420753197e-06,0.0239102311351081,0,0.00343854247271496
0,0,0,0,0,0,0,0,0,0,0,0,0,0,0,0,0,0,0,0,0,0.0460793442758907,0.000606598408601809,0.00125785350347156,0,0.00283118260836362,0,0.00138483438591344,0,0,0,0,0,6.01562128294539e-06,0,0,0,0.00383819011653042,0,0,0,0,0,0,0,0,0,1.77884722587458e-05,0,0.00111272493288576,0,0,0,0,0,0,0,0,0,0,0,0,0,0,0,0,0.00102084336890407,0,0,0,0.000158690025002811,0,0,0,0,0,0,0,0,0,0.000680056099160889,0,0.000419149898812765,0,0,0,0
0,0,0,0,0,0,0,0,3.26524188461631e-05,0,0,0,0,0,0,0,0.00209141320117119,0.000155300984472345,0.000116831854257912,0,0,0,0.0637277560540326,0,0.000273653350004571,0,0.00100642163276174,0,0.00204018532687467,0,0,0,0,0,0,0,0,0,0.000767121218166333,0,0,0,0,0,0,0,0,0,0.00199068367725415,0,0,0,0,0,0,0,0,0,0,0,0,0,0,0,0,0,0,0.00342954174661547,0,2.31348254594232e-05,0,0.000507113831613122,0,0,0,0,0,0,0,0,0,0.000573035803377118,0.000499506071912674,0,0,0,0
0,0.0022402916961529,0,0,0,0,0,0,0,0.00636889271520735,0,0,0,0,0,0,0,0,0,0,0,0.0013021881405162,0,0.158548650703596,0,0.0220769331500285,0,0,0,0,0,0,0,0,0,0,0,0.00165969063410015,0,0,0,0,0,0,0,0,0,0.00151227874775299,0,0.00982208769295496,0,0,0,0,0,0.0195817350633021,0,0,0,0,0,0.00104426862228361,0,0,0.00102084336890407,0,0,0,0.0307571057774368,0,0,0,0,0,0,0,0,0,0,0,0.00598152424507989,0,0.000371741453861646,0,0.00177498255162162,0,0
0,0,0,0,0,0,0,0,0.000943102859742774,0,0,0,0,0,0,0,1.70384132234611e-05,0,0,0,0,0,0.0014343005169663,0,0.126443064754613,0,0.0228455060770726,0,0,0,0,0,0,0,0,0,0,0,0.000559353432898226,0,0,0,0,0,0,0,0,0,0.00602617119866128,0,0,0,0,0,0.00424525447318101,0,0,0,0,0,0,0,0,0,0,0.00342954174661547,0,0,0,0.00111340424007215,0,0,0,0,0,0,0,0,0,0,0,0.000163888808071839,9.8092643264633e-05,0,0.000665699977906456,0,0
0,0,0,0,0,0,0,0,0.000261423957105718,5.42742647610507e-05,0,0,0,0,0,0.00741161079444941,0.000808290745354842,0.0190590793674131,0.000592925084475458,0,0,0.000836826026770845,0,0.000657205140965786,0,0.0251732244979697,0.000179032844283264,0.00534101784005886,0,0,0,0,0,0,0,0,0,0,0,0,0,0,0,0,0,0,0,0,0,0.0110884856361403,0,0,0,0,0,0,0,0,0,0.000428237485451146,0,0,0,0,0,0,0.0307571057774368,0,0,0,0,0,0,0,0,0,0,0,0,0,0,0,0.000330481434169941,0,0.00038921197971594,0,0
