0,0,2.23019480705261,0,0,0,0,0,52.8910865783691,0,0,0,0,0,0,0,0,0,0,0,0,0,0,0,0,0,0,0,0,0,0,0,0,0,0,0,0,0,0,0,0,0,4.84911119937897,0,0,0,24.96713539958,0,187.141209840775,0,0,0,0,0,6.26118671894073,0,0,0,0,0,0,0,0,1.26016712188721,0,0,0,0,0,0,0,0,0,0,0,0,0,0,0,0,0,0,203.072712659836,0,179.302681326866,0,2.45078635215759
0,0,0,79.4610668420792,0,0,0,0,0,143.035303026438,0,1.02088057994843,0,0,0,0,0,0,0,0,0,0,0,7.22885358333588,0,0,0,0,0,0.63072007894516,0,0,0,0,0,0,0,2.3112960755825,0,0,0,59.0085587650537,0,0.460676610469818,0,0.457997173070908,0,0,0,61.1858620643616,0,0,0,0,0,150.524424821138,0,14.9022078663111,0,0,0,0,0.427826777100563,0,0,0,8.6070528626442,0,0,0,0,0,16.742406360805,0,0,0,0,0,32.6367401108146,0,18.0897972732782,0,221.314388588071,0,290.709224462509,0.243833273649216,0
2.23019480705261,0,0,0,36.64388230443,0,0,0,26.8670248985291,0,18.6790611296892,0,0,0,0,0,0,0,2.38001576066017,0,32.3875931352377,0,0,0,0,0,0,0,0,0,0,0,0,0,0,0,0,0,0.321738064289093,0,6.7196027636528,0.601502418518066,70.1477353572845,0,0,0,130.893320068717,6.30534702539444,92.8136384114623,31.7244621515274,26.1972541213036,0,0,0,9.14304208755493,0,37.2432779967785,0,0,0,0,0,0,59.8335075229406,0,0,0,0,0,0,0,0,0,0,0,0,0,1.27130162715912,0,38.1535865366459,0,4.69782543182373,105.212337575853,0.651189081370831,739.671894744039,0,0.519611462950706
0,79.4610668420792,0,0,0,0,0,0,0,0,0,0,0,0,0,0,0,0,0,0,0,0,0,0,0,0,0,0,0,0,0,0,0,0,0,0,0,0,0,2.93295338749886,0,18.2620237022638,0,0,0,13.0880576372147,0,0,0,44.8795742541552,0,0,0,0,0,0,0,36.6336783468723,0,0,0,0,0.171459421515465,0,0,0,0,0,0,0,0,0,1.04529514908791,0,0,0,0,0,2.75194716453552,0,1.63116711378098,0,78.8639844506979,0,241.496059522033,0,0
0,0,36.64388230443,0,0,0,0,0,0,0,0,0,0,0,0,0,0,0,0,0,0,0,0,0,0,0,0,0,0,0,0,0,0,0,0,0,0,0,0,0,0,0,1.94462633132935,0,0,0,0,0.31475305557251,1.10836084187031,0.480723023414612,47.3955995440483,0,0,0,0,0,10.3121527135372,0,0,0,0,0,0,4.2880694270134,0,0,0,0,0,0,0,0,0,0,0,0,0,0,0,0,0,0,34.4553806632757,0,219.818519204855,0,0
0,0,0,0,0,0,0,0,0,0,0,0,0,0,0,0,0,0,0,0,0,0,0,0,0,0,0,0,0,0,0,0,0,0,0,0,0,0,0,0,0,0,0,0,0,0,0,0,0,0,0,2,0,0,0,0,0,0,0,0,0,0,0,0,0,0,0,0,0,0,0,0,0,0,0,0,0,0,0,0,0,0,0,0,0,0,0
0,0,0,0,0,0,0,0,0,0,139.226531922817,0,0,0,0,0,0,0,0,0,0,0,0,0,0,0,0,0,0,0,0,0,0,0,0,0,0,0,0,0,0,0,0,0,0,0,0,0,0,0,0,0,4.40161752700806,0,0,0,0,0,15.5671067237854,0,0,0,0,0,0,0,0,0,0,0,0,0,0,0,0,0,0,0,0,0,0,0,0,0,0,0,0
0,0,0,0,0,0,0,0,0,0,0,0,0,0,0,0,0,0,0,0,0,0,0,0,0,0,0,0,0,0,0,0,0,0,0,0,0,0,0,0,0,0,0,0,0,0,0,0,0,0,0,0,0,0,0,0,0,0,0,0,0,0,0,0,0,0,0,0,0,0,0,0,0,0,0,0,0,0,0,0,0,0,0,0,0,0,0
52.8910865783691,0,26.8670248985291,0,0,0,0,0,0,0,0,0,0,0,4.15854498744011,0,162.776070415974,2.12920282781124,5.32341539859772,0,0,0.638062179088593,28.3020588606596,3.65818893909454,239.332042336464,0,23.5251161754131,0,0,0,0,0,0,0,0,0,0,0,46.3134528398514,0,0.292166650295258,0,106.701672673225,0,0,0,4.37082123756409,4.5687028169632,19.2462745606899,4.38184227049351,0,0,0,0,1111.58011028171,0,0,0,0,0,84.2567775249481,0,0,0.961113154888153,0,6.05676177144051,0,91.2347348034382,0,5.75084467232227,0,0,0,0,0,0,0,0,0,0,0,0,457.971306763589,0,139.486300945282,0,0
0,143.035303026438,0,0,0,0,0,0,0,0,0,0,0,0,0,88.0001996457577,22.9898893684149,268.867275446653,14.2550839036703,0,0,40.7299844175577,2.18175934255123,263.423190146685,6.24039620161057,58.5205155462027,0,0,0,0,0,0,0,0,0,0,0,4.33655297756195,0,0,0,0,0,0,0.324676066637039,0,0,0,0,37.2752220332623,0,0,0,0,0,399.411961421371,0,0,0,0,0,72.5974191278219,0,0,4.33358593285084,0,33.4490301758051,0.638735592365265,22.859503954649,0,0,0,0,0,0,0,0,0,0,0.46953247487545,21.2007376253605,0,586.468363329768,1.4502626657486,56.9262724220753,0,0
0,0,18.6790611296892,0,0,0,139.226531922817,0,0,0,0,0,0,0,0,0,2.11912599205971,0,13.4790314733982,0,137.64633217454,0,0,0,0,0,0,0,0,0,0,0,0,0,0,0,61.967399418354,0,571.967156559229,0,10.9921679496765,0,449.942882210016,0,16.1310262680054,0,153.26273457706,3.03860133886337,13.8378046452999,20.889451816678,0,0,0,0,0,0,1202.90929751098,0,0,0,0,0,0,77.5724546164274,0,0,0,0,0,0,0,0,0,2.97842818498611,0,0,0,0,1.39764849841595,35.9206998497248,0,1.9982715845108,320.683001033962,0,188.364908650517,0,240.838096305728
0,1.02088057994843,0,0,0,0,0,0,0,0,0,0,0,160.732369184494,0,0,0,0,1.50747632980347,75.5143535882235,0,0,0,0,0,0,0,55.8418357372284,0,117.820268332958,0,0,0,0,0,105.071728527546,0,419.540892735124,0,0,0,1.52739137411118,0,0,0,0,0,0,0,0.253327876329422,0,0,0,0,0,0,0,791.660866722465,0,1,0,0,32.8319429010153,0,0,0,0,0,0,0,0,0,193.159309983253,0,0,0,0,0,298.742843702435,0,165.025341421366,0,157.373045831919,8.30448412895203,0.378297567367554,3.11992847919464,0
0,0,0,0,0,0,0,0,0,0,0,0,0,0,134.934028148651,0,0,0,0,0,0,0,0,0,0,0,0,0,0,0,0,0,0,0,0,0,0,0,0,0,0,0,0,0,0,0,0,0,0,0,0,0,0,0,0,0,0,0,241.760052323341,0,0,0,0,0,0,0,0,0,0,0,0,0,0,0,0,0,0,0,0,0,0,0,10.9981169700623,0,0,0,0
0,0,0,0,0,0,0,0,0,0,0,160.732369184494,0,0,0,2,0,0,0,0,0,0,0,0,0,0,0,0,0,0,0,0,0,0,0,0,0,0,0,0,0,0,0,0,0,0,0,0,0,0,0,0,0,0,0,0,0,8.68966555595398,0,103.493200302124,0,0,0,0,0,0,0,0,1,0,0,0,0,0,0,0,0,0,0,0,0,0,72.1844139099121,89.0277493000031,0,0,0
0,0,0,0,0,0,0,0,4.15854498744011,0,0,0,134.934028148651,0,0,0,334.55741879344,3.41164362430573,4.90902274847031,0,0,0,29.3871586322784,3.69657963514328,66.7458623051643,0,97.9841417372227,0,0,0,0,0,0,0,0,0,0,0,0,0,0,0,1.2122106552124,0,0,0,0,0,0,0,0,0,0,0,0,0,0,0,0,0,84.457433372736,0,0,0,0,8.69765275716782,0,12.4135220646858,0,56.2482551634312,0,0,0,0,0,0,0,0,0,0,0,0,130.663801208138,0,0,3.06056237220764,0
0,0,0,0,0,0,0,0,0,88.0001996457577,0,0,0,2,0,0,0,85.3656660318375,0,0,0,14.7495103776455,0,10.1021683812141,0,133.634469181299,0,0,0,0,0,0,0,0,0,0,0,0,0,0,0,0,0,0,0,0,0,0,0,0,0,0,0,0,0,12.3382032066584,0,0,0,4,0,157.964011013508,0,0,1.84091556072235,0,0.960274040699005,0,83.9415410459042,0,0,0,0,0,0,0,0,0,0,0,0,0,120.438640385866,0,0,0,0
0,0,0,0,0,0,0,0,162.776070415974,22.9898893684149,2.11912599205971,0,0,0,334.55741879344,0,0,6646.42547918111,2731.66464054585,0,1.94333526492119,100.967390611768,898.677437022328,162.714118093252,537.531158536673,32.327977642417,1391.5224417448,0,0,0,0,0,0,0,0,3.64633306860924,0.265575289726257,0,0,2.62946707010269,34.8226265236735,70.2686582356691,115.360109008849,2.70092225074768,11.895415365696,0,0.318668186664581,0,1.4431573599577,0,0,0,0,0,19.8528103530407,0,0.179017528891563,0,0,0,59.1473354101181,0,11.1138908788562,0.296727940440178,13.6379353702068,90.0324075818062,4.67587077617645,78.0443807095289,0.808424979448318,521.949462354183,0,0,0,0,0,0,0,0,122.761719599366,138.45714110136,16.7321834489703,4.81309640407562,8027.30652255565,275.749836236238,43.4011699780822,12.6964010223746,6.71279035508633
0,0,0,0,0,0,0,0,2.12920282781124,268.867275446653,0,0,0,0,3.41164362430573,85.3656660318375,6646.42547918111,0,2184.13535705209,0,0,751.898824870586,186.105496972799,560.266888394952,102.543994784355,1630.70040406287,13.245591327548,2.12550640106201,0,0,0,0,0,0,0,0,0,0.282798618078232,0,2.6569742411375,21.7765850499272,65.0412724167109,41.4155438989401,3.99033913016319,4.47853653132915,0,0,0,1.7250394821167,0,0,0,0,0,0,0,0,0,0,0,0,47.641893863678,6.50256079435349,0,126.135598510504,21.7668136656284,74.4423155784607,6.07209005951881,677.973031818867,3.80434307456017,0,0,2.86772298812866,0,0,0,0,0,88.876643024385,64.4076523184776,21.9453972280025,2.50904843211174,7386.52298665047,128.578935012221,25.9594455733895,19.936763741076,4.22397069633007
0,0,2.38001576066017,0,0,0,0,0,5.32341539859772,14.2550839036703,13.4790314733982,1.50747632980347,0,0,4.90902274847031,0,2731.66464054585,2184.13535705209,0,0,7.79869541525841,21.0564379245043,135.725336641073,106.556720107794,89.8351538926363,4.80298438668251,28.4819503873587,0,0,0.568085730075836,0,0,0,0,0,6.7211961299181,1.12572260200977,0.368306338787079,5.11415766179562,122.430677428842,471.59711188823,1116.95454926789,1209.84099449962,52.3104668408632,152.961069047451,0,0,1.1942138671875,10.5152372717857,7.83793988823891,0,0,0,0,0,0,3.27118055522442,1.80234906077385,0,0,0,0,118.134473472834,8.64578273892403,4.48243893682957,21.8534785658121,0.992215901613235,10.7894108444452,1.12260961532593,5.4403625279665,0,0,8.56190481036901,0.754898995161057,0,0,0,0,1563.62396215647,1374.35373758525,242.299130424857,33.2697756290436,5404.41854602844,29.1378219127655,635.095074005425,312.422562852502,65.9646496027708
0,0,0,0,0,0,0,0,0,0,0,75.5143535882235,0,0,0,0,0,0,0,0,0,0,0,0,0,0,0,0,0,5.83184158802032,0,0,0,0,0,492.767604649067,0,76.2571314275265,0,0,0,0.68382927775383,0,0,0,1.65998502075672,0,0,0,0.106779463589191,0,0,0,0,0,0,0,230.183501139283,0,0,0,0,1323.70170637965,0,0,0,0,0,0,0,0,0,77.9741189032793,0,0,0,0,0,1501.84042274952,0,495.335450515151,0,38.6720092669129,0,1.36429090797901,0,0
0,0,32.3875931352377,0,0,0,0,0,0,0,137.64633217454,0,0,0,0,0,1.94333526492119,0,7.79869541525841,0,0,0,0.161071985960007,0,0,0,0,0,0,0,0,0,0,0,0,0,834.965100944042,0,69.5484113693237,0,10.1490168571472,0.21488045156002,456.359996333718,0,13.2756063938141,0,292.909355416894,2.48895987123251,16.8014797270298,18.1616851389408,0,0,0,0,0,0,67.8594843745232,0,0,0,0,0,0,826.85880830884,0,0,0,0,0,0,0,0,0,2.21760711073875,0,0,0,0,0,464.947421610355,0,105.478263378143,962.244435921311,1.79026409983635,386.478035673499,0,198.348716378212
0,0,0,0,0,0,0,0,0.638062179088593,40.7299844175577,0,0,0,0,0,14.7495103776455,100.967390611768,751.898824870586,21.0564379245043,0,0,0,517.432656794786,667.614549085498,11.698218241334,1364.20263957977,1.71034255623817,45.4967927336693,0,0,0,0,0,0,0,0,0,892.829215914011,0,0,0,0.881678342819214,1.15405946969986,0,0,0,0,0,0,19.2169337272644,0,0,0,0,0,0,0,0,0,0,0,0.994214296340942,0.211119130253792,0,5528.17561689019,4.24747401475906,275.444938629866,1.48910617828369,820.293796062469,0,10.0281618535519,0,0,0,0,0,0,0,0,0.942332714796066,963.622535675764,0,2155.8335705772,386.831076979637,0,0,0
0,0,0,0,0,0,0,0,28.3020588606596,2.18175934255123,0,0,0,0,29.3871586322784,0,898.677437022328,186.105496972799,135.725336641073,0,0.161071985960007,517.432656794786,0,44.8905670046806,799.787714391947,7.87045188248158,791.400696307421,0,10.7020179629326,0,0,0,0,0,0,0,0,54.6191825866699,706.458068758249,0,2.09938296675682,5.64179092645645,4.96875259280205,0,0.240526124835014,0,0,0,125.963457331061,0,0,0,0,0,0,0,0,0,0,0,5.15159669518471,0,0.594041287899017,0,12.750612527132,6082.47165928781,0,166.634004071355,0,380.991610631347,0,63.2830466032028,0,0,0,0,0,0,11.8004088550806,11.6027003750205,2.06369686126709,599.114212810993,2203.46964078397,208.835211083293,1.5682253241539,0.161876201629639,0
0,7.22885358333588,0,0,0,0,0,0,3.65818893909454,263.423190146685,0,0,0,0,3.69657963514328,10.1021683812141,162.714118093252,560.266888394952,106.556720107794,0,0,667.614549085498,44.8905670046806,0,85.7580513358116,440.54133541882,5.21406349539757,0,0,0,0,0,0,0,0,0,0,65.6283797323704,0,0,0,0,1.83935290575027,0,0,0,0,0,0,0.419542998075485,0,0,0,0,0,259.923833996058,0,0,0,0,0,0,0,0,223.989448428154,6.22363376617432,463.723432168365,5.54371827840805,211.427235275507,1.38348382711411,0,0,0,0,0,0,0.382177770137787,0,1.5394744426012,0.181848123669624,40.6640114337206,0,3280.19848766923,55.815345197916,16.1997967362404,0,0
0,0,0,0,0,0,0,0,239.332042336464,6.24039620161057,0,0,0,0,66.7458623051643,0,537.531158536673,102.543994784355,89.8351538926363,0,0,11.698218241334,799.787714391947,85.7580513358116,0,3.31872147321701,844.17470267415,0,0,0,0,0,0,0,0,0,0,0,76.6272975504398,0.171143084764481,0,0,0,0,0,0,0,0,0,0,0,0,0,0,24.2578882575035,0,0,0,0,0,17.4430562704802,0,0,0,1.13783979415894,411.898051798344,0.859398186206818,830.654166042805,0.781339526176453,482.739469364285,0,0,0,0,0,0,0,0,3.96119827032089,1.1079118847847,0,0,1895.74149386585,29.3651537895203,0,0,0
0,0,0,0,0,0,0,0,0,58.5205155462027,0,0,0,0,0,133.634469181299,32.327977642417,1630.70040406287,4.80298438668251,0,0,1364.20263957977,7.87045188248158,440.54133541882,3.31872147321701,0,0,3,0,0,0,0,0,0,0,0,0,0,0,0,0,0,0,0,0,0,0,0,0,0,0,0,0,0,0,1.23421692848206,0,0,0,0,0,18.4105789065361,0,0,578.910246878862,0.939970731735229,40.9177617430687,0,1453.5188229084,0,0,0,0,0,0,0,0,0,0,0,0,0,973.601921245456,4.89117589592934,0,0,0
0,0,0,0,0,0,0,0,23.5251161754131,0,0,0,0,0,97.9841417372227,0,1391.5224417448,13.245591327548,28.4819503873587,0,0,1.71034255623817,791.400696307421,5.21406349539757,844.17470267415,0,0,0,11.0215430557728,0,0,0,0,0,0,0,0,0,0,0,0,0,0.346162348985672,0,0,0,0,0,0,0,0,0,0,0,0,0,0,0,0,0,178.036738723516,0,0.147560179233551,0,0,282.115030929446,0,288.293201357126,0,2785.39811906219,0,0,0,0,0,0,0,0,1.07605341076851,0,0,0,571.569799795747,4.46249710023403,0.227908164262772,0,0
0,0,0,0,0,0,0,0,0,0,0,55.8418357372284,0,0,0,0,0,2.12550640106201,0,0,0,45.4967927336693,0,0,0,3,0,0,0,97.5907368659973,0,0,0,0,0,0,0,0,0,0,0,0,0,0,0,0,0,0,0,0,0,0,0,0,0,0,0,0,0,0,0,0,0,0,78.3966842889786,0,0,0,56.1662838459015,0,835.012035369873,0,0,0,0,0,0,0,0,0,0,0,58.1930253505707,42.0539660453796,0,0,0
0,0,0,0,0,0,0,0,0,0,0,0,0,0,0,0,0,0,0,0,0,0,10.7020179629326,0,0,0,11.0215430557728,0,0,0,0,0,0,0,0,0,0,0,0,0,0,0,0,0,0,0,0,0,0,0,0,0,0,0,0,0,0,0,0,0,0,0,0,0,0,17.9158477783203,0,0,0,1.0363601744175,0,18.4095996320248,0,0,0,0,0,0,0,0,0,0,4.55830064415932,0,0,0,0
0,0.63072007894516,0,0,0,0,0,0,0,0,0,117.820268332958,0,0,0,0,0,0,0.568085730075836,5.83184158802032,0,0,0,0,0,0,0,97.5907368659973,0,0,0,0,0,0,0,0,0,55.8826929777861,0,0,0,1.97828081250191,0,0,0,0,0,0,0,0.448168054223061,0,0,0,0,0,0,0,161.505555659533,0,0,0,0,6.04219441115856,0,0,0,0,0,0,0,4.22907066345215,0,162.102719917893,0,0,0,0,0,0,0,0,0,60.563464269042,0.322843313217163,0,2.82969930768013,0
0,0,0,0,0,0,0,0,0,0,0,0,0,0,0,0,0,0,0,0,0,0,0,0,0,0,0,0,0,0,0,0,0,0,0,0,0,0,2.26883460581303,0,0.569633543491364,0,9.01470246911049,0,0.235523760318756,0,0,0,0,0,0,0,0,0,0,0,0,0,0,0,0,0,0,0,0,0,0,0,0,0,0,0,0,47.8470094203949,0,0,0,0,0,0,0,11.7901833355427,0.721126317977905,0,4.33697071671486,0,9.50546218454838
0,0,0,0,0,0,0,0,0,0,0,0,0,0,0,0,0,0,0,0,0,0,0,0,0,0,0,0,0,0,0,0,1212.58478531241,167.081865057349,23.1610044538975,205.316978216171,6.75846803188324,0,0,1.29787486791611,0,0,0,0,0,0,0,1038.2394887954,0,5.05363163352013,0,0,0,0,0,0,0,0,0,0,0,0,0,0,0,0,0,0,0,0,0,0,0,0,3472.57771290839,879.158345267177,278.198492631316,73.4663601815701,2932.38238437474,0,1.25501808524132,0,1026.12715555727,0,0,0,0
0,0,0,0,0,0,0,0,0,0,0,0,0,0,0,0,0,0,0,0,0,0,0,0,0,0,0,0,0,0,0,1212.58478531241,0,40.494438201189,241.311910703778,6.47943079471588,563.170468762517,0,0,0,0.272524625062943,0,0,0,0,0,0,3054.47586335242,44.6082424372435,0,0,0,0,0,0,0,0,0,0,0,0,0,0,0,0,0,0,0,0,0,0,0,0,0,536.57011076808,3879.26784005761,27.5833986252546,1220.50522615016,27.9594464302063,19.1593480557203,0,1.96301782131195,786.956000164151,0,0.800310283899307,0,0
0,0,0,0,0,0,0,0,0,0,0,0,0,0,0,0,0,0,0,0,0,0,0,0,0,0,0,0,0,0,0,167.081865057349,40.494438201189,0,4221.11794656515,203.963222920895,53.5835455060005,78.2240875661373,2.01396122574806,0,0,3.87100191414356,0,0,0,0,0,2021.04626320302,5.11398337781429,97.129537910223,0,0,0,0,0,0,0,0,0,0,0,0,0,0,0,0,0,0,0,0,0,0,0,0,71.9722086191177,56.488187789917,6028.51562212408,2902.03851433098,262.654150396585,6.51785281300545,627.066519707441,79.8403699845076,809.42714086175,0,6.66532976925373,0,0
0,0,0,0,0,0,0,0,0,0,0,0,0,0,0,0,0,0,0,0,0,0,0,0,0,0,0,0,0,0,0,23.1610044538975,241.311910703778,4221.11794656515,0,0,495.682737842202,0.57160496711731,66.10367513448,0,0,0,3.65206709504128,0,0,0,0,1314.05970323086,189.328273177147,0,0,0,0,0,0,0,0,0,0,0,0,0,0,0,0,0,0,0,0,0,0,0,0,0,1.91936498880386,16.6833259016275,1787.44090019166,4828.83541356772,53.9737076461315,343.429990485311,8.71199595928192,334.588621549308,522.447214752436,2.67982250452042,8.3052244335413,0,0
0,0,0,0,0,0,0,0,0,0,0,105.071728527546,0,0,0,0,3.64633306860924,0,6.7211961299181,492.767604649067,0,0,0,0,0,0,0,0,0,0,0,205.316978216171,6.47943079471588,203.963222920895,0,0,146.912162572145,1988.35420201719,0,69.2245404422283,0,40.1548752337694,0,1.46195155382156,0,4.70274595916271,0,5.39788198471069,0,10.1592645943165,0,0,0,0,0,0,0,8.97423531115055,0,0,0,0,258.713949017227,0,0,0,0,0,0,0,0,0,0.127099141478539,0,2.05354671180248,0,16.0846847593784,0,11301.9689003304,8.65361788868904,385.190895751119,0,6048.37914893776,2244.38324093819,126.768713138998,14.8697563111782,0
0,0,0,0,0,0,0,0,0,0,61.967399418354,0,0,0,0,0,0.265575289726257,0,1.12572260200977,0,834.965100944042,0,0,0,0,0,0,0,0,0,0,6.75846803188324,563.170468762517,53.5835455060005,495.682737842202,146.912162572145,0,0,904.235868468881,1.61004245281219,0.411154210567474,0.643988072872162,5.43266206979752,0,3.56509871780872,0,14.9176449924707,214.625208824873,8.94014845788479,86.6580122113228,0,0,0,0,0,0,0,0,0,0,0,0,0,97.5513956546783,0,0,0,0,0,0,0,0,0,0,11.100890532136,124.045377671719,1.7160303145647,213.287120431662,86.6407333314419,16162.8931441605,0,306.748558193445,4283.84687205404,943.194090284407,122.78833809495,0,0.171267181634903
0,2.3112960755825,0,0,0,0,0,0,0,4.33655297756195,0,419.540892735124,0,0,0,0,0,0.282798618078232,0.368306338787079,76.2571314275265,0,892.829215914011,54.6191825866699,65.6283797323704,0,0,0,0,0,55.8826929777861,0,0,0,78.2240875661373,0.57160496711731,1988.35420201719,0,0,374.453701496124,0.217749729752541,0,69.2767831683159,0,0,0,0,0,2.748529702425,0,189.92507392168,0,0,0,0,0,2.80646488070488,0,1.04317258298397,0,0,0,0,58.2633535414934,0,227.047078624368,0,1.34207284450531,0,0,0,9.12631368637085,0,0,0,0,0,307.450069800019,0,453.432707503438,0,9600.19706204534,40.5547885894775,2604.98361968249,466.610326513648,211.339515775442,10.2532693296671,0
0,0,0.321738064289093,0,0,0,0,0,46.3134528398514,0,571.967156559229,0,0,0,0,0,0,0,5.11415766179562,0,69.5484113693237,0,706.458068758249,0,76.6272975504398,0,0,0,0,0,2.26883460581303,0,0,2.01396122574806,66.10367513448,0,904.235868468881,374.453701496124,0,0,2.31142884492874,0,315.003563657403,0,1.51842951774597,0,18.4594340324402,61.6950054317713,339.011752292514,0,0,0,0,0,0,0,9.39059033989906,0,0,0,0,0,0,34.9793230593204,0,203.490995019674,0,18.961171656847,0,0,0,0,0,7,0,0,0,506.202905036509,0,205.37927827239,16.1489548683167,5538.52652941644,2112.28369125724,226.578797712922,45.1416848897934,0,27.8745260834694
0,0,0,2.93295338749886,0,0,0,0,0,0,0,0,0,0,0,0,2.62946707010269,2.6569742411375,122.430677428842,0,0,0,0,0,0.171143084764481,0,0,0,0,0,0,1.29787486791611,0,0,0,69.2245404422283,1.61004245281219,0.217749729752541,0,0,2.64617004990578,406.712687671185,8.71669767796993,0,0,131.197611629963,0,82.7792439162731,0,1018.16073222458,0,0,0,0,0,0,0,15.567511215806,0,0,0,0,24.9441928714514,0,0,0,0,0,0,0,0,0,9.94784957170486,0,0,0,0,0,3192.71985206008,8.61238946020603,72.5471168160439,0,92.7532300800085,0,525.542305618525,48.3902023732662,0
0,0,6.7196027636528,0,0,0,0,0,0.292166650295258,0,10.9921679496765,0,0,0,0,0,34.8226265236735,21.7765850499272,471.59711188823,0,10.1490168571472,0,2.09938296675682,0,0,0,0,0,0,0,0.569633543491364,0,0.272524625062943,0,0,0,0.411154210567474,0,2.31142884492874,2.64617004990578,0,51.4545852392912,2041.85331186652,2.96779125928879,51.5367467701435,0,65.0238259509206,85.9963784664869,601.165269523859,2.18906528502703,0,0,0,0,0,0,6.20672412216663,0.237150266766548,0,0,0,0,2.33037526905537,42.2567308321595,0,0.395779579877853,0,0,0,0,0,0,0,21.8233935534954,0,0,0,0,51.1418770775199,810.46862617135,11.2537871301174,300.271923154593,246.340032570064,0,927.4495613873,7.17267084121704,228.94394531846
0,59.0085587650537,0.601502418518066,18.2620237022638,0,0,0,0,0,0,0,1.52739137411118,0,0,0,0,70.2686582356691,65.0412724167109,1116.95454926789,0.68382927775383,0.21488045156002,0.881678342819214,5.64179092645645,0,0,0,0,0,0,1.97828081250191,0,0,0,3.87100191414356,0,40.1548752337694,0.643988072872162,69.2767831683159,0,406.712687671185,51.4545852392912,0,320.945727974176,50.3041930198669,4.52969768643379,72.6855080127716,0,109.327547281981,9.23597094416618,1113.31276767701,0,0,0,0,0,0,0,907.396109551191,0,0,0,0,387.254981294274,1.1357304751873,0,1.43269848823547,0,0,0,0,0,0,1193.84380596876,0.300417423248291,0,0,19.9935479909182,0,3562.93911973387,113.547997698188,2469.22629122436,7.27034582197666,1519.85601975024,0,6019.31529116631,1135.68719542772,2.76382237672806
4.84911119937897,0,70.1477353572845,0,1.94462633132935,0,0,0,106.701672673225,0,449.942882210016,0,0,0,1.2122106552124,0,115.360109008849,41.4155438989401,1209.84099449962,0,456.359996333718,1.15405946969986,4.96875259280205,1.83935290575027,0,0,0.346162348985672,0,0,0,9.01470246911049,0,0,0,3.65206709504128,0,5.43266206979752,0,315.003563657403,8.71669767796993,2041.85331186652,320.945727974176,0,8.89838065207005,76.1355770230293,0,91.1879609376192,218.082939013839,737.930452361703,10.9733677133918,0,0,0,0,5.56762267649174,0,381.717818915844,0.700704157352448,0,0,0,0,40.6401115953922,835.054486006498,0,0,6.34449577331543,0,0,0,0,0,1.41304178535938,47.0247369706631,0,0,0.262254983186722,92.7585192769766,157.613869450986,5742.14332164079,34.2167952656746,567.079304754734,2216.82450461388,1.32772725820541,5042.79521077126,19.6333606541157,2253.73311705887
0,0.460676610469818,0,0,0,0,0,0,0,0,0,0,0,0,0,0,2.70092225074768,3.99033913016319,52.3104668408632,0,0,0,0,0,0,0,0,0,0,0,0,0,0,0,0,1.46195155382156,0,0,0,0,2.96779125928879,50.3041930198669,8.89838065207005,0,0.223952129483223,0,0,0,0.853805541992188,1.61347484588623,0,0,0,0,0,0,0,0,0,0,0,0,0,0.206048905849457,0,0,0,0,0,0,0,0,2.0033253133297,0,0,0,0,0,64.8769807294011,6.47434222698212,17.614751085639,0,76.507986843586,0,22.2228965163231,3.2900467813015,0
0,0,0,0,0,0,0,0,0,0.324676066637039,16.1310262680054,0,0,0,0,0,11.895415365696,4.47853653132915,152.961069047451,0,13.2756063938141,0,0.240526124835014,0,0,0,0,0,0,0,0.235523760318756,0,0,0,0,0,3.56509871780872,0,1.51842951774597,0,51.5367467701435,4.52969768643379,76.1355770230293,0.223952129483223,0,0,0,0,4.96139006316662,1.25532403588295,0,0,0,0,0,0,1.47868852317333,0,0,0,0,0,0.380160585045815,2.89300924539566,0,0,0,0,0,0,0,0,0,0,0,0,0,0,7.9348561912775,592.46290640533,0.608819141983986,9.31759618222713,84.1108797937632,0.958030894398689,43.0780552178621,3.54551124572754,6.27969098091125
0,0.457997173070908,0,13.0880576372147,0,0,0,0,0,0,0,0,0,0,0,0,0,0,0,1.65998502075672,0,0,0,0,0,0,0,0,0,0,0,0,0,0,0,4.70274595916271,0,0,0,131.197611629963,0,72.6855080127716,0,0,0,0,0,0,0,34.3501964360476,0,0,0,0,0,0,0,56.1278892382979,0,0,0,0,244.49474517256,0,0,0,0,0,0,0,0,0,14.2539365664124,0,0,0,0,0,9.49215365946293,0,2.64086797088385,0,10.7879246473312,0,67.7340028434992,0,0
24.96713539958,0,130.893320068717,0,0,0,0,0,4.37082123756409,0,153.26273457706,0,0,0,0,0,0.318668186664581,0,0,0,292.909355416894,0,0,0,0,0,0,0,0,0,0,0,0,0,0,0,14.9176449924707,0,18.4594340324402,0,65.0238259509206,0,91.1879609376192,0,0,0,0,5.82835454493761,37.7052522301674,76.3882817476988,0,0,0,0,0,0,48.5324870795012,0,0,0,0,0,0,1512.70337820053,0,0,0,0,0,0,0,0,0,0.280001789331436,0,0,0,0,0,2498.14676839858,0,20.5683810412884,86.9910702556372,0.537683121860027,502.900297142565,0,7.69073201715946
0,0,6.30534702539444,0,0.31475305557251,0,0,0,4.5687028169632,0,3.03860133886337,0,0,0,0,0,0,0,1.1942138671875,0,2.48895987123251,0,0,0,0,0,0,0,0,0,0,1038.2394887954,3054.47586335242,2021.04626320302,1314.05970323086,5.39788198471069,214.625208824873,2.748529702425,61.6950054317713,82.7792439162731,85.9963784664869,109.327547281981,218.082939013839,0,0,0,5.82835454493761,0,1330.64426769316,919.693974733353,0,0,0,0,0,0,0,1.41848956048489,0,0,0,0,2.64429259300232,5.05964045971632,0,0,0,0,0,0,0,0,1.86415901780128,0,302.266422621906,2896.55955891311,1376.59580422938,925.881442204118,1253.6448103115,749.970825321972,396.815107703209,99.4394703656435,601.34804905951,12.4192686378956,363.246631681919,0,0
187.141209840775,0,92.8136384114623,0,1.10836084187031,0,0,0,19.2462745606899,0,13.8378046452999,0,0,0,0,0,1.4431573599577,1.7250394821167,10.5152372717857,0,16.8014797270298,0,125.963457331061,0,0,0,0,0,0,0,0,0,44.6082424372435,5.11398337781429,189.328273177147,0,8.94014845788479,0,339.011752292514,0,601.165269523859,9.23597094416618,737.930452361703,0.853805541992188,4.96139006316662,0,37.7052522301674,1330.64426769316,0,19.8343113064766,0,0,0,0,0,0,22.3767503201962,0,0,0,0,0,0,46.1264605745673,0,129.805305600166,0,3.10784983634949,0,0,0,0,0,7.87490621209145,0,0,0,90.9846264868975,0,537.807329930365,0,546.191100761294,560.403219245374,0.47853784263134,1665.27341327816,0,0.21504046022892
0,61.1858620643616,31.7244621515274,44.8795742541552,0.480723023414612,0,0,0,4.38184227049351,37.2752220332623,20.889451816678,0.253327876329422,0,0,0,0,0,0,7.83793988823891,0.106779463589191,18.1616851389408,19.2169337272644,0,0.419542998075485,0,0,0,0,0,0.448168054223061,0,5.05363163352013,0,97.129537910223,0,10.1592645943165,86.6580122113228,189.92507392168,0,1018.16073222458,2.18906528502703,1113.31276767701,10.9733677133918,1.61347484588623,1.25532403588295,34.3501964360476,76.3882817476988,919.693974733353,19.8343113064766,0,0,0,0,0,0,0.573742628097534,0.247041463851929,288.566403411329,0,0,0,50.7412450611591,102.216518960893,35.3286955803633,2,0,35.3826870918274,0,0,0,1,0,368.175872482359,0,13.7988100796938,0,378.852225646377,0.722758293151855,547.318716540933,20.0901494398713,872.209176257253,0.320590183138847,454.455590799451,0.831205546855927,2231.82459574938,3.04479441046715,0.228523716330528
0,0,26.1972541213036,0,47.3955995440483,0,0,0,0,0,0,0,0,0,0,0,0,0,0,0,0,0,0,0,0,0,0,0,0,0,0,0,0,0,0,0,0,0,0,0,0,0,0,0,0,0,0,0,0,0,0,0,0,0,0,0,3.31909373402596,0,0,0,0,0,0,0,0,0,0,0,0,0,0,0,0,0,0,0,0,0,0,0,0,0,144.927253246307,0,34.3239738494158,0,0
0,0,0,0,0,2,0,0,0,0,0,0,0,0,0,0,0,0,0,0,0,0,0,0,0,0,0,0,0,0,0,0,0,0,0,0,0,0,0,0,0,0,0,0,0,0,0,0,0,0,0,0,0,0,0,0,0,0,0,0,0,0,0,0,0,0,0,0,0,0,0,0,0,0,0,0,0,0,0,0,0,0,0,0,0,0,0
0,0,0,0,0,0,4.40161752700806,0,0,0,0,0,0,0,0,0,0,0,0,0,0,0,0,0,0,0,0,0,0,0,0,0,0,0,0,0,0,0,0,0,0,0,0,0,0,0,0,0,0,0,0,0,0,0,0,0,0,0,79.868381023407,0,0,0,0,0,0,0,0,0,0,0,0,0,0,0,0,0,0,0,0,0,0,0,0,0,0,0,0
0,0,0,0,0,0,0,0,0,0,0,0,0,0,0,0,0,0,0,0,0,0,0,0,0,0,0,0,0,0,0,0,0,0,0,0,0,0,0,0,0,0,0,0,0,0,0,0,0,0,0,0,0,0,0,0,0,0,0,0,0,0,0,0,0,0,0,0,0,0,0,0,0,0,0,0,0,0,0,0,0,0,0,0,0,0,0
6.26118671894073,0,9.14304208755493,0,0,0,0,0,1111.58011028171,0,0,0,0,0,0,0,19.8528103530407,0,0,0,0,0,0,0,24.2578882575035,0,0,0,0,0,0,0,0,0,0,0,0,0,0,0,0,0,5.56762267649174,0,0,0,0,0,0,0,0,0,0,0,0,0,0,0,0,0,0,0,0,0,0,0,0,11.0447410941124,0,0,0,0,0,0,0,0,0,0,0,0,0,0,58.2359373122454,0,19.7307782173157,0,0
0,150.524424821138,0,0,0,0,0,0,0,399.411961421371,0,0,0,0,0,12.3382032066584,0,0,0,0,0,0,0,259.923833996058,0,1.23421692848206,0,0,0,0,0,0,0,0,0,0,0,2.80646488070488,0,0,0,0,0,0,0,0,0,0,0,0.573742628097534,0,0,0,0,0,0,0,0,0,0,0,12.5041702389717,0,0,0,0,48.9354509413242,0,0,0,0,0,0,0,0,0,0,0,0,0,12.105063855648,0,9.78643271327019,0,3.25601550936699,0,0
0,0,37.2432779967785,0,10.3121527135372,0,0,0,0,0,1202.90929751098,0,0,0,0,0,0.179017528891563,0,3.27118055522442,0,67.8594843745232,0,0,0,0,0,0,0,0,0,0,0,0,0,0,0,0,0,9.39059033989906,0,6.20672412216663,0,381.717818915844,0,1.47868852317333,0,48.5324870795012,0,22.3767503201962,0.247041463851929,3.31909373402596,0,0,0,0,0,0,0,0,0,0,0,0,65.0198442935944,0,0,0,0,0,0,0,0,0,45.2826271653175,0,0,0,0,1.57311725616455,4.82903397083282,0,0,12.4498335197568,0.223193362355232,1008.12301777303,0,114.668700963259
0,14.9022078663111,0,36.6336783468723,0,0,0,0,0,0,0,791.660866722465,0,8.68966555595398,0,0,0,0,1.80234906077385,230.183501139283,0,0,0,0,0,0,0,0,0,161.505555659533,0,0,0,0,0,8.97423531115055,0,1.04317258298397,0,15.567511215806,0.237150266766548,907.396109551191,0.700704157352448,0,0,56.1278892382979,0,1.41848956048489,0,288.566403411329,0,0,0,0,0,0,0,0,0,78.1017496585846,0,42.5578400492668,728.514050021768,0,0,0,0,0,0,0,12.6306535601616,0,897.731068506837,0,0,0,0,0,5.02437564730644,0,29.5667004138231,0,86.410845823586,10.7428827285767,753.352136038244,45.8931519836187,0
0,0,0,0,0,0,15.5671067237854,0,0,0,0,0,241.760052323341,0,0,0,0,0,0,0,0,0,0,0,0,0,0,0,0,0,0,0,0,0,0,0,0,0,0,0,0,0,0,0,0,0,0,0,0,0,0,0,79.868381023407,0,0,0,0,0,0,0,3,0,0,0,0,0,0,0,0,0,0,0,0,0,0,0,0,0,0,0,0,0,11.4556288719177,0,0,0,0
0,0,0,0,0,0,0,0,0,0,0,1,0,103.493200302124,0,4,0,0,0,0,0,0,0,0,0,0,0,0,0,0,0,0,0,0,0,0,0,0,0,0,0,0,0,0,0,0,0,0,0,0,0,0,0,0,0,0,0,78.1017496585846,0,0,0,0,0,0,0,0,0,0,0,0,19.8052733540535,0,0,0,0,0,0,0,0,0,0,0,0,0,0,0,0
0,0,0,0,0,0,0,0,84.2567775249481,0,0,0,0,0,84.457433372736,0,59.1473354101181,0,0,0,0,0,5.15159669518471,0,17.4430562704802,0,178.036738723516,0,0,0,0,0,0,0,0,0,0,0,0,0,0,0,0,0,0,0,0,0,0,0,0,0,0,0,0,0,0,0,3,0,0,0,0,0,0,2.63840019702911,0,7.0321509540081,0,302.751574218273,0,0,0,0,0,0,0,0,0,0,0,0,18.1478054225445,0,0,0,0
0,0,0,0,0,0,0,0,0,72.5974191278219,0,0,0,0,0,157.964011013508,0,47.641893863678,0,0,0,0.994214296340942,0,0,0,18.4105789065361,0,0,0,0,0,0,0,0,0,0,0,0,0,0,0,0,0,0,0,0,0,0,0,50.7412450611591,0,0,0,0,0,12.5041702389717,0,42.5578400492668,0,0,0,0,0,0,0,0,0,0,51.3990861177444,0,0,0,0,0,0,0,0,0,0,0,0,0,61.9977702498436,0,0,0,0
0,0.427826777100563,0,0.171459421515465,0,0,0,0,0,0,0,32.8319429010153,0,0,0,0,11.1138908788562,6.50256079435349,118.134473472834,1323.70170637965,0,0.211119130253792,0.594041287899017,0,0,0,0.147560179233551,0,0,6.04219441115856,0,0,0,0,0,258.713949017227,0,58.2633535414934,0,24.9441928714514,2.33037526905537,387.254981294274,40.6401115953922,0,0.380160585045815,244.49474517256,0,2.64429259300232,0,102.216518960893,0,0,0,0,0,0,0,728.514050021768,0,0,0,0,0,0,0,0.137504667043686,0,0,0,0,0,0,326.432931348681,0,0,0,0,0,2062.11669573188,13.7904014512897,788.60015437752,0,147.304968170822,0,714.240736655891,18.6379775553942,0
1.26016712188721,0,59.8335075229406,0,4.2880694270134,0,0,0,0.961113154888153,0,77.5724546164274,0,0,0,0,0,0.296727940440178,0,8.64578273892403,0,826.85880830884,0,0,0,0,0,0,0,0,0,0,0,0,0,0,0,97.5513956546783,0,34.9793230593204,0,42.2567308321595,1.1357304751873,835.054486006498,0.206048905849457,2.89300924539566,0,1512.70337820053,5.05964045971632,46.1264605745673,35.3286955803633,0,0,0,0,0,0,65.0198442935944,0,0,0,0,0,0,0,0,0,0,0,0,0,0,0,0,5.23202559351921,0,0,0,0,1.84414064884186,3213.40266595781,0,12.3648680448532,176.290088959038,0.429553672671318,1195.65615671873,0.179352000355721,65.7528254389763
0,0,0,0,0,0,0,0,0,4.33358593285084,0,0,0,0,0,1.84091556072235,13.6379353702068,126.135598510504,4.48243893682957,0,0,5528.17561689019,12.750612527132,223.989448428154,1.13783979415894,578.910246878862,0,78.3966842889786,0,0,0,0,0,0,0,0,0,227.047078624368,0,0,0,0,0,0,0,0,0,0,0,2,0,0,0,0,0,0,0,0,0,0,0,0,0,0,0,0.985673844814301,13.4557996988297,0,268.818427726626,0,61.533645093441,0,0,0,0,0,0,0,0,0,506.914817526937,0,352.291549265385,65.336453795433,0,0,0
0,0,0,0,0,0,0,0,6.05676177144051,0,0,0,0,0,8.69765275716782,0,90.0324075818062,21.7668136656284,21.8534785658121,0,0,4.24747401475906,6082.47165928781,6.22363376617432,411.898051798344,0.939970731735229,282.115030929446,0,17.9158477783203,0,0,0,0,0,0,0,0,0,203.490995019674,0,0.395779579877853,1.43269848823547,0,0,0,0,0,0,129.805305600166,0,0,0,0,0,0,0,0,0,0,0,2.63840019702911,0,0.137504667043686,0,0.985673844814301,0,0,127.297802507877,0,174.702812150121,0,8.30428051948547,0,0,0,0,0,0,5.49853983521461,0,0,456.731202661991,378.71632489562,1.26205633580685,0,0,0
0,8.6070528626442,0,0,0,0,0,0,0,33.4490301758051,0,0,0,0,0,0.960274040699005,4.67587077617645,74.4423155784607,0.992215901613235,0,0,275.444938629866,0,463.723432168365,0.859398186206818,40.9177617430687,0,0,0,0,0,0,0,0,0,0,0,1.34207284450531,0,0,0,0,6.34449577331543,0,0,0,0,0,0,35.3826870918274,0,0,0,0,0,48.9354509413242,0,0,0,0,0,0,0,0,13.4557996988297,0,0,0,23.0023579597473,0,0,0,0,0,0,0,0,0,0.613862216472626,0,8.89626088738441,0,278.628995031118,1.7925705909729,3.52206993103027,0,0
0,0,0,0,0,0,0,0,91.2347348034382,0.638735592365265,0,0,0,0,12.4135220646858,0,78.0443807095289,6.07209005951881,10.7894108444452,0,0,1.48910617828369,166.634004071355,5.54371827840805,830.654166042805,0,288.293201357126,0,0,0,0,0,0,0,0,0,0,0,18.961171656847,0,0,0,0,0,0,0,0,0,3.10784983634949,0,0,0,0,0,11.0447410941124,0,0,0,0,0,7.0321509540081,0,0,0,0,127.297802507877,0,0,0,116.047820359468,0,0,0,0,0,0,0,0,0,0,0,2,375.108727738261,0.445257186889648,1,0,0
0,0,0,0,0,0,0,0,0,22.859503954649,0,0,0,1,0,83.9415410459042,0.808424979448318,677.973031818867,1.12260961532593,0,0,820.293796062469,0,211.427235275507,0.781339526176453,1453.5188229084,0,56.1662838459015,0,0,0,0,0,0,0,0,0,0,0,0,0,0,0,0,0,0,0,0,0,0,0,0,0,0,0,0,0,0,0,0,0,51.3990861177444,0,0,268.818427726626,0,23.0023579597473,0,0,0,0,0,0,0,0,0,0,0,0,0,0,0,371.795094147325,1.91299414634705,0,0,0
0,0,0,0,0,0,0,0,5.75084467232227,0,0,0,0,0,56.2482551634312,0,521.949462354183,3.80434307456017,5.4403625279665,0,0,0,380.991610631347,1.38348382711411,482.739469364285,0,2785.39811906219,0,1.0363601744175,0,0,0,0,0,0,0,0,0,0,0,0,0,0,0,0,0,0,0,0,0,0,0,0,0,0,0,0,0,0,0,302.751574218273,0,0,0,0,174.702812150121,0,116.047820359468,0,0,0,176.960045516491,0,0,0,0,0,0,0.729389607906342,0,0,0,337.685409411788,0,0,0,0
0,0,0,0,0,0,0,0,0,0,0,0,0,0,0,0,0,0,0,0,0,10.0281618535519,0,0,0,0,0,835.012035369873,0,4.22907066345215,0,0,0,0,0,0,0,9.12631368637085,0,0,0,0,0,0,0,0,0,0,0,1,0,0,0,0,0,0,0,12.6306535601616,0,19.8052733540535,0,0,0,0,61.533645093441,0,0,0,0,0,0,0,356.520652234554,0,0,0,0,0,0,0,55.6103452444077,0,94.6749501228333,0,0,0,0
0,0,0,0,0,0,0,0,0,0,0,0,0,0,0,0,0,0,0,0,0,0,63.2830466032028,0,0,0,0,0,18.4095996320248,0,0,0,0,0,0,0,0,0,0,0,0,0,0,0,0,0,0,0,0,0,0,0,0,0,0,0,0,0,0,0,0,0,0,0,0,8.30428051948547,0,0,0,176.960045516491,0,0,0,0,0,0,0,0,0,0,0,0,0,0,0,0,0
0,16.742406360805,0,1.04529514908791,0,0,0,0,0,0,0,193.159309983253,0,0,0,0,0,2.86772298812866,8.56190481036901,77.9741189032793,0,0,0,0,0,0,0,0,0,162.102719917893,0,0,0,0,0,0.127099141478539,0,0,0,9.94784957170486,0,1193.84380596876,1.41304178535938,2.0033253133297,0,14.2539365664124,0,1.86415901780128,0,368.175872482359,0,0,0,0,0,0,0,897.731068506837,0,0,0,0,326.432931348681,0,0,0,0,0,0,0,356.520652234554,0,0,0,0,0,1.06453129649162,0,16.6547142118216,1.59661285579205,875.080705478787,0,65.4037406072021,0.363611668348312,665.650209344923,220.654758542776,0
0,0,0,0,0,0,0,0,0,0,2.97842818498611,0,0,0,0,0,0,0,0.754898995161057,0,2.21760711073875,0,0,0,0,0,0,0,0,0,47.8470094203949,0,0,0,0,0,0,0,7,0,21.8233935534954,0.300417423248291,47.0247369706631,0,0,0,0.280001789331436,0,7.87490621209145,0,0,0,0,0,0,0,45.2826271653175,0,0,0,0,0,0,5.23202559351921,0,0,0,0,0,0,0,0,0,0,0,0,0,0,0,0,0,90.9412462860346,0.702993467450142,0,138.562649831176,0,29.4618087857962
0,0,0,0,0,0,0,0,0,0,0,0,0,0,0,0,0,0,0,0,0,0,0,0,0,0,0,0,0,0,0,3472.57771290839,536.57011076808,71.9722086191177,1.91936498880386,2.05354671180248,11.100890532136,0,0,0,0,0,0,0,0,0,0,302.266422621906,0,13.7988100796938,0,0,0,0,0,0,0,0,0,0,0,0,0,0,0,0,0,0,0,0,0,0,0,0,0,11.6222241520882,74.9494315385818,5.74467277526855,645.302631914616,1.85465894639492,0.379522278904915,0,327.147107467055,0,0,0,0
0,0,0,0,0,0,0,0,0,0,0,0,0,0,0,0,0,0,0,0,0,0,0,0,0,0,0,0,0,0,0,879.158345267177,3879.26784005761,56.488187789917,16.6833259016275,0,124.045377671719,0,0,0,0,0,0,0,0,0,0,2896.55955891311,0,0,0,0,0,0,0,0,0,0,0,0,0,0,0,0,0,0,0,0,0,0,0,0,0,0,11.6222241520882,0,3.71802097558975,264.40765760839,5.96004575490952,37.5269634276628,0,0,981.377281263471,0,0,0,0
0,0,0,0,0,0,0,0,0,0,0,0,0,0,0,0,0,0,0,0,0,0,0,0.382177770137787,0,0,0,0,0,0,0,278.198492631316,27.5833986252546,6028.51562212408,1787.44090019166,16.0846847593784,1.7160303145647,307.450069800019,0,0,0,19.9935479909182,0.262254983186722,0,0,0,0,1376.59580422938,0,378.852225646377,0,0,0,0,0,0,0,0,0,0,0,0,0,0,0,0,0,0,0,0,0,0,1.06453129649162,0,74.9494315385818,3.71802097558975,0,458.837600901723,602.829463914037,0,873.402360200882,33.1132293641567,312.046465232968,0,13.1033112257719,0,0
0,0,1.27130162715912,0,0,0,0,0,0,0,0,0,0,0,0,0,0,0,0,0,0,0,0,0,0,0,0,0,0,0,0,73.4663601815701,1220.50522615016,2902.03851433098,4828.83541356772,0,213.287120431662,0,506.202905036509,0,0,0,92.7585192769766,0,0,0,0,925.881442204118,90.9846264868975,0.722758293151855,0,0,0,0,0,0,0,0,0,0,0,0,0,0,0,0,0,0,0,0,0,0,0,0,5.74467277526855,264.40765760839,458.837600901723,0,5.49661427736282,408.295839622617,0,876.262031786144,551.997000813484,0,29.5599934607744,0,0
0,32.6367401108146,0,2.75194716453552,0,0,0,0,0,0,1.39764849841595,298.742843702435,0,0,0,0,122.761719599366,88.876643024385,1563.62396215647,1501.84042274952,0,0,11.8004088550806,1.5394744426012,3.96119827032089,0,1.07605341076851,0,0,0,0,2932.38238437474,27.9594464302063,262.654150396585,53.9737076461315,11301.9689003304,86.6407333314419,453.432707503438,0,3192.71985206008,51.1418770775199,3562.93911973387,157.613869450986,64.8769807294011,7.9348561912775,9.49215365946293,0,1253.6448103115,0,547.318716540933,0,0,0,0,0,0,1.57311725616455,5.02437564730644,0,0,0,0,2062.11669573188,1.84414064884186,0,5.49853983521461,0.613862216472626,0,0,0.729389607906342,0,0,16.6547142118216,0,645.302631914616,5.96004575490952,602.829463914037,5.49661427736282,0,154.273294515908,1183.35484947264,3.85933405160904,2441.38138290495,1072.79679701477,1623.23878390342,991.423602059484,6.32187962532043
0,0,38.1535865366459,0,0,0,0,0,0,0.46953247487545,35.9206998497248,0,0,0,0,0,138.45714110136,64.4076523184776,1374.35373758525,0,464.947421610355,0.942332714796066,11.6027003750205,0.181848123669624,1.1079118847847,0,0,0,0,0,0,0,19.1593480557203,6.51785281300545,343.429990485311,8.65361788868904,16162.8931441605,0,205.37927827239,8.61238946020603,810.46862617135,113.547997698188,5742.14332164079,6.47434222698212,592.46290640533,0,2498.14676839858,749.970825321972,537.807329930365,20.0901494398713,0,0,0,0,0,0,4.82903397083282,0,0,0,0,0,13.7904014512897,3213.40266595781,0,0,0,0,0,0,0,0,1.59661285579205,0,1.85465894639492,37.5269634276628,0,408.295839622617,154.273294515908,0,19.232069209218,144.98156607151,3782.43301071972,448.692106291652,816.382060617208,32.9220018386841,417.523758888245
0,18.0897972732782,0,1.63116711378098,0,0,0,0,0,21.2007376253605,0,165.025341421366,0,0,0,0,16.7321834489703,21.9453972280025,242.299130424857,495.335450515151,0,963.622535675764,2.06369686126709,40.6640114337206,0,0,0,0,0,0,0,1.25501808524132,0,627.066519707441,8.71199595928192,385.190895751119,0,9600.19706204534,16.1489548683167,72.5471168160439,11.2537871301174,2469.22629122436,34.2167952656746,17.614751085639,0.608819141983986,2.64086797088385,0,396.815107703209,0,872.209176257253,0,0,0,0,0,12.105063855648,0,29.5667004138231,0,0,0,0,788.60015437752,0,506.914817526937,0,8.89626088738441,0,0,0,55.6103452444077,0,875.080705478787,0,0.379522278904915,0,873.402360200882,0,1183.35484947264,19.232069209218,0,2.40162453055382,1145.74733182043,59.7525522559881,796.701313219965,1237.10093961656,0
0,0,4.69782543182373,0,0,0,0,0,0,0,1.9982715845108,0,0,0,0,0,4.81309640407562,2.50904843211174,33.2697756290436,0,105.478263378143,0,599.114212810993,0,0,0,0,0,0,0,11.7901833355427,0,1.96301782131195,79.8403699845076,334.588621549308,0,306.748558193445,40.5547885894775,5538.52652941644,0,300.271923154593,7.27034582197666,567.079304754734,0,9.31759618222713,0,20.5683810412884,99.4394703656435,546.191100761294,0.320590183138847,0,0,0,0,0,0,0,0,0,0,0,0,0,12.3648680448532,0,456.731202661991,0,2,0,0,0,0,0,90.9412462860346,0,0,33.1132293641567,876.262031786144,3.85933405160904,144.98156607151,2.40162453055382,0,635.734125301242,1.60969346761703,650.990545272827,0,371.648066490889
