0,0,0.209696623976483,0,0.207154378294945,0,0,0,0.235035973012892,0,0,0,0,0,0.182761897998197,0,0.357469098908561,0.299085646867752,0.466802983482679,0,0,0,0,0,0,0,0,0,0,0,0,0,0,0,0,0,0.427668035030365,0,0.46332777539889,0,0,0,0.326496135592461,0,0,0,0,0,0.199624230080548,0,0.221260651325186,0,0,0,0.267970531553301,0,0.20393492535847,0,0.203068314120173,0,0.202072907260984,0,0,0,0,0,0,0,0,0.204015628287667,0,0,0,0.489138066768646,0,0,0,0,0,0.485094257763454,0,0.491388708353043,0.324126237309447,0.319694489240646,0.291627364572199,0,0
0,0,0,0.196728909122092,0,0.171950724720955,0,0,0,0.259928838073392,0,0,0,0,0,0.307053575913111,0.291487753391266,0,0.355211168527603,0.499002724885941,0,0.337330559889476,0,0.404187980678774,0,0.332031557957331,0,0,0,0,0,0,0,0,0,0.341541320085526,0,0.401581159202001,0,0.434228923171759,0,0.365257969138606,0,0,0,0.293756574392319,0,0,0,0.321393444867308,0,0,0,0,0,0.259903555104123,0,0.425269901752472,0,0.38933436359678,0,0.195337733117546,0.359167665243149,0,0.329124748706818,0,0.363233102894411,0,0.413357102557233,0,0.391576902733909,0,0.450641691684723,0,0,0,0,0,0.39586678147316,0,0.501871437237069,0,0.304812230750134,0.332498759031296,0.403371845177788,0.36075296998024,0
0.209696623976483,0,0,0,0.181909909876792,0,0,0,0.213488750257774,0,0,0,0,0,0,0,0,0,0,0,0,0,0,0,0,0,0,0,0,0,0,0,0,0,0,0,0.116880621016026,0,0,0,0,0,0.386892050504684,0,0,0,0,0,0.234212331119038,0,0.19700463116169,0,0,0,0.26659546373412,0,0.204179875552654,0,0.206391721963882,0,0,0,0,0,0,0,0,0,0,0,0,0,0,0,0,0,0,0,0,0,0,0,0.153031293029359,0.185285691171885,0.160253719068491,0,0
0,0.196728909122092,0,0,0,0.243281637864,0,0,0,0.209889053906265,0,0,0,0,0,0,0,0,0.32025571167469,0.339891463518143,0,0,0,0.330977737903595,0,0,0,0,0,0,0,0,0,0,0,0.260159212164581,0,0.332707685232162,0,0.229123363892237,0,0.319811178979121,0,0.281730860471725,0,0.291670161883036,0,0.222501829266548,0.256629906594753,0.264086830757913,0,0.308306730845395,0,0,0,0.20115744812148,0,0.323273343258891,0,0.313813680171967,0,0.297498748551013,0.293967219916257,0,0,0,0.34466327726841,0,0.320827443152666,0,0.339409470069604,0,0.347739272392713,0,0,0,0,0,0.258692915737629,0,0.356686428189278,0,0.194468452049805,0.273664210330356,0.253154648281237,0.296899370849133,0
0.207154378294945,0,0.181909909876792,0,0,0,0,0,0.231383512914181,0,0,0,0,0,0,0,0,0,0,0,0.302271884900552,0,0,0,0,0,0,0,0,0,0,0,0,0,0,0,0.273823350667953,0,0,0,0,0,0.240130409598351,0,0,0,0.227728468179703,0,0,0,0.181858610255378,0,0,0,0.188128439380842,0,0.24112081900239,0,0.194676712155342,0,0,0,0,0.287986968278885,0,0,0,0,0,0,0,0.294006854295731,0,0.287117163340251,0,0,0,0,0,0,0,0.354316368699074,0.211556456636551,0,0.216604102311105,0,0
0,0.171950724720955,0,0.243281637864,0,0,0,0.237713037679593,0,0.17417040479377,0,0,0,0.178817495703697,0,0.258300509590369,0,0,0,0.256803459922473,0,0,0,0,0,0,0,0,0,0,0,0,0,0,0,0.249170874555906,0,0,0,0.247210994362831,0,0.298018723726273,0,0,0,0.232916618386904,0,0,0,0.17138517444784,0,0.215059884509338,0,0.231106822689374,0,0.176575141958892,0,0.375213470037391,0,0.273011237382889,0,0.172732155770063,0.262148998379707,0,0,0,0,0,0,0,0.321912238995234,0,0,0,0,0,0,0,0.229866832494736,0,0,0,0.214689802666995,0.220541906853517,0.220322897988502,0,0
0,0,0,0,0,0,0,0,0,0,0.223241446649327,0,0,0,0,0,0,0,0,0,0.23365243524313,0,0,0,0,0,0,0,0,0,0,0,0,0,0,0,0.227831353743871,0,0,0,0,0,0,0,0,0,0,0,0,0,0,0,0.247702832319843,0,0,0,0.226934004288453,0,0,0,0,0,0,0.338165625929832,0,0,0,0,0,0,0,0,0,0,0,0,0,0,0,0,0,0,0.243837863984315,0,0,0,0
0,0,0,0,0,0.237713037679593,0,0,0,0,0,0,0,0,0,0,0,0,0,0.189127092914922,0,0,0,0,0,0,0,0,0,0,0,0,0,0,0,0,0,0,0,0,0,0,0,0,0,0,0,0,0,0,0,0.252739968533451,0,0.220941492663524,0,0,0,0.222963872883055,0,0.170894868671894,0,0,0.202246995134787,0,0,0,0,0,0,0,0,0,0,0,0,0,0,0,0,0,0,0,0.203558792114632,0.242290889414457,0,0,0
0.235035973012892,0,0.213488750257774,0,0.231383512914181,0,0,0,0,0,0,0,0,0,0.22111588568089,0,0.202401513716139,0.196093631061641,0.223346997990863,0,0,0,0.254933872818947,0,0.168584179992859,0,0.188565162907947,0,0.140828207135201,0,0,0,0,0,0,0,0,0,0.247329543607357,0,0,0,0.317874830961227,0,0,0,0.255500078201294,0,0.237741455883427,0,0.248519518054449,0,0,0,0.292858432252101,0,0.21804024875164,0,0.216835814714432,0,0.233179565243147,0,0,0.42899215221405,0,0,0,0.19064885902184,0,0.227309785833295,0,0,0,0,0,0,0,0,0.345944404602051,0.302763640880585,0,0.245591640472412,0.203102519935683,0.210768406093121,0.183846097259007,0,0.262120169401169
0,0.259928838073392,0,0.209889053906265,0,0.17417040479377,0,0,0,0,0,0,0,0,0,0.21288394309919,0,0.246506293182788,0.348392349481583,0,0,0,0,0.259612607094091,0,0.194165754334887,0,0,0,0,0,0,0,0,0,0.348243981599808,0,0.314329104203927,0,0,0,0.282918393399034,0,0,0,0.347270548343658,0,0,0,0.261003065411215,0,0.218764646351337,0,0,0,0.296567037832812,0,0.36649289727211,0,0.357749116420746,0,0.238683958670923,0.325586706399918,0,0,0,0.274250203667723,0,0.216101082436966,0,0.362234264612198,0,0,0,0,0,0,0,0,0,0.318989964371378,0,0.220883594257032,0.280391274227036,0.323741664678589,0.247422392169634,0
0,0,0,0,0,0,0.223241446649327,0,0,0,0,0,0.249383629922815,0,0,0,0,0,0,0,0.131519097144957,0,0,0,0,0,0,0,0,0,0,0,0,0,0,0,0.225419257581234,0,0.173761753115191,0,0,0,0,0,0,0,0,0,0,0,0,0,0,0,0,0,0.201221493289479,0,0.244610288313457,0,0,0,0,0.143296179175377,0,0,0,0,0,0,0,0,0,0.148048101559929,0,0,0,0,0,0,0,0,0.205739636998079,0,0.23829397559166,0,0
0,0,0,0,0,0,0,0,0,0,0,0,0,0.226561832087716,0,0,0,0,0,0.181464113656757,0,0,0,0,0,0,0,0.245781668489522,0,0.252475117359843,0,0,0,0,0,0,0,0.261618236874367,0,0,0,0,0,0,0,0,0,0,0,0,0,0,0,0.21243030577898,0,0,0,0.22790081159001,0,0.218252460065956,0,0,0.226364357879868,0,0,0,0,0,0,0,0.246861934661865,0,0.139229260829847,0,0,0,0,0,0,0,0.308559650182724,0,0.227329770212996,0,0,0,0
0,0,0,0,0,0,0,0,0,0,0.249383629922815,0,0,0,0.157896921038628,0,0.146593749523163,0,0,0,0,0,0,0,0,0,0,0,0.152124628424644,0,0,0,0,0,0,0,0,0,0,0,0,0,0,0,0,0,0,0,0,0,0,0,0,0,0,0,0,0,0.216438983293141,0,0,0,0,0,0,0,0,0,0,0,0,0,0,0,0,0,0,0,0,0,0,0,0.162409390012423,0,0,0,0
0,0,0,0,0,0.178817495703697,0,0,0,0,0,0.226561832087716,0,0,0,0.256337814033031,0,0,0,0,0,0,0,0,0,0.283894538879395,0,0.20326362028718,0,0,0,0,0,0,0,0,0,0,0,0,0,0,0,0,0,0,0,0,0,0,0,0,0,0,0,0,0,0.25006702542305,0,0.237462989361683,0,0.260114853132156,0,0,0,0,0,0,0.244381979107857,0,0,0,0,0,0,0,0,0,0,0,0,0,0.18119274576505,0.201485306024551,0,0,0
0.182761897998197,0,0,0,0,0,0,0,0.22111588568089,0,0,0,0.157896921038628,0,0,0,0.150536065471191,0.194866998837544,0.233553861578306,0,0,0,0,0,0,0,0,0,0.143742173910141,0,0,0,0,0,0,0,0,0,0,0,0,0,0,0,0,0,0,0,0.236642688512802,0,0,0,0,0,0.242403802026457,0,0,0,0.217888176441193,0,0.19726599752903,0,0,0,0,0,0,0,0,0.174997419118881,0,0,0,0,0,0,0,0,0,0,0,0,0.160634701634013,0.162489645561929,0,0,0
0,0.307053575913111,0,0,0,0.258300509590369,0,0,0,0.21288394309919,0,0,0,0.256337814033031,0,0,0,0.234478697180748,0,0,0,0.254515320062637,0,0.198782785236835,0,0.243315920926804,0,0,0,0,0,0,0,0,0,0,0,0,0,0,0,0,0,0,0,0,0,0,0,0.272944500048955,0,0,0,0,0,0.181570073455265,0,0,0,0.251211642275883,0,0.289305834685797,0,0,0.261155158281326,0,0.177375574906667,0,0.267345285108641,0,0,0,0,0,0,0,0,0,0,0,0,0,0.241232911102912,0.238129180338648,0,0,0
0.357469098908561,0.291487753391266,0,0,0,0,0,0,0.202401513716139,0,0,0,0.146593749523163,0,0.150536065471191,0,0,0.186368139791301,0.268984489613694,0,0,0,0,0,0.224539304992794,0,0.18294172865503,0,0.143775153491232,0,0,0,0,0,0,0.380673825740814,0.361010678789832,0.361645132303238,0.385414067436667,0.307262527942657,0.31663855702378,0.323096135487923,0.312826045823318,0.302087998815945,0.330011349916458,0.288913396852357,0.3221903860569,0,0.360696745546241,0.370989918708801,0,0,0,0,0.204704860584778,0,0.318972378969193,0,0,0,0.196350730955601,0,0.347940786017312,0.35524794459343,0,0,0,0.21859972178936,0.33800083398819,0,0.376954421401024,0,0,0.367772201697032,0,0,0,0,0.353145500788322,0.37777565662251,0.386542303995653,0.397486249605815,0.227885340501082,0.181642825365024,0.358902556881789,0,0.306821089982986
0.299085646867752,0,0,0,0,0,0,0,0.196093631061641,0.246506293182788,0,0,0,0,0.194866998837544,0.234478697180748,0.186368139791301,0,0.28766655192539,0,0,0.198256480699009,0,0.212226892268755,0,0.215394418927568,0.187182024121284,0,0,0,0,0,0,0,0,0,0.369554181893667,0.26191832870245,0.380191713571548,0.291166726499796,0.315014163653056,0.322200204644884,0.308701500296593,0.296941112726927,0.284853756427765,0.294145569205284,0.274577543139458,0,0.454190462827682,0,0,0,0,0,0.187491789460182,0.311172246932983,0,0,0,0,0,0,0.328500363561842,0.287234038114548,0.20887544232866,0,0.204887625575066,0,0.203348385472153,0,0,0,0.32931937277317,0.374692776373454,0,0,0,0,0.352475465834141,0.358058986663818,0.374400600790977,0.358358454704285,0.223187590390492,0.161609980992652,0.328283540183498,0.289429649710655,0.248312965035439
0.466802983482679,0.355211168527603,0,0.32025571167469,0,0,0,0,0.223346997990863,0.348392349481583,0,0,0,0,0.233553861578306,0,0.268984489613694,0.28766655192539,0,0.386070311069489,0,0.364260047674179,0,0,0,0,0.233111653476954,0,0,0,0,0,0,0,0,0.383383718798461,0.374139979710946,0.424973444296763,0.390860167872004,0.357872608528342,0.311972351252348,0.296706885369432,0.27264553533877,0.275478457790964,0.304477221501155,0.280220340405192,0.301366447725079,0,0.376994108030053,0.441432413293256,0,0,0,0,0,0.360313445329666,0.347089514136314,0.323635091384252,0,0.367991983890533,0.20491598546505,0.289342880249023,0.355737880561031,0.305855393409729,0,0,0.363634914159775,0,0.362450818930353,0,0.435166475673517,0.381838502252803,0.479806036930385,0.413319370226015,0,0.477711766958237,0,0,0.396704513325321,0.380333443843589,0.462038043059613,0.421264508937268,0.27464286843861,0.266116976210049,0.384687001116368,0.246434096693993,0.247126870013617
0,0.499002724885941,0,0.339891463518143,0,0.256803459922473,0,0.189127092914922,0,0,0,0.181464113656757,0,0,0,0,0,0,0.386070311069489,0,0,0,0,0,0,0,0,0,0,0.114888183772564,0,0,0,0,0,0.182386279735767,0,0.238695572301043,0,0.228771157562733,0,0.29890846957763,0,0,0,0.33810754910563,0,0,0.192366197705269,0.247531825304031,0,0,0,0,0,0,0,0.175769583400443,0,0,0,0,0.269133499894942,0,0,0,0,0,0,0,0,0,0.326228976249695,0,0,0,0,0,0.235629939083421,0,0.29929100592167,0,0.206736170156644,0,0.194416273200051,0,0
0,0,0,0,0.302271884900552,0,0.23365243524313,0,0,0,0.131519097144957,0,0,0,0,0,0,0,0,0,0,0,0,0,0,0,0,0,0,0,0,0,0,0,0,0,0.152870627110486,0,0.157508828511862,0,0.24076572060585,0,0,0,0,0,0.223445597229545,0,0,0,0,0,0,0,0,0,0.148862309513554,0,0,0,0,0,0,0.218720377482147,0,0,0,0,0,0,0,0,0,0.154368772181039,0,0,0,0,0,0.197883438613846,0,0.196470301460337,0.239047728301514,0.224753113683834,0.237649076982685,0,0
0,0.337330559889476,0,0,0,0,0,0,0,0,0,0,0,0,0,0.254515320062637,0,0.198256480699009,0.364260047674179,0,0,0,0.0728920493274927,0.205952407316352,0,0.259421067318589,0,0.247723454977297,0,0,0,0,0,0,0,0,0,0.318636064943498,0,0,0,0,0,0,0,0,0,0,0,0.364654219150543,0,0,0,0,0,0,0,0,0,0,0,0.303355321288109,0.32555416226387,0,0.238187957885319,0,0.150714120183815,0,0.271796854347444,0,0.267754996041794,0,0,0,0,0,0,0,0.317586839199066,0,0.340078479713864,0,0.203327349598328,0.216696363108951,0.324938513835271,0,0
0,0,0,0,0,0,0,0,0.254933872818947,0,0,0,0,0,0,0,0,0,0,0,0,0.0728920493274927,0,0,0.265773476010759,0,0.261351216548624,0,0.246302934629577,0,0,0,0,0,0,0,0,0,0.360704905267007,0,0,0,0,0,0,0,0,0,0.406175740740516,0,0,0,0,0,0.265263069953237,0,0,0,0,0,0,0,0,0,0,0.224603487562884,0,0.170185352419166,0,0.290463136136532,0,0.235944830732686,0,0,0,0,0,0,0,0,0,0.391377455597061,0.266895271784933,0.172750674740032,0,0,0
0,0.404187980678774,0,0.330977737903595,0,0,0,0,0,0.259612607094091,0,0,0,0,0,0.198782785236835,0,0.212226892268755,0,0,0,0.205952407316352,0,0,0,0.280423983205393,0,0,0,0,0,0,0,0,0,0,0,0.289729837005533,0,0,0,0.266989078372717,0,0,0,0.398034751415253,0,0,0,0.414000303972335,0,0,0,0,0,0.263730327151852,0,0,0,0.387905836105347,0,0.184204340697481,0.352377504110336,0,0.244479268344481,0,0.245609284858261,0,0.259811703601942,0,0,0,0,0,0,0,0,0,0,0,0.319257736875443,0,0.227273993538792,0.133775344491005,0.363242707082203,0,0
0,0,0,0,0,0,0,0,0.168584179992859,0,0,0,0,0,0,0,0.224539304992794,0,0,0,0,0,0.265773476010759,0,0,0,0.276041838703846,0,0,0,0,0,0,0,0,0,0,0,0.308904071672796,0,0,0,0.230337315797806,0,0,0,0,0.262150093913078,0.172342066060413,0,0,0,0,0,0.213872470276456,0,0,0,0,0,0.26451317469279,0,0,0,0,0.210525310209472,0,0.211926197580551,0,0.210986568377568,0,0,0,0,0,0,0,0,0,0,0,0.327504353589766,0.206861158505745,0.348050604263941,0.223660197108984,0,0
0,0.332031557957331,0,0,0,0,0,0,0,0.194165754334887,0,0,0,0.283894538879395,0,0.243315920926804,0,0.215394418927568,0,0,0,0.259421067318589,0,0.280423983205393,0,0,0,0.269784891921462,0,0,0,0,0,0,0,0,0,0.326503285765648,0,0,0,0,0,0,0,0,0,0,0,0.298337568839391,0,0,0,0,0,0.239523340355266,0,0,0,0.256223899312317,0,0.251465798778967,0.327050576607386,0,0.256020153207438,0,0.281735546886921,0,0.29049347613115,0,0.29249453157941,0,0,0,0,0,0,0,0,0,0.353120646956894,0,0.236977902652702,0,0.31591757280486,0,0
0,0,0,0,0,0,0,0,0.188565162907947,0,0,0,0,0,0,0,0.18294172865503,0.187182024121284,0.233111653476954,0,0,0,0.261351216548624,0,0.276041838703846,0,0,0,0.254368667031678,0,0,0,0,0,0,0,0,0,0.291866505146027,0,0,0,0,0,0,0,0,0,0,0,0,0,0,0,0,0,0,0,0,0,0,0,0,0,0,0.258494127042515,0,0.268122558020851,0,0.250598894180909,0,0.341218177291601,0,0,0,0,0,0,0,0,0,0.30443141857783,0.185398978873106,0,0,0,0
0,0,0,0,0,0,0,0,0,0,0,0.245781668489522,0,0.20326362028718,0,0,0,0,0,0,0,0.247723454977297,0,0,0,0.269784891921462,0,0,0,0.238630986021411,0,0,0,0,0,0,0,0.219969774668033,0,0,0,0,0,0,0,0,0,0,0,0,0,0,0,0,0,0,0,0,0,0.149387953312773,0,0,0,0,0.22898179002934,0,0,0,0.295546907097546,0,0.240765996465349,0,0.208302087567069,0,0,0,0,0,0,0,0.183366040388743,0,0.200031629824019,0.215826232518469,0,0,0
0,0,0,0,0,0,0,0,0.140828207135201,0,0,0,0.152124628424644,0,0.143742173910141,0,0.143775153491232,0,0,0,0,0,0.246302934629577,0,0,0,0.254368667031678,0,0,0,0.229958486423564,0,0,0,0,0,0,0,0.15800017863512,0,0,0,0,0,0,0,0,0,0,0,0,0,0,0,0,0,0,0,0,0,0,0,0,0,0,0.241011212269465,0,0,0,0.247405184166772,0,0.252058355731676,0,0.235674367995437,0,0,0,0,0,0,0,0,0.204524062240302,0,0,0,0
0,0,0,0,0,0,0,0,0,0,0,0.252475117359843,0,0,0,0,0,0,0,0.114888183772564,0,0,0,0,0,0,0,0.238630986021411,0,0,0,0,0,0,0,0,0,0.255354706401175,0,0,0,0,0,0,0,0,0,0,0,0,0,0,0,0,0,0,0,0.11894253641367,0,0,0,0,0,0,0,0,0,0,0,0,0.257499718003803,0,0.154028782000144,0,0,0,0,0,0,0,0.283841338917965,0,0.219814625314691,0,0,0,0
0,0,0,0,0,0,0,0,0,0,0,0,0,0,0,0,0,0,0,0,0,0,0,0,0,0,0,0,0.229958486423564,0,0,0,0,0,0,0,0,0,0.145964430272579,0,0,0,0,0,0,0,0,0,0,0,0,0,0,0,0,0,0.144042191573897,0,0,0,0,0,0,0,0,0,0,0,0,0,0,0.25789893984329,0,0.251473956623533,0,0,0,0,0,0,0,0,0.230428015897351,0,0,0,0
0,0,0,0,0,0,0,0,0,0,0,0,0,0,0,0,0,0,0,0,0,0,0,0,0,0,0,0,0,0,0,0,0.230692070209239,0.373952392074797,0.331893434127172,0.157742566374295,0.245726441343625,0,0,0,0,0,0,0,0,0,0,0.51660698107355,0,0.554827898740768,0,0,0,0,0,0,0,0,0,0,0,0,0,0,0,0,0,0,0,0,0,0,0,0,0.315302775924772,0.294402946588359,0.19414177040259,0.37281072884798,0.268847311415323,0,0,0,0.199365683345713,0,0,0,0
0,0,0,0,0,0,0,0,0,0,0,0,0,0,0,0,0,0,0,0,0,0,0,0,0,0,0,0,0,0,0,0.230692070209239,0,0,0.310854718752018,0.145002909004688,0.229017942468136,0,0,0,0,0,0,0,0,0,0,0.509047336682738,0,0,0,0,0,0,0,0,0,0,0,0,0,0,0,0,0,0,0,0,0,0,0,0,0,0,0.266446431095784,0.402784463219634,0,0.349715683444411,0.150715053081512,0.226175998700292,0,0,0.194073399595121,0,0,0,0
0,0,0,0,0,0,0,0,0,0,0,0,0,0,0,0,0,0,0,0,0,0,0,0,0,0,0,0,0,0,0,0.373952392074797,0,0,0.155451504444028,0.184324416297453,0,0.332586110100027,0,0,0,0,0,0,0,0,0,0.316998730103175,0,0.504786414319071,0,0,0,0,0,0,0,0,0,0,0,0,0,0,0,0,0,0,0,0,0,0,0,0,0.242397113279863,0,0.224108977309461,0.188265841399484,0.228004043572185,0,0.266469082621923,0,0.142889671648542,0,0,0,0
0,0,0,0,0,0,0,0,0,0,0,0,0,0,0,0,0,0,0,0,0,0,0,0,0,0,0,0,0,0,0,0.331893434127172,0.310854718752018,0.155451504444028,0,0,0.204451082226828,0,0.222345357562633,0,0,0,0,0,0,0,0,0.523787465780057,0.400588407820346,0,0,0,0,0,0,0,0,0,0,0,0,0,0,0,0,0,0,0,0,0,0,0,0,0,0,0.419732994855718,0.150834153412927,0.27033573653975,0,0.307090986132352,0,0.404560620732167,0.23137599745622,0,0.346390893584804,0,0
0,0.341541320085526,0,0.260159212164581,0,0.249170874555906,0,0,0,0.348243981599808,0,0,0,0,0,0,0.380673825740814,0,0.383383718798461,0.182386279735767,0,0,0,0,0,0,0,0,0,0,0,0.157742566374295,0.145002909004688,0.184324416297453,0,0,0.129540641199459,0.252188581335545,0,0.26060404357585,0,0.327105425852389,0.345933392643929,0.363280865881178,0,0.27745121707901,0,0.196683825807104,0,0.271085921101845,0,0,0,0,0,0,0,0.286131307482719,0,0,0,0.318258076906204,0.247362566702632,0,0.340737104415894,0,0,0,0.322903446853161,0,0.346723412473996,0,0.318133412549893,0.385174214839935,0.174604486851465,0.186370506882668,0.277453407645226,0,0.249202086136316,0.356644541025162,0.277339625826353,0,0.232819286404175,0.331543916463852,0.3068746681817,0.340571537613869,0
0.427668035030365,0,0.116880621016026,0,0.273823350667953,0,0.227831353743871,0,0,0,0.225419257581234,0,0,0,0,0,0.361010678789832,0.369554181893667,0.374139979710946,0,0.152870627110486,0,0,0,0,0,0,0,0,0,0,0.245726441343625,0.229017942468136,0,0.204451082226828,0.129540641199459,0,0,0.218668710820529,0,0.299745241552591,0,0.324650841741226,0,0.347344845533371,0,0.278656418806156,0.250874241045181,0.218160408047529,0.210656687617302,0,0,0,0,0,0,0.288410986463229,0,0,0,0,0,0.395470395684242,0.200603472404182,0,0,0,0,0,0,0,0.294001698493958,0.306052029132843,0.342413671314716,0,0.287307403810587,0,0.3383698981752,0.159425899386406,0.261652863961261,0,0.250329229821336,0.25564589785806,0.346478497982025,0.280235350804944,0,0.384251814335585
0,0.401581159202001,0,0.332707685232162,0,0,0,0,0,0.314329104203927,0,0.261618236874367,0,0,0,0,0.361645132303238,0.26191832870245,0.424973444296763,0.238695572301043,0,0.318636064943498,0,0.289729837005533,0,0.326503285765648,0,0.219969774668033,0,0.255354706401175,0,0,0,0.332586110100027,0,0.252188581335545,0,0,0.121308300982822,0.258536937690917,0.291956335306168,0.288539593179639,0.348491489887238,0.413118686527014,0,0.338385419797723,0,0.441712604084036,0,0.372688203118742,0,0,0,0,0,0.304834105647527,0,0,0,0.374265730381012,0,0.368636347353458,0.311947027952094,0,0.380754612590752,0,0.304823764812701,0,0.266766227555997,0,0.28521329164505,0,0.231919812538275,0,0,0,0.254251065767474,0,0.310849567002401,0,0.279232845899868,0.368383690714836,0.317472920145417,0.306081301667405,0.330135804472246,0.31201559305191,0
0.46332777539889,0,0,0,0,0,0,0,0.247329543607357,0,0.173761753115191,0,0,0,0,0,0.385414067436667,0.380191713571548,0.390860167872004,0,0.157508828511862,0,0.360704905267007,0,0.308904071672796,0,0.291866505146027,0,0.15800017863512,0,0.145964430272579,0,0,0,0.222345357562633,0,0.218668710820529,0.121308300982822,0,0.25890439748764,0.323784483969212,0.413869947195053,0.324451728723943,0,0.43295410523812,0,0.320488971340787,0.574447466790748,0.421862524524806,0.25934562087059,0,0,0,0,0.2618912081588,0,0.187203169420913,0,0,0,0,0,0.345542401075363,0.298928459574069,0,0.306092589457337,0,0.318817976393688,0,0,0.384797543287277,0.383155198807412,0,0.161050068514962,0,0,0,0.250786421930089,0.348219096660614,0.290970064686692,0.372025728225708,0.28783905044071,0.306803601205194,0.519706159912878,0.337853725660931,0,0.326802968978882
0,0.434228923171759,0,0.229123363892237,0,0.247210994362831,0,0,0,0,0,0,0,0,0,0,0.307262527942657,0.291166726499796,0.357872608528342,0.228771157562733,0,0,0,0,0,0,0,0,0,0,0,0,0,0,0,0.26060404357585,0,0.258536937690917,0.25890439748764,0,0,0.280624130103411,0.372701704502106,0.358296424827792,0,0.23055745820695,0.274973154067993,0.280251175165176,0.274156183004379,0.210562517080491,0,0,0,0,0,0,0,0.270914435386658,0,0.28615731994311,0,0,0.237161029179891,0,0,0,0,0,0.306843246157105,0,0.297743332615265,0,0.303213683888316,0.331231772899628,0,0,0,0,0.240685244559819,0.350483894348145,0.277648559921271,0,0.319178135320544,0.313298060135408,0.229309667569476,0.267864177885808,0
0,0,0,0,0,0,0,0,0,0,0,0,0,0,0,0,0.31663855702378,0.315014163653056,0.311972351252348,0,0.24076572060585,0,0,0,0,0,0,0,0,0,0,0,0,0,0,0,0.299745241552591,0.291956335306168,0.323784483969212,0,0,0.308084070682526,0.318972126104064,0,0.317189958165674,0,0.254072701613797,0,0.207600646303686,0.276983479658763,0,0,0,0,0,0,0.321518504619598,0,0,0,0,0,0.310259203116099,0.317206495904153,0,0,0,0,0,0,0,0.32966910302639,0,0.321905998750166,0,0,0,0,0.344729870557785,0.295756889418705,0.389839470386505,0.327772500287545,0.329100607366292,0.30133165151645,0.27144282723883,0,0.372122301296754
0,0.365257969138606,0,0.319811178979121,0,0.298018723726273,0,0,0,0.282918393399034,0,0,0,0,0,0,0.323096135487923,0.322200204644884,0.296706885369432,0.29890846957763,0,0,0,0.266989078372717,0,0,0,0,0,0,0,0,0,0,0,0.327105425852389,0,0.288539593179639,0.413869947195053,0.280624130103411,0.308084070682526,0,0.198774542315648,0.311949252601593,0,0.299944345009466,0.409842103719711,0.507290959358215,0,0.371741158396922,0,0,0,0,0,0.298570011343275,0,0.324451684951782,0,0.355600456396739,0,0.341217875480652,0.377900753572474,0,0.343933492898941,0,0.216939136385918,0,0.343696788379124,0,0.349839256690429,0,0.37720168530941,0,0,0,0,0,0.33903064326843,0.353556220730146,0.365465894163164,0.385195329785347,0.321770922758833,0.306099388003349,0.324154105285674,0.298401076287295,0.185228273272514
0.326496135592461,0,0.386892050504684,0,0.240130409598351,0,0,0,0.317874830961227,0,0,0,0,0,0,0,0.312826045823318,0.308701500296593,0.27264553533877,0,0,0,0,0,0.230337315797806,0,0,0,0,0,0,0,0,0,0,0.345933392643929,0.324650841741226,0.348491489887238,0.324451728723943,0.372701704502106,0.318972126104064,0.198774542315648,0,0.273157522082329,0.319878471871981,0.285659700632095,0.356425491333341,0.316162726630462,0.311940938265634,0.351916149258614,0,0,0,0,0.241072004040082,0,0.369171756037166,0,0,0,0,0,0.324323464184999,0.37599511082108,0,0,0,0.252153395116329,0,0,0,0.392512076041278,0.408119857311249,0.415994285456552,0,0,0,0,0.352599920829137,0.356631073587504,0.376693692803383,0.343394366216911,0.279132664948702,0.293565017926066,0.360447332403251,0.280195906758308,0.312678042014465
0,0,0,0.281730860471725,0,0,0,0,0,0,0,0,0,0,0,0,0.302087998815945,0.296941112726927,0.275478457790964,0,0,0,0,0,0,0,0,0,0,0,0,0,0,0,0,0.363280865881178,0,0.413118686527014,0,0.358296424827792,0,0.311949252601593,0.273157522082329,0,0,0.286150561911719,0.310932487249374,0,0.335280016064644,0.323741599917412,0,0,0,0,0,0,0,0,0,0.317984879016876,0,0,0.391858128749806,0,0,0,0,0,0,0,0.337607538700104,0,0.47557345032692,0.300930857658386,0,0,0,0,0.407705937331413,0.33365885913372,0.444575249096927,0.377925455570221,0.26427598309613,0.280096689095864,0.279157154164289,0.255640804767609,0
0,0,0,0,0,0,0,0,0,0,0,0,0,0,0,0,0.330011349916458,0.284853756427765,0.304477221501155,0,0,0,0,0,0,0,0,0,0,0,0,0,0,0,0,0,0.347344845533371,0,0.43295410523812,0,0.317189958165674,0,0.319878471871981,0,0,0.305461823940277,0.352138775587082,0,0.485778043667475,0,0,0,0,0,0,0,0.381381730238597,0,0,0,0,0,0.293628990650177,0.336731284856796,0,0,0,0,0,0,0,0.425548350811005,0.308549523353577,0.507195599377155,0,0,0,0,0,0.438268735347425,0,0.460685703962568,0.32084112184552,0.303503858191626,0.323196209994834,0,0.338415438930194
0,0.293756574392319,0,0.291670161883036,0,0.232916618386904,0,0,0,0.347270548343658,0,0,0,0,0,0,0.288913396852357,0.294145569205284,0.280220340405192,0.33810754910563,0,0,0,0.398034751415253,0,0,0,0,0,0,0,0,0,0,0,0.27745121707901,0,0.338385419797723,0,0.23055745820695,0,0.299944345009466,0.285659700632095,0.286150561911719,0.305461823940277,0,0,0.211505547165871,0.240405693650246,0.234079989471606,0,0,0,0,0,0.364991456270218,0,0.286905197633637,0,0.303716242313385,0,0.316441461443901,0.256082798322124,0,0,0,0.378719309965769,0,0.334689532111331,0,0.336419807048514,0,0.304282237309963,0,0,0,0,0,0.271603035358047,0.33849173784256,0.357607047961548,0,0.30028247596188,0.283188913017511,0.278010071639456,0.335488691926003,0
0,0,0,0,0.227728468179703,0,0,0,0.255500078201294,0,0,0,0,0,0,0,0.3221903860569,0.274577543139458,0.301366447725079,0,0.223445597229545,0,0,0,0,0,0,0,0,0,0,0,0,0,0,0,0.278656418806156,0,0.320488971340787,0.274973154067993,0.254072701613797,0.409842103719711,0.356425491333341,0.310932487249374,0.352138775587082,0,0,0.220560923218727,0.300094427365177,0.222429446876049,0,0,0,0,0,0,0.335473881379978,0,0,0,0,0,0,0.306217597012691,0,0,0,0,0,0,0,0.36018022765284,0.413112163543701,0.369016934547228,0,0,0,0,0.326737970113754,0.26419720453116,0,0.368600684319627,0.269325655116361,0.242482138414905,0.313447840996202,0,0.349828778041734
0,0,0,0.222501829266548,0,0,0,0,0,0,0,0,0,0,0,0,0,0,0,0,0,0,0,0,0.262150093913078,0,0,0,0,0,0,0.51660698107355,0.509047336682738,0.316998730103175,0.523787465780057,0.196683825807104,0.250874241045181,0.441712604084036,0.574447466790748,0.280251175165176,0,0.507290959358215,0.316162726630462,0,0,0.211505547165871,0.220560923218727,0,0.439273323372122,0.498999652166402,0,0,0,0,0,0,0,0,0,0,0,0,0,0,0,0,0,0.265121661126614,0.314083337783813,0,0,0,0,0,0.482210807842338,0.434526053875299,0.287537214129862,0.517539770320252,0.376240447057145,0.363544463895993,0.339231337366948,0.366369523318871,0.512831868945595,0.594333220273256,0.303777001984806,0,0
0.199624230080548,0,0.234212331119038,0.256629906594753,0,0,0,0,0.237741455883427,0,0,0,0,0,0.236642688512802,0,0.360696745546241,0.454190462827682,0.376994108030053,0.192366197705269,0,0,0.406175740740516,0,0.172342066060413,0,0,0,0,0,0,0,0,0,0.400588407820346,0,0.218160408047529,0,0.421862524524806,0.274156183004379,0.207600646303686,0,0.311940938265634,0.335280016064644,0.485778043667475,0.240405693650246,0.300094427365177,0.439273323372122,0,0.241018392882504,0.175784647464752,0,0,0,0.23125151029689,0,0.300981387734141,0.228968143463135,0.240449209830591,0,0.239237665253527,0,0.324454993009567,0.319154505025257,0,0.325990818183998,0,0.156454792618752,0.313257813453674,0.217073342866368,0.30166183412075,0.340712196094142,0.395341068506241,0.40418821145984,0,0,0,0.291194679320983,0.239679016172886,0.310087724137552,0.329544439911842,0.407933224621394,0.407708550871314,0.350949314351265,0.323334474472483,0,0.363520064770277
0,0.321393444867308,0,0.264086830757913,0,0.17138517444784,0,0,0,0.261003065411215,0,0,0,0,0,0.272944500048955,0.370989918708801,0,0.441432413293256,0.247531825304031,0,0.364654219150543,0,0.414000303972335,0,0.298337568839391,0,0,0,0,0,0.554827898740768,0,0.504786414319071,0,0.271085921101845,0.210656687617302,0.372688203118742,0.25934562087059,0.210562517080491,0.276983479658763,0.371741158396922,0.351916149258614,0.323741599917412,0,0.234079989471606,0.222429446876049,0.498999652166402,0.241018392882504,0,0,0,0,0,0,0.289253040941225,0,0.341939516972612,0,0.342827402970247,0,0.302838387465045,0.327302594889784,0.284625398261206,0.280211173131955,0,0.278260826161413,0,0.329909308913694,0,0.389165377221912,0,0.358265862551354,0,0,0,0.346709340810776,0,0.34987703276235,0.273776997740452,0.372603470287326,0.329994335770607,0.446225189892032,0.225414046645164,0.319292399269649,0.445661395788193,0
0.221260651325186,0,0.19700463116169,0,0.181858610255378,0,0,0,0.248519518054449,0,0,0,0,0,0,0,0,0,0,0,0,0,0,0,0,0,0,0,0,0,0,0,0,0,0,0,0,0,0,0,0,0,0,0,0,0,0,0,0.175784647464752,0,0,0,0,0,0.259496669471264,0,0,0,0.197022590786219,0,0,0,0,0.250357996672392,0,0,0,0,0,0,0,0,0,0,0,0,0,0,0,0,0,0,0.240905723401478,0,0.249859325813525,0,0
0,0,0,0.308306730845395,0,0.215059884509338,0,0.252739968533451,0,0.218764646351337,0,0,0,0,0,0,0,0,0,0,0,0,0,0,0,0,0,0,0,0,0,0,0,0,0,0,0,0,0,0,0,0,0,0,0,0,0,0,0,0,0,0,0,0,0,0,0,0.28844050848435,0,0.253155465679939,0,0.162644433788955,0.437927663326263,0,0,0,0,0,0,0,0,0,0,0,0,0,0,0,0,0,0,0,0.222549080159237,0.237873688340187,0.368454501032829,0,0
0,0,0,0,0,0,0.247702832319843,0,0,0,0,0,0,0,0,0,0,0,0,0,0,0,0,0,0,0,0,0,0,0,0,0,0,0,0,0,0,0,0,0,0,0,0,0,0,0,0,0,0,0,0,0,0,0,0,0,0,0,0,0,0,0,0,0,0,0,0,0,0,0,0,0,0,0,0,0,0,0,0,0,0,0,0.232115586598714,0,0,0,0
0,0,0,0,0,0.231106822689374,0,0.220941492663524,0,0,0,0.21243030577898,0,0,0,0,0,0,0,0,0,0,0,0,0,0,0,0,0,0,0,0,0,0,0,0,0,0,0,0,0,0,0,0,0,0,0,0,0,0,0,0,0,0,0,0,0,0.249150662797771,0,0,0,0,0,0,0,0,0,0,0,0,0,0,0,0,0,0,0,0,0,0,0,0,0.216153278220923,0,0,0,0
0.267970531553301,0,0.26659546373412,0,0.188128439380842,0,0,0,0.292858432252101,0,0,0,0,0,0.242403802026457,0,0.204704860584778,0.187491789460182,0,0,0,0,0.265263069953237,0,0.213872470276456,0,0,0,0,0,0,0,0,0,0,0,0,0,0.2618912081588,0,0,0,0.241072004040082,0,0,0,0,0,0.23125151029689,0,0.259496669471264,0,0,0,0,0,0.218473888329557,0,0.214778083066146,0,0.24468873567257,0,0,0,0,0,0,0.245297961966279,0,0.22565075422221,0,0,0,0,0,0,0,0,0,0,0,0.258726770783256,0.219688380718231,0.307037129998207,0.215575733191364,0,0
0,0.259903555104123,0,0.20115744812148,0,0.176575141958892,0,0,0,0.296567037832812,0,0,0,0,0,0.181570073455265,0,0.311172246932983,0.360313445329666,0,0,0,0,0.263730327151852,0,0.239523340355266,0,0,0,0,0,0,0,0,0,0,0,0.304834105647527,0,0,0,0.298570011343275,0,0,0,0.364991456270218,0,0,0,0.289253040941225,0,0,0,0,0,0,0,0,0,0,0,0.177593101354475,0,0,0,0,0.231660320844552,0,0.259469757477442,0,0,0,0,0,0,0,0,0,0,0,0.344845811525981,0,0.242801124902649,0.298470020294189,0.346275420253535,0,0
0.20393492535847,0,0.204179875552654,0,0.24112081900239,0,0.226934004288453,0,0.21804024875164,0,0.201221493289479,0,0,0,0,0,0.318972378969193,0,0.347089514136314,0,0.148862309513554,0,0,0,0,0,0,0,0,0,0.144042191573897,0,0,0,0,0,0.288410986463229,0,0.187203169420913,0,0.321518504619598,0,0.369171756037166,0,0.381381730238597,0,0.335473881379978,0,0.300981387734141,0,0,0,0,0,0.218473888329557,0,0,0,0.24968083491739,0,0.25780094994439,0,0,0.305518535337576,0,0,0,0,0,0,0,0.41748357680684,0,0.309373496387172,0,0,0,0,0,0.314566300809383,0,0.322893933607982,0.214588838127943,0,0.35317432675773,0,0.396753423743778
0,0.425269901752472,0,0.323273343258891,0,0.375213470037391,0,0.222963872883055,0,0.36649289727211,0,0.22790081159001,0,0.25006702542305,0,0,0,0,0.323635091384252,0.175769583400443,0,0,0,0,0,0,0,0,0,0.11894253641367,0,0,0,0,0,0.286131307482719,0,0,0,0.270914435386658,0,0.324451684951782,0,0,0,0.286905197633637,0,0,0.228968143463135,0.341939516972612,0,0.28844050848435,0,0.249150662797771,0,0,0,0,0,0.298439755265836,0,0.319850641174045,0.269115938303562,0,0,0,0,0,0.337160328527292,0,0.28314756339975,0,0.237991054248261,0,0,0,0,0,0.248851007223129,0,0.323333168029785,0,0.150389604543516,0,0.330124774324451,0,0
0.203068314120173,0,0.206391721963882,0,0.194676712155342,0,0,0,0.216835814714432,0,0.244610288313457,0,0.216438983293141,0,0.217888176441193,0,0,0,0,0,0,0,0,0,0,0,0,0,0,0,0,0,0,0,0,0,0,0,0,0,0,0,0,0,0,0,0,0,0.240449209830591,0,0.197022590786219,0,0,0,0.214778083066146,0,0.24968083491739,0,0,0,0.282953218308114,0,0,0,0,0,0,0,0,0,0,0,0,0,0,0,0,0,0,0,0,0,0,0,0,0,0
0,0.38933436359678,0,0.313813680171967,0,0.273011237382889,0,0.170894868671894,0,0.357749116420746,0,0.218252460065956,0,0.237462989361683,0,0.251211642275883,0,0,0.367991983890533,0,0,0,0,0.387905836105347,0,0.256223899312317,0,0.149387953312773,0,0,0,0,0,0,0,0,0,0.374265730381012,0,0.28615731994311,0,0.355600456396739,0,0.317984879016876,0,0.303716242313385,0,0,0,0.342827402970247,0,0.253155465679939,0,0,0,0,0,0.298439755265836,0,0,0,0.293086952962387,0.342268612649706,0,0,0,0.42917189002037,0,0.291493401442255,0,0.311079293489456,0,0,0,0,0,0,0,0,0,0,0,0.190784909808245,0,0.353609060578876,0,0
0.202072907260984,0,0,0,0,0,0,0,0.233179565243147,0,0,0,0,0,0.19726599752903,0,0.196350730955601,0,0.20491598546505,0,0,0,0,0,0.26451317469279,0,0,0,0,0,0,0,0,0,0,0,0,0,0,0,0,0,0,0,0,0,0,0,0.239237665253527,0,0,0,0,0,0.24468873567257,0,0.25780094994439,0,0.282953218308114,0,0,0,0,0,0,0,0,0,0,0,0,0,0,0,0,0,0,0,0,0,0,0,0.201025193557143,0.177516467869282,0,0,0
0,0.195337733117546,0,0.297498748551013,0,0.172732155770063,0,0,0,0.238683958670923,0,0,0,0.260114853132156,0,0.289305834685797,0,0,0.289342880249023,0,0,0.303355321288109,0,0.184204340697481,0,0.251465798778967,0,0,0,0,0,0,0,0,0,0.318258076906204,0,0.368636347353458,0,0,0,0.341217875480652,0,0,0,0.316441461443901,0,0,0,0.302838387465045,0,0.162644433788955,0,0,0,0.177593101354475,0,0.319850641174045,0,0.293086952962387,0,0,0.367313509637659,0,0.304206146134271,0,0.176934714650824,0,0.320971211895608,0,0.372333326935768,0,0,0,0,0,0,0,0.304836362600327,0,0.283430814743042,0,0.307311591776935,0,0.37120520788476,0,0
0,0.359167665243149,0,0.293967219916257,0,0.262148998379707,0,0.202246995134787,0,0.325586706399918,0,0.226364357879868,0,0,0,0,0.347940786017312,0.328500363561842,0.355737880561031,0.269133499894942,0,0.32555416226387,0,0.352377504110336,0,0.327050576607386,0,0,0,0,0,0,0,0,0,0.247362566702632,0.395470395684242,0.311947027952094,0.345542401075363,0.237161029179891,0.310259203116099,0.377900753572474,0.324323464184999,0.391858128749806,0.293628990650177,0.256082798322124,0,0,0.324454993009567,0.327302594889784,0,0.437927663326263,0,0,0,0,0,0.269115938303562,0,0.342268612649706,0,0.367313509637659,0,0,0.304329186677933,0,0,0,0.363789418187921,0,0.327998568500466,0,0.307624109923006,0.352564573287964,0,0,0,0,0.270596108101786,0.384804286062717,0.337694088376137,0.390516589085261,0.323057238372484,0.332467697999057,0.308255849143423,0.323086589574814,0
0,0,0,0,0.287986968278885,0,0.338165625929832,0,0.42899215221405,0,0.143296179175377,0,0,0,0,0,0.35524794459343,0.287234038114548,0.305855393409729,0,0.218720377482147,0,0,0,0,0,0,0,0,0,0,0,0,0,0,0,0.200603472404182,0,0.298928459574069,0,0.317206495904153,0,0.37599511082108,0,0.336731284856796,0,0.306217597012691,0,0.319154505025257,0.284625398261206,0.250357996672392,0,0,0,0,0,0.305518535337576,0,0,0,0,0,0,0,0,0,0,0,0,0,0,0.369872393608093,0,0.335654914702055,0,0,0,0,0,0.301637246895044,0,0.304172296462892,0.244459205807099,0.222960923779879,0.332506618500987,0,0.393758446909487
0,0.329124748706818,0,0,0,0,0,0,0,0,0,0,0,0,0,0.261155158281326,0,0.20887544232866,0,0,0,0.238187957885319,0,0.244479268344481,0,0.256020153207438,0,0.22898179002934,0,0,0,0,0,0,0,0.340737104415894,0,0.380754612590752,0,0,0,0.343933492898941,0,0,0,0,0,0,0,0.280211173131955,0,0,0,0,0,0,0,0,0,0,0,0.304206146134271,0.304329186677933,0,0,0,0.298743862019673,0,0.267094560309288,0,0.270994585863887,0,0,0,0,0,0,0,0,0,0.297656284370383,0,0.213872217180259,0.224781548420152,0.335106207057834,0,0
0,0,0,0,0,0,0,0,0,0,0,0,0,0,0,0,0,0,0,0,0,0,0.224603487562884,0,0.210525310209472,0,0.258494127042515,0,0.241011212269465,0,0,0,0,0,0,0,0,0,0.306092589457337,0,0,0,0,0,0,0,0,0,0.325990818183998,0,0,0,0,0,0,0,0,0,0,0,0,0,0,0,0,0,0,0.189466527493104,0,0.0991693399846554,0,0.230625356159965,0,0,0,0,0,0,0,0,0,0.368683606768266,0.217455092339433,0.237340837717056,0,0,0
0,0.363233102894411,0,0.34466327726841,0,0,0,0,0,0.274250203667723,0,0,0,0,0,0.177375574906667,0,0.204887625575066,0.363634914159775,0,0,0.150714120183815,0,0.245609284858261,0,0.281735546886921,0,0,0,0,0,0,0,0,0,0,0,0.304823764812701,0,0,0,0.216939136385918,0,0,0,0.378719309965769,0,0,0,0.278260826161413,0,0,0,0,0,0.231660320844552,0,0,0,0.42917189002037,0,0.176934714650824,0,0,0.298743862019673,0,0,0,0.278791546821594,0,0,0,0,0,0,0,0,0,0,0,0.333326233801001,0,0.23929388596032,0,0.312073485553265,0,0
0,0,0,0,0,0,0,0,0.19064885902184,0,0,0,0,0,0,0,0.21859972178936,0,0,0,0,0,0.170185352419166,0,0.211926197580551,0,0.268122558020851,0,0,0,0,0,0,0,0,0,0,0,0.318817976393688,0,0,0,0.252153395116329,0,0,0,0,0.265121661126614,0.156454792618752,0,0,0,0,0,0.245297961966279,0,0,0,0,0,0,0,0,0,0,0.189466527493104,0,0,0,0.239562787056442,0,0,0,0,0,0,0,0,0,0,0,0.361732382729899,0.304708173931861,0.311516627669334,0.235291942954063,0,0
0,0.413357102557233,0,0.320827443152666,0,0,0,0,0,0.216101082436966,0,0,0,0.244381979107857,0,0.267345285108641,0.33800083398819,0.203348385472153,0.362450818930353,0,0,0.271796854347444,0,0.259811703601942,0,0.29049347613115,0,0.295546907097546,0,0,0,0,0,0,0,0.322903446853161,0,0.266766227555997,0,0.306843246157105,0,0.343696788379124,0,0,0,0.334689532111331,0,0.314083337783813,0.313257813453674,0.329909308913694,0,0,0,0,0,0.259469757477442,0,0.337160328527292,0,0.291493401442255,0,0.320971211895608,0.363789418187921,0,0.267094560309288,0,0.278791546821594,0,0,0,0.353985245203414,0,0.358165755867958,0,0,0,0,0,0.312806372579775,0,0.253239348530769,0,0.230446618011005,0.325767815113068,0.376291560557868,0,0
0.204015628287667,0,0,0,0,0,0,0,0.227309785833295,0,0,0,0,0,0.174997419118881,0,0,0,0,0,0,0,0.290463136136532,0,0.210986568377568,0,0.250598894180909,0,0.247405184166772,0,0,0,0,0,0,0,0,0,0,0,0,0,0,0,0,0,0,0,0.217073342866368,0,0,0,0,0,0.22565075422221,0,0,0,0,0,0,0,0,0,0,0.0991693399846554,0,0.239562787056442,0,0,0,0.330386183944532,0,0,0,0,0,0,0,0,0,0.361503601074219,0.203316323459148,0,0.181191086769104,0,0
0,0.391576902733909,0,0.339409470069604,0,0.321912238995234,0,0,0,0.362234264612198,0,0.246861934661865,0,0,0,0,0.376954421401024,0,0.435166475673517,0,0,0.267754996041794,0,0,0,0.29249453157941,0,0.240765996465349,0,0.257499718003803,0,0,0,0,0,0.346723412473996,0,0.28521329164505,0.384797543287277,0.297743332615265,0,0.349839256690429,0,0.337607538700104,0,0.336419807048514,0,0,0.30166183412075,0.389165377221912,0,0,0,0,0,0,0,0.28314756339975,0,0.311079293489456,0,0.372333326935768,0.327998568500466,0,0.270994585863887,0,0,0,0.353985245203414,0,0,0,0.293277950401892,0,0,0,0,0,0.318981220324834,0.38773450255394,0.3053647843392,0.365543991327286,0.317815761140415,0.330051521460215,0.365147219401847,0.427885780731837,0
0,0,0,0,0.294006854295731,0,0,0,0,0,0,0,0,0,0,0,0,0,0.381838502252803,0,0,0,0.235944830732686,0,0,0,0.341218177291601,0,0.252058355731676,0,0.25789893984329,0,0,0,0,0,0.294001698493958,0,0.383155198807412,0,0.32966910302639,0,0.392512076041278,0,0.425548350811005,0,0.36018022765284,0,0.340712196094142,0,0,0,0,0,0,0,0.41748357680684,0,0,0,0,0,0,0.369872393608093,0,0.230625356159965,0,0,0,0.330386183944532,0,0,0,0.399630159199574,0,0,0,0,0,0.321587258577347,0,0.299282360377662,0.244297391989014,0.325839176774025,0.431727286126163,0,0.407777549028397
0,0.450641691684723,0,0.347739272392713,0,0,0,0,0,0,0,0.139229260829847,0,0,0,0,0,0.32931937277317,0.479806036930385,0.326228976249695,0,0,0,0,0,0,0,0.208302087567069,0,0.154028782000144,0,0,0,0,0,0.318133412549893,0.306052029132843,0.231919812538275,0,0.303213683888316,0,0.37720168530941,0.408119857311249,0.47557345032692,0.308549523353577,0.304282237309963,0.413112163543701,0,0.395341068506241,0.358265862551354,0,0,0,0,0,0,0,0.237991054248261,0,0,0,0,0.307624109923006,0,0,0,0,0,0.358165755867958,0,0.293277950401892,0,0,0,0,0,0,0,0.342779697903565,0.415678977966309,0.299517831314475,0.417925894260406,0.249995479480826,0.32198824485143,0.374121242033111,0.46100058725902,0
0.489138066768646,0,0,0,0.287117163340251,0,0,0,0,0,0.148048101559929,0,0,0,0,0,0.367772201697032,0.374692776373454,0.413319370226015,0,0.154368772181039,0,0,0,0,0,0,0,0.235674367995437,0,0.251473956623533,0,0,0,0,0.385174214839935,0.342413671314716,0,0.161050068514962,0.331231772899628,0.321905998750166,0,0.415994285456552,0.300930857658386,0.507195599377155,0,0.369016934547228,0,0.40418821145984,0,0,0,0,0,0,0,0.309373496387172,0,0,0,0,0,0.352564573287964,0.335654914702055,0,0,0,0,0,0,0,0.399630159199574,0,0,0,0,0,0,0.361302495002747,0.33376141646762,0.383578687906265,0.305729851518163,0.368455537491375,0.354263638908213,0.433172742268768,0,0.443298098254711
