0,0,8.28954994678497,0,0,0,0,0,12.2085481286049,0,0,0,0,0,0,0,0.942110911011696,0,9.24039179086685,0,0,0,0,0,0,0,0,0,0,0,0,0,0,0,0,0,0,0,0.166303217411041,0,0,0,7.32844761013985,0,0,0,0,0,52.2398393005133,0,0,0,0,0,36.6752393692732,0,0,0,0,0,5.50571608543396,0,0,0.15902353823185,0,0,0,0,0,0,0,0,0,0,0,0,0,0,0,0.149068236351013,0,0,16.5072143524885,1.72401523590088,156.935928791761,0,0
0,0,0,111.157175987959,0,0,0,0,0,391.864567399025,0,0,0,0,0,0,0,6.76862926781178,3.15430775284767,0,0,0,0,0,0,0,0,0,0,0,0,0,0,0,0,0,0,0.171901524066925,0,0,0,231.838489875197,0,0,0,1.42555357515812,0,0,0,196.991168230772,0,0,0,0,0,303.245472788811,0,31.6609940156341,0,0,0,172.172951042652,3.66424986720085,0,0,0,65.3663782849908,0,0,0,0,0,0.151563510298729,0,0,0,0,0,7.03807872533798,0,0.296365842223167,0,17.6019033491611,7.10760590434074,674.247819118202,0,0
8.28954994678497,0,0,0,82.213421434164,0,0,0,205.32983532548,0,0,0,0,0,0,0,0,0,10.9248661547899,0,0,0,0,0,0,0,0,0,0,0,0,0,0,0,0,0,10.9554791301489,0,0,0,2.65870577096939,0,25.4879624843597,0,0,2.69049382209778,80.3079623281956,0,46.3523261472583,0,28.6227460205555,0,0,0,861.523792058229,0,15.6106396913528,0,105.55361109972,0,278.613548487425,0,0,1.9553058296442,0,0,0,0,0,0,0,0,0,0,0,0,0,0,0,2.05063320696354,0,0,286.938835442066,163.561664715409,1122.95711732656,0,0
0,111.157175987959,0,0,0,245.715176105499,0,0,0,121.512378156185,0,0,0,0,0,0,0,0.799519196152687,35.2099270224571,0,0,0,0,0,0,0,0,0,0,0,0,0,0,0,0,19.0572664737701,1.07806423306465,0,0,15.7124203145504,0,322.152956530452,0,0,0,72.8258879184723,0,0,0,86.4609121829271,0,52.289718568325,0,0,0,697.432995676994,0,201.285170249641,0,214.560021817684,0,62.0153868198395,48.6931316480041,0,0,0,0,0,0,0,0,0,1.52583305537701,0,0,0,0,0,44.2403708994389,0,0.225540332496166,0,293.706284925342,18.3043124526739,1048.79595045,0,0
0,0,82.213421434164,0,0,0,0,0,58.2325574755669,0,0,0,0,0,0,0,0,0,0,0,0,0,0,0,0,0,0,0,0,0,0,0,0,0,0,0,20.2230986356735,0,0,0,0,0,0,0,0,0,0,0,0,0,148.144341334701,0,0,0,6.34071189165115,0,36.1790592521429,0,0.945265501737595,0,0,0,0,0,0,0,0,0,0,0,0,0,0,0,0,0,0,0,0,0,0,0,946.130381882191,0,92.1114248484373,0,0
0,0,0,245.715176105499,0,0,0,0,0,0,0,1.18379499018192,0,0,0,0,0,0,0,330.902771934867,0,0,0,0,0,0,0,0,0,0,0,0,0,0,0,113.851829305291,0,0,0,0,0,0,0,0,0,0,0,0,0,0,0,529.449686348438,0,0,0,0,0,41.6972424685955,0,0,0,0,3.4784781485796,0,0,0,0,0,0,0,0,0,0,0,0,0,0,0,3.31899237632751,0,0,0,2981.66352233291,10.3175918161869,72.416552990675,0,0
0,0,0,0,0,0,0,0,0,0,115.140970230103,0,0,0,0,0,0,0,0,0,0,0,0,0,0,0,0,0,0,0,0,0,0,0,0,0,0,0,0,0,0,0,0,0,0,0,0,0,0,0,0,0,0,0,0,0,0,0,0,0,0,0,0,0,0,0,0,0,0,0,0,0,0,0,0,0,0,0,0,0,0,0,859.586007595062,19.6163095831871,0,0,0
0,0,0,0,0,0,0,0,0,0,0,0,0,0,0,0,0,0,0,0,0,0,0,0,0,0,0,0,0,0,0,0,0,0,0,0,0,0,0,0,0,0,0,0,0,0,0,0,0,0,0,0,0,0,0,0,0,0,0,0,0,0,0,0,0,0,0,0,0,0,0,0,0,0,0,0,0,0,0,0,0,0,284.784938693047,152.904659032822,0,0,0
12.2085481286049,0,205.32983532548,0,58.2325574755669,0,0,0,0,0,0,0,0,0,26.8250724673271,0,39.4655363857746,0,35.172375574708,0,0,0,0,0,9.45562267303467,0,0,0,0,0,0,0,0,0,0,0,0,0,5.05054926872253,0,0,0,0.150575444102287,0,0,0.143435627222061,0.653935611248016,0,5.84606419503689,0,0,0,0,0,188.747594714165,0,0,0,0,0,0,0,0,0,0,0,0,105.542810574174,0,0,0,0,0,0,0,0,0,0,0,0.825396254658699,0,0.229461789131165,1094.01351247728,81.5058308392763,92.7810762748122,0,0
0,391.864567399025,0,121.512378156185,0,0,0,0,0,0,0,0,0,0,0,430.174863874912,0,242.669523850083,15.6769095808268,0,0,0,0,70.3373068720102,0,9.93542397022247,0,0,0,0,0,0,0,0,0,0,0,0,0,0,0,130.411162801087,0,0,0,6.88660649955273,0,0,0,25.4344498813152,0,0,0,0,0,103.371009372175,0,34.162679746747,0,0,0,126.52022793889,40.2108581513166,0,0,0,65.5418140292168,0,0,0,0,0,5.40307976305485,0,0,0,0,0,24.3538827300072,0,1.4132824242115,0,980.63560372591,1321.0426736623,352.409106276929,0,0
0,0,0,0,0,0,115.140970230103,0,0,0,0,0,6,0,0,0,0,0,0,0,5.0305070579052,0,0,0,0,0,0,0,21.722140789032,0,41.443288564682,0,0,0,0,0,2.36216711997986,0,633.463135451078,0,0,0,0,0,0,0,0,0,0,0,0,0,0,0,0,0,3413.11392620206,0,0,0,0,0,0,0,0,0,0,0,0,0,0,0,0,10.5809500217438,0,0,0,0,0,0,0,0,1251.89953860641,1487.32297083735,4.00160720944405,0,0
0,0,0,0,0,1.18379499018192,0,0,0,0,0,0,0,157.867765188217,0,0,0,0,0,749.318068474531,0,0,0,0,0,0,0,1841.43169310689,0,54.8930362462997,0,0,0,0,0,618.535947173834,0,1869.26778647304,0,0,0,0,0,0,0,0,0,0,0,0,0,8.80616873502731,0,0,0,0,0,1208.80866110325,0,937.44589972496,0,0,3422.08959817886,0,0,0,0,0,0,0,510.873466968536,0,16.6672702133656,0,0,0,0,0,95.6387990117073,0,127.023451328278,0,655.017932355404,35.5465313196182,0.470494836568832,0,0
0,0,0,0,0,0,0,0,0,0,6,0,0,0,0,0,0,0,0,0,0,0,0,0,0,0,0,0,1,0,0,0,0,0,0,0,0,0,0,0,0,0,0,0,0,0,0,0,0,0,0,0,0,0,0,0,6,0,689.512323021889,0,0,0,0,0,0,0,0,0,0,0,0,0,0,0,0,0,0,0,0,0,0,0,601.481335133314,1502.70537602901,0,0,0
0,0,0,0,0,0,0,0,0,0,0,157.867765188217,0,0,0,192.573876261711,0,4.57018911838531,0,0,0,0,0,0,0,0,0,0,0,0,0,0,0,0,0,0,0,0,0,0,0,0,0,0,0,0,0,0,0,0,0,0,0,0,0,0,0,1.92561995983124,0,134.596096396446,0,77.0610842704773,0,0,0,0,0,0,0,0,0,0,0,0,0,0,0,0,0,0,0,0,760.368958175182,4547.70380851626,0,0,0
0,0,0,0,0,0,0,0,26.8250724673271,0,0,0,0,0,0,0,21.5045921802521,0,0,0,0,0,0,0,0,0,0,0,0,0,0,0,0,0,0,0,0,0,0,0,0,0,0,0,0,0,0,0,0,0,0,0,0,0,26.0062970817089,0,0,0,0,0,0,0,0,0,0,0,0,25.1252929419279,0,0,0,0,0,0,0,0,0,0,0,0,0,0,180.827686816454,287.720499098301,0,0,0
0,0,0,0,0,0,0,0,0,430.174863874912,0,0,0,192.573876261711,0,0,0,714.762328565121,0,0,0,0,0,13.2911167144775,0,0,0,0,0,0,0,0,0,0,0,0,0,0.604701310396194,0,0,0,0,0,0,0,0,0,0,0,0,0,0,0,0,0,58.244176350534,0,0,0,0,0,202.3154078722,0,0,0,0,97.6263194233179,0,0,0,0,0,0,0,0,0,0,0,0,0,0,0,863.542951747775,408.205716490746,34.2382962480187,0,0
0.942110911011696,0,0,0,0,0,0,0,39.4655363857746,0,0,0,0,0,21.5045921802521,0,0,9110.39843939245,1741.97401096672,0,0,2.28574085235596,837.997981488705,0,146.970632046461,0,145.678668737411,0,174.410999417305,0,0,0,0,0,0,0,0,0,0,2.54409821331501,45.8219859451056,2.90426002442837,321.018654488027,0,0,12.8651149645448,219.05275644362,0,0.135241076350212,0,0,0,0,0,1.691870033741,0,0,0.452865868806839,0,0,0,0,1.03588396310806,23.0873970612884,0,13.7804021835327,0,0,0,0,0,0,0.140412777662277,0,0,0,0,0,1.88811974227428,76.8295667916536,0.492373660206795,4.6265866458416,5157.57304000109,633.094497390091,1366.56369039416,0.689073517918587,0
0,6.76862926781178,0,0.799519196152687,0,0,0,0,0,242.669523850083,0,0,0,4.57018911838531,0,714.762328565121,9110.39843939245,0,3130.21969790012,0,0,48.9310385882854,0,656.704102367163,0,1874.50283098221,0,23.8527728319168,0,0,0,0,0,0,0,0,0,0,0,53.6321178376675,1.4254350066185,396.751818858087,25.4155681058764,0.220469102263451,0,121.981575965881,47.4254005923867,0,0.812880992889404,0,0,0,0,0,0,0,0,92.6378683820367,0,0,0,152.236057758331,194.871924586594,0.654884159564972,0,0,14.3410660326481,0,0,0,0,0,41.9960320964456,0,0,0,0,0,210.229089029133,7.51218953728676,157.13209310174,0.60023307800293,8714.97121312469,508.131584659219,1019.16461372375,15.4967001602054,0.898618839681149
9.24039179086685,3.15430775284767,10.9248661547899,35.2099270224571,0,0,0,0,35.172375574708,15.6769095808268,0,0,0,0,0,0,1741.97401096672,3130.21969790012,0,0,0,0,0,100.122964374721,0,0.513048619031906,0,0,0,0,0,0,0,0,0,0,0,0,0.432523861527443,233.546074673533,275.360089547932,1123.51041630656,1339.59214115888,0,0,2703.88114613295,3259.30523215979,0,45.6601989418268,1.67836387455463,0,0,0,0,5.72861906886101,0,0,117.467697419226,0,0,0,0.233925595879555,376.184025458992,91.9652132987976,0,0,6.56178939342499,0,0,0,0,0,142.944871991873,0,0,0,0,0,467.690491773188,224.231708645821,395.79402706027,10.5882869809866,5622.78794679046,212.29754383117,7624.87255609035,16.0307508856058,7.20860437303782
0,0,0,0,0,330.902771934867,0,0,0,0,0,749.318068474531,0,0,0,0,0,0,0,0,0,0,0,0,0,0,0,0,0,0,0,0,0,0,0,1370.25548508763,0,399.904606878757,0,0,0,0,0,0,0,0,0,0,0,0,0,113.907611772418,0,0,0,0,0,53.9300443530083,0,1.14780899882317,0,0,5230.70111323893,0,0,0,0,0,0,0,0,0,0,0,0,0,0,0,385.999723881483,0,0,0,353.111010089517,0,215.527120247483,0,0
0,0,0,0,0,0,0,0,0,0,5.0305070579052,0,0,0,0,0,0,0,0,0,0,0,0,0,0,0,0,0,0,0,0,0,0,0,0,0,841.104474723339,0,623.799138039351,0,0,0,0,0,0,0,0,0,0,0,0,0,0,0,0,0,161.511244505644,0,0,0,0,0,0,189.604868799448,0,0,0,0,0,0,0,0,0,0,0,0,0,0,0,163.845288515091,0,0,86.3021954596043,0,93.5260637700558,0,0
0,0,0,0,0,0,0,0,0,0,0,0,0,0,0,0,2.28574085235596,48.9310385882854,0,0,0,0,6880.40506485105,0,0,0,0,821.473242789507,0,0,0,0,0,0,0,0,0,2110.42492902279,920.571891367435,0,0,0,0,0,0,0,0,0,0,0,0,0,0,0,0,0,0,0,0,0,0,0,0,0,8750.57730937004,1170.06317940354,34.6738431453705,0,0,0,1595.85048046708,0,0,0,0,0,0,0,0,0,173.594628751278,6.62926208972931,5254.95806191862,3360.75531581044,0,0,0
0,0,0,0,0,0,0,0,0,0,0,0,0,0,0,0,837.997981488705,0,0,0,0,6880.40506485105,0,0,26.8854627013206,0,0,0,188.161145478487,0,0,0,0,0,0,0,0,38.223414182663,1233.8186121881,0,0,0,0,0,0,0,0,0,0,0,0,0,0,0,0,0,0,0,0,0,0,0,0,0,2326.67755734921,4938.69208836555,0,0,0,0,0,465.408225566149,0,0,0,0,0,0,0,0,0,2.25836801528931,1597.49404039979,2935.2975718081,0,0,0
0,0,0,0,0,0,0,0,0,70.3373068720102,0,0,0,0,0,13.2911167144775,0,656.704102367163,100.122964374721,0,0,0,0,0,0,412.443298459053,0,0,0,0,0,0,0,0,0,0,0,297.435115739703,0,0.120006240904331,0,1.19360318034887,0,0,0,0.184723541140556,0,0,0,19.1513890028,0,0,0,0,0,34.6146181821823,0,1.20857699215412,0,0,0,0,1.55593346059322,0,36.04684227705,0,1206.5056206584,0,677.177203595638,0,0,0,0.123579598963261,0,0,0,0,0,0.672930553555489,0,219.514693588018,0,543.499407418072,1.82662922143936,55.4971059784293,0,0
0,0,0,0,0,0,0,0,9.45562267303467,0,0,0,0,0,0,0,146.970632046461,0,0,0,0,0,26.8854627013206,0,0,0,88.1991782188416,0,0,0,0,0,0,0,0,0,0,0,175.234578996897,0,0,0,0,0,0,0,0,0,0,0,0,0,0,0,16.3752397596836,0,0,0,0,0,0,0,0,0,0,0,0,185.561929643154,0,487.283257246017,0,0,0,0,0,0,0,0,0,0,0,102.375829219818,354.34261071682,29.5912805199623,86.1850407421589,0,0
0,0,0,0,0,0,0,0,0,9.93542397022247,0,0,0,0,0,0,0,1874.50283098221,0.513048619031906,0,0,0,0,412.443298459053,0,0,0,6,0,0,0,0,0,0,0,0,0,0,0,0,0,0,0,0,0,0,0,0,0,0,0,0,0,0,0,0,0,0,0,0,0,0,0,0,0,0,0,0,310.983859419823,0,0,0,0,0,0,0,0,0,0,0,0,0,243.188535049558,0,0,0,0
0,0,0,0,0,0,0,0,0,0,0,0,0,0,0,0,145.678668737411,0,0,0,0,0,0,0,88.1991782188416,0,0,0,0,0,0,0,0,0,0,0,0,0,0,0,0,0,0,0,0,0,0,0,0,0,0,0,0,0,0,0,0,0,0,0,0,0,0,0,0,0,0,0,0,107.103820323944,0,0,0,0,0,0,0,0,0,0,0,0,110.721005320549,0,0,0,0
0,0,0,0,0,0,0,0,0,0,0,1841.43169310689,0,0,0,0,0,23.8527728319168,0,0,0,821.473242789507,0,0,0,6,0,0,0,316.055914759636,0,0,0,0,0,0,0,1.75401163101196,0,0,0,0,0,0,0,0,0,0,0,0,0,0,0,0,0,0,0,411.74595823884,0,0,0,0,0,0,143.191680252552,0,0,0,0,0,4812.67637944221,0,1822.14822638035,0,0,0,0,0,0,0,0,0,3084.2527795583,3528.11885723472,0,0,0
0,0,0,0,0,0,0,0,0,0,21.722140789032,0,1,0,0,0,174.410999417305,0,0,0,0,0,188.161145478487,0,0,0,0,0,0,0,101.685330927372,0,0,0,0,0,0,0,42.8953956365585,0,0,0,0,0,0,0,0,0,0,0,0,0,0,0,0,0,0,0,0,0,0,0,0,0,0,1635.29776889086,0,0,0,0,0,2351.99908876419,0,0,0,0,0,0,0,0,0,60.5204906463623,1289.00815296173,894.462630033493,0,0,0
0,0,0,0,0,0,0,0,0,0,0,54.8930362462997,0,0,0,0,0,0,0,0,0,0,0,0,0,0,0,316.055914759636,0,0,0,0,0,0,0,0,0,643.641282260418,0,0,0,0,0,0,0,0,0,0,0,0,0,0,0,0,0,0,0,194.724227666855,0,0,0,0,0,0,0,0,0,0,0,0,211.557741224766,0,2450.55984526873,0,0,0,0,0,0,0,154.539714396,0,184.76039981842,0,0,0,0
0,0,0,0,0,0,0,0,0,0,41.443288564682,0,0,0,0,0,0,0,0,0,0,0,0,0,0,0,0,0,101.685330927372,0,0,0,0,0,0,0,0,0,298.858578532934,0,0,0,0,0,0,0,0,0,0,0,0,0,0,0,0,0,0,0,0,0,0,0,0,0,0,0,0,0,0,0,0,57.2682514190674,0,239.433121651411,0,0,0,0,0,0,0,0,65.8786060810089,0,0,0,0
0,0,0,0,0,0,0,0,0,0,0,0,0,0,0,0,0,0,0,0,0,0,0,0,0,0,0,0,0,0,0,0,1713.29185110331,0,15.3066378235817,394.748264282942,327.692783564329,0,0,0,0,0,0,0,0,0,0,2769.63406409323,1.66395193338394,4.14114759862423,0,0,0,0,0,0,0,0,0,0,0,0,0,0,0,0,0,0,0,0,0,0,0,0,2291.34649333358,1146.74921250343,0,0,1.22334307432175,1,0,0,880.236856639385,0,0,0,0
0,0,0,0,0,0,0,0,0,0,0,0,0,0,0,0,0,0,0,0,0,0,0,0,0,0,0,0,0,0,0,1713.29185110331,0,6.451480448246,0.768994122743607,80.6761309504509,634.087977617979,0,0,0,0,0,0,0,0,0,0,714.053565248847,0,0,0,0,0,0,0,0,0,0,0,0,0,0,0,0,0,0,0,0,0,0,0,0,0,0,64.259135633707,5672.64968673885,1.82450288534164,2.67137610912323,0,206.11668241024,0,0,136.260396957397,0,0,0,0
0,0,0,0,0,0,0,0,0,0,0,0,0,0,0,0,0,0,0,0,0,0,0,0,0,0,0,0,0,0,0,0,6.451480448246,0,2001.41561499238,0,976.492647320032,259.752083212137,76.7461900413036,0,0,0,0,0,0,0,0,1019.63266272843,2.64723435044289,0,0,0,0,0,0,0,0,0,0,0,0,0,0,0,0,0,0,0,0,0,0,0,0,0,0,7.70838832855225,2030.89238202572,1510.98150500655,0,0,85.8293673694134,177.354470431805,1277.55482453108,65.7919325381517,0,0,0
0,0,0,0,0,0,0,0,0,0,0,0,0,0,0,0,0,0,0,0,0,0,0,0,0,0,0,0,0,0,0,15.3066378235817,0.768994122743607,2001.41561499238,0,0,337.700091362,78.3454118669033,607.247108995914,0,0,0,0,0,0,0,0,1356.32739748061,0,0,0,0,0,0,0,0,0,0,0,0,0,0,0,0,0,0,0,0,0,0,0,0,0,0,0,286.733654677868,1895.18850883842,5740.88368621469,0,0,28.9785312414169,208.775529772043,70.9755676388741,0,0,0,0
0,0,0,19.0572664737701,0,113.851829305291,0,0,0,0,0,618.535947173834,0,0,0,0,0,0,0,1370.25548508763,0,0,0,0,0,0,0,0,0,0,0,394.748264282942,80.6761309504509,0,0,0,6859.49610975385,1103.11131137609,0,461.982074901462,17.1844696849585,1.12042430043221,0,0,0,29.0695741176605,0,75.7593300193548,0,5.64830301702023,0,1.0209858417511,0,0,0,0,0,1362.55849877,0,0,0,0,593.380711704493,0,0,0,0,0,0,0,0,0,0,0,943.422285348177,16.2165565490723,63.6213510036469,0,23577.2473493218,15798.3802692294,386.711238443851,0,4975.41345998645,2095.47709535062,324.991775229573,0,0
0,0,10.9554791301489,1.07806423306465,20.2230986356735,0,0,0,0,0,2.36216711997986,0,0,0,0,0,0,0,0,0,841.104474723339,0,0,0,0,0,0,0,0,0,0,327.692783564329,634.087977617979,976.492647320032,337.700091362,6859.49610975385,0,0,1635.93013289571,0,191.18053022027,0,0,0,0,0,3.94272971153259,7.8570424169302,0,0,0,0,0,0,0,0,162.499689102173,0,0,0,0,0,0,776.463087320328,0,0,0,0,0,0,0,0,0,0,10.2324958443642,2784.85934403539,16.3245957195759,955.585039764643,291.559766516089,18702.8428108394,0,3012.00407314301,6853.2180082947,6073.73520410061,57.8741583675146,0,0
0,0.171901524066925,0,0,0,0,0,0,0,0,0,1869.26778647304,0,0,0,0.604701310396194,0,0,0,399.904606878757,0,2110.42492902279,38.223414182663,297.435115739703,0,0,0,1.75401163101196,0,643.641282260418,0,0,0,259.752083212137,78.3454118669033,1103.11131137609,0,0,2546.59833702445,0,0,0.705671012401581,0,0,0,0,0,602.473153814673,0,145.872579708695,0,0,0,0,0,0,0,2918.15950489044,0,0,0,1.99720621109009,1287.63564950228,0,2024.86335068941,0,1385.74535678327,0,0,0,0,0,1951.4921914041,0,0,0,477.049987226725,0,673.131884396076,0,17719.1953397244,951.370189994574,2895.96038067341,75.3896999955177,486.494340613484,0,0
0.166303217411041,0,0,0,0,0,0,0,5.05054926872253,0,633.463135451078,0,0,0,0,0,0,0,0.432523861527443,0,623.799138039351,920.571891367435,1233.8186121881,0,175.234578996897,0,0,0,42.8953956365585,0,298.858578532934,0,0,76.7461900413036,607.247108995914,0,1635.93013289571,2546.59833702445,0,0,0,0,0,0,0,0,0,914.873701006174,1.9112314581871,0,0,0,0,0,3.59546118974686,0,2422.81202480197,0,0,0,0,0,0,87.2825897336006,237.752287060022,3100.20998901129,0,368.393749788404,0,0,0,550.681000173092,0,1222.52638792992,0,0,63.3203001022339,327.639742553234,0,605.209570288658,1562.61511850357,14406.3353537619,564.097271934152,298.3039034307,207.898047074676,0,0
0,0,0,15.7124203145504,0,0,0,0,0,0,0,0,0,0,0,0,2.54409821331501,53.6321178376675,233.546074673533,0,0,0,0,0.120006240904331,0,0,0,0,0,0,0,0,0,0,0,461.982074901462,0,0,0,0,2.01335527002811,270.811557114124,0.187655627727509,0,0,1962.72694674134,47.6617462411523,58.9483133405447,0.356802523136139,1064.49787694216,0,0,0,0,0,0,0,0,0,0,0,0,114.834511384368,2.4837904125452,0,0,0,0,0,0,0,0,0,0,0,0,0,0,72.932494610548,4.10153542459011,17.3178363144398,0,335.287929899991,0,2600.45651859045,0.155369013547897,0
0,0,2.65870577096939,0,0,0,0,0,0,0,0,0,0,0,0,0,45.8219859451056,1.4254350066185,275.360089547932,0,0,0,0,0,0,0,0,0,0,0,0,0,0,0,0,17.1844696849585,191.18053022027,0,0,2.01335527002811,0,1.32605800032616,255.709505200386,0,0,33.307911708951,1683.42130769789,271.267627716064,346.016899928451,0,0,0,0,0,0,0,0,0,0,0,0,0,1.37976276874542,9.10757225751877,0,0,0,0,0,0,0,0,0,0,0,0,0,0,4.69522545486689,144.897258222103,0,0.245363682508469,339.969740413129,2.51312174648046,1463.8905197531,0,0
0,231.838489875197,0,322.152956530452,0,0,0,0,0,130.411162801087,0,0,0,0,0,0,2.90426002442837,396.751818858087,1123.51041630656,0,0,0,0,1.19360318034887,0,0,0,0,0,0,0,0,0,0,0,1.12042430043221,0,0.705671012401581,0,270.811557114124,1.32605800032616,0,159.410585232079,0,0,525.858210973442,21.3459399044514,0,0.286886215209961,806.056868955493,0,0,0,0,0,2.39618639647961,0,306.28784827143,0,0,0,15.2369647026062,34.2443969249725,0.44159784913063,0,0,2.93783451616764,0,0,0,0,0,43.8434442803264,0,0,0,0,0,70.7305848002434,2.52912493795156,142.540567345917,0,940.7140308097,30.3949132934213,5738.89619726688,15.0065758675337,0.150828912854195
7.32844761013985,0,25.4879624843597,0,0,0,0,0,0.150575444102287,0,0,0,0,0,0,0,321.018654488027,25.4155681058764,1339.59214115888,0,0,0,0,0,0,0,0,0,0,0,0,0,0,0,0,0,0,0,0,0.187655627727509,255.709505200386,159.410585232079,0,0,0,1.60198363661766,508.315189704299,0,290.234393239021,4.84112241864204,0,0,0,0,0,0,0,0,0,0,0,0,0,9.14520408213139,0,0,0,0.472386837005615,0,0,0,0,0.131309419870377,0,0,0,0,0,0.542296752333641,12.8640728741884,0.126821473240852,0.226661026477814,818.526869677007,2.72813306748867,4634.20098364353,0.482036158442497,33.3995209634304
0,0,0,0,0,0,0,0,0,0,0,0,0,0,0,0,0,0.220469102263451,0,0,0,0,0,0,0,0,0,0,0,0,0,0,0,0,0,0,0,0,0,0,0,0,0,0,0,0,0,0,0,0,0,0,0,0,0,0,0,0,0,0,0,0,0,0,0,0,0,0,0,0,0,0,0,0,0,0,0,0,0,0,0,0,0.534519791603088,0,0,0,0
0,0,0,0,0,0,0,0,0,0,0,0,0,0,0,0,0,0,0,0,0,0,0,0,0,0,0,0,0,0,0,0,0,0,0,0,0,0,0,0,0,0,0,0,0,0,0,0,0,0,0,0,0,0,0,0,0,0,0,0,0,0,0,0,0,0,0,0,0,0,0,0,0,0,0,0,0,0,0,0,0,0,0,0,0,0,0
0,1.42555357515812,2.69049382209778,72.8258879184723,0,0,0,0,0.143435627222061,6.88660649955273,0,0,0,0,0,0,12.8651149645448,121.981575965881,2703.88114613295,0,0,0,0,0.184723541140556,0,0,0,0,0,0,0,0,0,0,0,29.0695741176605,0,0,0,1962.72694674134,33.307911708951,525.858210973442,1.60198363661766,0,0,0,294.860786028206,0,0.259751997888088,0,0,0,0,0,0,0.990505576133728,0,24.6976790130138,0,0,0,0,353.538627356291,4.18886372447014,0,0,0,0,0,0,0,0,1.38626822829247,0,0,0,0,0,310.701769933105,7.83446034789085,10.9112032353878,0,879.242599450052,1.14523333311081,3919.39796913415,0,0
0,0,80.3079623281956,0,0,0,0,0,0.653935611248016,0,0,0,0,0,0,0,219.05275644362,47.4254005923867,3259.30523215979,0,0,0,0,0,0,0,0,0,0,0,0,0,0,0,0,0,3.94272971153259,0,0,47.6617462411523,1683.42130769789,21.3459399044514,508.315189704299,0,0,294.860786028206,0,0,1.05265937745571,0,0,0,0,0,0,0,0,2.56017945706844,0,0,0,0,25.0744275972247,758.252512395382,0,0,0,0,0,0,0,0,3.20971740782261,0,0,0,0,0,39.0886994227767,297.890633635223,5.02508683502674,1.27569478750229,553.241382941604,114.845007091761,4122.58380080014,0,0
0,0,0,0,0,0,0,0,0,0,0,0,0,0,0,0,0,0,0,0,0,0,0,0,0,0,0,0,0,0,0,2769.63406409323,714.053565248847,1019.63266272843,1356.32739748061,75.7593300193548,7.8570424169302,602.473153814673,914.873701006174,58.9483133405447,271.267627716064,0,0,0,0,0,0,0,3700.52548779547,2004.97246846557,0,0,0,0,0,0,0,0,0,0,0,0,0,0.79225742816925,0,0,0,0,0,0,0,0,0,0,821.763999372721,273.489042028785,22.4887838363647,5.83888518810272,122.877280727029,981.152587234974,1139.5098837018,1728.18018767238,3756.78541278839,121.402772590518,0,0,0
52.2398393005133,0,46.3523261472583,0,0,0,0,0,5.84606419503689,0,0,0,0,0,0,0,0.135241076350212,0.812880992889404,45.6601989418268,0,0,0,0,0,0,0,0,0,0,0,0,1.66395193338394,0,2.64723435044289,0,0,0,0,1.9112314581871,0.356802523136139,346.016899928451,0.286886215209961,290.234393239021,0,0,0.259751997888088,1.05265937745571,3700.52548779547,0,4838.36491203308,0,0,0,0,0,0,16.9673676043749,0,37.3488683700562,0,31.9537004232407,0,0,0.554233402013779,0,0,0,59.4816201925278,0,7.93712106347084,0,94.5113203823566,0,140.499216422439,46.627598747611,0.934289634227753,0,0,0,24.5911433398724,0,41.5455436706543,4437.67949470133,16.7733534872532,1332.33942513168,0,0
0,196.991168230772,0,86.4609121829271,0,0,0,0,0,25.4344498813152,0,0,0,0,0,0,0,0,1.67836387455463,0,0,0,0,19.1513890028,0,0,0,0,0,0,0,4.14114759862423,0,0,0,5.64830301702023,0,145.872579708695,0,1064.49787694216,0,806.056868955493,4.84112241864204,0,0,0,0,2004.97246846557,4838.36491203308,0,0,0,0,0,0,2.10936859250069,0,240.513513185084,0,20.9988731741905,0,123.286242216825,0,0,0,0,139.145297348499,0,2,0,143.930926918983,0,159.437992617488,0,19.8057154715061,4.98909345269203,0,0,94.9534306973219,0,28.6553859114647,0,2056.94050906599,0.254499971866608,1025.49564790726,0,0
0,0,28.6227460205555,0,148.144341334701,0,0,0,0,0,0,0,0,0,0,0,0,0,0,0,0,0,0,0,0,0,0,0,0,0,0,0,0,0,0,0,0,0,0,0,0,0,0,0,0,0,0,0,0,0,0,0,4,0,0.535528987646103,0,146.498460948467,0,1.21910759806633,0,0,0,0,0,0,0,0,0,0,0,0,0,0,0,0,0,0,0,0,0,0,0,12.9499773681164,0,117.851065352559,0,0
0,0,0,52.289718568325,0,529.449686348438,0,0,0,0,0,8.80616873502731,0,0,0,0,0,0,0,113.907611772418,0,0,0,0,0,0,0,0,0,0,0,0,0,0,0,1.0209858417511,0,0,0,0,0,0,0,0,0,0,0,0,0,0,0,0,0,0,0,0,0,0.93892514705658,0,0,0,0,0.241785168647766,0,0,0,0,0,0,0,0,0,0,0,0,0,0,0,0,0,0,0,417.717571437359,2.36112695932388,7.43758189678192,0,0
0,0,0,0,0,0,0,0,0,0,0,0,0,0,0,0,0,0,0,0,0,0,0,0,0,0,0,0,0,0,0,0,0,0,0,0,0,0,0,0,0,0,0,0,0,0,0,0,0,0,4,0,0,0,0,0,0,0,0,0,0,0,0,0,0,0,0,0,0,0,0,0,0,0,0,0,0,0,0,0,0,0,6.53233981132507,0,0,0,0
0,0,0,0,0,0,0,0,0,0,0,0,0,0,0,0,0,0,0,0,0,0,0,0,0,0,0,0,0,0,0,0,0,0,0,0,0,0,0,0,0,0,0,0,0,0,0,0,0,0,0,0,0,0,0,0,0,0,0,0,0,0,0,0,0,0,0,0,0,0,0,0,0,0,0,0,0,0,0,0,0,0,284.925715923309,7.65322732925415,0,0,0
36.6752393692732,0,861.523792058229,0,6.34071189165115,0,0,0,188.747594714165,0,0,0,0,0,26.0062970817089,0,1.691870033741,0,5.72861906886101,0,0,0,0,0,16.3752397596836,0,0,0,0,0,0,0,0,0,0,0,0,0,3.59546118974686,0,0,0,0,0,0,0,0,0,0,0,0.535528987646103,0,0,0,0,0,4.5804483294487,0,0,0,0,0,0,0,0,0,0,48.9380273967981,0,0,0,0,0,0,0,0,0,0,0,0,0,0,215.661504730582,0,94.9805688560009,0,0
0,303.245472788811,0,697.432995676994,0,0,0,0,0,103.371009372175,0,0,0,0,0,58.244176350534,0,0,0,0,0,0,0,34.6146181821823,0,0,0,0,0,0,0,0,0,0,0,0,0,0,0,0,0,2.39618639647961,0,0,0,0.990505576133728,0,0,0,2.10936859250069,0,0,0,0,0,0,0,0.227769955992699,0,0,0,103.348245851696,0.364589214324951,0,0,0,105.649965971708,0,0,0,0,0,0.516219556331635,0,0,0,0,0,0.967655837535858,0,0,0,93.9230438098311,20.6977688670158,50.9090890064836,0,0
0,0,15.6106396913528,0,36.1790592521429,0,0,0,0,0,3413.11392620206,0,6,0,0,0,0,0,0,0,161.511244505644,0,0,0,0,0,0,0,0,0,0,0,0,0,0,0,162.499689102173,0,2422.81202480197,0,0,0,0,0,0,0,0,0,16.9673676043749,0,146.498460948467,0,0,0,4.5804483294487,0,0,0,0.512488603591919,0,0,0,0,439.689115554094,0,0,0,0,0,0,0,31.2126384228468,0,125.787286669016,0,0,0,0,0,0,0,0,939.343611180782,728.831258893013,71.2568911314011,0,0
0,31.6609940156341,0,201.285170249641,0,41.6972424685955,0,0,0,34.162679746747,0,1208.80866110325,0,1.92561995983124,0,0,0.452865868806839,92.6378683820367,117.467697419226,53.9300443530083,0,0,0,1.20857699215412,0,0,0,411.74595823884,0,194.724227666855,0,0,0,0,0,1362.55849877,0,2918.15950489044,0,0,0,306.28784827143,0,0,0,24.6976790130138,2.56017945706844,0,0,240.513513185084,0,0.93892514705658,0,0,0,0.227769955992699,0,0,0,615.912969365716,0,40.4081167280674,353.382310047746,0.118481799960136,0,0,0,0,0,0,670.96294696629,0,1118.646912992,0,0,0,0,0,6.66623474657536,0.527214363217354,1.27597446739674,0,1503.09214373678,60.0425948128104,500.702613428235,0.47586715221405,0
0,0,105.55361109972,0,0.945265501737595,0,0,0,0,0,0,0,689.512323021889,0,0,0,0,0,0,0,0,0,0,0,0,0,0,0,0,0,0,0,0,0,0,0,0,0,0,0,0,0,0,0,0,0,0,0,37.3488683700562,0,1.21910759806633,0,0,0,0,0,0.512488603591919,0,0,0,0,0,0,0,0,0,0,0,0,0,0,23.5391258597374,0,37.9922564029694,0,0,0,0,0,0,0,0,248.692936688662,448.781152486801,0.74880588054657,0,0
0,0,0,214.560021817684,0,0,0,0,0,0,0,937.44589972496,0,134.596096396446,0,0,0,0,0,1.14780899882317,0,0,0,0,0,0,0,0,0,0,0,0,0,0,0,0,0,0,0,0,0,0,0,0,0,0,0,0,0,20.9988731741905,0,0,0,0,0,0,0,615.912969365716,0,0,0,35.9819509088993,0,0,0,0,0,0,0,0,100.373333752155,0,0,0,0,0,0,0,0,0,0,0,699.805244207382,1524.37211078405,2.8713555932045,0,0
5.50571608543396,0,278.613548487425,0,0,0,0,0,0,0,0,0,0,0,0,0,0,0,0,0,0,0,0,0,0,0,0,0,0,0,0,0,0,0,0,0,0,0,0,0,0,0,0,0,0,0,0,0,31.9537004232407,0,0,0,0,0,0,0,0,0,0,0,0,0,0,0,0,0,0,0,0,0,0,0,0,0,0,0,0,0,0,0,0,0,0.553129494190216,0,22.409684419632,0,0
0,172.172951042652,0,62.0153868198395,0,0,0,0,0,126.52022793889,0,0,0,77.0610842704773,0,202.3154078722,0,152.236057758331,0.233925595879555,0,0,0,0,0,0,0,0,0,0,0,0,0,0,0,0,0,0,1.99720621109009,0,0,0,15.2369647026062,0,0,0,0,0,0,0,123.286242216825,0,0,0,0,0,103.348245851696,0,40.4081167280674,0,35.9819509088993,0,0,0,0,0,0,61.6606275439262,0,0,0,21.7034549713135,0,0,0,0,0,0,0,0,0,0,0,243.808440700173,32.2024996578693,175.462803401053,0,0
0,3.66424986720085,0,48.6931316480041,0,3.4784781485796,0,0,0,40.2108581513166,0,3422.08959817886,0,0,0,0,1.03588396310806,194.871924586594,376.184025458992,5230.70111323893,0,0,0,1.55593346059322,0,0,0,0,0,0,0,0,0,0,0,593.380711704493,0,1287.63564950228,0,114.834511384368,1.37976276874542,34.2443969249725,0,0,0,353.538627356291,25.0744275972247,0,0,0,0,0.241785168647766,0,0,0,0.364589214324951,0,353.382310047746,0,0,0,0,0,0.699989184737206,0,0,0,0,0,0,0,0,10.9653627872467,0,0,0,0,0,45.6484562456608,2.38485423475504,85.8006826490164,0,2509.98095812649,4.55608609318733,834.467976480722,0,0
0.15902353823185,0,1.9553058296442,0,0,0,0,0,0,0,0,0,0,0,0,0,23.0873970612884,0.654884159564972,91.9652132987976,0,189.604868799448,0,0,0,0,0,0,0,0,0,0,0,0,0,0,0,776.463087320328,0,87.2825897336006,2.4837904125452,9.10757225751877,0.44159784913063,9.14520408213139,0,0,4.18886372447014,758.252512395382,0.79225742816925,0.554233402013779,0,0,0,0,0,0,0,439.689115554094,0.118481799960136,0,0,0,0,0.699989184737206,0,0,0,0,0,0,0,0,0,0.131933733820915,2.61336842179298,0,0,0,0,2.46315681934357,330.771634072065,0.127066344022751,2.25351393222809,240.000286102295,6.73902951925993,265.121989250183,0,0
0,0,0,0,0,0,0,0,0,0,0,0,0,0,0,0,0,0,0,0,0,8750.57730937004,2326.67755734921,36.04684227705,0,0,0,143.191680252552,0,0,0,0,0,0,0,0,0,2024.86335068941,237.752287060022,0,0,0,0,0,0,0,0,0,0,0,0,0,0,0,0,0,0,0,0,0,0,0,0,0,0,477.568542093039,0,0,0,0,86.5028140842915,0,0,0,0,0,0,0,0,0,22.6269221305847,0,1915.48012909293,487.68863555789,0,0,0
0,0,0,0,0,0,0,0,0,0,0,0,0,0,0,0,13.7804021835327,0,0,0,0,1170.06317940354,4938.69208836555,0,0,0,0,0,1635.29776889086,0,0,0,0,0,0,0,0,0,3100.20998901129,0,0,0,0,0,0,0,0,0,0,0,0,0,0,0,0,0,0,0,0,0,0,0,0,0,477.568542093039,0,0,0,0,0,0,0,0,0,0,0,0,0,0,0,0,199.465949773788,144.62715831399,333.226387739182,0,0,0
0,65.3663782849908,0,0,0,0,0,0,0,65.5418140292168,0,0,0,0,0,97.6263194233179,0,14.3410660326481,6.56178939342499,0,0,34.6738431453705,0,1206.5056206584,0,0,0,0,0,0,0,0,0,0,0,0,0,1385.74535678327,0,0,0,2.93783451616764,0,0,0,0,0,0,0,139.145297348499,0,0,0,0,0,105.649965971708,0,0,0,0,0,61.6606275439262,0,0,0,0,0,0,0,0,0,0,0,0,0,0,0,0,0,0,349.264167696238,0,603.183258384466,5.61296800523996,114.075237333775,0,0
0,0,0,0,0,0,0,0,105.542810574174,0,0,0,0,0,25.1252929419279,0,0,0,0,0,0,0,0,0,185.561929643154,0,0,0,0,0,0,0,0,0,0,0,0,0,368.393749788404,0,0,0,0.472386837005615,0,0,0,0,0,59.4816201925278,0,0,0,0,0,48.9380273967981,0,0,0,0,0,0,0,0,0,0,0,0,0,0,0,0,0,0,0,0,0,0,0,0,0,0,337.408891171217,242.18127374351,198.814221069217,556.324898198247,0,0
0,0,0,0,0,0,0,0,0,0,0,0,0,0,0,0,0,0,0,0,0,0,0,677.177203595638,0,310.983859419823,0,0,0,0,0,0,0,0,0,0,0,0,0,0,0,0,0,0,0,0,0,0,0,2,0,0,0,0,0,0,0,0,0,0,0,0,0,0,0,0,0,0,0,0,0,0,0,0,0,0,0,0,0,0,0,0,16.3344801664352,0,0,0,0
0,0,0,0,0,0,0,0,0,0,0,0,0,0,0,0,0,0,0,0,0,0,0,0,487.283257246017,0,107.103820323944,0,0,0,0,0,0,0,0,0,0,0,0,0,0,0,0,0,0,0,0,0,7.93712106347084,0,0,0,0,0,0,0,0,0,0,0,0,0,0,0,0,0,0,0,0,0,0,3.02417568862438,0,0.784114420413971,0,0,0,0,0,0,0,0,84.486686706543,0,0,0,0
0,0,0,0,0,0,0,0,0,0,0,510.873466968536,0,0,0,0,0,0,0,0,0,1595.85048046708,0,0,0,0,0,4812.67637944221,0,211.557741224766,0,0,0,0,0,0,0,0,0,0,0,0,0,0,0,0,0,0,0,143.930926918983,0,0,0,0,0,0,0,670.96294696629,0,100.373333752155,0,21.7034549713135,0,0,86.5028140842915,0,0,0,0,0,0,0,351.056556507945,0,0,0,0,0,0,0,0,0,1445.27463638783,1636.73531216383,0,0,0
0,0,0,0,0,0,0,0,0,0,0,0,0,0,0,0,0,0,0,0,0,0,465.408225566149,0,0,0,0,0,2351.99908876419,0,57.2682514190674,0,0,0,0,0,0,0,550.681000173092,0,0,0,0,0,0,0,0,0,94.5113203823566,0,0,0,0,0,0,0,31.2126384228468,0,23.5391258597374,0,0,0,0,0,0,0,0,0,0,3.02417568862438,0,0,0,265.603342473507,0,0,0,0,0,0,0,53.8025515079498,2,7,0.478267580270767,0,0
0,0.151563510298729,0,1.52583305537701,0,0,0,0,0,5.40307976305485,0,16.6672702133656,0,0,0,0,0.140412777662277,41.9960320964456,142.944871991873,0,0,0,0,0.123579598963261,0,0,0,1822.14822638035,0,2450.55984526873,0,0,0,0,0,0,0,1951.4921914041,0,0,0,43.8434442803264,0.131309419870377,0,0,1.38626822829247,3.20971740782261,0,0,159.437992617488,0,0,0,0,0,0.516219556331635,0,1118.646912992,0,0,0,0,10.9653627872467,0.131933733820915,0,0,0,0,0,0,351.056556507945,0,0,0,0,0,0,0,1.11525359004736,0.271270744502544,4.27571926265955,0,596.462149143219,0.873865127563477,559.174038872123,0.272040992975235,0
0,0,0,0,0,0,0,0,0,0,10.5809500217438,0,0,0,0,0,0,0,0,0,0,0,0,0,0,0,0,0,0,0,239.433121651411,0,0,0,0,0,0,0,1222.52638792992,0,0,0,0,0,0,0,0,0,140.499216422439,0,0,0,0,0,0,0,125.787286669016,0,37.9922564029694,0,0,0,0,2.61336842179298,0,0,0,0,0,0.784114420413971,0,265.603342473507,0,0,0,0,0,0,0,0,0,34.4960925430059,66.5545381307602,0,852.060447573662,0,0
0,0,0,0,0,0,0,0,0,0,0,0,0,0,0,0,0,0,0,0,0,0,0,0,0,0,0,0,0,0,0,2291.34649333358,64.259135633707,0,0,943.422285348177,10.2324958443642,0,0,0,0,0,0,0,0,0,0,821.763999372721,46.627598747611,19.8057154715061,0,0,0,0,0,0,0,0,0,0,0,0,0,0,0,0,0,0,0,0,0,0,0,0,0,6.84083712100983,0,0,0,0,0,0,399.539957493544,0,0,0,0
0,0,0,0,0,0,0,0,0,0,0,0,0,0,0,0,0,0,0,0,0,0,0,0,0,0,0,0,0,0,0,1146.74921250343,5672.64968673885,7.70838832855225,286.733654677868,16.2165565490723,2784.85934403539,0,0,0,0,0,0,0,0,0,0,273.489042028785,0.934289634227753,4.98909345269203,0,0,0,0,0,0,0,0,0,0,0,0,0,0,0,0,0,0,0,0,0,0,0,0,6.84083712100983,0,0,0,0,70.4208496809006,0,0,79.5032702684402,0,0,0,0
0,0,0,0,0,0,0,0,0,0,0,0,0,0,0,0,0,0,0,0,0,0,0,0,0,0,0,0,0,0,0,0,1.82450288534164,2030.89238202572,1895.18850883842,63.6213510036469,16.3245957195759,477.049987226725,63.3203001022339,0,0,0,0,0,0,0,0,22.4887838363647,0,0,0,0,0,0,0,0,0,0,0,0,0,0,0,0,0,0,0,0,0,0,0,0,0,0,0,0,0,1594.89033424854,0,0,62.282316327095,370.065464615822,525.561809539795,49.0406966805458,0,0,0
0,0,0,0,0,0,0,0,0,0,0,0,0,0,0,0,0,0,0,0,0,0,0,0,0,0,0,0,0,0,0,0,2.67137610912323,1510.98150500655,5740.88368621469,0,955.585039764643,0,327.639742553234,0,0,0,0,0,0,0,0,5.83888518810272,0,0,0,0,0,0,0,0,0,0,0,0,0,0,0,0,0,0,0,0,0,0,0,0,0,0,0,0,1594.89033424854,0,0,0,3.31247305870056,21.5293653905392,11.9126040935516,1.34709465503693,0,0,0
0,7.03807872533798,0,44.2403708994389,0,3.31899237632751,0,0,0,24.3538827300072,0,95.6387990117073,0,0,0,0,1.88811974227428,210.229089029133,467.690491773188,385.999723881483,0,0,0,0.672930553555489,0,0,0,0,0,0,0,1.22334307432175,0,0,0,23577.2473493218,291.559766516089,673.131884396076,0,72.932494610548,4.69522545486689,70.7305848002434,0.542296752333641,0,0,310.701769933105,39.0886994227767,122.877280727029,0,94.9534306973219,0,0,0,0,0,0.967655837535858,0,6.66623474657536,0,0,0,0,45.6484562456608,2.46315681934357,0,0,0,0,0,0,0,0,1.11525359004736,0,0,0,0,0,0,2178.06282056868,228.701482705772,0,6614.24433710426,584.714334771037,453.580146975815,4.44027836620808,0
0.149068236351013,0,2.05063320696354,0,0,0,0,0,0.825396254658699,0,0,0,0,0,0,0,76.8295667916536,7.51218953728676,224.231708645821,0,163.845288515091,0,0,0,0,0,0,0,0,0,0,1,206.11668241024,0,0,15798.3802692294,18702.8428108394,0,605.209570288658,4.10153542459011,144.897258222103,2.52912493795156,12.8640728741884,0,0,7.83446034789085,297.890633635223,981.152587234974,24.5911433398724,0,0,0,0,0,0,0,0,0.527214363217354,0,0,0,0,2.38485423475504,330.771634072065,0,0,0,0,0,0,0,0,0.271270744502544,0,0,70.4208496809006,0,0,2178.06282056868,0,0.207721076905727,1519.49358516932,5390.67154403776,2223.4182362929,218.02002248168,0,0
0,0.296365842223167,0,0.225540332496166,0,0,0,0,0,1.4132824242115,0,127.023451328278,0,0,0,0,0.492373660206795,157.13209310174,395.79402706027,0,0,173.594628751278,0,219.514693588018,0,0,0,0,0,154.539714396,0,0,0,85.8293673694134,28.9785312414169,386.711238443851,0,17719.1953397244,1562.61511850357,17.3178363144398,0,142.540567345917,0.126821473240852,0,0,10.9112032353878,5.02508683502674,1139.5098837018,0,28.6553859114647,0,0,0,0,0,0,0,1.27597446739674,0,0,0,0,85.8006826490164,0.127066344022751,22.6269221305847,0,349.264167696238,0,0,0,0,0,4.27571926265955,0,0,0,62.282316327095,3.31247305870056,228.701482705772,0.207721076905727,0,478.055062055588,1528.17551336437,230.712327882648,57.7267217934132,24.9498123079538,0
0,0,0,0,0,0,0,0,0.229461789131165,0,0,0,0,0,0,0,4.6265866458416,0.60023307800293,10.5882869809866,0,0,6.62926208972931,2.25836801528931,0,102.375829219818,0,0,0,60.5204906463623,0,0,0,0,177.354470431805,208.775529772043,0,3012.00407314301,951.370189994574,14406.3353537619,0,0.245363682508469,0,0.226661026477814,0,0,0,1.27569478750229,1728.18018767238,41.5455436706543,0,0,0,0,0,0,0,0,0,0,0,0,0,0,2.25351393222809,0,199.465949773788,0,337.408891171217,0,0,0,53.8025515079498,0,34.4960925430059,0,0,370.065464615822,21.5293653905392,0,1519.49358516932,478.055062055588,0,409.219715222716,272.631206214428,57.3820585459471,0,0
16.5072143524885,17.6019033491611,286.938835442066,293.706284925342,946.130381882191,2981.66352233291,859.586007595062,284.784938693047,1094.01351247728,980.63560372591,1251.89953860641,655.017932355404,601.481335133314,760.368958175182,180.827686816454,863.542951747775,5157.57304000109,8714.97121312469,5622.78794679046,353.111010089517,86.3021954596043,5254.95806191862,1597.49404039979,543.499407418072,354.34261071682,243.188535049558,110.721005320549,3084.2527795583,1289.00815296173,184.76039981842,65.8786060810089,880.236856639385,136.260396957397,1277.55482453108,70.9755676388741,4975.41345998645,6853.2180082947,2895.96038067341,564.097271934152,335.287929899991,339.969740413129,940.7140308097,818.526869677007,0.534519791603088,0,879.242599450052,553.241382941604,3756.78541278839,4437.67949470133,2056.94050906599,12.9499773681164,417.717571437359,6.53233981132507,284.925715923309,215.661504730582,93.9230438098311,939.343611180782,1503.09214373678,248.692936688662,699.805244207382,0.553129494190216,243.808440700173,2509.98095812649,240.000286102295,1915.48012909293,144.62715831399,603.183258384466,242.18127374351,16.3344801664352,84.486686706543,1445.27463638783,2,596.462149143219,66.5545381307602,399.539957493544,79.5032702684402,525.561809539795,11.9126040935516,6614.24433710426,5390.67154403776,1528.17551336437,409.219715222716,0,25179.5289865285,7822.40981402248,1.78592857718468,3.16059932112694
1.72401523590088,7.10760590434074,163.561664715409,18.3043124526739,0,10.3175918161869,19.6163095831871,152.904659032822,81.5058308392763,1321.0426736623,1487.32297083735,35.5465313196182,1502.70537602901,4547.70380851626,287.720499098301,408.205716490746,633.094497390091,508.131584659219,212.29754383117,0,0,3360.75531581044,2935.2975718081,1.82662922143936,29.5912805199623,0,0,3528.11885723472,894.462630033493,0,0,0,0,65.7919325381517,0,2095.47709535062,6073.73520410061,75.3896999955177,298.3039034307,0,2.51312174648046,30.3949132934213,2.72813306748867,0,0,1.14523333311081,114.845007091761,121.402772590518,16.7733534872532,0.254499971866608,0,2.36112695932388,0,7.65322732925415,0,20.6977688670158,728.831258893013,60.0425948128104,448.781152486801,1524.37211078405,0,32.2024996578693,4.55608609318733,6.73902951925993,487.68863555789,333.226387739182,5.61296800523996,198.814221069217,0,0,1636.73531216383,7,0.873865127563477,0,0,0,49.0406966805458,1.34709465503693,584.714334771037,2223.4182362929,230.712327882648,272.631206214428,25179.5289865285,0,291.206324972212,0,0
156.935928791761,674.247819118202,1122.95711732656,1048.79595045,92.1114248484373,72.416552990675,0,0,92.7810762748122,352.409106276929,4.00160720944405,0.470494836568832,0,0,0,34.2382962480187,1366.56369039416,1019.16461372375,7624.87255609035,215.527120247483,93.5260637700558,0,0,55.4971059784293,86.1850407421589,0,0,0,0,0,0,0,0,0,0,324.991775229573,57.8741583675146,486.494340613484,207.898047074676,2600.45651859045,1463.8905197531,5738.89619726688,4634.20098364353,0,0,3919.39796913415,4122.58380080014,0,1332.33942513168,1025.49564790726,117.851065352559,7.43758189678192,0,0,94.9805688560009,50.9090890064836,71.2568911314011,500.702613428235,0.74880588054657,2.8713555932045,22.409684419632,175.462803401053,834.467976480722,265.121989250183,0,0,114.075237333775,556.324898198247,0,0,0,0.478267580270767,559.174038872123,852.060447573662,0,0,0,0,453.580146975815,218.02002248168,57.7267217934132,57.3820585459471,7822.40981402248,291.206324972212,0,25.3662726581097,22.465282946825
0,0,0,0,0,0,0,0,0,0,0,0,0,0,0,0,0.689073517918587,15.4967001602054,16.0307508856058,0,0,0,0,0,0,0,0,0,0,0,0,0,0,0,0,0,0,0,0,0.155369013547897,0,15.0065758675337,0.482036158442497,0,0,0,0,0,0,0,0,0,0,0,0,0,0,0.47586715221405,0,0,0,0,0,0,0,0,0,0,0,0,0,0,0.272040992975235,0,0,0,0,0,4.44027836620808,0,24.9498123079538,0,1.78592857718468,0,25.3662726581097,0,0
0,0,0,0,0,0,0,0,0,0,0,0,0,0,0,0,0,0.898618839681149,7.20860437303782,0,0,0,0,0,0,0,0,0,0,0,0,0,0,0,0,0,0,0,0,0,0,0.150828912854195,33.3995209634304,0,0,0,0,0,0,0,0,0,0,0,0,0,0,0,0,0,0,0,0,0,0,0,0,0,0,0,0,0,0,0,0,0,0,0,0,0,0,0,3.16059932112694,0,22.465282946825,0,0
