0,0,0.00800663101231571,0,0,0,0,0,0.00686674114048393,0,2.65714348963505e-05,0,0,0,0,0,0.000199948812623178,9.53335407209654e-05,0.00258471596154964,0,0,0,0,0,0,0,0,0,0,0,0,0,0,0,0,0,4.88821631709393e-06,0,0,3.72416544657962e-05,0.000311744016449736,0,0.00273437744762317,0,0,0,0,0,0.00821126227403567,0,0,0,0,0,0.0263471249219566,0,0.00049902779530242,0,0,0,0.00965572656455525,0,0,0.000387576507848685,0,0,0,0,0,0,0,0,0,0.00256678116682037,0,0,0,0,2.37522476781803e-05,0.000712215388723453,0,8.41294802047123e-06,0.000188695063374686,0,0.0110535533170806,0,0.000467185267089126
0,0,0,0.00195560792008828,0,0.000337243600127476,0,0,0,0.0316704314669575,0,1.98425979075957e-05,0,0,0,0.000361540279683185,3.81386504182905e-05,1.03487001089579e-05,0.00167372015891333,6.05942245897559e-05,0,0,0,8.79242592438283e-05,0,0,0,0,0,0,0,0,0,0,0,2.15065074598315e-06,0,0,0,0.000254282932161246,0,0.0143818030461262,0,0,0,0,0,0,0,0.0102075641619798,0,0,0,0,0,0.033064459207228,0,0.00187069334488225,0,0,0,0.00246242841109877,4.16130472291852e-05,0,0,0,0.00034361366031645,0,0,0,7.12238130396534e-05,0,0.000360209953130941,0,0,0,0,0,0.000189764013006851,1.11863875458218e-05,0,0,0.000386755595005488,0,0.00621194584242948,0,0
0.00800663101231571,0,0,0,0.0080143469078516,0,0,0,0.0133570212528402,0,3.48689520738403e-05,0,0,0,0,0,0,0,0,0,0.000546114386871213,0,0,0,0,0,0,0,0,0,0,0,0,0,0,0,4.04558355234312e-05,0,0,0,0.000711885540289212,0,0.00467488712826783,0,0,0,0,0,0.00975746942619599,0,0,0,0,0,0.000888703891052962,0,0.00212846132232303,0,0.000374422887061099,0,0.0131932562146287,0,0,0.000696724653918256,0,0,0,0,0,0,0,0,0,0.00130828016510872,0,0,0,0,0,6.79507110572658e-05,0,0,0.000261252426483324,4.06993784277863e-05,0.0103002494332569,0,0.0021979027615913
0,0.00195560792008828,0,0,0,0.0317194806511293,0,0,0,0.00154807119889583,0,1.11236637995154e-05,0,0,0,0,0,0,1.47606125624059e-05,0.00136664970066291,0,0,0,0,0,0,0,0,0,0,0,0,0,0,0,0,0,0,0,0,0,0.00574859612921127,0,0,0,0.000302200210214763,0,0,0,0.00622926384955275,0,0.0172361597595898,0,0,0,0,0,0.0114110830561682,0,0.00358724518159889,0,0.000326999517001613,0.000302501738467772,0,0,0,0,0,0,0,0,0,0.000608807921458688,0,0,0,0,0,2.17850293006847e-05,0,0,0,4.02185562994683e-05,0,0.00466238948060802,0.00170296888217535,0
0,0,0.0080143469078516,0,0,0,0,0,0,0,0,0,0,0,0,0,0,0,0,0,0.00100283400720175,0,0,0,0,0,0,0,0,0,0,0,0,0,0,0,0,0,0,0,0,0,0,0,0,0,0,0,0,0,4.88624100406431e-05,0,0,0,0,0,0.000151545728463318,0,0.000324109747400655,0,0.00120532219186159,0,0,0.0006826209854972,0,0,0,0,0,0,0,0,0,0.000655246024042728,0,0,0,0,0,0,0,0,0.000293546512232698,5.04165153816645e-05,0.00101229130910706,0,0
0,0.000337243600127476,0,0.0317194806511293,0,0,0,0,0,0.00119606719181904,0,0,0,0,0,0,0,0,0,0.00307282586411928,0,0,0,0,0,0,0,0,0,0,0,0,0,0,0,0,0,0,0,0,0,0,0,0,0,0,0,0,0,0,0,0.0209340069288299,0,0.00842733416325147,0,0,0,0,0,0,0,0,0,0,0,0,0,0,0,0,0,0,0,0,0,0,0,0,0,0,0,0,0.000525599550040414,1.0374412400396e-05,0.00220286961796299,0,0
0,0,0,0,0,0,0,0,0,0,0.000599589106778403,0,0,0,0,0,0,0,0,0,0.00728704455950853,0,0,0,0,0,0,0,0,0,0,0,0,0,0,0,0,0,0,0,0,0,0,0,0,0,0,0,0,0,0,0,0.00693129896471699,0,0,0,0,0,0.014124414501868,0,0,0,0,0.000298930621153885,0,0,0,0,0,0,0,0,0,0,0,0,0,0,0,0,0,0,0.000140603135657318,0,0,0,0
0,0,0,0,0,0,0,0,0,0,0,0,0,0.000147117758875658,0,0,0,0,0,0.000432695239851805,0,0,0,0,0,0,0,0,0,0,0,0,0,0,0,0,0,0,0,0,0,0,0,0,0,0,0,0,0,0,0,0.000382892542417079,0,0.0260139534494546,0,0,0,0.000792231965127012,0,0.00686396095975272,0,0,0.000760285135106556,0,0,0,0,0,0,0,0,0,0,0,0,0,0,0,0,0,0,0,7.02077941992698e-06,0,0,0,0
0.00686674114048393,0,0.0133570212528402,0,0,0,0,0,0,0,0,0,0,0,0.0155952072266986,0,0.00123686524053147,3.46612147745595e-05,0.000309592928212693,0,0,0,2.41378955512437e-05,0,0.00116438551226362,0,0.000130520848228285,0,0,0,0,0,0,0,0,0,0,0,0.000621451579058794,0,0,0,0.000935551338527817,0,0,0,0,0,0,0,0,0,0,0,0.0868128149841911,0,0,0,0,0,0.00688175199797432,0,0,0,0,0,0,0.000182395693971286,0,5.64460405759356e-05,0,0,0,0,0,0,0,0,0,0,0,6.46939221560181e-05,0.000145633174937918,0.000199883692979386,0.00139589789527277,0,0
0,0.0316704314669575,0,0.00154807119889583,0,0.00119606719181904,0,0,0,0,0,0,0,0,0,0.0154493813710883,0.000114441017668207,0.001263430364625,2.19642365167861e-05,0,0,0,0,0.00321265595251567,0,0.000519054737888169,0,0,0,0,0,0,0,0,0,0,0,0.000252155218655719,0,9.28746470910662e-05,0,0.0018167685167953,0,0,0,0,0,0,0,0,0,0,0,0,0,0.0765643998569722,0,0,0,0,0,0.00795942380815134,0,0,0,0,0.000649259281390977,0,0.020340918882014,0,0,0,0,0,0,0,0,0,0,0,0.000428536695557818,0,0.000937099495879992,0.000570511975364576,0.00107993250122563,0,0
2.65714348963505e-05,0,3.48689520738403e-05,0,0,0,0.000599589106778403,0,0,0,0,0,0.00237710676438533,0,0,0,0,0,0,0,0.00921923482256691,0,0,0,0,0,0,0,0.000164485261930308,0,0.00210166495935632,0,0,0,0,0,0.000891356722913168,0,0.0102769691962638,0,0,0,0,0,0,0,6.86239420057046e-05,0,0,0,2.8155934320752e-05,0,0,0,0,0,0.0631435870831059,0,0.0015652015800012,0,0,0,0,0.00644550271943316,0,0,0,0,0,0,0,0,0,0.00300991106663058,0,0,0,0,0,9.58585864185764e-07,0,0.00277712166739213,0.000777570530216122,0,2.83151963979875e-05,0,0
0,1.98425979075957e-05,0,1.11236637995154e-05,0,0,0,0,0,0,0,0,0,0.0409727574822282,0,0,0,0,1.41252394716008e-05,0.00814111116406501,0,0,0,0,0,0,0,0.000965072190987194,0,0.00169559372237547,0,0,0,0,0,0.0018138855712695,0,0.0164128652592386,0,0,0,1.65413300000798e-05,0,0,0,0.000191037314409486,0,0,0,0,0,0.000260962152261487,0,0,0,0,0,0.0964507616409993,0,0.0326536321913033,0,0,0.00359267463811985,0,0,0,0,0,0,0,0,0,0.000309468633516674,0,0,0,0,0,8.92427520429256e-06,0,0.00452624597044567,0,0.00140926359825027,0,0.000105241775780997,0,0
0,0,0,0,0,0,0,0,0,0,0.00237710676438533,0,0,0,0,0,0,0,0,0,0,0,0,0,0,0,0,0,0.000528147439222604,0,0,0,0,0,0,0,0,0,0,0,0,0,0,0,0,0,0,0,0,0,0,0,0,0,0,0,0.00113011454663623,0,0.012388021711089,0,4.31555155665144e-05,0,0,0,0,0,0,0,0,0,0,0,0,0,0,0,0,0,0,0,0,0,2.53291945824472e-05,0,0,0,0
0,0,0,0,0,0,0,0.000147117758875658,0,0,0,0.0409727574822282,0,0,0,0.00180356398290932,0,0,0,0,0,0,0,0,0,0,0,0,0,0,0,0,0,0,0,0,0,0,0,0,0,0,0,0,0,0,0,0,0,0,0,0,0,0,0,0,0,0.00484691008339212,0,0.0267365159866149,0,0,0,0,0,0,0,0,0,0,1.2738417733886e-05,0,0,0,0,0,0,0,0,0,0,0,9.94921205542165e-05,0.000489791532523155,0,0,0
0,0,0,0,0,0,0,0,0.0155952072266986,0,0,0,0,0,0,0,3.67618460987618e-05,0,0,0,0,0,0,0,0,0,0,0,0.000921098950990408,0,0,0,0,0,0,0,0,0,0,0,0,0,1.243207742317e-05,0,0,0,0,0,0.000211736418683597,0,0,0,0,0,0.00421730639006395,0,0,0,0.000383050655639344,0,0.0201940283784276,0,0,0,0,0,0,0,0,0,0,0.00280658085090883,0,0,0,0,0,0,0,0,0,0,6.98291913616861e-07,0,0,0,0
0,0.000361540279683185,0,0,0,0,0,0,0,0.0154493813710883,0,0,0,0.00180356398290932,0,0,0,0.000466445948751228,0,0,0,0,0,0,0,0,0,0,0,0,0,0,0,0,0,0,0,0,0,0,0,0,0,0,0,0,0,0,0,0,0,4.24109131915672e-05,0,0,0,0.0208127875758117,0,0,0,0,0,0.0187417077385506,0,0,0,0,0,0,0,0,0,0,0,0,0,0,0,0,0,0,0,0,0.000463129637673923,0.000601519246419683,0,0,0
0.000199948812623178,3.81386504182905e-05,0,0,0,0,0,0,0.00123686524053147,0.000114441017668207,0,0,0,0,3.67618460987618e-05,0,0,0.091216361768038,0.0480364901000222,2.7154334088494e-05,0,0.000688297569993656,0.00811085426350291,0.00131294644932452,0.014130781240189,0.001030584677673,0.0150059538136554,0,0,0,0,0,0,0,0,6.22693622145429e-06,2.46807802959504e-05,0,0,0.000253119001222777,0.000218674205028669,0.000428931506744707,0.000407094123195856,3.50428538657297e-06,0.000387402173230387,0.000275975332926085,0.000186541574603321,0,3.2294942971002e-06,0,0,0,0,0,2.70424780888384e-05,0,3.83755503850034e-05,4.38189596929595e-05,0,0,2.78505603189543e-05,0,0.000219836259816685,0.000419687621773448,2.9226421589587e-05,0.000386188844311822,3.61170476492816e-06,0.00088340159931834,8.85212300698636e-05,0.0105471173175326,0,0,5.7879258246828e-06,5.73930350902253e-05,0,0,0,0,0.000895220470941516,0.000886568293646324,0,0,0.0139243547712477,6.39799864323451e-06,0.00142733279957867,2.0208417668584e-05,0.000199107206197066
9.53335407209654e-05,1.03487001089579e-05,0,0,0,0,0,0,3.46612147745595e-05,0.001263430364625,0,0,0,0,0,0.000466445948751228,0.091216361768038,0,0.04273516703375,3.11383001494827e-06,0,0.0137777414225907,0.000164454371426784,0.00997079292223021,0.000671656899167489,0.0523999355091623,0.000355297573212745,0.00534411674745507,0,0,0,0,0,0,0,7.42506046776673e-06,1.41583038943057e-05,0,0,0.000372429139760338,5.97656488804797e-05,0.00037036766775948,0.00018328621853635,8.23382791415917e-06,0.000220299187950533,0.00043385336172699,6.99629374589284e-05,0,3.20825102558897e-05,0,0,0,0,0,0,0,4.74386233099847e-06,3.54953043008106e-05,0,0,0,0,0.000350599407830653,0.00035981996900667,0.00219088926564955,0,0.00136288865348562,0,0.00874227303427414,0.000412989839621033,4.59475250609567e-05,0,0,0,0,0,0,0,0.00050673595745726,0.000446192742549981,0,0,0.0192490893697155,0.000438337579083938,0.000796002790897872,6.42051455048955e-05,0.00028469309219202
0.00258471596154964,0.00167372015891333,0,1.47606125624059e-05,0,0,0,0,0.000309592928212693,2.19642365167861e-05,0,1.41252394716008e-05,0,0,0,0,0.0480364901000222,0.04273516703375,0,1.92052806590971e-05,0,0.000155431288815183,0.000206455027124164,0.000790415715304358,0.00102243847787914,0.000916185743211504,0.000325035685349341,0,0,0,0,0,0,0,0,0.000244460433854864,0.000419020332964571,0,0,0.00946284430214709,0.00450941146894175,0.016822363358935,0.011655756159437,0.00131870614305285,0.00749461934879375,0.00890988955124577,0.00304889037682188,0,0.000231113865369481,2.45035372061448e-05,0,0,0,0,0,0,0.000992090897425819,0.00398135707991146,0,0,0,0,0.0046676401709799,0.00991850100543382,5.61512047217327e-05,0,0,3.46571894249648e-05,4.56739656942242e-05,0.000756456277570434,0,0,0.000536844480785491,0.0021249459014494,0,0,0,0,0.0126125436676778,0.0112618642101477,0,2.77425491877828e-05,0.00998934311088049,0,0.0352048207562184,0.00886706634519771,0.00690213555558306
0,6.05942245897559e-05,0,0.00136664970066291,0,0.00307282586411928,0,0.000432695239851805,0,0,0,0.00814111116406501,0,0,0,0,2.7154334088494e-05,3.11383001494827e-06,1.92052806590971e-05,0,0,0,0,0,0,0,0,0,0,0,0,0,0,0,0,0.00345558851280893,0,0.00528159076144146,0,0.000206678073142952,0,1.1985398647777e-05,0,0,0,0.000531643730956954,0,0,0,8.33332319343343e-05,0,0,0,0,0,0,0,0.000665583152084561,0,0,0,0,0.0734818830542139,0,0,0,0,0,0,0,0,0,0,0,0,0,0,0,0.00111498416974727,0,0,0,0.000867066931745248,0,0.00254513207559114,0,0
0,0,0.000546114386871213,0,0.00100283400720175,0,0.00728704455950853,0,0,0,0.00921923482256691,0,0,0,0,0,0,0,0,0,0,0,0,0,0,0,0,0,0,0,0,0,0,0,0,0,0.010976777287525,0,0.00157900322458001,0,0,0,0,0,0,0,0.000689697721241594,0,0,0,0,0,0,0,0,0,0.00289904759152562,0,0,0,0,0,0,0.0806612845540908,0,0,0,0,0,0,0,0,0,0.000143155941583416,0,0,0,0,0,0.00430254689194383,0,0.00027876296281469,0.00131145272699327,0,0.0041678835041725,0,0
0,0,0,0,0,0,0,0,0,0,0,0,0,0,0,0,0.000688297569993656,0.0137777414225907,0.000155431288815183,0,0,0,0.00369709864265555,0.0034000386934429,0,0.00435926902681602,0,0.00198309661847239,0,0,0,0,0,0,0,0,0,0.00944668170029074,5.12070427602389e-05,0,0,0,0,0,0,1.55579673745751e-05,0,0,0,0.00208237510762819,0,0,0,0,0,0,0,0,0,0,0,0,2.50498381318295e-06,0,0.0765325904034991,0.000115682258595123,0.000674917937121058,0,0.00127708760699455,0,6.13588459388343e-05,0,0,0,0,0,0,0,0,0,0.00582087475728784,0,0.00356070958088164,0.00040457781079995,1.09125806697304e-05,0,0
0,0,0,0,0,0,0,0,2.41378955512437e-05,0,0,0,0,0,0,0,0.00811085426350291,0.000164454371426784,0.000206455027124164,0,0,0.00369709864265555,0,0,0.0040413609383665,0,0.00494724150735314,0,0.00129019354649849,0,0,0,0,0,0,0,0,0.000942469826639817,0.00650276319214129,0,0,0,0,0,0,0,0,0,0.00116385038649582,0,0,0,0,0,0,0,0,0,0,0,0,0,0,0,0.000719514789242332,0.0934962485054207,0,0.00663680464615986,0,0.000674871056303801,0,0.000595821378892636,0,0,0,0,0,0,0,0,0,0.0049900086279205,0.0029087534365952,0.000233108117127876,0,0,0
0,8.79242592438283e-05,0,0,0,0,0,0,0,0.00321265595251567,0,0,0,0,0,0,0.00131294644932452,0.00997079292223021,0.000790415715304358,0,0,0.0034000386934429,0,0,0.000135807457829075,0.0273988796908405,0,0,0,0,0,0,0,0,0,0,0,0.00272290575711297,0,0,0,1.8366211473817e-05,0,0,0,9.82862642092493e-06,0,0,0,0.000627337560248268,0,0,0,0,0,0.00510479931349148,0,0,0,0,0,0,0,0,0.00306929792568973,0,0.0551132899217557,0,0.00448863876408415,4.64561320831463e-05,0,0,0,0,0,0,0,0,0,4.22722646371449e-06,0.00464330015397842,0,0.00113570585835138,0,0.00123451397854364,0,0
0,0,0,0,0,0,0,0,0.00116438551226362,0,0,0,0,0,0,0,0.014130781240189,0.000671656899167489,0.00102243847787914,0,0,0,0.0040413609383665,0.000135807457829075,0,0,0.0939932101667913,0,0,0,0,0,0,0,0,0,0,0,0.00504212573159084,0,0,0,2.84941669977545e-05,0,0,0,0,0,0.0017708285231765,0,0,0,0,0,0.0124070670360047,0,0,0,0,0,0,0,0,0,0,0.00054104573009998,0,0.0636693034451314,0,0.00654738920445111,0,0,0,0,0,0,0,0,2.83673791240158e-05,1.19682739088206e-05,0,0.00112537176711991,0.000389483961702972,0,0.000461206009738198,0,7.92054881737312e-05
0,0,0,0,0,0,0,0,0,0.000519054737888169,0,0,0,0,0,0,0.001030584677673,0.0523999355091623,0.000916185743211504,0,0,0.00435926902681602,0,0.0273988796908405,0,0,0,0.00119496551800679,0,0,0,0,0,0,0,0,0,0,0,0,0,0,0,0,0,0,0,0,0,0,0,0,0,0,0,0,0,0,0,0,0,0,0,0,0.00228348968986103,0,0.023781668298811,0,0.0306900663022234,0,4.91014434373938e-05,0,0,0,0,0,0,0,0,0,0,0,0.00114741694311164,1.12742128399269e-05,0,0,0
0,0,0,0,0,0,0,0,0.000130520848228285,0,0,0,0,0,0,0,0.0150059538136554,0.000355297573212745,0.000325035685349341,0,0,0,0.00494724150735314,0,0.0939932101667913,0,0,0,0.00191568854127077,0,0,0,0,0,0,0,0,0,0,0,0,0,0,0,0,0,0,0,0,0,0,0,0,0,0,0,0,0,0,0,0.000125160281036244,0,0,0,0,0.00185211415713107,0,0.0329990537008413,0,0.0184217453360722,0,5.88427071630624e-05,0,0,0,0,0,0,0,0,0,0,0.000483213273489055,0,1.181230283366e-05,0,0
0,0,0,0,0,0,0,0,0,0,0,0.000965072190987194,0,0,0,0,0,0.00534411674745507,0,0,0,0.00198309661847239,0,0,0,0.00119496551800679,0,0,0,0.00453663098086986,0,0,0,0,0,0,0,0.000339193256275256,0,0,0,0,0,0,0,0,0,0,0,0,0,0,0,0,0,0,0,0,0,1.41064954707657e-05,0,0,0,0,0.000517130060674722,0,0,0,0.00269014452607914,0,0.0212789974477819,0,0.00210984687108259,0,0,0,0,0,0,0,0.000442783990612723,0,0.000410362298998293,1.42133016356475e-05,0,0,0
0,0,0,0,0,0,0,0,0,0,0.000164485261930308,0,0.000528147439222604,0,0.000921098950990408,0,0,0,0,0,0,0,0.00129019354649849,0,0,0,0.00191568854127077,0,0,0,0.0058662012550194,0,0,0,0,0,0,0,4.7310023414851e-05,0,0,0,0,0,0,0,0,0,0.000220090549359537,0,0,0,0,0,0,0,0,0,0,0,0,0,0,0,0,0.000638012940119601,0,0,0,0.00106517593128792,0,0.0317885134635007,0,0.0116130993711637,0,0,0,0,0,0,0,0.000332126334254642,2.44861688015838e-05,0,0,0,0
0,0,0,0,0,0,0,0,0,0,0,0.00169559372237547,0,0,0,0,0,0,0,0,0,0,0,0,0,0,0,0.00453663098086986,0,0,0,0,0,0,0,0,0,0.00249409651777675,0,0,0,0,0,0,0,0,0,0,0,0,0,0,0,0,0,0,0,0,0,0.000111172132582318,0,0,0,0,0,0,0,0,0,0,0,0,0.0943591088538343,0,0,0,0,0,0,0,0.000301919668956498,0,8.48003058912759e-05,0,0,0,0
0,0,0,0,0,0,0,0,0,0,0.00210166495935632,0,0,0,0,0,0,0,0,0,0,0,0,0,0,0,0,0,0.0058662012550194,0,0,0,0,0,0,0,0,0,0.00347751219528501,0,0,0,0,0,0,0,0,0,0,0,0,0,0,0,0,0,0,0,0,0,0,0,0,0,0,0,0,0,0,0,0,7.32953558210391e-05,0,0.0459176133150876,0,0,0,0,0,0,0,0.00105948768880481,0.000333619618224859,0,0,0,0
0,0,0,0,0,0,0,0,0,0,0,0,0,0,0,0,0,0,0,0,0,0,0,0,0,0,0,0,0,0,0,0,0.0732087761674445,0.00193529008259265,0.000738153921714427,0.00263287580788041,2.27691022638246e-05,0,0,0,0,0,0,0,0,0,0,0.0247730374436815,0,0,0,0,0,0,0,0,0,0,0,0,0,0,0,0,0,0,0,0,0,0,0,0,0,0,0.138265613794052,0.0402083058789049,0.00268328816508223,0,0.000920959911889538,7.92161640232452e-05,0,0,0.00045961458753825,0,0,0,0
0,0,0,0,0,0,0,0,0,0,0,0,0,0,0,0,0,0,0,0,0,0,0,0,0,0,0,0,0,0,0,0.0732087761674445,0,6.6956810769625e-05,0.00814089378144051,0.000421543917516443,0.00429704472697165,0,0,0,0,0,0,0,0,0,0,0.0241062013256689,0,0,0,0,0,0,0,0,0,0,0,0,0,0,0,0,0,0,0,0,0,0,0,0,0,0,0.000552462400113958,0.0521064578889317,0,0.012903132557534,0.000106261355846934,0.000147759811790898,0,0,0.000724851826731454,0,0,0,0
0,0,0,0,0,0,0,0,0,0,0,0,0,0,0,0,0,0,0,0,0,0,0,0,0,0,0,0,0,0,0,0.00193529008259265,6.6956810769625e-05,0,0.0468513642085144,0.00192765038536273,0,0.00827167261557071,0,0,0,0.000345174932731582,1.44482380570901e-05,0,0,0,0,0.0169001040142602,0,0,0,0,0,0,0,0,0,0,0,0,0,0,0,0,0,0,0,0,0,0,0,0,0,0,0.00655198666502557,0.00271532916750855,0.0869254341882584,0.0190067815792584,0.00107165604740486,0,0.00252107477436382,0,0.00112887926383138,0.000256957785699519,0.000101025720596407,0,0
0,0,0,0,0,0,0,0,0,0,0,0,0,0,0,0,0,0,0,0,0,0,0,0,0,0,0,0,0,0,0,0.000738153921714427,0.00814089378144051,0.0468513642085144,0,0,0.00350089729033474,0.000441246736108781,0.00109934001510507,0,0,9.70017453197332e-05,0,0,0,0,0,0.0294165546140094,0,0,0,0,0,0,0,0,0,0,0,0,0,0,0,0,0,0,0,0,0,0,0,0,0,0,0,0.00391663174799799,0.0260496256683965,0.187286166918224,0,0.000620373446106024,0,0.000633424181152594,0.000542705251432502,0,0.000184274331376686,0,0
0,2.15065074598315e-06,0,0,0,0,0,0,0,0,0,0.0018138855712695,0,0,0,0,6.22693622145429e-06,7.42506046776673e-06,0.000244460433854864,0.00345558851280893,0,0,0,0,0,0,0,0,0,0,0,0.00263287580788041,0.000421543917516443,0.00192765038536273,0,0,0.000792139421418949,0.00598330724176428,0,4.6989467634561e-05,0,0.000111293636033874,0,0,0,0.00012264046189739,0,7.55539612534934e-05,0,4.92558083066112e-05,0,0,0,0,0,0,0,0.000998636366810374,0,0,0,0,0.00399388404812358,0,0,0,0,0,0,0,0,0,1.05540922937196e-06,0,0.00652143058334102,5.10272126268154e-05,0.00128231333883846,0,0.0768617331204251,9.51123365764926e-05,0.00217666046045656,0,0.00461152170349662,6.87248621034087e-06,0.000370392881410483,3.51755135137951e-05,2.02709945859495e-06
4.88821631709393e-06,0,4.04558355234312e-05,0,0,0,0,0,0,0,0.000891356722913168,0,0,0,0,0,2.46807802959504e-05,1.41583038943057e-05,0.000419020332964571,0,0.010976777287525,0,0,0,0,0,0,0,0,0,0,2.27691022638246e-05,0.00429704472697165,0,0.00350089729033474,0.000792139421418949,0,0,0.0115157469870183,8.28322515730295e-06,7.05702486758313e-06,0,0.000213724219557936,0,5.20364586606442e-05,0,0.000174161466199137,0.00010597826397001,7.95711584766915e-06,0,0,0,0,0,0,0,3.13581771793528e-05,0,0,0,0,0,0,0.0103188655048392,0,0,0,0,0,0,0,0,0,1.05508833872447e-05,0,0.00159282300352286,0,0.000172188239927984,5.74197987918035e-05,0.0722434701400323,0,0.00491686129129007,0.00857595517816296,7.47936679527939e-06,0.000324879082258687,0,1.95490238846026e-05
0,0,0,0,0,0,0,0,0,0.000252155218655719,0,0.0164128652592386,0,0,0,0,0,0,0,0.00528159076144146,0,0.00944668170029074,0.000942469826639817,0.00272290575711297,0,0,0,0.000339193256275256,0,0.00249409651777675,0,0,0,0.00827167261557071,0.000441246736108781,0.00598330724176428,0,0,0.00292230803404834,0,0,7.55515881521583e-05,0,0,0,0,0,0.0016760936717422,0,0.00190107435848085,0,0,0,0,0,0.000325138218941324,0,0.00254429111732737,0,0,0,0,0.00118471071504037,0,0.00295189028828821,0,0.00216324989428553,0,0,0,0.00102818466995999,0,0.000610762434304142,0,0,0,0.00400250712227041,0,0.00310097262645604,0,0.10667290755039,0.000473230871683169,0.00297528069224634,8.36868216810274e-05,0.00294607518191775,0,0
0,0,0,0,0,0,0,0,0.000621451579058794,0,0.0102769691962638,0,0,0,0,0,0,0,0,0,0.00157900322458001,5.12070427602389e-05,0.00650276319214129,0,0.00504212573159084,0,0,0,4.7310023414851e-05,0,0.00347751219528501,0,0,0,0.00109934001510507,0,0.0115157469870183,0.00292230803404834,0,0,0,0,0.0012421149931682,0,0,0,2.83049539230801e-06,0.0014903383422385,0.00752991286856229,0,0,0,0,0,0.00251936060130472,0,0.001900712571544,0,0,0,0,0,0,0.00183916478827396,0,0.00383400138980837,0,0.00270616359279842,0,0,0,9.31494779522071e-05,0,0.0024861667972135,0,0,0,0.00200280453026538,0,0.00158984540046696,2.11016474576595e-05,0.0947003732779359,0.00389039890614891,0.000146128723681998,0.00163686576283824,0,0
3.72416544657962e-05,0.000254282932161246,0,0,0,0,0,0,0,9.28746470910662e-05,0,0,0,0,0,0,0.000253119001222777,0.000372429139760338,0.00946284430214709,0.000206678073142952,0,0,0,0,0,0,0,0,0,0,0,0,0,0,0,4.6989467634561e-05,8.28322515730295e-06,0,0,0,2.45703143199598e-05,0.0350410738016518,0.000339318963269036,0.00141840937663753,0.000259867264045118,0.0043451628184468,7.78301306416885e-05,0.0103524675775308,5.40749473802414e-05,0.125650270999875,0,0,0,0,0,0,7.01251882562108e-05,0.000989087153987907,0,0,0,0,0.00075472773948324,0.000205186462663256,0,0,0,0,0,0,0,0,1.57121925802514e-05,0,0,0,0,0,0.00335077770461433,0.00011266599472513,0,0,0.000315193204954096,0,0.0297464333590015,0.00717605709994139,0
0.000311744016449736,0,0.000711885540289212,0,0,0,0,0,0,0,0,0,0,0,0,0,0.000218674205028669,5.97656488804797e-05,0.00450941146894175,0,0,0,0,0,0,0,0,0,0,0,0,0,0,0,0,0,7.05702486758313e-06,0,0,2.45703143199598e-05,0,0,0.0243851269986651,0,0.00241151285552938,6.10283741140673e-05,0.000809810513139827,0.0382907704817591,0.087482781747254,0.0057805548269478,0,0,0,0,0,0,4.16148865181102e-05,0,0,0,0,0,0,0.00296400511470809,0,0,0,0,0,0,0,0,0,2.4492217862422e-05,0,0,0,0,1.82653259145132e-05,0.00170327656055693,0,0,0.000190080114752919,0,0.0115098402486619,0,0.00353057096377101
0,0.0143818030461262,0,0.00574859612921127,0,0,0,0,0,0.0018167685167953,0,1.65413300000798e-05,0,0,0,0,0.000428931506744707,0.00037036766775948,0.016822363358935,1.1985398647777e-05,0,0,0,1.8366211473817e-05,0,0,0,0,0,0,0,0,0,0.000345174932731582,9.70017453197332e-05,0.000111293636033874,0,7.55515881521583e-05,0,0.0350410738016518,0,0,0.0110278255205761,0.000768969570177006,0.000154675016484685,0.004629130494375,2.0933570194134e-05,0.0181445316016019,5.61034958915119e-05,0.0278547437376655,0,6.72578384712665e-06,0,0,0,0.00537060749634266,4.19283277866556e-06,0.0459539683718471,0,0,0,7.23896133134603e-05,0.00561409955198513,0,0,0,0.000287193019344436,0,0,0,1.63465591086845e-05,0,0.00625448692015154,0,0,0,0.0012272328951364,0,0.0114232099780155,8.5598983258301e-05,1.51269185191742e-05,0,0.00729304396946259,0.000221626625445819,0.10039178748982,0.0575259125075214,0.000119315149526317
0.00273437744762317,0,0.00467488712826783,0,0,0,0,0,0.000935551338527817,0,0,0,0,0,1.243207742317e-05,0,0.000407094123195856,0.00018328621853635,0.011655756159437,0,0,0,0,0,2.84941669977545e-05,0,0,0,0,0,0,0,0,1.44482380570901e-05,0,0,0.000213724219557936,0,0.0012421149931682,0.000339318963269036,0.0243851269986651,0.0110278255205761,0,0,0.003598606638942,5.27024018026449e-06,0.00248666188489839,0.0191019476358532,0.0239056543441303,9.40136242709891e-05,0,0,0,0,0.00115435412848146,0,0.0202678052114258,4.50338398600043e-06,0.000737614804898158,0,0.00106178402027257,0,3.80757998216076e-05,0.0192797347365091,0,0,0,4.8211705987456e-05,0,0,0,0,6.15376661292338e-05,0.00590952820774686,0,0,0,0,7.30244674075425e-05,0.00886687534525751,0,0.00154985170637065,0.00632784147727009,6.20515465044895e-05,0.118248431540287,0,0.121579580598256
0,0,0,0,0,0,0,0,0,0,0,0,0,0,0,0,3.50428538657297e-06,8.23382791415917e-06,0.00131870614305285,0,0,0,0,0,0,0,0,0,0,0,0,0,0,0,0,0,0,0,0,0.00141840937663753,0,0.000768969570177006,0,0,0,0.000584203309050952,0,0,0,0,0,0,0,0,0,0,0,7.89199977474786e-05,0,0,0,0,0.000812890928912114,0,0,0,0,0,0,0,0,0,0,0,0,0,0,0,0.000405707280638126,0,0,0,0.000129979807965183,0,0.00101352848225608,0.00205936349450001,0
0,0,0,0,0,0,0,0,0,0,0,0,0,0,0,0,0.000387402173230387,0.000220299187950533,0.00749461934879375,0,0,0,0,0,0,0,0,0,0,0,0,0,0,0,0,0,5.20364586606442e-05,0,0,0.000259867264045118,0.00241151285552938,0.000154675016484685,0.003598606638942,0,0,1.68126888171293e-05,0.000282999319151471,0,0,0,0,0,0,0,0,0,0.000135719749441852,2.51558822317523e-05,0,0,0,0,0,0.00173443868930776,0,0,0,0,0,0,0,0,0,0.000600948017842926,0,0,0,0,8.53266402369975e-05,0.00127603777314198,0,0,0.000178235033048508,0,0.00353024743762729,0,0.00322869966526315
0,0,0,0.000302200210214763,0,0,0,0,0,0,0,0.000191037314409486,0,0,0,0,0.000275975332926085,0.00043385336172699,0.00890988955124577,0.000531643730956954,0,1.55579673745751e-05,0,9.82862642092493e-06,0,0,0,0,0,0,0,0,0,0,0,0.00012264046189739,0,0,0,0.0043451628184468,6.10283741140673e-05,0.004629130494375,5.27024018026449e-06,0.000584203309050952,1.68126888171293e-05,0,2.95933171051478e-05,0,0,0,0,0,0,0,0,0,0,0.00319729115279685,0,0,0,0,0.0302206516671448,0.000431550453381564,0,0,0,0,0,0,0,0,7.14371824514582e-05,0,0,0,0,0,0.00705659918454413,4.93200111782535e-05,4.99354825960217e-05,0,0.000182689680276631,0,0.0130599480587093,4.20363963693502e-05,9.38897080247821e-05
0,0,0,0,0,0,0,0,0,0,6.86239420057046e-05,0,0,0,0,0,0.000186541574603321,6.99629374589284e-05,0.00304889037682188,0,0.000689697721241594,0,0,0,0,0,0,0,0,0,0,0,0,0,0,0,0.000174161466199137,0,2.83049539230801e-06,7.78301306416885e-05,0.000809810513139827,2.0933570194134e-05,0.00248666188489839,0,0.000282999319151471,2.95933171051478e-05,0,0,0,0,0,0,0,0,0,0,0.000147550326852434,0,0,0,0,0,7.53476326225723e-06,0.0509165783335553,0,0,0,0,0,3.11646856259733e-05,0,0,0,0.000299998247159205,0,0,0,0,4.0947701979699e-05,0.00614712682832282,0,0,7.4255346338197e-05,0,0.0062982076341895,0,8.47956684036828e-05
0,0,0,0,0,0,0,0,0,0,0,0,0,0,0,0,0,0,0,0,0,0,0,0,0,0,0,0,0,0,0,0.0247730374436815,0.0241062013256689,0.0169001040142602,0.0294165546140094,7.55539612534934e-05,0.00010597826397001,0.0016760936717422,0.0014903383422385,0.0103524675775308,0.0382907704817591,0.0181445316016019,0.0191019476358532,0,0,0,0,0,0.068827890094551,0.0663722138811469,0,0,0,0,0,0,0,0,0,0,0,0,0,0,0,0,0,0,0,0,0,0,0,0,0.0141741207132392,0.00879512722217943,0.00564572772453221,0.0293143974090846,0.00282307272199238,0.00109602460436856,0.00327061254697775,0.00787191082113539,0.00406402860348238,0,0.0163781410638231,0,0
0.00821126227403567,0,0.00975746942619599,0,0,0,0,0,0,0,0,0,0,0,0.000211736418683597,0,3.2294942971002e-06,3.20825102558897e-05,0.000231113865369481,0,0,0,0.00116385038649582,0,0.0017708285231765,0,0,0,0.000220090549359537,0,0,0,0,0,0,0,7.95711584766915e-06,0,0.00752991286856229,5.40749473802414e-05,0.087482781747254,5.61034958915119e-05,0.0239056543441303,0,0,0,0,0.068827890094551,0,0.00589526227882457,0,0,0,0,0.00245769121194633,0,0.0003155962053123,5.44375600764071e-06,0.000212681513012562,0,0.00931778525920673,0,0,0.000273423939387122,0,0.00404741544409814,0,0.0164987634937692,0,0.0282919528615062,0,0.00449766734074788,0,0.00259639645150572,0,2.17605677964613e-05,0,0.000209934774594139,0,0.00220294493683481,0,0.0115045238498355,0.000889484945833003,0,0.0264442236205243,0,7.65528741658356e-05
0,0.0102075641619798,0,0.00622926384955275,0,0,0,0,0,0,0,0,0,0,0,0,0,0,2.45035372061448e-05,8.33332319343343e-05,0,0.00208237510762819,0,0.000627337560248268,0,0,0,0,0,0,0,0,0,0,0,4.92558083066112e-05,0,0.00190107435848085,0,0.125650270999875,0.0057805548269478,0.0278547437376655,9.40136242709891e-05,0,0,0,0,0.0663722138811469,0.00589526227882457,0,0,0,0,0,0,0,0,0.00424540626647599,0,0.000197831262106321,0,0.000566521292459578,0.00232207926792197,0,0.00615851013030748,0,0.00913560805535311,0,0.00895126822472397,0,0.00824698630342252,0,0.00178872219493463,0,0,0,0,0,0.000592420387746686,0,0.00511272791104508,0,0.000182700171453843,0,0.0308538757345437,0.00110350096593167,0
0,0,0,0,4.88624100406431e-05,0,0,0,0,0,2.8155934320752e-05,0,0,0,0,0,0,0,0,0,0,0,0,0,0,0,0,0,0,0,0,0,0,0,0,0,0,0,0,0,0,0,0,0,0,0,0,0,0,0,0,0,0,0,0,0,0.00256480196691294,0,0.00765380384575111,0,0.00669306697836183,0,0,1.18459158769046e-05,0,0,0,0,0,0,0,0,0,0,0,0,0,0,0,0,0,0,0,0,0.000324245455215327,0,0
0,0,0,0.0172361597595898,0,0.0209340069288299,0,0.000382892542417079,0,0,0,0.000260962152261487,0,0,0,4.24109131915672e-05,0,0,0,0,0,0,0,0,0,0,0,0,0,0,0,0,0,0,0,0,0,0,0,0,0,6.72578384712665e-06,0,0,0,0,0,0,0,0,0,0,0,0.00298780109477297,0,0,0,0.0150181208890445,0,0.00355774313864343,0,0.00144538260074884,0,0,0,0,0,0,0,0,0,0,0,0,0,0,0,0,0,0,0,0,0.000114267875507476,0,0.00178976229246842,0,0
0,0,0,0,0,0,0.00693129896471699,0,0,0,0,0,0,0,0,0,0,0,0,0,0,0,0,0,0,0,0,0,0,0,0,0,0,0,0,0,0,0,0,0,0,0,0,0,0,0,0,0,0,0,0,0,0,0,0,0,0.00164533996407464,0,0,0,0,0,0,0,0,0,0,0,0,0,0,0,0,0,0,0,0,0,0,0,0,0,2.92086512508139e-05,0,0,0,0
0,0,0,0,0,0.00842733416325147,0,0.0260139534494546,0,0,0,0,0,0,0,0,0,0,0,0,0,0,0,0,0,0,0,0,0,0,0,0,0,0,0,0,0,0,0,0,0,0,0,0,0,0,0,0,0,0,0,0.00298780109477297,0,0,0,0,0,0.0252917475672958,0,6.91439848029452e-05,0,0,0,0,0,0,0,0,0,0,0,0,0,0,0,0,0,0,0,0,0,0,0,0,0,0,0
0.0263471249219566,0,0.000888703891052962,0,0,0,0,0,0.0868128149841911,0,0,0,0,0,0.00421730639006395,0,2.70424780888384e-05,0,0,0,0,0,0,0,0.0124070670360047,0,0,0,0,0,0,0,0,0,0,0,0,0,0.00251936060130472,0,0,0,0.00115435412848146,0,0,0,0,0,0.00245769121194633,0,0,0,0,0,0,0,0,0,0,0,0.0272059142816664,0,0,0,0,0,0,0.0582414332168089,0,0.000980132826311641,0,0,0,0,0,0,0,0,0,0,0,0.00172985237878721,2.74234699961287e-05,2.98410855123041e-05,0.00811334248716423,0,0
0,0.033064459207228,0,0,0,0,0,0,0,0.0765643998569722,0,0,0,0,0,0.0208127875758117,0,0,0,0,0,0,0,0.00510479931349148,0,0,0,0,0,0,0,0,0,0,0,0,0,0.000325138218941324,0,0,0,0.00537060749634266,0,0,0,0,0,0,0,0,0,0,0,0,0,0,0,0,0,0,0,0.0208177474513221,0,0,0,0,0.0335538238282089,0,0.0030567955721518,0,0,0,0,0,0,0,0,0,0,0,0.000390111550345834,0,6.20596084778846e-05,0,0.00453042759242804,0,0
0.00049902779530242,0,0.00212846132232303,0,0.000151545728463318,0,0,0,0,0,0.0631435870831059,0,0.00113011454663623,0,0,0,3.83755503850034e-05,4.74386233099847e-06,0.000992090897425819,0,0.00289904759152562,0,0,0,0,0,0,0,0,0,0,0,0,0,0,0,3.13581771793528e-05,0,0.001900712571544,7.01251882562108e-05,4.16148865181102e-05,4.19283277866556e-06,0.0202678052114258,0,0.000135719749441852,0,0.000147550326852434,0,0.0003155962053123,0,0.00256480196691294,0,0.00164533996407464,0,0,0,0,0,0.000815045125806841,0,5.33078662096715e-05,0,0,0.0278137287987722,0,0,0,0,0,0,0,0.00376524831931775,0,0.0323463420195404,0,0,0,0,0,0.000231388008228571,0,0.000915347559249733,0.00026055520925766,1.21915070221479e-05,0.0289232012837472,0,0.00274807626077277
0,0.00187069334488225,0,0.0114110830561682,0,0,0,0.000792231965127012,0,0,0,0.0964507616409993,0,0.00484691008339212,0,0,4.38189596929595e-05,3.54953043008106e-05,0.00398135707991146,0.000665583152084561,0,0,0,0,0,0,0,0,0,0,0,0,0,0,0,0.000998636366810374,0,0.00254429111732737,0,0.000989087153987907,0,0.0459539683718471,4.50338398600043e-06,7.89199977474786e-05,2.51558822317523e-05,0.00319729115279685,0,0,5.44375600764071e-06,0.00424540626647599,0,0.0150181208890445,0,0.0252917475672958,0,0,0,0,0,0.0106447602687853,0,8.72639422378578e-05,0.0256897567561607,3.12926806510892e-05,0,0,0,0,7.26188205242284e-05,0,0.00293646422936913,0,0.00767828509449337,0,0,0,0,0,0.00144271901592807,2.05546264373463e-05,0.000125287924365462,0,0.00127398506168642,0,0.0259499106750002,0.00981789982573264,0.00014536802731409
0,0,0.000374422887061099,0,0.000324109747400655,0,0.014124414501868,0,0,0,0.0015652015800012,0,0.012388021711089,0,0.000383050655639344,0,0,0,0,0,0,0,0,0,0,0,0,0,0,0,0,0,0,0,0,0,0,0,0,0,0,0,0.000737614804898158,0,0,0,0,0,0.000212681513012562,0,0.00765380384575111,0,0,0,0,0,0.000815045125806841,0,0,0,0.000181313337528841,0,0,0,0,0,0,0,0,0,0,0.000125136449856098,0,1.58594385556154e-05,0,0,0,0,0,0,0,0,0.0003285809039618,0,0.00104515082661307,0,7.35429968784281e-05
0,0,0,0.00358724518159889,0,0,0,0.00686396095975272,0,0,0,0.0326536321913033,0,0.0267365159866149,0,0,0,0,0,0,0,0,0,0,0,0,0,1.41064954707657e-05,0,0.000111172132582318,0,0,0,0,0,0,0,0,0,0,0,0,0,0,0,0,0,0,0,0.000197831262106321,0,0.00355774313864343,0,6.91439848029452e-05,0,0,0,0.0106447602687853,0,0,0,0.000854674119525699,0,0,0,0,0,0,0.000127927815350101,0,0.000592611643977048,0,6.45643023660183e-05,0,0,0,0,0,0,0,0,0,0.000114451249582773,0,0.000131710985260031,0,0
0.00965572656455525,0,0.0131932562146287,0,0.00120532219186159,0,0,0,0.00688175199797432,0,0,0,4.31555155665144e-05,0,0.0201940283784276,0,2.78505603189543e-05,0,0,0,0,0,0,0,0,0,0.000125160281036244,0,0,0,0,0,0,0,0,0,0,0,0,0,0,0,0.00106178402027257,0,0,0,0,0,0.00931778525920673,0,0.00669306697836183,0,0,0,0.0272059142816664,0,5.33078662096715e-05,0,0.000181313337528841,0,0,0,0,0,0,0,0,0,0,0,0,0,0,0,0,0,0,0,0,0,0,0,0,0,0.00232519248590821,0,0
0,0.00246242841109877,0,0.000326999517001613,0,0,0,0,0,0.00795942380815134,0,0,0,0,0,0.0187417077385506,0,0,0,0,0,0,0,0,0,0,0,0,0,0,0,0,0,0,0,0,0,0,0,0,0,7.23896133134603e-05,0,0,0,0,0,0,0,0.000566521292459578,0,0.00144538260074884,0,0,0,0.0208177474513221,0,8.72639422378578e-05,0,0.000854674119525699,0,0,0,0,0,0,0.000228196493805679,0,0,0,0,0,0,0,0,0,0,0,0,0,0,0,0.000108103493545759,0,0.000133675379350039,0,0
0,4.16130472291852e-05,0,0.000302501738467772,0,0,0,0.000760285135106556,0,0,0,0.00359267463811985,0,0,0,0,0.000219836259816685,0.000350599407830653,0.0046676401709799,0.0734818830542139,0,2.50498381318295e-06,0,0,0,0,0,0,0,0,0,0,0,0,0,0.00399388404812358,0,0.00118471071504037,0,0.00075472773948324,0,0.00561409955198513,3.80757998216076e-05,0.000812890928912114,0,0.0302206516671448,7.53476326225723e-06,0,0,0.00232207926792197,0,0,0,0,0,0,0,0.0256897567561607,0,0,0,0,0,0.000259052518666224,0,0,0,0,0,0,0,0,0.000162411220967833,0,0,0,0,0,0.00878890396325384,8.45957574453897e-05,2.71914570324844e-05,0,0.000944066248960269,0,0.016715541141884,0.000448755987456137,0.000113760986617604
0.000387576507848685,0,0.000696724653918256,0,0.0006826209854972,0,0.000298930621153885,0,0,0,0.00644550271943316,0,0,0,0,0,0.000419687621773448,0.00035981996900667,0.00991850100543382,0,0.0806612845540908,0,0,0,0,0,0,0,0,0,0,0,0,0,0,0,0.0103188655048392,0,0.00183916478827396,0.000205186462663256,0.00296400511470809,0,0.0192797347365091,0,0.00173443868930776,0.000431550453381564,0.0509165783335553,0,0.000273423939387122,0,1.18459158769046e-05,0,0,0,0,0,0.0278137287987722,3.12926806510892e-05,0,0,0,0,0.000259052518666224,0,0,0,0,0,0,0,0,0,7.6181660873466e-06,0.00646564521446401,0,0,0,0,0.000105638565190194,0.00815886573555995,0,0.000237711227096693,0.00251311669789163,1.4103607518463e-05,0.0219320203173757,0,0.00181789191824426
0,0,0,0,0,0,0,0,0,0,0,0,0,0,0,0,2.9226421589587e-05,0.00219088926564955,5.61512047217327e-05,0,0,0.0765325904034991,0.000719514789242332,0.00306929792568973,0,0.00228348968986103,0,0.000517130060674722,0,0,0,0,0,0,0,0,0,0.00295189028828821,0,0,0,0,0,0,0,0,0,0,0,0.00615851013030748,0,0,0,0,0,0,0,0,0,0,0,0,0,0,0,0,0.00195378010604926,0,0.00275678887417727,0,0.00618014996361449,0,0,0,0,0,0,0,9.59500175451853e-07,0,0.00609471779860963,0,0.000661045234565697,1.49853117833987e-05,0,0,0
0,0,0,0,0,0,0,0,0,0,0,0,0,0,0,0,0.000386188844311822,0,0,0,0,0.000115682258595123,0.0934962485054207,0,0.00054104573009998,0,0.00185211415713107,0,0.000638012940119601,0,0,0,0,0,0,0,0,0,0.00383400138980837,0,0,0,0,0,0,0,0,0,0.00404741544409814,0,0,0,0,0,0,0,0,0,0,0,0,0,0,0,0,0,0,0.00334450654595927,0,0.00233859309975229,0,0.000929021760030637,0,1.36336762352749e-05,0,0,0,0,0,0,0,0.00443073636799806,0.000236264098429127,0,0,0,0
0,0.00034361366031645,0,0,0,0,0,0,0,0.000649259281390977,0,0,0,0,0,0,3.61170476492816e-06,0.00136288865348562,0,0,0,0.000674917937121058,0,0.0551132899217557,0,0.023781668298811,0,0,0,0,0,0,0,0,0,0,0,0.00216324989428553,0,0,0,0.000287193019344436,0,0,0,0,0,0,0,0.00913560805535311,0,0,0,0,0,0.0335538238282089,0,0,0,0,0,0.000228196493805679,0,0,0.00195378010604926,0,0,0,0.0221112564790154,0,0.00378915369005998,0,0,0,0,0,0,0,0,0,0.00489278037128415,0,0.000213371575303751,0,0.00600269313078742,0,0
0,0,0,0,0,0,0,0,0.000182395693971286,0,0,0,0,0,0,0,0.00088340159931834,0,3.46571894249648e-05,0,0,0,0.00663680464615986,0,0.0636693034451314,0,0.0329990537008413,0,0,0,0,0,0,0,0,0,0,0,0.00270616359279842,0,0,0,4.8211705987456e-05,0,0,0,0,0,0.0164987634937692,0,0,0,0,0,0.0582414332168089,0,0,0,0,0,0,0,0,0,0,0.00334450654595927,0,0,0,0.0598627160012954,0,5.22902762170066e-05,0,0,0,0,0,0,0,0,0,0.00418303490687297,9.32692171409982e-06,0,0.0011156265473206,0,0
0,0,0,0,0,0,0,0,0,0.020340918882014,0,0,0,0,0,0,8.85212300698636e-05,0.00874227303427414,4.56739656942242e-05,0,0,0.00127708760699455,0,0.00448863876408415,0,0.0306900663022234,0,0.00269014452607914,0,0,0,0,0,0,0,0,0,0,0,0,0,0,0,0,0,0,0,0,0,0.00895126822472397,0,0,0,0,0,0.0030567955721518,0,7.26188205242284e-05,0,0.000127927815350101,0,0,0,0,0.00275678887417727,0,0.0221112564790154,0,0,0,0.011640569673567,0,0,0,0,0,0,0,0,0,0,0,0.000343397310945132,0,0,0,0
0,0,0,0,0,0,0,0,5.64460405759356e-05,0,0,0,0,0,0,0,0.0105471173175326,0.000412989839621033,0.000756456277570434,0,0,0,0.000674871056303801,4.64561320831463e-05,0.00654738920445111,0,0.0184217453360722,0,0.00106517593128792,0,0,0,0,0,0,0,0,0,0,0,0,0,0,0,0,0,3.11646856259733e-05,0,0.0282919528615062,0,0,0,0,0,0.000980132826311641,0,0,0,0,0,0,0,0,0,0,0.00233859309975229,0,0.0598627160012954,0,0,0,0.00664824895363426,0,0,0,0,0,0,1.33674872988545e-06,0,0,0,0.000200189075091382,0,0.000324729575723399,0,0
0,7.12238130396534e-05,0,0,0,0,0,0,0,0,0,0,0,1.2738417733886e-05,0,0,0,4.59475250609567e-05,0,0,0,6.13588459388343e-05,0,0,0,4.91014434373938e-05,0,0.0212789974477819,0,0,0,0,0,0,0,0,0,0.00102818466995999,0,0,0,1.63465591086845e-05,0,0,0,0,0,0,0,0.00824698630342252,0,0,0,0,0,0,0,0.00293646422936913,0,0.000592611643977048,0,0,0,0,0.00618014996361449,0,0.00378915369005998,0,0.011640569673567,0,0,0,0.0178061364298898,0,0,0,0,0,0,0,0.00450257678809643,0,0.00030548783626726,0,6.54675559631765e-05,0,0
0,0,0,0,0,0,0,0,0,0,0,0,0,0,0.00280658085090883,0,0,0,0,0,0,0,0.000595821378892636,0,0,0,5.88427071630624e-05,0,0.0317885134635007,0,7.32953558210391e-05,0,0,0,0,0,0,0,9.31494779522071e-05,0,0,0,0,0,0,0,0,0,0.00449766734074788,0,0,0,0,0,0,0,0.00376524831931775,0,0.000125136449856098,0,0,0,0,0,0,0.000929021760030637,0,5.22902762170066e-05,0,0.00664824895363426,0,0,0,0.0082534722817667,0,0,0,0,0,0,0,0.00284654863266023,0,0,0,0,0
0,0.000360209953130941,0,0.000608807921458688,0,0,0,0,0,0,0,0.000309468633516674,0,0,0,0,5.7879258246828e-06,0,0.000536844480785491,0,0,0,0,0,0,0,0,0.00210984687108259,0,0.0943591088538343,0,0,0,0,0,1.05540922937196e-06,0,0.000610762434304142,0,1.57121925802514e-05,0,0.00625448692015154,6.15376661292338e-05,0,0,7.14371824514582e-05,0,0,0,0.00178872219493463,0,0,0,0,0,0,0,0.00767828509449337,0,6.45643023660183e-05,0,0,0.000162411220967833,7.6181660873466e-06,0,0,0,0,0,0,0.0178061364298898,0,0,0,0,0,0,0,9.30762907682588e-06,5.01389855901571e-06,0.00391156702705128,0,5.59481905502025e-05,0,0.00494355735138181,0.00184035517866135,0
0.00256678116682037,0,0.00130828016510872,0,0.000655246024042728,0,0,0,0,0,0.00300991106663058,0,0,0,0,0,5.73930350902253e-05,0,0.0021249459014494,0,0.000143155941583416,0,0,0,0,0,0,0,0.0116130993711637,0,0.0459176133150876,0,0,0,0,0,1.05508833872447e-05,0,0.0024861667972135,0,2.4492217862422e-05,0,0.00590952820774686,0,0.000600948017842926,0,0.000299998247159205,0,0.00259639645150572,0,0,0,0,0,0,0,0.0323463420195404,0,1.58594385556154e-05,0,0,0,0,0.00646564521446401,0,1.36336762352749e-05,0,0,0,0,0,0.0082534722817667,0,0,0,0,0,0,3.73504186981951e-06,0.000162045803887243,0,0.0127752309786371,0.00022700299909455,2.07510449610347e-05,0.0352706688676972,0,0.00867825632066976
0,0,0,0,0,0,0,0,0,0,0,0,0,0,0,0,0,0,0,0,0,0,0,0,0,0,0,0,0,0,0,0.138265613794052,0.000552462400113958,0.00655198666502557,0,0.00652143058334102,0,0,0,0,0,0,0,0,0,0,0,0.0141741207132392,0,0,0,0,0,0,0,0,0,0,0,0,0,0,0,0,0,0,0,0,0,0,0,0,0,0,0,0.000103920204355805,0.0313455697734167,0,0.00304602123926635,0,0,0,0.000176021803382862,0,0,0,0
0,0,0,0,0,0,0,0,0,0,0,0,0,0,0,0,0,0,0,0,0,0,0,0,0,0,0,0,0,0,0,0.0402083058789049,0.0521064578889317,0.00271532916750855,0.00391663174799799,5.10272126268154e-05,0.00159282300352286,0,0,0,0,0,0,0,0,0,0,0.00879512722217943,2.17605677964613e-05,0,0,0,0,0,0,0,0,0,0,0,0,0,0,0,0,0,0,0,0,0,0,0,0,0,0.000103920204355805,0,0,0.0442899348193878,0,0.000799270220533419,0,0,0.000435640015284355,0,0,0,0
