0,0,36.2113696038723,0,0,0,0,0,209.847557798028,0,0,0,0,0,0,0,86.5678957700729,0,107.939910762012,0,0,0,0,0,1.33936095237732,0,0,0,0,0,0,0,0,0,0,0,0,0,5.57774478197098,0,1.15576356649399,0,655.841047175229,0,1.62508851289749,0,7.49087227880955,0,55.225629389286,0,0,0,0,0,323.61367880553,0,0.902950458228588,0,0,0,11.8274428248405,0,0,0.424561262130737,0,0,0,102.306260928512,0,0,0,0,0,4.68538405001163,0,0,0,0,0,0,0,46.405477181077,231.374485872686,0,1231.63153201342,0,0
0,0,0,11.637996211648,0,15.0442755818367,0,0,0,378.074382059276,0,0,0,0,0,5.18334555625916,0.296453401446342,7.43415695428848,38.907591752708,0,0,0,0,2.51770940423012,0,0,0,0,0,0,0,0,0,0,0,0,0,0,0,0,0,844.479948371649,0,0.331292718648911,0,0.114668741822243,0,0,0,112.765172094107,0,0,0,0,0,146.866653166711,0,31.9062210470438,0,7.05405709147453,0,13.4622773826122,0,0,0,0,93.3061296194792,0,4.29692661762238,0,4.03629371523857,0,0,0,0,0,0,0,0,0,0,0,286.319946907461,26.2633202746511,1405.53153149039,0.616845369338989,0
36.2113696038723,0,0,0,625.297551065683,0,0,0,4.13173712790012,0,0,0,0,0,0,0,0,0,0,0,3.60461595654488,0,0,0,0,0,0,0,0,0,0,0,0,0,0,0,0,0,0.887108966708183,0,0,0,41.0003164112568,0,0,0,0,0,15.0690962076187,0,101.627871260047,0,0,0,166.648465380073,0,89.9428526908159,0,88.9633048772812,0,0.832624435424805,0,0,0,0,0,0,0,0,0,0,0,0,0,0,0,0,0,0,0,0,0.838509202003479,240.616178035736,0,135.122130036354,0,0
0,11.637996211648,0,0,0,420.749762177467,0,0,0,83.3317478448153,0,0,0,0,0,0,0.0936688110232353,0,0.122487150132656,36.6230511367321,0,0,0,0,0,0,0,0,0,0,0,0,0,0,0,8.47291648387909,0,0,0,6.04793906211853,0,234.6765223369,0,8.97133466601372,0,300.601410396397,0,0,0,0.563328564167023,0,22.7092215567827,0,0,0,381.291576653719,0,3.35039918124676,0,6.79068142175674,0,229.42408414185,28.2186148017645,0,0,0,0.346663311123848,0,0,0,0,0,0.403113156557083,0,0,0,0,0,4.54067730158567,0,0,0,223.436555452645,66.5295002907515,980.436803713441,0.270368985831738,0
0,0,625.297551065683,0,0,0,24.7346458733082,0,48.4366478919983,0,0,0,0,0,0,0,0,0,0,0,0,0,0,0,0,0,0,0,0,0,0,0,0,0,0,0,0,0,0,0,0,0,0,0,0,0,0,0,0,0,1088.53360357881,0,252.505203604698,0,0,0,30.9757179617882,0,0,0,0,0,0,0,0,0,0,0,0,0,0,0,0,0,0,0,0,0,0,0,0,0,925.622908830643,934.479841113091,59.4342768341303,0,0
0,15.0442755818367,0,420.749762177467,0,0,0,224.185074016452,0,212.7036241889,0,51.5717878341675,0,0,0,0,0,0,0,0,0,0,0,0,0,0,0,0,0,0,0,0,0,0,0,0,0,0,0,0,0,7.07626236975193,0,0,0,0,0,0,0,0,0,3424.25788620114,0,142.897732198238,0,0.763511806726456,0,5.16317188739777,0,47.2392420172691,0,2.54239797592163,0,0,0,0,0.129548907279968,0,0,0,0,0,0,0,0,0,0,0,0,0,0,0,2650.88602870703,827.785226538777,17.9373602867126,0,0
0,0,0,0,24.7346458733082,0,0,0,0,0,0,0,0,0,0,0,0,0,0,0,35.0175493955612,0,0,0,0,0,0,0,0,0,0,0,0,0,0,0,0,0,0,0,0,0,0,0,0,0,0,0,0,0,4,0,369.468454122543,0,0,0,11.3677908182144,0,0,0,0,0,0,0,0,0,0,0,0,0,0,0,0,0,0,0,0,0,0,0,0,0,252.87207108736,1305.53127649426,0,0,0
0,0,0,0,0,224.185074016452,0,0,0,0,0,0,0,0,0,0,0,0,0,54.2910584211349,0,0,0,0,0,0,0,0,0,0,0,0,0,0,0,0,0,0,0,0,0,0,0,0,0,0,0,0,0,0,0,15.1175732314587,0,315.089883089066,0,0,0,2.86609590053558,0,0,0,0,0,0,0,0,0,0,0,0,0,0,0,0,0,0,0,0,0,0,0,0,297.891000434756,14.5070264339447,0,0,0
209.847557798028,0,4.13173712790012,0,48.4366478919983,0,0,0,0,0,0,0,0,0,0,0,481.457085952163,1.9003798365593,68.3971618413925,0,0,0,0,0,34.7215041518211,0,0,0,0,0,0,0,0,0,0,0,0,0,0,0,0.329277142882347,0,337.810119435191,0,0,0,3.31029191613197,0,8.44805297255516,0,0,0,0,0,1411.08511155844,0,5.87978337705135,0,0,0,5.18102100491524,0,0,4.14705842733383,0,0,0,93.1052780598402,0,0,0,0,0,0,0,0,0,0,0,0.653851211071014,0,0,288.725805401802,0,1182.90959460288,0,41.8200722411275
0,378.074382059276,0,83.3317478448153,0,212.7036241889,0,0,0,0,0,0,0,0,0,0,0.478401720523834,237.432412669063,135.577987909317,0,0,0,0,160.933391876519,0,2.56643486022949,0,0,0,0,0,0,0,0,0,0,0,0,0,0,0,1135.36508624256,0,0.263906389474869,0,3.13355340063572,0,0,0,10.7626156806946,0,0,0,0,0,310.455117054284,0,43.648970618844,0,0,0,0,0.956926956772804,0,0,0,141.907318629324,0,0.467111229896545,0,0,0,46.3718118518591,0,0,0,0,0,1.55768413841724,0,2.82980370521545,0,915.806140616536,121.341776773334,505.866634644568,50.6798711419106,0
0,0,0,0,0,0,0,0,0,0,0,0,741.491661190987,0,0,0,0,0,0,0,648.215381264687,0,0,0,0,0,0,0,0,0,1,0,0,0,0,0,128.322782456875,0,179.20966398716,0,0,0,0,0,0,0,0,0,0,0,0,0,35.1874626874924,0,0,0,4389.21315592527,0,1053.87337476015,0,0,0,0,1,0,0,0,0,0,0,0,0,0,42.6865205764771,0,0,0,0,0,0,0,0,12.7696679830551,344.004940509796,0,0,0
0,0,0,0,0,51.5717878341675,0,0,0,0,0,0,0,0,0,0,0,0,0,994.431336402893,0,0,0,0,0,0,0,0,0,242.717894554138,0,0,0,0,0,0,0,189.413648337126,0,0,0,0,0,0,0,0,0,0,0,0,0,75.0346918106079,0,12.3289942741394,0,0,0,9070.49965944886,0,40.6743421554565,0,0,50.0635434389114,0,0,0,0,0,0,0,0,0,518.325705945492,0,0,0,0,0,0,0,0,0,281.424203753471,639.613118112087,0,0,0
0,0,0,0,0,0,0,0,0,0,741.491661190987,0,0,0,0,0,0,0,0,0,0,0,0,0,0,0,0,0,9.07311820983887,0,0,0,0,0,0,0,0,0,0,0,0,0,0,0,0,0,0,0,0,0,0,0,0,0,0,0,0,0,1038.984357059,0,0,0,0,0,0,0,0,0,0,0,0,0,0,0,0,0,0,0,0,0,0,0,11.9170467853546,736.310901761055,0,0,0
0,0,0,0,0,0,0,0,0,0,0,0,0,0,0,342.838846087456,0,1,0,0,0,0,0,0,0,0,0,14.765585899353,0,0,0,0,0,0,0,0,0,0,0,0,0,0,0,0,0,0,0,0,0,0,0,0,0,0,0,0,0,0,0,3104.25660777092,0,0,0,0,0,0,0,0,0,0,582.006683409214,0,0,0,0,0,0,0,0,0,0,0,124.255570650101,230.980811953545,0,0,0
0,0,0,0,0,0,0,0,0,0,0,0,0,0,0,0,0,0,0,0,0,0,0,0,0,0,0,0,0,0,0,0,0,0,0,0,0,0,0,0,0,0,0,0,0,0,0,0,0,0,0,0,0,0,0,0,0,0,0,0,0,0,0,0,0,0,0,0,0,0,0,0,0,0,0,0,0,0,0,0,0,0,0,112.207156062126,0,0,0
0,5.18334555625916,0,0,0,0,0,0,0,0,0,0,0,342.838846087456,0,0,0,0,0,0,0,0,0,0,0,0,0,0,0,0,0,0,0,0,0,0,0,0,0,0,0,0,0,0,0,0,0,0,0,5.29100584983826,0,4.55391827225685,0,0,0,0,0,0,0,1.31062614917755,0,206.786585718393,0,0,0,0,0,0,39.5730955600739,0,0,0,0,0,0,0,0,0,0,0,0,0,481.006661951542,15.5936074256897,0,0,0
86.5678957700729,0.296453401446342,0,0.0936688110232353,0,0,0,0,481.457085952163,0.478401720523834,0,0,0,0,0,0,0,20378.089298971,3010.83913142234,0,0,0.401587396860123,250.538797676563,0,0,1.45908130705357,0,0,0,0,0,0,0,0,0,0,0,0,0,2.95936216413975,146.520242013037,88.5145204141736,270.645155511796,17.1694931164384,82.0174751952291,89.5804648399353,830.617841511965,0,0,0,0,0,0,0,29.6164195239544,0,6.21844027191401,0.214600279927254,0,0,0,0,0.103386409580708,17.4296181499958,0,8.45632728934288,0,2.02268047630787,0,0,0,0,0.141240105032921,0,0,0,0,0,10.7288167625666,170.025658421218,0,0,3576.44480302185,13770.0631908402,3059.1168859899,11.1392472237349,66.3429921939969
0,7.43415695428848,0,0,0,0,0,0,1.9003798365593,237.432412669063,0,0,0,1,0,0,20378.089298971,0,2462.0635387674,0,0,240.291488945484,2.07276044040918,0,0,540.5237749964,0,0,0,0,0,0,0,0,0,0,0,0,0,28.0465059280396,21.0190903320909,626.690711721778,27.3098562136292,127.983229614794,6.11894847452641,435.088374555111,197.234645664692,0,0,0,0,0,0,0,0,5.60499884933233,0,8.428467027843,0,0,0,0,4.73282670974731,0.605356931686401,0,0,0.375346660614014,0,0,0,0,0,5.61231552064419,0,0,0,0,0,74.4737877547741,7.56031186133623,0,0,4277.01827594638,9336.77976858616,1475.48633679748,70.8249628543854,8.57003530114889
107.939910762012,38.907591752708,0,0.122487150132656,0,0,0,0,68.3971618413925,135.577987909317,0,0,0,0,0,0,3010.83913142234,2462.0635387674,0,0,0,0,0,0,0.944568634033203,0,0,0,0,0,0,0,0,0,0,0,0,0,0,130.181599318981,175.363797307014,2007.67357616872,445.916219085455,227.854462683201,73.8344419300556,2444.32440385222,2488.97630019486,0,0,0,0,0,0,0,10.1356212869287,10.7023124620318,3.3327187076211,45.494383521378,0,0,0,0,22.8620777279139,23.0002696886659,0,0,2.27108720690012,3.12819878011942,0,0,0,0,30.591145336628,0,0,0,0,0,252.988669060171,267.414243496954,0,0,2647.90169201046,8.47234795987606,8175.13593937457,118.978242702782,91.8240587040782
0,0,0,36.6230511367321,0,0,0,54.2910584211349,0,0,0,994.431336402893,0,0,0,0,0,0,0,0,0,0,0,0,0,0,0,0,0,0,0,0,0,0,0,102.628965854645,0,210.794960856438,0,0,0,0,0,0,0,0,0,0,0,0,0,0,0,73.4558719396591,0,0,0,299.051971673965,0,0,0,0,1691.07942813635,0,0,0,0,0,0,0,0,0,0,0,0,0,0,0,0,0,0,0,3.23444151878357,0,75.3558264672756,0,0
0,0,3.60461595654488,0,0,0,35.0175493955612,0,0,0,648.215381264687,0,0,0,0,0,0,0,0,0,0,0,0,0,0,0,0,0,0,0,0,0,0,0,0,0,41.0425367355347,0,342.266664385796,0,0,0,0,0,0,0,5.13925659656525,0,0,0,0,0,51.0902653932571,0,0,0,562.093972593546,0,0,0,0,0,0,1235.16251409054,0,0,0,0,0,0,0,0,0,0,0,0,0,0,0,0,0,0,80.0850734710693,0,494.734475404024,0,0
0,0,0,0,0,0,0,0,0,0,0,0,0,0,0,0,0.401587396860123,240.291488945484,0,0,0,0,520.476782292128,96.140910089016,0,131.313466846943,0,555.565209716558,0,0,0,0,0,0,0,0,0,1266.39649373293,0,0,0,0,0,0,0,0,0,0,0,0,0,0,0,0,0,0,0,0,0,0,0,0,0,0,5337.49259971082,139.543305277824,5.62308198213577,0,256.727627396584,0,374.648000538349,0,0,0,0,0,0,0,0,0,100.826815128326,0,731.350615635514,292.588704541326,0,0,0
0,0,0,0,0,0,0,0,0,0,0,0,0,0,0,0,250.538797676563,2.07276044040918,0,0,0,520.476782292128,0,0,2,0,12.2295150756836,0,618.223059654236,0,0,0,0,0,0,0,0,93.3931708335876,2543.94413766265,0,0,0,0,0,0,0,0,0,0,0,0,0,0,0,0,0,0,0,0,0,0,0,0,0,43.9210331439972,5756.8455837667,0,406.789831638336,0,522.566108882427,0,15.247413277626,0,0,0,0,0,0,0,0,0,204.452795445919,1263.84924133122,1519.62320070714,0,0,0
0,2.51770940423012,0,0,0,0,0,0,0,160.933391876519,0,0,0,0,0,0,0,0,0,0,0,96.140910089016,0,0,0,0,0,0,0,0,0,0,0,0,0,0,0,489.803089350462,0,0,0,0.439006865024567,0,0,0,0,0,0,0,0,0,0,0,0,0,90.5802667140961,0,0,0,0,0,0,0,0,16.4248448610306,0,677.698752850294,0,0,0,0,0,0,0,0,0,0,0,0,0,261.100409194827,0,168.260783709586,0.199832186102867,50.7253962755203,0,0
1.33936095237732,0,0,0,0,0,0,0,34.7215041518211,0,0,0,0,0,0,0,0,0,0.944568634033203,0,0,0,2,0,0,0,7.00280284881592,0,0,0,0,0,0,0,0,0,0,0,370.402106851339,0,0,0,0,0,0,0,0,0,0.211794331669807,0,0,0,0,0,388.07657212019,0,0,0,0,0,0,0,0,0,0,59.5143895745277,0,491.521930813789,0,26.7069967985153,0,0,0,0,0,0,0,0,0,0,0,87.757984161377,65.5136685371399,0,79.0221225321293,0,0
0,0,0,0,0,0,0,0,0,2.56643486022949,0,0,0,0,0,0,1.45908130705357,540.5237749964,0,0,0,131.313466846943,0,0,0,0,0,1,0,0,0,0,0,0,0,0,0,0,0,0,0,0,0,0,0,0,0,0,0,0,0,0,0,0,0,13.6536232829094,0,0,0,0,0,6.40300178527832,0,0,12.0127716064453,0,0,0,406.064384698868,0,0,0,0,0,0,0,0,0,0,0,0,0,15.8399738445878,0,0,0,0
0,0,0,0,0,0,0,0,0,0,0,0,0,0,0,0,0,0,0,0,0,0,12.2295150756836,0,7.00280284881592,0,0,0,0,0,0,0,0,0,0,0,0,0,0,0,0,0,0,0,0,0,0,0,0,0,0,0,0,0,0,0,0,0,0,0,0,0,0,0,0,0,0,0,0,425.561110138893,0,0,0,0,0,0,0,0,0,0,0,0,4.07837343215942,0,0,0,0
0,0,0,0,0,0,0,0,0,0,0,0,0,14.765585899353,0,0,0,0,0,0,0,555.565209716558,0,0,0,1,0,0,0,72.9237697124481,0,0,0,0,0,0,0,3.04498741030693,0,0,0,0,0,0,0,0,0,0,0,0,0,0,0,0,0,0,0,0,0,0,0,0,0,0,5.07869958877563,0,0,0,0,0,3551.05427786708,0,0,0,0,0,0,0,0,0,0,0,218.585629165173,1425.30731508136,0,0,0
0,0,0,0,0,0,0,0,0,0,0,0,9.07311820983887,0,0,0,0,0,0,0,0,0,618.223059654236,0,0,0,0,0,0,0,682.058962881565,0,0,0,0,0,0,0,153.953685641289,0,0,0,0,0,0,0,0,0,0,0,0,0,0,0,0,0,0,0,4.46809685230255,0,0,0,0,0,0,0,0,0,0,0,0,897.076393663883,0,0,0,0,0,0,0,0,0,13.055877327919,202.751697182655,1678.76411363482,0,0,0
0,0,0,0,0,0,0,0,0,0,0,242.717894554138,0,0,0,0,0,0,0,0,0,0,0,0,0,0,0,72.9237697124481,0,0,0,0,0,0,0,0,0,8.4787677526474,0,0,0,0,0,0,0,0,0,0,0,0,0,0,0,0,0,0,0,465.871598809958,0,0,0,0,0,0,0,0,0,0,0,0,3.10557126998901,0,921.432156801224,0,0,0,0,0,0,0,0,0,546.765949189663,544.830094575882,0,0,0
0,0,0,0,0,0,0,0,0,0,1,0,0,0,0,0,0,0,0,0,0,0,0,0,0,0,0,0,682.058962881565,0,0,0,0,0,0,0,0,0,12.972403049469,0,0,0,0,0,0,0,0,0,0,0,0,0,0,0,0,0,35.6119771003723,0,0,0,0,0,0,0,0,0,0,0,0,0,0,682.711291253567,0,117.101187229156,0,0,0,0,0,0,0,0,36.565970659256,304.599175453186,0,0,0
0,0,0,0,0,0,0,0,0,0,0,0,0,0,0,0,0,0,0,0,0,0,0,0,0,0,0,0,0,0,0,0,1486.8789023459,1,1,225.951114833355,504.540899962187,0,0,0,0,0,0,0,0,0,0,114.026152387261,0,0.21988345682621,0,0,0,0,0,0,0,0,0,0,0,0,0,0,0,0,0,0,0,0,0,0,0,0,1403.17181706429,61.3584342598915,14.2072776556015,0,85.6858195066452,7.96638664603233,0,0,58.1487701833248,0,0,0,0
0,0,0,0,0,0,0,0,0,0,0,0,0,0,0,0,0,0,0,0,0,0,0,0,0,0,0,0,0,0,0,1486.8789023459,0,0,139.01066544652,35.3116335570812,275.339251697063,0,0,0,0,0,0,0,0,0,0,212.175312206149,4.05810698866844,3.7326597571373,0,0,0,0,0,0,0,0,0,0,0,0,0,0,0,0,0,0,0,0,0,0,0,0,52.2255037128925,826.475630775094,0,11.8354900479317,0,21.5957425832748,0,0,155.650118380785,0,0,0,0
0,0,0,0,0,0,0,0,0,0,0,0,0,0,0,0,0,0,0,0,0,0,0,0,0,0,0,0,0,0,0,1,0,0,1670.02669590712,6.44577991962433,4.28516530990601,97.3945450782776,166.973185062408,0,0,0,0,0,0,0,0,771.049300700426,0,0,0,0,0,0,0,0,0,0,0,0,0,0,0,0,0,0,0,0,0,0,0,0,0,0,0,0,2851.50407811999,814.880418300629,0,0,65.8046931624413,233.890328705311,39.4503209888935,2.07369780540466,0,0,0
0,0,0,0,0,0,0,0,0,0,0,0,0,0,0,0,0,0,0,0,0,0,0,0,0,0,0,0,0,0,0,1,139.01066544652,1670.02669590712,0,0,129.311257958412,11.1945112347603,3,0,0,0,0,0,0,0,0,1049.99493160844,1.90082091093063,0,0,0,0,0,0,0,0,0,0,0,0,0,0,0,0,0,0,0,0,0,0,0,0,0,0,6.49606385827065,756.631358027458,3584.57672931254,0,11.9218468666077,0,18.2435076236725,113.269962310791,0,0,0,0
0,0,0,8.47291648387909,0,0,0,0,0,0,0,0,0,0,0,0,0,0,0,102.628965854645,0,0,0,0,0,0,0,0,0,0,0,225.951114833355,35.3116335570812,6.44577991962433,0,0,5241.362629354,1778.28959238529,0,1.21371927857399,0,0.445379853248596,0,0,0,0,0,101.321116030216,0,8.0341414809227,0,0,0,0,0,0,0,0,0,0,0,0,25.8107967376709,0,0,0,0,0,0,0,0,0,0,0,1541.7229949683,0,564.024927437305,0,9272.46448360384,597.484964191914,1015.87397575378,0,2448.44292888045,74.9650866985321,13.1744228303432,0,0
0,0,0,0,0,0,0,0,0,0,128.322782456875,0,0,0,0,0,0,0,0,0,41.0425367355347,0,0,0,0,0,0,0,0,0,0,504.540899962187,275.339251697063,4.28516530990601,129.311257958412,5241.362629354,0,0,3336.43725186586,0,0,0,0,0,0,0,0,165.891658395529,0,2.5461658090353,0,0,0,0,0,0,36.7538733482361,0,0,0,0,0,0,0,0,0,0,0,0,0,0,0,0,0,39.1236806809902,317.568416625261,0,367.394023358822,3469.75287418067,7933.29343396425,0,1032.69718664885,2791.98047381639,704.483717054129,4.17749547958374,0,0
0,0,0,0,0,0,0,0,0,0,0,189.413648337126,0,0,0,0,0,0,0,210.794960856438,0,1266.39649373293,93.3931708335876,489.803089350462,0,0,0,3.04498741030693,0,8.4787677526474,0,0,0,97.3945450782776,11.1945112347603,1778.28959238529,0,0,1562.15816941857,0,0,2.50462397933006,0,0,0,0,0,140.790097296238,0,33.9393490552902,0,0,0,0,0,0.264903694391251,0,740.06216982007,0,0,0,0,127.622193217278,0,1149.1531329751,326.215626567602,432.58132442832,0,0,0,62.1217929422855,0,639.122159898281,0,0,0,228.126054763794,0,402.934128761292,0,8321.04644665122,1396.94845318794,2022.91648891568,370.909693360329,1.7329418361187,0,0
5.57774478197098,0,0.887108966708183,0,0,0,0,0,0,0,179.20966398716,0,0,0,0,0,0,0,0,0,342.266664385796,0,2543.94413766265,0,370.402106851339,0,0,0,153.953685641289,0,12.972403049469,0,0,166.973185062408,3,0,3336.43725186586,1562.15816941857,0,0,0,0,30.2699995487928,0,0,0,0,216.648641735315,19.2157569676638,0,0,0,0,0,0.345387607812881,0,991.27599838376,0,0,0,0,0,0,41.4864223003387,0,1498.9653390348,0,694.244085624814,0,0,0,244.290499806404,0,58.5797834396362,0,0,9.3360450565815,1,0,1541.55896237493,86.2183038294315,8825.49823497236,2160.77254955471,120.158917844296,259.225171536207,0,0
0,0,0,6.04793906211853,0,0,0,0,0,0,0,0,0,0,0,0,2.95936216413975,28.0465059280396,130.181599318981,0,0,0,0,0,0,0,0,0,0,0,0,0,0,0,0,1.21371927857399,0,0,0,0,3.71412479877472,119.538005575538,0,76.6631289124489,0,2441.9014082849,0,0.49891996383667,112.032105192542,1046.75135719776,0,0,0,0,0,0,0,0,0,0,0,0,0,0,0,0,0,0,0,0,0,0,0,0,0,0,0,0,4.55559825897217,0,0,0,76.4278293028474,0,514.983066648245,2.93642009794712,0
1.15576356649399,0,0,0,0,0,0,0,0.329277142882347,0,0,0,0,0,0,0,146.520242013037,21.0190903320909,175.363797307014,0,0,0,0,0,0,0,0,0,0,0,0,0,0,0,0,0,0,0,0,3.71412479877472,0,2.28508330881596,541.564870968461,0,102.271468013525,1.33403849601746,1869.59221114218,15.9766863584518,242.216039940715,488.116871222854,0,0,0,0,0,0,0.764473259449005,0,0,0,0,0,0,0.170495912432671,0,0,0,0,0,0,0,0,0,0,0,0,0,0,0,69.5910501480103,0,0,323.884545534849,0,543.651810966432,0,9.37215480208397
0,844.479948371649,0,234.6765223369,0,7.07626236975193,0,0,0,1135.36508624256,0,0,0,0,0,0,88.5145204141736,626.690711721778,2007.67357616872,0,0,0,0,0.439006865024567,0,0,0,0,0,0,0,0,0,0,0,0.445379853248596,0,2.50462397933006,0,119.538005575538,2.28508330881596,0,51.8185082376003,328.806313328445,0,859.26335003227,7.25527132302523,0,2.79969385266304,100.048092000186,0,0,0,0,0,93.212409965694,0,202.01134531945,0,0,0,6.85008817911148,5.02007580548525,0,0,0,1.51180711388588,0,0,0,0,0,248.275066293776,0,0,0,0,0,52.8112098500133,0,0,0,2942.33465085924,27.2522824183106,7932.31010590494,278.011728525162,0
655.841047175229,0,41.0003164112568,0,0,0,0,0,337.810119435191,0,0,0,0,0,0,0,270.645155511796,27.3098562136292,445.916219085455,0,0,0,0,0,0,0,0,0,0,0,0,0,0,0,0,0,0,0,30.2699995487928,0,541.564870968461,51.8185082376003,0,2.22211506962776,77.3565534427762,0,876.442085407674,25.2784897685051,161.933258138597,1.12559540569782,0,0,0,0,142.456221535802,0,31.1433048322797,0,1.17610578238964,0,0.41877093911171,0,0,4.94270472973585,0,0,0,0.285492122173309,0,0,0,0,0,7.34891265630722,0,0,0,0,0,56.3643854185939,0,30.4534444212914,3009.96900304407,0.125133320689201,8248.91181905568,0.350602135062218,261.700676947832
0,0.331292718648911,0,8.97133466601372,0,0,0,0,0,0.263906389474869,0,0,0,0,0,0,17.1694931164384,127.983229614794,227.854462683201,0,0,0,0,0,0,0,0,0,0,0,0,0,0,0,0,0,0,0,0,76.6631289124489,0,328.806313328445,2.22211506962776,0,0,198.168816924095,2.04980899393559,0,0,0,0,0,0,0,0,1.2199604511261,0,1.33697509765625,0,0,0,0,3.52380447089672,0,0,0,0,0,0,0,0,0,0.583551481366158,0,0,0,0,0,58.3306679800153,0,0,0,359.79536870867,1.6981597840786,569.235007546842,1.35448037087917,0
1.62508851289749,0,0,0,0,0,0,0,0,0,0,0,0,0,0,0,82.0174751952291,6.11894847452641,73.8344419300556,0,0,0,0,0,0,0,0,0,0,0,0,0,0,0,0,0,0,0,0,0,102.271468013525,0,77.3565534427762,0,0,0,245.261187426746,0,0,0,0,0,0,0,0.196529746055603,0,0,0,0,0,0,0,0,1.43143890053034,0,0,0,0,0,0,0,0,0,0,0,0,0,0,0,13.3841289430857,0,0,177.083903536201,0,189.796936199069,0,0
0,0.114668741822243,0,300.601410396397,0,0,0,0,0,3.13355340063572,0,0,0,0,0,0,89.5804648399353,435.088374555111,2444.32440385222,0,0,0,0,0,0,0,0,0,0,0,0,0,0,0,0,0,0,0,0,2441.9014082849,1.33403849601746,859.26335003227,0,198.168816924095,0,0,28.2133261412382,0,0,0,0,0,0,0,0,0,0,6.25073281675577,0,0,0,0,210.398200847208,0,0,0,0,0,0,0,0,0,1.29082009196281,0,0,0,0,0,373.291546329856,0,0,0,634.386477448046,3.41661520302296,4327.56671635807,3.21391344815493,0
7.49087227880955,0,0,0,0,0,0,0,3.31029191613197,0,0,0,0,0,0,0,830.617841511965,197.234645664692,2488.97630019486,0,5.13925659656525,0,0,0,0,0,0,0,0,0,0,0,0,0,0,0,0,0,0,0,1869.59221114218,7.25527132302523,876.442085407674,2.04980899393559,245.261187426746,28.2133261412382,0,0,0,0,0,0,0,0,0.406055614352226,0,0.207026161253452,0,0,0,0,0,0,665.792053341866,0,0,0,0,0,0,0,0,0,0,0,0,0,0,0.126885801553726,416.956244431436,0,0,1337.2229302898,0,2631.47080174088,1.30074436962605,3.6871602088213
0,0,0,0,0,0,0,0,0,0,0,0,0,0,0,0,0,0,0,0,0,0,0,0,0,0,0,0,0,0,0,114.026152387261,212.175312206149,771.049300700426,1049.99493160844,101.321116030216,165.891658395529,140.790097296238,216.648641735315,0.49891996383667,15.9766863584518,0,25.2784897685051,0,0,0,0,0,1500.85764051974,1881.04368720949,0,0,0,0,0,0,0,0,0,0,0,0,0,0,0,0,0,0,0,0,0,0,0,0,13.4812911003828,41.9655156284571,9.40201473236084,1.6935578584671,1137.11213604361,622.252548880875,0,2.92516070604324,5093.90610264242,0,267.897294580936,0,0
55.225629389286,0,15.0690962076187,0,0,0,0,0,8.44805297255516,0,0,0,0,0,0,0,0,0,0,0,0,0,0,0,0.211794331669807,0,0,0,0,0,0,0,4.05810698866844,0,1.90082091093063,0,0,0,19.2157569676638,112.032105192542,242.216039940715,2.79969385266304,161.933258138597,0,0,0,0,1500.85764051974,0,6327.70935159922,0,0,0,0,3.68106725811958,0,0.145160883665085,0,0,0,11.1587880849838,0,0,0,0,4.09951019287109,0,0,0,0,0,0,0,0,0.895848631858826,5.61555644869804,0,0,5.9719086587429,0,0,9.95406843721867,768.537864968181,0,456.966251648962,0,0
0,112.765172094107,0,0.563328564167023,0,0,0,0,0,10.7626156806946,0,0,0,0,0,5.29100584983826,0,0,0,0,0,0,0,0,0,0,0,0,0,0,0,0.21988345682621,3.7326597571373,0,0,8.0341414809227,2.5461658090353,33.9393490552902,0,1046.75135719776,488.116871222854,100.048092000186,1.12559540569782,0,0,0,0,1881.04368720949,6327.70935159922,0,0,0,0,0,0,0,0,28.447081066668,0,0.978465795516968,0,9.50125621259212,2.57658761739731,0,0,0,0,0,0,0,0,0,0.187059581279755,0,0,0.432493478059769,0,0,149.210326872766,8.2253138422966,116.729443222284,0,1208.92939896882,0,344.259972847998,0.220801591873169,0
0,0,101.627871260047,0,1088.53360357881,0,4,0,0,0,0,0,0,0,0,0,0,0,0,0,0,0,0,0,0,0,0,0,0,0,0,0,0,0,0,0,0,0,0,0,0,0,0,0,0,0,0,0,0,0,0,0,0,0,0,0,105.912829339504,0,6.93992891907692,0,0,0,0,0,0,0,0,0,0,0,0,0,0,0,0,0,0,0,0,0,0,0,5.10922405123711,0,28.2174614816904,0,0
0,0,0,22.7092215567827,0,3424.25788620114,0,15.1175732314587,0,0,0,75.0346918106079,0,0,0,4.55391827225685,0,0,0,0,0,0,0,0,0,0,0,0,0,0,0,0,0,0,0,0,0,0,0,0,0,0,0,0,0,0,0,0,0,0,0,0,0,31.2536066919565,0,0,0,23.9144485145807,0,192.745344862342,0,65.6843764185905,0,0,0,0,0,0,0,0,0,0,0,0,0,0,0,0,0,0,0,0,100.150515377522,0,11.6275315284729,0,0
0,0,0,0,252.505203604698,0,369.468454122543,0,0,0,35.1874626874924,0,0,0,0,0,0,0,0,0,51.0902653932571,0,0,0,0,0,0,0,0,0,0,0,0,0,0,0,0,0,0,0,0,0,0,0,0,0,0,0,0,0,0,0,0,0,0,0,0,0,0,0,0,0,0,0,0,0,0,0,0,0,0,0,0,0,0,0,0,0,0,0,0,0,0,0,0,0,0
0,0,0,0,0,142.897732198238,0,315.089883089066,0,0,0,12.3289942741394,0,0,0,0,0,0,0,73.4558719396591,0,0,0,0,0,0,0,0,0,0,0,0,0,0,0,0,0,0,0,0,0,0,0,0,0,0,0,0,0,0,0,31.2536066919565,0,0,0,0,0,1.86645197868347,0,0,0,0,0,0,0,0,0,0,0,0,0,0,0,0,0,0,0,0,0,0,0,0,172.75531154871,0,0,0,0
323.61367880553,0,166.648465380073,0,0,0,0,0,1411.08511155844,0,0,0,0,0,0,0,29.6164195239544,0,10.1356212869287,0,0,0,0,0,388.07657212019,0,0,0,0,0,0,0,0,0,0,0,0,0,0.345387607812881,0,0,0,142.456221535802,0,0.196529746055603,0,0.406055614352226,0,3.68106725811958,0,0,0,0,0,0,0,0.223253287374973,0,0,0,22.5323209762573,0,0,0,0,0,0,520.386605113745,0,0,0,0,0,0,0,0,0,0,0,0,0,4.563466578722,64.1981794536114,0,228.116709776223,0,7.7406592965126
0,146.866653166711,0,381.291576653719,0,0.763511806726456,0,0,0,310.455117054284,0,0,0,0,0,0,0,5.60499884933233,10.7023124620318,0,0,0,0,90.5802667140961,0,13.6536232829094,0,0,0,0,0,0,0,0,0,0,0,0.264903694391251,0,0,0,93.212409965694,0,1.2199604511261,0,0,0,0,0,0,0,0,0,0,0,0,0,0.999235868453979,0,0,0,0,0,0,0,0,122.747697427869,0,15.3094420433044,0,0,0,0.238050982356071,0,0,0,0,0,0,0,1.91265562176704,0,209.990289755166,1.74495393037796,108.077950395644,0.582575500011444,0
0.902950458228588,0,89.9428526908159,0,30.9757179617882,0,11.3677908182144,0,5.87978337705135,0,4389.21315592527,0,0,0,0,0,6.21844027191401,0,3.3327187076211,0,562.093972593546,0,0,0,0,0,0,0,0,0,35.6119771003723,0,0,0,0,0,36.7538733482361,0,991.27599838376,0,0.764473259449005,0,31.1433048322797,0,0,0,0.207026161253452,0,0.145160883665085,0,105.912829339504,0,0,0,0.223253287374973,0,0,0,0,0,0.144573390483856,0,0,478.016667038202,0,0,0,0,0,0,0,0,0,58.7497312501073,0,0,0,0,0,0.150192245841026,0,0,97.6810116320848,107.463428974152,159.531409986317,0,0
0,31.9062210470438,0,3.35039918124676,0,5.16317188739777,0,2.86609590053558,0,43.648970618844,0,9070.49965944886,0,0,0,0,0.214600279927254,8.428467027843,45.494383521378,299.051971673965,0,0,0,0,0,0,0,0,0,465.871598809958,0,0,0,0,0,0,0,740.06216982007,0,0,0,202.01134531945,0,1.33697509765625,0,6.25073281675577,0,0,0,28.447081066668,0,23.9144485145807,0,1.86645197868347,0,0.999235868453979,0,0,0,225.634454742074,0,122.378170132637,106.904213368893,0,0,0,0,0,7.6495723426342,0,12.5663450062275,0,2.0212704539299,0,0,0,0,0,0,0,0,0,144.814537756145,4.83321609348059,870.138444028795,1.62845928966999,0
0,0,88.9633048772812,0,0,0,0,0,0,0,1053.87337476015,0,1038.984357059,0,0,0,0,0,0,0,0,0,0,0,0,0,0,0,4.46809685230255,0,0,0,0,0,0,0,0,0,0,0,0,0,1.17610578238964,0,0,0,0,0,0,0,6.93992891907692,0,0,0,0,0,0,0,0,0,0,0,0,0,0,0,0,0,0,0,0,0,0,0.144733145833015,0,0,0,0,0,0,0,0,0,0,9.25699065625668,0,0
0,7.05405709147453,0,6.79068142175674,0,47.2392420172691,0,0,0,0,0,40.6743421554565,0,3104.25660777092,0,1.31062614917755,0,0,0,0,0,0,0,0,0,0,0,0,0,0,0,0,0,0,0,0,0,0,0,0,0,0,0,0,0,0,0,0,0,0.978465795516968,0,192.745344862342,0,0,0,0,0,225.634454742074,0,0,0,291.520227402449,0,0,0,0,0,0,0.423257946968079,0,1.48265716433525,0,0,0,0,0,0,0,0,0,0,0,9.59765529632568,139.166001796722,0,0,0
11.8274428248405,0,0.832624435424805,0,0,0,0,0,5.18102100491524,0,0,0,0,0,0,0,0,0,0,0,0,0,0,0,0,0,0,0,0,0,0,0,0,0,0,0,0,0,0,0,0,0,0.41877093911171,0,0,0,0,0,11.1587880849838,0,0,0,0,0,22.5323209762573,0,0.144573390483856,0,0,0,0,0,0,0,0,0,0,0,0,0,0,0,0,0,0,0,0,0,0,0,0,0,0,0,1.46763814985752,0,0
0,13.4622773826122,0,229.42408414185,0,2.54239797592163,0,0,0,0,0,0,0,0,0,206.786585718393,0,0,0,0,0,0,0,0,0,6.40300178527832,0,0,0,0,0,0,0,0,0,0,0,0,0,0,0,6.85008817911148,0,0,0,0,0,0,0,9.50125621259212,0,65.6843764185905,0,0,0,0,0,122.378170132637,0,291.520227402449,0,0,0,0,0,0,0,0,29.0765459835529,0,9.469691157341,0,0,0,0,0,0,0,0,0,0,0,0,0,16.5704015642405,0,0
0,0,0,28.2186148017645,0,0,0,0,0,0.956926956772804,0,50.0635434389114,0,0,0,0,0.103386409580708,4.73282670974731,22.8620777279139,1691.07942813635,0,0,0,0,0,0,0,0,0,0,0,0,0,0,0,25.8107967376709,0,127.622193217278,0,0,0,5.02007580548525,0,3.52380447089672,0,210.398200847208,0,0,0,2.57658761739731,0,0,0,0,0,0,0,106.904213368893,0,0,0,0,0,0,0,0,0,0,0,0,0,0,0,0,0,0,0,0,3.3921725153923,0,0,0,9.27471251785755,0.112577192485332,611.452938742936,0,0
0.424561262130737,0,0,0,0,0,0,0,4.14705842733383,0,1,0,0,0,0,0,17.4296181499958,0.605356931686401,23.0002696886659,0,1235.16251409054,0,0,0,0,0,0,0,0,0,0,0,0,0,0,0,0,0,41.4864223003387,0,0.170495912432671,0,4.94270472973585,0,1.43143890053034,0,665.792053341866,0,0,0,0,0,0,0,0,0,478.016667038202,0,0,0,0,0,0,0,0,0,0,0,0,0,0,0,0,0,0,0,0,0,0,0.435045063495636,0,0,6.34842365980148,0,1082.8699759841,0,0
0,0,0,0,0,0,0,0,0,0,0,0,0,0,0,0,0,0,0,0,0,5337.49259971082,43.9210331439972,16.4248448610306,0,12.0127716064453,0,5.07869958877563,0,0,0,0,0,0,0,0,0,1149.1531329751,0,0,0,0,0,0,0,0,0,0,0,0,0,0,0,0,0,0,0,0,0,0,0,0,0,0,0,0,0,0,0,0,0,0,0,0,0,0,0,0,0,0,0,0,281.612655818462,1,0,0,0
0,0,0,0,0,0,0,0,0,0,0,0,0,0,0,0,8.45632728934288,0,0,0,0,139.543305277824,5756.8455837667,0,59.5143895745277,0,0,0,0,0,0,0,0,0,0,0,0,326.215626567602,1498.9653390348,0,0,0,0,0,0,0,0,0,4.09951019287109,0,0,0,0,0,0,0,0,0,0,0,0,0,0,0,0,0,0,0,0,0,0,0,0,0,0,0,0,0,0,0,0,377.782332196832,815.457337349653,9.07037574052811,0,0,0
0,93.3061296194792,0,0.346663311123848,0,0.129548907279968,0,0,0,141.907318629324,0,0,0,0,0,0,0,0.375346660614014,2.27108720690012,0,0,5.62308198213577,0,677.698752850294,0,0,0,0,0,0,0,0,0,0,0,0,0,432.58132442832,0,0,0,1.51180711388588,0,0,0,0,0,0,0,0,0,0,0,0,0,122.747697427869,0,0,0,0,0,0,0,0,0,0,0,0,0,0,0,0,0,0,0,0,0,0,0,0,512.768253907561,0,43.9425848424435,2.34199627488852,310.756293311715,0,0
102.306260928512,0,0,0,0,0,0,0,93.1052780598402,0,0,0,0,0,0,0,2.02268047630787,0,3.12819878011942,0,0,0,406.789831638336,0,491.521930813789,0,0,0,0,0,0,0,0,0,0,0,0,0,694.244085624814,0,0,0,0.285492122173309,0,0,0,0,0,0,0,0,0,0,0,520.386605113745,0,0,0,0,0,0,0,0,0,0,0,0,0,0,0,0,0,0,0,0,0,0,0,0,0,0,586.575709670782,111.177202470601,0,429.372090220451,0,0
0,4.29692661762238,0,0,0,0,0,0,0,0.467111229896545,0,0,0,0,0,39.5730955600739,0,0,0,0,0,256.727627396584,0,0,0,406.064384698868,0,0,0,0,0,0,0,0,0,0,0,0,0,0,0,0,0,0,0,0,0,0,0,0,0,0,0,0,0,15.3094420433044,0,7.6495723426342,0,0.423257946968079,0,29.0765459835529,0,0,0,0,0,0,0,0,0,0,0,0,0,0,0,0,0,0,0,0,5.4006671756506,0,0,0,0
0,0,0,0,0,0,0,0,0,0,0,0,0,0,0,0,0,0,0,0,0,0,522.566108882427,0,26.7069967985153,0,425.561110138893,0,0,0,0,0,0,0,0,0,0,0,0,0,0,0,0,0,0,0,0,0,0,0,0,0,0,0,0,0,0,0,0,0,0,0,0,0,0,0,0,0,0,0,0,0,0,0,0,0,0,0,0,0,0,0,0,0,0,0,0
0,4.03629371523857,0,0,0,0,0,0,0,0,0,0,0,582.006683409214,0,0,0,0,0,0,0,374.648000538349,0,0,0,0,0,3551.05427786708,0,3.10557126998901,0,0,0,0,0,0,0,62.1217929422855,0,0,0,0,0,0,0,0,0,0,0,0,0,0,0,0,0,0,0,12.5663450062275,0,1.48265716433525,0,9.469691157341,0,0,0,0,0,0,0,0,0,0,0,0,0,0,0,0,0,0,0,0,24.3725080490112,12.9830183982849,0,0,0
0,0,0,0,0,0,0,0,0,0,0,0,0,0,0,0,0,0,0,0,0,0,15.247413277626,0,0,0,0,0,897.076393663883,0,682.711291253567,0,0,0,0,0,0,0,244.290499806404,0,0,0,0,0,0,0,0,0,0,0,0,0,0,0,0,0,0,0,0,0,0,0,0,0,0,0,0,0,0,0,0,0,0,0,0,0,0,0,0,0,0,16.1898777484894,207.482473254204,419.900480359793,0,0,0
0,0,0,0.403113156557083,0,0,0,0,0,46.3718118518591,0,518.325705945492,0,0,0,0,0.141240105032921,5.61231552064419,30.591145336628,0,0,0,0,0,0,0,0,0,0,921.432156801224,0,0,0,0,0,0,0,639.122159898281,0,0,0,248.275066293776,0,0.583551481366158,0,1.29082009196281,0,0,0,0.187059581279755,0,0,0,0,0,0.238050982356071,0,2.0212704539299,0,0,0,0,0,0,0,0,0,0,0,0,0,0,0,0,0,0,0,0,0,0,0,0,275.067457213998,126.874880582094,253.553621783853,2.16114571690559,0
4.68538405001163,0,0,0,0,0,0,0,0,0,42.6865205764771,0,0,0,0,0,0,0,0,0,0,0,0,0,0,0,0,0,0,0,117.101187229156,0,0,0,0,0,0,0,58.5797834396362,0,0,0,7.34891265630722,0,0,0,0,0,0,0,0,0,0,0,0,0,58.7497312501073,0,0.144733145833015,0,0,0,0,0,0,0,0,0,0,0,0,0,0,0,0,0,0,0,0,0,0,0,21.3666353225708,0,1.54207012057304,0,0
0,0,0,0,0,0,0,0,0,0,0,0,0,0,0,0,0,0,0,0,0,0,0,0,0,0,0,0,0,0,0,1403.17181706429,52.2255037128925,0,0,1541.7229949683,39.1236806809902,0,0,0,0,0,0,0,0,0,0,13.4812911003828,0.895848631858826,0,0,0,0,0,0,0,0,0,0,0,0,0,0,0,0,0,0,0,0,0,0,0,0,0,0,0,0,0,5.26227474212646,2.10545885562897,0,0,4.70297560095787,0,0,0,0
0,0,0,0,0,0,0,0,0,0,0,0,0,0,0,0,0,0,0,0,0,0,0,0,0,0,0,0,0,0,0,61.3584342598915,826.475630775094,0,6.49606385827065,0,317.568416625261,0,0,0,0,0,0,0,0,0,0,41.9655156284571,5.61555644869804,0.432493478059769,0,0,0,0,0,0,0,0,0,0,0,0,0,0,0,0,0,0,0,0,0,0,0,0,0,0,0,0.428155422210693,0,11.5015554726124,0,0,0,0,0,0,0
0,0,0,0,0,0,0,0,0,0,0,0,0,0,0,0,0,0,0,0,0,0,0,0,0,0,0,0,0,0,0,14.2072776556015,0,2851.50407811999,756.631358027458,564.024927437305,0,228.126054763794,9.3360450565815,0,0,0,0,0,0,0,0,9.40201473236084,0,0,0,0,0,0,0,0,0,0,0,0,0,0,0,0,0,0,0,0,0,0,0,0,0,0,0,0,0,1.60882616043091,0,0,175.558155626059,1.33748322725296,6.50098502635956,0,0,0,0
0,0,0,0,0,0,0,0,0,0,0,0,0,0,0,0,0,0,0,0,0,0,0,0,0,0,0,0,0,0,0,0,11.8354900479317,814.880418300629,3584.57672931254,0,367.394023358822,0,1,0,0,0,0,0,0,0,0,1.6935578584671,0,0,0,0,0,0,0,0,0,0,0,0,0,0,0,0,0,0,0,0,0,0,0,0,0,0,0,0.428155422210693,1.60882616043091,0,0,2.78040409088135,0,52.4393352270126,34.5017535686493,0,0,0,0
0,0,0,4.54067730158567,0,0,0,0,0,1.55768413841724,0,0,0,0,0,0,10.7288167625666,74.4737877547741,252.988669060171,0,0,0,0,0,0,0,0,0,0,0,0,85.6858195066452,0,0,0,9272.46448360384,3469.75287418067,402.934128761292,0,4.55559825897217,0,52.8112098500133,0,58.3306679800153,0,373.291546329856,0.126885801553726,1137.11213604361,5.9719086587429,149.210326872766,0,0,0,0,0,0,0,0,0,0,0,0,3.3921725153923,0,0,0,0,0,0,0,0,0,0,0,5.26227474212646,0,0,0,0,1176.76460149884,199.648890733719,0,1503.07469982654,22.3045142292976,496.344647891819,2.25826942920685,0
0,0,0,0,0,0,0,0,0.653851211071014,0,0,0,0,0,0,0,170.025658421218,7.56031186133623,267.414243496954,0,0,0,0,0,0,0,0,0,0,0,0,7.96638664603233,21.5957425832748,0,11.9218468666077,597.484964191914,7933.29343396425,0,1541.55896237493,0,69.5910501480103,0,56.3643854185939,0,13.3841289430857,0,416.956244431436,622.252548880875,0,8.2253138422966,0,0,0,0,0,0,0.150192245841026,0,0,0,0,0,0,0.435045063495636,0,0,0,0,0,0,0,0,0,0,2.10545885562897,11.5015554726124,0,2.78040409088135,1176.76460149884,0,0,99.0867836475372,802.458837494254,295.098036319017,314.921814106405,0,2.14659012854099
0,0,0,0,0,0,0,0,0,2.82980370521545,0,0,0,0,0,0,0,0,0,0,0,100.826815128326,0,261.100409194827,0,0,0,0,0,0,0,0,0,65.8046931624413,0,1015.87397575378,0,8321.04644665122,86.2183038294315,0,0,0,0,0,0,0,0,0,0,116.729443222284,0,0,0,0,0,1.91265562176704,0,0,0,0,0,0,0,0,0,0,512.768253907561,0,0,0,0,0,0,0,0,0,175.558155626059,0,199.648890733719,0,0,63.121326982975,262.80163359642,5.65949058532715,0,0,0
46.405477181077,0,0.838509202003479,0,0,0,0,0,0,0,0,0,0,0,0,0,0,0,0,0,0,0,204.452795445919,0,87.757984161377,0,0,0,13.055877327919,0,0,0,0,233.890328705311,18.2435076236725,0,1032.69718664885,1396.94845318794,8825.49823497236,0,0,0,30.4534444212914,0,0,0,0,2.92516070604324,9.95406843721867,0,0,0,0,0,4.563466578722,0,0,0,0,0,0,0,0,0,0,377.782332196832,0,586.575709670782,0,0,0,16.1898777484894,0,0,0,0,1.33748322725296,52.4393352270126,0,99.0867836475372,63.121326982975,0,977.794917069376,81.7592555880547,186.649810418487,0,0
231.374485872686,286.319946907461,240.616178035736,223.436555452645,925.622908830643,2650.88602870703,252.87207108736,297.891000434756,288.725805401802,915.806140616536,12.7696679830551,281.424203753471,11.9170467853546,124.255570650101,0,481.006661951542,3576.44480302185,4277.01827594638,2647.90169201046,3.23444151878357,80.0850734710693,731.350615635514,1263.84924133122,168.260783709586,65.5136685371399,15.8399738445878,4.07837343215942,218.585629165173,202.751697182655,546.765949189663,36.565970659256,58.1487701833248,155.650118380785,39.4503209888935,113.269962310791,2448.44292888045,2791.98047381639,2022.91648891568,2160.77254955471,76.4278293028474,323.884545534849,2942.33465085924,3009.96900304407,359.79536870867,177.083903536201,634.386477448046,1337.2229302898,5093.90610264242,768.537864968181,1208.92939896882,5.10922405123711,100.150515377522,0,172.75531154871,64.1981794536114,209.990289755166,97.6810116320848,144.814537756145,0,9.59765529632568,0,0,9.27471251785755,6.34842365980148,281.612655818462,815.457337349653,43.9425848424435,111.177202470601,5.4006671756506,0,24.3725080490112,207.482473254204,275.067457213998,21.3666353225708,4.70297560095787,0,6.50098502635956,34.5017535686493,1503.07469982654,802.458837494254,262.80163359642,977.794917069376,0,13388.6209288165,5753.91373734176,79.3077566623688,88.3318632915616
0,26.2633202746511,0,66.5295002907515,934.479841113091,827.785226538777,1305.53127649426,14.5070264339447,0,121.341776773334,344.004940509796,639.613118112087,736.310901761055,230.980811953545,112.207156062126,15.5936074256897,13770.0631908402,9336.77976858616,8.47234795987606,0,0,292.588704541326,1519.62320070714,0.199832186102867,0,0,0,1425.30731508136,1678.76411363482,544.830094575882,304.599175453186,0,0,2.07369780540466,0,74.9650866985321,704.483717054129,370.909693360329,120.158917844296,0,0,27.2522824183106,0.125133320689201,1.6981597840786,0,3.41661520302296,0,0,0,0,0,0,0,0,0,1.74495393037796,107.463428974152,4.83321609348059,0,139.166001796722,0,0,0.112577192485332,0,1,9.07037574052811,2.34199627488852,0,0,0,12.9830183982849,419.900480359793,126.874880582094,0,0,0,0,0,22.3045142292976,295.098036319017,5.65949058532715,81.7592555880547,13388.6209288165,0,48.8837740421295,0.688146859407425,0
1231.63153201342,1405.53153149039,135.122130036354,980.436803713441,59.4342768341303,17.9373602867126,0,0,1182.90959460288,505.866634644568,0,0,0,0,0,0,3059.1168859899,1475.48633679748,8175.13593937457,75.3558264672756,494.734475404024,0,0,50.7253962755203,79.0221225321293,0,0,0,0,0,0,0,0,0,0,13.1744228303432,4.17749547958374,1.7329418361187,259.225171536207,514.983066648245,543.651810966432,7932.31010590494,8248.91181905568,569.235007546842,189.796936199069,4327.56671635807,2631.47080174088,267.897294580936,456.966251648962,344.259972847998,28.2174614816904,11.6275315284729,0,0,228.116709776223,108.077950395644,159.531409986317,870.138444028795,9.25699065625668,0,1.46763814985752,16.5704015642405,611.452938742936,1082.8699759841,0,0,310.756293311715,429.372090220451,0,0,0,0,253.553621783853,1.54207012057304,0,0,0,0,496.344647891819,314.921814106405,0,186.649810418487,5753.91373734176,48.8837740421295,0,503.913181506097,786.055163957179
0,0.616845369338989,0,0.270368985831738,0,0,0,0,0,50.6798711419106,0,0,0,0,0,0,11.1392472237349,70.8249628543854,118.978242702782,0,0,0,0,0,0,0,0,0,0,0,0,0,0,0,0,0,0,0,0,2.93642009794712,0,278.011728525162,0.350602135062218,1.35448037087917,0,3.21391344815493,1.30074436962605,0,0,0.220801591873169,0,0,0,0,0,0.582575500011444,0,1.62845928966999,0,0,0,0,0,0,0,0,0,0,0,0,0,0,2.16114571690559,0,0,0,0,0,2.25826942920685,0,0,0,79.3077566623688,0.688146859407425,503.913181506097,0,0
0,0,0,0,0,0,0,0,41.8200722411275,0,0,0,0,0,0,0,66.3429921939969,8.57003530114889,91.8240587040782,0,0,0,0,0,0,0,0,0,0,0,0,0,0,0,0,0,0,0,0,0,9.37215480208397,0,261.700676947832,0,0,0,3.6871602088213,0,0,0,0,0,0,0,7.7406592965126,0,0,0,0,0,0,0,0,0,0,0,0,0,0,0,0,0,0,0,0,0,0,0,0,2.14659012854099,0,0,88.3318632915616,0,786.055163957179,0,0
