0,0,0.0196871545025084,0,0,0,0,0,0.0329189368550233,0,0,0,0,0,0,0,0.000265376987172286,0.000132858806134115,0.00487548812574848,0,2.92520786957916e-05,0,0,0,0.00238587597557523,0,0,0,0,0,0,0,0,0,0,0,0,0,0,0.000174430665511437,0,5.19585428963758e-05,0.000842198260397539,0,0,0,0.000115576496759262,0,0.0111725642962713,0,0,0,0,0,0.0618958633772361,0,2.9484794214326e-05,0,0,0,0.00446642266991856,0,0,0.00043743899555434,0,0,0,0.0103439839000299,0,0.000833819720103603,0,0,0,0,0,0,0,0,5.7455378405757e-06,0.000116152972184119,0,0,0.000856980126596745,2.25519056926447e-05,0.0103272794849728,0,0
0,0,0,0.0646534773938629,0,0.000211300923564697,0,0,0,0.112306316386688,0,0,0,0,0,0,3.76395338186027e-06,0,2.80863185492123e-05,0,0,0,0,0.000235360547602682,0,0,0,0,0,0,0,0,0,0,0,0,0,0,0,0,0,0.00353664908071986,0,0,0,0,0,0,0,0.0214586891478129,0,0.00222325582676997,0,0,0,0.0643142730019211,0,4.01093182399192e-05,0,7.6027321765023e-05,0,0.0103973869388335,0,0,0,0,0.000975287731922678,0,0.000104139457738597,0,0,0,0,0,0,0,0,0,0,0,0,0,0.000986376979582974,0,0.00223952398529143,0.000514197143416718,0
0.0196871545025084,0,0,0,0.044029025663975,0,0,0,0.0459477298865712,0,0,0,0,0,0,0,0,0,0.000118692745998695,0,0,0,0,0,0,0,0,0,0,0,0,0,0,0,0,0,1.85187483808693e-06,0,0,0,5.78422039449735e-05,0,0.000299332867424036,0,0,0,0.000312275020079616,0,0.00956042810251568,0,0.0122917649993275,0,0,0,0.040347707423638,0,0.000705712511796981,0,0.00032698179503048,0,0.00502235046103598,0,0,0.0003799392421072,0,0,0,0,0,0,0,0,0,0,0,0,0,0,0,5.37476693648936e-05,0,1.59242319904798e-05,0.000299891487838434,2.29612760385338e-05,0.0137091103476432,0,0
0,0.0646534773938629,0,0,0,0.0228724057959556,0,0,0,0.0570823730022094,0,0,0,0,0,0,0,0,0.000168909326093908,0.000144216788699067,0,4.02961654061415e-06,0,0,0,0,0,0,0,0,0,0,0,0,0,7.1390440724046e-05,0,1.4681031112268e-06,0,0.00129142532434821,0,0.00444587590390123,1.41897550328272e-05,0,0,0.00451419759363411,0,0.000169430148062979,0,0.00465330472054641,0,0.00653353056563554,0,0,0,0.0221598200523806,0,0.00109240421002212,0,0.00110137597353842,0,0,0.000222903936502731,0,5.98999709912495e-06,0,0,0,0.000430955046333874,0,0.000344393967502236,0,0.000983183091979244,0,0,0,0,0,0.00011660967817834,1.45322218338085e-06,0.000189268899053868,0,0.00132167951969015,2.55392782654326e-05,0.0105524029991885,0.00127411106768403,0
0,0,0.044029025663975,0,0,0,0.00289246577881692,0,0.0200137005284108,0,0,0,0.00325910312660091,0,0.00102397106770553,0,0,0,8.63658045872917e-06,0,0.0106175338713801,0,0,0,0,0,0,0,0,0,0,0,0,0,0,0,0.000607317901028073,0,0,0,0.000145126279055285,0,0.000170299244192952,0,0,0,0.000446473072997244,0.000145139944679158,0.000211292659952752,0,0.0600691822290439,0,0.00555814340737076,0,0.0109473096829455,0,0.000745962552835317,0,0.00602471537361035,0,0.000155590844564137,0,0,0.0117919009148269,0,0,0,0,0,0,0,0,0,0.000257067541380422,0,0,0,0,0,0.000475852193425237,0,1.42368793266585e-05,0.000709251423474818,0.00010752671067079,0.0122484787161062,0,4.40827195347521e-05
0,0.000211300923564697,0,0.0228724057959556,0,0,0,0.0195754689169348,0,0.0114846633036632,0,2.91705775176123e-05,0,0,0,0.000179606148657325,0,0,0,0.00503965601507936,0,0,0,0,0,0,0,0,0,0,0,0,0,0,0,0.000211246194934931,0,0,0,0.000461642831474998,0,0.000375842626782031,0,0,0,0.00410832210638175,0,0.000187137031604738,0,0.000623544537603427,0,0.210678175532037,0,0.0303965980910883,0,0.00257471148852961,0,0.00213599258594365,0,0.000592292312883665,0,0.00161391264911505,0.0083411505118412,0,4.76270821843372e-06,0,0,0,2.27388767466362e-05,0,0.000112429301695126,0,3.69566104409117e-05,0,0,0,0,0,0.000461811938316191,0,2.34016942514372e-05,0,0.00713314975472803,0.0008126279067125,0.012372785194266,0,0
0,0,0,0,0.00289246577881692,0,0,0,0,0,5.52944438823033e-05,0,0.00263118714702753,0,0,0,0,0,0,0,0.00607344086405538,0,0,0,0,0,0,0,0,0,0,0,0,0,0,0,0,0,0,0,0,0,0,0,0,0,0,0,0,0,0.00158036638797524,0,0.0567163538681029,0,0,0,0.000332642747656072,0,0.00408560139241694,0,0,0,0,0.0025477286741455,0,0,0,0,0,0,0,0,0,0,0,0,0,0,0,0,0,0,0.000489285137345763,8.67745716694101e-05,0.000161925135005559,0,0
0,0,0,0,0,0.0195754689169348,0,0,0,0,0,0.0156442912947552,0,0.000246863926921751,0,0,0,0,0,0,0,0,0,0,0,0,0,0,0,0,0,0,0,0,0,0,0,0,0,0,0,0,0,0,0,0,0,0,0,0,0,0.0191859866681012,0,0.101876478691026,0,0,0,0.0120688257161449,0,0.00294647549213873,0,0,0.000324726674846018,0,0,0,0,0,0,0,0,0,0,0,0,0,0,0,0,0,0,0,0.0010794851141211,0.00012220456804852,0,0,0
0.0329189368550233,0,0.0459477298865712,0,0.0200137005284108,0,0,0,0,0,0,0,0,0,0.00872486877654713,0,0.00868312915965325,0.00129331212079147,0.002810943001366,0,0,0,2.40491611428004e-05,0,0.0104690717937785,0,0.00320714258377872,0,0,0,0,0,0,0,0,0,0,0,0.00063696873132192,2.0333780491045e-05,0,6.59432012518057e-05,0.00128816879093277,0,0,2.11700251914471e-05,2.53367589586352e-05,0,0.000712387894631596,0,0.0160018273607126,0,0,0,0.15412446647288,0,0,0,0,0,0.0220844289965136,0,0,4.16860045560187e-05,0,0,0,0.00815356293873543,0,0.00276300698946651,0,0,0,0,0,0,0,0,1.57802628529992e-05,5.78244084995039e-05,0,0.00104044438603612,0.0011736549707796,5.94231117707476e-05,0.00144826101871838,0,0.0038874663900115
0,0.112306316386688,0,0.0570823730022094,0,0.0114846633036632,0,0,0,0,0,0,0,0,0,0.00738285555809766,0,0.0001485218645606,0,0,0,0,0,0.0239443592825418,0,0.000373246626461353,0,0,0,0,0,0,0,0,0,9.95309903117586e-07,0,0.000733838186586071,0,0.00029821908545061,0,0.00231901641808622,7.51717591170194e-06,0,0,0.000825706644055202,0,9.95272956805639e-05,0,0.00498567656374655,0,0.000455303307041591,0,0,0,0.100087535712689,0,0.00018543611343536,0,4.95031636367396e-05,0,0.00271156388952341,2.0536903645188e-05,0,0,0,0.0232616470779599,0,2.71533775796581e-05,0,5.96708103864477e-05,0,0.000136399500061151,0,0,0,0,0,2.39347006973109e-05,0,0.000483417231410216,0,0.00247278017162141,3.64627518208001e-05,0.0026935043798238,0.0115372370022678,0
0,0,0,0,0,0,5.52944438823033e-05,0,0,0,0,0,3.87604413845111e-05,0,0,0,0,0,1.10682928640098e-05,0,0.0115797278711051,0,0,0,0,0,0,0,4.43715996511317e-05,0,0.00354651054385928,0,0,0,0,0,0.00358714271277274,0,0.0111831836212711,0,0,0,0,0,0,0,9.67153986751977e-06,0,0,0,0,0,0,0,0,0,0.0813213039483897,0,0.000124844230725211,0,0,0,0,0.00156787468684755,0,0,0,0,0,0,0,0.000271199385934472,0,0.00222393917898597,0,0,0,0,0,0.000408387237812034,0,0.00189265242980609,0.00105092401188114,0.00159911903013513,0.00013997197432945,0,0
0,0,0,0,0,2.91705775176123e-05,0,0.0156442912947552,0,0,0,0,0,0.0170682550523441,0,0,0,0,0,0.0239781228672722,0,0,0,0,0,0,0,0.000265736598521471,0,0.00169564424915249,0,0,0,0,0,0.00162950573056401,0,0.00754810677513745,0,0,0,0.000101636886602465,0,0,0,6.41523022675938e-05,0,0,0,3.74260660679682e-05,0,3.06315071844834e-05,0,0.0028281527571379,0,0,0,0.0692035560730971,0,0.00327241592596864,0,0,0.0243364586468795,0,0,0,0,0,0,0,3.68385190085974e-05,0,0.00107197312567924,0,0,0,0,0,5.43686303057274e-05,0,0.0035205605801326,0,0.00140925418596921,0,0.000614478622569825,0,0
0,0,0,0,0.00325910312660091,0,0.00263118714702753,0,0,0,3.87604413845111e-05,0,0,0,0.000154081331821239,0,0.00182606472979522,1.32134705931593e-05,0,0,0,0,7.22986776363881e-05,0,0,0,4.32331788920259e-05,0,0.00233368225470341,0,0,0,0,0,0,0,0,0,0,0,0,0,0,0,0,0,0,0,0,0,0.000672563234500239,0,0.00241730820522485,0,0,0,4.81431488364608e-05,0,0.0201286478809956,0,0.00014587186484429,0,0,0,0,0,0,0,0,0.000112833802755714,0,0,0,0,0,0,0,0,0,0,0,0,0.000146768547797599,0.00174867136525897,0,0,0
0,0,0,0,0,0,0,0.000246863926921751,0,0,0,0.0170682550523441,0,0,0,0.00530706742923505,0,2.18625522391592e-05,0,0,0,0,0,0,0,0.0011461214651621,0,0.000291364556906112,0,0,0,0,0,0,0,0,0,0,0,0,0,0,0,0,0,0,0,0,0,3.46197727634657e-05,0,0,0,0.00213143240987674,0,0,0,0.0041630622286803,0,0.0279333450007433,0,0.00923046850709171,0,0,0,0,0,0,0.00687796184432885,0,0.00015678215847951,0,0,0,0,0,0,0,0,0,0,0,0.000520614834308704,0.000572043513195207,0,0,0
0,0,0,0,0.00102397106770553,0,0,0,0.00872486877654713,0,0,0,0.000154081331821239,0,0,0,0.000241146041011474,7.57432262057942e-05,3.10062460260213e-05,0,0,0,0,0,0.00186241148603522,0,0,0,0,0,0,0,0,0,0,0,0,0,0,0,0,0,0,0,0,0,0,0,0,0,0.00343025848527383,0,0,0,0.00409012164686192,0,0,0,0.00340677405244581,0,0.0192725127669204,0,0,0,0,0,0,0,0,0,0,0,0,0,0,0,0,0,0,0,0,0,5.3520061487525e-05,0,0,0,0
0,0,0,0,0,0.000179606148657325,0,0,0,0.00738285555809766,0,0,0,0.00530706742923505,0,0,0,0.00321301712173096,0,0,0,0,0,0.00825437543468584,0,0.00234950072200692,0,0,0,0,0,0,0,0,0,0,0,0,0,0,0,0,0,0,0,0,0,0,0,0.000291409739598184,0,0,0,0,0,0.00442355687720978,0,0.000629526754603976,0,0.00665139336659574,0,0.0345336151217279,0,0,0,0,0.0115578378192151,0,0.00102112135415348,0,0,0,0,0,0,0,0,0,0,0,0,0,0.000437469358353337,0,0,0,0
0.000265376987172286,3.76395338186027e-06,0,0,0,0,0,0,0.00868312915965325,0,0,0,0.00182606472979522,0,0.000241146041011474,0,0,0.108715518612516,0.0442442828018711,0,0,0,0.000880905744765178,0,0.000988303254651427,4.78707933883869e-05,0.01832726024256,0,0.00230359671515413,0,0,0,0,0,0,1.37686260208597e-05,3.81792834599223e-05,0,1.88457601933054e-05,0.000623147202517635,4.42708884830656e-05,0.000659787202413496,0.00134744980200333,0.000129697966260952,9.346488649487e-05,0.000334511237888431,0.000634490041408166,0,0,2.65548823519357e-06,0,0,0,0,0.0015525618807934,0,0,0,0.00166520389428325,0,0.00096946925639654,0,3.62265420689579e-05,0.000481495977124117,0,0,0,0,0,0.00548949454889966,0,0,0,5.31092004962106e-06,0,0,0,0,0.000217184988621757,0.000826169934089681,3.74956697012649e-06,6.45252274022544e-05,0.018461995681416,0.00546027688241911,0.0010104216520432,0.000371185745091685,0.000422917088976362
0.000132858806134115,0,0,0,0,0,0,0,0.00129331212079147,0.0001485218645606,0,0,1.32134705931593e-05,2.18625522391592e-05,7.57432262057942e-05,0.00321301712173096,0.108715518612516,0,0.0707692473619351,0,0,0.00285873991735381,1.57299838283271e-05,0.00027771282940096,0.000415213153154846,0.00568885105123461,0.00119556444501384,0,0,0,0,0,0,0,0,7.25081346031803e-06,7.54920054111016e-06,0,0,0.000168823344085655,1.84594191811648e-05,0.000589634634343698,0.000267330281866179,7.90752170019886e-05,5.64962404223125e-05,6.90445753771371e-05,0.000309969337936148,0,0,1.59937262925589e-05,0,0,0,0,0.000226318840996819,0.000351832638198911,0,0,8.77159547626634e-05,0,0.000253864286757846,0.000147957244981154,1.80237788984688e-05,0.000321370793204025,0.00189767610327047,0,0.00062036934770702,0,0.00188561046895834,0.000266050353072959,0,0,0,0,0,0,0,0,0.000107290598486646,0.000384206208330389,3.91609778902221e-06,3.16960177004792e-05,0.0256445846609264,0.00557888977498136,0.000483897091548362,0.000123720867363343,4.99068777951338e-05
0.00487548812574848,2.80863185492123e-05,0.000118692745998695,0.000168909326093908,8.63658045872917e-06,0,0,0,0.002810943001366,0,1.10682928640098e-05,0,0,0,3.10062460260213e-05,0,0.0442442828018711,0.0707692473619351,0,0,0.000237450938609849,0,4.14716662648916e-05,0,0.00013011344959299,0,0.00104322594963662,0,0,0,0,0,0,0,0,0.000436296849711734,0.000690871928597029,5.76461139067098e-05,7.11941821658858e-05,0.0188422495426718,0.0012282478901071,0.0335523338437924,0.0280163682479544,0.00998569462339714,0.00200135124301405,0.00618024939461685,0.00873661128805349,0,1.04624575807653e-05,0.000862766721980364,0,0,0,0,0.00108771175942749,0,2.63683285936776e-05,5.10355154150321e-05,3.0663933638056e-05,3.7255076972588e-05,0.000113395175472962,0,0.000821898827214611,0.0101323376048185,0,0,4.71838247363384e-06,0,4.46764177385752e-05,0.000915915892362227,6.4747518281845e-05,0,0.000187789441938793,6.24607582459776e-05,0,0,0,0,0.00415638572115193,0.0102115586825577,0.000870281700471237,0.00124962344810551,0.0152430426167692,0.000898917365984043,0.0248053460024973,0.0234345683530473,0.00777892447539002
0,0,0,0.000144216788699067,0,0.00503965601507936,0,0,0,0,0,0.0239781228672722,0,0,0,0,0,0,0,0,0,5.96561211712329e-06,0,0,0,0,0,0,0,0,0,0,0,0,0,0.0161327121877288,0,0.00391322887036539,0,4.02216670858591e-05,0,0.000458827763035181,0,0.000106806183857916,0,0.000459964118712105,0,0,0,0.000131450723076474,0,3.39714529679856e-05,0,0,0,0,0,0.0151108605759243,0,4.77710803952019e-05,0,6.06214413208829e-05,0.147159327819431,0,5.16939406182025e-06,0,0,0,0.000205802781694769,0,5.95375099087727e-05,0,0.000285748637112749,0,0,0,0,0,0.00467468672168771,0,0.00174191363009998,0,0.000984435752048647,0,0.00294098831017566,0,0
2.92520786957916e-05,0,0,0,0.0106175338713801,0,0.00607344086405538,0,0,0,0.0115797278711051,0,0,0,0,0,0,0,0.000237450938609849,0,0,0,0,0,0,0,0,0,0,0,0.000196180297802054,0,0,0,0,0,0.0134587495692431,0,0.00579194682285113,0,2.45166818454421e-05,0,0.00112799243176094,0,0,0,0.00115224616432107,0,9.28227216313643e-06,0,0.00391545344158919,0,0.00139712657813087,0,0,0,0.0144412366590551,0,0,0,0,0,0,0.153810895221098,0,0,0,0,0,0,0,2.32983246991977e-05,0,0.00287415257718288,0,0,0,0,0,0.0125660371682081,0,0.00159775557531028,0.00312916506529969,5.11850612383569e-06,0.00224121532987809,0,0.000406392764442681
0,0,0,4.02961654061415e-06,0,0,0,0,0,0,0,0,0,0,0,0,0,0.00285873991735381,0,5.96561211712329e-06,0,0,0.00176570782827038,0.00354749156388111,0,0.00766707346747116,0,0.00120797001821328,0,0,0,0,0,0,0,0,0,0.00719521418857263,0,1.1703879970766e-05,0,1.92742714445697e-05,0,0,0,1.24119494770344e-05,0,1.29981539668329e-05,0,0.00708852840405965,0,0,0,0,0,0,0,7.35993813689736e-05,0,1.39182971351517e-05,0,5.15452194201532e-06,6.3291433899825e-05,0,0.0513999666275835,6.82287100563107e-05,0.00493331995385504,0,0.00286450065580858,0,4.76203750391736e-05,0,1.606252324207e-05,0,0,0,0,0,7.16472966307122e-06,0,0.00168305883594647,0,0.00237131276908712,0.000237899437719167,0.000140411024767041,0,0
0,0,0,0,0,0,0,0,2.40491611428004e-05,0,0,0,7.22986776363881e-05,0,0,0,0.000880905744765178,1.57299838283271e-05,4.14716662648916e-05,0,0,0.00176570782827038,0,0,0.00232519399611948,0,0.00146668979152606,0,0.00133415581596463,0,0,0,0,0,0,0,0,0,0.001527735326106,0,0,0,0,0,0,0,0,2.00837634149593e-05,0.00209374913559718,0,0,0,0,0,0,0,0,0,2.61971353175051e-05,0,0,0,0,0,0.000163129444687429,0.0628607014135016,0,0.00628904590074816,0,0.00433604905525084,0,0.00124252726264847,0,0,0,0,0,0,0,0,0,0.000577548157086207,0.00189718076463371,7.26998077422049e-05,0,0,0
0,0.000235360547602682,0,0,0,0,0,0,0,0.0239443592825418,0,0,0,0,0,0.00825437543468584,0,0.00027771282940096,0,0,0,0.00354749156388111,0,0,0,0.0564447537420177,0,0,0,0,0,0,0,0,0,0,0,0.00214784115975532,0,0,0,6.2482937737265e-05,0,0,0,1.17493634224619e-05,0,3.39537400888149e-05,0,0.0009044535963406,0,0,0,0,0,0.00608033506257188,0,0.000425476915743267,0,0.000409339697007693,0,0.00220520101601712,3.00005822069195e-05,0,0.00324249277006742,0,0.210614253443777,0,0.0487953225181969,0,7.59965108547021e-05,0,0,0,0,0,0,0,5.36279157052982e-06,0,0.0029841435373512,0,0.00154134868872432,0,0.000477927806687676,0,0
0.00238587597557523,0,0,0,0,0,0,0,0.0104690717937785,0,0,0,0,0,0.00186241148603522,0,0.000988303254651427,0.000415213153154846,0.00013011344959299,0,0,0,0.00232519399611948,0,0,0,0.00384284701621379,0,0,0,0,0,0,0,0,0,0,0,0.00136790404209898,0,0,0,0.000141760719011232,0,0,0,0,0,0.00216652861544432,0,0,0,0,0,0.0482690840820609,0,0,0,0,0,0.00117486541119737,0,0,0,0,0.00124850978126901,0,0.0877104645651557,0,0.131234876582252,0,0.000408766532121833,0,0,0,0,0,0,0,0,0,0.000278483494622986,0.000141360416344967,1.35651958573337e-06,0.0018272517059023,0,0
0,0,0,0,0,0,0,0,0,0.000373246626461353,0,0,0,0.0011461214651621,0,0.00234950072200692,4.78707933883869e-05,0.00568885105123461,0,0,0,0.00766707346747116,0,0.0564447537420177,0,0,0,0.00228737274493003,0,0,0,0,0,0,0,0,0,0,0,0,0,0,0,0,0,0,0,0,0,0.000173302973463914,0,0,0,0,0,5.42769878104279e-05,0,0.000127724966823647,0,0.000346825492894982,0,0.000815637736610465,1.96136081925397e-05,0,0.00247897556710562,0,0.00972241105037737,0,0.067952447730262,0,0.000251484534105853,0,0,0,0,0,0,0,0,0,0,0,0.00010731649829183,0,9.66476617183605e-05,0,0
0,0,0,0,0,0,0,0,0.00320714258377872,0,0,0,4.32331788920259e-05,0,0,0,0.01832726024256,0.00119556444501384,0.00104322594963662,0,0,0,0.00146668979152606,0,0.00384284701621379,0,0,0,0.00276735207055745,0,0,0,0,0,0,0,0,0,0,1.81024411097649e-05,0,0,0.000195764807554527,0,0,0,0,0,0,0,0,0,0,0,0.000135332266383001,0,0,0,0.00101319986632795,0,0,0,0,0,0,0.000441606893104782,0,0,0,0.109388844124664,0,0.0122929793559432,0,0,0,0,0,0,1.62965281183831e-06,3.08429874412881e-05,0,0,0.000498504748933835,0.000136005202059216,3.43488061852254e-05,0,0
0,0,0,0,0,0,0,0,0,0,0,0.000265736598521471,0,0.000291364556906112,0,0,0,0,0,0,0,0.00120797001821328,0,0,0,0.00228737274493003,0,0,0,0.0118844255120298,0,0,0,0,0,0,0,0,0,0,0,0,0,0,0,0,0,0,0,0,0,0,0,0,0,0,0,0,0,8.387650666656e-05,0,0,0,0,8.47626332607307e-06,0,0,0,0.00530596194434247,0,0.0276803096762802,0,0.00115972824068232,0,0,0,0,0,0,0,0,0,2.3304552162243e-05,0,0,0,0
0,0,0,0,0,0,0,0,0,0,4.43715996511317e-05,0,0.00233368225470341,0,0,0,0.00230359671515413,0,0,0,0,0,0.00133415581596463,0,0,0,0.00276735207055745,0,0,0,0.00482111433057313,0,0,0,0,0,0,0,0.000248271291327843,0,0,0,0,0,0,0,0,0,0,0,0,0,0,0,0,0,0.000374944863163066,0,0.00278636627383806,0,0,0,0,2.00473341396641e-05,0,0.000952971615544555,0,0,0,0.000292786479918665,0,0.0248466491699312,0,0.00032300848233157,0,0,0,0,0,0,0,4.39298430910226e-05,0.000188702282020261,1.67390466727348e-05,1.98315374990922e-05,0,0
0,0,0,0,0,0,0,0,0,0,0,0.00169564424915249,0,0,0,0,0,0,0,0,0,0,0,0,0,0,0,0.0118844255120298,0,0,0,0,0,0,0,0,0,0.00266696917499634,0,0,0,0,0,0,0,0,0,0,0,0,0,0,0,0,0,0,0,0.00275620765165815,0,0,0,0,0,0,0,0,0,0,0,0,0.0101806981552119,0,0.0369517638866193,0,0,0,0,0,0,0,0.000340210013556092,0,9.06398794380301e-05,0,0,0,0
0,0,0,0,0,0,0,0,0,0,0.00354651054385928,0,0,0,0,0,0,0,0,0,0.000196180297802054,0,0,0,0,0,0,0,0.00482111433057313,0,0,0,0,0,0,0,0,0,0.00165675897068117,0,0,0,0,0,0,0,1.11572290636505e-05,0,0,0,0,0,0,0,0,0,0.00371833961845033,0,0,0,0,0,0,0.000599193210384451,0,0,0,0,0,0,0,0.00169096330202871,0,0.041617184930181,0,0,0,0,0,0,0,0.00150077358520601,0.000596208930077213,6.58807273194342e-05,0.000100150897348754,0,5.92620475239076e-05
0,0,0,0,0,0,0,0,0,0,0,0,0,0,0,0,0,0,0,0,0,0,0,0,0,0,0,0,0,0,0,0,0.0484176047857738,0.00165297873012175,0,0.00312100480076575,6.73368013584977e-05,0,0,0,0,0,0,0,0,0,0,0.0875397138501232,0.000558789940461794,0.000131943915859666,0,0,0,0,0,0,0,0,0,0,0,0,0,0,0,0,0,0,0,0,0,0,0,0,0.147795418268064,0.0244404125585926,0.00164728252730456,0,0.00830818128197897,0,0,0,0.00166979103319669,0,0.000142698662666618,0,0
0,0,0,0,0,0,0,0,0,0,0,0,0,0,0,0,0,0,0,0,0,0,0,0,0,0,0,0,0,0,0,0.0484176047857738,0,0,0.000574995851660114,0.000207852523147351,0.000583070144122304,0,0,0,0,0,0,0,0,0,0,0.0208113154489285,0,0,0,0,0,0,0,0,0,0,0,0,0,0,0,0,0,0,0,0,0,0,0,0,0,0,0.00188852650776804,0.0759102511648715,0,0.000480109766651513,7.26121399744804e-05,0.00870312130789192,0,0,0.000849034104300926,0,0,0,0
0,0,0,0,0,0,0,0,0,0,0,0,0,0,0,0,0,0,0,0,0,0,0,0,0,0,0,0,0,0,0,0.00165297873012175,0,0,0.00763367596937557,0.00181650627517243,0,0.00232755596755049,0.00105925261256931,0,0,0,0,0,0,0,0,0.116664697454183,0.00239438295144854,7.55368791222122e-05,0,0,0,0,0,0,0,0,0,0,0,0,0,0,0,0,0,0,0,0,0,0,0,0,0.00500125311875984,0,0.144365376291052,0.00424895321241566,0.000381593187697705,1.62215794035937e-05,0.00613502543845905,2.50322087804842e-05,0.00186641358131762,0,0.000417736162478648,0,0
0,0,0,0,0,0,0,0,0,0,0,0,0,0,0,0,0,0,0,0,0,0,0,0,0,0,0,0,0,0,0,0,0.000574995851660114,0.00763367596937557,0,0,0.00469630886753623,0,0.000260414113795003,0,0,0,0,0,0,0,0,0.0729799586914899,0.000416581718202482,0,0,0,0,0,0,0,0,0,0,0,0,0,0,0,0,0,0,0,0,0,0,0,0,0,0,0.000804880569503317,0.00357741637629297,0.100324586767126,0,0.00184306503700345,3.73651159766343e-05,0.00171725115403051,0.000520381755045505,0,0,0,0
0,0,0,7.1390440724046e-05,0,0.000211246194934931,0,0,0,9.95309903117586e-07,0,0.00162950573056401,0,0,0,0,1.37686260208597e-05,7.25081346031803e-06,0.000436296849711734,0.0161327121877288,0,0,0,0,0,0,0,0,0,0,0,0.00312100480076575,0.000207852523147351,0.00181650627517243,0,0,0.00201029846228172,0.0091354874170956,0,0.000287630661440167,0,0.00059861524621647,3.18876791556269e-06,0.00044878613971835,0,0.00155773930057901,1.78375339258686e-06,0.000939081002413235,0,7.29933970242883e-05,0,0,0,0,0,0,0,0.000100947912969379,0,9.89513589270857e-07,0,0,0.0121036547949137,0,0,0,0,0,5.41237065558035e-06,0,1.82087224492991e-05,0,3.09478235008239e-05,0,0.0041503088909422,7.04600570186621e-05,0.00194108889152843,0,0.0761870576313341,0.00125849590923927,0.00377275775231504,0,0.00500150657510155,0,0.00137929260765676,0.000612047007096805,0
0,0,1.85187483808693e-06,0,0.000607317901028073,0,0,0,0,0,0.00358714271277274,0,0,0,0,0,3.81792834599223e-05,7.54920054111016e-06,0.000690871928597029,0,0.0134587495692431,0,0,0,0,0,0,0,0,0,0,6.73368013584977e-05,0.000583070144122304,0,0.00469630886753623,0.00201029846228172,0,0,0.00483985979794335,2.49444441955037e-05,0.000149724524774339,0,0.00126569774527115,0,0.000109678050260517,1.25425102252766e-06,0.000346568215709037,0.00146015862698716,0.000209414014897343,0,0.00015726552611256,0,0,0,0,0,0.00109030969818575,0,0,0,0,0,0,0.0112034945534616,0,0,0,0,0,0,0,2.6219193638129e-06,0,1.41028801231899e-05,7.3148594359452e-05,6.6725198056746e-05,0,0.00114879951551782,0.000180625996306855,0.0601269005081333,0,0.00748545581357707,0.00472895112705565,1.80700455151931e-05,0.00170057665923778,1.50370304574004e-06,0.000517258748332738
0,0,0,1.4681031112268e-06,0,0,0,0,0,0.000733838186586071,0,0.00754810677513745,0,0,0,0,0,0,5.76461139067098e-05,0.00391322887036539,0,0.00719521418857263,0,0.00214784115975532,0,0,0,0,0,0.00266696917499634,0,0,0,0.00232755596755049,0,0.0091354874170956,0,0,9.15816787763158e-05,5.03438347900247e-05,0,0.000108795189252328,1.82371040505019e-06,5.40745854154062e-05,0,0.000258091701807164,0,0.00518728770800429,0,0.00287729888587689,0,0,0,0,0,9.56920602142449e-05,0,0.0025627866274183,0,0,0,0,0.000853557563005048,0,0.00210905984964423,0,0.00159511950917514,0,1.71154064945747e-05,0,3.21354067358147e-05,0,0.00387826369900784,0,0,0,0.00339311869327543,0,0.0034649219647941,0,0.0639624164571261,4.11860979510429e-05,0.00258502437454184,0,0.00118550051429816,8.4821800815333e-05,0
0,0,0,0,0,0,0,0,0.00063696873132192,0,0.0111831836212711,0,0,0,0,0,1.88457601933054e-05,0,7.11941821658858e-05,0,0.00579194682285113,0,0.001527735326106,0,0.00136790404209898,0,0,0,0.000248271291327843,0,0.00165675897068117,0,0,0.00105925261256931,0.000260414113795003,0,0.00483985979794335,9.15816787763158e-05,0,0,7.64062431661371e-06,0,0.000405685961925981,0,7.36184289795846e-06,0,8.50198602208037e-05,0.00150608778913867,0.00725441526859341,0,0,0,0,0,0.000343638439108069,0,0.00269064453142673,0,0,0,0,0,0,0.0030920887891195,0,0.00158310051946563,0,0.00311891642443956,0,2.92011184093166e-05,0,0.000875233849430674,0,0.000912061474148454,0,0,0,0.00102297458369365,0,0.000808492011660834,2.02690599867466e-05,0.062511333143581,0.00227376584484889,0.000170195651413231,0.00145655840956333,0,0.000344130172360616
0.000174430665511437,0,0,0.00129142532434821,0,0.000461642831474998,0,0,2.0333780491045e-05,0.00029821908545061,0,0,0,0,0,0,0.000623147202517635,0.000168823344085655,0.0188422495426718,4.02216670858591e-05,0,1.1703879970766e-05,0,0,0,0,1.81024411097649e-05,0,0,0,0,0,0,0,0,0.000287630661440167,2.49444441955037e-05,5.03438347900247e-05,0,0,0,0.101974526036101,0.00106866807226481,0.0239119703275288,0.000158546408432283,0.0440521066227308,0.000182522646978125,0.0019082143881519,4.36012142679934e-05,0.0139962882996686,0,0,0,0,0,0,0,0.000652381316868581,0,5.54901174528625e-05,0,1.87824429858895e-05,0.00760660589003744,0.000251680129606273,9.14913654651885e-06,0,0,0,0.000453068206691152,0,0.000313437683484066,0,0.00107330127801038,0,0,0,0,0,0.00712931631831328,0.000132814602245503,0.00140733026584876,0,0.000706789449319176,1.36024428341406e-05,0.0452535260107793,0.0437613804021955,0
0,0,5.78422039449735e-05,0,0.000145126279055285,0,0,0,0,0,0,0,0,0,0,0,4.42708884830656e-05,1.84594191811648e-05,0.0012282478901071,0,2.45166818454421e-05,0,0,0,0,0,0,0,0,0,0,0,0,0,0,0,0.000149724524774339,0,7.64062431661371e-06,0,0,0,0.00865710858651987,0,0.000424500398746918,0,0.00128961378604912,0,0.00401652056601614,0,0,0,0,0,0,0,0,0,0,0,0,0,0,0.00340197314244696,0,0,0,0,0,0,0,0,0,0.000153710959588161,0,0,0,0,0,0.00213284815782348,0,0.00127966982963621,3.11120609938882e-05,4.6363900247282e-06,0.00198556252258598,0,0.00546376399089386
5.19585428963758e-05,0.00353664908071986,0,0.00444587590390123,0,0.000375842626782031,0,0,6.59432012518057e-05,0.00231901641808622,0,0.000101636886602465,0,0,0,0,0.000659787202413496,0.000589634634343698,0.0335523338437924,0.000458827763035181,0,1.92742714445697e-05,0,6.2482937737265e-05,0,0,0,0,0,0,0,0,0,0,0,0.00059861524621647,0,0.000108795189252328,0,0.101974526036101,0,0,0.0175929574229589,0.0199925097201028,0.000117432288191772,0.015167359517623,0.000147916770157852,0.000432527446521907,0,0.0154304702232976,0,9.37805878663354e-06,0,0,0,0.000270351717221664,0,0.00310778482075957,0,0.000424408947310012,0,9.49548840681956e-05,0.0062855943747862,0.000203631064572888,4.7443301518915e-06,0,3.81566037433176e-05,0,0.000628292337883554,7.26519526538265e-05,0.00138182323591378,0,0.00317544120320659,0,0,0,0,0,0.00991001781798099,0.00020012518654594,0.00225201643458626,1.4166574849862e-05,0.00404320472601341,7.54442337896086e-05,0.0743155717654468,0.120548358879438,0.000138053796073587
0.000842198260397539,0,0.000299332867424036,1.41897550328272e-05,0.000170299244192952,0,0,0,0.00128816879093277,7.51717591170194e-06,0,0,0,0,0,0,0.00134744980200333,0.000267330281866179,0.0280163682479544,0,0.00112799243176094,0,0,0,0.000141760719011232,0,0.000195764807554527,0,0,0,0,0,0,0,0,3.18876791556269e-06,0.00126569774527115,1.82371040505019e-06,0.000405685961925981,0.00106866807226481,0.00865710858651987,0.0175929574229589,0,0.000216677900180582,0.00340651532184171,0.000215025223407027,0.0109865783829903,0,0.000923017763579186,1.94828135289034e-05,0,0,0,0,0.000122922698748308,0,0.000888594197278116,7.61140646358683e-06,0,0,0,0,6.07141992730736e-05,0.0221983515492089,0,0,0,7.26759671965151e-05,0,0,1.85289020189393e-05,0,0,0.002171928375636,0,0,0,0,5.8548221801122e-05,0.0231716786630224,3.63083390367137e-06,0.00803760565462746,0.00163989964614494,4.58936842696399e-05,0.0876299615436651,0.00069305927280615,0.0726850282281989
0,0,0,0,0,0,0,0,0,0,0,0,0,0,0,0,0.000129697966260952,7.90752170019886e-05,0.00998569462339714,0.000106806183857916,0,0,0,0,0,0,0,0,0,0,0,0,0,0,0,0.00044878613971835,0,5.40745854154062e-05,0,0.0239119703275288,0,0.0199925097201028,0.000216677900180582,0,0,0.00311285537997658,0,0,0,0.000809819440148141,0,0,0,0,0,0,0,0.000112427891887556,0,3.52664969867664e-05,0,0,0.000387803111072547,0.000196246391806356,0,0,0,0,4.51706473613422e-05,0,0.00023029438307172,0,0.000525436740873939,0,0,0,0,0,0.00258871728003375,8.80317330592669e-05,0.000741948353160311,0,0.000205641011526856,9.39575408784137e-07,0.011606023385801,0.0492821109100089,0.000985590364441437
0,0,0,0,0,0,0,0,0,0,0,0,0,0,0,0,9.346488649487e-05,5.64962404223125e-05,0.00200135124301405,0,0,0,0,0,0,0,0,0,0,0,0,0,0,0,0,0,0.000109678050260517,0,7.36184289795846e-06,0.000158546408432283,0.000424500398746918,0.000117432288191772,0.00340651532184171,0,0,0,0.000878825049339305,0,2.39143273565222e-05,0,0,0,0,0,0,0,0,0,0,0,0,0,0,0.00336305874285808,0,0,0,0,0,0,0,0,0,0.000198442322883628,0,0,0,0,3.27535683023692e-06,0.00120273612821649,0,0.000191220216291586,4.53496555039027e-05,0,0.00368368932274127,0.000127198067704982,0.00306617936644221
0,0,0,0.00451419759363411,0,0.00410832210638175,0,0,2.11700251914471e-05,0.000825706644055202,0,6.41523022675938e-05,0,0,0,0,0.000334511237888431,6.90445753771371e-05,0.00618024939461685,0.000459964118712105,0,1.24119494770344e-05,0,1.17493634224619e-05,0,0,0,0,0,0,0,0,0,0,0,0.00155773930057901,1.25425102252766e-06,0.000258091701807164,0,0.0440521066227308,0,0.015167359517623,0.000215025223407027,0.00311285537997658,0,0,0.000105413589648926,0.00116518392414241,0,0.00587020178776564,0,6.52176716773234e-05,0,0,0,0.000230726334957192,0,0.00196233115947346,0,0.000309166202578811,0,3.73454110050139e-05,0.0305280058491291,5.06423320403735e-05,3.74796834434396e-06,0,0,0,0.000629378433301459,0,0.00113338882155349,0,0.00212699445464538,0,0,0,0,0,0.0161033244793151,3.2684921482563e-05,0.00833005558836258,0,0.000530023711355989,0,0.0295479900519678,0.00278957215243078,0
0.000115576496759262,0,0.000312275020079616,0,0.000446473072997244,0,0,0,2.53367589586352e-05,0,9.67153986751977e-06,0,0,0,0,0,0.000634490041408166,0.000309969337936148,0.00873661128805349,0,0.00115224616432107,0,0,0,0,0,0,0,0,0,1.11572290636505e-05,0,0,0,0,1.78375339258686e-06,0.000346568215709037,0,8.50198602208037e-05,0.000182522646978125,0.00128961378604912,0.000147916770157852,0.0109865783829903,0,0.000878825049339305,0.000105413589648926,0,0.000393505336051457,0.00255396882094713,0,3.03566426784379e-05,0,0,0,0,0,5.97226764866964e-05,0,0,0,0,0,2.16116485352164e-05,0.0329772748522899,0,0,0,0,0,0,0,0,0,0.000507974029023956,0,0,0,0,2.48024581192661e-05,0.00771958088492264,0,0.000709053981264093,0.000427282733134066,2.46520639960601e-05,0.0085485512786331,0,0.00117147126209013
0,0,0,0.000169430148062979,0.000145139944679158,0.000187137031604738,0,0,0,9.95272956805639e-05,0,0,0,0,0,0,0,0,0,0,0,1.29981539668329e-05,2.00837634149593e-05,3.39537400888149e-05,0,0,0,0,0,0,0,0.0875397138501232,0.0208113154489285,0.116664697454183,0.0729799586914899,0.000939081002413235,0.00146015862698716,0.00518728770800429,0.00150608778913867,0.0019082143881519,0,0.000432527446521907,0,0,0,0.00116518392414241,0.000393505336051457,0,0.129525435241447,0.0129065477798334,0.000118223143601907,0,0,0,0,0,0,0.000105770989999782,0,0,0,0,0,0.000278975470358398,6.73531770565457e-05,0,0,0,0,0,1.02091130482904e-05,1.05908564188733e-05,1.18030716825608e-05,0,0.0785431569660684,0.030330718590496,0.040213420582444,0.0174495067145533,0.0184856238039993,0.0380762846118708,0.0150337806803173,0.00577164930488767,0.00435293777017467,0,0.0109912178426948,5.02109821276745e-05,0
0.0111725642962713,0,0.00956042810251568,0,0.000211292659952752,0,0,0,0.000712387894631596,0,0,0,0,0,0,0,0,0,1.04624575807653e-05,0,9.28227216313643e-06,0,0.00209374913559718,0,0.00216652861544432,0,0,0,0,0,0,0.000558789940461794,0,0.00239438295144854,0.000416581718202482,0,0.000209414014897343,0,0.00725441526859341,4.36012142679934e-05,0.00401652056601614,0,0.000923017763579186,0,2.39143273565222e-05,0,0.00255396882094713,0.129525435241447,0,0.00128040171135095,0,0,0,0,0.00172768776355303,0,0.00149822324103532,0,0,0,0.000535370881752732,0,0,0.00278264329949178,0,0.00971400479687429,0,0.00909933316694555,0,0.000203833111273192,0,0.00017833006362086,0,0.00105059633739181,0.000273751016949462,0.000346350141837495,0.000549773287208313,0.00124205116930932,2.68927490610699e-05,0.0109404281599261,0,0.0174015617820513,0.00236015931818339,0,0.0212464834392034,0,0
0,0.0214586891478129,0,0.00465330472054641,0,0.000623544537603427,0,0,0,0.00498567656374655,0,3.74260660679682e-05,0,3.46197727634657e-05,0,0.000291409739598184,2.65548823519357e-06,1.59937262925589e-05,0.000862766721980364,0.000131450723076474,0,0.00708852840405965,0,0.0009044535963406,0,0.000173302973463914,0,0,0,0,0,0.000131943915859666,0,7.55368791222122e-05,0,7.29933970242883e-05,0,0.00287729888587689,0,0.0139962882996686,0,0.0154304702232976,1.94828135289034e-05,0.000809819440148141,0,0.00587020178776564,0,0.0129065477798334,0.00128040171135095,0,0,0.000938559729113299,0,0,0,0.00202666708539386,0,0.00632401952062671,0,0.00132058975791196,0,0.00765660802164173,0.00584714984947104,5.32193161666973e-05,0.0111002805422103,0,0.00262848150441557,0,0.0115456220523943,0,0.0136626571983692,0,0.0116513091596125,0,0.000175283988656993,0,0.000456110749005548,4.77956607911993e-05,0.00250346275652845,1.83611205057332e-05,0.00853604025232089,0,0.000539914551023787,2.72025386695501e-06,0.021438738238975,0.00462474852396505,0
0,0,0.0122917649993275,0,0.0600691822290439,0,0.00158036638797524,0,0.0160018273607126,0,0,0,0.000672563234500239,0,0.00343025848527383,0,0,0,0,0,0.00391545344158919,0,0,0,0,0,0,0,0,0,0,0,0,0,0,0,0.00015726552611256,0,0,0,0,0,0,0,0,0,3.03566426784379e-05,0.000118223143601907,0,0,0,0,0.0110753278893503,0,0.0272340141330378,0,0.00509522403007348,0,0.00736637342379935,0,0.015271473669134,0,0,0.00876322616230134,0,0,0,0,0,0,0,0,0,0,0,0,0,0,0,1.9401774470241e-05,0,0,0.000224051443047158,7.77969087898425e-06,0.00451660390809144,0,0
0,0.00222325582676997,0,0.00653353056563554,0,0.210678175532037,0,0.0191859866681012,0,0.000455303307041591,0,3.06315071844834e-05,0,0,0,0,0,0,0,3.39714529679856e-05,0,0,0,0,0,0,0,0,0,0,0,0,0,0,0,0,0,0,0,0,0,9.37805878663354e-06,0,0,0,6.52176716773234e-05,0,0,0,0.000938559729113299,0,0,0,0.0148865756924308,0,0.00141289076918277,0,0.00339284565596704,0,0.000800787327445521,0,0.00350675538565334,0.00451221339771928,2.37819457278854e-05,0,0,0,0,0,0,0,0,0,0,0,0,0,0,2.99238792164553e-05,0,0,0,0.00202919859376299,0.000139564569884307,0.00245662105706495,0,0
0,0,0,0,0.00555814340737076,0,0.0567163538681029,0,0,0,0,0,0.00241730820522485,0,0,0,0,0,0,0,0.00139712657813087,0,0,0,0,0,0,0,0,0,0,0,0,0,0,0,0,0,0,0,0,0,0,0,0,0,0,0,0,0,0.0110753278893503,0,0,0,0,0,0,0,0.00688572171807255,0,0,0,0,0.000264209217356162,0,0,0,0,0,0,0,0,0,0,0,0,0,0,0,0,0,0,0.000725815229495012,2.65270273303031e-05,0,0,0
0,0,0,0,0,0.0303965980910883,0,0.101876478691026,0,0,0,0.0028281527571379,0,0.00213143240987674,0,0,0,0,0,0,0,0,0,0,0,0,0,0,0,0,0,0,0,0,0,0,0,0,0,0,0,0,0,0,0,0,0,0,0,0,0,0.0148865756924308,0,0,0,0,0,0.000632995185402933,0,0.00195947455616686,0,0,0,0,0,0,0,0,0,0,0,0,0,0,0,0,0,0,0,0,0,0,7.36354607207528e-05,0,0,0,0
0.0618958633772361,0,0.040347707423638,0,0.0109473096829455,0,0,0,0.15412446647288,0,0,0,0,0,0.00409012164686192,0,0.0015525618807934,0.000226318840996819,0.00108771175942749,0,0,0,0,0,0.0482690840820609,0,0.000135332266383001,0,0,0,0,0,0,0,0,0,0,0,0.000343638439108069,0,0,0,0.000122922698748308,0,0,0,0,0,0.00172768776355303,0,0.0272340141330378,0,0,0,0,0,0.00081722006490371,0,0.00012693766926258,0,0.045845514464476,0,0,1.68105009673033e-05,0,0,0,0.0730326058584695,0,0.00246505011133686,0,0,0,0,0,0,0,0,0,0,0,0.00212312875164056,0.0003656369807249,4.27367360429707e-06,0.00191929219752776,0,0
0,0.0643142730019211,0,0.0221598200523806,0,0.00257471148852961,0,0,0,0.100087535712689,0,0,0,0,0,0.00442355687720978,0,0.000351832638198911,0,0,0,0,0,0.00608033506257188,0,5.42769878104279e-05,0,0,0,0,0,0,0,0,0,0,0,9.56920602142449e-05,0,0,0,0.000270351717221664,0,0,0,0.000230726334957192,0,0,0,0.00202666708539386,0,0.00141289076918277,0,0,0,0,0,5.58149727032443e-05,0,0,0,0.00574299987656176,0,0,0,0,0.0796690097453175,0,7.87228510361112e-05,0,7.44132747193385e-05,0,0,0,0,0,0,0,0,0,0.00104064227524389,0,0.000318093670410587,0,0.00169103544712044,0,0
2.9484794214326e-05,0,0.000705712511796981,0,0.000745962552835317,0,0.000332642747656072,0,0,0,0.0813213039483897,0,4.81431488364608e-05,0,0,0,0,0,2.63683285936776e-05,0,0.0144412366590551,0,0,0,0,0,0,0,0.000374944863163066,0,0.00371833961845033,0,0,0,0,0,0.00109030969818575,0,0.00269064453142673,0,0,0,0.000888594197278116,0,0,0,5.97226764866964e-05,0,0.00149822324103532,0,0.00509522403007348,0,0,0,0.00081722006490371,0,0,0,0.0203255470992146,0,0.00140025737953605,0,0,0.0351403112721946,0,0.000218010893641428,0,0,0,0.00010552693174913,0,0.0310535757108368,0,0.0512153891967115,0,0,0,0,0,9.55689508700798e-05,0,0.00141895745733192,0.00123546690068106,0.000414364688787885,0.00797051411838085,0,8.9277676989105e-05
0,4.01093182399192e-05,0,0.00109240421002212,0,0.00213599258594365,0,0.0120688257161449,0,0.00018543611343536,0,0.0692035560730971,0,0.0041630622286803,0,0.000629526754603976,0,0,5.10355154150321e-05,0.0151108605759243,0,7.35993813689736e-05,0,0.000425476915743267,0,0.000127724966823647,0,0,0,0.00275620765165815,0,0,0,0,0,0.000100947912969379,0,0.0025627866274183,0,0.000652381316868581,0,0.00310778482075957,7.61140646358683e-06,0.000112427891887556,0,0.00196233115947346,0,0.000105770989999782,0,0.00632401952062671,0,0.00339284565596704,0,0.000632995185402933,0,5.58149727032443e-05,0,0,0,0.0212151911568733,0,0.00867298922795162,0.0210534340158252,0,1.4819292289029e-05,0,0.000539836954660898,0,0.00380100009233431,0,0.0105869331545012,0,0.0157881175913285,0,0,0,0,0,0.000538431374911871,0,0.00370151013329541,0,0.000331564006691782,0,0.0100551914078961,0.00111703660367912,0
0,0,0.00032698179503048,0,0.00602471537361035,0,0.00408560139241694,0,0,0,0.000124844230725211,0,0.0201286478809956,0,0.00340677405244581,0,0.00166520389428325,8.77159547626634e-05,3.0663933638056e-05,0,0,0,2.61971353175051e-05,0,0,0,0.00101319986632795,0,0.00278636627383806,0,0,0,0,0,0,0,0,0,0,0,0,0,0,0,0,0,0,0,0,0,0.00736637342379935,0,0.00688572171807255,0,0.00012693766926258,0,0.0203255470992146,0,0,0,0.00797216267084803,0,0,0,0,0,0,0,0,0.00963732687107704,0,0.0193449578680952,0,0,0,0,0,0,0,0,0,0,0.000344986377087246,0.000140259031563881,9.57650320296333e-05,0,0
0,7.6027321765023e-05,0,0.00110137597353842,0,0.000592292312883665,0,0.00294647549213873,0,4.95031636367396e-05,0,0.00327241592596864,0,0.0279333450007433,0,0.00665139336659574,0,0,3.7255076972588e-05,4.77710803952019e-05,0,1.39182971351517e-05,0,0.000409339697007693,0,0.000346825492894982,0,8.387650666656e-05,0,0,0,0,0,0,0,9.89513589270857e-07,0,0,0,5.54901174528625e-05,0,0.000424408947310012,0,3.52664969867664e-05,0,0.000309166202578811,0,0,0,0.00132058975791196,0,0.000800787327445521,0,0.00195947455616686,0,0,0,0.0212151911568733,0,0,0,0.0217108665870194,0.00153436505051746,0,5.63790157089323e-06,0,0.000203890102988124,0,0.00808226527565994,0,0.00418669841636748,0,2.09627587643485e-05,0,0,0,0,0,0.000127281919764962,0,5.4778648359263e-06,0,9.60885157203956e-05,0.000419891699003171,0.0021322127819085,0,0
0.00446642266991856,0,0.00502235046103598,0,0.000155590844564137,0,0,0,0.0220844289965136,0,0,0,0.00014587186484429,0,0.0192725127669204,0,0.00096946925639654,0.000253864286757846,0.000113395175472962,0,0,0,0,0,0.00117486541119737,0,0,0,0,0,0,0,0,0,0,0,0,0,0,0,0,0,0,0,0,0,0,0,0.000535370881752732,0,0.015271473669134,0,0,0,0.045845514464476,0,0.00140025737953605,0,0.00797216267084803,0,0,0,0,0,0,0,0,0.00190430472506373,0,0.00105529182006421,0,0,0,0,0,0,0,0,0,0,0,0,0.000125039355722104,0,0.000446060441601516,0,0
0,0.0103973869388335,0,0,0,0.00161391264911505,0,0,0,0.00271156388952341,0,0,0,0.00923046850709171,0,0.0345336151217279,0,0.000147957244981154,0,6.06214413208829e-05,0,5.15452194201532e-06,0,0.00220520101601712,0,0.000815637736610465,0,0,0,0,0,0,0,0,0,0,0,0,0,1.87824429858895e-05,0,9.49548840681956e-05,0,0,0,3.73454110050139e-05,0,0,0,0.00765660802164173,0,0.00350675538565334,0,0,0,0.00574299987656176,0,0.00867298922795162,0,0.0217108665870194,0,0,0.000304138448082861,0,0,0,0.00770906087984416,0,0.0112936211007856,0,0,0,0,0,0,0,0,0,6.35028169566979e-06,0,0,0,1.45618265113681e-05,0,0.00140164882291979,0,0
0,0,0,0.000222903936502731,0,0.0083411505118412,0,0.000324726674846018,0,2.0536903645188e-05,0,0.0243364586468795,0,0,0,0,3.62265420689579e-05,1.80237788984688e-05,0.000821898827214611,0.147159327819431,0,6.3291433899825e-05,0,3.00005822069195e-05,0,1.96136081925397e-05,0,0,0,0,0,0,0,0,0,0.0121036547949137,0,0.000853557563005048,0,0.00760660589003744,0,0.0062855943747862,6.07141992730736e-05,0.000387803111072547,0,0.0305280058491291,2.16116485352164e-05,0,0,0.00584714984947104,0,0.00451221339771928,0,0,0,0,0,0.0210534340158252,0,0.00153436505051746,0,0.000304138448082861,0,0,2.4824947243558e-05,0,0.000105388745469246,0,0.00258695093042149,0,0.00370369493180135,0,0.0107999508085032,0,0,0,0,0,0.0225169125845739,3.26827657803831e-06,0.0058624552349595,0,0.00127856974145922,0,0.0135647653761603,9.90898186505485e-05,0
