0,0,0.0336765959942303,0,0,0,0,0,0.0480588705614219,0,0,0,0,0,0,0,1.06727343943211e-05,0,0.000498672097838564,0,0,0,0,0,0,0,0,0,0,0,0,0,0,0,0,0,0,8.26682991258998e-06,0,0,0.00205685659710798,0,0.00645081006754149,0,0,0,9.4302304836529e-05,0.000712822899272893,0.0261210365017292,0,0,0,0,0,0.0176268295964091,0,0.000122507803998507,0,0,0,0.02281434121015,0,0,0,0,0,0,0.00596382539389472,0,0,0,0,0,0,0,0,0,0,0,0.00052139158125586,0,2.8806987655976e-05,0.000687681670098269,0,0.00647437290036429,0,0.00042551663812245
0,0,0,0.0071746058415565,0,0,0,0,0,0.0323976831546568,0,0,0,0,0,0,0,4.73456527732906e-05,0.00168301241698746,0,0,0,0,3.80043022125834e-05,0,0,0,0,0,0,0,0,0,0,0,1.7735085873979e-06,0,0,0,0.00142376276286363,0,0.0180731985641975,0,0,0,0.00236453513622171,0,0,0,0.00630860688803305,0,0,0,0,0,0.0262805809710506,0,0.000328342915738606,0,0,0,0.00499550459791864,0.000105104376789027,0,0,0,0.00071918945941358,0,0.00138026565472203,0,1.651482912005e-05,0,0.00201567496320994,0,0,0,0,0,0.00158013387899772,0,6.53605455909408e-05,0,0.000524257382825674,2.22383640329176e-06,0.0064209473155713,0.000298170557549309,0
0.0336765959942303,0,0,0,0.000905461373836413,0,0,0,0.0439596232465609,0,0,0,0,0,0,0,3.12517499478917e-05,0,8.47259107769357e-05,0,0,0,0,0,0,0,0,0,0,0,0,0,0,0,0,0,0,0,0,0,0.000197991017245888,0,0.0108253919000417,0,0.00012003558988341,0,0.000100515436343421,0,0.00383932084461252,0,0.00337212402127248,0,0,0,0.0148204187423814,0,0.00212088487960947,0,0.00292758655220548,0,0.0130973376045656,0,0,0.000166986951043137,0,0,0,0,0,0,0,2.04077529718408e-05,0,0.00151412101120952,0,0,0,0,0,4.22629682564543e-05,0,0,0.000351071208967022,8.13294454370154e-06,0.0110202085461557,0,0.00258688958889697
0,0.0071746058415565,0,0,0,0.00395373397936728,0,0,0,0.00708165838319598,0,0,0,0,0,0,1.02768292105859e-05,2.16816344061378e-06,0.000349242297343436,0,0,0,0,0,0,0,0,0,0,0,0,0,0,0,0,0,0,1.91251019217038e-05,0,0.00261564255722682,0,0.00817566467481156,0,0.000155524454278688,0,0.00214170401195137,0,6.21599786341694e-05,0,0.0139369211210645,0,0.0215752704444576,0,0,0,0.00290499378877471,0,0.0173342876282861,0,0.000337349520100906,0,0.00790241478453616,0.000483330628295535,0,0,0,0,0,0,0,0.00013131623747788,0,0.0136918288661276,0,0,0,0,0,0.000360526323107551,0,0.000103107554796458,0,0.00052755349464187,1.70296692728636e-06,0.0078856020341991,0.00420597875388748,0
0,0,0.000905461373836413,0,0,0,0,0,0.0018114831266236,0,0,0,0,0,0,0,2.95453687003042e-06,4.95472199442084e-06,2.12139780345791e-05,0,0.013137916937914,0,0,0,0,0,0,0,0,0,0,0,0,0,0,0,5.12310898092153e-05,0,0,0,0.000840629264643069,3.99206501023883e-05,0.00238584913088346,0,0,0,0.00023548885763414,0.000122153590946999,0.00341259462912619,5.06313522871671e-05,0.0428644733798044,0,0.00726302621942548,0,0,0,0.000383872229660342,0,0,0,7.36757228262282e-05,0,0,0.00124452215790354,0,0,0,0,0,0,0,0,0,0.000382897549941987,0,0,0,0,0,0.000398781224877588,0,0,0.000891853570481387,2.01146313493528e-05,0.00893456931170688,0,0.000214039721175313
0,0,0,0.00395373397936728,0,0,0,0.00724000361088666,0,0.000334336349624209,0,5.05899290945125e-05,0,0,0,0,0,0,0,0.000296920979489697,0,0,0,0,0,0,0,0,0,0,0,0,0,0,0,0.000144637992659591,0,0,0,1.42867100373315e-05,0,0.000252451493981468,0,0,0,0.000106837351742965,0,0,0,0.000815084818465401,0,0.106725704516508,0,0,0,0,0,0.00159324206704953,0,0,0,0,0,0,0,0,0,0,0,0,0,0,0,0,0,0,0,0,0,0,0,0,0.000277711176186414,8.92380779979939e-07,0.00541479681865212,0,0
0,0,0,0,0,0,0,0,0,0,0,0,0.000140587653731927,0,0,0,0,0,0,0,0.000183165273397901,0,0,0,0,0,0,0,0,0,0,0,0,0,0,0,5.64423287374208e-05,0,0,0,0,0,0,0,0,0,0,0,0,0,0,0,0.0362965797119462,0,0,0,0,0,0,0,0,0,0,0,0,0,0,0,0,0,0,0,0,0,0,0,0,0,0,0,0,0,0,0,0,0,0
0,0,0,0,0,0.00724000361088666,0,0,0,0,0,0,0,0,0,0,0,0,0,0,0,0,0,0,0,0,0,0,0,0,0,0,0,0,0,0,0,0,0,0,0,0,0,0,0,0,0,0,0,0,0,0,0,0.00012378535757307,0,0,0,0,0,0,0,0,0,0,0,0,0,0,0,0,0,0,0,0,0,0,0,0,0,0,0,0,0,0,0,0,0
0.0480588705614219,0,0.0439596232465609,0,0.0018114831266236,0,0,0,0,0,0,0,0,0,0,0,0.000517124072056368,0.000125956557414667,6.77664391835805e-05,0,0,0,0,0,0.000703315783750745,0,0,0,0,0,0,0,0,0,0,0,0,0,0.0013187684761595,0,0,2.98935002801524e-05,0.00924996911758508,0,0,0,0,8.43546725572116e-05,0.0035412989819268,0,0,0,0,0,0.0163172256388514,0,0.000658135905293309,0,0,0,0.00151978061831701,0,0,4.58710358317016e-05,0,0,0,0.00156712921956165,0,0,0,0,0,0.000429670128179542,0,0,0,0,0,8.12457728988661e-06,0,0.000148544569168536,0.00237382859629533,2.29145236919056e-05,0.00579568812852414,0,0.000174371009784062
0,0.0323976831546568,0,0.00708165838319598,0,0.000334336349624209,0,0,0,0,0,0,0,0,0,0.00848227194010463,0,0,0,0,0,0,0,0.00336922942002849,0,0,0,0,0,0,0,0,0,0,0,0,0,0.00151095737516052,0,0.000141215445682644,0,0.00326094325765912,0,0,0,0.000103170046638,0,0,0,6.53994672289012e-05,0,0,0,0,0,0.0717429612409092,0,0,0,0,0,0.00636762753777185,0,0,0,0,7.77203331225156e-05,0,0,0,0,0,0,0,0,0,0.000760897721265881,0,0,0,0.00082633597218961,0,0.00260495909263308,0.000433605354431109,0.0110532133609068,3.84533159515886e-05,0
0,0,0,0,0,0,0,0,0,0,0,0,0.0289620369477671,0,0,0,0,0,0,0,0.0143534442113542,0,0,0,0,0,0,0,0,0,0,0,0,0,0,0,0.00339602986522001,0,0.0155688555230945,0,0,0,0,0,0,0,0,0,0,0,0,0,0.00141581913877938,0,0,0,0.0537866801531734,0,0.0102082488266052,0,0,0,0,0.01453313837414,0,0,0,0,0,0,0,0,0,0,0,0,0,0,0,1.47571016527296e-05,0,0.00179780889671252,0.000200734320118249,0,7.81430933660286e-05,0,0
0,0,0,0,0,5.05899290945125e-05,0,0,0,0,0,0,0,0.03504251013413,0,0,0,0,0,0.0562916473028565,0,0,0,0,0,0,0,0,0,0.00428552094517828,0,0,0,0,0,0.00104093975407877,0,0.0185607871086186,0,0,0,0,0,0,0,0,0,0,0,0,0,0.00137753382301691,0,0,0,0,0,0.0267645416293739,0,0.0551911649898379,0,0,0.0111394302006392,0,0,0,0,0,0,0,0.000487223293553847,0,5.30553778663083e-05,0,0,0,0,0,4.09812193820687e-05,0,0.00160002891510567,0,0.000123310418243269,0,0.000319852039985836,0,0
0,0,0,0,0,0,0.000140587653731927,0,0,0,0.0289620369477671,0,0,0,7.91327038314193e-05,0,0,0,0,0,0,0,0,0,0,0,0,0,0,0,0,0,0,0,0,0,0,0,0,0,0,0,0,0,0,0,0,0,0,0,0,0,0,0,0,0,0.000583233081855396,0,0.0266560535148403,0,0,0,0,0,0,0,0,0,0,0,0,0,0,0,0,0,0,0,0,0,0,0,0,0,0,0,0
0,0,0,0,0,0,0,0,0,0,0,0.03504251013413,0,0,0,0,0,0,0,0,0,0,0,0,0,0,0,0,0,0,0,0,0,0,0,0,0,0,0,0,0,0,0,0,0,0,0,0,0,0,0,0,0,0,0,0,0,0,0,0.000136664470118446,0,0,0,0,0,0,0,0,0,0,0,0,0,0,0,0,0,0,0,0,0,0,4.18028632751285e-05,0.000852708652553922,0,0,0
0,0,0,0,0,0,0,0,0,0,0,0,7.91327038314193e-05,0,0,0,0.0015750637367185,4.41326119061751e-06,0,0,0,0,0,0,0,0,0,0,0,0,0,0,0,0,0,0,0,0,0,0,0,0,0,0,0,0,0,0,0,0,0,0,0,0,0,0,0,0,0.00634572861241725,0,0.0229020587218753,0,0,0,0,0,0,0,0,0,0,0,0,4.15729084262584e-05,0,0,0,0,0,0,0,0,0,0,0,0,0
0,0,0,0,0,0,0,0,0,0.00848227194010463,0,0,0,0,0,0,7.93828980291292e-05,0.000574672544931424,0,0,0,0,0,0,0,0,0,0,0,0,0,0,0,0,0,0,0,0,0,0,0,0,0,0,0,0,0,0,0,0,0,0,0,0,0,0.00019580550412213,0,0,0,0,0,0,0,0,0,0,0,0,0,0,0,0,0,0,0,0,0,0,0,0,0,0,2.28831185603085e-05,0,0,0,0
1.06727343943211e-05,0,3.12517499478917e-05,1.02768292105859e-05,2.95453687003042e-06,0,0,0,0.000517124072056368,0,0,0,0,0,0.0015750637367185,7.93828980291292e-05,0,0.211880997680323,0.0882636588249281,0,0,0,0.00121998786970031,0,0,0.000389810903096962,0.00135947998727394,0,0,0,0,0,0,0,0,0,0,0,0,0.000600136604500789,0.00285042098969072,0.000308571649259817,0.001798380774484,2.9233128313262e-05,8.79862316466323e-05,0.000382115757262287,0.000779462297459688,0,0,0,0,0,0,0,0,0,0.000136792384152078,5.8862175458842e-06,0,0,0.000821821573161072,3.59345638285503e-05,4.42880938958652e-05,6.71831691732563e-05,0,0,0,0.000168601524915281,9.85521382953435e-05,0.00293961006719567,0,0,1.81235794596372e-05,6.37862753106482e-05,0,0,0,0,0.000363595662138607,0.00104965216245002,4.50438940124839e-05,0.000255423621877415,0.0249842470743386,0.00137065067198346,0.00220974304688955,0,2.77087704911674e-05
0,4.73456527732906e-05,0,2.16816344061378e-06,4.95472199442084e-06,0,0,0,0.000125956557414667,0,0,0,0,0,4.41326119061751e-06,0.000574672544931424,0.211880997680323,0,0.0787341881145833,0,0,0.0006167445860606,0,0,0,0.0128228969272591,0,0,0,0,0,0,0,0,0,0,0,0,0,0.00175888899919174,0.000566243462269806,0.000958089245728937,0.000368531584984449,2.00829294572337e-05,4.599344640398e-05,0.000627362129219973,0.000225581587171474,0,0,3.12771556363993e-06,0,0,0,0,0,0,2.27932053003943e-05,1.62260140771675e-05,0,0,8.84263189741309e-06,4.37091731753411e-05,0.000135138269734289,1.33489590598368e-05,1.16831979539711e-05,0,0,0,0.000500578888293362,0,0,0,0.000101769948435503,4.65329458762716e-05,0,0,0,0,0.00104720725418034,0.000292904498093646,9.0614984681675e-05,7.0258369821858e-05,0.0326423379697357,0.00278690224602374,0.00125884012065329,1.23337897515886e-05,4.99005855987328e-05
0.000498672097838564,0.00168301241698746,8.47259107769357e-05,0.000349242297343436,2.12139780345791e-05,0,0,0,6.77664391835805e-05,0,0,0,0,0,0,0,0.0882636588249281,0.0787341881145833,0,0,0,2.78145715622308e-05,0,0,0,0.00020618058664567,0,0,0,0,0,0,0,0,0,4.00381272593052e-06,0,0,0,0.0319769958536208,0.0300982540960589,0.0121028567421193,0.018985835116692,0.000210079979304631,0.00102727328468223,0.0158569581060939,0.00791517991025847,0,6.00200722887565e-05,0.000103591676112802,7.47817130481579e-05,0,0,0,4.27888445636935e-05,0,0.00326053551743454,0.00304100982623091,7.47161557374101e-05,0,3.32694459961323e-05,0,0.0026273932694207,0.00139973264264525,0,0,0,0,0,0,3.21794658252248e-05,7.28660030661404e-05,0.00782169279247971,0.0026603201028457,0,0,0,0,0.0141594198583432,0.0129151175761141,0.00237919094865724,0.00304661317930165,0.0180912700607059,0.000386057342879457,0.048372548774892,9.81665399807294e-05,0.000327020694512229
0,0,0,0,0,0.000296920979489697,0,0,0,0,0,0.0562916473028565,0,0,0,0,0,0,0,0,0,0,0,0,0,0,0,0,0,0,0,0,0,0,0,0.00985702851653186,0,0.000528466990799982,0,0,0,0,0,0,0,0,0,0,0,0,0,4.36063448788105e-05,0,0,0,0,0,0.0144225839732654,0,0,0,0,0.0338525586342828,0,0,0,0,0,0,0,0,0,0.000151597624337949,0,0,0,0,0,0.00101475523983523,0,6.9123472189153e-05,0,0.000310566552663607,1.41466376440475e-06,0.00102507351222157,0,0
0,0,0,0,0.013137916937914,0,0.000183165273397901,0,0,0,0.0143534442113542,0,0,0,0,0,0,0,0,0,0,0,0,0,0,0,0,0,0,0,0,0,0,0,0,0,0.00215235800559747,0,0.00179579047686331,0,0,0,0,0,0,0,5.40130850603548e-05,0,0,0,0.0151854072408532,0,0,0,0,0,0.000207333045624218,0,0,0,0,0,0,0.0600847117495132,0,0,0,0,0,0,0,0,0,0,0,0,0,0,0,0.00147091582872269,0,0.000263667705187822,0.000352955275815317,1.96480849764375e-05,0.00203236388405548,0,0
0,0,0,0,0,0,0,0,0,0,0,0,0,0,0,0,0,0.0006167445860606,2.78145715622308e-05,0,0,0,0.00238302051273837,0.000615073548410392,0,5.61114720767364e-05,0,0.000631277156893815,0,0,0,0,0,0,0,0,0,0.0142983694464473,8.07809919933788e-06,0,0,0,0,0,0,0,0,0,0,0.00404159656282781,0,0,0,0,0,1.01965354351629e-05,0,0,0,0,0,0,0,0,0.0258392021264487,0.00107041236527082,0.00159764067571222,0,0,0,0.0010055482964018,0,0,0,0,0,0,0,0,0,0.00462775993691633,0,0.000997105599564215,3.07749691094575e-05,2.194350039198e-05,0,0
0,0,0,0,0,0,0,0,0,0,0,0,0,0,0,0,0.00121998786970031,0,0,0,0,0.00238302051273837,0,0,0.00212268399563183,0,0.00172924543960761,0,0.000914107892848518,0,0,0,0,0,0,0,0,0,0.00766012339560963,0,0,0,0,0,0,0,0,7.99944829864659e-06,0.00762590791945452,0,0,0,0,0,0,0,0,0,0,0,0,0,0,0,0,0.0337822949785755,0,0.000827915890897371,0,0,0,0,0,0,0,0,0,0,0,0,0,0.00623695033853516,0.00117555451982684,0.000260483549720114,8.30515573291513e-05,0,0
0,3.80043022125834e-05,0,0,0,0,0,0,0,0.00336922942002849,0,0,0,0,0,0,0,0,0,0,0,0.000615073548410392,0,0,0,0.000152636799612083,0,0,0,0,0,0,0,0,0,0,0,0.00363204479325059,0,0,0,0,0,0,0,0,0,0,0,0.000975594269514342,0,0,0,0,0,0.00631370895847187,0,0,0,0,0,0,0,0,0.000233508436495808,0,0.0570309497009236,0,0,0,0,0,0,0,0,0,0.000954751091478565,0,0,0,0.00193653951845785,0,0.000410048344905386,0,0.00315072601521666,0,0
0,0,0,0,0,0,0,0,0.000703315783750745,0,0,0,0,0,0,0,0,0,0,0,0,0,0.00212268399563183,0,0,0,0.0796408623139291,0,0,0,0,0,0,0,0,0,0,0,0.00162111909564946,0,0,0,1.69233809487449e-05,0,0,0,0,2.46220576997284e-05,0.000842031175158799,0,0,0,0,0,0.0101845970650412,0,0,0,0,0,0,0,0,0,0,5.74473780148269e-05,0,0.0396149549098117,0,0.0258131760616578,0,0,0,0,0,0,0,0,0,0,0,0.00108468196709336,4.49541064146602e-05,0,0.000889584838145878,0,0
0,0,0,0,0,0,0,0,0,0,0,0,0,0,0,0,0.000389810903096962,0.0128228969272591,0.00020618058664567,0,0,5.61114720767364e-05,0,0.000152636799612083,0,0,0,0,0,0,0,0,0,0,0,0,0,0,0,0,0,0,0,0,0,0,0,0,0,0,0,0,0,0,0,0,0,0,0,0,0,0,0,0,0,0,0,0,0.0122260804850875,0,0,0,0,0,0,0,0,0,0,0,0,0,0.000151826139430287,7.60170788267114e-06,0,0,0
0,0,0,0,0,0,0,0,0,0,0,0,0,0,0,0,0.00135947998727394,0,0,0,0,0,0.00172924543960761,0,0.0796408623139291,0,0,0,0,0,0,0,0,0,0,0,0,0,0,0,0,0,0,0,0,0,0,0,0,0,0,0,0,0,0,0,0,0,0,0,0,0,0,0,0,0,0,0.0295014762274816,0,0.0039351029268652,0,0,0,0,0,0,0,0,0,0,0,0,1.95331142969612e-05,0,0,0,0
0,0,0,0,0,0,0,0,0,0,0,0,0,0,0,0,0,0,0,0,0,0.000631277156893815,0,0,0,0,0,0,0,0.0169425185297645,0,0,0,0,0,0,0,0.0001839100049728,0,0,0,0,0,0,0,0,0,0,0,0,0,0,0,0,0,0,0,0,0,0,0,0,0,0,0,0,0,0,0,0,0.00825397730189742,0,0.00030809973003075,0,0,0,0,0,0,0,1.9379062691858e-05,0,0,0,0,0,0
0,0,0,0,0,0,0,0,0,0,0,0,0,0,0,0,0,0,0,0,0,0,0.000914107892848518,0,0,0,0,0,0,0,0.0284319237628661,0,0,0,0,0,0,0,0,0,0,0,0,0,0,0,0,0,0,0,0,0,0,0,0,0,0,0,0.00369800489776836,0,0,0,0,0,0,0.000918803535682757,0,0,0,0,0,0.0152306480679266,0,0.00237637065866613,0,0,0,0,0,0,0,0,0,0,0,0,0
0,0,0,0,0,0,0,0,0,0,0,0.00428552094517828,0,0,0,0,0,0,0,0,0,0,0,0,0,0,0,0.0169425185297645,0,0,0,0,0,0,0,0,0,0.00065055046898906,0,0,0,0,0,0,0,0,0,0,0,0,0,0,0,0,0,0,0,0.000802028131503058,0,0,0,0,0,0,0,0,0,0,0,0,0.0113896227618397,0,0.0136011769791691,0,0,0,0,0,0,0,0.000206377185878294,0,8.80336224264811e-05,0,0,0,0
0,0,0,0,0,0,0,0,0,0,0,0,0,0,0,0,0,0,0,0,0,0,0,0,0,0,0,0,0.0284319237628661,0,0,0,0,0,0,0,0,0,0.00199584793781111,0,0,0,0,0,0,0,0,0,0,0,0,0,0,0,0,0,0.00291445275800062,0,0,0,0,0,0,0,0,0,0,0,0,0,0,0.0050288785266134,0,0.0507430386336098,0,0,0,0,0,0,0,0.000636226308277379,5.63269665401405e-05,0,0,0,0
0,0,0,0,0,0,0,0,0,0,0,0,0,0,0,0,0,0,0,0,0,0,0,0,0,0,0,0,0,0,0,0,0.0849751216183551,0,0.00282027819412608,0.00794850104618249,0,0,0,0,0,0,0,0,0,0,0,0.178057149346873,7.77532112339284e-05,0,0,0,0,0,0,0,0,0,0,0,0,0,0,0,0,0,0,0,0,0,0,0,0,0,0.199713405810138,0.0101175741189058,0,0,0.00100570292378283,0,0,0,4.83830891583758e-05,0,0,0,0
0,0,0,0,0,0,0,0,0,0,0,0,0,0,0,0,0,0,0,0,0,0,0,0,0,0,0,0,0,0,0,0.0849751216183551,0,2.49988624571817e-05,0.000315891190193742,0,0.00033463392908517,0,0,0,0,0,0,0,0,0,0,0.238185214344481,0.00028526769378312,0.0102454144791847,0,0,0,0,0,0,0,0,0,0,0,0,0,0,0,0,0,0,0,0,0,0,0,0,0.0839861681067924,0.160773330436801,0,0,5.23843120210877e-05,0.00141155066973126,0,0,0.00052897501622015,0,0,0,0
0,0,0,0,0,0,0,0,0,0,0,0,0,0,0,0,0,0,0,0,0,0,0,0,0,0,0,0,0,0,0,0,2.49988624571817e-05,0,0.0572007087247274,0.00169431206880935,0,0.000705503902896266,0,0,0,0,0,0,0,0,0,0.0218090189978325,0,0,0,0,0,0,0,0,0,0,0,0,0,0,0,0,0,0,0,0,0,0,0,0,0,0,0,0,0.118905370157364,0.0395525914082008,0.000182317943772495,0,0,0.000375727174150283,0.00037941411262541,9.89495368166498e-06,0,0,0
0,0,0,0,0,0,0,0,0,0,0,0,0,0,0,0,0,0,0,0,0,0,0,0,0,0,0,0,0,0,0,0.00282027819412608,0.000315891190193742,0.0572007087247274,0,0,0.0113242865429595,0,0.000750584274112264,0,0,0,0,0,0,0,0,0.278157497996823,0.0005157592628228,0.00048188104517094,0,0,0,0,0,0,0,0,0,0,0,0,0,0,0,0,0,0,0,0,0,0,0,0,0,2.575889717088e-05,0.0458934233476181,0.0225959986228593,0,0.000742225158704763,0,0.000288675334908997,0.00078707529994475,0,0.000378510618012355,0,0
0,1.7735085873979e-06,0,0,0,0.000144637992659591,0,0,0,0,0,0.00104093975407877,0,0,0,0,0,0,4.00381272593052e-06,0.00985702851653186,0,0,0,0,0,0,0,0,0,0,0,0.00794850104618249,0,0.00169431206880935,0,0,0.00196769072421444,0.00559383089385139,0,0,0,3.21437892374961e-06,0,0,0,0.000841906824038309,2.44759181778162e-06,4.18154378974638e-05,0,6.54109924765891e-05,0,0.000554273210848985,0,0,0,0,0,0.000231537063460618,0,0,0,0,0.00262525900121738,0,0,0,0,0,0,0,0,0,0,0,0.00073248818052213,0,0.00155164415295355,0,0.0162996344233811,6.27806286479862e-05,0.000331784221360193,0,0.00136869027395942,0.000389100447509425,0.00272388078288707,0,0
0,0,0,0,5.12310898092153e-05,0,5.64423287374208e-05,0,0,0,0.00339602986522001,0,0,0,0,0,0,0,0,0,0.00215235800559747,0,0,0,0,0,0,0,0,0,0,0,0.00033463392908517,0,0.0113242865429595,0.00196769072421444,0,0,0.00629006084836702,0,0,0,8.95881277148802e-06,0,0,0,0.000418719397011384,5.41891026967359e-05,8.40377315845201e-05,9.52559264257746e-05,9.04604824270888e-05,0,0,0,0,0,0.00220598911227047,0,0,0,0,0,0,0.00725856834078629,0,0,0,0,0,0,0,0,0,0,0.000326672669820517,0.00381866176216093,0,0.0043478944747947,0.0020723804667934,0.0321883768356527,0,0.00107318664854558,0.00190545879884076,0.00021489506951228,0.00255453486230368,0,0
8.26682991258998e-06,0,0,1.91251019217038e-05,0,0,0,0,0,0.00151095737516052,0,0.0185607871086186,0,0,0,0,0,0,0,0.000528466990799982,0,0.0142983694464473,0,0.00363204479325059,0,0,0,0.0001839100049728,0,0.00065055046898906,0,0,0,0.000705503902896266,0,0.00559383089385139,0,0,0.00629570095842455,0,0,3.67721572502692e-06,0,0,0,2.3827423498797e-05,0,0.00738947592648926,0,0.0017527946247405,0,0,0,0,0,0.00116096187633888,0,0.00298255143788585,0,0,0,0,0.000319014337235716,0,0.0053057822157733,0,0.00713252407589578,0,0,0,0.00154705789048569,0,4.99082415302767e-05,0,0,0,0.00143362715077583,0.00064002618300288,0.00203732296651316,0,0.039745154613004,0.00216603192973658,0.000842496999581381,0,0.00218158592439571,0,0
0,0,0,0,0,0,0,0,0.0013187684761595,0,0.0155688555230945,0,0,0,0,0,0,0,0,0,0.00179579047686331,8.07809919933788e-06,0.00766012339560963,0,0.00162111909564946,0,0,0,0,0,0.00199584793781111,0,0,0,0.000750584274112264,0,0.00629006084836702,0.00629570095842455,0,0,0,0,1.47878219364725e-05,0,0,0,2.88704502435949e-05,0.0187436598531097,0.00595281087291147,0,0,0,0,0,0.000368189640290011,0,0.00182148748124557,0,0,0,0,0,0,0.00103452484752004,0,0.00538038227987681,0,0.00457524491555251,0,0,0,0.000460023602473604,0,7.62805575504899e-05,0,0,0,0.000748315901734863,0,0.00576701644864571,0.000438113918048899,0.0453578030416534,0.00277836991575142,0,0.000483596681236972,0,0
0,0.00142376276286363,0,0.00261564255722682,0,1.42867100373315e-05,0,0,0,0.000141215445682644,0,0,0,0,0,0,0.000600136604500789,0.00175888899919174,0.0319769958536208,0,0,0,0,0,0,0,0,0,0,0,0,0,0,0,0,0,0,0,0,0,0.000457584051912857,0.0421501195733716,0.000147159329280992,0.00101262414685173,1.7805449781711e-05,0.0357643523680753,0.000199595704100132,0,0,0.00591472044837712,0,8.00481068728991e-05,0,0,0,0.000213750581657739,2.07829863893909e-05,0.000520960574858897,0,0,0,7.14017334283302e-05,0.019020377810047,4.50792347066131e-05,0,0,0,0,0,0,2.37400228823633e-05,0,0.00135961403071191,0,0,0,0,0,0.00849124381979923,8.75857210874675e-05,0.000280106770631377,4.19956085724709e-05,0.00155764735783483,2.55721558868737e-05,0.0300035325587453,0.00153177494736183,0
0.00205685659710798,0,0.000197991017245888,0,0.000840629264643069,0,0,0,0,0,0,0,0,0,0,0,0.00285042098969072,0.000566243462269806,0.0300982540960589,0,0,0,0,0,0,0,0,0,0,0,0,0,0,0,0,0,0,0,0,0.000457584051912857,0,0.0010813641564761,0.083181123910794,0,0.00162808492230148,0.000447696517608264,0.0247995897085439,9.07171597702873e-05,0.0145748385687323,4.35908813785886e-05,0.000507591254925508,0,0,0,0,0,0.000978399565459842,0,0.000266122802614996,0,0.000176591553524723,0,3.14255279365312e-05,0.0102571945618947,0,0,0,0,0,0,0,4.99799671543413e-05,0,0.000562184365522764,0,0,0,0,0.000102927878293362,0.00547985543561131,0,0.000495246249974986,0.00249411900794315,0.000128753601666561,0.0341036427831324,0,0.000629479377271812
0,0.0180731985641975,0,0.00817566467481156,3.99206501023883e-05,0.000252451493981468,0,0,2.98935002801524e-05,0.00326094325765912,0,0,0,0,0,0,0.000308571649259817,0.000958089245728937,0.0121028567421193,0,0,0,0,0,0,0,0,0,0,0,0,0,0,0,0,3.21437892374961e-06,0,3.67721572502692e-06,0,0.0421501195733716,0.0010813641564761,0,0.00433716374711286,0.000400674061755704,1.95592501370865e-05,0.0145809667586442,0.00012886531580842,0.00200135337958149,3.89551570539984e-05,0.0216812578603758,8.34537098351321e-06,4.86518680858983e-05,0,0,0,0.000358937714391481,3.47069044140439e-05,0.0492606783776487,0,0,0,0,0.00759329207394871,4.73868442557232e-06,0,0,0,0,0,0,0.0012180248921544,0,0.0311014830613865,3.0386809135666e-05,0,0,0,0,0.00793146128373896,0.000220906668505418,0.00044998244027335,1.3603209793994e-05,0.00535710320238442,0.000225862474802689,0.0685109281549049,0.0128853301645745,0
0.00645081006754149,0,0.0108253919000417,0,0.00238584913088346,0,0,0,0.00924996911758508,0,0,0,0,0,0,0,0.001798380774484,0.000368531584984449,0.018985835116692,0,0,0,0,0,1.69233809487449e-05,0,0,0,0,0,0,0,0,0,0,0,8.95881277148802e-06,0,1.47878219364725e-05,0.000147159329280992,0.083181123910794,0.00433716374711286,0,0,0.000268238596833793,9.9775158963839e-05,0.0121589038114116,0.00351560725664145,0.00850867030338902,0.000108291736154826,0.00170954860653469,0,0,0,0.000103659360887683,0,0.0230372237911284,7.34601104118266e-05,0.00082777308060215,0,0.000779819999937288,0,6.13764881890737e-06,0.00534863652606387,0,0,0,0,0,0,0,0.000339326536419525,0,0.011263472343225,0,0,0,0,0.000175076286574716,0.00828296232207114,3.48272365153342e-05,0.000903455779705064,0.00502178227165554,0.000212614171790046,0.114961766477108,3.57521817976354e-05,0.0128019899390713
0,0,0,0.000155524454278688,0,0,0,0,0,0,0,0,0,0,0,0,2.9233128313262e-05,2.00829294572337e-05,0.000210079979304631,0,0,0,0,0,0,0,0,0,0,0,0,0,0,0,0,0,0,0,0,0.00101262414685173,0,0.000400674061755704,0,0,0,0.000327676219459051,0,0,0,0,0,0,0,0,0,0,0,5.12282381540197e-05,0,0,0,0,4.55131362231864e-05,0,0,0,0,0,0,0,0,0,1.85267620699528e-05,0,0,0,0,0,0.000205137465813332,1.01489540010245e-06,0,0,6.18020628271502e-05,0,0.000133412376348034,0.000197866651985776,0
0,0,0.00012003558988341,0,0,0,0,0,0,0,0,0,0,0,0,0,8.79862316466323e-05,4.599344640398e-05,0.00102727328468223,0,0,0,0,0,0,0,0,0,0,0,0,0,0,0,0,0,0,0,0,1.7805449781711e-05,0.00162808492230148,1.95592501370865e-05,0.000268238596833793,0,0,0,7.38917132010295e-05,0,0,0,0,0,0,0,0,0,3.05602454074788e-05,0,0,0,0,0,0,0.000100140022236639,0,0,0,0,0,0,0,0,0,0.000471409542875511,0,0,0,0,1.21663886453732e-06,0.000148627733370674,0,9.52412334599004e-05,2.27170325762646e-05,0,0.000660404832435735,0,0
0,0.00236453513622171,0,0.00214170401195137,0,0.000106837351742965,0,0,0,0.000103170046638,0,0,0,0,0,0,0.000382115757262287,0.000627362129219973,0.0158569581060939,0,0,0,0,0,0,0,0,0,0,0,0,0,0,0,0,0.000841906824038309,0,2.3827423498797e-05,0,0.0357643523680753,0.000447696517608264,0.0145809667586442,9.9775158963839e-05,0.000327676219459051,0,0,0.000190490399929752,6.20959071854398e-06,0,0.00284522799818555,0,0,0,0,0,0.000110982588619353,0,0.00155669502564686,0,0,0,0,0.040259885682874,0,0,0,0,0,0,0,9.63499956499079e-06,0,0.00518130884008484,0,0,0,0,0,0.00964747246525697,6.96047648896522e-05,0.00478522085625618,0,0.00140959325625377,2.05655469189067e-05,0.0184838291548816,0.000151817313529307,1.03793564801591e-05
9.4302304836529e-05,0,0.000100515436343421,0,0.00023548885763414,0,0,0,0,0,0,0,0,0,0,0,0.000779462297459688,0.000225581587171474,0.00791517991025847,0,5.40130850603548e-05,0,0,0,0,0,0,0,0,0,0,0,0,0,0,2.44759181778162e-06,0.000418719397011384,0,2.88704502435949e-05,0.000199595704100132,0.0247995897085439,0.00012886531580842,0.0121589038114116,0,7.38917132010295e-05,0.000190490399929752,0,5.11485939032506e-05,0.00160691462912112,0.000235275102928138,0.000174603451421209,0,0,0,0,0,0.000630639426758593,0,4.71885403094946e-05,0,2.15721364578304e-05,0,0,0.0249718973879409,0,0,0,0,0,0,0,5.63241279504862e-06,0,0.000418706856487468,0,0,0,0,1.82773318912694e-05,0.00657190790264324,4.56413848073673e-05,0.00330505777623474,0.00128954916741991,0.000115701005386227,0.0167976722778888,0,7.1950616149675e-05
0.000712822899272893,0,0,6.21599786341694e-05,0.000122153590946999,0,0,0,8.43546725572116e-05,0,0,0,0,0,0,0,0,0,0,0,0,0,7.99944829864659e-06,0,2.46220576997284e-05,0,0,0,0,0,0,0.178057149346873,0.238185214344481,0.0218090189978325,0.278157497996823,4.18154378974638e-05,5.41891026967359e-05,0.00738947592648926,0.0187436598531097,0,9.07171597702873e-05,0.00200135337958149,0.00351560725664145,0,0,6.20959071854398e-06,5.11485939032506e-05,0,0.0649898167326093,0.122189671070151,0,0,0,0,0,0,0,0,3.48473032360244e-05,0,0,0,0,0,0,9.3836010580696e-06,0,0,0,0,0,0,0,0,0.103287856782028,0.258196810520847,0.00110463133365331,0.00445954526244243,0.00134996293204052,0.00272213507888044,3.56290352025593e-05,3.40219388531566e-05,0.00932097326802423,7.11337528222772e-06,0.0388824017328617,0,4.35397663520153e-05
0.0261210365017292,0,0.00383932084461252,0,0.00341259462912619,0,0,0,0.0035412989819268,0,0,0,0,0,0,0,0,0,6.00200722887565e-05,0,0,0,0.00762590791945452,0,0.000842031175158799,0,0,0,0,0,0,7.77532112339284e-05,0.00028526769378312,0,0.0005157592628228,0,8.40377315845201e-05,0,0.00595281087291147,0,0.0145748385687323,3.89551570539984e-05,0.00850867030338902,0,0,0,0.00160691462912112,0.0649898167326093,0,0.0116532296153379,0.00147560363893991,0,0,0,0.00206362670736402,0,0.000351771565937262,0,0.000198512624734844,0,0.0011692832160783,0,0,8.5944568925545e-05,0,0.00715278163826779,0,0.00482684233362107,0,2.85202111902343e-05,0,0,0,0.00516583751239348,0,3.61762290214144e-05,0,0,0,0.000817182870711422,0,0.00349233507995086,0.0025572470081944,6.56634651240059e-06,0.0265733074680058,0,1.86713066012102e-05
0,0.00630860688803305,0,0.0139369211210645,5.06313522871671e-05,0.000815084818465401,0,0,0,6.53994672289012e-05,0,0,0,0,0,0,0,3.12771556363993e-06,0.000103591676112802,0,0,0.00404159656282781,0,0.000975594269514342,0,0,0,0,0,0,0,0,0.0102454144791847,0,0.00048188104517094,6.54109924765891e-05,9.52559264257746e-05,0.0017527946247405,0,0.00591472044837712,4.35908813785886e-05,0.0216812578603758,0.000108291736154826,0,0,0.00284522799818555,0.000235275102928138,0.122189671070151,0.0116532296153379,0,0.000129288526354989,0.000185995348066606,0,0,0,0.000310114714179149,0,0.000719367148110173,8.21087868847813e-06,0,0,0,5.00471743119554e-05,0,0.0121990308581472,0,0.00282243968356025,0,0.00118560365848051,0,0.00811834614017574,0,0.00844489573110454,0,0,0.00103676902089309,0,0,0.00264806433704322,6.02467847777013e-05,0.00333237775400853,0,0.00329290944905873,3.96855061641424e-05,0.0349741922368797,0.000239954513281551,0
0,0,0.00337212402127248,0,0.0428644733798044,0,0,0,0,0,0,0,0,0,0,0,0,0,7.47817130481579e-05,0,0.0151854072408532,0,0,0,0,0,0,0,0,0,0,0,0,0,0,0,9.04604824270888e-05,0,0,0,0.000507591254925508,8.34537098351321e-06,0.00170954860653469,0,0,0,0.000174603451421209,0,0.00147560363893991,0.000129288526354989,0,0,0.00579614988490433,0,0,0,0.000970664889732609,0,0.000222402744451959,0,0.00384751910127682,0,0,0.0190981479525688,0,0,0,0,0,0,0,0,0,0.000796775674390219,0,0,0,0,0,0.0015208554823401,0,5.90322262878567e-05,0.000125857475126841,2.9748000913687e-06,0.00991196515760808,0,0
0,0,0,0.0215752704444576,0,0.106725704516508,0,0,0,0,0,0.00137753382301691,0,0,0,0,0,0,0,4.36063448788105e-05,0,0,0,0,0,0,0,0,0,0,0,0,0,0,0,0.000554273210848985,0,0,0,8.00481068728991e-05,0,4.86518680858983e-05,0,0,0,0,0,0,0,0.000185995348066606,0,0,0,0,0,0,0,0.0105936842487801,0,0,0,0.000239881877862178,0.000297553358450854,0,0,0,0,0,0,0,0,0,0,0,0,0,0,0,1.0142550279391e-05,0,0,0,0.000415351230344776,0,0.0054788463831805,0,0
0,0,0,0,0.00726302621942548,0,0.0362965797119462,0,0,0,0.00141581913877938,0,0,0,0,0,0,0,0,0,0,0,0,0,0,0,0,0,0,0,0,0,0,0,0,0,0,0,0,0,0,0,0,0,0,0,0,0,0,0,0.00579614988490433,0,0,0,0,0,0.00128223768665663,0,0,0,0,0,0,0,0,0,0,0,0,0,0,0,0,0,0,0,0,0,0,0,0,0,3.3588437418075e-06,0,0,0,0
0,0,0,0,0,0,0,0.00012378535757307,0,0,0,0,0,0,0,0,0,0,0,0,0,0,0,0,0,0,0,0,0,0,0,0,0,0,0,0,0,0,0,0,0,0,0,0,0,0,0,0,0,0,0,0,0,0,0,0,0,0.0135565433617294,0,0,0,0,0,0,0,0,0,0,0,0,0,0,0,0,0,0,0,0,0,0,0,0,0,0,0,0,0
0.0176268295964091,0,0.0148204187423814,0,0,0,0,0,0.0163172256388514,0,0,0,0,0,0,0,0,0,4.27888445636935e-05,0,0,0,0,0,0.0101845970650412,0,0,0,0,0,0,0,0,0,0,0,0,0,0.000368189640290011,0,0,0,0.000103659360887683,0,0,0,0,0,0.00206362670736402,0,0,0,0,0,0,0,0.000152333762302621,0,0,0,0.0103197116066451,0,0,0,0,0,0,0.0730833174530012,0,5.68052517128221e-05,0,0,0,0,0,0,0,0,0,0,0,0.00231322040792443,5.58697477019739e-06,9.13313901911818e-07,0.00186183806812123,0,0
0,0.0262805809710506,0,0.00290499378877471,0,0,0,0,0,0.0717429612409092,0,0,0,0,0,0.00019580550412213,0,0,0,0,0,1.01965354351629e-05,0,0.00631370895847187,0,0,0,0,0,0,0,0,0,0,0,0,0,0.00116096187633888,0,0.000213750581657739,0,0.000358937714391481,0,0,0,0.000110982588619353,0,0,0,0.000310114714179149,0,0,0,0,0,0,0,0,0,0,0,0.0820188744891649,0,0,3.40405994770428e-05,0,0.0362466665399862,0,0.00190685770974647,0,0,0,0,0,0,0,5.54795419099715e-05,0,0,0,0.00325034466232643,0,3.49859107201825e-05,0,0.00122043700066391,0,0
0.000122507803998507,0,0.00212088487960947,0,0.000383872229660342,0,0,0,0.000658135905293309,0,0.0537866801531734,0,0.000583233081855396,0,0,0,0.000136792384152078,2.27932053003943e-05,0.00326053551743454,0,0.000207333045624218,0,0,0,0,0,0,0,0,0,0.00291445275800062,0,0,0,0,0,0.00220598911227047,0,0.00182148748124557,2.07829863893909e-05,0.000978399565459842,3.47069044140439e-05,0.0230372237911284,0,3.05602454074788e-05,0,0.000630639426758593,0,0.000351771565937262,0,0.000970664889732609,0,0.00128223768665663,0,0.000152333762302621,0,0,0,0.00714017909503135,0,0.00539321104588641,0,0,0.0110211670365341,0,0,0,0,0,0,0,0.000357636812735112,0,0.0215028915877498,0,0,0,0,1.16608022623014e-05,0.000363175110650702,0,2.41942604274592e-05,0.000280444534087996,1.6621001833445e-05,0.0153110813891416,0,0.00232364534120727
0,0.000328342915738606,0,0.0173342876282861,0,0.00159324206704953,0,0,0,0,0,0.0267645416293739,0,0,0,0,5.8862175458842e-06,1.62260140771675e-05,0.00304100982623091,0.0144225839732654,0,0,0,0,0,0,0,0,0,0.000802028131503058,0,0,0,0,0,0.000231537063460618,0,0.00298255143788585,0,0.000520960574858897,0,0.0492606783776487,7.34601104118266e-05,5.12282381540197e-05,0,0.00155669502564686,0,0,0,0.000719367148110173,0,0.0105936842487801,0,0.0135565433617294,0,0,0,0,0,0.00330069699292976,0,2.70262405984421e-05,0.0270815835003302,0,0,0,0,0,0,0,0.00516519455654037,0,0.0489695904638825,0,0,0,0,0,0.000133372087509122,0,1.78793927330297e-05,0,0.00052820301627744,1.36292254775914e-05,0.0164424134206594,0.00459060451043311,0
0,0,0.00292758655220548,0,0,0,0,0,0,0,0.0102082488266052,0,0.0266560535148403,0,0.00634572861241725,0,0,0,7.47161557374101e-05,0,0,0,0,0,0,0,0,0,0.00369800489776836,0,0,0,0,0,0,0,0,0,0,0,0.000266122802614996,0,0.00082777308060215,0,0,0,4.71885403094946e-05,3.48473032360244e-05,0.000198512624734844,8.21087868847813e-06,0.000222402744451959,0,0,0,0,0,0.00714017909503135,0,0,0,0.00580661627225685,0,0,6.54936019531353e-05,0,0,0,0,0,0,0,0,0,0.000181244410996095,0,0,0,0,0,2.31354886562206e-05,0,3.2496216610926e-05,2.58156548805732e-05,1.72019768031995e-06,0.00100965246749915,0,0
0,0,0,0.000337349520100906,0,0,0,0,0,0,0,0.0551911649898379,0,0.000136664470118446,0,0,0,0,0,0,0,0,0,0,0,0,0,0,0,0,0,0,0,0,0,0,0,0,0,0,0,0,0,0,0,0,0,0,0,0,0,0,0,0,0,0,0,0.00330069699292976,0,0,0,0,0,0,0,0,0,0,0,0,0.000763674175165418,0,0.000115011170051494,0,0,0,0,0,0,0,0,0,0.000379075319284451,0.000852893053394724,0,0,0
0.02281434121015,0,0.0130973376045656,0,7.36757228262282e-05,0,0,0,0.00151978061831701,0,0,0,0,0,0.0229020587218753,0,0.000821821573161072,8.84263189741309e-06,3.32694459961323e-05,0,0,0,0,0,0,0,0,0,0,0,0,0,0,0,0,0,0,0,0,0,0.000176591553524723,0,0.000779819999937288,0,0,0,2.15721364578304e-05,0,0.0011692832160783,0,0.00384751910127682,0,0,0,0.0103197116066451,0,0.00539321104588641,0,0.00580661627225685,0,0,0,0,1.76602609333158e-05,0,0,0,0.00221897434740852,0,0,0,0,0,0.000478758598580178,0,0,0,0,0,2.98670705342237e-05,0,2.44168256879275e-06,1.58764684703531e-05,4.66228618148498e-06,0.00057361230253088,0,0
0,0.00499550459791864,0,0.00790241478453616,0,0,0,0,0,0.00636762753777185,0,0,0,0,0,0,3.59345638285503e-05,4.37091731753411e-05,0,0,0,0,0,0,0,0,0,0,0,0,0,0,0,0,0,0,0,0,0,7.14017334283302e-05,0,0,0,0,0,0,0,0,0,0,0,0.000239881877862178,0,0,0,0.0820188744891649,0,2.70262405984421e-05,0,0,0,0,0,0,0,0,0.00568491372173252,0,0.000165691301668218,0,0,0,0,0,0,0,0,0,0,0,0,0,0,0,0.000184369698757915,0,0
0,0.000105104376789027,0,0.000483330628295535,0,0,0,0,0,0,0,0.0111394302006392,0,0,0,0,4.42880938958652e-05,0.000135138269734289,0.0026273932694207,0.0338525586342828,0,0,0,0,0,0,0,0,0,0,0,0,0,0,0,0.00262525900121738,0,0.000319014337235716,0,0.019020377810047,3.14255279365312e-05,0.00759329207394871,6.13764881890737e-06,4.55131362231864e-05,0,0.040259885682874,0,0,0,5.00471743119554e-05,0,0.000297553358450854,0,0,0,0,0,0.0270815835003302,0,0,0,0,0,0,0,0,0,0,0,0,0.000185540849539368,0,0.0282504846683819,0,0,0,0,0,0.00703479116471196,6.55641511822707e-06,0.0119180747252307,0,0.000944331729940528,5.44443417378596e-05,0.0279673735839186,0.000131557461430541,0
0,0,0.000166986951043137,0,0.00124452215790354,0,0,0,4.58710358317016e-05,0,0.01453313837414,0,0,0,0,0,6.71831691732563e-05,1.33489590598368e-05,0.00139973264264525,0,0.0600847117495132,0,0,0,0,0,0,0,0,0,0,0,0,0,0,0,0.00725856834078629,0,0.00103452484752004,4.50792347066131e-05,0.0102571945618947,4.73868442557232e-06,0.00534863652606387,0,0.000100140022236639,0,0.0249718973879409,0,8.5944568925545e-05,0,0.0190981479525688,0,0,0,0,0,0.0110211670365341,0,6.54936019531353e-05,0,1.76602609333158e-05,0,0,0,0,0,0,0,0,0,0,1.29149411559433e-05,0,0.00252454173675233,0,0,0,0,0,0.00770991386385192,0,0.00214750692188707,0.000807730515770836,1.58375148109886e-05,0.0340156883321053,0,0.000508823082325289
0,0,0,0,0,0,0,0,0,0,0,0,0,0,0,0,0,1.16831979539711e-05,0,0,0,0.0258392021264487,0,0.000233508436495808,0,0,0,0,0,0,0,0,0,0,0,0,0,0.0053057822157733,0,0,0,0,0,0,0,0,0,0,0,0.0121990308581472,0,0,0,0,0,3.40405994770428e-05,0,0,0,0,0,0,0,0,0,0,0.0102496576339916,0,0.000229497150473769,0,0.00326510055324078,0,0,0,0,0,0,0,0,0,0.00275432843715057,0,0.000157245096942124,0,0.000104722100223274,0,0
0,0,0,0,0,0,0,0,0,0,0,0,0,0,0,0,0,0,0,0,0,0.00107041236527082,0.0337822949785755,0,5.74473780148269e-05,0,0,0,0.000918803535682757,0,0,0,0,0,0,0,0,0,0.00538038227987681,0,0,0,0,0,0,0,0,9.3836010580696e-06,0.00715278163826779,0,0,0,0,0,0,0,0,0,0,0,0,0,0,0,0,0,0,0.000783178703133965,0,0,0,0,0,0,0,0,0,0,0,0,0,0.00241989400475274,2.14473090470057e-05,5.26074832319389e-05,0.0001238378132548,0,0
0,0.00071918945941358,0,0,0,0,0,0,0,7.77203331225156e-05,0,0,0,0,0,0,0,0,0,0,0,0.00159764067571222,0,0.0570309497009236,0,0,0,0,0,0,0,0,0,0,0,0,0,0.00713252407589578,0,0,0,0,0,0,0,0,0,0,0,0.00282243968356025,0,0,0,0,0,0.0362466665399862,0,0,0,0,0,0.00568491372173252,0,0,0.0102496576339916,0,0,0,0.0472745514818489,0,0,0,0,0,0,0,6.57901592578335e-05,0,0,0,0.00408395956252881,0,0.000183974734669345,0,0.0141896167379285,0,0
0.00596382539389472,0,0,0,0,0,0,0,0.00156712921956165,0,0,0,0,0,0,0,0.000168601524915281,0,0,0,0,0,0.000827915890897371,0,0.0396149549098117,0,0.0295014762274816,0,0,0,0,0,0,0,0,0,0,0,0.00457524491555251,0,0,0,0,0,0,0,0,0,0.00482684233362107,0,0,0,0,0,0.0730833174530012,0,0,0,0,0,0.00221897434740852,0,0,0,0,0.000783178703133965,0,0,0,0.0152253316110688,0,0,0,0,0,0,0,0,0,0,0,0.00461515552974313,0.000378482265734086,0,0.00770539657832335,0,0
0,0.00138026565472203,0,0,0,0,0,0,0,0,0,0,0,0,0,0,9.85521382953435e-05,0.000500578888293362,0,0,0,0,0,0,0,0.0122260804850875,0,0,0,0,0,0,0,0,0,0,0,0,0,0,0,0,0,0,0,0,0,0,0,0.00118560365848051,0,0,0,0,0,0.00190685770974647,0,0,0,0,0,0.000165691301668218,0,0,0.000229497150473769,0,0.0472745514818489,0,0,0,0.00237580075446361,0,0,0,0,0,0,0,0,0,0,0,9.29921404272657e-06,0,0.000410348935230113,0,0
0,0,0,0,0,0,0,0,0,0,0,0,0,0,0,0,0.00293961006719567,0,0,0,0,0,0,0,0.0258131760616578,0,0.0039351029268652,0,0,0,0,0,0,0,0,0,0,0,0,0,0,0,0,0,0,0,0,0,2.85202111902343e-05,0,0,0,0,0,5.68052517128221e-05,0,0,0,0,0,0,0,0,0,0,0,0,0.0152253316110688,0,0,0,0,0,0,0,0,0,0,0,0,0,0,5.81146071773396e-06,0,0.000149919970513511,0,0
0,1.651482912005e-05,0,0.00013131623747788,0,0,0,0,0,0,0,0.000487223293553847,0,0,0,0,0,0,3.21794658252248e-05,0,0,0.0010055482964018,0,0,0,0,0,0.00825397730189742,0,0.0113896227618397,0,0,0,0,0,0,0,0.00154705789048569,0,2.37400228823633e-05,0,0.0012180248921544,0,0,0,9.63499956499079e-06,0,0,0,0.00811834614017574,0,0,0,0,0,0,0,0.00516519455654037,0,0.000763674175165418,0,0,0.000185540849539368,0,0.00326510055324078,0,0,0,0.00237580075446361,0,0,0,0.00106906013375432,0,0,0,0,0,0,0,0.00491089667240382,0,1.0358188999285e-05,8.0830864179462e-07,0.000536870626522358,0,0
0,0,2.04077529718408e-05,0,0,0,0,0,0,0,0,0,0,0,0,0,0,0,7.28660030661404e-05,0,0,0,0,0,0,0,0,0,0.0152306480679266,0,0.0050288785266134,0,0,0,0,0,0,0,0.000460023602473604,0,4.99799671543413e-05,0,0.000339326536419525,0,0,0,5.63241279504862e-06,0,0,0,0,0,0,0,0,0,0.000357636812735112,0,0,0,0,0,0,1.29149411559433e-05,0,0,0,0,0,0,0,0,0,0.00810724875495572,0,0,0,0,0,0,0,0,1.98212224573774e-06,0,0.000927757645798613,0,0
0,0.00201567496320994,0,0.0136918288661276,0,0,0,0,0,0,0,5.30553778663083e-05,0,0,0,0,1.81235794596372e-05,0.000101769948435503,0.00782169279247971,0.000151597624337949,0,0,0,0,0,0,0,0.00030809973003075,0,0.0136011769791691,0,0,0,0,0,0,0,4.99082415302767e-05,0,0.00135961403071191,0,0.0311014830613865,0,1.85267620699528e-05,0,0.00518130884008484,0,0,0,0.00844489573110454,0,0,0,0,0,0,0,0.0489695904638825,0,0.000115011170051494,0,0,0.0282504846683819,0,0,0,0,0,0,0,0.00106906013375432,0,0,0,0,0,0,0,0.000468255037305045,3.94321857501541e-06,0.00198966163533579,0,0.000698752436838568,2.18636794861997e-05,0.0163442280067062,0.0228793932368432,0
0,0,0.00151412101120952,0,0.000382897549941987,0,0,0,0.000429670128179542,0,0,0,0,0,4.15729084262584e-05,0,6.37862753106482e-05,4.65329458762716e-05,0.0026603201028457,0,0,0,0,0,0,0,0,0,0.00237637065866613,0,0.0507430386336098,0,0,0,0,0,0,0,7.62805575504899e-05,0,0.000562184365522764,3.0386809135666e-05,0.011263472343225,0,0.000471409542875511,0,0.000418706856487468,0,0.00516583751239348,0,0.000796775674390219,0,0,0,0,0,0.0215028915877498,0,0.000181244410996095,0,0.000478758598580178,0,0,0.00252454173675233,0,0,0,0,0,0,0,0.00810724875495572,0,0,0,0,0,0,9.2777599667219e-06,0.000190713563304303,0,0.00110702884623941,8.95749647978164e-05,1.01663060078468e-05,0.0160669662304541,0,0.00229817665128611
0,0,0,0,0,0,0,0,0,0,0,0,0,0,0,0,0,0,0,0,0,0,0,0,0,0,0,0,0,0,0,0.199713405810138,0.0839861681067924,0,0,0.00073248818052213,0.000326672669820517,0,0,0,0,0,0,0,0,0,0,0.103287856782028,0,0,0,0,0,0,0,0,0,0,0,0,0,0,0,0,0,0,0,0,0,0,0,0,0,0,0,0.0184982622774975,0.0316898752366818,0,0.00181246532186172,0,0,0,0.000343483324209811,0,0,0,0
0,0,0,0,0,0,0,0,0,0,0,0,0,0,0,0,0,0,0,0,0,0,0,0,0,0,0,0,0,0,0,0.0101175741189058,0.160773330436801,0,2.575889717088e-05,0,0.00381866176216093,0,0,0,0,0,0,0,0,0,0,0.258196810520847,3.61762290214144e-05,0.00103676902089309,0,0,0,0,0,0,0,0,0,0,0,0,0,0,0,0,0,0,0,0,0,0,0,0,0.0184982622774975,0,0,0,0,0.0074919024338177,0,0,0.000206762036841527,0,0,0,0
0,0,0,0,0,0,0,0,0,0.000760897721265881,0,0,0,0,0,0,0,0,0,0,0,0,0,0.000954751091478565,0,0,0,0,0,0,0,0,0,0.118905370157364,0.0458934233476181,0.00155164415295355,0,0.00143362715077583,0,0,0,0,0,0,0,0,0,0.00110463133365331,0,0,0,0,0,0,0,5.54795419099715e-05,0,0,0,0,0,0,0,0,0,0,6.57901592578335e-05,0,0,0,0,0,0,0,0.0316898752366818,0,0,0.0049284224668347,0.00174118846001781,0,0.00244743756428307,0,0.000533365629555727,5.9347367415048e-05,0,0,0
0,0,0,0,0,0,0,0,0,0,0,0,0,0,0,0,0,0,0,0,0,0,0,0,0,0,0,0,0,0,0,0,0,0.0395525914082008,0.0225959986228593,0,0.0043478944747947,0.00064002618300288,0.000748315901734863,0,0,0,0,0,0,0,0,0.00445954526244243,0,0,0,0,0,0,0,0,0,0,0,0,0,0,0,0,0,0,0,0,0,0,0,0,0,0,0,0,0.0049284224668347,0,0,0.0113520166606164,0,0.00103664700683336,0.00127195350250001,0,0,0,0
