0,0,4.0889378121266,0,0,0,0,0,6.23005848333716,0,0,0,0,0,0,0,32.0194396972656,0,10.9282229227178,0,0,0,0,0,0,0,0,0,0,0,0,0,0,0,0,0,0,42.2616195678711,0,0,33.158257392145,0,21.8765470414435,0,0,0,29.5446678161621,36.1824928919474,7.2333885921291,0,0,0,0,0,5.39265113663905,0,27.2197717030843,0,0,0,5.44919604075743,0,0,0,0,0,0,5.59754879999969,0,0,0,0,0,0,0,0,0,0,0,36.5863464039967,0,32.5419190724691,13.5116140787266,0,14.1578395217284,0,13.4157440662384
0,0,0,3.61264025502735,0,0,0,0,0,5.33042473545029,0,0,0,0,0,0,0,31.5631217956543,11.4898258931935,0,0,0,0,13.7288656234741,0,0,0,0,0,0,0,0,0,0,0,60.7417297363281,0,0,0,30.7797101338704,0,19.6801031702443,0,0,0,20.5862206123971,0,0,0,5.6314323244016,0,0,0,0,0,6.89220797661508,0,29.8249423027039,0,0,0,3.5320117589904,30.3729209899902,0,0,0,3.80489007631938,0,4.1166082945737,0,35.3095626831055,0,27.2105070352554,0,0,0,0,0,35.8686765019487,0,33.6061605973677,0,9.77315632904067,35.0862579345703,10.0117428758998,16.4603401819865,0
4.0889378121266,0,0,0,15.5146385828654,0,0,0,4.12415156833274,0,0,0,0,0,0,0,53.25408299764,0,41.5218772888184,0,0,0,0,0,0,0,0,0,0,0,0,0,0,0,0,0,0,0,0,0,53.6105427742004,0,27.2190565984111,0,18.286714553833,0,35.8334744771322,0,22.150848757137,0,7.86876549907759,0,0,0,6.00134658813477,0,18.6329303591148,0,4.72477798943126,0,5.7957883104146,0,0,29.1946593693324,0,0,0,0,0,0,0,33.4018630981445,0,31.1357926868257,0,0,0,0,0,55.5513263702393,0,0,14.6257520832799,33.2484681606293,12.3828320218206,0,18.1477364585513
0,3.61264025502735,0,0,0,8.80998988712535,0,0,0,4.28071173032125,0,0,0,0,0,0,56.0017242431641,59.7543182373047,44.0926055908203,0,0,0,0,0,0,0,0,0,0,0,0,0,0,0,0,0,0,36.2719192504883,0,38.5414852527303,0,29.2162574808041,0,23.5638847351074,0,27.7140667582133,0,54.1688404083252,0,18.1188702013388,0,6.60400610797259,0,0,0,4.8495666384697,0,10.7367902974008,0,5.65474853515625,0,4.64955395791266,29.6003740429878,0,0,0,0,0,0,0,29.4435844421387,0,29.5118489103052,0,0,0,0,0,38.2636450717324,0,36.8539637156895,0,18.7670392888387,26.7541437149048,26.4218052557434,17.8813620102711,0
0,0,15.5146385828654,0,0,0,0,0,32.5415333906809,0,0,0,0,0,0,0,79.0083847045898,86.413200378418,55.004030863444,0,10.7242207942908,0,0,0,0,0,0,0,0,0,0,0,0,0,0,0,22.622728506724,0,0,0,50.7305924892426,60.7615280151367,46.2013574061186,0,0,0,27.7252521514893,64.0909194946289,43.8694246050338,50.1786193847656,3.79306097290733,0,3.23894546826681,0,0,0,33.5821232795715,0,0,0,87.4950866699219,0,0,16.9001169734531,0,0,0,0,0,0,0,0,0,40.1631774902344,0,0,0,0,0,23.821718176206,0,0,18.5245066751069,31.7907341321309,18.7187999847426,0,41.8594093322754
0,0,0,8.80998988712535,0,0,0,2.85424704809447,0,2.88380527496338,0,6.53439211845398,0,0,0,0,0,0,0,4.02550840377808,0,0,0,0,0,0,0,0,0,0,0,0,0,0,0,8.84566750526428,0,0,0,43.2522735595703,0,41.1468911170959,0,0,0,36.5258884429932,0,0,0,42.0568279266357,0,3.28934630935575,0,0,0,0,0,4.48633298666581,0,0,0,0,0,0,0,0,0,0,0,0,0,0,0,0,0,0,0,0,0,0,0,0,8.7736416714532,32.603271484375,12.6125393930133,0,0
0,0,0,0,0,0,0,0,0,0,0,0,2.74328172206879,0,0,0,0,0,0,0,3.38853240013123,0,0,0,0,0,0,0,0,0,0,0,0,0,0,0,4.22937647501628,0,0,0,0,0,0,0,0,0,0,0,0,0,0,0,3.06086054529463,0,0,0,0,0,0,0,0,0,0,0,0,0,0,0,0,0,0,0,0,0,0,0,0,0,0,0,0,0,0,0,0,0,0
0,0,0,0,0,2.85424704809447,0,0,0,0,0,0,0,0,0,0,0,0,0,0,0,0,0,0,0,0,0,0,0,0,0,0,0,0,0,0,0,0,0,0,0,0,0,0,0,0,0,0,0,0,0,0,0,2.74715876579285,0,0,0,0,0,0,0,0,0,0,0,0,0,0,0,0,0,0,0,0,0,0,0,0,0,0,0,0,0,0,0,0,0
6.23005848333716,0,4.12415156833274,0,32.5415333906809,0,0,0,0,0,0,0,0,0,0,0,18.5503734224721,41.2973030635289,56.891242980957,0,0,0,0,0,3.78855575214733,0,0,0,0,0,0,0,0,0,0,0,0,0,6.61711013020936,0,0,39.4311892191569,15.7872819457861,0,0,0,0,27.6184315681458,5.57958488538861,0,0,0,0,0,3.49628391818724,0,32.4984060923258,0,0,0,3.37484615499323,0,0,35.7970199584961,0,0,0,2.81446043650309,0,0,0,0,0,35.4781646728516,0,0,0,0,0,56.5462303161621,0,9.0283930003643,8.28356115547947,4.63449530601501,7.99588304996491,0,8.44072047869364
0,5.33042473545029,0,4.28071173032125,0,2.88380527496338,0,0,0,0,0,0,0,0,0,2.76497432920668,0,0,0,0,0,0,0,6.00362384823007,0,0,0,0,0,0,0,0,0,0,0,0,0,5.9588636422347,0,48.1867599487305,0,12.1319965635027,0,0,0,32.9919586181641,0,0,0,38.3007278442383,0,0,0,0,0,5.14630074344698,0,0,0,0,0,3.39361295476556,0,0,0,0,2.74298119544983,0,0,0,0,0,0,0,0,0,19.986319065094,0,0,0,10.928669775432,0,5.43006168598193,4.04618742271346,7.87007037832731,6.95684862136841,0
0,0,0,0,0,0,0,0,0,0,0,0,3.67032431254442,0,0,0,0,0,0,0,3.32014931784086,0,0,0,0,0,0,0,0,0,0,0,0,0,0,0,3.47605790434213,0,3.35738562117653,0,0,0,0,0,0,0,0,0,0,0,0,0,3.02947033776177,0,0,0,4.15377981558064,0,3.36715069517389,0,0,0,0,4.14489141734871,0,0,0,0,0,0,0,0,0,0,0,0,0,0,0,4.09083207448324,0,3.34483575134826,3.09910146713257,0,6.14213466644287,0,0
0,0,0,0,0,6.53439211845398,0,0,0,0,0,0,0,3.14192475967136,0,0,0,0,0,3.31887791985653,0,0,0,0,0,0,0,0,0,4.0510936333583,0,0,0,0,0,2.96620127700624,0,3.28080218122056,0,0,0,0,0,0,0,0,0,0,0,0,0,4.30768687117333,0,0,0,0,0,6.15327652717527,0,3.84325718045688,0,0,4.15702914497227,0,0,0,0,0,0,0,3.28091414769491,0,6.34823489189148,0,0,0,0,0,4.97127668062846,0,4.20722182922893,0,3.29662347739598,0,3.28017642762926,0,0
0,0,0,0,0,0,2.74328172206879,0,0,0,3.67032431254442,0,0,0,3.38625144958496,0,0,0,0,0,0,0,0,0,0,0,0,0,0,0,0,0,0,0,0,0,0,0,0,0,0,0,0,0,0,0,0,0,0,0,0,0,0,0,0,0,3.8048392363957,0,3.28542578249948,0,0,0,0,0,0,0,0,0,0,0,0,0,0,0,0,0,0,0,0,0,0,0,0,0,0,0,0
0,0,0,0,0,0,0,0,0,0,0,3.14192475967136,0,0,0,0,0,0,0,0,0,0,0,0,0,0,0,0,0,0,0,0,0,0,0,0,0,0,0,0,0,0,0,0,0,0,0,0,0,0,0,0,0,0,0,0,0,0,0,2.73795413970947,0,0,0,0,0,0,0,0,0,0,0,0,0,0,0,0,0,0,0,0,0,0,2.74589333534241,2.86887127381784,0,0,0
0,0,0,0,0,0,0,0,0,0,0,0,3.38625144958496,0,0,0,5.87427782058716,39.5962448120117,0,0,0,0,0,0,0,0,0,0,0,0,0,0,0,0,0,0,0,0,0,0,0,0,0,0,0,0,0,0,0,0,0,0,0,0,0,0,0,0,6.03881819532552,0,3.08673210267897,0,0,0,0,0,0,0,0,0,0,0,0,51.4621467590332,0,0,0,0,0,0,0,0,0,0,0,0,0
0,0,0,0,0,0,0,0,0,2.76497432920668,0,0,0,0,0,0,50.1645991007487,16.6278987345488,0,0,0,0,0,0,0,0,0,0,0,0,0,0,0,0,0,0,0,0,0,0,0,0,0,0,0,0,0,0,0,0,0,0,0,0,0,3.70228588581085,0,0,0,0,0,0,0,0,0,0,0,0,0,0,0,0,0,0,0,0,0,0,0,0,0,0,21.6249198913574,0,0,0,0
32.0194396972656,0,53.25408299764,56.0017242431641,79.0083847045898,0,0,0,18.5503734224721,0,0,0,0,0,5.87427782058716,50.1645991007487,0,20.874435250726,22.6314238879709,0,0,0,3.64720363242953,0,0,39.2706950858787,8.3899396135096,0,0,0,0,0,0,0,0,0,0,0,0,77.8220657348633,63.7466750724293,76.5768555641174,50.9361242593142,42.5243873596191,38.1094481945038,76.0279594812638,57.2780926739728,0,0,0,0,0,0,0,0,0,60.9313843019547,74.2164649963379,0,0,5.20183076177325,43.6465606689453,87.3542131696429,64.7243282920436,0,0,0,2.75049781799316,47.9720764160156,3.42962101665703,0,0,74.6881160736084,65.3249454498291,0,0,0,0,83.6482321712949,69.5222651993601,86.5803002251519,64.0986990398831,18.8867489463277,8.62060499191284,59.8168797859779,0,48.8071503639221
0,31.5631217956543,0,59.7543182373047,86.413200378418,0,0,0,41.2973030635289,0,0,0,0,0,39.5962448120117,16.6278987345488,20.874435250726,0,21.2965870303572,0,0,6.48366027948808,0,0,0,12.4362530584829,0,0,0,0,0,0,0,0,0,0,0,0,0,65.5335756096958,79.5601943044951,59.2386977305054,68.1131561051554,54.3473040262858,34.2412452697754,60.2927372770489,71.6402529963741,0,0,89.8579635620117,0,0,0,0,0,0,79.7279228210449,55.7694938659668,0,0,64.3359508514404,20.3716036478678,71.8237784249442,82.7742156982422,2.96020483970642,0,0,0,10.6028721753289,0,0,0,64.7295161353217,74.21897315979,0,0,0,0,71.2918874559159,81.9497071584066,65.0268968652796,81.7471032823835,16.5679857130453,8.43775505029195,66.8127566860311,81.2791595458984,53.9952526092529
10.9282229227178,11.4898258931935,41.5218772888184,44.0926055908203,55.004030863444,0,0,0,56.891242980957,0,0,0,0,0,0,0,22.6314238879709,21.2965870303572,0,0,0,108.848037719727,0,0,0,40.9795398712158,0,0,0,0,0,0,0,0,0,79.8184337615967,0,0,0,51.9940324226168,51.9477825580625,47.4432621249791,39.8177155740087,47.5810668779456,21.7677135796383,46.1819735425026,48.7267168164253,0,67.7896595001221,41.3258703549703,58.3675956726074,0,0,0,32.2468376159668,0,36.8035663800819,32.4339940494961,52.7536430358887,0,61.8166427612305,0,55.1244605239731,46.5455762381866,0,0,0,0,0,0,53.6465902328491,34.0604621887207,34.738444240107,41.0110040950024,0,0,0,0,54.4359685389445,52.683092249243,45.0993647790724,49.7793886449077,15.3579599162454,20.0481037273202,39.132707097083,56.134432554245,36.4739361931296
0,0,0,0,0,4.02550840377808,0,0,0,0,0,3.31887791985653,0,0,0,0,0,0,0,0,0,0,0,0,0,0,0,0,0,0,0,0,0,0,0,7.92271747666212,0,5.51415784270675,0,0,0,0,0,0,0,0,0,0,0,0,0,10.9291801452637,0,0,0,0,0,4.1993546443827,0,0,0,0,6.83404592330081,0,0,0,0,0,0,0,0,0,9.35143775939941,0,0,0,0,0,8.51260156161857,0,12.7614975869656,0,12.938413921992,26.3638076782227,5.60717060736247,0,0
0,0,0,0,10.7242207942908,0,3.38853240013123,0,0,0,3.32014931784086,0,0,0,0,0,0,0,0,0,0,0,0,0,0,0,0,0,0,0,0,0,0,0,0,0,10.216806671059,0,2.99816166077341,0,0,0,0,0,0,0,7.72026093800863,0,0,0,9.22075350216457,0,0,0,0,0,10.1232733293013,0,0,0,0,0,0,3.82504988733819,0,0,0,0,0,0,0,0,0,0,0,0,0,0,0,9.44053959003603,0,8.06040397934292,13.2606357148715,12.6642190933228,8.87095303158108,0,0
0,0,0,0,0,0,0,0,0,0,0,0,0,0,0,0,0,6.48366027948808,108.848037719727,0,0,0,2.99758982116526,4.58793106445899,0,2.96080104509989,0,2.74463217258453,0,0,0,0,0,0,0,0,0,5.19943477809429,2.96297383308411,0,0,0,0,0,0,0,0,0,0,6.16976832343516,0,0,0,0,0,26.9476833343506,0,0,0,0,0,0,0,0,5.1123736331359,2.99058843695599,4.44518243229907,0,0,0,3.12952013242812,0,0,0,0,0,0,0,0,0,6.89867388385042,0,4.03392749771159,6.82141648020063,12.6116768519084,0,0
0,0,0,0,0,0,0,0,0,0,0,0,0,0,0,0,3.64720363242953,0,0,0,0,2.99758982116526,0,0,3.30963604346566,0,2.82274808883667,0,4.53078799981337,0,0,0,0,0,0,0,0,0,4.91847979300991,0,0,0,0,0,0,0,0,24.2044067382812,5.74914929028215,0,0,0,0,0,0,0,0,0,0,0,0,0,0,0,0,5.35890590794215,0,3.51781916618347,0,0,0,0,0,0,0,0,0,0,0,0,0,4.6508574646217,3.82303554903377,2.94046120894583,13.5689885881212,0,0
0,13.7288656234741,0,0,0,0,0,0,0,6.00362384823007,0,0,0,0,0,0,0,0,0,0,0,4.58793106445899,0,0,0,2.95686721801758,0,0,0,0,0,0,0,0,0,0,0,6.98500684329442,0,0,0,0,0,0,0,0,0,0,0,7.72357925615813,0,0,0,0,0,3.80923466248946,0,0,0,0,0,0,0,0,6.63824809392293,0,4.26471086922619,0,0,0,0,0,0,0,0,0,16.214634811177,0,0,0,9.97724150646629,0,4.22185753841026,0,6.35736925601959,0,0
0,0,0,0,0,0,0,0,3.78855575214733,0,0,0,0,0,0,0,0,0,0,0,0,0,3.30963604346566,0,0,0,2.94703781800192,0,0,0,0,0,0,0,0,0,0,0,6.25593605488976,0,0,0,14.5465078353882,0,0,0,0,18.2609519958496,5.1299536044781,0,0,0,0,0,2.91522745375938,0,0,0,0,0,0,0,0,0,0,2.75204459826152,0,3.3785375572565,0,3.1167190029363,0,0,0,0,0,0,0,0,0,0,0,8.23619683527013,10.2118912339211,0,6.11726091916745,0,0
0,0,0,0,0,0,0,0,0,0,0,0,0,0,0,0,39.2706950858787,12.4362530584829,40.9795398712158,0,0,2.96080104509989,0,2.95686721801758,0,0,0,0,0,0,0,0,0,0,0,0,0,0,0,0,0,0,0,0,0,0,0,0,0,0,0,0,0,0,0,0,0,0,0,0,0,0,0,0,0,0,0,0,3.63867734629532,0,0,0,0,0,0,0,0,0,0,0,0,0,21.1208668893843,29.9289798736572,0,0,0
0,0,0,0,0,0,0,0,0,0,0,0,0,0,0,0,8.3899396135096,0,0,0,0,0,2.82274808883667,0,2.94703781800192,0,0,0,0,0,0,0,0,0,0,0,0,0,0,0,0,0,0,0,0,0,0,0,0,0,0,0,0,0,0,0,0,0,0,0,0,0,0,0,0,0,0,4.16313491445599,0,3.22530431013841,0,0,0,0,0,0,0,0,0,0,0,0,12.275538444519,0,0,0,0
0,0,0,0,0,0,0,0,0,0,0,0,0,0,0,0,0,0,0,0,0,2.74463217258453,0,0,0,0,0,0,0,3.18379943496303,0,0,0,0,0,0,0,2.89265649318695,0,0,0,0,0,0,0,0,0,0,0,0,0,0,0,0,0,0,0,0,0,0,0,0,0,0,0,0,0,0,0,0,4.16676436245606,0,2.9561071395874,0,0,0,0,0,0,0,3.59340488910675,0,0,0,0,0,0
0,0,0,0,0,0,0,0,0,0,0,0,0,0,0,0,0,0,0,0,0,0,4.53078799981337,0,0,0,0,0,0,0,3.69689570317594,0,0,0,0,0,0,0,0,0,0,0,0,0,0,0,0,0,0,0,0,0,0,0,0,0,0,0,3.09193205833435,0,0,0,0,0,0,2.92720977465312,0,0,0,0,0,3.28646117049125,0,5.40454104313484,0,0,0,0,0,0,0,0,0,0,0,0,0
0,0,0,0,0,0,0,0,0,0,0,4.0510936333583,0,0,0,0,0,0,0,0,0,0,0,0,0,0,0,3.18379943496303,0,0,0,0,0,0,0,0,0,3.34833659231663,0,0,0,0,0,0,0,0,0,0,0,0,0,0,0,0,0,0,0,2.84121668338776,0,0,0,0,0,0,0,0,0,0,0,0,3.41232805220497,0,4.78500910316195,0,0,0,0,0,0,0,3.34241703152657,0,2.89391613006592,0,0,0,0
0,0,0,0,0,0,0,0,0,0,0,0,0,0,0,0,0,0,0,0,0,0,0,0,0,0,0,0,3.69689570317594,0,0,0,0,0,0,0,0,0,2.98959302645858,0,0,0,0,0,0,0,0,0,0,0,0,0,0,0,0,0,6.55171016436904,0,0,0,0,0,0,0,0,0,0,0,0,0,0,3.95817103311997,0,3.93561765029605,0,0,0,0,0,0,0,3.48005813937033,2.96016257149833,0,0,0,0
0,0,0,0,0,0,0,0,0,0,0,0,0,0,0,0,0,0,0,0,0,0,0,0,0,0,0,0,0,0,0,0,6.27114771632825,0,4.44134804125755,3.11714224195306,0,0,0,0,0,0,0,0,0,0,0,5.2736299370493,13.8065350850423,0,0,0,0,0,0,0,0,0,0,0,0,0,0,0,0,0,0,0,0,0,0,0,0,0,5.73741843274487,9.03466567307889,0,0,7.78669298801225,0,0,0,3.87568922603832,0,0,0,0
0,0,0,0,0,0,0,0,0,0,0,0,0,0,0,0,0,0,0,0,0,0,0,0,0,0,0,0,0,0,0,6.27114771632825,0,4.22376108169556,8.15113794803619,0,17.7080970739914,0,0,0,0,0,0,0,0,0,0,5.82343141199344,5.75724254954945,14.1516785806464,0,0,0,0,0,0,0,0,0,0,0,0,0,0,0,0,0,0,0,0,0,0,0,0,4.71989503320201,5.89204159489384,0,0,2.9893615927015,9.74752489494723,0,0,3.11221920947234,0,0,0,0
0,0,0,0,0,0,0,0,0,0,0,0,0,0,0,0,0,0,0,0,0,0,0,0,0,0,0,0,0,0,0,0,4.22376108169556,0,4.2973315792699,3.08605024005686,0,3.12435656123691,0,0,0,0,0,0,0,0,0,3.82174087426821,0,0,0,0,0,0,0,0,0,0,0,0,0,0,0,0,0,0,0,0,0,0,0,0,0,0,0,0,4.43171300206866,3.02642761020485,3.23368363910251,0,0,2.93858259916306,2.98902044296265,2.95803070068359,0,0,0
0,0,0,0,0,0,0,0,0,0,0,0,0,0,0,0,0,0,0,0,0,0,0,0,0,0,0,0,0,0,0,4.44134804125755,8.15113794803619,4.2973315792699,0,0,3.0107821427911,0,2.80608793348074,0,0,0,0,0,0,0,0,4.54453336191438,11.5279254232134,14.3732406616211,0,0,0,0,0,0,0,0,0,0,0,0,0,0,0,0,0,0,0,0,0,0,0,0,0,26.6574172973633,4.26805098119535,4.76117019400452,0,4.33214320855982,0,2.97564196586609,4.81313867889233,0,12.4275312731343,0,0
0,60.7417297363281,0,0,0,8.84566750526428,0,0,0,0,0,2.96620127700624,0,0,0,0,0,0,79.8184337615967,7.92271747666212,0,0,0,0,0,0,0,0,0,0,0,3.11714224195306,0,3.08605024005686,0,0,3.47877370834351,6.13910337337633,0,0,0,70.599494934082,0,0,0,9.10947047210321,29.126895904541,7.01329922676086,0,24.0375213623047,0,9.08896468366895,0,0,0,0,0,7.74267451903399,0,0,0,0,8.37132913154244,0,0,0,0,0,0,0,0,0,0,0,8.45052396220925,0,3.13604268232981,0,5.67339077700997,3.97726795408461,5.24456807507409,0,6.25707867855117,5.64211216679326,8.48355801126367,0,0
0,0,0,0,22.622728506724,0,4.22937647501628,0,0,0,3.47605790434213,0,0,0,0,0,0,0,0,0,10.216806671059,0,0,0,0,0,0,0,0,0,0,0,17.7080970739914,0,3.0107821427911,3.47877370834351,0,0,5.54980766616293,0,0,0,42.387809753418,0,0,0,8.51681295836844,13.0221340656281,23.6526665687561,26.8278220250056,24.0616816158952,0,0,0,0,0,3.93090061721562,0,0,0,0,0,0,5.32603032948761,0,0,0,0,0,0,0,0,0,0,3.02648834621205,7.99641741041153,0,4.7493316312094,3.1699343593826,5.68871593618486,0,5.70717203172587,4.16298777406866,5.15969344285818,10.3890009482862,0,0
42.2616195678711,0,0,36.2719192504883,0,0,0,0,0,5.9588636422347,0,3.28080218122056,0,0,0,0,0,0,0,5.51415784270675,0,5.19943477809429,0,6.98500684329442,0,0,0,2.89265649318695,0,3.34833659231663,0,0,0,3.12435656123691,0,6.13910337337633,0,0,4.36259917340628,0,0,2.7491660118103,0,0,0,23.166871547699,0,7.01731936751046,0,5.08327366943494,0,0,0,0,0,6.6941172857226,0,3.43375330826022,0,0,0,0,12.7044202403018,0,7.54394044116604,0,9.2461662643096,0,0,0,3.97687815295325,0,5.75826692581177,0,0,0,6.63925331389463,3.06736485581649,9.48867562637795,0,5.98452842901463,2.81148961589143,5.86186939257163,0,4.36691855136013,0,0
0,0,0,0,0,0,0,0,6.61711013020936,0,3.35738562117653,0,0,0,0,0,0,0,0,0,2.99816166077341,2.96297383308411,4.91847979300991,0,6.25593605488976,0,0,0,0,0,2.98959302645858,0,0,0,2.80608793348074,0,5.54980766616293,4.36259917340628,0,0,0,0,3.59774780273438,0,0,0,9.93199936548869,7.90107319046646,6.40536021526754,0,0,0,0,0,7.03125098172356,0,2.97407030086128,0,0,0,0,0,0,3.81518431407649,0,5.17119092396829,0,7.48172406773004,0,0,0,2.95448613166809,0,2.78705724080404,0,0,0,3.09062048551199,0,9.24147545537653,4.98808389902115,6.08074090974821,5.46701258641284,0,7.50351346663709,0,0
0,30.7797101338704,0,38.5414852527303,0,43.2522735595703,0,0,0,48.1867599487305,0,0,0,0,0,0,77.8220657348633,65.5335756096958,51.9940324226168,0,0,0,0,0,0,0,0,0,0,0,0,0,0,0,0,0,0,0,0,0,78.2407715741326,25.6481166050601,55.779275894165,38.1577899817264,44.5562896728516,17.8191895724908,71.0717631748744,0,0,10.720360761465,0,44.5049641927083,0,0,0,45.4266414642334,91.7111320495605,55.7781051186954,0,0,0,47.8652839660645,8.14864097300097,82.0887260437012,0,0,0,0,0,0,59.3700218200684,0,54.8426211126919,0,0,0,0,0,22.2267189999315,87.7857182366507,59.8105283624986,83.1142883300781,43.2651188799552,50.5014003753662,18.7841082106756,46.9124981880188,0
33.158257392145,0,53.6105427742004,0,50.7305924892426,0,0,0,0,0,0,0,0,0,0,0,63.7466750724293,79.5601943044951,51.9477825580625,0,0,0,0,0,0,0,0,0,0,0,0,0,0,0,0,0,0,0,0,78.2407715741326,0,50.3671930169546,24.3603055040206,0,30.3573519842965,69.5899208613804,16.5197650008514,8.7228385925293,9.19171829104947,25.8934707641602,51.7298921283923,0,0,0,0,0,54.3509430978812,0,51.716023127238,0,53.4137229919434,0,72.8891773223877,6.7212678305308,0,0,0,0,0,0,0,48.1143074035645,0,53.7840332155642,0,0,0,0,93.7561812930637,26.5707007147608,0,64.2703972641303,42.1341776743699,42.9068786957685,21.9883287468912,0,32.593337579207
0,19.6801031702443,0,29.2162574808041,60.7615280151367,41.1468911170959,0,0,39.4311892191569,12.1319965635027,0,0,0,0,0,0,76.5768555641174,59.2386977305054,47.4432621249791,0,0,0,0,0,0,0,0,0,0,0,0,0,0,0,0,70.599494934082,0,2.7491660118103,0,25.6481166050601,50.3671930169546,0,30.1529728837533,26.8387900789579,34.4759635925293,23.6046377754211,60.2620912698599,6.35620908859449,23.4700730641683,15.9388319520197,94.4877243041992,46.2453079223633,0,0,0,30.7791895432906,70.4768657684326,20.0866556891149,0,0,0,0,25.0702776732268,115.069023132324,0,0,0,0,0,0,23.7690787315369,0,24.2130570789966,58.6042366027832,0,0,0,0,34.1065747032338,53.0306814010829,54.5706992830549,59.9410369873047,21.4652936866855,32.6583707202565,18.3306332809492,17.2150058669221,0
21.8765470414435,0,27.2190565984111,0,46.2013574061186,0,0,0,15.7872819457861,0,0,0,0,0,0,0,50.9361242593142,68.1131561051554,39.8177155740087,0,0,0,0,0,14.5465078353882,0,0,0,0,0,0,0,0,0,0,0,42.387809753418,0,3.59774780273438,55.779275894165,24.3603055040206,30.1529728837533,0,0,16.3852872848511,54.8039789199829,31.5366663182005,12.3320133890424,14.8166526465052,22.9321647644043,47.659290481032,0,0,0,34.2576088905334,0,25.3428460999719,81.8428192138672,43.7076279431924,0,42.684964021047,0,46.2686080932617,26.154576476509,0,0,0,0,0,0,0,27.5985350975624,0,18.8052394130328,0,0,0,0,70.8156878449196,32.0849867572212,55.544116973877,47.3132067148664,23.2392845534682,37.3146169980367,18.785339387028,30.8928953806559,11.5203725367058
0,0,0,23.5638847351074,0,0,0,0,0,0,0,0,0,0,0,0,42.5243873596191,54.3473040262858,47.5810668779456,0,0,0,0,0,0,0,0,0,0,0,0,0,0,0,0,0,0,0,0,38.1577899817264,0,26.8387900789579,0,0,0,21.96411002766,0,0,0,0,0,0,0,0,0,0,0,39.2360483805339,0,0,0,0,27.9403902689616,0,0,0,0,0,0,0,0,0,42.0514907836914,0,0,0,0,0,43.0882651692345,109.1796875,0,0,20.4869861006737,0,26.8578560979743,62.7971668243408,0
0,0,18.286714553833,0,0,0,0,0,0,0,0,0,0,0,0,0,38.1094481945038,34.2412452697754,21.7677135796383,0,0,0,0,0,0,0,0,0,0,0,0,0,0,0,0,0,0,0,0,44.5562896728516,30.3573519842965,34.4759635925293,16.3852872848511,0,0,0,13.320818901062,0,0,0,0,0,0,0,0,0,23.100154876709,0,0,0,0,0,0,24.1580700874329,0,0,0,0,0,0,0,0,0,23.2792835235596,0,0,0,0,42.1220626831055,32.8967037816201,0,27.959633509318,29.0076416969299,0,26.1912721943211,0,0
0,20.5862206123971,0,27.7140667582133,0,36.5258884429932,0,0,0,32.9919586181641,0,0,0,0,0,0,76.0279594812638,60.2927372770489,46.1819735425026,0,0,0,0,0,0,0,0,0,0,0,0,0,0,0,0,9.10947047210321,0,23.166871547699,0,17.8191895724908,69.5899208613804,23.6046377754211,54.8039789199829,21.96411002766,0,0,60.2071749369303,53.550422668457,0,41.2174902021149,0,0,0,0,0,31.2137756347656,0,37.6575506186924,0,0,0,0,15.0860037435559,0,0,0,0,0,0,0,65.5239944458008,0,39.7350294229461,0,0,0,0,0,25.2802626297586,80.6887378692627,21.5507272393952,0,32.8674130058951,32.6047838996438,26.7236297293396,56.5605859022874,27.624927520752
29.5446678161621,0,35.8334744771322,0,27.7252521514893,0,0,0,0,0,0,0,0,0,0,0,57.2780926739728,71.6402529963741,48.7267168164253,0,7.72026093800863,0,0,0,0,0,0,0,0,0,0,0,0,0,0,29.126895904541,8.51681295836844,0,9.93199936548869,71.0717631748744,16.5197650008514,60.2620912698599,31.5366663182005,0,13.320818901062,60.2071749369303,0,49.7929684321086,41.3282074660398,33.1256952285767,47.411109651838,0,0,0,0,0,35.6724596512623,0,48.2560234069824,0,41.8590965270996,0,0,13.6370366983873,0,0,0,0,0,0,0,37.1986923217773,0,34.4693560070462,0,0,0,0,71.9033718109131,23.3292110980127,80.8670832316081,17.0892727900774,33.0186536870615,33.5698342452178,20.872169510479,0,45.102173614502
36.1824928919474,0,0,54.1688404083252,64.0909194946289,0,0,0,27.6184315681458,0,0,0,0,0,0,0,0,0,0,0,0,0,24.2044067382812,0,18.2609519958496,0,0,0,0,0,0,5.2736299370493,5.82343141199344,3.82174087426821,4.54453336191438,7.01329922676086,13.0221340656281,7.01731936751046,7.90107319046646,0,8.7228385925293,6.35620908859449,12.3320133890424,0,0,53.550422668457,49.7929684321086,0,8.97417762229308,8.28420722761819,0,0,0,0,0,0,0,0,70.396842956543,0,0,0,0,0,0,22.0691452026367,0,0,0,0,0,0,0,0,5.70607428140087,6.73704243840671,3.2843849829265,3.08018799730249,5.92382070106619,5.00650538207831,4.5943256020546,16.3020763397217,7.45387508735348,43.4022264480591,8.82010509027661,0,25.0381736755371
7.2333885921291,0,22.150848757137,0,43.8694246050338,0,0,0,5.57958488538861,0,0,0,0,0,0,0,0,0,67.7896595001221,0,0,0,5.74914929028215,0,5.1299536044781,0,0,0,0,0,0,13.8065350850423,5.75724254954945,0,11.5279254232134,0,23.6526665687561,0,6.40536021526754,0,9.19171829104947,23.4700730641683,14.8166526465052,0,0,0,41.3282074660398,8.97417762229308,0,14.4077811510395,47.0003761291504,0,0,0,3.20218726863032,0,44.3663771152496,0,46.2978452046712,0,12.6553796493646,0,0,35.1540756225586,0,5.68224044938882,0,3.86190535091772,0,3.16465616226196,0,0,0,6.85360913320419,0,2.74401688575745,0,0,0,24.7606515339914,0,6.26745080792723,14.1755320398586,33.6015882492065,14.0312890219556,0,41.2068405151367
0,5.6314323244016,0,18.1188702013388,50.1786193847656,42.0568279266357,0,0,0,38.3007278442383,0,0,0,0,0,0,0,89.8579635620117,41.3258703549703,0,0,6.16976832343516,0,7.72357925615813,0,0,0,0,0,0,0,0,14.1516785806464,0,14.3732406616211,24.0375213623047,26.8278220250056,5.08327366943494,0,10.720360761465,25.8934707641602,15.9388319520197,22.9321647644043,0,0,41.2174902021149,33.1256952285767,8.28420722761819,14.4077811510395,0,43.7525520324707,42.5233924865723,0,0,0,38.142510732015,0,24.827398684717,47.8792419433594,0,0,0,39.4424606323242,0,4.92725175681142,0,5.79914758156757,0,4.48279168688018,0,4.63382646449536,0,8.16454952752509,0,0,13.7471465060585,0,0,18.2769895907648,27.4358492631179,5.99664277211847,0,9.2165017490075,31.7679063011618,11.3171891986199,38.7103336334228,0
0,0,7.86876549907759,0,3.79306097290733,0,0,0,0,0,0,0,0,0,0,0,0,0,58.3675956726074,0,9.22075350216457,0,0,0,0,0,0,0,0,0,0,0,0,0,0,0,24.0616816158952,0,0,0,51.7298921283923,94.4877243041992,47.659290481032,0,0,0,47.411109651838,0,47.0003761291504,43.7525520324707,0,0,3.15998762625235,0,0,0,31.5066839748958,0,3.31340677087957,0,3.28640073776245,0,0,13.1750755472901,0,0,0,0,0,0,0,0,0,38.0205602645874,0,0,0,0,0,22.3970976018727,0,42.3601900736491,31.9047052034965,34.339225769043,14.0184012256369,0,0
0,0,0,6.60400610797259,0,3.28934630935575,0,0,0,0,0,4.30768687117333,0,0,0,0,0,0,0,10.9291801452637,0,0,0,0,0,0,0,0,0,0,0,0,0,0,0,9.08896468366895,0,0,0,44.5049641927083,0,46.2453079223633,0,0,0,0,0,0,0,42.5233924865723,0,0,0,0,0,0,0,4.30738897673412,0,0,0,2.74290144443512,11.6334165334702,0,0,0,0,0,0,0,0,0,0,0,0,0,0,0,29.4515752792358,0,0,0,4.87939661560637,0,9.71431088447571,0,0
0,0,0,0,3.23894546826681,0,3.06086054529463,0,0,0,3.02947033776177,0,0,0,0,0,0,0,0,0,0,0,0,0,0,0,0,0,0,0,0,0,0,0,0,0,0,0,0,0,0,0,0,0,0,0,0,0,0,0,3.15998762625235,0,0,0,0,0,4.76446437835693,0,0,0,0,0,0,0,0,0,0,0,0,0,0,0,0,0,0,0,0,0,0,0,0,0,2.74826574325562,0,0,0,0
0,0,0,0,0,0,0,2.74715876579285,0,0,0,0,0,0,0,0,0,0,0,0,0,0,0,0,0,0,0,0,0,0,0,0,0,0,0,0,0,0,0,0,0,0,0,0,0,0,0,0,0,0,0,0,0,0,0,0,0,3.12571509679159,0,0,0,0,0,0,0,0,0,0,0,0,0,0,0,0,0,0,0,0,0,0,0,0,0,0,0,0,0
5.39265113663905,0,6.00134658813477,0,0,0,0,0,3.49628391818724,0,0,0,0,0,0,0,0,0,32.2468376159668,0,0,0,0,0,2.91522745375938,0,0,0,0,0,0,0,0,0,0,0,0,0,7.03125098172356,0,0,0,34.2576088905334,0,0,0,0,0,3.20218726863032,0,0,0,0,0,0,0,31.7815010070801,0,0,0,3.55326383781433,0,0,0,0,0,0,4.51076491877564,0,3.16373419761658,0,0,0,0,0,0,0,0,0,0,0,9.31889937321345,14.0124931335449,40.3024253845215,7.31975412368774,0,0
0,6.89220797661508,0,4.8495666384697,0,0,0,0,0,5.14630074344698,0,0,0,0,0,3.70228588581085,0,0,0,0,0,26.9476833343506,0,3.80923466248946,0,0,0,0,0,0,0,0,0,0,0,0,0,6.6941172857226,0,45.4266414642334,0,30.7791895432906,0,0,0,31.2137756347656,0,0,0,38.142510732015,0,0,0,0,0,0,0,0,0,0,0,3.80628218309653,0,0,29.4942202568054,0,3.73588264609377,0,5.11177371342977,0,0,0,0,0,0,0,18.6816873550415,0,0,0,8.97475702409055,0,24.7188282012939,0,18.5648489343947,0,0
27.2197717030843,0,18.6329303591148,0,33.5821232795715,0,0,0,32.4984060923258,0,4.15377981558064,0,3.8048392363957,0,0,0,60.9313843019547,79.7279228210449,36.8035663800819,0,10.1232733293013,0,0,0,0,0,0,0,0,0,6.55171016436904,0,0,0,0,0,3.93090061721562,0,2.97407030086128,91.7111320495605,54.3509430978812,70.4768657684326,25.3428460999719,0,23.100154876709,0,35.6724596512623,0,44.3663771152496,0,31.5066839748958,0,4.76446437835693,0,31.7815010070801,0,0,0,5.98940379925263,0,8.49742702539865,0,0,9.26123046213433,0,0,0,0,0,0,0,8.50408866670397,0,5.9599242015349,0,0,0,0,72.0701065063477,37.5241520085673,0,60.1890881856283,34.0845058600108,39.5618682188146,10.6097086522728,0,19.0162208968518
0,29.8249423027039,0,10.7367902974008,0,4.48633298666581,0,0,0,0,0,6.15327652717527,0,0,0,0,74.2164649963379,55.7694938659668,32.4339940494961,4.1993546443827,0,0,0,0,0,0,0,0,0,2.84121668338776,0,0,0,0,0,7.74267451903399,0,3.43375330826022,0,55.7781051186954,0,20.0866556891149,81.8428192138672,39.2360483805339,0,37.6575506186924,0,0,0,24.827398684717,0,4.30738897673412,0,3.12571509679159,0,0,0,0,0,4.25954114525549,0,2.95678949356079,8.42575184908724,0,0,0,0,0,0,0,8.13842498077141,0,8.90238621750092,0,0,0,0,0,48.1254708931364,0,51.2370128631592,0,28.4839703794386,41.0906015396118,13.5052431231181,17.7488982118206,0
0,0,4.72477798943126,0,0,0,0,0,0,0,3.36715069517389,0,3.28542578249948,0,6.03881819532552,0,0,0,52.7536430358887,0,0,0,0,0,0,0,0,0,3.09193205833435,0,0,0,0,0,0,0,0,0,0,0,51.716023127238,0,43.7076279431924,0,0,0,48.2560234069824,70.396842956543,46.2978452046712,47.8792419433594,3.31340677087957,0,0,0,0,0,5.98940379925263,0,0,0,4.28974996794254,0,0,24.6540640195211,0,0,0,0,0,0,0,0,0,36.1759574890137,0,0,0,0,0,48.7571636199951,0,41.1307678222656,36.6606141795283,40.8469619750977,27.0690228879944,0,0
0,0,0,5.65474853515625,0,0,0,0,0,0,0,3.84325718045688,0,2.73795413970947,0,0,0,0,0,0,0,0,0,0,0,0,0,0,0,0,0,0,0,0,0,0,0,0,0,0,0,0,0,0,0,0,0,0,0,0,0,0,0,0,0,0,0,4.25954114525549,0,0,0,0,0,0,0,0,0,0,0,0,2.98570747176806,0,5.02151918411255,0,0,0,0,0,0,0,0,0,2.87476491928101,2.89511590101281,0,0,0
5.44919604075743,0,5.7957883104146,0,87.4950866699219,0,0,0,3.37484615499323,0,0,0,0,0,3.08673210267897,0,5.20183076177325,64.3359508514404,61.8166427612305,0,0,0,0,0,0,0,0,0,0,0,0,0,0,0,0,0,0,0,0,0,53.4137229919434,0,42.684964021047,0,0,0,41.8590965270996,0,12.6553796493646,0,3.28640073776245,0,0,0,3.55326383781433,0,8.49742702539865,0,4.28974996794254,0,0,0,0,26.084098815918,0,0,0,6.41305669716426,0,0,0,0,0,36.9466345650809,0,0,0,0,0,68.9581807454427,0,40.2655258178711,35.1986498514811,33.1584777832031,33.1098897901632,0,0
0,3.5320117589904,0,4.64955395791266,0,0,0,0,0,3.39361295476556,0,0,0,0,0,0,43.6465606689453,20.3716036478678,0,0,0,0,0,0,0,0,0,0,0,0,0,0,0,0,0,0,0,0,0,47.8652839660645,0,0,0,0,0,0,0,0,0,0,0,2.74290144443512,0,0,0,3.80628218309653,0,2.95678949356079,0,0,0,0,0,0,0,0,4.74228240119086,0,2.96076738834381,0,0,0,0,0,0,0,0,0,0,0,0,0,0,0,8.00199430639094,0,0
0,30.3729209899902,0,29.6003740429878,0,0,0,0,0,0,0,4.15702914497227,0,0,0,0,87.3542131696429,71.8237784249442,55.1244605239731,6.83404592330081,0,0,0,0,0,0,0,0,0,0,0,0,0,0,0,8.37132913154244,0,12.7044202403018,0,8.14864097300097,72.8891773223877,25.0702776732268,46.2686080932617,27.9403902689616,0,15.0860037435559,0,0,0,39.4424606323242,0,11.6334165334702,0,0,0,0,0,8.42575184908724,0,0,0,0,0,0,0,0,0,0,0,0,16.1776951154073,0,17.3672752453269,0,0,0,0,0,15.2716764229077,72.3806447982788,10.0266993098789,0,35.9060443861088,30.8692930539449,13.946140175168,23.7575241088867,0
0,0,29.1946593693324,0,16.9001169734531,0,0,0,35.7970199584961,0,4.14489141734871,0,0,0,0,0,64.7243282920436,82.7742156982422,46.5455762381866,0,3.82504988733819,0,0,0,0,0,0,0,0,0,0,0,0,0,0,0,5.32603032948761,0,3.81518431407649,82.0887260437012,6.7212678305308,115.069023132324,26.154576476509,0,24.1580700874329,0,13.6370366983873,0,35.1540756225586,0,13.1750755472901,0,0,0,0,0,9.26123046213433,0,24.6540640195211,0,26.084098815918,0,0,0,0,0,0,0,0,0,0,16.3617992401123,0,26.3659957477025,0,0,0,0,0,18.145241381275,0,9.62061077560309,18.4907634580102,40.7260780334473,14.3421991528847,0,18.4700365800124
0,0,0,0,0,0,0,0,0,0,0,0,0,0,0,0,0,2.96020483970642,0,0,0,5.1123736331359,0,6.63824809392293,0,0,0,0,0,0,0,0,0,0,0,0,0,7.54394044116604,0,0,0,0,0,0,0,0,0,0,0,4.92725175681142,0,0,0,0,0,29.4942202568054,0,0,0,0,0,0,0,0,0,0,4.43238710480968,0,5.91270838613096,0,4.21986708376143,0,0,0,0,0,0,0,0,0,7.80501147821165,0,4.09626444180806,0,12.7022136847178,0,0
0,0,0,0,0,0,0,0,0,0,0,0,0,0,0,0,0,0,0,0,0,2.99058843695599,5.35890590794215,0,2.75204459826152,0,0,0,2.92720977465312,0,0,0,0,0,0,0,0,0,5.17119092396829,0,0,0,0,0,0,0,0,22.0691452026367,5.68224044938882,0,0,0,0,0,0,0,0,0,0,0,0,0,0,0,0,0,0,4.73134028911591,0,0,0,0,0,0,0,0,0,0,0,0,0,5.67313333009419,3.51785604159037,2.96045684814453,12.5879796573094,0,0
0,3.80489007631938,0,0,0,0,0,0,0,2.74298119544983,0,0,0,0,0,0,0,0,0,0,0,4.44518243229907,0,4.26471086922619,0,0,0,0,0,0,0,0,0,0,0,0,0,9.2461662643096,0,0,0,0,0,0,0,0,0,0,0,5.79914758156757,0,0,0,0,0,3.73588264609377,0,0,0,0,0,4.74228240119086,0,0,4.43238710480968,0,0,0,4.51662517918481,0,0,0,0,0,0,0,18.3198471069336,0,0,0,11.5164565542766,0,4.40528227806091,0,7.0780086882332,0,0
5.59754879999969,0,0,0,0,0,0,0,2.81446043650309,0,0,0,0,0,0,0,2.75049781799316,0,0,0,0,0,3.51781916618347,0,3.3785375572565,0,4.16313491445599,0,0,0,0,0,0,0,0,0,0,0,7.48172406773004,0,0,0,0,0,0,0,0,0,3.86190535091772,0,0,0,0,0,4.51076491877564,0,0,0,0,0,6.41305669716426,0,0,0,0,4.73134028911591,0,0,0,5.26455073437448,0,0,0,0,0,0,0,0,0,0,0,9.93108657451952,4.43584927490779,0,6.3116097782435,0,0
0,4.1166082945737,0,0,0,0,0,0,0,0,0,0,0,0,0,0,47.9720764160156,10.6028721753289,0,0,0,0,0,0,0,3.63867734629532,0,0,0,0,0,0,0,0,0,0,0,0,0,0,0,0,0,0,0,0,0,0,0,4.48279168688018,0,0,0,0,0,5.11177371342977,0,0,0,0,0,2.96076738834381,0,0,5.91270838613096,0,4.51662517918481,0,0,0,3.50232036371489,0,0,0,0,0,0,0,0,0,0,0,15.5942640304565,0,3.43094292970804,0,0
0,0,0,0,0,0,0,0,0,0,0,0,0,0,0,0,3.42962101665703,0,0,0,0,0,0,0,3.1167190029363,0,3.22530431013841,0,0,0,0,0,0,0,0,0,0,0,0,0,0,0,0,0,0,0,0,0,3.16465616226196,0,0,0,0,0,3.16373419761658,0,0,0,0,0,0,0,0,0,0,0,0,5.26455073437448,0,0,0,0,0,0,0,0,0,0,0,0,0,0,9.6904239654541,0,4.23432558774948,0,0
0,35.3095626831055,0,29.4435844421387,0,0,0,0,0,0,0,3.28091414769491,0,0,0,0,0,0,53.6465902328491,0,0,3.12952013242812,0,0,0,0,0,4.16676436245606,0,3.41232805220497,0,0,0,0,0,0,0,3.97687815295325,0,59.3700218200684,0,23.7690787315369,0,0,0,65.5239944458008,0,0,0,4.63382646449536,0,0,0,0,0,0,0,8.13842498077141,0,2.98570747176806,0,0,16.1776951154073,0,4.21986708376143,0,0,0,3.50232036371489,0,0,0,7.77130559512547,0,0,0,0,0,0,0,5.47784671648205,0,33.2476326624552,47.0453758239746,15.1279530892005,0,0
0,0,33.4018630981445,0,0,0,0,0,0,0,0,0,0,0,0,0,0,0,34.0604621887207,0,0,0,0,0,0,0,0,0,3.28646117049125,0,3.95817103311997,0,0,0,0,0,0,0,2.95448613166809,0,48.1143074035645,0,27.5985350975624,0,0,0,37.1986923217773,0,0,0,0,0,0,0,0,0,8.50408866670397,0,0,0,0,0,0,16.3617992401123,0,0,0,0,0,0,0,0,0,3.80392306107135,0,0,0,0,0,0,0,0,46.3432858784994,0,12.6760467801775,0,0
0,27.2105070352554,0,29.5118489103052,0,0,0,0,0,0,0,6.34823489189148,0,0,0,0,74.6881160736084,64.7295161353217,34.738444240107,9.35143775939941,0,0,0,0,0,0,0,2.9561071395874,0,4.78500910316195,0,0,0,0,0,0,0,5.75826692581177,0,54.8426211126919,0,24.2130570789966,0,42.0514907836914,0,39.7350294229461,0,0,0,8.16454952752509,0,0,0,0,0,0,0,8.90238621750092,0,5.02151918411255,0,0,17.3672752453269,0,0,0,0,0,0,0,7.77130559512547,0,0,0,0,0,0,0,51.2758402718438,83.2977828979492,6.21497013909476,0,34.5189979108897,40.059944152832,21.6571493953547,20.971930251402,0
0,0,31.1357926868257,0,40.1631774902344,0,0,0,35.4781646728516,0,0,0,0,0,51.4621467590332,0,65.3249454498291,74.21897315979,41.0110040950024,0,0,0,0,0,0,0,0,0,5.40454104313484,0,3.93561765029605,0,0,0,0,0,0,0,2.78705724080404,0,53.7840332155642,58.6042366027832,18.8052394130328,0,23.2792835235596,0,34.4693560070462,0,6.85360913320419,0,38.0205602645874,0,0,0,0,0,5.9599242015349,0,36.1759574890137,0,36.9466345650809,0,0,26.3659957477025,0,0,0,0,0,0,0,3.80392306107135,0,0,0,0,0,0,118.478332519531,57.4326437129531,0,3.4302938165872,42.3113526701927,42.8323769569397,10.7167562809559,0,22.9289357802447
0,0,0,0,0,0,0,0,0,0,0,0,0,0,0,0,0,0,0,0,0,0,0,0,0,0,0,0,0,0,0,5.73741843274487,4.71989503320201,0,0,8.45052396220925,3.02648834621205,0,0,0,0,0,0,0,0,0,0,5.70607428140087,0,0,0,0,0,0,0,0,0,0,0,0,0,0,0,0,0,0,0,0,0,0,0,0,0,0,0,15.4631829766666,6.49912853684536,0,8.91887349535705,0,0,0,2.9984221889312,0,0,0,0
0,0,0,0,0,0,0,0,0,0,0,0,0,0,0,0,0,0,0,0,0,0,0,0,0,0,0,0,0,0,0,9.03466567307889,5.89204159489384,0,26.6574172973633,0,7.99641741041153,0,0,0,0,0,0,0,0,0,0,6.73704243840671,2.74401688575745,13.7471465060585,0,0,0,0,0,0,0,0,0,0,0,0,0,0,0,0,0,0,0,0,0,0,0,0,15.4631829766666,0,0,0,0,6.43355843634104,0,0,2.95892861154344,0,0,0,0
0,0,0,0,0,0,0,0,0,19.986319065094,0,0,0,0,0,0,0,0,0,0,0,0,0,16.214634811177,0,0,0,0,0,0,0,0,0,4.43171300206866,4.26805098119535,3.13604268232981,0,6.63925331389463,0,0,0,0,0,0,0,0,0,3.2843849829265,0,0,0,0,0,0,0,18.6816873550415,0,0,0,0,0,0,0,0,0,0,18.3198471069336,0,0,0,0,0,0,0,6.49912853684536,0,0,5.52588152885437,4.73896263865219,0,6.41012097468839,0,4.03343870178346,2.88387115796407,0,0,0
0,0,0,0,0,0,0,0,0,0,0,0,0,0,0,0,0,0,0,0,0,0,0,0,0,0,0,0,0,0,0,0,0,3.02642761020485,4.76117019400452,0,4.7493316312094,3.06736485581649,3.09062048551199,0,0,0,0,0,0,0,0,3.08018799730249,0,0,0,0,0,0,0,0,0,0,0,0,0,0,0,0,0,0,0,0,0,0,0,0,0,0,0,0,5.52588152885437,0,0,5.80918844385486,0,4.92931938171387,2.91060325414828,0,0,0,0
0,35.8686765019487,0,38.2636450717324,0,0,0,0,0,0,0,4.97127668062846,0,0,0,0,83.6482321712949,71.2918874559159,54.4359685389445,8.51260156161857,0,0,0,0,0,0,0,0,0,0,0,7.78669298801225,2.9893615927015,3.23368363910251,0,5.67339077700997,3.1699343593826,9.48867562637795,0,22.2267189999315,93.7561812930637,34.1065747032338,70.8156878449196,43.0882651692345,42.1220626831055,25.2802626297586,71.9033718109131,5.92382070106619,0,18.2769895907648,0,29.4515752792358,0,0,0,0,72.0701065063477,48.1254708931364,0,0,0,0,15.2716764229077,0,0,0,0,0,0,0,0,0,51.2758402718438,118.478332519531,8.91887349535705,0,4.73896263865219,0,0,87.1551900343461,9.92672797085084,88.8022867838542,41.6870836841399,35.3085484321301,32.095488294016,49.876584815979,0
36.5863464039967,0,55.5513263702393,0,23.821718176206,0,0,0,56.5462303161621,0,4.09083207448324,0,0,0,0,0,69.5222651993601,81.9497071584066,52.683092249243,0,9.44053959003603,0,0,0,0,0,0,0,0,0,0,0,9.74752489494723,0,4.33214320855982,3.97726795408461,5.68871593618486,0,9.24147545537653,87.7857182366507,26.5707007147608,53.0306814010829,32.0849867572212,109.1796875,32.8967037816201,80.6887378692627,23.3292110980127,5.00650538207831,24.7606515339914,27.4358492631179,22.3970976018727,0,0,0,0,0,37.5241520085673,0,48.7571636199951,0,68.9581807454427,0,72.3806447982788,18.145241381275,0,0,0,0,0,0,0,0,83.2977828979492,57.4326437129531,0,6.43355843634104,0,5.80918844385486,87.1551900343461,0,100.706974029541,11.578463203795,39.1272028201984,48.2414486298867,31.569531357408,0,39.1794441011217
0,33.6061605973677,0,36.8539637156895,0,0,0,0,0,10.928669775432,0,4.20722182922893,0,0,0,0,86.5803002251519,65.0268968652796,45.0993647790724,12.7614975869656,0,6.89867388385042,0,9.97724150646629,0,0,0,3.59340488910675,0,3.34241703152657,0,0,0,0,0,5.24456807507409,0,5.98452842901463,4.98808389902115,59.8105283624986,0,54.5706992830549,55.544116973877,0,0,21.5507272393952,80.8670832316081,4.5943256020546,0,5.99664277211847,0,0,0,0,0,8.97475702409055,0,51.2370128631592,0,0,0,0,10.0266993098789,0,7.80501147821165,0,11.5164565542766,0,0,0,5.47784671648205,0,6.21497013909476,0,0,0,6.41012097468839,0,9.92672797085084,100.706974029541,0,15.5024475184354,29.0280091705505,51.6724672317505,25.6883773301329,36.8785972595215,0
32.5419190724691,0,0,0,0,0,0,0,9.0283930003643,0,3.34483575134826,0,0,0,0,0,64.0986990398831,81.7471032823835,49.7793886449077,0,8.06040397934292,0,4.6508574646217,0,8.23619683527013,0,0,0,0,0,3.48005813937033,0,0,2.93858259916306,2.97564196586609,0,5.70717203172587,2.81148961589143,6.08074090974821,83.1142883300781,64.2703972641303,59.9410369873047,47.3132067148664,0,27.959633509318,0,17.0892727900774,16.3020763397217,6.26745080792723,0,42.3601900736491,0,0,0,9.31889937321345,0,60.1890881856283,0,41.1307678222656,0,40.2655258178711,0,0,9.62061077560309,0,5.67313333009419,0,9.93108657451952,0,0,0,0,0,3.4302938165872,0,0,0,4.92931938171387,88.8022867838542,11.578463203795,15.5024475184354,0,26.1504266525339,53.8667231473056,15.4694358046597,0,0
13.5116140787266,9.77315632904067,14.6257520832799,18.7670392888387,18.5245066751069,8.7736416714532,0,0,8.28356115547947,5.43006168598193,3.09910146713257,3.29662347739598,0,2.74589333534241,0,21.6249198913574,18.8867489463277,16.5679857130453,15.3579599162454,12.938413921992,13.2606357148715,4.03392749771159,3.82303554903377,4.22185753841026,10.2118912339211,21.1208668893843,12.275538444519,0,0,2.89391613006592,2.96016257149833,3.87568922603832,3.11221920947234,2.98902044296265,4.81313867889233,6.25707867855117,4.16298777406866,5.86186939257163,5.46701258641284,43.2651188799552,42.1341776743699,21.4652936866855,23.2392845534682,20.4869861006737,29.0076416969299,32.8674130058951,33.0186536870615,7.45387508735348,14.1755320398586,9.2165017490075,31.9047052034965,4.87939661560637,2.74826574325562,0,14.0124931335449,24.7188282012939,34.0845058600108,28.4839703794386,36.6606141795283,2.87476491928101,35.1986498514811,0,35.9060443861088,18.4907634580102,4.09626444180806,3.51785604159037,4.40528227806091,4.43584927490779,15.5942640304565,9.6904239654541,33.2476326624552,46.3432858784994,34.5189979108897,42.3113526701927,2.9984221889312,2.95892861154344,4.03343870178346,2.91060325414828,41.6870836841399,39.1272028201984,29.0280091705505,26.1504266525339,0,5.93169654103989,18.6887181358348,24.1418009299152,17.9151738473347
