0,0,0.00172662740981577,0,0,0,0,0,0.043265162065972,0,0,0,0,0,0,0,3.26417106066609e-06,0,0.000275690802948717,0,0,0,0,0,0,0,0,0,0,0,0,0,0,0,0,0,6.13549349445493e-06,0,0,0,0.000139988788336555,0,0.000152816405761787,0,0,0,0,0,0.00396046460750855,0,0,0,0,0,0.0349241059258823,0,0,0,0,0,0.00421553279722253,0,0,0,0,0,0,0,0,0,0,2.29970636796487e-05,0,0,0,0,0,0,0,0,0,0,6.0524713437005e-05,0,0.00303920045615496,0,0
0,0,0,0.00845081367838729,0,0,0,0,0,0.0116366992224211,0,0,0,0,0,0,0,0,0.00155939318571317,0,0,0,0,0,0,0,0,0,0,0,0,0,0,0,0,8.38898382292313e-06,0,0,0,1.23191183731748e-05,0,0.000750397539238944,0,0,0,0.000538076371891348,0,2.38200801427514e-05,0,0.00699985593878831,0,0,0,0,0,0.0318797704190238,0,0,0,0,0,0.00312304031840154,0.000112293117966366,0,0,0,0.00275178676243059,0,9.02906292182069e-05,0,2.20039269919044e-05,0,0,0,0,0,0,0,0.000109438307604531,0,2.42043435893959e-05,0,0.000184500039015547,0,0.00421454354820959,0,0
0.00172662740981577,0,0,0,0.0149607458692569,0,0,0,0.0184919778421825,0,0,0,0,0,0,0,0,0,0,0,0,0,0,0,0,0,0,0,0,0,0,0,0,0,0,0,0,0,6.03734078574248e-06,0,2.34768292026346e-05,0,0.000934348849234557,0,0,0,0.000171181877928248,0,0.00308617125802318,0,0.00212199393792529,0,0,0,0.0300297158555561,0,0.000467459831264691,0,9.62446477478542e-05,0,0,0,0,0,0,0,0,0,0,4.92348505790052e-05,0,0.000221296724364294,0,0.00105287071347648,0,0,0,0,0,1.66628766305812e-06,0,2.83199585322902e-05,0.000200448661483232,0,0.00206988363830398,0,0.000255146428309167
0,0.00845081367838729,0,0,0,0.00943961808137386,0,0,0,0.0229430368219529,0,0,0,0,0,0,0,3.03778183579739e-06,0.000162400117973086,0,0,0,0,0,0,0,0,0,0,0,0,0,0,0,0,1.14821915784395e-05,0,0,0,0.00351373371468993,0,0.00312984097103578,0,0.000278002631318381,0,0.000934456656666787,0,6.37605025662277e-05,0,0.00998615861400603,0,0.00669041359231715,0,0,0,0.043293943375402,0,0.00356198667615569,0,0.00481972828875286,0,0.00681769493032789,0.00111144440520966,0,0,0,0,0,0,0,0.000669379150133253,0,0.00277899380534277,0,0,0,0,0,2.59241545257697e-05,0,7.49035775543389e-05,0,0.00092615780566144,2.30732657802282e-05,0.0148241048999235,0.000476969642769039,0
0,0,0.0149607458692569,0,0,0,0,0,0.00223122819497782,0,0,0,0.000103486804533341,0,0,0,0,0,3.75124998401692e-05,0,0.00485481637129931,0,0,0,0,0,0,0,0,0,0,0,0,0,0,0,0,0,0,0,0.000243040575670085,0,0.000226165943927798,0,0,0,0.000140278953788627,0,0.000276100934114211,0,0.0477278910744061,0,0,0,0.00399577115219838,0,0,0,0.000429880606490511,0,0,0,0,0.00154613195143521,0,0,0,0,0,0,0,1.34711228000554e-05,0,0.000309617209030411,0,0,0,0,0,0,0,0,3.50817364115625e-05,0,0.00321458479084437,0,0
0,0,0,0.00943961808137386,0,0,0,0.000442918670678923,0,0.000689958398737121,0,0,0,0,0,0.000274068057569151,0,0,0,0.00341271801868665,0,0,0,0,0,0,0,0,0,0,0,0,0,0,0,2.60049023771003e-05,0,0,0,0,0,0,0,0,0,0,0,0,0,3.69814343055093e-05,0,0.0336962843211886,0,0.00677283005139383,0,0.0032213955358767,0,0.00015897208587403,0,0.000210672371863759,0,0.000547165669988468,0.000539927012843522,0,0,0,0,0,0,0,0,0,0,0,0,0,0,0,5.95945144053204e-05,0,0,0,0.000849624337651582,0,0.00217627076562321,0,0
0,0,0,0,0,0,0,0,0,0,0.000735846237465549,0,0.0004107028675456,0,0,0,0,0,0,0,0,0,0,0,0,0,0,0,0,0,0,0,0,0,0,0,0,0,0,0,0,0,0,0,0,0,0,0,0,0,0,0,0.0425183548559288,0,0,0,0.00315906614983195,0,0.00192135132607118,0,0,0,0,0,0,0,0,0,0,0,0,0,0,0,0,0,0,0,0,0,0,0,0,0,0,0,0
0,0,0,0,0,0.000442918670678923,0,0,0,0,0,0.00470985109447126,0,0,0,0,0,0,0,0,0,0,0,0,0,0,0,0,0,0,0,0,0,0,0,0,0,0,0,0,0,0,0,0,0,0,0,0,0,0,0,0,0,0.0246349917881204,0,0,0,0,0,0.00177588895479078,0,0,0,0,0,0,0,0,0,0,0,0,0,0,0,0,0,0,0,0,0,0,5.47304944120697e-06,0,0,0,0
0.043265162065972,0,0.0184919778421825,0,0.00223122819497782,0,0,0,0,0,0,0,0,0,0.000225856024102696,0,0.000260207053951405,0,0,0,0,0,0,0,0.00857055614237559,0,0.000324447079037782,0,0,0,0,0,0,0,0,0,0,0,0.00134878797213134,0,8.1795905957392e-05,0,0.000165963521394722,0,0,0,2.42456052341133e-05,3.15680465220369e-05,0.00145326207395296,0,0.00221111990728377,0,0,0,0.0772865606745856,0,0,0,0,0,0.00139607802619486,0,0,1.47475006278795e-05,0,0,0,0.00554747205421739,0,0,0,0,0,0.000384696556620455,0,0,0,0,0,3.36497960121125e-05,0,0.000572958844034883,0.000816045959383548,0,0.00661631148843699,0,0
0,0.0116366992224211,0,0.0229430368219529,0,0.000689958398737121,0,0,0,0,0,0,0,0,0,0.0176263291877541,1.26201277291097e-05,0.00276785236650086,0,5.62534247956843e-05,0,0,0,0.000784016081358533,0,0,0,0,0,0,0,0,0,0,0,0,0,5.4466303253196e-05,0,0.000136348871677145,0,8.48428760940046e-05,0,0,0,9.29787999055919e-05,0,0,0,0.000362913001850201,0,0.00225768754797684,0,0,0,0.0342150081178545,0,0.000113691877163532,0,0,0,0.00184756630907199,0,0,0,0,0.00435054129366403,0,0,0,0,0,0,0,0,0,0,0,6.92865012949376e-06,0,0,0,0.0004464327763003,8.5986140473199e-05,0.00134401575408071,6.24268778992541e-05,0
0,0,0,0,0,0,0.000735846237465549,0,0,0,0,0,0.00385103772176707,0,0,0,0,0,0,0,0.0264783030114585,0,0,0,0,0,0,0,0,0,0.00347376597794325,0,0,0,0,0,0,0,0.00287210041446474,0,0,0,0,0,0,0,0,0,0,0,0,0,0.00312399059528076,0,0,0,0.0402816660370226,0,0.00455840532813603,0,0,0,0,0.00369437875981752,0,0,0,0,0,0,0,0,0,0.00369736435200328,0,0,0,0,0,0,0,0.00080379839196333,0,0,0.000214382947036037,0,0
0,0,0,0,0,0,0,0.00470985109447126,0,0,0,0,0,0.000184295246117266,0,0,0,0,0,0.0174506768119209,0,0,0,0,0,0,0,5.13703765974011e-05,0,0.00588570824812754,0,0,0,0,0,2.88004067725261e-05,0,0.00527033008154284,0,0,0,0,0,0,0,3.31758649724681e-05,0,0,0,0,0,0,0,0,0,0,0,0.0830545354185554,0,0.00135583171324016,0,0,0.00946543514262911,0,0,0,0,0,0,0,0,0,0.00377467591971979,0,0,0,0,0,2.62611620298757e-06,0,0.000169730452408265,0,0.000335907034291352,0,0.000100065172670888,0,0
0,0,0,0,0.000103486804533341,0,0.0004107028675456,0,0,0,0.00385103772176707,0,0,0,0.00092570201069609,0,0,0,0,0,0,0,0,0,0,0,0,0,0,0,0,0,0,0,0,0,0,0,0,0,0,0,0,0,0,0,0,0,0,0,0,0,8.55999521824653e-05,0,0,0,0.00611909348009467,0,0.0119455295640676,0,0.000391853469561614,0,0,0,0,0,0,0,0,0,0,1.11074735812977e-05,0,0,0,0,0,0,0,0,0,0,3.54810219960337e-05,0,0,0,0
0,0,0,0,0,0,0,0,0,0,0,0.000184295246117266,0,0,0,0.00418654742146453,0,0,0,0,0,0,0,0,0,0,0,0,0,0,0,0,0,0,0,0,0,0,0,0,0,0,0,0,0,0,0,0,0,0,0,0.000160145814274657,0,0.000622919569454053,0,0,0,4.35562212494976e-05,0,0.0240183263791927,0,0.0010113890715248,0,0,0,0,0,0,0,0,0,0,0,0,0,0,0,0,0,0,0,0,3.60398895732686e-05,8.61722937993839e-05,0,0,0
0,0,0,0,0,0,0,0,0.000225856024102696,0,0,0,0.00092570201069609,0,0,0,9.6792038277346e-06,0,0,0,0,0,0,0,0,0,0,0,0,0,0,0,0,0,0,0,0,0,0,0,0,0,0,0,0,0,0,0,0,0,0.000329721017180953,0,0,0,0.00107564222717337,0,0,0,0.0016286333657599,0,0.0180033499908077,0,0,0,0,0,0,0,0,0.00376543928723775,0,0,0,0,0,0,0,0,0,0,0,0,9.29996283296195e-06,0,0,0,0
0,0,0,0,0,0.000274068057569151,0,0,0,0.0176263291877541,0,0,0,0.00418654742146453,0,0,1.36563136645495e-05,0.00162808025855873,0,0,0,0,0,0.000132246172681455,0,0,0,0,0,0,0,0,0,0,0,0,0,0,0,0,0,0,0,0,0,0,0,0,0,0,0,0.0117296953480091,0,0,0,0.00187673668432776,0,0,0,0.00604096491579334,0,0.021496731141962,0,0,0,0,0.000377928508408804,0,0,0,0,0,0,0,0,0,0,0,0,0,0,0,0.000236673797254967,5.30853321353429e-06,0,0,0
3.26417106066609e-06,0,0,0,0,0,0,0,0.000260207053951405,1.26201277291097e-05,0,0,0,0,9.6792038277346e-06,1.36563136645495e-05,0,0.0961816686524375,0.0336248977154838,0,0,0,0.00141973899403257,0,0,0,0.00791464885649334,0,0.000105319307184006,0,0,0,0,0,0,1.01824272226684e-05,1.47468120993179e-05,1.48761023230761e-06,0,0.000124443000169258,0.000201307922858042,0.000143613384326947,0.000402349044187555,0,4.89224145466454e-05,0.000204500620793202,0.000183371707209498,1.99123363082469e-05,1.89841796011669e-06,1.19627738342952e-05,0,0,0,0,0,0,0,0,0,0,0.00116657335940641,0,1.13521992129131e-05,1.68311900079401e-05,0,0.000306405490997183,0,0,0,0.00425392847696645,0,2.35076378395484e-06,4.08008175673387e-06,7.48094022677933e-05,0,0,0,0,0.000100421077840652,0.000174159346507659,1.72136288715714e-05,9.25993636851106e-05,0.0186395085045164,0.00029411470912732,0.000173405164123593,8.52779960069331e-06,0.000255998831164921
0,0,0,3.03778183579739e-06,0,0,0,0,0,0.00276785236650086,0,0,0,0,0,0.00162808025855873,0.0961816686524375,0,0.0379943817083713,0,0,0.000920203430409229,2.67569280315047e-05,0.000422939652275764,0,0.000499152120057865,0,0,0,0,0,0,0,0,0,2.14672917366697e-05,9.56738550978453e-07,5.79293986556194e-06,0,0.000334450801293336,0.000134144969618137,0.000378291947427755,0.000203652511377499,4.41404410013891e-06,8.67806162833601e-05,0.000546688892702817,0.000115992884384646,7.34046049378319e-05,0,3.12717942703439e-05,0,0,0,0,0,0,3.58209879012432e-06,3.35389577472782e-06,0,0,0,0,8.02728367505743e-05,0,0.00116318604455861,0,0,0,0.000591249615007503,0,0.00010774473966504,0,1.97270395487369e-05,5.96259889324513e-05,0,0,0,0,0.000360650576712907,0.000162325297817615,0.000167108300072103,7.04379639068439e-05,0.0241259736560521,0.01435681361582,0.000294256715522274,0.00013829511225152,9.02988834506035e-05
0.000275690802948717,0.00155939318571317,0,0.000162400117973086,3.75124998401692e-05,0,0,0,0,0,0,0,0,0,0,0,0.0336248977154838,0.0379943817083713,0,6.78097613307602e-06,0,0,1.13225769468855e-05,0,0,0,0,0,0,0,0,0,0,0,0,0.000468944115533035,0.000307653344336815,0.000224488039106135,7.45708747832444e-05,0.00967166075362972,0.00894844891506655,0.0117532134963961,0.0153262781733325,0.00166512495203409,0.00479726047748267,0.0173617634625988,0.00691675265209769,0.00217092041888274,0.000148348417561849,0.00132607518463814,0,0,0,0,0,3.50347785422964e-05,0.000360033605972337,0.000304344656478418,0,0,0,0,0.0025188140478865,0.000881386760647991,0,0,0,0,0,0,0.000189164409978564,0.000296713923378601,0.0015741336022406,0.00278121868417099,2.30787296874061e-05,0,0,0,0.00617112827348078,0.00735309766003221,0.0040192094995291,0.00337737819923789,0.00745847730352168,0.000133473773524678,0.0156763106926095,0.00755252002093651,0.00482723549657751
0,0,0,0,0,0.00341271801868665,0,0,0,5.62534247956843e-05,0,0.0174506768119209,0,0,0,0,0,0,6.78097613307602e-06,0,0,0,0,0,0,0,0,0,0,0,0,0,0,0,0,0.0028973122450448,0,0.00379450680312854,0,0,0,0,0,0,0,0.000145671306935656,0,0,0,0,0,0.00134670420463033,0,0,0,0,0,0.00150363663812305,0,0,0,0,0.0178279652020715,0,0,0,0,0,0,0,0,0,0.000312458106082737,0,0,0,0,0,0.00187740004365599,0,0.00034841223085504,0,0.000159035304034808,0,0.00056004927659148,0,0
0,0,0,0,0.00485481637129931,0,0,0,0,0,0.0264783030114585,0,0,0,0,0,0,0,0,0,0,0,0,0,0,0,0,0,0,0,0,0,0,0,0,0,0.00565471336902045,0,0.00253762909996403,0,0,0,0,0,0,0,0,0,0,0,0.00323272556858106,0,0,0,0,0,0.00145086759574985,0,0,0,0,0,0,0.0168466901699837,0,0,0,0,0,0,0,0,0,0,0,0,0,0,0,0.00216211064055776,0,0.00141172685554918,5.58435705371727e-05,0,0.000177096870548975,0,0
0,0,0,0,0,0,0,0,0,0,0,0,0,0,0,0,0,0.000920203430409229,0,0,0,0,0.000571967618898577,0.00143595654478773,0,0.000167435835988634,0,0.00122233163032922,0,0,0,0,0,0,0,0,0,0.00483879977813801,0,0,0,0,0,0,0,0,0,0,0,0.00304001127021744,0,0,0,0,0,0,0,1.08075181090549e-05,0,0,0,0,0,0,0.0654562512159877,3.89097569212645e-05,0.00271588221914956,0,0.0023213708949845,0,0.00108646043883798,0,0,0,0,0,0,0,0,0,0.00132737294476272,0,0.000479173806021358,4.42224472863018e-06,0.000284202403521687,0,0
0,0,0,0,0,0,0,0,0,0,0,0,0,0,0,0,0.00141973899403257,2.67569280315047e-05,1.13225769468855e-05,0,0,0.000571967618898577,0,0,0.00086231027109992,0,0,0,0.00180623281211742,0,0,0,0,0,0,0,0,0,0.00187306055875257,0,0,0,0,0,0,0,0,0,0.00063488782901799,0,0,0,0,0,0,0,0,0,4.82415518082577e-06,0,0,0,0,0,0.000793870462208903,0.0582418831956937,0,0.000159657459353989,0,1.51600176452379e-05,0,0.000533659780075884,0,5.31752872213217e-06,0,0,0,0,0,0,0,0.00467390881914211,0.000871885213269287,0.000229460788647074,0,0,0
0,0,0,0,0,0,0,0,0,0.000784016081358533,0,0,0,0,0,0.000132246172681455,0,0.000422939652275764,0,0,0,0.00143595654478773,0,0,0,0.0122404244974753,0,0,0,0,0,0,0,0,0,0,0,0.00285705223490125,0,0,0,0,0,0,0,0,0,0,0,0.000575624469100669,0,0,0,0,0,0.0100817977981493,0,0,0,0.000168235162524007,0,0.00347796337607844,0,0,0.000740857643718484,0,0.0601857821319983,0,0.0317032413661582,0,0.000686270488824514,0,0,0,0,0,0,0,0,0,0.00105661628758777,0,0.000166419952478341,0,0.000214879998668906,0,0
0,0,0,0,0,0,0,0,0.00857055614237559,0,0,0,0,0,0,0,0,0,0,0,0,0,0.00086231027109992,0,0,0,0.00694916156666149,0,0,0,0,0,0,0,0,0,0,0,0.000801374395527803,0,0,0,0,0,0,0,0,0,2.29179282872991e-05,0,0,0,0,0,0.00182067084511312,0,0,0,0,0,0,0,0,0,0,0.00184940512821519,0,0.0599351557528681,0,0.000635583103522536,0,0,0,0,0,0,0,0,0,0,0,0.000476585541829084,0.000214815428255633,1.60787015900288e-05,0.000108361073007033,0,0
0,0,0,0,0,0,0,0,0,0,0,0,0,0,0,0,0,0.000499152120057865,0,0,0,0.000167435835988634,0,0.0122404244974753,0,0,0,0.0026587270254543,0,0,0,0,0,0,0,0,0,0,0,0,0,0,0,0,0,0,0,0,0,0,0,0,0,0,0,0.00448673892092193,0,0,0,6.13869198315973e-05,0,0,0,0,2.30342666707836e-05,0,0.000914189280006843,0,0.0446455402625983,0,0.00650261602193902,0,0,0,0,0,0,0,0,0,0,0,8.90375209998553e-05,0,0,0,0
0,0,0,0,0,0,0,0,0.000324447079037782,0,0,0,0,0,0,0,0.00791464885649334,0,0,0,0,0,0,0,0.00694916156666149,0,0,0,3.94399539800361e-05,0,0,0,0,0,0,0,0,0,0,0,0,0,0,0,0,0,0,0,0,0,0,0,0,0,0.000255615409804382,0,0,0,0,0,0,0,0,0,0,0.000994905377645536,0,0.0116697134356206,0,0.0254501865039553,0,0.000102096726961918,0,0,0,0,0,0,0,0,0,0,6.78480639783988e-05,0,0,0,0
0,0,0,0,0,0,0,0,0,0,0,5.13703765974011e-05,0,0,0,0,0,0,0,0,0,0.00122233163032922,0,0,0,0.0026587270254543,0,0,0,0.00162730955383291,0,0,0,0,0,0,0,2.25882999657634e-06,0,0,0,0,0,0,0,0,0,0,0,0,0,0,0,0,0,0,0,0,0,0.000294701075387809,0,0,0,0,0.000905564849253812,0,0,0,0.00283516743404238,0,0.0437372577901052,0,2.10369956482842e-05,0,0,0,0,0,0,0,8.23171499783452e-06,0,8.84918991427235e-05,0,0,0,0
0,0,0,0,0,0,0,0,0,0,0,0,0,0,0,0,0.000105319307184006,0,0,0,0,0,0.00180623281211742,0,0,0,3.94399539800361e-05,0,0,0,0,0,0,0,0,0,0,0,0.000224348504130417,0,0,0,0,0,0,0,0,0,0,0,0,0,0,0,0,0,0,0,0.000276887344202559,0,0,0,0,0,0,0.000113949126440698,0,0,0,0.000189806582235884,0,0.0206609349900767,0,0.000309814668794816,0,0,0,0,0,0,0,4.25522392100196e-05,1.28418786900429e-05,0,0,0,0
0,0,0,0,0,0,0,0,0,0,0,0.00588570824812754,0,0,0,0,0,0,0,0,0,0,0,0,0,0,0,0.00162730955383291,0,0,0,0,0,0,0,0,0,0.00111551513511028,0,0,0,0,0,0,0,0,0,0,0,0,0,0,0,0,0,0,0,0.00704468022354932,0,0,0,0,0,0,0,0,0,0,0,0,0.00782234172167462,0,0.057041730489144,0,0,0,0,0,0,0,0.000115577302742785,0,2.65005035455103e-05,0,1.3675402672453e-05,0,0
0,0,0,0,0,0,0,0,0,0,0.00347376597794325,0,0,0,0,0,0,0,0,0,0,0,0,0,0,0,0,0,0,0,0,0,0,0,0,0,0,0,0.0032858615010909,0,0,0,0,0,0,0,0,0,0,0,0,0,0,0,0,0,0.000562173330133448,0,0,0,0,0,0,0,0,0,0,0,0,0,0,0.000580084866246323,0,0.0170499715421271,0,0,0,0,0,0,0,0.00138332664343705,8.17870141175327e-06,0,0,0,0
0,0,0,0,0,0,0,0,0,0,0,0,0,0,0,0,0,0,0,0,0,0,0,0,0,0,0,0,0,0,0,0,0.000732234464730204,0.00438367246365859,0,0.00700009142227829,0,0,0,1.5878040332753e-05,0,5.95564880233037e-05,0,0,0,0,0,0.0313618149256903,0,0,0,0,0,0,0,0,0,0,0,0,0,0,0,0,0,0,0,0,0,0,0,0,1.2720256940717e-05,0,0.0533598790630283,0,0.00195221096958856,0,0.00293967142775343,2.85449385128799e-06,0,0,0.000484765548168758,0,1.48577881707627e-05,0,0
0,0,0,0,0,0,0,0,0,0,0,0,0,0,0,0,0,0,0,0,0,0,0,0,0,0,0,0,0,0,0,0.000732234464730204,0,0,0.00525692421201147,2.74815336555627e-05,0.00323555724996509,0,0,0,0,0,0,0,0,0,0,0.0207219804643696,0,0,0,0,0,0,0,0,0,0,0,0,0,0,0,0,0,0,0,0,0,0,0,0,0,0,0.000167674473398594,0.156849478320548,0,0.00359963441159028,0,0.00418853005898818,0,0,0.000184420755826471,0,0,0,0
0,0,0,0,0,0,0,0,0,0,0,0,0,0,0,0,0,0,0,0,0,0,0,0,0,0,0,0,0,0,0,0.00438367246365859,0,0,0.0148919647036734,0.00305059728282304,0,0.000502782483521084,0,0,0,0,0,0,0,0,0,0.0126456601769727,0,0,0,0,0,0,0,0,0,0,0,0,0,0,0,0,0,0,0,0,0,0,0,0,0,0,0.0122400211828373,0,0.193434360322169,0.00219449705125355,0.0029854662576762,0,0.00446557011007819,0,0.000137831734639335,0,0,0,0
0,0,0,0,0,0,0,0,0,0,0,0,0,0,0,0,0,0,0,0,0,0,0,0,0,0,0,0,0,0,0,0,0.00525692421201147,0.0148919647036734,0,0,0.000702881219410683,4.68238406449379e-05,0.000977445952563853,0,0,0,0,0,0,0,0,0.0774039853549448,0,0.000116720104683153,0,0,0,0,0,0,0,0,0,0,0,0,0,0,0,0,0,0,0,0,0,0,0,0,0,0.00986069981272051,0.0438975370225844,0.130264290842244,3.32888583765715e-05,0.00157818447284353,4.46287921122979e-05,0.00591491026854295,0.000234969104695337,0,2.48055472381952e-05,0,0
0,8.38898382292313e-06,0,1.14821915784395e-05,0,2.60049023771003e-05,0,0,0,0,0,2.88004067725261e-05,0,0,0,0,1.01824272226684e-05,2.14672917366697e-05,0.000468944115533035,0.0028973122450448,0,0,0,0,0,0,0,0,0,0,0,0.00700009142227829,2.74815336555627e-05,0.00305059728282304,0,0,0.000431332966472784,0.00673388710141282,0,0.000109921871523538,0,0.000358373004214316,2.11184006605872e-06,1.65515805401902e-05,0,0.000317199087484268,1.18398563530832e-06,0.00237658391409254,0,7.43896778034101e-05,0,1.64395574486629e-05,0,0,0,0,0,6.04337568886715e-05,0,0,0,0,0.0033003635039441,1.71174374009995e-06,0,0,0,0,0,0,1.2105850123279e-06,0,8.68364297577011e-06,0,0.00411203946472639,0,7.53715257554337e-05,0,0.0893983974071832,0.000482966570142526,0.00426172241924107,0,0.00351992070867802,0.000145733775609988,0.00138939799902043,0.000353742510216149,3.91492189086748e-06
6.13549349445493e-06,0,0,0,0,0,0,0,0,0,0,0,0,0,0,0,1.47468120993179e-05,9.56738550978453e-07,0.000307653344336815,0,0.00565471336902045,0,0,0,0,0,0,0,0,0,0,0,0.00323555724996509,0,0.000702881219410683,0.000431332966472784,0,0,0.00664359728334816,7.94809835048642e-06,7.91516451403785e-05,8.09360923827943e-06,0.000316395986578723,0,1.34811673363662e-05,1.75105429388691e-06,0.000726658531614967,0.00157015740332595,8.51204975419663e-06,0,0,0,0,0,2.16295905038489e-06,0,4.70248371574296e-05,0,3.82805431083046e-06,0,0,0,0,0.00237802449508854,0,1.38525839041871e-06,0,0,0,0,0,6.78746525037272e-06,0,2.37379315321522e-05,0,0.00125491144531102,0,0.00140570971861688,0.000988890187611326,0.0896287294416298,7.17677852350111e-06,0.00409322953419057,0.00209039086773075,0.00215686739512789,0.00106293709413915,0,5.66714068309128e-05
0,0,0,0,0,0,0,0,0,5.4466303253196e-05,0,0.00527033008154284,0,0,0,0,1.48761023230761e-06,5.79293986556194e-06,0.000224488039106135,0.00379450680312854,0,0.00483879977813801,0,0.00285705223490125,0,0,0,2.25882999657634e-06,0,0.00111551513511028,0,0,0,0.000502782483521084,4.68238406449379e-05,0.00673388710141282,0,0,5.68939867662266e-06,3.34919603418195e-05,0,0.000167881334101533,0,0,0,0.000254719501415382,0,0.00534324410069973,0,0.00143284282723557,0,0,0,0,0,6.51496333650096e-06,0,0.00597474398995065,0,0,0,0,0.00511070421865973,0,0.0049726913004602,0,0.00248348559785241,0,0,0,0.000424369347374123,0,0.00208869769395039,0,0,0,0.000917175059682373,0,0.00483167246102861,0,0.0657795994292756,4.41321932241651e-05,0.00134779399175252,0.000211692388709403,0.000764309663524747,7.93192636410876e-05,0
0,0,6.03734078574248e-06,0,0,0,0,0,0.00134878797213134,0,0.00287210041446474,0,0,0,0,0,0,0,7.45708747832444e-05,0,0.00253762909996403,0,0.00187306055875257,0,0.000801374395527803,0,0,0,0.000224348504130417,0,0.0032858615010909,0,0,0,0.000977445952563853,0,0.00664359728334816,5.68939867662266e-06,0,0,1.534389031827e-05,1.70118139249661e-06,8.11915164867077e-05,0,3.06021511087655e-06,0,0.000253931413880721,0.000940989907796684,0.00244315328840143,0,0,0,0,0,5.74700796468556e-05,0,0.000741288026322242,0,0,0,0,0,0,0.00105613212553003,0,0.00235618303401919,0,0.00299879221451544,0,0,0,0.000898730526152917,0,0.000780384853920125,0,0,0,0.00481206596034586,0,0.00643667133035881,0,0.0717921117446327,0.00176799385934554,0.000106686655325977,0.00278336777548524,0,3.27615017622945e-05
0,1.23191183731748e-05,0,0.00351373371468993,0,0,0,0,0,0.000136348871677145,0,0,0,0,0,0,0.000124443000169258,0.000334450801293336,0.00967166075362972,0,0,0,0,0,0,0,0,0,0,0,0,1.5878040332753e-05,0,0,0,0.000109921871523538,7.94809835048642e-06,3.34919603418195e-05,0,0,0.000157158687291155,0.0301756943768173,0.000209318244949957,0.000778881707378824,0.000348283116853845,0.0166617955207984,9.11073082219783e-05,0.000518921425092201,0,0.0186537576869666,0,2.10292136102299e-05,0,0,0,0,0,0.000295982885306018,0,5.72537197939133e-05,0,1.5659524638815e-05,0.00967132734924164,0,1.29460100917149e-05,0,0,0,0,0,0.000210438747749518,0,0.00319615056851044,6.79390420571671e-05,0,0,0,0,0.00308375651641399,4.73882697150235e-05,0.00110836041809544,4.51809236183353e-05,0.00042299375285635,1.64531862588841e-05,0.0135956443903448,0.00870147624558188,2.08018316564629e-05
0.000139988788336555,0,2.34768292026346e-05,0,0.000243040575670085,0,0,0,8.1795905957392e-05,0,0,0,0,0,0,0,0.000201307922858042,0.000134144969618137,0.00894844891506655,0,0,0,0,0,0,0,0,0,0,0,0,0,0,0,0,0,7.91516451403785e-05,0,1.534389031827e-05,0.000157158687291155,0,0.000287726228683578,0.0445999579559173,0,0.0028817461225933,9.28790029164042e-05,0.0180818884955748,0.000614821995564548,0.00520281891543538,1.92340013733557e-05,2.22066417607126e-05,0,0,0,0.0001396891534462,0,0.00149691283943281,0,4.60832107604982e-05,0,2.09217543950917e-05,0,4.93218093742583e-05,0.00575234680413682,0,1.18904556229424e-05,0,0,0,2.75143626266927e-05,3.20333023273488e-05,0.000375089067659113,7.13000964272861e-05,0.00222328556455059,0,0,0,1.81250801677764e-05,3.50897427612632e-05,0.00620781222153883,1.9887192048316e-05,0.0012931954766724,0.000254307721255554,0,0.0331346452300711,0.000197304854462388,0.014742333721703
0,0.000750397539238944,0,0.00312984097103578,0,0,0,0,0,8.48428760940046e-05,0,0,0,0,0,0,0.000143613384326947,0.000378291947427755,0.0117532134963961,0,0,0,0,0,0,0,0,0,0,0,0,5.95564880233037e-05,0,0,0,0.000358373004214316,8.09360923827943e-06,0.000167881334101533,1.70118139249661e-06,0.0301756943768173,0.000287726228683578,0,0.0134488987218607,0.000935081722366353,0.000331483421062439,0.010788828238704,5.74395670119086e-05,0.0052873000653533,0,0.0119305194303467,0,0,0,0,0,0,0,0.00803056298316689,0,0.00034161583658316,0,0,0.0140082956416322,0,1.99165340039586e-05,0,2.34716769052751e-05,0,7.48538598068882e-05,0,0.0037159531376595,0,0.0198615695156517,2.20295084521207e-05,9.48324158442631e-05,0,0,0,0.0127955915582335,0.000106519617753803,0.00569945097411889,3.54297287123241e-05,0.00286763936233184,5.0261417823251e-06,0.0417943456873871,0.0340944851823459,2.99661877422474e-05
0.000152816405761787,0,0.000934348849234557,0,0.000226165943927798,0,0,0,0.000165963521394722,0,0,0,0,0,0,0,0.000402349044187555,0.000203652511377499,0.0153262781733325,0,0,0,0,0,0,0,0,0,0,0,0,0,0,0,0,2.11184006605872e-06,0.000316395986578723,0,8.11915164867077e-05,0.000209318244949957,0.0445999579559173,0.0134488987218607,0,1.36058945199589e-05,0.00733507866115161,0.00079586512336909,0.00328036625393275,0.000313228836801923,0.00990185601030624,6.23748748846851e-06,7.26363445504039e-05,0,0,0,0.000103506538371238,0,0.00906626765061296,0,0.000672140811603515,0,0.000110368180555973,0,5.44383483353525e-05,0.00187251359256548,0,4.19120002913457e-05,0,0,0,0.000212334591818808,0,0.00398673429018182,9.82830444980692e-06,0.029985311454561,0,1.22523445913686e-05,0,4.94374904276272e-05,7.50444116423128e-05,0.0128854265858679,7.20970256364874e-05,0.0050148948604879,0.00264559052766495,6.3423962975528e-05,0.0704541288180445,2.89810782818739e-05,0.0262875524501366
0,0,0,0.000278002631318381,0,0,0,0,0,0,0,0,0,0,0,0,0,4.41404410013891e-06,0.00166512495203409,0,0,0,0,0,0,0,0,0,0,0,0,0,0,0,0,1.65515805401902e-05,0,0,0,0.000778881707378824,0,0.000935081722366353,1.36058945199589e-05,0,0.000324258334671334,0.000343512466322375,0,0.000303436180940605,0,0.000220210301861646,0,0,0,0,0,0,0,0,0,0,0,0,0.000222007081013666,0,0,0,0,0,0,0,0,0,0,0,0,0,0,0,0.000364856832730802,0,0.000104798621607432,0,2.12592356508148e-05,0,0.000667184789182646,0.00121472342699948,0
0,0,0,0,0,0,0,0,0,0,0,0,0,0,0,0,4.89224145466454e-05,8.67806162833601e-05,0.00479726047748267,0,0,0,0,0,0,0,0,0,0,0,0,0,0,0,0,0,1.34811673363662e-05,0,3.06021511087655e-06,0.000348283116853845,0.0028817461225933,0.000331483421062439,0.00733507866115161,0.000324258334671334,0,0.000483069603144128,0.000862763855577261,0,0,0,0,0,0,0,8.48992533534973e-05,0,0,0,5.22999452021813e-05,0,0,0,0.000296275663271885,2.52861404474807e-05,0,0,0,0,0,0,0,0.00010318972937506,0,0.00062491258810104,0,0,0,6.79316814783154e-05,9.28080097578836e-06,0.000621262124107938,1.33327437760237e-05,0.000291406819339895,0.000127183105891863,0,0.00500266229994248,0,0.00348658330677929
0,0.000538076371891348,0,0.000934456656666787,0,0,0,0,0,9.29787999055919e-05,0,3.31758649724681e-05,0,0,0,0,0.000204500620793202,0.000546688892702817,0.0173617634625988,0.000145671306935656,0,0,0,0,0,0,0,0,0,0,0,0,0,0,0,0.000317199087484268,1.75105429388691e-06,0.000254719501415382,0,0.0166617955207984,9.28790029164042e-05,0.010788828238704,0.00079586512336909,0.000343512466322375,0.000483069603144128,0,0.000164903975486392,0.00174836639827383,0,0.00187050616536482,0,0,0,0,0,0,0,0.00124146911452456,0,6.09604002123243e-05,0,0,0.0584068512857158,4.64790084751597e-05,9.98242265145484e-06,0,0,0,4.23429422746577e-05,0,0.00064947226647609,0,0.00578439685658657,0,0,0,2.0861902140395e-05,0,0.0109638581958173,6.79280341864565e-05,0.00478904272356813,1.84401095703174e-05,0.000872141539314811,4.29272788470477e-05,0.0235294809512455,0.00229423515938687,4.96575547180478e-05
0,0,0.000171181877928248,0,0.000140278953788627,0,0,0,2.42456052341133e-05,0,0,0,0,0,0,0,0.000183371707209498,0.000115992884384646,0.00691675265209769,0,0,0,0,0,0,0,0,0,0,0,0,0,0,0,0,1.18398563530832e-06,0.000726658531614967,0,0.000253931413880721,9.11073082219783e-05,0.0180818884955748,5.74395670119086e-05,0.00328036625393275,0,0.000862763855577261,0.000164903975486392,0,0.000143828721771955,0.000579551836296711,0,0,0,0,0,0,0,0.00180744316667994,0,4.80441324043363e-05,0,0,0,0.00013995406136541,0.00717997038637588,0,9.81695168326057e-06,0,0,0,3.65600346051872e-05,0,0.000855099984451747,3.04518450343089e-05,0.00294178068380352,0,0,0,6.63057644751273e-05,5.62404478799221e-05,0.01486509410232,1.22676618011984e-05,0.00630884095098783,0.000351659990326207,2.35014022983895e-06,0.00920551656030408,0,0.000607429105761942
0,2.38200801427514e-05,0,6.37605025662277e-05,0,0,0,0,3.15680465220369e-05,0,0,0,0,0,0,0,1.99123363082469e-05,7.34046049378319e-05,0.00217092041888274,0,0,0,0,0,0,0,0,0,0,0,0,0.0313618149256903,0.0207219804643696,0.0126456601769727,0.0774039853549448,0.00237658391409254,0.00157015740332595,0.00534324410069973,0.000940989907796684,0.000518921425092201,0.000614821995564548,0.0052873000653533,0.000313228836801923,0.000303436180940605,0,0.00174836639827383,0.000143828721771955,0,0.0208867979197227,0.0526561394665218,0,0,0,0,0,0,2.64129039407055e-05,5.12377833800841e-05,0,0,0,0,0.000283099377686055,8.28280836774988e-05,0,0,0,0,0,0,0,0,2.25644593497315e-05,2.53192015858845e-05,0.0877413915976035,0.142768364251043,0.0146039854797841,0.0484008187475911,0.0326644767482204,0.0141596985538105,0.00339776257306793,0,0.00127630953746741,2.83664427416344e-06,0.0205457082678433,0.00161583042988442,0
0.00396046460750855,0,0.00308617125802318,0,0.000276100934114211,0,0,0,0.00145326207395296,0,0,0,0,0,0,0,1.89841796011669e-06,0,0.000148348417561849,0,0,0,0.00063488782901799,0,2.29179282872991e-05,0,0,0,0,0,0,0,0,0,0,0,8.51204975419663e-06,0,0.00244315328840143,0,0.00520281891543538,0,0.00990185601030624,0,0,0,0.000579551836296711,0.0208867979197227,0,0.000577707186086725,3.54412688927867e-05,0,0,0,0.00467932347378079,0,0.0048949790327166,0,0.000125744745480213,0,0.00283419777496269,0,0,0.00112760065136677,0,0.00967295154770981,0,0.000718105026014736,0,0.00153284080313662,0,0.00964491612342506,0,0.0115237869808176,0,0,0,0.000684748334539841,1.91611145222688e-05,0.00210515298213177,0,0.00211631278662579,0.000509555265054878,9.26877485843364e-07,0.0151045675490597,0,0.000498002520388377
0,0.00699985593878831,0,0.00998615861400603,0,3.69814343055093e-05,0,0,0,0.000362913001850201,0,0,0,0,0,0,1.19627738342952e-05,3.12717942703439e-05,0.00132607518463814,0,0,0.00304001127021744,0,0.000575624469100669,0,0,0,0,0,0,0,0,0,0,0.000116720104683153,7.43896778034101e-05,0,0.00143284282723557,0,0.0186537576869666,1.92340013733557e-05,0.0119305194303467,6.23748748846851e-06,0.000220210301861646,0,0.00187050616536482,0,0.0526561394665218,0.000577707186086725,0,0,5.35294773520165e-05,0,0,0,0.00186649138369615,0,0.00652855727212953,0,0.00517999929156439,0,0.00689185194308443,0.00118211485547079,0,0.00970843601696187,0,0.00599248106804131,0,0.00106452447966123,0,0.00496891541040635,0,0.00954550249038795,0,0.000155899210483184,0,0,0,0.00543793642779952,0,0.00881132669426445,0,0.00132091544349602,1.01280220848798e-06,0.0221998844544938,0.00135795910413562,0
0,0,0.00212199393792529,0,0.0477278910744061,0,0,0,0.00221111990728377,0,0,0,0,0,0.000329721017180953,0,0,0,0,0,0.00323272556858106,0,0,0,0,0,0,0,0,0,0,0,0,0,0,0,0,0,0,0,2.22066417607126e-05,0,7.26363445504039e-05,0,0,0,0,0,3.54412688927867e-05,0,0,0,0.00438739452100884,0,0.00447420070079931,0,0.00214920035354638,0,0.00225257582551008,0,0.0021484407353663,0,0,0.00379267033202017,0,0,0,0,0,0,0,0,0,0,0,0,0,0,0,0,0,0,3.34017992449623e-05,0,0.00615219302637362,0,0
0,0,0,0.00669041359231715,0,0.0336962843211886,0,0,0,0.00225768754797684,0,0,0,0.000160145814274657,0,0.0117296953480091,0,0,0,0.00134670420463033,0,0,0,0,0,0,0,0,0,0,0,0,0,0,0,1.64395574486629e-05,0,0,0,2.10292136102299e-05,0,0,0,0,0,0,0,0,0,5.35294773520165e-05,0,0,0,0.00136404514546948,0,0.00875943163466992,0,0.000289266540868877,0,0.00609093353710736,0,0.00784014807713153,0.00116332208872431,0,0,0,0,0,0,0,0,0,0,0,0,0,0,0,8.85510444697518e-05,0,0,0,0.000267735868666756,0,0.000761353686223661,0,0
0,0,0,0,0,0,0.0425183548559288,0,0,0,0.00312399059528076,0,8.55999521824653e-05,0,0,0,0,0,0,0,0,0,0,0,0,0,0,0,0,0,0,0,0,0,0,0,0,0,0,0,0,0,0,0,0,0,0,0,0,0,0.00438739452100884,0,0,0,0,0,0.0182480568368041,0,0.000685866088422298,0,0,0,0,0,0,0,0,0,0,0,0,0,0,0,0,0,0,0,0,0,0,0,0,0,0,0,0
0,0,0,0,0,0.00677283005139383,0,0.0246349917881204,0,0,0,0,0,0.000622919569454053,0,0,0,0,0,0,0,0,0,0,0,0,0,0,0,0,0,0,0,0,0,0,0,0,0,0,0,0,0,0,0,0,0,0,0,0,0,0.00136404514546948,0,0,0,0,0,0,0,0.0051412358098179,0,0,0,0,0,0,0,0,0,0,0,0,0,0,0,0,0,0,0,0,0,0,2.40091531350374e-05,0,0,0,0
0.0349241059258823,0,0.0300297158555561,0,0.00399577115219838,0,0,0,0.0772865606745856,0,0,0,0,0,0.00107564222717337,0,0,0,0,0,0,0,0,0,0.00182067084511312,0,0.000255615409804382,0,0,0,0,0,0,0,0,0,2.16295905038489e-06,0,5.74700796468556e-05,0,0.0001396891534462,0,0.000103506538371238,0,8.48992533534973e-05,0,0,0,0.00467932347378079,0,0.00447420070079931,0,0,0,0,0,0,0,0,0,0.0290069520081024,0,0,2.0061070661493e-05,0,0,0,0.0420395143396179,0,0.00183966557391926,0,0,0,0,0,0,0,0,0,7.65031860257151e-06,0,0,0.000203051418754783,0,0.00253239258106285,0,0
0,0.0318797704190238,0,0.043293943375402,0,0.0032213955358767,0,0,0,0.0342150081178545,0,0,0,0,0,0.00187673668432776,0,0,3.50347785422964e-05,0,0,0,0,0.0100817977981493,0,0.00448673892092193,0,0,0,0,0,0,0,0,0,0,0,6.51496333650096e-06,0,0,0,0,0,0,0,0,0,0,0,0.00186649138369615,0,0.00875943163466992,0,0,0,0,0,2.37471934492858e-05,0,4.21526656823215e-05,0,0.0745809757851723,0,0,0,0,0.0516627375077581,0,0.00296370888296802,0,0,0,2.87861197275086e-05,0,0,0,0,0,0,0,0.000195174944808659,0,0.000119397603928211,0,0.000555950130879819,0,0
0,0,0.000467459831264691,0,0,0,0.00315906614983195,0,0,0,0.0402816660370226,0,0.00611909348009467,0,0,0,0,3.58209879012432e-06,0.000360033605972337,0,0.00145086759574985,0,0,0,0,0,0,0,0,0,0.000562173330133448,0,0,0,0,0,4.70248371574296e-05,0,0.000741288026322242,0,0.00149691283943281,0,0.00906626765061296,0,0,0,0.00180744316667994,2.64129039407055e-05,0.0048949790327166,0,0.00214920035354638,0,0.0182480568368041,0,0,0,0,0,0.0188260045821982,0,0.00324375937211402,0,0,0.0258138439292811,0,0.000581166376234299,0,0,0,0.00513771150241111,0,0.0152440488972715,0,0.0248176423879043,0,0,0,1.37480155247064e-05,0,0.00021225129552732,0,0.00100425775758567,0.00011331347615913,0,0.0209692576842311,0,0.00160913230929299
0,0,0,0.00356198667615569,0,0.00015897208587403,0,0,0,0.000113691877163532,0,0.0830545354185554,0,4.35562212494976e-05,0,0,0,3.35389577472782e-06,0.000304344656478418,0.00150363663812305,0,1.08075181090549e-05,0,0,0,0,0,0,0,0.00704468022354932,0,0,0,0,0,6.04337568886715e-05,0,0.00597474398995065,0,0.000295982885306018,0,0.00803056298316689,0,0,0,0.00124146911452456,0,5.12377833800841e-05,0,0.00652855727212953,0,0.000289266540868877,0,0,0,2.37471934492858e-05,0,0,0,0.0363536737755203,0,0.00370847360796094,0.0362098988164961,0,0.000747651776864639,0,0.000608569222742058,0,0.00179594683836137,0,0.0258422870206593,0,0.0469253977126271,0,0,0,0,0,7.33874422127486e-05,2.80258051469073e-06,0.00192639634061884,7.15677848111065e-06,0.00036322606852389,5.65950950630518e-06,0.0145202080607595,0.00198092734075259,0
0,0,9.62446477478542e-05,0,0.000429880606490511,0,0.00192135132607118,0,0,0,0.00455840532813603,0,0.0119455295640676,0,0.0016286333657599,0,0,0,0,0,0,0,4.82415518082577e-06,0,0,0,0,0,0.000276887344202559,0,0,0,0,0,0,0,3.82805431083046e-06,0,0,0,4.60832107604982e-05,0,0.000672140811603515,0,5.22999452021813e-05,0,4.80441324043363e-05,0,0.000125744745480213,0,0.00225257582551008,0,0.000685866088422298,0,0,0,0.0188260045821982,0,0,0,0.0166061701148967,0,0,0.000207325642367064,0,0.000158559170691759,0,9.41310423418773e-05,0,0.0162835989526766,0,0.00610154647532777,0,0.000240596816091029,0,0,0,0,0,9.74829569346746e-06,0,0,8.53663465566505e-05,1.05350484252882e-06,0.00238590459887829,0,6.92719352827116e-05
0,0,0,0.00481972828875286,0,0.000210672371863759,0,0.00177588895479078,0,0,0,0.00135583171324016,0,0.0240183263791927,0,0.00604096491579334,0,0,0,0,0,0,0,0.000168235162524007,0,6.13869198315973e-05,0,0.000294701075387809,0,0,0,0,0,0,0,0,0,0,0,5.72537197939133e-05,0,0.00034161583658316,0,0,0,6.09604002123243e-05,0,0,0,0.00517999929156439,0,0.00609093353710736,0,0.0051412358098179,0,4.21526656823215e-05,0,0.0363536737755203,0,0,0,0.00995267509427857,0.00354313384921646,0,0.000324046883815408,0,0.000919863047105347,0,0.004400129047812,0,0.0253105162954653,0,0.000332860605027409,0,0,0,0,0,7.18618409679472e-06,0,7.62833575913059e-05,0,0.00011020921909069,2.00256592890081e-05,0.00137997132416766,0.000103517657483225,0
0.00421553279722253,0,0,0,0,0,0,0,0.00139607802619486,0,0,0,0.000391853469561614,0,0.0180033499908077,0,0.00116657335940641,0,0,0,0,0,0,0,0,0,0,0,0,0,0,0,0,0,0,0,0,0,0,0,2.09217543950917e-05,0,0.000110368180555973,0,0,0,0,0,0.00283419777496269,0,0.0021484407353663,0,0,0,0.0290069520081024,0,0.00324375937211402,0,0.0166061701148967,0,0,0,0,0,0,6.27563511352386e-05,0,0,0,0.0167251853979948,0,0.000184527779992595,0,7.35259913495624e-05,0,0,0,0,0,1.536036783464e-06,0,0,2.84785104170948e-05,0,0.000129302063545794,0,9.37188580362076e-05
0,0.00312304031840154,0,0.00681769493032789,0,0.000547165669988468,0,0,0,0.00184756630907199,0,0,0,0.0010113890715248,0,0.021496731141962,0,0,0,0,0,0,0,0.00347796337607844,0,0,0,0,0,0,0,0,0,0,0,0,0,0,0,1.5659524638815e-05,0,0,0,0,0,0,0,0,0,0.00689185194308443,0,0.00784014807713153,0,0,0,0.0745809757851723,0,0.00370847360796094,0,0.00995267509427857,0,0,0.000165652843210032,0,9.60401076732732e-06,0,0.00961210854180021,0,0.0103407449658604,0,0.000223142828972417,0,0,0,0,0,0,0,0,0,0,0,0.00043059634141263,0,0.000128412364091833,0,0
0,0.000112293117966366,0,0.00111144440520966,0,0.000539927012843522,0,0,0,0,0,0.00946543514262911,0,0,0,0,1.13521992129131e-05,8.02728367505743e-05,0.0025188140478865,0.0178279652020715,0,0,0,0,0,0,0,0,0,0,0,0,0,0,0,0.0033003635039441,0,0.00511070421865973,0,0.00967132734924164,4.93218093742583e-05,0.0140082956416322,5.44383483353525e-05,0.000222007081013666,0.000296275663271885,0.0584068512857158,0.00013995406136541,0.000283099377686055,0,0.00118211485547079,0,0.00116332208872431,0,0,0,0,0,0.0362098988164961,0,0.00354313384921646,0,0.000165652843210032,0,0,0.000122944082271889,0,6.07134376966157e-05,0,0.000396920665665286,0,0.00867595515938354,0,0.0260472620157613,0,0,0,0,0,0.0216476039412248,1.05556581525737e-05,0.0138219692035972,1.5679239933288e-05,0.00053537600241774,1.29770349430226e-06,0.0121201759712135,0.00122569818322124,0
0,0,0,0,0.00154613195143521,0,0,0,1.47475006278795e-05,0,0.00369437875981752,0,0,0,0,0,1.68311900079401e-05,0,0.000881386760647991,0,0.0168466901699837,0,0,0,0,0,0,0,0,0,0,0,0,0,0,1.71174374009995e-06,0.00237802449508854,0,0.00105613212553003,0,0.00575234680413682,0,0.00187251359256548,0,2.52861404474807e-05,4.64790084751597e-05,0.00717997038637588,8.28280836774988e-05,0.00112760065136677,0,0.00379267033202017,0,0,0,2.0061070661493e-05,0,0.0258138439292811,0,0.000207325642367064,0,0,0,0,0,0,0.000163269641761668,0,0,0,0.000448403284644492,0,0.00670247541699006,0,0.0150424132748017,0,0,0,0.000104545775107465,0,0.0283500321598298,0,0.0110969753648677,7.60081122023512e-05,0,0.00941763201029778,0,0.000452572064795341
0,0,0,0,0,0,0,0,0,0,0,0,0,0,0,0,0,0.00116318604455861,0,0,0,0.0654562512159877,0.000793870462208903,0.000740857643718484,0,2.30342666707836e-05,0,0.000905564849253812,0,0,0,0,0,0,0,0,0,0.0049726913004602,0,1.29460100917149e-05,0,1.99165340039586e-05,0,0,0,9.98242265145484e-06,0,0,0,0.00970843601696187,0,0,0,0,0,0,0,0.000747651776864639,0,0.000324046883815408,0,9.60401076732732e-06,0.000122944082271889,0,0,0,0.0127993437210964,0,0.00508963223360943,0,0.012285452389093,0,3.508563048993e-05,0,0,0,0,0,0,0,0.00593907337666593,0,0.000434848676110556,0,0.000397219433547284,0,0
0,0,0,0,0,0,0,0,0,0,0,0,0,0,0,0,0.000306405490997183,0,0,0,0,3.89097569212645e-05,0.0582418831956937,0,0.00184940512821519,0,0.000994905377645536,0,0.000113949126440698,0,0,0,0,0,0,0,1.38525839041871e-06,0,0.00235618303401919,0,1.18904556229424e-05,0,4.19120002913457e-05,0,0,0,9.81695168326057e-06,0,0.00967295154770981,0,0,0,0,0,0,0,0.000581166376234299,0,0.000158559170691759,0,6.27563511352386e-05,0,0,0.000163269641761668,0,0,0,0.00189815863299265,0,0.00726910131960091,0,0.0101825344462278,0,0.000180824757512546,0,0,0,0,0,3.4122846819099e-06,0,0.010566887001071,0.000733855045974835,0.000346070468288281,5.45699789242582e-05,0,3.78292045274255e-05
0,0.00275178676243059,0,0,0,0,0,0,0,0.00435054129366403,0,0,0,0,0,0.000377928508408804,0,0,0,0,0,0.00271588221914956,0,0.0601857821319983,0,0.000914189280006843,0,0,0,0,0,0,0,0,0,0,0,0.00248348559785241,0,0,0,2.34716769052751e-05,0,0,0,0,0,0,0,0.00599248106804131,0,0,0,0,0,0.0516627375077581,0,0.000608569222742058,0,0.000919863047105347,0,0.00961210854180021,6.07134376966157e-05,0,0.0127993437210964,0,0,0,0.0694581725927039,0,0.00356978328279267,0,0,0,0,0,0,0,0,0,0.0102383240506304,0,9.23873695785051e-05,0,0.00951060949796032,0,0
0,0,0,0,0,0,0,0,0.00554747205421739,0,0,0,0,0,0,0,0,0,0,0,0,0,0.000159657459353989,0,0.0599351557528681,0,0.0116697134356206,0,0,0,0,0,0,0,0,0,0,0,0.00299879221451544,0,0,0,0,0,0,0,0,0,0.000718105026014736,0,0,0,0,0,0.0420395143396179,0,0,0,9.41310423418773e-05,0,0,0,0,0,0,0.00189815863299265,0,0,0,0.0174343454650464,0,0,0,0,0,0,0,0,0,0,0,0.00206714336927828,0.000162187679980915,0,0.000223425412836847,0,0
0,9.02906292182069e-05,0,0,0,0,0,0,0,0,0,0,0,0,0,0,0,0.000591249615007503,0,0,0,0.0023213708949845,0,0.0317032413661582,0,0.0446455402625983,0,0.00283516743404238,0,0,0,0,0,0,0,0,0,0,0,0,0,7.48538598068882e-05,0,0,0,4.23429422746577e-05,0,0,0,0.00106452447966123,0,0,0,0,0,0.00296370888296802,0,0.00179594683836137,0,0.004400129047812,0,0.0103407449658604,0.000396920665665286,0,0.00508963223360943,0,0.0694581725927039,0,0,0,0.0270096135097976,0,0,0,0,0,0,0,0,0,0,0,3.57253551370956e-05,0,8.82792712212934e-05,0,0
