0,0,0.0223307207191452,0,0,0,0,0,0.03509691409868,0,0,0,0,0,0,0,0.000287984126351168,3.29532867432393e-05,0.00888298846179374,0,9.91837965876145e-05,0,0,0,0,0,0,0,0,0,0,0,0,0,0,0,0.000172288356602079,0,0,0,0.00215625112026581,0,0.0109033006874327,0,0,0,0.000286448252091981,0,0.0173756618559934,0,0,0,0,0,0.0224609547949946,0,0.00065987093351774,0,6.25464872508661e-05,0,0.00216329070917176,0,0,0.000938646844894069,0,0,0,0,0,0,0,0,0,0,0,0,0,0,0,0.000927065863246179,0,0.000185739932324949,0.000921173232644158,0,0.012519500659113,0,0
0,0,0,0.0126220881210032,1.18725574554967e-05,0,0,0,0,0.0956490170157747,0,0,0,0,0,0.00123765727756559,6.39709411900789e-06,3.45094265472615e-05,0.00261739140971838,0,0,1.15864652126998e-05,0,0.00653084267950034,0,0,0,0,0,0,0,0,0,0,0,2.4360798673225e-05,0,0.000803847972836006,0,0.000607351168153339,0,0.01662025918202,0,0,0,0,0,0.000133098629571756,0,0.0325096522165062,0,0,0,0,0,0.0765330597499383,0,0.000878223200899675,0,0.000412066414854378,0,0.00835793684022079,0.000312619170839115,0,0,0,0.00840458443098307,0,0.0205138399812008,0,0.00186994457943933,0,0.000719575918067689,0,0,0,0,0,0.000148313178458699,0,0.000371723850981712,0,0.00190209413689905,6.79488586025559e-06,0.0237175059331535,0.000633301989846372,0
0.0223307207191452,0,0,0,0.0251078859815055,0,0,0,0.0240982410880258,0,0,0,0,0,0,0,0,0,0.000128968768809686,0,0.000210163908857863,0,0,0,0,0,0,0,0,0,0,0,0,0,0,2.05446943759747e-05,2.19256283080974e-05,0,0,0,0,8.43633581984471e-06,0.00548615567202904,0,0,0,0,2.63919344406969e-05,0.0226961525576159,0,0.0971563996567842,0,0,0,0.116986462342214,0,0.00507093615772062,0,0.00129432660464905,0,0.00235856993121579,0,0,0.000491252816378908,0,0,0,0,0,0,0,8.36682853396636e-05,0,0,0,0,0,0,0,8.13100567729982e-05,0,5.02095232408023e-05,0.0012839945333536,0,0.0193291434542582,0,0.00976411871495512
0,0.0126220881210032,0,0,0,0.00322612844334293,0,0,0,0.00666456073161969,0,0.000518031242013374,0,0,0,8.63353905307543e-05,2.55813554466498e-05,0,0.000124307556598426,0,0,0,0,0.00047622909209126,0,0,0,0,0,0,0,0,0,0,0,2.54668142901879e-06,0,4.56220700491522e-05,0,0.00235229987151117,0,0.00190718124268714,0,0,0,0,0,0.000101452398475301,0,0.0130801753416313,0,0.0277773384165442,0,0,0,0.018971686728254,0,0.00984269335659041,0,0.00375661625835191,0,0.028893483807811,0,0,0,0,0.000572748728112321,0,0.00100594336124373,0,0.000328430128214497,0,5.73805580252136e-05,0,0,0,0,0,5.21583819415865e-05,0,6.53447560710805e-05,0,0.000830925538103219,0.000250837176275237,0.0130722865240922,8.46076803439483e-05,0
0,1.18725574554967e-05,0.0251078859815055,0,0,0,0.00454907207815197,0,0.00626644674378634,0,0.000238528698933484,0,0,0,0.000223860983868618,0,0,0,0,0,0.00100390320656769,0,0,0,0,0,0,0,0,0,0,0,0,0,0,3.64957921901721e-06,1.33870818768805e-05,0,0,0,0,0,0.000286667553235989,0,0,0,0,0,0.000153522775449861,1.55093478748045e-05,0.115598427294998,0,0.00570542839553701,0,0.00299248086259194,0,0,8.68434860770923e-06,2.29634961409998e-05,0,0.00271489711239983,0,0,0,0,0,0,0,0,0,0,0,0,0,0,0,0,0,0,0,0,0,0.00406988888285279,0.000146827627344423,0.00170528103721882,0,0
0,0,0,0.00322612844334293,0,0,0,0,0,0.00832357268672078,0,0,0,0,0,0.00259326734930398,0,0,0,0,0,0,0,0,0,0,0,0,0,0,0,0,0,0,0,5.1571227895404e-05,0,0,0,0,0,0,0,0,0,0,0,0,0,0,0,0.0213636294452078,0,0,0,0.00117432685697838,0,0.000736730797694434,0,0.00204071499571302,0,0.00506638340912221,0,0,0,0,0,0,0,0,0,0,0,0,0,0,0,0,3.23833020062438e-05,0,0,0,0.00050151646555655,0,0.001224902362365,0,0
0,0,0,0,0.00454907207815197,0,0,0,0,0,0.000165602252980644,0,0.00955461980840369,0,0,0,0,0,0,0,0,0,0,0,0,0,0,0,0,0,0,0,0,0,0,0,0,0,0,0,0,0,0,0,0,0,0,0,0,0,0.0159458132035801,0,0.161389166581541,0,0,0,0.00511472045845482,0,5.21439274270567e-05,0,0,0,0,0,0,0,0,0,0,0,0,0,0,0,0,0,0,0,0,0,0,0,0.000874842886417944,0.000636670806363427,0,0,0
0,0,0,0,0,0,0,0,0,0,0,0,0,0.0139540036875022,0,0,0,0,0,0.000939029213289667,0,0,0,0,0,0,0,0,0,0,0,0,0,0,0,0,0,0,0,0,0,0,0,0,0,0,0,0,0,0,0,0.000440624557267,0,0.000662705522241382,0,0,0,0,0,0.0254176506257238,0,0,0,0,0,0,0,0,0,0,0,0,0,0,0,0,0,0,0,0,0,0,6.6443583661464e-05,0,0,0,0
0.03509691409868,0,0.0240982410880258,0,0.00626644674378634,0,0,0,0,0,0,0,0,0,0.0166870379737129,0,0.000250580037361944,4.73360014581982e-06,8.13349944757645e-05,0,0,0,0,0,0.00640158095566746,0,0.000497444383158685,0,0,0,0,0,0,0,0,0,0,0,0.000100147174195957,0,0,0,0.00077078691774464,0,0,0,0,0,0.00382156460639503,0,0.00030871172224553,0,0,0,0.0528326452768198,0,0.000384836771772967,0,0,0,0.0060309553509191,0,0,0,0,0,0,0.0202771265767003,0,0,0,0,0,0,0,0,0,0,0,0,0,0.000110404974689286,0.00407004689696096,2.02859876872655e-06,0.00116095441892116,0,0.00729961126654372
0,0.0956490170157747,0,0.00666456073161969,0,0.00832357268672078,0,0,0,0,0,0,0,0,0,0.0166371949678439,0,9.41934788882782e-05,0.00100423850435103,0,0,2.2438423430094e-05,0,0.0360607170436508,0,0.00421877062457814,0,0,0,0,0,0,0,0,0,0,0,0.000750471195595618,0,3.52014321360293e-05,2.40676158642689e-05,0.0146570525584066,0,0,0,0,0,0,0,0.017931219188636,0,0.00148214102507538,0,0,0,0.0752776265804717,0,0.000218643623979527,0,4.70560935560069e-05,0,0.0119962744653447,0.000192044143317167,0,0,0,0.0186397942913501,0,0.0115654225370565,0,0.00114216223813315,0,0,0,0,0,3.50573938459207e-05,0,2.22851133080326e-05,0,0.000399541541930445,0,0.0033300599247142,1.22488030790243e-05,0.00690144224528142,0,0
0,0,0,0,0.000238528698933484,0,0.000165602252980644,0,0,0,0,0,0.00145274724115068,0,0,0,0,0,0,0,0.0141364997877339,0,0,0,0,0,0,0,0,0,0.00245012614755184,0,0,0,0,0,0.00173403113878703,0,0.0040820563307716,0,0,0,0,0,0,0,0,0,0,0,0.00130270162978145,0,0,0,0,0,0.142659717871628,0,0.00104525457705656,0,0,0,0,0.0111536389232905,0,0,0,0,0,0,0,4.42371371296431e-05,0,0.00551113586942786,0,0,0,0,0,2.56732600345423e-05,0,0.000662990802994305,0.00135401195962839,1.76117859071331e-05,0.00013565902514176,0,0
0,0,0,0.000518031242013374,0,0,0,0,0,0,0,0,0,0.0458505835854829,0,0,0,0,0,0.0163731306383132,0,0,0,0,0,0,0,0.000770718565292647,0,0.00714036417088729,0,0,0,0,0,0.00134035424388789,0,0.00663698635097925,0,0,0,0,0,0,0,0,0,0,0,0,0,0,0,0,0,0,0,0.0972471803805869,0,0.0101525034334623,0,0,0.00099220232863007,0,0,0,0,0,0,0,0.000631523755018637,0,0.0390800559261924,0,0,0,0,0,2.71216723325585e-05,0,3.52206096715388e-05,0,0.000417866173395481,1.09679489004734e-05,0.00138168569685259,0,0
0,0,0,0,0,0,0.00955461980840369,0,0,0,0.00145274724115068,0,0,0,0.000988536344005157,0,0,0,0,0,0,0,0,0,0,0,0,0,0.0022127495075011,0,0,0,0,0,0,0,0,0,0,0,0,0,0,0,0,0,0,0,0,0,0.000456220846325132,0,0.000212072786774649,0,0,0,0,0,0.00838000873982686,0,6.88197983370401e-05,0,0,0,0,0,0,0,0,0,0,0.00580920647942239,0,0,0,0,0,0,0,0,0,0,0.000600005459504309,0.000146494645413371,0,0,0
0,0,0,0,0,0,0,0.0139540036875022,0,0,0,0.0458505835854829,0,0,0,0.00285938634399138,0,0,0,0,0,0,0,0,0,0,0,0.00319392666219216,0,0.000414731106082983,0,0,0,0,0,0,0,0,0,0,0,0,0,0,0,0,0,0,0,0,0,0,0,0.00101876623352987,0,0,0,0.0228238246714229,0,0.0652952348001649,0,0.0032334015452754,0,0,0,0,0,0,0.000497610945807038,0,2.64855302396054e-05,0,0.000176619946820271,0,0,0,0,0,0,0,0,0,0.000505063741766775,0.00020623151540785,0,0,0
0,0,0,0,0.000223860983868618,0,0,0,0.0166870379737129,0,0,0,0.000988536344005157,0,0,0,0.00095167358121896,0.000173917791372086,0,0,0,0,0,0,0.000695919037600372,0,0.000929844029097697,0,0,0,0,0,0,0,0,0,0,0,0,0,0,0,0,0,0,0,0,0,0,0,0,0,0,0,0.00223516373504606,0,0,0,0.00393774814455499,0,0.0377603508355627,0,0,0,0,0,0,0,0,0.00669917103183799,0,0,0,0,0,0,0,0,0,0,0,0,2.37057211030671e-05,4.46416459833998e-06,0,0,0
0,0.00123765727756559,0,8.63353905307543e-05,0,0.00259326734930398,0,0,0,0.0166371949678439,0,0,0,0.00285938634399138,0,0,0,0,0,0,0,0,0,0.000331810153839859,0,0.00230179599015217,0,0,0,0,0,0,0,0,0,0,0,0,0,0,0,0,0,0,0,0,0,0,0,0.000205570225825819,0,0.0127156566602295,0,0,0,0.0034656320078003,0,0,0,0.00365892612459326,0,0.042387414029426,0,0,0,0,0,0,0.00665781031872593,0,0,0,0,0,0,0,0,0,0,0,0,0,0.000413756838008621,0,0,0,0
0.000287984126351168,6.39709411900789e-06,0,2.55813554466498e-05,0,0,0,0,0.000250580037361944,0,0,0,0,0,0.00095167358121896,0,0,0.110649995509586,0.0436152341469587,0,3.5261216256846e-05,5.08027642859714e-05,0.000295090543941016,0,0.00378623948343561,0,0.0103547726811208,0,5.21430397601907e-06,0,0,0,0,0,0,1.19032526203493e-05,1.16735330983888e-05,0,0,0.000112175389107508,0.000857313710680184,0.000272179806811325,0.000781688673352287,0.000270512841221377,0.000116904113717716,0.000120430542277878,0.000352466602403184,0,0,1.86312981744699e-05,0,0,0,0,0,0,0,0,0,0,1.18169493335365e-05,0,0.00015948067660793,0.000306406244715939,0,0,1.49215434549353e-05,0.000367910631274401,0,0.000296101568533445,0,0,0,0,0,0,0,0,0.000294592801822702,0.000364443631598771,2.95488429871904e-05,0,0.0410905029423477,0.00679629364650712,0.000988355698925925,0.00010108202203316,0.000121742882398711
3.29532867432393e-05,3.45094265472615e-05,0,0,0,0,0,0,4.73360014581982e-06,9.41934788882782e-05,0,0,0,0,0.000173917791372086,0,0.110649995509586,0,0.0349763684186213,0,0,0.000546714155752485,2.11625648674583e-05,0.00190614003507625,0.00119062530026117,0.00138080087396884,0.00106381987822784,0,0,0,0,0,0,0,0,3.48114836362285e-05,8.45617307245698e-06,1.87901721896008e-06,0,0.000177921612171809,0.000472540518486609,0.000613264585725675,0.000276582544985887,0.000249379739179028,3.80257468026883e-05,0.000209309005837927,7.382200034645e-05,0,0,2.4075475772117e-05,0,0,0,0,0,0,0,0,0,0,0,0,0.000347502804003546,4.34964119381896e-05,0.000308601443944624,0,0.00627095311561412,7.65661128775685e-05,5.24200095279125e-05,0.000413532005527185,0,0,0,0,0,0,0,0,0.000390602413628982,5.754710065856e-05,7.88126335370449e-05,0,0.0344769697676581,0.00588166345466239,0.000474192955245832,9.47992505160991e-05,5.7043138410361e-05
0.00888298846179374,0.00261739140971838,0.000128968768809686,0.000124307556598426,0,0,0,0,8.13349944757645e-05,0.00100423850435103,0,0,0,0,0,0,0.0436152341469587,0.0349763684186213,0,0.000173965297050895,0.00100919934172614,3.27106047892786e-05,0,0,0.000586485195821402,0,0.000534042902609115,0,0,0,0,0,0,0,0,0.00114621627913389,0.000518089181813753,7.01881807602014e-05,0,0.0174407840518173,0.0250847473894165,0.0429326195444584,0.0195185930054195,0.0152415815134914,0.00692822231750346,0.00405712101031714,0.00642062237734112,9.77708867813089e-05,0.000704941478966953,0.00653413608315933,0,0,0,0,0,0.000238128036809824,0.000142728936918378,0,0,0,0,0,0.00468882135600078,0.00415456324531336,0,0,0.000243808028592161,0,0.000283099856667198,0,3.00399390125087e-05,0,8.85527869434879e-05,0,0,0,0,0,0.00900287072566773,0.00609392262919147,0.00251864993996302,0.00017290445987198,0.0299487144834851,3.69538445669303e-05,0.03454851777564,0.0159397136705993,0.00191487799002754
0,0,0,0,0,0,0,0.000939029213289667,0,0,0,0.0163731306383132,0,0,0,0,0,0,0.000173965297050895,0,0,0,0,0,0,0,0,0,0,0,0,0,0,0,0,0.0115390134266777,0,0.00399883426680144,0,0.000256208149829821,0,1.88578188395219e-05,0,0,0,0.000938603093979188,0,0,0,0.000618938611753216,0,0,0,0,0,0,0,0.0097432174863727,0,0,0,0,0.100023955965502,0,0,0,0,0,0,0,4.06330098517592e-05,0,0.000617352588505314,0,0,0,0,0,0.00287753620709447,0,0.00148414668118897,0,0.00227572789687765,0,0.00244750661938148,0.000326452979845421,0
9.91837965876145e-05,0,0.000210163908857863,0,0.00100390320656769,0,0,0,0,0,0.0141364997877339,0,0,0,0,0,3.5261216256846e-05,0,0.00100919934172614,0,0,0,0,0,0,0,0,0,0,0,0,0,0,0,0,0,0.0105575514910174,0,0.00146703995490202,0,0.00100401062850934,0,0.00060298435950274,0,9.64193799782511e-05,0,0.00590405897092956,0,8.08183802076231e-05,0,0,0,0,0,0,0,0.00432475436147393,0,7.21976345402683e-05,0,0,0,0,0.167751897988026,0,0,0,0,0,0,0,0,0,0,0,0,0,0,0,0.00529945073439106,0,1.77968032883586e-05,0.000590998473834846,0,0.00267440749499563,0,0.000416506957041968
0,1.15864652126998e-05,0,0,0,0,0,0,0,2.2438423430094e-05,0,0,0,0,0,0,5.08027642859714e-05,0.000546714155752485,3.27106047892786e-05,0,0,0,0.0118807108640036,0.00256661961028694,0,0.00318422665623218,0,0.0022446353062027,0,0,0,0,0,0,0,0,0,0.00860241442570303,7.05228322345362e-05,0,0,6.84121757854177e-06,0,0,0,0,0,0,0,0.00562553845768825,0,0,0,0,0,0,0,0,0,0,0,0,0,0,0.0996057814066976,0.000232973585030951,0.00476723114242521,0,0.00236755663892041,0,0.00126984109402481,0,0,0,0,0,0,0,1.39119288738461e-06,0,0.00252474042718945,0,0.00602003985304965,0.00110189613839194,2.80785269399954e-05,0,0
0,0,0,0,0,0,0,0,0,0,0,0,0,0,0,0,0.000295090543941016,2.11625648674583e-05,0,0,0,0.0118807108640036,0,0,0.00411001997125872,0,0.00130127103390081,0,0.00316421770276452,0,0,0,0,0,0,0,0,1.66899626492523e-05,0.003286701562102,0,0,0,0,0,0,0,0,0,0.00163422423453356,0,0,0,0,0,0,0,0,0,0,0,0,0,0,0,0.0037720553950381,0.0824261018944823,0,0.000828022821822487,0,0.00258160584993136,0,0.0082596006514932,0,0,0,0,0,0,0,0,0,0.00330200141365194,0.00202487192769616,9.95957177370751e-05,1.8275184551692e-05,0,0
0,0.00653084267950034,0,0.00047622909209126,0,0,0,0,0,0.0360607170436508,0,0,0,0,0,0.000331810153839859,0,0.00190614003507625,0,0,0,0.00256661961028694,0,0,0,0.0382546716068305,0,0,0,0,0,0,0,0.000152595684633819,0,0,0,0.00813017166624582,0,0,0,0.000788333252224802,0,0,0,0,0,0,0,0.00044958741041411,0,0,0,0,0,0.0236080342240814,0,0,0,0,0,0.000827975199402573,0,0,0.00265493092063843,0,0.145093542976157,0,0.0220029344071846,0,0,0,0,0,0,0,0.00118334156001189,0,0,0,0.0158583606698481,0,0.00060364691783346,5.34876691868224e-05,0.00153133819339429,0,0
0,0,0,0,0,0,0,0,0.00640158095566746,0,0,0,0,0,0.000695919037600372,0,0.00378623948343561,0.00119062530026117,0.000586485195821402,0,0,0,0.00411001997125872,0,0,0,0.0256408957569746,0,0,0,0,0,0,0,0,0,0,0,0.00195190118239326,0,0,0,0.000285682293008358,0,0,0,0,0,0.000395489898363371,0,0,0,0,0,0.0200237583461367,0,0,0,0.00028171747204351,0,0.00943593072837697,0,0,0,0,0.00645194738205046,0,0.172416149525684,0,0.0622364993213488,0,0.0065567372387424,0,0,0,0,0,0,0,0,0,0.00267178243779234,0.000656966192343123,1.62691989859248e-06,0.00237147711325681,0,0
0,0,0,0,0,0,0,0,0,0.00421877062457814,0,0,0,0,0,0.00230179599015217,0,0.00138080087396884,0,0,0,0.00318422665623218,0,0.0382546716068305,0,0,0,0.00259387331532299,0,0,0,0,0,0,0,0,0,6.79160758737131e-05,0,0,0,0,0,0,0,0,0,0,0,7.21959544591256e-05,0,0,0,0,0,0.00464463082582644,0,0,0,0,0,0,0,0,0.00956014673314756,0,0.00399491938702396,0,0.0681722479295691,0,0.00338515875488646,0,0,0,0,0,0,0,0,0,0,0,0,0,1.84871289700349e-05,0,0
0,0,0,0,0,0,0,0,0.000497444383158685,0,0,0,0,0,0.000929844029097697,0,0.0103547726811208,0.00106381987822784,0.000534042902609115,0,0,0,0.00130127103390081,0,0.0256408957569746,0,0,0,0.00258676900519888,0,0,0,0,0,0,0,0,0,0,0,0,0.000109940522531316,1.78707944641941e-05,0,0,0,0,0,0,0,0,0,0,0,0,0,0,0,5.29159643764736e-05,0,0.00578344273122195,0,0,0,0,0.00033928104688998,0,0.00901117151029181,0,0.0704264788232791,0,0.00344476390803072,0,0,0,0,0,0,0,0,0,0,0.000690674765724231,3.48752912310292e-05,0,0,0
0,0,0,0,0,0,0,0,0,0,0,0.000770718565292647,0,0.00319392666219216,0,0,0,0,0,0,0,0.0022446353062027,0,0,0,0.00259387331532299,0,0,0,0.0199989396458974,0,0,0,0,0,0,0,0.00151527910832397,0,0,0,0,0,0,0,0,0,0,0,0,0,0,0,0,0,0,0,0.00055964166399981,0,0.00506668296051782,0,0,0,0,0.00048605256831183,0,0,0,0.00035699014266523,0,0.0566866557107749,0,0.00903059351316698,0,0,0,0,0,0,0,0.0017910394851522,0,9.38246251068128e-05,0,0,0,0
0,0,0,0,0,0,0,0,0,0,0,0,0.0022127495075011,0,0,0,5.21430397601907e-06,0,0,0,0,0,0.00316421770276452,0,0,0,0.00258676900519888,0,0,0,0.00357174898895959,0,0,0,0,0,0,0,8.90844600846615e-05,0,0,0,0,0,0,0,0,0,8.11814854153141e-05,0,0,0,0,0,0,0,8.43712431234787e-05,0,0.000413071796731124,0,0,0,0,7.92505574502425e-06,0,0.00109133020527634,0,0,0,0.0055431983530478,0,0.0360057599204607,0,6.94217894394965e-05,0,0,0,0,0,0,0,0.000251648656454187,5.23442346273881e-05,0.000497545085399997,0,0,0
0,0,0,0,0,0,0,0,0,0,0,0.00714036417088729,0,0.000414731106082983,0,0,0,0,0,0,0,0,0,0,0,0,0,0.0199989396458974,0,0,0,0,0,0,0,0,0,0.000575056331652818,0,0,0,0,0,0,0,0,0,0,0,0,0,0,0,0,0,0,0,0.00992060987843795,0,0,0,0,0,0,0,0,0,0,0,0,0.00272467830655831,0,0.0904767000054377,0,0,0,0,0,0,0,0.00409906570806223,0,0,0,0,0,0
0,0,0,0,0,0,0,0,0,0,0.00245012614755184,0,0,0,0,0,0,0,0,0,0,0,0,0,0,0,0,0,0.00357174898895959,0,0,0,0,0,0,0,0,0,0.00388850266727576,0,0,0,0,0,0,0,0,0,0,0,0,0,0,0,0,0,0.0148588418193622,0,0,0,0,0,0,1.31644907428322e-05,0,0,0,0,0,0,0,0.00021988343818159,0,0.0677684882941567,0,0,0,0,0,0,0,0.000517376811787524,0.000426190986997962,0,4.76977761532881e-05,0,0
0,0,0,0,0,0,0,0,0,0,0,0,0,0,0,0,0,0,0,0,0,0,0,0,0,0,0,0,0,0,0,0,0.00129902045709611,0,0,0.0014615246095015,0,0,0,0,0,0,0,0,0,0,0,0.0150975326289514,0,0.00203244512806087,0,0,0,0,0,0,0,0,0,0,0,0,0,0,0,0,0,0,0,0,0,0,0,0,0.102374669701461,0,0.000425693447558484,0,0.000895641807638678,0,0,0,0.000798937733851685,0,0,0,0
0,0,0,0,0,0,0,0,0,0,0,0,0,0,0,0,0,0,0,0,0,0,0,0,0,0,0,0,0,0,0,0.00129902045709611,0,0,0.00578497265652363,0,0.00187125196881064,0,0,0,0,0,0,0,0,0,0,0.0287107709826864,0.000552196502933478,0,0,0,0,0,0,0,0,0,0,0,0,0,0,0,0,0,0,0,0,0,0,0,0,0,0,0.0865962478439958,0,0.00421938374523113,0,0.00075289855852333,0,0,0.00305027618184336,0,0,0,0
0,0,0,0,0,0,0,0,0,0,0,0,0,0,0,0,0,0,0,0,0,0,0,0.000152595684633819,0,0,0,0,0,0,0,0,0,0,0.0452082043604136,0.00337628892431877,0,0.00568792666098241,0.000912805885276704,0,0,0,0,0,0,0,0,0.0450370690261612,0,0.000115473523875916,0,0,0,0,0,0,0,0,0,0,0,0,0,0,0,0,0.000118360247756969,0,0,0,0,0,0,0,0.00306858805685262,0,0.225484500314041,0.00846940422920471,0.000791509956960483,0,0.00544342293818844,3.39520015317952e-05,0.00119162360446778,0,0,0,0
0,0,0,0,0,0,0,0,0,0,0,0,0,0,0,0,0,0,0,0,0,0,0,0,0,0,0,0,0,0,0,0,0.00578497265652363,0.0452082043604136,0,0,0.00343039876010685,9.46501923021009e-06,0.00466236013088157,0,0.000233221796397489,0,0,0,0,0,6.24728429581122e-05,0.0350654180315538,0.00874652963761102,0,0,0,0,0,0,0,0,0,0,0,0,0,0,0.000165851754193869,0,0,0,0,0,0,0,0,0,0,0,0.0116278564255227,0.0264647193491377,0.135833473689878,0,0.00179645285624087,0,0.0105821376935745,0.000563121203813169,0,7.79303923547487e-05,0,0
0,2.4360798673225e-05,2.05446943759747e-05,2.54668142901879e-06,3.64957921901721e-06,5.1571227895404e-05,0,0,0,0,0,0.00134035424388789,0,0,0,0,1.19032526203493e-05,3.48114836362285e-05,0.00114621627913389,0.0115390134266777,0,0,0,0,0,0,0,0,0,0,0,0.0014615246095015,0,0.00337628892431877,0,0,0.002680850412531,0.0244297363147987,0,0.000574928892799812,0,0.000284975637636594,3.12369884032876e-06,0.000142835025026801,0,0.000754567347584715,0,0.000129762874191244,0,0.00153631471786768,0,0,0,0,0,0,1.24517220453817e-05,0.00059915953229348,0,0,0,0,0.00984672246535812,1.46464375238835e-05,0,0,0,0,1.19516361140573e-05,0,1.12153803013044e-06,0,7.16976531732304e-06,0,0.00289945895143923,0,0.00100984192834585,0,0.0802110180457261,0.00237881781129787,0.0165791744371311,0,0.00396634914604949,0,0.00100674920972627,0.000210384191912229,6.66417588316554e-06
0.000172288356602079,0,2.19256283080974e-05,0,1.33870818768805e-05,0,0,0,0,0,0.00173403113878703,0,0,0,0,0,1.16735330983888e-05,8.45617307245698e-06,0.000518089181813753,0,0.0105575514910174,0,0,0,0,0,0,0,0,0,0,0,0.00187125196881064,0,0.00343039876010685,0.002680850412531,0,0,0.015310676846434,0,0.000982658983278607,0,0.000420906236039177,2.26449173803963e-06,0.000140582917265007,0,0.0010074671162865,0.000332181669314798,0.00272521781922884,0,8.52797216877165e-06,0,0,0,0,0,0.000923480032821904,0,2.13957815841327e-05,0,0,0,0,0.00862176379388005,0,0,0,0,0,0,0,0,0,0,0,0.00240312947424732,0,0.00111501462578721,0.000164612489289796,0.11099776983317,0,0.0103516336663673,0.0100860071745855,0.00027245742485493,0.00148747691742324,0,0.000125918871916966
0,0.000803847972836006,0,4.56220700491522e-05,0,0,0,0,0,0.000750471195595618,0,0.00663698635097925,0,0,0,0,0,1.87901721896008e-06,7.01881807602014e-05,0.00399883426680144,0,0.00860241442570303,1.66899626492523e-05,0.00813017166624582,0,6.79160758737131e-05,0,0.00151527910832397,0,0.000575056331652818,0,0,0,0.00568792666098241,9.46501923021009e-06,0.0244297363147987,0,0,0.00188343508395503,2.9113653238928e-05,0,0.000366734683049513,0,3.0738558749667e-05,0,0.000133428806064113,0,0.0018370176929505,0,0.00365498069411184,0,0,0,0,0,0.00115255686478374,0,0.00116008128122559,0,0,0,6.07522451096415e-05,0.00227284417196127,0,0.00569910241665226,0,0.00428639323755809,0,0.000339013931593505,0,0.000186769371716967,0,0.000677587623943161,0,0,0,0.00610597177244205,0,0.0066413451487371,0,0.115679879868319,0.000238289902020019,0.00471803973413846,0.000414533867904678,0.000879191668122381,2.50730644704577e-05,0
0,0,0,0,0,0,0,0,0.000100147174195957,0,0.0040820563307716,0,0,0,0,0,0,0,0,0,0.00146703995490202,7.05228322345362e-05,0.003286701562102,0,0.00195190118239326,0,0,0,8.90844600846615e-05,0,0.00388850266727576,0,0,0.000912805885276704,0.00466236013088157,0,0.015310676846434,0.00188343508395503,0,0,1.22152777567626e-05,0,0.000228243474059072,0,0,0,0.000106141984211228,0.00192800275809927,0.00758913072013595,0,0,0,0,0,2.98029984635338e-05,0,0.00257896460829718,0,0,0,0,0,0,0.00101719552206277,0,0.00362051805163056,0,0.00515371302191382,0,6.89946340806094e-06,0,0.000525594572806097,0,0.00106615770812975,0,0,0.00069832021732541,9.24639385193837e-05,0,0.00353060991239714,0.00066771176668269,0.0660114228052852,0.0017871258922999,0,0.00179603527304503,0,0
0,0.000607351168153339,0,0.00235229987151117,0,0,0,0,0,3.52014321360293e-05,0,0,0,0,0,0,0.000112175389107508,0.000177921612171809,0.0174407840518173,0.000256208149829821,0,0,0,0,0,0,0,0,0,0,0,0,0,0,0,0.000574928892799812,0,2.9113653238928e-05,0,0,1.75486271235031e-05,0.0186940941689688,1.39002942680781e-05,0.0109140480228232,0.000253812730646588,0.00437066053320132,0,0.00381693037031794,0,0.179057114326144,0,0,0,0,0,0,0,4.85512742070529e-05,0,0,0,0,0.00453823494382919,0,0,0,0,0,2.15228779104626e-05,0,1.67377491675768e-05,0,0,0,0,0,0,0,0.00408777657246008,6.45996998603296e-06,0.000119172294222803,0,0.00084733196645979,0,0.00869224299345629,0.0181587992537765,0
0.00215625112026581,0,0,0,0,0,0,0,0,2.40676158642689e-05,0,0,0,0,0,0,0.000857313710680184,0.000472540518486609,0.0250847473894165,0,0.00100401062850934,0,0,0,0,0,0,0,0,0,0,0,0,0,0.000233221796397489,0,0.000982658983278607,0,1.22152777567626e-05,1.75486271235031e-05,0,6.45527020371267e-05,0.0315380004116554,0.000191270391675379,0.019253768632312,3.79387137759389e-05,0.0322446835156011,0.00021411383324399,0.0283756073368977,0,0,0,0,0,0,0,0.000268800134664461,0,8.16364510182604e-05,0,0,0,0,0.0130545603561656,0,0,0,0,0,0,0,1.34277475336286e-05,0,0.000816696481085765,0,9.05288622627667e-05,0,0,3.10954954726508e-05,0.00640133019923906,0,0.000215612651566406,0.00122539136855766,0,0.0450413621119661,0,0.00262172676914076
0,0.01662025918202,8.43633581984471e-06,0.00190718124268714,0,0,0,0,0,0.0146570525584066,0,0,0,0,0,0,0.000272179806811325,0.000613264585725675,0.0429326195444584,1.88578188395219e-05,0,6.84121757854177e-06,0,0.000788333252224802,0,0,0.000109940522531316,0,0,0,0,0,0,0,0,0.000284975637636594,0,0.000366734683049513,0,0.0186940941689688,6.45527020371267e-05,0,0.00400048055841852,0.0191911153039021,1.14249124048454e-05,0.0078240340607483,0,0.00257671588746408,0,0.0459049573426057,0,0,0,0,0,0.00142943009753165,0,0.000133280480283103,0,0,0,0.00144661925743079,0.00353868807754809,0.000130456397987184,0,0,0.000567947815940541,0,0.00315380079580466,0,0.000832225908439077,0,7.83494848605767e-05,0,0,0,0,0,0.00636739687623425,0,0.000711563321113569,0,0.00809300928859612,1.91684226241497e-05,0.0593701476082261,0.050115567167875,9.5781039251516e-05
0.0109033006874327,0,0.00548615567202904,0,0.000286667553235989,0,0,0,0.00077078691774464,0,0,0,0,0,0,0,0.000781688673352287,0.000276582544985887,0.0195185930054195,0,0.00060298435950274,0,0,0,0.000285682293008358,0,1.78707944641941e-05,0,0,0,0,0,0,0,0,3.12369884032876e-06,0.000420906236039177,0,0.000228243474059072,1.39002942680781e-05,0.0315380004116554,0.00400048055841852,0,0,0.0146752677711595,0,0.0073501280375138,0.00247349081077217,0.0308958455831005,4.72744835302634e-05,0,0,0,0,3.90971451195293e-05,0,0.0111986532386844,0,0.000248714056018691,0,0.000141481662019384,0,0,0.00306820130775877,0,0,0,0.00146066117028751,0,0,0,1.06969502762207e-05,0,0,0,0,0,0,3.08360021902777e-06,0.00535778241130424,0,9.77631312256078e-05,0.00971536336406261,3.96908633442704e-05,0.120019827765412,0,0.108378302998999
0,0,0,0,0,0,0,0,0,0,0,0,0,0,0,0,0.000270512841221377,0.000249379739179028,0.0152415815134914,0,0,0,0,0,0,0,0,0,0,0,0,0,0,0,0,0.000142835025026801,2.26449173803963e-06,3.0738558749667e-05,0,0.0109140480228232,0.000191270391675379,0.0191911153039021,0,0,0.00110013200091346,0.00671088241683028,0,0,0,0.00167781921109105,0,0,0,0,0,0,0,0,0,0,0,0,0.002053185853985,0,0,0,0,0,0,0,0,0,0,0,0,0,0,0,0.00271191250436963,3.475155405816e-05,0.000177665180276101,0,0.00138739959551099,0,0.00956775607841889,0.0171628604148344,0
0,0,0,0,0,0,0,0,0,0,0,0,0,0,0,0,0.000116904113717716,3.80257468026883e-05,0.00692822231750346,0,9.64193799782511e-05,0,0,0,0,0,0,0,0,0,0,0,0,0,0,0,0.000140582917265007,0,0,0.000253812730646588,0.019253768632312,1.14249124048454e-05,0.0146752677711595,0.00110013200091346,0,2.97007847263782e-05,0.00638084665302515,0,1.98695790893459e-05,0,0,0,0,0,0,0,0,0,0,0,0,0,0,0.00143078688390181,0,0,0,0,0,0,0,0,0,0,0,0,0,0,3.27672278771512e-06,0.00143675941715394,0,5.24748806119359e-06,0.0010182580346394,0,0.00866562442960702,0,0.0127343309760338
0,0,0,0,0,0,0,0,0,0,0,0,0,0,0,0,0.000120430542277878,0.000209309005837927,0.00405712101031714,0.000938603093979188,0,0,0,0,0,0,0,0,0,0,0,0,0,0,0,0.000754567347584715,0,0.000133428806064113,0,0.00437066053320132,3.79387137759389e-05,0.0078240340607483,0,0.00671088241683028,2.97007847263782e-05,0,0,0,0,0.000778839264202826,0,0,0,0,0,0,0,0,0,0,0,0,0.0586372862677604,0,0,0,0,0,0,0,0,0,0,0,0,0,0,0,0.00464456443810258,0.000108786934173196,0.00246591964604508,0,0.000546409895059713,0,0.0161676526087131,0.0005667569319438,0
0.000286448252091981,0,0,0,0,0,0,0,0,0,0,0,0,0,0,0,0.000352466602403184,7.382200034645e-05,0.00642062237734112,0,0.00590405897092956,0,0,0,0,0,0,0,0,0,0,0,0,0,6.24728429581122e-05,0,0.0010074671162865,0,0.000106141984211228,0,0.0322446835156011,0,0.0073501280375138,0,0.00638084665302515,0,0,0,0.000163123513205433,0,0,0,0,0,0,0,8.20197591417209e-05,0,0,0,0,0,0,0.0814916887046101,0,0,0,0,0,0,0,0,0,0,0,0,0,0,0,0.00589950265660802,0,0.000498079901921373,0.00037401990279311,0,0.00890251151418824,0,0.000287260595015866
0,0.000133098629571756,2.63919344406969e-05,0.000101452398475301,0,0,0,0,0,0,0,0,0,0,0,0,0,0,9.77708867813089e-05,0,0,0,0,0,0,0,0,0,0,0,0,0.0150975326289514,0.0287107709826864,0.0450370690261612,0.0350654180315538,0.000129762874191244,0.000332181669314798,0.0018370176929505,0.00192800275809927,0.00381693037031794,0.00021411383324399,0.00257671588746408,0.00247349081077217,0,0,0,0,0,0.0786234390192139,0.0428082638263461,0,0,0,0,0,0,0,0,0,0,0,0,9.27595534858046e-06,0,0,0,0,0,0,0,0,0,0,0,0.0125643164730419,0.0393932530586864,0.00701382793965163,0.00833102197393765,0.00385741611087195,0.00149956373102488,6.9879175828157e-05,0.00212701648312679,0.0125459198954603,0.000195322746474083,0.0171592000547886,0,0
0.0173756618559934,0,0.0226961525576159,0,0.000153522775449861,0,0,0,0.00382156460639503,0,0,0,0,0,0,0,0,0,0.000704941478966953,0,8.08183802076231e-05,0,0.00163422423453356,0,0.000395489898363371,0,0,0,8.11814854153141e-05,0,0,0,0.000552196502933478,0,0.00874652963761102,0,0.00272521781922884,0,0.00758913072013595,0,0.0283756073368977,0,0.0308958455831005,0,1.98695790893459e-05,0,0.000163123513205433,0.0786234390192139,0,6.25635517280847e-05,0,0,0,0,0.00401833030179959,0,0.000992931135064181,0,0.000182889870681248,0,0.00129931312594446,0,0,0.00138337096619373,0,0.00685284274639973,0,0.0135048337904448,0,0.000546258152651656,0,0.0168207188649787,0,0.0294282400723842,0,0.0024509872075604,0,0.0106266070004664,0,0.00823791726715118,0,0.0230027686665496,0.00261117717322403,0,0.0753762606288019,0,0.00106730963267472
0,0.0325096522165062,0,0.0130801753416313,1.55093478748045e-05,0,0,0,0,0.017931219188636,0,0,0,0,0,0.000205570225825819,1.86312981744699e-05,2.4075475772117e-05,0.00653413608315933,0.000618938611753216,0,0.00562553845768825,0,0.00044958741041411,0,7.21959544591256e-05,0,0,0,0,0,0.00203244512806087,0,0.000115473523875916,0,0.00153631471786768,0,0.00365498069411184,0,0.179057114326144,0,0.0459049573426057,4.72744835302634e-05,0.00167781921109105,0,0.000778839264202826,0,0.0428082638263461,6.25635517280847e-05,0,0,0.000283363470826473,0,0,0,0.00151866787721661,0,0.0107084498001962,0,0.00667163938126672,0,0.0180624565606666,0.0117694233456511,0,0.008848627576303,0,0.0103630008917381,0,0.0205631920889901,0,0.00600217010357253,0,0.0231041718665784,0,0.00408529583752146,0,0.00066090100980181,0,0.00941416270928818,0,0.00403584133354734,0,0.00513438028821241,8.32870761803711e-05,0.0809978240402168,0.0145667724215198,0
0,0,0.0971563996567842,0,0.115598427294998,0,0.0159458132035801,0,0.00030871172224553,0,0.00130270162978145,0,0.000456220846325132,0,0,0,0,0,0,0,0,0,0,0,0,0,0,0,0,0,0,0,0,0,0,0,8.52797216877165e-06,0,0,0,0,0,0,0,0,0,0,0,0,0,0,0,0.0218453910871796,0,0.00199189343674165,0,0.00685225971565893,0,0.0222879280310787,0,0.0216539610750735,0,0,0,0,0,0,0,0,0,0,0,0,0,0,0,0,0,0,1.05677867862659e-05,0,0,0.000870296912114115,0,0.00202030245756153,0,0
0,0,0,0.0277773384165442,0,0.0213636294452078,0,0.000440624557267,0,0.00148214102507538,0,0,0,0,0,0.0127156566602295,0,0,0,0,0,0,0,0,0,0,0,0,0,0,0,0,0,0,0,0,0,0,0,0,0,0,0,0,0,0,0,0,0,0.000283363470826473,0,0,0,0,0,0.000479634284239212,0,0.00300313872817213,0,0.0314960108620396,0,0.0522162798894319,3.18331289271832e-05,0,0,0,0,0,0,0,0,0,0,0,0,0,0,0,0,0,0,0,0.000112546444246528,5.62318608053704e-06,0.00068489638672777,0,0
0,0,0,0,0.00570542839553701,0,0.161389166581541,0,0,0,0,0,0.000212072786774649,0,0,0,0,0,0,0,0,0,0,0,0,0,0,0,0,0,0,0,0,0,0,0,0,0,0,0,0,0,0,0,0,0,0,0,0,0,0.0218453910871796,0,0,0,0,0,0.00112296315876742,0,0,0,0,0,0,0,0,0,0,0,0,0,0,0,0,0,0,0,0,0,0,0,0,0,0.000412585644746531,8.56692648838536e-05,0,0,0
0,0,0,0,0,0,0,0.000662705522241382,0,0,0,0,0,0.00101876623352987,0,0,0,0,0,0,0,0,0,0,0,0,0,0,0,0,0,0,0,0,0,0,0,0,0,0,0,0,0,0,0,0,0,0,0,0,0,0,0,0,0,0,0,0.000409163511534553,0,0.0259444382140194,0,0,0,0,0,0,0,0,0,0,0,0,0,0,0,0,0,0,0,0,0,0,0,0,0,0,0
0.0224609547949946,0,0.116986462342214,0,0.00299248086259194,0,0,0,0.0528326452768198,0,0,0,0,0,0.00223516373504606,0,0,0,0,0,0,0,0,0,0.0200237583461367,0,0,0,0,0,0,0,0,0,0,0,0,0,2.98029984635338e-05,0,0,0,3.90971451195293e-05,0,0,0,0,0,0.00401833030179959,0,0.00199189343674165,0,0,0,0,0,2.89174387333908e-05,0,0.000166849655945916,0,0.01543332160495,0,0,0,0,0,0,0.0785878131783688,0,0,0,0,0,0,0,0,0,0,0,0,0,0.000194896234295664,0.000246941692427448,0,0.000939802774355012,0,0
0,0.0765330597499383,0,0.018971686728254,0,0.00117432685697838,0,0,0,0.0752776265804717,0,0,0,0,0,0.0034656320078003,0,0,0.000238128036809824,0,0,0,0,0.0236080342240814,0,0.00464463082582644,0,0,0,0,0,0,0,0,0,0,0,0.00115255686478374,0,0,0,0.00142943009753165,0,0,0,0,0,0,0,0.00151866787721661,0,0.000479634284239212,0,0,0,0,0,0.000185398025573386,0,0.000154804609449906,0,0.0174811085831428,0,0,0,0,0.0618756376542371,0,0.0030893980729269,0,0,0,0,0,0,0,0.000104731866786033,0,1.58331512229663e-06,5.62503714039567e-06,0.00147038396936923,0,0.000720614419590585,2.50577924653532e-05,0.00459412138467547,0,0
0.00065987093351774,0,0.00507093615772062,0,0,0,0.00511472045845482,0,0.000384836771772967,0,0.142659717871628,0,0,0,0,0,0,0,0.000142728936918378,0,0.00432475436147393,0,0,0,0,0,0,0,8.43712431234787e-05,0,0.0148588418193622,0,0,0,0,1.24517220453817e-05,0.000923480032821904,0,0.00257896460829718,0,0.000268800134664461,0,0.0111986532386844,0,0,0,8.20197591417209e-05,0,0.000992931135064181,0,0.00685225971565893,0,0.00112296315876742,0,2.89174387333908e-05,0,0,0,0.0389286658874401,0,0,0,0,0.0232787680369298,0,0,0,0,0,0,0,0.0154391631770226,0,0.0407144634131933,0,0,0,0,0,0.000798813122543666,0,0.00100858760973839,0.0011138379688345,3.21753134825583e-05,0.02056689260054,0,0.00606581245101539
0,0.000878223200899675,0,0.00984269335659041,8.68434860770923e-06,0.000736730797694434,0,0,0,0.000218643623979527,0,0.0972471803805869,0,0.0228238246714229,0,0,0,0,0,0.0097432174863727,0,0,0,0,0,0,0,0.00055964166399981,0,0.00992060987843795,0,0,0,0,0,0.00059915953229348,0,0.00116008128122559,0,4.85512742070529e-05,0,0.000133280480283103,0,0,0,0,0,0,0,0.0107084498001962,0,0.00300313872817213,0,0.000409163511534553,0,0.000185398025573386,0,0,0,0.0299702060041067,0,0.00105618370297091,0.0167502859130975,0,0,0,0.000193182386822064,0,0.00906690194994123,0,0.00966952525153618,0,0.0147300322140468,0,0,0,0,0,3.99892844807721e-05,0,7.54247740556122e-05,0,0.000847861269725036,4.43214695223208e-05,0.00943826321638973,0,0
6.25464872508661e-05,0,0.00129432660464905,0,2.29634961409998e-05,0,5.21439274270567e-05,0,0,0,0.00104525457705656,0,0.00838000873982686,0,0.00393774814455499,0,0,0,0,0,7.21976345402683e-05,0,0,0,0.00028171747204351,0,5.29159643764736e-05,0,0.000413071796731124,0,0,0,0,0,0,0,2.13957815841327e-05,0,0,0,8.16364510182604e-05,0,0.000248714056018691,0,0,0,0,0,0.000182889870681248,0,0.0222879280310787,0,0,0,0.000166849655945916,0,0.0389286658874401,0,0,0,0.00220739625115762,0,0,0.000542042176348941,0,0,0,4.1658215048479e-05,0,0.00186315575099553,0,0.00252800887268239,0,5.59761165314382e-05,0,0,0,0,0,5.78744325061408e-05,0,0,6.9197473808689e-05,6.76739694470678e-05,0.00164677829344411,0,9.1170289042021e-05
0,0.000412066414854378,0,0.00375661625835191,0,0.00204071499571302,0,0.0254176506257238,0,4.70560935560069e-05,0,0.0101525034334623,0,0.0652952348001649,0,0.00365892612459326,0,0,0,0,0,0,0,0,0,0,0,0.00506668296051782,0,0,0,0,0,0,0,0,0,0,0,0,0,0,0,0,0,0,0,0,0,0.00667163938126672,0,0.0314960108620396,0,0.0259444382140194,0,0.000154804609449906,0,0.0299702060041067,0,0,0,0.013871687730832,6.66689489922721e-05,0,0,0,2.69356599872372e-05,0,0.0102108073932465,0,0.00355883300003889,0,0,0,0,0,0,0,0,0,0,0,0.000189358504623691,3.84796339599109e-06,0.00128999044881127,0,0
0.00216329070917176,0,0.00235856993121579,0,0.00271489711239983,0,0,0,0.0060309553509191,0,0,0,6.88197983370401e-05,0,0.0377603508355627,0,1.18169493335365e-05,0,0,0,0,0,0,0,0.00943593072837697,0,0.00578344273122195,0,0,0,0,0,0,0,0,0,0,0,0,0,0,0,0.000141481662019384,0,0,0,0,0,0.00129931312594446,0,0.0216539610750735,0,0,0,0.01543332160495,0,0,0,0.00220739625115762,0,0,0,0,0,0,0,0,0.000798820864404987,0,0.0202272072767894,0,7.54907966862284e-05,0,0,0,0,0,0,0,0,0,0,1.75267061248513e-05,0,0.000234797132290782,0,0
0,0.00835793684022079,0,0.028893483807811,0,0.00506638340912221,0,0,0,0.0119962744653447,0,0,0,0.0032334015452754,0,0.042387414029426,0,0,0,0,0,0,0,0.000827975199402573,0,0,0,0,0,0,0,0,0,0,0,0,0,6.07522451096415e-05,0,0,0,0.00144661925743079,0,0,0,0,0,0,0,0.0180624565606666,0,0.0522162798894319,0,0,0,0.0174811085831428,0,0.00105618370297091,0,0.013871687730832,0,0,0,0,0,0,0.00939630804289156,0,0.0291043116232296,0,6.46321363417428e-05,0,0,0,0,0,0,0,0,0,1.73862605120363e-05,0,4.04328514459727e-06,0,0.00541291822344231,0,0
0,0.000312619170839115,0,0,0,0,0,0,0,0.000192044143317167,0,0.00099220232863007,0,0,0,0,0.00015948067660793,0.000347502804003546,0.00468882135600078,0.100023955965502,0,0,0,0,0,0,0,0,0,0,0,0,0,0,0,0.00984672246535812,0,0.00227284417196127,0,0.00453823494382919,0,0.00353868807754809,0,0.002053185853985,0,0.0586372862677604,0,9.27595534858046e-06,0,0.0117694233456511,0,3.18331289271832e-05,0,0,0,0,0,0.0167502859130975,0,6.66689489922721e-05,0,0,0,0,0,0,0.000154455749952029,0,0.00151983718762757,0,0.00125161076994533,0,0.00551920755615333,0,0,0,0,0,0.00975433966186076,0,0.00498610829411639,0,0.00145568788116428,0,0.0291834974252714,0.000355582408638446,0
0.000938646844894069,0,0.000491252816378908,0,0,0,0,0,0,0,0.0111536389232905,0,0,0,0,0,0.000306406244715939,4.34964119381896e-05,0.00415456324531336,0,0.167751897988026,0,0,0,0,0,0,0,7.92505574502425e-06,0,1.31644907428322e-05,0,0,0,0.000165851754193869,1.46464375238835e-05,0.00862176379388005,0,0.00101719552206277,0,0.0130545603561656,0.000130456397987184,0.00306820130775877,0,0.00143078688390181,0,0.0814916887046101,0,0.00138337096619373,0,0,0,0,0,0,0,0.0232787680369298,0,0.000542042176348941,0,0,0,0,0,0,0,0,0,0,0,0,0.000671449922803763,0,0.000455871463583319,0,0,0,0,0,0.0162997304523665,0,0.000496557070492632,0.00127037141580772,0,0.0243300511632641,0,0.000958580800472179
0,0,0,0,0,0,0,0,0,0,0,0,0,0,0,0,0,0.000308601443944624,0,0,0,0.0996057814066976,0.0037720553950381,0.00265493092063843,0,0.00956014673314756,0,0.00048605256831183,0,0,0,0,0,0,0,0,0,0.00569910241665226,0,0,0,0,0,0,0,0,0,0,0,0.008848627576303,0,0,0,0,0,0,0,0,0,0,0,0,0,0,0,0,0.00582535046336913,0,0.0151173516856202,0,0.00391080959626727,0,0,0,0,0,0,0,0,0,0.00148179184806079,0,0.00172992110245974,0.00033514421983885,0,0,0
0,0,0,0,0,0,0,0,0,0,0,0,0,0,0,0,0,0,0,0,0,0.000232973585030951,0.0824261018944823,0,0.00645194738205046,0,0.00033928104688998,0,0.00109133020527634,0,0,0,0,0,0,0,0,0,0.00362051805163056,0,0,0,0,0,0,0,0,0,0.00685284274639973,0,0,0,0,0,0,0,0,0,0,0,0,0,0,0,0,0,0,0.00511965561613121,0,0.0101197936221883,0,0.0151891313073568,0,0,0,0,0,0,0,0,0,0.00307005087119118,0.000242647415449005,0,1.11370337260745e-05,0,0
0,0.00840458443098307,0,0.000572748728112321,0,0,0,0,0,0.0186397942913501,0,0,0,0,0,0,1.49215434549353e-05,0.00627095311561412,0.000243808028592161,0,0,0.00476723114242521,0,0.145093542976157,0,0.00399491938702396,0,0,0,0,0,0,0,0.000118360247756969,0,0,0,0.00428639323755809,0,0,0,0.000567947815940541,0,0,0,0,0,0,0,0.0103630008917381,0,0,0,0,0,0.0618756376542371,0,0.000193182386822064,0,2.69356599872372e-05,0,0.00939630804289156,0.000154455749952029,0,0.00582535046336913,0,0,0,0.0209190354310557,0.000271637186125939,5.13005615024043e-05,0,0,0,0,0,0.0035568317994825,0,8.95965499851065e-06,0,0.00347039288698521,0,0.000965640311766108,4.98668688295874e-05,0.00139280831448274,0,0
0,0,0,0,0,0,0,0,0.0202771265767003,0,0,0,0,0,0,0,0.000367910631274401,7.65661128775685e-05,0,0,0,0,0.000828022821822487,0,0.172416149525684,0,0.00901117151029181,0,0,0,0,0,0,0,0,0,0,0,0.00515371302191382,0,0,0,0.00146066117028751,0,0,0,0,0,0.0135048337904448,0,0,0,0,0,0.0785878131783688,0,0,0,4.1658215048479e-05,0,0.000798820864404987,0,0,0,0,0.00511965561613121,0,0,0,0.030424714609168,0,0.00486285759513169,0,0,0,0,0,0,0,0,0,0.00663238333586573,2.32481286231977e-05,0,0.0177555284558317,0,0
0,0.0205138399812008,0,0.00100594336124373,0,0,0,0,0,0.0115654225370565,0,0,0,0.000497610945807038,0,0.00665781031872593,0,5.24200095279125e-05,0.000283099856667198,0,0,0.00236755663892041,0,0.0220029344071846,0,0.0681722479295691,0,0.00035699014266523,0,0,0,0,0,0,0,1.19516361140573e-05,0,0.000339013931593505,0,2.15228779104626e-05,0,0.00315380079580466,0,0,0,0,0,0,0,0.0205631920889901,0,0,0,0,0,0.0030893980729269,0,0.00906690194994123,0,0.0102108073932465,0,0.0291043116232296,0.00151983718762757,0,0.0151173516856202,0,0.0209190354310557,0,0,0,0.00422600383056992,0,3.57314891568624e-05,0,0,0,0,0,2.36816480681826e-05,0,2.97887837443338e-05,0,4.70922666984007e-05,1.0988726865551e-05,0.0065343462196762,0,0
0,0,0,0,0,0,0,0,0,0,0,0,0,0,0.00669917103183799,0,0.000296101568533445,0.000413532005527185,0,0,0,0,0.00258160584993136,0,0.0622364993213488,0,0.0704264788232791,0,0.0055431983530478,0,0,0,0,0,0,0,0,0,6.89946340806094e-06,0,0,0,0,0,0,0,0,0,0.000546258152651656,0,0,0,0,0,0,0,0,0,0.00186315575099553,0,0.0202272072767894,0,0,0,0,0.0101197936221883,0.000271637186125939,0.030424714609168,0,0,0,0.0503721309315968,0,0,0,0,0,0,0,0,0,0,5.79497947233645e-06,0,0.000112888122735561,0,0
