0,0,59.419976323843,0,9.64593076705933,0,0,0,500.447811633348,0,0,0,0,0,0,0,0,0.22208458930254,26.8266873881221,0,0,0,0,0,0,0,0,0,0,0,0,0,0,0,0,0,0,0,0.509451031684875,0,0.30064332485199,0,74.9756757169962,0,0,0,0.1675835698843,0,148.490720808506,0.432273179292679,0.412324160337448,0,0,0,223.266596436501,0,0,0,0,0,14.0456765890121,0,0,0,0,0,0,3.37109440565109,0,0,0,0,0,0.206733703613281,0,0,0,0,0,2.55485388636589,0,0.163520097732544,172.973783031106,0.363655745983124,610.814917042851,0,4.52155596017838
0,0,0,21.6859492659569,0,18.41932117939,0,0,0,225.11080172658,0,0,0,0,0,11.4688790142536,0,1.70132374763489,16.272999972105,0.434211656451225,0,0,0,2.67660474777222,0.184286311268806,0,0,0,0,0,0,0,0,0,0.856871545314789,0,0,36.1051720827818,4.45492954552174,1.04437260329723,0,217.514700740576,0,0,0,13.5192997455597,0,12.6737265884876,0.416105300188065,459.062503695488,0,0,0,0,0.299894064664841,398.843243941665,0,19.3110002875328,0,19.3603323400021,0,338.02884490788,20.0377799198031,0,0,0,9.07254618406296,0,0,0,0,0,7.4418915361166,0,0,0,0,0,31.4528291001916,0,5.54168350994587,0.419922918081284,155.808806121349,0,707.254831537604,0,0
59.419976323843,0,0,0,181.512085020542,0,0,0,183.100170820951,0,0,0,0,0,0,0,0.122223526239395,0,1.04735501110554,0,0,0,0,0,0,0,0,0,0,0,0,0,0,0,0,0,0,0,0,0,0.895881772041321,0,24.0106264948845,0,0,0,7.86644466221333,0,31.3774327784777,0,86.5366066843271,0,0,0,159.889950230718,0,0,0,0,0,0,0,0,0,0,0,0,0,0,0,0,0,0,5.89106416702271,0,0,0,0,0,9.58879196643829,0,1.05090224742889,66.0827956646681,0.480623513460159,401.677699267864,0,2.37767073512077
0,21.6859492659569,0,0,0,120.65091124177,0,0,0,0,0,0,0,0,0,0,0,1.09289291501045,2.06964185833931,2.5870503783226,0,0,0,0,0.20419143140316,0,0,0,0,0,0,0,0,0,0,0,0,0,0.343396455049515,3.16335354745388,0,87.7927711755037,0,0,0,15.2199079990387,0,0,0,12.4850294589996,0,28.3950941115618,0,0,0,27.6256769448519,0,47.0395822376013,0,171.610443353653,0,190.423663005233,32.8762902617455,0,0,0,0,0,0,0,0,0,7.35968351364136,0,0,0,0,0,4.40576280653477,0,2.44519224762917,0,40.3198425471783,0,221.188789047301,4.37872655689716,0
9.64593076705933,0,181.512085020542,0,0,0,0,0,82.6990389674902,0,0,0,0,0,0,0,0,0,0,0,0,0,0,0,0,0,0,0,0,0,0,0,0,0,0,0,0,0,0,0,0,0,2.72373676300049,0,0,0,0,0,0,0,121.661677837372,0,10.5622805356979,0,25.3499868363142,0,46.9894491434097,0,28.2561211585999,0,0,0,0,1.81992125511169,0,0,0,0,0,0,0,0,0,0,0,0,0,0,0,0,0,0,146.188564792275,2.43120710551739,106.655837833881,0,0
0,18.41932117939,0,120.65091124177,0,0,0,69.141240477562,0,90.9543847441673,0,13.6918383836746,0,0,0,0,0,0,0,13.1090568900108,0,0,0,0,0,0,0,0,0,0,0,0,0,0,0,157.044599831104,0,0,0,0,0,4.77335095405579,0,0,0,1.46187433600426,0,0,0,9.89838284254074,0,128.080693930387,0,258.431486368179,0,126.243129789829,0,58.0086600780487,0,1.40710099041462,0,8.39735394716263,4.68622326850891,0,0,0,0,0,0,0,0,0,2.1582427918911,0,0,0,0,0,17.4828562140465,0,0.328934967517853,0,153.216535955667,0,255.984943389893,0,0
0,0,0,0,0,0,0,0,0,0,105.570929288864,0,16.6074448823929,0,0,0,0,0,0,0,0,0,0,0,0,0,0,0,0,0,0,0,0,0,0,0,13.9993166923523,0,0,0,0,0,0,0,0,0,0,0,0,0,0,0,47.6466318368912,0,0,0,352.29976439476,0,204.505293488503,0,0,0,0,0,0,0,0,0,0,0,0,0,0,0,0,0,0,0,0,4.1574989259243,0,0,362.691050410271,0,0,0,0
0,0,0,0,0,69.141240477562,0,0,0,0,0,79.9678723216057,0,89.5243756175041,0,0,0,0,0,128.551099807024,0,0,0,0,0,0,0,0,0,0,0,0,0,0,0,0,0,0,0,0,0,0,0,0,0,0,0,0,0,0,0,133.175818741322,0,409.011601448059,0,0,0,177.57323512435,0,125.572354435921,0,0,2.81869131326675,0,0,0,0,0,0,0,0,0,0,0,0,0,0,0,0,0,0,0,626.2822522223,230.955437541008,0,0,0
500.447811633348,0,183.100170820951,0,82.6990389674902,0,0,0,0,0,0,0,0,0,25.4842304289341,0,33.5370701551437,0,68.3027430549264,0,0,0,0,0,131.686350345612,0,50.2426810264587,0,0,0,0,0,0,0,0.690075382590294,0,0,0,61.2113962173462,0,0,0.22796043753624,98.8575284481049,0,0,0,5.23059977591038,0.969334602355957,33.8541790544987,1.00715962052345,7.90354922413826,0,0,0,1082.48087850213,0,0,0,0,0,15.6025725007057,0,0,0,0,0,0,53.6229373514652,0,19.9562419056892,0,0,0,1.02449817955494,0,0,0,0,0,1.55561938881874,0,2.74862737953663,1143.10186512768,68.9122450500727,267.627345532179,0,13.3521148562431
0,225.11080172658,0,0,0,90.9543847441673,0,0,0,0,0,0,0,0.271403610706329,0,170.070869728923,0,25.3589146435261,1.43489646911621,0,0,0,0,0,0,0,0,0,0,0,0,0,0,0,0,0,0,13.2763517200947,0,2.40236186981201,0,81.4907678365707,0,0,0,0,0,0,0,51.869246929884,0,35.195513010025,0,0,0,587.176316604018,0,5.27255149185658,0,36.6018217653036,0,590.423598647118,5.91629338264465,0,0,0,162.095990300179,0,58.4795260429382,0,0,0,6.5216913074255,0,0,0,0,0,2.77109253406525,0,6.00973668694496,0,526.444809615612,134.515737712383,61.0889081954956,4.14777866005898,0
0,0,0,0,0,0,105.570929288864,0,0,0,0,0,253.95204782486,0,0,0,0,0,0,0,956.301076412201,0,0,0,0,0,0,0,35.9372007995844,0,307.902629345655,0,0,0,0,0,156.050217926502,0,645.517950698733,0,0,0,0,0,0,0,0,0,0,0,0,0,0,0,0,0,3136.62086811662,0,90.147070556879,0,0,0,0,620.454179495573,0,0,0,0,0,0,0,328.669100210071,0,339.663512915373,0,0,0,0,0,114.042134732008,0,108.722981736064,674.286086142063,7.33237618207932,62.968897998333,0,0
0,0,0,0,0,13.6918383836746,0,79.9678723216057,0,0,0,0,0,1275.40502291918,0,0,0,0.20220921933651,0.369405210018158,1273.25430990756,0,0,0,0,0,0,0,98.511168628931,0,163.557056829333,0,0,0,0,0,140.283031702042,0,1546.09222589433,0,0,0,1.17145225405693,0.358944356441498,0,0,4.19658476114273,0,0,0,0,0,0.774269461631775,0,69.638451218605,0,0,0,3116.36251799762,0,678.262718871236,0,0,310.205070644617,0,0,0,0,0,0,0,0,0,220.312677979469,0,0,0,0,0,133.322503879666,0,1759.72784639895,0,2292.86098881066,2079.68993265927,9.21348755061626,0.931031286716461,0
0,0,0,0,0,0,16.6074448823929,0,0,0,253.95204782486,0,0,0,63.866564810276,0,0,0,0,0,0,0,0,0,0,0,0,0,22.4459054470062,0,0,0,0,0,0,0,0,0,0,0,0,0,0,0,0,0,0,0,0,0,0,0,0,0,0,0,410.934648633003,0,2430.69408620894,0,234.365054011345,0,0,0,0,0,0,0,0,34.706417798996,0,98.2798362225294,0,0,0,0,0,0,0,0,0,0,1257.2350076139,410.038672268391,0,0,0
0,0,0,0,0,0,0,89.5243756175041,0,0.271403610706329,0,1275.40502291918,0,0,0,24.4302853047848,0,0,0,0,0,0,0,0,0,0.557152628898621,0,86.3907277584076,0,42.8126054406166,0,0,0,0,0,0,0,0,0,0,0,0,0,0,0,0,0,0,0,0,0,0,0,14.9072606563568,0,0,0,1060.72377455235,0,1249.95004470646,0,99.0437058210373,0,0,0,0,0,0,0,0,36.2877470850945,0,14.7089536190033,0,0,0,0,0,0,0,0,0,2022.81704422832,3404.29362753034,0,0,0
0,0,0,0,0,0,0,0,25.4842304289341,0,0,0,63.866564810276,0,0,0,34.8145734071732,0,0,0,0,0,0,0,0,0,8.07444155216217,0,4.99185502529144,0,0,0,0,0,0,0,0,0,0,0,0,0,0,0,0,0,0,0,0,0,0,0,0,0,36.8093936741352,0,0,0,0,0,159.003792703152,0,0,0,0,0,0,0,0,70.5278920531273,0,1,0,0,0,0,0,0,0,0,0,0,176.631375968456,84.3640760779381,0,0,0
0,11.4688790142536,0,0,0,0,0,0,0,170.070869728923,0,0,0,24.4302853047848,0,0,0,64.3167207539082,0,0,0,0.496388554573059,0,30.9798413813114,0,224.750011622906,0,2.02432388067245,0,0,0,0,0,0,0,0,0,0,0,0,0,0,0,0,0,0,0,0,0,10.3864635229111,0,0,0,0,0,53.6557120084763,0,0,0,166.887378051877,0,911.765709280968,0,0,0,0,0,0,209.913659572601,0,0,0,0,0,0,0,0,0,0,0,0,0,107.597377002239,11.0424408018589,0,0,0
0,0,0.122223526239395,0,0,0,0,0,33.5370701551437,0,0,0,0,0,34.8145734071732,0,0,6900.55944577605,2828.28416805714,0,0,13.2389344274998,79.5479944944382,11.0031891912222,169.463996976614,0,1551.63564702868,0,20.5572184920311,0,0,0,0,0,0,0,0,0,0,25.9800854548812,47.995238982141,30.0613017901778,112.583298049867,0,0,52.839978069067,94.1574667543173,0,0.191537365317345,0.137611776590347,0,0,0,0,0,0,0,0.487647153437138,0,0,98.6129226088524,0,4.726324044168,15.5508238300681,0,0.773570895195007,0,2.25126484036446,0,195.015610158443,0,0,0.626239031553268,3.43673273921013,0,0,0,0,43.2100647613406,51.6102679148316,0.756618916988373,5.11625878512859,1465.54354506731,0,222.929078441113,0.741324916481972,11.0597765743732
0.22208458930254,1.70132374763489,0,1.09289291501045,0,0,0,0,0,25.3589146435261,0,0.20220921933651,0,0,0,64.3167207539082,6900.55944577605,0,4284.92064402625,0,0,108.167359560728,0,40.8234542459249,0,546.178034991026,0,22.6278979480267,0,0,0,0,0,0,0,0,0,0,0,134.020519066602,46.8587125912309,180.93611446023,81.1147573888302,0,0,194.325684972107,61.4358380660415,0,0,0,0,0,0,0,0,10.5449789762497,0,11.5029842332006,0,0.108611911535263,0,123.805076122284,38.7438238859177,9.83828161656857,0.425944656133652,0,0,0,393.350428521633,0,84.5884930491447,0,12.3096177577972,1.29897571355104,0,0,0,0,275.68577908352,33.9388866648078,17.9824972897768,2.504709020257,2920.02991391718,342.200778543949,520.625815622509,4.86915791034698,4.80963639914989
26.8266873881221,16.272999972105,1.04735501110554,2.06964185833931,0,0,0,0,68.3027430549264,1.43489646911621,0,0.369405210018158,0,0,0,0,2828.28416805714,4284.92064402625,0,2.76112174987793,0,4.53830274939537,0,2.14388088881969,0,0,0,0,0,0,0,0,0,0,0,0,0,0.790885865688324,1.26124173402786,235.696098349988,245.737652979791,366.168849121779,845.147482991219,0,0,670.298602171242,707.584282517433,0,4.32066169381142,1.76563623547554,0,2.0073314756155,0,0,3.59951019287109,0,1.89516896009445,30.6440072283149,0,0,0,0,105.336238630116,94.2625600770116,0,0,0,0,0,0,0,0,42.067577585578,119.809394985437,0,0,0,0,604.957007274032,409.752786882222,33.0849897116423,53.5842311829329,3264.22346277535,0,3547.65245898068,25.9626342654228,83.8443686291575
0,0.434211656451225,0,2.5870503783226,0,13.1090568900108,0,128.551099807024,0,0,0,1273.25430990756,0,0,0,0,0,0,2.76112174987793,0,0,0,0,0,0,0,0,0,0,0,0,0,0,0,0,795.329402774572,0,443.484527915716,0,5.61383759975433,0,0,0,0,0,8.68399500846863,0,0,0,0,0,0,0,18.2744685411453,0,0,0,849.09163941443,0,0,0,0,1282.6017293632,0,0,0,0,0,0,0,0,0,21.6077736616135,0,0,0,0,0,220.551827698946,0,319.772429674864,0,440.286615774035,1.24226891994476,12.1004935503006,0,0
0,0,0,0,0,0,0,0,0,0,956.301076412201,0,0,0,0,0,0,0,0,0,0,0,0,0,0,0,0,0,0,0,0,0,0,0,0,0,534.611727461219,0,339.84280860424,0,0,0,0,0,0,0,0,0,0,0,2.08688545227051,0,0,0,0,0,229.912860319018,0,0,0,0,0,0,2066.38281929493,0,0,0,0,0,0,0,0,0,0.3405901491642,0,0,0,0,0,186.201361045241,0,3.60932898521423,178.498329937458,0,73.8877246975899,0,0
0,0,0,0,0,0,0,0,0,0,0,0,0,0,0,0.496388554573059,13.2389344274998,108.167359560728,4.53830274939537,0,0,0,4160.95180107653,255.549028590322,1.00561165809631,260.101309493184,0,140.814306825399,0,0,0,0,0,0,0,0,0,1445.82508170605,105.053849369287,0,0,0.0783895328640938,0,0,0,0,0,0,0,183.805966436863,0,0,0,0,0,0,0,0,0,0,0,0,0,0,21348.6647082716,761.329631403089,768.334354013205,0,155.121579304338,0,124.991975307465,0,0,0,0,0,6.90356869995594,1.07329428195953,0,0,1244.21971206367,20.3688305914402,3186.84964822233,1846.47787475586,2.71243312954903,0,0
0,0,0,0,0,0,0,0,0,0,0,0,0,0,0,0,79.5479944944382,0,0,0,0,4160.95180107653,0,0,371.402403026819,0,453.704669490457,0,368.559451073408,0,0,0,0,0,0,0,0,86.7368268668652,1173.08230139315,0,0,0,0,0,0,0,0,1.89977896213531,0,0,0,0,0,0,0,0,0,0,0,0,0,0,0,0,601.696090400219,13433.0950439721,0,72.7918137609959,0,25.4897085428238,0,25.2010924518108,0,0,0,0,0,4.67611117660999,0,0,1.17248278856277,778.087314516306,3141.4193367362,1407.59444181621,0,0,0
0,2.67660474777222,0,0,0,0,0,0,0,0,0,0,0,0,0,30.9798413813114,11.0031891912222,40.8234542459249,2.14388088881969,0,0,255.549028590322,0,0,0,129.145288258791,0,0,0,0,0,0,0,0,0,0,0,231.817650943995,0.769156873226166,0,0.127060011029243,0,0,0,0,0,0.18737319111824,0,0,151.260103717446,0,0,0,0,0,36.3362939357758,0,0,0,0,0,22.3456454277039,0,0,114.033982500434,0,474.507190018892,0,536.767902418971,0,18.6820649504662,0,0,0,0,0,1.54918545484543,0,0.147230088710785,0,116.989988476038,0,187.721956655383,0,12.6937657743692,0,0
0,0.184286311268806,0,0.20419143140316,0,0,0,0,131.686350345612,0,0,0,0,0,0,0,169.463996976614,0,0,0,0,1.00561165809631,371.402403026819,0,0,0,170.542786389589,0,0,0,0,0,0,0,0,0,0,0.165072917938232,618.583014860749,0,0,1.71479292213917,5.34133666753769,0,0,0,0,7.02124172449112,5.99638286232948,6.79702435433865,0,0,0,0,23.9092130064964,0,0,0.227738693356514,0,0,0,0,0,0,0,985.304388403893,0,2019.22822445631,0,2.80055177211761,0,0,0.81750026345253,0,0,0,0,9.06573233008385,0,0,5.96710884571075,455.789238989353,1060.68250243366,1.61681766808033,13.7453202307224,0,0
0,0,0,0,0,0,0,0,0,0,0,0,0,0.557152628898621,0,224.750011622906,0,546.178034991026,0,0,0,260.101309493184,0,129.145288258791,0,0,0,76.3880697190762,0,0,0,0,0,0,0,0,0,0,0,0,0,0,0,0,0,0,0,0,0,0,0,0,0,0,0,0,0,0,0,0,0,47.2462677955627,0,0,223.921202361584,0,280.96011286974,0,2434.0370991528,0,60.8898019790649,0,0,0,0,0,0,0,0,0,0,0,587.117142289877,18.6476500630379,0,0,0
0,0,0,0,0,0,0,0,50.2426810264587,0,0,0,0,0,8.07444155216217,0,1551.63564702868,0,0,0,0,0,453.704669490457,0,170.542786389589,0,0,0,55.9699161946774,0,0,0,0,0,0,0,0,0,0,0,0,0,0,0,0,0,0,0,0,0,0,0,0,0,0,0,0,0,0,0,11.5181016921997,0,0,0,0,786.96904964745,0,1233.84974715114,0,441.950430542231,0,16.9819829463959,0,0,0,0,0,0,0,0,0,0,183.387064576149,0,0,0,0
0,0,0,0,0,0,0,0,0,0,0,98.511168628931,0,86.3907277584076,0,2.02432388067245,0,22.6278979480267,0,0,0,140.814306825399,0,0,0,76.3880697190762,0,0,0,474.844237908721,0,0,0,0,0,0,0,160.626161366701,0,0,0,0,0,0,0,0,0,0,0,0,0,0,0,0,0,0,0,294.178213506937,0,88.9197329878807,0,0,0,0,52.6830719709396,0,0,0,169.814859837294,0,8208.6795244813,0,710.468738034368,0,0,0,0,0,0,0,188.806869953871,0,868.636615440249,2758.86707496643,0,0,0
0,0,0,0,0,0,0,0,0,0,35.9372007995844,0,22.4459054470062,0,4.99185502529144,0,20.5572184920311,0,0,0,0,0,368.559451073408,0,0,0,55.9699161946774,0,0,0,199.116147279739,0,0,0,0,0,0,0,0,0,0,0,0,0,0,0,0,0,0,0,0,0,0,0,0,0,79.7411745339632,0,58.154510602355,0,50.7374643087387,0,0,0,0,173.331822216511,0,0,0,361.899591714144,0,3004.51880575716,0,171.707169592381,0,0,0,0,0,0,0,1,143.980955600739,13.7770578861237,0,0,0
0,0,0,0,0,0,0,0,0,0,0,163.557056829333,0,42.8126054406166,0,0,0,0,0,0,0,0,0,0,0,0,0,474.844237908721,0,0,0,0,0,0,0,0,0,408.067950338125,0,0,0,0,0,0,0,0,0,0,0,0,0,0,0,0,0,0,0,196.596719563007,0,1.85039114952087,0,0,0,0,0,0,0,0,0,0,14.4022483378649,0,1625.10046582669,0,0,0,0,0,0,0,125.083836898208,0,189.149739801884,60.6485213041306,0,0,0
0,0,0,0,0,0,0,0,0,0,307.902629345655,0,0,0,0,0,0,0,0,0,0,0,0,0,0,0,0,0,199.116147279739,0,0,0,0,0,0,0,0,0,256.580799788237,0,0,0,0,0,0,0,0,0,0,0,0,0,0,0,0,0,25.2449523359537,0,0,0,0,0,0,0,0,0,0,0,0,0,0,180.266730964184,0,918.112015038729,0,0,0,0,0,0,0,223.772495120764,3.39288663864136,0,0,0,0
0,0,0,0,0,0,0,0,0,0,0,0,0,0,0,0,0,0,0,0,0,0,0,0,0,0,0,0,0,0,0,0,2603.025273785,252.560751214623,2.2657228410244,484.46875372529,123.312699317932,0,0,0,0,0,0,0,0,0,0,2598.84093698859,3.38541926443577,2.79334816336632,0,0,0,0,0,0,0,0,0,0,0,0,0,0,0,0,0,0,0,0,0,0,0,0,858.434561610222,1349.15467602015,67.2299663424492,3.98668147623539,257.346910297871,128.881114244461,0,0,175.878703415394,0,0,0,0
0,0,0,0,0,0,0,0,0,0,0,0,0,0,0,0,0,0,0,0,0,0,0,0,0,0,0,0,0,0,0,2603.025273785,0,105.999083459377,217.091661915183,146.302180498838,463.875289693475,0,0,0,0,0,0,0,0,0,0,1347.16094020009,0,0,0,0,0,0,0,0,0,0,0,0,0,0,0,0,0,0,0,0,0,0,0,0,0,0,1365.08259963989,1728.85243327916,35.9593772888184,137.462199285626,69.6749155521393,735.970152810216,0,0,75.0443198084831,0,0,0,0
0,0,0,0,0,0,0,0,0,0,0,0,0,0,0,0,0,0,0,0,0,0,0,0,0,0,0,0,0,0,0,252.560751214623,105.999083459377,0,2104.78917038441,365.80640989542,1.24072372913361,81.9294510707259,32.2066542506218,0,0,0,0,0,0,0,0,1615.56057932973,2.07011705636978,2.6260532438755,0,0,0,0,0,0.269137680530548,0,0,0,0,0,0,0,0,0,0,0.242392674088478,0,0,0,0,0,0,0,173.574467688799,9.13631182909012,4996.71013971418,594.83940269053,536.634759247303,0.624716520309448,380.866000071168,26.2929886579514,457.316516906023,56.005874812603,0,0,0
0,0.856871545314789,0,0,0,0,0,0,0.690075382590294,0,0,0,0,0,0,0,0,0,0,0,0,0,0,0,0,0,0,0,0,0,0,2.2657228410244,217.091661915183,2104.78917038441,0,0,730.647424787283,288.867849305272,673.621899232268,0,0,1.99141463637352,0.208413928747177,0,0,0,0,1958.25552643836,94.996620118618,133.30479966104,0,0,0,0,0,0,0,0,0,0,0,0,0,0,0,1.46101224422455,0,0,0,0,0,0,8.6408449858427,2.84715795516968,40.3856601119041,236.917982622981,1773.22768433392,1757.0782853812,0,198.923687845469,542.874167889357,586.251972131431,914.965160012245,54.8807174563408,11.9930477440357,0,0
0,0,0,0,0,157.044599831104,0,0,0,0,0,140.283031702042,0,0,0,0,0,0,0,795.329402774572,0,0,0,0,0,0,0,0,0,0,0,484.46875372529,146.302180498838,365.80640989542,0,0,1920.52317026258,1338.59321248531,114.98829048872,17.3389223366976,0,0,0,0,0,0,0,107.326047062874,0,0,0,0,0,0,0,0,0,55.6778053045273,0,0,0,0,499.042290821671,0,0,0,0,0,0,0,0,0,0,0,460.733241736889,37.9983563423157,744.639858469367,0,29876.0998693407,1211.71654661,286.85246630758,0,7197.61724415421,2835.55259932578,57.2945695668459,0,0
0,0,0,0,0,0,13.9993166923523,0,0,0,156.050217926502,0,0,0,0,0,0,0,0,0,534.611727461219,0,0,0,0,0,0,0,0,0,0,123.312699317932,463.875289693475,1.24072372913361,730.647424787283,1920.52317026258,0,34.7442890405655,2743.63328483701,3.23821675777435,19.6553063392639,0,0,0,0,0,3.48658458888531,194.212959975004,0,0,7.81500124931335,0,0,0,0,0,297.528760671616,0,0,0,0,0,0,2020.41786302626,0,0,0,0,0,0,0,0,0,0,159.449654653668,1116.37183244526,14.488939344883,364.575815849006,1650.90775024891,23337.397433646,0,509.731008820236,3862.47808757424,719.415732368827,134.043304637074,0,0
0,36.1051720827818,0,0,0,0,0,0,0,13.2763517200947,0,1546.09222589433,0,0,0,0,0,0,0.790885865688324,443.484527915716,0,1445.82508170605,86.7368268668652,231.817650943995,0.165072917938232,0,0,160.626161366701,0,408.067950338125,0,0,0,81.9294510707259,288.867849305272,1338.59321248531,34.7442890405655,0,453.539803504944,0,0,88.5833277106285,0,0,0,14.0131986737251,0,681.498296022415,0.246940866112709,733.925523087382,0,0,0,0,0,23.3667836338282,0,727.766805663705,0,0,0,0.512876272201538,132.190431252122,0,208.43325945735,98.3825939744711,236.547938659787,0.98723691701889,0,0,111.216784223914,0,206.810393199325,0,0,0,125.216845728457,9.73065708577633,1026.80208627135,0,21779.5627054721,74.4292337745428,2749.56800295413,2403.401822716,315.354176968336,0,0
0.509451031684875,4.45492954552174,0,0.343396455049515,0,0,0,0,61.2113962173462,0,645.517950698733,0,0,0,0,0,0,0,1.26124173402786,0,339.84280860424,105.053849369287,1173.08230139315,0.769156873226166,618.583014860749,0,0,0,0,0,256.580799788237,0,0,32.2066542506218,673.621899232268,114.98829048872,2743.63328483701,453.539803504944,0,0,0,28.6604236364365,35.9139162302017,0,0,0,0.315907865762711,1026.16608373821,38.4758032262325,154.257179945707,0,0,0,0,15.760829359293,0.910496592521667,922.433977030218,0.282446324825287,0,0,0,0,0.835355669260025,290.891027152538,13.9000604152679,850.272030368447,0,189.014940947294,0,0,0,1,5.83358146250248,189.002784147859,0,0,39.406666457653,447.134920418262,44.7210038155317,1065.30500179529,296.682755343616,18329.4017574191,2498.33019936085,205.453242897987,187.997041106224,0,0
0,1.04437260329723,0,3.16335354745388,0,0,0,0,0,2.40236186981201,0,0,0,0,0,0,25.9800854548812,134.020519066602,235.696098349988,5.61383759975433,0,0,0,0,0,0,0,0,0,0,0,0,0,0,0,17.3389223366976,3.23821675777435,0,0,0,0.713596761226654,435.160547420382,6.46195678412914,0,0,914.392744317651,2.56187118589878,72.749143384397,1.22357343137264,343.513047583401,0,0,0,0,0,0,0,20.2293533831835,0,0.308463156223297,0,0,444.00973276794,0,0,0,0,0,0,0,0,0,21.5730402693152,0,0,0,0,0,1290.13837694377,0,11.844805598259,0,258.847835876048,0,1934.76676492393,21.8107939511538,0.142402738332748
0.30064332485199,0,0.895881772041321,0,0,0,0,0,0,0,0,0,0,0,0,0,47.995238982141,46.8587125912309,245.737652979791,0,0,0,0,0.127060011029243,0,0,0,0,0,0,0,0,0,0,0,0,19.6553063392639,0,0,0.713596761226654,0,2.28556351363659,318.569706477225,0,0.330713003873825,5.70183591544628,480.874475583434,12.3701381087303,157.739425033331,0,0,0,0,0,0,0,0,0,0,0,0,0,0,229.642240479589,0,0,0,0,0,0,0,0,0,10.9843329340219,0,0,0,0,0.770431771874428,908.657006300986,0,1.83705830574036,174.049949489534,0,835.922919414937,0,6.49314916133881
0,217.514700740576,0,87.7927711755037,0,4.77335095405579,0,0,0.22796043753624,81.4907678365707,0,1.17145225405693,0,0,0,0,30.0613017901778,180.93611446023,366.168849121779,0,0,0.0783895328640938,0,0,1.71479292213917,0,0,0,0,0,0,0,0,0,1.99141463637352,0,0,88.5833277106285,28.6604236364365,435.160547420382,2.28556351363659,0,307.337303362787,1.844393491745,0,255.425609171391,8.18869494646788,10.3915164768696,1.19409200549126,386.276327721775,0,0.803114697337151,0,0,1.16546237468719,53.5327351093292,0,909.351374089718,0,10.5315552502871,0,10.8067064881325,492.581142149866,1.29281660169363,0,0,0,2.10874386876822,0,0,6.14157962799072,1.24486517906189,523.278731159866,1.04972778260708,0,0,0,0,1452.03198880702,1.47785431146622,121.740308023989,8.32781784236431,872.351389795542,1.8584691286087,3314.1434057802,168.570229701698,1.13205575942993
74.9756757169962,0,24.0106264948845,0,2.72373676300049,0,0,0,98.8575284481049,0,0,0.358944356441498,0,0,0,0,112.583298049867,81.1147573888302,845.147482991219,0,0,0,0,0,5.34133666753769,0,0,0,0,0,0,0,0,0,0.208413928747177,0,0,0,35.9139162302017,6.46195678412914,318.569706477225,307.337303362787,0,0,1.0596948415041,8.93276611715555,351.246808759868,2.20025263726711,316.906686127186,0.247781947255135,0,0,0,0,7.88134559988976,0,17.3408857285976,0,0,0,0,0,5.39654356241226,191.372590370476,0,0,0,4.80270875990391,0,0,0,9.31388774514198,0.310908012092113,573.59232121706,0,0,0,0,8.25004947185516,903.282468818128,0.452551230788231,64.5563327223063,1051.36224858463,0.512575507164001,3751.23052264005,0,209.101909220219
0,0,0,0,0,0,0,0,0,0,0,0,0,0,0,0,0,0,0,0,0,0,0,0,0,0,0,0,0,0,0,0,0,0,0,0,0,0,0,0,0,1.844393491745,0,0,0,0,0,0,0,0,0,0,0,0,0,0,0,0,0,0,0,0,0,0,0,0,0,0,0,0,0,0,0,0,0,0,0,0,0,0,0,0,0,0,0,0,0
0,0,0,0,0,0,0,0,0,0,0,0,0,0,0,0,0,0,0,0,0,0,0,0,0,0,0,0,0,0,0,0,0,0,0,0,0,0,0,0,0.330713003873825,0,1.0596948415041,0,0,0,0,0,0,0,0,0,0,0,0,0,0,0,0,0,0,0,0,0,0,0,0,0,0,0,0,0,0,0,0,0,0,0,0,0,0,0,0,0,0,0,0
0,13.5192997455597,0,15.2199079990387,0,1.46187433600426,0,0,0,0,0,4.19658476114273,0,0,0,0,52.839978069067,194.325684972107,670.298602171242,8.68399500846863,0,0,0,0,0,0,0,0,0,0,0,0,0,0,0,0,0,14.0131986737251,0,914.392744317651,5.70183591544628,255.425609171391,8.93276611715555,0,0,0,9.51096484065056,0,0,4.13560868799686,0,5.47582218050957,0,0,0,0.93375039100647,0,18.7401587367058,0,0,0,1.87690854072571,854.318269304931,0.368491947650909,0,0,0,0,0,0,0,0,12.6054183244705,1.37508243322372,0,0,0,0,1621.27679932117,2.13176452368498,94.9044376388192,0.726344659924507,235.517052970827,0,1022.07810283452,0.249712862074375,0
0.1675835698843,0,7.86644466221333,0,0,0,0,0,5.23059977591038,0,0,0,0,0,0,0,94.1574667543173,61.4358380660415,707.584282517433,0,0,0,0,0.18737319111824,0,0,0,0,0,0,0,0,0,0,0,0,3.48658458888531,0,0.315907865762711,2.56187118589878,480.874475583434,8.18869494646788,351.246808759868,0,0,9.51096484065056,0,0,5.79794596135616,0,0,0,0,0,0.496113017201424,0,0,0,0,0,0,0,0,1029.20957617462,0,0,0,0,0,0,0,0,0.23404686152935,20.6759983301163,0,0,0,0,10.7148477882147,1622.4832938835,0,98.7599633038044,197.316848784685,0,1397.40956321359,0,12.0616832077503
0,12.6737265884876,0,0,0,0,0,0,0.969334602355957,0,0,0,0,0,0,0,0,0,0,0,0,0,1.89977896213531,0,7.02124172449112,0,0,0,0,0,0,2598.84093698859,1347.16094020009,1615.56057932973,1958.25552643836,107.326047062874,194.212959975004,681.498296022415,1026.16608373821,72.749143384397,12.3701381087303,10.3915164768696,2.20025263726711,0,0,0,0,0,1192.59700517356,3042.65623154491,0,0,0,0,0.29554209113121,1.06753358244896,0,0.487705960869789,0,0,0,0.466466248035431,0,0,0,8.65409119427204,0.607243537902832,8.66031999886036,0,0,0,0,15.2987292408943,1.06190866231918,967.50339204073,624.079359337687,262.512436807156,243.706806525588,275.748896360397,383.558218494058,319.395632535219,423.317130967975,1290.98930260539,2.00301241874695,262.514857113361,0,0
148.490720808506,0.416105300188065,31.3774327784777,0,0,0,0,0,33.8541790544987,0,0,0,0,0,0,0,0.191537365317345,0,4.32066169381142,0,0,0,0,0,5.99638286232948,0,0,0,0,0,0,3.38541926443577,0,2.07011705636978,94.996620118618,0,0,0.246940866112709,38.4758032262325,1.22357343137264,157.739425033331,1.19409200549126,316.906686127186,0,0,0,5.79794596135616,1192.59700517356,0,1201.30805049837,0,0,0,0,34.6054192185402,0,0,0,0,0,65.1009986400604,0,0,0.503294169902802,0,14.6497752666473,0,63.5429566651583,0,16.3767689466476,0,92.3286890983582,0.482766702771187,340.590151399374,0,3.48676347732544,0,18.5722728967667,0,4.56558108329773,8.53292663395405,942.61313483119,546.789288669825,0,841.798562943935,0,0.33197546005249
0.432273179292679,459.062503695488,0,12.4850294589996,0,9.89838284254074,0,0,1.00715962052345,51.869246929884,0,0,0,0,0,10.3864635229111,0.137611776590347,0,1.76563623547554,0,0,183.805966436863,0,151.260103717446,6.79702435433865,0,0,0,0,0,0,2.79334816336632,0,2.6260532438755,133.30479966104,0,0,733.925523087382,154.257179945707,343.513047583401,0,386.276327721775,0.247781947255135,0,0,4.13560868799686,0,3042.65623154491,1201.30805049837,0,0,0,0,0,0.620499789714813,124.159369364381,0,28.5844730436802,0,82.5482649952173,0,283.389693245292,2.39629733562469,0,107.756331086159,1.62112478911877,160.127276450396,3.31261977553368,93.2451538741589,0,396.95049393177,0,31.1394853368402,0,0.908595383167267,0,0,8.29553655534983,106.617895483971,0,471.034929156303,75.9385178685188,1205.94845423102,0,1007.89971054345,0.148451834917068,0
0.412324160337448,0,86.5366066843271,0,121.661677837372,0,0,0,7.90354922413826,0,0,0,0,0,0,0,0,0,0,0,2.08688545227051,0,0,0,0,0,0,0,0,0,0,0,0,0,0,0,7.81500124931335,0,0,0,0,0,0,0,0,0,0,0,0,0,0,0,0,0,6.43574863672256,0,164.840306162834,0,50.9600801467896,0,12.1868211627007,0,0,16.207320690155,0,0,0,0,0,0,0,0,0,0,0,0,0,0,0,0,0,0,108.420620679855,0,3.15533199906349,0,0
0,0,0,28.3950941115618,0,128.080693930387,0,133.175818741322,0,35.195513010025,0,0.774269461631775,0,0,0,0,0,0,2.0073314756155,0,0,0,0,0,0,0,0,0,0,0,0,0,0,0,0,0,0,0,0,0,0,0.803114697337151,0,0,0,5.47582218050957,0,0,0,0,0,0,0,51.3760503530502,0,26.9304636567831,0,211.892018169165,0,5.95112563669682,0,5.41686779260635,6.94753356277943,0,0,0,0,0,0,0,0,0,2.98736754059792,0,0,0,0,0,2.13512708246708,0,0,0,13.6276400983334,0,85.6550114154816,0,0
0,0,0,0,10.5622805356979,0,47.6466318368912,0,0,0,0,0,0,0,0,0,0,0,0,0,0,0,0,0,0,0,0,0,0,0,0,0,0,0,0,0,0,0,0,0,0,0,0,0,0,0,0,0,0,0,0,0,0,0,0,0,164.097115576267,0,108.490494012833,0,0,0,0,0,0,0,0,0,0,0,0,0,0,0,0,0,0,0,0,0,0,0,59.7681688070297,0,0,0,0
0,0,0,0,0,258.431486368179,0,409.011601448059,0,0,0,69.638451218605,0,14.9072606563568,0,0,0,0,0,18.2744685411453,0,0,0,0,0,0,0,0,0,0,0,0,0,0,0,0,0,0,0,0,0,0,0,0,0,0,0,0,0,0,0,51.3760503530502,0,0,0,0,0,403.483030050993,0,0,0,0,2.41111016273499,0,0,0,0,0,0,0,0,0,0,0,0,0,0,0,0,0,0,0,326.27147424221,60.8990292549133,0,0,0
223.266596436501,0.299894064664841,159.889950230718,0,25.3499868363142,0,0,0,1082.48087850213,0,0,0,0,0,36.8093936741352,0,0,0,3.59951019287109,0,0,0,0,0,23.9092130064964,0,0,0,0,0,0,0,0,0,0,0,0,0,15.760829359293,0,0,1.16546237468719,7.88134559988976,0,0,0,0.496113017201424,0.29554209113121,34.6054192185402,0.620499789714813,6.43574863672256,0,0,0,0,0,9.22193217277527,0,5.51411810517311,0,56.6980165541172,0,0,0,0,0,0,319.69884814322,0,2.92653810977936,0,0,0,0.478823959827423,0,0,0,0,0,0.239932969212532,0,7.37468802928925,207.572508975863,6.65718251466751,96.0642796009779,0,0.281057685613632
0,398.843243941665,0,27.6256769448519,0,126.243129789829,0,0,0,587.176316604018,0,0,0,0,0,53.6557120084763,0,10.5449789762497,0,0,0,0,0,36.3362939357758,0,0,0,0,0,0,0,0,0,0.269137680530548,0,0,0,23.3667836338282,0.910496592521667,0,0,53.5327351093292,0,0,0,0.93375039100647,0,1.06753358244896,0,124.159369364381,0,26.9304636567831,0,0,0,0,0,5.94791048765182,0,72.5984912365675,0,661.596052259207,0.773787915706635,0,0,0,72.6572246551514,0,31.3860294818878,0,0,0,0.466639041900635,0,0,0,0.169242292642593,0,3.68978846073151,0,19.8580895215273,0,200.901548206806,0,138.677010551095,0,0
0,0,0,0,46.9894491434097,0,352.29976439476,0,0,0,3136.62086811662,0,410.934648633003,0,0,0,0,0,1.89516896009445,0,229.912860319018,0,0,0,0,0,0,0,79.7411745339632,0,25.2449523359537,0,0,0,0,0,297.528760671616,0,922.433977030218,0,0,0,17.3408857285976,0,0,0,0,0,0,0,164.840306162834,0,164.097115576267,0,9.22193217277527,0,0,0,193.553282558918,0,3.79847121238708,0,0,230.244454264641,0,0,0,0,0,0,0,161.550101429224,0,587.270687751472,0,0,0,0,0,110.62482714653,0,23.8718575537205,739.767353594303,0.851124972105026,176.733272880316,0,0
0,19.3110002875328,0,47.0395822376013,0,58.0086600780487,0,177.57323512435,0,5.27255149185658,0,3116.36251799762,0,1060.72377455235,0,0,0.487647153437138,11.5029842332006,30.6440072283149,849.09163941443,0,0,0,0,0.227738693356514,0,0,294.178213506937,0,196.596719563007,0,0,0,0,0,55.6778053045273,0,727.766805663705,0.282446324825287,20.2293533831835,0,909.351374089718,0,0,0,18.7401587367058,0,0.487705960869789,0,28.5844730436802,0,211.892018169165,0,403.483030050993,0,5.94791048765182,0,0,0,687.634628102183,0,23.9269769191742,1069.48061051965,0,0,0,0,0,0,0,113.921980276704,0,1559.23880207539,0.431397318840027,0,0,0,0,32.6507676765323,0,331.418293938041,0,1427.38768331707,293.913541436195,783.199016667902,23.370460242033,0
0,0,0,0,28.2561211585999,0,204.505293488503,0,0,0,90.147070556879,0,2430.69408620894,0,0,0,0,0,0,0,0,0,0,0,0,0,0,0,58.154510602355,0,0,0,0,0,0,0,0,0,0,0,0,0,0,0,0,0,0,0,0,0,50.9600801467896,0,108.490494012833,0,5.51411810517311,0,193.553282558918,0,0,0,0,0,0,0,0,0,0,0,0,0,0,14.5075686424971,0,0,0,0,0,0,0,0,0,0,686.525016352534,110.937834441662,1.70775473117828,0,0
0,19.3603323400021,0,171.610443353653,0,1.40710099041462,0,125.572354435921,0,36.6018217653036,0,678.262718871236,0,1249.95004470646,0,166.887378051877,0,0.108611911535263,0,0,0,0,0,0,0,0,0,88.9197329878807,0,1.85039114952087,0,0,0,0,0,0,0,0,0,0.308463156223297,0,10.5315552502871,0,0,0,0,0,0,0,82.5482649952173,0,5.95112563669682,0,0,0,72.5984912365675,0,687.634628102183,0,0,0,207.452653482556,1.02114677429199,0,0,0,0,0,0,0,506.100365608931,0,39.7996723204851,0,0,0,0,0,0,0,0,0,997.297309905291,547.330971360207,51.8328250199556,0.251506835222244,0
14.0456765890121,0,0,0,0,0,0,0,15.6025725007057,0,0,0,234.365054011345,0,159.003792703152,0,98.6129226088524,0,0,0,0,0,0,0,0,0,11.5181016921997,0,50.7374643087387,0,0,0,0,0,0,0,0,0,0,0,0,0,0,0,0,0,0,0,65.1009986400604,0,12.1868211627007,0,0,0,56.6980165541172,0,3.79847121238708,0,0,0,0,0,0,0,0,0,0,0.362305194139481,0,37.9728975296021,0,25.7787808179855,0,0,0,0,0,0,0,0,0,0,424.890897989273,14.3483568429947,2.00881218910217,0,0
0,338.02884490788,0,190.423663005233,0,8.39735394716263,0,0,0,590.423598647118,0,0,0,99.0437058210373,0,911.765709280968,0,123.805076122284,0,0,0,0,0,22.3456454277039,0,47.2462677955627,0,0,0,0,0,0,0,0,0,0,0,0.512876272201538,0,0,0,10.8067064881325,0,0,0,1.87690854072571,0,0.466466248035431,0,283.389693245292,0,5.41686779260635,0,0,0,661.596052259207,0,23.9269769191742,0,207.452653482556,0,0,3.15648837387562,0,0,0,74.4651501178741,0,78.4897840321064,0,0,0,0,0,0,0,0,0,1.02674788236618,0,0.603210955858231,0,43.9152849316597,0,71.0204916447401,2.29757452011108,0
0,20.0377799198031,0,32.8762902617455,0,4.68622326850891,0,2.81869131326675,0,5.91629338264465,0,310.205070644617,0,0,0,0,4.726324044168,38.7438238859177,105.336238630116,1282.6017293632,0,0,0,0,0,0,0,0,0,0,0,0,0,0,0,499.042290821671,0,132.190431252122,0.835355669260025,444.00973276794,0,492.581142149866,5.39654356241226,0,0,854.318269304931,0,0,0,2.39629733562469,0,6.94753356277943,0,2.41111016273499,0,0.773787915706635,0,1069.48061051965,0,1.02114677429199,0,3.15648837387562,0,0,0,0,0,0,0,0,3.20267564058304,0,432.410087183118,0,0,0,0,0,1217.46958941966,0,402.808631882071,0,593.862863190472,0,816.529010236263,57.9406406283379,0
0,0,0,0,1.81992125511169,0,0,0,0,0,620.454179495573,0,0,0,0,0,15.5508238300681,9.83828161656857,94.2625600770116,0,2066.38281929493,0,0,0,0,0,0,0,0,0,0,0,0,0,0,0,2020.41786302626,0,290.891027152538,0,229.642240479589,1.29281660169363,191.372590370476,0,0,0.368491947650909,1029.20957617462,0,0.503294169902802,0,16.207320690155,0,0,0,0,0,230.244454264641,0,0,0,0,0,0,0,0,0,0,0,0,0,0,0,0,32.7085212916136,0,0,0,0,0,848.059690125287,0,221.83630245924,672.302083924413,0,1841.15463455766,0,0
0,0,0,0,0,0,0,0,0,0,0,0,0,0,0,0,0,0.425944656133652,0,0,0,21348.6647082716,601.696090400219,114.033982500434,0,223.921202361584,0,52.6830719709396,0,0,0,0,0,0,0,0,0,208.43325945735,13.9000604152679,0,0,0,0,0,0,0,0,0,0,107.756331086159,0,0,0,0,0,0,0,0,0,0,0,0,0,0,0,57.1124111711979,324.459783017635,0,240.773904070258,0,227.897590234876,0,0,0,0,0,2.6133735626936,0,0,0,269.422009244561,0,1329.56039659679,942.763684600592,0,0,0
0,0,0,0,0,0,0,0,0,0,0,0,0,0,0,0,0.773570895195007,0,0,0,0,761.329631403089,13433.0950439721,0,985.304388403893,0,786.96904964745,0,173.331822216511,0,0,0,0,0,1.46101224422455,0,0,98.3825939744711,850.272030368447,0,0,0,0,0,0,0,0,8.65409119427204,14.6497752666473,1.62112478911877,0,0,0,0,0,0,0,0,0,0,0,0,0,0,57.1124111711979,0,0,274.250233829021,0,134.49307307601,0,27.5255457758904,0,0,0,0,0,7.98162604868412,0,0,6.06456080079079,374.662355616689,1225.58929860592,529.769173532724,0.909821823239326,0,0
0,9.07254618406296,0,0,0,0,0,0,0,162.095990300179,0,0,0,0,0,0,0,0,0,0,0,768.334354013205,0,474.507190018892,0,280.96011286974,0,0,0,0,0,0,0,0.242392674088478,0,0,0,236.547938659787,0,0,0,0,0,0,0,0,0,0.607243537902832,0,160.127276450396,0,0,0,0,0,72.6572246551514,0,0,0,0,0,74.4651501178741,0,0,324.459783017635,0,0,0,820.493822917342,0,59.1830626428127,0,0,0,0,0,1.21137996762991,0,0,0,343.822472408414,1.07505714893341,156.094616249204,0,70.6438146531582,0,0
3.37109440565109,0,0,0,0,0,0,0,53.6229373514652,0,0,0,0,0,0,0,2.25126484036446,0,0,0,0,0,72.7918137609959,0,2019.22822445631,0,1233.84974715114,0,0,0,0,0,0,0,0,0,0,0.98723691701889,189.014940947294,0,0,2.10874386876822,4.80270875990391,0,0,0,0,8.66031999886036,63.5429566651583,3.31261977553368,0,0,0,0,319.69884814322,0,0,0,0,0,0.362305194139481,0,0,0,0,274.250233829021,0,0,0,20.8121666610241,0,0,0.336118742823601,0,0,0,0,4.73869793117046,0,0,3.27455580234528,240.636830240488,586.717410191894,3.39935886859894,15.6224187910557,0,0
0,0,0,0,0,0,0,0,0,58.4795260429382,0,0,0,0,0,209.913659572601,0,393.350428521633,0,0,0,155.121579304338,0,536.767902418971,0,2434.0370991528,0,169.814859837294,0,0,0,0,0,0,0,0,0,0,0,0,0,0,0,0,0,0,0,0,0,93.2451538741589,0,0,0,0,0,31.3860294818878,0,0,0,0,0,78.4897840321064,0,0,240.773904070258,0,820.493822917342,0,0,0,249.297351121902,0,0,0,0,0,0,0,0,0,0,0,218.33722409606,42.2182437777519,18.1276462078094,0,0
0,0,0,0,0,0,0,0,19.9562419056892,0,0,0,34.706417798996,0,70.5278920531273,0,195.015610158443,0,0,0,0,0,25.4897085428238,0,2.80055177211761,0,441.950430542231,0,361.899591714144,0,0,0,0,0,0,0,0,0,0,0,0,0,0,0,0,0,0,0,16.3767689466476,0,0,0,0,0,2.92653810977936,0,0,0,0,0,37.9728975296021,0,0,0,0,134.49307307601,0,20.8121666610241,0,0,0,11.1597935557365,0,0,0,0,0,0,0,0,0,0,206.528662621975,0,0,0,0
0,0,0,0,0,0,0,0,0,0,0,0,0,36.2877470850945,0,0,0,84.5884930491447,0,0,0,124.991975307465,0,18.6820649504662,0,60.8898019790649,0,8208.6795244813,0,14.4022483378649,0,0,0,0,0,0,0,111.216784223914,0,0,0,6.14157962799072,0,0,0,0,0,0,0,396.95049393177,0,0,0,0,0,0,0,113.921980276704,0,506.100365608931,0,0,3.20267564058304,0,227.897590234876,0,59.1830626428127,0,249.297351121902,0,0,0,203.622184246778,0,0,0,0,0,0.215571328997612,0,100.122571364045,0,466.140896052122,691.227844908834,13.0519650578499,1.72728073596954,0
0,0,0,0,0,0,0,0,0,0,328.669100210071,0,98.2798362225294,0,1,0,0,0,0,0,0,0,25.2010924518108,0,0,0,16.9819829463959,0,3004.51880575716,0,180.266730964184,0,0,0,0,0,0,0,1,0,0,1.24486517906189,9.31388774514198,0,0,0,0,0,92.3286890983582,0,0,0,0,0,0,0,161.550101429224,0,14.5075686424971,0,25.7787808179855,0,0,0,0,27.5255457758904,0,0,0,11.1597935557365,0,0,0,368.209130972624,0,0,0,0,0,0,0,0,0.309122771024704,0,2.83794274926186,0,0
0,7.4418915361166,0,7.35968351364136,0,2.1582427918911,0,0,0,6.5216913074255,0,220.312677979469,0,14.7089536190033,0,0,0.626239031553268,12.3096177577972,42.067577585578,21.6077736616135,0,0,0,0,0.81750026345253,0,0,710.468738034368,0,1625.10046582669,0,0,0,0,8.6408449858427,0,0,206.810393199325,5.83358146250248,21.5730402693152,0,523.278731159866,0.310908012092113,0,0,12.6054183244705,0.23404686152935,15.2987292408943,0.482766702771187,31.1394853368402,0,2.98736754059792,0,0,0,0.466639041900635,0,1559.23880207539,0,39.7996723204851,0,0,432.410087183118,0,0,0,0,0.336118742823601,0,0,203.622184246778,0,0,0.630288183689117,0,0,0,0.166353449225426,28.9607490077615,0,1115.20613220334,6.98594230413437,376.027948752046,134.209708318114,293.912409015,20.9979848563671,0.410711318254471
0.206733703613281,0,5.89106416702271,0,0,0,0,0,1.02449817955494,0,339.663512915373,0,0,0,0,0,3.43673273921013,1.29897571355104,119.809394985437,0,0.3405901491642,0,0,0,0,0,0,0,171.707169592381,0,918.112015038729,0,0,0,2.84715795516968,0,0,0,189.002784147859,0,10.9843329340219,1.04972778260708,573.59232121706,0,0,1.37508243322372,20.6759983301163,1.06190866231918,340.590151399374,0,0,0,0,0,0.478823959827423,0,587.270687751472,0.431397318840027,0,0,0,0,0,32.7085212916136,0,0,0,0,0,0,0,368.209130972624,0.630288183689117,0,0,0,0,2.52208870649338,0.847529172897339,4.39402481913567,0.394003719091415,546.361025422812,114.769296273589,0,1579.39935623109,0.170254960656166,2.92295217514038
0,0,0,0,0,0,0,0,0,0,0,0,0,0,0,0,0,0,0,0,0,0,0,0,0,0,0,0,0,0,0,858.434561610222,1365.08259963989,173.574467688799,40.3856601119041,460.733241736889,159.449654653668,0,0,0,0,0,0,0,0,0,0,967.50339204073,0,0.908595383167267,0,0,0,0,0,0,0,0,0,0,0,0,0,0,0,0,0,0,0,0,0,0,0,0,0,421.603426709771,1052.82250648737,5.84151118993759,734.389949612319,139.429687082767,0.329544931650162,0,91.5411083698273,0.770636081695557,0,0,0
0,0,0,0,0,0,0,0,0,0,0,0,0,0,0,0,0,0,0,0,0,0,0,0,0,0,0,0,0,0,0,1349.15467602015,1728.85243327916,9.13631182909012,236.917982622981,37.9983563423157,1116.37183244526,0,0,0,0,0,0,0,0,0,0,624.079359337687,3.48676347732544,0,0,0,0,0,0,0,0,0,0,0,0,0,0,0,0,0,0,0,0,0,0,0,0,0,421.603426709771,0,0,626.0346846506,5.76746869087219,1841.6520428285,0,0.188499346375465,117.538340881467,0,0,0,0
0,0,0,0,0,0,0,0,0,0,0,0,0,0,0,0,0,0,0,0,0,6.90356869995594,0,1.54918545484543,0,0,0,0,0,0,0,67.2299663424492,35.9593772888184,4996.71013971418,1773.22768433392,744.639858469367,14.488939344883,125.216845728457,39.406666457653,0,0,0,0,0,0,0,0,262.512436807156,0,0,0,0,0,0,0,0.169242292642593,0,0,0,0,0,0,0,0,2.6133735626936,0,1.21137996762991,0,0,0,0,0,0,0,1052.82250648737,0,0,204.471506789327,322.065494537354,0,487.375752605498,1.34425616264343,358.937897793949,30.2367218136787,0.96038793027401,0,0
0,0,0,0,0,0,0,0,0,0,0,0,0,0,0,0,0,0,0,0,0,1.07329428195953,4.67611117660999,0,9.06573233008385,0,0,0,0,0,0,3.98668147623539,137.462199285626,594.83940269053,1757.0782853812,0,364.575815849006,9.73065708577633,447.134920418262,0,0,0,0,0,0,0,0,243.706806525588,18.5722728967667,8.29553655534983,0,0,0,0,0,0,0,0,0,0,0,0,0,0,0,7.98162604868412,0,4.73869793117046,0,0,0,0,0.166353449225426,2.52208870649338,5.84151118993759,626.0346846506,204.471506789327,0,0,188.015474997461,8.28042061626911,340.156771630049,339.350552149117,60.7860540002584,0,0,0
