0,0,0.0196557055021434,0,0,0,0,0,0.0894333120018638,0,0,0,0,0,0.000884859420718125,0,0.00668849164278095,0.000214272076810313,0.00173471114250295,0,0,0,0,0,0,0,0,0,0,0,0,0,0,0,0,0,1.83324643713656e-05,0,0,0,0.0194384388939348,0.000116807294301816,0.026550168023033,0,0,0,0.054790617661569,0.000351256050405336,0.0228267232946248,0,0,0,0,0,0.0467842473273713,0,0,0,0,0,0.0159805767851069,0,0,0.005602136001321,0,0,0,0.00380117733293407,0,0,0,5.36858693196106e-05,0,0.000176928980105018,0,0,0.000215923834433122,0,0,0.0022493623893899,9.93760036950764e-06,0.000970602776289583,0.00177733821810851,1.58312270221318e-05,0.033180065944974,0,7.12361561449291e-05
0,0,0,0.00190694000202212,0,0,0,0,0,0.0641860329390617,0,0,0,0,0,0.000252249116255985,0,0.00058320730210384,0.000431076240629372,0,0,0,0,0,0,0,0,0,0,0,0,0,0,0,0,2.82907646273164e-05,0,0,3.54766885457731e-05,0.000747409509347465,0,0.0222727069472658,0,0,0,0.000894183668433082,0,0.000139931936246808,1.76260155229785e-05,0.0247630942417241,0,0,0,0,0,0.164565407837434,0,0.000913814287513608,0,0,0,0.00282692376108223,0,0,0,0,0.00137827711037393,0,0,0,9.39888975584792e-05,0,0.00062245688552042,0,0,0,0,0,7.69673256607001e-05,0,4.64298215998791e-05,2.27667132811941e-05,0.00183402729731736,3.92306768146231e-06,0.0226427674231993,0,0
0.0196557055021434,0,0,0,0.166783332820037,0,0.000688851879137712,0,0.0578373280389555,0,0,0,0,0,0,0,0,0,0,0,0.00130921512715476,0,0,0,0,0,0,0,0,0,0,0,0,0,0,0,5.27359340606395e-06,0,0,0,0.000758984443147959,0,0.00425329656251882,0,0,0,0.00537137881854358,0,0.00897481382295612,0,0.0293668863167692,0,0,0,0.16570994103846,0,0.011752202187683,0,0.00886121916048634,0,0.0266701237981148,0,0,0.000562797588550649,0,0,0,0,0,0,0,0.00109415483351875,0,0.00688722188449718,0,0,0,0,0,0.000253825821018204,0,0.000282202831008499,0.00237227398461768,1.58014420664709e-06,0.0145161884989071,0,0
0,0.00190694000202212,0,0,0,0.15827199915007,0,0.000548734446408419,0,0.0620949725561176,0,0,0,0,0,0,9.34370448677476e-05,0,5.35376495081189e-05,0.00936509774913026,0,0,0,0,0,0,0,0,0,0,0,0,0,0,0,0.00206864176512759,0,0,0,0.00275981593360652,0,0.00430509159358996,0,0,0,0.000244986711781596,0,0.000181063895812867,0,0.00376169812318037,0,0.00116324306403565,0,0,0,0.248979182193053,0,0.000129563181813844,0,0,0,0,0.000400859539387671,0,0,0,0,0,0,0,0.000136849920934751,0,0.0029703838536377,0,0,0,0,0,0.000100102896879655,0,3.55535660235547e-05,0,0.00562654924700648,2.50550966251865e-05,0.0148821259801248,0.000834233361589705,0
0,0,0.166783332820037,0,0,0,0.004593694073234,0,0.00505292133329662,0,0.00719261381071012,0,0,0,0.0098252520283631,0,0,0,0,0,0.0164576380648073,0,0,0,0,0,0,0,0,0,0,0,0,0,0,0,5.52693024184762e-05,0,0,0,0.000430872499031299,0,0.000827389828242726,0,0,0,9.40426755811703e-05,6.22233477727764e-05,5.28767355399556e-05,0,0.0750450610300169,0,0.143531591166264,0,0.00306331447919043,0,0.0169108085312383,0,0,0,0.00372525338853041,0,0,0.0107590511966163,0,0,0,0,0,0,0,5.69132252756042e-05,0,0.000556808808831927,0,0,0,0,0,6.00113170347449e-06,0,7.76591387908625e-06,0.00112803548074784,0,0.007605147445316,0,0
0,0,0,0.15827199915007,0,0,0,0.00300291367514463,0,0.00071332466605802,0,0.020568422251105,0,0,0,0,0,0,0,0.0981496353173606,0,0,0,0,0,0,0,0,0,0,0,0,0,0,0,0.000576016173137559,0,0,0,2.42193576713181e-05,0,6.65121741717442e-05,0,0,0,0.000161557499614196,0,0,0,0.000646634513571598,0,0.0183550500885953,0,0,0,0,0,0.000140722132696056,0,0,0,0,0.0283387634854286,0,0,0,0,0,0,0,0,0,0.000199863398452527,0,0,0,0,0,0.000810185758903792,0,0,0,0.00136301462680082,1.14280702055099e-05,0.00562705908942492,0,0
0,0,0.000688851879137712,0,0.004593694073234,0,0,0,0,0,0.00291722698658882,0,0.000396303460237626,0,0,0,0,0,0,0,0.0430125389620829,0,0,0,0,0,0,0,0,0,0,0,0,0,0,0,0,0,0,0,0,0,0,0,0,0,0,0,0,0,0.000999918152272767,0,0.00756219334725222,0,0,0,0.00198375082546535,0,0,0,0,0,0,0.0179662431712947,0,0,0,0,0,0,0,0,0,0,0,0,0,0,0,0,0,0,0.0034637328618701,0.0062368575802878,0.000655476408371707,0,0
0,0,0,0.000548734446408419,0,0.00300291367514463,0,0,0,0,0,0.0137636904674254,0,0.000317789600737806,0,0,0,0,0,0.0275619145643187,0,0,0,0,0,0,0,0,0,0,0,0,0,0,0,0,0,0,0,0,0,0,0,0,0,0,0,0,0,0,0,0,0,0.00543409426466426,0,0,0,0.00934420996264777,0,0,0,0,0.0127046070224109,0,0,0,0,0,0,0,0,0,0,0,0,0,0,0,0,0,0,0,0.000408554974468635,2.10289244513831e-05,0,0,0
0.0894333120018638,0,0.0578373280389555,0,0.00505292133329662,0,0,0,0,0,0,0,0,0,0.0337309608561328,0,0.0160683262421967,0.000430841844169839,0.00295697645391919,0,0,0,0,0,0.0161821871507892,0,0.00462652941103206,0,0,0,0,0,0,0,0,0,4.77363876927366e-06,0,0.000133411166712243,0,0.00243380776565404,0.000134641964182802,0.00384558876594962,0,0,0,0.00387035590636712,0,0.00659174345904184,0,0,0,0,0,0.18017157586034,0,2.96082534547196e-05,0,0,0,0.0318729912734491,0,0,0.000334188776189909,0,0,0,0.00740223062086602,0,0,0,8.1398937048138e-05,0,0.00281126930149937,0,0,0,0,0,0.000761790742171954,2.35671276170444e-06,0.00128299694252871,0.0038437852927698,0.000100487070488541,0.00750011435029774,0,0.000202932235503908
0,0.0641860329390617,0,0.0620949725561176,0,0.00071332466605802,0,0,0,0,0,0,0,0,0,0.0493063060429558,0,0.00132990712813816,0.00351724538135049,0,0,0,0,0.00533847230970367,0,0.000327742488073449,0,0,0,0,0,0,0,0,0,0,0,0.00415708686437644,9.6692604193262e-06,0.00010489383705037,0,0.00405431191940664,0,0,0,0,0,0.000121485627843893,0,0.00203227296406626,0,0,0,0,0,0.0686911900942989,0,2.10853781294441e-05,0,0,0,0.0135509259167183,0,0,0,0,0.00251521901936317,0,0,0,3.64332441711432e-05,0,0.000193659034973717,0,0,0,0,0,1.17102095734949e-05,0,0.000972990187512876,1.23224584108045e-05,0.00689320869739683,0.000167431682869217,0.0101174741323848,0,0
0,0,0,0,0.00719261381071012,0,0.00291722698658882,0,0,0,0,0,0.23344741915455,0,0,0,0,0,0,0,0.0512883092695637,0,0,0,0,0,0,0,0.000666507956339046,0,0.0172571997464276,0,0,0,0,0,0.00284108850376171,0,0.0197179466628067,0,0,0,0,0,0,0,0,0,0,0,0.000324700066814745,0,0,0,0,0,0.182121814484847,0,0.0887866205721939,0,0,0,0,0.0143256250597049,0,0,0,0,0,0,0,0,0,0.0433668972541442,0,0,0,0,0,0.00331750161916034,0,0.00292440972097616,0.0063446897404277,0.00747896997724032,0.000246534550360962,0,0
0,0,0,0,0,0.020568422251105,0,0.0137636904674254,0,0,0,0,0,0.224595113928028,0,0,0,0,0,0.0937343400330321,0,0,0,0,0,0,0,0.0126675447016188,0,0.0110551958346875,0,0,0,0,0,0.0220944216894038,0,0.0809552446819161,0,0,0,0,0,0,0,0,0,0,0,0,0,0.0012644572092145,0,0,0,0,0,0.399008174077278,0,0.334551331707323,0,0,0.635593186782637,0,0,0,0,0,0,0,0.0102724299743761,0,0.0178990826146022,0,0,0,0,0,0.000545890485838576,0,0.00388973209819269,0,0.00449985436237735,0.00332343592505197,0.000151605816578921,0,0
0,0,0,0,0,0,0.000396303460237626,0,0,0,0.23344741915455,0,0,0,0.12170848089439,0,0,0,0,0,0,0,0,0,0,0,0.000490717255161144,0,0.000693307362560597,0,0,0,0,0,0,0,0,0,0,0,0,0,0,0,0,0,0,0,0,0,0,0,0,0,0,0,0.0212638982992677,0,0.0582800101094743,0,0.0395131415165553,0,0,0,0,0,0,0,0,0,0,0,0,0,0,0,0,0,0,0,0,0,0.00206372036195939,0.0370224985981919,0,0,0
0,0,0,0,0,0,0,0.000317789600737806,0,0,0,0.224595113928028,0,0,0,0.0120866556967935,0,0,0,0,0,0,0,0,0,0,0,0.0315978720446683,0,0,0,0,0,0,0,0,0,0,0,0,0,0,0,0,0,0,0,0,0,0,0,0,0,0,0,0,0,0.0290076507783838,0,0.251073048030223,0,0.00965193784782326,0,0,0,0,0,0,0,0,0.00285921032397812,0,0,0,0,0,0,0,0,0,0,0,0.00412399608478777,0.0354269261480924,0,0,0
0.000884859420718125,0,0,0,0.0098252520283631,0,0,0,0.0337309608561328,0,0,0,0.12170848089439,0,0,0,0.000222768558179583,0,0,0,0,0,0,0,0,0,0.0010851868924382,0,0,0,0,0,0,0,0,0,0,0,0,0,0,0,0,0,0,0,0,0,0,0,0.0022037029303637,0,0,0,0.0268493999950274,0,0,0,0.00822026692801265,0,0.222509957065261,0,0,0,0,0,0,0,0,0.000442967895651236,0,0,0,0,0,0,0,0,0,0,0,0,2.55091751876282e-05,0.000885266711979548,0,0,0
0,0.000252249116255985,0,0,0,0,0,0,0,0.0493063060429558,0,0,0,0.0120866556967935,0,0,0,0.0131901512422964,0,0,0,0,0,0.0036545345221904,0,0,0,0,0,0,0,0,0,0,0,0,0,0,0,2.22628409573319e-05,0,0.000168342655956756,0,0,0,0,0,0,0,2.5790625494823e-05,0,0,0,0,0,0.0534521523651317,0,0,0,0,0,0.228975349794903,0,0,0,0,0.00273581473032984,0,0.000136151057842279,0,0,0,0,0,0,0,0,0,0,0,0,0,0.00285885021702233,5.90913962859397e-05,8.15182720307353e-05,0,0
0.00668849164278095,0,0,9.34370448677476e-05,0,0,0,0,0.0160683262421967,0,0,0,0,0,0.000222768558179583,0,0,0.129189834293504,0.0384247993912744,0,0,0,0.000642305843765109,0,0.000335274720251348,0,0.00457960204416944,0,0,0,0,0,0,0,0,0,9.15559024540898e-06,0,4.05332895456262e-05,0.000403817181290302,0.00532660944197286,0.00151343363031331,0.00873931471736488,0,0.000115197261237441,0.00040265862555588,0.00272670667126227,0,3.75731835895531e-05,7.80384052994317e-06,0,0,0,0,0.000693558368523063,0,0,3.6256027546594e-05,0,0,8.06841999292374e-05,0,2.40509722056559e-05,0.000453912045683385,0,0,0,0.000206732561822242,0,0,0,1.55699935038536e-05,7.04338558115368e-06,0.00124656075031781,0,0,0,0,0.000130104095326367,0.00104008013634778,0.000151367715761689,0.00251725101827146,0.0323514806228985,0.000118226199827233,0.0150390709715674,3.07218977765622e-05,0.000561951365859747
0.000214272076810313,0.00058320730210384,0,0,0,0,0,0,0.000430841844169839,0.00132990712813816,0,0,0,0,0,0.0131901512422964,0.129189834293504,0,0.0597742051793261,0,0,0.00832546726758946,0,0,0,0.0450022787378844,0,0.00251492183852945,0,0,0,0,0,0,0,1.88039027129426e-06,0,2.75727861813457e-06,0,0.000942003461373893,0.000514363553658229,0.00461348749415817,0.000958054046148438,0,3.00537233669227e-05,0.00139282174711039,0.000409732314773735,0,4.43042895623873e-06,0.000109115064901858,0,0,0,0,0,5.79981196023778e-05,0,0,0,0,0,0.000422342462144494,4.44042912343817e-05,8.03196767040727e-06,0,0,0,0,0,0,0,0,4.69912277557712e-05,5.10626078879304e-05,0,0,0,0,0.000526704337787047,7.1577576153337e-05,0.000619642929924506,0.000202813109982155,0.0254018227722556,0.000181010468981531,0.0136747127798311,0.000380284316332033,1.80656900611099e-05
0.00173471114250295,0.000431076240629372,0,5.35376495081189e-05,0,0,0,0,0.00295697645391919,0.00351724538135049,0,0,0,0,0,0,0.0384247993912744,0.0597742051793261,0,0,0,0,0,0.00145736895620782,0,0,0,0,0,0,0,0,0,0,0,1.29291000478633e-05,0,8.3809308994986e-06,0,0.00568460473569407,0.00876608047080266,0.0279747908777802,0.0160779526581821,0,0.000254681054194674,0.0100710596773129,0.0054507583585068,0,1.3124735467239e-05,0.00037186764068701,0,0,0,0,0.000158599227242261,0.000323792085335146,1.29022999550565e-05,0.000221218126647205,0,0,0,0,0.000680067413126143,0.000786040607407224,0,0,0,0,0,0,0,8.29502721485002e-06,0.00185467964784023,0.00101680865209286,0,0,0,0,0.00305961705521099,0.000998955913340229,0.00352687689204348,0.00163500660419157,0.0238545758476604,0.000411667097942567,0.0832230775618771,0.00177305494506582,0.000254943272062347
0,0,0,0.00936509774913026,0,0.0981496353173606,0,0.0275619145643187,0,0,0,0.0937343400330321,0,0,0,0,0,0,0,0,0,0,0,0,0,0,0,0,0,0,0,0,0,0,0,0.026249461886235,0,0.0019508972322178,0,0,0,0,0,0,0,0,0,0,0,0,0,0.0044905905670733,0,0.000483195768580871,0,0,0,0.0403933256868426,0,0,0,0,0.17357544644296,0,0,0,0,0,0,0,0,0,0.000119048014470824,0,0,0,0,0,0.0149404048227127,0,0,0,0.000175128282809133,0,0.00964306884190926,0,0
0,0,0.00130921512715476,0,0.0164576380648073,0,0.0430125389620829,0,0,0,0.0512883092695637,0,0,0,0,0,0,0,0,0,0,0,0,0,0,0,0,0,0,0,0,0,0,0,0,0,0.0312261346707495,0,0.00677470396433574,0,0,0,0,0,0,0,0,0,0,0,0.0460876542994353,0,0.111080005914753,0,0,0,0.600944750191437,0,0,0,0,0,0,0.0716007459940999,0,0,0,0,0,0,0,0,0,0,0,0,0,0,0,0.0413201391231887,0,0.00684840198324318,0.00153535586319896,8.12386590909439e-06,0.00484289076155305,0,0
0,0,0,0,0,0,0,0,0,0,0,0,0,0,0,0,0,0.00832546726758946,0,0,0,0,0.188170218452713,0.00784886732928453,0,0.0957406881656272,0,0.0122859965962782,0,0,0,0,0,0,0,0,0,0.0201037389800732,0.0121003459333507,0,0,0,0,0,0,0,0,8.12608690644312e-05,1.90376713965924e-05,0.00495504204775874,0,0,0,0,0,0,0,0,0,0,0,0,0,0,0.474143994969578,0.0336335120039659,0.0200508114654805,1.03717090814371e-05,0.0398340223766187,0,0.0360482622799881,0,0,0,0,0,0,0,3.13483324850542e-06,0,0.00716430189407166,0.00111063970294494,0.0278256632007313,0.00706183535933912,0,0,0
0,0,0,0,0,0,0,0,0,0,0,0,0,0,0,0,0.000642305843765109,0,0,0,0,0.188170218452713,0,0,0.00321471336776669,0,0.0301955041464689,0,0.0188465385829089,0,0.000920331661085411,0,0,2.65948467585159e-05,0,0,0,3.87300499679256e-05,0.0440522736188692,0,0,0,5.54705571344542e-06,0,0,0,0,0.000145290369039607,0.00274444717297439,3.36026292820542e-05,0,0,0,0,0,0,0,0,0,0,0,0,0,0,0.0225689572954124,0.449713580780063,0,0.0205341059008312,0,0.0288431367486758,0,0.0649813349027594,0,0,0,0,0,0,0,0,7.99479921945063e-05,0.00894581004473732,0.0167221877962221,0.00792325403047397,1.17189257120842e-05,0,0
0,0,0,0,0,0,0,0,0,0.00533847230970367,0,0,0,0,0,0.0036545345221904,0,0,0.00145736895620782,0,0,0.00784886732928453,0,0,0,0.0946229144492757,0,0,0,0,0,0,0,0,0,0,0,0.00504048986252488,5.1134275786506e-05,0,0,0.000468833941721278,0,0,0,0,0,0,0,0.00173288196646139,0,0,0,0,0,0.00182101772046671,0,0,0,0,0,0.00636755111297211,0,0,0.00586308462218633,0,0.235243157725337,0,0.105813309844536,0,0.00154832055422761,0,0,0,0,0,0,0,0,0,0.00108075687846466,0,0.00381411139310759,2.39728969124041e-05,0.000236279024434407,0,0
0,0,0,0,0,0,0,0,0.0161821871507892,0,0,0,0,0,0,0,0.000335274720251348,0,0,0,0,0,0.00321471336776669,0,0,0,0.0252145796955354,0,0,0,0,0,0,0,0,0,0,1.83691687962414e-05,0.00250696590727193,0,0,0,4.54613440405705e-05,0,0,0,0,0,0.00343403442908695,0,0,0,0,0,0.0115224584215691,0,0,0,0,0,0.0363084367385991,0,0,0,0,0.000685180625120093,0,0.12933754524713,0,0.114791981278331,0,0,0,2.4329901310515e-05,0,0,0,0,0,0,0,0.000753342038754833,0.000629009915444429,0,2.94339146268452e-05,0,0
0,0,0,0,0,0,0,0,0,0.000327742488073449,0,0,0,0,0,0,0,0.0450022787378844,0,0,0,0.0957406881656272,0,0.0946229144492757,0,0,0,0,0,0,0,0,0,0,0,0,0,0,0,0,0,0,0,0,0,0,0,0,0,0,0,0,0,0,0,0.00411352570531591,0,0,0,0,0,0.000287476411415018,0,0,0.0195773647501689,0,0.0163129497669461,0,0.210665415366935,0,0.000213860288367273,0,0,0,0,0,0,0,0,0,0,0,0.00326517519774275,0,0,0,0
0,0,0,0,0,0,0,0,0.00462652941103206,0,0,0,0.000490717255161144,0,0.0010851868924382,0,0.00457960204416944,0,0,0,0,0,0.0301955041464689,0,0.0252145796955354,0,0,0,0.00489987726087457,0,0,0,0,0,0,0,0,0,0,0,0,0,0,0,0,0,0,0,0,0,0,0,0,0,0,0,0,0,0,0,0.00489825157411464,0,0,0,0,7.55809667839068e-05,0,0,0,0.300755124880995,0,0.0282662250521755,0,0,0,0,0,0,0,0,0,0,0.00523687718431671,0,0,0,0
0,0,0,0,0,0,0,0,0,0,0,0.0126675447016188,0,0.0315978720446683,0,0,0,0.00251492183852945,0,0,0,0.0122859965962782,0,0,0,0,0,0,0,0.132169306632615,0,0,0,0,0,0,0,0.000674971877125393,0,0,0,0,0,0,0,0,0,0,0,0,0,0,0,0,0,0,0,0,0,0.0132669321682677,0,0,0,0,0.00416326865563589,0,0,0,0,0,0.543196592781281,0,0.0684610545222048,0,0,0,0,0,0,0,0,0,0.00851265433364093,0.0234594518568848,0,0,0
0,0,0,0,0,0,0,0,0,0,0.000666507956339046,0,0.000693307362560597,0,0,0,0,0,0,0,0,0,0.0188465385829089,0,0,0,0.00489987726087457,0,0,0,0.137812374053095,0,0,0,0,0,0,0,0.00111354562371084,0,0,0,0,0,0,0,0,0,0,0,0,0,0,0,0,0,0,0,7.72111307014711e-05,0,0,0,0,0,0,0.00638326994631356,0,0,0,0,0,0.285751625857972,0,0.00302891030931828,0,0,0,0,0,0,0,0,0.00340302798166384,0.00801899381613376,0,0,0
0,0,0,0,0,0,0,0,0,0,0,0.0110551958346875,0,0,0,0,0,0,0,0,0,0,0,0,0,0,0,0.132169306632615,0,0,0,0,0,0,0,0,0,0.04682794281102,0,0,0,0,0,0,0,0,0,0,0,0,0,0,0,0,0,0,0,0.0309538114611912,0,0,0,0,0,0,0,0,0,0,0,0,0.206753925432268,0,0.372860358420647,0,0,0,0,0,0,0,0.0545902149984308,0,0.00171787875974979,3.99481207910943e-05,0,0,0
0,0,0,0,0,0,0,0,0,0,0.0172571997464276,0,0,0,0,0,0,0,0,0,0,0,0.000920331661085411,0,0,0,0,0,0.137812374053095,0,0,0,0,0,0,0,0,0,0.0077937448490622,0,0,0,0,0,0,0,0,0,0,0,0,0,0,0,0,0,0.0156955128757701,0,0,0,0,0,0,0,0,0,0,0,0,0,0,0.183289142674642,0,0.0473070519137652,0,0,0,0,0,0,0,0,0.00247923639820389,0.00194228595621351,0,0,0
0,0,0,0,0,0,0,0,0,0,0,0,0,0,0,0,0,0,0,0,0,0,0,0,0,0,0,0,0,0,0,0,0.312591827466436,0.0161835348386905,0.0015287782806746,0.00913651496130718,0.000219203569295612,0.000257161858309844,5.51044248021476e-06,0,0,0,0,0,0,0,0,0.126160744288919,0,0,0,0,0,0,0,0,0,0,0,0,0,0,0,0,0,0,0,0,0,0,0,0,0,0,0.0303473728030192,0.531339145789387,0.0137000911420392,0.00691390896901462,0.00230392909608017,0.0171126743917754,0.000465664096512078,0,0.00192375582108016,0,0,0,0
0,0,0,0,0,0,0,0,0,0,0,0,0,0,0,0,0,0,0,0,0,0,0,0,0,0,0,0,0,0,0,0.312591827466436,0,0.00203189666799472,0.00519745970631605,0.000716594793691885,0,1.42827086080694e-05,0,0,0,0,0,0,0,0,0,0.0135593882728928,0,0,0,0,0,0,0,0,0,0,0,0,0,0,0,0,0,0,0,0,0,0,0,0,0,0,0.115758848500181,0.249854798691733,0.00398785314369182,0.0167013471687435,0.00076670886539039,0.00169212084338988,2.91213603352168e-06,0,6.43929464506231e-05,0,0,0,0
0,0,0,0,0,0,0,0,0,0,0,0,0,0,0,0,0,0,0,0,0,0,2.65948467585159e-05,0,0,0,0,0,0,0,0,0.0161835348386905,0.00203189666799472,0,0.237230612028359,0.00469555535999803,0.00013033457294432,0.0184023256024895,0.000765964669535101,0,0,0,0,0,0,0,0,0.219246393344407,0.00254693217242311,0.000190610362707294,0,0,0,0,0,0,0,0,0,0,0,0,0,0,0,2.055077830404e-05,0,9.08717053069753e-05,0,0,0,0,0,0,0.0192559505220875,0.0026327169630342,0.72859806756448,0.415986084110739,0.00183462425096535,0.00161595755669585,0.0245308486319518,0.00381646195911676,0.0021698722507668,1.14552120657023e-06,1.42031976626271e-05,0,0
0,0,0,0,0,0,0,0,0,0,0,0,0,0,0,0,0,0,0,0,0,0,0,0,0,0,0,0,0,0,0,0.0015287782806746,0.00519745970631605,0.237230612028359,0,0,2.05147134693107e-05,0.0113877338771988,0.0120782845553249,0,0,0,0,0,0,0,0,0.156500842115532,0.00489461579431568,0.00429559137651028,0,0,0,0,0,0,0,0,0,0,0,0,0,0,0,1.34165049843128e-05,0,0,0,0,0,0,0,0,0.00187658762262316,0.00752171172301709,0.272301149377445,0.242119240676459,0,0.000414416491172981,0.00414192712725895,0.0143188414628545,0.000745101438141165,6.79755934288533e-06,5.94064145152937e-05,0,0
0,2.82907646273164e-05,0,0.00206864176512759,0,0.000576016173137559,0,0,0,0,0,0.0220944216894038,0,0,0,0,0,1.88039027129426e-06,1.29291000478633e-05,0.026249461886235,0,0,0,0,0,0,0,0,0,0,0,0.00913651496130718,0.000716594793691885,0.00469555535999803,0,0,0.00185814136926015,0.0493157282585375,0.000196468587135931,0.00114306621679171,0,0.00211571533240007,4.52244361041495e-05,0,0,0.00360998267184288,0,6.4318400197534e-05,0.000135751403639009,0.00165427471301303,0,0.00012170278563985,0,0,0,0,0,0.0137640342855204,0,0,0,0,0.242885648528841,0,0,0,0,0,0,0,0,0,0,0,0.00451134007374621,0.000342088987545748,0.0120292368830016,0,0.170741701732037,0.0410298581700735,0.0739455025867767,0,0.00775390971176178,0,0.00618007005715966,7.91271130510146e-06,0
1.83324643713656e-05,0,5.27359340606395e-06,0,5.52693024184762e-05,0,0,0,4.77363876927366e-06,0,0.00284108850376171,0,0,0,0,0,9.15559024540898e-06,0,0,0,0.0312261346707495,0,0,0,0,0,0,0,0,0,0,0.000219203569295612,0,0.00013033457294432,2.05147134693107e-05,0.00185814136926015,0,0.000618458615581344,0.0306589890815999,0,0.0016690685641121,9.58556504171816e-05,0.00232892922032264,0,0,0,0.000264967574586361,4.91207464774115e-05,3.49867465335576e-05,5.34077046535444e-05,0,0,0.000393319330002917,0,0,0,0.00626224538309776,0,0,0,0,0,0,0.0164729085386847,0,0,0,0,0,0,0,0,0,6.92867066270529e-06,0.000390060484734651,0,0.000251917646948159,0.00722185935497643,0.00101877372745824,0.250504917943577,0.000253615523182197,0.187836086348612,0.00616419303080771,0.000847648952220944,0.00454523071661696,0,2.3302227251356e-05
0,0,0,0,0,0,0,0,0,0.00415708686437644,0,0.0809552446819161,0,0,0,0,0,2.75727861813457e-06,8.3809308994986e-06,0.0019508972322178,0,0.0201037389800732,3.87300499679256e-05,0.00504048986252488,1.83691687962414e-05,0,0,0.000674971877125393,0,0.04682794281102,0,0.000257161858309844,1.42827086080694e-05,0.0184023256024895,0.0113877338771988,0.0493157282585375,0.000618458615581344,0,0.0592439242985595,8.7424462116752e-06,0,7.6051402829968e-06,0,0,0,2.50670557223466e-06,0,0.0063531477210121,0.000346152581430905,0.00137173878618422,0,0,0,0,0,0.00104252647974841,0,0.105144707299705,0,0,0,0,0.0780512932847934,0,0.0125045483272295,3.92103877295963e-05,0.0395389975761395,0.000181932088469351,0,0,0.00296721257398062,0,0.0410676929232391,0,0.000187036343904075,1.16271602456511e-05,0.00236285562209203,0.0027211005888414,0.025658359411133,0,0.478335337729511,0.0382254641614116,0.0145004643374869,0.00101015071563733,0.00095182589389458,0,0
0,3.54766885457731e-05,0,0,0,0,0,0,0.000133411166712243,9.6692604193262e-06,0.0197179466628067,0,0,0,0,0,4.05332895456262e-05,0,0,0,0.00677470396433574,0.0121003459333507,0.0440522736188692,5.1134275786506e-05,0.00250696590727193,0,0,0,0.00111354562371084,0,0.0077937448490622,5.51044248021476e-06,0,0.000765964669535101,0.0120782845553249,0.000196468587135931,0.0306589890815999,0.0592439242985595,0,0,6.19524580246374e-06,0,8.29382892717125e-05,0,0,0,2.0437416853817e-06,0.0039883744700245,0.00600373877392917,0.000245088356099681,0,0,0,0,0.000196788010951637,1.45990878693002e-05,0.0977206897739188,0,0,0,0,0,0,0.00812459182003211,0.000591399329640717,0.0189724533443629,0.000208745449777959,0.0227568539909338,0,0,0,0.00483127718914769,0,0.0448800659089431,0,1.74516139976196e-05,0.000119513839804561,0.0657775021116162,0,0.00677181388018958,0.0555222200482764,0.368231002565734,0.0129190849077356,0.00417847742204853,0.00071651526733862,0,0
0,0.000747409509347465,0,0.00275981593360652,0,2.42193576713181e-05,0,0,0,0.00010489383705037,0,0,0,0,0,2.22628409573319e-05,0.000403817181290302,0.000942003461373893,0.00568460473569407,0,0,0,0,0,0,0,0,0,0,0,0,0,0,0,0,0.00114306621679171,0,8.7424462116752e-06,0,0,5.10773825869624e-05,0.0324820459168374,0.000203869302746982,0,0,0.0689302249003007,7.83317197961523e-06,0.000178181822428688,2.90734929015589e-05,0.0815510368780061,0,0,0,0,2.04497044312274e-05,0,0,1.09903262889306e-05,0,0,0,0,0.0106256114087977,0,0,0,0,0,0,0,0,0,0.00118385870093096,0,0,0,0,0,0.00757593131871411,2.70578178248302e-06,0.00110308111845221,0,0.00124287755743558,4.70164394704041e-07,0.0684007600414464,0.00676281770606966,0
0.0194384388939348,0,0.000758984443147959,0,0.000430872499031299,0,0,0,0.00243380776565404,0,0,0,0,0,0,0,0.00532660944197286,0.000514363553658229,0.00876608047080266,0,0,0,0,0,0,0,0,0,0,0,0,0,0,0,0,0,0.0016690685641121,0,6.19524580246374e-06,5.10773825869624e-05,0,5.36079706195408e-05,0.0496673399854235,0,8.79740802855842e-05,1.99355562805729e-05,0.0380855318597651,0.000209962685665749,0.00738635268616681,0,0.000170978953156169,0,0,0,0.000182493043146076,0,0.000709052392121131,0,0,0,0.000202914082090729,0,0,0.0163286278792493,0,0,0,0,0,0,0,4.33771419550791e-05,0,0.01348540267099,0,0,0,0,1.78504227319608e-05,0.0191684579582136,1.12855064653344e-05,0.00325473149865347,0.00250447884805186,3.05673678456223e-05,0.0557991421610787,0,0.00300805110726369
0.000116807294301816,0.0222727069472658,0,0.00430509159358996,0,6.65121741717442e-05,0,0,0.000134641964182802,0.00405431191940664,0,0,0,0,0,0.000168342655956756,0.00151343363031331,0.00461348749415817,0.0279747908777802,0,0,0,0,0.000468833941721278,0,0,0,0,0,0,0,0,0,0,0,0.00211571533240007,9.58556504171816e-05,7.6051402829968e-06,0,0.0324820459168374,5.36079706195408e-05,0,0.00728006772394241,0,1.75573142200926e-05,0.0152454296325074,0.000117629766613602,0.000468922330631426,0.000213764430213967,0.0244384396976272,0,0,0,0,0,0.000613987078507273,0,0.000287492562675074,0,0,0,0.000210676528335051,0.00147879788967823,0,0,0,0.0033314581473741,0,0,0,0.000222734433829246,0,0.0195666221577478,5.80287812427891e-05,0,0,7.04640208469198e-05,0,0.00605790241490303,1.3869085641796e-05,0.00431300484109137,3.01663374533724e-06,0.00904188023979083,4.03816021175737e-06,0.148199062131909,0.00943997324058842,0.000151444992898432
0.026550168023033,0,0.00425329656251882,0,0.000827389828242726,0,0,0,0.00384558876594962,0,0,0,0,0,0,0,0.00873931471736488,0.000958054046148438,0.0160779526581821,0,0,0,5.54705571344542e-06,0,4.54613440405705e-05,0,0,0,0,0,0,0,0,0,0,4.52244361041495e-05,0.00232892922032264,0,8.29382892717125e-05,0.000203869302746982,0.0496673399854235,0.00728006772394241,0,0,0.00490862190566757,0.00032551808412498,0.0316051162446841,0.00416229479299991,0.00474839276452383,7.58786897156055e-05,0.000761223829923441,0,0,0,0.00392201415172434,0,0.00332441082858929,0,0.000156484958227616,0,7.84675533356898e-05,0,0,0.00470398951718723,0,1.64706117457566e-05,0,0.00585858962873135,0,0,0,0.00284571497581704,2.21124812819669e-05,0.021138975875418,0,0,0,0,7.14753457168653e-05,0.00272707110646154,3.93251833927798e-05,0.00382671367352482,0.00991198822510394,1.24527436418727e-05,0.109942253900267,0.00198477294060999,0.00483807765913104
0,0,0,0,0,0,0,0,0,0,0,0,0,0,0,0,0,0,0,0,0,0,0,0,0,0,0,0,0,0,0,0,0,0,0,0,0,0,0,0,0,0,0,0,0,0,0,0,0,0,0,0,0,0,0,0,0,0,0,0,0,0,0,0,0,0,0,0,0,0,0,0,0,0,0,0,0,0,0,0,0,0,0,0,0,0,0
0,0,0,0,0,0,0,0,0,0,0,0,0,0,0,0,0.000115197261237441,3.00537233669227e-05,0.000254681054194674,0,0,0,0,0,0,0,0,0,0,0,0,0,0,0,0,0,0,0,0,0,8.79740802855842e-05,1.75573142200926e-05,0.00490862190566757,0,0,0,7.54956523866133e-05,2.76151926779239e-05,0,0,0,0,0,0,0,0,0,0,0,0,0,0,0,0,0,0,0,0,0,0,0,0,0,0,0,0,0,0,0,0,0,4.7591146787289e-06,0.000100049693718116,0,0.00055462409748238,0,0
0,0.000894183668433082,0,0.000244986711781596,0,0.000161557499614196,0,0,0,0,0,0,0,0,0,0,0.00040265862555588,0.00139282174711039,0.0100710596773129,0,0,0,0,0,0,0,0,0,0,0,0,0,0,0,0,0.00360998267184288,0,2.50670557223466e-06,0,0.0689302249003007,1.99355562805729e-05,0.0152454296325074,0.00032551808412498,0,0,0,7.96579171745155e-06,3.15684596901954e-05,1.05699829769372e-05,0.00571153709479827,0,0,0,0,0,0,0,2.19233767641059e-05,0,0,0,0,0.0446864668896107,0,0,0,0,0,0,0,0,0,0.000143114762396143,0,0,0,0,0,0.00596527796192903,6.42813402139114e-06,0.00139657474911396,0,0.00169545417854886,1.45787078459529e-06,0.0987286356435323,0.000464877052809523,0
0.054790617661569,0,0.00537137881854358,0,9.40426755811703e-05,0,0,0,0.00387035590636712,0,0,0,0,0,0,0,0.00272670667126227,0.000409732314773735,0.0054507583585068,0,0,0,0,0,0,0,0,0,0,0,0,0,0,0,0,0,0.000264967574586361,0,2.0437416853817e-06,7.83317197961523e-06,0.0380855318597651,0.000117629766613602,0.0316051162446841,0,7.54956523866133e-05,7.96579171745155e-06,0,0.000138213847752327,0.000944716254048771,0,6.04203223700041e-05,0,0,0,2.32236161559087e-05,0,0.000479325693730649,0,7.93275014459037e-06,0,2.88974056170406e-05,0,0,0.0479143609050128,0,0,0,0,0,0,0,0.00017624267697514,0,0.00423299321343075,0,0,0,0,7.19059929549672e-06,0.0127419253835896,5.57659835648695e-06,0.00524646920517288,0.00423109090135405,4.03835130236414e-05,0.0566936162584643,0,0.000922583972439671
0.000351256050405336,0.000139931936246808,0,0.000181063895812867,6.22233477727764e-05,0,0,0,0,0.000121485627843893,0,0,0,0,0,0,0,0,0,0,0,8.12608690644312e-05,0.000145290369039607,0,0,0,0,0,0,0,0,0.126160744288919,0.0135593882728928,0.219246393344407,0.156500842115532,6.4318400197534e-05,4.91207464774115e-05,0.0063531477210121,0.0039883744700245,0.000178181822428688,0.000209962685665749,0.000468922330631426,0.00416229479299991,0,2.76151926779239e-05,3.15684596901954e-05,0.000138213847752327,0,0.0264422736199289,0.0303729282461315,0.000118041827560612,0,0,0,0.000186120210931844,6.42420993310589e-05,0,0,0,0,0,0,0,1.73037684634166e-05,2.17639819850082e-05,0.000103533662681538,0.00245926034907585,0.00124034812312896,0,0,0,0,3.31789329158973e-05,0,0.204735416690992,0.276989084557926,0.189016952623498,0.167529443923362,4.79387651112025e-05,0.000471279486244778,0.0156189767360921,0.0225421576611294,0.00548016599327683,5.60363707349237e-05,0.00165749363516591,0,0
0.0228267232946248,1.76260155229785e-05,0.00897481382295612,0,5.28767355399556e-05,0,0,0,0.00659174345904184,0,0,0,0,0,0,0,3.75731835895531e-05,4.43042895623873e-06,1.3124735467239e-05,0,0,1.90376713965924e-05,0.00274444717297439,0,0.00343403442908695,0,0,0,0,0,0,0,0,0.00254693217242311,0.00489461579431568,0.000135751403639009,3.49867465335576e-05,0.000346152581430905,0.00600373877392917,2.90734929015589e-05,0.00738635268616681,0.000213764430213967,0.00474839276452383,0,0,1.05699829769372e-05,0.000944716254048771,0.0264422736199289,0,0.00169673778975457,0,0,0,0,0.00742883226452637,0,1.47897557290113e-05,0,0,0,0.000548052853615267,0,0,6.17282448904868e-05,0,0.00697463245691563,0.000115615508493603,0.0156797752563329,0,0,0,0.00241441051738726,0,0.000943487640534874,0,0.000521596812929251,0.00434229427423667,0.00846050512237945,4.01318722320184e-06,0.00019274060951842,0.000962198852034758,0.0109899260974079,0.000894754678903678,3.48077108084939e-06,0.00863557160196913,0.000140044319393898,0.000110427978441604
0,0.0247630942417241,0,0.00376169812318037,0,0.000646634513571598,0,0,0,0.00203227296406626,0,0,0,0,0,2.5790625494823e-05,7.80384052994317e-06,0.000109115064901858,0.00037186764068701,0,0,0.00495504204775874,3.36026292820542e-05,0.00173288196646139,0,0,0,0,0,0,0,0,0,0.000190610362707294,0.00429559137651028,0.00165427471301303,5.34077046535444e-05,0.00137173878618422,0.000245088356099681,0.0815510368780061,0,0.0244384396976272,7.58786897156055e-05,0,0,0.00571153709479827,0,0.0303729282461315,0.00169673778975457,0,0,0,0,0,0,0.000533255385210743,0,0.00172882322278758,0,0,0,0,8.81274180817911e-05,0,0.0114710192143522,0,0.0108739986719638,6.93822925299837e-05,0.00159246459810238,0,0.0254262512127473,0,0.030524741494677,0,0,0,0.00192373052132102,0.00585652894580953,0.00142789500399415,0,0.00676547666689562,0.00103754571188891,0.00184784833709642,5.03439187687667e-07,0.0288304961391057,0.000852560459258686,0
0,0,0.0293668863167692,0,0.0750450610300169,0,0.000999918152272767,0,0,0,0.000324700066814745,0,0,0,0.0022037029303637,0,0,0,0,0,0.0460876542994353,0,0,0,0,0,0,0,0,0,0,0,0,0,0,0,0,0,0,0,0.000170978953156169,0,0.000761223829923441,0,0,0,6.04203223700041e-05,0.000118041827560612,0,0,0,0,0.000627596631182503,0,0,0,0.0112291506339853,0,4.68460103011242e-05,0,0.00211166188137776,0,0,0.0277070428426872,0,0,0,0,0,0,0,1.18133693632328e-05,0,0.000349335430739194,0,0,0,0,0,1.41846901263965e-05,0,2.51900227713636e-05,0.00142228776647995,0,0.00161469215365289,0,0
0,0,0,0.00116324306403565,0,0.0183550500885953,0,0,0,0,0,0.0012644572092145,0,0,0,0,0,0,0,0.0044905905670733,0,0,0,0,0,0,0,0,0,0,0,0,0,0,0,0.00012170278563985,0,0,0,0,0,0,0,0,0,0,0,0,0,0,0,0,0,0,0,0,0,0,0,0,0,0,4.19369452605753e-05,0,0,0,0,0,0,0,0,0,0,0,0,0,0,0,0.000169276970029529,0,0,0,6.45464665465004e-05,0,0.00163691088708434,0,0
0,0,0,0,0.143531591166264,0,0.00756219334725222,0,0,0,0,0,0,0,0,0,0,0,0,0,0.111080005914753,0,0,0,0,0,0,0,0,0,0,0,0,0,0,0,0.000393319330002917,0,0,0,0,0,0,0,0,0,0,0,0,0,0.000627596631182503,0,0,0,0,0,0.00605391567412188,0,0,0,0,0,0,0.0249344039663451,0,0,0,0,0,0,0,0,0,0,0,0,0,0,0,0,0,0,0.000178222252195813,0,0.00050503797347763,0,0
0,0,0,0,0,0,0,0.00543409426466426,0,0,0,0,0,0,0,0,0,0,0,0.000483195768580871,0,0,0,0,0,0,0,0,0,0,0,0,0,0,0,0,0,0,0,0,0,0,0,0,0,0,0,0,0,0,0,0,0,0,0,0,0,0,0,0,0,0,0,0,0,0,0,0,0,0,0,0,0,0,0,0,0,0,0,0,0,0,0.0007964775076061,0,0,0,0
0.0467842473273713,0,0.16570994103846,0,0.00306331447919043,0,0,0,0.18017157586034,0,0,0,0,0,0.0268493999950274,0,0.000693558368523063,0,0.000158599227242261,0,0,0,0,0,0.0115224584215691,0,0,0,0,0,0,0,0,0,0,0,0,0,0.000196788010951637,2.04497044312274e-05,0.000182493043146076,0,0.00392201415172434,0,0,0,2.32236161559087e-05,0.000186120210931844,0.00742883226452637,0,0,0,0,0,0,0,0.000276033515483368,0,0,0,0.0217414951606414,0,0,0.000538418267353203,0,0,0,0.0642422857916792,0,6.39114800200652e-05,0,5.77555501808242e-05,0,0.00111417796917341,0,0,0,0,0,0,0,0.000764965812048023,0.000875181551537868,0,0.0092673639942467,0,0
0,0.164565407837434,0,0.248979182193053,0,0,0,0,0,0.0686911900942989,0,0,0,0,0,0.0534521523651317,0,5.79981196023778e-05,0.000323792085335146,0,0,0,0,0.00182101772046671,0,0.00411352570531591,0,0,0,0,0,0,0,0,0,0,0,0.00104252647974841,1.45990878693002e-05,0,0,0.000613987078507273,0,0,0,0,0,6.42420993310589e-05,0,0.000533255385210743,0,0,0,0,0,0,0,0,0,0,0,0.0499813994189206,0,0,0,1.46713443845536e-05,0.0145685321935169,0,0.0239130493850336,0,0,0,0,0,0,0,0,0,0,0,0.000440060518350221,0,0.000796472020275961,0,0.00187013830555987,0.000213489480618756,0
0,0,0.011752202187683,0,0.0169108085312383,0,0.00198375082546535,0,2.96082534547196e-05,0,0.182121814484847,0,0.0212638982992677,0,0,0,0,0,1.29022999550565e-05,0,0.600944750191437,0,0,0,0,0,0,0,0,0,0.0156955128757701,0,0,0,0,0,0.00626224538309776,0,0.0977206897739188,0,0.000709052392121131,0,0.00332441082858929,0,0,0,0.000479325693730649,0,1.47897557290113e-05,0,0.0112291506339853,0,0.00605391567412188,0,0.000276033515483368,0,0,0,0.000407816605243017,0,0,0,0,0.264856511533534,0,0,0,0,0,0,0,0.0141257732924165,0,0.108132804988104,0,0,0,0,0,0.00221129088391253,0,0.0113078072795651,0.00289811625436305,0.000401926916829472,0.0240178425737331,0,0
0,0.000913814287513608,0,0.000129563181813844,0,0.000140722132696056,0,0.00934420996264777,0,2.10853781294441e-05,0,0.399008174077278,0,0.0290076507783838,0,0,3.6256027546594e-05,0,0.000221218126647205,0.0403933256868426,0,0,0,0,0,0,0,0,0,0.0309538114611912,0,0,0,0,0,0.0137640342855204,0,0.105144707299705,0,1.09903262889306e-05,0,0.000287492562675074,0,0,0,2.19233767641059e-05,0,0,0,0.00172882322278758,0,0,0,0,0,0,0,0,0,0.00316679291386807,0,0,0.0995966822610757,0,4.67713654908695e-05,0,0,0,4.93195838623616e-05,0,0.00597381365410545,0,0.095036003540173,0,0,0,0,0,5.80362179540648e-05,0,0.0075194400348831,0,0.00306654209356253,0.00149315001832355,0.0175298327471886,5.3870931836556e-05,0
0,0,0.00886121916048634,0,0,0,0,0,0,0,0.0887866205721939,0,0.0582800101094743,0,0.00822026692801265,0,0,0,0,0,0,0,0,0,0,0,0,0,7.72111307014711e-05,0,0,0,0,0,0,0,0,0,0,0,0,0,0.000156484958227616,0,0,0,7.93275014459037e-06,0,0,0,4.68460103011242e-05,0,0,0,0,0,0.000407816605243017,0,0,0,0.00281863938245674,0,0,3.00045808915212e-05,0,0,0,0,0,0,0,0,0,8.34400124140808e-05,0,0,0,0,0,0,0,3.49566059737851e-06,0.000338523334345547,0.000132079652915816,0.00118442712026897,0,0
0,0,0,0,0,0,0,0,0,0,0,0.334551331707323,0,0.251073048030223,0,0,0,0,0,0,0,0,0,0,0,0,0,0.0132669321682677,0,0,0,0,0,0,0,0,0,0,0,0,0,0,0,0,0,0,0,0,0,0,0,0,0,0,0,0,0,0.00316679291386807,0,0,0,0.000113064619654324,0,0,0,0,0,0,0,0,0,0,0,0,0,0,0,0,0,0,0,0,0.00118091950031255,0.00827503705568738,0,0,0
0.0159805767851069,0,0.0266701237981148,0,0.00372525338853041,0,0,0,0.0318729912734491,0,0,0,0.0395131415165553,0,0.222509957065261,0,8.06841999292374e-05,0,0,0,0,0,0,0,0.0363084367385991,0,0.00489825157411464,0,0,0,0,0,0,0,0,0,0,0,0,0,0.000202914082090729,0,7.84675533356898e-05,0,0,0,2.88974056170406e-05,0,0.000548052853615267,0,0.00211166188137776,0,0,0,0.0217414951606414,0,0,0,0.00281863938245674,0,0,0,0,3.80046758059219e-05,0,0,0,0,0,0.000854207459472183,0,1.43293645121522e-05,0,0.000256041185998789,0,0,0,0,0,0,0,2.69669796534736e-06,4.45161571910749e-05,3.40124130358916e-05,0.0013547752365425,0,0
0,0.00282692376108223,0,0,0,0,0,0,0,0.0135509259167183,0,0,0,0.00965193784782326,0,0.228975349794903,0,0.000422342462144494,0,0,0,0,0,0.00636755111297211,0,0.000287476411415018,0,0,0,0,0,0,0,0,0,0,0,0,0,0,0,0.000210676528335051,0,0,0,0,0,0,0,0,0,0,0,0,0,0.0499813994189206,0,0,0,0.000113064619654324,0,0,0,0,0,0,0.00296277243663157,0,0.000249425104737883,0,0,0,0,0,0,0,0,0,0,0,0,0,6.4307517996447e-05,0,0.000133923667332458,0,0
0,0,0,0.000400859539387671,0,0.0283387634854286,0,0.0127046070224109,0,0,0,0.635593186782637,0,0,0,0,2.40509722056559e-05,4.44042912343817e-05,0.000680067413126143,0.17357544644296,0,0,0,0,0,0,0,0,0,0,0,0,0,0,0,0.242885648528841,0,0.0780512932847934,0,0.0106256114087977,0,0.00147879788967823,0,0,0,0.0446864668896107,0,0,0,8.81274180817911e-05,0,4.19369452605753e-05,0,0,0,0,0,0.0995966822610757,0,0,0,0,0,0,0,0,0,0,0,0,0,0,0.00084477519944484,0,0,0,0,0,0.00615716860746326,0,0.00978250655795772,0,0.000381506675489751,0,0.047956213029904,0,0
0.005602136001321,0,0.000562797588550649,0,0.0107590511966163,0,0.0179662431712947,0,0.000334188776189909,0,0.0143256250597049,0,0,0,0,0,0.000453912045683385,8.03196767040727e-06,0.000786040607407224,0,0.0716007459940999,0,0,0,0,0,0,0,0,0,0,0,0,0,0,0,0.0164729085386847,0,0.00812459182003211,0,0.0163286278792493,0,0.00470398951718723,0,0,0,0.0479143609050128,1.73037684634166e-05,6.17282448904868e-05,0,0.0277070428426872,0,0.0249344039663451,0,0.000538418267353203,0,0.264856511533534,0,3.00045808915212e-05,0,3.80046758059219e-05,0,0,0,0,0,0,0,0,0,0,0.000219034188749462,0,0.00266736707226213,0,0,0,0,0,0.0115148546060422,0,0.013312195501965,0.00135142233836341,2.35111482327398e-06,0.05211631443898,0,0.000711375061107962
0,0,0,0,0,0,0,0,0,0,0,0,0,0,0,0,0,0,0,0,0,0.474143994969578,0.0225689572954124,0.00586308462218633,0,0.0195773647501689,0,0.00416326865563589,0,0,0,0,0,0,0,0,0,0.0125045483272295,0.000591399329640717,0,0,0,0,0,0,0,0,2.17639819850082e-05,0,0.0114710192143522,0,0,0,0,0,0,0,4.67713654908695e-05,0,0,0,0,0,0,0,0.00917345265988171,0.0258265001094151,0,0.0204822905998137,0,0.0174954891457152,0,0,0,0,0,0,0,0,0,0.00580251124302039,3.39440652290449e-06,0.0113295829530482,0.00855591155937266,0,0,0
0,0,0,0,0,0,0,0,0,0,0,0,0,0,0,0,0,0,0,0,0,0.0336335120039659,0.449713580780063,0,0.000685180625120093,0,7.55809667839068e-05,0,0.00638326994631356,0,0,0,0,2.055077830404e-05,1.34165049843128e-05,0,0,3.92103877295963e-05,0.0189724533443629,0,0,0,1.64706117457566e-05,0,0,0,0,0.000103533662681538,0.00697463245691563,0,0,0,0,0,0,1.46713443845536e-05,0,0,0,0,0,0,0,0,0.00917345265988171,0,1.16762041681482e-05,0.00880691076711339,0,0.00167484700435006,0,0.0114418727038591,0,3.33632324902434e-05,0,0,0,0,0,0,9.29090298807254e-05,0.00190267313592198,0.00890428149192637,0.00637327123336232,3.18845755994576e-05,0,0
0,0.00137827711037393,0,0,0,0,0,0,0,0.00251521901936317,0,0,0,0,0,0.00273581473032984,0,0,0,0,0,0.0200508114654805,0,0.235243157725337,0,0.0163129497669461,0,0,0,0,0,0,0,0,0,0,0,0.0395389975761395,0.000208745449777959,0,0,0.0033314581473741,0,0,0,0,0,0.00245926034907585,0.000115615508493603,0.0108739986719638,0,0,0,0,0,0.0145685321935169,0,0,0,0,0,0.00296277243663157,0,0,0.0258265001094151,1.16762041681482e-05,0,0.000346829985409595,0.0572479855292868,0,0.00692856688342595,0,0,0,0,0,0,0,0,0,0.00985789068160886,0.000377855692265882,0.00154784814147438,0,0.00553968353291893,0,0
0.00380117733293407,0,0,0,0,0,0,0,0.00740223062086602,0,0,0,0,0,0,0,0.000206732561822242,0,0,0,0,1.03717090814371e-05,0.0205341059008312,0,0.12933754524713,0,0,0,0,0,0,0,0,9.08717053069753e-05,0,0,0,0.000181932088469351,0.0227568539909338,0,0,0,0.00585858962873135,0,0,0,0,0.00124034812312896,0.0156797752563329,6.93822925299837e-05,0,0,0,0,0.0642422857916792,0,0,0,0,0,0,0,0,0,0,0.00880691076711339,0.000346829985409595,0,0,0,0,0,0,0,0,0,9.84944760431903e-05,0,0,0,0.000413038813977377,0.0076277302427116,0.00104164616955856,0,0.00341944594299256,0,0
0,0,0,0,0,0,0,0,0,0,0,0,0,0,0,0.000136151057842279,0,0,0,0,0,0.0398340223766187,0,0.105813309844536,0,0.210665415366935,0,0,0,0,0,0,0,0,0,0,0,0,0,0,0,0,0,0,0,0,0,0,0,0.00159246459810238,0,0,0,0,0,0.0239130493850336,0,4.93195838623616e-05,0,0,0,0.000249425104737883,0,0,0.0204822905998137,0,0.0572479855292868,0,0,0,0.0231804200170708,0,0,0,0,0,0,0,0,0,0,0,5.57310832757597e-05,0,0,0,0
0,0,0,0,0,0,0,0,0,0,0,0,0,0,0.000442967895651236,0,0,0,0,0,0,0,0.0288431367486758,0,0.114791981278331,0,0.300755124880995,0,0,0,0,0,0,0,0,0,0,0,0,0,0,0,0,0,0,0,0,0,0,0,0,0,0,0,6.39114800200652e-05,0,0,0,0,0,0.000854207459472183,0,0,0,0,0.00167484700435006,0,0,0,0,0,0.000269638346913678,0,0,0,0,0,0,0,0,0,0,0.000864984340313201,0,0,0,0
