0,0,4.57233727747394,0,0,0,0,0,5.72942898407605,0,0,0,0,0,0,0,0,0,5.72248015887495,0,0,0,0,0,0,0,0,0,0,0,0,0,0,0,0,0,55.9698225657145,0,49.115904490153,0,0,0,20.3944008954227,0,0,0,22.6328700648414,0,11.8004357823854,0,0,0,0,0,4.84149472063238,0,0,0,0,0,5.70499324798584,0,0,40.4057636260986,0,0,0,0,0,0,0,37.308837890625,0,33.9724050001665,0,0,0,0,0,43.8459201147092,0,39.3390680659901,10.7813300310179,0,11.7892072517962,0,0
0,0,0,6.77561940439754,0,0,0,0,0,3.77236598650614,0,0,0,0,0,0,0,0,0,0,0,0,0,0,0,0,0,0,0,0,0,0,0,0,0,0,0,0,0,0,0,24.8141588862938,0,0,0,0,0,0,0,8.59498559316417,0,0,0,0,0,3.89765501022339,0,12.9928101698558,0,0,0,3.23636202017466,0,0,0,0,4.22157120704651,0,0,0,22.317943572998,0,21.2878256711093,0,0,0,0,0,46.1741638183594,0,0,0,8.96858210223062,0,7.123289098545,12.9135535558065,0
4.57233727747394,0,0,0,10.7395553588867,0,0,0,4.76324983149267,0,0,0,0,0,0,0,68.2202377319336,50.3671417236328,62.15065574646,0,0,0,0,0,0,0,0,0,0,0,0,0,0,0,0,0,10.9826951424281,0,48.9250354766846,0,0,0,29.9225765228271,0,0,0,30.2617673873901,50.0352376302083,12.8784263091428,0,10.5154703140259,0,0,0,8.57887090980143,0,37.9953937530518,0,5.61773332305576,0,7.24543766180674,0,0,31.8285083770752,0,0,0,0,0,0,0,36.0919564565023,0,36.2082609696822,0,0,0,0,0,53.9017214775085,0,38.5987220090978,5.86912838361597,0,10.3422718933498,0,18.2903919219971
0,6.77561940439754,0,0,0,8.42904590677332,0,0,0,6.12841449733134,0,2.73730381329854,0,0,0,0,75.4329223632812,83.7990427017212,59.9889025968664,0,0,0,0,0,0,0,0,0,0,0,0,0,0,0,0,60.5715627670288,0,67.0260683695475,0,42.6246633956681,0,38.5477009789418,0,0,0,19.5208780981053,64.5003433227539,44.61794090271,40.1043275197347,15.1143248518128,0,0,0,0,0,6.52511650073428,0,8.97314288252491,0,5.89043756893703,0,0,20.936006721062,0,0,0,0,0,0,0,39.298594156901,0,39.4174048741659,0,0,0,0,0,39.56382496326,0,50.7590947537809,0,19.4181963785781,8.82644239068031,14.8002695350449,56.3588021596273,0
0,0,10.7395553588867,0,0,0,0,0,4.24189492110368,0,0,0,0,0,0,0,0,0,63.8441429138184,0,14.9351434111595,0,0,0,0,0,0,0,0,0,0,0,0,0,59.3513488769531,0,57.5926170349121,0,0,0,0,0,42.1338002946642,0,0,0,36.0457572937012,53.210636138916,43.8623959223429,44.2302513122559,4.79343381524086,0,0,0,5.29131482504859,0,24.6006609598796,0,9.43193617463112,0,8.75925461915288,0,0,13.9378034046718,0,0,0,0,0,0,0,42.9449501037598,0,43.2156965467665,0,0,0,0,0,55.2160110473633,0,47.2686548233032,26.7433560978283,0,25.225823857006,0,0
0,0,0,8.42904590677332,0,0,0,3.1607232093811,0,3.055672642404,0,2.77131614685059,0,0,0,2.95325469970703,0,0,91.5736961364746,4.92781897057268,0,0,0,0,0,0,0,0,0,0,0,0,0,0,0,26.3612270355225,0,0,0,44.0816809336344,0,45.6497833251953,0,0,0,18.5880925807547,0,53.3256022135417,42.0437507629395,46.5425336837769,0,3.096217141595,0,0,0,3.39232995839623,0,4.6340708732605,0,0,0,0,8.80977110625392,0,0,0,0,0,0,0,0,0,0,0,0,0,0,0,24.3477914593626,0,46.1089706420898,0,4.46100941098722,3.26797527425429,21.9684232352144,0,0
0,0,0,0,0,0,0,0,0,0,3.58402824401855,0,0,0,0,0,0,0,0,0,0,0,0,0,0,0,0,0,0,0,0,0,0,0,0,0,0,0,0,0,0,0,0,0,0,0,0,0,0,0,2.87906122207642,0,4.3082285101215,0,0,0,4.86919800988559,0,0,0,0,0,0,0,0,0,0,0,0,0,0,0,0,0,0,0,0,0,0,0,0,0,0,0,0,0,0
0,0,0,0,0,3.1607232093811,0,0,0,0,0,3.0286393960317,0,0,0,0,0,0,0,3.28958020653836,0,0,0,0,0,0,0,0,0,0,0,0,0,0,0,0,0,0,0,0,0,0,0,0,0,0,0,0,0,0,0,0,0,2.90298851798562,0,0,0,3.23096462813291,0,0,0,0,3.9130945141251,0,0,0,0,0,0,0,0,0,0,0,0,0,0,0,0,0,0,0,3.24971372740609,0,0,0,0
5.72942898407605,0,4.76324983149267,0,4.24189492110368,0,0,0,0,0,0,0,0,0,3.61615242514499,0,7.65551343469909,0,0,0,0,0,0,0,5.17921679261802,0,0,0,0,0,0,0,0,0,0,0,7.33039022261097,0,7.4563066848746,0,0,0,8.43162751706291,0,0,0,0,0,8.51977680093151,0,0,0,0,0,4.77064278319452,0,0,0,0,0,3.79704197247823,0,0,33.6929931640625,0,0,0,3.55033953487873,0,0,0,0,0,42.2576548258464,0,0,0,0,0,0,0,8.4448426349743,6.39509197823679,0,13.2002131511916,0,0
0,3.77236598650614,0,6.12841449733134,0,3.055672642404,0,0,0,0,0,0,0,0,0,3.10393404960632,49.5808305740356,11.257053862196,56.6916039784749,0,0,0,0,4.03599991798401,0,16.6308441162109,0,0,0,0,0,0,0,0,0,67.4204254150391,0,5.96443785444091,0,47.0674987003721,0,29.7733460406667,0,0,0,22.9720524441112,0,33.9760572645399,39.8115272521973,46.1315681934357,0,0,0,0,0,3.52353868917985,0,38.6616249084473,0,0,0,3.25489707554088,36.1809317725045,86.4711761474609,0,0,3.94006986088223,0,0,0,73.7950630187988,0,44.0181940252131,0,0,0,0,0,57.0866288577809,0,43.5238551089638,0,6.81277425765991,2.93429728235517,11.7550288348239,7.38620789845784,0
0,0,0,0,0,0,3.58402824401855,0,0,0,0,0,3.02048420906067,0,0,0,0,0,47.2637786865234,0,3.01072041531827,0,0,0,0,0,0,0,0,0,4.85133028030396,0,0,0,0,0,0,0,3.51111169422374,0,0,0,0,0,0,0,21.4395160675049,0,0,0,0,0,5.69206309318542,0,0,0,4.99290465569038,0,2.95732563734055,0,0,0,0,8.28012300513641,0,0,0,0,0,0,0,0,0,8.74920690059662,0,0,0,0,0,54.711763381958,0,4.10806432366371,3.81099808216095,0,0,0,0
0,0,0,2.73730381329854,0,2.77131614685059,0,3.0286393960317,0,0,0,0,0,0,0,0,0,0,39.5235614776611,3.17288139302243,0,0,0,0,0,0,0,0,0,5.05289842539312,0,0,0,0,0,7.40890331566334,0,4.56698932309122,0,45.3139572143555,0,58.9618644714355,0,0,0,16.9445900917053,0,0,0,0,0,2.86244716644287,0,2.95964050292969,0,0,0,5.87340180668838,0,0,0,0,6.0680619044111,0,0,0,0,0,0,0,0,0,8.20417031355664,0,0,0,0,0,29.1607686823065,0,9.20733343359393,0,5.17547564413033,0,11.3154175281525,0,0
0,0,0,0,0,0,0,0,0,0,3.02048420906067,0,0,0,0,0,0,0,0,0,0,0,0,0,0,0,0,0,0,0,0,0,0,0,0,0,0,0,0,0,0,0,0,0,0,0,0,0,0,0,0,0,0,0,0,0,4.99934366014269,0,3.25915808677673,0,0,0,0,0,0,0,0,0,0,0,0,0,0,0,0,0,0,0,0,0,0,0,2.95510745048523,0,0,0,0
0,0,0,0,0,0,0,0,0,0,0,0,0,0,0,0,0,13.0470115873549,0,0,0,0,0,0,0,0,0,0,0,0,0,0,0,0,0,0,0,0,0,0,0,0,0,0,0,0,0,0,0,0,0,0,0,0,0,0,0,0,0,2.96490406990051,0,0,0,0,0,0,0,0,0,0,0,0,0,0,0,0,0,0,0,0,0,0,0,0,0,0,0
0,0,0,0,0,0,0,0,3.61615242514499,0,0,0,0,0,0,0,9.76876986026764,0,0,0,0,0,0,0,0,0,4.02595281600952,0,0,0,0,0,0,0,0,0,0,0,0,0,0,0,0,0,0,0,0,0,0,0,0,0,0,0,4.43135949104063,0,0,0,4.18409332362088,0,3.07190126639146,0,0,0,0,0,0,0,0,0,0,0,0,0,0,0,0,0,0,0,0,0,0,0,0,0,0
0,0,0,0,0,2.95325469970703,0,0,0,3.10393404960632,0,0,0,0,0,0,0,7.75261566162109,0,0,0,0,0,0,0,7.56685817241669,0,0,0,0,0,0,0,0,0,0,0,0,0,0,0,0,0,0,0,0,0,0,0,0,0,0,0,0,0,4.0208193063736,0,0,0,0,0,0,0,0,0,0,0,0,0,0,0,0,0,0,0,0,0,0,0,0,0,0,5.77799150489625,0,0,0,0
0,0,68.2202377319336,75.4329223632812,0,0,0,0,7.65551343469909,49.5808305740356,0,0,0,0,9.76876986026764,0,0,23.404860631963,21.7123446453688,0,0,28.3465657461257,7.51424609171435,0,14.7833974544819,37.3141978581746,10.4566712401608,0,5.84336054325104,0,63.7077178955078,0,0,0,0,100.659153620402,85.758046076848,104.789247512817,80.2668495178223,78.7620053157628,64.8208355903625,65.0042572021484,43.2613948509097,0,0,61.9319290161133,60.8763056763815,0,0,85.7095794677734,0,0,0,0,0,0,0,65.9981346130371,0,0,25.5647892951965,0,82.1216577291489,77.6886165709723,29.1293551127116,8.85648437908718,0,0,0,14.7897638877233,0,0,85.7644577026367,75.2058921813965,83.8948440551758,0,0,0,88.2193358780502,74.5771641201443,92.5898769603056,67.7365629477579,14.4410393168487,5.39136402205666,59.619586461856,64.7335834503174,44.467279067014
0,0,50.3671417236328,83.7990427017212,0,0,0,0,0,11.257053862196,0,0,0,13.0470115873549,0,7.75261566162109,23.404860631963,0,20.8478201162244,0,0,6.89086956071338,19.9287649603451,4.64879290262858,36.6390705108643,7.56886061810956,42.3456678390503,7.45618841259979,0,0,0,0,0,0,0,86.4956152617042,84.3647918701172,86.613991800944,83.760139465332,67.4820465192403,73.8012283870152,49.5162137932734,56.7046883024018,71.9225222269694,0,58.3327998890596,64.0629132588704,69.9725023905436,91.7233352661133,73.9107702043321,0,0,0,0,0,0,0,0,0,0,74.26513671875,11.8822412490845,73.3292134113801,87.637213812934,11.1074965334242,0,0,0,17.9395774841309,0,0,68.2077255249023,75.9724407196045,76.8485921223958,69.4048411051432,0,74.843822479248,0,77.4019511482509,83.2997405856263,76.5389185769217,84.0977740654579,13.8759316839704,5.50668709291577,62.9786074242624,49.000730452999,55.7420735359192
5.72248015887495,0,62.15065574646,59.9889025968664,63.8441429138184,91.5736961364746,0,0,0,56.6916039784749,47.2637786865234,39.5235614776611,0,0,0,0,21.7123446453688,20.8478201162244,0,0,45.0725860595703,36.1904407501221,52.5957889556885,0,28.8437566757202,0,40.6382706382058,0,0,0,0,0,0,0,0,69.7732560149336,69.9896792511442,72.3375961436013,74.6814415072217,54.4955054961726,53.816891466262,37.1028432988722,32.5823410911122,22.5699422264099,36.7951914469401,36.347843813574,45.8058223958728,53.096352650569,55.8834367752075,53.9129406640289,0,0,0,0,73.5590887069702,52.1725311279297,55.788577609592,71.4735239469088,0,0,72.5843486785889,0,57.4239693109502,59.0560225042609,45.4961032867432,39.9999923706055,0,0,0,0,69.0674924850464,65.5797061920166,53.9941501930112,55.6157461007436,60.4060638134296,0,56.2055038452148,0,59.654186208445,61.4846084457355,53.63445537217,59.4958313475264,17.565608979617,45.0855293273926,36.2033467135758,32.0126417093956,38.9249422556994
0,0,0,0,0,4.92781897057268,0,3.28958020653836,0,0,0,3.17288139302243,0,0,0,0,0,0,0,0,0,0,0,0,0,0,0,0,0,9.05228900909424,0,0,0,0,0,3.37318691212361,0,4.1842102445662,0,44.2210922241211,0,46.2551040649414,0,23.0557308197021,0,15.5936185058795,0,0,0,60.207218170166,0,7.02036333084106,0,5.92232704162598,0,0,0,4.35711557677623,0,0,0,0,5.04332147369252,0,0,0,0,0,0,0,0,0,11.9234205159274,0,0,0,0,0,7.20384391880648,0,9.3108244400758,0,4.69516343039435,0,6.9615305039735,0,145.994735717773
0,0,0,0,14.9351434111595,0,0,0,0,0,3.01072041531827,0,0,0,0,0,0,0,45.0725860595703,0,0,0,0,0,0,0,0,0,0,0,0,0,0,0,0,0,3.15566528634567,0,19.7963086366653,0,0,0,0,0,0,0,0,0,42.2252445220947,0,12.950247830107,0,0,0,14.8624416351318,0,5.03392701637088,0,0,0,0,0,0,6.36395126772642,0,0,0,0,0,0,0,0,0,29.0110615321568,0,0,0,0,0,7.79307664871216,0,16.1365207368677,5.33767541034802,0,24.7044502581869,0,0
0,0,0,0,0,0,0,0,0,0,0,0,0,0,0,0,28.3465657461257,6.89086956071338,36.1904407501221,0,0,0,4.4240674917088,22.5848418023135,0,7.94324053672546,0,3.18226219075067,0,0,0,0,0,0,0,0,0,13.6352423620487,0,0,0,52.7232055664062,0,0,0,0,79.635612487793,27.084156036377,0,18.1112987968359,0,0,0,0,0,0,0,30.4385165891786,0,26.0412578582764,0,0,76.3287448883057,0,7.26389757562487,3.25386074611119,17.3699811911974,0,12.1326641466307,0,14.6851070866527,0,28.8400459289551,0,0,0,0,0,0,0,13.6741924323337,0,5.14183270310528,4.39616065555149,41.5870018872348,0,0
0,0,0,0,0,0,0,0,0,0,0,0,0,0,0,0,7.51424609171435,19.9287649603451,52.5957889556885,0,0,4.4240674917088,0,0,5.48436828454336,0,5.69720157911611,0,3.38990664482117,0,0,0,0,0,0,0,0,0,10.4096328914165,0,0,0,0,0,0,0,0,0,14.8735199720582,0,0,0,0,0,0,0,0,0,0,0,0,0,0,0,8.77437138557434,5.15558673397002,0,5.99990935759111,0,14.4804875850677,0,12.1983407552426,0,0,0,0,0,0,0,0,0,9.04355145918912,4.84743916415752,4.54726469516754,0,0,0
0,0,0,0,0,0,0,0,0,4.03599991798401,0,0,0,0,0,0,0,4.64879290262858,0,0,0,22.5848418023135,0,0,0,2.80689924641659,0,0,0,0,0,0,0,0,0,0,0,7.78915358999093,0,0,0,18.0889470236642,37.4884872436523,0,0,0,0,24.6084114074707,0,9.30751620027526,0,0,0,0,0,0,0,17.9776792526245,0,18.7218437194824,0,0,0,0,22.5696845432319,0,4.66718124495612,0,6.02033026087774,0,9.79834536811973,0,0,0,0,0,0,0,0,0,9.05692100524902,0,10.9864724874496,0,6.95609461618162,0,0
0,0,0,0,0,0,0,0,5.17921679261802,0,0,0,0,0,0,0,14.7833974544819,36.6390705108643,28.8437566757202,0,0,0,5.48436828454336,0,0,0,2.87226404746374,0,0,0,0,0,0,0,0,0,0,0,6.56546987869121,0,0,0,0,0,0,0,0,0,11.8997157146404,0,0,0,0,0,0,0,0,0,0,0,0,0,0,0,0,10.2509417533875,0,5.09351518770464,0,4.02864967073713,0,21.286434173584,0,0,0,0,0,0,0,0,0,8.93686673656013,5.41056644439697,0,4.61529248259788,0,0
0,0,0,0,0,0,0,0,0,16.6308441162109,0,0,0,0,0,7.56685817241669,37.3141978581746,7.56886061810956,0,0,0,7.94324053672546,0,2.80689924641659,0,0,0,5.4517406920592,0,0,0,0,0,0,0,0,0,0,0,0,0,0,0,0,0,0,0,0,0,0,0,0,0,0,0,0,0,0,0,0,0,0,0,0,3.67925179004669,0,0,0,4.80726008660804,0,4.30420370535417,0,0,0,0,0,0,0,0,0,0,0,6.79545649135016,0,0,0,0
0,0,0,0,0,0,0,0,0,0,0,0,0,0,4.02595281600952,0,10.4566712401608,42.3456678390503,40.6382706382058,0,0,0,5.69720157911611,0,2.87226404746374,0,0,0,6.33008809089661,0,0,0,0,0,0,0,0,0,0,0,0,0,0,0,0,0,0,0,0,0,0,0,0,0,0,0,0,0,0,0,0,0,0,0,0,3.05471920967102,0,3.37811279296875,0,3.04629508972168,0,0,0,0,0,0,0,0,0,0,0,0,9.44553071188639,0,0,0,0
0,0,0,0,0,0,0,0,0,0,0,0,0,0,0,0,0,7.45618841259979,0,0,0,3.18226219075067,0,0,0,5.4517406920592,0,0,0,0,0,0,0,0,0,0,0,3.23909579790556,0,0,0,0,0,0,0,0,0,0,0,0,0,0,0,0,0,0,0,0,0,0,0,0,0,0,8.82141332626343,0,0,0,6.11071083405439,0,5.00499548522415,0,4.22136775652568,0,0,0,0,0,0,0,5.42928372466046,0,4.11075343215276,0,0,0,0
0,0,0,0,0,0,0,0,0,0,0,0,0,0,0,0,5.84336054325104,0,0,0,0,0,3.38990664482117,0,0,0,6.33008809089661,0,0,0,2.80415602260166,0,0,0,0,0,0,0,0,0,0,0,0,0,0,0,0,0,0,0,0,0,0,0,0,0,0,0,0,0,0,0,0,0,0,5.29046698978969,0,0,0,3.37843322753906,0,6.1798181683513,0,2.97465132190063,0,0,0,0,0,0,0,0,4.29316856861115,0,0,0,0
0,0,0,0,0,0,0,0,0,0,0,5.05289842539312,0,0,0,0,0,0,0,9.05228900909424,0,0,0,0,0,0,0,0,0,0,0,0,0,0,0,0,0,5.63086382548014,0,48.5034255981445,0,0,0,26.0189332962036,0,35.79443359375,0,0,0,0,0,0,0,0,0,0,0,4.93981249168001,0,0,0,0,21.8815525770187,0,0,0,0,0,0,0,0,0,4.76070047604322,0,0,0,0,0,59.4191741943359,0,4.83552530407906,0,0,0,22.7059404373169,0,0
0,0,0,0,0,0,0,0,0,0,4.85133028030396,0,0,0,0,0,63.7077178955078,0,0,0,0,0,0,0,0,0,0,0,2.80415602260166,0,0,0,0,0,0,0,0,0,3.25980887963222,0,0,0,0,0,0,0,0,0,0,0,0,0,0,0,44.9640121459961,0,4.87202402714933,0,0,0,0,0,0,22.7050848007202,0,0,0,0,0,0,0,0,0,6.62839261553753,0,0,0,0,0,0,0,4.12099771927565,0,0,31.8210372924805,0,0
0,0,0,0,0,0,0,0,0,0,0,0,0,0,0,0,0,0,0,0,0,0,0,0,0,0,0,0,0,0,0,0,5.82569258385285,3.52057448029518,2.75148177146912,6.22901120662689,10.2884349822998,0,0,0,0,0,0,0,0,0,0,5.40602793007016,5.23325023284325,4.31501808017492,0,0,0,0,0,0,0,0,0,0,0,0,0,0,0,0,0,0,0,0,0,0,0,0,5.95542455573325,14.3694450139999,17.4331948053641,0,6.65498412208718,18.7486065909976,0,0,5.02631993823581,0,0,0,0
0,0,0,0,0,0,0,0,0,0,0,0,0,0,0,0,0,0,0,0,0,0,0,0,0,0,0,0,0,0,0,5.82569258385285,0,0,3.85315206928073,17.6679954528809,3.06615426744734,0,0,0,0,0,0,0,0,0,0,4.4656979695806,4.62980753183365,0,0,0,0,0,0,0,0,0,0,0,0,0,0,0,0,0,0,0,0,0,0,0,0,0,9.31792543916141,5.27184598495278,0,4.97101599640316,14.4203188419342,6.55915178318281,0,0,4.16824153336612,0,0,0,0
0,0,0,0,0,0,0,0,0,0,0,0,0,0,0,0,0,0,0,0,0,0,0,0,0,0,0,0,0,0,0,3.52057448029518,0,0,3.31321600226105,6.93093634002349,0,4.86711998250749,0,67.6144790649414,0,0,0,0,0,54.3307304382324,0,6.02626651799223,0,4.38891140965448,0,0,0,0,0,0,0,0,0,0,0,0,0,0,0,0,0,0,0,0,0,0,0,0,19.7837088108063,0,4.89139165873415,3.7249323238026,14.7121480795053,0,4.02885782191184,5.27714347839355,5.40192807177878,0,0,0,0
0,0,0,0,59.3513488769531,0,0,0,0,0,0,0,0,0,0,0,0,0,0,0,0,0,0,0,0,0,0,0,0,0,0,2.75148177146912,3.85315206928073,3.31321600226105,0,0,4.52926654444483,0,4.82216820213365,0,0,0,0,0,0,0,56.5710411071777,4.98300822094039,7.03626997470856,0,0,0,0,0,0,0,0,0,0,0,0,0,0,0,0,0,0,0,0,0,0,0,0,0,2.74832463264465,7.32616850604182,4.21250810113343,4.77807167629571,0,5.01898133539939,0,6.85403222886343,3.74617516994476,0,15.3727188110352,0,0
0,0,0,60.5715627670288,0,26.3612270355225,0,0,0,67.4204254150391,0,7.40890331566334,0,0,0,0,100.659153620402,86.4956152617042,69.7732560149336,3.37318691212361,0,0,0,0,0,0,0,0,0,0,0,6.22901120662689,17.6679954528809,6.93093634002349,0,0,5.68184706899855,8.19575792740596,0,73.5207728033196,0,53.1782866670431,88.7978935241699,54.068886756897,0,44.532744734895,112.158657073975,7.35617852443728,25.5606861114502,47.8633350644793,0,0,0,0,0,0,0,70.4067036764962,0,0,0,0,20.9255656570196,117.867427825928,0,0,0,0,0,0,0,0,75.136905670166,0,25.3838546390403,17.3675117492676,23.9939859277509,0,8.18711610600319,15.1803398051504,16.0596973715358,110.650550842285,10.9192087494996,10.7874432748014,42.905179956664,47.529695603454,0
55.9698225657145,0,10.9826951424281,0,57.5926170349121,0,0,0,7.33039022261097,0,0,0,0,0,0,0,85.758046076848,84.3647918701172,69.9896792511442,0,3.15566528634567,0,0,0,0,0,0,0,0,0,0,10.2884349822998,3.06615426744734,0,4.52926654444483,5.68184706899855,0,0,8.15110071031259,148.159088134766,9.74712219834328,0,52.77782343145,0,0,0,41.6306254313542,3.48269672497459,29.0723313276584,0,29.2888714472453,0,0,0,49.8258269173758,0,23.0065987904867,0,26.9450340270996,0,0,0,0,9.27753695419857,0,0,0,0,0,0,0,0,0,68.9382452964783,12.0749804496765,23.5391791152954,0,8.35486211226537,29.9542762582952,5.73054293548535,0,13.8923477810073,6.01453715797484,3.76167721958721,25.2083794577368,0,38.5714198521205
0,0,0,67.0260683695475,0,0,0,0,0,5.96443785444091,0,4.56698932309122,0,0,0,0,104.789247512817,86.613991800944,72.3375961436013,4.1842102445662,0,13.6352423620487,0,7.78915358999093,0,0,0,3.23909579790556,0,5.63086382548014,0,0,0,4.86711998250749,0,8.19575792740596,0,0,3.19562777876854,84.4553098042806,171.392181396484,48.1286459981579,25.8519630432129,53.985041069262,0,50.6853625184746,0,6.41929187671693,89.5501403808594,6.92840141371677,0,0,0,0,0,12.665340423584,0,8.17152547836304,0,0,0,0,21.7436188864954,0,13.6164784303205,0,11.7818398770466,0,0,0,3.82573319883908,0,11.8009338106428,0,0,0,8.88964088951669,4.01973104476929,16.1521499720047,0,6.25576711911527,5.5935115814209,8.52004832927842,5.96335107240921,27.3892473151871,46.9398962020874,0
49.115904490153,0,48.9250354766846,0,0,0,0,0,7.4563066848746,0,3.51111169422374,0,0,0,0,0,80.2668495178223,83.760139465332,74.6814415072217,0,19.7963086366653,0,10.4096328914165,0,6.56546987869121,0,0,0,0,0,3.25980887963222,0,0,0,4.82216820213365,0,8.15110071031259,3.19562777876854,0,0,23.3819065093994,0,33.5781250431424,0,42.0251541137695,0,45.7025229525404,7.40538168382723,8.22197134897742,0,0,0,0,0,7.77092163264751,0,5.36238484912448,0,59.5767707824707,0,0,0,0,16.5055750148637,0,12.2406329940283,0,7.38344970151976,0,0,0,0,0,16.2926438748837,0,0,6.0215470790863,4.18962630033493,137.612419128418,16.6855174055183,0,5.46078552666156,9.98596268487208,0,17.6493970981408,0,40.0978904203935
0,0,0,42.6246633956681,0,44.0816809336344,0,0,0,47.0674987003721,0,45.3139572143555,0,0,0,0,78.7620053157628,67.4820465192403,54.4955054961726,44.2210922241211,0,0,0,0,0,0,0,0,0,48.5034255981445,0,0,0,67.6144790649414,0,73.5207728033196,148.159088134766,84.4553098042806,0,0,0,28.7424896265904,70.325747595893,46.927045413426,0,18.4759686323171,80.2480199477252,21.8157060582463,32.4515072504679,25.044855612816,0,0,0,0,0,47.5021697998047,0,54.9903428077698,0,0,0,0,14.0395151796113,107.830225626628,79.5835698445638,0,0,0,0,0,68.4240386962891,0,52.4574464797974,102.497230529785,72.2073066711426,0,0,0,26.3489151935698,99.1981010437012,46.0076146497794,99.9595909118652,41.7175239365467,42.2087717056274,29.9931182051031,44.9437158796522,66.359858194987
0,0,0,0,0,0,0,0,0,0,0,0,0,0,0,0,64.8208355903625,73.8012283870152,53.816891466262,0,0,0,0,0,0,0,0,0,0,0,0,0,0,0,0,0,9.74712219834328,171.392181396484,23.3819065093994,0,0,0,25.1549568877746,0,28.1153087615967,0,10.7356251636916,9.52809223532677,12.9177827521116,17.452033996582,34.2782130241394,0,0,0,47.4267667134603,0,32.3189816474915,0,31.51877784729,0,0,0,0,16.5330534438173,0,0,0,0,0,0,0,51.511833190918,0,54.8884321848551,0,0,0,0,90.3172912597656,14.0683295470496,96.1265869140625,27.7933913761715,50.1687730153402,0,13.2605693715623,0,26.4021137422985
0,24.8141588862938,0,38.5477009789418,0,45.6497833251953,0,0,0,29.7733460406667,0,58.9618644714355,0,0,0,0,65.0042572021484,49.5162137932734,37.1028432988722,46.2551040649414,0,52.7232055664062,0,18.0889470236642,0,0,0,0,0,0,0,0,0,0,0,53.1782866670431,0,48.1286459981579,0,28.7424896265904,0,0,11.3572233068943,42.5981101989746,0,39.5499290531332,64.8068509783064,16.82438292588,0,19.2939593073812,0,0,0,0,0,46.6946246623993,0,23.2294253106673,0,0,0,0,33.1126456527236,73.2316177368164,43.2193854649862,0,31.0356078147888,0,0,0,29.8385398988243,0,26.1455011288873,59.0155563354492,39.0293422586778,0,36.8761175700596,0,36.432909133746,93.8524763319227,31.0503082858695,88.6188882191976,15.2561388692081,26.4939594268799,21.3345948459379,16.277863508597,63.0163326263428
20.3944008954227,0,29.9225765228271,0,42.1338002946642,0,0,0,8.43162751706291,0,0,0,0,0,0,0,43.2613948509097,56.7046883024018,32.5823410911122,0,0,0,0,37.4884872436523,0,0,0,0,0,0,0,0,0,0,0,88.7978935241699,52.77782343145,25.8519630432129,33.5781250431424,70.325747595893,25.1549568877746,11.3572233068943,0,33.6590919494629,16.0696869956123,55.2876712254116,25.4352036775105,9.97792732899006,16.6228682388173,0,40.2418103218079,0,0,0,40.9108260946071,0,27.7571345207369,0,37.4845614433289,0,42.0877676010132,0,87.1488143920898,33.9684455889436,0,39.9253730773926,0,0,0,0,0,26.8881247165429,68.4774703979492,22.148940505072,0,0,20.9658088684082,0,79.8021952685188,34.3457235180004,68.5558902195522,32.554956457972,14.8943602558923,27.9568239847819,16.8375492437006,27.8855194091797,14.3720389693687
0,0,0,0,0,0,0,0,0,0,0,0,0,0,0,0,0,71.9225222269694,22.5699422264099,23.0557308197021,0,0,0,0,0,0,0,0,0,26.0189332962036,0,0,0,0,0,54.068886756897,0,53.985041069262,0,46.927045413426,0,42.5981101989746,33.6590919494629,0,0,20.4586833318075,42.048038482666,38.43381690979,0,39.2336719512939,0,0,0,0,0,0,0,21.7562201023102,0,0,0,0,44.304256439209,0,0,0,0,0,0,0,27.2268691062927,0,26.9679181624432,0,0,0,0,0,44.6413071102566,61.1517314910889,32.7256504041012,0,31.5415434837341,0,22.1602591408624,28.8764886856079,0
0,0,0,0,0,0,0,0,0,0,0,0,0,0,0,0,0,0,36.7951914469401,0,0,0,0,0,0,0,0,0,0,0,0,0,0,0,0,0,0,0,42.0251541137695,0,28.1153087615967,0,16.0696869956123,0,0,0,25.7683755874634,0,15.5923938751221,0,0,0,0,0,0,0,0,0,0,0,0,0,0,31.5109767913818,0,0,0,0,0,0,0,0,0,0,0,0,0,0,67.8993301391602,41.2528330485026,0,0,17.8336135546366,0,17.785918434461,0,0
0,0,0,19.5208780981053,0,18.5880925807547,0,0,0,22.9720524441112,0,16.9445900917053,0,0,0,0,61.9319290161133,58.3327998890596,36.347843813574,15.5936185058795,0,0,0,0,0,0,0,0,0,35.79443359375,0,0,0,54.3307304382324,0,44.532744734895,0,50.6853625184746,0,18.4759686323171,0,39.5499290531332,55.2876712254116,20.4586833318075,0,0,74.380756855011,35.7892619541713,25.3475816047798,34.3652726109164,0,17.104736328125,0,0,0,26.9610989514519,0,22.2793299867473,0,0,0,0,10.8820886776713,93.201769510905,0,0,48.3489570617676,0,0,0,67.9227771759033,0,30.8693627645803,0,42.5928535461426,0,34.4548594156901,0,27.2668439379224,88.2625520494249,33.2800674016704,106.824089050293,35.8362983977136,31.1425874233246,16.2566586845648,49.2053470050587,119.117637634277
22.6328700648414,0,30.2617673873901,64.5003433227539,36.0457572937012,0,0,0,0,0,21.4395160675049,0,0,0,0,0,60.8763056763815,64.0629132588704,45.8058223958728,0,0,79.635612487793,0,0,0,0,0,0,0,0,0,0,0,0,56.5710411071777,112.158657073975,41.6306254313542,0,45.7025229525404,80.2480199477252,10.7356251636916,64.8068509783064,25.4352036775105,42.048038482666,25.7683755874634,74.380756855011,0,50.5740271068755,34.4863404158888,47.8046264648438,34.1731408437093,0,0,0,36.9647297397737,0,36.5421989440918,68.78125,27.5889444351196,0,31.9233909606934,0,90.6998977661133,13.3897500545936,0,0,0,0,0,0,0,46.1338390350342,73.151008605957,46.7514454796201,0,0,74.5195388793945,0,90.8815071105957,29.2394221219217,98.0656967163086,38.5279236490693,40.0199775720191,26.8895626068115,20.3629201975115,55.725025177002,44.3987297389818
0,0,50.0352376302083,44.61794090271,53.210636138916,53.3256022135417,0,0,0,33.9760572645399,0,0,0,0,0,0,0,69.9725023905436,53.096352650569,0,0,27.084156036377,0,24.6084114074707,0,0,0,0,0,0,0,5.40602793007016,4.4656979695806,6.02626651799223,4.98300822094039,7.35617852443728,3.48269672497459,6.41929187671693,7.40538168382723,21.8157060582463,9.52809223532677,16.82438292588,9.97792732899006,38.43381690979,0,35.7892619541713,50.5740271068755,0,5.03410363533317,8.2355352259652,56.4225781758626,0,0,0,57.905094909668,0,61.4501237869263,62.072868347168,61.5028247833252,0,0,0,41.8579679216657,0,31.7943348451094,23.8353214263916,23.8948917388916,0,0,0,0,0,27.6027196737436,67.0802688598633,6.59428232099196,5.50966248238922,7.00044389575765,5.61113568122444,9.17281315199786,6.79526811639468,10.3658454322137,8.85724744200706,6.6760577163988,2.85872578620911,14.0640073798773,36.5004742486136,0
11.8004357823854,0,12.8784263091428,40.1043275197347,43.8623959223429,42.0437507629395,0,0,8.51977680093151,39.8115272521973,0,0,0,0,0,0,0,91.7233352661133,55.8834367752075,0,42.2252445220947,0,14.8735199720582,0,11.8997157146404,0,0,0,0,0,0,5.23325023284325,4.62980753183365,0,7.03626997470856,25.5606861114502,29.0723313276584,89.5501403808594,8.22197134897742,32.4515072504679,12.9177827521116,0,16.6228682388173,0,15.5923938751221,25.3475816047798,34.4863404158888,5.03410363533317,0,5.11996909925493,48.9206124355918,0,0,0,22.3073055090281,40.5861320495605,43.2154041675672,47.2623500823975,44.3982334136963,0,7.64013215189888,0,48.832347869873,53.6561858437278,74.611930847168,17.3257677280168,0,11.0623197111524,0,0,0,14.2130321555667,53.951416015625,44.6783671351996,6.28478416442871,3.04791132609049,0,3.81400233567363,56.3021454811096,35.4914918371234,61.2981725420271,14.9098251907366,14.5287823437234,29.6716899871826,17.6443242518305,0,37.6001176834106
0,8.59498559316417,0,15.1143248518128,44.2302513122559,46.5425336837769,0,0,0,46.1315681934357,0,0,0,0,0,0,85.7095794677734,73.9107702043321,53.9129406640289,60.207218170166,0,18.1112987968359,0,9.30751620027526,0,0,0,0,0,0,0,4.31501808017492,0,4.38891140965448,0,47.8633350644793,0,6.92840141371677,0,25.044855612816,17.452033996582,19.2939593073812,0,39.2336719512939,0,34.3652726109164,47.8046264648438,8.2355352259652,5.11996909925493,0,0,42.9800834655762,0,0,0,31.5240316390991,0,12.4220048956799,0,4.34540595054626,0,3.17952359876325,44.0958034565907,0,13.6265932864283,0,6.96250859631432,0,5.58295213548761,0,6.18644062875059,0,17.9425242275273,0,4.66521540759266,0,5.38483116843484,0,36.4556892747298,110.338417053223,9.63680850577727,0,16.0761854065884,29.9648981827956,20.9912847914191,37.7243988202966,0
0,0,10.5154703140259,0,4.79343381524086,0,2.87906122207642,0,0,0,0,0,0,0,0,0,0,0,0,0,12.950247830107,0,0,0,0,0,0,0,0,0,0,0,0,0,0,0,29.2888714472453,0,0,0,34.2782130241394,0,40.2418103218079,0,0,0,34.1731408437093,56.4225781758626,48.9206124355918,0,0,0,0,0,6.25660903637226,0,27.6410944461823,0,5.90989165253692,0,7.5321758593185,0,0,13.1465118772071,0,0,0,0,0,0,0,42.5979804992676,0,45.8049138387044,0,0,0,0,0,26.8144678198773,0,50.2281799316406,44.0063832600911,0,16.7344629596261,0,0
0,0,0,0,0,3.096217141595,0,0,0,0,0,2.86244716644287,0,0,0,0,0,0,0,7.02036333084106,0,0,0,0,0,0,0,0,0,0,0,0,0,0,0,0,0,0,0,0,0,0,0,0,0,17.104736328125,0,0,0,42.9800834655762,0,0,0,0,0,3.45143875208768,0,3.44086909294128,0,3.57067704200745,0,4.0421336889267,10.7679679326922,0,0,0,0,0,0,0,0,0,0,0,0,0,0,0,21.4985577265422,0,0,0,0,0,4.38591971094646,0,0
0,0,0,0,0,0,4.3082285101215,0,0,0,5.69206309318542,0,0,0,0,0,0,0,0,0,0,0,0,0,0,0,0,0,0,0,0,0,0,0,0,0,0,0,0,0,0,0,0,0,0,0,0,0,0,0,0,0,0,0,0,0,4.1324855603955,0,0,0,0,0,0,0,0,0,0,0,0,0,0,0,0,0,0,0,0,0,0,0,0,0,0,0,0,0,0
0,0,0,0,0,0,0,2.90298851798562,0,0,0,2.95964050292969,0,0,0,0,0,0,0,5.92232704162598,0,0,0,0,0,0,0,0,0,0,0,0,0,0,0,0,0,0,0,0,0,0,0,0,0,0,0,0,0,0,0,0,0,0,0,0,0,2.89627966284752,0,0,0,0,0,0,0,0,0,0,0,0,0,0,0,0,0,0,0,0,0,0,0,0,3.17583990097046,0,0,0,0
4.84149472063238,0,8.57887090980143,0,5.29131482504859,0,0,0,4.77064278319452,0,0,0,0,0,4.43135949104063,0,0,0,73.5590887069702,0,14.8624416351318,0,0,0,0,0,0,0,0,0,44.9640121459961,0,0,0,0,0,49.8258269173758,0,7.77092163264751,0,47.4267667134603,0,40.9108260946071,0,0,0,36.9647297397737,57.905094909668,22.3073055090281,0,6.25660903637226,0,0,0,0,0,31.7145589192708,0,3.62501385476854,0,3.5509993311477,0,0,19.580507941868,0,0,0,3.34332574000124,0,0,0,47.5342458089193,0,45.197648504506,0,0,0,0,0,53.4054479387071,0,33.2790617311702,24.4467666274623,0,28.8977421384734,0,0
0,3.89765501022339,0,6.52511650073428,0,3.39232995839623,0,0,0,3.52353868917985,0,0,0,0,0,4.0208193063736,0,0,52.1725311279297,0,0,0,0,0,0,0,0,0,0,0,0,0,0,0,0,0,0,12.665340423584,0,47.5021697998047,0,46.6946246623993,0,0,0,26.9610989514519,0,0,40.5861320495605,31.5240316390991,0,3.45143875208768,0,0,0,0,0,67.1906299591064,0,0,0,3.65550394908299,41.3805764516195,0,0,0,3.53406512737274,0,0,0,56.2770195007324,0,44.2351112365723,0,0,0,0,0,70.3071578979492,0,7.87033168717128,0,20.4880628152327,0,21.4110071275618,0,0
0,0,37.9953937530518,0,24.6006609598796,0,4.86919800988559,0,0,0,4.99290465569038,0,4.99934366014269,0,0,0,0,0,55.788577609592,0,5.03392701637088,0,0,0,0,0,0,0,0,0,4.87202402714933,0,0,0,0,0,23.0065987904867,0,5.36238484912448,0,32.3189816474915,0,27.7571345207369,0,0,0,36.5421989440918,61.4501237869263,43.2154041675672,0,27.6410944461823,0,4.1324855603955,0,31.7145589192708,0,0,0,4.98940883227426,0,5.16178806011493,0,0,11.7708720159413,0,35.8956890973178,0,0,0,21.9532344182332,0,8.87188385183161,0,8.60956083908955,0,0,0,0,0,36.3620857007576,0,11.8158849532179,10.5223350524902,0,11.5662195561093,0,24.784431775411
0,12.9928101698558,0,8.97314288252491,0,4.6340708732605,0,3.23096462813291,0,38.6616249084473,0,5.87340180668838,0,0,0,0,65.9981346130371,0,71.4735239469088,4.35711557677623,0,30.4385165891786,0,17.9776792526245,0,0,0,0,0,4.93981249168001,0,0,0,0,0,70.4067036764962,0,8.17152547836304,0,54.9903428077698,0,23.2294253106673,0,21.7562201023102,0,22.2793299867473,68.78125,62.072868347168,47.2623500823975,12.4220048956799,0,3.44086909294128,0,2.89627966284752,0,67.1906299591064,0,0,0,3.71992097509668,0,0,10.6650364358953,103.410011291504,24.9750120196722,0,17.6679447750713,0,19.0535604858398,0,7.27226153216042,0,7.25793019655513,0,0,0,0,0,57.0013889869054,0,12.6677103325312,0,38.1122061122547,0,11.272575026275,18.9079294204712,0
0,0,5.61773332305576,0,9.43193617463112,0,0,0,0,0,2.95732563734055,0,3.25915808677673,0,4.18409332362088,0,0,0,0,0,0,0,0,0,0,0,0,0,0,0,0,0,0,0,0,0,26.9450340270996,0,59.5767707824707,0,31.51877784729,0,37.4845614433289,0,0,0,27.5889444351196,61.5028247833252,44.3982334136963,0,5.90989165253692,0,0,0,3.62501385476854,0,4.98940883227426,0,0,0,3.87059715362864,0,0,14.2370564260266,0,31.4988869791446,0,22.2260160446167,0,9.84895143508911,0,5.65733810714496,0,37.3079655965169,0,0,0,0,0,24.4267744290627,0,0,40.2940139770508,0,10.2281236987848,0,0
0,0,0,5.89043756893703,0,0,0,0,0,0,0,0,0,2.96490406990051,0,0,0,0,0,0,0,26.0412578582764,0,18.7218437194824,0,0,0,0,0,0,0,0,0,0,0,0,0,0,0,0,0,0,0,0,0,0,0,0,0,4.34540595054626,0,3.57067704200745,0,0,0,0,0,3.71992097509668,0,0,0,3.32725802063942,15.954963684082,0,21.3150720596313,0,21.2639980316162,0,0,0,5.12072228370829,0,0,0,0,0,0,0,0,0,0,0,0,0,11.7419528961182,0,0
5.70499324798584,0,7.24543766180674,0,8.75925461915288,0,0,0,3.79704197247823,0,0,0,0,0,3.07190126639146,0,25.5647892951965,74.26513671875,72.5843486785889,0,0,0,0,0,0,0,0,0,0,0,0,0,0,0,0,0,0,0,0,0,0,0,42.0877676010132,0,0,0,31.9233909606934,0,7.64013215189888,0,7.5321758593185,0,0,0,3.5509993311477,0,5.16178806011493,0,3.87059715362864,0,0,0,0,22.7057857513428,0,0,0,0,0,2.99745368330102,0,0,0,44.6699645996094,0,0,0,0,0,57.3766223907471,0,48.7894387245178,29.6254714330037,0,14.8557018226301,0,0
0,3.23636202017466,0,0,0,0,0,0,0,3.25489707554088,0,0,0,0,0,0,0,11.8822412490845,0,0,0,0,0,0,0,0,0,0,0,0,0,0,0,0,0,0,0,0,0,0,0,0,0,0,0,0,0,0,0,3.17952359876325,0,4.0421336889267,0,0,0,3.65550394908299,0,0,0,3.32725802063942,0,0,0,0,0,0,3.79734895446084,0,0,0,3.13273549566464,0,0,0,0,0,0,0,0,0,0,0,5.59210475285848,0,3.87849599275834,0,0
0,0,0,20.936006721062,0,8.80977110625392,0,3.9130945141251,0,36.1809317725045,0,6.0680619044111,0,0,0,0,82.1216577291489,73.3292134113801,57.4239693109502,5.04332147369252,0,76.3287448883057,0,0,0,0,0,0,0,21.8815525770187,0,0,0,0,0,20.9255656570196,0,21.7436188864954,0,14.0395151796113,0,33.1126456527236,87.1488143920898,44.304256439209,0,10.8820886776713,90.6998977661133,41.8579679216657,48.832347869873,44.0958034565907,0,10.7679679326922,0,0,0,41.3805764516195,0,10.6650364358953,0,15.954963684082,0,0,0,0,44.6229349772135,0,31.3206424713135,0,32.6437301635742,0,24.2687594850185,0,21.0675354690332,0,59.3416595458984,0,64.4952983856201,0,11.5827149369682,100.631774902344,13.5950471540637,0,43.82977192865,47.8698013305664,20.9775115273348,36.0864513621611,0
40.4057636260986,0,31.8285083770752,0,13.9378034046718,0,0,0,33.6929931640625,86.4711761474609,8.28012300513641,0,0,0,0,0,77.6886165709723,87.637213812934,59.0560225042609,0,6.36395126772642,0,0,0,0,0,0,0,0,0,22.7050848007202,0,0,0,0,117.867427825928,9.27753695419857,0,16.5055750148637,107.830225626628,16.5330534438173,73.2316177368164,33.9684455889436,0,31.5109767913818,93.201769510905,13.3897500545936,0,53.6561858437278,0,13.1465118772071,0,0,0,19.580507941868,0,11.7708720159413,103.410011291504,14.2370564260266,0,22.7057857513428,0,0,0,0,52.7434234619141,0,0,0,33.1732810974121,0,26.9079153731063,0,26.2536863652671,0,0,0,0,107.96227722168,18.6966092991011,98.7409912109375,20.5394999473072,47.5742172019822,0,24.2161064081054,139.464996337891,48.0127201080322
0,0,0,0,0,0,0,0,0,0,0,0,0,0,0,0,29.1293551127116,11.1074965334242,45.4961032867432,0,0,7.26389757562487,8.77437138557434,22.5696845432319,0,3.67925179004669,0,8.82141332626343,0,0,0,0,0,0,0,0,0,13.6164784303205,0,79.5835698445638,0,43.2193854649862,0,0,0,0,0,31.7943348451094,74.611930847168,13.6265932864283,0,0,0,0,0,0,0,24.9750120196722,0,21.3150720596313,0,0,44.6229349772135,0,0,0,10.4987329127554,0,8.57107503230755,0,12.1460261210134,0,21.3025331497192,0,0,0,0,0,91.4601669311523,0,7.67103957860652,0,16.2511087342312,0,32.9840751482093,35.0974349975586,0
0,0,0,0,0,0,0,0,0,0,0,0,0,0,0,0,8.85648437908718,0,39.9999923706055,0,0,3.25386074611119,5.15558673397002,0,10.2509417533875,0,3.05471920967102,0,5.29046698978969,0,0,0,0,0,0,0,0,0,12.2406329940283,0,0,0,39.9253730773926,0,0,0,0,23.8353214263916,17.3257677280168,0,0,0,0,0,0,0,35.8956890973178,0,31.4988869791446,0,0,0,0,52.7434234619141,0,0,0,7.85943093607503,0,12.1701290858419,0,11.8695604126137,0,0,0,0,0,0,0,0,0,7.26576308330282,4.59458825180122,0,39.5660158793131,0,0
0,4.22157120704651,0,0,0,0,0,0,0,3.94006986088223,0,0,0,0,0,0,0,0,0,0,0,17.3699811911974,0,4.66718124495612,0,0,0,0,0,0,0,0,0,0,0,0,0,11.7818398770466,0,0,0,31.0356078147888,0,0,0,48.3489570617676,0,23.8948917388916,0,6.96250859631432,0,0,0,0,0,3.53406512737274,0,17.6679447750713,0,21.2639980316162,0,3.79734895446084,31.3206424713135,0,10.4987329127554,0,0,58.5597305297852,4.28901197068453,0,9.31743497861026,0,0,0,0,0,0,0,0,0,8.31163250340356,0,18.6539764404297,0,10.0869100781587,0,0
0,0,0,0,0,0,0,0,3.55033953487873,0,0,0,0,0,0,0,0,0,0,0,0,0,5.99990935759111,0,5.09351518770464,0,3.37811279296875,0,0,0,0,0,0,0,0,0,0,0,7.38344970151976,0,0,0,0,0,0,0,0,0,11.0623197111524,0,0,0,0,0,3.34332574000124,0,0,0,22.2260160446167,0,0,0,0,0,0,7.85943093607503,58.5597305297852,0,0,7.17905902387611,0,14.9887966555218,0,0,0,0,0,0,0,0,0,7.64755163435376,5.44813853502274,0,9.59074314832687,0,0
0,0,0,0,0,0,0,0,0,0,0,0,0,0,0,0,0,17.9395774841309,0,0,0,12.1326641466307,0,6.02033026087774,0,4.80726008660804,0,6.11071083405439,0,0,0,0,0,0,0,0,0,0,0,0,0,0,0,0,0,0,0,0,0,5.58295213548761,0,0,0,0,0,0,0,19.0535604858398,0,0,0,0,32.6437301635742,0,8.57107503230755,0,4.28901197068453,0,0,0,4.78235054154193,0,18.2846813201904,0,0,0,0,0,0,0,0,0,2.7546181678772,0,19.1681096553802,0,0
0,0,0,0,0,0,0,0,0,0,0,0,0,0,0,0,14.7897638877233,0,0,0,0,0,14.4804875850677,0,4.02864967073713,0,3.04629508972168,0,3.37843322753906,0,0,0,0,0,0,0,0,0,0,0,0,0,0,0,0,0,0,0,0,0,0,0,0,0,0,0,21.9532344182332,0,9.84895143508911,0,2.99745368330102,0,0,33.1732810974121,0,12.1701290858419,0,7.17905902387611,0,0,0,8.96302533449079,0,0,0,0,0,0,0,0,0,0,0,0,39.7256011962891,0,0
0,22.317943572998,0,39.298594156901,0,0,0,0,0,73.7950630187988,0,0,0,0,0,0,0,0,69.0674924850464,0,0,14.6851070866527,0,9.79834536811973,0,4.30420370535417,0,5.00499548522415,0,0,0,0,0,0,0,0,0,3.82573319883908,0,68.4240386962891,0,29.8385398988243,0,27.2268691062927,0,67.9227771759033,0,0,0,6.18644062875059,0,0,0,0,0,56.2770195007324,0,7.27226153216042,0,5.12072228370829,0,3.13273549566464,24.2687594850185,0,12.1460261210134,0,9.31743497861026,0,4.78235054154193,0,0,0,6.83587033066165,0,0,0,0,0,66.015754699707,0,5.57099869231547,0,59.2352630615234,0,22.8726509548255,24.8497714996338,0
37.308837890625,0,36.0919564565023,0,42.9449501037598,0,0,0,0,0,0,0,0,0,0,0,0,68.2077255249023,65.5797061920166,0,0,0,12.1983407552426,0,21.286434173584,0,0,0,6.1798181683513,0,0,0,0,0,0,0,0,0,0,0,51.511833190918,0,26.8881247165429,0,0,0,46.1338390350342,0,14.2130321555667,0,42.5979804992676,0,0,0,47.5342458089193,0,8.87188385183161,0,5.65733810714496,0,0,0,0,26.9079153731063,0,11.8695604126137,0,14.9887966555218,0,8.96302533449079,0,0,0,9.65369887968128,0,0,0,0,99.1149520874023,53.9483449723985,0,4.44911143982333,37.6467500414167,0,24.1367782184056,0,21.8775143623352
0,21.2878256711093,0,39.4174048741659,0,0,0,0,0,44.0181940252131,0,8.20417031355664,0,0,0,0,85.7644577026367,75.9724407196045,53.9941501930112,11.9234205159274,0,28.8400459289551,0,0,0,0,0,4.22136775652568,0,4.76070047604322,0,0,0,0,0,75.136905670166,0,11.8009338106428,0,52.4574464797974,0,26.1455011288873,68.4774703979492,26.9679181624432,0,30.8693627645803,73.151008605957,27.6027196737436,53.951416015625,17.9425242275273,0,0,0,0,0,44.2351112365723,0,7.25793019655513,0,0,0,0,21.0675354690332,0,21.3025331497192,0,0,0,18.2846813201904,0,6.83587033066165,0,0,0,0,0,18.0506451129913,0,61.6442102622986,0,8.44035207915347,0,60.9774643470501,53.9915657043457,23.2954389987195,22.7443152861162,0
33.9724050001665,0,36.2082609696822,0,43.2156965467665,0,0,0,42.2576548258464,0,8.74920690059662,0,0,0,0,0,75.2058921813965,76.8485921223958,55.6157461007436,0,29.0110615321568,0,0,0,0,0,0,0,2.97465132190063,0,6.62839261553753,0,0,0,0,0,68.9382452964783,0,16.2926438748837,102.497230529785,54.8884321848551,59.0155563354492,22.148940505072,0,0,0,46.7514454796201,67.0802688598633,44.6783671351996,0,45.8049138387044,0,0,0,45.197648504506,0,8.60956083908955,0,37.3079655965169,0,44.6699645996094,0,0,26.2536863652671,0,0,0,0,0,0,0,9.65369887968128,0,0,0,0,0,0,112.287620544434,59.5452862258785,0,6.48742271836941,35.7857347696769,0,29.4372210332883,0,25.4481559233232
0,0,0,0,0,0,0,0,0,0,0,0,0,0,0,0,83.8948440551758,69.4048411051432,60.4060638134296,0,0,0,0,0,0,0,0,0,0,0,0,5.95542455573325,9.31792543916141,19.7837088108063,2.74832463264465,25.3838546390403,12.0749804496765,0,0,72.2073066711426,0,39.0293422586778,0,0,0,42.5928535461426,0,6.59428232099196,6.28478416442871,4.66521540759266,0,0,0,0,0,0,0,0,0,0,0,0,59.3416595458984,0,0,0,0,0,0,0,0,0,0,0,0,17.6437095097133,11.9856464475393,0,19.7851537874931,21.7265493686383,30.9759464263916,0,5.34592644180747,0,50.5266482035319,38.548178990682,0
0,0,0,0,0,0,0,0,0,0,0,0,0,0,0,0,0,0,0,0,0,0,0,0,0,0,0,0,0,0,0,14.3694450139999,5.27184598495278,0,7.32616850604182,17.3675117492676,23.5391791152954,0,0,0,0,0,0,0,0,0,0,5.50966248238922,3.04791132609049,0,0,0,0,0,0,0,0,0,0,0,0,0,0,0,0,0,0,0,0,0,0,0,0,0,17.6437095097133,0,0,9.61651434681632,0,14.5354228207043,0,0,18.2806366511754,0,0,0,0
0,0,0,0,0,0,0,0,0,0,0,0,0,0,0,0,0,74.843822479248,56.2055038452148,0,0,0,0,0,0,0,0,0,0,0,0,17.4331948053641,0,4.89139165873415,4.21250810113343,23.9939859277509,0,8.88964088951669,6.0215470790863,0,0,36.8761175700596,20.9658088684082,0,0,34.4548594156901,74.5195388793945,7.00044389575765,0,5.38483116843484,0,0,0,0,0,0,0,0,0,0,0,0,64.4952983856201,0,0,0,0,0,0,0,0,0,18.0506451129913,0,11.9856464475393,0,0,0,18.4338649314054,0,4.69310818571793,0,7.29676066810761,2.76988935470581,34.3861076648419,36.7232240041097,0
