0,0,0.00293569639345053,0,0,0,0,0,0.020815940311644,0,0,0,0,0,0,0,0.000153948117966786,3.19251296045285e-06,0.00390026060208153,0,0,0,0,0,0,0,0,0,0,0,0,0,0,0,0,0,0,0,2.14451735272671e-05,1.43055406900162e-05,0.00077011559513347,4.42837965441483e-05,0.0090680520746475,0,0,3.91629531983125e-05,0.000357576691513981,0,0.0245573263199658,0,0,0,0,0,0.0209196884259802,0,0.00120203582692441,0,8.76893221713724e-05,0,0.0298131998853728,0,0,0.000340472847594592,0,0,0,0,0,0,0,0.000150901721287289,0,0.00607197780201673,0,0,0,0,0,8.49128293576802e-05,0,0.000132033864170111,0.000872132449239403,0,0.0165812634530905,0,0
0,0,0,0.0100612756691891,0,0,0,0,0,0.0248668137662153,0,0,0,0,0,0,1.81662801322989e-05,0,0.000936403454988582,0,0,0,0,0.000192130041437329,0,0,0,0,0,0,0,0,0,0,0,4.11495766220669e-05,0,5.26827143317664e-06,0,0.00157422612182397,0,0.00971703704333613,6.26902254198406e-06,0,0,0.000377357899998528,0,0,0,0.023926208480978,0,0,0,0,0,0.0253241196942864,0,0.000787678026203973,0,0,0,0.000396508288556799,2.5638754416378e-05,0,0,0,0.000200883535976989,0,0,0,3.48456604097499e-05,0,0.00131942585224977,0,0,0,0,0,0.000728381756560869,1.23917624948959e-06,0.000311979855939034,0,0.000154281105206701,0,0.0144747040255536,0.00077299032992225,0
0.00293569639345053,0,0,0,0.000467805627130335,0,0,0,0.00276895590718417,0,0,0,0,0,0.00711942903312748,0,0,0,0,0,0,0,0,0,0,0,0,0,0,0,0,0,0,0,0,0,0.000204557576546601,0,0,0,0.000139801043852862,0,0.00231411874999174,0,0,0,0.000159219182284905,0,0.00778942730048281,0,0.00437906033241061,0,0,0,0.0113547324860356,0,0.000195176222581897,0,0.000997549715941861,0,0.00404083947604229,0,0,0,0,0,0,0,0,0,0,1.05022783489952e-05,0,0.000562670953649341,0,0,0,0,0,4.93590439861737e-05,0,2.36261431756237e-06,0.000265264706300583,0,0.00444786590823477,0,3.86002616064966e-05
0,0.0100612756691891,0,0,0,0.0144016140079341,0,0,0,0.00293423402669988,0,0.000327811348264729,0,0,0,0,8.02463550841854e-06,8.56643795826389e-06,0.000274674827685514,0.000203607557096125,0,0,0,4.29816761543956e-05,0,0,0,0,0,0,0,0,0,0,0,0.000244867150841273,0,1.56321781507075e-05,0,0.000935599228946905,0,0.0075267646958947,3.19890147438487e-05,5.66814817549374e-05,0,0.00247794273056489,0,0,0,0.00372515475223004,0,0.00947325061612547,0,0,0,0.052337313389883,0,0.00708050109103583,0,0.000326164661901762,0,0.0208876660811464,9.43429325909168e-05,7.98335092972672e-06,0,0,0,0,0,0,8.46202290637026e-06,0,0.00255623181532016,0.000221106060692727,0,0,0,0,0.000117016083136943,9.98467447624136e-06,7.31717728189284e-05,0,0.000935351022182476,0,0.0118831990866142,0,0
0,0,0.000467805627130335,0,0,0,0.000384362550739679,0,0.00158192042099225,0,0,0,0,0,0.0102548512178829,0,0,0,0,0,0.000163490294550557,0,0,0,0,0,0,0,0,0,0,0,0,0,0,0,0,0,0,0,0,0,2.87675568079938e-05,0,0,0,0,0,5.76194454917564e-05,0,0.0625526411000575,0,0,0,0,0,0.000200126153544488,0,0,0,0.00124773706147513,0,0,4.4082186839327e-05,0,0,0,0,0,0,0,0,0,0,0,0,0,0,0,3.3974212522124e-05,0,0,0.00125818718572617,0,0.00027950754376268,0,0
0,0,0,0.0144016140079341,0,0,0,0,0,0.00687825110561745,0,0,0,0,0,0.0164672352515636,0,0,0,0,0,0,0,0,0,0,0,0,0,0,0,0,0,0,0,5.0392196519806e-05,0,0,0,0.000125907071400659,0,0.000126648436133041,0,0.000155336551259058,0,0,0,0,0,0,0,0.067153591125984,0,0.000419921196722267,0,0.00792680935306478,0,0.00129715121360738,0,6.08013448838217e-05,0,0.000362680294022362,0.000147818234096143,0,0,0,0,0,0,0,0,0,0,0,0,0,0,0,4.35961527809475e-06,0,0,0,0.0013538135372348,0.000401233894336799,0.000725343508242862,0,0
0,0,0,0,0.000384362550739679,0,0,0,0,0,0.000121659037072295,0,0,0,0,0,0,0,0,0,0,0,0,0,0,0,0,0,0,0,0,0,0,0,0,0,1.86810319761528e-05,0,0,0,0,0,0,0,0,0,0,0,0,0,0.00857309389263483,0,0.0141514194796825,0,0,0,0.0158256689494576,0,0,0,0,0,0,0,0,0,0,0,0,0,0,0,0,0,0,0,0,0,0,0,0,0,0.000192085863338437,5.05221441926551e-06,0,0,0
0,0,0,0,0,0,0,0,0,0,0,0.00252663238974133,0,0.0025483380203949,0,0,0,0,0,0,0,0,0,0,0,0,0,0,0,0,0,0,0,0,0,0.000201640872586013,0,0,0,0,0,0,0,0,0,0,0,0,0,0,0,0.000124318915115519,0,0.0919885857758186,0,0,0,0.0151105643200362,0,0.00163540926594187,0,0,0,0,0,0,0,0,0,0,0,0,0,0,0,0,0,0,7.01035756978717e-05,0,0,0,6.97263153898552e-05,0,0,0,0
0.020815940311644,0,0.00276895590718417,0,0.00158192042099225,0,0,0,0,0,0,0,0,0,0.0571780506039724,0,0.000737861815107696,0,0.000118108315220954,0,0.000606118954307608,0,0,0,0.0222251165923042,0,0.00271130984229446,0,0,0,0,0,0,0,0,0,1.61482711625348e-05,0,0.00111100783621397,0,3.40186540066399e-05,0,0.00656056643932681,0,0,0,6.23365513112595e-05,0,0.00433932014156477,0,0.000193330999305541,0,0,0,0.0431596157054981,0,0.0019070862338756,0,0,0,0.00440435664493576,0,0,6.45132517461009e-05,0,0,0,0.0036122534833214,0,4.2273761567595e-05,0,0.000542762073772824,0,0.00109986623520189,0,0,0,0,0,1.1987846951297e-06,0,0.00127615713592584,0.00583425174127844,6.29283718954095e-06,0.00532102542956292,0,5.35648200842868e-05
0,0.0248668137662153,0,0.00293423402669988,0,0.00687825110561745,0,0,0,0,0,0,0,0,0,0.0405461716810506,0,0.000643656113608481,1.69904860337272e-05,0,0,0,0,0.0138470984380034,0,0,0,0,0,0,0,0,0,0,0,2.23212090624429e-06,0,0.000156186839577095,0,0.000146809009184147,0,0.00155231978348766,0,0,0,1.10600172934093e-05,6.77674917773564e-06,0,0,0.00138786354184769,0,0.000129955988091107,0,0,0,0.0771255563371845,0,0.00204650884423738,0,0,0,0.00128100539574309,0,0,0,0,0.00350450523727809,0,0,0,3.6334191530103e-05,0,0.00460595863403451,0,0,0,0,0,5.85422841241946e-06,0,1.43980470652694e-05,0,0.00226692860750137,0.00103265216340373,0.000638340878810182,8.33810747754675e-05,0
0,0,0,0,0,0,0.000121659037072295,0,0,0,0,0,0.000638656680856579,0,0,0,0,0,0,0,0.0014242280023989,0,0,0,0,0,0,0,0.000164296810256699,0,0.00251002467499667,0,0,0,0,0,0.000166430003335731,0,0.00074610822946056,0,0,0,0,0,0,0,0,0,0,0,0,0,0,0,0,0,0.0608658211568717,0,0.00444142590234935,0,0,0,0,0.000223448714677943,0,0,0,0,0,0,0,2.1467388909601e-05,0,0.00695855419761651,0,0,0,0,0,3.15892786841634e-06,0,0.00112876730066056,0.000606670810782851,0,0,0,0
0,0,0,0.000327811348264729,0,0,0,0.00252663238974133,0,0,0,0,0,0.000148898516020089,0,0,0,0,0,0.00752636171252759,0,0,0,0,0,0,0,0,0,0.000756251640667048,0,0,0,0,0,0.00109900601557488,0,0.00474980239005834,0,0,0,0,0,0,0,1.37648437123564e-05,0,0,0,0,0,0.000171344498055184,0,0.000132478169164861,0,0,0,0.0858748024942707,0,0.0201921857750096,0,0,0.00241377537930268,0,0,0,0,0,0,0,0.00119583335935411,0,0.0108206232918832,0,0,0,0,0,1.53968073560083e-05,0,0.000822765528178219,0,0.000703353037281075,0,7.6985633483035e-05,0,0
0,0,0,0,0,0,0,0,0,0,0.000638656680856579,0,0,0,0,0,0,0,0,0,0,0,0,0,0,0,0,0,0.00125381003418376,0,0,0,0,0,0,0,0,0,0,0,0,0,0,0,0,0,0,0,0,0,0.00129995116025524,0,0,0,0,0,0.000291234199579788,0,0.0122696746466415,0,0,0,0,0,0,0,0,0,0,0,0,0,0,0,0,0,0,0,0,0,0,0,9.65748157198274e-05,0,0,0,0
0,0,0,0,0,0,0,0.0025483380203949,0,0,0,0.000148898516020089,0,0,0,0.000658410229395121,0,2.2190336118743e-05,0,0,0,0,0,0,0,0.00109318604469707,0,3.96515220750971e-05,0,0,0,0,0,0,0,0,0,0,0,0,0,0,0,0,0,0,0,0,0,0,0,0,0,0.000789869663213708,0,0,0,0,0,0.0259467055628559,0,0.00141920233056766,0,0,0,0,0,0,2.16482094912505e-05,0,0.000195349800722385,0,0,0,0,0,0,0,0,0,0,0,0.000205846788496261,0,0,0,0
0,0,0.00711942903312748,0,0.0102548512178829,0,0,0,0.0571780506039724,0,0,0,0,0,0,0,0,0,0,0,0,0,0,0,0,0,0,0,0,0,0,0,0,0,0,0,0,0,0,0,0,0,0.000171855004815694,0,0,0,0,0,0.00210501101833449,0,0.0139707973924699,0,0,0,0.000213775402469451,0,1.49306473647454e-05,0,0,0,0.0254879161598881,0,0,0,0,0,0,0,0,0.000506911047098708,0,0,0,0,0,0,0,0,0,0,0,0,0.000287867096705655,0,0.000859545089524841,0,0
0,0,0,0,0,0.0164672352515636,0,0,0,0.0405461716810506,0,0,0,0.000658410229395121,0,0,0,0.000169683005860056,0,0,0,0,0,0.00904326271251914,0,0.00173854790340183,0,0,0,0,0,0,0,0,0,0,0,0,0,0,0,1.01508479143393e-05,0,0,0,0,0,0,0,2.87025760530699e-05,0,0.00331792251388854,0,0,0,0.00711665780945101,0,0,0,0.000161507567227734,0,0.0155375645917042,0,0,0,0,0,0,0.00290650114588077,0,0,0,0,0,0,0,0,0,0,0,0,0,0.000269777036129288,1.42722866152702e-05,5.82219349795963e-05,0,0
0.000153948117966786,1.81662801322989e-05,0,8.02463550841854e-06,0,0,0,0,0.000737861815107696,0,0,0,0,0,0,0,0,0.109904065806129,0.0541666669818734,0,3.61509198373801e-06,3.2395979457948e-05,0.000560596304301811,7.38795830100179e-06,0.00265101669291667,0.000129038920288666,0.00154837486680624,0,0,0,0,0,0,0,0,3.39997275482635e-06,5.75660833340133e-06,0,7.56682916745776e-06,0.000495340885393108,0.00128574954101265,0.00010126100866098,0.000565349951974626,0,7.41608073299985e-05,0.000315024153389327,0.000824914891018862,0,5.1134286381385e-05,1.45221602376847e-05,0,0,0,0,0,0,4.75413976260659e-05,6.0605443442867e-05,0,0,0,0,0.000191910503922221,0.000261192216023312,0,0.000152121787051428,0,0,0,6.34265478454635e-05,0,2.36269737604862e-06,4.82491415308592e-05,0.000765728519687801,0,0,0,0,0.000157992060978341,0.000715042674555634,6.53579003062207e-05,0.000524201658125866,0.0245837069996641,0.0089374164559955,0.00176165286094313,2.80870767169318e-05,9.73545323798323e-05
3.19251296045285e-06,0,0,8.56643795826389e-06,0,0,0,0,0,0.000643656113608481,0,0,0,2.2190336118743e-05,0,0.000169683005860056,0.109904065806129,0,0.0548189320271331,0,0,0.00274935653429472,0,0.00557365906990284,0,0.009193681201966,0,0.000576825701649447,0,0,0,0,0,0,0,4.66426024662298e-06,0,3.24116670247286e-06,0,0.000648692818996364,0.000365667234389936,0.000217651875983664,0.00042868847135557,0,0.0001422469303427,0.000520814268784546,0.000236548889597238,0,4.0610053724105e-06,2.6207329898542e-06,0,0,0,0,0,5.80300851108542e-05,0,2.47165577622747e-05,0,0,0,0,0.000135181554254825,9.59315410386205e-05,0.000780157826612575,0,0.000241487980565228,0,0.00230131184283045,0,0,0,7.24507901142218e-05,8.77425898773861e-05,0,0,0,0,0.000195718492288655,0.000259612370337081,0.000207155014674982,0.00012700232723759,0.0281628277121674,0.0360733913242482,0.000704104789108478,0.000127965795443153,3.20386857606168e-05
0.00390026060208153,0.000936403454988582,0,0.000274674827685514,0,0,0,0,0.000118108315220954,1.69904860337272e-05,0,0,0,0,0,0,0.0541666669818734,0.0548189320271331,0,0,0,0,0,0,0,0.000148499747713029,0,0,0,0,0,0,0,0,0,0.0002487417455679,0.000167967429398297,0.000117170486253226,1.94157539062031e-05,0.0228629665874234,0.0198750862279298,0.0151926481250535,0.0132157709421537,0.000122811897066685,0.000807730626446455,0.0134523128084969,0.00954961811804098,0,0.00032172644399688,0.000114260064286891,0,0,0,0,0,9.30689357695565e-05,0.000415501921918012,0.000934900931435143,0,0,0,7.27680734519121e-06,0.00316573194200304,0.00605482018059408,0,0,0,0,0,0,3.97677791783463e-06,3.60524159782101e-05,0.0028074894573608,0.00468437904296893,0,0,0,0,0.00624977946206424,0.00855015729309974,0.00307499019498712,0.00235468566374667,0.0109397427791783,0.000708852052849763,0.0219692658304541,0.00835720565441196,0.00668969018022809
0,0,0,0.000203607557096125,0,0,0,0,0,0,0,0.00752636171252759,0,0,0,0,0,0,0,0,0,0,0,0,0,0,0,0,0,0,0,0,0,0,0,0.00663361941065759,0,0.00194480186010611,0,0,0,0,0,0,0,0.00134417419076745,0,0,0,0,0,0,0,0,0,0,0,0.0034475640634754,0,0,0,0,0.101541177770275,0,0,0,0,0,0,0,0,0,0,0,0,0,0,0,0.00130896275539578,0,6.10047254754372e-05,0,0.000669199582273677,0,0.00207346659703111,0,0
0,0,0,0,0.000163490294550557,0,0,0,0.000606118954307608,0,0.0014242280023989,0,0,0,0,0,3.61509198373801e-06,0,0,0,0,0,0,0,0,0,0,0,0,0,0,0,0,0,0,0,0.0079396330244061,0,0.00353603526043634,0,0,0,0,0,0,0,0.000145721172987809,0,0,0,0.00148093689080681,0,0,0,0.000295633687740447,0,0.00503718683178078,0,0.000167777109013534,0,4.62618227944987e-05,0,0,0.0518375330847927,0,0,0,0,0,0,0,0,0,0,0,0,0,0,0,0.00182890936337982,0,0.000329033372618685,0.000677038247521746,0,0.00343859718912899,0,0
0,0,0,0,0,0,0,0,0,0,0,0,0,0,0,0,3.2395979457948e-05,0.00274935653429472,0,0,0,0,0.000395665760443845,0.00200414904829483,0,0.00142621093192721,0,0.000240214898996749,0,0,0,0,0,0,0,0,0,0.00533827954746944,0,0,0,0,0,0,0,0,0,0,0,0.000529016615199978,0,0,0,0,0,0,0,0,0,0,0,0,0,0,0.0658147117272441,0.000248792569021988,0.000548615120502724,0,0.00101607022966841,0,9.21826643053681e-05,0,0,0,0,0,0,0,0,0,0.00189356425451342,0,0.00191058194080199,0.000347928519637557,0,0,0
0,0,0,0,0,0,0,0,0,0,0,0,0,0,0,0,0.000560596304301811,0,0,0,0,0.000395665760443845,0,0,0.00143560328708107,0,0.00124975378822618,0,0,0,0,0,0,0,0,0,0,0,0.00176375743105556,0,0,0,0,0,0,0,0,0,0.00241077977924977,0,0,0,0,0,0,0,0,0,0,0,0,0,0,0,0,0.0664443739496148,0,0.00127913961495822,0,0.00237902852278682,0,0.000526552019847024,0,0,0,0,0,0,0,0,0,0.00133202435097519,0.000876320706903627,0.000265245862497348,0,0,0
0,0.000192130041437329,0,4.29816761543956e-05,0,0,0,0,0,0.0138470984380034,0,0,0,0,0,0.00904326271251914,7.38795830100179e-06,0.00557365906990284,0,0,0,0.00200414904829483,0,0,0,0.0425923869508618,0,0,0,0,0,0,0,0,0,0,0,0.00195403481528105,0,0,0,0.00035347194434951,0,0,0,0,0,0,0,5.75546316349245e-05,0,0,0,0,0,0.00515517690247582,0,0.00014849798258521,0,0,0,0,0,0,0.00714911143417089,0,0.138821647418669,0,0.0264995325114572,0,0,0,0,0,0,0,0,0,0,0,0.000952057209722074,0,0.000406690369320958,0,0.000217861209770721,0,0
0,0,0,0,0,0,0,0,0.0222251165923042,0,0,0,0,0,0,0,0.00265101669291667,0,0,0,0,0,0.00143560328708107,0,0,0,0.00394400733869362,0,0,0,0,0,0,0,0,0,0,0,0.00578424103287285,0,0,0,0,0,0,0,0,0,9.96221368678996e-05,0,0,0,0,0,0.0144880349738267,0,0,0,0,0,0.000683039078527495,0,0,0,0,0.00687993337461446,0,0.122855075609749,0,0.0359154039235404,0,0,0,0,0,0,0,0,0,0,0,0.00152801789601997,0.00105267019994104,0,7.17992143723707e-06,0,0
0,0,0,0,0,0,0,0,0,0,0,0,0,0.00109318604469707,0,0.00173854790340183,0.000129038920288666,0.009193681201966,0.000148499747713029,0,0,0.00142621093192721,0,0.0425923869508618,0,0,0,0.00221660648526118,0,0,0,0,0,0,0,0,0,0,0,0,0,0,0,0,0,0,0,0,0,0,0,0,0,0,0,0,0,0,0,0,0,4.04610227387019e-05,0,0,0.000403519107609778,0,0.000538675143810584,0,0.141826294632418,0,0.000676739119202635,0,0,0,0,0,0,0,0,0,0,0,0.000600504093484512,1.97379151236495e-05,0,0,0
0,0,0,0,0,0,0,0,0.00271130984229446,0,0,0,0,0,0,0,0.00154837486680624,0,0,0,0,0,0.00124975378822618,0,0.00394400733869362,0,0,0,0.00032505873199514,0,0,0,0,0,0,0,0,0,0,0,0,0,0,0,0,0,0,0,0,0,0,0,0,0,0.00111786261141358,0,0,0,0,0,0.000645036550381284,0,0,0,0,0.000201637320991804,0,0.00124632179591882,0,0.0161611146079947,0,0,0,0,0,0,0,0,0,0,0,0,0.000157439786945403,0,0,0,0
0,0,0,0,0,0,0,0,0,0,0,0,0,3.96515220750971e-05,0,0,0,0.000576825701649447,0,0,0,0.000240214898996749,0,0,0,0.00221660648526118,0,0,0,0.00231683186291059,0,0,0,0,0,0,0,0.00030872501981639,0,0,0,0,0,0,0,0,0,0,0,0,0,0,0,0,0,0,0,0,0,0.000956048268517719,0,0,0,0,0.000435092885654126,0,0,0,0,0,0.0343272474794211,0,0.000104644196562333,0,0,0,0,0,0,0,0.000244418963439587,0,0.00180209463992985,0.000431370738725341,0,0,0
0,0,0,0,0,0,0,0,0,0,0.000164296810256699,0,0.00125381003418376,0,0,0,0,0,0,0,0,0,0,0,0,0,0.00032505873199514,0,0,0,0.000266994740582906,0,0,0,0,0,0,0,7.76897150904384e-05,0,0,0,0,0,0,0,0,0,0,0,0,0,0,0,0,0,0.000153768528436855,0,9.76918366195618e-05,0,0,0,0,0,0,0,0,0,0,0,0,0.0127629682590482,0,0,0,0,0,0,0,0,0,0,0,0,0,0,0
0,0,0,0,0,0,0,0,0,0,0,0.000756251640667048,0,0,0,0,0,0,0,0,0,0,0,0,0,0,0,0.00231683186291059,0,0,0,0,0,0,0,0,0,0.00129294455419326,0,0,0,0,0,0,0,0,0,0,0,0,0,0,0,0,0,0,0,0.00622769252071272,0,0,0,0,0,0,0,0,0,0,0,0,0.0114853348119939,0,0.0797351751162194,0,0,0,0,0,0,0,0.000492790476425074,0,0.000177454318467058,0,0,0,0
0,0,0,0,0,0,0,0,0,0,0.00251002467499667,0,0,0,0,0,0,0,0,0,0,0,0,0,0,0,0,0,0.000266994740582906,0,0,0,0,0,0,0,0,0,0.00182426523711891,0,0,0,0,0,0,0,0,0,0,0,0,0,0,0,0,0,0.00247417200211245,0,0,0,0,0,0,0,0,0,0,0,0,0,0,0.00680203403502294,0,0.0436383770402357,0,0,0,0,0,0,0,0.000195501072410122,2.50669229720449e-05,0,0,0,0
0,0,0,0,0,0,0,0,0,0,0,0,0,0,0,0,0,0,0,0,0,0,0,0,0,0,0,0,0,0,0,0,0.0266621578808876,0.003174144788953,0,0.000941704871296248,3.82209189606737e-05,0,0,0,0,0,0,0,0,0,0,0.0318245105432333,8.29178054377253e-05,0.0040383028062777,0,0,0,0,0,0,0,0,0,0,0,0,0,0,0,0,0,0,0,0,0,0,0,0,0.055467033190473,0.000190290498476287,0.00402519386568646,0,0.00098318953680242,0,0,0,0.000925533096150449,0,0,0,0
0,0,0,0,0,0,0,0,0,0,0,0,0,0,0,0,0,0,0,0,0,0,0,0,0,0,0,0,0,0,0,0.0266621578808876,0,0,0.00039030195799318,4.7533867280345e-05,0.00110661963585909,0,0,0,0,0,0,0,0,0,0,0.0154865559863453,0.000558647514104674,0,0,0,0,0,0,0,0,0,0,0,0,0,0,0,0,0,0,0,0,0,0,0,0,0,0,0.133349595736906,0,0,0,0.000380724690691056,0,0,6.0243163184081e-05,0,0,0,0
0,0,0,0,0,0,0,0,0,0,0,0,0,0,0,0,0,0,0,0,0,0,0,0,0,0,0,0,0,0,0,0.003174144788953,0,0,0.0282984243170781,0.00219109827760943,0,0.00189240293399071,3.20964202456112e-05,0,0,0,0,0,0,0,0,0.0409984127648938,0,0,0,0,0,0,0,0,0,0,0,0,0,0,0,0,0,0,0,0,0,0,0,0,0,0,0,0,0.190958064689253,0.00323145719689641,0.000458557474503605,0,0.00277897982585268,0,0.000170766015315595,3.03531895879511e-05,0,0,0
0,0,0,0,0,0,0,0,0,0,0,0,0,0,0,0,0,0,0,0,0,0,0,0,0,0,0,0,0,0,0,0,0.00039030195799318,0.0282984243170781,0,0,0.0039264811372091,6.44617455827816e-06,0.00170163407978872,0,0,0,0,0,0,0,0,0.0418277672604469,5.79177869201548e-05,0,0,0,0,0,0,0,0,0,0,0,0,0,0,0,0,0,0,0,0,0,0,0,0,0,0,0.00547354969277864,0.027647230777398,0.179315778749666,0,0.00141121374747037,0,0.00433238566049634,0.000244620707617536,1.9585042072547e-05,0,0,0
0,4.11495766220669e-05,0,0.000244867150841273,0,5.0392196519806e-05,0,0.000201640872586013,0,2.23212090624429e-06,0,0.00109900601557488,0,0,0,0,3.39997275482635e-06,4.66426024662298e-06,0.0002487417455679,0.00663361941065759,0,0,0,0,0,0,0,0,0,0,0,0.000941704871296248,4.7533867280345e-05,0.00219109827760943,0,0,0.00344862721904981,0.00729092318454285,2.0239630382786e-05,0.000122860722323529,4.18318743645326e-06,9.42832834095153e-05,9.87868704791124e-06,1.41897961566373e-06,0,0.000338786925448377,7.92870385302028e-07,0.000478358574044967,0,5.30509280384977e-06,0,4.37646230831147e-05,0,0,0,8.01862158742968e-06,0,0.00050440166158243,0,8.2965057062801e-06,0,0,0.00741746409851046,3.31893657567056e-06,0,0,0,0,0,0,0,0,5.82695864524685e-06,0,0.00067285651122933,0,0.00102743402247602,0,0.067409461346939,0.00043407310123681,0.00534407287576539,0,0.00643549149598578,0.000522227462280136,0.00249089323842282,9.36438096655665e-05,0
0,0,0.000204557576546601,0,0,0,1.86810319761528e-05,0,1.61482711625348e-05,0,0.000166430003335731,0,0,0,0,0,5.75660833340133e-06,0,0.000167967429398297,0,0.0079396330244061,0,0,0,0,0,0,0,0,0,0,3.82209189606737e-05,0.00110661963585909,0,0.0039264811372091,0.00344862721904981,0,0,0.00989967862988508,5.90310338913933e-06,3.04438993837297e-06,0,8.11762498868329e-05,0,9.65567461340126e-07,1.02432666460362e-06,0.000127306805113632,0.00262745214962619,0.000142043011090017,0,0.000381005738380254,0,0,0,0.000100983435881655,0,0.000119924718487793,0,6.77068154556248e-05,0,4.80115814889245e-05,0,0,0.00248631445974001,0,0,0,0,0,0,0,0,1.41210396219433e-06,4.8139909186514e-06,0,0.00269746184244142,0,0.00304376012919769,0.000459722040335376,0.0729381790888953,0,0.00587531956019108,0.00767193395841584,0.00143248492341607,0.00160636269271594,0,3.76427966720712e-05
0,5.26827143317664e-06,0,1.56321781507075e-05,0,0,0,0,0,0.000156186839577095,0,0.00474980239005834,0,0,0,0,0,3.24116670247286e-06,0.000117170486253226,0.00194480186010611,0,0.00533827954746944,0,0.00195403481528105,0,0,0,0.00030872501981639,0,0.00129294455419326,0,0,0,0.00189240293399071,6.44617455827816e-06,0.00729092318454285,0,0,0.00085160047184947,3.35799077554874e-05,0,4.03893667861964e-05,3.84299094009175e-06,0,0,0.000473961536162898,0,0.00953871210871013,0,0.00287745472650966,0,0,0,0,0,0.000109717859120814,0,0.0021070339983806,0,0,0,0,0.00318555006077977,0,0.00574022924796268,0,0.00851666854388511,0,0,0,9.16124606068795e-05,0,0.00417526545830189,7.75918187210579e-06,0,0,0.000193655315583534,0,0.00394114903353988,2.27227614474465e-06,0.0648773762993969,0.000167095855053928,0.00286644578817489,0.00330240169686232,0.00160097008372771,3.32783855080163e-05,0
2.14451735272671e-05,0,0,0,0,0,0,0,0.00111100783621397,0,0.00074610822946056,0,0,0,0,0,7.56682916745776e-06,0,1.94157539062031e-05,0,0.00353603526043634,0,0.00176375743105556,0,0.00578424103287285,0,0,0,7.76897150904384e-05,0,0.00182426523711891,0,0,3.20964202456112e-05,0.00170163407978872,2.0239630382786e-05,0.00989967862988508,0.00085160047184947,0,0,1.1820044186992e-05,0,0.000483800861455479,0,0,0,0.000162983466737201,0.00953387829461504,0.00107626548254568,0,0,0,0,0,0.000865860071956335,0,0.00203950427580215,0,0,0,0,0,0,0.00246712531863219,0,0.0031114552071846,0,0.00757157500254494,0,0,0,1.0704174201237e-05,0,0.00118241471433202,0,0,0,0.00138209047898769,0,0.00659499314186521,0.000607984535222676,0.0590174064119719,0.00372898394613938,0.00259216884213359,0.0022120747658805,0,0
1.43055406900162e-05,0.00157422612182397,0,0.000935599228946905,0,0.000125907071400659,0,0,0,0.000146809009184147,0,0,0,0,0,0,0.000495340885393108,0.000648692818996364,0.0228629665874234,0,0,0,0,0,0,0,0,0,0,0,0,0,0,0,0,0.000122860722323529,5.90310338913933e-06,3.35799077554874e-05,0,0,0.000397489543689427,0.047484053107491,0.000989192471626442,0.000602868118385213,0.000747769553744057,0.0114134547243285,0.000265302182834671,2.69120427677765e-05,0,0.0436079087331008,0,0.000107391611985211,0,0,0,0.000207082518586903,0,0.00069529860583605,0,0,0,1.77897018646212e-05,0.00277599072131692,0.00017913852932353,0,0,0,0,0,0,0,0,0.00271342539082973,4.44751515233082e-05,0,0,0,0,0.00299107035215201,0.000164637538882516,0.000448203463837572,2.66535299802216e-05,0.000803764928316416,2.2939359868251e-06,0.0135881391731123,0.0235706485057683,2.26437626310636e-05
0.00077011559513347,0,0.000139801043852862,0,0,0,0,0,3.40186540066399e-05,0,0,0,0,0,0,0,0.00128574954101265,0.000365667234389936,0.0198750862279298,0,0,0,0,0,0,0,0,0,0,0,0,0,0,0,0,4.18318743645326e-06,3.04438993837297e-06,0,1.1820044186992e-05,0.000397489543689427,0,0.00012383104518066,0.0405195770097164,0,0.00369093915388028,0.000408865404253136,0.0227412934132708,0.00154458858903335,0.127160220003897,1.12862585885724e-05,0,0,0,0,0.000159199649144764,0,0,0.000196421898809165,0,0,0,0,5.9548958637472e-05,0.00185822312575089,0,0,0,0,0,0,0,1.3115505836883e-05,6.83912682381461e-05,0.00086437321034047,0,6.38262041388754e-05,0,0,0.000123738053110691,0.00118088403583508,4.41809154476475e-05,0.000461880517007875,0.000356735034030855,2.5496553295163e-05,0.011612804320764,5.0259605751694e-05,0.0175444786215767
4.42837965441483e-05,0.00971703704333613,0,0.0075267646958947,0,0.000126648436133041,0,0,0,0.00155231978348766,0,0,0,0,0,1.01508479143393e-05,0.00010126100866098,0.000217651875983664,0.0151926481250535,0,0,0,0,0.00035347194434951,0,0,0,0,0,0,0,0,0,0,0,9.42832834095153e-05,0,4.03893667861964e-05,0,0.047484053107491,0.00012383104518066,0,0.00554839911560671,0.000413788398375914,1.86429455207489e-05,0.0196088438470871,1.43693644060332e-05,0.00491321453500167,0.000156255754781617,0.021044313726262,0,2.20175439596735e-05,0,0,0,0.00195972847455196,1.13248790548624e-05,0.013226388982574,0,0,0,0.000216447628284597,0.0105483880637252,1.98349084661965e-05,0,0,2.26119981998845e-05,0,0,0,0.000853216468987032,0,0.0138462128394634,0,0,0,0,0,0.00244593710999155,3.22600839099455e-05,0.000675919038153272,7.02980610644672e-06,0.00771286495031713,0.000179754529976893,0.0476368416283568,0.0231322509435354,0
0.0090680520746475,6.26902254198406e-06,0.00231411874999174,3.19890147438487e-05,2.87675568079938e-05,0,0,0,0.00656056643932681,0,0,0,0,0,0.000171855004815694,0,0.000565349951974626,0.00042868847135557,0.0132157709421537,0,0,0,0,0,0,0,0,0,0,0,0,0,0,0,0,9.87868704791124e-06,8.11762498868329e-05,3.84299094009175e-06,0.000483800861455479,0.000989192471626442,0.0405195770097164,0.00554839911560671,0,0,0.00222856291357539,0.000320189518668312,0.0194144090909361,0.0129282075617835,0.0272165506681118,0.000192046258670448,4.79897996731545e-05,0,0,0,0.000647511557228819,0,0.00712781110687665,3.87801811871137e-05,0.000103476896236863,0,0.00241530311523721,0,7.33037846781975e-05,0.00824290405245094,0,0,0,8.18399510882714e-06,0,0.000108228198011354,0,0.00176420801756296,1.12096608956185e-05,0.0286217104682958,0,0,0,0,6.54892277204767e-05,0.00705448846447932,6.05660937027346e-05,0.00140759360945852,0.00648772939048599,9.39579388001851e-06,0.0613405987606302,5.03502828037848e-05,0.0317470137791234
0,0,0,5.66814817549374e-05,0,0.000155336551259058,0,0,0,0,0,0,0,0,0,0,0,0,0.000122811897066685,0,0,0,0,0,0,0,0,0,0,0,0,0,0,0,0,1.41897961566373e-06,0,0,0,0.000602868118385213,0,0.000413788398375914,0,0,0,0.000185927048173027,0,0,0,0,0,0,0,0,0,0.000230576017846029,0,9.96610955299009e-06,0,0,0,0,4.06873181130409e-05,0,0,0,0,0,0,0,0,0,0,0,0,0,0,0,3.32468594696595e-05,0,2.52416783236195e-05,0,8.67218495730034e-06,0,0.000182567355606166,0.000358434308015928,0
0,0,0,0,0,0,0,0,0,0,0,0,0,0,0,0,7.41608073299985e-05,0.0001422469303427,0.000807730626446455,0,0,0,0,0,0,0,0,0,0,0,0,0,0,0,0,0,9.65567461340126e-07,0,0,0.000747769553744057,0.00369093915388028,1.86429455207489e-05,0.00222856291357539,0,0,0.000189650528914361,0.000511343354824477,0,0,0,0,0,0,0,0,0,0,4.02206444673394e-05,0,0,0,0,8.26652045929164e-05,0.000649037420472549,0,0,0,0,0,0,0,0,0,0,0,0,0,0,2.72838417419525e-05,0.000326936044937658,4.48225372508977e-05,5.23605567174322e-06,2.88498144077505e-05,0,0.00095366710692023,0.00050113638145852,0.00111214947015264
3.91629531983125e-05,0.000377357899998528,0,0.00247794273056489,0,0,0,0,0,1.10600172934093e-05,0,1.37648437123564e-05,0,0,0,0,0.000315024153389327,0.000520814268784546,0.0134523128084969,0.00134417419076745,0,0,0,0,0,0,0,0,0,0,0,0,0,0,0,0.000338786925448377,1.02432666460362e-06,0.000473961536162898,0,0.0114134547243285,0.000408865404253136,0.0196088438470871,0.000320189518668312,0.000185927048173027,0.000189650528914361,0,0.000782955257316932,0,0,0.00156408322754374,0,0,0,0,0,0.00013141668543698,4.22251836203966e-05,0.00110151869927971,0,0,0,0,0.100444224398378,0.000158534013733882,0,0,0,0,0,0,0,0,0.00378157747346612,0.000143153601135761,0,0,0,0,0.00602374553318981,0.000132096524173418,0.0060922322791791,3.35279611129542e-05,0.000870024605367832,2.36911359381085e-06,0.0176407079371389,0.00129887443945817,0.000895113960608332
0.000357576691513981,0,0.000159219182284905,0,0,0,0,0,6.23365513112595e-05,6.77674917773564e-06,0,0,0,0,0,0,0.000824914891018862,0.000236548889597238,0.00954961811804098,0,0.000145721172987809,0,0,0,0,0,0,0,0,0,0,0,0,0,0,7.92870385302028e-07,0.000127306805113632,0,0.000162983466737201,0.000265302182834671,0.0227412934132708,1.43693644060332e-05,0.0194144090909361,0,0.000511343354824477,0.000782955257316932,0,0,0.000330319797881127,0,0,0,0,0,4.49883483228937e-05,0,0.000318533516220422,9.57830326279356e-05,0,0,7.61854430712382e-06,0,5.4004595796203e-05,0.0238333719487713,0,0,0,0,0,0,0,3.45050453542207e-06,9.40496017867258e-05,0.00345165886286369,0,0,0,0,3.0990401678379e-05,0.00779626628150131,1.44771378134969e-05,0.00122364106566139,0.000246338108424731,2.86161325263192e-05,0.0106882294402977,0,0.000465118472850168
0,0,0,0,0,0,0,0,0,0,0,0,0,0,0,0,0,0,0,0,0,0,0,0,0,0,0,0,0,0,0,0.0318245105432333,0.0154865559863453,0.0409984127648938,0.0418277672604469,0.000478358574044967,0.00262745214962619,0.00953871210871013,0.00953387829461504,2.69120427677765e-05,0.00154458858903335,0.00491321453500167,0.0129282075617835,0,0,0,0,0,0.0727108665428906,0.0646445277651541,0,0,0,0,0,0,0,0,0,0,0,0,0,0,0,0,0,0,0,0,0,0,0,0,0.00321084992604623,0.0115292601141177,0.00821080639790092,0.0168764660197987,0.00200908651354706,0.00542622386091345,8.63362424447715e-05,0.000368637330965943,0.00941315984059534,0.000178360849960107,0.0174237292469002,0,0
0.0245573263199658,0,0.00778942730048281,0,5.76194454917564e-05,0,0,0,0.00433932014156477,0,0,0,0,0,0.00210501101833449,0,5.1134286381385e-05,4.0610053724105e-06,0.00032172644399688,0,0,0,0.00241077977924977,0,9.96221368678996e-05,0,0,0,0,0,0,8.29178054377253e-05,0.000558647514104674,0,5.79177869201548e-05,0,0.000142043011090017,0,0.00107626548254568,0,0.127160220003897,0.000156255754781617,0.0272165506681118,0,0,0,0.000330319797881127,0.0727108665428906,0,0.0555271521870356,0.000478151010698378,0,0,0,0.00137684224118593,0,0.00954365563038521,0,0.00088463913456167,0,0.00793637228912813,0,0,0.000199010104972971,0,0.00445493018557735,0,0.00105594212939343,0,0.0017634893053085,0,0.00170027859152149,0,0.00422548329211155,0,0.000231373639773119,0,8.71341969051545e-05,0,0.00262000487477126,1.03272407541355e-05,0.00157569907357131,0.00109269119122306,0,0.0476791055784119,0,0
0,0.023926208480978,0,0.00372515475223004,0,0,0,0,0,0.00138786354184769,0,0,0,0,0,2.87025760530699e-05,1.45221602376847e-05,2.6207329898542e-06,0.000114260064286891,0,0,0.000529016615199978,0,5.75546316349245e-05,0,0,0,0,0,0,0,0.0040383028062777,0,0,0,5.30509280384977e-06,0,0.00287745472650966,0,0.0436079087331008,1.12862585885724e-05,0.021044313726262,0.000192046258670448,0,0,0.00156408322754374,0,0.0646445277651541,0.0555271521870356,0,0,0,0,0,0,0.0034452734932644,0,0.0037383439097351,0,6.25021575292289e-05,0,0.00563360112241169,5.68511601368928e-06,0,0.00346769960943044,0,0.00141953981280872,0,0.00888855234005643,0,0.00330817109771699,0,0.00283841009309153,0,0,0,0,0,0.000582993776452814,0,0.000855493710222782,1.84036742449764e-06,0.0014875986873203,7.93356839656398e-06,0.0298357168749533,6.72607340320698e-05,0
0,0,0.00437906033241061,0,0.0625526411000575,0,0.00857309389263483,0,0.000193330999305541,0,0,0,0.00129995116025524,0,0.0139707973924699,0,0,0,0,0,0.00148093689080681,0,0,0,0,0,0,0,0,0,0,0,0,0,0,0,0.000381005738380254,0,0,0,0,0,4.79897996731545e-05,0,0,0,0,0,0.000478151010698378,0,0,0,0.00230759729790821,0,0,0,0.000601558641015517,0,0.000643396852851644,0,0.000839276650131029,0,0,0.000482026171391251,0,0,0,0,0,0,0,0,0,0,0,0,0,0,0,6.57589727374674e-05,0,0,0.000450089077722204,0,0.00399551277263973,0,0
0,0,0,0.00947325061612547,0,0.067153591125984,0,0.000124318915115519,0,0.000129955988091107,0,0.000171344498055184,0,0,0,0.00331792251388854,0,0,0,0,0,0,0,0,0,0,0,0,0,0,0,0,0,0,0,4.37646230831147e-05,0,0,0,0.000107391611985211,0,2.20175439596735e-05,0,0,0,0,0,0,0,0,0,0,0,0.00936842738413545,0,0.000157497790101192,0,0.00522281003127071,0,0.00151285696777604,0,0.000867216480148764,7.75639397845949e-05,0,0,0,0,0,0,0,0,0,0,0,0,0,0,0,0,0,0,0,0.000644678257849525,0,0.000181663077711959,0,0
0,0,0,0,0,0,0.0141514194796825,0,0,0,0,0,0,0,0,0,0,0,0,0,0,0,0,0,0,0,0,0,0,0,0,0,0,0,0,0,0,0,0,0,0,0,0,0,0,0,0,0,0,0,0.00230759729790821,0,0,0,0,0,0.00535979482220733,0,0.000198620926257105,0,0,0,0,0,0,0,0,0,0,0,0,0,0,0,0,0,0,0,0,0,0,0,0,0,2.08063195641624e-05,0,0
0,0,0,0,0,0.000419921196722267,0,0.0919885857758186,0,0,0,0.000132478169164861,0,0.000789869663213708,0,0,0,0,0,0,0,0,0,0,0,0,0,0,0,0,0,0,0,0,0,0,0,0,0,0,0,0,0,0,0,0,0,0,0,0,0,0.00936842738413545,0,0,0,0,0,0.0167765955589392,0,0.000373663652816656,0,0,0,0,0,0,0,0,0,0,0,0,0,0,0,0,0,0,0,0,0,0,2.88857727642935e-05,0,0,0,0
0.0209196884259802,0,0.0113547324860356,0,0,0,0,0,0.0431596157054981,0,0,0,0,0,0.000213775402469451,0,0,0,0,0,0.000295633687740447,0,0,0,0.0144880349738267,0,0.00111786261141358,0,0,0,0,0,0,0,0,0,0.000100983435881655,0,0.000865860071956335,0,0.000159199649144764,0,0.000647511557228819,0,0,0,4.49883483228937e-05,0,0.00137684224118593,0,0,0,0,0,0,0,0,0,0,0,0.000176112033622479,0,0,3.17804849046788e-05,0,0,0,0.0246504907398337,0,0.000124568056597959,0,0,0,0,0,0,0,0,0,4.78517412338654e-05,0,0.000238953223649119,0.000310691621488082,0,0.00184480957312676,0,0
0,0.0253241196942864,0,0.052337313389883,0,0.00792680935306478,0,0,0,0.0771255563371845,0,0,0,0,0,0.00711665780945101,0,5.80300851108542e-05,9.30689357695565e-05,0,0,0,0,0.00515517690247582,0,0,0,0,0,0,0,0,0,0,0,8.01862158742968e-06,0,0.000109717859120814,0,0.000207082518586903,0,0.00195972847455196,0,0.000230576017846029,0,0.00013141668543698,0,0,0,0.0034452734932644,0,0.000157497790101192,0,0,0,0,0,0.000626154654467916,0,0.000242243814957706,0,0.0022930451441314,0,0,0,0,0.124607761332827,0,0,0,0,0,3.22886913687779e-05,0,0,0,0,0,4.59811081364572e-06,0,0.000212700997469825,0,0.00024771930059192,9.70265201082787e-06,0.00266346056341027,0.000299844444028905,0
0.00120203582692441,0,0.000195176222581897,0,0.000200126153544488,0,0.0158256689494576,0,0.0019070862338756,0,0.0608658211568717,0,0.000291234199579788,0,1.49306473647454e-05,0,4.75413976260659e-05,0,0.000415501921918012,0,0.00503718683178078,0,0,0,0,0,0,0,0.000153768528436855,0,0.00247417200211245,0,0,0,0,0,0.000119924718487793,0,0.00203950427580215,0,0,1.13248790548624e-05,0.00712781110687665,0,0,4.22251836203966e-05,0.000318533516220422,0,0.00954365563038521,0,0.000601558641015517,0,0.00535979482220733,0,0,0,0,0,0.00759774983644552,0,0.000796197555220806,0,0,0.00743458839576693,0,0,0,0,0,0,0,0.00193422095012398,0,0.0246681170676953,0,0,0,0,0,6.98135273830235e-05,0,0.000555741808415437,0.000906005895238169,0,0.0183948032414562,0,8.57142729767813e-05
0,0.000787678026203973,0,0.00708050109103583,0,0.00129715121360738,0,0.0151105643200362,0,0.00204650884423738,0,0.0858748024942707,0,0,0,0,6.0605443442867e-05,2.47165577622747e-05,0.000934900931435143,0.0034475640634754,0,0,0,0.00014849798258521,0,0,0,0,0,0.00622769252071272,0,0,0,0,0,0.00050440166158243,0,0.0021070339983806,0,0.00069529860583605,0.000196421898809165,0.013226388982574,3.87801811871137e-05,9.96610955299009e-06,4.02206444673394e-05,0.00110151869927971,9.57830326279356e-05,0,0,0.0037383439097351,0,0.00522281003127071,0,0.0167765955589392,0,0.000626154654467916,0,0,0,0.00712871273166726,0,0.00122415030679627,0.0218986731659582,2.05265146139385e-05,0,0,0.000159907582761819,0,0,0,0.00143704516336981,0,0.0194369791692746,0,0,0,0,0,0.000137984581052016,1.14964692388399e-05,7.64232822476736e-05,0,0.000949085548847995,0,0.0186972856524486,0.00174637169050671,2.12551998699474e-05
8.76893221713724e-05,0,0.000997549715941861,0,0,0,0,0,0,0,0.00444142590234935,0,0.0122696746466415,0,0,0,0,0,0,0,0.000167777109013534,0,0,0,0,0,0,0,9.76918366195618e-05,0,0,0,0,0,0,0,6.77068154556248e-05,0,0,0,0,0,0.000103476896236863,0,0,0,0,0,0.00088463913456167,0,0.000643396852851644,0,0.000198620926257105,0,0,0,0.00759774983644552,0,0,0,0.000564393313424413,0,0,0.00142578413501957,0,0,0,0,0,0,0,0.000126914338521675,0,0,0,0,0,0,0,2.26031974325025e-05,0,0,1.82121706673453e-05,0,0.00340229305519594,0,0
0,0,0,0.000326164661901762,0,6.08013448838217e-05,0,0.00163540926594187,0,0,0,0.0201921857750096,0,0.0259467055628559,0,0.000161507567227734,0,0,0,0,0,0,0,0,0,0,0,0.000956048268517719,0,0,0,0,0,0,0,8.2965057062801e-06,0,0,0,0,0,0,0,0,0,0,0,0,0,6.25021575292289e-05,0,0.00151285696777604,0,0.000373663652816656,0,0.000242243814957706,0,0.00712871273166726,0,0,0,0.00132393525201292,0,0,0,0,0,0,5.03714834855793e-05,0,0.00390244966080555,0,0.00059263334524738,0,0,0,0,0,0,0,0,0,0.000279450331875631,1.44021655614779e-05,6.34314096681506e-05,0,0
0.0298131998853728,0,0.00404083947604229,0,0.00124773706147513,0,0,0,0.00440435664493576,0,0,0,0,0,0.0254879161598881,0,0,0,0,0,4.62618227944987e-05,0,0,0,0.000683039078527495,0,0.000645036550381284,0,0,0,0,0,0,0,0,0,4.80115814889245e-05,0,0,0,0,0,0.00241530311523721,0,0,0,7.61854430712382e-06,0,0.00793637228912813,0,0.000839276650131029,0,0,0,0.000176112033622479,0,0.000796197555220806,0,0.000564393313424413,0,0,0,0,0,0,0,0,0,0,0.00445332055734865,0,0.00175495903052508,0,8.72391864845962e-05,0,0,0,0,0,1.76330964656102e-05,0,0,0.000161636906481602,0,0.010391246666484,0,0
0,0.000396508288556799,0,0.0208876660811464,0,0.000362680294022362,0,0,0,0.00128100539574309,0,0,0,0.00141920233056766,0,0.0155375645917042,0,0,7.27680734519121e-06,0,0,0,0,0,0,4.04610227387019e-05,0,0,0,0,0,0,0,0,0,0,0,0,0,1.77897018646212e-05,0,0.000216447628284597,0,0,0,0,0,0,0,0.00563360112241169,0,0.000867216480148764,0,0,0,0.0022930451441314,0,0.00122415030679627,0,0.00132393525201292,0,0,0,0,0,0,0,0,0.00843468524756006,0,0.000208093762251055,0,0,0,0,0,0,0,0,0,0,0,0.000100372258472543,0,0.00201226491484848,0,0
0,2.5638754416378e-05,0,9.43429325909168e-05,0,0.000147818234096143,0,0,0,0,0,0.00241377537930268,0,0,0,0,0.000191910503922221,0.000135181554254825,0.00316573194200304,0.101541177770275,0,0,0,0,0,0,0,0,0,0,0,0,0,0,0,0.00741746409851046,0,0.00318555006077977,0,0.00277599072131692,5.9548958637472e-05,0.0105483880637252,7.33037846781975e-05,4.06873181130409e-05,8.26652045929164e-05,0.100444224398378,5.4004595796203e-05,0,0,5.68511601368928e-06,0,7.75639397845949e-05,0,0,0,0,0,0.0218986731659582,0,0,0,0,0,4.84182333501655e-05,0,0,0,0,0,0,0,0,0.00725272099969414,0,0,0,0,0,0.00710659909347932,3.96916010645787e-05,0.00263385982647403,1.30867881737882e-05,0.000401728879939037,0,0.0286497264759681,8.64435442965723e-05,0
0.000340472847594592,0,0,7.98335092972672e-06,4.4082186839327e-05,0,0,0,6.45132517461009e-05,0,0.000223448714677943,0,0,0,0,0,0.000261192216023312,9.59315410386205e-05,0.00605482018059408,0,0.0518375330847927,0,0,0,0,0,0,0,0,0,0,0,0,0,0,3.31893657567056e-06,0.00248631445974001,0,0.00246712531863219,0.00017913852932353,0.00185822312575089,1.98349084661965e-05,0.00824290405245094,0,0.000649037420472549,0.000158534013733882,0.0238333719487713,0,0.000199010104972971,0,0.000482026171391251,0,0,0,3.17804849046788e-05,0,0.00743458839576693,2.05265146139385e-05,0.00142578413501957,0,0,0,4.84182333501655e-05,0,0,0,0,0,0,0,0,8.6498423690085e-05,5.42849645086141e-05,0.0129094682069127,0,0,0,0,2.19784435303749e-05,0.00721598264652445,6.02714674275365e-06,0.00433898006343831,0.000156788188130694,1.47266074101395e-05,0.0196247436491682,0,0.000174325370662228
0,0,0,0,0,0,0,0,0,0,0,0,0,0,0,0,0,0.000780157826612575,0,0,0,0.0658147117272441,0,0.00714911143417089,0,0.000403519107609778,0,0.000435092885654126,0,0,0,0,0,0,0,0,0,0.00574022924796268,0,0,0,0,0,0,0,0,0,0,0,0.00346769960943044,0,0,0,0,0,0,0,0,0,0,0,0,0,0,0,0,0.00350090218227087,0,0.0106228159399663,0,0.000601412160312353,0,0,0,0,0,0,0,0,0,0.00564368976154792,0,0.000831584659142581,5.5725895088537e-05,2.702161177419e-05,0,0
0,0,0,0,0,0,0,0,0,0,0,0,0,0,0,0,0.000152121787051428,0,0,0,0,0.000248792569021988,0.0664443739496148,0,0.00687993337461446,0,0.000201637320991804,0,0,0,0,0,0,0,0,0,0,0,0.0031114552071846,0,0,0,0,0,0,0,0,0,0.00445493018557735,0,0,0,0,0,0,0,0,0,0,0,0,0,0,0,0,0,0,0.00646128602973522,0,0.0178274216567476,0,0.0071584322221744,0,0,0,0,0,0,0,0,0,0.00602662599727977,0.000340131185197488,0,3.66256590738934e-05,0,0
0,0.000200883535976989,0,0,0,0,0,0,0,0.00350450523727809,0,0,0,0,0,0,0,0.000241487980565228,0,0,0,0.000548615120502724,0,0.138821647418669,0,0.000538675143810584,0,0,0,0,0,0,0,0,0,0,0,0.00851666854388511,0,0,0,2.26119981998845e-05,0,0,0,0,0,0,0,0.00141953981280872,0,0,0,0,0,0.124607761332827,0,0.000159907582761819,0,0,0,0,0,0,0.00350090218227087,0,0,0,0.00059221731049253,0,0,0,0,0,0,0,0,0,0,0,0.00305733191511046,0,0.000232866965742113,5.39288037531721e-05,0.00522549472891812,0,0
0,0,0,0,0,0,0,0,0.0036122534833214,0,0,0,0,0,0,0,0,0,0,0,0,0,0.00127913961495822,0,0.122855075609749,0,0.00124632179591882,0,0,0,0,0,0,0,0,0,0,0,0.00757157500254494,0,0,0,8.18399510882714e-06,0,0,0,0,0,0.00105594212939343,0,0,0,0,0,0.0246504907398337,0,0,0,0,0,0,0,0,0,0,0.00646128602973522,0,0,0,0.00275574503331117,0,0,0,0,0,0,0,0,0,0,0,0.00322650662782536,0.000174369645086586,0,7.31783535048111e-05,0,0
0,0,0,0,0,0,0,0,0,0,0,0,0,2.16482094912505e-05,0,0.00290650114588077,0,0.00230131184283045,0,0,0,0.00101607022966841,0,0.0264995325114572,0,0.141826294632418,0,0,0,0,0,0,0,0,0,0,0,0,0,0,0,0,0,0,0,0,0,0,0,0.00888855234005643,0,0,0,0,0,0,0,0,0,5.03714834855793e-05,0,0.00843468524756006,0,0,0.0106228159399663,0,0.00059221731049253,0,0,0,0.00695063011206072,0,0,0,0,0,0,0,0,0,0,0,9.08703976791322e-05,0,0.000205835888911315,0,0
