0,0,5.92885905504227,0,0,0,0,0,51.8477093875408,0,0,0,0,0,0,0,1.86313262581825,0.525248408317566,176.46652802825,0,2.11350151896477,0,0,0,0,0,0,0,0,0,0,0,0,0,0,0.682592034339905,4.79852914065123,0,1.38340443372726,0.540056005120277,0,0,238.557724148035,0,0,0,7.76155160367489,0.939463019371033,44.8291334360838,0,0,0,0,0,161.65630222857,0,27.8678456246853,0,8.70190244913101,0,24.6970753073692,0,0,17.2598713189363,0,0,0,0,0,0,0,0.155082419514656,0,10.3497614711523,0,0,0,0,0.609831690788269,70.1846863776445,0,23.053049236536,91.3985036313534,0,344.024354666471,0,0
0,0,0,120.836255580187,0,0,0,0,0,180.124432876706,0,0,0,0,0,0,0,0,28.4383383989334,0,0,0,0,0,0,0,0,0,0,0,0,0,0,0,0,0,0,0,0,0,0,161.550246089697,0,0,0,0,0,0,0,96.2576131522655,0,0,0,0,0,272.348077833652,0,0.552524209022522,0,0,0,27.3464713394642,0,0,0,0,3.33968302607536,0,3.0539576113224,0,0,0,0.324922725558281,0,0,0,0,0,2.26278859376907,0,1.57140809297562,0,182.679482698441,0.790505170822144,46.6242586225271,0.416585728526115,0
5.92885905504227,0,0,0,40.9835912585258,0,0,0,19.5168383866549,0,0,0,0,0,0,0,0,0,0,0,0,0,0,0,0,0,0,0,0,0,0,0,0,0,0,0,0,0,0,0,0,0.248378083109856,87.9089791923761,0,0,0,31.6615473181009,0.353746980428696,63.0564406812191,0,34.8373630344868,0,0,0,27.0568540096283,0,15.9206720590591,0,9.09220054745674,0,3.25871813297272,0,0,2.75137479603291,0,0,0,0,0,0,0,0.535957559943199,0,12.7984513342381,0,0,0,0,0,1.66275832056999,0,0,118.162526622415,0,208.045553907752,0,1.87907479703426
0,120.836255580187,0,0,0,132.932021155953,0,0,0,92.9992700219154,0,0,0,0,0,0,0.976211071014404,0,6.63389149308205,0,0,0,0,0,0,0,0,0,0,0,0,0,0,0,0,40.3132702708244,0.129819124937057,0,0,23.1499444097281,0,218.59012876451,0.667758375406265,0,0,1.74830961227417,1.16597759723663,9.74209603667259,28.8519045710564,113.892641499639,0,249.695523813367,0,0,0,217.620578616858,0,42.9748288989067,0,105.217293977737,0,0,0,0.183116316795349,0,0,0,0,0,0,0.24862103164196,0,2.69243468344212,0,0,0,0,0,5.68197084963322,2.63381054997444,0,1.58593714237213,414.431817382574,3.89432708919048,492.186182528734,7.87157566845417,0
0,0,40.9835912585258,0,0,0,0,0,0,0,0,0,0,0,0,0,0,0,0,0,23.8854924738407,0,0,0,0,0,0,0,0,0,0,0,0,0,0,0,34.787503644824,0,0,0,0.890848487615585,0,48.7489849030972,0,0,0,18.9028175026178,1.73754286766052,40.3385200202465,0,91.0533533096313,0,0,0,0,0,9.20830319821835,0,4.98443621397018,0,0,0,0,4.55447900295258,0,0,0,0,0,0,0,0,0,0.566972345113754,0,0,0,0,0.137191995978355,0.844045341014862,0,0,43.0103830397129,0.673621669411659,163.857218265533,0,0
0,0,0,132.932021155953,0,0,0,135.739855587482,0,117.296848237514,0,1.07033711671829,0,0,0,0,0,0,0.185693114995956,81.0172907710075,0,0,0,0,0,0,0,0,0,0,0,0,0,0,0,90.7019127011299,0,0,0,5.05110645294189,0,11.5363048911095,1.41020807623863,0,0,0.687669396400452,0,3.14818930625916,6.55937254428864,7.26998321712017,0,367.327345371246,0,19.1996896266937,0,6.85067582130432,0,0.889270961284637,0,0,0,1.42867732048035,2.89491385221481,0,0,0,0,0,0,0,0,0,0,0,0,0,0,0,10.6777090877295,0,0,0,609.940312117338,151.793926179409,344.289403021336,0.232032015919685,0
0,0,0,0,0,0,0,0,0,0,0,0,2,0,0,0,0,0,0,0,0,0,0,0,0,0,0,0,0,0,0,0,0,0,0,0,0,0,0,0,0,0,0,0,0,0,0,0,0,0,0,0,26.6470077037811,0,0,0,0,0,0,0,0,0,0,0,0,0,0,0,0,0,0,0,0,0,0,0,0,0,0,0,0,0,0,2,0,0,0
0,0,0,0,0,135.739855587482,0,0,0,0,0,90.3870297074318,0,0,0,0,0,0,0,0,0,0,0,0,0,0,0,0,0,0,0,0,0,0,0,0,0,0,0,0,0,0,0,0,0,0,0,0,0,0,0,37.7925009429455,0,356.563307613134,0,0,0,189.071132451296,0,0,0,0,0,0,0,0,0,0,0,0,0,0,0,0,0,0,0,0,0,0,0,0,0,0,0,0,0
51.8477093875408,0,19.5168383866549,0,0,0,0,0,0,0,0,0,0,0,30.9455044865608,0,0,0,1.96884521842003,0,0,0,0,0,5.77946889400482,0,0,0,0,0,0,0,0,0,0,0,0,0,53.7750353515148,0,0,0,11.3585555255413,0,0,0,0.46901972591877,0,35.9165862500668,0,0,0,0,0,922.389753997326,0,0,0,0,0,99.5360686630011,0,0,0.234992027282715,0,0,0,14.8679086565971,0,0,0,0.163014307618141,0,0.95765121281147,0,0,0,0,0,3.86381751298904,0,5.85495585203171,134.384534031153,18.3978099822998,15.9639547616243,0,2.05817180871964
0,180.124432876706,0,92.9992700219154,0,117.296848237514,0,0,0,0,0,0,0,0,0,9.83849835395813,0,0,1.40262496471405,0,0,0.27500319480896,0,68.1447799801826,0,0,0,0,0,0,0,0,0,0,0,0,0,194.453974381089,0,0,0,17.7958979904652,0,0,0,0,0,12.4703844189644,0.290113717317581,6.73358255624771,0,0.844171047210693,0,0,0,491.571073502302,0,0.228667989373207,0,0,0,5.3857274055481,0,0,0,0,8.1946849822998,0,0,0,0,0,0,0,0,0,0,0,0,0,33.5582403540611,0,1476.4842799753,111.202333152294,190.565364792943,0.357587486505508,0
0,0,0,0,0,0,0,0,0,0,0,0,10.2202045023441,0,0,0,0,0,0,0,478.446225494146,0,0,0,0,0,0,0,3.97312968969345,0,62.9237510859966,0,0,0,0,0,297.649472773075,0,308.229937493801,0,0,0,0,0,0,0,0,0,0,0,0,0,0,0,0,0,1929.72940658033,0,160.796203196049,0,0,0,0,16.4811015427113,0,0,0,0,0,0,0,4.86794391274452,0,11.7820457220078,0,0,0,0,0,40.1074047237635,0,0,29.1738317012787,0,0,0,0
0,0,0,0,0,1.07033711671829,0,90.3870297074318,0,0,0,0,0,259.8757635355,0,0,0,0,0,247.248971745372,0,0,0,0,0,0,0,0,0,84.3979930430651,0,0,0,0,0,47.6620215177536,0,732.350922584534,0,0,0,0,0,0,0,0,0,0,0,0,0,12.4876464307308,0,50.0350026190281,0,0,0,2207.19856093824,0,97.7154815196991,0,0,228.076340436935,0,0,0,0,0,0,0,0,0,25.4187249094248,0,0,0,0,0,0,0,30.0759402215481,0,786.775730445981,0,15.4574956595898,0,0
0,0,0,0,0,0,2,0,0,0,10.2202045023441,0,0,0,0,0,0,0,0,0,0,0,0,0,0,0,0,0,12.0892367362976,0,0,0,0,0,0,0,0,0,0,0,0,0,0,0,0,0,0,0,0,0,0,0,0,0,0,0,4.51602351665497,0,174.150980949402,0,0,0,0,0,0,0,0,0,0,0,0,32.291757941246,0,0,0,0,0,0,0,0,0,0,5.00177597999573,56.4370639324188,0,0,0
0,0,0,0,0,0,0,0,0,0,0,259.8757635355,0,0,0,15.7177543640137,0,0,0,0,0,0,0,0,0,0,0,0,0,0,0,0,0,0,0,0,0,0,0,0,0,0,0,0,0,0,0,0,0,0,0,0,0,1,0,0,0,187.157048583031,0,396.569917082787,0,0,0,0,0,0,0,0,0,0,0,0,0,0,0,0,0,0,0,0,0,0,59.4372812509537,0,0,0,0
0,0,0,0,0,0,0,0,30.9455044865608,0,0,0,0,0,0,0,0,0,0,0,0,0,0,0,0,0,0,0,0,0,0,0,0,0,0,0,0,0,0,0,0,0,0,0,0,0,0,0,0,0,0,0,0,0,8.3437243103981,0,0,0,0,0,131.974916413426,0,0,0,0,0,0,0,0,0,0,0,0,0,0,0,0,0,0,0,0,0,4.71055388450623,40.4155044555664,0,0,0
0,0,0,0,0,0,0,0,0,9.83849835395813,0,0,0,15.7177543640137,0,0,2.28375935554504,12.4932669401169,0,0,0,0,0,0,0,0,0,0,0,0,0,0,0,0,0,0,0,0,0,0,0,0,0,0,0,0,0,0,0,0,0,0,0,0,0,8.54132151603699,0,0,0,9.05820047855377,0,12.3296182155609,0,0,0,0,0,0,0,0,0,0,0,0,0,0,0,0,0,0,0,0,0.514340460300446,0,0,0,0
1.86313262581825,0,0,0.976211071014404,0,0,0,0,0,0,0,0,0,0,0,2.28375935554504,0,16050.8496690392,4224.83807021379,0,0,0,52.7177690565586,0,0.853764846920967,0,89.5580296963453,0,0,0,0,0,0,0,0,12.9395519793034,2.37947201728821,0,0,68.5210047960281,9.03005015850067,21.5302999764681,42.1591901108623,0,0,4.69303834438324,56.126273855567,0,0.587656438350677,2.84078764915466,0,0,0,0,0,0,0.382751509547234,2.43996520340443,0,0,0,0,0,39.5716305226088,0,0,0,0,0,0,0,0,1.6252548545599,6.09632296860218,0,0,0,0,100.014449268579,156.174024499953,1.11823973059654,24.0742637515068,6869.98369438201,480.990113183856,72.1811162978411,3.01356226205826,16.6272876113653
0.525248408317566,0,0,0,0,0,0,0,0,0,0,0,0,0,0,12.4932669401169,16050.8496690392,0,2949.7981595844,0,0,14.1627753973007,2.22032618522644,0,0,1.48360246419907,2.51320858299732,0,0,0,0,0,0,0,0,7.10896122455597,0.207586988806725,0,0,33.5138345584273,0,14.4796437621117,8.35774078220129,0.45271734893322,0,0,18.5912680923939,0,0,0.468914777040482,0,0,0,0,0,0,0,4.09181816875935,0,0,0,0,0,11.6922709792852,31.217485666275,0,0,0,0,0,0,0,2.89123292267323,0.47665835916996,0,0,0,0,50.4961537197232,41.3332586139441,2.85382872819901,5.37921892106533,8353.54669887573,461.437314510345,46.6834810823202,9.55908294022083,0.571378335356712
176.46652802825,28.4383383989334,0,6.63389149308205,0,0.185693114995956,0,0,1.96884521842003,1.40262496471405,0,0,0,0,0,0,4224.83807021379,2949.7981595844,0,0,4.17078417539597,0,0,0,0,0,6.18181505799294,0,0,0,0,0,0,0,0,225.816055186093,55.5629572942853,3.09995126724243,0,1329.07530063391,64.2374215573072,1108.62598970532,531.917042382061,10.2670766413212,9.79933106899261,14.4797151535749,732.614632062614,7.27083361148834,19.4494500905275,25.4749371260405,0,0,0,0,0,0.443024009466171,6.17890474200249,148.760950736701,0,0,0,0,0.201006263494492,578.626181580126,0,0,0,0,0,0,3.6483469158411,0,201.729932233691,107.015475183725,0,0,2.0667896270752,0,2067.29285204411,2298.83189826459,108.784705266356,276.240135744214,4601.69434256852,0,1858.85096511245,263.785529717803,215.98506064713
0,0,0,0,0,81.0172907710075,0,0,0,0,0,247.248971745372,0,0,0,0,0,0,0,0,0,0,0,0,0,0,0,0,0,0,0,0,0,0,0,818.156869903207,0,417.781420409679,0,0.401440501213074,0,0,0,0,0,34.5287639200687,0,0,0,0,0,1.18797993659973,0,0,0,0,0,27.3925107270479,0,0,0,0,1986.59940208495,0,0,0,0,0,0,0,0,0,8.81147235631943,0,0,0,0,0,164.678710401058,0,7.37120854854584,0,278.218436717987,0,298.97758795321,0,0
2.11350151896477,0,0,0,23.8854924738407,0,0,0,0,0,478.446225494146,0,0,0,0,0,0,0,4.17078417539597,0,0,0,0,0,0,0,0,0,0,0,0,0,0,0,0,0,1574.87875594199,0,104.920839875937,0,0,0,0,0,0,0,9.90826594829559,0,1.60503154993057,0,5.01843544840813,0,0,0,0,0,228.765081375837,0,0.619799435138702,0,0,0,0,1841.45971280336,0,0,0,0,0,0,0,0,0,2.01101468503475,0,0,0,0,0,651.948562502861,0,9.20159754157066,281.961453139782,2.54251873493195,56.1694940626621,0,0
0,0,0,0,0,0,0,0,0,0.27500319480896,0,0,0,0,0,0,0,14.1627753973007,0,0,0,0,80.9675885438919,189.722075849771,0,517.787814497948,0,6.33724182844162,0,0,0,0,0,0,0,0,0,978.256616637111,0,0,0,0,0,0,0,0,0,2.41838228702545,0,49.3836598545313,0,0,0,0,0,0,0,0,0,0,0,0,0,0,3674.84491439164,0,109.105055227876,0,267.178513556719,0,74.2282741069794,0,0,0,0,0,0,0,0,0,863.068372905254,0,830.459275007248,7.94329643249512,0,0,0
0,0,0,0,0,0,0,0,0,0,0,0,0,0,0,0,52.7177690565586,2.22032618522644,0,0,0,80.9675885438919,0,0,116.193418189883,0,303.161750078201,0,76.0071086883545,0,0,0,0,0,0,0,0,0,832.564903914928,0,0,0,0,0,0,0,0,0,130.585631728172,0,0,0,0,0,0,0,0,0,0,0,0,0,0,0,0,3063.44416581094,0,6.48505668342113,0,64.8336419463158,0,94.3037622570992,0,0,0,0,0,0,0,0,0,324.874473243952,491.589700311422,3,0,0,0
0,0,0,0,0,0,0,0,0,68.1447799801826,0,0,0,0,0,0,0,0,0,0,0,189.722075849771,0,0,0,325.307858169079,0,0,0,0,0,0,0,0,0,0,0,363.103079348803,0,0,0,0,0,0,0,0,0,2.27827721834183,0,8.01585936546326,0,0,0,0,0,77.6583781838417,0,0,0,0,0,0.307506054639816,0,0,49.7494278252125,0,610.515419393778,0,31.6541130542755,0,0,0,0,0,0,0,0,0,0,0,207.484457522631,0,62.993874758482,0,51.4518654942513,0,0
0,0,0,0,0,0,0,0,5.77946889400482,0,0,0,0,0,0,0,0.853764846920967,0,0,0,0,0,116.193418189883,0,0,0,92.2330952882767,0,0,0,0,0,0,0,0,0,0,0,129.196866080165,0,0,0,0.253997087478638,0,0,0,0,0,34.8501556515694,0,0,0,0,0,66.8313424289227,0,0,0,0,0,1.01044094562531,0,0,0,0,52.2402251362801,0,106.843678534031,0,48.9804105162621,0,0,0,0,0,0,0,0,0,0,0,105.387083619833,25.5296249836683,0,78.6190171539783,0,0
0,0,0,0,0,0,0,0,0,0,0,0,0,0,0,0,0,1.48360246419907,0,0,0,517.787814497948,0,325.307858169079,0,0,0,0,0,0,0,0,0,0,0,0,0,0,0,0,0,0,0,0,0,0,0,0,0,0,0,0,0,0,0,0,0,0,0,0,0,0,0,0,62.4549478292465,0,356.731492385268,0,36.6346912384033,0,9.56176662445068,0,0,0,0,0,0,0,0,0,0,0,198.760240346193,0,0,0,0
0,0,0,0,0,0,0,0,0,0,0,0,0,0,0,0,89.5580296963453,2.51320858299732,6.18181505799294,0,0,0,303.161750078201,0,92.2330952882767,0,0,0,0,0,0,0,0,0,0,0,0,0,0,0,0,0,0,0,0,0,0,0,0,0,0,0,0,0,0,0,0,0,0,0,0,0,0,0,0,0,0,0,0,5.64459818601608,0,0,0,0,0,0,0,0,0,1.19636142253876,0,0,10.7036880403757,0,0,0,0
0,0,0,0,0,0,0,0,0,0,0,0,0,0,0,0,0,0,0,0,0,6.33724182844162,0,0,0,0,0,0,0,0,0,0,0,0,0,0,0,195.562235951424,0,0,0,0,0,0,0,0,0,0,0,0,0,0,0,0,0,0,0,0,0,5,0,0,0,0,0,0,0,0,0,0,222.656866550446,0,1,0,0,0,0,0,0,0,25.0687656402588,0,0,0,0,0,0
0,0,0,0,0,0,0,0,0,0,3.97312968969345,0,12.0892367362976,0,0,0,0,0,0,0,0,0,76.0071086883545,0,0,0,0,0,0,0,16.7037522792816,0,0,0,0,0,0,0,8.17689776420593,0,0,0,0,0,0,0,0,0,0,0,0,0,0,0,0,0,0,0,0,0,0,0,0,0,0,38.4456425905228,0,0,0,0,0,469.505962491035,0,7.64713096618652,0,0,0,0,0,0,0,5.21553117036819,9.11375427246094,0,0,0,0
0,0,0,0,0,0,0,0,0,0,0,84.3979930430651,0,0,0,0,0,0,0,0,0,0,0,0,0,0,0,0,0,0,0,0,0,0,0,0,0,76.7555370330811,0,0,0,0,0,0,0,0,0,0,0,0,0,0,0,0,0,0,0,56.312582090497,0,0,0,0,0,0,0,0,0,0,0,0,1.64660923182964,0,442.857522159815,0,0,0,0,0,0,0,0.724359929561615,0,0.14181849360466,0,0,0,0
0,0,0,0,0,0,0,0,0,0,62.9237510859966,0,0,0,0,0,0,0,0,0,0,0,0,0,0,0,0,0,16.7037522792816,0,0,0,0,0,0,0,0,0,15.4046681523323,0,0,0,0,0,0,0,0,0,0,0,0,0,0,0,0,0,101.149725139141,0,0,0,0,0,0,0.484472990036011,0,0,0,0,0,0,0,31.0040309429169,0,166.606749221683,0,0,0,0,0,0,0,0,70.5533947944641,0,0,0,0
0,0,0,0,0,0,0,0,0,0,0,0,0,0,0,0,0,0,0,0,0,0,0,0,0,0,0,0,0,0,0,0,652.008028537035,5.28327029943466,0,1026.29469701648,73.437460899353,0,0,0,71.8553459644318,0,0,0,0,0,0,5203.77189953625,106.450757414103,49.4435285627842,0,0,0,0,0,0,0,0,0,0,0,0,0,0,0,0,0,0,0,0,0,0,0,0,473.086468160152,71.2388401031494,3.72622483968735,0,159.94236586988,0,0,0,634.264801174402,0,0,0,0
0,0,0,0,0,0,0,0,0,0,0,0,0,0,0,0,0,0,0,0,0,0,0,0,0,0,0,0,0,0,0,652.008028537035,0,0,0,10.4244840145111,99.5161522626877,0,0,0,0,0,0,0,0,0,0,439.129498958588,2.29437586665154,0,0,0,0,0,0,0,0,0,0,0,0,0,0,0,0,0,0,0,0,0,0,0,0,0,22.0396451354027,1077.22088453174,0,5.02762317657471,0,203.955795049667,0,0,561.239905834198,0,0,0,0
0,0,0,0,0,0,0,0,0,0,0,0,0,0,0,0,0,0,0,0,0,0,0,0,0,0,0,0,0,0,0,5.28327029943466,0,0,103.799897551537,1024.76955699921,0,305.671603798866,0,0,0,0,0,0,0,0,0,980.129692003131,0,64.604261636734,0,0,0,0,0,0,0,0,0,0,0,0,0,0,0,0,0,0,0,0,0,0,0,0,1.98251751065254,0,2096.84693264961,441.934933274984,176.081446245313,0,423.725592851639,0,306.443457618356,0,0.914770841598511,0,0
0,0,0,0,0,0,0,0,0,0,0,0,0,0,0,0,0,0,0,0,0,0,0,0,0,0,0,0,0,0,0,0,0,103.799897551537,0,0,2067.89155131578,0,232.232330352068,0,0,0,0,0,0,0,0,458.70675137639,0,0,0,0,0,0,0,0,0,0,0,0,0,0,0,0,0,0,0,0,0,0,0,0,0,0,0,0.547445237636566,10.9572724103928,1607.44287443161,0,313.783704727888,0,217.979609668255,9.829415589571,0,0,0,0
0.682592034339905,0,0,40.3132702708244,0,90.7019127011299,0,0,0,0,0,47.6620215177536,0,0,0,0,12.9395519793034,7.10896122455597,225.816055186093,818.156869903207,0,0,0,0,0,0,0,0,0,0,0,1026.29469701648,10.4244840145111,1024.76955699921,0,0,221.502271831036,1882.31111223996,30.8366363048553,40.6801997423172,0,83.2162495106459,0,0,1.79943752288818,134.088728815317,0,144.404078289866,12.3581237196922,54.9039682596922,0,4.22810474038124,0,0,0,0,0,3.8482528924942,0,0,0,0,1757.38222081214,0.898412078619003,0,0,0,0,0,0,0,0,1.44393417239189,0,434.673536032438,0,2487.70391875505,0,21662.3412384316,3.06898464262486,188.354501605034,1.28510785102844,3588.85090843588,67.0921371281147,253.651171192527,26.903135612607,0
4.79852914065123,0,0,0.129819124937057,34.787503644824,0,0,0,0,0,297.649472773075,0,0,0,0,0,2.37947201728821,0.207586988806725,55.5629572942853,0,1574.87875594199,0,0,0,0,0,0,0,0,0,0,73.437460899353,99.5161522626877,0,2067.89155131578,221.502271831036,0,144.564175367355,2022.10803826153,0.552925050258636,3.82440683245659,0,9.59435345977545,0,1.07869696617126,0,11.9758878201246,13.1687733978033,106.812649764121,0,13.702732950449,0,0,0,0,0,279.780866771936,0,1.59846585988998,0,0,0,0,706.51823978126,0,0,0,0,0,0,0,0,0,1.74525287747383,0,332.595575928688,0,777.594572991133,0.716040432453156,12482.4820105657,0.201497793197632,851.327593132854,1161.25269010663,18.9559781551361,200.724351912737,0,9.59479378908873
0,0,0,0,0,0,0,0,0,194.453974381089,0,732.350922584534,0,0,0,0,0,0,3.09995126724243,417.781420409679,0,978.256616637111,0,363.103079348803,0,0,0,195.562235951424,0,76.7555370330811,0,0,0,305.671603798866,0,1882.31111223996,144.564175367355,0,146.161868214607,0.581322193145752,0,4.65544217824936,0,0,0,31.8805667459965,0,1032.60270537436,0,474.916568741202,0,0,0,0,0,64.6956678926945,0,47.4681562483311,0,0,0,0,127.908317625523,0,113.620741203427,0,292.801889747381,0,0,0,158.882964849472,0,1.86071106791496,0,0,0,269.584279641509,0,1046.98091889918,0,10799.2263076305,71.000809431076,1317.04697670043,0,199.654333665967,0,0
1.38340443372726,0,0,0,0,0,0,0,53.7750353515148,0,308.229937493801,0,0,0,0,0,0,0,0,0,104.920839875937,0,832.564903914928,0,129.196866080165,0,0,0,8.17689776420593,0,15.4046681523323,0,0,0,232.232330352068,30.8366363048553,2022.10803826153,146.161868214607,0,0,0,0,1.57910215854645,0,0,0,6.55072855949402,44.7044331431389,294.857609018683,0,0,0,0,0,46.3345186114311,0,293.409456044436,0,0,0,0,0,0,251.617095142603,0,313.955587401986,0,136.067836880684,0,0,0,279.916512697935,0,83.7135590612888,0,0,0,316.821030572057,0,996.556788772345,128.404674172401,9056.15472886711,238.891307160258,24.842924118042,239.392098650336,0,1.46957170963287
0.540056005120277,0,0,23.1499444097281,0,5.05110645294189,0,0,0,0,0,0,0,0,0,0,68.5210047960281,33.5138345584273,1329.07530063391,0.401440501213074,0,0,0,0,0,0,0,0,0,0,0,0,0,0,0,40.6801997423172,0.552925050258636,0.581322193145752,0,0,0.492439225316048,2182.22060386837,7.64836844801903,16.1172033846378,0,327.171618364751,44.2344656288624,67.5008704960346,1.34829214215279,425.175072640181,0,3.03843760490417,0,0,0,0.70604145526886,7.34083776175976,22.3761581405997,0,0.189629450440407,0,0,128.60373223573,21.0390217453241,0,0,0,0,0,0,0,0,20.4796914607286,0.137491106987,0,0,0,0,690.649905234575,42.7184395641088,21.0914928913116,2.78818142414093,380.522679850459,0,2102.64018705487,224.206629693508,0
0,0,0,0,0.890848487615585,0,0,0,0,0,0,0,0,0,0,0,9.03005015850067,0,64.2374215573072,0,0,0,0,0,0,0,0,0,0,0,0,71.8553459644318,0,0,0,0,3.82440683245659,0,0,0.492439225316048,0,1.38650895655155,168.513721778989,0,0,0,26.3611374348402,937.229814738035,1499.47214798629,34.8051396608353,1.5601605027914,0,0,0,0,0,0.997171118855476,0,0,0,0,0,0,16.0748763009906,0,0,0,0,0,0,0,0,0,2.57991245388985,0,0,0,0,0.139974445104599,809.840099737048,0,5.23459480702877,18.4645611196756,0,317.950449287891,0,30.5301219820976
0,161.550246089697,0.248378083109856,218.59012876451,0,11.5363048911095,0,0,0,17.7958979904652,0,0,0,0,0,0,21.5302999764681,14.4796437621117,1108.62598970532,0,0,0,0,0,0,0,0,0,0,0,0,0,0,0,0,83.2162495106459,0,4.65544217824936,0,2182.22060386837,1.38650895655155,0,208.978171780705,13.0174935460091,1.22102633118629,12.3530912697315,11.5538042038679,25.6749346107244,4.36589346826077,777.734116509557,0,1.91751825809479,0,0,0,8.3034321218729,0,392.659800231457,0,0.616190433502197,0,0,17.9179270714521,3.16950176656246,0,0,0,0,0,0,7.56731063127518,0,465.953158125281,0,0,0,0,0,1264.07806028426,11.6686803996563,17.3599943369627,1.4997732937336,2217.46107918024,76.0598998516798,4155.17976611108,1352.01859016716,0.265846580266953
238.557724148035,0,87.9089791923761,0.667758375406265,48.7489849030972,1.41020807623863,0,0,11.3585555255413,0,0,0,0,0,0,0,42.1591901108623,8.35774078220129,531.917042382061,0,0,0,0,0,0.253997087478638,0,0,0,0,0,0,0,0,0,0,0,9.59435345977545,0,1.57910215854645,7.64836844801903,168.513721778989,208.978171780705,0,0,2.14211319386959,0.184025123715401,1044.59194560349,52.1018324792385,537.734030112624,0.274785250425339,8.651372179389,0,0,0,14.0674419850111,0,770.494656786323,1.10389053821564,22.4438921511173,0,39.7808236628771,0,0,552.114567629993,0,0,0,2.82922653853893,0,0,0,76.1722726225853,0.953946948051453,803.532719552517,0,0,0,0,4.12100917100906,1606.85327059776,1.4469211101532,217.969066083431,1970.62050745636,41.4805191904306,3880.83907306939,1.76658853888512,850.094257123768
0,0,0,0,0,0,0,0,0,0,0,0,0,0,0,0,0,0.45271734893322,10.2670766413212,0,0,0,0,0,0,0,0,0,0,0,0,0,0,0,0,0,0,0,0,16.1172033846378,0,13.0174935460091,0,0,0,0,0,0,0,0,0,0,0,0,0,1.37459027767181,0,0,0,0,0,0,0,2.00886464118958,0,0,0,0,0,0,0,0,0,0,0,0,0,0,13.0856878757477,1.20622666180134,0,0,14.1054190397263,0,12.2934913039207,0,0
0,0,0,0,0,0,0,0,0,0,0,0,0,0,0,0,0,0,9.79933106899261,0,0,0,0,0,0,0,0,0,0,0,0,0,0,0,0,1.79943752288818,1.07869696617126,0,0,0,0,1.22102633118629,2.14211319386959,0,0,0,0.485832318663597,0,0,1.3585592508316,0,0,0,0,0,0,0,0,0,0,0,0,0,0.273625552654266,0,0,0,0,0,0,0,0,0,0,0,0,0,0,1.39806723594666,10.0502725988626,0,0,10.1617700457573,0,22.7085122466087,0,0
0,0,0,1.74830961227417,0,0.687669396400452,0,0,0,0,0,0,0,0,0,0,4.69303834438324,0,14.4797151535749,34.5287639200687,0,0,0,0,0,0,0,0,0,0,0,0,0,0,0,134.088728815317,0,31.8805667459965,0,327.171618364751,0,12.3530912697315,0.184025123715401,0,0,0,0,3.86547768115997,1.57553800940514,30.6918228119612,0,0,0,0,0,0,0,166.53339381516,0,0,0,0,1219.15941237658,0,0,0,0,0,0,0,0,0,168.274651393294,0,0,0,0,0,932.04510474205,0,419.08784095943,0,29.584063410759,0,667.614838778973,0.306175053119659,0
7.76155160367489,0,31.6615473181009,1.16597759723663,18.9028175026178,0,0,0,0.46901972591877,0,0,0,0,0,0,0,56.126273855567,18.5912680923939,732.614632062614,0,9.90826594829559,0,0,0,0,0,0,0,0,0,0,0,0,0,0,0,11.9758878201246,0,6.55072855949402,44.2344656288624,26.3611374348402,11.5538042038679,1044.59194560349,0,0.485832318663597,0,0,0.609468638896942,13.3123984485865,0.573271214962006,3.8316048681736,0,0,0,0,0,23.6773348748684,1.71894550323486,0,0,0,0,0,721.439844295382,0,0,0,0,0,0,0,0,0.69796484708786,36.8168736547232,0,0,0,0,24.3549217730761,855.659373410046,2.10264325141907,101.532157361507,276.540240645409,6.37312771379948,653.592190876603,0.339852720499039,7.03913228213787
0.939463019371033,0,0.353746980428696,9.74209603667259,1.73754286766052,3.14818930625916,0,0,0,12.4703844189644,0,0,0,0,0,0,0,0,7.27083361148834,0,0,2.41838228702545,0,2.27827721834183,0,0,0,0,0,0,0,5203.77189953625,439.129498958588,980.129692003131,458.70675137639,144.404078289866,13.1687733978033,1032.60270537436,44.7044331431389,67.5008704960346,937.229814738035,25.6749346107244,52.1018324792385,0,0,3.86547768115997,0.609468638896942,0,4222.88116896152,1714.7333086282,1.42009651660919,0,0,0,0.993212878704071,0.936393350362778,1.38918316364288,0.922965884208679,0,0.468098163604736,0,0,2.70048308372498,1.87945501506329,0,0,7.42298036813736,0,0,0,0,0,0.174720257520676,0.898328542709351,1017.90721340477,204.503616780043,85.1465023458004,143.392457842827,637.170592673123,1147.93430946022,295.717465236783,4.01971662044525,4929.24374504387,2.9364447593689,498.194109410048,2.71518111228943,0
44.8291334360838,0,63.0564406812191,28.8519045710564,40.3385200202465,6.55937254428864,0,0,35.9165862500668,0.290113717317581,0,0,0,0,0,0,0.587656438350677,0,19.4494500905275,0,1.60503154993057,0,130.585631728172,0,34.8501556515694,0,0,0,0,0,0,106.450757414103,2.29437586665154,0,0,12.3581237196922,106.812649764121,0,294.857609018683,1.34829214215279,1499.47214798629,4.36589346826077,537.734030112624,0,0,1.57553800940514,13.3123984485865,4222.88116896152,0,282.427327185869,8.01135848462582,0,0,0,53.9793877601624,0,34.5410012900829,0.282105281949043,1.16670203208923,0,59.3442762494087,0,2.93121913075447,27.7064924389124,0,163.542443215847,0,12.5523256957531,0,0,0,54.5525009334087,0.39566145837307,13.1601190194488,0.769530832767487,1.79275912046432,0,6.46936848759651,2.34421864151955,1156.55884989351,0,506.192059397697,740.69308462739,12.0175581127405,1976.48931670934,0,0
0,96.2576131522655,0,113.892641499639,0,7.26998321712017,0,0,0,6.73358255624771,0,0,0,0,0,0,2.84078764915466,0.468914777040482,25.4749371260405,0,0,49.3836598545313,0,8.01585936546326,0,0,0,0,0,0,0,49.4435285627842,0,64.604261636734,0,54.9039682596922,0,474.916568741202,0,425.175072640181,34.8051396608353,777.734116509557,0.274785250425339,0,1.3585592508316,30.6918228119612,0.573271214962006,1714.7333086282,282.427327185869,0,0,3.07197472453117,0,0,0,26.2507934868336,0,188.60509455204,0,15.7350813150406,0,5.16795608401299,25.5897975862026,2.77477431297302,179.098370239139,0,68.9452622532845,0,108.676071420312,0,140.295053452253,0,28.6832209229469,0,0.339615136384964,0,98.5602360963821,0,427.565735913813,0,669.885988742113,0,402.503216862679,3.51225996017456,1014.28012832999,20.7726521492004,0
0,0,34.8373630344868,0,91.0533533096313,0,0,0,0,0,0,0,0,0,0,0,0,0,0,0,5.01843544840813,0,0,0,0,0,0,0,0,0,0,0,0,0,0,0,13.702732950449,0,0,0,1.5601605027914,0,8.651372179389,0,0,0,3.8316048681736,1.42009651660919,8.01135848462582,0,0,0,0,0,0,0,203.531253561378,0,25.5744546949863,0,0,0,0,11.4640748798847,0,0,0,0,0,0,0,0,0,0,0,0,0,0,0,2.49713039398193,0,0,6.93525397777557,0.292506188154221,227.456227555871,0,0
0,0,0,249.695523813367,0,367.327345371246,0,37.7925009429455,0,0.844171047210693,0,12.4876464307308,0,0,0,0,0,0,0,1.18797993659973,0,0,0,0,0,0,0,0,0,0,0,0,0,0,0,4.22810474038124,0,0,0,3.03843760490417,0,1.91751825809479,0,0,0,0,0,0,0,3.07197472453117,0,0,0,9.64193308353424,0,1.35569608211517,0,138.205150172114,0,1.60189291834831,0,32.7731107473373,0,0,0,0,0,0,0,0,0,0,0.426197737455368,0,0,0,0,0,0.664913713932037,0,0,0,172.599050328135,2.26999616622925,29.6661984473467,1.06117606163025,0
0,0,0,0,0,0,26.6470077037811,0,0,0,0,0,0,0,0,0,0,0,0,0,0,0,0,0,0,0,0,0,0,0,0,0,0,0,0,0,0,0,0,0,0,0,0,0,0,0,0,0,0,0,0,0,0,0,0,0,1,0,0,0,0,0,0,0,0,0,0,0,0,0,0,0,0,0,0,0,0,0,0,0,0,0,0,5,0,0,0
0,0,0,0,0,19.1996896266937,0,356.563307613134,0,0,0,50.0350026190281,0,1,0,0,0,0,0,0,0,0,0,0,0,0,0,0,0,0,0,0,0,0,0,0,0,0,0,0,0,0,0,0,0,0,0,0,0,0,0,9.64193308353424,0,0,0,0,0,38.272164195776,0,0,0,0,0,0,0,0,0,0,0,0,0,0,0,0,0,0,0,0,0,0,0,0,13.7485877275467,0,0,0,0
161.65630222857,0,27.0568540096283,0,0,0,0,0,922.389753997326,0,0,0,0,0,8.3437243103981,0,0,0,0,0,0,0,0,0,66.8313424289227,0,0,0,0,0,0,0,0,0,0,0,0,0,46.3345186114311,0,0,0,14.0674419850111,0,0,0,0,0.993212878704071,53.9793877601624,0,0,0,0,0,0,0,0,0,0,0,125.110461398959,0,0,0,0,0,0,197.008773952723,0,0,0,0,0,0.479482293128967,0,0,0,0,0,0,0,107.144957661629,27.0241316258907,0.461526781320572,90.209031522274,0,0
0,272.348077833652,0,217.620578616858,0,6.85067582130432,0,0,0,491.571073502302,0,0,0,0,0,8.54132151603699,0,0,0.443024009466171,0,0,0,0,77.6583781838417,0,0,0,0,0,0,0,0,0,0,0,0,0,64.6956678926945,0,0.70604145526886,0,8.3034321218729,0,1.37459027767181,0,0,0,0.936393350362778,0,26.2507934868336,0,1.35569608211517,0,0,0,0,0,0.223841577768326,0,0,0,223.855203732848,0,0,0,0,92.8013026863337,0,8.18603858351707,0,0,0,0.191477313637733,0,0,0,0,0,0,0,66.0352441370487,0,33.4827475100756,0,101.54302084446,0,0
27.8678456246853,0,15.9206720590591,0,9.20830319821835,0,0,0,0,0,1929.72940658033,0,4.51602351665497,0,0,0,0.382751509547234,0,6.17890474200249,0,228.765081375837,0,0,0,0,0,0,0,0,0,101.149725139141,0,0,0,0,0,279.780866771936,0,293.409456044436,7.34083776175976,0.997171118855476,0,770.494656786323,0,0,0,23.6773348748684,1.38918316364288,34.5410012900829,0,203.531253561378,0,1,0,0,0,0,0,405.731555342674,0,1.37436673045158,0,0,604.98847245425,0,0,0,0,0,0,0,66.3884937167168,0.170631259679794,765.51507806778,0,0,0,0,0.200614243745804,15.503935277462,0,0,112.403708830476,1.99238696694374,1427.1155866161,0,15.6468380242586
0,0.552524209022522,0,42.9748288989067,0,0.889270961284637,0,189.071132451296,0,0.228667989373207,0,2207.19856093824,0,187.157048583031,0,0,2.43996520340443,4.09181816875935,148.760950736701,27.3925107270479,0,0,0,0,0,0,0,0,0,56.312582090497,0,0,0,0,0,3.8482528924942,0,47.4681562483311,0,22.3761581405997,0,392.659800231457,1.10389053821564,0,0,166.53339381516,1.71894550323486,0.922965884208679,0.282105281949043,188.60509455204,0,138.205150172114,0,38.272164195776,0,0.223841577768326,0,0,0,384.695408523083,0,43.9486464858055,442.654772244394,3.43193134665489,0,0,0,0,0,0,168.884529292583,0,412.716798841953,0,0,0,0,0,29.5314881801605,3.9939352273941,8.26433771848679,0,429.926594801247,0,740.657377324998,36.119102627039,0
8.70190244913101,0,9.09220054745674,0,4.98443621397018,0,0,0,0,0,160.796203196049,0,174.150980949402,0,0,0,0,0,0,0,0.619799435138702,0,0,0,0,0,0,0,0,0,0,0,0,0,0,0,1.59846585988998,0,0,0,0,0,22.4438921511173,0,0,0,0,0,1.16670203208923,0,25.5744546949863,0,0,0,0,0,405.731555342674,0,0,0,7.0742219388485,0,0,9.25719267129898,0,0,0,0,0,0,0,34.8872385025024,0,0.330126315355301,0,0,0,0,0,0,0,0,2.31681136786938,0,88.3572335094213,0,0
0,0,0,105.217293977737,0,0,0,0,0,0,0,97.7154815196991,0,396.569917082787,0,9.05820047855377,0,0,0,0,0,0,0,0,0,0,0,5,0,0,0,0,0,0,0,0,0,0,0,0.189629450440407,0,0.616190433502197,0,0,0,0,0,0.468098163604736,0,15.7350813150406,0,1.60189291834831,0,0,0,0,0,384.695408523083,0,0,0,135.334051132202,0.937945902347565,0,0,0,0,0,0,0,18.2715759277344,0,0,0,0,0,0,0,0,0,0,0,74.101423740387,0,41.0347462147474,0,0
24.6970753073692,0,3.25871813297272,0,0,0,0,0,99.5360686630011,0,0,0,0,0,131.974916413426,0,0,0,0,0,0,0,0,0,1.01044094562531,0,0,0,0,0,0,0,0,0,0,0,0,0,0,0,0,0,39.7808236628771,0,0,0,0,0,59.3442762494087,0,0,0,0,0,125.110461398959,0,1.37436673045158,0,7.0742219388485,0,0,0,0,0.265652924776077,0,0,0,1.85382670164108,0,0,0,0,0,0,0,0,0,0,0,0,0,0,0.866422861814499,0,41.5278868153691,0,0
0,27.3464713394642,0,0,0,1.42867732048035,0,0,0,5.3857274055481,0,0,0,0,0,12.3296182155609,0,0,0,0,0,0,0,0.307506054639816,0,0,0,0,0,0,0,0,0,0,0,0,0,0,0,0,0,0,0,0,0,0,0,0,0,5.16795608401299,0,32.7731107473373,0,0,0,223.855203732848,0,43.9486464858055,0,135.334051132202,0,0,0,0,0,0,30.4998144209385,0,94.3584302067757,0,0,0,0,0,0,0,0,0,0,0,0,0,0,0,7.71007013320923,0,0
0,0,0,0,0,2.89491385221481,0,0,0,0,0,228.076340436935,0,0,0,0,0,0,0.201006263494492,1986.59940208495,0,0,0,0,0,0,0,0,0,0,0,0,0,0,0,1757.38222081214,0,127.908317625523,0,128.60373223573,0,17.9179270714521,0,0,0,1219.15941237658,0,2.70048308372498,2.93121913075447,25.5897975862026,0,0,0,0,0,0,0,442.654772244394,0,0.937945902347565,0,0,0,0,0,0,0,0,0,0,0.840076714754105,0,105.487364538014,0,0,0,0,0,1983.76558700204,0,99.6688193678856,0,176.357871979475,0.395487099885941,1067.89095408469,0.639327943325043,0
17.2598713189363,0,2.75137479603291,0.183116316795349,4.55447900295258,0,0,0,0.234992027282715,0,16.4811015427113,0,0,0,0,0,39.5716305226088,11.6922709792852,578.626181580126,0,1841.45971280336,0,0,0,0,0,0,0,0,0,0.484472990036011,0,0,0,0,0.898412078619003,706.51823978126,0,251.617095142603,21.0390217453241,16.0748763009906,3.16950176656246,552.114567629993,2.00886464118958,0.273625552654266,0,721.439844295382,1.87945501506329,27.7064924389124,2.77477431297302,11.4640748798847,0,0,0,0,0,604.98847245425,3.43193134665489,9.25719267129898,0,0.265652924776077,0,0,0,0,0,0,0,0,0,0,0,0.144555851817131,846.549557060003,0,0,0,0,8.34100034832954,1967.90638462454,0,586.813523590565,243.440898284316,0.433820158243179,1023.85780212283,0.351819604635239,38.7296461164951
0,0,0,0,0,0,0,0,0,0,0,0,0,0,0,0,0,31.217485666275,0,0,0,3674.84491439164,0,49.7494278252125,0,62.4549478292465,0,0,0,0,0,0,0,0,0,0,0,113.620741203427,0,0,0,0,0,0,0,0,0,0,0,179.098370239139,0,0,0,0,0,0,0,0,0,0,0,0,0,0,0,0,531.55474562943,0,137.642642229795,0,56.1395059227943,0,0,0,0,0,0,0,0,0,360.143257334828,0,167.203191831708,0,0,0,0
0,0,0,0,0,0,0,0,0,0,0,0,0,0,0,0,0,0,0,0,0,0,3063.44416581094,0,52.2402251362801,0,0,0,38.4456425905228,0,0,0,0,0,0,0,0,0,313.955587401986,0,0,0,0,0,0,0,0,0,163.542443215847,0,0,0,0,0,0,0,0,0,0,0,0,0,0,0,0,0,0,393.484650582075,0,0,0,148.661947190762,0,1.02405294775963,0,0,0,0,0,0,0,324.399959027767,40.6598942577839,0,0,0,0
0,3.33968302607536,0,0,0,0,0,0,0,8.1946849822998,0,0,0,0,0,0,0,0,0,0,0,109.105055227876,0,610.515419393778,0,356.731492385268,0,0,0,0,0,0,0,0,0,0,0,292.801889747381,0,0,0,0,0,0,0,0,0,7.42298036813736,0,68.9452622532845,0,0,0,0,0,92.8013026863337,0,0,0,0,0,30.4998144209385,0,0,531.55474562943,0,0,0,342.069683715701,0,1.72921538352966,0,0,0,0,0,0,0,0,0,153.833655998111,0,33.9285454601049,0,241.417198747396,0,0
0,0,0,0,0,0,0,0,14.8679086565971,0,0,0,0,0,0,0,0,0,0,0,0,0,6.48505668342113,0,106.843678534031,0,0,0,0,0,0,0,0,0,0,0,0,0,136.067836880684,0,0,0,2.82922653853893,0,0,0,0,0,12.5523256957531,0,0,0,0,0,197.008773952723,0,0,0,0,0,1.85382670164108,0,0,0,0,393.484650582075,0,0,0,68.4861310720444,0,0,0,0,0,0,0,0,0,0,0,677.265534594655,16.4100757092237,0,184.540950596333,0,0
0,3.0539576113224,0,0,0,0,0,0,0,0,0,0,0,0,0,0,0,0,0,0,0,267.178513556719,0,31.6541130542755,0,36.6346912384033,0,0,0,0,0,0,0,0,0,0,0,0,0,0,0,0,0,0,0,0,0,0,0,108.676071420312,0,0,0,0,0,8.18603858351707,0,0,0,0,0,94.3584302067757,0,0,137.642642229795,0,342.069683715701,0,0,0,163.866853415966,0,0,0,0,0,0,0,0,0,0,0,11.832189232111,0,62.3903269916773,0,0
0,0,0,0,0,0,0,0,0,0,0,0,0,0,0,0,0,0,0,0,0,0,64.8336419463158,0,48.9804105162621,0,5.64459818601608,0,0,0,0,0,0,0,0,0,0,0,0,0,0,0,0,0,0,0,0,0,0,0,0,0,0,0,0,0,0,0,0,0,0,0,0,0,0,0,0,68.4861310720444,0,0,0,23.2388400137424,0,0,0,0,0,0,0,0,0,0,1.03213381767273,0,0,0,0
0,0,0,0.24862103164196,0,0,0,0,0,0,0,0,0,0,0,0,0,0,3.6483469158411,0,0,74.2282741069794,0,0,0,9.56176662445068,0,222.656866550446,0,1.64660923182964,0,0,0,0,0,0,0,158.882964849472,0,0,0,7.56731063127518,0,0,0,0,0,0,0,140.295053452253,0,0,0,0,0,0,0,168.884529292583,0,18.2715759277344,0,0,0.840076714754105,0,56.1395059227943,0,1.72921538352966,0,163.866853415966,0,0,0,39.1151124835014,0,0,0,0,0,0,0,293.792875826359,0,0.657131612300873,0,80.1444738805294,0.780088305473328,0
0.155082419514656,0,0.535957559943199,0,0,0,0,0,0.163014307618141,0,4.86794391274452,0,32.291757941246,0,0,0,0,0,0,0,0,0,94.3037622570992,0,0,0,0,0,469.505962491035,0,31.0040309429169,0,0,0,0,0,0,0,279.916512697935,0,0,0,76.1722726225853,0,0,0,0,0,54.5525009334087,0,0,0,0,0,0,0,66.3884937167168,0,34.8872385025024,0,0,0,0,0,0,148.661947190762,0,0,0,23.2388400137424,0,0,0,102.007255405188,0,0,0,0,0,1.21599048376083,0,584.874931335449,13.5892892181873,0,46.7919587045908,0,2.36842694878578
0,0.324922725558281,0,2.69243468344212,0,0,0,0,0,0,0,25.4187249094248,0,0,0,0,1.6252548545599,2.89123292267323,201.729932233691,8.81147235631943,0,0,0,0,0,0,0,1,0,442.857522159815,0,0,0,0,0,1.44393417239189,0,1.86071106791496,0,20.4796914607286,0,465.953158125281,0.953946948051453,0,0,168.274651393294,0.69796484708786,0.174720257520676,0.39566145837307,28.6832209229469,0,0.426197737455368,0,0,0,0.191477313637733,0.170631259679794,412.716798841953,0,0,0,0,105.487364538014,0.144555851817131,0,0,0,0,0,0,39.1151124835014,0,0,0,0,0,0,0,32.7743321806192,0,23.1052961349487,0,80.220057271421,0,543.278435364366,56.248081356287,0
10.3497614711523,0,12.7984513342381,0,0.566972345113754,0,0,0,0.95765121281147,0,11.7820457220078,0,0,0,0,0,6.09632296860218,0.47665835916996,107.015475183725,0,2.01101468503475,0,0,0,0,0,0,0,7.64713096618652,0,166.606749221683,0,0,0,0,0,1.74525287747383,0,83.7135590612888,0.137491106987,2.57991245388985,0,803.532719552517,0,0,0,36.8168736547232,0.898328542709351,13.1601190194488,0,0,0,0,0,0.479482293128967,0,765.51507806778,0,0.330126315355301,0,0,0,0,846.549557060003,0,1.02405294775963,0,0,0,0,0,102.007255405188,0,0,0,0,0,0,0,62.3981711268425,0,343.075510397553,478.486259944737,0,639.314947262406,0,230.54237703979
0,0,0,0,0,0,0,0,0,0,0,0,0,0,0,0,0,0,0,0,0,0,0,0,0,0,0,0,0,0,0,473.086468160152,22.0396451354027,1.98251751065254,0,434.673536032438,0,0,0,0,0,0,0,0,0,0,0,1017.90721340477,0.769530832767487,0.339615136384964,0,0,0,0,0,0,0,0,0,0,0,0,0,0,0,0,0,0,0,0,0,0,0,0,0,0,153.880696773529,0,713.887681588531,0,0,0,323.914078503847,0,0,0,0
0,0,0,0,0,0,0,0,0,0,0,0,0,0,0,0,0,0,0,0,0,0,0,0,0,0,0,0,0,0,0,71.2388401031494,1077.22088453174,0,0.547445237636566,0,332.595575928688,0,0,0,0,0,0,0,0,0,0,204.503616780043,1.79275912046432,0,0,0,0,0,0,0,0,0,0,0,0,0,0,0,0,0,0,0,0,0,0,0,0,0,0,0,0,2.3879517018795,0,584.45055821538,0,0,77.9755968153477,0,0,0,0
0,0,0,0,0,0,0,0,0,0,0,0,0,0,0,0,0,0,2.0667896270752,0,0,0,0,0,0,0,0,0,0,0,0,3.72622483968735,0,2096.84693264961,10.9572724103928,2487.70391875505,0,269.584279641509,0,0,0,0,0,0,0,0,0,85.1465023458004,0,98.5602360963821,0,0,0,0,0,0,0,0,0,0,0,0,0,0,0,0,0,0,0,0,0,0,0,0,153.880696773529,0,0,84.0250100493431,1524.62279474735,0,901.691314280033,0,226.44575932622,0,0,0,0
0,0,0,0,0,0,0,0,0,0,0,0,0,0,0,0,0,0,0,0,0,0,0,0,0,0,0,0,0,0,0,0,5.02762317657471,441.934933274984,1607.44287443161,0,777.594572991133,0,316.821030572057,0,0,0,0,0,0,0,0,143.392457842827,6.46936848759651,0,0,0,0,0,0,0,0,0,0,0,0,0,0,0,0,0,0,0,0,0,0,0,0,0,0,2.3879517018795,84.0250100493431,0,0,480.754002586007,0,777.476304680109,201.583167910576,0,0,0,0
0.609831690788269,2.26278859376907,0,5.68197084963322,0.137191995978355,10.6777090877295,0,0,0,0,0,0,0,0,0,0,100.014449268579,50.4961537197232,2067.29285204411,164.678710401058,0,0,0,0,0,0,0,0,0,0,0,159.94236586988,0,176.081446245313,0,21662.3412384316,0.716040432453156,1046.98091889918,0,690.649905234575,0.139974445104599,1264.07806028426,4.12100917100906,13.0856878757477,1.39806723594666,932.04510474205,24.3549217730761,637.170592673123,2.34421864151955,427.565735913813,0,0.664913713932037,0,0,0,0,0.200614243745804,29.5314881801605,0,0,0,0,1983.76558700204,8.34100034832954,0,0,0,0,0,0,0,0,32.7743321806192,0,713.887681588531,0,1524.62279474735,0,0,44.3612785935402,1407.10282290727,2.19998973608017,1605.75653499365,0,1136.14385199547,177.584780856967,0.740591943264008
70.1846863776445,0,1.66275832056999,2.63381054997444,0.844045341014862,0,0,0,3.86381751298904,0,40.1074047237635,0,0,0,0,0,156.174024499953,41.3332586139441,2298.83189826459,0,651.948562502861,0,0,0,0,0,1.19636142253876,0,0,0,0,0,203.955795049667,0,313.783704727888,3.06898464262486,12482.4820105657,0,996.556788772345,42.7184395641088,809.840099737048,11.6686803996563,1606.85327059776,1.20622666180134,10.0502725988626,0,855.659373410046,1147.93430946022,1156.55884989351,0,2.49713039398193,0,0,0,0,0,15.503935277462,3.9939352273941,0,0,0,0,0,1967.90638462454,0,0,0,0,0,0,0,1.21599048376083,0,62.3981711268425,0,584.45055821538,0,480.754002586007,44.3612785935402,0,4.31764757633209,2482.78799326718,910.066447734833,2.90305522084236,840.964154869318,3.57475608587265,302.948809571564
0,1.57140809297562,0,0,0,0,0,0,0,33.5582403540611,0,30.0759402215481,0,0,0,0,1.11823973059654,2.85382872819901,108.784705266356,7.37120854854584,0,863.068372905254,0,207.484457522631,0,0,0,25.0687656402588,0,0.724359929561615,0,0,0,423.725592851639,0,188.354501605034,0.201497793197632,10799.2263076305,128.404674172401,21.0914928913116,0,17.3599943369627,1.4469211101532,0,0,419.08784095943,2.10264325141907,295.717465236783,0,669.885988742113,0,0,0,0,0,66.0352441370487,0,8.26433771848679,0,0,0,0,99.6688193678856,0,360.143257334828,0,153.833655998111,0,0,0,293.792875826359,0,23.1052961349487,0,0,0,901.691314280033,0,1407.10282290727,4.31764757633209,0,2.10116505622864,331.769306793809,0,221.663830906153,3.35671174526215,0.601110816001892
23.053049236536,0,0,1.58593714237213,0,0,0,0,5.85495585203171,0,0,0,0,0,0,0,24.0742637515068,5.37921892106533,276.240135744214,0,9.20159754157066,0,324.874473243952,0,105.387083619833,0,0,0,5.21553117036819,0,0,0,0,0,217.979609668255,1.28510785102844,851.327593132854,71.000809431076,9056.15472886711,2.78818142414093,5.23459480702877,1.4997732937336,217.969066083431,0,0,0,101.532157361507,4.01971662044525,506.192059397697,0,0,0,0,0,107.144957661629,0,0,0,0,0,0,0,0,586.813523590565,0,324.399959027767,0,677.265534594655,0,0,0,584.874931335449,0,343.075510397553,0,0,0,777.476304680109,2.19998973608017,2482.78799326718,2.10116505622864,0,568.659030511975,33.6620812416077,270.66729965806,0.422249257564545,190.390620946884
