0,9.15178115354473e-05,0.0119523596470665,0,0.00117466530686966,0,0,0,0.0240190768120966,0,0,0,0,0,0,0,0,0,0.00360917401847023,0,0,0,0,0.000110726502851029,0.00969911517667117,0,0,0,0,0,0,0,0,0,0,0,0,0.000119381210323962,0.00346811279774923,0,0.000188611053076683,0.000156094628002878,0.00151154200547439,0,0,4.92334514498997e-05,0.000100742236609104,0.00356529787786138,0.0116720835990363,0.000101503397026633,0.000201405077185881,0,0,0,0.0208981150682595,0,0.000984814535601637,0,0.00105603915624694,0,0.0169907240771493,0,0,0,0,0,0,0.018770033525708,0,0.00021066885551944,0,0.00103786234612964,0,0,0,0,2.93918564331988e-05,0,0,1.08221879912751e-06,7.34625165486049e-05,0.00106247267391663,0.00136862131925822,1.62849156024525e-05,0.0187140940564131,0,0
9.15178115354473e-05,0,0,0.0348104740577584,0,0.00240283471109281,0,0,0,0.0165471188327114,0,0,0,0,0,0,0,1.99833772445337e-06,0.00193832684528223,0,0,0,0,0.0457405566962973,0.000232824217296951,0,0,0,0,0,0,0,0,0,0,2.5291603384258e-06,0,0.0031946249232042,4.29469026588155e-05,1.24582223207636e-05,7.49172143360265e-05,0.00166213911727968,7.33178518908532e-06,0,0,0.000540569238951114,0,0.00122805630724528,1.22549731959452e-05,0.0471502484016563,0,0,0,0,0.000111162525552289,0.0174693993180921,0,0.00324436491447105,0,0.00140047182417114,0,0.0155245532037065,0.000284960823583252,0,0,0,0.0397852557125048,3.88463063147812e-05,0.0117056534754849,0.00012239238426,0.00401316986610848,0,0.000169130757747449,0,0,0,0,0,2.9916173511076e-05,0,0.000494922497345096,1.52748389329696e-05,0.000670661618888974,3.54322004257378e-05,0.00583300954150517,0,7.49439456620223e-05
0.0119523596470665,0,0,0,0.00198869396499303,0,0,0,0.00769444999350851,0,0,0,0,0,0,0,0,0,0,0,0,0,0,0,8.66810322888503e-05,0,0,0,0,0,0,0,0,0,0,0,2.37713247111082e-06,0,1.75690676034081e-05,0,0.0008087909610563,0.000396229343235871,0.00273743283127106,0,0,0,0.0010561030451105,0.000143660289834002,0.00354817722944616,0,0.000652251140006923,0,0,0,0.0246606438821227,0,0.0014802308442549,0,0.000467995280369691,0,0.00116729996088442,0,0,6.29763371561703e-05,0,0,0,0.000142327069867091,0,0,0,0.000707095292868559,0,0.000795746479083396,0,0,0,0,0,6.3924456152078e-05,0,2.41938841838386e-05,0.000241083420015626,6.01421879800721e-06,0.00443542082836745,0,0
0,0.0348104740577584,0,0,0,0.0199844978090197,0,0,0,0.00118328852786833,0,0,0,0,0,0,0,0,0,0,0,0,0,0.00038024058667893,0,0,0,0,0,0,0,0,0,0,0,0,0,1.07687816551173e-05,0,0,0,0.000799978014660245,0,0,0,0.000354209198820987,0,0,0,0.0102628865109928,0,0,0,0,0,0.000710010020810128,0,0.00153772959221012,0,0.00381499224693171,0,0.0113275865311413,0,0,0,0,0,0,0,0,0.000376385949487117,0,0.000138314877248084,0,0,0,0,0,0,0,0,0,0.000132336948430628,0,0.00131076878538232,0,0
0.00117466530686966,0,0.00198869396499303,0,0,0,0.00918919968988235,0,0.010983138497677,0,0,0,0.000559196072117307,0,0.00102755500705022,0,0,0,3.18580723301454e-05,0,0,0,0,0,0,0,0,0,0,0,0,0,0,0,0,0,0.000542311258323182,0,0,0,0.000168211585997634,0.000229971003442931,0.00158196064858217,0,0,0,0.00672384774242922,0.000115487974717372,0.000911288120288766,0,0.111675094188791,0,0.0134220995957188,0,0.0127457117822959,0,3.70448964573424e-05,0,0.00401780159609257,0,0.00188787829721031,0,0,0.0171081835801223,0,0,0,0,0,0,0,9.34187329965053e-05,0,0,0,0,0,0,0,0.000440845580238509,0,2.09119579549529e-05,0.00442631945914103,0,0.012282323870318,0,0
0,0.00240283471109281,0,0.0199844978090197,0,0,0,0,0,0.0212369928377458,0,0,0,0,0,0,0,0,0,0,0,0,0,0,0,0,0,0,0,0,0,0,0,0,0,0,0,0,0,0,0,0.000152623779036905,0,0,0,0,0,0,0,0.00317315284267487,0,0.0252424136006901,0,0,0,0.0499696833526929,0,0.00225039175065931,0,0,0,0.00304827813954807,0,0,0,0,0,0,0,0,0.000292129922674584,0,0.000197553426754643,0,0,0,0,0,0,0,3.30855134838538e-05,0,0.00013848169878373,0.000273732880640884,0.000925259633236964,0,0
0,0,0,0,0.00918919968988235,0,0,0,0,0,0.00237087581000871,0,0.00183021317155216,0,0.00108412351082657,0,0,0,0,0,0,0,0,0,0,0,0,0,0,0,0,0,0,0,0,0,0,0,0,0,0,0,0,0,0,0,0,0,0,0,0.00380193009604075,0,0.0381019658140862,0,0,0,0.010317227854416,0,0.00406647078705574,0,0.00139986980618758,0,0,0,0,0,0,0,0,0,0,0,0,0,0,0,0,0,0,0,0,0,0.00044944988929244,0,0,0,0
0,0,0,0,0,0,0,0,0,0,0,0.00133077655691385,0,0,0,0,0,0,0,7.13040015018268e-05,0,0,0,0,0,0,0,0,0,0,0,0,0,0,0,0,0,0,0,0,0,0,0,0,0,0,0,0,0,0,0,0.000159987204824574,0,0.0261201429437523,0,0,0,0,0,7.15205242158845e-05,0,0,0,0,0,0,0,0,0,0,0,0,0,0,0,0,0,0,0,0,0,0,0.000104437549895381,0,0,0,0
0.0240190768120966,0,0.00769444999350851,0,0.010983138497677,0,0,0,0,0,0,0,0,0,0.0116152467297657,0,6.5578151655107e-05,0,0.000708347744702446,0,0,0,0,0,0.026038843244934,0,0.00782198384364953,0,0,0,0,0,0,0,0,0,3.30306865431777e-05,0,0.000158264692833772,0,0.00204351384402483,0.000138730221001676,0.00809169314301296,0,0,0,0.000368111413493562,0.000110459353606087,0.0203825320798839,0.000134774960656484,0.000570941132707961,0,0,0,0.098867784344989,0,0.00222234236555879,0,0.0014190610208732,0,0.0232545483060827,0,0,0.000114517663993455,0,0,0,0.0110326478719988,0,0.000477772241912477,0,0.00789490411184346,0,0.00222180787760778,0,0,0,0,0,0.000104674120750245,0,0.00033903071216914,0.00554752275773932,8.15070667888797e-05,0.0101355714406836,0,0.000380698960849093
0,0.0165471188327114,0,0.00118328852786833,0,0.0212369928377458,0,0,0,0,0,0,0,0,0,0.000236177921420652,0.000147985163547105,0.00201636253484071,0.00483075338009648,0,0,9.24885522476417e-06,0,0.0230851252170562,0,0,0,0,0,0,0,0,0,0,0,1.6839082270488e-05,0,0.000186034675719423,0,0.00344269984519301,0.000223375826446498,0.0304478266297079,0.000209300502400085,0,0,0.00129849606723563,6.82561279405456e-05,0,0.000490512068279155,0.0601972145898907,0,0,0,0,0,0.122113030437339,0,0.000788649103450167,0,3.29399892816939e-05,0,0.00144895745477345,0.000371114982390576,0,5.10353510646735e-05,0,0.0105679226051927,0,0.000347370676532934,0,0.0192334343557789,0,0.00871033518998037,0.000159774408192859,0,0,0,0,0.000358577120056087,4.01597026345295e-05,0.00264424280715325,3.44967737567942e-05,0.0025159229989042,0.000632289566592724,0.00944799693392972,0.000506136160336389,0
0,0,0,0,0,0,0.00237087581000871,0,0,0,0,0,0.00932527701408722,0,0,0,0,0,1.17522341106899e-05,0,0.0146230127015423,0,0,0,0,0,0,0,0.000256472192969831,0,0.0106910275065695,0,0,0,0,0,0.00183264546538982,0,0.00408475119979145,0,7.11588365533708e-05,0,0.000389272115271235,0,0,0,0.000109078610326217,0,0,0,0,0,0.000686789452414237,0,0,0,0.129966666796346,0,0.0118160407049316,0,0,0,0,0.00057465670436574,0,0,0,0,0,0,0,0.00156533742570884,0,0.00991706008571551,0,0,0,0,7.78215461336477e-06,3.82606910814536e-06,0,0.000535916057873877,0.0013719245024349,0,0.000823004764493118,0,0
0,0,0,0,0,0,0,0.00133077655691385,0,0,0,0,0,0.0105125515958848,0,0,0,0,0,0.0154773705795925,0,0,0,0,0,0,0,0,0,0.00303787453900521,0,0,0,0,0,0.00344082254573974,0,0.0106037111905228,0,0,0,0,0,0,0,0,0,0,0,0,0,0,0,0,0,0,0,0.101736892385098,0,0.00668852635426689,0,0,0.000476661732049753,0,0,0,0,0,0,0,7.71675614995807e-05,0,0.00791492980110184,0,0,0,0,0,0.000390466154272134,0,0.000490423747798895,0,0.00152206444240118,3.18115205922832e-05,0.000223235337671564,0,0
0,0,0,0,0.000559196072117307,0,0.00183021317155216,0,0,0,0.00932527701408722,0,0,0,0.00282659014559121,0,0,0,0,0,0,0,0,0,0,0,0,0,4.530729711405e-05,0,0,0,0,0,0,0,0,0,0,0,0,0,0,0,0,0,0,0,0,0,0,0,0.00230035341368518,0,0,0,0.00342004868043308,0,0.011880377097416,0,0.0161433807622502,0,0,0,0,0,0,0,0,0,0,0.00293018944010336,0,0,0,0,0,0,0,0,0,0,0.000331451970422995,0,0,0,0
0,0,0,0,0,0,0,0,0,0,0,0.0105125515958848,0,0,0,0.00640073460999628,0,0,0,0,0,0,0,0,0,0,0,0.00717147388462625,0,0,0,0,0,0,0,0,0,0,0,0,0,0,0,0,0,0,0,0,0,0,0,0,0,0,0,0,0,0.00321409012420028,0,0.015823135406936,0,0,0,0,0,0,0,0,0,0,0.000965656159075964,0,0,0,0,0,0,0,0,0,0,0,0.00104643692871686,0.000184115589703497,0,0,0
0,0,0,0,0.00102755500705022,0,0.00108412351082657,0,0.0116152467297657,0,0,0,0.00282659014559121,0,0,0,1.83607517101336e-05,0,0,0,0,0,0,0,0,0,0.00204185944766382,0,0.000270809160344698,0,0,0,0,0,0,0,0,0,0,0,0,0,0,0,0,0,0,0,0,0,0,0,0.00489610856311448,0,0.0186837359773223,0,0,0,0.00248618153540135,0,0.0178330077888688,0,0,0,0,0,0,0,0,0,0,0,0,0,0,0,0,0,0,0,0,0,4.70374149298554e-05,0,0,0,0
0,0,0,0,0,0,0,0,0,0.000236177921420652,0,0,0,0.00640073460999628,0,0,0.000151188185077759,0.00273657861830166,0,0,0,0,0,0,0,0.00290383663488152,0,0,0,0,0,0,0,0,0,0,0,0,0,0,0,9.26271562436305e-06,0,0,0,0,0,0,0,0,0,0,0,0,0,0.0144849026988144,0,0,0,0,0,0.0319120038797469,0,0,0,0,0,0,0.0155356720611119,0,0,0,0,0,0,0,0,0,0,0,0,0,0.000622161810700746,1.56874362697908e-06,0,0,0
0,0,0,0,0,0,0,0,6.5578151655107e-05,0.000147985163547105,0,0,0,0,1.83607517101336e-05,0.000151188185077759,0,0.103346897176187,0.0758181897173223,2.52428028748837e-06,0,0,0.00142909923181347,0,0,0,0.00343121786968908,0,2.06135276186415e-05,0,0,0,0,0,0,0,4.99313741137867e-06,2.83343378377731e-05,1.45438793648643e-05,2.87323771974931e-05,0.00016315080474202,0.00029523509927134,0.00053136002659955,0,0,0.000159876417525687,0.000103680007669072,0,0.000148272996315427,0.000141120683545436,0,0,0,0,0,0,0,0,0,0,0.000134869803984301,0,4.59867093404931e-05,0,0,0,0,0,0,0.00169570907321365,0,2.41443662366626e-05,4.3144438941538e-06,0.000111815056541549,0,0,0,0,6.26784102296113e-05,5.97748005763091e-05,6.2101988121375e-05,0.0001173086274523,0.0471637019945496,0.0268583398223337,0.000414420035695312,0,0
0,1.99833772445337e-06,0,0,0,0,0,0,0,0.00201636253484071,0,0,0,0,0,0.00273657861830166,0.103346897176187,0,0.0475166082562849,0,0,0.00163389764096864,0,7.72791316241426e-05,0,0.00152958098703583,0,4.13218264494824e-05,0,0,0,0,0,0,0,2.95331894643032e-05,1.64945143717696e-05,7.3278664617637e-05,2.84274091384563e-06,0.000753047952498447,0.000746851488838146,0.0018876682369555,0.000557610207708154,0,3.4394817257798e-05,0.00112068942682925,0.000416333213425907,0,0.000268723273045246,0.000712392030041121,0,0,0,0,0,0.000419868777248021,0,0,0,0,0,0.0031688434133774,0.000228010653306295,0,0.000108210212986801,0,0,0,0.00114112907330037,0,4.71166902663378e-05,1.59241915574301e-05,1.31846085269798e-05,0.000117190342269272,0,0,0,0,0.000590830597633635,9.77960290271179e-05,0.000421493817769266,0.000316669299341009,0.0476353556614634,0.0805805057116829,0.00109411378915883,3.41921278739809e-05,0
0.00360917401847023,0.00193832684528223,0,0,3.18580723301454e-05,0,0,0,0.000708347744702446,0.00483075338009648,1.17522341106899e-05,0,0,0,0,0,0.0758181897173223,0.0475166082562849,0,3.05797082980684e-05,0.000284250761248727,0,0,0.000114055098337981,3.68367386058277e-05,0,0,0,0,0,0,0,0,0,0,0.000210927982581806,0.000431116685596144,0.000827630745448054,0.00066176785962109,0.00868057409701207,0.0260399286858901,0.0217358950460656,0.0290040044606075,0.000276915174967163,0.00018529261796759,0.0149679315334821,0.0107542768578126,1.29857650624566e-05,0.00896295292473443,0.00683484385017309,1.91398602843954e-05,0,0,0,0.000258935258141411,5.78762246688562e-05,4.58812080613189e-05,8.32550808498869e-06,1.0656978954093e-05,6.47818705957128e-06,4.14416704286086e-06,0,0.00475543904559292,9.71638552143086e-06,0,0,1.43998177155625e-05,6.11631184051888e-05,0,0,0.000722169763508262,0.000694266175455747,0.000457788282624459,0.00271915822055868,0,0,0,0,0.00607088499641747,0.0029875056287335,0.00379217716549496,0.0090879387488687,0.0275369386150898,0.00405154756797718,0.0297414134008632,0.000516906563485587,0.000799572820389402
0,0,0,0,0,0,0,7.13040015018268e-05,0,0,0,0.0154773705795925,0,0,0,0,2.52428028748837e-06,0,3.05797082980684e-05,0,0,0,0,0,0,0,0,0,0,0,0,0,0,0,0,0.0129820376973493,0,0.0119095632825363,0,0.000105120823022199,0,6.92487058337976e-05,0,0,0,0.000736337842385241,0,0,0,0.00126071460555871,0,0,0,0,0,0,0,0.0116905778262792,0,0,0,0,0.0818032292922571,0,0,0,0,0,0,0,1.08395103711913e-05,0,0.00270641161072501,0,0,0,0,0,0.00235778241885956,0,0.00491605440720623,0,0.000865330806120997,0,0.00597779909246798,0.000163825652351046,0
0,0,0,0,0,0,0,0,0,0,0.0146230127015423,0,0,0,0,0,0,0,0.000284250761248727,0,0,0,0,0,0,0,0,0,0,0,2.85814084685625e-05,0,0,0,0,0,0.0175637250077784,0,0.00838222843078099,0,0.000148867633796748,9.44520927271099e-06,0.000322272929818955,0,0,0,0.000928364884778642,0,7.90709149530548e-05,0,0,0,0,0,3.03816316102063e-05,0,0.0276488711746965,0,0,0,0,0,0,0.125753885222837,0,0,0,0,0,0,0,0,0,0.00285591517068804,0,0,0,0,0,0.000473145066673097,0,0.00340083488336364,0.000989783241634422,0,0.00114819126845425,0,0
0,0,0,0,0,0,0,0,0,9.24885522476417e-06,0,0,0,0,0,0,0,0.00163389764096864,0,0,0,0,0.00484429037616481,0.00862416793917128,0,0.00817596661403969,0,0.00133628189816065,0,0,0,0,0,4.88437231432508e-05,0,0,0,0.0125943966173386,0,0,0,0,0,0,0,4.95398465387735e-06,0,0,0,0.000146045629915462,0,0,0,0,0,0,0,1.87094375091092e-05,0,0,0,0,0,0,0.100284633086857,0.000174443417433588,0.00457063418596836,0,0.008510004713158,0,0.00599047051415131,0,0,0,0,0,0,0,0,0,0.00176865664113007,0,0.00292631145142848,0.00228255954290198,3.01124454537289e-05,0,0
0,0,0,0,0,0,0,0,0,0,0,0,0,0,0,0,0.00142909923181347,0,0,0,0,0.00484429037616481,0,0,0.00748906874051748,0,0.00272876355613544,0,0.000561011033007461,0,0,0,0,0,0,0,0,1.80733047339753e-06,0.0125504470031216,0,0,0,0,0,0,0,0,6.89844698939704e-05,0.000616730568545035,0,0,0,0,0,0,0,0,0,0,0,0,0,0,0,5.74514687407778e-05,0.0755118684725263,0,0.000642271079225834,0,0.000872838051575884,0,0.00205624977492459,0,0,0,0,0,0,0,0,4.6978363384313e-06,0.00383625374741228,0.00347334585943464,0.00321218597446468,0,0,0
0.000110726502851029,0.0457405566962973,0,0.00038024058667893,0,0,0,0,0,0.0230851252170562,0,0,0,0,0,0,0,7.72791316241426e-05,0.000114055098337981,0,0,0.00862416793917128,0,0,8.88586446549384e-05,0.098706274341919,0,0,0,0,0,0,0,0,0,0,0,0.00249081278866838,1.8236586039068e-05,0.000202423864803084,1.9692495538127e-05,0.00232721763759414,0,0,0,0.000219590005302541,0,0.00068212073589494,0,0.00831212651609399,0,0,0,0,0,0.0240479320998089,0,0.00152207128754532,0,0.000351734306756433,0,0.00062299477989565,0.00024496169359213,0,0.0111822330143105,0,0.171562373149038,4.19351724635572e-05,0.0223941085479099,0,0.00736544491678218,0,0.000241624478824266,0,0,0,0,0,3.7691757655306e-05,9.78914772163038e-07,0.00025812048764981,1.27032687108361e-05,0.000663559712949311,3.34353846106568e-05,0.00980876641150401,0,0
0.00969911517667117,0.000232824217296951,8.66810322888503e-05,0,0,0,0,0,0.026038843244934,0,0,0,0,0,0,0,0,0,3.68367386058277e-05,0,0,0,0.00748906874051748,8.88586446549384e-05,0,0,0.0830044069568592,0,0,0,0,0,0,0,0,0,0,7.71745314737191e-05,0.00591589433616407,0,4.96611467494319e-05,8.29187179843185e-06,0.00035775354873367,0,0,0,2.8649755481363e-05,0.00122170678381115,0.00380178493811549,9.00646407094995e-05,0.000108407354692749,0,0,0,0.0390761345297816,0,0.000854909556167491,0,0.000253199897530329,0,0.000268973690604996,0,0,0,0,0.00480286674321755,0,0.243957882469648,4.07394523590132e-05,0.00210806367921735,0,0.00101392744975553,0,0.00014186329789464,0,0,0,0,0,1.00375774940819e-06,5.62692748813601e-05,0.00260382248985807,0.00105682678836051,6.71027136935579e-06,0.000768407548510893,0,0
0,0,0,0,0,0,0,0,0,0,0,0,0,0,0,0.00290383663488152,0,0.00152958098703583,0,0,0,0.00817596661403969,0,0.098706274341919,0,0,0,0.00146196561163766,0,0,0,0,0,0,0,0,0,0.000159891986711565,3.36785283235135e-06,0,0,0,0,0,0,0,0,0.000168457804687121,0,0,0,0,0,0,0,0,0,0,0,0,0,0.000198638756612841,0,0,0.00388553779048622,0,0.010783213317406,0,0.13627591791719,0,0.00589841897047287,0,0,0,0,0,0,0,0,0,0,2.52518767530591e-06,6.60670879686441e-05,0,0,0,0
0,0,0,0,0,0,0,0,0.00782198384364953,0,0,0,0,0,0.00204185944766382,0,0.00343121786968908,0,0,0,0,0,0.00272876355613544,0,0.0830044069568592,0,0,0,0.00716016207545035,0,0,0,0,0,0,0,0,0,9.82610976089264e-05,0,0,0,0,0,0,0,0,0,0,0,0,0,0,0,0.0106317241159557,0,0,0,0,0,0.0246620381993971,0,0,0,0,0.00699686570386027,0,0.0713497112270509,0,0.0857978173780471,0,0.00153924687822538,0,0,0,0,0,0,0,0,3.14939351623461e-06,5.45538318751936e-06,0.000341539886072293,0,0,0,0
0,0,0,0,0,0,0,0,0,0,0,0,0,0.00717147388462625,0,0,0,4.13218264494824e-05,0,0,0,0.00133628189816065,0,0,0,0.00146196561163766,0,0,0,0.0223953555333822,0,0,0,0,0,0,0,0.000258686222796293,0,0,0,0,0,0,0,0,0,0,0,0,0,0,0,0,0,0,0,0,0,0.00141772887165717,0,0,0,0,0.00340963537179337,0,0,0,5.01152865391235e-05,0,0.0596393533431447,0,0.000738180902749578,0,0,0,0,0,0,0,0.000251582220261847,0,0.00184271367728986,0.00590290355897489,0,0,0
0,0,0,0,0,0,0,0,0,0,0.000256472192969831,0,4.530729711405e-05,0,0.000270809160344698,0,2.06135276186415e-05,0,0,0,0,0,0.000561011033007461,0,0,0,0.00716016207545035,0,0,0,0.0234623042986911,0,0,0,0,0,0,0,4.93032103537913e-05,0,0,0,0,0,0,0,0,0,0,0,0,0,0,0,0,0,0.000596137676610689,0,0,0,0.00244824968251314,0,0,0,0,0.000492855294245498,0,0,0,0.000163977059752161,0,0.0431520291956219,0,0.000356154301822916,0,0,0,0,0,0,0,0.000241796170994453,0.000537863948461523,0.000651005976391983,0,0,0
0,0,0,0,0,0,0,0,0,0,0,0.00303787453900521,0,0,0,0,0,0,0,0,0,0,0,0,0,0,0,0.0223953555333822,0,0,0,0,0,0,0,0,0,0.00331502683457798,0,0,0,0,0,0,0,0,0,0,0,0,0,0,0,0,0,0,0,0.0186544664220502,0,0,0,0,0,0,0,0,0,0,0,0,0.0074702376997211,0,0.136807279338805,0,0,0,0,0,0,0,0.00152566959773937,0,0.000902680076060162,0.00213978458718572,0,0,0
0,0,0,0,0,0,0,0,0,0,0.0106910275065695,0,0,0,0,0,0,0,0,0,2.85814084685625e-05,0,0,0,0,0,0,0,0.0234623042986911,0,0,0,0,0,0,0,0,0,0.00180616535893367,0,0,0,0,0,0,0,0,0,0,0,0,0,0,0,0,0,0.00390957452814402,0,0,0,0,0,0,0.000113238887443523,0,0,0,0,0,0,0,0.0117457739080575,0,0.0842794334922997,0,0,0,0,0,0,0,0.000235614117472889,0.000167404246615615,3.61601119056904e-05,0,0,0
0,0,0,0,0,0,0,0,0,0,0,0,0,0,0,0,0,0,0,0,0,0,0,0,0,0,0,0,0,0,0,0,0.021331515808209,9.03663108562142e-05,0,0.00132409668017377,0,0,0,0.000672598707317768,0,0,0,0,0,0,0,0.00778280113167264,0,0.000226307107115727,0,0,0,0,0,0,0,0,0,0,0,0,0,0,0,0,0,0,0,0,0,0,0,0,0.0440420819843014,0.000171988211451247,0.00180970707373747,0,0.0018510369092087,0,0,0,0.000872441366706487,0,0,0,0
0,0,0,0,0,0,0,0,0,0,0,0,0,0,0,0,0,0,0,0,0,0,0,0,0,0,0,0,0,0,0,0.021331515808209,0,0,0.0252139990100133,0.00113665447121695,0.00185573852110398,0,0,0.00256687176582578,0,0,0,0,0,0,0,0.0546085039868747,0.000949208079949648,0.00397998897142739,0,0,0,0,0,0,0,0,0,0,0,0,0,0,0,0,0,0,0,0,0,0,0,0,0.0016325214849449,0.0937698774120353,0,0.0128847689615278,1.89284820646629e-06,0.00126447677925364,0,0,0.00225093338067556,0,0.000132622221205217,0,0
0,0,0,0,0,0,0,0,0,0,0,0,0,0,0,0,0,0,0,0,0,4.88437231432508e-05,0,0,0,0,0,0,0,0,0,9.03663108562142e-05,0,0,0.0597623081469324,0.00142918468647907,0,0.00353891484668292,0,0.000347901320306244,0,0.00012387253353496,0,0,0,0,0,0.11805971723152,9.09700082722767e-05,0.00337268160010148,0,0,0,0,0,0,0,0,0,0,0,0,0,0,0,0,0,0,0,0,0,0,0,0,0,0,0.168549905992268,0.0576647906036506,0.00107840947385746,0,0.00899610019662577,7.45958755026378e-06,0.0026070665832966,0.000296977723210264,0.000127712816253292,0,0
0,0,0,0,0,0,0,0,0,0,0,0,0,0,0,0,0,0,0,0,0,0,0,0,0,0,0,0,0,0,0,0,0.0252139990100133,0.0597623081469324,0,0,0.00227006517197802,0.000920648804112404,0.00101892893707927,9.00677835473521e-05,0,0,7.02761342630693e-05,0,0,0,1.0388969466592e-05,0.177954318382672,0.00400294770804718,0.000813446776088699,0,0,0,0,0.000103920851737025,0,0,0,2.8548518470077e-05,0,0,0,0,0,0,0,0,0,0,0,0,0,0,0,0,0.00266025940702049,0.0434798112303859,0.164543600210268,0,0.00223167750139113,0.00213637145288888,0.00323816952903695,0.00347381660503312,0,4.00312440711346e-05,0,0
0,2.5291603384258e-06,0,0,0,0,0,0,0,1.6839082270488e-05,0,0.00344082254573974,0,0,0,0,0,2.95331894643032e-05,0.000210927982581806,0.0129820376973493,0,0,0,0,0,0,0,0,0,0,0,0.00132409668017377,0.00113665447121695,0.00142918468647907,0,0,0.000262497508524856,0.00478379030673249,0,0.00128008049564387,0,0.000273788917412289,1.16300061844173e-05,0,0,0.000501672936358482,0,0.000184882179938699,9.42647794079706e-06,0.000759966377124832,0,0,0,0,0,0,0,2.38922312848829e-05,0,0,0,0,0.00587774185382484,0,0,0,0,0,0,0,2.54721984891625e-06,0,9.13998860759902e-06,0,0.0012620102964224,0,0.000139325715865634,0,0.0491505867096794,0,0.00268483685485453,1.41089747914683e-05,0.00295705421424574,0.00021952306251483,0.00131261809793046,4.09874715234695e-06,0
0,0,2.37713247111082e-06,0,0.000542311258323182,0,0,0,3.30306865431777e-05,0,0.00183264546538982,0,0,0,0,0,4.99313741137867e-06,1.64945143717696e-05,0.000431116685596144,0,0.0175637250077784,0,0,0,0,0,0,0,0,0,0,0,0.00185573852110398,0,0.00227006517197802,0.000262497508524856,0,0,0.00639798387229241,0.000202489580012228,0.000161211619943979,2.53475350480591e-05,0.000328561811209467,0,0,1.49646921433111e-06,0.000903609217376366,0.000416564267123165,0.00032787260010597,0.000187367682753549,2.41493978389704e-05,0,0,0,2.75578046890762e-05,0,0.000799481879397087,0,0,0,0,0,0,0.00517292704115315,0,0,0,0,0,0,0,2.08721372532816e-06,0,1.13532640314564e-05,0,0.00198632280934465,0,0.000614726949002163,4.21083172679035e-06,0.0689382069325479,0,0.00432753767033205,0.00256981532155606,7.83514614258653e-06,0.00124142671387848,0,5.64406954380167e-05
0.000119381210323962,0.0031946249232042,0,1.07687816551173e-05,0,0,0,0,0,0.000186034675719423,0,0.0106037111905228,0,0,0,0,2.83343378377731e-05,7.3278664617637e-05,0.000827630745448054,0.0119095632825363,0,0.0125943966173386,1.80733047339753e-06,0.00249081278866838,7.71745314737191e-05,0.000159891986711565,0,0.000258686222796293,0,0.00331502683457798,0,0,0,0.00353891484668292,0.000920648804112404,0.00478379030673249,0,0,0.000946481661837146,7.27524623870427e-05,2.41005633813464e-05,0.00208732142358866,8.50797624335565e-05,0,0,0.00131329399940974,6.68934527987711e-06,0.00514807886467628,5.15658350396906e-05,0.00361014796228076,0,0,0,0,5.94116928408835e-05,1.92278323455632e-05,8.16140538098596e-06,0.000883797183467127,2.27741176997979e-06,4.42925572711747e-05,7.11597561806541e-06,8.28754974650159e-05,0.00415128096061449,0,0.00443979295506541,5.56310244396164e-06,0.00178063526267538,7.0454188547968e-05,0.000567489603246704,4.91591066409115e-05,0.00143496700106776,1.76560563019525e-06,0.00304108550838312,0,0,0,4.92366952144341e-05,0.00169507262125442,0.00438817590894329,9.19071833432698e-07,0.110610976581628,0.00107513443515278,0.00547054057933315,0.00659277143849971,0.00407373987031964,0.000132488582734563,0
0.00346811279774923,4.29469026588155e-05,1.75690676034081e-05,0,0,0,0,0,0.000158264692833772,0,0.00408475119979145,0,0,0,0,0,1.45438793648643e-05,2.84274091384563e-06,0.00066176785962109,0,0.00838222843078099,0,0.0125504470031216,1.8236586039068e-05,0.00591589433616407,3.36785283235135e-06,9.82610976089264e-05,0,4.93032103537913e-05,0,0.00180616535893367,0,0,0,0.00101892893707927,0,0.00639798387229241,0.000946481661837146,0,3.86613223027783e-06,0.000148805839187059,2.49104856785003e-05,0.00112304813931377,0,0,0,0.000554252892788672,0.0048626967507063,0.0023977576477597,0.000100354895094935,1.12125393966371e-05,0,0,0,0.000411322737900584,0,0.00166738715681651,0,8.94803210941208e-06,0,4.71563490200627e-05,0,0,0.00320293032614527,0,0.00908380822634799,7.47592494406095e-06,0.00512590492881755,1.38686050108344e-05,0.000265270856442085,0,0.000422511779578001,0,0.000634917774249037,0,0,4.16654995561306e-06,0.00256186433672863,0,0.00259829323653263,0.000170389084735746,0.103603760727458,0.00724420717165006,0.000409925158217592,0.00203205667763593,0,3.52249093315082e-05
0,1.24582223207636e-05,0,0,0,0,0,0,0,0.00344269984519301,0,0,0,0,0,0,2.87323771974931e-05,0.000753047952498447,0.00868057409701207,0.000105120823022199,0,0,0,0.000202423864803084,0,0,0,0,0,0,0,0.000672598707317768,0.00256687176582578,0.000347901320306244,9.00677835473521e-05,0.00128008049564387,0.000202489580012228,7.27524623870427e-05,3.86613223027783e-06,0,0.000556839237717498,0.0235099529526643,0.000209694439958244,0.000179608685495446,0,0.00874794908021322,7.13313261537335e-05,0.0464864465457369,0.00130755125213515,0.047959739139284,0,0,0,0,0,0.000121639402236478,0,1.50634172653593e-05,0,9.96757404950801e-06,0,0,0.0176561298581174,0,0,0,0,0,0,0,0.000364242355248157,0,0.0001875330598851,0,6.05451389497728e-05,0.00335012888676722,0,0,0.00617236791938479,1.07668007054419e-05,0.000614654369026126,4.56616526468937e-05,0.000949515701760726,2.87127428334654e-05,0.00990192058773515,0.00133053929931708,1.40666758378014e-05
0.000188611053076683,7.49172143360265e-05,0.0008087909610563,0,0.000168211585997634,0,0,0,0.00204351384402483,0.000223375826446498,7.11588365533708e-05,0,0,0,0,0,0.00016315080474202,0.000746851488838146,0.0260399286858901,0,0.000148867633796748,0,0,1.9692495538127e-05,4.96611467494319e-05,0,0,0,0,0,0,0,0,0,0,0,0.000161211619943979,2.41005633813464e-05,0.000148805839187059,0.000556839237717498,0,0.000583440025723586,0.0825462040576467,0,0,0.000485905804006183,0.0946763002925215,0.000151737581905976,0.0226140343494445,8.94343220110443e-05,0.000542782107048504,0,0,0,0.000435564091920355,0,0.000149898851564525,0,0.000168984762631788,0,0.000271615648620926,0,0.000102199354303671,0.00365681368096564,0,0,0,4.91185200416221e-05,0,0,2.57751139853872e-05,0.000963642944483316,0.000154952812829863,0.00230847404309686,0,0,0,0,4.64533897878945e-05,0.000762417351831282,2.72848673217722e-05,0.0020178971440708,0.00243866845414328,0.000308513411042998,0.0541322646277086,0,0.00297400701009974
0.000156094628002878,0.00166213911727968,0.000396229343235871,0.000799978014660245,0.000229971003442931,0.000152623779036905,0,0,0.000138730221001676,0.0304478266297079,0,0,0,0,0,9.26271562436305e-06,0.00029523509927134,0.0018876682369555,0.0217358950460656,6.92487058337976e-05,9.44520927271099e-06,0,0,0.00232721763759414,8.29187179843185e-06,0,0,0,0,0,0,0,0,0.00012387253353496,0,0.000273788917412289,2.53475350480591e-05,0.00208732142358866,2.49104856785003e-05,0.0235099529526643,0.000583440025723586,0,0.00550839714043697,8.31998284611218e-05,0,0.0795031854732482,0.00122567861304969,0.00450685873223753,0.00113416390137852,0.0406957902575499,0.00062377268045169,7.39003634205176e-05,0,0,0.000463943576401047,0.000742469857346375,0.000240898977375334,0.00162155260348116,0.00036061461796244,0.000820811679740567,7.78962831304085e-05,0.00025357917487782,0.00865928095601765,5.78282152185442e-06,0,0,0.000139901846055832,0,8.11612752947034e-05,0,0.0040086116256723,4.68366645279783e-05,0.00138851301575551,0.000166478140167479,0,0,8.10581032264163e-05,0,0.00722213165615447,4.19263993812035e-05,0.00621391196363038,0.000207835351315433,0.0103566823366655,0.000223434817505576,0.0603448165624684,0.00286091182759562,6.31392337771749e-05
0.00151154200547439,7.33178518908532e-06,0.00273743283127106,0,0.00158196064858217,0,0,0,0.00809169314301296,0.000209300502400085,0.000389272115271235,0,0,0,0,0,0.00053136002659955,0.000557610207708154,0.0290040044606075,0,0.000322272929818955,0,0,0,0.00035775354873367,0,0,0,0,0,0,0,0,0,7.02761342630693e-05,1.16300061844173e-05,0.000328561811209467,8.50797624335565e-05,0.00112304813931377,0.000209694439958244,0.0825462040576467,0.00550839714043697,0,0,0.000136392196692824,0.000650509100411143,0.0233742163474907,0.00141861173053608,0.0478782141451853,0.000302965066527297,0.00384944780984765,0,0,0,0.00325947792879315,0,0.000892230545130843,0,0.00122856743248664,1.21292898639486e-05,0.000179840942061458,0,5.49773463644557e-05,0.000235895945506194,0,0,0,0.000392095633111493,0,6.07640362353949e-05,5.00794125682719e-05,0.00367313201020847,1.2020837362587e-05,0.00604292333871623,0,0,0,0,0.000169834601547788,0.00152455508742223,0.000156009662089918,0.00668420542725949,0.0115686089865075,0.00131992180556658,0.055373265123679,1.38076532494146e-05,0.00399303277615545
0,0,0,0,0,0,0,0,0,0,0,0,0,0,0,0,0,0,0.000276915174967163,0,0,0,0,0,0,0,0,0,0,0,0,0,0,0,0,0,0,0,0,0.000179608685495446,0,8.31998284611218e-05,0,0,0,0.000114762165292113,0,0,0,0.000101276561530073,0,0,0,0,0,0,0,0,0,0,0,0,3.07105420415078e-05,0,0,0,0,0,0,0,0,0,0,0,0,0,0,0,0,0,2.95530512751948e-05,0,9.23792555825996e-06,1.05389645495573e-06,0.000237785406713015,0,0
0,0,0,0,0,0,0,0,0,0,0,0,0,0,0,0,0,3.4394817257798e-05,0.00018529261796759,0,0,0,0,0,0,0,0,0,0,0,0,0,0,0,0,0,0,0,0,0,0,0,0.000136392196692824,0,0,0,0.000107920801182322,0,0,0,0,0,0,0,0,0,0,0,0,0,0,0,0,0,0,0,0,0,0,0,0,0,0,0,0,0,0,0,0,2.51878933848052e-05,0,5.1169913895041e-05,1.40421560288729e-05,1.67387161377681e-06,2.24420377800794e-05,0,0
4.92334514498997e-05,0.000540569238951114,0,0.000354209198820987,0,0,0,0,0,0.00129849606723563,0,0,0,0,0,0,0.000159876417525687,0.00112068942682925,0.0149679315334821,0.000736337842385241,0,4.95398465387735e-06,0,0.000219590005302541,0,0,0,0,0,0,0,0,0,0,0,0.000501672936358482,1.49646921433111e-06,0.00131329399940974,0,0.00874794908021322,0.000485905804006183,0.0795031854732482,0.000650509100411143,0.000114762165292113,0,0,0.000250395039159603,0.000301814769491559,0.000140357168340571,0.00574902935027657,0,0,0,0,0,0.000105265810789792,0,0.00034798371290356,0,9.89585077590699e-05,0,0,0.0710622155956645,0,0,0,3.01585860306148e-05,0,0,0,0.00198124599006157,6.53527777307625e-06,0.000988287893280343,0.00011571015671379,0,0,0,0,0.00421554948941625,1.83136773523591e-05,0.00333460025732993,0.000186930664569614,0.0018361925129979,0.000172222290452505,0.0245455804683038,9.55836079532674e-05,3.37841065738982e-05
0.000100742236609104,0,0.0010561030451105,0,0.00672384774242922,0,0,0,0.000368111413493562,6.82561279405456e-05,0.000109078610326217,0,0,0,0,0,0.000103680007669072,0.000416333213425907,0.0107542768578126,0,0.000928364884778642,0,0,0,2.8649755481363e-05,0,0,0,0,0,0,0,0,0,1.0388969466592e-05,0,0.000903609217376366,6.68934527987711e-06,0.000554252892788672,7.13313261537335e-05,0.0946763002925215,0.00122567861304969,0.0233742163474907,0,0.000107920801182322,0.000250395039159603,0,0.000377526427758628,0.00554379788419475,0.000219363936358685,0.00359932080766888,0,0,0,0.000398174523177847,0,0.00208097120488415,0,0.000282927467867935,7.40285761173618e-06,6.41188937818734e-05,0,7.58095781336874e-05,0.0604158392856422,0,0,0,0,0,1.21810904804548e-05,5.44112334146602e-06,0.000624702888152694,0,0.00276865564920225,0,0,0,0,2.15497691667418e-05,0.00578549144158871,3.84937424005458e-05,0.00343777435288581,0.00168378626737866,0.00021574937448805,0.0408111899241897,0,0.00026824455185878
0.00356529787786138,0.00122805630724528,0.000143660289834002,0,0.000115487974717372,0,0,0,0.000110459353606087,0,0,0,0,0,0,0,0,0,1.29857650624566e-05,0,0,0,6.89844698939704e-05,0.00068212073589494,0.00122170678381115,0.000168457804687121,0,0,0,0,0,0.00778280113167264,0.0546085039868747,0.11805971723152,0.177954318382672,0.000184882179938699,0.000416564267123165,0.00514807886467628,0.0048626967507063,0.0464864465457369,0.000151737581905976,0.00450685873223753,0.00141861173053608,0,0,0.000301814769491559,0.000377526427758628,0,0.183755985038691,0.282504382607766,0.000315275294506924,0,0,0,0.00093132997393031,0,5.98553293794081e-05,0,8.15205906849509e-05,0,0.000128615054508249,1.26779934226912e-05,2.31335721677137e-05,0,0,1.25218295791759e-05,0.000114395656065005,0.000828185880454966,0.00042090077994191,0.000494164800351825,3.25281762206558e-05,2.61763037232016e-05,0,0,0.00659458807254456,0.0786970443205838,0.0624924501307127,0.0154506941954615,0.00244347317880343,0.000450549364042044,0.0135847838881275,0.0122351342773051,0.00267589457889233,0,0.00573113260196683,0,0
0.0116720835990363,1.22549731959452e-05,0.00354817722944616,0,0.000911288120288766,0,0,0,0.0203825320798839,0.000490512068279155,0,0,0,0,0,0,0.000148272996315427,0.000268723273045246,0.00896295292473443,0,7.90709149530548e-05,0,0.000616730568545035,0,0.00380178493811549,0,0,0,0,0,0,0,0.000949208079949648,9.09700082722767e-05,0.00400294770804718,9.42647794079706e-06,0.00032787260010597,5.15658350396906e-05,0.0023977576477597,0.00130755125213515,0.0226140343494445,0.00113416390137852,0.0478782141451853,0,0,0.000140357168340571,0.00554379788419475,0.183755985038691,0,0.0133181815386033,0.000708599354212037,0,0,0,0.0239333686013012,0,0.0153382993499475,0,0.0046775763512537,0,0.00745426952947128,0,7.58700172894811e-05,0.000601425422070351,0,0.00167540569075116,0,0.00155292021535705,0,0.000171470026771826,0.000101990869823356,0.0386380437762383,0,0.00759110260206802,0,0.00072198575780083,5.01394232754995e-05,0.000808798262755118,1.6656350608499e-05,0.00143232998529012,8.95138000633922e-05,0.00636967926754676,0.00505360258186279,0.000126700575635106,0.0576729942573669,2.71231160652073e-05,0.000847444286529948
0.000101503397026633,0.0471502484016563,0,0.0102628865109928,0,0.00317315284267487,0,0,0.000134774960656484,0.0601972145898907,0,0,0,0,0,0,0.000141120683545436,0.000712392030041121,0.00683484385017309,0.00126071460555871,0,0.000146045629915462,0,0.00831212651609399,9.00646407094995e-05,0,0,0,0,0,0,0.000226307107115727,0.00397998897142739,0.00337268160010148,0.000813446776088699,0.000759966377124832,0.000187367682753549,0.00361014796228076,0.000100354895094935,0.047959739139284,8.94343220110443e-05,0.0406957902575499,0.000302965066527297,0.000101276561530073,0,0.00574902935027657,0.000219363936358685,0.282504382607766,0.0133181815386033,0,2.0064575324219e-05,0,0,0,0.000292826860860113,0.00130671380616042,0,0.00746979518126024,0,0.00324239451756745,0,0.00622908210899889,0.00246394097539436,0,1.3171614885378e-05,0,0.00165960408503355,0,0.00114713024480602,0,0.0278650714807721,9.80940010302835e-06,0.0147917862847562,0.000176056804327607,0,0.00429085056044465,1.80446639908266e-05,0.000173372783807185,0.00109219976287568,2.2900671029994e-05,0.00411909568654781,0.00013433975684748,0.00293792248455214,7.03331222631911e-05,0.0666560120815589,0.00143571177653263,0
0.000201405077185881,0,0.000652251140006923,0,0.111675094188791,0,0.00380193009604075,0,0.000570941132707961,0,0,0,0,0,0,0,0,0,1.91398602843954e-05,0,0,0,0,0,0.000108407354692749,0,0,0,0,0,0,0,0,0,0,0,2.41493978389704e-05,0,1.12125393966371e-05,0,0.000542782107048504,0.00062377268045169,0.00384944780984765,0,0,0,0.00359932080766888,0.000315275294506924,0.000708599354212037,2.0064575324219e-05,0,0,0.00014872155836978,0,0.00260627138709009,0,0.000539817099470281,0,5.49262263556099e-05,0,0.000282212108129263,0,0,0.00330002143959507,0,0,0,5.66785753300571e-05,0,0,0,0.000169973222210582,0,7.85393604880111e-05,0,0,0,0,0,5.42665086640336e-05,0,2.19809970235545e-05,0.00128863669221443,1.98381473479409e-05,0.00799099710945707,0,0
0,0,0,0,0,0.0252424136006901,0,0.000159987204824574,0,0,0,0,0,0,0,0,0,0,0,0,0,0,0,0,0,0,0,0,0,0,0,0,0,0,0,0,0,0,0,0,0,7.39003634205176e-05,0,0,0,0,0,0,0,0,0,0,0,0,0,0,0,6.53493326817586e-05,0,0,0,0.0123526687915745,0,0,0,0,0,0,0,0,0,0,0,0,0,0,0,0,0,0,0,0,0,0,0.000950288918467993,0,0
0,0,0,0,0.0134220995957188,0,0.0381019658140862,0,0,0,0.000686789452414237,0,0.00230035341368518,0,0.00489610856311448,0,0,0,0,0,0,0,0,0,0,0,0,0,0,0,0,0,0,0,0,0,0,0,0,0,0,0,0,0,0,0,0,0,0,0,0.00014872155836978,0,0,0,0,0,0.000141879178625722,0,0.000585299705897586,0,0.000484069396290587,0,0,0,0,0,0,0,0,0,0,0,0,0,0,0,0,0,0,0,0,0,0.000366552285995675,0,0,0,0
0,0,0,0,0,0,0,0.0261201429437523,0,0,0,0,0,0,0,0,0,0,0,0,0,0,0,0,0,0,0,0,0,0,0,0,0,0,0,0,0,0,0,0,0,0,0,0,0,0,0,0,0,0,0,0,0,0,0,0,0,0,0,0,0,0,0,0,0,0,0,0,0,0,0,0,0,0,0,0,0,0,0,0,0,0,2.94276224357499e-05,0,0,0,0
0.0208981150682595,0.000111162525552289,0.0246606438821227,0,0.0127457117822959,0,0,0,0.098867784344989,0,0,0,0,0,0.0186837359773223,0,0,0,0.000258935258141411,0,3.03816316102063e-05,0,0,0,0.0390761345297816,0,0.0106317241159557,0,0,0,0,0,0,0,0.000103920851737025,0,2.75578046890762e-05,5.94116928408835e-05,0.000411322737900584,0,0.000435564091920355,0.000463943576401047,0.00325947792879315,0,0,0,0.000398174523177847,0.00093132997393031,0.0239333686013012,0.000292826860860113,0.00260627138709009,0,0,0,0,0,0.0022497920463452,0,0.00145456455272939,0,0.00896211407925364,0,0,5.15228499619203e-05,0,0,0,0.0683148051595927,0,0.0026054557975006,0,0.00521271915780038,0,0.000609993825930022,0,0,0,0,0,6.95980362924804e-05,1.58818428900012e-05,0.000107563968491801,0.000815104306716314,1.41411644286594e-06,0.00631657491807657,0,0
0,0.0174693993180921,0,0.000710010020810128,0,0.0499696833526929,0,0,0,0.122113030437339,0,0,0,0,0,0.0144849026988144,0,0.000419868777248021,5.78762246688562e-05,0,0,0,0,0.0240479320998089,0,0,0,0,0,0,0,0,0,0,0,0,0,1.92278323455632e-05,0,0.000121639402236478,0,0.000742469857346375,0,0,0,0.000105265810789792,0,0,0,0.00130671380616042,0,0,0,0,0,0,0,3.46954261335316e-05,0,0,0,0.0231648556714864,1.02574338822839e-05,0,0,0,0.0303833095308571,0,0.00845043326809709,0,0.000935324677263811,0,0.000429264139786419,0,0,0,0,0,1.19541512059405e-05,0,8.19982796915197e-05,0,0.000336224142768402,5.54275785421323e-06,0.000561997161482371,0,0
0.000984814535601637,0,0.0014802308442549,0,3.70448964573424e-05,0,0.010317227854416,0,0.00222234236555879,0,0.129966666796346,0,0.00342004868043308,0,0,0,0,0,4.58812080613189e-05,0,0.0276488711746965,0,0,0,0.000854909556167491,0,0,0,0.000596137676610689,0,0.00390957452814402,0,0,0,0,0,0.000799481879397087,8.16140538098596e-06,0.00166738715681651,0,0.000149898851564525,0.000240898977375334,0.000892230545130843,0,0,0,0.00208097120488415,5.98553293794081e-05,0.0153382993499475,0,0.000539817099470281,0,0.000141879178625722,0,0.0022497920463452,0,0,0,0.00264038921880652,0,0.00671502522658406,0,0,0.0059896879279057,0,0,0,0.000362548373501153,0,0,0,0.00386477555965626,0,0.00647337126468883,0,0,0,0,0,1.11220824740844e-05,0,7.1454637689339e-05,0.000859421603369584,9.48958497918445e-06,0.011954183988407,0,0
0,0.00324436491447105,0,0.00153772959221012,0,0.00225039175065931,0,0,0,0.000788649103450167,0,0.101736892385098,0,0.00321409012420028,0,0,0,0,8.32550808498869e-06,0.0116905778262792,0,1.87094375091092e-05,0,0.00152207128754532,0,0,0,0,0,0.0186544664220502,0,0,0,0,0,2.38922312848829e-05,0,0.000883797183467127,0,1.50634172653593e-05,0,0.00162155260348116,0,0,0,0.00034798371290356,0,0,0,0.00746979518126024,0,6.53493326817586e-05,0,0,0,3.46954261335316e-05,0,0,0,0.0194411101693191,0,0.000555003942821182,0.0308236742426124,0,0,0,0.000295009870446168,0,0,0,0.0113736627374679,0,0.0102744128544155,0,0,0,0,0,4.50667459070062e-05,0,0.000310157920363618,1.34587876946874e-06,0.000120099086826094,1.85556873446653e-05,0.017158904799482,0,0
0.00105603915624694,0,0.000467995280369691,0,0.00401780159609257,0,0.00406647078705574,0,0.0014190610208732,0,0.0118160407049316,0,0.011880377097416,0,0.00248618153540135,0,0,0,1.0656978954093e-05,0,0,0,0,0,0.000253199897530329,0,0,0,0,0,0,0,0,0,2.8548518470077e-05,0,0,2.27741176997979e-06,8.94803210941208e-06,0,0.000168984762631788,0.00036061461796244,0.00122856743248664,0,0,0,0.000282927467867935,8.15205906849509e-05,0.0046775763512537,0,5.49262263556099e-05,0,0.000585299705897586,0,0.00145456455272939,0,0.00264038921880652,0,0,0,0.00170804015751015,0,0,0,0,0,0,0.000181456281103149,0,0.00116949120558874,0,0.00125921167393396,0,0.000106002067301684,0,0,0,0,0,1.32936072377724e-05,0,4.29196513286132e-05,0.000457157250931426,5.90600192034077e-06,0.00210247970814064,0,0
0,0.00140047182417114,0,0.00381499224693171,0,0,0,7.15205242158845e-05,0,3.29399892816939e-05,0,0.00668852635426689,0,0.015823135406936,0,0,0,0,6.47818705957128e-06,0,0,0,0,0.000351734306756433,0,0,0,0.00141772887165717,0,0,0,0,0,0,0,0,0,4.42925572711747e-05,0,9.96757404950801e-06,0,0.000820811679740567,1.21292898639486e-05,0,0,9.89585077590699e-05,7.40285761173618e-06,0,0,0.00324239451756745,0,0,0,0,0,0,0,0.0194411101693191,0,0,0,0.000227370276866488,0.00042617124186914,0,0,0,0.00015040812144193,0,0,0,0.0133562165329093,0,5.55425731399643e-05,0,0,0,0,0,7.17489462731515e-06,0,5.08222303124582e-05,0,3.67172162996356e-05,0,0.00420258165946005,0,0
