0,0,0.134323237629155,0,0,0,0,0,0.166395286362498,0,0,0,0,0,0,0,0.284386242171387,0,0.381379742254602,0,0,0,0,0,0,0,0,0,0,0,0,0,0,0,0,0,0,0,0,0,0,0,0.253898159773261,0,0,0,0.274829457672137,0,0.130304159068792,0,0,0,0,0,0.17907013132022,0,0.128663195253805,0,0.177587938525587,0,0.186878077889031,0,0,0,0,0,0,0.162026897072792,0,0,0,0.154731005430222,0,0,0,0,0,0,0,0,0,0,0.275469731203633,0,0.189110051595165,0,0.235380984450641
0,0,0,0.114685120949378,0,0,0,0,0,0.186358619298968,0,0,0,0.146897236506144,0,0.189006820321083,0,0,0.144228520670107,0,0,0,0,0,0,0,0,0,0,0,0,0,0,0,0,0,0,0,0,0,0,0.165453577791093,0,0.364339590072632,0,0.219741622606913,0,0,0,0.159182000689021,0,0,0,0,0,0.193548976337953,0,0.162043031874825,0,0.179105501265961,0,0.177486836302037,0,0,0,0,0.159478632112344,0,0,0,0,0,0,0,0,0,0,0,0,0,0,0,0.124326058292299,0,0.169526719391293,0.179798938333988,0
0.134323237629155,0,0,0,0,0,0,0,0.121279206126928,0,0,0,0,0,0,0,0,0,0.178664023677508,0,0,0,0,0,0,0,0,0,0,0,0,0,0,0,0,0,0.179002072662115,0,0,0,0,0,0.23256266862154,0,0,0,0.189565040171146,0,0.125639801331692,0,0,0,0,0,0.132773473858833,0,0.149484247501407,0,0,0,0,0,0,0.1703445727742,0,0,0,0,0,0,0,0,0,0,0,0,0,0,0,0.176049798727036,0,0,0.140894359908998,0,0.140220491563745,0,0.196416214108467
0,0.114685120949378,0,0,0,0,0,0,0,0,0,0,0,0,0,0,0,0,0.133675262331963,0,0,0,0,0,0,0,0,0,0,0,0,0,0,0,0,0,0,0,0,0,0,0,0,0,0,0.224754775563876,0,0,0,0.122014124560487,0,0,0,0,0,0,0,0,0,0,0,0,0.235435135662556,0,0,0,0,0,0,0,0,0,0,0,0,0,0,0,0,0,0,0,0.112429592471856,0,0.161975902441032,0,0
0,0,0,0,0,0,0.146026015281677,0,0.120593183984359,0,0.142174672335386,0,0,0,0.148654509674419,0,0,0,0,0,0.160285381552501,0,0,0,0,0,0,0,0,0,0,0,0,0,0,0,0.176038891077042,0,0,0,0,0,0,0,0,0,0.183553174138069,0,0,0,0.147412281351543,0,0,0,0.110191990103987,0,0,0,0.12781647965312,0,0.146103031933308,0,0,0.203811519140563,0,0,0,0,0,0,0,0,0,0,0,0,0,0,0,0.203392146249949,0,0,0.148658999763839,0.209746466151306,0.132201825228074,0,0
0,0,0,0,0,0,0,0,0,0,0,0,0,0,0,0,0,0,0,0.167201716932609,0,0,0,0,0,0,0,0,0,0,0,0,0,0,0,0.17907091839747,0,0,0,0,0,0,0,0,0,0.244744146863619,0,0,0,0,0,0.192142198254556,0,0,0,0,0,0,0,0.194502436801007,0,0,0.225772524165117,0,0,0,0,0,0,0,0,0,0,0,0,0,0,0,0.232710853866909,0,0,0,0.182100344760423,0.214853862600942,0.1997006359149,0,0
0,0,0,0,0.146026015281677,0,0,0,0,0,0.138577369352182,0,0.168807935455571,0,0,0,0,0,0,0,0.112994760274887,0,0,0,0,0,0,0,0,0,0,0,0,0,0,0,0,0,0,0,0,0,0,0,0,0,0,0,0,0,0,0,0,0,0,0,0.151964061327795,0,0.134289580194846,0,0,0,0,0,0,0,0,0,0,0,0,0,0,0,0,0,0,0,0,0.126834193865458,0,0,0.165462189003245,0.251609086990356,0,0,0
0,0,0,0,0,0,0,0,0,0,0,0,0,0.15358655154705,0,0,0,0,0,0,0,0,0,0,0,0,0,0,0,0,0,0,0,0,0,0,0,0,0,0,0,0,0,0,0,0,0,0,0,0,0,0,0,0.134531884213512,0,0,0,0.121472459700372,0,0.121706926396915,0,0,0,0,0,0,0,0,0,0,0,0,0,0,0,0,0,0,0,0,0,0,0.159775740750458,0,0,0,0
0.166395286362498,0,0.121279206126928,0,0.120593183984359,0,0,0,0,0,0,0,0,0,0.149367570905842,0,0.175204653938954,0,0.247532545932029,0,0,0,0,0,0.299206396102146,0,0.167273696186473,0,0,0,0,0,0,0,0,0,0,0,0,0,0,0,0.190382475242475,0,0.252965152263641,0,0,0,0,0,0.118576794862747,0,0,0,0.19220499710876,0,0,0,0.155267361674335,0,0.151156679947966,0,0,0,0,0,0,0.301895944215357,0,0.163535639809238,0,0,0,0,0,0,0,0,0,0,0,0,0.172676316930103,0.177806410455951,0.230981091427399,0,0.20322523266077
0,0.186358619298968,0,0,0,0,0,0,0,0,0,0,0,0,0,0.169914443296171,0,0.203793537758646,0.169558967669289,0,0,0,0,0.156439643639785,0,0.134078072813841,0,0,0,0,0,0,0,0,0,0,0,0.133669845759869,0,0,0,0.186270229347627,0,0,0,0,0,0,0,0.202407725278504,0,0,0,0,0,0.226827756292406,0,0,0,0,0,0.179600893956497,0,0,0,0,0.304313360651334,0,0,0,0,0,0,0,0,0,0,0,0,0,0,0,0.175170598402508,0.253927687140104,0.204155094581207,0.165475788215796,0
0,0,0,0,0.142174672335386,0,0.138577369352182,0,0,0,0,0,0.167105380445719,0,0,0,0,0,0,0,0.128169578909874,0,0,0,0,0,0,0,0.123060208227899,0,0.168603539790796,0,0,0,0,0,0.130369767715985,0,0.151238775229132,0,0,0,0,0,0,0,0,0,0,0,0,0,0,0,0,0,0.156701820945008,0,0.16790686249733,0,0,0,0,0.180397949295073,0,0,0,0,0,0,0,0,0,0,0,0,0,0,0,0.145124467983842,0,0.162047208904172,0.128212226067598,0.156913551688194,0.14038360118866,0,0
0,0,0,0,0,0,0,0,0,0,0,0,0,0.166912059338999,0,0,0,0,0,0.149920322241322,0,0,0,0,0,0,0,0,0,0.127191220968962,0,0,0,0,0,0.160245369092144,0,0.156047593344475,0,0,0,0,0,0,0,0,0,0,0,0,0,0,0,0,0,0,0,0.180759050886894,0,0,0,0,0.160504869980751,0,0,0,0,0,0,0,0,0,0.128107153943607,0,0,0,0,0,0.151431638058576,0,0.146197394720305,0,0.152261977673185,0,0,0,0
0,0,0,0,0,0,0.168807935455571,0,0,0,0.167105380445719,0,0,0,0.189010994881392,0,0,0,0,0,0,0,0,0,0,0,0,0,0,0,0,0,0,0,0,0,0,0,0,0,0,0,0,0,0,0,0,0,0,0,0,0,0,0,0,0,0.16411395337094,0,0.208864747752411,0,0.168717563152313,0,0,0,0,0,0,0,0,0,0,0,0,0,0,0,0,0,0,0,0,0,0.160756141799223,0.19501521251481,0,0,0
0,0.146897236506144,0,0,0,0,0,0.15358655154705,0,0,0,0.166912059338999,0,0,0,0,0,0,0,0,0,0,0,0,0,0,0,0,0,0,0,0,0,0,0,0,0,0,0,0,0,0,0,0,0,0,0,0,0,0,0,0.214355200529099,0,0,0,0,0,0.181931391931497,0,0.18556422519218,0,0.153812033886259,0,0,0,0,0,0,0,0,0,0,0,0,0,0,0,0,0,0,0,0,0.173894491906349,0.200421659962127,0,0,0
0,0,0,0,0.148654509674419,0,0,0,0.149367570905842,0,0,0,0.189010994881392,0,0,0,0.171894715382503,0,0.203399214893579,0,0,0,0,0,0,0,0,0,0,0,0,0,0,0,0,0,0,0,0,0,0,0,0,0,0,0,0,0,0,0,0.125480383634567,0,0,0,0.168870601654053,0,0,0,0.157592185400426,0,0.157677583092329,0,0,0,0,0,0,0,0,0,0,0,0,0,0,0,0,0,0,0,0,0,0.167079431789794,0.172025301721361,0,0,0
0,0.189006820321083,0,0,0,0,0,0,0,0.169914443296171,0,0,0,0,0,0,0,0,0,0,0,0,0,0,0,0,0,0,0,0,0,0,0,0,0,0,0,0,0,0,0,0,0,0,0,0,0,0,0,0,0,0.323162436485291,0,0,0,0.176656985908379,0,0,0,0.137093560504062,0,0.166307438681248,0,0,0,0,0,0,0.136245131492615,0,0,0,0,0,0,0,0,0,0,0,0,0,0.205441154934692,0.263760157550375,0,0,0
0.284386242171387,0,0,0,0,0,0,0,0.175204653938954,0,0,0,0,0,0.171894715382503,0,0,0.14484409704277,0.199481417114536,0,0,0,0.172169705445413,0,0,0,0.137390442440589,0,0.110844378173351,0,0,0,0,0,0,0,0,0,0,0,0.319251954555511,0,0.253169815776483,0,0.25152056122368,0,0.267818480730057,0,0,0,0,0,0,0,0.149880131913556,0,0,0,0,0,0.151024083216344,0,0,0,0,0.167774935698105,0,0,0,0.139914355085542,0,0,0,0,0,0,0,0,0,0,0,0,0.178877148947912,0.169096576200552,0.270575874231078,0,0.23427765947931
0,0,0,0,0,0,0,0,0,0.203793537758646,0,0,0,0,0,0,0.14484409704277,0,0.25035817116013,0,0,0.251835782080889,0,0.142405405640602,0,0.129973385938827,0,0.158541277050972,0,0,0,0,0,0,0,0,0,0,0,0,0,0.25013763429942,0.169982912018895,0.266554055735469,0,0.285555422306061,0,0,0,0,0,0,0,0,0,0.167541656643152,0,0,0,0,0,0.131336434998296,0,0,0,0,0,0,0.123771728300616,0,0.162375494837761,0,0,0,0,0,0,0,0,0,0,0,0.177773856873676,0.156241374502621,0.313276246190071,0.235655146566304,0
0.381379742254602,0.144228520670107,0.178664023677508,0.133675262331963,0,0,0,0,0.247532545932029,0.169558967669289,0,0,0,0,0.203399214893579,0,0.199481417114536,0.25035817116013,0,0,0,0,0,0.135854829847813,0,0.249995970726013,0,0,0,0,0,0,0,0,0,0,0,0.144240222871304,0,0.224565483629704,0.345148533937477,0.223321501390801,0.207402434438637,0.28527408132239,0.235171117999644,0.298424326726282,0.301567225346556,0,0.17634029686451,0.214845925569534,0,0,0,0,0,0.13244444783777,0,0,0,0,0,0,0,0,0,0,0,0,0,0,0,0,0,0.184536725282669,0,0,0,0,0,0,0,0,0.197877881413421,0.181126612358757,0.287495938032404,0.220741878813158,0.197410023931215
0,0,0,0,0,0.167201716932609,0,0,0,0,0,0.149920322241322,0,0,0,0,0,0,0,0,0,0,0,0,0,0,0,0,0,0,0,0,0,0,0,0.137992048122901,0,0,0,0,0,0,0,0,0,0,0,0,0,0,0,0.225881150274566,0,0,0,0,0,0.196539123853048,0,0,0,0,0.148415471047602,0,0,0,0,0,0,0,0,0,0.227324285677501,0,0,0,0,0,0.148085869397178,0,0.188496070632076,0,0.113229954854036,0.123006988730696,0.15195525623858,0,0
0,0,0,0,0.160285381552501,0,0.112994760274887,0,0,0,0.128169578909874,0,0,0,0,0,0,0,0,0,0,0,0,0,0,0,0,0,0,0,0,0,0,0,0,0,0.154175186356647,0,0,0,0,0,0,0,0,0,0.276953667402267,0,0,0,0.17492601275444,0,0.114120545486609,0,0,0,0.234575397253615,0,0,0,0,0,0,0.208048876357949,0,0,0,0,0,0,0,0,0,0.245093492446122,0,0,0,0,0,0.144448311888765,0,0,0.121578529311551,0,0.18540337017544,0,0
0,0,0,0,0,0,0,0,0,0,0,0,0,0,0,0,0,0.251835782080889,0,0,0,0,0.10125503716515,0.117956027223004,0,0,0,0.133129268659641,0,0,0,0,0,0,0,0,0,0.151144610075149,0,0,0,0,0,0,0,0,0,0,0,0,0,0,0,0,0,0,0,0,0,0,0,0,0,0,0.122573655060154,0.112330317348242,0.105075455456972,0,0,0,0.145857264627022,0,0,0,0,0,0,0,0,0,0.176242180777905,0,0.126005509820554,0.247286016234276,0,0,0
0,0,0,0,0,0,0,0,0,0,0,0,0,0,0,0,0.172169705445413,0,0,0,0,0.10125503716515,0,0,0.140662173430125,0,0.154422963304179,0,0.157995057823481,0,0,0,0,0,0,0,0,0,0.153192422655038,0,0,0,0,0,0,0,0,0,0,0,0,0,0,0,0,0,0,0,0,0,0,0,0,0,0.107976052496168,0.137613734475111,0,0,0,0.158134363591671,0,0.145169846973447,0,0,0,0,0,0,0,0,0,0.148572972966318,0.121609137464292,0.224102741093547,0,0,0
0,0,0,0,0,0,0,0,0,0.156439643639785,0,0,0,0,0,0,0,0.142405405640602,0.135854829847813,0,0,0.117956027223004,0,0,0,0.175721423812342,0,0,0,0,0,0,0,0,0,0,0,0.138789964950688,0,0,0,0.20752065628767,0,0,0,0,0,0,0,0,0,0,0,0,0,0.19128899509731,0,0,0,0,0,0,0,0,0.117789760231972,0,0.171855596174677,0,0,0,0,0,0,0,0,0,0,0,0,0,0.156977076199837,0,0.126101866390621,0.127729341387749,0.243711277842522,0,0
0,0,0,0,0,0,0,0,0.299206396102146,0,0,0,0,0,0,0,0,0,0,0,0,0,0.140662173430125,0,0,0,0.156971273333889,0,0,0,0,0,0,0,0,0,0,0,0.136912161441043,0,0,0,0.118811871856451,0,0,0,0,0,0,0,0,0,0,0,0.295340175697437,0,0,0,0,0,0,0,0,0,0,0,0,0.137955219450372,0,0.156990072609466,0,0,0,0,0,0,0,0,0,0,0,0.135687341440368,0.143853214051988,0,0.212118244171143,0,0
0,0,0,0,0,0,0,0,0,0.134078072813841,0,0,0,0,0,0,0,0.129973385938827,0.249995970726013,0,0,0,0,0.175721423812342,0,0,0,0.157796167665058,0,0,0,0,0,0,0,0,0,0,0,0,0,0,0,0,0,0,0,0,0,0,0,0,0,0,0,0.164861192856836,0,0,0,0,0,0,0,0,0,0,0.1752140480865,0,0.166494442967417,0,0.151931583881378,0,0,0,0,0,0,0,0,0,0,0,0.133120919068972,0,0,0,0
0,0,0,0,0,0,0,0,0.167273696186473,0,0,0,0,0,0,0,0.137390442440589,0,0,0,0,0,0.154422963304179,0,0.156971273333889,0,0,0,0.135653328150511,0,0,0,0,0,0,0,0,0,0,0,0,0,0,0,0,0,0,0,0,0,0,0,0,0,0.16351450176783,0,0,0,0,0,0,0,0,0,0,0.150403274968266,0,0.146624414493208,0,0.15378196043527,0,0.168553459644318,0,0,0,0,0,0,0,0,0,0,0.137174895827155,0.183791694541772,0,0,0
0,0,0,0,0,0,0,0,0,0,0,0,0,0,0,0,0,0.158541277050972,0,0,0,0.133129268659641,0,0,0,0.157796167665058,0,0,0,0.182851609027032,0,0,0,0,0,0,0,0.182380103606444,0,0,0,0,0,0,0,0,0,0,0,0,0,0,0,0,0,0,0,0,0,0.186767995357513,0,0,0,0,0.142354259567876,0,0,0,0.161686087541025,0,0.169737644779408,0,0.176339757059799,0,0,0,0,0,0,0,0.168638017408702,0,0.151899211479786,0.160090720653534,0,0,0
0,0,0,0,0,0,0,0,0,0,0.123060208227899,0,0,0,0,0,0.110844378173351,0,0,0,0,0,0.157995057823481,0,0,0,0.135653328150511,0,0,0,0.150579591927765,0,0,0,0,0,0,0,0.145043667849331,0,0,0,0,0,0,0,0,0,0,0,0,0,0,0,0,0,0.122620848938823,0,0,0,0,0,0,0,0,0.153749556541443,0,0,0,0.174944948937212,0,0.152670518038511,0,0.162195893802813,0,0,0,0,0,0,0,0.153183334089559,0.161323589303636,0.139538702421955,0,0,0
0,0,0,0,0,0,0,0,0,0,0,0.127191220968962,0,0,0,0,0,0,0,0,0,0,0,0,0,0,0,0.182851609027032,0,0,0,0,0,0,0,0,0,0.14098233322083,0,0,0,0,0,0,0,0,0,0,0,0,0,0,0,0,0,0,0,0.134408032690937,0,0,0,0,0,0,0,0,0,0,0,0,0.158697663591458,0,0.162641592962401,0,0,0,0,0,0,0,0.149761665307108,0,0.14055251588042,0,0,0,0
0,0,0,0,0,0,0,0,0,0,0.168603539790796,0,0,0,0,0,0,0,0,0,0,0,0,0,0,0,0,0,0.150579591927765,0,0,0,0,0,0,0,0,0,0.165097210204826,0,0,0,0,0,0,0,0,0,0,0,0,0,0,0,0,0,0.156599842782678,0,0,0,0,0,0,0,0,0,0,0,0,0,0,0,0,0.178842160218167,0,0,0,0,0,0,0,0.154067408210701,0,0,0,0,0
0,0,0,0,0,0,0,0,0,0,0,0,0,0,0,0,0,0,0,0,0,0,0,0,0,0,0,0,0,0,0,0,0.294059598110974,0.310840035946864,0,0.155146009145781,0.155683967222101,0.284287437796593,0,0,0.4326461404562,0,0,0,0,0,0,0.419493932615627,0,0,0,0,0,0,0,0,0,0,0,0,0,0,0,0,0,0,0,0,0,0,0,0,0,0,0.261880689630222,0.225927938437996,0.291298707258211,0.324242785573006,0.330335029104115,0.353246567004229,0.285720869898796,0,0.14808201789856,0,0,0,0
0,0,0,0,0,0,0,0,0,0,0,0,0,0,0,0,0,0,0,0,0,0,0,0,0,0,0,0,0,0,0,0.294059598110974,0,0.357419711020258,0.339170172810555,0,0.143642712551266,0,0,0,0,0,0,0,0,0,0,0.352704994569575,0,0,0,0,0,0,0,0,0,0,0,0,0,0,0,0,0,0,0,0,0,0,0,0,0,0,0.25436113588311,0.317789768162645,0.303924159279891,0.249934363823671,0.390062881012758,0.283647951489087,0,0,0.17560392220815,0,0,0,0
0,0,0,0,0,0,0,0,0,0,0,0,0,0,0,0,0,0,0,0,0,0,0,0,0,0,0,0,0,0,0,0.310840035946864,0.357419711020258,0,0.254468045595154,0.13094730861485,0,0.241419699354279,0.289297114906272,0,0,0,0,0,0,0,0,0.39350069208445,0.380911383777857,0.22627919614315,0,0,0,0,0,0,0,0,0,0,0,0,0,0,0,0,0,0,0,0,0,0,0,0,0.273271271640604,0.199915627638499,0.334875958278968,0.230873100448304,0.322657612911085,0.270259521156549,0.264313481276921,0.36904900363548,0.188189170638421,0.187867809087038,0,0,0
0,0,0,0,0,0,0,0,0,0,0,0,0,0,0,0,0,0,0,0,0,0,0,0,0,0,0,0,0,0,0,0,0.339170172810555,0.254468045595154,0,0,0.177476754784584,0.314021388689677,0.22322622192278,0,0,0,0,0,0,0,0,0.362088200277512,0.269805520772934,0.350541226565838,0,0,0,0,0,0,0,0,0,0,0,0,0,0,0,0,0,0,0,0,0,0,0,0,0.276702284812927,0.301799669523131,0.295828882733296,0.254596044096286,0.321248888969421,0.240317423683239,0.363892866505517,0.229974060294297,0.232936311099264,0.200983663555235,0.31279863913854,0,0
0,0,0,0,0,0.17907091839747,0,0,0,0,0,0.160245369092144,0,0,0,0,0,0,0,0.137992048122901,0,0,0,0,0,0,0,0,0,0,0,0.155146009145781,0,0.13094730861485,0,0,0.14626923545688,0.124062069988842,0,0.162679175535838,0,0,0,0,0,0.165763426292051,0,0.487660905718803,0,0,0,0.208882376551628,0,0,0,0,0,0.168431238694624,0,0,0,0,0.144497798572959,0,0,0,0,0,0,0,0,0,0,0,0.151100215812524,0.230264358222485,0,0,0.176158475653866,0.183027444132944,0.171819942102906,0,0.189057352865296,0.432298913187647,0.157125332906504,0,0
0,0,0.179002072662115,0,0.176038891077042,0,0,0,0,0,0.130369767715985,0,0,0,0,0,0,0,0,0,0.154175186356647,0,0,0,0,0,0,0,0,0,0,0.155683967222101,0.143642712551266,0,0.177476754784584,0.14626923545688,0,0,0.135557827135031,0,0.186178537085652,0,0,0,0,0,0.173602969016669,0.260739767303069,0,0,0.215684682130814,0,0,0,0,0,0,0,0,0,0,0,0,0.164195027792533,0,0,0,0,0,0,0,0,0,0,0,0.21855073839384,0,0.169861406087875,0.144680764486915,0.163414535247172,0,0.189993677319154,0.16565942147919,0.22310300152782,0.184046982114132,0,0
0,0,0,0,0,0,0,0,0,0.133669845759869,0,0.156047593344475,0,0,0,0,0,0,0.144240222871304,0,0,0.151144610075149,0,0.138789964950688,0,0,0,0.182380103606444,0,0.14098233322083,0,0.284287437796593,0,0.241419699354279,0.314021388689677,0.124062069988842,0,0,0.164653948714604,0,0,0.15643397577107,0.315411850810051,0,0,0,0,0.429090349564527,0.298510578274727,0.361774343524187,0,0,0,0,0,0,0,0.135802514664829,0,0,0,0,0.157506125668685,0,0.184388341119801,0,0.135230979272004,0,0,0,0.2065458930201,0,0.135962154716253,0,0.285195353958342,0,0.263351588317605,0.254987967865808,0.201054282254814,0,0.213870315388341,0.1576497196182,0.174241616033999,0.149740777321552,0.202973208899768,0,0
0,0,0,0,0,0,0,0,0,0,0.151238775229132,0,0,0,0,0,0,0,0,0,0,0,0.153192422655038,0,0.136912161441043,0,0,0,0.145043667849331,0,0.165097210204826,0,0,0.289297114906272,0.22322622192278,0,0.135557827135031,0.164653948714604,0,0,0,0,0,0,0,0,0,0.421336326123027,0.416636682608548,0.320031118392944,0,0,0,0,0,0,0.168498413876081,0,0,0,0,0,0,0,0,0.145409241820555,0,0.140883854135524,0,0,0,0.14133127698721,0,0,0,0,0.292984533309937,0.238678749150786,0,0.150733625932226,0.409777975082397,0.19272460576877,0.194112724636463,0.196971017067079,0.225613759032318,0,0
0,0,0,0,0,0,0,0,0,0,0,0,0,0,0,0,0,0,0.224565483629704,0,0,0,0,0,0,0,0,0,0,0,0,0,0,0,0,0.162679175535838,0,0,0,0,0,0.230719086509015,0,0.220140305432406,0,0.199317202751782,0,0.176065847898523,0,0.175824746102111,0,0,0,0,0,0,0,0,0,0,0,0,0.205460335139949,0,0,0,0,0,0,0,0,0,0.230287144990528,0,0,0,0,0,0.250429488513033,0,0.225789951168614,0,0.209916386534186,0,0.285324686888082,0.233014732599258,0
0,0,0,0,0,0,0,0,0,0,0,0,0,0,0,0,0.319251954555511,0,0.345148533937477,0,0,0,0,0,0,0,0,0,0,0,0,0.4326461404562,0,0,0,0,0.186178537085652,0,0,0,0,0,0.234349636554906,0,0.310105158016086,0,0.266674865637898,0.158358596108462,0.16666866935563,0.216257527470589,0,0,0,0,0,0,0,0,0,0,0,0,0,0.205937345765288,0,0,0,0,0,0,0,0,0,0.217388844915799,0,0.170591328825269,0,0,0.311230612405832,0.199717732824219,0,0.229125179070279,0.281121258934339,0,0.261852818795226,0,0.260132463054454
0,0.165453577791093,0,0,0,0,0,0,0,0.186270229347627,0,0,0,0,0,0,0,0.25013763429942,0.223321501390801,0,0,0,0,0.20752065628767,0,0,0,0,0,0,0,0,0,0,0,0,0,0.15643397577107,0,0.230719086509015,0,0,0.172566870306477,0.296510279621541,0.172228413820267,0.280167165545167,0,0.311921771083559,0,0.24960282055224,0,0,0,0,0,0.237305508660419,0,0.239994501074155,0,0,0,0,0,0,0,0,0,0,0,0,0.364194869995117,0,0.273732528963592,0,0,0,0,0,0.223315585173204,0,0.243787187008889,0,0.202752596395687,0,0.249564804097658,0.242061166945765,0
0.253898159773261,0,0.23256266862154,0,0,0,0,0,0.190382475242475,0,0,0,0,0,0,0,0.253169815776483,0.169982912018895,0.207402434438637,0,0,0,0,0,0.118811871856451,0,0,0,0,0,0,0,0,0,0,0,0,0.315411850810051,0,0,0.234349636554906,0.172566870306477,0,0.158413383364677,0.212187043551741,0.178003855441746,0.288254974326035,0.292055568382854,0.310613907146745,0.301530376076698,0,0,0,0,0.246007852990862,0,0.235836949814921,0,0,0,0,0,0,0,0,0,0,0,0,0,0,0.294470220804214,0,0.242592173448096,0,0,0,0,0,0.22790079562868,0.320875763893127,0.240500051350821,0.207647351298219,0,0.24832615590807,0.209989875555038,0.193609274568789
0,0.364339590072632,0,0,0,0,0,0,0,0,0,0,0,0,0,0,0,0.266554055735469,0.28527408132239,0,0,0,0,0,0,0,0,0,0,0,0,0,0,0,0,0,0,0,0,0.220140305432406,0,0.296510279621541,0.158413383364677,0,0.143250321348508,0.3131417626208,0.191650152206421,0,0,0,0,0,0,0,0,0,0,0,0,0,0,0,0,0,0,0,0,0,0,0,0,0,0,0,0,0,0,0,0.207264453172684,0,0,0,0.250523250159763,0,0.33004432294599,0.298732809177259,0
0,0,0,0,0,0,0,0,0.252965152263641,0,0,0,0,0,0,0,0.25152056122368,0,0.235171117999644,0,0,0,0,0,0,0,0,0,0,0,0,0,0,0,0,0,0,0,0,0,0.310105158016086,0.172228413820267,0.212187043551741,0.143250321348508,0,0.17872229218483,0.285422367378921,0,0,0,0,0,0,0,0,0,0,0,0,0,0,0,0,0,0,0,0,0,0,0,0,0,0,0,0,0,0,0,0,0,0,0,0.202810093858524,0,0.230685006779024,0,0.232870010038217
0,0.219741622606913,0,0.224754775563876,0,0.244744146863619,0,0,0,0,0,0,0,0,0,0,0,0.285555422306061,0.298424326726282,0,0,0,0,0,0,0,0,0,0,0,0,0,0,0,0,0.165763426292051,0,0,0,0.199317202751782,0,0.280167165545167,0.178003855441746,0.3131417626208,0.17872229218483,0,0,0,0.22822542488575,0.190646399890547,0,0.295386850833893,0,0,0,0,0,0.259179857969284,0,0,0,0,0.204060390432372,0,0,0,0,0,0,0,0,0,0,0,0,0,0,0,0.191022680076491,0,0.298499069993313,0,0.238701789880811,0,0.241464524603521,0.223709791898727,0
0.274829457672137,0,0.189565040171146,0,0.183553174138069,0,0,0,0,0,0,0,0,0,0,0,0.267818480730057,0,0.301567225346556,0,0.276953667402267,0,0,0,0,0,0,0,0,0,0,0,0,0,0,0,0.173602969016669,0,0,0,0.266674865637898,0,0.288254974326035,0.191650152206421,0.285422367378921,0,0,0,0.186223212839588,0,0,0,0,0,0,0,0.221862834661898,0,0,0,0,0,0,0.190900047737867,0,0,0,0,0,0,0,0,0,0.296820920059639,0,0,0,0,0,0.294976630977222,0,0.351875801881154,0.242826121491055,0.216444104909897,0.258135477098041,0,0.2660123941799
0,0,0,0,0,0,0,0,0,0,0,0,0,0,0,0,0,0,0,0,0,0,0,0,0,0,0,0,0,0,0,0.419493932615627,0.352704994569575,0.39350069208445,0.362088200277512,0.487660905718803,0.260739767303069,0.429090349564527,0.421336326123027,0.176065847898523,0.158358596108462,0.311921771083559,0.292055568382854,0,0,0,0,0,0.364685580370918,0.314519677230675,0,0,0,0,0,0,0,0,0,0,0,0,0,0,0.334241986274719,0,0,0,0,0,0,0,0,0.327285975217819,0.405395870281861,0.39238262283974,0.447439025993486,0.370813577691068,0.332026349856641,0.340657959475819,0.424365487432979,0.407598387625665,0.364146523972414,0.21152110804211,0.348055181874223,0,0
0.130304159068792,0,0.125639801331692,0,0,0,0,0,0,0,0,0,0,0,0,0,0,0,0.17634029686451,0,0,0,0,0,0,0,0,0,0,0,0,0,0,0.380911383777857,0.269805520772934,0,0,0.298510578274727,0.416636682608548,0,0.16666866935563,0,0.310613907146745,0,0,0.22822542488575,0.186223212839588,0.364685580370918,0,0.265845953189771,0,0,0,0,0.15037808965587,0,0.190461994208747,0,0.19595678610724,0,0.206747826399668,0,0,0.144790157675743,0,0,0,0.233662082390352,0,0.217985061707638,0,0.164053378360612,0,0.187425695878008,0.300635024905205,0.211297785458357,0.448223213354747,0.246736770123243,0.245496932326294,0.207878150862125,0.341915853540687,0.245669198691422,0.321894421624951,0,0.204063380067882,0,0
0,0.159182000689021,0,0.122014124560487,0,0,0,0,0,0.202407725278504,0,0,0,0,0,0,0,0,0.214845925569534,0,0,0,0,0,0,0,0,0,0,0,0,0,0,0.22627919614315,0.350541226565838,0,0,0.361774343524187,0.320031118392944,0.175824746102111,0.216257527470589,0.24960282055224,0.301530376076698,0,0,0.190646399890547,0,0.314519677230675,0.265845953189771,0,0,0,0,0,0,0.193949122868833,0,0.217455456531125,0,0.169173018712746,0,0.19878906212496,0,0,0.203255739476946,0,0.184705838561058,0,0.133533985181539,0,0.198135942141144,0,0.281797925910253,0,0.227285680174828,0,0.203282629246594,0.343765101262501,0.199568804864133,0.243784771341345,0.225137754405355,0.290781743411909,0.29266331260644,0,0.217678377330178,0.186175581481722,0
0,0,0,0,0.147412281351543,0,0,0,0.118576794862747,0,0,0,0,0,0.125480383634567,0,0,0,0,0,0.17492601275444,0,0,0,0,0,0,0,0,0,0,0,0,0,0,0,0.215684682130814,0,0,0,0,0,0,0,0,0,0,0,0,0,0,0,0.169365148459162,0,0,0,0,0,0.150163123553449,0,0.154267703493436,0,0,0.244103121486577,0,0,0,0,0,0,0,0,0,0,0,0,0,0,0,0.24757257962631,0,0,0.118123978182867,0,0.261301481723785,0,0
0,0,0,0,0,0.192142198254556,0,0,0,0,0,0,0,0.214355200529099,0,0.323162436485291,0,0,0,0.225881150274566,0,0,0,0,0,0,0,0,0,0,0,0,0,0,0,0.208882376551628,0,0,0,0,0,0,0,0,0,0.295386850833893,0,0,0,0,0,0,0,0,0,0,0,0,0,0.174541022876898,0,0,0.297555933087722,0,0,0,0,0,0,0,0,0,0,0,0,0,0,0,0.278804119229317,0,0,0,0.195588781220559,0.207907897233963,0.292218406995138,0,0
0,0,0,0,0,0,0,0,0,0,0,0,0,0,0,0,0,0,0,0,0.114120545486609,0,0,0,0,0,0,0,0,0,0,0,0,0,0,0,0,0,0,0,0,0,0,0,0,0,0,0,0,0,0.169365148459162,0,0,0,0,0,0.141788797513131,0,0.13098516953843,0,0,0,0,0,0,0,0,0,0,0,0,0,0,0,0,0,0,0,0,0,0,0,0.10998497158289,0,0,0,0
0,0,0,0,0,0,0,0.134531884213512,0,0,0,0,0,0,0,0,0,0,0,0,0,0,0,0,0,0,0,0,0,0,0,0,0,0,0,0,0,0,0,0,0,0,0,0,0,0,0,0,0,0,0,0,0,0,0,0,0,0.117157845447461,0,0,0,0,0,0,0,0,0,0,0,0,0,0,0,0,0,0,0,0,0,0,0,0,0,0,0,0,0
0.17907013132022,0,0.132773473858833,0,0.110191990103987,0,0,0,0.19220499710876,0,0,0,0,0,0.168870601654053,0,0.149880131913556,0,0,0,0,0,0,0,0.295340175697437,0,0.16351450176783,0,0,0,0,0,0,0,0,0,0,0,0,0,0,0,0.246007852990862,0,0,0,0,0,0.15037808965587,0,0,0,0,0,0,0,0,0,0,0,0.181658305317523,0,0,0,0,0,0,0.282436272270955,0,0.156020729205547,0,0,0,0,0,0,0,0,0,0,0,0,0.125260110308484,0.149956724565962,0.237813307834672,0,0
0,0.193548976337953,0,0,0,0,0,0,0,0.226827756292406,0,0,0,0,0,0.176656985908379,0,0.167541656643152,0.13244444783777,0,0,0,0,0.19128899509731,0,0.164861192856836,0,0,0,0,0,0,0,0,0,0,0,0,0,0,0,0.237305508660419,0,0,0,0,0,0,0,0.193949122868833,0,0,0,0,0,0,0,0,0,0,0,0.18941343575716,0,0,0,0,0.252399011835182,0,0,0,0,0,0,0,0,0,0,0,0,0,0,0,0.147941867825846,0,0.24354387040532,0,0
0.128663195253805,0,0.149484247501407,0,0,0,0.151964061327795,0,0,0,0.156701820945008,0,0.16411395337094,0,0,0,0,0,0,0,0.234575397253615,0,0,0,0,0,0,0,0.122620848938823,0,0.156599842782678,0,0,0,0,0,0,0,0.168498413876081,0,0,0,0.235836949814921,0,0,0,0.221862834661898,0,0.190461994208747,0,0,0,0.141788797513131,0,0,0,0,0,0.217805049533761,0,0.210505183253969,0,0,0.252202698710369,0,0,0,0,0,0,0,0.263386362445042,0,0.342208604774898,0,0,0,0,0,0.256641225623233,0,0.154832771420479,0.153193641950687,0,0.225952596304132,0,0
0,0.162043031874825,0,0,0,0,0,0.121472459700372,0,0,0,0.180759050886894,0,0.181931391931497,0,0,0,0,0,0.196539123853048,0,0,0,0,0,0,0,0,0,0.134408032690937,0,0,0,0,0,0.168431238694624,0,0.135802514664829,0,0,0,0.239994501074155,0,0,0,0.259179857969284,0,0,0,0.217455456531125,0,0,0,0.117157845447461,0,0,0,0,0,0.241425140312424,0,0.19050207272172,0.244565775429984,0,0.227292153984308,0,0,0,0,0,0.303958656425039,0,0.349633103683879,0,0,0,0,0,0.297169768147998,0,0.305282244482573,0,0.146162434248254,0,0.234202243338574,0,0
0.177587938525587,0,0,0,0.12781647965312,0,0.134289580194846,0,0.155267361674335,0,0.16790686249733,0,0.208864747752411,0,0.157592185400426,0,0,0,0,0,0,0,0,0,0,0,0,0,0,0,0,0,0,0,0,0,0,0,0,0,0,0,0,0,0,0,0,0,0.19595678610724,0,0.150163123553449,0,0.13098516953843,0,0,0,0.217805049533761,0,0,0,0.19665580712226,0,0,0,0,0,0,0,0,0,0,0,0,0,0,0,0,0,0,0,0,0,0.165615645113091,0.22253195404686,0.159451144583085,0,0
0,0.179105501265961,0,0,0,0.194502436801007,0,0.121706926396915,0,0,0,0,0,0.18556422519218,0,0.137093560504062,0,0,0,0,0,0,0,0,0,0,0,0.186767995357513,0,0,0,0,0,0,0,0,0,0,0,0,0,0,0,0,0,0,0,0,0,0.169173018712746,0,0.174541022876898,0,0,0,0,0,0.241425140312424,0,0,0,0.188496347694744,0,0,0,0,0,0,0,0,0.22563562651233,0,0,0,0,0,0,0,0,0,0,0,0.151082512506462,0.177048538746529,0.140469625592232,0,0
0.186878077889031,0,0,0,0.146103031933308,0,0,0,0.151156679947966,0,0,0,0.168717563152313,0,0.157677583092329,0,0.151024083216344,0,0,0,0,0,0,0,0,0,0,0,0,0,0,0,0,0,0,0,0,0,0,0,0,0,0,0,0,0,0,0,0.206747826399668,0,0.154267703493436,0,0,0,0.181658305317523,0,0.210505183253969,0,0.19665580712226,0,0,0,0,0,0,0,0,0.229230080332075,0,0.206284150481224,0,0.161554975855735,0,0,0,0,0,0,0,0,0,0,0.166605237453714,0.179977850654186,0.213793004552523,0,0
0,0.177486836302037,0,0,0,0,0,0,0,0.179600893956497,0,0,0,0.153812033886259,0,0.166307438681248,0,0.131336434998296,0,0,0,0,0,0,0,0,0,0,0,0,0,0,0,0,0,0,0,0,0,0,0,0,0,0,0,0,0,0,0,0.19878906212496,0,0,0,0,0,0.18941343575716,0,0.19050207272172,0,0.188496347694744,0,0,0,0,0,0,0,0,0,0,0,0,0,0,0,0,0,0,0,0,0,0,0.189492657485575,0.210617397512708,0,0,0
0,0,0,0.235435135662556,0,0.225772524165117,0,0,0,0,0,0.160504869980751,0,0,0,0,0,0,0,0.148415471047602,0,0,0,0,0,0,0,0,0,0,0,0,0,0,0,0.144497798572959,0,0.157506125668685,0,0.205460335139949,0,0,0,0,0,0.204060390432372,0,0,0,0,0,0.297555933087722,0,0,0,0,0,0.244565775429984,0,0,0,0,0,0,0,0,0,0,0,0,0,0,0.252504782101443,0,0,0,0,0,0.229377779149974,0,0.2950508549732,0,0.131003799266182,0.111206095665693,0.270452067883521,0,0
0,0,0.1703445727742,0,0.203811519140563,0,0,0,0,0,0.180397949295073,0,0,0,0,0,0,0,0,0,0.208048876357949,0,0,0,0,0,0,0,0,0,0,0,0,0,0,0,0.164195027792533,0,0,0,0.205937345765288,0,0,0,0,0,0.190900047737867,0,0.144790157675743,0,0.244103121486577,0,0,0,0,0,0.252202698710369,0,0,0,0,0,0,0,0,0,0,0,0,0,0,0,0,0.325760326384284,0,0,0,0,0,0.221857277157809,0,0.40436061223348,0.131218422204256,0,0.30628672191585,0,0
0,0,0,0,0,0,0,0,0,0,0,0,0,0,0,0,0,0,0,0,0,0.122573655060154,0.107976052496168,0.117789760231972,0,0,0,0.142354259567876,0,0,0,0,0,0,0,0,0,0.184388341119801,0,0,0,0,0,0,0,0,0,0.334241986274719,0,0.203255739476946,0,0,0,0,0,0,0,0.227292153984308,0,0,0,0,0,0,0,0.115202849385915,0.109710052609444,0,0,0,0.213180765229253,0,0.225109219551086,0,0,0,0,0,0,0,0.213362619365641,0,0.127037887911306,0,0,0,0
0,0,0,0,0,0,0,0,0,0,0,0,0,0,0,0,0.167774935698105,0,0,0,0,0.112330317348242,0.137613734475111,0,0,0,0.150403274968266,0,0.153749556541443,0,0,0,0,0,0,0,0,0,0.145409241820555,0,0,0,0,0,0,0,0,0,0,0,0,0,0,0,0,0,0,0,0,0,0,0,0,0,0.115202849385915,0,0,0.219083749096502,0,0,0,0.146239426893157,0,0,0,0,0,0,0,0,0,0.144540098447331,0.131620106852916,0.176544685501094,0,0,0
0,0.159478632112344,0,0,0,0,0,0,0,0.304313360651334,0,0,0,0,0,0,0,0,0,0,0,0.105075455456972,0,0.171855596174677,0,0.1752140480865,0,0,0,0,0,0,0,0,0,0,0,0.135230979272004,0,0,0,0,0,0,0,0,0,0,0,0.184705838561058,0,0,0,0,0,0.252399011835182,0,0,0,0,0,0,0,0,0.109710052609444,0,0,0,0,0,0,0,0,0,0,0,0,0,0,0,0.146311883094176,0,0.147368001067533,0,0.220835479813209,0,0
0.162026897072792,0,0,0,0,0,0,0,0.301895944215357,0,0,0,0,0,0,0,0,0,0,0,0,0,0,0,0.137955219450372,0,0.146624414493208,0,0,0,0,0,0,0,0,0,0,0,0.140883854135524,0,0,0,0,0,0,0,0,0,0.233662082390352,0,0,0,0,0,0.282436272270955,0,0,0,0,0,0.229230080332075,0,0,0,0,0.219083749096502,0,0,0,0.169510616661479,0,0,0,0,0,0,0,0,0,0,0,0.143345977161445,0.143218935049813,0,0.213661980061304,0,0
0,0,0,0,0,0,0,0,0,0,0,0,0,0,0,0.136245131492615,0,0.123771728300616,0,0,0,0,0,0,0,0.166494442967417,0,0.161686087541025,0,0,0,0,0,0,0,0,0,0,0,0,0,0,0,0,0,0,0,0,0,0.133533985181539,0,0,0,0,0,0,0,0,0,0,0,0,0,0,0,0,0,0,0,0,0.19403912250388,0,0,0,0,0,0,0,0,0,0,0,0.162293641627589,0,0,0,0
0,0,0,0,0,0,0,0,0.163535639809238,0,0,0,0,0,0,0,0.139914355085542,0,0,0,0,0,0.158134363591671,0,0.156990072609466,0,0.15378196043527,0,0.174944948937212,0,0,0,0,0,0,0,0,0,0,0,0,0,0,0,0,0,0,0,0.217985061707638,0,0,0,0,0,0.156020729205547,0,0,0,0,0,0.206284150481224,0,0,0,0,0,0,0.169510616661479,0,0,0,0.179596891304208,0,0,0,0,0,0,0,0,0,0,0.160257444081997,0.175671190023422,0.227512430399656,0,0
0,0,0,0,0,0,0,0,0,0,0,0,0,0,0,0,0,0.162375494837761,0,0,0,0.145857264627022,0,0,0,0.151931583881378,0,0.169737644779408,0,0.158697663591458,0,0,0,0,0,0,0,0.2065458930201,0,0,0,0.364194869995117,0,0,0,0,0,0,0,0.198135942141144,0,0,0,0,0,0,0,0.303958656425039,0,0.22563562651233,0,0,0,0,0.213180765229253,0,0,0,0.19403912250388,0,0,0,0.282199122920079,0,0,0,0,0,0,0,0.201492507010698,0,0.160207801559091,0.163793109265375,0.364637863361973,0,0
0.154731005430222,0,0,0,0,0,0,0,0,0,0,0,0,0,0,0,0,0,0,0,0,0,0.145169846973447,0,0,0,0.168553459644318,0,0.152670518038511,0,0,0,0,0,0,0,0,0,0.14133127698721,0,0,0,0.294470220804214,0,0,0,0,0,0.164053378360612,0,0,0,0,0,0,0,0.263386362445042,0,0,0,0.161554975855735,0,0,0,0,0.146239426893157,0,0,0,0.179596891304208,0,0,0,0.261175568481429,0,0,0,0,0,0,0,0.225405603434965,0.14666641280055,0.165360388548478,0.337751883425211,0,0
0,0,0,0,0,0,0,0,0,0,0,0.128107153943607,0,0,0,0,0,0,0,0.227324285677501,0,0,0,0,0,0,0,0.176339757059799,0,0.162641592962401,0,0,0,0,0,0,0,0.135962154716253,0,0.230287144990528,0,0.273732528963592,0,0,0,0,0,0,0,0.281797925910253,0,0,0,0,0,0,0,0.349633103683879,0,0,0,0,0.252504782101443,0,0.225109219551086,0,0,0,0,0,0.282199122920079,0,0,0,0,0,0,0,0.221600648760796,0,0.256386926434687,0,0.125143798777745,0,0.331663979298279,0,0
0,0,0,0,0,0,0,0,0,0,0,0,0,0,0,0,0,0,0.184536725282669,0,0.245093492446122,0,0,0,0,0,0,0,0.162195893802813,0,0.178842160218167,0,0,0,0,0,0,0,0,0,0.217388844915799,0,0.242592173448096,0,0,0,0.296820920059639,0.327285975217819,0.187425695878008,0,0,0,0,0,0,0,0.342208604774898,0,0,0,0,0,0,0.325760326384284,0,0,0,0,0,0,0,0.261175568481429,0,0,0,0,0,0,0,0.190567582272566,0,0.202706005959444,0,0,0.301321203641394,0,0.242832213640213
0,0,0,0,0,0,0,0,0,0,0,0,0,0,0,0,0,0,0,0,0,0,0,0,0,0,0,0,0,0,0,0.261880689630222,0.25436113588311,0.273271271640604,0.276702284812927,0.151100215812524,0,0.285195353958342,0,0,0,0,0,0,0,0,0,0.405395870281861,0.300635024905205,0.227285680174828,0,0,0,0,0,0,0,0,0,0,0,0,0,0,0,0,0,0,0,0,0,0,0,0,0,0.266941276035811,0.288991336289808,0.282694632356817,0.248930419248865,0.405437918132839,0.270590941732128,0,0.169110277089579,0,0,0,0
0,0,0,0,0,0,0,0,0,0,0,0,0,0,0,0,0,0,0,0,0,0,0,0,0,0,0,0,0,0,0,0.225927938437996,0.317789768162645,0.199915627638499,0.301799669523131,0.230264358222485,0.21855073839384,0,0,0,0.170591328825269,0,0,0,0,0,0,0.39238262283974,0.211297785458357,0,0,0,0,0,0,0,0,0,0,0,0,0,0,0,0,0,0,0,0,0,0,0,0,0,0.266941276035811,0,0.227187295754751,0.376862738212643,0.43158836544035,0.26950121716472,0.204419836401939,0.233218950219452,0.186359977034422,0,0,0,0
0,0,0,0,0,0,0,0,0,0,0,0,0,0,0,0,0,0,0,0,0,0,0,0,0,0,0,0,0,0,0,0.291298707258211,0.303924159279891,0.334875958278968,0.295828882733296,0,0,0.263351588317605,0.292984533309937,0,0,0,0,0,0,0,0,0.447439025993486,0.448223213354747,0.203282629246594,0,0,0,0,0,0,0,0,0,0,0,0,0,0,0,0,0,0,0,0,0,0,0,0,0.288991336289808,0.227187295754751,0,0.299239988459481,0.256992445604221,0,0.267738417073213,0.449579053803494,0.312021583966587,0.193008124828339,0,0,0
0,0,0,0,0,0,0,0,0,0,0,0,0,0,0,0,0,0,0,0,0,0,0,0,0,0,0,0,0,0,0,0.324242785573006,0.249934363823671,0.230873100448304,0.254596044096286,0,0.169861406087875,0.254987967865808,0.238678749150786,0,0,0,0,0,0,0,0,0.370813577691068,0.246736770123243,0.343765101262501,0,0,0,0,0,0,0,0,0,0,0,0,0,0,0,0,0,0,0,0,0,0,0,0,0.282694632356817,0.376862738212643,0.299239988459481,0,0.306352764368057,0.267326059631259,0.45654006760854,0.254329727302942,0.215468989218568,0.155816382914782,0,0,0
0,0,0,0,0,0.232710853866909,0,0,0,0,0,0.151431638058576,0,0,0,0,0,0,0,0.148085869397178,0,0,0,0,0,0,0,0,0,0,0,0.330335029104115,0.390062881012758,0.322657612911085,0.321248888969421,0.176158475653866,0.144680764486915,0.201054282254814,0,0.250429488513033,0.311230612405832,0.223315585173204,0,0.207264453172684,0,0.191022680076491,0,0.332026349856641,0.245496932326294,0.199568804864133,0,0.278804119229317,0,0,0,0,0,0.297169768147998,0,0,0,0,0.229377779149974,0,0,0,0,0,0,0,0,0,0.221600648760796,0,0.248930419248865,0.43158836544035,0.256992445604221,0.306352764368057,0,0.375674481735366,0.219368225059776,0,0.156047124685398,0.144119575619698,0.308905391953495,0.304562598466873,0
0,0,0.176049798727036,0,0.203392146249949,0,0.126834193865458,0,0,0,0.145124467983842,0,0,0,0,0,0,0,0,0,0.144448311888765,0,0,0,0,0,0,0,0,0,0,0.353246567004229,0.283647951489087,0.270259521156549,0.240317423683239,0.183027444132944,0.163414535247172,0,0.150733625932226,0,0.199717732824219,0,0.22790079562868,0,0,0,0.294976630977222,0.340657959475819,0.207878150862125,0.243784771341345,0.24757257962631,0,0,0,0,0,0.256641225623233,0,0,0,0,0,0,0.221857277157809,0,0,0,0,0,0,0,0,0,0.190567582272566,0.405437918132839,0.26950121716472,0,0.267326059631259,0.375674481735366,0,0,0.20360736841602,0.159018388386351,0.175801068728353,0.372826949645219,0,0.263424463802949
0,0,0,0,0,0,0,0,0,0,0,0.146197394720305,0,0,0,0,0,0,0,0.188496070632076,0,0.176242180777905,0,0.156977076199837,0,0,0,0.168638017408702,0,0.149761665307108,0,0.285720869898796,0,0.264313481276921,0.363892866505517,0.171819942102906,0,0.213870315388341,0.409777975082397,0.225789951168614,0,0.243787187008889,0.320875763893127,0,0,0.298499069993313,0,0.424365487432979,0.341915853540687,0.225137754405355,0,0,0,0,0,0,0,0.305282244482573,0,0,0,0,0.2950508549732,0,0.213362619365641,0,0.146311883094176,0,0,0,0.201492507010698,0,0.256386926434687,0,0.270590941732128,0.204419836401939,0.267738417073213,0.45654006760854,0.219368225059776,0,0,0.359509554353343,0.215721857810829,0.158573911101981,0.340391210280154,0.287707373418886,0
0,0,0,0,0,0,0,0,0,0,0.162047208904172,0,0,0,0,0,0,0,0,0,0,0,0.148572972966318,0,0.135687341440368,0,0,0,0.153183334089559,0,0.154067408210701,0,0,0.36904900363548,0.229974060294297,0,0.189993677319154,0.1576497196182,0.19272460576877,0,0.229125179070279,0,0.240500051350821,0,0,0,0.351875801881154,0.407598387625665,0.245669198691422,0.290781743411909,0,0,0,0,0,0,0.154832771420479,0,0,0,0,0,0,0.40436061223348,0,0.144540098447331,0,0.143345977161445,0,0,0,0.225405603434965,0,0.202706005959444,0,0.233218950219452,0.449579053803494,0.254329727302942,0,0.20360736841602,0.359509554353343,0,0.238318611989951,0.188989314505953,0.386149974449185,0,0.27158044337442
0.275469731203633,0.124326058292299,0.140894359908998,0.112429592471856,0.148658999763839,0.182100344760423,0.165462189003245,0.159775740750458,0.172676316930103,0.175170598402508,0.128212226067598,0.152261977673185,0.160756141799223,0.173894491906349,0.167079431789794,0.205441154934692,0.178877148947912,0.177773856873676,0.197877881413421,0.113229954854036,0.121578529311551,0.126005509820554,0.121609137464292,0.126101866390621,0.143853214051988,0.133120919068972,0.137174895827155,0.151899211479786,0.161323589303636,0.14055251588042,0,0.14808201789856,0.17560392220815,0.188189170638421,0.232936311099264,0.189057352865296,0.16565942147919,0.174241616033999,0.194112724636463,0.209916386534186,0.281121258934339,0.202752596395687,0.207647351298219,0.250523250159763,0.202810093858524,0.238701789880811,0.242826121491055,0.364146523972414,0.321894421624951,0.29266331260644,0.118123978182867,0.195588781220559,0.10998497158289,0,0.125260110308484,0.147941867825846,0.153193641950687,0.146162434248254,0.165615645113091,0.151082512506462,0.166605237453714,0.189492657485575,0.131003799266182,0.131218422204256,0.127037887911306,0.131620106852916,0.147368001067533,0.143218935049813,0.162293641627589,0.160257444081997,0.160207801559091,0.14666641280055,0.125143798777745,0,0.169110277089579,0.186359977034422,0.312021583966587,0.215468989218568,0.156047124685398,0.159018388386351,0.215721857810829,0.238318611989951,0,0.255498630182732,0.242885915041285,0.172326270715687,0.177575147317515
0,0,0,0,0.209746466151306,0.214853862600942,0.251609086990356,0,0.177806410455951,0.253927687140104,0.156913551688194,0,0.19501521251481,0.200421659962127,0.172025301721361,0.263760157550375,0.169096576200552,0.156241374502621,0.181126612358757,0.123006988730696,0,0.247286016234276,0.224102741093547,0.127729341387749,0,0,0.183791694541772,0.160090720653534,0.139538702421955,0,0,0,0,0.187867809087038,0.200983663555235,0.432298913187647,0.22310300152782,0.149740777321552,0.196971017067079,0,0,0,0,0,0,0,0.216444104909897,0.21152110804211,0,0,0,0.207907897233963,0,0,0.149956724565962,0,0,0,0.22253195404686,0.177048538746529,0.179977850654186,0.210617397512708,0.111206095665693,0,0,0.176544685501094,0,0,0,0.175671190023422,0.163793109265375,0.165360388548478,0,0,0,0,0.193008124828339,0.155816382914782,0.144119575619698,0.175801068728353,0.158573911101981,0.188989314505953,0.255498630182732,0,0.132671070098877,0,0
0.189110051595165,0.169526719391293,0.140220491563745,0.161975902441032,0.132201825228074,0.1997006359149,0,0,0.230981091427399,0.204155094581207,0.14038360118866,0,0,0,0,0,0.270575874231078,0.313276246190071,0.287495938032404,0.15195525623858,0.18540337017544,0,0,0.243711277842522,0.212118244171143,0,0,0,0,0,0,0,0,0,0.31279863913854,0.157125332906504,0.184046982114132,0.202973208899768,0.225613759032318,0.285324686888082,0.261852818795226,0.249564804097658,0.24832615590807,0.33004432294599,0.230685006779024,0.241464524603521,0.258135477098041,0.348055181874223,0.204063380067882,0.217678377330178,0.261301481723785,0.292218406995138,0,0,0.237813307834672,0.24354387040532,0.225952596304132,0.234202243338574,0.159451144583085,0.140469625592232,0.213793004552523,0,0.270452067883521,0.30628672191585,0,0,0.220835479813209,0.213661980061304,0,0.227512430399656,0.364637863361973,0.337751883425211,0.331663979298279,0.301321203641394,0,0,0,0,0.308905391953495,0.372826949645219,0.340391210280154,0.386149974449185,0.242885915041285,0.132671070098877,0,0.261255806699067,0.240578856189021
0,0.179798938333988,0,0,0,0,0,0,0,0.165475788215796,0,0,0,0,0,0,0,0.235655146566304,0.220741878813158,0,0,0,0,0,0,0,0,0,0,0,0,0,0,0,0,0,0,0,0,0.233014732599258,0,0.242061166945765,0.209989875555038,0.298732809177259,0,0.223709791898727,0,0,0,0.186175581481722,0,0,0,0,0,0,0,0,0,0,0,0,0,0,0,0,0,0,0,0,0,0,0,0,0,0,0,0,0.304562598466873,0,0.287707373418886,0,0.172326270715687,0,0.261255806699067,0,0
0.235380984450641,0,0.196416214108467,0,0,0,0,0,0.20322523266077,0,0,0,0,0,0,0,0.23427765947931,0,0.197410023931215,0,0,0,0,0,0,0,0,0,0,0,0,0,0,0,0,0,0,0,0,0,0.260132463054454,0,0.193609274568789,0,0.232870010038217,0,0.2660123941799,0,0,0,0,0,0,0,0,0,0,0,0,0,0,0,0,0,0,0,0,0,0,0,0,0,0,0.242832213640213,0,0,0,0,0,0.263424463802949,0,0.27158044337442,0.177575147317515,0,0.240578856189021,0,0
