0,0,0.0176555645423017,0,0,0,0,0,0.0999813524905147,0,0,0,0,0,0.000449368103361516,0,0.000149928110397954,0,0.00557906277377285,0,0,0,0,0,7.77557412057206e-05,0,0,0,0,0,0,0,0,0,0,0,0,0,5.40303013595359e-06,0,6.49486238477916e-05,0,0.0164665861894677,0,0.000651891855213999,0.000143900124405048,0.000408194729812601,2.18553821173901e-05,0.0115964623537781,0,0.001739449646353,0,0,0,0.0411314709419815,0,0.000566060347245024,0,0.00027523007632875,0,0.0137065565724297,0,0,0.000808156892836813,0,0,0,0,0,0,0,8.19841101887611e-05,0,0.000375015211966744,0,0,0,0,2.47567364502067e-06,2.1647269182776e-05,0,0,0.000576265312929811,1.5815854509874e-05,0.0133208641714663,0,0.00351440891367405
0,0,0,0.00845670277221621,0,0,0,0,0,0.0681509612072929,0,0,0,0,0,0,0,0,0.0033333745624576,0,0,0,0,0,0,0,0,0,0,0,0,0,0,0,0,0,0,3.19582313604381e-06,0,0.00179811508189176,0,0.0172566161950742,0,0.00037306206679298,0,0.00197948779859011,0,8.00553418670589e-06,0,0.00726962567172486,0,0,0,0,0,0.0925012747453052,0,0.00039202239662075,0,0,0,0.000654824048631972,4.61139008220727e-05,0,0,0,0.000161871907852815,0,0,0,0,0,0.000912336329122576,0,0,0,0,0,0.000283795079973182,0,1.38842098393081e-05,0,0.000691258195745031,6.40457178897862e-05,0.0135379944881523,0.00290331574215279,0
0.0176555645423017,0,0,0.000109337259970169,0.0503655106185748,0,0,0,0.0389704844699901,0,0,0,0,0,0.000162063205983734,0,0,0,4.26558089230333e-05,0,0,0,0,0,0,0,0,0,0,0,0,0,0,0,0,0,6.72575940312942e-05,0,0,3.34128581893534e-05,0.00281243675371205,1.26553251898515e-05,0.00958170752954083,0,0.00169666092199905,0.000917305317545332,0.00254922502781977,0.000351199831783212,0.00609693294950443,0,0.0742446258898421,0,0,0,0.0337592748006252,0,0.00353421273855591,0,0.00273362828786736,0,0.0947452745540899,0,2.06110819400339e-05,4.77011708595841e-05,0,0,0,0,0,0,0,0,0,0.000178196794161049,0,0,0,0,9.25697517716566e-06,3.24786749315918e-06,0,0,0.000245065722629256,2.97082055656496e-05,0.00817510947703537,0,0.00247815712367861
0,0.00845670277221621,0.000109337259970169,0,0,0.0657224806994254,0,0,0,0.024275403015245,0,0,0,0,0,0,3.51528624988269e-05,8.75291381870679e-06,0.000270676577981252,0,0,0,0,0,0,0,0,0,0,0,0,0,0,0,0,7.53230602270614e-05,3.59123955265159e-06,3.14075599962319e-05,0,0.00207439106988715,0,0.036392529052214,1.6968482718701e-05,0.00265987655651888,0,0.0067553138813603,0.000190637155070437,0.00259698365232503,3.95634272379794e-05,0.00735572144905525,0,0.0546428988937039,0,0,0,0.0339833237507414,0.000393314263889125,0.0063373140704258,0,0.00149005641901469,0,0.0197933854215386,0.00197107340343865,1.61031888504021e-05,0,0,0,0,0,0,0,0,0.00546260368016657,0,0,0,0,0,0.00046680319311907,2.04948736040517e-06,5.66780910299478e-06,0,0.000961204095817511,1.62454671035907e-05,0.0269261830124349,0.00279301027320404,0.000189487287328989
0,0,0.0503655106185748,0,0,0,0.0121616106681829,0,0.0233720761882722,0,0,0,0,0,0,0,0,0,9.95489977446713e-06,0,0.00285390160613636,0,0,0,0,0,0,0,0,0,0,0,0,0,0,0,2.44227912078988e-05,0,0,0,4.63130720152851e-05,0,0.0013414883286628,0,0,0.00076850262950202,0.000895403509728488,3.49406336602655e-05,0.00263052371027722,0,0.066927780562748,0,0,0,0.00316933141788245,0,0.00475179309435823,0,0.00129630248921615,0,0.00431321797694776,0,0,0.000559841823896193,0,0,0,0,0,0,0,0,0,0,0,0,0,0,0,8.58304294584526e-05,0,0,0.000429470628745038,0.000351419222445379,0.00467908783954129,0,0.00136067869338737
0,0,0,0.0657224806994254,0,0,0,0.000466129063831865,0,0.00680783898291718,0,0,0,0,0,0,0,2.48234692001043e-05,0,0.00322246490537137,0,0,0,0,0,0,0,0,0,0,0,0,0,0,0,0,0,5.35850540120397e-06,0,0.000253803574041821,0,0.00259490197708327,0,0,0,4.96333714953547e-05,0,0,0,0.000305810946074032,0,0.141620721309849,0,0.0113412131690751,0,0.000642012608079126,0,0.00125730076933732,0,0.000553385747725091,0,0.00243357364885758,0.00213047781219023,1.70607683505806e-05,0,0,0,0,0,0,0,0,0.000405933257465806,0,0,0,0,0,6.26881578595212e-05,0,0,0,0.00180418472792341,0.000182744401958576,0.00218329373397695,0.000225373291850915,0
0,0,0,0,0.0121616106681829,0,0,0,0,0,0,0,0,0,0,0,0,0,0,0,0.00514935717849367,0,0,0,0,0,0,0,0,0,0,0,0,0,0,0,0,0,0,0,0,0,0,0,0,0,0,0,0,0,0.00127119071947513,0,0.00978206641363477,0,0,0,0.0271033949666788,0,0.00223390178350648,0,0,0,0,0,0,0,0,0,0,0,0,0,0,0,0,0,0,0,0,0,0,0,4.13352108807885e-06,0,0,0,0
0,0,0,0,0,0.000466129063831865,0,0,0,0,0,0,0,0.00252137584866933,0,0,0,0,0,0,0,0,0,0,0,0,0,0,0,0,0,0,0,0,0,0,0,0,0,0,0,0,0,0,0,0,0,0,0,0,0,0.0304423804750528,0,0.0146273079624841,0,0,0,0.00576011928108125,0,0.00563112408750683,0,0,0.000297341400688414,0,0,0,0,0,0,0,0,0,0,0,0,0,0,0,2.26818568854132e-06,0,0,0,0.000455334565180926,0,4.84785299610118e-05,0,0
0.0999813524905147,0,0.0389704844699901,0,0.0233720761882722,0,0,0,0,0,0,0,0,0,0.0584998939751455,0,0.0108066806345432,9.27683081977681e-05,0.000344512194094903,0,0,4.7555432552953e-05,0,0,0.00645880133543281,0,0.0163090298250427,0,0,0,0,0,0,0,0,0,0,0,1.15978295670119e-05,0,0,0,0.00701367786998565,0,0.000456705737805195,0.000280072540376416,0.000487883579996372,0,0.00436988662556208,0,0.012402308495448,0,0,0,0.180260708642248,0,0.00250827772186356,0,5.64146241646326e-05,0,0.0627912785518202,0,0,0.000628167923497064,0,0,0,0,0,0.00706925334590593,0,0,0,0.000751616793424724,0,0,0,0,0,3.51198621321994e-05,0,2.82798003774392e-05,0.00398300063730337,3.34556589839659e-05,0.00727092734851695,0,0.00214046520280755
0,0.0681509612072929,0,0.024275403015245,0,0.00680783898291718,0,0,0,0,0,0,0,0,0,0.0212040287129696,0,3.11136646422069e-05,3.43881668090488e-05,0,0,0,0,0.0017906368512659,0,0,0,0,0,0,0,0,0,0,0,0,0,0.000322571420723618,0,0,0,0.00348709870069033,0,0,0,0.000311635596301307,0,4.79448915463583e-05,0,0.00091991184953337,0,0,0,0,0,0.200090654951388,0,0.000127162338829656,0,0,0,0.00289661083502487,0.000114361375137566,0,0,0,0.000643045353669498,0,0,0,0,0,0.000332491142031977,0,0,0,0.000101126799218142,0,8.04746641866835e-06,0,0.000188742329732056,0,0.00443664755047652,0.000202469509550697,0.00259113470710511,0,0
0,0,0,0,0,0,0,0,0,0,0,0,0.00104671419528067,0,0,0,0,0,0,0,0.0337638853934856,0,0,0,0,0,0,0,0,0,0.0151866540349442,0,0,0,0,0,0.000273563754418422,0,0.00811600414374935,0,0,0,0,0,0,0,0,0,0,0,0,0,8.31527001744787e-05,0,0,0,0.098895449393267,0,0.00444748492518281,0,0,0,0,0.00217467973865739,0,0,0,0,0,0,0,0,0,0.00294912233732341,0,0,0,0,0,1.27653906226049e-06,0,0.00431107621759193,0.000733869698745417,0,0,0,0
0,0,0,0,0,0,0,0,0,0,0,0,0,0.0118319803365357,0,0,0,0,0,0.0173921929505535,0,0,0,0,0,0,0,0.00289695509535478,0,0,0,0,0,0,0,0,0,0.00388520295916373,0,0,0,0,0,0,0,0,0,0,0,0,0,0.00124718686558812,0,0.00036898665712215,0,0,0,0.0521956085807691,0,0.00486622466955564,0,0,0.0136597707391851,0,0,0,0,0,0,0,0.00407404016865478,0,0,0,0,0,0,0,0,0,0.000351998087407105,0,0.000417650120059534,0,0.000150790060330158,0,0
0,0,0,0,0,0,0,0,0,0,0.00104671419528067,0,0,0,0.000343858214000616,0,0,0,0,0,0,0,0,0,0,0,0,0,0.00504879719500137,0,0,0,0,0,0,0,0,0,0,0,0,0,0,0,0,0,0,0,3.18453709767905e-05,0,3.56281170822157e-05,0,0,0,0,0,0,0,0.0078386296756997,0,0.00293883670885467,0,0,0,0,0,0,0,0,0,0,0,0,0,0,0,0,0,0,0,0,0,1.66244508022646e-05,0,0,0,0
0,0,0,0,0,0,0,0.00252137584866933,0,0,0,0.0118319803365357,0,0,0,0,0,0,0,0,0,0,0,0,0,0,0,0,0,0,0,0,0,0,0,0,0,0,0,0,0,0,0,0,0,0,0,0,0,0,0,0,0,0,0,0,0,0.00554589123420235,0,0.00877124030250821,0,0.00297388203587079,0,0,0,0,0,0,0,0,0,0,0,0,0,0,0,0,0,0,0,0,9.75448242477886e-05,0,0,0,0
0.000449368103361516,0,0.000162063205983734,0,0,0,0,0,0.0584998939751455,0,0,0,0.000343858214000616,0,0,0,0,0,0,0,0,0,0,0,0,0,0,0,0,0,0,0,0,0,0,0,0,0,0,0,0,0,0,0,0,0,0,0,6.8705167901373e-05,0,0.000816172358150118,0,0,0,0.0436317898661888,0,0,0,0.00368546451316091,0,0.0726000636886337,0,0,0,0,0,0,0,0,0,0,0,0,0,0,0,0,0,0,0,0,0,0.000123615628734276,0.00304934725139941,0.00017455693427754,0,0
0,0,0,0,0,0,0,0,0,0.0212040287129696,0,0,0,0,0,0,0,0,0,0,0,0,0,0,0,0,0,0,0,0,0,0,0,0,0,0,0,0,0,0,0,0,0,0,0,0,0,0,0,0,0,0.00109161402509233,0,0,0,0.0136494147987176,0,0,0,0,0,0.0339569349542976,0,0,0,0,0,0,0,0,0,0,0,0,0,0,0,0,0,0,0,0,0.000327974777823114,5.85077159181392e-05,0,0,0
0.000149928110397954,0,0,3.51528624988269e-05,0,0,0,0,0.0108066806345432,0,0,0,0,0,0,0,0,0.206845161253772,0.0652683135609722,0,2.24905407770492e-05,0.000875116008051701,0.000407234024264945,0,0.000231966242786965,0.000156215752554714,0.00162667813493673,0,0,0,0,0,0,0,0,0,3.38129558410274e-06,0,0,0.000993917585692616,0.000714787430178588,0.00132247655239782,0.00180317978874591,0.000442174455417346,0.00111234619403016,0.00155005527491554,0.00457232088623952,2.52072945271828e-06,8.35997517424636e-06,0,0,0,0,0,9.73834447923995e-05,0,6.99826931973117e-05,4.53919175783031e-05,0,0,0,0,7.05588391945647e-05,0.00107552845695954,0,0,0,0,0,0,0,0,4.28023986895975e-05,0,0,0,0,0,0.000382150088401076,0.000989770646333377,3.44497254881048e-05,6.46229793686985e-05,0.0190903053177624,0.00170001122480209,0.0072868176986081,0.000578739869136087,0.00120703412083544
0,0,0,8.75291381870679e-06,0,2.48234692001043e-05,0,0,9.27683081977681e-05,3.11136646422069e-05,0,0,0,0,0,0,0.206845161253772,0,0.039476003251625,0,0,0.00438781553322166,3.96546753641494e-06,0.00180740704174859,0.000125157741960483,0.00563247622473544,4.36283490341105e-05,0,0,0,0,0,0,0,0,0,1.55549878276858e-05,0,0,0.00110431460730474,0.000641119983409854,0.00227490959115599,0.000565149275530672,0.000821330962408922,0.000153886059991203,0.00146034197897034,0.00163783711147591,8.98551403208037e-06,3.5426638122844e-06,2.38045024194521e-05,0,0,0,0,0,2.24744344450301e-05,9.57264706751758e-06,1.20501119332853e-05,0,0,0,0,4.68981170883421e-05,0.000162511436444402,0,0,0,0,0.000173590393387713,0,0,0,2.86371094526361e-05,0,0,0,0,0,0.000376071414276177,0.000296303166755733,3.57257874385248e-05,4.55966533884615e-06,0.0209221370546172,0.015277152636167,0.00364920856476253,0.000759494754993152,0.000381935547002237
0.00557906277377285,0.0033333745624576,4.26558089230333e-05,0.000270676577981252,9.95489977446713e-06,0,0,0,0.000344512194094903,3.43881668090488e-05,0,0,0,0,0,0,0.0652683135609722,0.039476003251625,0,0,0.000156806029328257,0.000167035374291854,0,0,2.79865758249977e-05,0,0,0,0,0,0,0,0,0,0,1.03435438715187e-05,9.81595116420714e-05,0,0,0.0220723225442378,0.0113253431776315,0.0428841224988693,0.026121416482175,0.0100243005016288,0.00855965852967266,0.0228659070651623,0.0365792887932611,0.000176583692651438,0.000940396723165543,0.000150184146248262,7.66847619372568e-06,0,0,0,0,1.72410849244001e-05,0.000499813790656321,0.00175799819841203,0,0,7.03475403996835e-05,0,0.000439277458301955,0.00707060253537849,0,0,0,0,0,0,0,0,0.00258807474161508,0.000294533088362493,0,0,0,0,0.0063231906599403,0.00999945108073924,0.000167890081514811,0.000208037879791378,0.0161447871174599,0.000144582785490397,0.0803884307236283,0.0233372307516262,0.0107435527643883
0,0,0,0,0,0.00322246490537137,0,0,0,0,0,0.0173921929505535,0,0,0,0,0,0,0,0,0,0,0,0,0,0,0,0,0,0,0,0,0,0,0,0.00638708883459459,0,0.00125736679129177,0,0,0,0,0,0,0,0.000213298159941806,0,0,0,0,0,0,0,0,0,0,0,0.00151688601660551,0,0,0,0,0.0686102694125233,0,0,0,0,0,0,0,0,0,0,0,0,0,0,0,0.00616486134867193,0,0,0,0.000493115091740892,0.000135875177412177,0.00375447068115583,0,0
0,0,0,0,0.00285390160613636,0,0.00514935717849367,0,0,0,0.0337638853934856,0,0,0,0,0,2.24905407770492e-05,0,0.000156806029328257,0,0,0,0,0,0,0,0,0,0,0,0,0,0,0,0,0,0.00532302743762178,0,0.00284026714734602,0,0,0,9.0577207939738e-05,0,7.08880001894408e-05,0,0.00131695241298909,0,0,0,0.00118448700548062,0,0.0103052073874079,0,0,0,0.0167318838141961,0,0,0,0,0,0,0.0948419813149577,0,0,0,0,0,0,0,0,0,0.000478198815160795,0,0,0,0,0,0.00389680317382425,0,0.000357632828086847,0.00255109042266259,0,0.00341913639067973,0,0
0,0,0,0,0,0,0,0,4.7555432552953e-05,0,0,0,0,0,0,0,0.000875116008051701,0.00438781553322166,0.000167035374291854,0,0,0,0.00103048103208089,0.00140509258753551,0,0.000112250588812721,0,0.000217271600267142,0,0,0,0,0,0,0,0,0,0.00476197736246622,0.000707192521608358,0,0,0,0,0,0,0,1.86869059416762e-05,5.21894726067515e-05,0,0.00069989726878121,0,0,0,0,0,0,0,0,0,0,0,0,0,0,0.0604792307118328,7.02714668473245e-05,0.00269604470289392,0,0.000767323854820624,0,0.000481772904318027,0,0,0,0,0,8.08790719984171e-05,0,0,0,0.00268460026398433,0.000155605231588665,0.0026415964362813,0.00182832828857064,1.06727735701431e-05,0,0
0,0,0,0,0,0,0,0,0,0,0,0,0,0,0,0,0.000407234024264945,3.96546753641494e-06,0,0,0,0.00103048103208089,0,0,0.000821631159493526,0,0.000620435782210656,0,0.00148838230347846,0,0,0,0,0,0,0,0,0,0.00517430162359902,0,0,0,0,0,0,0,0,0,0.00168761548870192,0,0,0,0,0,0,0,0,0,0,0,0,0,0,0,0.000108995795549145,0.0500560926732369,0,0.000863229938308499,0,0.00108086063625918,0,0.000342926275549518,0,0,0,0,0,0,0,0,0,0.0013305156461141,0.000762334203156394,0,3.02873498691847e-05,0,0
0,0,0,0,0,0,0,0,0,0.0017906368512659,0,0,0,0,0,0,0,0.00180740704174859,0,0,0,0.00140509258753551,0,0,0,0.00293956764545464,0,0,0,0,0,0,0,4.89410610860982e-05,0,0,0,0.00178211313809535,0,0,0,1.70658286788878e-05,0,0,0,0,0,0.000171098153142809,0,0.000333663668616539,0,0,0,0,0,0.0433164980641628,0,3.02707819158348e-05,0,0.000183242584583249,0,0.000683956980637068,0,0,0.00754310587207561,0,0.0740461399425024,0,0.0318021769979285,0,9.09217033790263e-05,0,0,0,0,0,0.000991644443613098,0,0,0,0.00451827801561452,0,0.00102686829144215,0.000231367825664032,0.00180115860742531,0,0
7.77557412057206e-05,0,0,0,0,0,0,0,0.00645880133543281,0,0,0,0,0,0,0,0.000231966242786965,0.000125157741960483,2.79865758249977e-05,0,0,0,0.000821631159493526,0,0,0,0.0337026683776145,0,0,0,0,0,0,0,0,0,0,0,0.0038406281458416,0,0,0,0,0,0,0,0,0,0,0,0,0,0,0,0.036470262624127,0,0,0,0,0,0,0,0,0,0,0.000151939650090557,0,0.16763770906659,0,0.0371231835655252,0,0,0,0.000144749063412936,0,0,0,9.11264947087136e-05,0,0,0,0.00227423058663417,8.34968181776866e-05,0,0.00179380342089301,0,0
0,0,0,0,0,0,0,0,0,0,0,0,0,0,0,0,0.000156215752554714,0.00563247622473544,0,0,0,0.000112250588812721,0,0.00293956764545464,0,0,0,0,0,0,0,0,0,0,0,0,0,0,0,0,0,0,0,0,0,0,0,0,0,0,0,0,0,0,0,0.000884993526987649,0,0,0,0,0,0.00537061327082281,0,0,0.000828748310797794,0,0.000994503382543491,0,0.00469280129289981,0,8.60042165353764e-05,0,0,0,0,0,0,0,0,0,0,0,5.03694628370757e-06,0,0,0,0
0,0,0,0,0,0,0,0,0.0163090298250427,0,0,0,0,0,0,0,0.00162667813493673,4.36283490341105e-05,0,0,0,0,0.000620435782210656,0,0.0337026683776145,0,0,0,0.00256112564659131,0,0,0,0,0,0,0,0,0,0,0,0,0,0,0,0,0,0,0,0,0,0,0,0,0,0.000155061691405396,0,0,0,0,0,0,0,0,0,0,0.000948661028742052,0,0.00386926619885779,0,0.0570630507258852,0,0.00258162032256639,0,0,0,0,0,0,0,0,0,0,1.33169433917936e-05,0,0,0,0
0,0,0,0,0,0,0,0,0,0,0,0.00289695509535478,0,0,0,0,0,0,0,0,0,0.000217271600267142,0,0,0,0,0,0,0,0,0,0,0,0,0,0,0,0.000118968336631625,0,0,0,0,0,0,0,0,0,0,0,0,0,0,0,0,0,0,0,0,0,0.00292542782681051,0,0.00495925097074187,0,0,2.45157747760273e-05,0,0,0,0.000130612243083306,0,0.00644077988654304,0,0,0,0,0,0,0,0,0,0,0,0.000110072836010349,0,0,0,0
0,0,0,0,0,0,0,0,0,0,0,0,0.00504879719500137,0,0,0,0,0,0,0,0,0,0.00148838230347846,0,0,0,0.00256112564659131,0,0,0,0.000157093029128471,0,0,0,0,0,0,0,0.000460343146075057,0,0,0,0,0,0,0,0,0,0,0,0,0,0,0,0,0,0,0,0,0,0,0,0,0,0,0.00123098557307768,0,0,0,0.000809421267478671,0,0.0263030065210136,0,0.000235000167530709,0,0,0,0,0,0,0,6.52704450742397e-05,0.000666562268922068,0,0,0,0
0,0,0,0,0,0,0,0,0,0,0,0,0,0,0,0,0,0,0,0,0,0,0,0,0,0,0,0,0,0,0,0,0,0,0,0,0,0.000504718644267507,0,0,0,0,0,0,0,0,0,0,0,0,0,0,0,0,0,0,0,0,0,0,0,0,0,0,0,0,0,0,0,0,0,0,0.0152136235083314,0,0,0,0,0,0,0,2.34962713647449e-05,0,0,0,0,0,0
0,0,0,0,0,0,0,0,0,0,0.0151866540349442,0,0,0,0,0,0,0,0,0,0,0,0,0,0,0,0,0,0.000157093029128471,0,0,0,0,0,0,0,0,0,0.0023277569291017,0,0,0,0,0,0,0,0,0,0,0,0,0,0,0,0,0,0.00153411712977766,0,0,0,0,0,0,0,0,0,0,0,0,0,0,0.00765677567889901,0,0.0197179464760953,0,0,0,0,0,0,0,1.2958459487361e-05,1.23270360745664e-05,3.69653880625265e-05,0,0,0
0,0,0,0,0,0,0,0,0,0,0,0,0,0,0,0,0,0,0,0,0,0,0,0,0,0,0,0,0,0,0,0,0.0340796500627174,0.00843341941506127,0,0.00136779892382348,0,0,0,0,0,0,0,0,0,0,0,0.226773378735802,0.000156546099012883,0.000218942226139975,0,0,0,0,0,0,0,0,0,0,0,0,0,0,0,0,0,0,0,0,0,0,0,0,0.0457422662245778,0.000628051575033827,0.007266861325912,0,0.000560667283354015,0,0,0,0.000252504798933279,4.88881791892853e-06,0,0,0
0,0,0,0,0,0,0,0,0,0,0,0,0,0,0,0,0,0,0,0,0,0,0,0,0,0,0,0,0,0,0,0.0340796500627174,0,0,0.0114371115084841,0.000849908406835282,0.000785993228733141,0,0,0,0,0,0,0,0,0,0,0.0496265670441169,0.00015064169059023,0,0,0,0,0,0,0,0,0,0,0,0,0,0,0,0,0,0,0,0,0,0,0,0,0,0,0.147795194547423,0,0.000549910619510517,0,0.00103967365892839,0,0,6.09496469141186e-05,0,0,0,0
0,0,0,0,0,0,0,0,0,0,0,0,0,0,0,0,0,0,0,0,0,0,0,4.89410610860982e-05,0,0,0,0,0,0,0,0.00843341941506127,0,0,0.0751798130289348,0.00664519984655331,0,0.00167418947550617,2.42889364240075e-05,0,0,0,0,0,0,0,0,0.0412334538952813,0,3.41087177537207e-05,0,0,0,0,0,0,0,0,0,0,0,0,0,0,0,0,0.00170168678491706,0,0,0,0,0,0,0,0.0183231203193724,0,0.0953921134894984,0.097240436179477,0.000205506297370293,0,0.0073756929931199,0,0.0012297077269618,0,0,0,0
0,0,0,0,0,0,0,0,0,0,0,0,0,0,0,0,0,0,0,0,0,0,0,0,0,0,0,0,0,0,0,0,0.0114371115084841,0.0751798130289348,0,0,0.000819793571049696,6.3913141345358e-05,0.00114085883519101,0,0,0,0,0,0,0,0,0.102442114942027,4.83189065921172e-05,0,0,0,0,0,0,0,0,0,0,0,0,0,0,0,0,0,0,0.000175538823760062,0,0,0,0,0,0,0,0.0110922615590548,0.00692412709231408,0.197683567954826,0,0.000549602439153406,0.000162893924638027,0.00304317412485087,0.000104183709135289,1.81244497373969e-06,0,0,0
0,0,0,7.53230602270614e-05,0,0,0,0,0,0,0,0,0,0,0,0,0,0,1.03435438715187e-05,0.00638708883459459,0,0,0,0,0,0,0,0,0,0,0,0.00136779892382348,0.000849908406835282,0.00664519984655331,0,0,0.00290987164517617,0.0141350651383215,0,0,0,0,0,5.84203718599153e-06,0,0.000199993069299331,0,0.00755216584991341,0,1.98133356857671e-05,0,0,0,0,0,0,0,0,0,0,0,0,0.00868365740167953,0,0,0,0,0,0,0,0,0,0,0,0.00100099527322475,0,0.00281078432742383,0,0.0942512391001184,0.00360903139615883,0.00114025946702066,0,0.00749152917949137,0.0010443808535772,0.000868556177659083,0,0
0,0,6.72575940312942e-05,3.59123955265159e-06,2.44227912078988e-05,0,0,0,0,0,0.000273563754418422,0,0,0,0,0,3.38129558410274e-06,1.55549878276858e-05,9.81595116420714e-05,0,0.00532302743762178,0,0,0,0,0,0,0,0,0,0,0,0.000785993228733141,0,0.000819793571049696,0.00290987164517617,0,0,0.0136047826542165,2.00387826452213e-06,0.000292184780513149,0,2.64151366226243e-05,0,1.80587334138354e-05,3.78751132278995e-06,0.000239880459951199,0.000571319703657924,0.000352896604793815,0,6.1926238527256e-05,0,0,0,0,0,0.000701364628451158,0,4.54643080583943e-06,0,4.3131517281639e-06,0,2.97510785833661e-06,0.00311983661193848,0,0,0,0,0,0,0,0,0,0,0,0.00194373113812464,0,8.92306835847564e-05,0.000906399651909453,0.114950224430663,0,0.00265255667192297,0.00652805275748322,0.00151135653394516,0.0023933675936836,0,0
0,3.19582313604381e-06,0,3.14075599962319e-05,0,5.35850540120397e-06,0,0,0,0.000322571420723618,0,0.00388520295916373,0,0,0,0,0,0,0,0.00125736679129177,0,0.00476197736246622,0,0.00178211313809535,0,0,0,0.000118968336631625,0,0.000504718644267507,0,0,0,0.00167418947550617,6.3913141345358e-05,0.0141350651383215,0,0,5.20623394988554e-05,0,0,5.43861540273489e-05,0,0,0,0,0,0.0178749096301452,0,0.00230136420464132,0,0,0,0,0,0.000147513358313091,0,0.00143512571768397,0,0,0,0,0.00494045004433893,0,0.0029808543962649,0,0.00488710808106626,0,0,0,0,0,0.000153685748575899,0,0,0,0.00106911963416784,0,0.0101282855191315,0,0.0543798957802743,0.000753962558500035,0.00262579904776404,0,0.00066068648311554,0,0
5.40303013595359e-06,0,0,0,0,0,0,0,1.15978295670119e-05,0,0.00811600414374935,0,0,0,0,0,0,0,0,0,0.00284026714734602,0.000707192521608358,0.00517430162359902,0,0.0038406281458416,0,0,0,0.000460343146075057,0,0.0023277569291017,0,0,2.42889364240075e-05,0.00114085883519101,0,0.0136047826542165,5.20623394988554e-05,0,0,0,0,0.00017945664510687,0,0,0,0,0.000764699311736737,0.00844271931888497,0,0,0,0,0,0.000526336271308849,0,0.00492050031507665,0,0,0,0,0,0,0.00263880612773802,0,0.00486185377823848,0,0.00667501683364293,0,0,0,1.09463994913828e-05,0,0.0013424034139244,0,0,0,0.00562048687621292,0,0.00346803683369079,0.0009915417485521,0.0639245425813465,0.00144403565748976,0,0.00233734486198596,0,0
0,0.00179811508189176,3.34128581893534e-05,0.00207439106988715,0,0.000253803574041821,0,0,0,0,0,0,0,0,0,0,0.000993917585692616,0.00110431460730474,0.0220723225442378,0,0,0,0,0,0,0,0,0,0,0,0,0,0,0,0,0,2.00387826452213e-06,0,0,0,9.33847735046865e-05,0.0696447856887403,0.000126649585906817,0.0332764006312159,0.000342788440130738,0.0713930337986772,0.00104261913363228,0.00337813910416984,0.00184708698187738,0.012552514003791,0,0,0,0,0,0,0,0.000544136908211828,0,0,0,0,0.00898362082891119,0.000142838311163249,0,0,0,0,0,0,0,0,0.000305593671976001,0,0,0,0,0,0.00642085705286773,4.0634308617309e-05,9.50797711805414e-05,0,0.000800507608000998,0.000135605320498217,0.0677048997293288,0.00376569012288092,0.000240449014782757
6.49486238477916e-05,0,0.00281243675371205,0,4.63130720152851e-05,0,0,0,0,0,0,0,0,0,0,0,0.000714787430178588,0.000641119983409854,0.0113253431776315,0,0,0,0,0,0,0,0,0,0,0,0,0,0,0,0,0,0.000292184780513149,0,0,9.33847735046865e-05,0,0.000172730249302149,0.0217304142015294,0.000649902706484678,0.0157058808011651,0.000331626969407637,0.0208108942282733,0.0121805581619528,0.142919844985527,0.00408936210678221,0,0,0,0,0,0,0.000696500777695802,1.13881975490202e-05,0,0,0,0,0,0.00626653565222074,0,0,0,0,0,0,0,0,0,0.000123012609781952,0,0,0,0,3.20584161629606e-05,0.00317105686776051,0,0,0.00035825758991989,9.48902155028543e-06,0.0323830518916841,0.000186248412455335,0.00456102937087334
0,0.0172566161950742,1.26553251898515e-05,0.036392529052214,0,0.00259490197708327,0,0,0,0.00348709870069033,0,0,0,0,0,0,0.00132247655239782,0.00227490959115599,0.0428841224988693,0,0,0,0,1.70658286788878e-05,0,0,0,0,0,0,0,0,0,0,0,0,0,5.43861540273489e-05,0,0.0696447856887403,0.000172730249302149,0,0.0128482800480682,0.0165301297013416,7.66337256308414e-05,0.0257279148834387,0.00110296580193675,0.000752631796437194,6.4426389465503e-05,0.0399516502305862,0,0,0,0,0,0.00137474991835966,0,0.0105090553960021,0,3.48251228546282e-05,0,5.64332749159552e-05,0.00556319952481655,1.20862383092046e-05,0,0,0.000180867926235941,0,0,0,0,0,0.00857978969426184,0,0,0,0,0,0.00492560352983596,8.4161662200634e-05,4.11837697888024e-05,9.60850595795666e-06,0.00865798703183553,0.000215828640504737,0.10001635585126,0.113373567875935,0.000648802180451111
0.0164665861894677,0,0.00958170752954083,1.6968482718701e-05,0.0013414883286628,0,0,0,0.00701367786998565,0,0,0,0,0,0,0,0.00180317978874591,0.000565149275530672,0.026121416482175,0,9.0577207939738e-05,0,0,0,0,0,0,0,0,0,0,0,0,0,0,0,2.64151366226243e-05,0,0.00017945664510687,0.000126649585906817,0.0217304142015294,0.0128482800480682,0,1.29128718599509e-05,0.00603921213089653,0.000545041676929623,0.0406651410301276,0.0125012626209926,0.0317425671940671,0.000532208487693184,0,0,0,0,7.70214355736077e-05,0,0.0072222713660365,0,0.00216890064017555,0,0.00267288917635783,0,1.36011607351593e-05,0.0107835858645314,0,0,0,0,0,0,0,0.000332977048545893,0,0.0106891442392426,0,0,0,0,4.64875875655604e-05,0.00618504346159128,0,1.84843177921487e-05,0.0076934471365887,8.72878776651849e-05,0.121798058603787,0.000315455465871714,0.0779406300697646
0,0.00037306206679298,0,0.00265987655651888,0,0,0,0,0,0,0,0,0,0,0,0,0.000442174455417346,0.000821330962408922,0.0100243005016288,0,0,0,0,0,0,0,0,0,0,0,0,0,0,0,0,5.84203718599153e-06,0,0,0,0.0332764006312159,0.000649902706484678,0.0165301297013416,1.29128718599509e-05,0,0.00011606529915555,0.00770877378593283,0.000402905760180029,5.20032213308715e-05,0,0.000295154010892223,0,0,0,0,0,0,0,0.000135230001562716,0,0,0,0,0.000904839579802122,1.91484687968374e-05,0,0,0,0,0,0,0,0,0.00106833888245022,0,0,0,0,0,0.00152302858582954,6.80090372977831e-05,2.48164843996871e-05,0,0.000692253171761136,0.000276266520695003,0.01355255093935,0.0141956150405671,0.000548606301271806
0.000651891855213999,0,0.00169666092199905,0,0,0,0,0,0.000456705737805195,0,0,0,0,0,0,0,0.00111234619403016,0.000153886059991203,0.00855965852967266,0,7.08880001894408e-05,0,0,0,0,0,0,0,0,0,0,0,0,0,0,0,1.80587334138354e-05,0,0,0.000342788440130738,0.0157058808011651,7.66337256308414e-05,0.00603921213089653,0.00011606529915555,0,0.000168537249883274,0.0145350395633365,0,0.000613357787188377,0,0,0,0,0,0,0,0.000392069854865654,0,0,0,0,0,0,0.00808231626305907,0,0,0,0,0,0,0,0,0,0.000172161089993694,0,0,0,0,6.59728433298446e-05,0.00243544041325046,0,1.40153871387758e-05,0.00095895244825369,4.22037913607246e-06,0.0156164334539291,0.00122964393417009,0.00787941181721647
0.000143900124405048,0.00197948779859011,0.000917305317545332,0.0067553138813603,0.00076850262950202,4.96333714953547e-05,0,0,0.000280072540376416,0.000311635596301307,0,0,0,0,0,0,0.00155005527491554,0.00146034197897034,0.0228659070651623,0.000213298159941806,0,0,0,0,0,0,0,0,0,0,0,0,0,0,0,0.000199993069299331,3.78751132278995e-06,0,0,0.0713930337986772,0.000331626969407637,0.0257279148834387,0.000545041676929623,0.00770877378593283,0.000168537249883274,0,0.00156564202934991,0.00111409381878691,0.000326168226434916,0.00170311494610723,0,0,0,4.59445214396178e-05,0,0,0.000388609564362017,0.00601982697808691,0,0,0,0,0.135281998816829,0.000264470094689211,0,0,0,0,0,0,0,0,0.00545672423012572,0,0,0,0,0,0.0216298377224113,0.000198420498505774,0.00101613805931091,1.55275987997217e-06,0.00126679407420929,0.000175014091772929,0.0646894296520346,0.00146928331936784,0.000446784282295506
0.000408194729812601,0,0.00254922502781977,0.000190637155070437,0.000895403509728488,0,0,0,0.000487883579996372,0,0,0,0,0,0,0,0.00457232088623952,0.00163783711147591,0.0365792887932611,0,0.00131695241298909,1.86869059416762e-05,0,0,0,0,0,0,0,0,0,0,0,0,0,0,0.000239880459951199,0,0,0.00104261913363228,0.0208108942282733,0.00110296580193675,0.0406651410301276,0.000402905760180029,0.0145350395633365,0.00156564202934991,0,5.88955490850192e-05,0.00277906161639877,0,0.000246153952679743,0,0,0,0,0,0.0056534802808927,6.87294311922543e-05,0,0,0,0,0.000123869157160604,0.0918825494562885,0,0,0,0,0,0,0,0,0,0.00132898420244581,0,0,0,0,0.00016555333127836,0.0173491970165326,2.14139240106353e-05,0.000191604587186304,0.00167943195446668,4.41984548211384e-05,0.0625358371386779,0.000104078387868612,0.00322863824124801
2.18553821173901e-05,8.00553418670589e-06,0.000351199831783212,0.00259698365232503,3.49406336602655e-05,0,0,0,0,4.79448915463583e-05,0,0,0,0,0,0,2.52072945271828e-06,8.98551403208037e-06,0.000176583692651438,0,0,5.21894726067515e-05,0,0.000171098153142809,0,0,0,0,0,0,0,0.226773378735802,0.0496265670441169,0.0412334538952813,0.102442114942027,0.00755216584991341,0.000571319703657924,0.0178749096301452,0.000764699311736737,0.00337813910416984,0.0121805581619528,0.000752631796437194,0.0125012626209926,5.20032213308715e-05,0,0.00111409381878691,5.88955490850192e-05,0,0.283228826908366,0.104795150113152,0,0,0,0,0,0,0.00013539223407541,3.87660384225409e-05,0,0,0,0,0.000129602673973191,2.39759472742282e-05,0,0,0.00161314128968516,0,0,0,0,0,0,0,0.0129132925118223,0.0421681173246215,0.0201695852134105,0.0158109755025646,0.0196038870428785,0.0183142208939233,0.0157561154586333,0.000349478613317368,0.0134616030898188,1.02737226140323e-05,0.0344712207066066,0,0
0.0115964623537781,0,0.00609693294950443,3.95634272379794e-05,0.00263052371027722,0,0,0,0.00436988662556208,0,0,0,3.18453709767905e-05,0,6.8705167901373e-05,0,8.35997517424636e-06,3.5426638122844e-06,0.000940396723165543,0,0,0,0.00168761548870192,0,0,0,0,0,0,0,0,0.000156546099012883,0.00015064169059023,0,4.83189065921172e-05,0,0.000352896604793815,0,0.00844271931888497,0.00184708698187738,0.142919844985527,6.4426389465503e-05,0.0317425671940671,0,0.000613357787188377,0.000326168226434916,0.00277906161639877,0.283228826908366,0,0.0134202970693729,0.000270353135671619,0,0,0,0.00354401704282273,0,0.00300466098834937,0,0.00470024173079594,0,0.00199985448555015,0,0,0.00059444119166451,0,0.00194228901922595,0,0.00173920633871245,0,0.00721504391910509,0,0.00106658091117226,0,0.000195722738783951,0,0.000702085939294343,0,0.0010175803271752,1.70101057308763e-06,0.00877419003435641,0,0.0111330299841562,0.00770632613462429,2.93429578501928e-05,0.0456422894182448,0,0.0029742011703503
0,0.00726962567172486,0,0.00735572144905525,0,0.000305810946074032,0,0,0,0.00091991184953337,0,0,0,0,0,0,0,2.38045024194521e-05,0.000150184146248262,0,0,0.00069989726878121,0,0.000333663668616539,0,0,0,0,0,0,0,0.000218942226139975,0,3.41087177537207e-05,0,1.98133356857671e-05,0,0.00230136420464132,0,0.012552514003791,0.00408936210678221,0.0399516502305862,0.000532208487693184,0.000295154010892223,0,0.00170311494610723,0,0.104795150113152,0.0134202970693729,0,0,0,0,0,0,0.00309977126681023,0,0.00601966023028317,0,0.000487824393399111,0,0.00279639422047401,0.000230544255152105,0,0.0060096387094279,0,0.00202582928821602,0,0.00208807604486972,0,0.00511276982601052,0,0.00144820286345784,0,0,0,0,0,0.000238621898887171,0,0.00167154016605101,0,0.00316813007680133,2.80122817381279e-05,0.0448068600980328,0.00101053579287407,0
0.001739449646353,0,0.0742446258898421,0,0.066927780562748,0,0.00127119071947513,0,0.012402308495448,0,0,0,3.56281170822157e-05,0,0.000816172358150118,0,0,0,7.66847619372568e-06,0,0.00118448700548062,0,0,0,0,0,0,0,0,0,0,0,0,0,0,0,6.1926238527256e-05,0,0,0,0,0,0,0,0,0,0.000246153952679743,0,0.000270353135671619,0,0,0,0.0117236641783331,0,0.0100598935039182,0,0.021618516143748,0,0.00258365587970095,0,0.046062935834002,0,5.07055097491394e-05,0.00080014409065662,0,0,0,0,0,0,0,0,0,0,0,0,0,0,0,0.000208106135910731,0,0,0.000420576286105938,0.000556410613345426,0.00956295687850446,0,0
0,0,0,0.0546428988937039,0,0.141620721309849,0,0.0304423804750528,0,0,0,0.00124718686558812,0,0,0,0.00109161402509233,0,0,0,0,0,0,0,0,0,0,0,0,0,0,0,0,0,0,0,0,0,0,0,0,0,0,0,0,0,0,0,0,0,0,0,0,0,0.0141141198529753,0,0.000536309763596379,0,0.0243974024558499,0,0.00303767136809729,0,0.0270647914866308,0.000784486466338947,0,0,0,0,0,0,0,0,0,0,0,0,0,0,0,2.29671227315662e-05,0,0,0,0.00157018185642855,0,0.00214164514168607,0,0
0,0,0,0,0,0,0.00978206641363477,0,0,0,8.31527001744787e-05,0,0,0,0,0,0,0,0,0,0.0103052073874079,0,0,0,0,0,0,0,0,0,0,0,0,0,0,0,0,0,0,0,0,0,0,0,0,0,0,0,0,0,0.0117236641783331,0,0,0,0,0,0.0223710044574565,0,0.00552148000959876,0,0,0,0,0,0,0,0,0,0,0,0,0,0,0,0,0,0,0,0,0,0,0,0.000318844382042543,0,0,0,0
0,0,0,0,0,0.0113412131690751,0,0.0146273079624841,0,0,0,0.00036898665712215,0,0,0,0,0,0,0,0,0,0,0,0,0,0,0,0,0,0,0,0,0,0,0,0,0,0,0,0,0,0,0,0,0,4.59445214396178e-05,0,0,0,0,0,0.0141141198529753,0,0,0,0,0,0.0295751331481365,0,0.00876297513486964,0,0,0.00366848590782781,0,0,0,0,0,0,0,0,0,0,0,0,0,0,0,2.55647772228566e-05,0,0,0,0.000110311812718259,0,0.000174594877518953,0,0
0.0411314709419815,0,0.0337592748006252,0,0.00316933141788245,0,0,0,0.180260708642248,0,0,0,0,0,0.0436317898661888,0,9.73834447923995e-05,0,0,0,0,0,0,0,0.036470262624127,0,0.000155061691405396,0,0,0,0,0,0,0,0,0,0,0,0.000526336271308849,0,0,0,7.70214355736077e-05,0,0,0,0,0,0.00354401704282273,0,0.0100598935039182,0,0,0,0,0,0,0,0,0,0.122422009767686,0,0,0,0,0,0,0.0660824732450603,0,0,0,0,0,0,0,0,0,0.000344177109051704,0,0,0,0.00300578750147667,0.000540588714982518,0,0.00169202850442542,0,0
0,0.0925012747453052,0,0.0339833237507414,0,0.000642012608079126,0,0,0,0.200090654951388,0,0,0,0,0,0.0136494147987176,0,2.24744344450301e-05,1.72410849244001e-05,0,0,0,0,0.0433164980641628,0,0.000884993526987649,0,0,0,0,0,0,0,0,0,0,0,0.000147513358313091,0,0,0,0.00137474991835966,0,0,0,0,0,0,0,0.00309977126681023,0,0.000536309763596379,0,0,0,0,0,0,0,0,0,0.0881146590999574,0,0,0,0,0.10483692099869,0,0,0,0,0,8.4034795963665e-05,0,0,0,0,0,0,0,0.00018763606166814,0,0.000293345258518146,7.5881569124634e-05,0.00205647288173352,0,0
0.000566060347245024,0,0.00353421273855591,0.000393314263889125,0.00475179309435823,0,0.0271033949666788,0,0.00250827772186356,0,0.098895449393267,0,0,0,0,0,6.99826931973117e-05,9.57264706751758e-06,0.000499813790656321,0,0.0167318838141961,0,0,0,0,0,0,0,0,0,0.00153411712977766,0,0,0,0,0,0.000701364628451158,0,0.00492050031507665,0,0.000696500777695802,0,0.0072222713660365,0,0.000392069854865654,0.000388609564362017,0.0056534802808927,0.00013539223407541,0.00300466098834937,0,0.021618516143748,0,0.0223710044574565,0,0,0,0,2.26976313772777e-05,0.0128930633799668,0,0.00193222070448194,0,0,0.0365211407603044,0,0,0,0,0,0,0,0.0027520720798992,3.90619351124585e-05,0.00691163729270827,0,0,0,0,1.43398746745569e-05,0.00373877945440067,0,0.000453209471635929,0.00159602721988579,6.55886208773441e-06,0.0185421384092962,0,0.00272737602641798
0,0.00039202239662075,0,0.0063373140704258,0,0.00125730076933732,0,0.00576011928108125,0,0.000127162338829656,0,0.0521956085807691,0,0.00554589123420235,0,0,4.53919175783031e-05,1.20501119332853e-05,0.00175799819841203,0.00151688601660551,0,0,0,3.02707819158348e-05,0,0,0,0,0,0,0,0,0,0,0,0,0,0.00143512571768397,0,0.000544136908211828,1.13881975490202e-05,0.0105090553960021,0,0.000135230001562716,0,0.00601982697808691,6.87294311922543e-05,3.87660384225409e-05,0,0.00601966023028317,0,0.0243974024558499,0,0.0295751331481365,0,0,2.26976313772777e-05,0,0,0.0264177035341271,0,0.000209528060736132,0.0536300651654839,0,0,0,0.000652896385604923,0,0.00146761490413745,0,0.0158303282893621,0,0.0100319629826726,0,0,0,0,0,0.000544011111606501,3.7534528562506e-06,0,0,0.000540374086278815,2.83916730591483e-06,0.0229390285199344,0.00180869100972082,0
0.00027523007632875,0,0.00273362828786736,0,0.00129630248921615,0,0.00223390178350648,0,5.64146241646326e-05,0,0.00444748492518281,0,0.0078386296756997,0,0.00368546451316091,0,0,0,0,0,0,0,0,0,0,0,0,0,0,0,0,0,0,0,0,0,4.54643080583943e-06,0,0,0,0,0,0.00216890064017555,0,0,0,0,0,0.00470024173079594,0,0.00258365587970095,0,0.00552148000959876,0,0,0,0.0128930633799668,0,0,0,0.0139325697641416,0,0,9.35263387632917e-05,0,0,0,0,0,0,0,0.00789325225526563,0,8.66651628497056e-05,0,0,0,0,0,3.13765511284455e-05,0,0,1.93540165108751e-05,0,0.00152688841977888,0,6.3881496256718e-05
0,0,0,0.00149005641901469,0,0.000553385747725091,0,0.00563112408750683,0,0,0,0.00486622466955564,0,0.00877124030250821,0,0,0,0,0,0,0,0,0,0.000183242584583249,0,0,0,0.00292542782681051,0,0,0,0,0,0,0,0,0,0,0,0,0,3.48251228546282e-05,0,0,0,0,0,0,0,0.000487824393399111,0,0.00303767136809729,0,0.00876297513486964,0,0,0,0.0264177035341271,0,0,0,0.00483306524113875,0.000112424956955054,0,0,0,0.000567730414995593,0,0.00651569764053565,0,0.00741115713343846,0,0,0,0,0,0,0,0,0,0,0,0.000822104091195859,0,2.67396586840211e-05,0,0
0.0137065565724297,0,0.0947452745540899,0,0.00431321797694776,0,0,0,0.0627912785518202,0,0,0,0.00293883670885467,0,0.0726000636886337,0,0,0,7.03475403996835e-05,0,0,0,0,0,0,0,0,0,0,0,0,0,0,0,0,0,4.3131517281639e-06,0,0,0,0,0,0.00267288917635783,0,0,0,0,0,0.00199985448555015,0,0.046062935834002,0,0,0,0.122422009767686,0,0.00193222070448194,0,0.0139325697641416,0,0,0,0,0,0,0,0,0,0,0,0,0,0,0,0,0,0,0,0,0,0,0,0.000226513085281377,0.000234106346018252,0.00129979474409043,0,0.000932703933899126
0,0.000654824048631972,0,0.0197933854215386,0,0.00243357364885758,0,0,0,0.00289661083502487,0,0,0,0.00297388203587079,0,0.0339569349542976,0,0,0,0,0,0,0,0.000683956980637068,0,0.00537061327082281,0,0.00495925097074187,0,0,0,0,0,0,0,0,0,0,0,0,0,5.64332749159552e-05,0,0,0,0,0,0,0,0.00279639422047401,0,0.0270647914866308,0,0,0,0.0881146590999574,0,0.000209528060736132,0,0.00483306524113875,0,0,0,0,0,0,0.00151514590220977,0,0.0272650386494129,0,0.0022635832375156,0,0,0,0,0,0,0,0,0,0,0,0.000491686526044116,0.000118133474310085,3.56357175031771e-05,0,0
0,4.61139008220727e-05,2.06110819400339e-05,0.00197107340343865,0,0.00213047781219023,0,0.000297341400688414,0,0.000114361375137566,0,0.0136597707391851,0,0,0,0,7.05588391945647e-05,4.68981170883421e-05,0.000439277458301955,0.0686102694125233,0,0,0,0,0,0,0,0,0,0,0,0,0,0,0,0.00868365740167953,2.97510785833661e-06,0.00494045004433893,0,0.00898362082891119,0,0.00556319952481655,1.36011607351593e-05,0.000904839579802122,0,0.135281998816829,0.000123869157160604,0.000129602673973191,0,0.000230544255152105,5.07055097491394e-05,0.000784486466338947,0,0.00366848590782781,0,0,0,0.0536300651654839,0,0.000112424956955054,0,0,0,0,0,0,0,0,0,0,0,0,0.00229130984845936,0,0,0,0,0,0.012528584250762,5.03667621669907e-06,0.000239913724009151,0,0.000709157000030779,7.2168885379951e-06,0.0406909475422981,3.70464592419212e-05,0
0.000808156892836813,0,4.77011708595841e-05,1.61031888504021e-05,0.000559841823896193,1.70607683505806e-05,0,0,0.000628167923497064,0,0.00217467973865739,0,0,0,0,0,0.00107552845695954,0.000162511436444402,0.00707060253537849,0,0.0948419813149577,0,0,0,0,0,0,0,0,0,0,0,0,0,0,0,0.00311983661193848,0,0.00263880612773802,0.000142838311163249,0.00626653565222074,1.20862383092046e-05,0.0107835858645314,1.91484687968374e-05,0.00808231626305907,0.000264470094689211,0.0918825494562885,2.39759472742282e-05,0.00059444119166451,0,0.00080014409065662,0,0,0,0,0,0.0365211407603044,0,9.35263387632917e-05,0,0,0,0,0,0,0,0,0,0,0,0,0,0,0.00317391190678565,0,0,0,0,2.51665746405816e-05,0.0206343681187489,0,6.10150548741099e-05,0.00213527846416124,1.26581880912417e-05,0.0332321301718874,0,0.00126055575769849
0,0,0,0,0,0,0,0,0,0,0,0,0,0,0,0,0,0,0,0,0,0.0604792307118328,0.000108995795549145,0.00754310587207561,0,0.000828748310797794,0,2.45157747760273e-05,0,0,0,0,0,0,0,0,0,0.0029808543962649,0,0,0,0,0,0,0,0,0,0,0,0.0060096387094279,0,0,0,0,0,0,0,0,0,0,0,0,0,0,0,0,0.0182180080510342,0,0.0163395713907208,0,0.0052473458930849,0,0,0,0,0,0,0,0,0,0.00490043544217763,0,0.000506437712163899,0.000152920364819376,0,0,0
0,0,0,0,0,0,0,0,0,0,0,0,0,0,0,0,0,0,0,0,0,7.02714668473245e-05,0.0500560926732369,0,0.000151939650090557,0,0.000948661028742052,0,0.00123098557307768,0,0,0,0,0,0,0,0,0,0.00486185377823848,0,0,0,0,0,0,0,0,0,0.00194228901922595,0,0,0,0,0,0,0,0,0,0,0,0,0,0,0,0,0,0,0.00943917055407544,0,0.0121614297458744,0,0.00680279582203639,0,0,0,0,0,0,0,0,0,0.00413092141152499,0.000550814241825594,0,0,0,0
0,0.000161871907852815,0,0,0,0,0,0,0,0.000643045353669498,0,0,0,0,0,0,0,0,0,0,0,0.00269604470289392,0,0.0740461399425024,0,0.000994503382543491,0,0,0,0,0,0,0,0.00170168678491706,0,0,0,0.00488710808106626,0,0,0,0.000180867926235941,0,0,0,0,0,0.00161314128968516,0,0.00202582928821602,0,0,0,0,0,0.10483692099869,0,0.000652896385604923,0,0.000567730414995593,0,0.00151514590220977,0,0,0.0182180080510342,0,0,0,0.0475295041311502,0,0.00321338123855442,0,0,0,0,0,0.00215895596045317,0,0,0,0.0145648564071191,0,0.000217321003982529,0,0.00973544306511725,0,0
0,0,0,0,0,0,0,0,0,0,0,0,0,0,0,0,0,0,0,0,0,0,0.000863229938308499,0,0.16763770906659,0,0.00386926619885779,0,0,0,0,0,0,0,0.000175538823760062,0,0,0,0.00667501683364293,0,0,0,0,0,0,0,0,0,0.00173920633871245,0,0,0,0,0,0.0660824732450603,0,0,0,0,0,0,0,0,0,0,0.00943917055407544,0,0,0,0.00736247399469258,0,0,0,0,0,0,0,0.00301834624660955,0,0,0,0.0116552151932192,1.35284198803645e-05,0,0.00921390458306688,0,0
0,0,0,0,0,0,0,0,0,0,0,0,0,0,0,0,0,0.000173590393387713,0,0,0,0.000767323854820624,0,0.0318021769979285,0,0.00469280129289981,0,0.000130612243083306,0,0,0,0,0,0,0,0,0,0,0,0,0,0,0,0,0,0,0,0,0,0.00208807604486972,0,0,0,0,0,0,0,0.00146761490413745,0,0.00651569764053565,0,0.0272650386494129,0,0,0.0163395713907208,0,0.0475295041311502,0,0,0,0.0166490902717685,0,0,0,0,0,0,0,0,0,0,0,1.43637591367854e-05,0,0.000194807758217803,0,0
0,0,0,0,0,0,0,0,0.00706925334590593,0,0,0,0,0,0,0,0,0,0,0,0,0,0.00108086063625918,0,0.0371231835655252,0,0.0570630507258852,0,0.000809421267478671,0,0,0,0,0,0,0,0,0,0,0,0,0,0,0,0,0,0,0,0.00721504391910509,0,0,0,0,0,0,0,0,0,0,0,0,0,0,0,0,0.0121614297458744,0,0.00736247399469258,0,0,0,0.0149711494345856,0,0,0,0,0,0,0,0,0,0,4.12550616601948e-06,0,0.000114086134455595,0,0
