0,0,209.984556853771,0,0,0,0,0,601.777277737856,0,0,0,0,0,0,0,1.40476748347282,0.869248926639557,62.9833143949509,0,0,0,0,0,14.7956011146307,0,0,0,0,0,0,0,0,0,0,0,0,0,95.5747248083353,0,10.536280028522,0,184.195043027401,0,0,1.01859946548939,147.46165369451,0,366.541007325053,0,2.10428607463837,0,0,0,798.78151383996,0,0,0,0,0,2.51066523790359,0,0.199778124690056,0,0,0,0,0,0,0,0,0,0,0.562797665596008,0,0,0,0,0,3.90761089324951,0,8.87817925214767,716.827799901366,2.31154632568359,576.668417774141,0,1.01686483621597
0,0,0,170.510933816433,0,0,0,0,0,1636.51773956418,0,0,0,0,0,3.68202722072601,0,0,4.19836269319057,0,0,0,0,52.5545192956924,0,0,0,0,0,0,0,0,0,0,0,0,0,92.5202404558659,0,1.22887632250786,0,188.730770215392,0,0,0,95.9420645534992,0.327745348215103,0,0,1097.07580022514,0,0,0,0,0,37.8675991594791,0,0.968518853187561,0,0,0,80.1514050364494,10.7520392090082,0,0,0,15.2372363507748,0,0,0,21.0996203869581,0,101.856204226613,0,0,0,0,0,7.38393311202526,0,24.487672150135,0,913.150109633803,0,701.782242968678,0,0
209.984556853771,0,0,0,176.651767924428,0,0,0,1560.56490683556,0,0,0,0,0,0,0,0,0,0,0,3.56304621696472,0,0,0,1.07105782628059,0,0,0,0,0,0,0,0,0,0,0,92.9877319037914,0,15.2102307975292,0,1.48759321123362,0,148.031188718975,0,0,0,4.4744385778904,0,38.2435940951109,0.770756706595421,69.5845394432545,0,0,0,272.589625328779,0,7.88185518980026,0,32.4950882941484,0,13.956610918045,0,0,0,0,0,0,0,0,0,0,0,0,38.2425253912807,0,0,0,0,0,28.4207417964935,0,0.613504588603973,845.621016331017,0,578.803806297481,0,7.56684296578169
0,170.510933816433,0,0,0,237.911076813936,0,0,0,17.6586576700211,0,1.55682969093323,0,0,0,0,0,0,0,12.114915728569,0,0,0,0.295588403940201,0,0,0,0,0,0,0,0,0,0,0,10.8694956898689,0,5.13351580500603,0,0,0,0,0,0,0,68.1106136739254,0,0,0,683.013548642397,0,79.052141815424,0,0,0,34.7537477612495,0,185.666638478637,0,226.07954621315,0,674.533192127943,73.1394962742925,0,0,0,0,0,0,0,4.54783628880978,0,79.9319480657578,0,0,0,0,0,33.3821731731296,0,39.8127404600382,0,412.547622635961,0,398.440414503217,0,0
0,0,176.651767924428,0,0,0,0,0,60.4174992591143,0,0,0,0,0,3.78606575727463,0,0,0,0,0,163.332273393869,0,0,0,0,0,0,0,0,0,0,0,0,0,0,0,162.927680075169,0,0,0,0,0,0,0,0,0,0,0,0,0,2370.57289092243,0,9.78317165374756,0,85.2024745643139,0,0,0,67.1772936880589,0,110.272842556238,0,0,5.65957057476044,0,0,0,0,0,0,0,0,0,0,0,0,0,0,0,0,0,0,529.941429302096,36.6878547072411,74.1761330217123,0,0
0,0,0,237.911076813936,0,0,0,273.650793164968,0,242.794663608074,0,11.0670453906059,0,100.397273659706,0,396.943341732025,0,0,0,138.729600340128,0,0,0,0,0,0,0,0,0,0,0,0,0,0,0,2.87847596406937,0,0,0,0,0,0.303793400526047,0,0,0,0,0,0,0,0,0,1597.6940562427,0,55.3916183710098,0,0,0,157.587131202221,0,121.437405228615,0,345.330170154572,22.4712633490562,0,0,0,0,0,0,0,0,0,0,0,0,0,0,0,0,0,0,0,5410.45816537738,90.964496076107,575.065058797598,0,0
0,0,0,0,0,0,0,0,0,0,0,0,0,0,0,0,0,0,0,0,0,0,0,0,0,0,0,0,0,0,0,0,0,0,0,0,0,0,0,0,0,0,0,0,0,0,0,0,0,0,0,0,98.3405165672302,0,0,0,0,0,0,0,0,0,0,0,0,0,0,0,0,0,0,0,0,0,0,0,0,0,0,0,0,0,0,0,0,0,0
0,0,0,0,0,273.650793164968,0,0,0,0,0,7.1665044426918,0,12.455370426178,0,0,0,0,0,133.010637849569,0,0,0,0,0,0,0,0,0,0,0,0,0,0,0,0,0,0,0,0,0,0,0,0,0,0,0,0,0,0,0,82.1334029436111,0,118.78646081686,0,0,0,3.84912949800491,0,20.8524231910706,0,0,64.9580034315586,0,0,0,0,0,0,0,0,0,0,0,0,0,0,0,0,0,0,0,1562.52738118172,27.7057470083237,52.7216399908066,0,0
601.777277737856,0,1560.56490683556,0,60.4174992591143,0,0,0,0,0,0,0,0,0,97.7265121936798,0,14.7757939994335,3.35495275259018,0,0,0,0,0,0,143.208477258682,0,0,0,0,0,0,0,0,0,0,0,0,0,120.767881408334,0,0.136526867747307,0,81.0453933924437,0,0,0,0,0,58.0323036760092,0,14.4676428437233,0,0,0,634.879322513938,0,0,0,0,0,158.136300891638,0,0,0,0,0,0,78.9204017966986,0,0,0,0,0,0,0,0,0,0,0,0,0,11.8122601211071,1434.18653723598,0,93.504446811974,0,48.1869316399097
0,1636.51773956418,0,17.6586576700211,0,242.794663608074,0,0,0,0,0,0,0,0,0,373.399593740702,0,0,0,0,0,0,0,739.726187780499,0,1.17182768881321,0,0,0,0,0,0,0,0,0,0.868246972560883,0,33.2523182183504,0,0.884931683540344,0,39.5483735203743,0,0,0,1.87610156834126,0,0,0,151.391931325197,0,88.8523341566324,0,0,0,419.546409890056,0,1.18811428546906,0,0,0,143.568823620677,0,0,0,0,214.368907853961,0,0,0,21.9049469828606,0,156.252161756158,0,0,0,0,0,0.51049068570137,0,22.2006032168865,0,2176.396800071,0,122.596409395337,0,0
0,0,0,0,0,0,0,0,0,0,0,0,0,0,0,0,0,0,0,0,0,0,0,0,0,0,0,0,0,0,0,0,0,0,0,0,0,0,0,0,0,0,0,0,0,0,0,0,0,0,0,0,0,0,0,0,0,0,0,0,0,0,0,0,0,0,0,0,0,0,0,0,0,0,0,0,0,0,0,0,0,0,34.3583595752716,5.75993490219116,0,0,0
0,0,0,1.55682969093323,0,11.0670453906059,0,7.1665044426918,0,0,0,0,0,0,0,0,0,0,0,436.009467661381,0,0,0,0,0,0,0,0,0,62.9941926002502,0,0,0,0,0,0,0,0,0,0,0,0,0,0,0,0,0,0,0,0,0,6.74442291259766,0,4.99424415826797,0,0,0,4269.47512942553,0,104.951483726501,0,0,479.94362410903,0,0,0,0,0,0,0,0,0,0,0,0,0,0,0,0,0,0,0,128.26539349556,0,1.24252161383629,0,0
0,0,0,0,0,0,0,0,0,0,0,0,0,0,0,0,0,0,0,0,0,0,0,0,0,0,0,0,0,0,0,0,0,0,0,0,0,0,0,0,0,0,0,0,0,0,0,0,0,0,0,0,0,0,0,0,0,0,19.8052775859833,0,0,0,0,0,0,0,0,0,0,0,0,0,0,0,0,0,0,0,0,0,0,0,0,13.1256963014603,0,0,0
0,0,0,0,0,100.397273659706,0,12.455370426178,0,0,0,0,0,0,0,434.508650511503,0,0,0,0,0,0,0,0,0,0,0,60.8861002922058,0,0,0,0,0,0,0,0,0,0,0,0,0,0,0,0,0,0,0,0,0,0,0,119.746243447065,0,2.42925071716309,0,0,0,0,0,1821.6386796236,0,55.6451528668404,0,0,0,0,0,0,0,0,19.0470059514046,0,0,0,0,0,0,0,0,0,0,0,1452.48072999716,405.159857034683,0,0,0
0,0,0,0,3.78606575727463,0,0,0,97.7265121936798,0,0,0,0,0,0,0,0,0,0,0,0,0,0,0,0,0,0,0,0,0,0,0,0,0,0,0,0,0,0,0,0,0,0,0,0,0,0,0,0,0,1.13367766141891,0,0,0,1.94612258672714,0,0,0,0,0,113.571241021156,0,0,0,0,0,0,0,0,0,0,0,0,0,0,0,0,0,0,0,0,0,26.5057864189148,0,0,0,0
0,3.68202722072601,0,0,0,396.943341732025,0,0,0,373.399593740702,0,0,0,434.508650511503,0,0,0.435960471630096,568.021674513817,0,0,0,0,0,67.7001238465309,0,117.484354197979,0,0,0,0,0,0,0,0,0,0,0,16.1110893636942,0,0,0,0,0.396921843290329,0,0,0,0,0,0,2.10320442914963,0,293.721541777253,0,0,0,1.61784508824348,0,0,0,325.378505051136,0,1013.45154100657,0,0,0,0,8.5119427293539,0,1.50426584482193,0,0,0,0,0,0,0,0,0,0,0,4.82395875453949,0,311.403755873442,0,0,0,0
1.40476748347282,0,0,0,0,0,0,0,14.7757939994335,0,0,0,0,0,0,0.435960471630096,0,23390.6666992754,6824.9852418676,0,0,34.1964928507805,2405.57249368727,0,148.836860075593,8.11463356018066,1298.56326732039,0,0,0,0,0,0,0,0,0,0,0,0,7.02497205883265,229.625919207931,34.7294994145632,126.052503198385,0,7.09268726408482,48.786162391305,241.636105149984,0,0,0,0,0,0,0,0,0,0,0,0,0,0,0,12.365447640419,0,1.08699190616608,389.795181900263,0,11.9134202897549,0,644.969128608704,0,0,4.53519888222218,0,0,0,0,0,32.7627981454134,52.1282906979322,108.495241932571,178.818840719759,17720.585164912,3874.8625100553,404.233582600951,14.4667406231165,36.8923042789102
0.869248926639557,0,0,0,0,0,0,0,3.35495275259018,0,0,0,0,0,0,568.021674513817,23390.6666992754,0,5661.37610322982,1.72020018100739,0,3641.01378244162,9.51205921173096,93.0083516836166,4.67339834570885,3320.66057388484,0,421.981634169817,0,0,0,0,0,0,0,0,0,3.14854702353477,0,85.7759323716164,111.338642425835,135.899549663067,67.2599100321531,0,1.89317172765732,278.889769099653,62.3441085070372,0,0,0,0,0,0,0,0,0,0,0.133740767836571,0,0,0,96.7574391365051,73.8820755034685,0,332.357633590698,0,0,0.415946573019028,114.806278526783,0,0,0,7.08153530955315,0,0,0,0,0,274.988681741059,15.0355171859264,755.327318258584,57.7494550719857,29328.8495475128,7736.45097406209,305.754544906318,118.681964218616,18.4879947006702
62.9833143949509,4.19836269319057,0,0,0,0,0,0,0,0,0,0,0,0,0,0,6824.9852418676,5661.37610322982,0,2.29112315177917,0,0,0.226043820381165,0,0,1.45766246318817,0,0,0,0,0,0,0,0,0,0,0,11.7703802287579,0,164.210268102586,1569.99280468374,719.968624524772,1209.34198480099,2.59922549128532,7.47497341036797,2915.50699841976,1256.78874190152,0,0,0.149639755487442,0,0,0,0,0,0,0,0,0,0,0,0,728.545778766274,0,0,0.261620789766312,0,0,0,0,0,0,16.7860842645168,5.51806816458702,0,0,0,0,725.460238419473,223.024149745703,1262.06738672405,528.570014029741,7301.63142243773,277.489995956421,2975.69673997909,354.170336022973,218.729323543608
0,0,0,12.114915728569,0,138.729600340128,0,133.010637849569,0,0,0,436.009467661381,0,0,0,0,0,1.72020018100739,2.29112315177917,0,0,0,0,0,0,0,0,0,0,0,0,0,0,0,0,1056.65769475698,0,337.365859538317,0,0,0,8.69361463934183,0,0,0,2.57162144780159,0,0,0,0,0,164.427665561438,0,80.399082839489,0,0,0,1751.85693135858,0,0.609220325946808,0,0,1387.73090802878,0,0,0,0,0,0,0,0,0,0,0,0,0,0,0,25.757484972477,0,28.6709646135569,0,2429.93071290851,1.5014865398407,467.728179395199,0,0
0,0,3.56304621696472,0,163.332273393869,0,0,0,0,0,0,0,0,0,0,0,0,0,0,0,0,0,0,0,0,0,0,0,0,0,0,0,0,0,0,0,3,0,0,0,0,0,0,0,0,0,0,0,0,0,47.8613410890102,0,0,0,1.00664240121841,0,0,0,0,0,0,0,0,487.597487926483,0,0,0,0,0,0,0,0,0,0,0,0,0,0,0,0,0,0,15.370009124279,2.29080557823181,0,0,0
0,0,0,0,0,0,0,0,0,0,0,0,0,0,0,0,34.1964928507805,3641.01378244162,0,0,0,0,456.026124536991,10.4365911483765,0,134.140286624432,0,0,0,0,0,0,0,0,0,0,0,255.640747487545,0,0,0,0,0,0,0,0,0,0,0,0,0,0,0,0,0,0,0,0,0,0,0,0,0,0,1614.51840442419,0,0,0,4.06179368495941,0,0,0,0,0,0,0,0,0,0,0,0,0,3605.9426099956,1688.15864497423,0,0,0
0,0,0,0,0,0,0,0,0,0,0,0,0,0,0,0,2405.57249368727,9.51205921173096,0.226043820381165,0,0,456.026124536991,0,0,43.7706057727337,0,529.415753424168,0,0,0,0,0,0,0,0,0,0,0,510.393478572369,0,0,0,0,0,0,0,0,0,0,0,0,0,0,0,0,0,0,0,0,0,0,0,0,0,331.897112667561,794.875120580196,0,42.2682320475578,0,958.692014724016,0,0,0,0,0,0,0,0,0,0,0,5.95179450511932,2847.41285602748,477.384092062712,0,0,0
0,52.5545192956924,0,0.295588403940201,0,0,0,0,0,739.726187780499,0,0,0,0,0,67.7001238465309,0,93.0083516836166,0,0,0,10.4365911483765,0,0,0,475.991481423378,0,0,0,0,0,0,0,0,0,0,0,445.826616838574,0,0,0,0,0,0,0,0,0,0,0,6.35262888669968,0,0,0,0,0,255.322588592768,0,0,0,0,0,0,0,0,3,0,152.58866097033,0,253.730756640434,0,0,0,0,0,0,0,0,0,0,0,246.003698676825,0,97.0617358535528,0,5.68263399600983,0,0
14.7956011146307,0,1.07105782628059,0,0,0,0,0,143.208477258682,0,0,0,0,0,0,0,148.836860075593,4.67339834570885,0,0,0,0,43.7706057727337,0,0,0,338.29871314764,0,0,0,0,0,0,0,0,0,0,0,503.109411865473,0,0,0,0,0,0,0,0,0,0.462194085121155,0,0,0,0,0,22.9948214888573,0,0,0,0,0,17.672190785408,0,0,0,0,0,0,10.7876617014408,0,34.2642531991005,0,0,0,0,0,0,0,0,0,0,0,22.5033153891563,173.653436988592,0,1.43791133165359,0,0
0,0,0,0,0,0,0,0,0,1.17182768881321,0,0,0,0,0,117.484354197979,8.11463356018066,3320.66057388484,1.45766246318817,0,0,134.140286624432,0,475.991481423378,0,0,0,3,0,0,0,0,0,0,0,0,0,0,0,0,0,0,0,0,0,0,0,0,0,0,0,0,0,0,0,0,0,0,0,0,0,0,0,0,0,0,3.26574385166168,0,80.6725692749023,0,0,0,0,0,0,0,0,0,0,0,0,0,328.444086000323,0,0,0,0
0,0,0,0,0,0,0,0,0,0,0,0,0,0,0,0,1298.56326732039,0,0,0,0,0,529.415753424168,0,338.29871314764,0,0,0,0,0,0,0,0,0,0,0,0,0,0,0,0,0,0,0,0,0,0,0,0,0,0,0,0,0,0,0,0,0,0,0,0,0,0,0,0,2.55086854100227,0,1.41676986217499,0,618.819646269083,0,0,0,0,0,0,0,0,0,0,0,0,334.766325354576,0,0,0,0
0,0,0,0,0,0,0,0,0,0,0,0,0,60.8861002922058,0,0,0,421.981634169817,0,0,0,0,0,0,0,3,0,0,0,0,0,0,0,0,0,0,0,0,0,0,0,0,0,0,0,0,0,0,0,0,0,0,0,0,0,0,0,0,0,126.002809286118,0,0,0,0,0,0,0,0,0,0,325.174108147621,0,0,0,0,0,0,0,0,0,0,0,217.030893266201,10.9659547805786,0,0,0
0,0,0,0,0,0,0,0,0,0,0,0,0,0,0,0,0,0,0,0,0,0,0,0,0,0,0,0,0,0,0,0,0,0,0,0,0,0,0,0,0,0,0,0,0,0,0,0,0,0,0,0,0,0,0,0,0,0,0,0,0,0,0,0,0,0,0,0,0,0,0,0,0,0,0,0,0,0,0,0,0,0,0,0,0,0,0
0,0,0,0,0,0,0,0,0,0,0,62.9941926002502,0,0,0,0,0,0,0,0,0,0,0,0,0,0,0,0,0,0,0,0,0,0,0,0,0,0,0,0,0,0,0,0,0,0,0,0,0,0,0,0,0,0,0,0,0,49.0385698080063,0,0,0,0,0,0,0,0,0,0,0,0,0,0,770.245260953903,0,0,0,0,0,0,0,0,0,0,0,0,0,0
0,0,0,0,0,0,0,0,0,0,0,0,0,0,0,0,0,0,0,0,0,0,0,0,0,0,0,0,0,0,0,0,0,0,0,0,0,0,0,0,0,0,0,0,0,0,0,0,0,0,0,0,0,0,0,0,0,0,0,0,0,0,0,0,0,0,0,0,0,0,0,0,0,0,0,0,0,0,0,0,0,0,0,0,0,0,0
0,0,0,0,0,0,0,0,0,0,0,0,0,0,0,0,0,0,0,0,0,0,0,0,0,0,0,0,0,0,0,0,883.649454236031,17.4756328463554,0,3.88372039794922,0,0,0,0,0,0,0,0,0,0,0,56.5578763484955,0,0,0,0,0,0,0,0,0,0,0,0,0,0,0,0,0,0,0,0,0,0,0,0,0,0,1567.73273742199,3.34929609298706,0.946679472923279,0,0.328990280628204,0,0,0,4.35630869865417,0,0,0,0
0,0,0,0,0,0,0,0,0,0,0,0,0,0,0,0,0,0,0,0,0,0,0,0,0,0,0,0,0,0,0,883.649454236031,0,243.873102724552,15.9274350106716,0,0,0,0,0,0,0,0,0,0,0,0,3.78374326229095,0,0,0,0,0,0,0,0,0,0,0,0,0,0,0,0,0,0,0,0,0,0,0,0,0,0,2,0,0,0,4,0,0,0,377.211672008038,0,0,0,0
0,0,0,0,0,0,0,0,0,0,0,0,0,0,0,0,0,0,0,0,0,0,0,0,0,0,0,0,0,0,0,17.4756328463554,243.873102724552,0,2727.71090209484,1168.23270189762,0,142.467822849751,2.34703814983368,0,0,0,0,0,0,0,0,1046.22906944156,0,0,0,0,0,0,0,0,0,0,0,0,0,0,0,0,0,0,0,0,0,0,0,0,0,0,183.122632980347,0,2501.45333254337,3.20289850234985,89.1479132175446,0,124.823131799698,1.2975789308548,125.462605953217,0,0,0,0
0,0,0,0,0,0,0,0,0,0,0,0,0,0,0,0,0,0,0,0,0,0,0,0,0,0,0,0,0,0,0,0,15.9274350106716,2727.71090209484,0,0,119.17429625988,11.0642342865467,0,0,0,0,0,0,0,0,0,1131.45373247564,1.15897035598755,0,0,0,0,0,0,0,0,0,0,0,0,0,0,0,0,0,0,0,0,0,0,0,0,0,0,9.09108203649521,3092.88294732571,751.079513967037,0,1,0,5.71707701683044,1013.62981504202,0,0,0,0
0,0,0,10.8694956898689,0,2.87847596406937,0,0,0,0.868246972560883,0,0,0,0,0,0,0,0,0,1056.65769475698,0,0,0,0,0,0,0,0,0,0,0,3.88372039794922,0,1168.23270189762,0,0,372.352054864168,125.933602571487,0,198.1292925179,0,0,0,0,0,0,0,77.571137547493,0,51.4733955860138,0,0,0,0,0,0,0,55.7101209163666,0,0,0,0,33.7973306775093,0,0,0,0,0,0,0,0,0,0,0,3.42284992337227,0,1176.66623950005,0,7466.32193183899,3.14216044545174,62.7546117305756,0,1285.85390210152,6.02958345413208,86.7336139976978,0,0
0,0,92.9877319037914,0,162.927680075169,0,0,0,0,0,0,0,0,0,0,0,0,0,0,0,3,0,0,0,0,0,0,0,0,0,0,0,0,0,119.17429625988,372.352054864168,0,0,0,230.054762542248,0,0,0,0,0,0,0.439675763249397,230.970899581909,0.342314809560776,223.293869525194,12.8564112782478,0,0,0,16.6356525421143,0,8.79615387320518,0,8.3818596303463,0,3.82912853360176,0,0,0,0,0,0,0,0,0,0,0,0,1.91170825064182,0,0,0,196.389463305473,952.643177896738,435.80404573679,0,0,885.211272746325,2339.54236888885,105.932743504643,0,0
0,92.5202404558659,0,5.13351580500603,0,0,0,0,0,33.2523182183504,0,0,0,0,0,16.1110893636942,0,3.14854702353477,11.7703802287579,337.365859538317,0,255.640747487545,0,445.826616838574,0,0,0,0,0,0,0,0,0,142.467822849751,11.0642342865467,125.933602571487,0,0,29.1094667315483,0.62455677986145,0,36.2496865093708,0,0,0,5.86588744074106,0,520.866095900536,7.81890785694122,33.4002302587032,0,0,0,0,0,19.366412460804,0,0,0,0,0,0,503.778173685074,0,51.4993857741356,0,627.09892617166,0,0.262594372034073,0,0,0,0,0,0,0,228.072840690613,1.79452106356621,98.1394871920347,0,2059.62047166377,11.1634933948517,957.80548030138,18.3608862161636,305.485005758703,4.71139712631702,0
95.5747248083353,0,15.2102307975292,0,0,0,0,0,120.767881408334,0,0,0,0,0,0,0,0,0,0,0,0,0,510.393478572369,0,503.109411865473,0,0,0,0,0,0,0,0,2.34703814983368,0,0,0,29.1094667315483,0,0,0,0,0,0,0,0,0,281.235183924437,16.9618664085865,0,0,0,0,0,29.0761856436729,0,0,0,0,0,0,0,0,0,0,57.6939271092415,0,244.004692524672,0,0,0,0,0,0,0,0,0,10.2645278573036,0,0,0.431944102048874,257.66700771451,1843.30354715884,205.77535623312,398.784562468529,0,0
0,1.22887632250786,0,0,0,0,0,0,0,0.884931683540344,0,0,0,0,0,0,7.02497205883265,85.7759323716164,164.210268102586,0,0,0,0,0,0,0,0,0,0,0,0,0,0,0,0,198.1292925179,230.054762542248,0.62455677986145,0,0,0.866527199745178,344.947839513421,0.623478561639786,0,0,187.305168583989,0,70.8238618671894,0,30.4353986233473,0,0,0,0,0,0,0,0.597745269536972,0,0,0,0,43.9201357662678,0,0,0,0,0,0,0,0.268507689237595,0,44.7272328138351,0,0,0,0,0,1113.62245387584,18.7590786218643,145.611844465137,0,108.304111868143,0.351668804883957,559.313795588911,62.6638528108597,0
10.536280028522,0,1.48759321123362,0,0,0,0,0,0.136526867747307,0,0,0,0,0,0,0,229.625919207931,111.338642425835,1569.99280468374,0,0,0,0,0,0,0,0,0,0,0,0,0,0,0,0,0,0,0,0,0.866527199745178,0,15.4291408658028,2232.25313961506,0,9.49220822751522,157.293831370771,416.477684147656,0,4.72588947415352,0,0,0,0,0,0,0,0.349039159715176,0,0,0,0,0,25.5694249272346,0,0,0,0,0,0,0,0,0,0.145938619971275,1.95655592530966,0,0,0,0,23.8163854107261,24.510059542954,26.3709507957101,130.787209063768,1531.95216500759,98.562865331769,1322.96159555018,0,93.4793847054243
0,188.730770215392,0,0,0,0.303793400526047,0,0,0,39.5483735203743,0,0,0,0,0,0,34.7294994145632,135.899549663067,719.968624524772,8.69361463934183,0,0,0,0,0,0,0,0,0,0,0,0,0,0,0,0,0,36.2496865093708,0,344.947839513421,15.4291408658028,0,441.556740835309,11.8168697357178,0,2281.73906970024,2.38164437562227,0,0,243.748297706246,0,0,0,0,0,2.77624404430389,0,77.514351144433,0,0,0,0,673.177665516734,0,0,0,0,0,0,0,24.2052545696497,0,884.032410256565,1.43747265636921,0,0,0,0,714.422286383808,0.361241832375526,1982.9508908242,8.44482609629631,1884.94945780188,3.21319153904915,4705.35044756532,438.518210187554,11.8204807043076
184.195043027401,0,148.031188718975,0,0,0,0,0,81.0453933924437,0,0,0,0,0,0,0.396921843290329,126.052503198385,67.2599100321531,1209.34198480099,0,0,0,0,0,0,0,0,0,0,0,0,0,0,0,0,0,0,0,0,0.623478561639786,2232.25313961506,441.556740835309,0,0,0,75.2919448912144,787.609375599772,0,634.941109262407,0,0,0,0,0,6.55033724009991,0,5.40383218973875,0,0,0,0.0996620059013367,0,12.8745233640075,0,0,0,0,0,0,0,0,0,0,331.109747260809,0,0,0,0,12.2874908298254,74.6889382451773,13.1286651194096,371.752986498177,2136.31883814931,30.2707174494863,5547.58281563967,0.806049183011055,1183.90542453527
0,0,0,0,0,0,0,0,0,0,0,0,0,0,0,0,0,0,2.59922549128532,0,0,0,0,0,0,0,0,0,0,0,0,0,0,0,0,0,0,0,0,0,0,11.8168697357178,0,0,0,0.512551367282867,0,0,0,0,0,0,0,0,0,0,0,0,0,0,0,0,0,0,0,0,0,0,0,0,0,0,0,0,0,0,0,0,1.7660003900528,0,0.203395694494247,0,3.23689423501492,0,22.3260273635387,0,0
0,0,0,0,0,0,0,0,0,0,0,0,0,0,0,0,7.09268726408482,1.89317172765732,7.47497341036797,0,0,0,0,0,0,0,0,0,0,0,0,0,0,0,0,0,0,0,0,0,9.49220822751522,0,0,0,0,0,4.92392539978027,0,0,0,0,0,0,0,0,0,0,0,0,0,0,0,0,0,0,0,0,0,0,0,0,0,0,0,0,0,0,0,0,1.97122368216515,0,45.4355210959911,2.07807156443596,4.60822236537933,33.3561772108078,0,0
1.01859946548939,95.9420645534992,0,68.1106136739254,0,0,0,0,0,1.87610156834126,0,0,0,0,0,0,48.786162391305,278.889769099653,2915.50699841976,2.57162144780159,0,0,0,0,0,0,0,0,0,0,0,0,0,0,0,0,0,5.86588744074106,0,187.305168583989,157.293831370771,2281.73906970024,75.2919448912144,0.512551367282867,0,0,75.4603752791882,0,0,41.1501935720444,0,0,0,0,0,0,0,8.6758688390255,0,0,0,0,3607.39926730096,0,0,0,0,0,0,0,0.641599088907242,0,22.9440016895533,0,0,0,0,0,841.35077098012,14.9527429267764,217.040438085794,58.0486833974719,1606.87383791804,24.1178150549531,5104.52474121004,365.734834648669,10.8311151713133
147.46165369451,0.327745348215103,4.4744385778904,0,0,0,0,0,0,0,0,0,0,0,0,0,241.636105149984,62.3441085070372,1256.78874190152,0,0,0,0,0,0,0,0,0,0,0,0,0,0,0,0,0,0.439675763249397,0,0,0,416.477684147656,2.38164437562227,787.609375599772,0,4.92392539978027,75.4603752791882,0,0.67717345058918,14.0665121488273,3.4269841760397,0,0,0,0,1.28314960002899,0,0.19381283223629,0,2.72867506742477,0,0,0,13.4024885892868,46.0458332300186,0,0,0,0,0,0,0,0,0,92.3854455053806,0,0,0,0,8.10087268054485,35.5502808466554,9.18520995974541,87.1309150755405,1463.90560924262,126.356109410524,2911.96259703487,0,18.2925356738269
0,0,0,0,0,0,0,0,0,0,0,0,0,0,0,0,0,0,0,0,0,0,0,0,0,0,0,0,0,0,0,56.5578763484955,3.78374326229095,1046.22906944156,1131.45373247564,77.571137547493,230.970899581909,520.866095900536,281.235183924437,70.8238618671894,0,0,0,0,0,0,0.67717345058918,0,51.6608051657677,727.626372754574,0,0,0,0,0,0,0,0,0,0,0,0,0,0,0,0,0,0,0,0,0,0,0,0.423078119754791,141.831232011318,3.97301244735718,308.049679458141,187.335918188095,359.769312754273,821.236975908279,9.75751620531082,135.061038166285,13.892560005188,0,36.8781244456768,0,0
366.541007325053,0,38.2435940951109,0,0,0,0,0,58.0323036760092,0,0,0,0,0,0,0,0,0,0,0,0,0,0,0,0.462194085121155,0,0,0,0,0,0,0,0,0,1.15897035598755,0,0.342314809560776,7.81890785694122,16.9618664085865,0,4.72588947415352,0,634.941109262407,0,0,0,14.0665121488273,51.6608051657677,0,0,1.28865039348602,0,0,0,82.0251249969006,0,0,0,0.566394031047821,0,61.4555849432945,0,0,0,0,0,0,0,0,0,0,0,0,9.62321944534779,0,0,0,0,0,0.340956598520279,0,9.14074122905731,146.90955875814,0,432.453440763056,0,2.55038040876389
0,1097.07580022514,0.770756706595421,683.013548642397,0,0,0,0,0,151.391931325197,0,0,0,0,0,2.10320442914963,0,0,0.149639755487442,0,0,0,0,6.35262888669968,0,0,0,0,0,0,0,0,0,0,0,51.4733955860138,223.293869525194,33.4002302587032,0,30.4353986233473,0,243.748297706246,0,0,0,41.1501935720444,3.4269841760397,727.626372754574,0,0,0,0,0,0,0,47.2904589176178,0,55.2937459945679,0,0,0,28.4207874536514,3.94559839367867,0,0,0,2.41616836190224,0,0,0,3.77530451118946,0,11.8848521262407,1.05451099574566,16.9916457533836,0,11.7247212529182,0,59.4475021213293,161.196597725153,10.2387685105205,0.180877670645714,279.423550382257,0,566.882606253028,2.31751602888107,0
2.10428607463837,0,69.5845394432545,0,2370.57289092243,0,0,0,14.4676428437233,0,0,0,0,0,1.13367766141891,0,0,0,0,0,47.8613410890102,0,0,0,0,0,0,0,0,0,0,0,0,0,0,0,12.8564112782478,0,0,0,0,0,0,0,0,0,0,0,1.28865039348602,0,0,0,120.555297613144,0,21.6953599005938,0,0,0,0,0,227.100220471621,0,0,7.94302642345428,0,0,0,0,0,0,0,0,0,0,0,0,0,0,0,0,0,0,351.177527487278,0,28.0495564043522,0,0
0,0,0,79.052141815424,0,1597.6940562427,0,82.1334029436111,0,88.8523341566324,0,6.74442291259766,0,119.746243447065,0,293.721541777253,0,0,0,164.427665561438,0,0,0,0,0,0,0,0,0,0,0,0,0,0,0,0,0,0,0,0,0,0,0,0,0,0,0,0,0,0,0,0,0,101.686734318733,0,0,0,108.130647003651,0,293.10345697403,0,464.399838417768,28.7285910248756,0,0,0,0,0,0,0,0,0,2.61028814315796,0,0,0,0,0,0,0,0,0,1015.51904785633,0,148.758165717125,0,0
0,0,0,0,9.78317165374756,0,98.3405165672302,0,0,0,0,0,0,0,0,0,0,0,0,0,0,0,0,0,0,0,0,0,0,0,0,0,0,0,0,0,0,0,0,0,0,0,0,0,0,0,0,0,0,0,120.555297613144,0,0,0,0,0,0,0,0,0,0,0,0,0,0,0,0,0,0,0,0,0,0,0,0,0,0,0,0,0,0,0,0,0,0,0,0
0,0,0,0,0,55.3916183710098,0,118.78646081686,0,0,0,4.99424415826797,0,2.42925071716309,0,0,0,0,0,80.399082839489,0,0,0,0,0,0,0,0,0,0,0,0,0,0,0,0,0,0,0,0,0,0,0,0,0,0,0,0,0,0,0,101.686734318733,0,0,0,0,0,10.8932638764381,0,7.44135570526123,0,0,28.7981238663197,0,0,0,0,0,0,0,0,0,0,0,0,0,0,0,0,0,0,0,82.9944661855698,0,74.8092231154442,0,0
798.78151383996,0,272.589625328779,0,85.2024745643139,0,0,0,634.879322513938,0,0,0,0,0,1.94612258672714,0,0,0,0,0,1.00664240121841,0,0,0,22.9948214888573,0,0,0,0,0,0,0,0,0,0,0,16.6356525421143,0,29.0761856436729,0,0,0,6.55033724009991,0,0,0,1.28314960002899,0,82.0251249969006,0,21.6953599005938,0,0,0,0,0,0,0,0,0,33.9489014148712,0,0,0,0,0,0,21.2754666805267,0,0,0,0,0,0,0,0,0,0,0,0,0,19.9049957692623,94.2695893868804,0,49.9865697696805,0,0.232507184147835
0,37.8675991594791,0,34.7537477612495,0,0,0,0,0,419.546409890056,0,0,0,0,0,1.61784508824348,0,0,0,0,0,0,0,255.322588592768,0,0,0,0,0,0,0,0,0,0,0,0,0,19.366412460804,0,0,0,2.77624404430389,0,0,0,0,0,0,0,47.2904589176178,0,0,0,0,0,0,0,1.96666231751442,0,0,0,0.766302958130836,0,0,0,0,124.163840770721,0,0,0,0,0,1.70923534035683,0,0,0,0,0,0,0,32.1823908984661,0,85.5233696848154,0,122.682842969894,0,0
0,0,7.88185518980026,0,0,0,0,0,0,0,0,0,0,0,0,0,0,0,0,0,0,0,0,0,0,0,0,0,0,0,0,0,0,0,0,0,8.79615387320518,0,0,0,0.349039159715176,0,5.40383218973875,0,0,0,0.19381283223629,0,0,0,0,0,0,0,0,0,0,0,0,0,0,0,0,42.4446922391653,0,0,0,0,0,0,0,0,0,2.77847009897232,0,0,0,0,0,6.12733101844788,0,0,7.60868808627129,0,292.83389275521,0,1.06972646713257
0,0.968518853187561,0,185.666638478637,0,157.587131202221,0,3.84912949800491,0,1.18811428546906,0,4269.47512942553,0,0,0,0,0,0.133740767836571,0,1751.85693135858,0,0,0,0,0,0,0,0,0,49.0385698080063,0,0,0,0,0,55.7101209163666,0,0,0,0.597745269536972,0,77.514351144433,0,0,0,8.6758688390255,0,0,0,55.2937459945679,0,108.130647003651,0,10.8932638764381,0,1.96666231751442,0,0,0,60.333477050066,0,27.3596206009388,991.654640734196,0,0,0,0,0,0,0,5.32979100942612,0,42.3932717517018,0,0,0,0,0,52.4726755768061,0,0,0,332.713222078979,0.843533873558044,1539.73545628786,0.439609333872795,0
0,0,32.4950882941484,0,67.1772936880589,0,0,0,0,0,0,0,19.8052775859833,0,0,0,0,0,0,0,0,0,0,0,0,0,0,0,0,0,0,0,0,0,0,0,8.3818596303463,0,0,0,0,0,0,0,0,0,2.72867506742477,0,0.566394031047821,0,0,0,0,0,0,0,0,0,0,0,0,0,0,0,0,0,0,0,0,0,0,0,0,0,0,0,0,0,0,0,0,0,33.1385525465012,0,95.5597132146358,0,0
0,0,0,226.07954621315,0,121.437405228615,0,20.8524231910706,0,0,0,104.951483726501,0,1821.6386796236,0,325.378505051136,0,0,0,0.609220325946808,0,0,0,0,0,0,0,126.002809286118,0,0,0,0,0,0,0,0,0,0,0,0,0,0,0,0,0,0,0,0,0,0,0,293.10345697403,0,7.44135570526123,0,0,0,60.333477050066,0,0,0,12.6261493563652,0,0,0,0,0,0,0,0,59.6722338795662,0,0,0,0,0,0,0,0.544576108455658,0,0,0,366.054943621159,0,14.9972434043884,0,0
2.51066523790359,0,13.956610918045,0,110.272842556238,0,0,0,158.136300891638,0,0,0,0,0,113.571241021156,0,0,0,0,0,0,0,0,0,17.672190785408,0,0,0,0,0,0,0,0,0,0,0,3.82912853360176,0,0,0,0,0,0.0996620059013367,0,0,0,0,0,61.4555849432945,0,227.100220471621,0,0,0,33.9489014148712,0,0,0,0,0,0,0,0,0,0,0,0,6.13211488723755,0,0,0,0,0,0,0,0,0,0,0,0,0,0.459258079528809,23.0796188563108,0,8.37878386676311,0,0
0,80.1514050364494,0,674.533192127943,0,345.330170154572,0,0,0,143.568823620677,0,0,0,55.6451528668404,0,1013.45154100657,0,96.7574391365051,0,0,0,0,0,0,0,0,0,0,0,0,0,0,0,0,0,0,0,0,0,0,0,0,0,0,0,0,0,0,0,28.4207874536514,0,464.399838417768,0,0,0,0.766302958130836,0,27.3596206009388,0,12.6261493563652,0,0,0,0,0,0,0,0,0,0,0,0,13.2233039736748,0,0,0,0,0,0,0,0,0,426.184343189001,0,35.9044661074877,0,0
0.199778124690056,10.7520392090082,0,73.1394962742925,0,22.4712633490562,0,64.9580034315586,0,0,0,479.94362410903,0,0,0,0,12.365447640419,73.8820755034685,728.545778766274,1387.73090802878,0,0,0,0,0,0,0,0,0,0,0,0,0,0,0,33.7973306775093,0,503.778173685074,0,43.9201357662678,25.5694249272346,673.177665516734,12.8745233640075,0,0,3607.39926730096,13.4024885892868,0,0,3.94559839367867,0,28.7285910248756,0,28.7981238663197,0,0,0,991.654640734196,0,0,0,0,0,0,0,0,0,0,0,0,0.452302694320679,0,325.840610675514,0,0,0,0,0,176.027309291065,3.25044805556536,662.284921728075,9.44987334311008,1263.25605300069,11.1231081485748,3605.01098857075,95.529688693583,1.92256858944893
0,0,0,0,5.65957057476044,0,0,0,0,0,0,0,0,0,0,0,0,0,0,0,487.597487926483,0,0,0,0,0,0,0,0,0,0,0,0,0,0,0,0,0,0,0,0,0,0,0,0,0,46.0458332300186,0,0,0,7.94302642345428,0,0,0,0,0,42.4446922391653,0,0,0,0,0,0,0,0,0,0,0,0,0,0,0,0,21.2879322767258,0,0,0,0,0,98.7238626480103,0,0,0,0,514.767169684172,0,0
0,0,0,0,0,0,0,0,0,0,0,0,0,0,0,0,1.08699190616608,332.357633590698,0,0,0,1614.51840442419,331.897112667561,3,0,0,0,0,0,0,0,0,0,0,0,0,0,51.4993857741356,0,0,0,0,0,0,0,0,0,0,0,0,0,0,0,0,0,0,0,0,0,0,0,0,0,0,0,0,2,0,0,0,0,0,0,0,0,0,0,0,0,0,0,0,887.154843270779,465.307031214237,0,0,0
0,0,0,0,0,0,0,0,0,0,0,0,0,0,0,0,389.795181900263,0,0.261620789766312,0,0,0,794.875120580196,0,0,0,2.55086854100227,0,0,0,0,0,0,0,0,0,0,0,57.6939271092415,0,0,0,0,0,0,0,0,0,0,0,0,0,0,0,0,0,0,0,0,0,0,0,0,0,0,0,0,0,0,0.972722262144089,0,0,0,0,0,0,0,0,0,0,0,1.73495435714722,555.793412938714,29.6253933906555,0,0,0
0,15.2372363507748,0,0,0,0,0,0,0,214.368907853961,0,0,0,0,0,8.5119427293539,0,0,0,0,0,0,0,152.58866097033,0,3.26574385166168,0,0,0,0,0,0,0,0,0,0,0,627.09892617166,0,0,0,0,0,0,0,0,0,0,0,2.41616836190224,0,0,0,0,0,124.163840770721,0,0,0,0,0,0,0,0,2,0,0,0,0,0,0,0,0,0,0,0,0,0,0,0,1067.93962053955,0,8.1151919066906,0,92.1071626245975,0,0
0,0,0,0,0,0,0,0,78.9204017966986,0,0,0,0,0,0,0,11.9134202897549,0.415946573019028,0,0,0,0,42.2682320475578,0,10.7876617014408,0,1.41676986217499,0,0,0,0,0,0,0,0,0,0,0,244.004692524672,0,0,0,0,0,0,0,0,0,0,0,0,0,0,0,21.2754666805267,0,0,0,0,0,6.13211488723755,0,0,0,0,0,0,0,0,4.28961145877838,0,0,0,0,0,0,0,0,0,0,0,340.818212836981,2.25734636187553,0,2.10158801078796,0,0
0,0,0,0,0,0,0,0,0,0,0,0,0,0,0,1.50426584482193,0,114.806278526783,0,0,0,4.06179368495941,0,253.730756640434,0,80.6725692749023,0,0,0,0,0,0,0,0,0,0,0,0.262594372034073,0,0,0,0,0,0,0,0,0,0,0,0,0,0,0,0,0,0,0,0,0,0,0,0,0,0,0,0,0,0,0,0,0,0,0,0,0,0,0,0,0,0,0,0,52.5788511931896,0,0,0,0
0,0,0,0,0,0,0,0,0,0,0,0,0,0,0,0,644.969128608704,0,0,0,0,0,958.692014724016,0,34.2642531991005,0,618.819646269083,0,0,0,0,0,0,0,0,0,0,0,0,0,0,0,0,0,0,0,0,0,0,0,0,0,0,0,0,0,0,0,0,0,0,0,0,0,0,0.972722262144089,0,4.28961145877838,0,0,0,0,0,0,0,0,0,0,0,0,0,0,17.3847974538803,0,0,0,0
0,21.0996203869581,0,4.54783628880978,0,0,0,0,0,21.9049469828606,0,0,0,19.0470059514046,0,0,0,0,0,0,0,0,0,0,0,0,0,325.174108147621,0,0,0,0,0,0,0,0,0,0,0,0.268507689237595,0,24.2052545696497,0,0,0,0.641599088907242,0,0,0,3.77530451118946,0,0,0,0,0,0,0,5.32979100942612,0,59.6722338795662,0,0,0.452302694320679,0,0,0,0,0,0,0,0,0,0,0,0,0,0,0,0,0,0,0,114.050450026989,0,196.616122081876,5.03133887052536,0
0,0,0,0,0,0,0,0,0,0,0,0,0,0,0,0,0,0,0,0,0,0,0,0,0,0,0,0,0,0,0,0,0,0,0,0,0,0,0,0,0,0,0,0,0,0,0,0,0,0,0,0,0,0,0,0,0,0,0,0,0,0,0,0,0,0,0,0,0,0,0,0,0,0,0,0,0,0,0,0,0,0,0,0,0,0,0
0,101.856204226613,0,79.9319480657578,0,0,0,0,0,156.252161756158,0,0,0,0,0,0,4.53519888222218,7.08153530955315,16.7860842645168,0,0,0,0,0,0,0,0,0,0,770.245260953903,0,0,0,0,0,0,0,0,0,44.7272328138351,0.145938619971275,884.032410256565,0,0,0,22.9440016895533,0,0,0,11.8848521262407,0,2.61028814315796,0,0,0,1.70923534035683,0,42.3932717517018,0,0,0,13.2233039736748,325.840610675514,0,0,0,0,0,0,0,0,0,0,0,0,0,0,0,5.71584692597389,0,5.25649647414684,0,2127.6524304226,0,1150.40527357161,146.000806465745,1.04464280605316
0.562797665596008,0,38.2425253912807,0,0,0,0,0,0,0,0,0,0,0,0,0,0,0,5.51806816458702,0,0,0,0,0,0,0,0,0,0,0,0,0,0,0,0,0,1.91170825064182,0,0,0,1.95655592530966,1.43747265636921,331.109747260809,0,0,0,92.3854455053806,0.423078119754791,9.62321944534779,1.05451099574566,0,0,0,0,0,0,2.77847009897232,0,0,0,0,0,0,21.2879322767258,0,0,0,0,0,0,0,0,0,0,0,0,0,0,0,0,0,0.459263771772385,70.1640396937728,1.42400670051575,1009.82508140057,0,166.855298615992
0,0,0,0,0,0,0,0,0,0,0,0,0,0,0,0,0,0,0,0,0,0,0,0,0,0,0,0,0,0,0,1567.73273742199,2,183.122632980347,0,3.42284992337227,0,0,0,0,0,0,0,0,0,0,0,141.831232011318,0,16.9916457533836,0,0,0,0,0,0,0,0,0,0,0,0,0,0,0,0,0,0,0,0,0,0,0,0,0,0,107.760661393404,0,65.7860620766878,0,0,0,0,0,0,0,0
0,0,0,0,0,0,0,0,0,0,0,0,0,0,0,0,0,0,0,0,0,0,0,0,0,0,0,0,0,0,0,3.34929609298706,0,0,9.09108203649521,0,0,0,0,0,0,0,0,0,0,0,0,3.97301244735718,0,0,0,0,0,0,0,0,0,0,0,0,0,0,0,0,0,0,0,0,0,0,0,0,0,0,0,0,0,12.7259933948517,0,0,0,0,31.6007511615753,0,0,0,0
0,0,0,0,0,0,0,0,0,0,0,0,0,0,0,0,0,0,0,0,0,0,0,0,0,0,0,0,0,0,0,0.946679472923279,0,2501.45333254337,3092.88294732571,1176.66623950005,0,228.072840690613,0,0,0,0,0,0,0,0,0,308.049679458141,0,11.7247212529182,0,0,0,0,0,0,0,0,0,0,0,0,0,0,0,0,0,0,0,0,0,0,0,0,107.760661393404,0,0,11.5934107303619,26.3821132183075,0,6,0,123.585952758789,0,0,0,0
0,0,0,0,0,0,0,0,0,0,0,0,0,0,0,0,0,0,0,0,0,0,0,0,0,0,0,0,0,0,0,0,0,3.20289850234985,751.079513967037,0,196.389463305473,1.79452106356621,10.2645278573036,0,0,0,0,0,0,0,0,187.335918188095,0,0,0,0,0,0,0,0,0,0,0,0,0,0,0,0,0,0,0,0,0,0,0,0,0,0,0,12.7259933948517,11.5934107303619,0,0,0,0,199.794220089912,163.608377933502,0,0,0,0
0,7.38393311202526,0,33.3821731731296,0,0,0,0,0,0.51049068570137,0,0,0,0,0,0,32.7627981454134,274.988681741059,725.460238419473,25.757484972477,0,0,0,0,0,0,0,0,0,0,0,0.328990280628204,4,89.1479132175446,0,7466.32193183899,952.643177896738,98.1394871920347,0,1113.62245387584,23.8163854107261,714.422286383808,12.2874908298254,1.7660003900528,0,841.35077098012,8.10087268054485,359.769312754273,0,59.4475021213293,0,0,0,0,0,0,0,52.4726755768061,0,0.544576108455658,0,0,176.027309291065,0,0,0,0,0,0,0,0,0,5.71584692597389,0,65.7860620766878,0,26.3821132183075,0,0,54.6036901473999,182.590200729668,10.7270574718714,731.776242509484,56.4232506155968,930.191628985107,143.44257812202,5.96461009979248
3.90761089324951,0,28.4207417964935,0,0,0,0,0,0,0,0,0,0,0,0,0,52.1282906979322,15.0355171859264,223.024149745703,0,0,0,0,0,0,0,0,0,0,0,0,0,0,0,1,3.14216044545174,435.80404573679,0,0,18.7590786218643,24.510059542954,0.361241832375526,74.6889382451773,0,1.97122368216515,14.9527429267764,35.5502808466554,821.236975908279,0.340956598520279,161.196597725153,0,0,0,0,0,0,6.12733101844788,0,0,0,0,0,3.25044805556536,98.7238626480103,0,0,0,0,0,0,0,0,0,0,0,0,0,0,54.6036901473999,0,8.63078714162111,16.189419105649,120.413995809853,354.299967110157,141.164905913174,0,9.62691673636436
0,24.487672150135,0,39.8127404600382,0,0,0,0,0,22.2006032168865,0,0,0,0,0,4.82395875453949,108.495241932571,755.327318258584,1262.06738672405,28.6709646135569,0,0,0,246.003698676825,0,0,0,0,0,0,0,0,0,124.823131799698,0,62.7546117305756,0,2059.62047166377,0.431944102048874,145.611844465137,26.3709507957101,1982.9508908242,13.1286651194096,0.203395694494247,0,217.040438085794,9.18520995974541,9.75751620531082,0,10.2387685105205,0,0,0,0,0,32.1823908984661,0,0,0,0,0,0,662.284921728075,0,0,0,1067.93962053955,0,0,0,0,0,5.25649647414684,0,0,0,6,0,182.590200729668,8.63078714162111,0,8.34540610015392,2047.27492790669,12.5562866330147,1335.6082161665,432.180539503694,9.92614676058292
8.87817925214767,0,0.613504588603973,0,0,0,0,0,11.8122601211071,0,0,0,0,0,0,0,178.818840719759,57.7494550719857,528.570014029741,0,0,0,5.95179450511932,0,22.5033153891563,0,0,0,0,0,0,0,0,1.2975789308548,5.71707701683044,0,0,11.1634933948517,257.66700771451,0,130.787209063768,8.44482609629631,371.752986498177,0,45.4355210959911,58.0486833974719,87.1309150755405,135.061038166285,9.14074122905731,0.180877670645714,0,0,0,0,19.9049957692623,0,0,0,0,0,0.459258079528809,0,9.44987334311008,0,0,1.73495435714722,0,340.818212836981,0,0,0,0,0,0.459263771772385,0,0,0,199.794220089912,10.7270574718714,16.189419105649,8.34540610015392,0,236.62427406013,28.0447676181793,849.994381643832,1.02676749229431,26.0619686245918
716.827799901366,913.150109633803,845.621016331017,412.547622635961,529.941429302096,5410.45816537738,0,1562.52738118172,1434.18653723598,2176.396800071,34.3583595752716,128.26539349556,0,1452.48072999716,26.5057864189148,311.403755873442,17720.585164912,29328.8495475128,7301.63142243773,2429.93071290851,15.370009124279,3605.9426099956,2847.41285602748,97.0617358535528,173.653436988592,328.444086000323,334.766325354576,217.030893266201,0,0,0,4.35630869865417,377.211672008038,125.462605953217,1013.62981504202,1285.85390210152,885.211272746325,957.80548030138,1843.30354715884,108.304111868143,1531.95216500759,1884.94945780188,2136.31883814931,3.23689423501492,2.07807156443596,1606.87383791804,1463.90560924262,13.892560005188,146.90955875814,279.423550382257,351.177527487278,1015.51904785633,0,82.9944661855698,94.2695893868804,85.5233696848154,7.60868808627129,332.713222078979,33.1385525465012,366.054943621159,23.0796188563108,426.184343189001,1263.25605300069,0,887.154843270779,555.793412938714,8.1151919066906,2.25734636187553,52.5788511931896,17.3847974538803,114.050450026989,0,2127.6524304226,70.1640396937728,0,31.6007511615753,123.585952758789,163.608377933502,731.776242509484,120.413995809853,2047.27492790669,236.62427406013,0,12482.2840337753,6588.16880775616,49.7426126897335,149.329717352986
2.31154632568359,0,0,0,36.6878547072411,90.964496076107,0,27.7057470083237,0,0,5.75993490219116,0,13.1256963014603,405.159857034683,0,0,3874.8625100553,7736.45097406209,277.489995956421,1.5014865398407,2.29080557823181,1688.15864497423,477.384092062712,0,0,0,0,10.9659547805786,0,0,0,0,0,0,0,6.02958345413208,2339.54236888885,18.3608862161636,205.77535623312,0.351668804883957,98.562865331769,3.21319153904915,30.2707174494863,0,4.60822236537933,24.1178150549531,126.356109410524,0,0,0,0,0,0,0,0,0,0,0.843533873558044,0,0,0,0,11.1231081485748,0,465.307031214237,29.6253933906555,0,0,0,0,0,0,0,1.42400670051575,0,0,0,0,56.4232506155968,354.299967110157,12.5562866330147,28.0447676181793,12482.2840337753,0,100.613178990781,0,3.17690207064152
576.668417774141,701.782242968678,578.803806297481,398.440414503217,74.1761330217123,575.065058797598,0,52.7216399908066,93.504446811974,122.596409395337,0,1.24252161383629,0,0,0,0,404.233582600951,305.754544906318,2975.69673997909,467.728179395199,0,0,0,5.68263399600983,1.43791133165359,0,0,0,0,0,0,0,0,0,0,86.7336139976978,105.932743504643,305.485005758703,398.784562468529,559.313795588911,1322.96159555018,4705.35044756532,5547.58281563967,22.3260273635387,33.3561772108078,5104.52474121004,2911.96259703487,36.8781244456768,432.453440763056,566.882606253028,28.0495564043522,148.758165717125,0,74.8092231154442,49.9865697696805,122.682842969894,292.83389275521,1539.73545628786,95.5597132146358,14.9972434043884,8.37878386676311,35.9044661074877,3605.01098857075,514.767169684172,0,0,92.1071626245975,2.10158801078796,0,0,196.616122081876,0,1150.40527357161,1009.82508140057,0,0,0,0,930.191628985107,141.164905913174,1335.6082161665,849.994381643832,6588.16880775616,100.613178990781,0,114.043322712183,1241.19194819778
0,0,0,0,0,0,0,0,0,0,0,0,0,0,0,0,14.4667406231165,118.681964218616,354.170336022973,0,0,0,0,0,0,0,0,0,0,0,0,0,0,0,0,0,0,4.71139712631702,0,62.6638528108597,0,438.518210187554,0.806049183011055,0,0,365.734834648669,0,0,0,2.31751602888107,0,0,0,0,0,0,0,0.439609333872795,0,0,0,0,95.529688693583,0,0,0,0,0,0,0,5.03133887052536,0,146.000806465745,0,0,0,0,0,143.44257812202,0,432.180539503694,1.02676749229431,49.7426126897335,0,114.043322712183,0,3.48431777954102
1.01686483621597,0,7.56684296578169,0,0,0,0,0,48.1869316399097,0,0,0,0,0,0,0,36.8923042789102,18.4879947006702,218.729323543608,0,0,0,0,0,0,0,0,0,0,0,0,0,0,0,0,0,0,0,0,0,93.4793847054243,11.8204807043076,1183.90542453527,0,0,10.8311151713133,18.2925356738269,0,2.55038040876389,0,0,0,0,0,0.232507184147835,0,1.06972646713257,0,0,0,0,0,1.92256858944893,0,0,0,0,0,0,0,0,0,1.04464280605316,166.855298615992,0,0,0,0,5.96461009979248,9.62691673636436,9.92614676058292,26.0619686245918,149.329717352986,3.17690207064152,1241.19194819778,3.48431777954102,0
