0,0,3.01539696965899,0,0,0,0,0,4.42623446769073,0,0,0,0,0,4.57132303714752,0,46.8467539007014,77.4180297851562,28.1276101872728,0,0,0,0,0,0,0,0,0,0,0,0,0,0,0,0,0,60.5428920072668,0,63.4258422851562,0,39.7172317504883,43.2131652832031,20.6817159998244,0,0,0,86.5467071533203,0,6.25003512627488,0,0,0,0,0,3.93872306545575,0,6.00673122633071,0,0,0,3.51928160740779,0,0,0,0,0,0,0,0,0,0,3.80167961120605,0,55.8452472686768,0,0,0,0,0,47.5564291265946,0,52.8635079520089,25.5787860953692,9.24160480499268,13.0104285219114,0,0
0,0,0,4.35075994541771,0,0,0,0,0,5.65421979501843,0,0,0,0,0,0,0,50.7000217437744,23.3395938139695,0,0,0,0,0,0,0,0,0,0,0,0,0,0,0,0,55.2513284122243,0,58.7365918840681,0,31.0641193389893,0,21.0994484485035,0,0,0,12.547978962169,0,0,0,8.03292758597268,0,0,0,0,0,5.33661739174853,0,7.02955899238586,0,5.05656099319458,0,4.27056761164414,0,0,0,0,0,0,0,0,0,0,24.3303369879723,0,0,0,0,0,49.2396765989416,97.9116287231445,35.7286619544029,0,10.8094467127577,10.8516352971395,14.1886679797649,0,0
3.01539696965899,0,0,0,5.39464181661606,0,0,0,5.54256342310424,0,0,0,0,0,0,0,0,0,47.5674095153809,0,0,0,0,0,0,0,0,0,0,0,0,0,0,0,0,0,0,0,0,0,39.715348815918,0,26.3369854938837,0,0,0,35.9747180938721,44.204402923584,28.2667660911878,87.0885238647461,6.42098052161081,0,0,0,4.42053506007561,0,25.4198011242517,0,4.03740412538702,0,0,0,0,30.5920111338298,0,0,0,0,0,0,0,0,0,26.6849605939542,0,0,0,0,0,58.5952796936035,0,0,16.3155017746819,41.4023361206055,23.54455637402,0,18.5347294277615
0,4.35075994541771,0,0,0,7.80250403086344,0,0,0,4.69741052389145,0,0,0,0,0,0,0,0,31.2329422235489,0,0,0,0,0,0,0,0,0,0,0,0,0,0,0,0,16.6596050262451,0,52.4406439463298,0,41.3370569864909,0,32.7094880642534,0,0,0,26.5530100928413,0,47.7637659708659,34.1121482849121,25.315957924067,0,5.53849932474968,0,0,0,0,0,14.3419670537354,0,3.89685191426958,0,4.39159250259399,55.2187633514404,0,0,0,0,0,0,0,0,0,29.6989141077428,0,0,0,0,0,63.6302025738884,0,46.2073109149933,0,11.9372791190781,26.4701416969299,24.0642089773148,19.9118005990982,0
0,0,5.39464181661606,0,0,0,4.02527025767735,0,3.15270280838013,0,0,0,0,0,0,0,0,0,0,0,7.08742320996064,0,0,0,0,0,0,0,0,0,0,0,0,0,0,0,32.4558853573269,0,0,0,0,0,38.7411231994629,0,0,0,34.0712350209554,57.0746543884277,45.7927470207214,0,3.6753272600472,0,4.62699097486643,0,3.71453437805176,0,30.0637435913086,0,0,0,5.90932893753052,0,0,9.42494434453128,0,0,0,0,0,0,0,0,0,74.8636093139648,0,0,0,0,0,23.0953883563771,0,0,3.8532313701434,0,13.5303836911917,0,0
0,0,0,7.80250403086344,0,0,0,0,0,0,0,0,0,0,0,0,0,0,0,3.71467629722927,0,0,0,0,0,0,0,0,0,0,0,0,0,0,0,15.2250444889069,0,0,0,42.0722284317017,0,41.5810089111328,0,0,0,0,0,57.5439834594727,0,41.4272424697876,0,4.20677341057567,0,0,0,0,0,3.68054932355881,0,0,0,0,10.2636568466822,0,0,0,0,0,0,0,0,0,0,0,0,0,0,0,10.8407566340073,0,0,0,3.5794391503,3.83813750743866,8.46991861698239,0,0
0,0,0,0,4.02527025767735,0,0,0,0,0,4.76522129581821,0,0,0,0,0,0,0,0,0,0,0,0,0,0,0,0,0,0,0,0,0,0,0,0,0,0,0,0,0,0,0,0,0,0,0,0,0,0,0,2.88715591430664,0,3.1542660168239,0,0,0,2.96122288703918,0,0,0,0,0,0,0,0,0,0,0,0,0,0,0,0,0,0,0,0,0,0,0,0,0,4.06362839274936,3.28846269845963,0,0,0
0,0,0,0,0,0,0,0,0,0,0,3.06790661811829,0,0,0,0,0,0,0,0,0,0,0,0,0,0,0,0,0,0,0,0,0,0,0,0,0,0,0,0,0,0,0,0,0,0,0,0,0,0,0,2.91924738883972,0,3.11309439485723,0,0,0,3.12524801890055,0,0,0,0,0,0,0,0,0,0,0,0,0,0,0,0,0,0,0,0,0,0,0,0,2.96998647096995,3.98390732492719,0,0,0
4.42623446769073,0,5.54256342310424,0,3.15270280838013,0,0,0,0,0,0,0,0,0,3.1220442019787,0,19.6607086658478,40.2910318374634,40.103662331899,0,0,0,0,0,4.60968825930641,0,3.45035003662109,0,0,0,0,0,0,0,0,0,0,0,2.96204042434692,0,0,0,32.2492318153381,0,0,0,0,60.7313537597656,34.5176375806332,0,25.020679473877,0,0,0,4.44084443281664,0,34.2147750854492,0,0,0,3.5603776772817,0,0,0,0,0,0,3.85104300578435,0,4.27335890769958,0,0,0,36.8113403320312,0,0,0,0,0,0,0,0,8.08127161661784,0,14.7823193927981,0,0
0,5.65421979501843,0,4.69741052389145,0,0,0,0,0,0,0,0,0,0,0,3.5813548216453,0,15.7077317237854,0,0,0,0,0,8.52402499318123,0,0,0,0,0,0,0,0,0,0,0,0,0,0,0,0,0,26.1329853194101,0,0,0,0,0,0,0,0,0,0,0,0,0,4.51309842371968,0,33.2777976989746,0,0,0,3.48266906677922,0,0,0,0,6.56998467175974,0,3.5841817855835,0,0,0,35.311653137207,0,0,0,0,0,0,0,0,0,3.46748032786629,4.3906538910336,13.2778594834464,0,0
0,0,0,0,0,0,4.76522129581821,0,0,0,0,0,2.97038345118515,0,0,0,0,0,0,0,3.56303690870603,0,0,0,0,0,0,0,2.93002646309989,0,3.059829890728,0,0,0,0,0,2.7405837059021,0,4.28293115432773,0,0,0,0,0,0,0,0,0,0,0,0,0,6.75168418884277,0,0,0,5.64947631223136,0,0,0,0,0,0,6.01880548681532,0,0,0,0,0,0,0,0,0,4.22338914871216,0,0,0,0,0,4.2711371296928,0,5.52970908344656,4.67027424968847,0,0,0,0
0,0,0,0,0,0,0,3.06790661811829,0,0,0,0,0,2.86151091498558,0,0,0,0,0,3.6777946247774,0,0,0,0,0,0,0,0,0,6.31722324667966,0,0,0,0,0,4.20398158271138,0,3.47012668509982,0,0,0,0,0,0,0,11.7705917358398,0,0,0,0,0,0,0,5.04576804902818,0,0,0,5.03407851625305,0,3.12626965479417,0,0,5.09757503509521,0,0,0,0,0,0,0,0,0,6.25863521957397,0,0,0,0,0,6.74695634841919,0,4.96950470699984,0,3.65688520578238,0,0,0,0
0,0,0,0,0,0,0,0,0,0,2.97038345118515,0,0,0,2.9577409029007,0,3.59255599975586,0,0,0,0,0,0,0,0,0,2.95701050758362,0,2.85050117969513,0,0,0,0,0,0,0,0,0,0,0,0,0,0,0,0,0,0,0,0,0,0,0,0,0,0,0,3.66452329158783,0,3.24396789185355,0,4.43419928984209,0,0,0,0,0,0,0,0,0,0,0,0,0,0,0,0,0,0,0,0,0,3.13603667418162,4.44668918497422,0,0,0
0,0,0,0,0,0,0,0,0,0,0,2.86151091498558,0,0,0,3.46540729204814,0,0,0,0,0,0,0,0,0,0,0,2.85089260339737,0,0,0,0,0,0,0,0,0,0,0,0,0,0,0,0,0,0,0,0,0,0,0,0,0,0,0,0,0,4.23111128807068,0,3.48561134903273,0,3.50465173721313,0,0,0,0,0,0,0,0,0,0,0,0,0,0,0,0,0,0,0,0,2.97621429377589,3.1441531254695,0,0,0
4.57132303714752,0,0,0,0,0,0,0,3.1220442019787,0,0,0,2.9577409029007,0,0,0,5.55979729320692,0,0,0,0,0,0,0,5.30035262637668,0,5.05088746547699,0,7.59186148643494,0,0,0,0,0,0,0,0,0,0,0,0,0,0,0,0,0,0,0,0,0,0,0,0,0,4.61820103342717,0,0,0,4.03658473491669,0,3.55168269764293,0,0,0,0,0,0,0,0,0,0,0,0,0,0,0,0,0,0,0,0,0,4.26546832533444,0,0,0,0
0,0,0,0,0,0,0,0,0,3.5813548216453,0,0,0,3.46540729204814,0,0,44.4658546447754,25.7079682514585,0,0,0,0,0,0,0,3.58305287361145,0,0,0,0,0,0,0,0,0,0,0,0,0,0,0,0,0,0,0,0,0,0,0,0,0,0,0,0,0,6.18795459020869,0,0,0,3.87334820429484,0,2.89139792919159,0,0,0,0,0,0,0,0,0,0,0,0,0,0,0,0,0,0,0,0,3.28211979619388,4.09620736195491,0,0,0
46.8467539007014,0,0,0,0,0,0,0,19.6607086658478,0,0,0,3.59255599975586,0,5.55979729320692,44.4658546447754,0,26.296253307987,24.7937652939188,0,0,0,2.74362993240356,54.0655384063721,3.98281906061112,27.3888626098633,6.31915021660816,0,5.05730942090352,0,0,0,0,0,0,109.814603805542,103.13370513916,111.168098449707,96.3873833550347,69.6136617457613,65.7537502459626,72.0838179588318,53.5801683782221,0,61.0082422892253,60.711653137207,61.7040251710989,0,0,0,0,0,0,0,0,0,50.7853012084961,86.5114135742188,0,0,14.5249190926552,0,70.5363290960138,76.094233120189,0,0,0,0,0,3.17630004882812,0,0,77.336555480957,65.8030078887939,0,0,0,0,75.1627683274289,78.7605086727085,87.3001576299253,74.0183142077538,17.8553057291645,8.97866356040465,64.3486991620246,74.9723256429036,48.204050210806
77.4180297851562,50.7000217437744,0,0,0,0,0,0,40.2910318374634,15.7077317237854,0,0,0,0,0,25.7079682514585,26.296253307987,0,25.4420482317024,0,0,3.50639981181682,0,5.11677702627283,0,5.38241761281779,54.6087017059326,0,0,0,0,0,0,0,0,104.97467376709,112.638024466378,105.141389211019,137.073247273763,76.9574115150853,84.6396870613098,62.5302547586375,71.882358278547,0,0,67.1338604821099,79.4398933078932,0,0,0,0,0,0,0,0,0,0,97.182258605957,0,0,0,30.1647148132324,80.4579366048177,93.1091651916504,4.1423895779778,0,7.60869721571604,0,5.36077686592385,0,0,0,83.4140625,87.9480911254883,0,0,0,0,89.8820078650186,95.3865211949204,82.0434240765042,89.2616115369295,15.6155337077622,11.7721511819542,78.1442494308739,58.050387205901,95.4443778991699
28.1276101872728,23.3395938139695,47.5674095153809,31.2329422235489,0,0,0,0,40.103662331899,0,0,0,0,0,0,0,24.7937652939188,25.4420482317024,0,0,0,0,0,32.2756071090698,0,0,0,0,0,0,0,0,0,0,0,69.2680897368006,73.2681734580693,68.757343466765,75.3653856549944,48.4826330444336,47.940353963702,30.203933135663,24.6026172377947,4.62775391340256,17.8597572066567,42.4298026020994,46.3427854378216,42.9491729736328,43.3516883850098,35.4371762275696,0,0,0,0,0,0,43.6692932128906,35.9145185582778,0,0,0,34.1193552017212,54.2336209478554,58.5639358807507,0,0,0,0,0,0,27.1139554977417,0,32.2479764694812,39.4211564492927,0,0,0,0,56.379341217873,56.5004996142689,44.3645903760737,47.2949642872465,19.7620330277699,35.4143796826972,36.4073972993092,26.0162687441588,24.3392555077871
0,0,0,0,0,3.71467629722927,0,0,0,0,0,3.6777946247774,0,0,0,0,0,0,0,0,0,0,0,0,0,0,0,0,0,0,0,0,0,0,0,4.99595132184265,0,4.25626007441817,0,17.5120334625244,0,0,0,0,0,0,0,0,0,32.4632439613342,0,0,0,0,0,0,0,3.67103260125571,0,0,0,0,5.01971697942393,0,0,0,0,0,0,0,0,0,0,0,0,0,0,0,6.85361246214973,0,5.21754693984985,0,4.56091511024619,0,10.0158921650478,0,0
0,0,0,0,7.08742320996064,0,0,0,0,0,3.56303690870603,0,0,0,0,0,0,0,0,0,0,0,0,0,0,0,0,0,0,0,0,0,0,0,0,0,4.0867268765559,0,3.9934025137048,0,0,0,0,0,0,0,11.4074106216431,0,0,0,5.03741103410721,0,0,0,0,0,5.20643029068456,0,0,0,0,0,0,3.95262204499609,0,0,0,0,0,0,0,0,0,6.11018109321594,0,0,0,0,0,7.31404681065503,0,11.7438178592258,12.7341183423996,88.7858352661133,9.62916141748428,0,0
0,0,0,0,0,0,0,0,0,0,0,0,0,0,0,0,0,3.50639981181682,0,0,0,0,4.00389953663475,4.97682684818601,0,6.32950170133628,0,2.94060720716204,0,0,0,0,0,0,0,0,0,5.03995507991675,0,0,0,0,0,0,0,0,0,0,0,5.66106158494949,0,0,0,0,0,0,0,0,0,0,0,0,0,0,5.1482420734917,5.77932558059692,4.51096743538922,0,8.2041675684587,0,3.07020272684924,0,0,0,0,0,0,0,0,0,11.0894610781207,0,4.86778433398687,4.4042457417107,13.5664114952087,0,0
0,0,0,0,0,0,0,0,0,0,0,0,0,0,0,0,2.74362993240356,0,0,0,0,4.00389953663475,0,0,4.33962121141066,0,4.13134947030441,0,3.18076583513847,0,0,0,0,0,0,0,0,0,4.53626285985326,0,0,0,0,0,0,0,0,23.0949630737305,4.36422059271071,0,0,0,0,0,0,0,0,0,0,0,0,0,0,0,0,4.77356859865482,0,5.58671065876561,0,3.79449766935761,0,4.98664064407349,0,0,0,0,0,0,0,0,0,9.8819571815285,4.15639559448262,4.46371981005894,0,0,0
0,0,0,0,0,0,0,0,0,8.52402499318123,0,0,0,0,0,0,54.0655384063721,5.11677702627283,32.2756071090698,0,0,4.97682684818601,0,0,0,4.23853334059586,0,0,0,0,0,0,0,0,0,0,0,3.60553628814464,0,0,0,17.8586101531982,0,0,0,0,0,17.4159698486328,0,0,0,0,0,0,0,5.87123205969411,0,0,0,0,0,0,0,0,7.12457785099924,0,5.60407719182968,0,5.66244808411112,0,0,0,0,0,0,0,0,0,0,0,7.94000357141097,0,6.41794896830479,0,7.98010969161987,0,0
0,0,0,0,0,0,0,0,4.60968825930641,0,0,0,0,0,5.30035262637668,0,3.98281906061112,0,0,0,0,0,4.33962121141066,0,0,0,3.71718648636695,0,0,0,0,0,0,0,0,0,0,0,4.53565605851107,0,0,0,0,0,0,0,0,25.4203720092773,9.44263076782227,0,0,0,0,0,4.15793952508406,0,0,0,0,0,0,0,0,0,0,6.60800760394924,0,4.74714281814015,0,3.82813979711147,0,0,0,0,0,0,0,0,0,0,0,9.12311696424717,4.38873880781153,0,9.33563508987427,0,0
0,0,0,0,0,0,0,0,0,0,0,0,0,0,0,3.58305287361145,27.3888626098633,5.38241761281779,0,0,0,6.32950170133628,0,4.23853334059586,0,0,0,4.10633763228313,0,0,0,0,0,0,0,0,0,0,0,0,0,0,0,0,0,0,0,0,0,0,0,0,0,0,0,0,0,0,0,0,0,0,0,0,7.71103205305807,0,4.16001212596893,0,4.36161909406147,0,7.93416853954917,0,0,0,0,0,0,0,0,0,0,0,3.4504441352701,0,0,0,0
0,0,0,0,0,0,0,0,3.45035003662109,0,0,0,2.95701050758362,0,5.05088746547699,0,6.31915021660816,54.6087017059326,0,0,0,0,4.13134947030441,0,3.71718648636695,0,0,0,3.88609613882047,0,0,0,0,0,0,0,0,0,0,0,0,0,0,0,0,0,0,0,0,0,0,0,0,0,3.91507021770921,0,0,0,0,0,0,0,0,0,0,0,0,4.87571655379401,0,3.64671989123027,0,3.71344429254532,0,0,0,0,0,0,0,0,0,0,9.3407362440358,0,0,0,0
0,0,0,0,0,0,0,0,0,0,0,0,0,2.85089260339737,0,0,0,0,0,0,0,2.94060720716204,0,0,0,4.10633763228313,0,0,0,6.06582768991196,0,0,0,0,0,0,0,3.09555259827645,0,0,0,0,0,0,0,0,0,0,0,0,0,0,0,0,0,0,0,0,0,0,0,3.16451048851013,0,0,5.51530981063843,0,0,0,4.22228229241293,0,3.5311246174638,0,7.09710012163435,0,0,0,0,0,0,0,3.11696085333824,0,3.05311232188652,2.9421599275536,0,0,0
0,0,0,0,0,0,0,0,0,0,2.93002646309989,0,2.85050117969513,0,7.59186148643494,0,5.05730942090352,0,0,0,0,0,3.18076583513847,0,0,0,3.88609613882047,0,0,0,6.21147020657857,0,0,0,0,0,0,0,2.77508537542252,0,0,0,0,0,0,0,0,0,0,0,0,0,0,0,0,0,0,0,2.87286548614502,0,0,0,0,0,0,3.59256591115679,0,0,0,5.19198583955524,0,4.3236491600139,0,9.98290463818444,0,0,0,0,0,0,0,11.4380936092801,3.00384497220537,2.95372028784318,0,0,0
0,0,0,0,0,0,0,0,0,0,0,6.31722324667966,0,0,0,0,0,0,0,0,0,0,0,0,0,0,0,6.06582768991196,0,0,0,0,0,0,0,0,0,4.99211675823687,0,0,0,0,0,0,0,0,0,0,0,0,0,0,0,0,0,0,0,4.59160218636195,0,0,0,0,0,0,0,0,0,0,0,0,6.56711837178782,0,5.30384528415719,0,0,0,0,0,0,0,7.03845115502675,0,3.74863441439642,0,0,0,0
0,0,0,0,0,0,0,0,0,0,3.059829890728,0,0,0,0,0,0,0,0,0,0,0,0,0,0,0,0,0,6.21147020657857,0,0,0,0,0,0,0,0,0,3.85543471710248,0,0,0,0,0,0,0,0,0,0,0,0,0,0,0,0,0,12.4634704589844,0,0,0,0,0,0,0,0,0,0,0,0,0,0,5.17121638284697,0,7.39034813975783,0,0,0,0,0,0,0,7.27353299375469,3.01213085174561,0,0,0,0
0,0,0,0,0,0,0,0,0,0,0,0,0,0,0,0,0,0,0,0,0,0,0,0,0,0,0,0,0,0,0,0,8.46414749438946,6.40317034721375,0,3.48185776420732,5.95542828241984,0,0,0,0,0,0,0,0,0,0,5.08438592600444,7.43049033482869,4.09960544109344,0,0,0,0,0,0,0,0,0,0,0,0,0,0,0,0,0,0,0,0,0,0,0,0,3.99008713906054,11.9915432248797,3.91437758098949,0,3.71009902985065,14.7636384963989,0,0,3.69161176681519,0,0,0,0
0,0,0,0,0,0,0,0,0,0,0,0,0,0,0,0,0,0,0,0,0,0,0,0,0,0,0,0,0,0,0,8.46414749438946,0,0,8.02948076384408,0,5.14945608437663,0,0,0,0,0,0,0,0,0,0,4.15408498074585,3.14223480224609,0,0,0,0,0,0,0,0,0,0,0,0,0,0,0,0,0,0,0,0,0,0,0,0,0,12.2444823480421,4.14795307880336,0,9.82938575744629,11.2451694806417,5.47591413404883,0,0,6.77015947293233,0,0,0,0
0,0,0,0,0,0,0,0,0,0,0,0,0,0,0,0,0,0,0,0,0,0,0,0,0,0,0,0,0,0,0,6.40317034721375,0,0,3.92196160342701,3.71712279688996,0,3.72958360140837,0,0,0,0,0,0,0,0,0,4.6714636812505,0,8.64578533172607,0,0,0,0,0,0,0,0,0,0,0,0,0,0,0,0,0,0,0,0,0,0,0,0,15.8281193733215,0,4.73760090670066,3.49806331671201,8.92183272180886,0,5.14647329187182,0,3.52298131942749,4.52366542816162,0,0,0
0,0,0,0,0,0,0,0,0,0,0,0,0,0,0,0,0,0,0,0,0,0,0,0,0,0,0,0,0,0,0,0,8.02948076384408,3.92196160342701,0,0,8.9909101893317,0,3.12692985390172,0,0,0,61.6849479675293,0,0,0,51.935484568278,5.18729766750144,13.4208722114563,0,0,0,0,0,0,0,0,0,0,0,0,0,0,46.7919921875,0,0,0,0,0,0,0,0,0,0,0,14.923636088164,5.10455475157689,5.11210918335166,0,24.9099637005064,0,11.8034029421599,3.9279360727566,2.96341998760517,23.1351766586304,0,0
0,55.2513284122243,0,16.6596050262451,0,15.2250444889069,0,0,0,0,0,4.20398158271138,0,0,0,0,109.814603805542,104.97467376709,69.2680897368006,4.99595132184265,0,0,0,0,0,0,0,0,0,0,0,3.48185776420732,0,3.71712279688996,0,0,5.39512037444901,9.84270198554528,0,82.5295400035625,87.2075042724609,57.9175981907303,94.5769515991211,51.2384822986744,0,47.7731820675297,122.182978820801,8.5383531347565,16.0507192611694,40.7367541725571,141.14143371582,0,0,0,0,0,0,8.18022418365204,0,0,0,0,19.7757799722775,0,0,0,0,0,0,0,0,0,79.9420141601562,108.117866516113,7.85619196394608,12.6957442760468,11.3603507405833,0,7.95487475192518,31.7227397973721,14.9621748847302,150.879547119141,10.1057243296362,68.5328612804413,34.523251547508,49.1041047781106,0
60.5428920072668,0,0,0,32.4558853573269,0,0,0,0,0,2.7405837059021,0,0,0,0,0,103.13370513916,112.638024466378,73.2681734580693,0,4.0867268765559,0,0,0,0,0,0,0,0,0,0,5.95542828241984,5.14945608437663,0,8.9909101893317,5.39512037444901,0,13.4187393188477,13.2827987474025,86.2277984619141,77.2200386944939,99.4613857269287,56.7678205067082,0,53.3866899739141,125.527722676595,47.8047577782027,9.87591533155631,22.6459137325856,14.749979019165,33.5011619567871,0,0,0,0,0,66.284302520752,0,0,0,0,0,146.672622680664,27.7706673785076,0,0,0,0,0,0,0,0,103.068069458008,71.2758145566847,0,7.51118815257287,0,8.32292984495772,8.34042553050177,8.14325061567309,153.605049133301,18.2562331014537,9.92023819749438,71.9994599478585,46.8858185298859,0,53.8485767364502
0,58.7365918840681,0,52.4406439463298,0,0,0,0,0,0,0,3.47012668509982,0,0,0,0,111.168098449707,105.141389211019,68.757343466765,4.25626007441817,0,5.03995507991675,0,3.60553628814464,0,0,0,3.09555259827645,0,4.99211675823687,0,0,0,3.72958360140837,0,9.84270198554528,13.4187393188477,0,3.21285569362151,83.4449863433838,89.8758392333984,45.5465453662704,101.655784606934,55.215524037679,67.6912460327148,48.2549697620662,108.257751464844,6.55208361446032,86.6608200073242,8.98523500503278,0,0,0,0,0,0,112.709030151367,4.1583969389336,0,0,0,0,22.4252563238144,128.926803588867,7.74208919113204,0,5.46023756840507,0,0,0,5.32917393247287,0,5.56176607517366,0,0,0,3.64304669007011,0,16.7435136598762,80.9987349510193,6.72100522135014,2.80871496881757,6.41868852063949,6.6187113530193,21.7477101227816,49.8906797170639,0
63.4258422851562,0,0,0,0,0,0,0,2.96204042434692,0,4.28293115432773,0,0,0,0,0,96.3873833550347,137.073247273763,75.3653856549944,0,3.9934025137048,0,4.53626285985326,0,4.53565605851107,0,0,0,2.77508537542252,0,3.85543471710248,0,0,0,3.12692985390172,0,13.2827987474025,3.21285569362151,0,91.5519714355469,77.1584785461426,24.755765914917,21.9300378948809,0,55.1135317484538,0,51.9953479326688,6.72202201752207,6.33883488906754,0,0,0,0,0,0,0,5.8761144793661,0,0,0,0,0,0,22.1947109349843,0,5.71146198802524,0,6.44265492769796,0,0,0,3.55737959487098,0,5.16909286756157,0,0,0,4.59891297171513,170.03694152832,12.4665146213497,4.77105132616483,6.79589676725328,6.839432453787,6.04923452236952,15.2346603094331,0,51.7058067321777
0,31.0641193389893,0,41.3370569864909,0,42.0722284317017,0,0,0,0,0,0,0,0,0,0,69.6136617457613,76.9574115150853,48.4826330444336,17.5120334625244,0,0,0,0,0,0,0,0,0,0,0,0,0,0,0,82.5295400035625,86.2277984619141,83.4449863433838,91.5519714355469,0,57.3338747024536,22.3407253563667,46.7896327972412,28.9980945587158,56.404541015625,14.3988194498957,62.3132946014404,8.73555564880371,0,11.9027769104529,0,45.1455815633138,0,0,0,0,81.8522453308105,53.6428324222565,0,44.2897682189941,0,0,10.9775680397016,93.971508026123,0,0,0,0,0,0,0,0,50.1028614938259,86.860481262207,0,0,0,0,28.0374207480978,86.0497184026809,56.1046899038203,98.8512649536133,59.0635862668355,36.001091003418,18.4239404308713,30.4951338813418,62.5127372741699
39.7172317504883,0,39.715348815918,0,0,0,0,0,0,0,0,0,0,0,0,0,65.7537502459626,84.6396870613098,47.940353963702,0,0,0,0,0,0,0,0,0,0,0,0,0,0,0,0,87.2075042724609,77.2200386944939,89.8758392333984,77.1584785461426,57.3338747024536,0,60.7733883857727,23.4687878161743,0,38.0983200073242,69.2107445853097,15.5520718173616,0,9.5484330144647,76.7194976806641,43.2110818227132,0,0,0,0,0,47.4866189956665,69.4425888061523,44.7873560587565,0,0,0,74.6110649108887,10.4586434359635,0,0,0,0,0,0,0,0,84.6033477783203,50.7087641190947,0,0,0,0,93.9335103468461,26.7122821639205,84.4473838806152,59.0753700969243,49.4461852233775,36.7583981922695,16.1876238607443,0,24.9349244798933
43.2131652832031,21.0994484485035,0,32.7094880642534,0,41.5810089111328,0,0,0,26.1329853194101,0,0,0,0,0,0,72.0838179588318,62.5302547586375,30.203933135663,0,0,0,0,17.8586101531982,0,0,0,0,0,0,0,0,0,0,0,57.9175981907303,99.4613857269287,45.5465453662704,24.755765914917,22.3407253563667,60.7733883857727,0,17.6776020246394,27.39723777771,54.049412727356,25.236448360993,58.2484455108643,10.8420073452281,52.8762189320156,12.8947793760146,0,43.3842798868815,0,0,0,22.8534873962402,63.3650099436442,23.9105204918015,0,22.0246962229411,0,39.4635347790188,27.8974647230218,63.4397926330566,0,0,15.2869867324829,0,0,0,18.0690663337708,0,24.9505766817729,72.9700166110335,0,0,0,0,29.9747048554374,80.686472628979,40.3062006042611,82.4762883867536,16.5658007983612,23.2982658649159,18.0744385913955,15.4207006434804,41.7390886034284
20.6817159998244,0,26.3369854938837,0,38.7411231994629,0,0,0,32.2492318153381,0,0,0,0,0,0,0,53.5801683782221,71.882358278547,24.6026172377947,0,0,0,0,0,0,0,0,0,0,0,0,0,0,0,61.6849479675293,94.5769515991211,56.7678205067082,101.655784606934,21.9300378948809,46.7896327972412,23.4687878161743,17.6776020246394,0,0,43.9170214335124,42.8641461266412,21.5244515301384,12.4194470382098,12.5651941072585,39.4448528289795,38.4069347381592,0,0,0,38.2123769124349,0,24.7582041214209,64.661491394043,36.4841389656067,0,0,0,54.2965469360352,28.0898342530318,0,0,0,24.1679859161377,0,0,0,0,66.6157188415527,21.3471133363568,0,0,0,4.63942432403564,63.2941372648199,28.7443556272396,69.9286997868465,34.2967947877944,18.0857434782279,23.7151823473273,17.0839384305673,48.7504943847656,14.6122856104097
0,0,0,0,0,0,0,0,0,0,0,0,0,0,0,0,0,0,4.62775391340256,0,0,0,0,0,0,0,0,0,0,0,0,0,0,0,0,51.2384822986744,0,55.215524037679,0,28.9980945587158,0,27.39723777771,0,0,0,0,0,0,0,0,0,0,0,0,0,0,0,0,0,0,0,0,0,0,0,0,0,0,0,0,0,0,0,0,0,0,0,0,44.8097918641334,0,34.7223503645076,0,12.21080493927,0,12.5600438117981,0,0
0,0,0,0,0,0,0,0,0,0,0,0,0,0,0,0,61.0082422892253,0,17.8597572066567,0,0,0,0,0,0,0,0,0,0,0,0,0,0,0,0,0,53.3866899739141,67.6912460327148,55.1135317484538,56.404541015625,38.0983200073242,54.049412727356,43.9170214335124,0,0,0,79.4228744506836,0,33.6640472412109,0,0,0,0,0,0,0,0,0,0,0,0,0,0,0,0,0,0,0,0,0,0,0,69.4683380126953,22.0587088267008,0,0,0,0,0,40.392834261844,112.444229125977,32.9092980575561,20.2923612816389,10.5924768447876,16.9703323715612,0,14.5187196731567
0,12.547978962169,0,26.5530100928413,0,0,0,0,0,0,0,11.7705917358398,0,0,0,0,60.711653137207,67.1338604821099,42.4298026020994,0,0,0,0,0,0,0,0,0,0,0,0,0,0,0,0,47.7731820675297,125.527722676595,48.2549697620662,0,14.3988194498957,69.2107445853097,25.236448360993,42.8641461266412,0,0,0,63.38519499037,38.4479084014893,30.1171482631138,28.935125477612,0,21.6931438446045,0,0,0,0,0,27.9814191425548,0,0,0,0,16.4923985651243,75.8963050842285,0,0,0,0,0,0,0,0,25.7264133652644,79.9299697875977,0,0,47.8974418640137,0,36.1875047090059,80.1366970607213,31.3527719833023,89.9829177856445,41.0294999908983,19.079103742327,23.3446695190668,49.3967574437459,0
86.5467071533203,0,35.9747180938721,0,34.0712350209554,0,0,0,0,0,0,0,0,0,0,0,61.7040251710989,79.4398933078932,46.3427854378216,0,11.4074106216431,0,0,0,0,0,0,0,0,0,0,0,0,0,51.935484568278,122.182978820801,47.8047577782027,108.257751464844,51.9953479326688,62.3132946014404,15.5520718173616,58.2484455108643,21.5244515301384,0,79.4228744506836,63.38519499037,0,41.6646917101363,29.4108852878694,30.3706648349762,30.9179542859395,0,0,0,0,0,24.4254860922555,84.0038986206055,46.8257637023926,0,0,0,77.2496028900146,12.6226836122274,0,0,0,0,0,0,0,0,76.8529267311096,29.758467051252,0,0,0,0,90.8355749947684,28.9854538886158,91.0839832850865,32.9797468838207,44.8503419150167,32.3991723330516,22.0863952816688,51.2827682495117,46.8446338176727
0,0,44.204402923584,47.7637659708659,57.0746543884277,57.5439834594727,0,0,60.7313537597656,0,0,0,0,0,0,0,0,0,42.9491729736328,0,0,0,23.0949630737305,17.4159698486328,25.4203720092773,0,0,0,0,0,0,5.08438592600444,4.15408498074585,4.6714636812505,5.18729766750144,8.5383531347565,9.87591533155631,6.55208361446032,6.72202201752207,8.73555564880371,0,10.8420073452281,12.4194470382098,0,0,38.4479084014893,41.6646917101363,0,8.0645527576541,7.80010983202148,54.838399887085,44.5279197692871,0,0,0,0,59.6896514892578,56.0780086517334,57.3137273788452,0,0,0,47.425012588501,54.2112565474077,0,28.772274017334,16.4609823226929,23.7218221936907,0,0,0,0,72.5160942077637,70.6197908574885,6.61091559955263,5.88509513107385,6.61132177624223,5.32251523627511,6.93085222035546,6.4689410564644,10.5073994398117,8.51125555342816,6.19035940743788,8.76033105427706,10.2332124518883,38.4330940246582,0
6.25003512627488,0,28.2667660911878,34.1121482849121,45.7927470207214,0,0,0,34.5176375806332,0,0,0,0,0,0,0,0,0,43.3516883850098,0,0,0,4.36422059271071,0,9.44263076782227,0,0,0,0,0,0,7.43049033482869,3.14223480224609,0,13.4208722114563,16.0507192611694,22.6459137325856,86.6608200073242,6.33883488906754,0,9.5484330144647,52.8762189320156,12.5651941072585,0,33.6640472412109,30.1171482631138,29.4108852878694,8.0645527576541,0,8.02989233058432,45.008325699837,0,0,0,18.6373246431351,0,36.7596521914845,0,42.8588957353072,0,4.38475159879001,0,0,37.7026166915894,0,5.80020862883264,0,6.43949899591249,0,3.45776586697019,0,3.14126831834967,71.1879081726074,19.7068401756287,9.51565565381731,12.7658190727234,0,7.27772923878261,22.1805710111346,11.8734250087147,0,15.8293294388315,16.3739288394268,28.0901939074198,13.7108899714146,0,38.2203888893127
0,8.03292758597268,87.0885238647461,25.315957924067,0,41.4272424697876,0,0,0,0,0,0,0,0,0,0,0,0,35.4371762275696,32.4632439613342,0,5.66106158494949,0,0,0,0,0,0,0,0,0,4.09960544109344,0,8.64578533172607,0,40.7367541725571,14.749979019165,8.98523500503278,0,11.9027769104529,76.7194976806641,12.8947793760146,39.4448528289795,0,0,28.935125477612,30.3706648349762,7.80010983202148,8.02989233058432,0,44.7967929840088,49.3254607064383,0,0,0,0,55.5938269297282,22.3572004093473,43.6386756896973,13.8087868844309,0,4.65866015174172,32.2912414892396,0,5.01603397177013,0,6.12284564971924,0,3.88073296546936,0,4.92114021308231,0,27.948639143597,61.4170583089193,0,19.5704727172852,4.59706262747447,20.1995239257812,9.16022231594564,88.8289057413737,12.4957210586548,97.3754577636719,9.66352226409879,30.2505939006805,13.7779373259845,9.64417320887248,70.2462997436523
0,0,6.42098052161081,0,3.6753272600472,0,2.88715591430664,0,25.020679473877,0,0,0,0,0,0,0,0,0,0,0,5.03741103410721,0,0,0,0,0,0,0,0,0,0,0,0,0,0,141.14143371582,33.5011619567871,0,0,0,43.2110818227132,0,38.4069347381592,0,0,0,30.9179542859395,54.838399887085,45.008325699837,44.7967929840088,0,0,2.73813772201538,0,7.59960341453552,0,4.69413461685181,0,0,0,6.4294923900329,0,0,9.13079774658401,0,0,0,0,0,0,0,0,0,54.1437511444092,0,0,0,0,0,25.222772647173,0,0,4.82007693090747,0,13.874542365551,0,0
0,0,0,5.53849932474968,0,4.20677341057567,0,2.91924738883972,0,0,0,0,0,0,0,0,0,0,0,0,0,0,0,0,0,0,0,0,0,0,0,0,0,0,0,0,0,0,0,45.1455815633138,0,43.3842798868815,0,0,0,21.6931438446045,0,44.5279197692871,0,49.3254607064383,0,0,0,0,0,0,0,12.0871648971851,0,3.05286163753933,0,3.72911066412926,14.3200712203979,0,0,0,0,0,0,0,0,0,36.4317649841309,0,0,0,0,0,50.214329401652,0,73.7999038696289,0,5.6449840528066,0,13.3118356227875,0,0
0,0,0,0,4.62699097486643,0,3.1542660168239,0,0,0,6.75168418884277,0,0,0,0,0,0,0,0,0,0,0,0,0,0,0,0,0,0,0,0,0,0,0,0,0,0,0,0,0,0,0,0,0,0,0,0,0,0,0,2.73813772201538,0,0,0,0,0,0,0,0,0,0,0,0,0,0,0,0,0,0,0,0,0,0,0,0,0,0,0,0,0,0,0,3.38610243797302,3.8759616944525,0,0,0
0,0,0,0,0,0,0,3.11309439485723,0,0,0,5.04576804902818,0,0,0,0,0,0,0,0,0,0,0,0,0,0,0,0,0,0,0,0,0,0,0,0,0,0,0,0,0,0,0,0,0,0,0,0,0,0,0,0,0,0,0,0,0,5.7733963565462,0,0,0,0,0,0,0,0,0,0,0,0,0,0,0,0,0,0,0,0,0,0,0,0,3.0412314593137,0,0,0,0
3.93872306545575,0,4.42053506007561,0,3.71453437805176,0,0,0,4.44084443281664,0,0,0,0,0,4.61820103342717,0,0,0,0,0,0,0,0,0,4.15793952508406,0,3.91507021770921,0,0,0,0,0,0,0,0,0,0,0,0,0,0,0,38.2123769124349,0,0,0,0,0,18.6373246431351,0,7.59960341453552,0,0,0,0,0,11.3699946403503,0,0,0,3.88216797221791,0,0,0,0,0,0,4.62721512653274,0,4.34846857190132,0,0,0,39.8766237894694,0,0,0,0,0,0,0,0,3.7563329986904,0,23.8948535277293,0,0
0,5.33661739174853,0,0,0,0,0,0,0,4.51309842371968,0,0,0,0,0,6.18795459020869,0,0,0,0,0,0,0,5.87123205969411,0,0,0,0,0,0,0,0,0,0,0,0,0,0,0,0,0,22.8534873962402,0,0,0,0,0,0,0,0,0,0,0,0,0,0,0,0,0,0,0,7.25286806641369,0,0,0,0,5.59023653204913,0,0,0,0,0,36.1160507202148,0,0,0,0,0,0,0,0,0,4.02625831851253,0,12.0366123074391,0,0
6.00673122633071,0,25.4198011242517,0,30.0637435913086,0,2.96122288703918,0,34.2147750854492,0,5.64947631223136,0,3.66452329158783,0,0,0,50.7853012084961,0,43.6692932128906,0,5.20643029068456,0,0,0,0,0,0,0,0,0,12.4634704589844,0,0,0,0,0,66.284302520752,112.709030151367,5.8761144793661,81.8522453308105,47.4866189956665,63.3650099436442,24.7582041214209,0,0,0,24.4254860922555,59.6896514892578,36.7596521914845,55.5938269297282,4.69413461685181,0,0,0,11.3699946403503,0,0,0,4.27906538925919,0,4.2460197331954,0,0,10.1197095159171,0,0,0,0,0,0,0,5.26796499888102,87.1128005981445,9.58895002465892,0,0,0,0,94.507568359375,55.9533621737832,93.8462295532227,11.021223198983,14.1819661994876,34.9695353507996,17.5638906170456,0,20.6589075724284
0,7.02955899238586,0,14.3419670537354,0,3.68054932355881,0,3.12524801890055,0,33.2777976989746,0,5.03407851625305,0,4.23111128807068,0,0,86.5114135742188,97.182258605957,35.9145185582778,3.67103260125571,0,0,0,0,0,0,0,0,0,4.59160218636195,0,0,0,0,0,8.18022418365204,0,4.1583969389336,0,53.6428324222565,69.4425888061523,23.9105204918015,64.661491394043,0,0,27.9814191425548,84.0038986206055,56.0780086517334,0,22.3572004093473,0,12.0871648971851,0,5.7733963565462,0,0,0,0,0,6.90787503641415,0,21.2273714542389,10.0740452799552,0,0,0,0,0,0,0,4.92622019516097,0,7.59843055556898,88.061772664388,0,0,0,0,40.2226360939644,92.567448425293,62.3807856506772,96.4956512451172,17.5356443517348,35.4606145222982,19.6280666016555,19.6984928394186,0
0,0,4.03740412538702,0,0,0,0,0,0,0,0,0,3.24396789185355,0,4.03658473491669,0,0,0,0,0,0,0,0,0,0,0,0,0,2.87286548614502,0,0,0,0,0,0,0,0,0,0,0,44.7873560587565,0,36.4841389656067,0,0,0,46.8257637023926,57.3137273788452,42.8588957353072,43.6386756896973,0,0,0,0,0,0,4.27906538925919,0,0,0,4.56951332092285,0,0,31.1031703948975,0,0,0,0,0,0,0,3.16589453003623,0,33.8067042032878,0,0,0,0,0,77.3534622192383,0,0,3.48856368604696,0,17.5085769290924,0,0
0,5.05656099319458,0,3.89685191426958,0,0,0,0,0,0,0,3.12626965479417,0,3.48561134903273,0,3.87334820429484,0,0,0,0,0,0,0,0,0,0,0,0,0,0,0,0,0,0,0,0,0,0,0,44.2897682189941,0,22.0246962229411,0,0,0,0,0,0,0,13.8087868844309,0,3.05286163753933,0,0,0,0,0,6.90787503641415,0,0,0,4.54766557637383,0,0,0,0,0,0,4.83547800194983,0,3.50661294696895,0,15.0662126350403,0,0,0,0,0,0,0,0,0,4.10375749043056,0,10.1923740286576,0,0
3.51928160740779,0,0,0,5.90932893753052,0,0,0,3.5603776772817,0,0,0,4.43419928984209,0,3.55168269764293,0,14.5249190926552,0,0,0,0,0,0,0,0,0,0,0,0,0,0,0,0,0,0,0,0,0,0,0,0,0,0,0,0,0,0,0,4.38475159879001,0,6.4294923900329,0,0,0,3.88216797221791,0,4.2460197331954,0,4.56951332092285,0,0,0,0,0,0,0,0,0,0,4.87102600932121,0,0,0,0,0,0,0,0,0,0,0,0,4.43921327590942,0,15.6404901504517,0,0
0,4.27056761164414,0,4.39159250259399,0,0,0,0,0,3.48266906677922,0,0,0,3.50465173721313,0,2.89139792919159,0,30.1647148132324,34.1193552017212,0,0,0,0,0,0,0,0,3.16451048851013,0,0,0,0,0,0,0,0,0,0,0,0,0,39.4635347790188,0,0,0,0,0,0,0,4.65866015174172,0,3.72911066412926,0,0,0,7.25286806641369,0,21.2273714542389,0,4.54766557637383,0,0,0,0,0,0,0,0,4.78768929026344,0,0,0,35.4597778320312,0,0,0,0,0,65.4547958374023,0,40.5641403198242,0,17.6560598782131,4.85265731811523,37.7656671206156,0,0
0,0,0,55.2187633514404,0,10.2636568466822,0,0,0,0,0,5.09757503509521,0,0,0,0,70.5363290960138,80.4579366048177,54.2336209478554,5.01971697942393,0,0,0,0,0,0,0,0,0,0,0,0,0,0,0,19.7757799722775,146.672622680664,22.4252563238144,0,10.9775680397016,74.6110649108887,27.8974647230218,54.2965469360352,0,0,16.4923985651243,77.2496028900146,47.425012588501,0,32.2912414892396,0,14.3200712203979,0,0,0,0,0,10.0740452799552,0,0,0,0,0,91.7210083007812,0,0,0,0,0,0,0,0,17.2361996548386,0,0,0,0,0,14.906390570119,88.8271820068359,17.6798368512281,82.2028045654297,48.3997045105154,38.8654899597168,15.389076455718,45.8743094205856,64.4885025024414
0,0,30.5920111338298,0,9.42494434453128,0,0,0,0,0,6.01880548681532,0,0,0,0,0,76.094233120189,93.1091651916504,58.5639358807507,0,3.95262204499609,0,0,0,0,0,0,0,0,0,0,0,0,0,46.7919921875,0,27.7706673785076,128.926803588867,22.1947109349843,93.971508026123,10.4586434359635,63.4397926330566,28.0898342530318,0,0,75.8963050842285,12.6226836122274,54.2112565474077,37.7026166915894,0,9.13079774658401,0,0,0,0,0,10.1197095159171,0,31.1031703948975,0,0,0,91.7210083007812,0,0,0,0,0,0,0,0,0,87.5656051635742,19.7775965259921,0,0,0,0,101.917210505559,15.8437871757591,110.311882019043,15.1505329137646,53.9456955565963,44.5360298156738,18.3839318872826,90.054801940918,30.9149357795715
0,0,0,0,0,0,0,0,0,0,0,0,0,0,0,0,0,4.1423895779778,0,0,0,5.1482420734917,0,7.12457785099924,0,7.71103205305807,0,5.51530981063843,0,0,0,0,0,0,0,0,0,7.74208919113204,0,0,0,0,0,0,0,0,0,0,0,5.01603397177013,0,0,0,0,0,0,0,0,0,0,0,0,0,0,0,0,5.8863212009808,0,7.9503207473281,0,5.56254468324049,0,0,0,0,0,0,0,0,0,6.78226900997862,0,4.84133443617004,5.88229739843909,0,0,0
0,0,0,0,0,0,0,0,0,0,0,0,0,0,0,0,0,0,0,0,0,5.77932558059692,4.77356859865482,0,6.60800760394924,0,0,0,3.59256591115679,0,0,0,0,0,0,0,0,0,5.71146198802524,0,0,0,0,0,0,0,0,28.772274017334,5.80020862883264,0,0,0,0,0,0,0,0,0,0,0,0,0,0,0,0,0,0,7.25017780562242,0,4.21971376736959,0,3.01112462580204,0,0,0,0,0,0,0,0,0,8.58285877756451,5.03275359842364,4.21371570958032,18.3007297515869,0,0
0,0,0,0,0,0,0,0,0,6.56998467175974,0,0,0,0,0,0,0,7.60869721571604,0,0,0,4.51096743538922,0,5.60407719182968,0,4.16001212596893,0,0,0,0,0,0,0,0,0,0,0,5.46023756840507,0,0,0,15.2869867324829,0,0,0,0,0,16.4609823226929,0,6.12284564971924,0,0,0,0,0,5.59023653204913,0,0,0,0,0,0,0,0,5.8863212009808,0,0,0,4.94121995860455,0,0,0,0,0,0,0,0,0,0,0,8.05069525013952,0,10.2624402159736,0,7.67672460745363,0,0
0,0,0,0,0,0,0,0,3.85104300578435,0,0,0,0,0,0,0,0,0,0,0,0,0,5.58671065876561,0,4.74714281814015,0,4.87571655379401,0,0,0,0,0,0,0,0,0,0,0,6.44265492769796,0,0,0,24.1679859161377,0,0,0,0,23.7218221936907,6.43949899591249,0,0,0,0,0,4.62721512653274,0,0,0,0,0,0,0,0,0,0,7.25017780562242,0,0,0,3.51573670321497,0,0,0,0,0,0,0,0,0,0,0,6.03487306544016,4.72107736587524,0,9.05650584514325,0,0
0,0,0,0,0,0,0,0,0,3.5841817855835,0,0,0,0,0,0,0,5.36077686592385,0,0,0,8.2041675684587,0,5.66244808411112,0,4.36161909406147,0,4.22228229241293,0,0,0,0,0,0,0,0,0,0,0,0,0,0,0,0,0,0,0,0,0,3.88073296546936,0,0,0,0,0,0,0,0,0,4.83547800194983,0,4.78768929026344,0,0,7.9503207473281,0,4.94121995860455,0,0,0,5.62743437610303,0,0,0,0,0,0,0,0,0,0,0,3.13507285314737,0,5.06191047032674,0,0
0,0,0,0,0,0,0,0,4.27335890769958,0,0,0,0,0,0,0,3.17630004882812,0,0,0,0,0,3.79449766935761,0,3.82813979711147,0,3.64671989123027,0,5.19198583955524,0,0,0,0,0,0,0,0,0,0,0,0,0,0,0,0,0,0,0,3.45776586697019,0,0,0,0,0,4.34846857190132,0,0,0,0,0,4.87102600932121,0,0,0,0,4.21971376736959,0,3.51573670321497,0,0,0,4.74148969311532,0,0,0,0,0,0,0,0,0,0,2.8423872590065,0,0,0,0
0,0,0,0,0,0,0,0,0,0,0,0,0,0,0,0,0,0,27.1139554977417,0,0,3.07020272684924,0,0,0,7.93416853954917,0,3.5311246174638,0,6.56711837178782,0,0,0,0,0,0,0,5.32917393247287,0,0,0,18.0690663337708,0,0,0,0,0,0,0,4.92114021308231,0,0,0,0,0,0,0,4.92622019516097,0,3.50661294696895,0,0,0,0,5.56254468324049,0,0,0,5.62743437610303,0,0,0,5.7896976073583,0,0,0,0,0,0,0,4.91581494146934,0,4.10917008959729,0,21.6890405132657,0,0
3.80167961120605,0,0,0,0,0,0,0,0,0,0,0,0,0,0,0,0,0,0,0,0,0,4.98664064407349,0,0,0,3.71344429254532,0,4.3236491600139,0,5.17121638284697,0,0,0,0,0,0,0,3.55737959487098,0,0,0,0,0,0,0,0,0,3.14126831834967,0,0,0,0,0,0,0,5.26796499888102,0,3.16589453003623,0,0,0,0,0,0,3.01112462580204,0,0,0,4.74148969311532,0,0,0,3.90176647726227,0,0,0,0,0,0,0,4.20920730916928,3.04480353685526,2.74961018562317,4.35939913243055,0,0
0,24.3303369879723,0,29.6989141077428,0,0,0,0,0,35.311653137207,0,6.25863521957397,0,0,0,0,77.336555480957,83.4140625,32.2479764694812,0,0,0,0,0,0,0,0,7.09710012163435,0,5.30384528415719,0,0,0,0,0,79.9420141601562,103.068069458008,5.56176607517366,0,50.1028614938259,84.6033477783203,24.9505766817729,66.6157188415527,0,69.4683380126953,25.7264133652644,76.8529267311096,72.5160942077637,71.1879081726074,27.948639143597,0,36.4317649841309,0,0,0,36.1160507202148,87.1128005981445,7.59843055556898,0,15.0662126350403,0,35.4597778320312,17.2361996548386,87.5656051635742,0,0,0,0,0,0,5.7896976073583,0,0,88.5331649780273,0,0,0,0,55.6964708766121,103.587875366211,24.4142645545628,98.3750820159912,27.3449274868579,35.1415710449219,26.1474132894118,21.1676287177607,77.8820915222168
55.8452472686768,0,26.6849605939542,0,74.8636093139648,0,0,0,36.8113403320312,0,4.22338914871216,0,0,0,0,0,65.8030078887939,87.9480911254883,39.4211564492927,0,6.11018109321594,0,0,0,0,0,0,0,9.98290463818444,0,7.39034813975783,0,0,0,0,108.117866516113,71.2758145566847,0,5.16909286756157,86.860481262207,50.7087641190947,72.9700166110335,21.3471133363568,0,22.0587088267008,79.9299697875977,29.758467051252,70.6197908574885,19.7068401756287,61.4170583089193,54.1437511444092,0,0,0,39.8766237894694,0,9.58895002465892,88.061772664388,33.8067042032878,0,0,0,0,19.7775965259921,0,0,0,0,0,0,0,3.90176647726227,88.5331649780273,0,0,0,0,0,109.561674118042,54.1934379615847,98.7655978732639,12.1096157878118,34.5153432255306,36.9348248073033,26.8030223014523,74.5521659851074,20.0881506488748
0,0,0,0,0,0,0,0,0,0,0,0,0,0,0,0,0,0,0,0,0,0,0,0,0,0,0,0,0,0,0,3.99008713906054,12.2444823480421,15.8281193733215,0,7.85619196394608,0,0,0,0,0,0,0,0,0,0,0,6.61091559955263,9.51565565381731,0,0,0,0,0,0,0,0,0,0,0,0,0,0,0,0,0,0,0,0,0,0,0,0,0,0,15.9682198574668,4.89006267251639,0,9.21030636869118,17.905068397522,0,0,5.36560100580739,0,0,0,0
0,0,0,0,0,0,0,0,0,0,0,0,0,0,0,0,0,0,0,0,0,0,0,0,0,0,0,0,0,0,0,11.9915432248797,4.14795307880336,0,14.923636088164,12.6957442760468,7.51118815257287,0,0,0,0,0,0,0,0,0,0,5.88509513107385,12.7658190727234,19.5704727172852,0,0,0,0,0,0,0,0,0,0,0,0,0,0,0,0,0,0,0,0,0,0,0,0,15.9682198574668,0,0,10.5374278560761,15.2236936569214,9.89185681903808,0,0,6.91274720931722,0,14.1555185317993,0,0
0,0,0,0,0,0,0,0,0,0,0,0,0,0,0,0,0,0,0,0,0,0,0,0,0,0,0,0,0,0,0,3.91437758098949,0,4.73760090670066,5.10455475157689,11.3603507405833,0,3.64304669007011,0,0,0,0,0,0,0,47.8974418640137,0,6.61132177624223,0,4.59706262747447,0,0,0,0,0,0,0,0,0,0,0,0,0,0,0,0,0,0,0,0,0,0,0,0,4.89006267251639,0,0,5.6732731461525,6.79789061357885,0,4.69342594082785,0,3.42658331871033,5.46931389172872,14.9108018875122,52.2348670959473,0
0,0,0,0,0,0,0,0,0,0,0,0,0,0,0,0,0,0,0,0,0,0,0,0,0,0,0,0,0,0,0,0,9.82938575744629,3.49806331671201,5.11210918335166,0,8.32292984495772,0,4.59891297171513,0,0,0,4.63942432403564,0,0,0,0,5.32251523627511,7.27772923878261,20.1995239257812,0,0,0,0,0,0,0,0,0,0,0,0,0,0,0,0,0,0,0,0,0,0,0,0,0,10.5374278560761,5.6732731461525,0,0,5.29429124566251,0,3.99050682760113,4.59488684543665,3.62054016192754,11.4929842789968,0,0
0,49.2396765989416,0,63.6302025738884,0,10.8407566340073,0,0,0,0,0,6.74695634841919,0,0,0,0,75.1627683274289,89.8820078650186,56.379341217873,6.85361246214973,0,0,0,0,0,0,0,0,0,0,0,3.71009902985065,11.2451694806417,8.92183272180886,0,7.95487475192518,8.34042553050177,16.7435136598762,170.03694152832,28.0374207480978,93.9335103468461,29.9747048554374,63.2941372648199,44.8097918641334,0,36.1875047090059,90.8355749947684,6.93085222035546,22.1805710111346,9.16022231594564,0,50.214329401652,0,0,0,0,94.507568359375,40.2226360939644,0,0,0,65.4547958374023,14.906390570119,101.917210505559,0,0,0,0,0,0,0,0,55.6964708766121,109.561674118042,9.21030636869118,15.2236936569214,6.79789061357885,0,0,99.6967495478941,13.2276371758513,108.733570098877,30.2133398594683,30.2798373985291,26.9357179898998,37.8742956643576,119.937278747559
47.5564291265946,97.9116287231445,58.5952796936035,0,23.0953883563771,0,0,0,0,0,4.2711371296928,0,0,0,0,0,78.7605086727085,95.3865211949204,56.5004996142689,0,7.31404681065503,0,0,0,0,0,0,0,0,0,0,14.7636384963989,5.47591413404883,0,24.9099637005064,31.7227397973721,8.14325061567309,80.9987349510193,12.4665146213497,86.0497184026809,26.7122821639205,80.686472628979,28.7443556272396,0,40.392834261844,80.1366970607213,28.9854538886158,6.4689410564644,11.8734250087147,88.8289057413737,25.222772647173,0,0,0,0,0,55.9533621737832,92.567448425293,77.3534622192383,0,0,0,88.8271820068359,15.8437871757591,0,0,0,0,0,0,0,0,103.587875366211,54.1934379615847,17.905068397522,9.89185681903808,0,5.29429124566251,99.6967495478941,0,100.630327606201,17.4065184284613,29.5389489426521,50.3922585792912,27.6901523838583,86.1655985514323,38.8308283514558
