0,0,3.40789097150167,0,0,0,0,0,7.14244485629424,0,0,0,0,0,0,0,26.6701250035187,33.7298607826233,26.3952379830276,0,25.6838989257812,0,0,0,0,0,0,0,0,0,0,0,0,0,0,0,0,0,28.6912899017334,0,30.0342102050781,0,27.5424019609179,0,0,68.2423400878906,27.5310382145207,44.1406644185384,6.10251799877504,0,0,0,0,0,5.67494973590254,0,22.3117764790853,0,8.45153017044067,0,6.86811966425635,0,0,24.4496404557001,0,0,0,3.06310749053955,0,0,0,0,0,0,0,0,0,0,0,30.5559817700347,0,32.4336013793945,19.9146047660283,0,12.0269964693015,0,13.3030834197998
0,0,0,4.36513508355253,0,6.17286806106567,0,0,0,5.39504185740984,0,0,0,0,0,4.51055036207135,0,0,3.9736339364733,0,0,0,0,13.6148128509521,0,0,0,0,0,0,0,0,0,0,0,0,0,17.0668251955951,0,0,0,10.7504044532776,0,0,0,0,0,0,0,3.9970202986151,0,0,0,0,0,7.42714605474831,0,0,0,12.5027939932687,0,9.41226075048404,0,0,0,0,11.4412263870239,0,0,0,0,0,0,0,0,0,0,0,0,0,18.2429192104037,0,4.56786780242614,0,8.1373845057054,0,0
3.40789097150167,0,0,0,6.67080400978647,0,0,0,5.26202687160614,0,0,0,0,0,0,0,32.8148990631104,26.5468692779541,25.9462046446624,0,14.205851316452,0,0,0,0,0,0,0,0,0,0,0,0,0,0,0,22.1154569898333,0,0,49.4130249023438,28.0205483643905,62.0882873535156,30.0602496862411,0,0,44.0647048950195,19.4092999162345,0,15.7440402185595,0,10.2041617424592,0,0,0,6.19853687286377,0,12.3495787382126,0,0,0,8.23663112852308,0,0,17.8184015410287,0,0,0,0,0,0,0,0,0,0,0,0,0,0,0,27.6533622035274,0,29.4017276763916,9.24183155328799,0,12.3072749177615,0,35.379508972168
0,4.36513508355253,0,0,0,7.01386871222836,0,0,0,6.72565497259299,0,0,0,0,0,0,0,0,27.140157699585,9.90355491638184,0,0,0,0,0,0,0,0,0,0,0,0,0,0,0,10.2616326014201,27.4499305725098,0,0,29.6456104278564,0,29.1780576705933,24.4187755584717,0,0,11.9356253573769,0,28.3330554962158,33.9790000915527,27.9502276273874,0,5.99172452249025,0,0,0,5.32160418767196,0,0,0,0,0,3.36850845813751,0,0,0,0,0,0,0,0,0,0,25.3364168802897,0,0,0,0,0,22.5254281361898,0,28.7551364898682,0,8.00988804937876,4.73734100659688,12.7064905808581,17.7042765617371,0
0,0,6.67080400978647,0,0,0,9.29842249552409,0,3.8689878564328,0,0,0,3.63861318195567,0,3.14903928628608,0,0,0,0,0,13.4267719973315,0,0,0,0,0,0,0,0,0,0,0,0,0,0,0,20.7334351539612,0,0,0,33.1848771572113,0,49.5653419494629,0,0,0,36.0370101928711,0,38.1247043609619,0,4.50556645641079,0,7.51811007090977,0,3.79378133553725,0,16.7207043965658,0,2.94832936922709,0,2.95619583129883,0,0,15.3190829079106,0,0,0,0,0,0,0,0,0,0,0,0,0,0,0,19.441370010376,0,0,11.5919490715848,0,11.2833106093487,0,0
0,6.17286806106567,0,7.01386871222836,0,0,0,3.11636807521184,0,3.80654018842257,0,0,0,0,0,0,0,0,0,4.14658452245924,0,0,0,0,0,0,0,0,0,0,0,0,0,0,0,8.40189024118277,0,0,0,0,0,0,0,0,0,18.672168413798,0,0,0,0,0,3.14701019361347,0,0,0,2.95624828338623,0,0,0,3.66975347201029,0,0,4.60355496045315,0,0,0,0,0,0,0,0,0,0,0,0,0,0,0,12.6329798698425,0,0,0,4.04223580084399,3.72810737291972,7.41263591572196,0,0
0,0,0,0,9.29842249552409,0,0,0,0,0,0,0,0,0,0,0,0,0,0,0,0,0,0,0,0,0,0,0,0,0,0,0,0,0,0,0,0,0,0,0,0,0,0,0,0,0,0,0,0,0,5.61526549607515,0,3.75378167854165,0,0,0,3.09576559066772,0,0,0,0,0,0,0,0,0,0,0,0,0,0,0,0,0,0,0,0,0,0,0,0,0,2.95026552677155,0,0,0,0
0,0,0,0,0,3.11636807521184,0,0,0,0,0,3.76305559277534,0,3.24981761723757,0,0,0,0,0,0,0,0,0,0,0,0,0,0,0,0,0,0,0,0,0,0,0,0,0,0,0,0,0,0,0,0,0,0,0,0,0,3.53777956027611,0,3.0579175276634,0,0,0,3.76162468531485,0,4.42259551584721,0,0,0,0,0,0,0,0,0,0,0,0,0,0,0,0,0,0,0,0,0,0,4.11328143086927,5.96602060681298,0,0,0
7.14244485629424,0,5.26202687160614,0,3.8689878564328,0,0,0,0,0,0,0,0,0,3.53169799229455,0,16.1710499651504,28.20094871521,18.1238721779415,0,0,0,0,0,3.77303171157837,0,3.21572778775142,0,0,0,0,0,0,0,0,0,0,0,5.8637948985453,49.320866721017,0,0,0,0,0,37.3741204398019,38.2108428955078,0,8.55982312449703,0,22.338809967041,0,0,0,6.27062988180311,0,0,0,0,0,5.25134692021779,0,0,0,0,0,0,3.29673401514689,0,3.42601246272816,0,0,0,0,0,0,0,0,0,47.9416561126709,0,0,5.34844822323887,8.66994571685791,6.41282217561706,0,38.375129699707
0,5.39504185740984,0,6.72565497259299,0,3.80654018842257,0,0,0,0,0,0,0,0,0,3.28724238160369,0,5.99796017011007,9.2347137928009,0,0,0,0,4.58821786399436,0,0,0,0,0,0,0,0,0,0,0,0,0,9.60557233609125,0,37.3642361958822,0,5.1356751759847,0,0,0,22.090124130249,0,0,0,5.17386841773987,0,0,0,0,0,6.26252433103295,0,0,0,0,0,4.83294728067186,0,0,0,0,8.51653780255999,0,0,0,0,0,0,0,0,0,0,0,0,0,13.3817027401593,0,6.02759716972844,3.0431520401087,8.27483164076436,5.70396256446838,0
0,0,0,0,0,0,0,0,0,0,0,0,2.94460338494909,0,0,0,59.1796836853027,0,0,0,3.73422269994113,0,0,0,0,0,0,0,2.7470223903656,0,3.19827724114442,0,0,0,0,0,3.22757657865683,0,3.78700114480601,0,0,0,0,0,0,0,19.940731048584,0,0,0,0,0,0,0,0,0,3.45559759681106,0,3.17947396232572,0,0,0,0,8.84730770687262,0,0,0,0,0,0,0,2.9582142829895,0,0,0,0,0,0,0,38.6679153442383,0,4.75018158980778,3.5267021805048,2.84476506710052,14.296875,0,17.4339694976807
0,0,0,0,0,0,0,3.76305559277534,0,0,0,0,0,3.19681239944881,0,0,0,0,0,3.89873905874248,0,0,0,0,0,0,0,0,0,3.21024781007033,0,0,0,0,0,3.7213285332838,0,4.5742338637851,0,0,0,0,0,0,0,0,0,0,0,0,0,0,0,4.44644256071611,0,0,0,6.3291080966923,0,3.13190234579691,0,0,5.8789680895598,0,0,0,0,0,0,0,0,0,3.74773230919471,0,0,0,0,0,5.09114875112261,0,4.88803811801168,0,4.4277939068947,7.15954615519597,6.56472816467285,0,0
0,0,0,0,3.63861318195567,0,0,0,0,0,2.94460338494909,0,0,0,3.28481435775757,0,0,0,0,0,0,0,0,0,0,0,0,0,0,0,2.96074345837469,0,0,0,0,0,0,0,0,0,0,0,0,0,0,0,0,0,0,0,5.58380706658524,0,0,0,0,0,3.3787457148234,0,2.89116066380551,0,2.93964123725891,0,0,0,0,0,0,0,0,0,0,0,0,0,0,0,0,0,0,0,0,0,2.87193889915943,2.84863829612732,0,0,0
0,0,0,0,0,0,0,3.24981761723757,0,0,0,3.19681239944881,0,0,0,3.9529927471309,0,0,0,0,0,0,0,0,0,3.49833237041127,0,0,0,0,0,0,0,0,0,0,0,0,0,0,0,0,0,0,0,0,0,0,0,0,0,0,0,3.15844550728798,0,0,0,3.32612729072571,0,3.64717787580721,0,3.69961139133998,0,0,0,0,0,0,3.02073362138536,0,0,0,0,0,0,0,0,0,0,0,0,0,3.87752888202667,4.34108585035297,0,0,0
0,0,0,0,3.14903928628608,0,0,0,3.53169799229455,0,0,0,3.28481435775757,0,0,0,12.0128100650352,25.9877243041992,35.0122833251953,0,0,0,0,0,0,0,0,0,0,0,0,0,0,0,0,0,0,0,0,0,0,0,0,0,0,0,0,0,0,0,3.13439497947693,0,0,0,4.85513475432468,0,0,0,4.21687923120649,0,4.07998911889442,0,0,0,0,0,0,0,0,2.76863612447466,0,0,0,0,0,0,0,0,0,0,0,0,12.2025940656662,6.76843595504761,23.1848735809326,0,0
0,4.51055036207135,0,0,0,0,0,0,0,3.28724238160369,0,0,0,3.9529927471309,0,0,0,6.27908463478088,0,0,0,0,0,0,0,3.1468551499503,0,0,0,0,0,0,0,0,0,0,0,0,0,0,0,0,0,0,0,0,0,0,0,3.24635321753366,0,0,0,0,0,2.94351059028081,0,0,0,3.26482796669006,0,3.92841527980307,0,0,0,0,0,0,2.79102343320847,0,0,0,0,0,0,0,0,0,0,0,0,0,3.90403134682599,0,0,0,0
26.6701250035187,0,32.8148990631104,0,0,0,0,0,16.1710499651504,0,59.1796836853027,0,0,0,12.0128100650352,0,0,16.9650583976573,23.2298809636719,0,52.0888067881266,0,5.52466561259895,0,13.5450132320364,0,10.7757095530413,0,0,0,0,0,0,0,0,0,0,0,0,67.072088824816,57.2200560569763,61.7605968537878,40.6804620699775,52.2881965637207,37.4992117881775,54.8701766258062,51.7684071579342,0,30.1290600299835,56.073356628418,0,0,0,0,0,0,53.3842567443848,0,0,0,0,0,71.1732845306396,55.7922074978168,0,0,0,18.5784435272217,0,13.760698731129,0,3.72561073303223,0,0,0,0,0,0,78.2078488667806,59.7503972649574,0,60.2508301205105,13.6802123624908,13.0237791683616,48.2654992248887,48.7028244866265,39.9472291128976
33.7298607826233,0,26.5468692779541,0,0,0,0,0,28.20094871521,5.99796017011007,0,0,0,0,25.9877243041992,6.27908463478088,16.9650583976573,0,15.9621348449478,0,0,3.45803942531347,24.8199011484782,8.95605338842441,36.714781443278,4.56820107070175,32.8708877563477,0,0,0,0,0,0,0,0,0,0,0,0,60.6263988123531,59.7970848083496,51.7058306884766,57.8406301225935,40.6497468948364,48.9297676086426,50.8815279740554,56.1010231259721,0,35.1063957214355,61.9589182535807,0,0,0,0,0,0,0,0,0,0,0,0,63.6734764099121,62.1194047927856,4.21051442089365,0,0,0,3.1791997588711,34.133177947998,0,0,0,0,0,0,0,0,65.2149215274387,66.8868942260742,0,0,9.4426537500874,7.94174440009906,56.7297701069728,43.4309097290039,59.4553436279297
26.3952379830276,3.9736339364733,25.9462046446624,27.140157699585,0,0,0,0,18.1238721779415,9.2347137928009,0,0,0,0,35.0122833251953,0,23.2298809636719,15.9621348449478,0,0,39.8998437769273,0,27.9372959136963,0,50.4830525716146,0,41.1808471679688,0,0,0,0,0,0,0,0,0,0,0,45.1517817179362,40.2071970997757,45.4298653445401,26.6539261898985,22.8297566120921,12.7790762631448,19.2654864395058,24.5968796373724,41.4683049449162,0,27.8068204522133,45.6463986773824,0,0,0,0,0,12.6216821670532,42.0184704275692,0,0,0,0,0,45.9884467654758,43.5155337517647,0,0,0,0,0,0,0,0,25.6320819854736,0,0,0,0,0,44.7705110045504,48.3850134153749,0,45.434416288211,13.7093011879214,12.4614660779635,31.1376870053684,18.8523482529642,17.3483840701854
0,0,0,9.90355491638184,0,4.14658452245924,0,0,0,0,0,3.89873905874248,0,0,0,0,0,0,0,0,0,0,0,0,0,0,0,0,0,0,0,0,0,0,0,4.59340198512985,0,5.32398769069577,0,0,0,0,0,0,0,22.7616157531738,0,0,0,0,0,0,0,0,0,0,0,5.71575314203898,0,0,0,0,4.1898580076581,0,0,0,0,0,0,0,0,0,0,0,0,0,0,0,5.21387143237146,0,7.40756726465305,0,4.42833092433064,0,7.15075562397639,0,0
25.6838989257812,0,14.205851316452,0,13.4267719973315,0,0,0,0,0,3.73422269994113,0,0,0,0,0,52.0888067881266,0,39.8998437769273,0,0,0,0,0,0,0,0,0,0,0,0,0,0,0,0,0,3.89759258877059,0,3.9201195707861,54.8873519897461,48.4312278747559,56.5615844726562,26.9403954708215,0,0,69.4567527770996,21.2224949598312,0,0,0,12.3525484344303,0,0,0,0,0,5.48821088600772,0,13.2370615005493,0,0,0,0,7.35841892872277,0,0,0,0,0,0,0,0,0,6.85585562388102,0,0,0,0,0,10.1436360127396,0,4.76219760496682,10.9986387815005,2.73821544647217,14.2211745323095,0,17.9021848165072
0,0,0,0,0,0,0,0,0,0,0,0,0,0,0,0,0,3.45803942531347,0,0,0,0,4.99534908370299,4.2716068988261,0,2.95220708847046,0,3.13636224610465,0,0,0,0,0,12.5980739593506,0,0,0,4.39021891355515,4.88374317776073,0,0,0,0,0,0,0,0,0,0,4.44335833921173,0,0,0,0,0,0,0,0,0,0,0,0,0,0,4.85732494170857,4.64294535432543,3.71276257832845,0,3.36875040634819,0,2.95399391651154,0,0,0,0,0,0,0,0,0,4.81999440759909,3.31222987174988,4.46675524090177,3.90278661162106,0,0,0
0,0,0,0,0,0,0,0,0,0,0,0,0,0,0,0,5.52466561259895,24.8199011484782,27.9372959136963,0,0,4.99534908370299,0,0,3.78675659136339,0,3.26987159517076,0,3.49837529224201,0,0,0,0,0,0,0,0,0,3.9934774860259,0,0,0,0,0,0,0,0,0,4.67236878087857,0,0,0,0,0,0,0,0,0,0,0,0,0,0,0,5.14586319923401,4.44900050781464,0,5.09898912388346,0,3.88868106007576,0,3.01131197178003,0,0,0,0,0,0,0,0,0,3.39513969421387,4.05859881676176,5.03815604736602,52.5664100646973,0,0
0,13.6148128509521,0,0,0,0,0,0,0,4.58821786399436,0,0,0,0,0,0,0,8.95605338842441,0,0,0,4.2716068988261,0,0,0,3.93005247116089,0,0,0,0,0,0,0,0,0,0,0,4.4634082770721,0,0,0,0,0,0,0,0,0,22.4898548126221,0,4.2226912021637,0,0,0,0,0,9.37078024736091,0,0,0,0,0,0,0,0,4.2517342042923,0,4.27040528897512,0,0,0,0,0,0,0,0,0,14.5068963368734,0,0,0,8.78032663581418,0,4.73394727215324,0,0,0,0
0,0,0,0,0,0,0,0,3.77303171157837,0,0,0,0,0,0,0,13.5450132320364,36.714781443278,50.4830525716146,0,0,0,3.78675659136339,0,0,0,4.41373509407043,0,0,0,0,0,0,0,0,0,0,0,4.65900612395743,0,0,0,0,0,0,0,0,0,6.57641323768731,0,0,0,0,0,6.55652993520101,0,0,0,0,0,0,0,0,0,0,5.18822218650995,0,4.46990560959961,0,3.26614503973112,0,0,0,0,0,0,0,0,0,0,0,4.97925787236955,16.1108649406168,21.0613809313093,4.41863132623526,0,0
0,0,0,0,0,0,0,0,0,0,0,0,0,3.49833237041127,0,3.1468551499503,0,4.56820107070175,0,0,0,2.95220708847046,0,3.93005247116089,0,0,0,3.60593748092651,0,0,0,0,0,0,0,0,0,0,0,0,0,0,0,0,0,0,0,0,0,0,0,0,0,0,0,0,0,0,0,9.73754215240479,0,10.1661466189793,0,0,3.55369441849845,0,3.97032874757117,0,3.24922813082996,0,0,0,0,0,0,0,0,0,0,0,0,0,3.79712177647485,0,0,0,0
0,0,0,0,0,0,0,0,3.21572778775142,0,0,0,0,0,0,0,10.7757095530413,32.8708877563477,41.1808471679688,0,0,0,3.26987159517076,0,4.41373509407043,0,0,0,2.99975919723511,0,0,0,0,0,0,0,0,0,0,0,0,0,0,0,0,0,54.7676048278809,0,0,0,0,0,0,0,0,0,0,0,0,0,0,0,0,0,0,0,0,5.92292070388794,0,4.61447696685791,0,3.26055155583282,0,0,0,0,0,0,0,0,0,0,9.05777371991979,0,46.8118629455566,0,0
0,0,0,0,0,0,0,0,0,0,0,0,0,0,0,0,0,0,0,0,0,3.13636224610465,0,0,0,3.60593748092651,0,0,0,2.9133238730653,0,0,0,0,0,0,0,2.87190945943197,0,0,0,0,0,0,0,0,0,0,0,0,0,0,0,0,0,0,0,0,0,0,0,0,0,0,3.45743736028671,0,0,0,3.20780676061457,0,3.71915965485123,0,5.06710963982802,0,0,0,0,0,0,0,2.75368642807007,0,0,0,0,0,0
0,0,0,0,0,0,0,0,0,0,2.7470223903656,0,0,0,0,0,0,0,0,0,0,0,3.49837529224201,0,0,0,2.99975919723511,0,0,0,3.65696691549741,0,0,0,0,0,0,0,0,0,0,0,0,0,0,0,0,0,0,0,0,0,0,0,0,0,0,0,0,0,0,0,0,0,0,0,0,0,0,0,0,3.63786933207399,0,3.41990349027846,0,0,0,0,0,0,0,0,3.37529531251669,3.34476751575297,0,0,0
0,0,0,0,0,0,0,0,0,0,0,3.21024781007033,0,0,0,0,0,0,0,0,0,0,0,0,0,0,0,2.9133238730653,0,0,0,0,0,0,0,0,0,4.0189966808245,0,0,0,0,0,0,0,0,0,0,0,0,0,0,0,0,0,0,0,0,0,2.94332408905029,0,0,0,0,0,0,0,0,0,0,2.89438127158979,0,4.5744448166845,0,0,0,0,0,0,0,4.15919089317322,0,3.69378614425659,0,0,0,0
0,0,0,0,0,0,0,0,0,0,3.19827724114442,0,2.96074345837469,0,0,0,0,0,0,0,0,0,0,0,0,0,0,0,3.65696691549741,0,0,0,0,0,0,0,0,0,3.14663120416495,0,0,0,0,0,0,0,0,0,0,0,0,0,0,0,0,0,4.15394384066264,0,2.98060621534075,0,0,0,0,0,0,0,0,0,0,0,0,3.40500772476196,0,3.07302731972236,0,0,0,0,0,0,0,3.26527792215347,2.99817426537359,2.98050333835461,0,0,0
0,0,0,0,0,0,0,0,0,0,0,0,0,0,0,0,0,0,0,0,0,0,0,0,0,0,0,0,0,0,0,0,3.14220049202098,9.50479419529438,0,7.57604511082172,0,0,0,0,0,0,0,0,0,0,0,6.73582341891634,0,0,0,0,0,0,0,0,0,0,0,0,0,0,0,0,0,0,0,0,0,0,0,0,0,0,10.0600875594133,3.27882232780719,4.98823299490172,0,30.9344552366357,0,0,0,4.15607928448036,0,0,0,0
0,0,0,0,0,0,0,0,0,0,0,0,0,0,0,0,0,0,0,0,0,0,0,0,0,0,0,0,0,0,0,3.14220049202098,0,5.28433609008789,5.1642261130709,0,2.95023223372067,0,0,0,0,0,0,0,0,0,0,5.63265897184881,5.33949167387826,0,0,0,0,0,0,0,0,0,0,0,0,0,0,0,0,0,0,0,0,0,0,0,0,0,7.70836371183395,5.14533390545032,0,9.33652463807898,0,7.82381706366668,0,0,0,0,0,0,0
0,0,0,0,0,0,0,0,0,0,0,0,0,0,0,0,0,0,0,0,0,12.5980739593506,0,0,0,0,0,0,0,0,0,9.50479419529438,5.28433609008789,0,3.77718989894456,3.89988327104794,0,4.36931809802983,0,0,0,0,0,0,0,0,0,7.15461424029571,19.7400008610317,3.04494290351868,0,0,0,0,0,0,0,0,0,0,0,0,0,0,0,0,0,0,0,0,0,0,0,0,25.3594215833224,0,3.9491901344667,3.89808586196815,37.4088533423668,0,4.16655568976,0,6.06267680107437,0,0,0,0
0,0,0,0,0,0,0,0,0,0,0,0,0,0,0,0,0,0,0,0,0,0,0,0,0,0,0,0,0,0,0,0,5.1642261130709,3.77718989894456,0,0,4.05151870641759,3.4883645772934,9.41632872839924,0,0,0,0,0,0,0,0,5.20563253182839,3.53903883358218,0,0,0,0,0,0,0,0,0,0,0,0,0,0,0,0,0,0,0,0,0,0,0,0,0,0,11.2877577733994,6.81449306712431,4.0507529634724,0,12.437575750351,0,4.88503979442371,7.62887631613633,0,0,0,0
0,0,0,10.2616326014201,0,8.40189024118277,0,0,0,0,0,3.7213285332838,0,0,0,0,0,0,0,4.59340198512985,0,0,0,0,0,0,0,0,0,0,0,7.57604511082172,0,3.89988327104794,0,0,3.71185680988588,5.22810998541651,0,0,0,0,0,0,0,5.37133413928372,0,6.00105628172557,19.2736382977716,14.9817461967468,0,0,0,0,0,0,0,4.37090738217036,0,0,0,0,4.60441377666226,0,0,0,0,0,0,0,0,0,0,0,22.0980972191867,0,4.44474385386315,0,4.78087875899155,4.28589121790698,5.89162769050242,0,4.01147962900163,3.04985267775399,7.98431602348349,0,0
0,0,22.1154569898333,27.4499305725098,20.7334351539612,0,0,0,0,0,3.22757657865683,0,0,0,0,0,0,0,0,0,3.89759258877059,0,0,0,0,0,0,0,0,0,0,0,2.95023223372067,0,4.05151870641759,3.71185680988588,0,0,4.81144185743256,46.5591421127319,9.05340671539307,0,0,0,0,25.3210320105919,22.6236744191911,4.56061315536499,15.0613465309143,0,24.3438916041933,0,0,0,0,0,20.3588394075632,0,0,0,0,0,0,10.0292790040926,0,0,0,0,0,0,0,0,0,0,0,11.9708491166433,0,4.11088045438131,4.31855592402545,5.27349682464676,0,4.06182521142169,4.26166421004094,2.94614914617231,17.0013753684251,0,0
0,17.0668251955951,0,0,0,0,0,0,0,9.60557233609125,0,4.5742338637851,0,0,0,0,0,0,0,5.32398769069577,0,4.39021891355515,0,4.4634082770721,0,0,0,2.87190945943197,0,4.0189966808245,0,0,0,4.36931809802983,3.4883645772934,5.22810998541651,0,0,2.80062287504023,0,0,0,0,0,0,0,0,4.63760376776625,0,5.06404246272463,0,0,0,0,0,13.2528842946757,0,4.8060856552685,0,0,0,0,5.48313467930525,0,3.82538229959053,0,5.83219441339429,0,0,0,5.80566503261698,0,3.39790185292562,0,0,0,6.03249236172081,4.08733334675641,4.02409974066149,0,4.47099329334514,3.22997082422857,5.08287788406095,3.91418492226374,4.11572811338637,0,0
28.6912899017334,0,0,0,0,0,0,0,5.8637948985453,0,3.78700114480601,0,0,0,0,0,0,0,45.1517817179362,0,3.9201195707861,4.88374317776073,3.9934774860259,0,4.65900612395743,0,0,0,0,0,3.14663120416495,0,0,0,9.41632872839924,0,4.81144185743256,2.80062287504023,0,0,48.171257019043,0,0,0,0,0,22.8077492713928,6.48863840799827,5.58753265784337,0,0,0,0,0,7.22797806757801,0,3.70299442928203,0,0,0,24.1511745452881,0,0,9.93320505994225,0,5.41105230139871,0,4.81509821555194,0,0,0,0,0,2.74172163009644,0,0,0,10.1268134117126,0,6.36258742395712,0,5.25593614529139,4.71773749485351,3.67857036397264,5.23629667958603,0,22.2895793914795
0,0,49.4130249023438,29.6456104278564,0,0,0,0,49.320866721017,37.3642361958822,0,0,0,0,0,0,67.072088824816,60.6263988123531,40.2071970997757,0,54.8873519897461,0,0,0,0,0,0,0,0,0,0,0,0,0,0,0,46.5591421127319,0,0,0,66.053648630778,19.5892702174699,27.2840923053631,23.1532885697636,46.1081298828125,16.0390285975765,63.0074932380959,24.55597615242,50.5329675674438,10.0968002413928,0,0,0,0,0,0,67.4285469055176,0,0,0,0,0,6.67854119588251,69.6720537821452,0,0,0,0,0,0,0,0,0,0,0,0,0,0,9.00625925838438,75.4455755930098,44.0290603637695,74.371826171875,32.3876168414827,31.8044109344482,16.3767011649303,22.6176373300881,57.0296981811523
30.0342102050781,0,28.0205483643905,0,33.1848771572113,0,0,0,0,0,0,0,0,0,0,0,57.2200560569763,59.7970848083496,45.4298653445401,0,48.4312278747559,0,0,0,0,0,0,0,0,0,0,0,0,0,0,0,9.05340671539307,0,48.171257019043,66.053648630778,0,54.9805459242601,19.1858727450028,64.0027236938477,23.0807807608827,59.5013309054904,14.5194922439401,5.24798271822375,7.96129853167432,0,40.9213325237406,0,0,0,0,0,41.2981625733552,0,31.3486843109131,0,0,0,0,16.8884535395718,0,0,0,0,0,0,0,0,0,0,0,0,0,0,65.1452560424805,13.2858656052987,0,14.5468758821487,39.6525404124424,0,17.007099346767,0,35.5430548985799
0,10.7504044532776,62.0882873535156,29.1780576705933,0,0,0,0,0,5.1356751759847,0,0,0,0,0,0,61.7605968537878,51.7058306884766,26.6539261898985,0,56.5615844726562,0,0,0,0,0,0,0,0,0,0,0,0,0,0,0,0,0,0,19.5892702174699,54.9805459242601,0,19.9917752599358,12.3401832972219,33.4299604415894,31.343965803273,53.2999273323151,0,0,14.7753792048248,0,0,0,0,0,8.83809757232666,59.2998313903809,15.29377920287,0,0,0,0,19.6411362799203,64.2180480957031,0,0,0,0,0,0,0,0,14.3859774553648,0,0,0,0,0,22.6576952236833,60.0499874271759,6.6906304359436,64.6595344543457,19.5109324773827,0,15.6974929194402,9.55262717750146,37.2984025743273
27.5424019609179,0,30.0602496862411,24.4187755584717,49.5653419494629,0,0,0,0,0,0,0,0,0,0,0,40.6804620699775,57.8406301225935,22.8297566120921,0,26.9403954708215,0,0,0,0,0,0,0,0,0,0,0,0,0,0,0,0,0,0,27.2840923053631,19.1858727450028,19.9917752599358,0,0,12.9440018053514,33.2573546886444,19.3437000823934,15.1163172721863,9.71516181520396,20.6387267112732,46.6312353346083,0,0,0,0,0,19.6811804339126,0,0,0,0,0,55.446907043457,23.7369433778753,0,0,0,0,0,0,0,0,0,0,0,0,0,0,38.7369580950056,22.274517046668,0,29.3730714917183,18.0739801139113,0,13.2334802915673,49.7862281799316,8.09349784525507
0,0,0,0,0,0,0,0,0,0,0,0,0,0,0,0,52.2881965637207,40.6497468948364,12.7790762631448,0,0,0,0,0,0,0,0,0,0,0,0,0,0,0,0,0,0,0,0,23.1532885697636,64.0027236938477,12.3401832972219,0,0,0,14.8085363388062,52.7512446812221,0,0,24.6634868894305,0,0,0,0,0,0,0,0,0,0,0,0,37.9125137329102,0,0,0,0,0,0,0,0,0,0,0,0,0,0,0,26.4363523891994,59.9812049865723,23.6058406829834,0,22.4499771254403,0,15.5228903297528,11.0341138492931,0
0,0,0,0,0,0,0,0,0,0,0,0,0,0,0,0,37.4992117881775,48.9297676086426,19.2654864395058,0,0,0,0,0,0,0,0,0,0,0,0,0,0,0,0,0,0,0,0,46.1081298828125,23.0807807608827,33.4299604415894,12.9440018053514,0,0,0,17.0040949491822,0,0,0,0,0,0,0,0,0,0,0,0,0,0,0,48.5636749267578,25.5336810280295,0,0,0,0,0,0,0,0,0,0,0,0,0,0,50.9865036010742,27.7829641000384,0,29.3233062199184,15.0988650639852,0,11.36160779113,0,22.0469224636371
68.2423400878906,0,44.0647048950195,11.9356253573769,0,18.672168413798,0,0,37.3741204398019,22.090124130249,0,0,0,0,0,0,54.8701766258062,50.8815279740554,24.5968796373724,22.7616157531738,69.4567527770996,0,0,0,0,0,0,0,0,0,0,0,0,0,0,5.37133413928372,25.3210320105919,0,0,16.0390285975765,59.5013309054904,31.343965803273,33.2573546886444,14.8085363388062,0,0,59.0506107671474,0,33.5839847217907,27.9254919732839,0,0,0,0,0,0,53.2056083679199,0,0,0,0,0,6.42652961485596,64.4151244530311,0,0,0,0,0,0,0,0,18.068920135498,0,0,0,0,0,8.85026854208865,66.739759787535,14.3816117909019,73.572193145752,26.4991237036387,0,14.352315796526,29.4706353545189,0
27.5310382145207,0,19.4092999162345,0,36.0370101928711,0,0,0,38.2108428955078,0,19.940731048584,0,0,0,0,0,51.7684071579342,56.1010231259721,41.4683049449162,0,21.2224949598312,0,0,0,0,0,54.7676048278809,0,0,0,0,0,0,0,0,0,22.6236744191911,0,22.8077492713928,63.0074932380959,14.5194922439401,53.2999273323151,19.3437000823934,52.7512446812221,17.0040949491822,59.0506107671474,0,0,37.1855658866741,60.0394617716471,37.5636908213298,0,0,0,0,0,24.5418031972188,0,0,0,0,0,67.8701098305838,12.9676094667211,0,0,0,0,0,0,0,0,0,0,0,0,0,0,70.5096043673429,16.3041901554881,0,26.1227909788138,37.0431917981899,0,24.8958397126913,48.2212295532227,35.7294253855944
44.1406644185384,0,0,28.3330554962158,0,0,0,0,0,0,0,0,0,0,0,0,0,0,0,0,0,0,0,22.4898548126221,0,0,0,0,0,0,0,6.73582341891634,5.63265897184881,7.15461424029571,5.20563253182839,6.00105628172557,4.56061315536499,4.63760376776625,6.48863840799827,24.55597615242,5.24798271822375,0,15.1163172721863,0,0,0,0,0,5.70125739640686,3.52954589036795,0,0,0,0,0,22.5892558097839,0,0,0,0,0,0,0,0,0,0,13.7519111633301,0,0,0,0,0,0,0,7.58314322234324,8.90418134449576,6.86264718833723,16.2988617103712,5.84143938656411,7.55847595816099,6.01676210516789,4.68532291742472,7.73143655578111,0,16.3116617699464,0,0
6.10251799877504,0,15.7440402185595,33.9790000915527,38.1247043609619,0,0,0,8.55982312449703,0,0,0,0,0,0,0,30.1290600299835,35.1063957214355,27.8068204522133,0,0,0,4.67236878087857,0,6.57641323768731,0,0,0,0,0,0,0,5.33949167387826,19.7400008610317,3.53903883358218,19.2736382977716,15.0613465309143,0,5.58753265784337,50.5329675674438,7.96129853167432,0,9.71516181520396,0,0,33.5839847217907,37.1855658866741,5.70125739640686,0,5.22390177201252,44.1882736206055,0,0,0,9.64932836063807,0,45.2076894511347,0,2.96256685256958,0,5.78313256783047,0,0,35.6559477170308,0,6.4138757100209,0,5.99427294289951,0,6.14583887259165,0,0,0,0,0,7.62039688044581,0,3.91794490814209,21.2277065774669,11.7602810240314,0,5.5313183551139,7.69309517051492,0,9.65814362181543,0,35.5796279907227
0,3.9970202986151,0,27.9502276273874,0,0,0,0,0,5.17386841773987,0,0,0,0,0,3.24635321753366,56.073356628418,61.9589182535807,45.6463986773824,0,0,4.44335833921173,0,4.2226912021637,0,0,0,0,0,0,0,0,0,3.04494290351868,0,14.9817461967468,0,5.06404246272463,0,10.0968002413928,0,14.7753792048248,20.6387267112732,24.6634868894305,0,27.9254919732839,60.0394617716471,3.52954589036795,5.22390177201252,0,0,0,0,0,0,3.52321839332581,76.2072219848633,6.17229417392186,0,8.29955722439674,0,6.74696141400154,16.4184671850765,0,5.34096487246929,0,3.6657736217094,0,4.83668989029483,0,5.2980348867644,0,4.28176922798157,0,9.30062007904053,0,0,0,10.6764450254111,0,4.7925170730142,0,19.9811833438774,0,13.4038095711122,8.19019183516502,61.335693359375
0,0,10.2041617424592,0,4.50556645641079,0,5.61526549607515,0,22.338809967041,0,0,0,5.58380706658524,0,3.13439497947693,0,0,0,0,0,12.3525484344303,0,0,0,0,0,0,0,0,0,0,0,0,0,0,0,24.3438916041933,0,0,0,40.9213325237406,0,46.6312353346083,0,0,0,37.5636908213298,0,44.1882736206055,0,0,0,5.8322651386261,0,0,0,6.22412456374571,0,5.65133063471507,0,4.1417520607219,0,0,14.8179361551458,0,0,0,0,0,0,0,0,0,0,0,0,0,0,0,23.3814706144662,0,39.396053314209,12.8742448861258,0,14.1129052877426,0,0
0,0,0,5.99172452249025,0,3.14701019361347,0,3.53777956027611,0,0,0,0,0,0,0,0,0,0,0,0,0,0,0,0,0,0,0,0,0,0,0,0,0,0,0,0,0,0,0,0,0,0,0,0,0,0,0,0,0,0,0,0,0,3.36453068256378,0,0,0,0,0,3.84052409066094,0,3.45169673094878,0,0,0,0,0,0,0,0,0,0,0,0,0,0,0,0,0,0,0,0,3.52435353067186,0,5.68691599369049,0,0
0,0,0,0,7.51811007090977,0,3.75378167854165,0,0,0,0,0,0,0,0,0,0,0,0,0,0,0,0,0,0,0,0,0,0,0,0,0,0,0,0,0,0,0,0,0,0,0,0,0,0,0,0,0,0,0,5.8322651386261,0,0,0,0,0,6.39020581148109,0,0,0,0,0,0,16.2449226379395,0,0,0,0,0,0,0,0,0,0,0,0,0,0,0,0,0,0,3.71335702357085,0,0,0,0
0,0,0,0,0,0,0,3.0579175276634,0,0,0,4.44644256071611,0,3.15844550728798,0,0,0,0,0,0,0,0,0,0,0,0,0,0,0,0,0,0,0,0,0,0,0,0,0,0,0,0,0,0,0,0,0,0,0,0,0,3.36453068256378,0,0,0,0,0,4.41562380990782,0,3.40930219642989,0,0,0,0,0,0,0,0,0,0,0,0,0,0,0,0,0,0,0,0,0,0,2.90850696563721,0,0,0,0
5.67494973590254,0,6.19853687286377,0,3.79378133553725,0,0,0,6.27062988180311,0,0,0,0,0,4.85513475432468,0,0,0,0,0,0,0,0,0,6.55652993520101,0,0,0,0,0,0,0,0,0,0,0,0,0,7.22797806757801,0,0,0,0,0,0,0,0,0,9.64932836063807,0,0,0,0,0,0,0,0,0,0,0,7.072364109509,0,0,0,0,0,0,6.56646438488146,0,5.03705358505249,0,0,0,0,0,0,0,0,0,0,0,7.73160733896143,5.2797064781189,0,9.51257928521247,0,0
0,7.42714605474831,0,5.32160418767196,0,2.95624828338623,0,0,0,6.26252433103295,0,0,0,0,0,2.94351059028081,0,0,12.6216821670532,0,0,0,0,9.37078024736091,0,0,0,0,0,0,0,0,0,0,0,0,0,13.2528842946757,0,0,0,8.83809757232666,0,0,0,0,0,22.5892558097839,0,3.52321839332581,0,0,0,0,0,0,0,0,0,0,0,4.33928756280379,0,0,0,0,7.39025426857055,0,0,0,0,0,0,0,0,0,0,0,0,0,14.1333073642912,0,11.8430435045345,0,11.1978571274701,0,0
22.3117764790853,0,12.3495787382126,0,16.7207043965658,0,3.09576559066772,0,0,0,3.45559759681106,0,3.3787457148234,0,0,0,53.3842567443848,0,42.0184704275692,0,5.48821088600772,0,0,0,0,0,0,0,0,0,4.15394384066264,0,0,0,0,0,20.3588394075632,0,3.70299442928203,67.4285469055176,41.2981625733552,59.2998313903809,19.6811804339126,0,0,53.2056083679199,24.5418031972188,0,45.2076894511347,76.2072219848633,6.22412456374571,0,6.39020581148109,0,0,0,0,0,4.79996005604776,0,0,0,65.2963943481445,11.1421781893754,0,0,0,0,0,0,0,4.9708334144424,0,3.4382472038269,0,0,0,0,64.7093067169189,34.8438091831148,0,5.62930688593123,10.6856766347285,5.18417048454285,16.9802826150604,0,12.5818389691181
0,0,0,0,0,0,0,3.76162468531485,0,0,0,6.3291080966923,0,3.32612729072571,0,0,0,0,0,5.71575314203898,0,0,0,0,0,0,0,0,0,0,0,0,0,0,0,4.37090738217036,0,4.8060856552685,0,0,0,15.29377920287,0,0,0,0,0,0,0,6.17229417392186,0,0,0,4.41562380990782,0,0,0,0,0,8.18670640923396,0,0,6.97758218067796,0,0,0,0,0,0,0,4.40133085990983,0,6.44804046132254,0,0,0,0,0,5.45801591873169,0,6.48023139255148,0,4.47167460495066,0,5.77315865031311,11.3298368453979,0
8.45153017044067,0,0,0,2.94832936922709,0,0,0,0,0,3.17947396232572,0,2.89116066380551,0,4.21687923120649,0,0,0,0,0,13.2370615005493,0,0,0,0,0,0,0,0,0,2.98060621534075,0,0,0,0,0,0,0,0,0,31.3486843109131,0,0,0,0,0,0,0,2.96256685256958,0,5.65133063471507,0,0,0,0,0,4.79996005604776,0,0,0,4.79377069942739,0,0,14.1381433927096,0,0,0,0,0,0,0,0,0,0,0,0,0,0,0,20.0795090993245,0,0,3.86789202222637,0,7.27108851346103,0,0
0,12.5027939932687,0,0,0,3.66975347201029,0,4.42259551584721,0,0,0,3.13190234579691,0,3.64717787580721,0,3.26482796669006,0,0,0,0,0,0,0,0,0,9.73754215240479,0,0,0,2.94332408905029,0,0,0,0,0,0,0,0,0,0,0,0,0,0,0,0,0,0,0,8.29955722439674,0,3.84052409066094,0,3.40930219642989,0,0,0,8.18670640923396,0,0,0,8.68758296522295,0,0,0,0,0,0,10.1702420775955,0,0,0,9.61355161445085,0,0,0,0,0,0,0,0,0,3.71975166853084,3.85049823919932,0,0,0
6.86811966425635,0,8.23663112852308,0,2.95619583129883,0,0,0,5.25134692021779,0,0,0,2.93964123725891,0,4.07998911889442,0,0,0,0,0,0,0,0,0,0,0,0,0,0,0,0,0,0,0,0,0,0,0,24.1511745452881,0,0,0,0,0,0,0,0,0,5.78313256783047,0,4.1417520607219,0,0,0,7.072364109509,0,0,0,4.79377069942739,0,0,0,0,0,0,0,0,7.11246539135368,0,4.55994897891373,0,0,0,0,0,0,0,0,0,0,0,0,2.82733979225159,0,24.4377324581146,0,0
0,9.41226075048404,0,3.36850845813751,0,0,0,0,0,4.83294728067186,0,0,0,3.69961139133998,0,3.92841527980307,0,0,0,0,0,0,0,0,0,10.1661466189793,0,0,0,0,0,0,0,0,0,0,0,0,0,0,0,0,0,0,0,0,0,0,0,6.74696141400154,0,3.45169673094878,0,0,0,4.33928756280379,0,0,0,8.68758296522295,0,0,0,0,0,0,0,0,7.5155923052838,0,0,0,0,0,0,0,0,0,0,0,0,0,4.25898852580931,0,0,0,0
0,0,0,0,0,4.60355496045315,0,0,0,0,0,5.8789680895598,0,0,0,0,71.1732845306396,63.6734764099121,45.9884467654758,4.1898580076581,0,0,0,0,0,0,0,0,0,0,0,0,0,0,0,4.60441377666226,0,5.48313467930525,0,6.67854119588251,0,19.6411362799203,55.446907043457,37.9125137329102,48.5636749267578,6.42652961485596,67.8701098305838,0,0,16.4184671850765,0,0,0,0,0,0,65.2963943481445,6.97758218067796,0,0,0,0,0,78.0300979614258,0,0,0,0,0,0,12.8250522613525,0,19.285262743632,0,0,0,0,0,8.32749948168104,0,12.8543030293783,0,12.9503438285753,2.9521785736084,10.0237818886142,12.0207123756409,0
24.4496404557001,0,17.8184015410287,0,15.3190829079106,0,0,0,0,0,8.84730770687262,0,0,0,0,0,55.7922074978168,62.1194047927856,43.5155337517647,0,7.35841892872277,0,0,0,0,0,0,0,0,0,0,0,0,0,0,0,10.0292790040926,0,9.93320505994225,69.6720537821452,16.8884535395718,64.2180480957031,23.7369433778753,0,25.5336810280295,64.4151244530311,12.9676094667211,0,35.6559477170308,0,14.8179361551458,0,16.2449226379395,0,0,0,11.1421781893754,0,14.1381433927096,0,0,0,78.0300979614258,0,0,0,0,0,0,0,0,11.5816354751587,0,13.5305921554565,0,0,0,0,72.9616012573242,12.9370650549025,0,10.4211762598656,28.7442187134836,0,18.0332731038301,61.7592735290527,15.0902901845621
0,0,0,0,0,0,0,0,0,0,0,0,0,0,0,0,0,4.21051442089365,0,0,0,4.85732494170857,5.14586319923401,4.2517342042923,0,3.55369441849845,0,3.45743736028671,0,0,0,0,0,0,0,0,0,3.82538229959053,0,0,0,0,0,0,0,0,0,0,0,5.34096487246929,0,0,0,0,0,0,0,0,0,0,0,0,0,0,0,6.75628185272217,4.63787854304079,0,3.8030523439733,0,7.21301655476411,0,0,0,0,0,0,0,0,0,6.38233785735384,0,3.87251694112027,3.83325390021006,0,0,0
0,0,0,0,0,0,0,0,0,0,0,0,0,0,0,0,0,0,0,0,0,4.64294535432543,4.44900050781464,0,5.18822218650995,0,0,0,0,0,0,0,0,0,0,0,0,0,5.41105230139871,0,0,0,0,0,0,0,0,0,6.4138757100209,0,0,0,0,0,0,0,0,0,0,0,0,0,0,0,6.75628185272217,0,0,5.07549974371175,0,5.06268739700317,0,3.27626597881317,0,0,0,0,0,0,0,0,0,4.47959532216191,3.57121379593367,3.10410106809516,0,0,0
0,11.4412263870239,0,0,0,0,0,0,0,8.51653780255999,0,0,0,0,0,0,0,0,0,0,0,3.71276257832845,0,4.27040528897512,0,3.97032874757117,0,0,0,0,0,0,0,0,0,0,0,5.83219441339429,0,0,0,0,0,0,0,0,0,13.7519111633301,0,3.6657736217094,0,0,0,0,0,7.39025426857055,0,0,0,0,0,0,0,0,4.63787854304079,0,0,0,3.27470573817982,0,4.08559392212303,0,0,0,0,0,0,0,0,0,7.86678807647823,0,6.17302266756694,0,0,0,0
3.06310749053955,0,0,0,0,0,0,0,3.29673401514689,0,0,0,0,0,0,0,18.5784435272217,0,0,0,0,0,5.09898912388346,0,4.46990560959961,0,5.92292070388794,0,0,0,0,0,0,0,0,0,0,0,4.81509821555194,0,0,0,0,0,0,0,0,0,5.99427294289951,0,0,0,0,0,6.56646438488146,0,0,0,0,0,7.11246539135368,0,0,0,0,5.07549974371175,0,0,0,3.08499360084534,0,0,0,0,0,0,0,0,0,0,0,4.95072977244854,4.55635325431824,0,5.55488676638217,0,0
0,0,0,0,0,0,0,0,0,0,0,0,0,3.02073362138536,0,2.79102343320847,0,3.1791997588711,0,0,0,3.36875040634819,0,0,0,3.24922813082996,0,3.20780676061457,0,0,0,0,0,0,0,0,0,0,0,0,0,0,0,0,0,0,0,0,0,4.83668989029483,0,0,0,0,0,0,0,0,0,10.1702420775955,0,7.5155923052838,0,0,3.8030523439733,0,3.27470573817982,0,0,0,3.92096326558013,0,0,0,0,0,0,0,0,0,0,0,3.47590131715897,0,0,0,0
0,0,0,0,0,0,0,0,3.42601246272816,0,0,0,0,0,2.76863612447466,0,13.760698731129,34.133177947998,0,0,0,0,3.88868106007576,0,3.26614503973112,0,4.61447696685791,0,0,0,0,0,0,0,0,0,0,0,0,0,0,0,0,0,0,0,0,0,6.14583887259165,0,0,0,0,0,5.03705358505249,0,0,0,0,0,4.55994897891373,0,0,0,0,5.06268739700317,0,3.08499360084534,0,0,0,0,0,0,0,0,0,0,0,0,0,0,16.8609318452723,0,0,0,0
0,0,0,0,0,0,0,0,0,0,0,0,0,0,0,0,0,0,0,0,0,2.95399391651154,0,0,0,0,0,3.71915965485123,0,2.89438127158979,0,0,0,0,0,0,0,5.80566503261698,0,0,0,0,0,0,0,0,0,0,0,5.2980348867644,0,0,0,0,0,0,0,4.40133085990983,0,0,0,0,12.8250522613525,0,7.21301655476411,0,4.08559392212303,0,3.92096326558013,0,0,0,5.50952662069967,0,0,0,0,0,0,0,3.85472448719348,0,0,0,7.39877037712224,0,0
0,0,0,0,0,0,0,0,0,0,2.9582142829895,0,0,0,0,0,3.72561073303223,0,0,0,0,0,3.01131197178003,0,0,0,3.26055155583282,0,3.63786933207399,0,3.40500772476196,0,0,0,0,0,0,0,0,0,0,0,0,0,0,0,0,0,0,0,0,0,0,0,0,0,4.9708334144424,0,0,0,0,0,0,11.5816354751587,0,3.27626597881317,0,0,0,0,0,0,0,4.20266441181302,0,0,0,0,0,0,0,5.93528335771443,3.53325713666758,3.47049748897552,0,0,0
0,0,0,25.3364168802897,0,0,0,0,0,0,0,3.74773230919471,0,0,0,0,0,0,25.6320819854736,0,0,0,0,0,0,0,0,5.06710963982802,0,4.5744448166845,0,0,0,0,0,0,0,3.39790185292562,0,0,0,14.3859774553648,0,0,0,18.068920135498,0,0,0,4.28176922798157,0,0,0,0,0,0,0,6.44804046132254,0,9.61355161445085,0,0,19.285262743632,0,0,0,0,0,0,0,5.50952662069967,0,0,0,0,0,0,0,0,0,4.21015193541551,0,22.475706577301,0,8.04327510501339,14.955598449707,0
0,0,0,0,0,0,0,0,0,0,0,0,0,0,0,0,0,0,0,0,6.85585562388102,0,0,0,0,0,0,0,3.41990349027846,0,3.07302731972236,0,0,0,0,0,0,0,2.74172163009644,0,0,0,0,0,0,0,0,0,0,0,0,0,0,0,0,0,3.4382472038269,0,0,0,0,0,0,13.5305921554565,0,0,0,0,0,0,0,4.20266441181302,0,0,0,0,0,0,0,43.7616844177246,0,0,2.79389866660623,3.28133475780487,0,0,0
0,0,0,0,0,0,0,0,0,0,0,0,0,0,0,0,0,0,0,0,0,0,0,0,0,0,0,0,0,0,0,10.0600875594133,7.70836371183395,25.3594215833224,0,22.0980972191867,0,0,0,0,0,0,0,0,0,0,0,7.58314322234324,0,9.30062007904053,0,0,0,0,0,0,0,0,0,0,0,0,0,0,0,0,0,0,0,0,0,0,0,0,0,0,8.57428062663359,0,21.4157142033931,0,0,0,9.08662814914056,0,0,0,0
0,0,0,0,0,0,0,0,0,0,0,0,0,0,0,0,0,0,0,0,0,0,0,0,0,0,0,0,0,0,0,3.27882232780719,5.14533390545032,0,11.2877577733994,0,11.9708491166433,0,0,0,0,0,0,0,0,0,0,8.90418134449576,7.62039688044581,0,0,0,0,0,0,0,0,0,0,0,0,0,0,0,0,0,0,0,0,0,0,0,0,0,0,0,0,8.60640575545175,0,8.79540374106466,0,0,3.04409306477278,0,0,0,0
0,0,0,0,0,0,0,0,0,0,0,0,0,0,0,0,0,0,0,0,0,0,0,14.5068963368734,0,0,0,0,0,0,0,4.98823299490172,0,3.9491901344667,6.81449306712431,4.44474385386315,0,6.03249236172081,0,0,0,0,0,0,0,0,0,6.86264718833723,0,0,0,0,0,0,0,0,0,0,0,0,0,0,0,0,0,0,0,0,0,0,0,0,0,0,8.57428062663359,0,0,0,35.2859652821834,0,6.50986660211723,0,4.00694313204807,11.0468566961456,0,0,0
0,0,0,0,0,0,0,0,0,0,0,0,0,0,0,0,0,0,0,0,0,0,0,0,0,0,0,0,0,0,0,0,9.33652463807898,3.89808586196815,4.0507529634724,0,4.11088045438131,4.08733334675641,10.1268134117126,0,0,0,0,0,0,0,0,16.2988617103712,3.91794490814209,0,0,0,0,0,0,0,0,0,0,0,0,0,0,0,0,0,0,0,0,0,0,0,0,0,0,8.60640575545175,0,0,0,8.53780616528143,0,7.10068183940179,4.90085544201158,3.72625294261509,0,0,0
0,0,0,22.5254281361898,0,12.6329798698425,0,0,0,0,0,5.09114875112261,0,0,0,0,78.2078488667806,65.2149215274387,44.7705110045504,5.21387143237146,0,0,0,0,0,0,0,0,0,0,0,30.9344552366357,0,37.4088533423668,0,4.78087875899155,4.31855592402545,4.02409974066149,0,9.00625925838438,65.1452560424805,22.6576952236833,38.7369580950056,26.4363523891994,50.9865036010742,8.85026854208865,70.5096043673429,5.84143938656411,21.2277065774669,10.6764450254111,0,0,0,0,0,0,64.7093067169189,5.45801591873169,0,0,0,0,8.32749948168104,72.9616012573242,0,0,0,0,0,0,0,0,0,0,21.4157142033931,0,35.2859652821834,0,0,55.4218470454216,4.50790166157869,0,7.1707497485655,4.35441228617793,11.7987023361394,27.6185753562234,71.1218566894531
30.5559817700347,0,27.6533622035274,0,19.441370010376,0,0,0,47.9416561126709,0,38.6679153442383,0,0,0,0,0,59.7503972649574,66.8868942260742,48.3850134153749,0,10.1436360127396,0,0,0,0,0,0,0,0,0,0,0,7.82381706366668,0,12.437575750351,4.28589121790698,5.27349682464676,0,6.36258742395712,75.4455755930098,13.2858656052987,60.0499874271759,22.274517046668,59.9812049865723,27.7829641000384,66.739759787535,16.3041901554881,7.55847595816099,11.7602810240314,0,23.3814706144662,0,0,0,0,0,34.8438091831148,0,20.0795090993245,0,0,0,0,12.9370650549025,0,0,0,0,0,0,0,0,0,43.7616844177246,0,8.79540374106466,0,8.53780616528143,55.4218470454216,0,0,6.83467214345001,23.9036903002191,13.5461825983865,21.1046785094652,66.3867034912109,24.6194863880382
0,18.2429192104037,0,28.7551364898682,0,0,0,0,0,13.3817027401593,0,4.88803811801168,0,0,0,0,0,0,0,7.40756726465305,0,4.81999440759909,0,8.78032663581418,0,0,0,2.75368642807007,0,4.15919089317322,0,0,0,4.16655568976,0,5.89162769050242,0,4.47099329334514,0,44.0290603637695,0,6.6906304359436,0,23.6058406829834,0,14.3816117909019,0,6.01676210516789,0,4.7925170730142,0,0,0,0,0,14.1333073642912,0,6.48023139255148,0,0,0,0,12.8543030293783,0,6.38233785735384,0,7.86678807647823,0,0,0,3.85472448719348,0,4.21015193541551,0,0,0,6.50986660211723,0,4.50790166157869,0,0,0,7.14684148671115,7.82499217987061,5.2635797167078,0,0
32.4336013793945,0,29.4017276763916,0,0,0,0,0,0,0,4.75018158980778,0,0,0,0,0,60.2508301205105,0,45.434416288211,0,4.76219760496682,3.31222987174988,3.39513969421387,0,4.97925787236955,0,0,0,0,0,3.26527792215347,0,0,0,4.88503979442371,0,4.06182521142169,3.22997082422857,5.25593614529139,74.371826171875,14.5468758821487,64.6595344543457,29.3730714917183,0,29.3233062199184,73.572193145752,26.1227909788138,4.68532291742472,5.5313183551139,0,39.396053314209,0,0,0,7.73160733896143,0,5.62930688593123,0,0,0,0,0,0,10.4211762598656,0,4.47959532216191,0,4.95072977244854,0,0,0,5.93528335771443,0,0,0,0,0,7.10068183940179,0,6.83467214345001,0,0,8.91941777535524,3.20606436591217,20.6441541135084,63.1887321472168,22.4373923648487
19.9146047660283,4.56786780242614,9.24183155328799,8.00988804937876,11.5919490715848,4.04223580084399,2.95026552677155,4.11328143086927,5.34844822323887,6.02759716972844,3.5267021805048,4.4277939068947,2.87193889915943,3.87752888202667,12.2025940656662,3.90403134682599,13.6802123624908,9.4426537500874,13.7093011879214,4.42833092433064,10.9986387815005,4.46675524090177,4.05859881676176,4.73394727215324,16.1108649406168,3.79712177647485,9.05777371991979,0,3.37529531251669,3.69378614425659,2.99817426537359,4.15607928448036,0,6.06267680107437,7.62887631613633,4.01147962900163,4.26166421004094,5.08287788406095,4.71773749485351,32.3876168414827,39.6525404124424,19.5109324773827,18.0739801139113,22.4499771254403,15.0988650639852,26.4991237036387,37.0431917981899,7.73143655578111,7.69309517051492,19.9811833438774,12.8742448861258,3.52435353067186,3.71335702357085,2.90850696563721,5.2797064781189,11.8430435045345,10.6856766347285,4.47167460495066,3.86789202222637,3.71975166853084,2.82733979225159,4.25898852580931,12.9503438285753,28.7442187134836,3.87251694112027,3.57121379593367,6.17302266756694,4.55635325431824,3.47590131715897,16.8609318452723,0,3.53325713666758,22.475706577301,2.79389866660623,9.08662814914056,3.04409306477278,4.00694313204807,4.90085544201158,7.1707497485655,23.9036903002191,7.14684148671115,8.91941777535524,0,4.42352089945242,17.3507300021249,9.0062654414718,9.97560178108935
0,0,0,4.73734100659688,0,3.72810737291972,0,5.96602060681298,8.66994571685791,3.0431520401087,2.84476506710052,7.15954615519597,2.84863829612732,4.34108585035297,6.76843595504761,0,13.0237791683616,7.94174440009906,12.4614660779635,0,2.73821544647217,3.90278661162106,5.03815604736602,0,21.0613809313093,0,0,0,3.34476751575297,0,2.98050333835461,0,0,0,0,3.04985267775399,2.94614914617231,3.91418492226374,3.67857036397264,31.8044109344482,0,0,0,0,0,0,0,0,0,0,0,0,0,0,0,0,5.18417048454285,0,0,3.85049823919932,0,0,2.9521785736084,0,3.83325390021006,3.10410106809516,0,0,0,0,0,3.47049748897552,0,3.28133475780487,0,0,11.0468566961456,3.72625294261509,4.35441228617793,13.5461825983865,7.82499217987061,3.20606436591217,4.42352089945242,0,21.8515668312709,0,0
