0,0,0.138229042291641,0,0,0,0,0,0.148832011993501,0,0,0,0,0,0,0,0.296230997834633,0,0.274053764130388,0,0,0,0,0,0,0,0,0,0,0,0,0,0,0,0,0,0,0,0,0,0,0,0.259512723787971,0,0,0,0.318747863173485,0,0.149060550291057,0,0,0,0,0,0.176380631902665,0,0.27909908692042,0,0,0,0.160321808648559,0,0,0,0,0,0,0.206344023346901,0,0,0,0,0,0,0,0,0,0,0,0,0,0,0.222187221511803,0,0.193455570572134,0,0
0,0,0,0.159290677484344,0,0.13690222799778,0,0,0,0.1562137979284,0,0,0,0,0,0,0,0.269107257618624,0.275125864751731,0,0,0,0,0,0,0,0,0,0,0,0,0,0,0,0,0,0,0,0,0.210920482873917,0,0.218069777504834,0,0,0,0.273536535246032,0,0,0,0.160265156192336,0,0,0,0,0,0.169008481205652,0,0.319332803671177,0,0,0,0.18972764143916,0,0,0,0,0.18833275319952,0,0.201716171843665,0,0,0,0,0,0,0,0,0,0.288754535838962,0,0,0,0.158999998715459,0,0.169091116180343,0.24866542716821,0
0.138229042291641,0,0,0,0.119698496049513,0,0,0,0.114029905200005,0,0,0,0,0,0,0,0.266287624835968,0.239688143134117,0.243582657896555,0,0,0,0,0,0,0,0,0,0,0,0,0,0,0,0,0,0.217897295549109,0,0,0.252349019050598,0.247218207401388,0,0.298185275800717,0,0,0,0.232987871567408,0,0.227751151200325,0,0.206761706620455,0,0,0,0.106634112074971,0,0.228113002247281,0,0,0,0.106064453721046,0,0,0.237614536986632,0,0,0,0,0,0,0,0,0,0,0,0,0,0,0,0.249243538361043,0,0,0.248322907772635,0,0.219206015835299,0,0.266746680811048
0,0.159290677484344,0,0,0,0.151160666814872,0,0,0,0.124283759588642,0,0,0,0,0,0,0.254668384790421,0.265255883336067,0.240694801722254,0.17791260778904,0,0,0,0,0,0,0,0,0,0,0,0,0,0,0,0.196100453535716,0,0,0,0.252207772859505,0,0.287074604416611,0,0.278856419026852,0,0.203435182571411,0.33502671122551,0.24059984087944,0.23760561645031,0.18447564716463,0,0.211431954056025,0,0,0,0,0,0.239130402724427,0,0,0,0,0.202550268007649,0,0,0,0,0,0,0,0,0,0,0,0,0,0,0,0.203964226088434,0,0,0,0.225081914576931,0,0.205374789645564,0.265051364472934,0
0,0,0.119698496049513,0,0,0,0,0,0.106265465063708,0,0,0,0,0,0,0,0.25054731965065,0,0.21631146967411,0,0.178719385312154,0,0,0,0,0,0,0,0,0,0,0,0,0,0,0,0,0,0,0,0.246400073170662,0,0.23722725954591,0,0.226349733769894,0,0.189354111999273,0,0.212104844550292,0,0.149400167167187,0,0,0,0,0,0.247566215693951,0,0,0,0.138127371668816,0,0,0.19335902399487,0,0,0,0,0,0,0,0,0,0,0,0,0,0,0,0.241497103869915,0,0,0.217150163956178,0,0.188553801263278,0,0.213217290739218
0,0.13690222799778,0,0.151160666814872,0,0,0,0.149545449476976,0,0.14638972715024,0,0,0,0,0,0.144557374715805,0,0.232368439435959,0.152739882469177,0.172797612960522,0,0,0,0,0,0,0,0,0,0,0,0,0,0,0,0,0,0,0,0.23623257689178,0,0.252482126866068,0,0,0,0.184289386495948,0,0,0.210816264152527,0.203881745194567,0,0.144753154808071,0,0.156068054112521,0,0.20538030564785,0,0.200179193417231,0,0.161246920625369,0,0.147378765874439,0.173463631243933,0,0,0,0,0,0,0,0,0,0,0,0,0,0,0,0.221845930442214,0,0,0,0.155118462836144,0,0.190050872519266,0.222557933857808,0
0,0,0,0,0,0,0,0,0,0,0.0887913703918457,0,0.130064025521278,0,0,0,0,0,0,0,0.156458869576454,0,0,0,0,0,0,0,0,0,0,0,0,0,0,0,0,0,0,0,0,0,0,0,0,0,0,0,0,0,0,0,0.147537608021571,0,0,0,0.162094991121973,0,0.170948833227158,0,0,0,0,0,0,0,0,0,0,0,0,0,0,0,0,0,0,0,0,0,0,0,0.123612217605114,0,0,0,0
0,0,0,0,0,0.149545449476976,0,0,0,0,0,0.111359347814116,0,0,0,0,0,0,0,0.127946146391332,0,0,0,0,0,0,0,0,0,0,0,0,0,0,0,0,0,0,0,0,0,0,0,0,0,0,0,0,0,0,0,0.158640674462444,0,0.161155616002853,0,0,0,0.150399392551702,0,0.178263653754653,0,0,0.135249350119281,0,0,0,0,0,0,0,0,0,0,0,0,0,0,0,0,0,0,0,0.129518000433197,0.111468814313412,0,0,0
0.148832011993501,0,0.114029905200005,0,0.106265465063708,0,0,0,0,0,0,0,0,0,0.160236649711927,0,0.153293972009001,0.15547613799572,0.229666502638297,0,0,0,0.172749891877174,0,0.189108597961339,0,0.172949304237314,0,0,0,0,0,0,0,0,0,0,0,0,0,0.25406277179718,0,0.241644969040697,0,0,0,0.224011961370707,0,0.133840138141397,0,0,0,0,0,0.215212835601234,0,0,0,0,0,0.162064180132889,0,0,0.17351821064949,0,0,0,0.186199183265368,0,0.163708821799617,0,0,0,0,0,0,0,0,0.275873571634293,0.276418426457573,0,0,0.151626803002878,0,0.178921183896022,0,0.220122180879116
0,0.1562137979284,0,0.124283759588642,0,0.14638972715024,0,0,0,0,0,0,0,0,0,0.150329567541514,0.14036340948115,0.13803419381246,0.206319073836009,0,0,0,0,0.256470829248428,0,0,0,0,0,0,0,0,0,0.197093870904711,0,0,0,0.179335346394549,0,0.285083544254303,0,0.265871923116711,0.155412867665291,0,0,0.232831202447414,0,0.193769750495752,0,0.163019323932756,0,0,0,0,0,0.232345761617262,0,0.244445980741427,0,0,0,0.169190430619682,0,0,0,0,0.229966580867767,0,0,0,0,0,0,0,0,0,0,0,0.299237092137337,0.226372420787811,0.204623130511264,0,0.153613288750971,0,0.194297706438046,0.247134913007418,0
0,0,0,0,0,0,0.0887913703918457,0,0,0,0,0,0.151825124840201,0,0,0,0,0,0,0,0.119682481826017,0,0,0,0,0,0,0,0.156304566159112,0,0.130086853568043,0,0,0,0,0,0.132785878453895,0,0.142544315376354,0,0,0,0,0,0,0,0,0,0,0,0,0,0.190255906432867,0,0,0,0.15644694603245,0,0.154757629238252,0,0,0,0,0.11500652307947,0,0,0,0,0,0,0,0.15695579188901,0,0.155385296344757,0,0,0,0,0,0.136953291319283,0,0.145374155601927,0.130778897191043,0.139740266750768,0,0,0
0,0,0,0,0,0,0,0.111359347814116,0,0,0,0,0,0.160274879663198,0,0,0,0,0,0.112787938772617,0,0,0,0,0,0,0,0.163887043297291,0,0.155725344449659,0,0,0,0,0,0.14053354636942,0,0.135921453864134,0,0,0,0,0,0,0,0,0,0,0,0,0,0,0,0,0,0,0,0.155741954563892,0,0.158522941480423,0,0,0.129908923756949,0,0,0,0,0,0,0,0.139443971894004,0,0.147539163629214,0,0,0,0,0,0.139819027936977,0,0.1416400881754,0,0.151641049187818,0,0.214538315931956,0,0
0,0,0,0,0,0,0.130064025521278,0,0,0,0.151825124840201,0,0,0,0.126643996685743,0,0,0,0,0,0,0,0,0,0,0,0,0,0,0,0.169817373156548,0,0,0,0,0,0,0,0,0,0,0,0,0,0,0,0,0,0,0,0,0,0,0,0,0,0.12960786150491,0,0.140788912744695,0,0,0,0,0,0,0,0,0,0,0,0,0,0,0,0,0,0,0,0,0,0,0,0.157243009656668,0.127420216798782,0,0,0
0,0,0,0,0,0,0,0,0,0,0,0.160274879663198,0,0,0,0.135213378978812,0,0.137357387353073,0,0,0,0,0,0,0,0.128062336040395,0,0.145247976516568,0,0.171238584014086,0,0,0,0,0,0,0,0,0,0,0,0,0,0,0,0,0,0,0,0,0,0,0,0,0,0,0,0.163645371331109,0,0.150163836944053,0,0.129673379841897,0,0,0,0,0,0,0,0,0.158493315180143,0,0,0,0,0,0,0,0,0,0,0,0.151333687807384,0.187788110765271,0,0,0
0,0,0,0,0,0,0,0,0.160236649711927,0,0,0,0.126643996685743,0,0,0,0.143720134519614,0,0,0,0,0,0,0,0,0,0,0,0,0,0,0,0,0,0,0,0,0,0,0,0,0,0,0,0,0,0,0,0,0,0,0,0,0,0.185658824816346,0,0,0,0.140202017767089,0,0.142822252655471,0,0,0,0,0,0,0,0,0.14156887712686,0,0,0,0,0,0,0,0,0,0,0,0,0.160463313971247,0,0,0,0
0,0,0,0,0,0.144557374715805,0,0,0,0.150329567541514,0,0,0,0.135213378978812,0,0,0.148506520049913,0.154348528630804,0.19272169470787,0,0,0,0,0.184466153383255,0,0.149177152114783,0,0.121350190524633,0,0,0,0,0,0,0,0,0,0,0,0,0,0,0,0,0,0,0,0,0,0,0,0,0,0,0,0.196827962241146,0,0,0,0,0,0.156627137490203,0,0,0,0,0,0,0.148551866412163,0,0,0,0,0,0,0,0,0,0,0,0,0,0.150857222171462,0.1815157124942,0,0,0
0.296230997834633,0,0.266287624835968,0.254668384790421,0.25054731965065,0,0,0,0.153293972009001,0.14036340948115,0,0,0,0,0.143720134519614,0.148506520049913,0,0.164700296619377,0.256482043291921,0,0,0.144217400915093,0.136842243993075,0,0,0.150817034766078,0.142096042866191,0,0,0,0,0,0,0,0,0,0,0,0,0.262389634015425,0.271607398722611,0.227589809858217,0.221081667900085,0.227019429206848,0.221264835860994,0.258216586823647,0.276950553203969,0,0.262724347412586,0.25250118970871,0,0,0,0,0.139082555300914,0.144549916877791,0.317839158432824,0.275602080320057,0,0,0,0.134278982877731,0.314945310354233,0.285593088561048,0.136509597301483,0.123322635550391,0,0,0.141556829214096,0.155957045033574,0,0,0,0,0,0,0,0,0.274739827101047,0.301301030616323,0,0,0.176228263956124,0.159275700251261,0.30885591125063,0.223081070308884,0.247070344758558
0,0.269107257618624,0.239688143134117,0.265255883336067,0,0.232368439435959,0,0,0.15547613799572,0.13803419381246,0,0,0,0.137357387353073,0,0.154348528630804,0.164700296619377,0,0.256303785414646,0,0,0.137700944974095,0.149408856059535,0,0,0.154805896192444,0.148372837209276,0.138422088727118,0,0,0,0,0,0,0,0,0,0,0,0.272292686331211,0.276425920538048,0.239441261232114,0.21596759900173,0.258285215188717,0.233387631177902,0.260779602112065,0.267016079948574,0,0,0.259851381182671,0,0,0,0,0.138799202938875,0.12499348899117,0.287902012467384,0.315665284615187,0,0.135499406605959,0,0.166860096694016,0.287381773814559,0.276321021573884,0.13616379857834,0.135474222712219,0,0,0.147599149743716,0.133719965815544,0.148182985911498,0,0,0,0,0,0,0,0.298724277432148,0.304285606006523,0,0,0.177898738702159,0.224295365033855,0.298372231716208,0.246310312591546,0.234983731920903
0.274053764130388,0.275125864751731,0.243582657896555,0.240694801722254,0.21631146967411,0.152739882469177,0,0,0.229666502638297,0.206319073836009,0,0,0,0,0,0.19272169470787,0.256482043291921,0.256303785414646,0,0,0,0,0.202235713601112,0,0,0,0.215905083343387,0,0,0,0,0,0,0,0,0.225513115525246,0.203393042087555,0,0,0.298953720356419,0.305084100435488,0.230003452995666,0.2067207634437,0.222449892888898,0.202808141708374,0.298645419241551,0.304944533264209,0,0.216987695131037,0.224087405434022,0,0,0,0,0,0.167552638798952,0.350486486405134,0.324714724784312,0,0,0,0.126528605818748,0.312741154321918,0.304629665256467,0.222773566842079,0.251696735620499,0,0,0,0,0,0,0,0,0,0,0,0,0.339517493435808,0.357308043355352,0,0,0.217613301705569,0,0.32655940631623,0.255323642948225,0.241388042173956
0,0,0,0.17791260778904,0,0.172797612960522,0,0.127946146391332,0,0,0,0.112787938772617,0,0,0,0,0,0,0,0,0,0,0,0,0,0,0,0,0,0,0,0,0,0,0,0.148223943627335,0,0.136727909746241,0,0,0,0,0,0,0,0.164887897670269,0,0,0,0,0,0,0,0.152808859944344,0,0,0,0.137383257558981,0,0,0,0,0.161449622500486,0,0,0,0,0,0,0,0,0,0,0,0,0,0,0,0.147157635502886,0,0.13955378330916,0,0.13465009130379,0,0.176491145387383,0,0
0,0,0,0,0.178719385312154,0,0.156458869576454,0,0,0,0.119682481826017,0,0,0,0,0,0,0,0,0,0,0,0,0,0,0,0,0,0,0,0,0,0,0,0,0,0.141860986787169,0,0.139792661191803,0,0,0,0,0,0,0,0.153477306167285,0,0,0,0,0,0,0,0,0,0.113449259521628,0,0,0,0,0,0,0.179572092561151,0,0,0,0,0,0,0,0,0,0,0,0,0,0,0,0.142699232386858,0,0.1423112069783,0.158623153343797,0,0.194920251992616,0,0
0,0,0,0,0,0,0,0,0,0,0,0,0,0,0,0,0.144217400915093,0.137700944974095,0,0,0,0,0.106385846167017,0.106732715220972,0.120520422856013,0.124577034050706,0,0.131753457526506,0,0,0,0,0,0,0,0,0,0.120279424163352,0.118921768665314,0.273005664348602,0,0,0,0,0,0,0,0,0,0,0,0,0,0,0,0,0,0,0,0,0,0,0,0,0.138462854367499,0.112911792028518,0.127046897625312,0,0.129969737229821,0,0.126379212646773,0,0,0,0,0,0.153288350751003,0,0,0,0.142255844210336,0.143145049611727,0.111893672630168,0.103923410177231,0,0,0
0,0,0,0,0,0,0,0,0.172749891877174,0,0,0,0,0,0,0,0.136842243993075,0.149408856059535,0.202235713601112,0,0,0.106385846167017,0,0,0.126826234578971,0,0.139305705354474,0,0.13083117476392,0,0,0,0,0,0,0,0,0.122336616118749,0.136597452745413,0,0,0,0,0,0,0,0,0,0.173426553606987,0,0,0,0,0,0,0.141699120402336,0,0,0,0,0,0,0,0,0.106668080582663,0.14304134009522,0,0.133777617318937,0,0.16355439722538,0,0.141885133832693,0,0,0,0,0,0,0,0,0,0.141144216556925,0.112595964328489,0.121676452457905,0.254502132534981,0,0
0,0,0,0,0,0,0,0,0,0.256470829248428,0,0,0,0,0,0.184466153383255,0,0,0,0,0,0.106732715220972,0,0,0,0.164228353248193,0,0,0,0,0,0,0,0.261819243431091,0,0,0,0.144097648722028,0.30335408449173,0,0,0,0,0,0,0,0,0.23871864641414,0,0.208862841927579,0,0,0,0,0,0.254593649568657,0,0,0,0,0,0.172911696135998,0,0,0.0878791622817516,0,0.176113888009715,0,0.155075922129898,0,0,0,0,0,0,0,0,0,0,0,0.149484140330807,0,0.15715449070558,0,0.22313232926222,0,0
0,0,0,0,0,0,0,0,0.189108597961339,0,0,0,0,0,0,0,0,0,0,0,0,0.120520422856013,0.126826234578971,0,0,0,0.173670493522469,0,0,0,0,0,0,0,0,0,0,0,0.139967944374911,0,0,0,0,0,0,0,0,0,0.168851226568222,0,0,0,0,0,0.19731119616578,0,0,0,0,0,0,0,0,0,0,0.179292301996611,0,0.140778024518094,0,0.155218542118867,0,0,0,0,0,0,0,0,0,0,0,0.14952088025908,0.134217463495831,0,0.139972487948119,0,0
0,0,0,0,0,0,0,0,0,0,0,0,0,0.128062336040395,0,0.149177152114783,0.150817034766078,0.154805896192444,0,0,0,0.124577034050706,0,0.164228353248193,0,0,0.141857668757439,0.141305090957566,0,0,0,0,0,0,0,0,0,0,0,0,0,0,0,0,0,0,0,0,0,0,0,0,0,0,0,0.174394296800218,0,0,0,0.128117035143077,0,0.164531491696835,0,0,0.132869984312304,0,0.152134811239583,0,0.157307211568372,0,0.154989553658768,0,0,0,0,0,0,0,0,0,0,0,0.166881450168465,0,0,0,0
0,0,0,0,0,0,0,0,0.172949304237314,0,0,0,0,0,0,0,0.142096042866191,0.148372837209276,0.215905083343387,0,0,0,0.139305705354474,0,0.173670493522469,0.141857668757439,0,0,0.131326267123222,0,0,0,0,0,0,0,0,0,0,0.258333936333656,0.224711646636327,0,0.187467657029629,0.205686643719673,0,0,0.227895453572273,0,0,0,0,0,0,0,0.169435178014365,0.12806835770607,0,0,0,0,0,0,0,0,0,0.138426941388579,0,0.181237071752548,0,0.131327869251687,0,0,0,0,0,0,0,0,0,0,0,0,0.138903014250656,0,0.280891192456086,0,0
0,0,0,0,0,0,0,0,0,0,0,0.163887043297291,0,0.145247976516568,0,0.121350190524633,0,0.138422088727118,0,0,0,0.131753457526506,0,0,0,0.141305090957566,0,0,0,0.17337728877043,0,0,0,0,0,0,0,0.161111040353598,0,0,0,0,0,0,0,0,0,0,0,0,0,0,0,0,0,0,0,0.138943336076207,0,0.159167049443576,0,0.139633419613043,0,0,0.137238192409277,0,0,0,0.148895418643951,0,0.144595323379971,0,0.173309084188055,0,0,0,0,0,0,0,0.184563719211741,0,0.144973586602458,0.161384713986228,0,0,0
0,0,0,0,0,0,0,0,0,0,0.156304566159112,0,0,0,0,0,0,0,0,0,0,0,0.13083117476392,0,0,0,0.131326267123222,0,0,0,0.136887524994844,0,0,0,0,0,0,0,0.135800138501258,0,0,0,0,0,0,0,0,0,0,0,0,0,0,0,0,0,0,0,0,0,0,0,0,0,0,0.13568264566935,0,0,0,0.13980826921761,0,0.141954819820508,0,0.126387836059203,0,0,0,0,0,0,0,0.1377371000126,0.164289265871048,0,0,0,0
0,0,0,0,0,0,0,0,0,0,0,0.155725344449659,0,0.171238584014086,0,0,0,0,0,0,0,0,0,0,0,0,0,0.17337728877043,0,0,0,0,0,0,0,0,0,0.147565829959905,0,0,0,0,0,0,0,0,0,0,0,0,0,0,0,0,0,0,0,0.152073652728608,0,0.173339176509115,0,0,0,0,0,0,0,0,0,0,0.141855362211428,0,0.159217784051285,0,0,0,0,0,0,0,0.148078017712881,0,0.164354265582832,0.120935854812463,0,0,0
0,0,0,0,0,0,0,0,0,0,0.130086853568043,0,0.169817373156548,0,0,0,0,0,0,0,0,0,0,0,0,0,0,0,0.136887524994844,0,0,0,0,0,0,0,0,0,0.154112584703403,0,0,0,0,0,0,0,0,0,0,0,0,0,0,0,0,0,0,0,0,0,0,0,0,0,0,0,0,0,0,0,0,0.137538662978581,0,0.133048142339637,0,0,0,0,0,0,0,0.158740566208758,0.124513471871614,0,0,0,0
0,0,0,0,0,0,0,0,0,0,0,0,0,0,0,0,0,0,0,0,0,0,0,0,0,0,0,0,0,0,0,0,0.189902674255156,0.198620765488975,0.147837794408566,0.17758621714546,0.229041458831893,0,0,0,0,0,0,0,0,0,0,0.381706667451855,0,0,0,0,0,0,0,0,0,0,0,0,0,0,0,0,0,0,0,0,0,0,0,0,0,0,0.263375458605861,0.163595165571441,0.208378628007512,0.150111592241696,0.252037103890702,0,0,0,0.20731295645237,0,0,0,0
0,0,0,0,0,0,0,0,0,0,0,0,0,0,0,0,0,0,0,0,0,0,0,0,0,0,0,0,0,0,0,0.189902674255156,0,0.203487651852461,0,0.178828470408916,0.183775529482543,0,0,0,0,0,0,0,0,0,0,0.254202336629367,0,0,0,0,0,0,0,0,0,0,0,0,0,0,0,0,0,0,0,0,0,0,0,0,0,0,0.216712498755166,0.154013620900739,0.314196467399597,0.179193404316902,0.196732345223427,0.163556202202004,0,0,0.17591326095556,0,0,0,0
0,0,0,0,0,0,0,0,0,0.197093870904711,0,0,0,0,0,0,0,0,0,0,0,0,0,0.261819243431091,0,0,0,0,0,0,0,0.198620765488975,0.203487651852461,0,0.184732687857605,0.156357469917698,0,0.1888867124204,0.16040634283584,0,0,0.256433874368668,0,0,0,0,0,0.2807782388311,0.364896237850189,0,0,0,0,0,0,0,0,0,0,0,0,0,0,0,0,0,0.217549416422844,0,0,0,0,0,0,0,0.219052179970525,0.166078560054302,0.20107254042726,0.189387842705942,0.151934597896529,0,0.259629820012129,0.204787995107472,0.188053500564659,0,0.230594096084436,0,0
0,0,0,0,0,0,0,0,0,0,0,0,0,0,0,0,0,0,0,0,0,0,0,0,0,0,0,0,0,0,0,0.147837794408566,0,0.184732687857605,0,0,0.148539031500166,0.155474990606308,0.21187917995201,0,0,0,0.203925651311874,0,0,0,0,0.262320736970648,0,0,0,0,0,0,0,0,0,0,0,0,0,0,0,0,0,0,0,0,0,0,0,0,0,0,0,0,0.184675275295211,0.172646825295181,0,0.153557682843769,0.202397689223289,0.319769077435616,0.174457708330348,0,0.241212626298269,0,0
0,0,0,0.196100453535716,0,0,0,0,0,0,0,0.14053354636942,0,0,0,0,0,0,0.225513115525246,0.148223943627335,0,0,0,0,0,0,0,0,0,0,0,0.17758621714546,0.178828470408916,0.156357469917698,0,0,0.158789645778305,0.139689990220367,0.114769659936428,0.176032457914617,0,0.240092761814594,0,0.278259962797165,0,0.163601866057125,0,0.575831713808907,0,0.17604648436073,0,0,0,0,0,0,0,0.144058985946079,0,0,0,0,0.160438478604626,0,0,0,0,0,0,0,0,0,0,0,0.176487157138928,0,0.146177378206542,0,0.160410392874878,0.12986885887735,0.152551302905468,0,0.156826732408249,0.144179473028463,0.199168600929828,0.228435724973679,0
0,0,0.217897295549109,0,0,0,0,0,0,0,0.132785878453895,0,0,0,0,0,0,0,0.203393042087555,0,0.141860986787169,0,0,0,0,0,0,0,0,0,0,0.229041458831893,0.183775529482543,0,0.148539031500166,0.158789645778305,0,0.117168489843607,0.127945608959377,0,0.156875243013511,0,0.225605881639889,0,0,0,0.159013171460893,0.440913425531329,0.185535158623349,0,0,0,0,0,0,0,0.136763321808551,0,0,0,0,0,0,0.155101889072932,0,0,0,0,0,0,0,0,0,0,0.302052320802913,0.155228662645758,0,0.159536229833117,0.164072752059068,0.160211710049796,0,0.156857741818036,0.160753943330244,0.141678422880478,0.206736476790762,0,0.233176216483116
0,0,0,0,0,0,0,0,0,0.179335346394549,0,0.135921453864134,0,0,0,0,0,0,0,0.136727909746241,0,0.120279424163352,0.122336616118749,0.144097648722028,0,0,0,0.161111040353598,0,0.147565829959905,0,0,0,0.1888867124204,0.155474990606308,0.139689990220367,0.117168489843607,0,0.152423425286098,0,0,0.183930871884028,0,0,0,0,0,0.430367841363571,0.321443155407906,0.34281665654868,0,0,0,0,0,0,0,0.132249809838012,0,0,0,0.214641869068146,0.162055414144157,0,0.174777108737651,0,0.223278733542858,0,0,0,0.157570853776543,0,0.136689114008899,0,0,0,0.183799256962173,0,0.155438741815351,0.132683070642608,0.182299187314021,0.181292223632336,0.157973939253517,0,0.255279642382309,0,0
0,0,0,0,0,0,0,0,0,0,0.142544315376354,0,0,0,0,0,0,0,0,0,0.139792661191803,0.118921768665314,0.136597452745413,0.30335408449173,0.139967944374911,0,0,0,0.135800138501258,0,0.154112584703403,0,0,0.16040634283584,0.21187917995201,0.114769659936428,0.127945608959377,0.152423425286098,0,0,0,0,0.184083584605194,0,0,0,0.247322559356689,0.367104666307569,0.381909435918165,0,0,0,0,0,0.16718138092094,0,0.143202528289957,0,0,0,0,0,0,0.185452406055161,0.13223822414875,0.137077003127277,0,0.240135422746917,0,0,0,0.152041168883443,0,0.144087043176427,0,0,0.162144786207983,0.237016918269232,0,0.159061307954173,0.217909651568958,0.179799134857044,0.153372219959928,0.152784860825964,0.251614047038128,0,0
0,0.210920482873917,0.252349019050598,0.252207772859505,0,0.23623257689178,0,0,0,0.285083544254303,0,0,0,0,0,0,0.262389634015425,0.272292686331211,0.298953720356419,0,0,0.273005664348602,0,0,0,0,0.258333936333656,0,0,0,0,0,0,0,0,0.176032457914617,0,0,0,0,0.359571635723114,0.281878699849952,0.248015375807881,0.33006701553077,0,0.192341488329278,0.308094649630434,0,0.232676409184933,0.183896652376279,0,0,0,0,0,0,0,0.252224102111186,0,0,0,0,0.241475807451126,0,0,0,0,0,0,0,0,0,0,0,0,0,0,0,0.219821448110511,0.33326788778816,0.178765575091044,0,0.265972222807456,0,0.259126251973639,0.278253430598661,0
0,0,0.247218207401388,0,0.246400073170662,0,0,0,0.25406277179718,0,0,0,0,0,0,0,0.271607398722611,0.276425920538048,0.305084100435488,0,0,0,0,0,0,0,0.224711646636327,0,0,0,0,0,0,0,0,0,0.156875243013511,0,0,0.359571635723114,0,0.249889525274436,0.236837484894118,0,0.267124720982143,0.335424214601517,0.215595592691779,0,0.185462642494623,0,0,0,0,0,0,0,0.276009747758508,0.288816139101982,0,0,0,0,0,0.193500270776862,0,0,0,0,0,0,0,0,0,0,0,0,0,0,0.331808286905289,0.247998890743716,0,0,0.25824388361683,0,0.221938548121075,0.254810966551304,0.296196684241295
0,0.218069777504834,0,0.287074604416611,0,0.252482126866068,0,0,0,0.265871923116711,0,0,0,0,0,0,0.227589809858217,0.239441261232114,0.230003452995666,0,0,0,0,0,0,0,0,0,0,0,0,0,0,0.256433874368668,0,0.240092761814594,0,0.183930871884028,0,0.281878699849952,0.249889525274436,0,0.205585565575412,0.271797523037954,0,0.226381734428526,0.270455443610748,0.30910955928266,0.247301988303661,0.322004487821484,0,0,0,0,0,0.133886978030205,0,0.308032896119603,0,0,0,0.171858918887598,0.305743333725884,0.252174913883209,0.230167478322983,0.192836657166481,0,0,0,0,0,0,0.212275689933449,0,0,0,0,0,0.321046011816514,0.282155519182032,0.200885767884114,0,0.260589066933253,0,0.281122365533588,0.257781885991431,0.217552280426025
0.259512723787971,0,0.298185275800717,0,0.23722725954591,0,0,0,0.241644969040697,0.155412867665291,0,0,0,0,0,0,0.221081667900085,0.21596759900173,0.2067207634437,0,0,0,0,0,0,0,0.187467657029629,0,0,0,0,0,0,0,0.203925651311874,0,0.225605881639889,0,0.184083584605194,0.248015375807881,0.236837484894118,0.205585565575412,0,0.195386499166489,0.194002179801464,0.23058957606554,0.228517259659044,0.292724484675809,0.312300754597732,0.303234666585922,0,0,0,0,0.215288951992989,0,0.298635165606226,0.236114431172609,0,0,0,0,0.215479299426079,0.253315179585518,0,0,0,0,0,0,0,0,0,0,0,0,0,0.260020345449448,0.267861316601435,0.252839899016916,0,0.223941672061171,0.24341054251078,0,0.276130425468034,0.189230425490273,0.198871606193721
0,0,0,0.278856419026852,0,0,0,0,0,0,0,0,0,0,0,0,0.227019429206848,0.258285215188717,0.222449892888898,0,0,0,0,0,0,0,0.205686643719673,0,0,0,0,0,0,0,0,0.278259962797165,0,0,0,0.33006701553077,0,0.271797523037954,0.195386499166489,0,0,0.243940195689599,0.27952516078949,0,0,0.278809070587158,0,0,0,0,0,0,0,0.414703577756882,0,0,0,0,0.34880468249321,0,0,0,0,0,0,0,0,0,0,0,0,0,0,0,0.33490335325832,0,0,0,0.252539360622565,0,0.310236596514564,0.257870819419622,0
0,0,0,0,0.226349733769894,0,0,0,0,0,0,0,0,0,0,0,0.221264835860994,0.233387631177902,0.202808141708374,0,0,0,0,0,0,0,0,0,0,0,0,0,0,0,0,0,0,0,0,0,0.267124720982143,0,0.194002179801464,0,0,0,0.275434305270513,0,0.282272415028678,0,0,0,0,0,0,0,0,0,0,0,0,0,0,0.270261979103088,0,0,0,0,0,0,0,0,0,0,0,0,0,0,0,0.294680625200272,0,0,0.242799250104211,0,0.25555053850015,0,0
0,0.273536535246032,0,0.203435182571411,0,0.184289386495948,0,0,0,0.232831202447414,0,0,0,0,0,0,0.258216586823647,0.260779602112065,0.298645419241551,0.164887897670269,0,0,0,0,0,0,0,0,0,0,0,0,0,0,0,0.163601866057125,0,0,0,0.192341488329278,0.335424214601517,0.226381734428526,0.23058957606554,0.243940195689599,0,0,0.314322679557584,0,0.241603821516037,0.191591573317727,0,0,0,0,0,0,0,0.233389611463798,0,0,0,0,0.22006579989389,0.296256932119528,0,0,0,0,0,0,0,0,0,0,0,0,0,0,0.217346846163513,0.357587814331055,0,0,0.198654171924631,0,0.20800838848935,0.244431526462237,0
0.318747863173485,0,0.232987871567408,0.33502671122551,0.189354111999273,0,0,0,0.224011961370707,0,0,0,0,0,0,0,0.276950553203969,0.267016079948574,0.304944533264209,0,0.153477306167285,0,0,0,0,0,0.227895453572273,0,0,0,0,0,0,0,0,0,0.159013171460893,0,0.247322559356689,0.308094649630434,0.215595592691779,0.270455443610748,0.228517259659044,0.27952516078949,0.275434305270513,0.314322679557584,0,0,0.212160820664923,0.259441792964935,0,0,0,0,0,0.225171163678169,0.243729878749166,0.301890749484301,0,0,0,0,0,0.234032648756531,0,0,0,0,0,0,0,0,0,0,0,0,0,0,0.327317184209824,0.24747272738468,0,0.29369353396552,0.244086161951688,0,0.2483460748969,0.286951565742493,0.257964853048325
0,0,0,0.24059984087944,0,0,0,0,0,0.193769750495752,0,0,0,0,0,0,0,0,0,0,0,0,0,0.23871864641414,0,0,0,0,0,0,0,0.381706667451855,0.254202336629367,0.2807782388311,0.262320736970648,0.575831713808907,0.440913425531329,0.430367841363571,0.367104666307569,0,0,0.30910955928266,0.292724484675809,0,0,0,0,0,0.306300961183764,0.313210196201137,0,0,0,0,0,0,0,0,0,0,0,0,0.217779293656349,0,0,0,0.270237356424332,0,0,0,0,0,0,0,0.305897226415249,0.258742737883994,0.305843917272248,0.357003164823066,0.375779534220848,0.269257369110497,0.428402407304973,0.390084786149948,0.365787240484909,0,0.370009757091339,0,0
0.149060550291057,0,0.227751151200325,0.23760561645031,0.212104844550292,0.210816264152527,0,0,0.133840138141397,0,0,0,0,0,0,0,0.262724347412586,0,0.216987695131037,0,0,0,0.173426553606987,0,0.168851226568222,0,0,0,0,0,0,0,0,0.364896237850189,0,0,0.185535158623349,0.321443155407906,0.381909435918165,0.232676409184933,0.185462642494623,0.247301988303661,0.312300754597732,0,0.282272415028678,0.241603821516037,0.212160820664923,0.306300961183764,0,0.264049140094858,0,0,0,0,0.140060556883162,0,0.238783193131288,0,0,0,0,0,0.23542845249176,0.217272117295686,0,0.197215473571339,0,0.24295801811275,0,0.182328444719315,0,0,0,0,0,0,0.322294056415558,0.349103391170502,0.232720665633678,0.221563305562505,0.628614962100983,0.274946936358249,0.270891407057514,0,0.24962051891201,0,0.303275739917388
0,0.160265156192336,0,0.18447564716463,0,0.203881745194567,0,0,0,0.163019323932756,0,0,0,0,0,0,0.25250118970871,0.259851381182671,0.224087405434022,0,0,0,0,0.208862841927579,0,0,0,0,0,0,0,0,0,0,0,0.17604648436073,0,0.34281665654868,0,0.183896652376279,0,0.322004487821484,0.303234666585922,0.278809070587158,0,0.191591573317727,0.259441792964935,0.313210196201137,0.264049140094858,0,0,0,0,0,0,0.213427260359551,0,0.224825231497412,0,0,0,0.171707802883736,0.234499789670938,0,0.246000048305307,0,0.223002508839241,0,0.166556223567608,0,0.175110027194023,0,0.212897283690316,0,0,0,0,0,0.207730176720289,0,0.249451098189904,0.616038024425507,0.276677003661049,0,0.235475870687271,0.261016277968883,0
0,0,0.206761706620455,0,0.149400167167187,0,0,0,0,0,0,0,0,0,0,0,0,0,0,0,0,0,0,0,0,0,0,0,0,0,0,0,0,0,0,0,0,0,0,0,0,0,0,0,0,0,0,0,0,0,0,0,0,0,0,0,0.203002954483032,0,0,0,0,0,0,0,0,0,0,0,0,0,0,0,0,0,0,0,0,0,0,0,0,0,0.101768895983696,0,0.195573300123215,0,0
0,0,0,0.211431954056025,0,0.144753154808071,0,0.158640674462444,0,0,0,0,0,0,0,0,0,0,0,0,0,0,0,0,0,0,0,0,0,0,0,0,0,0,0,0,0,0,0,0,0,0,0,0,0,0,0,0,0,0,0,0,0,0.156586377322674,0,0,0,0.208166448972546,0,0.203005604113743,0,0.151630398902026,0,0,0,0,0,0,0,0,0,0,0,0,0,0,0,0,0,0,0,0,0.140210468773198,0,0.250470250844955,0,0
0,0,0,0,0,0,0.147537608021571,0,0,0,0.190255906432867,0,0,0,0,0,0,0,0,0,0,0,0,0,0,0,0,0,0,0,0,0,0,0,0,0,0,0,0,0,0,0,0,0,0,0,0,0,0,0,0,0,0,0,0,0,0.194077157764911,0,0,0,0,0,0,0,0,0,0,0,0,0,0,0,0,0,0,0,0,0,0,0,0,0,0.134695680605041,0,0,0,0
0,0,0,0,0,0.156068054112521,0,0.161155616002853,0,0,0,0,0,0,0,0,0,0,0,0.152808859944344,0,0,0,0,0,0,0,0,0,0,0,0,0,0,0,0,0,0,0,0,0,0,0,0,0,0,0,0,0,0,0,0.156586377322674,0,0,0,0,0,0.167329033603892,0,0.178526726262323,0,0,0.152451023459435,0,0,0,0,0,0,0,0,0,0,0,0,0,0,0,0,0,0,0,0.154343122656041,0.166979830179896,0,0,0
0.176380631902665,0,0.106634112074971,0,0,0,0,0,0.215212835601234,0,0,0,0,0,0.185658824816346,0,0.139082555300914,0.138799202938875,0,0,0,0,0,0,0.19731119616578,0,0.169435178014365,0,0,0,0,0,0,0,0,0,0,0,0.16718138092094,0,0,0,0.215288951992989,0,0,0,0,0,0.140060556883162,0,0,0,0,0,0,0,0,0,0,0,0.206022333304525,0,0,0,0,0,0,0.212085311896763,0,0.173483762991884,0,0,0,0,0,0,0,0,0,0,0,0.222676222283265,0.1632351741979,0,0.180389369678016,0,0
0,0.169008481205652,0,0,0,0.20538030564785,0,0,0,0.232345761617262,0,0,0,0,0,0.196827962241146,0.144549916877791,0.12499348899117,0.167552638798952,0,0,0,0.141699120402336,0.254593649568657,0,0.174394296800218,0.12806835770607,0,0,0,0,0,0,0,0,0,0,0,0,0,0,0.133886978030205,0,0,0,0,0.225171163678169,0,0,0.213427260359551,0,0,0,0,0,0,0,0,0,0,0,0.216162803986063,0,0,0.150617972016335,0,0.273359344029463,0,0.191083884935089,0,0,0,0,0,0,0,0,0,0.267134755849838,0,0.30021740992864,0,0.160623681494745,0,0.208744078271651,0,0
0.27909908692042,0,0.228113002247281,0,0.247566215693951,0,0.162094991121973,0,0,0,0.15644694603245,0,0.12960786150491,0,0,0,0.317839158432824,0.287902012467384,0.350486486405134,0,0.113449259521628,0,0,0,0,0,0,0,0,0,0,0,0,0,0,0,0.136763321808551,0,0.143202528289957,0,0.276009747758508,0,0.298635165606226,0,0,0,0.243729878749166,0,0.238783193131288,0,0.203002954483032,0,0.194077157764911,0,0,0,0,0,0.162175022713516,0,0.111148368567228,0,0,0.254573921206548,0,0,0,0,0,0,0,0.146094620227814,0,0.210436677103335,0,0,0,0,0.340581059455872,0.220114734888815,0,0.142906115581728,0.168912644990366,0.142813156824559,0.307468066833192,0,0.271988769993186
0,0.319332803671177,0,0.239130402724427,0,0.200179193417231,0,0.150399392551702,0,0.244445980741427,0,0.155741954563892,0,0.163645371331109,0,0,0.275602080320057,0.315665284615187,0.324714724784312,0.137383257558981,0,0,0,0,0,0,0,0.138943336076207,0,0.152073652728608,0,0,0,0,0,0.144058985946079,0,0.132249809838012,0,0.252224102111186,0.288816139101982,0.308032896119603,0.236114431172609,0.414703577756882,0,0.233389611463798,0.301890749484301,0,0,0.224825231497412,0,0.208166448972546,0,0.167329033603892,0,0,0,0,0,0.168116132041714,0,0,0.236956423310897,0,0,0,0,0,0,0,0.135877068553652,0,0.212620651752678,0,0,0,0,0,0.232680461914451,0.351181974013646,0.13433492225779,0,0.203940639178259,0.145417476170941,0.259596705949118,0.30387833075864,0
0,0,0,0,0,0,0.170948833227158,0,0,0,0.154757629238252,0,0.140788912744695,0,0.140202017767089,0,0,0,0,0,0,0,0,0,0,0,0,0,0,0,0,0,0,0,0,0,0,0,0,0,0,0,0,0,0,0,0,0,0,0,0,0,0,0,0,0,0.162175022713516,0,0,0,0.11645045503974,0,0,0,0,0,0,0,0,0,0,0.125434346497059,0,0,0,0,0,0,0,0,0,0,0.139173535532073,0,0,0,0
0,0,0,0,0,0.161246920625369,0,0.178263653754653,0,0,0,0.158522941480423,0,0.150163836944053,0,0,0,0.135499406605959,0,0,0,0,0,0,0,0.128117035143077,0,0.159167049443576,0,0.173339176509115,0,0,0,0,0,0,0,0,0,0,0,0,0,0,0,0,0,0,0,0,0,0.203005604113743,0,0.178526726262323,0,0,0,0.168116132041714,0,0,0,0,0,0,0,0,0,0,0,0,0.148364931344986,0,0,0,0,0,0,0,0,0,0,0,0.156046120959787,0.147059592490013,0,0,0
0.160321808648559,0,0.106064453721046,0,0.138127371668816,0,0,0,0.162064180132889,0,0,0,0,0,0.142822252655471,0,0,0,0,0,0,0,0,0,0,0,0,0,0,0,0,0,0,0,0,0,0,0,0,0,0,0,0,0,0,0,0,0,0,0,0,0,0,0,0.206022333304525,0,0.111148368567228,0,0.11645045503974,0,0,0,0,0,0,0,0,0,0,0.154962748289108,0,0,0,0,0,0,0,0,0,0,0,0,0.117235927532117,0,0.129298493266106,0,0
0,0.18972764143916,0,0,0,0.147378765874439,0,0,0,0.169190430619682,0,0,0,0.129673379841897,0,0.156627137490203,0.134278982877731,0.166860096694016,0.126528605818748,0,0,0,0,0.172911696135998,0,0.164531491696835,0,0.139633419613043,0,0,0,0,0,0,0,0,0,0.214641869068146,0,0,0,0.171858918887598,0,0,0,0,0,0,0,0.171707802883736,0,0.151630398902026,0,0,0,0.216162803986063,0,0,0,0,0,0,0,0,0,0,0.192506078719383,0,0.146688282489777,0,0,0,0,0,0,0,0,0,0,0,0.230319239199162,0,0.156782565230119,0.163933753967285,0.171601000207442,0,0
0,0,0,0.202550268007649,0,0.173463631243933,0,0.135249350119281,0,0,0,0.129908923756949,0,0,0,0,0.314945310354233,0.287381773814559,0.312741154321918,0.161449622500486,0,0,0,0,0,0,0,0,0,0,0,0,0,0,0,0.160438478604626,0,0.162055414144157,0,0.241475807451126,0,0.305743333725884,0.215479299426079,0.34880468249321,0,0.22006579989389,0,0.217779293656349,0.23542845249176,0.234499789670938,0,0,0,0.152451023459435,0,0,0,0.236956423310897,0,0,0,0,0,0,0,0,0,0,0,0,0,0,0,0,0,0,0,0,0.196592771728373,0,0.156823982693711,0,0.158301877912292,0,0.252830977149892,0.29801868647337,0
0,0,0.237614536986632,0,0.19335902399487,0,0,0,0.17351821064949,0,0.11500652307947,0,0,0,0,0,0.285593088561048,0.276321021573884,0.304629665256467,0,0.179572092561151,0,0,0,0,0,0,0,0,0,0,0,0,0,0,0,0.155101889072932,0,0.185452406055161,0,0.193500270776862,0.252174913883209,0.253315179585518,0,0.270261979103088,0.296256932119528,0.234032648756531,0,0.217272117295686,0,0,0,0,0,0,0,0.254573921206548,0,0,0,0,0,0,0,0,0,0,0,0,0,0,0,0,0,0,0,0,0,0.31254705786705,0.239690627161286,0,0.210157525326524,0.222669770920965,0,0.26114623176282,0.31406843662262,0.277203475435575
0,0,0,0,0,0,0,0,0,0,0,0,0,0,0,0,0.136509597301483,0.13616379857834,0.222773566842079,0,0,0.138462854367499,0.106668080582663,0.0878791622817516,0,0.132869984312304,0,0.137238192409277,0,0,0,0,0,0,0,0,0,0.174777108737651,0.13223822414875,0,0,0.230167478322983,0,0,0,0,0,0,0,0.246000048305307,0,0,0,0,0,0.150617972016335,0,0,0,0,0,0,0,0,0,0.109446942806244,0.202518600566934,0,0.232447854316294,0,0.219837348174332,0,0,0,0,0,0.146642822772264,0,0,0,0.199823536604643,0,0.108670129824211,0,0,0,0
0,0,0,0,0,0,0,0,0,0,0,0,0,0,0,0,0.123322635550391,0.135474222712219,0.251696735620499,0,0,0.112911792028518,0.14304134009522,0,0.179292301996611,0,0.138426941388579,0,0.13568264566935,0,0,0,0,0,0,0,0,0,0.137077003127277,0,0,0.192836657166481,0,0,0,0,0,0,0.197215473571339,0,0,0,0,0,0,0,0,0,0,0,0,0,0,0,0.109446942806244,0,0,0.198274970146761,0,0.231175429054669,0,0.162660320395047,0,0,0,0,0,0,0,0,0,0.15004293700772,0.116964373468738,0,0,0,0
0,0.18833275319952,0,0,0,0,0,0,0,0.229966580867767,0,0,0,0,0,0,0,0,0,0,0,0.127046897625312,0,0.176113888009715,0,0.152134811239583,0,0,0,0,0,0,0,0.217549416422844,0,0,0,0.223278733542858,0,0,0,0,0,0,0,0,0,0.270237356424332,0,0.223002508839241,0,0,0,0,0,0.273359344029463,0,0,0,0,0,0.192506078719383,0,0,0.202518600566934,0,0,0,0.192922079528885,0,0,0,0,0,0,0,0,0,0,0,0.27517986706959,0,0.160512171685696,0,0.242526682151208,0,0
0.206344023346901,0,0,0,0,0,0,0,0.186199183265368,0,0,0,0,0,0,0,0,0,0,0,0,0,0.133777617318937,0,0.140778024518094,0,0.181237071752548,0,0,0,0,0,0,0,0,0,0,0,0.240135422746917,0,0,0,0,0,0,0,0,0,0.24295801811275,0,0,0,0,0,0.212085311896763,0,0,0,0,0,0,0,0,0,0,0.198274970146761,0,0,0,0.168018329143524,0,0,0,0,0,0,0,0,0,0,0,0.258603610239627,0.127813010343484,0,0.198024634116331,0,0
0,0.201716171843665,0,0,0,0,0,0,0,0,0,0,0,0,0,0.148551866412163,0.141556829214096,0.147599149743716,0,0,0,0.129969737229821,0,0.155075922129898,0,0.157307211568372,0,0.148895418643951,0,0,0,0,0,0,0,0,0,0,0,0,0,0,0,0,0,0,0,0,0,0.166556223567608,0,0,0,0,0,0.191083884935089,0,0,0,0,0,0.146688282489777,0,0,0.232447854316294,0,0.192922079528885,0,0,0,0.104498205608443,0,0,0,0,0,0,0,0,0,0,0,0.149892933252785,0,0.195254812637965,0,0
0,0,0,0,0,0,0,0,0.163708821799617,0,0,0,0,0,0.14156887712686,0,0.155957045033574,0.133719965815544,0,0,0,0,0.16355439722538,0,0.155218542118867,0,0.131327869251687,0,0.13980826921761,0,0,0,0,0,0,0,0,0,0,0,0,0,0,0,0,0,0,0,0.182328444719315,0,0,0,0,0,0.173483762991884,0,0,0,0,0,0.154962748289108,0,0,0,0,0.231175429054669,0,0.168018329143524,0,0,0,0.2379698432091,0,0,0,0,0,0,0,0,0,0,0.169737830758095,0,0,0,0
0,0,0,0,0,0,0,0,0,0,0,0.139443971894004,0,0.158493315180143,0,0,0,0.148182985911498,0,0,0,0.126379212646773,0,0,0,0.154989553658768,0,0.144595323379971,0,0.141855362211428,0,0,0,0,0,0,0,0.157570853776543,0,0,0,0,0,0,0,0,0,0,0,0.175110027194023,0,0,0,0,0,0,0,0.135877068553652,0,0.148364931344986,0,0,0,0,0.219837348174332,0,0,0,0.104498205608443,0,0,0,0.152753879626592,0,0,0,0,0,0,0,0.158921114875517,0,0.157948538873877,0.132001473382115,0,0,0
0,0,0,0,0,0,0,0,0,0,0.15695579188901,0,0,0,0,0,0,0,0,0,0,0,0.141885133832693,0,0,0,0,0,0.141954819820508,0,0.137538662978581,0,0,0,0,0,0,0,0.152041168883443,0,0,0,0,0,0,0,0,0,0,0,0,0,0,0,0,0,0.146094620227814,0,0.125434346497059,0,0,0,0,0,0,0.162660320395047,0,0,0,0.2379698432091,0,0,0,0.146826547328275,0,0,0,0,0,0,0,0.184142230353308,0,0,0,0,0
0,0,0,0,0,0,0,0,0,0,0,0.147539163629214,0,0,0,0,0,0,0,0,0,0,0,0,0,0,0,0.173309084188055,0,0.159217784051285,0,0,0,0,0,0,0,0.136689114008899,0,0,0,0.212275689933449,0,0,0,0,0,0,0,0.212897283690316,0,0,0,0,0,0,0,0.212620651752678,0,0,0,0,0,0,0,0,0,0,0,0,0.152753879626592,0,0,0,0,0,0,0,0,0,0.18783317630905,0,0.124062188336107,0.118507146835327,0.19562081650237,0,0
0,0,0,0,0,0,0,0,0,0,0.155385296344757,0,0,0,0,0,0,0,0,0,0,0,0,0,0,0,0,0,0.126387836059203,0,0.133048142339637,0,0,0,0,0,0,0,0.144087043176427,0,0,0,0,0,0,0,0,0,0,0,0,0,0,0,0,0,0.210436677103335,0,0,0,0,0,0,0,0,0,0,0,0,0,0,0.146826547328275,0,0,0,0,0,0,0,0,0,0.140521724190977,0.132386644780636,0,0,0,0
0,0,0,0,0,0,0,0,0,0,0,0,0,0,0,0,0,0,0,0,0,0,0,0,0,0,0,0,0,0,0,0.263375458605861,0.216712498755166,0.219052179970525,0,0.176487157138928,0.302052320802913,0,0,0,0,0,0,0,0,0,0,0.305897226415249,0,0,0,0,0,0,0,0,0,0,0,0,0,0,0,0,0,0,0,0,0,0,0,0,0,0,0,0.204266172434602,0.280186893898991,0,0.247709370380448,0,0,0,0.19360866535593,0,0,0,0
0,0,0,0,0,0,0,0,0,0,0,0,0,0,0,0,0,0,0,0,0,0,0,0,0,0,0,0,0,0,0,0.163595165571441,0.154013620900739,0.166078560054302,0,0,0.155228662645758,0,0,0,0,0,0,0,0,0,0,0.258742737883994,0,0,0,0,0,0,0,0,0,0,0,0,0,0,0,0,0,0,0,0,0,0,0,0,0,0,0.204266172434602,0,0,0.230402119316661,0,0.256176545004016,0,0,0.125140937615414,0,0,0,0
0,0,0,0,0,0,0,0,0,0,0,0,0,0,0,0,0,0,0,0,0,0.153288350751003,0,0,0,0,0,0,0,0,0,0.208378628007512,0.314196467399597,0.20107254042726,0.184675275295211,0.146177378206542,0,0.183799256962173,0.162144786207983,0,0,0,0,0,0,0,0,0.305843917272248,0.322294056415558,0,0,0,0,0,0,0,0,0,0,0,0,0,0,0,0.146642822772264,0,0,0,0,0,0,0,0,0,0.280186893898991,0,0,0.176007187702286,0.151022430276498,0,0.219275827188108,0.330815613269806,0.166394962987397,0,0.260849684476852,0,0
0,0,0,0,0,0,0,0,0,0,0,0,0,0,0,0,0,0,0,0,0,0,0,0,0,0,0,0,0,0,0,0.150111592241696,0.179193404316902,0.189387842705942,0.172646825295181,0,0.159536229833117,0,0.237016918269232,0,0,0,0.260020345449448,0,0,0,0,0.357003164823066,0.349103391170502,0,0,0,0,0,0,0,0,0,0,0,0,0,0,0,0,0,0,0,0,0,0,0,0,0,0,0.230402119316661,0.176007187702286,0,0,0.166067234250937,0,0.277537900446491,0.170733279253016,0,0.261048011481762,0,0
0,0.288754535838962,0,0.203964226088434,0,0.221845930442214,0,0,0.275873571634293,0.299237092137337,0,0.139819027936977,0,0,0,0,0.274739827101047,0.298724277432148,0.339517493435808,0.147157635502886,0,0,0,0,0,0,0,0,0,0,0,0.252037103890702,0.196732345223427,0.151934597896529,0,0.160410392874878,0.164072752059068,0.155438741815351,0,0.219821448110511,0.331808286905289,0.321046011816514,0.267861316601435,0.33490335325832,0,0.217346846163513,0.327317184209824,0.375779534220848,0.232720665633678,0.207730176720289,0,0,0,0,0,0.267134755849838,0.340581059455872,0.232680461914451,0,0,0,0,0.196592771728373,0.31254705786705,0,0,0,0,0,0,0,0,0,0,0.247709370380448,0,0.151022430276498,0,0,0.274806071914011,0.183435951454413,0,0.192982903315773,0.105221517384052,0.26115528690815,0.288027130564054,0.296906262636185
0,0,0.249243538361043,0,0.241497103869915,0,0,0,0.276418426457573,0.226372420787811,0.136953291319283,0,0,0,0,0,0.301301030616323,0.304285606006523,0.357308043355352,0,0.142699232386858,0,0,0,0,0,0,0,0,0,0,0,0.163556202202004,0,0.153557682843769,0.12986885887735,0.160211710049796,0.132683070642608,0.159061307954173,0.33326788778816,0.247998890743716,0.282155519182032,0.252839899016916,0,0.294680625200272,0.357587814331055,0.24747272738468,0.269257369110497,0.221563305562505,0,0,0,0,0,0,0,0.220114734888815,0.351181974013646,0,0,0,0,0,0.239690627161286,0,0,0,0,0,0,0,0,0,0,0,0.256176545004016,0,0.166067234250937,0.274806071914011,0,0,0.18906382046173,0.180412373916382,0.139758100415148,0.257744378070042,0.242501422762871,0.275545231997967
0,0,0,0,0,0,0,0,0,0.204623130511264,0,0.1416400881754,0,0,0,0,0,0,0,0.13955378330916,0,0.142255844210336,0,0.149484140330807,0,0,0,0.184563719211741,0,0.148078017712881,0,0,0,0.259629820012129,0.202397689223289,0.152551302905468,0,0.182299187314021,0.217909651568958,0.178765575091044,0,0.200885767884114,0,0,0,0,0,0.428402407304973,0.628614962100983,0.249451098189904,0,0,0,0,0,0.30021740992864,0,0.13433492225779,0,0,0,0.230319239199162,0.156823982693711,0,0.199823536604643,0,0.27517986706959,0,0,0,0.158921114875517,0,0.18783317630905,0,0,0,0.219275827188108,0,0.183435951454413,0,0,0.370587050914764,0.158857747281212,0,0.250781590002589,0,0
0,0,0,0,0,0,0,0,0,0,0.145374155601927,0,0,0,0,0,0,0,0,0,0.1423112069783,0.143145049611727,0.141144216556925,0,0.14952088025908,0,0,0,0.1377371000126,0,0.158740566208758,0,0,0.204787995107472,0.319769077435616,0,0.156857741818036,0.181292223632336,0.179799134857044,0,0,0,0.223941672061171,0,0,0,0.29369353396552,0.390084786149948,0.274946936358249,0.616038024425507,0,0,0,0,0.222676222283265,0,0.142906115581728,0,0,0,0,0,0,0.210157525326524,0,0.15004293700772,0,0.258603610239627,0,0,0,0.184142230353308,0,0.140521724190977,0,0,0.330815613269806,0.277537900446491,0,0.18906382046173,0.370587050914764,0,0.218458467507481,0.143116984214332,0.372456126503254,0,0
