0,0,13.9116941690445,0,0,0,0,0,5.17915978537665,0,0,0,0,0,0,0,37.730593919754,0,21.7502426667647,0,0,0,0,0,0,0,0,0,0,0,0,0,0,0,0,109.50855255127,47.1936564127604,0,0,0,33.1787274678548,0,20.581766568452,0,0,0,54.701732635498,0,8.51993136787415,0,32.1964797973633,0,0,0,3.48572405718141,0,19.7974283430311,0,16.7643604278564,0,11.8162326812744,0,0,26.2370921543666,0,0,0,0,0,0,0,27.7984275817871,0,24.4848800046103,0,0,0,0,0,35.7059227515911,0,26.3865692832253,25.3361912107134,0,12.5473589393961,0,11.9944305419922
0,0,0,11.4963201323708,0,0,0,0,0,10.5443032463317,0,0,0,0,0,3.68635202742912,60.0773536137172,46.4565448760986,28.336213473856,29.432731628418,0,0,0,0,0,0,0,0,0,0,0,0,0,0,0,47.2587670020337,47.112979888916,20.0114718783985,0,35.2200844504616,63.7092170715332,19.653468374222,43.2369718551636,30.2348551750183,0,27.5362736417892,47.8178681267632,0,0,10.106428024359,0,0,0,0,0,13.6603488922119,54.5227432250977,17.7807234764099,0,0,0,5.47592748222929,25.0576184590658,0,0,0,21.7337832450867,0,8.00393473035921,0,0,0,23.9616129412973,0,0,0,0,0,45.0243238270712,69.7046852111816,30.0087430915054,0,16.6329525206738,24.5021237998173,16.871281028419,51.4788249969482,0
13.9116941690445,0,0,0,8.55117820982901,0,0,0,5.54052575026886,0,0,0,0,0,0,0,49.2605895996094,76.9359397888184,24.7721652984619,0,8.11003804206848,0,0,0,0,0,0,0,0,0,0,0,0,0,0,63.0201117197673,34.0486840475173,0,0,0,36.5929526251716,0,26.6737495258356,0,26.4356867472331,29.4388256072998,20.7097840219174,0,7.26486012874505,0,5.99397252034558,0,0,0,4.85198153436711,0,18.8090038026214,0,5.6294594025344,0,3.42275673692877,0,0,25.5479634602865,0,0,0,0,0,0,0,27.087610244751,0,29.1400522344253,0,0,0,0,40.9886083602905,32.6591397996933,0,27.7284787495931,18.0830835936076,0,21.161373638907,0,20.390114068985
0,11.4963201323708,0,0,0,4.53900294558386,0,0,0,6.33559363182277,0,0,0,0,0,3.85495229562124,42.6236042022705,53.3595294952393,36.6190842884343,8.73888136179019,0,0,0,0,0,0,0,0,0,0,0,0,0,0,0,32.8882613842304,87.9093780517578,0,0,34.6231799806867,56.3487358093262,35.4519517229749,30.1166439056396,24.1523740474994,34.0598630905151,20.2227137498958,52.1466684341431,0,0,20.5643937883124,0,4.59290806146768,0,0,0,4.5825805445792,0,24.6818628311157,0,0,0,5.86442644487728,17.9823533874197,0,0,0,0,0,0,0,0,0,27.6251174677973,0,0,0,0,0,30.2331540322566,56.1555576324463,33.1212892179136,0,15.0201347070668,21.6102703820288,22.1046776250351,37.654655456543,0
0,0,8.55117820982901,0,0,0,0,0,3.16286373138428,0,0,0,0,0,0,0,0,0,0,0,0,0,0,0,0,0,0,0,0,0,0,0,0,0,0,0,27.0816048853325,0,0,0,44.7224416732788,0,35.4017429351807,0,0,0,37.981974919637,0,13.6550264358521,0,6.43348334100511,0,0,0,7.61035520380194,0,5.89463839793609,0,9.97741568789763,0,5.10518226623535,0,0,0,0,0,0,0,0,0,0,0,0,53.2661674499512,0,0,0,0,48.2228355407715,74.415641784668,0,0,8.99865120173407,16.937475239789,17.5269083343446,0,0
0,0,0,4.53900294558386,0,0,0,4.91475595179058,0,6.12671232223511,0,0,0,0,0,3.03471913337708,0,0,0,0,0,0,0,0,0,0,0,0,0,0,0,0,0,0,0,12.6069798278809,0,0,0,0,0,0,0,0,0,0,0,0,0,0,0,4.22417063000558,0,4.13715215351271,0,5.19728748003642,0,6.07405757904053,0,4.42873649597168,0,5.35437501393832,0,0,0,0,0,0,0,0,0,0,0,0,0,0,0,0,12.3458136558533,0,0,0,8.35940395014112,18.6975973957463,3.99967511494954,0,0
0,0,0,0,0,0,0,0,0,0,2.98560396484707,0,3.96220421791077,0,0,0,0,0,0,0,0,0,0,0,0,0,0,0,0,0,0,0,0,0,0,0,0,0,0,0,0,0,0,0,0,0,0,0,0,0,0,0,3.26653491883051,0,0,0,4.10284231174951,0,3.65358573198318,0,0,0,0,0,0,0,0,0,0,0,0,0,0,0,0,0,0,0,0,0,0,0,2.89611767379331,0,0,0,0
0,0,0,0,0,4.91475595179058,0,0,0,0,0,0,0,0,0,0,0,0,0,0,0,0,0,0,0,0,0,0,0,0,0,0,0,0,0,5.38869238259657,0,0,0,0,0,0,0,0,0,0,0,0,0,0,0,5.97076704922844,0,3.03673646029304,0,0,0,2.74573516845703,0,3.56491699925175,0,0,0,0,0,0,0,0,0,0,0,0,0,0,0,0,0,0,4.86658050616582,0,0,0,3.49496740920871,3.065414249897,0,0,0
5.17915978537665,0,5.54052575026886,0,3.16286373138428,0,0,0,0,0,0,0,0,0,3.73402966393365,0,0,0,31.7518113454183,0,0,0,0,0,5.91841554641724,0,0,0,0,0,0,0,0,0,0,0,49.7925672531128,0,10.3427567141397,0,0,0,16.1283448036403,0,0,0,43.317813873291,0,10.2652547295029,0,0,0,0,0,6.43576989240117,0,21.0844874131052,0,25.1756160259247,0,2.95516753196716,0,0,39.8676910400391,0,0,0,5.79095061701171,0,7.18372535705566,0,0,0,23.5412437438965,0,0,0,0,0,45.1915321350098,0,10.32127899783,5.7362637707779,5.75333197831142,8.17962311142252,0,5.22889837026596
0,10.5443032463317,0,6.33559363182277,0,6.12671232223511,0,0,0,0,0,0,0,0,0,5.80132362036638,56.8008880615234,15.0135950909721,16.8390209732986,0,0,0,0,6.82815712257668,0,0,0,0,0,0,0,0,0,0,0,62.2799816131592,0,6.80022285437451,0,56.2991714477539,0,23.5786050481999,38.9977798461914,32.3958552224295,59.2396240234375,42.9762859344482,54.158024597168,0,0,19.3867692500353,0,0,0,0,0,4.94865844052662,0,0,0,0,0,7.52126923233572,37.7627239227295,0,0,0,6.84102583665114,0,0,0,0,0,28.2430564761162,0,0,0,0,0,61.3470425075955,73.3814315795898,7.43434538512394,0,9.17469739372519,21.3249595660084,21.8190142220464,32.5016136169434,0
0,0,0,0,0,0,2.98560396484707,0,0,0,0,0,3.10041308403015,0,0,0,0,0,0,0,3.49443639119466,0,0,0,0,0,0,0,0,0,3.31825117503895,0,0,0,0,0,4.07022833327452,0,3.97122105257011,0,0,0,0,0,0,0,0,0,0,0,0,0,0,0,0,0,6.13675660479425,0,2.88429990853413,0,0,0,0,8.07991062402725,0,0,0,0,0,0,0,0,0,0,0,0,0,0,0,5.55640172958374,0,0,3.03849027383895,2.76665761470795,18.3088684082031,0,0
0,0,0,0,0,0,0,0,0,0,0,0,0,4.53053281643811,0,0,0,0,0,4.45921216465178,0,0,0,0,0,0,0,0,0,0,0,0,0,0,0,5.43523076794766,0,4.00395977955598,0,0,0,0,0,0,0,29.5110721588135,0,0,0,0,0,0,0,0,0,0,0,5.62700646047558,0,8.17828686051554,0,0,4.25072697798411,0,0,0,0,0,0,0,0,0,4.03200329763767,0,0,0,0,0,9.56723869356335,0,11.1792114169509,0,4.53345850709791,3.3113876670599,7.15868077278137,0,0
0,0,0,0,0,0,3.96220421791077,0,0,0,3.10041308403015,0,0,0,0,0,0,0,0,0,0,0,0,0,0,0,0,0,0,0,0,0,0,0,0,0,0,0,0,0,0,0,0,0,0,0,0,0,0,0,0,0,0,0,0,0,3.77914438528173,0,3.49643615313939,0,0,0,0,0,0,0,0,0,0,0,0,0,0,0,0,0,0,0,0,0,0,0,2.90785586833954,0,0,0,0
0,0,0,0,0,0,0,0,0,0,0,4.53053281643811,0,0,0,0,0,5.69794893264771,0,0,0,0,0,0,0,0,0,3.18417382240295,0,0,0,0,0,0,0,0,0,0,0,0,0,0,0,0,0,0,0,0,0,0,0,0,0,3.84129924040574,0,0,0,7.09473606003655,0,3.76521912773658,0,0,0,0,0,0,0,0,0,0,3.08766004443169,0,0,0,0,0,0,0,0,0,0,0,3.04265946149826,3.03964826038906,0,0,0
0,0,0,0,0,0,0,0,3.73402966393365,0,0,0,0,0,0,0,0,0,0,0,0,0,0,0,0,0,0,0,0,0,0,0,0,0,0,0,0,0,0,0,0,0,0,0,0,0,0,0,0,0,0,0,0,0,0,0,0,0,3.16431617736816,0,3.8144695558046,0,0,0,0,0,0,0,0,0,0,0,0,0,0,0,0,0,0,0,0,0,3.14598822593689,3.28369514465332,0,0,0
0,3.68635202742912,0,3.85495229562124,0,3.03471913337708,0,0,0,5.80132362036638,0,0,0,0,0,0,0,6.60281222207206,0,0,0,0,0,14.1090838853703,0,8.38592720031738,0,0,0,0,0,0,0,0,0,0,0,0,0,0,0,0,0,0,0,0,0,0,0,3.66787909232464,0,3.05645662546158,0,0,0,7.89140554878609,0,3.47097633503101,0,3.61853090922038,0,3.85020517412558,0,0,0,0,15.9444761276245,0,6.41576945781708,0,0,0,28.5509281158447,0,0,0,0,0,0,0,0,0,5.21284544006471,6.28942125074325,14.7655019760132,0,0
37.730593919754,60.0773536137172,49.2605895996094,42.6236042022705,0,0,0,0,0,56.8008880615234,0,0,0,0,0,0,0,27.4741664572111,24.6241374713961,0,0,0,15.8274337523147,0,12.8662206653491,0,8.81735397315063,0,0,0,0,0,0,0,68.4244995117188,89.4673656757061,77.2608805789223,0,0,75.5771157400949,58.9077096950788,62.2454154070686,39.7308677332742,47.870557308197,38.9341972412602,61.9091981283509,48.3410563846487,0,48.6381702423096,98.2021980285645,0,0,0,0,0,0,49.2687027972677,0,0,0,0,0,68.2599878311157,57.840941292899,0,0,0,0,0,0,0,0,0,49.0742118100086,0,0,0,0,75.2049586667216,60.7317578092267,63.5873002139005,60.309475962321,15.3903033603321,14.1951081695327,50.0739222418563,71.6689119338989,39.3628627336942
0,46.4565448760986,76.9359397888184,53.3595294952393,0,0,0,0,0,15.0135950909721,0,0,0,5.69794893264771,0,6.60281222207206,27.4741664572111,0,22.0550488502071,0,0,3.53190304624273,46.7639080047607,4.82960552435655,31.3359871970283,3.07039670977328,32.7213750566755,5.31498418535505,0,0,0,0,0,0,0,83.7639402859453,99.6042077415868,0,0,67.4399194388554,82.5517604662025,59.040320332845,66.7807635645713,42.9924762676924,53.1181471451469,55.9767866163282,71.5349594552176,0,46.8211288452148,77.0366888046265,0,0,0,0,0,4.81817844935826,74.5712116786412,0,0,0,0,0,61.2141063690186,83.1481025695801,0,0,6.47575505574544,0,0,0,0,0,72.7416364881727,79.1926596792121,0,0,0,0,73.2915305331409,84.52836687738,67.9787294864655,81.0661163330078,12.0642219498785,6.01097854501323,64.8715044901921,48.708656416999,69.3300113677979
21.7502426667647,28.336213473856,24.7721652984619,36.6190842884343,0,0,0,0,31.7518113454183,16.8390209732986,0,0,0,0,0,0,24.6241374713961,22.0550488502071,0,0,0,0,41.5974186791314,0,28.8323056697845,0,38.0393743515015,0,0,0,0,0,0,0,0,61.3911653822458,61.2945731856258,66.4702816009521,0,39.081135090743,39.6233989143131,22.7043204672056,20.8298681906633,22.5363213180156,17.6487349234714,36.9930530792299,35.8397737918543,0,20.5614344927729,32.5184642019726,0,0,0,0,0,24.7172702153524,41.1222782578579,22.3672485351562,0,0,0,35.2009002685547,45.6219153308228,43.3241925239563,0,0,0,0,0,0,0,0,29.7978593639861,44.7245903015137,0,0,0,0,52.1742543356759,50.8191160757955,42.7260243849321,49.330869332338,21.1254552478041,34.7049273384942,31.0846754719436,16.5572089665453,23.9235276969331
0,29.432731628418,0,8.73888136179019,0,0,0,0,0,0,0,4.45921216465178,0,0,0,0,0,0,0,0,0,0,0,0,0,0,0,0,0,0,0,0,0,0,0,9.62842085139822,0,3.36581274195834,0,8.63287830352783,0,39.951810836792,0,0,0,10.8881248210339,0,0,0,20.7512766122818,0,0,0,0,0,0,0,9.50812368392944,0,0,0,0,4.95675588831322,0,0,0,0,0,0,0,0,0,38.7620811462402,0,0,0,0,0,12.6075141491121,0,16.0055609632421,0,4.91737951134606,0,7.89000387110953,0,0
0,0,8.11003804206848,0,0,0,0,0,0,0,3.49443639119466,0,0,0,0,0,0,0,0,0,0,0,0,0,0,0,0,0,0,0,0,0,0,0,0,0,4.85042615719255,0,2.74342465400696,0,0,0,37.2334887186686,0,0,0,20.0446336452778,0,0,0,0,0,0,0,0,0,6.23355749007818,0,20.4177093505859,0,0,0,0,4.46263455020954,0,0,0,0,0,0,0,0,0,24.884064912796,0,0,0,0,0,6.85045808141682,0,5.25084015846252,4.45012841809471,0,7.04407349345523,0,0
0,0,0,0,0,0,0,0,0,0,0,0,0,0,0,0,0,3.53190304624273,0,0,0,0,3.04689642867526,9.87201462293926,0,5.47250852584839,0,3.0973921472376,0,0,0,0,0,0,0,0,0,6.38107988369063,11.7262396812439,0,0,0,0,0,0,0,0,0,0,5.02400314807892,0,0,0,0,0,0,0,0,0,0,0,0,0,0,4.9304658415556,0,8.11311268806458,0,5.51337813138962,0,3.20936379225358,0,0,0,0,0,0,0,0,0,8.01861504596372,0,4.53945013779673,3.49952032064137,8.64187717437744,0,0
0,0,0,0,0,0,0,0,0,0,0,0,0,0,0,0,15.8274337523147,46.7639080047607,41.5974186791314,0,0,3.04689642867526,0,0,4.3638618553386,0,3.8365233576575,0,3.88559831619263,0,0,0,0,0,0,97.9551315307617,0,0,3.65429181517842,0,0,0,0,0,0,101.271575927734,67.7641067504883,0,4.38727523439071,0,0,0,0,0,0,0,0,0,0,0,0,0,0,0,4.59882084528605,4.807031794588,0,3.16034507751465,0,0,0,2.84528291225433,0,0,0,0,0,0,0,0,0,5.02164844249157,5.46966784984911,0,64.23974609375,0,0
0,0,0,0,0,0,0,0,0,6.82815712257668,0,0,0,0,0,14.1090838853703,0,4.82960552435655,0,0,0,9.87201462293926,0,0,0,3.65136030426732,0,0,0,0,0,0,0,0,0,0,0,5.35216998001272,0,0,0,14.0899314880371,0,0,0,0,0,0,0,6.02167057991028,0,0,0,0,0,4.22778601659818,0,0,0,0,0,14.3429268943636,0,0,5.71636847654978,0,3.64410529896398,0,4.31998745600383,0,0,0,0,0,0,0,0,0,0,0,6.38450530016864,0,4.35225013017654,0,7.14287586800464,0,0
0,0,0,0,0,0,0,0,5.91841554641724,0,0,0,0,0,0,0,12.8662206653491,31.3359871970283,28.8323056697845,0,0,0,4.3638618553386,0,0,0,5.82674164038438,0,0,0,0,0,0,0,0,0,0,0,4.72474460510107,0,0,0,17.8451792977073,0,0,0,0,0,8.11994754191902,0,0,0,0,0,3.48546934127808,0,0,0,0,0,0,0,0,0,0,4.2239031791687,0,4.1924422173726,0,0,0,0,0,0,0,0,0,0,0,0,0,3.73705131867353,5.66191577516644,0,7.38295834921719,0,0
0,0,0,0,0,0,0,0,0,0,0,0,0,0,0,8.38592720031738,0,3.07039670977328,0,0,0,5.47250852584839,0,3.65136030426732,0,0,0,0,0,0,0,0,0,0,0,0,0,0,0,0,0,0,0,0,0,0,0,0,0,0,0,0,0,0,0,0,0,0,0,0,0,6.87860401237712,0,0,8.27247384983019,0,4.29130063692729,0,4.12847346067429,0,0,0,0,0,0,0,0,0,0,0,0,0,2.75851237773895,0,0,0,0
0,0,0,0,0,0,0,0,0,0,0,0,0,0,0,0,8.81735397315063,32.7213750566755,38.0393743515015,0,0,0,3.8365233576575,0,5.82674164038438,0,0,0,0,0,0,0,0,0,0,0,0,0,0,0,0,0,0,0,0,0,0,0,0,0,0,0,0,0,0,0,0,0,0,0,0,0,0,0,0,0,0,0,0,2.95500433643659,0,0,0,0,0,0,0,0,0,0,0,0,6.44941483815511,0,64.808780670166,0,0
0,0,0,0,0,0,0,0,0,0,0,0,0,3.18417382240295,0,0,0,5.31498418535505,0,0,0,3.0973921472376,0,0,0,0,0,0,0,2.91562871839486,0,0,0,0,0,0,0,2.84599447250366,0,0,0,0,0,0,0,0,0,0,0,0,0,0,0,0,0,0,0,0,0,2.95336937904358,0,0,0,0,3.84295087958139,0,0,0,0,0,3.42814797443161,0,2.9478462934494,0,0,0,0,0,0,0,3.07618207590921,0,3.80474331162193,3.05705412951383,0,0,0
0,0,0,0,0,0,0,0,0,0,0,0,0,0,0,0,0,0,0,0,0,0,3.88559831619263,0,0,0,0,0,0,0,0,0,0,0,0,0,0,0,2.85817539691925,0,0,0,0,0,0,0,0,0,0,0,0,0,0,0,0,0,0,0,0,0,0,0,0,0,0,2.9643988609314,0,0,0,0,0,3.42161268514136,0,3.4453409576416,0,0,0,0,0,0,0,4.34217900925494,2.9886888133155,0,0,0,0
0,0,0,0,0,0,0,0,0,0,0,0,0,0,0,0,0,0,0,0,0,0,0,0,0,0,0,2.91562871839486,0,0,0,0,0,0,0,0,0,2.95340418815613,0,0,0,0,0,0,0,0,0,0,0,0,0,0,0,0,0,0,0,0,0,0,0,0,0,0,0,0,0,0,0,0,5.2725350856781,0,5.95494671696845,0,0,0,0,0,0,0,6.02393471519902,0,2.74203038215637,0,0,0,0
0,0,0,0,0,0,0,0,0,0,3.31825117503895,0,0,0,0,0,0,0,0,0,0,0,0,0,0,0,0,0,0,0,0,0,0,0,0,0,0,0,3.50427560806274,0,0,0,0,0,0,0,39.5762786865234,0,0,0,0,0,0,0,0,0,5.15212054053942,0,0,0,0,0,0,15.1104476111276,0,0,0,0,0,0,0,0,0,3.82725678751434,0,0,0,0,0,40.8729248046875,0,3.64696213177272,3.40174548890856,2.77934650580088,36.084615389506,0,0
0,0,0,0,0,0,0,0,0,0,0,0,0,0,0,0,0,0,0,0,0,0,0,0,0,0,0,0,0,0,0,0,0,10.1240362050582,0,3.77903078711082,17.8506965637207,0,0,0,0,0,0,0,0,0,0,6.15028842028022,0,3.02048206329346,0,0,0,0,0,0,0,0,0,0,0,0,0,0,0,0,0,0,0,0,0,0,0,0,3.26893591275291,0,9.07371354375049,0,7.03289961890329,0,0,0,3.92145691179249,0,0,0,0
0,0,0,0,0,0,0,0,0,0,0,0,0,0,0,0,0,0,0,0,0,0,0,0,0,0,0,0,0,0,0,0,0,0,4.7246237004598,0,7.60055240717801,0,0,0,0,0,0,0,0,0,0,8.26452724219825,6.6504754286546,0,0,0,0,0,0,0,0,0,0,0,0,0,0,0,0,0,0,0,0,0,0,0,0,0,0,7.52459061519836,0,6.98293974912055,0,8.01527146271297,0,0,2.91496798396111,0,0,0,0
0,0,0,0,0,0,0,0,0,0,0,0,0,0,0,0,0,0,0,0,0,0,0,0,0,0,0,0,0,0,0,10.1240362050582,0,0,3.72695141971701,6.13444326348501,0,3.21984489758809,0,15.8816324234009,0,31.3760433197021,10.9603261947632,0,0,0,0,5.71324730146499,0,14.1566947958523,0,0,0,0,0,0,0,0,0,0,0,0,0,0,0,0,0,0,0,0,0,0,0,0,11.758810561498,0,5.33180249305628,4.65753942079495,15.6700623123734,0,7.62484440207481,0,3.85304125442224,2.80267844200134,16.6377296447754,0,0
0,0,0,0,0,0,0,0,0,0,0,0,0,0,0,0,68.4244995117188,0,0,0,0,0,0,0,0,0,0,0,0,0,0,0,4.7246237004598,3.72695141971701,0,0,3.70941872155967,0,5.11997881080165,0,0,0,29.2615432739258,0,50.2730331420898,0,0,4.38248798837467,11.1041303148457,0,0,0,0,0,0,0,0,0,0,0,0,0,0,0,0,0,0,0,0,0,0,0,0,0,0,6.08286666552226,3.15969404114617,4.76459824973312,0,5.02792549779422,0,3.93216347694397,4.09296008965065,0,36.461368560791,0,0
109.50855255127,47.2587670020337,63.0201117197673,32.8882613842304,0,12.6069798278809,0,5.38869238259657,0,62.2799816131592,0,5.43523076794766,0,0,0,0,89.4673656757061,83.7639402859453,61.3911653822458,9.62842085139822,0,0,97.9551315307617,0,0,0,0,0,0,0,0,3.77903078711082,0,6.13444326348501,0,0,11.0434374564162,4.83674706733376,0,24.3263813375353,101.878925323486,41.2854518077508,87.5545291900635,54.1808996200562,107.841178894043,39.3413764400595,83.0135744535006,5.43725116561852,6.09071434868707,20.036659976673,0,0,0,5.69071737925212,0,59.5008773803711,56.8418282402886,6.34241447553217,0,0,45.1541404724121,19.0110559463501,13.3004216132596,92.7522811889648,0,0,0,0,0,0,0,0,47.1106651306152,81.8599830627441,5.56823673844337,0,16.7804907431969,0,8.31281239725018,16.5530375826593,11.5829123821367,65.4623870849609,10.0853498972575,16.7692835956323,38.3075501970415,41.2456662889937,90.3899230957031
47.1936564127604,47.112979888916,34.0486840475173,87.9093780517578,27.0816048853325,0,0,0,49.7925672531128,0,4.07022833327452,0,0,0,0,0,77.2608805789223,99.6042077415868,61.2945731856258,0,4.85042615719255,0,0,0,0,0,0,0,0,0,0,17.8506965637207,7.60055240717801,0,3.70941872155967,11.0434374564162,0,0,5.38865024354283,0,31.1677868182843,98.3215933905707,43.1247155637062,62.8432035446167,46.8752976833506,97.9363038436226,43.7496107229881,10.3961196686588,19.1278338532603,0,30.5162334442139,0,0,0,30.496696472168,0,23.866057118114,0,36.8764844621931,0,34.2798566818237,0,102.66089630127,25.8594591671554,0,0,0,0,0,0,0,0,104.716011047363,58.409115764073,0,9.24210556083255,0,13.1423601254939,16.7546248320948,8.67307291571832,91.3845596313477,8.12567161163035,10.0014566479126,12.8242960521153,41.3424854264075,80.1024703979492,45.597709872059
0,20.0114718783985,0,0,0,0,0,0,0,6.80022285437451,0,4.00395977955598,0,0,0,0,0,0,66.4702816009521,3.36581274195834,0,6.38107988369063,0,5.35216998001272,0,0,0,2.84599447250366,0,2.95340418815613,0,0,0,3.21984489758809,0,4.83674706733376,0,0,3.36369371414185,0,0,5.16979011893272,0,35.8396682739258,0,13.3230376243591,0,6.33537824724762,0,5.18846887653157,0,0,0,0,0,8.00794951418504,0,3.86015921123957,0,0,0,22.7162532806396,8.21932345051919,0,6.38680225880682,0,6.15734246736208,0,0,0,2.94638363520304,0,4.56129363342956,0,0,0,4.32545369466146,0,6.61904636800107,0,6.19923321325514,4.0305326901265,6.83398602304999,8.76788421835218,6.1197376514505,0,0
0,0,0,0,0,0,0,0,10.3427567141397,0,3.97122105257011,0,0,0,0,0,0,0,0,0,2.74342465400696,11.7262396812439,3.65429181517842,0,4.72474460510107,0,0,0,2.85817539691925,0,3.50427560806274,0,0,0,5.11997881080165,0,5.38865024354283,3.36369371414185,0,0,19.3316097259521,0,0,0,0,0,0,5.64140377379954,6.18611220733539,0,0,0,0,0,10.2562836904783,0,11.4421332677205,0,0,0,0,0,0,0,0,4.09660558576708,0,7.2274975123293,0,0,0,0,0,3.16079992055893,0,0,0,9.91842114263111,0,7.57648942531317,0,5.46033707405966,4.08175850275271,5.16454967168661,4.3390569795881,0,0
0,35.2200844504616,0,34.6231799806867,0,0,0,0,0,56.2991714477539,0,0,0,0,0,0,75.5771157400949,67.4399194388554,39.081135090743,8.63287830352783,0,0,0,0,0,0,0,0,0,0,0,0,0,15.8816324234009,0,24.3263813375353,0,0,0,0,80.8034947713216,20.4033079905359,45.5359306335449,27.590853030865,53.2909736633301,22.4674137670969,71.7228546142578,6.47091485038256,6.16141101803642,5.64245838069881,0,0,0,0,0,0,84.9633941650391,0,0,0,0,0,15.7201375961304,92.2741622924805,0,0,0,0,0,0,0,0,70.7706756591797,103.784080505371,0,0,23.7562825679779,0,12.6114672785649,91.6122039794922,27.95992280697,0,27.6194682599372,46.5033711024693,9.31967072480421,24.4008670969212,0
33.1787274678548,63.7092170715332,36.5929526251716,56.3487358093262,44.7224416732788,0,0,0,0,0,0,0,0,0,0,0,58.9077096950788,82.5517604662025,39.6233989143131,0,0,0,0,0,0,0,0,0,0,0,0,0,0,0,0,101.878925323486,31.1677868182843,0,19.3316097259521,80.8034947713216,0,69.6328996022542,21.5696748098403,47.1524429321289,25.3364524860344,69.784447479248,18.3672028305981,5.01808553674947,4.22535706715063,0,41.3635795593262,0,0,0,39.184206644694,63.3996467590332,54.1777200137868,0,0,0,39.0439300537109,0,0,22.3500568072001,0,0,0,0,0,0,0,0,94.0423126220703,54.872741154262,0,3.99108481407166,0,0,102.195990153721,13.4840364175053,87.4192810058594,60.1920924716526,55.1445414373117,57.7827110290527,14.7697819903987,0,22.9045654467817
0,19.653468374222,0,35.4519517229749,0,0,0,0,0,23.5786050481999,0,0,0,0,0,0,62.2454154070686,59.040320332845,22.7043204672056,39.951810836792,0,0,0,14.0899314880371,0,0,0,0,0,0,0,0,0,31.3760433197021,0,41.2854518077508,98.3215933905707,5.16979011893272,0,20.4033079905359,69.6328996022542,0,9.25760165813614,26.1764101816129,50.1392993927002,20.5180252111145,65.216575020238,5.38307111067315,0,12.7245313591116,0,0,0,0,0,30.2980894044388,66.2803649902344,21.4568140029907,0,0,0,21.6808958936621,25.2092468169602,95.216911315918,0,0,10.6127405166626,0,0,0,0,0,26.8780547785103,91.2026863098145,34.109073638916,0,27.5902042388916,0,32.4786611928741,87.3352783203125,36.5698642730713,85.7212677001953,14.8024407850064,30.5575017095894,14.7754408511953,13.1420091180581,42.2069339752197
20.581766568452,43.2369718551636,26.6737495258356,30.1166439056396,35.4017429351807,0,0,0,16.1283448036403,38.9977798461914,0,0,0,0,0,0,39.7308677332742,66.7807635645713,20.8298681906633,0,37.2334887186686,0,0,0,17.8451792977073,0,0,0,0,0,0,0,0,10.9603261947632,29.2615432739258,87.5545291900635,43.1247155637062,0,0,45.5359306335449,21.5696748098403,9.25760165813614,0,23.8431643803914,15.4815337333039,27.8739098057602,18.5540386274425,5.25643040216886,15.5351764957792,0,30.8959083557129,0,0,0,31.1124289213721,39.1918258666992,21.2111854649553,0,24.7002737926461,0,30.0329496210272,0,110.48690032959,23.9377898323107,0,0,0,17.1244134723016,0,0,0,25.8214213053385,52.7182140350342,21.465483033733,0,0,0,0,41.8914363861084,28.3585694505457,0,24.7097421314405,10.8950425365765,27.2723316192627,13.7741887052117,41.4605407714844,9.71789468560263
0,30.2348551750183,0,24.1523740474994,0,0,0,0,0,32.3958552224295,0,0,0,0,0,0,47.870557308197,42.9924762676924,22.5363213180156,0,0,0,0,0,0,0,0,0,0,0,0,0,0,0,0,54.1808996200562,62.8432035446167,35.8396682739258,0,27.590853030865,47.1524429321289,26.1764101816129,23.8431643803914,0,45.5549602508545,19.8299708705391,49.8817939758301,78.388916015625,0,38.5955441792806,0,0,0,0,0,25.8769709269206,0,68.0765380859375,0,0,0,0,24.3310365414401,62.5000953674316,0,0,32.6818428039551,0,0,0,0,0,42.6178746541341,52.0114326477051,0,0,73.5723571777344,0,37.2967180247619,72.2440443599925,45.004093057969,0,29.6601889990109,30.3072098323277,25.1416505850278,23.3415543768141,33.4275093078613
0,0,26.4356867472331,34.0598630905151,0,0,0,0,0,59.2396240234375,0,0,0,0,0,0,38.9341972412602,53.1181471451469,17.6487349234714,0,0,0,0,0,0,0,0,0,0,0,0,0,0,0,50.2730331420898,107.841178894043,46.8752976833506,0,0,53.2909736633301,25.3364524860344,50.1392993927002,15.4815337333039,45.5549602508545,0,44.9563395760276,19.3212958723307,0,13.8478247854445,0,0,0,0,0,0,0,42.4201825459798,0,0,0,0,0,0,25.3666325678591,0,0,0,0,0,0,0,0,0,40.912189756121,0,0,0,0,79.2791283925374,31.814949542057,0,39.2185661792755,24.9463286302528,44.7804679870605,15.8058709589211,33.927906036377,26.8715218734741
0,27.5362736417892,29.4388256072998,20.2227137498958,0,0,0,0,0,42.9762859344482,0,29.5110721588135,0,0,0,0,61.9091981283509,55.9767866163282,36.9930530792299,10.8881248210339,0,0,101.271575927734,0,0,0,0,0,0,0,0,0,0,0,0,39.3413764400595,97.9363038436226,13.3230376243591,0,22.4674137670969,69.784447479248,20.5180252111145,27.8739098057602,19.8299708705391,44.9563395760276,0,61.3167449175301,0,41.8582038879395,30.4887104412117,0,0,0,0,0,49.9562854766846,72.944943745931,35.69812819163,0,0,0,32.1304759979248,9.35448338941536,62.2801272074381,0,0,52.2544555664062,0,0,0,0,0,37.8824179362261,68.3848934173584,0,0,0,0,29.0411198438625,82.5165947361996,17.875273344663,0,36.0183982328183,37.8945163592958,16.8924415287493,37.910111410576,64.0991058349609
54.701732635498,47.8178681267632,20.7097840219174,52.1466684341431,37.981974919637,0,0,0,43.317813873291,54.158024597168,0,0,0,0,0,0,48.3410563846487,71.5349594552176,35.8397737918543,0,20.0446336452778,0,67.7641067504883,0,0,0,0,0,0,0,39.5762786865234,0,0,0,0,83.0135744535006,43.7496107229881,0,0,71.7228546142578,18.3672028305981,65.216575020238,18.5540386274425,49.8817939758301,19.3212958723307,61.3167449175301,0,0,27.89162500443,88.0624084472656,32.6679611206055,0,0,0,39.5396156311035,66.0979690551758,35.3084379336873,0,34.1162977218628,0,26.2599035898844,0,79.5419909159342,11.5565313717966,0,0,0,0,0,0,0,47.4229125976562,58.7143993377686,40.2481328319859,0,0,0,0,77.1712353306432,23.1850616416136,84.0977058410645,21.1174865945752,49.9372648187014,55.3208389282227,20.7568599473311,49.0365791320801,41.0361253984513
0,0,0,0,0,0,0,0,0,0,0,0,0,0,0,0,0,0,0,0,0,0,0,0,0,0,0,0,0,0,0,6.15028842028022,8.26452724219825,5.71324730146499,4.38248798837467,5.43725116561852,10.3961196686588,6.33537824724762,5.64140377379954,6.47091485038256,5.01808553674947,5.38307111067315,5.25643040216886,78.388916015625,0,0,0,0,4.36583827506345,5.37082339563677,0,0,0,0,0,0,0,0,0,0,0,0,0,0,0,0,0,0,0,0,0,0,0,0,8.89176953895183,5.13836823149425,7.41670571565628,7.66847545360074,8.80588758415377,6.52849098576193,12.5681215694972,5.09466039404577,5.94176251349861,7.3844827346082,5.61752025717605,0,0
8.51993136787415,0,7.26486012874505,0,13.6550264358521,0,0,0,10.2652547295029,0,0,0,0,0,0,0,48.6381702423096,46.8211288452148,20.5614344927729,0,0,0,4.38727523439071,0,8.11994754191902,0,0,0,0,0,0,0,6.6504754286546,0,11.1041303148457,6.09071434868707,19.1278338532603,0,6.18611220733539,6.16141101803642,4.22535706715063,0,15.5351764957792,0,13.8478247854445,41.8582038879395,27.89162500443,4.36583827506345,0,4.01077256036635,0,0,0,0,12.8263925711314,0,11.3226927586964,0,5.28894146814703,0,11.7959117889404,0,0,35.9567953745524,0,5.31031262984778,0,8.63267948764011,0,6.77508592605591,0,3.23703464946231,0,22.5472870635986,0,4.12823212219894,0,13.2396440609642,44.8061237335205,9.64657841620358,0,5.76120001087199,14.8644293418078,0,7.54600451740608,0,13.9957614089503
0,10.106428024359,0,20.5643937883124,0,0,0,0,0,19.3867692500353,0,0,0,0,0,3.66787909232464,98.2021980285645,77.0366888046265,32.5184642019726,20.7512766122818,0,5.02400314807892,0,6.02167057991028,0,0,0,0,0,0,0,3.02048206329346,0,14.1566947958523,0,20.036659976673,0,5.18846887653157,0,5.64245838069881,0,12.7245313591116,0,38.5955441792806,0,30.4887104412117,88.0624084472656,5.37082339563677,4.01077256036635,0,0,0,0,0,0,40.3155250549316,0,12.4280823469162,0,0,0,6.95385278188265,19.367603849281,0,4.63909455140432,0,4.20600566381141,0,5.76716605137134,0,4.15887765485757,0,10.1955956808278,0,8.59954310456912,0,17.2543625796019,0,15.471561764341,105.020095825195,15.2059735887929,0,14.1975881361961,28.084115588665,6.86291241015441,33.5456314086914,0
32.1964797973633,0,5.99397252034558,0,6.43348334100511,0,0,0,0,0,0,0,0,0,0,0,0,0,0,0,0,0,0,0,0,0,0,0,0,0,0,0,0,0,0,0,30.5162334442139,0,0,0,41.3635795593262,0,30.8959083557129,0,0,0,32.6679611206055,0,0,0,0,0,3.22594439983368,0,4.11795203387737,0,4.82076642893512,0,3.49541786644194,0,3.16896885374318,0,0,0,0,0,0,0,0,0,0,0,0,0,0,0,0,0,0,46.8622856140137,0,0,12.9569742906661,27.6205959320068,9.11767219507469,0,0
0,0,0,4.59290806146768,0,4.22417063000558,0,5.97076704922844,0,0,0,0,0,0,0,3.05645662546158,0,0,0,0,0,0,0,0,0,0,0,0,0,0,0,0,0,0,0,0,0,0,0,0,0,0,0,0,0,0,0,0,0,0,0,0,0,7.491539478302,0,0,0,0,0,5.08190600077311,0,3.59379656700527,0,0,0,0,0,0,0,0,0,0,0,0,0,0,0,0,0,0,0,0,4.85273687881956,0,0,0,0
0,0,0,0,0,0,3.26653491883051,0,0,0,0,0,0,0,0,0,0,0,0,0,0,0,0,0,0,0,0,0,0,0,0,0,0,0,0,0,0,0,0,0,0,0,0,0,0,0,0,0,0,0,3.22594439983368,0,0,0,0,0,4.50622653961182,0,4.88808031265552,0,0,0,0,0,0,0,0,0,0,0,0,0,0,0,0,0,0,0,0,0,0,0,0,0,0,0,0
0,0,0,0,0,4.13715215351271,0,3.03673646029304,0,0,0,0,0,3.84129924040574,0,0,0,0,0,0,0,0,0,0,0,0,0,0,0,0,0,0,0,0,0,5.69071737925212,0,0,0,0,0,0,0,0,0,0,0,0,0,0,0,7.491539478302,0,0,0,0,0,10.2032295862834,0,3.96859805397689,0,0,0,0,0,0,0,0,0,0,0,0,0,0,0,0,0,0,0,0,0,0,4.0158383846283,0,0,0,0
3.48572405718141,0,4.85198153436711,0,7.61035520380194,0,0,0,6.43576989240117,0,0,0,0,0,0,0,0,0,0,0,0,0,0,0,3.48546934127808,0,0,0,0,0,0,0,0,0,0,0,30.496696472168,0,10.2562836904783,0,39.184206644694,0,31.1124289213721,0,0,0,39.5396156311035,0,12.8263925711314,0,4.11795203387737,0,0,0,0,0,28.0874150220086,0,16.8483734130859,0,3.35105742727007,0,0,51.6808662414551,0,0,0,5.08298503417916,0,4.80737689408389,0,0,0,37.1166049412319,0,0,0,0,0,43.5610733032227,0,8.08814173719309,15.0407798758575,12.4049119120059,18.2966458797455,0,25.5790093739827
0,13.6603488922119,0,4.5825805445792,0,5.19728748003642,0,0,0,4.94865844052662,0,0,0,0,0,7.89140554878609,0,4.81817844935826,24.7172702153524,0,0,0,0,4.22778601659818,0,0,0,0,0,0,0,0,0,0,0,59.5008773803711,0,8.00794951418504,0,0,63.3996467590332,30.2980894044388,39.1918258666992,25.8769709269206,0,49.9562854766846,66.0979690551758,0,0,40.3155250549316,0,0,0,0,0,0,0,0,0,0,0,5.5066300735854,0,0,0,0,6.13676273707792,0,0,0,0,0,38.467342376709,0,0,0,0,0,44.1042995452881,0,8.0148389850344,0,14.4291705784045,28.5296361923218,19.8948957226801,0,0
19.7974283430311,54.5227432250977,18.8090038026214,0,5.89463839793609,0,4.10284231174951,0,21.0844874131052,0,6.13675660479425,0,3.77914438528173,0,0,0,49.2687027972677,74.5712116786412,41.1222782578579,0,6.23355749007818,0,0,0,0,0,0,0,0,0,5.15212054053942,0,0,0,0,56.8418282402886,23.866057118114,0,11.4421332677205,84.9633941650391,54.1777200137868,66.2803649902344,21.2111854649553,0,42.4201825459798,72.944943745931,35.3084379336873,0,11.3226927586964,0,4.82076642893512,0,4.50622653961182,0,28.0874150220086,0,0,0,4.68725991478333,0,4.10483724872271,0,88.7466049194336,18.8044681090085,0,0,0,0,0,0,0,4.88702424526215,0,5.67587661787031,0,0,0,0,81.1009874343872,32.2426655690478,0,12.2838955266135,24.5376472724111,31.3605492909749,20.4352483432442,0,19.6520042022069
0,17.7807234764099,0,24.6818628311157,0,6.07405757904053,0,2.74573516845703,0,0,0,5.62700646047558,0,7.09473606003655,0,3.47097633503101,0,0,22.3672485351562,9.50812368392944,0,0,0,0,0,0,0,0,0,0,0,0,0,0,0,6.34241447553217,0,3.86015921123957,0,0,0,21.4568140029907,0,68.0765380859375,0,35.69812819163,0,0,0,12.4280823469162,0,0,0,10.2032295862834,0,0,0,0,0,6.57988732853921,0,2.80102721850077,18.6047632578881,0,0,0,0,0,0,0,4.60409618275506,0,5.06944899204206,0,0,0,0,0,20.1341637202672,0,11.5170745849609,0,6.67357758827069,40.4698162078857,7.46916700632144,0,0
16.7643604278564,0,5.6294594025344,0,9.97741568789763,0,3.65358573198318,0,25.1756160259247,0,2.88429990853413,0,3.49643615313939,0,3.16431617736816,0,0,0,0,0,20.4177093505859,0,0,0,0,0,0,0,0,0,0,0,0,0,0,0,36.8764844621931,0,0,0,0,0,24.7002737926461,0,0,0,34.1162977218628,0,5.28894146814703,0,3.49541786644194,0,4.88808031265552,0,16.8483734130859,0,4.68725991478333,0,0,0,3.42822856373257,0,0,34.3497623443604,0,0,0,0,0,0,0,0,0,25.8211116790771,0,0,0,0,0,33.2681651115417,0,0,22.7763824268263,27.3059425354004,14.7932275200749,0,21.2481801650103
0,0,0,0,0,4.42873649597168,0,3.56491699925175,0,0,0,8.17828686051554,0,3.76521912773658,0,3.61853090922038,0,0,0,0,0,0,0,0,0,0,0,2.95336937904358,0,0,0,0,0,0,0,0,0,0,0,0,0,0,0,0,0,0,0,0,0,0,0,5.08190600077311,0,3.96859805397689,0,0,0,6.57988732853921,0,0,0,3.40036446707589,0,0,0,0,0,0,0,0,3.1857388790916,0,0,0,0,0,0,0,0,0,0,0,2.99243904219733,3.16167349815369,5.27197828627469,0,0
11.8162326812744,0,3.42275673692877,0,5.10518226623535,0,0,0,2.95516753196716,0,0,0,0,0,3.8144695558046,0,0,0,0,0,0,0,0,0,0,0,0,0,0,0,0,0,0,0,0,45.1541404724121,34.2798566818237,0,0,0,39.0439300537109,0,30.0329496210272,0,0,0,26.2599035898844,0,11.7959117889404,0,3.16896885374318,0,0,0,3.35105742727007,0,4.10483724872271,0,3.42822856373257,0,0,0,0,0,0,0,0,0,0,3.63633655660293,0,0,0,0,0,0,0,0,0,0,0,0,27.7858032226562,0,20.5224082565308,0,0
0,5.47592748222929,0,5.86442644487728,0,5.35437501393832,0,0,0,7.52126923233572,0,0,0,0,0,3.85020517412558,0,0,35.2009002685547,0,0,0,0,14.3429268943636,0,6.87860401237712,0,0,0,0,0,0,0,0,0,19.0110559463501,0,22.7162532806396,0,0,0,21.6808958936621,0,0,0,32.1304759979248,0,0,0,6.95385278188265,0,3.59379656700527,0,0,0,5.5066300735854,0,2.80102721850077,0,3.40036446707589,0,0,17.6390724182129,0,0,0,13.3393654389815,0,6.25474332869053,0,0,0,24.5739135742188,0,0,0,0,0,46.7234992980957,0,0,0,9.19731746020017,13.0890817642212,12.8073772251487,0,0
0,25.0576184590658,0,17.9823533874197,0,0,0,0,0,37.7627239227295,0,4.25072697798411,0,0,0,0,68.2599878311157,61.2141063690186,45.6219153308228,4.95675588831322,0,0,0,0,0,0,0,0,0,0,0,0,0,0,0,13.3004216132596,102.66089630127,8.21932345051919,0,15.7201375961304,0,25.2092468169602,110.48690032959,24.3310365414401,0,9.35448338941536,79.5419909159342,0,0,19.367603849281,0,0,0,0,0,0,88.7466049194336,18.6047632578881,0,0,0,17.6390724182129,0,0,0,0,0,0,0,0,0,0,24.5183862203901,0,0,0,0,0,13.3030422540392,88.7099990844727,14.0431310933335,0,24.3886487425827,38.9818144904243,13.6890637181188,0,0
26.2370921543666,0,25.5479634602865,0,0,0,0,0,39.8676910400391,0,8.07991062402725,0,0,0,0,0,57.840941292899,83.1481025695801,43.3241925239563,0,4.46263455020954,0,0,0,0,0,0,0,0,0,15.1104476111276,0,0,0,0,92.7522811889648,25.8594591671554,0,0,92.2741622924805,22.3500568072001,95.216911315918,23.9377898323107,62.5000953674316,25.3666325678591,62.2801272074381,11.5565313717966,0,35.9567953745524,0,0,0,0,0,51.6808662414551,0,18.8044681090085,0,34.3497623443604,0,0,0,0,0,0,0,0,0,0,0,0,34.6681137084961,0,22.1163431947882,0,0,0,0,82.9958267211914,19.8869513577612,0,15.506177943584,40.2070250466605,43.6364358266195,18.6344223352239,0,34.3616878509522
0,0,0,0,0,0,0,0,0,0,0,0,0,0,0,0,0,0,0,0,0,4.9304658415556,4.59882084528605,5.71636847654978,0,8.27247384983019,0,3.84295087958139,0,0,0,0,0,0,0,0,0,6.38680225880682,0,0,0,0,0,0,0,0,0,0,0,4.63909455140432,0,0,0,0,0,0,0,0,0,0,0,0,0,0,0,0,5.44315504206925,0,4.8191118900464,0,3.5415333845083,0,0,0,0,0,0,0,0,0,6.94523127628864,0,6.16355078264114,3.14519791603088,0,0,0
0,0,0,0,0,0,0,0,0,0,0,0,0,0,0,0,0,0,0,0,0,0,4.807031794588,0,4.2239031791687,0,0,0,2.9643988609314,0,0,0,0,0,0,0,0,0,4.09660558576708,0,0,0,0,0,0,0,0,0,5.31031262984778,0,0,0,0,0,0,0,0,0,0,0,0,0,0,0,0,0,0,6.66317875466185,0,9.45421171188354,0,2.83533050616582,0,0,0,0,0,0,0,0,0,4.31199508921138,4.85866725201509,0,0,0,0
0,21.7337832450867,0,0,0,0,0,0,0,6.84102583665114,0,0,0,0,0,15.9444761276245,0,6.47575505574544,0,0,0,8.11311268806458,0,3.64410529896398,0,4.29130063692729,0,0,0,0,0,0,0,0,0,0,0,6.15734246736208,0,0,0,10.6127405166626,0,32.6818428039551,0,52.2544555664062,0,0,0,4.20600566381141,0,0,0,0,0,6.13676273707792,0,0,0,0,0,13.3393654389815,0,0,5.44315504206925,0,0,0,4.6082064783975,0,0,0,0,0,0,0,0,0,0,0,8.03650842093696,0,16.6543604078747,29.3024056752523,8.24056592306683,0,0
0,0,0,0,0,0,0,0,5.79095061701171,0,0,0,0,0,0,0,0,0,0,0,0,0,3.16034507751465,0,4.1924422173726,0,0,0,0,0,0,0,0,0,0,0,0,0,7.2274975123293,0,0,0,17.1244134723016,0,0,0,0,0,8.63267948764011,0,0,0,0,0,5.08298503417916,0,0,0,0,0,0,0,0,0,0,6.66317875466185,0,0,0,2.85914540290833,0,0,0,0,0,0,0,0,0,0,0,5.9476304954701,10.4444308559945,0,8.51306152935849,0,0
0,8.00393473035921,0,0,0,0,0,0,0,0,0,0,0,0,0,6.41576945781708,0,0,0,0,0,5.51337813138962,0,4.31998745600383,0,4.12847346067429,0,0,0,0,0,0,0,0,0,0,0,0,0,0,0,0,0,0,0,0,0,0,0,5.76716605137134,0,0,0,0,0,0,0,0,0,0,0,6.25474332869053,0,0,4.8191118900464,0,4.6082064783975,0,0,0,6.50187791260309,0,0,0,0,0,0,0,0,0,0,0,2.94777894020081,0,6.50464062574433,0,0
0,0,0,0,0,0,0,0,7.18372535705566,0,0,0,0,0,0,0,0,0,0,0,0,0,0,0,0,0,2.95500433643659,0,0,0,0,0,0,0,0,0,0,0,0,0,0,0,0,0,0,0,0,0,6.77508592605591,0,0,0,0,0,4.80737689408389,0,0,0,0,0,3.63633655660293,0,0,0,0,9.45421171188354,0,2.85914540290833,0,0,0,0,0,0,0,0,0,0,0,0,0,0,0,0,0,0,0
0,0,0,0,0,0,0,0,0,0,0,0,0,3.08766004443169,0,0,0,0,0,0,0,3.20936379225358,0,0,0,0,0,3.42814797443161,0,5.2725350856781,0,0,0,0,0,0,0,2.94638363520304,0,0,0,0,0,0,0,0,0,0,0,4.15887765485757,0,0,0,0,0,0,0,4.60409618275506,0,3.1857388790916,0,0,0,0,3.5415333845083,0,0,0,6.50187791260309,0,0,0,6.00424335684095,0,0,0,0,0,0,0,6.18564178432896,0,0,0,4.12689733505249,0,0
27.7984275817871,0,27.087610244751,0,0,0,0,0,0,0,0,0,0,0,0,0,0,0,0,0,0,0,2.84528291225433,0,0,0,0,0,3.42161268514136,0,0,0,0,0,0,0,0,0,0,0,0,0,25.8214213053385,0,0,0,47.4229125976562,0,3.23703464946231,0,0,0,0,0,0,0,4.88702424526215,0,0,0,0,0,0,34.6681137084961,0,2.83533050616582,0,0,0,0,0,0,0,4.60134255364417,0,0,0,0,0,43.7545890808105,0,5.88582157717316,26.2801895141602,0,16.7969475612044,0,0
0,23.9616129412973,0,27.6251174677973,0,0,0,0,0,28.2430564761162,0,4.03200329763767,0,0,0,28.5509281158447,0,72.7416364881727,29.7978593639861,38.7620811462402,0,0,0,0,0,0,0,2.9478462934494,0,5.95494671696845,0,0,0,0,0,47.1106651306152,104.716011047363,4.56129363342956,0,70.7706756591797,94.0423126220703,26.8780547785103,52.7182140350342,42.6178746541341,0,37.8824179362261,58.7143993377686,0,0,10.1955956808278,0,0,0,0,0,38.467342376709,0,5.06944899204206,0,0,0,24.5739135742188,24.5183862203901,0,0,0,0,0,0,0,6.00424335684095,0,0,0,0,0,0,0,73.2699908301944,88.3305435180664,5.23957877402956,0,26.785979555518,44.0272886586744,20.2921598599668,29.8822925567627,82.4209060668945
24.4848800046103,0,29.1400522344253,0,53.2661674499512,0,0,0,23.5412437438965,0,0,0,0,0,0,0,49.0742118100086,79.1926596792121,44.7245903015137,0,24.884064912796,0,0,0,0,0,0,0,3.4453409576416,0,3.82725678751434,0,0,0,0,81.8599830627441,58.409115764073,0,3.16079992055893,103.784080505371,54.872741154262,91.2026863098145,21.465483033733,52.0114326477051,40.912189756121,68.3848934173584,40.2481328319859,0,22.5472870635986,0,0,0,0,0,37.1166049412319,0,5.67587661787031,0,25.8211116790771,0,0,0,0,22.1163431947882,0,0,0,0,0,0,0,4.60134255364417,0,0,0,0,0,0,76.2579638163249,50.5155451627588,0,4.31631751927462,36.4079633443394,116.667869567871,15.7954443557089,0,19.5077666298288
0,0,0,0,0,0,0,0,0,0,0,0,0,0,0,0,0,0,0,0,0,0,0,0,0,0,0,0,0,0,0,3.26893591275291,0,11.758810561498,0,5.56823673844337,0,0,0,0,0,34.109073638916,0,0,0,0,0,8.89176953895183,0,8.59954310456912,0,0,0,0,0,0,0,0,0,0,0,0,0,0,0,0,0,0,0,0,0,0,0,0,0,0,9.87851583957672,0,8.37078515221091,0,29.2842197418213,0,17.3557568192482,0,0,0,0
0,0,0,0,0,0,0,0,0,0,0,0,0,0,0,0,0,0,0,0,0,0,0,0,0,0,0,0,0,0,0,0,7.52459061519836,0,6.08286666552226,0,9.24210556083255,0,0,0,3.99108481407166,0,0,0,0,0,0,5.13836823149425,4.12823212219894,0,0,0,0,0,0,0,0,0,0,0,0,0,0,0,0,0,0,0,0,0,0,0,0,0,0,0,0,7.65723338566986,0,5.09444874438408,0,0,5.03162135096157,0,0,0,0
0,0,0,0,0,0,0,0,0,0,0,0,0,0,0,0,0,0,0,0,0,0,0,0,0,0,0,0,0,0,0,9.07371354375049,0,5.33180249305628,3.15969404114617,16.7804907431969,0,4.32545369466146,0,23.7562825679779,0,27.5902042388916,0,73.5723571777344,0,0,0,7.41670571565628,0,17.2543625796019,0,0,0,0,0,0,0,0,0,0,0,0,0,0,0,0,0,0,0,0,0,0,0,0,9.87851583957672,0,0,0,20.8017888713527,0,5.60590677980393,0,8.02422052054178,0,31.1284366607666,0,0
0,0,0,0,0,0,0,0,0,0,0,0,0,0,0,0,0,0,0,0,0,0,0,0,0,0,0,0,0,0,0,0,6.98293974912055,4.65753942079495,4.76459824973312,0,13.1423601254939,0,9.91842114263111,0,0,0,0,0,0,0,0,7.66847545360074,13.2396440609642,0,0,0,0,0,0,0,0,0,0,0,0,0,0,0,0,0,0,0,0,0,0,0,0,0,0,7.65723338566986,0,0,0,6.95408285608983,0,4.74458578813116,9.737153884,0,0,0,0
0,45.0243238270712,40.9886083602905,30.2331540322566,48.2228355407715,12.3458136558533,0,4.86658050616582,0,61.3470425075955,0,9.56723869356335,0,0,0,0,75.2049586667216,73.2915305331409,52.1742543356759,12.6075141491121,0,0,0,0,0,0,0,0,0,0,0,7.03289961890329,0,15.6700623123734,0,8.31281239725018,16.7546248320948,6.61904636800107,0,12.6114672785649,102.195990153721,32.4786611928741,41.8914363861084,37.2967180247619,79.2791283925374,29.0411198438625,77.1712353306432,8.80588758415377,44.8061237335205,15.471561764341,0,0,0,0,0,44.1042995452881,81.1009874343872,20.1341637202672,0,0,0,46.7234992980957,13.3030422540392,82.9958267211914,0,0,0,0,0,0,0,0,73.2699908301944,76.2579638163249,8.37078515221091,0,20.8017888713527,0,0,32.8951669555297,9.7198274979063,0,24.0058661908477,36.5634168386459,31.4796003860512,37.6587485580444,70.4479484558105
