0,0,73.5448970496655,0,0,0,0,0,308.778338164091,0,0,0,0,0,0,0,1.07603806257248,0,174.273669913411,0,0,0,0,0,0,0,0,0,0,0,0,0,0,0,0,0,7.14857947826385,0,4.91904526948929,0,72.6880134642124,0,151.664501711726,0,0,0,135.261940091848,0,167.448777452111,0,0,0,0,0,250.926046669483,0,2.65438237786293,0,0,0,3.40891566872597,0,0,4.58011714369059,0,0,0,0,0,0,0,4.65923500061035,0,9.90284582972527,0,0,0,0,0,137.763995751739,0,12.7540663778782,133.477166168392,0,383.99156858027,0,4.57520440220833
0,0,0,41.8282300233841,0,2.94107197225094,0,0,0,278.370327040553,0,0,0,0,0,3.61237946152687,0.414410263299942,0.410173624753952,30.6640928685665,0,0,1.1987773925066,0,0.349097222089767,0,0,0,0,0,0,0,0,0,0,0,6.70459459722042,0,0.359897583723068,0,5.93316625058651,0,174.363342151046,0,0.444162309169769,0,17.3842994272709,0,0,0,123.334467768669,0,3.27794449031353,0,0,0,191.230899855494,0,27.0502558350563,0,7.24144783616066,0,34.4757163971663,1.78020861744881,0,0,0,4.10964733362198,0,0,0,49.3871611654758,0,0,0,0,0,0,0,79.1734873652458,0,1.70470869541168,0,160.665509149432,0,253.932095319033,13.0427439808846,0
73.5448970496655,0,0,0,271.104964733124,0,0,0,215.213097602129,0,0,0,0,0,0,0,0,0,0.450409889221191,0,0,0,0,0,0,0,0,0,0,0,0,0,0,0,0,0,7.36067126691341,0,0,0,7.61549650132656,0,169.796537965536,0,0,0,5.47654993832111,0,83.7715657353401,0,95.7311677634716,0,0,0,0,0,62.1873998194933,0,16.1061880737543,0,9.99172866344452,0,0,0.600355982780457,0,0,0,0.465052843093872,0,2.36933569610119,0,40.1140265166759,0,46.435119792819,0,0,0,0,0,11.2545189112425,0,4.37841169536114,78.7171888500452,0,289.844912931323,0,59.5650772899389
0,41.8282300233841,0,0,0,44.185605019331,0,0,0,197.099286600947,0,0,0,0,0,5.61693094670773,0,0,2.10974694788456,0,0,3.0561563372612,0,0,0,0,0,0.193123012781143,0,0,0,0,0,0,0,11.1323672682047,0,1.97210930287838,0,7.11458665132523,0,140.128336474299,0,1.16572463512421,0,16.5122693032026,0,0,0,86.1887104064226,0,65.8466225117445,0,0,0,141.440584942698,0,52.4143403768539,0,95.9494790732861,0,233.226475924253,4.45434528589249,0,0,0,0,0,0,0,26.2772328853607,0,14.2999172732234,0,0,0,0,0,32.1669809669256,0,20.2232330739498,0,52.9357152730227,31.0018887221813,649.457242004573,67.1867386698723,0
0,0,271.104964733124,0,0,0,8.08595848083496,0,193.954150378704,0,0,0,0,0,5.39006924629211,0,0,0,5.02965915203094,0,16.6695683300495,0,0,0,0,0,0,0,0,0,0,0,0,0,0,0,77.7718260288239,0,0,0,2.24776172637939,0,15.6492518782616,0,2.65583610534668,0,2.52507728338242,0,4.68325462937355,0,264.45073723793,0,0,0,0.645270228385925,0,10.9524711370468,0,12.3390259444714,0,31.287076830864,0,0,1.97284913063049,0,0,0,0,0,0,0,0.694783270359039,0,0,0,0,0,0,0,51.9418952763081,0,0,373.044876217842,3.07966458797455,104.064180105925,0,0
0,2.94107197225094,0,44.185605019331,0,0,0,0,0,226.656990349293,0,0,0,0,0,5.5320870578289,0,0,0,11.1913042068481,0,0.398883521556854,0,0,0,0,0,0,0,0,0,0,0,0,0,0,0,0,0,0.189621865749359,0,6.13098530471325,0,0,0,0.504316926002502,0,0,0,3.27820864319801,0,487.948705166578,0,0,0,0.50895631313324,0,4.6326792538166,0,0,0,4.0607887506485,2.89468973875046,0,0,0,0,0,0,0,2.7320918738842,0,3.71349123120308,0,0,0,0,0,2.09750059247017,0,5.03648744523525,0,633.826102852821,67.222180634737,166.27320215106,1.41796773672104,0
0,0,0,0,8.08595848083496,0,0,0,0,0,0,0,0,0,0,0,0,0,0,0,0,0,0,0,0,0,0,0,0,0,0,0,0,0,0,0,0,0,0,0,0,0,0,0,0,0,0,0,0,0,116.77593266964,0,20.5781038999557,0,0,0,0,0,2.05638408660889,0,0,0,0,0,0,0,0,0,0,0,0,0,0,0,0,0,0,0,0,0,0,0,165.010717153549,68.9350388050079,0,0,0
0,0,0,0,0,0,0,0,0,0,0,0,0,9.54148876667023,0,0,0,0,0,0,0,0,0,0,0,0,0,0,0,0,0,0,0,0,0,0,0,0,0,0,0,0,0,0,0,0,0,0,0,0,0,68.2257031202316,0,126.466089367867,0,0,0,0,0,30.524356842041,0,0,0,0,0,0,0,0,0,0,0,0,0,0,0,0,0,0,0,0,0,0,10.89985704422,0,0,0,0
308.778338164091,0,215.213097602129,0,193.954150378704,0,0,0,0,0,0.34869909286499,0,0,0,23.8503760695457,0,5.83405211567879,0,1.40333193540573,0,0,0,0,0,10.1081491112709,0,0,0,0,0,0,0,0,0,0,0,0,0,34.7405634224415,0,0,0,73.7528555542231,0,0.622493505477905,0,0.749257579445839,0,23.5890622735023,0,35.8009455502033,0,0,0,1217.3885127455,0,10.3519719988108,0,0.344335407018661,0,98.4482401013374,0,0,0.872016727924347,0,0,0,18.7105200886726,0,0,0,10.7677293717861,0,8.22449108958244,0,0,0,0,0,3.31136029958725,0,6.71318265795708,163.348677277565,0,98.5026094317436,0,18.0771598815918
0,278.370327040553,0,197.099286600947,0,226.656990349293,0,0,0,0,0,0,0,4.43031793832779,0,554.758231312037,0,0,1.93876551091671,0,0,0.308534860610962,0,15.1938578337431,0,0,0,0,0,0,0,0,0,0,0,1.38797152042389,0,79.9771313965321,0,0.150054663419724,0,32.330984711647,0,0,0,2.98645107448101,0,0.204615876078606,0,182.329919606447,0,14.5303070545197,0,0,0,461.321926489472,0,3.46869778633118,0,12.1356707811356,0,339.974706321955,0.982461750507355,0,0,0,23.8552033007145,0,0.744876503944397,0,4.26495558023453,0,6.07159745693207,0,0,0,0,0,3.65257386863232,0,17.766155526042,0,742.434687674046,29.5887464284897,146.74752497673,16.8087485581636,0
0,0,0,0,0,0,0,0,0.34869909286499,0,0,0,4,0,0,0,0,0,0,0,635.542548209429,0,0,0,0,0,0,0,0,0,0.390790730714798,0,0,0,0,0,8.53086227178574,0,500.298655122519,0,0,0,0,0,0,0,0.792655557394028,0,0,0,0,0,0,0,0,0,625.308207169175,0,51.8454185724258,0,0,0,0,24.4152212888002,0,0,0,0,0,0,0,0,0,0.450952440500259,0,0,0,0,0,0,0,134.97498601675,18.7580299377441,0,7.7626234292984,0,0
0,0,0,0,0,0,0,0,0,0,0,0,0,69.9347929954529,0,0,0,0,0,464.591682463884,0,0,0,0,0,0,0,0,0,6.13350783288479,0,0,0,0,0,150.633023142815,0,683.645585820079,0,0,0,0,0,0,0,1.74300065636635,0,0,0,0,0,3.60139176249504,0,0,0,0,0,977.380314692855,0,23.0628275871277,0,0,94.2017385363579,0,0,0,0,0,0,0,0,0,14.6085447371006,0,0,0,0,0,0,0,298.402770891786,0,44.2490863204002,0,45.4303698092699,0,0
0,0,0,0,0,0,0,0,0,0,4,0,0,0,5.52576303482056,0,0,0,0,0,0,0,0,0,0,0,0,0,0,0,0,0,0,0,0,0,0,0,0,0,0,0,0,0,0,0,0,0,0,0,0,0,0,0,0,0,9.42237254977226,0,88.0841759741306,0,16.5829529613256,0,0,0,0,0,0,0,0,0,0,0,0,0,0,0,0,0,0,0,0,0,0,0,0,0,0
0,0,0,0,0,0,0,9.54148876667023,0,4.43031793832779,0,69.9347929954529,0,0,0,36.090539842844,0,0,0,0,0,0,0,0,0,0,0,0,0,0,0,0,0,0,0,0,0,0,0,0,0,0,0,0,0,0,0,0,0,0,0,0,0,8.10756212472916,0,0,0,0,0,125.709660708904,0,6,0,0,0,0,0,0,0,0,0,0,0,0,0,0,0,0,0,0,0,0,12.3415279388428,11.0169286727905,0,0,0
0,0,0,0,5.39006924629211,0,0,0,23.8503760695457,0,0,0,5.52576303482056,0,0,0,10.6010586023331,0,0,0,0,0,0,0,0,0,0,0,0,0,0,0,0,0,0,0,0,0,0,0,0,0,0,0,0,0,0,0,0,0,11.2176614999771,0,0,0,13.82530772686,0,0,0,5.1571481525898,0,36.2659012377262,0,0,0,0,0,0,0,0,0,0,0,0,0,0,0,0,0,0,0,0,0,60.5138643980026,8.59851938486099,0,0,0
0,3.61237946152687,0,5.61693094670773,0,5.5320870578289,0,0,0,554.758231312037,0,0,0,36.090539842844,0,0,0,147.746181443334,0.816840410232544,0,0,0,0,0,0,0,0,0,0,0,0,0,0,0,0,0,0,0,0,0,0,0.55654664337635,0,0,0,0,0,0,0,8.68313044309616,0,2.80632150173187,0,0,0,43.8429166674614,0,0,0,63.1385938227177,0,206.024080604315,0,0,0,0,55.2830753028393,0,0,0,0.18692247569561,0,0,0,0,0,0,0,0.306603722274303,0,0.238462865352631,0,134.313113123178,53.7021052837372,0.675044819712639,0.229444488883018,0
1.07603806257248,0.414410263299942,0,0,0,0,0,0,5.83405211567879,0,0,0,0,0,10.6010586023331,0,0,17715.569998987,4525.21770133078,0,0,66.4880805760622,602.14785772562,29.0986566096544,12.2810199260712,30.4216962903738,139.381154358387,0,0,0,0,0,0,0,0,2.20334701240063,0.468009993433952,0,0.169806972146034,22.009354904294,15.4711852148175,19.785484701395,19.9359331279993,1.63709133863449,13.1736709624529,45.9149266406894,55.647076882422,0,0,0,0,0,0,0,4.25260937213898,0,0,0,0,0,1.34236466884613,0,7.96874382346869,7.30337597429752,56.5730545073748,99.3084673881531,37.0231359302998,0,0.547940269112587,16.2362861931324,0,0,0,0.997517451643944,0,0,0,0,66.170459292829,21.1242820322514,6.52846823632717,2.52593472599983,3891.84064692259,2083.50920416415,80.6668106615543,15.9204552024603,2.68158894777298
0,0.410173624753952,0,0,0,0,0,0,0,0,0,0,0,0,0,147.746181443334,17715.569998987,0,3155.80931072682,0,0,235.767542764544,59.3075786679983,145.755369544029,2.47007393836975,136.316642165184,0,10.1625519990921,0,0,0,0,0,0,0,7.58671073615551,2.12236027419567,0,0,56.1432942897081,18.7876160666347,70.5403278768063,8.22669850289822,2.27669417858124,0.55253404378891,80.295549325645,40.0074365362525,0,0,0,0,0,0,0,0,0,0,0.601597547531128,0,2.62950754165649,0,0,19.9468134939671,4.12014313042164,297.843860670924,3.1841287612915,200.724391967058,0,71.5134703814983,0,0,0.171023443341255,0.121415577828884,0,0,0,0,0,105.462932214141,26.3110833987594,16.3308801352978,0.172171875834465,3627.90405346453,1065.6747045666,127.328559577465,35.0409465655684,1.92167547345161
174.273669913411,30.6640928685665,0.450409889221191,2.10974694788456,5.02965915203094,0,0,0,1.40333193540573,1.93876551091671,0,0,0,0,0,0.816840410232544,4525.21770133078,3155.80931072682,0,0,1.9496066570282,4.4429062306881,4.70349764823914,0.969457745552063,0.615018367767334,1.82532054185867,0,0,0,0,0,0,0,0,0,104.782574571669,54.4539638012648,0.839707285165787,7.34960639476776,633.259500317276,831.527148254216,831.057417117059,610.984754875302,110.664789587259,203.279798880219,735.766353927553,1400.13447737694,0.335043758153915,0.633453696966171,1.08599771559238,0,0,0,0,0,0,13.6432797163725,20.3218141943216,0,0,0,0,193.162112824619,211.092437393963,6.25378456711769,0.867934703826904,4.54769915342331,0,0.643991529941559,0,19.9819943755865,12.9980991110206,16.6929502934217,39.0804187655449,0,0,0,0,1530.96369045228,995.921996168792,244.595848172903,125.006310984492,3559.18494006991,7.14901132881641,3280.18250118941,324.653334721923,162.208749487996
0,0,0,0,0,11.1913042068481,0,0,0,0,0,464.591682463884,0,0,0,0,0,0,0,0,0,0,0,0,0,0,0,0,0,0,0,0,0,0,0,189.061340048909,0,10.5049996376038,0,0,0,0,0,0,0,0.951928287744522,0,0,0,0,0,8.95895594358444,0,0,0,0,0,54.839627623558,0,0,0,0,792.436816081405,0,0,0,0,0,0,0,0,0,0,0,0,0,0,0,560.816112533212,0,11.361267209053,0,378.841194480658,0,14.8153983354568,0,0
0,0,0,0,16.6695683300495,0,0,0,0,0,635.542548209429,0,0,0,0,0,0,0,1.9496066570282,0,0,0,0,0,0,0,0,0,0,0,0,0,0,0,0,0,484.864612579346,0,91.2982213199139,0,0,0,3.86826050281525,0,0,0,5.23882211744785,0,0.237954497337341,0,0,0,0,0,0,0,197.103430688381,0,0,0,0,0,0,717.808885633945,0,0,0,0,0,0,0,0,0,2.04272538423538,0,0,0,0,0,395.396997444332,0,10.4615722149611,25.5431408584118,0,144.645728394389,0,1.56044638156891
0,1.1987773925066,0,3.0561563372612,0,0.398883521556854,0,0,0,0.308534860610962,0,0,0,0,0,0,66.4880805760622,235.767542764544,4.4429062306881,0,0,0,12.048312664032,154.991168439388,0,34.9108550548553,0,0,0,0,0,0,0,0,0,0,0,593.309127166867,0,0,0,3.25634602457285,0,0,0,2.41076796501875,0,24.6268561929464,0,248.716768190265,0,0,0,0,0,0,0,56.620581433177,0,0,0,0.236787751317024,7.28805050253868,0,5123.78962396085,45.1226403713226,160.182019278407,0,84.0569564700127,0,79.6773616969585,0,158.958306595683,0,0,0,0,0,0.916478089988232,0,265.947463601828,0,372.820046976209,19.5730350613594,49.9118445292115,6.34701347351074,0
0,0,0,0,0,0,0,0,0,0,0,0,0,0,0,0,602.14785772562,59.3075786679983,4.70349764823914,0,0,12.048312664032,0,0,7.39118355512619,0,32.0377222299576,0,9.06827411055565,0,0,0,0,0,0,0,0,0,661.268523484468,0,0,0,0.44898983836174,0,0,0,0,0,183.428043007851,0,0,0,0,0,0,0,0.661248087882996,0,0.501997515559196,0,0,0,0,0,0,4641.03198100626,0,14.5407709777355,0,0,0,313.538956254721,0,21.3046040982008,0,0,0,0,0,0,0,373.207872629166,128.028187930584,98.3513391017914,3.12371376156807,0,0
0,0.349097222089767,0,0,0,0,0,0,0,15.1938578337431,0,0,0,0,0,0,29.0986566096544,145.755369544029,0.969457745552063,0,0,154.991168439388,0,0,0,36.520917057991,0,0,0,0,0,0,0,0,0,0,0,104.97124812007,0,0,0,3.59991377592087,0,0,0,0,0,1.41487863659859,0,38.7999690622091,0,0,0,0,0,54.6976559460163,0,5.83912143111229,0,0.198156729340553,0,0,0,0,316.037499129772,0,829.516410559416,0,222.354044407606,0,9.87928161025047,0,3.047218054533,0,0,0,0,0,0,0,150.538853883743,0,82.8488567769527,3.24837505817413,29.6177459061146,0.579232215881348,0
0,0,0,0,0,0,0,0,10.1081491112709,0,0,0,0,0,0,0,12.2810199260712,2.47007393836975,0.615018367767334,0,0,0,7.39118355512619,0,0,0,68.4779614210129,0,1.03043779730797,0,0,0,0,0,0,0,0,0,111.983130857348,0,0,0,5.32300540804863,0,0,0,0,0.545759618282318,1.96045193076134,0,0,0,0,0,147.633076667786,0,0,0,0,0,0.414709776639938,0,0,0,0,189.591857671738,0,288.200651466846,0,107.751972824335,0,2.55727402865887,0,0,0,0,0,0,0,0,0,76.4637676030397,109.2736338377,0,19.0529156327248,0,0
0,0,0,0,0,0,0,0,0,0,0,0,0,0,0,0,30.4216962903738,136.316642165184,1.82532054185867,0,0,34.9108550548553,0,36.520917057991,0,0,0,237.895607292652,0,0,0,0,0,0,0,0,0,0,0,0,0,0,0,0,0,0,0,0,0,0,0,0,0,0,0,0,0,0,0,0,0,0,0,0,0.401329755783081,0,62.0702489614487,0,13.6286564171314,0,0.289406895637512,0,0,0,0,0,0,0,0,0,0,0,3.68665599822998,0,0,0,0
0,0,0,0,0,0,0,0,0,0,0,0,0,0,0,0,139.381154358387,0,0,0,0,0,32.0377222299576,0,68.4779614210129,0,0,0,1.07750523090363,0,0,0,0,0,0,0,0,0,0,0,0,0,0,0,0,0,0,0,0,0,0,0,0,0,0,0,0,0,0,0,0,0,0,0,0,0,0,41.0647394061089,0,70.7423120439053,0,2.14523950219154,0,0,0,0,0,0,0,0,0,0,3.54299652576447,0,0,0,0
0,0,0,0.193123012781143,0,0,0,0,0,0,0,0,0,0,0,0,0,10.1625519990921,0,0,0,0,0,0,0,237.895607292652,0,0,0,0,0,0,0,0,0,0,0,0,0,0,0,0,0,0,0,0,0,0,0,0,0,0,0,0,0,0,0,0.166148915886879,0,0,0,0,0,0,0,0,0,0,3.36394584178925,0,83.6731026470661,0,0.213793307542801,0,0,0,0,0,0,0,0,0,1.58206248283386,0,0.31989112496376,0,0
0,0,0,0,0,0,0,0,0,0,0,0,0,0,0,0,0,0,0,0,0,0,9.06827411055565,0,1.03043779730797,0,1.07750523090363,0,0,0,0,0,0,0,0,0,0,0,0,0,0,0,0,0,0,0,0,0,0.817175596952438,0,0,0,0,0,0,0,0,0,0,0,0,0,0,0,0,3.60389006137848,0,2.66665330529213,0,2.68653950095177,0,61.7156616300344,0,0,0,0,0,0,0,0,0,0,26.1534704566002,3.07032179832458,0,0,0
0,0,0,0,0,0,0,0,0,0,0,6.13350783288479,0,0,0,0,0,0,0,0,0,0,0,0,0,0,0,0,0,0,0,0,0,0,0,0,0,414.613012343645,0,0,0,0,0,0,0,0,0,0,0,0,0,0,0,0,0,0,0,41.6506604254246,0,0,0,0,0,0,0,0,0,0,0,0,0,0,184.315552830696,0,0,0,0,0,0,0,9.42783430218697,0,11.0174020528793,0,0,0,0
0,0,0,0,0,0,0,0,0,0,0.390790730714798,0,0,0,0,0,0,0,0,0,0,0,0,0,0,0,0,0,0,0,0,0,0,0,0,0,0,0,31.6595220565796,0,0,0,0,0,0,0,0,0,0,0,0,0,0,0,0,0,8.64566761255264,0,0,0,0,0,0,3.40179300308228,0,0,0,0,0,0,0,1,0,194.234415322542,0,0,0,0,0,0,0,0,0,0,4.40132409334183,0,0
0,0,0,0,0,0,0,0,0,0,0,0,0,0,0,0,0,0,0,0,0,0,0,0,0,0,0,0,0,0,0,0,1032.96059790254,40.3447716236115,9.2049500644207,310.209263846278,4.47917687892914,0,0,0,0,0,0,0,0,0,0,1247.16828936338,0,18.3820745944977,0,0,0,0,0,0,0,0,0,0,0,0,0,0,0,0,0,0,0,0,0,0,0,0,1179.39958080649,112.657823592424,116.603660002351,0.77037650346756,86.126315638423,46.4534149169922,0,0,462.419233828783,0,0,0,0
0,0,0,0,0,0,0,0,0,0,0,0,0,0,0,0,0,0,0,0,0,0,0,0,0,0,0,0,0,0,0,1032.96059790254,0,24.9425222277641,39.2847753167152,2.65528964996338,217.027135789394,0,0,0,0,0,0,0,0,0,0,931.858554661274,0,0,0,0,0,0,0,0,0,0,0,0,0,0,0,0,0,0,0,0,0,0,0,0,0,0,553.143362343311,972.157748252153,57.8326046466827,38.7930716276169,0,299.875907421112,0,0,84.1243177950382,0,0,0,0
0,0,0,0,0,0,0,0,0,0,0,0,0,0,0,0,0,0,0,0,0,0,0,0,0,0,0,0,0,0,0,40.3447716236115,24.9425222277641,0,1171.56195944548,344.693672209978,0,47.1997165083885,0,0,0,0,0,0,0,0,0,425.744556158781,0,7.04943552613258,0,0,0,0,0,0,0,0,0,0,0,0,0,0,0,0,0,0,0,0,0.670416176319122,0,4.00043666362762,0,56.8485559523106,0,1841.16707725823,151.33653897047,173.17243103683,0,133.420849338174,0,266.805904433131,0,0,0,0
0,0,0,0,0,0,0,0,0,0,0,0,0,0,0,0,0,0,0,0,0,0,0,0,0,0,0,0,0,0,0,9.2049500644207,39.2847753167152,1171.56195944548,0,0,941.301154434681,0,144.449492752552,0,0,0,0,0,0,0,0,501.743344247341,1.74254512786865,0,0,0,0,0,0,0,0,0,0,0,0,0,0,0,0,0,0,0,0,0,0,0,0,0,1.75162088871002,5.19177082180977,508.363457739353,1561.73741257191,0,152.398205190897,0,133.364459559321,279.665723383427,0,0,0,0
0,6.70459459722042,0,11.1323672682047,0,0,0,0,0,1.38797152042389,0,150.633023142815,0,0,0,0,2.20334701240063,7.58671073615551,104.782574571669,189.061340048909,0,0,0,0,0,0,0,0,0,0,0,310.209263846278,2.65528964996338,344.693672209978,0,0,813.492320120335,1945.1043150574,75.9548581838608,18.8064149916172,0.294957458972931,83.7501836493611,0,11.076532304287,0,97.5681363418698,0.160820916295052,162.440609261394,0,11.0843469798565,0,0.164671316742897,0,0,0,0,0,66.8763152062893,0,0,0,1.68647113442421,281.77739007026,0,0,0,0,0,0,0,0.517394721508026,0,1.0703192949295,0,125.529377371073,2.02029347419739,173.003458917141,0,12348.2145047933,168.513058006763,289.097076386213,0,1955.67426099628,8.24872297048569,239.145164638758,21.4021399095654,0
7.14857947826385,0,7.36067126691341,0,77.7718260288239,0,0,0,0,0,8.53086227178574,0,0,0,0,0,0.468009993433952,2.12236027419567,54.4539638012648,0,484.864612579346,0,0,0,0,0,0,0,0,0,0,4.47917687892914,217.027135789394,0,941.301154434681,813.492320120335,0,0,2964.82356867194,0,80.5168868452311,0.587354302406311,23.6416876614094,0,3.18807657063007,0,145.832300469279,60.6994652450085,57.3549886643887,0,0,0,0,0,0,0,57.2187162935734,0,0.211470738053322,0,0,0,0,134.689067989588,0,0,0,0.167848184704781,0,1.01167853176594,0,1.79090182483196,0,1.66419647634029,0,47.5011854469776,0,640.059318423271,12.6119374036789,13273.6202836484,0,330.288965903223,3156.78415352106,122.372466146946,424.157424986362,0,0.787764400243759
0,0.359897583723068,0,1.97210930287838,0,0,0,0,0,79.9771313965321,0,683.645585820079,0,0,0,0,0,0,0.839707285165787,10.5049996376038,0,593.309127166867,0,104.97124812007,0,0,0,0,0,414.613012343645,0,0,0,47.1997165083885,0,1945.1043150574,0,0,217.655298709869,0.221356213092804,0,13.9779835641384,0,0,0,7.60812076926231,0,460.939975470304,0,214.351621240377,0,0,0,0,0,229.960277616978,0,173.676007993519,0,0,0,0,41.4106731712818,0,602.635977089405,0,230.527674674988,0,0,0,8.24365538358688,0,215.770486280322,0,0,0,112.324919909239,0,1512.02351782471,0,4916.61087021232,0,1074.46398387849,19.4590593278408,60.2758884727955,2.43164718151093,0
4.91904526948929,0,0,0,0,0,0,0,34.7405634224415,0,500.298655122519,0,0,0,0,0,0.169806972146034,0,7.34960639476776,0,91.2982213199139,0,661.268523484468,0,111.983130857348,0,0,0,0,0,31.6595220565796,0,0,0,144.449492752552,75.9548581838608,2964.82356867194,217.655298709869,0,0,1.02797365188599,0,23.1489693075418,0,0.190606892108917,0,24.214685767889,359.236614003778,189.645933881402,0,0,0,0,0,77.9263319373131,0,213.31864310801,0,0,0,0,0,0,59.7402630597353,0,380.254097342491,0,297.458849459887,0,0,0,3.54964919388294,0,5.77824819087982,0,0,0,42.2631373405457,2.88746917247772,957.699879527092,5.94085621833801,4632.89700195193,1779.15080818534,25.1419104337692,148.565001443028,0,0
0,5.93316625058651,0,7.11458665132523,0,0.189621865749359,0,0,0,0.150054663419724,0,0,0,0,0,0,22.009354904294,56.1432942897081,633.259500317276,0,0,0,0,0,0,0,0,0,0,0,0,0,0,0,0,18.8064149916172,0,0.221356213092804,0,0,0,1848.55596125871,1.36750762164593,94.2189434319735,0,328.114897914231,0.923517256975174,45.4441076517105,0,374.532840713859,0,0,0,0,0,0,0,2.59870529919863,0,1.76775169372559,0,0.479190289974213,87.6873115748167,0,0,0,0,0,0,0,6.03749965131283,0,9.37756283581257,0,0,0,0,0,638.200940050185,0.182291835546494,14.4913940131664,0,196.108345478773,0,1264.14591256529,288.707633778453,0
72.6880134642124,0,7.61549650132656,0,2.24776172637939,0,0,0,0,0,0,0,0,0,0,0,15.4711852148175,18.7876160666347,831.527148254216,0,0,0,0,0,0,0,0,0,0,0,0,0,0,0,0,0.294957458972931,80.5168868452311,0,1.02797365188599,0,0,3.52224802970886,1525.98623688519,0.318912506103516,193.88614808023,3.61213731765747,471.009318597615,0.468299269676208,391.315484389663,141.959113717079,0,0,0,0,0,0,5.30822040140629,0,0.563712313771248,0,0,0,0.819298505783081,69.5326198339462,0,0,0,0,0,0.198669388890266,0,6.21179333329201,0,19.3783147037029,0,0,0,0,1.89950066804886,543.123151615262,0.118294954299927,12.4604097008705,209.563875958323,0,1612.91828478128,0.999190270900726,226.803934782743
0,174.363342151046,0,140.128336474299,0,6.13098530471325,0,0,0,32.330984711647,0,0,0,0,0,0.55654664337635,19.785484701395,70.5403278768063,831.057417117059,0,0,3.25634602457285,0,3.59991377592087,0,0,0,0,0,0,0,0,0,0,0,83.7501836493611,0.587354302406311,13.9779835641384,0,1848.55596125871,3.52224802970886,0,148.516817346215,153.628024727106,0.314854770898819,609.377623260021,5.42810943722725,9.05972784757614,0,690.245035260916,0,0.461334571242332,0,0,0,16.0420495718718,0,168.414192333817,0,32.9778143912554,0,14.5996545702219,348.677623398602,0.534022435545921,1.08468055725098,0,28.626035630703,0,0,0,50.5184366777539,0,44.707201756537,0,0,0,0,0,1588.13978021592,2.37771388888359,102.431556791067,0,2194.69367714226,4.33246600627899,5158.44166317582,1752.92973078787,0.793785214424133
151.664501711726,0,169.796537965536,0,15.6492518782616,0,0,0,73.7528555542231,0,0,0,0,0,0,0,19.9359331279993,8.22669850289822,610.984754875302,0,3.86826050281525,0,0.44898983836174,0,5.32300540804863,0,0,0,0,0,0,0,0,0,0,0,23.6416876614094,0,23.1489693075418,1.36750762164593,1525.98623688519,148.516817346215,0,0,146.746303200722,0,1082.99568966031,2.77830463647842,468.809335544705,0.656937897205353,0,0,0,0,0,0,374.844181597233,0,29.6545146107674,0,42.1924384683371,0,0,298.689638577402,0,0.803224921226501,0,24.7754845023155,0,26.7237517684698,0,267.115142673254,0.209469154477119,219.218974009156,0,0,0,0,0.345180600881577,862.201405540109,1.98731291294098,96.1077782809734,1565.04252451658,0,5010.51323474199,0.419162102043629,1021.43795751035
0,0.444162309169769,0,1.16572463512421,0,0,0,0,0,0,0,0,0,0,0,0,1.63709133863449,2.27669417858124,110.664789587259,0,0,0,0,0,0,0,0,0,0,0,0,0,0,0,0,11.076532304287,0,0,0,94.2189434319735,0.318912506103516,153.628024727106,0,0,0.119719095528126,41.2135758548975,0,0,0,0.333678007125854,0,0,0,0,0,0,0,0,0,0,0,0,25.0077692568302,0,0,0,0,0,0,0,0,0,0,0,0,0,0,0,150.490975916386,0,5.29885612428188,0,109.74257132411,0,205.087140031159,29.2778576761484,0
0,0,0,0,2.65583610534668,0,0,0,0.622493505477905,0,0,0,0,0,0,0,13.1736709624529,0.55253404378891,203.279798880219,0,0,0,0,0,0,0,0,0,0,0,0,0,0,0,0,0,3.18807657063007,0,0.190606892108917,0,193.88614808023,0.314854770898819,146.746303200722,0.119719095528126,0,0.813523501157761,175.728569164872,0,0,0,0,0,0,0,0,0,0.169647455215454,0,0,0,0,0,0,39.6666942685843,0,0,0,0,0,0,0,0.168346747756004,0,0,0,0,0,0,0,152.424107536674,0,6.23145112395287,89.5781670585275,0,209.516181737185,0,23.434141561389
0,17.3842994272709,0,16.5122693032026,0,0.504316926002502,0,0,0,2.98645107448101,0,1.74300065636635,0,0,0,0,45.9149266406894,80.295549325645,735.766353927553,0.951928287744522,0,2.41076796501875,0,0,0,0,0,0,0,0,0,0,0,0,0,97.5681363418698,0,7.60812076926231,0,328.114897914231,3.61213731765747,609.377623260021,0,41.2135758548975,0.813523501157761,0,6.73196087032557,0,0,15.8177702352405,0,0.352150477468967,0,0,0,0.187570586800575,0,68.9863812699914,0,0.401281207799911,0,2.56171367317438,1738.77968408912,0,1.39266014099121,0,0.158853098750114,0,0,0,31.6981303915381,0,83.0738951265812,0,0,0,0,0,2087.44443590194,3.93694912642241,1003.21872495115,0,368.281989485025,1.1530337035656,2138.62160935998,30.0610490888357,0.934146255254745
135.261940091848,0,5.47654993832111,0,2.52507728338242,0,0,0,0.749257579445839,0,0.792655557394028,0,0,0,0,0,55.647076882422,40.0074365362525,1400.13447737694,0,5.23882211744785,0,0,0,0,0,0,0,0,0,0,0,0,0,0,0.160820916295052,145.832300469279,0,24.214685767889,0.923517256975174,471.009318597615,5.42810943722725,1082.99568966031,0,175.728569164872,6.73196087032557,0,0,18.5555317029357,0,0,0,0,0,0,0,23.6436612606049,0,0.193036213517189,0,0,0,2.29606760293245,1783.89246476442,0,0,0,0,0,1.16016466915607,0,23.2189290523529,0,64.4324625581503,0,0,0,0,12.2218043878675,2912.43427173793,0,302.095023438334,316.01023799181,0,1729.0173150748,0.923360481858253,23.1004592329264
0,0,0,0,0,0,0,0,0,0.204615876078606,0,0,0,0,0,0,0,0,0.335043758153915,0,0,24.6268561929464,0,1.41487863659859,0.545759618282318,0,0,0,0,0,0,1247.16828936338,931.858554661274,425.744556158781,501.743344247341,162.440609261394,60.6994652450085,460.939975470304,359.236614003778,45.4441076517105,0.468299269676208,9.05972784757614,2.77830463647842,0,0,0,0,0,1922.93835061789,4040.09712946415,0,0,0,0,0.385389357805252,0.362863928079605,0,2.39908446371555,0,0,0,0,0,0,13.2094006836414,0,7.82504038512707,2.7177337706089,0,0,1.07575684785843,0,30.2366917431355,0,291.070917874575,998.720934182405,131.812720805407,153.746508613229,508.548980027437,3500.9119681716,717.101725280285,1389.98367908597,3752.83309680223,0,199.002974897623,0,0
167.448777452111,0,83.7715657353401,0,4.68325462937355,0,0,0,23.5890622735023,0,0,0,0,0,0,0,0,0,0.633453696966171,0,0.237954497337341,0,183.428043007851,0,1.96045193076134,0,0,0,0.817175596952438,0,0,0,0,0,1.74254512786865,0,57.3549886643887,0,189.645933881402,0,391.315484389663,0,468.809335544705,0,0,0,18.5555317029357,1922.93835061789,0,1162.64979347587,0,0,0,0,0,0,51.2179640755057,0,5.1831731647253,0,21.3904876112938,0,0,3.78820586204529,0,171.511293560266,0,69.8839203566313,0,46.2544328421354,0,212.832742258906,0,81.3028414696455,0,6.89173269271851,0,8.79808089137077,0,1933.93137367815,0,860.060097754002,1739.50647648424,0,932.266638815403,0,15.4479254484177
0,123.334467768669,0,86.1887104064226,0,3.27820864319801,0,0,0,182.329919606447,0,0,0,0,0,8.68313044309616,0,0,1.08599771559238,0,0,248.716768190265,0,38.7999690622091,0,0,0,0,0,0,0,18.3820745944977,0,7.04943552613258,0,11.0843469798565,0,214.351621240377,0,374.532840713859,141.959113717079,690.245035260916,0.656937897205353,0.333678007125854,0,15.8177702352405,0,4040.09712946415,1162.64979347587,0,0,3.67139868438244,0,0,0,16.0484848171473,0,56.0262766033411,0,5.09902793169022,0,21.7651128768921,7.5596866607666,0,130.018134906888,0,177.251603990793,0,9,0,30.5336471572518,0,316.729731947184,0,1.45828247070312,0,1.4025753736496,0,324.152514256537,0,137.422255061567,0,1137.78417094797,4.48053747415543,1512.92886993289,17.7485327720642,0
0,0,95.7311677634716,0,264.45073723793,0,116.77593266964,0,35.8009455502033,0,0,0,0,0,11.2176614999771,0,0,0,0,0,0,0,0,0,0,0,0,0,0,0,0,0,0,0,0,0,0,0,0,0,0,0,0,0,0,0,0,0,0,0,0,0,71.7628895640373,0,10.5764232575893,0,444.734905317426,0,144.221792519093,0,100.957274600863,0,0,0,0,0,0,0,0,0,0,0,0,0,0,0,0,0,0,0,0,0,79.5165038108826,0,0,0,0
0,3.27794449031353,0,65.8466225117445,0,487.948705166578,0,68.2257031202316,0,14.5303070545197,0,3.60139176249504,0,0,0,2.80632150173187,0,0,0,8.95895594358444,0,0,0,0,0,0,0,0,0,0,0,0,0,0,0,0.164671316742897,0,0,0,0,0,0.461334571242332,0,0,0,0.352150477468967,0,0,0,3.67139868438244,0,0,0,17.036806344986,0,0,0,69.4013398885727,0,14.8343565762043,0,2.79989922046661,7.77081835269928,0,0,0,0,0,0,0,0.269431710243225,0,0.500989377498627,0,0,0,0,0,0,0,0,0,8.94866552948952,3.1910228729248,284.458001792431,0,0
0,0,0,0,0,0,20.5781038999557,0,0,0,0,0,0,0,0,0,0,0,0,0,0,0,0,0,0,0,0,0,0,0,0,0,0,0,0,0,0,0,0,0,0,0,0,0,0,0,0,0,0,0,71.7628895640373,0,0,0,0,0,70.7750080525875,0,55.9968945682049,0,0,0,0,0,0,0,0,0,0,0,0,0,0,0,0,0,0,0,0,0,0,0,3,0,0,0,0
0,0,0,0,0,0,0,126.466089367867,0,0,0,0,0,8.10756212472916,0,0,0,0,0,0,0,0,0,0,0,0,0,0,0,0,0,0,0,0,0,0,0,0,0,0,0,0,0,0,0,0,0,0,0,0,0,17.036806344986,0,0,0,0,0,239.570878624916,0,121.410003781319,0,0,0,0,0,0,0,0,0,0,0,0,0,0,0,0,0,0,0,0,0,0,4.85773700475693,0,0,0,0
250.926046669483,0,0,0,0.645270228385925,0,0,0,1217.3885127455,0,0,0,0,0,13.82530772686,0,4.25260937213898,0,0,0,0,0,0,0,147.633076667786,0,0,0,0,0,0,0,0,0,0,0,0,0,77.9263319373131,0,0,0,0,0,0,0,0,0.385389357805252,0,0,10.5764232575893,0,0,0,0,0,0,0,0,0,337.892976045609,0,0,0,0,0,0,341.736464619637,0,15.7912936210632,0,0,0,0,0,0,0,0,0,0,0,73.7853974401951,13.8282231092453,0,14.2637777924538,0,0
0,191.230899855494,0,141.440584942698,0,0.50895631313324,0,0,0,461.321926489472,0,0,0,0,0,43.8429166674614,0,0,0,0,0,0,0,54.6976559460163,0,0,0,0,0,0,0,0,0,0,0,0,0,229.960277616978,0,0,0,16.0420495718718,0,0,0,0.187570586800575,0,0.362863928079605,0,16.0484848171473,0,0,0,0,0,0,0,0,0,9.4580243229866,0,52.1009692251682,0,0,0,0,311.752656370401,0,18.2443851232529,0,0,0,0,0,0,0,0,0,0,0,220.420983076096,0,21.5652303695679,0,85.8565170764923,0,0
2.65438237786293,0,62.1873998194933,0,10.9524711370468,0,0,0,10.3519719988108,0,625.308207169175,0,9.42237254977226,0,0,0,0,0,13.6432797163725,0,197.103430688381,0,0.661248087882996,0,0,0,0,0,0,0,8.64566761255264,0,0,0,0,0,57.2187162935734,0,213.31864310801,0,5.30822040140629,0,374.844181597233,0,0.169647455215454,0,23.6436612606049,0,51.2179640755057,0,444.734905317426,0,70.7750080525875,0,0,0,0,0,404.943865686655,0,17.6898433715105,0,0,402.283789396286,0,0.970422208309174,0,8.71226711571217,0,97.1166501790285,0,436.670416891575,0,521.169651806355,0,0,0,0,0,10.78932698071,0,86.3205483555794,92.9206115677953,0,673.557556524873,0,49.1238718479872
0,27.0502558350563,0,52.4143403768539,0,4.6326792538166,0,0,0,3.46869778633118,0,977.380314692855,0,0,0,0,0,0.601597547531128,20.3218141943216,54.839627623558,0,56.620581433177,0,5.83912143111229,0,0,0,0.166148915886879,0,41.6506604254246,0,0,0,0,0,66.8763152062893,0,173.676007993519,0,2.59870529919863,0,168.414192333817,0,0,0,68.9863812699914,0,2.39908446371555,0,56.0262766033411,0,69.4013398885727,0,239.570878624916,0,0,0,0,0,968.772378176451,0,72.8106642216444,465.35243768245,0,5.88685904443264,0,8.67242850363255,0,0,0,1075.5497174114,0,727.876978114247,0,0,0,0,0,32.0459696277976,0,272.017759904265,0,64.4875598847866,1.17176252603531,1011.81602104008,33.193987518549,0
0,0,16.1061880737543,0,12.3390259444714,0,2.05638408660889,0,0.344335407018661,0,51.8454185724258,0,88.0841759741306,0,5.1571481525898,0,0,0,0,0,0,0,0.501997515559196,0,0,0,0,0,0,0,0,0,0,0,0,0,0.211470738053322,0,0,0,0.563712313771248,0,29.6545146107674,0,0,0,0.193036213517189,0,5.1831731647253,0,144.221792519093,0,55.9968945682049,0,0,0,404.943865686655,0,0,0,198.454579487443,0,0,0.233221784234047,0,0,0,3.0979953110218,0,189.548134431243,0,78.5939698219299,0,7.59837141633034,0,0,0,0,0,0.180454388260841,0,0,0.188363879919052,0,41.0937861651182,0,1.28772449493408
0,7.24144783616066,0,95.9494790732861,0,0,0,30.524356842041,0,12.1356707811356,0,23.0628275871277,0,125.709660708904,0,63.1385938227177,0,2.62950754165649,0,0,0,0,0,0.198156729340553,0,0,0,0,0,0,0,0,0,0,0,0,0,0,0,1.76775169372559,0,32.9778143912554,0,0,0,0.401281207799911,0,0,0,5.09902793169022,0,14.8343565762043,0,121.410003781319,0,9.4580243229866,0,968.772378176451,0,0,0,130.724621400237,27.2309963554144,0,0,0,0.246725842356682,0,140.206496119499,0,321.59688141942,0,2.54152257740498,0,0,0,0,0,1.14469983428717,0,2.48794054985046,0,5.09172248840332,0,90.4006880521774,6.29182291030884,0
3.40891566872597,0,9.99172866344452,0,31.287076830864,0,0,0,98.4482401013374,0,0,0,16.5829529613256,0,36.2659012377262,0,1.34236466884613,0,0,0,0,0,0,0,0.414709776639938,0,0,0,0,0,0,0,0,0,0,0,0,0,0,0,0,0,42.1924384683371,0,0,0,0,0,21.3904876112938,0,100.957274600863,0,0,0,337.892976045609,0,17.6898433715105,0,198.454579487443,0,0,0,0,0,0,0,0,16.6740899682045,0,43.2598213851452,0,0,0,0,0,0,0,0,0,0,0,0,118.724883019924,83.5336815714836,31.2934482544661,0,1.01726293563843
0,34.4757163971663,0,233.226475924253,0,4.0607887506485,0,0,0,339.974706321955,0,0,0,6,0,206.024080604315,0,0,0,0,0,0.236787751317024,0,0,0,0,0,0,0,0,0,0,0,0,0,1.68647113442421,0,0,0,0.479190289974213,0,14.5996545702219,0,0,0,2.56171367317438,0,0,0,21.7651128768921,0,2.79989922046661,0,0,0,52.1009692251682,0,72.8106642216444,0,130.724621400237,0,0,1.37179450690746,0,0.374602019786835,0,22.0741671621799,0,1.50074410438538,0,4.22456353902817,0,2.27330803871155,0,0,0,0,0,4.34997867792845,0,2.09968186914921,0,7.91758249700069,0,96.3145214468241,1.23813629150391,0
0,1.78020861744881,0,4.45434528589249,0,2.89468973875046,0,0,0,0.982461750507355,0,94.2017385363579,0,0,0,0,7.96874382346869,19.9468134939671,193.162112824619,792.436816081405,0,7.28805050253868,0,0,0,0,0,0,0,0,0,0,0,0,0,281.77739007026,0,41.4106731712818,0,87.6873115748167,0.819298505783081,348.677623398602,0,25.0077692568302,0,1738.77968408912,2.29606760293245,0,0,7.5596866607666,0,7.77081835269928,0,0,0,0,0,465.35243768245,0,27.2309963554144,0,1.37179450690746,0,0,0,0,0.645150423049927,0,0,0,200.533522173762,0,240.070607364178,0,0,0,0,0,1287.18056269735,0.885898262262344,665.557121157646,0,213.465622410178,1.74397517740726,812.466166622937,6.97880211472511,0
4.58011714369059,0,0.600355982780457,0,1.97284913063049,0,0,0,0.872016727924347,0,24.4152212888002,0,0,0,0,0,7.30337597429752,4.12014313042164,211.092437393963,0,717.808885633945,0,0,0,0,0,0,0,0,0,3.40179300308228,0,0,0,0,0,134.689067989588,0,59.7402630597353,0,69.5326198339462,0.534022435545921,298.689638577402,0,39.6666942685843,0,1783.89246476442,0,3.78820586204529,0,0,0,0,0,0,0,402.283789396286,0,0.233221784234047,0,0,0,0,0,0,0.73966121673584,0,0.216751754283905,0,1.17492185533047,0,47.8606372475624,0,337.529919013381,0,0,0,0,0.870059788227081,2304.28494424373,0,335.430793702602,103.383635953069,0,1167.43549288809,0.240004539489746,8.24270414561033
0,0,0,0,0,0,0,0,0,0,0,0,0,0,0,0,56.5730545073748,297.843860670924,6.25378456711769,0,0,5123.78962396085,0,316.037499129772,0,0.401329755783081,0,0,0,0,0,0,0,0,0,0,0,602.635977089405,0,0,0,1.08468055725098,0,0,0,1.39266014099121,0,13.2094006836414,0,130.018134906888,0,0,0,0,0,0,0,5.88685904443264,0,0,0,0.374602019786835,0,0,0,0,748.165005043149,0,202.427753359079,0,22.5887045413256,0,13.4818523675203,0,0,0,0,0,0,0,692.588573470712,0,349.367854788899,3.48469907045364,4.70743001997471,0,0
0,0,0,0,0,0,0,0,0,0,0,0,0,0,0,0,99.3084673881531,3.1841287612915,0.867934703826904,0,0,45.1226403713226,4641.03198100626,0,189.591857671738,0,0,0,3.60389006137848,0,0,0,0,0,0,0,0,0,380.254097342491,0,0,0,0.803224921226501,0,0,0,0,0,171.511293560266,0,0,0,0,0,0,0,0.970422208309174,0,0,0,0,0,0,0.73966121673584,0,0,0,464.886652693152,0,0,0,833.147212266922,0,92.1653996109962,0,0,0,0,0,0,0,596.664164423943,287.195181369781,37.7495367527008,7.29343789815903,0,0
0,4.10964733362198,0,0,0,0,0,0,0,23.8552033007145,0,0,0,0,0,55.2830753028393,37.0231359302998,200.724391967058,4.54769915342331,0,0,160.182019278407,0,829.516410559416,0,62.0702489614487,0,0,0,0,0,0,0,0,0,0,0,230.527674674988,0,0,0,28.626035630703,0,0,0,0.158853098750114,0,7.82504038512707,0,177.251603990793,0,0,0,0,0,311.752656370401,0,8.67242850363255,0,0.246725842356682,0,22.0741671621799,0.645150423049927,0,748.165005043149,0,0,0,119.904898494482,0,30.3225167691708,0,13.0305518954992,0,0,0,0.572413921356201,0,0,0,568.480007067323,0,246.023693233728,0,222.635077312589,0,0
0,0,0.465052843093872,0,0,0,0,0,18.7105200886726,0,0,0,0,0,0,0,0,0,0,0,0,0,14.5407709777355,0,288.200651466846,0,41.0647394061089,0,2.66665330529213,0,0,0,0,0,0,0,0.167848184704781,0,297.458849459887,0,0,0,24.7754845023155,0,0,0,0,2.7177337706089,69.8839203566313,0,0,0,0,0,341.736464619637,0,8.71226711571217,0,3.0979953110218,0,16.6740899682045,0,0,0.216751754283905,0,464.886652693152,0,0,0,91.9080551713705,0,44.9674035310745,0,0,0,0,0,0,0,0.156733497977257,0,828.382207378745,74.7502337992191,0,207.062666490674,0,0.880814969539642
0,0,0,0,0,0,0,0,0,0.744876503944397,0,0,0,0,0,0,0.547940269112587,71.5134703814983,0.643991529941559,0,0,84.0569564700127,0,222.354044407606,0,13.6286564171314,0,3.36394584178925,0,0,0,0,0,0,0,0,0,0,0,0,0,0,0,0,0,0,0,0,0,9,0,0,0,0,0,18.2443851232529,0,0,0,140.206496119499,0,1.50074410438538,0,0,202.427753359079,0,119.904898494482,0,0,0,167.17077241838,0,0,0,0,0,0,0,0,0,0,0,0,0,8,0,0
0,0,2.36933569610119,0,0,0,0,0,0,0,0,0,0,0,0,0,16.2362861931324,0,0,0,0,0,0,0,107.751972824335,0,70.7423120439053,0,2.68653950095177,0,0,0,0,0,0,0,1.01167853176594,0,0,0,0.198669388890266,0,26.7237517684698,0,0,0,1.16016466915607,0,46.2544328421354,0,0,0,0,0,15.7912936210632,0,97.1166501790285,0,189.548134431243,0,43.2598213851452,0,0,1.17492185533047,0,0,0,91.9080551713705,0,0,0,329.738109365106,0,1.96296286582947,0,0,0,0,0,2.14021492004395,0,0,29.7031488493085,0,52.0006712526083,0,3.40474218130112
0,49.3871611654758,0,26.2772328853607,0,2.7320918738842,0,0,0,4.26495558023453,0,0,0,0,0,0.18692247569561,0,0,19.9819943755865,0,0,79.6773616969585,0,9.87928161025047,0,0.289406895637512,0,83.6731026470661,0,0,0,0,0,0.670416176319122,0,0.517394721508026,0,8.24365538358688,0,6.03749965131283,0,50.5184366777539,0,0,0,31.6981303915381,0,1.07575684785843,0,30.5336471572518,0,0.269431710243225,0,0,0,0,0,1075.5497174114,0,321.59688141942,0,4.22456353902817,200.533522173762,0,22.5887045413256,0,30.3225167691708,0,167.17077241838,0,0,0,364.654766142368,0,0,0,0,0,22.6875479519367,0,22.7934112995863,0,89.2420515343547,0.795033469796181,246.496719539165,24.4564016759396,0
4.65923500061035,0,40.1140265166759,0,0.694783270359039,0,0,0,10.7677293717861,0,0,0,0,0,0,0,0,0.171023443341255,12.9980991110206,0,0,0,313.538956254721,0,2.55727402865887,0,2.14523950219154,0,61.7156616300344,0,1,0,0,0,0,0,1.79090182483196,0,3.54964919388294,0,6.21179333329201,0,267.115142673254,0,0.168346747756004,0,23.2189290523529,0,212.832742258906,0,0,0,0,0,0,0,436.670416891575,0,78.5939698219299,0,0,0,0,47.8606372475624,0,833.147212266922,0,44.9674035310745,0,329.738109365106,0,0,0,572.536249816418,0,0,0,0,0,17.5757622420788,0,436.851835832,92.3283841758966,0,689.736166164279,0,28.5626393556595
0,0,0,14.2999172732234,0,3.71349123120308,0,0,0,6.07159745693207,0,14.6085447371006,0,0,0,0,0,0.121415577828884,16.6929502934217,0,0,158.958306595683,0,3.047218054533,0,0,0,0.213793307542801,0,184.315552830696,0,0,0,4.00043666362762,0,1.0703192949295,0,215.770486280322,0,9.37756283581257,0,44.707201756537,0.209469154477119,0,0,83.0738951265812,0,30.2366917431355,0,316.729731947184,0,0.500989377498627,0,0,0,0,0,727.876978114247,0,2.54152257740498,0,2.27330803871155,240.070607364178,0,13.4818523675203,0,13.0305518954992,0,0,0,364.654766142368,0,0,0,0,0,0,0,14.49155523628,0,1570.12632216513,0,42.8528690412641,0.294138461351395,613.626069970429,20.4338776171207,0
9.90284582972527,0,46.435119792819,0,0,0,0,0,8.22449108958244,0,0.450952440500259,0,0,0,0,0,0.997517451643944,0,39.0804187655449,0,2.04272538423538,0,21.3046040982008,0,0,0,0,0,0,0,194.234415322542,0,0,0,0,0,1.66419647634029,0,5.77824819087982,0,19.3783147037029,0,219.218974009156,0,0,0,64.4324625581503,0,81.3028414696455,0,0,0,0,0,0,0,521.169651806355,0,7.59837141633034,0,0,0,0,337.529919013381,0,92.1653996109962,0,0,0,1.96296286582947,0,572.536249816418,0,0,0,0,0,0,0,32.0771413892508,0,1264.93523980677,142.425765737891,0,699.338320270181,0,30.9030825197697
0,0,0,0,0,0,0,0,0,0,0,0,0,0,0,0,0,0,0,0,0,0,0,0,0,0,0,0,0,0,0,1179.39958080649,553.143362343311,56.8485559523106,1.75162088871002,125.529377371073,0,0,0,0,0,0,0,0,0,0,0,291.070917874575,0,1.45828247070312,0,0,0,0,0,0,0,0,0,0,0,0,0,0,0,0,0,0,0,0,0,0,0,0,0,53.0692993402481,171.018837705255,0.384254664182663,240.015149027109,0,0,0,486.402581229806,0,0,0,0
0,0,0,0,0,0,0,0,0,0,0,0,0,0,0,0,0,0,0,0,0,0,0,0,0,0,0,0,0,0,0,112.657823592424,972.157748252153,0,5.19177082180977,2.02029347419739,47.5011854469776,0,0,0,0,0,0,0,0,0,0,998.720934182405,6.89173269271851,0,0,0,0,0,0,0,0,0,0,0,0,0,0,0,0,0,0,0,0,0,0,0,0,0,53.0692993402481,0,0,528.600540697575,0,869.159481167793,0,0,11.6202214062214,0,0,0,0
0,0,0,0,0,0,0,0,0,0,0,0,0,0,0,0,0,0,0,0,0,0,0,0,0,0,0,0,0,0,0,116.603660002351,57.8326046466827,1841.16707725823,508.363457739353,173.003458917141,0,112.324919909239,0,0,0,0,0,0,0,0,0,131.812720805407,0,1.4025753736496,0,0,0,0,0,0,0,0,0,0,0,0,0,0,0,0,0.572413921356201,0,0,0,0,0,0,0,171.018837705255,0,0,55.6874584853649,569.866160094738,0,492.626412242651,0,176.178411647677,0,0,0,0
0,0,0,0,0,0,0,0,0,0,0,0,0,0,0,0,0,0,0,0,0,0,0,0,0,0,0,0,0,0,0,0.77037650346756,38.7930716276169,151.33653897047,1561.73741257191,0,640.059318423271,0,42.2631373405457,0,0,0,0,0,0,0,0,153.746508613229,8.79808089137077,0,0,0,0,0,0,0,0,0,0,0,0,0,0,0,0,0,0,0,0,0,0,0,0,0,0.384254664182663,528.600540697575,55.6874584853649,0,0,767.632230222225,0,498.051678270102,140.67234903574,0,0,0,0
