0,0,6.03284312338725,0,0,0,0,0,4.14695261955261,0,0,0,0,0,0,0,49.958750406901,0,22.3729029476643,0,0,0,0,0,0,0,0,0,0,0,0,0,0,0,0,0,0,0,0,0,30.3121376037598,0,19.2094736088763,0,0,0,82.4487228393555,0,7.64460268126258,0,0,0,0,0,3.76647276878357,0,0,0,0,0,8.08619379369836,0,0,0,0,0,0,0,0,0,0,0,0,0,0,0,0,0,0,0,0,0,12.5094511577906,0,10.6174562125139,0,13.3601362294164
0,0,0,4.71774969746669,0,0,0,0,0,5.24943691730499,0,0,0,0,0,5.41823838037603,45.6623652776082,60.8003540039062,11.7931246055954,0,0,0,0,0,0,0,0,0,0,0,0,0,0,0,0,55.9814895629883,101.114654541016,0,0,39.6075592041016,64.1439158121745,22.1507378564365,0,0,0,17.7145999955737,0,0,0,5.57799939522568,0,0,0,0,0,3.73888456821442,0,26.8970527648926,0,0,0,4.88367430980389,32.6841569398579,0,0,0,0,0,0,0,0,0,33.0007719993591,0,0,0,0,0,42.5952015337737,68.2669219970703,46.7035350799561,0,16.9772370351809,0,10.5778162673618,12.6033363342285,0
6.03284312338725,0,0,0,12.6565595626831,0,0,0,8.73552830589009,0,0,0,0,0,0,0,118.641342163086,0,57.5166921615601,0,0,0,47.866117477417,0,0,0,0,0,0,0,0,0,0,0,0,37.8567110697428,26.042950073878,0,35.4183731079102,0,38.8957352411179,39.9314615461561,27.6040487773177,0,0,0,24.6341009701,36.2610282897949,8.42455752818815,42.5716018676758,9.66966438293457,0,0,0,8.60824249729966,0,8.50850367546082,0,4.8659991423289,0,6.51748946133782,0,0,34.2218971252441,0,47.4392318725586,0,0,0,0,0,37.8162763118744,0,28.7125277519226,0,0,0,0,0,40.1084430802543,0,35.5871969420334,13.323823604149,11.106543657591,16.1073570997087,0,16.435311623982
0,4.71774969746669,0,0,0,12.8478096099127,0,0,0,10.7130765240147,0,0,0,0,0,0,0,47.7890853881836,31.4972946166992,31.0855213165283,0,0,0,0,0,0,0,0,0,34.6032168070475,0,0,0,0,0,22.5454806181101,0,38.1021410624186,0,35.0065343379974,0,36.2985569477081,0,0,0,26.8699108276367,0,0,0,8.46359746948428,0,0,0,0,0,8.03627189556202,0,14.5048859091366,0,4.1605232370143,0,7.01750670579764,32.1244992817918,0,0,0,0,0,0,0,34.2420651117961,0,31.4185608065858,0,0,0,0,0,39.0449188672579,0,37.3192195892334,0,8.46708483695984,10.1988409827737,10.5142726586905,32.5289582252502,0
0,0,12.6565595626831,0,0,0,4.89059558122054,0,6.26534218835359,0,0,0,0,0,5.88609763067596,0,0,0,0,0,12.6350348790487,0,0,0,0,0,0,0,0,0,0,0,0,0,0,0,18.9544357781882,0,0,0,0,0,41.2085075378418,0,0,0,0,0,36.7209657033285,0,4.79785252635802,0,4.52880158964193,0,4.22610550660353,0,0,0,0,0,5.89396461844444,0,0,13.4178388495194,0,0,0,0,0,0,0,0,0,0,0,0,0,0,0,27.1602527073451,0,46.635383605957,6.47542818838091,13.9322238266468,16.0228453060188,0,0
0,0,0,12.8478096099127,0,0,0,0,0,3.48299031257629,0,0,0,0,0,3.77238410711288,0,0,0,4.01062393188477,0,0,0,0,0,0,0,0,0,0,0,0,0,0,0,14.9810647964478,0,0,0,0,0,62.4285907745361,0,0,0,35.4482049942017,0,0,0,0,0,4.0767445315176,0,2.74398553371429,0,0,0,20.2644661664963,0,7.18764019012451,0,3.36643966039022,42.2012405395508,0,0,0,0,0,0,0,0,0,0,0,0,0,0,0,46.1296806335449,0,49.8122545878092,0,6.28497125421252,0,16.6461555957794,0,0
0,0,0,0,4.89059558122054,0,0,0,0,0,4.23608064651489,0,4.2216796875,0,0,0,0,0,0,0,0,0,0,0,0,0,0,0,0,0,0,0,0,0,0,0,0,0,0,0,0,0,0,0,0,0,0,0,0,0,3.19507597793232,0,2.94753249486287,0,0,0,3.99604254961014,0,7.41099379062653,0,0,0,0,0,0,0,0,0,0,0,0,0,0,0,0,0,0,0,0,0,0,0,3.02172148227692,0,0,0,0
0,0,0,0,0,0,0,0,0,0,0,0,0,3.83856972220804,0,0,0,0,0,0,0,0,0,0,0,0,0,0,0,0,0,0,0,0,0,0,0,0,0,0,0,0,0,0,0,0,0,0,0,0,0,0,0,3.20147350288573,0,0,0,0,0,2.95705628395081,0,0,0,0,0,0,0,0,0,0,0,0,0,0,0,0,0,0,0,0,0,0,3.16421465251757,0,0,0,0
4.14695261955261,0,8.73552830589009,0,6.26534218835359,0,0,0,0,0,0,0,0,0,4.48265490929286,0,7.16963529586792,40.5369110107422,0,0,0,0,61.8088302612305,0,3.31608692804972,0,3.27685284614563,0,0,0,0,0,0,0,0,0,22.432710647583,0,5.28102111455166,0,41.8627853393555,0,16.6604849124441,0,0,0,48.2482719421387,21.4372749328613,24.4303941726685,0,7.0030449424778,0,0,0,5.04760723392287,0,0,0,0,0,4.72782776572488,0,0,15.118748664856,0,0,0,6.25125808899219,0,3.59634842191424,0,0,0,39.6796531677246,0,0,0,0,0,51.2226676940918,0,8.05943160898545,8.44260863862719,16.0833322599337,13.5131629522966,0,9.10812765359879
0,5.24943691730499,0,10.7130765240147,0,3.48299031257629,0,0,0,0,0,0,0,0,0,3.65623339702343,0,4.22630095481873,0,0,0,0,0,4.91870145003001,0,0,0,0,0,0,0,0,0,0,0,19.8068767547607,0,8.59421792626381,0,0,0,6.68477174308565,0,0,0,40.7555618286133,0,0,0,6.65639328956604,0,0,0,0,0,3.97818891198232,0,21.1280647913615,0,0,0,4.15034323891267,43.5228824615479,0,0,0,8.8387695178753,0,0,0,0,0,40.9314142862956,0,0,0,0,0,42.1924471855164,0,45.9478645324707,0,5.66204431754391,3.78510141372681,8.37286636978388,4.68307792223417,0
0,0,0,0,0,0,4.23608064651489,0,0,0,0,0,0,0,0,0,0,0,0,0,3.99126987597522,0,0,0,0,0,0,0,0,0,11.9203333059947,0,0,0,0,0,3.5677636663119,0,6.27012393459097,0,0,0,0,0,0,0,0,0,0,0,0,0,4.460475059656,0,0,0,5.33269023953462,0,0,0,0,0,0,10.0339102745056,0,0,0,0,0,0,0,0,0,14.6403214350725,0,0,0,0,0,0,0,16.753341794014,3.33326708885931,0,13.2899129033089,0,0
0,0,0,0,0,0,0,0,0,0,0,0,0,6.22869849205017,0,0,0,0,65.934326171875,3.3863686038487,0,0,0,0,0,0,0,0,0,6.66849315166473,0,0,0,0,0,3.12720572948456,0,4.14520832006844,0,0,0,44.2840156555176,0,0,0,32.5486850738525,0,0,0,27.1651134490967,0,6.47127910455068,0,0,0,0,0,6.94067475169046,0,6.22409574609054,0,0,16.3091216936503,0,0,0,0,0,0,0,2.87298528353373,0,4.73469514846802,0,0,0,0,0,18.8561143875122,0,8.50711876695806,0,4.76662208275361,0,19.305215549469,0,0
0,0,0,0,0,0,4.2216796875,0,0,0,0,0,0,0,4.68187477530503,0,0,0,0,0,0,0,0,0,0,0,0,0,4.04441586732864,0,0,0,0,0,0,0,0,0,0,0,0,0,0,0,0,0,0,0,0,0,0,0,0,0,0,0,7.56755577087402,0,4.79247634792328,0,5.08823738239779,0,0,0,0,0,0,0,0,0,0,4.54842548370361,0,0,0,0,0,0,0,0,0,0,3.40694426000118,2.96028137207031,0,0,0
0,0,0,0,0,0,0,3.83856972220804,0,0,0,6.22869849205017,0,0,0,3.21854653358459,0,0,0,0,0,0,0,0,0,0,0,3.04181161608015,0,0,0,0,0,0,0,0,0,0,0,0,0,0,0,0,0,0,0,0,0,0,0,0,0,0,0,0,0,6.67500047250228,0,3.30415985493061,0,0,0,0,0,0,0,0,4.42615251437477,0,4.52815266772433,0,0,0,0,0,0,0,0,0,0,0,2.87653274195535,3.12962951660156,0,0,0
0,0,0,0,5.88609763067596,0,0,0,4.48265490929286,0,0,0,4.68187477530503,0,0,0,0,0,0,0,0,0,0,0,4.65800466537476,0,3.77109579245249,0,4.35250844955444,0,0,0,0,0,0,0,0,0,0,0,0,0,0,0,0,0,0,0,3.36858092035566,0,6.79316523415702,0,0,0,3.25211725234985,0,0,0,6.25163171584146,0,4.41753332047235,0,0,0,0,0,0,7.86962727137974,0,3.34263892607255,0,7.59345531463623,0,0,0,0,0,0,0,0,0,0,6.61407252600916,3.61273366492867,0,0,0
0,5.41823838037603,0,0,0,3.77238410711288,0,0,0,3.65623339702343,0,0,0,3.21854653358459,0,0,0,10.8896932601929,0,0,0,0,0,0,0,0,0,0,0,0,0,0,0,0,0,0,0,0,0,0,0,0,0,0,0,0,0,0,0,6.94136465679516,0,3.30911873687397,0,0,0,3.82819932699203,0,0,0,3.20078641216771,0,3.20487844815818,0,0,0,0,0,0,4.50191823641459,0,0,0,0,0,0,0,0,0,0,0,0,0,3.64176658104206,0,0,0,0
49.958750406901,45.6623652776082,118.641342163086,0,0,0,0,0,7.16963529586792,0,0,0,0,0,0,0,0,27.8925263760192,29.7329398093913,84.8744812011719,0,33.507869720459,5.60675171616017,0,0,79.683967590332,8.76415388724383,0,2.73074865341187,0,0,0,0,0,0,120.161849212646,103.825745010376,0,0,96.1114532470703,77.3548745225977,79.6512856483459,58.3152834257422,0,0,75.8355349063873,65.9030651316923,0,62.3649291992188,60.9611420631409,0,0,0,0,0,0,0,0,0,0,0,0,86.2103491369283,80.2464508388353,26.9309487342834,4.48207670136502,0,0,35.8305616378784,2.75199174880981,0,0,84.5212593078613,78.348713684082,0,0,0,0,93.8756109449598,83.1447874817326,91.0334630330404,73.4459117778297,19.2709993897893,6.56710556419421,64.6879693014909,74.0773784092494,51.4029989242554
0,60.8003540039062,0,47.7890853881836,0,0,0,0,40.5369110107422,4.22630095481873,0,0,0,0,0,10.8896932601929,27.8925263760192,0,32.071051337553,70.1481800079346,0,6.5057135913813,68.9276504516602,2.82485273480415,0,10.1698888888726,0,3.78410196304321,0,0,0,0,0,0,0,94.8474595443062,106.410637537638,0,0,74.2411087036133,84.0318966348663,66.8837596692537,70.5747941898394,0,0,66.850996173158,66.5856496720087,0,100.493061065674,105.34529876709,0,0,0,0,0,0,0,0,0,0,0,0,78.314254991936,96.1631358220027,22.6763368205748,0,0,0,13.6120976436237,0,0,0,81.3992936876085,97.9294637044271,0,0,0,0,84.3153042174782,90.388666359154,70.4465224825103,91.3974957466125,22.2701135801899,6.57107414369998,73.360379096305,53.2784269300558,64.2978519439697
22.3729029476643,11.7931246055954,57.5166921615601,31.4972946166992,0,0,0,0,0,0,0,65.934326171875,0,0,0,0,29.7329398093913,32.071051337553,0,54.2332348925002,0,58.4186859130859,80.6530075073242,0,0,31.0042572021484,0,0,0,48.599853515625,0,0,0,0,0,70.9261120822364,71.8693655004453,41.8228281269903,0,57.2120912578744,53.6893967238763,36.3681648218113,34.3041098873204,14.9216367331418,28.1360583305359,40.7757414745348,40.883824111722,76.9515151977539,59.6113908025954,19.4850735748023,0,0,0,0,0,0,0,57.9496499841863,0,0,0,0,52.1982864964696,58.3118712253834,38.4332160949707,0,0,0,32.2116790347629,0,0,94.3755187988281,42.0756695659448,41.3276519197406,0,0,0,0,58.3625013367247,57.1467564327713,43.9655618513949,47.9864363696549,15.7893004175181,28.4032229255227,37.0886030537423,31.6481865861402,29.0586048912584
0,0,0,31.0855213165283,0,4.01062393188477,0,0,0,0,0,3.3863686038487,0,0,0,0,84.8744812011719,70.1481800079346,54.2332348925002,0,0,0,0,0,0,0,0,0,0,12.8825206756592,0,0,0,0,0,4.33338227569113,0,10.4817807889309,0,72.328483581543,0,39.4804371281674,97.2757911682129,0,0,18.813712467348,0,0,0,53.790833791097,0,9.74790783723195,0,0,0,40.5326881408691,0,5.71748923621279,0,0,0,0,7.0766970256478,0,0,0,0,0,0,0,0,0,21.3931928362165,0,0,0,0,0,6.52859295042971,0,11.0182493600501,0,17.514227212586,36.9112434387207,21.5485533254487,19.9319133758545,0
0,0,0,0,12.6350348790487,0,0,0,0,0,3.99126987597522,0,0,0,0,0,0,0,0,0,0,0,0,0,0,0,0,0,0,0,0,0,0,0,0,0,5.33024746131555,0,4.21014652848244,0,0,0,0,0,0,0,12.8394509792328,0,0,0,12.2275990247726,0,0,0,0,0,12.6805047988892,0,0,0,0,0,0,6.11134641423617,0,0,0,0,0,0,0,56.407039642334,0,16.6515960693359,0,0,0,0,0,7.52162122594717,0,6.50764383210076,4.04240248767474,0,23.5096247196198,0,0
0,0,0,0,0,0,0,0,0,0,0,0,0,0,0,0,33.507869720459,6.5057135913813,58.4186859130859,0,0,0,2.85006785392761,4.83693915605545,0,3.48404550552368,0,4.75556027889252,0,0,0,0,0,0,0,0,0,8.56593522571382,0,0,0,0,0,0,0,0,0,25.604564666748,0,7.54874819455262,0,0,0,0,0,0,0,0,0,0,0,0,0,0,4.66153525198925,0,5.86237729512728,0,15.1841279268265,0,8.05296087410392,0,0,0,0,0,0,0,0,0,6.48762327403213,0,5.72230216695203,8.30566962375197,16.3685587247213,0,0
0,0,47.866117477417,0,0,0,0,0,61.8088302612305,0,0,0,0,0,0,0,5.60675171616017,68.9276504516602,80.6530075073242,0,0,2.85006785392761,0,0,10.4136811494827,0,5.49720205799226,0,3.63815489411354,0,0,0,0,0,0,0,52.30859375,0,10.1045144388398,0,67.6136245727539,0,37.0955991744995,0,0,0,60.2589893341064,0,12.8310625412885,0,0,0,0,0,0,0,27.1188557942708,0,0,0,0,0,0,65.4170934889052,6.97330284118652,4.10424420678734,0,10.2611803701608,0,13.0636897087097,0,12.1447610468838,0,21.2862699508667,0,0,0,0,0,74.4060716629028,0,10.2745244542106,4.83529351292664,4.28645047274503,37.03879626592,0,0
0,0,0,0,0,0,0,0,0,4.91870145003001,0,0,0,0,0,0,0,2.82485273480415,0,0,0,4.83693915605545,0,0,0,0,0,0,0,0,0,0,0,0,0,0,0,7.30691224191247,0,0,0,7.62054692781888,0,0,0,0,0,0,0,6.22267150878906,0,0,0,0,0,0,0,0,0,0,0,0,0,0,5.32504851062123,0,4.71060063923833,0,3.16306632215326,0,9.17981338500977,0,0,0,0,0,0,0,0,0,8.81645363985106,0,4.55057735670181,0,4.66199539026876,7.34285116195679,0
0,0,0,0,0,0,0,0,3.31608692804972,0,0,0,0,0,4.65800466537476,0,0,0,0,0,0,0,10.4136811494827,0,0,0,3.57546158397899,0,0,0,0,0,0,0,0,0,0,0,3.91801870752264,0,0,0,0,0,0,0,0,0,0,0,0,0,0,0,3.27949104309082,0,0,0,0,0,6.88254928588867,0,0,0,0,8.1474902006296,0,4.05291796962728,0,4.07575274095303,0,0,0,0,0,0,0,0,0,0,0,4.73224140146873,2.96563577651978,0,4.23619867648397,0,0
0,0,0,0,0,0,0,0,0,0,0,0,0,0,0,0,79.683967590332,10.1698888888726,31.0042572021484,0,0,3.48404550552368,0,0,0,0,0,0,0,0,0,0,0,0,0,0,0,0,0,0,0,0,0,0,0,0,0,0,0,0,0,0,0,0,0,0,0,0,0,0,0,0,0,0,0,0,0,0,3.55161542097727,0,4.70506625516074,0,0,0,0,0,0,0,0,0,0,0,9.25140628814697,2.94512057304382,0,0,0
0,0,0,0,0,0,0,0,3.27685284614563,0,0,0,0,0,3.77109579245249,0,8.76415388724383,0,0,0,0,0,5.49720205799226,0,3.57546158397899,0,0,0,2.91044926643372,0,0,0,0,0,0,0,0,0,0,0,0,0,0,0,0,0,0,0,0,0,0,0,0,0,2.96095359325409,0,0,0,0,0,4.62650574170626,0,0,0,0,0,0,4.08285337686539,0,3.44954364656826,0,0,0,0,0,0,0,0,0,0,0,0,3.88049652922244,0,0,0,0
0,0,0,0,0,0,0,0,0,0,0,0,0,3.04181161608015,0,0,0,3.78410196304321,0,0,0,4.75556027889252,0,0,0,0,0,0,0,2.83079943656921,0,0,0,0,0,0,0,0,0,0,0,0,0,0,0,0,0,0,0,0,0,0,0,0,0,0,0,0,0,3.30594571431478,0,0,0,0,5.45575991558702,0,0,0,4.3356636762619,0,3.93595840103772,0,6.4770661241868,0,0,0,0,0,0,0,0,0,3.171790599823,0,0,0,0
0,0,0,0,0,0,0,0,0,0,0,0,4.04441586732864,0,4.35250844955444,0,2.73074865341187,0,0,0,0,0,3.63815489411354,0,0,0,2.91044926643372,0,0,0,0,0,0,0,0,0,0,0,0,0,0,0,0,0,0,0,0,0,0,0,0,0,0,0,0,0,19.9604167938232,0,8.87170712153117,0,9.93610095977783,0,0,0,0,0,0,0,0,4.4433274269104,0,4.31405116332567,0,19.3326778411865,0,0,0,0,0,0,0,0,0,0,31.9296598434448,0,0
0,0,0,34.6032168070475,0,0,0,0,0,0,0,6.66849315166473,0,0,0,0,0,0,48.599853515625,12.8825206756592,0,0,0,0,0,0,0,2.83079943656921,0,0,0,0,0,0,0,0,0,3.68469886503358,0,0,0,48.1669235229492,0,0,0,42.6273161570231,0,0,0,0,0,0,0,0,0,0,0,5.19989885769638,0,3.15943717956543,0,0,21.5544160888309,0,0,0,0,0,0,0,2.94003097907357,0,4.48949374141781,0,0,0,0,0,58.7795944213867,0,3.87044318260685,0,23.2606078825499,45.5240287780762,22.9898139556249,0,0
0,0,0,0,0,0,0,0,0,0,11.9203333059947,0,0,0,0,0,0,0,0,0,0,0,0,0,0,0,0,0,0,0,0,0,0,0,0,0,0,0,0,0,0,0,0,0,0,0,0,0,0,0,0,0,0,0,0,0,6.54619446667758,0,0,0,0,0,0,0,0,0,0,0,0,0,0,15.2493401595524,0,7.39937653109036,0,0,0,0,0,57.6140098571777,0,3.48948545455933,0,0,0,0,0
0,0,0,0,0,0,0,0,0,0,0,0,0,0,0,0,0,0,0,0,0,0,0,0,0,0,0,0,0,0,0,0,2.73496611913045,11.7727879896637,0,4.04728998008527,0,0,0,0,0,0,0,0,0,0,0,9.80602181991401,0,7.85065038998922,0,0,0,0,0,0,0,0,0,0,0,0,0,0,0,0,0,0,0,0,0,0,0,0,4.55866304786726,4.39007173478603,8.35699397442388,0,17.5352631017063,0,0,0,2.89278043400158,0,0,0,0
0,0,0,0,0,0,0,0,0,0,0,0,0,0,0,0,0,0,0,0,0,0,0,0,0,0,0,0,0,0,0,2.73496611913045,0,3.15004461461847,8.30057034029169,15.5714702606201,9.63075987756605,0,0,0,0,0,0,0,0,0,0,8.6641461397789,9.28361875812213,0,0,0,0,0,0,0,0,0,0,0,0,0,0,0,0,0,0,0,0,0,0,0,0,0,0,8.89822956036202,0,12.2975776296673,0,9.066624049985,0,0,3.57435230341825,0,7.36384510993958,0,0
0,0,0,0,0,0,0,0,0,0,0,0,0,0,0,0,0,0,0,0,0,0,0,0,0,0,0,0,0,0,0,11.7727879896637,3.15004461461847,0,3.64922198705101,3.7743178828732,0,3.33085925895047,0,0,0,0,0,0,0,0,0,12.5416016436705,0,15.4424206203885,0,0,0,0,0,0,0,0,0,0,0,0,0,0,0,0,0,0,0,0,0,0,0,0,13.3015020367522,4.66361331939697,4.78134862732171,0,29.7430091393044,0,3.85456008911133,0,5.48657321647779,0,0,0,0
0,0,0,0,0,0,0,0,0,0,0,0,0,0,0,0,0,0,0,0,0,0,0,0,0,0,0,0,0,0,0,0,8.30057034029169,3.64922198705101,0,0,5.32127396096574,0,4.27938605679406,0,0,0,0,0,0,0,0,6.03328451820623,10.8735381762187,20.7999305725098,0,0,0,0,0,0,0,0,0,0,0,0,0,0,0,0,0,0,0,0,0,0,0,0,0,9.78642269067986,4.01291629098929,4.16577982071639,0,17.6156661418768,0,4.83296891495034,3.67624218463898,0,7.36381912231445,0,0
0,55.9814895629883,37.8567110697428,22.5454806181101,0,14.9810647964478,0,0,0,19.8068767547607,0,3.12720572948456,0,0,0,0,120.161849212646,94.8474595443062,70.9261120822364,4.33338227569113,0,0,0,0,0,0,0,0,0,0,0,4.04728998008527,15.5714702606201,3.7743178828732,0,0,4.95885155478189,4.97589826504706,0,15.9605922102928,116.791041056315,55.7667336648749,102.419323730469,50.0206654866536,0,46.4980857603012,79.6365599632263,4.80534959147716,41.0307559967041,24.6092541800605,0,13.5402683530535,0,0,0,22.0294466018677,0,13.5125818472642,0,16.4632073315707,0,18.2298322824331,10.4797707569478,116.543144226074,107.191902160645,0,0,0,117.845184326172,0,0,0,87.7241049546462,0,6.77557095728422,0,5.72480607032776,0,7.38841653230306,12.5370829195346,10.1359578102862,118.01229095459,8.86205134348304,4.67770759739093,23.5654376570604,47.9751953046346,99.5191192626953
0,101.114654541016,26.042950073878,0,18.9544357781882,0,0,0,22.432710647583,0,3.5677636663119,0,0,0,0,0,103.825745010376,106.410637537638,71.8693655004453,0,5.33024746131555,0,52.30859375,0,0,0,0,0,0,0,0,0,9.63075987756605,0,5.32127396096574,4.95885155478189,0,0,6.1547793785164,0,25.9116756916046,40.0779281616211,39.769879700481,0,0,87.8506622314453,37.9669999343346,8.88475314402113,21.3518069505692,0,17.6228751847238,0,0,0,21.1477885246277,0,20.9592189598084,83.9501953125,21.9569136301676,0,23.2919610977173,0,0,7.86753091246104,0,0,0,0,0,0,0,53.8330764770508,0,55.9010335286458,0,4.9091212063959,0,11.1204631729245,9.86856381990472,7.41156243084623,0,16.0225497750211,5.97351969646572,5.67354968008301,18.7199205653421,0,43.2421018812392
0,0,0,38.1021410624186,0,0,0,0,0,8.59421792626381,0,4.14520832006844,0,0,0,0,0,0,41.8228281269903,10.4817807889309,0,8.56593522571382,0,7.30691224191247,0,0,0,0,0,3.68469886503358,0,0,0,3.33085925895047,0,4.97589826504706,0,0,2.94219631195068,56.9363288879395,0,29.0883447120064,0,0,0,19.1060702403386,0,7.84107940395673,0,5.27074279494402,0,0,0,0,0,0,0,7.80674921618819,0,0,0,0,13.8880574003244,0,9.9676285481525,0,6.33330402624139,0,0,0,4.20703887939453,0,5.37431504660183,0,0,0,3.32534886661329,0,9.7830561503455,0,5.83342722204384,0,5.87881018468272,4.71367692947388,12.4231190258806,30.4336608539928,0
0,0,35.4183731079102,0,0,0,0,0,5.28102111455166,0,6.27012393459097,0,0,0,0,0,0,0,0,0,4.21014652848244,0,10.1045144388398,0,3.91801870752264,0,0,0,0,0,0,0,0,0,4.27938605679406,0,6.1547793785164,2.94219631195068,0,0,0,0,4.31597721576691,0,0,0,13.9251563325803,8.10381462146987,6.84120594093829,0,0,0,0,0,5.58231202481498,0,11.0856775636072,0,0,0,0,0,0,13.4444269799539,0,8.13055119371175,0,7.40510742033229,0,0,0,10.6787372813505,0,5.47717070579529,0,0,0,3.868403999429,0,9.27101819935967,4.16077187326219,7.1638106872207,5.70539487699745,0,10.1365537150153,0,0
0,39.6075592041016,0,35.0065343379974,0,0,0,0,0,0,0,0,0,0,0,0,96.1114532470703,74.2411087036133,57.2120912578744,72.328483581543,0,0,0,0,0,0,0,0,0,0,0,0,0,0,0,15.9605922102928,0,56.9363288879395,0,0,61.2392654418945,30.3437145553565,41.1105575561523,59.2262916564941,0,30.5554372138447,0,0,0,10.7911998471793,0,0,0,0,0,0,0,63.2941055297852,0,0,0,0,27.3120556688633,83.0478668212891,0,0,0,0,0,0,61.436840057373,0,42.2410424096244,0,0,0,0,0,10.3919345115725,0,20.1264764590141,0,37.4030102748497,27.9274578094482,21.671388301328,35.509243739735,88.4443740844727
30.3121376037598,64.1439158121745,38.8957352411179,0,0,0,0,0,41.8627853393555,0,0,0,0,0,0,0,77.3548745225977,84.0318966348663,53.6893967238763,0,0,0,67.6136245727539,0,0,0,0,0,0,0,0,0,0,0,0,116.791041056315,25.9116756916046,0,0,61.2392654418945,0,64.8969673156738,25.5143128270245,0,37.7074728012085,81.1233556410846,15.4083020963208,11.3802272796631,16.5027414735158,0,0,0,0,0,0,0,47.790306854248,0,0,0,0,0,100.260983149211,10.2024896209153,0,0,0,0,0,0,0,56.6526905940129,92.5548400878906,54.8295136937555,0,0,0,0,105.512904896456,10.7113901637021,94.8844680786133,52.7568434501181,42.0692341404576,43.3006965319316,21.4478185669825,71.7639541625977,34.3343828910035
0,22.1507378564365,39.9314615461561,36.2985569477081,0,62.4285907745361,0,0,0,6.68477174308565,0,44.2840156555176,0,0,0,0,79.6512856483459,66.8837596692537,36.3681648218113,39.4804371281674,0,0,0,7.62054692781888,0,0,0,0,0,48.1669235229492,0,0,0,0,0,55.7667336648749,40.0779281616211,29.0883447120064,0,30.3437145553565,64.8969673156738,0,9.87860078878806,38.0445823669434,0,28.2743094884938,45.0395290851593,33.6172747612,34.7327024459839,16.6912850289647,0,0,0,0,0,55.2577253977458,0,19.6429339247815,0,17.5878291130066,0,28.5230573442247,35.617325093196,56.0946397781372,0,0,0,0,0,0,23.3915292538278,0,21.8915392497908,66.0689392089844,0,0,0,20.5934371948242,37.1659757512363,57.7862650553385,29.7506986916512,84.3326835632324,19.2375663901475,27.1344226715882,21.9023836614544,20.6352298171537,29.3965202967326
19.2094736088763,0,27.6040487773177,0,41.2085075378418,0,0,0,16.6604849124441,0,0,0,0,0,0,0,58.3152834257422,70.5747941898394,34.3041098873204,97.2757911682129,0,0,37.0955991744995,0,0,0,0,0,0,0,0,0,0,0,0,102.419323730469,39.769879700481,0,4.31597721576691,41.1105575561523,25.5143128270245,9.87860078878806,0,0,8.45860794186592,59.0260446721857,23.1106670405438,15.0208353091931,17.9271587795144,0,0,0,0,0,32.5905602195046,0,21.4595312774181,0,0,0,28.2227671146393,0,79.2217903137207,32.6972578073115,0,40.5457801818848,0,0,0,0,0,29.9871530966325,59.3401527404785,26.5165975011628,0,0,0,0,83.3724076407296,28.7674168892008,95.5509490966797,31.3343814508947,15.6210404735431,22.3004917731652,14.9593763566699,52.7544946670532,11.0169264444807
0,0,0,0,0,0,0,0,0,0,0,0,0,0,0,0,0,0,14.9216367331418,0,0,0,0,0,0,0,0,0,0,0,0,0,0,0,0,50.0206654866536,0,0,0,59.2262916564941,0,38.0445823669434,0,0,0,22.7465578715007,0,0,0,0,0,0,0,0,0,0,0,0,0,0,0,0,25.5615730285645,0,0,0,0,0,0,0,0,0,0,0,0,0,0,0,43.8046239217122,0,31.1020668574742,0,15.1554679870605,0,18.5892995595932,0,0
0,0,0,0,0,0,0,0,0,0,0,0,0,0,0,0,0,0,28.1360583305359,0,0,0,0,0,0,0,0,0,0,0,0,0,0,0,0,0,0,0,0,0,37.7074728012085,0,8.45860794186592,0,0,0,17.205144405365,0,0,0,0,0,0,0,0,0,0,0,0,0,0,0,0,0,0,0,0,0,0,0,0,0,0,0,0,0,0,0,0,21.6879043579102,0,0,5.91181910037994,0,10.2927412986755,0,0
0,17.7145999955737,0,26.8699108276367,0,35.4482049942017,0,0,0,40.7555618286133,0,32.5486850738525,0,0,0,0,75.8355349063873,66.850996173158,40.7757414745348,18.813712467348,0,0,0,0,0,0,0,0,0,42.6273161570231,0,0,0,0,0,46.4980857603012,87.8506622314453,19.1060702403386,0,30.5554372138447,81.1233556410846,28.2743094884938,59.0260446721857,22.7465578715007,0,0,65.8171573215061,0,0,42.6441209903662,0,0,0,0,0,41.1235790252686,0,41.1364860534668,0,0,0,26.529182434082,15.3195084138465,78.3478393554688,0,0,0,0,0,0,44.3768135070801,0,47.5722692453178,0,0,0,0,0,26.8393981713673,91.5667099952698,22.7720232592893,78.9129257202148,28.5954004764849,26.8860537285029,21.4208648840995,40.2478458741132,47.9155921936035
82.4487228393555,0,24.6341009701,0,0,0,0,0,48.2482719421387,0,0,0,0,0,0,0,65.9030651316923,66.5856496720087,40.883824111722,0,12.8394509792328,0,60.2589893341064,0,0,0,0,0,0,0,0,0,0,0,0,79.6365599632263,37.9669999343346,0,13.9251563325803,0,15.4083020963208,45.0395290851593,23.1106670405438,0,17.205144405365,65.8171573215061,0,26.1133689880371,25.2171729694713,62.3091278076172,0,0,0,0,0,0,35.8668048464019,0,0,0,30.8848171234131,0,80.6024684906006,13.5719143491507,0,58.1532135009766,0,0,0,0,0,44.1745475271474,0,42.7304047289349,0,0,0,0,89.9199559138371,21.5294700612915,66.3992919921875,22.3932084985077,24.9688201802765,22.001780629158,25.0439214214174,55.996634165446,43.2032841769132
0,0,36.2610282897949,0,0,0,0,0,21.4372749328613,0,0,0,0,0,0,0,0,0,76.9515151977539,0,0,25.604564666748,0,0,0,0,0,0,0,0,0,9.80602181991401,8.6641461397789,12.5416016436705,6.03328451820623,4.80534959147716,8.88475314402113,7.84107940395673,8.10381462146987,0,11.3802272796631,33.6172747612,15.0208353091931,0,0,0,26.1133689880371,0,5.96576483173457,9.13632690329158,0,0,0,0,0,0,0,0,0,0,0,0,106.491012573242,0,21.8469845453898,0,0,0,0,0,18.702465057373,0,42.0541191101074,0,8.43840432545495,8.58792943136133,6.8787232456328,6.94205450244921,10.8536618836572,10.7403541663297,13.5491975864381,7.49675368243328,7.21163246846279,4.36243224143982,6.76457516959717,0,20.8086910247803
7.64460268126258,0,8.42455752818815,0,36.7209657033285,0,0,0,24.4303941726685,0,0,0,0,0,3.36858092035566,0,62.3649291992188,100.493061065674,59.6113908025954,0,0,0,12.8310625412885,0,0,0,0,0,0,0,0,0,9.28361875812213,0,10.8735381762187,41.0307559967041,21.3518069505692,0,6.84120594093829,0,16.5027414735158,34.7327024459839,17.9271587795144,0,0,0,25.2171729694713,5.96576483173457,0,14.8969288667043,0,0,0,0,13.319542282506,0,8.33750293897779,0,6.48099274449534,0,4.26209653477336,0,0,34.4687476158142,0,9.95965769346004,0,6.76500642940562,0,5.29917891489135,0,8.28353375565346,0,11.0024028127844,0,5.70532187046828,0,4.8350192883919,0,14.7307780838941,0,6.82484623942151,9.23222169677291,20.7233841759818,12.559862287974,0,14.5532024057818
0,5.57799939522568,42.5716018676758,8.46359746948428,0,0,0,0,0,6.65639328956604,0,27.1651134490967,0,0,0,6.94136465679516,60.9611420631409,105.34529876709,19.4850735748023,53.790833791097,0,7.54874819455262,0,6.22267150878906,0,0,0,0,0,0,0,7.85065038998922,0,15.4424206203885,20.7999305725098,24.6092541800605,0,5.27074279494402,0,10.7911998471793,0,16.6912850289647,0,0,0,42.6441209903662,62.3091278076172,9.13632690329158,14.8969288667043,0,0,0,0,0,0,19.9723014831543,0,12.0759647930822,0,6.34679681724972,0,6.35240657355196,34.8030074761838,0,8.40849163189008,0,4.80688349382412,0,7.73238619636087,0,10.0878175332898,0,13.4175362994594,0,4.25652629137039,14.6076221466064,5.40102021510784,0,18.2513629920939,0,6.71838605017971,0,13.4056228319606,17.5053034157589,9.29956694233105,18.308774248759,0
0,0,9.66966438293457,0,4.79785252635802,0,3.19507597793232,0,7.0030449424778,0,0,0,0,0,6.79316523415702,0,0,0,0,0,12.2275990247726,0,0,0,0,0,0,0,0,0,0,0,0,0,0,0,17.6228751847238,0,0,0,0,0,0,0,0,0,0,0,0,0,0,0,3.00948373476664,0,5.84170857342807,0,7.42267949240548,0,0,0,6.64519414034757,0,0,11.1394174609865,0,0,0,0,0,0,0,0,0,0,0,0,0,0,0,20.9601669311523,0,0,0,0,9.7530135408937,0,0
0,0,0,0,0,4.0767445315176,0,0,0,0,0,6.47127910455068,0,0,0,3.30911873687397,0,0,0,9.74790783723195,0,0,0,0,0,0,0,0,0,0,0,0,0,0,0,13.5402683530535,0,0,0,0,0,0,0,0,0,0,0,0,0,0,0,0,0,2.83622348308563,0,0,0,3.94933366775513,0,0,0,3.79486744634567,0,0,0,0,0,0,0,0,0,0,0,0,0,0,0,0,0,0,0,0,8.00542685618767,0,6.53588819503784,0,0
0,0,0,0,4.52880158964193,0,2.94753249486287,0,0,0,4.460475059656,0,0,0,0,0,0,0,0,0,0,0,0,0,0,0,0,0,0,0,0,0,0,0,0,0,0,0,0,0,0,0,0,0,0,0,0,0,0,0,3.00948373476664,0,0,0,0,0,4.44460835152824,0,0,0,0,0,0,0,0,0,0,0,0,0,0,0,0,0,0,0,0,0,0,0,0,0,0,0,0,0,0
0,0,0,0,0,2.74398553371429,0,3.20147350288573,0,0,0,0,0,0,0,0,0,0,0,0,0,0,0,0,0,0,0,0,0,0,0,0,0,0,0,0,0,0,0,0,0,0,0,0,0,0,0,0,0,0,0,2.83622348308563,0,0,0,0,0,2.83669710159302,0,0,0,0,0,0,0,0,0,0,0,0,0,0,0,0,0,0,0,0,0,0,0,0,4.01978462934494,0,0,0,0
3.76647276878357,0,8.60824249729966,0,4.22610550660353,0,0,0,5.04760723392287,0,0,0,0,0,3.25211725234985,0,0,0,0,0,0,0,0,0,3.27949104309082,0,2.96095359325409,0,0,0,0,0,0,0,0,0,21.1477885246277,0,5.58231202481498,0,0,0,32.5905602195046,0,0,0,0,0,13.319542282506,0,5.84170857342807,0,0,0,0,0,7.36545753479004,0,0,0,4.85142116686877,0,0,0,0,0,0,6.15410683128271,0,0,0,43.7204895019531,0,38.3246612548828,0,0,0,0,0,0,0,6.44016903096979,10.0108812568114,17.9777785214511,14.1583253699025,0,22.0523481369019
0,3.73888456821442,0,8.03627189556202,0,0,0,0,0,3.97818891198232,0,0,0,0,0,3.82819932699203,0,0,0,40.5326881408691,0,0,0,0,0,0,0,0,0,0,0,0,0,0,0,22.0294466018677,0,0,0,0,0,55.2577253977458,0,0,0,41.1235790252686,0,0,0,19.9723014831543,0,0,0,0,0,0,0,36.1113243103027,0,0,0,3.72829357127553,41.6547260284424,0,0,0,7.61544641996491,0,0,0,0,0,43.295841217041,0,0,0,0,0,0,0,47.318977355957,0,12.8401249830539,0,14.2386955579122,0,0
0,0,8.50850367546082,0,0,0,3.99604254961014,0,0,0,5.33269023953462,0,7.56755577087402,0,0,0,0,0,0,0,12.6805047988892,0,27.1188557942708,0,0,0,0,0,19.9604167938232,0,6.54619446667758,0,0,0,0,0,20.9592189598084,0,11.0856775636072,0,47.790306854248,0,21.4595312774181,0,0,0,35.8668048464019,0,8.33750293897779,0,7.42267949240548,0,4.44460835152824,0,7.36545753479004,0,0,0,5.43835309200625,0,6.1135854494004,0,0,18.7009442881715,0,24.9310368431939,0,24.370748758316,0,10.635817787864,0,11.6219391796813,0,10.3782152957692,0,0,0,0,0,51.6388360728388,0,17.0477090312936,26.5267783573696,20.7963695526123,8.11554222780725,0,24.4155578613281
0,26.8970527648926,0,14.5048859091366,0,20.2644661664963,0,0,0,21.1280647913615,0,6.94067475169046,0,6.67500047250228,0,0,0,0,57.9496499841863,5.71748923621279,0,0,0,0,0,0,0,0,0,5.19989885769638,0,0,0,0,0,13.5125818472642,83.9501953125,7.80674921618819,0,63.2941055297852,0,19.6429339247815,0,0,0,41.1364860534668,0,0,0,12.0759647930822,0,3.94933366775513,0,2.83669710159302,0,36.1113243103027,0,0,0,4.7041700191276,0,4.81259388923645,8.76056966200222,0,0,0,0,0,0,0,8.10330843254733,0,7.35304895689993,0,0,0,0,0,39.4560215075811,0,13.7290615750031,0,17.6567768599536,30.7299270629883,14.4221644991366,21.0040316581726,0
0,0,4.8659991423289,0,0,0,7.41099379062653,0,0,0,0,0,4.79247634792328,0,6.25163171584146,0,0,0,0,0,0,0,0,0,0,0,0,0,8.87170712153117,0,0,0,0,0,0,0,21.9569136301676,0,0,0,0,0,0,0,0,0,0,0,6.48099274449534,0,0,0,0,0,0,0,5.43835309200625,0,0,0,4.9120532460169,0,0,0,0,0,0,13.2064695358276,0,7.05025364160538,0,5.7937537142571,0,0,0,0,0,0,0,0,0,0,7.08267374719892,22.6959114074707,8.22957932899602,0,0
0,0,0,4.1605232370143,0,7.18764019012451,0,2.95705628395081,0,0,0,6.22409574609054,0,3.30415985493061,0,3.20078641216771,0,0,0,0,0,0,0,0,0,0,0,3.30594571431478,0,3.15943717956543,0,0,0,0,0,16.4632073315707,0,0,0,0,0,17.5878291130066,0,0,0,0,0,0,0,6.34679681724972,0,0,0,0,0,0,0,4.7041700191276,0,0,0,3.99013480295738,14.4861222613942,0,0,0,0,0,4.62393503522248,0,4.79662951132409,0,33.745246887207,0,0,0,0,0,21.9768881479899,0,0,0,12.3248810370763,0,6.85510223142562,0,0
8.08619379369836,0,6.51748946133782,0,5.89396461844444,0,0,0,4.72782776572488,0,0,0,5.08823738239779,0,4.41753332047235,0,0,0,0,0,0,0,0,0,6.88254928588867,0,4.62650574170626,0,9.93610095977783,0,0,0,0,0,0,0,23.2919610977173,0,0,0,0,0,28.2227671146393,0,0,0,30.8848171234131,0,4.26209653477336,0,6.64519414034757,0,0,0,4.85142116686877,0,6.1135854494004,0,4.9120532460169,0,0,0,0,56.0244789123535,0,0,0,9.14420243119641,0,4.44504864180266,0,25.8894085884094,0,0,0,0,0,0,0,0,0,0,12.9783792582425,20.4402077992757,11.9390047795206,0,20.69504737854
0,4.88367430980389,0,7.01750670579764,0,3.36643966039022,0,0,0,4.15034323891267,0,0,0,0,0,3.20487844815818,0,0,0,0,0,0,0,0,0,0,0,0,0,0,0,0,0,0,0,18.2298322824331,0,0,0,0,0,28.5230573442247,0,0,0,26.529182434082,0,0,0,6.35240657355196,0,3.79486744634567,0,0,0,3.72829357127553,0,4.81259388923645,0,3.99013480295738,0,0,19.0238825480143,0,0,0,0,0,3.77433214062139,0,3.65868620872498,0,43.1849594116211,0,0,0,0,0,20.1477914537702,0,0,0,13.3557974310482,0,12.8622852265835,0,0
0,32.6841569398579,0,32.1244992817918,0,42.2012405395508,0,0,0,43.5228824615479,0,16.3091216936503,0,0,0,0,86.2103491369283,78.314254991936,52.1982864964696,7.0766970256478,0,0,0,0,0,0,0,0,0,21.5544160888309,0,0,0,0,0,10.4797707569478,0,13.8880574003244,0,27.3120556688633,100.260983149211,35.617325093196,79.2217903137207,25.5615730285645,0,15.3195084138465,80.6024684906006,106.491012573242,0,34.8030074761838,0,0,0,0,0,41.6547260284424,0,8.76056966200222,0,14.4861222613942,0,19.0238825480143,0,91.9251861572266,0,0,0,0,0,0,20.6379516816908,0,22.1505049839041,0,0,0,0,0,14.4248634798424,100.386624654134,15.7960984073301,99.6962127685547,37.9255568037825,36.52879467526,25.6633812715467,45.6018389883758,84.4128608703613
0,0,34.2218971252441,0,13.4178388495194,0,0,0,15.118748664856,0,10.0339102745056,0,0,0,0,0,80.2464508388353,96.1631358220027,58.3118712253834,0,6.11134641423617,0,65.4170934889052,0,0,0,0,0,0,0,0,0,0,0,0,116.543144226074,7.86753091246104,0,13.4444269799539,83.0478668212891,10.2024896209153,56.0946397781372,32.6972578073115,0,0,78.3478393554688,13.5719143491507,0,34.4687476158142,0,11.1394174609865,0,0,0,0,0,18.7009442881715,0,0,0,56.0244789123535,0,91.9251861572266,0,0,60.883607228597,0,73.3054580688477,0,0,0,55.1250979287284,0,40.1818582324456,0,0,0,0,124.238912963867,17.7432195806169,0,31.6255230397036,18.4490767247596,35.4198265075684,31.2570636954751,80.5008850097656,55.5156388282776
0,0,0,0,0,0,0,0,0,0,0,0,0,0,0,0,26.9309487342834,22.6763368205748,38.4332160949707,0,0,4.66153525198925,6.97330284118652,5.32504851062123,0,0,0,5.45575991558702,0,0,0,0,0,0,0,107.191902160645,0,9.9676285481525,0,0,0,0,0,0,0,0,0,21.8469845453898,0,8.40849163189008,0,0,0,0,0,0,0,0,0,0,0,0,0,0,0,0,5.23987318800508,0,12.0331878097434,0,6.39345024581132,0,0,0,0,0,0,0,0,0,6.67922284195669,0,11.0246519627778,0,16.5492666562398,0,0
0,0,47.4392318725586,0,0,0,0,0,0,0,0,0,0,0,0,0,4.48207670136502,0,0,0,0,0,4.10424420678734,0,8.1474902006296,0,0,0,0,0,0,0,0,0,0,0,0,0,8.13055119371175,0,0,0,40.5457801818848,0,0,0,58.1532135009766,0,9.95965769346004,0,0,0,0,0,0,0,24.9310368431939,0,0,0,0,0,0,60.883607228597,0,0,0,6.20986018688952,0,7.76301847964945,0,7.49885736654661,0,19.0474588871002,0,0,0,0,0,0,0,4.94801806145334,7.16121322055196,0,33.2335658353918,0,0
0,0,0,0,0,0,0,0,0,8.8387695178753,0,0,0,0,0,0,0,0,0,0,0,5.86237729512728,0,4.71060063923833,0,0,0,0,0,0,0,0,0,0,0,0,0,6.33330402624139,0,0,0,0,0,0,0,0,0,0,0,4.80688349382412,0,0,0,0,0,7.61544641996491,0,0,0,0,0,0,0,0,5.23987318800508,0,0,0,4.88028050523944,0,9.04125333236436,0,0,0,0,0,0,0,0,0,5.48824315906317,0,0,0,4.36021511472505,0,0
0,0,0,0,0,0,0,0,6.25125808899219,0,0,0,0,0,7.86962727137974,0,0,0,0,0,0,0,10.2611803701608,0,4.05291796962728,0,4.08285337686539,0,0,0,0,0,0,0,0,0,0,0,7.40510742033229,0,0,0,0,0,0,0,0,0,6.76500642940562,0,0,0,0,0,6.15410683128271,0,24.370748758316,0,13.2064695358276,0,9.14420243119641,0,0,73.3054580688477,0,6.20986018688952,0,0,0,6.55563030917773,0,9.26282870091074,0,0,0,0,0,0,0,0,0,4.81893153614177,4.072220982732,0,7.59287385730182,0,0
0,0,0,0,0,0,0,0,0,0,0,0,0,4.42615251437477,0,4.50191823641459,35.8305616378784,13.6120976436237,32.2116790347629,0,0,15.1841279268265,0,3.16306632215326,0,3.55161542097727,0,4.3356636762619,0,0,0,0,0,0,0,117.845184326172,0,0,0,0,0,0,0,0,0,0,0,0,0,7.73238619636087,0,0,0,0,0,0,0,0,0,4.62393503522248,0,3.77433214062139,0,0,12.0331878097434,0,4.88028050523944,0,0,0,5.4406977669332,0,0,0,0,0,0,0,0,0,14.5410108566284,0,32.9888229370117,0,0,0,0
0,0,0,0,0,0,0,0,3.59634842191424,0,0,0,0,0,3.34263892607255,0,2.75199174880981,0,0,0,0,0,13.0636897087097,0,4.07575274095303,0,3.44954364656826,0,4.4433274269104,0,0,0,0,0,0,0,0,0,0,0,0,0,0,0,0,0,0,0,5.29917891489135,0,0,0,0,0,0,0,10.635817787864,0,7.05025364160538,0,4.44504864180266,0,0,0,0,7.76301847964945,0,6.55563030917773,0,0,0,6.69836994179892,0,19.9585132598877,0,0,0,0,0,0,0,0,3.11110525064065,0,8.61415646870931,0,0
0,0,0,34.2420651117961,0,0,0,0,0,0,0,2.87298528353373,0,4.52815266772433,0,0,0,0,0,0,0,8.05296087410392,0,9.17981338500977,0,4.70506625516074,0,3.93595840103772,0,2.94003097907357,0,0,0,0,0,0,0,4.20703887939453,0,61.436840057373,0,23.3915292538278,0,0,0,44.3768135070801,0,18.702465057373,0,10.0878175332898,0,0,0,0,0,0,0,8.10330843254733,0,4.79662951132409,0,3.65868620872498,20.6379516816908,0,6.39345024581132,0,9.04125333236436,0,5.4406977669332,0,0,0,6.83856513755662,0,0,0,0,0,84.2410710652669,0,6.96429270757189,0,24.9332675933838,0,20.9604536948666,19.0241509846279,0
0,0,37.8162763118744,0,0,0,0,0,0,0,0,0,4.54842548370361,0,7.59345531463623,0,0,0,94.3755187988281,0,56.407039642334,0,12.1447610468838,0,0,0,0,0,4.31405116332567,0,15.2493401595524,0,0,0,0,0,53.8330764770508,0,10.6787372813505,0,56.6526905940129,0,29.9871530966325,0,0,0,44.1745475271474,0,8.28353375565346,0,0,0,0,0,43.7204895019531,0,11.6219391796813,0,5.7937537142571,0,25.8894085884094,0,0,55.1250979287284,0,7.49885736654661,0,9.26282870091074,0,6.69836994179892,0,0,0,9.27782633882868,0,0,0,0,0,60.8162022080532,0,7.3338517434377,39.7664854685465,41.292552947998,21.5423242029728,0,22.0877513885498
0,33.0007719993591,0,31.4185608065858,0,0,0,0,0,40.9314142862956,0,4.73469514846802,0,0,0,0,84.5212593078613,81.3992936876085,42.0756695659448,21.3931928362165,0,0,0,0,0,0,0,6.4770661241868,0,4.48949374141781,0,0,0,0,0,87.7241049546462,0,5.37431504660183,0,42.2410424096244,92.5548400878906,21.8915392497908,59.3401527404785,0,0,47.5722692453178,0,42.0541191101074,0,13.4175362994594,0,0,0,0,0,43.295841217041,0,7.35304895689993,0,33.745246887207,0,43.1849594116211,22.1505049839041,0,0,0,0,0,0,0,6.83856513755662,0,0,0,0,0,0,0,66.0028812508834,92.889404296875,7.10845666639919,0,25.5768715081392,39.3645598671653,24.1549143013693,22.5905937706072,0
0,0,28.7125277519226,0,0,0,0,0,39.6796531677246,0,14.6403214350725,0,0,0,0,0,78.348713684082,97.9294637044271,41.3276519197406,0,16.6515960693359,0,21.2862699508667,0,0,0,0,0,19.3326778411865,0,7.39937653109036,0,0,0,0,0,55.9010335286458,0,5.47717070579529,0,54.8295136937555,66.0689392089844,26.5165975011628,0,0,0,42.7304047289349,0,11.0024028127844,0,0,0,0,0,38.3246612548828,0,10.3782152957692,0,0,0,0,0,0,40.1818582324456,0,19.0474588871002,0,0,0,19.9585132598877,0,9.27782633882868,0,0,0,0,0,0,132.287536621094,58.3816535395961,0,6.75212217487175,36.1043257478808,37.3195152282715,14.1701650011296,0,23.0596771240234
0,0,0,0,0,0,0,0,0,0,0,0,0,0,0,0,0,0,0,0,0,0,0,0,0,0,0,0,0,0,0,4.55866304786726,0,13.3015020367522,0,6.77557095728422,0,0,0,0,0,0,0,0,0,0,0,8.43840432545495,0,4.25652629137039,0,0,0,0,0,0,0,0,0,0,0,0,0,0,0,0,0,0,0,0,0,0,0,0,0,0,5.76239703004322,0,13.5634601504437,0,0,0,3.8568033014025,0,0,0,0
0,0,0,0,0,0,0,0,0,0,0,0,0,0,0,0,0,0,0,0,0,0,0,0,0,0,0,0,0,0,0,4.39007173478603,8.89822956036202,4.66361331939697,9.78642269067986,0,4.9091212063959,0,0,0,0,0,0,0,0,0,0,8.58792943136133,5.70532187046828,14.6076221466064,0,0,0,0,0,0,0,0,0,0,0,0,0,0,0,0,0,0,0,0,0,0,0,0,0,0,0,8.26860272979736,0,10.835976168916,0,0,3.79928341778842,0,0,0,0
0,0,0,0,0,0,0,0,0,0,0,0,0,0,0,0,0,0,0,0,0,0,0,0,0,0,0,0,0,0,0,8.35699397442388,0,4.78134862732171,4.01291629098929,5.72480607032776,0,3.32534886661329,0,0,0,0,0,0,0,0,0,6.8787232456328,0,5.40102021510784,0,0,0,0,0,0,0,0,0,0,0,0,0,0,0,0,0,0,0,0,0,0,0,0,5.76239703004322,0,0,0,17.6693558134931,0,4.11137113360021,0,4.78045323315789,0,0,0,0
0,0,0,0,0,0,0,0,0,0,0,0,0,0,0,0,0,0,0,0,0,0,0,0,0,0,0,0,0,0,0,0,12.2975776296673,0,4.16577982071639,0,11.1204631729245,0,3.868403999429,0,0,20.5934371948242,0,0,0,0,0,6.94205450244921,4.8350192883919,0,0,0,0,0,0,0,0,0,0,0,0,0,0,0,0,0,0,0,0,0,0,0,0,0,0,8.26860272979736,0,0,0,7.9016923254777,0,4.42777609193562,7.29463698069255,0,9.0439612865448,0,0
0,42.5952015337737,0,39.0449188672579,0,46.1296806335449,0,0,0,42.1924471855164,0,18.8561143875122,0,0,0,0,93.8756109449598,84.3153042174782,58.3625013367247,6.52859295042971,0,0,0,0,0,0,0,0,0,58.7795944213867,0,17.5352631017063,0,29.7430091393044,0,7.38841653230306,9.86856381990472,9.7830561503455,0,10.3919345115725,105.512904896456,37.1659757512363,83.3724076407296,43.8046239217122,0,26.8393981713673,89.9199559138371,10.8536618836572,0,18.2513629920939,0,0,0,0,0,0,0,39.4560215075811,0,21.9768881479899,0,20.1477914537702,14.4248634798424,124.238912963867,0,0,0,0,0,0,84.2410710652669,0,66.0028812508834,132.287536621094,13.5634601504437,0,17.6693558134931,0,0,47.8084574179216,12.7123177928661,103.790361404419,26.4541726732693,7.63438002479837,34.7384229132519,42.0515875995159,76.7768020629883
0,68.2669219970703,40.1084430802543,0,27.1602527073451,0,0,0,51.2226676940918,0,0,0,0,0,0,0,83.1447874817326,90.388666359154,57.1467564327713,0,7.52162122594717,0,74.4060716629028,0,0,0,0,0,0,0,57.6140098571777,0,9.066624049985,0,17.6156661418768,12.5370829195346,7.41156243084623,0,9.27101819935967,0,10.7113901637021,57.7862650553385,28.7674168892008,0,21.6879043579102,91.5667099952698,21.5294700612915,10.7403541663297,14.7307780838941,0,20.9601669311523,0,0,0,0,0,51.6388360728388,0,0,0,0,0,100.386624654134,17.7432195806169,0,0,0,0,0,0,0,60.8162022080532,92.889404296875,58.3816535395961,0,10.835976168916,0,7.9016923254777,47.8084574179216,0,96.5439891815186,13.3984325026802,25.2709709280095,22.5943357804242,25.5563338602039,74.3927841186523,32.4341335033347
