0,0,281.458873271942,0,73.0262917131186,0,0,0,891.903611585498,0,0,0,0,0,0,0,0,0,0,0,0,0,0,0,0,0,0,0,0,0,0,0,0,0,0,0,0,0,1.88268592953682,0,0,0,16.8197392821312,0,0,0,0,0,214.380369693041,0,0,0,0,0,230.491446271539,0,0,0,0,0,0,0,0,0,0,0,0,1.72440847754478,0,0,0,0,0,0,0,0,0,0,0,0,0,1.52023772895336,527.700729161501,0,249.125611722469,0,0
0,0,0,494.368222981691,0,206.638205349445,0,0,0,542.371881484985,0,0,0,0,0,0,0,0,0.777567028999329,0,0,0,0,0,0,0,0,0,0,0,0,0,0,0,0,0,0,0,0,0,0,0.915043503046036,0,0,0,0,0,0,0,87.6482528597116,0,47.0928305238485,0,0,0,278.152968943119,0,0,0,0,0,50.6400113105774,0,0,0,0,7.96258699893951,0,0,0,0,0,0,0,0,0,0,0,0,0,0,0,209.985230475664,0,258.963939160109,0,0
281.458873271942,0,0,0,304.511399716139,0,0,0,75.3059481084347,0,0,0,0,0,0,0,0,0,0,0,0,0,0,0,0,0,0,0,0,0,0,0,0,0,2.05095481872559,0,0,0,0,0,0.48605352640152,0,58.6048480719328,0,0,0,254.23039072752,4.51000460982323,130.928403094411,0,0,0,0,0,4.07958419620991,0,0,0,0,0,0,0,0,0,0,0,0,0,0,0,0,0,0,0,0,0,0,0.827501833438873,0,0.358482778072357,0,0,205.264389201999,0,658.556369021535,0,0
0,494.368222981691,0,0,0,76.094106733799,0,0,0,45.6267771720886,0,0,0,0,0,0,0,0,1.63902044296265,0,0,0,0,0,0,0,0,0,0,0,0,0.247445121407509,0,1.08325597643852,0,0,0,0,0,0.631745100021362,0,44.0640996545553,0,0,0,173.790228947997,0,1.17543977499008,0,232.222704678774,0,74.7314502447844,0,0,0,1.69862532615662,0,20.4864689409733,0,43.431634157896,0,102.504294037819,5.46587857604027,0,0,0,0,0,0,0,0,0,0,0,0,0,0,0,0.389381319284439,0,0,0,279.235945925117,132.045052886009,802.950296550989,0,0
73.0262917131186,0,304.511399716139,0,0,0,0,0,140.398715570569,0,11.1103745251894,0,0,0,0,0,0,0,0,0,0.463113725185394,0,0,0,0,0,0,0,0,0,0,0,0,0,1.94009907543659,0,12.9751240462065,0,0,0,43.8517821580172,0,5.55056142807007,0,0,0,247.554112374783,6.8173740208149,59.734928779304,1.2759615778923,425.913873076439,0,1.58281898498535,0,8.74558854103088,0,23.5612681806087,0,16.2252261638641,0,0,0,0,128.27735196054,0,0,0,0,0,0,0,0,0,0,0,0,0,0.593439549207687,0,4.86774449050426,0,1.12206017971039,207.391978904605,0,151.78003372252,0,0
0,206.638205349445,0,76.094106733799,0,0,0,0,0,88.8746234178543,0,0,0,81.7940514087677,0,0,0.991706609725952,0,2.65718869864941,2.92040494084358,0,0,0,0,0,0,0,0,0,0,0,1.40782821178436,0,5.68670625984669,0,10.0042146444321,0,0,0,12.7114185988903,0.153429999947548,10.2255998253822,0.148114368319511,0,0,398.232982188463,0,24.6337854266167,0,27.1645634770393,0,120.982463926077,0,0,0,195.523043304682,0,0.357426017522812,0,20.6617223471403,0,10.6470435857773,164.228002935648,0,0,0,0,0,0,0,0,0,0,0,0,0,0,0,17.5907453298569,0.809004306793213,1.32261623442173,0.184609681367874,401.431597001851,47.5093829631805,515.3765103966,0,0
0,0,0,0,0,0,0,0,0,0,5.1572093963623,0,0,0,0,0,0,0,0,0,0,0,0,0,0,0,0,0,0,0,0,0,0,0,0,0,0,0,0,0,0,0,0,0,0,0,0,0,0,0,51.0614823102951,0,356.193029046059,0,0,0,0,0,0,0,0,0,0,0,0,0,0,0,0,0,0,0,0,0,0,0,0,0,0,0,0,0,143.602786302567,0,0,0,0
0,0,0,0,0,0,0,0,0,0,0,42.1534905433655,0,0,0,0,0,0,0,0,0,0,0,0,0,0,0,0,0,0,0,0,0,0,0,0,0,0,0,0,0,0,0,0,0,0,0,0,0,0,0,0,0,358.758497565985,0,0,0,20.5787619352341,0,64.6190322637558,0,0,0,0,0,0,0,0,0,0,0,0,0,0,0,0,0,0,0,0,0,0,189.48047554493,0,0,0,0
891.903611585498,0,75.3059481084347,0,140.398715570569,0,0,0,0,17.4854094684124,0,0,0,0.536023616790771,24.9041739702225,0.978774428367615,1901.66310960054,448.385298773646,198.064335897565,0,0,1.56341859698296,3.16847729682922,2.06126542389393,117.851676076651,2.70347630977631,45.5448446720839,0,0,0,0,0,0,0,0.658208429813385,0,0,0,386.936613291502,1.9373809248209,0.840987548232079,2.36277434229851,49.8360522538424,0,0,0.815113455057144,0.997112736105919,0.210626274347305,10.5317705124617,1.118836119771,0,0,0,0,583.236213192344,1.20913901925087,1.16255009174347,1.25889337062836,6.00871932506561,0,1.92929190397263,0,0.20185786485672,0,2.8636722266674,0,12.5441994965076,118.562290683389,1.50329157710075,13.3267460912466,0,0,0,0,0,0,0,0.399267494678497,5.95392835140228,7.13845869898796,4.63259476423264,156.039852827787,838.779968231916,1.16122597455978,406.901325300336,0.163825437426567,3.08975566923618
0,542.371881484985,0,45.6267771720886,0,88.8746234178543,0,0,17.4854094684124,0,0,0,0,0,0.209706142544746,15.3680889904499,288.778047025204,1478.00430591404,37.1435815393925,0,0,17.3467579185963,0,92.316152215004,3.66621294617653,31.6712711155415,6.91579067707062,0,0,0,0,0,0,0,0,0,0,272.395392656326,0,0.159181207418442,0.898570001125336,44.4160156846046,0.848229601979256,0,0,2.49086797237396,0,0,0,31.5386022627354,0,0.840029507875443,0,0,0,465.102509632707,0,0,0,0,0,107.141235530376,0.729470133781433,0,5.88123577833176,0,60.326511323452,0,29.0267010778189,3.08830371499062,0,0,0,0,0,0,0,0,3.63344213366508,0.75424587726593,70.9352086782455,2.45966345071793,878.028193175793,209.919878125191,353.719855353236,0,1.56546938419342
0,0,0,0,11.1103745251894,0,5.1572093963623,0,0,0,0,0,0,0,0,0,0,0,0,0,191.627272933722,0,0,0,0,0,0,0,0,0,66.1850827634335,0,0,0,0,0,91.2814893722534,0,959.943182229996,0,0,0,0.93019425868988,0,0,0,12.744048550725,0,0.601666763424873,0,0,0,0,0,0,0,614.407943427563,0,0,0,0,0,0,141.705112211406,0,0,0,0,0,0,0,0,0,71.8884324133396,0,0,0,0,0.189800068736076,3.68410740792751,0,98.3164818286896,516.5075096488,0,2.45727768540382,0,0
0,0,0,0,0,0,0,42.1534905433655,0,0,0,0,0,2.08012366294861,0,0,0,0,1.78415107727051,325.219814091921,0,0,0,0,0,0,0,1,0,29.4504860341549,0,0.172027483582497,0,0,0,64.3223559260368,0,1473.87862882018,0,0.151362329721451,0,0.929710283875465,0,0,0,0.246055334806442,0,0,0,0.580019056797028,0,0.379537492990494,0,27.7728040218353,0,0,0,1492.14946095645,0,0,0,0,7.03738796710968,0,0,0,0,0,0,0,0,0,82.3207469880581,0,0,0,0,0,6.0240266919136,0,37.7538096159697,0,312.305818289518,0,37.267520904541,0,0
0,0,0,0,0,0,0,0,0,0,0,0,0,0,35.1254777908325,0,0,0,0,0,0,0,0,0,0,0,0,0,0,0,0,0,0,0,0,0,0,0,0,0,0,0,0,0,0,0,0,0,0,0,0,0,0,0,0,0,0,0,0,0,14.0976347923279,0,0,0,0,0,0,0,0,0,0,0,0,0,0,0,0,0,0,0,0,0,0,0,0,0,0
0,0,0,0,0,81.7940514087677,0,0,0.536023616790771,0,0,2.08012366294861,0,0,0,78.132831916213,0,69.0633175671101,0,0,0,0,0,0,0,0,0,4.59452322125435,0,0,0,0,0,0,0,0,0,0,0,0,0,0,0,0,0,0,0,0,0,0,0,8.45684504508972,0,0,0,0,0,61.1102657318115,0,204.622681498528,0,31.8443777561188,0,0,0,0,0,0,0,0,0,0,0,0,0,0,0,0,0,0,0,0,43.7356217950583,1.0875643491745,0,0,0
0,0,0,0,0,0,0,0,24.9041739702225,0.209706142544746,0,0,35.1254777908325,0,0,0,544.138633146882,15.2275926619768,12.1371048092842,0,0,0,0,0,0,0,37.0732890665531,0,0,0,0,0,0,0,0,0,0,0,0,0,0,0,0,0,0,0,0,0,0,0,0,0,0,0,24.2539502084255,0,0,0,86.4500118494034,0,72.8877092301846,0,0,0,0,0,0,0.348843485116959,0,4.60456094145775,0,0,0,0,0,0,0,0,0.250817507505417,0.303132772445679,0,0,120.985269725323,1,0.206569001078606,0,0
0,0,0,0,0,0,0,0,0.978774428367615,15.3680889904499,0,0,0,78.132831916213,0,0,91.4412674456835,796.173488810658,14.1770547479391,0,0,2.55365251004696,0,3.35236299037933,0,12.4531645774841,0,0,0,0,0,0,0,0,0,0,0,0,0,1.53620755672455,0,1.27956056594849,0.262440830469131,0,0,0,0,0,0,0,0,11.8837809562683,0,0,0,64.1132383942604,0,0,0,29.529358625412,0.252835363149643,98.548003077507,0,0,1.26487082242966,0,0,0,0.360444754362106,1.66251981258392,0,0,0,0,0,0,0,0,1.75650092959404,0.351794734597206,1.11870062351227,1.46048533916473,110.040599703789,9.31392097473145,0,0,0
0,0,0,0,0,0.991706609725952,0,0,1901.66310960054,288.778047025204,0,0,0,0,544.138633146882,91.4412674456835,0,13930.049904488,5894.42818248272,0,0,33.149567514658,143.915566384792,46.9526805430651,210.685971185565,28.5125552266836,646.887138441205,0,0,0,0,0,0,0.140273243188858,0,0.926581501960754,0,0,0,50.9379119500518,34.7661043405533,67.901611328125,174.267309606075,7.6131731569767,8.78430004417896,15.8681506961584,21.5431174710393,3.12244868278503,25.9133109673858,1.71774969995022,0,0,0,0,209.307881593704,59.6786478161812,0.296011835336685,1.71192967891693,0,0,242.364338189363,0,13.637138299644,1.83637177944183,4.40945863723755,0,52.9059031307697,109.042315512896,12.2215516716242,178.412641316652,0,0,0.82951420545578,1.32489261031151,0,0,0,2.19413381814957,160.656117625535,238.33892185241,45.2905612140894,123.35657709837,13241.3609867394,142.701632961631,99.4247259348631,11.2536990344524,42.9800212979317
0,0,0,0,0,0,0,0,448.385298773646,1478.00430591404,0,0,0,69.0633175671101,15.2275926619768,796.173488810658,13930.049904488,0,6639.42784838378,0,0,92.5211492478848,23.506023645401,206.042098864913,102.664975643158,378.119363412261,80.0593266487122,4.13132333755493,0,0,0,0,0,0,0,2.18935896456242,0,0,0,62.1388529315591,21.5961240381002,111.362583592534,84.3950533419847,2.70767760276794,3.27851639688015,33.7427788823843,8.42115923762321,0.553153559565544,5.18977607786655,10.4302203059196,0,0,0,0,28.8033338189125,280.903577148914,0,1.09068763256073,0,0,18.1407600641251,2.02269893884659,31.3853790014982,1.95688809454441,143.708213031292,0,178.301055818796,27.2666864097118,77.4041888415813,26.5547734797001,0,0,3.66608387231827,0,0,0,0,1.07736831903458,183.841432012618,136.027513422072,80.1564699858427,48.4535078406334,14160.0022018477,3041.41705487669,88.5559599399567,15.3223666548729,21.2690961062908
0,0.777567028999329,0,1.63902044296265,0,2.65718869864941,0,0,198.064335897565,37.1435815393925,0,1.78415107727051,0,0,12.1371048092842,14.1770547479391,5894.42818248272,6639.42784838378,0,0,0,4.48408252000809,2.33678793907166,12.5248959064484,14.22976821661,10.1853309869766,23.6250379383564,0,0,0,0.920013189315796,0,0,0.145014449954033,6.77990414202213,4.48240739107132,0,0,0,543.858396582305,186.86888101697,989.286027505994,812.077783808112,113.436291486025,173.734558910131,318.004468098283,155.477536424994,25.9476100206375,105.804795429111,89.0834900662303,0,0.146802812814713,0,0,1.78250765800476,25.4935068488121,2.824532777071,11.8129295408726,0,0,3.14740221202374,0,185.466155789793,26.2638655081391,2.12785796821117,0,3.11437457799911,9.12421509623528,9.57378372550011,3.37425327301025,0,0,29.3643970042467,19.0144800841808,0,0,0,19.2104949206114,1683.36427626759,1944.70948534459,563.372758977115,530.574575617909,5548.73545475304,406.214480668306,1127.75297089666,257.491517335176,167.210892997682
0,0,0,0,0,2.92040494084358,0,0,0,0,0,325.219814091921,0,0,0,0,0,0,0,0,0,0,0,0,0,0,0,0,0,0,0,0,0,0,0,554.47331418097,0,96.1356603354216,0,0,0,0,0,0,0,41.1350567638874,0,0,0,0,0,0,0,0,0,0,0,297.577602699399,0,0,0,0,1726.2496728301,0,0,0,0,0,0,0,0,0,118.769276216626,0,0,0,0,0,1055.53791345656,0,656.444205999374,0,144.097741544247,8.37479394674301,25.2092607319355,0,0
0,0,0,0,0.463113725185394,0,0,0,0,0,191.627272933722,0,0,0,0,0,0,0,0,0,0,0,0,0,0,0,0,0,0,0,1.68119177222252,0,0,0,0,0,421.075343385339,0,1.47465522587299,0,34.5635643899441,0,13.5495519638062,0,0,0,160.353955999017,1.21138407289982,10.6072719693184,0,0,0,0,0,0,0,17.3107788413763,0,0,0,0,0,0,1210.26517862082,0,0,0,0,0,0,0,0,0,63.7325186878443,0,0,0,0.188353702425957,0,544.850280068815,0,380.188875183463,768.606815770268,8.98735162615776,22.8226385563612,0,4.17047959566116
0,0,0,0,0,0,0,0,1.56341859698296,17.3467579185963,0,0,0,0,0,2.55365251004696,33.149567514658,92.5211492478848,4.48408252000809,0,0,0,132.738129019737,31.3629475235939,0,86.1542211472988,0,141.503911912441,0,0,0,0,0,0,0,0,0,999.895553320646,0,0,0,0,0,0,0,1.61057007312775,0,0.371792733669281,0,109.941170722246,0,0,0,0,0.636218190193176,1.01581537723541,0,0,0,0,0,0,0,0,4539.25659233332,48.489846944809,131.648403972387,0,224.31358474493,0,28.7794969081879,0,0,0,0,0,0,0,0,0,289.095149591565,0,344.81600522995,0,0.542568445205688,0,0.312902867794037
0,0,0,0,0,0,0,0,3.16847729682922,0,0,0,0,0,0,0,143.915566384792,23.506023645401,2.33678793907166,0,0,132.738129019737,0,0,253.508895993233,0,0,0,157.754090607166,0,0,0,0,0,0,0,0,0,900.210737124085,0,0,0,0,0,0,0,0,0,9.46754491329193,0,0,0,0,0,0,0,0,0,0,0,0,0,0,0,0,3730.56255830824,0,22.8232923150063,0,6.67398566007614,0,90.2599900066853,0,0,0,0,0,0,0,0.671116411685944,0,635.476223245263,379.504962265491,0,0,0,0
0,0,0,0,0,0,0,0,2.06126542389393,92.316152215004,0,0,0,0,0,3.35236299037933,46.9526805430651,206.042098864913,12.5248959064484,0,0,31.3629475235939,0,0,0,289.45912617445,0.589705288410187,0,0,0,0,0,0,0,0,0,0,335.747193455696,0,0,0,0,0,0,0,0,0,0,0,160.649558961391,0,0,0,0,0,224.715712308884,0,0,0,0,0,0,0,0,216.896781861782,0,719.776440113783,0,181.320417106152,0,2.35410463809967,0,0,0,0,0,0,0,0,0,173.089448601007,0,293.775172173977,3.60107254981995,21.0429652035236,0,0
0,0,0,0,0,0,0,0,117.851676076651,3.66621294617653,0,0,0,0,0,0,210.685971185565,102.664975643158,14.22976821661,0,0,0,253.508895993233,0,0,0.395480260252953,250.428722560406,0,0,0,0,0,0,0,0,0,0,0,182.350397616625,0.145272076129913,0,0,0,0,0,0,0,0,4.46231666207314,0,0,0,0,0,64.3979505896568,0.339205145835876,0,0,0,0,0.527617484331131,0,0.184670701622963,0,1.1265515089035,10.2576511502266,1.66978669166565,711.048060834408,0.724201992154121,196.259259492159,0,0,0,0,0,0,0,0,0.340567827224731,0.30053186416626,0,2.57074682414532,231.5763528198,0,13.132179453969,0,0
0,0,0,0,0,0,0,0,2.70347630977631,31.6712711155415,0,0,0,0,0,12.4531645774841,28.5125552266836,378.119363412261,10.1853309869766,0,0,86.1542211472988,0,289.45912617445,0.395480260252953,0,0.41764497756958,0,0,0,0,0,0,0,0,0,0,0,0,0,0,1.65085810422897,1.62914729118347,0,0,0,0,0,0,0,0,0,0,0,0.247134655714035,57.4391501545906,0,0,0,0,0,0,0,0,6.13563200831413,0,28.7838394343853,0,62.3748001456261,0,0,0,0,0,0,0,0,0,0,0,0,0,75.1557324826717,0,0,0,0
0,0,0,0,0,0,0,0,45.5448446720839,6.91579067707062,0,0,0,0,37.0732890665531,0,646.887138441205,80.0593266487122,23.6250379383564,0,0,0,0,0.589705288410187,250.428722560406,0.41764497756958,0,0,0,0,0,0,0,0,0,0,0,0,0,0,0,0,3.81383743882179,0,0,0,0,0,0,0,0,0,0,0,17.491535037756,0.456923604011536,0,0,0,0,76.8143533021212,0,0,0,0,0,0,93.1547792553902,0,37.2094932198524,0,0,0,0,0,0,0,0,0,0.391898393630981,0,1.63224491477013,108.59313967824,0,0,0,0
0,0,0,0,0,0,0,0,0,0,0,1,0,4.59452322125435,0,0,0,4.13132333755493,0,0,0,141.503911912441,0,0,0,0,0,0,0,31.1079193353653,0,0,0,0,0,0,0,6.61577343940735,0,0,0,0,0,0,0,0,0,0,0,2.50213780999184,0,0,0,0,0,0,0,0,0,14.3960862159729,0,0,0,0,0,0,0,0,0,0,472.47690820694,0,0,0,0,0,0,0,0,0,0.743889957666397,0,108.507356762886,2.11042356491089,0,0,0
0,0,0,0,0,0,0,0,0,0,0,0,0,0,0,0,0,0,0,0,0,0,157.754090607166,0,0,0,0,0,0,0,1,0,0,0,0,0,0,0,27.9473416805267,0,0,0,0,0,0,0,0,0,0,0,0,0,0,0,0,0,0,0,0,0,0,0,0,0,0,0.31733226776123,0,0,0,0,0,52.1846730709076,0,0,0,0,0,0,0,0,0,0,0,0,0,0,0
0,0,0,0,0,0,0,0,0,0,0,29.4504860341549,0,0,0,0,0,0,0,0,0,0,0,0,0,0,0,31.1079193353653,0,0,0,0,0,0,0,0,0,368.056316882372,0,0,0,0,0,0,0,0,0,0,0,0,0,0,0,0,0,0,0,1.06588013470173,0,0,0,0,0,0,0,0,0,0,0,0,346.693068385124,0,279.153223991394,0,0,0,0,0,0,0,47.0189108252525,0,0,0,0,0,0
0,0,0,0,0,0,0,0,0,0,66.1850827634335,0,0,0,0,0,0,0,0.920013189315796,0,1.68119177222252,0,0,0,0,0,0,0,1,0,0,0,0,0,0,0,0,0,195.230351448059,0,0.707480728626251,0,1.84075325727463,0,0,0,16.4621711745858,0.836391448974609,1.84778609871864,0,0,0,0,0,0,0,46.2173364460468,0,0,0,0,0,0,6.92686380445957,0,0,0,0,0,0,0,0,0,87.8900155127048,0,0,0,0,0,8.59757525473833,0,12.452289223671,8.88489246368408,0,7.06164667010307,0,1.28822362422943
0,0,0,0.247445121407509,0,1.40782821178436,0,0,0,0,0,0.172027483582497,0,0,0,0,0,0,0,0,0,0,0,0,0,0,0,0,0,0,0,0,426.572699129581,4.22576174139977,12.2819561064243,118.36537539959,0,0,0,0.498266622424126,0,0,0,0,0,6.2961512580514,0,83.4699193537235,0,12.4110952317715,0,0,0,0,0,0,0,0.310517802834511,0,0,0,0,1.78456339240074,0,0,0,0,0,0,0,0,0,0.429128646850586,0,1359.51146933436,285.394809305668,112.678487688303,17.5099855661392,1520.77479310334,1.89245504140854,17.713731482625,0,525.908204168081,0,3.29594139009714,0,0
0,0,0,0,0,0,0,0,0,0,0,0,0,0,0,0,0,0,0,0,0,0,0,0,0,0,0,0,0,0,0,426.572699129581,0,0,287.369648188353,0,20.8812996149063,0,0,0,0,0,0,0,0,0,0,11.5374828577042,3.8821387887001,0,0,0,0,0,0,0,0,0,0,0,0,0,0,0,0,0,0,0,0,0,0,0,0,0,201.611854791641,2793.4084129706,4.97129058837891,375.336921095848,26.7196883559227,10.8626469969749,0,0,657.901454955339,0,0,0,0
0,0,0,1.08325597643852,0,5.68670625984669,0,0,0,0,0,0,0,0,0,0,0.140273243188858,0,0.145014449954033,0,0,0,0,0,0,0,0,0,0,0,0,4.22576174139977,0,0,937.087220340967,370.377706445754,60.3095583170652,294.154377475381,8.14746499061584,4.11065988242626,0,1.64512576162815,4.1333050429821,0,0,117.06193035841,0,2128.01535275578,33.5700033307076,117.0659686625,0,0,0,0,0,0,0,2.87130051851273,0,0,0,0,14.4350724071264,0,1.15839609503746,0,0,0,0,0,1.33759930729866,0,6.11893789470196,0,67.8611760139465,2.05987787246704,4719.45914633572,588.98832988739,611.712816148996,17.7680561542511,2094.34584496915,62.1248323917389,888.491937816143,11.687856733799,92.0333738252521,1.40445017814636,0
0,0,2.05095481872559,0,1.94009907543659,0,0,0,0.658208429813385,0,0,0,0,0,0,0,0,0,6.77990414202213,0,0,0,0,0,0,0,0,0,0,0,0,12.2819561064243,287.369648188353,937.087220340967,0,9.42538946866989,598.983902662992,3.74169492721558,139.666761428118,0,25.7246192842722,0,39.8744336515665,0,0.696376666426659,0.249011844396591,10.9940204024315,1959.11472412944,301.35605071485,2.30187878012657,0,0,0,0,0,0,1.33000487089157,0,0,0,0,0,0,3.64801147580147,0,0,0,0,0,0,0,0,0,0.685111567378044,103.94564729929,274.201450124383,764.527579903603,7937.13018369675,98.638110935688,468.355659663677,96.4624861180782,360.999390661716,881.181883975863,27.4318860471249,167.761623352766,0,0
0,0,0,0,0,10.0042146444321,0,0,0,0,0,64.3223559260368,0,0,0,0,0.926581501960754,2.18935896456242,4.48240739107132,554.47331418097,0,0,0,0,0,0,0,0,0,0,0,118.36537539959,0,370.377706445754,9.42538946866989,0,280.070761859417,1477.02727684379,1.8803069293499,14.309531621635,0.117462933063507,23.7442224398255,0.584659099578857,1.35068725049496,0,173.163177005947,0,49.2545357272029,1.41924738883972,40.882628582418,0,0,0,0,0,0,0,0.17514856159687,0,0,0,0,343.7476112023,0,0,0,0,0,0,0,0,0,1.99856815487146,0,57.234210819006,0,116.294833093882,10.9114970862865,8898.27334889024,9.24897930026054,1938.50383278728,1.98692342638969,2110.6279604882,0,47.5004161596298,0.536982275545597,0
0,0,0,0,12.9751240462065,0,0,0,0,0,91.2814893722534,0,0,0,0,0,0,0,0,0,421.075343385339,0,0,0,0,0,0,0,0,0,0,0,20.8812996149063,60.3095583170652,598.983902662992,280.070761859417,0,0.723423957824707,1997.02766683698,0,18.5953271985054,0,0.258105337619781,0,0,0,34.6778142005205,9.15348169207573,5.24237860739231,0,0,0,0,0,0,0,0.184537187218666,0,0,0,0,0,0,101.629207000136,0,0,0,0,0,0,0,0,0,0,3.23092269897461,19.5270770788193,155.924614578485,693.632600158453,24.6670976281166,9633.18872727454,1.38811501860619,862.094797730446,1983.55811810493,3.8473379611969,15.3311643004417,0,0
0,0,0,0,0,0,0,0,0,272.395392656326,0,1473.87862882018,0,0,0,0,0,0,0,96.1356603354216,0,999.895553320646,0,335.747193455696,0,0,0,6.61577343940735,0,368.056316882372,0,0,0,294.154377475381,3.74169492721558,1477.02727684379,0.723423957824707,0,1.86076134443283,0,0,66.7024686336517,0,0,0,1.71373495459557,0,310.109015062451,0.379753738641739,243.756934344769,0,0,0,0,0,48.7269206345081,0,264.441298961639,0,0,0,0,60.3727256804705,0,1482.47372965515,0,221.756941452622,0,0,0,269.880684703588,0,151.019955307245,0,0,0,113.972815841436,2.4341806769371,248.045986428857,0,12513.1637017429,0.422660917043686,1361.402205199,23.3870764374733,350.985348939896,0,0
1.88268592953682,0,0,0,0,0,0,0,386.936613291502,0,959.943182229996,0,0,0,0,0,0,0,0,0,1.47465522587299,0,900.210737124085,0,182.350397616625,0,0,0,27.9473416805267,0,195.230351448059,0,0,8.14746499061584,139.666761428118,1.8803069293499,1997.02766683698,1.86076134443283,0,0,0,0,126.103810966015,0,0,0,0.646098047494888,302.5616312325,218.400789558887,0,0,0,0,0,49.7235726714134,0,98.7626390457153,0,0,0,0,0,0,11.642174243927,0,759.322361260653,0,86.4923166930676,0,0,0,9.43619668483734,0,12.4511472582817,0,0.171405225992203,14.7660214006901,59.1839023381472,0.243769407272339,872.730000376701,1.48343321681023,12002.3776519895,1301.2496200949,2.78557753562927,223.303505063057,0,0
0,0,0,0.631745100021362,0,12.7114185988903,0,0,1.9373809248209,0.159181207418442,0,0.151362329721451,0,0,0,1.53620755672455,50.9379119500518,62.1388529315591,543.858396582305,0,0,0,0,0,0.145272076129913,0,0,0,0,0,0,0.498266622424126,0,4.11065988242626,0,14.309531621635,0,0,0,0,6.79021253436804,1206.22122450918,36.2877688184381,85.8245218992233,2.41381108760834,409.601287908852,4.0913345515728,62.6934371888638,3.73268657177687,951.421656355262,0,0.302860379219055,0,0,0,0.29173943400383,0,5.09221620857716,0,0,0,0,56.0517974346876,0.251647472381592,0,0,0,0.388837099075317,0,0,0,0,22.3732177168131,0.202918156981468,0,0,0,0,776.092116102576,48.756834872067,405.126963198185,16.3517762869596,337.99488260597,1.24442631006241,476.014663793147,89.0397635772824,3.21518997848034
0,0,0.48605352640152,0,43.8517821580172,0.153429999947548,0,0,0.840987548232079,0.898570001125336,0,0,0,0,0,0,34.7661043405533,21.5961240381002,186.86888101697,0,34.5635643899441,0,0,0,0,0,0,0,0,0,0.707480728626251,0,0,0,25.7246192842722,0.117462933063507,18.5953271985054,0,0,6.79021253436804,0,6.64231339097023,578.85851533711,5.38173639774323,16.4339514002204,9.27675910294056,916.982621639967,134.382162347436,822.598849669099,0,0,0,0,0,0,0,10.7033761739731,0,0,0,0,0,0.121570654213428,288.581498935819,0,0,0,0,0,0,0,0,0.161436840891838,12.5105712860823,0,3.9854788184166,0,43.7077449560165,8.46216624975204,807.213427044451,4.34696190059185,97.3035346418619,163.336956605315,0,430.883087180555,2.19437146186829,59.0587245225906
0,0.915043503046036,0,44.0640996545553,0,10.2255998253822,0,0,2.36277434229851,44.4160156846046,0,0.929710283875465,0,0,0,1.27956056594849,67.901611328125,111.362583592534,989.286027505994,0,0,0,0,0,0,1.65085810422897,0,0,0,0,0,0,0,1.64512576162815,0,23.7442224398255,0,66.7024686336517,0,1206.22122450918,6.64231339097023,0,111.679769463837,229.615213185549,0.406859382987022,489.648028217256,6.7051650583744,67.57026142627,7.13824832439423,755.590422824025,0,0,0,0,0,0.368352741003036,0,675.989909097552,0,0,0,0,781.000520534813,0,0,0,0,1.04873061180115,0,0,0,0,884.443104535341,1.08600351214409,0,0,0,0,2387.53675206006,45.9109250456095,1607.89081441611,21.4243791699409,1371.04628863186,1.35695850849152,3807.9047607705,1442.33413402736,18.1362094953656
16.8197392821312,0,58.6048480719328,0,5.55056142807007,0.148114368319511,0,0,49.8360522538424,0.848229601979256,0.93019425868988,0,0,0,0,0.262440830469131,174.267309606075,84.3950533419847,812.077783808112,0,13.5495519638062,0,0,0,0,1.62914729118347,3.81383743882179,0,0,0,1.84075325727463,0,0,4.1333050429821,39.8744336515665,0.584659099578857,0.258105337619781,0,126.103810966015,36.2877688184381,578.85851533711,111.679769463837,0,16.0818364396691,80.5248338282108,28.5236907601357,567.752416394651,408.744508251548,1142.2961756289,4.76106739044189,0,0,0,0,1.41988384723663,0,417.999957069755,0.186566025018692,0,0,0.235442623496056,0,7.13994496315718,657.461790636182,0,0,1.44206345081329,0,0,0,0,0,0.673382468521595,279.60756316781,0,0,1.5319210588932,21.0303770452738,59.0860966295004,3184.85604013503,19.7601815089583,1284.05493476987,1647.3405001089,1.26050448417664,5428.84855354577,1.97426877915859,1396.65417446196
0,0,0,0,0,0,0,0,0,0,0,0,0,0,0,0,7.6131731569767,2.70767760276794,113.436291486025,0,0,0,0,0,0,0,0,0,0,0,0,0,0,0,0,1.35068725049496,0,0,0,85.8245218992233,5.38173639774323,229.615213185549,16.0818364396691,0,1.42888840287924,93.1416257023811,1.38076975941658,0.611971065402031,2.83041201531887,25.5787300616503,0,0,0,0,0,0,0,1.43337833881378,0,0,0,0,12.2784485295415,0,0,0,0,0,0,0,0,0,4.24317491054535,0.315795674920082,0,0,0,0.157006368041039,423.849302425981,37.5142093226314,96.0860529094934,13.5495130717754,13.5528034865856,0,83.6090444773436,5.78895738720894,2.28429196029902
0,0,0,0,0,0,0,0,0,0,0,0,0,0,0,0,8.78430004417896,3.27851639688015,173.734558910131,0,0,0,0,0,0,0,0,0,0,0,0,0,0,0,0.696376666426659,0,0,0,0,2.41381108760834,16.4339514002204,0.406859382987022,80.5248338282108,1.42888840287924,0,1.41373538970947,29.159533277154,6.2579133361578,16.6692501157522,0,0,0,0,0,0,0,0,0,0,0,0,0,0.48035916686058,0,0,0,0,0,0,0,0,0,0,3.35709029436111,0,0,0,4.26602038741112,2.47662461549044,361.335249096155,1.38046658039093,45.088727787137,6.4231289550662,0,52.7553393989801,0,8.27538511157036
0,0,0,173.790228947997,0,398.232982188463,0,0,0.815113455057144,2.49086797237396,0,0.246055334806442,0,0,0,0,15.8681506961584,33.7427788823843,318.004468098283,41.1350567638874,0,1.61057007312775,0,0,0,0,0,0,0,0,0,6.2961512580514,0,117.06193035841,0.249011844396591,173.163177005947,0,1.71373495459557,0,409.601287908852,9.27675910294056,489.648028217256,28.5236907601357,93.1416257023811,1.41373538970947,0,6.73118695616722,319.792724892497,18.143370307982,413.29056237638,0,1.71183544397354,0,0,0,0,0,307.421783730388,0,0,0.222479194402695,0,2591.08773868531,0.145180732011795,0,0,0,0,0,0,0,0,708.516576394439,0.477100282907486,0,0,0,0.505919963121414,3668.76385197043,68.8432362377644,1072.48756510019,23.7259671017528,325.083689972758,16.3975164294243,1637.3266383335,49.0720846652985,4.61347400397062
0,0,254.23039072752,0,247.554112374783,0,0,0,0.997112736105919,0,12.744048550725,0,0,0,0,0,21.5431174710393,8.42115923762321,155.477536424994,0,160.353955999017,0,0,0,0,0,0,0,0,0,16.4621711745858,0,0,0,10.9940204024315,0,34.6778142005205,0,0.646098047494888,4.0913345515728,916.982621639967,6.7051650583744,567.752416394651,1.38076975941658,29.159533277154,6.73118695616722,0,87.3807988390326,450.339755825698,6.08303679525852,0,0,0,0,0,0,379.648975849152,0,0,0,0,0,0.616214960813522,1749.2137465477,0,0,0,0,0,0,0,0,2.03402233123779,412.690874882042,0,0,0,17.4054277837276,7.50139148533344,3098.71858208627,3.86489756405354,1231.5190154016,351.512744404376,11.7995640039444,2304.002538234,0,82.7417901605368
0,0,4.51000460982323,1.17543977499008,6.8173740208149,24.6337854266167,0,0,0.210626274347305,0,0,0,0,0,0,0,3.12244868278503,0.553153559565544,25.9476100206375,0,1.21138407289982,0.371792733669281,0,0,0,0,0,0,0,0,0.836391448974609,83.4699193537235,11.5374828577042,2128.01535275578,1959.11472412944,49.2545357272029,9.15348169207573,310.109015062451,302.5616312325,62.6934371888638,134.382162347436,67.57026142627,408.744508251548,0.611971065402031,6.2579133361578,319.792724892497,87.3807988390326,0,826.639594733715,892.585634693503,0,0.31929737329483,0,0,0,0,4.9548204690218,8.30959610641003,0,0,0,0,34.4934268966317,16.3536969721317,2.37952360510826,0,0,0,0,0,9.44709703326225,0,13.0707888901234,3.75863529741764,78.9032362699509,167.629365921021,877.507529094815,429.65258833766,1666.5057682842,531.195033803582,1724.21762610972,423.361172690988,1006.45687462389,14.6147165894508,1119.70726791769,2.65659809112549,5.17264865338802
214.380369693041,0,130.928403094411,0,59.734928779304,0,0,0,10.5317705124617,0,0.601666763424873,0,0,0,0,0,25.9133109673858,5.18977607786655,105.804795429111,0,10.6072719693184,0,9.46754491329193,0,4.46231666207314,0,0,0,0,0,1.84778609871864,0,3.8821387887001,33.5700033307076,301.35605071485,1.41924738883972,5.24237860739231,0.379753738641739,218.400789558887,3.73268657177687,822.598849669099,7.13824832439423,1142.2961756289,2.83041201531887,16.6692501157522,18.143370307982,450.339755825698,826.639594733715,0,246.190398097038,0,0,0,0,0,0,57.4405369311571,0,0,0,0,0,0.879830896854401,125.577348314226,0,35.2841406613588,0,134.159611687064,0,23.9562523066998,0,23.7870071679354,0,20.2532141953707,0,18.2579508721828,11.4762879759073,123.750453650951,7.4772665053606,1450.75981397927,2.74358505010605,502.496246993542,379.896011039615,0.862185180187225,1612.58878748119,0,13.931043446064
0,87.6482528597116,0,232.222704678774,1.2759615778923,27.1645634770393,0,0,1.118836119771,31.5386022627354,0,0.580019056797028,0,0,0,0,1.71774969995022,10.4302203059196,89.0834900662303,0,0,109.941170722246,0,160.649558961391,0,0,0,2.50213780999184,0,0,0,12.4110952317715,0,117.0659686625,2.30187878012657,40.882628582418,0,243.756934344769,0,951.421656355262,0,755.590422824025,4.76106739044189,25.5787300616503,0,413.29056237638,6.08303679525852,892.585634693503,246.190398097038,0,0,0.86748830974102,0,0,0,6.05797117948532,1.06754350662231,120.382682010531,0,2.31467288732529,0,30.9867512881756,104.536283746362,5.77525536715984,204.737614691257,0,381.469385743141,0,0,0,118.391276210546,0,45.5853873640299,0,0,0,3.02359220385551,1.77070353925228,1268.78772363812,15.2995900958776,580.49653057754,1.56239385902882,325.16806691885,0,1415.86030403525,65.4888031184673,0.284652054309845
0,0,0,0,425.913873076439,0,51.0614823102951,0,0,0,0,0,0,0,0,0,0,0,0,0,0,0,0,0,0,0,0,0,0,0,0,0,0,0,0,0,0,0,0,0,0,0,0,0,0,0,0,0,0,0,0,0,122.814457058907,0,0,0,24.7247346937656,0,38.1839118003845,0,7.57198047637939,0,0,0,0,0,0,0,0,0,0,0,0,0,0,0,0,0,0,0,0,0,0,0,0,0,0
0,47.0928305238485,0,74.7314502447844,0,120.982463926077,0,0,0,0.840029507875443,0,0.379537492990494,0,8.45684504508972,0,11.8837809562683,0,0,0.146802812814713,0,0,0,0,0,0,0,0,0,0,0,0,0,0,0,0,0,0,0,0,0.302860379219055,0,0,0,0,0,1.71183544397354,0,0.31929737329483,0,0.86748830974102,0,0,0,0,0,7.63984456658363,0,17.7238770723343,0,7.95567038655281,0,74.984433054924,2.12494447827339,0,0,0,0,0,0,0,0,0,0,0,0,0,0,0,1.01515078544617,0,0,0,14.3501392602921,0,36.9268510639668,0,0
0,0,0,0,1.58281898498535,0,356.193029046059,0,0,0,0,0,0,0,0,0,0,0,0,0,0,0,0,0,0,0,0,0,0,0,0,0,0,0,0,0,0,0,0,0,0,0,0,0,0,0,0,0,0,0,122.814457058907,0,0,0,0,0,0,0,0,0,0,0,0,0,0,0,0,0,0,0,0,0,0,0,0,0,0,0,0,0,0,0,0,0,0,0,0
0,0,0,0,0,0,0,358.758497565985,0,0,0,27.7728040218353,0,0,0,0,0,0,0,0,0,0,0,0,0,0,0,0,0,0,0,0,0,0,0,0,0,0,0,0,0,0,0,0,0,0,0,0,0,0,0,0,0,0,0,0,0,39.7794126272202,0,30.729687333107,0,0,0,0,0,0,0,0,0,0,0,0,0,0,0,0,0,0,0,0,0,0,20.4616797566414,0,0,0,0
230.491446271539,0,4.07958419620991,0,8.74558854103088,0,0,0,583.236213192344,0,0,0,0,0,24.2539502084255,0,209.307881593704,28.8033338189125,1.78250765800476,0,0,0.636218190193176,0,0,64.3979505896568,0.247134655714035,17.491535037756,0,0,0,0,0,0,0,0,0,0,0,49.7235726714134,0,0,0,1.41988384723663,0,0,0,0,0,0,0,0,0,0,0,0,0.596426010131836,0.686313509941101,0,24.4126403331757,0,1.98842471837997,0,0,0,0,0,0,161.377188444138,0,0.481098681688309,0,0,0,0,0,0,0,0,0,0,0,224.434678167105,170.2691834867,0,10.328765437007,0,0
0,278.152968943119,0,1.69862532615662,0,195.523043304682,0,0,1.20913901925087,465.102509632707,0,0,0,0,0,64.1132383942604,59.6786478161812,280.903577148914,25.4935068488121,0,0,1.01581537723541,0,224.715712308884,0.339205145835876,57.4391501545906,0.456923604011536,0,0,0,0,0,0,0,0,0,0,48.7269206345081,0,0.29173943400383,0,0.368352741003036,0,0,0,0,0,0,0,6.05797117948532,0,7.63984456658363,0,0,0.596426010131836,0,0,0,0,0,0,0,0.201020762324333,0,0,0,165.292801260948,0,7.92407560348511,1.49982464313507,0,0,0,0,0,0,0,0,0.560447812080383,0.461191892623901,127.665159672499,0,266.421596094966,55.9681463837624,33.7277829349041,0,0
0,0,0,0,23.5612681806087,0,0,0,1.16255009174347,0,614.407943427563,0,0,0,0,0,0.296011835336685,0,2.824532777071,0,17.3107788413763,0,0,0,0,0,0,0,0,0,46.2173364460468,0,0,0,1.33000487089157,0,0.184537187218666,0,98.7626390457153,0,10.7033761739731,0,417.999957069755,0,0,0,379.648975849152,4.9548204690218,57.4405369311571,1.06754350662231,24.7247346937656,0,0,0,0.686313509941101,0,0,0,52.9453621506691,0,0,0,0,284.923897430301,0,0,0,0,0,0,0,209.81184348464,0,502.255320310593,0,0,0,0.951314955949783,0.734213262796402,51.7610189244151,0,29.742923617363,44.727755188942,0,666.338917255402,0,44.5452847778797
0,0,0,20.4864689409733,0,0.357426017522812,0,20.5787619352341,1.25889337062836,0,0,1492.14946095645,0,61.1102657318115,0,0,1.71192967891693,1.09068763256073,11.8129295408726,297.577602699399,0,0,0,0,0,0,0,0,0,1.06588013470173,0,0.310517802834511,0,2.87130051851273,0,0.17514856159687,0,264.441298961639,0,5.09221620857716,0,675.989909097552,0.186566025018692,1.43337833881378,0,307.421783730388,0,8.30959610641003,0,120.382682010531,0,17.7238770723343,0,39.7794126272202,0,0,0,0,0,447.878057703376,0,49.9989158809185,616.195849433541,0,0,0,0,0,0,0,411.975021600723,0,1179.78418065608,0,0,0,0,0,4.53638362884521,0.187343746423721,115.4681763798,0.130103930830956,11.9031447693706,0,497.849895700812,114.735444396734,0.118291862308979
0,0,0,0,16.2252261638641,0,0,0,6.00871932506561,0,0,0,0,0,86.4500118494034,0,0,0,0,0,0,0,0,0,0,0,0,0,0,0,0,0,0,0,0,0,0,0,0,0,0,0,0,0,0,0,0,0,0,0,38.1839118003845,0,0,0,24.4126403331757,0,52.9453621506691,0,0,0,1.76556730270386,0,0,0,0,0,0,0,0,0,0,14.2675833702087,0,0,0,0,0,0,0,0,0,0,0,0,0,0,0
0,0,0,43.431634157896,0,20.6617223471403,0,64.6190322637558,0,0,0,0,0,204.622681498528,0,29.529358625412,0,0,0,0,0,0,0,0,0,0,0,14.3960862159729,0,0,0,0,0,0,0,0,0,0,0,0,0,0,0,0,0,0,0,0,0,2.31467288732529,0,7.95567038655281,0,30.729687333107,0,0,0,447.878057703376,0,0,0,35.8793223649263,0,0,0,0,0,0,0.6658775806427,0,305.422852754593,0,0,0,0,0,0,0,0,0,0,0,0,0,5.01383253931999,0,0
0,0,0,0,0,0,0,0,1.92929190397263,0,0,0,14.0976347923279,0,72.8877092301846,0.252835363149643,242.364338189363,18.1407600641251,3.14740221202374,0,0,0,0,0,0.527617484331131,0,76.8143533021212,0,0,0,0,0,0,0,0,0,0,0,0,0,0,0,0.235442623496056,0,0,0.222479194402695,0,0,0,0,7.57198047637939,0,0,0,1.98842471837997,0,0,0,1.76556730270386,0,0,0,0,0,0,0,0,0.377155631780624,0,1.85355292260647,0,0,0,0,0,0,0,0,0,0,0,0,6.40423586964607,0,0,0,0
0,50.6400113105774,0,102.504294037819,0,10.6470435857773,0,0,0,107.141235530376,0,0,0,31.8443777561188,0,98.548003077507,0,2.02269893884659,0,0,0,0,0,0,0,0,0,0,0,0,0,0,0,0,0,0,0,0,0,0,0,0,0,0,0,0,0,0,0,30.9867512881756,0,74.984433054924,0,0,0,0,0,49.9989158809185,0,35.8793223649263,0,0,0,0,0,0,0,0,0,0,0,0,0,0,0,0,0,0,0,0,0,0,14.9764593094587,0,0,0,0
0,0,0,5.46587857604027,0,164.228002935648,0,0,0.20185786485672,0.729470133781433,0,7.03738796710968,0,0,0,0,13.637138299644,31.3853790014982,185.466155789793,1726.2496728301,0,0,0,0,0.184670701622963,0,0,0,0,0,0,1.78456339240074,0,14.4350724071264,0,343.7476112023,0,60.3727256804705,0,56.0517974346876,0.121570654213428,781.000520534813,7.13994496315718,12.2784485295415,0.48035916686058,2591.08773868531,0.616214960813522,34.4934268966317,0.879830896854401,104.536283746362,0,2.12494447827339,0,0,0,0.201020762324333,0,616.195849433541,0,0,0,0,0,0,0,0,0,0,0,0,0,0,619.145422324538,0,0,0,0,0,1949.08026652783,3.73018858581781,1622.00076768547,1.57688120007515,166.374892681837,12.5721221268177,738.845572248101,36.1671946495771,0.505090445280075
0,0,0,0,128.27735196054,0,0,0,0,0,141.705112211406,0,0,0,0,0,1.83637177944183,1.95688809454441,26.2638655081391,0,1210.26517862082,0,0,0,0,0,0,0,0,0,6.92686380445957,0,0,0,3.64801147580147,0,101.629207000136,0,11.642174243927,0.251647472381592,288.581498935819,0,657.461790636182,0,0,0.145180732011795,1749.2137465477,16.3536969721317,125.577348314226,5.77525536715984,0,0,0,0,0,0,284.923897430301,0,0,0,0,0,0,0,0,0,0,0,0,0,0,0,0,398.428392894566,0,0,0,4.01609326899052,0.30549268424511,1068.63385830075,0,679.832194857299,442.152078986168,10.6143952608109,928.128267593682,0,40.1951438784599
0,0,0,0,0,0,0,0,2.8636722266674,5.88123577833176,0,0,0,0,0,1.26487082242966,4.40945863723755,143.708213031292,2.12785796821117,0,0,4539.25659233332,0,216.896781861782,1.1265515089035,6.13563200831413,0,0,0,0,0,0,0,1.15839609503746,0,0,0,1482.47372965515,0,0,0,0,0,0,0,0,0,2.37952360510826,0,204.737614691257,0,0,0,0,0,0,0,0,0,0,0,0,0,0,0,0,625.743475437164,0,760.866291075945,0,49.033016949892,0,0,0,0,0,0,0,0,0,719.930815473199,0,303.752300262451,0,5.79721975326538,0,0
0,0,0,0,0,0,0,0,0,0,0,0,0,0,0,0,0,0,0,0,0,48.489846944809,3730.56255830824,0,10.2576511502266,0,0,0,0.31733226776123,0,0,0,0,0,0,0,0,0,759.322361260653,0,0,0,0,0,0,0,0,0,35.2841406613588,0,0,0,0,0,0,0,0,0,0,0,0,0,0,0,0,0,0,467.640081226826,0,113.466366946697,0,175.76140627265,0,0,0,0,0,0,0,0,0,405.954689532518,151.279342472553,0,0,0,0
0,7.96258699893951,0,0,0,0,0,0,12.5441994965076,60.326511323452,0,0,0,0,0,0,52.9059031307697,178.301055818796,3.11437457799911,0,0,131.648403972387,0,719.776440113783,1.66978669166565,28.7838394343853,0,0,0,0,0,0,0,0,0,0,0,221.756941452622,0,0,0,0,1.44206345081329,0,0,0,0,0,0,381.469385743141,0,0,0,0,0,165.292801260948,0,0,0,0,0,0,0,0,625.743475437164,0,0,0,120.520141139627,0,3.15164703130722,0,0,0,0,0,0,0,0,0,277.13969630003,0,79.3901612758636,0,112.064178049564,0,0
1.72440847754478,0,0,0,0,0,0,0,118.562290683389,0,0,0,0,0,0.348843485116959,0,109.042315512896,27.2666864097118,9.12421509623528,0,0,0,22.8232923150063,0,711.048060834408,0,93.1547792553902,0,0,0,0,0,0,0,0,0,0,0,86.4923166930676,0.388837099075317,0,1.04873061180115,0,0,0,0,0,0,134.159611687064,0,0,0,0,0,161.377188444138,0,0,0,0,0,0.377155631780624,0,0,0,0,467.640081226826,0,0,0,748.887463450432,0,208.577304437757,0,0,0,0,0,0,0,1.70929875969887,0,103.854570448399,70.8750747740269,0,38.053384155035,0,0
0,0,0,0,0,0,0,0,1.50329157710075,29.0267010778189,0,0,0,0,0,0.360444754362106,12.2215516716242,77.4041888415813,9.57378372550011,0,0,224.31358474493,0,181.320417106152,0.724201992154121,62.3748001456261,0,0,0,0,0,0,0,0,0,0,0,0,0,0,0,0,0,0,0,0,0,0,0,0,0,0,0,0,0,7.92407560348511,0,0,0,0.6658775806427,0,0,0,0,760.866291075945,0,120.520141139627,0,0,0,297.289528995752,0,0,0,0,0,0,0,0,0,0,0,42.3119088858366,0,0,0,0
0,0,0,0,0,0,0,0,13.3267460912466,3.08830371499062,0,0,0,0,4.60456094145775,1.66251981258392,178.412641316652,26.5547734797001,3.37425327301025,0,0,0,6.67398566007614,0,196.259259492159,0,37.2094932198524,0,0,0,0,0,0,0,0,0,0,0,0,0,0,0,0,0,0,0,0,0,23.9562523066998,0,0,0,0,0,0.481098681688309,1.49982464313507,0,0,0,0,1.85355292260647,0,0,0,0,113.466366946697,0,748.887463450432,0,0,0,157.086426526308,0,0,0,0,0,0,2.78481829166412,0,0,0,31.7077382355928,0.325358241796494,0,0,0
0,0,0,0,0,0,0,0,0,0,0,0,0,0,0,0,0,0,0,0,0,28.7794969081879,0,2.35410463809967,0,0,0,472.47690820694,0,346.693068385124,0,0,0,1.33759930729866,0,0,0,269.880684703588,0,0,0,0,0,0,0,0,0,9.44709703326225,0,118.391276210546,0,0,0,0,0,0,0,411.975021600723,0,305.422852754593,0,0,0,0,49.033016949892,0,3.15164703130722,0,297.289528995752,0,0,0,725.049633085728,0,0,0,0,0,0,0,624.569314807653,0,0,0,0.768824189901352,0,0
0,0,0,0,0,0,0,0,0,0,0,0,0,0,0,0,0,0,0,0,0,0,90.2599900066853,0,0,0,0,0,52.1846730709076,0,0,0,0,0,0,0,0,0,9.43619668483734,0,0,0,0,0,0,0,0,0,23.7870071679354,0,0,0,0,0,0,0,209.81184348464,0,14.2675833702087,0,0,0,0,0,0,175.76140627265,0,208.577304437757,0,157.086426526308,0,0,0,11.2878575325012,0,0,0,0,0,0,0,29.4840185940266,0,0,0,0,0
0,0,0,0,0,0,0,0,0,0,0,82.3207469880581,0,0,0,0,0.82951420545578,3.66608387231827,29.3643970042467,118.769276216626,0,0,0,0,0,0,0,0,0,279.153223991394,0,0.429128646850586,0,6.11893789470196,0,1.99856815487146,0,151.019955307245,0,22.3732177168131,0.161436840891838,884.443104535341,0.673382468521595,4.24317491054535,0,708.516576394439,2.03402233123779,13.0707888901234,0,45.5853873640299,0,0,0,0,0,0,0,1179.78418065608,0,0,0,0,619.145422324538,0,0,0,0,0,0,0,725.049633085728,0,0,0,0,0,0,0,47.605627477169,1.88177333027124,305.773854479194,0.725224569439888,16.6245923936367,0,351.644257843494,402.728119909763,0
0,0,0,0,0,0,0,0,0,0,71.8884324133396,0,0,0,0,0,1.32489261031151,0,19.0144800841808,0,63.7325186878443,0,0,0,0,0,0,0,0,0,87.8900155127048,0,0,0,0.685111567378044,0,0,0,12.4511472582817,0.202918156981468,12.5105712860823,1.08600351214409,279.60756316781,0.315795674920082,3.35709029436111,0.477100282907486,412.690874882042,3.75863529741764,20.2532141953707,0,0,0,0,0,0,0,502.255320310593,0,0,0,0,0,0,398.428392894566,0,0,0,0,0,0,0,11.2878575325012,0,0,0,0,0,1.83023989200592,5.13892491161823,185.868824839592,0,580.563179537654,8.47603477537632,0,785.579909995198,0,299.34694263339
