0,0,21.0769189447165,0,0,0,0,0,25.42878267169,0,0,0,0,0,0,0,0,0,49.0714727342129,0,0,0,0,0,0,0,0,0,0,0,0,0,0,0,0,0,0,0,2.08684456348419,0,0.243310317397118,0,72.1449849307537,0,0,0,1.00158703327179,0,23.7571051567793,0,0,0,0,0,23.2866862416267,0,0,0,0,0,9.37262696027756,0,0,0,0,0,0,0,0,0,0,0,0,0,0,0,0,0,0.131621047854424,0.229079201817513,0,0.263668417930603,48.5958165675402,0,369.468450412154,0,2.04249496757984
0,0,0,63.8088845610619,0,0,0,0,0,29.7027928829193,0,0,0,0,0,0,0,0.541659951210022,16.5360222905874,0,0,0,0,0,0,0,0,0,0,0,0,0,0,0,0,0.243764162063599,0,0,0,0,0,52.234643727541,0,0,0,0.488784208893776,0,0,0,82.1430837363005,0,0,0,0,0,96.4206789731979,0,1.62564840912819,0,3.88453036546707,0,2.57417520880699,0,0,0,0,0,0,0,0,0,0,1.64456078410149,0,0,0,0,0,0,0,0,0,57.1552428603172,0,239.639249503613,9.31131507456303,0
21.0769189447165,0,0,0,151.737195611,0,0,0,26.7956758737564,0,0,0,0,0,0,0,0,0,1.09527790546417,0,7.46804907917976,0,0,0,0,0,0,0,0,0,0,0,0,0,0,0,1.3447163105011,0,0,0,3.23640775680542,0,91.3499350696802,0,0,0,0.350562036037445,0,25.7476993203163,0,69.5233019143343,0,0,0,0.873613715171814,0,67.2783081978559,0,48.2844713330269,0,107.187031328678,0,0,0.790677443146706,0,0,0,0,0,0,0,1.6696925163269,0,28.6897932142019,0,0,0,0,0,14.6933654844761,0,4.14916369318962,43.404590934515,0,348.592004850507,0,18.7540359199047
0,63.8088845610619,0,0,0,145.473057299852,0,0,0,47.522790491581,0,7.69946867227554,0,0,0,0,0,2.06275360286236,9.83459569513798,0,0,0,0,0,0,0,0,0,0,0,0,0,0,0,0,14.5445536822081,0,0,0,2.00284957885742,0,125.810324072838,0,0,0,11.0017660409212,0,0.24731782078743,0,67.1252849400043,0,49.4280870705843,0,0,0,5.98450356721878,0,118.14252974093,0,61.4870570600033,0,78.0661148577929,0.401644229888916,0,0,0,0,0,0,0,0,0,72.9931770563126,0,0,0,0,0,18.5410199686885,0,10.2879853397608,0,110.64393478632,0,339.003057777882,58.6830845624208,0
0,0,151.737195611,0,0,0,0,0,8.41464984416962,0,0,0,0,0,0,0,0,0,0,0,7.48698949813843,0,0,0,0,0,0,0,0,0,0,0,0,0,0,0,0.488653272390366,0,0,0,0,0,2.28102082014084,0,0,0,0,0,0.533191800117493,0,279.714537516236,0,0,0,0,0,39.1975265294313,0,22.6783133149147,0,8.79482766985893,0,0,0,0,0,0,0,0,0,0,0,0,0,0,0,0,0,0,2.37679183483124,0,0,30.1325378119946,0,74.7792007178068,0,0
0,0,0,145.473057299852,0,0,0,2.17432540655136,0,5.46014508605003,0,0,0,0,0,0,0,0,1.87771308422089,4.18570804595947,0,0,0,0,0,0,0,0,0,0,0,0,0,0,0,0,0,0,0,0,0,5.87064754962921,0,0,0,0.803786635398865,0,0,0,6.13811588287354,0,372.62264508009,0,0,0,3.39989113807678,0,7.84267351031303,0,1.31871542334557,0,9.98260739445686,0,0,0,0,0,0,0,0,0,0,1.7024433016777,0,0,0,0,0,1.13868606090546,0,0.202888935804367,0,94.5192249715328,0,31.7263554781675,2.18802815675735,0
0,0,0,0,0,0,0,0,0,0,4.59467196464539,0,7.99786257743835,0,0,0,0,0,0,0,1.85331249237061,0,0,0,0,0,0,0,0,0,0,0,0,0,0,0,3.69791901111603,0,0,0,0,0,0,0,0,0,0,0,0,0,39.465800344944,0,54.5552126765251,0,0,0,189.163836449385,0,264.239426910877,0,0,0,0,6.44359290599823,0,0,0,0,0,0,0,0,0,0,0,0,0,0,0,0,0,0,0,0,0,0,0
0,0,0,0,0,2.17432540655136,0,0,0,0,0,14.3804837465286,0,0,0,0,0,0,0,0,0,0,0,0,0,0,0,0,0,0,0,0,0,0,0,0,0,0,0,0,0,0,0,0,0,0,0,0,0,0,0,25.6502443253994,0,224.986543238163,0,0,0,41.1985979527235,0,71.6180245131254,0,0,0.631664514541626,0,0,0,0,0,0,0,0,0,0,0,0,0,0,0,0,0,0,0,0,0,0,0,0
25.42878267169,0,26.7956758737564,0,8.41464984416962,0,0,0,0,0,0,0,0,0,44.8355330824852,0,0,0,0,0,0,0,0,0,6.92578607797623,0,0,0,0,0,0,0,0,0,0,0,0,0,4.20842397212982,0,0,0,0.370766520500183,0,0,0,0,0,2.22666555643082,0,33.8424271941185,0,0,0,419.439867988229,0,1.08489716053009,0,0,0,27.9721087515354,0,0,0,0,0,0,2.94060370326042,0,0,0,0,0,0,0,0,0,0,0,0,0,7.91258376836777,258.127235874534,0,14.4674217402935,0,0
0,29.7027928829193,0,47.522790491581,0,5.46014508605003,0,0,0,0,0,0,0,0,0,38.7761787176132,0,0,0,0,0,0,0,16.3425073623657,0,0,0,0,0,0,0,0,0,0,0,0,0,2.41071212291718,0,0,0,6.07049158215523,0,0,0,0.603578299283981,0,0,0,24.2027955949306,0,0,0,0,0,474.672538951039,0,1.09688600897789,0,0,0,28.0348179042339,0,0,0,0,9.48149991035461,0,0,0,0,0,4.89178568124771,0,0,0,0,0,1.97491087019444,0,6.34948086738586,0,226.731878131628,0,29.3678037673235,2.32424503564835,0
0,0,0,0,0,0,4.59467196464539,0,0,0,0,0,176.579948663712,0,0,0,0,0,0,0,635.464011788368,0,0,0,0,0,0,0,1.27794671058655,0,11.0375652313232,0,0,0,0,0,73.3517767190933,0,408.933353580534,0,0,0,0,0,0,0,0,0,0,0,0,0,0,0,0,0,2001.73075148463,0,340.498221710324,0,0,0,0,71.6135079860687,0,0,0,0,0,0,0,0.537484645843506,0,130.215730190277,0,0,0,0,0,25.2589801549911,0,59.3519231975079,190.298897445202,20.7438938617706,0,0,0
0,0,0,7.69946867227554,0,0,0,14.3804837465286,0,0,0,0,0,192.135072827339,0,0,0,0,0,201.294845938683,0,0,0,0,0,0,0,15.5056080818176,0,8.13257917761803,0,0,0,0,0,236.565443456173,0,521.814352825284,0,0,0,0,0,0,0,0,0,0,0,0,0,0,0,38.7307245135307,0,0,0,2409.31604400277,0,442.328570663929,0,0,36.6096254587173,0,0,0,0,0,0,0,36.2721333503723,0,64.0388923287392,0,0,0,0,0,0,0,45.1566653549671,0,204.95136937499,2.23224568367004,3.03864580392838,0,0
0,0,0,0,0,0,7.99786257743835,0,0,0,176.579948663712,0,0,0,10.8119129538536,0,0,0,0,0,0,0,0,0,0,0,0,0,0,0,0,0,0,0,0,0,0,0,0,0,0,0,0,0,0,0,0,0,0,0,0.865615606307983,0,0,0,0,0,6.47317260503769,0,190.116445660591,0,10.3633733391762,0,0,0,0,0,0,0,0,0,0,0,0,0,0,0,0,0,0,0,0,0,80.1783135533333,0,0,0,0
0,0,0,0,0,0,0,0,0,0,0,192.135072827339,0,0,0,2,0,0,0,0,0,0,0,0,0,0,0,2.65984892845154,0,0,0,0,0,0,0,0,0,0,0,0,0,0,0,0,0,0,0,0,0,2.03768354654312,0,0,0,0.280686110258102,0,0,0,34.6600613594055,0,79.1476600170135,0,3.21284833550453,0,0,0,0,0,0,0,0,0,0,0,0,0,0,0,0,0,0,0,0,0,0,0.580899357795715,0,0
0,0,0,0,0,0,0,0,44.8355330824852,0,0,0,10.8119129538536,0,0,0,0,0,0,0,0,0,0,0,0,0,0,0,0,0,0,0,0,0,0,0,0,0,0,0,0,0,0,0,0,0,0,0,0,0,0,0,0,0,22.4538533985615,0,0,0,13.0094578266144,0,35.6013354063034,0,0,0,0,0,0,0,0,0,0,0,0,0,0,0,0,0,0,0,0,0,0,0,0,0,0
0,0,0,0,0,0,0,0,0,38.7761787176132,0,0,0,2,0,0,0,0,0,0,0,0,0,0.319189876317978,0,0,0,0,0,0,0,0,0,0,0,0,0,0,0,0,0,0,0,0,0,0,0,0,0,4.38108021020889,0,0,0,0,0,21.2165236771107,0,0,0,0,0,62.1848267316818,0,0,0,0,3.29124617576599,0,0,0,0,0,0,0,0,0,0,0,0,0,0,0,0,0,0.236442342400551,0,0
0,0,0,0,0,0,0,0,0,0,0,0,0,0,0,0,0,13184.082021594,3141.72582417727,0,0,9.14109808206558,280.933285608888,0,21.2587868869305,12.2087993621826,48.6448430866003,0,1.28157836198807,0,0,0,0,0,0,8.63327241688967,3.86247743666172,0,0,18.1556701660156,26.8978124409914,25.056352853775,105.56067109853,4.6722324937582,23.629027441144,42.6265670284629,99.9017324969172,0,0,0,0,0,0,0,0,0,0,0,0,0,0,0,3.70621021091938,6.29398588836193,2.03096424043179,0,10.0982376337051,7.85053500533104,1.33313304185867,5.95684123039246,0,0,0,1.21823787689209,0,0,0,0,38.969212308526,86.9820496141911,9.44664242863655,10.44146245718,3420.32379852235,382.382880121469,164.318576000631,7.12355901300907,30.807822406292
0,0.541659951210022,0,2.06275360286236,0,0,0,0,0,0,0,0,0,0,0,0,13184.082021594,0,1899.62281982601,0,0,104.536917775869,90.6828376352787,0,5.27738800644875,302.252027094364,4.63272738456726,0,0,0,0,0,0,0,0,15.641021117568,1.07691021263599,0,0,39.0109230950475,18.7796970456839,84.8354061171412,66.8382984697819,19.6334445029497,21.3980643302202,66.9438106045127,53.8015032559633,0,0,0.914527595043182,0,0,0,0,0,0,0,2.89911079406738,0,0,0,0,6.52786520123482,5.41074219346046,66.7809638828039,0,21.1533016711473,0,130.764343142509,0,0,0,1.5876744389534,4.00418977439404,0,0,0,0,121.849946975708,39.4710829108953,16.6729345321655,5.22674265503883,3673.81097016484,389.660831451416,164.903530225158,14.1458767354488,14.8263092935085
49.0714727342129,16.5360222905874,1.09527790546417,9.83459569513798,0,1.87771308422089,0,0,0,0,0,0,0,0,0,0,3141.72582417727,1899.62281982601,0,0,0,1.28592899441719,8.9794929921627,0,0,4.25805208086967,2.93708208203316,0,0,0,0,0,0,0,0,85.1686290949583,48.2491367533803,0,0,315.731014825404,275.888494029641,585.5813511163,551.613123498857,180.074426904321,157.501327171922,592.261264011264,821.194753624499,2.13931533694267,0,2.03168511390686,0,0,0,0,0,0,2.18174749612808,28.9383397251368,0,0,1.24557423591614,0,17.9857673123479,55.4829110205173,11.2524434775114,0,1.17722880840302,0,0.425576478242874,0.326539516448975,0,0,37.170709580183,22.0729745924473,0,0,1.91504780948162,0,1000.01043144614,931.838417172432,156.557903051376,116.716969713569,1792.06684861332,1.48773446679115,1975.29548554868,136.612567782402,118.53688120842
0,0,0,0,0,4.18570804595947,0,0,0,0,0,201.294845938683,0,0,0,0,0,0,0,0,0,0,0,0,0,0,0,0,0,0,0,0,0,0,0,436.596508711576,0,171.474108725786,0,0,0,0,0,0,0,0.623300313949585,0,0,0,0,0,0,0,0,0,0,0,95.2717421352863,0,0,0,0,833.474344551563,0,0,0,0,0,0,0,0,0,0,0,0,0,0,0,294.532489567995,0,12.0449922829866,0,288.744976699352,0,53.9128029048443,0,0
0,0,7.46804907917976,0,7.48698949813843,0,1.85331249237061,0,0,0,635.464011788368,0,0,0,0,0,0,0,0,0,0,0,0,0,0,0,0,0,0,0,0,0,0,0,0,0,1062.9600790441,0,161.157544732094,0,0,0,0,0,0,0,0.314377039670944,0,0,0,5.48078006505966,0,6.56715887784958,0,0,0,249.73842138052,0,0,0,0,0,0,586.524561576545,0,0,0,0,0,0,0,0,0,1.23531465232372,0,0,0,0,0,146.593799710274,0,5.00729179382324,165.312594592571,0,95.6075397580862,0,0
0,0,0,0,0,0,0,0,0,0,0,0,0,0,0,0,9.14109808206558,104.536917775869,1.28592899441719,0,0,0,330.268275558949,164.370533511043,0,373.938751280308,0,77.181376606226,0,0,0,0,0,0,0,0,0,1174.36695173383,2.27410733699799,0,0,0,0,0,0,0,0,1.79668897390366,0,22.1003531217575,0,0,0,0,0,0,0,0,0,0,0,0,0,0,6724.41942276061,77.4046042859554,28.43213519454,0,124.272343188524,0,14.6078103482723,0,0,0,0,0,0,0,0,0,581.179044008255,3.3541716337204,721.923149973154,8.22070440649986,0,0,0
0,0,0,0,0,0,0,0,0,0,0,0,0,0,0,0,280.933285608888,90.6828376352787,8.9794929921627,0,0,330.268275558949,0,0,143.224491208792,0,70.2074574828148,0,57.1614557504654,0,0,0,0,0,2.74673646688461,0,0,0,481.801282256842,0,0,0,0,0,0,0,0.223794966936111,1.84716609120369,148.679693639278,0,0,0,0,0,0,0,0,0,0,0,0,0,0,0,68.9899885058403,7448.30584865808,0,167.885100930929,0,125.370691597462,0,27.1848333775997,0,0,0,0,0,0,0,0,0,496.011204063892,494.185343950987,15.1519877016544,0,0,0
0,0,0,0,0,0,0,0,0,16.3425073623657,0,0,0,0,0,0.319189876317978,0,0,0,0,0,164.370533511043,0,0,0,158.155380606651,0,0,0,0,0,0,0,0,0,0,0,230.217244684696,0,0,0,0,0,0,0,0,0,0,0,24.5158831477165,0,0,0,0,0,80.020395860076,0,0,0,0,0,0,0,0,31.3388086855412,0,760.811586886644,0,80.0013430118561,0,0,0,0,0,0,0,0,0,0,0,63.6899961084127,0,44.1924964487553,0,28.6268438398838,0,0
0,0,0,0,0,0,0,0,6.92578607797623,0,0,0,0,0,0,0,21.2587868869305,5.27738800644875,0,0,0,0,143.224491208792,0,0,0,271.547731637955,0,0,0,0,0,0,0,0,0,0,0,258.326812207699,0,0,0,0,0,0,0,0,0,15.9641294777393,0,0,0,0,0,82.9022198021412,0,0,0,0,0,0,0,0,0,0,64.3964982926846,0,510.885561108589,0,112.019175559282,0,0,0,0,0,0,0,0,0,0,0,282.090477377176,70.8225130736828,0,31.7680019438267,0,0
0,0,0,0,0,0,0,0,0,0,0,0,0,0,0,0,12.2087993621826,302.252027094364,4.25805208086967,0,0,373.938751280308,0,158.155380606651,0,0,0,33.5626299977303,0,0,0,0,0,0,0,0,0,0,0,0,0,0,0,0,0,0,0,0,0,0,0,0,0,0,0,2.09812772274017,0,0,0,0,0,0,0,0,63.985100954771,0,184.428162425756,0,169.276895999908,0,66.0714724510908,0,0,0,0,0,0,0,0,0,0,0,6.44154959917068,0,0,0,0
0,0,0,0,0,0,0,0,0,0,0,0,0,0,0,0,48.6448430866003,4.63272738456726,2.93708208203316,0,0,0,70.2074574828148,0,271.547731637955,0,0,0,2.36792686581612,0,0,0,0,0,0,0,0,0,0,0,0,0,0,0,0,0,0,0,0,0,0,0,0,0,0,0,0,0,0,0,0,0,0,0,0,21.6880512237549,0,43.9228236675262,0,323.538279250264,0,36.6686094552279,0,0,0,0,0,0,0,0,0,0,13.2516754865646,0,0,0,0
0,0,0,0,0,0,0,0,0,0,0,15.5056080818176,0,2.65984892845154,0,0,0,0,0,0,0,77.181376606226,0,0,0,33.5626299977303,0,0,0,40.3707100152969,0,0,0,0,0,0,0,139.946456521749,0,0,0,0,0,0,0,0,0,0,0,0,0,0,0,0,0,0,0,0,0,2.67593121528625,0,0,0,0,89.4829752743244,0,0,0,17.7310514748096,0,875.656535685062,0,56.1202914267778,0,0,0,0,0,0,0,77.4369570165873,0,0,0,0,0,0
0,0,0,0,0,0,0,0,0,0,1.27794671058655,0,0,0,0,0,1.28157836198807,0,0,0,0,0,57.1614557504654,0,0,0,2.36792686581612,0,0,0,92.2103308439255,0,0,0,0,0,0,0,274.21420276165,0,0,0,0,0,0,0,0,0,0,0,0,0,0,0,0,0,0,0,0,0,0,0,0,0,0,124.673394620419,0,0,0,17.0512373447418,0,1062.47097893059,0,4.85802394151688,0,0,0,0,0,0,0,135.018596515059,1.42276114225388,0,0,0,0
0,0,0,0,0,0,0,0,0,0,0,8.13257917761803,0,0,0,0,0,0,0,0,0,0,0,0,0,0,0,40.3707100152969,0,0,0,0,0,0,0,0,0,351.472909271717,0,0,0,0,0,0,0,0,0,0,0,0,0,0,0,0,0,0,0,24.4552910923958,0,0,0,0,0,0,0,0,0,0,0,0,37.8481568545103,0,1299.8818372786,0,0,0,0,0,0,0,18.2126065194607,0,34.5862368345261,0,0,0,0
0,0,0,0,0,0,0,0,0,0,11.0375652313232,0,0,0,0,0,0,0,0,0,0,0,0,0,0,0,0,0,92.2103308439255,0,0,0,0,0,0,0,0,0,382.791048884392,0,0,0,0,0,0,0,0,0,0,0,0,0,0,0,0,0,19.9056440591812,0,0,0,0,0,0,0,0,0,0,0,0,0,0,79.7046856582165,0,783.468699425459,0,0,0,0,0,0,0,128.97173653543,50.2890802770853,4.2906322479248,0,0,0
0,0,0,0,0,0,0,0,0,0,0,0,0,0,0,0,0,0,0,0,0,0,0,0,0,0,0,0,0,0,0,0,82.9322243630886,13.8861393630505,0,221.453282535076,45.24273660779,0,0,0,1.10785233974457,0,0,0,0,0,0,1740.8495760113,3.20120197534561,5.53185164928436,0,0,0,0,0,0,0,0,0,0,0,0,0,0,0,0,0,0,0,0,0,0,0,0,790.284833580256,0,100.138103723526,0,397.983186215162,0.584102034568787,0,0,129.754216164351,0,2.83775854110718,0,0
0,0,0,0,0,0,0,0,0,0,0,0,0,0,0,0,0,0,0,0,0,0,0,0,0,0,0,0,0,0,0,82.9322243630886,0,0,34.0169461965561,0,219.530016958714,0,0,0,0,0,0,0,0,0,0,634.229229286313,6.7666432261467,0,0,0,0,0,0,0,0,0,0,0,0,0,0,0,0,0,0,0,0,0,0,0,0,0,54.0436685681343,1549.98604464531,0,7.85500031709671,0.99034558236599,72.5292809456587,0,0,40.2643006443977,0,0,0,0
0,0,0,0,0,0,0,0,0,0,0,0,0,0,0,0,0,0,0,0,0,0,0,0,0,0,0,0,0,0,0,13.8861393630505,0,0,49.3471796512604,325.965155005455,0,300.997811630368,38.9645910263062,0,0,0,0,0,0,0,0,408.68884280324,0,27.3054423928261,0,0,0,0,0,0,0,0,0,0,0,0,0,0,0,0,0,0,0,0,0,0,0,0,52.1898451149464,0,1591.76595214009,116.225405991077,202.851870149374,0,338.845395937562,0,159.745731383562,0,0,0,0
0,0,0,0,0,0,0,0,0,0,0,0,0,0,0,0,0,0,0,0,0,0,2.74673646688461,0,0,0,0,0,0,0,0,0,34.0169461965561,49.3471796512604,0,0,736.91298186779,27.6114821434021,312.563287854195,0,0,0,0,0,0,0,0.124733924865723,872.911769375205,39.1022863090038,0,0,0,0,0,0,0,0,0,0,0,0,0,0,0,0,1.02750408649445,0,0,0,0,0,0,0,0,0,49.2658742070198,180.422428369522,1946.3571562171,0,219.64477185905,0,993.565354257822,13.247386097908,0,0,0,0
0,0.243764162063599,0,14.5445536822081,0,0,0,0,0,0,0,236.565443456173,0,0,0,0,8.63327241688967,15.641021117568,85.1686290949583,436.596508711576,0,0,0,0,0,0,0,0,0,0,0,221.453282535076,0,325.965155005455,0,0,97.0836116671562,1963.4642842114,80.9022178053856,8.76816192269325,0,71.8914175778627,0.476718604564667,16.564209587872,0.424672842025757,74.0908078327775,0,359.48981693387,8.9084392786026,56.3670552149415,0,0,0,0,0,0,0,7.78092341125011,0,0,0,0,1357.90389696509,0,0,0,0,0,0,0,0,0,0.816789105534554,0,427.566606938839,0,941.824197009206,0,22910.5458344817,5.71135751903057,327.545476555824,0,2161.52272298187,480.514281123877,194.894402235746,7.20325312018394,0
0,0,1.3447163105011,0,0.488653272390366,0,3.69791901111603,0,0,0,73.3517767190933,0,0,0,0,0,3.86247743666172,1.07691021263599,48.2491367533803,0,1062.9600790441,0,0,0,0,0,0,0,0,0,0,45.24273660779,219.530016958714,0,736.91298186779,97.0836116671562,0,0,2155.36827000976,0,10.2594560906291,0,22.4103666767478,0,3.10839458554983,0,52.0420303344727,478.795171350241,33.2310528829694,0,0,0,0,0,0,0,149.71244558692,0,0,0,0,0,0,901.935978733003,0,0,0,0,0,0,0,0,0,0.472127825021744,0.892238944768906,528.769264057279,0,431.664323203266,239.34576651454,23394.691784285,0,547.725323155522,2520.65827805549,272.318011134863,207.950375363231,0,1.29021943360567
0,0,0,0,0,0,0,0,0,2.41071212291718,0,521.814352825284,0,0,0,0,0,0,0,171.474108725786,0,1174.36695173383,0,230.217244684696,0,0,0,139.946456521749,0,351.472909271717,0,0,0,300.997811630368,27.6114821434021,1963.4642842114,0,0,263.608852475882,0.209647119045258,0,0.17692643404007,0,0,0,7.76166711747646,0,129.039474695921,0,305.508295848966,0,0,0,0,0,61.5869519561529,0,291.275700733066,0,0,0,0,163.547718971968,0,526.854768261313,0,211.43149331212,0,0,0,149.872310847044,0,322.388523831964,0,0,0,100.840689212084,0,1721.67841848731,0,13884.6646827012,282.800107419491,1127.75992056727,4.45549941062927,25.8958725780249,0.265666991472244,0
2.08684456348419,0,0,0,0,0,0,0,4.20842397212982,0,408.933353580534,0,0,0,0,0,0,0,0,0,161.157544732094,2.27410733699799,481.801282256842,0,258.326812207699,0,0,0,274.21420276165,0,382.791048884392,0,0,38.9645910263062,312.563287854195,80.9022178053856,2155.36827000976,263.608852475882,0,0,0,0,0,0,0,0,4.93453016877174,198.92552292347,379.775243669748,0,0,0,0,0,14.1215967237949,0,222.872741311789,0,0,0,0,0,0,112.880605399609,18.0901293754578,534.672972887754,0,185.006714314222,0,0,0,57.3311951458454,0,131.474562734365,0,0,0,315.29415205121,0,1141.74226285517,42.3533684015274,11879.357579276,899.652742758393,10.8375895023346,96.8034970164299,0,0
0,0,0,2.00284957885742,0,0,0,0,0,0,0,0,0,0,0,0,18.1556701660156,39.0109230950475,315.731014825404,0,0,0,0,0,0,0,0,0,0,0,0,0,0,0,0,8.76816192269325,0,0.209647119045258,0,0,0,1197.5387674123,6.02938659489155,133.176641747355,0.748800754547119,626.578750476241,4.35220360010862,1.09113693237305,0.785781919956207,56.6254366636276,0,0,0,0,0,0,0,5.52955350279808,0,0,0,0,75.535810187459,0.172606974840164,0,0,0,0,0,0,0,0,2.40150415897369,0,0,0,3.01987195014954,0,351.400238364935,5.67736765742302,21.5947521924973,1.2306701540947,112.265107646585,0,1141.59986561537,46.182992592454,0.267779737710953
0.243310317397118,0,3.23640775680542,0,0,0,0,0,0,0,0,0,0,0,0,0,26.8978124409914,18.7796970456839,275.888494029641,0,0,0,0,0,0,0,0,0,0,0,0,1.10785233974457,0,0,0,0,10.2594560906291,0,0,0,0,2.31374503672123,917.607137367129,0,107.389214858413,5.12406992912292,322.376303687692,92.0905127227306,442.237910047174,70.2832222282887,0,0,0,0,0,0,0,0,0,0,1.43912529945374,0,0,43.6782214641571,0,0,0,0,0,0,0,0,0,0,0,0,0,0,3.08041912317276,380.021389633417,1.10073328018188,9.06996101140976,78.3981620520353,0,699.181068316102,0,77.8033379018307
0,52.234643727541,0,125.810324072838,0,5.87064754962921,0,0,0,6.07049158215523,0,0,0,0,0,0,25.056352853775,84.8354061171412,585.5813511163,0,0,0,0,0,0,0,0,0,0,0,0,0,0,0,0,71.8914175778627,0,0.17692643404007,0,1197.5387674123,2.31374503672123,0,160.628411948681,121.628417760134,2.67857779562473,348.578246563673,7.40071070194244,3.10753765702248,0.786464482545853,371.239252820611,0,0,0,0,0,0.589916348457336,0,261.147741869092,0,65.0949713289738,0,3.39603918790817,78.1976313441992,0,0,0,0,0,0,0,0,0,357.876276060939,0,0,0,0,0,717.416851095855,9.62018311023712,72.7328601777554,0.910656750202179,1783.11904831976,0.794465601444244,2315.13322372735,567.410532310605,0.167549356818199
72.1449849307537,0,91.3499350696802,0,2.28102082014084,0,0,0,0.370766520500183,0,0,0,0,0,0,0,105.56067109853,66.8382984697819,551.613123498857,0,0,0,0,0,0,0,0,0,0,0,0,0,0,0,0,0.476718604564667,22.4103666767478,0,0,6.02938659489155,917.607137367129,160.628411948681,0,6.27220296859741,153.429276376963,23.9761229604483,374.829473555088,9.64703759551048,382.670490130782,0,0,0,0,0,0,0,127.051849231124,0.428287029266357,10.3725765943527,0,11.5662681460381,0,0.832725703716278,199.109605334699,0,0,0,0,0,0,0,1.98683083057404,0.431008368730545,49.3569515049458,0,0,0,0,9.50977136194706,844.372445963323,0.388638824224472,47.6474479287863,1437.29989946634,0,3045.38482284546,6.65557217597961,704.815926536918
0,0,0,0,0,0,0,0,0,0,0,0,0,0,0,0,4.6722324937582,19.6334445029497,180.074426904321,0,0,0,0,0,0,0,0,0,0,0,0,0,0,0,0,16.564209587872,0,0,0,133.176641747355,0,121.628417760134,6.27220296859741,0,0,132.860044717789,4.61603797972202,0,0,1.20963853597641,0,0,0,0,0,0,0,5.87050749361515,0,0,0,0,16.8787686228752,0,0,0,0,0,0,0,0,0,7.22455283999443,0,0,0,0,0,151.742198616266,2.37461821734905,17.8381355106831,0,204.917218707502,0,222.784808516502,10.4747501313686,0.283107429742813
0,0,0,0,0,0,0,0,0,0,0,0,0,0,0,0,23.629027441144,21.3980643302202,157.501327171922,0,0,0,0,0,0,0,0,0,0,0,0,0,0,0,0,0.424672842025757,3.10839458554983,0,0,0.748800754547119,107.389214858413,2.67857779562473,153.429276376963,0,0,5.78655807673931,111.819017186761,0,0,0,0,0,0,0,0,0,0.666303545236588,0,0,0,0,0,0,60.4846422374249,0,0,0,0,0,0,0,0,0,8.04337990283966,0,0,0,0,2.52455182373524,197.396635867655,0,18.7487949132919,199.301947981119,0,219.518030956388,0,13.3476511985064
0,0.488784208893776,0,11.0017660409212,0,0.803786635398865,0,0,0,0.603578299283981,0,0,0,0,0,0,42.6265670284629,66.9438106045127,592.261264011264,0.623300313949585,0,0,0,0,0,0,0,0,0,0,0,0,0,0,0,74.0908078327775,0,7.76166711747646,0,626.578750476241,5.12406992912292,348.578246563673,23.9761229604483,132.860044717789,5.78655807673931,0,9.61602704972029,0.199022680521011,0,17.3192220032215,0,0,0,0,0,0.359920531511307,0,77.5692886263132,0,0.727190494537354,0,0,1548.20026183128,0,0,0,0,0,0,0,0,0,33.5568143427372,0,0,0,0,0,1653.36832675338,6.59154458343983,614.791447296739,3.36059866845608,223.45183121413,0,1246.50305785239,13.6282528042793,12.552075445652
1.00158703327179,0,0.350562036037445,0,0,0,0,0,0,0,0,0,0,0,0,0,99.9017324969172,53.8015032559633,821.194753624499,0,0.314377039670944,0,0.223794966936111,0,0,0,0,0,0,0,0,0,0,0,0.124733924865723,0,52.0420303344727,0,4.93453016877174,4.35220360010862,322.376303687692,7.40071070194244,374.829473555088,4.61603797972202,111.819017186761,9.61602704972029,0,0,0,0,0,0,0,0,1.66568672657013,0,8.76193788647652,0,0,0,0.241529330611229,0,0.383071973919868,1311.41314277053,0,0,0,0,0,0,0,0,0,11.3316338062286,0,0,0,0,11.8737132027745,1898.44522438943,0,336.403169900179,235.618173673749,0,880.813264019787,4.62486720085144,10.2060111016035
0,0,0,0.24731782078743,0,0,0,0,0,0,0,0,0,0,0,0,0,0,2.13931533694267,0,0,1.79668897390366,1.84716609120369,0,0,0,0,0,0,0,0,1740.8495760113,634.229229286313,408.68884280324,872.911769375205,359.48981693387,478.795171350241,129.039474695921,198.92552292347,1.09113693237305,92.0905127227306,3.10753765702248,9.64703759551048,0,0,0.199022680521011,0,0,3389.38192112744,1874.99210777879,0,0,0,0,0,0,0,0,0,0,0,0,0,0,4.86688631772995,2.06889042258263,0,0,0,0,0.537950277328491,0,0,0,45.6565478146076,221.183216184378,601.698607370257,408.723821789026,1007.97069615126,637.726030983031,1013.09142820537,441.878614410758,2577.87494258583,0,398.531359374523,0,0
23.7571051567793,0,25.7476993203163,0,0.533191800117493,0,0,0,2.22666555643082,0,0,0,0,0,0,0,0,0,0,0,0,0,148.679693639278,0,15.9641294777393,0,0,0,0,0,0,3.20120197534561,6.7666432261467,0,39.1022863090038,8.9084392786026,33.2310528829694,0,379.775243669748,0.785781919956207,442.237910047174,0.786464482545853,382.670490130782,0,0,0,0,3389.38192112744,0,612.165375292301,0,0,0,0,21.6863771378994,0,55.6202675402164,0,47.2802701294422,0,27.9640071392059,0,0,6.85614347457886,0,699.031969562173,0,36.3478955030441,0,65.0436967611313,0,124.168872028589,0,12.6398600190878,2,0.388442069292068,0,25.1097526848316,2.89645880460739,547.27276687324,0,767.390685677528,899.428818255663,0,1320.70980006456,0,28.526952072978
0,82.1430837363005,0,67.1252849400043,0,6.13811588287354,0,0,0,24.2027955949306,0,0,0,2.03768354654312,0,4.38108021020889,0,0.914527595043182,2.03168511390686,0,0,22.1003531217575,0,24.5158831477165,0,0,0,0,0,0,0,5.53185164928436,0,27.3054423928261,0,56.3670552149415,0,305.508295848966,0,56.6254366636276,70.2832222282887,371.239252820611,0,1.20963853597641,0,17.3192220032215,0,1874.99210777879,612.165375292301,0,0,0.83952784538269,0,0,0,66.0132915973663,0,34.8969144970179,0,74.7663971483707,0,97.5369689464569,0.212848171591759,0,104.337206065655,0,14.9196693897247,0,14.0539340674877,0,235.77551086247,0,18.5750831961632,0,1.65167498588562,0,18.7937510311604,0,352.441682755947,0,592.142414703965,0,1336.44073762745,0,1021.3576079309,50.6427701711655,0
0,0,69.5233019143343,0,279.714537516236,0,39.465800344944,0,33.8424271941185,0,0,0,0.865615606307983,0,0,0,0,0,0,0,5.48078006505966,0,0,0,0,0,0,0,0,0,0,0,0,0,0,0,0,0,0,0,0,0,0,0,0,0,0,0,0,0,0,0,6.39330142736435,0,10.5538768768311,0,236.96628677845,0,203.759909838438,0,16.3682200908661,0,0,0.550847113132477,0,0,0,0,0,0,0,0,0,0,0,0,0,0,0,0,0,0,61.9791166037321,0,5.06914222240448,0,0
0,0,0,49.4280870705843,0,372.62264508009,0,25.6502443253994,0,0,0,0,0,0,0,0,0,0,0,0,0,0,0,0,0,0,0,0,0,0,0,0,0,0,0,0,0,0,0,0,0,0,0,0,0,0,0,0,0,0.83952784538269,0,0,0,166.529026776552,0,0,0,158.425734609365,0,164.071449324489,0,77.263263553381,0,0,0,0,0,0,0,0,0,0,0.964994996786118,0,0,0,0,0,0,0,0,0,170.107920855284,0,14.0264048576355,0,0
0,0,0,0,0,0,54.5552126765251,0,0,0,0,0,0,0,0,0,0,0,0,0,6.56715887784958,0,0,0,0,0,0,0,0,0,0,0,0,0,0,0,0,0,0,0,0,0,0,0,0,0,0,0,0,0,6.39330142736435,0,0,0,0,0,271.458235234022,0,24.0795259475708,0,0,0,0,39.5403344929218,0,0,0,0,0,0,0,0,0,0,0,0,0,0,0,0,0,0,0,0,0,0,0
0,0,0,0,0,0,0,224.986543238163,0,0,0,38.7307245135307,0,0.280686110258102,0,0,0,0,0,0,0,0,0,0,0,0,0,0,0,0,0,0,0,0,0,0,0,0,0,0,0,0,0,0,0,0,0,0,0,0,0,166.529026776552,0,0,0,0,0,269.717048421502,0,195.771375596523,0,0,21.1419616639614,0,0,0,0,0,0,0,0,0,0,0,0,0,0,0,0,0,0,0,0,0,2.14625954627991,0,0
23.2866862416267,0,0.873613715171814,0,0,0,0,0,419.439867988229,0,0,0,0,0,22.4538533985615,0,0,0,0,0,0,0,0,0,82.9022198021412,0,0,0,0,0,0,0,0,0,0,0,0,0,14.1215967237949,0,0,0,0,0,0,0,1.66568672657013,0,21.6863771378994,0,10.5538768768311,0,0,0,0,0,0,0,3.23368817567825,0,260.916040882468,0,0,0,0,0,0,484.621805652976,0,31.0027285814285,0,0,0,0,0,0,0,0,0,0,0,82.7419569790363,6.33272984623909,0,23.476469039917,0,0
0,96.4206789731979,0,5.98450356721878,0,3.39989113807678,0,0,0,474.672538951039,0,0,0,0,0,21.2165236771107,0,0,0,0,0,0,0,80.020395860076,0,2.09812772274017,0,0,0,0,0,0,0,0,0,0,0,61.5869519561529,0,0,0,0.589916348457336,0,0,0,0.359920531511307,0,0,0,66.0132915973663,0,0,0,0,0,0,0,1.11177176237106,0,0,0,215.135402530432,0,0,0,0,367.513375923038,0,45.537322640419,0,0,0,1.43767629563808,0,0,0,0,0,0,0,156.097120210528,0,12.5927545428276,0,44.167147770524,4.81120383739471,0
0,0,67.2783081978559,0,39.1975265294313,0,189.163836449385,0,1.08489716053009,0,2001.73075148463,0,6.47317260503769,0,0,0,0,0,2.18174749612808,0,249.73842138052,0,0,0,0,0,0,0,0,0,19.9056440591812,0,0,0,0,0,149.71244558692,0,222.872741311789,0,0,0,127.051849231124,0,0.666303545236588,0,8.76193788647652,0,55.6202675402164,0,236.96628677845,0,271.458235234022,0,0,0,0,0,609.473046883941,0,25.8017148077488,0,0,434.625493243337,0,0,0,0,0,0,0,572.84452855587,0,751.247327968478,0,0,0,0,0,30.6622975990176,0,28.5856980383396,449.00837790966,22.5625815391541,677.488700285554,0,28.7521744966507
0,1.62564840912819,0,118.14252974093,0,7.84267351031303,0,41.1985979527235,0,1.09688600897789,0,2409.31604400277,0,34.6600613594055,0,0,0,2.89911079406738,28.9383397251368,95.2717421352863,0,0,0,0,0,0,0,0,0,24.4552910923958,0,0,0,0,0,7.78092341125011,0,291.275700733066,0,5.52955350279808,0,261.147741869092,0.428287029266357,5.87050749361515,0,77.5692886263132,0,0,0,34.8969144970179,0,158.425734609365,0,269.717048421502,0,1.11177176237106,0,0,0,285.397694349289,0,3.73921765387058,639.001634001732,0,0,0,0,0,0,0,52.2604550719261,0,667.802004054189,0,0,0,0,0,57.7888547331095,0,38.8086829185486,0,283.315532058477,0,712.329852983356,64.7943426966667,0
0,0,48.2844713330269,0,22.6783133149147,0,264.239426910877,0,0,0,340.498221710324,0,190.116445660591,0,13.0094578266144,0,0,0,0,0,0,0,0,0,0,0,0,0,0,0,0,0,0,0,0,0,0,0,0,0,0,0,10.3725765943527,0,0,0,0,0,47.2802701294422,0,203.759909838438,0,24.0795259475708,0,3.23368817567825,0,609.473046883941,0,0,0,234.089497119188,0,0,0,0,0,0,0,0,11.9560310840607,0,132.070688605309,0,0,0,0,0,0,0,1.68411064147949,0,0,148.322070375085,0,41.597336679697,0,2.86195152997971
0,3.88453036546707,0,61.4870570600033,0,1.31871542334557,0,71.6180245131254,0,0,0,442.328570663929,0,79.1476600170135,0,0,0,0,0,0,0,0,0,0,0,0,0,2.67593121528625,0,0,0,0,0,0,0,0,0,0,0,0,0,65.0949713289738,0,0,0,0.727190494537354,0,0,0,74.7663971483707,0,164.071449324489,0,195.771375596523,0,0,0,285.397694349289,0,0,0,61.5529855489731,3.48901489377022,0,0,0,0,0,62.4488453865051,0,79.1862124204636,0,2.75015607476234,0,0,0,0,0,0.550931632518768,0,2.39369386434555,0,50.4043692946434,0,111.354819118977,13.7414397001266,0
9.37262696027756,0,107.187031328678,0,8.79482766985893,0,0,0,27.9721087515354,0,0,0,10.3633733391762,0,35.6013354063034,0,0,0,1.24557423591614,0,0,0,0,0,0,0,0,0,0,0,0,0,0,0,0,0,0,0,0,0,1.43912529945374,0,11.5662681460381,0,0,0,0.241529330611229,0,27.9640071392059,0,16.3682200908661,0,0,0,260.916040882468,0,25.8017148077488,0,234.089497119188,0,0,0,0,0,0,0,0,6.85090184211731,0,59.9828745126724,0,0,0,7.94264337420464,0,0,0,0,0,5.21574081480503,0,1.47611603140831,2.86932730674744,0,35.4907061457634,0,0
0,2.57417520880699,0,78.0661148577929,0,9.98260739445686,0,0,0,28.0348179042339,0,0,0,3.21284833550453,0,62.1848267316818,0,0,0,0,0,0,0,0,0,0,0,0,0,0,0,0,0,0,0,0,0,0,0,0,0,3.39603918790817,0,0,0,0,0,0,0,97.5369689464569,0,77.263263553381,0,0,0,215.135402530432,0,3.73921765387058,0,61.5529855489731,0,0,0,0,0,0,5.85221722722054,0,22.9468867778778,0,0,0,0.816719770431519,0,0,0,0,0,0,0,0.579981505870819,0,5.11798539757729,0,4.3006175160408,0,0
0,0,0,0.401644229888916,0,0,0,0.631664514541626,0,0,0,36.6096254587173,0,0,0,0,3.70621021091938,6.52786520123482,17.9857673123479,833.474344551563,0,0,0,0,0,0,0,0,0,0,0,0,0,0,0,1357.90389696509,0,163.547718971968,0,75.535810187459,0,78.1976313441992,0.832725703716278,16.8787686228752,0,1548.20026183128,0.383071973919868,0,0,0.212848171591759,0,0,0,21.1419616639614,0,0,0,639.001634001732,0,3.48901489377022,0,0,0,0,0,0,0,0,0,0,0,0,100.89778444171,0,0,0,0,0,1857.08538187295,0,498.064301639795,0,540.38734383136,0,610.12144009769,0.476959675550461,0
0,0,0.790677443146706,0,0,0,6.44359290599823,0,0,0,71.6135079860687,0,0,0,0,0,6.29398588836193,5.41074219346046,55.4829110205173,0,586.524561576545,0,0,0,0,0,0,0,0,0,0,0,0,0,0,0,901.935978733003,0,112.880605399609,0.172606974840164,43.6782214641571,0,199.109605334699,0,60.4846422374249,0,1311.41314277053,0,6.85614347457886,0,0.550847113132477,0,39.5403344929218,0,0,0,434.625493243337,0,0,0,0,0,0,0,0,0,0,0,0,0,0,0.601134657859802,0,132.303734399378,0,0,0,0,0,1964.74043557793,0,483.158194318414,566.554326072335,0,1010.47799593955,0,1.55625404417515
0,0,0,0,0,0,0,0,0,0,0,0,0,0,0,0,2.03096424043179,66.7809638828039,11.2524434775114,0,0,6724.41942276061,68.9899885058403,31.3388086855412,0,63.985100954771,0,89.4829752743244,0,0,0,0,0,0,0,0,0,526.854768261313,18.0901293754578,0,0,0,0,0,0,0,0,4.86688631772995,0,104.337206065655,0,0,0,0,0,0,0,0,0,0,0,0,0,0,0,16.3196483254433,453.005158543587,0,357.164783030748,0,441.377252563834,0,0,0,0,0,2.83168792724609,0,0,0,813.784444466233,6.90325772762299,329.320886433125,0,0.277514070272446,0,0
0,0,0,0,0,0,0,0,0,0,0,0,0,0,0,0,0,0,0,0,0,77.4046042859554,7448.30584865808,0,64.3964982926846,0,21.6880512237549,0,124.673394620419,0,0,0,0,0,1.02750408649445,0,0,0,534.672972887754,0,0,0,0,0,0,0,0,2.06889042258263,699.031969562173,0,0,0,0,0,0,0,0,0,0,0,0,0,0,0,16.3196483254433,0,0,293.156344205141,0,244.957024872303,0,42.2351382374763,0,0,0,0,0,0,0,0,0,1234.75547978282,449.358544945717,9.0756516456604,0,0,0
0,0,0,0,0,0,0,0,0,9.48149991035461,0,0,0,0,0,3.29124617576599,10.0982376337051,21.1533016711473,1.17722880840302,0,0,28.43213519454,0,760.811586886644,0,184.428162425756,0,0,0,0,0,0,0,0,0,0,0,211.43149331212,0,0,0,0,0,0,0,0,0,0,0,14.9196693897247,0,0,0,0,0,367.513375923038,0,0,0,0,0,5.85221722722054,0,0,453.005158543587,0,0,0,174.359271079302,0,1.98848876357079,0,0,0,0,0,0,0,0,0,268.902000159025,0,55.7803964614868,0,158.69526989758,0,0
0,0,0,0,0,0,0,0,2.94060370326042,0,0,0,0,0,0,0,7.85053500533104,0,0,0,0,0,167.885100930929,0,510.885561108589,0,43.9228236675262,0,0,0,0,0,0,0,0,0,0,0,185.006714314222,0,0,0,0,0,0,0,0,0,36.3478955030441,0,0,0,0,0,484.621805652976,0,0,0,0,0,6.85090184211731,0,0,0,0,293.156344205141,0,0,0,305.91019436717,0,1.08015114068985,0,0,0,0,0,0,0,0,0,222.538985550404,119.481337875128,0,171.420854002237,0,0
0,0,0,0,0,0,0,0,0,0,0,0,0,0,0,0,1.33313304185867,130.764343142509,0.425576478242874,0,0,124.272343188524,0,80.0013430118561,0,169.276895999908,0,17.7310514748096,0,0,0,0,0,0,0,0,0,0,0,0,0,0,0,0,0,0,0,0,0,14.0539340674877,0,0,0,0,0,45.537322640419,0,0,0,62.4488453865051,0,22.9468867778778,0,0,357.164783030748,0,174.359271079302,0,0,0,270.89108389616,0,0,0,0,0,0,0,0,0,0,0,7.42656752467155,0,0,0,0
0,0,0,0,0,0,0,0,0,0,0,0,0,0,0,0,5.95684123039246,0,0.326539516448975,0,0,0,125.370691597462,0,112.019175559282,0,323.538279250264,0,17.0512373447418,0,0,0,0,0,0,0,0,0,0,0,0,0,0,0,0,0,0,0,65.0436967611313,0,0,0,0,0,31.0027285814285,0,0,0,11.9560310840607,0,59.9828745126724,0,0,0,0,244.957024872303,0,305.91019436717,0,0,0,462.569219112396,0,0,0,0,0,0,0,0,0,0,3.16555723547935,0,0,0,0
0,0,0,0,0,0,0,0,0,0,0,36.2721333503723,0,0,0,0,0,0,0,0,0,14.6078103482723,0,0,0,66.0714724510908,0,875.656535685062,0,37.8481568545103,0,0,0,0,0,0,0,149.872310847044,0,0,0,0,0,0,0,0,0,0.537950277328491,0,235.77551086247,0,0,0,0,0,0,0,52.2604550719261,0,79.1862124204636,0,0,0,0,441.377252563834,0,1.98848876357079,0,270.89108389616,0,0,0,298.792009875178,0,0,0,0,0,0,0,1281.12855921686,0,51.5489486455917,0,0,0,0
0,0,1.6696925163269,0,0,0,0,0,0,0,0.537484645843506,0,0,0,0,0,0,0,0,0,0,0,27.1848333775997,0,0,0,36.6686094552279,0,1062.47097893059,0,79.7046856582165,0,0,0,0,0,0,0,57.3311951458454,0,0,0,1.98683083057404,0,0,0,0,0,124.168872028589,0,0,0,0,0,0,0,572.84452855587,0,132.070688605309,0,0,0,0,0.601134657859802,0,42.2351382374763,0,1.08015114068985,0,462.569219112396,0,0,0,306.477588742971,0,0,0,0,0,0.86608475446701,0,1192.58628885448,20.3211485296488,0,60.6476724892855,0,0
0,1.64456078410149,0,72.9931770563126,0,1.7024433016777,0,0,0,4.89178568124771,0,64.0388923287392,0,0,0,0,0,1.5876744389534,37.170709580183,0,0,0,0,0,0,0,0,56.1202914267778,0,1299.8818372786,0,0,0,0,0,0.816789105534554,0,322.388523831964,0,2.40150415897369,0,357.876276060939,0.431008368730545,7.22455283999443,0,33.5568143427372,0,0,0,18.5750831961632,0,0.964994996786118,0,0,0,1.43767629563808,0,667.802004054189,0,2.75015607476234,0,0.816719770431519,100.89778444171,0,0,0,0,0,0,0,298.792009875178,0,0,0,0,0,0,0,40.7041109204292,0,467.175498485565,0,257.323764681816,0,321.042590230703,47.2144202291965,0
0,0,28.6897932142019,0,0,0,0,0,0,0,130.215730190277,0,0,0,0,0,1.21823787689209,4.00418977439404,22.0729745924473,0,1.23531465232372,0,0,0,0,0,0,0,4.85802394151688,0,783.468699425459,0,0,0,0,0,0.472127825021744,0,131.474562734365,0,0,0,49.3569515049458,0,8.04337990283966,0,11.3316338062286,0,12.6398600190878,0,0,0,0,0,0,0,751.247327968478,0,0,0,7.94264337420464,0,0,132.303734399378,0,0,0,0,0,0,0,306.477588742971,0,0,0,0,0,0,0.981705456972122,23.9772873967886,0,613.974402099848,153.654362887144,15.4114631414413,441.592604190111,0,12.3345069885254
0,0,0,0,0,0,0,0,0,0,0,0,0,0,0,0,0,0,0,0,0,0,0,0,0,0,0,0,0,0,0,790.284833580256,54.0436685681343,52.1898451149464,0,427.566606938839,0.892238944768906,0,0,0,0,0,0,0,0,0,0,45.6565478146076,2,1.65167498588562,0,0,0,0,0,0,0,0,0,0,0,0,0,0,0,0,0,0,0,0,0,0,0,0,0,0,598.051570221782,0,328.848765283823,0,0,0,58.7651882767677,0,0,0,0
0,0,0,0,0,0,0,0,0,0,0,0,0,0,0,0,0,0,0,0,0,0,0,0,0,0,0,0,0,0,0,0,1549.98604464531,0,49.2658742070198,0,528.769264057279,0,0,0,0,0,0,0,0,0,0,221.183216184378,0.388442069292068,0,0,0,0,0,0,0,0,0,0,0,0,0,0,0,0,0,0,0,0,0,0,0,0,0,0,0,0,653.953232303262,0,442.541281953454,0,0,184.960692405701,0,0,0,0
0,0,0,0,0,0,0,0,0,0,0,0,0,0,0,0,0,0,1.91504780948162,0,0,0,0,0,0,0,0,0,0,0,0,100.138103723526,0,1591.76595214009,180.422428369522,941.824197009206,0,100.840689212084,0,3.01987195014954,0,0,0,0,0,0,0,601.698607370257,0,18.7937510311604,0,0,0,0,0,0,0,0,0,0,0,0,0,0,2.83168792724609,0,0,0,0,0,0,0,0,0,598.051570221782,0,0,5.79074573516846,400.167101621628,0,685.686726272106,0,376.82886891067,0,0.187009543180466,0,0
0,0,0,0,0,0,0,0,0,0,0,0,0,0,0,0,0,0,0,0,0,0,0,0,0,0,0,0,0,0,0,0,7.85500031709671,116.225405991077,1946.3571562171,0,431.664323203266,0,315.29415205121,0,0,0,0,0,0,0,0,408.723821789026,25.1097526848316,0,0,0,0,0,0,0,0,0,0,0,0,0,0,0,0,0,0,0,0,0,0,0,0,0,0,653.953232303262,5.79074573516846,0,0,498.480082184076,0,728.638614445925,112.543572202325,0,0,0,0
0.131621047854424,0,0,18.5410199686885,0,1.13868606090546,0,0,0,1.97491087019444,0,0,0,0,0,0,38.969212308526,121.849946975708,1000.01043144614,294.532489567995,0,0,0,0,0,0,0,0,0,0,0,397.983186215162,0.99034558236599,202.851870149374,0,22910.5458344817,239.34576651454,1721.67841848731,0,351.400238364935,3.08041912317276,717.416851095855,9.50977136194706,151.742198616266,2.52455182373524,1653.36832675338,11.8737132027745,1007.97069615126,2.89645880460739,352.441682755947,0,0,0,0,0,0,0,57.7888547331095,0,0.550931632518768,0,0,1857.08538187295,0,0,0,0,0,0,0,0,0,40.7041109204292,0.981705456972122,328.848765283823,0,400.167101621628,0,0,14.0947022736073,2530.03943897784,0.322466611862183,2831.70068091154,74.5108446478844,1170.74662904441,106.421802565455,2.18249595165253
0.229079201817513,0,14.6933654844761,0,2.37679183483124,0,0,0,0,0,25.2589801549911,0,0,0,0,0,86.9820496141911,39.4710829108953,931.838417172432,0,146.593799710274,0,0,0,0,0,0,0,0,0,0,0.584102034568787,72.5292809456587,0,219.64477185905,5.71135751903057,23394.691784285,0,1141.74226285517,5.67736765742302,380.021389633417,9.62018311023712,844.372445963323,2.37461821734905,197.396635867655,6.59154458343983,1898.44522438943,637.726030983031,547.27276687324,0,0,0,0,0,0,0,30.6622975990176,0,1.68411064147949,0,5.21574081480503,0,0,1964.74043557793,0,0,0,0,0,0,0,0.86608475446701,0,23.9772873967886,0,442.541281953454,0,498.480082184076,14.0947022736073,0,0,2925.75225808471,2556.77433328331,40.0020837783813,1353.30363889784,1.14496438205242,54.0802372843027
0,0,0,10.2879853397608,0,0.202888935804367,0,0,0,6.34948086738586,0,45.1566653549671,0,0,0,0,9.44664242863655,16.6729345321655,156.557903051376,12.0449922829866,0,581.179044008255,0,63.6899961084127,0,0,0,77.4369570165873,0,18.2126065194607,0,0,0,338.845395937562,0,327.545476555824,0,13884.6646827012,42.3533684015274,21.5947521924973,1.10073328018188,72.7328601777554,0.388638824224472,17.8381355106831,0,614.791447296739,0,1013.09142820537,0,592.142414703965,0,0,0,0,0,156.097120210528,0,38.8086829185486,0,2.39369386434555,0,0.579981505870819,498.064301639795,0,813.784444466233,0,268.902000159025,0,0,0,1281.12855921686,0,467.175498485565,0,0,0,685.686726272106,0,2530.03943897784,0,0,4.41592049598694,539.474211484194,0,296.946754723787,37.4295534491539,0.936984091997147
0.263668417930603,0,4.14916369318962,0,0,0,0,0,7.91258376836777,0,59.3519231975079,0,0,0,0,0,10.44146245718,5.22674265503883,116.716969713569,0,5.00729179382324,3.3541716337204,496.011204063892,0,282.090477377176,0,0,0,135.018596515059,0,128.97173653543,0,0,0,993.565354257822,0,547.725323155522,282.800107419491,11879.357579276,1.2306701540947,9.06996101140976,0.910656750202179,47.6474479287863,0,18.7487949132919,3.36059866845608,336.403169900179,441.878614410758,767.390685677528,0,0,0,0,0,82.7419569790363,0,28.5856980383396,0,0,0,1.47611603140831,0,0,483.158194318414,6.90325772762299,1234.75547978282,0,222.538985550404,0,0,0,1192.58628885448,0,613.974402099848,0,0,0,728.638614445925,0.322466611862183,2925.75225808471,4.41592049598694,0,1101.76970066875,7.56826019287109,253.542409986258,0,22.4140306711197
