0,0.908712714910507,63.3838583379984,0,0,0,0,0,218.403326526284,0.423304289579391,0,0,0,0,0.443554818630219,0,1.63171696662903,0.476702839136124,68.376203045249,0,0,0,0,0,0,0,0,0,0,0,0,0,0,0,0,0,0,0,4.89048570394516,0,6.19038534164429,0.474053353071213,163.326514318585,0,0,0,11.0136776268482,0,137.458762004972,2.35542151331902,0,0,0,0,330.122326999903,0,2.22962179780006,0.163867011666298,0,0,59.9095732569695,0,0,0.867347478866577,0,0,0,0,0,0,0,0.134581983089447,0,11.6700989603996,0,0,0,0,0,11.1810668855906,0.159114316105843,5.15273045003414,427.887960731983,0.79869669675827,569.220947638154,0,0.435908958315849
0.908712714910507,0,0.160887956619263,67.4718827307224,0,9.28176808357239,0,0,0.707514435052872,215.040148198605,0,0,0,0,0,0,0,0,9.03341820836067,0,0,0,0,0,0,0,0,0,0,0,0,0,0,0,0,0,0,0.931342601776123,5.12447223067284,13.8248421251774,0,249.984187155962,0.164717018604279,1.04490280151367,0,14.5198454409838,0.177682101726532,0.315933644771576,1.0151365250349,168.320950001478,0,0,0,0,0,216.207582294941,0,4.94435404241085,0,1.19271042943001,0,8.43934221565723,1.18553757667542,0,0,0,0,0,0,0,0,0,8.31507006287575,0,0,0,0,0,27.1758789643645,0,6.24419589340687,1.637974396348,159.576465517282,0,239.689455069602,3.10200493037701,0
63.3838583379984,0.160887956619263,0,0,22.9044932425022,0,0,0,154.749261394143,0,0,0,0,0,0,0,3.70382814109325,0.610157668590546,34.0163200423121,0,0.455197662115097,0,0,0,0,0,0,0,0,0,0,0,0,0,0,0,4.74796339869499,0,0,0,45.1353515163064,0.621415317058563,166.132809557021,0,0,0,66.6946643963456,0,100.22717666626,0.144391268491745,64.0086349844933,0,0,0,86.2239714860916,0,82.4982449412346,0,114.272078245878,0,72.6246812343597,0,0,4.08874813467264,0,0,0,0,0,0,0,0.178341224789619,0,16.9116751998663,0,0,0,0,0.355701804161072,21.6063717156649,0.240068152546883,10.0176847726107,148.202083706856,0.365964621305466,306.150636747479,0.234433233737946,1.39711820334196
0,67.4718827307224,0,0,0,276.872151613235,0,0,0.263536632061005,139.266494810581,0,0,0,0,0,0,1.01795744895935,1.38644598424435,18.0324196368456,1.79398137331009,0,0,0,0,0,0,0,0,0,0,0,0,0,0,0,0.896713018417358,0,0,0.539846420288086,48.1240489780903,1.27063938975334,306.924545377493,0,0,0,15.1815331056714,0,0,0,222.365259185433,0,68.9563784450293,0,0,0,694.085739254951,0,175.579166248441,0,23.7881237566471,0,0,3.90955357253551,0,0,0,0,0,0,0,1.54753834009171,0,60.002561122179,0,0,0,0,0,34.3456610515714,0,7.04959072172642,0,200.217620141804,0.37380800396204,330.048628009856,47.5181544870138,0
0,0,22.9044932425022,0,0,0,2.0803804397583,0,15.3186819553375,0,0,0,0,0,0,0,0.657635748386383,0,0.375420048832893,0,116.224836587906,0,0,0,0,0,0,0,0,0,0,0,0,0,0,0,51.7714056372643,0,0,0,13.4905127733946,0,28.037570387125,0,0,0,8.48453317582607,0,13.9053661674261,0,201.419948458672,0,3.02434825897217,0,0,0,0,0,2.17554640769958,0,0,0,0,22.8095610737801,0,0,0,0,0,0,0,0,0,0.483458191156387,0,0,0,0,0.28274130821228,9.62586590647697,0,4.20143458247185,177.18676418066,0,237.559920243919,0,0.274348452687263
0,9.28176808357239,0,276.872151613235,0,0,0,6.14948791265488,0,22.5002256333828,0,13.5143583118916,0,0,0,0,0.412403970956802,2.87214580178261,4.25613917410374,15.4739031493664,0,0,0,0,0,0,0,0,0,0,0,0,0,0,0,20.2960200160742,0,0,0.239499479532242,25.9855607897043,0,61.5767976492643,0.150220513343811,0,0,4.56111957132816,0.133431747555733,0,0,6.38839657604694,0,325.232970938087,0,0,0,0,0,34.4085958972573,0,0,0,0,0.311285823583603,0,0,0,0,0,0,0,0,0,16.1042252406478,1.31228637695312,0,0,0,0,18.0113044753671,0,2.77011813223362,0,251.626587361097,1.2159688770771,242.179256424308,3.01429930329323,0
0,0,0,0,2.0803804397583,0,0,0,0,0,0,0,0,0,0,0,0,0,0,0,216.823421955109,0,0,0,0,0,0,0,0,0,0,0,0,0,0,0,0,0,0,0,0,0,0,0,0,0,0,0,0,0,68.6650333106518,0,262.897179245949,0,0,0,102.3724578619,0,75.9394212663174,0,0,0,0,0,0,0,0,0,0,0,0,0,0,0,0,0,0,0,0,0,0,0,18.1817248165607,0,2.18541467189789,0,0
0,0,0,0,0,6.14948791265488,0,0,0,0,0,0,0,0,0,0,0,0,0,0,0,0,0,0,0,0,0,0,0,0,0,0,0,0,0,0,0,0,0,0,0,0,0,0,0,0,0,0,0,0,0,0.850494146347046,0,0,0,0,0,0,0,0,0,0,0,0,0,0,0,0,0,0,0,0,0,0,0,0,0,0,0,0,0,0,0,0,0,0,0
218.403326526284,0.707514435052872,154.749261394143,0.263536632061005,15.3186819553375,0,0,0,0,0.151846945285797,0,0,0,0,294.886335104704,0,95.5735610723495,0,3.49927496910095,0,0.860993146896362,0,0,0,31.7843190133572,0,4.53285932540894,0,0,0,0,0,0,0,0,0,0,0,87.3269900083542,0,0.184592485427856,1.14851093292236,42.4708038717508,0,0,0,3.11817289888859,0.251449376344681,37.3074775189161,2.3302506506443,1.95424336194992,0,0,0,995.884416401386,0,0,0,0,0,188.905863910913,0,0,0.735762551426888,0,0,0.179538801312447,23.4773609936237,0,3.12137031555176,0,0,0,0.175147846341133,0,0,0,0,0.312077224254608,1.64756125211716,0,51.1208862960339,1173.24483494461,408.029755115509,60.1924375742674,0,0
0.423304289579391,215.040148198605,0,139.266494810581,0,22.5002256333828,0,0,0.151846945285797,0,0,0,0,0,0,125.960191369057,0,0,0,0,0,0,0,14.176964610815,0,0,0,0,0,0,0,0,0,0,0,0,0,35.5797122120857,1.72669225931168,0,0,38.9278003498912,0,0,0,0,0.138189628720284,0,0,13.3745163679123,0,0,0,0,0,881.607463210821,0,2.12771058082581,0,0,0,78.1196135282516,0.26818311214447,0,0,0,49.5353939980268,0,50.1366329193115,0,0,0,0,0,0,0,0,0,0,0,16.897320240736,0.236756071448326,2140.64979423583,234.302003532648,73.7021995633841,1.74491463601589,0
0,0,0,0,0,0,0,0,0,0,0,0,215.159116327763,0,0,0,0,0,0,0,1297.15801224113,0,0,0,0,0,0,0,0,0,108.228368371725,0,0,0,0,0,241.570038497448,0,1028.80028629303,0,0,0,0,0,0,0,0.736532509326935,0,0,0,0,0,2.46105906367302,0,0,0,2215.02823401988,0,1803.91760107875,0,0,0,0,88.6031812131405,0,0,0,0,0,0,0,106.690820038319,0,449.959624290466,0,0,0,0,0,0,0,147.864925354719,235.375031530857,0,99.6202005147934,0,0
0,0,0,0,0,13.5143583118916,0,0,0,0,0,0,0,616.816934138536,0,0,0,0,0,2491.08204177022,0,0,0,0,0,0,0,1,0,21.4537072479725,0,0,0,0,0,283.634872436523,0,3018.27994464338,0,0.278984040021896,0,1.07110732793808,0,0,0,0.393808364868164,0,0,0,0.234741032123566,0,50.7381475269794,0,0,0,0,0,1554.64596959949,0,1501.33895814419,0,0,464.963224217296,0,0,0,0,0,0,0,0,0,36.5353163778782,0,0,0,0,0,7.12469969689846,0,74.9486708641052,0,562.472031027079,66.5352973937988,10.854164481163,0,0
0,0,0,0,0,0,0,0,0,0,215.159116327763,0,0,0,129.507422804832,0,0,0,0,0,0,0,0,0,0,0,7.72748827934265,0,0,0,0,0,0,0,0,0,0,0,0,0,0,0,0,0,0,0,0,0,0,0,0,0,0,0,0,0,33.1004713177681,0,599.119005680084,0,0,0,0,0,0,0,0,0,0,0,0,125.107612013817,0,0,0,0,0,0,0,0,0,0,146.511880159378,59.3807818889618,0,0,0
0,0,0,0,0,0,0,0,0,0,0,616.816934138536,0,0,0,1,0,0,0,0,0,0,0,0,0,5.37376356124878,0,18.9630062580109,0,0,0,0,0,0,0,0,0,0,0,0,0,0,0,0,0,0,0,0,0,0,0,0,0,0,0,0,0,88.8629312515259,0,436.910192459822,0,0,0,0,0,0,0,0,0,0,0,0,0,0,0,0,0,0,0,0,0,0,222.731710016727,284.302812337875,0,0,0
0.443554818630219,0,0,0,0,0,0,0,294.886335104704,0,0,0,129.507422804832,0,0,0,1.50613832473755,0,0,0,0,0,0,0,0,0,0,0,10.7946317195892,0,0,0,0,0,0,0,0,0,0,0,0,0,0,0,0,0,0,0,0,0,0,0,0,0,48.0072551965714,0,0,0,2.80888271331787,0,74.3453837931156,0,0,0,0,0,0,0,0,0,0,0,0,0,0,0,0,0,0,0,0,0,753.474002420902,0.929853677749634,0,0,0
0,0,0,0,0,0,0,0,0,125.960191369057,0,0,0,1,0,0,0,102.993246793747,0,0,0,0,0,0,0,0,0,0,0,0,0,0,0,0,0,0,0,0,0,0,0,0,0,0,0,0,0,0,0,0,0,0,0,0,0,0,0,0,0,0,0,84.4139602184296,0,0,0,0,0,0,9,0,0,0,0,0,0,0,0,0,0,0,0,0,246.052079081535,36.1525725126266,0,0,0
1.63171696662903,0,3.70382814109325,1.01795744895935,0.657635748386383,0.412403970956802,0,0,95.5735610723495,0,0,0,0,0,1.50613832473755,0,0,14371.4571081102,4907.00594824553,0,0,0,429.226418614388,0,314.632841959596,0,523.973025113344,0,0,0,0,0,0,0,0,0,0,0,0.259793221950531,51.5623340010643,94.0088448598981,27.207121565938,74.9357410296798,0,0,54.0927815660834,144.730840556324,0,1.77461086213589,0.513734698295593,0,0,0,0,1.12812376022339,0,0,3.34231321513653,0,0,0,0,1.29079377651215,5.2370942980051,0,1.13922536373138,0,1.33643501996994,0,4.81784765422344,0,0,4.69741846621037,11.3288428783417,0,0,0,0,107.822109244764,90.1613545045257,14.802459359169,19.230402842164,6121.34083068371,335.944761455059,159.958033874631,14.4286366403103,15.0634549409151
0.476702839136124,0,0.610157668590546,1.38644598424435,0,2.87214580178261,0,0,0,0,0,0,0,0,0,102.993246793747,14371.4571081102,0,4208.92637975514,0,0,7.2931706905365,0,0,0,772.20985686779,0,0,0,0,0,0,0,0,0,0,0,0,0,139.076433561742,60.4963580667973,89.8044521510601,41.0725427940488,0.160402104258537,0,92.5495891869068,141.090792253613,0,0.858927339315414,0.753087073564529,0,0.970717877149582,0,0,0,0,0,18.2935011163354,0,0,0,0,0.794142529368401,6.38437616080046,0,0,0,0,25.9943348765373,0,0,0,13.7950689867139,7.90919935703278,0,0,0,0,207.227138675749,54.5724824517965,29.0891023650765,14.0343710482121,7316.54070113599,231.3728505373,181.034514404833,31.5099577158689,8.32507672905922
68.376203045249,9.03341820836067,34.0163200423121,18.0324196368456,0.375420048832893,4.25613917410374,0,0,3.49927496910095,0,0,0,0,0,0,0,4907.00594824553,4208.92637975514,0,0.188967451453209,0,0,0,0,1.38396227359772,0,0,0,0,0,0,0,0,0,0,0,2.56160621345043,0,0.783235609531403,934.719336770475,1000.68792122602,610.581072531641,993.451172046363,0.678668767213821,0,679.884218432009,1402.98757282645,0,66.9030450358987,7.39003084599972,0.167143791913986,3.4789724946022,0,0,4.13866555690765,0.688869297504425,10.0737615227699,99.6162084117532,0,0,4.33338522911072,0,18.9700259119272,54.01945438236,0,0,0,0,0,0,0,2.93626198172569,106.870362132788,153.910432755947,0,0,0,0,1363.0277813375,897.220370076597,213.094057150185,227.92496073246,6582.84707114846,3.20080290734768,2455.34596260637,204.780808657408,293.407205618918
0,0,0,1.79398137331009,0,15.4739031493664,0,0,0,0,0,2491.08204177022,0,0,0,0,0,0,0.188967451453209,0,0,0,0,0,0,0,0,0,0,0,0,0,0,0,0,1991.11669012904,0,344.432233691216,0,22.1221406832337,0,10.9316012561321,0,0,0,9.39727164059877,0,0,0,3.18878495693207,0,16.7095653712749,0,0,0,0,0,969.546357378364,0,0,0,0,1279.10002613068,0,0,0,0,0,0,0,0,0,1.90733742713928,0,0,0,0,0,734.133095294237,0,27.8273904323578,0,727.96211053431,1.82931137084961,167.712847486138,0,0
0,0,0.455197662115097,0,116.224836587906,0,216.823421955109,0,0.860993146896362,0,1297.15801224113,0,0,0,0,0,0,0,0,0,0,0,0,0,0,0,0,0,0,0,0,0,0,0,0,0,1709.44397960603,0,1023.51252701879,0,2.46100223064423,0,0.934779405593872,0,0,0,1.18421003222466,0,0.979773104190826,0,52.4218704551458,0,71.1483819484711,0,0,0,1111.38917297125,0,0.990789711475372,0,0,0,0,1548.20751327276,0,0,0,0,0,0,0,0,0,10.2696422338486,0,0,0,0,0,98.1266979277134,0,63.5006018877029,460.510977894068,0,80.5927134752274,0,0
0,0,0,0,0,0,0,0,0,0,0,0,0,0,0,0,0,7.2931706905365,0,0,0,0,1317.26373569667,211.089150249958,0,300.81728926301,0,152.706109762192,0,0,0,0,0,0,0,0,0,634.414499282837,10.8090523481369,0,0,0,0,0,0,0,0,0,0,78.1995993852615,0,0,0,0,0,0,0,0,0,0,0,0,0,0,4677.17223215103,40.3985739350319,462.648742139339,0,483.38305670023,0,29.0943896770477,0,0,0,0,0,0,0,0,0,275.666395202279,0,1511.32367387414,237.158844053745,0,0,0
0,0,0,0,0,0,0,0,0,0,0,0,0,0,0,0,429.226418614388,0,0,0,0,1317.26373569667,0,0,65.7567575871944,0,234.779696941376,0,20.1691554784775,0,0,0,0,0,0,0,0,325.29953110218,1083.20961923897,0,0,0,0.462821662425995,0,0,0,0,10.6015617847443,0,2.3211213350296,0,0,0,0,0,0,0,0.546455323696136,0,0,0,0,0,0,132.046993911266,6044.81679189205,0,60.8988053202629,0,41.0168199539185,0,191.48833823204,0,0,0,0,0,0,0,0,0,931.934261143208,1829.22212655842,555.043408453465,1.82261195778847,0,0
0,0,0,0,0,0,0,0,0,14.176964610815,0,0,0,0,0,0,0,0,0,0,0,211.089150249958,0,0,0,4.82968884706497,0,0,0,0,0,0,0,0,0,0,0,319.426011174917,0,0,0,0.512879982590675,0,0,0,0,0,0,0,12.3177200257778,0,0,0,0,0,40.7644011378288,0,0,0,0,0,4.69936347007751,0,0,187.450660079718,0,425.700411915779,0,1016.62672281265,0,0,0,0,0,0,0,0,0,0,0,235.891821354628,0,49.1213742047548,0,25.5449154525995,0,0
0,0,0,0,0,0,0,0,31.7843190133572,0,0,0,0,0,0,0,314.632841959596,0,1.38396227359772,0,0,0,65.7567575871944,0,0,0,841.419077411294,0,0,0,0,0,0,0,0,0,0,0,446.534910410643,0,0,0.58906714618206,1.61411082744598,0,0,0,0,2.41511058807373,0,1.01386778056622,0,0,0,0,401.465879887342,0,0,0,0,0,0,0,0,0,0,89.9011934399605,0,907.267492234707,0,190.743519127369,0,0,0,0,0,0,0,0,0,0,0,425.952337220311,486.229555994272,0,0.57546728849411,0,0
0,0,0,0,0,0,0,0,0,0,0,0,0,5.37376356124878,0,0,0,772.20985686779,0,0,0,300.81728926301,0,4.82968884706497,0,0,0,27.8879327774048,0,0,0,0,0,0,0,0,0,0,0,0,0,0,0,0,0,0,0,0,0,0,0,0,0,0,0,0,0,0,0,0,0,0,0,0,0,0,0.915625393390656,0,234.691405504942,0,0,0,0,0,0,0,0,0,0,0,0,0,4.8105034828186,0,0,0,0
0,0,0,0,0,0,0,0,4.53285932540894,0,0,0,7.72748827934265,0,0,0,523.973025113344,0,0,0,0,0,234.779696941376,0,841.419077411294,0,0,0,15.4913527965546,0,0,0,0,0,0,0,0,0,0,0,0,0,0,0,0,0,0,0,0,0,0,0,0,0,0,0,0,0,0,0,0,0,0,0,0,11.3158240318298,0,135.729351595044,0,33.667355120182,0,0,0,0,0,0,0,0,0,0,0,0,55.7448318451643,0,0,0,0
0,0,0,0,0,0,0,0,0,0,0,1,0,18.9630062580109,0,0,0,0,0,0,0,152.706109762192,0,0,0,27.8879327774048,0,0,0,1353.43976688385,0,0,0,0,0,0,0,333.579844415188,0,0,0,0,0,0,0,0,0,0,0,0,0,0,0,0,0,0,0,0,0,91.4175124168396,0,0,0,0,0,0,0,0,0,0,1498.98318549991,0,27.2020836472511,0,0,0,0,0,0,0,9.00018072128296,0,551.980478584766,16.6301988363266,0,0,0
0,0,0,0,0,0,0,0,0,0,0,0,0,0,10.7946317195892,0,0,0,0,0,0,0,20.1691554784775,0,0,0,15.4913527965546,0,0,0,198.507737934589,0,0,0,0,0,0,0,671.236631423235,0,0,0,0,0,0,0,0,0,0,0,0,0,0,0,0,0,3.99168246984482,0,379.07918035984,0,0,0,0,0,0,285.931311249733,0,0,0,70.4658226668835,0,4950.99418738484,0,0,0,0,0,0,0,0,0,0,82.6880408525467,5.16273164749146,0,0,0
0,0,0,0,0,0,0,0,0,0,0,21.4537072479725,0,0,0,0,0,0,0,0,0,0,0,0,0,0,0,1353.43976688385,0,0,0,0,0,0,0,0,0,156.27637720108,0,0,0,0,0,0,0,0,0,0,0,0,0,0,0,0,0,0,0,50.3379434496164,0,0,0,0,0,0,0,0,0,0,0,0,1000.85415124893,0,642.064559102058,0,0,0,0,0,0,0,0.510798156261444,0,169.90777349472,0,0,0,0
0,0,0,0,0,0,0,0,0,0,108.228368371725,0,0,0,0,0,0,0,0,0,0,0,0,0,0,0,0,0,198.507737934589,0,0,0,0,0,0,0,0,0,186.472586989403,0,0,0,0,0,0,0,0,0,0,0,0,0,0,0,0,0,11.9274500012398,0,0,0,0,0,0,0,0,0,0,0,0,0,0,974.512693762779,0,628.830337196589,0,0,0,0,0,0,0,82.4576320648193,1.22727084159851,0,0,0,0
0,0,0,0,0,0,0,0,0,0,0,0,0,0,0,0,0,0,0,0,0,0,0,0,0,0,0,0,0,0,0,0,1351.08776205778,95.2534558475018,0,495.681237071753,8.43498158454895,0,0,0,0,0,0,0,0,0,0,1560.61358309537,0,0,0,0,0,0,0,0,0,0,0,0,0,0,0,0,0,0,0,0,0,0,0,0,0,0,1055.70346540958,1594.59108713269,125.156810209155,0,182.702634647489,4.95164939761162,0,0,580.568594709039,0,0,0,0
0,0,0,0,0,0,0,0,0,0,0,0,0,0,0,0,0,0,0,0,0,0,0,0,0,0,0,0,0,0,0,1351.08776205778,0,3.41194620728493,0,1,1350.10110718012,0,0,0,0,0,0,0,0,0,0,1320.90680629015,0.995559811592102,3.31402879953384,0,0,0,0,0,0,0,0,0,0,0,0,0,0,0,0,0,0,0,0,0,0,0,0,89.6093771606684,1935.2811422646,2.96414893865585,0,0,338.415224909782,0,0,38.2319209575653,0,0,0,0
0,0,0,0,0,0,0,0,0,0,0,0,0,0,0,0,0,0,0,0,0,0,0,0,0,0,0,0,0,0,0,95.2534558475018,3.41194620728493,0,1878.70532813668,310.58452090621,0,168.002353996038,28.2849509119987,0,0,0,0,0,0,0,0,818.897163838148,0,0,0,0,0,0,0,0,0,0,0,0,0,0,0,0,0,0,0,0,0,0,0,0,0,0,93.7965460568666,0,1048.44431847334,350.46795271337,220.798045098782,0,337.769082903862,0,399.690810650587,0,0,0,0
0,0,0,0,0,0,0,0,0,0,0,0,0,0,0,0,0,0,0,0,0,0,0,0,0,0,0,0,0,0,0,0,0,1878.70532813668,0,0,254.06778138876,3.1216459274292,281.907912403345,0,0,0,0,0,0,0,0,3779.22671893239,0.662804424762726,9.35605132579803,0,0,0,0,0,0,0,0,0,0,0,0,0,0,0,0,0,0,0,0,0,0,0,0,0.766011714935303,40.5494242310524,638.62557631731,1265.43833473325,0,234.00683054328,18.7792517542839,9.65534797310829,492.909568756819,0,0,0,0
0,0,0,0.896713018417358,0,20.2960200160742,0,0,0,0,0,283.634872436523,0,0,0,0,0,0,0,1991.11669012904,0,0,0,0,0,0,0,0,0,0,0,495.681237071753,1,310.58452090621,0,0,1960.81140825152,6034.15006521344,9.86043876409531,24.5864386409521,0,3.91275288164616,0,0,0,4.23892223834991,0,6.39690685272217,0,6.13776986300945,0,6.66861806809902,0,0,0,0,0,52.189989246428,0,0,0,0,2151.35123529285,0,0,0,0,0,0,0,0.111628152430058,0,0.196189500391483,0,905.822619065642,0,265.41751074791,0,22559.7212644219,628.263441711664,801.639002852142,0,5850.02200294286,2159.57798843086,345.063082456589,0,0
0,0,4.74796339869499,0,51.7714056372643,0,0,0,0,0,241.570038497448,0,0,0,0,0,0,0,2.56160621345043,0,1709.44397960603,0,0,0,0,0,0,0,0,0,0,8.43498158454895,1350.10110718012,0,254.06778138876,1960.81140825152,0,0,3570.35145895183,0,24.5940572172403,0,40.7603511810303,0,0,0,22.1183438152075,88.0700345486403,4.63617640733719,0,25.2373934090137,0,0,0,0,0,746.134746015072,0,7.53316634893417,0,0,0,0,1644.50031808019,0,0,0,0,0,0,0,0,0,0.233678802847862,18.8300427943468,2534.00647494197,0,93.2960459291935,683.592093721032,22237.7710480765,0,3055.5620341599,5886.53146520257,2968.03792646527,299.166802108288,0,0.147814482450485
0,0.931342601776123,0,0,0,0,0,0,0,35.5797122120857,0,3018.27994464338,0,0,0,0,0,0,0,344.432233691216,0,634.414499282837,325.29953110218,319.426011174917,0,0,0,333.579844415188,0,156.27637720108,0,0,0,168.002353996038,3.1216459274292,6034.15006521344,0,0,986.508315652609,0.113503366708755,0,4.35806053876877,0,0,0,4.86540734767914,0,1451.76296550035,0,265.520659327507,0,0,0,0,0,3.70677015185356,0,872.931844711304,0,0,0,0,421.448851197958,0,477.199169367552,4.74845695495605,456.315660238266,0,0.434684574604034,0,268.09577652812,0,113.454746544361,0,0,0,11.9083852469921,19.8963051438332,2876.70214550197,0,13658.7446736991,179.444639742374,3051.35007288307,32.135760396719,112.233394220471,0,0
4.89048570394516,5.12447223067284,0,0.539846420288086,0,0.239499479532242,0,0,87.3269900083542,1.72669225931168,1028.80028629303,0,0,0,0,0,0.259793221950531,0,0.783235609531403,0,1023.51252701879,10.8090523481369,1083.20961923897,0,446.534910410643,0,0,0,671.236631423235,0,186.472586989403,0,0,28.2849509119987,281.907912403345,9.86043876409531,3570.35145895183,986.508315652609,0,0,0.515065491199493,10.0558289438486,17.1342430710793,0,0,0,16.6413837224245,1771.89120616019,7.63826309144497,28.5634864866734,0,0,0,0,34.898855060339,0.449413120746613,643.8495837152,0,0,0,0,0,0,156.215103402734,0,436.176419183612,1.21885953843594,473.921910136938,0,0,0,224.448468059301,0,1179.26555415988,0,0,0,106.237645596266,0,2103.62745925784,432.698373913765,12718.3207841367,3767.13764363527,192.674022346735,126.125896140933,0,0
0,13.8248421251774,0,48.1240489780903,0,25.9855607897043,0,0,0,0,0,0.278984040021896,0,0,0,0,51.5623340010643,139.076433561742,934.719336770475,22.1221406832337,0,0,0,0,0,0,0,0,0,0,0,0,0,0,0,24.5864386409521,0,0.113503366708755,0,0,22.330896422267,1935.15185368806,12.1485116705298,1.85868573188782,0,639.809530138969,28.7435056194663,0,0.263229221105576,78.4509854763746,0,19.0463230088353,0,0,0,1.7847592830658,0,71.6839463934302,0,1.16984716057777,0,0,99.370846375823,0,0,0,0,0,0,0,0,0.191591739654541,27.1159900948405,0.503235965967178,0,0,0,0,493.020393297076,12.4226912930608,76.5428098216653,3.02072525024414,800.424725905061,1.57906705141068,1787.7154167816,93.0674810260534,3.13842450082302
6.19038534164429,0,45.1353515163064,1.27063938975334,13.4905127733946,0,0,0,0.184592485427856,0,0,0,0,0,0,0,94.0088448598981,60.4963580667973,1000.68792122602,0,2.46100223064423,0,0,0,0,0,0,0,0,0,0,0,0,0,0,0,24.5940572172403,0,0.515065491199493,22.330896422267,0,10.5623803287745,1635.2035581246,0,0,11.2515185698867,780.850002735853,0,60.5681367218494,0.163429722189903,6.2851255685091,0,0,0,0,0,2.95581731200218,2.808643206954,0.591261804103851,0,3.85099762678146,0,0.117452770471573,36.9029262810946,0,0,0,0,0,0,0,0.18879409134388,0.736630648374557,24.78748177737,0,0,0,0,44.2146128043532,215.221577353776,4.51173757016659,32.2969019860029,695.111368857324,2.13188846409321,1266.36929041147,0.960317492485046,122.75239675492
0.474053353071213,249.984187155962,0.621415317058563,306.924545377493,0,61.5767976492643,0,0,1.14851093292236,38.9278003498912,0,1.07110732793808,0,0,0,0,27.207121565938,89.8044521510601,610.581072531641,10.9316012561321,0,0,0,0.512879982590675,0.58906714618206,0,0,0,0,0,0,0,0,0,0,3.91275288164616,0,4.35806053876877,10.0558289438486,1935.15185368806,10.5623803287745,0,130.997766681015,7.09652587771416,0,377.787247382104,11.2717545777559,23.2877242267132,13.1715597659349,1038.00556451082,0,26.064782500267,0,0,0,11.7857975587249,0,1091.58493795246,0,4.19218227267265,0,0.315829902887344,41.2851728722453,0.215147987008095,0,0,1.07304500043392,0,0,0,8.79771053791046,0,323.188435822725,0.467980712652206,0,0,0,0,1309.47084037215,12.0423840731382,155.873921096325,2.77014754712582,2507.836689502,10.3749913871288,3055.62521391362,493.249774441123,5.02729919552803
163.326514318585,0.164717018604279,166.132809557021,0,28.037570387125,0.150220513343811,0,0,42.4708038717508,0,0,0,0,0,0,0,74.9357410296798,41.0725427940488,993.451172046363,0,0.934779405593872,0,0.462821662425995,0,1.61411082744598,0,0,0,0,0,0,0,0,0,0,0,40.7603511810303,0,17.1342430710793,12.1485116705298,1635.2035581246,130.997766681015,0,0,2.01553250849247,9.346704877913,876.400244057178,50.426036298275,912.764752104878,8.65829257667065,6.76907455921173,0.166429430246353,0,0,23.9681892544031,0,116.94954495132,3.33554754406214,0,0,14.2487275004387,0,2.49340653419495,60.4419364854693,0,0,0.145603194832802,0,0,0,0,25.4352904111147,0.953197211027145,304.404434420168,0,0,0,0,26.9908209815621,556.614238508046,6.07027719914913,79.8317184522748,2709.81023840606,16.09916870296,3195.87101177126,1.50848661363125,277.984995678067
0,1.04490280151367,0,0,0,0,0,0,0,0,0,0,0,0,0,0,0,0.160402104258537,0.678668767213821,0,0,0,0,0,0,0,0,0,0,0,0,0,0,0,0,0,0,0,0,1.85868573188782,0,7.09652587771416,0,0,0,0,0,0,0,0,0,0,0,0,0,0,0,1.03681492805481,0,0,0,0,0,0,0,0,0,0,0,0,0,0,0,0,0,0,0,0,5.38040021061897,0,0,0,0,0,2.95525991916656,1.267125248909,0
0,0,0,0,0,0,0,0,0,0,0,0,0,0,0,0,0,0,0,0,0,0,0,0,0,0,0,0,0,0,0,0,0,0,0,0,0,0,0,0,0,0,2.01553250849247,0,0,0,0.126280978322029,0,0,0,0,0,0,0,0,0,0,0,0,0,0,0,0,0,0,0,0,0,0,0,0,0,0,0,0,0,0,0,0,0.148111447691917,0,0,0.291046231985092,0,0,0,0
0,14.5198454409838,0,15.1815331056714,0,4.56111957132816,0,0,0,0,0,0.393808364868164,0,0,0,0,54.0927815660834,92.5495891869068,679.884218432009,9.39727164059877,0,0,0,0,0,0,0,0,0,0,0,0,0,0,0,4.23892223834991,0,4.86540734767914,0,639.809530138969,11.2515185698867,377.787247382104,9.346704877913,0,0,0,16.1483465880156,0,0,9.60712466388941,0,6.45342276245356,0,0,0,0,0,122.416637197137,0,0,0,0,1327.46658109128,0,0,0,0,0,0,0,0.268686383962631,0,49.6074537560344,2.20954757928848,0,0,0,0,760.174119114876,9.37821951508522,307.643613286316,0.138482347130775,592.863665170968,2.36768737435341,567.140738561749,26.9197027534246,0.358542963862419
11.0136776268482,0.177682101726532,66.6946643963456,0,8.48453317582607,0.133431747555733,0,0,3.11817289888859,0.138189628720284,0.736532509326935,0,0,0,0,0,144.730840556324,141.090792253613,1402.98757282645,0,1.18421003222466,0,0,0,0,0,0,0,0,0,0,0,0,0,0,0,22.1183438152075,0,16.6413837224245,28.7435056194663,780.850002735853,11.2717545777559,876.400244057178,0,0.126280978322029,16.1483465880156,0,0,63.5415983945131,0.388998866081238,0.42304328083992,0,0,0,3.89665508270264,0,13.6440629065037,2.38500326871872,0,0,7.85615307092667,0,0.931380867958069,1825.77658902109,0,0,0,0,0,0,0,0.281683593988419,1.29719773679972,103.051374860108,0,0,0,0,38.8717327341437,942.746063113213,6.99294062703848,403.168676093221,909.686040945351,3.11175799369812,2022.65855096281,1.14976498484612,38.2368188947439
0,0.315933644771576,0,0,0,0,0,0,0.251449376344681,0,0,0,0,0,0,0,0,0,0,0,0,0,10.6015617847443,0,2.41511058807373,0,0,0,0,0,0,1560.61358309537,1320.90680629015,818.897163838148,3779.22671893239,6.39690685272217,88.0700345486403,1451.76296550035,1771.89120616019,0,0,23.2877242267132,50.426036298275,0,0,0,0,0,1287.93859674037,3249.46292817593,0,0,0,0,0,0,0,0,0,0,0,0,0,0,0,5.73621863126755,0.347536027431488,3.0518302321434,0,0,0,0,0,0,1038.14364692569,2172.84160773456,639.795624643564,226.114309817553,57.5237256139517,2782.83216163516,0.743074119091034,411.047018870711,4188.90678733587,1.50580096244812,340.394250541925,0,0
137.458762004972,1.0151365250349,100.22717666626,0,13.9053661674261,0,0,0,37.3074775189161,0,0,0,0,0,0,0,1.77461086213589,0.858927339315414,66.9030450358987,0,0.979773104190826,0,0,0,0,0,0,0,0,0,0,0,0.995559811592102,0,0.662804424762726,0,4.63617640733719,0,7.63826309144497,0.263229221105576,60.5681367218494,13.1715597659349,912.764752104878,0,0,0,63.5415983945131,1287.93859674037,0,482.885539151728,0,0,0,0,65.061149597168,0.173605337738991,5.90473458170891,0,3.06336262822151,0,77.8314556479454,0,0,14.8542324230075,0,0,0.292449146509171,0,0,0,0,1.11310186982155,0,63.7834665775299,0,43.8926864266396,0,3.89831364154816,2.02266353368759,40.7033967524767,0,10.8441974520683,1424.4045310989,3.2378966063261,1329.72573591024,0.184879198670387,13.6495645642281
2.35542151331902,168.320950001478,0.144391268491745,222.365259185433,0,6.38839657604694,0,0,2.3302506506443,13.3745163679123,0,0.234741032123566,0,0,0,0,0.513734698295593,0.753087073564529,7.39003084599972,3.18878495693207,0,78.1995993852615,2.3211213350296,12.3177200257778,1.01386778056622,0,0,0,0,0,0,0,3.31402879953384,0,9.35605132579803,6.13776986300945,0,265.520659327507,28.5634864866734,78.4509854763746,0.163429722189903,1038.00556451082,8.65829257667065,0,0,9.60712466388941,0.388998866081238,3249.46292817593,482.885539151728,0,0,3.30929221212864,0,0,0.415462970733643,52.2067921757698,0,53.3249157890677,0,7.78816011548042,0,12.8414522856474,6.00044222176075,0,45.5504594743252,0,193.227421715856,0,0,0,0.25257533788681,0,4.25098617374897,0,4.54581195116043,33.4913725852966,26.6368374228477,0,43.3389116302133,0.768736138939857,424.307193130255,4.73433728516102,3446.47393222898,1.34916384518147,1159.34115023911,34.6713525801897,0
0,0,64.0086349844933,0,201.419948458672,0,68.6650333106518,0,1.95424336194992,0,0,0,0,0,0,0,0,0,0.167143791913986,0,52.4218704551458,0,0,0,0,0,0,0,0,0,0,0,0,0,0,0,25.2373934090137,0,0,0,6.2851255685091,0,6.76907455921173,0,0,0,0.42304328083992,0,0,0,0,0,182.380130797625,0,0,0,20.3942023813725,0,27.2906842678785,0,0,0,0,12.7950110584497,0,0,0,0,0,0,0,0,0,0.261436462402344,0,0,0,0,0,16.6237851902843,0,0.591651946306229,4.01008468866348,0,306.504070736468,0,0.178140118718147
0,0,0,68.9563784450293,0,325.232970938087,0,0.850494146347046,0,0,0,50.7381475269794,0,0,0,0,0,0.970717877149582,3.4789724946022,16.7095653712749,0,0,0,0,0,0,0,0,0,0,0,0,0,0,0,6.66861806809902,0,0,0,19.0463230088353,0,26.064782500267,0.166429430246353,0,0,6.45342276245356,0,0,0,3.30929221212864,0,0,0,0,0,0,0,100.618525542319,0,0.616680085659027,0,0,1.60599417984486,0,0,0,0,0,0,0,0,0,5.26833683252335,0,0,0,0,0,11.669432207942,0,1.52139300107956,0,451.390254929662,0.315431267023087,230.497300311923,0.7560745626688,0
0,0,0,0,3.02434825897217,0,262.897179245949,0,0,0,2.46105906367302,0,0,0,0,0,0,0,0,0,71.1483819484711,0,0,0,0,0,0,0,0,0,0,0,0,0,0,0,0,0,0,0,0,0,0,0,0,0,0,0,0,0,182.380130797625,0,0,0,0,0,234.054536938667,0,0,0,0,0,0,2.21112108230591,0,0,0,0,0,0,0,0,0,0,0,0,0,0,0,0,0,0,14.0151383876801,0,0,0,0
0,0,0,0,0,0,0,0,0,0,0,0,0,0,0,0,0,0,0,0,0,0,0,0,0,0,0,0,0,0,0,0,0,0,0,0,0,0,0,0,0,0,0,0,0,0,0,0,0,0,0,0,0,0,0,0,0,3,0,0,0,0,0,0,0,0,0,0,0,0,0,0,0,0,0,0,0,0,0,0,0,0,0,0,0,0,0
330.122326999903,0,86.2239714860916,0,0,0,0,0,995.884416401386,0,0,0,0,0,48.0072551965714,0,1.12812376022339,0,4.13866555690765,0,0,0,0,0,401.465879887342,0,0,0,0,0,0,0,0,0,0,0,0,0,34.898855060339,0,0,0,23.9681892544031,0,0,0,3.89665508270264,0,65.061149597168,0.415462970733643,0,0,0,0,0,0,0,0,0,0,165.083223342896,0,0,0,0,0,0,375.916592270136,0,0,0,0,0,0,0,0,0,0,0,2.47923851013184,0,71.8544080257416,69.7655105292797,0,87.6572563648224,0,0
0,216.207582294941,0,694.085739254951,0,0,0,0,0,881.607463210821,0,0,0,0,0,0,0,0,0.688869297504425,0,0,0,0,40.7644011378288,0,0,0,0,0,0,0,0,0,0,0,0,0,3.70677015185356,0.449413120746613,1.7847592830658,0,11.7857975587249,0,0,0,0,0,0,0.173605337738991,52.2067921757698,0,0,0,0,0,0,0,8.71008951961994,0,0,0,290.892168700695,0,0,0,0,239.47980555892,0,0,0,0,0,2.8255763053894,0,0,0,0,0,0.186769440770149,0,167.258747234941,0.250363826751709,42.3401185125113,11.9760208129883,19.0423424243927,0,0
2.22962179780006,0,82.4982449412346,0,0,0,102.3724578619,0,0,0,2215.02823401988,0,33.1004713177681,0,0,0,0,0,10.0737615227699,0,1111.38917297125,0,0,0,0,0,0,0,3.99168246984482,0,11.9274500012398,0,0,0,0,0,746.134746015072,0,643.8495837152,0,2.95581731200218,0,116.94954495132,0,0,0,13.6440629065037,0,5.90473458170891,0,20.3942023813725,0,234.054536938667,0,0,0,0,0,161.439297139645,0,0,0,0,510.188625186682,0,0,0,0,0,0,0,11.2434973120689,0,225.062756091356,0,0,0,0,0.138046309351921,9.98501054942608,0,78.6592856645584,576.906301617622,0.161087214946747,225.755576238036,0,3.77838598191738
0.163867011666298,4.94435404241085,0,175.579166248441,0,34.4085958972573,0,0,0,2.12771058082581,0,1554.64596959949,0,88.8629312515259,0,0,3.34231321513653,18.2935011163354,99.6162084117532,969.546357378364,0,0,0.546455323696136,0,0,0,0,0,0,50.3379434496164,0,0,0,0,0,52.189989246428,0,872.931844711304,0,71.6839463934302,2.808643206954,1091.58493795246,3.33554754406214,1.03681492805481,0,122.416637197137,2.38500326871872,0,0,53.3249157890677,0,100.618525542319,0,3,0,8.71008951961994,0,0,0,2.19610023498535,0,0,701.429690800607,0,0,0,0,0,0,0,27.670158803463,0,617.134490638971,0.846038639545441,0,0,0,0,64.256265193224,2.00928192585707,10.2114222794771,0,1016.29499149323,79.7208635136485,902.342703223228,122.859046287835,1.32467210292816
0,0,114.272078245878,0,2.17554640769958,0,75.9394212663174,0,0,0,1803.91760107875,0,599.119005680084,0,2.80888271331787,0,0,0,0,0,0.990789711475372,0,0,0,0,0,0,0,379.07918035984,0,0,0,0,0,0,0,7.53316634893417,0,0,0,0.591261804103851,0,0,0,0,0,0,0,3.06336262822151,0,27.2906842678785,0,0,0,0,0,161.439297139645,0,0,0,54.686884790659,0,0,3.73114261031151,0,0,0,0,0,0,0,28.9374697208405,0,0,0,0,0,0,0,5.1432853937149,0,0,13.3382553309202,4,104.766810670495,0,0
0,1.19271042943001,0,23.7881237566471,0,0,0,0,0,0,0,1501.33895814419,0,436.910192459822,0,0,0,0,0,0,0,0,0,0,0,0,0,91.4175124168396,0,0,0,0,0,0,0,0,0,0,0,1.16984716057777,0,4.19218227267265,0,0,0,0,0,0,0,7.78816011548042,0,0.616680085659027,0,0,0,0,0,2.19610023498535,0,0,0,0,0,0,0,0,0,0,0,0,0,0,0,0,0,0,0,0,0.35367625951767,0,0,0,341.2863086164,32.9487315416336,16.4062465280294,0,0
59.9095732569695,0,72.6246812343597,0,0,0,0,0,188.905863910913,0,0,0,0,0,74.3453837931156,0,0,0,4.33338522911072,0,0,0,0,0,0,0,0,0,0,0,0,0,0,0,0,0,0,0,0,0,3.85099762678146,0,14.2487275004387,0,0,0,7.85615307092667,0,77.8314556479454,0,0,0,0,0,165.083223342896,0,0,0,54.686884790659,0,0,0,0,0,0,0,0,0,0,0,0,0,0,2.09291213750839,0,0,0,0,0,0,0,0,52.530335560441,0,14.3120349943638,0,0
0,8.43934221565723,0,0,0,0,0,0,0,78.1196135282516,0,0,0,0,0,84.4139602184296,0,0,0,0,0,0,0,4.69936347007751,0,0,0,0,0,0,0,0,0,0,0,0,0,0,0,0,0,0.315829902887344,0,0,0,0,0,0,0,12.8414522856474,0,0,0,0,0,290.892168700695,0,0,0,0,0,0,0,0,0,0,50.0101786851883,0,14.8335294127464,0,0,0,0,0,0,0,0,0,0,0,0,0,0,0,5.3418320864439,0,0
0,1.18553757667542,0,3.90955357253551,0,0.311285823583603,0,0,0,0.26818311214447,0,464.963224217296,0,0,0,0,1.29079377651215,0.794142529368401,18.9700259119272,1279.10002613068,0,0,0,0,0,0,0,0,0,0,0,0,0,0,0,2151.35123529285,0,421.448851197958,0,99.370846375823,0.117452770471573,41.2851728722453,2.49340653419495,0,0,1327.46658109128,0.931380867958069,0,0,6.00044222176075,0,1.60599417984486,0,0,0,0,0,701.429690800607,0,0,0,0,0,0,0,0,0,0,0,0,0.202886939048767,0,80.81308811903,0,0,0,0,0,2082.34636308253,1.00202628970146,530.53068665415,0,1243.99189692736,13.3596873283386,444.672882907093,2.18784853816032,0
0.867347478866577,0,4.08874813467264,0,22.8095610737801,0,0,0,0.735762551426888,0,88.6031812131405,0,0,0,0,0,5.2370942980051,6.38437616080046,54.01945438236,0,1548.20751327276,0,0,0,0,0,0,0,0,0,0,0,0,0,0,0,1644.50031808019,0,156.215103402734,0,36.9029262810946,0.215147987008095,60.4419364854693,0,0,0,1825.77658902109,0,14.8542324230075,0,12.7950110584497,0,2.21112108230591,0,0,0,510.188625186682,0,3.73114261031151,0,0,0,0,0,0,0,0,0,0,0,0,0,0,38.7904708683491,0,0,0,0,0.631556943058968,939.456066556275,0,160.487440064549,521.390300780535,0,1551.32128226012,0,0.917023956775665
0,0,0,0,0,0,0,0,0,0,0,0,0,0,0,0,0,0,0,0,0,4677.17223215103,132.046993911266,187.450660079718,0,0,0,0,0,0,0,0,0,0,0,0,0,477.199169367552,0,0,0,0,0,0,0,0,0,0,0,45.5504594743252,0,0,0,0,0,0,0,0,0,0,0,0,0,0,0,0,197.255672842264,0,0,0,0,0,0,0,0,0,0,0,0,0,101.768351912498,0,482.357106268406,19.5624943971634,0,0,0
0,0,0,0,0,0,0,0,0,0,0,0,0,0,0,0,1.13922536373138,0,0,0,0,40.3985739350319,6044.81679189205,0,89.9011934399605,0,11.3158240318298,0,285.931311249733,0,0,0,0,0,0,0,0,4.74845695495605,436.176419183612,0,0,0,0,0,0,0,0,5.73621863126755,0,0,0,0,0,0,0,0,0,0,0,0,0,0,0,0,0,0,0,240.066662877798,0,4.20721164345741,0,194.687460482121,0,0,0,0,0,0,0,0,0,301.283474475145,369.660277426243,29.2217626571655,0.461036324501038,0,0
0,0,0,0,0,0,0,0,0.179538801312447,49.5353939980268,0,0,0,0,0,0,0,0,0,0,0,462.648742139339,0,425.700411915779,0,0.915625393390656,0,0,0,0,0,0,0,0,0,0,0,456.315660238266,1.21885953843594,0,0,1.07304500043392,0.145603194832802,0,0,0,0,0.347536027431488,0.292449146509171,193.227421715856,0,0,0,0,0,239.47980555892,0,0,0,0,0,50.0101786851883,0,0,197.255672842264,0,0,0,177.013553380966,0,0,0,0,0,0,0,0,0,0,0,813.384277001023,0,21.3001386970282,0,470.424545183778,0,0
0,0,0,0,0,0,0,0,23.4773609936237,0,0,0,0,0,0,0,1.33643501996994,0,0,0,0,0,60.8988053202629,0,907.267492234707,0,135.729351595044,0,0,0,0,0,0,0,0,0,0,0,473.921910136938,0,0,0,0,0,0,0,0,3.0518302321434,0,0,0,0,0,0,375.916592270136,0,0,0,0,0,0,0,0,0,0,240.066662877798,0,0,0,119.66400295496,0,0,0,0,0,0,0,0,0,0,0,349.644466355443,166.14211037755,0,0.809667840600014,0,0
0,0,0,0,0,0,0,0,0,50.1366329193115,0,0,0,0,0,9,0,25.9943348765373,0,0,0,483.38305670023,0,1016.62672281265,0,234.691405504942,0,0,0,0,0,0,0,0,0,0,0,0.434684574604034,0,0,0,0,0,0,0,0,0,0,0,0,0,0,0,0,0,0,0,0,0,0,0,14.8335294127464,0,0,0,0,177.013553380966,0,0,0,0,0,0,0,0,0,0,0,0,0,0.794254869222641,0,52.9454972445965,0,4.11410915851593,0,0
0,0,0,0,0,0,0,0,3.12137031555176,0,0,0,0,0,0,0,4.81784765422344,0,0,0,0,0,41.0168199539185,0,190.743519127369,0,33.667355120182,0,70.4658226668835,0,0,0,0,0,0,0,0,0,0,0,0,0,0,0,0,0,0,0,0,0,0,0,0,0,0,0,0,0,0,0,0,0,0,0,0,4.20721164345741,0,119.66400295496,0,0,0,290.235418587923,0,0,0,0,0,0,0,0,0,0,72.7975302636623,0,0,0,0
0,0,0,1.54753834009171,0,0,0,0,0,0,0,0,0,0,0,0,0,0,0,0,0,29.0943896770477,0,0,0,0,0,1498.98318549991,0,1000.85415124893,0,0,0,0,0,0.111628152430058,0,268.09577652812,0,0,0,8.79771053791046,0,0,0,0.268686383962631,0,0,0,0.25257533788681,0,0,0,0,0,0,0,27.670158803463,0,0,0,0,0.202886939048767,0,0,0,0,0,0,0,0,0,19.9673565626144,0,0,0,0,0,0,0,98.8006563037634,0,820.288956180215,0,5.56538361310959,2.09425711631775,0
0.134581983089447,0,0.178341224789619,0,0,0,0,0,0,0,106.690820038319,0,125.107612013817,0,0,0,0,0,2.93626198172569,0,0,0,191.48833823204,0,0,0,0,0,4950.99418738484,0,974.512693762779,0,0,0,0,0,0,0,224.448468059301,0.191591739654541,0.18879409134388,0,25.4352904111147,0,0,0,0.281683593988419,0,1.11310186982155,0,0,0,0,0,0,0,11.2434973120689,0,28.9374697208405,0,0,0,0,0,0,194.687460482121,0,0,0,290.235418587923,0,0,0,30.4773984253407,0,0,0,0,0,0.174141868948936,0,0,41.5860832706094,0.133032888174057,20.0488065034151,0,0
0,8.31507006287575,0,60.002561122179,0,16.1042252406478,0,0,0,0,0,36.5353163778782,0,0,0,0,4.69741846621037,13.7950689867139,106.870362132788,1.90733742713928,0,0,0,0,0,0,0,27.2020836472511,0,642.064559102058,0,0,0,0,0,0.196189500391483,0,113.454746544361,0,27.1159900948405,0.736630648374557,323.188435822725,0.953197211027145,0,0,49.6074537560344,1.29719773679972,0,0,4.25098617374897,0,5.26833683252335,0,0,0,2.8255763053894,0,617.134490638971,0,0,0,0,80.81308811903,0,0,0,0,0,0,0,19.9673565626144,0,0,0.168253511190414,0,0,0,0,37.1110762134194,1.68339265882969,68.377544939518,0.592463731765747,417.483651675284,0.124736450612545,231.97684841603,52.0371972471476,1.24807038903236
11.6700989603996,0,16.9116751998663,0,0.483458191156387,1.31228637695312,0,0,0.175147846341133,0,449.959624290466,0,0,0,0,0,11.3288428783417,7.90919935703278,153.910432755947,0,10.2696422338486,0,0,0,0,0,0,0,0,0,628.830337196589,0,0,0,0,0,0.233678802847862,0,1179.26555415988,0.503235965967178,24.78748177737,0.467980712652206,304.404434420168,0,0,2.20954757928848,103.051374860108,0,63.7834665775299,0,0.261436462402344,0,0,0,0,0,225.062756091356,0.846038639545441,0,0,2.09291213750839,0,0,38.7904708683491,0,0,0,0,0,0,0,30.4773984253407,0.168253511190414,0,0,0,0,0,5.48015005886555,40.1250032484531,0,120.703875631094,307.032039314508,0.177972733974457,432.428793370724,0,68.2546329200268
0,0,0,0,0,0,0,0,0,0,0,0,0,0,0,0,0,0,0,0,0,0,0,0,0,0,0,0,0,0,0,1055.70346540958,89.6093771606684,93.7965460568666,0.766011714935303,905.822619065642,18.8300427943468,0,0,0,0,0,0,0,0,0,0,1038.14364692569,0,4.54581195116043,0,0,0,0,0,0,0,0,0,0,0,0,0,0,0,0,0,0,0,0,0,0,0,0,0,220.696436196566,492.76218765974,0,344.326369524002,10.9606958180666,0,0,227.202551469207,0,0,0,0
0,0,0,0,0,0,0,0,0,0,0,0,0,0,0,0,0,0,0,0,0,0,0,0,0,0,0,0,0,0,0,1594.59108713269,1935.2811422646,0,40.5494242310524,0,2534.00647494197,0,0,0,0,0,0,0,0,0,0,2172.84160773456,43.8926864266396,33.4913725852966,0,0,0,0,0,0,0,0,0,0,0,0,0,0,0,0,0,0,0,0,0,0,0,0,220.696436196566,0,0,847.524163484573,0,667.40943299979,0,9.75206078588963,74.3444314599037,0,0,0,0
0,0,0,0,0,0,0,0,0,0,0,0,0,0,0,0,0,0,0,0,0,0,0,0,0,0,0,0,0,0,0,125.156810209155,2.96414893865585,1048.44431847334,638.62557631731,265.41751074791,0,11.9083852469921,0,0,0,0,0,0,0,0,0,639.795624643564,0,26.6368374228477,0,0,0,0,0,0,0,0,0,0,0,0,0,0,0,0,0,0,0,0,0,0,0,0,492.76218765974,0,0,83.0520562231541,149.644496098161,0,338.209923192859,0,247.692943274975,0,0,0,0
0,0,0,0,0,0,0,0,0,0,0,0,0,0,0,0,0,0,0,0,0,0,0,0,0,0,0,0,0,0,0,0,0,350.46795271337,1265.43833473325,0,93.2960459291935,19.8963051438332,106.237645596266,0,0,0,0,0,0,0,0,226.114309817553,3.89831364154816,0,0,0,0,0,0,0,0,0,0,0,0,0,0,0,0,0,0,0,0,0,0,0,0,0,0,847.524163484573,83.0520562231541,0,0,467.234650939703,3.26282876729965,157.746407926083,329.839270442724,0,0,0,0
0,27.1758789643645,0.355701804161072,34.3456610515714,0.28274130821228,18.0113044753671,0,0,0.312077224254608,0,0,7.12469969689846,0,0,0,0,107.822109244764,207.227138675749,1363.0277813375,734.133095294237,0,0,0,0,0,0,0,0,0,0,0,182.702634647489,0,220.798045098782,0,22559.7212644219,683.592093721032,2876.70214550197,0,493.020393297076,44.2146128043532,1309.47084037215,26.9908209815621,5.38040021061897,0,760.174119114876,38.8717327341437,57.5237256139517,2.02266353368759,43.3389116302133,0,11.669432207942,0,0,0,0.186769440770149,0.138046309351921,64.256265193224,0,0.35367625951767,0,0,2082.34636308253,0.631556943058968,0,0,0,0,0,0,0,0,37.1110762134194,5.48015005886555,344.326369524002,0,149.644496098161,0,0,121.01689928025,632.135703660548,8.79511017352343,7222.74489223957,540.17294011265,1229.08662646264,90.8383396491408,6.89984963834286
11.1810668855906,0,21.6063717156649,0,9.62586590647697,0,0,0,1.64756125211716,0,0,0,0,0,0,0,90.1613545045257,54.5724824517965,897.220370076597,0,98.1266979277134,0,0,0,0,0,0,0,0,0,0,4.95164939761162,338.415224909782,0,234.00683054328,628.263441711664,22237.7710480765,0,2103.62745925784,12.4226912930608,215.221577353776,12.0423840731382,556.614238508046,0,0.148111447691917,9.37821951508522,942.746063113213,2782.83216163516,40.7033967524767,0.768736138939857,16.6237851902843,0,0,0,2.47923851013184,0,9.98501054942608,2.00928192585707,5.1432853937149,0,0,0,1.00202628970146,939.456066556275,0,0,0,0,0,0,0,0.174141868948936,1.68339265882969,40.1250032484531,10.9606958180666,667.40943299979,0,467.234650939703,121.01689928025,0,6.00832158327103,1971.94688846171,5592.07740785927,508.468450173736,1019.09201301634,0.169487461447716,42.3333646655083
