0,0,0.0390151922827134,0,0,0,0,0,0.101183374226198,0,0,0,0,0,0,0,0,0,0,0,0,0,0,0,0,0,0,0,0,0,9.1261135278368e-05,0,0,0,0,0,0,0,0,0,0,0,0,0,0,0,0,0,0.0369542025562036,0,0,0,0,0,0.0100743659712285,0,0,0,0,0,0.000784857445108554,0,0,0,0,0,0,0,0,0,0,0,0,0,0,0,0,0,0,0,0,0,0.000414931705307949,0,0.00226247378148137,0,0
0,0,0,0.0074932218651935,0,0.00055395223801004,0,0,0,0.0705789934903654,0,0,0,0,0,0,0,1.28756161302143e-05,0.000333961594229585,0,0,3.41294124904462e-05,0,0.000100837240775968,0,0,0,0,0,0,0,0,0,0,0,0,0,8.04377403784015e-05,0,1.58337886730455e-05,0,0.000708035658565477,0,0,0,0,0,0.000165736234071487,0,0.0154211277172865,0,0,0,0,0,0.0391087432929691,0,0,0,0,0,0.0128268381508042,0,0,0,0,0.000353102071688415,0,0,0,3.88153526937438e-05,0,0.000646631697894833,0,0,0,0,0,5.4401059734178e-06,0,0.000151925807882846,0,0.000840634240676569,0,0.00555527642207281,0,0
0.0390151922827134,0,0,0,0.00361149561833309,0,0,0,0.0129664520390485,0,0,0,0,0,0,0,6.55765002275238e-05,0,0.000177125849871562,0,0,0,0,0,0,0,0,0,0,0,0.00210618728676174,0,0,0,2.50275816476675e-05,0,0,0,0,0,0.000621334980299852,0.000193413354907671,0.00557316114592941,0,0,5.80544192795777e-05,0.000193873560054986,4.22407168772295e-05,0.0185600946324332,0,0.00237697684830042,0,0,0,0.0122941192803773,0,0.00703338713604313,0,0.00276221656226761,0,0.0155002662556804,0,0,0.000445041551336492,0,6.47766668461904e-06,0,0,0,0,0,8.45097840855903e-05,0,0.009756225342981,0,0,0,0,0,1.28169676476495e-06,0,3.4727717225699e-05,0.0001819319306813,0,0.00852985958238374,0,0.000546825002417662
0,0.0074932218651935,0,0,0,0.0314160143539189,0,0,0,0.0114348535498918,0,0,0,0,0,0,0,0,4.64427133051385e-05,0.00340776771898212,0,0.000232791035256687,0,0,0,0,0,0,0,0,0,0,0,0,0,0.00126785567346597,0,0.000110738257907564,0,0.00018606319720658,0,0.00425059318695038,0,0,0,3.37043506192392e-05,0,0.000772136527007918,0,0.0241600098180139,0,0.0714335280344405,0,0,0,0.00938450353482613,4.8608920458638e-05,0.000369726275542874,0,0.000117414310601931,0,0.000759626038618485,0.00103139515118664,0,0.000224127926298611,0,0,0,0,0,0.000693192104875471,0,0.00840813351147542,0,0,0,0,0,5.44119707650691e-05,0,0.0012456431966915,0,0.000459573933069828,0,0.052259302550229,0,0
0,0,0.00361149561833309,0,0,0,0.0337254661766174,0,0.040083064429599,0,0,0,0,0,0,0,1.26167595985034e-05,0,2.46163387766715e-05,0,0.00472632325722508,0,0,0,0,0,0,0,0,0,0.000145092491575243,0,0,0,0.000168502191038453,0,6.42616290848831e-05,0,0,0,0.00104387245730485,7.92791813712085e-05,0.00185043489697101,0,0,0,5.13590624725828e-05,0.000268739436255945,0.00347565683872676,0.000191568815052586,0.224510004954225,0,0.0325610638920238,0,0.0119528934725513,0,0.000272479337405638,0,0,0,0,0,0,0.0221585541499052,0,0,0,0,0,0,0,0,0,0.000202729365259762,0,0,0,9.50871415133299e-05,0,0,0,6.52839653574652e-06,0.00233921272305816,0,0.0117856794511084,0,0
0,0.00055395223801004,0,0.0314160143539189,0,0,0,0.016532004260473,0,0.0110022436795702,0,0.000122612744112524,0,0,0,0,0,0,0,0.00614606295113602,0,1.35283627174717e-05,0,0,0,0,0,0,0,0,0,0,0,0,0,0.00271629095517656,0,0,0,0,0,5.39842784516068e-05,0,0,0,0,0,0.000148845596508147,0,0.00135821343731681,0,0.100797796175546,0,0.0226035148124858,0,0.0853844747976197,0,0.0173417482441841,0,0.00201866555815813,0,0.0141997249272973,0.000370690151767153,0,0,0,0,0,0,0,0,0,4.69275098910602e-05,0,0,0,0,0,0.000342680447302284,0,6.91586774467508e-06,0,0.00320991543361748,0.000446546651000151,0.0147196759463721,0,0
0,0,0,0,0.0337254661766174,0,0,0,0,0,0.0103120910396192,0,0,0,0,0,0,0,0,0,0.00390260783906806,0,0,0,0,0,0,0,0,0,0,0,0,0,0,0,0,0,0,0,0,0,0,0,0,0,0,0,0,0,0.00775760980544704,0,0.225408429401478,0,0,0,0.0089992247169115,0,0,0,0,0,0,0.00038378182804468,0,0,0,0,0,0,0,0,0,0,0,0,0,0,0,0,0,0,0.00549315099999418,1.96052878459905e-05,0,0,0
0,0,0,0,0,0.016532004260473,0,0,0,0,0,0.000718006083735374,0,0.00768918743185502,0,0,0,0,0,0,0,0,0,0,0,0,0,0,0,0,0,0,0,0,0,0.000318589608720488,0,0,0,0,0,0,0,0,0,0,0,0,0,0,0,0.0343875081928678,0,0.20172576272226,0,0,0,0.0114512089474012,0,0.0110947520166561,0,0,8.14083773791285e-05,0,0,0,0,0,0,0,0,0,0,0,0,0,0,0,6.59851320545807e-05,0,0,0,0.000721377978330928,0,0,0,0
0.101183374226198,0,0.0129664520390485,0,0.040083064429599,0,0,0,0,0,0,0,0,0,0.00878380716394584,0,0.00994330806272511,0.00798713629109714,0.00283842023811007,0,0,0.00051985349473155,6.25002295896602e-05,5.31037856687988e-05,0.000689865446046165,0.000207931583922143,0.00214125897695225,0,0,0,0,0,0,0,0,0,0,0,0.000174325406863826,2.47125172456654e-05,0.000262440632748268,7.3175264163949e-05,0.00212703568564226,0,0,1.12850516783712e-05,0,0,0.0019736768199817,0,0,0,0,0,0.0582888813917449,0,0.000117218851828631,0,0,0,0.00208693915505945,0,0,0.000373788491073221,0,0,0,0.000767336614553264,0,0.000901023259914589,0,0,0,0,0,0,0,0,2.36022792657575e-05,1.47387428058188e-05,2.36923028554174e-05,0.000429652023404758,0.00221265219021168,0,0.00358753136537079,4.71981841022539e-05,0
0,0.0705789934903654,0,0.0114348535498918,0,0.0110022436795702,0,0,0,0,0,0,0,0,0,0.00104428066566633,0,0.00257046193612293,8.17820415341172e-05,0,0,0,0,0.00760389820286319,0,0,0,0,0,0,0,0,0,0,0,5.2958205436821e-06,0,0.00125662322892294,0,0,0,3.90592911558202e-05,0,0,0,0,0,0,0,0.00323576642322952,0,0.000798362259399594,0,0,0,0.190027671773695,0,0,0,0,0,0.00324974258904024,0,0,4.84273096732895e-06,0,0.00955261494729561,0,0,0,0,0,0,0,0,0,0,0,0,0,0.000111873485454801,0,0.00496868664804113,0,0.00326361542396144,0,0
0,0,0,0,0,0,0.0103120910396192,0,0,0,0,0,0,0,0,0,0,0,6.84740018454358e-06,0,0.0178965794594144,0,0,0,0,0,0,0,0,0,0.00757855058932538,0,0,0,0,0,0.000593117212251041,0,0.000843772194850514,0,0,0,6.45463306359183e-05,0,0,0,3.45198338456894e-05,0,0,0,0,0,0.00137345585144889,0,0,0,0.0251309780694593,0,0,0,0,0,0,0.00143837761651394,0,0,0,0,0,0,0,0.000144928926873461,0,0.00751792866738491,0,0,0,0,0,2.97764096577429e-06,0,0.00192122589114812,8.71485706063047e-05,0,0.000123867248100967,0,0
0,0,0,0,0,0.000122612744112524,0,0.000718006083735374,0,0,0,0,0,0.00126510552654984,0,0,0,0,0,0.011765216477362,0,0,0,0,0,0,0,0,0,0,0,0,0,0,0,0,0,0.000392825778370002,0,0,0,0,0,0,0,0,0,0,0,0,0,0,0,4.34115208918229e-05,0,0,0,0.0447303850785048,0,2.90762239161853e-05,0,0,0.00355646941172824,0,0,0,0,0,0,0,0,0,0.00299503745081543,0,0,0,0,0,3.15825107600135e-06,0,0.000946122702321836,0,1.65316932609287e-05,0,0.000737364147154087,0,0
0,0,0,0,0,0,0,0,0,0,0,0,0,0,0,0,0,0,0,0,0,0,0,0,0,0,0,0,0,0,0,0,0,0,0,0,0,0,0,0,0,0,0,0,0,0,0,0,0,0,0,0,0,0,0,0,0.000105232786880564,0,0.00018327366553296,0,0,0,0,0,0,0,0,0,0,0,0,0,0,0,0,0,0,0,0,0,0,0,0,0,0,0,0
0,0,0,0,0,0,0,0.00768918743185502,0,0,0,0.00126510552654984,0,0,0,0.00743167293526306,0,0,0,0,0,0,0,0,0,0,0,0,0,0,0,0,0,0,0,0,0,0,0,0,0,0,0,0,0,0,0,0,0,0,0,0,0,0.00774258906189491,0,0,0,0.00706202902934435,0,0.00753366857203214,0,0,0,0,0,0,0,0,5.97086218476761e-05,0,0,0,0,0,0,0,0,0,0,0,0,0,1.40408674783454e-05,0,0,0,0
0,0,0,0,0,0,0,0,0.00878380716394584,0,0,0,0,0,0,0,0.0115806187529953,0.00254764655624706,0.000289359307506926,0,0,0.00021865278311515,0.000296252523579177,0,0,3.32149769243634e-05,0.0165896698558729,0,5.62269719043495e-05,0,0,0,0,0,0,0,0,0,0,0,8.52345850630288e-06,0,0,0,0,0,0,0,0,0,0,0,0,0,0.024623199560027,0,0,0,0,0,0.0016587700490785,0,0,0,0,0,0,0,0,0.00209770734889492,0,0.00107742295627007,0,0,0,0,0,0,0,3.98808054602082e-06,0,1.64783358556049e-05,0.000349298945237854,0,0,0,0
0,0,0,0,0,0,0,0,0,0.00104428066566633,0,0,0,0.00743167293526306,0,0,0,0,0,0,0,0,0,0,0,0,0,0,0,0,0,0,0,0,0,0,0,0,0,0,0,0,0,0,0,0,0,0,0,0,0,0,0,0,0,0.00374631702252737,0,0,0,0,0,0,0,0,0,0,0,0,0,0,0,0,0,0,0,0,0,0,0,0,0,0,0.000314718773165454,0,0,0,0
0,0,6.55765002275238e-05,0,1.26167595985034e-05,0,0,0,0.00994330806272511,0,0,0,0,0,0.0115806187529953,0,0,0.104662214211744,0.0565521993254871,0,0,0.00206924856748986,0.0039403447499145,7.33271389432117e-05,0.000140374952349197,0.000869174085539164,0.0269852624685916,0,0.000306863476652018,0,3.56154286533565e-06,0,0,0,0,7.42447885525622e-05,0.000149243606495777,0,4.6712599605313e-06,0.000282675103512774,0.00234972327800244,0.00080576799225314,0.00321140230956835,0,1.25866758018793e-05,0.000615621746825691,0.000585230047559923,0,7.61174464125808e-05,6.55138278452961e-05,0,0,0,0,0.00276713100177384,0,7.74069593877107e-05,0,0,0,0.00345750449652886,0,6.01298518492001e-05,6.81795258152321e-05,0,7.5304187009511e-05,0,1.69379611443224e-05,0,0.00736624169127621,4.10422143385817e-06,2.45413163076351e-05,1.97734753000067e-05,0.00126777942829063,0,0,0,0,0.000270348389051171,0.00194698201635272,0.000406012968310331,0.00103432059219772,0.0162357405468846,0,0.00434508689303672,0.000236706452987461,0.00116947730143406
0,1.28756161302143e-05,0,0,0,0,0,0,0.00798713629109714,0.00257046193612293,0,0,0,0,0.00254764655624706,0,0.104662214211744,0,0.0456966411637293,0,0,0.0040065561176164,0.00022909142690728,0.000241533162766198,0.000274675000952863,0.00215262679923834,0.00226938834815903,0.000238465620550753,0,0,2.22836904352586e-05,0,0,0,0,0.0006253586287024,2.98449518751068e-05,3.65122709804724e-05,0,0.000702865120711817,0.000714622013207502,0.00424077427570463,0.00107830446483822,2.50144772160347e-05,0,0.00198156040154999,0.000113456851204997,3.98571643816679e-06,0,0.000263355063924555,0,0,0,0,0.00355449185599717,2.53769074011233e-05,3.235602457074e-05,0,0,0,0.00123674109975123,0,0.000272745458994758,4.80276210233217e-05,3.32238466240945e-06,0,0,1.74542894713346e-05,0,0.00171812928070659,1.02893962338809e-05,0,1.98643450564601e-05,0.000599993782832817,0,0,0,0,0.00214422167631586,0.000445188978881559,0.00271837133085269,0.000180657170719403,0.0210823937516526,0.00066127135561136,0.0023064815869049,0.0010898445054953,0.00045791389070269
0,0.000333961594229585,0.000177125849871562,4.64427133051385e-05,2.46163387766715e-05,0,0,0,0.00283842023811007,8.17820415341172e-05,6.84740018454358e-06,0,0,0,0.000289359307506926,0,0.0565521993254871,0.0456966411637293,0,0,0,0.000367037256147264,7.93673274715573e-05,8.71148783852544e-05,0,0.000220187158467452,0.00030149712225534,0,0,0,0.000147516613781213,0,0,0,0,0.00359839829549665,0.00220774229199879,0.000136391147951065,3.42749184889116e-05,0.00559808541619736,0.0160455133916436,0.0213761586934687,0.01505102549706,0.00225849960262099,0.000735238908195601,0.0175364068898064,0.00780830720540824,0.000159118704277062,0.000174789312564335,0.00209639322696488,1.38418658409295e-05,0,0,0,0.000871112217994529,0,0.00103506730097393,0,0,0,0.000147333014908004,0,0.00396047824619753,0.00140224248024902,3.35149042068365e-05,0,0,0,0,0.000179790098617639,0.000158883721675333,0,0.00153215275539866,0.00771891164433492,0,0,0,0,0.0155624041270169,0.0159108794328041,0.0220008942486085,0.00535732375689644,0.00871451441198593,1.25896978320322e-05,0.0508016643921245,0.00462267623881145,0.00508403758465506
0,0,0,0.00340776771898212,0,0.00614606295113602,0,0,0,0,0,0.011765216477362,0,0,0,0,0,0,0,0,0,0,0,0,0,0,0,0,0,0,0,0,0,0,0,0.00590646699916111,0,3.24198153975885e-05,0,0,0,0,0,0,0,0.00104518000468576,0,0,0,0,0,0,0,0,0,0,0,0.00471310402317749,0,0,0,0,0.0432260000463877,0,0,0,0,0,0,0,0,0,0,0,0,0,0,0,0.00220180135026442,0,0.00389055632766976,0,0.000360283947103214,0,0.000691158081571656,0,0
0,0,0,0,0.00472632325722508,0,0.00390260783906806,0,0,0,0.0178965794594144,0,0,0,0,0,0,0,0,0,0,0,0,0,0,0,0,0,0,0,0.000949650565148036,0,0,0,0,0,0.00217216350135824,0,1.10138766811925e-05,0,4.55525931697051e-05,0,0.000107128086905677,0,0,0,0,0,0.000227625783841037,0,0.000226446408983045,0,0,0,2.04010209598669e-05,0,0.00795295762741562,0,0,0,0,0,0,0.0156478929437823,0,0,0,0,0,0,0,0.000515161308958228,0,0.00379191720178919,0,0,0,0,0,0.00255038150233137,0,0.00143965844194282,0.000968176592374427,0,0.00569409697979204,0,0
0,3.41294124904462e-05,0,0.000232791035256687,0,1.35283627174717e-05,0,0,0.00051985349473155,0,0,0,0,0,0.00021865278311515,0,0.00206924856748986,0.0040065561176164,0.000367037256147264,0,0,0,0.000512327434393606,0.000760604115145753,0,1.34857682652455e-05,4.0386678489653e-05,5.6210683975188e-05,0,0,0,0,0,0,0,3.8346133058218e-06,0,0.00687394666120436,0,2.3897926959814e-06,0,0.00169212170070097,2.06993371249314e-05,0,0,0.000173858459482398,0,3.99544054754223e-06,0,0.000939713562700833,0,2.75023330284906e-06,0,0,3.99382655997074e-05,0,0,0.000404617110903524,0,0,2.24918634145785e-05,0,0.000313534881001191,0,0.0263871599100565,0,2.67064541757315e-05,0,0,0.000101267190873701,0.00222699268694684,0,0.0012716141147537,0,0,0,0,0,3.71792306212589e-06,8.76538844317228e-06,0.00337670605062683,0,0.000764156592996929,2.04142260327501e-06,0.00193151517841382,0.000264895658699597,2.93100266352014e-06
0,0,0,0,0,0,0,0,6.25002295896602e-05,0,0,0,0,0,0.000296252523579177,0,0.0039403447499145,0.00022909142690728,7.93673274715573e-05,0,0,0.000512327434393606,0,0,1.03118125713007e-05,1.11474036558907e-05,0.00648257437763276,0,0,0,0,0,0,0,0,0,0,0,0.00583111079701436,0,0,0,6.88674475382654e-06,0,0,0,0,0,0.00125843160360213,0,0,0,0,0,5.20287151930769e-05,0,0,0,0,0,0.000188683760746501,0,0,0,0,0.0180435784344561,0,0,0,0.00149057445505024,0,0.00010378716118493,0,0.000122830700939174,0,0,0,0,0,0,0,0.000615771551908207,0.000729169122611058,0,0,0,0
0,0.000100837240775968,0,0,0,0,0,0,5.31037856687988e-05,0.00760389820286319,0,0,0,0,0,0,7.33271389432117e-05,0.000241533162766198,8.71148783852544e-05,0,0,0.000760604115145753,0,0,0,0.00158507105376682,0,0,0,0,0,0,0,0.000155589296069958,0,0,0,0.000765657886450084,0,0,0,0.000244255187175814,4.4246171780109e-05,0,0,5.68923658444966e-05,0,0,0,0.00350555390867884,0,0,0,0,4.76558107860995e-05,0.00454633420009878,0,0.00256131693214044,0,1.45889284900828e-05,0,5.54673215581798e-05,0.000126032870297473,0,0.00505888894779403,0,0.0637633521687403,0,0.00115985820937234,7.52854038848713e-05,0.00109036119790609,0,0.000155234551226584,0,0,0,0,0,8.08904373220224e-06,0,0.00298691777478162,0,3.93450520493887e-05,0,0.00367675908165572,0,0
0,0,0,0,0,0,0,0,0.000689865446046165,0,0,0,0,0,0,0,0.000140374952349197,0.000274675000952863,0,0,0,0,1.03118125713007e-05,0,0,0,0,0,0,0,0,0,0,0,0,0,0,0,0.000445187354300575,0,0,0,0,0,0,0,0,0,0.00462493327454269,0,0,0,0,0,0.000646164403610808,0,0,0,0,0,6.91820948591068e-05,0,0,0,0,0,0,0.000411076842654162,0,0,0,0,0,0,0,0,0,0,0,0,0,0.00117152451341917,6.22017308093291e-06,0,0.00235480842473568,0,0
0,0,0,0,0,0,0,0,0.000207931583922143,0,0,0,0,0,3.32149769243634e-05,0,0.000869174085539164,0.00215262679923834,0.000220187158467452,0,0,1.34857682652455e-05,1.11474036558907e-05,0.00158507105376682,0,0,0,9.82152206080273e-05,0,0,0,0,0,0,0,0,0,0,0,0,1.50009020288228e-05,0,0,0,0,1.97101718859449e-05,0,0,0,0,0,0,0,0,0.000210468854126844,0,0,0,0,0,3.94064197459655e-05,0,0,0,0,0,0.0077247708493485,3.92570690427281e-05,0.00166807858849741,0,0,0,0,0,0,0,0,0,0,0,0,1.30995794473661e-05,0.000383717010609638,1.41361226714942e-05,4.85298314911475e-05,0,0
0,0,0,0,0,0,0,0,0.00214125897695225,0,0,0,0,0,0.0165896698558729,0,0.0269852624685916,0.00226938834815903,0.00030149712225534,0,0,4.0386678489653e-05,0.00648257437763276,0,0,0,0,0,0,0,0,0,0,0,0,1.53376441142995e-06,0,0,0,0,0,0,0,0,0,0,0,0,0,0,0,0,0,0,0.000691685558784156,0,0,0,0,0,0.00299600390014941,0,0,0,0,1.92060541883191e-05,0,0,0,0.0158013833656906,0,0,0,0,0,0,0,0,0,0,0,0,0.000461504438844546,0,9.22873579627408e-06,0,2.07882388622768e-05
0,0,0,0,0,0,0,0,0,0,0,0,0,0,0,0,0,0.000238465620550753,0,0,0,5.6210683975188e-05,0,0,0,9.82152206080273e-05,0,0,0,4.3891413952224e-05,0,0,0,0,0,9.11476248000751e-07,0,0,0,0,0,2.06558681792134e-05,0,0,0,0,0,0,0,0,0,0,0,0,0,0,0,0,0,0,0,0,0,0,7.68701656433312e-05,0,0,0,4.56558445875999e-05,0,0.000221401145558111,0,0.000390798306320437,0,0,0,0,0,0,0,7.42625787295975e-05,0,1.44569232469208e-05,0,1.54142639847528e-05,0,0
0,0,0,0,0,0,0,0,0,0,0,0,0,0,5.62269719043495e-05,0,0.000306863476652018,0,0,0,0,0,0,0,0,0,0,0,0,0,0,0,0,0,0,0,0,0,0,0,0,0,0,0,0,0,0,0,0,0,0,0,0,0,0,0,1.42171172952853e-05,0,0,0,0,0,0,0,0,0,0,0,0,0,0,0.00447383839997796,0,4.46855941382404e-05,0,0,0,0,0,0,0,0,0,0,0,0,0
0,0,0,0,0,0,0,0,0,0,0,0,0,0,0,0,0,0,0,0,0,0,0,0,0,0,0,4.3891413952224e-05,0,0,0,0,0,0,0,0,0,0.000870294216008617,0,0,0,0,0,0,0,0,0,0,0,0,0,0,0,0,0,0,0,0,0,0,0,0,0,0,0,0,0,0,0,0,0,0,0.051102034773456,0,0,0,0,0,0,0,7.99906426974988e-05,0,0,0,0,0,0
9.1261135278368e-05,0,0.00210618728676174,0,0.000145092491575243,0,0,0,0,0,0.00757855058932538,0,0,0,0,0,3.56154286533565e-06,2.22836904352586e-05,0.000147516613781213,0,0.000949650565148036,0,0,0,0,0,0,0,0,0,0,0,0,0,0,0,2.38128890784252e-06,0,0.000390258795917226,0,0.000238985245409515,9.85958331151116e-06,0.000878217159218808,0,0,0,0.000896583023881478,0,0.00031514118455796,0,0,0,0,0,0,0,0.00537222002957625,0,0,0,0,0,9.38010358788807e-06,0.00598068213355982,0,0,0,0,0,0,0,0,0,0.0437227460209159,0,0,0,0,0,6.3892434726419e-05,0,0.0033607515170781,2.10988317070611e-05,0,0.00135088908076819,0,5.40119422045497e-05
0,0,0,0,0,0,0,0,0,0,0,0,0,0,0,0,0,0,0,0,0,0,0,0,0,0,0,0,0,0,0,0,0.0100958547599859,0,0,0.00255763903573615,0,0,0,0,0,0,0,0,0,0,0,0.0937009578521207,0,0.000546564338841947,0,0,0,0,0,0,0,0,0,0,0,0,0,0,0,0,0,0,0,0,0,0,0,0,0.252627043392522,0.00283455148890158,0.000461319876402824,0,0.00688852191332453,0,0,0,0.00103357894680065,0,2.08371970800223e-05,0,0
0,0,0,0,0,0,0,0,0,0,0,0,0,0,0,0,0,0,0,0,0,0,0,0,0,0,0,0,0,0,0,0.0100958547599859,0,0,0.000118935731461077,9.63427021391787e-05,0.00270854373777481,0,0,0,0,0,0,0,0,0,0,0.145904565996967,0,0.000508459106398023,0,0,0,0,0,0,0,0,0,0,0,0,0,0,0,0,0,0,0,0,0,0,0,0,0,0.268068069638617,0,0.00371291938416027,2.6618379352375e-05,0.00988363319525646,0,0,0.000377803309093991,0,0,0,0
0,0,0,0,0,0,0,0,0,0,0,0,0,0,0,0,0,0,0,0,0,0,0,0.000155589296069958,0,0,0,0,0,0,0,0,0,0,0.0506396168239091,0.0052140922310717,0,0.00158978470780972,7.60707703644533e-05,0,0,1.96465576858128e-05,0,0,0,0,0,0.232044381265817,0,0.00191910254459256,0,0,0,0,0,0,0,0,0,0,0,0,0,0,0,0,0,0,0,0,0,0,0,0,0.00830446416882541,0,0.352760832297272,0.0129801393318641,0.0053503723174059,0,0.00477974723608913,0,0.00250646448290022,6.44320946923686e-05,0.000425865077224644,0,0
0,0,2.50275816476675e-05,0,0.000168502191038453,0,0,0,0,0,0,0,0,0,0,0,0,0,0,0,0,0,0,0,0,0,0,0,0,0,0,0,0.000118935731461077,0.0506396168239091,0,0,0.0047087212687734,0,0.00243328887092924,0,1.11913221596148e-05,0,0.000300688643316596,0,0,0,1.11025349684339e-05,0.0914219901787801,0.013927792393064,0,0.00012536444365005,0,0,0,0,0,3.93609198187988e-05,0,0,0,0,0,0,7.08059730750518e-06,0,0,0,0,0,0,0,0,0,1.72163997633125e-05,0,4.71924373169068e-05,0.0960438683603661,0.466745828353878,0,0.00523302368792545,2.80935806356956e-05,0.00116952778690473,0.000612485580952082,5.98907661949372e-06,0.000157346556458565,0,1.56400847703598e-05
0,0,0,0.00126785567346597,0,0.00271629095517656,0,0.000318589608720488,0,5.2958205436821e-06,0,0,0,0,0,0,7.42447885525622e-05,0.0006253586287024,0.00359839829549665,0.00590646699916111,0,3.8346133058218e-06,0,0,0,0,1.53376441142995e-06,9.11476248000751e-07,0,0,0,0.00255763903573615,9.63427021391787e-05,0.0052140922310717,0,0,0.0141486624265623,0.0063772035613291,0,6.2605023666519e-05,2.97303262085033e-05,0.00146328120410533,3.19807364106767e-06,5.09962065928997e-05,0,0.00323019288522635,0,9.04435041921971e-05,2.76487418152544e-05,5.94349710762706e-05,0,1.03968079810881e-05,0,0.000189025910863958,0,0,0,8.53832716133908e-07,0,0,0,0,0.00718086783983675,0,1.30836757787926e-06,0,0,0,0,0,1.87040131224234e-05,0,3.37406970842274e-05,0,0.00178448188370709,0,0.000926411695536035,0,0.0666966104138194,0.00136109674048807,0.00573452364560949,1.46982077407019e-05,0.0103783286440226,0.000245139824836264,0.00467706145208005,0.000614928807666093,1.55243212937398e-06
0,0,0,0,6.42616290848831e-05,0,0,0,0,0,0.000593117212251041,0,0,0,0,0,0.000149243606495777,2.98449518751068e-05,0.00220774229199879,0,0.00217216350135824,0,0,0,0,0,0,0,0,0,2.38128890784252e-06,0,0.00270854373777481,0,0.0047087212687734,0.0141486624265623,0,0,0.00737906970212264,0,0.000441685886749162,2.64827255775166e-05,0.000971979910556091,0,4.39013037740674e-06,1.26937630366227e-05,0.00238938726347267,0.000376050027001015,0.000407821105170477,4.72227853540353e-05,0,0,0,0,0,0,5.47240777134195e-05,0,0,0,0,0,0,0.00240465957799387,0,0,0,0,0,0,0,9.03528588446086e-07,0,9.5326472816748e-05,0,0.00106719861135122,0,0.00437991907783271,0.00356457403818615,0.0977046833082925,1.31350711131406e-05,0.00443401086090121,0.0136785692466225,0.000298366468114129,0.00156421113352679,0,0.000224965810219447
0,8.04377403784015e-05,0,0.000110738257907564,0,0,0,0,0,0.00125662322892294,0,0.000392825778370002,0,0,0,0,0,3.65122709804724e-05,0.000136391147951065,3.24198153975885e-05,0,0.00687394666120436,0,0.000765657886450084,0,0,0,0,0,0.000870294216008617,0,0,0,0.00158978470780972,0,0.0063772035613291,0,0,0.000271435707517869,4.53195269179991e-06,0,0.00260231239077498,1.66288258894385e-05,0,0,0.000166000602634042,0,0.0133198676136051,7.63169955810445e-06,0.00158444766828708,0,0,0,0,0,0.000317891821302637,0,0.00112764327591143,0,0,0,0,0.000131332478706129,0,0.00510974275182544,0,0.000924212663836746,0,0,0,0.000312899259914947,0,0.000146080497667354,0,0,0,0.000116881098812463,0,0.00112877173268675,0,0.043521861720555,0.00113853301959088,0.000335457755126808,3.1136604848178e-05,0.00175330416473639,0.000314947361997304,0
0,0,0,0,0,0,0,0,0.000174325406863826,0,0.000843772194850514,0,0,0,0,0,4.6712599605313e-06,0,3.42749184889116e-05,0,1.10138766811925e-05,0,0.00583111079701436,0,0.000445187354300575,0,0,0,0,0,0.000390258795917226,0,0,7.60707703644533e-05,0.00243328887092924,0,0.00737906970212264,0.000271435707517869,0,0,6.27583885291083e-06,0,0.000149232700287234,0,0,0,0.000142687935573723,0.00691358952975839,0.00201946070368423,0,0,0,0,0,4.9400310675391e-05,0,0.000380303220895654,0,0,0,0,0,0,0.000736177296565293,0,0.00268067847120927,0,0.000306165245722566,0,0,0,9.01730854408259e-05,0,3.62202619536613e-05,0,0,0,4.30948566645384e-05,0,0.00245038024910954,4.86702088321728e-06,0.0447819085744941,0.000387447204818284,2.50773454105787e-05,0.000998979540477817,0,2.5553143587359e-05
0,1.58337886730455e-05,0,0.00018606319720658,0,0,0,0,2.47125172456654e-05,0,0,0,0,0,0,0,0.000282675103512774,0.000702865120711817,0.00559808541619736,0,0,2.3897926959814e-06,0,0,0,0,0,0,0,0,0,0,0,0,0,6.2605023666519e-05,0,4.53195269179991e-06,0,0,1.81154285654572e-05,0.0333247184159327,0.000303212128227372,0.000121667160907204,0,0.0115357780517955,0,0.000540432262832656,0,0.0196529302512833,0,0,0,0,0,0,0,2.98851884706902e-05,0,0,0,0,0.00909488150914342,0,0,0,0,0,0,0,0,0,0.000112141757349073,0,0,0,0,0,0.0120573495294337,1.02486762006983e-05,0.0020350750014354,2.39912301345613e-06,0.000362804565085759,1.18463540837037e-05,0.0273973817104474,0.0019705290490595,0
0,0,0.000621334980299852,0,0.00104387245730485,0,0,0,0.000262440632748268,0,0,0,0,0,8.52345850630288e-06,0,0.00234972327800244,0.000714622013207502,0.0160455133916436,0,4.55525931697051e-05,0,0,0,0,1.50009020288228e-05,0,0,0,0,0.000238985245409515,0,0,0,1.11913221596148e-05,2.97303262085033e-05,0.000441685886749162,0,6.27583885291083e-06,1.81154285654572e-05,0,0.000311298115019426,0.0699280246415453,0,0.00238900243558172,5.93708888887426e-05,0.0131351699785871,0.00121634258166391,0.0226087107388373,0,0.000536381656187361,0,0,0,0.000485642801497377,0,0.00140306675379293,0,3.79769089948979e-05,0,0,0,0,0.0132343671495362,0,0,0,0,0,5.35816586925419e-05,0,1.93633553651787e-05,7.84184691828005e-05,0.00204170122719758,0,0,0,1.4378252904276e-05,8.94997443903786e-05,0.00908312134427347,0.000113192222736193,0.000814036074650515,0.00059857479630577,2.58411218570604e-05,0.0270818727772966,0.00017818298537216,0.00263997678911412
0,0.000708035658565477,0.000193413354907671,0.00425059318695038,7.92791813712085e-05,5.39842784516068e-05,0,0,7.3175264163949e-05,3.90592911558202e-05,0,0,0,0,0,0,0.00080576799225314,0.00424077427570463,0.0213761586934687,0,0,0.00169212170070097,0,0.000244255187175814,0,0,0,2.06558681792134e-05,0,0,9.85958331151116e-06,0,0,1.96465576858128e-05,0,0.00146328120410533,2.64827255775166e-05,0.00260231239077498,0,0.0333247184159327,0.000311298115019426,0,0.0124023447405019,0.000250488893050074,0,0.0231599059690861,0.000137520673461182,0.0029616921058394,6.5338069009907e-05,0.0383335971533579,3.41291176436296e-05,0.000162704833105558,0,0,5.15346140451999e-05,0.000116676788468297,0.000126651239150522,0.000358760660457985,0,0,7.2257167818128e-05,0,0.0156215034879685,0.00011162259471113,0.000659299384464955,0,0,0,0,0,0.00361668977389465,0,0.0272701376205831,0.000513027287944734,0,0,1.12291271225015e-05,0,0.0126918777907284,7.87004058524459e-05,0.0241622789283195,0.000182210374788288,0.00771205881545012,3.20214966814503e-05,0.0526610248057946,0.012465593451658,0.000399921246573789
0,0,0.00557316114592941,0,0.00185043489697101,0,0,0,0.00212703568564226,0,6.45463306359183e-05,0,0,0,0,0,0.00321140230956835,0.00107830446483822,0.01505102549706,0,0.000107128086905677,2.06993371249314e-05,6.88674475382654e-06,4.4246171780109e-05,0,0,0,0,0,0,0.000878217159218808,0,0,0,0.000300688643316596,3.19807364106767e-06,0.000971979910556091,1.66288258894385e-05,0.000149232700287234,0.000303212128227372,0.0699280246415453,0.0124023447405019,0,0,0.00064464991401735,0.000367851876357582,0.00418588432358287,0.00503582996230167,0.0313145927060299,0,0.00120685563529122,0,0,0,0.00138340071913298,0,0.0163646975596135,0,8.58730600443382e-05,0,0.000116767835005064,0,5.54196042607491e-05,0.0133912350182881,0,7.26685069138509e-06,0,0,0,0,0,0.000530981704138272,1.25079863947729e-05,0.0463274738995108,0,0,0,0.000253710942564724,7.34180130281887e-05,0.02264755031212,0.000194339442102129,0.00221525851536872,0.00316655625495813,3.4360870363388e-05,0.102435995770669,6.14357171610516e-05,0.0200509204962602
0,0,0,0,0,0,0,0,0,0,0,0,0,0,0,0,0,2.50144772160347e-05,0.00225849960262099,0,0,0,0,0,0,0,0,0,0,0,0,0,0,0,0,5.09962065928997e-05,0,0,0,0.000121667160907204,0,0.000250488893050074,0,0,0,0.00135859558847928,0,0,0,0,0,0,0,0,0,0,0,0,0,0,0,0,0.000639543211290859,0,0,0,0,0,0,0,0,0,0,0,0,0,0,0,0.000158733264733794,0,0.000130186134587146,0,1.17168064571303e-06,0,0.00027846152112477,0,0
0,0,0,0,0,0,0,0,0,0,0,0,0,0,0,0,1.25866758018793e-05,0,0.000735238908195601,0,0,0,0,0,0,0,0,0,0,0,0,0,0,0,0,0,4.39013037740674e-06,0,0,0,0.00238900243558172,0,0.00064464991401735,0,0,0,8.64850565460104e-05,0,1.52301639990745e-05,0,0,0,0,0,0,0,0,0,0,0,0,0,0,0,0,0,0,0,0,0,0,0,0,0,0,0,0,0,0,2.0546381230938e-05,0,3.17147481870174e-05,1.99472034859704e-05,1.00554477894007e-06,0.000273795288332356,0,0
0,0,5.80544192795777e-05,3.37043506192392e-05,0,0,0,0,1.12850516783712e-05,0,0,0,0,0,0,0,0.000615621746825691,0.00198156040154999,0.0175364068898064,0.00104518000468576,0,0.000173858459482398,0,5.68923658444966e-05,0,1.97101718859449e-05,0,0,0,0,0,0,0,0,0,0.00323019288522635,1.26937630366227e-05,0.000166000602634042,0,0.0115357780517955,5.93708888887426e-05,0.0231599059690861,0.000367851876357582,0.00135859558847928,0,0,8.22061374387015e-05,0.000374554370327173,0,0.00964902635250218,0,0,0,0,2.69124037660575e-05,0,0.000282967390577612,0.000300231734418183,0,0,0,0,0.0532641178281289,7.65196574721263e-06,4.91317830385908e-05,0,0,0,0,5.91107222772205e-05,0.000763324073430036,0,0.00539838496487066,4.06004734976213e-05,0,0,0,0,0.0118462233011925,3.20792718261274e-05,0.00623816538691175,2.48002299038054e-05,0.000863857511615815,2.42830808144634e-05,0.0214247900283422,0.00107992347416723,7.10105110348544e-05
0,0,0.000193873560054986,0,5.13590624725828e-05,0,0,0,0,0,3.45198338456894e-05,0,0,0,0,0,0.000585230047559923,0.000113456851204997,0.00780830720540824,0,0,0,0,0,0,0,0,0,0,0,0.000896583023881478,0,0,0,1.11025349684339e-05,0,0.00238938726347267,0,0.000142687935573723,0,0.0131351699785871,0.000137520673461182,0.00418588432358287,0,8.64850565460104e-05,8.22061374387015e-05,0,0.00056332668266818,0.00368114482350241,7.66131670098635e-06,0.000294349153605105,0,0,0,0,0,0.00279170120893972,0,1.33963956168862e-05,0,3.56812262979789e-05,0,0,0.0142168542294672,0,5.75539564276212e-06,0,0,0,0,0,7.94882334136946e-05,0,0.00912268067070571,0,0,0,1.24452992438708e-05,4.72310114115586e-05,0.0155548430644059,2.50109727486609e-05,0.00665978201871546,0.000307426290998158,2.04697827806187e-06,0.0128573302700926,0,0.000603606194259369
0,0.000165736234071487,4.22407168772295e-05,0.000772136527007918,0.000268739436255945,0.000148845596508147,0,0,0,0,0,0,0,0,0,0,0,3.98571643816679e-06,0.000159118704277062,0,0,3.99544054754223e-06,0,0,0,0,0,0,0,0,0,0.0937009578521207,0.145904565996967,0.232044381265817,0.0914219901787801,9.04435041921971e-05,0.000376050027001015,0.0133198676136051,0.00691358952975839,0.000540432262832656,0.00121634258166391,0.0029616921058394,0.00503582996230167,0,0,0.000374554370327173,0.00056332668266818,0,0.110362435148072,0.0828977674313426,7.6711631853665e-05,0,0,0,2.92514539527691e-05,0.000124677283324247,7.11357987223031e-05,0,8.85728971519511e-06,0,0,1.32362193719588e-05,8.42071904359819e-06,0.00013558730991239,8.78663484166382e-06,0,0,0,0,0,9.9484399716427e-05,0,1.69804474907856e-05,0.000146837692594179,0.257913671491569,0.699740973014116,0.230575185548076,0.198801107049975,0.032029641742432,0.00756182627603134,0.00145663439099712,0.000225499246265645,0.0018784301955736,1.05334797315315e-06,0.0305217686684474,0.00100993489131648,5.82680843506906e-05
0.0369542025562036,0,0.0185600946324332,0,0.00347565683872676,0,0,0,0.0019736768199817,0,0,0,0,0,0,0,7.61174464125808e-05,0,0.000174789312564335,0,0.000227625783841037,0,0.00125843160360213,0,0.00462493327454269,0,0,0,0,0,0.00031514118455796,0,0,0,0.013927792393064,2.76487418152544e-05,0.000407821105170477,7.63169955810445e-06,0.00201946070368423,0,0.0226087107388373,6.5338069009907e-05,0.0313145927060299,0,1.52301639990745e-05,0,0.00368114482350241,0.110362435148072,0,0.00234526472000797,0.00110653819010694,0,0,0,0.00211127073314872,0,0.00257977283217781,0,0.000417356488194372,0,0.0122425612325596,0,0,0.00109656239842829,0,0.0100363180226545,0,0.000264287528503666,0,0.0187160303639522,0,0.00566857837810358,0,0.00610465656471917,0,0,0,0.0113504349210553,0,0.00880208812284866,0,0.0181948906779542,0.000970980632089417,4.61023204331411e-06,0.0477387195408546,0,0.000652969601661033
0,0.0154211277172865,0,0.0241600098180139,0.000191568815052586,0.00135821343731681,0,0,0,0.00323576642322952,0,0,0,0,0,0,6.55138278452961e-05,0.000263355063924555,0.00209639322696488,0,0,0.000939713562700833,0,0.00350555390867884,0,0,0,0,0,0,0,0.000546564338841947,0.000508459106398023,0.00191910254459256,0,5.94349710762706e-05,4.72227853540353e-05,0.00158444766828708,0,0.0196529302512833,0,0.0383335971533579,0,0,0,0.00964902635250218,7.66131670098635e-06,0.0828977674313426,0.00234526472000797,0,3.74155216232898e-05,0.000284644404483997,0,0,0.000397601507077332,0.00219028051390068,1.45561080016898e-05,0.0219865303039754,0,0.00425527475063022,0,0.00150391236670934,0.00160960021647906,0,8.49860652908684e-05,0,0.0108149807324582,0,0.000787750698656969,0,0.00699072789166638,0,0.0106236405033856,1.69833475865445e-05,5.11040654968737e-05,0.000332398864595872,0.00300906518470498,5.14529173559633e-05,0.00359392361276957,0,0.00776095612811066,2.76481012662631e-06,0.00044364848981087,3.12441227661212e-06,0.076603663636706,0.0176887151460397,0.000140934170700242
0,0,0.00237697684830042,0,0.224510004954225,0,0.00775760980544704,0,0,0,0,0,0,0,0,0,0,0,1.38418658409295e-05,0,0.000226446408983045,0,0,0,0,0,0,0,0,0,0,0,0,0,0.00012536444365005,0,0,0,0,0,0.000536381656187361,3.41291176436296e-05,0.00120685563529122,0,0,0,0.000294349153605105,7.6711631853665e-05,0.00110653819010694,3.74155216232898e-05,0,0,0.0214567534507446,0,0.000429050528967046,0,0.00798597597631161,0,9.49525636985355e-05,0,0,0,0,0.00463124852075337,0,0,0,0,0,0,0,0.000151901480609527,0,0.00054613119797245,0,0,0,0,7.84534785465191e-06,1.27471489172044e-05,0,0,0.000400146857512473,0,0.0118961226490971,0,0
0,0,0,0.0714335280344405,0,0.100797796175546,0,0.0343875081928678,0,0.000798362259399594,0,0,0,0,0,0,0,0,0,0,0,2.75023330284906e-06,0,0,0,0,0,0,0,0,0,0,0,0,0,1.03968079810881e-05,0,0,0,0,0,0.000162704833105558,0,0,0,0,0,0,0,0.000284644404483997,0,0,0,0.0360026863119285,0,0.0231758204103273,0,0.0383851632604026,0,0.00761806531650862,0,0.0456610521862507,0.000159125145726806,0,0,0,0,0,0,0,0,0,0,0,0,0,0,0,0,0,0,0,5.5409376269021e-06,0,0.00632920730435026,0,0
0,0,0,0,0.0325610638920238,0,0.225408429401478,0,0,0,0.00137345585144889,0,0,0,0,0,0,0,0,0,0,0,0,0,0,0,0,0,0,0,0,0,0,0,0,0,0,0,0,0,0,0,0,0,0,0,0,0,0,0,0.0214567534507446,0,0,0,0,0,0.000784781605991334,0,0,0,0,0,0,0,0,0,0,0,0,0,0,0,0,0,0,0,0,0,0,0,0,0,0.00164116538338838,0,0,0,0
0,0,0,0,0,0.0226035148124858,0,0.20172576272226,0,0,0,4.34115208918229e-05,0,0.00774258906189491,0,0,0,0,0,0,0,0,0,0,0,0,0,0,0,0,0,0,0,0,0,0.000189025910863958,0,0,0,0,0,0,0,0,0,0,0,0,0,0,0,0.0360026863119285,0,0,0,0,0,0.0165987965827672,0,0.0191355614706176,0,0,0.00256125628184646,0,0,0,0,0,0,0,0,0,0,0,0,0,0,0,0,0,0,0,0.000448719982819835,0,0,0,0
0.0100743659712285,0,0.0122941192803773,0,0.0119528934725513,0,0,0,0.0582888813917449,0,0,0,0,0,0.024623199560027,0,0.00276713100177384,0.00355449185599717,0.000871112217994529,0,2.04010209598669e-05,3.99382655997074e-05,5.20287151930769e-05,4.76558107860995e-05,0.000646164403610808,0.000210468854126844,0.000691685558784156,0,0,0,0,0,0,0,0,0,0,0,4.9400310675391e-05,0,0.000485642801497377,5.15346140451999e-05,0.00138340071913298,0,0,2.69124037660575e-05,0,2.92514539527691e-05,0.00211127073314872,0.000397601507077332,0.000429050528967046,0,0,0,0,0,0.000215370513034689,0,0,0,0.0103845568001004,0,0,0.000387745677900961,0,0,0,0.0107470336733299,0,5.19763322871347e-05,0,0,0,0.00156024689443989,0,0,0,0,8.91547648588621e-06,8.0600838615995e-06,5.15315877727381e-05,0.00109572558838261,0.000567676246992298,0,0.00265268013973521,0,3.32388271111544e-05
0,0.0391087432929691,0,0.00938450353482613,0,0.0853844747976197,0,0,0,0.190027671773695,0,0,0,0,0,0.00374631702252737,0,2.53769074011233e-05,0,0,0,0,0,0.00454633420009878,0,0,0,0,0,0,0,0,0,0,0,0,0,0.000317891821302637,0,0,0,0.000116676788468297,0,0,0,0,0,0.000124677283324247,0,0.00219028051390068,0,0.0231758204103273,0,0,0,0,0,6.47899907966118e-05,0,0.000709780828326088,0,0.071025569721067,0,0,0,0,0.0137744686764185,0,0,0,1.48024069733165e-05,0,0.000483644158711361,0,0,0,0,0,0,0,2.59036178069986e-05,0,0.000126501664792709,0,0.00422967425106241,0,0
0,0,0.00703338713604313,4.8608920458638e-05,0.000272479337405638,0,0.0089992247169115,0,0.000117218851828631,0,0.0251309780694593,0,0.000105232786880564,0,0,0,7.74069593877107e-05,3.235602457074e-05,0.00103506730097393,0,0.00795295762741562,0,0,0,0,0,0,0,1.42171172952853e-05,0,0.00537222002957625,0,0,0,3.93609198187988e-05,0,5.47240777134195e-05,0,0.000380303220895654,0,0.00140306675379293,0.000126651239150522,0.0163646975596135,0,0,0.000282967390577612,0.00279170120893972,7.11357987223031e-05,0.00257977283217781,1.45561080016898e-05,0.00798597597631161,0,0.000784781605991334,0,0.000215370513034689,0,0,0,0.00416535308895032,0,0.00416941948668456,0,0,0.0492554587339589,0,0.000402253512569126,0,0,0,0,0,0.0353749460790132,0,0.0545784811626275,0,0,0,1.92891509854492e-05,1.40307112948924e-05,8.80645047979801e-05,3.10924615789604e-05,0.00313887431409072,0.000176354255209599,0,0.022125247440275,0,0.00273711792552113
0,0,0,0.000369726275542874,0,0.0173417482441841,0,0.0114512089474012,0,0,0,0.0447303850785048,0,0.00706202902934435,0,0,0,0,0,0.00471310402317749,0,0.000404617110903524,0,0.00256131693214044,0,0,0,0,0,0,0,0,0,0,0,8.53832716133908e-07,0,0.00112764327591143,0,2.98851884706902e-05,0,0.000358760660457985,0,0,0,0.000300231734418183,0,0,0,0.0219865303039754,0,0.0383851632604026,0,0.0165987965827672,0,6.47899907966118e-05,0,0,0,0.00768723599341224,0,0.000266639361607334,0.0260010296346092,0,3.35705371770837e-05,0,0.00034002039975019,0,0.000899328804848739,0,0.0160690546939412,0,0.0134415742415532,0,0,0,0,0,4.02209483827878e-06,0,0.000846403593834161,0,2.98981123804045e-05,0,0.0124837494326964,3.68829971499106e-05,0
0,0,0.00276221656226761,0,0,0,0,0,0,0,0,0,0.00018327366553296,0,0,0,0,0,0,0,0,0,0,0,0,0,0,0,0,0,0,0,0,0,0,0,0,0,0,0,3.79769089948979e-05,0,8.58730600443382e-05,0,0,0,1.33963956168862e-05,8.85728971519511e-06,0.000417356488194372,0,9.49525636985355e-05,0,0,0,0,0,0.00416535308895032,0,0,0,0.00234571969169265,0,0,0,0,0,0,0,0,0,0,0.000278882911203346,0,4.43378559819199e-05,0,0,0,0,0,0,7.55680984044273e-06,0,1.03713671978088e-05,0,0.00185341708908007,0,0
0,0,0,0.000117414310601931,0,0.00201866555815813,0,0.0110947520166561,0,0,0,2.90762239161853e-05,0,0.00753366857203214,0,0,0,0,0,0,0,0,0,1.45889284900828e-05,0,0,0,0,0,0,0,0,0,0,0,0,0,0,0,0,0,0,0,0,0,0,0,0,0,0.00425527475063022,0,0.00761806531650862,0,0.0191355614706176,0,0.000709780828326088,0,0.00768723599341224,0,0,0,0.00214048988244051,0,0,0,0,0,0,0.00175595067978499,0,0.000743005568182542,0,0,0,0,0,0,0,0,0,0,0,0.000510424482304307,0,0.000239436021567387,0,0
0.000784857445108554,0,0.0155002662556804,0,0,0,0,0,0.00208693915505945,0,0,0,0,0,0.0016587700490785,0,0.00345750449652886,0.00123674109975123,0.000147333014908004,0,0,2.24918634145785e-05,0.000188683760746501,0,6.91820948591068e-05,3.94064197459655e-05,0.00299600390014941,0,0,0,0,0,0,0,0,0,0,0,0,0,0,7.2257167818128e-05,0.000116767835005064,0,0,0,3.56812262979789e-05,0,0.0122425612325596,0,0,0,0,0,0.0103845568001004,0,0.00416941948668456,0,0.00234571969169265,0,0,0,0,0,0,8.38927409155103e-06,0,0,0,0.000288586656960226,0,0,0,0,0,0,0,0,0,0,0,5.42808443963029e-06,0.000156751267741092,0,0.00120041712127226,0,0
0,0.0128268381508042,0,0.000759626038618485,0,0.0141997249272973,0,0,0,0.00324974258904024,0,0,0,0,0,0,0,0,0,0,0,0,0,5.54673215581798e-05,0,0,0,0,0,0,0,0,0,0,0,0,0,0,0,0,0,0,0,0,0,0,0,1.32362193719588e-05,0,0.00150391236670934,0,0.0456610521862507,0,0,0,0.071025569721067,0,0.000266639361607334,0,0.00214048988244051,0,0,0,0,0,0,5.30375244678924e-05,0,0.00379351642201693,0,0.000436674188016868,0,0,0,0,0,0,0,0,0,0,0,2.97670399835085e-06,0,8.51358548662104e-05,0,0
0,0,0,0.00103139515118664,0,0.000370690151767153,0,8.14083773791285e-05,0,0,0,0.00355646941172824,0,0,0,0,6.01298518492001e-05,0.000272745458994758,0.00396047824619753,0.0432260000463877,0,0.000313534881001191,0,0.000126032870297473,0,0,0,0,0,0,9.38010358788807e-06,0,0,0,0,0.00718086783983675,0,0.000131332478706129,0,0.00909488150914342,0,0.0156215034879685,5.54196042607491e-05,0.000639543211290859,0,0.0532641178281289,0,8.42071904359819e-06,0,0.00160960021647906,0,0.000159125145726806,0,0.00256125628184646,0,0,0,0.0260010296346092,0,0,0,0,0,0,0.000128986149935733,0,0,0,0,0,0.00144603269029626,0,0.0144810747030413,0,0,0,0,0,0.0184909297233059,1.00966055859169e-05,0.036736987228694,1.96143034698285e-05,0.0005272753504651,3.20809623510012e-06,0.0194738652816827,0.000223369089129433,0
0,0,0.000445041551336492,0,0.0221585541499052,0,0.00038378182804468,0,0.000373788491073221,0,0.00143837761651394,0,0,0,0,0,6.81795258152321e-05,4.80276210233217e-05,0.00140224248024902,0,0.0156478929437823,0,0,0,0,0,0,0,0,0,0.00598068213355982,0,0,0,7.08059730750518e-06,0,0.00240465957799387,0,0.000736177296565293,0,0.0132343671495362,0.00011162259471113,0.0133912350182881,0,0,7.65196574721263e-06,0.0142168542294672,0.00013558730991239,0.00109656239842829,0,0.00463124852075337,0,0,0,0.000387745677900961,0,0.0492554587339589,0,0,0,0,0,0,0,0,3.15335546821351e-05,0,0,0,0,0,0.00164285555447928,0,0.0287436962660636,0,0,0,0,0,0.0258103554479228,2.60783962799163e-06,0.0196903827100875,0.00100127879951819,7.19083168673335e-07,0.0204628046841423,0,0.000817186642771144
