0,0,78.5446378588676,0,0,0,0,0,285.163162440062,0,0,0,0,0,1.37488293647766,0,0,0,6.85332387685776,0,0.134174883365631,0,0,0,0,0,0,0,0,0,0,0,0,0,0,0,0,0,2.04102581739426,0,0,2.2455070912838,41.1175210177898,0,0,0,22.9629448205233,0.973863482475281,423.69447734952,0,0,0,0,0,123.632967114449,0,3.50765590369701,0,0,0,0.552405297756195,0,0,27.6416770592332,0,0,0,0,0,0,0,0.522496253252029,0,16.7614470273256,0,0,0,0,0.993399858474731,37.2634945735335,0,1.86946123838425,222.702883049846,0,530.05375097692,0.157440140843391,0
0,0,0,130.872132658958,0,0,0,0,0,209.483951628208,0,0,0,0,0,0,0,1.66013449430466,49.7883216440678,0,0,0,0,0,0,0.321899622678757,0,0,0,0,0,0,0,0,0,0.615176007151604,0,0,0.864725440740585,2.23625406622887,0,157.876874402165,0,0,0,16.5253932327032,0.214605078101158,0.916796699166298,0,442.43930414319,0,0,0,0,0.344147145748138,33.1604755818844,0,0,0,0,0,56.5347482860088,0,0,0,0,0,0.168637454509735,0,0,0,0,0,0,0,0,0,0,10.4049990177155,0,0,0,130.630825594068,0,64.1575409770012,0,0
78.5446378588676,0,0,0,0,0,0,0,15.1985001266003,0,0,0,0,0,1.9160749912262,0,0,0,0,0,30.4514748752117,0,0,0,0,0,0,0,0,0,0,0,0,0,0,0,0.156852021813393,0,0.813313946127892,0,0.13934600353241,0.570081293582916,14.996538117528,0,0,0,0.866035848855972,0,74.9282038062811,0,3.30661988258362,0,0,0,24.8947325050831,0,0.604253649711609,0,0,0,1.40249037742615,0,0,3.16105291247368,0,0,0,0,0,0,0,0,0,6.29323856532574,0,0,0,0,0,0.600257948040962,0,0,44.0221600532532,0.708670258522034,90.1516746580601,0,0
0,130.872132658958,0,0,0,12.7382689118385,0,0,0,177.669504016638,0,11.7697197049856,0,0,0,0,0,0.323426246643066,3.35398112237453,8.88817062973976,0,0,0,0,0,0,0,0,0,4.12112939357758,0,0,0,0,0,1.96185481548309,0,0,0,1.68192192167044,0,66.0570427402854,0,0.522138655185699,0,7.08549953252077,0,1.05414964258671,0,144.652774944901,0,35.2285816967487,0,0,0,224.752742111683,0,88.9599488526583,0,31.9137335419655,0,26.576524078846,8.91029836237431,0,0,0,0,0,0,0,0,0,9.26107600331306,0,0,0,0,0,5.82194218039513,0,6.88938241451979,0,167.470472089946,0,311.221035376191,3.64636691659689,0
0,0,0,0,0,0,0,0,11.8192921578884,0,0,0,0,0,10.8072185218334,0,0,0,0,0,1.82441622018814,0,0,0,0,0,0,0,0,0,0,0,0,0,0,0,4.69168996810913,0,0,0,0,0,0,0,0,0,0,0,0,0,66.3212783336639,0,0,0,7.34433555603027,0,0,0,0,0,1.83523792028427,0,0,0.998007476329803,0,0,0,0,0,0,0,0,0,0,0,0,0,0,0,0,0,0,70.6093083620071,8.31161910295486,0,0,0
0,0,0,12.7382689118385,0,0,0,0,0,59.3917959332466,0,0,0,0,0,2.73011541366577,0,0,0.109930120408535,124.726800948381,0,0,0,0,0,0,0,0,0,1.47655844688416,0,0,0,0,0,169.23487970233,1.79020869731903,0,0,0,0,12.3305719941854,0,0,0,11.1387674808502,0,2.28438675403595,1.00885415077209,15.1859071552753,0,416.46127229929,0,0,0,2.57304573059082,0,16.7617869824171,0,47.1857724785805,0,4.58040773868561,110.124842882156,0,0,0,0,0,0,0,0,0,1.24203047156334,0,0,0,0,0,307.032211691141,0,2.29704214632511,0,997.767400830984,1.33308339118958,250.895436808467,0,0
0,0,0,0,0,0,0,0,0,0,0,0,0,0,0,0,0,0,0,0,0,0,0,0,0,0,0,0,0,0,0,0,0,0,0,0,0,0,0,0,0,0,0,0,0,0,0,0,0,0,0,0,72.6584825515747,0,0,0,0,0,4.34792757034302,0,0,0,0,0,0,0,0,0,0,0,0,0,0,0,0,0,0,0,0,0,0,0,181.854821205139,0,0,0,0
0,0,0,0,0,0,0,0,0,0,0,5.18667411804199,0,0,0,0,0,0,0,11.175112247467,0,0,0,0,0,0,0,0,0,0,0,0,0,0,0,0,0,0,0,0,0,0,0,0,0,0,0,0,0,0,0,0,0,50.1314167976379,0,0,0,0,0,0,0,0,0,0,0,0,0,0,0,0,0,0,0,0,0,0,0,0,0,0,0,0,125.699317932129,0,0,0,0
285.163162440062,0,15.1985001266003,0,11.8192921578884,0,0,0,0,0,0,0,0,0,216.583365052938,0,1.37025958299637,0,0.183295533061028,0,0,0,0,0,61.4051484465599,0,65.0522522926331,0,0,0,0,0,0,0,0.892023891210556,0,0.775255307555199,0,24.236098408699,0,0.798713326454163,3.57188598811626,3.21764108538628,0,0,0,1.87576967477798,0,6.95210246741772,1.27707290649414,0,0,0,0,486.109580695629,0,0.344994753599167,0,0,0,25.2428852319717,0,0,0,0,0,0,110.893346250057,0,17.5966582298279,0,0,0,4.98027816414833,0,0,0,0,0,2.10140445828438,0,4.09079164266586,1095.78033973277,31.2149913311005,108.910912007093,0,0
0,209.483951628208,0,177.669504016638,0,59.3917959332466,0,0,0,0,0,0,0,0,0,80.5446110069752,4.92476406693459,95.7874240428209,6.3577438890934,0,0,3.20592260360718,0,90.2037881612778,0,7.38203182816505,0,0,0,0.727026879787445,0,0,0,0.325056433677673,0,0,0,77.1016986966133,0,0,2.13898611068726,89.3553954511881,0,0,0,0,0,0,0,24.2171043306589,0,0,0,0,0,959.150693923235,0,10.5239529162645,0,0,0,19.3873835504055,0.265195548534393,0,0.852213680744171,0,9.6125857681036,0,9.79197216033936,0,0,0,0.868769779801369,0,0,0,0,0,0.560492888092995,0,9.17868790030479,0,1161.02817358077,0.522203266620636,445.263293802738,0.698272943496704,0
0,0,0,0,0,0,0,0,0,0,0,0,76.2237363755703,0,0,0,0,0,0,0,90.0993620157242,0,0,0,0,0,0,0,0,0,11.1024472415447,0,0,0,0,0,195.066295206547,0,431.212162792683,0,0,0,0,0,0,0,0,0,0,0,0,0,0,0,0,0,699.25508851558,0,74.1376290023327,0,0,0,0,0,0,0,0,0,0,0,0,0,0,151.658122710884,0,0,0,0,0,2.55054888129234,0,11.5034883320332,204.981374084949,0,1.13290274143219,0,0
0,0,0,11.7697197049856,0,0,0,5.18667411804199,0,0,0,0,0,85.7577600479126,0,0,0.383202239871025,7.64516118168831,29.1274039074779,95.3631535768509,0,0,0,0,0,0,0,0,0,21.3420698791742,0,0,0,0,0,9.05586037039757,0,140.386138707399,0,2.63245145976543,0,95.2070656195283,0,3.19586351513863,0,96.3412782400846,0,0,0.416372150182724,2.90872029960155,0,0.862799406051636,0,0,0,3.84731727838516,0,1306.05971515179,0,0.235539332032204,0,0.994467467069626,244.634498804808,0,0,0,0,0,0,0,26.5310714244843,0,72.9450706094503,0,0,0,0,0,6.99921542406082,0.273204475641251,27.1600779294968,0,423.328404664993,0,139.800856336951,46.6113176196814,0
0,0,0,0,0,0,0,0,0,0,76.2237363755703,0,0,0,3.66400361061096,0,0,0,0,0,0,0,0,0,0,0,0,0,0,0,0,0,0,0,0,0,0,0,0,0,0,0,0,0,0,0,0,0,0,0,0,0,0,0,0,0,75.3555066883564,0,478.147068828344,0,0,0,0,0,0,0,0,0,0,0,0,0,0,0,0,0,0,0,0,0,0,0,26.6527641415596,0,0,0,0
0,0,0,0,0,0,0,0,0,0,0,85.7577600479126,0,0,0,0,0,87.899112612009,0,0,0,0,0,0,0,25.6800593137741,0,22.4789868891239,0,0,0,0,0,0,0,0,0,0,0,0,0,0,0,0,0,0,0,0,0,0,0,0.66878217458725,0,0,0,0,0,22.8252735137939,0,340.876442074776,0,1.00551164150238,0,0,0,0,0,0,0,0,69.4856650829315,0,0,0,0,0,0,0,0,0,0,0,77.4750776588917,17.1397047936916,0,0,0
1.37488293647766,0,1.9160749912262,0,10.8072185218334,0,0,0,216.583365052938,0,0,0,3.66400361061096,0,0,0,0,0,0,0,0,0,0,0,0,0,0,0,0,0,0,0,0,0,0,0,0,0,0,0,1.50762474536896,0,0.433773696422577,0,0,0,0,0,5.22209385037422,0,0,0,0,0,0.322439253330231,0,0.277492076158524,0,0,0,359.598596632481,0,0,0.378217622637749,0,0,0,0,0,0,0,0,0,4.43715491890907,0,0,0,0,0,0.204375594854355,0,0,16.9832802414894,0,17.7894250452518,0,0
0,0,0,0,0,2.73011541366577,0,0,0,80.5446110069752,0,0,0,0,0,0,13.0246365666389,372.809687793255,1.03541693091393,1.06138551235199,0,21.2237582802773,0,65.6346945017576,0,197.591567724943,0,2.24093955755234,0,0,0,0,0,0,0,0,0,0,0,0,0,0,0,0,0,0,0,0,0,0,0,5.9371489584446,0,0,0,25.5637537837029,0,0,0,66.0053891390562,0,186.153760582209,0,0,7.01173344254494,0,14.3645546734333,0,90.4710669368505,0,0,0,0,0,0,0,0,0,0,0,0,0,248.291431427002,41.5037485659122,0,0,0
0,0,0,0,0,0,0,0,1.37025958299637,4.92476406693459,0,0.383202239871025,0,0,0,13.0246365666389,0,11100.3713742718,3763.84569710493,3.94324621558189,1.40804986655712,202.64661540091,311.780167102814,203.123064696789,94.6557404994965,190.072754278779,309.638227969408,1.61030593514442,0,1.20074927806854,0,0,0,0,0,8.69942309707403,2.31702657043934,0.862895727157593,0.285457566380501,37.4481800720096,19.2279034033418,24.4962237775326,45.2868746891618,0,0,2.91604948788881,16.41810131073,0.138045132160187,2.32483491301537,6.72966954857111,0,0,0,0,0,6.0676600933075,0,0.923953101038933,0,0,0,4.14551217108965,0.694347262382507,22.7577961310744,55.5893199145794,0,23.0925646722317,0,81.3319616764784,5.5253244638443,0,0,0,2.02377615869045,0,0,0,0,45.4831032305956,101.738477095962,13.147826358676,16.404441319406,11475.0234443843,315.850074484944,72.9810314998031,9.64944859594107,5.88404113799334
0,1.66013449430466,0,0.323426246643066,0,0,0,0,0,95.7874240428209,0,7.64516118168831,0,87.899112612009,0,372.809687793255,11100.3713742718,0,3075.23028315604,12.2225207984447,2.72821678221226,1410.06378288567,8.5797501206398,1333.61268438399,0,4718.38820923865,0,754.006602242589,0,0,0,0,0,0,0,24.299727678299,0.662376940250397,5.74785534292459,0,139.6581902951,20.8804319351912,120.860022000968,9.24490509927273,5.91632995009422,0,23.9300046488643,19.9531145244837,0.0955828502774239,0,23.0312743857503,0,0,0,0,0,9.37704123556614,0,22.0962334945798,0,0,0,163.944889083505,4.00284246355295,14.9878190755844,191.870048075914,0,269.622171282768,0,2219.09200404584,0,7.02592900395393,0,0.29141429066658,0.872770190238953,0,0,0,0,192.205857820809,54.0456159487367,69.8915491327643,9.85997298359871,14427.0188977271,1155.60055406392,119.766828916967,35.098630733788,2.05408446490765
6.85332387685776,49.7883216440678,0,3.35398112237453,0,0.109930120408535,0,0,0.183295533061028,6.3577438890934,0,29.1274039074779,0,0,0,1.03541693091393,3763.84569710493,3075.23028315604,0,66.6955169141293,85.0923495143652,46.0770453512669,0.504960715770721,51.5533836781979,0,64.1190630197525,0,0,0,1.31472408771515,0,0,0,0,0,240.148047626019,27.7510312870145,15.7773443758488,5.82023353129625,1091.03598153591,250.810541570187,447.236177749932,613.009801223874,90.8129513189197,3.60524410009384,280.736456565559,622.997291222215,4.90432001650333,38.1508456766605,141.417348437011,0,0,0,0,0.265394926071167,1.7474908977747,2.12073330581188,65.5433297529817,0,0.34496408700943,0,1.00959095358849,10.8332208171487,723.839210212231,5.12899470329285,0,6.63458251953125,0,24.6293358802795,0,0,1.82001702487469,7.42225658893585,121.618993639946,0,0,0,0,2001.64836998284,1455.13057026267,355.907377615571,344.625151149929,2181.41532042623,4.38174441456795,1749.63786278665,148.604193501174,73.243048414588
0,0,0,8.88817062973976,0,124.726800948381,0,11.175112247467,0,0,0,95.3631535768509,0,0,0,1.06138551235199,3.94324621558189,12.2225207984447,66.6955169141293,0,0,0.627307832241058,0,0,0,0,0,0,0,0.725687891244888,0,0,0,0,0,500.485793784261,0.249388486146927,210.940098196268,0,9.87089976668358,0.214644342660904,46.0055008381605,0,13.7578291893005,0,359.149943426251,0.142592400312424,0,0.157854631543159,3.41315802186728,0,4.13131868839264,0,0,0,2.05355048179626,0,100.471127837896,0,0.84685081243515,0,1.61602678894997,1233.58366781473,0.172748848795891,0,0,0,0,0,0,0,0,20.8856675028801,0,0,0,0,0,495.030356809497,0,80.7230601459742,0,434.51832728833,0,238.936275504529,46.6924486905336,0
0.134174883365631,0,30.4514748752117,0,1.82441622018814,0,0,0,0,0,90.0993620157242,0,0,0,0,0,1.40804986655712,2.72821678221226,85.0923495143652,0,0,0,0,0,0,0,0,0,0,0,0,0,0,0,0,0.364605247974396,1004.26934654266,0,487.268436700106,3.47645673155785,1.07577097415924,0,61.1794416457415,0,0,1.48916673660278,112.122953981161,0,10.6390592902899,0,4.92544317245483,0,0,0,1.54865491390228,0,644.845038115978,0,0,0,0.403415232896805,0,0,4064.38538412005,0,0,0,0,0,0,0,0,0,3.44118344783783,0,0,0,0,2.12324345111847,554.887158833444,0.155913889408112,213.567833513021,372.238201491535,2.94489127397537,382.121628455818,0,1.82502327859402
0,0,0,0,0,0,0,0,0,3.20592260360718,0,0,0,0,0,21.2237582802773,202.64661540091,1410.06378288567,46.0770453512669,0.627307832241058,0,0,753.153805270791,277.489574491978,0,678.566393792629,0,113.027267888188,0,0.40811750292778,0,0,0,0,0,0,0,547.041403353214,0,0.533069401979446,1.08360180258751,1.04421032965183,0,0,0,0,1.26343441009521,0,0,27.6686707511544,0,0,0,0,0,0,0,0,0,0,0,31.2538540661335,0,0,4945.00643517077,183.159666597843,83.3758834600449,0,191.690635800362,0,45.9855047762394,0,2.95663943886757,0,0,0,0,0,0.909714236855507,0.104219734668732,631.615655511618,0,1070.24772022665,27.3319907188416,0.37907013297081,0.143942683935165,0
0,0,0,0,0,0,0,0,0,0,0,0,0,0,0,0,311.780167102814,8.5797501206398,0.504960715770721,0,0,753.153805270791,0,0,304.318831190467,0,12.54507791996,0,67.2792538404465,0,0,0,0,0,0,0,0,0,214.782038033009,0,0,0,0,0,0,0,0,0.411784768104553,263.886411428452,0,0,0,0,0,0,0,0,0,0,0,0,0,0,0,17.2512588799,6633.64834681153,0,57.6686109155416,0,0,0,10.1730876266956,0,0,0,0,0,0,0,0,0,258.214893504977,2514.49989563227,475.11109405756,0,0,0
0,0,0,0,0,0,0,0,0,90.2037881612778,0,0,0,0,0,65.6346945017576,203.123064696789,1333.61268438399,51.5533836781979,0,0,277.489574491978,0,0,0,379.950474798679,0,3.00256955623627,0,0,0,0,0,0,0,0,0,200.616934597492,0,0.666014224290848,0,1.46268244087696,0,0.300075858831406,0,0,0,0,0,5.2880836725235,0,0,0,0,0,3.64668276906013,0,0,0,0,0,47.7907612025738,0,0,51.6678967773914,0,229.475618988276,0,282.687146097422,0,0,0,0,0,0,0,0,0,1.20492339134216,0,5.66380706429482,0,925.566602617502,7.65242689847946,42.181161031127,0.578714326024055,0
0,0,0,0,0,0,0,0,61.4051484465599,0,0,0,0,0,0,0,94.6557404994965,0,0,0,0,0,304.318831190467,0,0,0,52.0179750323296,0,0,0,0,0,0,0,0,0,0,0,335.313985332847,0,0,0,0,0,0,0,0,0,0,0,0,0,0,0,35.9154764413834,0,0,0,0,0,0,0,0,0,0,48.6498483419418,0,314.618383869529,0,1,0,0,0,0,0,0,0,0,0,0,0,46.2068035155535,367.50460550189,0,0,0,0
0,0.321899622678757,0,0,0,0,0,0,0,7.38203182816505,0,0,0,25.6800593137741,0,197.591567724943,190.072754278779,4718.38820923865,64.1190630197525,0,0,678.566393792629,0,379.950474798679,0,0,0,93.5032144784927,0,0,0,0,0,0,0,0,0,0,0,1.38907566666603,0.656234204769135,1.91388538479805,0,0,0,1.08547133207321,0,0,0,6.68164157867432,0,0,0,0,0,2.16293932497501,0,0,0,0,0,78.7847364842892,0,0,214.606929063797,0,377.082290500402,0,1738.7439878583,0,7.48878699541092,0,0,0,0,0,0,0,1.07559643685818,0,1.30750581622124,0,2039.48023124039,230.150552228093,0.7606380879879,0.164473801851273,0
0,0,0,0,0,0,0,0,65.0522522926331,0,0,0,0,0,0,0,309.638227969408,0,0,0,0,0,12.54507791996,0,52.0179750323296,0,0,0,0,0,0,0,0,0,0,0,0,0,0,0,0,0,0,0,0,0,0,0,0,0,0,0,0,0,0,0,0,0,0,0,0.820307552814484,0,0,0,0,56.6952478289604,0,44.6171232461929,0,229.966075062752,0,3.56232571601868,0,0,0,0,0,0,0,0,0,0,132.37232491374,0,0,0,0
0,0,0,0,0,0,0,0,0,0,0,0,0,22.4789868891239,0,2.24093955755234,1.61030593514442,754.006602242589,0,0,0,113.027267888188,0,3.00256955623627,0,93.5032144784927,0,0,0,22.4375145435333,0,0,0,0,0,0,0,37.2436092197895,0,0,0,0.14446234703064,0,0,0,0,0,0,0,0,0,0,0,0,0,0,0,2.00604367256165,0,25.7204349040985,0,5.56480926275253,0,0,188.107203543186,0,0,0,32.774981379509,0,1181.25447434187,0,48.3074112534523,0,0,0,0,0,0,0,59.4776960164309,0,685.656072437763,118.109403967857,0.0980453863739967,0,0
0,0,0,0,0,0,0,0,0,0,0,0,0,0,0,0,0,0,0,0,0,0,67.2792538404465,0,0,0,0,0,0,0,14.9834666252136,0,0,0,0,0,0,0,16.2304153442383,0,0,0,0,0,0,0,0,0,0,0,0,0,0,0,0,0,0,0,0,0,0,0,0,0,0,214.950038909912,0,0,0,1.31349313259125,0,701.012531667948,0,15.447403550148,0,0,0,0,0,0,0,0,88.9293611049652,0,0,0,0
0,0,0,4.12112939357758,0,1.47655844688416,0,0,0,0.727026879787445,0,21.3420698791742,0,0,0,0,1.20074927806854,0,1.31472408771515,0.725687891244888,0,0.40811750292778,0,0,0,0,0,22.4375145435333,0,0,0,0,0,0,0,0,0,246.809886157513,0,0,0,8.50885885953903,0,0,0,9.48151060938835,0,0,0,0,0,0,0,0,0,0,0,128.781921178102,0,2.26902639865875,0,0,1.33982810378075,0,0.731455594301224,0,0,0,0,0,151.498328328133,0,175.598461270332,0,0,0,0,0,0,0,21.0226142704487,0,127.845755010843,0,11.7872504889965,6.20340418815613,0
0,0,0,0,0,0,0,0,0,0,11.1024472415447,0,0,0,0,0,0,0,0,0,0,0,0,0,0,0,0,0,14.9834666252136,0,0,0,0,0,0,0,0,0,169.458662748337,0,0,0,0,0,0,0,0,0,0,0,0,0,0,0,0,0,14.4021495953202,0,0,0,0,0,0,0,0,0,0,0,0,0,0,15.0514215230942,0,229.935593023896,0,0,0,0,0,0,0,148.076306581497,55.5590642094612,0,0,0,0
0,0,0,0,0,0,0,0,0,0,0,0,0,0,0,0,0,0,0,0,0,0,0,0,0,0,0,0,0,0,0,0,379.725628495216,90.2081197798252,0,1877.44317077845,6.06078252196312,0,0,0,2.34541010856628,0,0,0,0,0,0,3589.72200573981,26.7969733178616,0,0,0,0,0,0,0,0,0,0,0,0,0,0,0,0,0,0,0,0,0,0,0,0,0,995.331199899316,150.282175302505,23.1359893083572,0,415.275474891067,78.2078656107187,0,0,734.289100520313,0,0.651975512504578,0,0
0,0,0,0,0,0,0,0,0,0,0,0,0,0,0,0,0,0,0,0,0,0,0,0,0,0,0,0,0,0,0,379.725628495216,0,0,2.98680159449577,206.610288664699,329.68651330471,0,0,0,1.82362520694733,0,0,0,0,0,0,129.733417928219,109.169225901365,0,0,0,0,0,0,0,0,0,0,0,0,0,0,0,0,0,0,0,0,0,0,0,0,0,8.15578240156174,342.350325256586,0,6.86932802200317,1.64831876754761,211.395401164889,0,0,464.568779632449,0,0,0,0
0,0,0,0,0,0,0,0,0,0.325056433677673,0,0,0,0,0,0,0,0,0,0,0,0,0,0,0,0,0,0,0,0,0,90.2081197798252,0,0,1780.19546997547,445.667345903814,0.173483371734619,86.3809450566769,22.2012758851051,0,0,0,0,0,0,0,0,3344.54252395034,2.87989720702171,24.2344980537891,0,0,0,0,0,0,0,0,0,0,0,0,0,0,0,0,0,0,0,0,0,0,0,0,125.896319717169,0,2311.85548183322,433.469150722027,120.510088831186,0,250.009801030159,0,535.767963573337,0,0,0,0
0,0,0,0,0,0,0,0,0.892023891210556,0,0,0,0,0,0,0,0,0,0,0,0,0,0,0,0,0,0,0,0,0,0,0,2.98680159449577,1780.19546997547,0,39.2351379394531,1879.67800539732,0,265.554053008556,0,0.13665996491909,0,0,0,0,0,0,6569.30750140548,35.0653251558542,8.86561620235443,0,0,0,0,12.0589139014482,0,1.34808790683746,0,0,0,0,0,0,0.248154297471046,0,0,0,0.635003164410591,0,0,0,0,0,0.13278591632843,0,1.59358605742455,385.269057154655,1790.27953568101,0,416.982244975865,0,253.396955445409,578.876609429717,14.2321444153786,2.76998293399811,0,0
0,0.615176007151604,0,1.96185481548309,0,169.23487970233,0,0,0,0,0,9.05586037039757,0,0,0,0,8.69942309707403,24.299727678299,240.148047626019,500.485793784261,0.364605247974396,0,0,0,0,0,0,0,0,0,0,1877.44317077845,206.610288664699,445.667345903814,39.2351379394531,0,1173.46510620415,1309.30753217638,0,32.1996068060398,1.96370851993561,58.5368671789765,1.59335054457188,9.18006844818592,0,377.195256300271,3.17746376991272,1790.21414443851,26.9368631243706,12.3312421217561,0,24.1942630857229,0,0,0,0.28532674908638,0,25.1199925988913,0,0.250416934490204,0,0,294.765340074897,1.32285512983799,0,0,0,0,0,0,0,0,0,0,473.00382374227,0,198.740527167916,0,22672.8668924272,347.126718245447,155.813032083213,0,5081.92409547418,393.955520361662,225.440830811858,55.4737332165241,0
0,0,0.156852021813393,0,4.69168996810913,1.79020869731903,0,0,0.775255307555199,0,195.066295206547,0,0,0,0,0,2.31702657043934,0.662376940250397,27.7510312870145,0.249388486146927,1004.26934654266,0,0,0,0,0,0,0,0,0,0,6.06078252196312,329.68651330471,0.173483371734619,1879.67800539732,1173.46510620415,0,0,1599.40510424227,0,127.642702013254,0,10.7550732418895,0,0,0.303815513849258,32.5125115662813,1.74297335743904,5.35217109322548,0,0,0.403893142938614,0,0,2.67350128293037,0,101.167894303799,0.613697588443756,0,0.365039259195328,3.92026327550411,0,0,261.675393357873,0,0,0,0,0,0,0,0,0,0.757778435945511,1.03918831050396,56.0945271849632,0,375.895378902555,17.4870127439499,19252.5432969257,0.131096348166466,1318.37114948779,6820.30563066155,1709.55560131371,278.731555908918,0,8.03953288495541
0,0,0,0,0,0,0,0,0,77.1016986966133,0,140.386138707399,0,0,0,0,0.862895727157593,5.74785534292459,15.7773443758488,210.940098196268,0,547.041403353214,0,200.616934597492,0,0,0,37.2436092197895,0,246.809886157513,0,0,0,86.3809450566769,0,1309.30753217638,0,0,196.45829308033,1.5127492249012,0,29.2233593165874,0,1.27791321277618,0,28.7843579649925,0,30.7876105010509,1.11205926537514,158.008359186351,0,0,0,0,0,91.7665882557631,0,2.61571469902992,0,0,0,0,17.2252216786146,0,255.13977201283,0,46.1204773485661,0,0,0,22.0680074095726,0,88.0882114320993,0,0,0,88.946086704731,0,417.427520990372,0,6507.29067985713,7.81507325172424,1281.47694699466,9.54831373691559,70.224696084857,21.6826384663582,0
2.04102581739426,0.864725440740585,0.813313946127892,0,0,0,0,0,24.236098408699,0,431.212162792683,0,0,0,0,0,0.285457566380501,0,5.82023353129625,0,487.268436700106,0,214.782038033009,0,335.313985332847,0,0,0,16.2304153442383,0,169.458662748337,0,0,22.2012758851051,265.554053008556,0,1599.40510424227,196.45829308033,0,0,0,19.6260503828526,4.63727711141109,0,0,0.15920652449131,5.79136158525944,811.984038829803,81.5156304687262,12.3668396323919,0,0,0,0,141.483008489013,0,11.5978892743587,0,0,0,0,0,0,263.334280669689,0,262.255403250456,0,254.224462136626,0,0,0,115.257054716349,0,33.5102581381798,0,0,0,107.047338187695,0,967.305305965245,2,11451.1017762348,1097.3234603703,23.9330363273621,48.5661064088345,1.0398962199688,1.18328313529491
0,2.23625406622887,0,1.68192192167044,0,0,0,0,0,0,0,2.63245145976543,0,0,0,0,37.4481800720096,139.6581902951,1091.03598153591,9.87089976668358,3.47645673155785,0.533069401979446,0,0.666014224290848,0,1.38907566666603,0,0,0,0,0,0,0,0,0,32.1996068060398,0,1.5127492249012,0,0,2.07667288184166,1806.85391165316,12.0831309556961,4.55930945277214,0,829.311521232128,22.8297261819243,3.19134746491909,0,638.13395512104,0,0,0,0,0,0,0,17.9930834025145,0,0.167017996311188,0,0.242364883422852,340.01569391042,27.3337657675147,0.91857373714447,0,0,0,0.584245383739471,0,0,0,0.85219544172287,0.144402459263802,0,0,0,0,741.762076891959,20.8874342814088,86.9154754132032,1.77256834506989,625.287308059633,0,815.240610904992,274.230565346777,1.15298520028591
0,0,0.13934600353241,0,0,0,0,0,0.798713326454163,2.13898611068726,0,0,0,0,1.50762474536896,0,19.2279034033418,20.8804319351912,250.810541570187,0.214644342660904,1.07577097415924,1.08360180258751,0,0,0,0.656234204769135,0,0,0,0,0,2.34541010856628,1.82362520694733,0,0.13665996491909,1.96370851993561,127.642702013254,0,0,2.07667288184166,0,0.607614934444427,405.578866414726,0,0,6.14879730343819,119.104041464627,125.15647662431,40.4146958440542,0.654010206460953,0,0,0,0,0.385668754577637,0,0,0,0,0,0,0,0,22.0297671630979,0,0,0,0,0,0,0,0.159582570195198,0,8.45143572986126,0,0,0,0,3.91153314709663,892.023407682776,0.433136209845543,25.7344283163548,199.878803044558,0,518.64289932698,0.235545665025711,164.90571808815
2.2455070912838,157.876874402165,0.570081293582916,66.0570427402854,0,12.3305719941854,0,0,3.57188598811626,89.3553954511881,0,95.2070656195283,0,0,0,0,24.4962237775326,120.860022000968,447.236177749932,46.0055008381605,0,1.04421032965183,0,1.46268244087696,0,1.91388538479805,0,0.14446234703064,0,8.50885885953903,0,0,0,0,0,58.5368671789765,0,29.2233593165874,19.6260503828526,1806.85391165316,0.607614934444427,0,78.1058605611324,0.392040625214577,0,111.278315506876,9.89473983645439,77.7457802221179,3.46151632070541,587.547265216708,0,3.56299605965614,0,0,2.77346533536911,12.3125855475664,0,1132.53429096937,0,1.5419375449419,0,0.234713904559612,386.336644753814,1.82870353758335,0,0,0.309558570384979,0.807842314243317,0,0,0,0,65.6185824126005,0,0,0,0,0,1131.13448108733,8.79497393965721,179.926928177476,0.172404408454895,826.472167283297,0.228033855557442,3370.70190175623,566.815112568438,1.57637570798397
41.1175210177898,0,14.996538117528,0,0,0,0,0,3.21764108538628,0,0,0,0,0,0.433773696422577,0,45.2868746891618,9.24490509927273,613.009801223874,0,61.1794416457415,0,0,0,0,0,0,0,0,0,0,0,0,0,0,1.59335054457188,10.7550732418895,0,4.63727711141109,12.0831309556961,405.578866414726,78.1058605611324,0,0,0,8.01504126191139,910.338513590395,0.721166729927063,454.962030887604,0.156524479389191,0,0,0,0,13.0243711322546,0,47.5250985845923,0.142180740833282,0,0,2.1355003118515,0,0,787.459906898439,0,0,0,0,0,0,0,31.2573120817542,0,630.936606861651,0,0,0,0,14.4393272846937,1296.57965537906,1.07178926467896,230.988261699677,1260.94837549329,0.175365746021271,2361.56606511772,0.749899551272392,122.816829957068
0,0,0,0.522138655185699,0,0,0,0,0,0,0,3.19586351513863,0,0,0,0,0,5.91632995009422,90.8129513189197,13.7578291893005,0,0,0,0.300075858831406,0,0,0,0,0,0,0,0,0,0,0,9.18006844818592,0,1.27791321277618,0,4.55930945277214,0,0.392040625214577,0,0,0,0.760501146316528,0,0,0,1.47894644737244,0,0,0,0,0,0,0,3.56263172626495,0,0,0,0,0,0.210376217961311,0,0,0,0,0,0,0,0,0,0,0,0,0,0,50.7497637495399,0.774748086929321,46.3126148730516,0,10.9937551319599,0,56.9547698646784,0.192235559225082,0
0,0,0,0,0,0,0,0,0,0,0,0,0,0,0,0,0,0,3.60524410009384,0,0,0,0,0,0,0,0,0,0,0,0,0,0,0,0,0,0,0,0,0,0,0,0,0,0,0,1.2170444726944,0,0,0,0,0,0,0,0,0,0,0,0,0,0,0,0,0.159990936517715,0,0,0,0,0,0,0,0,0,0,0,0,0,0,0.219251841306686,1.77672572433949,0,0,0.468273937702179,0,1.56708812713623,0,0
0,16.5253932327032,0,7.08549953252077,0,11.1387674808502,0,0,0,0,0,96.3412782400846,0,0,0,0,2.91604948788881,23.9300046488643,280.736456565559,359.149943426251,1.48916673660278,0,0,0,0,1.08547133207321,0,0,0,9.48151060938835,0,0,0,0,0,377.195256300271,0.303815513849258,28.7843579649925,0.15920652449131,829.311521232128,6.14879730343819,111.278315506876,8.01504126191139,0.760501146316528,0,0,8.34247075021267,2.46262881159782,0,51.2652062103152,0,9.36133439093828,0,0,0,4.97119049727917,0,253.888450667262,0,0.924446225166321,0,0.71731972694397,1030.220905222,9.30457052588463,0.231395363807678,0,0,0,0.145931750535965,0,0,0,16.9535553455353,0,0,0,0,0,3563.22764632851,12.8115443736315,712.665711417794,4.98876558244228,279.966879628599,0,609.988342426717,11.7354409694672,0.220519959926605
22.9629448205233,0.214605078101158,0.866035848855972,0,0,0,0,0,1.87576967477798,0,0,0,0,0,0,0,16.41810131073,19.9531145244837,622.997291222215,0.142592400312424,112.122953981161,1.26343441009521,0,0,0,0,0,0,0,0,0,0,0,0,0,3.17746376991272,32.5125115662813,0,5.79136158525944,22.8297261819243,119.104041464627,9.89473983645439,910.338513590395,0,1.2170444726944,8.34247075021267,0,1.37092311680317,41.918152205646,2.74265466630459,0,0,0,0,3.50370568037033,0,0.678502693772316,0,0,0,0.375633299350739,0,0,848.505901247263,0,0,0,0,0,0,0,0.124718300998211,0.122175924479961,25.1906080767512,0,0,0,0,21.772748157382,1089.57089938223,0.740485124289989,111.334388688207,370.379735209048,0.236846670508385,1000.54277303815,4.48234742134809,14.103933416307
0.973863482475281,0.916796699166298,0,1.05414964258671,0,2.28438675403595,0,0,0,0,0,0,0,0,0,0,0.138045132160187,0.0955828502774239,4.90432001650333,0,0,0,0.411784768104553,0,0,0,0,0,0,0,0,3589.72200573981,129.733417928219,3344.54252395034,6569.30750140548,1790.21414443851,1.74297335743904,30.7876105010509,811.984038829803,3.19134746491909,125.15647662431,77.7457802221179,0.721166729927063,0,0,2.46262881159782,1.37092311680317,0,3381.16507345438,4448.15675508976,0,2.94442607462406,0,0,3.54067425429821,0,0,3.08978825807571,0,1.27480843663216,0,0.303509891033173,0.478638619184494,0.287140905857086,0,2.61054426431656,0,1.94680599868298,0,0,0,0,0,0.283582240343094,4146.81093484163,84.2885221838951,1583.34351247549,129.385343164206,425.717138625681,1657.25886806101,52.9809969514608,534.202689915895,1111.08528402448,0,771.848316155374,1.23928111791611,0
423.69447734952,0,74.9282038062811,0,0,1.00885415077209,0,0,6.95210246741772,0,0,0.416372150182724,0,0,5.22209385037422,0,2.32483491301537,0,38.1508456766605,0.157854631543159,10.6390592902899,0,263.886411428452,0,0,0,0,0,0,0,0,26.7969733178616,109.169225901365,2.87989720702171,35.0653251558542,26.9368631243706,5.35217109322548,1.11205926537514,81.5156304687262,0,40.4146958440542,3.46151632070541,454.962030887604,0,0,0,41.918152205646,3381.16507345438,0,23.6923923194408,0,2.06365604698658,0,0,9.87873864173889,0,20.9762940555811,0,0.340938746929169,1.88745278120041,11.7285911440849,0,0.281646877527237,17.761110983789,0,305.356529399753,0,32.2451705932617,0,113.302072048187,0,21.4341139793396,0,126.51354315877,118.698404163122,0.966740965843201,1.42028391361237,2.43601405620575,6.34242902696133,663.410968743265,0,262.115751460195,553.213587492704,6.04330572485924,2239.07459616661,0,4.47408597171307
0,442.43930414319,0,144.652774944901,0,15.1859071552753,0,0,1.27707290649414,24.2171043306589,0,2.90872029960155,0,0,0,0,6.72966954857111,23.0312743857503,141.417348437011,3.41315802186728,0,27.6686707511544,0,5.2880836725235,0,6.68164157867432,0,0,0,0,0,0,0,24.2344980537891,8.86561620235443,12.3312421217561,0,158.008359186351,12.3668396323919,638.13395512104,0.654010206460953,587.547265216708,0.156524479389191,1.47894644737244,0,51.2652062103152,2.74265466630459,4448.15675508976,23.6923923194408,0,0,9.98798950016499,0,0,0.891664445400238,36.1778596043587,0,39.0958465114236,0,4.01998279988766,0,25.2581994980574,7.24010284245014,0,354.463587671518,0,150.421892374754,0.343420803546906,160.320356220007,0,388.564259469509,0,3.05948780477047,0,0,0,52.5291582942009,0,149.776935294271,2.57673805952072,1783.98777297139,0.428437322378159,749.095813080668,0,953.181674040854,66.1711465790868,0
0,0,3.30661988258362,0,66.3212783336639,0,0,0,0,0,0,0,0,0,0,0,0,0,0,0,4.92544317245483,0,0,0,0,0,0,0,0,0,0,0,0,0,0,0,0,0,0,0,0,0,0,0,0,0,0,0,0,0,0,0,0,0,0,0,0,0,17.2872490882874,0,0,0,0,0,0,0,0,0,0,0,0,0,0,0,0,0,0,0,0,0,0,0,66.4215240478516,0,0,0,0
0,0,0,35.2285816967487,0,416.46127229929,0,0,0,0,0,0.862799406051636,0,0.66878217458725,0,5.9371489584446,0,0,0,4.13131868839264,0,0,0,0,0,0,0,0,0,0,0,0,0,0,0,24.1942630857229,0.403893142938614,0,0,0,0,3.56299605965614,0,0,0,9.36133439093828,0,2.94442607462406,2.06365604698658,9.98798950016499,0,0,0,0,0,0,0,10.3758863955736,0,155.16636826098,0,20.0224178284407,7.0994325876236,0,0,0,0,0,0,0,0,0,0.574992686510086,0,0,0,0,0,78.2278459966183,0,1.73002876341343,0,176.2187686041,3.3378643989563,164.538522608578,0.632428705692291,0
0,0,0,0,0,0,72.6584825515747,0,0,0,0,0,0,0,0,0,0,0,0,0,0,0,0,0,0,0,0,0,0,0,0,0,0,0,0,0,0,0,0,0,0,0,0,0,0,0,0,0,0,0,0,0,0,0,0,0,7.88608980178833,0,0,0,0,0,0,0,0,0,0,0,0,0,0,0,0,0,0,0,0,0,0,0,0,0,64.15993475914,0,0,0,0
0,0,0,0,0,0,0,50.1314167976379,0,0,0,0,0,0,0,0,0,0,0,0,0,0,0,0,0,0,0,0,0,0,0,0,0,0,0,0,0,0,0,0,0,0,0,0,0,0,0,0,0,0,0,0,0,0,0,0,0,0,0,0,0,0,0,0,0,0,0,0,0,0,0,0,0,0,0,0,0,0,0,0,0,0,0,0,0,0,0
123.632967114449,0.344147145748138,24.8947325050831,0,7.34433555603027,0,0,0,486.109580695629,0,0,0,0,0,0.322439253330231,0,0,0,0.265394926071167,0,1.54865491390228,0,0,0,35.9154764413834,0,0,0,0,0,0,0,0,0,12.0589139014482,0,2.67350128293037,0,141.483008489013,0,0.385668754577637,2.77346533536911,13.0243711322546,0,0,0,3.50370568037033,3.54067425429821,9.87873864173889,0.891664445400238,0,0,0,0,0,0,1.37316361069679,0,0,0,0,0,0,2.04037302732468,0,0,0,318.996749639511,0,0,0,0,0,18.7537803351879,0,0,0,0,0,5.40997602045536,0,110.0751170367,132.495530948043,1.56936091184616,135.296150967479,0.173517778515816,0
0,33.1604755818844,0,224.752742111683,0,2.57304573059082,0,0,0,959.150693923235,0,3.84731727838516,0,0,0,25.5637537837029,6.0676600933075,9.37704123556614,1.7474908977747,2.05355048179626,0,0,0,3.64668276906013,0,2.16293932497501,0,0,0,0,0,0,0,0,0,0.28532674908638,0,91.7665882557631,0,0,0,12.3125855475664,0,0,0,4.97119049727917,0,0,0,36.1778596043587,0,0,0,0,0,0,0,22.2319944947958,0,0,0,124.208107680082,2.65997242927551,0,0,0,0,0,0.168993949890137,0,0,0,0.658499389886856,0,0,0,0,0,3.36508926749229,0,24.6412076056004,0,49.9948820918798,0,176.882696166635,0,0
3.50765590369701,0,0.604253649711609,0,0,0,0,0,0.344994753599167,0,699.25508851558,0,75.3555066883564,0,0.277492076158524,0,0,0,2.12073330581188,0,644.845038115978,0,0,0,0,0,0,0,0,0,14.4021495953202,0,0,0,1.34808790683746,0,101.167894303799,0,11.5978892743587,0,0,0,47.5250985845923,0,0,0,0.678502693772316,0,20.9762940555811,0,0,0,7.88608980178833,0,1.37316361069679,0,0,0,114.068005740643,0,25.9027113616467,0,0,244.147121958435,0,0,0,0,0,0,0,2.84498152136803,0,192.234717018902,0,0,0,0,0,2.50431263446808,0,3.28414133191109,129.073082715273,0,233.519313886762,0,0
0,0,0,88.9599488526583,0,16.7617869824171,0,0,0,10.5239529162645,0,1306.05971515179,0,22.8252735137939,0,0,0.923953101038933,22.0962334945798,65.5433297529817,100.471127837896,0,0,0,0,0,0,0,2.00604367256165,0,128.781921178102,0,0,0,0,0,25.1199925988913,0.613697588443756,2.61571469902992,0,17.9930834025145,0,1132.53429096937,0.142180740833282,3.56263172626495,0,253.888450667262,0,3.08978825807571,0,39.0958465114236,0,10.3758863955736,0,0,0,22.2319944947958,0,0,0,6.05922903120518,0,8.45334205031395,750.889251321554,0.253201425075531,1.19225913286209,0,0,0,1.29586160182953,0,121.312627375126,0,767.044232517481,0,0,0,0,0,122.338473908603,0.773524105548859,44.8673679605126,0,151.136992141604,0,1069.6428411603,254.343301855028,0
0,0,0,0,0,0,4.34792757034302,0,0,0,74.1376290023327,0,478.147068828344,0,0,0,0,0,0,0,0,0,0,0,0,0,0,0,0,0,0,0,0,0,0,0,0,0,0,0,0,0,0,0,0,0,0,0,0.340938746929169,0,17.2872490882874,0,0,0,0,0,114.068005740643,0,0,0,3.73433345556259,0,0,0.895917147397995,0,0,0,0,0,0,0,0,0,0,0,0,0,0,0,0,0,0,23.4635679125786,1.57909607887268,72.1984791606665,0,0
0,0,0,31.9137335419655,0,47.1857724785805,0,0,0,0,0,0.235539332032204,0,340.876442074776,0,66.0053891390562,0,0,0.34496408700943,0.84685081243515,0,0,0,0,0,0,0,25.7204349040985,0,2.26902639865875,0,0,0,0,0,0.250416934490204,0.365039259195328,0,0,0.167017996311188,0,1.5419375449419,0,0,0,0.924446225166321,0,1.27480843663216,1.88745278120041,4.01998279988766,0,155.16636826098,0,0,0,0,0,6.05922903120518,0,0,0,77.4284031391144,0.445893153548241,0,0,0,0,0,0,0,50.5069297552109,0,0.315069168806076,0,0,0,0,0,3.01487655937672,0.118684232234955,0.498776622116566,0,10.1744273006916,0,35.0970937013626,0.151899933815002,0
0.552405297756195,0,1.40249037742615,0,1.83523792028427,0,0,0,25.2428852319717,0,0,0,0,0,359.598596632481,0,0,0,0,0,0.403415232896805,0,0,0,0,0,0.820307552814484,0,0,0,0,0,0,0,0,0,3.92026327550411,0,0,0,0,0,2.1355003118515,0,0,0,0.375633299350739,0,11.7285911440849,0,0,0,0,0,0,0,25.9027113616467,0,3.73433345556259,0,0,0,0,3.25908668339252,0,0,0,0,0,0,0,1.12938261032104,0,1.52163913846016,0,0,0,0,0,1.11836552619934,0,0.812477350234985,5.68210732936859,2.42533868551254,154.447733536363,0,0
0,56.5347482860088,0,26.576524078846,0,4.58040773868561,0,0,0,19.3873835504055,0,0.994467467069626,0,1.00551164150238,0,186.153760582209,4.14551217108965,163.944889083505,1.00959095358849,1.61602678894997,0,31.2538540661335,0,47.7907612025738,0,78.7847364842892,0,5.56480926275253,0,0,0,0,0,0,0,0,0,0,0,0.242364883422852,0,0.234713904559612,0,0,0,0.71731972694397,0,0.303509891033173,0,25.2581994980574,0,20.0224178284407,0,0,0,124.208107680082,0,8.45334205031395,0,77.4284031391144,0,0,0,0,1.72247943282127,0,16.6823637783527,0,22.6927055120468,0,0,0,0,0,0,0,0,0,2.39250876009464,0,1.29990494251251,0,152.632858335972,9.07391685247421,31.7815789282322,0,0
0,0,0,8.91029836237431,0,110.124842882156,0,0,0,0.265195548534393,0,244.634498804808,0,0,0,0,0.694347262382507,4.00284246355295,10.8332208171487,1233.58366781473,0,0,0,0,0,0,0,0,0,1.33982810378075,0,0,0,0,0,294.765340074897,0,17.2252216786146,0,340.01569391042,0,386.336644753814,0,0,0,1030.220905222,0,0.478638619184494,0.281646877527237,7.24010284245014,0,7.0994325876236,0,0,0,2.65997242927551,0,750.889251321554,0,0.445893153548241,0,0,0,0.148875802755356,0,0,0,0,0,0,0,0,41.7942543178797,0,0,0,0,0,1433.06032349914,0,187.802453935146,0,172.45257049799,0,1029.55384297669,23.2807898968458,0
27.6416770592332,0,3.16105291247368,0,0.998007476329803,0,0,0,0,0,0,0,0,0,0.378217622637749,0,22.7577961310744,14.9878190755844,723.839210212231,0.172748848795891,4064.38538412005,0,0,0,0,0,0,0,0,0,0,0,0,0,0.248154297471046,1.32285512983799,261.675393357873,0,263.334280669689,27.3337657675147,22.0297671630979,1.82870353758335,787.459906898439,0.210376217961311,0.159990936517715,9.30457052588463,848.505901247263,0.287140905857086,17.761110983789,0,0,0,0,0,2.04037302732468,0,244.147121958435,0.253201425075531,0.895917147397995,0,3.25908668339252,0,0.148875802755356,0,0,0,0,0,0,0,0,0.97246228158474,0.522911489009857,36.8792760446668,0,0,0,0,28.7432777583599,828.181665673852,2.5655437707901,921.566465727985,518.76931348443,6.48355820775032,1885.01610061526,0,13.3750841096044
0,0,0,0,0,0,0,0,0,0.852213680744171,0,0,0,0,0,7.01173344254494,55.5893199145794,191.870048075914,5.12899470329285,0,0,4945.00643517077,17.2512588799,51.6678967773914,0,214.606929063797,0,188.107203543186,0,0.731455594301224,0,0,0,0,0,0,0,255.13977201283,0,0.91857373714447,0,0,0,0,0,0.231395363807678,0,0,0,354.463587671518,0,0,0,0,0,0,0,1.19225913286209,0,0,0,1.72247943282127,0,0,0,0.474258899688721,39.2236238718033,0,24.1080504953861,0,794.363829225302,0,17.1333284974098,0,0,0,0,0,0.132622763514519,0.400134146213531,624.570697188377,0,234.079303875566,2.16480186581612,0.193681091070175,0,0
0,0,0,0,0,0,0,0,0,0,0,0,0,0,0,0,0,0,0,0,0,183.159666597843,6633.64834681153,0,48.6498483419418,0,56.6952478289604,0,214.950038909912,0,0,0,0,0,0,0,0,0,262.255403250456,0,0,0,0,0,0,0,0,2.61054426431656,305.356529399753,0,0,0,0,0,0,0,0,0,0,0,0,0,0,0,0.474258899688721,0,0,78.5685868710279,0,119.747821509838,0,50.0528829395771,0,0,0,0,0,0,0,0,0,283.210592612624,855.85509121418,12.5582682490349,0,0,0
0,0,0,0,0,0,0,0,0,9.6125857681036,0,0,0,0,0,14.3645546734333,23.0925646722317,269.622171282768,6.63458251953125,0,0,83.3758834600449,0,229.475618988276,0,377.082290500402,0,0,0,0,0,0,0,0,0,0,0,46.1204773485661,0,0,0,0.309558570384979,0,0,0,0,0,0,0,150.421892374754,0,0,0,0,0,0,0,0,0,0,0,16.6823637783527,0,0,39.2236238718033,0,0,0,211.98904889822,0,0,0,0,0,0,0,0,0,0,0,53.2476352155209,0,179.111611738801,6.01073762774467,161.114360123873,0,0
0,0.168637454509735,0,0,0,0,0,0,110.893346250057,0,0,0,0,0,0,0,0,0,0,0,0,0,57.6686109155416,0,314.618383869529,0,44.6171232461929,0,0,0,0,0,0,0,0.635003164410591,0,0,0,254.224462136626,0,0,0.807842314243317,0,0,0,0,0,1.94680599868298,32.2451705932617,0.343420803546906,0,0,0,0,318.996749639511,0,0,0,0,0,0,0,0,0,0,78.5685868710279,0,0,0,445.204354584217,0,0,0,0,0,0,0,0,0,0,0,124.619410991669,17.8708147406578,0,4.28804224729538,0,0
0,0,0,0,0,0,0,0,0,9.79197216033936,0,0,0,0,0,90.4710669368505,81.3319616764784,2219.09200404584,24.6293358802795,0,0,191.690635800362,0,282.687146097422,0,1738.7439878583,0,32.774981379509,0,0,0,0,0,0,0,0,0,0,0,0.584245383739471,0,0,0,0,0,0.145931750535965,0,0,0,160.320356220007,0,0,0,0,0,0.168993949890137,0,1.29586160182953,0,0,0,22.6927055120468,0,0,24.1080504953861,0,211.98904889822,0,0,0,6.1195459663868,0,0,0,0,0,0,0,2.20034551620483,1.16948392987251,0.66145271062851,0,701.719660803676,78.9432319253683,2.48719608783722,0.235322788357735,0
0,0,0,0,0,0,0,0,17.5966582298279,0,0,0,0,0,0,0,5.5253244638443,0,0,0,0,0,0,0,1,0,229.966075062752,0,1.31349313259125,0,0,0,0,0,0,0,0,0,0,0,0,0,0,0,0,0,0,0,113.302072048187,0,0,0,0,0,0,0,0,0,0,0,0,0,0,0,0,119.747821509838,0,445.204354584217,0,0,0,199.815544486046,0,0,0,0,0,0,0,0,0,0,47.2501164674759,0,0,0,0
0,0,0,0,0,0,0,0,0,0,0,26.5310714244843,0,69.4856650829315,0,0,0,7.02592900395393,0,0,0,45.9855047762394,0,0,0,7.48878699541092,0,1181.25447434187,0,151.498328328133,0,0,0,0,0,0,0,22.0680074095726,0,0,0,0,0,0,0,0,0,0,0,388.564259469509,0,0,0,0,0,0,0,121.312627375126,0,50.5069297552109,0,0,0,0,794.363829225302,0,0,0,6.1195459663868,0,0,0,237.208635464311,0,0,0,0,0,0,0,67.6237421929836,0,14.5572057366371,0,1.15750776231289,0,0
0.522496253252029,0,0,0,0,0,0,0,0,0,0,0,0,0,0,0,0,0,1.82001702487469,0,0,0,10.1730876266956,0,0,0,3.56232571601868,0,701.012531667948,0,15.0514215230942,0,0,0,0,0,0,0,115.257054716349,0,0.159582570195198,0,31.2573120817542,0,0,0,0.124718300998211,0,21.4341139793396,0,0,0,0,0,0,0,2.84498152136803,0,0,0,1.12938261032104,0,0,0.97246228158474,0,50.0528829395771,0,0,0,199.815544486046,0,0,0,40.1800736486912,0,0,0,0,0,0.424011364579201,0,89.8353043496609,39.2466846555471,0,14.6861012428999,0,0
0,0,0,9.26107600331306,0,1.24203047156334,0,0,0,0.868769779801369,0,72.9450706094503,0,0,0,0,0,0.29141429066658,7.42225658893585,20.8856675028801,0,2.95663943886757,0,0,0,0,0,48.3074112534523,0,175.598461270332,0,0,0,0,0,0,0,88.0882114320993,0,0.85219544172287,0,65.6185824126005,0,0,0,16.9535553455353,0.122175924479961,0,0,3.05948780477047,0,0.574992686510086,0,0,0,0.658499389886856,0,767.044232517481,0,0.315069168806076,0,0,41.7942543178797,0.522911489009857,17.1333284974098,0,0,0,0,0,237.208635464311,0,0,0,0,0,0,0,0.773602738976479,0,623.847340293229,0,7.60869485139847,0,49.8011518567801,18.2008843570948,0
