0,0,0.165088832564652,0,0,0,0,0,0.140989833149561,0,0,0,0,0,0,0,0.34193825836365,0.244468539953232,0.336038107287001,0,0,0,0,0,0,0,0,0,0,0,0,0,0,0,0,0,0,0.39385199546814,0.131424077848593,0,0.393634536940801,0,0.30983827534047,0,0,0,0.337051878791106,0.386925920844078,0.173376976226161,0,0,0,0,0,0.17665262531324,0,0.341734969615936,0,0,0,0.220258926239488,0,0,0.393399626016617,0,0,0.323974743485451,0.1847364080173,0,0,0,0,0,0.388791902860006,0,0,0,0,0,0.420473434897356,0.351502895355225,0.412667649393936,0.224314592416502,0.252546878531575,0.257700783123826,0,0
0,0,0,0.158738811482798,0,0.199099183082581,0,0,0,0.128131752789375,0,0,0,0,0,0.150726412733396,0,0,0.392156299316522,0,0,0,0,0,0,0,0,0,0,0,0,0,0,0,0,0,0,0.148297718829579,0,0.273058364126417,0,0.302252301175124,0,0,0,0.288497854420479,0,0.284078795462847,0.480354025959969,0.205339999117244,0,0,0,0,0,0.182442071094665,0,0,0,0,0,0.168838739395142,0.282187849283218,0,0,0,0.198951825499535,0,0,0,0.29991552233696,0,0.285287863678402,0,0,0,0,0,0.391944706439972,0,0.277519093950589,0.35322117805481,0.218524614008772,0.278220925480127,0.271689522654399,0,0
0.165088832564652,0,0,0,0.175389959261968,0,0,0,0.224036246538162,0,0,0,0,0,0,0,0.235345443089803,0,0.229961318629129,0,0,0,0,0,0,0,0,0,0,0,0,0,0,0,0,0,0.184583306312561,0,0.19678820669651,0,0.249224086105824,0,0.289713038355892,0,0,0.270007895926634,0.242205728776753,0,0.177109055555938,0,0.244633393628257,0,0,0,0.212043538689613,0,0.332032129845836,0,0.291505434173198,0,0.274179064030722,0,0,0.24118572473526,0,0,0,0,0,0,0,0,0,0.334458640643529,0,0,0,0,0,0.367682198683421,0,0.270240735676553,0.221656676720489,0,0.228137208331715,0,0
0,0.158738811482798,0,0,0.251758679747581,0.160121540228526,0,0,0,0.151214048266411,0,0,0,0,0,0,0,0.232579059898853,0.255111094315847,0.193953186273575,0,0,0,0,0,0,0,0,0,0,0,0,0,0,0,0.202629160881042,0,0.206018574535847,0,0.21803302363849,0.265128314495087,0.27712781463157,0,0,0,0.240693189558529,0.259638637304306,0.319488286972046,0,0.194789801584719,0.243448492884636,0.191108998249878,0,0,0.225973218679428,0.164526339163893,0.258666345477104,0.21153244025567,0.277034550905228,0.209246850231799,0,0.176126669112005,0.212635849203382,0,0,0,0,0,0,0,0.280436247587204,0,0.300325641036034,0,0,0,0,0,0.262636705767363,0.256079785525799,0.290277646481991,0.280085583527883,0.207950326104234,0.24455215036869,0.246335123676616,0.262817770242691,0
0,0,0.175389959261968,0.251758679747581,0,0,0.144449854890505,0,0.171824415400624,0,0,0,0,0,0,0,0,0,0,0,0.189278614084075,0,0,0,0,0,0,0,0,0,0,0,0,0,0,0,0.191796451807022,0,0,0.212873041629791,0.221748480200768,0,0.241194169968367,0,0,0.241004057228565,0,0.270126208662987,0.217769058421254,0,0.199010393008311,0,0,0,0.217041866137431,0,0.17692085971003,0,0.174781680107117,0,0,0,0,0.224604782164971,0,0,0,0,0,0,0,0,0,0,0,0,0,0,0,0.198132106880529,0,0,0.161009932844303,0.165689095854759,0.206068744448791,0,0
0,0.199099183082581,0,0.160121540228526,0,0,0,0.155469201178404,0,0.146821791306138,0,0.13915840536356,0,0.161958302625201,0,0,0,0,0,0.17133962630101,0,0,0,0,0,0,0,0,0,0,0,0,0,0,0,0.173335899006237,0,0,0,0.190604031085968,0,0.260411396622658,0,0,0,0.207703568041325,0,0,0,0.209407177567482,0,0.160405547609963,0,0.171652502435095,0,0,0,0.170519731110997,0,0.15795448794961,0,0,0.202277782923318,0,0,0,0,0,0,0,0,0,0.240887686610222,0,0,0,0,0,0.180957955758223,0,0,0,0.156001903598091,0.160768108983194,0.172144129368147,0,0
0,0,0,0,0.144449854890505,0,0,0,0,0,0.153136851740818,0,0.171567699975438,0,0,0,0,0,0,0,0.146714016795158,0,0,0,0,0,0,0,0,0,0,0,0,0,0,0,0,0,0,0,0,0,0,0,0,0,0,0,0,0,0.129270810633898,0,0.1695471065385,0,0,0,0.165699571371078,0,0.173545464873314,0,0,0,0,0,0,0,0,0,0,0,0,0,0,0,0,0,0,0,0,0,0,0,0.189572235681478,0,0,0,0
0,0,0,0,0,0.155469201178404,0,0,0,0,0,0.160153674227851,0,0.167681487543242,0,0,0,0,0,0.149049877654761,0,0,0,0,0,0,0,0,0,0,0,0,0,0,0,0,0,0,0,0,0,0,0,0,0,0,0,0,0,0,0,0.150155858848901,0,0.169197142629024,0,0,0,0.156088450849056,0,0.180648036142613,0,0,0.196199963268425,0,0,0,0,0,0,0,0,0,0,0,0,0,0,0,0,0,0,0,0.156960356334845,0.165667958557606,0.157591700553894,0,0
0.140989833149561,0,0.224036246538162,0,0.171824415400624,0,0,0,0,0,0,0,0,0,0.186176905851193,0,0.184160737474577,0.19225161075592,0.204689383506775,0,0,0,0,0,0.139481775138689,0,0,0,0,0,0,0,0.305996865034103,0,0,0,0,0.436345252123746,0.160991559161785,0,0,0.240373373031616,0.151222471513,0,0,0.249832466244698,0.220706760883331,0.331201571684617,0.185814193244708,0.432670079171658,0.196836023591459,0,0,0,0.186464507261227,0,0.276963979005814,0,0,0,0.201230746896371,0,0,0,0.451284468173981,0,0.392227421204249,0.208306786261107,0,0.168641310185194,0,0.285229086875916,0,0.298822127282619,0,0,0.358273088932037,0.244461381807923,0.321487307548523,0.323446840047836,0.407530453056097,0.212996580857572,0.173910151940653,0.248432818055153,0.195186197692933,0,0
0,0.128131752789375,0,0.151214048266411,0,0.146821791306138,0,0,0,0,0,0,0,0,0,0.154073346647427,0.194222614169121,0.159253369271755,0,0.162576675415039,0,0,0,0.156038716435432,0,0.176749614998698,0,0,0,0,0,0,0,0.218598138540983,0,0,0,0.181854516559956,0,0.235030591487885,0,0.2098174598068,0.216454386711121,0,0,0.241520300507545,0,0.262803830206394,0.360820740461349,0.172882782916228,0,0,0,0,0,0.185618651544593,0,0,0,0,0,0.171274586362138,0.157709747552872,0,0,0,0.249846120675405,0,0.165487518895473,0,0,0,0.272052433341742,0,0,0,0.230972707271576,0,0.160376191139221,0,0.209511877532969,0.399426475167274,0.182763777749808,0.168426238573514,0.201664508216911,0,0
0,0,0,0,0,0,0.153136851740818,0,0,0,0,0,0.145559462890463,0,0,0,0,0,0,0,0.157733414322138,0,0,0,0,0,0,0,0.167557395037708,0,0.155102707445621,0,0,0,0,0,0.138149930040042,0,0.164538983398905,0,0,0,0,0,0,0,0,0,0,0,0,0,0.17256963428329,0,0,0,0.170695150906705,0,0.159870013808205,0,0,0,0,0.146974991758664,0,0,0,0,0,0,0,0.174764992355446,0,0.149042558940974,0,0,0,0,0,0.144531199599014,0,0.166350916400552,0.174521656533082,0,0,0,0
0,0,0,0,0,0.13915840536356,0,0.160153674227851,0,0,0,0,0,0.163097949440325,0,0,0,0,0,0.156452885999972,0,0,0,0,0,0,0,0.175719766318798,0,0.169301959711152,0,0,0,0,0,0.156827010981011,0,0.176189187990399,0,0,0,0,0,0,0,0,0,0,0,0,0,0,0,0,0,0,0,0.175981298108758,0,0.162444489459563,0,0,0.150181179309366,0,0,0,0,0,0,0,0.181908771367674,0,0.165607759150965,0,0,0,0,0,0.166562096357346,0,0.185699463437001,0,0.159772361628711,0,0.194055765867233,0,0
0,0,0,0,0,0,0.171567699975438,0,0,0,0.145559462890463,0,0,0,0.124270959368235,0,0,0,0,0,0,0,0,0,0,0,0,0,0.175825424492359,0,0,0,0,0,0,0,0,0,0,0,0,0,0,0,0,0,0,0,0,0,0,0,0,0,0,0,0.146083113923669,0,0.162079602852231,0,0.15172928571701,0,0,0,0,0,0,0,0,0,0,0,0,0,0,0,0,0,0,0,0,0,0.170939938509511,0.16463624984026,0,0,0
0,0,0,0,0,0.161958302625201,0,0.167681487543242,0,0,0,0.163097949440325,0,0,0,0.136750022156371,0,0.180875731259584,0,0,0,0,0,0,0,0.190369766205549,0,0.160617375582979,0,0,0,0,0,0,0,0,0,0,0,0,0,0,0,0,0,0,0,0,0,0,0,0.178899948795637,0,0.171309829372721,0,0,0,0.153014081635626,0,0.156216608770595,0,0.140121933321158,0,0,0,0,0,0,0,0,0,0,0,0,0,0,0,0,0,0,0,0,0.148925628898473,0.14566399663492,0,0,0
0,0,0,0,0,0,0,0,0.186176905851193,0,0,0,0.124270959368235,0,0,0,0.140023152530193,0,0,0,0,0,0,0,0,0,0,0,0,0,0,0,0,0,0,0,0,0,0,0,0,0,0,0,0,0,0,0,0,0,0.203904020515355,0,0,0,0.166657412197532,0,0,0,0.135641658806619,0,0.211644429872011,0,0,0,0,0,0,0,0,0,0,0,0,0,0,0,0,0,0,0,0,0,0.179852003041579,0,0,0,0
0,0.150726412733396,0,0,0,0,0,0,0,0.154073346647427,0,0,0,0.136750022156371,0,0,0,0.173653207478207,0,0,0,0,0,0,0,0.186787574606783,0,0.131343141198158,0,0,0,0,0,0,0,0,0,0,0,0,0,0,0,0,0,0,0,0,0,0,0,0,0,0,0,0.160265207937484,0,0,0,0.13258340805769,0,0.150495181566682,0,0,0,0,0,0,0,0,0,0,0,0,0,0,0,0,0,0,0,0,0.163846636293354,0.160349450639037,0,0,0
0.34193825836365,0,0.235345443089803,0,0,0,0,0,0.184160737474577,0.194222614169121,0,0,0,0,0.140023152530193,0,0,0.14075152875322,0.263427562519459,0,0,0,0.156169061889192,0,0,0,0.166997377952257,0,0.170808379848798,0,0,0,0,0,0,0.338490456342697,0,0,0,0.249252406811273,0.26730009500256,0.217174865359808,0.229726682991589,0,0,0.253323327284306,0.277842231781075,0.271023869514465,0.262289001828148,0.283586909373601,0.249289149045944,0.248887151479721,0,0,0.192664995386794,0,0.280374158705984,0.259140186011791,0.262225544878415,0,0.247353831926982,0,0.229646615684032,0.278655648231506,0,0.144991502165794,0,0.231127520402273,0,0.171811252832413,0,0.272271767258644,0.27106192542447,0.311599815885226,0,0,0.433748960494995,0,0.287536749243736,0.314241514880868,0.281853595492887,0.314425946759524,0.230760191444618,0.145316729322076,0.280124091387073,0,0.224815597136815
0.244468539953232,0,0,0.232579059898853,0,0,0,0,0.19225161075592,0.159253369271755,0,0,0,0.180875731259584,0,0.173653207478207,0.14075152875322,0,0.247917573782167,0,0,0.170488957464695,0,0.167841023520419,0,0.159388700547755,0,0.172616775196067,0,0,0,0,0,0,0,0.334902666509151,0,0.261995673179626,0,0.273653722937322,0.255686880192823,0.23638480540365,0.214452612313252,0,0.173021614551544,0.281526092961045,0.252759506305059,0,0.243298947811127,0.2671192245824,0,0,0,0,0.198238750298818,0.237293154001236,0,0.310298025608063,0,0,0.212379902601242,0,0.261464834213257,0.278994739055634,0,0,0.143534389989717,0,0,0,0,0,0.287465527653694,0.25242312848568,0,0,0,0,0.311175768377364,0.286288001175438,0.315079879053313,0.287618041622872,0.207887483178337,0.157693092659937,0.27004889072668,0,0.207045316696167
0.336038107287001,0.392156299316522,0.229961318629129,0.255111094315847,0,0,0,0,0.204689383506775,0,0,0,0,0,0,0,0.263427562519459,0.247917573782167,0,0,0,0,0,0.155596435070038,0.140344612300396,0,0,0,0,0,0,0,0.253317624330521,0.431173712015152,0,0.382354777306318,0,0.331529200077057,0.303295493125916,0.300121630287439,0.293930989176633,0.232845026418186,0.217926462359095,0,0,0.325073378742057,0.343364388632351,0.277877560683659,0.273493953049183,0.294447256340867,0.234614908695221,0.242464795708656,0,0,0.212930998764932,0.240565754473209,0.29689617951711,0.347218665209684,0.24633063511415,0,0.248120710253716,0,0.383822025110324,0.32865761756897,0,0,0,0,0,0,0.31722000837326,0.270977079868317,0.371563314206221,0.349353100949277,0,0,0,0.220310255885124,0.37404393819311,0.385461075726454,0.38525315729998,0.366273107488179,0.221373847347364,0.212204370233748,0.334343386611879,0.204055935144424,0.209462901408022
0,0,0,0.193953186273575,0,0.17133962630101,0,0.149049877654761,0,0.162576675415039,0,0.156452885999972,0,0,0,0,0,0,0,0,0,0,0,0,0,0,0,0,0,0,0,0,0,0,0,0.162586053070314,0,0.179611407941388,0,0,0,0,0,0,0,0,0,0,0,0.23852576315403,0,0.192252196702692,0,0.171598125249147,0,0,0,0.174350042087691,0,0.201524019241333,0,0,0.243322218705482,0,0,0,0,0,0,0,0,0,0,0,0,0,0,0,0.176144896608133,0,0.179141944176272,0,0.190524383006912,0,0.233184850902008,0,0
0,0,0,0,0.189278614084075,0,0.146714016795158,0,0,0,0.157733414322138,0,0,0,0,0,0,0,0,0,0,0,0,0,0,0,0,0,0,0,0,0,0,0,0,0,0.15649348689232,0,0.176704927645867,0,0,0,0,0,0,0,0,0,0.218749351799488,0,0.209800642521227,0,0.141825377941132,0,0,0,0.182437214121031,0,0.216342508792877,0,0,0,0,0.16364708004994,0,0,0,0,0,0,0,0,0,0.22744786242644,0,0,0,0,0,0.16116657415394,0,0.179099709685169,0.151570007768647,0.192090859015783,0.19386390962284,0,0
0,0,0,0,0,0,0,0,0,0,0,0,0,0,0,0,0,0.170488957464695,0,0,0,0,0.114260877027761,0.182024097747423,0,0.183780689772807,0,0.203458586910315,0,0,0,0,0,0,0,0,0,0.182118625773199,0.147991896156342,0,0,0,0,0,0,0,0,0,0.547955363988876,0.272058433250469,0,0,0,0,0,0,0,0.289340754350026,0,0.301806822419167,0,0,0,0,0.164912117599147,0,0.149700660825424,0.429562002420425,0.319106217158043,0,0.237500044655236,0,0.266842573881149,0,0,0,0,0,0,0,0.190761471859867,0.471400622810636,0.144401239326456,0.168772411869561,0.303396632273992,0,0
0,0,0,0,0,0,0,0,0,0,0,0,0,0,0,0,0.156169061889192,0,0,0,0,0.114260877027761,0,0,0.169704864795009,0,0.201122396086392,0,0.125575213027852,0,0,0,0,0,0,0,0,0.348813310265541,0.163364276582406,0,0,0,0,0,0,0,0,0,0.187538345903158,0,0,0,0,0,0,0,0,0,0,0,0,0,0,0,0,0.168170100365839,0,0.15661063332959,0,0.181029427504759,0,0.156730266470535,0,0,0,0,0,0,0,0,0,0.20396829508245,0.148485058733137,0.184588893767326,0,0,0
0,0,0,0,0,0,0,0,0,0.156038716435432,0,0,0,0,0,0,0,0.167841023520419,0.155596435070038,0,0,0.182024097747423,0,0,0,0.162278686353213,0,0,0,0,0,0,0,0,0,0,0,0.166386267458348,0,0,0,0,0,0,0,0,0,0,0,0.131656087934971,0,0,0,0,0,0.177203223109245,0,0,0,0.316842019557953,0,0,0,0,0.179381824879029,0,0.214736892303469,0,0.179551490393701,0,0.294181883689903,0,0,0,0,0,0.229552716016769,0,0,0,0.173974392625193,0,0.175211078804454,0,0,0,0
0,0,0,0,0,0,0,0,0.139481775138689,0,0,0,0,0,0,0,0,0,0.140344612300396,0,0,0,0.169704864795009,0,0,0,0.163766915798187,0,0,0,0,0,0,0,0,0,0,0.622644980748495,0.150473444561684,0,0,0,0.143701195716858,0,0,0,0,0,0.139278300106525,0,0,0,0,0,0.169708807360042,0,0,0,0,0,0.228333643078804,0,0,0,0,0.205211830911813,0,0.17163039194213,0,0.203032097532902,0,0,0,0,0,0,0,0,0,0,0.542773723602295,0.163338917359877,0.184030923992395,0,0.255310807909284,0,0
0,0,0,0,0,0,0,0,0,0.176749614998698,0,0,0,0.190369766205549,0,0.186787574606783,0,0.159388700547755,0,0,0,0.183780689772807,0,0.162278686353213,0,0,0,0.162631704996933,0,0,0,0,0,0,0,0,0,0,0,0,0,0,0,0,0,0,0,0,0,0.251207180321217,0,0,0,0,0,0.153678715229034,0,0,0,0,0,0,0,0,0.190748500327269,0,0.162255142864428,0,0.195866363315747,0,0.305932473142942,0,0,0,0,0,0,0,0,0,0,0,0.164016569429828,0.164954721927643,0,0,0
0,0,0,0,0,0,0,0,0,0,0,0,0,0,0,0,0.166997377952257,0,0,0,0,0,0.201122396086392,0,0.163766915798187,0,0,0,0.145210806280375,0,0,0,0,0,0,0,0,0,0,0,0,0,0,0,0,0,0,0,0,0,0,0,0,0,0.162974366918206,0,0,0,0,0,0,0,0,0,0,0.213017612695694,0,0.2048981918229,0,0.181070533795764,0,0.159580022096634,0,0,0,0,0,0,0,0,0,0,0.173872365149235,0,0,0,0
0,0,0,0,0,0,0,0,0,0,0,0.175719766318798,0,0.160617375582979,0,0.131343141198158,0,0.172616775196067,0,0,0,0.203458586910315,0,0,0,0.162631704996933,0,0,0,0.149575311355293,0,0,0,0,0,0,0,0.162749175390188,0,0,0,0,0,0,0,0,0,0,0,0,0,0,0,0,0,0,0,0,0,0.174354127773145,0,0.136643157724072,0,0,0.174583873815007,0,0,0,0,0,0.167894109319157,0,0.146739574770133,0,0,0,0,0,0,0,0,0,0.161315918185057,0.167778716036459,0,0,0
0,0,0,0,0,0,0,0,0,0,0.167557395037708,0,0.175825424492359,0,0,0,0.170808379848798,0,0,0,0,0,0.125575213027852,0,0,0,0.145210806280375,0,0,0,0.166599266032378,0,0,0,0,0,0,0,0.15684893440216,0,0,0,0,0,0,0,0,0,0,0,0,0,0,0,0,0,0,0,0,0,0,0,0,0,0,0.116468106706937,0,0,0,0,0,0.159218866562843,0,0,0,0,0,0,0,0,0,0,0.157650475824563,0.147501126676798,0,0,0
0,0,0,0,0,0,0,0,0,0,0,0.169301959711152,0,0,0,0,0,0,0,0,0,0,0,0,0,0,0,0.149575311355293,0,0,0,0,0,0,0,0,0,0.172800748036542,0,0,0,0,0,0,0,0,0,0,0,0,0,0,0,0,0,0,0,0.166800460992498,0,0,0,0,0,0,0,0,0,0,0,0,0.179092816681958,0,0.175487995692266,0,0,0,0,0,0,0,0.187047944387846,0,0.183340647749687,0,0,0,0
0,0,0,0,0,0,0,0,0,0,0.155102707445621,0,0,0,0,0,0,0,0,0,0,0,0,0,0,0,0,0,0.166599266032378,0,0,0,0,0,0,0,0,0,0.174612670923982,0,0,0,0,0,0,0,0,0,0,0,0,0,0,0,0,0,0.147239559392134,0,0,0,0,0,0,0,0,0,0,0,0,0,0,0.162365961163837,0,0.16718645528016,0,0,0,0,0,0,0,0.155600181689449,0.161450020968914,0.132298722863197,0,0,0
0,0,0,0,0,0,0,0,0,0,0,0,0,0,0,0,0,0,0,0,0,0,0,0,0,0,0,0,0,0,0,0,0.401690602519558,0.318443449480193,0,0.198255471175625,0.296954472150121,0.280036712065339,0,0,0,0,0,0,0,0,0,0.449099988276799,0,0,0,0,0,0,0,0,0,0,0,0,0,0,0,0,0,0,0,0,0,0,0,0,0,0,0.180447924416931,0.281337017774308,0.298368664315114,0.173351052999496,0.190127883678518,0.226217163484182,0.341663259267807,0.387917637825012,0.174794482516831,0,0,0,0
0,0,0,0,0,0,0,0,0.305996865034103,0,0,0,0,0,0,0,0,0,0.253317624330521,0,0,0,0,0,0,0,0,0,0,0,0,0.401690602519558,0,0.199787257611752,0.385162332084741,0.186911089165557,0.229708304794708,0,0.336396553686687,0,0,0,0,0,0,0,0,0.508686116561736,0.456781589466593,0,0,0,0,0,0,0,0,0,0,0,0,0,0,0,0,0,0,0,0,0,0,0,0,0,0.270219002767365,0.261168026414521,0.238037063843674,0.356870796896042,0.222252537248035,0.205322096931106,0,0.358881320917245,0.166250725812984,0,0,0,0
0,0,0,0,0,0,0,0,0,0.218598138540983,0,0,0,0,0,0,0,0,0.431173712015152,0,0,0,0,0,0,0,0,0,0,0,0,0.318443449480193,0.199787257611752,0,0.205026921982828,0.161065886134928,0.107165993750095,0.179224675684447,0.366786564389865,0,0,0,0.325596585869789,0,0,0,0,0.296747315740774,0.489944748580456,0.287843927741051,0,0,0,0,0,0.233843407145253,0,0,0,0,0,0,0,0,0,0,0.241383947432041,0,0,0,0,0,0,0.445435732603073,0.301268186490491,0.224873277544975,0.190360926107139,0.196698778016764,0.158143514601311,0.320965528488159,0.226504019314775,0.48900214872212,0.171706844372844,0,0.39691025018692,0,0
0,0,0,0,0,0,0,0,0,0,0,0,0,0,0,0,0,0,0,0,0,0,0,0,0,0,0,0,0,0,0,0,0.385162332084741,0.205026921982828,0,0.0878855176270008,0.161851366780733,0.289815754994102,0.180080560728525,0,0,0,0.270014345645905,0,0,0,0.227915793657303,0.352118343429297,0.39779760936896,0.587118182863508,0,0,0,0,0.244928240776062,0,0,0,0,0,0,0,0,0,0,0,0.536927759647369,0,0,0,0,0,0,0,0.194298305190527,0.371724884607829,0.264691532963211,0.199793156559262,0,0.172808095252604,0.520838239744528,0.277386180622016,0.234473366590067,0,0,0,0
0,0,0,0.202629160881042,0,0.173335899006237,0,0,0,0,0,0.156827010981011,0,0,0,0,0.338490456342697,0.334902666509151,0.382354777306318,0.162586053070314,0,0,0,0,0,0,0,0,0,0,0,0.198255471175625,0.186911089165557,0.161065886134928,0.0878855176270008,0,0.162149780654144,0.152680997406059,0.0988732253511747,0.248733884729115,0,0.29030641913414,0,0,0,0.155519102182653,0,0.459663376307763,0.345425844192505,0.187451059067691,0,0.181831082159823,0,0,0,0.20526884496212,0,0.163123644556934,0,0.181079164147377,0,0.196706429123878,0.160018581851229,0,0,0,0,0,0,0,0,0,0,0,0.190749377910961,0.178950942198276,0.164869012875355,0,0.17717379507242,0.155531905867593,0.183023484322705,0,0.15187421394774,0.190926122319632,0.217955837908544,0,0
0,0,0.184583306312561,0,0.191796451807022,0,0,0,0,0,0.138149930040042,0,0,0,0,0,0,0,0,0,0.15649348689232,0,0,0,0,0,0,0,0,0,0,0.296954472150121,0.229708304794708,0.107165993750095,0.161851366780733,0.162149780654144,0,0,0.135757368048032,0,0.175332587957382,0,0.293829873204231,0,0,0.287792831659317,0.157094299793243,0.515669128632545,0.261693681279818,0,0.221197864839009,0,0,0,0.253319293260574,0,0.15972798631109,0,0.234769113361835,0,0,0,0,0.157612427728609,0,0,0,0,0,0,0,0,0,0,0.189519233609501,0.20153246259827,0.106275368481874,0.184648907782432,0.16836139185671,0.174377494644945,0,0.1745617970904,0.169107432570784,0.289063912266158,0.215827363321226,0,0
0.39385199546814,0.148297718829579,0,0.206018574535847,0,0,0,0,0.436345252123746,0.181854516559956,0,0.176189187990399,0,0,0,0,0,0.261995673179626,0.331529200077057,0.179611407941388,0,0.182118625773199,0.348813310265541,0.166386267458348,0.622644980748495,0,0,0.162749175390188,0,0.172800748036542,0,0.280036712065339,0,0.179224675684447,0.289815754994102,0.152680997406059,0,0,0.408542314854761,0.233965665102005,0,0.231772322739874,0,0,0,0.264754265546799,0,0.452752932252181,0.623402838736496,0.356716995622589,0,0,0,0,0.412635630794934,0.197434298641293,0,0.1622593538461,0,0,0,0,0.231776147297803,0,0.170485004918207,0,0.162324719544392,0.546507659657248,0,0,0.16506193257695,0,0.172170550769229,0.566921234130859,0.244015436087336,0,0.189405634667319,0.271047614972685,0.198152742159145,0,0.1795591544416,0.538432435818286,0.193316644210453,0.1549403997867,0.190728354398851,0,0
0.131424077848593,0,0.19678820669651,0,0,0,0,0,0.160991559161785,0,0.164538983398905,0,0,0,0,0,0,0,0.303295493125916,0,0.176704927645867,0.147991896156342,0.163364276582406,0,0.150473444561684,0,0,0,0.15684893440216,0,0.174612670923982,0,0.336396553686687,0.366786564389865,0.180080560728525,0.0988732253511747,0.135757368048032,0.408542314854761,0,0,0.236857488751411,0,0.153727232582039,0,0,0.265712112188339,0.230702128675249,0.499748381099316,0.289189211291171,0.568401145748794,0.234114550054073,0,0,0,0.194740046809117,0.352868169546127,0.167909165484125,0,0.219154566526413,0,0.217486917972565,0,0,0.212381194528374,0.572616934776306,0.16765258140473,0.503807097673416,0.172564398086219,0,0,0,0.161869201838501,0,0.167804823595692,0,0.378350287675858,0.528917562961578,0.193345205507055,0,0.167224026878594,0.560876404783792,0.177063873628002,0.203444866238492,0.229280868845601,0.210141635412793,0,0
0,0.273058364126417,0,0.21803302363849,0.212873041629791,0.190604031085968,0,0,0,0.235030591487885,0,0,0,0,0,0,0.249252406811273,0.273653722937322,0.300121630287439,0,0,0,0,0,0,0,0,0,0,0,0,0,0,0,0,0.248733884729115,0,0.233965665102005,0,0,0.262588147819042,0.252475511006952,0.25026344304735,0,0.246007010340691,0.268625769271624,0.283999994397163,0.395540733798975,0.271975785493851,0.179637495889942,0.259952295571566,0.191709512046405,0,0,0.205980569124222,0.212334258902457,0.303804536660512,0.267566141244527,0.27025818452239,0.234929215908051,0.267405778169632,0.213244860370954,0.269461430933164,0,0,0,0,0,0,0,0.269123792648315,0,0.301582449674606,0.301841298739115,0,0,0,0,0.216595706853497,0.329484716057777,0.286654633922236,0.283811217794816,0.283619320231307,0.269998028019413,0.279347815815028,0.27756705135107,0
0.393634536940801,0,0.249224086105824,0.265128314495087,0.221748480200768,0,0,0,0,0,0,0,0,0,0,0,0.26730009500256,0.255686880192823,0.293930989176633,0,0,0,0,0,0,0,0,0,0,0,0,0,0,0,0,0,0.175332587957382,0,0.236857488751411,0.262588147819042,0,0.256124892168575,0.262234972754992,0,0.285537851191013,0.266875113432224,0.308136546209455,0.264048807006894,0.208498644138569,0,0.238412917268519,0,0,0,0.239993270705728,0,0.269398174606837,0,0.246312029659748,0,0.249799886170556,0,0.227023959159851,0.283180412321439,0,0,0,0,0,0,0,0.303070761263371,0.31391234199206,0.2965983136424,0,0,0,0.299237459897995,0.2907585054636,0.288784555149533,0.279858720799287,0.271874546725303,0.280970017513252,0.274578259156568,0.276980819570708,0,0.259762367064303
0,0.302252301175124,0,0.27712781463157,0,0.260411396622658,0,0,0.240373373031616,0.2098174598068,0,0,0,0,0,0,0.217174865359808,0.23638480540365,0.232845026418186,0,0,0,0,0,0,0,0,0,0,0,0,0,0,0,0,0.29030641913414,0,0.231772322739874,0,0.252475511006952,0.256124892168575,0,0.240905420672625,0,0,0.261116410788584,0.25503665022552,0.448967412114143,0.228093802928925,0.292148938975789,0,0.254199769347906,0,0,0.255627289414406,0.250374476442922,0,0.348779051013642,0.227623969316483,0.252902512749036,0.228356137871742,0.239242143929005,0.311685284802333,0.281472328305244,0,0,0,0,0,0,0.272491618990898,0,0.29622880995906,0.268820693095525,0,0,0,0,0.300220857724782,0.29790866209401,0.306165516130602,0.273697851477443,0.255942549298886,0.236200515478849,0.285168713974458,0.281822527448336,0.280444532632828
0.30983827534047,0,0.289713038355892,0,0.241194169968367,0,0,0,0.151222471513,0.216454386711121,0,0,0,0,0,0,0.229726682991589,0.214452612313252,0.217926462359095,0,0,0,0,0,0.143701195716858,0,0,0,0,0,0,0,0,0.325596585869789,0.270014345645905,0,0.293829873204231,0,0.153727232582039,0.25026344304735,0.262234972754992,0.240905420672625,0,0,0.184316505988439,0.248881389697393,0.259591306695259,0.380955372419622,0.276270264391766,0.235603675246239,0.255004075666269,0,0,0,0.242389342334657,0,0.299710462096988,0,0.275316971284087,0,0.276668155532397,0,0.231534868478775,0.32676032656847,0,0,0,0.257305369069035,0,0,0.238133832812309,0.301765758882869,0.266191683709621,0.294759331255743,0,0,0.364574551582336,0.234853298618243,0.267537752077693,0.282262022793293,0.244944805377408,0.280931206578894,0.258353364046667,0.251591805815697,0.28378911886127,0,0.266895884139971
0,0,0,0,0,0,0,0,0,0,0,0,0,0,0,0,0,0,0,0,0,0,0,0,0,0,0,0,0,0,0,0,0,0,0,0,0,0,0,0,0,0,0,0,0,0,0,0,0,0,0,0,0,0,0,0,0,0,0,0,0,0,0,0,0,0,0,0,0,0,0,0,0,0,0,0,0,0,0,0,0,0,0,0,0,0,0
0,0,0,0,0,0,0,0,0,0,0,0,0,0,0,0,0,0.173021614551544,0,0,0,0,0,0,0,0,0,0,0,0,0,0,0,0,0,0,0,0,0,0.246007010340691,0.285537851191013,0,0.184316505988439,0,0,0,0.285942949354649,0,0,0,0,0,0,0,0,0,0,0,0,0,0,0,0,0,0,0,0,0,0,0,0,0,0,0.202259734272957,0,0,0,0,0,0.262352854013443,0,0.20069520175457,0.207996306259458,0.228376578007426,0.242439245375303,0,0
0,0.288497854420479,0.270007895926634,0.240693189558529,0.241004057228565,0.207703568041325,0,0,0.249832466244698,0.241520300507545,0,0,0,0,0,0,0.253323327284306,0.281526092961045,0.325073378742057,0,0,0,0,0,0,0,0,0,0,0,0,0,0,0,0,0.155519102182653,0.287792831659317,0.264754265546799,0.265712112188339,0.268625769271624,0.266875113432224,0.261116410788584,0.248881389697393,0,0,0,0.280289822154575,0.275897362828255,0,0.234173218871272,0.259407594799995,0.199233561754227,0,0,0.2479995675385,0.209201031923294,0.286211799830198,0.236477147900697,0.266873561418974,0.227827489376068,0.261964075267315,0.186967074871063,0.235032118943255,0,0,0,0,0,0,0,0.269271567463875,0,0.297987137423005,0.302843242883682,0,0,0,0,0.328096065731428,0.294747953387824,0.318188200837799,0.295430675148964,0.292273701633079,0.260639317041519,0.266566465703643,0,0
0.337051878791106,0,0.242205728776753,0.259638637304306,0,0,0,0,0.220706760883331,0,0,0,0,0,0,0,0.277842231781075,0.252759506305059,0.343364388632351,0,0,0,0,0,0,0,0,0,0,0,0,0,0,0,0.227915793657303,0,0.157094299793243,0,0.230702128675249,0.283999994397163,0.308136546209455,0.25503665022552,0.259591306695259,0,0.285942949354649,0.280289822154575,0,0.308798581361771,0.245872464563165,0.260630697011948,0.217654794454575,0,0,0,0.218362552875822,0.242455780506134,0.251332471023003,0.270662277936935,0.232460930943489,0,0.225216363485043,0,0.289296358823776,0.266130024574805,0,0,0,0,0,0,0,0,0.317273815472921,0.281738587383982,0,0,0,0,0.327173416813215,0.271272331788804,0.324061619383948,0.288908708539809,0.301135199028725,0.273374778159121,0.274180462399034,0,0.248628176748753
0.386925920844078,0.284078795462847,0,0.319488286972046,0.270126208662987,0,0,0,0.331201571684617,0.262803830206394,0,0,0,0,0,0,0.271023869514465,0,0.277877560683659,0,0,0,0,0,0,0,0,0,0,0,0,0.449099988276799,0.508686116561736,0.296747315740774,0.352118343429297,0.459663376307763,0.515669128632545,0.452752932252181,0.499748381099316,0.395540733798975,0.264048807006894,0.448967412114143,0.380955372419622,0,0,0.275897362828255,0.308798581361771,0,0.384661583263246,0.324894211080391,0.254710826277733,0.31835862249136,0,0,0.345357530117035,0.307785446391157,0.258705496788025,0.215626016259193,0.299026045203209,0,0.300473541021347,0.282176166772842,0.243562877178192,0,0.416882395744324,0.42221400141716,0.380751214317373,0.426992616117603,0,0,0.325680404901505,0,0,0.386013915141424,0.376536710307923,0.51301123865379,0.329829533779838,0.369863992545007,0.35430389094935,0.415260960009489,0.398018479115304,0.456846018537341,0.393854050987039,0.193033486604691,0.401761651274405,0,0
0.173376976226161,0.480354025959969,0.177109055555938,0,0.217769058421254,0,0,0,0.185814193244708,0.360820740461349,0,0,0,0,0,0,0.262289001828148,0.243298947811127,0.273493953049183,0,0.218749351799488,0.547955363988876,0.187538345903158,0,0.139278300106525,0,0,0,0,0,0,0,0.456781589466593,0.489944748580456,0.39779760936896,0.345425844192505,0.261693681279818,0.623402838736496,0.289189211291171,0.271975785493851,0.208498644138569,0.228093802928925,0.276270264391766,0,0,0,0.245872464563165,0.384661583263246,0,0.555971847518402,0.238620359897614,0,0,0,0.212547664793072,0.42509584243481,0.250480748299095,0,0.244336920082569,0,0.191797410115236,0,0,0.232555118203163,0.515894822776318,0.233669648217249,0.503824498723535,0.207769636135298,0,0,0,0,0.480365395545959,0.288484269510145,0,0.380984425544739,0.54306562717368,0.39079874711071,0.28486790060997,0.262966380785737,0.608413171233275,0.317421385693982,0.385503880970429,0.261287223547697,0.257762701912389,0,0
0,0.205339999117244,0,0.194789801584719,0,0.209407177567482,0,0,0.432670079171658,0.172882782916228,0,0,0,0,0,0,0.283586909373601,0.2671192245824,0.294447256340867,0.23852576315403,0,0.272058433250469,0,0.131656087934971,0,0.251207180321217,0,0,0,0,0,0,0,0.287843927741051,0.587118182863508,0.187451059067691,0,0.356716995622589,0.568401145748794,0.179637495889942,0,0.292148938975789,0.235603675246239,0,0,0.234173218871272,0.260630697011948,0.324894211080391,0.555971847518402,0,0,0.223384891947111,0,0,0.413471844047308,0.206108542313253,0,0.255950238063174,0,0.234522579579937,0,0.254369843247775,0.288353569507599,0,0.244129858052073,0.536833057800929,0.172469912825719,0.515636319463903,0.265984672395622,0,0.219096891300858,0,0.258189624843707,0.283031612634659,0,0,0.284543248110039,0.533956942589659,0.191487061792952,0.35776761174202,0.304931932390012,0.568724540727479,0.244726801524651,0.248124389722943,0.260352152476996,0.29072947374412,0
0,0,0.244633393628257,0.243448492884636,0.199010393008311,0,0.129270810633898,0,0.196836023591459,0,0,0,0,0,0.203904020515355,0,0.249289149045944,0,0.234614908695221,0,0.209800642521227,0,0,0,0,0,0,0,0,0,0,0,0,0,0,0,0.221197864839009,0,0.234114550054073,0.259952295571566,0.238412917268519,0,0.255004075666269,0,0,0.259407594799995,0.217654794454575,0.254710826277733,0.238620359897614,0,0,0.232412099838257,0.246953952643606,0,0.20823656999674,0.226371020078659,0.296652622520924,0,0.218006753921509,0.242749661207199,0.192671403288841,0,0.232402294874191,0.303420587394243,0,0,0,0,0,0,0,0,0,0.29112191663848,0,0,0,0,0.265165234605471,0.241758139586294,0.273977473378181,0.272248721785016,0.202222316912035,0.184653307994207,0.254274046012702,0,0
0,0,0,0.191108998249878,0,0.160405547609963,0,0.150155858848901,0,0,0,0,0,0.178899948795637,0,0,0.248887151479721,0,0.242464795708656,0.192252196702692,0,0,0,0,0,0,0,0,0,0,0,0,0,0,0,0.181831082159823,0,0,0,0.191709512046405,0,0.254199769347906,0,0,0,0.199233561754227,0,0.31835862249136,0,0.223384891947111,0.232412099838257,0,0,0.180786088893288,0,0,0,0.179632202667349,0,0,0,0,0.216886514052749,0,0,0,0,0,0,0,0,0,0.283209174871445,0,0,0,0,0,0.189495271390623,0,0,0,0.154501409397099,0.161130335181952,0.187382435433253,0,0
0,0,0,0,0,0,0.1695471065385,0,0,0,0.17256963428329,0,0,0,0,0,0,0,0,0,0.141825377941132,0,0,0,0,0,0,0,0,0,0,0,0,0,0,0,0,0,0,0,0,0,0,0,0,0,0,0,0,0,0.246953952643606,0,0,0,0,0,0.192800798978572,0,0,0,0,0,0,0.155426779931242,0,0,0,0,0,0,0,0,0,0,0,0,0,0,0,0,0,0,0.173092448876964,0,0,0,0
0,0,0,0,0,0.171652502435095,0,0.169197142629024,0,0,0,0,0,0.171309829372721,0,0,0,0,0,0.171598125249147,0,0,0,0,0,0,0,0,0,0,0,0,0,0,0,0,0,0,0,0,0,0,0,0,0,0,0,0,0,0,0,0.180786088893288,0,0,0,0,0,0,0,0.199891280796793,0,0,0.205646879971027,0,0,0,0,0,0,0,0,0,0,0,0,0,0,0,0,0,0,0,0.150366627446869,0,0.170472592115402,0,0
0.17665262531324,0,0.212043538689613,0.225973218679428,0.217041866137431,0,0,0,0.186464507261227,0,0,0,0,0,0.166657412197532,0,0.192664995386794,0.198238750298818,0.212930998764932,0,0,0,0,0,0.169708807360042,0,0.162974366918206,0,0,0,0,0,0,0,0.244928240776062,0,0.253319293260574,0.412635630794934,0.194740046809117,0.205980569124222,0.239993270705728,0.255627289414406,0.242389342334657,0,0,0.2479995675385,0.218362552875822,0.345357530117035,0.212547664793072,0.413471844047308,0.20823656999674,0,0,0,0,0.324056188265483,0.222181908786297,0,0,0,0.216845531453753,0,0,0.215900935232639,0,0,0.411512885242701,0.22110398082119,0,0,0,0,0,0.27771665652593,0,0,0,0.240667765694005,0.290694296360016,0.289828151464462,0.402562775919514,0.237798892147839,0.192052997606019,0.203782640397549,0.210438059990081,0,0
0,0.182442071094665,0,0.164526339163893,0,0,0,0,0,0.185618651544593,0,0,0,0,0,0.160265207937484,0,0.237293154001236,0.240565754473209,0,0,0,0,0.177203223109245,0,0.153678715229034,0,0,0,0,0,0,0,0.233843407145253,0,0.20526884496212,0,0.197434298641293,0.352868169546127,0.212334258902457,0,0.250374476442922,0,0,0,0.209201031923294,0.242455780506134,0.307785446391157,0.42509584243481,0.206108542313253,0.226371020078659,0,0,0,0.324056188265483,0,0.248042777180672,0.216269008815289,0.245944648981094,0,0,0.184274707281628,0.206422941759229,0,0,0,0.241186526426804,0.408673107624054,0.16677743226898,0,0.246103476732969,0,0.262023398652673,0,0,0,0.239113923576143,0,0.22614068709887,0,0.240133500347535,0.406649784909354,0.195267736823076,0.234261110424995,0.229605939107005,0.252560466527939,0
0.341734969615936,0,0.332032129845836,0.258666345477104,0.17692085971003,0,0.165699571371078,0,0.276963979005814,0,0.170695150906705,0,0.146083113923669,0,0,0,0.280374158705984,0,0.29689617951711,0,0.182437214121031,0,0,0,0,0,0,0,0,0,0.147239559392134,0,0,0,0,0,0.15972798631109,0,0.167909165484125,0.303804536660512,0.269398174606837,0,0.299710462096988,0,0,0.286211799830198,0.251332471023003,0.258705496788025,0.250480748299095,0,0.296652622520924,0,0.192800798978572,0,0.222181908786297,0.248042777180672,0,0,0.269383796023806,0,0.261191986501217,0,0,0.301976835929105,0,0,0,0,0,0.292872549593449,0,0.26640862924497,0,0.401945248405848,0,0,0,0,0.259771376848221,0.217667307774976,0,0.179988276162376,0.205528776522155,0.320265720287959,0.305363251027148,0,0
0,0,0,0.21153244025567,0,0.170519731110997,0,0.156088450849056,0,0,0,0.175981298108758,0,0.153014081635626,0,0,0.259140186011791,0.310298025608063,0.347218665209684,0.174350042087691,0,0.289340754350026,0,0,0,0,0,0,0,0.166800460992498,0,0,0,0,0,0.163123644556934,0,0.1622593538461,0,0.267566141244527,0,0.348779051013642,0,0,0,0.236477147900697,0.270662277936935,0.215626016259193,0,0.255950238063174,0,0.179632202667349,0,0,0,0.216269008815289,0,0,0,0.185086627511569,0,0.283266354477807,0.231834285473832,0,0.27158842086792,0,0,0,0.307338614779783,0,0.266528534490734,0,0.367685160966311,0,0,0,0,0,0.180510840025441,0,0.197942404173888,0,0.183029165481056,0.2530673990647,0.315563681758007,0,0
0,0,0.291505434173198,0.277034550905228,0.174781680107117,0,0.173545464873314,0,0,0,0.159870013808205,0,0.162079602852231,0,0.135641658806619,0,0.262225544878415,0,0.24633063511415,0,0.216342508792877,0,0,0,0,0,0,0,0,0,0,0,0,0,0,0,0.234769113361835,0,0.219154566526413,0.27025818452239,0.246312029659748,0.227623969316483,0.275316971284087,0,0,0.266873561418974,0.232460930943489,0.299026045203209,0.244336920082569,0,0.218006753921509,0,0,0,0,0.245944648981094,0.269383796023806,0,0,0,0.215433536304368,0,0,0.295172731702526,0,0,0,0,0,0.297957907534308,0,0.286607408532646,0,0.29971542623308,0,0,0,0,0.287856221199036,0.245585381411589,0,0.283414900302887,0.178854923321301,0.257974326610565,0.264274895475476,0,0.252191036939621
0,0,0,0.209246850231799,0,0.15795448794961,0,0.180648036142613,0,0,0,0.162444489459563,0,0.156216608770595,0,0.13258340805769,0,0,0,0.201524019241333,0,0.301806822419167,0,0.316842019557953,0,0,0,0.174354127773145,0,0,0,0,0,0,0,0.181079164147377,0,0,0,0.234929215908051,0,0.252902512749036,0,0,0,0.227827489376068,0,0,0,0.234522579579937,0.242749661207199,0,0,0.199891280796793,0,0,0,0.185086627511569,0,0,0,0.273473840377417,0.204564985632896,0,0.316417326529821,0,0.284932687878609,0,0.327886491665075,0,0.329835910470255,0,0,0,0,0,0,0,0.189197698235512,0,0.251888878643513,0,0.160527827839057,0.135277197792612,0.266712448774622,0,0
0.220258926239488,0,0.274179064030722,0,0,0,0,0,0.201230746896371,0,0,0,0.15172928571701,0,0.211644429872011,0,0.247353831926982,0.212379902601242,0.248120710253716,0,0,0,0,0,0.228333643078804,0,0,0,0,0,0,0,0,0,0,0,0,0,0.217486917972565,0.267405778169632,0.249799886170556,0.228356137871742,0.276668155532397,0,0,0.261964075267315,0.225216363485043,0.300473541021347,0.191797410115236,0,0.192671403288841,0,0,0,0.216845531453753,0,0.261191986501217,0,0.215433536304368,0,0,0.232076838612556,0,0,0,0,0,0.185176955846449,0,0.260331976744864,0,0,0,0.300479054450989,0,0,0,0,0,0.25228388980031,0,0.271996140480042,0.220393602337156,0,0.248114876921584,0,0
0,0.168838739395142,0,0.176126669112005,0,0,0,0,0,0.171274586362138,0,0,0,0.140121933321158,0,0.150495181566682,0,0,0,0,0,0,0,0,0,0,0,0.136643157724072,0,0,0,0,0,0,0,0.196706429123878,0,0,0,0.213244860370954,0,0.239242143929005,0,0,0,0.186967074871063,0,0.282176166772842,0,0.254369843247775,0,0,0,0,0,0.184274707281628,0,0.283266354477807,0,0.273473840377417,0.232076838612556,0,0,0,0,0,0.196432831532815,0,0.297437852380252,0,0.273476630449295,0,0,0.270419836044312,0,0,0,0,0,0,0,0,0.163978626951575,0,0.250321236473543,0,0
0,0.282187849283218,0,0.212635849203382,0,0.202277782923318,0,0.196199963268425,0,0.157709747552872,0,0.150181179309366,0,0,0,0,0.229646615684032,0.261464834213257,0.383822025110324,0.243322218705482,0,0,0,0,0,0,0,0,0,0,0,0,0,0,0,0.160018581851229,0,0.231776147297803,0,0.269461430933164,0.227023959159851,0.311685284802333,0.231534868478775,0,0,0.235032118943255,0.289296358823776,0.243562877178192,0,0.288353569507599,0.232402294874191,0.216886514052749,0,0.205646879971027,0,0.206422941759229,0,0.231834285473832,0,0.204564985632896,0,0,0,0,0,0,0,0,0,0,0.31009429693222,0,0.325458939618139,0.343933790922165,0,0,0,0,0.221449000717409,0.320756167173386,0.325127175073591,0.261592268943787,0.267243874750354,0.281597691277663,0.254188283533193,0,0
0.393399626016617,0,0.24118572473526,0,0.224604782164971,0,0,0,0,0,0.146974991758664,0,0,0,0,0,0.278655648231506,0.278994739055634,0.32865761756897,0,0.16364708004994,0,0,0,0,0,0,0,0,0,0,0,0,0,0,0,0.157612427728609,0,0.212381194528374,0,0.283180412321439,0.281472328305244,0.32676032656847,0,0,0,0.266130024574805,0,0.232555118203163,0,0.303420587394243,0,0.155426779931242,0,0.215900935232639,0,0.301976835929105,0,0.295172731702526,0,0,0,0,0,0,0,0,0,0,0,0,0,0,0.290261842697472,0,0,0,0,0,0.220148613785514,0.25123605132103,0.277093617760583,0.179536662830247,0.249096753696601,0.288781683130744,0,0
0,0,0,0,0,0,0,0,0.451284468173981,0,0,0,0,0,0,0,0,0,0,0,0,0.164912117599147,0,0.179381824879029,0,0.190748500327269,0,0.174583873815007,0,0,0,0,0,0,0,0,0,0.170485004918207,0.572616934776306,0,0,0,0,0,0,0,0,0.416882395744324,0.515894822776318,0.244129858052073,0,0,0,0,0,0,0,0.27158842086792,0,0.316417326529821,0,0,0,0,0,0,0.196275836212581,0,0.34049327487725,0,0.275389034037168,0,0,0,0,0,0,0,0,0,0.194365544111832,0.483401904503504,0.158781054529172,0.192235380411148,0.270510282706131,0,0
0,0,0,0,0,0,0,0,0,0,0,0,0,0,0,0,0.144991502165794,0,0,0,0,0,0.168170100365839,0,0.205211830911813,0,0.213017612695694,0,0.116468106706937,0,0,0,0,0,0,0,0,0,0.16765258140473,0,0,0,0,0,0,0,0,0.42221400141716,0.233669648217249,0.536833057800929,0,0,0,0,0,0,0,0,0,0,0,0,0,0,0,0,0,0.21401839435374,0,0.263501763126276,0,0.218643083372741,0,0,0,0,0,0,0,0,0,0.25076677710816,0.155566424549965,0.154918118663456,0,0,0
0.323974743485451,0.198951825499535,0,0,0,0,0,0,0.392227421204249,0.249846120675405,0,0,0,0,0,0,0,0.143534389989717,0,0,0,0.149700660825424,0,0.214736892303469,0,0.162255142864428,0,0,0,0,0,0,0,0.241383947432041,0.536927759647369,0,0,0.162324719544392,0.503807097673416,0,0,0,0,0,0,0,0,0.380751214317373,0.503824498723535,0.172469912825719,0,0,0,0,0.411512885242701,0.241186526426804,0,0,0,0.284932687878609,0,0.196432831532815,0,0,0.196275836212581,0,0,0.47153398080876,0.208372790027748,0,0.302867654711008,0,0,0,0,0,0.286756843328476,0,0,0,0.339500673970576,0.487700619451378,0.282310394096104,0,0.30759727277539,0,0
0.1847364080173,0,0,0,0,0,0,0,0.208306786261107,0,0,0,0,0,0,0,0.231127520402273,0,0,0,0,0.429562002420425,0.15661063332959,0,0.17163039194213,0,0.2048981918229,0,0,0,0,0,0,0,0,0,0,0.546507659657248,0.172564398086219,0,0,0,0.257305369069035,0,0,0,0,0.426992616117603,0.207769636135298,0.515636319463903,0,0,0,0,0.22110398082119,0.408673107624054,0,0,0,0,0.185176955846449,0,0,0,0,0.21401839435374,0.47153398080876,0,0,0.22260769493509,0,0,0,0,0,0,0,0.28572304546833,0,0,0.485711697650992,0.230600202653338,0.348647013133348,0,0.298139747313183,0,0
0,0,0,0,0,0,0,0,0,0.165487518895473,0,0,0,0,0,0,0,0,0,0,0,0.319106217158043,0,0.179551490393701,0,0.195866363315747,0,0,0,0,0,0,0,0,0,0,0,0,0,0,0,0,0,0,0,0,0,0,0,0.265984672395622,0,0,0,0,0,0.16677743226898,0,0.307338614779783,0,0.327886491665075,0,0.297437852380252,0,0,0.34049327487725,0,0.208372790027748,0,0,0,0.339749653832766,0,0,0,0,0,0,0,0,0,0,0,0.140025557950139,0,0.281669586045401,0,0
