0,0,136.377870351076,0,0,0,0,0,163.43540430069,0,0,0,0,0,0,0,9.68975973129272,0,42.1011186987162,0,0,0,0,0,0,0,0,0,0,0,0,0,0,0,0,0,3.78526496887207,0,0,0,7.68610239028931,0,36.6247139275074,0,0,0,1.92706072330475,0,119.421194761992,0,0,0,0,0,70.5434747040272,0,0.256022155284882,0,0,0,2.73228228092194,0,0,2.67422342300415,0,0,0,0,0,0,0,0,0,0.345058739185333,0,0,0,0,0,33.0551232472062,0,0.988793462514877,112.307755380869,0,234.406053841114,0,0.497891694307327
0,0,0,173.354104250669,0,0,0,0,0,299.530070438981,0,0,0,0,0,0.612556099891663,0,0,18.7905925214291,0,0,0,0,0,0,0,0,0,0,0,0,0,0,0,0,0.735025346279144,0,0,0,4.01394551992416,0,234.968567192554,0,0,0,1.98567724227905,0,0,0,283.580393090844,0,0,0,0,0,380.234793379903,0,3.31713205575943,0,0,0,86.6609945297241,2.23690268397331,0,0.447073623538017,0,9.03921303153038,0,0,0,0.245167806744576,0,2.60743361711502,0,0,0,0,0,37.5819522291422,0,1.3321036696434,0,53.7235751748085,0,272.466464132071,0.347345471382141,0
136.377870351076,0,0,0,37.227625221014,0,0,0,55.831375002861,0,0,0,0,0,0,0,0,0,4.7552774399519,0,0,0,0,0,0,0,0,0,0,0,0,0,0,0,0,0,22.9123432338238,0,0,0,10.2863256037235,0,65.473087310791,0,0,0,4.8112721145153,12.1488351225853,76.5500963032246,0,38.0681899785995,0,0,0,240.855230093002,0,15.3935394585133,0,13.7748619616032,0,152.772948563099,0,0,0.866913676261902,0,0,0,0,0,0,0,0,0,21.7641381621361,0,0,0,0,0,15.8052990585566,0,3.09059235453606,168.382795065641,0,231.613209620118,0,35.8572726547718
0,173.354104250669,0,0,0,6.82810461521149,0,0,0,107.606344789267,0,0,0,0,0,0,0,0.212489828467369,3.86477917432785,22.6377658843994,0,0.167719081044197,0,0,0,0,0,0,0,0,0,0,0,0,0,53.623316809535,2.96271419525146,0,0,8.83744311332703,0,20.8533803671598,0,0,0,3.10634125769138,0,29.8755002915859,0,152.579711392522,0,136.768408387899,0,0,0,213.349979013205,0.131462678313255,5.12788234651089,0,21.6211902350187,0,181.106605142355,0.979984819889069,0,1.3957813680172,0,0,0,0,0,6.85551612079144,0,45.221710935235,0,0,0,0,0,12.8076730370522,0.44338184595108,23.1082083135843,0,280.674988791347,0,286.228971153498,2.3948809504509,0
0,0,37.227625221014,0,0,0,37.3495219498873,0,15.878556907177,0,0,0,0,0,9.04729449748993,0,1.94462943077087,0,0,0,4.21823927760124,0,0,0,0,0,0,0,0,0,0,0,0,0,0,0,18.8298544287682,0,0,0,0,0,2.00154808163643,0,0,0,1.46827673912048,2.15467673540115,5.70011270046234,0,548.656645208597,0,19.5082830190659,0,7.30548757314682,0,1.01727735996246,0,0,0,105.493856698275,0,0,2.71905243396759,0,0,0,0,0,0,0,0,0,0,0,0,0,0,0,13.3595421165228,0,0,254.777084767818,18.9442713260651,62.1142647862434,0,0
0,0,0,6.82810461521149,0,0,0,123.207676172256,0,93.2431350946426,0,0,0,0,0,38.4855533838272,0,0,0,14.2823756933212,0,0,0,0,0,0,0,0,0,0,0,0,0,0,0,44.0541293025017,0,0,0,0,0,0,0,0,0,0,0,0,0,0,0,483.413129299879,0,0,0,2.63862264156342,0,6.03805705904961,0,0,0,42.9151933789253,3.58537915349007,0,0,0,0,0,0,0,0,0,0,0,0,0,0,0,6.19754406809807,0,0,0,976.769631564617,120.008388996124,18.9428187906742,0,0
0,0,0,0,37.3495219498873,0,0,0,0,0,56.0292572975159,0,87.5051852166653,0,0,0,0,0,0,0,0,0,0,0,0,0,0,0,0,0,0,0,0,0,0,0,0,0,0,0,0,0,0,0,0,0,0,0,0,0,8.28839947283268,0,473.271581590176,0,0,0,56.1824260950089,0,46.5164104104042,0,0,0,0,0,0,0,0,0,0,0,0,0,0,0,0,0,0,0,0,0,0,0,167.507845520973,35.3171272277832,0,0,0
0,0,0,0,0,123.207676172256,0,0,0,0,0,0,0,57.1778340339661,0,0,0,0,0,0,0,0,0,0,0,0,0,0,0,0,0,0,0,0,0,0,0,0,0,0,0,0,0,0,0,0,0,0,0,0,0,110.257070600986,0,268.93193641305,0,0,0,10.3624964356422,0,0,0,0,0,0,0,0,0,0,0,0,0,0,0,0,0,0,0,0,0,0,0,0,265.997348874807,4.92444825172424,0,0,0
163.43540430069,0,55.831375002861,0,15.878556907177,0,0,0,0,0,0,0,0,0,3.24955707788467,0,0,0,0,0,0,0,0,0,3,0,0,0,0,0,0,0,0,0,0,0,0.629783391952515,0,4.51857554912567,0,2.94289946556091,0,17.3813205063343,0,0,0,0.72138237953186,0,4.97136351466179,0,7.04486811161041,0,0,0,544.504205405712,0,0,0,0,0,50.9136874973774,0,0,0.507815062999725,0,0,0,160.282724022865,0,0,0,0,0,0,0,0,0,0,0,1.00703325867653,0,43.118162214756,266.952061295509,0,20.0550919771194,0,6.74565362930298
0,299.530070438981,0,107.606344789267,0,93.2431350946426,0,0,0,0,0,0,0,0,0,32.8668651580811,0,2.22173544764519,0,0,0,0,0,7.1874742358923,0,0,0,0,0,0,0,0,0,0,0,1.12601357698441,0,32.0008283853531,0,0,0,0.874999821186066,0,0,0,0,0,0,0,19.7828699350357,0,18.5415202379227,0,0,0,563.138746902347,0,0,0,1.17312720417976,0,20.823572665453,0,0,0,0,2.77062925696373,0,0,0,0,0,1.49271976947784,0,0,0,0,0,0,0,56.6151432394981,0,56.4408967494965,0,32.2857715189457,0,0
0,0,0,0,0,0,56.0292572975159,0,0,0,0,0,63.1018826365471,0,0,0,0,0,0,0,316.039508581161,0,0,0,0,0,0,0,0,0,15.4710430651903,0,0,0,0,0,47.4705486297607,0,153.152840986848,0,0,0,0,0,0,0,0,0,0,0,0,0,32.7561960816383,0,0,0,1345.92024512589,0,356.421375393867,0,0,0,0,50.0338508039713,0,0,0,0,0,0,0,0,0,30.1876268535852,0,0,0,0,0,0,0,19.4429272711277,100.2585542202,0,13.3973682522774,0,0
0,0,0,0,0,0,0,0,0,0,0,0,0,164.943369030952,0,0,0,0,0,45.118275642395,0,0,0,0,0,0,0,0,0,31.1538967490196,0,0,0,0,0,30.5242375135422,0,241.061646729708,0,0,0,0,0,0,0,0,0,0,0,0,0,0,0,9.30367934703827,0,0,0,1498.66879108548,0,489.802518486977,0,0,60.6141166090965,0,0,0,0,0,0,0,29.5377522706985,0,93.488340690732,0,0,0,0,0,39.0068950653076,0,7.11825323104858,0,68.9507521986961,0,15.2593787014484,0,0
0,0,0,0,0,0,87.5051852166653,0,0,0,63.1018826365471,0,0,0,0.774629592895508,0,0,0,0,0,0,0,0,0,0,0,0,0,0,0,0,0,0,0,0,0,0,0,0,0,0,0,0,0,0,0,0,0,0,0,0,0,3.59343987703323,0,0,0,0,0,356.565049111843,0,74.1974061131477,0,0,0,0,0,0,0,0,0,0,0,0,0,0,0,0,0,0,0,0,0,20.5614088475704,0,0,0,0
0,0,0,0,0,0,0,57.1778340339661,0,0,0,164.943369030952,0,0,0,3.83613227307796,0,0,0,0,0,0,0,0,0,4.16921412944794,0,49.0752090215683,0,0,0,0,0,0,0,0,0,0,0,0,0,0,0,0,0,0,0,0,0,0,0,0,0,0,0,0,0,61.1671335697174,0,747.396863505244,0,42.3230687081814,0,0,0,0,0,0,2.39482027292252,0,102.644726365805,0,0,0,0,0,0,0,0,0,0,0,72.7396340370178,4.06992816925049,0,0,0
0,0,0,0,9.04729449748993,0,0,0,3.24955707788467,0,0,0,0.774629592895508,0,0,0,9.55251884460449,0,0,0,0,0,0,0,1.27505227923393,0,0,0,0,0,0,0,0,0,0,0,0,0,0,0,0,0,0,0,0,0,0,0,0,0,1.23758244514465,0,0,0,1.65796720981598,0,0,0,4.46688455343246,0,138.464246869087,0,0,0,0,0,0,17.4223687648773,0,4.13523292541504,0,0,0,0,0,0,0,0,0,0,0,0,0,0,0,0,0
0,0.612556099891663,0,0,0,38.4855533838272,0,0,0,32.8668651580811,0,0,0,3.83613227307796,0,0,0,0,0,0,0,0,0,0,0,3.91301012039185,0,35.597971200943,0,0,0,0,0,0,0,0,0,0,0,0,0,0,0,0,0,0,0,0,0,1.38855910301208,0,14.7316801548004,0,0,0,2.50380754470825,0,0,0,10.193944722414,0,60.7965234816074,0,0,0,0,0,0,0,0,0,0,0,0,0,0,0,0,0,0,0,0,158.352748453617,72.4647905826569,0,0,0
9.68975973129272,0,0,0,1.94462943077087,0,0,0,0,0,0,0,0,0,9.55251884460449,0,0,14705.3505783826,3839.23494302481,0,0,0,90.9169784784317,0,5.97678872942924,0.283460319042206,13.1821505129337,0,0,0,0,0,0,0,0,2.30436054617167,15.8355447798967,0,1.26833157241344,25.5390107780695,37.0259353816509,23.3855737447739,50.8014848530293,9.20076560974121,0,5.935008212924,35.4876239448786,0,0,2.28280648589134,0,0,0,0,0,0,5.54357768595219,0,0,0,0,0,21.6036671027541,25.2130431085825,0,19.0269487202168,0,0,0,0,0.597819581627846,0,4.88025625050068,8.97490504384041,0,0,0,0,82.1295237466693,156.21361746639,13.5100071430206,25.1855506002903,4893.78645380586,1013.5379819572,87.1848473995924,16.7972176373005,42.0620636045933
0,0,0,0.212489828467369,0,0,0,0,0,2.22173544764519,0,0,0,0,0,0,14705.3505783826,0,3885.14200538397,0,0,37.7059403061867,0,0,0,157.671281933784,0,0,0,0,0,0,0,0,0,5.52436728775501,2.80824436247349,1.36442351341248,2.85063552856445,12.7224049344659,12.0227544754744,47.0846254229546,19.9989652335644,2.25893998146057,0,4.95004265010357,29.3912902027369,0.168263882398605,0,3.94252762198448,0,0,0,0,0,0,1.79083052277565,0.965915739536285,0,0,0,0,16.3604650050402,10.6334052830935,0,0,0,0,37.8341620564461,0,0.604311749339104,0,1.41199806332588,6.86713163554668,0,0,0,0,81.4391907304525,57.672731205821,28.793641358614,15.5254196822643,5656.94557756186,1247.42610800266,52.2943051606417,28.4424521923065,12.1586881875992
42.1011186987162,18.7905925214291,4.7552774399519,3.86477917432785,0,0,0,0,0,0,0,0,0,0,0,0,3839.23494302481,3885.14200538397,0,0,0,0.61101758480072,0,0,0,0.290778756141663,1.07209706306458,0,0,0,0,0,0,0,0,123.031251810491,108.416166871786,5.01057715713978,29.3634298890829,419.203230731189,301.674299612641,547.363323196769,597.353053696454,120.42997302115,15.1304218024015,136.247646674514,397.825466297567,8.72837445884943,6.49676115810871,5.76785513013601,0,0,0,0,0,0,15.3993637114763,2.8536776304245,0,0.232406824827194,0,0.500148773193359,204.822933100164,191.574326701462,0.120546869933605,0,0,0,0,0,5.67956060171127,0.256355553865433,88.1383642628789,78.958775550127,0,0,4.78885340690613,0,1617.18519736826,1558.68066965789,483.2697577402,247.846228502691,1850.79022994637,7.65989398956299,1321.51856339723,303.852314412594,307.630305200815
0,0,0,22.6377658843994,0,14.2823756933212,0,0,0,0,0,45.118275642395,0,0,0,0,0,0,0,0,0,0,0,0,0,0,0,0,0,0,0,0,0,0,0,382.462103873491,0,16.4914093613625,0,0,0,0,0,0,0,0,0,0,0,0,0,32.3113290071487,0,0,0,0,0,20.7140621840954,0,1.84502363204956,0,1.28155028820038,834.285684615374,0,0,0,0,0,0,0,0,0,0,0,0,0,0,0,166.083601027727,0,9.54294058680534,0,23.8887792825699,0,30.2981414794922,0,0
0,0,0,0,4.21823927760124,0,0,0,0,0,316.039508581161,0,0,0,0,0,0,0,0,0,0,0,0,0,0,0,0,0,0,0,0,0,0,0,0,0,368.193065665662,0,89.9361765980721,0,0,0,0,0,0,0,0,0,2.81164336204529,0,45.3980642259121,0,0,0,0,0,55.2989416718483,0,0,0,0,0,0,676.082194015384,0,0,0,0,0,0,0,0,0,0,0,0,0,0,0,334.171554602683,0,0.516980022192001,19.5831565856934,0,19.6657019257545,0,0
0,0,0,0.167719081044197,0,0,0,0,0,0,0,0,0,0,0,0,0,37.7059403061867,0.61101758480072,0,0,0,65.2430576086044,48.239910453558,0,56.4318895339966,0,5.78230947256088,0,0,0,0,0,0,0,0,0,271.421474471688,0,0,0,6.69688519835472,0,0,0,0.790800005197525,0,0,0,63.6915807574987,0,0,0,0,0,0,0,18.4641795307398,0,0.491616412997246,0,0.227040395140648,2.58665335178375,0,6336.46943648905,0.327543944120407,75.2292543649673,0,6.04802131652832,0,66.8974733352661,0,6.80622401833534,0,0,0,0,0,0,0,617.666337952018,0,313.577432110906,3.11350035667419,16.5140872597694,2.35519617795944,0
0,0,0,0,0,0,0,0,0,0,0,0,0,0,0,0,90.9169784784317,0,0,0,0,65.2430576086044,0,0,123.351384162903,0,0,0,50.0917253494263,0,0,0,0,0,0,0,0,0,485.387179531157,0,0,0,0,0,0,0,0,0,67.8162663578987,0,0,0,0,0,0,0,0,0,0,0,0,0,0,0,5.96331834793091,4979.42802469432,0,101.474256888032,0,30.6141262054443,0,38.58084410429,0,0,0,0,0,0,0,0,0,551.27158267796,199.404824107885,0,0,0,0
0,0,0,0,0,0,0,0,0,7.1874742358923,0,0,0,0,0,0,0,0,0,0,0,48.239910453558,0,0,0,4,0,0,0,0,0,0,0,0,0,0,0,433.663704842329,0,0,0,0.269006997346878,0,0,0,0,0,0,0,38.9409784376621,0,0,0,0,0,90.1640478819609,0,0,0,0,0,0.882622599601746,0,0,6.83501854538918,0,463.107445374131,0,2.93279522657394,0,0,0,0,0,0,0,0,0,0,0,395.199398517609,0,14.5890101790428,0,6.00416839122772,0.726821899414062,0
0,0,0,0,0,0,0,0,3,0,0,0,0,0,1.27505227923393,0,5.97678872942924,0,0,0,0,0,123.351384162903,0,0,0,62.4444308280945,0,0,0,0,0,0,0,0,0,0,0,651.940035745502,0,0,0,0,0,0,0,0,0,19.1508657634258,0,0,0,0,0,1.40977132320404,0,0,0,0,0,11.7993767261505,0,0,0,0,19.1455814242363,0,666.378732681274,0,116.669798433781,0,0,0,0,0,0,0,0,0,0,0,230.888929799199,11.1951634287834,0,6.19843092560768,0,0
0,0,0,0,0,0,0,0,0,0,0,0,0,4.16921412944794,0,3.91301012039185,0.283460319042206,157.671281933784,0.290778756141663,0,0,56.4318895339966,0,4,0,0,0,10.896360874176,0,0,0,0,0,0,0,0,0,0,0,0,0,0,0,0,0,0,0,0,0,0,0,0,0,0,0,0,0,0,0,1.45627450942993,0,20.286155462265,0,0,0,0,65.3233859837055,0,252.170306921005,0,0,0,0,0,0,0,0,0,0,0,0,0,43.8756009340286,0,0,0,0
0,0,0,0,0,0,0,0,0,0,0,0,0,0,0,0,13.1821505129337,0,1.07209706306458,0,0,0,0,0,62.4444308280945,0,0,0,6.3503692150116,0,0,0,0,0,0,0,0,0,0,0,0,0,0,0,0,0,0,0,0,0,0,0,0,0,0,0,0,0,0,0,0,0,0,0,0,0,0,86.8779568374157,0,42.0350026786327,0,12.8731933534145,0,0,0,0,0,0,0,0,0,0,0,0,0,0,0
0,0,0,0,0,0,0,0,0,0,0,0,0,49.0752090215683,0,35.597971200943,0,0,0,0,0,5.78230947256088,0,0,0,10.896360874176,0,0,0,161.954903781414,0,0,0,0,0,0,0,0,0,0,0,0,0,0,0,0,0,0,0,0,0,0,0,0,0,0,0,0,0,1.42258238792419,0,39.1519846916199,0,0,9.37048184871674,0,0,0,12.791654586792,0,551.365283638239,0,0,0,0,0,0,0,0,0,3.13893187046051,0,0,0,0,0,0
0,0,0,0,0,0,0,0,0,0,0,0,0,0,0,0,0,0,0,0,0,0,50.0917253494263,0,0,0,6.3503692150116,0,0,0,140.386113107204,0,0,0,0,0,0,0,11.2860027551651,0,0,0,0,0,0,0,0,0,0,0,0,0,0,0,0,0,0,0,0,0,0,0,0,0,0,10.0968828201294,0,0,0,0,0,578.122688621283,0,0.698592305183411,0,0,0,0,0,0,0,42.420762822032,8.7450944185257,0,0,0,0
0,0,0,0,0,0,0,0,0,0,0,31.1538967490196,0,0,0,0,0,0,0,0,0,0,0,0,0,0,0,161.954903781414,0,0,0,0,0,0,0,0,0,52.6099558621645,0,0,0,0,0,0,0,0,0,0,0,0,0,0,0,0,0,0,0,12.3259896337986,0,57.8673117160797,0,0,0,0,0,0,0,0,0,0,243.649338901043,0,280.529516741633,0,0,0,0,0,0,0,13.0957844108343,0,2.37587594985962,0,0,0,0
0,0,0,0,0,0,0,0,0,0,15.4710430651903,0,0,0,0,0,0,0,0,0,0,0,0,0,0,0,0,0,140.386113107204,0,0,0,0,0,0,0,0,0,52.3285087645054,0,0,0,0,0,0,0,0,0,0,0,0,0,0,0,0,0,26.1003714650869,0,0,0,0,0,0,0,0,0,0,0,0,0,0,39.8108487427235,0,453.629848271608,0,0,0,0,0,0,0,13.5370167195797,0,0,0,0,0
0,0,0,0,0,0,0,0,0,0,0,0,0,0,0,0,0,0,0,0,0,0,0,0,0,0,0,0,0,0,0,0,81.4008912444115,32.0991726666689,0,322.379774257541,0.377278506755829,0,0,0,0,0,0,0,0,0,0,585.295836150646,7.43968832492828,0.546176314353943,0,0,0,0,0,0,0,0,0,0,0,0,0,0,0,0,0,0,0,0,0,0,0,0,186.695248022676,10.8701813369989,9.7124444693327,0,35.6413297951221,1.635706782341,0,0,14.9297765344381,0,0,0,0
0,0,0,0,0,0,0,0,0,0,0,0,0,0,0,0,0,0,0,0,0,0,0,0,0,0,0,0,0,0,0,81.4008912444115,0,1.32164943218231,41.6420210599899,0,79.4150297045708,0,0,0,0,0,0,0,0,0.267416089773178,0,815.009670838714,1.31189203262329,3.80632829666138,0,0,0,0,0,0,0,0,0,0,0,0,0,0,0,0,0,0,0,0,0,0,0,0,32.2758867889643,351.744061365724,0.332211554050446,29.76440346241,6.36128172278404,61.9112526327372,0,0,4.18471878767014,0,0,0,0
0,0,0,0,0,0,0,0,0,0,0,0,0,0,0,0,0,0,0,0,0,0,0,0,0,0,0,0,0,0,0,32.0991726666689,1.32164943218231,0,369.560423225164,220.65187253058,0,112.296578228474,114.577047348022,0,0,0,0,0,0,0,0,1777.56812126935,11.3282400071621,5.97637510299683,0,0,0,0,0,0,0,0,0,0,0,0,0,0,0,0,0,0,0,0,0,0,0,0,128.080173224211,0,1771.71922853589,56.6990578770638,115.464206546545,0.697838619351387,60.138073861599,98.5546990633011,97.3279215991497,0,0,0,0
0,0,0,0,0,0,0,0,0,0,0,0,0,0,0,0,0,0,0,0,0,0,0,0,0,0,0,0,0,0,0,0,41.6420210599899,369.560423225164,0,0,233.84640610218,1.18588864803314,15.3791629076004,0,0,0,0,0,0,0,0,3392.30750881135,7.80139458179474,0,0,0,0,0,0,0,0,0,0,0,0,0,0,0,0,0,0,0,0,0,0,0,0,0,0,99.2019120454788,765.456983357668,938.161122381687,0,178.364748865366,0,29.4754961133003,90.8808909654617,0,0,0,0
0,0.735025346279144,0,53.623316809535,0,44.0541293025017,0,0,0,1.12601357698441,0,30.5242375135422,0,0,0,0,2.30436054617167,5.52436728775501,123.031251810491,382.462103873491,0,0,0,0,0,0,0,0,0,0,0,322.379774257541,0,220.65187253058,0,0,400.666417807341,1771.96405439079,0,24.0598753318191,0.291419021785259,85.8961924687028,2.46756539493799,15.8642239868641,0,248.355359584093,1.3303586691618,182.331944651902,3.72493831813335,46.6041699647903,0,83.4292894303799,0,0,0,2.03686329722404,0,112.810627520084,0,13.3726705610752,0,10.4937422573566,613.326553560793,0,0.698902189731598,0,0.220029413700104,0,0.1669692248106,0,1.97300426661968,0,3.00995283573866,0,339.653852239251,0,507.300924807787,0,17919.7981031537,45.4206290319562,561.324983209372,3.09527540206909,1329.68767418712,1142.88253971934,254.866382867098,47.6222987174988,0.256978519260883
3.78526496887207,0,22.9123432338238,2.96271419525146,18.8298544287682,0,0,0,0.629783391952515,0,47.4705486297607,0,0,0,0,0,15.8355447798967,2.80824436247349,108.416166871786,0,368.193065665662,0,0,0,0,0,0,0,0,0,0,0.377278506755829,79.4150297045708,0,233.84640610218,400.666417807341,0,0,1498.60484243929,0.20946928113699,4.13835220038891,1.4135820120573,88.8454759865999,0,0.488313019275665,0.127170696854591,205.003251548856,38.2677313312888,27.6760907620192,0.97975766658783,19.1241444051266,0,0,0,0,0,17.7526739090681,2.22016972303391,1.84528869390488,0,2.03621450066566,0,0,724.39615111053,0,0,0,0,0,0,0,4.48437690734863,0,10.001659989357,0.630258351564407,45.4028094112873,0,226.010393306613,140.912803068757,14088.5919237062,0.122037619352341,467.881969645619,1078.83919332922,607.050376951694,241.153563380241,0.0828888118267059,32.8513487204909
0,0,0,0,0,0,0,0,0,32.0008283853531,0,241.061646729708,0,0,0,0,0,1.36442351341248,5.01057715713978,16.4914093613625,0,271.421474471688,0,433.663704842329,0,0,0,0,0,52.6099558621645,0,0,0,112.296578228474,1.18588864803314,1771.96405439079,0,0,10.340517282486,0.356375157833099,0,3.47369366884232,0,0,0,28.2946660667658,0,31.3680098354816,0,205.226142406464,0,0,0,0,0,46.2038817107677,0,277.71201056242,0,1.32037258148193,0,1.84608563780785,220.340521126986,0,275.158147662878,0,536.44427254796,0,2.74739944934845,0,4.23813009262085,0,207.168731763959,0,0,0,165.126913398504,0,1380.19677980244,0.205463632941246,9107.5752735436,23.4394681453705,350.613559737802,18.7091339826584,30.1371145993471,0.84783348441124,0
0,0,0,0,0,0,0,0,4.51857554912567,0,153.152840986848,0,0,0,0,0,1.26833157241344,2.85063552856445,29.3634298890829,0,89.9361765980721,0,485.387179531157,0,651.940035745502,0,0,0,11.2860027551651,0,52.3285087645054,0,0,114.577047348022,15.3791629076004,0,1498.60484243929,10.340517282486,0,1.79418694227934,3.37397526204586,1.62432432174683,10.005887016654,0,0,0,18.1306615322828,1623.03157898784,259.351318463683,0,0,0,0,0,105.313501819968,0,41.6248432993889,0,0,0,0,0,0,512.362842723727,0,248.256092786789,0,811.282088205218,0,3.35706579685211,0,4.08299821615219,0.191785275936127,55.0277347713709,0,0,0,49.5146324187517,0,1432.05284441262,0,9316.48099838197,581.527567982674,0,123.624153263867,0,10.4030927419662
0,4.01394551992416,0,8.83744311332703,0,0,0,0,0,0,0,0,0,0,0,0,25.5390107780695,12.7224049344659,419.203230731189,0,0,0,0,0,0,0,0,0,0,0,0,0,0,0,0,24.0598753318191,0.20946928113699,0.356375157833099,1.79418694227934,0,5.40479964762926,1087.6782823652,11.2537766471505,21.2544378042221,0,59.6387642249465,3.24109760671854,0.777430653572083,0,164.842718400061,0,0,0,0,0,4.86514616012573,0.162635952234268,0.979611098766327,0,1.54995486140251,0,0.651220917701721,22.9163703471422,0.249967604875565,1.83744172751904,0,0,0,0.283448591828346,0,5.73568961024284,0,24.2616803348064,0.209241852164268,0,0,0,0,209.103645533323,10.6453612372279,69.6803832575679,4.46390543878078,106.302727289498,0,1011.12766819447,121.580546230078,4.79860937595367
7.68610239028931,0,10.2863256037235,0,0,0,0,0,2.94289946556091,0,0,0,0,0,0,0,37.0259353816509,12.0227544754744,301.674299612641,0,0,0,0,0,0,0,0,0,0,0,0,0,0,0,0,0.291419021785259,4.13835220038891,0,3.37397526204586,5.40479964762926,0,7.92344836890697,990.045052312315,0,0,2.13591754436493,149.542712166905,1.60702094435692,69.3204294592142,0,3.15061187744141,0,0,0,0,0,4.72678172588348,0,0,0,0,0,0,9.4926563501358,0,0,0,0,0,0,0.129896238446236,0,0,27.5753392130136,0,0,0,0,7.06699654459953,252.781536087394,0.602656781673431,46.8354797065258,46.7474900707603,0,894.018269874156,1.31424161046743,167.986132904887
0,234.968567192554,0,20.8533803671598,0,0,0,0,0,0.874999821186066,0,0,0,0,0,0,23.3855737447739,47.0846254229546,547.363323196769,0,0,6.69688519835472,0,0.269006997346878,0,0,0,0,0,0,0,0,0,0,0,85.8961924687028,1.4135820120573,3.47369366884232,1.62432432174683,1087.6782823652,7.92344836890697,0,347.668855085969,23.7624548822641,0,42.2370443642139,15.7977430075407,20.6338043138385,14.1943662315607,762.278132110834,0,0,0,0,0,1.48441177606583,2.69328582286835,163.217352569103,0,52.5349379330873,0,8.76709206402302,286.995360374451,2.00607912242413,31.6087942570448,0,4.22984525561333,0,7.04056495428085,0,241.175080016255,0,885.74220213294,0.986235558986664,0,0,0.146562561392784,0,1102.52902922779,18.9378047809005,733.916416049004,7.06971812993288,851.351076349616,0,1821.36606806517,978.045485451818,1.74182896316051
36.6247139275074,0,65.473087310791,0,2.00154808163643,0,0,0,17.3813205063343,0,0,0,0,0,0,0,50.8014848530293,19.9989652335644,597.353053696454,0,0,0,0,0,0,0,0,0,0,0,0,0,0,0,0,2.46756539493799,88.8454759865999,0,10.005887016654,11.2537766471505,990.045052312315,347.668855085969,0,0.756508499383926,1.5571174621582,1.58875319361687,257.972176969051,79.0294237583876,307.808712124825,24.0540884882212,6.73602202534676,0,0,0,0,0,165.519592165947,0,8.18445472419262,0,15.5129191577435,0,5.45272591710091,146.648885414004,0.120621204376221,0,0,0,0,0,0,29.7149605453014,0,394.040983140469,0,0,0,0,26.1376745924354,1168.96755149961,1.92322564870119,271.214366912842,760.573758237064,0,3535.34863191098,13.0790881663561,1131.24570125341
0,0,0,0,0,0,0,0,0,0,0,0,0,0,0,0,9.20076560974121,2.25893998146057,120.42997302115,0,0,0,0,0,0,0,0,0,0,0,0,0,0,0,0,15.8642239868641,0,0,0,21.2544378042221,0,23.7624548822641,0.756508499383926,0,0,0.303253352642059,4.54867103695869,0,4.71867263317108,0,0,0,0,0,0,0,0,0,0,0,0,0,6.33651350438595,0.281019687652588,0,0,0,0,0,0,0,0,2.81796813011169,0,0,0,0,0,92.6697805076838,1.50397038459778,8.73960922658443,0.766119778156281,6.18448057770729,0,28.1339970678091,18.4395507276058,0
0,0,0,0,0,0,0,0,0,0,0,0,0,0,0,0,0,0,15.1304218024015,0,0,0,0,0,0,0,0,0,0,0,0,0,0,0,0,0,0.488313019275665,0,0,0,0,0,1.5571174621582,0,0,0,0.588811159133911,0,0,0,0,0,0,0,0,0,2.19045567512512,0,0,0,0,0,0,0,0,0,0,0,0,0,0,0,0,0,0,0,0,0,0,6.54350936412811,0,2.82791841030121,0,0,2.16323444247246,0,0
0,1.98567724227905,0,3.10634125769138,0,0,0,0,0,0,0,0,0,0,0,0,5.935008212924,4.95004265010357,136.247646674514,0,0,0.790800005197525,0,0,0,0,0,0,0,0,0,0,0.267416089773178,0,0,248.355359584093,0.127170696854591,28.2946660667658,0,59.6387642249465,2.13591754436493,42.2370443642139,1.58875319361687,0.303253352642059,0,0,0.735607050359249,13.7215802520514,8.74663908779621,5.79316094517708,0,0,0,0,0,0,0,4.65365314483643,0,2.22337682545185,0,0,1029.17845273018,0.979684934020042,1.89651700109243,0,0.470947161316872,0,0.384157374501228,0,17.7857848256826,0,58.6467341780663,0.138725027441978,0,0,2.08592456579208,0,1456.87747837603,14.2076093181968,572.58848285675,0,44.0148912072182,0,294.750020004809,3.48459978401661,1.91736663877964
1.92706072330475,0,4.8112721145153,0,1.46827673912048,0,0,0,0.72138237953186,0,0,0,0,0,0,0,35.4876239448786,29.3912902027369,397.825466297567,0,0,0,0,0,0,0,0,0,0,0,0,0,0,0,0,1.3303586691618,205.003251548856,0,18.1306615322828,3.24109760671854,149.542712166905,15.7977430075407,257.972176969051,4.54867103695869,0.588811159133911,0.735607050359249,0,1.53990912437439,5.50077642500401,0,0,0,0,0,0,0,34.6277985051274,0,1.02809154987335,0,1.7007874250412,0,2.90633670240641,356.217080116272,0,0,0,0,0,0,0,4.32874920964241,1.04447019100189,36.7779622748494,0,0,0,0,21.3892404511571,1400.17594153434,4.07377019524574,242.245540216565,68.8428453430533,0,393.73209258914,3.45261811465025,23.3288842141628
0,0,12.1488351225853,29.8755002915859,2.15467673540115,0,0,0,0,0,0,0,0,0,0,0,0,0.168263882398605,8.72837445884943,0,0,0,0,0,0,0,0,0,0,0,0,585.295836150646,815.009670838714,1777.56812126935,3392.30750881135,182.331944651902,38.2677313312888,31.3680098354816,1623.03157898784,0.777430653572083,1.60702094435692,20.6338043138385,79.0294237583876,0,0,13.7215802520514,1.53990912437439,0,2690.25160712004,1555.4531006813,7.1462088227272,0,0,0,0.788711309432983,0,10.3225714862347,1.89943559467793,4.33502393960953,0.255851835012436,0.371907651424408,0,0.197881907224655,1.1606273651123,0,0,0,0,0.258939206600189,0,0.838601112365723,0,0.708796381950378,0.994360148906708,3574.24919722974,2822.86140797287,509.133800595999,356.375779882073,1415.42936934531,1158.39719311148,37.7202950119972,27.5147655457258,1463.33721326292,0,606.818070039153,3.20621846616268,0
119.421194761992,0,76.5500963032246,0,5.70011270046234,0,0,0,4.97136351466179,0,0,0,0,0,0,0,0,0,6.49676115810871,0,2.81164336204529,0,67.8162663578987,0,19.1508657634258,0,0,0,0,0,0,7.43968832492828,1.31189203262329,11.3282400071621,7.80139458179474,3.72493831813335,27.6760907620192,0,259.351318463683,0,69.3204294592142,14.1943662315607,307.808712124825,4.71867263317108,0,8.74663908779621,5.50077642500401,2690.25160712004,0,395.733364775777,3.9967628121376,0,0,0,35.2644061148167,0,63.8539500534534,0,40.8339416980743,0,177.586390137672,0,0.603006362915039,0.477597787976265,0,240.541609063745,0,126.345554694533,0,7.87748831510544,0,175.979908406734,0,32.440087094903,59.1523514986038,62.6456149220467,40.8903823196888,0,131.27774387598,535.260070048273,0.671408295631409,607.986030250788,1194.7495989576,0,1043.06868876517,1.12852247059345,26.8079829216003
0,283.580393090844,0,152.579711392522,0,0,0,0,0,19.7828699350357,0,0,0,0,0,1.38855910301208,2.28280648589134,3.94252762198448,5.76785513013601,0,0,63.6915807574987,0,38.9409784376621,0,0,0,0,0,0,0,0.546176314353943,3.80632829666138,5.97637510299683,0,46.6041699647903,0.97975766658783,205.226142406464,0,164.842718400061,0,762.278132110834,24.0540884882212,0,0,5.79316094517708,0,1555.4531006813,395.733364775777,0,0,0,0,0,0,68.7775581181049,2.26690983772278,132.899872258306,0,142.245786309242,0,109.537301540375,21.1859866082668,0,168.520856931806,0,169.032093003392,0.25034373998642,33.7593256831169,0,140.234138637781,0,256.024362832308,0.132319688796997,43.3466722071171,5.43610841035843,21.3317963480949,0,285.10364151746,26.2961492985487,631.248470768332,0.607747316360474,963.920801751316,0,1018.60637030751,76.9981193989515,0
0,0,38.0681899785995,0,548.656645208597,0,8.28839947283268,0,7.04486811161041,0,0,0,0,0,1.23758244514465,0,0,0,0,0,45.3980642259121,0,0,0,0,0,0,0,0,0,0,0,0,0,0,0,19.1241444051266,0,0,0,3.15061187744141,0,6.73602202534676,0,0,0,0,7.1462088227272,3.9967628121376,0,0,0,8.1384250074625,0,7.30749088525772,0,101.875889509916,0,23.9834995567799,0,128.301377922297,0,0,70.8391185104847,0,0,0,0,0,0,0,0,0,1.63865238428116,0,0,0,0,0,11.0915863364935,0,0,116.429475769401,0,420.368778049946,0,0
0,0,0,136.768408387899,0,483.413129299879,0,110.257070600986,0,18.5415202379227,0,0,0,0,0,14.7316801548004,0,0,0,32.3113290071487,0,0,0,0,0,0,0,0,0,0,0,0,0,0,0,83.4292894303799,0,0,0,0,0,0,0,0,0,0,0,0,0,0,0,0,0,48.3927937150002,0,5.8799649477005,0,100.515740931034,0,32.562703192234,0,38.3117599785328,26.6107233464718,0,0,0,0,0,0,0,0,0,0,0,0,0,0,0,22.5443000495434,0,0,0,315.448596984148,25.9161167144775,108.321484237909,0,0
0,0,0,0,19.5082830190659,0,473.271581590176,0,0,0,32.7561960816383,0,3.59343987703323,0,0,0,0,0,0,0,0,0,0,0,0,0,0,0,0,0,0,0,0,0,0,0,0,0,0,0,0,0,0,0,0,0,0,0,0,0,8.1384250074625,0,0,0,0,0,230.835019811988,0,73.0310156047344,0,0,0,0,0,0,0,0,0,0,0,0,0,0,0,0,0,0,0,0,0,0,0,79.6390500366688,0,0,0,0
0,0,0,0,0,0,0,268.93193641305,0,0,0,9.30367934703827,0,0,0,0,0,0,0,0,0,0,0,0,0,0,0,0,0,0,0,0,0,0,0,0,0,0,0,0,0,0,0,0,0,0,0,0,0,0,0,48.3927937150002,0,0,0,0,0,155.962376534939,0,0,0,0,0,0,0,0,0,0,0,0,0,0,0,0,0,0,0,0,0,0,0,0,36.3366109132767,0,0,0,0
70.5434747040272,0,240.855230093002,0,7.30548757314682,0,0,0,544.504205405712,0,0,0,0,0,1.65796720981598,0,0,0,0,0,0,0,0,0,1.40977132320404,0,0,0,0,0,0,0,0,0,0,0,0,0,105.313501819968,0,0,0,0,0,0,0,0,0.788711309432983,35.2644061148167,0,7.30749088525772,0,0,0,0,0,0,0,0,0,596.687447756529,0,0,0,0,0,0,20.0512458086014,0,0.978084564208984,0,0,0,0.318517774343491,0,0,0,0,0,0,0,448.463606715202,85.1090697646141,0,23.3280603587627,0,0
0,380.234793379903,0,213.349979013205,0,2.63862264156342,0,0,0,563.138746902347,0,0,0,0,0,2.50380754470825,0,0,0,0,0,0,0,90.1640478819609,0,0,0,0,0,0,0,0,0,0,0,2.03686329722404,0,46.2038817107677,0,4.86514616012573,0,1.48441177606583,0,0,0,0,0,0,0,68.7775581181049,0,5.8799649477005,0,0,0,0,0,0,0,0,0,1014.76277062297,0,0,0,0,154.212489455938,0,0,0,0,0,0,0,0,0,0,0,0.245314672589302,0,479.333013445139,0,46.0615184307098,0,32.610228061676,0,0
0.256022155284882,0,15.3935394585133,0.131462678313255,1.01727735996246,0,56.1824260950089,0,0,0,1345.92024512589,0,0,0,0,0,5.54357768595219,1.79083052277565,15.3993637114763,0,55.2989416718483,0,0,0,0,0,0,0,0,0,26.1003714650869,0,0,0,0,0,17.7526739090681,0,41.6248432993889,0.162635952234268,4.72678172588348,2.69328582286835,165.519592165947,0,2.19045567512512,0,34.6277985051274,10.3225714862347,63.8539500534534,2.26690983772278,101.875889509916,0,230.835019811988,0,0,0,0,0,659.040237694979,0,59.6333768069744,0,0,982.795831978321,0,0,0,0,0,0,0,443.873383849859,0,551.819445729256,0,0,0,0,0.525132909417152,47.5990089997649,0,6.57791286706924,95.8321926891804,0,1459.44955141842,0,59.6569229364395
0,3.31713205575943,0,5.12788234651089,0,6.03805705904961,0,10.3624964356422,0,0,0,1498.66879108548,0,61.1671335697174,0,0,0,0.965915739536285,2.8536776304245,20.7140621840954,0,18.4641795307398,0,0,0,0,0,0,0,12.3259896337986,0,0,0,0,0,112.810627520084,2.22016972303391,277.71201056242,0,0.979611098766327,0,163.217352569103,0,0,0,4.65365314483643,0,1.89943559467793,0,132.899872258306,0,100.515740931034,0,155.962376534939,0,0,0,0,0,722.501826152205,0,20.5016448497772,414.865668132901,0,84.2456829845905,0,27.0681524276733,0,25.294386073947,0,823.614935144782,0,928.359387353063,0,0,0,0,0,31.8258735686541,1.07536306977272,71.5420493781567,0,22.7625556439161,0,387.644360341132,27.4550607204437,0
0,0,13.7748619616032,0,0,0,46.5164104104042,0,0,0,356.421375393867,0,356.565049111843,0,4.46688455343246,0,0,0,0,0,0,0,0,0,0,0,0,0,0,0,0,0,0,0,0,0,1.84528869390488,0,0,0,0,0,8.18445472419262,0,0,0,1.02809154987335,4.33502393960953,40.8339416980743,0,23.9834995567799,0,73.0310156047344,0,0,0,659.040237694979,0,0,0,112.238013952971,0,0,26.2058965563774,0,0,0,0,0,12.3741784095764,0,1.55883085727692,0,0.850974082946777,0,0,0,0,0,1.38446322083473,0,0.960016071796417,35.0824446678162,0,179.253984004259,0,0.536831259727478
0,0,0,21.6211902350187,0,0,0,0,0,1.17312720417976,0,489.802518486977,0,747.396863505244,0,10.193944722414,0,0,0.232406824827194,1.84502363204956,0,0.491616412997246,0,0,0,1.45627450942993,0,1.42258238792419,0,57.8673117160797,0,0,0,0,0,13.3726705610752,0,1.32037258148193,0,1.54995486140251,0,52.5349379330873,0,0,0,2.22337682545185,0,0.255851835012436,0,142.245786309242,0,32.562703192234,0,0,0,0,0,722.501826152205,0,0,0,322.487100809813,80.0621234029531,0,22.6663874089718,0,15.1152820587158,0,33.9970052391291,0,326.534038379788,0,13.3561910688877,0,0,0,0,0,7.08421960473061,0.12311840057373,7.8165957480669,0,36.7264386862516,0,302.097325026989,6.96420705318451,0
2.73228228092194,0,152.772948563099,0,105.493856698275,0,0,0,50.9136874973774,0,0,0,74.1974061131477,0,138.464246869087,0,0,0,0,0,0,0,0,0,11.7993767261505,0,0,0,0,0,0,0,0,0,0,0,2.03621450066566,0,0,0,0,0,15.5129191577435,0,0,0,1.7007874250412,0.371907651424408,177.586390137672,0,128.301377922297,0,0,0,596.687447756529,0,59.6333768069744,0,112.238013952971,0,0,0,0,0,0,0,0,157.163024485111,0,13.739072561264,0,1.69519990682602,0,2.67261838912964,0,0,0,0,0,1.29303473234177,0,0.472661197185516,60.7128517925739,0,111.818449154496,0,4.21900671720505
0,86.6609945297241,0,181.106605142355,0,42.9151933789253,0,0,0,20.823572665453,0,0,0,42.3230687081814,0,60.7965234816074,0,0,0.500148773193359,1.28155028820038,0,0.227040395140648,0,0.882622599601746,0,20.286155462265,0,39.1519846916199,0,0,0,0,0,0,0,10.4937422573566,0,1.84608563780785,0,0.651220917701721,0,8.76709206402302,0,0,0,0,0,0,0,109.537301540375,0,38.3117599785328,0,0,0,1014.76277062297,0,20.5016448497772,0,322.487100809813,0,0,0,0,7.98539312183857,0,17.5321718454361,0,120.491703718901,0,2.13607734441757,0,0,0,0,0,0,0,2.10678246617317,0,3.8121529519558,0,169.913103148341,12.2894917726517,48.6194376200438,0,0
0,2.23690268397331,0,0.979984819889069,0,3.58537915349007,0,0,0,0,0,60.6141166090965,0,0,0,0,21.6036671027541,16.3604650050402,204.822933100164,834.285684615374,0,2.58665335178375,0,0,0,0,0,0,0,0,0,0,0,0,0,613.326553560793,0,220.340521126986,0,22.9163703471422,0,286.995360374451,5.45272591710091,6.33651350438595,0,1029.17845273018,2.90633670240641,0.197881907224655,0.603006362915039,21.1859866082668,0,26.6107233464718,0,0,0,0,0,414.865668132901,0,80.0621234029531,0,0,0,2.36221191287041,19.0064533352852,0,5.06872430443764,0,6.1852016299963,0,238.054821461439,0,911.050182074308,0,0,0,0.587127149105072,0,2212.64155875146,3.13830550014973,1285.08135522157,1.06054723262787,129.319822534919,0,854.587304793298,17.0481472015381,3.55949833244085
2.67422342300415,0,0.866913676261902,0,2.71905243396759,0,0,0,0.507815062999725,0,50.0338508039713,0,0,0,0,0,25.2130431085825,10.6334052830935,191.574326701462,0,676.082194015384,0,0,0,0,0,0,0,0,0,0,0,0,0,0,0,724.39615111053,0,512.362842723727,0.249967604875565,9.4926563501358,2.00607912242413,146.648885414004,0.281019687652588,0,0.979684934020042,356.217080116272,1.1606273651123,0.477597787976265,0,70.8391185104847,0,0,0,0,0,982.795831978321,0,26.2058965563774,0,0,0,2.36221191287041,0,0,0,0,0,0,0,0,10.5775355398655,1.40456604957581,612.249085649848,0,0,0,0,3.3712147846818,3010.25112388283,0,546.879065349698,62.6149796321988,0,1147.34678079933,3.13900834321976,11.7615524232388
0,0.447073623538017,0,1.3957813680172,0,0,0,0,0,0,0,0,0,0,0,0,0,0,0.120546869933605,0,0,6336.46943648905,5.96331834793091,6.83501854538918,0,0,0,9.37048184871674,0,0,0,0,0,0,0,0.698902189731598,0,275.158147662878,0,1.83744172751904,0,31.6087942570448,0.120621204376221,0,0,1.89651700109243,0,0,0,168.520856931806,0,0,0,0,0,0,0,84.2456829845905,0,22.6663874089718,0,7.98539312183857,19.0064533352852,0,0,0,535.901879429817,0,205.719746172428,0,445.342870697379,0,17.6214632540941,0,0,0,0,0,0.784444704651833,0,1747.26471908391,0,304.233059421182,0,70.1504937410355,7.38089194893837,0
0,0,0,0,0,0,0,0,0,0,0,0,0,0,0,0,19.0269487202168,0,0,0,0,0.327543944120407,4979.42802469432,0,19.1455814242363,0,0,0,10.0968828201294,0,0,0,0,0,0,0,0,0,248.256092786789,0,0,0,0,0,0,0,0,0,240.541609063745,0,0,0,0,0,0,0,0,0,0,0,0,0,0,0,0,0,0,682.487136498094,0,169.010152027011,0,640.926597341895,0,0,0,0,0,0,0,0,0,2323.39118488133,269.612733259797,0,3.67738515138626,0,0
0,9.03921303153038,0,0,0,0,0,0,0,2.77062925696373,0,0,0,0,0,0,0,0,0,0,0,75.2292543649673,0,463.107445374131,0,65.3233859837055,0,0,0,0,0,0,0,0,0,0.220029413700104,0,536.44427254796,0,0,0,4.22984525561333,0,0,0,0.470947161316872,0,0,0,169.032093003392,0,0,0,0,0,154.212489455938,0,27.0681524276733,0,15.1152820587158,0,17.5321718454361,5.06872430443764,0,535.901879429817,0,0,0,138.665835365653,0,124.894594177604,0,0.968129813671112,0,0,0,0,0,0.137420162558556,0,1017.86415670812,0,34.170970723033,0,261.408934310079,0.62545770406723,0
0,0,0,0,0,0,0,0,160.282724022865,0,0,0,0,0,17.4223687648773,0,0,0,0,0,0,0,101.474256888032,0,666.378732681274,0,86.8779568374157,0,0,0,0,0,0,0,0,0,0,0,811.282088205218,0,0,0,0,0,0,0,0,0,126.345554694533,0.25034373998642,0,0,0,0,20.0512458086014,0,0,0,0,0,157.163024485111,0,0,0,0,682.487136498094,0,0,0,330.429544210434,0,46.0587480962276,0,0,0,0,0,0,0,0,0,866.623158976436,50.2962875962257,0,262.366126537323,0,0
0,0,0,0,0,0,0,0,0,0,0,0,0,2.39482027292252,0,0,0,37.8341620564461,0,0,0,6.04802131652832,0,2.93279522657394,0,252.170306921005,0,12.791654586792,0,0,0,0,0,0,0,0.1669692248106,0,2.74739944934845,0,0.283448591828346,0,7.04056495428085,0,0,0,0.384157374501228,0,0.258939206600189,0,33.7593256831169,0,0,0,0,0,0,0,25.294386073947,0,33.9970052391291,0,120.491703718901,6.1852016299963,0,205.719746172428,0,138.665835365653,0,0,0,389.127152651548,0,0.507825791835785,0,0,0,0,0,0.142679363489151,0,2.13474071025848,0,153.317919075489,0,14.8621334135532,0.740136563777924,0
0,0,0,0,0,0,0,0,0,0,0,0,0,0,4.13523292541504,0,0,0,0,0,0,0,30.6141262054443,0,116.669798433781,0,42.0350026786327,0,0,0,0,0,0,0,0,0,0,0,3.35706579685211,0,0,0,0,0,0,0,0,0,7.87748831510544,0,0,0,0,0,0.978084564208984,0,0,0,12.3741784095764,0,13.739072561264,0,0,0,0,169.010152027011,0,330.429544210434,0,0,0,350.650067090988,0,0,0,0,0,0,0,0,0,0,0,0,10.3538120985031,0,0
0,0.245167806744576,0,6.85551612079144,0,0,0,0,0,0,0,29.5377522706985,0,102.644726365805,0,0,0.597819581627846,0.604311749339104,5.67956060171127,0,0,66.8974733352661,0,0,0,0,0,551.365283638239,0,243.649338901043,0,0,0,0,0,1.97300426661968,0,4.23813009262085,0,5.73568961024284,0.129896238446236,241.175080016255,0,0,0,17.7857848256826,0,0.838601112365723,0,140.234138637781,0,0,0,0,0,0,0,823.614935144782,0,326.534038379788,0,2.13607734441757,238.054821461439,0,445.342870697379,0,124.894594177604,0,389.127152651548,0,0,0,755.938290551305,0,0,0,0,0,5.47227157652378,0.307427123188972,310.357437200844,0,40.7294882833958,0,221.240891426802,47.7588182687759,0
0,0,0,0,0,0,0,0,0,0,0,0,0,0,0,0,0,0,0.256355553865433,0,0,0,38.58084410429,0,0,0,12.8731933534145,0,578.122688621283,0,39.8108487427235,0,0,0,0,0,4.48437690734863,0,4.08299821615219,0,0,0,29.7149605453014,0,0,0,4.32874920964241,0,175.979908406734,0,0,0,0,0,0,0,443.873383849859,0,1.55883085727692,0,1.69519990682602,0,0,10.5775355398655,0,640.926597341895,0,46.0587480962276,0,350.650067090988,0,0,0,386.863267123699,0,0,0,0,0,0,0,504.186866462231,62.3666019141674,0,150.613188683987,0,11.3923172950745
0,2.60743361711502,0,45.221710935235,0,0,0,0,0,1.49271976947784,0,93.488340690732,0,0,0,0,4.88025625050068,1.41199806332588,88.1383642628789,0,0,6.80622401833534,0,0,0,0,0,0,0,280.529516741633,0,0,0,0,0,3.00995283573866,0,207.168731763959,0.191785275936127,24.2616803348064,0,885.74220213294,0,2.81796813011169,0,58.6467341780663,1.04447019100189,0.708796381950378,0,256.024362832308,0,0,0,0,0,0,0,928.359387353063,0,13.3561910688877,0,0,911.050182074308,1.40456604957581,17.6214632540941,0,0.968129813671112,0,0.507825791835785,0,755.938290551305,0,0,2.15544366836548,0,0,0,0,44.0720033794641,4.46142126619816,521.607069596648,0.212924689054489,95.9754458516836,0,620.634620495141,277.225847765803,0
0.345058739185333,0,21.7641381621361,0,0,0,0,0,0,0,30.1876268535852,0,0,0,0,0,8.97490504384041,6.86713163554668,78.958775550127,0,0,0,0,0,0,0,0,0,0.698592305183411,0,453.629848271608,0,0,0,0,0,10.001659989357,0,55.0277347713709,0.209241852164268,27.5753392130136,0.986235558986664,394.040983140469,0,0,0.138725027441978,36.7779622748494,0.994360148906708,32.440087094903,0.132319688796997,1.63865238428116,0,0,0,0.318517774343491,0,551.819445729256,0,0.850974082946777,0,2.67261838912964,0,0,612.249085649848,0,0,0,0,0,0,0,386.863267123699,2.15544366836548,0,0,0,0,0,4.10166954994202,87.1612338200212,0,278.620371997356,224.770205318928,0,841.708968386054,0,276.894761264324
0,0,0,0,0,0,0,0,0,0,0,0,0,0,0,0,0,0,0,0,0,0,0,0,0,0,0,0,0,0,0,186.695248022676,32.2758867889643,128.080173224211,0,339.653852239251,0.630258351564407,0,0,0,0,0,0,0,0,0,0,3574.24919722974,59.1523514986038,43.3466722071171,0,0,0,0,0,0,0,0,0,0,0,0,0,0,0,0,0,0,0,0,0,0,0,0,0,44.339521497488,169.018474861979,0,110.997539550066,22.3185353577137,0,0,28.4599965959787,0,0,0,0
0,0,0,0,0,0,0,0,0,0,0,0,0,0,0,0,0,0,0,0,0,0,0,0,0,0,0,0,0,0,0,10.8701813369989,351.744061365724,0,99.2019120454788,0,45.4028094112873,0,0,0,0,0,0,0,0,0,0,2822.86140797287,62.6456149220467,5.43610841035843,0,0,0,0,0,0,0,0,0,0,0,0,0,0,0,0,0,0,0,0,0,0,0,0,44.339521497488,0,0,148.837816044688,5.95581775903702,418.153079919517,0,0,3.87609350681305,0,0,0,0
0,0,0,0,0,0,0,0,0,0,0,0,0,0,0,0,0,0,4.78885340690613,0,0,0,0,0,0,0,0,0,0,0,0,9.7124444693327,0.332211554050446,1771.71922853589,765.456983357668,507.300924807787,0,165.126913398504,0,0,0,0.146562561392784,0,0,0,2.08592456579208,0,509.133800595999,40.8903823196888,21.3317963480949,0,0,0,0,0,0,0,0,0,0,0,0,0.587127149105072,0,0,0,0,0,0,0,0,0,0,0,169.018474861979,0,0,66.1745460629463,767.336451515555,6.83674576878548,977.633691161871,21.5217788219452,52.3683982640505,0,1.64918124675751,0,0
0,0,0,0,0,0,0,0,0,0,0,0,0,0,0,0,0,0,0,0,0,0,0,0,0,0,0,0,0,0,0,0,29.76440346241,56.6990578770638,938.161122381687,0,226.010393306613,0,49.5146324187517,0,0,0,0,0,0,0,0,356.375779882073,0,0,0,0,0,0,0,0,0,0,0,0,0,0,0,0,0,0,0,0,0,0,0,0,0,0,0,148.837816044688,66.1745460629463,0,0,709.367126166821,0,595.242034420371,36.8453932255507,0,0,0,0
