0,0,14.6767298429019,72.7343673706055,0,0,0,0,6.90896724077278,0,0,83.6141319274902,0,71.8934097290039,6.40269987106323,0,62.5709681510925,86.9676602681478,25.2550161343354,106.038589477539,0,0,0,0,20.2059426307678,0,0,0,0,0,0,0,0,0,0,40.0548054377238,40.3939061164856,85.0905456542969,15.7376623153687,0,38.6857532180903,45.4417553959935,46.8240304163524,0,0,57.0088403489855,29.4542834633275,42.2017766316732,7.13063838269272,40.2141522494229,0,75.6457672119141,0,0,9.14316420963239,0,0,74.7821604410807,0,68.7095085144043,5.12189467818336,0,0,0,0,0,0,14.1614373070853,81.1540832519531,12.5486531257629,84.217155456543,0,82.5478744506836,0,0,0,0,0,0,38.0397205080305,0,13.5721391042074,15.0588238311723,47.6204586029053,15.4858461273645,0,11.3331346035004
0,0,0,8.73513519062715,0,0,0,0,0,8.64543894155702,0,37.9700574874878,0,25.7545957565308,0,12.4931172287982,90.9811134338379,45.3931627909342,29.0035597483317,52.6336197853088,0,0,0,18.8851809058079,0,19.4075285663921,0,0,0,0,0,0,0,0,0,31.7741925375802,0,44.0341957092285,0,0,93.3963394165039,33.6219319046521,0,22.791384379069,0,26.6560044288635,0,0,0,18.0995557785034,0,14.3657655715942,0,0,0,13.1573720852534,0,23.9537338930018,0,27.230091788552,0,8.58171296578187,55.2529596601214,0,0,0,20.5633363723755,0,20.7663612365723,0,19.8240346336365,0,23.4142561216612,0,0,0,0,0,48.5144214630127,0,53.1777324676514,0,24.642647839911,23.8945296413927,18.8903659105301,24.6757431030273,0
14.6767298429019,0,0,0,5.009917088044,0,0,0,20.5957631306215,0,0,0,0,0,7.48708343505859,0,0,0,46.479332447052,0,7.51191411699568,0,0,80.8162994384766,28.8817040920258,0,0,0,0,0,0,0,0,0,0,25.4180628458659,20.8444600138866,0,38.6857490539551,28.4468955993652,25.1488458876321,36.4600971623471,38.6232357422511,0,0,33.3656934102376,13.9515744989569,28.8975856304169,15.3461220489358,29.0137691497803,4.05910119322157,0,0,0,20.2642457101729,0,3.13667917251587,58.9876073201497,3.55434195200602,57.8353324890137,17.6699142456055,0,0,18.7834482192993,0,0,0,26.7186738422939,74.0000686645508,0,79.0159759521484,0,74.1927871704102,0,0,0,0,0,0,24.1357990728842,0,26.1884603500366,16.5161391043383,13.9010391505949,26.4171461892682,0,21.2132645924886
72.7343673706055,8.73513519062715,0,0,0,9.04663586616516,0,0,0,27.7395191192627,0,0,0,0,0,30.1673412322998,0,94.1521987915039,46.2546310424805,76.8046417236328,0,0,0,35.454157087538,0,31.3782249797474,0,0,0,0,0,0,0,0,0,0,0,0,0,0,0,37.4808988450449,71.7768580118815,41.3679141998291,0,30.772601579365,0,0,0,0,0,7.26516047103629,0,0,0,0,0,6.81141554013543,0,7.40280718473518,0,13.0749521255493,51.0514440536499,0,0,0,39.2556800842285,0,32.7586556948148,0,36.6220968146073,0,40.081420135498,0,0,0,0,0,0,0,0,0,29.835674714069,29.6887950897217,23.8051057755947,0,0
0,0,5.009917088044,0,0,0,3.35566356890031,0,0,0,3.40570345291725,0,0,0,3.47991636947349,0,0,0,0,0,0,0,0,0,0,0,0,0,0,0,0,0,0,0,0,0,6.85072002988873,0,0,0,26.2757930755615,0,0,0,0,0,13.2650370597839,0,0,0,3.90490609375437,0,4.21431636810303,0,3.76572419615353,0,5.18693483109568,0,0,0,3.44303542992164,0,0,10.5515384674072,0,0,0,0,0,0,0,0,0,0,0,0,0,0,0,10.7213989842323,0,0,4.31050867423301,6.14701997855353,4.30118187638216,0,0
0,0,0,9.04663586616516,0,0,0,0,0,19.3264363462275,0,0,0,4.96840542554855,0,10.3390550413742,0,0,0,0,0,0,0,42.8602905273438,0,0,0,0,0,0,0,0,0,0,0,0,0,0,0,0,0,0,0,0,0,0,0,0,0,0,0,3.89438146725297,0,0,0,0,0,9.42835509209406,0,5.87711571135172,0,7.24260600010554,0,0,0,0,0,0,36.9784973992242,0,0,0,0,0,0,0,0,0,0,0,0,0,7.45440145662636,10.096159292304,6.36959327970232,0,0
0,0,0,0,3.35566356890031,0,0,0,0,0,3.60618107459124,0,3.17595064640045,0,0,0,0,0,0,0,3.67565121148762,0,0,0,0,0,0,0,0,0,0,0,0,0,0,0,0,0,0,0,0,0,0,0,0,0,0,0,0,0,0,0,3.43895757652464,0,0,0,3.41802903016408,0,2.81363984516689,0,0,0,0,0,0,0,0,0,0,0,0,0,0,0,0,0,0,0,0,0,0,0,3.21343342416427,2.99240590333939,3.26792883872986,0,0
0,0,0,0,0,0,0,0,0,0,0,4.17545904053582,0,3.29579753371385,0,21.3219604492188,0,0,0,6.85603360776548,0,0,0,0,0,0,0,0,0,0,0,0,0,0,0,2.95935249328613,0,0,0,0,0,0,0,0,0,0,0,0,0,0,0,0,0,3.09928212123635,0,0,0,0,0,4.46983421581418,0,0,0,0,0,0,0,0,0,0,0,0,0,0,0,0,0,0,0,0,0,0,4.0026098047242,3.3042213158174,0,0,0
6.90896724077278,0,20.5957631306215,0,0,0,0,0,0,0,0,0,0,0,4.34866021367795,0,4.11555829408508,51.244295501709,16.010435139955,0,0,0,25.9552936553955,0,5.94178581204725,0,5.06238414960749,0,0,0,0,0,0,0,0,46.5626678466797,47.7656700134277,0,11.2028257805004,0,54.2416861397879,46.9580526538924,13.7050092859966,0,0,59.2799301147461,31.8383121490479,0,22.1618990739187,0,0,0,0,0,4.96848814242412,49.7588119506836,0,69.1005706787109,0,72.5298156738281,3.96686606239854,0,0,0,0,27.5378799438477,0,7.47146522492516,0,6.73508902599937,0,0,0,0,0,0,0,0,0,45.5603809356689,0,10.4890785546138,10.6982099759047,10.5251655257665,11.5158179363734,0,10.769411449847
0,8.64543894155702,0,27.7395191192627,0,19.3264363462275,0,0,0,0,0,29.1748667372034,0,22.6537482397897,0,8.24521430333455,37.5348700807806,13.376782239373,21.2143862553132,37.0376429421561,0,0,0,6.40950437041948,0,10.9082227676146,0,17.8148632049561,0,0,0,0,0,0,0,34.2304733594259,0,25.9137784385681,0,0,59.6009559631348,11.6319604294526,69.4075724283854,19.5247499545415,0,35.7063042776925,0,0,0,12.8961450258891,0,0,0,0,0,5.17075544639353,0,30.2070881719175,0,15.3701064958485,0,9.69403836689889,37.7833570657774,0,0,0,8.57459715469596,0,10.9344577108111,0,17.3175135228171,0,25.0012385452187,0,0,0,0,0,39.1532171422785,0,37.2376476673598,0,13.8196924326167,15.8587286777815,11.2383515864122,18.0119740266066,85.5710372924805
0,0,0,0,3.40570345291725,0,3.60618107459124,0,0,0,0,0,2.90158757141658,0,0,0,0,0,0,0,3.40670658821283,0,0,0,0,0,0,0,2.79516690969467,0,4.09014670054118,0,0,0,0,0,0,0,8.17105722904205,0,0,0,0,0,0,0,0,0,0,0,0,0,3.24754237509393,0,0,0,6.79868064206228,0,3.17083878352724,0,0,0,0,5.20911473976938,0,0,0,0,0,0,0,2.84838751951853,0,5.01386040449142,0,0,0,0,0,0,0,7.17162971785574,3.56961712276234,0,10.6208044028864,0,0
83.6141319274902,37.9700574874878,0,0,0,0,0,4.17545904053582,0,29.1748667372034,0,0,0,4.08370379674233,0,0,80.0577087402344,58.8904706637065,54.9830025463569,9.19911450779453,0,0,0,76.8628807067871,0,70.8796310424805,0,3.11859617783473,0,5.39499860621513,0,0,0,0,0,8.46901811987667,0,6.93214599766523,0,0,0,45.8795680301945,80.9571960449219,46.4301574707031,0,43.1436063326322,0,0,0,0,0,0,0,3.6615161941165,0,33.7407418092092,0,5.45649209349903,0,6.09779836423695,0,0,30.028354369677,0,0,0,74.8863067626953,0,0,0,22.716519876968,0,9.66924480659755,0,0,0,0,0,19.5707030773163,0,20.0240047189924,0,10.593627006427,64.0901730855306,46.4940728890268,34.986354192098,78.7233810424805
0,0,0,0,0,0,3.17595064640045,0,0,0,2.90158757141658,0,0,0,4.52749585222315,0,8.88016510009766,0,0,0,0,0,0,0,0,0,9.37904460109882,0,0,0,0,0,0,0,0,0,0,0,0,0,0,0,0,0,0,0,0,0,0,0,0,0,5.05945718288422,0,0,0,2.96431136131287,0,3.21691279959034,0,0,0,0,0,0,0,0,0,0,7.50213797887166,0,0,0,0,0,0,0,0,0,0,0,0,5.49355965502122,3.47141734973804,0,0,0
71.8934097290039,25.7545957565308,0,0,0,4.96840542554855,0,3.29579753371385,0,22.6537482397897,0,4.08370379674233,0,0,0,11.3232083881603,0,56.512866973877,41.9324913024902,43.4017465114594,0,0,0,24.4432712299068,0,20.9085252173245,0,11.5807354450226,0,0,0,0,0,0,0,31.1754055023193,0,66.5114288330078,0,0,0,38.3106241861979,67.9646759033203,28.5645488739014,0,28.4483493278766,0,0,0,0,0,12.6592975343977,0,3.37317653426102,0,32.0680885314941,0,6.44002000077978,0,5.66948405198137,0,7.06896009589687,35.8254338582357,0,0,0,30.1542940641704,0,18.5141570232809,0,28.2002571937365,0,28.1884882883592,0,0,0,0,0,0,0,55.6504907608032,0,11.2279521281069,4.27967804042023,24.0843243281047,0,0
6.40269987106323,0,7.48708343505859,0,3.47991636947349,0,0,0,4.34866021367795,0,0,0,4.52749585222315,0,0,0,4.76871974794219,0,0,0,0,0,0,0,7.78634313701354,0,7.5993048642811,0,0,0,0,0,0,0,0,38.1465492248535,39.0677947998047,0,0,0,0,0,0,0,0,0,0,0,5.42479722123397,0,0,0,0,0,4.82122569997348,0,0,0,5.86256338931896,0,4.64735352497682,0,0,0,0,0,0,7.70060873031616,0,5.72869828635571,0,0,0,0,0,0,0,0,0,39.5969886779785,0,0,6.63395255466677,3.69633367721071,0,0,0
0,12.4931172287982,0,30.1673412322998,0,10.3390550413742,0,21.3219604492188,0,8.24521430333455,0,0,0,11.3232083881603,0,0,0,12.5574348398617,45.7310679753621,0,0,0,0,17.6109952559838,0,13.9888346015282,0,34.2309226989746,0,0,0,0,0,0,0,0,0,0,0,0,0,45.6096572875977,0,34.7834281921387,0,0,0,0,0,0,0,3.01900894301278,0,0,0,6.92824976897437,0,28.1337566375732,0,16.7174691378352,0,6.20462665130655,61.7499618530273,0,0,0,22.269155104955,0,13.1862475326697,0,28.5382296244303,0,0,0,0,0,0,0,0,0,0,0,8.17802381861664,14.1539818325428,0,0,0
62.5709681510925,90.9811134338379,0,0,0,0,0,0,4.11555829408508,37.5348700807806,0,80.0577087402344,8.88016510009766,0,4.76871974794219,0,0,32.2731588071131,19.4031791492625,75.0722626133969,0,0,8.73227847394809,86.3967247009277,7.38961198174344,90.9648234049479,5.83728787320605,0,3.69387644667958,0,0,0,0,0,0,73.9907862345378,0,74.7824592590332,0,0,68.0166481628418,60.6008152008057,61.2149930450152,53.3270301818848,0,75.2437507084438,0,0,68.1839504241943,0,0,0,0,0,3.09756069420451,43.9424629211426,0,71.0361640236595,8.22411172866821,88.5841878255208,6.71663777033488,0,81.9351930203645,0,0,13.4918278131871,80.5278167724609,10.7807689685213,85.8884620666504,6.03915408910331,81.5686359405518,0,73.6746507841965,0,0,0,0,0,73.6110946655273,0,79.7325057983398,0,12.5589864130609,10.9962002954236,63.5442543777765,73.1469955444336,48.9028930664062
86.9676602681478,45.3931627909342,0,94.1521987915039,0,0,0,0,51.244295501709,13.376782239373,0,58.8904706637065,0,56.512866973877,0,12.5574348398617,32.2731588071131,0,26.3814323281584,58.4671201448183,0,4.92993518457574,0,7.47519271550355,89.3250961303711,7.56336341783272,0,7.02722404956818,0,0,0,0,0,0,0,55.2098326432078,0,54.9316992326216,0,0,69.1579536369869,44.4624145374962,61.4127496831557,36.1969226002693,0,48.193107843399,0,0,87.6400299072266,0,0,0,0,0,0,11.2822193625022,0,58.6785279768932,0,67.4585092067719,0,13.4957005447812,60.4749419482457,0,9.31027871654147,0,11.9163034726989,0,7.06261011832519,0,59.750486649258,0,51.6784303895037,0,0,0,0,0,58.8272265057231,0,59.3129050466749,0,14.4701878765084,10.3078792243616,54.7862560615111,59.5201803354117,87.3252194722493
25.2550161343354,29.0035597483317,46.479332447052,46.2546310424805,0,0,0,0,16.010435139955,21.2143862553132,0,54.9830025463569,0,41.9324913024902,0,45.7310679753621,19.4031791492625,26.3814323281584,0,51.396883041529,0,0,0,48.3502448399862,0,50.3557075294288,0,0,0,0,0,0,0,0,0,50.1693146354274,0,50.8762603086584,0,0,44.2349465627806,17.2426129830342,20.8190190193457,12.562313863623,0,39.5081039615935,60.9144897460938,0,44.0163193870993,48.2603988647461,0,39.2642765045166,0,0,28.7040010690689,25.6281593524344,0,52.2847050610711,0,53.4572332343277,0,42.8460493087769,50.0046767516511,0,0,0,40.8779169718424,0,48.3400253295898,0,50.9378558046678,0,48.5775268201475,0,0,0,0,0,56.2876319885254,0,56.7542666058208,0,15.7423135847152,25.8228893576238,31.1621782459062,16.5282822921213,23.3502812247345
106.038589477539,52.6336197853088,0,76.8046417236328,0,0,0,6.85603360776548,0,37.0376429421561,0,9.19911450779453,0,43.4017465114594,0,0,75.0722626133969,58.4671201448183,51.396883041529,0,0,0,0,58.0091171264648,0,57.3594850812639,0,0,0,0,0,0,0,0,0,8.67909926089688,0,10.7016820781923,0,0,99.6128991444906,24.1216491281628,93.208517074585,26.3919317154657,0,13.3769656864263,0,0,0,0,0,35.774787902832,0,9.079483350118,0,40.2803182210008,0,20.1460192664295,0,25.2966415330236,0,0,8.21304721570342,0,0,0,0,0,64.4556673490084,0,50.2412552553065,0,50.2902439749815,0,0,0,0,0,16.240501401505,0,17.2731646374048,0,36.2394267945856,68.9018335013554,20.6970404434204,20.0344474034679,130.668258666992
0,0,7.51191411699568,0,0,0,3.67565121148762,0,0,0,3.40670658821283,0,0,0,0,0,0,0,0,0,0,0,0,0,0,0,0,0,0,0,7.88036529223124,0,0,0,0,0,6.48520635449609,0,3.67132092809453,0,0,0,0,0,0,0,8.46152554540073,0,0,0,6.53273487091064,0,0,0,0,0,5.17283765474955,0,0,0,0,0,0,4.96326720984364,0,0,0,0,0,0,0,0,0,0,0,0,0,0,0,3.09900130932791,0,3.87250828742981,4.33337029214461,3.48992419242859,5.47471837017024,0,0
0,0,0,0,0,0,0,0,0,0,0,0,0,0,0,0,0,4.92993518457574,0,0,0,0,5.4717201590538,6.40586987651538,0,8.60434594769306,0,5.87985238879919,0,0,0,0,0,0,0,0,0,6.53404584262714,0,0,0,0,0,0,0,0,0,0,0,4.36911224382264,0,0,0,0,0,0,0,0,0,0,0,0,0,0,4.62441373560096,0,6.45392409987576,0,5.5628246578465,0,3.7075678224433,0,0,0,0,0,0,0,0,0,7.4474329488998,0,5.54235392060502,6.0412388451052,0,0,0
0,0,0,0,0,0,0,0,25.9552936553955,0,0,0,0,0,0,0,8.73227847394809,0,0,0,0,5.4717201590538,0,0,5.04650626060638,0,4.42790637797234,0,3.17842671568965,0,0,0,0,0,0,0,0,0,5.38674762989065,0,0,0,0,0,0,0,0,0,5.80939176131268,0,0,0,0,0,0,0,0,0,0,0,0,0,0,0,0,4.41527212607833,0,5.05878531207209,0,5.67420056076096,0,6.12647040685018,0,0,0,0,0,0,0,0,0,6.70089816995736,5.11361526078803,5.71669762235292,0,0,0
0,18.8851809058079,80.8162994384766,35.454157087538,0,42.8602905273438,0,0,0,6.40950437041948,0,76.8628807067871,0,24.4432712299068,0,17.6109952559838,86.3967247009277,7.47519271550355,48.3502448399862,58.0091171264648,0,6.40586987651538,0,0,0,5.92369406124414,0,0,0,0,0,0,0,0,0,47.0051383972168,0,8.45732756708838,0,0,0,20.8757681398827,103.193458557129,44.0788408915202,0,49.8562491280692,0,0,0,6.10423912651164,0,36.3846855163574,0,0,0,6.18797842724117,0,61.9797058105469,0,19.1626598106147,0,16.5363686380308,58.8283338546753,0,5.37245143671346,0,5.96119216332675,0,8.66287028245618,0,17.8589371984655,0,25.1213363524406,0,0,0,0,0,0,0,11.7644067289527,0,7.83255920122577,43.2570588354971,13.2197732914377,52.0987033843994,0
20.2059426307678,0,28.8817040920258,0,0,0,0,0,5.94178581204725,0,0,0,0,0,7.78634313701354,0,7.38961198174344,89.3250961303711,0,0,0,0,5.04650626060638,0,0,92.1412811279297,5.80318286434149,0,0,0,0,0,0,0,0,0,0,94.5736999511719,6.18597947126826,0,0,53.5568095615932,8.22760581970215,0,0,0,0,0,0,0,0,0,0,0,6.04161745518338,0,0,0,0,0,0,0,0,0,0,6.16707310367155,0,4.03380562569652,0,9.12122423308236,0,0,0,0,0,0,0,0,0,0,0,6.31492007695712,5.140989173878,37.1256256103516,0,0,0
0,19.4075285663921,0,31.3782249797474,0,0,0,0,0,10.9082227676146,0,70.8796310424805,0,20.9085252173245,0,13.9888346015282,90.9648234049479,7.56336341783272,50.3557075294288,57.3594850812639,0,8.60434594769306,0,5.92369406124414,92.1412811279297,0,0,7.55970116384102,0,0,0,0,0,0,0,44.5809707641602,0,0,0,0,91.5112152099609,52.6550336365306,0,40.6555486406599,0,45.0602819269354,0,0,0,5.64039610649322,0,39.5099029541016,0,0,0,40.529708480835,0,60.3513804844448,0,18.4918493796043,0,14.3129355268323,64.0002555847168,0,4.36458113230765,0,5.20219809143104,0,5.10604162338427,0,6.65692579405648,0,75.3035011291504,0,0,0,0,0,0,0,69.705078125,0,18.7157434104597,42.4034024031765,44.5997112537252,65.8744812011719,0
0,0,0,0,0,0,0,0,5.06238414960749,0,0,0,9.37904460109882,0,7.5993048642811,0,5.83728787320605,0,0,0,0,0,4.42790637797234,0,5.80318286434149,0,0,0,4.54620084059324,0,0,0,0,0,0,0,0,0,0,0,0,0,0,0,0,0,0,0,14.0669450759888,0,0,0,0,0,5.31952163332326,0,0,0,8.97047887014788,0,6.70788598839754,0,0,0,0,5.72671733021365,0,5.97328907999249,0,5.18772560990291,0,0,0,0,0,0,0,0,0,0,0,0,6.29973720854822,12.4345093335998,0,0,0
0,0,0,0,0,0,0,0,0,17.8148632049561,0,3.11859617783473,0,11.5807354450226,0,34.2309226989746,0,7.02722404956818,0,0,0,5.87985238879919,0,0,0,7.55970116384102,0,0,0,3.58326294470807,0,0,0,0,0,0,0,0,0,0,0,0,0,0,0,0,0,0,0,0,0,0,0,0,0,18.5393161773682,0,4.02137628761498,0,7.46574759483337,0,0,0,0,4.85438795438627,0,13.8689050674438,0,4.58659648522735,0,6.45496602846972,0,3.54241189231043,0,0,0,0,0,0,0,0,0,6.00624917764701,5.71988406089636,0,0,0
0,0,0,0,0,0,0,0,0,0,2.79516690969467,0,0,0,0,0,3.69387644667958,0,0,0,0,0,3.17842671568965,0,0,0,4.54620084059324,0,0,0,2.89586716522405,0,0,0,0,0,0,0,0,0,0,0,0,0,0,0,0,0,0,0,0,0,0,0,0,0,3.20333082335336,0,0,0,0,0,0,0,0,0,0,0,0,4.2678835228977,0,5.13125448531293,0,3.04729108694123,0,0,0,0,0,0,0,0,3.44580834939939,6.60334547360738,0,0,0
0,0,0,0,0,0,0,0,0,0,0,5.39499860621513,0,0,0,0,0,0,0,0,0,0,0,0,0,0,0,3.58326294470807,0,0,0,0,0,0,0,0,0,3.33767285943031,0,0,0,0,0,0,0,0,0,0,0,0,0,0,0,0,0,0,0,4.00989704472678,0,0,0,0,0,0,0,0,0,0,0,0,7.39264433177901,0,3.41486340365419,0,0,0,0,0,0,0,5.13024200677872,0,3.53506126999855,0,0,0,0
0,0,0,0,0,0,0,0,0,0,4.09014670054118,0,0,0,0,0,0,0,0,0,7.88036529223124,0,0,0,0,0,0,0,2.89586716522405,0,0,0,0,0,0,0,0,0,10.7566290310136,0,0,0,0,0,0,0,0,0,0,0,0,0,0,0,0,0,0,0,0,0,0,0,0,0,0,0,0,0,0,0,0,2.95726418495178,0,4.11320193050898,0,0,0,0,0,0,0,11.4680447483063,0,0,0,0,0
0,0,0,0,0,0,0,0,0,0,0,0,0,0,0,0,0,0,0,0,0,0,0,0,0,0,0,0,0,0,0,0,5.44432285853795,10.0775276810114,11.616988658905,2.97133100551108,4.16313061118126,0,0,4.52979729572932,0,0,0,0,0,0,0,4.96285958770368,0,4.39790848323277,0,0,0,0,0,0,0,0,0,0,0,0,0,0,0,0,0,0,0,0,0,0,0,0,3.42611789703369,4.5248971349102,0,0,3.04995350117953,0,0,0,6.42399997855678,0,0,0,0
0,0,0,0,0,0,0,0,0,0,0,0,0,0,0,0,0,0,0,0,0,0,0,0,0,0,0,0,0,0,0,5.44432285853795,0,11.6007385253906,9.35527531305949,7.75614488509393,3.29208668951805,0,0,0,0,0,0,0,0,0,0,3.59708241585693,0,0,0,0,0,0,0,0,0,0,0,0,0,0,0,0,0,0,0,0,0,0,0,0,0,0,0,3.86914346346984,0,0,0,5.45089341965386,0,0,5.48299771131471,0,0,0,0
0,0,0,0,0,0,0,0,0,0,0,0,0,0,0,0,0,0,0,0,0,0,0,0,0,0,0,0,0,0,0,10.0775276810114,11.6007385253906,0,5.02463597512581,3.63998008858074,0,4.55042869793741,0,0,0,6.01982678307427,0,0,0,0,0,5.54144171598822,0,5.39210397197354,0,0,0,0,0,0,0,0,0,0,0,0,0,0,0,0,0,0,0,0,0,0,0,0,11.8330812454224,0,3.62796354083763,7.61548062733242,2.93746741294861,0,4.78973655324233,0,5.32238239706779,3.52078604698181,0,0,0
0,0,0,0,0,0,0,0,0,0,0,0,0,0,0,0,0,0,0,0,0,0,0,0,0,0,0,0,0,0,0,11.616988658905,9.35527531305949,5.02463597512581,0,0,5.67836801812094,0,7.49589572682147,0,0,0,0,0,0,0,13.5366644859314,6.38234405458405,6.07787595476423,0,0,0,0,0,0,0,0,0,0,0,0,0,0,0,0,0,0,0,0,0,0,0,0,0,0,0,6.60755689938863,4.62876015422394,0,6.25303162566919,0,5.49594010886349,6.34774125688123,4.01248418367826,0,0,0
40.0548054377238,31.7741925375802,25.4180628458659,0,0,0,0,2.95935249328613,46.5626678466797,34.2304733594259,0,8.46901811987667,0,31.1754055023193,38.1465492248535,0,73.9907862345378,55.2098326432078,50.1693146354274,8.67909926089688,0,0,0,47.0051383972168,0,44.5809707641602,0,0,0,0,0,2.97133100551108,7.75614488509393,3.63998008858074,0,0,5.86414840817451,8.98055712323989,4.6616051197052,3.53370001316071,44.6889027186802,24.8075257764544,84.5373001098633,28.5114707946777,0,14.3419687283504,0,5.80166926383972,32.2625579833984,3.7508887052536,0,27.9390558096079,0,0,47.0583356221517,41.3026712590998,0,19.8534163401482,0,27.3251476994267,0,0,24.6777375445646,0,0,0,0,0,65.9588756561279,0,52.1664051055908,0,61.8830483754476,0,3.03587951660156,4.78536892973858,0,0,4.99190379391519,0,9.32719493512507,0,7.43980855011477,21.0048279515628,19.8383552449421,20.4988318852016,41.7286491394043
40.3939061164856,0,20.8444600138866,0,6.85072002988873,0,0,0,47.7656700134277,0,0,0,0,0,39.0677947998047,0,0,0,0,0,6.48520635449609,0,0,0,0,0,0,0,0,0,0,4.16313061118126,3.29208668951805,0,5.67836801812094,5.86414840817451,0,0,6.00805482481441,10.304335009257,40.6387100219727,0,43.9866186777751,0,0,0,29.0464350382487,7.46115845662576,30.9525292714437,9.51964835667822,7.82867288589478,0,0,0,48.3380686442057,0,7.12402093410492,0,0,0,37.8282279968262,0,0,9.11543925686886,0,0,0,0,0,0,0,0,0,0,0,4.59805730769509,0,8.83611164557195,5.28211578597193,5.03490818375035,0,9.19723801314831,7.63730314456427,16.3446746468544,23.7678598626967,0,0
85.0905456542969,44.0341957092285,0,0,0,0,0,0,0,25.9137784385681,0,6.93214599766523,0,66.5114288330078,0,0,74.7824592590332,54.9316992326216,50.8762603086584,10.7016820781923,0,6.53404584262714,0,8.45732756708838,94.5736999511719,0,0,0,0,3.33767285943031,0,0,0,4.55042869793741,0,8.98055712323989,0,0,3.61008752927636,0,83.8071365356445,23.5165203037847,83.4589500427246,38.3036337693532,0,52.5389784032648,0,5.62944767420942,23.4977493286133,7.7801418964014,0,72.9734115600586,0,0,0,17.2926843800676,0,31.0129879828422,0,48.4863392512004,0,22.718976020813,18.4992586329013,0,8.04774938170924,0,7.62425974099943,0,35.6140323877335,0,52.5653459300166,0,45.9955924332142,0,0,0,4.0559731367041,0,6.66811812259107,0,6.20413567323648,3.19227059824126,8.89375651070374,13.5442646791244,8.25996745503351,17.2725772857666,0
15.7376623153687,0,38.6857490539551,0,0,0,0,0,11.2028257805004,0,8.17105722904205,0,0,0,0,0,0,0,0,0,3.67132092809453,0,5.38674762989065,0,6.18597947126826,0,0,0,0,0,10.7566290310136,0,0,0,7.49589572682147,4.6616051197052,6.00805482481441,3.61008752927636,0,0,43.0904912948608,24.7067472751324,16.0247198007778,0,0,0,0,6.06352445098895,3.46400595747906,23.4295501708984,0,0,0,0,10.7079569612231,0,0,0,0,0,0,0,0,3.80257678031921,0,5.28820173144341,0,6.04833444356918,0,0,0,0,0,13.3556632144111,0,0,0,10.4387863605585,0,6.04484279794936,9.95655161142349,6.35028525978302,5.43399362149078,5.35125845345584,9.38752706234272,0,0
0,0,28.4468955993652,0,0,0,0,0,0,0,0,0,0,0,0,0,0,0,0,0,0,0,0,0,0,0,0,0,0,0,0,4.52979729572932,0,0,0,3.53370001316071,10.304335009257,0,0,0,0,18.1993735147559,0,0,0,6.16627133039781,0,6.1276384391955,6.79881640172108,5.66367536301202,0,0,0,0,0,0,0,0,0,0,0,0,6.90681778467618,0,0,0,0,0,0,0,0,0,0,0,0,0,11.0712486902873,0,8.65203724615552,12.0596870623137,6.41304375575139,0,9.1826923977245,7.38825845718384,7.13110684757695,0,0
38.6857532180903,93.3963394165039,25.1488458876321,0,26.2757930755615,0,0,0,54.2416861397879,59.6009559631348,0,0,0,0,0,0,68.0166481628418,69.1579536369869,44.2349465627806,99.6128991444906,0,0,0,0,0,91.5112152099609,0,0,0,0,0,0,0,0,0,44.6889027186802,40.6387100219727,83.8071365356445,43.0904912948608,0,0,40.6744504828951,26.4330205643594,84.1725959777832,0,84.9770622253418,9.70204512922265,15.9668905735016,23.5212712775376,40.2734794616699,30.4038188934326,0,0,0,53.5547721862793,0,0,92.3655395507812,30.354975382487,0,0,0,103.205406188965,5.63192983914914,0,0,0,0,88.419677734375,0,101.638004302979,0,105.190637860979,0,0,0,0,3.29640192985535,91.9565353393555,5.84392505447186,99.3365097045898,3.88100492954254,51.5556661975276,71.5462895939859,23.0383837095952,0,43.7721438705921
45.4417553959935,33.6219319046521,36.4600971623471,37.4808988450449,0,0,0,0,46.9580526538924,11.6319604294526,0,45.8795680301945,0,38.3106241861979,0,45.6096572875977,60.6008152008057,44.4624145374962,17.2426129830342,24.1216491281628,0,0,0,20.8757681398827,53.5568095615932,52.6550336365306,0,0,0,0,0,0,0,6.01982678307427,0,24.8075257764544,0,23.5165203037847,24.7067472751324,18.1993735147559,40.6744504828951,0,19.1537801033366,15.1043537865824,0,20.3940256318381,38.173583984375,6.60835820050454,12.4539910821354,7.00578463572777,0,43.0977947837428,0,0,53.0040903019726,14.6249164181204,0,40.0859800192026,0,37.9441190396275,0,44.0781341552734,22.398642674495,0,0,0,18.8303643259509,55.9127288818359,51.7167808203388,0,54.0328139718973,0,29.4229419099956,0,0,0,0,0,24.0288300881019,24.273983001709,21.6068048921821,63.6713047027588,12.6005738222799,21.3949767298447,13.1277310501774,7.9246050227866,42.9651468992233
46.8240304163524,0,38.6232357422511,71.7768580118815,0,0,0,0,13.7050092859966,69.4075724283854,0,80.9571960449219,0,67.9646759033203,0,0,61.2149930450152,61.4127496831557,20.8190190193457,93.208517074585,0,0,0,103.193458557129,8.22760581970215,0,0,0,0,0,0,0,0,0,0,84.5373001098633,43.9866186777751,83.4589500427246,16.0247198007778,0,26.4330205643594,19.1537801033366,0,37.5786215464274,0,66.5924279954698,13.1217249575115,18.0462389588356,11.9154217446564,0,0,0,0,0,49.7813545036316,75.2521216074626,0,88.744514465332,0,66.3323305447896,0,0,89.3928536309136,0,0,0,0,25.2637723286947,112.05834197998,0,71.9179293314616,0,81.1180152893066,0,0,0,0,0,91.3780721028646,39.6611929575602,90.0442134312221,5.98179086049398,24.7880619902578,50.7267968716559,15.2586730355147,11.5718578497569,11.9397855856404
0,22.791384379069,0,41.3679141998291,0,0,0,0,0,19.5247499545415,0,46.4301574707031,0,28.5645488739014,0,34.7834281921387,53.3270301818848,36.1969226002693,12.562313863623,26.3919317154657,0,0,0,44.0788408915202,0,40.6555486406599,0,0,0,0,0,0,0,0,0,28.5114707946777,0,38.3036337693532,0,0,84.1725959777832,15.1043537865824,37.5786215464274,0,0,15.5309977706741,0,0,0,0,0,32.1486701965332,0,0,0,18.3098419280279,0,42.2356623945565,0,28.3952757736732,0,0,25.41619359345,0,0,0,46.2107528686523,0,42.8638906807735,0,47.1640246896183,0,38.0844725517377,0,0,0,0,0,32.2845106991855,0,41.7523522530833,0,23.0717703282148,34.5175014904567,7.72567124682737,19.2978979899333,57.1344413757324
0,0,0,0,0,0,0,0,0,0,0,0,0,0,0,0,0,0,0,0,0,0,0,0,0,0,0,0,0,0,0,0,0,0,0,0,0,0,0,0,0,0,0,0,0,0,0,0,0,0,0,0,0,0,0,0,0,0,0,0,0,0,0,0,0,0,0,0,0,0,0,0,0,0,0,0,0,0,0,0,0,0,0,0,0,0,0
57.0088403489855,26.6560044288635,33.3656934102376,30.772601579365,0,0,0,0,59.2799301147461,35.7063042776925,0,43.1436063326322,0,28.4483493278766,0,0,75.2437507084438,48.193107843399,39.5081039615935,13.3769656864263,0,0,0,49.8562491280692,0,45.0602819269354,0,0,0,0,0,0,0,0,0,14.3419687283504,0,52.5389784032648,0,6.16627133039781,84.9770622253418,20.3940256318381,66.5924279954698,15.5309977706741,0,0,0,0,0,0,0,33.5820838928223,0,0,60.7548484802246,34.5764892697334,0,31.8784370315807,0,29.3073104389927,0,0,13.9088191009609,0,0,0,47.4399719238281,0,47.5865142128684,0,46.1583508323221,0,45.8374197890119,0,0,0,0,0,14.0526083580991,0,53.45784356859,0,36.3711426902738,56.7825082143148,11.8820563186299,16.010609799418,59.0603876113892
29.4542834633275,0,13.9515744989569,0,13.2650370597839,0,0,0,31.8383121490479,0,0,0,0,0,0,0,0,0,60.9144897460938,0,8.46152554540073,0,0,0,0,0,0,0,0,0,0,0,0,0,13.5366644859314,0,29.0464350382487,0,0,0,9.70204512922265,38.173583984375,13.1217249575115,0,0,0,0,18.0366657505865,14.045165483979,38.4023685455322,27.4984493255615,0,0,0,0,0,0,0,0,0,0,0,0,5.05734086365384,0,0,0,0,0,0,0,0,0,0,0,0,0,0,0,6.04596011158897,0,0,30.1742992401123,0,9.6747263956377,0,10.9778316037638
42.2017766316732,0,28.8975856304169,0,0,0,0,0,0,0,0,0,0,0,0,0,0,0,0,0,0,0,0,0,0,0,0,0,0,0,0,4.96285958770368,3.59708241585693,5.54144171598822,6.38234405458405,5.80166926383972,7.46115845662576,5.62944767420942,6.06352445098895,6.1276384391955,15.9668905735016,6.60835820050454,18.0462389588356,0,0,0,18.0366657505865,0,5.39659685538825,4.69413136960434,0,0,0,0,0,0,0,0,0,0,0,0,0,0,0,0,0,0,0,0,0,0,0,0,0,0,4.53864245311074,7.91921881153339,5.74788745622786,3.32142523267995,6.91110372940699,0,6.26741362801225,5.03510269967989,5.99144630076722,0,40.4457944234212
7.13063838269272,0,15.3461220489358,0,0,0,0,0,22.1618990739187,0,0,0,0,0,5.42479722123397,0,68.1839504241943,87.6400299072266,44.0163193870993,0,0,0,5.80939176131268,0,0,0,14.0669450759888,0,0,0,0,0,0,0,6.07787595476423,32.2625579833984,30.9525292714437,23.4977493286133,3.46400595747906,6.79881640172108,23.5212712775376,12.4539910821354,11.9154217446564,0,0,0,14.045165483979,5.39659685538825,0,7.71849709066726,0,0,0,0,7.38256108107632,0,0,53.5553436279297,0,0,5.92679643759163,0,0,3.59077405929565,0,4.36590024497774,0,5.26110992829005,0,4.05331926075917,0,0,0,0,0,0,0,4.65699753910303,0,13.7083931645167,33.1852798461914,2.98521581940029,13.463684948447,49.1710605621338,10.215614373492,0,39.2617734273275
40.2141522494229,18.0995557785034,29.0137691497803,0,0,0,0,0,0,12.8961450258891,0,0,0,0,0,0,0,0,48.2603988647461,0,0,4.36911224382264,0,6.10423912651164,0,5.64039610649322,0,0,0,0,0,4.39790848323277,0,5.39210397197354,0,3.7508887052536,9.51964835667822,7.7801418964014,23.4295501708984,5.66367536301202,40.2734794616699,7.00578463572777,0,0,0,0,38.4023685455322,4.69413136960434,7.71849709066726,0,0,39.7657012939453,0,0,52.3458881378174,14.3838379581769,0,0,0,21.6731148401896,0,18.4370942115784,25.2284023978493,0,3.59617214600245,0,4.42486736190764,55.2568550109863,5.3632066526413,0,4.2492641551154,0,2.95740103721619,0,0,0,4.79729139407476,0,11.1453170088427,12.501540631664,4.40781160957876,0,6.5991916451843,16.8640988977944,5.92460314082755,17.4797077178955,47.8673706054688
0,0,4.05910119322157,0,3.90490609375437,0,0,0,0,0,0,0,0,0,0,0,0,0,0,0,6.53273487091064,0,0,0,0,0,0,0,0,0,0,0,0,0,0,0,7.82867288589478,0,0,0,30.4038188934326,0,0,0,0,0,27.4984493255615,0,0,0,0,0,4.30598473548889,0,3.82196922302246,0,3.72011170667761,0,3.67993235588074,0,3.64638661808438,0,0,0,0,0,0,0,0,0,0,0,0,0,0,0,0,0,0,20.54410303556,0,0,4.49581708459397,11.5690670183727,0,0,0
75.6457672119141,14.3657655715942,0,7.26516047103629,0,3.89438146725297,0,0,0,0,0,0,0,12.6592975343977,0,3.01900894301278,0,0,39.2642765045166,35.774787902832,0,0,0,36.3846855163574,0,39.5099029541016,0,0,0,0,0,0,0,0,0,27.9390558096079,0,72.9734115600586,0,0,0,43.0977947837428,0,32.1486701965332,0,33.5820838928223,0,0,0,39.7657012939453,0,0,0,3.26163615120782,0,34.4458707173665,0,7.32943774992492,0,5.98021390797957,0,5.49680376052856,40.4335888949308,0,0,0,32.1768989562988,0,39.3545379638672,0,36.3886884053548,0,39.5076522827148,0,0,0,0,0,35.8087336222331,0,0,0,32.8315231323242,34.3116455078125,6.42419184105737,0,0
0,0,0,0,4.21431636810303,0,3.43895757652464,0,0,0,3.24754237509393,0,5.05945718288422,0,0,0,0,0,0,0,0,0,0,0,0,0,0,0,0,0,0,0,0,0,0,0,0,0,0,0,0,0,0,0,0,0,0,0,0,0,4.30598473548889,0,0,0,0,0,3.10245162248611,0,3.76050977040363,0,0,0,0,0,0,0,0,0,0,0,0,0,0,0,0,0,0,0,0,0,0,0,3.46002324422201,0,0,0,0
0,0,0,0,0,0,0,3.09928212123635,0,0,0,3.6615161941165,0,3.37317653426102,0,0,0,0,0,9.079483350118,0,0,0,0,0,0,0,0,0,0,0,0,0,0,0,0,0,0,0,0,0,0,0,0,0,0,0,0,0,0,0,3.26163615120782,0,0,0,0,0,2.99155713617802,0,4.37612197796504,0,0,0,0,0,0,0,0,0,0,0,0,0,0,0,0,0,0,0,0,0,0,5.06187993829901,0,4.79132062738592,0,0
9.14316420963239,0,20.2642457101729,0,3.76572419615353,0,0,0,4.96848814242412,0,0,0,0,0,4.82122569997348,0,3.09756069420451,0,28.7040010690689,0,0,0,0,0,6.04161745518338,0,5.31952163332326,0,0,0,0,0,0,0,0,47.0583356221517,48.3380686442057,0,10.7079569612231,0,53.5547721862793,53.0040903019726,49.7813545036316,0,0,60.7548484802246,0,0,7.38256108107632,52.3458881378174,3.82196922302246,0,0,0,0,0,0,0,0,75.1299667358398,3.97554284876043,0,87.3049011230469,0,0,31.1914157867432,0,6.88187805009544,0,6.77750976332303,84.6001205444336,0,86.6427154541016,0,0,0,0,0,0,43.6250682243934,0,8.94581993766453,10.3614339034701,13.8418764640123,36.495352025302,0,0
0,13.1573720852534,0,0,0,0,0,0,49.7588119506836,5.17075544639353,0,33.7407418092092,0,32.0680885314941,0,6.92824976897437,43.9424629211426,11.2822193625022,25.6281593524344,40.2803182210008,0,0,0,6.18797842724117,0,40.529708480835,0,18.5393161773682,0,0,0,0,0,0,0,41.3026712590998,0,17.2926843800676,0,0,0,14.6249164181204,75.2521216074626,18.3098419280279,0,34.5764892697334,0,0,0,14.3838379581769,0,34.4458707173665,0,0,0,0,0,31.1882817434228,0,21.4325800054214,0,5.73291072391328,40.5860340164368,0,0,0,5.80779807492831,0,17.9744746465941,0,18.192443554218,0,20.4138449778421,0,0,0,0,0,39.9814670562744,0,36.5943966076292,0,29.4541533560288,43.7879447006598,10.0518529453549,20.4265962123871,0
0,0,3.13667917251587,0,5.18693483109568,0,3.41802903016408,0,0,0,6.79868064206228,0,2.96431136131287,0,0,0,0,0,0,0,5.17283765474955,0,0,0,0,0,0,0,3.20333082335336,0,0,0,0,0,0,0,7.12402093410492,0,0,0,0,0,0,0,0,0,0,0,0,0,3.72011170667761,0,3.10245162248611,0,0,0,0,0,2.89287185668945,0,0,0,0,0,0,0,0,0,0,0,0,0,0,3.75947248935699,0,0,0,0,0,28.8123979568481,0,0,5.44179686227459,0,6.40843588597066,0,0
74.7821604410807,23.9537338930018,58.9876073201497,6.81141554013543,0,9.42835509209406,0,0,69.1005706787109,30.2070881719175,0,5.45649209349903,0,6.44002000077978,0,28.1337566375732,71.0361640236595,58.6785279768932,52.2847050610711,20.1460192664295,0,0,0,61.9797058105469,0,60.3513804844448,0,4.02137628761498,0,4.00989704472678,0,0,0,0,0,19.8534163401482,0,31.0129879828422,0,0,92.3655395507812,40.0859800192026,88.744514465332,42.2356623945565,0,31.8784370315807,0,0,53.5553436279297,0,0,7.32943774992492,0,2.99155713617802,0,31.1882817434228,0,0,0,8.35002605535767,0,0,21.9581348401718,0,0,0,49.9988124370575,0,24.8335342118234,0,13.0004159770544,0,8.60634374059922,0,0,0,0,0,27.442826754674,0,43.863492641449,0,28.0639385100971,68.2494644954287,18.0553860414528,50.3667907714844,72.0611743927002
0,0,3.55434195200602,0,0,0,2.81363984516689,0,0,0,3.17083878352724,0,3.21691279959034,0,5.86256338931896,0,8.22411172866821,0,0,0,0,0,0,0,0,0,8.97047887014788,0,0,0,0,0,0,0,0,0,0,0,0,0,30.354975382487,0,0,0,0,0,0,0,0,0,3.67993235588074,0,3.76050977040363,0,0,0,2.89287185668945,0,0,0,5.3331298828125,0,0,0,0,0,0,0,0,8.36922955513,0,0,0,0,0,0,0,0,0,29.3499736785889,0,0,7.07006441056728,3.42554676532745,0,0,0
68.7095085144043,27.230091788552,57.8353324890137,7.40280718473518,0,5.87711571135172,0,4.46983421581418,72.5298156738281,15.3701064958485,0,6.09779836423695,0,5.66948405198137,0,16.7174691378352,88.5841878255208,67.4585092067719,53.4572332343277,25.2966415330236,0,0,0,19.1626598106147,0,18.4918493796043,0,7.46574759483337,0,0,0,0,0,0,0,27.3251476994267,0,48.4863392512004,0,0,0,37.9441190396275,66.3323305447896,28.3952757736732,0,29.3073104389927,0,0,0,21.6731148401896,0,5.98021390797957,0,4.37612197796504,75.1299667358398,21.4325800054214,0,8.35002605535767,0,0,0,5.96770746975251,24.4714141323177,0,0,0,19.3154731701582,76.9387016296387,15.4773802356279,0,10.4520079402987,0,42.4310782776504,0,0,0,0,0,31.4193767485071,0,51.717738087972,0,22.7536999031716,7.75285013006368,23.6952362751139,52.6670977274577,70.3599365234375
5.12189467818336,0,17.6699142456055,0,3.44303542992164,0,0,0,3.96686606239854,0,0,0,0,0,4.64735352497682,0,6.71663777033488,0,0,0,0,0,0,0,0,0,6.70788598839754,0,0,0,0,0,0,0,0,0,37.8282279968262,0,0,0,0,0,0,0,0,0,0,0,5.92679643759163,0,3.64638661808438,0,0,0,3.97554284876043,0,0,0,5.3331298828125,0,0,0,0,0,0,0,0,3.58182573318481,0,4.88961291819249,0,0,0,0,0,0,0,0,0,33.1895771026611,0,0,3.84957803762876,4.10310654601587,6.94991254806519,0,0
0,8.58171296578187,0,13.0749521255493,0,7.24260600010554,0,0,0,9.69403836689889,0,0,0,7.06896009589687,0,6.20462665130655,0,13.4957005447812,42.8460493087769,0,0,0,0,16.5363686380308,0,14.3129355268323,0,0,0,0,0,0,0,0,0,0,0,22.718976020813,0,0,0,44.0781341552734,0,0,0,0,0,0,0,18.4370942115784,0,5.49680376052856,0,0,0,5.73291072391328,0,0,0,5.96770746975251,0,0,0,0,0,0,16.5265815311008,0,12.2619075878694,0,9.34536987543106,0,67.0120239257812,0,0,0,0,0,0,0,0,0,13.7279277178659,31.6020955844801,21.4269561767578,0,0
0,55.2529596601214,0,51.0514440536499,0,0,0,0,0,37.7833570657774,0,30.028354369677,0,35.8254338582357,0,61.7499618530273,81.9351930203645,60.4749419482457,50.0046767516511,8.21304721570342,0,0,0,58.8283338546753,0,64.0002555847168,0,0,0,0,0,0,0,0,0,24.6777375445646,0,18.4992586329013,0,6.90681778467618,103.205406188965,22.398642674495,89.3928536309136,25.41619359345,0,13.9088191009609,0,0,0,25.2284023978493,0,40.4335888949308,0,0,87.3049011230469,40.5860340164368,0,21.9581348401718,0,24.4714141323177,0,0,0,0,0,0,64.6350873311361,0,56.0312209496131,0,52.2175426483154,0,50.8497360496111,0,0,0,0,0,8.29903355463227,0,26.6606172588136,0,48.1206461574434,69.8801227692635,10.6663169190886,19.6240946873399,0
0,0,18.7834482192993,0,10.5515384674072,0,0,0,0,0,5.20911473976938,0,0,0,0,0,0,0,0,0,4.96326720984364,0,0,0,0,0,0,0,0,0,0,0,0,0,0,0,9.11543925686886,0,3.80257678031921,0,5.63192983914914,0,0,0,0,0,5.05734086365384,0,3.59077405929565,0,0,0,0,0,0,0,0,0,0,0,0,0,0,0,0,0,0,0,0,0,0,0,0,0,0,0,0,0,0,3.42253429487527,0,0,7.16336017358498,0,3.78072501827219,0,0
0,0,0,0,0,0,0,0,0,0,0,0,0,0,0,0,0,9.31027871654147,0,0,0,4.62441373560096,0,5.37245143671346,0,4.36458113230765,0,4.85438795438627,0,0,0,0,0,0,0,0,0,8.04774938170924,0,0,0,0,0,0,0,0,0,0,0,3.59617214600245,0,0,0,0,0,0,0,0,0,0,0,0,0,0,0,0,6.75441365597411,0,5.42958520775411,0,4.86105060577393,0,0,0,0,0,0,0,0,0,7.23530585740385,0,5.74067195281781,5.28531529367926,0,0,0
0,0,0,0,0,0,0,0,27.5378799438477,0,0,0,0,0,0,0,13.4918278131871,0,0,0,0,0,4.41527212607833,0,6.16707310367155,0,5.72671733021365,0,0,0,0,0,0,0,0,0,0,0,5.28820173144341,0,0,0,0,0,0,0,0,0,4.36590024497774,0,0,0,0,0,31.1914157867432,0,0,0,0,0,0,0,0,0,0,0,0,7.4150493831824,0,8.11640403815955,0,3.11449918092466,0,0,0,0,0,0,0,0,0,2.95023531624765,9.43316667561785,4.74696707725525,0,0,0
0,20.5633363723755,0,39.2556800842285,0,0,0,0,0,8.57459715469596,0,74.8863067626953,0,30.1542940641704,0,22.269155104955,80.5278167724609,11.9163034726989,40.8779169718424,0,0,6.45392409987576,0,5.96119216332675,0,5.20219809143104,0,13.8689050674438,0,0,0,0,0,0,0,0,0,7.62425974099943,0,0,0,18.8303643259509,0,46.2107528686523,0,47.4399719238281,0,0,0,4.42486736190764,0,32.1768989562988,0,0,0,5.80779807492831,0,49.9988124370575,0,19.3154731701582,0,16.5265815311008,64.6350873311361,0,6.75441365597411,0,0,0,10.1794771007645,0,11.9945445919037,0,17.6689319610596,0,0,0,0,0,0,0,10.7176673087207,0,6.20880091028271,43.4557840824127,7.34758917864004,18.2861485481262,0
14.1614373070853,0,26.7186738422939,0,0,0,0,0,7.47146522492516,0,0,0,0,0,7.70060873031616,0,10.7807689685213,0,0,0,0,0,5.05878531207209,0,4.03380562569652,0,5.97328907999249,0,0,0,0,0,0,0,0,0,0,0,6.04833444356918,0,0,55.9127288818359,25.2637723286947,0,0,0,0,0,5.26110992829005,55.2568550109863,0,0,0,0,6.88187805009544,0,0,0,0,76.9387016296387,3.58182573318481,0,0,0,0,7.4150493831824,0,0,0,10.4393714907902,0,0,0,0,0,0,0,0,0,51.9186744689941,0,4.48577659470694,5.85505914451584,0,43.0967303514481,0,0
81.1540832519531,20.7663612365723,74.0000686645508,32.7586556948148,0,36.9784973992242,0,0,0,10.9344577108111,0,0,0,18.5141570232809,0,13.1862475326697,85.8884620666504,7.06261011832519,48.3400253295898,64.4556673490084,0,5.5628246578465,0,8.66287028245618,0,5.10604162338427,0,4.58659648522735,0,0,0,0,0,0,0,65.9588756561279,0,35.6140323877335,0,0,88.419677734375,51.7167808203388,112.05834197998,42.8638906807735,0,47.5865142128684,0,0,0,5.3632066526413,0,39.3545379638672,0,0,0,17.9744746465941,0,24.8335342118234,0,15.4773802356279,0,12.2619075878694,56.0312209496131,0,5.42958520775411,0,10.1794771007645,0,0,0,5.529131003173,0,66.3988531552828,0,0,0,0,0,0,0,63.155277633667,0,26.6354349659741,42.0028120174743,29.4244623215575,53.287088394165,96.9184875488281
12.5486531257629,0,0,0,0,0,0,0,6.73508902599937,0,0,0,7.50213797887166,0,5.72869828635571,0,6.03915408910331,0,0,0,0,0,5.67420056076096,0,9.12122423308236,0,5.18772560990291,0,4.2678835228977,0,0,0,0,0,0,0,0,0,0,0,0,0,0,0,0,0,0,0,4.05331926075917,0,0,0,0,0,6.77750976332303,0,0,0,8.36922955513,0,4.88961291819249,0,0,0,0,8.11640403815955,0,10.4393714907902,0,0,0,4.85825580044797,0,0,0,0,0,0,0,0,0,0,6.03766919026333,12.2166962623596,0,0,0
84.217155456543,19.8240346336365,79.0159759521484,36.6220968146073,0,0,0,0,0,17.3175135228171,0,22.716519876968,0,28.2002571937365,0,28.5382296244303,81.5686359405518,59.750486649258,50.9378558046678,50.2412552553065,0,3.7075678224433,0,17.8589371984655,0,6.65692579405648,0,6.45496602846972,0,7.39264433177901,0,0,0,0,0,52.1664051055908,0,52.5653459300166,0,0,101.638004302979,54.0328139718973,71.9179293314616,47.1640246896183,0,46.1583508323221,0,0,0,4.2492641551154,0,36.3886884053548,0,0,84.6001205444336,18.192443554218,0,13.0004159770544,0,10.4520079402987,0,9.34536987543106,52.2175426483154,0,4.86105060577393,0,11.9945445919037,0,5.529131003173,0,0,0,58.8110006025859,0,0,0,0,0,51.8500311715262,0,54.3247577084435,0,19.009122174586,9.4124206068346,27.2794030936989,56.7920589447021,0
0,0,0,0,0,0,0,0,0,0,2.84838751951853,0,0,0,0,0,0,0,0,0,0,0,6.12647040685018,0,0,0,0,0,5.13125448531293,0,2.95726418495178,0,0,0,0,0,0,0,0,0,0,0,0,0,0,0,0,0,0,0,0,0,0,0,0,0,0,0,0,0,0,0,0,0,0,3.11449918092466,0,0,0,4.85825580044797,0,0,0,3.23304482116256,0,0,0,0,0,0,0,0,2.75149321556091,0,0,0,0
