0,0,0.184503204773404,0,0,0,0,0,0.275876825513185,0,0,0,0.33287358880043,0,0.340049400925636,0,0,0,0.302866222070796,0,0,0,0,0,0.312951149874263,0,0,0,0,0,0,0,0,0,0,0,0.34138673171401,0.338414967060089,0.274434323344275,0,0.428149618208408,0.269510650209018,0.32446098374755,0,0,0,0.279798970633262,0.323472517656117,0.279774556673474,0,0,0,0,0,0.192068766599352,0,0.326783946937039,0,0.326457944147441,0,0.315993787686518,0,0,0.285070202151934,0,0,0,0.254520141692073,0,0,0,0.313946563231794,0,0.344981528818607,0,0,0,0,0,0.322700392615282,0,0.38333521304386,0.281036999856317,0.28361542224884,0.370010254786509,0,0.280192174017429
0,0,0,0.13762877917745,0,0.264074265956879,0,0,0,0.166908065710112,0,0,0,0,0,0,0,0,0.36752417199632,0,0,0,0,0.358913421630859,0,0,0,0,0,0,0,0,0,0,0,0.379524456130134,0,0.327184582572608,0,0.325494783680613,0,0.336188239480738,0.267818510532379,0.257212251424789,0,0.302983765558499,0,0.308297504599278,0,0.210705004062376,0,0,0,0,0,0.246750854864353,0,0.288333501418432,0,0.275083815822235,0,0.184617017992796,0.30283722653985,0,0,0,0.300758942349316,0,0.341112211346626,0,0.374110251665115,0,0.3002839833498,0,0,0,0,0,0.355780279514741,0,0.299371901613015,0,0.29964669722687,0,0.307851445969838,0.352800858020782,0
0.184503204773404,0,0,0,0.177770314472062,0,0,0,0.205070104769298,0,0,0,0,0,0,0,0.259628862142563,0.239691063761711,0.243780083277009,0,0.249562337994576,0,0,0,0.281236976385117,0,0,0,0,0,0,0,0,0,0,0,0.288422763347626,0,0.269290943940481,0,0,0.22596874833107,0.272588058478302,0,0,0,0.257935766047902,0.315341939528783,0.188341336313789,0,0.230053761491069,0,0,0,0.196947385395705,0,0.245411871987231,0,0.253313583135605,0,0.231259059793544,0,0,0.248122811317444,0,0,0,0.2643963098526,0,0,0,0.272772871206204,0,0.278604538845164,0,0,0,0,0,0.272614257676261,0,0.285934769113859,0.252197362074297,0.257888665795326,0.255536878481507,0,0.233387559652328
0,0.13762877917745,0,0,0,0.143826926816771,0,0,0,0.118277399394127,0,0,0,0,0,0,0.253240411480268,0.278288205464681,0.251975344419479,0.177474983036518,0,0,0,0.325032323598862,0,0,0,0,0,0,0,0,0,0,0,0.188776690098974,0,0.369927793741226,0,0.276289328577973,0,0.274485989032126,0.297848016023636,0,0,0.266599843810712,0,0,0,0.159780921069244,0,0.218848294393062,0,0,0,0.162191909895493,0,0.272799404338002,0,0.278834857046604,0,0,0.287546783685684,0,0,0,0.299114532768726,0,0,0,0.33573953807354,0,0.33299353145636,0,0,0,0,0,0.309346381913532,0.326689690351486,0.281068219379945,0,0.221845863913138,0.275850349238941,0.223076340791426,0.246185690164566,0
0,0,0.177770314472062,0,0,0,0,0,0,0,0,0,0,0,0.18758096297582,0,0,0,0,0,0.138962559401989,0,0,0,0,0,0,0,0,0,0,0,0,0,0,0,0,0,0,0,0,0,0.234594941139221,0,0,0,0,0,0.235994130373001,0,0.150934802714822,0,0,0,0,0,0.15925706923008,0,0,0,0,0,0,0.160160724073648,0,0,0,0,0,0,0,0,0,0,0,0,0,0,0,0,0,0,0.188421688973904,0,0.174629697674199,0,0
0,0.264074265956879,0,0.143826926816771,0,0,0,0.155426077544689,0,0,0,0.238223619759083,0,0,0,0.204851528008779,0,0,0,0.176131646673219,0,0,0,0,0,0,0,0,0,0,0,0,0,0,0,0.192756337950928,0,0,0,0.241561323404312,0,0.244631295574122,0,0,0,0.213097513715426,0,0,0,0,0,0.231969966939913,0,0.181215057770411,0,0.162726250787576,0,0.25888314180904,0,0.218567244708538,0,0,0.23290186959344,0,0,0,0,0,0.278791129589081,0,0.275377660989761,0,0.281382041542154,0,0,0,0,0,0.255943887195615,0,0.233584742993116,0,0.202965998703516,0.16798622533679,0.169028106544699,0,0
0,0,0,0,0,0,0,0,0,0,0,0,0,0,0,0,0,0,0,0,0,0,0,0,0,0,0,0,0,0,0,0,0,0,0,0,0,0,0,0,0,0,0,0,0,0,0,0,0,0,0,0,0.250289789736271,0,0,0,0.265040898344655,0,0,0,0,0,0,0,0,0,0,0,0,0,0,0,0,0,0,0,0,0,0,0,0,0,0,0,0,0,0
0,0,0,0,0,0.155426077544689,0,0,0,0,0,0,0,0,0,0,0,0,0,0,0,0,0,0,0,0,0,0,0,0,0,0,0,0,0,0.194005380074183,0,0,0,0,0,0,0,0,0,0,0,0,0,0,0,0.185840228641475,0,0.172449750204881,0,0,0,0,0,0,0,0,0,0,0,0,0,0,0,0,0,0,0,0,0,0,0,0,0,0,0,0,0,0,0,0,0
0.275876825513185,0,0.205070104769298,0,0,0,0,0,0,0,0,0,0,0,0.232972825202677,0,0.232984067665206,0,0.284699095146997,0,0,0,0,0,0.246400896771096,0,0.239382370710373,0,0,0,0,0,0,0,0,0,0,0,0.222388952737674,0,0.250570684671402,0.254193216562271,0.27191635223467,0,0,0,0.276969253085554,0.341205358505249,0.315742588363761,0,0.19935334722201,0,0,0,0.189848367157402,0,0.313474856153892,0,0.329560002619094,0,0.256413650631905,0,0,0.280449643731117,0,0,0,0.209893804551526,0,0,0,0.350850113564067,0,0.380882207836424,0,0,0,0,0,0.283859565854073,0,0.183887560851872,0.205271054923223,0.191304419793016,0.314388454241573,0,0.251430003125159
0,0.166908065710112,0,0.118277399394127,0,0,0,0,0,0,0,0,0,0,0,0.237420616547267,0,0.148997291922569,0.19373532384634,0,0,0,0,0.268414943892023,0,0,0,0,0,0,0,0,0,0,0,0,0,0.247793252979006,0,0.286334639787674,0,0.237926414429114,0,0,0,0.268810525536537,0,0,0.290100187063217,0.305044358398052,0,0.164605730772018,0,0,0,0.207759138787706,0,0.346980460544131,0,0.337209641933441,0,0.248481730042502,0.29713703195254,0,0,0,0.254715354931086,0,0.335932242870331,0,0.351761070035753,0,0.351122471521486,0,0,0,0,0,0,0,0.203252182155848,0,0.208295352076063,0.173356801542369,0.258871322994719,0.23985318094492,0
0,0,0,0,0,0,0,0,0,0,0,0,0.234258996752592,0,0,0,0,0,0,0,0.137336840097969,0,0,0,0,0,0,0,0.293225921252195,0,0.254417015084376,0,0,0,0,0,0.165885461228234,0,0.139720249113503,0,0,0,0,0,0,0,0,0,0,0,0,0,0,0,0,0,0.21204652809223,0,0.258310134121037,0,0,0,0,0,0,0,0,0,0,0,0,0.27689163684845,0,0.255552767243768,0,0,0,0,0,0.157583963539865,0,0,0.163631141630571,0,0,0,0
0,0,0,0,0,0.238223619759083,0,0,0,0,0,0,0,0,0,0,0,0,0,0.109233495879632,0,0,0,0,0,0,0,0.13114848200764,0,0.208810543408617,0,0,0,0,0,0.15780092249013,0,0.18175332993269,0,0,0,0,0,0,0,0.258282870054245,0,0,0,0,0,0.267588240978045,0,0,0,0,0,0.213831886852176,0,0.222173307504919,0,0,0.143635399399265,0,0,0,0,0,0,0,0.132100137831398,0,0.188816282673301,0,0,0,0,0,0.285862897123609,0,0.167512405249808,0,0.154438548441976,0,0,0,0
0.33287358880043,0,0,0,0,0,0,0,0,0,0.234258996752592,0,0,0,0.239288974167972,0,0,0,0,0,0,0,0,0,0,0,0,0,0.285293115036828,0,0.310632953420281,0,0,0,0,0,0,0,0,0,0,0,0.364655882120132,0,0,0,0,0,0.317996037857873,0,0,0,0.149492666125298,0,0,0,0.242452471224793,0,0.224617540054414,0,0.24306734476809,0,0,0,0,0,0,0,0,0,0,0.282148405113293,0,0.285608151129314,0,0,0,0,0,0,0,0,0.235517531633377,0,0.305117811475481,0,0
0,0,0,0,0,0,0,0,0,0,0,0,0,0,0,0.22455770522356,0,0,0,0,0,0,0,0,0,0.238655857741833,0,0.22888678809007,0,0,0,0,0,0,0,0,0,0,0,0,0,0,0,0,0,0,0,0,0,0,0,0,0,0,0,0,0,0.230248609727079,0,0.228502357409704,0,0.164087664513361,0,0,0,0,0,0,0,0,0.237953513860703,0,0,0,0,0,0,0,0,0,0,0,0,0.175053358078003,0,0,0
0.340049400925636,0,0,0,0.18758096297582,0,0,0,0.232972825202677,0,0,0,0.239288974167972,0,0,0,0.22836293031772,0,0,0,0,0,0,0,0,0,0,0,0,0,0,0,0,0,0,0,0,0,0.339198142290115,0,0,0,0.386227263344659,0,0,0,0,0,0.368468782731465,0,0,0,0,0,0.274021576140441,0,0,0,0.270221523367442,0,0.185404174234889,0,0,0,0,0,0,0,0,0.246566608548164,0,0.242527052760124,0,0,0,0,0,0,0,0,0,0,0.205357667307059,0.171233236789703,0.355590980271904,0,0
0,0,0,0,0,0.204851528008779,0,0,0,0.237420616547267,0,0,0,0.22455770522356,0,0,0,0,0,0,0,0,0,0,0,0,0,0,0,0,0,0,0,0,0,0,0,0,0,0,0,0,0,0,0,0,0,0,0,0,0,0.218474495644663,0,0,0,0.212090031667189,0,0,0,0.247954477077803,0,0.206881175152258,0,0,0,0,0,0,0,0,0,0,0,0,0,0,0,0,0,0,0,0,0,0,0,0,0
0,0,0.259628862142563,0.253240411480268,0,0,0,0,0.232984067665206,0,0,0,0,0,0.22836293031772,0,0,0.195065614904616,0.287891273652384,0,0,0,0.151298463344574,0,0.155272510647774,0,0.152269713007487,0,0,0,0,0,0,0,0,0.329594994584719,0.338131245063699,0.321398586034775,0.329949652606791,0.295572152115264,0.311617842534693,0.26435720707689,0.276924630278322,0.352773457765579,0.247429847717285,0.280451239645481,0.282431052329671,0,0.301796078681946,0.29095134139061,0,0,0,0,0,0,0.255602806806564,0,0.298255831003189,0,0,0,0.302973866462708,0.299986448961419,0,0.135578252375126,0,0,0,0,0.23969841003418,0.282375304536386,0.302678191661835,0.328020806113879,0,0,0,0,0.320585815419613,0.328495530763143,0.296063946989866,0.344286275438932,0.233823252878289,0.149861429898377,0.298575636292949,0.269424095749855,0.272153788724461
0,0,0.239691063761711,0.278288205464681,0,0,0,0,0,0.148997291922569,0,0,0,0,0,0,0.195065614904616,0,0.300560172756019,0,0,0,0,0.18173340454544,0,0.154227389229668,0,0.168952632695436,0,0,0,0,0,0,0,0.318444030510413,0.321382749080658,0.336848946633162,0.349098801612854,0.29856576054704,0.291888549923897,0.274490300737894,0.26652805768607,0,0,0.276293700358954,0.276388837810022,0,0.294018008746207,0.279820002615452,0,0,0,0,0.300121486186981,0.303151428699493,0,0.278206676244736,0,0,0,0,0.355043068528175,0.294898166700646,0,0,0.17695115506649,0,0,0,0.318724711736043,0.255970060825348,0.31502991706826,0.296577568565096,0,0,0,0,0.320607916357812,0.317576111286087,0.330959497151836,0.317623713437249,0.232991285913283,0.167677473211703,0.288950765834135,0.271219346834266,0.28730593919754
0.302866222070796,0.36752417199632,0.243780083277009,0.251975344419479,0,0,0,0,0.284699095146997,0.19373532384634,0,0,0,0,0,0,0.287891273652384,0.300560172756019,0,0.389399617910385,0.293923593229718,0,0,0,0,0,0,0,0,0,0,0,0,0,0,0.352804916318167,0.361358492696372,0.352462150927248,0.356089126638004,0.304457223319287,0.302444064820355,0.211930246667875,0.213054328003604,0.196430458128452,0.191579157859087,0.300655888193807,0.276688356220064,0,0.296560976022886,0.284683077675956,0,0,0,0,0.22823329269886,0.255939722061157,0.26388910615986,0.326084450429136,0.242006925245126,0.275221258401871,0.256316408514977,0,0.313649567110198,0.297533469289784,0,0,0,0,0.35685122013092,0,0.32942451371087,0.325765265666303,0.334562371053347,0.333026443761361,0,0,0,0,0.353931985044261,0.336717414823982,0.363755737166881,0.361100167307668,0.249406566450434,0.225014921328103,0.286874408374157,0.221230083333901,0.227229684768162
0,0,0,0.177474983036518,0,0.176131646673219,0,0,0,0,0,0.109233495879632,0,0,0,0,0,0,0.389399617910385,0,0,0,0,0,0,0,0,0,0,0,0,0,0,0,0,0.16870653972942,0,0.172479074252279,0,0.261579990386963,0,0.225798251728217,0,0,0,0.308945839189821,0,0,0,0,0,0,0,0,0,0,0,0,0,0,0,0,0.223689982144439,0,0,0,0,0,0,0,0,0,0,0,0,0,0,0,0.260874285394775,0,0,0,0.145391631803729,0,0.269611912965775,0,0
0,0,0.249562337994576,0,0.138962559401989,0,0,0,0,0,0.137336840097969,0,0,0,0,0,0,0,0.293923593229718,0,0,0,0,0,0,0,0,0,0,0,0,0,0,0,0,0,0.223725464304811,0,0.205768241188847,0,0,0,0.322174642828928,0,0.336150288581848,0,0.304752837006862,0,0,0,0.135415003580206,0,0,0,0,0,0.170498182087959,0,0,0,0,0,0,0.214783489134874,0,0,0,0,0,0,0,0.289450079202652,0,0.257837307122019,0,0,0,0,0,0.232400920154179,0,0.255195166576992,0.183423781759672,0,0.276078674438837,0,0
0,0,0,0,0,0,0,0,0,0,0,0,0,0,0,0,0,0,0,0,0,0,0.0778090326736371,0.179649683035383,0,0.213693961501122,0,0.235166858633359,0,0,0,0,0,0,0,0,0,0.250325395853193,0,0,0,0.407173782587051,0,0,0,0,0,0.40698130428791,0,0.205194166302681,0,0,0,0,0,0,0,0,0,0,0,0,0,0,0.218351705830648,0,0.130462814654623,0,0.269934806227684,0,0.299918112525043,0,0,0,0,0,0,0,0,0,0.277378827709742,0,0.202238838925463,0.144669930439747,0,0,0
0,0,0,0,0,0,0,0,0,0,0,0,0,0,0,0,0.151298463344574,0,0,0,0,0.0778090326736371,0,0,0.270841222196215,0,0.273746132850647,0,0.174199202097952,0,0,0,0,0,0,0,0,0,0.323831987911269,0,0,0,0,0,0,0,0,0.303282707929611,0.358695891685784,0,0,0,0,0,0,0,0,0,0,0,0,0,0,0,0,0.235175591536466,0,0.289874256517412,0,0.301537972909433,0,0.317150264978409,0,0,0,0,0,0,0,0,0,0.368398569351019,0.200701169147391,0.119490977554094,0,0,0
0,0.358913421630859,0,0.325032323598862,0,0,0,0,0,0.268414943892023,0,0,0,0,0,0,0,0.18173340454544,0,0,0,0.179649683035383,0,0,0,0.234506722539663,0,0,0,0,0,0,0,0,0,0,0,0.345671011578469,0,0,0,0.36991711310111,0,0,0,0,0,0.453903646845567,0,0.321062199379268,0,0,0,0,0,0.266183917905078,0,0,0,0,0,0.195236414670944,0,0,0.283891361694482,0,0.24451549429968,0,0.2791425752248,0,0.344474693139394,0,0,0,0,0,0,0,0,0,0.296636190366991,0,0.311323730973527,0.47244734565417,0.35370490161909,0,0
0.312951149874263,0,0.281236976385117,0,0,0,0,0,0.246400896771096,0,0,0,0,0,0,0,0.155272510647774,0,0,0,0,0,0.270841222196215,0,0,0,0.209214000178756,0,0,0,0,0,0,0,0,0,0,0,0.279856527937475,0,0,0.241179689764977,0.295874883731206,0,0,0,0,0.441168233752251,0.307074759569433,0,0,0,0,0,0.208166931092008,0,0.334624266624451,0,0.359565526247025,0,0.372417956590652,0,0,0,0,0.221012154247338,0,0.274351242108541,0,0.240884670167548,0,0,0,0,0,0,0,0,0,0,0,0.271348198485929,0.224558147780122,0,0.328129676057071,0,0
0,0,0,0,0,0,0,0,0,0,0,0,0,0.238655857741833,0,0,0,0.154227389229668,0,0,0,0.213693961501122,0,0.234506722539663,0,0,0,0.204796338551923,0,0,0,0,0,0,0,0,0,0.340035077238428,0,0,0,0.316204279661179,0,0,0,0,0,0.391048759222031,0,0,0,0,0,0,0,0.231921046972275,0,0.307432681322098,0,0.231558320094954,0,0.208927653860628,0,0,0.239230592602066,0,0.264303574297163,0,0.319178114132595,0,0.251454426032124,0,0,0,0,0,0,0,0,0,0.271705359654519,0,0.213361012700357,0,0.370420630489077,0,0
0,0,0,0,0,0,0,0,0.239382370710373,0,0,0,0,0,0,0,0.152269713007487,0,0,0,0,0,0.273746132850647,0,0.209214000178756,0,0,0,0.183277077972889,0,0,0,0,0,0,0,0,0,0,0,0,0,0,0,0,0,0,0,0,0,0,0,0,0,0.242303090684253,0,0,0,0,0,0.255343128894937,0,0,0,0,0,0,0.229412812859781,0,0.257908368608819,0,0.261646709117655,0,0,0,0,0,0,0,0,0,0,0.18794007619047,0,0,0,0
0,0,0,0,0,0,0,0,0,0,0,0.13114848200764,0,0.22888678809007,0,0,0,0.168952632695436,0,0,0,0.235166858633359,0,0,0,0.204796338551923,0,0,0,0.221915539204021,0,0,0,0,0,0,0,0.208817961715883,0,0,0,0,0,0,0,0,0,0,0,0,0,0,0,0,0,0,0,0,0,0.260920435989445,0,0,0,0,0.147853970527649,0,0,0,0.199204325675964,0,0.230691224048302,0,0.216319635312291,0,0,0,0,0,0,0,0.232598565518856,0,0.197192986213003,0.173647297448234,0,0,0
0,0,0,0,0,0,0,0,0,0,0.293225921252195,0,0.285293115036828,0,0,0,0,0,0,0,0,0,0.174199202097952,0,0,0,0.183277077972889,0,0,0,0.294538630379571,0,0,0,0,0,0,0,0.25498055282392,0,0,0,0,0,0,0,0,0,0.308264255523682,0,0,0,0,0,0,0,0,0,0.362287014722824,0,0,0,0,0,0,0.141185432672501,0,0,0,0.271754906665195,0,0.255039516836405,0,0.263621925280012,0,0,0,0,0,0,0,0.23373612165451,0.127563649305591,0.164979495108128,0,0,0
0,0,0,0,0,0,0,0,0,0,0,0.208810543408617,0,0,0,0,0,0,0,0,0,0,0,0,0,0,0,0.221915539204021,0,0,0,0,0,0,0,0,0,0.19031617641449,0,0,0,0,0,0,0,0,0,0,0,0,0,0,0,0,0,0,0,0.21645702958644,0,0,0,0,0,0,0,0,0,0,0,0,0.156774693094524,0,0.235265353524079,0,0,0,0,0,0,0,0,0,0.27958251356792,0,0,0,0
0,0,0,0,0,0,0,0,0,0,0.254417015084376,0,0.310632953420281,0,0,0,0,0,0,0,0,0,0,0,0,0,0,0,0.294538630379571,0,0,0,0,0,0,0,0,0,0.179775310907422,0,0,0,0,0,0,0,0,0,0,0,0,0,0,0,0,0,0.202735948065917,0,0,0,0,0,0,0,0,0,0,0,0,0,0,0.247504211962223,0,0.154409592436881,0,0,0,0,0,0,0,0.169022640089194,0.20062686584808,0,0,0,0
0,0,0,0,0,0,0,0,0,0,0,0,0,0,0,0,0,0,0,0,0,0,0,0,0,0,0,0,0,0,0,0,0.200255515177156,0.263566355141146,0,0.232430032328577,0,0,0,0,0,0,0,0,0,0,0,0.35096603251491,0.315674930810928,0.39228231185361,0,0,0,0,0,0,0,0,0,0,0,0,0,0,0,0,0,0,0,0,0,0,0,0,0.289577789611807,0.126648250797933,0.259885790817281,0,0.278326513621729,0.293048053979874,0,0,0.191764371152571,0,0,0,0
0,0,0,0,0,0,0,0,0,0,0,0,0,0,0,0,0,0,0,0,0,0,0,0,0,0,0,0,0,0,0,0.200255515177156,0,0.162846013903618,0.382749460637569,0.173165204624335,0.146881801758043,0,0,0,0.336831332224867,0,0,0,0,0,0,0.3195345035483,0.324758923408531,0,0,0,0,0,0,0,0,0,0,0,0,0,0,0,0,0,0,0,0,0,0,0,0,0,0.354522258043289,0.302869883725682,0,0,0,0.269637743316924,0,0,0.159888951906136,0,0,0,0
0,0,0,0,0,0,0,0,0,0,0,0,0,0,0,0,0,0,0,0,0,0,0,0,0,0,0,0,0,0,0,0.263566355141146,0.162846013903618,0,0.150580729488373,0.191607258124993,0,0.486429738575843,0.350413392787263,0,0,0,0,0,0,0,0,0.273050040600923,0,0.542552173137665,0,0,0,0,0,0,0,0,0,0,0,0,0,0,0,0,0,0,0,0,0,0,0,0,0.243998666181632,0.14809056930244,0.207076084155303,0.152113947519844,0.169066904112697,0,0.194414125334832,0.277223820284921,0.162219762213644,0.282770991325378,0.458413461844126,0,0
0,0,0,0,0,0,0,0,0,0,0,0,0,0,0,0,0,0,0,0,0,0,0,0,0,0,0,0,0,0,0,0,0.382749460637569,0.150580729488373,0,0,0.192901472987602,0.434341659148534,0.381363722618925,0,0.410451139564867,0.51172579147599,0.497226357460022,0,0,0,0,0.474656244690939,0.407162819917385,0,0,0,0,0,0,0,0,0,0,0,0,0,0,0,0,0,0,0,0,0,0,0,0,0,0,0.387035532544057,0.148969282905261,0.224939005533013,0,0.220637513012499,0,0.256561220038769,0.381537051400147,0,0.459438025951385,0,0
0,0.379524456130134,0,0.188776690098974,0,0.192756337950928,0,0.194005380074183,0,0,0,0.15780092249013,0,0,0,0,0.329594994584719,0.318444030510413,0.352804916318167,0.16870653972942,0,0,0,0,0,0,0,0,0,0,0,0.232430032328577,0.173165204624335,0.191607258124993,0,0,0.161684305710067,0.254579727746858,0,0.324379821804082,0.208042340353131,0.307165254149344,0.335670605301857,0.30794500878879,0,0.2925395075023,0.353161185979843,0.382402531395388,0.219842168688774,0.343236199928077,0,0,0,0,0,0,0,0.149932427250821,0,0,0,0,0.225711650283713,0,0,0,0,0,0,0,0.28696620464325,0,0.328077400431913,0.293276290098826,0.217248153296255,0,0.219830415829891,0,0.248745903662464,0.149687396713449,0.270344577554277,0.347400858998299,0.215614630582311,0.197351977229118,0.267226553876215,0.33302804242961,0
0.34138673171401,0,0.288422763347626,0,0,0,0,0,0,0,0.165885461228234,0,0,0,0,0,0.338131245063699,0.321382749080658,0.361358492696372,0,0.223725464304811,0,0,0,0,0,0,0,0,0,0,0,0.146881801758043,0,0.192901472987602,0.161684305710067,0,0,0.257730349373212,0.347950667142868,0.312854512698121,0,0.320752083803668,0,0.298235952854156,0,0.280348004865469,0.30854480517538,0.29812367948202,0,0.215545733508311,0,0,0,0.221099324524403,0,0.203764786407099,0,0.302702635526657,0,0.232888562604785,0,0,0.248882239822436,0,0,0,0,0,0,0,0.335235387086868,0.304261535406113,0.29244913905859,0,0.145369870418852,0,0.224127647604827,0.271321810781956,0.246380822484759,0,0.274236755519549,0.228221735950633,0.223341165023086,0.216047162992343,0,0.352137733908261
0.338414967060089,0.327184582572608,0,0.369927793741226,0,0,0,0,0,0.247793252979006,0,0.18175332993269,0,0,0,0,0.321398586034775,0.336848946633162,0.352462150927248,0.172479074252279,0,0.250325395853193,0,0.345671011578469,0,0.340035077238428,0,0.208817961715883,0,0.19031617641449,0,0,0,0.486429738575843,0.434341659148534,0.254579727746858,0,0,0.434162703304741,0.338575258173726,0.320723176002502,0.358397873876926,0.321340372165044,0.301660531096988,0,0.31127469329273,0.269685987383127,0.602244450445889,0,0.371180921967567,0,0,0,0,0.275947749614716,0.176056444644928,0,0.142472358435635,0,0,0,0,0.270347190880851,0.363633245229721,0.421023668730949,0,0.328624728222688,0,0.292200867927843,0,0.349672528373641,0,0.301872415468097,0,0,0,0.142311439885722,0,0.281368765227146,0.341775208711624,0.253712570550462,0.506105641936111,0.447252069219209,0.584790230677601,0.325024546475062,0.338872341646088,0
0.274434323344275,0,0.269290943940481,0,0,0,0,0,0.222388952737674,0,0.139720249113503,0,0,0,0.339198142290115,0,0.329949652606791,0.349098801612854,0.356089126638004,0,0.205768241188847,0,0.323831987911269,0,0.279856527937475,0,0,0,0.25498055282392,0,0.179775310907422,0,0,0.350413392787263,0.381363722618925,0,0.257730349373212,0.434162703304741,0,0.35506483912468,0.327067375183105,0.413430205685027,0.289600619639473,0,0.308547049760818,0,0.279296235412571,0.632762352811731,0.304636201070201,0,0,0,0,0,0.176652143377039,0,0.182041674852371,0,0.322159022092819,0,0.238504699789561,0,0,0.24616063089366,0,0.277545133283701,0,0.309644218576725,0,0.219391018152237,0,0.269440983504309,0,0.178311952544997,0,0,0,0.294907269080901,0,0.26687760918769,0,0.267535207423906,0.346301136115544,0.581417307342964,0.310824701960167,0,0.359187719722589
0,0.325494783680613,0,0.276289328577973,0,0.241561323404312,0,0,0,0.286334639787674,0,0,0,0,0,0,0.295572152115264,0.29856576054704,0.304457223319287,0.261579990386963,0,0,0,0,0,0,0,0,0,0,0,0,0,0,0,0.324379821804082,0.347950667142868,0.338575258173726,0.35506483912468,0,0.333572767674923,0.299277157572903,0.279453800320625,0.322812499435803,0,0.273995635131824,0.27797536871263,0.459930681933959,0.314857803285122,0.3353698297902,0,0,0,0,0,0.288005381822586,0,0.31521893464602,0.271025747060776,0,0,0,0.267457282261269,0.279694626728694,0,0,0,0,0,0,0.319703096523881,0,0.313115055012283,0.291545927524567,0,0,0,0,0.307994645253135,0.321049430153587,0.318715054038409,0.322803620249033,0.299866023952096,0.287050408124924,0.265225481889744,0.285608094458173,0.259224236011505
0.428149618208408,0,0,0,0,0,0,0,0.250570684671402,0,0,0,0,0,0,0,0.311617842534693,0.291888549923897,0.302444064820355,0,0,0,0,0,0,0,0,0,0,0,0,0,0.336831332224867,0,0.410451139564867,0.208042340353131,0.312854512698121,0.320723176002502,0.327067375183105,0.333572767674923,0,0.303989499807358,0.266891409226396,0,0.259154587984085,0.288497179746628,0.250777656541151,0.414553476497531,0.36171514610932,0,0.222657263278961,0,0,0,0,0,0.238099581003189,0,0.236221194267273,0,0,0,0,0.296348110772669,0,0,0,0,0,0,0,0.370297700166702,0.288895830512047,0.278078446785609,0,0.32853151786895,0,0,0.320172660052776,0.360599772316419,0.364225134253502,0.35721694039447,0.351615446749367,0.388021975755692,0.270967372815022,0,0.341227200395333
0.269510650209018,0.336188239480738,0.22596874833107,0.274485989032126,0,0.244631295574122,0,0,0.254193216562271,0.237926414429114,0,0,0,0,0,0,0.26435720707689,0.274490300737894,0.211930246667875,0.225798251728217,0,0.407173782587051,0,0.36991711310111,0.241179689764977,0.316204279661179,0,0,0,0,0,0,0,0,0.51172579147599,0.307165254149344,0,0.358397873876926,0.413430205685027,0.299277157572903,0.303989499807358,0,0.284893840191771,0.253283904301815,0,0.283346947722548,0.255005886157354,0.486297537226684,0.439590989515699,0.377452469025312,0,0.262777562988432,0,0,0.248245557149251,0.256042740524632,0,0.341021976242754,0,0.346820294525888,0.280483141541481,0.247032351879513,0.316404869541144,0.29309194535017,0.389019006490707,0,0.297386569983285,0.262757927179337,0.35742326957338,0.341323882341385,0.357445493548415,0.26627454161644,0.307582550105975,0,0,0,0,0,0.324238101750935,0.306127154164844,0.302817707112731,0.393335239245341,0.336176990571004,0.352424761315562,0.298306654514158,0.231365334461717,0.234703928232193
0.32446098374755,0.267818510532379,0.272588058478302,0.297848016023636,0.234594941139221,0,0,0,0.27191635223467,0,0,0,0.364655882120132,0,0.386227263344659,0,0.276924630278322,0.26652805768607,0.213054328003604,0,0.322174642828928,0,0,0,0.295874883731206,0,0,0,0,0,0,0,0,0,0.497226357460022,0.335670605301857,0.320752083803668,0.321340372165044,0.289600619639473,0.279453800320625,0.266891409226396,0.284893840191771,0,0,0.213760179751798,0.248629705472426,0.295821879573028,0.465656280370042,0.314882356063948,0.463114410638809,0.246165867622306,0,0,0,0.257469655216089,0,0.28016172246564,0,0.299635324965824,0,0.304382452561009,0,0.252212554216385,0.315127739015101,0,0,0,0.289736900478601,0,0.31554611325264,0.319230943918228,0.313253252560313,0.272094956040382,0.302892409842199,0,0,0,0,0.308565796042482,0.309949128643463,0.31753713121781,0.329718673071324,0.26945493255277,0.258035990886572,0.294438939898475,0.216868841222354,0.244597516059875
0,0.257212251424789,0,0,0,0,0,0,0,0,0,0,0,0,0,0,0.352773457765579,0,0.196430458128452,0,0,0,0,0,0,0,0,0,0,0,0,0,0,0,0,0.30794500878879,0,0.301660531096988,0,0.322812499435803,0,0.253283904301815,0,0,0,0.350509977340698,0,0,0,0,0,0,0,0,0,0,0,0,0,0,0,0,0.345990553498268,0,0,0,0,0,0,0,0.322114020586014,0,0.309949260618952,0,0,0,0,0,0.332348155023078,0,0.282528596264975,0,0.202272537995029,0,0.214686395957115,0.211444544215356,0
0,0,0,0,0,0,0,0,0,0,0,0,0,0,0,0,0.247429847717285,0,0.191579157859087,0,0.336150288581848,0,0,0,0,0,0,0,0,0,0,0,0,0,0,0,0.298235952854156,0,0.308547049760818,0,0.259154587984085,0,0.213760179751798,0,0,0,0.32812266264643,0.294368714094162,0.280846168597539,0,0,0,0,0,0,0,0.259720623493195,0,0,0,0,0,0,0.336739476237978,0,0,0,0,0,0,0,0,0,0,0,0,0,0,0,0.296791071794471,0,0.290070733986795,0.265017156799634,0,0.244058730346816,0,0.21140996646136
0,0.302983765558499,0,0.266599843810712,0,0.213097513715426,0,0,0,0.268810525536537,0,0.258282870054245,0,0,0,0,0.280451239645481,0.276293700358954,0.300655888193807,0.308945839189821,0,0,0,0,0,0,0,0,0,0,0,0,0,0,0,0.2925395075023,0,0.31127469329273,0,0.273995635131824,0.288497179746628,0.283346947722548,0.248629705472426,0.350509977340698,0,0,0.255681976675987,0,0,0.227742075920105,0,0,0,0,0,0.27512850612402,0,0.291895536815419,0,0.278697272141774,0,0,0.2762457993924,0.260670334100723,0,0,0,0,0.292729556560516,0,0.299990329477522,0,0.315074967329993,0.292000189423561,0,0,0,0,0.280070532262176,0.288884652157625,0.317255370973781,0.319539744406939,0.276716132844282,0.256391599774361,0.240080489157068,0.249754674732685,0.234527841210365
0.279798970633262,0,0.257935766047902,0,0,0,0,0,0.276969253085554,0,0,0,0,0,0,0,0.282431052329671,0.276388837810022,0.276688356220064,0,0.304752837006862,0,0,0,0,0,0,0,0,0,0,0,0,0,0,0.353161185979843,0.280348004865469,0.269685987383127,0.279296235412571,0.27797536871263,0.250777656541151,0.255005886157354,0.295821879573028,0,0.32812266264643,0.255681976675987,0,0.329731449484825,0.289590976196666,0,0.22098829348882,0,0,0,0.257547280751169,0,0.275762475148225,0,0.278893076275524,0,0.279420397111348,0,0,0.31134499156283,0,0,0,0,0,0,0,0.26124657748207,0.293188323577245,0.27898227665904,0,0,0,0,0.302763669441144,0.24964648802307,0.28776792379526,0.295121534560678,0.283642870566791,0.257502247889837,0.294374766656224,0.255966989057405,0.263790653019712
0.323472517656117,0.308297504599278,0.315341939528783,0,0,0,0,0,0.341205358505249,0,0,0,0,0,0,0,0,0,0,0,0,0.40698130428791,0.303282707929611,0.453903646845567,0.441168233752251,0.391048759222031,0,0,0,0,0,0.35096603251491,0.3195345035483,0.273050040600923,0.474656244690939,0.382402531395388,0.30854480517538,0.602244450445889,0.632762352811731,0.459930681933959,0.414553476497531,0.486297537226684,0.465656280370042,0,0.294368714094162,0,0.329731449484825,0,0.462587808089069,0.486239789172893,0,0,0,0,0.248838245868683,0,0.33766770362854,0,0.377935364842415,0,0.328849424918493,0.265892595052719,0,0,0.431233017182932,0.352209374308586,0.430314305614918,0.346082091331482,0.410963992277781,0.28259473045667,0.405102604422076,0.319871217012405,0,0.298486560583115,0.401573689015555,0.314512893621963,0.355953036034562,0.265141276586236,0.431135368459441,0.296550070376405,0.505953870713711,0.484816179993651,0.496061564056299,0.503685986453837,0.504432170680331,0,0
0.279774556673474,0,0.188341336313789,0,0.235994130373001,0,0,0,0.315742588363761,0.290100187063217,0,0,0.317996037857873,0,0.368468782731465,0,0.301796078681946,0.294018008746207,0.296560976022886,0,0,0,0.358695891685784,0,0.307074759569433,0,0,0,0.308264255523682,0,0,0.315674930810928,0.324758923408531,0,0.407162819917385,0.219842168688774,0.29812367948202,0,0.304636201070201,0.314857803285122,0.36171514610932,0.439590989515699,0.314882356063948,0,0.280846168597539,0,0.289590976196666,0.462587808089069,0,0.429972908713601,0.236622681841254,0,0,0,0.259154190291774,0,0.295615629603465,0.260761052370071,0.300597377140701,0,0.282278324435851,0,0,0.301858876432691,0,0.311977864085854,0,0.300712828125273,0,0.344504078902224,0,0.316574169975247,0.279128422339757,0.30397060281093,0,0.324665155793939,0,0.377527731160323,0.333106982707977,0.328484800296027,0.34397280216217,0.314596325519222,0.370245766455146,0.332579205433528,0.361708683980995,0,0.342428356853884
0,0.210705004062376,0,0.159780921069244,0,0,0,0,0,0.305044358398052,0,0,0,0,0,0,0.29095134139061,0.279820002615452,0.284683077675956,0,0,0.205194166302681,0,0.321062199379268,0,0,0,0,0,0,0,0.39228231185361,0,0.542552173137665,0,0.343236199928077,0,0.371180921967567,0,0.3353698297902,0,0.377452469025312,0.463114410638809,0,0,0.227742075920105,0,0.486239789172893,0.429972908713601,0,0,0,0,0,0,0.309856450499652,0,0.326317919887227,0,0.277658086210009,0,0.221580160589054,0.328417746971051,0.314481645822525,0.374088036276425,0,0.328007968487563,0,0.249524878621101,0,0.323093460748593,0,0.303384798414567,0,0.362543852235142,0,0.384951376252704,0,0.389503818690636,0.293921828269958,0.341792515073067,0.2849500477314,0.432313879013062,0,0.346155004461514,0.349041817709804,0
0,0,0.230053761491069,0,0.150934802714822,0,0,0,0.19935334722201,0,0,0,0,0,0,0,0,0,0,0,0.135415003580206,0,0,0,0,0,0,0,0,0,0,0,0,0,0,0,0.215545733508311,0,0,0,0.222657263278961,0,0.246165867622306,0,0,0,0.22098829348882,0,0.236622681841254,0,0,0,0,0,0.185052990913391,0,0.237477470369175,0,0.231812891364098,0,0,0,0,0.175523742280825,0,0,0,0,0,0,0,0.269122242927551,0,0,0,0,0,0,0,0.216535831987858,0,0,0.20212366037509,0,0.200324895594459,0,0
0,0,0,0.218848294393062,0,0.231969966939913,0,0.185840228641475,0,0.164605730772018,0,0.267588240978045,0,0,0,0.218474495644663,0,0,0,0,0,0,0,0,0,0,0,0,0,0,0,0,0,0,0,0,0,0,0,0,0,0.262777562988432,0,0,0,0,0,0,0,0,0,0,0,0.204733636975288,0,0.164905555546284,0,0.292489901185036,0,0,0,0,0.182275801897049,0,0,0,0,0,0,0,0,0,0,0,0,0,0,0,0,0,0,0,0.251395964791681,0,0.283686388966063,0,0
0,0,0,0,0,0,0.250289789736271,0,0,0,0,0,0.149492666125298,0,0,0,0,0,0,0,0,0,0,0,0,0,0,0,0,0,0,0,0,0,0,0,0,0,0,0,0,0,0,0,0,0,0,0,0,0,0,0,0,0,0,0,0.25686328905694,0,0,0,0,0,0,0,0,0,0,0,0,0,0,0,0,0,0,0,0,0,0,0,0,0,0,0,0,0,0
0,0,0,0,0,0.181215057770411,0,0.172449750204881,0,0,0,0,0,0,0,0,0,0,0,0,0,0,0,0,0,0,0,0,0,0,0,0,0,0,0,0,0,0,0,0,0,0,0,0,0,0,0,0,0,0,0,0.204733636975288,0,0,0,0,0,0,0,0,0,0,0,0,0,0,0,0,0,0,0,0,0,0,0,0,0,0,0,0,0,0,0.163947805762291,0,0,0,0
0.192068766599352,0,0.196947385395705,0,0,0,0,0,0.189848367157402,0,0,0,0,0,0.274021576140441,0,0,0.300121486186981,0.22823329269886,0,0,0,0,0,0.208166931092008,0,0.242303090684253,0,0,0,0,0,0,0,0,0,0.221099324524403,0.275947749614716,0.176652143377039,0,0,0.248245557149251,0.257469655216089,0,0,0,0.257547280751169,0.248838245868683,0.259154190291774,0,0.185052990913391,0,0,0,0,0,0.278627548594864,0,0.2940699500697,0,0.259093815782913,0,0,0.250066148117185,0,0,0,0.157496738378834,0,0,0,0.304286960026492,0,0.270774245262146,0,0,0,0,0,0.28808867931366,0,0.150724882429296,0.237590342760086,0.246554467413161,0.258012218215074,0,0.226254343986511
0,0.246750854864353,0,0.162191909895493,0,0.162726250787576,0,0,0,0.207759138787706,0,0,0,0,0,0.212090031667189,0,0.303151428699493,0.255939722061157,0,0,0,0,0.266183917905078,0,0.231921046972275,0,0,0,0,0,0,0,0,0,0,0,0.176056444644928,0,0.288005381822586,0,0.256042740524632,0,0,0,0.27512850612402,0,0,0,0.309856450499652,0,0.164905555546284,0,0,0,0,0,0.319327930438107,0,0.314011409878731,0,0.161303134771073,0.349804654717445,0,0,0,0.28067726964036,0,0.338367372751236,0,0.339403611162434,0,0.312439329922199,0,0,0,0,0,0.317979276180267,0,0.188448337217172,0,0.228781636162827,0.212318470080694,0.25632601757662,0.208431094884872,0
0.326783946937039,0,0.245411871987231,0,0.15925706923008,0,0.265040898344655,0,0.313474856153892,0,0.21204652809223,0,0.242452471224793,0,0,0,0.255602806806564,0,0.26388910615986,0,0.170498182087959,0,0,0,0.334624266624451,0,0,0,0,0,0.202735948065917,0,0,0,0,0,0.203764786407099,0,0.182041674852371,0,0.238099581003189,0,0.28016172246564,0,0.259720623493195,0,0.275762475148225,0.33766770362854,0.295615629603465,0,0.237477470369175,0,0.25686328905694,0,0.278627548594864,0,0,0,0.244977850112177,0,0.249925353761875,0,0,0.318771893347763,0,0,0,0,0,0,0,0.298021532518872,0,0.289409582893695,0,0,0,0,0,0.253471607775808,0.337530523538589,0.295050599745342,0.270186837224257,0.298937300841014,0.268015526352049,0,0.336254060268402
0,0.288333501418432,0,0.272799404338002,0,0.25888314180904,0,0,0,0.346980460544131,0,0.213831886852176,0,0.230248609727079,0,0,0,0.278206676244736,0.326084450429136,0,0,0,0,0,0,0.307432681322098,0,0,0,0.21645702958644,0,0,0,0,0,0.149932427250821,0,0.142472358435635,0,0.31521893464602,0,0.341021976242754,0,0,0,0.291895536815419,0,0,0.260761052370071,0.326317919887227,0,0.292489901185036,0,0,0,0.319327930438107,0,0,0,0.290668857300535,0,0.231287786530124,0.314645442869756,0,0.297431260347366,0,0.367140799760818,0,0.333978196583599,0,0.348735677699248,0,0.282531613150131,0,0,0,0,0,0.334580563008785,0,0.270472705364227,0,0.349955365596579,0,0.329544041092722,0.38868104494535,0
0.326457944147441,0,0.253313583135605,0,0,0,0,0,0.329560002619094,0,0.258310134121037,0,0.224617540054414,0,0.270221523367442,0,0.298255831003189,0,0.242006925245126,0,0,0,0,0,0.359565526247025,0,0,0,0.362287014722824,0,0,0,0,0,0,0,0.302702635526657,0,0.322159022092819,0.271025747060776,0.236221194267273,0,0.299635324965824,0,0,0,0.278893076275524,0.377935364842415,0.300597377140701,0,0.231812891364098,0,0,0,0.2940699500697,0,0.244977850112177,0,0,0,0.286148047370788,0,0,0.204409693181515,0,0,0,0.331575430101819,0,0.295426873770435,0,0.31055598783493,0,0.278098521863713,0,0,0,0,0,0.271587789058685,0,0.292805665417721,0.28937170014415,0.27474457025528,0.291481690402941,0,0
0,0.275083815822235,0,0.278834857046604,0,0.218567244708538,0,0,0,0.337209641933441,0,0.222173307504919,0,0.228502357409704,0,0.247954477077803,0,0,0.275221258401871,0,0,0,0,0,0,0.231558320094954,0,0.260920435989445,0,0,0,0,0,0,0,0,0,0,0,0,0,0.346820294525888,0,0,0,0.278697272141774,0,0,0,0.277658086210009,0,0,0,0,0,0.314011409878731,0,0.290668857300535,0,0,0,0.224438746045106,0.348722308285927,0,0.288808524608612,0,0,0,0.291279899590946,0,0.336308241276892,0,0.307369783520699,0,0,0,0,0,0.330914258956909,0,0,0,0.322210973501205,0,0.319275816820233,0,0
0.315993787686518,0,0.231259059793544,0,0,0,0,0,0.256413650631905,0,0,0,0.24306734476809,0,0.185404174234889,0,0,0,0.256316408514977,0,0,0,0,0,0.372417956590652,0,0.255343128894937,0,0,0,0,0,0,0,0,0,0.232888562604785,0,0.238504699789561,0,0,0.280483141541481,0.304382452561009,0,0,0,0.279420397111348,0.328849424918493,0.282278324435851,0,0,0,0,0,0.259093815782913,0,0.249925353761875,0,0.286148047370788,0,0,0,0,0,0,0,0,0.267553231433818,0,0.255906152228514,0,0.274669159948826,0,0.270884118974209,0,0,0,0,0.254168480634689,0.290663063526154,0,0.281643569469452,0.302319953726097,0.297099843621254,0.292271334373138,0,0
0,0.184617017992796,0,0,0,0,0,0,0,0.248481730042502,0,0,0,0.164087664513361,0,0.206881175152258,0,0,0,0,0,0,0,0.195236414670944,0,0.208927653860628,0,0,0,0,0,0,0,0,0,0,0,0,0,0,0,0.247032351879513,0,0,0,0,0,0.265892595052719,0,0.221580160589054,0,0,0,0,0,0.161303134771073,0,0.231287786530124,0,0.224438746045106,0,0,0,0,0,0,0,0,0.214735771095201,0,0.256792578846216,0,0,0,0,0,0,0,0,0,0,0,0,0,0.235318176688686,0,0
0,0.30283722653985,0,0.287546783685684,0,0.23290186959344,0,0,0,0.29713703195254,0,0.143635399399265,0,0,0,0,0.302973866462708,0.355043068528175,0.313649567110198,0.223689982144439,0,0,0,0,0,0,0,0,0,0,0,0,0,0,0,0.225711650283713,0,0.270347190880851,0,0.267457282261269,0,0.316404869541144,0.252212554216385,0.345990553498268,0,0.2762457993924,0,0,0,0.328417746971051,0,0.182275801897049,0,0,0,0.349804654717445,0,0.314645442869756,0,0.348722308285927,0,0,0,0,0,0,0.34418061375618,0,0.346909143468913,0,0.343713188878088,0,0.326601533336534,0,0,0,0,0,0.259799889434239,0,0.308934749770944,0,0.246560101437828,0,0.314834217092712,0.253518432378769,0
0.285070202151934,0,0.248122811317444,0,0.160160724073648,0,0,0,0.280449643731117,0,0,0,0,0,0,0,0.299986448961419,0.294898166700646,0.297533469289784,0,0.214783489134874,0,0,0,0,0,0,0,0,0,0,0,0,0,0,0,0.248882239822436,0.363633245229721,0.24616063089366,0.279694626728694,0.296348110772669,0.29309194535017,0.315127739015101,0,0.336739476237978,0.260670334100723,0.31134499156283,0,0.301858876432691,0.314481645822525,0.175523742280825,0,0,0,0.250066148117185,0,0.318771893347763,0,0.204409693181515,0,0,0,0,0,0,0,0,0,0,0,0,0.293745414718338,0,0.282223186113237,0,0,0,0,0.360375970602036,0.262271126053513,0.285650793462992,0.280680097835285,0.290013355605923,0.258117571473122,0.291288360467475,0,0.282126815481619
0,0,0,0,0,0,0,0,0,0,0,0,0,0,0,0,0,0,0,0,0,0.218351705830648,0,0.283891361694482,0,0.239230592602066,0,0.147853970527649,0,0,0,0,0,0,0,0,0,0.421023668730949,0,0,0,0.389019006490707,0,0,0,0,0,0.431233017182932,0,0.374088036276425,0,0,0,0,0,0,0,0.297431260347366,0,0.288808524608612,0,0,0,0,0,0,0.221635680335263,0,0.263855910582068,0,0.352148177130864,0,0,0,0,0,0,0,0,0,0.341193636819752,0,0.19814519170862,0.372564852237701,0.435202733828471,0,0
0,0,0,0,0,0,0,0,0,0,0,0,0,0,0,0,0.135578252375126,0,0,0,0,0,0.235175591536466,0,0.221012154247338,0,0,0,0.141185432672501,0,0,0,0,0,0,0,0,0,0.277545133283701,0,0,0,0,0,0,0,0,0.352209374308586,0.311977864085854,0,0,0,0,0,0,0,0,0,0,0,0,0,0,0,0,0,0,0.22751803566896,0,0.266262880907763,0,0.288773259291282,0,0,0,0,0,0,0,0,0,0.350730667498853,0.276798400926134,0,0,0,0
0,0.300758942349316,0,0.299114532768726,0,0,0,0,0,0.254715354931086,0,0,0,0,0,0,0,0.17695115506649,0,0,0,0.130462814654623,0,0.24451549429968,0,0.264303574297163,0,0,0,0,0,0,0,0,0,0,0,0.328624728222688,0,0,0,0.297386569983285,0,0,0,0,0,0.430314305614918,0,0.328007968487563,0,0,0,0,0,0.28067726964036,0,0.367140799760818,0,0,0,0,0.34418061375618,0,0.221635680335263,0,0,0,0.28913983894127,0,0,0,0,0,0,0,0,0,0,0,0.278698767080852,0,0.317377698697639,0.435384586453438,0.273538648677889,0.265519559383392,0
0.254520141692073,0,0.2643963098526,0,0,0,0,0,0.209893804551526,0,0,0,0,0,0,0,0,0,0,0,0,0,0.289874256517412,0,0.274351242108541,0,0.229412812859781,0,0,0,0,0,0,0,0,0,0,0,0.309644218576725,0,0,0.262757927179337,0.289736900478601,0,0,0,0,0.346082091331482,0.300712828125273,0,0,0,0,0,0.157496738378834,0,0,0,0.331575430101819,0,0.267553231433818,0,0,0,0,0.22751803566896,0,0,0,0.265397354714367,0,0,0,0,0,0,0,0,0,0,0,0.166623193894001,0.218887531206387,0.304781183600426,0.324855715550225,0,0
0,0.341112211346626,0,0,0,0.278791129589081,0,0,0,0.335932242870331,0,0,0,0,0,0,0,0,0.35685122013092,0,0,0.269934806227684,0,0.2791425752248,0,0.319178114132595,0,0.199204325675964,0,0,0,0,0,0,0,0,0,0.292200867927843,0,0,0,0.35742326957338,0,0,0,0.292729556560516,0,0.410963992277781,0,0.249524878621101,0,0,0,0,0,0.338367372751236,0,0.333978196583599,0,0.291279899590946,0,0.214735771095201,0.346909143468913,0,0.263855910582068,0,0.28913983894127,0,0,0,0.316714632939239,0,0.375394284725189,0,0,0,0,0,0,0,0.243220558669418,0,0.366071720656596,0,0.336310818616082,0,0
0,0,0,0,0,0,0,0,0,0,0,0,0,0,0.246566608548164,0,0,0,0,0,0,0,0.301537972909433,0,0.240884670167548,0,0.257908368608819,0,0.271754906665195,0,0,0,0,0,0,0,0,0,0.219391018152237,0,0,0.341323882341385,0.31554611325264,0,0,0,0,0.28259473045667,0.344504078902224,0,0,0,0,0,0,0,0,0,0.295426873770435,0,0.255906152228514,0,0,0,0,0.266262880907763,0,0.265397354714367,0,0,0,0.309718040934889,0,0,0,0,0,0,0,0,0,0,0.247437645991643,0,0.279541719239205,0,0
0,0.374110251665115,0,0.33573953807354,0,0.275377660989761,0,0,0,0.351761070035753,0,0.132100137831398,0,0.237953513860703,0,0,0.23969841003418,0.318724711736043,0.32942451371087,0,0,0.299918112525043,0,0.344474693139394,0,0.251454426032124,0,0.230691224048302,0,0.156774693094524,0,0,0,0,0,0.28696620464325,0,0.349672528373641,0,0.319703096523881,0,0.357445493548415,0.319230943918228,0.322114020586014,0,0.299990329477522,0,0.405102604422076,0,0.323093460748593,0,0,0,0,0,0.339403611162434,0,0.348735677699248,0,0.336308241276892,0,0.256792578846216,0.343713188878088,0,0.352148177130864,0,0,0,0.316714632939239,0,0,0,0.274124635880097,0,0,0,0,0,0.332750462823444,0,0.309620537222868,0.316626667976379,0.331120685847958,0.240947897235552,0.348840176509822,0.406481954786513,0
