0,0,5.21838378409545,0,0,0,0,0,3.64245477738036,0,0,0,0,0,0,0,0,0,3.83923405463542,0,0,0,0,0,0,0,0,0,0,0,0,0,0,0,0,0,0,0,12.2332553863525,0,0,0,0,0,0,0,0,0,6.22410844621204,0,0,0,0,0,5.69645594191675,0,0,0,0,0,0,0,0,0,0,0,0,0,0,0,0,0,0,0,0,0,0,0,0,0,0,12.139847278595,6.37174001741857,0,3.45798296928406,0,0
0,0,0,4.47652498660264,0,0,0,0,0,8.81570760837259,0,0,0,0,0,2.97052170170678,0,0,0,0,0,0,0,5.26785892248154,0,0,0,0,0,0,0,0,0,0,0,0,0,0,0,0,0,14.1181290553788,0,0,0,0,0,0,0,6.22966622431344,0,0,0,0,0,6.3282820381494,0,0,0,0,0,2.97536622394215,0,0,0,0,3.73485326766968,0,0,0,0,0,23.797155380249,0,0,0,0,0,0,0,0,0,7.70902644277243,0,5.80090211327784,12.8540033282656,0
5.21838378409545,0,0,0,0,0,0,0,4.84295296669006,0,0,0,0,0,0,0,0,118.353721618652,7.38009610728941,0,0,0,0,0,0,0,0,0,0,0,0,0,0,0,58.5307113647461,0,30.7377700805664,0,0,0,47.508508570054,98.8970794677734,33.1337641429901,0,0,0,12.9328267872334,49.1099065633921,5.57699559864245,44.121774820181,0,0,0,0,0,0,0,0,0,0,0,0,0,7.63561257910221,0,0,0,0,0,0,0,0,0,32.6659421920776,0,0,0,57.0030689239502,0,54.7389559064593,0,39.1969383239746,15.9851142255271,0,10.329082504692,0,31.0452871322632
0,4.47652498660264,0,0,0,0,0,0,0,5.77512692123331,0,0,0,0,0,3.09740662574768,70.4328384399414,66.4244861602783,56.5582327246666,64.01904296875,0,0,0,0,0,0,0,0,0,0,0,50.9211168289185,0,59.0613161722819,0,55.7791137695312,0,70.5179824829102,0,45.3339158058167,0,35.7098703781764,0,26.1229228973389,0,10.6435769730144,0,50.235540451542,0,43.2523839066668,0,0,0,0,0,9.59707211193285,0,20.3454665776455,0,0,0,2.96194529533386,33.2566004859077,0,0,0,0,0,0,0,0,0,31.3349348923256,0,0,0,0,0,51.5219449668095,80.3848342895508,46.7990372975667,0,17.3638822616787,0,7.19152342491735,0,0
0,0,0,0,0,0,0,0,0,0,0,0,0,0,0,0,0,0,0,0,0,0,0,0,0,0,0,0,0,0,0,0,0,0,0,0,0,0,0,0,0,0,0,0,0,0,0,0,0,0,2.9893975116776,0,0,0,0,0,0,0,0,0,0,0,0,0,0,0,0,0,0,0,0,0,0,0,0,0,0,0,0,0,0,0,3.27064798392502,0,0,0,0
0,0,0,0,0,0,0,3.5458107162267,0,2.96185922622681,0,2.73335695266724,0,0,0,0,0,0,64.7064342498779,3.81931972503662,0,0,0,0,0,0,0,0,0,0,0,50.1846855163574,0,54.1462417602539,0,57.0940599441528,0,0,0,46.4778214656945,0,38.2379825993588,0,0,0,13.1766084535854,0,50.356056022644,0,43.1319576165615,0,2.82776873641544,0,2.95169425010681,0,0,0,22.0342787106832,0,0,0,0,5.96452064639644,0,0,0,0,0,0,0,0,0,40.5190467834473,0,0,0,61.3326988220215,0,43.6915233230591,0,58.0778694152832,0,4.58391482752161,0,10.7003657755099,27.4272632598877,0
0,0,0,0,0,0,0,0,0,0,3.69219533490463,0,0,0,0,0,0,0,0,0,0,0,0,0,0,0,0,0,0,0,0,0,0,0,0,0,0,0,0,0,0,0,0,0,0,0,0,0,0,0,0,0,4.22983813285828,0,0,0,0,0,0,0,0,0,0,0,0,0,0,0,0,0,0,0,0,0,0,0,0,0,0,0,0,0,2.96322584152222,0,0,0,0
0,0,0,0,0,3.5458107162267,0,0,0,0,0,3.13396814341346,0,0,0,0,0,0,0,0,0,0,0,0,0,0,0,0,0,0,0,0,0,0,0,0,0,0,0,0,0,0,0,0,0,0,0,0,0,0,0,0,0,2.77718625466029,0,0,0,2.81731264157729,0,0,0,0,0,0,0,0,0,0,0,0,0,0,0,0,0,0,0,0,0,0,0,0,3.74477050018311,0,0,0,0
3.64245477738036,0,4.84295296669006,0,0,0,0,0,0,58.1203536704734,0,0,0,0,37.9377535184224,62.5590758690467,26.1375219742208,47.6232367465907,28.2629539828655,0,0,50.7601712544759,34.3136785680597,29.0437841415405,11.6636499166489,61.0872494624211,19.7929385503133,0,0,0,0,0,0,0,0,0,0,0,3.58699411662365,0,0,94.1977310180664,87.0224965413411,0,0,0,0,0,11.6347961425781,82.1914901733398,3.24088951945305,0,0,0,4.05244571525858,57.9367140928904,0,0,0,0,0,67.5212491353353,0,0,33.9545288085938,26.7543125152588,51.8626308441162,0,60.3266353607178,34.3819133758545,0,0,105.967491149902,0,0,0,0,0,116.249338785807,113.475993347168,96.2925796508789,7.08590528916339,19.3199097545796,17.6913449764252,7.75982210269341,0,108.120552062988
0,8.81570760837259,0,5.77512692123331,0,2.96185922622681,0,0,58.1203536704734,0,0,0,0,0,87.426830291748,38.4135659535726,55.6469837687717,28.4445322559767,43.3527850251679,0,0,38.5655899047852,56.2809066772461,24.0509509839207,49.3968536376953,35.2631789666635,54.258324432373,0,0,0,0,0,0,0,0,0,0,7.87137958651683,0,59.4324239095052,71.5877075195312,7.44419095908382,78.8081865310669,42.2528381347656,29.6402273178101,0,0,0,91.4066696166992,9.7991105288994,0,0,0,0,52.0153198242188,8.73617176798017,0,52.8268966674805,0,0,70.0158004760742,34.4802819206601,77.988037109375,108.037445068359,40.6877174377441,73.8010101318359,7.68242466038671,0,24.2039463996887,65.1791292826335,0,0,0,72.7816009521484,0,0,0,0,91.3757424354553,90.8176511128743,33.5547746167038,85.1650901794434,24.5795378131562,52.3830528259277,9.15447372206608,9.34810546728281,72.214225769043
0,0,0,0,0,0,3.69219533490463,0,0,0,0,0,3.97768383792468,0,0,0,0,0,0,0,4.60850604508547,0,0,0,0,0,0,0,0,0,0,0,0,0,0,0,5.58449769020081,0,3.4409283378668,0,0,0,0,0,0,0,0,0,0,0,0,0,0,0,0,0,4.13821996990987,0,6.28178262710571,0,0,0,0,3.86249068379402,0,0,0,0,0,0,0,0,0,0,0,0,0,0,0,0,0,3.38586409440201,4.99753048288541,0,0,0,0
0,0,0,0,0,2.73335695266724,0,3.13396814341346,0,0,0,0,0,3.58496797084808,0,0,0,0,0,3.11344527263267,0,0,0,0,0,0,0,0,0,6.74490245885831,0,0,0,0,0,4.21615634448286,0,4.56846939712308,0,0,0,36.082706451416,0,0,0,9.65242671966553,0,0,0,0,0,0,0,3.17464995384216,0,0,0,5.28348637446873,0,3.13821037249132,0,0,5.10586943441224,0,0,0,0,0,0,0,14.7403907775879,0,6.41542875205035,0,0,0,0,0,40.3029441833496,0,10.3407290574092,0,3.62765850234277,2.92590779066086,4.93827956914902,0,0
0,0,0,0,0,0,0,0,0,0,3.97768383792468,0,0,0,0,0,0,0,0,0,0,0,0,0,0,0,0,0,0,0,0,0,0,0,0,0,0,0,0,0,0,0,0,0,0,0,0,0,0,0,0,0,0,0,0,0,4.43687769453576,0,0,0,0,0,0,0,0,0,0,0,0,0,0,0,0,0,0,0,0,0,0,0,0,0,4.38460239709592,0,0,0,0
0,0,0,0,0,0,0,0,0,0,0,3.58496797084808,0,0,0,0,0,3.2353492975235,0,0,0,0,0,0,0,0,0,0,0,0,0,0,0,0,0,0,0,0,0,0,0,0,0,0,0,0,0,0,0,0,0,0,0,0,0,0,0,3.41619178652763,0,2.94550530910492,0,0,0,0,0,0,0,0,0,0,0,0,0,0,0,0,0,0,0,0,0,0,2.99386889404721,0,0,0,0
0,0,0,0,0,0,0,0,37.9377535184224,87.426830291748,0,0,0,0,0,106.64151763916,14.4600551186362,48.16007012836,47.8530665806362,0,0,36.0110257466634,24.7854158083598,0,0,59.847017288208,14.2384368896484,0,0,0,0,0,0,0,0,0,0,0,0,0,101.222839355469,0,76.4961013793945,0,0,0,0,0,0,0,0,0,0,0,0,79.9457130432129,0,0,0,0,0,69.6956043243408,0,0,0,17.8718934059143,0,0,0,3.994784116745,0,0,0,0,0,0,0,0,103.370414733887,0,0,0,21.312769185413,0,0,0,0
0,2.97052170170678,0,3.09740662574768,0,0,0,0,62.5590758690467,38.4135659535726,0,0,0,0,106.64151763916,0,57.8390251795451,15.3021004704868,66.9711778428819,0,0,36.9378395080566,65.1462783813477,0,0,8.11114965688687,61.5461082458496,10.4077904224396,0,0,0,0,0,0,0,0,0,0,0,0,0,0,92.5267028808594,103.365310668945,0,0,0,0,0,2.83544591069221,0,0,0,0,0,7.42687962184081,0,0,0,2.85541605949402,62.7197303771973,5.3639376919444,0,0,34.5225715637207,49.5799026489258,0,0,6.01872501373291,64.5271148681641,0,0,0,0,0,0,0,0,83.4812545776367,127.155151367188,104.853645324707,0,21.4934895461965,0,90.6277694702148,0,0
0,0,0,70.4328384399414,0,0,0,0,26.1375219742208,55.6469837687717,0,0,0,0,14.4600551186362,57.8390251795451,0,30.4760780262181,19.9799107429307,0,0,23.824112951141,16.2802217965211,46.5373684276234,35.3652336414044,51.9332916441418,10.5158809602677,0,0,0,0,0,0,91.665885925293,66.7710876464844,96.5160171508789,95.9113006591797,0,0,68.1948712186993,60.7201772730985,49.530504937708,39.8276689645129,52.5149105072021,50.8308100700378,68.0722688039144,74.8362579345703,66.3107825831363,52.3236646163158,79.8945994377136,0,0,0,0,25.3069901899858,56.1215743170844,0,96.3581840515137,0,0,10.3480796019236,59.8662571436922,77.5864524841309,66.7042271109188,28.4682118097941,22.2117080688477,43.6017990112305,0,54.7635504681131,11.3993153493837,0,0,76.7387576383703,59.9903491792225,0,0,0,74.8551940917969,80.383404302233,66.135454431931,73.649616090378,59.3405612371143,19.1675862672922,15.2673237270779,54.6077692424832,46.3228269878187,41.320846914131
0,0,118.353721618652,66.4244861602783,0,0,0,0,47.6232367465907,28.4445322559767,0,0,0,3.2353492975235,48.16007012836,15.3021004704868,30.4760780262181,0,26.6383063268518,0,0,17.2821518235905,28.7843937299338,24.275282345461,34.9970350861549,13.3225879395717,42.4456043690443,4.45186651699127,0,0,0,0,0,0,65.3438568115234,82.039018574883,0,74.223804473877,0,62.319645578211,74.5293188597027,41.1531638970824,59.6226603497741,37.7023742761505,51.6468941824777,69.3125712076823,0,69.4043814341227,73.2659051418304,57.6036618790537,0,0,0,0,45.2376257089468,39.1223897299118,84.0739517211914,65.9511884053548,0,0,46.3079935709635,19.6281499803681,69.6352608090355,72.0661172866821,15.9843626767397,43.5101432800293,25.1641460418701,0,12.2542351076195,42.94912353158,0,0,59.6194868905204,75.8574055262974,0,0,0,68.916877746582,68.8710509337388,83.3839635848999,59.7055233975674,75.8037291496031,19.5946428550404,6.39408778776073,53.4395196563319,36.1194146928333,56.3081349765553
3.83923405463542,0,7.38009610728941,56.5582327246666,0,64.7064342498779,0,0,28.2629539828655,43.3527850251679,0,0,0,0,47.8530665806362,66.9711778428819,19.9799107429307,26.6383063268518,0,0,0,35.0493086301363,37.7138652801514,39.0924382209778,42.9667347272237,64.7198593139648,51.1808004379272,0,0,50.4484436035156,0,0,0,0,59.6395458645291,66.8245376253496,66.0983839902011,67.6040023803711,0,56.5060263488252,46.6073825665374,33.1463030564055,34.4269062311101,15.1872210046998,12.9334897121153,53.8359052773678,28.3182909011841,47.9133691417361,45.8993132083285,48.3001828704561,0,0,0,0,54.1554870605469,59.9434242929731,47.2000317573547,56.6251585730191,0,0,0,67.6288554668427,59.9589682199869,55.2153932848049,31.4231224060059,75.4159164428711,0,0,54.4281631469727,63.6179237365723,98.3391952514648,0,48.7948342516906,44.4328219890594,51.9875462849935,0,0,63.0155624389648,55.625942395312,50.4813803233426,55.1744127859504,49.2433460693966,17.333798605872,68.9672756195068,32.7291888181368,31.1491811154252,34.3123842178829
0,0,0,64.01904296875,0,3.81931972503662,0,0,0,0,0,3.11344527263267,0,0,0,0,0,0,0,0,0,0,0,0,0,0,0,0,0,9.2279981528923,0,0,0,0,0,11.6915273146922,0,7.7726074132628,0,38.6540203094482,0,31.8328037261963,0,0,0,13.6903564746563,0,0,0,0,0,0,0,0,0,0,0,6.23980929252298,0,0,0,0,5.19887998147611,0,0,0,0,0,0,0,16.9293282826742,0,11.2457070039666,0,0,0,0,0,7.27369646780611,0,11.314123983934,0,3.67872253575719,0,9.5091358252934,0,0
0,0,0,0,0,0,0,0,0,0,4.60850604508547,0,0,0,0,0,0,0,0,0,0,0,0,0,0,0,0,0,0,0,0,0,0,0,0,0,3.40044217956953,0,3.09260882271661,0,0,0,0,0,0,0,0,0,0,0,0,0,0,0,0,0,0,0,0,0,0,0,0,3.10551972470732,0,0,0,0,0,0,0,0,0,8.57675168697651,0,0,0,0,0,3.17653153430332,0,9.48142162653116,3.67313308597351,0,7.16940212249756,0,0
0,0,0,0,0,0,0,0,50.7601712544759,38.5655899047852,0,0,0,0,36.0110257466634,36.9378395080566,23.824112951141,17.2821518235905,35.0493086301363,0,0,0,5.60027181341293,3.30115289158291,0,31.7409934997559,33.9669227600098,0,0,0,0,0,0,0,0,0,0,4.86379480202993,3.32712659835815,0,0,38.6916694641113,0,0,0,0,0,0,0,6.38230499431226,0,0,0,0,0,47.8089548746745,0,0,0,0,0,35.2848777770996,0,0,5.66330742269537,5.98026948912531,3.77850423744339,0,15.5833019018173,29.1938428878784,6.77643596835253,0,0,0,0,0,0,0,0,75.4215850830078,5.08335587551009,0,7.60515340858576,0,119.717796325684,0,0
0,0,0,0,0,0,0,0,34.3136785680597,56.2809066772461,0,0,0,0,24.7854158083598,65.1462783813477,16.2802217965211,28.7843937299338,37.7138652801514,0,0,5.60027181341293,0,0,5.59650480133768,44.0302886962891,23.1395997440114,0,0,0,0,0,0,0,14.8547018513535,0,0,0,5.61789387686359,0,0,55.5068359375,23.8500308990479,0,0,0,0,0,11.099384047367,0,0,0,0,0,0,44.7881278991699,0,0,0,0,0,49.1971759796143,0,0,16.6712055206299,5.65406465897255,0,5.69148934846637,0,22.5886072158813,0,3.89417306582133,0,0,0,0,0,15.5226348876953,101.236000061035,0,0,8.91896196479112,6.7884175614244,0,0,0,0
0,5.26785892248154,0,0,0,0,0,0,29.0437841415405,24.0509509839207,0,0,0,0,0,0,46.5373684276234,24.275282345461,39.0924382209778,0,0,3.30115289158291,0,0,0,0,0,0,0,0,0,0,0,0,0,0,0,4.19703339549249,0,0,0,0,0,0,0,0,0,0,0,4.38362435621718,0,0,0,0,0,24.3266663551331,0,0,0,0,0,28.1610412597656,0,0,10.2321714560191,0,3.2826788892451,0,9.41258192062378,0,8.98834620581733,0,0,0,0,0,0,0,0,0,4.65521514983404,0,24.1008308331172,0,4.38298454135656,0,0
0,0,0,0,0,0,0,0,11.6636499166489,49.3968536376953,0,0,0,0,0,0,35.3652336414044,34.9970350861549,42.9667347272237,0,0,0,5.59650480133768,0,0,0,0,0,0,0,0,0,0,0,0,0,0,0,4.21910132632137,0,0,0,0,0,0,0,0,0,5.25438006401062,0,0,0,0,0,0,43.2296028137207,16.2211112976074,0,0,0,0,0,0,0,0,7.73744865820596,0,3.22913946708043,0,0,0,10.3189175128937,0,0,0,0,0,0,0,0,0,4.84516523866092,5.63729721800725,0,2.89204851786296,0,0
0,0,0,0,0,0,0,0,61.0872494624211,35.2631789666635,0,0,0,0,59.847017288208,8.11114965688687,51.9332916441418,13.3225879395717,64.7198593139648,0,0,31.7409934997559,44.0302886962891,0,0,0,56.6248435974121,7.63259249317403,0,0,0,0,0,0,0,0,0,0,0,0,0,0,0,0,0,0,0,0,110.009330749512,0,0,0,0,0,0,45.2787313461304,0,0,0,0,0,11.6120024353567,0,0,0,0,0,0,4.44533985228766,59.2247695922852,9.45820212364197,0,0,0,0,0,0,0,0,0,0,0,15.4308341081978,0,0,0,0
0,0,0,0,0,0,0,0,19.7929385503133,54.258324432373,0,0,0,0,14.2384368896484,61.5461082458496,10.5158809602677,42.4456043690443,51.1808004379272,0,0,33.9669227600098,23.1395997440114,0,0,56.6248435974121,0,0,0,0,0,0,0,0,0,0,0,0,0,0,0,0,0,0,0,0,0,0,0,0,0,0,0,0,0,62.8836555480957,0,0,0,0,0,0,0,0,0,13.1103868484497,0,0,0,3.20943429253318,0,0,0,0,0,0,0,0,0,0,0,0,18.5291961554823,0,0,0,0
0,0,0,0,0,0,0,0,0,0,0,0,0,0,0,10.4077904224396,0,4.45186651699127,0,0,0,0,0,0,0,7.63259249317403,0,0,0,5.28280818462372,0,0,0,0,0,0,0,3.09918231964111,0,0,0,0,0,0,0,0,0,0,0,0,0,0,0,0,0,0,0,10.04080941942,0,0,0,0,24.807991027832,0,4.86505327017411,0,0,0,7.65507764503604,0,5.59031414120308,0,2.93860483169556,0,0,0,0,0,0,0,8.19172699451446,0,4.4191952974058,0,0,0,0
0,0,0,0,0,0,0,0,0,0,0,0,0,0,0,0,0,0,0,0,0,0,0,0,0,0,0,0,0,0,0,0,0,0,0,0,0,0,0,0,0,0,0,0,0,0,0,0,0,0,0,0,0,0,0,0,0,0,0,0,0,0,0,0,0,0,0,0,0,0,0,5.00914239531773,0,0,0,0,0,0,0,0,0,0,0,0,0,0,0
0,0,0,0,0,0,0,0,0,0,0,6.74490245885831,0,0,0,0,0,0,50.4484436035156,9.2279981528923,0,0,0,0,0,0,0,5.28280818462372,0,0,0,0,0,0,0,0,0,4.14987838402727,0,51.9000778198242,0,23.6239206314087,0,22.0516901016235,0,20.936992433336,0,0,0,45.3917770385742,0,0,0,0,0,0,0,6.40013071580937,0,0,0,0,12.6440543474885,0,0,0,0,0,0,0,5.12809332211812,0,5.21127877418173,0,0,0,0,0,44.5368316823786,0,5.22011788835221,0,8.56236438453197,0,21.5764102935791,19.3352565765381,0
0,0,0,0,0,0,0,0,0,0,0,0,0,0,0,0,0,0,0,0,0,0,0,0,0,0,0,0,0,0,0,0,0,0,0,0,0,0,0,0,0,0,0,0,0,0,0,0,0,0,0,0,0,0,0,0,0,0,0,0,0,0,0,0,0,0,0,0,0,0,0,0,0,6.53929671392602,0,0,0,0,0,0,0,4.01567665168217,0,0,0,0,0
0,0,0,50.9211168289185,0,50.1846855163574,0,0,0,0,0,0,0,0,0,0,0,0,0,0,0,0,0,0,0,0,0,0,0,0,0,0,4.65801310926251,7.95654658014021,3.39708310365677,5.57443621859831,8.20320529937744,0,0,27.5751113891602,0,20.8626003265381,0,0,0,36.4619432337144,0,5.62196778252487,0,9.1756501580462,0,0,0,0,0,0,0,0,0,0,0,0,44.3441805839539,0,0,0,0,0,0,0,0,0,0,0,6.15554267888685,7.12905928807763,9.14531356773593,4.64728948729379,6.30526566358562,0,0,0,4.03025610808732,0,14.7344347183521,0,0
0,0,0,0,0,0,0,0,0,0,0,0,0,0,0,0,0,0,0,0,0,0,0,0,0,0,0,0,0,0,0,4.65801310926251,0,2.73660945892334,4.02702400656526,3.64762725328144,6.92516834395272,0,0,0,0,0,14.8614256823504,0,0,0,37.5119766235352,5.52618796578769,11.3666869401932,0,0,0,0,0,0,0,56.6422996520996,0,0,0,0,0,0,46.3286253611247,0,0,0,0,0,0,0,0,0,0,5.70910464513315,5.66130353670202,0,7.66650182851931,11.8416716043766,9.78425757314118,0,61.778653717041,5.91893421979838,0,15.1343542685876,0,0
0,0,0,59.0613161722819,0,54.1462417602539,0,0,0,0,0,0,0,0,0,0,91.665885925293,0,0,0,0,0,0,0,0,0,0,0,0,0,0,7.95654658014021,2.73660945892334,0,4.18248159391135,5.07637597454919,0,4.14013026995831,22.5212650299072,35.4372759924995,0,16.7074935165877,35.1428489685059,0,0,45.2893473761422,0,6.04245826865562,21.7047783104149,17.0769561201022,0,0,0,0,0,0,0,55.0716495513916,0,0,0,0,51.0474492241355,0,28.0120277404785,0,0,0,0,0,0,0,43.7175159454346,0,5.38721456247217,4.99135088920593,4.86468730400512,6.43146148341015,8.09029159185474,0,5.80668279379484,0,5.99020136112475,0,24.3806015426789,0,0
0,0,58.5307113647461,0,0,0,0,0,0,0,0,0,0,0,0,0,66.7710876464844,65.3438568115234,59.6395458645291,0,0,0,14.8547018513535,0,0,0,0,0,0,0,0,3.39708310365677,4.02702400656526,4.18248159391135,0,2.9844647248586,5.91728396505117,8.73745056503978,6.39299896122246,0,25.4663872138314,72.1262588500977,21.8982699878497,0,0,0,42.8460580040427,8.03395562303785,11.0629148777311,24.9797019958496,0,0,0,0,0,0,57.1700859069824,0,0,0,0,0,0,45.214650178567,0,23.0285400390625,0,0,0,0,0,0,0,57.5326940829937,8.55810642242432,3.75195130303099,7.48580357321517,5.56464050873183,16.7079769340721,14.7015149069649,2.78788582483927,6.97651220763714,6.20191762784982,3.48746359348297,29.9575745999813,0,33.2138295854841
0,0,0,55.7791137695312,0,57.0940599441528,0,0,0,0,0,4.21615634448286,0,0,0,0,96.5160171508789,82.039018574883,66.8245376253496,11.6915273146922,0,0,0,0,0,0,0,0,0,0,0,5.57443621859831,3.64762725328144,5.07637597454919,2.9844647248586,0,2.95164958635966,5.90725923961066,0,65.0696607384027,109.273101806641,47.9702902521406,94.4673400878906,53.5319050482984,0,30.3068116677774,0,21.9760733687359,0,9.42815547132314,0,0,0,0,0,0,0,51.8328613705105,0,0,0,0,22.103636844635,0,0,0,0,0,0,0,0,0,55.2624554951986,117.163459777832,4.89039374652662,0,4.92327850500193,0,6.63292852699252,7.30912503129558,7.38126497644208,120.78742980957,7.83259926647356,9.34866653059486,50.8146022599319,48.1483571794298,0
0,0,30.7377700805664,0,0,0,0,0,0,0,5.58449769020081,0,0,0,0,0,95.9113006591797,0,66.0983839902011,0,3.40044217956953,0,0,0,0,0,0,0,0,0,0,8.20320529937744,6.92516834395272,0,5.91728396505117,2.95164958635966,0,0,6.32651676235181,0,57.05455493927,0,28.2755594058913,0,0,0,12.4853705986071,29.1522349696006,28.7079865932465,26.133464540754,0,0,0,0,0,137.271408081055,33.2766494750977,0,0,0,0,0,0,9.82518940826632,0,0,0,0,0,0,0,0,0,41.7224187850952,8.6869082848231,9.43842681248983,0,4.61949716779921,0,6.92421286588505,0,7.51243288413109,6.39217346038347,14.8016930262248,28.6021112546153,0,24.5687828063965
0,0,0,70.5179824829102,0,0,0,0,0,7.87137958651683,0,4.56846939712308,0,0,0,0,0,74.223804473877,67.6040023803711,7.7726074132628,0,4.86379480202993,0,4.19703339549249,0,0,0,3.09918231964111,0,4.14987838402727,0,0,0,4.14013026995831,8.73745056503978,5.90725923961066,0,0,5.09542886018753,48.8911266326904,0,8.33552016530718,0,26.1359390258789,0,16.4890153408051,0,5.93351020812988,0,5.80005194716258,0,0,0,0,0,11.5270521375868,0,6.52886581567167,0,0,0,0,10.964070116181,0,6.44954747955004,0,2.97001953125,0,0,0,5.54353933036327,0,4.7302158848714,0,0,0,6.20503540622427,7.02767637570699,6.93117408709049,0,4.91437108618725,7.77945674657822,5.15175093219527,3.92106426763171,5.98640861362219,0,0
12.2332553863525,0,0,0,0,0,0,0,3.58699411662365,0,3.4409283378668,0,0,0,0,0,0,0,0,0,3.09260882271661,3.32712659835815,5.61789387686359,0,4.21910132632137,0,0,0,0,0,0,0,0,22.5212650299072,6.39299896122246,0,6.32651676235181,5.09542886018753,0,0,0,0,8.28654055699815,0,0,0,0,6.62020155240341,5.06214880607498,22.8022956848145,0,0,0,0,3.7479704440628,0,11.6004598427968,0,0,0,0,0,0,2.88488863706589,0,7.3276054423739,0,4.49711896578471,0,8.30503952503204,0,10.1298189247604,0,10.6227407455444,0,0,0,7.85622145511486,0,7.28148117901265,3.03039316336314,5.76650535897168,4.75342992617825,4.80141559723885,5.96268249399522,0,19.7752960750035
0,0,0,45.3339158058167,0,46.4778214656945,0,0,0,59.4324239095052,0,0,0,0,0,0,68.1948712186993,62.319645578211,56.5060263488252,38.6540203094482,0,0,0,0,0,0,0,0,0,51.9000778198242,0,27.5751113891602,0,35.4372759924995,0,65.0696607384027,0,48.8911266326904,0,0,80.3770961761475,27.3839636542076,92.6151111602783,32.0141411949607,0,14.3078673370659,0,18.289163903345,84.5801849365234,9.79984957450935,0,0,0,0,0,0,0,46.0257264223966,0,0,0,0,37.1292571622272,77.4821014404297,0,0,0,0,0,0,0,0,50.4846525595222,0,15.4712089408528,0,0,0,19.7895155988833,114.075768690843,35.8849809914827,108.430877685547,39.7027378520187,66.4524154663086,27.0536266185478,38.5333221142109,58.5514640808105
0,0,47.508508570054,0,0,0,0,0,0,71.5877075195312,0,0,0,0,101.222839355469,0,60.7201772730985,74.5293188597027,46.6073825665374,0,0,0,0,0,0,0,0,0,0,0,0,0,0,0,25.4663872138314,109.273101806641,57.05455493927,0,0,80.3770961761475,0,46.0927772521973,27.1265985585734,109.322891235352,28.5640484491984,69.761848449707,13.2279816370395,20.9206578804185,8.83305667885079,54.6877950032552,0,0,0,0,0,0,36.7209815979004,0,0,0,0,0,78.9054641723633,11.0271487236023,0,0,0,0,0,0,0,0,0,50.7327376683553,0,0,0,27.8420455954796,100.581156049456,15.2964581571865,108.847816467285,37.9783958186214,37.9316322097412,30.3435558319092,35.4977696752763,52.4680061340332,39.6930269002914
0,14.1181290553788,98.8970794677734,35.7098703781764,0,38.2379825993588,0,0,94.1977310180664,7.44419095908382,0,36.082706451416,0,0,0,0,49.530504937708,41.1531638970824,33.1463030564055,31.8328037261963,0,38.6916694641113,55.5068359375,0,0,0,0,0,0,23.6239206314087,0,20.8626003265381,0,16.7074935165877,72.1262588500977,47.9702902521406,0,8.33552016530718,0,27.3839636542076,46.0927772521973,0,23.1351384755625,26.0202706554868,38.4226160049438,23.4431952203845,124.098892211914,13.8530561255006,48.4392868677775,12.0794564275181,0,0,0,0,0,8.80863588683459,0,15.3600009284081,0,0,0,94.5663604736328,22.0111955363335,46.3142433166504,31.9997876485189,95.2868041992188,0,0,0,0,28.1106857299805,0,17.8533262486786,50.3145341873169,35.8264770507812,0,22.2108896043566,0,30.3297781028996,59.7442040660165,23.1505031060893,48.198902130127,17.1666117387226,49.8474125862122,13.3344907025764,10.1090895160187,26.0165390287127
0,0,33.1337641429901,0,0,0,0,0,87.0224965413411,78.8081865310669,0,0,0,0,76.4961013793945,92.5267028808594,39.8276689645129,59.6226603497741,34.4269062311101,0,0,0,23.8500308990479,0,0,0,0,0,0,0,0,0,14.8614256823504,35.1428489685059,21.8982699878497,94.4673400878906,28.2755594058913,0,8.28654055699815,92.6151111602783,27.1265985585734,23.1351384755625,0,95.8013572692871,28.6622667482921,47.3406715393066,23.7943667972579,13.6633636821275,13.4373699662496,54.3371045729693,0,0,0,0,0,0,29.4121564563952,64.4816055297852,0,0,0,0,0,32.1031627499115,0,0,0,0,0,0,0,18.1743385791779,56.9834766387939,15.9470251874626,0,0,0,23.8682546676215,95.1419984083909,25.0818126747249,62.431565284729,22.9298589124582,20.0529627552131,8.23786719143391,17.2648804059429,36.508788394928,9.71596448717465
0,0,0,26.1229228973389,0,0,0,0,0,42.2528381347656,0,0,0,0,0,103.365310668945,52.5149105072021,37.7023742761505,15.1872210046998,0,0,0,0,0,0,0,0,0,0,22.0516901016235,0,0,0,0,0,53.5319050482984,0,26.1359390258789,0,32.0141411949607,109.322891235352,26.0202706554868,95.8013572692871,0,0,9.35424341474261,0,26.5037523905436,0,35.252459526062,0,0,0,0,0,0,0,20.5048925226385,0,0,0,0,29.2144917708177,0,0,0,0,0,0,0,0,0,22.7179677751329,0,0,0,0,69.2692260742188,41.2201754576771,76.6239655812581,27.9775869916057,0,31.2033364242978,58.9973258972168,8.92687146580173,45.4658195972443,0
0,0,0,0,0,0,0,0,0,29.6402273178101,0,0,0,0,0,0,50.8308100700378,51.6468941824777,12.9334897121153,0,0,0,0,0,0,0,0,0,0,0,0,0,0,0,0,0,0,0,0,0,28.5640484491984,38.4226160049438,28.6622667482921,0,0,0,0,0,32.4623385111491,61.5494651794434,0,0,0,0,0,0,0,0,0,0,0,0,0,0,0,0,0,0,0,0,0,0,0,23.3886542600744,0,0,0,0,70.0231018066406,32.643654010335,0,27.2262280453211,30.3765599727631,0,11.9794754999525,0,80.0735092163086
0,0,0,10.6435769730144,0,13.1766084535854,0,0,0,0,0,9.65242671966553,0,0,0,0,68.0722688039144,69.3125712076823,53.8359052773678,13.6903564746563,0,0,0,0,0,0,0,0,0,20.936992433336,0,36.4619432337144,0,45.2893473761422,0,30.3068116677774,0,16.4890153408051,0,14.3078673370659,69.761848449707,23.4431952203845,47.3406715393066,9.35424341474261,0,0,0,37.7504432279985,0,25.8701950048471,0,0,0,0,0,0,0,19.4155709828217,0,0,0,0,11.8193004928173,0,0,0,0,0,0,0,30.0149488449097,0,26.2231534645621,0,0,0,48.6961517333984,0,20.9345197229577,134.339416503906,23.4861885326201,0,17.537154271178,0,12.6919061557106,15.3766126087734,0
0,0,12.9328267872334,0,0,0,0,0,0,0,0,0,0,0,0,0,74.8362579345703,0,28.3182909011841,0,0,0,0,0,0,0,0,0,0,0,0,0,37.5119766235352,0,42.8460580040427,0,12.4853705986071,0,0,0,13.2279816370395,124.098892211914,23.7943667972579,0,0,0,0,37.2778796335546,31.9281219906277,30.7720152577267,0,0,0,0,0,0,19.4097393751144,0,0,0,0,0,48.6183204650879,12.7738898151432,0,0,0,0,0,0,0,0,0,16.2209300433888,0,0,0,48.6712166468302,0,22.590927595316,0,18.3223920095535,20.3450122283677,0,15.2959775968163,0,17.0030244064331
0,0,49.1099065633921,50.235540451542,0,50.356056022644,0,0,0,0,0,0,0,0,0,0,66.3107825831363,69.4043814341227,47.9133691417361,0,0,0,0,0,0,0,0,0,0,0,0,5.62196778252487,5.52618796578769,6.04245826865562,8.03395562303785,21.9760733687359,29.1522349696006,5.93351020812988,6.62020155240341,18.289163903345,20.9206578804185,13.8530561255006,13.6633636821275,26.5037523905436,0,37.7504432279985,37.2778796335546,0,8.15112779704413,7.61279164493511,0,0,0,0,0,0,52.4207572937012,47.7770725776409,0,0,0,0,43.6165463562012,43.1403104979416,27.5996770858765,0,0,0,0,0,0,0,37.8266220826369,54.7668019533157,4.70236419664078,6.8406668746647,7.21169212539736,10.6562620497229,13.6464881482147,19.7271958368156,12.6871517247493,57.8352947235107,15.148665511423,0,21.9398333202126,54.2209968566895,27.160471906662
6.22410844621204,0,5.57699559864245,0,0,0,0,0,11.6347961425781,91.4066696166992,0,0,0,0,0,0,52.3236646163158,73.2659051418304,45.8993132083285,0,0,0,11.099384047367,0,5.25438006401062,110.009330749512,0,0,0,0,0,0,11.3666869401932,21.7047783104149,11.0629148777311,0,28.7079865932465,0,5.06214880607498,84.5801849365234,8.83305667885079,48.4392868677775,13.4373699662496,0,32.4623385111491,0,31.9281219906277,8.15112779704413,0,8.63977368040518,0,0,0,0,0,0,11.1790394198392,140.791687011719,0,0,0,0,0,39.4442930221558,0,13.067287055369,0,4.36196032068232,0,4.12933313846588,0,6.22664557661966,69.2359313964844,11.6471645153941,0,5.3102765083313,16.4902560370309,10.7800450648791,101.98518371582,15.3428774155415,86.349846733941,7.54561675819236,19.2074994469812,0,16.0532818807138,45.0812422434489,18.1221304978204
0,6.22966622431344,44.121774820181,43.2523839066668,0,43.1319576165615,0,0,82.1914901733398,9.7991105288994,0,0,0,0,0,2.83544591069221,79.8945994377136,57.6036618790537,48.3001828704561,0,0,6.38230499431226,0,4.38362435621718,0,0,0,0,0,45.3917770385742,0,9.1756501580462,0,17.0769561201022,24.9797019958496,9.42815547132314,26.133464540754,5.80005194716258,22.8022956848145,9.79984957450935,54.6877950032552,12.0794564275181,54.3371045729693,35.252459526062,61.5494651794434,25.8701950048471,30.7720152577267,7.61279164493511,8.63977368040518,0,0,0,0,0,0,7.59367159434727,49.3729168285023,11.8121986636868,0,3.7604957308088,0,30.815018415451,32.1839512238591,39.4877828437591,16.9354735495339,0,4.59195497935914,0,5.01922454152788,0,5.07553914773504,0,26.1520432531834,51.696674483163,6.39672479629517,0,15.0916173030169,22.588399887085,18.6104185958441,59.0619008613355,9.93562978576349,57.3038789465072,15.1486605127858,68.8056793212891,12.1655650368088,17.5090608596802,27.349739074707
0,0,0,0,2.9893975116776,0,0,0,3.24088951945305,0,0,0,0,0,0,0,0,0,0,0,0,0,0,0,0,0,0,0,0,0,0,0,0,0,0,0,0,0,0,0,0,0,0,0,0,0,0,0,0,0,0,0,0,0,0,0,0,0,0,0,0,0,0,5.70877647399902,0,0,0,0,0,0,0,0,0,0,0,0,0,0,0,0,0,0,3.37079271141972,0,0,0,0
0,0,0,0,0,2.82776873641544,0,0,0,0,0,0,0,0,0,0,0,0,0,0,0,0,0,0,0,0,0,0,0,0,0,0,0,0,0,0,0,0,0,0,0,0,0,0,0,0,0,0,0,0,0,0,0,0,0,0,0,0,0,0,0,0,4.40494251251221,0,0,0,0,0,0,0,0,0,0,0,0,0,0,0,0,0,0,0,0,0,0,0,0
0,0,0,0,0,0,4.22983813285828,0,0,0,0,0,0,0,0,0,0,0,0,0,0,0,0,0,0,0,0,0,0,0,0,0,0,0,0,0,0,0,0,0,0,0,0,0,0,0,0,0,0,0,0,0,0,0,0,0,0,0,0,0,0,0,0,0,0,0,0,0,0,0,0,0,0,0,0,0,0,0,0,0,0,0,0,0,0,0,0
0,0,0,0,0,2.95169425010681,0,2.77718625466029,0,0,0,3.17464995384216,0,0,0,0,0,0,0,0,0,0,0,0,0,0,0,0,0,0,0,0,0,0,0,0,0,0,0,0,0,0,0,0,0,0,0,0,0,0,0,0,0,0,0,0,0,2.77280821119036,0,0,0,0,0,0,0,0,0,0,0,0,0,0,0,0,0,0,0,0,0,0,0,0,0,0,0,0,0
5.69645594191675,0,0,0,0,0,0,0,4.05244571525858,52.0153198242188,0,0,0,0,0,0,25.3069901899858,45.2376257089468,54.1554870605469,0,0,0,0,0,0,0,0,0,0,0,0,0,0,0,0,0,0,0,3.7479704440628,0,0,0,0,0,0,0,0,0,0,0,0,0,0,0,0,52.9816093444824,0,0,0,0,0,0,0,0,0,0,0,0,0,0,0,0,0,0,0,0,0,0,0,0,0,3.75985205777486,26.3801943957806,0,0,0,0
0,6.3282820381494,0,9.59707211193285,0,0,0,0,57.9367140928904,8.73617176798017,0,0,0,0,79.9457130432129,7.42687962184081,56.1215743170844,39.1223897299118,59.9434242929731,0,0,47.8089548746745,44.7881278991699,24.3266663551331,43.2296028137207,45.2787313461304,62.8836555480957,0,0,0,0,0,0,0,0,0,137.271408081055,11.5270521375868,0,0,0,8.80863588683459,0,0,0,0,0,0,0,7.59367159434727,0,0,0,0,52.9816093444824,0,0,0,0,0,0,40.72516645704,0,0,0,0,14.946155667305,0,0,58.8363304138184,0,0,0,0,0,0,0,0,0,0,41.892071723938,0,36.8748478562491,0,8.3049398689043,0,74.3384628295898
0,0,0,0,0,0,0,0,0,0,4.13821996990987,0,4.43687769453576,0,0,0,0,84.0739517211914,47.2000317573547,0,0,0,0,0,16.2211112976074,0,0,0,0,0,0,0,56.6422996520996,0,57.1700859069824,0,33.2766494750977,0,11.6004598427968,0,36.7209815979004,0,29.4121564563952,0,0,0,19.4097393751144,52.4207572937012,11.1790394198392,49.3729168285023,0,0,0,0,0,0,0,0,4.52706052706792,0,0,0,0,11.5164474295595,0,0,0,0,0,7.00663137435913,0,6.26428982424182,0,5.04539198052023,0,0,0,60.3140589396159,0,38.9880774815877,0,7.70090867425794,14.2778580565202,0,14.0531131294882,0,30.2221326828003
0,0,0,20.3454665776455,0,22.0342787106832,0,2.81731264157729,0,52.8268966674805,0,5.28348637446873,0,3.41619178652763,0,0,96.3581840515137,65.9511884053548,56.6251585730191,6.23980929252298,0,0,0,0,0,0,0,10.04080941942,0,6.40013071580937,0,0,0,55.0716495513916,0,51.8328613705105,0,6.52886581567167,0,46.0257264223966,0,15.3600009284081,64.4816055297852,20.5048925226385,0,19.4155709828217,0,47.7770725776409,140.791687011719,11.8121986636868,0,0,0,2.77280821119036,0,0,0,0,0,3.61306816201461,0,0,10.9420188359088,0,0,0,0,0,0,0,6.57068969819478,0,8.35816686813268,94.7104568481445,0,0,65.64892578125,0,48.5872187432442,83.6885681152344,12.0455543253499,74.4390106201172,37.4560104804703,0,12.0840025497562,15.3847940977629,0
0,0,0,0,0,0,0,0,0,0,6.28178262710571,0,0,0,0,0,0,0,0,0,0,0,0,0,0,0,0,0,0,0,0,0,0,0,0,0,0,0,0,0,0,0,0,0,0,0,0,0,0,0,0,0,0,0,0,0,4.52706052706792,0,0,0,2.96603488922119,0,0,0,0,0,0,0,0,0,0,0,0,0,0,0,0,0,0,0,0,0,0,0,0,0,0
0,0,0,0,0,0,0,0,0,0,0,3.13821037249132,0,2.94550530910492,0,2.85541605949402,0,0,0,0,0,0,0,0,0,0,0,0,0,0,0,0,0,0,0,0,0,0,0,0,0,0,0,0,0,0,0,0,0,3.7604957308088,0,0,0,0,0,0,0,3.61306816201461,0,0,0,0,0,0,0,0,0,0,4.78327417373657,0,5.76310446936151,0,0,0,0,0,0,0,0,0,0,0,0,0,0,0,0
0,0,0,0,0,0,0,0,0,70.0158004760742,0,0,0,0,0,62.7197303771973,10.3480796019236,46.3079935709635,0,0,0,0,0,0,0,0,0,0,0,0,0,0,0,0,0,0,0,0,0,0,0,0,0,0,0,0,0,0,0,0,0,0,0,0,0,0,0,0,2.96603488922119,0,0,0,0,0,0,0,0,0,0,0,0,0,0,0,0,0,0,0,0,0,0,0,29.8481349945068,0,0,0,0
0,2.97536622394215,0,2.96194529533386,0,0,0,0,67.5212491353353,34.4802819206601,0,0,0,0,69.6956043243408,5.3639376919444,59.8662571436922,19.6281499803681,67.6288554668427,0,0,35.2848777770996,49.1971759796143,28.1610412597656,0,11.6120024353567,0,0,0,0,0,0,0,0,0,0,0,0,0,0,0,94.5663604736328,0,0,0,0,0,0,0,30.815018415451,0,0,0,0,0,40.72516645704,0,0,0,0,0,0,0,0,0,0,0,0,11.0851034540119,65.0442600250244,0,0,0,0,0,0,0,0,0,119.862121582031,0,99.9767456054688,30.1205798450269,0,98.878776550293,0,0
0,0,0,33.2566004859077,0,5.96452064639644,0,0,0,77.988037109375,0,5.10586943441224,0,0,0,0,77.5864524841309,69.6352608090355,59.9589682199869,5.19887998147611,0,0,0,0,0,0,0,24.807991027832,0,12.6440543474885,0,44.3441805839539,0,51.0474492241355,0,22.103636844635,0,10.964070116181,0,37.1292571622272,78.9054641723633,22.0111955363335,0,29.2144917708177,0,11.8193004928173,48.6183204650879,43.6165463562012,0,32.1839512238591,0,4.40494251251221,0,0,0,0,0,10.9420188359088,0,0,0,0,0,0,0,0,0,0,0,0,19.1802322069804,0,19.6613322823116,0,20.4559726715088,0,50.539092540741,0,13.7649447021755,0,13.9082856956872,78.4878311157227,24.8833113806078,42.0541877746582,13.7786776399114,15.6825699125017,0
0,0,7.63561257910221,0,0,0,0,0,0,108.037445068359,3.86249068379402,0,0,0,0,0,66.7042271109188,72.0661172866821,55.2153932848049,0,3.10551972470732,0,0,0,0,0,0,0,0,0,0,0,46.3286253611247,0,45.214650178567,0,9.82518940826632,0,2.88488863706589,77.4821014404297,11.0271487236023,46.3142433166504,32.1031627499115,0,0,0,12.7738898151432,43.1403104979416,39.4442930221558,39.4877828437591,5.70877647399902,0,0,0,0,0,11.5164474295595,0,0,0,0,0,0,0,0,0,0,0,0,0,0,0,114.058967590332,16.0065655396939,0,0,0,49.5173370838165,97.0673942565918,8.46102550613998,78.5163803100586,13.4765952533163,26.792263050272,33.3274192810059,15.430183414666,0,39.9785418510437
0,0,0,0,0,0,0,0,33.9545288085938,40.6877174377441,0,0,0,0,0,34.5225715637207,28.4682118097941,15.9843626767397,31.4231224060059,0,0,5.66330742269537,16.6712055206299,10.2321714560191,0,0,0,4.86505327017411,0,0,0,0,0,28.0120277404785,0,0,0,6.44954747955004,0,0,0,31.9997876485189,0,0,0,0,0,27.5996770858765,0,16.9354735495339,0,0,0,0,0,0,0,0,0,0,0,0,0,0,0,0,5.82500187779816,0,5.58726713657379,0,10.583381662002,0,0,0,0,0,0,0,0,0,7.00153566077542,0,4.64724865070609,0,26.6019035577774,0,0
0,0,0,0,0,0,0,0,26.7543125152588,73.8010101318359,0,0,0,0,17.8718934059143,49.5799026489258,22.2117080688477,43.5101432800293,75.4159164428711,0,0,5.98026948912531,5.65406465897255,0,7.73744865820596,0,13.1103868484497,0,0,0,0,0,0,0,23.0285400390625,0,0,0,7.3276054423739,0,0,95.2868041992188,0,0,0,0,0,0,13.067287055369,0,0,0,0,0,0,0,0,0,0,0,0,0,0,0,0,0,0,7.90114944535884,0,3.08853658553093,0,5.96696604622735,0,0,0,0,0,0,0,0,0,9.3959478052651,9.58033856567071,0,0,0,0
0,3.73485326766968,0,0,0,0,0,0,51.8626308441162,7.68242466038671,0,0,0,0,0,0,43.6017990112305,25.1641460418701,0,0,0,3.77850423744339,0,3.2826788892451,0,0,0,0,0,0,0,0,0,0,0,0,0,2.97001953125,0,0,0,0,0,0,0,0,0,0,0,4.59195497935914,0,0,0,0,0,14.946155667305,0,0,0,0,0,0,0,0,5.82500187779816,0,0,0,6.9990789090227,0,6.75568420376759,0,0,0,0,0,0,0,0,0,4.01508822043737,0,8.43404507637024,0,4.42012534655229,0,0
0,0,0,0,0,0,0,0,0,0,0,0,0,0,0,0,0,0,0,0,0,0,5.69148934846637,0,3.22913946708043,0,0,0,0,0,0,0,0,0,0,0,0,0,4.49711896578471,0,0,0,0,0,0,0,0,0,4.36196032068232,0,0,0,0,0,0,0,0,0,0,0,0,0,0,0,0,7.90114944535884,0,0,0,0,0,8.604172706604,0,0,0,0,0,0,0,0,0,4.08669223636389,3.37947237491608,0,5.2978949546814,0,0
0,0,0,0,0,0,0,0,60.3266353607178,24.2039463996887,0,0,0,0,0,6.01872501373291,54.7635504681131,12.2542351076195,54.4281631469727,0,0,15.5833019018173,0,9.41258192062378,0,4.44533985228766,0,7.65507764503604,0,0,0,0,0,0,0,0,0,0,0,0,0,0,0,0,0,0,0,0,0,5.01922454152788,0,0,0,0,0,0,0,0,0,4.78327417373657,0,11.0851034540119,0,0,5.58726713657379,0,6.9990789090227,0,0,0,5.4832450372432,0,0,0,0,0,0,0,0,146.708435058594,0,0,26.6006251248446,0,0,0,0
0,0,0,0,0,0,0,0,34.3819133758545,65.1791292826335,0,0,0,0,3.994784116745,64.5271148681641,11.3993153493837,42.94912353158,63.6179237365723,0,0,29.1938428878784,22.5886072158813,0,0,59.2247695922852,3.20943429253318,0,0,0,0,0,0,0,0,0,0,0,8.30503952503204,0,0,0,0,0,0,0,0,0,4.12933313846588,0,0,0,0,0,0,58.8363304138184,7.00663137435913,0,0,0,0,65.0442600250244,0,0,0,3.08853658553093,0,0,0,0,0,4.7204608782916,0,0,0,0,0,0,0,0,0,8.84173202514648,26.3850755358851,0,0,0,0
0,0,0,0,0,0,0,0,0,0,0,14.7403907775879,0,0,0,0,0,0,98.3391952514648,16.9293282826742,0,6.77643596835253,0,8.98834620581733,0,9.45820212364197,0,5.59031414120308,0,5.12809332211812,0,0,0,0,0,0,0,5.54353933036327,0,0,0,28.1106857299805,0,0,0,30.0149488449097,0,0,0,5.07553914773504,0,0,0,0,0,0,0,6.57068969819478,0,5.76310446936151,0,0,19.1802322069804,0,10.583381662002,0,6.75568420376759,0,5.4832450372432,0,0,0,3.93392441828558,0,0,0,0,0,57.0394948323568,0,6.65662858958078,0,29.5754555861155,0,6.61754530270894,0,0
0,0,0,0,0,0,0,0,0,0,0,0,0,0,0,0,0,0,0,0,0,0,3.89417306582133,0,10.3189175128937,0,0,0,5.00914239531773,0,0,0,0,0,0,0,0,0,10.1298189247604,0,0,0,18.1743385791779,0,0,0,0,0,6.22664557661966,0,0,0,0,0,0,0,6.26428982424182,0,0,0,0,0,0,0,0,5.96696604622735,0,8.604172706604,0,4.7204608782916,0,0,0,4.45717088472648,0,0,0,0,0,0,0,7.80294275283813,0,0,12.1656133929888,0,0
0,23.797155380249,0,31.3349348923256,0,40.5190467834473,0,0,105.967491149902,0,0,6.41542875205035,0,0,0,0,76.7387576383703,59.6194868905204,48.7948342516906,11.2457070039666,0,0,0,0,0,0,0,2.93860483169556,0,5.21127877418173,0,0,0,43.7175159454346,0,55.2624554951986,0,4.7302158848714,0,50.4846525595222,0,17.8533262486786,56.9834766387939,22.7179677751329,0,26.2231534645621,0,37.8266220826369,69.2359313964844,26.1520432531834,0,0,0,0,0,0,0,8.35816686813268,0,0,0,0,19.6613322823116,114.058967590332,0,0,0,0,0,0,3.93392441828558,0,0,0,0,0,20.4445470174154,0,49.435261794499,108.104148864746,6.05942570203349,78.5991236368815,44.7976411661487,0,19.0700179398644,20.1711711883545,0
0,0,32.6659421920776,0,0,0,0,0,0,72.7816009521484,0,0,0,0,0,0,59.9903491792225,75.8574055262974,44.4328219890594,0,8.57675168697651,0,0,0,0,0,0,0,0,0,6.53929671392602,0,0,0,57.5326940829937,117.163459777832,41.7224187850952,0,10.6227407455444,0,50.7327376683553,50.3145341873169,15.9470251874626,0,23.3886542600744,0,16.2209300433888,54.7668019533157,11.6471645153941,51.696674483163,0,0,0,0,0,0,5.04539198052023,94.7104568481445,0,0,0,0,0,16.0065655396939,0,0,0,0,0,0,0,4.45717088472648,0,0,0,0,0,64.7812728881836,83.7586517333984,45.3416717217893,76.3067932128906,5.39748938318709,43.8919560611248,0,11.975456348263,44.2793111801147,23.1999208299737
0,0,0,0,0,0,0,0,0,0,0,0,0,0,0,0,0,0,51.9875462849935,0,0,0,0,0,0,0,0,0,0,0,0,6.15554267888685,5.70910464513315,5.38721456247217,8.55810642242432,4.89039374652662,8.6869082848231,0,0,15.4712089408528,0,35.8264770507812,0,0,0,0,0,4.70236419664078,0,6.39672479629517,0,0,0,0,0,0,0,0,0,0,0,0,20.4559726715088,0,0,0,0,0,0,0,0,0,0,0,0,10.4774178234307,4.04710820286544,8.63282299041748,4.67144574880118,0,0,0,5.24092709160537,0,0,0,0
0,0,0,0,0,0,0,0,0,0,0,0,0,0,0,0,0,0,0,0,0,0,0,0,0,0,0,0,0,0,0,7.12905928807763,5.66130353670202,4.99135088920593,3.75195130303099,0,9.43842681248983,0,0,0,0,0,0,0,0,0,0,6.8406668746647,5.3102765083313,0,0,0,0,0,0,0,0,0,0,0,0,0,0,0,0,0,0,0,0,0,0,0,0,0,10.4774178234307,0,0,3.50474441713757,15.1916608810425,5.21808751186921,0,17.3216118812561,6.79624830907391,0,0,0,0
0,0,0,0,0,61.3326988220215,0,0,0,0,0,0,0,0,0,0,0,0,0,0,0,0,0,0,0,0,0,0,0,0,0,9.14531356773593,0,4.86468730400512,7.48580357321517,4.92327850500193,0,6.20503540622427,0,0,0,22.2108896043566,0,0,0,48.6961517333984,0,7.21169212539736,16.4902560370309,15.0916173030169,0,0,0,0,0,0,0,65.64892578125,0,0,0,0,50.539092540741,0,0,0,0,0,0,0,0,0,20.4445470174154,0,4.04710820286544,0,0,10.9091891432708,7.10118056527826,0,6.65478752359492,0,4.68243540476446,0,22.4917902204725,0,0
0,0,57.0030689239502,0,0,0,0,0,0,0,0,0,0,0,0,0,74.8551940917969,68.916877746582,63.0155624389648,0,0,0,15.5226348876953,0,0,0,0,0,0,0,0,4.64728948729379,7.66650182851931,6.43146148341015,5.56464050873183,0,4.61949716779921,7.02767637570699,7.85622145511486,0,27.8420455954796,0,23.8682546676215,69.2692260742188,0,0,48.6712166468302,10.6562620497229,10.7800450648791,22.588399887085,0,0,0,0,0,0,60.3140589396159,0,0,0,0,0,0,49.5173370838165,0,0,0,0,0,0,0,0,0,64.7812728881836,8.63282299041748,3.50474441713757,10.9091891432708,0,34.5639977455139,15.5850466704646,11.3191525141398,6.57992408364506,7.41432265141023,10.2964649200439,30.1326145308358,0,31.5599231719971
