0,0,8.45455907738727,0,0,0,0,0,5.37147911727539,0,0,0,0,0,0,0,18.6261487629103,34.7487377166748,15.682939479428,0,0,0,0,0,12.7688086827596,0,0,0,0,0,0,0,0,0,0,0,0,41.8081405276344,0,0,29.4504040309361,0,27.7299205614421,0,0,0,22.74146863186,0,7.55610253994281,0,25.0389404296875,0,0,0,5.98120544755131,0,20.1727104187012,0,6.32241630554199,0,5.17301420411285,0,0,26.5019861109116,0,0,0,0,0,0,0,0,0,31.8902587890625,0,0,0,0,0,32.610621481407,0,32.3824995358785,9.31546716089536,0,16.3945501186275,0,11.1803359985352
0,0,0,8.05711201652588,0,0,0,0,0,6.57380529054733,0,0,0,0,0,5.3707582950592,46.5259990692139,0,15.7419001658758,0,0,0,0,17.4278333187103,0,0,0,0,0,0,0,0,0,0,0,0,0,20.9553676711188,43.9597924550374,30.0768228961575,0,25.2469183837043,50.0440940856934,0,0,21.2202568054199,0,0,0,7.09224056119504,0,0,0,0,0,4.90787806230433,0,19.7119255065918,0,0,76.5168838500977,4.11426134178604,34.928897857666,0,0,0,3.64017295837402,61.0132446289062,0,0,0,0,25.9616936903733,0,0,0,0,0,31.5039709052261,0,30.6064031774347,0,6.83529200924082,0,17.4116531482641,11.3347764809926,52.7667083740234
8.45455907738727,0,0,0,11.5211018171066,0,0,0,5.29383213646644,0,0,0,0,0,0,0,57.2798080444336,0,25.8161911010742,0,0,0,0,0,0,0,0,0,0,0,0,0,0,0,0,0,0,54.3066584269206,0,0,25.971321105957,0,31.5199228648482,0,0,0,29.7429866790771,0,8.26340568065643,0,9.91837406966646,0,0,0,4.61003185477522,0,6.26094816232982,0,4.832065718668,0,5.31156436602275,0,0,32.0339622497559,0,0,0,0,0,0,0,27.5290400187174,0,32.5895993368966,0,0,0,0,0,37.3371883392334,0,33.2954797744751,12.330815753908,0,14.7500085930422,0,0
0,8.05711201652588,0,0,0,7.2983480863793,0,0,0,12.2222016074441,0,0,0,0,0,0,0,65.9303512573242,37.3912115097046,20.662281036377,0,0,0,0,0,0,0,0,0,0,0,0,0,0,0,41.7839488983154,0,25.7894909932063,53.3028289794922,40.6604928970337,0,26.9691883775572,40.7479254404704,0,0,33.0952113015311,0,38.3443608283997,41.8383089701335,8.600526545562,0,7.8670022888939,0,0,0,6.80648437276617,0,24.5222546086453,0,4.09399200553325,0,6.28100894921578,25.7594574689865,0,0,0,0,62.2506217956543,0,0,26.6909929003034,0,28.7447648343787,0,0,0,0,0,39.259823568936,0,37.1639559977763,0,12.6545383901991,21.2434514363607,12.7692182734897,23.2753572463989,46.5261433919271
0,0,11.5211018171066,0,0,0,2.78030756803659,0,5.2632117692162,0,0,0,0,0,5.68717746053423,0,0,0,0,0,13.6291536331177,0,0,0,0,0,0,0,0,0,0,0,0,0,0,0,17.2512675694057,0,0,0,43.1349010467529,0,41.6091915706419,0,0,0,39.5125840504964,46.3048667907715,44.1390590667725,38.990119934082,4.1299998563364,0,2.87535397211711,0,3.44835595755741,0,20.6456383705139,0,18.2621088027954,0,0,0,0,15.1373417854309,0,0,0,0,0,0,0,0,0,47.2280492782593,0,0,0,0,0,47.3024826049805,0,38.3243560791016,6.70230752402816,4.95670182364328,19.948037479863,0,34.0275535583496
0,0,0,7.2983480863793,0,0,0,0,0,8.55927207072576,0,0,0,0,0,0,0,0,42.0906982421875,0,0,0,0,0,0,0,0,0,0,0,0,0,0,0,0,0,0,0,0,36.2490956783295,0,31.4957022513113,32.6215744018555,0,0,33.8737010955811,0,0,0,21.6615357398987,0,5.26128872235616,0,0,0,3.62827777862549,0,31.4492344326443,0,4.89372806549072,0,0,28.5250835418701,0,0,0,0,0,0,0,32.5810813903809,0,34.9344044526418,0,0,0,0,0,42.3679395088783,0,40.1276849445544,0,12.6928926110268,2.95381255149841,13.8671237947929,22.5542888641357,0
0,0,0,0,2.78030756803659,0,0,0,0,0,0,0,0,0,0,0,0,0,0,0,2.90384519100189,0,0,0,0,0,0,0,0,0,0,0,0,0,0,0,0,0,0,0,0,0,0,0,0,0,0,0,0,0,0,0,0,0,0,0,3.17463493347168,0,0,0,0,0,0,0,0,0,0,0,0,0,0,0,0,0,0,0,0,0,0,0,0,0,0,0,0,0,0
0,0,0,0,0,0,0,0,0,0,0,2.83985737959544,0,0,0,0,0,0,0,0,0,0,0,0,0,0,0,0,0,0,0,0,0,0,0,0,0,0,0,0,0,0,0,0,0,0,0,0,0,0,0,0,0,3.16790962219238,0,0,0,3.02650880813599,0,0,0,0,3.2308893998464,0,0,0,0,0,0,0,0,0,0,0,0,0,0,0,0,0,0,0,3.3785488280383,0,0,0,0
5.37147911727539,0,5.29383213646644,0,5.2632117692162,0,0,0,0,0,0,0,0,0,6.01650324039373,44.4926471710205,11.4387071005914,34.6105311435202,14.2600956867788,0,0,0,0,0,6.19507834596454,0,0,0,0,0,0,0,0,0,0,0,0,0,0,90.2262268066406,48.2177786827087,0,35.5878760239174,0,0,67.6090621948242,42.2648257017136,50.1331481933594,10.8339578738579,0,0,0,0,0,5.76552937628192,0,0,0,0,0,3.65422565796796,0,0,39.9768606821696,0,0,0,4.18862297137578,0,3.58723937322016,0,24.1309795379639,0,35.2237091064453,0,0,0,0,67.6385879516602,41.9634227752686,51.7580986022949,37.7635555267334,9.60329624708299,14.4861995833261,17.7825074522836,37.5055847167969,70.6237335205078
0,6.57380529054733,0,12.2222016074441,0,8.55927207072576,0,0,0,0,0,0,0,11.1741228103638,0,4.81097094981431,0,9.12301706095211,8.75504996983901,0,0,0,0,5.89628314072231,0,0,0,0,0,0,0,0,0,0,0,0,0,9.87462753980932,46.0341461181641,0,0,8.80485898971558,0,0,0,0,0,0,0,10.2751538496751,0,0,0,0,0,5.14001919118698,0,19.4877336502075,0,0,0,4.52118547856278,19.1983070373535,0,0,0,5.09995725299373,0,3.95613587253234,0,20.3585224151611,0,20.4769891103109,0,0,0,0,0,0,0,17.475531363789,0,4.91326234329439,4.00134628469294,14.408778964496,0,0
0,0,0,0,0,0,0,0,0,0,0,0,3.13702751650955,0,0,0,0,0,0,0,3.41651821792673,0,0,0,0,0,0,0,3.24221317584698,0,3.6240637164185,0,0,0,0,0,3.10539559224024,0,3.68507029175986,0,0,0,0,0,0,0,0,0,0,0,0,0,0,0,0,0,4.39096309876634,0,4.02275404318131,0,0,0,0,5.22715808153152,0,0,0,0,0,0,0,4.73568309401845,0,4.5300052203238,0,0,0,0,0,0,0,4.7043224728872,4.74025364041142,0,16.0375919342041,0,0
0,0,0,0,0,0,0,2.83985737959544,0,0,0,0,0,3.78646597671509,0,0,0,0,0,3.83825867061309,0,0,0,0,0,0,0,3.40737333442226,0,5.70685253461202,0,0,0,0,0,6.36351861850182,0,4.97490610724534,0,0,0,0,0,0,0,0,0,0,0,0,0,0,0,3.12937585512797,0,0,0,6.48820557230774,0,3.71410680381981,0,0,4.50389856297123,0,0,0,0,0,0,0,4.00598120689392,0,4.1982267525819,0,0,0,0,0,6.65666716489564,0,10.6676960251797,0,4.54496244031992,0,7.57966804504395,0,0
0,0,0,0,0,0,0,0,0,0,3.13702751650955,0,0,0,3.26609581708908,0,0,0,0,0,0,0,0,0,0,0,0,0,2.86395981732537,0,0,0,0,0,0,0,0,0,0,0,0,0,0,0,0,0,0,0,0,0,0,0,0,0,0,0,3.8894111088344,0,3.85276031999877,0,3.22279914220174,0,0,0,0,0,0,0,0,0,0,3.01678665479024,0,0,0,0,0,0,0,0,0,0,3.42065014441808,0,0,0,0
0,0,0,0,0,0,0,0,0,11.1741228103638,0,3.78646597671509,0,0,0,4.17466499904792,0,7.15917539596558,0,0,0,0,0,0,0,0,0,7.56110411531785,0,0,0,0,0,0,0,0,0,0,0,0,0,0,0,0,0,0,0,0,0,0,0,0,0,0,0,9.05142921209335,0,8.74404638430327,0,3.92187453325744,0,4.20652533243902,0,0,0,0,0,0,0,0,4.33975573380788,0,0,0,0,0,0,0,0,0,0,0,4.0854815900884,3.6104831881664,0,0,0
0,0,0,0,5.68717746053423,0,0,0,6.01650324039373,0,0,0,3.26609581708908,0,0,0,6.23431330773889,0,0,0,0,0,0,0,5.46456294059753,0,0,0,0,0,0,0,0,0,0,0,0,0,0,0,0,0,0,0,0,0,0,0,3.18904809390797,0,4.5258412361145,0,0,0,6.70098088956942,0,0,0,3.54748519131395,0,3.65328535273835,0,0,0,0,0,0,0,0,0,0,0,0,0,0,0,0,0,0,0,0,0,5.86335072939909,4.79377898093193,0,0,0
0,5.3707582950592,0,0,0,0,0,0,44.4926471710205,4.81097094981431,0,0,0,4.17466499904792,0,0,28.719169717086,5.37979288904452,11.5725935767679,0,0,0,0,0,0,0,0,0,0,0,0,0,0,0,0,0,0,0,0,51.5899620056152,0,0,0,0,0,0,0,0,0,0,0,0,0,0,0,8.58703578020397,0,0,0,4.14074154934664,0,5.93464451523451,0,0,0,0,0,0,3.96588241486322,0,0,0,0,0,0,0,0,0,0,0,0,0,4.62371428955592,3.56257426738739,0,0,0
18.6261487629103,46.5259990692139,57.2798080444336,0,0,0,0,0,11.4387071005914,0,0,0,0,0,6.23431330773889,28.719169717086,0,13.2310852585586,19.8228978856223,0,0,0,3.2799521764943,0,0,0,3.37370746500253,0,0,0,0,0,0,0,0,0,0,0,0,68.3521706581116,57.8505298069545,57.2742835453578,47.7826108681528,0,0,59.1630972290039,49.6865097227551,0,0,0,0,0,0,0,0,0,0,0,0,0,0,29.4669876098633,0,60.9664427439372,0,5.47728633880615,0,0,0,4.75252728462219,0,0,75.7142244974772,52.3049554824829,0,0,0,0,72.5231278363396,57.5867539767561,75.7067932128906,66.0383115915152,12.6967995481491,9.65524492349325,53.7127945798895,47.7974510192871,42.7996546427409
34.7487377166748,0,0,65.9303512573242,0,0,0,0,34.6105311435202,9.12301706095211,0,0,0,7.15917539596558,0,5.37979288904452,13.2310852585586,0,15.6129947435434,0,0,3.26764704749186,0,5.30989273658166,0,3.4152236105626,0,2.84792944964241,0,0,0,0,0,0,0,0,0,0,0,63.3378815787179,66.5478723699396,48.601258292127,53.7523114522298,0,0,67.3297344554554,60.8428142650707,0,0,57.2794494628906,0,71.8157653808594,0,0,0,0,0,47.8984298706055,0,0,0,8.62073784630473,0,78.5920486450195,5.62108604113261,0,0,0,4.01979367976286,0,0,0,64.3315315246582,60.0546646118164,0,0,0,0,66.4356404084426,67.8932804416966,64.1728515625,68.329471206665,10.2272803063495,5.67552915231429,59.1359312398985,43.4123369852702,48.3239440917969
15.682939479428,15.7419001658758,25.8161911010742,37.3912115097046,0,42.0906982421875,0,0,14.2600956867788,8.75504996983901,0,0,0,0,0,11.5725935767679,19.8228978856223,15.6129947435434,0,0,0,0,0,0,0,10.3359955681695,0,0,0,0,0,0,0,0,0,0,0,0,26.071117401123,41.8699159629696,41.7118063370387,25.180968753117,29.8027361979356,0,6.73899078369141,35.9910668342344,35.920745409452,0,82.4165496826172,45.403808927536,33.8261299133301,0,0,0,0,0,29.3507623672485,27.377594258235,0,0,0,53.7453384399414,40.8034437964944,47.270609507485,0,0,0,0,0,0,70.3516464233398,0,26.3831639209036,29.4585433006287,0,0,0,0,41.7685141165154,47.9062534923819,36.5180442718689,43.5960466965385,14.6048063775752,18.0454304663934,33.6972595697794,15.3266803286363,21.0936974248578
0,0,0,20.662281036377,0,0,0,0,0,0,0,3.83825867061309,0,0,0,0,0,0,0,0,0,0,0,0,0,0,0,0,0,0,0,0,0,0,0,4.29041111146323,0,4.51413506879048,0,35.0794792175293,0,41.4739718003706,0,0,0,0,0,37.5236167907715,0,42.5812950134277,0,0,0,0,0,0,0,5.11640603542328,0,0,0,30.8139400482178,4.60150196068529,0,0,0,0,0,0,0,0,0,17.8902281125387,0,0,0,0,0,5.63651076460085,0,3.12692304247433,0,6.17751658184928,0,21.8277810414632,0,47.1664085388184
0,0,0,0,13.6291536331177,0,2.90384519100189,0,0,0,3.41651821792673,0,0,0,0,0,0,0,0,0,0,0,0,0,0,0,0,0,0,0,0,0,0,0,0,0,5.22908435557909,0,5.47479475289583,0,34.1147193908691,0,48.5581614176432,0,0,0,0,0,50.0527400970459,0,15.917741885552,0,0,0,0,0,3.63783850969297,0,25.1884851455688,0,0,0,0,4.13505583502579,0,0,0,0,0,0,0,0,0,0,0,0,0,0,0,6.63303668069094,0,6.66694976822023,5.32015984644324,0,10.1581001016829,0,0
0,0,0,0,0,0,0,0,0,0,0,0,0,0,0,0,0,3.26764704749186,0,0,0,0,4.76085763642736,5.25379989948948,0,4.18898847538938,0,4.12275624275208,0,0,0,0,0,0,0,0,0,6.94790172450924,3.91044172715014,0,0,0,0,0,0,0,0,0,0,5.83711919026395,0,0,0,0,0,0,0,40.3923072814941,0,26.8770685195923,0,0,0,0,4.88218387201461,4.47647099494934,6.26679685695023,0,6.35055710751077,0,7.83790729075302,0,0,0,0,0,0,0,0,0,11.2612460920633,5.82776174800737,4.24373372287372,3.44476683709799,49.8084754943848,0,0
0,0,0,0,0,0,0,0,0,0,0,0,0,0,0,0,3.2799521764943,0,0,0,0,4.76085763642736,0,0,14.079553864219,0,12.7300831476847,0,3.4627465240519,0,0,0,0,0,0,0,0,0,5.04750659602463,0,0,0,0,0,0,0,0,0,5.46776723861694,0,0,0,0,0,0,0,0,0,0,0,0,0,0,0,4.28185331821442,4.8034769788852,0,5.66158084685986,0,9.4326884550591,0,4.90915732364918,0,0,0,0,0,0,0,0,0,7.55390059728024,4.28052255596277,3.60605088695587,0,0,0
0,17.4278333187103,0,0,0,0,0,0,0,5.89628314072231,0,0,0,0,0,0,0,5.30989273658166,0,0,0,5.25379989948948,0,0,0,3.58479055904207,0,0,0,0,0,0,0,0,0,0,0,9.07763769095173,0,0,0,0,0,0,0,0,0,0,0,7.56315534455436,0,0,0,0,0,6.28948383961084,0,0,0,21.7694683074951,0,3.35200618068624,0,0,5.64303680937341,0,4.97863143627797,0,3.5553789318326,0,17.0050163269043,0,0,0,0,0,0,0,0,0,17.4285088792004,0,4.52032089013455,0,19.358907699585,0,0
12.7688086827596,0,0,0,0,0,0,0,6.19507834596454,0,0,0,0,0,5.46456294059753,0,0,0,0,0,0,0,14.079553864219,0,0,0,3.81381918117404,0,0,0,0,0,0,0,0,0,0,0,5.5225950946958,0,0,0,0,0,0,0,0,0,0,0,0,0,0,0,5.5417648165725,0,0,0,0,0,0,0,0,0,0,12.8528260472533,0,3.59617916959634,0,4.28034667363243,0,0,0,0,0,0,0,0,0,0,0,5.70180515483417,4.50096684455872,0,0,0,0
0,0,0,0,0,0,0,0,0,0,0,0,0,0,0,0,0,3.4152236105626,10.3359955681695,0,0,4.18898847538938,0,3.58479055904207,0,0,0,3.95663634377557,0,0,0,0,0,0,0,0,0,0,0,0,0,0,0,0,0,0,0,0,0,0,0,0,0,0,0,0,0,0,0,9.84504890441895,0,3.40151524543762,0,0,5.49179220199585,0,0,0,3.66549149375945,0,4.58555179834366,0,0,0,0,0,0,0,0,0,0,0,3.27234511336555,2.94285941123962,0,0,0
0,0,0,0,0,0,0,0,0,0,0,0,0,0,0,0,3.37370746500253,0,0,0,0,0,12.7300831476847,0,3.81381918117404,0,0,0,3.01687906338618,0,0,0,0,0,0,0,0,0,0,0,0,0,0,0,0,0,0,0,0,0,0,0,0,0,0,0,0,0,2.85642999410629,0,0,0,0,0,0,9.99252104759216,0,3.36210038402293,0,4.44109055222265,0,3.63958125365408,0,0,0,0,0,0,0,0,0,0,4.39324540751321,0,0,0,0
0,0,0,0,0,0,0,0,0,0,0,3.40737333442226,0,7.56110411531785,0,0,0,2.84792944964241,0,0,0,4.12275624275208,0,0,0,3.95663634377557,0,0,0,4.83552992496247,0,0,0,0,0,0,0,4.98473677082338,0,0,0,0,0,0,0,0,0,0,0,0,0,0,0,0,0,0,0,3.52521958947182,0,4.98226815546063,0,0,0,0,4.31124368935455,0,0,0,4.7331786613819,0,5.41885347794756,0,13.3444560374059,0,0,0,0,0,0,0,13.1506733294972,0,3.30147091804012,2.94262832182425,0,0,0
0,0,0,0,0,0,0,0,0,0,3.24221317584698,0,2.86395981732537,0,0,0,0,0,0,0,0,0,3.4627465240519,0,0,0,3.01687906338618,0,0,0,3.5607316079347,0,0,0,0,0,0,0,5.37467096714263,0,0,0,0,0,0,0,0,0,0,0,0,0,0,0,0,0,0,0,2.85680317878723,0,0,0,0,0,0,3.66898491257115,0,0,0,3.38204558690389,0,4.78166001520979,0,6.40630912780762,0,0,0,0,0,0,0,6.8103351392946,3.18542373591456,2.81450908184051,0,0,0
0,0,0,0,0,0,0,0,0,0,0,5.70685253461202,0,0,0,0,0,0,0,0,0,0,0,0,0,0,0,4.83552992496247,0,0,0,0,0,0,0,18.9738368988037,0,3.57044499985715,0,0,0,0,0,0,0,0,0,0,0,0,0,0,0,0,0,0,0,4.66636847816737,0,0,0,0,0,0,0,0,0,0,0,0,5.09869659360651,0,5.53975702409159,0,0,0,0,0,0,0,5.45951931146865,0,4.09310251080517,0,0,0,0
0,0,0,0,0,0,0,0,0,0,3.6240637164185,0,0,0,0,0,0,0,0,0,0,0,0,0,0,0,0,0,3.5607316079347,0,0,0,0,0,0,0,0,0,3.59625075586726,0,0,0,0,0,0,0,0,0,0,0,0,0,0,0,0,0,3.85757482051849,0,0,0,0,0,0,0,0,0,0,0,0,0,0,4.684848575606,0,3.57625715880579,0,0,0,0,0,0,0,6.08998056650162,4.64734493228171,0,0,0,0
0,0,0,0,0,0,0,0,0,0,0,0,0,0,0,0,0,0,0,0,0,0,0,0,0,0,0,0,0,0,0,0,4.33945934787873,9.86454401351511,6.09770059585571,5.57091948817978,3.96171721252235,0,0,0,0,0,0,0,0,0,0,5.93204420493769,17.9620300845096,5.2662695646286,0,0,0,0,0,0,0,0,0,0,0,0,0,0,0,0,0,0,0,0,0,0,0,0,5.13879678622372,4.69220461297202,2.74796342849731,2.84214246273041,4.32862842373732,17.4804688800465,0,41.2698516845703,4.73307116173986,0,39.324764251709,0,0
0,0,0,0,0,0,0,0,0,0,0,0,0,0,0,0,0,0,0,0,0,0,0,0,0,0,0,0,0,0,0,4.33945934787873,0,7.35511112213135,6.30659107829249,3.58550167329533,3.33891715392594,0,0,0,0,0,0,0,0,0,0,7.52397029024963,12.3263906217089,11.4836186408997,0,0,0,0,0,0,0,0,0,0,0,0,0,0,0,0,0,0,0,0,0,0,0,0,4.58165285423512,4.76586286071079,7.6637072368544,4.64878521210108,3.24989187717438,6.72837614693098,0,0,3.80748949944973,0,0,0,0
0,0,0,0,0,0,0,0,0,0,0,0,0,0,0,0,0,0,0,0,0,0,0,0,0,0,0,0,0,0,0,9.86454401351511,7.35511112213135,0,4.42820979418476,4.56856931128153,0,4.27072367328391,5.20523523842847,0,0,12.4224510192871,0,0,0,0,0,5.39474149182791,14.8996720314026,10.6514230966568,0,0,0,0,0,0,0,0,0,0,0,0,0,0,0,0,0,0,0,0,0,0,0,0,16.5786896126994,3.70631843301194,4.67952933600268,4.10192595315499,6.36325620180107,0,5.11058575015503,5.25590684102929,4.34840511270316,3.58924531936646,17.9637415409088,0,0
0,0,0,0,0,0,0,0,0,0,0,0,0,0,0,0,0,0,0,0,0,0,0,0,0,0,0,0,0,0,0,6.09770059585571,6.30659107829249,4.42820979418476,0,2.84723790486654,5.55843653023698,9.33904858146395,3.3367941280206,0,0,16.2223529815674,20.2457675933838,0,0,0,0,6.4788789675722,12.265826979199,18.9409344991048,0,0,0,0,0,0,0,0,0,0,0,0,0,0,0,0,0,0,0,0,0,0,0,0,0,18.2237097282036,5.99565500013631,4.42495065822444,2.95482158660889,5.95126708481047,6.78228092193604,5.50053499156031,3.19689153183175,0,19.3325424194336,0,0
0,0,0,41.7839488983154,0,0,0,0,0,0,0,6.36351861850182,0,0,0,0,0,0,0,4.29041111146323,0,0,0,0,0,0,0,0,0,18.9738368988037,0,5.57091948817978,3.58550167329533,4.56856931128153,2.84723790486654,0,3.75516492932562,4.50437316428425,7.56732654571533,6.70661503718449,0,26.8561948140462,32.2075584411621,0,0,6.24973297450278,0,23.6092094024022,31.5719742774963,25.9826599227058,0,0,0,0,0,0,0,8.4076551761724,0,0,0,0,5.17765348997376,0,0,0,0,0,0,0,0,0,30.0298023223877,0,4.47633278907144,4.73872214700702,4.20623345852783,0,6.59327425938134,4.75086209892241,10.4424693280277,0,3.66833401384025,5.5082950592041,8.47559363165975,36.9392967224121,33.9892520904541
0,0,0,0,17.2512675694057,0,0,0,0,0,3.10539559224024,0,0,0,0,0,0,0,0,0,5.22908435557909,0,0,0,0,0,0,0,0,0,0,3.96171721252235,3.33891715392594,0,5.55843653023698,3.75516492932562,0,2.73658514022827,4.67893015042148,7.14381321271261,3.65887748493868,0,36.4396286010742,0,0,22.8118705749512,13.3773052886475,10.9784356117249,23.4008644104004,0,21.5121483230591,0,0,0,0,0,3.82756790283805,0,15.3982496261597,0,0,0,0,5.54980351875673,0,0,0,0,0,0,0,0,0,0,0,4.86774930163754,0,4.43653870874697,4.39671375070299,5.57165677894537,0,5.05068818293734,4.29091377323921,4.12283423542976,11.356624058896,0,0
41.8081405276344,20.9553676711188,54.3066584269206,25.7894909932063,0,0,0,0,0,9.87462753980932,0,4.97490610724534,0,0,0,0,0,0,0,4.51413506879048,0,6.94790172450924,0,9.07763769095173,0,0,0,4.98473677082338,0,3.57044499985715,0,0,0,4.27072367328391,9.33904858146395,4.50437316428425,2.73658514022827,0,7.77920299731055,0,0,19.212899684906,42.61581103007,0,0,67.7313842773438,0,6.78172577937203,29.7879001935323,7.54633472423728,0,0,0,0,0,7.59463876057294,42.9584121704102,5.44724989293777,0,0,50.1981506347656,0,8.19268703806227,0,6.24032986259243,38.6670036315918,10.4408035440668,29.9165856838226,0,0,5.67076202078038,0,6.11736643627436,0,0,0,4.87664295995937,0,8.76423900608514,14.3593616485596,6.1623359425449,7.72045524599064,6.41088304427394,3.234073082606,18.1328592920579,0,24.2853956222534
0,43.9597924550374,0,53.3028289794922,0,0,0,0,0,46.0341461181641,3.68507029175986,0,0,0,0,0,0,0,26.071117401123,0,5.47479475289583,3.91044172715014,5.04750659602463,0,5.5225950946958,0,0,0,5.37467096714263,0,3.59625075586726,0,0,5.20523523842847,3.3367941280206,7.56732654571533,4.67893015042148,7.77920299731055,0,0,48.4876899719238,0,30.7876742513556,0,0,0,0,9.73973525972094,10.7068666790922,25.8801807750355,0,0,0,0,0,39.6903854370117,5.14215049038838,0,0,0,0,0,0,8.70704142425371,0,5.23322847568462,0,5.27756278503669,0,0,0,5.36059682381335,0,3.87593211985731,0,0,13.9436343578582,3.21054184281981,0,6.03266970312918,6.08510986606727,5.67402903353101,5.1212980059925,2.97678932547569,20.7415954333085,0,32.7032114664714
0,30.0768228961575,0,40.6604928970337,0,36.2490956783295,0,0,90.2262268066406,0,0,0,0,0,0,51.5899620056152,68.3521706581116,63.3378815787179,41.8699159629696,35.0794792175293,0,0,0,0,0,0,0,0,0,0,0,0,0,0,0,6.70661503718449,7.14381321271261,0,0,0,74.5211837768555,18.5621593244471,62.0146246337891,0,53.4273910522461,14.0124220337187,88.9849113464356,6.31574167900307,0,7.33692090859156,0,42.9710833231608,0,0,0,0,0,50.7128392269737,0,0,0,0,5.1407143666194,108.310501098633,0,0,0,0,0,0,33.4857482910156,0,42.3502877341376,0,0,0,0,0,13.9962338126731,69.8132137571062,51.4732293649153,77.2997779846191,45.3031170457478,61.6614639282227,13.6610839806391,23.0394812492614,79.7858581542969
29.4504040309361,0,25.971321105957,0,43.1349010467529,0,0,0,48.2177786827087,0,0,0,0,0,0,0,57.8505298069545,66.5478723699396,41.7118063370387,0,34.1147193908691,0,0,0,0,0,0,0,0,0,0,0,0,0,0,0,3.65887748493868,0,48.4876899719238,74.5211837768555,0,60.6439959208171,22.2356979353928,0,18.7072639465332,68.7412376403809,10.1703281858243,9.92980784840054,12.1029902722171,38.5471954345703,41.9288112640381,0,0,0,0,0,36.4553337097168,0,35.1932968139648,0,0,0,0,9.53093349832884,0,0,0,0,0,0,0,31.3600921630859,0,19.0236259365941,0,0,0,0,30.3645428551568,8.48318542012334,85.8318328857422,17.4379454342027,38.5549304942752,47.4284814198812,14.3234166283121,0,25.2755575180054
0,25.2469183837043,0,26.9691883775572,0,31.4957022513113,0,0,0,8.80485898971558,0,0,0,0,0,0,57.2742835453578,48.601258292127,25.180968753117,41.4739718003706,0,0,0,0,0,0,0,0,0,0,0,0,0,12.4224510192871,16.2223529815674,26.8561948140462,0,19.212899684906,0,18.5621593244471,60.6439959208171,0,12.5895999785832,0,0,31.8937540289532,89.7510477701823,12.6085363911546,24.9800055027008,19.311270426149,0,42.4728957282172,0,0,0,27.2471087911855,0,18.4974130875168,0,26.4050229390462,0,39.807145690918,18.9957125630872,0,63.5659217834473,0,0,0,0,0,22.3317219560797,0,20.6710396527774,0,0,0,0,0,31.0313936341271,102.337131500244,34.7955020338624,67.1008453369141,20.4336465065656,28.9391892327203,14.4626049241667,9.01381655572687,11.6429342937469
27.7299205614421,50.0440940856934,31.5199228648482,40.7479254404704,41.6091915706419,32.6215744018555,0,0,35.5878760239174,0,0,0,0,0,0,0,47.7826108681528,53.7523114522298,29.8027361979356,0,48.5581614176432,0,0,0,0,0,0,0,0,0,0,0,0,0,20.2457675933838,32.2075584411621,36.4396286010742,42.61581103007,30.7876742513556,62.0146246337891,22.2356979353928,12.5895999785832,0,0,12.4540439153972,39.532184825224,17.5571449302953,11.365933512279,18.8008684851452,16.0450217831519,43.1644783814748,0,0,0,41.1706776618958,0,18.8281509163518,0,42.3163017431895,0,46.4456062316895,0,0,45.3473315944333,0,0,0,35.3765983581543,0,0,0,14.9487110199752,0,14.3260814115178,0,0,0,0,67.2089139498197,35.9995455289598,0,43.3961591720581,22.8767610940666,32.2484573217539,16.7502996004762,53.4254856109619,10.0922328106643
0,0,0,0,0,0,0,0,0,0,0,0,0,0,0,0,0,0,0,0,0,0,0,0,0,0,0,0,0,0,0,0,0,0,0,0,0,0,0,0,0,0,0,0,0,0,0,0,0,0,0,0,0,0,0,0,0,0,0,0,0,0,0,0,0,0,0,0,0,0,0,0,0,0,0,0,0,0,0,0,0,0,0,0,0,0,0
0,0,0,0,0,0,0,0,0,0,0,0,0,0,0,0,0,0,6.73899078369141,0,0,0,0,0,0,0,0,0,0,0,0,0,0,0,0,0,0,0,0,53.4273910522461,18.7072639465332,0,12.4540439153972,0,0,0,17.7405242919922,0,32.9411849975586,0,0,0,0,0,0,0,0,0,0,0,0,0,0,0,0,0,0,0,0,0,0,0,0,0,0,0,0,0,0,26.4714698791504,0,0,11.6986888249715,0,9.27271106166224,0,0
0,21.2202568054199,0,33.0952113015311,0,33.8737010955811,0,0,67.6090621948242,0,0,0,0,0,0,0,59.1630972290039,67.3297344554554,35.9910668342344,0,0,0,0,0,0,0,0,0,0,0,0,0,0,0,0,6.24973297450278,22.8118705749512,67.7313842773438,0,14.0124220337187,68.7412376403809,31.8937540289532,39.532184825224,0,0,0,81.3663330078125,34.1046720504761,39.6352109909058,27.0300862424008,0,47.4083061218262,0,0,0,0,67.8236312866211,21.2462843981656,0,0,0,0,7.13645554789536,0,0,0,0,0,0,0,31.9210688273112,0,20.624179816246,67.4607849121094,0,0,0,0,11.8400324602647,63.778226852417,12.2397519758378,0,24.2326340826047,38.963743686676,15.3150469152425,36.9024105072021,34.3188430786133
22.74146863186,0,29.7429866790771,0,39.5125840504964,0,0,0,42.2648257017136,0,0,0,0,0,0,0,49.6865097227551,60.8428142650707,35.920745409452,0,0,0,0,0,0,0,0,0,0,0,0,0,0,0,0,0,13.3773052886475,0,0,88.9849113464356,10.1703281858243,89.7510477701823,17.5571449302953,0,17.7405242919922,81.3663330078125,0,39.1771986219618,34.8313826801015,53.2792676289876,38.8497615390354,0,0,0,0,0,41.8081162770589,0,38.2509206136068,0,0,0,94.3997116088867,15.0329394542311,0,0,0,0,0,0,0,0,78.6774520874023,56.1823956807454,0,46.7856216430664,0,0,82.4722166061401,17.3328347386101,0,29.3040548960368,33.9818768876174,32.353036403656,24.8897118451439,0,41.5878868103027
0,0,0,38.3443608283997,46.3048667907715,0,0,0,50.1331481933594,0,0,0,0,0,0,0,0,0,0,37.5236167907715,0,0,0,0,0,0,0,0,0,0,0,5.93204420493769,7.52397029024963,5.39474149182791,6.4788789675722,23.6092094024022,10.9784356117249,6.78172577937203,9.73973525972094,6.31574167900307,9.92980784840054,12.6085363911546,11.365933512279,0,0,34.1046720504761,39.1771986219618,0,11.6421728961392,8.95299564705384,46.831002553304,0,0,0,0,0,0,0,0,0,0,0,23.660665512085,41.3098768506731,0,29.3272673288981,0,23.3667959915964,0,0,0,0,0,0,6.55912516574774,7.51965620302052,6.3694805551917,7.21735501552329,6.04520903307344,13.8209169029204,4.50581527286106,14.8019331499022,7.24150683046957,0,16.1408112164324,0,10.2198254267375
7.55610253994281,0,8.26340568065643,41.8383089701335,44.1390590667725,0,0,0,10.8339578738579,0,0,0,0,0,3.18904809390797,0,0,0,82.4165496826172,0,50.0527400970459,0,5.46776723861694,0,0,0,0,0,0,0,0,17.9620300845096,12.3263906217089,14.8996720314026,12.265826979199,31.5719742774963,23.4008644104004,29.7879001935323,10.7068666790922,0,12.1029902722171,24.9800055027008,18.8008684851452,0,32.9411849975586,39.6352109909058,34.8313826801015,11.6421728961392,0,18.8935472789483,45.0573256015778,0,0,0,12.7263679951429,0,9.39424817378704,0,54.8175754547119,0,5.16945424761091,0,0,44.143283707755,0,4.56284000492897,0,0,0,0,0,6.23586732975758,83.9753570556641,5.98059928142811,0,13.1345333531499,11.3580471038818,16.8813811937968,66.0306968688965,10.476033451367,0,10.8684918894624,14.510248004488,0,18.6577078830849,0,19.6070339768021
0,7.09224056119504,0,8.600526545562,38.990119934082,21.6615357398987,0,0,0,10.2751538496751,0,0,0,0,0,0,0,57.2794494628906,45.403808927536,42.5812950134277,0,5.83711919026395,0,7.56315534455436,0,0,0,0,0,0,0,5.2662695646286,11.4836186408997,10.6514230966568,18.9409344991048,25.9826599227058,0,7.54633472423728,25.8801807750355,7.33692090859156,38.5471954345703,19.311270426149,16.0450217831519,0,0,27.0300862424008,53.2792676289876,8.95299564705384,18.8935472789483,0,0,41.6058750152588,0,0,0,7.46134991645813,0,13.3247529653838,0,10.2063381473223,0,4.3311954884302,18.3592535795989,0,9.62483140279327,0,7.46976125758627,33.6458597183228,12.4728863268723,0,8.49432825955713,0,7.42524631181245,0,3.69480574131012,18.3848848342896,0,20.9862728118896,9.76563252327956,22.1958662481869,7.37734440610596,28.0908670910334,11.7984938468948,25.721410206386,12.9589330625619,26.3598032593727,16.9864706559615
25.0389404296875,0,9.91837406966646,0,4.1299998563364,0,0,0,0,0,0,0,0,0,4.5258412361145,0,0,0,33.8261299133301,0,15.917741885552,0,0,0,0,0,0,0,0,0,0,0,0,0,0,0,21.5121483230591,0,0,0,41.9288112640381,0,43.1644783814748,0,0,0,38.8497615390354,46.831002553304,45.0573256015778,0,0,0,0,0,0,0,5.43740324909623,0,3.95377561540315,0,3.13180860189291,0,0,8.85247726839874,0,0,0,0,0,0,0,0,0,51.8245964050293,0,0,0,0,0,41.4769473075867,0,39.558230082194,7.22420107413982,0,14.5349119863951,0,0
0,0,0,7.8670022888939,0,5.26128872235616,0,0,0,0,0,0,0,0,0,0,0,71.8157653808594,0,0,0,0,0,0,0,0,0,0,0,0,0,0,0,0,0,0,0,0,0,42.9710833231608,0,42.4728957282172,0,0,0,47.4083061218262,0,0,0,41.6058750152588,0,0,0,0,0,0,0,6.44485799208382,0,4.42435759914165,0,0,32.3751754760742,0,0,0,0,0,0,0,0,0,38.7935786777072,0,0,0,0,0,47.536817073822,0,45.4842885335286,0,48.4877649943034,0,29.1455303236496,32.6951713562012,0
0,0,0,0,2.87535397211711,0,0,0,0,0,0,0,0,0,0,0,0,0,0,0,0,0,0,0,0,0,0,0,0,0,0,0,0,0,0,0,0,0,0,0,0,0,0,0,0,0,0,0,0,0,0,0,0,0,0,0,2.75244283676147,0,0,0,0,0,0,0,0,0,0,0,0,0,0,0,0,0,0,0,0,0,0,0,0,0,0,0,0,0,0
0,0,0,0,0,0,0,3.16790962219238,0,0,0,3.12937585512797,0,0,0,0,0,0,0,0,0,0,0,0,0,0,0,0,0,0,0,0,0,0,0,0,0,0,0,0,0,0,0,0,0,0,0,0,0,0,0,0,0,0,0,0,0,3.48200762271881,0,0,0,0,0,0,0,0,0,0,0,0,0,0,0,0,0,0,0,0,0,0,0,0,2.99988094965617,0,0,0,0
5.98120544755131,0,4.61003185477522,0,3.44835595755741,0,0,0,5.76552937628192,0,0,0,0,0,6.70098088956942,0,0,0,0,0,0,0,0,0,5.5417648165725,0,0,0,0,0,0,0,0,0,0,0,0,0,0,0,0,0,41.1706776618958,0,0,0,0,0,12.7263679951429,0,0,0,0,0,0,0,0,0,0,0,4.7655980711182,0,0,0,0,0,0,3.77360772307402,0,5.23761581605481,0,0,0,0,0,0,0,0,0,0,0,0,7.14440111649412,14.0742969512939,12.7840284285861,0,0
0,4.90787806230433,0,6.80648437276617,0,3.62827777862549,0,0,0,5.14001919118698,0,0,0,9.05142921209335,0,8.58703578020397,0,0,0,0,0,0,0,6.28948383961084,0,0,0,0,0,0,0,0,0,0,0,0,0,7.59463876057294,39.6903854370117,0,0,27.2471087911855,0,0,0,0,0,0,0,7.46134991645813,0,0,0,0,0,0,0,18.3331241607666,0,0,0,5.91252831119531,0,0,0,0,3.82401505555257,56.1179695129395,0,0,0,0,0,0,0,0,0,0,0,0,14.364371383947,42.2758960723877,8.31986517551517,6.95044612884521,14.3277669790629,0,0
20.1727104187012,0,6.26094816232982,0,20.6456383705139,0,3.17463493347168,0,0,0,4.39096309876634,0,3.8894111088344,0,0,0,0,0,29.3507623672485,0,3.63783850969297,0,0,0,0,0,0,0,0,0,3.85757482051849,0,0,0,0,0,3.82756790283805,42.9584121704102,5.14215049038838,0,36.4553337097168,0,18.8281509163518,0,0,67.8236312866211,41.8081162770589,0,9.39424817378704,0,5.43740324909623,0,2.75244283676147,0,0,0,0,0,4.72320351836918,0,3.99860330422719,0,0,4.28650956060372,0,0,0,0,0,0,0,10.1251523454139,0,5.21579762689627,0,0,0,0,0,65.5399303436279,0,9.0290120990797,8.7360438510429,0,7.79435285960253,0,16.9616656984602
0,19.7119255065918,0,24.5222546086453,0,31.4492344326443,0,3.02650880813599,0,19.4877336502075,0,6.48820557230774,0,8.74404638430327,0,0,0,47.8984298706055,27.377594258235,5.11640603542328,0,40.3923072814941,0,0,0,0,0,3.52521958947182,0,4.66636847816737,0,0,0,0,0,8.4076551761724,0,5.44724989293777,0,50.7128392269737,0,18.4974130875168,0,0,0,21.2462843981656,0,0,0,13.3247529653838,0,6.44485799208382,0,3.48200762271881,0,18.3331241607666,0,0,0,5.56783598747391,0,10.5554594668863,9.00866666235864,0,32.6463220596313,0,22.5980135599772,0,18.2982733159126,0,11.6369191202134,0,7.16527706192132,0,0,0,0,0,16.0276285294564,0,12.2254053013665,0,10.5425965373094,21.0922640562057,11.7307966504936,14.7200876518532,0
6.32241630554199,0,4.832065718668,0,18.2621088027954,0,0,0,0,0,4.02275404318131,0,3.85276031999877,0,3.54748519131395,0,0,0,0,0,25.1884851455688,0,0,0,0,0,2.85642999410629,0,2.85680317878723,0,0,0,0,0,0,0,15.3982496261597,0,0,0,35.1932968139648,0,42.3163017431895,0,0,0,38.2509206136068,0,54.8175754547119,0,3.95377561540315,0,0,0,0,0,4.72320351836918,0,0,0,4.15104974017424,0,0,9.05686683124966,0,0,0,0,0,0,0,3.02769604410444,0,0,0,0,0,0,0,41.8824920654297,0,0,6.86081170360997,0,13.345376628766,0,0
0,0,0,4.09399200553325,0,4.89372806549072,0,0,0,0,0,3.71410680381981,0,3.92187453325744,0,4.14074154934664,0,0,0,0,0,26.8770685195923,0,21.7694683074951,0,9.84504890441895,0,4.98226815546063,0,0,0,0,0,0,0,0,0,0,0,0,0,26.4050229390462,0,0,0,0,0,0,0,10.2063381473223,0,4.42435759914165,0,0,0,0,0,5.56783598747391,0,0,0,5.99811966108697,10.494976932938,0,28.4078353862373,0,17.2642803499776,0,10.6294616814454,0,5.66060126115041,0,0,0,0,0,0,0,0,0,25.9694932301839,0,4.01191731737303,4.27519634434434,8.9852500643049,0,0
5.17301420411285,76.5168838500977,5.31156436602275,0,0,0,0,0,3.65422565796796,0,0,0,3.22279914220174,0,3.65328535273835,0,0,0,0,0,0,0,0,0,0,0,0,0,0,0,0,0,0,0,0,0,0,50.1981506347656,0,0,0,0,46.4456062316895,0,0,0,0,0,5.16945424761091,0,3.13180860189291,0,0,0,4.7655980711182,0,3.99860330422719,0,4.15104974017424,0,0,0,0,0,0,0,0,0,0,0,0,0,0,0,0,0,0,0,0,48.801586151123,0,0,4.50293658419353,0,20.7194026341805,0,0
0,4.11426134178604,0,6.28100894921578,0,0,0,0,0,4.52118547856278,0,0,0,4.20652533243902,0,5.93464451523451,29.4669876098633,8.62073784630473,53.7453384399414,30.8139400482178,0,0,0,3.35200618068624,0,3.40151524543762,0,0,0,0,0,0,0,0,0,0,0,0,0,0,0,39.807145690918,0,0,0,0,0,0,0,4.3311954884302,0,0,0,0,0,5.91252831119531,0,10.5554594668863,0,5.99811966108697,0,0,14.6985394954681,0,27.2325782775879,0,7.98893289999528,0,5.4595022987312,0,0,0,41.631773630778,0,0,0,0,0,0,0,0,0,4.23736179634765,11.5953786373138,22.9344477123684,0,0
0,34.928897857666,0,25.7594574689865,0,28.5250835418701,0,3.2308893998464,0,19.1983070373535,0,4.50389856297123,0,0,0,0,0,0,40.8034437964944,4.60150196068529,0,0,0,0,0,0,0,0,0,0,0,0,0,0,0,5.17765348997376,0,8.19268703806227,0,5.1407143666194,0,18.9957125630872,0,0,0,7.13645554789536,94.3997116088867,23.660665512085,0,18.3592535795989,0,32.3751754760742,0,0,0,0,0,9.00866666235864,0,10.494976932938,0,14.6985394954681,0,0,40.1625970204671,0,0,0,23.0969415392194,0,19.1421887302399,0,14.021883930252,0,0,0,0,0,7.89935161649472,0,10.8841412144146,0,8.11731113721659,0,8.45610947517548,17.833930015564,0
26.5019861109116,0,32.0339622497559,0,15.1373417854309,0,0,0,39.9768606821696,0,5.22715808153152,0,0,0,0,0,60.9664427439372,78.5920486450195,47.270609507485,0,4.13505583502579,0,0,0,0,0,0,0,0,0,0,0,0,0,0,0,5.54980351875673,0,8.70704142425371,108.310501098633,9.53093349832884,0,45.3473315944333,0,0,0,15.0329394542311,41.3098768506731,44.143283707755,0,8.85247726839874,0,0,0,0,0,4.28650956060372,0,9.05686683124966,0,0,0,0,0,0,0,0,0,0,0,0,0,0,11.2279820088987,0,0,0,0,116.039398193359,8.20551352924821,0,7.78882884118143,8.45096863634638,0,12.3209253394085,0,31.2729434967041
0,0,0,0,0,0,0,0,0,0,0,0,0,0,0,0,0,5.62108604113261,0,0,0,4.88218387201461,4.28185331821442,5.64303680937341,0,5.49179220199585,0,4.31124368935455,0,0,0,0,0,0,0,0,0,6.24032986259243,0,0,0,63.5659217834473,0,0,0,0,0,0,0,9.62483140279327,0,0,0,0,0,0,0,32.6463220596313,0,28.4078353862373,0,27.2325782775879,40.1625970204671,0,0,0,8.45673996918046,0,13.034697534104,0,10.0783527576622,0,0,0,0,0,0,0,0,0,11.3784063414881,0,4.76067501061583,3.19220043324876,33.4025318839333,0,0
0,0,0,0,0,0,0,0,0,0,0,0,0,0,0,0,5.47728633880615,0,0,0,0,4.47647099494934,4.8034769788852,0,12.8528260472533,0,9.99252104759216,0,3.66898491257115,0,0,0,0,0,0,0,0,38.6670036315918,5.23322847568462,0,0,0,0,0,0,0,0,29.3272673288981,4.56284000492897,0,0,0,0,0,0,0,0,0,0,0,0,0,0,0,0,0,0,8.94863504382735,0,6.59072167243836,0,4.08394863929278,0,0,0,0,0,0,0,0,0,7.04654275934591,3.89285928188397,3.72508613001399,0,0,0
0,3.64017295837402,0,0,0,0,0,0,0,5.09995725299373,0,0,0,0,0,0,0,0,0,0,0,6.26679685695023,0,4.97863143627797,0,0,0,0,0,0,0,0,0,0,0,0,0,10.4408035440668,0,0,0,0,0,0,0,0,0,0,0,7.46976125758627,0,0,0,0,0,3.82401505555257,0,22.5980135599772,0,17.2642803499776,0,7.98893289999528,0,0,8.45673996918046,0,0,0,6.15493844236646,0,13.7524598969354,0,0,0,0,0,0,0,0,0,10.361268260654,0,4.75418359052272,0,5.02836541117579,0,0
0,61.0132446289062,0,62.2506217956543,0,0,0,0,4.18862297137578,0,0,0,0,0,0,0,0,0,0,0,0,0,5.66158084685986,0,3.59617916959634,0,3.36210038402293,0,0,0,0,0,0,0,0,0,0,29.9165856838226,5.27756278503669,0,0,0,35.3765983581543,0,0,0,0,23.3667959915964,0,33.6458597183228,0,0,0,0,3.77360772307402,56.1179695129395,0,0,0,0,0,0,0,0,0,8.94863504382735,0,0,0,5.72495526313782,0,0,0,0,0,0,0,0,0,0,0,4.596217069178,7.82050748758538,0,28.9969797929128,0,34.1712493896484
0,0,0,0,0,0,0,0,0,3.95613587253234,0,0,0,0,0,3.96588241486322,0,4.01979367976286,0,0,0,6.35055710751077,0,3.5553789318326,0,3.66549149375945,0,4.7331786613819,0,0,0,0,0,0,0,0,0,0,0,0,0,0,0,0,0,0,0,0,0,12.4728863268723,0,0,0,0,0,0,0,18.2982733159126,0,10.6294616814454,0,5.4595022987312,23.0969415392194,0,13.034697534104,0,6.15493844236646,0,0,0,6.25165920189932,0,0,0,0,0,0,0,0,0,0,0,3.74773961653675,0,26.7288436889648,0,0
0,0,0,0,0,0,0,0,3.58723937322016,0,0,0,0,0,0,0,4.75252728462219,0,0,0,0,0,9.4326884550591,0,4.28034667363243,0,4.44109055222265,0,3.38204558690389,0,0,0,0,0,0,0,0,0,0,0,0,0,0,0,0,0,0,0,0,0,0,0,0,0,5.23761581605481,0,0,0,0,0,0,0,0,0,0,6.59072167243836,0,5.72495526313782,0,0,0,0,0,0,0,0,0,0,0,0,0,0,4.71159354845683,0,0,0,0
0,0,0,26.6909929003034,0,32.5810813903809,0,0,0,20.3585224151611,0,4.00598120689392,0,4.33975573380788,0,0,0,0,70.3516464233398,0,0,7.83790729075302,0,17.0050163269043,0,4.58555179834366,0,5.41885347794756,0,5.09869659360651,0,0,0,0,0,0,0,5.67076202078038,0,33.4857482910156,0,22.3317219560797,0,0,0,31.9210688273112,0,0,0,8.49432825955713,0,0,0,0,0,0,0,11.6369191202134,0,5.66060126115041,0,0,19.1421887302399,0,10.0783527576622,0,13.7524598969354,0,6.25165920189932,0,0,0,12.4733177240213,0,0,0,0,0,56.5358200073242,0,9.80176777648105,0,5.22296756163504,4.09975711323998,17.457715310187,17.220817565918,0
0,0,27.5290400187174,0,0,0,0,0,24.1309795379639,0,4.73568309401845,0,3.01678665479024,0,0,0,0,0,0,0,0,0,4.90915732364918,0,0,0,3.63958125365408,0,4.78166001520979,0,4.684848575606,0,0,0,0,0,0,0,5.36059682381335,0,31.3600921630859,0,14.9487110199752,0,0,0,0,0,6.23586732975758,0,0,0,0,0,0,0,10.1251523454139,0,3.02769604410444,0,0,0,0,0,0,4.08394863929278,0,0,0,0,0,0,0,6.21429461053332,0,0,0,0,0,0,0,6.12998930498022,6.35647860265547,3.54727271784132,11.6329036072223,0,0
0,25.9616936903733,0,28.7447648343787,0,34.9344044526418,0,0,0,20.4769891103109,0,4.1982267525819,0,0,0,0,75.7142244974772,64.3315315246582,26.3831639209036,17.8902281125387,0,0,0,0,0,0,0,13.3444560374059,0,5.53975702409159,0,0,0,0,0,30.0298023223877,0,6.11736643627436,0,42.3502877341376,0,20.6710396527774,0,0,0,20.624179816246,78.6774520874023,0,83.9753570556641,7.42524631181245,0,38.7935786777072,0,0,0,0,0,7.16527706192132,0,0,0,41.631773630778,14.021883930252,0,0,0,0,0,0,0,12.4733177240213,0,0,0,0,0,0,0,42.7618081611499,0,5.7712812924141,87.5247116088867,21.483399120537,42.4692512512207,15.0379567359175,17.630029069372,58.5394706726074
31.8902587890625,0,32.5895993368966,0,47.2280492782593,0,0,0,35.2237091064453,0,4.5300052203238,0,0,0,0,0,52.3049554824829,60.0546646118164,29.4585433006287,0,0,0,0,0,0,0,0,0,6.40630912780762,0,3.57625715880579,0,0,0,0,0,0,0,3.87593211985731,0,19.0236259365941,0,14.3260814115178,0,0,67.4607849121094,56.1823956807454,0,5.98059928142811,0,51.8245964050293,0,0,0,0,0,5.21579762689627,0,0,0,0,0,0,11.2279820088987,0,0,0,0,0,0,0,6.21429461053332,0,0,0,0,0,0,85.6299362182617,41.5585505083988,0,11.0538954967406,18.0372726236931,50.6289672851562,10.5410742973064,0,18.1764753341675
0,0,0,0,0,0,0,0,0,0,0,0,0,0,0,0,0,0,0,0,0,0,0,0,0,0,0,0,0,0,0,5.13879678622372,4.58165285423512,16.5786896126994,0,4.47633278907144,0,0,0,0,0,0,0,0,0,0,0,6.55912516574774,0,3.69480574131012,0,0,0,0,0,0,0,0,0,0,0,0,0,0,0,0,0,0,0,0,0,0,0,0,0,6.54512225136612,4.07431356249732,0,4.18690830625165,19.6831469535828,0,0,3.34580956427556,0,0,0,0
0,0,0,0,0,0,0,0,0,0,0,0,0,0,0,0,0,0,0,0,0,0,0,0,0,0,0,0,0,0,0,4.69220461297202,4.76586286071079,3.70631843301194,18.2237097282036,4.73872214700702,4.86774930163754,0,0,0,0,0,0,0,0,0,46.7856216430664,7.51965620302052,13.1345333531499,18.3848848342896,0,0,0,0,0,0,0,0,0,0,0,0,0,0,0,0,0,0,0,0,0,0,0,0,6.54512225136612,0,4.66187234314121,3.17016971111298,6.00167695681254,4.34184256930684,0,0,3.73398417731126,0,0,0,0
0,0,0,0,0,0,0,0,0,0,0,0,0,0,0,0,0,0,0,0,0,0,0,0,0,0,0,0,0,0,0,2.74796342849731,7.6637072368544,4.67952933600268,5.99565500013631,4.20623345852783,0,4.87664295995937,13.9436343578582,0,0,0,0,0,0,0,0,6.3694805551917,11.3580471038818,0,0,0,0,0,0,0,0,0,0,0,0,0,0,0,0,0,0,0,0,0,0,0,0,0,4.07431356249732,4.66187234314121,0,4.90469751654271,4.90773926348343,0,6.10457372154508,14.1010509022212,3.33138676643372,0,0,0,0
0,0,0,0,0,0,0,0,0,0,0,0,0,0,0,0,0,0,0,0,0,0,0,0,0,0,0,0,0,0,0,2.84214246273041,4.64878521210108,4.10192595315499,4.42495065822444,0,4.43653870874697,0,3.21054184281981,0,0,0,0,0,0,0,0,7.21735501552329,16.8813811937968,20.9862728118896,0,0,0,0,0,0,0,0,0,0,0,0,0,0,0,0,0,0,0,0,0,0,0,0,0,3.17016971111298,4.90469751654271,0,0,4.63576201287849,6.36787014007568,5.39200374329912,3.67648742554036,0,0,0,0
0,31.5039709052261,0,39.259823568936,0,42.3679395088783,0,0,67.6385879516602,0,0,6.65666716489564,0,0,0,0,72.5231278363396,66.4356404084426,41.7685141165154,5.63651076460085,0,0,0,0,0,0,0,0,0,0,0,4.32862842373732,3.24989187717438,6.36325620180107,2.95482158660889,6.59327425938134,4.39671375070299,8.76423900608514,0,13.9962338126731,30.3645428551568,31.0313936341271,67.2089139498197,0,0,11.8400324602647,82.4722166061401,6.04520903307344,66.0306968688965,9.76563252327956,0,47.536817073822,0,0,0,0,0,16.0276285294564,0,0,0,0,7.89935161649472,116.039398193359,0,0,0,0,0,0,56.5358200073242,0,42.7618081611499,85.6299362182617,4.18690830625165,6.00167695681254,4.90773926348343,0,0,7.8293206781523,6.59251620687664,0,14.3036671926935,31.2887727949354,18.4792682415073,31.9806686128889,59.7036412556966
