0,0,0.155316446360546,0,0,0,0,0,0.129599547024164,0,0,0,0,0,0.157236695289612,0,0,0,0.227353910153562,0,0,0,0,0,0,0,0,0,0,0,0,0,0,0,0,0,0,0,0.217276329174638,0,0.302416414022446,0,0.338472604751587,0,0,0,0.263046145439148,0.305293155613766,0.167637577922229,0.325547635555267,0,0,0,0,0.177481388541188,0,0,0,0.196510048849242,0,0.189350982609483,0,0,0,0,0,0,0,0,0,0,0,0,0,0,0,0,0,0,0.315378529330095,0,0,0.213299574858093,0.298362404108047,0.261943887961045,0,0.375506048401197
0,0,0,0.139659358671418,0,0,0,0,0,0.158454000018537,0,0,0,0,0,0.197185769677162,0,0,0,0,0,0,0,0,0,0,0,0,0,0,0,0,0,0,0,0,0,0,0,0,0,0.315357744693756,0,0,0,0.236869752407074,0,0,0,0.167158864091995,0,0,0,0,0,0.171806495893197,0,0.199743477073876,0,0,0,0.19311890155077,0,0,0,0,0.137543873395771,0,0.105056241154671,0,0.25889540463686,0,0.334208451211452,0,0,0,0,0,0,0,0,0,0.177519628285677,0,0.24530431304871,0,0
0.155316446360546,0,0,0,0.139383329895505,0,0,0,0.136798665662517,0,0,0,0,0,0,0,0,0,0,0,0,0,0,0,0.258992567658424,0,0,0,0,0,0,0,0,0,0,0,0,0,0.259449243545532,0,0.263351400693258,0.256762355566025,0.270137109551109,0,0,0,0.226618006321543,0.297375996475634,0.169422161401502,0,0.249338291585445,0,0,0,0.126643590629101,0,0.264944668031401,0,0,0,0,0,0,0.276077578465144,0,0,0,0,0,0,0,0,0,0.26244293153286,0,0,0,0.24508810788393,0,0,0,0.251724742352962,0.154944831548735,0,0.198835038494725,0,0.234114363789558
0,0.139659358671418,0,0,0,0.127078892451686,0,0,0,0.116275051608682,0,0,0,0,0,0,0,0,0,0,0,0,0,0,0,0,0,0,0,0,0,0,0,0,0,0.128235142678022,0,0,0,0.246237590909004,0,0.274478004801841,0,0,0,0.197365598197569,0,0,0,0.137604056696471,0,0.204958252608776,0,0,0,0.11922286182642,0,0.20639535288016,0,0.205361152854231,0,0.187929421100976,0.22968440875411,0,0,0,0,0,0,0,0,0,0,0,0,0,0,0,0.213663850362899,0,0.269536461681128,0,0.231638872429081,0,0.19617277861536,0,0
0,0,0.139383329895505,0,0,0,0.162808353702227,0,0.176805372300901,0,0,0,0,0,0,0,0,0,0,0,0,0,0,0,0,0,0,0,0,0,0,0,0,0,0,0,0,0,0,0,0.21580770611763,0,0.239257659763098,0,0,0,0.196225913241506,0.280617445707321,0.258469253778458,0,0.211489728510831,0,0.152520554761092,0,0.181885793805122,0,0,0,0,0,0,0,0,0.170729622244835,0,0,0,0,0,0,0,0,0,0,0,0,0,0,0,0,0,0,0.180191039722017,0,0.172902643582107,0,0.243853449821472
0,0,0,0.127078892451686,0,0,0,0,0,0,0,0,0,0,0,0,0,0,0,0,0,0,0,0,0,0,0,0,0,0,0,0,0,0,0,0,0,0,0,0,0,0.238546147942543,0,0,0,0.167562335729599,0,0,0,0,0,0.189692867808362,0,0,0,0.159613132476807,0,0,0,0,0,0,0,0,0,0,0,0,0,0,0,0,0,0,0,0,0,0,0.213986650109291,0,0,0,0.16868567360299,0.146822430193424,0.154136938989655,0,0
0,0,0,0,0.162808353702227,0,0,0,0,0,0.146414978163583,0,0.179928383479516,0,0,0,0,0,0,0,0,0,0,0,0,0,0,0,0,0,0,0,0,0,0,0,0,0,0,0,0,0,0,0,0,0,0,0,0,0,0,0,0.166302237038811,0,0,0,0,0,0,0,0,0,0,0,0,0,0,0,0,0,0,0,0,0,0,0,0,0,0,0,0,0,0.150795809924603,0,0,0,0
0,0,0,0,0,0,0,0,0,0,0,0,0,0,0,0,0,0,0,0,0,0,0,0,0,0,0,0,0,0,0,0,0,0,0,0,0,0,0,0,0,0,0,0,0,0,0,0,0,0,0,0,0,0.174515873193741,0,0,0,0,0,0,0,0,0,0,0,0,0,0,0,0,0,0,0,0,0,0,0,0,0,0,0,0,0,0,0,0,0
0.129599547024164,0,0.136798665662517,0,0.176805372300901,0,0,0,0,0,0,0,0,0,0.13904856186774,0,0.158039651811123,0.165008714422584,0.179024104561125,0,0,0,0.329573452472687,0,0.250706563117328,0,0.173849909669823,0,0,0,0,0,0,0,0,0,0,0,0.242605756454427,0,0,0,0.189647688232746,0,0,0,0.169616378843784,0.274542416578957,0.165537343360484,0.32098451256752,0.214392530369131,0,0,0,0.236860160411104,0,0,0,0.160957172513008,0,0.142903956983771,0,0,0,0,0,0,0.207825268237364,0,0.190377315878868,0,0,0,0,0,0,0,0,0,0,0,0.245636053401702,0.160229457985787,0,0.186275580680809,0,0.194422821886837
0,0.158454000018537,0,0.116275051608682,0,0,0,0,0,0,0,0,0,0,0,0.200155298138151,0.19334689900279,0.224519965963231,0.276222264867718,0,0,0.146833255887032,0,0.200371457948873,0,0.125913046300411,0,0,0,0,0,0,0,0,0,0,0,0.208724431693554,0,0,0,0.24989777430892,0,0,0,0,0,0,0,0,0,0,0,0,0,0.267990526285496,0,0,0,0,0,0.246141698719426,0,0,0,0,0.195145202382487,0,0.129531895475728,0,0,0,0,0,0,0,0,0,0,0,0.216045133769512,0,0.283262442206514,0.409247398376465,0.204216387284839,0,0
0,0,0,0,0,0,0.146414978163583,0,0,0,0,0,0.114404447376728,0,0,0,0,0,0,0,0.148647364419747,0,0,0,0,0,0,0,0,0,0.109851148092385,0,0,0,0,0,0.141441649092095,0,0.141880282563527,0,0,0,0,0,0,0,0,0,0,0,0,0,0,0,0,0,0.143174884636907,0,0.108845379617479,0,0,0,0,0.137728225896435,0,0,0,0,0,0,0,0,0,0.109179407750305,0,0,0,0,0,0,0,0.135840540213442,0.163844433702804,0,0.127927724143554,0,0
0,0,0,0,0,0,0,0,0,0,0,0,0,0.177733514540725,0,0,0,0,0,0.157612947481019,0,0,0,0,0,0,0,0,0,0.141590140854256,0,0,0,0,0,0.134050679974037,0,0.149584490154696,0,0,0,0,0,0,0,0,0,0,0,0,0,0,0,0,0,0,0,0.165476727285763,0,0,0,0,0.224855165205785,0,0,0,0,0,0,0,0,0,0.139874152373523,0,0,0,0,0,0,0,0.153221962352594,0,0.153309271387432,0.139747603032826,0.224103890359402,0,0
0,0,0,0,0,0,0.179928383479516,0,0,0,0.114404447376728,0,0,0,0.195323783159256,0,0,0,0,0,0,0,0,0,0,0,0,0,0,0,0,0,0,0,0,0,0,0,0,0,0,0,0,0,0,0,0,0,0,0,0,0,0.179493785581805,0,0,0,0,0,0.134739227089527,0,0.21712286595036,0,0,0,0,0,0,0,0,0,0,0,0,0,0,0,0,0,0,0,0,0,0.152033165097237,0,0,0,0
0,0,0,0,0,0,0,0,0,0,0,0.177733514540725,0,0,0,0.108146777583493,0,0,0,0,0,0,0,0,0,0,0,0.18459364771843,0,0,0,0,0,0,0,0,0,0,0,0,0,0,0,0,0,0,0,0,0,0,0,0,0,0,0,0,0,0,0,0.199169566289762,0,0.1790412068367,0,0,0,0,0,0,0,0,0.158535118613924,0,0,0,0,0,0,0,0,0,0,0,0.154902345823998,0.12748621404171,0,0,0
0.157236695289612,0,0,0,0,0,0,0,0.13904856186774,0,0,0,0.195323783159256,0,0,0,0.169210967430401,0.155517392924854,0.19180172085762,0,0,0,0,0,0.193298248574138,0,0,0,0,0,0,0,0,0,0,0,0,0,0,0,0,0,0,0,0.253640651702881,0,0,0,0.16708712875843,0,0.236307462508028,0,0,0,0.133821504811446,0,0.171961829066277,0,0.181376590892888,0,0.170259764478091,0,0,0,0,0,0,0.213144578039646,0,0,0,0,0,0,0,0,0,0,0,0,0,0,0.182068154215813,0,0,0,0
0,0.197185769677162,0,0,0,0,0,0,0,0.200155298138151,0,0,0,0.108146777583493,0,0,0,0.18887353271246,0.291498988866806,0,0,0,0,0.146933243355968,0,0.12698530488544,0,0,0,0,0,0,0,0,0,0,0,0,0,0,0,0,0,0,0,0,0,0,0,0,0,0,0,0,0,0.238807333509127,0,0,0,0,0,0.161592180407283,0,0,0,0,0.240212216973305,0,0.131441183388233,0,0,0,0,0,0,0,0,0,0,0,0,0,0.174288268272693,0.179389082516233,0,0,0
0,0,0,0,0,0,0,0,0.158039651811123,0.19334689900279,0,0,0,0,0.169210967430401,0,0,0.173031997529901,0.299460143494623,0,0,0.171390235424042,0,0.188194248080254,0.179162786699327,0.162500484536091,0.146326743679023,0,0,0,0,0,0,0,0,0.315801113843918,0,0,0,0.291022658348083,0.31610731780529,0.268028570514805,0.278488500138461,0.278505736961961,0.293714240193367,0.299068231880665,0.300963300011926,0,0.262772780443941,0,0,0,0,0,0,0,0,0,0,0,0.150035291910172,0,0.30453137755394,0,0,0,0,0,0,0.173669919371605,0,0,0,0.365092128515244,0,0,0,0,0.299093169375108,0.331528201848269,0.28785461684068,0.302384576627186,0.208286193980191,0.170971819491042,0.317895153660355,0.300232157111168,0.28704479079822
0,0,0,0,0,0,0,0,0.165008714422584,0.224519965963231,0,0,0,0,0.155517392924854,0.18887353271246,0.173031997529901,0,0.277355000032746,0,0,0.128334398978572,0,0.223648336157203,0,0.143919416573606,0.144689336419106,0.131811672206378,0,0,0,0,0,0,0,0.352618992328644,0.290399700403214,0.366916581988335,0,0.308231306927545,0.294272401928902,0.284019789099693,0.266453890838931,0.298123725689948,0.270035288163594,0.324517297957625,0.273504650703183,0,0.237447795271873,0,0,0,0,0,0,0.19015628285706,0,0,0,0,0,0.18066957043974,0.336132940493132,0,0,0,0.199909942407234,0,0.139656656384468,0,0,0,0.312164098024368,0,0,0,0,0,0.313653091900051,0.313966484800462,0.306561350822449,0.245667219161987,0.211228477545751,0.164405392628105,0.29923866007162,0.290986381471157,0.276029092846093
0.227353910153562,0,0,0,0,0,0,0,0.179024104561125,0.276222264867718,0,0,0,0,0.19180172085762,0.291498988866806,0.299460143494623,0.277355000032746,0,0.379862880164927,0,0.239144116640091,0,0.281851251804551,0.207133740186691,0.253558754920959,0.191258722117969,0,0,0,0,0,0,0,0,0.334256602959199,0.363368087581226,0.34069761633873,0,0.287401098060418,0.350301865246692,0.217319706155042,0.287344977476622,0.251844722283892,0.387320646742704,0.353115997375811,0.323510955832899,0.269450321793556,0.263549464879577,0.228970151394606,0,0,0,0,0,0.235608980059624,0,0.333174293239911,0,0,0,0,0.349100807420434,0.268390744924545,0,0,0.234248051047325,0,0,0,0,0,0.261122396698704,0.322112768888474,0,0,0,0,0.304295638539948,0.37323380004138,0.297396454015323,0.309113474880777,0.243993181028288,0.212566312402487,0.341129810322839,0.23382978075347,0.286135227427826
0,0,0,0,0,0,0,0,0,0,0,0.157612947481019,0,0,0,0,0,0,0.379862880164927,0,0,0,0,0,0,0,0,0,0,0.217105686664581,0,0,0,0,0,0.167767722679087,0,0.271148247766446,0,0,0,0.457783357663588,0,0.566248913606008,0,0.213383954763412,0,0,0,0,0,0,0,0,0,0,0,0.239164865769372,0,0,0,0,0.237454269973805,0,0,0,0,0,0,0,0,0,0.29027482015746,0,0,0,0,0,0.198275505046622,0,0.331043029743798,0,0.157849913835526,0,0.254404459767717,0.460601106286049,0
0,0,0,0,0,0,0,0,0,0,0.148647364419747,0,0,0,0,0,0,0,0,0,0,0,0,0,0,0,0,0,0,0,0,0,0,0,0,0,0.137503808210093,0,0.133441752708866,0,0,0,0,0,0,0,0,0,0,0,0,0,0,0,0,0,0.14154522990187,0,0,0,0,0,0,0.141590840973944,0,0,0,0,0,0,0,0,0,0,0,0,0,0,0,0.160887194176515,0,0.200536794618729,0.134989907904979,0,0.190042649706205,0,0
0,0,0,0,0,0,0,0,0,0.146833255887032,0,0,0,0,0,0,0.171390235424042,0.128334398978572,0.239144116640091,0,0,0,0.108155360896466,0.185484069554756,0,0.128668962419033,0,0.154977908050551,0,0,0,0,0,0,0,0,0,0.151912934513581,0.129569064204892,0,0,0,0,0,0,0,0,0,0,0.237551229991443,0,0,0,0,0,0,0,0,0,0,0,0,0,0,0.195292125097663,0.144392972851687,0.206515054110178,0,0.2723912826261,0,0.210939429048104,0,0,0,0,0,0,0,0,0,0.213060315542053,0,0.126756293868719,0.130448520165887,0,0,0
0,0,0,0,0,0,0,0,0.329573452472687,0,0,0,0,0,0,0,0,0,0,0,0,0.108155360896466,0,0,0.163497329406116,0,0.172188133746386,0,0,0,0,0,0,0,0,0,0,0,0.221090630732054,0,0,0,0,0,0,0,0,0,0.27706412468011,0,0,0,0,0,0,0,0,0,0,0,0,0,0,0,0.142201301372714,0.188394611200121,0,0.115194477140903,0,0.139267899096012,0,0.294760726116322,0,0.3157680362463,0,0,0,0,0,0,0,0.298959877420091,0.136537433783821,0.1413657472531,0,0,0
0,0,0,0,0,0,0,0,0,0.200371457948873,0,0,0,0,0,0.146933243355968,0.188194248080254,0.223648336157203,0.281851251804551,0,0,0.185484069554756,0,0,0,0.166233194087233,0,0,0,0,0,0,0,0,0,0,0,0.183570773792377,0,0,0,0.205796547234058,0.254148453474045,0,0,0,0,0,0,0,0,0,0,0,0,0.182240049347623,0,0,0,0,0,0.276228168979287,0,0,0.180903266013508,0,0.184503649606896,0,0.204032159949604,0,0.285222321748734,0,0,0,0,0,0.266071689980371,0,0,0,0.240149665047538,0,0.198235669890336,0,0.246779635548592,0,0
0,0,0.258992567658424,0,0,0,0,0,0.250706563117328,0,0,0,0,0,0.193298248574138,0,0.179162786699327,0,0.207133740186691,0,0,0,0.163497329406116,0,0,0,0.202238361295816,0,0,0,0,0,0,0,0,0,0,0,0.209838664102352,0,0,0,0.225963846422159,0,0,0,0,0.389318391680717,0.281141698360443,0,0,0,0,0,0.207716797740714,0,0,0,0,0,0.213372897356749,0,0,0,0,0.160970681275313,0,0.223586437838932,0,0.223112181760371,0,0,0,0,0,0,0,0,0,0,0,0.263400387344969,0.192966683839376,0,0.187932224571705,0,0.24457698315382
0,0,0,0,0,0,0,0,0,0.125913046300411,0,0,0,0,0,0.12698530488544,0.162500484536091,0.143919416573606,0.253558754920959,0,0,0.128668962419033,0,0.166233194087233,0,0,0,0,0,0,0,0,0,0,0,0,0,0,0,0,0,0,0,0,0,0,0,0,0,0,0,0,0,0,0,0,0,0,0,0,0,0,0,0,0.125703634073337,0,0.123027253363814,0,0.178981528470391,0,0,0,0,0,0,0,0,0,0,0,0,0,0.146097065045916,0,0,0,0
0,0,0,0,0,0,0,0,0.173849909669823,0,0,0,0,0,0,0,0.146326743679023,0.144689336419106,0.191258722117969,0,0,0,0.172188133746386,0,0.202238361295816,0,0,0,0,0,0,0,0,0,0,0,0,0,0.215729203294305,0,0,0,0,0,0,0,0,0,0,0,0,0,0,0,0.180288652001425,0,0,0,0,0,0,0,0,0,0,0.236861452460289,0,0.206162374466658,0,0.178660950623453,0,0,0,0,0,0,0,0,0,0,0,0.247182721128831,0.158905577845871,0,0.318626761436462,0,0
0,0,0,0,0,0,0,0,0,0,0,0,0,0.18459364771843,0,0,0,0.131811672206378,0,0,0,0.154977908050551,0,0,0,0,0,0,0,0.154282918528599,0,0,0,0,0,0,0,0.133749240241345,0,0,0,0,0,0,0,0,0,0,0,0,0,0,0,0,0,0,0,0,0,0,0,0,0,0,0.125382006168365,0,0,0,0,0,0.219303691749575,0,0,0,0,0,0,0,0,0,0,0,0.146024349353105,0.162198579548587,0,0,0
0,0,0,0,0,0,0,0,0,0,0,0,0,0,0,0,0,0,0,0,0,0,0,0,0,0,0,0,0,0,0.152252204716206,0,0,0,0,0,0,0,0.15570479631424,0,0,0,0,0,0,0,0,0,0,0,0,0,0,0,0,0,0,0,0,0,0,0,0,0,0,0,0,0,0,0.138122603297234,0,0.148490844855031,0,0.162464261054993,0,0,0,0,0,0,0,0,0,0,0,0,0
0,0,0,0,0,0,0,0,0,0,0,0.141590140854256,0,0,0,0,0,0,0,0.217105686664581,0,0,0,0,0,0,0,0.154282918528599,0,0,0,0,0,0,0,0,0,0.162698426611153,0,0,0,0,0,0,0,0,0,0,0,0,0,0,0,0,0,0,0,0.173369319488605,0,0,0,0,0,0,0,0,0,0,0,0,0.16207065149273,0,0.22186968626713,0,0,0,0,0,0,0,0.208510875701904,0,0.1689916600908,0.173699993023414,0,0,0
0,0,0,0,0,0,0,0,0,0,0.109851148092385,0,0,0,0,0,0,0,0,0,0,0,0,0,0,0,0,0,0.152252204716206,0,0,0,0,0,0,0,0,0,0.121804782847563,0,0,0,0,0,0,0,0,0,0,0,0,0,0,0,0,0,0.12698675878346,0,0,0,0,0,0,0,0,0,0,0,0,0,0,0.152935300882046,0,0.147195300971783,0,0,0,0,0,0,0,0.148765015889678,0.131161891855299,0,0,0,0
0,0,0,0,0,0,0,0,0,0,0,0,0,0,0,0,0,0,0,0,0,0,0,0,0,0,0,0,0,0,0,0,0.145880105143244,0.152740493771576,0,0.189061885095277,0.152552546726333,0,0,0.276532897431599,0,0,0,0,0,0,0,0.238213876073806,0,0.331057956037314,0,0,0,0,0,0,0,0,0,0,0,0,0,0,0,0,0,0,0,0,0,0,0,0,0.20645472073293,0,0.212314286622508,0,0.178042271165946,0,0,0,0,0,0,0,0
0,0,0,0,0,0,0,0,0,0,0,0,0,0,0,0,0,0,0,0,0,0,0,0,0,0,0,0,0,0,0,0.145880105143244,0,0,0.272326310569385,0,0.280254287852181,0,0,0,0,0,0,0,0,0,0,0.31769539464046,0,0,0,0,0,0,0,0,0,0,0,0,0,0,0,0,0,0,0,0,0,0,0,0,0,0,0.160637259483337,0.291501504940303,0,0.384458856657147,0,0.255593992522191,0,0,0.160484575011112,0,0,0,0
0,0,0,0,0,0,0,0,0,0,0,0,0,0,0,0,0,0,0,0,0,0,0,0,0,0,0,0,0,0,0,0.152740493771576,0,0,0.194649227708578,0.153017055708215,0,0.345986056603303,0,0,0,0,0,0,0,0,0,0.294362020059446,0,0.341569133780219,0,0,0,0,0,0,0,0,0,0,0,0,0,0,0,0,0,0,0,0,0,0,0,0,0.223000195622444,0,0.178908961992496,0.242722011274762,0.14920909120593,0,0.244491541031051,0,0.165029507130384,0.644980927308401,0.447460174560547,0,0
0,0,0,0,0,0,0,0,0,0,0,0,0,0,0,0,0,0,0,0,0,0,0,0,0,0,0,0,0,0,0,0,0.272326310569385,0.194649227708578,0,0,0.228441317243494,0.152662977576256,0.271490969565901,0,0.240057319402695,0,0.28605562945207,0,0,0,0.274660483002663,0.557177187502384,0.26595925495905,0.440087341599994,0,0,0,0,0,0,0,0,0,0,0,0,0,0,0,0,0,0,0,0,0,0,0,0,0,0.30503786598799,0.139059603214264,0.312690217598527,0,0.274570020968499,0.173330998846463,0.273604461744141,0.202272035999765,0.306420731193879,0.30653004348278,0,0
0,0,0,0.128235142678022,0,0,0,0,0,0,0,0.134050679974037,0,0,0,0,0.315801113843918,0.352618992328644,0.334256602959199,0.167767722679087,0,0,0,0,0,0,0,0,0,0,0,0.189061885095277,0,0.153017055708215,0,0,0.161755473670347,0.209198089183215,0,0.290373543898265,0,0.333722203126493,0,0.427352226442761,0,0.29074524425798,0,0.269579950323764,0,0.21250643953681,0,0,0,0,0,0,0,0.127731625139713,0,0,0,0,0.218475868203546,0,0,0,0,0,0,0,0,0,0.262813210487366,0,0.209550803771826,0,0.163857167320592,0,0.241991442050024,0,0.240307860730032,0,0.168870381562928,0.170980655700917,0.335702748111125,0.340490710276824,0
0,0,0,0,0,0,0,0,0,0,0.141441649092095,0,0,0,0,0,0,0.290399700403214,0.363368087581226,0,0.137503808210093,0,0,0,0,0,0,0,0,0,0,0.152552546726333,0.280254287852181,0,0.228441317243494,0.161755473670347,0,0,0.180243352817935,0,0.283683314919472,0.202808231115341,0.315853689920227,0,0.352214708924294,0,0.237886223942041,0.372659551893873,0.397539532019032,0.253381763049897,0,0,0,0,0,0,0.136783733963966,0,0,0,0,0,0,0.140352886555524,0,0,0,0,0,0,0,0,0,0,0.160244856561933,0.284909461545456,0,0.305591816664673,0.16230934433639,0.237532749518635,0,0.235771415687007,0.289923526873165,0.529436031002208,0.255192519937243,0,0.382179547101259
0,0,0,0,0,0,0,0,0,0.208724431693554,0,0.149584490154696,0,0,0,0,0,0.366916581988335,0.34069761633873,0.271148247766446,0,0.151912934513581,0,0.183570773792377,0,0,0,0.133749240241345,0,0.162698426611153,0,0,0,0.345986056603303,0.152662977576256,0.209198089183215,0,0,0.160082319974899,0,0,0.252815838592748,0,0.417041569948196,0,0.323514193296432,0,0.681679488654017,0,0.297364103918274,0,0,0,0,0,0.222606342037519,0,0.139015754928662,0,0,0,0,0.317228911183551,0,0.183765196592361,0,0.19449512434793,0,0.119777197949588,0,0.148089432346954,0,0.154146632788894,0,0,0,0.272042226418853,0,0.251734470261291,0,0.212115703114607,0,0.197007841918392,0.17039938217207,0.33315996673924,0.382305181026459,0
0.217276329174638,0,0.259449243545532,0,0,0,0,0,0.242605756454427,0,0.141880282563527,0,0,0,0,0,0,0,0,0,0.133441752708866,0.129569064204892,0.221090630732054,0,0.209838664102352,0,0.215729203294305,0,0.15570479631424,0,0.121804782847563,0,0,0,0.271490969565901,0,0.180243352817935,0.160082319974899,0,0,0,0,0.259706342326743,0,0,0,0,0.53704847642421,0.293927676784687,0.390214670645563,0,0,0,0,0.225284152246755,0,0.147847729879137,0,0,0,0,0,0,0.183103091116081,0.13732626910011,0.209592264119992,0,0.201494942473308,0,0.231065407395363,0,0.265812653161231,0,0.140229962363436,0,0,0,0.284187303862628,0,0.267164736515306,0.437857359647751,0.262483243769685,0.215913529606463,0.278956137090453,0.321718874857539,0,0.277804766595364
0,0,0,0.246237590909004,0,0,0,0,0,0,0,0,0,0,0,0,0.291022658348083,0.308231306927545,0.287401098060418,0,0,0,0,0,0,0,0,0,0,0,0,0.276532897431599,0,0,0,0.290373543898265,0,0,0,0,0.272553995251656,0.259643657255849,0.234832221553439,0.281975238323212,0,0.24281442598218,0.249917447566986,0.486273607913158,0,0.361536460326611,0,0,0,0,0,0,0,0.264362652193416,0,0,0,0,0.229715214102669,0,0,0,0,0,0,0,0,0,0.244950099807719,0,0.254485142230988,0,0,0,0.381253590588612,0.266701593995094,0.263380132830782,0,0.236083584881964,0,0.198820965273104,0.248537829518318,0.260107547044754
0.302416414022446,0,0.263351400693258,0,0.21580770611763,0,0,0,0,0,0,0,0,0,0,0,0.31610731780529,0.294272401928902,0.350301865246692,0,0,0,0,0,0,0,0,0,0,0,0,0,0,0,0.240057319402695,0,0.283683314919472,0,0,0.272553995251656,0,0.285360544919968,0.318464674070546,0.260095477104187,0.358941526432348,0.295741003006697,0.225202087215507,0.287306139186809,0.257119543095759,0,0,0,0,0,0,0,0.252887710928917,0,0,0,0,0,0,0.290512950878829,0,0,0,0,0,0,0,0,0,0.269955079795586,0,0,0,0,0.332259138425191,0.257842991068739,0,0.268493686381935,0.302899589877566,0,0.298923543939682,0,0.334807266481221
0,0.315357744693756,0.256762355566025,0.274478004801841,0,0.238546147942543,0,0,0,0.24989777430892,0,0,0,0,0,0,0.268028570514805,0.284019789099693,0.217319706155042,0.457783357663588,0,0,0,0.205796547234058,0,0,0,0,0,0,0,0,0,0,0,0.333722203126493,0.202808231115341,0.252815838592748,0,0.259643657255849,0.285360544919968,0,0.247776378563823,0.265042257649223,0.270239596565564,0.306520722113698,0.287162488698959,0.336717642004916,0.254828680645336,0.305110306975941,0,0,0,0,0,0,0,0.331546030666043,0,0,0,0,0.328525803723643,0,0,0,0.189604111588918,0,0,0,0.326936083065497,0,0.313137712132503,0,0,0,0,0.279858157038689,0.294896257976696,0.266071627085859,0.302502112803015,0.240880116820335,0.336920711461749,0,0.306404120247604,0.234522743232367,0.223476379116376
0.338472604751587,0,0.270137109551109,0,0.239257659763098,0,0,0,0.189647688232746,0,0,0,0,0,0,0,0.278488500138461,0.266453890838931,0.287344977476622,0,0,0,0,0.254148453474045,0.225963846422159,0,0,0,0,0,0,0,0,0,0.28605562945207,0,0.315853689920227,0,0.259706342326743,0.234832221553439,0.318464674070546,0.247776378563823,0,0.207091143597727,0.277123136343751,0.257132419045009,0.29717904431552,0.280050756127795,0.311780157470312,0,0,0,0,0,0,0,0.254811555147171,0,0,0,0,0,0.279135059565306,0.314277838516448,0,0,0,0,0,0,0,0,0.202962636947632,0.40756524711567,0,0,0,0.278587142626445,0.291903262337049,0.316932972065883,0.254652010543006,0.314719718728362,0.245354603038665,0.294931048154831,0.322534582456073,0.238755383425289,0.351361042968119
0,0,0,0,0,0,0,0,0,0,0,0,0,0,0,0,0.278505736961961,0.298123725689948,0.251844722283892,0.566248913606008,0,0,0,0,0,0,0,0,0,0,0,0,0,0,0,0.427352226442761,0,0.417041569948196,0,0.281975238323212,0.260095477104187,0.265042257649223,0.207091143597727,0,0,0.391966653561517,0.236417233943939,0,0,0.280243970453739,0,0,0,0,0,0,0,0,0,0,0,0,0.36696788056256,0,0,0,0,0,0,0,0,0,0.389314383268356,0.276149451732635,0,0,0,0,0.401415065689161,0.310359582304955,0.437871034567555,0,0.199300997612769,0,0.422997371562951,0.242973849177361,0
0,0,0,0,0,0,0,0,0,0,0,0,0,0,0.253640651702881,0,0.293714240193367,0.270035288163594,0.387320646742704,0,0,0,0,0,0,0,0,0,0,0,0,0,0,0,0,0,0.352214708924294,0,0,0,0.358941526432348,0.270239596565564,0.277123136343751,0,0,0,0.345602126632418,0.282608150559313,0.299372665145818,0,0,0,0,0,0,0,0,0,0,0,0,0,0,0,0,0,0,0,0,0,0,0,0,0,0,0,0,0.287533439695835,0,0.418253820166629,0,0.308961736659209,0.282888257469254,0,0.369075492068443,0.297407627105713,0.359685885054725
0,0.236869752407074,0,0.197365598197569,0,0.167562335729599,0,0,0,0,0,0,0,0,0,0,0.299068231880665,0.324517297957625,0.353115997375811,0.213383954763412,0,0,0,0,0,0,0,0,0,0,0,0,0,0,0,0.29074524425798,0,0.323514193296432,0,0.24281442598218,0.295741003006697,0.306520722113698,0.257132419045009,0.391966653561517,0,0,0.283777520060539,0.314222514629364,0,0.256926215694923,0,0,0,0,0,0,0,0.266045608502977,0,0,0,0,0.252061380154175,0,0,0,0,0,0,0,0,0,0.286593181746347,0,0,0,0,0,0.265343366376204,0.298746407032013,0.289984526914477,0,0.262304957247963,0,0.266339312774689,0.26721720273296,0.278278572691811
0.263046145439148,0,0.226618006321543,0,0.196225913241506,0,0,0,0.169616378843784,0,0,0,0,0,0,0,0.300963300011926,0.273504650703183,0.323510955832899,0,0,0,0,0,0,0,0,0,0,0,0,0,0,0,0.274660483002663,0,0.237886223942041,0,0,0.249917447566986,0.225202087215507,0.287162488698959,0.29717904431552,0.236417233943939,0.345602126632418,0.283777520060539,0,0.278095004414873,0.27101240099057,0.234671413898468,0.278137266635895,0,0,0,0,0,0.296193076504601,0,0,0,0,0,0,0.256722670160387,0,0,0,0,0,0,0,0,0,0.274891660464437,0,0,0,0.279611406581742,0.310093075037003,0.226361548363799,0,0.236070472517567,0.278299625382224,0,0.269195004945881,0.241716101765633,0.323457550617956
0.305293155613766,0,0.297375996475634,0,0.280617445707321,0,0,0,0.274542416578957,0,0,0,0,0,0,0,0,0,0.269450321793556,0,0,0,0,0,0.389318391680717,0,0,0,0,0,0,0.238213876073806,0.31769539464046,0.294362020059446,0.557177187502384,0.269579950323764,0.372659551893873,0.681679488654017,0.53704847642421,0.486273607913158,0.287306139186809,0.336717642004916,0.280050756127795,0,0.282608150559313,0.314222514629364,0.278095004414873,0,0.328533810828257,0.451893873122649,0,0,0,0,0.315443933010101,0,0,0,0,0,0,0,0,0,0,0,0,0.38922977234636,0,0,0,0,0.315471611917019,0,0.28375043292102,0.383773869083774,0.297821790953867,0.437382623221585,0.363453232414818,0.3997595010923,0.535455793822293,0.428603167856472,0.326310832439864,0.291985998551051,0.363129257174967,0,0.33114407248795
0.167637577922229,0,0.169422161401502,0,0.258469253778458,0,0,0,0.165537343360484,0,0,0,0,0,0.16708712875843,0,0.262772780443941,0.237447795271873,0.263549464879577,0,0,0,0.27706412468011,0,0.281141698360443,0,0,0,0,0,0,0,0,0,0.26595925495905,0,0.397539532019032,0,0.293927676784687,0,0.257119543095759,0.254828680645336,0.311780157470312,0,0.299372665145818,0,0.27101240099057,0.328533810828257,0,0.303680780343711,0,0,0,0,0.21021288074553,0,0.239590856666658,0,0.217284772904391,0,0.208888522499091,0,0,0.340241521596909,0,0.274578194876296,0,0.187848419827573,0,0.337866412741797,0,0.335406611048349,0,0.346700466672579,0,0,0,0.256668784397684,0,0.287659720085853,0,0.263099392315233,0.27295171107269,0.3224738240242,0.281904618901824,0,0.307156895287335
0.325547635555267,0.167158864091995,0,0.137604056696471,0,0,0,0,0.32098451256752,0,0,0,0,0,0,0,0,0,0.228970151394606,0,0,0.237551229991443,0,0,0,0,0,0,0,0,0,0.331057956037314,0,0.341569133780219,0.440087341599994,0.21250643953681,0.253381763049897,0.297364103918274,0.390214670645563,0.361536460326611,0,0.305110306975941,0,0.280243970453739,0,0.256926215694923,0.234671413898468,0.451893873122649,0.303680780343711,0,0,0,0,0,0,0,0,0.227383377030492,0,0.204737323522568,0,0.134696871042252,0.318680119925532,0,0.293095123480157,0,0.212082709230128,0,0,0,0.343369364738464,0,0.308347283138169,0,0,0,0.310282602333106,0.460844449698925,0.393331574753172,0,0.347471486768302,0.437708631157875,0.346396876948661,0,0.303680569772989,0,0
0,0,0.249338291585445,0,0.211489728510831,0,0,0,0.214392530369131,0,0,0,0,0,0.236307462508028,0,0,0,0,0,0,0,0,0,0,0,0,0,0,0,0,0,0,0,0,0,0,0,0,0,0,0,0,0,0,0,0.278137266635895,0,0,0,0,0,0.130134850740433,0,0.193327203392982,0,0,0,0,0,0,0,0,0,0,0,0,0,0,0,0,0,0,0,0,0,0,0,0,0,0,0,0.202199260393778,0,0.233942455053329,0,0
0,0,0,0.204958252608776,0,0.189692867808362,0,0,0,0,0,0,0,0,0,0,0,0,0,0,0,0,0,0,0,0,0,0,0,0,0,0,0,0,0,0,0,0,0,0,0,0,0,0,0,0,0,0,0,0,0,0,0,0,0,0,0,0.195990958809853,0,0,0,0.190296720713377,0,0,0,0,0,0,0,0,0,0,0,0,0,0,0,0,0,0,0,0,0.193717077374458,0,0.150759074091911,0,0
0,0,0,0,0.152520554761092,0,0.166302237038811,0,0,0,0,0,0.179493785581805,0,0,0,0,0,0,0,0,0,0,0,0,0,0,0,0,0,0,0,0,0,0,0,0,0,0,0,0,0,0,0,0,0,0,0,0,0,0.130134850740433,0,0,0,0,0,0,0,0.175906656930844,0,0,0,0,0,0,0,0,0,0,0,0,0,0,0,0,0,0,0,0,0,0,0,0.147066920995712,0,0,0,0
0,0,0,0,0,0,0,0.174515873193741,0,0,0,0,0,0,0,0,0,0,0,0,0,0,0,0,0,0,0,0,0,0,0,0,0,0,0,0,0,0,0,0,0,0,0,0,0,0,0,0,0,0,0,0,0,0,0,0,0,0,0,0,0,0,0,0,0,0,0,0,0,0,0,0,0,0,0,0,0,0,0,0,0,0,0.203397870063782,0,0,0,0
0.177481388541188,0,0.126643590629101,0,0.181885793805122,0,0,0,0.236860160411104,0,0,0,0,0,0.133821504811446,0,0,0,0,0,0,0,0,0,0.207716797740714,0,0.180288652001425,0,0,0,0,0,0,0,0,0,0,0,0.225284152246755,0,0,0,0,0,0,0,0,0.315443933010101,0.21021288074553,0,0.193327203392982,0,0,0,0,0,0.229510009288788,0,0.210137244727876,0,0.186745562451951,0,0,0,0,0,0,0.251773620680558,0,0.1896932721138,0,0,0,0,0,0,0,0,0,0,0,0.252358058918865,0.238852032102071,0,0.18702240784963,0,0
0,0.171806495893197,0,0.11922286182642,0,0.159613132476807,0,0,0,0.267990526285496,0,0,0,0,0,0.238807333509127,0,0.19015628285706,0.235608980059624,0,0,0,0,0.182240049347623,0,0,0,0,0,0,0,0,0,0,0,0,0,0.222606342037519,0,0,0,0,0,0,0,0,0,0,0,0,0,0,0,0,0,0,0,0,0,0,0,0.288360314931403,0,0,0,0,0.241403826264044,0,0.128603001790387,0,0,0,0,0,0,0,0.227657362818718,0,0,0,0.23689523991643,0,0.200976976752281,0,0.148091395696004,0,0
0,0,0.264944668031401,0,0,0,0,0,0,0,0.143174884636907,0,0,0,0.171961829066277,0,0,0,0,0,0.14154522990187,0,0,0,0,0,0,0,0,0,0.12698675878346,0,0,0,0,0,0.136783733963966,0,0.147847729879137,0,0.252887710928917,0,0.254811555147171,0,0,0,0.296193076504601,0,0.239590856666658,0,0,0,0,0,0.229510009288788,0,0,0,0.189353870263525,0,0.197202441947801,0,0,0.195583987981081,0,0,0,0,0,0,0,0.292326818503518,0,0.24971548026974,0,0,0,0,0,0,0,0.195609215058778,0.153741134249646,0,0.267495427645328,0,0
0,0.199743477073876,0,0.20639535288016,0,0,0,0,0,0,0,0.165476727285763,0,0,0,0,0,0,0.333174293239911,0.239164865769372,0,0,0,0,0,0,0,0,0,0.173369319488605,0,0,0,0,0,0.127731625139713,0,0.139015754928662,0,0.264362652193416,0,0.331546030666043,0,0,0,0.266045608502977,0,0,0,0.227383377030492,0,0.195990958809853,0,0,0,0,0,0,0,0.255186763803164,0,0,0.292874094919177,0,0,0,0,0,0,0,0.356883407040387,0,0.372908718935957,0,0,0,0,0,0.293091700332505,0,0.307447329976342,0,0.166736444665326,0.101770614939077,0.327535687869419,0.360925713808913,0
0.196510048849242,0,0,0,0,0,0,0,0.160957172513008,0,0.108845379617479,0,0.134739227089527,0,0.181376590892888,0,0,0,0,0,0,0,0,0,0,0,0,0,0,0,0,0,0,0,0,0,0,0,0,0,0,0,0,0,0,0,0,0,0.217284772904391,0,0,0,0.175906656930844,0,0.210137244727876,0,0.189353870263525,0,0,0,0.201689265221357,0,0,0,0,0,0,0,0,0,0,0,0,0,0,0,0,0,0,0,0,0,0.253308194187971,0,0,0,0
0,0,0,0.205361152854231,0,0,0,0,0,0,0,0,0,0.199169566289762,0,0,0,0,0,0,0,0,0,0,0,0,0,0,0,0,0,0,0,0,0,0,0,0,0,0,0,0,0,0,0,0,0,0,0,0.204737323522568,0,0,0,0,0,0,0,0.255186763803164,0,0,0,0.184984131501271,0,0,0,0,0,0,0,0,0.376581593594524,0,0.337270021438599,0,0,0,0,0,0,0,0,0,0.161668966213862,0,0.201876953244209,0,0
0.189350982609483,0,0,0,0,0,0,0,0.142903956983771,0,0,0,0.21712286595036,0,0.170259764478091,0,0.150035291910172,0,0,0,0,0,0,0,0.213372897356749,0,0,0,0,0,0,0,0,0,0,0,0,0,0,0,0,0,0,0,0,0,0,0,0.208888522499091,0,0,0,0,0,0.186745562451951,0,0.197202441947801,0,0.201689265221357,0,0,0,0,0,0,0,0,0,0,0,0,0,0,0,0,0,0,0,0,0,0,0,0,0,0,0,0
0,0.19311890155077,0,0.187929421100976,0,0,0,0,0,0.246141698719426,0,0,0,0.1790412068367,0,0.161592180407283,0,0.18066957043974,0,0,0,0,0,0.276228168979287,0,0,0,0,0,0,0,0,0,0,0,0,0,0,0,0,0,0,0,0,0,0,0,0,0,0.134696871042252,0,0.190296720713377,0,0,0,0.288360314931403,0,0,0,0.184984131501271,0,0,0,0,0,0,0.282384961843491,0,0,0,0,0,0,0,0,0,0,0,0.195466741919518,0,0,0,0.155516159534454,0,0.202795207500458,0,0
0,0,0,0.22968440875411,0,0,0,0,0,0,0,0.224855165205785,0,0,0,0,0.30453137755394,0.336132940493132,0.349100807420434,0.237454269973805,0,0,0,0,0,0,0,0,0,0,0,0,0,0,0,0.218475868203546,0,0.317228911183551,0,0.229715214102669,0,0.328525803723643,0.279135059565306,0.36696788056256,0,0.252061380154175,0,0,0,0.318680119925532,0,0,0,0,0,0,0,0.292874094919177,0,0,0,0,0,0,0,0,0,0,0,0,0.312897852725453,0,0.337769079466573,0,0,0,0,0,0.259447489431805,0.331434607505798,0.349555158407859,0,0.262510503729184,0,0.300568231556865,0.384378319978714,0.305060466130575
0,0,0.276077578465144,0,0.170729622244835,0,0,0,0,0,0.137728225896435,0,0,0,0,0,0,0,0.268390744924545,0,0.141590840973944,0,0,0,0,0,0,0,0,0,0,0,0,0,0,0,0.140352886555524,0,0.183103091116081,0,0.290512950878829,0,0.314277838516448,0,0,0,0.256722670160387,0,0.340241521596909,0,0,0,0,0,0,0,0.195583987981081,0,0,0,0,0,0,0,0,0,0,0,0,0,0,0.279203295707703,0,0.266808835055147,0,0,0,0,0,0.257746535022397,0,0.255391966180293,0.137915145034014,0,0.274211263740962,0,0.336399227380753
0,0,0,0,0,0,0,0,0,0,0,0,0,0,0,0,0,0,0,0,0,0.195292125097663,0.142201301372714,0.180903266013508,0,0.125703634073337,0,0.125382006168365,0,0,0,0,0,0,0,0,0,0.183765196592361,0.13732626910011,0,0,0,0,0,0,0,0,0,0,0.293095123480157,0,0,0,0,0,0,0,0,0,0,0,0,0,0,0,0.164814108683739,0.189151177477967,0,0.300365121888865,0,0.309488598602851,0,0,0,0,0,0,0,0,0,0.351540972027178,0,0.137786447294654,0.13314192951541,0.374523639678955,0,0
0,0,0,0,0,0,0,0,0,0,0,0,0,0,0,0,0,0,0,0,0,0.144392972851687,0.188394611200121,0,0.160970681275313,0,0.236861452460289,0,0,0,0,0,0,0,0,0,0,0,0.209592264119992,0,0,0,0,0,0,0,0,0,0.274578194876296,0,0,0,0,0,0,0,0,0,0,0,0,0,0,0,0.164814108683739,0,0,0.284302691179441,0,0.327485249569155,0,0.290542526616027,0,0.309849113225937,0,0,0,0,0,0,0,0.308142606065283,0.142695201155456,0.14874772674271,0,0,0
0,0.137543873395771,0,0,0,0,0,0,0,0.195145202382487,0,0,0,0,0,0.240212216973305,0,0.199909942407234,0.234248051047325,0,0,0.206515054110178,0,0.184503649606896,0,0.123027253363814,0,0,0,0,0,0,0,0,0,0,0,0.19449512434793,0,0,0,0.189604111588918,0,0,0,0,0,0,0,0.212082709230128,0,0,0,0,0,0.241403826264044,0,0,0,0,0,0.282384961843491,0,0,0.189151177477967,0,0,0,0.175299136194049,0,0.21854260198924,0,0,0,0,0,0,0,0,0,0.289923478804064,0,0.169914512700398,0,0.229474949740594,0,0
0,0,0,0,0,0,0,0,0.207825268237364,0,0,0,0,0,0.213144578039646,0,0,0,0,0,0,0,0.115194477140903,0,0.223586437838932,0,0.206162374466658,0,0,0,0,0,0,0,0,0,0,0,0.201494942473308,0,0,0,0,0,0,0,0,0.38922977234636,0.187848419827573,0,0,0,0,0,0.251773620680558,0,0,0,0,0,0,0,0,0,0,0.284302691179441,0,0,0,0.248237598584502,0,0,0,0,0,0,0,0,0,0,0,0.246288884849581,0.16942212522723,0.45112144947052,0.171248918952364,0,0.173186674714088
0,0.105056241154671,0,0,0,0,0,0,0,0.129531895475728,0,0,0,0,0,0.131441183388233,0,0.139656656384468,0,0,0,0.2723912826261,0,0.204032159949604,0,0.178981528470391,0,0,0,0,0,0,0,0,0,0,0,0.119777197949588,0,0,0,0,0,0,0,0,0,0,0,0,0,0,0,0,0,0.128603001790387,0,0,0,0,0,0,0,0,0.300365121888865,0,0.175299136194049,0,0,0,0.32205139116237,0,0,0,0,0,0,0,0,0,0,0,0,0,0,0,0
0,0,0,0,0,0,0,0,0.190377315878868,0,0,0,0,0,0,0,0.173669919371605,0,0,0,0,0,0.139267899096012,0,0.223112181760371,0,0.178660950623453,0,0.138122603297234,0,0,0,0,0,0,0,0,0,0.231065407395363,0,0,0,0,0,0,0,0,0,0.337866412741797,0,0,0,0,0,0.1896932721138,0,0,0,0,0,0,0,0,0,0,0.327485249569155,0,0.248237598584502,0,0,0,0.225756959989667,0,0,0,0,0,0,0,0,0,0.254556089639664,0.151330215235551,0,0,0,0
0,0.25889540463686,0,0,0,0,0,0,0,0,0,0,0,0.158535118613924,0,0,0,0,0,0,0,0.210939429048104,0,0.285222321748734,0,0,0,0.219303691749575,0,0.16207065149273,0,0,0,0,0,0,0,0.148089432346954,0,0,0,0.326936083065497,0,0,0,0,0,0,0,0.343369364738464,0,0,0,0,0,0,0,0.356883407040387,0,0.376581593594524,0,0,0.312897852725453,0,0.309488598602851,0,0.21854260198924,0,0.32205139116237,0,0,0,0.301080029405339,0,0,0,0,0,0,0,0.225530373021251,0,0.165710874340113,0.150373948471887,0.339857754924081,0.337248242076706,0
0,0,0,0,0,0,0,0,0,0,0,0,0,0,0,0,0,0,0,0,0,0,0.294760726116322,0,0,0,0,0,0.148490844855031,0,0.152935300882046,0,0,0,0,0,0,0,0.265812653161231,0,0,0,0,0,0,0,0,0,0.335406611048349,0,0,0,0,0,0,0,0.292326818503518,0,0,0,0,0,0,0.279203295707703,0,0.290542526616027,0,0,0,0.225756959989667,0,0,0,0.304977577389815,0,0,0,0,0,0,0,0.296230527639389,0,0,0.321455388516188,0,0
0,0.334208451211452,0,0,0,0,0,0,0,0,0,0.139874152373523,0,0,0,0,0,0.312164098024368,0.261122396698704,0.29027482015746,0,0,0,0,0,0,0,0,0,0.22186968626713,0,0,0,0,0,0.262813210487366,0,0.154146632788894,0,0.244950099807719,0,0.313137712132503,0.202962636947632,0.389314383268356,0,0.286593181746347,0,0.315471611917019,0,0.308347283138169,0,0,0,0,0,0,0,0.372908718935957,0,0.337270021438599,0,0,0.337769079466573,0,0,0,0,0,0,0,0.301080029405339,0,0,0,0,0,0,0,0.252158850431442,0,0.244740226527919,0,0.203484982556226,0.178841980440276,0.320142835201252,0.34699491323257,0.301530808210373
0,0,0.26244293153286,0,0,0,0,0,0,0,0.109179407750305,0,0,0,0,0,0.365092128515244,0,0.322112768888474,0,0,0,0.3157680362463,0,0,0,0,0,0.162464261054993,0,0.147195300971783,0,0,0,0,0,0,0,0.140229962363436,0,0.269955079795586,0,0.40756524711567,0.276149451732635,0,0,0.274891660464437,0,0.346700466672579,0,0,0,0,0,0,0,0.24971548026974,0,0,0,0,0,0,0.266808835055147,0,0.309849113225937,0,0,0,0,0,0.304977577389815,0,0,0,0,0,0,0,0.267880442207807,0,0.310144169349396,0.141281477042607,0,0.294909208334558,0,0.382886239460536
0,0,0,0,0,0,0,0,0,0,0,0,0,0,0,0,0,0,0,0,0,0,0,0,0,0,0,0,0,0,0,0.20645472073293,0.160637259483337,0.223000195622444,0,0.209550803771826,0.160244856561933,0,0,0.254485142230988,0,0,0,0,0,0,0,0.28375043292102,0,0,0,0,0,0,0,0,0,0,0,0,0,0,0,0,0,0,0,0,0,0,0,0,0,0,0,0,0.251580883020409,0,0.337649777225436,0,0,0,0.141536380369942,0,0,0,0
0,0,0,0,0,0,0,0,0,0,0,0,0,0,0,0,0,0,0,0,0,0,0,0,0,0,0,0,0,0,0,0,0.291501504940303,0,0.30503786598799,0,0.284909461545456,0,0,0,0,0,0,0,0,0,0,0.383773869083774,0,0,0,0,0,0,0,0,0,0,0,0,0,0,0,0,0,0,0,0,0,0,0,0,0,0,0,0,0,0.412432650436548,0,0.264738566428423,0,0,0.156465423858072,0,0,0,0
0,0,0,0,0,0,0,0,0,0,0,0,0,0,0,0,0,0,0,0,0,0,0,0.266071689980371,0,0,0,0,0,0,0,0.212314286622508,0,0.178908961992496,0.139059603214264,0.163857167320592,0,0.272042226418853,0,0,0,0,0,0,0,0,0,0.297821790953867,0,0.310282602333106,0,0,0,0,0,0.227657362818718,0,0,0,0,0,0,0,0,0,0,0,0,0,0,0,0,0,0,0.251580883020409,0,0,0,0.240801727513544,0,0.280122840722625,0,0.138642277164632,0,0,0,0
0,0,0.24508810788393,0,0,0,0,0,0,0,0,0,0,0,0,0,0,0,0,0,0,0,0,0,0,0,0,0,0,0,0,0,0.384458856657147,0.242722011274762,0.312690217598527,0,0.305591816664673,0,0.284187303862628,0,0,0.279858157038689,0.278587142626445,0,0.287533439695835,0,0.279611406581742,0.437382623221585,0.256668784397684,0.460844449698925,0,0,0,0,0,0,0,0,0,0,0,0,0,0,0,0,0,0,0,0,0,0,0,0,0,0.412432650436548,0,0,0,0.285272479878636,0.171600267291069,0.307952348168136,0.316835864909269,0.582501232624054,0.326284776793586,0,0.303418338298798
0,0,0,0.213663850362899,0,0.213986650109291,0,0,0,0,0,0,0,0,0,0,0.299093169375108,0.313653091900051,0.304295638539948,0.198275505046622,0,0,0,0,0,0,0,0,0,0,0,0.178042271165946,0,0.14920909120593,0,0.241991442050024,0.16230934433639,0.251734470261291,0,0.381253590588612,0.332259138425191,0.294896257976696,0.291903262337049,0.401415065689161,0,0.265343366376204,0.310093075037003,0.363453232414818,0,0.393331574753172,0,0,0,0,0,0,0,0.293091700332505,0,0,0,0.195466741919518,0.259447489431805,0,0,0,0,0,0,0,0,0,0.252158850431442,0,0.337649777225436,0,0.240801727513544,0,0,0.340047746896744,0.28971219842465,0,0.207153371434449,0.164558851293155,0.316809962419686,0.302874404022552,0.28445001244545
0.315378529330095,0,0,0,0,0,0,0,0,0,0,0,0,0,0,0,0.331528201848269,0.313966484800462,0.37323380004138,0,0.160887194176515,0,0,0,0,0,0,0,0,0,0,0,0.255593992522191,0,0.274570020968499,0,0.237532749518635,0,0.267164736515306,0.266701593995094,0.257842991068739,0.266071627085859,0.316932972065883,0.310359582304955,0.418253820166629,0.298746407032013,0.226361548363799,0.3997595010923,0.287659720085853,0,0,0,0,0,0,0,0,0,0,0,0,0,0.331434607505798,0.257746535022397,0,0,0,0,0,0,0,0,0,0.267880442207807,0,0.264738566428423,0,0.285272479878636,0.340047746896744,0,0,0.265896885691439,0.249993195362163,0,0.310010063877184,0,0.408970974882444
0,0,0,0.269536461681128,0,0,0,0,0,0.216045133769512,0,0.153221962352594,0,0,0,0,0.28785461684068,0.306561350822449,0.297396454015323,0.331043029743798,0,0.213060315542053,0,0.240149665047538,0,0,0,0,0,0.208510875701904,0,0,0,0.244491541031051,0.173330998846463,0.240307860730032,0,0.212115703114607,0.437857359647751,0.263380132830782,0,0.302502112803015,0.254652010543006,0.437871034567555,0,0.289984526914477,0,0.535455793822293,0,0.347471486768302,0,0,0,0,0,0.23689523991643,0,0.307447329976342,0,0,0,0,0.349555158407859,0,0.351540972027178,0,0.289923478804064,0,0,0,0.225530373021251,0,0.244740226527919,0,0,0,0.280122840722625,0.171600267291069,0.28971219842465,0,0,0,0.16413773568692,0.135446271047606,0.328986542884129,0.31782961039199,0.203477367758751
0,0,0.251724742352962,0,0,0,0,0,0.245636053401702,0,0.135840540213442,0,0,0,0,0,0.302384576627186,0.245667219161987,0.309113474880777,0,0.200536794618729,0,0.298959877420091,0,0.263400387344969,0,0.247182721128831,0,0,0,0.148765015889678,0,0,0,0.273604461744141,0,0.235771415687007,0,0.262483243769685,0,0.268493686381935,0.240880116820335,0.314719718728362,0,0.308961736659209,0,0.236070472517567,0.428603167856472,0.263099392315233,0.437708631157875,0,0,0,0,0.252358058918865,0,0.195609215058778,0,0,0,0,0,0,0.255391966180293,0,0.308142606065283,0,0.246288884849581,0,0.254556089639664,0,0.296230527639389,0,0.310144169349396,0,0,0,0.307952348168136,0,0.265896885691439,0,0,0.25806731756934,0.437353370587031,0.319455518334469,0,0.336455849761313
