0,0,0.0450608229689662,0,0,0,0,0,0.0446889844221959,0,0,0,0,0,0,0,0,0,0.000229588093391431,0,0,0,0,0,0,0,0,0,0,0,0,0,0,0,0,0,0,0,5.17856299256419e-06,0,0,0,0.00264854822101704,0,0,0,0.000116349480377267,3.03559548538862e-05,0.0514168435731468,0,0,0,0,0,0.0324455425548697,0,0.0026976436905321,0,5.64963486414643e-05,0,0.015145764470118,0,0,0,0,0,0,0.00468808308676109,0,0.00678255759180912,0,0,0,4.67345416378198e-05,0,0,0,0,0,0,0,6.28126317186155e-05,0.00203251218348047,0,0.0121895822233612,0,0.000357636113781768
0,0,0,0.0328211158906016,0,0,0,0,0,0.0374772192347245,0,0,0,4.31282457814056e-05,0,0,0,0,5.72143767005095e-05,0,0,0,0,0,0,0,0,0,0,0,0,0,0,0,0,0,0,3.56304342869707e-06,0,0,0,0.0020857288271581,0,0,0,5.69536310873254e-05,0,0,0,0.00707082806910472,0,0.00202967626390921,0,0,0,0.103418802844385,0,0.000417831264487193,0,0,0,0.0121323635309227,0,0,0,0,0.00753776990708,0,0,0,0,0,0,0,0,0,0,0,7.1594266290635e-06,0,0,0,0.00209431069297414,5.7357589051587e-05,0.0253058998061536,0.00100831958862063,0
0.0450608229689662,0,0,0,0.0821581582822415,0,0,0,0.0252931576504033,0,0,0,0,0,0,0,0,0,5.64714392552452e-05,0,0,0,0,0,0,0,0,0,0,0,0,0,0,0,0,0,2.45416935589632e-05,0,0,0,0,0,6.32859148343048e-05,0,0,0,0.00121530832194567,0,0.00541877506863868,0,0.0158511332469365,0,0,0,0.0521335982801294,0,0.000626035437611208,0,0.00321664769619054,0,0.00369128469679175,0,0,0,0,0,0,0,0,0,0,0,0,0,0,0,0,0,0,0,0,0,0.00091337417406091,0,0.0309800420737367,0,0
0,0.0328211158906016,0,0,0,0.0376362175988309,0,0,0,0.0252605147137011,0,6.33065745419409e-05,0,0,0,0,0,0,0.00278054135402839,0.000645767509689077,0,0,0,0,0,0,0,0,0,0,0,0,0,0,0,4.9702661600413e-05,0,0,0,0.00388949206038464,0,0.00420245632561159,0.000776985232423116,0,0,0.0290233315802824,0.000857725759432691,0,0,0.00149212145861854,0,0.0195248302961563,0,0,0,0.0207066445816761,0,0.000961493837562547,0,0.00262942063718496,0,0.00783965383670331,0.00248064581604062,0,0,0,0,0,0,0,1.24974826627524e-05,0,0.000219380703639829,0,0,0,0,0,0.000121812314351439,0,0.000133825564961989,0,0.000642210419415996,2.22327884642152e-06,0.0428061451309361,0,0
0,0,0.0821581582822415,0,0,0,0.00768350824495291,0,0.0122266977372238,0,0,0,0,0,0.000668970911647193,0,0,0,0,0,0,0,0,0,0,0,0,0,0,0,0,0,0,0,0,0,0.00125010772548591,0,0,0,0,0,0,0,0,0,0,0,0,0,0.164254592031859,0,0.00593165870729265,0,0.0311664045584387,0,9.77983944957478e-05,0,0.00123952101034421,0,0.00015019646757361,0,0,0,0,0,0,0,0,0,0,0,0,0,0,0,0,0,0,0,0,0,0.0011593304773119,0,0.0193402979618525,0,0
0,0,0,0.0376362175988309,0,0,0,0,0,0.00672964954969229,0,0.00166541842023445,0,0,0,0,0,0,0,0,0,0,0,0,0,0,0,0,0,0,0,0,0,0,0,0.000162081650162621,0,0,0,0.00033933175845844,0,0.000921196367083367,0,0,0,0.00492629178729258,1.58976254646236e-05,0,0,0.000232189121759056,0,0.111715015996595,0,0,0,0.0215807452493109,0,0.00437113340003302,0,0.0105126339090864,0,0.0128909483660602,0.000598670806652615,0,0,0,0,0,0,0,0,0,0,0,0,0,0,0,5.26380649532584e-06,0,2.40142524965037e-05,0,0.000661906125046232,1.38660878006736e-05,0.00376810656763185,0,0
0,0,0,0,0.00768350824495291,0,0,0,0,0,0,0,0,0,0,0,0,0,0,0,0,0,0,0,0,0,0,0,0,0,0,0,0,0,0,0,0,0,0,0,0,0,0,0,0,0,0,0,0,0,0.0382554303572874,0,0.251214648346513,0,0,0,0.0318190578025593,0,0.0112212909907457,0,0,0,0,0,0,0,0,0,0,0,0,0,0,0,0,0,0,0,0,0,0,0,4.63993293529723e-05,0,0,0,0
0,0,0,0,0,0,0,0,0,0,0,0.0224564949501141,0,0.00224026657539043,0,0,0,0,0,0.0146962717859842,0,0,0,0,0,0,0,0,0,0,0,0,0,0,0,0,0,0,0,0,0,0,0,0,0,0,0,0,0,0,0,0.0503804733786126,0,0.119832272457852,0,0,0,0.0309915943791926,0,0.0203937976523412,0,0,0.00172408387896817,0,0,0,0,0,0,0,0,0,0,0,0,0,0,0,0,0,3.75466050663565e-06,0,0.00260863338678416,1.07558668459098e-05,0,0,0
0.0446889844221959,0,0.0252931576504033,0,0.0122266977372238,0,0,0,0,0,0,0,0,0,0.000379398639779538,0,9.32980413865621e-05,0,0.000156903904715374,0,0,0,0,0,0,0,0,0,0,0,0,0,0,0,0,0,2.74002574863473e-05,0,0.000147552859006856,0,0,0,0.00899197107414543,0,0,0,0,4.49851265438078e-05,0.000149063905287596,0,0.000264987476300398,0,0,0,0.146198753519,0,0,0,0,0,0,0,0,0,0,0,0,0.00575572693355322,0,0,0,0,0,0,0,0,0,5.33546505976368e-05,0,0,0,0.000116666475023964,0.00375221419332685,0.000242101288655268,0.00363163966941887,0,0.00132314071898647
0,0.0374772192347245,0,0.0252605147137011,0,0.00672964954969229,0,0,0,0,0,0,0,0,0,0.0361849286725154,0,0,0.00257282749575135,0,0,0,0,0.00698401245401081,0,0,0,0,0,0,0,0,0,0,0,4.07360054669386e-06,0,0.000100111108544309,0,0,0,0.00609732665618205,0,0,0,0.00109368177513726,0,0,0,0.000213538740107266,0,0.0252514118953986,0,0,0,0.18004568087174,0,3.07523775189764e-05,0,0,0,0.0333150944435995,0.000127932678401892,0,0,0,0.029145600674961,0,0,0,0,0,0,0,0,0,0,0,4.81467371069717e-06,0,0,0,0.0048637649097679,0.000362471095054669,0.00525399946115033,0.00680421635495633,0
0,0,0,0,0,0,0,0,0,0,0,0,0.0337358893920874,0,0,0,0,0,0,0,0.0750467146272489,0,0,0,0,0,0,0,0.00912771962125815,0,0.00817575575899772,0,0,0,0,0,0.00104702515278486,0,0.0116468886639787,0,0,0,0,0,0,0,0,0,0,0,0,0,0,0,0,0,0.136984582954584,0,0.0110574892636588,0,0,0,0,0.0141242043492124,0,0,0,0,0,0,0,0.000127547306208882,0,0.0163354662015455,0,0,0,0,0,0.000105899289330435,0,0.00383506227113195,0.00274775109180517,7.66972140760084e-06,0.000412499994514764,0,0
0,0,0,6.33065745419409e-05,0,0.00166541842023445,0,0.0224564949501141,0,0,0,0,0,0.0574457562428874,0,0,0,0,4.74652840350524e-05,0.0814600129586636,0,0,0,0,0,0,0,0.00383081347015788,0,0.0149950250490743,0,0,0,0,0,0.000212097263048145,0,0.00605305476195816,0,0,0,0.000104987220634113,0,0,0,0,0,0,0,8.19756600362741e-05,0,0.00133414764774033,0,0.00927929052126643,0,0,0,0.150325925925774,0,0.0103018784621534,0,0,0.0320387379239509,0,0,0,0,0,0,0,0.00711496820780555,0,0.0088433053757147,0,0,0,0,0,2.44705831225437e-06,0,0.00589758363554771,0,0.00226095044192931,0.000109781075387939,0.00098021113495478,0,0
0,0,0,0,0,0,0,0,0,0,0.0337358893920874,0,0,0,0.0319753871126495,0,0,0,0,0,0,0,0,0,0,0,0.0134120553864664,0,0.00501957106695771,0,0.00015204683480298,0,0,0,0,0,0,0,0,0,0,0,0,0,0,0,0,0,0.000112834101298427,0,0,0,0,0,0.000329557508883582,0,0.0261293963998975,0,0.177828521628244,0,0.0451347919675202,0,0,0,0,0,0,0,0,0.0142835987361228,0,0.000748725100037736,0,0.000447898985734916,0,0,0,0,0,0,0,0,0.000484326565795536,0.000126280639859069,0,0,0
0,4.31282457814056e-05,0,0,0,0,0,0.00224026657539043,0,0,0,0.0574457562428874,0,0,0,0.0458351306776897,0,0,0,0,0,0,0,0,0,0.00680622616083911,0,0.00858580702441241,0,0,0,0,0,0,0,0,0,0,0,0,0,0,0,0,0,0,0,0,0,1.81106370228806e-05,0,0,0,0.000142390756122105,0,0,0,0.0534149614744069,0,0.159565381864644,0,0.0581233091569004,0,0,0,0,0,0,0.000959079162037427,0,0.0348952549457589,0,0,0,0,0,0,0,0,0,0,0,0.000585761038463554,7.76321649802129e-05,0,0,0
0,0,0,0,0.000668970911647193,0,0,0,0.000379398639779538,0,0,0,0.0319753871126495,0,0,0,0.00382113728783182,0,0,0,0,0,0,0,0,0,0.0252451045925327,0,0.000438184809476243,0,0,0,0,0,0,0,0,0,0,0,0,0,0,0,0,0,0,0,2.59142037637306e-05,0,0,0,0,0,0.00571089145536733,0,0,0,0.0293862078976442,0,0.0335055257534115,0,0,0,0,0,0,0,0,0.0359113473780947,0,0.00288660764729926,0,0,0,0,0,0,0,0,0,0,0.000428850724842619,0,0,0,0
0,0,0,0,0,0,0,0,0,0.0361849286725154,0,0,0,0.0458351306776897,0,0,0,0.00059705928966263,0,0,0,0,0,0,0,0.0187162904697345,0,0.0127821058340923,0,0,0,0,0,0,0,0,0,0,0,0,0,0,0,0,0,0,0,0,0,0.000395305858689374,0,0,0,0,0,0.00586543644856028,0,0,0,0.0197269531282597,0,0.128632058374217,0,0,0,0,0,0,0.000956662088688716,0,0.015195469605684,0,0,0,0,0,0,0,0,0,0,0,0.0013330096346819,0.00130377795790283,0,0,0
0,0,0,0,0,0,0,0,9.32980413865621e-05,0,0,0,0,0,0.00382113728783182,0,0,0.0615889734738409,0.0441309493624224,0,0,0,0.000114847298383746,0,0.000434391597384656,0,0.013188664105608,0,0,0,0,0,0,0,0,0,0,0,0,0,0,0,0,0,0,0,0,0,0,0,0,0,0,0,8.62025679526455e-05,0,0,0,0,0,0.0139733509816614,0,0,0,0,4.02633446177888e-06,0,1.8307573082873e-05,0,0.00558641358632082,0,0.00136388604980675,0,0,0,0,0,0,0,0,0,0,0.0132532117773626,0.000364850256966055,0,0,0
0,0,0,0,0,0,0,0,0,0,0,0,0,0,0,0.00059705928966263,0.0615889734738409,0,0.0349735359794171,0,0,0.000116175683546412,0,5.30933420602973e-05,0,0.00381729499995221,0,0.00083211058491629,0,0,0,0,0,0,0,0,0,0,0,0,0,0,0,0,0,0,0,0,0,0,0,0,0,0,0,0,0,0,0,0,3.68301481585738e-05,3.72185651319489e-05,0,0,0,0,0,0,0.00819845184947705,0,0.000428503584976619,0,0,0,0,0,0,0,0,0,0,0,0.0137096386943441,0.000319680399304149,0,0,0
0.000229588093391431,5.72143767005095e-05,5.64714392552452e-05,0.00278054135402839,0,0,0,0,0.000156903904715374,0.00257282749575135,0,4.74652840350524e-05,0,0,0,0,0.0441309493624224,0.0349735359794171,0,6.05482491254682e-05,0,0,0,0.00617338633543354,0.000154945580649561,0,8.09884823242506e-05,0,0,0,0,0,0,0,0,0,0,0,0,0.0289229479017583,0.000782671035680148,0.0878767633842825,0.0988680462761001,0.00243026120012824,0.0460103607547704,0.0387731024105921,0.0325227417531497,7.00427367398192e-05,0.000280395428661992,0.000921935237109927,0,0,0,0,5.35381938291181e-05,0.000192772821335354,0,0.000286538608291328,0,0,0,0,0.00185198198236946,2.12336226341242e-05,0,0,0.00375304313075172,0.000324912719405309,0,5.18853862894102e-05,0.000270222209486001,0,0.000302396963416057,0,0,0,0,0,0.00458836418080058,0,0.00175354647200958,0,0.0167352568018617,0.000231096706093766,0.0825001240932532,0.0141667145091066,0.00142149669147571
0,0,0,0.000645767509689077,0,0,0,0.0146962717859842,0,0,0,0.0814600129586636,0,0,0,0,0,0,6.05482491254682e-05,0,0,0,0,0,0,0,0,0,0,0,0,0,0,0,0,0.0229247698432967,0,0.00913195184909373,0,2.92289766859702e-05,0,0.000364574568438937,0,0,0,0.00097775408559667,0,0,0,0,0,0,0,0,0,0,0,0.041790327754286,0,0,0,0,0.0503534528148702,0,0,0,0,0,0,0,0.000250138038025797,0,0.00641038468946777,0,0,0,0,0,0.0118866744275365,0,0.0131766993562458,0,0.00111029691260134,7.78207137008217e-06,0.00417746410658647,0,0
0,0,0,0,0,0,0,0,0,0,0.0750467146272489,0,0,0,0,0,0,0,0,0,0,0,0,0,0,0,0,0,0,0,0,0,0,0,0,0,0.0413228947209324,0,0.0174766344335897,0,0,0,0,0,0,0,0,0,0,0,0,0,0,0,0,0,0.0362521224656849,0,0,0,0,0,0,0.0574853522998268,0,0,0,0,0,0,0,0,0,0.00371229135728559,0,0,0,0,0,0.0249691993373072,0,0.00863147889029159,0.000614222272421081,0,0.00248851300216371,0,0
0,0,0,0,0,0,0,0,0,0,0,0,0,0,0,0,0,0.000116175683546412,0,0,0,0,0.035463273052654,0.00295166521240409,0,0.00340658798743269,0,0.00364551105900468,0,0,0,0,0,8.83973989544082e-05,0.000157134275253284,0,0,0.038008792599955,0.0015167122006774,0,0,0,0,0,0,0,0,0,1.68005334982387e-05,0.00228229235485517,0,0,0,0,0,0,0,0,0,0,0,0,0,0,0.270290147839689,0.0181520557240363,0.00094831554773795,0,0.0129831335542857,0,0.00138524671426439,0,0,0,0,0,0.00073991814451998,0,0,0,0.0349932338856327,0.00184284108352707,0.0101923417928674,0.00344278919780273,0,0,0
0,0,0,0,0,0,0,0,0,0,0,0,0,0,0,0,0.000114847298383746,0,0,0,0,0.035463273052654,0,0,0.014125391374537,0,0.00885156248684891,0,0.00611030897324276,0,0,0,0,0,0,0,0,2.04356412721821e-05,0.02027584250369,0,0,0,0,0,0,0,0,0,0.00243629462222178,0,0,0,0,0,0,0,0,0,0,0,0,0,0,0,0.00467512754555433,0.129655606463215,0,0.00333369251085594,0,0.00229355698492953,0,0.0055233811253929,0,0,0,0,1.471811355219e-05,6.5019251060511e-05,0,0,8.45288058169616e-05,0.0123282993158552,0.00795941380852547,0.000284107561419787,0,0,0
0,0,0,0,0,0,0,0,0,0.00698401245401081,0,0,0,0,0,0,0,5.30933420602973e-05,0.00617338633543354,0,0,0.00295166521240409,0,0,0,0.0141566125489623,0,0,0,0,0,0,0,0,0,0,0,0.010375786855665,0,0,0,0.000388420090390661,0,0,0,0,0,0,0,4.75091371299925e-05,0,0,0,0,0,0.00176541245555788,0,0,0,0,0,0,0,0,0.000190962679493231,0,0.141732016344448,0,0.00123360303600389,0,0,0,0,0,0,0,0,0,0,0,0.0028789627158082,0,0.00131002742436679,0,2.51020774916224e-05,0.000198707466206212,0
0,0,0,0,0,0,0,0,0,0,0,0,0,0,0,0,0.000434391597384656,0,0.000154945580649561,0,0,0,0.014125391374537,0,0,0,0.000337205658944913,0,0,0,0,0,0,0,0,0,0,0,0.0100334316558839,0,0,0,0,0,0,0,0,0,0.00666879186132029,0,0,0,0,0,0.0053843672473113,0,0,0,0,0,0,0,0,0,0,0.00380564242277887,0,0.113103555635257,0,0.00269179966910984,0,2.78213855122865e-05,0,0,0,0,0,0,0,0,0,0.000189346988801299,0.00124302775772992,3.63504326401712e-05,0,0,0
0,0,0,0,0,0,0,0,0,0,0,0,0,0.00680622616083911,0,0.0187162904697345,0,0.00381729499995221,0,0,0,0.00340658798743269,0,0.0141566125489623,0,0,0,0.0208640760629813,0,0,0,0,0,0,0,0,0,0,0,0,0,0,0,0,0,0,0,0,0,0,0,0,0,0,0,0,0,0,0,0.00122559420961801,0,0.019785810528512,0,0,0.00769959193712475,0,0.0635978806818585,0,0.114442279837248,0,0.0063636339189632,0,0,0,0,0,0,0,0,0,0,0,0.000435215979685916,5.68083831509555e-06,0,0,0
0,0,0,0,0,0,0,0,0,0,0,0,0.0134120553864664,0,0.0252451045925327,0,0.013188664105608,0,8.09884823242506e-05,0,0,0,0.00885156248684891,0,0.000337205658944913,0,0,0,0.000240930074114435,0,0,0,0,0,0,0,0,0,0,0,0,0,0,0,0,0,0,0,0,0,0,0,0,0,0,0,0,0,0.00240934982650634,0,0.0109491748366717,0,0,0,0,0.0156682292356853,0,0.0163912099689945,0,0.0515603676721574,0,0.00336930512555896,0,0,0,0,0,0,0,0,0,0,0.0007804654583498,0,0,0,0
0,0,0,0,0,0,0,0,0,0,0,0.00383081347015788,0,0.00858580702441241,0,0.0127821058340923,0,0.00083211058491629,0,0,0,0.00364551105900468,0,0,0,0.0208640760629813,0,0,0,0.0174823165815363,0,0,0,0,0,0,0,0.000259922652585021,0,0,0,0,0,0,0,0,0,0,0,0,0,0,0,0,0,0,0,0.00576303840084914,0,0.000607084425636404,0,0.00725079684982473,0,0,0.0112442979728805,0,0,0,0.0277777270794169,0,0.130345018240128,0,0.0149120601467117,0,0,0,0,0,0,0,6.15000330522696e-05,0,0.00235403737925691,0.00197605324564689,0,0,0
0,0,0,0,0,0,0,0,0,0,0.00912771962125815,0,0.00501957106695771,0,0.000438184809476243,0,0,0,0,0,0,0,0.00611030897324276,0,0,0,0.000240930074114435,0,0,0,0.0174434942690597,0,0,0,0,0,0,0,0.00147391576872854,0,0,0,0,0,0,0,0,0,0,0,0,0,0,0,0,0,0.00702875368025936,0,0.0132449295929723,0,3.04181240874954e-05,0,0,0,0,0.00401032143681993,0,0,0,0.00353480408172563,0,0.237506911354708,0,0.034143534206253,0,0,0,0,0,0,0,0.00131448417248956,0.0013197900951006,0.000609850741445096,0,0,0
0,0,0,0,0,0,0,0,0,0,0,0.0149950250490743,0,0,0,0,0,0,0,0,0,0,0,0,0,0,0,0.0174823165815363,0,0,0,0,0,0,0,0,0,0.0122281047687996,0,0,0,0,0,0,0,0,0,0,0,0,0,0,0,0,0,0,0,0.0146152187260738,0,0.000309002978514545,0,0,0.000276830777896097,0,0,0,0,0,0,0,0.0178950181011876,0,0.0241784605552247,0,0,0,0,0,0,0,0.00205033524702678,0,0.00049116669755818,0.000175577251037576,0.000220355577540563,0,0
0,0,0,0,0,0,0,0,0,0,0.00817575575899772,0,0.00015204683480298,0,0,0,0,0,0,0,0,0,0,0,0,0,0,0,0.0174434942690597,0,0,0,0,0,0,0,0,0,0.0177396257224265,0,0,0,0,0,0,0,0,0,0,0,0,0,0,0,0,0,0.0260949846347699,0,0,0,0,0,0,0,0,0,0,0,0,0,0,0.000789820716600468,0,0.0761455713834533,0,0,0,0,0,0,0,0.00690826205273779,5.23203364831816e-05,0,0,0,0
0,0,0,0,0,0,0,0,0,0,0,0,0,0,0,0,0,0,0,0,0,0,0,0,0,0,0,0,0,0,0,0,0.0582407609356466,8.82365429572653e-05,0.00047506866041943,0.00475423796570959,0.00210092437134193,0,0,0,0,0,0,0,0,0,0,0.0194124061038692,0,0,0,0,0,0,0,0,0,0,0,0,0,0,0,0,0,0,0,0,0,0,0,0,0,0,0.193571996379798,0.023613180053818,0.00226288219886578,0.000411750582484633,0.00814311950619802,0.000655611889722137,0,0,0.000366122162211733,0,0,0,0
0,0,0,0,0,0,0,0,0,0,0,0,0,0,0,0,0,0,0,0,0,0,0,0,0,0,0,0,0,0,0,0.0582407609356466,0,0,0.00214511094550387,0.000709127220728481,0.0059334467387316,0,0,0,0,0,0,0,0,0,0,0.0179157184541048,0.000296940828764919,0,0,0,0,0,0,0,0,0,0,0,0,0,0,0,0,0,0,0,0,0,0,0,0,0,0.0660164885926065,0.12371974669704,0.00112602668540208,0.024833974111308,0.00179355715789806,0.0020841981278131,0,0,0.00107285687692414,0,0.000125093836464114,0,0
0,0,0,0,0,0,0,0,0,0,0,0,0,0,0,0,0,0,0,0,0,8.83973989544082e-05,0,0,0,0,0,0,0,0,0,8.82365429572653e-05,0,0,0.116984734574806,0.0117188231744785,0,0.0108881215320621,0.00126943033360326,0,0,0,0,0,0,0,0,0.017340741652896,0,0.000811597846654828,0,0,0,0,0,0,0,0,0,0,0,0,0,0,0,0,0,0,0,0,0,0,0,0,0.00357650352311917,0.00126542552034991,0.180901489691445,0.0768387459424754,0.00652853142034764,0,0.0134530720407087,0.00154614289822407,0.00265344227709196,8.33386575995092e-05,0,0,0
0,0,0,0,0,0,0,0,0,0,0,0,0,0,0,0,0,0,0,0,0,0.000157134275253284,0,0,0,0,0,0,0,0,0,0.00047506866041943,0.00214511094550387,0.116984734574806,0,2.46435226366862e-05,0.00731247342139379,0.00233212203151632,0.00942961272650368,0,0,0,0.000180283610859467,0,0,0.000261176933432359,0,0.00674525613398068,0.0020619537453335,0.000828272370265489,0,0,0,0,0,0,0,0,0,0,0,0,0,0,0,0,0,0,0,0,0,0,0,0,0.00133348400799423,0.0043490813063307,0.108836573467201,0.136481930024296,0.0039736239748449,0.00622494077444804,0.00250535785660789,0.0211786726101169,0.00242555417812007,0.000168660919267969,0.00451018566975731,0,0
0,0,0,4.9702661600413e-05,0,0.000162081650162621,0,0,0,4.07360054669386e-06,0,0.000212097263048145,0,0,0,0,0,0,0,0.0229247698432967,0,0,0,0,0,0,0,0,0,0,0,0.00475423796570959,0.000709127220728481,0.0117188231744785,2.46435226366862e-05,0,0.0138470754449042,0.0147036842249065,0,0.000151720712416243,0,2.99384594373809e-06,8.84472318777793e-06,0,0,0.000428652424066791,5.44148803503676e-05,0.00187308897915845,9.53023194050733e-05,0.000453019452821797,0,0,0,0,0,0,0,4.55037043016402e-05,0,0,0,0,0.0132444040864114,0,0,0,0,0,0,0,0,0,2.59281932770439e-06,0,0.00932838186090098,8.3191007694238e-05,0.00090407054496648,9.22216297258511e-06,0.199513014403806,0.00226451518551807,0.00893222845351574,0,0.0354272010684376,0.00169107296919367,0.00512457282552274,0,0
0,0,2.45416935589632e-05,0,0.00125010772548591,0,0,0,2.74002574863473e-05,0,0.00104702515278486,0,0,0,0,0,0,0,0,0,0.0413228947209324,0,0,0,0,0,0,0,0,0,0,0.00210092437134193,0.0059334467387316,0,0.00731247342139379,0.0138470754449042,0,2.24039777670577e-05,0.0212430182661936,0.000110314456065874,0.00104132356413891,0,2.69046416551649e-05,0,0,1.40622061151312e-05,0.00405678526373068,0.00244553354112583,7.06781629485088e-05,5.32140201491097e-06,0,0,0,0,1.17147691855171e-05,0,0,0,0,0,0,0,1.9907381023787e-06,0.0130510278317175,0,0,0,0,0,0,0,0,0,0,0.00196979950250317,0.00279775653323055,0,0.00110751235642959,0.00306758907969199,0.136804103468662,7.73671904515127e-06,0.00586186445706554,0.0221322617578713,0.00231861219407428,0.00377868909554786,0,0
0,3.56304342869707e-06,0,0,0,0,0,0,0,0.000100111108544309,0,0.00605305476195816,0,0,0,0,0,0,0,0.00913195184909373,0,0.038008792599955,2.04356412721821e-05,0.010375786855665,0,0,0,0.000259922652585021,0,0.0122281047687996,0,0,0,0.0108881215320621,0.00233212203151632,0.0147036842249065,2.24039777670577e-05,0,0.00278542035436681,1.22779764499744e-05,0,0.000835106174617286,0,0,0,0.000160334907301299,0,0.00323194148943465,5.633739256869e-05,0,0,0,0,0,0,7.39558498045798e-05,0,0.00140950802803901,0,0,0,0,0.000165037629870635,0,0.00394786688943262,0,0.00465763875035314,0,0,0,0.000739764368189511,0,0.000999473081412977,0,5.80128891872461e-06,0,0.00889366155628946,0.00162134786126502,0.00376032668789065,0,0.113393082960096,0.00391568662053227,0.012201581796356,0.00185443755582088,0.00131856287410983,3.61799923576868e-05,0
5.17856299256419e-06,0,0,0,0,0,0,0,0.000147552859006856,0,0.0116468886639787,0,0,0,0,0,0,0,0,0,0.0174766344335897,0.0015167122006774,0.02027584250369,0,0.0100334316558839,0,0,0,0.00147391576872854,0,0.0177396257224265,0,0,0.00126943033360326,0.00942961272650368,0,0.0212430182661936,0.00278542035436681,0,0,0,0,0.000403352619079075,0,0,0,0,0.00995071309876252,0.00186633302393353,0,0,0,0,0,0.000142979721526843,0,0.00196075789022199,0,0,0,0,0,0,0.0063298702754217,0.000168878726643326,0.0029290907549503,0,0.00302279944443546,0,0,0,0.000330216771375189,0,0.00426829018386332,0,0,0.00107725191730786,0.00990888614200306,0,0.00442810510933925,0.00199011089197224,0.102792261996807,0.00813976415238127,0.00147246507114216,0.00172227581607936,0,1.28817736795043e-05
0,0,0,0.00388949206038464,0,0.00033933175845844,0,0,0,0,0,0,0,0,0,0,0,0,0.0289229479017583,2.92289766859702e-05,0,0,0,0,0,0,0,0,0,0,0,0,0,0,0,0.000151720712416243,0.000110314456065874,1.22779764499744e-05,0,0,0.000601332562496947,0.0674782614653154,0.00142108392931424,0.00122482007046533,0,0.0500610134250825,0.00140982681544079,0.00689922261000099,0.000416938395991263,0.0381811737614792,0,0,0,0,0,8.87838853087582e-05,0,0.000642770111236772,0,1.91805600930782e-05,0,0,0.00319753259078483,0,0,0,0,0,0,0,0.000145444845083146,0,0.000154510242777214,0,0,0,0,0,0.010045046921723,1.00448771877654e-05,0.000260745121770515,0,0.00111529779979385,7.87677872788003e-05,0.0417491847434896,0.0095715908306228,0
0,0,0,0,0,0,0,0,0,0,0,0,0,0,0,0,0,0,0.000782671035680148,0,0,0,0,0,0,0,0,0,0,0,0,0,0,0,0,0,0.00104132356413891,0,0,0.000601332562496947,0,0,0.0541200983241883,0,0.000235304680372274,0.000241061487946552,0.0603086297852763,0.00149185619842765,0.0505379805592753,0.000112659418447669,0,0,0,0,0,0,0,2.3354338476533e-05,0,0,0,0,0,0.0202006423845799,0,0,0,0,0,0,0,0,0,0,0,0,0,0,0,0.0074914763772493,0,0.00334655118754427,0.000151628165918273,0,0.0964503198892297,0,0.00325986485392947
0,0.0020857288271581,0,0.00420245632561159,0,0.000921196367083367,0,0,0,0.00609732665618205,0,0.000104987220634113,0,0,0,0,0,0,0.0878767633842825,0.000364574568438937,0,0,0,0.000388420090390661,0,0,0,0,0,0,0,0,0,0,0,2.99384594373809e-06,0,0.000835106174617286,0,0.0674782614653154,0,0,0.00943269471502478,0.000593009061722787,0,0.018343720284389,0.000195398457635223,0.000148341680450559,1.24728855291759e-05,0.034560172304969,0,0,0,0,0,0.0048713822442094,0,0.0035012440248045,0,0,0,0,0.0022561655802028,0,0,0,0,0,0,0,0.0032244650177523,0,0.00558491297481434,0,0,0,0,0,0.0115026607627345,0,0.0186295842844353,0,0.00603901534292966,0.00010929076067447,0.110609303630176,0.0408997492001761,0
0.00264854822101704,0,6.32859148343048e-05,0.000776985232423116,0,0,0,0,0.00899197107414543,0,0,0,0,0,0,0,0,0,0.0988680462761001,0,0,0,0,0,0,0,0,0,0,0,0,0,0,0,0.000180283610859467,8.84472318777793e-06,2.69046416551649e-05,0,0.000403352619079075,0.00142108392931424,0.0541200983241883,0.00943269471502478,0,0,0.0537094453782132,0.00163618596409552,0.0365780551690145,0.00211061424658143,0.0197212140333236,0.000374085139944553,0,0,0,0,0,0,0.000655440752254613,0.000175773192395592,0,0,0,0,2.91578730508791e-05,0.000733237712977675,0,0,0,8.38504566487634e-05,0,0,0,0,0,0.0154319618676035,0,0,0,2.54925394727349e-05,6.65316369475698e-05,0.00160341201135476,1.17727319331569e-05,0.00031940182095382,0.00704773162586583,7.60747943045294e-06,0.166534000648544,3.57706278470208e-05,0.0975780947957905
0,0,0,0,0,0,0,0,0,0,0,0,0,0,0,0,0,0,0.00243026120012824,0,0,0,0,0,0,0,0,0,0,0,0,0,0,0,0,0,0,0,0,0.00122482007046533,0,0.000593009061722787,0,0,0,0.000948105524513615,0,0,0,0,0,0,0,0,0,0,0,9.04693482700219e-05,0,0,0,0,0.00111199877895123,0,0,0,0,0,0,0,7.68196652917406e-05,0,0.000547134998511402,0,0,0,0,0,0.000156259352247406,0,0.000206114416366661,0,1.97528175897218e-05,0,0.00469606421321345,0.00607269610026312,0
0,0,0,0,0,0,0,0,0,0,0,0,0,0,0,0,0,0,0.0460103607547704,0,0,0,0,0,0,0,0,0,0,0,0,0,0,0,0,0,0,0,0,0,0.000235304680372274,0,0.0537094453782132,0,0,0,0.021753311335272,0,0,0,0,0,0,0,0,0,0,0,0,0,0,0,0,0,0,0,0,0,0,0,0,0,0,0,0,0,0,0,0,0,0,0,0.000164292299343431,1.16159764737881e-05,0.0187806438437071,0,0
0,5.69536310873254e-05,0,0.0290233315802824,0,0.00492629178729258,0,0,0,0.00109368177513726,0,0,0,0,0,0,0,0,0.0387731024105921,0.00097775408559667,0,0,0,0,0,0,0,0,0,0,0,0,0,0,0.000261176933432359,0.000428652424066791,1.40622061151312e-05,0.000160334907301299,0,0.0500610134250825,0.000241061487946552,0.018343720284389,0.00163618596409552,0.000948105524513615,0,0,0.00257683306913169,0.000777047364512909,1.53393140617849e-05,0.0150678024887011,0,4.87785340697381e-05,0,0,0,0.000238998854687122,0,0.00391642881592327,0,0,0,0,0.042003382315023,0,0,0,0,0,0,0,0.000821193172947727,0,0.000972998746248395,0,0,0,0,0,0.0177196528771168,9.75467185435668e-06,0.0045101830013317,0,0.000808308985803325,8.58230669730487e-05,0.0682943948872077,0.000446140003608952,0
0.000116349480377267,0,0.00121530832194567,0.000857725759432691,0,1.58976254646236e-05,0,0,0,0,0,0,0,0,0,0,0,0,0.0325227417531497,0,0,0,0,0,0,0,0,0,0,0,0,0,0,0,0,5.44148803503676e-05,0.00405678526373068,0,0,0.00140982681544079,0.0603086297852763,0.000195398457635223,0.0365780551690145,0,0.021753311335272,0.00257683306913169,0,0.000671849687067487,0.00304355777631056,0.000414972321780678,0,0,0,0,0,0,0.000353082077096409,9.73683791146954e-05,0,0,0,0,0.000346810724835228,0.0827783495383945,0,0,0,0,0,0,0,0,0,4.37367248123024e-05,0,0,0,0,1.50068679614002e-05,0.0186106052845542,0,0,0.000994009645277978,1.05204367329404e-06,0.097542125540452,0,0
3.03559548538862e-05,0,0,0,0,0,0,0,4.49851265438078e-05,0,0,0,0,0,0,0,0,0,7.00427367398192e-05,0,0,0,0,0,0,0,0,0,0,0,0,0.0194124061038692,0.0179157184541048,0.017340741652896,0.00674525613398068,0.00187308897915845,0.00244553354112583,0.00323194148943465,0.00995071309876252,0.00689922261000099,0.00149185619842765,0.000148341680450559,0.00211061424658143,0,0,0.000777047364512909,0.000671849687067487,0,0.0593716619455516,0.0184345675048858,0,0,0,0,0,0,0,2.06361884457738e-05,0,0,0,0,0,0,0,0,0,0,0,0,0,0,0,0,0.0820153829312451,0.100029975247606,0.0589743911808123,0.0371172239838432,0.0206323457304395,0.0188122316032998,0.00617420203546427,0.0298125638102645,0.000519066536806144,6.38663760971968e-05,0.0362928478141068,0,0.000223311687781041
0.0514168435731468,0,0.00541877506863868,0,0,0,0,0,0.000149063905287596,0,0,0,0.000112834101298427,0,2.59142037637306e-05,0,0,0,0.000280395428661992,0,0,1.68005334982387e-05,0.00243629462222178,0,0.00666879186132029,0,0,0,0,0,0,0,0.000296940828764919,0,0.0020619537453335,9.53023194050733e-05,7.06781629485088e-05,5.633739256869e-05,0.00186633302393353,0.000416938395991263,0.0505379805592753,1.24728855291759e-05,0.0197212140333236,0,0,1.53393140617849e-05,0.00304355777631056,0.0593716619455516,0,0.00283343616061276,3.31923420245242e-05,0,0,0,0.00616189712886308,0,0.00302225631436885,0,0.000412375821302467,0,0.00304811216022531,0,0,0,4.81072541247875e-05,0.00881565095877473,0,0.0100072848291231,0,0.0150780517853787,0,0.00860228827567617,0,0.0123825347173512,1.82572122824909e-05,0.0015576399442615,0.000185027651413243,0.00329360369442942,5.79556718632164e-05,0.00251795738110849,1.91058493242353e-05,0.0134059612906597,0.000919470821653266,0,0.0502416274578981,0,8.66825341803322e-05
0,0.00707082806910472,0,0.00149212145861854,0,0.000232189121759056,0,0,0,0.000213538740107266,0,8.19756600362741e-05,0,1.81106370228806e-05,0,0.000395305858689374,0,0,0.000921935237109927,0,0,0.00228229235485517,0,4.75091371299925e-05,0,0,0,0,0,0,0,0,0,0.000811597846654828,0.000828272370265489,0.000453019452821797,5.32140201491097e-06,0,0,0.0381811737614792,0.000112659418447669,0.034560172304969,0.000374085139944553,0,0,0.0150678024887011,0.000414972321780678,0.0184345675048858,0.00283343616061276,0,0,4.54286961948009e-05,0,0,0,0.000438891104471224,0,0.0065053182931298,0,0.00104077569987416,0,0.00285878276531264,0.000637696895807475,0,0.00387047543685614,0,0.000127723849323083,0,0,0,0.00873767164751912,0,0.00939080830057406,0,0,6.60595300740652e-05,0.000974205165981682,0.000232960823845306,0.00330537280008931,9.13672643415089e-05,0.00247202087876742,0,0.000959425080573305,3.20731857996789e-05,0.0506981617365866,0.000493131594065293,0
0,0,0.0158511332469365,0,0.164254592031859,0,0.0382554303572874,0,0.000264987476300398,0,0,0,0,0,0,0,0,0,0,0,0,0,0,0,0,0,0,0,0,0,0,0,0,0,0,0,0,0,0,0,0,0,0,0,0,0,0,0,3.31923420245242e-05,0,0,0,0.0369294350097009,0,0.0151778802773082,0,0.0437502151008633,0,0.0326573777388639,0,0.0187679053274537,0,0,0,0,0,0,0,0,0,0,0,0,0,0,0,0,0,0,0,0,0,0.0011333925004491,0,0.00864761521266207,0,0
0,0.00202967626390921,0,0.0195248302961563,0,0.111715015996595,0,0.0503804733786126,0,0.0252514118953986,0,0.00133414764774033,0,0,0,0,0,0,0,0,0,0,0,0,0,0,0,0,0,0,0,0,0,0,0,0,0,0,0,0,0,0,0,0,0,4.87785340697381e-05,0,0,0,4.54286961948009e-05,0,0,0,0,0,0.00736481366235448,0,0.0417187244502235,0,0.0135070384186018,0,0.00240924463725047,0,0,0,0,0,0,0,0,0,0,0,0,0,0,0,0,0,0,0,0,0.000392468691159883,0,0,0,0
0,0,0,0,0.00593165870729265,0,0.251214648346513,0,0,0,0,0,0,0,0,0,0,0,0,0,0,0,0,0,0,0,0,0,0,0,0,0,0,0,0,0,0,0,0,0,0,0,0,0,0,0,0,0,0,0,0.0369294350097009,0,0,0,0,0,0.000159079569907058,0,0.00135607033861102,0,0,0,0,0,0,0,0,0,0,0,0,0,0,0,0,0,0,0,0,0,0,0,0.000539928731328863,0,0,0,0
0,0,0,0,0,0,0,0.119832272457852,0,0,0,0.00927929052126643,0,0.000142390756122105,0,0,0,0,0,0,0,0,0,0,0,0,0,0,0,0,0,0,0,0,0,0,0,0,0,0,0,0,0,0,0,0,0,0,0,0,0,0,0,0,0,0,0,0.0287268250547696,0,0,0,0,0,0,0,0,0,0,0,0,0,0,0,0,0,0,0,0,0,0,0,0,0.000824936116388693,0,0,0,0
0.0324455425548697,0,0.0521335982801294,0,0.0311664045584387,0,0,0,0.146198753519,0,0,0,0.000329557508883582,0,0.00571089145536733,0,8.62025679526455e-05,0,5.35381938291181e-05,0,0,0,0,0,0.0053843672473113,0,0,0,0,0,0,0,0,0,0,0,1.17147691855171e-05,0,0.000142979721526843,0,0,0,0,0,0,0,0,0,0.00616189712886308,0,0.0151778802773082,0,0,0,0,0,0,0,0,0,0.0296301786753577,0,0,0,0,0,0,0.13567195097796,0,0.00161324700582603,0,0,0,0,0,0,0,0,0,0,0,0.0039001869475878,0.00165554182770255,3.71760387917844e-05,0.000473837345951338,0,0
0,0.103418802844385,0,0.0207066445816761,0,0.0215807452493109,0,0,0,0.18004568087174,0,0,0,0,0,0.00586543644856028,0,0,0.000192772821335354,0,0,0,0,0.00176541245555788,0,0,0,0,0,0,0,0,0,0,0,0,0,7.39558498045798e-05,0,8.87838853087582e-05,0,0.0048713822442094,0,0,0,0.000238998854687122,0,0,0,0.000438891104471224,0,0.00736481366235448,0,0,0,0,0,2.14433615749994e-05,0,0,0,0.0103053253329483,0,0,0,0,0.0266852775833686,0,0,0,0,0,0,0,0,0,0,0,0,0,0,0,0.00142353563248443,0,0.00268387824935497,0.00156382924812531,0
0.0026976436905321,0,0.000626035437611208,0,9.77983944957478e-05,0,0.0318190578025593,0,0,0,0.136984582954584,0,0.0261293963998975,0,0,0,0,0,0,0,0.0362521224656849,0,0,0,0,0,0,0,0.00702875368025936,0,0.0260949846347699,0,0,0,0,0,0,0,0.00196075789022199,0,0,0,0.000655440752254613,0,0,0,0.000353082077096409,0,0.00302225631436885,0,0.0437502151008633,0,0.000159079569907058,0,0,0,0,0,0.0257890815571131,0,0.00467113229170652,0,0,0.0443831016062514,0,0,0,0,0,0,0,0.036961176167608,0,0.107106501424152,0,0,0,0,0,0,0,0.000191654616299695,0.00368619791527056,0.000126949076669274,0.0366096634961331,0,0
0,0.000417831264487193,0,0.000961493837562547,0,0.00437113340003302,0,0.0309915943791926,0,3.07523775189764e-05,0,0.150325925925774,0,0.0534149614744069,0,0,0,0,0.000286538608291328,0.041790327754286,0,0,0,0,0,0,0,0.00576303840084914,0,0.0146152187260738,0,0,0,0,0,4.55037043016402e-05,0,0.00140950802803901,0,0.000642770111236772,2.3354338476533e-05,0.0035012440248045,0.000175773192395592,9.04693482700219e-05,0,0.00391642881592327,9.73683791146954e-05,2.06361884457738e-05,0,0.0065053182931298,0,0.0417187244502235,0,0.0287268250547696,0,2.14433615749994e-05,0,0,0,0.0598794573659741,0,0.00015909164593709,0.0319912865079996,0,0,0,0,0,0.000821194552500215,0,0.0374304324754835,0,0.0416864877279232,0,0,0,0,0,7.46064956878022e-05,0,0.0072517752887094,0,0.00100901817917398,5.50779900338818e-05,0.0426480923038007,0.000767295117286001,0
5.64963486414643e-05,0,0.00321664769619054,0,0.00123952101034421,0,0.0112212909907457,0,0,0,0.0110574892636588,0,0.177828521628244,0,0.0293862078976442,0,0,0,0,0,0,0,0,0,0,0,0.00240934982650634,0,0.0132449295929723,0,0,0,0,0,0,0,0,0,0,0,0,0,0,0,0,0,0,0,0.000412375821302467,0,0.0326573777388639,0,0.00135607033861102,0,0,0,0.0257890815571131,0,0,0,0.0190874504579123,0,0,0,0,0,0,0,0,0.015404841413927,0,0.0114999223724262,0,0,0,0,0,0,0,0,0,0,0.00342131101066372,0.000584569944089857,0.00181655475889474,0,0
0,0,0,0.00262942063718496,0,0.0105126339090864,0,0.0203937976523412,0,0,0,0.0103018784621534,0,0.159565381864644,0,0.0197269531282597,0,0,0,0,0,0,0,0,0,0.00122559420961801,0,0.000607084425636404,0,0.000309002978514545,0,0,0,0,0,0,0,0,0,1.91805600930782e-05,0,0,0,0,0,0,0,0,0,0.00104077569987416,0,0.0135070384186018,0,0,0,0,0,0.0598794573659741,0,0,0,0.0491566297933039,0,0,0,0,0,0,0.00629815248787146,0,0.0201143238409131,0,9.01734476976466e-05,0,0,0,0,0,0,0,0,0,0.00114314232480065,4.88678066918024e-05,0.000414265138862913,0,0
0.015145764470118,0,0.00369128469679175,0,0.00015019646757361,0,0,0,0,0,0,0,0.0451347919675202,0,0.0335055257534115,0,0.0139733509816614,3.68301481585738e-05,0,0,0,0,0,0,0,0,0.0109491748366717,0,3.04181240874954e-05,0,0,0,0,0,0,0,0,0,0,0,0,0,0,0,0,0,0,0,0.00304811216022531,0,0.0187679053274537,0,0,0,0.0296301786753577,0,0.00467113229170652,0,0.0190874504579123,0,0,0,0,0,0,0,0,0.000918071202844817,0,0.0528782946417488,0,0.000925483274938319,0,0,0,0,0,0,0,0,0,0,0.000465561713963951,0.000464128351724218,0.00029275578796493,0,0
0,0.0121323635309227,0,0.00783965383670331,0,0.0128909483660602,0,0,0,0.0333150944435995,0,0,0,0.0581233091569004,0,0.128632058374217,0,3.72185651319489e-05,0,0,0,0,0,0,0,0.019785810528512,0,0.00725079684982473,0,0,0,0,0,0,0,0,0,0,0,0,0,0,0,0,0,0,0,0,0,0.00285878276531264,0,0.00240924463725047,0,0,0,0.0103053253329483,0,0.00015909164593709,0,0.0491566297933039,0,0,0,0,0,0,0,0,0.00982016513432365,0,0.0130558337438841,0,0,0,0,0,0,0,0,0,0,0,0.0025274531120564,4.29034186231719e-05,0,0,0
0,0,0,0.00248064581604062,0,0.000598670806652615,0,0.00172408387896817,0,0.000127932678401892,0,0.0320387379239509,0,0,0,0,0,0,0.00185198198236946,0.0503534528148702,0,0,0,0,0,0,0,0,0,0.000276830777896097,0,0,0,0,0,0.0132444040864114,1.9907381023787e-06,0.000165037629870635,0,0.00319753259078483,0,0.0022561655802028,2.91578730508791e-05,0.00111199877895123,0,0.042003382315023,0.000346810724835228,0,0,0.000637696895807475,0,0,0,0,0,0,0,0.0319912865079996,0,0,0,0,0,0,0,0,0,0,0,0,0.00188480968758624,0,0.00829519248403211,0,0,0,0,0,0.016935957751995,0,0.00773564680290027,0,0.000822174037137284,2.6843270576528e-06,0.0328915442369051,0.000335898691816522,0
0,0,0,0,0,0,0,0,0,0,0.0141242043492124,0,0,0,0,0,0,0,2.12336226341242e-05,0,0.0574853522998268,0,0,0,0,0,0,0,0,0,0,0,0,0,0,0,0.0130510278317175,0,0.0063298702754217,0,0.0202006423845799,0,0.000733237712977675,0,0,0,0.0827783495383945,0,0,0,0,0,0,0,0,0,0.0443831016062514,0,0,0,0,0,0,0,0,0,0,0,0,0,0,0.000110907130582334,0,0.00608838210549184,0,0,0,0,0,0.0337179493690288,0,0.00116911209956239,0.00132204029000387,0,0.0389089420339421,0,0.000132834489380187
0,0,0,0,0,0,0,0,0,0,0,0,0,0,0,0,0,0,0,0,0,0.270290147839689,0.00467512754555433,0.000190962679493231,0,0.00769959193712475,0,0.0112442979728805,0,0,0,0,0,0,0,0,0,0.00394786688943262,0.000168878726643326,0,0,0,0,0,0,0,0,0,4.81072541247875e-05,0.00387047543685614,0,0,0,0,0,0,0,0,0,0,0,0,0,0,0,0.00371714504602854,0.000239708213009507,0,0.00738058487197194,0,0.0064843625152356,0,0,0,0,0,0.000124443172419926,0,0,0,0.00795623314519051,1.7374755699118e-05,0.00781545492325323,0.00514419181327398,0,0,0
0,0,0,0,0,0,0,0,0,0,0,0,0,0,0,0,4.02633446177888e-06,0,0,0,0,0.0181520557240363,0.129655606463215,0,0.00380564242277887,0,0.0156682292356853,0,0.00401032143681993,0,0,0,0,0,0,0,0,0,0.0029290907549503,0,0,0,0,0,0,0,0,0,0.00881565095877473,0,0,0,0,0,0,0,0,0,0,0,0,0,0,0,0.00371714504602854,0,0,0.0152551837876434,0,0.0218944953856551,0,0.0121100951116702,0,0,0,0,0,0,0,0,0,0.0109220271222129,0.00595453097630189,5.14761985051312e-05,0,0,0
0,0.00753776990708,0,0,0,0,0,0,0,0.029145600674961,0,0,0,0,0,0,0,0,0.00375304313075172,0,0,0.00094831554773795,0,0.141732016344448,0,0.0635978806818585,0,0,0,0,0,0,0,0,0,0,0,0.00465763875035314,0,0,0,0,0,0,0,0,0,0,0,0.000127723849323083,0,0,0,0,0,0.0266852775833686,0,0,0,0,0,0,0,0,0.000239708213009507,0,0,0,0,0,0,0,0,0,0,0,0,0,0,0,0.0070635682888645,0,0.000971789680296811,0,0.00151564306548236,0,0
0.00468808308676109,0,0,0,0,0,0,0,0.00575572693355322,0,0,0,0,0,0,0,1.8307573082873e-05,0,0.000324912719405309,0,0,0,0.00333369251085594,0,0.113103555635257,0,0.0163912099689945,0,0,0,0,0,0,0,0,0,0,0,0.00302279944443546,0,0,0,8.38504566487634e-05,0,0,0,0,0,0.0100072848291231,0,0,0,0,0,0.13567195097796,0,0,0,0,0,0.000918071202844817,0,0,0,0,0.0152551837876434,0,0,0,0.0280283418642612,0,0.00013585981801905,0,0,0,0,0,0,0,0,0,0.00171165863257278,0.00141513838494588,2.21247906286581e-05,0,0,0
0,0,0,0,0,0,0,0,0,0,0,0,0,0.000959079162037427,0,0.000956662088688716,0,0.00819845184947705,0,0,0,0.0129831335542857,0,0.00123360303600389,0,0.114442279837248,0,0.0277777270794169,0,0,0,0,0,0,0,0,0,0,0,0,0,0,0,0,0,0,0,0,0,0,0,0,0,0,0,0,0,0.000821194552500215,0,0.00629815248787146,0,0.00982016513432365,0,0,0.00738058487197194,0,0,0,0,0,0.00731468451652094,0,0,0,0,0,0,0,0,0,0,0,0.000519327267860824,5.86695775146132e-05,0,0,0
0.00678255759180912,0,0,0,0,0,0,0,0,0,0,0,0.0142835987361228,0,0.0359113473780947,0,0.00558641358632082,0,5.18853862894102e-05,0,0,0,0.00229355698492953,0,0.00269179966910984,0,0.0515603676721574,0,0.00353480408172563,0,0,0,0,0,0,0,0,0,0,0,0,0,0,0,0,0,0,0,0.0150780517853787,0,0,0,0,0,0.00161324700582603,0,0,0,0.015404841413927,0,0.0528782946417488,0,0,0,0,0.0218944953856551,0,0.0280283418642612,0,0,0,0.0170079710032308,0,0,0,0,0,0,0,0,0,0,0.000551307856263958,0,0,0,0
0,0,0,1.24974826627524e-05,0,0,0,0,0,0,0,0.00711496820780555,0,0.0348952549457589,0,0.015195469605684,0,0.000428503584976619,0.000270222209486001,0.000250138038025797,0,0.00138524671426439,0,0,0,0.0063636339189632,0,0.130345018240128,0,0.0178950181011876,0,0,0,0,0,0,0,0.000739764368189511,0,0.000145444845083146,0,0.0032244650177523,0,7.68196652917406e-05,0,0.000821193172947727,0,0,0,0.00873767164751912,0,0,0,0,0,0,0,0.0374304324754835,0,0.0201143238409131,0,0.0130558337438841,0.00188480968758624,0,0.0064843625152356,0,0,0,0.00731468451652094,0,0,0,0.0324323744156695,0,0,0,0,0,2.00102837067958e-05,0,0.00598588406116737,0,0.00601158278756429,0.00130404801095123,0.00293206532035443,0.000155018642344559,0
0,0,0,0,0,0,0,0,0,0,0.000127547306208882,0,0.000748725100037736,0,0.00288660764729926,0,0.00136388604980675,0,0,0,0,0,0.0055233811253929,0,2.78213855122865e-05,0,0.00336930512555896,0,0.237506911354708,0,0.000789820716600468,0,0,0,0,0,0,0,0.000330216771375189,0,0,0,0,0,0,0,0,0,0.00860228827567617,0,0,0,0,0,0,0,0.036961176167608,0,0.0114999223724262,0,0.000925483274938319,0,0,0.000110907130582334,0,0.0121100951116702,0,0.00013585981801905,0,0.0170079710032308,0,0,0,0.00922408761162318,0,0,0,0,0,0,0,0.00463640703120263,0.00288518561413876,0.00254057095509193,0.000635426593246667,0,0
0,0,0,0.000219380703639829,0,0,0,0,0,0,0,0.0088433053757147,0,0,0,0,0,0,0.000302396963416057,0.00641038468946777,0,0,0,0,0,0,0,0.0149120601467117,0,0.0241784605552247,0,0,0,0,0,2.59281932770439e-06,0,0.000999473081412977,0,0.000154510242777214,0,0.00558491297481434,0,0.000547134998511402,0,0.000972998746248395,0,0,0,0.00939080830057406,0,0,0,0,0,0,0,0.0416864877279232,0,9.01734476976466e-05,0,0,0.00829519248403211,0,0,0,0,0,0,0,0.0324323744156695,0,0,0,0,0,0,0,3.46665369779251e-05,0,0.00562591616276262,0,0.00155601397507734,0.000290225761995296,0.00361186174103362,0.00216169665884424,0
4.67345416378198e-05,0,0,0,0,0,0,0,0,0,0.0163354662015455,0,0.000447898985734916,0,0,0,0,0,0,0,0.00371229135728559,0,0,0,0,0,0,0,0.034143534206253,0,0.0761455713834533,0,0,0,0,0,0,0,0.00426829018386332,0,0,0,0.0154319618676035,0,0,0,4.37367248123024e-05,0,0.0123825347173512,0,0,0,0,0,0,0,0.107106501424152,0,0,0,0,0,0,0.00608838210549184,0,0,0,0,0,0,0,0.00922408761162318,0,0,0,0,0,0,0,0,0,0.0173648799903604,0.000391807875539617,0.000113466614437472,0.0880910192433149,0,0.00020986543479156
0,0,0,0,0,0,0,0,0,0,0,0,0,0,0,0,0,0,0,0,0,0,0,0,0,0,0,0,0,0,0,0.193571996379798,0.0660164885926065,0.00357650352311917,0.00133348400799423,0.00932838186090098,0.00196979950250317,5.80128891872461e-06,0,0,0,0,0,0,0,0,0,0.0820153829312451,1.82572122824909e-05,0,0,0,0,0,0,0,0,0,0,0,0,0,0,0,0,0,0,0,0,0,0,0,0,0,0,0.0709870366766054,0.0658213954708233,0.00725910254648051,0.00703027654847823,0.00298106551759884,0.000105531968053616,0,0.00166869636963579,0,0,0,0
