0,0,5.02566470491125,0,0,0,0,0,6.85798728711826,0,0,0,0,0,0,0,51.2868843078613,0,10.6256919768919,0,0,0,0,0,18.8130197525024,0,0,0,0,0,0,0,0,0,0,0,0,0,18.5858307520549,0,0,0,20.6733565123185,0,0,0,0,0,3.96942145615509,0,0,0,0,0,6.56302095806249,0,7.15731090307236,0,10.348406791687,0,0,0,0,0,0,0,0,16.2362422943115,0,0,0,0,0,0,0,0,0,0,64.2544021606445,0,0,0,7.88382226687211,0,11.233226436615,0,0
0,0,0,20.9718603974297,0,0,0,0,0,5.78527933000494,0,0,0,0,0,0,69.5270156860352,76.861946105957,16.9539729043057,0,0,0,0,6.23505144119263,0,0,0,0,0,0,0,0,0,0,0,0,0,9.45224808889722,0,0,61.8220825195312,19.9890658637456,42.6224830627441,0,0,30.1201229095459,0,34.1280086040497,0,10.8972766435344,0,0,0,0,0,5.04234448364101,0,15.7103358714952,0,11.5260986915002,0,7.39163132147355,67.3752975463867,0,0,0,7.07611353678235,0,2.74306774139404,0,0,0,0,0,0,0,0,0,57.1329917907715,86.797004699707,12.8055950270759,0,12.728487615784,0,14.4615274095318,0,0
5.02566470491125,0,0,0,6.37388056516647,0,0,0,7.66736333869224,0,0,0,0,0,0,0,0,0,52.0680071512858,0,0,0,0,0,28.7529649734497,0,0,0,0,0,0,0,0,0,0,0,11.8475389480591,0,30.167725499471,0,48.8558883666992,0,23.7541566316871,0,0,75.2869415283203,0,0,4.70555968454906,0,2.85015738010406,0,0,0,9.03301160423844,0,3.16590061783791,0,3.27955735751561,0,4.37460560798645,0,0,45.1403160095215,0,0,0,0,0,0,0,0,0,30.01393699646,0,0,0,0,0,0,0,0,8.22302953339377,8.44707012176514,22.8268745686607,0,20.3195260763168
0,20.9718603974297,0,0,0,3.78528390171823,0,0,0,25.8149172067642,0,3.15492757161458,0,0,0,0,0,0,40.2584991455078,30.2272930145264,0,0,0,0,0,0,0,0,0,0,0,0,0,0,0,0,0,0,0,24.0903768539429,0,29.9216641157101,0,0,0,0,0,0,0,11.532583266316,0,5.12202684761697,0,0,0,4.41585567901874,0,25.6315066161467,0,4.66791999816895,0,4.35162096193307,30.989077091217,0,0,0,0,0,0,0,27.7104347773961,0,28.6976845362415,0,0,0,0,0,0,0,0,0,33.3075525495741,0,14.3922596611729,0,0
0,0,6.37388056516647,0,0,0,5.50084505762373,0,14.8861864805222,0,0,0,0,0,0,0,0,0,0,0,3.29178387468511,0,0,0,0,0,0,0,0,0,0,0,0,0,0,0,0,0,37.056396484375,0,0,0,31.3904647827148,0,0,0,0,0,0,0,4.01925412515052,0,4.02237313985825,0,15.4057298660278,0,3.95623377749794,0,0,0,0,0,0,8.28736955538517,0,0,0,0,0,0,0,0,0,0,0,0,0,0,0,0,0,0,6.05356111841382,0,6.54935204799359,0,24.4904689788818
0,0,0,3.78528390171823,0,0,0,3.64171904325485,0,4.51130286852519,0,4.36869863669078,0,0,0,0,0,0,0,0,0,0,0,0,0,0,0,0,0,0,0,0,0,0,0,14.8193140029907,0,0,0,0,0,0,0,0,0,0,0,0,0,15.9105896949768,0,3.66709968447685,0,0,0,0,0,3.60078331828117,0,0,0,0,0,0,0,0,0,0,0,0,0,0,0,0,0,0,0,0,0,0,0,0,0,0,4.04545566013881,0,0
0,0,0,0,5.50084505762373,0,0,0,0,0,4.14195790806332,0,0,0,0,0,0,0,0,0,4.72505226135254,0,0,0,0,0,0,0,0,0,0,0,0,0,0,0,0,0,0,0,0,0,0,0,0,0,0,0,0,0,0,0,3.64738834845392,0,0,0,4.2819294693371,0,3.59420943260193,0,0,0,0,11.6942743028913,0,0,0,0,0,0,0,0,0,0,0,0,0,0,0,0,0,0,3.35140593142449,0,0,0,0
0,0,0,0,0,3.64171904325485,0,0,0,0,0,3.35127295653025,0,0,0,0,0,0,0,0,0,0,0,0,0,0,0,0,0,0,0,0,0,0,0,3.57176804542542,0,0,0,0,0,0,0,0,0,0,0,0,0,0,0,4.22536897659302,0,2.95985960960388,0,0,0,4.48321151733398,0,0,0,0,0,0,0,0,0,0,0,0,0,0,0,0,0,0,0,0,7.97607743740082,0,0,0,3.20214122533798,0,0,0,0
6.85798728711826,0,7.66736333869224,0,14.8861864805222,0,0,0,0,0,0,0,0,0,3.10756760835648,0,4.42786687804807,28.1460056304932,0,0,0,0,0,0,6.70262812376022,0,4.92509085791452,0,0,0,0,0,0,0,0,0,0,0,11.8287296497216,0,0,0,3.83340058842955,0,0,0,0,0,0,0,31.2418441772461,0,0,0,7.48315747675668,0,0,0,0,0,3.19786475643967,0,0,0,0,0,0,5.56210027242962,0,0,0,0,0,0,0,0,0,0,0,0,0,10.6910158793132,4.70048672638967,4.28446214539664,13.5998791502072,0,5.81692921831494
0,5.78527933000494,0,25.8149172067642,0,4.51130286852519,0,0,0,0,0,0,0,0,0,3.17972664430108,0,4.26282408990358,39.4345556894938,0,0,0,0,4.18708733717601,0,3.83839621082429,0,0,0,0,0,0,0,0,0,0,0,6.88488062222799,0,0,0,12.9584231335363,0,0,0,41.9397064208984,0,0,0,17.7321426829354,0,5.50824053878458,0,0,0,4.60937948517776,0,16.807244193657,0,15.5095025471279,0,3.61934190137046,40.7891288757324,0,0,0,3.61891903596766,0,5.78433704376221,0,17.9230144500732,0,17.8988484700521,0,0,0,0,0,0,75.4304046630859,22.0622806549072,0,7.38547319900699,0,13.0713600876095,4.37631602848277,0
0,0,0,0,0,0,4.14195790806332,0,0,0,0,0,2.88566875457764,0,0,0,0,0,0,0,3.86130460540017,0,0,0,0,0,0,0,2.74740147590637,0,3.96124709353727,0,0,0,0,0,3.58663416891062,0,4.38683001528371,0,0,0,0,0,0,0,0,0,0,0,0,0,3.70630328655243,0,0,0,5.3668300210364,0,2.74881285429001,0,0,0,0,5.23195891720908,0,0,0,0,0,0,0,2.85246539115906,0,3.80875364015269,0,0,0,0,0,4.12609052658081,0,5.37510357962714,4.06364115737599,0,3.39986990479862,0,0
0,0,0,3.15492757161458,0,4.36869863669078,0,3.35127295653025,0,0,0,0,0,5.16016126071582,0,0,0,0,0,4.75620893291805,0,0,0,0,0,0,0,8.10840245632643,0,6.48130080929509,0,0,0,0,0,5.59240934403442,0,5.70867246109506,0,0,0,0,0,0,0,0,0,0,0,0,0,3.66000105832752,0,0,0,0,0,5.43622506943541,0,7.09359935272572,0,0,10.0384470886654,0,0,0,0,0,0,0,7.39236402511597,0,7.82356943975606,0,0,0,0,0,10.0802088377541,0,7.2578071900036,0,4.69325709004294,9.05116529464722,0,0,0
0,0,0,0,0,0,0,0,0,0,2.88566875457764,0,0,0,0,0,0,0,0,0,0,0,0,0,0,0,0,0,2.74487177530924,0,0,0,0,0,0,0,0,0,0,0,0,0,0,0,0,0,0,0,0,0,0,0,0,0,0,0,2.96051314142015,0,3.31462064840026,0,0,0,0,0,0,0,0,0,0,0,0,3.02430481215318,0,0,0,0,0,0,0,0,0,0,3.38632082939148,0,0,0,0
0,0,0,0,0,0,0,0,0,0,0,5.16016126071582,0,0,0,3.25945246541822,0,0,0,0,0,0,0,0,0,0,0,4.9951041009691,0,6.65041574835777,0,0,0,0,0,0,0,0,0,0,0,0,0,0,0,0,0,0,0,0,0,0,0,3.71744752856134,0,5.53059637546539,0,14.0038233720339,0,4.86222538470735,0,3.99572555224101,0,0,0,0,0,0,0,0,4.61223324139913,0,0,0,0,0,0,0,0,0,0,0,4.22469351534941,3.88169087480196,0,0,0
0,0,0,0,0,0,0,0,3.10756760835648,0,0,0,0,0,0,0,2.95968250433604,0,0,0,0,0,0,0,0,0,0,0,0,0,0,0,0,0,0,0,0,0,0,0,0,0,0,0,0,0,0,0,0,0,0,0,0,0,4.97758494723927,0,0,0,3.47025012969971,0,3.13371551036835,0,0,0,0,0,0,0,0,0,0,0,0,0,0,0,0,0,0,0,0,0,2.99136693137033,0,0,0,0
0,0,0,0,0,0,0,0,0,3.17972664430108,0,0,0,3.25945246541822,0,0,0,2.9604035615921,0,0,0,0,0,5.9644128603813,0,5.11998579161508,0,0,0,0,0,0,0,0,0,0,0,0,0,0,0,0,0,0,0,0,0,0,0,0,0,0,0,0,0,4.86564388379946,0,0,0,0,0,3.8521826018698,0,0,0,0,0,0,5.25408025654879,0,0,0,0,0,0,0,0,0,0,0,0,0,0,0,0,0,0
51.2868843078613,69.5270156860352,0,0,0,0,0,0,4.42786687804807,0,0,0,0,0,2.95968250433604,0,0,26.4401519865394,17.5482791570819,90.2001190185547,0,0,4.21324466256534,0,6.31553932598659,45.1658809185028,14.7812040366378,0,0,0,0,0,0,0,0,0,0,0,0,0,60.7183772277832,59.0286178588867,46.8221428573772,50.8598976135254,45.0754590715681,69.8280952453613,73.4621734619141,0,0,55.244686126709,0,0,0,0,0,0,0,69.7779685974121,0,0,2.75024747848511,0,69.4946556091309,0,0,0,0,0,75.2410430908203,0,0,0,78.7014007568359,0,0,0,0,0,76.1385087966919,71.1578952420142,0,0,13.6823327028122,7.5967074501094,59.6263735844539,64.1661437988281,53.6791206359863
0,76.861946105957,0,0,0,0,0,0,28.1460056304932,4.26282408990358,0,0,0,0,0,2.9604035615921,26.4401519865394,0,19.2414589029537,55.1054978370667,0,6.24780297682092,27.9656391143799,8.12388703227043,0,8.31486735586826,35.4387245178223,4.21364140510559,0,0,0,0,0,0,0,0,0,0,0,0,63.2720000168373,42.8246997866714,53.9157801734077,37.5278277397156,60.4248657226562,59.9766914753974,53.78542137146,0,58.4247093200684,26.3261852264404,0,0,0,0,0,3.27708613872528,0,44.2443111419678,0,0,0,0,60.4463290703006,0,5.18768033981323,0,0,0,5.61422787772285,0,0,0,49.5980317969071,0,0,0,0,0,66.3184012907097,66.0144230627244,62.0641345977783,0,13.5229717582865,8.26288851084131,51.3883915658323,42.8180385271708,51.7589721679688
10.6256919768919,16.9539729043057,52.0680071512858,40.2584991455078,0,0,0,0,0,39.4345556894938,0,0,0,0,0,0,17.5482791570819,19.2414589029537,0,44.3451221677992,0,0,0,31.2158298492432,0,48.6239891052246,0,0,0,0,0,0,0,0,0,0,64.974784427219,49.0679481506348,0,30.9386177062988,41.8166142986072,23.0641652583257,20.5642032262377,12.2279225831391,23.5496731802475,44.5474753816249,47.0120611826579,0,47.3175313472748,16.9314100031267,0,0,0,0,0,37.7541751861572,0,42.8328274726868,0,33.0464363098145,0,0,43.5597911645335,47.0151081085205,0,0,0,0,0,0,38.2094821929932,0,43.3061298541169,32.445282459259,0,0,0,0,47.2618783360436,47.6812184666635,46.4196368975517,0,14.8265386706512,22.0194076961941,29.0302933919462,26.4566107052629,14.0238792467653
0,0,0,30.2272930145264,0,0,0,0,0,0,0,4.75620893291805,0,0,0,0,90.2001190185547,55.1054978370667,44.3451221677992,0,0,0,0,0,0,0,0,0,0,0,0,0,0,0,0,8.94330151827502,0,8.05225502982222,0,0,82.7807941436768,38.4948614438375,73.6103795369466,36.7618560791016,0,20.904261935841,0,0,0,39.9923623402913,0,0,0,0,0,0,0,11.5103835316531,0,0,0,0,8.80129348596413,0,0,0,0,0,0,0,0,0,14.6395885713639,0,0,0,0,0,11.5210758840716,91.9994455973307,8.27744845549265,0,28.0087929849441,0,24.67208091268,16.988468170166,0
0,0,0,0,3.29178387468511,0,4.72505226135254,0,0,0,3.86130460540017,0,0,0,0,0,0,0,0,0,0,0,0,0,0,0,0,0,0,0,0,0,0,0,0,0,12.1854836940765,0,3.05003427345062,0,0,0,29.3166092463902,0,0,0,6.16019675466749,0,0,0,0,0,0,0,0,0,5.68104253768921,0,0,0,0,0,0,4.14176138974814,0,0,0,0,0,0,0,0,0,0,0,0,0,0,0,10.7587206840515,0,3.00990420977275,4.97295940450847,0,12.3569034728848,0,27.8679170608521
0,0,0,0,0,0,0,0,0,0,0,0,0,0,0,0,0,6.24780297682092,0,0,0,0,3.68384757637978,6.63683067049299,0,4.53833498516861,0,4.33181762359512,0,0,0,0,0,0,0,0,0,4.77910865961517,2.77510753273964,0,0,0,0,0,0,0,0,0,0,4.10271039922187,0,0,0,0,0,0,0,0,0,0,0,0,0,0,4.43139779150301,0,6.16647912180701,0,5.46735939179562,0,7.62029724238953,0,0,0,0,0,0,0,0,0,6.52168964920331,0,4.0064689148852,4.68254490887246,0,0,0
0,0,0,0,0,0,0,0,0,0,0,0,0,0,0,0,4.21324466256534,27.9656391143799,0,0,0,3.68384757637978,0,0,6.80160723174917,0,5.87424769437403,0,2.96261988600639,0,0,0,0,0,0,0,0,0,6.14608076478956,0,0,0,0,0,0,0,0,0,5.32654199930701,0,0,0,0,0,0,0,0,0,0,0,0,0,0,0,0,4.39017262592617,0,7.34635104143873,0,5.38207880188437,0,5.31143206357956,0,0,0,0,0,0,0,0,0,6.83911587528716,4.82720447755327,3.98104284207026,0,0,0
0,6.23505144119263,0,0,0,0,0,0,0,4.18708733717601,0,0,0,0,0,5.9644128603813,0,8.12388703227043,31.2158298492432,0,0,6.63683067049299,0,0,0,4.72695179442601,0,0,0,0,0,0,0,0,0,0,0,7.59603977503897,0,0,0,13.9034578800201,0,0,0,0,0,0,0,10.3680034339428,0,0,0,0,0,8.01463589210103,0,28.9241008758545,0,0,0,0,0,0,5.70324059305244,0,5.65505552426028,0,4.96664036626108,0,0,0,0,0,0,0,0,0,0,0,9.79337444081026,0,4.13934503955606,25.0353214740753,5.0965589724089,0,0
18.8130197525024,0,28.7529649734497,0,0,0,0,0,6.70262812376022,0,0,0,0,0,0,0,6.31553932598659,0,0,0,0,0,6.80160723174917,0,0,0,5.37748825046378,0,0,0,0,0,0,0,0,0,0,0,9.66118479678833,0,0,0,7.23386764526367,0,0,0,0,0,20.443603515625,0,33.7827529907227,0,0,0,5.66226771226743,0,0,0,0,0,0,0,0,0,0,5.68376512652949,0,4.58596724619014,0,5.29558930888018,0,0,0,0,0,0,0,0,0,0,0,7.50609038903461,5.44720739119067,23.5204257965088,20.2037839889526,0,9.53645197550456
0,0,0,0,0,0,0,0,0,3.83839621082429,0,0,0,0,0,5.11998579161508,45.1658809185028,8.31486735586826,48.6239891052246,0,0,4.53833498516861,0,4.72695179442601,0,0,0,4.00935911566284,0,0,0,0,0,0,0,0,0,12.4326639175415,0,0,0,0,0,0,0,0,0,0,0,14.5757625102997,0,0,0,0,0,6.65312623977661,0,0,0,0,0,2.96385908126831,0,0,9.70079406591562,0,4.55308713912964,0,4.06320252247501,0,4.04338451794216,0,0,0,0,0,0,0,0,0,15.4578409194946,0,14.5662663578987,0,0,0,0
0,0,0,0,0,0,0,0,4.92509085791452,0,0,0,0,0,0,0,14.7812040366378,35.4387245178223,0,0,0,0,5.87424769437403,0,5.37748825046378,0,0,0,3.26837439835072,0,0,0,0,0,0,0,0,0,0,0,0,70.3321838378906,0,0,0,0,0,0,0,0,0,0,0,0,5.37928129628647,0,0,0,0,0,0,0,0,0,0,5.47281255832938,0,7.12615923978844,0,3.5743639322678,0,0,0,0,0,0,0,0,0,0,0,0,19.7713745662144,29.5878562927246,0,0,0
0,0,0,0,0,0,0,0,0,0,0,8.10840245632643,0,4.9951041009691,0,0,0,4.21364140510559,0,0,0,4.33181762359512,0,0,0,4.00935911566284,0,0,0,5.76637151879622,0,0,0,0,0,0,0,3.11773397908573,0,0,0,0,0,0,0,0,0,0,0,0,0,0,0,0,0,0,0,0,0,3.88675942023595,0,0,0,0,3.9538685798645,0,0,0,0,0,5.13292016954733,0,10.9437870979309,0,0,0,0,0,0,0,4.57421048756303,0,5.56860542093005,5.49898639311744,0,0,0
0,0,0,0,0,0,0,0,0,0,2.74740147590637,0,2.74487177530924,0,0,0,0,0,0,0,0,0,2.96261988600639,0,0,0,3.26837439835072,0,0,0,2.95871029076753,0,0,0,0,0,0,0,3.7022192862726,0,0,0,0,0,0,0,0,0,0,0,0,0,0,0,0,0,0,0,2.92171879915091,0,0,0,0,0,0,2.95638662576675,0,0,0,3.27561348676682,0,4.12647247895962,0,0,0,0,0,0,0,0,0,2.95079641342163,4.02461994687716,0,0,0,0
0,0,0,0,0,0,0,0,0,0,0,6.48130080929509,0,6.65041574835777,0,0,0,0,0,0,0,0,0,0,0,0,0,5.76637151879622,0,0,0,0,0,0,0,0,0,6.15887339315015,0,0,0,0,0,0,0,0,0,0,0,0,0,0,0,0,0,0,0,7.61995148350453,0,0,0,0,0,0,0,0,0,0,0,0,6.33699210181491,0,4.40557267769523,0,0,0,0,0,0,0,6.18050060691414,0,6.12981198024165,5.51441026936058,0,0,0
0,0,0,0,0,0,0,0,0,0,3.96124709353727,0,0,0,0,0,0,0,0,0,0,0,0,0,0,0,0,0,2.95871029076753,0,0,0,0,0,0,0,0,0,3.37953861984047,0,0,0,0,0,0,0,0,0,0,0,0,0,0,0,0,0,4.54600693050184,0,0,0,0,0,0,0,0,0,0,0,0,0,0,3.12934360748682,0,5.22564638898058,0,0,0,0,0,0,0,3.12494783401489,0,0,0,0,0
0,0,0,0,0,0,0,0,0,0,0,0,0,0,0,0,0,0,0,0,0,0,0,0,0,0,0,0,0,0,0,0,3.3996603503549,3.3714523924158,3.10925829410553,2.90547054319671,5.83103254854527,0,0,4.86177055040995,0,0,0,0,0,0,0,4.39437464577811,0,0,0,0,0,0,0,0,0,0,0,0,0,0,0,0,0,0,0,0,0,0,0,0,0,0,3.3620547580719,0,0,0,3.27359793060704,0,0,0,3.36573728900746,0,0,0,0
0,0,0,0,0,0,0,0,0,0,0,0,0,0,0,0,0,0,0,0,0,0,0,0,0,0,0,0,0,0,0,3.3996603503549,0,3.88574323483876,3.12177786881896,0,4.45454455338992,0,0,13.7176109313965,0,0,0,0,0,0,0,4.38859497982523,4.23763297796249,8.27257076899211,0,0,0,0,0,0,0,0,0,0,0,0,0,0,0,0,0,0,0,0,0,0,0,0,0,5.44253010116857,0,3.09935623407364,0,7.25811056839013,0,0,5.58546993494034,0,0,0,0
0,0,0,0,0,0,0,0,0,0,0,0,0,0,0,0,0,0,0,0,0,0,0,0,0,0,0,0,0,0,0,3.3714523924158,3.88574323483876,0,5.45166708426378,3.23577562361904,3.53020007908344,4.24143767747723,6.86134981192075,0,0,0,0,0,0,0,0,5.37775756933979,0,9.44883823394775,0,0,0,0,0,0,0,0,0,0,0,0,0,0,0,0,0,0,0,0,0,0,0,0,3.36731863021851,0,3.98459535000046,9.50425691297739,6.77112956001753,0,7.43636685628502,16.5086622238159,4.34648449263887,4.61887030765928,0,0,0
0,0,0,0,0,0,0,0,0,0,0,0,0,0,0,0,0,0,0,0,0,0,0,0,0,0,0,0,0,0,0,3.10925829410553,3.12177786881896,5.45166708426378,0,16.3130889529274,10.537901660959,7.18542863772466,5.60325111952345,0,35.2226066589355,13.8446764945984,14.9361813863118,0,0,0,0,6.76381504688601,0,14.3694234048167,0,0,0,0,0,0,0,0,0,0,0,0,0,0,0,0,0,0,0,0,0,0,0,0,0,0,12.3889967898528,6.19197989198946,0,13.3585095252173,6.41072782393425,5.98396533267085,10.4608039215868,4.34819382677476,16.3407936829787,0,0
0,0,0,0,0,14.8193140029907,0,3.57176804542542,0,0,0,5.59240934403442,0,0,0,0,0,0,0,8.94330151827502,0,0,0,0,0,0,0,0,0,0,0,2.90547054319671,0,3.23577562361904,16.3130889529274,0,6.45226844905937,6.04179721593183,5.22871470451355,14.535379521052,0,45.7162685394287,0,0,0,0,0,22.8122577667236,0,22.8107247786088,0,0,0,0,0,0,0,15.6171263617438,0,0,0,0,8.44041347530361,0,0,0,0,0,0,0,0,0,0,0,2.9045224739955,0,5.74832077967629,20.3985492565014,6.1303904546142,6.60611724636771,6.63035862415004,7.48034327030182,5.56896099600536,3.57902491092682,16.346504323942,0,0
0,0,11.8475389480591,0,0,0,0,0,0,0,3.58663416891062,0,0,0,0,0,0,0,64.974784427219,0,12.1854836940765,0,0,0,0,0,0,0,0,0,0,5.83103254854527,4.45454455338992,3.53020007908344,10.537901660959,6.45226844905937,0,0,5.37895330590193,0,20.0803146776946,25.4965305328369,28.7573084831238,0,0,0,32.7099516391754,4.88047716185803,22.605837060855,24.2640232510037,0,0,0,0,0,0,4.68470207504604,0,0,0,0,0,0,15.7806581876847,0,0,0,0,0,0,0,0,0,51.1863441467285,0,7.94106688333112,0,9.78645412044565,118.277732849121,6.65539078049473,0,7.04704615704485,7.22342930619913,4.47704024093096,22.0566286385552,0,0
0,9.45224808889722,0,0,0,0,0,0,0,6.88488062222799,0,5.70867246109506,0,0,0,0,0,0,49.0679481506348,8.05225502982222,0,4.77910865961517,0,7.59603977503897,0,12.4326639175415,0,3.11773397908573,0,6.15887339315015,0,0,0,4.24143767747723,7.18542863772466,6.04179721593183,0,0,5.9490324474376,0,0,15.5806625366211,20.5219402313232,0,0,12.1181746588813,0,6.23057014329093,0,5.72473321183014,0,0,0,0,0,11.6360536520394,0,5.03373167741866,0,0,0,0,12.9792542208487,0,5.32755665613417,0,6.2023088866376,0,0,0,6.78407402319067,0,6.19735321034206,0,0,0,3.76518134351047,15.8998104671262,7.6563603183165,0,5.60932808073925,4.09785819878628,4.8109933522864,7.73361601280818,5.76549600320341,0,0
18.5858307520549,0,30.167725499471,0,37.056396484375,0,0,0,11.8287296497216,0,4.38683001528371,0,0,0,0,0,0,0,0,0,3.05003427345062,2.77510753273964,6.14608076478956,0,9.66118479678833,0,0,0,3.7022192862726,0,3.37953861984047,0,0,6.86134981192075,5.60325111952345,5.22871470451355,5.37895330590193,5.9490324474376,0,0,0,0,7.63930360826792,0,0,0,0,8.25980395151943,4.23109147235159,0,0,0,0,0,7.35175154723373,0,5.90881980181363,0,0,0,0,0,0,0,0,7.63286228466751,0,9.40958961001591,0,0,0,4.54983693361282,0,4.90325520588801,0,0,0,9.78524086496851,0,7.02256641358137,6.46682762662205,5.32142645032155,5.69620670993727,4.51229761367165,16.7648271707388,0,9.16554490398599
0,0,0,24.0903768539429,0,0,0,0,0,0,0,0,0,0,0,0,0,0,30.9386177062988,0,0,0,0,0,0,0,0,0,0,0,0,4.86177055040995,13.7176109313965,0,0,14.535379521052,0,0,0,0,0,15.4519771520908,0,0,0,4.00953090190887,0,6.61877777847076,8.6174652069173,6.61634676886087,0,0,0,0,0,0,0,0,0,0,0,0,0,0,0,0,0,0,0,0,0,0,0,0,2.95349431037903,0,0,0,4.13416521330826,0,0,0,9.06244194732522,0,8.45534527842114,15.2157316207886,0
0,61.8220825195312,48.8558883666992,0,0,0,0,0,0,0,0,0,0,0,0,0,60.7183772277832,63.2720000168373,41.8166142986072,82.7807941436768,0,0,0,0,0,0,0,0,0,0,0,0,0,0,35.2226066589355,0,20.0803146776946,0,0,0,0,79.0690994262695,14.6334007223545,0,24.1757732293545,74.7961132866996,13.3779920301807,30.7058236598969,12.2812768707813,51.6694081624349,0,0,0,0,0,0,37.9247856140137,0,0,0,0,0,81.538514388235,17.3591171181391,0,0,0,0,0,0,0,0,78.532112121582,0,0,0,0,0,84.8547584132144,9.48332964456998,88.4677001953125,0,55.2737912962708,0,11.592631277288,94.5553843180339,24.017965060014
0,19.9890658637456,0,29.9216641157101,0,0,0,0,0,12.9584231335363,0,0,0,0,0,0,59.0286178588867,42.8246997866714,23.0641652583257,38.4948614438375,0,0,0,13.9034578800201,0,0,70.3321838378906,0,0,0,0,0,0,0,13.8446764945984,45.7162685394287,25.4965305328369,15.5806625366211,0,15.4519771520908,79.0690994262695,0,8.22283596413158,6.96523286572524,0,19.426159502212,0,12.9883781209588,32.0867214202881,15.8000754344989,0,0,0,0,0,7.28361125787099,0,18.6419860919609,0,18.8240471639131,0,0,24.2575157694605,0,0,0,0,0,0,0,36.8907427787781,0,16.908254478067,0,0,0,0,0,18.675595188252,83.0052235921224,27.8170077006022,0,16.1561594593927,10.4831047058105,11.5903427225003,8.19800128293055,0
20.6733565123185,42.6224830627441,23.7541566316871,0,31.3904647827148,0,0,0,3.83340058842955,0,0,0,0,0,0,0,46.8221428573772,53.9157801734077,20.5642032262377,73.6103795369466,29.3166092463902,0,0,0,7.23386764526367,0,0,0,0,0,0,0,0,0,14.9361813863118,0,28.7573084831238,20.5219402313232,7.63930360826792,0,14.6334007223545,8.22283596413158,0,50.4955673217773,14.4496379336532,66.9184817359561,16.2856321578478,10.3182467382932,6.26023191961798,49.1291856765747,0,0,0,0,4.40030640622844,0,28.399263381958,74.014892578125,0,0,0,0,77.8813445568085,23.8814360414233,0,0,0,6.62151873111725,0,0,0,0,74.734489440918,9.40282711386681,0,0,0,0,77.7636032824246,20.5424593815184,0,5.18415753958655,16.1848958731957,20.8292106389999,12.0322420864844,57.5592613220215,9.16003465847219
0,0,0,0,0,0,0,0,0,0,0,0,0,0,0,0,50.8598976135254,37.5278277397156,12.2279225831391,36.7618560791016,0,0,0,0,0,0,0,0,0,0,0,0,0,0,0,0,0,0,0,0,0,6.96523286572524,50.4955673217773,0,0,21.2709765088731,0,0,0,0,0,0,0,0,0,0,0,36.4965243021647,0,0,0,0,30.6056073262141,0,0,0,0,0,0,0,0,0,36.0614738464355,0,0,0,0,0,29.3488487290458,0,30.6024227142334,0,13.7004312187878,0,8.4235779361838,14.5021684467793,0
0,0,0,0,0,0,0,0,0,0,0,0,0,0,0,0,45.0754590715681,60.4248657226562,23.5496731802475,0,0,0,0,0,0,0,0,0,0,0,0,0,0,0,0,0,0,0,0,0,24.1757732293545,0,14.4496379336532,0,0,0,17.7781410217285,0,26.354118347168,0,0,0,0,0,0,0,0,0,0,0,0,0,0,0,0,0,0,0,0,0,0,0,0,0,0,0,0,0,66.1594734191895,31.8300749206543,0,0,37.5231810118023,0,23.1003308187832,0,19.8279787063599
0,30.1201229095459,75.2869415283203,0,0,0,0,0,0,41.9397064208984,0,0,0,0,0,0,69.8280952453613,59.9766914753974,44.5474753816249,20.904261935841,0,0,0,0,0,0,0,0,0,0,0,0,0,0,0,0,0,12.1181746588813,0,4.00953090190887,74.7961132866996,19.426159502212,66.9184817359561,21.2709765088731,0,0,73.2406120300293,0,0,33.3697116851807,0,0,0,0,0,36.3950271606445,0,27.7748067770431,0,33.1840515136719,0,0,21.8764666154328,0,0,0,0,0,0,0,66.5679264068604,0,42.5145336786906,0,0,0,0,0,36.5063614134837,80.9722141084217,33.4421726635524,0,52.2668304849965,0,21.1275349987559,43.2400768093947,67.8168792724609
0,0,0,0,0,0,0,0,0,0,0,0,0,0,0,0,73.4621734619141,53.78542137146,47.0120611826579,0,6.16019675466749,0,0,0,0,0,0,0,0,0,0,0,0,0,0,0,32.7099516391754,0,0,0,13.3779920301807,0,16.2856321578478,0,17.7781410217285,73.2406120300293,0,0,20.0864835739136,0,0,0,0,0,0,0,15.7996861139933,0,0,0,0,0,0,10.1705648178061,0,0,0,0,0,0,0,0,0,17.262300491333,0,0,0,0,79.3646202087402,16.5551822747824,0,0,58.4303990681966,0,13.6282003924735,0,12.8858763376872
0,34.1280086040497,0,0,0,0,0,0,0,0,0,0,0,0,0,0,0,0,0,0,0,0,0,0,0,0,0,0,0,0,0,4.39437464577811,4.38859497982523,5.37775756933979,6.76381504688601,22.8122577667236,4.88047716185803,6.23057014329093,8.25980395151943,6.61877777847076,30.7058236598969,12.9883781209588,10.3182467382932,0,0,0,0,0,5.55167877610012,5.62049210949576,0,0,0,0,0,0,0,0,0,36.7010243733724,0,0,0,49.3493118286133,0,0,0,0,0,0,0,0,0,0,4.20810044466794,6.60382591123166,7.22107350111008,12.1798216537677,5.24036866685619,5.16746460066901,7.32442624103732,8.71349402806183,6.62784117205049,5.45030629912088,11.190680537984,0,19.7916049957275
3.96942145615509,0,4.70555968454906,0,0,0,0,0,0,0,0,0,0,0,0,0,0,58.4247093200684,47.3175313472748,0,0,0,5.32654199930701,0,20.443603515625,0,0,0,0,0,0,0,4.23763297796249,0,0,0,22.605837060855,0,4.23109147235159,8.6174652069173,12.2812768707813,32.0867214202881,6.26023191961798,0,26.354118347168,0,20.0864835739136,5.55167877610012,0,4.52472947899852,0,0,0,0,11.1553211212158,0,4.55180031934362,0,5.82981235102603,0,3.81416869163513,0,0,27.9313579797745,0,7.07885314256717,0,3.56764752335019,0,4.9910960387017,0,5.33499223915572,0,3.36868965625763,0,6.95143222808838,0,0,0,8.16007543611927,0,5.3658574827231,9.17305816735835,0,7.31732192880405,0,19.0581973075867
0,10.8972766435344,0,11.532583266316,0,15.9105896949768,0,0,0,17.7321426829354,0,0,0,0,0,0,55.244686126709,26.3261852264404,16.9314100031267,39.9923623402913,0,4.10271039922187,0,10.3680034339428,0,14.5757625102997,0,0,0,0,0,0,8.27257076899211,9.44883823394775,14.3694234048167,22.8107247786088,24.2640232510037,5.72473321183014,0,6.61634676886087,51.6694081624349,15.8000754344989,49.1291856765747,0,0,33.3697116851807,0,5.62049210949576,4.52472947899852,0,0,16.2378664016724,0,0,0,14.6053370475769,0,13.4388308064074,0,8.18509583406045,0,15.0215571805051,49.436484336853,0,3.50239818436759,0,10.0468502387856,0,0,0,7.96842988525949,0,10.1315512889769,0,0,0,4.90111635980152,19.7579415639242,6.99227738010905,42.1950691768101,5.76428853396165,0,9.55999748447517,25.2801246643066,10.6945439677803,14.0925769805908,0
0,0,2.85015738010406,0,4.01925412515052,0,0,0,31.2418441772461,0,0,0,0,0,0,0,0,0,0,0,0,0,0,0,33.7827529907227,0,0,0,0,0,0,0,0,0,0,0,0,0,0,0,0,0,0,0,0,0,0,0,0,0,0,0,0,0,9.88834571838379,0,3.55636628248946,0,0,0,0,0,0,7.28039080127859,0,0,0,0,0,0,0,0,0,0,0,0,0,0,0,0,0,0,5.59830581780636,0,5.57624215483665,0,0
0,0,0,5.12202684761697,0,3.66709968447685,0,4.22536897659302,0,5.50824053878458,0,3.66000105832752,0,0,0,0,0,0,0,0,0,0,0,0,0,0,0,0,0,0,0,0,0,0,0,0,0,0,0,0,0,0,0,0,0,0,0,0,0,16.2378664016724,0,0,0,0,0,0,0,4.06610029223703,0,3.22341720263163,0,4.23192739486694,0,0,0,0,0,0,0,0,0,0,0,0,0,0,0,0,0,0,0,0,0,0,5.82138182021476,0,0
0,0,0,0,4.02237313985825,0,3.64738834845392,0,0,0,3.70630328655243,0,0,0,0,0,0,0,0,0,0,0,0,0,0,0,0,0,0,0,0,0,0,0,0,0,0,0,0,0,0,0,0,0,0,0,0,0,0,0,0,0,0,0,0,0,3.80512770513693,0,3.27781879901886,0,0,0,0,8.389049243927,0,0,0,0,0,0,0,0,0,0,0,0,0,0,0,0,0,0,4.15689873695374,0,0,0,0
0,0,0,0,0,0,0,2.95985960960388,0,0,0,0,0,3.71744752856134,0,0,0,0,0,0,0,0,0,0,0,0,0,0,0,0,0,0,0,0,0,0,0,0,0,0,0,0,0,0,0,0,0,0,0,0,0,0,0,0,0,0,0,4.23715741817768,0,4.71886773904165,0,0,0,0,0,0,0,0,0,0,0,0,0,0,0,0,0,0,0,0,0,0,0,0,0,0,0
6.56302095806249,0,9.03301160423844,0,15.4057298660278,0,0,0,7.48315747675668,0,0,0,0,0,4.97758494723927,0,0,0,0,0,0,0,0,0,5.66226771226743,0,5.37928129628647,0,0,0,0,0,0,0,0,0,0,0,7.35175154723373,0,0,0,4.40030640622844,0,0,0,0,0,11.1553211212158,0,9.88834571838379,0,0,0,0,0,0,0,0,0,0,0,0,0,0,0,0,4.81679058863528,0,5.1548513003758,0,0,0,0,0,0,0,0,0,0,0,5.60361150594858,5.2842588123766,0,17.3249487280846,0,5.88860912072031
0,5.04234448364101,0,4.41585567901874,0,0,0,0,0,4.60937948517776,0,0,0,5.53059637546539,0,4.86564388379946,0,3.27708613872528,37.7541751861572,0,0,0,0,8.01463589210103,0,6.65312623977661,0,0,0,0,0,0,0,0,0,0,0,11.6360536520394,0,0,0,7.28361125787099,0,0,0,36.3950271606445,0,0,0,14.6053370475769,0,0,0,0,0,0,0,24.7359146390642,0,11.6285178820292,0,4.4561671479543,0,0,0,0,7.06040291695131,0,6.25313501358032,0,0,0,0,0,0,0,27.529712677002,0,0,0,12.329964489407,0,4.47078995017318,0,14.4068036443868,0,0
7.15731090307236,0,3.16590061783791,0,3.95623377749794,0,4.2819294693371,0,0,0,5.3668300210364,0,2.96051314142015,0,0,0,0,0,0,0,5.68104253768921,0,0,0,0,0,0,0,0,0,4.54600693050184,0,0,0,0,0,4.68470207504604,0,5.90881980181363,0,37.9247856140137,0,28.399263381958,0,0,0,15.7996861139933,0,4.55180031934362,0,3.55636628248946,0,3.80512770513693,0,0,0,0,0,3.46664228473884,0,3.61522494951884,0,0,5.84633183862171,0,0,0,0,0,0,0,0,0,3.56846097572563,0,0,0,0,0,38.7617301940918,0,10.9493355751038,4.64427376404787,0,3.8345448740067,0,0
0,15.7103358714952,0,25.6315066161467,0,3.60078331828117,0,4.48321151733398,0,16.807244193657,0,5.43622506943541,0,14.0038233720339,0,0,69.7779685974121,44.2443111419678,42.8328274726868,11.5103835316531,0,0,0,28.9241008758545,0,0,0,0,0,7.61995148350453,0,0,0,0,0,15.6171263617438,0,5.03373167741866,0,0,0,18.6419860919609,74.014892578125,36.4965243021647,0,27.7748067770431,0,0,0,13.4388308064074,0,4.06610029223703,0,4.23715741817768,0,24.7359146390642,0,0,0,6.85540060704695,0,18.844297451793,18.9647157475698,0,0,0,22.90212059021,0,0,0,8.25312135368586,0,8.23271362910452,0,0,0,0,0,25.0339502972593,84.1543362935384,22.8070356448491,0,19.7244016955582,6.76384449005127,17.7054568150965,15.130837795211,0
10.348406791687,0,3.27955735751561,0,0,0,3.59420943260193,0,0,0,2.74881285429001,0,3.31462064840026,0,3.47025012969971,0,0,0,0,0,0,0,0,0,0,0,0,0,2.92171879915091,0,0,0,0,0,0,0,0,0,0,0,0,0,0,0,0,0,0,0,5.82981235102603,0,0,0,3.27781879901886,0,0,0,3.46664228473884,0,0,0,2.75123751163483,0,0,0,0,0,0,0,0,0,0,0,0,0,0,0,0,0,0,0,0,0,3.51818390846252,0,6.13692808151245,0,0
0,11.5260986915002,0,4.66791999816895,0,0,0,0,0,15.5095025471279,0,7.09359935272572,0,4.86222538470735,0,0,0,0,33.0464363098145,0,0,0,0,0,0,0,0,3.88675942023595,0,0,0,0,0,0,0,0,0,0,0,0,0,18.8240471639131,0,0,0,33.1840515136719,0,36.7010243733724,0,8.18509583406045,0,3.22341720263163,0,4.71886773904165,0,11.6285178820292,0,6.85540060704695,0,0,0,5.70208021782814,30.7998237609863,0,0,0,12.8661181926727,0,10.2074758262634,0,9.77406426000345,0,0,0,0,0,0,0,0,0,0,0,7.25271079440912,6.03757433457808,14.8726181309178,0,0
0,0,4.37460560798645,0,0,0,0,0,3.19786475643967,0,0,0,0,0,3.13371551036835,0,2.75024747848511,0,0,0,0,0,0,0,0,0,0,0,0,0,0,0,0,0,0,0,0,0,0,0,0,0,0,0,0,0,0,0,3.81416869163513,0,0,0,0,0,0,0,3.61522494951884,0,2.75123751163483,0,0,0,0,0,0,0,0,0,0,4.23884010314941,0,0,0,0,0,0,0,0,0,0,0,0,2.95709090232849,0,0,0,0
0,7.39163132147355,0,4.35162096193307,0,0,0,0,0,3.61934190137046,0,0,0,3.99572555224101,0,3.8521826018698,0,0,0,0,0,0,0,0,0,2.96385908126831,0,0,0,0,0,0,0,0,0,0,0,0,0,0,0,0,0,0,0,0,0,0,0,15.0215571805051,0,4.23192739486694,0,0,0,4.4561671479543,0,18.844297451793,0,5.70208021782814,0,0,36.4368095397949,0,0,0,8.16795767054838,0,4.55638382352632,0,8.89234673469625,0,35.2674492730035,0,0,0,0,0,0,0,0,0,0,0,13.9965196313529,0,0
0,67.3752975463867,0,30.989077091217,0,0,0,0,0,40.7891288757324,0,10.0384470886654,0,0,0,0,69.4946556091309,60.4463290703006,43.5597911645335,8.80129348596413,0,0,0,0,0,0,0,0,0,0,0,0,0,0,0,8.44041347530361,0,12.9792542208487,0,0,81.538514388235,24.2575157694605,77.8813445568085,30.6056073262141,0,21.8764666154328,0,0,0,49.436484336853,0,0,0,0,0,0,0,18.9647157475698,0,30.7998237609863,0,36.4368095397949,0,0,0,0,0,0,0,0,37.3297424316406,0,24.5293814594095,0,0,0,0,0,13.576593235303,88.4478825160435,14.9498463310773,0,44.5165787642503,70.7846527099609,20.1449445992852,17.553148845347,0
0,0,45.1403160095215,0,8.28736955538517,0,11.6942743028913,0,0,0,5.23195891720908,0,0,0,0,0,0,0,47.0151081085205,0,4.14176138974814,0,0,0,0,0,0,0,0,0,0,0,0,0,0,0,15.7806581876847,0,0,0,17.3591171181391,0,23.8814360414233,0,0,0,10.1705648178061,49.3493118286133,27.9313579797745,0,7.28039080127859,0,8.389049243927,0,0,0,5.84633183862171,0,0,0,0,0,0,0,0,0,0,0,0,0,0,0,0,8.57044911384583,0,0,0,0,0,14.7711851466099,0,0,11.4162529580137,0,13.9093371068851,0,42.2013282775879
0,0,0,0,0,0,0,0,0,0,0,0,0,0,0,0,0,5.18768033981323,0,0,0,4.43139779150301,0,5.70324059305244,0,9.70079406591562,0,3.9538685798645,0,0,0,0,0,0,0,0,0,5.32755665613417,0,0,0,0,0,0,0,0,0,0,0,3.50239818436759,0,0,0,0,0,0,0,0,0,0,0,0,0,0,0,0,4.77148177623749,0,12.2775577477046,0,5.36511550182766,0,0,0,0,0,0,0,0,0,7.04140618777183,0,4.22154013119794,5.02082829597669,0,0,0
0,0,0,0,0,0,0,0,0,0,0,0,0,0,0,0,0,0,0,0,0,0,4.39017262592617,0,5.68376512652949,0,5.47281255832938,0,2.95638662576675,0,0,0,0,0,0,0,0,0,7.63286228466751,0,0,0,0,0,0,0,0,0,7.07885314256717,0,0,0,0,0,0,0,0,0,0,0,0,0,0,0,0,0,0,4.1677779835308,0,4.77437383787973,0,2.9505729675293,0,0,0,0,0,0,0,0,0,6.79047275200868,4.77598769044223,3.79942417144775,0,0,0
0,7.07611353678235,0,0,0,0,0,0,0,3.61891903596766,0,0,0,0,0,0,0,0,0,0,0,6.16647912180701,0,5.65505552426028,0,4.55308713912964,0,0,0,0,0,0,0,0,0,0,0,6.2023088866376,0,0,0,0,0,0,0,0,0,0,0,10.0468502387856,0,0,0,0,0,7.06040291695131,0,22.90212059021,0,12.8661181926727,0,8.16795767054838,0,0,4.77148177623749,0,0,0,4.70875603812082,0,0,0,0,0,0,0,0,0,0,0,9.34739263334829,0,3.95746189299084,25.4628391265869,5.05081027126654,0,0
16.2362422943115,0,0,0,0,0,0,0,5.56210027242962,0,0,0,0,0,0,0,0,0,0,0,0,0,7.34635104143873,0,4.58596724619014,0,7.12615923978844,0,0,0,0,0,0,0,0,0,0,0,9.40958961001591,0,0,0,6.62151873111725,0,0,0,0,0,3.56764752335019,0,0,0,0,0,4.81679058863528,0,0,0,0,0,0,0,0,0,0,4.1677779835308,0,0,0,6.30807482279264,0,0,0,0,0,0,0,0,0,0,0,7.13840399095506,9.43255044952516,0,10.5130958755811,0,6.93250477313995
0,2.74306774139404,0,0,0,0,0,0,0,5.78433704376221,0,0,0,0,0,5.25408025654879,75.2410430908203,5.61422787772285,0,0,0,5.46735939179562,0,4.96664036626108,0,4.06320252247501,0,0,0,0,0,0,0,0,0,0,0,0,0,0,0,0,0,0,0,0,0,0,0,0,0,0,0,0,0,6.25313501358032,0,0,0,10.2074758262634,0,4.55638382352632,0,0,12.2775577477046,0,4.70875603812082,0,0,0,3.4608145397128,0,0,0,0,0,0,0,0,0,0,0,4.22372102737427,0,0,0,0
0,0,0,0,0,0,0,0,0,0,0,0,0,0,0,0,0,0,0,0,0,0,5.38207880188437,0,5.29558930888018,0,3.5743639322678,0,3.27561348676682,0,0,0,0,0,0,0,0,0,0,0,0,0,0,0,0,0,0,0,4.9910960387017,0,0,0,0,0,5.1548513003758,0,0,0,0,0,4.23884010314941,0,0,0,0,4.77437383787973,0,6.30807482279264,0,0,0,3.44736308984823,0,0,0,0,0,0,0,0,0,0,4.26939980189006,0,0,0,0
0,0,0,27.7104347773961,0,0,0,0,0,17.9230144500732,0,7.39236402511597,0,4.61223324139913,0,0,0,0,38.2094821929932,0,0,7.62029724238953,0,0,0,4.04338451794216,0,5.13292016954733,0,6.33699210181491,0,0,0,0,0,0,0,6.78407402319067,0,0,0,36.8907427787781,0,0,0,66.5679264068604,0,0,0,7.96842988525949,0,0,0,0,0,0,0,8.25312135368586,0,9.77406426000345,0,8.89234673469625,37.3297424316406,0,5.36511550182766,0,0,0,3.4608145397128,0,0,0,0,0,0,0,0,0,85.7873916625977,110.636329650879,6.59467413654066,0,7.28870664766202,3.40463032929794,21.0053845919096,15.1415214538574,0
0,0,0,0,0,0,0,0,0,0,2.85246539115906,0,3.02430481215318,0,0,0,0,0,0,0,0,0,5.31143206357956,0,0,0,0,0,4.12647247895962,0,3.12934360748682,0,0,0,0,0,0,0,4.54983693361282,0,0,0,0,0,0,0,0,0,5.33499223915572,0,0,0,0,0,0,0,0,0,0,0,0,0,0,0,0,2.9505729675293,0,0,0,3.44736308984823,0,0,0,6.4623931105671,0,0,0,0,0,0,0,3.76976147294044,4.06817750563988,0,0,0,0
0,0,0,28.6976845362415,0,0,0,0,0,17.8988484700521,0,7.82356943975606,0,0,0,0,78.7014007568359,49.5980317969071,43.3061298541169,14.6395885713639,0,0,0,0,0,0,0,10.9437870979309,0,4.40557267769523,0,0,0,0,0,0,0,6.19735321034206,0,0,78.532112121582,16.908254478067,74.734489440918,36.0614738464355,0,42.5145336786906,0,0,0,10.1315512889769,0,0,0,0,0,0,0,8.23271362910452,0,0,0,35.2674492730035,24.5293814594095,0,0,0,0,0,0,0,0,0,0,0,0,0,0,0,63.5787418910435,0,4.03725328825522,0,26.1578964255503,0,12.9160454758731,15.7633586801508,0
0,0,30.01393699646,0,0,0,0,0,0,0,3.80875364015269,0,0,0,0,0,0,0,32.445282459259,0,0,0,0,0,0,0,0,0,0,0,5.22564638898058,0,0,0,0,0,51.1863441467285,0,4.90325520588801,0,0,0,9.40282711386681,0,0,0,17.262300491333,0,3.36868965625763,0,0,0,0,0,0,0,3.56846097572563,0,0,0,0,0,0,8.57044911384583,0,0,0,0,0,0,0,6.4623931105671,0,0,0,0,0,0,146.331893920898,43.1069679260254,0,3.17105002403259,46.3839678764343,0,12.6479191631079,0,17.5109357833862
0,0,0,0,0,0,0,0,0,0,0,0,0,0,0,0,0,0,0,0,0,0,0,0,0,0,0,0,0,0,0,3.3620547580719,0,3.36731863021851,0,2.9045224739955,0,0,0,2.95349431037903,0,0,0,0,0,0,0,4.20810044466794,0,0,0,0,0,0,0,0,0,0,0,0,0,0,0,0,0,0,0,0,0,0,0,0,0,0,0,0,4.56615575154622,0,5.14140121830417,0,0,0,0,0,0,0,0
0,0,0,0,0,0,0,0,0,0,0,0,0,0,0,0,0,0,0,0,0,0,0,0,0,0,0,0,0,0,0,0,5.44253010116857,0,0,0,7.94106688333112,0,0,0,0,0,0,0,0,0,0,6.60382591123166,6.95143222808838,0,0,0,0,0,0,0,0,0,0,0,0,0,0,0,0,0,0,0,0,0,0,0,0,0,0,0,0,3.97979528563363,0,10.5221872200837,0,0,6.34866399765015,0,0,0,0
0,0,0,0,0,0,0,0,0,0,0,0,0,0,0,0,0,0,0,0,0,0,0,0,0,0,0,0,0,0,0,0,0,3.98459535000046,12.3889967898528,5.74832077967629,0,3.76518134351047,0,0,0,0,0,0,0,0,0,7.22107350111008,0,4.90111635980152,0,0,0,0,0,27.529712677002,0,0,0,0,0,0,0,0,0,0,0,0,0,0,0,0,0,0,4.56615575154622,0,0,16.5405425344195,5.95375534340187,0,4.67821099029244,22.7076568603516,9.3788300261778,4.63762521743774,0,0,0
0,0,0,0,0,0,0,0,0,0,0,0,0,0,0,0,0,0,0,0,0,0,0,0,0,0,0,0,0,0,0,0,3.09935623407364,9.50425691297739,6.19197989198946,20.3985492565014,9.78645412044565,15.8998104671262,9.78524086496851,0,0,0,0,0,0,0,0,12.1798216537677,0,19.7579415639242,0,0,0,0,0,0,0,0,0,0,0,0,0,0,0,0,0,0,0,0,0,0,0,0,0,3.97979528563363,16.5405425344195,0,0,10.899433465703,19.9000625610352,4.06511498972313,12.3877838379818,6.41383681498783,0,0,0
64.2544021606445,57.1329917907715,0,0,0,0,0,7.97607743740082,0,0,0,10.0802088377541,0,0,0,0,76.1385087966919,66.3184012907097,47.2618783360436,11.5210758840716,0,0,0,0,0,0,0,0,0,0,0,3.27359793060704,0,6.77112956001753,0,6.1303904546142,118.277732849121,7.6563603183165,0,4.13416521330826,84.8547584132144,18.675595188252,77.7636032824246,29.3488487290458,66.1594734191895,36.5063614134837,79.3646202087402,5.24036866685619,0,6.99227738010905,0,0,0,0,0,0,0,25.0339502972593,0,0,0,0,13.576593235303,0,0,0,0,0,0,0,85.7873916625977,0,63.5787418910435,146.331893920898,5.14140121830417,0,5.95375534340187,0,0,93.206040993715,6.16153457402603,0,31.5464781489103,0,16.3879289049381,21.409709984862,0
0,86.797004699707,0,0,0,0,0,0,0,75.4304046630859,4.12609052658081,0,0,0,0,0,71.1578952420142,66.0144230627244,47.6812184666635,91.9994455973307,10.7587206840515,0,0,0,0,0,0,0,0,0,0,0,7.25811056839013,0,13.3585095252173,6.60611724636771,6.65539078049473,0,7.02256641358137,0,9.48332964456998,83.0052235921224,20.5424593815184,0,31.8300749206543,80.9722141084217,16.5551822747824,5.16746460066901,8.16007543611927,42.1950691768101,0,0,0,0,0,0,38.7617301940918,84.1543362935384,0,0,0,0,88.4478825160435,14.7711851466099,0,0,0,0,0,0,110.636329650879,0,0,43.1069679260254,0,10.5221872200837,0,10.899433465703,93.206040993715,0,88.6174850463867,6.81743388021841,21.4097346403762,11.1400489807129,18.4826142863382,0,24.9587471402925
0,12.8055950270759,0,0,0,0,0,0,0,22.0622806549072,0,7.2578071900036,0,0,0,0,0,62.0641345977783,46.4196368975517,8.27744845549265,0,6.52168964920331,0,9.79337444081026,0,15.4578409194946,0,4.57421048756303,0,6.18050060691414,0,0,0,7.43636685628502,6.41072782393425,6.63035862415004,0,5.60932808073925,6.46682762662205,0,88.4677001953125,27.8170077006022,0,30.6024227142334,0,33.4421726635524,0,7.32442624103732,0,5.76428853396165,0,0,0,0,0,12.329964489407,0,22.8070356448491,0,0,0,0,14.9498463310773,0,7.04140618777183,0,9.34739263334829,0,0,0,6.59467413654066,0,4.03725328825522,0,0,0,4.67821099029244,19.9000625610352,6.16153457402603,88.6174850463867,0,30.8152870178223,9.84821437158265,9.28185563230039,27.1622488243239,18.0865077105435,0
0,0,0,0,0,0,0,0,10.6910158793132,0,5.37510357962714,0,0,0,0,0,0,0,0,0,3.00990420977275,0,6.83911587528716,0,7.50609038903461,0,0,0,2.95079641342163,0,3.12494783401489,0,0,16.5086622238159,5.98396533267085,7.48034327030182,7.04704615704485,4.09785819878628,5.32142645032155,0,0,0,5.18415753958655,0,0,0,0,8.71349402806183,5.3658574827231,0,0,0,0,0,5.60361150594858,0,10.9493355751038,0,0,0,0,0,0,0,0,6.79047275200868,0,7.13840399095506,0,0,0,3.76976147294044,0,3.17105002403259,0,0,22.7076568603516,4.06511498972313,0,6.81743388021841,30.8152870178223,0,6.47428313928911,5.90464640635031,17.8958923339844,0,7.69611124558882
7.88382226687211,12.728487615784,8.22302953339377,33.3075525495741,6.05356111841382,0,3.35140593142449,3.20214122533798,4.70048672638967,7.38547319900699,4.06364115737599,4.69325709004294,3.38632082939148,4.22469351534941,2.99136693137033,0,13.6823327028122,13.5229717582865,14.8265386706512,28.0087929849441,4.97295940450847,4.0064689148852,4.82720447755327,4.13934503955606,5.44720739119067,14.5662663578987,19.7713745662144,5.56860542093005,4.02461994687716,6.12981198024165,0,3.36573728900746,5.58546993494034,4.34648449263887,10.4608039215868,5.56896099600536,7.22342930619913,4.8109933522864,5.69620670993727,9.06244194732522,55.2737912962708,16.1561594593927,16.1848958731957,13.7004312187878,37.5231810118023,52.2668304849965,58.4303990681966,6.62784117205049,9.17305816735835,9.55999748447517,5.59830581780636,0,4.15689873695374,0,5.2842588123766,4.47078995017318,4.64427376404787,19.7244016955582,3.51818390846252,7.25271079440912,2.95709090232849,0,44.5165787642503,11.4162529580137,4.22154013119794,4.77598769044223,3.95746189299084,9.43255044952516,4.22372102737427,4.26939980189006,7.28870664766202,4.06817750563988,26.1578964255503,46.3839678764343,0,6.34866399765015,9.3788300261778,12.3877838379818,31.5464781489103,21.4097346403762,9.84821437158265,6.47428313928911,0,4.51454154539335,17.5784904051375,23.4682623721458,23.1551128953111
0,0,8.44707012176514,0,0,0,0,0,4.28446214539664,0,0,9.05116529464722,0,3.88169087480196,0,0,7.5967074501094,8.26288851084131,22.0194076961941,0,0,4.68254490887246,3.98104284207026,25.0353214740753,23.5204257965088,0,29.5878562927246,5.49898639311744,0,5.51441026936058,0,0,0,4.61887030765928,4.34819382677476,3.57902491092682,4.47704024093096,7.73361601280818,4.51229761367165,0,0,10.4831047058105,20.8292106389999,0,0,0,0,5.45030629912088,0,25.2801246643066,0,0,0,0,0,0,0,6.76384449005127,0,6.03757433457808,0,0,70.7846527099609,0,5.02082829597669,3.79942417144775,25.4628391265869,0,0,0,3.40463032929794,0,0,0,0,0,4.63762521743774,6.41383681498783,0,11.1400489807129,9.28185563230039,5.90464640635031,4.51454154539335,0,14.2315036058426,0,0
