0,0,0.0252166890804828,0,0.00601856760473448,0,0,0,0.0261701254231832,0,0,0,0,0,0,0,0,0,0,0,0,0,0,0,0.000158834893712816,0,0,0,0,0,0,0,0,0,0,0,0,0,5.1081543309366e-06,0,0,0,0.000372055137813914,0,0,0,0,0,0.017759622004234,0,0,0,0,0,0.0410115285687456,0,0,0,0,0,0,0,0,0,0,0,0,0,0,0,0,0,0,0,0,0,0,0,0,0,0,0,0.000814470775062123,0,0.00199538579655477,0,0
0,0,0,0.0586178111445773,0,0.0118422955524211,0,0,0,0.0577985666620205,0,0,0,0,0,0,0,0,0,0,0,9.37451364618801e-06,0,0.00174640067073023,0,0,0,0,0,0,0,0,0,0,0,2.25919630427869e-06,0,0,0,0,0,0,0,0,0,0,0,0,0,0.032962665881959,0,0,0,0,0,0.0291801632795901,0,1.38227133123501e-05,0,0,0,0,4.12159332633649e-05,0,7.4171085440627e-06,0,0.000530863263803077,0,0,0,0,0,0,0,0,0,0,0,0,0,0,0,0.00147896572401169,0,0.00262379826248023,0,0
0.0252166890804828,0,0,0,0.0619657932050844,0,0,0,0.00647504159019489,0,0,0,0,0,0,0,0,0,5.9236525576743e-05,0,0.000200989400527015,0,0,0,0,0,0,0,0,0,0,0,0,0,0,3.05946434889936e-06,7.29345832081409e-06,0,0,0,0.000154785487960885,0,0,0,0,0,0.000191172495909593,0,0.0088546257656314,0,0.0181847414131079,0,0,0,0.00144735942538592,0,0.0244836145711442,0,0.00472871900205525,0,0,0,0,0,0,0,0,0,0,0,0,0,0,0,0,0,0,0,0,2.28764987142015e-06,0,0,0.000289347421631724,0,0.0138877552674998,0,0
0,0.0586178111445773,0,0,0,0.0234210597794702,0,0,0,0.00989329336319555,0,4.27323425695114e-05,0,0,0,0.00280786794067357,0,0,0,4.08024350572864e-05,0,0,0,0,0,0,0,0,0,0,0,4.51886420631984e-05,0,0,0,1.33321089083277e-05,0,0,0,0.000304097406909751,0,0.00181868498861332,0,0,0,0.00130411690590204,0,0.000702939605638032,0.000251820582871014,0.0225346140213284,0,0,0,0,0,0.0158212417823508,0,0.000324962779000243,0,0,0,0.00229201712042203,0.000538952725041572,0,0,0,0,0,0,0,0,0,3.04931552107251e-05,0,0,0,0,0,1.91966360697175e-05,0,3.3007163353724e-05,0,8.95616011211166e-05,0,0.0167561234590783,0,0
0.00601856760473448,0,0.0619657932050844,0,0,0,0.000109647283250421,0,0.0051724707698446,0,8.68050493201804e-05,0,0,0,0,0,0,0,0,0,0.00497121325416498,0,0,0,0,0,0,0,0,0,0,0,0,0,0,0,1.26159625660197e-05,0,0,0,0.000438468848103064,0,0,0,0,0,0.000639791620758445,0,0.000654485111936521,0,0.0208342550680337,0,0,0,0.0151513755922365,0,0.000389386184370229,0,0,0,0.000546769430185862,0,0,0.000741356208481732,0,0,0,0,0,0,0,0,0,0,0,0,0,0,3.10771502504506e-06,3.98957820010417e-06,0,0,0.000740909307268287,3.08528190564179e-06,0.00218046368656974,0,0
0,0.0118422955524211,0,0.0234210597794702,0,0,0,0,0,0.000553579010216632,0,0.000224134648855593,0,0,0,0.000279468594418953,0,0,3.85702601562012e-05,0.00143668601385013,0,0,0,0,0,0,0,0,0,0,0,0,0,0,0,4.06823556871165e-06,0,0,0,0.000175092937796089,0,0.000338754339249055,5.66741195031197e-05,0,0,0.000498760747979848,0,0.000336655751001781,0.00016404959559108,0.00250325413951002,0,0.0438247207491032,0,0,0,0.000839119358641578,0,0.00440811191421867,0,0.000373630554104768,0,0.000417248130168191,0.00412619552259887,0,0,0,0,0,0,0,0,0,0,0,0,0,0,0,4.20623213622651e-06,0,5.00146000136255e-06,0,0.000656924800870702,0,0.0019553913535411,0.000382777255168405,0
0,0,0,0,0.000109647283250421,0,0,0,0,0,0.000163554771261791,0,8.26685427455232e-05,0,0,0,0,0,0,0,0,0,0,0,0,0,0,0,0,0,0,0,0,0,0,0,0,0,0,0,0,0,0,0,0,0,0,0,0,0,0,0,0.0150156438402627,0,0,0,0.00162520625990393,0,0,0,0,0,0,0,0,0,0,0,0,0,0,0,0,0,0,0,0,0,0,0,0,0,0.000932572872946478,0,0,0,0
0,0,0,0,0,0,0,0,0,0,0,0.0140010609322258,0,0,0,0,0,0,0,0,0,0,0,0,0,0,0,0,0,0,0,0,0,0,0,0,0,0,0,0,0,0,0,0,0,0,0,0,0,0,0,0,0,0.0334555299186957,0,0,0,0.00744629525060075,0,0,0,0,0,0,0,0,0,0,0,0,0,0,0,0,0,0,0,0,0,0,0,0,0.000437148355202718,0,0,0,0
0.0261701254231832,0,0.00647504159019489,0,0.0051724707698446,0,0,0,0,0.000126755846050687,0,0,0,0,0.0256872931196834,0,0.0183979134852727,0.00150740344113771,0.0039836978299332,0,0,0,4.30371355831041e-06,0,0.0349424858358503,0,0.0369607425097665,0,0,0,0,0,0,0,0,0,0,0,0.000247568409409203,0,0.000222624947272384,0,0.00046805113370916,0,0,0,0,0,0.00213190193957457,0,0,0,0,0,0.142053579488989,0,0,0,9.95678219821005e-05,0,0.0225269400358324,0,0,2.4884725694548e-05,0,0,0,0.00518893720928883,0,0.00852636169636223,0,0,0,0,0,0,0,0,3.64513542869965e-06,2.71805173474061e-05,0,3.51036846558695e-06,0.00487141231358908,0,0.00571453889882401,0,0
0,0.0577985666620205,0,0.00989329336319555,0,0.000553579010216632,0,0,0.000126755846050687,0,0,0,0,0,0,0.00222895217319736,0.000287037363596478,0.00885058896365542,0.00132213530907107,0,0,0,0,0.0191995803641043,0,0.00465507195740669,0,0,0,0,0,0,0,0,0,0,7.56092982570568e-06,0.000189251265703572,0,0,0,0.000174818655101088,0,0,0,0,0,0,0,0.003502736554829,0,0.00059859399109654,0,0,0,0.0421802711855494,0,0,0,0,0,0.00662444535523363,0,0,0,0,0.00362169079314435,0,0.00252631510887645,0,0,0,0,0,0,0,0,0,1.09340762447055e-05,0,0.000211448430887236,0,0.00241528825518722,0,0.0019396375389453,0,0
0,0,0,0,8.68050493201804e-05,0,0.000163554771261791,0,0,0,0,0,0,0,0,0,3.8884025574656e-05,0,0.000154282274462186,0,0.0426214845192654,0,0,0,0,0,0,0,0,0,0.00338531623878432,0,0,0,0,1.45287967365855e-06,0.000795044839367986,0,0.00561587306916877,1.31905309343849e-05,0.00160479240635646,0,0.000691841279759686,0,0.00100302750414,0,0.00194490369037572,1.12213614978471e-05,0.000618856132574369,0,0,0,0,0,0,0,0.0561769882069899,0,0,0,0,0,0,0.0119821793378112,0,0,0,0,0,0,0,0,0,0.00207731009587247,0,0,0,0,1.10404646218188e-06,0.00122908488740367,0,0.00092660414917997,0.00180578538994724,0,0.00130624572589084,0,0.00129803763113832
0,0,0,4.27323425695114e-05,0,0.000224134648855593,0,0.0140010609322258,0,0,0,0,0,0.0136609225941877,0,0,4.34608990082622e-06,2.96456640728744e-06,0.000351005110094713,0.0254764743783121,0,0,0,0,0,0,0,0,0,0.0278503187693242,0,0,0,0,0,0.00364557094016345,0,0.00471394233430263,0,0.000892508684855243,2.44137081343979e-05,0.00252599749279148,0,0.00129981315438581,0,0.0126658981817367,0,0.00039916016982065,5.10946425011553e-05,0.000549650912421411,0,0.00139119529511031,0,0.00288360011942029,0,0,7.90223859964932e-06,0.113906576901786,0,0.00282523943830538,0,0,0.0152358494389936,0,0,0,0,0,0,0,0,0,0.00151968800415798,0,9.98284165055086e-06,0,1.5959338635065e-05,0,0.00338118013329817,7.92065045017912e-06,0.00209065625684744,0,0.00210250161691535,0,0.00122005600431488,0.00341515207508135,0
0,0,0,0,0,0,8.26685427455232e-05,0,0,0,0,0,0,0,9.60937904892489e-05,0,0,0,0,0,0,0,0,0,0,0,0,0,0,0,0,0,0,0,0,0,0,0,0,0,0,0,0,0,0,0,0,0,0,0,0,0,0,0,0,0,0,0,0.00594208276675776,0,0,0,0,0,0,0,0,0,0,0,0,0,0,0,0,0,0,0,0,0,0,0,0,0,0,0,0
0,0,0,0,0,0,0,0,0,0,0,0.0136609225941877,0,0,0,7.7420350862667e-05,0,2.33464229075014e-05,0,0,0,0,0,0,0,0,0,0.00162420148665408,0,0,0,0,0,0,0,0,0,0,0,0,0,0,0,0,0,0,0,0,0,0,0,0,0,0,0,0,0,0.000169325692481652,0,0.00171601125609413,0,0,0,0,0,0,0,0,0,0,0,0,0,0,0,0,0,0,0,0,0,0,9.23348375635756e-05,3.05248048375933e-06,0,0,0
0,0,0,0,0,0,0,0,0.0256872931196834,0,0,0,9.60937904892489e-05,0,0,0,0.0107324812629387,0.000706163117098896,0.000735476796161942,0,0,0,0,0,0.00374432364010454,0,0.0451402191400243,0,0,0,0,0,0,0,0,0,9.08999618341776e-06,0,0,0,0,0,0,0,0,0,0,0,0,0,0,0,0,0,0.021509442175852,0,0,0,0,0,0.0588156482764475,0,0,0,0,0,0,0,0,0.0184846007449088,0,0,0,0,0,0,0,0,0,0,0,0,0.00107558881242135,0,0,0,0
0,0,0,0.00280786794067357,0,0.000279468594418953,0,0,0,0.00222895217319736,0,0,0,7.7420350862667e-05,0,0,0,0.0100029476187758,0.000170899612827533,0,0,0,0,0.00224749669893722,0,0.00985779210773887,0,0.0005610320998166,0,0,0,0,0,0,0,0,0,0,0,0,0,6.9720259275827e-05,0,0,0,0,0,0,0,0.00143983174368366,0,0.00097263969766042,0,0,0,0.00230474685024314,0,0,0,0,0,0.00462116121702152,0,0,0,0,0.000291719133734155,0,0.00853326143877522,0,0,0,0,0,0,0,0,0,0,0,0,0,0.00102689536068605,6.18686014727891e-06,0,0,0
0,0,0,0,0,0,0,0,0.0183979134852727,0.000287037363596478,3.8884025574656e-05,4.34608990082622e-06,0,0,0.0107324812629387,0,0,0.0651150040704834,0.0611954523779948,3.03650197178959e-06,2.74287012967439e-05,0,0.000809331794254838,0,0.00929232995455799,0,0.0244719932605884,0,0,0,5.25732185923441e-06,0,0,0,0,1.04133911589458e-05,0.000123384628087481,0,1.81192369557769e-05,0.000174743722636795,0.000549643962021327,9.59036633972747e-05,0.000260616224280327,1.99430952423831e-05,0.00108555630583968,4.74786646367513e-05,0.000878881406682069,0,6.54584291351903e-05,4.50260028854036e-05,0,0,0,0,0.00575132967100583,0,3.09140966430067e-05,3.31749022067264e-06,0,0,0.00410994597713606,0,6.5858304431463e-06,3.36375325037783e-05,0,0,0,0.000244020112346127,0,0.00326121930916445,0,0,0,1.19718808927048e-05,0,0,0,1.03183864489647e-05,0.000383048879501868,0.000594396059564163,2.95485866216943e-05,2.07331809291842e-05,0.0285639853113735,2.92978573782702e-05,0.00148422850950795,1.37884999747639e-05,0.000120443358252877
0,0,0,0,0,0,0,0,0.00150740344113771,0.00885058896365542,0,2.96456640728744e-06,0,2.33464229075014e-05,0.000706163117098896,0.0100029476187758,0.0651150040704834,0,0.0941684936012429,0,0,0.00577974524405946,0,0.0130279910043461,0.00114233003278604,0.0113154061382404,0.000491240170456768,0.00020029943291363,0,0,0,0,0,0,0,3.493541241097e-05,0,0,3.07200990779259e-06,2.90814287623074e-05,6.65689946458865e-05,8.68340679561178e-05,1.0583615997965e-05,0,7.75868130071296e-06,4.02716973606663e-05,1.41918390377225e-05,0,0,0,0,0,0,0,0.000416443835443161,3.7038340409016e-05,1.20100795822336e-05,2.9307793835024e-06,0,0,0.00012735412109897,0.000267871931659122,0,4.53252717808527e-06,0.00114584750208768,0,0.00427425407828885,0,0.00215479820197075,0.000222854640703151,0,0,0,0,0,0,0,0,0.000257140559285663,3.43003635009554e-05,0,0,0.0269122173357617,0.000512819157342053,0.000155415959571635,0,0
0,0,5.9236525576743e-05,0,0,3.85702601562012e-05,0,0,0.0039836978299332,0.00132213530907107,0.000154282274462186,0.000351005110094713,0,0,0.000735476796161942,0.000170899612827533,0.0611954523779948,0.0941684936012429,0,0.000691043912389586,0.000894599567841896,0,0,0.00122180967166483,0.0014384908916635,0.000269880487308652,0.0010037214323845,0,0,0,3.46413499437361e-05,0,0,7.35819546116921e-05,0,0.00161228657946295,0.000808696812092322,3.8534798028025e-05,0.000200151452479278,0.0124906768520951,0.00946844130502362,0.0249297496758203,0.0311801689647016,0.000521513462234566,0.00387559375368899,0.00515003184837323,0.00742318729302083,0.000301149549781516,0.000729895137621826,0.00193713250982872,0,0,0,0,0.000523138689703102,3.67120665032417e-05,0.000907209253064418,0.000619450645177465,0,0,0.000126534552384427,0,0.00100379454961704,0.00115653219674679,0,0,0.000141928747406542,0,0,0.000232820382446215,0,0,2.3423981603825e-05,0.000188248644756523,0,0,8.21175310569323e-05,0,0.0108984550122636,0.00582776831369873,0.000700144534416176,0.000579813417200028,0.0141050384879228,2.60378785652413e-05,0.0206905286371455,0.00393328008161663,0.00258574383086262
0,0,0,4.08024350572864e-05,0,0.00143668601385013,0,0,0,0,0,0.0254764743783121,0,0,0,0,3.03650197178959e-06,0,0.000691043912389586,0,0,0,0,0,0,0,0,0,0,0,0,0,0,0,0,0.00843013106544893,0,0.00429027394542432,0,0.0018264280894711,0.000156870044136857,0.00852006081844594,4.9133215022557e-05,0.00898075745979381,0,0.0231773208795662,6.39768052774826e-05,0.000377344949015901,0.000248814649565085,0.00125937720108342,0,0.000804021665551497,0,0,0,0,0,0.0165423045325434,0,0,0,0,0.186288909316335,0,6.26073720039178e-06,0,0,0,0,0,0,0,0.000451475234462847,0,1.27561631016577e-05,0,4.73556023625815e-05,0,0.0124907798891974,1.26164397022168e-05,0.00521481226825095,0,0.00221080752862136,8.39221098065769e-06,0.00389667271269644,0.00788367343309179,0
0,0,0.000200989400527015,0,0.00497121325416498,0,0,0,0,0,0.0426214845192654,0,0,0,0,0,2.74287012967439e-05,0,0.000894599567841896,0,0,0,0,0,0,0,0,0,0,0,0.000517352751864487,0,0,0,0,3.16478568462394e-06,0.0073620378208086,0,0.00921955773932399,3.46202975218971e-05,0.00796707279565663,0,0.00587786352804597,0,0.0110602968160368,9.62582506755559e-06,0.0127323972307461,0.000114806267668476,0.0042077297197665,4.99113611751611e-05,0,0,0,0,0,0,0.0257952507672235,0,0,0,0,0,0,0.117228799523791,0,0,0,0,0,0,0,1.97814243917487e-05,0,0.00993400446451081,0,0,0,0.000118681374419181,1.43661285207265e-05,0.0142754369862087,0,0.0085060801367833,0.00125971130727889,2.32540573543261e-05,0.0110494723416336,0,0.0143346003838326
0,9.37451364618801e-06,0,0,0,0,0,0,0,0,0,0,0,0,0,0,0,0.00577974524405946,0,0,0,0,0.00233615294631222,0.00730606816248736,0,0.00760347202062766,0,0.00327913139325973,0,0,0,0,0,0,0,0,0,0.0175611016412964,0.000699547819355257,0,0,0,0,0,0,0,0,0,0,0.00974467127995439,0,0,0,0,0,0,0,0.000376968236703462,0,0,0,0,0,0,0.0727637704156446,0,0.000950868789337853,0,0.000901525977085558,0,0.00881726152584525,0,5.40979204198618e-05,0,0,0,0,0,0,0,0.00624378530454777,1.57626615313022e-05,0.00469184966708047,0.000171686998311932,0.00045162682316433,0,0
0,0,0,0,0,0,0,0,4.30371355831041e-06,0,0,0,0,0,0,0,0.000809331794254838,0,0,0,0,0.00233615294631222,0,0,0.00202543408086698,0,0.000467221583888944,0,0.000776438452862494,0,0,0,0,0,0,0,0,0.000170443558328944,0.0030358830080929,0,0,0,0,0,0,0,0,0,0.00331682593828132,0,0,0,0,0,0,0,0,0,0,0,0,0,0,0,0.00010687435366254,0.0719116403538498,0,0.00144900339622954,0,0.000123460294955233,0,5.14845528740463e-05,0,0,0,0,0,0,0,0,0,0.00298855435585841,0.00270498546824504,0.000148595611048442,1.20299770742541e-05,0,0
0,0.00174640067073023,0,0,0,0,0,0,0,0.0191995803641043,0,0,0,0,0,0.00224749669893722,0,0.0130279910043461,0.00122180967166483,0,0,0.00730606816248736,0,0,0,0.07226349549273,0,0,0,0,0,0,0,0,0,0,0,0.00447325728432929,0,0,0,0,0,0,0,0,0,0,0,0.0201863879607989,0,0,0,0,0,0.00725292334394026,0,0.000527011419846062,0,0,0,0.00073139990051196,0,0,0.00191363368382621,0,0.207749709464392,0,0.00609223788774356,0,0.00114297511341963,0,4.30329478353026e-05,0,0,0,0,0,0,0,0.000248667463736457,0,0.00511767497251608,2.52553538449907e-06,0.00406920602646521,0,0
0.000158834893712816,0,0,0,0,0,0,0,0.0349424858358503,0,0,0,0,0,0.00374432364010454,0,0.00929232995455799,0.00114233003278604,0.0014384908916635,0,0,0,0.00202543408086698,0,0,0,0.0564292340683594,0,0,0,0,0,0,0,0,0,0,0,0.00154361494290675,0,0,0,0,0,0,0,0,0,0.015321375386306,0,0,0,0,0,0.0292572161485494,0,0,0,0,0,0.000715400798667189,0,0,0,0,0.000269782357463022,0,0.209542684496351,0,0.0200770200081382,0,0.000533792748785368,0,0,0,0,0,0,3.14075721520304e-05,0,0,0.000158445548964627,0.00271484235670498,0,0.00190129621880956,0,0
0,0,0,0,0,0,0,0,0,0.00465507195740669,0,0,0,0,0,0.00985779210773887,0,0.0113154061382404,0.000269880487308652,0,0,0.00760347202062766,0,0.07226349549273,0,0,0,0.0175734464756872,0,0,0,0,0,0,0,0,0,0,0,0,0,0,0,0,0,0,0,0,0,0,0,0,0,0,0,0.00109167795199858,0,0,0,0,0,0.0122158379556521,0,0,0.00260567077153779,0,0.0276815541274461,0,0.263247832486709,0,0.00229566598043384,0,0,0,0,0,0,0,0,0,0,0,0.00183222251699324,0,0,0,0
0,0,0,0,0,0,0,0,0.0369607425097665,0,0,0,0,0,0.0451402191400243,0,0.0244719932605884,0.000491240170456768,0.0010037214323845,0,0,0,0.000467221583888944,0,0.0564292340683594,0,0,0,0.00641022049997706,0,0,0,0,0,0,0,0,0,0,0,0,0,0,0,0,0,0,0,0,0,0,0,0,0,0.012807665445058,0,2.52549535633393e-05,0,0,0,0.0232494816109101,0,0,0,0,4.57703581997033e-05,0,0.00543586112937418,0,0.114093497762387,0,0.00269962345684444,0,2.1789189316638e-05,0,0,0,0,0,4.31728643124728e-06,0,3.48176181474633e-06,0.00256562072011853,0,0,0,0
0,0,0,0,0,0,0,0,0,0,0,0,0,0.00162420148665408,0,0.0005610320998166,0,0.00020029943291363,0,0,0,0.00327913139325973,0,0,0,0.0175734464756872,0,0,0,0.00152498893883437,0,0,0,0,0,0,0,0,0,0,0,0,0,0,0,0,0,0,0,0,0,0,0,0,0,0,0,0,0,0.00143464833854142,0,0,0,0,0.00225607137286098,0,0,0,0.00442790186240099,0,0.0217561363511399,0,0.00818273202013005,0,0,0,0,0,0,0,0,0,0.00033464022116371,0.000159274563327227,0,0,0
0,0,0,0,0,0,0,0,0,0,0,0,0,0,0,0,0,0,0,0,0,0,0.000776438452862494,0,0,0,0.00641022049997706,0,0,0,0.00182701954800202,0,0,0,0,0,0,0,1.19368778541684e-05,0,0,0,0,0,0,0,0,0,8.10488401244418e-05,0,0,0,0,0,0,0,0,0,0,0,0,0,0,0,0,4.04344681839811e-05,0,0,0,0.00275647822451721,0,0.00939451480296095,0,0.00106848843596679,0,0,0,0,0,0,0,0.000563569577116127,0.000185099342152057,0,0,0,0
0,0,0,0,0,0,0,0,0,0,0,0.0278503187693242,0,0,0,0,0,0,0,0,0,0,0,0,0,0,0,0.00152498893883437,0,0,0,0,0,0,0,0,0,0.00329368375761646,0,0,0,0,0,0,0,0,0,0,0,0,0,0,0,0,0,0,0,0.0156484773852331,0,0,0,0,0,0,0,0,0,0,0,0,0.00111459391913098,0,0.0735867037000011,0,0,0,0,0,0,0,0.00140172138018152,0,6.30976909209922e-05,0,0,0,0
0,0,0,0,0,0,0,0,0,0,0.00338531623878432,0,0,0,0,0,5.25732185923441e-06,0,3.46413499437361e-05,0,0.000517352751864487,0,0,0,0,0,0,0,0.00182701954800202,0,0,0,0,0,0,0,1.08436567182902e-05,0,0.00285878884427551,0,5.47057549497171e-05,0,0,0,0.000472293943330059,0,5.18660337643748e-05,0,0,0,0,0,0,0,0,0,0.000462927595293321,0,0,0,0,0,0,0.000291710936051688,0,0,0,0,0,0,0,0,0,0.0664803675730882,0,0,0,0,1.5898848910503e-06,1.74217686371581e-05,0,0.00252456209999461,0.000245176209683062,9.73994720356865e-05,0.000170664648782161,0,0.00058701320778816
0,0,0,4.51886420631984e-05,0,0,0,0,0,0,0,0,0,0,0,0,0,0,0,0,0,0,0,0,0,0,0,0,0,0,0,0,0.0497388353376666,0.053715349485796,0,0.00585684199829348,1.88758401942778e-06,0,0,0.000149687741489871,0,0.000165704231767999,0,0,0,4.82603434738203e-05,0,0.033374850301423,0,0.00144995367463153,0,0,0,0,0,0,0,1.61541145022012e-05,0,0,0,0,1.57107817400637e-05,0,0,0,0,0,0,0,0,0,0,0,0.180781020144605,0.00214960144201291,0.0222376545008993,0.00119907975854688,0.00644858439468977,1.93206350788705e-05,0,0,0.00344277614327291,0,3.15885193132605e-05,0,0
0,0,0,0,0,0,0,0,0,0,0,0,0,0,0,0,0,0,0,0,0,0,0,0,0,0,0,0,0,0,0,0.0497388353376666,0,0.00316350685116539,0.0188261034179048,0,0.00345460045847533,0,0,0,0,0,5.62059815596766e-05,0,0,0,0,0.0096041612996275,0.00031291797372302,0,0,0,0,0,0,0,0,0,0,0,0,0,0,0,0,0,0,0,0,0,0,0,0,0,0.0743160797884518,0.213979125191976,0.00664110099681054,0.024541091725488,0,0.00572997304479132,0,0,0.00151664965421643,0,0,0,0
0,0,0,0,0,0,0,0,0,0,0,0,0,0,0,0,0,0,7.35819546116921e-05,0,0,0,0,0,0,0,0,0,0,0,0,0.053715349485796,0.00316350685116539,0,0.110355090930034,0.0069887811879441,4.48409858793068e-05,0.00468195889806754,0.000183235619022415,0.00106530642434273,0,0.00210622334122891,7.84480964470188e-05,0,0.00017955388452376,0.000105093080957353,0,0.0858904674098585,0,0.0063412400286679,0,0,0,0,0,0,0,8.87558141942236e-06,0,0,0,0,3.06769174976734e-05,0,0,0,0,0,0,0,0,0,0,0,0.0201686619003657,0.00102389848202345,0.258710436698607,0.040875095728801,0.0041725096804672,0.000302725816486187,0.00821489375747419,0,0.00156803400587695,0,0.000598028860895738,2.63995412890096e-05,0
0,0,0,0,0,0,0,0,0,0,0,0,0,0,0,0,0,0,0,0,0,0,0,0,0,0,0,0,0,0,0,0,0.0188261034179048,0.110355090930034,0,0,0.00561292345087242,0.000132165186369696,0.00301860779249577,0,0.000133979222738194,2.20304482247352e-05,0.000781586998084687,0,0.000456965603035944,0,8.2893283669172e-05,0.113292350267748,0.00314622897739207,0,0,0,0,0,0,0,0,0,0,0,0,0,0,0,0,0,0,0,0,0,0,0,0,0,0.000188804880550475,0.00145878749645388,0.0700672128286525,0.318468485231117,0,0.00478841125724719,0,0.00796206347828845,0.000581418013079757,0,0.000521250282748126,0,0
0,2.25919630427869e-06,3.05946434889936e-06,1.33321089083277e-05,0,4.06823556871165e-06,0,0,0,0,1.45287967365855e-06,0.00364557094016345,0,0,0,0,1.04133911589458e-05,3.493541241097e-05,0.00161228657946295,0.00843013106544893,3.16478568462394e-06,0,0,0,0,0,0,0,0,0,0,0.00585684199829348,0,0.0069887811879441,0,0,0.000126464739423905,0.033846692570835,0,0.000568040965470751,3.70789345326939e-05,0.00273420519500266,0.000239486641646326,0.000724881434445379,3.57977814396097e-05,0.00195026435337037,1.69817523010436e-05,0.00145004494577971,0.0003679973154765,0.000762219534991809,0,0,0,0,0,0,1.8082400812156e-06,0.000208067751387906,0,0,0,0,0.00186884101072827,1.66419703827303e-05,0,0,0,0,0,0,0,0,0,0,0.00461909574196701,0,0.00151632353058788,0,0.124365314651618,3.20235572513209e-05,0.00659207785272486,0,0.0135168182847081,0.00393330359661671,0.00161288385643688,0.000588466590043886,2.82732443547911e-06
0,0,7.29345832081409e-06,0,1.26159625660197e-05,0,0,0,0,7.56092982570568e-06,0.000795044839367986,0,0,0,9.08999618341776e-06,0,0.000123384628087481,0,0.000808696812092322,0,0.0073620378208086,0,0,0,0,0,0,0,0,0,1.08436567182902e-05,1.88758401942778e-06,0.00345460045847533,4.48409858793068e-05,0.00561292345087242,0.000126464739423905,0,0,0.04477880107855,3.5361800304805e-05,0.000989310699309433,5.02990217742875e-05,0.00246888179293669,0,0.000905049613741396,3.03723216266767e-05,0.00352586921870939,0.000556282672588739,0.00158936173378284,5.16577342234296e-05,0,0,0,0,0,0,0.000489718614739165,2.45198453605511e-06,0,0,0,0,1.73700881579268e-05,0.00246746133366166,0,0,0,0,0,0,0,0,0,6.62715431862622e-05,0,0.0010668437994507,0,0.00257657537193433,7.12714340467407e-05,0.122896074409865,0,0.0122204256856298,0.0155154261628261,0.00650873696136533,0.00400937891758565,0,0.000179629467815868
0,0,0,0,0,0,0,0,0,0.000189251265703572,0,0.00471394233430263,0,0,0,0,0,0,3.8534798028025e-05,0.00429027394542432,0,0.0175611016412964,0.000170443558328944,0.00447325728432929,0,0,0,0,0,0.00329368375761646,0,0,0,0.00468195889806754,0.000132165186369696,0.033846692570835,0,0,0.00287056784362816,4.07156875065886e-05,0,0.00103623865417124,0,1.63127884134289e-05,0,0.000374766092038322,0,0.00281872176852833,0,0.00237854241945011,0,0,0,0,0,0,0,0.000171244587687213,0,0,0,0,0.0031867380604576,0,0.000515233560498912,0,0.000928017055684106,0,0,0,2.573260488395e-05,0,0.00147056129768656,0,0,0,0.00340225910505853,6.28239512942062e-05,0.0121137101653656,0,0.140124628300512,0.000348296613840075,0.00979602864709786,0.00173396950656534,0.0024446070606219,7.17516545591684e-05,0
5.1081543309366e-06,0,0,0,0,0,0,0,0.000247568409409203,0,0.00561587306916877,0,0,0,0,0,1.81192369557769e-05,3.07200990779259e-06,0.000200151452479278,0,0.00921955773932399,0.000699547819355257,0.0030358830080929,0,0.00154361494290675,0,0,0,1.19368778541684e-05,0,0.00285878884427551,0,0,0.000183235619022415,0.00301860779249577,0,0.04477880107855,0.00287056784362816,0,0,0.000397859783125428,5.2753505430303e-06,0.00121067233142531,0,0.000547954034006431,2.36746069067175e-05,0.000808603649304502,0.000111276350086881,0.00183618865995034,0,0,0,0,0,0,0,0.002891103312777,0,0,0,0,0,0,0.000817094341677193,0,0.00238124723267795,0,0.000317517843354765,0,0,0,0.000240453654602664,0,0.000284429321805217,0,0,0,0.00288872973371889,1.53706604962486e-05,0.0104484245633212,7.28605787869291e-05,0.103828602505571,0.00819780270292821,0.00371983572443208,0.00241637091073829,0,4.7433050836949e-05
0,0,0,0.000304097406909751,0,0.000175092937796089,0,0,0,0,1.31905309343849e-05,0.000892508684855243,0,0,0,0,0.000174743722636795,2.90814287623074e-05,0.0124906768520951,0.0018264280894711,3.46202975218971e-05,0,0,0,0,0,0,0,0,0,0,0.000149687741489871,0,0.00106530642434273,0,0.000568040965470751,3.5361800304805e-05,4.07156875065886e-05,0,0,0.000544637381483807,0.0510336204728437,0.0036981678383275,0.00705687529512589,9.75639728398809e-05,0.0410563778970774,0.00145484747395844,0.0167097010695121,0.00352655537282956,0.045154276575888,0,0,0,0,0,0,0.000193059551471526,0.00185237661438933,0,0,0,0,0.0116742443618758,0.000257846099503354,0,0,0,0,0,0,0,0,1.77845929210063e-05,5.94915811070753e-05,0.00051673158785686,0,0.00883502712410444,0,0.00930039473557959,0.000167110709876644,0.000873643469239249,6.01513648203537e-06,0.00056976867522146,7.87641131626306e-06,0.0176544209653071,0.0298395452997978,0.000650358242094224
0,0,0.000154785487960885,0,0.000438468848103064,0,0,0,0.000222624947272384,0,0.00160479240635646,2.44137081343979e-05,0,0,0,0,0.000549643962021327,6.65689946458865e-05,0.00946844130502362,0.000156870044136857,0.00796707279565663,0,0,0,0,0,0,0,0,0,5.47057549497171e-05,0,0,0,0.000133979222738194,3.70789345326939e-05,0.000989310699309433,0,0.000397859783125428,0.000544637381483807,0,0.00183066545038784,0.0722177413500116,0,0.017013212391877,0.000330909645755759,0.0326087360144136,0.00388367419170242,0.0872403572933523,0.000416375487823461,0,0,0,0,0,0,0.00471617234256393,2.18397994791882e-05,0,0,0,0,7.20703285188586e-05,0.0208837786333611,0,0,0,0,0,1.87142120378671e-05,0,0,0,0.000579142497423995,0,0.00235299278744904,0,0.00144136275097717,0.000326502835205672,0.0164972542246321,1.4271696973026e-05,0.0017059340655875,0.000394624024228585,1.7336378370413e-05,0.0399562261755436,0.000410271227582786,0.0306324615427567
0,0,0,0.00181868498861332,0,0.000338754339249055,0,0,0,0.000174818655101088,0,0.00252599749279148,0,0,0,6.9720259275827e-05,9.59036633972747e-05,8.68340679561178e-05,0.0249297496758203,0.00852006081844594,0,0,0,0,0,0,0,0,0,0,0,0.000165704231767999,0,0.00210622334122891,2.20304482247352e-05,0.00273420519500266,5.02990217742875e-05,0.00103623865417124,5.2753505430303e-06,0.0510336204728437,0.00183066545038784,0,0.0103819095804051,0.0104443403704276,0.000888322993823371,0.0168595417730033,0.000870209609124737,0.0309455790860504,0.00085093120195806,0.0534284689752419,0,3.9389920079854e-05,0,0,0,0,0.000106720791216914,0.0270153885033463,0,0,0,0,0.0303470880731145,0.000405473673815099,0,0,0,0,0,0,0,0,0.00192069711703312,1.43113719635587e-05,0,0,0.00314895269570429,4.22690230607726e-05,0.0206484803758189,0.00054255102977716,0.00361340320975075,2.44627531350555e-06,0.0038922879587837,1.37747361988496e-05,0.103508097833826,0.0906143600143143,0.000621473982548055
0.000372055137813914,0,0,0,0,5.66741195031197e-05,0,0,0.00046805113370916,0,0.000691841279759686,0,0,0,0,0,0.000260616224280327,1.0583615997965e-05,0.0311801689647016,4.9133215022557e-05,0.00587786352804597,0,0,0,0,0,0,0,0,0,0,0,5.62059815596766e-05,7.84480964470188e-05,0.000781586998084687,0.000239486641646326,0.00246888179293669,0,0.00121067233142531,0.0036981678383275,0.0722177413500116,0.0103819095804051,0,4.47862174928813e-05,0.00421578335483374,0.000688304612443529,0.00836708891589534,0.0186008834530884,0.0662962529783871,0.00281676043275551,0,0,0,0,0,0,0.00661637907934668,5.62118779916456e-05,0,0,0,0,0.000133423048162753,0.0121095906422725,0,0,0,0,0,0,0,0,0,0.00232804652274737,0,1.39553519221298e-05,0.000231857128607074,0.00135514192578823,0.00152744823758101,0.0185608040231214,0.000295365165959371,0.00175306962436801,0.00451327533846854,1.37009063288906e-05,0.161485112462353,0.000764332897043726,0.10668196373456
0,0,0,0,0,0,0,0,0,0,0,0.00129981315438581,0,0,0,0,1.99430952423831e-05,0,0.000521513462234566,0.00898075745979381,0,0,0,0,0,0,0,0,0,0,0,0,0,0,0,0.000724881434445379,0,1.63127884134289e-05,0,0.00705687529512589,0,0.0104443403704276,4.47862174928813e-05,0,0,0.00126401295342837,0.000162110461649694,0,0,0.00146352859934998,0,0,0,0,0,0,0,0.00487515713435305,0,0,0,0,0.000386444732221403,0,0,0,0,0,0,0,0,0,0.000106785838724706,0,0,0,0,0,0.00414588486527212,1.38209917773525e-05,0.00196854199446175,0,2.53224439954059e-05,0,0.00842537728807151,0.0225338615743732,0
0,0,0,0,0,0,0,0,0,0,0.00100302750414,0,0,0,0,0,0.00108555630583968,7.75868130071296e-06,0.00387559375368899,0,0.0110602968160368,0,0,0,0,0,0,0,0,0,0.000472293943330059,0,0,0.00017955388452376,0.000456965603035944,3.57977814396097e-05,0.000905049613741396,0,0.000547954034006431,9.75639728398809e-05,0.017013212391877,0.000888322993823371,0.00421578335483374,0,0,0.000147850981913435,0.00729471422129714,0,0.000241643330233137,3.72469604180603e-05,0,0,0,0,0,0,0.00915421727549607,0,0,0,0,0,1.77595315853737e-05,0.00543951193060088,0,0,0,0,0,0,0,0,0,0.00401139951476983,0,0,0,0.000630547169299875,0.000192539967848691,0.0023501394767758,2.71200713299925e-05,0.00122868858228602,0.000143308290308067,2.47216784978402e-05,0.00960748310765431,0.000217640063950988,0.00928972015993381
0,0,0,0.00130411690590204,0,0.000498760747979848,0,0,0,0,0,0.0126658981817367,0,0,0,0,4.74786646367513e-05,4.02716973606663e-05,0.00515003184837323,0.0231773208795662,9.62582506755559e-06,0,0,0,0,0,0,0,0,0,0,4.82603434738203e-05,0,0.000105093080957353,0,0.00195026435337037,3.03723216266767e-05,0.000374766092038322,2.36746069067175e-05,0.0410563778970774,0.000330909645755759,0.0168595417730033,0.000688304612443529,0.00126401295342837,0.000147850981913435,0,0.000145873108060061,0.00837036479492218,0.00305717954576621,0.0167115791765985,0,1.11973413439954e-05,0,0,0,0,6.25167150313227e-06,0.0121243934911502,0,0,0,0,0.0626389679054301,2.01312800088074e-05,0,0,0,0,0,0,0,0,0.00019393523652275,0,0.000105589144082857,0,0.00114557030825799,0,0.0220585018161256,0.000128303300486619,0.00566331371428353,6.2928999267407e-06,0.00048375561433408,0.000158184019977547,0.0222586230490607,0.00438790359387734,4.38466592365965e-05
0,0,0.000191172495909593,0,0.000639791620758445,0,0,0,0,0,0.00194490369037572,0,0,0,0,0,0.000878881406682069,1.41918390377225e-05,0.00742318729302083,6.39768052774826e-05,0.0127323972307461,0,0,0,0,0,0,0,0,0,5.18660337643748e-05,0,0,0,8.2893283669172e-05,1.69817523010436e-05,0.00352586921870939,0,0.000808603649304502,0.00145484747395844,0.0326087360144136,0.000870209609124737,0.00836708891589534,0.000162110461649694,0.00729471422129714,0.000145873108060061,0,0.000830027500425533,0.0300767033182958,0.000410472386006221,0,0,0,0,0,0,0.00686279480345684,1.05964350292863e-05,0,0,0,0,5.26238847784625e-05,0.0295316101440437,0,0,0,0,0,0,0,0,0,0.000831881602483929,0,0.00034471342194354,0,0.000476160508235612,0.00049181137461054,0.0190520546966649,3.62487464045729e-05,0.00446645827854911,0.000731367485197967,9.72328418715388e-05,0.0254562539966545,0.000164573662964073,0.00216463996619989
0,0,0,0.000702939605638032,0,0.000336655751001781,0,0,0,0,1.12213614978471e-05,0.00039916016982065,0,0,0,0,0,0,0.000301149549781516,0.000377344949015901,0.000114806267668476,0,0,0,0,0,0,0,0,0,0,0.033374850301423,0.0096041612996275,0.0858904674098585,0.113292350267748,0.00145004494577971,0.000556282672588739,0.00281872176852833,0.000111276350086881,0.0167097010695121,0.00388367419170242,0.0309455790860504,0.0186008834530884,0,0,0.00837036479492218,0.000830027500425533,0,0.0471051652615821,0.0599167459546863,0,0,0,0,0,0,1.63132950396551e-05,0.000587694372565036,0,0,0,0,0.00321368877925312,0.000748238384916492,0,0,0,0,0,0,0,0,0,0,0.022929179593942,0.0094585243311869,0.0805383164141956,0.0292336197994074,0.00354891118613145,0.00897894409692965,0.00779579033101922,0.00387774797555217,0.00300944041827655,3.27899474590375e-05,0.0130136496375289,0.000133654446426453,0
0.017759622004234,0,0.0088546257656314,0.000251820582871014,0.000654485111936521,0.00016404959559108,0,0,0.00213190193957457,0,0.000618856132574369,5.10946425011553e-05,0,0,0,0,6.54584291351903e-05,0,0.000729895137621826,0.000248814649565085,0.0042077297197665,0,0.00331682593828132,0,0.015321375386306,0,0,0,8.10488401244418e-05,0,0,0,0.00031291797372302,0,0.00314622897739207,0.0003679973154765,0.00158936173378284,0,0.00183618865995034,0.00352655537282956,0.0872403572933523,0.00085093120195806,0.0662962529783871,0,0.000241643330233137,0.00305717954576621,0.0300767033182958,0.0471051652615821,0,0.00447959660194043,8.66125056622779e-05,1.62066312396619e-05,0,0,0,0,0.0076187723455433,0.000285768465586911,3.19327218873758e-05,0,0,0,0.00168248667982643,0.0132175246070644,0,0.00449093974883455,0,0.0151312856661302,0,0.0014637681419519,0,0.0211903584196731,0,0.00142603726537765,0,0.00877780904356863,8.31017117999605e-05,0.0145908176086456,0.000654767244751733,0.0050595562326567,4.64905845307111e-05,0.0217100619763437,0.000850167381191921,4.59854484190002e-06,0.061076342902712,4.79995398441155e-05,0.00134663198846642
0,0.032962665881959,0,0.0225346140213284,0,0.00250325413951002,0,0,0,0.003502736554829,0,0.000549650912421411,0,0,0,0.00143983174368366,4.50260028854036e-05,0,0.00193713250982872,0.00125937720108342,4.99113611751611e-05,0.00974467127995439,0,0.0201863879607989,0,0,0,0,0,0,0,0.00144995367463153,0,0.0063412400286679,0,0.000762219534991809,5.16577342234296e-05,0.00237854241945011,0,0.045154276575888,0.000416375487823461,0.0534284689752419,0.00281676043275551,0.00146352859934998,3.72469604180603e-05,0.0167115791765985,0.000410472386006221,0.0599167459546863,0.00447959660194043,0,0,0,0,0,0,0.0023262233940732,3.74307922863524e-05,0.00580764336919802,0,0,0,0.000840971411459621,0.00616880482071675,3.12432056324165e-05,0.00404317509630209,0,0.0152892039389566,0,0,0,0.00107651286393929,0,0.000796390229537143,1.61495831167316e-05,0.00176728369213257,0,0.0461501346348532,0,0.00602929677945803,5.99723969494795e-05,0.00571364955790579,7.92284590214189e-06,0.00102167355532548,9.14152600879782e-06,0.0252259107259255,0.00419742985545533,2.87536632151077e-05
0,0,0.0181847414131079,0,0.0208342550680337,0,0,0,0,0,0,0,0,0,0,0,0,0,0,0,0,0,0,0,0,0,0,0,0,0,0,0,0,0,0,0,0,0,0,0,0,0,0,0,0,0,0,0,8.66125056622779e-05,0,0,0,0,0,0.00213392244115646,0,0,0,0,0,0.000143828850113084,0,0,0,0,0,0,0,0,0,0,0,0,0,0,0,0,0,0,0,0,0,1.59135142631324e-05,0,0,0,0
0,0,0,0,0,0.0438247207491032,0,0,0,0.00059859399109654,0,0.00139119529511031,0,0,0,0.00097263969766042,0,0,0,0.000804021665551497,0,0,0,0,0,0,0,0,0,0,0,0,0,0,0,0,0,0,0,0,0,3.9389920079854e-05,0,0,0,1.11973413439954e-05,0,0,1.62066312396619e-05,0,0,0,0,0.00159333655750038,0,0,0,0.00591898761722623,0,0.00512849051508333,0,0,0.000716632974033932,0,0,0,0,0,0,0,0,0,0,0,0,0,0,0,0,0,0,0,8.71033652139468e-05,0,6.20036344810986e-05,0,0
0,0,0,0,0,0,0.0150156438402627,0,0,0,0,0,0,0,0,0,0,0,0,0,0,0,0,0,0,0,0,0,0,0,0,0,0,0,0,0,0,0,0,0,0,0,0,0,0,0,0,0,0,0,0,0,0,0,0,0,0,0,0.000396809664380271,0,0,0,0,0,0,0,0,0,0,0,0,0,0,0,0,0,0,0,0,0,0,0,0.000365958988976848,0,0,0,0
0,0,0,0,0,0,0,0.0334555299186957,0,0,0,0.00288360011942029,0,0,0,0,0,0,0,0,0,0,0,0,0,0,0,0,0,0,0,0,0,0,0,0,0,0,0,0,0,0,0,0,0,0,0,0,0,0,0,0.00159333655750038,0,0,0,0,0,0.00568956093119163,0,0.000106324632826718,0,0,0,0,0,0,0,0,0,0,0,0,0,0,0,0,0,0,0,0,0,0,0.000168820399791384,0,0,0,0
0.0410115285687456,0,0.00144735942538592,0,0.0151513755922365,0,0,0,0.142053579488989,0,0,0,0,0,0.021509442175852,0,0.00575132967100583,0.000416443835443161,0.000523138689703102,0,0,0,0,0,0.0292572161485494,0,0.012807665445058,0,0,0,0,0,0,0,0,0,0,0,0,0,0,0,0,0,0,0,0,0,0,0,0.00213392244115646,0,0,0,0,0,0,0,0,0,0.0108818244115524,0,0,0,0,0,0,0.0039214026296134,0,0.00354908785824567,0,0,0,0,0,0,0,0,0,0,0,0,0.00161018776835111,0,2.13658404794315e-05,0,0
0,0.0291801632795901,0,0.0158212417823508,0,0.000839119358641578,0,0,0,0.0421802711855494,0,0,0,0,0,0.00230474685024314,0,3.7038340409016e-05,3.67120665032417e-05,0,0,0,0,0.00725292334394026,0,0.00109167795199858,0,0,0,0,0,0,0,0,0,0,0,0,0,0,0,0,0,0,0,0,0,0,0,0.0023262233940732,0,0,0,0,0,0,0,0,0,0,0,0.00829105021542639,0,0,0,0,0.00262166053578403,0,0.000651357124899026,0,0,0,0,0,0,0,0,0,1.28949649541852e-06,0,0,0,0.000105491063151266,0,1.32472948647955e-05,0,0
0,0,0.0244836145711442,0,0.000389386184370229,0,0.00162520625990393,0,0,0,0.0561769882069899,7.90223859964932e-06,0,0,0,0,3.09140966430067e-05,1.20100795822336e-05,0.000907209253064418,0,0.0257952507672235,0,0,0,0,0,2.52549535633393e-05,0,0,0,0.000462927595293321,0,0,0,0,1.8082400812156e-06,0.000489718614739165,0,0.002891103312777,0.000193059551471526,0.00471617234256393,0.000106720791216914,0.00661637907934668,0,0.00915421727549607,6.25167150313227e-06,0.00686279480345684,1.63132950396551e-05,0.0076187723455433,3.74307922863524e-05,0,0,0,0,0,0,0,0,0.00270351022824409,0,6.28240971367409e-05,0,0,0.0498577806507265,0,0,0,0.000621504042314147,0,0.000368348932890001,0,0.00270875303351317,0,0.0372112706028424,0,0.000101094215121901,0,0,8.74883567971591e-05,0.00483654761612454,0,0.000748277196348053,0.00104886912099624,4.04138876680318e-06,0.0142400574699356,1.82796357187659e-05,0.0179003592169168
0,1.38227133123501e-05,0,0.000324962779000243,0,0.00440811191421867,0,0.00744629525060075,0,0,0,0.113906576901786,0,0.000169325692481652,0,0,3.31749022067264e-06,2.9307793835024e-06,0.000619450645177465,0.0165423045325434,0,0.000376968236703462,0,0.000527011419846062,0,0,0,0,0,0.0156484773852331,0,1.61541145022012e-05,0,8.87558141942236e-06,0,0.000208067751387906,2.45198453605511e-06,0.000171244587687213,0,0.00185237661438933,2.18397994791882e-05,0.0270153885033463,5.62118779916456e-05,0.00487515713435305,0,0.0121243934911502,1.05964350292863e-05,0.000587694372565036,0.000285768465586911,0.00580764336919802,0,0.00591898761722623,0,0.00568956093119163,0,0,0,0,0,0.0070527574720336,0,0,0.0427405987335971,0,0.000310745369215789,0,0.00018599129939148,0,0,0,1.88554148437171e-05,0,0.00691136011189057,0,0,0,0.000136887502137247,0,0.000955586786679263,1.51407152194128e-05,3.96585014709595e-05,0,0.000427479557089458,2.81633887042935e-06,0.016147501403723,0.0159153313785248,0
0,0,0.00472871900205525,0,0,0,0,0,9.95678219821005e-05,0,0,0,0.00594208276675776,0,0,0,0,0,0,0,0,0,0,0,0,0,0,0,0,0,0,0,0,0,0,0,0,0,0,0,0,0,0,0,0,0,0,0,3.19327218873758e-05,0,0,0,0.000396809664380271,0,0,0,0.00270351022824409,0,0,0,0.00129441952396456,0,0,0,0,0,0,0,0,0,0,0,0,0,0,0,0,0,0,0,0,0,0,0,0,0,0
0,0,0,0,0,0.000373630554104768,0,0,0,0,0,0.00282523943830538,0,0.00171601125609413,0,0,0,0,0,0,0,0,0,0,0,0,0,0.00143464833854142,0,0,0,0,0,0,0,0,0,0,0,0,0,0,0,0,0,0,0,0,0,0,0,0.00512849051508333,0,0.000106324632826718,0,0,0,0.0070527574720336,0,0,0,0,0,0,0,0,0,0,0,0,0,0,0,0,0,0,0,0,0,0,0,0,0,0,0,0,0
0,0,0,0,0.000546769430185862,0,0,0,0.0225269400358324,0,0,0,0,0,0.0588156482764475,0,0.00410994597713606,0.00012735412109897,0.000126534552384427,0,0,0,0,0,0.000715400798667189,0,0.0232494816109101,0,0,0,0,0,0,0,0,0,0,0,0,0,0,0,0,0,0,0,0,0,0,0,0.000143828850113084,0,0,0,0.0108818244115524,0,6.28240971367409e-05,0,0.00129441952396456,0,0,0,0,0,0,0,0,0,0,0.0105780172358561,0,0,0,0,0,0,0,0,2.55251640528183e-06,2.12413419250504e-06,0,0,0.000515696872344154,0,0,0,0
0,0,0,0.00229201712042203,0,0.000417248130168191,0,0,0,0.00662444535523363,0,0,0,0,0,0.00462116121702152,0,0.000267871931659122,0,0,0,0,0,0.00073139990051196,0,0.0122158379556521,0,0,0,0,0,0,0,0,0,0,0,0,0,0,0,0,0,0,0,0,0,0,0,0.000840971411459621,0,0,0,0,0,0.00829105021542639,0,0,0,0,0,0,0,0,0,0,0,0,0.0119195029375748,0,0,0,0,0,0,0,0,0,0,0,0,0,6.15569323788932e-05,0,0,0,0
0,4.12159332633649e-05,0,0.000538952725041572,0,0.00412619552259887,0,0,0,0,0,0.0152358494389936,0,0,0,0,6.5858304431463e-06,0,0.00100379454961704,0.186288909316335,0,0,0,0,0,0,0,0,0,0,0,1.57107817400637e-05,0,3.06769174976734e-05,0,0.00186884101072827,1.73700881579268e-05,0.0031867380604576,0,0.0116742443618758,7.20703285188586e-05,0.0303470880731145,0.000133423048162753,0.000386444732221403,1.77595315853737e-05,0.0626389679054301,5.26238847784625e-05,0.00321368877925312,0.00168248667982643,0.00616880482071675,0,0.000716632974033932,0,0,0,0,0,0.0427405987335971,0,0,0,0,0,0,0,0,0,0,0,0,0,0,0.00103756640531037,0,4.88068588166357e-05,0,0,0,0.0332646928655979,1.54807870191811e-05,0.011209459422595,0,0.00219849964964096,0.000341791584391399,0.014051917323754,0.00523426909688583,1.23117524565887e-05
0,0,0,0,0.000741356208481732,0,0,0,2.4884725694548e-05,0,0.0119821793378112,0,0,0,0,0,3.36375325037783e-05,4.53252717808527e-06,0.00115653219674679,0,0.117228799523791,0,0,0,0,0,0,0,0,0,0.000291710936051688,0,0,0,0,1.66419703827303e-05,0.00246746133366166,0,0.000817094341677193,0.000257846099503354,0.0208837786333611,0.000405473673815099,0.0121095906422725,0,0.00543951193060088,2.01312800088074e-05,0.0295316101440437,0.000748238384916492,0.0132175246070644,3.12432056324165e-05,0,0,0,0,0,0,0.0498577806507265,0,0,0,0,0,0,0,0,0,0,0,0,0,0,0,0,0.00881552574979606,0,3.82350161412439e-05,0,0.000137815636186296,3.01537270337884e-05,0.0185755274365848,5.86555706850486e-06,0.00529449143107739,0.00124422144932093,1.35172495754699e-05,0.0293655647051714,0,0.0125455335002957
0,7.4171085440627e-06,0,0,0,0,0,0,0,0,0,0,0,0,0,0,0,0.00114584750208768,0,6.26073720039178e-06,0,0.0727637704156446,0.00010687435366254,0.00191363368382621,0,0.00260567077153779,0,0.00225607137286098,0,0,0,0,0,0,0,0,0,0.000515233560498912,0,0,0,0,0,0,0,0,0,0,0,0.00404317509630209,0,0,0,0,0,0,0,0.000310745369215789,0,0,0,0,0,0,0,0,0.00258777064812121,0,0.000516049167343991,0,0.000937842987842779,0,5.43096916748577e-05,0,0,0,0,0,0,0,0.00505805729825442,0,0.000441463171135595,0,0.000250900399440106,0,0
