0,0.282677412033081,0.143072283833566,0,0,0,0,0,0.178379718285457,0,0.358100667595863,0,0,0,0.136429558197657,0,0.317850973361578,0.247924380004406,0.307840202003717,0,0.443906191322539,0,0,0,0,0,0,0,0,0,0,0,0,0,0,0,0,0,0,0.388296261429787,0,0.304957322776318,0.259664472086089,0,0,0.286814257502556,0.293516575462288,0,0.234600358733558,0,0,0,0,0,0.151188171013843,0,0.244325199659835,0,0.162550253172716,0,0.149298082651763,0,0,0.430991658836268,0,0,0,0,0,0,0,0,0,0.37140223197639,0,0,0,0,0.360754299908876,0.423040277296954,0,0.472925881544749,0.256236293099143,0,0.300758375400338,0,0.330892205238342
0.282677412033081,0,0,0.173266795965341,0,0,0,0,0,0.1384823797692,0,0,0,0,0,0.157761273905635,0.340654924511909,0,0.262486539622571,0,0,0,0,0,0,0,0,0,0,0,0,0,0,0,0,0,0,0.276622265577316,0.302787452936172,0.275562271475792,0,0.3316754162386,0,0,0,0.286448061466217,0.328688740730286,0.260384559631348,0,0.171656201267318,0,0,0,0,0,0.14150138180625,0,0,0,0,0,0,0,0.292975187301636,0,0,0,0,0,0,0,0,0.289854317903519,0,0,0,0,0,0,0.35027389228344,0,0,0.209451941603964,0.249160036444664,0.242221497959242,0,0
0.143072283833566,0,0,0.253293097019196,0.201348427683115,0,0,0,0.136528153531253,0,0.25385782122612,0,0,0,0,0,0,0,0.26776833967729,0,0.280428552627563,0,0,0,0,0,0,0,0,0,0,0,0,0,0,0,0,0,0,0.25890192118558,0.235289337960157,0.261615514755249,0.26669239963739,0,0,0.254901677370071,0.205638517108228,0,0.189921544933761,0.220567181706429,0.203574351469676,0,0,0,0.173001995103227,0,0.238466224529677,0,0.197632146378358,0,0.183119923980148,0,0,0.262052966488732,0,0,0,0,0,0,0,0.240867813428243,0,0.270422191421191,0,0,0,0,0.316827356815338,0.26352490319146,0,0.27030947804451,0.238736410190662,0,0.201115930801744,0,0.252504947284857
0,0.173266795965341,0.253293097019196,0,0,0.157793607602837,0,0,0,0.149910845102802,0,0,0,0,0,0.173981405117295,0,0,0.2707629352808,0,0,0,0,0,0,0,0,0,0,0,0,0,0,0,0,0.217086300901745,0,0,0,0.25724775200853,0.244021981954575,0.273989565486659,0.289691036397761,0,0,0.278465181803532,0.2762580960989,0.280409863591194,0.260268882649844,0.213064099401236,0,0.214261408504118,0,0,0,0.166130749410705,0.242454908788204,0.238637627826797,0,0.266926579036803,0,0.196884909662131,0.258758520086606,0,0,0,0,0,0,0,0,0.257342219352722,0.298000211517016,0,0,0,0,0,0.243816011755363,0.317053347826004,0.366165463413511,0,0.266530683965221,0.23502282500267,0.267867168179511,0.287265264987946,0.328102846940358
0,0,0.201348427683115,0,0,0,0,0,0.170198885202408,0,0,0,0,0,0,0,0,0,0,0,0.170911095598165,0,0,0,0,0,0,0,0,0,0,0,0,0,0,0,0.195498486359914,0,0,0,0,0,0,0,0,0,0,0,0,0,0.194249376829933,0,0,0,0,0,0.216384801268578,0,0.218822364296232,0,0.193288643445287,0,0,0.220156798760096,0,0,0,0,0,0,0,0,0,0.239518612623215,0,0,0,0,0,0,0,0,0.187960974739853,0.197271262605985,0.176251863745543,0,0
0,0,0,0.157793607602837,0,0,0,0.206184748920702,0,0.123274870216846,0,0,0,0,0,0,0,0,0,0.132592968642712,0,0,0,0,0,0,0,0,0,0,0,0,0,0,0,0.228423207998276,0,0,0,0.185819700360298,0,0.224948175251484,0,0,0,0,0,0,0,0.191815629601479,0,0.197390447040359,0,0.221048846840858,0,0.116176754236221,0,0.185035365633667,0,0,0,0.200900106267496,0,0,0,0,0,0,0,0,0,0,0,0,0,0,0,0,0.203256540000439,0,0,0,0.229264624365621,0.199630298962196,0.218907378175679,0,0
0,0,0,0,0,0,0,0,0,0,0.153727617401343,0,0.219560185500554,0,0,0,0,0,0,0,0.131005076691508,0,0,0,0,0,0,0,0,0,0,0,0,0,0,0,0,0,0,0,0,0,0,0,0,0,0,0,0,0,0,0,0.199623497341996,0,0,0,0.175540235168055,0,0.21905402671755,0,0,0,0,0,0,0,0,0,0,0,0,0,0,0,0,0,0,0,0,0,0,0,0.202213567489548,0.21143131951491,0,0,0
0,0,0,0,0,0.206184748920702,0,0,0,0,0,0.195733598023653,0,0,0,0,0,0,0,0,0,0,0,0,0,0,0,0,0,0,0,0,0,0,0,0,0,0,0,0,0,0,0,0,0,0,0,0,0,0,0,0.217124464114507,0,0.175776373586192,0,0,0,0.203950720454404,0,0.179524179548025,0,0,0,0,0,0,0,0,0,0,0,0,0,0,0,0,0,0,0,0,0,0,0.175005340682609,0,0,0,0
0.178379718285457,0,0.136528153531253,0,0.170198885202408,0,0,0,0,0,0,0,0,0,0.184835055377334,0,0.215810454432568,0.196986366063356,0.185770556330681,0,0,0,0.18243100742499,0,0.210975454670602,0,0.18684420374132,0,0,0,0,0,0,0,0,0,0,0,0.192478531748056,0,0,0,0,0,0,0,0,0,0.200615599335239,0,0,0,0,0,0.231246537049966,0,0.221839644014835,0,0.175342769948421,0,0.165584300212034,0,0,0,0,0,0,0.221753817383606,0,0.148908570408821,0,0,0,0,0,0,0,0,0,0,0,0.217986408080305,0.214360925772699,0.236002117395401,0.177279412649669,0,0
0,0.1384823797692,0,0.149910845102802,0,0.123274870216846,0,0,0,0,0,0,0,0,0,0.149796183440792,0,0.122209526598454,0,0,0,0,0,0.246043251891588,0,0,0,0,0,0,0,0,0,0,0,0,0,0.205346738245893,0.254800319671631,0,0,0.270093913782727,0,0,0,0,0,0,0,0,0,0,0,0,0,0.191831909595399,0,0,0,0,0,0.164803006147083,0,0,0,0,0.242601836323738,0,0,0,0,0,0,0,0,0,0,0,0,0,0.223770571569094,0,0.177219692266005,0.372228398919106,0.200439522663752,0,0
0.358100667595863,0,0.25385782122612,0,0,0,0.153727617401343,0,0,0,0,0,0.135787947413822,0,0,0,0.357168585062027,0,0.321341723203659,0,0.156369454359693,0,0,0,0,0,0,0,0,0,0.190360106001556,0,0,0,0,0,0.154793310215918,0,0.14171885233262,0,0.255398243665695,0,0.345643063386281,0,0,0,0.333229507009188,0,0,0,0.216349785526594,0,0.163614466786385,0,0,0,0.200208556337877,0,0.14908088280095,0,0,0,0,0.25196173787117,0,0,0,0,0,0,0,0,0,0.214400261258468,0,0,0,0,0,0.254517627259095,0,0.144975855081741,0.150161921160634,0.179084410792903,0.319688517600298,0,0.344680577516556
0,0,0,0,0,0,0,0.195733598023653,0,0,0,0,0,0.153702969654141,0,0,0,0,0,0.172361284828392,0,0,0,0,0,0,0,0.160214635680933,0,0.146457029713525,0,0,0,0,0,0.150171736098198,0,0.151297763069259,0,0,0,0,0,0,0,0,0,0,0,0,0,0,0,0.208989060907201,0,0,0,0.205032303278519,0,0.153237617678112,0,0,0.151798342665037,0,0,0,0,0,0,0,0.153705790638924,0,0.184844031231478,0,0,0,0,0,0.14097472681449,0,0.177781253784626,0,0.162423986388791,0,0.199290228689589,0,0
0,0,0,0,0,0,0.219560185500554,0,0,0,0.135787947413822,0,0,0,0.207647331058979,0,0,0,0,0,0,0,0,0,0,0,0,0,0.168572405353189,0,0,0,0,0,0,0,0,0,0,0,0,0,0,0,0,0,0,0,0,0,0,0,0,0,0,0,0.124852234763759,0,0.180722521814737,0,0,0,0,0,0,0,0,0,0,0,0,0,0,0,0,0,0,0,0,0,0,0,0.185711955509511,0.153514334028869,0,0,0
0,0,0,0,0,0,0,0,0,0,0,0.153702969654141,0,0,0,0,0,0,0,0,0,0,0,0,0,0,0,0,0,0,0,0,0,0,0,0,0,0,0,0,0,0,0,0,0,0,0,0,0,0,0,0,0,0.203823462128639,0,0,0,0,0,0.166694855585266,0,0,0,0,0,0,0,0,0,0,0,0,0,0,0,0,0,0,0,0,0,0,0.208138426510911,0.172860527406055,0,0,0
0.136429558197657,0,0,0,0,0,0,0,0.184835055377334,0,0,0,0.207647331058979,0,0,0,0.223553799920612,0,0,0,0,0,0,0,0,0,0.17061432236332,0,0,0,0,0,0,0,0,0,0,0,0,0,0,0,0,0,0,0,0,0,0,0,0,0,0,0,0.238168266721261,0,0,0,0.217495087999851,0,0.160696431363033,0,0,0,0,0,0,0,0,0.17792043634083,0,0,0,0,0,0,0,0,0,0,0,0,0.205891305992478,0,0,0,0
0,0.157761273905635,0,0.173981405117295,0,0,0,0,0,0.149796183440792,0,0,0,0,0,0,0,0,0,0,0,0,0,0,0,0,0,0,0,0,0,0,0,0,0,0,0,0,0,0,0,0,0,0,0,0,0,0,0,0,0,0,0,0,0,0.157506054953525,0,0,0,0,0,0.169821500778198,0,0,0,0,0,0,0,0,0,0,0,0,0,0,0,0,0,0,0,0,0.140524741845677,0,0,0,0
0.317850973361578,0.340654924511909,0,0,0,0,0,0,0.215810454432568,0,0.357168585062027,0,0,0,0.223553799920612,0,0,0.174148432339712,0.274235648265363,0,0.37841145965186,0,0.151502082487607,0,0.19967598928991,0,0.154843390247519,0,0.132058072050935,0,0,0,0,0,0,0.23773954808712,0,0,0,0.310443083202089,0.349844181537628,0.279770052312194,0.286830498949512,0,0.254042123754819,0.306348654211208,0.31786166466354,0,0,0.240300461649895,0,0,0,0,0,0,0.332853083663127,0,0.283669799566269,0,0.186026607950528,0,0.3356121301651,0.38439750319044,0,0,0,0,0,0.17334343845907,0,0.30195477604866,0.301265060901642,0.330515869458516,0,0,0,0,0.336255943746243,0.384179096490015,0.294764171044032,0.402561775445938,0.203513202279643,0.158416477501686,0.3381232739215,0.210034176707268,0.269818948536384
0.247924380004406,0,0,0,0,0,0,0,0.196986366063356,0.122209526598454,0,0,0,0,0,0,0.174148432339712,0,0.275309472418609,0,0,0.176343664250204,0.142604547242324,0.158421355650806,0.171018284909865,0.161717732060463,0.192462536692619,0.169697135686874,0,0,0,0,0,0,0,0,0,0,0,0.27825423812165,0.256047666072845,0.260373940957444,0.249926522374153,0,0,0.275879675522447,0.287262658632937,0,0,0,0,0,0,0,0,0,0.279280930757523,0,0,0,0,0,0.300929814577103,0.331743905177483,0.148008889733599,0,0.150296070845798,0,0.158107900619507,0,0,0,0,0.305352429548899,0,0,0,0,0.315194104399,0.329291892104915,0.353229999542236,0,0.179260774347929,0.183647830644224,0.291077559468923,0,0.268078897148371
0.307840202003717,0.262486539622571,0.26776833967729,0.2707629352808,0,0,0,0,0.185770556330681,0,0.321341723203659,0,0,0,0,0,0.274235648265363,0.275309472418609,0,0,0.373586578294635,0,0.272853180766106,0,0.266084111549638,0,0.277401596307755,0,0,0,0,0,0,0,0,0.342857260634934,0,0,0.33172570168972,0.297385936151557,0.299719544990761,0.269482052900249,0.215599821435965,0,0.198146769251579,0.293932448504026,0.313158847454652,0.282917652811323,0.24398042026319,0.250098131299019,0,0,0,0,0,0.202569559216499,0.294418345798146,0,0,0,0,0,0.308784128263079,0.342361971856775,0,0,0,0,0,0,0,0.318085819482803,0.363881970324167,0.321851520666054,0,0,0,0,0.379665606530068,0.352191420681643,0.452755065003702,0.379404637374376,0.228147804033664,0.196507220759111,0.324046730046659,0.202600245763149,0.221925093078927
0,0,0,0,0,0.132592968642712,0,0,0,0,0,0.172361284828392,0,0,0,0,0,0,0,0,0,0,0,0,0,0,0,0,0,0,0,0,0,0,0,0.177383106900379,0,0.14359304941629,0,0,0,0,0,0,0,0.186071779312832,0,0,0,0,0,0,0,0,0,0,0,0.16862314768502,0,0,0,0,0.162979619790824,0,0,0,0,0,0,0,0,0,0.209292531013489,0,0,0,0,0,0.19844366453501,0,0.187767945056738,0,0.143042644655163,0.172178596258163,0.203385503203781,0,0
0.443906191322539,0,0.280428552627563,0,0.170911095598165,0,0.131005076691508,0,0,0,0.156369454359693,0,0,0,0,0,0.37841145965186,0,0.373586578294635,0,0,0,0.313586503267288,0,0,0,0,0,0,0,0,0,0,0,0,0,0.173156832697933,0,0.16021265533171,0.33162721991539,0.29172271490097,0.362975468238195,0.384697158228267,0,0,0,0.372153353359964,0,0,0,0.171954303979874,0,0,0,0,0,0.194276387337153,0,0.209679116805394,0,0,0,0,0.272527046590404,0,0,0,0,0,0,0,0,0,0.35292963385582,0,0,0,0,0.333958685398102,0.191253159945803,0,0.169272657616862,0.184568953476107,0.206788781285286,0.374305063872029,0,0.370362496376038
0,0,0,0,0,0,0,0,0,0,0,0,0,0,0,0,0,0.176343664250204,0,0,0,0,0.119696534074405,0.12960247695446,0,0.132121078670025,0,0.185662871057337,0,0,0,0,0,0,0,0,0,0.156965805040724,0.173115119338036,0,0,0,0,0,0,0,0,0,0,0.301164582204819,0,0,0,0,0,0,0,0,0,0,0,0,0,0,0.220432343881942,0.126071713465665,0.139497399330139,0,0,0,0,0,0,0,0,0,0,0,0,0,0.169241296829747,0,0.146221090610604,0.174002114102046,0,0,0
0,0,0,0,0,0,0,0,0.18243100742499,0,0,0,0,0,0,0,0.151502082487607,0.142604547242324,0.272853180766106,0,0.313586503267288,0.119696534074405,0,0,0.178258643662847,0,0.126634289648222,0,0.175686717033386,0,0,0,0,0,0,0,0,0.105697274554607,0.172626739898179,0,0,0,0,0,0,0,0,0,0.270039851991724,0,0,0,0,0,0,0,0,0,0,0,0,0,0,0,0,0.159959419708057,0,0.131253334788644,0,0,0,0.163306477665901,0,0,0,0,0,0,0,0,0,0.147019462555312,0.163901616300664,0.174053674125496,0,0,0
0,0,0,0,0,0,0,0,0,0.246043251891588,0,0,0,0,0,0,0,0.158421355650806,0,0,0,0.12960247695446,0,0,0,0.168489699131721,0,0,0,0,0,0,0,0,0,0,0,0.222611065873657,0,0,0,0,0,0,0,0,0,0,0,0,0,0,0,0,0,0.236201287971603,0,0,0,0,0,0,0,0,0.15413139462471,0,0.16814117493561,0,0.190328649810103,0,0,0,0,0,0,0,0,0,0,0,0.281654835082172,0,0.1514798021646,0.13273702824817,0.164488399028778,0,0
0,0,0,0,0,0,0,0,0.210975454670602,0,0,0,0,0,0,0,0.19967598928991,0.171018284909865,0.266084111549638,0,0,0,0.178258643662847,0,0,0,0.171607831579368,0,0,0,0,0,0,0,0.191157594323158,0,0,0,0.209991725554979,0.359738767147064,0,0.304293572902679,0.254737198352814,0,0,0,0.325690910220146,0,0.254111131147821,0,0,0,0,0,0.215727711678022,0,0,0,0,0,0,0,0,0.364158242940903,0,0.164714182927912,0,0.202085224492274,0,0.209772518502091,0,0,0,0,0,0,0,0,0.354275286197662,0.353085322039468,0,0.263386790432836,0.204353596571068,0,0.198285694420338,0.244556963443756,0.225517307718595
0,0,0,0,0,0,0,0,0,0,0,0,0,0,0,0,0,0.161717732060463,0,0,0,0.132121078670025,0,0.168489699131721,0,0,0,0,0,0,0,0,0,0,0,0,0,0,0,0,0,0,0,0,0,0,0,0,0,0,0,0,0,0,0,0,0,0,0,0,0,0,0,0,0,0,0.16120132964391,0,0.162410548144533,0,0,0,0,0,0,0,0,0,0,0,0,0,0.145201185984271,0,0,0,0
0,0,0,0,0,0,0,0,0.18684420374132,0,0,0,0,0,0.17061432236332,0,0.154843390247519,0.192462536692619,0.277401596307755,0,0,0,0.126634289648222,0,0.171607831579368,0,0,0,0.132625967264175,0,0,0,0,0,0,0,0,0,0,0.307761043310165,0,0.322571396827698,0,0,0,0,0.303007990121841,0,0,0,0,0,0,0,0,0,0,0,0,0,0,0,0,0,0,0,0,0.171352133154869,0,0.143228070589445,0,0,0,0,0,0,0,0,0.299637168645859,0,0,0,0.165826608330065,0.208488444035703,0.31375440955162,0,0
0,0,0,0,0,0,0,0,0,0,0,0.160214635680933,0,0,0,0,0,0.169697135686874,0,0,0,0.185662871057337,0,0,0,0,0,0,0,0.146782618761063,0,0,0,0,0,0,0,0.142909290369399,0,0,0,0,0,0,0,0,0,0,0,0,0,0,0,0,0,0,0,0,0,0,0,0,0,0,0.213979769912031,0,0,0,0.177702302237352,0,0.156421110209297,0,0.138076931238174,0,0,0,0,0,0,0,0.0966585837304592,0,0.216229105404779,0.239059510001959,0,0,0
0,0,0,0,0,0,0,0,0,0,0,0,0.168572405353189,0,0,0,0.132058072050935,0,0,0,0,0,0.175686717033386,0,0,0,0.132625967264175,0,0,0,0.13897442445159,0,0,0,0,0,0,0,0.183016971919848,0,0,0,0,0,0,0,0,0,0,0,0,0,0,0,0,0,0,0,0.167809751472975,0,0,0,0,0,0,0,0,0,0,0,0,0.164117319126652,0,0,0,0,0,0,0,0,0,0.197710746656293,0.147795114952784,0.159932332379477,0,0,0
0,0,0,0,0,0,0,0,0,0,0,0.146457029713525,0,0,0,0,0,0,0,0,0,0,0,0,0,0,0,0.146782618761063,0,0,0,0,0,0,0,0,0,0.163708730859864,0,0,0,0,0,0,0,0,0,0,0,0,0,0,0,0,0,0,0,0.163996361196041,0,0,0,0,0,0,0,0,0,0,0,0,0.163819253546968,0,0.1983158710352,0,0,0,0,0,0,0,0.16766154114157,0,0.158245176076889,0,0,0,0
0,0,0,0,0,0,0,0,0,0,0.190360106001556,0,0,0,0,0,0,0,0,0,0,0,0,0,0,0,0,0,0.13897442445159,0,0,0,0,0,0,0,0,0,0.153885443852498,0,0,0,0,0,0,0,0,0,0,0,0,0,0,0,0,0,0.164607803026835,0,0,0,0,0,0,0,0,0,0,0,0,0,0,0,0,0.180897578372428,0,0,0,0,0,0,0,0.149687265977263,0.199246157156794,0,0,0,0
0,0,0,0,0,0,0,0,0,0,0,0,0,0,0,0,0,0,0,0,0,0,0,0,0,0,0,0,0,0,0,0,0.160330989597014,0.180930293704334,0,0.216465945641902,0.26060518646051,0,0,0,0.41121631860733,0,0,0,0,0,0,0.380728454513045,0.477063732165279,0.501171480763603,0,0,0,0,0,0,0,0,0,0,0,0,0,0,0,0,0,0,0,0,0,0,0,0,0.23056313512428,0.176557669383392,0.255719486297223,0,0.241731829223015,0.259061644474665,0,0,0.178707449548486,0,0,0,0
0,0,0,0,0,0,0,0,0,0,0,0,0,0,0,0,0,0,0,0,0,0,0,0,0,0,0,0,0,0,0,0.160330989597014,0,0,0.306841854006052,0.280224397778511,0.216200366145686,0,0,0,0,0,0,0,0,0,0,0.294645453342982,0,0,0,0,0,0,0,0,0,0,0,0,0,0,0,0,0,0,0,0,0,0,0,0,0,0,0.372644318176098,0.1721763448688,0,0.343122224190405,0,0.21229674060971,0,0,0.146853491930025,0,0.209295049309731,0,0
0,0,0,0,0,0,0,0,0,0,0,0,0,0,0,0,0,0,0,0,0,0,0,0,0,0,0,0,0,0,0,0.180930293704334,0,0,0.252432766332617,0.171353423219418,0,0.496307347304164,0.621391222829808,0,0,0,0,0,0,0,0,0.674586354481051,0,0,0,0,0,0,0,0,0,0,0,0,0,0,0,0,0,0,0,0,0,0,0,0,0,0,0,0,0.245278007937209,0.174692413889683,0.18848579023511,0,0.162339056531588,0.309859439822627,0.569109474610839,0.160309180617332,0.491778999567032,0,0
0,0,0,0,0,0,0,0,0,0,0,0,0,0,0,0,0,0,0,0,0,0,0,0,0.191157594323158,0,0,0,0,0,0,0,0.306841854006052,0.252432766332617,0,0,0.160406250256433,0.747401009003321,0.261364041489986,0,0,0,0,0,0,0,0,0.25864083987203,0.313261792063713,0,0,0,0,0,0.216103732585907,0,0,0,0,0,0,0,0,0,0,0,0,0,0,0,0,0,0,0,0,0.321333007266124,0.189003352608,0.219894691793432,0,0.159760647001011,0,0.252677914543428,0.183189779878236,0.200714481970932,0.181068152189255,0,0
0,0,0,0.217086300901745,0,0.228423207998276,0,0,0,0,0,0.150171736098198,0,0,0,0,0.23773954808712,0,0.342857260634934,0.177383106900379,0,0,0,0,0,0,0,0,0,0,0,0.216465945641902,0.280224397778511,0.171353423219418,0,0,0.155964100736399,0.182178602650248,0.152884323536698,0.313403319567442,0,0.276148723231422,0.233224079012871,0,0,0.270585697617023,0.325535694758097,0.281665835022926,0.351280063390732,0.274821287737443,0,0.206986263394356,0,0,0,0.217494800686836,0,0,0,0,0,0,0.169417995733121,0,0,0,0,0,0,0,0,0,0.26301583647728,0,0.245228221668647,0,0.174849551885438,0,0.211615967375968,0.141519128385058,0.183636965836846,0,0.176259449547085,0.186901161516154,0.211446875825934,0.240949794650078,0.319733828306198
0,0,0,0,0.195498486359914,0,0,0,0,0,0.154793310215918,0,0,0,0,0,0,0,0,0,0.173156832697933,0,0,0,0,0,0,0,0,0,0,0.26060518646051,0.216200366145686,0,0.160406250256433,0.155964100736399,0,0.278709977865219,0.150234059826405,0,0.203354633102814,0,0.304778918623924,0,0,0,0,0.408866324047051,0.245304644107819,0,0,0,0,0,0,0,0.238095974799857,0,0,0,0,0,0,0.245091208325837,0,0,0,0,0,0,0,0,0,0,0.284806709885597,0.138401247560978,0,0.144426558373703,0.185129373612111,0.197168550088117,0,0.172730827489287,0.15935400060632,0.178434417861649,0.206621625522772,0,0
0,0.276622265577316,0,0,0,0,0,0,0,0.205346738245893,0,0.151297763069259,0,0,0,0,0,0,0,0.14359304941629,0,0.156965805040724,0.105697274554607,0.222611065873657,0,0,0,0.142909290369399,0,0.163708730859864,0,0,0,0.496307347304164,0.747401009003321,0.182178602650248,0.278709977865219,0,0.535304633246447,0,0,0.311337579041719,0.348309516906738,0,0,0.20988442003727,0,0.678292693797073,0,0.293045081504404,0,0,0,0,0,0.209095028393409,0,0.144113206293822,0,0,0,0,0.172678845269339,0,0.22987413230731,0.129373505711555,0.187418573741185,0,0,0,0.177444682849778,0,0.156775751601387,0,0,0,0.160229273736477,0,0.238364474192825,0,0.249711950303547,0.487783005068961,0.402568494205216,0.3537387199079,0.30740479782395,0,0
0,0.302787452936172,0,0,0,0,0,0,0.192478531748056,0.254800319671631,0.14171885233262,0,0,0,0,0,0,0,0.33172570168972,0,0.16021265533171,0.173115119338036,0.172626739898179,0,0.209991725554979,0,0,0,0.183016971919848,0,0.153885443852498,0,0,0.621391222829808,0.261364041489986,0.152884323536698,0.150234059826405,0.535304633246447,0,0,0,0.31850790977478,0,0,0,0,0,0.57527488689402,0.423053480319377,0.31062791744868,0,0,0,0,0.233051717545859,0,0.129315764292494,0,0,0,0,0,0,0.214301757514477,0,0.24306542518031,0,0.190889674564695,0,0.318089693784714,0,0.330530630690711,0,0.154280809164047,0,0,0,0.181002056619651,0.142194090144975,0.17228593738757,0.695600695080227,0.220839151073947,0.269511516885235,0.307464394510086,0.619799321690457,0,0
0.388296261429787,0.275562271475792,0.25890192118558,0.25724775200853,0,0.185819700360298,0,0,0,0,0,0,0,0,0,0,0.310443083202089,0.27825423812165,0.297385936151557,0,0.33162721991539,0,0,0,0.359738767147064,0,0.307761043310165,0,0,0,0,0,0,0,0,0.313403319567442,0,0,0,0,0.252328943212827,0.268441071171576,0.250078829369326,0,0.260644972324371,0.240141245865926,0.289388919534208,0.302035611867905,0.279358018847073,0.210506886857397,0,0.249418971439203,0,0,0,0,0.283557021192142,0,0,0,0,0,0.263648169782926,0.328745325406392,0,0,0,0,0,0,0,0,0.26735665400823,0.287661337852478,0,0,0,0,0.291776787301966,0.338902159035206,0.351406113244593,0.381579250097275,0.277076994347003,0.267793759703636,0.297515287760288,0.268428671046307,0.261638406664133
0,0,0.235289337960157,0.244021981954575,0,0,0,0,0,0,0.255398243665695,0,0,0,0,0,0.349844181537628,0.256047666072845,0.299719544990761,0,0.29172271490097,0,0,0,0,0,0,0,0,0,0,0.41121631860733,0,0,0,0,0.203354633102814,0,0,0.252328943212827,0,0.268843074639638,0.254877799662572,0,0.335179060697556,0.275192126631737,0.26064716923384,0.354363720118999,0.328394195326596,0.319956112693954,0.224852092564106,0,0,0,0,0,0.229648635589651,0,0.216500144451857,0,0.225571721792221,0,0,0.179223150195133,0,0,0,0,0,0,0,0,0,0.26917228102684,0,0,0,0,0.312876608222723,0.253697467700636,0.356421530246735,0.331868885843842,0.294017772902461,0,0.210508345152195,0,0.233499154241549
0.304957322776318,0.3316754162386,0.261615514755249,0.273989565486659,0,0.224948175251484,0,0,0,0.270093913782727,0,0,0,0,0,0,0.279770052312194,0.260373940957444,0.269482052900249,0,0.362975468238195,0,0,0,0.304293572902679,0,0.322571396827698,0,0,0,0,0,0,0,0,0.276148723231422,0,0.311337579041719,0.31850790977478,0.268441071171576,0.268843074639638,0,0.304401826130146,0,0,0.289097783158773,0.299434546604753,0.453647694653935,0.427329652011395,0.317415934193035,0,0.249581742882729,0,0,0,0.251568295453724,0.255210048773072,0.28784291446209,0,0,0,0,0.318896500583814,0.309069092902872,0,0,0,0,0,0,0,0,0.302688195675361,0.302138775587082,0,0,0,0,0.285898401028683,0.329890765599756,0.336581274644652,0.335498601198196,0.327274546040034,0.266974596040589,0.312032495928777,0.239518516174184,0.21745580576715
0.259664472086089,0,0.26669239963739,0.289691036397761,0,0,0,0,0,0,0.345643063386281,0,0,0,0,0,0.286830498949512,0.249926522374153,0.215599821435965,0,0.384697158228267,0,0,0,0.254737198352814,0,0,0,0,0,0,0,0,0,0,0.233224079012871,0.304778918623924,0.348309516906738,0,0.250078829369326,0.254877799662572,0.304401826130146,0,0,0.242386879275579,0.270114012386488,0.258916907707355,0.494735060076215,0.402923258625104,0.398988297581673,0.248394951224327,0.284592419862747,0,0,0,0,0.29249571353773,0,0.26744471448991,0,0.268753230571747,0,0.270750522613525,0.310306724234532,0,0,0,0,0,0,0,0.304201486706734,0.250224060245923,0.341080056750669,0,0,0,0,0.283691452428846,0.282389271653399,0.310780927538872,0.432123438878493,0.320671199259995,0.257201949755351,0.288331426479673,0.203917135794957,0.215949170534485
0,0,0,0,0,0,0,0,0,0,0,0,0,0,0,0,0,0,0,0,0,0,0,0,0,0,0,0,0,0,0,0,0,0,0,0,0,0,0,0,0,0,0,0,0,0,0,0,0,0,0,0,0,0,0,0,0,0,0,0,0,0,0,0,0,0,0,0,0,0,0,0,0,0,0,0,0,0,0,0,0,0,0,0,0,0,0
0,0,0,0,0,0,0,0,0,0,0,0,0,0,0,0,0.254042123754819,0,0.198146769251579,0,0,0,0,0,0,0,0,0,0,0,0,0,0,0,0,0,0,0,0,0.260644972324371,0.335179060697556,0,0.242386879275579,0,0,0,0.248608014235894,0,0.246464765734143,0,0,0,0,0,0,0,0.235187262296677,0,0,0,0,0,0,0.293388873338699,0,0,0,0,0,0,0,0,0,0,0,0,0,0,0.302977800369263,0.310536496851542,0,0,0.223249961589945,0,0.240076644901644,0,0.209641318023205
0.286814257502556,0.286448061466217,0.254901677370071,0.278465181803532,0,0,0,0,0,0,0,0,0,0,0,0,0.306348654211208,0.275879675522447,0.293932448504026,0.186071779312832,0,0,0,0,0,0,0,0,0,0,0,0,0,0,0,0.270585697617023,0,0.20988442003727,0,0.240141245865926,0.275192126631737,0.289097783158773,0.270114012386488,0,0,0,0.300877966830191,0.343558430671692,0.274775912364324,0.218002443512281,0,0,0,0,0,0,0.287398320436478,0,0,0,0,0.230363875627518,0.219734564028196,0.322561333576838,0,0,0,0,0,0,0,0,0.310288429260254,0.273330479860306,0,0,0,0,0.275352918083936,0.342314807668565,0.316040994441198,0.362399041652679,0.286180881860619,0.301672220230103,0.272425465627548,0.270476417882102,0.261647367477417
0.293516575462288,0.328688740730286,0.205638517108228,0.2762580960989,0,0,0,0,0,0,0.333229507009188,0,0,0,0,0,0.31786166466354,0.287262658632937,0.313158847454652,0,0.372153353359964,0,0,0,0.325690910220146,0,0.303007990121841,0,0,0,0,0,0,0,0,0.325535694758097,0,0,0,0.289388919534208,0.26064716923384,0.299434546604753,0.258916907707355,0,0.248608014235894,0.300877966830191,0,0,0.269548667328698,0.256306072076162,0.197904959321022,0,0,0,0,0,0.278728307357856,0,0.249215718358755,0,0,0,0.322897225618362,0.266767410265433,0,0,0,0,0,0,0,0.288255333900452,0.307373929023743,0.307946188232073,0,0,0,0,0.334090691725939,0.339004749623725,0.375809609889984,0.348119507942881,0.281487614278858,0.268815904855728,0.296426397504658,0.243446265657743,0.269957971983943
0,0.260384559631348,0,0.280409863591194,0,0,0,0,0,0,0,0,0,0,0,0,0,0,0.282917652811323,0,0,0,0,0,0,0,0,0,0,0,0,0.380728454513045,0.294645453342982,0.674586354481051,0.25864083987203,0.281665835022926,0.408866324047051,0.678292693797073,0.57527488689402,0.302035611867905,0.354363720118999,0.453647694653935,0.494735060076215,0,0,0.343558430671692,0,0,0.498248514435197,0.462008111661589,0,0.267546281218529,0,0,0,0,0,0,0,0,0,0,0,0,0,0,0,0,0,0,0,0,0,0,0.430883852770347,0.350997833060744,0.401993423700333,0.294997993789747,0.277398148726773,0.284222941464487,0.648716987207018,0.301711457361415,0.547348967647633,0.360194934471961,0.3897339957101,0.542716830968857,0.523067712783813
0.234600358733558,0,0.189921544933761,0.260268882649844,0,0,0,0,0.200615599335239,0,0,0,0,0,0,0,0,0,0.24398042026319,0,0,0,0.270039851991724,0,0.254111131147821,0,0,0,0,0,0,0.477063732165279,0,0,0.313261792063713,0.351280063390732,0.245304644107819,0,0.423053480319377,0.279358018847073,0.328394195326596,0.427329652011395,0.402923258625104,0,0.246464765734143,0.274775912364324,0.269548667328698,0.498248514435197,0,0.381113507051796,0.22158100605011,0.234786279499531,0,0,0.205361223337371,0.229047551751137,0.246151135545788,0,0.203797138805659,0,0.204106128774583,0.243246927857399,0,0.365325038631757,0,0.316456699585552,0,0.255601878168496,0,0.315030924281326,0,0.404347073666903,0.33309879899025,0.266964239059108,0,0.416543175720356,0,0.289473550394177,0.352573573589325,0.352821830577661,0,0.371507713276526,0.450605318672369,0.272621810436249,0.333596974969899,0.481687494450145,0.407236076536633
0,0.171656201267318,0.220567181706429,0.213064099401236,0,0.191815629601479,0,0,0,0,0,0,0,0,0,0,0.240300461649895,0,0.250098131299019,0,0,0.301164582204819,0,0,0,0,0,0,0,0,0,0.501171480763603,0,0,0,0.274821287737443,0,0.293045081504404,0.31062791744868,0.210506886857397,0.319956112693954,0.317415934193035,0.398988297581673,0,0,0.218002443512281,0.256306072076162,0.462008111661589,0.381113507051796,0,0,0.224270230531693,0,0,0,0.202821463346481,0.266139596700668,0.317309126257896,0,0,0,0.175162449479103,0.226473942399025,0,0.26326824063484,0,0.273966664617712,0,0.270052712539147,0,0.240999915471117,0,0.322079710662365,0,0,0.442746371030807,0,0,0.262347169271831,0.329153597354889,0.293867954246278,0,0.38693977838015,0,0.256035136787788,0.385062287633236,0.447608008980751
0,0,0.203574351469676,0,0.194249376829933,0,0,0,0,0,0.216349785526594,0,0,0,0,0,0,0,0,0,0.171954303979874,0,0,0,0,0,0,0,0,0,0,0,0,0,0,0,0,0,0,0,0.224852092564106,0,0.248394951224327,0,0,0,0.197904959321022,0,0.22158100605011,0,0,0,0,0,0,0,0.213492682614884,0,0.263445397511648,0,0.218298808767878,0,0,0.283646166324615,0,0,0,0,0,0,0,0,0,0.250233039259911,0,0,0,0,0,0,0,0,0.194599603697405,0,0.221760232622425,0,0
0,0,0,0.214261408504118,0,0.197390447040359,0,0.217124464114507,0,0,0,0,0,0,0,0,0,0,0,0,0,0,0,0,0,0,0,0,0,0,0,0,0,0,0,0.206986263394356,0,0,0,0.249418971439203,0,0.249581742882729,0.284592419862747,0,0,0,0,0.267546281218529,0.234786279499531,0.224270230531693,0,0,0,0.230414997385098,0,0.25156647142242,0.215918764472008,0.192408257147722,0,0.240186775724093,0,0.246923252940178,0,0,0,0,0,0,0,0,0,0,0,0,0,0,0,0,0.21662800014019,0,0,0,0.204544946518356,0,0.24370157381054,0,0
0,0,0,0,0,0,0.199623497341996,0,0,0,0.163614466786385,0,0,0,0,0,0,0,0,0,0,0,0,0,0,0,0,0,0,0,0,0,0,0,0,0,0,0,0,0,0,0,0,0,0,0,0,0,0,0,0,0,0,0,0,0,0.179754045274523,0,0.213868728705815,0,0,0,0,0,0,0,0,0,0,0,0,0,0,0,0,0,0,0,0,0,0,0,0.211302917194941,0.210825144368059,0,0,0
0,0,0,0,0,0.221048846840858,0,0.175776373586192,0,0,0,0.208989060907201,0,0.203823462128639,0,0,0,0,0,0,0,0,0,0,0,0,0,0,0,0,0,0,0,0,0,0,0,0,0,0,0,0,0,0,0,0,0,0,0,0,0,0.230414997385098,0,0,0,0,0,0.228778609604543,0,0.147693686625537,0,0,0,0,0,0,0,0,0,0,0,0,0,0,0,0,0,0,0,0,0,0,0.194524652659893,0,0,0,0
0.151188171013843,0,0.173001995103227,0,0,0,0,0,0.231246537049966,0,0,0,0,0,0.238168266721261,0,0,0,0,0,0,0,0,0,0.215727711678022,0,0,0,0,0,0,0,0,0,0.216103732585907,0,0,0,0.233051717545859,0,0,0,0,0,0,0,0,0,0.205361223337371,0,0,0,0,0,0,0,0.208808985352516,0,0.177374081810315,0,0.182985280454159,0,0,0,0,0,0,0.236600669692284,0,0,0,0,0,0.254272624850273,0,0,0,0,0,0,0,0.239749730757476,0.24960724493632,0,0.206771091814736,0,0
0,0.14150138180625,0,0.166130749410705,0,0.116176754236221,0,0,0,0.191831909595399,0,0,0,0,0,0.157506054953525,0,0,0.202569559216499,0,0,0,0,0.236201287971603,0,0,0,0,0,0,0,0,0,0,0,0.217494800686836,0,0.209095028393409,0,0,0,0.251568295453724,0,0,0,0,0,0,0.229047551751137,0.202821463346481,0,0.25156647142242,0,0,0,0,0,0,0,0,0,0.173585918816653,0,0,0,0,0.252564888392392,0,0,0,0,0,0,0,0,0,0,0,0,0,0.272326318726028,0,0.174431726336479,0,0.199206126525122,0,0
0.244325199659835,0,0.238466224529677,0.242454908788204,0.216384801268578,0,0.175540235168055,0,0.221839644014835,0,0.200208556337877,0,0.124852234763759,0,0,0,0.332853083663127,0.279280930757523,0.294418345798146,0,0.194276387337153,0,0,0,0,0,0,0,0,0,0.164607803026835,0,0,0,0,0,0.238095974799857,0,0.129315764292494,0.283557021192142,0.229648635589651,0.255210048773072,0.29249571353773,0,0.235187262296677,0.287398320436478,0.278728307357856,0,0.246151135545788,0.266139596700668,0.213492682614884,0.215918764472008,0.179754045274523,0,0.208808985352516,0,0,0,0.246720759590686,0,0.192522960049765,0,0,0.28940147217314,0,0,0,0,0,0,0,0.32721551089752,0,0.33269012857697,0,0,0,0,0.337635149558385,0.281524322192601,0,0.172254263208463,0.214174006515838,0.203511014580727,0.286133176369334,0,0.314630457951177
0,0,0,0.238637627826797,0,0.185035365633667,0,0.203950720454404,0,0,0,0.205032303278519,0,0,0,0,0,0,0,0.16862314768502,0,0,0,0,0,0,0,0,0,0.163996361196041,0,0,0,0,0,0,0,0.144113206293822,0,0,0,0.28784291446209,0,0,0,0,0,0,0,0.317309126257896,0,0.192408257147722,0,0.228778609604543,0,0,0,0,0,0.247785633464378,0,0,0.202776147850922,0,0,0,0,0,0,0,0.296103067066934,0,0.266164841856195,0,0,0,0,0,0.394558817148209,0,0.208465548465028,0,0.177701790134112,0,0.309271533868704,0,0
0.162550253172716,0,0.197632146378358,0,0.218822364296232,0,0.21905402671755,0,0.175342769948421,0,0.14908088280095,0,0.180722521814737,0,0.217495087999851,0,0.283669799566269,0,0,0,0.209679116805394,0,0,0,0,0,0,0,0.167809751472975,0,0,0,0,0,0,0,0,0,0,0,0.216500144451857,0,0.26744471448991,0,0,0,0.249215718358755,0,0.203797138805659,0,0.263445397511648,0,0.213868728705815,0,0.177374081810315,0,0.246720759590686,0,0,0,0.187379611351273,0,0,0.241045901004006,0,0,0,0,0,0.161218360066414,0,0,0,0.266447223722935,0,0,0,0,0,0.243995590209961,0,0,0.195303286599039,0.181235536932945,0.243496341412294,0,0.26606747508049
0,0,0,0.266926579036803,0,0,0,0.179524179548025,0,0,0,0.153237617678112,0,0.166694855585266,0,0,0,0,0,0,0,0,0,0,0,0,0,0,0,0,0,0,0,0,0,0,0,0,0,0,0,0,0,0,0,0,0,0,0,0,0,0.240186775724093,0,0.147693686625537,0,0,0,0.247785633464378,0,0,0,0,0,0,0,0,0,0,0,0,0.257272616028786,0,0,0,0,0,0,0,0,0,0,0,0.176645716983978,0.149385180543451,0.322613610437623,0,0
0.149298082651763,0,0.183119923980148,0,0.193288643445287,0,0,0,0.165584300212034,0,0,0,0,0,0.160696431363033,0,0.186026607950528,0,0,0,0,0,0,0,0,0,0,0,0,0,0,0,0,0,0,0,0,0,0,0,0.225571721792221,0,0.268753230571747,0,0,0,0,0,0.204106128774583,0,0.218298808767878,0,0,0,0.182985280454159,0,0.192522960049765,0,0.187379611351273,0,0,0,0,0.286487847566605,0,0,0,0,0,0.166256067156792,0,0,0,0,0,0,0,0,0,0.259193629026413,0,0,0.13203015550971,0,0.189301118618105,0,0
0,0,0,0.196884909662131,0,0.200900106267496,0,0,0,0.164803006147083,0,0,0,0,0,0.169821500778198,0,0,0,0,0,0,0,0,0,0,0,0,0,0,0,0,0,0,0,0,0,0,0,0,0,0,0,0,0,0.230363875627518,0,0,0.243246927857399,0.175162449479103,0,0.246923252940178,0,0,0,0.173585918816653,0,0,0,0,0,0,0,0,0,0,0,0,0,0,0,0,0,0,0,0,0,0,0,0,0,0,0.15185102323691,0,0.231382921338081,0,0
0,0,0,0.258758520086606,0,0,0,0,0,0,0,0.151798342665037,0,0,0,0,0.3356121301651,0.300929814577103,0.308784128263079,0.162979619790824,0,0,0,0,0,0,0,0,0,0,0,0,0,0,0,0.169417995733121,0,0.172678845269339,0,0.263648169782926,0,0.318896500583814,0.270750522613525,0,0,0.219734564028196,0.322897225618362,0,0,0.226473942399025,0,0,0,0,0,0,0,0.202776147850922,0,0,0,0,0,0.385288804769516,0,0,0,0,0,0,0,0,0.278803994059563,0.303775519132614,0,0,0,0,0.250954807592483,0.385194758574168,0.239633282639345,0,0.157664742198635,0.187712468206882,0.321076352731325,0,0
0.430991658836268,0.292975187301636,0.262052966488732,0,0.220156798760096,0,0,0,0,0,0.25196173787117,0,0,0,0,0,0.38439750319044,0.331743905177483,0.342361971856775,0,0.272527046590404,0,0,0,0.364158242940903,0,0,0,0,0,0,0,0,0,0,0,0.245091208325837,0,0.214301757514477,0.328745325406392,0.179223150195133,0.309069092902872,0.310306724234532,0,0.293388873338699,0.322561333576838,0.266767410265433,0,0.365325038631757,0,0.283646166324615,0,0,0,0,0,0.28940147217314,0,0.241045901004006,0,0.286487847566605,0,0.385288804769516,0,0,0,0,0,0,0,0,0.300221851238838,0.310139864683151,0.336414965445345,0,0,0,0,0.364326918408984,0.272667621013514,0,0.30113131813705,0.36550722705194,0.197010666131973,0.333520197351949,0,0.384260097010569
0,0,0,0,0,0,0,0,0,0,0,0,0,0,0,0,0,0.148008889733599,0,0,0,0.220432343881942,0,0.15413139462471,0,0,0,0.213979769912031,0,0,0,0,0,0,0,0,0,0.22987413230731,0,0,0,0,0,0,0,0,0,0,0,0.26326824063484,0,0,0,0,0,0,0,0,0,0,0,0,0,0,0,0,0.258434882760048,0,0.291766994486454,0,0.272236203402281,0,0,0,0,0,0,0,0,0,0.163442383794224,0,0.135436522217003,0.133178535876048,0,0,0
0,0,0,0,0,0,0,0,0,0,0,0,0,0,0,0,0,0,0,0,0,0.126071713465665,0.159959419708057,0,0.164714182927912,0,0,0,0,0,0,0,0,0,0,0,0,0.129373505711555,0.24306542518031,0,0,0,0,0,0,0,0,0,0.316456699585552,0,0,0,0,0,0,0,0,0,0,0,0,0,0,0,0,0,0,0.156839830092097,0,0.227349063214216,0,0.298952386670169,0,0,0,0,0,0,0,0,0,0.251376001866391,0.183242823204977,0.144855242496466,0.3107530772686,0,0
0,0,0,0,0,0,0,0,0,0.242601836323738,0,0,0,0,0,0,0,0.150296070845798,0,0,0,0.139497399330139,0,0.16814117493561,0,0.16120132964391,0,0,0,0,0,0,0,0,0,0,0,0.187418573741185,0,0,0,0,0,0,0,0,0,0,0,0.273966664617712,0,0,0,0,0,0.252564888392392,0,0,0,0,0,0,0,0,0.258434882760048,0,0,0,0.210108131170273,0,0,0,0,0,0,0,0,0,0,0,0.302520911498316,0,0.158314561217346,0,0.172927461564541,0,0
0,0,0,0,0,0,0,0,0.221753817383606,0,0,0,0,0,0,0,0,0,0,0,0,0,0.131253334788644,0,0.202085224492274,0,0.171352133154869,0,0,0,0,0,0,0,0,0,0,0,0.190889674564695,0,0,0,0,0,0,0,0,0,0.255601878168496,0,0,0,0,0,0.236600669692284,0,0,0,0,0,0,0,0,0,0,0.156839830092097,0,0,0,0.299528395470265,0,0,0,0,0,0,0,0,0,0,0,0.28212539937164,0.152528884945457,0,0.174361041757498,0,0
0,0,0,0,0,0,0,0,0,0,0,0,0,0,0,0,0,0.158107900619507,0,0,0,0,0,0.190328649810103,0,0.162410548144533,0,0.177702302237352,0,0,0,0,0,0,0,0,0,0,0,0,0,0,0,0,0,0,0,0,0,0.270052712539147,0,0,0,0,0,0,0,0,0,0,0,0,0,0,0.291766994486454,0,0.210108131170273,0,0,0,0.276981249692756,0,0,0,0,0,0,0,0,0,0,0,0,0,0,0,0
0,0,0,0,0,0,0,0,0.148908570408821,0,0,0,0,0,0.17792043634083,0,0.17334343845907,0,0,0,0,0,0,0,0.209772518502091,0,0.143228070589445,0,0,0,0,0,0,0,0,0,0,0,0.318089693784714,0,0,0,0,0,0,0,0,0,0.315030924281326,0,0,0,0,0,0,0,0,0,0.161218360066414,0,0.166256067156792,0,0,0,0,0.227349063214216,0,0.299528395470265,0,0,0,0.221440538764,0,0,0,0,0,0,0,0,0,0.27981569369634,0.195139189453229,0,0.269605982303619,0,0
0,0,0,0,0,0,0,0,0,0,0,0.153705790638924,0,0,0,0,0,0,0,0,0,0,0,0,0,0,0,0.156421110209297,0,0.163819253546968,0,0,0,0,0,0,0,0.177444682849778,0,0,0,0,0,0,0,0,0,0,0,0.240999915471117,0,0,0,0,0,0,0,0.296103067066934,0,0.257272616028786,0,0,0,0,0.272236203402281,0,0,0,0.276981249692756,0,0,0,0.251080160043133,0,0,0,0,0,0,0,0.249607539815423,0,0.18705197684164,0.194504526814064,0.303476344732562,0,0
0,0,0.240867813428243,0.257342219352722,0,0,0,0,0,0,0,0,0,0,0,0,0.30195477604866,0,0.318085819482803,0,0,0,0.163306477665901,0,0,0,0,0,0.164117319126652,0,0,0,0,0,0,0,0,0,0.330530630690711,0,0,0,0.304201486706734,0,0,0,0.288255333900452,0,0.404347073666903,0,0,0,0,0,0,0,0.32721551089752,0,0,0,0,0,0,0.300221851238838,0,0.298952386670169,0,0,0,0.221440538764,0,0,0,0.320738412238456,0,0,0,0,0,0.277606654167175,0,0.236961415473451,0.264269419635336,0,0.318010184381689,0,0.317013412714005
0,0.289854317903519,0,0.298000211517016,0,0,0,0,0,0,0,0.184844031231478,0,0,0,0,0.301265060901642,0,0.363881970324167,0.209292531013489,0,0,0,0,0,0,0,0.138076931238174,0,0.1983158710352,0,0,0,0,0,0.26301583647728,0,0.156775751601387,0,0.26735665400823,0,0.302688195675361,0.250224060245923,0,0,0.310288429260254,0.307373929023743,0,0.33309879899025,0.322079710662365,0,0,0,0,0,0,0,0.266164841856195,0,0,0,0,0.278803994059563,0.310139864683151,0,0,0,0,0,0,0.251080160043133,0,0,0,0,0,0,0,0.287644986595426,0.344561785459518,0.222963016666738,0,0.306512952498768,0,0.355987156184137,0.3073725476861,0
0.37140223197639,0,0.270422191421191,0,0.239518612623215,0,0,0,0,0,0.214400261258468,0,0,0,0,0,0.330515869458516,0.305352429548899,0.321851520666054,0,0.35292963385582,0,0,0,0,0,0,0,0,0,0.180897578372428,0,0,0,0,0,0,0,0.154280809164047,0.287661337852478,0.26917228102684,0.302138775587082,0.341080056750669,0,0,0.273330479860306,0.307946188232073,0,0.266964239059108,0,0.250233039259911,0,0,0,0.254272624850273,0,0.33269012857697,0,0.266447223722935,0,0,0,0.303775519132614,0.336414965445345,0,0,0,0,0,0,0,0.320738412238456,0,0,0,0,0,0,0.303714215755463,0.286592690433775,0.376844823360443,0.32513207669249,0.361912871229238,0,0.373010867834091,0,0.355623578908397
0,0,0,0,0,0,0,0,0,0,0,0,0,0,0,0,0,0,0,0,0,0,0,0,0,0,0,0,0,0,0,0.23056313512428,0.372644318176098,0,0,0.245228221668647,0.284806709885597,0,0,0,0,0,0,0,0,0,0,0.430883852770347,0,0,0,0,0,0,0,0,0,0,0,0,0,0,0,0,0,0,0,0,0,0,0,0,0,0,0,0.399249937385321,0.301722624731299,0,0.258571549267868,0.289182152599096,0,0,0.16417133772657,0,0,0,0
0,0,0,0,0,0,0,0,0,0,0,0,0,0,0,0,0,0,0,0,0,0,0,0,0,0,0,0,0,0,0,0.176557669383392,0.1721763448688,0,0.321333007266124,0,0.138401247560978,0,0,0,0,0,0,0,0,0,0,0.350997833060744,0.416543175720356,0.442746371030807,0,0,0,0,0,0,0,0,0,0,0,0,0,0,0,0,0,0,0,0,0,0,0,0,0.399249937385321,0,0,0.339322170972909,0.430682420730591,0.251618054913886,0,0,0.131342045341929,0,0,0,0
0,0,0,0,0,0,0,0,0,0,0,0,0,0,0,0,0,0,0,0,0,0,0,0,0,0,0,0,0,0,0,0.255719486297223,0,0.245278007937209,0.189003352608,0.174849551885438,0,0.160229273736477,0,0,0,0,0,0,0,0,0,0.401993423700333,0,0,0,0,0,0,0,0,0,0,0,0,0,0,0,0,0,0,0,0,0,0,0,0,0,0,0.301722624731299,0,0,0,0.258894270692749,0,0.197572840584649,0,0.1506615990343,0,0,0,0
0,0,0,0,0,0,0,0,0,0,0,0,0,0,0,0,0,0,0,0,0,0,0,0,0,0,0,0,0,0,0,0,0.343122224190405,0.174692413889683,0.219894691793432,0,0.144426558373703,0,0.181002056619651,0,0,0,0,0,0,0,0,0.294997993789747,0.289473550394177,0,0,0,0,0,0,0,0,0,0,0,0,0,0,0,0,0,0,0,0,0,0,0,0,0,0,0.339322170972909,0,0,0,0.284692969016668,0,0.242924526299315,0.145155830999965,0.17180443406105,0,0,0
0.360754299908876,0,0.316827356815338,0.243816011755363,0,0.203256540000439,0,0,0,0,0,0.14097472681449,0,0,0,0,0.336255943746243,0.315194104399,0.379665606530068,0.19844366453501,0.333958685398102,0,0,0,0.354275286197662,0,0.299637168645859,0,0,0,0,0.241731829223015,0,0.18848579023511,0,0.211615967375968,0.185129373612111,0.238364474192825,0.142194090144975,0.291776787301966,0.312876608222723,0.285898401028683,0.283691452428846,0,0.302977800369263,0.275352918083936,0.334090691725939,0.277398148726773,0.352573573589325,0.262347169271831,0,0.21662800014019,0,0,0,0,0.337635149558385,0.394558817148209,0,0,0,0,0.250954807592483,0.364326918408984,0,0,0,0,0,0,0,0,0.287644986595426,0.303714215755463,0.258571549267868,0.430682420730591,0.258894270692749,0,0,0.321053040051271,0.27349180300843,0.33941646416982,0.212336852783001,0.1725330731791,0.322194349316586,0.292865674942732,0.29832610400284
