0,0,5.11089603339925,0,0,0,0,0,4.95717074429547,0,0,0,0,0,0,0,31.6051192564123,32.8877425723606,21.2365117073059,0,0,0,0,0,0,0,0,0,0,0,0,0,0,0,0,0,0,0,0,46.7004146575928,0,44.1573143005371,11.5389977693558,0,0,0,19.7951773496775,0,4.00997205302119,0,0,0,0,0,4.24868968615295,0,23.1725826263428,48.0431213378906,5.42945432662964,0,4.1076298052924,0,0,25.1189325389577,0,0,0,0,0,4.85442188424124,0,0,0,0,0,0,0,0,60.2112483978271,24.248761437156,0,22.4561939239502,19.9789529605345,0,8.4088532890036,0,15.6420831680298
0,0,0,4.85451119629912,0,0,0,0,0,3.5906940439473,0,0,0,0,0,0,35.8422492980957,24.3164798736572,28.1940930911473,0,0,0,0,23.641471862793,0,0,0,0,0,0,0,0,0,0,0,0,0,0,0,27.4359250068665,0,11.6996257118557,0,0,0,17.4531116485596,0,0,0,4.07958017538775,0,0,0,0,0,4.06541989539346,0,0,0,0,0,3.54222138251288,0,0,0,0,7.89709154764811,0,0,0,0,0,0,0,0,0,0,0,30.4977465004757,49.7273635864258,0,0,5.58319736458361,0,10.8134899299686,0,0
5.11089603339925,0,0,47.7833124796549,10.9449749674116,0,0,0,6.16304828534051,0,0,0,0,0,0,0,33.4216839183461,35.6012702941895,29.1016429901123,0,0,0,0,0,0,0,0,0,0,0,0,0,0,0,0,0,26.6863613128662,0,0,47.0952407836914,27.7452920277913,39.3816890716553,23.5775905739177,0,24.7783164978027,55.2723566691081,18.8307015294614,0,20.5281557657502,35.6592000325521,5.7915678024292,0,0,0,7.98137132716629,0,9.41668173706675,0,4.94262236356735,0,4.00807802001042,0,51.220384979248,25.2387655192408,0,0,0,0,0,0,0,0,0,0,0,0,0,0,0,27.07691437006,0,0,21.6138827332279,21.5903329092359,12.6557989769851,0,18.1791671571277
0,4.85451119629912,47.7833124796549,0,0,7.26874001357157,0,0,0,4.8496999609361,0,0,0,0,0,0,0,55.7660255432129,42.9118505583869,12.0988676354692,0,0,0,0,0,0,0,0,0,0,0,0,0,0,0,25.4948973337809,0,0,0,34.4994386491321,44.2166745322091,28.2584435631629,33.2668030131947,0,0,30.9257476897467,50.1525888442993,0,33.1817212422689,29.1439260930981,0,4.21898476894085,0,0,0,6.0806324731324,53.5878733973349,23.4102644879939,0,0,0,3.54511292775472,35.937587791019,53.2608529045468,0,0,0,0,0,0,0,0,0,0,0,0,0,0,35.648155150875,51.9512031555176,0,0,15.5288799444344,26.2651304696736,18.406786579189,22.5004434585571,0
0,0,10.9449749674116,0,0,0,0,0,10.1286209114199,0,0,0,0,0,2.93482168097245,0,0,0,0,0,3.30806909720103,0,0,0,0,0,0,0,0,0,0,0,0,0,0,0,26.4510841369629,0,0,0,22.5908164978027,0,41.2974700927734,0,0,0,25.5381097793579,0,37.6249465942383,0,8.37370959350041,0,0,0,0,0,12.6430994836908,0,0,0,4.52753758430481,0,0,13.9801637042652,0,0,0,0,0,0,0,0,0,0,0,0,0,0,0,20.7302554448446,0,0,8.39607140292292,0,11.6778406429291,0,0
0,0,0,7.26874001357157,0,0,0,2.96380345026652,0,3.59757518768311,0,0,0,0,0,0,0,0,0,10.1058843424243,0,0,0,0,0,0,0,0,0,0,0,0,0,0,0,21.1522053082784,0,0,0,44.2104949951172,50.1040496826172,39.8179607391357,40.4549369812012,0,29.7513885498047,0,43.6701431274414,0,0,40.6141607496474,0,3.40858670381399,0,0,0,0,66.223461151123,0,0,0,0,0,10.8271383360813,60.4597625732422,0,0,0,0,0,0,0,0,0,0,0,0,0,0,6.53986549377441,0,0,0,11.6921176802028,0,9.11886701453084,39.7279319763184,0
0,0,0,0,0,0,0,0,0,0,3.23216928376092,0,0,0,0,0,0,0,0,0,0,0,0,0,0,0,0,0,0,0,0,0,0,0,0,0,0,0,0,0,0,0,0,0,0,0,0,0,0,0,0,0,2.89303491512934,0,0,0,3.73840459187826,0,0,0,0,0,0,0,0,0,0,0,0,0,0,0,0,0,0,0,0,0,0,0,0,0,3.11560004022386,0,0,0,0
0,0,0,0,0,2.96380345026652,0,0,0,0,0,4.00984194543627,0,0,0,0,0,0,0,5.02981867109026,0,0,0,0,0,0,0,0,0,0,0,0,0,0,0,0,0,0,0,0,0,0,0,0,0,0,0,0,0,0,0,0,0,2.98014840057918,0,0,0,3.1904610480581,0,0,0,0,5.32418894767761,0,0,0,0,0,0,0,0,0,0,0,0,0,0,0,0,0,0,0,3.61059993794821,0,0,0,0
4.95717074429547,0,6.16304828534051,0,10.1286209114199,0,0,0,0,0,0,0,0,0,3.17076094974171,0,0,0,0,0,0,0,0,0,3.47213002045949,0,4.27572254573598,0,0,0,0,0,0,0,0,0,0,0,4.71610488430146,0,0,0,12.2428635148441,0,46.253776550293,0,25.1732006072998,0,9.32918417453766,0,9.70156536102295,0,0,0,6.36713767903554,0,16.2493577003479,0,4.29473149776459,0,3.55458105716013,0,0,36.1500034332275,0,0,0,3.76719737052917,0,5.47513899538252,0,0,0,0,0,0,0,0,0,0,0,8.43317401409149,4.88184298102449,0,5.60837737242014,0,0
0,3.5906940439473,0,4.8496999609361,0,3.59757518768311,0,0,0,0,0,0,0,0,0,4.87424102725599,0,12.0135226249695,25.6165065765381,13.8509759902954,0,0,0,8.88924282091158,0,0,0,0,0,0,0,0,0,16.2050561904907,0,0,0,6.83810625867805,0,37.8674780527751,0,29.5954281261989,36.7543022155762,0,0,22.893274307251,49.1839227676392,0,38.3253784179688,8.71596604235032,0,0,0,0,0,6.41844931514318,0,24.8165804545085,0,0,0,5.66840102625828,23.1099987030029,0,0,0,13.297696818054,0,0,0,0,0,0,0,0,0,16.826732635498,0,37.9579887390137,59.5006256103516,12.5384521749285,0,6.59937287841641,7.72221064809615,10.9201237465601,0,0
0,0,0,0,0,0,3.23216928376092,0,0,0,0,0,3.5181238289749,0,0,0,0,0,0,0,4.06576506650321,0,0,0,0,0,0,0,2.83044677972794,0,3.87178205053012,0,0,0,0,0,4.19330054963857,0,4.34113846200236,0,0,0,0,0,0,0,0,0,0,0,0,0,3.86009517669678,0,0,0,5.28083297177707,0,4.37722946562857,0,0,0,0,3.59361815452576,0,0,0,0,0,0,0,4.15439448356628,0,0,0,0,0,0,0,3.75398407876492,0,5.97484361103603,4.74659116768166,0,0,0,0
0,0,0,0,0,0,0,4.00984194543627,0,0,0,0,0,3.08103488562471,0,0,0,0,0,3.5788950145018,0,0,0,0,0,0,0,3.21688151273486,0,3.26057579403832,0,0,0,0,0,4.45844319527766,0,3.75863948337148,0,0,0,0,0,0,0,0,0,0,0,0,0,0,0,2.92334512660378,0,0,0,3.4373748123183,0,3.17929595959287,0,0,4.71927912834243,0,0,0,0,0,0,0,0,0,3.35223647893644,0,0,0,0,0,6.97638302100332,0,4.68404758635478,0,3.79318460593326,0,5.70596582825119,0,0
0,0,0,0,0,0,0,0,0,0,3.5181238289749,0,0,0,0,0,0,0,0,0,0,0,0,0,0,0,0,0,2.73345994949341,0,3.5891420841217,0,0,0,0,0,0,0,0,0,0,0,0,0,0,0,0,0,0,0,0,0,0,0,0,0,4.63571899670821,0,3.99720531702042,0,0,0,0,0,0,0,0,0,0,0,0,0,0,0,0,0,0,0,0,0,0,0,2.93746578486669,2.87019219398499,0,0,0
0,0,0,0,0,0,0,0,0,0,0,3.08103488562471,0,0,0,0,0,0,0,0,0,0,0,0,0,0,0,2.74852049350739,0,0,0,0,0,0,0,0,0,0,0,0,0,0,0,0,0,0,0,0,0,0,0,0,0,0,0,0,0,3.79939068766201,0,3.08382552722625,0,0,0,0,0,0,0,0,0,0,0,0,0,0,0,0,0,0,0,0,0,0,3.92900580626268,0,0,0,0
0,0,0,0,2.93482168097245,0,0,0,3.17076094974171,0,0,0,0,0,0,0,0,0,0,0,0,0,0,0,0,0,3.04516470432281,0,0,0,0,0,0,0,0,0,0,0,0,0,0,0,0,0,0,0,0,0,0,0,0,0,0,0,4.51364195346832,0,0,0,0,0,3.02925390355727,0,0,0,0,0,0,0,0,4.2258472442627,0,0,0,0,0,0,0,0,0,0,0,0,3.14164271205664,0,0,0,0
0,0,0,0,0,0,0,0,0,4.87424102725599,0,0,0,0,0,0,0,2.95126962661743,0,0,0,0,0,0,0,0,0,0,0,0,0,0,0,0,0,0,0,0,0,0,0,0,0,0,0,0,0,0,0,0,0,0,0,0,0,10.3038270794943,0,0,0,0,0,3.10572604572072,0,0,0,0,21.5955670674642,0,0,0,0,0,0,0,0,0,0,0,0,0,0,0,3.1333244740963,0,21.8964328765869,0,0
31.6051192564123,35.8422492980957,33.4216839183461,0,0,0,0,0,0,0,0,0,0,0,0,0,0,19.5323581727681,21.796821885529,0,0,0,8.10134997843563,0,4.86312235891819,0,3.1867056759544,0,0,0,0,0,0,0,0,0,0,0,0,61.527713989851,58.5628757476807,63.137623559861,47.1871827648532,0,40.4990374247233,54.3846757676866,56.2165421731607,0,33.0936820478324,72.9113616943359,0,0,0,0,0,0,56.8991870880127,63.6146362304687,0,0,0,0,63.7900074550084,60.9995433833442,0,5.61120868743734,0,0,0,3.68289091189702,0,0,93.0728454589844,0,0,0,0,0,65.9033966990351,61.0040501964336,0,0,14.3305083911384,6.71245310466422,52.1538185809032,53.4382095336914,41.6585472106934
32.8877425723606,24.3164798736572,35.6012702941895,55.7660255432129,0,0,0,0,0,12.0135226249695,0,0,0,0,0,2.95126962661743,19.5323581727681,0,15.4853637301386,0,0,5.07449205910287,25.3329133590062,5.7395227385349,20.1370184421539,3.0587484492196,0,4.24356048636966,0,0,0,0,0,0,0,0,0,0,0,58.9282156551585,60.3976943492889,50.1892355600993,44.7452551034781,0,0,57.856782801011,56.2945734106976,0,33.1814344496954,0,0,0,0,0,0,0,57.0695629119873,64.4158344268799,0,0,0,0,69.9712158203125,60.8638435784033,6.99393774403466,14.2428432040744,3.12143415212631,33.6016693115234,2.81546807289124,0,6.2636905670166,0,71.3340682983398,0,0,0,0,0,61.6590134350222,62.7947609866107,0,0,12.1550925474421,7.19135425917881,51.6917684124965,45.6762104034424,50.0581474304199
21.2365117073059,28.1940930911473,29.1016429901123,42.9118505583869,0,0,0,0,0,25.6165065765381,0,0,0,0,0,0,21.796821885529,15.4853637301386,0,0,0,0,40.9353851318359,0,16.5702695846558,0,0,0,0,0,0,0,0,0,0,0,0,0,0,40.7837250869186,38.3628689098358,22.242862093169,23.658779483191,4.33571283022563,16.3243886973407,41.1389122264076,35.5714278430296,0,25.8684869634694,45.3691197908842,0,0,0,0,0,0,46.5444640159607,28.5865661413363,0,0,0,0,41.5476790783452,45.2471900854218,0,48.8655166625977,0,32.2698516845703,0,0,0,0,34.529115078496,0,0,0,0,0,40.2912667258986,44.9804956891006,50.5408744812012,45.1465373039246,14.5943538826848,21.9018365365488,27.3436585415623,15.2107741462218,21.6915859007677
0,0,0,12.0988676354692,0,10.1058843424243,0,5.02981867109026,0,13.8509759902954,0,3.5788950145018,0,0,0,0,0,0,0,0,0,0,0,0,0,0,0,0,0,0,0,0,0,0,0,5.5025258904044,0,4.30874243823961,0,37.1268005371094,0,38.3791465759277,0,0,0,13.9020495414734,0,0,0,37.0587597382374,0,0,0,0,0,0,0,5.66511704126994,0,0,0,0,4.03679262644016,0,0,0,0,0,0,0,0,0,0,0,0,0,0,0,6.89717266434117,29.8051965077718,6.05538585186005,0,7.14935501228949,30.8770389556885,13.7356418008846,0,0
0,0,0,0,3.30806909720103,0,0,0,0,0,4.06576506650321,0,0,0,0,0,0,0,0,0,0,0,0,0,0,0,0,0,0,0,0,0,0,0,0,0,6.04291810793338,0,3.58038363644951,0,25.476393699646,0,0,0,0,0,0,0,29.9440605375502,0,0,0,0,0,0,0,4.34805532417646,0,0,0,0,0,0,7.39693988383804,0,0,0,0,0,0,0,0,0,0,0,0,0,0,0,5.06760044403584,0,0,10.1210894751069,22.840414153205,10.1779986243499,0,0
0,0,0,0,0,0,0,0,0,0,0,0,0,0,0,0,0,5.07449205910287,0,0,0,0,3.83186434472701,4.9642647214838,0,3.70466267717057,0,4.11332364489393,0,0,0,0,0,0,0,0,0,3.76319608590216,0,0,0,0,0,0,0,0,0,0,0,0,0,0,0,0,0,0,0,0,0,0,0,0,0,0,4.47308731057915,4.92163754070506,7.27188844680786,0,4.06238302876872,0,7.28200854164783,0,0,0,0,0,0,0,0,0,3.48237111217686,0,5.11676828629312,4.71031648723524,0,0,0
0,0,0,0,0,0,0,0,0,0,0,0,0,0,0,0,8.10134997843563,25.3329133590062,40.9353851318359,0,0,3.83186434472701,0,0,3.95049441344029,0,3.62220425605774,0,2.96346689767367,0,0,0,0,0,0,0,0,0,5.30219206510787,0,0,0,0,0,0,0,0,0,0,0,0,0,0,0,0,0,0,0,0,0,0,0,0,0,3.38080978393555,4.48062586195506,0,3.60325771829356,0,2.73396801948547,0,2.87854053576787,0,0,0,0,0,0,0,0,0,4.6886977803795,4.4324612294335,4.1908018929312,0,0,0
0,23.641471862793,0,0,0,0,0,0,0,8.88924282091158,0,0,0,0,0,0,0,5.7395227385349,0,0,0,4.9642647214838,0,0,0,6.73549118041992,0,0,0,0,0,0,0,15.5684232711792,0,0,0,4.91091626109058,0,0,0,11.3822722434998,0,0,0,0,0,13.9286303520203,0,3.89769077301025,0,0,0,0,0,6.62687299660274,0,0,0,0,0,22.0295104980469,0,0,3.39440916566288,0,3.76398191301622,0,0,0,0,0,0,0,0,0,0,0,0,0,4.04197113101644,0,4.58893620967865,0,10.1215262880512,0,0
0,0,0,0,0,0,0,0,3.47213002045949,0,0,0,0,0,0,0,4.86312235891819,20.1370184421539,16.5702695846558,0,0,0,3.95049441344029,0,0,0,3.15167233844598,0,0,0,0,0,0,0,0,0,0,0,3.84500901988058,0,0,0,10.1722648620605,0,0,0,0,15.269335269928,4.46021635191781,0,0,0,0,0,3.54060881137848,0,0,0,0,0,0,0,0,0,0,3.40564854114087,0,3.24961482233076,0,6.00979173390642,0,0,0,0,0,0,0,0,0,0,0,6.63474354769457,6.11862190564473,7.84572874932062,9.66157867969611,0,0
0,0,0,0,0,0,0,0,0,0,0,0,0,0,0,0,0,3.0587484492196,0,0,0,3.70466267717057,0,6.73549118041992,0,0,0,4.59509908069264,0,0,0,0,0,0,0,0,0,0,0,0,0,0,0,0,0,0,0,0,0,0,0,0,0,0,0,3.29639299710592,0,0,0,0,0,2.92012462615967,0,0,5.6774309029946,0,9.4964369807327,0,4.48171074049813,0,4.4678948495699,0,0,0,0,0,0,0,0,0,0,0,7.02413033827757,5.61463169618086,0,0,0
0,0,0,0,0,0,0,0,4.27572254573598,0,0,0,0,0,3.04516470432281,0,3.1867056759544,0,0,0,0,0,3.62220425605774,0,3.15167233844598,0,0,0,0,0,0,0,0,0,0,0,0,0,0,0,0,0,0,0,0,0,0,0,0,0,0,0,0,0,3.36868768268161,0,0,0,0,0,0,0,0,0,0,0,0,4.17711210250854,0,4.07605749368668,0,0,0,0,0,0,0,0,0,0,0,0,3.00911593437195,0,0,0,0
0,0,0,0,0,0,0,0,0,0,0,3.21688151273486,0,2.74852049350739,0,0,0,4.24356048636966,0,0,0,4.11332364489393,0,0,0,4.59509908069264,0,0,0,3.03564528842549,0,0,0,0,0,0,0,3.3921645394078,0,0,0,0,0,0,0,0,0,0,0,0,0,0,0,0,0,0,0,0,0,4.35483624180444,0,2.81385469436646,0,0,7.02664242744446,0,0,0,4.90981907903412,0,4.98232212316366,0,3.40583716120039,0,0,0,0,0,0,0,0,0,5.2988905456331,7.82343878746033,0,0,0
0,0,0,0,0,0,0,0,0,0,2.83044677972794,0,2.73345994949341,0,0,0,0,0,0,0,0,0,2.96346689767367,0,0,0,0,0,0,0,3.22346606668903,0,0,0,0,0,0,0,3.49478598620794,0,0,0,0,0,0,0,0,0,0,0,0,0,0,0,0,0,0,0,0,0,0,0,0,0,0,3.12992477416992,0,0,0,0,0,3.20464526880078,0,5.27855533834488,0,0,0,0,0,0,0,3.63990159151031,2.97598947178234,9.46923224131266,0,0,0
0,0,0,0,0,0,0,0,0,0,0,3.26057579403832,0,0,0,0,0,0,0,0,0,0,0,0,0,0,0,3.03564528842549,0,0,0,0,0,0,0,0,0,0,0,0,0,0,0,0,0,0,0,0,0,0,0,0,0,0,0,0,0,3.16404509544373,0,0,0,0,0,0,0,0,0,0,0,0,3.29603760041923,0,3.17363531947573,0,0,0,0,0,0,0,2.88648883501689,0,2.95695471763611,0,0,0,0
0,0,0,0,0,0,0,0,0,0,3.87178205053012,0,3.5891420841217,0,0,0,0,0,0,0,0,0,0,0,0,0,0,0,3.22346606668903,0,0,0,0,0,0,0,0,0,3.08778262138367,0,0,0,0,0,0,0,0,0,0,0,0,0,0,0,0,0,3.60856137507492,0,3.25924354791641,0,0,0,0,0,0,0,0,0,0,0,0,3.90731421638938,0,3.48957377962164,0,0,0,0,0,0,0,0,2.95232238781077,0,0,0,0
0,0,0,0,0,0,0,0,0,0,0,0,0,0,0,0,0,0,0,0,0,0,0,0,0,0,0,0,0,0,0,0,4.74432940555341,7.09315574459913,21.3994107246399,3.96652743626885,0,0,0,0,0,0,0,0,0,0,0,3.97227646455439,11.3020574200538,0,0,0,0,0,0,0,0,0,0,0,0,0,0,0,0,0,0,0,0,0,0,0,0,0,4.8372405200169,3.78661011253391,8.56075809900634,0,4.33183677818464,0,0,0,3.23531979914065,0,0,0,0
0,0,0,0,0,0,0,0,0,0,0,0,0,0,0,0,0,0,0,0,0,0,0,0,0,0,0,0,0,0,0,4.74432940555341,0,0,9.47745463594926,3.22731093971097,3.59829355909605,0,0,0,0,0,0,0,0,0,0,4.87865865978264,3.12432364055089,0,0,0,0,0,0,0,0,0,0,0,0,0,0,0,0,0,0,0,0,0,0,0,0,0,5.93566902247062,5.50223506420677,0,9.1266257636315,4.26547408103943,4.49941470972833,0,0,3.593603306583,0,0,0,0
0,0,0,0,0,0,0,0,0,16.2050561904907,0,0,0,0,0,0,0,0,0,0,0,0,0,15.5684232711792,0,0,0,0,0,0,0,7.09315574459913,0,0,3.62259227811821,3.46815470825741,0,6.19532660888387,4.97870718108283,0,0,0,0,0,0,0,0,5.36484023310694,9.7198657989502,0,0,0,0,0,0,0,0,0,0,0,0,0,0,0,0,0,0,0,0,0,0,0,0,0,7.1209438641866,3.89122104644775,3.36605590529332,3.9352188517593,3.8315927005429,0,4.67901835292578,3.29355359077454,7.09226192999498,3.05504333972931,14.8952054977417,0,0
0,0,0,0,0,0,0,0,0,0,0,0,0,0,0,0,0,0,0,0,0,0,0,0,0,0,0,0,0,0,0,21.3994107246399,9.47745463594926,3.62259227811821,0,0,3.64724403533383,6.41971560886928,5.74731368625865,0,0,0,0,0,0,0,0,4.71235962777838,0,0,0,0,0,0,20.2265567779541,0,0,0,0,0,0,0,0,0,0,0,0,0,0,0,0,0,0,0,0,18.5701494266247,4.10258610001926,5.55129082701144,0,4.06601520947048,16.7637848854065,6.09898338980853,4.41986073659161,2.88391724754782,0,0,0
0,0,0,25.4948973337809,0,21.1522053082784,0,0,0,0,0,4.45844319527766,0,0,0,0,0,0,0,5.5025258904044,0,0,0,0,0,0,0,0,0,0,0,3.96652743626885,3.22731093971097,3.46815470825741,0,0,3.96936847922507,4.11392880641165,0,39.3778839111328,7.90592670440674,35.1429710388184,0,0,0,11.5357187563373,0,3.35538355024849,6.74102687835693,10.1788572470347,0,0,0,0,0,0,0,3.30420067276753,0,0,0,0,6.41528227809461,0,0,0,0,0,0,0,0,0,0,0,4.41715478463606,2.84201240539551,3.9934458525731,0,4.50580705022511,4.84971447857078,5.02145673259753,0,3.46905371726332,3.12758760562735,17.6109147557506,0,0
0,0,26.6863613128662,0,26.4510841369629,0,0,0,0,0,4.19330054963857,0,0,0,0,0,0,0,0,0,6.04291810793338,0,0,0,0,0,0,0,0,0,0,0,3.59829355909605,0,3.64724403533383,3.96936847922507,0,0,4.10520752863314,0,0,0,0,0,0,0,0,0,0,0,24.8361140031081,0,0,0,0,0,23.085467641381,0,0,0,0,0,0,10.0934961883671,0,0,0,0,0,0,0,0,0,0,0,3.40161248433937,0,6.72217689982112,21.1097997029622,3.7987626885595,0,5.43036489390038,3.90572536009347,4.14484293937683,18.9488631704902,0,0
0,0,0,0,0,0,0,0,0,6.83810625867805,0,3.75863948337148,0,0,0,0,0,0,0,4.30874243823961,0,3.76319608590216,0,4.91091626109058,0,0,0,3.3921645394078,0,0,0,0,0,6.19532660888387,6.41971560886928,4.11392880641165,0,0,3.20364969715928,0,0,8.50978900781318,0,0,0,15.1700707844325,0,6.71648093782214,0,4.6038462823292,0,0,0,0,0,6.83349438335585,0,4.79160226401283,0,0,0,0,6.50304527801329,0,4.40104865802909,0,5.79641358057658,0,0,0,0,0,0,0,0,0,5.8027799169896,0,6.55082808589064,0,4.61346626634873,3.54137626572035,5.24477175270145,4.57097863191846,6.39323622039241,0,0
0,0,0,0,0,0,0,0,4.71610488430146,0,4.34113846200236,0,0,0,0,0,0,0,0,0,3.58038363644951,0,5.30219206510787,0,3.84500901988058,0,0,0,3.49478598620794,0,3.08778262138367,0,0,4.97870718108283,5.74731368625865,0,4.10520752863314,3.20364969715928,0,0,0,0,4.99574162636274,0,0,0,0,4.97919734824788,5.26761873881659,0,0,0,0,0,8.51491015846697,0,6.99545907974243,0,0,0,0,0,0,3.57147693634033,0,3.96889501810074,0,6.04443664700085,0,0,0,4.40439609289169,0,0,0,31.7354335784912,4.39976181983948,6.74300568652265,0,6.86529560163617,8.98337597317166,4.64996589954531,5.00453076392166,4.61595918854556,5.09690890469394,0,0
46.7004146575928,27.4359250068665,47.0952407836914,34.4994386491321,0,44.2104949951172,0,0,0,37.8674780527751,0,0,0,0,0,0,61.527713989851,58.9282156551585,40.7837250869186,37.1268005371094,0,0,0,0,0,0,0,0,0,0,0,0,0,0,0,39.3778839111328,0,0,0,0,51.3586371739705,16.708307208243,31.947138879224,36.0620918273926,43.2900782691108,17.5311794664179,61.0018661111434,0,46.8574688251202,13.6916442140937,0,0,0,0,0,37.6195945739746,53.0393885506524,40.918735770769,0,0,0,0,17.6463189526608,67.8602053324382,0,0,0,0,0,0,0,0,44.503665792531,0,0,0,0,0,33.9397876728081,68.8888512849808,60.6758193969727,0,39.5845435610262,37.6251719068773,20.8626263378244,22.4248583316803,55.8459136486053
0,0,27.7452920277913,44.2166745322091,22.5908164978027,50.1040496826172,0,0,0,0,0,0,0,0,0,0,58.5628757476807,60.3976943492889,38.3628689098358,0,25.476393699646,0,0,0,0,0,0,0,0,0,0,0,0,0,0,7.90592670440674,0,0,0,51.3586371739705,0,35.2169050489153,18.0161236423951,0,21.2595224834624,46.8226801554362,20.0226701190444,3.76165774890355,5.894118309021,36.5510578155518,30.4888394673665,0,0,0,0,0,32.6407306278851,48.5850279066298,0,0,0,0,45.9890056956898,18.8852409503363,0,0,0,0,0,0,0,0,0,0,0,0,0,0,64.853311365301,7.56859884406768,0,42.0806973775228,35.7565795684529,36.4638147735596,15.6082221653036,39.0855255126953,32.7891934712728
44.1573143005371,11.6996257118557,39.3816890716553,28.2584435631629,0,39.8179607391357,0,0,0,29.5954281261989,0,0,0,0,0,0,63.137623559861,50.1892355600993,22.242862093169,38.3791465759277,0,0,0,11.3822722434998,0,0,0,0,0,0,0,0,0,0,0,35.1429710388184,0,8.50978900781318,0,16.708307208243,35.2169050489153,0,10.3531042736747,13.8320851075022,29.8201810121536,31.5888620049206,39.1718745894779,0,44.448771794637,10.3529290388961,0,0,0,0,0,34.146730695452,44.9006385803223,18.5982838047733,0,0,0,0,27.3731808706979,48.0888388473376,0,0,11.2079184476067,0,0,0,0,0,26.1665270328522,0,0,0,0,0,22.4189620084417,49.1932781963814,10.2569831088185,50.4772109985352,15.4000237368745,28.6975200108119,11.6452671375481,7.26141650415151,23.0215857187907
11.5389977693558,0,23.5775905739177,33.2668030131947,41.2974700927734,40.4549369812012,0,0,12.2428635148441,36.7543022155762,0,0,0,0,0,0,47.1871827648532,44.7452551034781,23.658779483191,0,0,0,0,0,10.1722648620605,0,0,0,0,0,0,0,0,0,0,0,0,0,4.99574162636274,31.947138879224,18.0161236423951,10.3531042736747,0,0,13.5797233502509,35.2856192753233,13.3460562304802,8.22935553902907,7.56846663741956,13.947543825422,0,0,0,0,14.2359620285034,40.4039217631022,21.9809843063355,42.7049226379395,0,0,0,0,38.48385887146,26.0542631363869,0,0,0,11.5177885215973,0,0,0,0,48.250509262085,8.13129544869447,0,0,0,0,51.2306089401245,18.0393901578673,0,12.7112334370613,9.92377717437002,25.2023037444978,7.89045722713042,44.9601987202962,5.50397294441917
0,0,0,0,0,0,0,0,0,0,0,0,0,0,0,0,0,0,4.33571283022563,0,0,0,0,0,0,0,0,0,0,0,0,0,0,0,0,0,0,0,0,36.0620918273926,0,13.8320851075022,0,0,0,0,0,0,0,0,0,0,0,0,0,0,0,14.8905853858361,0,0,0,0,14.5006732940674,0,0,0,0,0,0,0,0,0,18.2475481033325,0,0,0,0,0,28.7683219909668,0,0,0,19.7786178588867,0,13.0712074294235,9.2111685926264,0
0,0,24.7783164978027,0,0,29.7513885498047,0,0,46.253776550293,0,0,0,0,0,0,0,40.4990374247233,0,16.3243886973407,0,0,0,0,0,0,0,0,0,0,0,0,0,0,0,0,0,0,0,0,43.2900782691108,21.2595224834624,29.8201810121536,13.5797233502509,0,0,0,19.3562286469474,0,0,0,0,0,0,0,0,0,35.1306266784668,44.8643341064453,0,0,0,0,0,27.3684185472734,0,0,0,0,0,0,0,0,0,0,0,0,0,0,48.417184193929,26.1449624335817,0,39.7714805603027,15.1990372201671,19.3558030128479,14.5872357814802,0,15.1400649547577
0,17.4531116485596,55.2723566691081,30.9257476897467,0,0,0,0,0,22.893274307251,0,0,0,0,0,0,54.3846757676866,57.856782801011,41.1389122264076,13.9020495414734,0,0,0,0,0,0,0,0,0,0,0,0,0,0,0,11.5357187563373,0,15.1700707844325,0,17.5311794664179,46.8226801554362,31.5888620049206,35.2856192753233,0,0,0,57.6143087148666,0,46.9717750549316,32.4095897074765,0,0,0,0,0,56.6773910522461,57.2053387959798,22.7993444866604,0,0,0,0,7.64186369358808,62.823752339681,0,0,0,0,0,0,0,0,29.3665981746855,0,0,0,0,0,8.43174777187618,50.0722600089179,12.2744762017765,76.1954536437988,30.8709488910891,33.4347081865583,13.7574245802243,28.9491100311279,0
19.7951773496775,0,18.8307015294614,50.1525888442993,25.5381097793579,43.6701431274414,0,0,25.1732006072998,49.1839227676392,0,0,0,0,0,0,56.2165421731607,56.2945734106976,35.5714278430296,0,0,0,0,0,0,0,0,0,0,0,0,0,0,0,0,0,0,0,0,61.0018661111434,20.0226701190444,39.1718745894779,13.3460562304802,0,19.3562286469474,57.6143087148666,0,0,31.11810725258,39.4664377212524,0,0,0,0,0,51.4504890441895,26.9254975497166,55.4979785919189,0,0,0,0,56.9574369347614,13.5802650071251,0,0,0,0,0,0,0,0,67.5647290547689,0,0,0,0,0,69.992312662225,11.645953439915,0,14.818289139054,38.4793999244512,36.5464074933851,22.0916724031011,63.6649055480957,23.5407397465039
0,0,0,0,0,0,0,0,0,0,0,0,0,0,0,0,0,0,0,0,0,0,0,13.9286303520203,15.269335269928,0,0,0,0,0,0,3.97227646455439,4.87865865978264,5.36484023310694,4.71235962777838,3.35538355024849,0,6.71648093782214,4.97919734824788,0,3.76165774890355,0,8.22935553902907,0,0,0,0,0,5.98933625263698,5.45872133970261,0,0,0,0,17.3287156422933,0,0,0,0,0,0,0,0,0,0,17.6960124969482,13.8223657608032,15.0751361846924,0,0,0,0,0,0,4.47759005860849,4.92192547463488,5.47792463952845,5.49474366653113,5.09289106227256,4.94974404839654,9.55915778783992,7.55485692555918,5.943882684869,5.2420539855957,6.18803041738559,0,0
4.00997205302119,0,20.5281557657502,33.1817212422689,37.6249465942383,0,0,0,9.32918417453766,38.3253784179688,0,0,0,0,0,0,33.0936820478324,33.1814344496954,25.8684869634694,0,29.9440605375502,0,0,0,4.46021635191781,0,0,0,0,0,0,11.3020574200538,3.12432364055089,9.7198657989502,0,6.74102687835693,0,0,5.26761873881659,46.8574688251202,5.894118309021,44.448771794637,7.56846663741956,0,0,46.9717750549316,31.11810725258,5.98933625263698,0,5.5610410457925,35.945503616333,0,0,0,6.88591076742928,0,35.4335925355087,43.2792193094889,4.83868169784546,0,3.2562908514952,0,40.9328893025716,35.3918350293086,0,0,0,4.90877016898124,0,3.34702770992861,0,10.2478191375732,51.5763740539551,0,11.5091833932059,4.42695653438568,0,4.11962443131667,57.3027801513672,6.83566300516844,0,6.26783625584144,11.6125449431976,25.971983939102,9.25283183559775,0,20.4382450580597
0,4.07958017538775,35.6592000325521,29.1439260930981,0,40.6141607496474,0,0,0,8.71596604235032,0,0,0,0,0,0,72.9113616943359,0,45.3691197908842,37.0587597382374,0,0,0,3.89769077301025,0,0,0,0,0,0,0,0,0,0,0,10.1788572470347,0,4.6038462823292,0,13.6916442140937,36.5510578155518,10.3529290388961,13.947543825422,0,0,32.4095897074765,39.4664377212524,5.45872133970261,5.5610410457925,0,0,0,0,0,0,7.31627465408539,41.8212784131368,39.4955857948021,0,0,0,4.24427490326965,34.934179352551,48.0035960457542,4.77440493120312,0,8.25862986163089,0,0,0,5.3017536087515,0,51.1016578674316,0,0,0,0,0,10.5502107693599,30.4366154670715,3.24191571165014,0,15.8256672511295,29.8648499080113,12.4808813894299,26.3786424001058,0
0,0,5.7915678024292,0,8.37370959350041,0,0,0,9.70156536102295,0,0,0,0,0,0,0,0,0,0,0,0,0,0,0,0,0,0,0,0,0,0,0,0,0,0,0,24.8361140031081,0,0,0,30.4888394673665,0,0,0,0,0,0,0,35.945503616333,0,0,0,0,0,0,0,0,0,0,0,0,0,0,11.9788146841115,0,0,0,0,0,0,0,0,0,0,0,0,0,0,71.6374664306641,20.4813531239827,0,0,11.3352026180788,0,6.11563795040815,0,0
0,0,0,4.21898476894085,0,3.40858670381399,0,0,0,0,0,0,0,0,0,0,0,0,0,0,0,0,0,0,0,0,0,0,0,0,0,0,0,0,0,0,0,0,0,0,0,0,0,0,0,0,0,0,0,0,0,0,0,0,0,0,0,0,0,0,0,0,0,0,0,0,0,0,0,0,0,0,0,0,0,0,0,0,0,0,0,0,2.871533203125,0,8.48021439944996,0,0
0,0,0,0,0,0,2.89303491512934,0,0,0,3.86009517669678,0,0,0,0,0,0,0,0,0,0,0,0,0,0,0,0,0,0,0,0,0,0,0,0,0,0,0,0,0,0,0,0,0,0,0,0,0,0,0,0,0,0,0,0,0,3.20894783073001,0,0,0,0,0,0,0,0,0,0,0,0,0,0,0,0,0,0,0,0,0,0,0,0,0,2.89929770231247,0,0,0,0
0,0,0,0,0,0,0,2.98014840057918,0,0,0,2.92334512660378,0,0,0,0,0,0,0,0,0,0,0,0,0,0,0,0,0,0,0,0,0,0,0,0,0,0,0,0,0,0,0,0,0,0,0,0,0,0,0,0,0,0,0,0,0,3.35000613312316,0,0,0,0,0,0,0,0,0,0,0,0,0,0,0,0,0,0,0,0,0,0,0,0,0,0,0,0,0
4.24868968615295,0,7.98137132716629,0,0,0,0,0,6.36713767903554,0,0,0,0,0,4.51364195346832,0,0,0,0,0,0,0,0,0,3.54060881137848,0,3.36868768268161,0,0,0,0,0,0,0,20.2265567779541,0,0,0,8.51491015846697,0,0,0,14.2359620285034,0,0,0,0,17.3287156422933,6.88591076742928,0,0,0,0,0,0,0,0,0,5.16624665260315,0,4.36758051055143,0,0,0,0,0,0,4.20588863718099,0,5.45678668270017,0,0,0,0,0,0,0,0,0,0,0,10.9061829793838,11.8455702773238,21.4284309387207,9.56058913138178,0,0
0,4.06541989539346,0,6.0806324731324,0,0,0,0,0,6.41844931514318,0,0,0,0,0,10.3038270794943,0,0,0,0,0,0,0,6.62687299660274,0,3.29639299710592,0,0,0,0,0,0,0,0,0,0,0,6.83349438335585,0,37.6195945739746,0,34.146730695452,40.4039217631022,0,0,56.6773910522461,51.4504890441895,0,0,7.31627465408539,0,0,0,0,0,0,64.5216369628906,0,0,0,0,7.45347687964792,0,0,0,0,6.96949551561772,0,0,0,0,0,0,0,0,0,0,0,59.323496500651,0,6.86894212003614,0,4.30331957045377,0,6.67943522403115,0,0
23.1725826263428,0,9.41668173706675,53.5878733973349,12.6430994836908,66.223461151123,3.73840459187826,0,16.2493577003479,0,5.28083297177707,0,4.63571899670821,0,0,0,56.8991870880127,57.0695629119873,46.5444640159607,0,4.34805532417646,0,0,0,0,0,0,0,0,0,3.60856137507492,0,0,0,0,0,23.085467641381,0,6.99545907974243,53.0393885506524,32.6407306278851,44.9006385803223,21.9809843063355,0,35.1306266784668,57.2053387959798,26.9254975497166,0,35.4335925355087,41.8212784131368,0,0,3.20894783073001,0,0,64.5216369628906,0,57.936290643154,6.77378897917898,0,0,0,56.0467025211879,7.34571989469482,0,0,0,0,0,0,0,0,69.2310600280762,2.97023815155029,0,0,0,0,66.9037440163749,23.1838917484342,0,17.6754665374756,11.0219115977129,31.2260795169406,17.5405201364588,0,19.5348025730678
48.0431213378906,0,0,23.4102644879939,0,0,0,3.1904610480581,0,24.8165804545085,0,3.4373748123183,0,3.79939068766201,0,0,63.6146362304687,64.4158344268799,28.5865661413363,5.66511704126994,0,0,0,0,0,0,0,0,0,3.16404509544373,0,0,0,0,0,3.30420067276753,0,4.79160226401283,0,40.918735770769,48.5850279066298,18.5982838047733,42.7049226379395,14.8905853858361,44.8643341064453,22.7993444866604,55.4979785919189,0,43.2792193094889,39.4955857948021,0,0,0,3.35000613312316,0,0,57.936290643154,0,0,0,0,0,19.1606778133483,62.2168993036798,0,0,0,0,0,0,0,0,5.08212459762141,0,0,0,0,0,44.1144439448481,63.3693504333496,5.79247338541092,0,8.8746440410614,40.3269412828528,16.1305553542681,13.7681450917171,60.3649921417236
5.42945432662964,0,4.94262236356735,0,0,0,0,0,4.29473149776459,0,4.37722946562857,0,3.99720531702042,0,0,0,0,0,0,0,0,0,0,0,0,0,0,0,0,0,3.25924354791641,0,0,0,0,0,0,0,0,0,0,0,0,0,0,0,0,0,4.83868169784546,0,0,0,0,0,5.16624665260315,0,6.77378897917898,0,0,0,0,0,0,0,0,0,0,0,0,0,0,0,0,0,0,0,0,0,0,0,0,0,3.26978123357833,3.1054471220289,3.73679643630981,0,0
0,0,0,0,0,0,0,0,0,0,0,3.17929595959287,0,3.08382552722625,0,0,0,0,0,0,0,0,0,0,0,0,0,4.35483624180444,0,0,0,0,0,0,0,0,0,0,0,0,0,0,0,0,0,0,0,0,0,0,0,0,0,0,0,0,0,0,0,0,0,0,0,0,0,0,0,0,0,0,4.45436622724905,0,0,0,0,0,0,0,0,0,0,0,2.85834765434265,0,0,0,0
4.1076298052924,0,4.00807802001042,0,4.52753758430481,0,0,0,3.55458105716013,0,0,0,0,0,3.02925390355727,0,0,0,0,0,0,0,0,0,0,0,0,0,0,0,0,0,0,0,0,0,0,0,0,0,0,0,0,0,0,0,0,0,3.2562908514952,0,0,0,0,0,4.36758051055143,0,0,0,0,0,0,0,0,0,0,0,0,4.79674926450697,0,0,0,0,0,0,0,0,0,0,0,0,0,0,3.15156855743923,0,3.77796333835971,0,0
0,3.54222138251288,0,3.54511292775472,0,0,0,0,0,5.66840102625828,0,0,0,0,0,3.10572604572072,0,0,0,0,0,0,0,22.0295104980469,0,2.92012462615967,0,2.81385469436646,0,0,0,0,0,0,0,0,0,0,0,0,0,0,0,0,0,0,0,0,0,4.24427490326965,0,0,0,0,0,7.45347687964792,0,0,0,0,0,0,0,0,0,0,21.4512101491292,0,3.33281006754181,0,0,0,0,0,0,0,0,0,0,0,0,0,4.194018907547,0,21.5345048904419,0,0
0,0,51.220384979248,35.937587791019,0,10.8271383360813,0,5.32418894767761,0,23.1099987030029,0,4.71927912834243,0,0,0,0,63.7900074550084,69.9712158203125,41.5476790783452,4.03679262644016,0,0,0,0,0,0,0,0,0,0,0,0,0,0,0,6.41528227809461,0,6.50304527801329,0,17.6463189526608,45.9890056956898,27.3731808706979,38.48385887146,14.5006732940674,0,7.64186369358808,56.9574369347614,0,40.9328893025716,34.934179352551,0,0,0,0,0,0,56.0467025211879,19.1606778133483,0,0,0,0,0,61.4038095059602,0,0,0,0,0,0,0,0,30.5161664485931,0,0,0,0,0,6.24172885246816,35.8241522312164,5.29082767075183,0,8.53802071860297,46.4489310128348,11.830043387413,15.3820123672485,0
25.1189325389577,0,25.2387655192408,53.2608529045468,13.9801637042652,60.4597625732422,0,0,36.1500034332275,0,3.59361815452576,0,0,0,0,0,60.9995433833442,60.8638435784033,45.2471900854218,0,7.39693988383804,0,0,0,0,0,0,0,0,0,0,0,0,0,0,0,10.0934961883671,0,3.57147693634033,67.8602053324382,18.8852409503363,48.0888388473376,26.0542631363869,0,27.3684185472734,62.823752339681,13.5802650071251,0,35.3918350293086,48.0035960457542,11.9788146841115,0,0,0,0,0,7.34571989469482,62.2168993036798,0,0,0,0,61.4038095059602,0,0,0,0,0,0,0,0,0,71.5326728820801,0,0,0,0,0,72.9243149695458,10.4933189276345,0,37.1053870064872,44.0540485730011,40.6119882127513,25.7692310524086,59.7252616882324,34.0513555145264
0,0,0,0,0,0,0,0,0,0,0,0,0,0,0,0,0,6.99393774403466,0,0,0,4.47308731057915,3.38080978393555,3.39440916566288,0,5.6774309029946,0,7.02664242744446,0,0,0,0,0,0,0,0,0,4.40104865802909,0,0,0,0,0,0,0,0,0,0,0,4.77440493120312,0,0,0,0,0,0,0,0,0,0,0,0,0,0,0,0,4.07479379735801,0,4.05859915833724,0,6.91430425600846,0,0,0,0,0,0,0,0,0,7.53040972446424,0,6.68463638388676,7.8024905967085,0,0,0
0,0,0,0,0,0,0,0,0,0,0,0,0,0,0,0,5.61120868743734,14.2428432040744,48.8655166625977,0,0,4.92163754070506,4.48062586195506,0,3.40564854114087,0,0,0,3.12992477416992,0,0,0,0,0,0,0,0,0,3.96889501810074,0,0,0,0,0,0,0,0,17.6960124969482,0,0,0,0,0,0,0,0,0,0,0,0,0,0,0,0,0,0,0,4.0627551873525,0,5.51054809093475,0,0,0,0,0,0,0,0,0,0,0,4.48601398708595,4.44852497635117,3.77697448169484,13.928448677063,0,0
0,7.89709154764811,0,0,0,0,0,0,0,13.297696818054,0,0,0,0,0,21.5955670674642,0,3.12143415212631,0,0,0,7.27188844680786,0,3.76398191301622,0,9.4964369807327,0,0,0,0,0,0,0,0,0,0,0,5.79641358057658,0,0,0,11.2079184476067,0,0,0,0,0,13.8223657608032,0,8.25862986163089,0,0,0,0,0,6.96949551561772,0,0,0,0,0,21.4512101491292,0,0,4.07479379735801,0,0,0,0,0,0,0,0,0,0,0,0,0,0,0,3.30155638853709,0,5.73766959630526,0,6.34701030749779,0,0
0,0,0,0,0,0,0,0,3.76719737052917,0,0,0,0,0,0,0,0,33.6016693115234,32.2698516845703,0,0,0,3.60325771829356,0,3.24961482233076,0,4.17711210250854,0,0,0,0,0,0,0,0,0,0,0,6.04443664700085,0,0,0,11.5177885215973,0,0,0,0,15.0751361846924,4.90877016898124,0,0,0,0,0,4.20588863718099,0,0,0,0,0,4.79674926450697,0,0,0,0,4.0627551873525,0,0,0,5.34534345667786,0,0,0,0,0,0,0,0,0,0,0,8.03550775660099,14.0260327238786,17.2279628117879,9.49597537391534,0,0
0,0,0,0,0,0,0,0,0,0,0,0,0,0,0,0,0,2.81546807289124,0,0,0,4.06238302876872,0,0,0,4.48171074049813,0,4.90981907903412,0,0,0,0,0,0,0,0,0,0,0,0,0,0,0,0,0,0,0,0,0,0,0,0,0,0,0,0,0,0,0,0,0,3.33281006754181,0,0,4.05859915833724,0,0,0,0,0,3.66621787224001,0,0,0,0,0,0,0,0,0,0,0,6.44737288852533,9.25040276845296,0,0,0
4.85442188424124,0,0,0,0,0,0,0,5.47513899538252,0,0,0,0,0,4.2258472442627,0,3.68289091189702,0,0,0,0,0,2.73396801948547,0,6.00979173390642,0,4.07605749368668,0,0,0,0,0,0,0,0,0,0,0,0,0,0,0,0,0,0,0,0,0,3.34702770992861,0,0,0,0,0,5.45678668270017,0,0,0,0,0,0,0,0,0,0,5.51054809093475,0,5.34534345667786,0,0,0,0,0,0,0,0,0,0,0,0,0,0,6.67745101451874,0,5.54338633565224,0,0
0,0,0,0,0,0,0,0,0,0,0,0,0,0,0,0,0,6.2636905670166,0,0,0,7.28200854164783,0,0,0,4.4678948495699,0,4.98232212316366,0,3.29603760041923,0,0,0,0,0,0,0,0,0,0,0,0,0,0,0,0,0,0,0,5.3017536087515,0,0,0,0,0,0,0,0,0,4.45436622724905,0,0,0,0,6.91430425600846,0,0,0,3.66621787224001,0,0,0,5.20322500505755,0,0,0,0,0,0,0,2.87731640589865,0,6.2233947384742,7.10529833072569,0,0,0
0,0,0,0,0,0,0,0,0,0,4.15439448356628,0,0,0,0,0,0,0,0,0,0,0,2.87854053576787,0,0,0,0,0,3.20464526880078,0,3.90731421638938,0,0,0,0,0,0,0,4.40439609289169,0,0,0,0,0,0,0,0,0,10.2478191375732,0,0,0,0,0,0,0,0,0,0,0,0,0,0,0,0,0,0,0,0,0,0,0,0,6.19219340678082,0,0,0,0,0,0,0,7.35170015004965,3.02429415899165,2.91555123329163,0,0,0
0,0,0,0,0,0,0,0,0,0,0,3.35223647893644,0,0,0,0,93.0728454589844,71.3340682983398,34.529115078496,0,0,0,0,0,0,0,0,3.40583716120039,0,3.17363531947573,0,0,0,0,0,0,0,0,0,44.503665792531,0,26.1665270328522,48.250509262085,18.2475481033325,0,29.3665981746855,67.5647290547689,0,51.5763740539551,51.1016578674316,0,0,0,0,0,0,69.2310600280762,5.08212459762141,0,0,0,0,30.5161664485931,71.5326728820801,0,0,0,0,0,0,5.20322500505755,0,0,0,0,0,0,0,46.0694172382355,0,4.92976100344053,0,47.0152816772461,40.2911071777344,6.66576344921762,16.4876185417175,0
0,0,0,0,0,0,0,0,0,0,0,0,0,0,0,0,0,0,0,0,0,0,0,0,0,0,0,0,5.27855533834488,0,3.48957377962164,0,0,0,0,0,0,0,0,0,0,0,8.13129544869447,0,0,0,0,0,0,0,0,0,0,0,0,0,2.97023815155029,0,0,0,0,0,0,0,0,0,0,0,0,0,0,6.19219340678082,0,0,0,0,0,0,0,0,0,0,2.91285945177078,0,5.04136475515954,0,0
0,0,0,0,0,0,0,0,0,0,0,0,0,0,0,0,0,0,0,0,0,0,0,0,0,0,0,0,0,0,0,4.8372405200169,5.93566902247062,7.1209438641866,0,4.41715478463606,0,0,0,0,0,0,0,0,0,0,0,4.47759005860849,11.5091833932059,0,0,0,0,0,0,0,0,0,0,0,0,0,0,0,0,0,0,0,0,0,0,0,0,0,0,10.7917934009007,6.90222577647628,0,3.32054651225055,0,0,0,3.22680483715875,0,0,0,0
0,0,0,0,0,0,0,0,0,0,0,0,0,0,0,0,0,0,0,0,0,0,0,0,0,0,0,0,0,0,0,3.78661011253391,5.50223506420677,3.89122104644775,18.5701494266247,2.84201240539551,3.40161248433937,0,31.7354335784912,0,0,0,0,0,0,0,0,4.92192547463488,4.42695653438568,0,0,0,0,0,0,0,0,0,0,0,0,0,0,0,0,0,0,0,0,0,0,0,0,0,10.7917934009007,0,0,8.21987242726814,0,5.10288837471823,0,32.4252616564433,3.1127619696902,0,0,0,0
0,0,0,0,0,0,0,0,0,16.826732635498,0,0,0,0,0,0,0,0,0,0,0,0,0,0,0,0,0,0,0,0,0,8.56075809900634,0,3.36605590529332,4.10258610001926,3.9934458525731,0,5.8027799169896,4.39976181983948,0,0,0,0,0,0,0,0,5.47792463952845,0,0,0,0,0,0,0,0,0,0,0,0,0,0,0,0,0,0,0,0,0,0,0,0,0,0,6.90222577647628,0,0,5.19252524905735,5.26036725598712,0,5.34203238032652,0,4.00788542825916,2.947922706604,0,0,0
0,0,0,0,0,0,0,0,0,0,0,0,0,0,0,0,0,0,0,0,0,0,0,0,0,0,0,0,0,0,0,0,9.1266257636315,3.9352188517593,5.55129082701144,0,6.72217689982112,0,6.74300568652265,0,0,0,0,0,0,0,0,5.49474366653113,4.11962443131667,0,0,0,0,0,0,0,0,0,0,0,0,0,0,0,0,0,0,0,0,0,0,0,0,0,0,8.21987242726814,5.19252524905735,0,0,5.94884258637697,0,7.57955481297261,6.93044722394692,3.05482868353526,0,0,0
60.2112483978271,30.4977465004757,0,35.648155150875,0,6.53986549377441,0,0,0,37.9579887390137,0,6.97638302100332,0,0,0,0,65.9033966990351,61.6590134350222,40.2912667258986,6.89717266434117,0,0,0,0,0,0,0,0,0,0,0,4.33183677818464,4.26547408103943,3.8315927005429,0,4.50580705022511,21.1097997029622,6.55082808589064,0,33.9397876728081,64.853311365301,22.4189620084417,51.2306089401245,28.7683219909668,48.417184193929,8.43174777187618,69.992312662225,5.09289106227256,57.3027801513672,10.5502107693599,71.6374664306641,0,0,0,0,59.323496500651,66.9037440163749,44.1144439448481,0,0,0,0,6.24172885246816,72.9243149695458,0,0,0,0,0,0,0,0,46.0694172382355,0,3.32054651225055,0,5.26036725598712,0,0,47.5990725667853,4.38713091127479,60.7335357666016,14.0074955811526,9.86697917746514,33.9043474314506,26.6515816520242,60.2595062255859
24.248761437156,49.7273635864258,27.07691437006,51.9512031555176,20.7302554448446,0,0,0,0,59.5006256103516,3.75398407876492,0,0,0,0,0,61.0040501964336,62.7947609866107,44.9804956891006,29.8051965077718,5.06760044403584,0,0,0,0,0,0,0,0,0,0,0,4.49941470972833,0,4.06601520947048,4.84971447857078,3.7987626885595,0,6.86529560163617,68.8888512849808,7.56859884406768,49.1932781963814,18.0393901578673,0,26.1449624335817,50.0722600089179,11.645953439915,4.94974404839654,6.83566300516844,30.4366154670715,20.4813531239827,0,0,0,0,0,23.1838917484342,63.3693504333496,0,0,0,0,35.8241522312164,10.4933189276345,0,0,0,0,0,0,0,0,0,0,0,5.10288837471823,0,5.94884258637697,47.5990725667853,0,0,5.4754499968956,9.34172164658553,36.1670163322139,13.4488790886677,67.8141174316406,33.3091910818349
0,0,0,0,0,0,0,0,0,12.5384521749285,0,4.68404758635478,0,0,0,0,0,0,50.5408744812012,6.05538585186005,0,3.48237111217686,0,4.04197113101644,0,0,0,0,0,2.88648883501689,0,0,0,4.67901835292578,16.7637848854065,5.02145673259753,0,4.61346626634873,8.98337597317166,60.6758193969727,0,10.2569831088185,0,0,0,12.2744762017765,0,9.55915778783992,0,3.24191571165014,0,0,0,0,0,6.86894212003614,0,5.79247338541092,0,0,0,0,5.29082767075183,0,7.53040972446424,0,3.30155638853709,0,0,0,2.87731640589865,0,4.92976100344053,0,0,0,5.34203238032652,0,4.38713091127479,0,0,5.49237155914307,7.07162643921054,4.51357271144917,6.74117039946409,0,0
22.4561939239502,0,0,0,0,0,0,0,8.43317401409149,0,5.97484361103603,0,0,0,0,0,0,0,45.1465373039246,0,0,0,4.6886977803795,0,6.63474354769457,0,0,0,3.63990159151031,0,0,0,0,3.29355359077454,6.09898338980853,0,5.43036489390038,3.54137626572035,4.64996589954531,0,42.0806973775228,50.4772109985352,12.7112334370613,0,39.7714805603027,76.1954536437988,14.818289139054,7.55485692555918,6.26783625584144,0,0,0,0,0,10.9061829793838,0,17.6754665374756,0,0,0,0,0,0,37.1053870064872,0,4.48601398708595,0,8.03550775660099,0,0,0,7.35170015004965,0,0,0,32.4252616564433,0,7.57955481297261,60.7335357666016,5.4754499968956,5.49237155914307,0,4.55256611422489,3.86100237412197,7.09214011748532,0,0
19.9789529605345,5.58319736458361,21.6138827332279,15.5288799444344,8.39607140292292,11.6921176802028,3.11560004022386,3.61059993794821,4.88184298102449,6.59937287841641,4.74659116768166,3.79318460593326,2.93746578486669,3.92900580626268,3.14164271205664,3.1333244740963,14.3305083911384,12.1550925474421,14.5943538826848,7.14935501228949,10.1210894751069,5.11676828629312,4.4324612294335,4.58893620967865,6.11862190564473,7.02413033827757,3.00911593437195,5.2988905456331,2.97598947178234,2.95695471763611,2.95232238781077,3.23531979914065,3.593603306583,7.09226192999498,4.41986073659161,3.46905371726332,3.90572536009347,5.24477175270145,5.00453076392166,39.5845435610262,35.7565795684529,15.4000237368745,9.92377717437002,19.7786178588867,15.1990372201671,30.8709488910891,38.4793999244512,5.943882684869,11.6125449431976,15.8256672511295,11.3352026180788,2.871533203125,2.89929770231247,0,11.8455702773238,4.30331957045377,11.0219115977129,8.8746440410614,3.26978123357833,2.85834765434265,3.15156855743923,4.194018907547,8.53802071860297,44.0540485730011,6.68463638388676,4.44852497635117,5.73766959630526,14.0260327238786,6.44737288852533,6.67745101451874,6.2233947384742,3.02429415899165,47.0152816772461,2.91285945177078,3.22680483715875,3.1127619696902,4.00788542825916,6.93044722394692,14.0074955811526,9.34172164658553,7.07162643921054,4.55256611422489,0,6.52259071529458,20.3540976768027,12.1348077070895,22.7659247866992
