0,0,0.197841258215311,0.284442871809006,0,0,0,0,0.238874426791592,0,0,0,0,0,0.191741392502318,0,0.338587234906962,0.333039353404726,0.308109441984734,0,0.38717284289802,0,0,0,0.239720383286476,0,0.270371079444885,0,0,0,0,0,0,0.43408277630806,0,0,0.433721696337064,0,0.334854543209076,0.361285401448127,0.412087417311139,0.348248771495289,0.311828711323519,0.318134337663651,0,0.349743723869324,0.428031710622812,0.326137974858284,0.194155392962675,0.342403791844845,0.191746065659182,0,0,0,0.24049654178288,0,0.330872151611456,0,0.160223737758185,0,0.152996426337474,0,0,0.396745301941608,0,0.322477966547012,0,0.227169194682078,0,0.181947245839096,0,0.138154289099628,0.304621607065201,0.395202872653802,0,0,0,0,0.380837133154273,0.452216542662676,0.383646388848623,0.387602375820279,0.2933989723203,0,0.265826682170443,0,0.262193620204926
0,0,0,0.208707894261242,0,0.185185641050339,0,0,0,0.153282545323859,0,0,0,0,0,0.213375761962393,0,0.118871316313744,0.147972901910543,0,0,0,0,0,0,0,0,0,0,0,0,0,0,0,0,0,0,0,0,0.321466892957687,0,0.324316355956476,0,0,0,0,0,0.335909994299879,0.331762472788493,0.196170612073048,0,0,0,0,0,0.187554873552239,0,0,0,0.216510236263275,0,0.211602760894785,0,0,0,0,0.276893705369965,0,0,0,0,0,0,0,0,0,0,0.363168567419052,0,0,0,0.351712131500244,0.213474898499755,0,0.210179936984416,0.39182960744514,0
0.197841258215311,0,0,0,0.116173119284213,0,0,0,0.114870597608387,0,0,0,0,0,0,0,0,0.295108050107956,0.267869502305984,0,0.21138565428555,0,0,0,0,0,0,0,0,0,0,0,0,0,0,0,0.2485521286726,0.328999668359756,0.286012689272563,0,0,0,0.33044123461694,0,0,0,0.241750532665204,0.33608278632164,0.261401799634594,0,0.104277023751485,0,0,0,0.150680316700822,0,0.24305406305939,0,0.172481918876821,0,0.205053320952824,0,0,0.229128299175568,0,0,0,0,0,0,0,0,0,0.325953868882997,0,0,0,0,0,0.278419414052257,0,0.368269956111908,0.304405127688656,0,0.195397854738292,0,0
0.284442871809006,0.208707894261242,0,0,0,0.207866122209856,0,0,0,0.144608887795345,0,0,0,0,0,0.209204109133901,0.277263924479485,0.264146357774734,0.251396245144783,0.244142847401755,0,0,0,0,0,0,0,0,0,0,0,0,0,0,0,0.279353738636584,0,0,0,0.231164850211806,0,0.324102596146986,0.266681837538878,0.241625934839249,0.211869567632675,0.247194698703984,0,0.294019747412566,0.258841627836227,0.240143929652134,0,0.211871763521975,0,0,0,0.174411960559178,0,0,0,0.229441390457478,0,0.225030183254443,0.305412224777367,0.266055762767792,0,0,0,0,0,0,0,0,0.373085200786591,0,0,0,0,0,0.28801546540418,0.338089406490326,0.303502599398295,0.280927568674088,0.171786705711724,0,0.218380602084518,0.33665145798163,0
0,0,0.116173119284213,0,0,0,0,0,0.164207448561986,0,0.165900237030453,0,0.135863992571831,0,0,0,0,0,0,0,0.178852080650952,0,0,0,0,0,0,0,0,0,0,0,0,0,0,0,0,0,0,0,0,0,0.255785524845123,0,0,0,0.202953326205413,0,0.27171117067337,0,0.187612503981934,0,0,0,0.161812275648117,0,0.189408042132854,0,0.207995290557543,0,0.2057547301054,0,0,0.195065972479907,0,0,0,0,0,0,0,0,0,0,0,0,0,0,0,0.212491615364949,0,0,0.204229082912207,0.169942051172256,0.171075443012847,0,0.224351435899734
0,0.185185641050339,0,0.207866122209856,0,0,0,0,0,0.21910384752982,0,0,0,0,0,0,0,0,0.235850369557738,0.172229492707373,0,0,0,0,0,0,0,0,0,0,0,0,0,0,0,0.17443465284611,0,0,0,0.206666410900652,0,0.266706762405542,0.249080374836922,0.236445978283882,0,0.202430822367693,0,0.276869688715254,0.231824394315481,0.243228952089945,0,0.20339667913051,0,0,0,0.210768554694071,0,0,0,0.193905574771074,0,0.208015212700481,0.199096464951124,0,0,0,0.298805415630341,0,0,0,0,0,0,0,0,0,0,0,0.233377248766911,0.265704602003098,0,0,0.14874214614817,0,0.191017889014455,0,0
0,0,0,0,0,0,0,0,0,0,0.202027714122897,0,0.210478147232457,0,0,0,0,0,0,0,0,0,0,0,0,0,0,0,0,0,0,0,0,0,0,0,0,0,0,0,0,0,0,0,0,0,0,0,0,0,0.169433653354645,0,0.168404707756753,0,0,0,0.198181688785553,0,0.202331816012733,0,0,0,0,0,0,0,0,0,0,0,0,0,0,0,0,0,0,0,0,0,0,0,0.168337911367416,0.115011114627123,0,0,0
0,0,0,0,0,0,0,0,0,0,0,0.218426113575697,0,0.327035589897928,0,0,0,0,0,0,0,0,0,0,0,0,0,0,0,0,0,0,0,0,0,0,0,0,0,0,0,0,0,0,0,0,0,0,0,0,0,0.187482363754703,0,0.197745288341818,0,0,0,0.207810743552883,0,0.191804417925673,0,0.191765628755093,0,0,0,0,0,0,0,0,0,0,0,0,0,0,0,0,0,0,0,0,0.313613624040839,0,0,0,0
0.238874426791592,0,0.114870597608387,0,0.164207448561986,0,0,0,0,0,0,0,0.17235454916954,0,0.202296228932612,0,0.260752137231384,0.229145826835211,0.227271396945752,0,0.327597290277481,0,0.258967051282525,0,0.237090400228762,0,0.202128849923611,0,0,0,0,0,0,0,0,0,0,0,0.235751236478488,0.33828342705965,0,0.311673916876316,0.150626355782151,0,0,0,0.30043055330004,0,0.206064947004671,0.292790770530701,0.196210729001566,0,0,0,0.270407001930405,0,0.336109936237335,0,0.178514297293351,0,0.177590905185099,0,0,0.244534552097321,0,0,0,0.285192499915001,0,0.224814877623603,0,0.217381925384204,0,0,0,0,0,0,0.315876136223475,0.325147294335895,0,0.225592262422045,0.228862579626802,0,0.216112693554916,0,0.300115168094635
0,0.153282545323859,0,0.144608887795345,0,0.21910384752982,0,0,0,0,0,0,0,0,0,0.21785658565076,0.150377983848254,0.189399109670409,0.154648020402672,0,0,0,0,0.253393954911809,0,0,0,0,0,0,0,0,0,0,0,0,0,0.220638588715941,0,0.225890383124352,0,0.268911436784501,0,0.260078400373459,0,0.1984561913191,0.303602203726768,0.31381890082613,0.295775099442555,0.141839469533141,0,0.2021691407028,0,0,0,0.296899121568274,0,0,0,0,0,0.203236730196155,0,0,0,0,0.312531196631108,0,0,0,0,0,0,0,0,0,0,0,0,0,0.2463273342664,0.33861542865634,0.199046523172075,0.161501802504063,0.178975600199868,0.308402734143393,0
0,0,0,0,0.165900237030453,0,0.202027714122897,0,0,0,0,0,0.117528067961816,0,0,0,0.35312893986702,0,0.327539041638374,0,0.220169062520852,0,0,0,0,0,0,0,0,0,0.134224529519226,0,0,0,0,0,0.174542005477327,0,0.136496574526807,0.347844243049622,0,0,0.363989225455693,0,0,0,0.294211447238922,0,0,0,0.177155854909316,0,0,0,0,0,0.178131635427459,0,0.196045817377476,0,0,0,0,0.308755880995103,0,0,0,0,0,0,0,0.158146272102992,0,0.165951663726255,0,0,0,0,0,0.340387975530965,0,0.140664149863789,0.126717038999123,0.148824888544205,0.393025371043578,0,0.40307842195034
0,0,0,0,0,0,0,0.218426113575697,0,0,0,0,0,0.119115529457728,0,0,0,0,0,0.132472354108873,0,0,0,0,0,0,0,0.125126153230667,0,0.156698186164615,0,0,0,0,0,0,0,0.161472584122489,0,0,0,0,0,0,0,0,0,0,0,0,0,0,0,0,0,0,0,0.210190901371546,0,0.108967869739297,0,0,0.138188285753131,0,0,0,0,0,0,0,0.139870011896798,0,0.148721443658525,0,0,0,0,0,0,0,0.1764301648736,0,0.204924905242828,0,0.118668941514833,0,0
0,0,0,0,0.135863992571831,0,0.210478147232457,0,0.17235454916954,0,0.117528067961816,0,0,0,0.160768779187367,0,0,0,0,0,0,0,0,0,0,0,0,0,0,0,0,0,0,0,0,0,0,0,0,0,0,0,0,0,0,0,0,0,0,0,0,0,0,0,0.212770700454712,0,0.220913604260927,0,0.204808532290063,0,0.159018273775776,0,0,0,0,0,0,0,0,0,0,0.123369103297591,0,0,0,0,0,0,0,0,0,0,0.20176292384324,0.145371173248158,0.222976252436638,0,0
0,0,0,0,0,0,0,0.327035589897928,0,0,0,0.119115529457728,0,0,0,0,0,0,0,0,0,0,0,0,0,0,0,0,0,0,0,0,0,0,0,0,0,0,0,0,0,0,0,0,0,0,0,0,0,0,0,0.195955650508404,0,0.206060239672661,0,0,0,0.122251030988991,0,0.170364149891668,0,0.215072460472584,0,0,0,0,0,0,0,0,0,0,0,0,0,0,0,0,0,0,0,0,0.250427752653545,0,0,0,0
0.191741392502318,0,0,0,0,0,0,0,0.202296228932612,0,0,0,0.160768779187367,0,0,0,0.171894236689522,0,0,0,0,0,0.147859901189804,0,0.210992626845837,0,0.164528418989742,0,0,0,0,0,0,0,0,0,0,0,0,0,0,0,0,0,0,0,0,0,0,0,0.207821251451969,0,0,0,0.207953954762128,0,0.194678692468281,0,0.173019161402891,0,0.164000310906858,0,0,0,0,0,0,0.211788944154978,0,0.149375254457647,0,0,0,0,0,0,0,0,0,0,0,0,0.173171274363995,0,0,0,0
0,0.213375761962393,0,0.209204109133901,0,0,0,0,0,0.21785658565076,0,0,0,0,0,0,0,0.22484989464283,0,0,0,0,0,0,0,0,0,0,0,0,0,0,0,0,0,0,0,0,0,0,0,0,0,0,0,0,0,0,0,0.210392084040425,0,0.204760022461414,0,0,0,0.228249115722903,0,0.206461706095272,0,0.206646206258219,0,0.209742428775152,0,0,0,0,0.306673526763916,0,0,0,0,0,0,0,0,0,0,0,0,0,0,0,0.22734297066927,0,0,0,0
0.338587234906962,0,0,0.277263924479485,0,0,0,0,0.260752137231384,0.150377983848254,0.35312893986702,0,0,0,0.171894236689522,0,0,0.189727619001904,0.258591063178871,0,0.342340295252047,0,0.140560147813715,0,0.159091175299558,0,0.140135447061108,0,0.165931994716326,0,0,0,0,0,0,0,0,0,0.36814440973103,0.335572191798095,0.304692782461643,0.30072102284098,0.263916952443905,0.305008240044117,0.272050788005193,0.306729641945466,0.308478371760288,0.281743131577969,0.299635082483292,0.32234072436889,0.256451398134232,0,0,0,0,0,0.311982943779892,0,0.248787954449654,0,0.198593993178185,0,0,0.315981575769597,0,0.1257938074611,0,0.171682104771215,0,0.142400523195701,0,0,0.328986634810766,0.36486807678427,0,0,0,0,0.351140930853059,0.340781774262753,0.331302613019943,0.347340781757894,0.211183934786528,0.139466855619381,0.310691687312207,0,0.265799646824598
0.333039353404726,0.118871316313744,0.295108050107956,0.264146357774734,0,0,0,0,0.229145826835211,0.189399109670409,0,0,0,0,0,0.22484989464283,0.189727619001904,0,0.288721189376277,0,0.349244611603873,0.121988150477409,0.213073211163282,0.165562350302935,0.152111451855689,0,0.237800746247536,0,0,0,0,0,0,0,0,0,0,0,0,0.316049097694064,0.362798437476158,0.293333725244911,0.263569132370107,0.287113948301836,0.26434002071619,0.287922346698386,0.338579486641619,0.294199660420418,0.290378999710083,0.303610501190027,0,0,0,0,0,0,0.34562145670255,0,0,0,0,0,0,0.316472230398137,0.125712063325488,0.126063553988934,0.160050121220675,0.161768875306561,0.145029749721289,0.221902293552245,0,0,0.332362696528435,0.332393433484766,0,0,0,0,0.341610496587092,0.365042489308577,0.323585180565715,0.314824287891388,0.187252933146177,0.122174449942329,0.304329658117221,0,0.252576847871145
0.308109441984734,0.147972901910543,0.267869502305984,0.251396245144783,0,0.235850369557738,0,0,0.227271396945752,0.154648020402672,0.327539041638374,0,0,0,0,0,0.258591063178871,0.288721189376277,0,0,0.339040168291993,0,0.235969912260771,0,0.222243475062507,0,0.243375094607472,0,0,0,0,0,0,0,0,0,0.337101185321808,0,0.346816841127544,0.355192725951927,0.294090653955936,0.298384053850051,0.206152664001383,0.415321994954959,0.198322730660439,0.300176501522462,0.30984446677215,0.284721105414278,0.277886255457997,0.333531019931778,0.245911471545696,0,0,0,0,0,0.308331825459997,0.25357985496521,0.287091243267059,0,0,0,0,0.30453479455577,0,0.233737409114838,0,0.226311098784208,0,0.245373603972522,0,0,0.344049024979273,0.341707612661754,0,0,0,0,0.398510767835757,0.347449987783102,0.360227383744602,0.337262078989541,0.241065044915709,0.221598200500011,0.296020839374072,0.24688959973199,0.22597408655918
0,0,0,0.244142847401755,0,0.172229492707373,0,0,0,0,0,0.132472354108873,0,0,0,0,0,0,0,0,0,0,0,0,0,0,0,0,0,0,0,0,0,0,0,0.156244080837654,0,0.149531615487218,0,0,0,0,0,0,0,0.195293437458773,0,0,0,0,0,0,0,0,0,0,0,0,0,0,0,0,0.146124345360774,0,0,0,0,0,0,0,0,0,0,0,0,0,0,0,0.193470065746832,0,0.180018348929783,0,0.142750777343181,0,0.213280234343772,0,0
0.38717284289802,0,0.21138565428555,0,0.178852080650952,0,0,0,0.327597290277481,0,0.220169062520852,0,0,0,0,0,0.342340295252047,0.349244611603873,0.339040168291993,0,0,0,0,0,0,0,0,0,0,0,0,0,0,0,0,0,0.266312975258876,0,0.28780446317745,0.347352877259254,0,0.332352340221405,0.320871244794057,0.410960465669632,0.288407057523727,0,0.261247718730607,0,0.285284698009491,0,0.178277659466711,0,0,0,0,0,0.275152693000574,0,0.238116052001715,0,0,0,0,0.279521476045457,0,0,0,0,0,0,0,0,0,0.361344868365717,0,0,0,0,0.390083715319633,0.263854414665918,0.436191558837891,0.374162240702415,0.206169891308927,0.194452355305354,0.383339495325746,0,0.399033150076866
0,0,0,0,0,0,0,0,0,0,0,0,0,0,0,0,0,0.121988150477409,0,0,0,0,0.0763486915578445,0.193414515416537,0,0.118792837191569,0,0.11023160116747,0,0,0,0,0,0.323264926671982,0,0,0,0.231343442603817,0,0,0,0,0,0,0,0,0,0,0,0.213991016287815,0,0,0,0,0,0,0,0,0,0,0,0,0,0,0.193305849622249,0.100051082670689,0.0980837047100067,0,0.110096625983715,0,0.146171659862591,0,0,0,0,0,0.289516896009445,0,0,0,0.29857154896098,0,0.0898466574595893,0.166478503495455,0,0,0
0,0,0,0,0,0,0,0,0.258967051282525,0,0,0,0,0,0.147859901189804,0,0.140560147813715,0.213073211163282,0.235969912260771,0,0,0.0763486915578445,0,0,0.143642550082626,0,0.12738105166575,0,0.135237251940582,0,0,0,0,0,0,0,0,0,0.291225935962606,0,0,0,0,0,0,0.343959480524063,0.301423281431198,0.47479259967804,0.381257567060999,0,0,0,0,0,0,0,0,0,0,0,0,0,0,0,0,0.185375682915603,0,0.0897608554611603,0,0.127340720418622,0,0,0,0,0,0,0,0,0.380386412143707,0,0,0.281902394824095,0.16514892261079,0.086575485765934,0.279408102234205,0,0
0,0,0,0,0,0,0,0,0,0.253393954911809,0,0,0,0,0,0,0,0.165562350302935,0,0,0,0.193414515416537,0,0,0,0.13411728585405,0,0,0,0,0,0,0,0,0,0,0,0.220870679042549,0.356090396642685,0,0,0,0,0,0,0,0,0.359289199113846,0,0,0,0,0,0,0,0.24343106997284,0,0,0,0,0,0,0,0,0.323346585035324,0,0.179733038716835,0,0,0,0,0,0,0,0,0,0.23799304664135,0,0,0,0.290561280175924,0,0.146455738961307,0,0.179602257568728,0,0
0.239720383286476,0,0,0,0,0,0,0,0.237090400228762,0,0,0,0,0,0.210992626845837,0,0.159091175299558,0.152111451855689,0.222243475062507,0,0,0,0.143642550082626,0,0,0,0.149306009337306,0,0,0,0,0,0,0,0,0,0,0,0.183693964391539,0.325445085763931,0,0,0,0,0,0,0,0,0.239838363528252,0,0,0,0,0,0.287093710440856,0,0,0,0,0,0,0,0,0.327416241168976,0,0.138127049207687,0,0.189716884176006,0,0.152210901072063,0,0,0,0,0,0,0,0,0,0.306837841868401,0,0.228967835967855,0.160263054902748,0,0.235158830970885,0,0
0,0,0,0,0,0,0,0,0,0,0,0,0,0,0,0,0,0,0,0,0,0.118792837191569,0,0.13411728585405,0,0,0,0,0,0,0,0,0,0,0,0,0,0,0,0,0,0,0,0,0,0,0,0,0,0,0,0,0,0,0,0,0,0,0,0,0,0,0,0,0.12234699819237,0,0.142313897237182,0,0.142731002635426,0,0,0,0,0,0,0,0,0,0,0,0,0,0.134616605937481,0,0,0,0
0.270371079444885,0,0,0,0,0,0,0,0.202128849923611,0,0,0,0,0,0.164528418989742,0,0.140135447061108,0.237800746247536,0.243375094607472,0,0,0,0.12738105166575,0,0.149306009337306,0,0,0,0,0,0,0,0,0,0,0,0,0,0,0,0,0.357137054204941,0,0,0,0,0.221812680363655,0,0,0,0,0,0,0,0,0,0,0,0,0,0,0,0,0,0,0,0,0,0,0.139991102530467,0,0.136980856458346,0,0,0,0,0,0,0.339640527963638,0,0,0,0.158400612478626,0,0.315380483865738,0,0
0,0,0,0,0,0,0,0,0,0,0,0.125126153230667,0,0,0,0,0,0,0,0,0,0.11023160116747,0,0,0,0,0,0,0,0.145306275625314,0,0,0,0,0,0,0,0.108661321194276,0,0,0,0,0,0,0,0,0,0,0,0,0,0,0,0,0,0,0,0,0,0.14271804317832,0,0,0,0,0,0,0,0,0.143050812757932,0,0.137295797004201,0,0,0,0,0,0,0,0,0,0,0,0,0,0,0,0
0,0,0,0,0,0,0,0,0,0,0,0,0,0,0,0,0.165931994716326,0,0,0,0,0,0.135237251940582,0,0,0,0,0,0,0,0.141430442728619,0,0,0,0,0,0,0,0.128999654514094,0,0,0,0,0,0,0,0,0,0,0,0,0,0,0,0,0,0,0,0,0,0,0,0,0,0,0.104260419805845,0,0,0,0,0,0.235935108734259,0,0,0,0,0,0,0,0,0,0,0.130928799659014,0.151078576842944,0,0,0
0,0,0,0,0,0,0,0,0,0,0,0.156698186164615,0,0,0,0,0,0,0,0,0,0,0,0,0,0,0,0.145306275625314,0,0,0,0,0,0,0,0,0,0.150619796178873,0,0,0,0,0,0,0,0,0,0,0,0,0,0,0,0,0,0,0,0.155739739537239,0,0.141743421554565,0,0,0,0,0,0,0,0,0,0,0.12847559686218,0,0.158248826509939,0,0,0,0,0,0,0,0,0,0,0,0,0,0
0,0,0,0,0,0,0,0,0,0,0.134224529519226,0,0,0,0,0,0,0,0,0,0,0,0,0,0,0,0,0,0.141430442728619,0,0,0,0,0,0,0,0,0,0.152317179081676,0,0,0,0,0,0,0,0,0,0,0,0,0,0,0,0,0,0.178608909249306,0,0,0,0,0,0,0,0,0,0,0,0,0,0,0,0,0.216114072321039,0,0,0,0,0,0,0,0.141042094528675,0.140766931103265,0.150547672720516,0,0,0
0,0,0,0,0,0,0,0,0,0,0,0,0,0,0,0,0,0,0,0,0,0,0,0,0,0,0,0,0,0,0,0,0.168572659910836,0.269122331698622,0,0.207864100069787,0.223324661453565,0,0,0,0,0,0,0,0,0,0,0.415891726292781,0.602315542490586,0,0,0,0,0,0,0,0,0,0,0,0,0,0,0,0,0,0,0,0,0,0,0,0,0,0.298272819053836,0.148079191148281,0.331891089559258,0,0.252491370104907,0.477926925486989,0.31003151088953,0,0.164527713023201,0,0,0,0
0,0,0,0,0,0,0,0,0,0,0,0,0,0,0,0,0,0,0,0,0,0,0,0,0,0,0,0,0,0,0,0.168572659910836,0,0.241790641099215,0.223477378487587,0,0.112475474178791,0,0,0,0,0,0,0,0,0,0,0.250377767682075,0,0,0,0,0,0,0,0,0,0,0,0,0,0,0,0,0,0,0,0,0,0,0,0,0,0,0.242904682069609,0.14237547586464,0.275864504726536,0,0.284649103879929,0.139726961845959,0,0,0.181812963095205,0,0,0,0
0.43408277630806,0,0,0,0,0,0,0,0,0,0,0,0,0,0,0,0,0,0,0,0,0.323264926671982,0,0,0,0,0,0,0,0,0,0.269122331698622,0.241790641099215,0,0.246843669597093,0.182795062258437,0.23140175640583,0.221207785269906,0.575364772504882,0,0,0,0,0,0,0.380962878465652,0,0.494330743057537,0.48470782097148,0,0,0,0,0,0,0,0,0,0,0,0,0,0,0,0,0.43919778863589,0,0.376440942287445,0,0,0,0,0,0,0.301735543651495,0,0.302277210334612,0.20423730800394,0.289104749164027,0,0.285843123055438,0.543599852709355,0.16509863925338,0.387615770978086,0.469451737190996,0,0
0,0,0,0,0,0,0,0,0,0,0,0,0,0,0,0,0,0,0,0,0,0,0,0,0,0,0,0,0,0,0,0,0.223477378487587,0.246843669597093,0,0.282728284597397,0.117122673491637,0.268662497401237,0.158407181501389,0,0,0,0,0,0,0,0,0.350542405520075,0.220505182038654,0,0,0,0,0,0,0,0,0,0,0,0,0,0,0,0,0,0,0,0,0,0,0,0,0,0,0.149702663719654,0.237351208340888,0.161347519698347,0.286835938692093,0.145390393264467,0.282867133617401,0.171586496443362,0.217863718537908,0.273613777756691,0,0,0
0,0,0,0.279353738636584,0,0.17443465284611,0,0,0,0,0,0,0,0,0,0,0,0,0,0.156244080837654,0,0,0,0,0,0,0,0,0,0,0,0.207864100069787,0,0.182795062258437,0.282728284597397,0,0.23299724306155,0.140019109106105,0,0.202482610940933,0.290324136243596,0,0,0,0,0.213756280376556,0,0.432576138318985,0.4672313593328,0,0,0,0,0,0,0,0,0.128574896603823,0,0,0,0,0.164631792477199,0,0,0,0,0,0,0,0,0,0,0,0.260399653017521,0,0.254755549303856,0,0.208230675076682,0.31103480605454,0.163777739120026,0,0.15131514437028,0.182044485211372,0.232481086281715,0,0
0.433721696337064,0,0.2485521286726,0,0,0,0,0,0,0,0.174542005477327,0,0,0,0,0,0,0,0.337101185321808,0,0.266312975258876,0,0,0,0,0,0,0,0,0,0,0.223324661453565,0.112475474178791,0.23140175640583,0.117122673491637,0.23299724306155,0,0,0.151728366004705,0.254567615687847,0.187202860189732,0.294624269008636,0.288525445120675,0,0,0.269185945391655,0.299711257017948,0.226827762286428,0.241244699139344,0,0,0,0,0,0,0,0.200442553559939,0,0.242524944245815,0,0,0,0,0.27914885326912,0,0,0,0,0,0,0,0,0,0.335922348499298,0,0.12574071644081,0.298262596130371,0,0.283722916245461,0.193803869738848,0,0.23003144637318,0.16217137384453,0.166345411344715,0.282962153751426,0,0
0,0,0.328999668359756,0,0,0,0,0,0,0.220638588715941,0,0.161472584122489,0,0,0,0,0,0,0,0.149531615487218,0,0.231343442603817,0,0.220870679042549,0,0,0,0.108661321194276,0,0.150619796178873,0,0,0,0.221207785269906,0.268662497401237,0.140019109106105,0,0,0.523912374126284,0,0,0.141198048258529,0,0,0,0.272578519582748,0,0.447769135522203,0.401091647968776,0.256282408559133,0,0,0,0,0,0,0,0.132276882502166,0,0,0,0,0.166841294277798,0,0.308804619852658,0,0.267676203185837,0,0,0,0.266386720187524,0,0.15951481461525,0,0,0,0.289328098297119,0.411161214113235,0.164739703475419,0,0.268279777209946,0.418945981148216,0.158547352626578,0.231606686739503,0.248015041528663,0,0
0.334854543209076,0,0.286012689272563,0,0,0,0,0,0.235751236478488,0,0.136496574526807,0,0,0,0,0,0.36814440973103,0,0.346816841127544,0,0.28780446317745,0,0.291225935962606,0.356090396642685,0.183693964391539,0,0,0,0.128999654514094,0,0.152317179081676,0,0,0.575364772504882,0.158407181501389,0,0.151728366004705,0.523912374126284,0,0.34158943593502,0.214815035462379,0.313260426123937,0.396814773289057,0.321536183357239,0.286707609891891,0,0.338367309728894,0.658560854107964,0.409205652710373,0,0,0,0,0,0,0,0.152551161469538,0,0,0,0,0,0,0.326211118736328,0,0.345006214357959,0,0.304555018906886,0,0,0,0.148336277239852,0,0.210289575272437,0,0,0.594150543212891,0.154619813950594,0.291588336229324,0.315034228236708,0.389816075563431,0.229766606525496,0.183380561351677,0.272590758708807,0.35426613000723,0,0.386594787240028
0.361285401448127,0.321466892957687,0,0.231164850211806,0,0.206666410900652,0,0,0.33828342705965,0.225890383124352,0.347844243049622,0,0,0,0,0,0.335572191798095,0.316049097694064,0.355192725951927,0,0.347352877259254,0,0,0,0.325445085763931,0,0,0,0,0,0,0,0,0,0,0.202482610940933,0.254567615687847,0,0.34158943593502,0,0,0.339584473731486,0.276507898298696,0.447498089674374,0.289057771123729,0.260134161600369,0.328220419463564,0.314055607323685,0.300450134434198,0.255446683374762,0,0,0,0,0,0,0.325538989156485,0.266588270664215,0,0,0,0,0.248405428355551,0.304590728420478,0,0,0,0,0,0,0,0,0.300269097284554,0.32567775166697,0,0,0,0,0.289942488963337,0.347502222055929,0.318851261421548,0.327366876251557,0.326785102683746,0.288501417264342,0.31939684736809,0.413479065043586,0.277422323822975
0.412087417311139,0,0,0,0,0,0,0,0,0,0,0,0,0,0,0,0.304692782461643,0.362798437476158,0.294090653955936,0,0,0,0,0,0,0,0,0,0,0,0,0,0,0,0,0.290324136243596,0.187202860189732,0,0.214815035462379,0,0,0.309413880109787,0.256046001695924,0,0.314722985029221,0,0.219121983133513,0.371757101844734,0.344401166385878,0,0,0,0,0,0,0,0.286729407807191,0,0,0,0,0,0,0.226303771138191,0,0,0,0,0,0,0,0,0,0.233576457202435,0,0,0,0,0.322642778567338,0.316198297963963,0,0.217570081353188,0.256821603729175,0.215685218572617,0.256649173970346,0,0
0.348248771495289,0.324316355956476,0,0.324102596146986,0,0.266706762405542,0,0,0.311673916876316,0.268911436784501,0,0,0,0,0,0,0.30072102284098,0.293333725244911,0.298384053850051,0,0.332352340221405,0,0,0,0,0,0.357137054204941,0,0,0,0,0,0,0,0,0,0.294624269008636,0.141198048258529,0.313260426123937,0.339584473731486,0.309413880109787,0,0.228890088630805,0.437092649941823,0.228324700402849,0.299645039665819,0.283108300832381,0.308026782598118,0.316971576084261,0.31957162088818,0,0,0,0,0,0.236939460039139,0.318049037456512,0.327074039727449,0.243467077612877,0,0,0,0.353237455089887,0.300347874561946,0,0,0,0,0,0,0,0,0.399698022426653,0.289441745389592,0,0,0,0,0.359385441303722,0.311438975855708,0.369676593380215,0.302052584757288,0.265536747977885,0.248815597006769,0.339647321535466,0.381788204022604,0.247285237207132
0.311828711323519,0,0.33044123461694,0.266681837538878,0.255785524845123,0.249080374836922,0,0,0.150626355782151,0,0.363989225455693,0,0,0,0,0,0.263916952443905,0.263569132370107,0.206152664001383,0,0.320871244794057,0,0,0,0,0,0,0,0,0,0,0,0,0,0,0,0.288525445120675,0,0.396814773289057,0.276507898298696,0.256046001695924,0.228890088630805,0,0.26655475006384,0.199326092584266,0.272436424675915,0.271279385689132,0.35530097017197,0.426083366355079,0.249835562039089,0.257233449390956,0,0,0,0.338494659297996,0,0.390478418822158,0,0.338258988893869,0,0.344218952750618,0,0,0.303494630693403,0,0,0,0,0,0,0,0,0.297038337836663,0.342183183838231,0,0,0,0,0.298689151713751,0.273771470488515,0.299681695283584,0.343742790863687,0.303429490031778,0.258450525147574,0.319362459509072,0.263901201742036,0.220407114430586
0.318134337663651,0,0,0.241625934839249,0,0.236445978283882,0,0,0,0.260078400373459,0,0,0,0,0,0,0.305008240044117,0.287113948301836,0.415321994954959,0,0.410960465669632,0,0,0,0,0,0,0,0,0,0,0,0,0,0,0,0,0,0.321536183357239,0.447498089674374,0,0.437092649941823,0.26655475006384,0,0.206185564398766,0.2885577441933,0.287911853619984,0.333345478773117,0,0.401023359809603,0,0,0,0,0,0,0,0.365953832864761,0,0,0,0,0,0.331788410743078,0,0,0,0,0,0.280203700065613,0,0,0.449759670588524,0.293471068143845,0,0,0,0,0.505610440266744,0.33562021056811,0.520095236625773,0.28964339196682,0.336173366506894,0,0.409724064901763,0.477137749393781,0
0,0,0,0.211869567632675,0,0,0,0,0,0,0,0,0,0,0,0,0.272050788005193,0.26434002071619,0.198322730660439,0,0.288407057523727,0,0,0,0,0,0,0,0,0,0,0,0,0,0,0,0,0,0.286707609891891,0.289057771123729,0.314722985029221,0.228324700402849,0.199326092584266,0.206185564398766,0,0.228942389289538,0.295181089758873,0.262906943758329,0.253386586904526,0.250825057178736,0.22388382256031,0,0,0,0,0,0.279667183756828,0,0,0,0,0,0,0.293318194223613,0,0,0,0,0,0,0,0,0.300490736961365,0.329843156039715,0,0,0,0,0.284639989074908,0.338317296711298,0.318258017301559,0.339611926983143,0.225786251119441,0,0.250327491787849,0.181519627571106,0.230327792465687
0.349743723869324,0,0,0.247194698703984,0,0.202430822367693,0,0,0,0.1984561913191,0,0,0,0,0,0,0.306729641945466,0.287922346698386,0.300176501522462,0.195293437458773,0,0,0.343959480524063,0,0,0,0,0,0,0,0,0,0,0.380962878465652,0,0.213756280376556,0.269185945391655,0.272578519582748,0,0.260134161600369,0,0.299645039665819,0.272436424675915,0.2885577441933,0.228942389289538,0,0.313568348065019,0.297665880883441,0.278626586090435,0.276065618225506,0,0,0,0,0,0,0,0.297698079164212,0,0,0,0,0.228520557382183,0.264811635017395,0,0,0,0,0,0,0,0,0.324968718549832,0,0,0,0,0,0.266045601167675,0.322040206193924,0.313334895541533,0.311556756496429,0.29009245846655,0.267812952399254,0.289530393493736,0.317837794621785,0.309875190258026
0.428031710622812,0,0.241750532665204,0,0.202953326205413,0,0,0,0.30043055330004,0.303602203726768,0.294211447238922,0,0,0,0,0,0.308478371760288,0.338579486641619,0.30984446677215,0,0.261247718730607,0,0.301423281431198,0,0,0,0.221812680363655,0,0,0,0,0,0,0,0,0,0.299711257017948,0,0.338367309728894,0.328220419463564,0.219121983133513,0.283108300832381,0.271279385689132,0.287911853619984,0.295181089758873,0.313568348065019,0,0.255513276904821,0.285104244389755,0.305288452368516,0.210691610085113,0,0,0,0,0,0.302404631095484,0,0.242725672655635,0,0.251935929059982,0,0,0.256504485785571,0,0,0,0,0,0,0,0,0.37109649181366,0.337472364897766,0,0,0,0,0.350637767712275,0.333037193532166,0.337609094878038,0.34912369730635,0.337714910776251,0,0.319636748249671,0,0.254249571641879
0.326137974858284,0.335909994299879,0.33608278632164,0.294019747412566,0,0.276869688715254,0,0,0,0.31381890082613,0,0,0,0,0,0,0.281743131577969,0.294199660420418,0.284721105414278,0,0,0,0.47479259967804,0.359289199113846,0,0,0,0,0,0,0,0.415891726292781,0.250377767682075,0.494330743057537,0.350542405520075,0.432576138318985,0.226827762286428,0.447769135522203,0.658560854107964,0.314055607323685,0.371757101844734,0.308026782598118,0.35530097017197,0.333345478773117,0.262906943758329,0.297665880883441,0.255513276904821,0,0.47252796341248,0.296024704555219,0,0,0,0,0,0,0.371539190411568,0,0,0,0,0,0,0,0,0.451031168824748,0,0,0,0,0,0.387693921724955,0,0,0.316726562819323,0.199568964540958,0.342540971768405,0.265635746579404,0.344514344287973,0.416789453007008,0.391851119566382,0.465371845928455,0.329914929558261,0.410721643204274,0.424253587500324,0.416662094493707,0.467164561152458
0.194155392962675,0.331762472788493,0.261401799634594,0.258841627836227,0.27171117067337,0.231824394315481,0,0,0.206064947004671,0.295775099442555,0,0,0,0,0,0,0.299635082483292,0.290378999710083,0.277886255457997,0,0.285284698009491,0,0.381257567060999,0,0.239838363528252,0,0,0,0,0,0,0.602315542490586,0,0.48470782097148,0.220505182038654,0.4672313593328,0.241244699139344,0.401091647968776,0.409205652710373,0.300450134434198,0.344401166385878,0.316971576084261,0.426083366355079,0,0.253386586904526,0.278626586090435,0.285104244389755,0.47252796341248,0,0.371413876612981,0.284664750099182,0,0,0,0.230193599874591,0,0.423535684507396,0,0.366219577938318,0,0.277194924652576,0,0,0.303179069887847,0,0.362828519145836,0,0.283900813315145,0,0.256427916811734,0,0.302171865212066,0,0.3264408324446,0.524263998866081,0.199574142694473,0.414933861244926,0.323189988732338,0.365280946573386,0.375765930596526,0.429363100946724,0.412547474856987,0.325442862527147,0,0.334354966381215,0.388521589338779,0.564811825752258
0.342403791844845,0.196170612073048,0,0.240143929652134,0,0.243228952089945,0,0,0.292790770530701,0.141839469533141,0,0,0,0,0,0.210392084040425,0.32234072436889,0.303610501190027,0.333531019931778,0,0,0.213991016287815,0,0,0,0,0,0,0,0,0,0,0,0,0,0,0,0.256282408559133,0,0.255446683374762,0,0.31957162088818,0.249835562039089,0.401023359809603,0.250825057178736,0.276065618225506,0.305288452368516,0.296024704555219,0.371413876612981,0,0,0,0,0,0,0.155385787288348,0.2829403479894,0.213886328041553,0,0.211628713866784,0,0.212182692500035,0,0.335690975189209,0.230202442533533,0,0.225437155731444,0,0.261054380663804,0.360810041427612,0,0,0.324848432342211,0.278159141540527,0,0,0,0,0.329739754398664,0.309767972677946,0.253633560419004,0.389715752667851,0.287470199358769,0.237907831867536,0.283701292624076,0.390189468571283,0.240172028541565
0.191746065659182,0,0.104277023751485,0,0.187612503981934,0,0.169433653354645,0,0.196210729001566,0,0.177155854909316,0,0,0,0.207821251451969,0,0.256451398134232,0,0.245911471545696,0,0.178277659466711,0,0,0,0,0,0,0,0,0,0,0,0,0,0,0,0,0,0,0,0,0,0.257233449390956,0,0.22388382256031,0,0.210691610085113,0,0.284664750099182,0,0,0,0.169380752813248,0,0.200855313871916,0,0.220861413086097,0,0.220180794494259,0,0.206598035903538,0,0,0.2018246510865,0,0,0,0,0,0,0,0,0,0,0,0,0,0,0,0.233112008256071,0,0.350848307212194,0.178800675131026,0.168665316441785,0.203982434530811,0,0
0,0,0,0.211871763521975,0,0.20339667913051,0,0.187482363754703,0,0.2021691407028,0,0,0,0.195955650508404,0,0.204760022461414,0,0,0,0,0,0,0,0,0,0,0,0,0,0,0,0,0,0,0,0,0,0,0,0,0,0,0,0,0,0,0,0,0,0,0,0,0,0.195693740668009,0,0.209932009047932,0,0,0,0.189136643005514,0,0,0,0,0,0,0,0,0,0,0,0,0,0,0,0,0,0,0,0,0,0,0,0,0,0,0
0,0,0,0,0,0,0.168404707756753,0,0,0,0,0,0,0,0,0,0,0,0,0,0,0,0,0,0,0,0,0,0,0,0,0,0,0,0,0,0,0,0,0,0,0,0,0,0,0,0,0,0,0,0.169380752813248,0,0,0,0,0,0,0,0.209121510386467,0,0,0,0,0,0,0,0,0,0,0,0,0,0,0,0,0,0,0,0,0,0,0,0.165927555412054,0,0,0,0
0,0,0,0,0,0,0,0.197745288341818,0,0,0,0,0,0.206060239672661,0,0,0,0,0,0,0,0,0,0,0,0,0,0,0,0,0,0,0,0,0,0,0,0,0,0,0,0,0,0,0,0,0,0,0,0,0,0.195693740668009,0,0,0,0,0,0,0,0.187110284737437,0,0,0,0,0,0,0,0,0,0,0,0,0,0,0,0,0,0,0,0,0,0,0.20036670294675,0,0,0,0
0.24049654178288,0,0.150680316700822,0,0.161812275648117,0,0,0,0.270407001930405,0,0,0,0.212770700454712,0,0.207953954762128,0,0,0,0,0,0,0,0,0,0.287093710440856,0,0,0,0,0,0,0,0,0,0,0,0,0,0,0,0,0,0.338494659297996,0,0,0,0,0,0.230193599874591,0,0.200855313871916,0,0,0,0,0,0,0,0.17871466588856,0,0.198002415808357,0,0,0,0,0,0,0.294103160013242,0,0.212044087926979,0,0.209050524660519,0,0,0,0,0,0,0,0,0,0.216683264821768,0.336289793252945,0,0.269439665308365,0,0
0,0.187554873552239,0,0.174411960559178,0,0.210768554694071,0,0,0,0.296899121568274,0,0,0,0,0,0.228249115722903,0,0,0,0,0,0,0,0.24343106997284,0,0,0,0,0,0,0,0,0,0,0,0,0,0,0,0,0,0.236939460039139,0,0,0,0,0,0,0,0.155385787288348,0,0.209932009047932,0,0,0,0,0,0,0,0,0,0.222079689888393,0,0,0,0,0.283158977739186,0,0,0,0,0,0,0,0,0,0,0,0,0,0,0,0.186553872078657,0,0.185603296069402,0.235895752906799,0
0.330872151611456,0,0.24305406305939,0,0.189408042132854,0,0.198181688785553,0,0.336109936237335,0,0.178131635427459,0,0.220913604260927,0,0.194678692468281,0,0.311982943779892,0.34562145670255,0.308331825459997,0,0.275152693000574,0,0,0,0,0,0,0,0,0,0.178608909249306,0,0,0,0,0,0.200442553559939,0,0.152551161469538,0.325538989156485,0.286729407807191,0.318049037456512,0.390478418822158,0,0.279667183756828,0,0.302404631095484,0.371539190411568,0.423535684507396,0.2829403479894,0.220861413086097,0,0,0,0,0,0,0,0.267080653121423,0,0.203639195829022,0,0,0.31740412087137,0,0,0,0,0,0,0,0,0,0.360709095241751,0,0,0,0,0.299141272902489,0.290974680745305,0.291751772165298,0.325677734187671,0.263705988228321,0.179620356936204,0.329910869494402,0,0.380657971069053
0,0,0,0,0,0,0,0.207810743552883,0,0,0,0.210190901371546,0,0.122251030988991,0,0.206461706095272,0,0,0.25357985496521,0,0,0,0,0,0,0,0,0,0,0.155739739537239,0,0,0,0,0,0.128574896603823,0,0.132276882502166,0,0.266588270664215,0,0.327074039727449,0,0.365953832864761,0,0.297698079164212,0,0,0,0.213886328041553,0,0,0,0,0,0,0,0,0,0.19320606701076,0,0.193062545622096,0.285588539308972,0,0,0,0,0,0,0,0,0,0.244998729014851,0,0,0,0,0,0.30980196595192,0,0.315206601222356,0,0.124746260543664,0,0.281203879057156,0,0
0.160223737758185,0,0.172481918876821,0,0.207995290557543,0,0.202331816012733,0,0.178514297293351,0,0.196045817377476,0,0.204808532290063,0,0.173019161402891,0,0.248787954449654,0,0.287091243267059,0,0.238116052001715,0,0,0,0,0,0,0,0,0,0,0,0,0,0,0,0.242524944245815,0,0,0,0,0.243467077612877,0.338258988893869,0,0,0,0.242725672655635,0,0.366219577938318,0,0.220180794494259,0,0.209121510386467,0,0.17871466588856,0,0.267080653121423,0,0,0,0.178699063648889,0,0,0.222374246056591,0,0,0,0,0,0.218041345477104,0,0.238041208319731,0,0.308848565816879,0,0,0,0,0,0.248918332159519,0,0.293277442455292,0.245953543377774,0.180495118101438,0.209682448329367,0,0.232075169682503
0,0.216510236263275,0,0.229441390457478,0,0.193905574771074,0,0.191804417925673,0,0,0,0.108967869739297,0,0.170364149891668,0,0.206646206258219,0,0,0,0,0,0,0,0,0,0,0,0.14271804317832,0,0.141743421554565,0,0,0,0,0,0,0,0,0,0,0,0,0,0,0,0,0,0,0,0.211628713866784,0,0.189136643005514,0,0.187110284737437,0,0,0,0.19320606701076,0,0,0,0.21122788704848,0,0,0,0,0,0,0,0,0,0,0,0,0,0,0,0,0,0,0,0,0.121996937940518,0,0,0,0
0.152996426337474,0,0.205053320952824,0,0.2057547301054,0,0,0,0.177590905185099,0,0,0,0.159018273775776,0,0.164000310906858,0,0.198593993178185,0,0,0,0,0,0,0,0,0,0,0,0,0,0,0,0,0,0,0,0,0,0,0,0,0,0.344218952750618,0,0,0,0.251935929059982,0,0.277194924652576,0,0.206598035903538,0,0,0,0.198002415808357,0,0.203639195829022,0,0.178699063648889,0,0,0,0,0,0,0,0,0.201392393973139,0,0.199567599161979,0,0.200392007827759,0,0.293663926422596,0,0,0,0,0,0.238731399178505,0,0,0.254931309205644,0,0.215131321388065,0,0.270021170377731
0,0.211602760894785,0,0.225030183254443,0,0.208015212700481,0,0.191765628755093,0,0.203236730196155,0,0,0,0.215072460472584,0,0.209742428775152,0,0,0,0,0,0,0,0,0,0,0,0,0,0,0,0,0,0,0,0,0,0,0,0,0,0,0,0,0,0,0,0,0,0.212182692500035,0,0,0,0,0,0.222079689888393,0,0.193062545622096,0,0.21122788704848,0,0,0,0,0,0,0,0,0,0,0,0,0,0,0,0,0,0,0,0,0,0,0.161257540186246,0,0,0,0
0,0,0,0.305412224777367,0,0.199096464951124,0,0,0,0,0,0.138188285753131,0,0,0,0,0,0,0,0.146124345360774,0,0,0,0,0,0,0,0,0,0,0,0,0,0,0,0.164631792477199,0,0.166841294277798,0,0.248405428355551,0,0.353237455089887,0,0,0,0.228520557382183,0,0,0,0,0,0,0,0,0,0,0,0.285588539308972,0,0,0,0,0,0,0,0,0,0,0,0,0,0,0.293685094349914,0,0,0,0,0,0.227588989443595,0,0.258214645385742,0,0.150135248303413,0,0.319887627086608,0,0
0.396745301941608,0,0.229128299175568,0.266055762767792,0.195065972479907,0,0,0,0.244534552097321,0,0.308755880995103,0,0,0,0,0,0.315981575769597,0.316472230398137,0.30453479455577,0,0.279521476045457,0,0,0,0.327416241168976,0,0,0,0,0,0,0,0,0,0,0,0.27914885326912,0,0.326211118736328,0.304590728420478,0.226303771138191,0.300347874561946,0.303494630693403,0.331788410743078,0.293318194223613,0.264811635017395,0.256504485785571,0,0.303179069887847,0.335690975189209,0.2018246510865,0,0,0,0,0,0.31740412087137,0,0.222374246056591,0,0,0,0,0,0,0,0,0,0,0,0,0,0.312620162963867,0.348308560175773,0,0,0,0,0.358516857028008,0.256378838154222,0.355316013097763,0.384694512624566,0.298153802446307,0.214922174811363,0.280771969755135,0,0.282734592755636
0,0,0,0,0,0,0,0,0,0,0,0,0,0,0,0,0,0.125712063325488,0,0,0,0.193305849622249,0,0.323346585035324,0,0.12234699819237,0,0,0,0,0,0,0,0,0,0,0,0.308804619852658,0,0,0,0,0,0,0,0,0,0,0,0.230202442533533,0,0,0,0,0,0,0,0,0,0,0,0,0,0,0,0,0.225011627937927,0,0,0,0,0,0,0,0,0,0,0,0,0,0.424129750774841,0,0.110284086083993,0,0,0,0
0.322477966547012,0,0,0,0,0,0,0,0,0,0,0,0,0,0,0,0.1257938074611,0.126063553988934,0.233737409114838,0,0,0.100051082670689,0.185375682915603,0,0.138127049207687,0,0,0,0.104260419805845,0,0,0,0,0.43919778863589,0,0,0,0,0.345006214357959,0,0,0,0,0,0,0,0,0.451031168824748,0.362828519145836,0,0,0,0,0,0,0,0,0,0,0,0,0,0,0,0,0,0,0.208249842831448,0,0.229389294311051,0,0.22511982437103,0,0,0,0,0.436299246549606,0,0,0,0,0.30259639578697,0.210094390023086,0,0.306265120570724,0,0
0,0.276893705369965,0,0,0,0.298805415630341,0,0,0,0.312531196631108,0,0,0,0,0,0.306673526763916,0,0.160050121220675,0,0,0,0.0980837047100067,0,0.179733038716835,0,0.142313897237182,0,0,0,0,0,0,0,0,0,0,0,0.267676203185837,0,0,0,0,0,0,0,0,0,0,0,0.225437155731444,0,0,0,0,0,0.283158977739186,0,0,0,0,0,0,0,0,0.225011627937927,0,0,0,0.252747125923634,0,0,0,0,0,0,0,0,0,0,0,0.33905421422168,0,0.175106027474006,0,0.194373562538285,0,0
0.227169194682078,0,0,0,0,0,0,0,0.285192499915001,0,0,0,0,0,0.211788944154978,0,0.171682104771215,0.161768875306561,0.226311098784208,0,0,0,0.0897608554611603,0,0.189716884176006,0,0,0,0,0,0,0,0,0.376440942287445,0,0,0,0,0.304555018906886,0,0,0,0,0,0,0,0,0,0.283900813315145,0,0,0,0,0,0.294103160013242,0,0,0,0,0,0.201392393973139,0,0,0,0,0.208249842831448,0,0,0,0.226218468777796,0,0.199651822447777,0,0,0,0,0,0,0,0,0,0.279894891004493,0.183277979101005,0,0.31749576170387,0,0
0,0,0,0,0,0,0,0,0,0,0,0,0,0,0,0,0,0.145029749721289,0,0,0,0.110096625983715,0,0,0,0.142731002635426,0,0.143050812757932,0,0,0,0,0,0,0,0,0,0,0,0,0,0,0,0,0,0,0,0,0,0.261054380663804,0,0,0,0,0,0,0,0,0,0,0,0,0,0,0,0,0.252747125923634,0,0,0,0.248318812362452,0,0,0,0,0,0,0,0,0,0,0,0.137661822140217,0,0,0,0
0.181947245839096,0,0,0,0,0,0,0,0.224814877623603,0,0,0,0,0,0.149375254457647,0,0.142400523195701,0.221902293552245,0.245373603972522,0,0,0,0.127340720418622,0,0.152210901072063,0,0.139991102530467,0,0,0,0,0,0,0,0,0,0,0,0,0,0,0,0,0.280203700065613,0,0,0,0,0.256427916811734,0.360810041427612,0,0,0,0,0.212044087926979,0,0,0,0.218041345477104,0,0.199567599161979,0,0,0,0,0.229389294311051,0,0.226218468777796,0,0,0,0.201755982637405,0,0,0,0,0,0,0.38429194688797,0.281433194875717,0,0,0.192140250333718,0,0.320480450987816,0,0
0,0,0,0,0,0,0,0,0,0,0,0.139870011896798,0,0,0,0,0,0,0,0,0,0.146171659862591,0,0,0,0,0,0.137295797004201,0,0.12847559686218,0,0,0,0,0,0,0,0.266386720187524,0,0,0,0,0,0,0,0,0,0,0,0,0,0,0,0,0,0,0,0,0,0,0,0,0,0,0,0,0,0,0.248318812362452,0,0,0,0,0,0,0,0,0,0,0,0.225190415019756,0,0,0,0,0,0
0.138154289099628,0,0,0,0,0,0,0,0.217381925384204,0,0.158146272102992,0,0.123369103297591,0,0,0,0,0,0,0,0,0,0,0,0,0,0.136980856458346,0,0.235935108734259,0,0,0,0,0,0,0,0,0,0.148336277239852,0,0,0,0,0,0,0,0,0.387693921724955,0.302171865212066,0,0,0,0,0,0.209050524660519,0,0,0,0.238041208319731,0,0.200392007827759,0,0,0,0,0.22511982437103,0,0.199651822447777,0,0.201755982637405,0,0,0,0,0,0,0,0,0,0,0,0.247173505028089,0.233614653348923,0,0.386114329099655,0,0
0.304621607065201,0,0,0.373085200786591,0,0,0,0,0,0,0,0.148721443658525,0,0,0,0,0.328986634810766,0.332362696528435,0.344049024979273,0,0,0,0,0,0,0,0,0,0,0.158248826509939,0,0,0,0,0,0,0,0.15951481461525,0,0.300269097284554,0,0.399698022426653,0.297038337836663,0.449759670588524,0.300490736961365,0.324968718549832,0.37109649181366,0,0,0.324848432342211,0,0,0,0,0,0,0,0.244998729014851,0,0,0,0,0.293685094349914,0.312620162963867,0,0,0,0,0,0,0,0,0,0,0,0,0,0,0.31330118017892,0.344389840960503,0.357596573233604,0.336045111928667,0.33254753642304,0,0.338659212789492,0.384588951414282,0
0.395202872653802,0,0.325953868882997,0,0,0,0,0,0,0,0.165951663726255,0,0,0,0,0,0.36486807678427,0.332393433484766,0.341707612661754,0,0.361344868365717,0,0,0,0,0,0,0,0,0,0.216114072321039,0,0,0,0,0,0.335922348499298,0,0.210289575272437,0.32567775166697,0.233576457202435,0.289441745389592,0.342183183838231,0.293471068143845,0.329843156039715,0,0.337472364897766,0,0.3264408324446,0.278159141540527,0,0,0,0,0,0,0.360709095241751,0,0.308848565816879,0,0.293663926422596,0,0,0.348308560175773,0,0,0,0,0,0,0,0,0,0,0,0,0,0,0.339996584332906,0.323988151264517,0.360331758856773,0.305191919048202,0.274412747995372,0,0.372667287803007,0,0.384890867550986
0,0,0,0,0,0,0,0,0,0,0,0,0,0,0,0,0,0,0,0,0,0,0,0,0,0,0,0,0,0,0,0.298272819053836,0.242904682069609,0.301735543651495,0,0.260399653017521,0,0,0,0,0,0,0,0,0,0,0,0.316726562819323,0.524263998866081,0,0,0,0,0,0,0,0,0,0,0,0,0,0,0,0,0,0,0,0,0,0,0,0,0,0,0.284374396006266,0.312743160026007,0,0.274068879894912,0.397034520249881,0.306874730757305,0,0.274220211587965,0,0,0,0
