0,0,0.163241569399834,0,0.188845231344825,0,0,0,0.172406488886246,0,0,0,0,0,0,0,0.462847694754601,0,0.459641221572052,0,0.162223398685455,0,0,0,0,0,0,0,0,0,0,0,0,0,0,0,0.405336481208603,0,0,0,0.495966191714009,0,0.310677061478297,0,0,0.385345697402954,0.377771481871605,0,0.153180194299991,0,0.213181212544441,0,0,0,0.197046167533229,0,0.385797484964132,0,0.192650228738785,0,0.200395443042119,0,0,0.354465197771788,0,0,0,0,0,0,0,0,0,0.367038217186928,0,0,0,0,0.382109373807907,0.43022768143213,0,0,0.255365926374055,0,0.310113216143433,0,0.304758371412754
0,0,0,0.199021817399905,0,0,0,0,0,0.153800500666394,0,0,0,0,0,0.214882413546244,0,0,0.313163332677827,0,0,0,0,0,0,0,0,0,0,0,0,0,0,0,0,0.352767497301102,0,0,0,0.417159206337399,0,0.42653939378889,0,0.40444304049015,0,0.264364386598269,0.336325511336327,0,0,0.259047144923467,0,0,0,0,0,0.202037200088734,0,0,0,0,0,0.235550564346891,0.286657517155011,0,0,0,0,0,0,0,0,0,0,0,0,0,0,0,0.367828426689937,0.364704504609108,0,0,0.295003785790798,0,0.363529888856592,0.382778435945511,0
0.163241569399834,0,0,0,0.169464933321528,0,0,0,0.124055173248053,0,0,0,0,0,0,0,0,0,0,0,0,0,0,0,0,0,0,0,0,0,0,0,0,0,0,0,0.303839921951294,0,0,0,0,0,0.254461688940058,0,0,0,0,0,0.16305330821446,0,0.20331158857755,0,0,0,0,0,0.297270621074007,0,0.224882040511478,0,0,0,0,0.237415549046588,0,0,0,0,0,0,0,0,0,0.286659091711044,0,0,0,0,0,0.320172876119614,0,0,0.146795151134332,0,0.250684277691703,0,0.23456623268799
0,0.199021817399905,0,0,0,0.23188993415317,0,0,0,0.123965428487675,0,0.203888583928347,0,0,0,0,0,0,0.291890181601048,0.273016467690468,0,0,0,0,0,0,0,0,0,0,0,0,0,0,0,0.268521253358234,0,0,0,0.244362325352781,0.258602580198875,0.278040636535529,0,0.290026873350143,0,0,0,0,0,0.184475378468146,0,0.231273881316959,0,0,0,0.110089003396549,0,0.271669534842173,0,0.217459595629147,0,0.212114976738629,0.361587163060904,0,0,0,0,0,0,0,0,0,0,0,0,0,0,0,0.262523515885618,0.253387677669525,0,0,0.248156541839559,0,0.266814731496625,0.247473967652167,0
0.188845231344825,0,0.169464933321528,0,0,0,0.182053305208683,0,0.194912438827848,0,0.169379130005836,0,0,0,0,0,0,0,0,0,0.216116450918026,0,0,0,0,0,0,0,0,0,0,0,0,0,0,0,0,0,0,0,0,0,0.233752134442329,0,0,0,0,0,0.185648687183857,0,0.195014887872864,0,0,0,0.230498651042581,0,0.221572676897049,0,0,0,0.196429143548012,0,0,0.195923820137978,0,0,0,0,0,0,0,0,0,0.265971124172211,0,0,0,0,0,0,0,0,0.17618260931137,0.148978609591722,0.183727664493241,0,0.196768213063478
0,0,0,0.23188993415317,0,0,0,0,0,0.188464369624853,0,0.208774415510041,0,0,0,0.176721345919829,0,0,0,0.211253856619199,0,0,0,0,0,0,0,0,0,0,0,0,0,0,0,0.239158663898706,0,0,0,0,0,0.291824482381344,0,0,0,0,0,0,0,0.235109522938728,0,0.217872592406644,0,0,0,0,0,0.243932228895926,0,0.25563896285451,0,0.187643458942572,0.282793268561363,0,0,0,0,0,0,0,0,0,0,0,0,0,0,0,0.25175867183134,0,0,0,0.203418374131873,0.178385192528367,0.242568982224311,0.296440750360489,0
0,0,0,0,0.182053305208683,0,0,0,0,0,0,0,0,0,0,0,0,0,0,0,0,0,0,0,0,0,0,0,0,0,0,0,0,0,0,0,0,0,0,0,0,0,0,0,0,0,0,0,0,0,0,0,0.179852731982056,0,0,0,0.263955246117035,0,0.234281000577741,0,0,0,0,0,0,0,0,0,0,0,0,0,0,0,0,0,0,0,0,0.120835445821285,0,0,0.162808181984084,0,0.178192058205605,0,0
0,0,0,0,0,0,0,0,0,0,0,0.187931700348854,0,0,0,0,0,0,0,0,0,0,0,0,0,0,0,0,0,0,0,0,0,0,0,0.148594103753567,0,0,0,0,0,0,0,0,0,0,0,0,0,0,0,0,0,0.193590016680814,0,0,0,0.195690815340835,0,0.145037865115179,0,0,0,0,0,0,0,0,0,0,0,0,0,0,0,0,0,0,0,0,0,0,0.119089495390654,0,0,0,0
0.172406488886246,0,0.124055173248053,0,0.194912438827848,0,0,0,0,0,0,0,0,0,0,0,0.250474831383479,0,0.26150418817997,0,0,0,0,0,0.248478669118374,0,0.141095402887312,0,0,0,0,0,0,0,0,0,0.347331285476685,0,0,0,0.383393918474515,0,0.234420210907334,0,0,0,0.252514019608498,0,0.14009403079175,0,0.206532281517982,0,0,0,0.224885234591838,0,0,0,0.203418159484863,0,0.177910594476594,0,0,0.268590810398261,0,0,0,0.12879966199398,0,0,0,0,0,0.263354867696762,0,0,0,0,0,0.33634568183195,0,0,0.204105983903775,0.179960379997889,0.202416295042405,0,0.251231657607215
0,0.153800500666394,0,0.123965428487675,0,0.188464369624853,0,0,0,0,0,0.164470538496971,0,0,0,0.180928658497961,0,0,0.186782583594322,0.169170543551445,0,0,0,0.177738090378976,0,0,0,0,0,0,0,0,0,0,0,0,0,0.197775020485833,0,0,0,0.290274545550346,0,0,0,0,0,0,0,0.16014061655317,0,0.186060115695,0,0,0,0.245690104803366,0,0,0,0,0,0.21708900915633,0,0,0,0,0.215216337254754,0,0,0,0,0,0,0,0,0,0,0,0.220160279422998,0,0.268826647988848,0,0.238044200764172,0.228182594291866,0.17173594335715,0,0
0,0,0,0,0.169379130005836,0,0,0,0,0,0,0,0,0,0,0,0,0,0,0,0.200807119918163,0,0,0,0,0,0,0,0,0,0.185800144241916,0,0,0,0,0,0.149259490346102,0,0.162622896225826,0,0,0,0,0,0,0,0,0,0,0,0,0,0.187905374914408,0,0,0,0.202813023215894,0,0.197883161325609,0,0,0,0,0.143879776636323,0,0,0,0,0,0,0,0,0,0.247495055198669,0,0,0,0,0,0.117036610841751,0,0.168371634382122,0.150319144886764,0,0.188401740789413,0,0
0,0,0,0.203888583928347,0,0.208774415510041,0,0.187931700348854,0,0.164470538496971,0,0,0,0.13166957304009,0,0,0,0,0,0.139173424536628,0,0,0,0,0,0,0,0.13840148259293,0,0.175456770828792,0,0,0,0,0,0.138592493534088,0,0.14311021181753,0,0,0,0,0,0,0,0,0,0,0,0,0,0.203777286410332,0,0,0,0,0,0.206243936454526,0,0.145390289551333,0,0,0.166992414065383,0,0,0,0,0,0,0,0.141847450067015,0,0.207801487364552,0,0,0,0,0,0.147747552022338,0,0.178295316059648,0,0.153070168155763,0,0,0,0
0,0,0,0,0,0,0,0,0,0,0,0,0,0,0,0,0,0,0,0,0,0,0,0,0,0,0,0,0,0,0,0,0,0,0,0,0,0,0,0,0,0,0,0,0,0,0,0,0,0,0,0,0,0,0,0,0,0,0.219774991016963,0,0,0,0,0,0,0,0,0,0,0,0,0,0,0,0,0,0,0,0,0,0,0,0,0,0,0,0
0,0,0,0,0,0,0,0,0,0,0,0.13166957304009,0,0,0,0.187719876567523,0,0,0,0,0,0,0,0,0,0,0,0.156122645735741,0,0,0,0,0,0,0,0,0,0,0,0,0,0,0,0,0,0,0,0,0,0,0,0,0,0,0,0,0,0,0,0.212594627737469,0,0,0,0,0,0,0,0,0.16131466627121,0,0.194123243093491,0,0,0,0,0,0,0,0,0,0,0,0.189887096268543,0.160982053726912,0,0,0
0,0,0,0,0,0,0,0,0,0,0,0,0,0,0,0,0.098496379951636,0,0,0,0,0,0,0,0,0,0,0,0,0,0,0,0,0,0,0,0,0,0,0,0,0,0,0,0,0,0,0,0,0,0,0,0,0,0.195828467607498,0,0,0,0.223705470561981,0,0.162852321316799,0,0,0,0,0,0,0,0,0,0,0,0,0,0,0,0,0,0,0,0,0,0.136123954421944,0.12601970260342,0,0,0
0,0.214882413546244,0,0,0,0.176721345919829,0,0,0,0.180928658497961,0,0,0,0.187719876567523,0,0,0.181326203048229,0.199020607506528,0,0,0,0,0,0,0,0,0,0,0,0,0,0,0,0,0,0,0,0,0,0,0,0,0,0,0,0,0,0,0,0,0,0.210326141367356,0,0,0,0.205736947841332,0,0,0,0,0,0.214748831064093,0,0,0,0,0,0,0,0,0,0,0,0,0,0,0,0,0,0,0,0,0.168407956574191,0.145890233089339,0,0,0
0.462847694754601,0,0,0,0,0,0,0,0.250474831383479,0,0,0,0,0,0.098496379951636,0.181326203048229,0,0.188292243069183,0.305397275687395,0,0,0.184432245790958,0.16608511275124,0.217701921239495,0.183776208936278,0.168707504123449,0.168340650449196,0,0.144664300133043,0,0,0,0,0,0,0.353520333766937,0.338857290148735,0,0,0.335703581571579,0.335226324888376,0.268291999896367,0.255641602277756,0.287897720932961,0,0.323598146438599,0.303760628402233,0,0,0.350339740514755,0,0,0,0,0.13847304135561,0,0,0,0,0,0,0,0.28780357837677,0.278780862689018,0.170571193099022,0.166655830032117,0,0,0.179381622057973,0.179355988278985,0,0.146254878777724,0,0,0,0,0,0,0.333146655245831,0.31679692765077,0,0,0.192569661646582,0.164578556090115,0.298436749903929,0.252703785896301,0.254013199891363
0,0,0,0,0,0,0,0,0,0,0,0,0,0,0,0.199020607506528,0.188292243069183,0,0.355460752536067,0,0,0.15588864863637,0.159831726125308,0.190437603934828,0.153240151703358,0.159912721222679,0,0,0,0,0,0,0,0,0,0.392541825771332,0.361476341883341,0,0,0.398441761732101,0.341905052463214,0.329345097765326,0.272001815338929,0.394745132097831,0,0.341329057629292,0.337670437599483,0,0,0.415760124271566,0,0,0,0,0,0,0,0,0,0,0,0,0.32304790019989,0.351717122963497,0.171429185072581,0.173545390367508,0.177874512970448,0,0.167432649273284,0.156880870461464,0,0,0,0,0,0,0,0,0.377414574397021,0.359891773838746,0,0,0.19256717254421,0.139564943845783,0.366079695724152,0.325252950191498,0.264609257380168
0.459641221572052,0.313163332677827,0,0.291890181601048,0,0,0,0,0.26150418817997,0.186782583594322,0,0,0,0,0,0,0.305397275687395,0.355460752536067,0,0,0,0,0,0,0.204103261232376,0.268068850040436,0,0,0,0,0,0,0,0,0,0.373794063925743,0.373993576220844,0,0,0.38454794883728,0.369241244992147,0.251543864466825,0.230851999018993,0.398371188994094,0.207499892196872,0.337538339252419,0.338559104330982,0.375028148293495,0.336586306835043,0.388014015917842,0,0,0,0,0,0.245057925581932,0.393273073819376,0.314706176519394,0,0,0,0,0.312261750690298,0.330999562733395,0,0,0,0,0,0.271343052387238,0,0,0,0.363334426374146,0,0.399441273084709,0,0,0.369929620042494,0.371104624782894,0,0.448661774396896,0.254294638819873,0.235975754757722,0.341961665879103,0.236812902285772,0.247010705326543
0,0,0,0.273016467690468,0,0.211253856619199,0,0,0,0.169170543551445,0,0.139173424536628,0,0,0,0,0,0,0,0,0,0,0,0,0,0,0,0,0,0,0,0,0,0,0,0.188752668636514,0,0.112737049162388,0,0,0,0.263719528913498,0,0,0,0,0,0,0,0,0,0.262549442549547,0,0,0,0.18977565318346,0,0.317099707201123,0,0.185970947146416,0,0,0.206939968905306,0,0,0,0,0,0,0,0,0,0,0,0,0,0,0,0.238331510091041,0,0,0,0.166718403930249,0,0.322491735949808,0,0
0.162223398685455,0,0,0,0.216116450918026,0,0,0,0,0,0.200807119918163,0,0,0,0,0,0,0,0,0,0,0,0,0,0,0,0,0,0,0,0,0,0,0,0,0,0.180491199969284,0,0.137709336562289,0,0.327937662601471,0,0,0,0,0,0.290631244579951,0,0,0,0.236105516552925,0,0,0,0,0,0.308031376421452,0,0,0,0,0,0,0.185318349602201,0,0,0,0,0,0,0,0,0,0.318280659615993,0,0,0,0,0,0.208834210192335,0,0.211230431993802,0.181081689136513,0,0.180690115103956,0,0
0,0,0,0,0,0,0,0,0,0,0,0,0,0,0,0,0.184432245790958,0.15588864863637,0,0,0,0,0.111025489695174,0.162818118129387,0,0.141692740635739,0,0.151870947617751,0,0,0,0,0,0,0,0,0,0.255572890518183,0.108077720352789,0,0,0,0,0,0,0,0,0.477420604228973,0,0.374914497388213,0,0,0,0,0,0,0,0,0,0,0,0,0,0,0.209931572168729,0.139213513268764,0.234760622592533,0,0.274370020627975,0,0,0,0.338585808873177,0,0,0,0.192822873592377,0,0,0,0.277206366124389,0.10127213348945,0.132486859305077,0.148601030558348,0.380567918221156,0,0
0,0,0,0,0,0,0,0,0,0,0,0,0,0,0,0,0.16608511275124,0.159831726125308,0,0,0,0.111025489695174,0,0,0.17319709573079,0,0.173300698913377,0,0.224163551330566,0,0,0,0,0,0,0,0,0,0.276333938024261,0,0,0,0,0,0,0,0,0,0.248009739071131,0,0,0,0,0,0,0,0,0,0,0,0,0,0,0,0.130159944295883,0.199540334723963,0,0.216845401903478,0.171710968017578,0.161489691871863,0,0.239550308483403,0,0,0,0,0,0,0,0,0,0.346543538984196,0.177983900590947,0.187442118979313,0,0,0
0,0,0,0,0,0,0,0,0,0.177738090378976,0,0,0,0,0,0,0.217701921239495,0.190437603934828,0,0,0,0.162818118129387,0,0,0,0.194846292478698,0,0,0,0,0,0,0,0,0,0,0,0.213229406410935,0,0,0,0,0,0,0,0,0,0,0,0.318199618340849,0,0,0,0,0,0.205882202245687,0,0,0,0,0,0.23824555426836,0,0,0.265872447829665,0,0.242718566048042,0,0.246264880523086,0,0,0,0,0,0,0,0,0,0,0,0.200409595154483,0,0.234227715805173,0,0.206686412485746,0,0
0,0,0,0,0,0,0,0,0.248478669118374,0,0,0,0,0,0,0,0.183776208936278,0.153240151703358,0.204103261232376,0,0,0,0.17319709573079,0,0,0,0,0,0,0,0,0,0,0,0,0,0,0,0.147299428382059,0,0,0,0,0,0,0,0,0,0.190233283572727,0,0,0,0,0,0.245130703898898,0,0,0,0,0,0,0,0,0,0,0.172325756400824,0,0.164187253029509,0,0,0,0,0,0,0,0,0,0,0,0,0,0.225036397576332,0.20253949998373,0.216787613928318,0.34300713453974,0,0
0,0,0,0,0,0,0,0,0,0,0,0,0,0,0,0,0.168707504123449,0.159912721222679,0.268068850040436,0,0,0.141692740635739,0,0.194846292478698,0,0,0,0,0,0,0,0,0,0,0,0,0,0,0,0,0,0,0,0,0,0,0,0,0,0,0,0,0,0,0,0,0,0,0,0,0,0,0,0,0,0,0.199767801680683,0,0.206751914074024,0,0,0,0,0,0,0,0,0,0,0,0,0,0.166296274214983,0.16082589328289,0,0,0
0,0,0,0,0,0,0,0,0.141095402887312,0,0,0,0,0,0,0,0.168340650449196,0,0,0,0,0,0.173300698913377,0,0,0,0,0,0.162930232401078,0,0,0,0,0,0,0,0,0,0,0,0,0,0,0,0,0,0,0,0,0,0,0,0,0,0.150055508200939,0,0,0,0,0,0,0,0,0,0,0,0,0.157011055284076,0,0.168416099250317,0,0.1863163165175,0,0,0,0,0,0,0,0,0,0,0.174712408185005,0.159401819213397,0,0,0
0,0,0,0,0,0,0,0,0,0,0,0.13840148259293,0,0.156122645735741,0,0,0,0,0,0,0,0.151870947617751,0,0,0,0,0,0,0,0.155262607626799,0,0,0,0,0,0,0,0.158789774402976,0,0,0,0,0,0,0,0,0,0,0,0,0,0,0,0,0,0,0,0,0,0.239764839410782,0,0,0,0,0.197546081649775,0,0,0,0.159461071858039,0,0.17930216437938,0,0.192020866674246,0,0,0,0,0,0,0,0.157603589197,0,0,0,0,0,0
0,0,0,0,0,0,0,0,0,0,0,0,0,0,0,0,0.144664300133043,0,0,0,0,0,0.224163551330566,0,0,0,0.162930232401078,0,0,0,0.17674102820456,0,0,0,0,0,0,0,0.221396911667277,0,0,0,0,0,0,0,0,0,0,0,0,0,0,0,0,0,0,0,0.217182521522045,0,0,0,0,0,0,0.224662314464406,0,0,0,0,0,0.198650620655337,0,0.206918859952374,0,0,0,0,0,0,0,0.242236440544765,0.158466685818483,0.157786724765016,0,0,0
0,0,0,0,0,0,0,0,0,0,0,0.175456770828792,0,0,0,0,0,0,0,0,0,0,0,0,0,0,0,0.155262607626799,0,0,0,0,0,0,0,0,0,0.189199548520435,0,0,0,0,0,0,0,0,0,0,0,0,0,0,0,0,0,0,0,0.168210253545216,0,0,0,0,0,0,0,0,0,0,0,0,0,0,0.199767634902202,0,0,0,0,0,0,0,0.209651944693178,0,0,0,0,0,0
0,0,0,0,0,0,0,0,0,0,0.185800144241916,0,0,0,0,0,0,0,0,0,0,0,0,0,0,0,0,0,0.17674102820456,0,0,0,0,0,0,0,0,0,0.220670260963924,0,0,0,0,0,0,0,0,0,0,0,0,0,0,0,0,0,0.244969413088736,0,0,0,0,0,0,0,0,0,0,0,0,0,0,0.292447527249654,0,0.253095086645051,0,0,0,0,0,0,0,0.316238768677288,0.173902272350258,0,0,0,0
0,0,0,0,0,0,0,0,0,0,0,0,0,0,0,0,0,0,0,0,0,0,0,0,0,0,0,0,0,0,0,0,0.136283798092534,0.207171268463135,0,0.160966654034222,0,0,0,0,0,0,0,0,0,0,0,0.222221955441671,0,0,0,0,0,0,0,0,0,0,0,0,0,0,0,0,0,0,0,0,0,0,0,0,0,0,0.210496820557814,0.149267517858081,0.320037867873907,0,0.227612756990961,0,0,0,0.150733179412782,0,0,0,0
0,0,0,0,0,0,0,0,0,0,0,0,0,0,0,0,0,0,0,0,0,0,0,0,0,0,0,0,0,0,0,0.136283798092534,0,0,0.309028390381071,0.150629200334294,0.208851792925711,0,0,0,0,0,0,0,0,0,0,0.321757927948504,0,0.560798823833466,0,0,0,0,0,0,0,0,0,0,0,0,0,0,0,0,0,0,0,0,0,0,0,0,0.135298296479525,0.278032425317565,0,0.340948874936547,0.154662496472398,0.299054585353502,0,0,0.144227021482102,0,0,0,0
0,0,0,0,0,0,0,0,0,0,0,0,0,0,0,0,0,0,0,0,0,0,0,0,0,0,0,0,0,0,0,0.207171268463135,0,0,0.183134998142157,0.175314319529571,0,0.268673747170457,0,0,0,0.283872485160828,0.624731341997782,0,0,0,0,0.334527159185377,0.630103349685669,0.449245393276215,0,0,0,0,0,0.241169564425945,0,0,0,0,0,0,0,0,0,0,0,0,0,0,0,0,0,0,0.361394753679633,0,0.249381990112953,0.190054961950729,0.181056721479768,0,0.403710362558462,0,0.273157774793858,0.156642146408558,0,0,0
0,0,0,0,0,0,0,0,0,0,0,0,0,0,0,0,0,0,0,0,0,0,0,0,0,0,0,0,0,0,0,0,0.309028390381071,0.183134998142157,0,0,0.189195640800611,0.143733891562141,0.255906794137913,0,0,0,0.276702396571636,0,0,0,0,0.236197943498956,0.413707616073745,0,0,0,0,0,0,0,0,0,0,0,0,0,0,0,0,0,0,0,0,0,0,0,0,0,0,0.265883505344391,0.188801356511457,0.235545653690753,0,0.199063139616827,0,0.334649739166101,0.169618679813558,0,0.233239436149597,0,0
0,0.352767497301102,0,0.268521253358234,0,0.239158663898706,0,0.148594103753567,0,0,0,0.138592493534088,0,0,0,0,0.353520333766937,0.392541825771332,0.373794063925743,0.188752668636514,0,0,0,0,0,0,0,0,0,0,0,0.160966654034222,0.150629200334294,0.175314319529571,0,0,0.150893017537491,0.226109205182233,0.147411265969276,0.290143623948097,0,0.33427852696302,0,0.395302718877792,0,0.279179319252376,0.398301064968109,0.254178736496855,0,0.296558722853661,0,0.255650559067726,0,0,0,0,0,0.324261711599926,0,0.311412319540977,0,0.191927395761013,0.230074174297372,0,0,0,0,0,0,0,0,0,0,0,0.230731144547462,0,0.17974737266431,0,0.247221326619985,0.153089966684107,0.25648209568742,0,0.195652476342362,0.110884385183454,0.304703485860367,0.358753932373864,0
0.405336481208603,0,0.303839921951294,0,0,0,0,0,0.347331285476685,0,0.149259490346102,0,0,0,0,0,0.338857290148735,0.361476341883341,0.373993576220844,0,0.180491199969284,0,0,0,0,0,0,0,0,0,0,0,0.208851792925711,0,0.189195640800611,0.150893017537491,0,0,0.252489283052419,0,0.323808791332467,0,0.309692075023543,0,0.319545954465866,0.382248654961586,0.315148618022601,0.336139715662817,0.33520468029865,0.392201364040375,0,0,0,0,0,0,0.197505366553863,0,0,0,0,0,0,0.271926446830573,0,0,0,0,0,0,0,0,0,0,0.169056311249733,0.236329086176359,0,0.216418076395988,0.150441379519179,0.249886787990503,0,0.246037672864221,0.19228488057078,0.152185440615371,0.301751904325878,0,0.320427079995473
0,0,0,0,0,0,0,0,0,0.197775020485833,0,0.14311021181753,0,0,0,0,0,0,0,0.112737049162388,0,0.255572890518183,0,0.213229406410935,0,0,0,0.158789774402976,0,0.189199548520435,0,0,0,0.268673747170457,0.143733891562141,0.226109205182233,0,0,0.130775876120845,0,0,0.479566894116856,0,0,0,0,0,0.65179555997962,0,0.405862041944337,0,0,0,0,0,0.313659818053246,0,0.146169884252722,0,0,0,0,0.160860142774052,0,0.280645956887918,0,0.340603005402797,0,0,0,0.176252504544599,0,0.195498155585699,0,0,0,0.261504133788351,0.137344734590562,0.290248751519274,0,0.241059336148153,0.112980326016744,0.235544720586812,0.271781887548665,0.433852515605666,0,0
0,0,0,0,0,0,0,0,0,0,0.162622896225826,0,0,0,0,0,0,0,0,0,0.137709336562289,0.108077720352789,0.276333938024261,0,0.147299428382059,0,0,0,0.221396911667277,0,0.220670260963924,0,0,0,0.255906794137913,0.147411265969276,0.252489283052419,0.130775876120845,0,0,0,0,0.290668516766791,0,0,0,0,0.600614804271105,0.436332280944603,0,0,0,0,0,0,0,0.157811064083137,0,0,0,0,0,0,0.167558285097281,0,0.232267763391137,0,0.310110061101511,0,0,0,0.229337784760403,0,0.279141136568431,0,0,0,0.281550012999675,0,0.258974336135464,0.153833662470182,0.238206547428976,0.201391052150931,0.52726823091507,0.336991147994995,0,0
0,0.417159206337399,0,0.244362325352781,0,0,0,0,0,0,0,0,0,0,0,0,0.335703581571579,0.398441761732101,0.38454794883728,0,0,0,0,0,0,0,0,0,0,0,0,0,0,0,0,0.290143623948097,0,0,0,0,0.228912845253944,0.319747829847798,0,0.456450612843037,0,0.344697882078196,0.402937024831772,0,0.259241282939911,0.251961120723808,0,0.239642083644867,0,0,0,0.237908388177554,0,0,0,0,0,0.26720396677653,0.23395113605009,0,0,0,0,0,0,0,0,0,0,0,0,0,0.441077709197998,0,0.213391041130999,0.340362285574277,0,0,0.266339443050898,0,0.269507072435402,0.394592052325606,0.3573177754879
0.495966191714009,0,0,0.258602580198875,0,0,0,0,0.383393918474515,0,0,0,0,0,0,0,0.335226324888376,0.341905052463214,0.369241244992147,0,0.327937662601471,0,0,0,0,0,0,0,0,0,0,0,0,0,0,0,0.323808791332467,0,0,0.228912845253944,0,0.301659446954727,0.286756475780511,0.356961816549301,0.306033922566308,0.394670702517033,0.35752040332889,0.490798410247354,0.294282953986122,0.42115443944931,0,0,0,0,0,0,0,0,0,0,0,0,0.287733852863312,0.307980040955988,0,0,0,0,0,0,0,0,0,0,0,0.374214029312134,0,0,0.373540818691254,0.244964704213438,0,0,0.332963271807599,0,0.267891810175443,0.262572169303894,0.394677276049669
0,0.42653939378889,0,0.278040636535529,0,0.291824482381344,0,0,0,0.290274545550346,0,0,0,0,0,0,0.268291999896367,0.329345097765326,0.251543864466825,0.263719528913498,0,0,0,0,0,0,0,0,0,0,0,0,0,0.283872485160828,0,0.33427852696302,0,0.479566894116856,0,0.319747829847798,0.301659446954727,0,0.360831421632398,0.313984750721015,0,0.304199906833032,0.330374263226986,0.404325261441144,0.431354842583338,0.323843982920877,0,0.233895018696785,0,0,0,0.272799734771252,0,0.332794331841999,0,0.383539564079709,0,0.361982180556255,0.333882268269857,0.381230533123016,0,0,0.400954365730286,0,0,0,0,0,0.272267226661955,0,0,0,0,0.361225500702858,0.334788497381536,0.339319467544556,0.477014601230621,0,0.328647927727434,0.24291168153286,0.335249656974913,0.276507796534466,0.352152802050114
0.310677061478297,0,0.254461688940058,0,0.233752134442329,0,0,0,0.234420210907334,0,0,0,0,0,0,0,0.255641602277756,0.272001815338929,0.230851999018993,0,0,0,0,0,0,0,0,0,0,0,0,0,0,0.624731341997782,0.276702396571636,0,0.309692075023543,0,0.290668516766791,0,0.286756475780511,0.360831421632398,0,0.249286606907845,0.203939575879347,0.274603433907032,0.262873418032085,0.510735232788434,0.376355648926451,0.434231646358967,0,0,0,0,0.170132532715797,0,0.340438655982673,0,0.294126898050308,0,0.314657967005457,0,0.282629892230034,0.304467762105144,0,0,0,0.357127405703068,0,0,0,0,0,0.302372822809107,0,0.285030783712864,0.630816618601481,0.347204011678696,0.314980381727219,0.313255244431802,0,0.37646243373553,0.357884957337131,0.377663667454864,0.304596026514401,0,0.218348749274668
0,0.40444304049015,0,0.290026873350143,0,0,0,0,0,0,0,0,0,0,0,0,0.287897720932961,0.394745132097831,0.398371188994094,0,0,0,0,0,0,0,0,0,0,0,0,0,0,0,0,0.395302718877792,0,0,0,0.456450612843037,0.356961816549301,0.313984750721015,0.249286606907845,0,0,0.352848961165077,0.340969085693359,0,0,0.400078296147544,0,0,0,0,0,0,0,0,0,0,0,0,0.34852979012898,0.413243979215622,0,0,0,0,0,0,0,0,0,0,0,0,0,0,0.410978769732488,0.33166266977787,0.547846496105194,0,0.263641201373604,0,0.355871099292063,0.260196764022112,0.23573262989521
0,0,0,0,0,0,0,0,0,0,0,0,0,0,0,0,0,0,0.207499892196872,0,0,0,0,0,0,0,0,0,0,0,0,0,0,0,0,0,0.319545954465866,0,0,0,0.306033922566308,0,0.203939575879347,0,0,0,0.296231852336363,0,0.293915838003159,0,0,0,0,0,0,0,0,0,0,0,0,0,0,0,0,0,0,0,0,0,0,0,0,0,0,0,0,0,0,0.345434019670767,0,0,0.239858570098877,0,0.217826589363293,0,0.209128495305777
0.385345697402954,0.264364386598269,0,0,0,0,0,0,0,0,0,0,0,0,0,0,0.323598146438599,0.341329057629292,0.337538339252419,0,0,0,0,0,0,0,0,0,0,0,0,0,0,0,0,0.279179319252376,0.382248654961586,0,0,0.344697882078196,0.394670702517033,0.304199906833032,0.274603433907032,0.352848961165077,0,0,0.357300223575698,0,0,0.266800781932928,0,0,0,0,0,0,0,0,0,0,0,0,0.295680303154444,0.337137679258982,0,0,0,0,0,0,0,0,0,0,0,0,0,0,0.300758397712544,0.3769454922941,0.379219082268802,0,0.328088988644489,0,0.315307542411142,0.299659349024296,0
0.377771481871605,0.336325511336327,0,0,0,0,0,0,0.252514019608498,0,0,0,0,0,0,0,0.303760628402233,0.337670437599483,0.338559104330982,0,0.290631244579951,0,0,0,0,0,0,0,0,0,0,0,0,0,0,0.398301064968109,0.315148618022601,0,0,0.402937024831772,0.35752040332889,0.330374263226986,0.262873418032085,0.340969085693359,0.296231852336363,0.357300223575698,0,0.298015298587935,0.290518472592036,0.427354261279106,0,0,0,0,0,0,0.400644285338266,0,0,0,0,0,0.369649594028791,0.287740539646183,0,0,0,0,0,0,0,0,0,0.359971803426743,0,0.275126936535041,0,0,0.358409528221403,0.307552879268275,0,0.338937641485878,0.295926128240193,0,0.339461671507105,0.317834744850794,0.279931822860682
0,0,0,0,0,0,0,0,0,0,0,0,0,0,0,0,0,0,0.375028148293495,0,0,0.477420604228973,0,0,0,0,0,0,0,0,0,0.222221955441671,0.321757927948504,0.334527159185377,0.236197943498956,0.254178736496855,0.336139715662817,0.65179555997962,0.600614804271105,0,0.490798410247354,0.404325261441144,0.510735232788434,0,0,0,0.298015298587935,0,0.521139947715189,0.557240325200772,0,0,0,0,0,0,0,0,0,0,0,0,0,0.331090450286865,0.521324992179871,0,0,0,0,0,0,0,0.321091278677895,0,0.339089103453741,0.469220751411703,0.343824911427799,0.352659077349347,0.368822564534753,0.423594835840603,0.431574584791334,0.395875666411897,0.571477944445868,0.5336865569864,0.46026545117763,0.38395094871521,0
0.153180194299991,0,0.16305330821446,0,0.185648687183857,0,0,0,0.14009403079175,0,0,0,0,0,0,0,0,0,0.336586306835043,0,0,0,0.248009739071131,0,0.190233283572727,0,0,0,0,0,0,0,0,0.630103349685669,0.413707616073745,0,0.33520468029865,0,0.436332280944603,0.259241282939911,0.294282953986122,0.431354842583338,0.376355648926451,0,0.293915838003159,0,0.290518472592036,0.521139947715189,0,0.483692413773351,0,0,0,0,0.207123478253682,0.216984480619431,0.211259130388498,0,0.212724941117423,0,0.209636298970121,0,0,0.278097166121006,0,0.252136612202548,0,0.323984522372484,0,0.337997862478582,0,0.356882932323676,0,0.251650452613831,0,0.459313287379894,0.625613272190094,0.392335561769349,0.355690002441406,0.335393477054291,0,0.485716955126048,0.434336151553554,0.44061878696084,0.32528576949626,0,0.319617688655853
0,0.259047144923467,0,0.184475378468146,0,0.235109522938728,0,0,0,0.16014061655317,0,0,0,0,0,0,0.350339740514755,0.415760124271566,0.388014015917842,0,0,0.374914497388213,0,0.318199618340849,0,0,0,0,0,0,0,0,0.560798823833466,0.449245393276215,0,0.296558722853661,0.392201364040375,0.405862041944337,0,0.251961120723808,0.42115443944931,0.323843982920877,0.434231646358967,0.400078296147544,0,0.266800781932928,0.427354261279106,0.557240325200772,0.483692413773351,0,0,0,0,0,0,0.244270517162874,0,0.361123181799407,0,0.367640552421411,0,0.23184200477871,0.266971174340982,0,0.266422567310885,0,0.312392227201654,0,0.286592791131301,0,0.37330046580266,0,0.327370475965833,0,0.52243160456419,0.530334539711475,0.404832342682883,0,0.43575955443197,0.364510402083397,0.365295331598286,0,0.338151393252592,0,0.324964269289845,0.32620527241379,0
0.213181212544441,0,0.20331158857755,0,0.195014887872864,0,0,0,0.206532281517982,0,0,0,0,0,0,0,0,0,0,0,0.236105516552925,0,0,0,0,0,0,0,0,0,0,0,0,0,0,0,0,0,0,0,0,0,0,0,0,0,0,0,0,0,0,0,0.244257062673569,0,0.225939638438118,0,0.261728761565517,0,0.248951445004546,0,0.219018116758015,0,0,0,0,0,0,0,0,0,0,0,0,0,0,0,0,0,0,0,0,0,0.210878252983093,0,0.254633086919785,0,0
0,0,0,0.231273881316959,0,0.217872592406644,0,0,0,0.186060115695,0,0.203777286410332,0,0,0,0.210326141367356,0,0,0,0.262549442549547,0,0,0,0,0,0,0,0,0,0,0,0,0,0,0,0.255650559067726,0,0,0,0.239642083644867,0,0.233895018696785,0,0,0,0,0,0,0,0,0,0,0,0.155932076275349,0,0,0,0.230033774632048,0,0.245043833883817,0,0.217043989896774,0.268105700612068,0,0,0,0,0,0,0,0,0,0,0,0,0,0,0,0.252724028768994,0,0,0,0.21094687353997,0,0.232706500157233,0,0
0,0,0,0,0,0,0.179852731982056,0,0,0,0.187905374914408,0,0,0,0,0,0,0,0,0,0,0,0,0,0,0,0,0,0,0,0,0,0,0,0,0,0,0,0,0,0,0,0,0,0,0,0,0,0,0,0.244257062673569,0,0,0,0,0,0.249317873644736,0,0.244951114058495,0,0,0,0,0.185516268588029,0,0,0,0,0,0,0,0,0,0,0,0,0,0,0,0,0,0,0.161831513047218,0,0,0,0
0,0,0,0,0,0,0,0.193590016680814,0,0,0,0,0,0,0,0,0,0,0,0,0,0,0,0,0,0,0,0,0,0,0,0,0,0,0,0,0,0,0,0,0,0,0,0,0,0,0,0,0,0,0,0.155932076275349,0,0,0,0,0,0.216899664197837,0,0.1774435924987,0,0,0,0,0,0,0,0,0,0,0,0,0,0,0,0,0,0,0,0,0,0,0,0,0,0,0
0.197046167533229,0,0,0,0.230498651042581,0,0,0,0.224885234591838,0,0,0,0,0,0.195828467607498,0,0.13847304135561,0,0,0,0,0,0,0,0.245130703898898,0,0.150055508200939,0,0,0,0,0,0,0,0,0,0,0,0,0,0,0,0.170132532715797,0,0,0,0,0,0.207123478253682,0,0.225939638438118,0,0,0,0,0,0,0,0.213701679939177,0,0.21046055117622,0,0,0,0,0,0,0.206781826913357,0,0,0,0,0,0,0,0,0,0,0,0,0,0,0.211707858999899,0,0.196690408199021,0,0
0,0.202037200088734,0,0.110089003396549,0,0,0,0,0,0.245690104803366,0,0,0,0,0,0.205736947841332,0,0,0.245057925581932,0.18977565318346,0,0,0,0.205882202245687,0,0,0,0,0,0,0,0,0,0.241169564425945,0,0,0,0.313659818053246,0,0.237908388177554,0,0.272799734771252,0,0,0,0,0,0,0.216984480619431,0.244270517162874,0,0,0,0,0,0,0,0.140229254961014,0,0,0,0.214055964273926,0,0,0,0,0.30402389511374,0,0.201168825229009,0,0,0,0,0,0,0,0.294637605547905,0,0.194196939468384,0.226838201284409,0.320212415138708,0,0.258676675813539,0.317278156677882,0.216559726666737,0,0
0.385797484964132,0,0.297270621074007,0,0.221572676897049,0,0.263955246117035,0,0,0,0.202813023215894,0,0,0,0,0,0,0,0.393273073819376,0,0.308031376421452,0,0,0,0,0,0,0,0,0,0.244969413088736,0,0,0,0,0,0.197505366553863,0,0.157811064083137,0,0,0,0.340438655982673,0,0,0,0.400644285338266,0,0.211259130388498,0,0.261728761565517,0,0.249317873644736,0,0,0,0,0,0.234290307577775,0,0.227869927883148,0,0,0.249373429247903,0,0,0,0,0,0,0,0,0,0.259270623397429,0,0,0,0,0,0.331558024741354,0,0.143879462920484,0.216881488715964,0,0.354720886191751,0,0.352724670790709
0,0,0,0.271669534842173,0,0.243932228895926,0,0.195690815340835,0,0,0,0.206243936454526,0,0,0,0,0,0,0.314706176519394,0.317099707201123,0,0,0,0,0,0,0,0,0,0.168210253545216,0,0,0,0,0,0.324261711599926,0,0.146169884252722,0,0,0,0.332794331841999,0,0,0,0,0,0,0,0.361123181799407,0,0.230033774632048,0,0.216899664197837,0,0.140229254961014,0,0,0,0.240947291325811,0,0.180512677878141,0.269200125464091,0,0,0,0,0,0.393912633260091,0,0.324362881374993,0,0.279444261924508,0,0,0,0,0,0.286353984016639,0,0.191057124372685,0,0.177123188557195,0,0.287001194043064,0.298790067434311,0
0.192650228738785,0,0.224882040511478,0,0,0,0.234281000577741,0,0.203418159484863,0,0.197883161325609,0,0.219774991016963,0,0.223705470561981,0,0,0,0,0,0,0,0,0,0,0,0,0,0.217182521522045,0,0,0,0,0,0,0,0,0,0,0,0,0,0.294126898050308,0,0,0,0,0,0.212724941117423,0,0.248951445004546,0,0.244951114058495,0,0.213701679939177,0,0.234290307577775,0,0,0,0.255187922922691,0,0,0,0,0,0,0,0,0,0,0.231882052995124,0,0,0,0,0,0,0,0,0,0,0.153521407056939,0,0.290603860467672,0,0
0,0,0,0.217459595629147,0,0.25563896285451,0,0.145037865115179,0,0,0,0.145390289551333,0,0.212594627737469,0,0,0,0,0,0.185970947146416,0,0,0,0,0,0,0,0.239764839410782,0,0,0,0,0,0,0,0.311412319540977,0,0,0,0,0,0.383539564079709,0,0,0,0,0,0,0,0.367640552421411,0,0.245043833883817,0,0.1774435924987,0,0,0,0.240947291325811,0,0,0,0,0.272433262318373,0,0,0,0,0,0.384518772363663,0,0.228644868193185,0,0,0,0,0,0,0,0.269097462296486,0,0,0,0.168320313096046,0,0.308107869604887,0.287862420082092,0
0.200395443042119,0,0,0,0.196429143548012,0,0,0,0.177910594476594,0,0,0,0,0,0.162852321316799,0,0,0,0,0,0,0,0,0,0,0,0,0,0,0,0,0,0,0,0,0,0,0,0,0,0,0,0.314657967005457,0,0,0,0,0,0.209636298970121,0,0.219018116758015,0,0,0,0.21046055117622,0,0.227869927883148,0,0.255187922922691,0,0,0,0,0,0,0,0,0,0,0,0,0,0,0,0,0,0,0,0,0,0,0,0.126516848802567,0,0.251435992027086,0,0
0,0.235550564346891,0,0.212114976738629,0,0.187643458942572,0,0,0,0.21708900915633,0,0,0,0,0,0.214748831064093,0,0,0,0,0,0,0,0.23824555426836,0,0,0,0,0,0,0,0,0,0,0,0.191927395761013,0,0,0,0.26720396677653,0,0.361982180556255,0,0,0,0,0,0,0,0.23184200477871,0,0.217043989896774,0,0,0,0.214055964273926,0,0.180512677878141,0,0,0,0,0.313750704129537,0,0,0,0.231228047722503,0,0.249344458462487,0,0.354252517223358,0,0,0,0,0,0,0,0.23229298779839,0,0,0,0.190825752043105,0,0.295929012316115,0.35999299287796,0
0,0.286657517155011,0,0.361587163060904,0,0.282793268561363,0,0,0,0,0,0.166992414065383,0,0,0,0,0.28780357837677,0.32304790019989,0.312261750690298,0.206939968905306,0,0,0,0,0,0,0,0,0,0,0,0,0,0,0,0.230074174297372,0,0.160860142774052,0,0.23395113605009,0.287733852863312,0.333882268269857,0.282629892230034,0.34852979012898,0,0.295680303154444,0.369649594028791,0,0,0.266971174340982,0,0.268105700612068,0,0,0,0,0,0.269200125464091,0,0.272433262318373,0,0.313750704129537,0,0,0,0,0,0,0,0,0,0,0,0,0,0,0,0,0.273866475944987,0.337455177307129,0.350690529188689,0,0.17034241627676,0,0.323185777443629,0.339632131159306,0
0.354465197771788,0,0.237415549046588,0,0.195923820137978,0,0,0,0.268590810398261,0,0.143879776636323,0,0,0,0,0,0.278780862689018,0.351717122963497,0.330999562733395,0,0.185318349602201,0,0,0,0,0,0,0,0,0,0,0,0,0,0,0,0.271926446830573,0,0.167558285097281,0,0.307980040955988,0.381230533123016,0.304467762105144,0.413243979215622,0,0.337137679258982,0.287740539646183,0.331090450286865,0.278097166121006,0,0,0,0.185516268588029,0,0,0,0.249373429247903,0,0,0,0,0,0,0,0,0,0,0,0,0,0,0,0,0.358999299506346,0,0.27065622061491,0,0,0,0.301306408364576,0,0.295760004873007,0.245409315437313,0.251668334007263,0.333618723907354,0,0.286479959885279
0,0,0,0,0,0,0,0,0,0,0,0,0,0,0,0,0.170571193099022,0.171429185072581,0,0,0,0.209931572168729,0.130159944295883,0.265872447829665,0,0,0,0.197546081649775,0,0,0,0,0,0,0,0,0,0.280645956887918,0,0,0,0,0,0,0,0,0,0.521324992179871,0,0.266422567310885,0,0,0,0,0,0,0,0,0,0,0,0,0,0,0,0,0.291457249907926,0,0.269593548194155,0,0.24946966728506,0,0,0,0,0,0,0,0,0,0.281889482791972,0,0.162178214450381,0,0.35453724861145,0,0
0,0,0,0,0,0,0,0,0,0,0,0,0,0,0,0,0.166655830032117,0.173545390367508,0,0,0,0.139213513268764,0.199540334723963,0,0.172325756400824,0,0,0,0.224662314464406,0,0,0,0,0,0,0,0,0,0.232267763391137,0,0,0,0,0,0,0,0,0,0.252136612202548,0,0,0,0,0,0,0,0,0,0,0,0,0,0,0,0,0,0,0.220434367656708,0,0.292587139606476,0,0.301635873035875,0,0,0,0,0,0,0,0,0,0.277279753379373,0.150491470982016,0.150954956618639,0,0,0
0,0,0,0,0,0,0,0,0,0.215216337254754,0,0,0,0,0,0,0,0.177874512970448,0,0,0,0.234760622592533,0,0.242718566048042,0,0.199767801680683,0,0,0,0,0,0,0,0,0,0,0,0.340603005402797,0,0,0,0.400954365730286,0,0,0,0,0,0,0,0.312392227201654,0,0,0,0,0,0.30402389511374,0,0,0,0,0,0.231228047722503,0,0,0.291457249907926,0,0,0,0.277273069689239,0,0,0,0,0,0,0,0,0,0,0,0.299913010967252,0,0.295753192352621,0.313476204872131,0.233427028001194,0,0
0,0,0,0,0,0,0,0,0.12879966199398,0,0,0,0,0,0,0,0,0,0,0,0,0,0.216845401903478,0,0.164187253029509,0,0.157011055284076,0,0,0,0,0,0,0,0,0,0,0,0.310110061101511,0,0,0,0.357127405703068,0,0,0,0,0,0.323984522372484,0,0,0,0,0,0.206781826913357,0,0,0,0,0,0,0,0,0,0,0.220434367656708,0,0,0,0.264514061846311,0,0.362590087784661,0,0,0,0,0,0,0,0,0,0.288173447142948,0.190519102414449,0,0.324697401374578,0,0
0,0,0,0,0,0,0,0,0,0,0,0,0,0.16131466627121,0,0,0.179381622057973,0.167432649273284,0,0,0,0.274370020627975,0.171710968017578,0.246264880523086,0,0.206751914074024,0,0.159461071858039,0,0,0,0,0,0,0,0,0,0,0,0,0,0,0,0,0,0,0,0,0,0.286592791131301,0,0,0,0,0,0.201168825229009,0,0.393912633260091,0,0.384518772363663,0,0.249344458462487,0,0,0.269593548194155,0,0.277273069689239,0,0,0,0.389937105252571,0,0,0,0,0,0,0,0,0,0,0,0.162723167946464,0.159208700060844,0.218382650613785,0,0
0,0,0,0,0,0,0,0,0,0,0,0,0,0,0,0,0.179355988278985,0.156880870461464,0.271343052387238,0,0,0,0.161489691871863,0,0,0,0.168416099250317,0,0,0,0,0,0,0,0,0,0,0,0,0,0,0,0,0,0,0,0,0,0.337997862478582,0,0,0,0,0,0,0,0,0,0,0,0,0,0,0,0,0.292587139606476,0,0.264514061846311,0,0,0,0.300782226284021,0,0,0,0,0,0,0,0,0,0.347553104162216,0.186632846792539,0,0.204409358091652,0,0
0,0,0,0,0,0,0,0,0,0,0,0.141847450067015,0,0.194123243093491,0,0,0,0,0,0,0,0,0,0,0,0,0,0.17930216437938,0,0,0,0,0,0,0,0,0,0.176252504544599,0,0,0,0,0,0,0,0,0,0,0,0.37330046580266,0,0,0,0,0,0,0,0.324362881374993,0,0.228644868193185,0,0.354252517223358,0,0,0.24946966728506,0,0,0,0.389937105252571,0,0,0,0.2646126713338,0,0,0,0,0,0,0,0.294773490159912,0,0.160368554294109,0,0,0,0
0,0,0,0,0,0,0,0,0,0,0,0,0,0,0,0,0.146254878777724,0,0,0,0,0,0.239550308483403,0,0,0,0.1863163165175,0,0.198650620655337,0,0.292447527249654,0,0,0,0,0,0,0,0.229337784760403,0,0,0,0,0,0,0,0,0,0.356882932323676,0,0,0,0,0,0,0,0,0,0.231882052995124,0,0,0,0,0,0,0.301635873035875,0,0.362590087784661,0,0.300782226284021,0,0,0,0.294478490026956,0,0,0,0,0,0,0,0.27505227039389,0.152873803955921,0.154792138271862,0,0,0
0,0,0,0,0,0,0,0,0,0,0,0.207801487364552,0,0,0,0,0,0,0,0,0,0.338585808873177,0,0,0,0,0,0.192020866674246,0,0.199767634902202,0,0,0,0,0,0,0,0.195498155585699,0,0,0,0.272267226661955,0,0,0,0,0,0.321091278677895,0,0.327370475965833,0,0,0,0,0,0,0,0.279444261924508,0,0,0,0,0,0,0,0,0,0,0,0,0.2646126713338,0,0,0,0,0,0,0,0,0,0.31796652875407,0,0.152159191668034,0,0.374506402997935,0,0
0.367038217186928,0,0.286659091711044,0,0.265971124172211,0,0,0,0.263354867696762,0,0.247495055198669,0,0,0,0,0,0,0,0.363334426374146,0,0.318280659615993,0,0,0,0,0,0,0,0.206918859952374,0,0.253095086645051,0,0,0,0,0,0,0,0.279141136568431,0,0,0,0.302372822809107,0,0,0,0.359971803426743,0,0.251650452613831,0,0,0,0,0,0,0,0.259270623397429,0,0,0,0,0,0,0.358999299506346,0,0,0,0,0,0,0,0.294478490026956,0,0,0,0,0,0,0,0.323897163976323,0,0.337662338473055,0.326389940624887,0,0.303376593196024,0,0.32505179635466
0,0,0,0,0,0,0,0,0,0,0,0,0,0,0,0,0,0,0,0,0,0,0,0,0,0,0,0,0,0,0,0.210496820557814,0.135298296479525,0.361394753679633,0,0.230731144547462,0.169056311249733,0,0,0,0,0,0,0,0,0,0,0.339089103453741,0,0.52243160456419,0,0,0,0,0,0,0,0,0,0,0,0,0,0,0,0,0,0,0,0,0,0,0,0,0,0.162793084979057,0.356570809397926,0,0.285919553786516,0,0,0,0.147700832923874,0,0,0,0
0,0,0,0,0,0,0,0,0,0,0,0,0,0,0,0,0,0,0.399441273084709,0,0,0,0,0,0,0,0,0,0,0,0,0.149267517858081,0.278032425317565,0,0.265883505344391,0,0.236329086176359,0,0,0,0.374214029312134,0,0.285030783712864,0,0,0,0.275126936535041,0.469220751411703,0.459313287379894,0.530334539711475,0,0,0,0,0,0,0,0,0,0,0,0,0,0.27065622061491,0,0,0,0,0,0,0,0,0,0,0.162793084979057,0,0,0.343712600249773,0,0.320264125973253,0,0,0.183909829037312,0,0.303926176306876,0,0.28025971353054
0,0,0,0,0,0,0,0,0,0,0,0,0,0,0,0,0,0,0,0,0,0.192822873592377,0,0,0,0,0,0,0,0,0,0.320037867873907,0,0.249381990112953,0.188801356511457,0.17974737266431,0,0.261504133788351,0,0.441077709197998,0,0,0.630816618601481,0,0,0,0,0.343824911427799,0.625613272190094,0.404832342682883,0,0,0,0,0,0.294637605547905,0,0,0,0,0,0,0,0,0,0,0,0,0,0,0,0,0,0,0.356570809397926,0,0,0.209256358444691,0.274484225658767,0,0.340792547150838,0,0.198199762192564,0,0,0,0
0,0,0,0,0,0,0,0,0,0,0,0,0,0,0,0,0,0,0,0,0,0,0,0,0,0,0,0,0,0,0,0,0.340948874936547,0.190054961950729,0.235545653690753,0,0.216418076395988,0.137344734590562,0.281550012999675,0,0,0.361225500702858,0.347204011678696,0,0,0,0,0.352659077349347,0.392335561769349,0,0,0,0,0,0,0,0,0,0,0,0,0,0,0,0,0,0,0,0,0,0,0,0,0,0,0.343712600249773,0.209256358444691,0,0,0.294519406336714,0,0.289664394263119,0.186486745193304,0,0.330956555075116,0,0
0.382109373807907,0.367828426689937,0,0.262523515885618,0,0.25175867183134,0,0,0,0.220160279422998,0,0.147747552022338,0,0,0,0,0.333146655245831,0.377414574397021,0.369929620042494,0.238331510091041,0,0,0,0,0,0,0,0,0,0,0,0.227612756990961,0.154662496472398,0.181056721479768,0,0.247221326619985,0.150441379519179,0.290248751519274,0,0.213391041130999,0.373540818691254,0.334788497381536,0.314980381727219,0.410978769732488,0,0.300758397712544,0.358409528221403,0.368822564534753,0.355690002441406,0.43575955443197,0,0.252724028768994,0,0,0,0.194196939468384,0,0.286353984016639,0,0.269097462296486,0,0.23229298779839,0.273866475944987,0,0,0,0,0,0,0,0,0,0,0,0.285919553786516,0,0.274484225658767,0,0,0.319832790839045,0.292667260740086,0,0.218855753553187,0.136474370956421,0.32779078199451,0.368237387720901,0.307134121656418
0.43022768143213,0.364704504609108,0.320172876119614,0.253387677669525,0,0,0.120835445821285,0,0.33634568183195,0,0.117036610841751,0,0,0,0,0,0.31679692765077,0.359891773838746,0.371104624782894,0,0.208834210192335,0,0,0,0,0,0,0,0,0,0,0,0.299054585353502,0,0.199063139616827,0.153089966684107,0.249886787990503,0,0.258974336135464,0.340362285574277,0.244964704213438,0.339319467544556,0.313255244431802,0.33166266977787,0.345434019670767,0.3769454922941,0.307552879268275,0.423594835840603,0.335393477054291,0.364510402083397,0,0,0,0,0,0.226838201284409,0.331558024741354,0,0,0,0,0,0.337455177307129,0.301306408364576,0,0,0,0,0,0,0,0,0,0.323897163976323,0,0.320264125973253,0,0.294519406336714,0.319832790839045,0,0,0.265933431432409,0.216019999631258,0.191937531034152,0.318692817926202,0,0.362956158237754
0,0,0,0,0,0,0,0,0,0.268826647988848,0,0.178295316059648,0,0,0,0,0,0,0,0,0,0.277206366124389,0,0.200409595154483,0,0,0,0.157603589197,0,0.209651944693178,0,0,0,0.403710362558462,0,0.25648209568742,0,0.241059336148153,0.153833662470182,0,0,0.477014601230621,0,0.547846496105194,0,0.379219082268802,0,0.431574584791334,0,0.365295331598286,0,0,0,0,0,0.320212415138708,0,0.191057124372685,0,0,0,0,0.350690529188689,0,0.281889482791972,0,0.299913010967252,0,0,0,0.294773490159912,0,0.31796652875407,0,0,0,0.340792547150838,0,0.292667260740086,0,0,0,0.205984325243685,0.186864228298267,0.378524123518555,0,0
0,0,0,0,0,0,0,0,0,0,0.168371634382122,0,0,0,0,0,0,0,0.448661774396896,0,0.211230431993802,0.10127213348945,0.346543538984196,0,0.225036397576332,0,0,0,0.242236440544765,0,0.316238768677288,0,0,0,0.334649739166101,0,0.246037672864221,0.112980326016744,0.238206547428976,0,0,0,0.37646243373553,0,0,0,0.338937641485878,0.395875666411897,0.485716955126048,0,0,0,0,0,0,0,0.143879462920484,0,0,0,0,0,0,0.295760004873007,0,0.277279753379373,0,0.288173447142948,0,0.347553104162216,0,0.27505227039389,0,0.337662338473055,0,0,0,0.289664394263119,0,0.265933431432409,0,0,0.204976108819667,0,0.357481017708778,0,0
