0,0,0.150034709485031,0,0,0,0,0,0.177844559218385,0,0,0,0,0,0,0,0,0,0.375191419140289,0,0,0,0,0,0,0,0,0,0,0,0,0,0,0,0,0,0.416475705802441,0,0.42902684211731,0,0.418231155191149,0.313951134681702,0.329403045914861,0,0,0,0.428615017438964,0.427632860839367,0.235818082395988,0,0,0,0,0,0.228562097193496,0,0.334903205434481,0,0.332590401172638,0,0.190644106998736,0,0.321224868297577,0.405461115496499,0,0,0,0,0,0,0,0,0,0.399874180555344,0,0,0,0,0.403724610805511,0.430286486251773,0,0.494927997059292,0.351132329984715,0.2511104035836,0.311884205945781,0,0.358158439397812
0,0,0,0.141293147206306,0,0,0,0,0,0.206196467081706,0,0,0,0,0,0,0.314304858446121,0,0.281240491403474,0,0,0,0,0.159464508295059,0,0,0,0,0,0,0,0,0,0,0,0,0,0,0,0,0,0.331261024748916,0,0,0,0,0,0,0,0.148340436816216,0,0,0,0,0,0.220476486135639,0,0.414340198040009,0,0,0,0,0,0,0,0,0.329054296016693,0,0,0,0.406957343220711,0,0,0,0,0,0,0,0,0,0,0,0.229630466923118,0,0.23166101734186,0,0
0.150034709485031,0,0,0,0.173747688772217,0,0,0,0.155148201134233,0,0,0,0,0,0,0,0,0,0.313511908054352,0,0.300349742174149,0,0,0,0,0,0,0,0,0,0.30469311773777,0,0,0,0,0,0.271480590105057,0,0.315724149346352,0,0.286116689443588,0,0.317484778720279,0,0.256670258939266,0,0.223540273041297,0.409445017576218,0.191810457948961,0,0.194384256554277,0,0,0,0.168373577793439,0,0.227017318871286,0,0.178820579534485,0,0.167016832452071,0,0,0.33039694527785,0,0,0,0,0,0,0,0,0,0.32490387186408,0,0,0,0,0,0.264919729105064,0,0.327658694982529,0.23801354322564,0,0.245408094038407,0,0.26379556208849
0,0.141293147206306,0,0,0.256909757852554,0.294269493375069,0,0,0,0.154073814491192,0,0,0,0,0,0,0,0.274531990289688,0.279856837221554,0,0,0,0,0,0,0,0,0,0,0,0,0,0,0.325236678123474,0,0,0,0,0,0.3088638022542,0.27239356637001,0.300047860688465,0.287384306842631,0,0,0.246476418111059,0.267451113888196,0.310835345631296,0.285546998508641,0.265633473157883,0,0.241474322008866,0,0,0,0.169770684305245,0.297516550620397,0.236034058711746,0,0.189017817803792,0,0.184127520769835,0.325497708150319,0.26697564125061,0,0,0,0,0,0,0,0,0.359963595867157,0.301513224840164,0,0,0.341546654701233,0,0.294648772535416,0.279537075332233,0.357343142231305,0.309778402249018,0.289475462657247,0,0.296031284886581,0.3071648478508,0.288154393434525
0,0,0.173747688772217,0.256909757852554,0,0,0,0,0.151685181362876,0,0,0,0,0,0,0,0,0,0.261903941631317,0,0.28014249388712,0,0,0,0,0,0,0,0,0,0.283765964210033,0,0,0,0,0,0.196692800826647,0,0.270674034953117,0,0.244829669594765,0.27634534239769,0.275067961237726,0,0,0,0.212159786224365,0,0.252278270743648,0,0.184215724482615,0,0,0,0,0,0.266488142399227,0,0,0,0,0,0,0.28273047497496,0,0,0,0,0,0,0,0,0,0.289257382524425,0,0,0,0,0,0.214632993613286,0,0.272648334503174,0.205351682870012,0.182770989338557,0.239516097457695,0,0.235494777560234
0,0,0,0.294269493375069,0,0,0,0,0,0.16486369073391,0,0,0,0,0,0,0,0,0,0.219059852794075,0,0,0,0,0,0,0,0,0,0,0,0,0,0,0,0.198071194083794,0,0,0,0,0,0,0,0,0,0.226668939703987,0,0,0,0.225630655884743,0,0.251564303679126,0,0,0,0,0,0.224512174725533,0,0,0,0,0.26037038957819,0,0,0,0,0,0,0,0,0,0,0,0,0,0,0,0.220617425739765,0,0,0,0.169411513593889,0.172439739108086,0.262167845849311,0,0
0,0,0,0,0,0,0,0,0,0,0,0,0,0,0,0,0,0,0,0,0,0,0,0,0,0,0,0,0,0,0,0,0,0,0,0,0,0,0,0,0,0,0,0,0,0,0,0,0,0,0,0,0.160835516949495,0,0,0,0,0,0,0,0,0,0,0,0,0,0,0,0,0,0,0,0,0,0,0,0,0,0,0,0,0,0,0,0,0,0
0,0,0,0,0,0,0,0,0,0,0,0,0,0,0,0,0,0,0,0,0,0,0,0,0,0,0,0,0,0,0,0,0,0,0,0,0,0,0,0,0,0,0,0,0,0,0,0,0,0,0,0,0,0,0,0,0,0,0,0,0,0,0,0,0,0,0,0,0,0,0,0,0,0,0,0,0,0,0,0,0,0,0,0,0,0,0
0.177844559218385,0,0.155148201134233,0,0.151685181362876,0,0,0,0,0,0,0,0,0,0.181705944240093,0,0.251470627345865,0.18367802628449,0.215209336280823,0,0,0,0,0,0.245802073755808,0,0.19886771440506,0,0,0,0,0,0,0,0,0,0,0,0.239401014812854,0,0,0.338308975100517,0.229733657388561,0,0,0,0,0,0,0,0,0,0,0,0.250416224796595,0,0,0,0,0,0.22175457701087,0,0.350348085165024,0,0,0,0,0.23290488543441,0,0.187589248021444,0,0,0,0,0,0,0,0,0.33336566388607,0,0,0.293058502768713,0.198014680006099,0.185595754120085,0.231564367974275,0.306400179862976,0.237262859940529
0,0.206196467081706,0,0.154073814491192,0,0.16486369073391,0,0,0,0,0,0,0,0,0,0,0.176021233201027,0.195669648051262,0.303389951586723,0,0,0,0,0.257989519741386,0,0,0,0,0,0,0,0,0,0.292667090892792,0,0,0,0.228738612111877,0,0.258716255426407,0,0.185845654457808,0,0,0,0.272839556137721,0,0,0,0.165981460362673,0,0,0,0,0,0.303152325478467,0,0,0,0,0,0,0.396775811910629,0,0.312773376703262,0,0.311998670680388,0,0,0,0,0,0,0,0,0,0.320581287145615,0,0,0,0.274127570259107,0,0.1850021707351,0,0.200897705748125,0,0
0,0,0,0,0,0,0,0,0,0,0,0,0.17172061889009,0,0,0,0,0,0,0,0.129480500782942,0,0,0,0,0,0,0,0,0,0.254996180157118,0,0,0,0,0,0.102137289941311,0,0.139037096364932,0,0,0,0.338847011327744,0,0.491354644298553,0,0.430448815226555,0,0,0,0,0,0,0,0,0,0.211926658965569,0,0,0,0,0,0,0.25689737541335,0,0,0,0,0,0,0,0,0,0,0,0,0,0,0,0.270939707756042,0,0.133454781557832,0.138315476477146,0,0.437754025061925,0,0.43397980928421
0,0,0,0,0,0,0,0,0,0,0,0,0,0.136656566323905,0,0,0,0,0,0,0,0,0,0,0,0,0,0,0,0,0,0,0,0,0,0,0,0.136328979572918,0,0,0,0,0,0,0,0,0,0,0,0,0,0,0,0,0,0,0,0.203385104682543,0,0,0,0,0,0,0,0,0,0,0,0,0,0,0.121770396828651,0,0,0,0,0,0,0,0.130264369240313,0,0.14479829929769,0,0,0,0
0,0,0,0,0,0,0,0,0,0,0.17172061889009,0,0,0,0.151611655950546,0,0,0,0,0,0,0,0,0,0,0,0,0,0,0,0,0,0,0,0,0,0,0,0,0,0,0,0,0,0,0,0,0,0,0,0,0,0,0,0,0,0,0,0.192718991118929,0,0,0,0,0,0,0,0,0,0,0,0,0,0,0,0,0,0,0,0,0,0,0,0.141653403639793,0,0,0,0
0,0,0,0,0,0,0,0,0,0,0,0.136656566323905,0,0,0,0,0,0,0,0,0,0,0,0,0,0,0,0,0,0,0,0,0,0,0,0,0,0,0,0,0,0,0,0,0,0,0,0,0,0,0,0,0,0,0,0,0,0.133342188750875,0,0.166054524481297,0,0,0,0,0,0,0,0,0,0,0,0,0,0,0,0,0,0,0,0,0,0,0,0,0,0,0
0,0,0,0,0,0,0,0,0.181705944240093,0,0,0,0.151611655950546,0,0,0,0.142282676982826,0.167411678511163,0.225003693252802,0,0,0,0,0,0.153979292282691,0,0.139022216200829,0,0,0,0,0,0,0,0,0,0,0,0,0,0,0,0,0,0,0,0,0,0,0,0,0,0,0,0,0,0,0,0.157630016406377,0,0.16751828789711,0,0,0,0,0,0,0,0,0,0,0,0,0,0,0,0,0,0,0,0,0,0.145916721465702,0.145035021007061,0,0,0
0,0,0,0,0,0,0,0,0,0,0,0,0,0,0,0,0.150572575628757,0.157036478184674,0,0,0,0,0,0,0,0,0,0,0,0,0,0,0,0,0,0,0,0,0,0,0,0,0,0,0,0,0,0,0,0,0,0,0,0,0,0,0,0,0,0,0,0,0,0,0,0,0,0,0,0,0,0,0,0,0,0,0,0,0,0,0,0,0.162744427117232,0.177357900887728,0,0,0
0,0.314304858446121,0,0,0,0,0,0,0.251470627345865,0.176021233201027,0,0,0,0,0.142282676982826,0.150572575628757,0,0.225350758259032,0.286588357049889,0,0.380489677190781,0,0,0,0.173154008037482,0.152493259559075,0.145546049842357,0,0,0,0.270868510007858,0,0,0,0,0,0.326710651318232,0,0.416592222452164,0.328584311372143,0.342822853410453,0.318577344169219,0.297493877293546,0.308108066519101,0.323060608742868,0.311801187694073,0.358442108420765,0.302446007728577,0.31583371758461,0.308839656412601,0,0,0,0,0.199949768781662,0,0.311390123197011,0.305883347988129,0,0,0.146812937881162,0,0.360075305808674,0.348878506666575,0,0,0,0,0,0.149171142670952,0,0,0.339420649138364,0.380002809422357,0,0,0,0,0.354269799861041,0.355955412490128,0.423648079236348,0.362498273321411,0.193718961840934,0.159908063325455,0.337169678824157,0.329340715535838,0.30520307507417
0,0,0,0.274531990289688,0,0,0,0,0.18367802628449,0.195669648051262,0,0,0,0,0.167411678511163,0.157036478184674,0.225350758259032,0,0.280882888296414,0,0.382841125130653,0,0,0,0.199569641162228,0.148880752761966,0.175407579873951,0,0,0,0,0,0,0,0,0,0,0,0.346071700255076,0.333064105499674,0.300449462776834,0.304120336587612,0.27812712829487,0.292949146032333,0.300605335656334,0.278919219970703,0.339434290269636,0.28953954577446,0.282138913869858,0.322051471471786,0,0,0,0,0.202967036515474,0,0.285032391548157,0.290445163846016,0,0,0.168604025715276,0,0.331323008085119,0.332398269573847,0,0,0,0,0,0.160131012138567,0,0,0.318687930703163,0.345259855190913,0,0,0,0,0.340016532882687,0.344552811434251,0.422343730926514,0.352885812520981,0.204893933655246,0.159860827423444,0.32425105000407,0.316840236828585,0.282991915941238
0.375191419140289,0.281240491403474,0.313511908054352,0.279856837221554,0.261903941631317,0,0,0,0.215209336280823,0.303389951586723,0,0,0,0,0.225003693252802,0,0.286588357049889,0.280882888296414,0,0,0.414799194250788,0,0,0,0.235130054579265,0.216758276025454,0.228843705994742,0,0,0,0.362107221037149,0,0,0,0,0,0.420734814235142,0,0.392466253403461,0.322609989188219,0.341399072814774,0.300119882733559,0.256887745712034,0.428283363978068,0.288524089788748,0.279306930913167,0.406034499015875,0.313288750556799,0.272386599779129,0.354779024888401,0,0.249163746833801,0,0,0,0,0.321818724274635,0.290005769867163,0,0,0.167304910719395,0,0.353028472768727,0.376946880660876,0,0,0,0,0,0.203850857913494,0,0,0.451475108371061,0.381601959466934,0,0,0,0,0.354557541570019,0.388156504968369,0.450026741012549,0.395140707512105,0.252222812749803,0.265663787357874,0.379980659416697,0.319826495928976,0.263058296686685
0,0,0,0,0,0.219059852794075,0,0,0,0,0,0,0,0,0,0,0,0,0,0,0,0,0,0,0,0,0,0,0,0,0,0,0,0,0,0.155599297263793,0,0.164281655441631,0,0,0,0.297438144683838,0,0,0,0.234991256147623,0,0.288501739501953,0.252012453973293,0.281385540962219,0,0,0,0,0,0,0,0,0,0,0,0,0.174669245176344,0,0,0,0,0,0,0,0,0,0,0,0,0,0,0,0.208822504525453,0,0.195714294537902,0,0.17716121867947,0,0.209904263444831,0,0
0,0,0.300349742174149,0,0.28014249388712,0,0,0,0,0,0.129480500782942,0,0,0,0,0,0.380489677190781,0.382841125130653,0.414799194250788,0,0,0,0,0,0.343438148498535,0,0,0,0,0,0.405054450035095,0,0,0,0,0,0.175576625830808,0,0.194923500720136,0,0.341536977074363,0,0.34034838887953,0,0.546223044395447,0,0.360263248547813,0,0.326377948125203,0,0.309690733363882,0,0,0,0,0,0.145690702296355,0,0,0,0,0,0,0.303256716966318,0,0,0,0,0,0,0,0,0,0.426112023683695,0,0,0,0,0.362052202224731,0.263243503019511,0,0.200174811145952,0.232875140881774,0.223991964544569,0.430533650434679,0,0.422702396909396
0,0,0,0,0,0,0,0,0,0,0,0,0,0,0,0,0,0,0,0,0,0,0,0.288460067356937,0,0.128659784793854,0,0,0,0,0,0,0,0,0,0,0,0.252681042753689,0,0,0,0,0,0,0,0,0,0.324775250688676,0,0.267485158784049,0,0,0,0,0,0,0,0,0,0,0,0,0,0,0.236662099701225,0,0.309082218342357,0,0,0,0.156007086237272,0,0,0,0,0,0,0,0,0,0.261336403493195,0,0.190056042999206,0.163869231939316,0,0,0
0,0,0,0,0,0,0,0,0,0,0,0,0,0,0,0,0,0,0,0,0,0,0,0,0.201031310483813,0,0,0,0,0,0,0,0,0,0,0,0,0,0.252632360427808,0,0,0,0,0,0,0,0,0,0.395290304703274,0,0,0,0,0,0,0,0,0,0,0,0,0,0,0,0,0.237377035140081,0,0.252396117895842,0,0.253148324078038,0,0.562135696411133,0,0,0,0,0,0,0,0,0,0.28575646425399,0.128178419888686,0.121421150863171,0.357151157089642,0,0
0,0.159464508295059,0,0,0,0,0,0,0,0.257989519741386,0,0,0,0,0,0,0,0,0,0,0,0.288460067356937,0,0,0,0.146623934308688,0,0,0,0,0,0,0,0,0,0,0,0.269485815463209,0,0,0,0,0,0,0,0,0,0.331859052181244,0,0.256964287757874,0,0,0,0,0,0.278558562852834,0,0,0,0,0,0,0,0,0.30884817865847,0,0.228910486541525,0,0.25264577070872,0,0,0,0,0,0,0,0.319791346788406,0,0,0,0.290902726138545,0,0.238746393471956,0,0.274050160497427,0,0
0,0,0,0,0,0,0,0,0.245802073755808,0,0,0,0,0,0.153979292282691,0,0.173154008037482,0.199569641162228,0.235130054579265,0,0.343438148498535,0,0.201031310483813,0,0,0,0.150256971066648,0,0,0,0,0,0,0,0,0,0,0,0.240959468732278,0,0,0.241500928997993,0,0,0,0,0.313551068305969,0,0.395569652318954,0,0,0,0,0,0.285053131729364,0,0,0,0,0,0.161854758858681,0,0,0.264633774757385,0,0.248017262599685,0,0.266151365106818,0,0.243174773308781,0,0,0,0,0,0,0,0,0,0.283161640167236,0,0.241233478739577,0.173654579637039,0.163701010867953,0.310275903634601,0.3158960044384,0.240691609680653
0,0,0,0,0,0,0,0,0,0,0,0,0,0,0,0,0.152493259559075,0.148880752761966,0.216758276025454,0,0,0.128659784793854,0,0.146623934308688,0,0,0,0.169186432506437,0,0,0,0,0,0,0,0,0,0,0,0,0,0,0,0,0,0,0,0,0,0,0,0,0,0,0,0,0,0,0,0,0,0,0,0,0,0,0,0,0.178452134577196,0,0,0,0,0,0,0,0,0,0,0,0,0,0.171511984640552,0,0,0,0
0,0,0,0,0,0,0,0,0.19886771440506,0,0,0,0,0,0.139022216200829,0,0.145546049842357,0.175407579873951,0.228843705994742,0,0,0,0,0,0.150256971066648,0,0,0,0,0,0,0,0,0,0,0,0,0,0,0,0,0,0.241182595491409,0,0,0,0,0,0,0,0,0,0,0,0,0,0,0,0.247942537069321,0,0.144048979878426,0,0.298031210899353,0,0,0,0,0.280616447329521,0,0.207899280776412,0,0,0,0,0,0,0,0,0.273751318454742,0,0,0,0.15925114797157,0.149414328967824,0,0,0
0,0,0,0,0,0,0,0,0,0,0,0,0,0,0,0,0,0,0,0,0,0,0,0,0,0.169186432506437,0,0,0,0.121002483455574,0,0,0,0,0,0,0,0,0,0,0,0,0,0,0,0,0,0,0,0,0,0,0,0,0,0,0,0,0,0,0,0,0,0,0,0,0,0,0.151208189129829,0,0.186850006692111,0,0.098713385562102,0,0,0,0,0,0,0,0,0,0,0,0,0,0
0,0,0,0,0,0,0,0,0,0,0,0,0,0,0,0,0,0,0,0,0,0,0,0,0,0,0,0,0,0,0.171862229704857,0,0,0,0,0,0,0,0.179186297314508,0,0,0,0,0,0,0,0,0,0,0,0,0,0,0,0,0,0,0,0,0,0,0,0,0,0,0,0,0,0,0,0,0.222136059427166,0,0,0,0,0,0,0,0,0,0,0,0,0,0,0
0,0,0,0,0,0,0,0,0,0,0,0,0,0,0,0,0,0,0,0,0,0,0,0,0,0,0,0.121002483455574,0,0,0,0,0,0,0,0,0,0.140623384051853,0,0,0,0,0,0,0,0,0,0,0,0,0,0,0,0,0,0,0,0,0,0,0,0,0,0,0,0,0,0,0,0,0,0,0.241002990966211,0,0,0,0,0,0,0,0.21779506673684,0,0,0,0,0,0
0,0,0.30469311773777,0,0.283765964210033,0,0,0,0,0,0.254996180157118,0,0,0,0,0,0.270868510007858,0,0.362107221037149,0,0.405054450035095,0,0,0,0,0,0,0,0.171862229704857,0,0,0,0,0,0,0,0.294759690761566,0,0.207362185967596,0,0.408170953392982,0,0.409497716029485,0,0,0,0.362307471533616,0,0.335334341973066,0.325262576341629,0,0,0,0,0,0,0.300057160254766,0,0,0,0,0,0,0.334257142324197,0,0,0,0,0,0,0,0.250641892353694,0,0.335582870457854,0,0,0,0,0.361853450536728,0.307669135193302,0,0.365211516618729,0.398095695411458,0,0.425729619822016,0,0.454808178544044
0,0,0,0,0,0,0,0,0,0,0,0,0,0,0,0,0,0,0,0,0,0,0,0,0,0,0,0,0,0,0,0,0.350206109926217,0.343723001579444,0.307439863681793,0.149988988680499,0,0,0,0,0,0,0,0,0,0,0,0.482996026322514,0.323822140693665,0,0,0,0,0,0,0,0,0,0,0,0,0,0,0,0,0,0,0,0,0,0,0,0,0,0.326799101752965,0.315689312989142,0.382760201306904,0,0.292312150542763,0.328267679248058,0,0,0.386140000082912,0,0,0,0
0,0,0,0,0,0,0,0,0,0,0,0,0,0,0,0,0,0,0,0,0,0,0,0,0,0,0,0,0,0,0,0.350206109926217,0,0.26771754026413,0.386665333182581,0,0.137170747887077,0,0,0,0,0,0,0,0,0,0,0.400619472973144,0.406515002250671,0,0,0,0,0,0,0,0,0,0,0,0,0,0,0,0,0,0,0,0,0,0,0,0,0,0.231327989183399,0.353135088392687,0.187631053583963,0.389555376309615,0,0.369989784750099,0,0,0.335373084796102,0,0,0,0
0,0,0,0.325236678123474,0,0,0,0,0,0.292667090892792,0,0,0,0,0,0,0,0,0,0,0,0,0,0,0,0,0,0,0,0,0,0.343723001579444,0.26771754026413,0,0.25721095831618,0.181890998156439,0,0.25042461493384,0.32513152117079,0,0,0,0.454324775934219,0,0,0.380651414394379,0.389999479055405,0.480883250394471,0.465192486410556,0.485231854021549,0,0,0,0,0,0,0,0,0,0,0,0,0,0,0,0,0.331229031085968,0,0,0,0,0,0,0,0.334239581227303,0,0.31080285133794,0.18418307185173,0.254488368119512,0,0.381172077305753,0,0.359749112304644,0,0.463157751239263,0,0
0,0,0,0,0,0,0,0,0,0,0,0,0,0,0,0,0,0,0,0,0,0,0,0,0,0,0,0,0,0,0,0.307439863681793,0.386665333182581,0.25721095831618,0,0,0.129922989036953,0,0,0,0,0,0.545895934104919,0,0,0,0,0.347542755682847,0.451562519868215,0,0,0,0,0,0,0,0,0,0,0,0,0,0,0,0,0,0,0,0,0,0,0,0,0,0.165605244891984,0.407257437705994,0.21750597191341,0.312225648829921,0,0.313519598916173,0,0,0.230027117035133,0,0,0,0
0,0,0,0,0,0.198071194083794,0,0,0,0,0,0,0,0,0,0,0,0,0,0.155599297263793,0,0,0,0,0,0,0,0,0,0,0,0.149988988680499,0,0.181890998156439,0,0,0.158400738239288,0.134076121330636,0,0,0.217914206826169,0.363783746957779,0,0,0,0.211398131342348,0,0.241969144716859,0.23899147761803,0.29387041926384,0,0,0,0,0,0,0,0,0,0,0,0,0.201021554766881,0,0,0,0,0,0,0,0,0,0,0,0.293790148532213,0,0.270444848255752,0,0.247972320561431,0.159996515979954,0.165715506317212,0,0.183542672278626,0,0.209672497782281,0.443948298692703,0
0.416475705802441,0,0.271480590105057,0,0.196692800826647,0,0,0,0,0,0.102137289941311,0,0,0,0,0,0.326710651318232,0,0.420734814235142,0,0.175576625830808,0,0,0,0,0,0,0,0,0,0.294759690761566,0,0.137170747887077,0,0.129922989036953,0.158400738239288,0,0.134412452578545,0.187059498518139,0,0.325637638568878,0,0.323010482910005,0,0.416784581210878,0,0.332358719214149,0,0.234415688685008,0,0.247213140130043,0,0,0,0,0,0.280166819177825,0,0,0,0,0,0,0.235097482270103,0,0,0,0,0,0,0,0,0,0.301113683730364,0,0.318076645786112,0,0.36255803975192,0,0.24535962575752,0,0.240434408618892,0.184311362504438,0.314914628863335,0.264562461876644,0,0.339087786773841
0,0,0,0,0,0,0,0,0,0.228738612111877,0,0.136328979572918,0,0,0,0,0,0,0,0.164281655441631,0,0.252681042753689,0,0.269485815463209,0,0,0,0,0,0.140623384051853,0,0,0,0.25042461493384,0,0.134076121330636,0.134412452578545,0,0.103860206902027,0,0,0.1432204246521,0,0,0,0,0,0.333878497875745,0,0.345976349810067,0,0,0,0,0,0.270407600949208,0,0.169046533184455,0,0,0,0,0.147998080865757,0,0.354987713911221,0,0.270661070644002,0,0,0,0.273342948406935,0,0.326958533790376,0,0,0,0.26274162644552,0,0.244183427634938,0,0.295471410577903,0,0.239252164632649,0,0.337081728606588,0.361274033784866,0
0.42902684211731,0,0.315724149346352,0,0.270674034953117,0,0,0,0.239401014812854,0,0.139037096364932,0,0,0,0,0,0.416592222452164,0.346071700255076,0.392466253403461,0,0.194923500720136,0,0.252632360427808,0,0.240959468732278,0,0,0,0.179186297314508,0,0.207362185967596,0,0,0.32513152117079,0,0,0.187059498518139,0.103860206902027,0,0,0.352706240756171,0.384013339877129,0.419460270673998,0,0.476885902030127,0,0.370739646658704,0.399078452933754,0.470577706695943,0,0,0,0,0,0.257717889967469,0,0.141043893864443,0,0,0,0,0,0,0.270304608632321,0,0.269977096385015,0,0.289111838176062,0,0.300742340087891,0,0.37715628867348,0,0.128548673408873,0,0,0,0,0.315077736973763,0.291850157261613,0,0.252084493345099,0.241281401481004,0.439608454704285,0.519937027903164,0,0.457757962055695
0,0,0,0.3088638022542,0,0,0,0,0,0.258716255426407,0,0,0,0,0,0,0.328584311372143,0.333064105499674,0.322609989188219,0,0,0,0,0,0,0,0,0,0,0,0,0,0,0,0,0,0,0,0,0,0,0.336247211159346,0.296406050523122,0.595504244028682,0.34416475892067,0.339368136071447,0.36923711001873,0.360271237790585,0.332606102029483,0.203236492196901,0,0,0,0,0,0,0.350566416978836,0.302649757691792,0,0,0,0,0.332378950502191,0.274503856897354,0,0,0,0,0,0,0,0,0.303640551144077,0,0,0,0,0,0.292017342553276,0.29501153031985,0.198689810931683,0.384831120570501,0.320750037330458,0.302209749817848,0.457297668287494,0.480325900664145,0.30348838865757
0.418231155191149,0,0.286116689443588,0.27239356637001,0.244829669594765,0,0,0,0,0,0,0,0,0,0,0,0.342822853410453,0.300449462776834,0.341399072814774,0,0.341536977074363,0,0,0,0,0,0,0,0,0,0.408170953392982,0,0,0,0,0.217914206826169,0.325637638568878,0,0.352706240756171,0,0,0.305383194434015,0.297232648574336,0.381537675857544,0.400886862911284,0,0.315509243062023,0.28086312694682,0.282193833234294,0.281856616338094,0.298768013715744,0,0,0,0,0,0.288170691113919,0.267519066731135,0,0,0,0,0.347712437311808,0.325124375425376,0,0,0,0,0,0,0,0,0,0.328253602308612,0,0,0,0,0.304075013245306,0.325820338854819,0,0.25430521005643,0.311961484444806,0.374140164256096,0.307998572689459,0.286919146776199,0.375971972214422
0.313951134681702,0.331261024748916,0,0.300047860688465,0.27634534239769,0,0,0,0.338308975100517,0.185845654457808,0,0,0,0,0,0,0.318577344169219,0.304120336587612,0.300119882733559,0.297438144683838,0,0,0,0,0.241500928997993,0,0,0,0,0,0,0,0,0,0,0.363783746957779,0,0.1432204246521,0.384013339877129,0.336247211159346,0.305383194434015,0,0.233942796497484,0.569959116471072,0.264138296923854,0.325493379375019,0.333089281287458,0.363603700473519,0.341360688209534,0.355999303078461,0,0.280188584327698,0,0,0,0,0.336932683984439,0.324452347834321,0,0,0,0,0.372346932954023,0.310646936297417,0,0,0,0,0,0,0,0,0.407122717652606,0.320212624967098,0,0,0.457133442163467,0,0.353585605416425,0.339498104696924,0.444893075936082,0.350453925984246,0.289205143434646,0.336950850806066,0.369443275257606,0.341199132814913,0.290260344743729
0.329403045914861,0,0.317484778720279,0.287384306842631,0.275067961237726,0,0,0,0.229733657388561,0,0.338847011327744,0,0,0,0,0,0.297493877293546,0.27812712829487,0.256887745712034,0,0.34034838887953,0,0,0,0,0,0.241182595491409,0,0,0,0.409497716029485,0,0,0.454324775934219,0.545895934104919,0,0.323010482910005,0,0.419460270673998,0.296406050523122,0.297232648574336,0.233942796497484,0,0.308018192648888,0.246079629770032,0.284829955961969,0.321737669604127,0.563478680879989,0.446811352154016,0.313922802607218,0.282909359782934,0,0,0,0.322384038567543,0,0.358967626813553,0.302598307530085,0.346506516138713,0,0.344873559474945,0,0.346357241272926,0.372566734209372,0,0,0,0,0,0,0,0.368217021226883,0.341308571398258,0.404208896491263,0,0,0.448907482624054,0.455092050135136,0.311203618091766,0.335259122812649,0.315814048051834,0.380990577038048,0.325138301807638,0.347693850214665,0.328762321108198,0.2776621311903,0.241059870736879
0,0,0,0,0,0,0,0,0,0,0,0,0,0,0,0,0.308108066519101,0.292949146032333,0.428283363978068,0,0,0,0,0,0,0,0,0,0,0,0,0,0,0,0,0,0,0,0,0.595504244028682,0.381537675857544,0.569959116471072,0.308018192648888,0,0,0.370217440028985,0.386881351470947,0,0.335817605257034,0.544609400786852,0,0,0,0,0,0,0,0,0,0,0,0,0.398236237466335,0,0,0,0,0,0,0,0,0,0.512695750271952,0,0,0,0,0,0.496706585992466,0.332368612289429,0.576167964772002,0,0.337550589851305,0.383004754781723,0.558804151481376,0.586803972925225,0.279981672763824
0,0,0.256670258939266,0,0,0,0,0,0,0,0.491354644298553,0,0,0,0,0,0.323060608742868,0.300605335656334,0.288524089788748,0,0.546223044395447,0,0,0,0,0,0,0,0,0,0,0,0,0,0,0,0.416784581210878,0,0.476885902030127,0.34416475892067,0.400886862911284,0.264138296923854,0.246079629770032,0,0,0,0.440804997859554,0,0.242867141962051,0.311519652605057,0,0,0,0,0,0,0.37231104572614,0,0,0,0,0,0.332314938306808,0.414703170458476,0,0,0,0,0,0,0,0,0,0.436537648502149,0,0,0,0,0.339249973495801,0.435066169241065,0,0.510030333654604,0.267786944153333,0.300113201141357,0.34829922684409,0.295086060251508,0.249245898483636
0,0,0,0.246476418111059,0,0.226668939703987,0,0,0,0.272839556137721,0,0,0,0,0,0,0.311801187694073,0.278919219970703,0.279306930913167,0.234991256147623,0,0,0,0,0,0,0,0,0,0,0,0,0,0.380651414394379,0,0.211398131342348,0,0,0,0.339368136071447,0,0.325493379375019,0.284829955961969,0.370217440028985,0,0,0.333850145339966,0.318903506556644,0.269925540401822,0.28884902418844,0,0.276927798986435,0,0,0,0.213017374277115,0.282599650323391,0.34583609649934,0,0,0,0,0.293636916606537,0,0,0,0,0,0,0,0,0,0.358295075256716,0.299309730529785,0,0,0.309935927391052,0,0.292166690230848,0.283936436687197,0.339517355685706,0,0.300468043630773,0,0.358188553331524,0.325652472674847,0.281659215688705
0.428615017438964,0,0.223540273041297,0.267451113888196,0.212159786224365,0,0,0,0,0,0.430448815226555,0,0,0,0,0,0.358442108420765,0.339434290269636,0.406034499015875,0,0.360263248547813,0,0,0,0.313551068305969,0,0,0,0,0,0.362307471533616,0,0,0.389999479055405,0,0,0.332358719214149,0,0.370739646658704,0.36923711001873,0.315509243062023,0.333089281287458,0.321737669604127,0.386881351470947,0.440804997859554,0.333850145339966,0,0.332515733582633,0.304509891091653,0.301629478732745,0.212648021903905,0,0,0,0.33468371629715,0,0.308606420230057,0.262520134449005,0.205110013484955,0,0,0,0.363828650929711,0.307164638726046,0,0,0,0,0,0,0,0,0.303393065929413,0.385887032187225,0,0,0,0,0.360951466451992,0.377199897679614,0,0.401257586972089,0.36092174223829,0.415338682193382,0.365067558875347,0.336105287075043,0.341176535776803
0.427632860839367,0,0.409445017576218,0.310835345631296,0,0,0,0,0,0,0,0,0,0,0,0,0.302446007728577,0.28953954577446,0.313288750556799,0.288501739501953,0,0.324775250688676,0,0.331859052181244,0,0,0,0,0,0,0,0.482996026322514,0.400619472973144,0.480883250394471,0.347542755682847,0.241969144716859,0,0.333878497875745,0.399078452933754,0.360271237790585,0.28086312694682,0.363603700473519,0.563478680879989,0,0,0.318903506556644,0.332515733582633,0,0.510979392120183,0.367002189631764,0,0.316518798470497,0,0,0,0,0.390034013986588,0.313692244390647,0,0,0,0,0.353359892964363,0.38404443860054,0.277684204280376,0,0.343474693596363,0,0,0,0,0,0.333042515175683,0.389555990695953,0.463186319425859,0.465208503209547,0.384101831075233,0.473136640790184,0.495413813458649,0.394590682296717,0.32901653626582,0.41368605941534,0.518814136472811,0.27954238653183,0.434700426105559,0.406210273504257,0
0.235818082395988,0,0.191810457948961,0.285546998508641,0.252278270743648,0,0,0,0,0,0,0,0,0,0,0,0.31583371758461,0.282138913869858,0.272386599779129,0.252012453973293,0.326377948125203,0,0.395290304703274,0,0.395569652318954,0,0,0,0,0,0.335334341973066,0.323822140693665,0.406515002250671,0.465192486410556,0.451562519868215,0.23899147761803,0.234415688685008,0,0.470577706695943,0.332606102029483,0.282193833234294,0.341360688209534,0.446811352154016,0.335817605257034,0.242867141962051,0.269925540401822,0.304509891091653,0.510979392120183,0,0.349765764965731,0.267029081781705,0,0,0,0,0,0.312939689299207,0.314179018139839,0.24524162579001,0,0.199634486011096,0,0.275321370363235,0.303663612653812,0,0.404785352242217,0,0.370448402088621,0,0.281156724462142,0,0.358736248281082,0.340222612023354,0.269379471407996,0,0.435852727010137,0.449270360744916,0.423191660808192,0.254165448379098,0.333511220639603,0.352236971259117,0.388807359478236,0.519650469627156,0.229439617858993,0.346479591248551,0,0.306839536875486
0,0.148340436816216,0,0.265633473157883,0,0.225630655884743,0,0,0,0.165981460362673,0,0,0,0,0,0,0.308839656412601,0.322051471471786,0.354779024888401,0.281385540962219,0,0.267485158784049,0,0.256964287757874,0,0,0,0,0,0,0.325262576341629,0,0,0.485231854021549,0,0.29387041926384,0,0.345976349810067,0,0.203236492196901,0.281856616338094,0.355999303078461,0.313922802607218,0.544609400786852,0.311519652605057,0.28884902418844,0.301629478732745,0.367002189631764,0.349765764965731,0,0,0.267651721835136,0,0,0,0.253640085458755,0.293774962425232,0.336319397126927,0,0,0,0,0.328211037175996,0.321224451065063,0.28800094127655,0,0.299703680950662,0,0.245806366670877,0,0.391595910606759,0,0.328602356791851,0.363969832658768,0,0,0.351261902423132,0,0.28272068141278,0.32947064936161,0.284295058548974,0,0.31368978680905,0.280336380004883,0.304073215811457,0.397538486817801,0
0,0,0.194384256554277,0,0.184215724482615,0,0,0,0,0,0,0,0,0,0,0,0,0,0,0,0.309690733363882,0,0,0,0,0,0,0,0,0,0,0,0,0,0,0,0.247213140130043,0,0,0,0.298768013715744,0,0.282909359782934,0,0,0,0.212648021903905,0,0.267029081781705,0,0,0,0,0,0,0,0.224523794498199,0,0.187071103602648,0,0.178676001727581,0,0,0.329214699504789,0,0,0,0,0,0,0,0,0,0.33095794916153,0,0,0,0,0,0.314608902963873,0,0.261879295110703,0.187174527268661,0,0.283968938949579,0,0.24910594522953
0,0,0,0.241474322008866,0,0.251564303679126,0,0,0,0,0,0,0,0,0,0,0,0,0.249163746833801,0,0,0,0,0,0,0,0,0,0,0,0,0,0,0,0,0,0,0,0,0,0,0.280188584327698,0,0,0,0.276927798986435,0,0.316518798470497,0,0.267651721835136,0,0,0,0,0,0,0,0,0,0,0,0,0,0,0,0,0,0,0,0,0,0,0,0,0,0,0,0,0,0,0,0,0.208591510852178,0,0.304342035722259,0,0
0,0,0,0,0,0,0.160835516949495,0,0,0,0,0,0,0,0,0,0,0,0,0,0,0,0,0,0,0,0,0,0,0,0,0,0,0,0,0,0,0,0,0,0,0,0,0,0,0,0,0,0,0,0,0,0,0,0,0,0.175018552690744,0,0,0,0,0,0,0,0,0,0,0,0,0,0,0,0,0,0,0,0,0,0,0,0,0,0,0,0,0,0
0,0,0,0,0,0,0,0,0,0,0,0,0,0,0,0,0,0,0,0,0,0,0,0,0,0,0,0,0,0,0,0,0,0,0,0,0,0,0,0,0,0,0,0,0,0,0,0,0,0,0,0,0,0,0,0,0,0,0,0,0,0,0,0,0,0,0,0,0,0,0,0,0,0,0,0,0,0,0,0,0,0,0,0,0,0,0
0.228562097193496,0,0.168373577793439,0,0,0,0,0,0.250416224796595,0,0,0,0,0,0,0,0.199949768781662,0.202967036515474,0,0,0,0,0,0,0.285053131729364,0,0,0,0,0,0,0,0,0,0,0,0,0,0.257717889967469,0,0,0,0.322384038567543,0,0,0,0.33468371629715,0,0,0,0,0,0,0,0,0,0,0,0.162057593464851,0,0.246833254740788,0,0,0,0,0,0,0.28142302032364,0,0.275670836594972,0,0,0,0,0,0,0,0,0,0,0,0.302570203135551,0.227843699546961,0,0.223067690865903,0,0
0,0.220476486135639,0,0.169770684305245,0,0,0,0,0,0.303152325478467,0,0,0,0,0,0,0,0,0,0,0,0,0,0.278558562852834,0,0,0,0,0,0,0,0,0,0,0,0,0,0.270407600949208,0,0,0,0,0,0,0,0.213017374277115,0,0,0,0.253640085458755,0,0,0,0,0,0,0,0,0,0,0,0.228630904522207,0,0,0.301926019362041,0,0.311540985891786,0,0,0,0,0,0.309742391109467,0,0,0,0,0,0,0,0.268500528401799,0,0.206116857774117,0,0.24105248359714,0,0
0.334903205434481,0,0.227017318871286,0.297516550620397,0.266488142399227,0,0,0,0,0,0.211926658965569,0,0,0,0,0,0.311390123197011,0.285032391548157,0.321818724274635,0,0.145690702296355,0,0,0,0,0,0,0,0,0,0.300057160254766,0,0,0,0,0,0.280166819177825,0,0.141043893864443,0.350566416978836,0.288170691113919,0.336932683984439,0.358967626813553,0,0.37231104572614,0.282599650323391,0.308606420230057,0.390034013986588,0.312939689299207,0.293774962425232,0.224523794498199,0,0.175018552690744,0,0,0,0,0.297008256117503,0.239605344831944,0,0.227712452411652,0,0.301884442567825,0.345888115698144,0,0,0,0,0,0,0,0.362183632819276,0,0.370174751641615,0,0,0,0,0.290647819638252,0.30644704984955,0,0.326501026749611,0.288387850526995,0.414141362905502,0.345411773592738,0,0.368547722806026
0,0.414340198040009,0,0.236034058711746,0,0.224512174725533,0,0,0,0,0,0.203385104682543,0,0.133342188750875,0,0,0.305883347988129,0.290445163846016,0.290005769867163,0,0,0,0,0,0,0,0,0,0,0,0,0,0,0,0,0,0,0.169046533184455,0,0.302649757691792,0.267519066731135,0.324452347834321,0.302598307530085,0,0,0.34583609649934,0.262520134449005,0.313692244390647,0.314179018139839,0.336319397126927,0,0,0,0,0,0,0.297008256117503,0,0,0,0,0,0.286009515047739,0.302131146192551,0,0,0,0,0,0,0.398950456887826,0,0.351917743047267,0,0,0,0,0,0.282686556302584,0.279309540987015,0.341508760171778,0.313833206892014,0.279360539985426,0,0.327193840707596,0.320404946804047,0.289702743291855
0.332590401172638,0,0.178820579534485,0,0,0,0,0,0,0,0,0,0.192718991118929,0,0.157630016406377,0,0,0,0,0,0,0,0,0,0,0,0.247942537069321,0,0,0,0,0,0,0,0,0,0,0,0,0,0,0,0.346506516138713,0,0,0,0.205110013484955,0,0.24524162579001,0,0.187071103602648,0,0,0,0.162057593464851,0,0.239605344831944,0,0,0,0.231085034885577,0,0,0,0,0,0,0,0,0.265024667352806,0,0.274676676405776,0,0,0,0,0,0,0,0,0,0,0,0,0.242586781194916,0,0
0,0,0,0.189017817803792,0,0,0,0,0,0,0,0,0,0.166054524481297,0,0,0,0,0,0,0,0,0,0,0,0,0,0,0,0,0,0,0,0,0,0,0,0,0,0,0,0,0,0,0,0,0,0,0,0,0,0,0,0,0,0,0,0,0,0,0,0,0,0,0,0,0,0,0,0,0.18771688796972,0,0,0,0,0,0,0,0,0,0,0,0,0,0,0,0
0.190644106998736,0,0.167016832452071,0,0,0,0,0,0.22175457701087,0,0,0,0,0,0.16751828789711,0,0.146812937881162,0.168604025715276,0.167304910719395,0,0,0,0,0,0.161854758858681,0,0.144048979878426,0,0,0,0,0,0,0,0,0,0,0,0,0,0,0,0.344873559474945,0,0,0,0,0,0.199634486011096,0,0.178676001727581,0,0,0,0.246833254740788,0,0.227712452411652,0,0.231085034885577,0,0,0,0,0,0,0,0,0.248598009347916,0,0.235713856294751,0,0,0,0,0,0,0,0,0,0,0,0,0.172583737325939,0.135845231513182,0.218402647683697,0,0.261492609977722
0,0,0,0.184127520769835,0,0,0,0,0,0,0,0,0,0,0,0,0,0,0,0,0,0,0,0,0,0,0,0,0,0,0,0,0,0,0,0,0,0,0,0,0,0,0,0,0,0,0,0,0,0,0,0,0,0,0,0.228630904522207,0,0,0,0,0,0,0,0,0,0,0.2929817289114,0,0,0,0,0,0,0,0,0,0,0,0,0,0,0,0,0,0,0,0
0.321224868297577,0,0,0.325497708150319,0,0.26037038957819,0,0,0.350348085165024,0.396775811910629,0,0,0,0,0,0,0.360075305808674,0.331323008085119,0.353028472768727,0.174669245176344,0,0,0,0,0,0,0.298031210899353,0,0,0,0,0,0,0,0,0.201021554766881,0,0.147998080865757,0,0.332378950502191,0.347712437311808,0.372346932954023,0.346357241272926,0.398236237466335,0.332314938306808,0.293636916606537,0.363828650929711,0.353359892964363,0.275321370363235,0.328211037175996,0,0,0,0,0,0,0.301884442567825,0.286009515047739,0,0,0,0,0,0.373114973306656,0,0,0,0,0,0,0,0,0.323525153417987,0,0,0,0.320925831794739,0,0.278853251572644,0.375260223944982,0.294223617287676,0.350158835450808,0.35904735862583,0.297515317797661,0.320605933573291,0.374690965994408,0
0.405461115496499,0,0.33039694527785,0.26697564125061,0.28273047497496,0,0,0,0,0,0.25689737541335,0,0,0,0,0,0.348878506666575,0.332398269573847,0.376946880660876,0,0.303256716966318,0,0,0,0.264633774757385,0,0,0,0,0,0.334257142324197,0,0,0,0,0,0.235097482270103,0,0.270304608632321,0.274503856897354,0.325124375425376,0.310646936297417,0.372566734209372,0,0.414703170458476,0,0.307164638726046,0.38404443860054,0.303663612653812,0.321224451065063,0.329214699504789,0,0,0,0,0,0.345888115698144,0.302131146192551,0,0,0,0,0.373114973306656,0,0,0,0,0,0,0,0,0,0,0.348832648416615,0,0,0,0,0.357130100329717,0.289563872012283,0.32562518119812,0.33630282466952,0.337597278973802,0.354109737277031,0.361252650256791,0.305444816748301,0.376103521386782
0,0,0,0,0,0,0,0,0,0.312773376703262,0,0,0,0,0,0,0,0,0,0,0,0.236662099701225,0,0.30884817865847,0,0,0,0,0,0,0,0,0,0,0,0,0,0.354987713911221,0,0,0,0,0,0,0,0,0,0.277684204280376,0,0.28800094127655,0,0,0,0,0,0.301926019362041,0,0,0,0,0,0,0,0,0,0,0.325229241637312,0,0.231388157064264,0,0.155821775396665,0,0,0,0,0,0,0,0,0,0.384287460323642,0,0.179468802511692,0,0,0,0
0,0,0,0,0,0,0,0,0,0,0,0,0,0,0,0,0,0,0,0,0,0,0.237377035140081,0,0.248017262599685,0,0,0,0,0,0,0,0,0,0,0,0,0,0.269977096385015,0,0,0,0,0,0,0,0,0,0.404785352242217,0,0,0,0,0,0,0,0,0,0,0,0,0,0,0,0,0,0,0.23639935243544,0,0.237808549379716,0,0.315804065989428,0,0,0,0,0,0,0,0,0,0.454171307525545,0.204837444424629,0,0.385737836360931,0,0
0,0.329054296016693,0,0,0,0,0,0,0,0.311998670680388,0,0,0,0,0,0,0,0,0,0,0,0.309082218342357,0,0.228910486541525,0,0,0,0,0,0,0,0,0,0.331229031085968,0,0,0,0.270661070644002,0,0,0,0,0,0,0,0,0,0.343474693596363,0,0.299703680950662,0,0,0,0,0,0.311540985891786,0,0,0,0,0,0.2929817289114,0,0,0.325229241637312,0,0,0,0.301998156640265,0,0.390668542084108,0,0.206189453601837,0,0,0,0.317344715197881,0,0,0,0.304651681992957,0,0.221347544874464,0,0.301328171645441,0,0
0,0,0,0,0,0,0,0,0.23290488543441,0,0,0,0,0,0,0,0,0,0,0,0,0,0.252396117895842,0,0.266151365106818,0,0.280616447329521,0,0,0,0,0,0,0,0,0,0,0,0.289111838176062,0,0,0,0,0,0,0,0,0,0.370448402088621,0,0,0,0,0,0.28142302032364,0,0,0,0,0,0.248598009347916,0,0,0,0,0.23639935243544,0,0,0,0.314512764558124,0,0,0,0,0,0,0,0,0,0,0,0.303019594944713,0,0,0.375355511074304,0,0
0,0,0,0,0,0,0,0,0,0,0,0,0,0,0,0,0,0,0,0,0,0,0,0.25264577070872,0,0.178452134577196,0,0.151208189129829,0,0,0,0,0,0,0,0,0,0,0,0,0,0,0,0,0,0,0,0,0,0.245806366670877,0,0,0,0,0,0,0,0,0,0,0,0,0,0,0.231388157064264,0,0.301998156640265,0,0,0,0.299016366309639,0,0.239399448037148,0,0,0,0,0,0,0,0,0,0,0,0,0,0
0,0,0,0,0,0,0,0,0.187589248021444,0,0,0,0,0,0,0,0.149171142670952,0.160131012138567,0.203850857913494,0,0,0,0.253148324078038,0,0.243174773308781,0,0.207899280776412,0,0,0,0,0,0,0,0,0,0,0,0.300742340087891,0,0,0,0,0,0,0,0,0,0.281156724462142,0,0,0,0,0,0.275670836594972,0,0,0,0.265024667352806,0,0.235713856294751,0,0,0,0,0.237808549379716,0,0.314512764558124,0,0,0,0.292940602097611,0,0,0,0,0,0,0,0.281811207532883,0,0.227208510041237,0.169185011751122,0,0.378267413936555,0,0
0,0.406957343220711,0,0,0,0,0,0,0,0,0,0,0,0,0,0,0,0,0,0,0,0.156007086237272,0,0,0,0,0,0.186850006692111,0,0,0,0,0,0,0,0,0,0.273342948406935,0,0,0,0,0,0,0,0,0,0,0,0.391595910606759,0,0,0,0,0,0,0,0.398950456887826,0,0.18771688796972,0,0,0,0,0.155821775396665,0,0.390668542084108,0,0.299016366309639,0,0,0,0.332750620210872,0,0,0,0,0,0,0,0.237490234327131,0,0,0,0.3815207527234,0,0
0,0,0,0,0,0,0,0,0,0,0,0,0,0,0,0,0,0,0,0,0,0,0.562135696411133,0,0,0,0,0,0.222136059427166,0,0.250641892353694,0,0,0,0,0,0,0,0.37715628867348,0,0,0,0.368217021226883,0,0,0,0,0,0.358736248281082,0,0,0,0,0,0,0,0.362183632819276,0,0.274676676405776,0,0,0,0,0,0,0.315804065989428,0,0,0,0.292940602097611,0,0,0,0.428394776816661,0,0,0,0,0,0,0,0.34891438590798,0,0,0.470453564077616,0,0
0,0,0,0.359963595867157,0,0,0,0,0,0,0,0.121770396828651,0,0,0,0,0.339420649138364,0.318687930703163,0.451475108371061,0,0,0,0,0,0,0,0,0.098713385562102,0,0.241002990966211,0,0,0,0,0,0,0,0.326958533790376,0,0.303640551144077,0,0.407122717652606,0.341308571398258,0.512695750271952,0,0.358295075256716,0.303393065929413,0.333042515175683,0.340222612023354,0.328602356791851,0,0,0,0,0,0.309742391109467,0,0.351917743047267,0,0,0,0,0.323525153417987,0,0,0,0.206189453601837,0,0.239399448037148,0,0.332750620210872,0,0,0,0,0,0.390244513750076,0,0.300865098854506,0,0.302925121290418,0,0.354117765238411,0.468872159719467,0.381371489087227,0.44957386141531,0.336051046848297
0.399874180555344,0,0.32490387186408,0.301513224840164,0.289257382524425,0,0,0,0,0,0,0,0,0,0,0,0.380002809422357,0.345259855190913,0.381601959466934,0,0.426112023683695,0,0,0,0,0,0,0,0,0,0.335582870457854,0,0,0,0,0,0.301113683730364,0,0.128548673408873,0,0.328253602308612,0.320212624967098,0.404208896491263,0,0.436537648502149,0.299309730529785,0.385887032187225,0.389555990695953,0.269379471407996,0.363969832658768,0.33095794916153,0,0,0,0,0,0.370174751641615,0,0,0,0,0,0,0.348832648416615,0,0,0,0,0,0,0,0.428394776816661,0,0,0,0,0,0,0.367931663990021,0.330763692205602,0,0.312643172357564,0.422127834480742,0.37485608458519,0.441765866235259,0.313099414110184,0.451209496163033
0,0,0,0,0,0,0,0,0,0,0,0,0,0,0,0,0,0,0,0,0,0,0,0,0,0,0,0,0,0,0,0.326799101752965,0.231327989183399,0.334239581227303,0.165605244891984,0.293790148532213,0,0,0,0,0,0,0,0,0,0,0,0.463186319425859,0,0,0,0,0,0,0,0,0,0,0,0,0,0,0,0,0,0,0,0,0,0,0,0,0,0,0,0.322767704529198,0.383330540030034,0,0.361351428518581,0.297213186956432,0,0,0.282664342497146,0,0,0,0
0,0,0,0,0,0,0,0,0,0,0,0,0,0,0,0,0,0,0,0,0,0,0,0,0,0,0,0,0,0,0,0.315689312989142,0.353135088392687,0,0.407257437705994,0,0.318076645786112,0,0,0,0,0,0,0,0,0,0,0.465208503209547,0.435852727010137,0,0,0,0,0,0,0,0,0,0,0,0,0,0,0,0,0,0,0,0,0,0,0,0,0,0.322767704529198,0,0,0.386246063207325,0,0.311325989396144,0,0,0.256332047697571,0,0,0,0
0,0,0,0.341546654701233,0,0,0,0,0,0.320581287145615,0,0,0,0,0,0,0,0,0,0,0,0,0,0.319791346788406,0,0,0,0,0,0,0,0.382760201306904,0.187631053583963,0.31080285133794,0.21750597191341,0.270444848255752,0,0.26274162644552,0,0,0,0.457133442163467,0.448907482624054,0,0,0.309935927391052,0,0.384101831075233,0.449270360744916,0.351261902423132,0,0,0,0,0,0,0,0,0,0,0,0,0.320925831794739,0,0,0,0.317344715197881,0,0,0,0,0,0.390244513750076,0,0.383330540030034,0,0,0.23374901499067,0.289426202859197,0,0.32663652046114,0,0.324380074342092,0,0.416723986466726,0,0
0,0,0,0,0,0,0,0,0,0,0,0,0,0,0,0,0,0,0,0,0,0,0,0,0,0,0,0,0,0,0,0,0.389555376309615,0.18418307185173,0.312225648829921,0,0.36255803975192,0,0,0,0,0,0.455092050135136,0,0,0,0,0.473136640790184,0.423191660808192,0,0,0,0,0,0,0,0,0,0,0,0,0,0,0,0,0,0,0,0,0,0,0,0,0,0,0.386246063207325,0.23374901499067,0,0,0.283052896095228,0,0.252652226358044,0.273955855766932,0,0.485564418137074,0,0
0.403724610805511,0,0,0.294648772535416,0,0.220617425739765,0,0,0.33336566388607,0,0,0,0,0,0,0,0.354269799861041,0.340016532882687,0.354557541570019,0.208822504525453,0.362052202224731,0,0,0,0,0,0.273751318454742,0,0,0,0.361853450536728,0.292312150542763,0,0.254488368119512,0,0.247972320561431,0,0.244183427634938,0.315077736973763,0.292017342553276,0.304075013245306,0.353585605416425,0.311203618091766,0.496706585992466,0.339249973495801,0.292166690230848,0.360951466451992,0.495413813458649,0.254165448379098,0.28272068141278,0,0,0,0,0,0,0.290647819638252,0.282686556302584,0,0,0,0,0.278853251572644,0.357130100329717,0,0,0,0,0,0,0,0,0.300865098854506,0.367931663990021,0.361351428518581,0,0.289426202859197,0,0,0.348249212783926,0.23208905284646,0.39433579146862,0.343720527001672,0.357013642787933,0.349644953529454,0.470153223963405,0.341727729724801
