0,0.000239492294678081,0.0243612910131984,0,0,0,0,0,0.0348070102765368,2.12942344416018e-05,0,0,0,0,0,0,8.09568682535536e-06,7.20797013444631e-06,0.00191179974090801,0,0,0,0,0,0,0,0,0,0,0,0,0,0,3.56055378349979e-05,0,0,0,3.44240144692522e-06,0,0,0.000727084846390671,0,0.00713673470036128,0,0,0,0.00375184054361708,4.48941762478522e-05,0.0170982545341688,0.000133760777389835,0,0,0,0,0.0574989234452817,0,0,0,0,0,0.00308770056035236,0,0,0.000988844812520357,0,0,0,0.00217314481244304,0,0,0,0,0,0,0,0,0,0,0,0.000466102111910099,6.32394086428885e-06,1.45126051781868e-05,0.000619060149153566,0,0.00527162660623821,0,0
0.000239492294678081,0,0,0.0169404079261679,0,5.67518877612944e-05,0,0,0,0.025999103425272,0,0,0,0,0,0,0,0,0.00148055077981661,0,0,0,0,0,0,0,0,0,0,0,0,0,0,0,0,0,0,2.22931289445218e-06,0,0.00108551425228312,0,0.0116126957421086,0.00021182305111189,0,0,0.000824876667289819,0,6.683090298517e-05,0.000688632541104911,0.0125956452387182,0,0,0,0,0,0.0594794634645948,0,0.00021230486281955,0,0.000160735655359904,0,0.00989714773980996,3.01362450451279e-05,0,0,0,0.00689545048171276,0,0,0,0,0,3.26837780937673e-05,0,0,0,0,0,0.000616376209023492,0,2.11277628292412e-05,9.39983041322422e-06,0.000900221420124109,0,0.00886002589749685,0,0
0.0243612910131984,0,0,0,0.0151184319710056,0,0,0,0.00405367970663482,0,0,0,0,0,0,0,6.98781331628451e-06,0,1.82689095404667e-05,0,0,0,0,0,0,0,0,0,0,0,0,0,0,0,0,0,2.32349915123757e-05,0,0,0,0.000555101307351547,0,0.00156473308128569,0,0,0,0.000572444458087762,0.000139409441885718,0.00367129681832725,0,0.0095133442890979,0,0,0,0.0915093833518484,0,0.00267708731877502,0,0.0158384125843571,0,0.00199582485232138,0,0,0.000310152134189038,0,0,0,0,0,0,0,0,0,0,0,0,0,0,0,2.52128919040055e-05,0,0,0.000648569268073538,0,0.00964683945833941,0,0.000523583510229995
0,0.0169404079261679,0,0,0,0.0175582861901888,0,0,0,0.0200864133779991,0,0,0,0,0,0,2.77966254816651e-06,0,2.96111504268849e-05,0.00102874431765402,0,0,0,0,0,0,0,0,0,0,0,0,0,0,0,0.000144919545048325,1.4977689842696e-06,0,0,0.00238444204733476,0,0.00115056734960597,7.28320465182149e-05,0,0,0.00015556991416583,0,0.00028605221821206,5.18948949277328e-05,0.00410460750087268,0,0.0128246983357361,0,0,0,0.136152896408562,0,0.00202497177568181,0,0.00951032765936608,0,0.0248190475580276,2.72897282595592e-05,0,0,0,0,0,0,0,0,0,0.000618543951268658,0,0,0,0,0,0.000370518433770761,0,7.93658111509962e-05,0,0.000664472300707637,0,0.010874132829915,0,0
0,0,0.0151184319710056,0,0,0,0,0,0.0229653186535998,0,0,0,0.000382237017032123,0,0,0,0,0,0,0,0.00595864871179389,0,0,0,0,0,0,0,0,0,0,0,0,0,0,0,2.46564626162709e-05,0,0,0,0,0,4.27820042952522e-05,0,0,0,0,0,0,0,0.0284205392980541,0,0,0,0.00610895035063624,0,0,0,0,0,0.0111904600287827,0,0,0,0,0,0,0,0,0,0,0,0,0,0,0,0,0,0,3.18797892771415e-06,0,0,0.000721403007630406,1.19716301891742e-05,0.00509670463891634,0,0
0,5.67518877612944e-05,0,0.0175582861901888,0,0,0,0,0,0.0132669892362526,0,0,0,0,0,0.00191759400429502,0,0,0,0.0113679409842359,0,0,0,0,0,0,0,0,0,0,0,0,0,0,0,0.000225813517004088,1.90404542365152e-06,0,0,0.000187002808521609,0,0.000239118993142975,0,0,0,7.23419827340002e-05,0,1.38498753058493e-05,0,0.000335274342027125,0,0.00797643412796009,0,0,0,0.00123947344353401,0,0,0,0,0,0.00118600671210546,0.00114482292998112,0,0,0,0,0,0,0,0,0,0,0,0,0,0,0,0.00049682786446388,0,0,0,0.00128728526357684,9.77742646891643e-06,0.00178513285755214,0,0
0,0,0,0,0,0,0,0,0,0,0,0,0,0,0,0,0,0,0,0,0,0,0,0,0,0,0,0,0,0,0,0,0,0,0,0,0,0,0,0,0,0,0,0,0,0,0,0,0,0,0,0,0.0136768125187647,0,0,0,0.00262002134587276,0,0.0131458695406466,0,0,0,0,0,0,0,0,0,0,0,0,0,0,0,0,0,0,0,0,0,0,0,0,0,0,0,0
0,0,0,0,0,0,0,0,0,0,0,0.00600600137430692,0,0.00180242505239866,0,0,0,0,0,0,0,0,0,0,0,0,0,0,0,0,0,0,0,0,0,0,0,0,0,0,0,0,0,0,0,0,0,0,0,0,0,0.000156592548592016,0,0,0,0,0,0.00248471668757755,0,0,0,0,0,0,0,0,0,0,0,0,0,0,0,0,0,0,0,0,0,0,0,0,2.70671019196299e-05,0,0,0,0
0.0348070102765368,0,0.00405367970663482,0,0.0229653186535998,0,0,0,0,0,0,0,0,0,0.0550429816966915,0,0.00074997823420111,0,0.00038738147215415,0,0,0,0,0,9.32341666751808e-05,0,0,0,0,0,0,0,0,0,0,0,0,0,0.00144083006732216,0,6.5111863108628e-05,0,0.00412369231299634,0,0,0,0,0,0.000639095707610968,0,0.0292771521938547,0,0,0,0.0480283593681301,0,0,0,0,0,0.0152820890117818,0,0,0,0,0,0,0.000936629792082777,0,0,0,0,0,0,0,0,0,0,0,0,1.74000054638547e-06,0.000534136458858462,0.0106204701189534,4.97265063860397e-05,0.00364708163511982,0,0.000800451341367043
2.12942344416018e-05,0.025999103425272,0,0.0200864133779991,0,0.0132669892362526,0,0,0,0,0,0,0,0,0,0.0462079074556563,5.9317975105256e-05,0.00154938563164312,0.000529558338166554,0,0,0,0,0.0021668787668927,0,0.000226850826364725,0,0,0,0,0,0,0,0,0,0,0,0.00279918398600255,0,5.72527285705277e-05,0,0.00154189609766972,0,0,0,3.652854977991e-05,0,0,9.05596722325543e-06,0.00472248506173688,0,0.00215280858498098,0,0,0,0.0799822417867957,0,2.75344180847379e-05,0,0,0,0.00729791640294435,0,0,0,0,0.00216166562977757,0,0,0,0,0,3.28751723227905e-05,0,0,0,0,0,1.04346386901508e-05,0,0.000693344156955285,0,0.00379104112484889,0,0.00454234038856347,0,0
0,0,0,0,0,0,0,0,0,0,0,0,0.0277974309570497,0,0,0,0,0,0,0,0.0269610766142744,0,0,0,0,0,0,0,0.00164413086538269,0,0,0,0,0,0,0,0.00554790242719219,0,0.0104986615740004,0,0,0,0,0,0,0,0,0,0,0,0,0,0,0,0,0,0.0778019341204694,0,0.0091034498707024,0,0,0,0,0.00134986625186578,0,0,0,0,0,0,0,0,0,0.00351195545602245,0,0,0,0,0,0.00172064293460661,0,0.00189012770681774,0.00175561114397758,0.00141099481623289,0,0,0
0,0,0,0,0,0,0,0.00600600137430692,0,0,0,0,0,0.0260212461316383,0,0,0,0,0,0.0566811392221191,0,0,0,0,0,0,0,0.00264878253587873,0,0.0172996802426244,0,0,0,0,0,0.0102549353261072,0,0.0269634692466809,0,0,0,0,0,0,0,0,0,0,0,0,0,0,0,0.0042916023278471,0,0,0,0.104753545810603,0,0.00449637452839666,0,0,0.0603785412044902,0,0,0,0,0,0,0,0,0,0.0025504019029906,0,0,0,0,0,0.00247003548092339,0,0.010308723566912,0,0.00356037381105603,7.01206013813122e-06,0.000131632190988064,0,0
0,0,0,0,0.000382237017032123,0,0,0,0,0,0.0277974309570497,0,0,0,0.036809743433404,0,0,0,0,0,0,0,0,0,0,0,0.000183726825342871,0,0.00307689530696113,0,0,0,0,0,0,0,0,0,0,0,0,0,0,0,0,0,0,0,0,0,0.000531530295860276,0,0,0,0,0,0.0115003112101392,0,0.0469815546165888,0,0.00179396612109427,0,0,0,0,0,0,0,0,0,0,0,0,0,0,0,0,0,0,0,0,0,0.00229440036012454,0.00296419825848838,0,0,0
0,0,0,0,0,0,0,0.00180242505239866,0,0,0,0.0260212461316383,0,0,0,0.0139128013342287,0,0,0,0,0,0,0,0,0,0,0,0.00124264501061841,0,0,0,0,0,0,0,0,0,0,0,0,0,0,0,0,0,0,0,0,0,0,0,0,0,0,0,0,0,0.0184782671876777,0,0.0347550087413819,0,0.0389221493791842,0,0,0,0,0,0,0,0,0,0,0,0,0,0,0,0,0,0,0,0,0.00058115595004808,0.000684472568755149,0,0,0
0,0,0,0,0,0,0,0,0.0550429816966915,0,0,0,0.036809743433404,0,0,0,8.7572076147254e-05,0,0,0,0,0,0,0,0,0,0,0,0,0,0,0,0,0,0,0,0,0,0,0,0,0,0,0,0,0,0,0,0,0,0.000207492805114704,0,0,0,0,0,0,0,0.0302587202448746,0,0.0239918546690556,0,0,0,0,0,0,0,0,0,0,0,0,0,0,0,0,0,0,0,0,0,0.00109943345670068,0.000207356987360738,0,0,0
0,0,0,0,0,0.00191759400429502,0,0,0,0.0462079074556563,0,0,0,0.0139128013342287,0,0,0,0.000618697087377839,0,0,0,0,0,0,0,0,0,0,0,0,0,0,0,0,0,0,0,0,0,0,0,0,0,0,0,0,0,0,0,0,0,0.00255753573723169,0,0,0,0.00335597932471185,0,0,0,0.000117415233439073,0,0.0720793362738129,0,0,0,0,0,0,0,0,0,0,0,0,0,0,0,0,0,0,0,0,0.000348706919783247,0.00024017920057036,0,0,0
8.09568682535536e-06,0,6.98781331628451e-06,2.77966254816651e-06,0,0,0,0,0.00074997823420111,5.9317975105256e-05,0,0,0,0,8.7572076147254e-05,0,0,0.126880736902195,0.0628825370072845,0,0,0.00029795730234556,0.00433798538685047,0,0.00182321792791646,0.00116249510150313,0.020949082495893,0,0,0,0,0,0,0,0,0,9.65467494682646e-06,0,0,0.00112253098449921,0.000578141162691663,0.000617460487265102,0.00208998918485233,0,0,0.000272210959862537,0.000846341549039599,0,2.72116571709204e-06,3.87582416072844e-05,0,0,0,0,9.46594544908334e-05,0,0,0,0,0,0.000334379747647471,0,3.86385749498366e-05,0.00035532583158974,0,5.35159736176753e-05,0,7.23349478431843e-06,3.55746272718066e-05,0.0170357264241231,0,0,9.43066481793632e-06,0,0,0,0,0,0.000485593932447162,0.000418383717342254,0.000118320829225555,0.000153057569910481,0.0160431807361369,0.000596548787788278,0.0033505865880119,0,0.000119052030587974
7.20797013444631e-06,0,0,0,0,0,0,0,0,0.00154938563164312,0,0,0,0,0,0.000618697087377839,0.126880736902195,0,0.0473741728272293,0,0,0.00117455067715157,2.77471805809571e-06,0.000652438587216393,0.00041104609996009,0.0254760035652672,0.000330658152270087,8.14977330514167e-05,0,0,0,0,0,0,0,2.61019846678218e-06,1.27331840572794e-06,0,0,0.00214301402687889,0.000128730610277046,0.0014204775646238,0.000314474056019311,0,0,0.000378244157423513,0.000262528868451956,0,0,0.000102052078611949,0,4.10096372500539e-06,0,0,0,0.000328133819113526,0,0,0,0,7.28195787922264e-05,0.000325346875104065,3.7953064874138e-06,0.000110270489703155,5.84719526940728e-05,0,0.000113698653603504,0,0.0046516957296998,0.000659037310313871,0,0,4.894488292291e-05,0,0,0,0,0,0.00103983856600257,0.000140396781722236,0.000239692881926194,4.82924452587075e-05,0.0132933880141874,0.00223558271737718,0.00262034881508621,3.70889395295891e-05,2.59003821685556e-05
0.00191179974090801,0.00148055077981661,1.82689095404667e-05,2.96111504268849e-05,0,0,0,0,0.00038738147215415,0.000529558338166554,0,0,0,0,0,0,0.0628825370072845,0.0473741728272293,0,0,0,5.33591300532972e-05,1.82455504184843e-05,0,0.000253192035531072,0.000451188892023006,0.000320760910930507,0,0,0,0,0,0,0,0,4.11061293919333e-05,9.5786202202743e-05,0,0,0.0192280118715457,0.00770771168525134,0.0187295391983518,0.0232550759876799,0.000747899379433849,4.32391980309602e-05,0.00174556583231762,0.012571922435619,0,1.18014847781227e-05,0.000614304270881351,0,0,0,0,0.000222991937906954,0.000401668733737619,0,4.69151968733963e-05,0,1.13977613214306e-05,0,1.35627983245306e-05,0.000333471741376327,0.00443967766850411,0,0,0,0.000201063843226217,0.00019699966084166,0.000948137873246813,0,0,0.00101912423087517,0,0,0,0,0,0.00908520222631301,0.00506256667984525,0.00315793220985896,0.00130661373229633,0.012468190614368,0,0.0531012156370158,0.00179159475055691,0.00218018781884752
0,0,0,0.00102874431765402,0,0.0113679409842359,0,0,0,0,0,0.0566811392221191,0,0,0,0,0,0,0,0,0,0,0,0,0,0,0,0,0,0,0,0,0,0,0,0.0159763254342066,0,0.00433864586852517,0,0,0,0,0,0,0,3.43699334284298e-05,0,0,0,0,0,0.000264660530667326,0,0,0,0,0,3.37141545621302e-05,0,0,0,0,0.114934944273522,0,0,0,0,0,0,0,0,0,0,0,0,0,0,0,0.00474155991855599,0,0.00148695886764089,0,0.000849746454724517,0,0.00516858449880158,0,0
0,0,0,0,0.00595864871179389,0,0,0,0,0,0.0269610766142744,0,0,0,0,0,0,0,0,0,0,0,0,0,0,0,0,0,0,0,0,0,0,0,0,0,0.0266403805687759,0,0.0132920183137884,0,1.2381157747558e-05,0,0,0,0,0,0.000164258786128376,0,0,0,0.00618563743694839,0,0,0,0,0,0.0255010064059119,0,0,0,0,0,0,0.0372568801781584,0,0,0,0,0,0,0,0,0,0,0,0,0,0,0,0.00674632234313106,0,0.00344860419265717,0.00165143071801558,0,0.000952808148238223,0,0
0,0,0,0,0,0,0,0,0,0,0,0,0,0,0,0,0.00029795730234556,0.00117455067715157,5.33591300532972e-05,0,0,0,0.0195070513797624,0.000684357147370614,0,0.00094583716750367,0,0.00552696436837557,0,0,0,0,0,1.67569230900364e-05,0,0,0,0.00364306306279562,0.000943772936377101,0,0,0,9.10801388842131e-06,0,0,0,0,0.000133574653857053,3.42977426229669e-05,0.00436579136367124,0,0,0,0,0,0,0,0,0,0,0,0,0,0,0.0697753995386833,0.00122172370759276,0.00243962178244854,0,7.32511923779262e-05,0,0.000635961391466479,0,0,0,0,0,0,0,0,0,0.00523395578140247,0,0.0046540657490546,0.00020064775679559,0.000165916477780258,0,0
0,0,0,0,0,0,0,0,0,0,0,0,0,0,0,0,0.00433798538685047,2.77471805809571e-06,1.82455504184843e-05,0,0,0.0195070513797624,0,0,0.00153566990272331,0,0.00237566115843775,0,0.000182644099158233,0,0,0,0,0,0,0,0,0,0.00338621282398634,0,0,0,0,0,0,0,0,0,0.000465033653281671,2.70809491577536e-06,0,0,0,0,0,0,0,0,0,0,0,0,0,0,0.00170203199594982,0.0802920787277946,0,0.000284516455250241,0,0.000757233388807292,0,0.000539452531366926,0,0,0,0,0,0,0,0,0,0.00336778189896991,0.0040349501614782,6.26792057229651e-05,1.86984233829009e-06,0,0
0,0,0,0,0,0,0,0,0,0.0021668787668927,0,0,0,0,0,0,0,0.000652438587216393,0,0,0,0.000684357147370614,0,0,0,0.0243635002772002,0,0,0,0,0,0,0,0,0,0,0,0.0113711569598617,0,0,0,3.4648288413687e-05,0,0,0,0,0,0,0,0.00337006207463138,0,0,0,0,0,6.13589130336236e-05,0,0,0,0,0,0,0,0,0.000965626734444908,0,0.120433956436865,0,0.000702609760403809,0,0,0,0,0,0,0,0,0,0,0,0.00225440114624598,0,0.000899234250225835,0,0.000312814668295209,0,0
0,0,0,0,0,0,0,0,9.32341666751808e-05,0,0,0,0,0,0,0,0.00182321792791646,0.00041104609996009,0.000253192035531072,0,0,0,0.00153566990272331,0,0,0,0.0174570608768893,0,0,0,0,0,0,0,0,0,0,0,0.00482690032978706,3.2107803902208e-05,0,0,6.68583799520324e-06,0,0,0,0,0,0.00061886230735879,0,0,0,0,0,0,0,0,0,0,0,0,0,0,0,0,0.000167730752888709,0,0.0900640974997597,0,0.0125496749657425,0,0,0,0,0,0,0,0,0,0,0,0.000980003490066745,0.000103143256766606,0,0.000230509135322632,0,0
0,0,0,0,0,0,0,0,0,0.000226850826364725,0,0,0,0,0,0,0.00116249510150313,0.0254760035652672,0.000451188892023006,0,0,0.00094583716750367,0,0.0243635002772002,0,0,0,5.78932646728147e-05,0,0,0,0,0,0,0,0,0,0,0,0,0,0,0,0,0,0,0,0,0,0,0,0,0,0,0,0,0,0,0,0,0,0,0,0,0.00190160586305419,0,0.0109801149064665,0,0.00826027100701819,0,0,0,0,0,0,0,0,0,5.29165738831603e-06,2.54263299195761e-06,0,0,0.000437951704936584,0,0,0,0
0,0,0,0,0,0,0,0,0,0,0,0,0.000183726825342871,0,0,0,0.020949082495893,0.000330658152270087,0.000320760910930507,0,0,0,0.00237566115843775,0,0.0174570608768893,0,0,0,0.0214827080504501,0,0,0,0,0,0,0,0,0,0,0,0,0,0,0,0,0,0,0,0,0,0,0,0,0,0,0,0,0,0,0,0,0,0,0,0,0.00357778000759324,0,0.0140253877541596,0,0.0654979614526618,0,0.027056279611821,0,0,0,0,0,0,0,0,0,0,0.000789407655000906,0,4.28982706614405e-05,0,0
0,0,0,0,0,0,0,0,0,0,0,0.00264878253587873,0,0.00124264501061841,0,0,0,8.14977330514167e-05,0,0,0,0.00552696436837557,0,0,0,5.78932646728147e-05,0,0,0,0.00974883305630904,0,0,0,0,0,0,0,0,0,0,0,0,0,0,0,0,0,0,0,0,0,0,0,0,0,0,0,0.00472273004017117,0,0.0216570808826296,0,0,0,0,0.00292645491844048,0,0,0,0.00123399573991327,0,0.0639376107125413,0,0.0048498022963687,0,0,0,0,0,0,0,0.000156276837485015,0,0.000283538712902117,0.000147537639684767,0,0,0
0,0,0,0,0,0,0,0,0,0,0.00164413086538269,0,0.00307689530696113,0,0,0,0,0,0,0,0,0,0.000182644099158233,0,0,0,0.0214827080504501,0,0,0,0.0168191511630713,0,0,0,0,0,0,0,0.000343212953676132,0,0,0,0,0,0,0,0,0,0,0,0,0,0,0,0,0,0.00307751893890268,0,0.000217564364942279,0,0,0,0,0,0,0.000703895038610692,0,0,0,0.000879470234330669,0,0.0471182516595791,0,0.000490049550760804,0,0,0,0,0,0,0,0.00171491703274349,0.000490451272259383,0.000252347784809201,0,0,0
0,0,0,0,0,0,0,0,0,0,0,0.0172996802426244,0,0,0,0,0,0,0,0,0,0,0,0,0,0,0,0.00974883305630904,0,0,0,0,0,0,0,0,0,0.00664653807266555,0,0,0,0,0,0,0,0,0,0,0,0,0,0,0,0,0,0,0,0.0139286366146733,0,0,0,0,0,0,0,0,0,0,0,0,0.00404463477335726,0,0.0957617230080162,0,0,0,0,0,0,0,0.00314924249603672,0,0.000236520268407504,0,0,0,0
0,0,0,0,0,0,0,0,0,0,0,0,0,0,0,0,0,0,0,0,0,0,0,0,0,0,0,0,0.0168191511630713,0,0,0,0,0,0,0,0,0,0.0017946612386602,0,0,0,0,0,0,0,0,0,0,0,0,0,0,0,0,0,0.00535149149684312,0,0,0,0,0,0,0,0,0,0,0,0,0,0,0.00265760636628399,0,0.0586036426305322,0,0,0,0,0,0,0,0.00123604313043722,0.00128546672792727,0.000401342913291105,0,0,0
0,0,0,0,0,0,0,0,0,0,0,0,0,0,0,0,0,0,0,0,0,0,0,0,0,0,0,0,0,0,0,0,0.035023667417973,0.00815673475168827,0.00262735164738968,0.00767121054860666,0,0,0,0,0,0,0,0,0,0,0,0.0168489981500851,9.67338236644882e-05,7.43369416597535e-05,0,0,0,0,0,0,0,0,0,0,0,0,0,0,0,0,0,0,0,0,0,0,0,0,0.060021959689915,0.0345704466013055,0.000841519239873723,0.00157461733627548,0.00326755017490818,1.97371347807876e-05,0,0,0.000985052199192354,0,0,0,0
0,0,0,0,0,0,0,0,0,0,0,0,0,0,0,0,0,0,0,0,0,0,0,0,0,0,0,0,0,0,0,0.035023667417973,0,0.00210697415164844,0.0100761472710462,0,0.00296981719564392,0,0,0,0,0,0,0,0,0,0,0.0790348478728725,0.000145821556102929,0,0,0,0,0,0,0,0,0,0,0,0,0,0,0,0,0,0,0,0,0,0,0,0,0,0.0114336698030485,0.0717414289097836,0.000785319412954046,0.00796087730004682,0,0.000710764495039874,0,0,0.000246242637319241,0,0,0,0
3.56055378349979e-05,0,0,0,0,0,0,0,0,0,0,0,0,0,0,0,0,0,0,0,0,1.67569230900364e-05,0,0,0,0,0,0,0,0,0,0.00815673475168827,0.00210697415164844,0,0.216596832488604,0.00587890305210249,0,0.00442614532802914,0.000551407387297145,0,0,1.17316733513771e-05,0,0,0,0,0,0.211634570099079,0.00217184312828956,0.00135635326660876,0,0,0,0,0,0,0,0,0,0,0,0,0,0,0,0,0,0,0,0,0,0,0,0,0.00984485127798485,0,0.168087087695405,0.137266912756757,0.0017583806708225,0,0.00611631615446834,0.00225795286728504,0.00166048606560396,0.000178935429527979,1.67213737019851e-05,0,0
0,0,0,0,0,0,0,0,0,0,0,0,0,0,0,0,0,0,0,0,0,0,0,0,0,0,0,0,0,0,0,0.00262735164738968,0.0100761472710462,0.216596832488604,0,0,0.0113862325534354,0.000998123282415764,0.000862090314782965,0,0,0,0,0,0,0,0,0.193499297642904,0.00153079326535079,0.000193196836592059,0,0,0,0,0,0,0,0,0,0,0,0,0,0,0,0,0,0,0,0,0,0,0,0,0.00170957832277853,0.00434143052767215,0.0704285365505918,0.213969102022293,1.33734871339093e-05,0.00956952029471568,6.96520135164309e-06,0.00214819229037158,0.000321367983054395,0,2.11137212000917e-05,0,0
0,0,0,0.000144919545048325,0,0.000225813517004088,0,0,0,0,0,0.0102549353261072,0,0,0,0,0,2.61019846678218e-06,4.11061293919333e-05,0.0159763254342066,0,0,0,0,0,0,0,0,0,0,0,0.00767121054860666,0,0.00587890305210249,0,0,0.000767323172798963,0.0118281191300587,0,4.28818210811749e-05,0,2.56856469155358e-05,0,0,0,0.000948888265071239,0,0.000111187469025937,0.000106948228063777,0.000345920111347016,0,8.98479614470736e-05,0,0,0,0,0,0.000317607160853669,0,5.39297570252502e-05,0,2.6097076945879e-05,0.00812153059785128,0,0,0,0,0,0,0,0,0,1.86228954273121e-06,0,0.00551937757818635,0,0.00364508335881794,0,0.0763919591845649,0.000758884191729469,0.00100411302418871,0,0.00371103172298929,0,0.000981670294339385,0,0
0,0,2.32349915123757e-05,1.4977689842696e-06,2.46564626162709e-05,1.90404542365152e-06,0,0,0,0,0.00554790242719219,0,0,0,0,0,9.65467494682646e-06,1.27331840572794e-06,9.5786202202743e-05,0,0.0266403805687759,0,0,0,0,0,0,0,0,0,0,0,0.00296981719564392,0,0.0113862325534354,0.000767323172798963,0,0,0.020076651575771,2.18720644280735e-06,0.000607803041297405,0,8.01441379402765e-05,0,0,0,0.000475340710858808,6.66403833438738e-05,0.000334497605595496,6.45970512428478e-06,0,0,0,0,0,0,0.00438858579578467,0,0,0,0,0,0,0.00384886203623417,0,0,0,0,0,0,0,0,1.4021224984589e-06,0,0,0.00134163498244863,0,0.0043304785398349,0.000173106369977745,0.0775438891754728,0,0.00120505150940911,0.00452123764677964,0,0.00265159732016168,0,0
3.44240144692522e-06,2.22931289445218e-06,0,0,0,0,0,0,0,0.00279918398600255,0,0.0269634692466809,0,0,0,0,0,0,0,0.00433864586852517,0,0.00364306306279562,0,0.0113711569598617,0,0,0,0,0,0.00664653807266555,0,0,0,0.00442614532802914,0.000998123282415764,0.0118281191300587,0,0,0.00807356519445657,0,0,0.000121780958774401,2.00544565761315e-05,0,0,0,0,0.00118442151226845,0.00017808704247899,0.00205708085755177,0,0,0,0,0,0.000787542581332885,0,0.00657714824602918,0,0,0,0,0.000331763155475593,0,0.00113789253763419,0,0.00582308140255485,0,0,0,0.00024136480918558,0,0.00140702936467546,0,0,0,0.00130039991725046,5.95835597148571e-06,0.00459724708514106,0,0.103957098964153,0.00133788661543336,0.00580208345215857,0.000311974656651102,0.00132674480466281,0,0
0,0,0,0,0,0,0,0,0.00144083006732216,0,0.0104986615740004,0,0,0,0,0,0,0,0,0,0.0132920183137884,0.000943772936377101,0.00338621282398634,0,0.00482690032978706,0,0,0,0.000343212953676132,0,0.0017946612386602,0,0,0.000551407387297145,0.000862090314782965,0,0.020076651575771,0.00807356519445657,0,0,0,5.08243795126762e-06,0.000336623874810735,0,0,0,4.02813139079541e-05,0.000191420876539538,0.00820142221027758,3.43645406657825e-05,0,0,0,0,0.00105413917182353,0,0.00313265405669762,0,0,0,0,0,0,0.000934129477512642,7.76075747966145e-05,0.00223146457194473,0,0.00129662215848206,0,0,0,0,0,0.00019670443587718,0,0,0.000458021008190912,0.000928310248550923,0,0.00534683603158688,0.000261837565123633,0.116155659009967,0.00639090648715283,0.000383413507772806,0.00227003350558705,0,0
0,0.00108551425228312,0,0.00238444204733476,0,0.000187002808521609,0,0,0,5.72527285705277e-05,0,0,0,0,0,0,0.00112253098449921,0.00214301402687889,0.0192280118715457,0,0,0,0,0,3.2107803902208e-05,0,0,0,0,0,0,0,0,0,0,4.28818210811749e-05,2.18720644280735e-06,0,0,0,9.3525700731417e-06,0.0293540462362926,0.000307331565830004,0.0013226900801449,0,0.00775177413305794,0.00011125299163151,9.24107547344523e-05,7.30118432014544e-05,0.0157557395336276,0,0.000859110861952691,0,0,0,0.000635805880466531,0,0.00022141401812047,0,0.000235160447190432,0,0.000800579132067887,0.00927846818739637,4.79513570636114e-05,0,0,0,0,0,0,6.55328757902008e-06,0,0.000895556689499979,0,0,0,0,0,0.00614597290738649,1.58971957495182e-05,0.00221326617232434,8.80131359891725e-06,0.00120145314873714,0,0.0472402437268361,0.00437519944456246,0
0.000727084846390671,0,0.000555101307351547,0,0,0,0,0,6.5111863108628e-05,0,0,0,0,0,0,0,0.000578141162691663,0.000128730610277046,0.00770771168525134,0,1.2381157747558e-05,0,0,0,0,0,0,0,0,0,0,0,0,0,0,0,0.000607803041297405,0,0,9.3525700731417e-06,0,6.03893212970121e-06,0.0115654506297057,0,0,1.45867720460942e-05,0.0276956888010609,0.000137472367294259,0.00772682634744404,0,0,0,0,0,0.000146176136635738,0,0,0,0,0,0,0,0,0.027011996933459,0,0,0,0,0,0,0,0,0,0.000582600589469841,0,0,0,0,8.81246477128089e-06,0.0069266594646163,0,0.002883089003136,0.000484160589597512,0,0.044622919178394,0,0.00161692137410179
0,0.0116126957421086,0,0.00115056734960597,0,0.000239118993142975,0,0,0,0.00154189609766972,0,0,0,0,0,0,0.000617460487265102,0.0014204775646238,0.0187295391983518,0,0,0,0,3.4648288413687e-05,0,0,0,0,0,0,0,0,0,1.17316733513771e-05,0,2.56856469155358e-05,0,0.000121780958774401,5.08243795126762e-06,0.0293540462362926,6.03893212970121e-06,0,0.00969166210513593,0.000745724136393298,0,0.00117198011320601,0,0.000708567176015267,0.000421917373650499,0.00711134030334771,0,0.000387533498478703,0,0,0,0.000425821632436094,0,0.00199944073336594,0,5.90095367166907e-05,0,0.000253104758615106,0.00177573354967307,0,0,0,2.32691731247027e-05,0,0,0,0.000113286110216316,0,0.00555840771206391,0,0,0,0,0,0.00244005394809578,2.18304710974443e-05,0.00492066698717486,1.47485943454036e-05,0.00314575992544645,0,0.0929162278747022,0.0365683810568211,0
0.00713673470036128,0.00021182305111189,0.00156473308128569,7.28320465182149e-05,4.27820042952522e-05,0,0,0,0.00412369231299634,0,0,0,0,0,0,0,0.00208998918485233,0.000314474056019311,0.0232550759876799,0,0,9.10801388842131e-06,0,0,6.68583799520324e-06,0,0,0,0,0,0,0,0,0,0,0,8.01441379402765e-05,2.00544565761315e-05,0.000336623874810735,0.000307331565830004,0.0115654506297057,0.00969166210513593,0,3.15886693647155e-05,9.42073113414458e-05,5.37980374768859e-05,0.0181135555722599,0.00060088628465532,0.00658302320425802,0.000887750647418998,4.24985573568622e-05,0,0,0,0.00116313440524745,0,0.000542189811018131,2.61743573621784e-05,0,0,0,0,0,0.00449808047462877,0,0,0,0,0,0,0,0,3.14762710249651e-05,4.65119905111305e-05,0,0,2.32852387425177e-05,0,0.000114297892375258,0.00213924723640017,0.000133528407742643,0.00165673482687171,0.00484147664970767,0,0.102977702124694,3.44876207974097e-05,0.048032602056593
0,0,0,0,0,0,0,0,0,0,0,0,0,0,0,0,0,0,0.000747899379433849,0,0,0,0,0,0,0,0,0,0,0,0,0,0,0,0,0,0,0,0,0.0013226900801449,0,0.000745724136393298,3.15886693647155e-05,0,0,0,0,0,0,6.42385945833976e-05,0,0,0,0,0,0,0,0,0,0,0,0,0,0,0,0,0,0,0,0,7.24967786544452e-05,0,0.000295638685883018,0,0,0,0,0,8.49802609558988e-05,0,7.81079066651738e-05,0,2.07454207510351e-05,0,0.000615488846131256,0,0
0,0,0,0,0,0,0,0,0,0,0,0,0,0,0,0,0,0,4.32391980309602e-05,0,0,0,0,0,0,0,0,0,0,0,0,0,0,0,0,0,0,0,0,0,0,0,9.42073113414458e-05,0,0,0,0,0,0,0,0,0,0,0,0,0,0,0,0,0,0,0,0,0.000212945884970204,0,0,0,0,0,0,0,0,0,0,0,0,0,0,0,0,0,0,2.24752316529694e-05,0,0.000190647398956657,0,0
0,0.000824876667289819,0,0.00015556991416583,0,7.23419827340002e-05,0,0,0,3.652854977991e-05,0,0,0,0,0,0,0.000272210959862537,0.000378244157423513,0.00174556583231762,3.43699334284298e-05,0,0,0,0,0,0,0,0,0,0,0,0,0,0,0,0.000948888265071239,0,0,0,0.00775177413305794,1.45867720460942e-05,0.00117198011320601,5.37980374768859e-05,0,0,0,0,7.15016094678632e-05,7.33585166466042e-05,0.000946518447774115,0,1.45009607442125e-05,0,0,0,0.000191616361649915,0,0.00011316352419412,0,2.07579582649262e-05,0,0.000130900457287209,0.0287247033188349,0,0,0,0,0,0,0,0,0,0.00027697369209872,0,0,0,0,0,0.00546539247125292,1.01873865626206e-05,0.00229524980590926,0,0.000398656619090253,0,0.0202806194806408,0.000139215072684456,0
0.00375184054361708,0,0.000572444458087762,0,0,0,0,0,0,0,0,0,0,0,0,0,0.000846341549039599,0.000262528868451956,0.012571922435619,0,0.000164258786128376,0,0,0,0,0,0,0,0,0,0,0,0,0,0,0,0.000475340710858808,0,4.02813139079541e-05,0.00011125299163151,0.0276956888010609,0,0.0181135555722599,0,0,0,0,4.14893722376798e-05,0.000958205155428486,4.4364393517253e-06,0,0,0,0,0.00030653192654484,0,0,0,1.98648561014613e-05,0,0,0,0,0.0511982902356987,0,0,0,0,0,0,0,0,0,0,0,0,0,0,1.78582990453858e-05,0.00763723979609067,0,0.00129182789060894,0.00126600524065493,0,0.0314153186371773,0,0.000311649824920343
4.48941762478522e-05,6.683090298517e-05,0.000139409441885718,0.00028605221821206,0,1.38498753058493e-05,0,0,0,0,0,0,0,0,0,0,0,0,0,0,0,0.000133574653857053,0,0,0,0,0,0,0,0,0,0.0168489981500851,0.0790348478728725,0.211634570099079,0.193499297642904,0.000111187469025937,6.66403833438738e-05,0.00118442151226845,0.000191420876539538,9.24107547344523e-05,0.000137472367294259,0.000708567176015267,0.00060088628465532,0,0,7.15016094678632e-05,4.14893722376798e-05,0,0.0945915010837267,0.0375463314834776,0,7.25773182084994e-05,0,0,1.78877100284186e-05,0,0,4.75291364696121e-06,0,2.74934426963969e-05,0,1.14464720547595e-05,0,0,0,0,0,0,0,0,0,0,8.49432979846548e-05,0,0.197438709996172,0.059006397787578,0.0658811925377603,0.0394103391186281,0.0014200363834012,0.00319872215919048,0.00283908363066274,0.000143853821858827,0.00265135894816717,0,0.00567644063780166,0,0
0.0170982545341688,0.000688632541104911,0.00367129681832725,5.18948949277328e-05,0,0,0,0,0.000639095707610968,9.05596722325543e-06,0,0,0,0,0,0,2.72116571709204e-06,0,1.18014847781227e-05,0,0,3.42977426229669e-05,0.000465033653281671,0,0.00061886230735879,0,0,0,0,0,0,9.67338236644882e-05,0.000145821556102929,0.00217184312828956,0.00153079326535079,0.000106948228063777,0.000334497605595496,0.00017808704247899,0.00820142221027758,7.30118432014544e-05,0.00772682634744404,0.000421917373650499,0.00658302320425802,0,0,7.33585166466042e-05,0.000958205155428486,0.0945915010837267,0,0.0139947385330181,2.49264156219758e-05,7.54422972349582e-06,0,0,0.00416202333983473,0,0.00201464280815953,4.25055062397097e-06,0.00083069819403997,8.47647538025289e-06,0.00176048538660927,1.10114041765753e-05,0,0.00027633233459907,3.54240515629351e-06,0.00402948387161187,0,0.00381979367385337,0,0.0026125097458233,0,0.0058276769097444,1.30631464299378e-05,0,0.00130854791999112,0.000625487855943265,0.00192683574993122,0,6.04471289825203e-05,0.00291820390953507,0.000741506864957903,0.00956570527274387,0.00323358139137291,0,0.0176259580536043,9.55427073383194e-05,0.000336786084985805
0.000133760777389835,0.0125956452387182,0,0.00410460750087268,0,0.000335274342027125,0,0,0,0.00472248506173688,0,0,0,0,0,0,3.87582416072844e-05,0.000102052078611949,0.000614304270881351,0,0,0.00436579136367124,2.70809491577536e-06,0.00337006207463138,0,0,0,0,0,0,0,7.43369416597535e-05,0,0.00135635326660876,0.000193196836592059,0.000345920111347016,6.45970512428478e-06,0.00205708085755177,3.43645406657825e-05,0.0157557395336276,0,0.00711134030334771,0.000887750647418998,6.42385945833976e-05,0,0.000946518447774115,4.4364393517253e-06,0.0375463314834776,0.0139947385330181,0,0,0.000605394346005397,0,0,0,0.00920769278246775,0,0.00472706779563012,0,0.00126281838153312,0,0.000972105716625614,8.56625337892952e-05,9.91655102075854e-06,0.0017904952840215,4.83630479880971e-06,0.00903218039399957,0,8.80474998674733e-05,0,0.00830061767658351,0,0.00144763049632299,0,0.0010203307174263,0,0.00229866054576954,0,0.000775873431010594,3.01284980334257e-05,0.00644611762971417,6.39424268801121e-05,0.00308629261032843,0,0.0225064104017889,0.000633355139281169,1.31824384631791e-05
0,0,0.0095133442890979,0,0.0284205392980541,0,0,0,0.0292771521938547,0,0,0,0.000531530295860276,0,0.000207492805114704,0,0,0,0,0,0.00618563743694839,0,0,0,0,0,0,0,0,0,0,0,0,0,0,0,0,0,0,0,0,0,4.24985573568622e-05,0,0,0,0,0,2.49264156219758e-05,0,0,0,0,0,0.00198663726099723,0,0,0,0.00020989959606144,0,0.000285240024316812,0,0,0.000147628301526861,0,0,0,0,0,0,0,0,0,0,0,0,0,0,0,0,0,0,0.000312518478464253,0,0.00206652655735207,0,0
0,0,0,0.0128246983357361,0,0.00797643412796009,0,0.000156592548592016,0,0.00215280858498098,0,0,0,0,0,0.00255753573723169,0,4.10096372500539e-06,0,0.000264660530667326,0,0,0,0,0,0,0,0,0,0,0,0,0,0,0,8.98479614470736e-05,0,0,0,0.000859110861952691,0,0.000387533498478703,0,0,0,1.45009607442125e-05,0,7.25773182084994e-05,7.54422972349582e-06,0.000605394346005397,0,0,0,0,0,0,0,0.000124350548967021,0,0.000978445139728162,0,0.0205611430987903,0,0,0,0,0,0,0,0,1.41396618498199e-05,0,0.00010228889420943,0,0,0,0,0,9.60190709131536e-05,9.58131394959651e-07,1.54569945673099e-05,0,7.53346080074235e-05,0,0.00139850208541988,0,0
0,0,0,0,0,0,0.0136768125187647,0,0,0,0,0,0,0,0,0,0,0,0,0,0,0,0,0,0,0,0,0,0,0,0,0,0,0,0,0,0,0,0,0,0,0,0,0,0,0,0,0,0,0,0,0,0,0,0,0,0,0,0,0,0,0,0,0,0,0,0,0,0,0,0,0,0,0,0,0,0,0,0,0,0,0,1.31253131513721e-05,0,0,0,0
0,0,0,0,0,0,0,0,0,0,0,0.0042916023278471,0,0,0,0,0,0,0,0,0,0,0,0,0,0,0,0,0,0,0,0,0,0,0,0,0,0,0,0,0,0,0,0,0,0,0,0,0,0,0,0,0,0,0,0,0,0.000682293196125884,0,0,0,0,0,0,0,0,0,0,0,0,0,0,0,0,0,0,0,0,0,0,0,0,0,0,0,0,0
0.0574989234452817,0,0.0915093833518484,0,0.00610895035063624,0,0,0,0.0480283593681301,0,0,0,0,0,0,0,9.46594544908334e-05,0,0.000222991937906954,0,0,0,0,0,0,0,0,0,0,0,0,0,0,0,0,0,0,0,0.00105413917182353,0,0.000146176136635738,0,0.00116313440524745,0,0,0,0.00030653192654484,1.78877100284186e-05,0.00416202333983473,0,0.00198663726099723,0,0,0,0,0,0.000369708919662738,0,0.000923615093180008,0,0.0280647689948041,0,0,3.4513600576661e-05,0,0,0,0.0263857506362294,0,0,0,0,0,0,0,0,0,0,0,1.09103140882823e-05,0,0.000807521783523189,0.000763253341922088,1.54972835401756e-05,0.00511197544718809,0,0
0,0.0594794634645948,0,0.136152896408562,0,0.00123947344353401,0,0,0,0.0799822417867957,0,0,0,0,0,0.00335597932471185,0,0.000328133819113526,0.000401668733737619,0,0,0,0,6.13589130336236e-05,0,0,0,0,0,0,0,0,0,0,0,0,0,0.000787542581332885,0,0.000635805880466531,0,0.000425821632436094,0,0,0,0.000191616361649915,0,0,0,0.00920769278246775,0,0,0,0,0,0,0,0,0,0,0,0.00319733918666707,0,0,0,0,0.0240427525395116,0,0,0,0,0,0.000112556571658877,0,0,0,0,0,5.34025850476008e-06,0,0.00022596637611828,0,0.000455021695136198,0,0.00436852927576169,0,0
0,0,0.00267708731877502,0,0,0,0.00262002134587276,0,0,0,0.0778019341204694,0,0.0115003112101392,0,0,0,0,0,0,0,0.0255010064059119,0,0,0,0,0,0,0,0.00307751893890268,0,0.00535149149684312,0,0,0,0,0,0.00438858579578467,0,0.00313265405669762,0,0,0,0.000542189811018131,0,0,0,0,0,0.00201464280815953,0,0,0,0,0,0.000369708919662738,0,0,0,0.0168581177965013,0,0.00174620816914616,0,0,0.00827061104661383,0,0,0,0,0,4.2710553353858e-05,0,0.00709989811887767,0,0.0089008559815605,0,0,0,0,0,0.000539736194808215,0,0.000119421940835544,0.00220869322772882,0.00018247949136037,0.0164257356914039,0,0
0,0.00021230486281955,0,0.00202497177568181,0,0,0,0.00248471668757755,0,2.75344180847379e-05,0,0.104753545810603,0,0.0184782671876777,0,0,0,0,4.69151968733963e-05,3.37141545621302e-05,0,0,0,0,0,0,0,0.00472273004017117,0,0.0139286366146733,0,0,0,0,0,0.000317607160853669,0,0.00657714824602918,0,0.00022141401812047,0,0.00199944073336594,2.61743573621784e-05,0,0,0.00011316352419412,0,4.75291364696121e-06,4.25055062397097e-06,0.00472706779563012,0,0.000124350548967021,0,0.000682293196125884,0,0,0,0,0,0.0116168654272666,0,7.46379775187879e-05,0.00602901641956052,0,0,0,0,0,0,0,0.0140596940223364,0,0.064247849650037,0,0,0,0,0,0.000124447529380238,0,0.000512521278041353,0,0.000326767773604678,0,0.0253353742526681,0.000530854767894872,0
0,0,0.0158384125843571,0,0,0,0.0131458695406466,0,0,0,0.0091034498707024,0,0.0469815546165888,0,0.0302587202448746,0,0,0,0,0,0,0,0,0,0,0,0,0,0.000217564364942279,0,0,0,0,0,0,0,0,0,0,0,0,0,0,0,0,0,1.98648561014613e-05,0,0.00083069819403997,0,0.00020989959606144,0,0,0,0.000923615093180008,0,0.0168581177965013,0,0,0,0.00685852491083122,0,0,2.89323857661822e-05,0,0,0,0,0,0,0,0.000452199738213785,0,0,0,0,0,0,0,1.02013710008694e-05,0,0,0.00237469735913192,0.000257186471378649,0.0026861164648384,0,0
0,0.000160735655359904,0,0.00951032765936608,0,0,0,0,0,0,0,0.00449637452839666,0,0.0347550087413819,0,0.000117415233439073,0,0,1.13977613214306e-05,0,0,0,0,0,0,0,0,0.0216570808826296,0,0,0,0,0,0,0,5.39297570252502e-05,0,0,0,0.000235160447190432,0,5.90095367166907e-05,0,0,0,2.07579582649262e-05,0,2.74934426963969e-05,8.47647538025289e-06,0.00126281838153312,0,0.000978445139728162,0,0,0,0,0,0.0116168654272666,0,0,0,0.0061088099468942,0.000174547421475681,0,0,0,0,0,0,0,0.00188362526506538,0,8.94076373885435e-05,0,0,0,0,0,5.75384559992615e-05,0,0,0,0.000621642872136326,0.00121593360051946,0.0027218033563881,0,0
0.00308770056035236,0,0.00199582485232138,0,0.0111904600287827,0,0,0,0.0152820890117818,0,0,0,0.00179396612109427,0,0.0239918546690556,0,0.000334379747647471,7.28195787922264e-05,0,0,0,0,0,0,0,0,0,0,0,0,0,0,0,0,0,0,0,0,0,0,0,0,0,0,0,0,0,0,0.00176048538660927,0,0.000285240024316812,0,0,0,0.0280647689948041,0,0.00174620816914616,0,0.00685852491083122,0,0,0,0,0,0,0,0,0,0,0,0,9.49362902653381e-05,0,0,0,0,0,0,0,0,0,0,0.000559009726154718,0.000499199535980694,0.000249616154335686,0,0
0,0.00989714773980996,0,0.0248190475580276,0,0.00118600671210546,0,0,0,0.00729791640294435,0,0,0,0.0389221493791842,0,0.0720793362738129,0,0.000325346875104065,1.35627983245306e-05,0,0,0,0,0,0,0,0,0,0,0,0,0,0,0,0,2.6097076945879e-05,0,0,0,0.000800579132067887,0,0.000253104758615106,0,0,0,0.000130900457287209,0,1.14464720547595e-05,1.10114041765753e-05,0.000972105716625614,0,0.0205611430987903,0,0,0,0.00319733918666707,0,7.46379775187879e-05,0,0.0061088099468942,0,0,0,0,0,0,0,0,0,0,0,0,0.000164733646543519,0,0,0,0,0,7.3241110851904e-05,0,0,0,0.000318615525634336,0.000139827225848197,0.00140258706858333,0,0
0,3.01362450451279e-05,0,2.72897282595592e-05,0,0.00114482292998112,0,0,0,0,0,0.0603785412044902,0,0,0,0,3.86385749498366e-05,3.7953064874138e-06,0.000333471741376327,0.114934944273522,0,0,0,0,0,0,0,0,0,0,0,0,0,0,0,0.00812153059785128,0,0.000331763155475593,0,0.00927846818739637,0,0.00177573354967307,0,0,0,0.0287247033188349,0,0,0,8.56625337892952e-05,0,0,0,0,0,0,0,0.00602901641956052,0,0.000174547421475681,0,0,0,0,0,0,0,0,0,0,0.00112738243581971,0,0.0158584444586111,0,0,0,0,0,0.00726016616423189,0,0.00455109010482509,0,0.000649184574930031,0,0.0241919498747621,6.60644934828091e-05,0
0.000988844812520357,0,0.000310152134189038,0,0,0,0,0,0,0,0.00134986625186578,0,0,0,0,0,0.00035532583158974,0.000110270489703155,0.00443967766850411,0,0.0372568801781584,0,0,0,0,0,0,0,0,0,0,0,0,0,0,0,0.00384886203623417,0,0.000934129477512642,4.79513570636114e-05,0.027011996933459,0,0.00449808047462877,0,0.000212945884970204,0,0.0511982902356987,0,0.00027633233459907,9.91655102075854e-06,0.000147628301526861,0,0,0,3.4513600576661e-05,0,0.00827061104661383,0,2.89323857661822e-05,0,0,0,0,0,0,0,0,0,0,0,0,0,0,0,0,0,0,0,2.75509138524693e-06,0.0125285486448273,0,0.0051095370842653,0.000886875292407092,0,0.0159183799361208,0,0.0001209917868573
0,0,0,0,0,0,0,0,0,0,0,0,0,0,0,0,0,5.84719526940728e-05,0,0,0,0.0697753995386833,0.00170203199594982,0.000965626734444908,0,0.00190160586305419,0,0.00292645491844048,0,0,0,0,0,0,0,0,0,0.00113789253763419,7.76075747966145e-05,0,0,0,0,0,0,0,0,0,3.54240515629351e-06,0.0017904952840215,0,0,0,0,0,0,0,0,0,0,0,0,0,0,0,0.000101866047640006,0.00416862805950509,0,0.00540884616723575,0,0.000870975661530515,0,0,0,0,0,0,0,0,0,0.00171110199335039,0,0.000807483013759918,2.72565982444201e-05,3.09911238190664e-05,0,0
0,0,0,0,0,0,0,0,0,0,0,0,0,0,0,0,5.35159736176753e-05,0,0,0,0,0.00122172370759276,0.0802920787277946,0,0.000167730752888709,0,0.00357778000759324,0,0.000703895038610692,0,0,0,0,0,0,0,0,0,0.00223146457194473,0,0,0,0,0,0,0,0,0,0.00402948387161187,4.83630479880971e-06,0,0,0,0,0,0,0,0,0,0,0,0,0,0,0.000101866047640006,0,0,0.000166380610468152,0,0.000510921236919175,0,0.000546090581921279,0,0,0,0,0,0,0,0,0,0.00375790517739597,0.000788187255121744,0,2.57479364137258e-05,0,0
0,0.00689545048171276,0,0,0,0,0,0,0,0.00216166562977757,0,0,0,0,0,0,0,0.000113698653603504,0,0,0,0.00243962178244854,0,0.120433956436865,0,0.0109801149064665,0,0,0,0,0,0,0,0,0,0,0,0.00582308140255485,0,0,0,2.32691731247027e-05,0,0,0,0,0,0,0,0.00903218039399957,0,0,0,0,0,0.0240427525395116,0,0,0,0,0,0,0,0,0.00416862805950509,0,0,0,0.0307299868161162,0,0,0,0,0,0,0,0,0,0,0,0.00261397064354482,0,0.00101727274594599,0,0.00296887210291817,0,0
0.00217314481244304,0,0,0,0,0,0,0,0.000936629792082777,0,0,0,0,0,0,0,7.23349478431843e-06,0,0.000201063843226217,0,0,0,0.000284516455250241,0,0.0900640974997597,0,0.0140253877541596,0,0,0,0,0,0,0,0,0,0,0,0.00129662215848206,0,0,0,0,0,0,0,0,0,0.00381979367385337,0,0,0,0,0,0.0263857506362294,0,0,0,0,0,0,0,0,0,0,0.000166380610468152,0,0,0,0.00702722388083463,0,0,0,0,0,0,0,0,0,0,0,0.00280210666423332,0.000300259566711012,0,0.00227659997374184,0,0
0,0,0,0,0,0,0,0,0,0,0,0,0,0,0,0,3.55746272718066e-05,0.0046516957296998,0.00019699966084166,0,0,7.32511923779262e-05,0,0.000702609760403809,0,0.00826027100701819,0,0.00123399573991327,0,0,0,0,0,0,0,0,0,0,0,0,0,0,0,0,0,0,0,0,0,8.80474998674733e-05,0,0,0,0,0,0,0,0,0,0,0,0,0,0,0.00540884616723575,0,0.0307299868161162,0,0,0,0.0148280140308785,0,0,0,0,0,0,0,1.41760033971834e-06,0,0,0,0.000295660144041891,0,0.000742678744004322,0,0
0,0,0,0,0,0,0,0,0,0,0,0,0,0,0,0,0.0170357264241231,0.000659037310313871,0.000948137873246813,0,0,0,0.000757233388807292,0,0.0125496749657425,0,0.0654979614526618,0,0.000879470234330669,0,0,0,0,0,0,0,0,0,0,0,0,0,0,0,0,0,0,0,0.0026125097458233,0,0,0,0,0,0,0,4.2710553353858e-05,0,0,0,0,0,0,0,0,0.000510921236919175,0,0.00702722388083463,0,0,0,0.00372428926425908,0,0,0,0,0,0,0,5.10622812905037e-06,0,0,0.000265723656540077,0,3.55671846556857e-05,0,0
0,0,0,0,0,0,0,0,0,0,0,0,0,0,0,0,0,0,0,0,0,0.000635961391466479,0,0,0,0,0,0.0639376107125413,0,0.00404463477335726,0,0,0,0,0,0,0,0.00024136480918558,0,6.55328757902008e-06,0,0.000113286110216316,0,7.24967786544452e-05,0,0,0,0,0,0.00830061767658351,0,1.41396618498199e-05,0,0,0,0,0,0.0140596940223364,0,0.00188362526506538,0,0,0.00112738243581971,0,0.000870975661530515,0,0,0,0.0148280140308785,0,0,0,0.00690141024158045,0,0,0,0,0,3.83228697138535e-06,0,0.002626026844125,0,3.08281040987293e-05,1.32662493993599e-05,0.00588293087479232,8.3648300585464e-05,0
0,0,0,0,0,0,0,0,0,0,0,0,0,0,0,0,0,0,0,0,0,0,0.000539452531366926,0,0,0,0.027056279611821,0,0.0471182516595791,0,0.00265760636628399,0,0,0,0,0,0,0,0,0,0,0,0,0,0,0,0,0,0.0058276769097444,0,0,0,0,0,0,0,0.00709989811887767,0,0.000452199738213785,0,9.49362902653381e-05,0,0,0,0,0.000546090581921279,0,0,0,0.00372428926425908,0,0,0,0.00676466824624636,0,0,0,0,0,0,0,0.000519570462498072,0.00122259446302993,0.000195646948866133,0.00365512639367956,0,0
