0,0,4.73328552246094,0,0,0,0,0,4.42745793362459,0,0,0,0,0,0,0,48.9884185791016,66.3167533874512,19.4296118497849,0,0,0,0,0,0,0,0,0,0,0,0,0,0,0,0,0,0,0,0,0,0,0,14.8609987729933,0,0,0,0,0,6.69296781466557,0,0,0,0,0,4.72921423211185,0,8.50367730004447,0,6.2866858124733,0,7.42362963384198,0,0,0,0,0,0,0,0,0,0,0,0,0,0,0,0,0,85.3779335021973,29.9682197570801,0,0,15.2654360253134,0,9.20988216139642,0,0
0,0,0,6.48986617908921,0,0,0,0,0,6.4533044200548,0,0,0,0,0,0,49.4200218200684,73.5082054138184,16.0155189954318,0,0,0,0,12.975591023763,0,0,0,0,0,0,0,0,0,0,0,0,0,0,0,35.9679035610623,0,22.1745519558256,0,16.1817741394043,0,17.0161436080933,66.6351222991943,0,0,7.20685462451276,0,16.5404052734375,0,0,0,7.343559602657,0,7.68715771761808,0,8.18346460887364,0,10.0771586854234,23.7604789733887,0,0,0,0,0,0,0,0,0,0,0,0,0,0,0,32.8820754686991,57.8735084533691,28.2396545410156,0,10.8438552683347,0,13.0416071849928,15.5803559091356,0
4.73328552246094,0,0,54.1996831026944,12.1182332038879,0,0,0,4.65741450445993,0,0,0,0,0,0,0,62.5305824279785,0,59.6629308064779,0,0,0,0,0,0,0,0,0,0,0,0,0,0,0,0,0,0,0,0,51.8714645385742,39.0217474831475,49.7511234283447,30.1432673475477,0,28.0226445198059,74.1431999206543,26.3059483528137,34.5627772013346,19.0183987577756,0,8.26327469068415,0,0,0,6.46321215629578,0,23.9838827292124,64.5426235198975,4.41032409667969,59.1570205688477,0,0,0,40.0549806867327,0,0,0,0,0,0,0,0,0,29.5420615332467,0,0,0,0,61.3604156494141,43.7924874045632,0,0,25.8153532178778,26.4298524856567,29.8179862922683,0,20.7850905198317
0,6.48986617908921,54.1996831026944,0,60.5546350479126,4.94004107846154,0,0,0,7.71982058611783,0,0,0,0,0,0,0,64.3688831329346,47.2310813140869,5.46005821228027,0,0,0,0,0,0,0,0,0,0,0,0,0,0,0,19.5344074567159,0,0,0,39.0299555460612,41.6068878173828,37.5602199048661,57.6602446816184,42.9331064224243,0,20.5574712157249,37.6906763223501,33.2356187820435,39.3153076171875,17.4592113303372,62.1332824707031,7.73581323113628,0,0,0,4.73540108387287,58.5835928806039,19.9437347984314,0,4.38978525254785,0,4.63099624128903,43.0792371114095,76.5007915496826,0,0,0,0,0,0,0,0,32.6254463195801,0,0,0,0,0,42.444402558463,76.5315856933594,56.7963371276855,0,15.5448854357246,27.2334855794907,24.8682172879306,27.0582116974725,72.4389394124349
0,0,12.1182332038879,60.5546350479126,0,0,0,0,2.91863213645087,0,0,0,0,0,0,0,0,0,62.8591181437174,0,8.77791247233539,0,0,0,0,0,0,0,0,0,0,0,0,0,0,0,25.3295047283173,0,0,54.8863801956177,47.5811892422763,0,46.8212052753993,0,0,69.162712097168,34.9561810302734,44.169695854187,45.4777137211391,0,7.74916048780564,72.7799301147461,3.29943413866891,0,3.3811651468277,0,25.4738683700562,0,0,0,0,0,67.0215911865234,0,0,0,0,0,0,0,0,0,0,41.9638366699219,0,0,0,0,75.2696756635393,48.8671776698186,89.4480323791504,0,19.9871259530385,30.7466354370117,20.1688309335984,0,49.4282302856445
0,0,0,4.94004107846154,0,0,0,2.88830297333854,0,0,0,3.15702366828918,0,0,0,0,0,0,0,0,0,0,0,0,0,0,0,0,0,0,0,0,0,0,0,9.58469653129578,0,0,0,52.0887222290039,0,0,0,0,0,24.3248872756958,0,36.8251647949219,0,37.0737991333008,0,5.10303139075255,0,2.84757399559021,0,0,0,6.98629713058472,0,0,0,0,0,0,0,0,0,0,0,0,0,0,0,0,0,0,0,0,0,0,0,0,6.74755465643747,3.28793401477718,8.52943782295499,0,0
0,0,0,0,0,0,0,0,0,0,11.7688952878464,0,2.75294137001038,0,0,0,0,0,0,0,14.5649299621582,0,0,0,0,0,0,0,0,0,0,0,0,0,0,0,0,0,0,0,0,0,0,0,0,0,0,0,0,0,0,0,3.12924443196206,0,0,0,7.34666756048041,0,3.48436158436995,0,0,0,0,0,0,0,0,0,0,0,0,0,0,0,0,0,0,0,0,0,0,0,2.87318431414091,2.73656948407491,0,0,0
0,0,0,0,0,2.88830297333854,0,0,0,0,0,6.36104496887752,0,5.13830924951113,0,0,0,0,0,0,0,0,0,0,0,0,0,0,0,0,0,0,0,0,0,0,0,0,0,0,0,0,0,0,0,0,0,0,0,0,0,3.2760777798566,0,4.34404320736144,0,0,0,6.41425904418741,0,4.31990544702492,0,0,0,0,0,0,0,0,0,0,0,0,0,0,0,0,0,0,0,0,0,0,3.53821556813249,0,0,0,0
4.42745793362459,0,4.65741450445993,0,2.91863213645087,0,0,0,0,0,0,0,0,0,5.00188888744874,0,10.0668250014705,39.7044301350911,0,0,0,0,20.3866786956787,0,4.4280801653862,0,3.28822267573813,0,0,0,0,0,0,0,0,0,0,0,8.15070879755553,0,0,0,11.2564894642149,0,0,0,0,0,5.79697966575623,0,0,0,0,0,4.78643708483495,0,0,0,0,0,3.14343178007338,0,0,0,0,11.6176977157593,0,3.456792814391,0,3.48340600331624,0,0,0,0,0,0,0,0,0,0,0,8.53050854376384,5.05306050958575,0,8.86952811574179,0,17.266731262207
0,6.4533044200548,0,7.71982058611783,0,0,0,0,0,0,0,0,0,0,0,3.73580327853232,0,3.9490055847168,0,0,0,0,0,6.61206132471561,0,2.81202069918315,0,0,0,0,0,0,0,0,0,0,0,10.5323049155149,0,38.7200355529785,0,10.0789165794849,0,0,0,31.1531028747559,78.186882019043,0,0,15.8951576645091,0,0,0,0,0,5.42863034351207,0,16.5483408768972,0,0,0,4.44757626454035,61.7686424255371,0,0,0,10.3263282687576,0,0,0,0,0,0,0,0,0,0,0,56.2554130554199,0,12.2614334746674,0,4.94811257117056,4.77100623928526,13.4774983823299,11.8074725866318,0
0,0,0,0,0,0,11.7688952878464,0,0,0,0,0,3.07622543378925,0,0,0,0,0,0,0,3.91067298297776,0,0,0,0,0,0,0,2.97230339050293,0,0,0,0,0,0,0,3.39016353642499,0,3.9322041296091,0,0,0,0,0,0,0,0,0,0,0,0,0,5.4275288948646,0,0,0,6.72764079380761,0,3.17287629732379,0,0,0,0,6.04346375332938,0,0,0,0,0,0,0,2.89990210533142,0,4.55402977538831,0,0,0,0,0,4.40520233527208,0,6.24310005104149,5.10029202605051,0,0,0,0
0,0,0,0,0,3.15702366828918,0,6.36104496887752,0,0,0,0,0,3.20276036285437,0,0,0,0,0,4.47698721446489,0,0,0,0,0,0,0,7.16737549006939,0,6.76602617899577,0,0,0,0,0,5.51223232533409,0,3.81633092301138,0,0,0,0,0,0,0,14.4708013534546,0,0,0,0,0,8.29576551914215,0,5.55223369598389,0,0,0,7.30217622106667,0,4.4209462775979,0,0,7.27915970713115,0,0,0,0,0,0,0,10.1848069245999,0,6.85677889601825,0,0,0,0,0,9.43527948116434,0,0,0,4.36926684155028,0,5.02341541647911,0,0
0,0,0,0,0,0,2.75294137001038,0,0,0,3.07622543378925,0,0,0,3.44145819119045,0,0,0,0,0,0,0,0,0,0,0,2.95672869682312,0,0,0,18.3520164489746,0,0,0,0,0,0,0,0,0,0,0,0,0,0,0,0,0,0,0,0,0,0,0,0,0,7.35210873629596,0,3.29874668618427,0,0,0,0,0,0,0,0,0,0,2.97974341565912,0,4.41486873030663,0,16.2533721923828,0,0,0,0,0,0,0,0,2.93755872744434,0,0,0,0
0,0,0,0,0,0,0,5.13830924951113,0,0,0,3.20276036285437,0,0,0,3.00112843513489,0,0,0,0,0,0,0,0,0,0,0,4.46364316285825,0,0,0,0,0,0,0,0,0,0,0,0,0,0,0,0,0,0,0,0,0,0,0,0,0,3.62803916497664,0,0,0,4.95621128082275,0,3.91571772045871,0,0,0,0,0,0,0,0,0,0,4.44465754301317,0,0,0,0,0,0,0,0,0,0,0,4.32094320845097,2.99916773889123,0,0,0
0,0,0,0,0,0,0,0,5.00188888744874,0,0,0,3.44145819119045,0,0,0,12.2985257265731,45.188503074646,37.5782686869303,0,0,0,18.8744883537292,0,9.06615877151489,0,0,0,0,0,0,0,0,0,0,0,0,0,0,0,0,0,0,0,0,0,0,0,0,0,0,0,0,0,0,0,0,0,3.02146388888359,0,3.57590895349329,0,0,0,0,22.5687274932861,0,0,0,3.24899499556598,0,4.33433938026428,0,0,0,0,0,0,0,0,0,0,7.9886711297837,16.4466400146484,0,0,0
0,0,0,0,0,0,0,0,0,3.73580327853232,0,0,0,3.00112843513489,0,0,0,2.95194697380066,0,0,0,0,0,12.5396165011222,0,0,0,0,0,0,0,0,0,0,0,0,0,0,0,0,0,0,0,0,0,0,0,0,0,0,0,0,0,0,0,6.97170045181197,0,0,0,0,0,3.05034237437778,0,0,0,0,10.1372874641418,0,0,0,0,0,0,0,0,0,0,0,0,0,0,0,3.28215253002503,3.49478285367252,0,0,0
48.9884185791016,49.4200218200684,62.5305824279785,0,0,0,0,0,10.0668250014705,0,0,0,0,0,12.2985257265731,0,0,24.4788045594008,24.2288058754205,0,0,60.5088119506836,10.4242925342307,0,10.4774874373802,67.8920822143555,9.4309636984116,0,0,0,0,0,0,0,0,89.8092041015625,0,0,0,71.0817171732585,60.5908743648206,65.2659907060511,46.2717585879077,54.0735847331859,39.9120048723723,55.9700670429305,50.8265231405625,0,0,0,0,0,0,0,4.1170449256897,0,64.3992029005481,87.9240951538086,0,0,27.5358098347982,0,71.9635242246232,63.2379746500651,0,8.36561098592035,0,20.1261925697327,0,8.35916462697481,0,0,0,61.7758322821723,0,0,0,0,70.1151442656646,64.3123859549468,0,54.2789878845215,15.8071153152868,10.7454964342513,54.5746553074569,56.9583778381348,39.745038887123
66.3167533874512,73.5082054138184,0,64.3688831329346,0,0,0,0,39.7044301350911,3.9490055847168,0,0,0,0,45.188503074646,2.95194697380066,24.4788045594008,0,21.2622455259496,0,0,15.6409856575291,35.6519664764404,5.83718852485929,34.4246738607233,5.01105662642932,23.302405834198,2.80878130594889,0,0,0,0,0,0,0,93.6455001831055,91.3554153442383,0,0,68.4873230146325,71.1203570895725,55.7288828547697,65.1348626671768,44.5551980495453,49.4580361843109,60.192292743259,63.9648006840756,0,0,55.5652542114258,0,0,0,0,0,0,77.6005160991962,59.8264503479004,0,0,38.5085220336914,0,66.1423759460449,83.3901074727376,3.51925449711936,31.7559614181519,0,22.2728646596273,2.98158017794291,0,0,0,0,75.8121159871419,0,0,0,0,71.2639128016675,76.3621583938599,66.5289077758789,0,15.7038063263789,7.46834826389736,60.3727268825878,42.0938537974416,64.2514044443766
19.4296118497849,16.0155189954318,59.6629308064779,47.2310813140869,62.8591181437174,0,0,0,0,0,0,0,0,0,37.5782686869303,0,24.2288058754205,21.2622455259496,0,0,0,47.4397830963135,41.8505802154541,0,34.3937260309855,0,41.0880928039551,0,0,0,0,0,0,0,0,70.640305519104,73.5829544067383,0,0,40.9558308527691,41.8944434908372,29.0970684591121,30.6547790648843,19.3314095026849,23.0790509587711,37.8052518732913,36.7370615879629,63.0506210327148,19.3815600954253,31.6298773288727,57.7167231241862,41.9190292358398,0,0,0,0,45.8345459554797,34.4013961729456,0,0,0,0,50.6194930449962,50.4256103231683,0,0,0,0,0,0,0,0,25.761673780588,42.7577525316659,0,0,0,0,47.1584215198262,48.756155474302,37.2982858631709,37.5108744677375,18.3664418362296,26.1413695754074,30.7488318368055,20.2986796727376,26.6216011467627
0,0,0,5.46005821228027,0,0,0,0,0,0,0,4.47698721446489,0,0,0,0,0,0,0,0,0,0,0,0,0,0,0,0,0,0,0,0,0,0,0,4.96493657168888,0,10.6256894916296,0,0,0,0,0,0,0,10.5223110934784,0,28.8793716430664,0,0,0,0,0,0,0,0,0,5.02487519079325,0,0,0,0,7.69472287837495,0,0,0,0,0,0,0,0,0,0,0,0,0,0,0,6.21689769142009,0,7.19625694101507,0,6.8657082470758,20.7200829585393,13.6016643986557,0,0
0,0,0,0,8.77791247233539,0,14.5649299621582,0,0,0,3.91067298297776,0,0,0,0,0,0,0,0,0,0,0,0,0,0,0,0,0,0,0,0,0,0,0,0,0,3.9403851681058,0,8.51852699120839,0,0,0,37.7966461181641,0,0,0,7.39054640134176,0,0,0,9.53689280248457,0,0,0,0,0,4.2388942959797,0,0,0,0,0,0,5.77303728435193,0,0,0,0,0,0,0,0,0,0,0,0,0,0,0,6.30570921415693,0,4.2270188331604,5.39569165655907,0,3.81704633576529,0,0
0,0,0,0,0,0,0,0,0,0,0,0,0,0,0,0,60.5088119506836,15.6409856575291,47.4397830963135,0,0,0,5.53595559413616,4.99841024487029,0,3.5692082617018,0,3.6535697778066,0,0,0,0,0,0,0,0,0,4.06065469403421,0,0,0,0,0,0,0,0,0,0,0,5.72970564024789,0,0,0,0,0,0,0,0,0,0,0,0,0,0,5.31151331662228,0,4.04995490795325,0,4.57820576032003,0,6.13311638697772,0,0,0,0,0,0,0,0,0,6.13050911507169,0,5.11370391389157,7.48369610309601,0,0,0
0,0,0,0,0,0,0,0,20.3866786956787,0,0,0,0,0,18.8744883537292,0,10.4242925342307,35.6519664764404,41.8505802154541,0,0,5.53595559413616,0,0,4.21313059646471,0,8.86075987815857,0,3.59689176914304,0,0,0,0,0,0,0,0,14.778995513916,4.20612285546582,0,0,0,0,0,0,0,0,0,7.87474374149157,0,0,0,0,0,0,0,0,0,0,0,0,0,0,0,8.44375522931417,4.75713581045272,0,5.00269984394186,0,4.07109969561217,0,5.58134926689996,0,0,0,0,0,0,0,0,0,4.71877357539009,7.42870447640607,12.912245452404,20.7670803070068,0,0
0,12.975591023763,0,0,0,0,0,0,0,6.61206132471561,0,0,0,0,0,12.5396165011222,0,5.83718852485929,0,0,0,4.99841024487029,0,0,0,3.20106096806065,0,0,0,0,0,0,0,0,0,0,0,5.65277533794635,0,0,0,0,0,0,0,0,0,0,0,15.2057553018842,0,0,0,0,0,5.61601484446756,0,0,0,0,0,13.4904222488403,0,0,5.9744365119294,0,3.79592537760286,0,3.51448337160624,0,0,0,0,0,0,0,0,0,0,0,6.96448234345051,0,5.39717140864758,0,12.6052751541138,0,0
0,0,0,0,0,0,0,0,4.4280801653862,0,0,0,0,0,9.06615877151489,0,10.4774874373802,34.4246738607233,34.3937260309855,0,0,0,4.21313059646471,0,0,0,3.81453677796826,0,8.21986436843872,0,0,0,0,0,0,0,0,0,4.20618162403504,0,0,0,13.4491310119629,0,0,0,0,17.4972534179688,5.63218511023172,0,0,0,0,0,4.40324709956179,0,0,0,0,0,3.35582733154297,0,0,0,0,7.39523801988768,0,4.41613789438044,0,3.70610166998471,0,7.27714347839355,0,0,0,0,0,0,0,0,0,7.84469755291939,12.5733915809542,39.4596328735352,11.8552192385132,0,0
0,0,0,0,0,0,0,0,0,2.81202069918315,0,0,0,0,0,0,67.8920822143555,5.01105662642932,0,0,0,3.5692082617018,0,3.20106096806065,0,0,0,3.17536675013029,0,0,0,0,0,0,0,0,0,0,0,0,0,0,0,0,0,0,0,0,0,0,0,0,0,0,0,0,0,0,0,0,0,0,0,0,4.87072423741787,0,0,0,3.18139160958482,0,2.96363747119904,0,0,0,0,0,0,0,0,0,0,0,3.00544860839844,0,0,0,0
0,0,0,0,0,0,0,0,3.28822267573813,0,0,0,2.95672869682312,0,0,0,9.4309636984116,23.302405834198,41.0880928039551,0,0,0,8.86075987815857,0,3.81453677796826,0,0,0,0,0,0,0,0,0,0,0,0,0,0,0,0,0,0,0,0,0,0,0,0,0,0,0,0,0,4.05829107761383,0,0,0,0,0,0,0,0,0,0,12.873498916626,0,4.22686719894409,0,3.1523361944017,0,3.38431894779205,0,0,0,0,0,0,0,0,0,0,12.655301425768,0,0,0,0
0,0,0,0,0,0,0,0,0,0,0,7.16737549006939,0,4.46364316285825,0,0,0,2.80878130594889,0,0,0,3.6535697778066,0,0,0,3.17536675013029,0,0,0,6.27608736356099,0,0,0,0,0,0,0,3.45542689732143,0,0,0,0,0,0,0,0,0,0,0,0,0,0,0,0,0,0,0,5.86423902511597,0,5.08935626863917,0,0,0,0,2.91098461151123,0,0,0,0,0,3.97591092713653,0,9.0962628220257,0,0,0,0,0,0,0,11.6660138032375,0,3.29965972544542,0,0,0,0
0,0,0,0,0,0,0,0,0,0,2.97230339050293,0,0,0,0,0,0,0,0,0,0,0,3.59689176914304,0,8.21986436843872,0,0,0,0,0,3.45428197137241,0,0,0,0,0,0,0,3.47774435863022,0,0,0,0,0,0,0,0,0,0,0,0,0,0,0,0,0,4.44887691073948,0,2.75199055671692,0,0,0,0,0,0,5.67839979323057,0,7.1556510925293,0,3.35505287213759,0,3.65485023779747,0,5.51922935778552,0,0,0,0,0,0,0,3.84569229070957,2.78119126319885,0,0,0,0
0,0,0,0,0,0,0,0,0,0,0,6.76602617899577,0,0,0,0,0,0,0,0,0,0,0,0,0,0,0,6.27608736356099,0,0,0,0,0,0,0,0,0,4.48607358699892,0,0,0,0,0,0,0,0,0,0,0,0,0,0,0,0,0,0,0,6.35107189044356,0,0,0,0,0,0,0,0,0,0,0,0,4.58833713449809,0,6.42192324034629,0,0,0,0,0,0,0,8.98728639171237,0,4.59399638175964,0,0,0,0
0,0,0,0,0,0,0,0,0,0,0,0,18.3520164489746,0,0,0,0,0,0,0,0,0,0,0,0,0,0,0,3.45428197137241,0,0,0,0,0,0,0,0,0,3.0958588172786,0,0,0,0,0,0,0,0,0,0,0,0,0,0,0,0,0,7.68443502982457,0,14.8271036148071,0,0,0,0,0,0,0,0,0,0,0,0,8.85879324382766,0,4.6975609545805,0,0,0,0,0,0,0,3.21409500029779,3.06031719616481,0,0,0,0
0,0,0,0,0,0,0,0,0,0,0,0,0,0,0,0,0,0,0,0,0,0,0,0,0,0,0,0,0,0,0,0,3.50610811526959,2.87869576613108,0,5.16175732061856,0,0,0,0,0,0,0,0,0,0,0,5.7847406769798,0,10.8856596946716,0,0,0,0,0,0,0,0,0,0,0,0,0,0,0,0,0,0,0,0,0,0,0,0,9.97643860668695,8.31364512443542,3.99762952633393,0,16.2597963308033,0,0,0,3.797891441981,0,6.9312424659729,0,0
0,0,0,0,0,0,0,0,0,0,0,0,0,0,0,0,0,0,0,0,0,0,0,0,0,0,0,0,0,0,0,3.50610811526959,0,0,3.30302667617798,0,3.14349867828152,0,0,0,0,0,0,0,0,0,0,4.69981509452443,5.93631499154227,0,0,0,0,0,0,0,0,0,0,0,0,0,0,0,0,0,0,0,0,0,0,0,0,0,8.41596905390421,11.4837208054492,0,6.47071809493578,0,5.68067309489617,0,0,3.55811437276693,0,0,0,0
0,0,0,0,0,0,0,0,0,0,0,0,0,0,0,0,0,0,0,0,0,0,0,0,0,0,0,0,0,0,0,2.87869576613108,0,0,3.46722738477919,4.22607630282118,0,6.5968524940573,0,0,0,0,0,0,0,0,0,3.83372314999715,0,0,0,0,0,0,0,0,0,0,0,0,0,0,0,0,0,0,0,0,0,0,0,0,0,0,12.0259637832642,0,4.50472134264563,4.0867440700531,6.57498301180627,0,7.03912948463667,0,3.96416187286377,9.62265458703041,0,0,0
0,0,0,0,0,0,0,0,0,0,0,0,0,0,0,0,0,0,0,0,0,0,0,0,0,0,0,0,0,0,0,0,3.30302667617798,3.46722738477919,0,0,5.62445444455875,0,8.32780332676671,0,0,0,0,0,0,0,0,3.73402965918831,0,0,0,0,0,0,0,0,0,0,0,0,0,0,0,0,0,0,0,0,0,0,0,0,0,0,0,4.14701830318996,3.36832756294924,4.58930421296167,0,12.9476972096403,0,8.22613923573415,5.60595787677568,0,0,0,0
0,0,0,19.5344074567159,0,9.58469653129578,0,0,0,0,0,5.51223232533409,0,0,0,0,89.8092041015625,93.6455001831055,70.640305519104,4.96493657168888,0,0,0,0,0,0,0,0,0,0,0,5.16175732061856,0,4.22607630282118,0,0,4.19599061831832,5.56162987854324,3.38832449913025,0,0,50.7398936623021,0,46.818253993988,0,22.2754498023153,79.2595672607422,19.7541766277579,0,23.5150159597397,0,18.0934977531433,0,0,0,0,0,6.95347654675863,0,0,0,0,7.70521080167326,0,0,0,0,0,0,0,0,0,67.7142562866211,0,7.22041324989915,0,5.23000242734196,0,6.66899840771508,4.11803124410025,6.89357386894469,0,5.25613980289736,5.85127115019648,17.8454683293899,42.7813571929932,0
0,0,0,0,25.3295047283173,0,0,0,0,0,3.39016353642499,0,0,0,0,0,0,91.3554153442383,73.5829544067383,0,3.9403851681058,0,0,0,0,0,0,0,0,0,0,0,3.14349867828152,0,5.62445444455875,4.19599061831832,0,0,4.58230738367353,0,13.0292615890503,0,49.6435546875,0,48.728214263916,0,13.8511298241154,7.92948238054911,22.1706277302333,0,23.1577574412028,0,0,0,0,0,14.5834035323216,0,0,0,0,0,0,5.53760502338409,0,0,0,0,0,0,0,0,0,40.1798324584961,0,6.45479855703753,0,6.30276455576458,0,5.90427314623024,0,7.69384477742657,4.79438201635844,4.94328301885854,13.3662952023168,0,0
0,0,0,0,0,0,0,0,0,10.5323049155149,0,3.81633092301138,0,0,0,0,0,0,0,10.6256894916296,0,4.06065469403421,14.778995513916,5.65277533794635,0,0,0,3.45542689732143,0,4.48607358699892,0,0,0,6.5968524940573,0,5.56162987854324,0,0,2.88659639643808,0,0,21.0572285652161,29.9682760238647,0,0,13.8417119412195,0,5.40468711058299,0,5.76019638292082,0,0,0,0,0,8.34463151570024,0,4.64209391524859,0,0,0,0,12.5716814528455,0,5.50626141219944,0,6.3938001154138,0,0,0,4.02819042456778,0,4.04674202629498,0,0,0,6.22723245401324,0,7.33882675251718,0,5.27565662000167,5.18537545204163,4.30765842965671,5.22925251180475,6.05127293679674,4.61743879318237,0
0,0,0,0,0,0,0,0,8.15070879755553,0,3.9322041296091,0,0,0,0,0,0,0,0,0,8.51852699120839,0,4.20612285546582,0,4.20618162403504,0,0,0,3.47774435863022,0,3.0958588172786,0,0,0,8.32780332676671,3.38832449913025,4.58230738367353,2.88659639643808,0,0,0,0,5.35584940910339,0,0,0,0,5.23527323973979,5.85588819041397,0,0,0,0,0,9.16077361487541,0,5.26711903852329,0,0,0,0,0,0,5.49098468462626,0,5.02056603877039,0,6.89054343634182,0,0,0,6.12011307565605,0,3.69572839736938,0,0,0,5.9324499515065,0,7.27360139138321,3.53595036268234,5.02482669807006,4.03778030683124,4.82344707420894,7.58223485652311,0,0
0,35.9679035610623,51.8714645385742,39.0299555460612,54.8863801956177,52.0887222290039,0,0,0,38.7200355529785,0,0,0,0,0,0,71.0817171732585,68.4873230146325,40.9558308527691,0,0,0,0,0,0,0,0,0,0,0,0,0,0,0,0,0,0,0,0,0,72.8713890075684,21.7698268752981,53.6822872161865,25.6400283585247,64.3323669433594,13.8278094654344,49.2644079381769,0,38.2140655517578,11.17781995024,47.9091796875,51.0370113148409,0,0,0,0,53.2501924393025,55.1287181854248,0,46.5575065612793,0,0,16.1207802116423,74.3744812011719,0,0,0,0,0,0,0,0,49.320915222168,65.885778427124,0,0,0,0,24.2322836562699,80.3356862749372,0,0,47.1602671140001,40.36696434021,20.6544629558011,22.3099580391495,74.0271606445312
0,0,39.0217474831475,41.6068878173828,47.5811892422763,0,0,0,0,0,0,0,0,0,0,0,60.5908743648206,71.1203570895725,41.8944434908372,0,0,0,0,0,0,0,0,0,0,0,0,0,0,0,0,0,13.0292615890503,0,0,72.8713890075684,0,62.0063787187849,19.8522731171,0,24.5517620151326,77.3974731445312,26.0043980817537,0,9.4916970398691,0,45.0152542114258,0,0,0,0,0,41.6429525033022,0,0,0,0,0,87.1609382629395,16.252276911278,0,0,0,0,0,0,0,0,0,54.2280426025391,0,0,0,0,82.3710528782436,24.8138857860445,0,57.3219464619954,45.3168219115837,41.3582675933838,15.8121280671574,66.1847829818726,20.6788304041302
0,22.1745519558256,49.7511234283447,37.5602199048661,0,0,0,0,0,10.0789165794849,0,0,0,0,0,0,65.2659907060511,55.7288828547697,29.0970684591121,0,0,0,0,0,0,0,0,0,0,0,0,0,0,0,0,50.7398936623021,0,21.0572285652161,0,21.7698268752981,62.0063787187849,0,13.2564429779943,20.9416775113133,46.4413273334503,23.3107111839833,61.9672164916992,13.2307592088526,22.9524786288922,16.825980951732,56.471492767334,51.3869183593326,0,0,0,42.7019457817078,67.0034156799316,23.3010253404316,0,31.8840398054857,0,26.4526541028704,30.651596275759,69.3346650865343,0,0,27.8560321807861,0,0,0,0,0,13.3950073480606,72.5210800170898,0,0,0,0,30.0122152005567,73.3983585651104,38.562812941415,55.8492698669434,18.96530180104,14.6480199566909,16.2451719191736,12.6448178818365,43.5235684712728
14.8609987729933,0,30.1432673475477,57.6602446816184,46.8212052753993,0,0,0,11.2564894642149,0,0,0,0,0,0,0,46.2717585879077,65.1348626671768,30.6547790648843,0,37.7966461181641,0,0,0,13.4491310119629,0,0,0,0,0,0,0,0,0,0,0,49.6435546875,29.9682760238647,5.35584940910339,53.6822872161865,19.8522731171,13.2564429779943,0,49.7331043879191,18.5386240732102,72.8013769785563,19.4492793411766,15.4295956790447,11.6865171320569,35.1389991760254,45.6726160338431,0,0,0,13.1932888031006,0,21.8510966003571,0,29.1493595668248,0,22.6736424763997,0,67.0979322953658,30.3299519488242,0,0,34.9067554473877,12.2909708023071,0,0,0,0,0,17.9998796527512,0,0,0,0,70.1816913816664,26.4827597577028,64.4740905761719,33.1115024354723,16.0345848690897,20.5360508739439,14.1089824313327,38.4405062198639,11.0164466489087
0,16.1817741394043,0,42.9331064224243,0,0,0,0,0,0,0,0,0,0,0,0,54.0735847331859,44.5551980495453,19.3314095026849,0,0,0,0,0,0,0,0,0,0,0,0,0,0,0,0,46.818253993988,0,0,0,25.6400283585247,0,20.9416775113133,49.7331043879191,0,28.2151870727539,23.167625320292,45.3624712626139,0,0,33.3060216903687,0,0,0,0,0,0,0,41.6730111440023,0,0,0,0,37.4519288063049,0,0,0,0,0,0,0,0,0,0,60.7915840148926,0,0,0,0,30.0577662898977,73.9679346084595,22.5606408888294,0,32.9151737176455,0,19.9836013845695,13.146180942077,50.6922264099121
0,0,28.0226445198059,0,0,0,0,0,0,0,0,0,0,0,0,0,39.9120048723723,49.4580361843109,23.0790509587711,0,0,0,0,0,0,0,0,0,0,0,0,0,0,0,0,0,48.728214263916,0,0,64.3323669433594,24.5517620151326,46.4413273334503,18.5386240732102,28.2151870727539,0,51.3826964242118,20.1882869490427,0,0,0,0,0,0,0,0,0,31.9644835789998,0,0,0,0,0,64.2827224731445,33.98793055461,0,0,0,0,0,0,0,0,0,34.5419368743896,0,0,0,0,71.6257343292236,28.0797629872306,0,0,33.8147318009977,37.6959495544434,21.9565562530859,39.7454142570496,21.2379168510437
0,17.0161436080933,74.1431999206543,20.5574712157249,69.162712097168,24.3248872756958,0,0,0,31.1531028747559,0,14.4708013534546,0,0,0,0,55.9700670429305,60.192292743259,37.8052518732913,10.5223110934784,0,0,0,0,0,0,0,0,0,0,0,0,0,0,0,22.2754498023153,0,13.8417119412195,0,13.8278094654344,77.3974731445312,23.3107111839833,72.8013769785563,23.167625320292,51.3826964242118,0,58.3177224477132,0,0,28.5924964317909,55.1953544616699,29.6596936543783,0,0,0,28.551139831543,63.3452643032732,36.4773896081107,0,0,0,0,12.8382097576855,75.086642074585,0,0,0,0,0,0,0,0,31.1023657662528,82.0069147745768,0,0,0,0,23.5255000788521,78.0767404061777,14.3414998561441,0,40.6828377514901,62.1747703552246,23.1686318527612,32.8510527688949,46.2311706542969
0,66.6351222991943,26.3059483528137,37.6906763223501,34.9561810302734,0,0,0,0,78.186882019043,0,0,0,0,0,0,50.8265231405625,63.9648006840756,36.7370615879629,0,7.39054640134176,0,0,0,0,0,0,0,0,0,0,0,0,0,0,79.2595672607422,13.8511298241154,0,0,49.2644079381769,26.0043980817537,61.9672164916992,19.4492793411766,45.3624712626139,20.1882869490427,58.3177224477132,0,53.4757919311523,25.0966976339167,0,35.4425212144852,39.9123630523682,0,0,0,0,29.5952989475147,46.2565574645996,0,0,0,0,73.9016609191895,17.0927409303671,0,0,0,0,0,0,0,0,79.1215744018555,32.0370560187798,0,0,0,0,71.271593430463,18.1498964740775,75.2907333374023,24.4329509735107,39.30502409935,38.6141327222188,20.8678224584863,56.6346323225233,39.6406265541359
0,0,34.5627772013346,33.2356187820435,44.169695854187,36.8251647949219,0,0,0,0,0,0,0,0,0,0,0,0,63.0506210327148,28.8793716430664,0,0,0,0,17.4972534179688,0,0,0,0,0,0,5.7847406769798,4.69981509452443,3.83372314999715,3.73402965918831,19.7541766277579,7.92948238054911,5.40468711058299,5.23527323973979,0,0,13.2307592088526,15.4295956790447,0,0,0,53.4757919311523,0,5.55404526105436,6.91290904803635,0,43.8573369979858,0,0,0,0,42.9023418426514,39.4080848693848,0,0,0,0,0,38.3857269287109,0,0,16.9900150299072,17.0283441543579,0,0,0,0,0,51.5372924804688,7.74274122765785,6.93045142490398,3.03400299109911,6.09034210025218,6.25801077226351,7.92357335083104,4.27839170561896,5.24196205066848,5.29070270328731,9.3434842895059,7.43145650970049,0,0
6.69296781466557,0,19.0183987577756,39.3153076171875,45.4777137211391,0,0,0,5.79697966575623,0,0,0,0,0,0,0,0,0,19.3815600954253,0,0,0,7.87474374149157,0,5.63218511023172,0,0,0,0,0,0,0,5.93631499154227,0,0,0,22.1706277302333,0,5.85588819041397,38.2140655517578,9.4916970398691,22.9524786288922,11.6865171320569,0,0,0,25.0966976339167,5.55404526105436,0,14.9816265503565,43.4224331195538,0,0,0,6.64701873605902,0,30.5632771229503,0,6.32889461517334,0,6.23844417772795,0,0,39.4418790181478,0,13.7375469207764,0,6.23440206592733,0,0,0,6.57928574857094,0,10.4827904939651,0,8.67870821555456,0,0,32.0060043334961,46.0396442452415,0,5.23037963682487,7.85862942212853,35.3054916858673,10.3159716838882,0,35.1825047220503
0,7.20685462451276,0,17.4592113303372,0,37.0737991333008,0,0,0,15.8951576645091,0,0,0,0,0,0,0,55.5652542114258,31.6298773288727,0,0,5.72970564024789,0,15.2057553018842,0,0,0,0,0,0,0,10.8856596946716,0,0,0,23.5150159597397,0,5.76019638292082,0,11.17781995024,0,16.825980951732,35.1389991760254,33.3060216903687,0,28.5924964317909,0,6.91290904803635,14.9816265503565,0,0,35.9636899507963,0,0,0,8.34509425009451,61.5148452758789,24.0334201035676,0,12.9948943094774,0,4.18353854285346,0,42.1243362426758,0,0,3.61623714028335,0,0,0,0,0,8.76080139478048,0,17.0591803673775,14.9238967895508,0,0,21.6608037948608,0,3.96044174308985,0,9.12271309524286,14.7571200264825,9.59752593277931,12.1894647598267,59.9716720581055
0,0,8.26327469068415,62.1332824707031,7.74916048780564,0,0,0,0,0,0,0,0,0,0,0,0,0,57.7167231241862,0,9.53689280248457,0,0,0,0,0,0,0,0,0,0,0,0,0,0,0,23.1577574412028,0,0,47.9091796875,45.0152542114258,56.471492767334,45.6726160338431,0,0,55.1953544616699,35.4425212144852,0,43.4224331195538,0,0,0,3.39188442006707,0,3.50645848682949,0,7.39886071141561,0,4.93511758879119,0,3.75889242612399,0,0,2.945317029953,0,0,0,0,0,0,0,0,0,40.172435760498,0,0,0,0,88.8173980712891,47.8889793554942,85.5297241210938,0,29.9240474700928,0,16.8389718469451,0,35.5538368225098
0,16.5404052734375,0,7.73581323113628,72.7799301147461,5.10303139075255,0,3.2760777798566,0,0,0,8.29576551914215,0,0,0,0,0,0,41.9190292358398,0,0,0,0,0,0,0,0,0,0,0,0,0,0,0,0,18.0934977531433,0,0,0,51.0370113148409,0,51.3869183593326,0,0,0,29.6596936543783,39.9123630523682,43.8573369979858,0,35.9636899507963,0,0,0,4.06173554019652,0,4.70019621508462,71.6680297851562,5.86705132802327,0,3.42232467388285,0,4.4837339065484,50.3384017944336,0,0,0,0,0,0,0,0,0,0,0,0,0,0,0,54.0053912571498,89.087474822998,0,0,32.5445108847185,38.8830890655518,39.492247404371,0,0
0,0,0,0,3.29943413866891,0,3.12924443196206,0,0,0,5.4275288948646,0,0,0,0,0,0,0,0,0,0,0,0,0,0,0,0,0,0,0,0,0,0,0,0,0,0,0,0,0,0,0,0,0,0,0,0,0,0,0,3.39188442006707,0,0,0,0,0,5.12663484558667,0,2.75215125083923,0,0,0,0,0,0,0,0,0,0,0,0,0,0,0,0,0,0,0,0,0,0,0,3.29092723867866,2.95337605476379,0,0,0
0,0,0,0,0,2.84757399559021,0,4.34404320736144,0,0,0,5.55223369598389,0,3.62803916497664,0,0,0,0,0,0,0,0,0,0,0,0,0,0,0,0,0,0,0,0,0,0,0,0,0,0,0,0,0,0,0,0,0,0,0,0,0,4.06173554019652,0,0,0,0,0,4.39290814399719,0,3.04938518504302,0,0,0,0,0,0,0,0,0,0,0,0,0,0,0,0,0,0,0,0,0,0,3.42650767473074,0,0,0,0
4.72921423211185,0,6.46321215629578,0,3.3811651468277,0,0,0,4.78643708483495,0,0,0,0,0,0,0,4.1170449256897,0,0,0,0,0,0,0,4.40324709956179,0,4.05829107761383,0,0,0,0,0,0,0,0,0,0,0,9.16077361487541,0,0,0,13.1932888031006,0,0,0,0,0,6.64701873605902,0,3.50645848682949,0,0,0,0,0,0,0,0,0,4.19109754296331,0,0,0,0,0,0,4.03952529865181,0,4.21636533737183,0,0,0,0,0,0,0,0,0,0,0,8.81220180051147,7.03427341971735,0,12.2270570993423,0,0
0,7.343559602657,0,4.73540108387287,0,0,0,0,0,5.42863034351207,0,0,0,0,0,6.97170045181197,0,0,0,0,0,0,0,5.61601484446756,0,0,0,0,0,0,0,0,0,0,0,0,0,8.34463151570024,0,0,0,42.7019457817078,0,0,0,28.551139831543,0,0,0,8.34509425009451,0,4.70019621508462,0,0,0,0,0,30.9597930908203,0,0,0,4.43689635220696,49.0536460876465,0,0,0,6.66511571560151,0,0,0,0,0,0,0,0,0,0,0,0,0,8.59374902440214,0,6.82742396082197,0,36.0509300231934,29.9867610931396,0
8.50367730004447,0,23.9838827292124,58.5835928806039,25.4738683700562,0,7.34666756048041,0,0,0,6.72764079380761,0,7.35210873629596,0,0,0,64.3992029005481,77.6005160991962,45.8345459554797,0,4.2388942959797,0,0,0,0,0,0,0,4.44887691073948,0,7.68443502982457,0,0,0,0,0,14.5834035323216,0,5.26711903852329,53.2501924393025,41.6429525033022,67.0034156799316,21.8510966003571,0,31.9644835789998,63.3452643032732,29.5952989475147,42.9023418426514,30.5632771229503,61.5148452758789,7.39886071141561,71.6680297851562,5.12663484558667,0,0,0,0,70.4649547230114,5.57750616915086,0,8.04005789756775,0,75.3258857727051,12.4103433250106,0,0,0,0,0,0,0,5.63285409659147,80.9984550476074,5.92262156297696,0,0,0,0,69.9803810744989,42.921425557806,82.9591445922852,29.8518351448907,16.0727756020123,37.9915018081665,19.3490655909603,73.5191207885742,15.4371570185792
0,7.68715771761808,64.5426235198975,19.9437347984314,0,6.98629713058472,0,6.41425904418741,0,16.5483408768972,0,7.30217622106667,0,4.95621128082275,0,0,87.9240951538086,59.8264503479004,34.4013961729456,5.02487519079325,0,0,0,0,0,0,0,5.86423902511597,0,6.35107189044356,0,0,0,0,0,6.95347654675863,0,4.64209391524859,0,55.1287181854248,0,23.3010253404316,0,41.6730111440023,0,36.4773896081107,46.2565574645996,39.4080848693848,0,24.0334201035676,0,5.86705132802327,0,4.39290814399719,0,30.9597930908203,70.4649547230114,0,0,3.99554094862431,0,0,13.2783775064039,85.5664749145508,0,0,0,0,0,0,0,0,7.10394541148482,0,0,0,0,0,49.9217586373924,92.4925079345703,46.9936459859212,0,13.2769200499096,39.8172092437744,11.1249065892134,18.7862368477715,71.2086563110352
6.2866858124733,0,4.41032409667969,0,0,0,3.48436158436995,0,0,0,3.17287629732379,0,3.29874668618427,0,3.02146388888359,0,0,0,0,0,0,0,0,0,0,0,0,0,2.75199055671692,0,14.8271036148071,0,0,0,0,0,0,0,0,0,0,0,29.1493595668248,0,0,0,0,0,6.32889461517334,0,4.93511758879119,0,2.75215125083923,0,0,0,5.57750616915086,0,0,0,4.09104612025809,0,0,0,0,0,0,0,0,0,0,4.1914689540863,0,11.4159025805337,0,0,0,0,0,0,0,0,3.20213707198811,3.05894696712494,12.2889964809156,0,0
0,8.18346460887364,59.1570205688477,4.38978525254785,0,0,0,4.31990544702492,0,0,0,4.4209462775979,0,3.91571772045871,0,0,0,0,0,0,0,0,0,0,0,0,0,5.08935626863917,0,0,0,0,0,0,0,0,0,0,0,46.5575065612793,0,31.8840398054857,0,0,0,0,0,0,0,12.9948943094774,0,3.42232467388285,0,3.04938518504302,0,0,0,3.99554094862431,0,0,0,3.50252462923527,0,0,0,0,0,0,2.81800977389018,0,4.09250985182725,0,0,0,0,0,0,0,0,0,0,0,5.46762117084704,5.71096467971802,20.7028823657469,0,0
7.42362963384198,0,0,0,0,0,0,0,3.14343178007338,0,0,0,0,0,3.57590895349329,0,27.5358098347982,38.5085220336914,0,0,0,0,0,0,3.35582733154297,0,0,0,0,0,0,0,0,0,0,0,0,0,0,0,0,0,22.6736424763997,0,0,0,0,0,6.23844417772795,0,3.75889242612399,0,0,0,4.19109754296331,0,8.04005789756775,0,4.09104612025809,0,0,0,0,0,0,0,0,0,0,0,0,0,0,0,0,0,0,0,0,0,0,0,3.47209010124207,0,12.9875120959439,0,0
0,10.0771586854234,0,4.63099624128903,0,0,0,0,0,4.44757626454035,0,0,0,0,0,3.05034237437778,0,0,0,0,0,0,0,13.4904222488403,0,0,0,0,0,0,0,0,0,0,0,0,0,0,0,0,0,26.4526541028704,0,0,0,0,0,0,0,4.18353854285346,0,4.4837339065484,0,0,0,4.43689635220696,0,0,0,3.50252462923527,0,0,0,0,0,0,13.0801820755005,0,0,0,3.38383972644806,0,0,0,0,0,0,0,0,0,0,0,4.6489607890447,4.4807702600956,21.2500267939134,0,0
0,23.7604789733887,0,43.0792371114095,67.0215911865234,0,0,0,0,61.7686424255371,0,7.27915970713115,0,0,0,0,71.9635242246232,66.1423759460449,50.6194930449962,7.69472287837495,0,0,0,0,0,0,0,0,0,0,0,0,0,0,0,7.70521080167326,0,12.5716814528455,0,16.1207802116423,87.1609382629395,30.651596275759,67.0979322953658,37.4519288063049,64.2827224731445,12.8382097576855,73.9016609191895,0,0,0,0,50.3384017944336,0,0,0,49.0536460876465,75.3258857727051,13.2783775064039,0,0,0,0,0,85.5953801472982,0,0,0,0,0,0,0,0,19.2117703960788,0,0,0,0,0,15.9444903209918,92.3247261047363,9.35719046896515,0,19.1099608284009,46.1307849884033,20.2384860771413,47.7127415713142,67.2496554056803
0,0,40.0549806867327,76.5007915496826,0,0,0,0,0,0,6.04346375332938,0,0,0,0,0,63.2379746500651,83.3901074727376,50.4256103231683,0,5.77303728435193,0,0,0,0,0,0,0,0,0,0,0,0,0,0,0,5.53760502338409,0,5.49098468462626,74.3744812011719,16.252276911278,69.3346650865343,30.3299519488242,0,33.98793055461,75.086642074585,17.0927409303671,38.3857269287109,39.4418790181478,42.1243362426758,2.945317029953,0,0,0,0,0,12.4103433250106,85.5664749145508,0,0,0,0,85.5953801472982,0,0,0,0,0,0,0,0,0,0,35.5697453689575,0,0,0,0,86.718475818634,19.7640865862532,0,49.6388777626885,21.0831012137885,35.8913352489471,22.6328193984665,57.2757699754503,30.9139693260193
0,0,0,0,0,0,0,0,0,0,0,0,0,0,0,0,0,3.51925449711936,0,0,0,5.31151331662228,8.44375522931417,5.9744365119294,0,4.87072423741787,0,2.91098461151123,0,0,0,0,0,0,0,0,0,5.50626141219944,0,0,0,0,0,0,0,0,0,0,0,0,0,0,0,0,0,0,0,0,0,0,0,0,0,0,0,0,5.41744378746533,0,4.38699463318134,0,5.97763721515678,0,0,0,0,0,0,0,0,0,7.34006006283989,0,6.14456691028916,11.6072697639465,0,0,0
0,0,0,0,0,0,0,0,11.6176977157593,0,0,0,0,0,22.5687274932861,0,8.36561098592035,31.7559614181519,0,0,0,0,4.75713581045272,0,7.39523801988768,0,12.873498916626,0,5.67839979323057,0,0,0,0,0,0,0,0,0,5.02056603877039,0,0,0,0,0,0,0,0,0,13.7375469207764,0,0,0,0,0,0,0,0,0,0,0,0,0,0,0,0,0,0,4.97446561041679,0,5.02336044298601,0,4.13090068682448,0,0,0,0,0,0,0,0,0,4.61510440121496,7.54247193751128,23.5690159797668,0,0,0
0,0,0,0,0,0,0,0,0,10.3263282687576,0,0,0,0,0,10.1372874641418,0,0,0,0,0,4.04995490795325,0,3.79592537760286,0,0,0,0,0,0,0,0,0,0,0,0,0,6.3938001154138,0,0,0,27.8560321807861,34.9067554473877,0,0,0,0,16.9900150299072,0,3.61623714028335,0,0,0,0,0,6.66511571560151,0,0,0,0,0,13.0801820755005,0,0,5.41744378746533,0,0,0,3.5389902905414,0,0,0,0,0,0,0,0,0,0,0,6.27060938766322,0,8.30969928726932,23.7062530517578,8.99714731721317,0,0
0,0,0,0,0,0,0,0,3.456792814391,0,0,0,0,0,0,0,20.1261925697327,22.2728646596273,0,0,0,0,5.00269984394186,0,4.41613789438044,0,4.22686719894409,0,7.1556510925293,0,0,0,0,0,0,0,0,0,6.89054343634182,0,0,0,12.2909708023071,0,0,0,0,17.0283441543579,6.23440206592733,0,0,0,0,0,4.03952529865181,0,0,0,0,0,0,0,0,0,0,4.97446561041679,0,0,0,3.53101717204933,0,7.39370107650757,0,0,0,0,0,0,0,0,0,8.39516641655747,12.0299348831177,0,12.0026777904542,0,0
0,0,0,0,0,0,0,0,0,0,0,0,0,0,0,0,0,2.98158017794291,0,0,0,4.57820576032003,0,3.51448337160624,0,3.18139160958482,0,0,0,0,0,0,0,0,0,0,0,0,0,0,0,0,0,0,0,0,0,0,0,0,0,0,0,0,0,0,0,0,0,2.81800977389018,0,0,0,0,4.38699463318134,0,3.5389902905414,0,0,0,2.8505767583847,0,0,0,0,0,0,0,0,0,0,0,0,0,0,0,0
0,0,0,0,0,0,0,0,3.48340600331624,0,0,0,2.97974341565912,0,3.24899499556598,0,8.35916462697481,0,0,0,0,0,4.07109969561217,0,3.70610166998471,0,3.1523361944017,0,3.35505287213759,0,0,0,0,0,0,0,0,0,0,0,0,0,0,0,0,0,0,0,0,0,0,0,0,0,4.21636533737183,0,0,0,0,0,0,0,0,0,0,5.02336044298601,0,3.53101717204933,0,0,0,3.09404378277915,0,0,0,0,0,0,0,0,0,0,4.21537883083026,0,0,0,0
0,0,0,0,0,0,0,0,0,0,0,10.1848069245999,0,4.44465754301317,0,0,0,0,0,0,0,6.13311638697772,0,0,0,2.96363747119904,0,3.97591092713653,0,4.58833713449809,0,0,0,0,0,0,0,4.02819042456778,0,0,0,0,0,0,0,0,0,0,0,0,0,0,0,0,0,0,0,0,0,4.09250985182725,0,3.38383972644806,0,0,5.97763721515678,0,0,0,2.8505767583847,0,0,0,3.48020454247793,0,0,0,0,0,0,0,6.6033857229451,0,4.35334140894799,0,0,0,0
0,0,0,0,0,0,0,0,0,0,2.89990210533142,0,4.41486873030663,0,4.33433938026428,0,0,0,0,0,0,0,5.58134926689996,0,7.27714347839355,0,3.38431894779205,0,3.65485023779747,0,8.85879324382766,0,0,0,0,0,0,0,6.12011307565605,0,0,0,0,0,0,0,0,0,6.57928574857094,0,0,0,0,0,0,0,5.63285409659147,0,4.1914689540863,0,0,0,0,0,0,4.13090068682448,0,7.39370107650757,0,3.09404378277915,0,0,0,9.21675903826952,0,0,0,0,0,0,0,5.11864296346216,4.85632200922285,0,0,0,0
0,0,0,32.6254463195801,0,0,0,0,0,0,0,6.85677889601825,0,0,0,0,0,0,25.761673780588,0,0,0,0,0,0,0,0,9.0962628220257,0,6.42192324034629,0,0,0,0,0,67.7142562866211,0,4.04674202629498,0,49.320915222168,0,13.3950073480606,0,0,0,31.1023657662528,79.1215744018555,0,0,8.76080139478048,0,0,0,0,0,0,80.9984550476074,7.10394541148482,0,0,0,0,19.2117703960788,0,0,0,0,0,0,0,3.48020454247793,0,0,0,0,0,0,0,50.2691197250829,0,4.39550167506503,0,26.7176557709189,0,16.3409045727357,18.3213299796695,0
0,0,29.5420615332467,0,41.9638366699219,0,0,0,0,0,4.55402977538831,0,16.2533721923828,0,0,0,61.7758322821723,75.8121159871419,42.7577525316659,0,0,0,0,0,0,0,0,0,5.51922935778552,0,4.6975609545805,0,0,0,0,0,40.1798324584961,0,3.69572839736938,65.885778427124,54.2280426025391,72.5210800170898,17.9998796527512,60.7915840148926,34.5419368743896,82.0069147745768,32.0370560187798,51.5372924804688,10.4827904939651,0,40.172435760498,0,0,0,0,0,5.92262156297696,0,11.4159025805337,0,0,0,0,35.5697453689575,0,0,0,0,0,0,0,9.21675903826952,0,0,0,0,0,0,85.2721862792969,47.2783241439284,0,3.88191294005524,29.7621569702591,45.2811794281006,8.07911218054385,86.1362380981445,18.474536834619
0,0,0,0,0,0,0,0,0,0,0,0,0,0,0,0,0,0,0,0,0,0,0,0,0,0,0,0,0,0,0,9.97643860668695,8.41596905390421,12.0259637832642,0,7.22041324989915,0,0,0,0,0,0,0,0,0,0,0,7.74274122765785,0,17.0591803673775,0,0,0,0,0,0,0,0,0,0,0,0,0,0,0,0,0,0,0,0,0,0,0,0,0,0,3.42976141258662,0,7.19518827604798,0,0,0,4.29874383078681,0,0,0,0
0,0,0,0,0,0,0,0,0,0,0,0,0,0,0,0,0,0,0,0,0,0,0,0,0,0,0,0,0,0,0,8.31364512443542,11.4837208054492,0,4.14701830318996,0,6.45479855703753,0,0,0,0,0,0,0,0,0,0,6.93045142490398,8.67870821555456,14.9238967895508,0,0,0,0,0,0,0,0,0,0,0,0,0,0,0,0,0,0,0,0,0,0,0,0,0,0,0,5.8111473150787,0,6.69476288169093,0,0,6.23128645277735,0,0,0,0
0,0,0,0,0,0,0,0,0,0,0,0,0,0,0,0,0,0,0,0,0,0,0,0,0,0,0,0,0,0,0,3.99762952633393,0,4.50472134264563,3.36832756294924,5.23000242734196,0,6.22723245401324,0,0,0,0,0,0,0,0,0,3.03400299109911,0,0,0,0,0,0,0,0,0,0,0,0,0,0,0,0,0,0,0,0,0,0,0,0,0,0,3.42976141258662,0,0,4.5283351195486,5.3910345148832,0,4.37644801813509,0,3.23167973681721,5.36938877900441,0,0,0
0,0,0,0,0,0,0,0,0,0,0,0,0,0,0,0,0,0,0,0,0,0,0,0,0,0,0,0,0,0,0,0,6.47071809493578,4.0867440700531,4.58930421296167,0,6.30276455576458,0,5.9324499515065,0,0,0,0,0,0,0,0,6.09034210025218,0,0,0,0,0,0,0,0,0,0,0,0,0,0,0,0,0,0,0,0,0,0,0,0,0,0,0,5.8111473150787,4.5283351195486,0,0,10.243166956436,0,7.13287953089239,5.68584949526955,5.68587970733643,0,0,0
85.3779335021973,32.8820754686991,61.3604156494141,42.444402558463,75.2696756635393,0,0,0,0,56.2554130554199,0,9.43527948116434,0,0,0,0,70.1151442656646,71.2639128016675,47.1584215198262,6.21689769142009,0,0,0,0,0,0,0,0,0,0,0,16.2597963308033,0,6.57498301180627,0,6.66899840771508,0,7.33882675251718,0,24.2322836562699,82.3710528782436,30.0122152005567,70.1816913816664,30.0577662898977,71.6257343292236,23.5255000788521,71.271593430463,6.25801077226351,32.0060043334961,21.6608037948608,88.8173980712891,54.0053912571498,0,0,0,0,69.9803810744989,49.9217586373924,0,0,0,0,15.9444903209918,86.718475818634,0,0,0,0,0,0,0,0,50.2691197250829,85.2721862792969,7.19518827604798,0,5.3910345148832,0,0,91.5730086295835,6.72467527425396,0,18.4810905963227,21.7378526926041,32.2691006055692,28.9384003604505,79.1291249593099
29.9682197570801,57.8735084533691,43.7924874045632,76.5315856933594,48.8671776698186,0,0,0,0,0,4.40520233527208,0,0,0,0,0,64.3123859549468,76.3621583938599,48.756155474302,0,6.30570921415693,0,0,0,0,0,0,0,0,0,0,0,5.68067309489617,0,12.9476972096403,4.11803124410025,5.90427314623024,0,7.27360139138321,80.3356862749372,24.8138857860445,73.3983585651104,26.4827597577028,73.9679346084595,28.0797629872306,78.0767404061777,18.1498964740775,7.92357335083104,46.0396442452415,0,47.8889793554942,89.087474822998,0,0,0,0,42.921425557806,92.4925079345703,0,0,0,0,92.3247261047363,19.7640865862532,0,0,0,0,0,0,0,0,0,47.2783241439284,0,6.69476288169093,0,10.243166956436,91.5730086295835,0,0,6.88546846872896,16.4254939441209,9.13790883894624,34.2398707902394,64.5187721252441,30.969879503195
