0,0,0.077373309780418,0,0,0,0,0,0.0612242372021101,0,0,0,0,0,0,0,0,0,0,0,0,0,0,0,0.0179253127448133,0,0.000141785621084009,0,0,0,0,0,0,0,0.000745503859025682,0,0,5.17123582976589e-06,0.00399417694062674,0,0,1.49414844124499e-05,0.00537909188407465,0,0,0,3.95837436716603e-05,0.000336347871533209,0.00746854598972527,4.22506904038122e-05,0,0,0,0,0.0293380776720122,0,0,0,0,0,0.000202312335059428,0,0,2.05852839215305e-05,0,0,0,0.00885962944844635,0,0,0,0,0,0,0,0,0,0.000263275123623486,0,8.65478310074888e-06,1.95987372456845e-05,0.0001608101090607,0.000773012532836775,0,0.0205045972019714,0,0.00563270244262209
0,0,0,0.292256105673635,0,0.0114308524727394,0,0,0,0.0686497501012837,0,0,0,0.00597168729785565,0,0.0283976007413835,0,0,9.17412373999593e-05,0,0,0,0,0.000333780855434115,0,0,0,0,0,0,0,0,0,0.00306905855228318,0,0.000670967224448563,0,0.000352499215746083,1.04740269141288e-05,2.10403073324067e-05,0,0.00608117641788734,0,0,0,0,0,0.000374100627001845,8.4135003399819e-05,0.0896513591882459,0,0,0,0,0,0.110228137221782,0,0.00723469502547088,0,0.00296394607928694,0,0.145420257625491,3.42924504253515e-05,0,0,0,0,0,0,0,0,0,3.92269932985136e-05,0,0,0,0.00481805820126806,0,5.6832511424426e-05,0,6.87257463854104e-06,4.28550854279666e-06,0.000962130451692672,0,0.0101206866848401,0.00790121496481853,0
0.077373309780418,0,0,0,0.0431447575063278,0,0,0,0,0,0,0,0,0,0,0,0,1.21948551156942e-05,3.47679767414497e-05,0,0.00266150654574186,0,0,0,0,0,0,0,0,0,0,0,0,0,0,0,0.00123925051390905,0,0,0.000170537001497357,0.000725036218494576,0.000154658805182672,0.00278811635506316,0,0,0,0.000137432201445478,1.40578072592939e-05,0.0057531025800349,0.000717131670638412,0.00148613171571037,0,0,0,0,0,0.00108320667646959,0,0.000595118176349749,0,0,0,0,0.00579583777051165,0,0,0,0,0,0,0,0,0,7.96900008661755e-05,0,0,0,0,0,0.000351679600643422,0,0,0.000930296152710605,0,0.0302916350777734,0,0.000101987226023947
0,0.292256105673635,0,0,0,0.147920212018719,0,0,0,0.057187994580318,0,0.00044981501719097,0,0,0,0,9.3073646153974e-06,3.46777784845771e-05,0.000776629484581281,0.00557239953638278,0,0,0,0,0,0,0,0,0,0,0,0,0,0,0,0.00197947890574896,0,0,0,0.00482518917110766,5.3457031766646e-05,0.00399883288955941,0.000393834509836004,0.00294102544691331,0,0.00133619187910457,0,3.81563028546407e-05,0,0.0303534285095311,0,0,0,0,0,0.00815687865901632,0,0.000382548665742723,0,0,0,0,0.000135126172759788,0,0,0,0,0,0,0,0,0,0.000326888258872875,0,0,0,0,0,0.000208506951806388,5.83277180631029e-06,5.07002910076409e-05,0,0.000672255851344136,0,0.0384482034708542,0,0
0,0,0.0431447575063278,0,0,0,0.0683995919895749,0,0.0476965662850033,0,0.0100885313345254,0,0.00128051036447954,0,0.00142969945124137,0,0,0,0,0,0.0690157916397456,0,0,0,0,0,0,0,0,0,0,0,0,0,0,0,0.000670527138048434,0,0,0,0,0,0,0,0,0,0,0,8.20432643290018e-05,4.72868924242475e-05,0.0230085181399403,0,0,0,0.00104098395370218,0,0.00125113105494367,0,0.00272949449476772,0,0,0,0,0.0207894385868895,0,0,0,0,0,0,0,0,0,0,0,0,0,0,0,0.000495832658671835,0,0,0.00435842974713986,0,0.00175068799888995,0,0
0,0.0114308524727394,0,0.147920212018719,0,0,0,0.0110393722364647,0,0.0560440624519755,0,0.000411612577420374,0,0,0,0,0,3.09281679077324e-05,0.000163681866849454,0.103603652875494,0,0,0,0,0,0,0,0,0,0,0,0,0,6.77771434664225e-05,0,0.019807995393391,0,0,0,0.00544505223494665,0,0.00187563996065266,0.00025350147360404,0.000374715958872489,0,0.0132084920415747,0,0.000159034592055297,1.24742020185158e-05,0.00871902218140441,0,0.0951877418383667,0,0,0,0.126542173595451,0,0.00451345830513143,0,0,0,0.00836942601485195,0.0744928396967938,0,0,0,0,0,0,0,0,0,0,0,0,0,0.00013314772564347,0,0.00129848277352648,1.04028083579044e-05,0,0,0.00506900380355181,0.000200688780237088,0.0320011145132113,7.3470070338413e-05,0
0,0,0,0,0.0683995919895749,0,0,0,0,0,0.00182409138256998,0,0,0,0,0,0,0,0,0,0.0031735103985061,0,0,0,0,0,0,0,0,0,0,0,0,0,0,0,1.96481212847708e-05,0,0,0,0,0,0,0,0,0,0,0,0,0,0,0,0,0,0,0,0,0,0,0,0,0,0,0.000173691762081491,0,0,0,0,0,0,0,0,0,0,0,0,0,0,0,2.1152375640495e-05,0,0,0.00229920287648452,0,8.44956481244172e-05,0,0
0,0,0,0,0,0.0110393722364647,0,0,0,0,0,0.000294464087346569,0,0,0,0,0,0,0,0.00122310526933593,0,0,0,0,0,0,0,0,0,0,0,0,0,0,0,0,0,0,0,0,0,0,0,0,0,0,0,0,0,0,0,0,0,0.00373849065907488,0,0,0,0,0,0,0,0,0.000465914240680631,0,0,0,0,0,0,0,0,0,0,0,0,0,0,0,0,0,0,0,0.00351001364095728,2.37717859587583e-05,0.000127149893350064,0,0
0.0612242372021101,0,0,0,0.0476965662850033,0,0,0,0,0,0,0,0,0,0.0681854336288265,0,0.000115649848266307,0,0,0,0,0,0,0,0.0330022420464005,0,0.00605222636728802,0,0,0,0,0,0,0,0.00577005015934666,0,0,4.54437642254552e-06,0.00865220884893366,0,0,0,0.00160424996981784,0,0,0,0,0.000164519619383343,0.00296275545460523,0,0.0039755306849457,0,0,0,0.230975953474645,0,0.000209752347752517,0,0.000689673516543207,0,0.0100483766581791,0,0,0,0,0,0,0.0272819543514663,0,0,0,0,0,0,0,0,0,0.00174234529173145,0,0,1.89716058197373e-05,0.000316169453581225,0.00558092571950403,0.000395108774935927,0.00295268129993684,0,0.00160492769224238
0,0.0686497501012837,0,0.057187994580318,0,0.0560440624519755,0,0,0,0,0,0,0,0,0,0.000877649631387985,0,0.00130441988284118,9.77774520535975e-05,0.00741804259832592,0,0,0,0.0050122383455054,0,0,0,0,0,0,0,0,0,0.00769757465085478,0,0.0014032125744163,0,0.00158117052240418,1.64438268200361e-05,0.00025016392373084,0,0.00487227834943382,6.88282263234972e-05,0,0,0.00104845608670641,0,0.000353486615014373,0.000251976467898128,0.0181682838533661,0,0.0371377835167703,0,0,0,0.254520689986329,0,1.47073928592229e-05,0,0,0,0.0654335693352263,0.00318840370372716,0,0,0,7.9305981478435e-05,0,0,0,0,0,0,0,0,0,0.0123467078719638,0,0.000307296648790225,0,7.21074132447692e-05,2.80069393027376e-05,0.00127324930560125,0,0.00554543071708818,0.00103696075792285,0
0,0,0,0,0.0100885313345254,0,0.00182409138256998,0,0,0,0,0,0.0535314301534042,0,0,0,0,0,0,0,0.15718740145015,0,0,0,0,0,0,0,0.000970488203040383,0,0.00194455383690525,0,0,0,0,0,0.0011839818690524,0,0.0664970233298868,0,0,0,0,0,0,0,0.000184801959055518,0,0,0,0,0,0,0,0,0,0.0267965321348074,0,0.000732171919896738,0,0,0,0,0.0112326300524654,0,0,0,0,0,0,0,0,0,0.00370258125532131,0,0,0,0,0,0.00127895784535112,0,0.0388657230272651,0.0046957983178803,0.00019493285172323,0.000102143286742083,0,0
0,0,0,0.00044981501719097,0,0.000411612577420374,0,0.000294464087346569,0,0,0,0,0,9.43391223295897e-05,0,0,0,0,3.84098290901742e-05,0.0431893407862768,0,0,0,0,0,0,0,0,0,0.000733161287670998,0,0,0,0,0,0.000165520071092673,0,0.00138959424924242,0,0.000553020907023985,2.11732814101246e-05,0.000190417456132168,1.53568287414109e-05,2.92638858026282e-05,0,0.000699129849088378,0,1.12491379367402e-05,0,0.000339459892922612,0,0,0,0,0,0,0,0.314491805656538,0,0.000524882194778427,0,0,0.115887511694727,0,0,0,0,0,0,0,0,0,0.0177859992764595,0,0,0,0,0,2.59305577132126e-05,0,0.000615515897671976,0,0.000828433079995173,0,0.00187623853009592,0,0
0,0,0,0,0.00128051036447954,0,0,0,0,0,0.0535314301534042,0,0,0,0.00118322216059387,0,0,0,0,0,0,0,0,0,0,0,0,0,0.00146240168894408,0,0.00080890576260733,0,0,0,0,0,0,0,0,0,0,0,0,0,0,0,0,0,0,0,0,0,0,0,0,0,0.017665104071406,0,0.0669249381547561,0,0,0,0,0,0,0,0,0,0,0,0,5.69672007038114e-05,0,0,0,0,0,0,0,0,0,0,0.00730301219629934,0.000598433350195328,0,0,0
0,0.00597168729785565,0,0,0,0,0,0,0,0,0,9.43391223295897e-05,0,0,0,0,0,0,0,0,0,0,0,0,0,0,0,0,0,0,0,0,0,0,0,0,0,0,0,0,0,0,0,0,0,0,0,0,0,0,0,0,0,0,0,0.00348673047328432,0,0,0,0.00991460623204234,0,0.0195934629779922,0,0,0,0,0,0,0,0,0,0,0,0,0,0,0,0,0,0,0,0,0.00433513546117025,7.84447335641594e-05,0,0,0
0,0,0,0,0.00142969945124137,0,0,0,0.0681854336288265,0,0,0,0.00118322216059387,0,0,0,0.00269274254393458,0,0,0,0,0,0,0,0,0,0.056133039885622,0,0,0,0,0,0,0,0,0,0,0,0,0,0,0,0,0,0,0,0,0,0,0,0.00310044878991686,0,0,0,0.228191943889945,0,0,0,0.0882840605736189,0,0.427425943294947,0,0,0,0,0,0,0,0,0.00608098814935562,0,4.01122557860401e-05,0,0,0,0,0,0,0,0,0,0,0.00212865181067711,0,0,0,0
0,0.0283976007413835,0,0,0,0,0,0,0,0.000877649631387985,0,0,0,0,0,0,0,0,0,0,0,0,0,0,0,0.0049825039443055,0,0,0,0,0,0,0,0,0,0,0,0,0,0,0,0,0,0,0,0,0,0,0,0.00144200783065632,0,0.00399327192294935,0,0,0,0.0182030904068036,0,0,0,0.0532874154622268,0,0.248934096448664,0,0,0,0,0,0,0,0,0.00201264762306676,0,0,0,0,0,0,0,0,0,0,0,0.000158284614915065,0,0,0,0
0,0,0,9.3073646153974e-06,0,0,0,0,0.000115649848266307,0,0,0,0,0,0.00269274254393458,0,0,0.165353445808076,0.113127903565021,0,0,0,0.000938929529251775,0,0.000599602451781924,0,0.0161747165609224,0,0.00069065140661492,0,0,0,0,0,0,0,0,0,0,0.000473023577385885,0.000705684307496948,0.000181557625886299,0.000343511986520796,0,0,2.55629268235333e-05,0.000619717167720678,0,1.7423655035091e-05,1.2412656686903e-05,0,0,0,0,0,0,5.36333310160807e-06,7.73590353253086e-05,0,0,0,0,1.43869645207605e-05,0.000116943052244537,0,0,0,0,0,0,0,0,5.37504623826643e-05,0,0,0,0,0,0.000389806967949024,0.000454460905874725,0.000144125638168871,5.81148449825254e-05,0.0135199757846507,9.10374196341722e-07,0.00233055726490362,0,0
0,0,1.21948551156942e-05,3.46777784845771e-05,0,3.09281679077324e-05,0,0,0,0.00130441988284118,0,0,0,0,0,0,0.165353445808076,0,0.116793603829358,3.89448826511784e-05,0,0,0,0.00158906581381646,0,0.000186080837524805,0,1.38101193004721e-05,0,0,0,0,0,0,0,0,0,0,0,0.00360260673039568,0.00054647651492465,0.00243555153655411,0.000373372281436097,0.000100251646010638,0,0.000113584435404461,0.000596414796487463,0,7.04204470889025e-06,6.97718738928104e-05,0,0,0,0,0,0,3.25032227401192e-05,0.000488632086382094,0,0,0,0,0.000357866209745685,0.000127892512615393,0,0,0,0,0,0,0,0,0.00037316719201457,0,0,0,0,0,0.00212813853542683,0.000457849638012871,0.00135038689842551,9.83253582041148e-05,0.0207198032235246,0.000224664734132324,0.00735867833170372,3.36691314676134e-05,0
0,9.17412373999593e-05,3.47679767414497e-05,0.000776629484581281,0,0.000163681866849454,0,0,0,9.77774520535975e-05,0,3.84098290901742e-05,0,0,0,0,0.113127903565021,0.116793603829358,0,0.000270515610762435,6.53437997343179e-05,0,0,0,0,0,0,0,0,0,0,0,0,0,0,3.89867262204837e-05,0,7.63987282390998e-06,0,0.0303354990644214,0.0255123426550738,0.0152139460448702,0.014833886116017,0.00160350837710291,0,0.00086284053462167,0.0369990185137915,4.09047028599921e-06,0.000993304537003462,0.000878128322808356,0,0,0,0,0,0,0.000885199149842743,0.00325304956012709,0,0,0,0,0.00225475300055714,0.00850077259858804,0,0,0,0,0,0,0,0,0.00247301095299924,0,0,0,0,0,0.0197716285187315,0.0184001993187955,0.00935534697002592,0.00485505753590985,0.0187837504134829,0.000115173805054938,0.154034137562146,0.00124573788090555,0.000303336228348744
0,0,0,0.00557239953638278,0,0.103603652875494,0,0.00122310526933593,0,0.00741804259832592,0,0.0431893407862768,0,0,0,0,0,3.89448826511784e-05,0.000270515610762435,0,0,0,0,0,0,0,0,0,0,0,0,0,0,0,0,0.0232430482906359,0,0.0178190210047133,0,0.000930962028516254,2.97850212151387e-05,0.000454011074766803,2.84780639924296e-05,5.56211305725099e-05,0,0.00365072354831091,0,0.000101916231031743,0,0.0011296069532433,0,0,0,0,0,0.00760228140382956,2.09159179247434e-05,4.87999796672852e-05,0,0,0,0,0.191838725762714,2.02709363917566e-05,0,0,0,0,0,0,0,0,0,0,0,0,0,0,0.0138867560715967,1.4249593687341e-06,0.00254996038786021,0,0.0034680103901928,0,0.00461121165641394,0,0
0,0,0.00266150654574186,0,0.0690157916397456,0,0.0031735103985061,0,0,0,0.15718740145015,0,0,0,0,0,0,0,6.53437997343179e-05,0,0,0,0,0,0,0,0,0,0,0,0,0,0,0,0,0,0.0210062541378852,0,0.00732052568162471,0,0.000379154106459545,0,0.000176487837060483,0,0,8.94042933317135e-05,0.0102807878105473,0,0.00113308200503191,6.46225425102211e-05,0,0,0,0,0,0,0.035924746165957,0,0.000128909990187187,0,0,0,0,0.138743498931642,0,0,0,0,0,0,0,0,0,0,0,0,0,0,0,0.00458091614281255,0,0.0012600199500514,0.00233734533862446,0,0.00863967201736175,0,0
0,0,0,0,0,0,0,0,0,0,0,0,0,0,0,0,0,0,0,0,0,0,0.0522221764398501,0.00901571928871952,0,0,0,0,0,0,0,0,0,0,1.03632830922827e-05,0,0,0.0106519613277257,4.56565926466346e-05,0,0,0,0,0,0,0,0,0.000183105641568654,0.000106772745346015,0.00702448153949724,0,0,0,0,0,0,0,0,0,0,0,0,0,0,0.405740396883973,0.000455452135386963,0.00582429773701696,0,0,0,6.57639703930124e-05,0,0,0,0,0,7.96655310898601e-06,0,0,0,0.0126526618178654,9.0003391702358e-05,0.0114962483754733,0.00212684977356294,6.63904341088655e-06,0,0
0,0,0,0,0,0,0,0,0,0,0,0,0,0,0,0,0.000938929529251775,0,0,0,0,0.0522221764398501,0,0,0.00498562249005152,0,0.00760314890186512,0,0.00222732679166018,0,0,0,0,0,0,0,0,0,0.0137338794288709,0,0,0,0,0,0,0,0,0,0,0,0,0,0,0,0,0,0,0,0,0,0,0,0,0,0.00838653319306052,0.181270804683247,0,0.005605425869876,0,0,0,0.00640009094891167,0,0,0,0,0,0,0,0,0,0.031299933873367,0.00943084573179522,0.00120427684691753,0,0,0
0,0.000333780855434115,0,0,0,0,0,0,0,0.0050122383455054,0,0,0,0,0,0,0,0.00158906581381646,0,0,0,0.00901571928871952,0,0,0,0.000200317485285151,0,0,0,0,0,0,0,0.000289344609830752,0,0,0,0.0023144548473269,0,0,0,0,0,0,0,0,0,0,0,0.00327311098391446,0,0,0,0,0,0.000439891574145996,0,0,0,0,0,0,0,0,0.00322425547780827,0,0.43438627623748,0,0,0,0,0,0,0,0,0,0.000222783109890131,0,0,0,0.00183844548622357,0,0.00525144312664374,0.000651090218170055,0.000429487515909263,0,0
0.0179253127448133,0,0,0,0,0,0,0,0.0330022420464005,0,0,0,0,0,0,0,0.000599602451781924,0,0,0,0,0,0.00498562249005152,0,0,0,0.0370022419969569,0,0,0,0,0,0,0,0,0,0,0,0.00196665223425206,0,0,0,0,0,0,0,0,0.000139724575821329,2.42158388167366e-05,0,0,0,0,0,0.282623452290535,0,0,0,0,0,0,0,0,0,0,0,0,0.171413533873576,0,0.000839580039599608,0,0,0,0,0,0,0,0,0,0,0,0.000199991667188724,0.00236566458893976,0,0.00674353043753397,0,0
0,0,0,0,0,0,0,0,0,0,0,0,0,0,0,0.0049825039443055,0,0.000186080837524805,0,0,0,0,0,0.000200317485285151,0,0,0,0.0049270665740363,0,0,0,0,0,0,0,0,0,0,0,0,0,0,0,0,0,0,0,0,0,0,0,0,0,0,0,0,0,0,0,0,0,0,0,0,0.000315214629758026,0,0.24940958980897,0,0,0,0,0,0,0,0,0,0,0,0,0,0,0,0.00103041488799219,0,0,0,0
0.000141785621084009,0,0,0,0,0,0,0,0.00605222636728802,0,0,0,0,0,0.056133039885622,0,0.0161747165609224,0,0,0,0,0,0.00760314890186512,0,0.0370022419969569,0,0,0,0.00110291832689076,0,0,0,0,0,0,0,0,0,0,0,0,0,0,0,0,0,0,0,0,0,0,0,0,0,0.0334806222920589,0,0,0,0,0,0.000444045870209492,0,0,0,0,0.0121494824159105,0,0.00245253201063358,0,0.284530746841369,0,2.14925425602521e-05,0,0,0,0,0,0,0,0,0,0,0.00492531806717912,0,7.3505201486364e-05,0,0
0,0,0,0,0,0,0,0,0,0,0,0,0,0,0,0,0,1.38101193004721e-05,0,0,0,0,0,0,0,0.0049270665740363,0,0,0,0.00451732942769595,0,0,0,0,0,0,0,0.00438471293098153,0,0,0,0,0,0,0,0,0,0,0,0,0,0,0,0,0,0,0,0,0,0.00127304756681149,0,0,0,0,0.0205914465057528,0,0,0,0,0,0.247069454075462,0,0.0289005133083931,0,0,0,0,0,0,0,0.00123004562325567,0,0.00495722380248696,3.32002053154049e-05,0,0,0
0,0,0,0,0,0,0,0,0,0,0.000970488203040383,0,0.00146240168894408,0,0,0,0.00069065140661492,0,0,0,0,0,0.00222732679166018,0,0,0,0.00110291832689076,0,0,0,0.0600864868491146,0,0,0,0,0,0,0,0.00670981256676396,0,0,0,0,0,0,0,0,0,0,0,0,0,0,0,0,0,0.000980518970840146,0,0.00244770579130084,0,0,0,0,0,0,0.000220995538076176,0,0,0,0,0,0.330572751270868,0,0.0383115619936323,0,0,0,0,0,0,0,0.00204491728217971,0.00474157832300463,0.000984069441007352,0,0,0
0,0,0,0,0,0,0,0,0,0,0,0.000733161287670998,0,0,0,0,0,0,0,0,0,0,0,0,0,0,0,0.00451732942769595,0,0,0,0,0,0,0,0,0,0.00840006237883994,0,0,0,0,0,0,0,0,0,0,0,0,0,0,0,0,0,0,0,0.00556557556194608,0,0,0,0,0,0,0,0,0,0,0,0,0,0,0.460223978113656,0,0,0,0,0,0,0,0.0183199564324209,0,0.000254873375065777,0,0,0,0
0,0,0,0,0,0,0,0,0,0,0.00194455383690525,0,0.00080890576260733,0,0,0,0,0,0,0,0,0,0,0,0,0,0,0,0.0600864868491146,0,0,0,0,0,0,0,0,0,0.00833907779110068,0,0,0,0,0,0,0,0,0,0,0,0,0,0,0,0,0,0.00515442019170676,0,0,0,0,0,0,0,0,0,0,0,0,0,0,0.0010327719199153,0,0.154764745802758,0,0,0,0,0,0,0,0.00581181607112721,0.000231557789103325,0.00011917012381471,0,0,0
0,0,0,0,0,0,0,0,0,0,0,0,0,0,0,0,0,0,0,0,0,0,0,0,0,0,0,0,0,0,0,0,0.194043601712184,0.0117146176744783,0.00143274714241516,0.0123940811030695,0.0043340494918301,0,0,0,0,0,0,0,0,0,0,0.0418252986255309,7.78032582833279e-05,0,0,0,0,0,0,0,0,0,0,0,0,0,0,0,0,0,0,0,0,0,0,0,0,0,1.11047605518694,0.372467562658989,0.00797295642567706,0.000113288366553792,0.00592266923991518,0.00315522655093114,0,0,0.000922510925770174,0,9.00145415247931e-05,0,0
0,0,0,0,0,0,0,0,0,0,0,0,0,0,0,0,0,0,0,0,0,0,0,0,0,0,0,0,0,0,0,0.194043601712184,0,0.0198109813144969,0.060693401442222,0.00411801588562076,0.027219645108763,0,0,0,0,0,0,0,0,0,0,0.0397842968445503,0.000106249393597158,0,0,0,0,0,0,0,0,0,0,0,0,0,0,0,0,0,0,0,0,0,0,0,0,0,0.316060949186242,0.717576424738632,0.0171201605005588,0.0195426580210912,0.000809644728134642,0.0153646458681145,0,0,0.00203083775333841,0,0,0,0
0,0.00306905855228318,0,0,0,6.77771434664225e-05,0,0,0,0.00769757465085478,0,0,0,0,0,0,0,0,0,0,0,0,0,0.000289344609830752,0,0,0,0,0,0,0,0.0117146176744783,0.0198109813144969,0,0.811951288746487,0.00494193410514941,2.03295421670191e-05,0.0197040987182383,0.0106289630284923,0,0,0.00259795257971183,0,0,0,0,0,0.17984712894133,0.003561734175468,0.000107181252250239,0,0,0,0,0,0.00290388639823289,0,0,0,0,0,0,0,0,0,0,0.000288635183940294,0,0,0,0,0,0,0,0.0177959678894983,0.00152654683975664,0.235972877840008,0.401099725280839,0.00184128352869624,0,0.000404039863346354,0.00760665352594613,0.010443139237185,9.97020243595446e-05,0.000508592762761488,0,0
0.000745503859025682,0,0,0,0,0,0,0,0.00577005015934666,0,0,0,0,0,0,0,0,0,0,0,0,1.03632830922827e-05,0,0,0,0,0,0,0,0,0,0.00143274714241516,0.060693401442222,0.811951288746487,0,0,0.00104802502119786,0.00091988599443228,0.00356484146965451,0,0,3.64015871711244e-05,1.63630150171407e-05,0,0,0,0,0.185303270631367,0.000130580707455938,0.00010864424876804,0,0,0,0,0.00040168538098964,3.92784058826576e-05,0,0,0,0,0,0,0,0,2.17120058201327e-05,0,0,0,0,0,0,0,0,0,0.000486862268931685,0.0389100379266355,0.180134655977348,0.926006893761279,0,0.00265145221893503,0.000661605925270762,0.00359732759431736,0.00253762716214945,1.20434341826925e-05,0.000116677834594161,0,6.05087703036593e-05
0,0.000670967224448563,0,0.00197947890574896,0,0.019807995393391,0,0,0,0.0014032125744163,0,0.000165520071092673,0,0,0,0,0,0,3.89867262204837e-05,0.0232430482906359,0,0,0,0,0,0,0,0,0,0,0,0.0123940811030695,0.00411801588562076,0.00494193410514941,0,0,0.0893452234569372,0.00450013632655442,0.00184543289704221,0.00042135474537041,3.87090268105463e-05,9.42337940736971e-05,0,0,0,0.0016195813604055,0,0.0269417387860143,0.00258027872252023,0.00147659611175763,0,0,0,0,0,0.00295468062259802,0,0.000307613365935062,0,0,0,0,0.0153314164484339,0,0,0,0,0,0,0,0,0,0,0,0.00265219938458955,0.0017528026734714,1.39544872500594e-05,0,0.19591630124001,0.0175350530250385,0.00015519635852107,0.000151624868476869,0.0321096899269257,0.0296243825016775,0.00173025767737993,0,0
0,0,0.00123925051390905,0,0.000670527138048434,0,1.96481212847708e-05,0,0,0,0.0011839818690524,0,0,0,0,0,0,0,0,0,0.0210062541378852,0,0,0,0,0,0,0,0,0,0,0.0043340494918301,0.027219645108763,2.03295421670191e-05,0.00104802502119786,0.0893452234569372,0,8.49402311548365e-05,0.0529465196541023,0,0.00064756271507196,0,3.08028208234406e-05,0,0,0,0.00196897438393686,0.00233062525084572,0.00540413103685075,0.000596510312627796,0,0,0,0,0,0,0.000173148603215316,0,0,0,0,0,0,0.011910090080205,0,0,0,0,0,0,0,0,0,0,0.000311402771475874,0.00106731959356733,0,0,0.00786172173631221,0.198460397091525,0,0.00719426569009058,0.0376560121928004,0.0657777427727178,0.00124705777906856,0,0
5.17123582976589e-06,0.000352499215746083,0,0,0,0,0,0,4.54437642254552e-06,0.00158117052240418,0,0.00138959424924242,0,0,0,0,0,0,7.63987282390998e-06,0.0178190210047133,0,0.0106519613277257,0,0.0023144548473269,0,0,0,0.00438471293098153,0,0.00840006237883994,0,0,0,0.0197040987182383,0.00091988599443228,0.00450013632655442,8.49402311548365e-05,0,0.0229974403912997,4.90993602737702e-06,0,0.000897397453582126,0,0,0,9.53518039054088e-06,0,0.00151039670542646,0.000693228960248097,0.0106119721203336,0,0,0,0,7.57376278766016e-06,0.000912376421651566,0,6.19386634049947e-05,0,0,0,0,0.00314737366529778,0,0.00226545738672381,0,0.00173269296217868,0,0,0,0.00100719104967172,0,0,0,0,0,0.0211568881220415,2.33578731650856e-05,0.00545248903078614,0,0.249034685153844,0.00164008196121448,0.0227320430428113,0.00470009717908328,0.00364725824822019,0,0
0.00399417694062674,1.04740269141288e-05,0,0,0,0,0,0,0.00865220884893366,1.64438268200361e-05,0.0664970233298868,0,0,0,0,0,0,0,0,0,0.00732052568162471,4.56565926466346e-05,0.0137338794288709,0,0.00196665223425206,0,0,0,0.00670981256676396,0,0.00833907779110068,0,0,0.0106289630284923,0.00356484146965451,0.00184543289704221,0.0529465196541023,0.0229974403912997,0,0,0,8.31204016199344e-05,0.000337312194291153,0,0,0,2.34538293306827e-05,0.00389932941586817,0.00294809585225155,0.000187631601307062,0,0,0,0,0.00173759799801791,4.96726664352381e-06,9.50434739168038e-05,0,0,0,4.64392479950762e-06,0,0,0.000217286217595736,2.27095378651126e-05,0.00167636697536764,0,5.58965983116959e-05,0,0,0,0.000966609203055086,0,0.000473222777317778,0,0,8.9206690853271e-05,0.000106018887653792,0,0.0265969996104381,0.000957379774387651,0.224639942952293,0.0200136247072093,0.00681828880013205,0.000679806179419919,0,1.75319216919869e-05
0,2.10403073324067e-05,0.000170537001497357,0.00482518917110766,0,0.00544505223494665,0,0,0,0.00025016392373084,0,0.000553020907023985,0,0,0,0,0.000473023577385885,0.00360260673039568,0.0303354990644214,0.000930962028516254,0,0,0,0,0,0,0,0,0,0,0,0,0,0,0,0.00042135474537041,0,4.90993602737702e-06,0,0,0.00134269032096985,0.112006433489414,0.00140421514803731,0.0207040755183612,0,0.0340367010142202,0.000696641142766587,0.00353114514783031,0.000115743362204926,0.0558166565424844,0,7.40680292664493e-05,0,0,0,5.41331761652018e-05,0,0.00238388199982712,0,0,0,0,0.011720952127821,0.000150765695037369,0,0,0,0,0,0,0,0,0.00109628891840583,0,9.23437220143744e-05,0,0,0,0.0244853140280491,0.000243123903934871,0.00531845515274186,5.61329671455513e-05,0.00102209156006448,0,0.0845913174297437,5.13307792061432e-05,0
0,0,0.000725036218494576,5.3457031766646e-05,0,0,0,0,0,0,0,2.11732814101246e-05,0,0,0,0,0.000705684307496948,0.00054647651492465,0.0255123426550738,2.97850212151387e-05,0.000379154106459545,0,0,0,0,0,0,0,0,0,0,0,0,0,0,3.87090268105463e-05,0.00064756271507196,0,0,0.00134269032096985,0,0.000673757490152575,0.043039303074629,0.000297505977440913,0,7.72454126528536e-05,0.0300606357457928,0.00288069208695363,0.0515890882695046,0.00315716679094546,0.000203341375883698,0,0,0,0,0,0.00179410880657501,0,0,0,0,0,4.14314613533037e-05,0.0687909321388875,0,0,0,0,0,0,0,0,0.000246993798993202,0.00538043882366252,0,0,0,0,0.000122408025935903,0.0263702912565275,0.000108349666459284,0.00240092147896974,0.00159579858058482,0,0.0566004371343057,7.97450548546356e-05,0
1.49414844124499e-05,0.00608117641788734,0.000154658805182672,0.00399883288955941,0,0.00187563996065266,0,0,0,0.00487227834943382,0,0.000190417456132168,0,0,0,0,0.000181557625886299,0.00243555153655411,0.0152139460448702,0.000454011074766803,0,0,0,0,0,0,0,0,0,0,0,0,0,0.00259795257971183,3.64015871711244e-05,9.42337940736971e-05,0,0.000897397453582126,8.31204016199344e-05,0.112006433489414,0.000673757490152575,0,0.00541534235905747,0.000677111528280409,0,0.00659338047513483,0.000770663768532832,0.00333835171394091,0.000534172909202752,0.0369223933071688,0,2.51548830473157e-05,0,0,1.05632018828336e-05,0.00179294234212401,6.20018077672859e-06,0.0242927310776712,0,0,0,0,0.0187624928829264,1.60886219630341e-05,0,0,0,0,0,0,0,0,0.00939274264253568,0,0,0,0.00331532062677969,0,0.00962873386300143,0.000198709573167643,0.00367350088651527,0.000252435861215488,0.003022694379876,1.97859536710624e-06,0.117472431409373,0.00338959901869264,0
0.00537909188407465,0,0.00278811635506316,0.000393834509836004,0,0.00025350147360404,0,0,0.00160424996981784,6.88282263234972e-05,0,1.53568287414109e-05,0,0,0,0,0.000343511986520796,0.000373372281436097,0.014833886116017,2.84780639924296e-05,0.000176487837060483,0,0,0,0,0,0,0,0,0,0,0,0,0,1.63630150171407e-05,0,3.08028208234406e-05,0,0.000337312194291153,0.00140421514803731,0.043039303074629,0.00541534235905747,0,0.000125443379239542,0,7.81475122604074e-05,0.00762715731099793,0.000274072787142458,0.00949529578523943,0.000593733903572374,3.51064090433641e-05,0,0,0,0.000747175661996892,0,0.00770452159571131,0.000500486897438674,2.18624258382315e-05,0,0,0,0.000182226872603177,0.00425734959491052,0,0,0,0,0,0,0,0,0.000190219342402586,0.00154056784583459,0,0,0,0,0.000174356075291363,0.00428306526185345,0.000359092109471051,0.000637249414510072,0.00292976891375406,2.96853160460988e-05,0.169060464901636,6.44536307714684e-05,0.00039385729479611
0,0,0,0.00294102544691331,0,0.000374715958872489,0,0,0,0,0,2.92638858026282e-05,0,0,0,0,0,0.000100251646010638,0.00160350837710291,5.56211305725099e-05,0,0,0,0,0,0,0,0,0,0,0,0,0,0,0,0,0,0,0,0.0207040755183612,0.000297505977440913,0.000677111528280409,0.000125443379239542,0,0,0.00270487375828854,0.000225306524620947,2.79773471117395e-05,0,0.000150493518342631,0,0,0,0,0,0,0,0.000257478740741653,0,0,0,0,0.000639037321155017,0,0,0,0,0,0,0,0,0,0,0,0,0,0,0,0.00130672105677723,2.30397634704586e-05,0.000161634915230526,0,0.000124198595990149,0,0.0112533982890991,0,0
0,0,0,0,0,0,0,0,0,0,0,0,0,0,0,0,0,0,0,0,0,0,0,0,0,0,0,0,0,0,0,0,0,0,0,0,0,0,0,0,0,0,0,0,0,0,0.000110574412142191,0,0,0,0,0,0,0,0,0,0,0,0,0,0,0,0,4.34696268449132e-05,0,0,0,0,0,0,0,0,0,0,0,0,0,0,0,2.93815666470437e-05,0,9.45049640590796e-06,0,0,0.000253443339851151,0,0
0,0,0,0.00133619187910457,0,0.0132084920415747,0,0,0,0.00104845608670641,0,0.000699129849088378,0,0,0,0,2.55629268235333e-05,0.000113584435404461,0.00086284053462167,0.00365072354831091,8.94042933317135e-05,0,0,0,0,0,0,0,0,0,0,0,0,0,0,0.0016195813604055,0,9.53518039054088e-06,0,0.0340367010142202,7.72454126528536e-05,0.00659338047513483,7.81475122604074e-05,0.00270487375828854,0,0,1.15614908571108e-05,0.000183245693932379,0,0.00723575283319197,0,0.000247174651401568,0,0,0,0.000828977340096021,0,0.000712551979323714,0,0,0,0,0.04632778304461,0,0,0,0,0,0,0,0,0,0.00025372261889751,0,0,0,0,0,0.00863212391172628,1.21663396069772e-06,0.00132532616544702,2.69716011451893e-05,0.000377376634848974,0,0.0252891012425039,0.000376896597621744,0
3.95837436716603e-05,0,0.000137432201445478,0,0,0,0,0,0,0,0.000184801959055518,0,0,0,0,0,0.000619717167720678,0.000596414796487463,0.0369990185137915,0,0.0102807878105473,0,0,0,0,0,0,0,0,0,0,0,0,0,0,0,0.00196897438393686,0,2.34538293306827e-05,0.000696641142766587,0.0300606357457928,0.000770663768532832,0.00762715731099793,0.000225306524620947,0.000110574412142191,1.15614908571108e-05,0,2.0226941683727e-05,0.0244906984964346,0.00169102699791911,0,0,0,0,0,0,5.80978568728136e-06,1.95912536337106e-05,0,0,0,0,1.57599358579374e-05,0.0264905689309371,0,0,0,0,0,0,0,0,6.8775690835441e-05,0,0,0,0,0,0.000162797467956955,0.0053579324595302,4.23418596996593e-05,0.00154343912419915,0.00201223709159134,0,0.0382304962671663,0,0
0.000336347871533209,0.000374100627001845,1.40578072592939e-05,3.81563028546407e-05,0,0.000159034592055297,0,0,0.000164519619383343,0.000353486615014373,0,1.12491379367402e-05,0,0,0,0,0,0,4.09047028599921e-06,0.000101916231031743,0,0.000183105641568654,0,0,0.000139724575821329,0,0,0,0,0,0,0.0418252986255309,0.0397842968445503,0.17984712894133,0.185303270631367,0.0269417387860143,0.00233062525084572,0.00151039670542646,0.00389932941586817,0.00353114514783031,0.00288069208695363,0.00333835171394091,0.000274072787142458,2.79773471117395e-05,0,0.000183245693932379,2.0226941683727e-05,0,0.0743579911311906,0.0410626649257645,0,0,0,0,0.000348534648033808,0.0001191191580708,0,0.000108630414667683,8.5113913530486e-06,0,0,0,9.72210452933913e-05,0,4.85243430684246e-05,0,0,0,0,0,0,0,1.55652542093187e-05,0,0.19185953667077,0.100961643152687,0.513311761177934,0.480569808145293,0.0076706595340421,0.00591636940044357,0.0209301645905334,0.0210162855528358,0.00171645618294961,5.10348650075912e-05,0.0110422826678153,0,0
0.00746854598972527,8.4135003399819e-05,0.0057531025800349,0,8.20432643290018e-05,1.24742020185158e-05,0,0,0.00296275545460523,0.000251976467898128,0,0,0,0,0,0,1.7423655035091e-05,7.04204470889025e-06,0.000993304537003462,0,0.00113308200503191,0.000106772745346015,0,0,2.42158388167366e-05,0,0,0,0,0,0,7.78032582833279e-05,0.000106249393597158,0.003561734175468,0.000130580707455938,0.00258027872252023,0.00540413103685075,0.000693228960248097,0.00294809585225155,0.000115743362204926,0.0515890882695046,0.000534172909202752,0.00949529578523943,0,0,0,0.0244906984964346,0.0743579911311906,0,0.00117811470682634,8.9575208440904e-05,0,0,0,0.000219225753660941,5.80432836050735e-05,0.000109613885479363,0,7.91883172771969e-05,0,0,0,0,0.00511244239205442,2.30725741770009e-05,0,0,0,0,0,0,0,5.57507634183315e-06,0.00020625498485651,0,3.85952106394302e-05,0.00612792327704897,1.56094720772141e-05,1.91503269342716e-06,0.0076641547429908,0.00349306797499442,0.000704107536123124,0.0036584232511885,0,0.0657563432250267,0,0.000122291716419346
4.22506904038122e-05,0.0896513591882459,0.000717131670638412,0.0303534285095311,4.72868924242475e-05,0.00871902218140441,0,0,0,0.0181682838533661,0,0.000339459892922612,0,0,0,0.00144200783065632,1.2412656686903e-05,6.97718738928104e-05,0.000878128322808356,0.0011296069532433,6.46225425102211e-05,0.00702448153949724,0,0.00327311098391446,0,0,0,0,0,0,0,0,0,0.000107181252250239,0.00010864424876804,0.00147659611175763,0.000596510312627796,0.0106119721203336,0.000187631601307062,0.0558166565424844,0.00315716679094546,0.0369223933071688,0.000593733903572374,0.000150493518342631,0,0.00723575283319197,0.00169102699791911,0.0410626649257645,0.00117811470682634,0,0,0.000478476554463675,0,0,0,0.0190987492828866,8.64931824954966e-06,0.0056957668011465,0,0,0,0.0117649816385383,0.00435333409994646,0.00130461813500196,0,0,0.000531340608769372,0,0,0,0,0,0.00988591380698344,0,0.000138021974416115,0,0.00118345255326954,9.13542609085813e-05,0.00456448387325159,9.5998390525922e-05,0.00874644280028417,0.000409111596028469,0.00190974061445329,0,0.0758214439715184,0.000292470092010264,0
0,0,0.00148613171571037,0,0.0230085181399403,0,0,0,0.0039755306849457,0,0,0,0,0,0.00310044878991686,0,0,0,0,0,0,0,0,0,0,0,0,0,0,0,0,0,0,0,0,0,0,0,0,0,0.000203341375883698,0,3.51064090433641e-05,0,0,0,0,0,8.9575208440904e-05,0,0,0,0,0,0.00164836048018803,0,0,0,0,0,0,0,0,0,0,0,0,0,0,0,0,0,0,0,0,0,0,0,0,0,0,0,0.000171634063356968,0,0.00117121286088078,0,0
0,0,0,0,0,0.0951877418383667,0,0,0,0.0371377835167703,0,0,0,0,0,0.00399327192294935,0,0,0,0,0,0,0,0,0,0,0,0,0,0,0,0,0,0,0,0,0,0,0,7.40680292664493e-05,0,2.51548830473157e-05,0,0,0,0.000247174651401568,0,0,0,0.000478476554463675,0,0,0,0,0,0.0224706016823826,0,0,0,0,0,0.00355184524836455,0.00040655960740188,0,0,0,0,0,0,0,0,0,0,0,0,0,0,0,0,0,0,0,4.88968897055195e-05,0,5.3036605778857e-05,0,0
0,0,0,0,0,0,0,0,0,0,0,0,0,0,0,0,0,0,0,0,0,0,0,0,0,0,0,0,0,0,0,0,0,0,0,0,0,0,0,0,0,0,0,0,0,0,0,0,0,0,0,0,0,0,0,0,0,0,0,0,0,0,0,0,0,0,0,0,0,0,0,0,0,0,0,0,0,0,0,0,0,0,5.71813387450186e-05,0,0,0,0
0,0,0,0,0,0,0,0.00373849065907488,0,0,0,0,0,0,0,0,0,0,0,0,0,0,0,0,0,0,0,0,0,0,0,0,0,0,0,0,0,0,0,0,0,0,0,0,0,0,0,0,0,0,0,0,0,0,0,0,0,0,0,0,0,0,0,0,0,0,0,0,0,0,0,0,0,0,0,0,0,0,0,0,0,0,8.92922360225935e-05,0,0,0,0
0.0293380776720122,0,0,0,0.00104098395370218,0,0,0,0.230975953474645,0,0,0,0,0,0.228191943889945,0,0,0,0,0,0,0,0,0,0.282623452290535,0,0.0334806222920589,0,0,0,0,0,0,0,0.00040168538098964,0,0,7.57376278766016e-06,0.00173759799801791,0,0,1.05632018828336e-05,0.000747175661996892,0,0,0,0,0.000348534648033808,0.000219225753660941,0,0.00164836048018803,0,0,0,0,0,0,0,0.000484759101556801,0,0.0170235969495718,0,0,0,0,0,0,0.0162466615669093,0,0,0,0,0,0,0,0,0,0,0,0,0,3.69133882890008e-05,0.00319005189402221,0,0.00184513605665612,0,0.00110717005457232
0,0.110228137221782,0,0.00815687865901632,0,0.126542173595451,0,0,0,0.254520689986329,0,0,0,0.00348673047328432,0,0.0182030904068036,0,0,0,0.00760228140382956,0,0,0,0.000439891574145996,0,0,0,0,0,0,0,0,0,0.00290388639823289,3.92784058826576e-05,0.00295468062259802,0,0.000912376421651566,4.96726664352381e-06,5.41331761652018e-05,0,0.00179294234212401,0,0,0,0.000828977340096021,0,0.0001191191580708,5.80432836050735e-05,0.0190987492828866,0,0.0224706016823826,0,0,0,0,0,0,0,0.00228362041812803,0,0.0735768419095569,0.00150114322841686,0,0,0,0,0,0,0,0,0,0,0,0,0,0.00468707580778966,0,0.000415749676905058,0,0.000155496327390116,3.03064225729737e-06,0.00029788008428635,0,0.00550115094252981,0.000572492396964535,0
0,0,0.00108320667646959,0,0.00125113105494367,0,0,0,0.000209752347752517,0,0.0267965321348074,0,0.017665104071406,0,0,0,5.36333310160807e-06,3.25032227401192e-05,0.000885199149842743,2.09159179247434e-05,0.035924746165957,0,0,0,0,0,0,0,0.000980518970840146,0,0.00515442019170676,0,0,0,0,0,0.000173148603215316,0,9.50434739168038e-05,0,0.00179410880657501,6.20018077672859e-06,0.00770452159571131,0,0,0,5.80978568728136e-06,0,0.000109613885479363,8.64931824954966e-06,0,0,0,0,0,0,0,1.79577783250291e-05,0,0,0,0,0,0.00786396389082659,0,0,0,0,0,0,0,0,0,0.0213178101173791,0,0,0,0,6.15628096914647e-06,4.99577006076189e-06,2.60750483047287e-05,2.21541587653535e-05,0.00205748676681399,3.16284495374306e-05,0.0112678264415329,1.61508662256421e-05,0
0,0.00723469502547088,0,0.000382548665742723,0,0.00451345830513143,0,0,0,1.47073928592229e-05,0,0.314491805656538,0,0,0,0,7.73590353253086e-05,0.000488632086382094,0.00325304956012709,4.87999796672852e-05,0,0,0,0,0,0,0,0,0,0.00556557556194608,0,0,0,0,0,0.000307613365935062,0,6.19386634049947e-05,0,0.00238388199982712,0,0.0242927310776712,0.000500486897438674,0.000257478740741653,0,0.000712551979323714,1.95912536337106e-05,0.000108630414667683,0,0.0056957668011465,0,0,0,0,0,0,1.79577783250291e-05,0,0,0,0,0,0.0112614195187176,9.07001084704605e-06,0,0,0,0,0,0,0,0,0.0494674320208207,0,0,0,0,0,7.7572072372547e-05,1.23717644239808e-05,0.00624992572091933,1.51125664557873e-05,0.000573137519342191,0,0.0223078615964756,8.0564929871834e-05,0
0,0,0.000595118176349749,0,0.00272949449476772,0,0,0,0.000689673516543207,0,0.000732171919896738,0,0.0669249381547561,0,0.0882840605736189,0,0,0,0,0,0.000128909990187187,0,0,0,0,0,0,0,0.00244770579130084,0,0,0,0,0,0,0,0,0,0,0,0,0,2.18624258382315e-05,0,0,0,0,8.5113913530486e-06,7.91883172771969e-05,0,0,0,0,0,0.000484759101556801,0,0,0,0,0,0.000428194378779812,0,0,0,0,0,0,0,0,0,0,0,0,0,0,0,0,0,0,0,0,0,0.00576949672282552,0.000510528995167813,0.000671470680836668,0,0
0,0.00296394607928694,0,0,0,0,0,0,0,0,0,0.000524882194778427,0,0.00991460623204234,0,0.0532874154622268,0,0,0,0,0,0,0,0,0,0,0,0.00127304756681149,0,0,0,0,0,0,0,0,0,0,0,0,0,0,0,0,0,0,0,0,0,0,0,0,0,0,0,0.00228362041812803,0,0,0,0,0,0.045632579624112,0,0,0,0,0,0,0,0,0.000126809682114981,0,0,0,0,0,0,0,0,0,0,0,0.000310084052135702,9.47627834159947e-06,0,0,0
0.000202312335059428,0,0,0,0,0,0,0,0.0100483766581791,0,0,0,0,0,0.427425943294947,0,0,0,0,0,0,0,0,0,0,0,0.000444045870209492,0,0,0,0,0,0,0,0,0,0,0,4.64392479950762e-06,0,0,0,0,0,0,0,0,0,0,0,0,0,0,0,0.0170235969495718,0,0,0,0.000428194378779812,0,0,0,0,0,0,0,0,0,0,0.000831545239197388,0,0,0,0,0,0,0,0,0,0,0,0,0.00652662004959605,0,0,0,0
0,0.145420257625491,0,0,0,0.00836942601485195,0,0,0,0.0654335693352263,0,0,0,0.0195934629779922,0,0.248934096448664,0,0,0,0,0,0,0,0,0,0,0,0,0,0,0,0,0,0,0,0,0,0,0,0,0,0,0,0,0,0,0,0,0,0.0117649816385383,0,0.00355184524836455,0,0,0,0.0735768419095569,0,0,0,0.045632579624112,0,0,0,0,0,0,0,0,0,0,0.00550127610318505,0,0,0,0,0,0,0,0,0,0,0,2.15030664358071e-05,0,0,0,0
0,3.42924504253515e-05,0,0.000135126172759788,0,0.0744928396967938,0,0.000465914240680631,0,0.00318840370372716,0,0.115887511694727,0,0,0,0,1.43869645207605e-05,0.000357866209745685,0.00225475300055714,0.191838725762714,0,0,0,0,0,0,0,0,0,0,0,0,0,0,0,0.0153314164484339,0,0.00314737366529778,0,0.011720952127821,4.14314613533037e-05,0.0187624928829264,0.000182226872603177,0.000639037321155017,0,0.04632778304461,1.57599358579374e-05,9.72210452933913e-05,0,0.00435333409994646,0,0.00040655960740188,0,0,0,0.00150114322841686,0,0.0112614195187176,0,0,0,0,0,3.27266287376563e-05,0,0,0,0,0,0,0,0,0.00353253873221623,0,0,0,0,0,0.0187185179305287,8.20736253189111e-06,0.00620594663913907,8.42150248670252e-06,0.00178659667442363,3.17829017909277e-05,0.0205277321554714,0.000367847173522421,0
2.05852839215305e-05,0,0.00579583777051165,0,0.0207894385868895,0,0.000173691762081491,0,0,0,0.0112326300524654,0,0,0,0,0,0.000116943052244537,0.000127892512615393,0.00850077259858804,2.02709363917566e-05,0.138743498931642,0,0,0,0,0,0,0,0,0,0,0,0,0,0,0,0.011910090080205,0,0.000217286217595736,0.000150765695037369,0.0687909321388875,1.60886219630341e-05,0.00425734959491052,0,4.34696268449132e-05,0,0.0264905689309371,0,0.00511244239205442,0.00130461813500196,0,0,0,0,0,0,0.00786396389082659,9.07001084704605e-06,0,0,0,0,3.27266287376563e-05,0,0,0,0,0,0,0,0,0,0.000139089215818251,9.83480336880114e-05,0,0,0,0,3.82501049898234e-05,0.0102321409768671,3.9300204972986e-05,0.00232871482464572,0.00128955457916596,0,0.0225250923614807,0,0
0,0,0,0,0,0,0,0,0,0,0,0,0,0,0,0,0,0,0,0,0,0.405740396883973,0.00838653319306052,0.00322425547780827,0,0.000315214629758026,0,0.0205914465057528,0,0,0,0,0,0,2.17120058201327e-05,0,0,0.00226545738672381,2.27095378651126e-05,0,0,0,0,0,0,0,0,4.85243430684246e-05,2.30725741770009e-05,0,0,0,0,0,0,0,0,0,0,0,0,0,0,0,0,0.000104992731624855,0.00198705977631759,0,0,0,0.00476549032579505,0,0,0,0,0,6.78624222957835e-06,0,0,0,0.00152754671765347,2.51057596065779e-05,0.00455808027136349,0.000557342641226155,0,0,0
0,0,0,0,0,0,0,0,0,0,0,0,0,0,0,0,0,0,0,0,0,0.000455452135386963,0.181270804683247,0,0,0,0.0121494824159105,0,0.000220995538076176,0,0,0,0,0,0,0,0,0,0.00167636697536764,0,0,0,0,0,0,0,0,0,0,0,0,0,0,0,0,0,0,0,0,0,0,0,0,0,0.000104992731624855,0,0,0,0,0,0,0,0,0,0,0,0,0,0,0,0,0,0.00606521617840266,3.23817426978374e-05,0,0,0
0,0,0,0,0,0,0,0,0,7.9305981478435e-05,0,0,0,0,0,0,0,0,0,0,0,0.00582429773701696,0,0.43438627623748,0,0.24940958980897,0,0,0,0,0,0,0,0.000288635183940294,0,0,0,0.00173269296217868,0,0,0,0,0,0,0,0,0,0,0,0.000531340608769372,0,0,0,0,0,0,0,0,0,0,0,0,0,0,0.00198705977631759,0,0,0,0,0,0,0,0,0,0,0,4.42672488603392e-05,0,0,0,0.00295566052430126,0,0.000918572885359753,0,0.000798872009308922,0,0
0.00885962944844635,0,0,0,0,0,0,0,0.0272819543514663,0,0,0,0,0,0,0,0,0,0,0,0,0,0.005605425869876,0,0.171413533873576,0,0.00245253201063358,0,0,0,0,0,0,0,0,0,0,0,5.58965983116959e-05,0,0,0,0,0,0,0,0,0,0,0,0,0,0,0,0.0162466615669093,0,0,0,0,0,0,0,0,0,0,0,0,0,0,0,0,0,0,0,0,0,0,0,0,0,0,2.26960733603042e-05,0.000129283518793713,0,0.00172265333114451,0,0
0,0,0,0,0,0,0,0,0,0,0,0,0,0,0,0,0,0,0,0,0,0,0,0,0,0,0,0,0,0,0,0,0,0,0,0,0,0,0,0,0,0,0,0,0,0,0,0,0,0,0,0,0,0,0,0,0,0,0,0,0,0,0,0,0,0,0,0,0,0,0.00402903300510486,0,0,0,0,0,0,0,0,0,0,0,1.22242431878248e-05,0,0,0,0
0,0,0,0,0,0,0,0,0,0,0,0,0,0,0.00608098814935562,0,0,0,0,0,0,0,0,0,0.000839580039599608,0,0.284530746841369,0,0,0,0,0,0,0,0,0,0,0,0,0,0,0,0,0,0,0,0,0,0,0,0,0,0,0,0,0,0,0,0,0,0.000831545239197388,0,0,0,0,0,0,0,0,0,0,3.77117423949972e-05,0,0,0,0,0,0,0,0,0,0,0.000124674461813314,0,0,0,0
0,0,0,0,0,0,0,0,0,0,0,0,0,0,0,0.00201264762306676,0,0,0,0,0,6.57639703930124e-05,0,0,0,0,0,0.247069454075462,0,0,0,0,0,0,0,0,0,0.00100719104967172,0,0,0,0,0,0,0,0,0,0,0,0,0,0,0,0,0,0,0,0,0,0.000126809682114981,0,0.00550127610318505,0,0,0.00476549032579505,0,0,0,0.00402903300510486,0,0,0,0,0,0,0,0,0,0,0,2.78346069535473e-05,0,0.000671509625576688,0,0,0,0
0,0,0,0,0,0,0,0,0,0,0,0,5.69672007038114e-05,0,4.01122557860401e-05,0,0,0,0,0,0,0,0.00640009094891167,0,0,0,2.14925425602521e-05,0,0.330572751270868,0,0.0010327719199153,0,0,0,0,0,0,0,0.000966609203055086,0,0,0,0,0,0,0,0,0,0,0,0,0,0,0,0,0,0,0,0,0,0,0,0,0,0,0,0,0,0,3.77117423949972e-05,0,0,0,0.00275586006818204,0,0,0,0,0,0,0,1.21954683326421e-05,0.0108257189180042,0.00583516619727996,3.07967093249317e-05,0,0
