0,0,5.6645031644286,0,10.0124750137329,0,0,0,3.48030416917481,0,0,0,0,0,0,0,0,0,4.63205003738403,0,0,0,0,0,18.6169656117757,0,0,0,0,0,0,0,0,0,0,0,0,0,22.3772678375244,0,0,0,15.5443869139019,0,0,0,0,25.1120948791504,7.6843568044979,0,10.0398654937744,0,0,0,3.94172914749985,0,7.372935962677,0,0,0,4.08513411928396,0,0,0,0,0,0,10.3486733913422,0,0,0,0,0,0,0,0,0,0,0,0,46.2017250061035,0,5.71946155205938,0,9.54674931834726,0,0
0,0,0,3.06326431416451,0,0,0,0,0,3.7686638324349,0,0,0,0,0,6.2705229918162,0,0,0,0,0,0,0,0,0,0,0,0,0,0,0,0,0,0,0,0,0,0,0,0,0,14.2812133036464,0,0,0,21.4187984466553,0,0,0,4.76488179549938,0,0,0,0,0,3.90536867390882,0,13.1115283966064,0,0,0,4.08001381472537,0,0,0,0,0,0,0,0,0,0,0,0,0,0,0,0,42.6636543273926,0,0,0,4.5435744533172,0,5.76029567409108,6.32332825660706,0
5.6645031644286,0,0,0,7.45164617488259,0,0,0,5.99308850112134,0,0,0,0,0,0,0,0,0,0,0,13.3536863327026,0,0,0,0,0,0,0,0,0,0,0,0,0,0,0,15.4658442905971,0,47.6656341552734,40.5094184875488,41.3800462678421,0,32.9736293724605,0,0,44.1633567810059,13.1161550203959,43.5694959889288,22.7548041419377,0,5.21794684005506,0,0,0,5.6221016089719,0,8.87242629528046,0,3.54186536715581,0,2.7496542930603,0,0,13.1746427930635,0,0,0,0,0,0,0,33.5282023747762,0,33.5305950127396,0,0,0,0,0,20.9136229304524,0,43.8257584481869,18.2118549530323,0,12.7140276611048,0,39.1774768829346
0,3.06326431416451,0,0,0,4.46031683967227,0,0,0,4.26812511996219,0,0,0,0,0,0,0,0,0,0,0,0,0,0,0,0,0,0,0,0,0,0,0,0,0,59.9617691040039,0,44.4656753540039,0,45.8614692687988,0,39.5479822592302,0,0,0,22.8428183555603,0,49.2658760070801,0,10.5100007120938,0,3.50099034309387,0,0,0,3.66722475290298,0,10.7473078324245,0,3.695954758188,0,3.91304069612084,12.0766136924942,0,0,0,0,0,0,0,0,0,37.211673435412,0,0,0,0,0,62.3427505493164,0,42.1967135173518,0,25.7564828612588,0,8.9674796069945,0,0
10.0124750137329,0,7.45164617488259,0,0,0,3.56082490512303,0,5.53219746528788,0,0,0,0,0,9.38755559921265,0,0,0,0,0,3.88412865885982,0,0,0,0,0,0,0,0,0,0,0,0,0,0,0,11.8390398459001,0,57.9580612182617,0,39.024782816569,0,40.0038247108459,0,0,52.6478462219238,17.8306431336836,49.519048055013,43.2394710116916,0,3.7814883428064,0,2.94671714305878,0,8.39947140844245,0,15.6867783864339,0,0,0,0,0,0,4.60988657050214,0,0,0,0,0,0,0,0,0,41.045561726888,0,0,0,0,0,16.4012224490826,0,46.2053134441376,4.03140714483441,0,12.775730410802,0,32.5377388000488
0,0,0,4.46031683967227,0,0,0,0,0,0,0,0,0,0,0,0,0,0,0,2.81631056467692,0,0,0,0,0,0,0,0,0,0,0,0,0,0,0,0,0,0,0,0,0,0,0,0,0,0,0,0,0,0,0,2.79499397277832,0,3.12120297551155,0,0,0,2.74521636962891,0,0,0,0,8.65652942657471,0,0,0,0,0,0,0,0,0,0,0,0,0,0,0,0,0,0,0,0,0,9.38511836528778,0,0
0,0,0,0,3.56082490512303,0,0,0,0,0,0,0,2.90775434176127,0,0,0,0,0,0,0,3.59739887714386,0,0,0,0,0,0,0,0,0,0,0,0,0,0,0,0,0,0,0,0,0,0,0,0,0,0,0,0,0,3.21023708752223,0,3.09328498159136,0,0,0,3.90047740936279,0,4.04378107388814,0,0,0,0,4.15009673436483,0,0,0,0,0,0,0,0,0,0,0,0,0,0,0,0,0,0,3.7544661543586,0,3.59301662445068,0,0
0,0,0,0,0,0,0,0,0,0,0,3.92612644759091,0,0,0,0,0,0,0,0,0,0,0,0,0,0,0,0,0,0,0,0,0,0,0,0,0,0,0,0,0,0,0,0,0,0,0,0,0,0,0,2.75227737426758,0,3.21880193317638,0,0,0,3.62797856330872,0,0,0,0,0,0,0,0,0,0,0,0,0,0,0,0,0,0,0,0,0,0,0,0,3.06719541549683,0,0,0,0
3.48030416917481,0,5.99308850112134,0,5.53219746528788,0,0,0,0,33.2603359222412,0,0,0,0,3.39745002671292,50.9357681274414,16.5060433158301,43.7622084184126,17.1126399535637,0,0,33.914057413737,29.2781216303507,36.2529563903809,15.6131342411041,45.3654632568359,26.7504444122314,0,0,0,0,0,0,0,0,0,56.0033836364746,0,4.33852224139606,0,55.4462356567383,0,29.101786503425,0,0,0,19.6643854777018,48.8331680297852,15.1090374859897,0,4.391259437022,0,0,0,7.42270155209247,0,0,0,0,0,4.37850357018984,59.2667236328125,0,0,0,24.9186880929129,0,5.84421908855438,50.2349662780762,23.8023071289062,0,0,0,38.478657245636,0,0,0,0,64.5373840332031,51.6024150848389,0,40.6793163189521,6.7277874726727,6.53793260029384,10.3593479082319,0,28.9550170898438
0,3.7686638324349,0,4.26812511996219,0,0,0,0,33.2603359222412,0,0,0,0,0,0,6.97676546137098,48.039707837786,12.8597365289105,29.1546049824467,0,0,28.3380246093308,51.3560657501221,11.1851148162435,62.3564224243164,16.098693774671,57.5673904418945,0,0,0,0,0,0,0,0,24.4955921173096,0,3.42279492105756,0,0,0,12.7403844439465,0,0,0,55.9360516866048,0,0,0,3.50093985739208,0,0,0,0,0,4.26036285812205,0,0,0,0,0,10.1082845415388,14.1120946407318,0,27.7921523558788,0,9.61947510639826,0,19.9934467947161,0,0,0,0,0,0,0,0,0,68.312593460083,65.8811111450195,0,0,14.1820479040386,40.0901479721069,4.48556184588057,0,0
0,0,0,0,0,0,0,0,0,0,0,0,0,0,0,0,0,0,0,0,3.57353320229525,0,0,0,0,0,0,0,0,0,9.31981754832798,0,0,0,0,0,6.79502588907878,0,4.779855625835,0,0,0,20.3344650268555,0,0,0,17.9621067780715,0,0,0,0,0,0,0,0,0,7.13721858441257,0,0,0,0,0,0,4.77657314269773,0,0,0,0,0,0,0,0,0,13.7923408975505,0,0,0,0,0,4.36242167154948,0,6.46814070450954,3.95592428165707,0,5.93563537597656,0,0
0,0,0,0,0,0,0,3.92612644759091,0,0,0,0,0,4.30110806359185,0,0,0,0,0,4.16785337201665,0,23.2493335723877,0,0,0,0,0,6.41255015706363,0,9.36797199570216,0,0,0,0,0,3.5393345952034,0,3.82047065725467,0,0,0,37.508861541748,0,0,0,47.9867687225342,0,0,0,0,0,0,0,2.73600268363953,0,0,0,5.51300310692024,0,4.49857368776875,0,0,8.12254629721189,0,28.320126753587,0,0,0,0,0,8.36449317932129,0,11.5197493537613,0,0,0,0,0,79.3296737670898,0,9.46195488209491,0,7.69124793131417,0,31.4498558044434,0,0
0,0,0,0,0,0,2.90775434176127,0,0,0,0,0,0,0,3.1649723969973,0,0,0,0,0,0,0,0,0,0,0,0,0,0,0,0,0,0,0,0,0,0,0,0,0,0,0,0,0,0,0,0,0,0,0,0,0,0,0,0,0,0,0,3.29260411672294,0,2.79807406663895,0,0,0,0,0,0,0,0,0,0,0,0,0,0,0,0,0,0,0,0,0,3.30450284039533,2.96134543418884,0,0,0
0,0,0,0,0,0,0,0,0,0,0,4.30110806359185,0,0,0,0,0,3.32446823120117,0,0,0,30.1872634887695,0,0,0,5.26340103149414,0,3.72412991523743,0,0,0,0,0,0,0,0,0,0,0,0,0,0,0,0,0,0,0,0,0,0,0,0,0,0,0,0,0,5.40177079557462,0,3.49062204360962,0,0,0,0,27.3706712722778,0,0,0,0,0,7.70700809202696,0,0,0,0,0,0,0,0,0,0,0,4.5285334953895,0,0,0,0
0,0,0,0,9.38755559921265,0,0,0,3.39745002671292,0,0,0,3.1649723969973,0,0,0,5.84445900387234,0,0,0,0,0,0,0,0,0,0,0,0,0,0,0,0,0,0,0,0,0,0,0,0,0,0,0,0,0,0,0,0,0,5.48523855209351,0,0,0,13.0580769777298,0,0,0,3.22830704847972,0,3.59026669520958,0,0,0,0,0,0,0,0,0,0,0,0,0,0,0,0,0,0,0,0,0,2.88275691441127,3.51286379496256,0,0,0
0,6.2705229918162,0,0,0,0,0,0,50.9357681274414,6.97676546137098,0,0,0,0,0,0,51.5762741691188,12.928924265761,52.6051139831543,0,0,29.57903612577,60.212963104248,19.7779467105865,39.2460441589355,13.9626042468875,59.3434257507324,24.5430030822754,0,0,0,0,0,0,0,0,0,0,0,0,59.6577796936035,0,0,0,0,0,0,0,0,2.96165013313293,0,0,0,0,0,5.05667608434504,0,0,0,0,0,3.76335636083631,0,0,26.8547316719504,0,20.7753071223988,0,11.1681134579358,0,0,0,0,0,0,0,0,0,79.337287902832,0,0,0,27.7485068257038,39.2101211547852,0,0,0
0,0,0,0,0,0,0,0,16.5060433158301,48.039707837786,0,0,0,0,5.84445900387234,51.5762741691188,0,17.4871694972107,23.8536668804463,0,0,29.3309810443187,17.8438279030227,34.0831950853949,22.0828347820967,38.0782262441274,13.2424236581096,0,4.17020646126374,0,0,0,0,0,0,88.902853532271,86.6888481486927,87.222235361735,75.6122728983561,80.3591055870056,59.6229462816536,62.1775007749859,48.7461508750916,0,44.1530866622925,66.3407848213292,56.7395656513718,0,64.1972116323618,82.7304051717122,0,0,0,0,23.5783123016357,49.3942893981934,0,0,0,0,0,38.2949180603027,74.8775736490885,61.4409065246582,32.1200847489493,21.069851036119,36.4902260350246,24.8301999352195,44.7916464878963,18.4105008177135,0,0,0,46.6559054056803,0,0,0,0,80.5607802804592,65.5135940927448,80.3708245894488,60.7475934512373,16.9853290533521,11.7361465505453,56.0384047886111,48.9484803336007,41.2517549851361
0,0,0,0,0,0,0,0,43.7622084184126,12.8597365289105,0,0,0,3.32446823120117,0,12.928924265761,17.4871694972107,0,22.0256219820865,89.0464401245117,0,18.5665572118293,31.5235407196957,21.9758310396868,36.2809112010858,12.4527882047241,40.3289674675983,8.09065031625663,0,0,0,0,0,0,0,81.101560152494,88.8709186372303,79.1665330774644,82.9845937093099,59.2995858388404,63.4446714492071,49.5132826244599,58.5081933696618,0,55.5752220153809,54.3644519832963,61.5142378754668,0,68.6713747297015,63.3033149719238,0,0,0,0,41.4941479365031,11.3199229502755,0,0,0,0,0,12.549554848671,66.5905269198947,74.4898357391357,20.5004237908281,40.1035220623016,22.1100960500617,59.8883934020996,14.9136208387038,43.6959652059218,7.90567626123843,64.5726699829102,59.098591486613,66.6576156616211,0,0,0,0,64.201018290818,75.5015743650239,58.7556183273728,72.1257017887,15.8979315053175,10.6214593557571,49.4129133165515,38.5255612691243,53.9985535144806
4.63205003738403,0,0,0,0,0,0,0,17.1126399535637,29.1546049824467,0,0,0,0,0,52.6051139831543,23.8536668804463,22.0256219820865,0,0,0,47.7722870291096,43.992678253739,38.6540274126776,31.5409293295462,41.4235187636481,41.0018730958303,0,0,0,0,0,0,0,0,65.2932736802809,68.0030231841623,69.0202543595258,62.0726404691997,51.6814708559532,42.5054972174151,36.5155132834453,31.640744882557,10.3345244133726,13.7702839926976,32.1708355457376,33.5561988749445,42.7919626235962,50.6698516845703,57.0292550600492,0,0,0,0,24.147855758667,59.0445217132568,0,34.9152412414551,0,0,0,40.2116057078044,47.7970289838487,59.1959228515625,46.1570905844371,41.8878794879448,39.2099088522104,38.1887817382812,47.984107417445,33.9451548337936,0,0,51.9567546844482,45.6598570346832,0,0,0,0,51.5303406424474,53.4031580572099,55.298356837472,50.2290853533252,23.0286408073663,49.4681398603651,26.6116822936507,40.7553705388849,37.6083420790159
0,0,0,0,0,2.81631056467692,0,0,0,0,0,4.16785337201665,0,0,0,0,0,89.0464401245117,0,0,0,0,0,0,0,0,0,17.7489762306213,0,13.8070855140686,0,0,0,0,0,6.78605125461707,0,8.62410925631701,0,0,0,21.3784241676331,0,0,0,22.7468376159668,0,0,0,51.6955490112305,0,2.74982643127441,0,2.73551893234253,0,0,0,5.63062666137429,0,0,0,0,5.78517166856939,0,38.894359588623,0,0,0,0,0,19.2739589214325,0,13.5261798388716,0,0,0,0,0,12.2642021974759,0,12.6573318327627,0,5.42322468435442,0,10.9391263513004,0,0
0,0,13.3536863327026,0,3.88412865885982,0,3.59739887714386,0,0,0,3.57353320229525,0,0,0,0,0,0,0,0,0,0,0,0,0,0,0,0,0,0,0,8.17476940155029,0,0,0,0,0,3.83769574406914,0,4.567741030006,0,0,0,0,0,0,0,8.97144541995866,0,0,0,7.50405022501945,0,0,0,0,0,6.6658277630806,0,0,0,0,0,0,4.32548445623778,0,0,0,0,0,0,0,0,0,7.57114591598511,0,0,0,0,0,4.93301459371825,0,7.31370204601562,3.44284888180819,0,5.01653050908855,0,0
0,0,0,0,0,0,0,0,33.914057413737,28.3380246093308,0,23.2493335723877,0,30.1872634887695,0,29.57903612577,29.3309810443187,18.5665572118293,47.7722870291096,0,0,0,5.66286380314133,9.75900521564484,26.1369012196859,10.3904980079581,29.4376831054688,5.44720014027187,0,20.0445384979248,0,0,0,0,0,86.4358367919922,105.389793395996,5.87595772586665,0,0,76.7376594543457,77.8966585795085,65.4964599609375,0,0,66.2859654426575,0,0,0,11.081490417621,0,0,0,0,0,26.2231674194336,0,26.2017631530762,0,32.1282920837402,0,28.2015931871202,79.8853530883789,0,4.93797365321477,13.0430667216961,9.04977758475176,0,14.4334170200207,28.5315074920654,9.07446108591979,0,14.290196282523,0,0,0,0,0,86.1760749816895,96.2997379302979,8.5647673456618,124.411865234375,6.69391210948685,4.78011426467769,84.3949146270752,79.3062210083008,0
0,0,0,0,0,0,0,0,29.2781216303507,51.3560657501221,0,0,0,0,0,60.212963104248,17.8438279030227,31.5235407196957,43.992678253739,0,0,5.66286380314133,0,46.7992219924927,13.9048307483846,82.1093978881836,8.48342476790806,0,3.41933255642653,0,0,0,0,0,0,0,0,0,4.75562759446775,0,0,0,60.4637419382731,0,0,83.100471496582,72.4482574462891,17.9609479904175,8.07924236817793,0,0,0,0,0,28.8359883626302,0,0,0,0,0,0,0,0,0,16.8023463726044,4.779154440873,39.2486089070638,13.914041519165,63.819206237793,17.7503218151802,0,8.61320066452026,0,0,0,0,0,0,83.3576354980469,93.3709274291992,99.4611663818359,5.94190839457642,6.45954352038271,4.49702478577109,75.6510925292969,0,55.4334297180176
0,0,0,0,0,0,0,0,36.2529563903809,11.1851148162435,0,0,0,0,0,19.7779467105865,34.0831950853949,21.9758310396868,38.6540274126776,0,0,9.75900521564484,46.7992219924927,0,30.9529933929443,11.6154223132778,50.037410736084,0,0,0,0,0,0,0,0,0,0,6.73103956239564,0,0,0,0,60.9055271148682,0,0,68.7004013061523,0,0,0,6.89286598576679,0,0,0,0,0,8.17558611085262,0,0,0,0,0,19.8610559304555,0,0,7.17645472331639,21.2518672943115,4.3809842701093,0,13.9161524902219,0,13.9773180301373,0,0,0,0,0,0,0,76.3477401733398,0,8.38797849767348,0,14.3255389330434,19.9397314071655,39.5992151737213,84.4896011352539,0
18.6169656117757,0,0,0,0,0,0,0,15.6131342411041,62.3564224243164,0,0,0,0,0,39.2460441589355,22.0828347820967,36.2809112010858,31.5409293295462,0,0,26.1369012196859,13.9048307483846,30.9529933929443,0,0,7.96509338276727,0,0,0,0,0,0,0,0,0,0,0,4.87588697418254,0,73.7897415161133,44.7418174743652,51.6260738372803,0,0,80.0647583007812,65.9612007141113,0,10.3533024336105,0,0,0,0,0,5.64957758585612,41.2969055175781,0,0,0,0,0,0,0,0,31.2010040283203,7.31844512621562,35.9382732391357,4.50624071082024,43.6899585723877,25.7896775139703,0,0,0,0,0,0,0,0,100.324142456055,79.2232818603516,105.934204101562,4.73562504743275,14.7937373799163,22.1111059188843,7.09896724040692,0,0
0,0,0,0,0,0,0,0,45.3654632568359,16.098693774671,0,0,0,5.26340103149414,0,13.9626042468875,38.0782262441274,12.4527882047241,41.4235187636481,0,0,10.3904980079581,82.1093978881836,11.6154223132778,0,0,0,5.89415243678623,0,0,0,0,0,0,0,0,0,0,0,0,0,0,69.3839340209961,0,0,58.8292427062988,0,0,0,12.560050868988,0,0,0,0,0,17.2695076200697,0,0,0,0,0,12.580619519949,0,0,9.59468975833484,30.0987281799316,8.60533292669999,0,7.47174943408301,44.5992584228516,8.8419463826764,0,0,0,0,0,0,0,81.0858039855957,102.496307373047,75.007194519043,0,12.1055802157642,15.337175210317,0,0,0
0,0,0,0,0,0,0,0,26.7504444122314,57.5673904418945,0,0,0,0,0,59.3434257507324,13.2424236581096,40.3289674675983,41.0018730958303,0,0,29.4376831054688,8.48342476790806,50.037410736084,7.96509338276727,0,0,0,3.51175300280253,0,0,0,0,0,0,0,0,0,0,0,0,48.4837684631348,45.771728515625,0,0,0,63.2674865722656,0,0,0,0,0,0,0,0,0,0,0,0,0,0,0,0,0,35.4700622558594,9.30762628714244,0,16.8485050201416,56.8862648010254,4.68364041697594,0,2.8723916548949,0,0,0,0,0,0,0,79.0994186401367,0,0,14.9517562595038,34.0131615230015,0,0,0
0,0,0,0,0,0,0,0,0,0,0,6.41255015706363,0,3.72412991523743,0,24.5430030822754,0,8.09065031625663,0,17.7489762306213,0,5.44720014027187,0,0,0,5.89415243678623,0,0,0,4.23832514801541,0,0,0,0,0,0,0,4.47196317208956,0,0,0,0,0,0,0,26.4449138641357,0,0,0,0,0,0,0,0,0,0,0,8.07992164504449,0,4.62662839889526,0,0,22.0732920510428,0,11.7722676548847,0,0,0,4.98751213620691,0,4.83490541087748,0,4.62194889038801,0,0,0,0,0,0,0,6.36772282035262,0,5.58744697735227,3.23179808529941,27.5521087646484,0,0
0,0,0,0,0,0,0,0,0,0,0,0,0,0,0,0,4.17020646126374,0,0,0,0,0,3.41933255642653,0,0,0,3.51175300280253,0,0,0,4.51471542429041,0,0,0,0,0,0,0,10.2781565500561,0,0,0,0,0,0,0,0,0,0,0,0,0,0,0,0,0,5.38125946942498,0,0,0,0,0,0,14.5027509689331,0,0,0,0,0,3.35023906826973,0,4.76155922353132,0,3.25407167178829,0,0,0,0,0,0,0,8.32744589959732,7.93801116060328,0,11.5678746700287,0,0
0,0,0,0,0,0,0,0,0,0,0,9.36797199570216,0,0,0,0,0,0,0,13.8070855140686,0,20.0445384979248,0,0,0,0,0,4.23832514801541,0,0,0,0,0,0,0,0,0,6.1133890686265,0,0,0,15.1005754470825,0,0,0,0,0,0,0,0,0,0,0,0,0,0,0,9.31499408023192,0,0,0,0,18.9862273216248,0,22.799098332723,0,0,0,0,0,7.58540045332026,0,6.25762466175851,0,0,0,0,0,0,0,6.83941777514224,0,9.47780528161433,0,19.7292594909668,0,0
0,0,0,0,0,0,0,0,0,0,9.31981754832798,0,0,0,0,0,0,0,0,0,8.17476940155029,0,0,0,0,0,0,0,4.51471542429041,0,0,0,0,0,0,0,0,0,6.6242827190442,0,0,0,0,0,0,0,19.9230990409851,0,0,0,0,0,0,0,0,0,5.86089151279599,0,0,0,0,0,0,10.2271508216858,0,0,0,0,0,0,0,6.1050164103508,0,6.43322507248205,0,0,0,0,0,0,0,6.87290170016112,5.85401568045983,0,12.0145283937454,0,0
0,0,0,0,0,0,0,0,0,0,0,0,0,0,0,0,0,0,0,0,0,0,0,0,0,0,0,0,0,0,0,0,4.16652215814049,11.9478635600969,0,3.4780179593573,0,0,0,0,0,0,0,0,0,0,0,4.87987272433419,3.73705149985648,0,0,0,0,0,0,0,0,0,0,0,0,0,0,0,0,0,0,0,0,0,0,0,0,0,4.63845587258013,8.74983115263388,3.30207137266795,0,6.58979555200584,14.3476000740415,0,0,3.59195499798608,0,0,0,0
0,0,0,0,0,0,0,0,0,0,0,0,0,0,0,0,0,0,0,0,0,0,0,0,0,0,0,0,0,0,0,4.16652215814049,0,0,37.1496375666724,5.43206299081141,4.80882123673316,0,0,0,0,0,0,0,0,0,0,5.00651218704805,3.52658853811376,0,0,0,0,0,0,0,0,0,0,0,0,0,0,0,0,0,0,0,0,0,0,0,0,0,10.9789050514415,6.07180395936282,0,18.4427922432966,13.515062622726,4.72153387129682,0,0,3.91062177144564,0,0,0,0
0,0,0,0,0,0,0,0,0,0,0,0,0,0,0,0,0,0,0,0,0,0,0,0,0,0,0,0,0,0,0,11.9478635600969,0,0,7.12088223326493,5.48739603317967,15.6935827113964,7.44267932878554,13.906397384146,0,0,14.1094031333923,0,0,0,0,0,5.67758397041942,19.1899987538656,20.439338684082,0,0,0,0,0,0,0,0,0,0,0,0,0,0,0,0,0,0,0,0,0,0,0,0,22.057526247842,0,6.02193071711931,7.39206008249092,7.66076696562914,15.7961338216608,7.23634235579474,17.0362009219269,5.02919893515737,0,15.6113127044269,0,0
0,0,0,0,0,0,0,0,0,0,0,0,0,0,0,0,0,0,0,0,0,0,0,0,0,0,0,0,0,0,0,0,37.1496375666724,7.12088223326493,0,19.985034261431,5.53480633633966,17.2881914326842,6.82543797424969,0,0,0,0,0,0,0,0,5.54357455387247,4.41379237174988,18.0981483459473,0,0,0,0,0,0,0,0,0,0,0,0,0,0,0,0,0,0,0,0,0,0,0,0,0,21.3252522824174,11.6485458505125,5.98664969104249,19.2181122953242,8.88830466365272,17.9758013770694,6.63161002621792,4.36385490610826,0,0,0,0
0,0,0,59.9617691040039,0,0,0,0,0,24.4955921173096,0,3.5393345952034,0,0,0,0,88.902853532271,81.101560152494,65.2932736802809,6.78605125461707,0,86.4358367919922,0,0,0,0,0,0,0,0,0,3.4780179593573,5.43206299081141,5.48739603317967,19.985034261431,0,4.78518733947106,9.06330790908489,129.85693359375,72.8260762956407,93.1059951782227,53.4526624580224,84.4025588989258,42.8772862752279,77.0794296264648,40.130190911148,99.8556747436523,4.9378779321909,0,74.6004148864746,0,0,0,0,0,22.8694658279419,0,16.9402918020884,0,0,0,0,21.2222320261479,0,0,0,0,0,0,0,0,0,0,0,12.0993585973978,11.9777755737305,8.69701079888777,23.9728515625,8.51622238908775,7.56133999675512,13.5525689423846,79.1705856323242,7.22571568283423,3.80051503453936,50.4646502161679,46.2151154308784,0
0,0,15.4658442905971,0,11.8390398459001,0,0,0,56.0033836364746,0,6.79502588907878,0,0,0,0,0,86.6888481486927,88.8709186372303,68.0030231841623,0,3.83769574406914,105.389793395996,0,0,0,0,0,0,0,0,0,0,4.80882123673316,15.6935827113964,5.53480633633966,4.78518733947106,0,25.816402053833,7.32636654361681,108.44221496582,68.3825452266595,99.1798553466797,54.8147182958412,0,46.1759530544281,104.922556559245,42.8060738877964,5.6002918314398,78.7991366577148,0,14.4483895301819,0,0,0,56.4594841003418,0,15.5785536766052,0,0,0,0,0,0,10.6122209366645,0,0,0,0,0,0,0,0,0,76.3487027486165,37.3330612182617,6.66189902169364,16.788334437779,9.93730496174975,18.9865140262403,8.82654638438194,64.4849889278412,14.7620912795717,8.02486823729301,5.20297633366412,44.9005155624098,71.4238739013672,54.1279425091214
0,0,0,44.4656753540039,0,0,0,0,0,3.42279492105756,0,3.82047065725467,0,0,0,0,87.222235361735,79.1665330774644,69.0202543595258,8.62410925631701,0,5.87595772586665,0,6.73103956239564,0,0,0,4.47196317208956,0,6.1133890686265,0,0,0,7.44267932878554,17.2881914326842,9.06330790908489,25.816402053833,0,26.3424161275228,72.3486557006836,0,44.3657938312082,0,38.8333282470703,0,38.6872737027147,0,10.0764442896671,0,9.44702062803954,0,0,0,0,0,5.70539822516503,0,7.90396539900038,0,0,0,0,27.0759104594155,0,7.93707719148496,0,4.4591274147942,0,0,0,5.85491138696671,0,9.70217172635926,0,30.5598297119141,0,6.73567824735554,20.0240071447272,15.3248444694104,26.0353908538818,5.79222443336551,26.1655826568604,6.9437512477193,4.04159420719853,12.1663790379998,34.8353256583214,0
22.3772678375244,0,47.6656341552734,0,57.9580612182617,0,0,0,4.33852224139606,0,4.779855625835,0,0,0,0,0,75.6122728983561,82.9845937093099,62.0726404691997,0,4.567741030006,0,4.75562759446775,0,4.87588697418254,0,0,0,10.2781565500561,0,6.6242827190442,0,0,13.906397384146,6.82543797424969,129.85693359375,7.32636654361681,26.3424161275228,0,0,63.5289309819539,0,48.0507203838493,0,39.4865471839905,0,37.7427089190719,6.93305304250517,7.59222190408976,0,0,0,0,0,4.05021269619465,0,12.869080852185,0,0,0,0,0,0,12.8593741036669,0,6.37772020248518,0,5.25129573492077,0,0,0,8.98574525883226,0,12.7041821443118,0,27.8498395284017,23.0477076078716,9.13541051909679,60.6792545318604,10.1985297982033,28.0509424209595,5.33769314796889,6.18897499036969,5.00921006997426,12.9856132852448,0,40.3852684497833
0,0,40.5094184875488,45.8614692687988,0,0,0,0,0,0,0,0,0,0,0,0,80.3591055870056,59.2995858388404,51.6814708559532,0,0,0,0,0,0,0,0,0,0,0,0,0,0,0,0,72.8260762956407,108.44221496582,72.3486557006836,0,0,61.1681480407715,26.7841962556396,60.6181055704753,33.8699913024902,0,15.2939945903367,65.5724258422852,20.5234557428668,0,25.4697497663827,0,0,0,0,0,0,0,44.8448877334595,0,0,0,0,15.679519376912,97.2116317749023,0,0,0,0,0,0,0,0,63.5094184875488,57.8797454833984,0,0,0,0,17.8566698585589,82.4040660858154,32.4118421988541,63.7891082763672,43.677133228002,104.496894836426,18.0329067134527,43.2750456809998,54.6516971588135
0,0,41.3800462678421,0,39.024782816569,0,0,0,55.4462356567383,0,0,0,0,0,0,59.6577796936035,59.6229462816536,63.4446714492071,42.5054972174151,0,0,76.7376594543457,0,0,73.7897415161133,0,0,0,0,0,0,0,0,0,0,93.1059951782227,68.3825452266595,0,63.5289309819539,61.1681480407715,0,49.7494474340368,26.9246980969251,0,30.6445971594916,74.1625583171844,18.4094070429387,30.9238382101059,18.5141556596475,39.8705368041992,54.9175605773926,0,0,0,41.2942937215169,0,60.2128295898438,0,0,0,0,0,0,11.8200537126917,77.0181274414062,0,0,0,69.057502746582,0,0,0,0,58.9677819472093,0,0,0,0,81.8104248046875,16.0636143440577,85.2604090372721,36.2851938898756,36.583627829391,81.3180961608887,24.2607207594876,47.3740272521973,41.6779893046678
0,14.2812133036464,0,39.5479822592302,0,0,0,0,0,12.7403844439465,0,37.508861541748,0,0,0,0,62.1775007749859,49.5132826244599,36.5155132834453,21.3784241676331,0,77.8966585795085,0,0,44.7418174743652,0,48.4837684631348,0,0,15.1005754470825,0,0,0,14.1094031333923,0,53.4526624580224,99.1798553466797,44.3657938312082,0,26.7841962556396,49.7494474340368,0,15.112636269192,17.7014257907867,49.4284782409668,26.393241939576,49.0190507103415,19.8432229995728,24.6199054490952,15.3696712771739,0,0,0,0,0,7.44882167013068,50.4763069152832,17.4991837748166,0,44.2755870819092,0,0,26.9741925268338,0,74.9051055908203,63.2285385131836,48.4488639831543,0,81.5381698608398,0,0,0,19.4114535602102,65.3097057342529,0,0,0,0,32.7007085623062,63.2219846001987,29.3441911145865,53.7795979730014,16.2212240256761,73.1746724446615,19.1861483345069,17.4277073295512,39.3809285163879
15.5443869139019,0,32.9736293724605,0,40.0038247108459,0,0,0,29.101786503425,0,20.3344650268555,0,0,0,0,0,48.7461508750916,58.5081933696618,31.640744882557,0,0,65.4964599609375,60.4637419382731,60.9055271148682,51.6260738372803,69.3839340209961,45.771728515625,0,0,0,0,0,0,0,0,84.4025588989258,54.8147182958412,0,48.0507203838493,60.6181055704753,26.9246980969251,15.112636269192,0,0,20.8564048068864,51.4636813748267,26.7311729311284,18.1094133120317,16.6794789227701,0,0,0,0,0,36.7560434341431,0,22.2849979400635,0,0,0,0,0,58.9523811340332,29.6105118645562,0,59.2347450256348,0,0,0,0,0,26.698372927579,83.628532409668,24.4836285566607,0,0,0,0,63.364083480835,33.3776379759171,69.7356964111328,30.4915935850322,21.2722144986478,53.5798873901367,16.7924161691248,0,13.9574601149725
0,0,0,0,0,0,0,0,0,0,0,0,0,0,0,0,0,0,10.3345244133726,0,0,0,0,0,0,0,0,0,0,0,0,0,0,0,0,42.8772862752279,0,38.8333282470703,0,33.8699913024902,0,17.7014257907867,0,0,0,28.5296901702881,0,0,0,0,0,0,0,0,0,0,0,0,0,0,0,0,37.9370040893555,0,0,0,0,0,0,0,0,0,0,0,0,0,0,0,34.6574627269398,0,33.9979248046875,0,42.0491800308228,0,5.89669846085941,0,0
0,0,0,0,0,0,0,0,0,0,0,0,0,0,0,0,44.1530866622925,55.5752220153809,13.7702839926976,0,0,0,0,0,0,0,0,0,0,0,0,0,0,0,0,77.0794296264648,46.1759530544281,0,39.4865471839905,0,30.6445971594916,49.4284782409668,20.8564048068864,0,0,0,27.8580965173656,0,30.3623046875,0,0,0,0,0,0,0,0,0,0,0,0,0,0,18.2664585113525,0,0,0,0,59.7348976135254,0,0,27.5334167480469,0,24.2200119154794,0,0,0,0,0,32.1570770032109,0,27.6841288787391,48.3148231506348,0,9.92563920121797,0,0
0,21.4187984466553,44.1633567810059,22.8428183555603,52.6478462219238,0,0,0,0,55.9360516866048,0,47.9867687225342,0,0,0,0,66.3407848213292,54.3644519832963,32.1708355457376,22.7468376159668,0,66.2859654426575,83.100471496582,68.7004013061523,80.0647583007812,58.8292427062988,0,26.4449138641357,0,0,0,0,0,0,0,40.130190911148,104.922556559245,38.6872737027147,0,15.2939945903367,74.1625583171844,26.393241939576,51.4636813748267,28.5296901702881,0,0,53.0034122467041,37.792734225591,0,30.8139244266616,0,0,0,0,0,88.9950103759766,0,24.020396232605,0,0,0,0,14.7498011186032,0,64.2139587402344,0,0,0,71.157958984375,0,32.6057577133179,0,32.8725386659304,65.0421905517578,0,0,0,0,23.7519625583421,75.0976371765137,36.2606671701833,69.478738896987,46.1273318010765,61.2856063842773,20.6028620674305,41.3613643373762,57.1086387634277
0,0,13.1161550203959,0,17.8306431336836,0,0,0,19.6643854777018,0,17.9621067780715,0,0,0,0,0,56.7395656513718,61.5142378754668,33.5561988749445,0,8.97144541995866,0,72.4482574462891,0,65.9612007141113,0,63.2674865722656,0,0,0,19.9230990409851,0,0,0,0,99.8556747436523,42.8060738877964,0,37.7427089190719,65.5724258422852,18.4094070429387,49.0190507103415,26.7311729311284,0,27.8580965173656,53.0034122467041,0,40.1513492830338,35.7638981281957,0,0,0,0,0,23.6314563751221,0,21.185620765686,91.9846115112305,0,0,0,0,62.7059669494629,8.92172937631945,0,0,0,0,0,0,0,27.7219348634992,0,26.2719588058846,0,0,0,0,83.7965906778971,22.8880622507835,87.328311920166,28.9677811898102,37.4151922288683,63.623046875,15.0893367050607,76.7707347869873,43.1526545989208
25.1120948791504,0,43.5694959889288,49.2658760070801,49.519048055013,0,0,0,48.8331680297852,0,0,0,0,0,0,0,0,0,42.7919626235962,0,0,0,17.9609479904175,0,0,0,0,0,0,0,0,4.87987272433419,5.00651218704805,5.67758397041942,5.54357455387247,4.9378779321909,5.6002918314398,10.0764442896671,6.93305304250517,20.5234557428668,30.9238382101059,19.8432229995728,18.1094133120317,0,0,37.792734225591,40.1513492830338,0,8.47632189879891,9.39920249196994,38.1141891479492,0,0,0,36.5871429443359,0,0,0,0,0,0,0,41.3141237894694,0,22.8689975738525,17.3247137069702,0,0,0,0,0,0,72.4067230224609,61.9831695556641,8.88184826579112,7.06458773850892,9.3246178666237,7.6457527561087,7.33042539433173,8.16630908288878,12.1205501443975,9.34581287088629,6.66741991165232,0,12.7736662359472,0,0
7.6843568044979,0,22.7548041419377,0,43.2394710116916,0,0,0,15.1090374859897,0,0,0,0,0,0,0,64.1972116323618,68.6713747297015,50.6698516845703,0,0,0,8.07924236817793,0,10.3533024336105,0,0,0,0,0,0,3.73705149985648,3.52658853811376,19.1899987538656,4.41379237174988,0,78.7991366577148,0,7.59222190408976,0,18.5141556596475,24.6199054490952,16.6794789227701,0,30.3623046875,0,35.7638981281957,8.47632189879891,0,20.3918523948107,42.6521455049515,0,0,0,8.15813952022129,0,5.56181998866619,0,5.37113077967775,0,3.57574842363743,0,0,33.425858285692,0,6.38787737629444,0,4.58086494133297,0,4.25900891394842,0,5.71597248152361,0,64.4456513016312,9.0739204037574,5.40308965682983,21.9740856539819,0,15.1142775108074,21.7321764607936,26.566420211273,12.9716593934142,22.6014047445253,75.5446624755859,18.8207708236413,0,31.7105783663298
0,4.76488179549938,0,10.5100007120938,0,0,0,0,0,3.50093985739208,0,0,0,0,0,2.96165013313293,82.7304051717122,63.3033149719238,57.0292550600492,51.6955490112305,0,11.081490417621,0,6.89286598576679,0,12.560050868988,0,0,0,0,0,0,0,20.439338684082,18.0981483459473,74.6004148864746,0,9.44702062803954,0,25.4697497663827,39.8705368041992,15.3696712771739,0,0,0,30.8139244266616,0,9.39920249196994,20.3918523948107,0,0,0,0,0,0,4.63029894563887,0,23.5486146624272,0,47.1183369954427,0,4.29635264724493,34.821981337389,0,17.4783271637913,0,6.37441438089297,0,4.45720367087531,0,4.50647042599174,0,28.1622874664538,0,0,0,0,20.8689279556274,31.8692020542263,56.4404835700989,13.8899898911507,23.3525396728516,15.6806292926272,0,18.0289262284084,24.2030161903018,0
10.0398654937744,0,5.21794684005506,0,3.7814883428064,0,3.21023708752223,0,4.391259437022,0,0,0,0,0,5.48523855209351,0,0,0,0,0,7.50405022501945,0,0,0,0,0,0,0,0,0,0,0,0,0,0,0,14.4483895301819,0,0,0,54.9175605773926,0,0,0,0,0,0,38.1141891479492,42.6521455049515,0,0,0,2.95363426208496,0,5.51930484771728,0,16.6064262390137,0,3.46400726681024,0,3.16437995433807,0,0,5.54439764259631,0,0,0,0,0,0,0,0,0,0,0,0,0,0,0,15.8061623692513,0,0,5.61596370839525,0,9.74797716801301,0,0
0,0,0,3.50099034309387,0,2.79499397277832,0,2.75227737426758,0,0,0,0,0,0,0,0,0,0,0,2.74982643127441,0,0,0,0,0,0,0,0,0,0,0,0,0,0,0,0,0,0,0,0,0,0,0,0,0,0,0,0,0,0,0,0,0,4.38048383683869,0,0,0,3.01791930198669,0,0,0,0,0,0,0,0,0,0,0,0,0,0,0,0,0,0,0,0,0,0,0,0,0,0,4.65374040603638,0,0
0,0,0,0,2.94671714305878,0,3.09328498159136,0,0,0,0,0,0,0,0,0,0,0,0,0,0,0,0,0,0,0,0,0,0,0,0,0,0,0,0,0,0,0,0,0,0,0,0,0,0,0,0,0,0,0,2.95363426208496,0,0,0,0,0,0,0,3.5930330327579,0,0,0,0,0,0,0,0,0,0,0,0,0,0,0,0,0,0,0,0,0,0,0,0,0,0,0,0
0,0,0,0,0,3.12120297551155,0,3.21880193317638,0,0,0,2.73600268363953,0,0,0,0,0,0,0,2.73551893234253,0,0,0,0,0,0,0,0,0,0,0,0,0,0,0,0,0,0,0,0,0,0,0,0,0,0,0,0,0,0,0,4.38048383683869,0,0,0,0,0,3.3782233953476,0,0,0,0,0,0,0,0,0,0,0,0,0,0,0,0,0,0,0,0,0,0,0,0,2.95901619063483,0,0,0,0
3.94172914749985,0,5.6221016089719,0,8.39947140844245,0,0,0,7.42270155209247,0,0,0,0,0,13.0580769777298,0,23.5783123016357,41.4941479365031,24.147855758667,0,0,0,28.8359883626302,0,5.64957758585612,0,0,0,0,0,0,0,0,0,0,0,56.4594841003418,0,4.05021269619465,0,41.2942937215169,0,36.7560434341431,0,0,0,23.6314563751221,36.5871429443359,8.15813952022129,0,5.51930484771728,0,0,0,0,0,0,0,0,0,5.30133333393172,0,0,0,0,0,0,5.02913984221381,0,3.93170549472173,0,46.2576599121094,0,39.6290893554688,0,0,0,0,0,45.5202779769897,0,28.2017898057636,7.61320241245292,0,12.5822784060338,0,0
0,3.90536867390882,0,3.66722475290298,0,0,0,0,0,4.26036285812205,0,0,0,0,0,5.05667608434504,49.3942893981934,11.3199229502755,59.0445217132568,0,0,26.2231674194336,0,8.17558611085262,41.2969055175781,17.2695076200697,0,0,0,0,0,0,0,0,0,22.8694658279419,0,5.70539822516503,0,0,0,7.44882167013068,0,0,0,88.9950103759766,0,0,0,4.63029894563887,0,0,0,0,0,0,0,0,0,0,0,4.11541767137331,12.9787973403931,0,24.1817299979074,0,7.05543442412737,68.8335113525391,18.4443278539748,0,0,0,0,0,0,0,0,0,0,0,6.13678397072686,0,19.1996566702922,38.7232246398926,5.30887697777658,0,0
7.372935962677,0,8.87242629528046,0,15.6867783864339,0,3.90047740936279,0,0,0,7.13721858441257,0,0,0,0,0,0,0,0,0,6.6658277630806,0,0,0,0,0,0,0,5.38125946942498,0,5.86089151279599,0,0,0,0,0,15.5785536766052,0,12.869080852185,0,60.2128295898438,50.4763069152832,22.2849979400635,0,0,0,21.185620765686,0,5.56181998866619,0,16.6064262390137,0,0,0,0,0,0,0,3.70179624933946,0,4.78378860155741,0,0,7.03378974855616,0,0,0,0,0,9.2424322275015,0,7.96846065195412,0,7.29735519216485,0,0,0,0,0,18.6084358588509,0,10.4995832064633,12.6646496559444,0,6.3388711659054,0,0
0,13.1115283966064,0,10.7473078324245,0,2.74521636962891,0,3.62797856330872,0,0,0,5.51300310692024,0,5.40177079557462,0,0,0,0,34.9152412414551,5.63062666137429,0,26.2017631530762,0,0,0,0,0,8.07992164504449,0,9.31499408023192,0,0,0,0,0,16.9402918020884,0,7.90396539900038,0,44.8448877334595,0,17.4991837748166,0,0,0,24.020396232605,91.9846115112305,0,0,23.5486146624272,0,3.01791930198669,0,3.3782233953476,0,0,0,0,0,5.17311549611371,0,2.74155068397522,9.43871407235384,0,27.0003866468157,0,0,0,0,0,9.66189583026861,0,8.33524659130123,0,0,0,0,0,31.7510856628418,0,11.6131639348568,0,9.24715241880128,0,9.95551053234326,13.8637799421946,0
0,0,3.54186536715581,0,0,0,4.04378107388814,0,0,0,0,0,3.29260411672294,0,3.22830704847972,0,0,0,0,0,0,0,0,0,0,0,0,0,0,0,0,0,0,0,0,0,0,0,0,0,0,0,0,0,0,0,0,0,5.37113077967775,0,3.46400726681024,0,3.5930330327579,0,0,0,3.70179624933946,0,0,0,4.0517505972009,0,0,16.6253204345703,0,0,0,0,0,8.44933481216431,0,5.54078149533534,0,0,0,0,0,0,0,20.5898361206055,0,0,3.03178489775885,0,4.99237942695618,0,0
0,0,0,3.695954758188,0,0,0,0,0,0,0,4.49857368776875,0,3.49062204360962,0,0,0,0,0,0,0,32.1282920837402,0,0,0,0,0,4.62662839889526,0,0,0,0,0,0,0,0,0,0,0,0,0,44.2755870819092,0,0,0,0,0,0,0,47.1183369954427,0,0,0,0,0,0,0,5.17311549611371,0,0,0,0,6.76036691665649,0,26.581711769104,0,0,0,0,0,5.57145580526901,0,42.0760726928711,0,0,0,0,0,20.041446685791,0,45.0516923268636,0,7.04074496541704,0,14.5725782632828,0,0
4.08513411928396,0,2.7496542930603,0,0,0,0,0,4.37850357018984,0,0,0,2.79807406663895,0,3.59026669520958,0,0,0,0,0,0,0,0,0,0,0,0,0,0,0,0,0,0,0,0,0,0,0,0,0,0,0,0,0,0,0,0,0,3.57574842363743,0,3.16437995433807,0,0,0,5.30133333393172,0,4.78378860155741,0,4.0517505972009,0,0,0,0,0,0,0,0,0,0,4.14065180718899,0,0,0,0,0,0,0,0,0,0,0,0,5.22635666302272,5.88099718093872,5.02905511856079,0,0
0,4.08001381472537,0,3.91304069612084,0,0,0,0,59.2667236328125,10.1082845415388,0,0,0,0,0,3.76335636083631,38.2949180603027,12.549554848671,40.2116057078044,0,0,28.2015931871202,0,19.8610559304555,0,12.580619519949,0,0,0,0,0,0,0,0,0,0,0,0,0,0,0,0,0,0,0,0,0,0,0,4.29635264724493,0,0,0,0,0,4.11541767137331,0,2.74155068397522,0,0,0,0,10.4902319908142,0,26.3745414733887,0,7.56411136388779,0,9.62459339009653,0,0,0,0,0,0,0,0,0,23.2066097259521,90.5054168701172,0,0,17.351016633054,0,6.7297323803569,0,0
0,0,0,12.0766136924942,0,8.65652942657471,0,0,0,14.1120946407318,0,8.12254629721189,0,0,0,0,74.8775736490885,66.5905269198947,47.7970289838487,5.78517166856939,0,79.8853530883789,0,0,0,0,0,22.0732920510428,0,18.9862273216248,0,0,0,0,0,21.2222320261479,0,27.0759104594155,0,15.679519376912,0,26.9741925268338,58.9523811340332,37.9370040893555,0,14.7498011186032,62.7059669494629,41.3141237894694,0,34.821981337389,0,0,0,0,0,12.9787973403931,0,9.43871407235384,0,6.76036691665649,0,10.4902319908142,0,0,50.3803558349609,0,0,0,0,0,22.8449039459229,0,22.3508511514001,0,0,0,0,0,18.1121827264262,81.3023910522461,19.4532417984332,88.1652297973633,25.2100000390605,0,13.3753616271259,34.1060126044533,0
0,0,13.1746427930635,0,4.60988657050214,0,4.15009673436483,0,0,0,4.77657314269773,0,0,0,0,0,61.4409065246582,74.4898357391357,59.1959228515625,0,4.32548445623778,0,0,0,0,0,0,0,14.5027509689331,0,10.2271508216858,0,0,0,0,0,10.6122209366645,0,12.8593741036669,97.2116317749023,11.8200537126917,0,29.6105118645562,0,18.2664585113525,0,8.92172937631945,0,33.425858285692,0,5.54439764259631,0,0,0,0,0,7.03378974855616,0,16.6253204345703,0,0,0,0,0,0,0,0,0,0,0,0,16.8378550106966,0,11.1154223173985,0,0,0,0,90.361083984375,9.56509735928468,0,14.3679082962639,6.36470744562465,0,7.35272454227656,0,38.4690437316895
0,0,0,0,0,0,0,0,0,27.7921523558788,0,28.320126753587,0,27.3706712722778,0,26.8547316719504,32.1200847489493,20.5004237908281,46.1570905844371,38.894359588623,0,4.93797365321477,16.8023463726044,7.17645472331639,31.2010040283203,9.59468975833484,35.4700622558594,11.7722676548847,0,22.799098332723,0,0,0,0,0,0,0,7.93707719148496,0,0,77.0181274414062,74.9051055908203,0,0,0,64.2139587402344,0,22.8689975738525,0,17.4783271637913,0,0,0,0,0,24.1817299979074,0,27.0003866468157,0,26.581711769104,0,26.3745414733887,50.3803558349609,0,0,0,6.74891503155231,0,14.1560081629526,55.2625732421875,10.8131684393915,0,20.8054141998291,0,0,0,26.1324443817139,0,81.3150978088379,86.3605880737305,7.53052802761735,66.4258117675781,9.08227987234829,6.05563929472884,39.2059335708618,52.0372734069824,0
0,0,0,0,0,0,0,0,24.9186880929129,0,0,0,0,0,0,0,21.069851036119,40.1035220623016,41.8878794879448,0,0,13.0430667216961,4.779154440873,21.2518672943115,7.31844512621562,30.0987281799316,9.30762628714244,0,0,0,0,0,0,0,0,0,0,0,6.37772020248518,0,0,63.2285385131836,59.2347450256348,0,0,0,0,17.3247137069702,6.38787737629444,0,0,0,0,0,0,0,0,0,0,0,0,0,0,0,0,0,0,0,39.1076736450195,12.1528767006738,0,4.57819170700876,0,0,0,0,0,0,93.0642166137695,0,0,4.75771932062388,7.15439145720131,8.59465325962413,18.7907104492188,0,0
0,0,0,0,0,0,0,0,0,9.61947510639826,0,0,0,0,0,20.7753071223988,36.4902260350246,22.1100960500617,39.2099088522104,0,0,9.04977758475176,39.2486089070638,4.3809842701093,35.9382732391357,8.60533292669999,0,0,0,0,0,0,0,0,0,0,0,4.4591274147942,0,0,0,48.4488639831543,0,0,0,0,0,0,0,6.37441438089297,0,0,0,0,0,7.05543442412737,0,0,0,0,0,7.56411136388779,0,0,6.74891503155231,0,0,0,15.6791239307351,30.9804267883301,10.6009328122866,0,0,0,0,0,0,0,0,79.8126335144043,3.01923123995463,0,12.7805265210499,45.3489398956299,4.08983095601308,0,49.8801002502441
10.3486733913422,0,0,0,0,0,0,0,5.84421908855438,0,0,0,0,0,0,0,24.8301999352195,59.8883934020996,38.1887817382812,0,0,0,13.914041519165,0,4.50624071082024,0,16.8485050201416,0,0,0,0,0,0,0,0,0,0,0,5.25129573492077,0,0,0,0,0,0,0,0,0,4.58086494133297,0,0,0,0,0,5.02913984221381,68.8335113525391,0,0,0,0,0,0,0,0,0,0,0,0,0,2.95515751838684,0,0,0,0,0,0,0,0,0,0,0,4.77611119793607,18.4709615707397,0,5.92953687795886,0,0
0,0,0,0,0,0,0,0,50.2349662780762,19.9934467947161,0,0,0,0,0,11.1681134579358,44.7916464878963,14.9136208387038,47.984107417445,0,0,14.4334170200207,63.819206237793,13.9161524902219,43.6899585723877,7.47174943408301,56.8862648010254,4.98751213620691,0,0,0,0,0,0,0,0,0,0,0,0,69.057502746582,81.5381698608398,0,0,59.7348976135254,71.157958984375,0,0,0,4.45720367087531,0,0,0,0,0,18.4443278539748,0,0,0,0,0,9.62459339009653,0,0,14.1560081629526,39.1076736450195,15.6791239307351,0,0,0,4.55019262703982,0,0,0,0,0,0,0,100.211940765381,0,80.0353240966797,0,16.0162577237219,24.5437114806402,47.4355392456055,0,69.3131332397461
0,0,0,0,0,0,0,0,23.8023071289062,0,0,0,0,0,0,0,18.4105008177135,43.6959652059218,33.9451548337936,0,0,28.5315074920654,17.7503218151802,0,25.7896775139703,44.5992584228516,4.68364041697594,0,3.35023906826973,0,0,0,0,0,0,0,0,0,0,0,0,0,0,0,0,0,0,0,4.25900891394842,0,0,0,0,0,3.93170549472173,0,9.2424322275015,0,8.44933481216431,0,4.14065180718899,0,0,0,55.2625732421875,12.1528767006738,30.9804267883301,2.95515751838684,0,0,0,5.52523629023479,0,0,0,0,0,0,103.759963989258,87.8361511230469,0,64.7969512939453,16.7063258735227,27.5410118103027,54.1608734130859,0,0
0,0,0,0,0,0,0,0,0,0,0,8.36449317932129,0,7.70700809202696,0,0,0,7.90567626123843,0,19.2739589214325,0,9.07446108591979,0,13.9773180301373,0,8.8419463826764,0,4.83490541087748,0,7.58540045332026,0,0,0,0,0,0,0,5.85491138696671,0,0,0,0,0,0,0,32.6057577133179,0,0,0,4.50647042599174,0,0,0,0,0,0,0,9.66189583026861,0,5.57145580526901,0,0,22.8449039459229,0,10.8131684393915,0,10.6009328122866,0,4.55019262703982,0,0,0,6.51103632790702,0,0,0,0,0,0,0,6.80753446523624,0,6.42415204169644,0,32.7623424530029,0,0
0,0,33.5282023747762,0,0,0,0,0,0,0,0,0,0,0,0,0,0,64.5726699829102,0,0,0,0,8.61320066452026,0,0,0,2.8723916548949,0,4.76155922353132,0,6.1050164103508,0,0,0,0,0,0,0,8.98574525883226,0,0,0,26.698372927579,0,27.5334167480469,0,27.7219348634992,0,5.71597248152361,0,0,0,0,0,46.2576599121094,0,7.96846065195412,0,5.54078149533534,0,0,0,0,16.8378550106966,0,4.57819170700876,0,0,0,5.52523629023479,0,0,0,5.26870514809652,0,0,0,0,0,62.3151931762695,0,6.66435993630781,15.0083490259507,0,11.2946580400272,0,21.805850982666
0,0,0,37.211673435412,0,0,0,0,0,0,0,11.5197493537613,0,0,0,0,0,59.098591486613,51.9567546844482,13.5261798388716,0,14.290196282523,0,0,0,0,0,4.62194889038801,0,6.25762466175851,0,0,0,0,0,0,0,9.70217172635926,0,63.5094184875488,0,19.4114535602102,83.628532409668,0,0,32.8725386659304,0,72.4067230224609,0,28.1622874664538,0,0,0,0,0,0,0,8.33524659130123,0,42.0760726928711,0,0,22.3508511514001,0,20.8054141998291,0,0,0,0,0,6.51103632790702,0,0,0,0,0,0,0,58.6231784242572,80.024528503418,6.66700421232995,68.8983764648438,19.8426287694411,0,19.5435710954277,20.0202024579048,0
