0,0,3.85327600731569,0,0,0,0,0,6.00819354354056,0,0,0,0,0,7.18282092850784,0,8.06415921670419,0,5.54518034709758,0,0,0,0,0,0,0,0,0,0,0,0,0,0,0,0,0,0,0,0,0,0,0,9.24221024831136,0,6.25963983535767,0,9.6452634762495,0,4.600023715124,0,0,0,0,0,7.43425939157605,0,0,0,0,0,5.9691648121391,0,0,0,0,0,0,0,0,0,0,0,0,0,0,0,0,0,0,0,0,0,4.16136413349953,16.264461517334,6.50309304994562,0,14.78144967556
0,0,0,14.1536722456116,0,0,0,0,0,5.19806630948169,0,0,0,0,0,11.7080669403076,0,0,5.99544496396009,0,0,0,0,0,0,0,0,0,0,0,0,0,0,0,0,0,0,0,0,0,0,11.5166653239209,0,5.16891169548035,0,5.95930733899961,0,0,0,5.07689526113137,0,0,0,0,0,4.13187661371031,0,6.00837010807461,0,7.8680884855635,0,3.99029510498047,0,0,0,0,0,0,0,0,0,0,0,0,0,0,0,0,0,0,0,0,4.72907720332392,0,6.53817103918799,11.4280469682482,0
3.85327600731569,0,0,0,5.8393086777177,0,0,0,5.49103832244873,0,0,0,0,0,0,0,0,0,0,0,0,0,0,0,0,0,0,0,0,0,0,0,0,0,0,0,0,0,0,0,0,0,7.31610611506871,0,0,0,0,0,4.03315305859385,0,6.83428045991179,0,0,0,9.75576173498275,0,5.92566101891654,0,6.73574901544131,0,5.77111911061984,0,0,0,0,0,0,0,0,0,0,0,0,0,0,0,0,0,0,0,0,0,3.67709763130445,16.6538619995117,6.46984667364649,0,0
0,14.1536722456116,0,0,0,0,0,0,0,0,0,0,0,0,0,0,0,0,22.1865110397339,0,0,0,0,0,0,0,0,0,0,0,0,0,0,0,0,0,0,0,0,0,0,11.8824322629787,0,0,0,0,0,0,0,5.42799910178551,0,0,0,0,0,5.70630280971527,0,3.76283674240112,0,3.61449704935521,0,4.25081891073308,0,0,0,0,0,0,0,0,0,0,0,0,0,0,0,0,0,0,0,0,9.52018390383039,0,6.40824169166955,11.4784343915601,0
0,0,5.8393086777177,0,0,0,0,0,3.33042418956757,0,0,0,0,0,0,0,0,0,0,0,0,0,0,0,0,0,0,0,0,0,0,0,0,0,0,0,0,0,0,0,0,0,0,0,0,0,0,0,0,0,3.45153144200643,0,0,0,0,0,10.9434766769409,0,0,0,0,0,0,0,0,0,0,0,0,0,0,0,0,0,0,0,0,0,0,0,0,0,3.16767454147339,0,5.49090338515473,0,0
0,0,0,0,0,0,0,2.72815942764282,0,0,0,4.22173929214478,0,0,0,0,0,0,0,4.42630418141683,0,0,0,0,0,0,0,0,0,0,0,0,0,0,0,0,0,0,0,0,0,0,0,0,0,0,0,0,0,0,0,3.40532651275013,0,3.35921657085419,0,0,0,0,0,0,0,0,2.876931031545,0,0,0,0,0,0,0,0,0,0,0,0,0,0,0,0,0,0,0,3.7202125787735,6.3624365568161,0,0,0
0,0,0,0,0,0,0,0,0,0,3.0958714723587,0,2.95117235183716,0,0,0,0,0,0,0,3.05998466014862,0,0,0,0,0,0,0,0,0,0,0,0,0,0,0,0,0,0,0,0,0,0,0,0,0,0,0,0,0,0,0,3.79920726503645,0,0,0,2.91267662578159,0,3.45110194499676,0,0,0,0,0,0,0,0,0,0,0,0,0,0,0,0,0,0,0,0,0,0,0,3.1966291536199,0,0,0,0
0,0,0,0,0,2.72815942764282,0,0,0,0,0,0,0,2.82649290561676,0,0,0,0,0,3.14967319459626,0,0,0,0,0,0,0,0,0,0,0,0,0,0,0,0,0,0,0,0,0,0,0,0,0,0,0,0,0,0,0,3.28302089764121,0,3.22618110305988,0,0,0,5.82974672317505,0,3.22632279566356,0,0,3.633814610933,0,0,0,0,0,0,0,0,0,0,0,0,0,0,0,0,0,0,0,3.35603117412991,0,0,0,0
6.00819354354056,0,5.49103832244873,0,3.33042418956757,0,0,0,0,0,0,0,0,0,4.4217619232593,0,6.17382327005977,0,5.62911525322525,0,0,0,0,0,0,0,3.05596232414246,0,0,0,0,0,0,0,0,0,0,0,4.64084237606829,0,0,0,5.61219372756209,0,0,0,13.6926679611206,0,6.5161844773726,0,0,0,0,0,5.09914961514913,0,0,0,0,0,4.62897665472426,0,0,0,0,0,0,3.37036395072937,0,3.232204357783,0,0,0,0,0,0,0,0,0,0,0,7.6230102404952,5.60541618665059,5.69270255189193,7.86057257437491,0,8.07806197125861
0,5.19806630948169,0,0,0,0,0,0,0,0,0,0,0,0,0,5.40272942342256,0,6.22908229637146,5.17356258060163,0,0,0,0,3.68748927116394,0,0,0,0,0,0,0,0,0,0,0,0,0,0,0,0,0,6.06106575890484,0,7.34993839263916,0,0,0,0,0,6.15155786275864,0,0,0,0,0,5.54834852919324,0,0,0,0,0,3.6971410782832,0,0,0,0,2.83501017093658,0,0,0,0,0,0,0,0,0,0,0,0,0,0,0,6.04696236163378,6.59245541472184,4.64476814866066,9.16577440940294,0
0,0,0,0,0,0,3.0958714723587,0,0,0,0,0,3.38974140672123,0,0,0,0,0,0,0,3.39768988304138,0,0,0,0,0,0,0,3.77681187220982,0,3.07393160146825,0,0,0,0,0,3.16917242022122,0,3.64741808183318,0,0,0,0,0,0,0,0,0,0,0,0,0,0,0,0,0,3.43909022960257,0,5.00252273407307,0,0,0,0,3.92184270173311,0,0,0,0,0,0,0,3.44878187179565,0,3.63366577360365,0,0,0,0,0,4.07276606559753,0,4.26639067180573,3.40697769729459,3.51519499985437,0,0,0
0,0,0,0,0,4.22173929214478,0,0,0,0,0,0,0,4.02207000525493,0,0,0,0,0,3.46001429018469,0,0,0,0,0,0,0,3.62446550889449,0,3.33344768454589,0,0,0,0,0,4.08776342098251,0,3.46359629305,0,0,0,0,0,0,0,0,0,0,0,0,0,0,0,0,0,0,0,4.41519170774698,0,3.53850227468324,0,0,3.37187297131068,0,0,0,0,0,0,0,3.6462407309706,0,3.51693465435399,0,0,0,0,0,5.439857006073,0,3.90081241983452,0,4.07760331093096,5.67649459838867,0,0,0
0,0,0,0,0,0,2.95117235183716,0,0,0,3.38974140672123,0,0,0,4.28462358457702,0,0,0,0,0,0,0,0,0,0,0,0,0,3.66914069652557,0,0,0,0,0,0,0,0,0,0,0,0,0,0,0,0,0,0,0,0,0,0,0,0,0,0,0,4.03205315272013,0,3.39255378113853,0,5.62826949357986,0,0,0,0,0,0,0,0,0,0,3.14549726247787,0,0,0,0,0,0,0,0,0,0,3.00695444162561,3.07953414609355,0,0,0
0,0,0,0,0,0,0,2.82649290561676,0,0,0,4.02207000525493,0,0,0,4.86608096269461,0,3.20371935343502,0,0,0,0,0,0,0,0,0,0,0,8.00206565856934,0,0,0,0,0,0,0,0,0,0,0,0,0,0,0,0,0,0,0,0,0,0,0,0,0,0,0,4.83035564819972,0,4.47464844132718,0,4.03706626458602,0,0,0,0,0,0,0,0,2.91077009836833,0,0,0,0,0,0,0,0,0,0,0,3.16103803242246,3.248244824605,0,0,0
7.18282092850784,0,0,0,0,0,0,0,4.4217619232593,0,0,0,4.28462358457702,0,0,0,3.37825095878457,0,0,0,0,0,0,0,0,0,0,0,0,0,0,0,0,0,0,0,0,0,0,0,0,0,0,0,0,0,0,0,0,0,0,0,0,0,5.04638996566694,0,0,0,10.2726397582463,0,4.50797095037486,0,0,0,0,0,0,0,0,0,0,0,0,0,0,0,0,0,0,0,0,0,3.45773886865185,3.26222842931747,0,0,0
0,11.7080669403076,0,0,0,0,0,0,0,5.40272942342256,0,0,0,4.86608096269461,0,0,0,3.81547148253328,0,0,0,0,0,5.3803591132164,0,3.16238057613373,0,0,0,0,0,0,0,0,0,0,0,0,0,0,0,0,0,0,0,0,0,0,0,0,0,0,0,0,0,5.50862073898315,0,0,0,5.15566158294678,0,3.49935835599899,0,0,0,0,5.21067628860474,0,0,0,0,0,0,0,0,0,0,0,0,0,0,0,4.62899968791711,5.30819710138682,0,0,0
8.06415921670419,0,0,0,0,0,0,0,6.17382327005977,0,0,0,0,0,3.37825095878457,0,0,20.8216689828978,6.1117657474053,0,0,21.9118437486536,16.6738055294475,0,3.15547132492065,0,4.51694728554906,0,0,0,0,0,0,0,0,0,0,0,0,0,0,0,12.8879490251894,0,14.172647356987,0,16.2192010879517,0,0,0,0,0,0,0,6.54097113045313,0,0,0,0,0,3.7285683080554,0,0,0,21.2756423950195,7.10366122063516,0,6.72979784011841,0,3.99556994438171,0,0,0,0,0,0,0,0,0,0,0,0,7.76092029810581,7.9286706217149,11.5743943065046,0,14.3334759394328
0,0,0,0,0,0,0,0,0,6.22908229637146,0,0,0,3.20371935343502,0,3.81547148253328,20.8216689828978,0,5.97546512876279,0,0,16.1960893514309,22.1564865112305,10.8776491769525,0,4.35986544367145,51.0114517211914,3.5639157541867,0,0,0,0,0,0,0,0,0,0,0,0,0,17.7383775075277,0,0,0,0,0,0,0,0,0,0,0,0,0,8.44222497940063,0,0,0,3.68538224432204,0,3.09973043203354,0,0,14.2876685966145,48.8973922729492,0,0,3.9255912256713,0,4.45092827208499,0,0,0,0,0,0,0,0,0,0,0,7.92103551257731,7.94807484684242,10.5183095932007,17.8147061211722,0
5.54518034709758,5.99544496396009,0,22.1865110397339,0,0,0,0,5.62911525322525,5.17356258060163,0,0,0,0,0,0,6.1117657474053,5.97546512876279,0,0,0,0,0,5.73502976185567,3.05822226405144,0,0,0,0,0,0,0,0,0,0,0,0,0,0,0,0,7.75590794578859,7.32875498174121,6.17448598740353,7.7092044040805,9.75020400527256,14.4421259806706,0,0,0,0,0,0,0,7.05677895943324,6.79267891248067,0,0,0,0,0,0,0,0,0,0,0,3.45806755622228,0,0,0,0,0,0,0,0,0,0,0,0,25.4127712249756,30.6314512888591,5.5367369420246,13.0398945441613,7.81514264789882,9.73095186192397,10.1591823800316
0,0,0,0,0,4.42630418141683,0,3.14967319459626,0,0,0,3.46001429018469,0,0,0,0,0,0,0,0,0,0,0,0,0,0,0,0,0,0,0,0,0,0,0,3.65642817189735,0,3.72381758286757,0,0,0,0,0,0,0,0,0,0,0,0,0,7.84000491178953,0,0,0,0,0,4.07245957772463,0,0,0,0,3.64094053937503,0,0,0,0,0,0,0,0,0,0,0,0,0,0,0,6.3808817575363,0,3.95446908473969,0,3.41703496481243,0,0,0,0
0,0,0,0,0,0,3.05998466014862,0,0,0,3.39768988304138,0,0,0,0,0,0,0,0,0,0,0,0,0,0,0,0,0,0,0,0,0,0,0,0,0,3.6372307669464,0,3.23133132445444,0,0,0,0,0,0,0,0,0,0,0,4.00570124387741,0,0,0,0,0,3.89872942190904,0,0,0,0,0,0,3.31164573873364,0,0,0,0,0,0,0,0,0,0,0,0,0,0,0,4.33076789501535,0,3.42936754226685,3.41440032777332,0,0,0,0
0,0,0,0,0,0,0,0,0,0,0,0,0,0,0,0,21.9118437486536,16.1960893514309,0,0,0,0,4.23478651746773,10.1879322470403,0,4.25110345482826,25.3391895294189,2.74492287635803,0,0,0,0,0,0,0,0,0,4.13112708638767,0,0,0,0,0,0,0,0,0,0,0,13.6903523921967,0,0,0,0,0,0,0,0,0,0,0,0,0,0,5.17992264848498,7.06995623337256,4.37578013965062,0,6.3341233253479,0,10.0677778361946,0,0,0,0,0,0,0,0,0,4.13907517281131,0,8.35942860151826,12.8030977062151,0,0,0
0,0,0,0,0,0,0,0,0,0,0,0,0,0,0,0,16.6738055294475,22.1564865112305,0,0,0,4.23478651746773,0,26.3378562927246,3.74405154428984,0,16.9977532345029,0,4.41535233114367,0,0,0,0,0,0,0,0,0,3.46590962124542,0,0,0,0,0,0,0,0,0,2.75987523252314,0,0,0,0,0,0,0,0,0,0,0,0,0,0,0,4.03449533296668,5.53056254026438,0,4.36447709430883,0,11.5812078087914,0,8.35977326720822,0,0,0,0,0,0,0,0,0,3.50788598968869,5.64368265080002,8.19880404233933,0,0,0
0,0,0,0,0,0,0,0,0,3.68748927116394,0,0,0,0,0,5.3803591132164,0,10.8776491769525,5.73502976185567,0,0,10.1879322470403,26.3378562927246,0,0,3.2234285012731,0,0,0,0,0,0,0,0,0,0,0,3.85573144522662,0,0,0,0,0,0,0,0,0,0,0,5.95469669862227,0,0,0,0,0,3.16822862625122,0,0,0,0,0,3.95972362057916,0,0,8.26229080132076,0,3.75184792059439,0,3.77562397496175,0,0,0,0,0,0,0,0,0,0,0,5.85591500790423,0,9.80495825187484,23.4068316948123,0,0,0
0,0,0,0,0,0,0,0,0,0,0,0,0,0,0,0,3.15547132492065,0,3.05822226405144,0,0,0,3.74405154428984,0,0,0,3.88458204269409,0,0,0,0,0,0,0,0,0,0,0,4.82427164536417,0,0,0,13.6799879074097,0,0,0,0,18.6736576080322,4.83040851354599,0,0,0,0,0,0,0,0,0,0,0,0,0,0,0,0,6.77772283554077,0,3.38428409011276,0,5.71837753341311,0,0,0,0,0,0,0,0,0,0,0,8.48584070071222,3.3993539311165,0,8.06770858764648,0,0
0,0,0,0,0,0,0,0,0,0,0,0,0,0,0,3.16238057613373,0,4.35986544367145,0,0,0,4.25110345482826,0,3.2234285012731,0,0,0,0,0,0,0,0,0,0,0,0,0,0,0,0,0,0,0,0,0,0,0,0,0,0,0,0,0,0,0,0,0,0,0,0,0,2.86761528253555,0,0,10.7442715764046,0,3.14429404622033,0,3.12035392404913,0,0,0,0,0,0,0,0,0,0,0,0,0,6.37628815808427,18.275332480669,0,0,0
0,0,0,0,0,0,0,0,3.05596232414246,0,0,0,0,0,0,0,4.51694728554906,51.0114517211914,0,0,0,25.3391895294189,16.9977532345029,0,3.88458204269409,0,0,0,3.10337740182877,0,0,0,0,0,0,0,0,0,0,0,0,0,0,0,0,0,0,0,0,0,0,0,0,0,3.37977600097656,0,0,0,0,0,0,0,0,0,0,5.63201764106751,0,3.88722914457321,0,4.65054549341616,0,3.04689061641693,0,0,0,0,0,0,0,0,0,0,11.0314372153992,21.2779201122752,0,0,0
0,0,0,0,0,0,0,0,0,0,0,3.62446550889449,0,0,0,0,0,3.5639157541867,0,0,0,2.74492287635803,0,0,0,0,0,0,0,3.14708735535182,0,0,0,0,0,0,0,3.2411036831992,0,0,0,0,0,0,0,0,0,0,0,0,0,0,0,0,0,0,0,0,0,0,0,0,0,0,0,0,0,0,0,0,3.62808266726187,0,3.39052327981232,0,0,0,0,0,0,0,3.47281527519226,0,3.38056792860681,3.11145691955299,0,0,0
0,0,0,0,0,0,0,0,0,0,3.77681187220982,0,3.66914069652557,0,0,0,0,0,0,0,0,0,4.41535233114367,0,0,0,3.10337740182877,0,0,0,3.76895976066589,0,0,0,0,0,0,0,2.71814870834351,0,0,0,0,0,0,0,0,0,0,0,0,0,0,0,0,0,0,0,3.98547923564911,0,0,0,0,0,0,3.30569350301174,0,0,0,0,0,3.85083677047907,0,4.72041893005371,0,0,0,0,0,0,0,0,3.48493781359093,3.04558478178603,0,0,0
0,0,0,0,0,0,0,0,0,0,0,3.33344768454589,0,8.00206565856934,0,0,0,0,0,0,0,0,0,0,0,0,0,3.14708735535182,0,0,0,0,0,0,0,0,0,3.54173128582607,0,0,0,0,0,0,0,0,0,0,0,0,0,0,0,0,0,0,0,4.07427810002299,0,0,0,0,0,0,0,0,0,0,0,0,3.40914304340704,0,3.77371197604852,0,0,0,0,0,0,0,4.1761926834782,0,3.94041470219107,5.70379144804818,0,0,0
0,0,0,0,0,0,0,0,0,0,3.07393160146825,0,0,0,0,0,0,0,0,0,0,0,0,0,0,0,0,0,3.76895976066589,0,0,0,0,0,0,0,0,0,3.37976107532031,0,0,0,0,0,0,0,0,0,0,0,0,0,0,0,0,0,3.84036093000053,0,0,0,0,0,0,0,0,0,0,0,0,0,0,3.65938683244991,0,3.40867403653952,0,0,0,0,0,0,0,4.38569557666779,2.93139625998104,0,0,0,0
0,0,0,0,0,0,0,0,0,0,0,0,0,0,0,0,0,0,0,0,0,0,0,0,0,0,0,0,0,0,0,0,3.79744911485897,20.8658279382266,18.2857933044434,3.89806277437524,3.2587214523296,0,0,0,0,0,0,0,0,0,0,6.03616836550898,12.9608692308015,5.81593012809753,0,0,0,0,0,0,0,0,0,0,0,0,0,0,0,0,0,0,0,0,0,0,0,0,5.48558155818052,4.86940142063645,23.230257855461,27.8878502507582,6.12368721865752,8.58916187910807,28.8479843139648,26.263230910668,3.46123421366622,0,0,0,0
0,0,0,0,0,0,0,0,0,0,0,0,0,0,0,0,0,0,0,0,0,0,0,0,0,0,0,0,0,0,0,3.79744911485897,0,0,23.8253996990345,5.73654609506014,4.38692514627975,0,0,0,0,0,0,0,0,0,0,4.74832537074482,0,0,0,0,0,0,0,0,0,0,0,0,0,0,0,0,0,0,0,0,0,0,0,0,0,0,4.00573253952334,4.27582376130665,37.5821475982666,27.1483469103265,7.02677066733197,4.23581455982729,0,30.0404593149821,4.31624268030337,0,0,0,0
0,0,0,0,0,0,0,0,0,0,0,0,0,0,0,0,0,0,0,0,0,0,0,0,0,0,0,0,0,0,0,20.8658279382266,0,0,6.85182584497831,3.08956561417415,11.5827856063843,4.51836021819917,5.07971880184977,0,0,0,0,0,0,0,0,4.65357993937394,15.2810403160427,23.3445776303609,0,0,0,0,0,0,0,0,0,0,0,0,0,0,0,0,0,0,0,0,0,0,0,0,23.8410590401402,16.2132253646851,4.68829649895737,6.93631213768981,2.74173331260681,38.6540977995274,4.1504019333911,14.0907762693,5.877361584128,0,25.5871632385254,0,0
0,0,0,0,0,0,0,0,0,0,0,0,0,0,0,0,0,0,0,0,0,0,0,0,0,0,0,0,0,0,0,18.2857933044434,23.8253996990345,6.85182584497831,0,0,6.57662188305574,6.49560642242432,3.67281934193202,0,0,0,0,0,0,0,0,7.56561668129022,7.54471244812012,0,0,0,0,0,0,0,0,0,0,0,0,0,0,0,0,0,0,0,0,0,0,0,0,0,14.3237303953904,17.075420412524,7.10262791885923,4.53973385538374,28.7197449628045,6.7450654820392,15.1457971731822,6.80454527098557,3.64922771453857,0,26.5517539978027,0,0
0,0,0,0,0,0,0,0,0,0,0,4.08776342098251,0,0,0,0,0,0,0,3.65642817189735,0,0,0,0,0,0,0,0,0,0,0,3.89806277437524,5.73654609506014,3.08956561417415,0,0,3.61499051997256,3.85661300165009,4.13539212400263,4.20540347784579,0,0,0,0,0,7.59922513961792,0,5.95913605702029,8.57838233489564,5.31418658678348,0,0,0,0,0,0,0,5.87980193052536,0,0,0,0,4.20422726854417,0,0,0,0,0,0,0,0,0,0,0,4.20997370627218,7.8115449362331,14.9902965601753,31.5862398147583,4.28828841472967,4.24555844676582,5.10792813930106,8.44711640675863,3.95066457421559,5.80077442581286,4.85851306596379,0,0
0,0,0,0,0,0,0,0,0,0,3.16917242022122,0,0,0,0,0,0,0,0,0,3.6372307669464,0,0,0,0,0,0,0,0,0,0,3.2587214523296,4.38692514627975,11.5827856063843,6.57662188305574,3.61499051997256,0,3.24005441665649,4.38887037336826,0,5.3954930144643,0,31.7085113525391,0,0,0,10.5487209320068,4.65898550600209,13.8094078699748,0,0,0,0,0,0,0,4.24366109225215,0,0,0,0,0,0,3.65267797152791,0,0,0,0,0,0,0,0,0,0,3.80644170781399,4.07053702441914,0,6.1387417253695,3.99337372471675,3.88443453126454,9.06461524963379,5.08919512828969,3.92662315358435,5.07165746991394,4.79207166593674,0,0
0,0,0,0,0,0,0,0,0,0,0,3.46359629305,0,0,0,0,0,0,0,3.72381758286757,0,4.13112708638767,0,3.85573144522662,0,0,0,3.2411036831992,0,3.54173128582607,0,0,0,4.51836021819917,6.49560642242432,3.85661300165009,3.24005441665649,0,5.37019406182425,0,0,3.3409824901157,28.2562065124512,0,0,0,0,3.84182535157059,18.3512610793114,3.59213809428676,0,0,0,0,0,0,0,4.46274580233025,0,0,0,0,3.70605778825634,0,6.69729931511647,0,3.88286397028864,23.0379209518433,0,0,3.74781464493793,0,4.42080350118141,0,0,0,4.42468000713148,37.262393951416,5.34702263477832,4.86413423098051,3.94197296364019,6.16610986779376,4.21110716091012,3.05438102271459,8.06657729429357,0,0
0,0,0,0,0,0,0,0,4.64084237606829,0,3.64741808183318,0,0,0,0,0,0,0,0,0,3.23133132445444,0,3.46590962124542,0,4.82427164536417,0,0,0,2.71814870834351,0,3.37976107532031,0,0,5.07971880184977,3.67281934193202,4.13539212400263,4.38887037336826,5.37019406182425,0,0,0,0,4.87329619403943,0,0,0,0,10.765483091214,4.42932559573461,0,0,0,0,0,4.7960859564014,0,3.86829151096248,0,0,0,0,0,0,3.65949340164661,0,3.81872357962744,0,5.274673254743,0,0,0,3.13010999560356,0,4.28445044904947,0,0,5.36833533254163,4.65292818205697,4.97317314147949,4.55773113876261,5.03952283403847,4.47540235342133,4.62101245187019,3.53299098014832,4.90289525606146,0,0
0,0,0,0,0,0,0,0,0,0,0,0,0,0,0,0,0,0,0,0,0,0,0,0,0,0,0,0,0,0,0,0,0,0,0,4.20540347784579,0,0,0,0,0,14.7988727712849,22.901725769043,20.2670148213704,0,9.78242402317565,0,6.31148400902748,8.89245223999023,15.5162940277786,0,0,0,0,0,0,0,0,0,0,0,0,3.26111008439745,0,0,0,0,0,0,0,0,0,0,0,0,0,0,0,4.50510445874212,13.8467779159546,17.9589294286875,0,21.8150043487549,0,7.69621308533113,13.2360021386828,0
0,0,0,0,0,0,0,0,0,0,0,0,0,0,0,0,0,0,0,0,0,0,0,0,0,0,0,0,0,0,0,0,0,0,0,0,5.3954930144643,0,0,0,0,0,16.6136164218852,0,19.3678569793701,0,7.79520550022567,7.80973541259766,11.6753991000556,0,0,0,0,0,0,0,0,0,0,0,0,0,0,3.82395798098579,0,0,0,0,0,0,0,0,0,0,0,0,0,0,0,6.04876424708319,0,16.9487523575704,9.35434883191035,38.6379704908891,10.109831690178,0,12.6589414596558
0,11.5166653239209,0,11.8824322629787,0,0,0,0,0,6.06106575890484,0,0,0,0,0,0,0,17.7383775075277,7.75590794578859,0,0,0,0,0,0,0,0,0,0,0,0,0,0,0,0,0,0,3.3409824901157,0,14.7988727712849,0,0,13.6133052298897,4.00347909407271,0,12.1664159159729,0,6.37405331929525,20.4982058483621,9.0288005080961,0,0,0,0,0,4.09615179816669,0,8.93925171313079,0,0,0,0,28.9597979651557,0,0,0,0,0,0,0,0,0,3.57658118009567,0,0,0,22.079122543335,0,22.5099689996979,0,14.4565744569459,0,9.4699837086756,28.1772487322489,9.01331793514573,4.84042065613198,8.19993495941162
9.24221024831136,0,7.31610611506871,0,0,0,0,0,5.61219372756209,0,0,0,0,0,0,0,12.8879490251894,0,7.32875498174121,0,0,0,0,0,13.6799879074097,0,0,0,0,0,0,0,0,0,0,0,31.7085113525391,28.2562065124512,4.87329619403943,22.901725769043,16.6136164218852,13.6133052298897,0,0,5.79037169269894,24.8262557983398,15.4112482771821,4.81588315064052,13.1216507235489,13.2178222868178,0,0,0,0,5.22099478255975,0,0,0,0,0,0,0,0,18.8487571610345,0,0,0,16.1332550048828,0,0,0,0,0,0,0,0,0,0,25.6928386688232,22.6180895324704,16.2859025001526,13.8800408730636,10.9633651682882,37.9873275449199,10.762469294177,4.1980128288269,5.32434158112874
0,5.16891169548035,0,0,0,0,0,0,0,7.34993839263916,0,0,0,0,0,0,0,0,6.17448598740353,0,0,0,0,0,0,0,0,0,0,0,0,0,0,0,0,0,0,0,0,20.2670148213704,0,4.00347909407271,0,0,0,3.38455192744732,0,0,0,0,0,0,0,0,0,0,0,0,0,0,0,0,0,0,0,0,0,0,0,0,0,0,0,0,0,0,0,0,28.2030835151672,0,20.9714012145996,0,11.1536866755573,16.4431972026825,4.86120390229755,5.06835173523944,0
6.25963983535767,0,0,0,0,0,0,0,0,0,0,0,0,0,0,0,14.172647356987,0,7.7092044040805,0,0,0,0,0,0,0,0,0,0,0,0,0,0,0,0,0,0,0,0,0,19.3678569793701,0,5.79037169269894,0,0,0,4.12655129432678,0,24.6646468162537,0,0,0,0,0,0,0,0,0,0,0,0,0,0,0,0,0,0,0,0,0,0,0,0,0,0,0,0,0,0,33.3481140136719,0,23.2797107696533,8.95841044178768,19.8173521731762,5.17042060482801,0,11.7227067947388
0,5.95930733899961,0,0,0,0,0,0,0,0,0,0,0,0,0,0,0,0,9.75020400527256,0,0,0,0,0,0,0,0,0,0,0,0,0,0,0,0,7.59922513961792,0,0,0,9.78242402317565,0,12.1664159159729,24.8262557983398,3.38455192744732,0,0,0,13.9615397983127,0,16.2365544637044,0,0,0,0,0,0,0,0,0,0,0,0,4.01516632866913,0,0,0,0,0,0,0,0,0,13.4313068389893,0,0,0,0,0,20.6900184442806,0,13.5864197186061,0,11.187052100714,0,5.26838926478068,0,0
9.6452634762495,0,0,0,0,0,0,0,13.6926679611206,0,0,0,0,0,0,0,16.2192010879517,0,14.4421259806706,0,0,0,0,0,0,0,0,0,0,0,0,0,0,0,0,0,10.5487209320068,0,0,0,7.79520550022567,0,15.4112482771821,0,4.12655129432678,0,0,29.2894649505615,22.5545397054136,0,0,0,0,0,0,0,5.2700309753418,0,0,0,0,0,0,5.83960584913447,0,0,0,0,0,0,0,0,0,0,0,0,0,0,0,17.8310532098772,0,16.4680241528679,10.9011243581772,0,6.0235963951126,0,35.3639106750488
0,0,0,0,0,0,0,0,0,0,0,0,0,0,0,0,0,0,0,0,0,0,0,0,18.6736576080322,0,0,0,0,0,0,6.03616836550898,4.74832537074482,4.65357993937394,7.56561668129022,5.95913605702029,4.65898550600209,3.84182535157059,10.765483091214,6.31148400902748,7.80973541259766,6.37405331929525,4.81588315064052,0,0,13.9615397983127,29.2894649505615,0,8.22009724210243,5.76449968144487,0,0,0,0,0,0,0,0,0,0,0,0,0,0,0,0,0,20.1994796329074,0,0,0,0,0,0,7.09292409443161,6.1910616956519,5.975411815451,19.2557976917426,10.0290342035341,7.08060900990389,6.25328487861814,10.1937693446987,4.96647902534444,45.903923034668,14.3907165125797,0,9.04347896575928
4.600023715124,0,4.03315305859385,0,0,0,0,0,6.5161844773726,0,0,0,0,0,0,0,0,0,0,0,0,0,2.75987523252314,0,4.83040851354599,0,0,0,0,0,0,12.9608692308015,0,15.2810403160427,7.54471244812012,8.57838233489564,13.8094078699748,18.3512610793114,4.42932559573461,8.89245223999023,11.6753991000556,20.4982058483621,13.1216507235489,0,24.6646468162537,0,22.5545397054136,8.22009724210243,0,12.3270981958061,0,0,0,0,4.89498657544454,0,5.55326643706746,0,6.61596438759252,0,5.83257990105208,0,0,34.8530082702637,0,3.44848032587582,0,4.77781585250582,0,3.80544246946062,0,3.62761234870324,0,3.61666968560988,16.083705591433,7.08881355524063,19.9938507080078,5.82121551036835,22.9832366366309,10.0611379624115,18.4203090667725,7.63187699476758,17.3443452191988,41.2158770561218,15.5092926818979,0,15.7762212753296
0,5.07689526113137,0,5.42799910178551,0,0,0,0,0,6.15155786275864,0,0,0,0,0,0,0,0,0,0,0,13.6903523921967,0,5.95469669862227,0,0,0,0,0,0,0,5.81593012809753,0,23.3445776303609,0,5.31418658678348,0,3.59213809428676,0,15.5162940277786,0,9.0288005080961,13.2178222868178,0,0,16.2365544637044,0,5.76449968144487,12.3270981958061,0,0,0,0,0,0,3.86923132878598,0,4.87506360274095,0,3.82300288654933,0,4.88619261663317,4.39590495671981,0,12.6824669820059,0,4.74546850627323,0,0,0,4.47053028589272,0,3.00829286575317,0,7.41904525624381,12.774975222926,15.1774929761887,30.8220071792603,11.3133386982188,31.4033700346947,4.86312905570917,53.1554260253906,13.7212262197482,44.6288550240653,15.1194041994827,7.17286504869876,11.7867784500122
0,0,6.83428045991179,0,3.45153144200643,0,0,0,0,0,0,0,0,0,0,0,0,0,0,0,4.00570124387741,0,0,0,0,0,0,0,0,0,0,0,0,0,0,0,0,0,0,0,0,0,0,0,0,0,0,0,0,0,0,0,0,0,0,0,4.90002085033216,0,3.99267450968424,0,2.79452911445073,0,0,4.99229755878449,0,0,0,0,0,0,0,0,0,0,0,0,0,0,0,0,0,0,2.84937337934971,0,8.10826999354961,0,0
0,0,0,0,0,3.40532651275013,0,3.28302089764121,0,0,0,0,0,0,0,0,0,0,0,7.84000491178953,0,0,0,0,0,0,0,0,0,0,0,0,0,0,0,0,0,0,0,0,0,0,0,0,0,0,0,0,0,0,0,0,0,3.06120316187541,0,0,0,4.77541325211731,0,3.63494603752633,0,0,6.387800297866,0,0,0,0,0,0,0,0,0,0,0,0,0,0,0,0,0,0,0,3.61680443720384,6.11574554443359,0,0,0
0,0,0,0,0,0,3.79920726503645,0,0,0,0,0,0,0,0,0,0,0,0,0,0,0,0,0,0,0,0,0,0,0,0,0,0,0,0,0,0,0,0,0,0,0,0,0,0,0,0,0,0,0,0,0,0,0,0,0,0,0,0,0,0,0,0,0,0,0,0,0,0,0,0,0,0,0,0,0,0,0,0,0,0,0,2.97647349231214,0,0,0,0
0,0,0,0,0,3.35921657085419,0,3.22618110305988,0,0,0,0,0,0,0,0,0,0,0,0,0,0,0,0,0,0,0,0,0,0,0,0,0,0,0,0,0,0,0,0,0,0,0,0,0,0,0,0,0,0,0,3.06120316187541,0,0,0,0,0,5.26719053268433,0,2.92775365284511,0,0,0,0,0,0,0,0,0,0,0,0,0,0,0,0,0,0,0,0,0,0,3.92633459340958,0,0,0,0
7.43425939157605,0,9.75576173498275,0,0,0,0,0,5.09914961514913,0,0,0,0,0,5.04638996566694,0,6.54097113045313,0,7.05677895943324,0,0,0,0,0,0,0,3.37977600097656,0,0,0,0,0,0,0,0,0,0,0,4.7960859564014,0,0,0,5.22099478255975,0,0,0,0,0,4.89498657544454,0,0,0,0,0,0,0,0,0,0,0,5.3804070353508,0,0,0,0,0,0,5.05249190330505,0,0,0,0,0,0,0,0,0,0,0,0,0,6.35461810918955,4.64426810276218,7.15465402603149,11.2952343753622,0,6.71839189529419
0,4.13187661371031,0,5.70630280971527,0,0,0,0,0,5.54834852919324,0,0,0,0,0,5.50862073898315,0,8.44222497940063,6.79267891248067,0,0,0,0,3.16822862625122,0,0,0,0,0,0,0,0,0,0,0,0,0,0,0,0,0,4.09615179816669,0,0,0,0,0,0,0,3.86923132878598,0,0,0,0,0,0,0,0,0,0,0,3.32594013214111,0,0,0,0,3.10303801121098,0,0,0,0,0,0,0,0,0,0,0,0,0,0,0,6.81345525909873,10.3106944010808,3.92638408329527,8.92227095824022,0
0,0,5.92566101891654,0,10.9434766769409,0,2.91267662578159,0,0,0,3.43909022960257,0,4.03205315272013,0,0,0,0,0,0,0,3.89872942190904,0,0,0,0,0,0,0,0,0,3.84036093000053,0,0,0,0,0,4.24366109225215,0,3.86829151096248,0,0,0,0,0,0,0,5.2700309753418,0,5.55326643706746,0,4.90002085033216,0,0,0,0,0,0,0,3.96010271251669,0,3.90784692764282,0,0,3.79556725045909,0,0,0,0,0,7.44260158538818,0,4.98166531948816,0,4.39619708892911,0,0,0,0,0,5.71965338054456,0,5.09987352444575,3.25316609536018,3.2900264603751,4.40850103996737,0,0
0,6.00837010807461,0,3.76283674240112,0,0,0,5.82974672317505,0,0,0,4.41519170774698,0,4.83035564819972,0,0,0,0,0,4.07245957772463,0,0,0,0,0,0,0,0,0,4.07427810002299,0,0,0,0,0,5.87980193052536,0,4.46274580233025,0,0,0,8.93925171313079,0,0,0,0,0,0,0,4.87506360274095,0,4.77541325211731,0,5.26719053268433,0,0,0,0,0,4.54590689966624,0,6.57355034351349,4.72978309733643,0,0,0,0,0,0,0,4.10234612485637,0,3.56466880123337,0,0,0,0,0,8.58989426824782,0,5.57038606643677,0,4.34011978509104,0,5.12456856835064,0,0
0,0,6.73574901544131,0,0,0,3.45110194499676,0,0,0,5.00252273407307,0,3.39255378113853,0,10.2726397582463,0,0,0,0,0,0,0,0,0,0,0,0,0,3.98547923564911,0,0,0,0,0,0,0,0,0,0,0,0,0,0,0,0,0,0,0,6.61596438759252,0,3.99267450968424,0,0,0,0,0,3.96010271251669,0,0,0,6.69392488476637,0,0,5.78735175088187,0,0,0,0,0,0,0,3.35177621841431,0,0,0,0,0,0,0,0,0,0,3.43682069627065,3.33510583659769,6.37183198363511,0,0
0,7.8680884855635,0,3.61449704935521,0,0,0,3.22632279566356,0,0,0,3.53850227468324,0,4.47464844132718,0,5.15566158294678,0,3.68538224432204,0,0,0,0,0,0,0,0,0,0,0,0,0,0,0,0,0,0,0,0,0,0,0,0,0,0,0,0,0,0,0,3.82300288654933,0,3.63494603752633,0,2.92775365284511,0,0,0,4.54590689966624,0,0,0,7.00466002877824,11.8684126910041,0,24.9586429595947,0,0,0,0,0,6.91394408319174,0,0,0,0,0,0,0,0,0,0,0,3.278045801016,5.93133448398843,8.51865628186394,0,0
5.9691648121391,0,5.77111911061984,0,0,0,0,0,4.62897665472426,0,0,0,5.62826949357986,0,4.50797095037486,0,3.7285683080554,0,0,0,0,0,0,0,0,0,0,0,0,0,0,0,0,0,0,0,0,0,0,0,0,0,0,0,0,0,0,0,5.83257990105208,0,2.79452911445073,0,0,0,5.3804070353508,0,3.90784692764282,0,6.69392488476637,0,0,0,0,0,0,0,0,0,0,0,0,0,0,0,0,0,0,0,0,0,0,0,3.26743031596089,2.95391917228699,11.2657436648412,0,0
0,3.99029510498047,0,4.25081891073308,0,0,0,0,0,3.6971410782832,0,0,0,4.03706626458602,0,3.49935835599899,0,3.09973043203354,0,0,0,0,0,3.95972362057916,0,2.86761528253555,0,0,0,0,0,0,0,0,0,0,0,0,0,0,0,0,0,0,0,0,0,0,0,4.88619261663317,0,0,0,0,0,3.32594013214111,0,6.57355034351349,0,7.00466002877824,0,0,0,0,0,0,4.57644774516424,0,0,0,0,0,0,0,0,0,0,0,0,0,0,0,3.62981234230362,5.49194901058639,8.40549997906936,0,0
0,0,0,0,0,2.876931031545,0,3.633814610933,0,0,0,3.37187297131068,0,0,0,0,0,0,0,3.64094053937503,0,0,0,0,0,0,0,0,0,0,0,0,0,0,0,4.20422726854417,0,3.70605778825634,0,3.26111008439745,0,28.9597979651557,0,0,0,4.01516632866913,0,0,0,4.39590495671981,0,6.387800297866,0,0,0,0,0,4.72978309733643,0,11.8684126910041,0,0,0,0,0,0,0,0,0,0,0,0,0,0,0,0,0,0,7.84865982125238,0,6.06740405298259,0,3.18010607242584,0,5.14494790505687,0,0
0,0,0,0,0,0,0,0,0,0,3.92184270173311,0,0,0,0,0,0,0,0,0,3.31164573873364,0,0,0,0,0,0,0,0,0,0,0,0,0,0,0,3.65267797152791,0,3.65949340164661,0,3.82395798098579,0,18.8487571610345,0,0,0,5.83960584913447,0,34.8530082702637,0,4.99229755878449,0,0,0,0,0,3.79556725045909,0,5.78735175088187,0,0,0,0,0,0,0,0,0,0,0,0,0,0,0,0,0,0,0,0,10.4433472203984,0,5.69289932734724,3.29520478001181,0,5.6378043533009,0,0
0,0,0,0,0,0,0,0,0,0,0,0,0,0,0,0,21.2756423950195,14.2876685966145,0,0,0,5.17992264848498,4.03449533296668,8.26229080132076,0,10.7442715764046,0,0,0,0,0,0,0,0,0,0,0,6.69729931511647,0,0,0,0,0,0,0,0,0,0,0,12.6824669820059,0,0,0,0,0,0,0,0,0,24.9586429595947,0,0,0,0,0,0,8.01039969177043,0,8.89680216437892,0,12.7737880403225,0,0,0,0,0,0,0,0,0,6.69354483503068,0,4.30180757741789,3.62853478370829,0,0,0
0,0,0,0,0,0,0,0,0,0,0,0,0,0,0,0,7.10366122063516,48.8973922729492,0,0,0,7.06995623337256,5.53056254026438,0,6.77772283554077,0,5.63201764106751,0,3.30569350301174,0,0,0,0,0,0,0,0,0,3.81872357962744,0,0,0,0,0,0,0,0,0,3.44848032587582,0,0,0,0,0,0,0,0,0,0,0,0,0,0,0,0,0,0,4.89255586047864,0,5.40835899780492,0,7.10436881663468,0,0,0,0,0,0,0,0,0,5.19095711471131,4.32326375633661,5.65416819774188,0,0,0
0,0,0,0,0,0,0,0,0,2.83501017093658,0,0,0,0,0,5.21067628860474,0,0,0,0,0,4.37578013965062,0,3.75184792059439,0,3.14429404622033,0,0,0,0,0,0,0,0,0,0,0,3.88286397028864,0,0,0,0,0,0,0,0,0,0,0,4.74546850627323,0,0,0,0,0,3.10303801121098,0,0,0,0,0,4.57644774516424,0,0,8.01039969177043,0,0,0,3.469998663122,0,6.02838327826523,0,0,0,0,0,0,0,0,0,5.81102323841739,0,3.87745807613387,0,4.19850241101306,0,0
0,0,0,0,0,0,0,0,3.37036395072937,0,0,0,0,0,0,0,6.72979784011841,0,3.45806755622228,0,0,0,4.36447709430883,0,3.38428409011276,0,3.88722914457321,0,0,0,0,0,0,0,0,0,0,23.0379209518433,5.274673254743,0,0,0,16.1332550048828,0,0,0,0,20.1994796329074,4.77781585250582,0,0,0,0,0,5.05249190330505,0,0,0,0,0,0,0,0,0,0,4.89255586047864,0,0,0,4.74318719681798,0,12.1804466247559,0,0,0,0,0,0,0,0,0,5.59404133506282,4.02414857242124,0,8.69286764627216,0,0
0,0,0,0,0,0,0,0,0,0,0,0,0,0,0,0,0,3.9255912256713,0,0,0,6.3341233253479,0,3.77562397496175,0,3.12035392404913,0,0,0,0,0,0,0,0,0,0,0,0,0,0,0,0,0,0,0,0,0,0,0,0,0,0,0,0,0,0,0,0,0,0,0,0,0,0,8.89680216437892,0,3.469998663122,0,0,0,10.5404216405004,0,0,0,0,0,0,0,0,0,0,0,4.0585780405847,0,0,0,0
0,0,0,0,0,0,0,0,3.232204357783,0,0,0,0,0,0,0,3.99556994438171,0,0,0,0,0,11.5812078087914,0,5.71837753341311,0,4.65054549341616,0,0,0,0,0,0,0,0,0,0,0,0,0,0,0,0,0,0,0,0,0,3.80544246946062,0,0,0,0,0,0,0,7.44260158538818,0,0,0,0,0,0,0,0,5.40835899780492,0,4.74318719681798,0,0,0,7.5841447216776,0,0,0,0,0,0,0,0,0,0,5.51368112223489,0,0,0,0
0,0,0,0,0,0,0,0,0,0,0,3.6462407309706,0,2.91077009836833,0,0,0,4.45092827208499,0,0,0,10.0677778361946,0,0,0,0,0,3.62808266726187,0,3.40914304340704,0,0,0,0,0,0,0,3.74781464493793,0,0,0,0,0,0,0,0,0,0,0,4.47053028589272,0,0,0,0,0,0,0,4.10234612485637,0,6.91394408319174,0,0,0,0,12.7737880403225,0,6.02838327826523,0,10.5404216405004,0,0,0,4.64925723479265,0,0,0,0,0,0,0,4.47871336698532,0,3.82313457214017,3.74638775796504,7.13955036799113,0,0
0,0,0,0,0,0,0,0,0,0,3.44878187179565,0,3.14549726247787,0,0,0,0,0,0,0,0,0,8.35977326720822,0,0,0,3.04689061641693,0,3.85083677047907,0,3.65938683244991,0,0,0,0,0,0,0,3.13010999560356,0,0,0,0,0,0,0,0,0,3.62761234870324,0,0,0,0,0,0,0,4.98166531948816,0,3.35177621841431,0,0,0,0,0,0,7.10436881663468,0,12.1804466247559,0,7.5841447216776,0,0,0,3.97363806834451,0,0,0,0,0,0,0,0,3.0897138910572,3.10916862268558,0,0,0
0,0,0,0,0,0,0,0,0,0,0,3.51693465435399,0,0,0,0,0,0,0,0,0,0,0,0,0,0,0,3.39052327981232,0,3.77371197604852,0,0,0,0,0,0,0,4.42080350118141,0,0,0,3.57658118009567,0,0,0,13.4313068389893,0,0,0,3.00829286575317,0,0,0,0,0,0,0,3.56466880123337,0,0,0,0,0,0,0,0,0,0,0,0,4.64925723479265,0,0,0,0,0,0,0,0,0,4.26517318276798,0,3.72219284723714,3.23147496581078,4.87889974457877,0,0
0,0,0,0,0,0,0,0,0,0,3.63366577360365,0,0,0,0,0,0,0,0,0,0,0,0,0,0,0,0,0,4.72041893005371,0,3.40867403653952,0,0,0,0,0,0,0,4.28445044904947,0,0,0,0,0,0,0,0,0,3.61666968560988,0,0,0,0,0,0,0,4.39619708892911,0,0,0,0,0,0,0,0,0,0,0,0,0,0,3.97363806834451,0,0,0,0,0,0,0,0,0,4.21256783604622,2.96841755826423,2.98350604375203,3.06154534551832,0,0
0,0,0,0,0,0,0,0,0,0,0,0,0,0,0,0,0,0,0,0,0,0,0,0,0,0,0,0,0,0,0,5.48558155818052,4.00573253952334,23.8410590401402,14.3237303953904,4.20997370627218,3.80644170781399,0,0,0,0,0,0,0,0,0,0,7.09292409443161,16.083705591433,7.41904525624381,0,0,0,0,0,0,0,0,0,0,0,0,0,0,0,0,0,0,0,0,0,0,0,0,0,7.16139393829438,26.8108317577205,32.2047096974141,5.01062998313257,11.9958155753461,20.6910555521647,27.8816599845886,3.36382673077138,0,0,0,0
0,0,0,0,0,0,0,0,0,0,0,0,0,0,0,0,0,0,0,0,0,0,0,0,0,0,0,0,0,0,0,4.86940142063645,4.27582376130665,16.2132253646851,17.075420412524,7.8115449362331,4.07053702441914,0,0,0,0,0,0,0,0,0,0,6.1910616956519,7.08881355524063,12.774975222926,0,0,0,0,0,0,0,0,0,0,0,0,0,0,0,0,0,0,0,0,0,0,0,0,7.16139393829438,0,33.9076318740845,24.5619098024073,15.0328547997908,5.35635128049004,42.8463859558105,22.6041387629932,4.31490985999834,0,0,0,0
0,0,0,0,0,0,0,0,0,0,0,0,0,0,0,0,0,0,0,0,0,0,0,0,0,0,0,0,0,0,0,23.230257855461,37.5821475982666,4.68829649895737,7.10262791885923,14.9902965601753,0,4.42468000713148,5.36833533254163,0,0,22.079122543335,0,0,0,0,0,5.975411815451,19.9938507080078,15.1774929761887,0,0,0,0,0,0,0,0,0,0,0,0,0,0,0,0,0,0,0,0,0,0,0,0,26.8108317577205,33.9076318740845,0,9.6562251496589,20.4356237242493,39.2827276865641,4.35384336063758,15.6357921986353,6.85962301463616,19.7027233441671,28.5692305388274,0,14.6475696563721
0,0,0,0,0,0,0,0,0,0,0,0,0,0,0,0,0,0,0,0,0,0,0,0,0,0,0,0,0,0,0,27.8878502507582,27.1483469103265,6.93631213768981,4.53973385538374,31.5862398147583,6.1387417253695,37.262393951416,4.65292818205697,0,0,0,0,0,0,0,0,19.2557976917426,5.82121551036835,30.8220071792603,0,0,0,0,0,0,0,0,0,0,0,0,0,0,0,0,0,0,0,0,0,0,0,0,32.2047096974141,24.5619098024073,9.6562251496589,0,36.6270852537237,7.824620768709,29.8872054324431,11.1899427619912,8.87470176815987,0,29.4860820770264,0,0
0,0,0,0,0,0,0,0,0,0,0,5.439857006073,0,0,0,0,0,0,0,6.3808817575363,0,0,0,0,0,0,0,0,0,0,0,6.12368721865752,7.02677066733197,2.74173331260681,28.7197449628045,4.28828841472967,3.99337372471675,5.34702263477832,4.97317314147949,4.50510445874212,0,22.5099689996979,25.6928386688232,28.2030835151672,0,20.6900184442806,0,10.0290342035341,22.9832366366309,11.3133386982188,0,0,0,0,0,0,0,8.58989426824782,0,0,0,0,7.84865982125238,0,0,0,0,0,0,0,0,0,0,0,5.01062998313257,15.0328547997908,20.4356237242493,36.6270852537237,0,11.9366081091986,6.40466752691109,35.6647809005919,4.06495726545895,4.97365211568228,18.4825506746925,22.1152390480041,0
0,0,0,0,0,0,0,0,0,0,4.07276606559753,0,0,0,0,0,0,0,0,0,4.33076789501535,0,0,0,0,0,0,0,0,0,0,8.58916187910807,4.23581455982729,38.6540977995274,6.7450654820392,4.24555844676582,3.88443453126454,4.86413423098051,4.55773113876261,13.8467779159546,6.04876424708319,0,22.6180895324704,0,33.3481140136719,0,17.8310532098772,7.08060900990389,10.0611379624115,31.4033700346947,0,0,0,0,0,0,5.71965338054456,0,0,0,0,0,0,10.4433472203984,0,0,0,0,0,0,0,0,0,0,11.9958155753461,5.35635128049004,39.2827276865641,7.824620768709,11.9366081091986,0,14.213530921936,6.618177162103,3.37468564532483,3.23178146149732,16.6136181887348,0,26.6082261403402
0,0,0,0,0,0,0,0,0,0,0,3.90081241983452,0,0,0,0,0,0,25.4127712249756,3.95446908473969,0,4.13907517281131,0,5.85591500790423,0,0,0,3.47281527519226,0,4.1761926834782,0,28.8479843139648,0,4.1504019333911,15.1457971731822,5.10792813930106,9.06461524963379,3.94197296364019,5.03952283403847,17.9589294286875,0,14.4565744569459,16.2859025001526,20.9714012145996,0,13.5864197186061,0,6.25328487861814,18.4203090667725,4.86312905570917,0,0,0,0,0,0,0,5.57038606643677,0,0,0,0,6.06740405298259,0,6.69354483503068,0,5.81102323841739,0,0,0,4.47871336698532,0,4.26517318276798,0,20.6910555521647,42.8463859558105,4.35384336063758,29.8872054324431,6.40466752691109,14.213530921936,0,15.5052835492804,4.93545961153586,4.65767578657161,8.17925068563666,13.3334912031125,15.0037155151367
0,0,0,0,0,0,0,0,7.6230102404952,0,4.26639067180573,0,0,0,0,0,0,0,30.6314512888591,0,3.42936754226685,0,3.50788598968869,0,8.48584070071222,0,0,0,0,0,4.38569557666779,26.263230910668,30.0404593149821,14.0907762693,6.80454527098557,8.44711640675863,5.08919512828969,6.16610986779376,4.47540235342133,0,16.9487523575704,0,13.8800408730636,0,23.2797107696533,0,16.4680241528679,10.1937693446987,7.63187699476758,53.1554260253906,0,0,0,0,6.35461810918955,0,5.09987352444575,0,0,0,0,0,0,5.69289932734724,0,5.19095711471131,0,5.59404133506282,0,0,0,0,0,4.21256783604622,27.8816599845886,22.6041387629932,15.6357921986353,11.1899427619912,35.6647809005919,6.618177162103,15.5052835492804,0,4.69776883791852,5.53127783536911,8.91385601730259,0,13.8402914186803
4.16136413349953,4.72907720332392,3.67709763130445,9.52018390383039,3.16767454147339,3.7202125787735,3.1966291536199,3.35603117412991,5.60541618665059,6.04696236163378,3.40697769729459,4.07760331093096,3.00695444162561,3.16103803242246,3.45773886865185,4.62899968791711,7.76092029810581,7.92103551257731,5.5367369420246,3.41703496481243,3.41440032777332,8.35942860151826,5.64368265080002,9.80495825187484,3.3993539311165,6.37628815808427,11.0314372153992,3.38056792860681,3.48493781359093,3.94041470219107,2.93139625998104,3.46123421366622,4.31624268030337,5.877361584128,3.64922771453857,3.95066457421559,3.92662315358435,4.21110716091012,4.62101245187019,21.8150043487549,9.35434883191035,9.4699837086756,10.9633651682882,11.1536866755573,8.95841044178768,11.187052100714,10.9011243581772,4.96647902534444,17.3443452191988,13.7212262197482,2.84937337934971,3.61680443720384,2.97647349231214,3.92633459340958,4.64426810276218,6.81345525909873,3.25316609536018,4.34011978509104,3.43682069627065,3.278045801016,3.26743031596089,3.62981234230362,3.18010607242584,3.29520478001181,4.30180757741789,4.32326375633661,3.87745807613387,4.02414857242124,4.0585780405847,5.51368112223489,3.82313457214017,3.0897138910572,3.72219284723714,2.96841755826423,3.36382673077138,4.31490985999834,6.85962301463616,8.87470176815987,4.06495726545895,3.37468564532483,4.93545961153586,4.69776883791852,0,5.9356375353868,8.19914390830244,5.39940052089237,9.0702328081952
16.264461517334,0,16.6538619995117,0,0,6.3624365568161,0,0,5.69270255189193,6.59245541472184,3.51519499985437,5.67649459838867,3.07953414609355,3.248244824605,3.26222842931747,5.30819710138682,7.9286706217149,7.94807484684242,13.0398945441613,0,0,12.8030977062151,8.19880404233933,23.4068316948123,0,18.275332480669,21.2779201122752,3.11145691955299,3.04558478178603,5.70379144804818,0,0,0,0,0,5.80077442581286,5.07165746991394,3.05438102271459,3.53299098014832,0,38.6379704908891,28.1772487322489,37.9873275449199,16.4431972026825,19.8173521731762,0,0,45.903923034668,41.2158770561218,44.6288550240653,0,6.11574554443359,0,0,7.15465402603149,10.3106944010808,3.2900264603751,0,3.33510583659769,5.93133448398843,2.95391917228699,5.49194901058639,0,0,3.62853478370829,5.65416819774188,0,0,0,0,3.74638775796504,3.10916862268558,3.23147496581078,2.98350604375203,0,0,19.7027233441671,0,4.97365211568228,3.23178146149732,4.65767578657161,5.53127783536911,5.9356375353868,0,15.9072081934966,0,29.5998501777649
6.50309304994562,6.53817103918799,6.46984667364649,6.40824169166955,5.49090338515473,0,0,0,7.86057257437491,4.64476814866066,0,0,0,0,0,0,11.5743943065046,10.5183095932007,7.81514264789882,0,0,0,0,0,8.06770858764648,0,0,0,0,0,0,0,0,25.5871632385254,26.5517539978027,4.85851306596379,4.79207166593674,8.06657729429357,4.90289525606146,7.69621308533113,10.109831690178,9.01331793514573,10.762469294177,4.86120390229755,5.17042060482801,5.26838926478068,6.0235963951126,14.3907165125797,15.5092926818979,15.1194041994827,8.10826999354961,0,0,0,11.2952343753622,3.92638408329527,4.40850103996737,5.12456856835064,6.37183198363511,8.51865628186394,11.2657436648412,8.40549997906936,5.14494790505687,5.6378043533009,0,0,4.19850241101306,8.69286764627216,0,0,7.13955036799113,0,4.87889974457877,3.06154534551832,0,0,28.5692305388274,29.4860820770264,18.4825506746925,16.6136181887348,8.17925068563666,8.91385601730259,8.19914390830244,15.9072081934966,0,8.52315059882863,8.24750480203068
0,11.4280469682482,0,11.4784343915601,0,0,0,0,0,9.16577440940294,0,0,0,0,0,0,0,17.8147061211722,9.73095186192397,0,0,0,0,0,0,0,0,0,0,0,0,0,0,0,0,0,0,0,0,13.2360021386828,0,4.84042065613198,4.1980128288269,5.06835173523944,0,0,0,0,0,7.17286504869876,0,0,0,0,0,8.92227095824022,0,0,0,0,0,0,0,0,0,0,0,0,0,0,0,0,0,0,0,0,0,0,22.1152390480041,0,13.3334912031125,0,5.39940052089237,0,8.52315059882863,0,0
14.78144967556,0,0,0,0,0,0,0,8.07806197125861,0,0,0,0,0,0,0,14.3334759394328,0,10.1591823800316,0,0,0,0,0,0,0,0,0,0,0,0,0,0,0,0,0,0,0,0,0,12.6589414596558,8.19993495941162,5.32434158112874,0,11.7227067947388,0,35.3639106750488,9.04347896575928,15.7762212753296,11.7867784500122,0,0,0,0,6.71839189529419,0,0,0,0,0,0,0,0,0,0,0,0,0,0,0,0,0,0,0,0,0,14.6475696563721,0,0,26.6082261403402,15.0037155151367,13.8402914186803,9.0702328081952,29.5998501777649,8.24750480203068,0,0
