0,0,5.97100099018126,0,14.0375769688533,0,0,0,6.14043714520269,0,0,0,0,0,4.10429444483348,0,28.2830302374704,51.3782348632812,11.0144663016001,0,0,0,0,0,0,0,0,0,0,0,0,0,0,0,0,0,59.2588157653809,0,61.0764465332031,0,0,0,16.96917137146,0,0,0,0,0,5.53581682829398,0,12.5518978834152,0,0,0,7.05622185412766,0,13.2485085231502,0,8.27536529302597,0,4.70567975267332,0,0,0,0,0,0,0,0,6.00013305011549,0,0,0,33.1837501525879,0,0,0,0,0,44.6605509803409,0,54.2622439066569,9.05632039111535,28.4486621856689,6.99814326599698,0,0
0,0,0,8.54218981663386,0,6.14072470664978,0,0,0,8.19820149289444,0,0,0,0,0,3.57610774040222,104.392112731934,0,39.5312305450439,25.179500579834,0,28.7729091644287,0,14.4341269846885,0,27.4062430063883,0,0,0,0,0,0,0,0,0,47.4053287506104,0,16.0864957788939,0,35.427567243576,0,16.3553371365438,0,0,0,20.7877540588379,0,0,0,6.41490006002792,0,0,0,0,0,7.97566469230316,0,6.9246871471405,0,12.9537632805961,0,4.69093312868258,34.5326306025187,0,33.6171989440918,0,13.5557563130449,0,11.4041233313711,0,23.7570474412706,0,27.8250226974487,0,0,0,0,0,42.8620491894809,0,31.0713360760663,0,10.951902323773,60.1985378265381,12.3295787183996,5.04396963119507,0
5.97100099018126,0,0,0,4.15312700945398,0,0,0,8.18108659355264,0,0,0,0,0,0,0,0,0,0,0,0,0,0,0,0,0,0,0,0,0,0,0,0,0,0,0,4.73336906433105,0,0,0,0,0,31.0231704711914,0,0,0,0,0,3.22580655415853,0,4.83564376831055,0,0,0,13.2066864520311,0,4.10709810256958,0,3.44404149055481,0,0,0,0,0,0,0,0,0,0,0,0,0,0,0,0,0,0,0,0,0,0,0,4.61102549964135,4.37798845767975,6.26349614766928,0,0
0,8.54218981663386,0,0,0,6.63271257157862,0,0,0,12.8358724535557,0,0,0,0,0,0,0,0,42.1469192504883,32.1133651733398,0,0,0,23.5241947174072,0,0,0,0,0,0,0,0,0,0,0,27.9487389326096,0,25.0290992736816,0,29.3369584205823,0,26.6376251421477,0,26.391788482666,0,17.2948387908936,0,37.5042686462402,39.9372911453247,26.3433930624099,0,6.48511962797128,0,0,0,9.25227586201259,0,6.699192441743,0,4.59016335487366,0,5.16888419529687,39.0025589682839,0,0,0,23.3834013938904,0,31.2819132804871,0,36.6535879354008,0,37.1506186265212,0,0,0,0,0,29.8328954696655,0,48.2111330032349,0,7.93923729260763,12.5658226013184,12.3769323192934,24.6069445610046,0
14.0375769688533,0,4.15312700945398,0,0,0,0,0,16.2887438297272,0,0,0,0,0,0,0,0,0,0,0,3.68821472591824,0,0,0,0,0,0,0,0,0,0,0,0,0,0,0,31.4188613891602,0,0,0,0,0,25.3599920272827,0,0,0,16.0471476554871,0,0,0,3.24215216636658,0,0,0,9.38419586770675,0,26.2466599941254,0,4.63069796562195,0,0,0,0,5.30431159687042,0,0,0,0,0,0,0,39.0133361816406,0,39.8585662841797,0,0,0,0,0,0,0,44.6711807250977,4.25431241332312,0,6.55141551813609,0,0
0,6.14072470664978,0,6.63271257157862,0,0,0,4.10830995109346,0,5.42393684968716,0,0,0,2.95950877666473,0,4.36450237494249,0,0,0,5.25580215630708,0,0,0,0,0,0,0,0,0,0,0,0,0,0,0,27.1947739919027,0,0,0,25.3182678222656,0,32.5996627807617,0,0,0,29.8440548578898,0,0,0,5.93285355423436,0,4.31982220080773,0,3.78925069173177,0,7.8313992023468,0,4.07694174894472,0,2.95872116088867,0,8.89055418968201,7.08126817703247,0,0,0,0,0,0,0,46.6072107950846,0,0,0,0,0,0,0,18.163204574585,0,0,0,4.05007745360545,5.4731770157814,6.94257414898026,0,0
0,0,0,0,0,0,0,0,0,0,3.45918508136974,0,0,0,0,0,0,0,0,0,3.37178981304169,0,0,0,0,0,0,0,0,0,0,0,0,0,0,0,8.06841456095378,0,0,0,0,0,0,0,0,0,0,0,0,0,0,0,3.00708005499484,0,0,0,3.07621867840107,0,0,0,0,0,0,5.04790490865707,0,0,0,0,0,0,0,0,0,0,0,0,0,0,0,0,0,0,5.19276616832484,0,0,0,0
0,0,0,0,0,4.10830995109346,0,0,0,0,0,0,0,0,0,0,0,0,0,5.42094687053135,0,0,0,0,0,0,0,0,0,0,0,0,0,0,0,0,0,0,0,0,0,0,0,0,0,0,0,0,0,0,0,3.21200173932153,0,3.44065217984383,0,0,0,3.51197852028741,0,2.84582340717316,0,0,4.81010671095415,0,0,0,0,0,0,0,0,0,0,0,0,0,0,0,0,0,0,0,3.86500507418581,3.78218722343445,0,0,0
6.14043714520269,0,8.18108659355264,0,16.2887438297272,0,0,0,0,0,0,0,0,0,5.70778139368946,0,24.5979823192277,52.9339611346905,32.7233971239046,0,0,0,28.7247848510742,0,4.40278401741615,0,3.39138462326743,0,15.2147302627563,0,0,0,0,0,0,0,0,0,17.4558826837784,0,0,0,15.9625228881836,0,0,0,66.869140625,0,8.79169994055457,0,15.582758463346,0,0,0,7.80751440567093,0,16.883114306132,0,13.3775937080383,0,6.82894725490499,0,0,17.04807472229,0,0,0,6.75551894417516,0,3.83371412354028,0,0,0,0,0,0,0,0,64.6204452514648,129.602890014648,0,18.2979608654976,16.0931071896302,38.3483219146729,7.76674270419822,0,6.43812580108643
0,8.19820149289444,0,12.8358724535557,0,5.42393684968716,0,0,0,0,0,0,0,0,0,4.44920804487033,0,3.45181880826535,27.2187938690186,0,0,0,0,6.85449431443707,0,5.6225696808799,0,0,0,0,0,0,0,0,0,42.1726913452148,0,14.3649672637308,0,0,0,12.4094306060246,0,0,0,32.8769836425781,0,0,0,12.0189175458732,0,4.15291466712952,0,0,0,5.73980474442056,0,23.7188262939453,0,23.3987369537354,0,8.3620063151632,37.6530723571777,0,0,0,8.08801927825444,0,11.8092502716816,0,38.5070648193359,0,0,0,0,0,0,0,0,0,14.8299108418551,0,7.3679721738526,44.4604855908288,17.0505359341728,8.14970048268636,0
0,0,0,0,0,0,3.45918508136974,0,0,0,0,0,3.37987228949293,0,0,0,0,0,0,0,3.7727557376579,0,0,0,0,0,0,0,0,0,0,0,0,0,0,0,3.73594470024109,0,3.59728330818575,0,0,0,0,0,0,0,0,0,0,0,0,0,0,0,0,0,5.61036928794835,0,4.03941124251911,0,0,0,0,4.33633562088013,0,0,0,0,0,0,0,0,0,5.59535033806511,0,0,0,0,0,0,0,0,4.33269603838,0,2.95773458480835,0,0
0,0,0,0,0,0,0,0,0,0,0,0,0,5.94581989134391,0,0,0,0,0,4.36115871123897,0,0,0,0,0,0,0,7.043307412969,0,6.13872244426182,0,0,0,0,0,0,0,6.3321427365283,0,0,0,0,0,0,0,0,0,0,0,0,0,0,0,2.95174372196198,0,0,0,5.73183772207177,0,4.30966243596611,0,0,9.51563347268988,0,0,0,0,0,0,0,8.1008101940155,0,5.05254436606791,0,0,0,0,0,0,0,8.51151278333844,0,4.74346910266039,0,0,0,0
0,0,0,0,0,0,0,0,0,0,3.37987228949293,0,0,0,3.35384297370911,0,9.23161716461182,0,0,0,0,0,0,0,0,0,0,0,4.8500030040741,0,0,0,0,0,0,0,0,0,0,0,0,0,0,0,0,0,0,0,0,0,0,0,0,0,0,0,0,0,4.78819336610682,0,0,0,0,0,0,0,0,0,0,0,0,0,0,0,0,0,0,0,0,0,0,0,3.22209111849467,0,0,0,0
0,0,0,0,0,2.95950877666473,0,0,0,0,0,5.94581989134391,0,0,0,5.19155280590057,0,0,0,0,0,0,0,0,0,17.6791572570801,0,5.1091349363327,0,0,0,0,0,0,0,0,0,0,0,0,0,0,0,0,0,0,0,0,0,0,0,0,0,0,0,0,0,7.85128410657247,0,3.84461733098907,0,4.5578313104568,0,0,0,0,0,0,17.9947376251221,0,0,0,0,0,0,0,0,0,0,0,0,0,2.81912975841098,2.96454095840454,0,0,0
4.10429444483348,0,0,0,0,0,0,0,5.70778139368946,0,0,0,3.35384297370911,0,0,0,19.4733269812499,55.6443898127629,48.9716974894206,0,0,0,0,0,0,0,0,0,3.370924949646,0,0,0,0,0,0,0,0,0,0,0,0,0,0,0,0,0,0,0,20.6893749237061,0,0,0,0,0,4.86442682767484,0,0,0,2.7514123916626,0,12.1753596067429,0,0,0,0,0,0,0,0,2.94953489303589,0,0,0,0,0,0,0,0,0,0,0,0,11.8876736052084,7.01593286304151,0,0,0
0,3.57610774040222,0,0,0,4.36450237494249,0,0,0,4.44920804487033,0,0,0,5.19155280590057,0,0,0,19.8114490509033,0,0,0,30.4067516326904,0,8.96204286302839,0,8.85326326725095,0,0,0,0,0,0,0,0,0,0,0,0,0,0,0,0,0,0,0,0,0,0,0,9.42011206490653,0,0,0,0,0,6.27903588408047,0,0,0,4.88323137126391,0,4.06505123968725,0,0,29.2890758514404,0,9.65717760721842,0,7.38259233541824,0,0,0,0,0,0,0,0,0,0,0,0,0,7.78569210837869,9.40091599358453,0,0,0
28.2830302374704,104.392112731934,0,0,0,0,0,0,24.5979823192277,0,0,0,9.23161716461182,0,19.4733269812499,0,0,23.2279559435006,24.8670745444035,0,0,0,0,0,3.38452145483642,0,16.1016638278961,0,21.1711149215698,0,0,0,0,0,0,101.199157714844,81.460582039573,71.003173828125,95.1692029167624,70.9162498474121,59.1695688824321,60.1842085031363,42.4661933934247,43.460058757237,30.9579530715942,88.7771475655692,52.3789059956868,0,64.3211850618061,86.474853515625,0,0,0,0,14.1685334590443,0,65.2688674926758,0,0,0,21.0451192855835,0,74.4860670301649,73.707649230957,0,0,0,3.37525916099548,75.450325012207,0,82.5194816589355,0,0,69.7863772710164,0,0,0,0,82.1259979834923,71.2434521830359,78.928728277033,71.2489213614628,19.7823589526246,12.6150431475153,52.5001404439249,0,32.4265055338542
51.3782348632812,0,0,0,0,0,0,0,52.9339611346905,3.45181880826535,0,0,0,0,55.6443898127629,19.8114490509033,23.2279559435006,0,18.9556666418482,0,0,5.61498846409628,0,6.48280239105225,0,5.18034829251209,36.5889830589294,0,0,0,0,0,0,0,0,0,100.165690104167,45.3685927391052,95.8681411743164,87.0737953186035,79.757137298584,60.1003041948591,66.2235441207886,52.4610376358032,45.9267921447754,65.2444458007812,113.822395324707,0,78.5707015991211,0,0,0,0,0,38.9826393127441,81.3521270751953,0,0,0,0,0,0,82.213373819987,92.5199203491211,10.2918179838554,0,3.83654503822327,0,6.73016703934283,0,0,0,82.9784164428711,87.4586759294782,0,0,0,0,79.1937692642212,88.6079937744141,72.2128512064616,87.4235710144043,17.2898244196248,12.3108422070231,66.9717441681893,47.5523071289062,56.8766860961914
11.0144663016001,39.5312305450439,0,42.1469192504883,0,0,0,0,32.7233971239046,27.2187938690186,0,0,0,0,48.9716974894206,0,24.8670745444035,18.9556666418482,0,61.0046255929129,0,46.682315826416,0,0,0,0,28.4722499847412,0,0,0,0,0,0,0,0,62.120341773172,69.12749510545,46.0744159405048,72.2335106344784,41.1201299031576,44.6239026752925,20.4072863425184,22.6071559875615,18.1144197463989,18.4969031228794,48.5126282525441,37.8089779723774,0,45.9116611418177,37.7374144660102,0,0,0,0,0,31.0646146138509,47.3066825866699,45.1990483601888,0,28.7384738922119,25.1223602294922,75.851936340332,50.7713017503754,57.8647184371948,0,0,22.8965682983398,0,50.221547807966,0,37.3146093553967,52.7844108132755,35.3958492279053,44.4882610055465,0,51.6637229919434,0,0,46.7126228524556,55.2580497554857,39.6939649724604,50.1823773231912,15.140216864225,30.9742043555123,29.2462272645158,15.5070404672623,20.1485625880582
0,25.179500579834,0,32.1133651733398,0,5.25580215630708,0,5.42094687053135,0,0,0,4.36115871123897,0,0,0,0,0,0,61.0046255929129,0,0,0,0,0,0,0,0,0,0,6.77566194534302,0,0,0,0,0,4.41488361166756,0,5.95862875808596,0,47.1581891377767,0,52.2704938252767,0,0,0,11.6104528542721,0,0,38.0064888000488,39.9201538085938,0,0,0,0,0,0,0,4.48734012496806,0,0,0,0,7.80510053955089,0,0,0,0,0,0,0,0,0,14.9914417266846,0,0,0,0,0,8.96512497411541,0,10.1256193167124,0,7.81859940015353,0,6.06202668116238,0,0
0,0,0,0,3.68821472591824,0,3.37178981304169,0,0,0,3.7727557376579,0,0,0,0,0,0,0,0,0,0,0,0,0,0,0,0,0,0,0,0,0,0,0,0,0,3.36674279623081,0,3.4094306821021,0,21.1020910739899,0,0,0,0,0,11.3481031004916,0,0,0,0,0,0,0,0,0,4.01765981028157,0,0,0,0,0,0,4.45264007414584,0,0,0,0,0,0,0,0,0,4.5480312317917,0,0,0,0,0,7.34296201024018,0,4.40330182181464,4.58015188678863,6.49160377953642,12.8837758458179,0,0
0,28.7729091644287,0,0,0,0,0,0,0,0,0,0,0,0,0,30.4067516326904,0,5.61498846409628,46.682315826416,0,0,0,3.2249311208725,8.09132047378234,0,3.9918052201287,0,10.787054672059,0,0,0,0,0,0,0,0,0,11.3580325580326,0,0,0,0,0,0,0,0,0,0,0,8.82665807533264,0,0,0,0,0,0,0,0,0,0,0,27.2375822067261,39.5554275512695,0,5.33083587265266,0,4.42040190760721,0,8.66492521581541,0,6.94746505769633,0,0,0,0,0,0,0,67.0270843505859,0,9.78452836994141,0,5.4595977377093,5.07947816029607,46.6573237101237,0,0
0,0,0,0,0,0,0,0,28.7247848510742,0,0,0,0,0,0,0,0,0,0,0,0,3.2249311208725,0,0,5.28724989047243,0,3.90243061116109,0,6.64590067454747,0,0,0,0,0,0,0,0,0,7.6327730802553,0,0,0,0,0,0,0,0,0,5.85561872612346,0,0,0,0,0,28.7104466302054,0,0,0,0,0,0,0,0,0,0,4.77343360448112,0,4.83809767425924,0,4.87118754386902,0,4.61305462292262,0,0,0,0,0,0,0,0,0,10.2297472625112,7.62884106602269,7.62897389023392,0,0,0
0,14.4341269846885,0,23.5241947174072,0,0,0,0,0,6.85449431443707,0,0,0,0,0,8.96204286302839,0,6.48280239105225,0,0,0,8.09132047378234,0,0,0,5.12134928969562,0,0,0,0,0,0,0,0,0,0,0,7.16621743525107,0,0,0,9.30905091762543,0,0,0,34.5953369140625,0,0,0,16.9814158848354,0,0,0,0,0,6.03990925712027,0,0,0,24.610050201416,0,10.6190437571361,51.6694374084473,0,10.9317862026727,0,4.19273515507183,0,6.77580136850951,0,0,0,0,0,0,0,0,0,0,0,7.57313286187127,0,6.4530717138718,7.88984813690186,21.0030991406668,0,0
0,0,0,0,0,0,0,0,4.40278401741615,0,0,0,0,0,0,0,3.38452145483642,0,0,0,0,0,5.28724989047243,0,0,0,4.10813737901298,0,0,0,0,0,0,0,0,0,0,0,8.62021187788401,0,0,0,12.5852453231812,0,0,0,0,14.9942941665649,5.46919397874312,0,0,0,0,0,4.37285178815815,0,0,0,0,0,3.21365729967753,0,0,0,0,4.78642829663885,0,4.26508285541962,0,3.78119083062196,0,0,0,0,0,0,0,0,0,0,0,8.18563708112987,7.67325257864155,19.4201640023126,9.35150202115377,0,0
0,27.4062430063883,0,0,0,0,0,0,0,5.6225696808799,0,0,0,17.6791572570801,0,8.85326326725095,0,5.18034829251209,0,0,0,3.9918052201287,0,5.12134928969562,0,0,0,3.96836413397933,0,0,0,0,0,0,0,0,0,13.2950549443563,0,0,0,0,0,0,0,0,0,0,0,22.2467180887858,0,0,0,0,0,8.44914215261286,0,0,0,9.49360531568527,0,12.088509574081,57.1982167561849,0,4.08300978796823,0,3.71968367364672,0,6.04779480206027,0,6.66407641278038,0,0,0,0,0,0,0,0,0,13.8877429366112,0,4.7721715287355,0,44.3467745099749,0,0
0,0,0,0,0,0,0,0,3.39138462326743,0,0,0,0,0,0,0,16.1016638278961,36.5889830589294,28.4722499847412,0,0,0,3.90243061116109,0,4.10813737901298,0,0,0,3.53424365083936,0,0,0,0,0,0,0,0,0,11.0856159210205,0,0,0,0,0,0,0,0,0,0,0,0,0,0,0,0,0,0,0,0,0,0,0,0,0,0,4.473617487347,0,4.91622973182826,0,4.45797427614445,0,5.16491752996125,0,0,0,0,0,0,0,0,0,9.58716593848334,6.76834796812841,0,0,0,0
0,0,0,0,0,0,0,0,0,0,0,7.043307412969,0,5.1091349363327,0,0,0,0,0,0,0,10.787054672059,0,0,0,3.96836413397933,0,0,0,5.19768063056426,0,0,0,0,0,0,0,3.55809657390301,0,0,0,0,0,0,0,0,0,0,0,0,0,0,0,0,0,0,0,0,0,3.2481533226214,0,0,0,0,7.61917144336082,0,0,0,4.09220923594574,0,5.42727240954935,0,4.76594092542475,0,0,0,0,0,0,0,4.79204289118449,0,5.1138474693546,10.2050105503627,0,0,0
0,0,0,0,0,0,0,0,15.2147302627563,0,0,0,4.8500030040741,0,3.370924949646,0,21.1711149215698,0,0,0,0,0,6.64590067454747,0,0,0,3.53424365083936,0,0,0,4.40412279029391,0,0,0,0,0,0,0,3.17050468921661,0,0,0,0,0,0,0,0,0,0,0,0,0,0,0,0,0,0,0,0,0,0,0,0,0,0,3.48069274425507,0,0,0,3.46125211034502,0,4.92052342131411,0,4.59561750866951,0,0,0,0,0,0,0,0,4.62364801720007,0,0,0,0
0,0,0,0,0,0,0,0,0,0,0,6.13872244426182,0,0,0,0,0,0,0,6.77566194534302,0,0,0,0,0,0,0,5.19768063056426,0,0,0,0,0,0,0,0,0,6.23036361260848,0,0,0,0,0,0,0,0,0,0,0,0,0,0,0,0,0,0,0,3.73179979486899,0,0,0,0,0,0,0,0,0,0,0,0,5.59701528814104,0,3.21432534853617,0,0,0,0,0,0,0,6.18107320098426,0,5.41652901606126,0,0,0,0
0,0,0,0,0,0,0,0,0,0,0,0,0,0,0,0,0,0,0,0,0,0,0,0,0,0,0,0,4.40412279029391,0,0,0,0,0,0,0,0,0,3.37677865028381,0,0,0,0,0,0,0,0,0,0,0,0,0,0,0,0,0,3.661212682724,0,0,0,0,0,0,0,0,0,0,0,0,0,0,6.74106120914221,0,7.05960838078861,0,0,0,0,0,0,0,0,3.81196804046631,0,0,0,0
0,0,0,0,0,0,0,0,0,0,0,0,0,0,0,0,0,0,0,0,0,0,0,0,0,0,0,0,0,0,0,0,4.56933814258667,5.02846998638577,2.81052319208781,3.22119001898111,7.79187289873759,0,0,0,0,0,0,0,0,0,0,4.53731203120544,0,5.97739481925964,0,0,0,0,0,0,0,0,0,0,0,0,0,0,0,0,0,0,0,0,0,0,0,0,5.57570358343731,5.02575879962132,4.39318207899729,4.63427665829659,5.25091152947123,0,0,0,3.66296766762041,0,0,0,0
0,0,0,0,0,0,0,0,0,0,0,0,0,0,0,0,0,0,0,0,0,0,0,0,0,0,0,0,0,0,0,4.56933814258667,0,0,5.37115557880881,4.17058330774307,5.21751635171349,0,0,0,0,0,0,0,0,0,0,4.35008323045827,0,0,0,0,0,0,0,0,0,0,0,0,0,0,0,0,0,0,0,0,0,0,0,0,0,0,6.29865429951594,5.61631079811238,0,8.03210353851318,4.63805341720581,5.432775956706,0,0,3.70267783417532,0,0,0,0
0,0,0,0,0,0,0,0,0,0,0,0,0,0,0,0,0,0,0,0,0,0,0,0,0,0,0,0,0,0,0,5.02846998638577,0,0,3.32604789524288,6.56064569067072,0,4.18380936413757,0,0,0,0,0,0,0,0,0,4.75211719157313,0,5.28284438725175,0,0,0,0,0,0,0,0,0,0,0,0,0,0,0,0,0,0,0,0,0,0,0,0,3.97657515785911,0,4.21970607830084,5.19143383467899,6.41173178425421,0,5.15659068217829,0,3.77529756228129,0,0,0,0
0,0,0,0,0,0,0,0,0,0,0,0,0,0,0,0,0,0,0,0,0,0,0,0,0,0,0,0,0,0,0,2.81052319208781,5.37115557880881,3.32604789524288,0,0,6.42084678036633,0,5.92823113152321,0,0,0,0,0,0,0,0,5.51084242089556,6.89313756250868,0,0,0,0,0,0,0,0,0,0,0,0,0,0,0,0,0,0,0,0,0,0,0,0,0,0,14.0430924131515,4.33998723063909,4.1547485757783,0,9.49334646458,0,5.86984282469048,5.74702329857227,0,11.5652303444712,0,0
0,47.4053287506104,0,27.9487389326096,0,27.1947739919027,0,0,0,42.1726913452148,0,0,0,0,0,0,101.199157714844,0,62.120341773172,4.41488361166756,0,0,0,0,0,0,0,0,0,0,0,3.22119001898111,4.17058330774307,6.56064569067072,0,0,3.29540876908736,6.42832026481628,0,63.1853014230728,0,40.6776870223116,99.3493881225586,51.0145723554823,0,18.2182758236543,0,9.77165731599059,0,23.9849089429929,0,0,0,0,0,0,0,37.9894828796387,0,0,0,28.8543090820312,12.774922957023,0,73.0220031738281,0,0,0,52.6756391525269,0,56.1347007751465,0,60.8711519241333,110.456001281738,3.86131100427537,5.47210693359375,20.600964307785,0,6.31182002031139,145.646942138672,15.0587575624676,0,8.4593599770961,103.592602539062,25.9721303289036,45.0946102142334,0
59.2588157653809,0,4.73336906433105,0,31.4188613891602,0,8.06841456095378,0,0,0,3.73594470024109,0,0,0,0,0,81.460582039573,100.165690104167,69.12749510545,0,3.36674279623081,0,0,0,0,0,0,0,0,0,0,7.79187289873759,5.21751635171349,0,6.42084678036633,3.29540876908736,0,0,7.12876771325443,0,60.6685719490051,0,44.2656625234164,0,58.6062707901001,0,17.6366426480555,9.26173153938131,23.8944014952733,45.4503192901611,0,0,0,0,0,0,27.7756125132243,0,0,0,0,0,112.860191345215,10.466868929863,0,0,0,0,0,0,0,42.0167719523112,100.545051574707,63.832226117452,0,8.66316932875329,0,9.46769921501478,4.21540202697118,6.50451184402413,0,8.59745268547599,6.84392909920414,76.4463954925537,21.4172536611557,0,32.9399631023407
0,16.0864957788939,0,25.0290992736816,0,0,0,0,0,14.3649672637308,0,6.3321427365283,0,0,0,0,71.003173828125,45.3685927391052,46.0744159405048,5.95862875808596,0,11.3580325580326,0,7.16621743525107,0,13.2950549443563,0,3.55809657390301,0,6.23036361260848,0,0,0,4.18380936413757,0,6.42832026481628,0,0,3.06215388124639,59.7094334193638,95.9389419555664,17.4763518342605,66.7563934326172,42.9424624443054,0,20.299830791724,0,6.21499184871975,0,8.57782698037295,0,0,0,0,0,15.6204533943763,0,0,0,27.0855016708374,0,24.7189817428589,15.7217239257509,0,12.4461981919856,0,7.78536041558437,0,9.36674525521018,0,64.3784332275391,0,9.04801447507812,0,0,0,3.1623995701472,0,10.2389374179053,0,6.96150528582125,121.579856872559,6.78903992772582,9.45947077139369,21.5729192606506,47.1002998352051,0
61.0764465332031,0,0,0,0,0,0,0,17.4558826837784,0,3.59728330818575,0,0,0,0,0,95.1692029167624,95.8681411743164,72.2335106344784,0,3.4094306821021,0,7.6327730802553,0,8.62021187788401,0,11.0856159210205,0,3.17050468921661,0,3.37677865028381,0,0,0,5.92823113152321,0,7.12876771325443,3.06215388124639,0,156.959594726562,56.5124651908875,93.6872711181641,50.7008276820183,0,56.0348008473714,0,36.7121501964527,6.00939019942888,8.74428873039355,91.6280059814453,0,0,0,0,13.6898919775131,0,5.35620067737721,0,0,0,0,0,112.786598205566,21.4815654107503,0,8.22381341030447,0,6.92642214388492,0,0,118.827415466309,8.6940909446554,0,15.3701733927573,0,0,0,14.2465877626456,137.075592041016,15.2469863387122,109.700664520264,5.87741735344079,8.16402870115139,14.4735031578276,46.1850717533718,0,57.5826866843484
0,35.427567243576,0,29.3369584205823,0,25.3182678222656,0,0,0,0,0,0,0,0,0,0,70.9162498474121,87.0737953186035,41.1201299031576,47.1581891377767,0,0,0,0,0,0,0,0,0,0,0,0,0,0,0,63.1853014230728,0,59.7094334193638,156.959594726562,0,0,21.1383076874584,55.2903709411621,30.8035281354731,0,10.9150908631062,44.657585144043,16.1613707542419,101.508399963379,9.34642275023493,0,0,0,0,0,0,0,38.1520486559187,0,40.1480102539062,0,0,19.2143837600284,0,0,0,0,0,49.0856525318043,0,54.6529487022987,0,55.9871977567673,112.379570007324,0,0,0,0,16.335157229968,131.400543212891,47.0147838225732,0,47.7311349868774,73.6575324318626,16.2453449137799,27.1284400538394,0
0,0,0,0,0,0,0,0,0,0,0,0,0,0,0,0,59.1695688824321,79.757137298584,44.6239026752925,0,21.1020910739899,0,0,0,0,0,0,0,0,0,0,0,0,0,0,0,60.6685719490051,95.9389419555664,56.5124651908875,0,0,33.6102933883667,18.6924747973512,0,25.98816428465,0,13.0814818991686,0,13.0221711217358,37.5817432403564,0,0,0,0,0,0,43.4132083892822,0,0,0,0,0,82.4994583129883,18.626484999349,0,0,0,0,0,0,0,58.4129695892334,0,52.1112313704057,0,0,0,0,83.7353302001953,21.8406924800481,67.1946258544922,35.3830765250482,45.461032051401,67.8235554817395,20.4486245951967,0,39.4785199598833
0,16.3553371365438,0,26.6376251421477,0,32.5996627807617,0,0,0,12.4094306060246,0,0,0,0,0,0,60.1842085031363,60.1003041948591,20.4072863425184,52.2704938252767,0,0,0,9.30905091762543,0,0,0,0,0,0,0,0,0,0,0,40.6776870223116,0,17.4763518342605,93.6872711181641,21.1383076874584,33.6102933883667,0,7.93018594827407,17.7270173488125,0,20.5920364541302,50.2862396240234,8.08582644642524,0,9.92999106947819,0,0,0,0,0,21.1770033155169,0,26.2735157012939,0,23.3906335830688,0,31.675904750824,26.6210519985805,0,71.3990783691406,0,7.57764720916748,0,44.5875561850412,0,51.3964622772492,0,42.5552876663208,0,0,0,0,0,28.3659726458265,94.1644013722738,35.5210115147452,83.6428769429525,12.7238766454047,61.1955005009969,14.1916621118854,10.9002122060388,44.0278930664062
16.96917137146,0,31.0231704711914,0,25.3599920272827,0,0,0,15.9625228881836,0,0,0,0,0,0,0,42.4661933934247,66.2235441207886,22.6071559875615,0,0,0,0,0,12.5852453231812,0,0,0,0,0,0,0,0,0,0,99.3493881225586,44.2656625234164,66.7563934326172,50.7008276820183,55.2903709411621,18.6924747973512,7.93018594827407,0,27.9819192886353,11.38737985721,68.6546745300293,20.6704081636567,9.80027792790185,24.5144843030043,64.4410705566406,0,0,0,0,17.0341815948486,0,14.0923579301727,0,0,0,0,0,63.2398052215576,21.5932116998209,0,0,0,11.935860824585,0,0,0,20.9805156047048,59.1180089314779,27.5644143992708,0,0,0,0,71.2880419413249,28.9791166211969,64.9283443450928,33.5987231985854,13.0271195926164,54.7434013366699,14.1994186664513,66.2378120422363,11.5988944526856
0,0,0,26.391788482666,0,0,0,0,0,0,0,0,0,0,0,0,43.460058757237,52.4610376358032,18.1144197463989,0,0,0,0,0,0,0,0,0,0,0,0,0,0,0,0,51.0145723554823,0,42.9424624443054,0,30.8035281354731,0,17.7270173488125,27.9819192886353,0,0,24.0966641562326,20.8549060821533,0,61.3050422668457,41.0587730407715,0,0,0,0,0,0,0,0,0,60.6174011230469,0,0,33.1454187476117,0,0,0,0,0,0,0,50.7672172546387,0,30.6430123647054,78.5830307006836,0,0,0,0,34.4781712752122,59.5985698699951,35.956774857465,56.0906143188477,14.9108765471366,48.070251758282,12.4033059185258,28.0180606842041,0
0,0,0,0,0,0,0,0,0,0,0,0,0,0,0,0,30.9579530715942,45.9267921447754,18.4969031228794,0,0,0,0,0,0,0,0,0,0,0,0,0,0,0,0,0,58.6062707901001,0,56.0348008473714,0,25.98816428465,0,11.38737985721,0,0,64.1191864013672,14.7912042617798,0,32.8963060379028,0,0,0,0,0,0,0,32.9719168345133,0,0,0,0,0,51.6626682281494,37.2503414154053,0,0,0,0,0,0,0,32.5163345336914,65.3680419921875,29.4416780471802,0,0,0,0,0,37.2269213339862,0,44.6690787663535,27.7664134548261,48.560234614781,11.2952820758394,0,35.5397669474284
0,20.7877540588379,0,17.2948387908936,0,29.8440548578898,0,0,0,32.8769836425781,0,0,0,0,0,0,88.7771475655692,65.2444458007812,48.5126282525441,11.6104528542721,0,0,0,34.5953369140625,0,0,0,0,0,0,0,0,0,0,0,18.2182758236543,0,20.299830791724,0,10.9150908631062,0,20.5920364541302,68.6546745300293,24.0966641562326,64.1191864013672,0,0,49.3539505004883,29.1118240356445,24.9245903965027,0,0,0,0,0,30.86634349823,0,24.826691309611,0,28.0692920684814,0,32.1747741699219,10.2099614926558,0,0,0,32.7355016072591,0,39.4801451055015,0,48.9332096576691,0,41.9475916624069,0,0,0,0,0,21.3836934901774,102.698684692383,21.6943642663401,0,33.1945415374004,75.2495180765788,19.1635020885192,35.2556279500326,0
0,0,0,0,16.0471476554871,0,0,0,66.869140625,0,0,0,0,0,0,0,52.3789059956868,113.822395324707,37.8089779723774,0,11.3481031004916,0,0,0,0,0,0,0,0,0,0,0,0,0,0,0,17.6366426480555,0,36.7121501964527,44.657585144043,13.0814818991686,50.2862396240234,20.6704081636567,20.8549060821533,14.7912042617798,0,0,34.7856483459473,28.1609403442287,33.6314786275228,0,0,0,0,0,0,23.2528579643181,0,0,0,0,0,0,10.7753785810109,0,0,0,0,0,0,0,30.5639444434124,65.4101333618164,28.4263685718025,0,0,0,0,70.6958389282227,29.7280388733731,0,24.1831990904153,20.0833955951143,27.0796188720285,16.0388740833514,0,22.4965576065911
0,0,0,37.5042686462402,0,0,0,0,0,0,0,0,0,0,0,0,0,0,0,0,0,0,0,0,14.9942941665649,0,0,0,0,0,0,4.53731203120544,4.35008323045827,4.75211719157313,5.51084242089556,9.77165731599059,9.26173153938131,6.21499184871975,6.00939019942888,16.1613707542419,0,8.08582644642524,9.80027792790185,0,0,49.3539505004883,34.7856483459473,0,9.13061723350721,5.98978499302377,0,0,0,0,0,0,0,0,0,0,0,0,0,0,0,0,0,14.2729501724243,61.5226974487305,0,0,0,0,0,6.14672828512073,5.71895326792423,5.83217491766419,8.04462729740948,7.69533230378514,14.1816183142579,7.33342599679177,8.69762138825543,5.80670945154964,5.82838571071625,7.68122177532172,0,0
5.53581682829398,0,3.22580655415853,39.9372911453247,0,0,0,0,8.79169994055457,0,0,0,0,0,20.6893749237061,0,64.3211850618061,78.5707015991211,45.9116611418177,38.0064888000488,0,0,5.85561872612346,0,5.46919397874312,0,0,0,0,0,0,0,0,0,6.89313756250868,0,23.8944014952733,0,8.74428873039355,101.508399963379,13.0221711217358,0,24.5144843030043,61.3050422668457,32.8963060379028,29.1118240356445,28.1609403442287,9.13061723350721,0,7.75938589756305,5.49473285675049,0,0,0,7.47011460808809,0,7.9808614477175,45.968433380127,4.36323006664004,0,3.94925590122447,0,97.043872833252,33.7929182823258,0,5.49774388609261,0,4.93552312850952,61.8171768188477,6.79847802056207,68.298999786377,6.27471385883158,77.2503356933594,12.0605795810727,0,0,0,12.5828198082042,62.5274333953857,40.6499787556756,76.0332667032878,11.0490706382914,17.1956596658465,74.2967580648569,14.38079485301,0,26.766129345151
0,6.41490006002792,0,26.3433930624099,0,5.93285355423436,0,0,0,12.0189175458732,0,0,0,0,0,9.42011206490653,86.474853515625,0,37.7374144660102,39.9201538085938,0,8.82665807533264,0,16.9814158848354,0,22.2467180887858,0,0,0,0,0,5.97739481925964,0,5.28284438725175,0,23.9849089429929,45.4503192901611,8.57782698037295,91.6280059814453,9.34642275023493,37.5817432403564,9.92999106947819,64.4410705566406,41.0587730407715,0,24.9245903965027,33.6314786275228,5.98978499302377,7.75938589756305,0,0,0,0,0,0,11.9257668024964,0,11.7247966589751,0,6.35565233858008,0,6.67091368226444,24.4317517237465,45.2726473127093,6.70609463247464,0,9.09908640745914,0,16.4258744664401,0,11.212959233058,0,17.0467510186989,0,0,0,4.31223893165588,0,9.92736207451931,75.9399669353779,9.8125248346317,95.3547172546387,9.17086855419014,48.5152227401733,13.8810996606557,28.9427318572998,0
12.5518978834152,0,4.83564376831055,0,3.24215216636658,0,0,0,15.582758463346,0,0,0,0,0,0,0,0,0,0,0,0,0,0,0,0,0,0,0,0,0,0,0,0,0,0,0,0,0,0,0,0,0,0,0,0,0,0,0,5.49473285675049,0,0,0,0,0,16.2312172055244,0,0,0,4.21452188491821,0,0,0,0,3.7461444735527,0,0,0,0,0,0,0,0,0,0,0,0,0,0,0,0,0,0,7.02474774633135,0,4.05562776507753,0,0
0,0,0,6.48511962797128,0,4.31982220080773,0,3.21200173932153,0,4.15291466712952,0,0,0,0,0,0,0,0,0,0,0,0,0,0,0,0,0,0,0,0,0,0,0,0,0,0,0,0,0,0,0,0,0,0,0,0,0,0,0,0,0,0,0,0,0,0,0,5.54989298282827,0,4.24037583187373,0,4.02486408948898,2.74404907226562,0,0,0,0,0,0,0,0,0,0,0,0,0,0,0,0,0,0,0,5.14543171106879,10.332802772522,2.84199905395508,0,0
0,0,0,0,0,0,3.00708005499484,0,0,0,0,0,0,0,0,0,0,0,0,0,0,0,0,0,0,0,0,0,0,0,0,0,0,0,0,0,0,0,0,0,0,0,0,0,0,0,0,0,0,0,0,0,0,0,0,0,0,0,0,0,0,0,0,0,0,0,0,0,0,0,0,0,0,0,0,0,0,0,0,0,0,0,4.36821752022474,0,0,0,0
0,0,0,0,0,3.78925069173177,0,3.44065217984383,0,0,0,2.95174372196198,0,0,0,0,0,0,0,0,0,0,0,0,0,0,0,0,0,0,0,0,0,0,0,0,0,0,0,0,0,0,0,0,0,0,0,0,0,0,0,0,0,0,0,0,0,3.37573998268336,0,0,0,0,0,0,0,0,0,0,0,0,0,0,0,0,0,0,0,0,0,0,0,0,4.30839640360612,0,0,0,0
7.05622185412766,0,13.2066864520311,0,9.38419586770675,0,0,0,7.80751440567093,0,0,0,0,0,4.86442682767484,0,14.1685334590443,38.9826393127441,0,0,0,0,28.7104466302054,0,4.37285178815815,0,0,0,0,0,0,0,0,0,0,0,0,0,13.6898919775131,0,0,0,17.0341815948486,0,0,0,0,0,7.47011460808809,0,16.2312172055244,0,0,0,0,0,13.0705549910262,0,7.10483488771651,0,7.98021279004197,0,0,0,0,0,0,4.63985163551016,0,5.11610281594256,0,0,0,0,0,0,0,0,0,0,0,11.111918228829,11.9173736171722,19.561954498291,9.80145786096761,0,0
0,7.97566469230316,0,9.25227586201259,0,7.8313992023468,0,0,0,5.73980474442056,0,0,0,0,0,6.27903588408047,0,81.3521270751953,31.0646146138509,0,0,0,0,6.03990925712027,0,8.44914215261286,0,0,0,0,0,0,0,0,0,0,0,15.6204533943763,0,0,0,21.1770033155169,0,0,0,30.86634349823,0,0,0,11.9257668024964,0,0,0,0,0,0,0,0,0,0,0,6.81971230056785,0,0,0,0,7.03130261865381,0,15.9480636687506,0,0,0,0,0,0,0,0,0,0,0,15.775976896286,0,14.4096661036213,25.6700649261475,20.1471375672214,0,0
13.2485085231502,0,4.10709810256958,0,26.2466599941254,0,3.07621867840107,0,16.883114306132,0,5.61036928794835,0,0,0,0,0,65.2688674926758,0,47.3066825866699,0,4.01765981028157,0,0,0,0,0,0,0,0,0,3.661212682724,0,0,0,0,0,27.7756125132243,0,5.35620067737721,0,43.4132083892822,0,14.0923579301727,0,32.9719168345133,0,23.2528579643181,0,7.9808614477175,0,0,0,0,0,13.0705549910262,0,0,0,3.65271375860487,0,5.03579935762617,0,0,6.6804082673273,0,0,0,0,0,0,0,5.70476466520844,0,7.80662362824271,0,0,0,0,0,48.8194831848145,0,13.4936318397522,16.8940958701647,0,14.7834440461347,0,14.4100659688314
0,6.9246871471405,0,6.699192441743,0,4.07694174894472,0,3.51197852028741,0,23.7188262939453,0,5.73183772207177,0,7.85128410657247,0,0,0,0,45.1990483601888,4.48734012496806,0,0,0,0,0,0,0,0,0,3.73179979486899,0,0,0,0,0,37.9894828796387,0,0,0,38.1520486559187,0,26.2735157012939,0,0,0,24.826691309611,0,0,45.968433380127,11.7247966589751,0,5.54989298282827,0,3.37573998268336,0,0,0,0,0,4.83436025058607,0,6.62332927599186,9.60059654712677,0,0,0,0,0,8.12198062340419,0,9.15601397285145,0,7.52759241587237,0,0,0,0,0,36.8400783538818,0,20.9305908203125,0,5.42342859787467,0,7.08234907642969,0,0
8.27536529302597,0,3.44404149055481,0,4.63069796562195,0,0,0,13.3775937080383,0,4.03941124251911,0,4.78819336610682,0,2.7514123916626,0,0,0,0,0,0,0,0,0,0,0,0,0,0,0,0,0,0,0,0,0,0,0,0,0,0,0,0,0,0,0,0,0,4.36323006664004,0,4.21452188491821,0,0,0,7.10483488771651,0,3.65271375860487,0,0,0,3.6511368569527,0,0,0,0,0,0,0,0,0,0,0,0,0,0,0,0,0,0,0,0,0,0,0,0,0,0
0,12.9537632805961,0,4.59016335487366,0,2.95872116088867,0,2.84582340717316,0,23.3987369537354,0,4.30966243596611,0,3.84461733098907,0,4.88323137126391,0,0,28.7384738922119,0,0,0,0,24.610050201416,0,9.49360531568527,0,3.2481533226214,0,0,0,0,0,0,0,0,0,27.0855016708374,0,40.1480102539062,0,23.3906335830688,0,60.6174011230469,0,28.0692920684814,0,0,0,6.35565233858008,0,4.24037583187373,0,0,0,0,0,4.83436025058607,0,0,0,4.57577497390524,16.9501965045929,0,0,0,23.6900615692139,0,11.0266429792132,0,8.51793650218419,0,0,0,0,0,0,0,0,0,0,0,7.35345362835243,0,10.0877896817525,0,0
4.70567975267332,0,0,0,0,0,0,0,6.82894725490499,0,0,0,0,0,12.1753596067429,0,21.0451192855835,0,25.1223602294922,0,0,0,0,0,3.21365729967753,0,0,0,0,0,0,0,0,0,0,0,0,0,0,0,0,0,0,0,0,0,0,0,3.94925590122447,0,0,0,0,0,7.98021279004197,0,5.03579935762617,0,3.6511368569527,0,0,0,0,0,0,0,0,0,0,0,0,0,0,0,0,0,0,0,0,0,0,0,22.2419520616531,19.3957853317261,0,0,0
0,4.69093312868258,0,5.16888419529687,0,8.89055418968201,0,0,0,8.3620063151632,0,0,0,4.5578313104568,0,4.06505123968725,0,0,75.851936340332,0,0,27.2375822067261,0,10.6190437571361,0,12.088509574081,0,0,0,0,0,0,0,0,0,28.8543090820312,0,24.7189817428589,0,0,0,31.675904750824,0,0,0,32.1747741699219,0,0,0,6.67091368226444,0,4.02486408948898,0,0,0,6.81971230056785,0,6.62332927599186,0,4.57577497390524,0,0,17.5241099097512,0,29.7291283077664,0,9.38038798173269,0,6.54577747353336,0,20.9722527503967,0,0,0,0,0,0,0,51.5230388641357,0,27.1656913757324,0,21.9693449193781,0,13.1943290968587,0,0
0,34.5326306025187,0,39.0025589682839,0,7.08126817703247,0,4.81010671095415,0,37.6530723571777,0,9.51563347268988,0,0,0,0,74.4860670301649,82.213373819987,50.7713017503754,7.80510053955089,0,39.5554275512695,0,51.6694374084473,0,57.1982167561849,0,0,0,0,0,0,0,0,0,12.774922957023,112.860191345215,15.7217239257509,112.786598205566,19.2143837600284,82.4994583129883,26.6210519985805,63.2398052215576,33.1454187476117,51.6626682281494,10.2099614926558,0,0,97.043872833252,24.4317517237465,0,2.74404907226562,0,0,0,0,0,9.60059654712677,0,16.9501965045929,0,17.5241099097512,0,0,65.2918319702148,0,0,0,23.2154044389086,0,22.3100435043816,0,22.0238099976297,103.97887802124,0,0,0,0,17.005237285,108.556897481283,19.6534522018507,91.7664082845052,36.2032822324458,77.5077209472656,21.5645239072017,60.7659397125244,0
0,0,0,0,5.30431159687042,0,5.04790490865707,0,17.04807472229,0,4.33633562088013,0,0,0,0,0,73.707649230957,92.5199203491211,57.8647184371948,0,4.45264007414584,0,0,0,0,0,0,0,0,0,0,0,0,0,0,0,10.466868929863,0,21.4815654107503,0,18.626484999349,0,21.5932116998209,0,37.2503414154053,0,10.7753785810109,0,33.7929182823258,45.2726473127093,3.7461444735527,0,0,0,0,0,6.6804082673273,0,0,0,0,0,0,0,0,0,0,0,0,0,0,23.6762296676636,0,16.0270199943007,0,0,0,0,0,18.182822733284,0,12.1849794852482,9.79911978324335,11.7005182828335,12.9493530674661,0,13.2229218184948
0,33.6171989440918,0,0,0,0,0,0,0,0,0,0,0,0,0,29.2890758514404,0,10.2918179838554,0,0,0,5.33083587265266,0,10.9317862026727,0,4.08300978796823,0,7.61917144336082,0,0,0,0,0,0,0,73.0220031738281,0,12.4461981919856,0,0,0,71.3990783691406,0,0,0,0,0,0,0,6.70609463247464,0,0,0,0,0,0,0,0,0,0,0,29.7291283077664,65.2918319702148,0,0,0,4.77378624951989,0,16.0663482421035,0,5.86761771291015,0,0,0,0,0,0,0,0,0,11.9036908950962,0,5.95680176967175,6.56349432337415,40.0332574248314,0,0
0,0,0,0,0,0,0,0,0,0,0,0,0,0,0,0,0,0,0,0,0,0,4.77343360448112,0,4.78642829663885,0,4.473617487347,0,3.48069274425507,0,0,0,0,0,0,0,0,0,8.22381341030447,0,0,0,0,0,0,0,0,0,5.49774388609261,0,0,0,0,0,0,0,0,0,0,0,0,0,0,0,0,0,0,4.77285651953324,0,3.69601321220398,0,3.23787587325765,0,0,0,0,0,0,0,0,0,12.0981292969141,5.1776965231819,13.9080754915873,0,0,0
0,13.5557563130449,0,23.3834013938904,0,0,0,0,0,8.08801927825444,0,0,0,0,0,9.65717760721842,0,3.83654503822327,22.8965682983398,0,0,4.42040190760721,0,4.19273515507183,0,3.71968367364672,0,0,0,0,0,0,0,0,0,0,0,7.78536041558437,0,0,0,7.57764720916748,0,0,0,32.7355016072591,0,0,0,9.09908640745914,0,0,0,0,0,7.03130261865381,0,0,0,23.6900615692139,0,9.38038798173269,0,0,4.77378624951989,0,0,0,2.74476933479309,0,0,0,0,0,0,0,0,0,0,0,7.51434492348191,0,8.22752026632833,0,11.0746761631966,0,0
0,0,0,0,0,0,0,0,6.75551894417516,0,0,0,0,0,0,0,3.37525916099548,0,0,0,0,0,4.83809767425924,0,4.26508285541962,0,4.91622973182826,0,0,0,0,0,0,0,0,0,0,0,6.92642214388492,0,0,0,11.935860824585,0,0,0,0,14.2729501724243,4.93552312850952,0,0,0,0,0,4.63985163551016,0,0,0,0,0,0,0,0,0,0,4.77285651953324,0,0,0,4.7335929435397,0,0,0,0,0,0,0,0,0,0,0,4.59866562499303,10.3803213236283,16.3683565855026,6.4027088029044,0,0
0,11.4041233313711,0,31.2819132804871,0,0,0,0,0,11.8092502716816,0,0,0,17.9947376251221,0,7.38259233541824,75.450325012207,6.73016703934283,50.221547807966,0,0,8.66492521581541,0,6.77580136850951,0,6.04779480206027,0,4.09220923594574,0,0,0,0,0,0,0,52.6756391525269,0,9.36674525521018,0,49.0856525318043,0,44.5875561850412,0,0,0,39.4801451055015,0,61.5226974487305,61.8171768188477,16.4258744664401,0,0,0,0,0,15.9480636687506,0,8.12198062340419,0,11.0266429792132,0,6.54577747353336,23.2154044389086,0,16.0663482421035,0,2.74476933479309,0,0,0,5.0130311457502,0,46.0801773071289,0,0,0,0,0,50.612680736341,0,22.6071829795837,0,9.16179424497337,94.5671119689941,22.8523490181602,0,0
6.00013305011549,0,0,0,0,0,0,0,3.83371412354028,0,0,0,0,0,2.94953489303589,0,0,0,0,0,0,0,4.87118754386902,0,3.78119083062196,0,4.45797427614445,0,3.46125211034502,0,0,0,0,0,0,0,0,0,0,0,0,0,0,0,0,0,0,0,6.79847802056207,0,0,0,0,0,5.11610281594256,0,0,0,0,0,0,0,0,0,0,3.69601321220398,0,4.7335929435397,0,0,0,5.25927869369526,0,0,0,0,0,0,0,0,0,9.03245544433594,4.9623361825943,0,2.74847197532654,0,0
0,23.7570474412706,0,36.6535879354008,0,46.6072107950846,0,0,0,38.5070648193359,0,8.1008101940155,0,0,0,0,82.5194816589355,0,37.3146093553967,0,0,6.94746505769633,0,0,0,6.66407641278038,0,5.42727240954935,0,5.59701528814104,0,0,0,0,0,56.1347007751465,0,64.3784332275391,118.827415466309,54.6529487022987,0,51.3964622772492,0,50.7672172546387,0,48.9332096576691,0,0,68.298999786377,11.212959233058,0,0,0,0,0,0,0,9.15601397285145,0,8.51793650218419,0,20.9722527503967,22.3100435043816,0,5.86761771291015,0,0,0,5.0130311457502,0,0,0,8.36199318595797,0,0,0,0,0,59.2502421424502,98.1236724853516,20.3755037266275,90.1648101806641,27.5993711226327,77.8007261753082,27.9609876472467,30.7488886515299,0
0,0,0,0,39.0133361816406,0,0,0,0,0,0,0,0,0,0,0,0,0,52.7844108132755,0,0,0,4.61305462292262,0,0,0,5.16491752996125,0,4.92052342131411,0,6.74106120914221,0,0,0,0,0,42.0167719523112,0,8.6940909446554,0,58.4129695892334,0,20.9805156047048,0,32.5163345336914,0,30.5639444434124,0,6.27471385883158,0,0,0,0,0,0,0,5.70476466520844,0,0,0,0,0,0,23.6762296676636,0,3.23787587325765,0,0,0,5.25927869369526,0,0,0,6.15622958154901,0,0,0,0,0,55.1246673583984,0,6.69524469156878,14.3815551237627,92.3211288452148,13.9066233288597,0,21.230834197998
0,27.8250226974487,0,37.1506186265212,0,0,0,0,0,0,0,5.05254436606791,0,0,0,0,0,82.9784164428711,35.3958492279053,14.9914417266846,0,0,0,0,0,0,0,4.76594092542475,0,3.21432534853617,0,0,0,0,0,60.8711519241333,100.545051574707,9.04801447507812,0,55.9871977567673,0,42.5552876663208,59.1180089314779,30.6430123647054,65.3680419921875,41.9475916624069,65.4101333618164,0,77.2503356933594,17.0467510186989,0,0,0,0,0,0,0,7.52759241587237,0,0,0,0,22.0238099976297,0,0,0,0,0,46.0801773071289,0,8.36199318595797,0,0,0,0,0,0,0,53.3930461883545,106.043464660645,9.88638483997314,82.2165985107422,19.0933095191022,93.6640116373698,35.9307091204325,30.4343746730259,0
33.1837501525879,0,0,0,39.8585662841797,0,0,0,0,0,5.59535033806511,0,0,0,0,0,69.7863772710164,87.4586759294782,44.4882610055465,0,4.5480312317917,0,0,0,0,0,0,0,4.59561750866951,0,7.05960838078861,0,0,0,0,110.456001281738,63.832226117452,0,15.3701733927573,112.379570007324,52.1112313704057,0,27.5644143992708,78.5830307006836,29.4416780471802,0,28.4263685718025,0,12.0605795810727,0,0,0,0,0,0,0,7.80662362824271,0,0,0,0,0,103.97887802124,16.0270199943007,0,0,0,0,0,0,0,6.15622958154901,0,0,0,0,0,0,100.206817626953,58.3627989027235,107.836845397949,5.16974568484452,50.1769384454798,82.893572027033,16.8268563256928,0,22.7017266192335
0,0,0,0,0,0,0,0,0,0,0,0,0,0,0,0,0,0,0,0,0,0,0,0,0,0,0,0,0,0,0,5.57570358343731,6.29865429951594,3.97657515785911,0,3.86131100427537,0,0,0,0,0,0,0,0,0,0,0,6.14672828512073,0,0,0,0,0,0,0,0,0,0,0,0,0,0,0,0,0,0,0,0,0,0,0,0,0,0,0,8.20117182201809,5.27379180834844,0,5.57135222236175,0,0,0,5.03246784891401,0,0,0,0
0,0,0,0,0,0,0,0,0,0,0,0,0,0,0,0,0,0,51.6637229919434,0,0,0,0,0,0,0,0,0,0,0,0,5.02575879962132,5.61631079811238,0,14.0430924131515,5.47210693359375,8.66316932875329,0,0,0,0,0,0,0,0,0,0,5.71895326792423,0,0,0,0,0,0,0,0,0,0,0,0,0,0,0,0,0,0,0,0,0,0,0,0,0,0,8.20117182201809,0,0,7.6011624743591,0,4.64497618800715,0,0,4.34230190407146,0,0,0,0
0,0,0,0,0,0,0,0,0,0,0,0,0,0,0,0,0,0,0,0,0,0,0,0,0,0,0,0,0,0,0,4.39318207899729,0,4.21970607830084,4.33998723063909,20.600964307785,0,3.1623995701472,0,0,0,0,0,0,0,0,0,5.83217491766419,0,4.31223893165588,0,0,0,0,0,0,0,0,0,0,0,0,0,0,0,0,0,0,0,0,0,0,0,0,5.27379180834844,0,0,0,7.53324580776925,0,4.25567270127018,0,4.10594183387178,0,0,0,0
0,0,0,0,0,0,0,0,0,0,0,0,0,0,0,0,0,0,0,0,0,0,0,0,0,0,0,0,0,0,0,4.63427665829659,8.03210353851318,5.19143383467899,4.1547485757783,0,9.46769921501478,0,14.2465877626456,0,0,0,0,0,0,0,0,8.04462729740948,12.5828198082042,0,0,0,0,0,0,0,0,0,0,0,0,0,0,0,0,0,0,0,0,0,0,0,0,0,0,7.6011624743591,0,0,0,10.3111859162649,0,6.20612094896596,7.40898034902387,0,18.19039780753,0,0
