0,0,10.4161838387188,0,11.2171845872965,0,0,0,8.37166275024414,0,50.7005748748779,0,0,0,26.947301864624,0,34.0198426776462,0,35.7021502728732,0,26.7091443538666,0,0,0,22.1545658111572,0,0,0,0,0,0,0,0,0,0,0,31.2483011484146,0,0,0,52.4755433797836,45.9204978942871,23.9449177884549,0,0,116.262180328369,42.4270846843719,0,7.73458410840984,0,13.1075077825977,0,0,0,7.10228690783183,0,10.1567473473892,0,13.0343703454541,0,19.2268615450178,0,0,31.057207796754,0,0,0,29.2984199523926,0,0,0,42.779171534947,0,32.2768082369762,0,0,0,0,68.8764419555664,35.7968664642767,0,38.6093537157232,25.5784376894841,45.1938095092773,21.424907410695,0,44.3096881866455
0,0,0,0,0,0,0,0,0,6.9278039932251,0,0,0,0,0,0,0,0,0,0,0,0,0,0,0,0,0,0,0,0,0,0,0,0,0,0,0,22.9332877265082,37.5684108734131,0,0,7.26400305932028,35.707671880722,0,0,26.9219741821289,0,33.0608768463135,0,12.7922851429429,0,0,0,0,0,0,0,14.5723637146925,0,9.66632045843662,0,0,15.7388870239258,0,0,0,0,0,0,0,0,0,22.3200182120005,0,0,0,0,0,0,0,29.0238836833409,40.3092603683472,10.7103364268939,0,11.7345154133017,25.3676977157593,0
10.4161838387188,0,0,0,10.7800239604936,0,0,0,9.62771115332935,0,28.5797891616821,0,0,0,27.373274564743,0,44.7862533569336,0,38.9912371635437,0,13.2756571309907,0,0,0,0,0,0,0,0,0,0,0,0,0,0,0,18.3234210463821,0,0,97.973274230957,34.8413328257474,75.49609375,28.7109656258235,0,0,82.4760551452637,28.7502422234447,42.3256902694702,29.2558172089713,36.1919631958008,14.6083406194856,0,18.6367028554281,0,8.29114290709218,0,25.758859860486,0,21.3935832488231,0,6.06077480316162,0,0,23.5764460612427,0,0,0,23.3655548095703,0,0,0,41.1135437223646,0,38.6372783115932,0,0,0,0,60.4192581176758,28.7565427936599,0,38.9836891315601,20.476894015414,57.5710334777832,22.4439728537271,78.7766189575195,39.3794078826904
0,0,0,0,0,0,0,0,0,0,0,0,0,0,0,0,0,0,0,0,0,0,0,0,0,0,0,0,0,0,0,0,0,0,0,0,0,0,0,0,0,0,0,0,0,0,0,0,0,0,0,0,0,0,0,0,0,0,0,0,0,0,0,0,0,0,0,0,0,0,0,0,0,0,0,0,0,0,0,0,0,0,0,0,0,0,0
11.2171845872965,0,10.7800239604936,0,0,0,0,0,8.94445342194579,0,30.5637655565816,0,0,0,10.1435361159475,0,36.6308737426508,0,36.8135904073715,0,14.184765583646,0,0,0,0,0,0,0,0,0,0,0,0,0,0,0,18.8429131595603,0,0,42.8694667816162,37.4908029085969,69.1626567840576,34.3702950418366,0,0,79.3722152709961,32.7156752704555,42.1276245117188,34.4936471132888,34.6852188110352,14.537154980059,0,23.6122770309448,0,9.95198664323638,0,26.4459435022794,0,23.1072794356436,0,11.0795372092638,0,59.3874015808105,27.9604801209264,0,0,0,33.0878124237061,0,0,0,44.1400021144322,0,41.5929134214989,0,0,0,0,83.1673583984375,34.728691498859,0,48.7942062575242,24.9416681888725,0,26.3957160156893,99.8511734008789,36.1040439605713
0,0,0,0,0,0,0,12.7834580137923,0,0,0,13.7276258468628,0,0,0,0,0,0,0,0,0,0,0,0,0,0,0,0,0,0,0,0,0,0,0,23.8246040344238,0,0,0,25.0749454498291,26.9907550811768,45.4550476074219,0,0,0,14.9666309356689,0,0,0,0,0,0,0,9.22265206064497,0,0,0,13.0730981826782,0,4.86502271228366,0,0,12.5093625386556,0,0,0,0,0,0,0,0,0,0,0,0,0,0,0,0,27.1631412506104,0,0,14.3448181152344,0,13.22852568967,0,0
0,0,0,0,0,0,0,0,0,0,0,0,0,0,0,0,0,0,0,0,0,0,0,0,0,0,0,0,0,0,0,0,0,0,0,0,0,0,0,0,0,0,0,0,0,0,0,0,0,0,0,0,0,0,0,0,0,0,0,0,0,0,0,0,0,0,0,0,0,0,0,0,0,0,0,0,0,0,0,0,0,0,0,0,0,0,0
0,0,0,0,0,12.7834580137923,0,0,0,0,0,6.6121499866582,0,5.09281073745928,0,0,0,0,0,2.78644397854805,0,0,0,0,0,0,0,0,0,0,0,0,0,0,0,0,48.3284028371175,0,0,27.1581783294678,45.880012512207,19.8404026031494,0,0,0,0,0,37.3044471740723,0,0,0,12.0532929301262,0,6.32565360479668,0,0,0,8.89940502616797,0,3.78578184201167,0,0,12.9546605110168,0,0,0,0,0,0,0,0,0,20.2588832855225,0,0,0,0,0,43.9476675987244,29.7981252670288,0,0,10.4794590209313,0,18.2084966659546,56.4517402648926,0
8.37166275024414,0,9.62771115332935,0,8.94445342194579,0,0,0,0,0,27.6542689005534,0,0,0,7.75509023666382,0,25.5577468509916,0,27.8947741159118,0,15.456651190494,0,0,0,0,0,0,0,0,0,0,0,0,0,0,0,12.8828657701904,0,24.7661743164062,0,46.6736214319865,37.320987701416,26.7254784876667,72.3766250610352,0,162.135498046875,37.0527494503902,0,27.1177171560434,0,16.0178137662757,0,0,0,12.2332616557736,0,23.7566679977789,0,17.1356396349067,0,21.4670954048634,0,0,19.1486910978953,0,0,0,29.2133372170585,0,32.6265144348145,0,40.8742797851562,0,35.9444334095922,0,0,0,0,0,23.6560821003384,0,40.3412638203851,24.4839136303112,5.98112824984959,27.2336806167256,0,25.651050567627
0,6.9278039932251,0,0,0,0,0,0,0,0,0,0,0,0,0,0,0,0,0,0,0,0,0,0,0,0,0,0,0,0,0,0,0,0,0,0,0,0,34.7941513061523,0,0,6.80537589391073,33.6957664489746,0,0,0,0,0,0,14.0205240249634,0,0,0,0,0,0,0,20.9930521647135,0,0,0,0,0,0,0,0,0,0,0,0,0,0,0,0,0,0,0,0,0,0,0,0,0,0,10.9643199994014,0,0
50.7005748748779,0,28.5797891616821,0,30.5637655565816,0,0,0,27.6542689005534,0,0,0,16.0578409277874,0,0,0,88.7765502929688,0,69.620444615682,0,7.03974953026115,0,0,0,0,0,0,0,41.8477673666818,0,23.8536467993701,0,0,0,0,0,25.9240023458705,0,4.25055024498387,0,47.9648211797078,0,45.8689121064686,0,0,82.9672470092773,48.6714520454407,0,39.5897331237793,0,30.1974563598633,0,0,0,33.9755894921043,0,6.6933682528288,0,33.8930433713473,0,32.3126682281494,0,0,34.6416684184223,0,0,0,0,0,0,0,19.0697760286002,0,19.87309555312,0,0,0,0,0,34.4842446390345,0,33.667898682987,13.1627114697935,24.5103748272627,34.5184400081635,0,27.5548755645752
0,0,0,0,0,13.7276258468628,0,6.6121499866582,0,0,0,0,0,3.51114357416354,0,0,0,0,0,2.72201871871948,0,0,0,0,0,0,0,2.73339080810547,0,7.59459884335676,0,0,0,0,0,0,0,7.37009178250041,0,0,0,0,0,0,0,0,0,0,0,0,0,12.7651472091675,0,10.834573701576,0,0,0,7.40010890506094,0,3.23885731697083,0,0,0,0,0,0,0,0,0,0,0,0,10.1114075490014,0,0,0,0,0,38.3570327758789,0,18.0951064476967,0,7.06421087091403,0,14.0867748737335,0,0
0,0,0,0,0,0,0,0,0,0,16.0578409277874,0,0,0,0,0,0,0,0,0,0,0,0,0,0,0,0,0,0,0,0,0,0,0,0,0,0,0,0,0,0,0,41.3383445739746,0,0,0,0,0,0,0,0,0,0,0,0,0,7.79086010456085,0,3.61715304224115,0,0,0,0,0,0,0,0,0,0,0,0,8.90207405090332,0,18.0944480895996,0,0,0,0,0,0,0,18.2986850738525,4.12727660517539,3.475443760554,16.2134399414062,0,0
0,0,0,0,0,0,0,5.09281073745928,0,0,0,3.51114357416354,0,0,0,0,0,0,0,0,0,0,0,0,0,0,0,4.37052639288709,0,2.88240967478071,0,0,0,0,0,0,0,0,0,0,0,0,0,0,0,0,0,0,0,0,0,0,0,0,0,0,0,0,0,3.67668819610047,0,0,0,0,0,0,0,0,0,0,7.50315261500441,0,0,0,0,0,0,0,0,0,0,0,3.68537791205318,2.98171618066985,0,0,0
26.947301864624,0,27.373274564743,0,10.1435361159475,0,0,0,7.75509023666382,0,0,0,0,0,0,0,45.3818855285645,0,0,0,18.1124210357666,0,0,0,0,0,0,0,0,0,0,0,0,0,0,0,0,0,0,0,66.5189361572266,0,31.701520819413,0,0,0,0,0,0,0,10.5498224649674,0,0,0,6.69664130892072,0,40.1958546638489,0,11.6883564949036,0,6.06236743927002,0,0,26.692310333252,0,0,0,0,0,0,0,0,0,31.9647413889567,0,0,0,0,0,32.3661231994629,0,0,10.280858484904,0,18.9944799286979,0,0
0,0,0,0,0,0,0,0,0,0,0,0,0,0,0,0,0,0,0,0,0,0,0,0,0,0,0,0,0,0,0,0,0,0,0,0,0,0,0,0,0,0,0,0,0,0,0,0,0,0,0,0,0,0,0,0,0,0,0,0,0,0,0,0,0,0,0,0,0,0,0,0,0,0,0,0,0,0,0,0,0,0,0,0,0,0,0
34.0198426776462,0,44.7862533569336,0,36.6308737426508,0,0,0,25.5577468509916,0,88.7765502929688,0,0,0,45.3818855285645,0,0,21.9470874612982,20.3415395416932,68.9618263244629,54.5747611999512,0,7.66356971787243,0,21.9140154765202,0,0,0,0,0,0,0,0,0,0,66.8768392290388,68.6715284494253,0,22.6899918317795,62.0889460655951,58.7520183817546,32.9651808496249,34.3857965096699,49.6139820539034,0,58.7777464822622,57.0601130167643,60.0518830617269,27.8877066884722,69.2721786499023,39.234172185262,0,0,0,35.0257817077637,0,50.8334475124583,73.3792510032654,41.9125366210938,53.6601066589355,35.6600802739461,0,73.7104666233063,53.5977071874282,0,0,0,23.769188272542,0,23.6710980733236,0,52.7887705752724,76.4576835632324,44.8965130692008,0,0,0,0,76.1256185071222,65.5041207207574,0,47.2424641804523,19.3946889223032,12.06900675075,50.0746618954103,34.2566303946755,20.6142366273063
0,0,0,0,0,0,0,0,0,0,0,0,0,0,0,0,21.9470874612982,0,21.1648018633733,61.5124359130859,0,7.27568895676557,0,0,17.9302673339844,3.04459667205811,0,3.46718368205157,0,0,0,0,0,0,0,0,0,0,19.994909286499,0,0,29.5876619021098,82.7495498657227,59.743091583252,0,59.3694846630096,0,0,25.0518083572388,64.4149551391602,0,0,0,0,72.4457168579102,0,0,0,0,0,0,0,99.158805847168,49.5340385437012,8.81062627838043,0,9.27128442128499,22.5436544418335,9.27432131767273,0,0,0,0,0,0,0,0,0,98.346321105957,0,0,0,6.91749284764211,7.62214659571999,56.2444248199463,27.4489250183105,0
35.7021502728732,0,38.9912371635437,0,36.8135904073715,0,0,0,27.8947741159118,0,69.620444615682,0,0,0,0,0,20.3415395416932,21.1648018633733,0,61.4025559425354,50.674393926348,0,0,9.03138530254364,8.79201417756312,0,0,0,45.7102851867676,0,62.0535354614258,0,0,0,0,46.3427696228027,64.2418874104818,0,7.39707100828281,45.5389145359849,36.7965244491244,15.3336870210136,20.7843937422697,24.7465189507133,0,39.5811184671246,31.8846673575061,49.8275087796725,22.6139735834939,47.8130661103784,41.6532869583521,0,70.3785832722982,0,36.7231868505478,0,44.8608382453381,43.5264619019654,41.8175165653229,36.0564813613892,53.276309967041,0,52.8061546325684,39.149723498922,0,0,0,13.2997077873775,0,19.2054813558405,0,47.4013733182635,58.6843095259233,44.0207340428087,0,0,0,0,56.975661581455,56.2595642783425,0,40.442589745802,11.6128049840388,30.0141315730113,33.0270069223726,14.318688932386,16.8422720783441
0,0,0,0,0,0,0,2.78644397854805,0,0,0,2.72201871871948,0,0,0,0,68.9618263244629,61.5124359130859,61.4025559425354,0,0,0,0,0,0,0,0,0,0,0,0,0,0,0,0,23.1375296115875,27.7708656913356,0,0,25.7708862622579,27.3628091812134,43.6145392523872,43.3615684509277,50.7534980773926,0,28.9666701663624,62.2324886322021,27.4159384918213,24.5876490275065,24.9996329716274,0,0,0,0,0,0,0,14.1500158786774,0,0,0,0,3.84071130799775,0,0,0,0,0,0,0,0,114.818214416504,0,0,0,0,0,0,39.321257981387,27.8343936072456,0,0,53.184715906779,0,10.1748466719504,54.1487221717834,0
26.7091443538666,0,13.2756571309907,0,14.184765583646,0,0,0,15.456651190494,0,7.03974953026115,0,0,0,18.1124210357666,0,54.5747611999512,0,50.674393926348,0,0,0,0,0,0,0,0,0,0,0,0,0,0,0,0,0,10.4966735486751,0,3.08569208780924,0,28.2014123692232,0,47.2261607226203,0,0,0,30.4401707649231,30.0509543418884,32.9367249011993,28.3119821548462,20.650581781511,0,0,0,17.9538770675659,0,14.556674751529,0,32.6943663627871,0,39.5154664993286,0,0,23.4474151738932,0,0,0,0,0,0,0,39.4912590026855,0,40.676698811849,0,0,0,0,0,25.9904417659836,0,45.3599217732747,11.7231667140548,0,16.2470182041365,0,0
0,0,0,0,0,0,0,0,0,0,0,0,0,0,0,0,0,7.27568895676557,0,0,0,0,8.9282483414526,5.73169723315117,18.7917423248291,11.0943127328699,0,3.7709372438849,0,0,0,0,0,0,0,0,0,6.82082312841142,26.7031619652458,0,0,35.5696907043457,35.2823175506087,0,0,0,0,33.0987152697435,37.4750945147346,7.32104243384905,0,0,0,0,0,0,0,44.2397055625916,0,39.1585558377779,0,0,38.2428207397461,0,5.74370565437599,10.8818014600446,8.14768236660566,0,6.52220690727234,0,7.35415530927254,0,56.8424034118652,0,0,0,0,0,0,0,9.49829242049056,36.6122126772597,7.6764854971974,6.15366478568568,26.8042182297003,0,0
0,0,0,0,0,0,0,0,0,0,0,0,0,0,0,0,7.66356971787243,0,0,0,0,8.9282483414526,0,31.3194599151611,11.4055992762248,0,4.91077439712756,0,36.3774415916867,0,59.522397518158,0,0,0,0,0,0,28.6990242004395,7.77684687839138,0,0,49.0860137939453,0,0,0,0,0,0,0,19.813117980957,0,0,0,0,0,0,0,0,0,0,0,0,0,0,10.8287002593279,6.72466929943426,0,6.11613575617472,0,0,0,4.65466351807117,0,21.0268669128418,0,0,0,0,0,0,0,10.5674333543605,9.70505080091526,7.39255563412011,0,0,0
0,0,0,0,0,0,0,0,0,0,0,0,0,0,0,0,0,0,9.03138530254364,0,0,5.73169723315117,31.3194599151611,0,0,0,0,21.7962770462036,0,0,0,0,0,0,0,0,0,5.53725308869496,34.5176961898804,0,0,7.95799343402569,35.5267657350611,0,0,0,0,33.2683504422506,37.4575500488281,10.0822697778935,0,0,0,0,0,0,0,31.0132058950571,0,22.8561899662018,0,0,0,0,4.47044199286134,40.2387428283691,4.87702403372775,0,12.6071195927533,0,19.0654586156209,0,0,0,0,0,0,0,0,0,9.64510861347462,38.3440448443095,5.01239573506341,5.15095857158303,9.73653921892578,14.0009212493896,0
22.1545658111572,0,0,0,0,0,0,0,0,0,0,0,0,0,0,0,21.9140154765202,17.9302673339844,8.79201417756312,0,0,18.7917423248291,11.4055992762248,0,0,0,0,0,0,0,0,0,0,0,0,0,0,0,3.7467883599771,0,0,20.6346702575684,7.36029314994812,0,0,0,0,0,4.95358985348752,0,0,0,0,0,0,0,0,0,0,0,0,0,0,0,20.7841329574585,11.6978843808174,0,3.95642337281868,0,4.46538141140571,0,0,0,0,0,0,0,0,0,0,0,4.15305076418696,7.08930884427418,4.57447495063146,4.70002153045253,22.5340881347656,0
0,0,0,0,0,0,0,0,0,0,0,0,0,0,0,0,0,3.04459667205811,0,0,0,11.0943127328699,0,0,0,0,0,7.61390463872389,0,0,0,0,0,0,0,0,0,0,0,0,0,0,0,0,0,0,0,0,0,0,0,0,0,0,0,0,0,0,0,0,0,0,0,0,4.25420208439428,0,5.27254213227166,0,4.63268074691296,0,3.79319471783108,0,0,0,0,0,0,0,0,0,0,0,8.37464189529419,0,0,0,0
0,0,0,0,0,0,0,0,0,0,0,0,0,0,0,0,0,0,0,0,0,0,4.91077439712756,0,0,0,0,0,6.10966205596924,0,0,0,0,0,0,0,0,0,0,0,0,0,0,0,0,0,0,0,0,0,0,0,0,0,0,0,0,0,0,0,0,0,0,0,0,6.49480685065774,0,0,0,0,0,0,0,0,0,0,0,0,0,0,0,0,0,0,0,0,0
0,0,0,0,0,0,0,0,0,0,0,2.73339080810547,0,4.37052639288709,0,0,0,3.46718368205157,0,0,0,3.7709372438849,0,21.7962770462036,0,7.61390463872389,0,0,0,3.16308733558209,0,0,0,0,0,0,0,3.61961140074171,0,0,0,0,0,0,0,0,0,0,0,0,0,0,0,0,0,0,0,0,0,3.94219218885611,0,0,0,0,5.44240428507328,0,19.779532623291,0,11.6510876549615,0,3.81791966429476,0,4.65226246077906,0,0,0,0,0,0,0,4.20175685616314,0,3.58350398325529,0,0,0,0
0,0,0,0,0,0,0,0,0,0,41.8477673666818,0,0,0,0,0,0,0,45.7102851867676,0,0,0,36.3774415916867,0,0,0,6.10966205596924,0,0,0,41.4409676339891,0,0,0,0,0,0,0,9.6341746194022,0,0,0,73.500862121582,0,0,0,0,0,0,0,0,0,0,0,50.0669937133789,0,36.3591693815638,0,3.99633121490479,0,0,0,0,51.9494506835938,0,8.39732307857937,0,0,0,0,0,5.28113845932266,0,29.2766096591949,0,0,0,0,0,45.7108917236328,0,15.9711062429298,15.4873751978298,7.19983591010414,43.6424865722656,0,0
0,0,0,0,0,0,0,0,0,0,0,7.59459884335676,0,2.88240967478071,0,0,0,0,0,0,0,0,0,0,0,0,0,3.16308733558209,0,0,0,0,0,0,0,0,0,5.92236412153011,0,0,0,0,0,0,0,0,0,0,0,0,0,0,0,0,0,0,0,9.13729777662327,0,0,0,0,0,0,0,0,0,0,0,0,4.78306474659104,0,6.10997198330375,0,0,0,0,0,0,0,13.8035044415737,0,5.88389440594108,7.91408911655689,0,0,0
0,0,0,0,0,0,0,0,0,0,23.8536467993701,0,0,0,0,0,0,0,62.0535354614258,0,0,0,59.522397518158,0,0,0,0,0,41.4409676339891,0,0,0,0,0,0,0,0,0,45.3359565734863,0,75.465705871582,0,79.5053901672363,0,0,0,70.1219329833984,0,0,0,0,0,0,0,0,0,32.6340619867498,0,0,0,0,0,0,45.060905456543,0,44.0351409912109,0,0,0,0,0,18.6518227713449,0,23.7350397418285,0,0,0,0,0,0,0,46.6925142172611,24.0052671432495,37.5760608819815,0,0,0
0,0,0,0,0,0,0,0,0,0,0,0,0,0,0,0,0,0,0,0,0,0,0,0,0,0,0,0,0,0,0,0,12.1749435312608,0,0,25.3483391867744,14.1713955218975,0,0,0,0,0,0,0,0,0,0,0,0,0,0,0,0,0,0,0,0,0,0,0,0,0,0,0,0,0,0,0,0,0,0,0,0,0,18.5591711401939,9.22077598571777,0,0,26.910740592263,10.0469696680705,0,0,0,0,0,0,0
0,0,0,0,0,0,0,0,0,0,0,0,0,0,0,0,0,0,0,0,0,0,0,0,0,0,0,0,0,0,0,12.1749435312608,0,0,0,16.4771436408714,17.7396114970861,0,0,0,0,0,0,0,0,0,0,0,0,0,0,0,0,0,0,0,0,0,0,0,0,0,0,0,0,0,0,0,0,0,0,0,0,0,14.1258745029055,29.4666423797607,0,0,25.9326675415039,21.4493808746338,0,0,38.5770416259766,0,0,0,0
0,0,0,0,0,0,0,0,0,0,0,0,0,0,0,0,0,0,0,0,0,0,0,0,0,0,0,0,0,0,0,0,0,0,0,0,0,0,0,0,0,0,0,0,0,0,0,0,0,0,0,0,0,0,0,0,0,0,0,0,0,0,0,0,0,0,0,0,0,0,0,0,0,0,0,0,0,0,0,0,0,0,0,0,0,0,0
0,0,0,0,0,0,0,0,0,0,0,0,0,0,0,0,0,0,0,0,0,0,0,0,0,0,0,0,0,0,0,0,0,0,0,0,0,0,0,0,0,0,0,0,0,0,0,0,0,0,0,0,0,0,0,0,0,0,0,0,0,0,0,0,0,0,0,0,0,0,0,0,0,0,0,0,0,0,0,0,0,0,0,0,0,0,0
0,0,0,0,0,23.8246040344238,0,0,0,0,0,0,0,0,0,0,66.8768392290388,0,46.3427696228027,23.1375296115875,0,0,0,0,0,0,0,0,0,0,0,25.3483391867744,16.4771436408714,0,0,0,4.96137511610506,5.57446555664039,5.92518753735792,8.8484767820777,17.3826077779134,23.3846549987793,78.9465522766113,20.6220550537109,0,29.3238335485044,0,19.3637161254883,51.6729440689087,18.7529172897339,0,0,0,0,0,0,0,54.8687553405762,0,0,0,0,22.7964166005452,0,0,0,0,0,0,0,0,0,0,0,26.9863787651062,0,0,0,4.83928439114729,5.66591507474953,10.4444227238144,8.64183428822732,4.61586817822466,6.02112560291962,15.8590934673945,53.3117555890764,0
31.2483011484146,0,18.3234210463821,0,18.8429131595603,0,0,48.3284028371175,12.8828657701904,0,25.9240023458705,0,0,0,0,0,68.6715284494253,0,64.2418874104818,27.7708656913356,10.4966735486751,0,0,0,0,0,0,0,0,0,0,14.1713955218975,17.7396114970861,0,0,4.96137511610506,0,10.0309790119274,4.1312637532011,21.9399707478084,12.9086943776,55.6831903457642,52.2132218794389,37.1730442047119,0,32.6336766485672,12.5017139119956,27.428019285202,27.9275813985754,23.7912872102525,20.0959509184866,0,24.198503112793,0,20.7651338459242,0,23.0508256856111,51.0096132659912,24.4497190690894,0,22.0939679898714,0,29.1348513972544,20.4946932418553,0,0,0,0,0,39.9981880187988,0,41.0994532022131,0,41.8453880560203,17.4577987458971,32.3223924636841,0,0,12.2133051200965,6.71387469806138,16.8371721232931,44.8841575536972,9.97260020504293,6.45559097543547,23.065988586453,53.3241920471191,56.1952260335286
0,22.9332877265082,0,0,0,0,0,0,0,0,0,7.37009178250041,0,0,0,0,0,0,0,0,0,6.82082312841142,28.6990242004395,5.53725308869496,0,0,0,3.61961140074171,0,5.92236412153011,0,0,0,0,0,5.57446555664039,10.0309790119274,0,7.65347852630182,0,0,26.7686848163605,31.475575996086,0,0,48.6451511383057,0,28.6846578376999,33.3118679920832,12.2665618065925,0,0,0,0,0,0,0,33.766345250802,0,27.1618333262438,0,0,33.2938947677612,0,15.7204753272003,33.0761773586273,6.07136638594903,0,18.1092907587687,0,3.62816896968418,0,14.3803044745797,0,0,0,0,0,6.95425317551308,8.96923133803577,4.99160916735932,20.1245696629043,5.20889016430858,4.88403868301355,16.3310709975381,46.1089057922363,0
0,37.5684108734131,0,0,0,0,0,0,24.7661743164062,34.7941513061523,4.25055024498387,0,0,0,0,0,22.6899918317795,19.994909286499,7.39707100828281,0,3.08569208780924,26.7031619652458,7.77684687839138,34.5176961898804,3.7467883599771,0,0,0,9.6341746194022,0,45.3359565734863,0,0,0,0,5.92518753735792,4.1312637532011,7.65347852630182,0,0,0,37.0208542346954,25.438741379314,24.8727722167969,0,94.4443893432617,0,4.88580399945864,6.88810166445645,27.5214020092371,0,0,0,0,20.7803389231364,0,0,48.0964191436768,0,40.8684991200765,0,0,49.6073055267334,3.1480051279068,27.6873098373413,8.27130407700811,0,5.20774378902034,0,8.34720738728841,43.1898651123047,6.1109530712877,62.5412673950195,17.5653886454446,0,0,0,0,8.10277765078316,5.68362057602658,8.9629574232835,7.71824548175549,6.89766666858775,4.457498632373,22.5877799052518,0,0
0,0,97.973274230957,0,42.8694667816162,25.0749454498291,0,27.1581783294678,0,0,0,0,0,0,0,0,62.0889460655951,0,45.5389145359849,25.7708862622579,0,0,0,0,0,0,0,0,0,0,0,0,0,0,0,8.8484767820777,21.9399707478084,0,0,0,21.8488662044207,39.8167180100532,67.4945646013532,30.9696534474691,0,20.1276634444948,33.6932554244995,20.4903781533241,19.4904618581136,19.7139507279252,0,0,0,0,77.3780212402344,0,94.4560623168945,44.9788306554159,0,0,0,0,23.3767930245867,0,0,0,0,0,0,0,0,0,0,74.3213748931885,0,0,0,0,21.6479736802019,15.2935648397966,0,117.976531982422,44.4184471062854,44.1096074240548,21.5920246818108,42.9661883842654,0
52.4755433797836,0,34.8413328257474,0,37.4908029085969,26.9907550811768,0,45.880012512207,46.6736214319865,0,47.9648211797078,0,0,0,66.5189361572266,0,58.7520183817546,0,36.7965244491244,27.3628091812134,28.2014123692232,0,0,0,0,0,0,0,0,0,75.465705871582,0,0,0,0,17.3826077779134,12.9086943776,0,0,21.8488662044207,0,56.3965891853708,28.5218929556981,56.0492195129395,0,44.3462921142578,12.3274560056648,13.7564249466627,10.8496017958422,9.87633312582479,37.7089897419544,0,39.1304112947904,0,41.3762290794533,0,32.5216942166173,44.9948737404563,32.1238633128046,0,47.3574585914612,0,26.1410616176985,25.7173313416078,0,0,0,0,0,0,0,46.6544493175688,69.6610946655273,46.4448577605098,0,0,0,0,26.1341618537903,16.4977688498774,106.647338867188,49.0835854735556,33.6342685157518,42.4763663365291,23.8046831543287,55.7357042694092,27.0121143341064
45.9204978942871,7.26400305932028,75.49609375,0,69.1626567840576,45.4550476074219,0,19.8404026031494,37.320987701416,6.80537589391073,0,0,0,0,0,0,32.9651808496249,29.5876619021098,15.3336870210136,43.6145392523872,0,35.5696907043457,49.0860137939453,7.95799343402569,20.6346702575684,0,0,0,0,0,0,0,0,0,0,23.3846549987793,55.6831903457642,26.7686848163605,37.0208542346954,39.8167180100532,56.3965891853708,0,33.9942258077723,6.32306011119573,0,20.775347866764,52.3396756207501,38.958748281002,33.5133430957794,16.6666541855192,63.1624221801758,0,78.2626495361328,0,55.8814544677734,0,92.3655624389648,16.1884324081203,60.576123046875,18.0566359379495,0,0,19.5896408157627,56.0840378785745,0,0,3.55901432037354,38.538551012675,0,0,0,0,28.3367026608165,71.6213326454163,0,0,0,0,46.8889108617255,65.0137034329501,38.2685651438577,41.5399062212776,10.0868222237114,20.6887036514282,14.9140518847883,9.64385427027307,48.2639217376709
23.9449177884549,35.707671880722,28.7109656258235,0,34.3702950418366,0,0,0,26.7254784876667,33.6957664489746,45.8689121064686,0,41.3383445739746,0,31.701520819413,0,34.3857965096699,82.7495498657227,20.7843937422697,43.3615684509277,47.2261607226203,35.2823175506087,0,35.5267657350611,7.36029314994812,0,0,0,73.500862121582,0,79.5053901672363,0,0,0,0,78.9465522766113,52.2132218794389,31.475575996086,25.438741379314,67.4945646013532,28.5218929556981,33.9942258077723,0,38.4177301724752,0,49.5743582093871,27.4044913857341,5.71973464834435,19.5588031876635,28.6840716524846,34.1717897615767,0,32.0951620448719,0,23.877682122826,0,28.9852707475293,48.8852652157054,30.7754593484196,44.0907410515679,24.6431958752677,0,52.3609283447266,45.3634351186043,38.8249842808719,72.1350593566895,37.7394676208496,8.8535777962569,0,32.4600574970245,45.0517756144206,32.1441904523837,61.4006620134626,29.3143684163042,0,0,0,0,95.911750793457,50.0609990986445,32.0826303386346,16.3551124394051,35.4320991644919,40.1125327216254,17.7925692640895,29.9235723395097,8.13914186278386
0,0,0,0,0,0,0,0,72.3766250610352,0,0,0,0,0,0,0,49.6139820539034,59.743091583252,24.7465189507133,50.7534980773926,0,0,0,0,0,0,0,0,0,0,0,0,0,0,0,20.6220550537109,37.1730442047119,0,24.8727722167969,30.9696534474691,56.0492195129395,6.32306011119573,38.4177301724752,0,0,16.6406995710145,0,32.5396432876587,30.6976623535156,34.4595343271891,0,0,0,0,0,0,72.8213246663411,29.5973606109619,0,0,0,0,53.3954772949219,53.6809480455187,0,0,0,0,0,0,0,0,0,71.2798182169596,0,0,0,0,40.7267458062423,28.4063949584961,0,58.6020927429199,29.2962771397011,27.4322299957275,15.8763202185615,18.3445575237274,0
0,0,0,0,0,0,0,0,0,0,0,0,0,0,0,0,0,0,0,0,0,0,0,0,0,0,0,0,0,0,0,0,0,0,0,0,0,0,0,0,0,0,0,0,0,0,0,0,0,0,0,0,0,0,0,0,0,0,0,0,0,0,0,43.281192779541,0,0,0,0,0,0,0,0,0,0,0,0,0,0,0,0,0,0,0,0,0,0,0
116.262180328369,26.9219741821289,82.4760551452637,0,79.3722152709961,14.9666309356689,0,0,162.135498046875,0,82.9672470092773,0,0,0,0,0,58.7777464822622,59.3694846630096,39.5811184671246,28.9666701663624,0,0,0,0,0,0,0,0,0,0,0,0,0,0,0,29.3238335485044,32.6336766485672,48.6451511383057,94.4443893432617,20.1276634444948,44.3462921142578,20.775347866764,49.5743582093871,16.6406995710145,0,0,28.2128317733931,28.1834383497433,28.7517953600202,30.5687899821013,88.2504577636719,0,0,0,76.9306230545044,0,90.0305611105526,16.7365342856951,98.6345867580838,25.7293889787462,0,0,11.1998975147849,74.4315875203986,0,0,0,42.3118667602539,0,0,0,81.5710544586182,24.4528209481921,76.0415859222412,0,0,0,0,27.7668569866902,32.3975433885006,43.6545675177323,74.1988052368164,41.0605999610221,42.9518506186349,21.7475445257525,29.6388728452283,53.5167770385742
42.4270846843719,0,28.7502422234447,0,32.7156752704555,0,0,0,37.0527494503902,0,48.6714520454407,0,0,0,0,0,57.0601130167643,0,31.8846673575061,62.2324886322021,30.4401707649231,0,0,0,0,0,0,0,0,0,70.1219329833984,0,0,0,0,0,12.5017139119956,0,0,33.6932554244995,12.3274560056648,52.3396756207501,27.4044913857341,0,0,28.2128317733931,0,33.2879147529602,30.6826893655877,43.470146894455,31.0593994782895,0,26.8593009710312,0,28.2892026777391,0,25.993809454421,38.5740994347466,26.7368054507691,0,41.9611750708686,0,43.6712865829468,17.6294839490779,0,0,0,76.0659942626953,0,0,0,38.714664858441,43.4682540893555,39.7965627908707,0,0,0,0,53.3166695912679,14.2337872219278,0,44.2562473458304,27.8607809083963,40.298097882952,19.1002704419705,53.1009521484375,28.0062644958496
0,33.0608768463135,42.3256902694702,0,42.1276245117188,0,0,37.3044471740723,0,0,0,0,0,0,0,0,60.0518830617269,0,49.8275087796725,27.4159384918213,30.0509543418884,33.0987152697435,0,33.2683504422506,0,0,0,0,0,0,0,0,0,0,0,19.3637161254883,27.428019285202,28.6846578376999,4.88580399945864,20.4903781533241,13.7564249466627,38.958748281002,5.71973464834435,32.5396432876587,0,28.1834383497433,33.2879147529602,0,8.20726813836531,25.8321693617466,0,0,0,0,36.2112903594971,0,47.5532479286194,46.106882772138,51.3291454315186,40.5866174316406,0,0,24.5553481705009,77.7932243347168,37.088550567627,16.6443328857422,28.8503437042236,0,0,0,41.9791221618652,62.3803329467773,0,75.4046630859375,0,0,0,0,23.5122569940858,16.1777983464693,29.0002610177705,8.33046939051864,30.5484451858365,20.6572813987732,26.3990461197105,44.6043736934662,0
7.73458410840984,0,29.2558172089713,0,34.4936471132888,0,0,0,27.1177171560434,0,39.5897331237793,0,0,0,0,0,27.8877066884722,25.0518083572388,22.6139735834939,24.5876490275065,32.9367249011993,37.4750945147346,0,37.4575500488281,4.95358985348752,0,0,0,0,0,0,0,0,0,0,51.6729440689087,27.9275813985754,33.3118679920832,6.88810166445645,19.4904618581136,10.8496017958422,33.5133430957794,19.5588031876635,30.6976623535156,0,28.7517953600202,30.6826893655877,8.20726813836531,0,28.1886180836221,33.3457406254138,0,39.1695022583008,0,9.17498952773824,0,8.16006610897094,49.592586517334,31.9336602137639,45.5073757171631,17.7472284126282,0,24.0420027757302,46.0815699100494,41.4451049804687,0,0,5.99805508760306,0,3.51936959136616,0,3.7245915264002,0,36.6735112116887,0,2.73197245597839,0,0,21.2894284384591,17.1891766407911,35.4361382802327,19.7882710695267,26.8286443080431,0,17.6210484048372,31.431004524231,0
0,12.7922851429429,36.1919631958008,0,34.6852188110352,0,0,0,0,14.0205240249634,0,0,0,0,0,0,69.2721786499023,64.4149551391602,47.8130661103784,24.9996329716274,28.3119821548462,7.32104243384905,19.813117980957,10.0822697778935,0,0,0,0,0,0,0,0,0,0,0,18.7529172897339,23.7912872102525,12.2665618065925,27.5214020092371,19.7139507279252,9.87633312582479,16.6666541855192,28.6840716524846,34.4595343271891,0,30.5687899821013,43.470146894455,25.8321693617466,28.1886180836221,0,35.0923042297363,0,0,0,36.1911125183105,0,29.6090096064976,15.4959726257072,36.318027973175,9.25526128447676,0,0,22.20327001515,46.0308837890625,7.9693933689076,34.980141321818,6.67806948402713,0,15.1741046905518,0,15.3667407989502,0,7.19710234981595,52.9212636947632,0,0,0,0,20.3287166775884,16.5240246976605,15.4834442162877,31.0075711940117,16.8828620262826,20.6267754404168,13.432868909684,40.8535057703654,0
13.1075077825977,0,14.6083406194856,0,14.537154980059,0,0,0,16.0178137662757,0,30.1974563598633,0,0,0,10.5498224649674,0,39.234172185262,0,41.6532869583521,0,20.650581781511,0,0,0,0,0,0,0,0,0,0,0,0,0,0,0,20.0959509184866,0,0,0,37.7089897419544,63.1624221801758,34.1717897615767,0,0,88.2504577636719,31.0593994782895,0,33.3457406254138,35.0923042297363,0,0,0,0,14.741835552454,0,29.0756808622616,0,35.8023306039663,0,11.9563159454774,0,0,23.2366193437193,0,0,0,27.643533706665,0,0,0,56.3388387891981,0,44.7321263612622,0,0,0,0,64.8180389404297,27.5417508911384,0,46.5549500465393,24.4599762052138,49.0592880249023,26.3474540907083,0,32.9293877283732
0,0,0,0,0,0,0,12.0532929301262,0,0,0,12.7651472091675,0,0,0,0,0,0,0,0,0,0,0,0,0,0,0,0,0,0,0,0,0,0,0,0,0,0,0,0,0,0,0,0,0,0,0,0,0,0,0,0,0,12.4307231903076,0,0,0,0,0,0,0,0,0,0,0,0,0,0,0,0,0,0,0,0,0,0,0,0,0,0,0,0,15.3062362670898,0,0,0,0
0,0,18.6367028554281,0,23.6122770309448,0,0,0,0,0,0,0,0,0,0,0,0,0,70.3785832722982,0,0,0,0,0,0,0,0,0,0,0,0,0,0,0,0,0,24.198503112793,0,0,0,39.1304112947904,78.2626495361328,32.0951620448719,0,0,0,26.8593009710312,0,39.1695022583008,0,0,0,0,0,0,0,84.976224899292,0,93.2642688751221,0,0,0,0,21.5219585618307,0,0,0,0,0,0,0,40.9573554992676,0,45.7288434770372,0,0,0,0,0,26.2059469450088,0,39.0142635769314,32.1587342482347,0,25.9511342811584,0,0
0,0,0,0,0,9.22265206064497,0,6.32565360479668,0,0,0,10.834573701576,0,0,0,0,0,0,0,0,0,0,0,0,0,0,0,0,0,0,0,0,0,0,0,0,0,0,0,0,0,0,0,0,0,0,0,0,0,0,0,12.4307231903076,0,0,0,0,0,8.44100161393484,0,0,0,0,0,0,0,0,0,0,0,0,0,0,0,0,0,0,0,0,0,0,0,0,8.29526488083165,0,0,0,0
7.10228690783183,0,8.29114290709218,0,9.95198664323638,0,0,0,12.2332616557736,0,33.9755894921043,0,0,0,6.69664130892072,0,35.0257817077637,72.4457168579102,36.7231868505478,0,17.9538770675659,0,0,0,0,0,0,0,50.0669937133789,0,0,0,0,0,0,0,20.7651338459242,0,20.7803389231364,77.3780212402344,41.3762290794533,55.8814544677734,23.877682122826,0,0,76.9306230545044,28.2892026777391,36.2112903594971,9.17498952773824,36.1911125183105,14.741835552454,0,0,0,0,0,11.7031012464298,0,11.9506347283073,0,7.42706381180964,0,0,23.8861063758722,0,0,0,11.9981257915497,0,0,0,44.8902298256203,0,38.4007435523139,0,0,0,0,65.3152313232422,31.15332041679,0,32.9388896700848,27.5497565197801,68.6297454833984,23.3034097847141,86.4247436523438,45.016747156779
0,0,0,0,0,0,0,0,0,0,0,0,0,0,0,0,0,0,0,0,0,0,0,0,0,0,0,0,0,0,0,0,0,0,0,0,0,0,0,0,0,0,0,0,0,0,0,0,0,0,0,0,0,0,0,0,0,0,0,0,0,0,0,0,0,0,0,0,0,0,0,0,0,0,0,0,0,0,0,0,0,0,0,0,0,0,0
10.1567473473892,0,25.758859860486,0,26.4459435022794,0,0,0,23.7566679977789,0,6.6933682528288,0,7.79086010456085,0,40.1958546638489,0,50.8334475124583,0,44.8608382453381,0,14.556674751529,0,0,0,0,0,0,0,36.3591693815638,0,32.6340619867498,0,0,0,0,0,23.0508256856111,0,0,94.4560623168945,32.5216942166173,92.3655624389648,28.9852707475293,72.8213246663411,0,90.0305611105526,25.993809454421,47.5532479286194,8.16006610897094,29.6090096064976,29.0756808622616,0,84.976224899292,0,11.7031012464298,0,0,91.3531188964844,24.5851007461548,0,11.0248987066601,0,74.6053581237793,22.6798377511183,0,0,0,11.3607320352034,0,10.5319942702418,0,8.86965112538935,0,22.8947452049795,0,0,0,0,62.9611787796021,25.7879647530272,0,22.7629952627404,25.3219425703518,38.6961462656657,22.5101196188185,0,33.2804723315769
0,14.5723637146925,0,0,0,13.0730981826782,0,8.89940502616797,0,20.9930521647135,0,7.40010890506094,0,0,0,0,73.3792510032654,0,43.5264619019654,14.1500158786774,0,44.2397055625916,0,31.0132058950571,0,0,0,0,0,9.13729777662327,0,0,0,0,0,54.8687553405762,51.0096132659912,33.766345250802,48.0964191436768,44.9788306554159,44.9948737404563,16.1884324081203,48.8852652157054,29.5973606109619,0,16.7365342856951,38.5740994347466,46.106882772138,49.592586517334,15.4959726257072,0,0,0,8.44100161393484,0,0,91.3531188964844,0,0,9.23977598544366,0,0,10.0010487667725,107.952407836914,48.1938209533691,0,19.6514155864716,0,0,0,2.85262525081635,0,8.89070560297002,130.413711547852,0,0,0,0,41.1551462157003,59.6864391673695,21.7461504866375,50.0057913367428,13.9700588225955,47.5534385681152,13.1865001095584,19.2596045106944,0
13.0343703454541,0,21.3935832488231,0,23.1072794356436,0,0,0,17.1356396349067,0,33.8930433713473,0,3.61715304224115,0,11.6883564949036,0,41.9125366210938,0,41.8175165653229,0,32.6943663627871,0,0,0,0,0,0,0,3.99633121490479,0,0,0,0,0,0,0,24.4497190690894,0,0,0,32.1238633128046,60.576123046875,30.7754593484196,0,0,98.6345867580838,26.7368054507691,51.3291454315186,31.9336602137639,36.318027973175,35.8023306039663,0,93.2642688751221,0,11.9506347283073,0,24.5851007461548,0,0,0,11.3928903202678,0,0,25.4633075012072,0,0,0,29.4524326324463,0,0,0,38.4333469295502,0,38.0624543181005,0,0,0,0,62.5277462005615,24.5403068265117,0,37.9484979398958,33.0759816947191,52.0894155502319,17.5630415355012,79.0505650838216,22.207558631897
0,9.66632045843662,0,0,0,4.86502271228366,0,3.78578184201167,0,0,0,3.23885731697083,0,3.67668819610047,0,0,53.6601066589355,0,36.0564813613892,0,0,39.1585558377779,0,22.8561899662018,0,0,0,3.94219218885611,0,0,0,0,0,0,0,0,0,27.1618333262438,40.8684991200765,0,0,18.0566359379495,44.0907410515679,0,0,25.7293889787462,0,40.5866174316406,45.5073757171631,9.25526128447676,0,0,0,0,0,0,0,9.23977598544366,0,0,0,0,9.96900644302368,0,39.3659019470215,0,13.6299579869146,0,0,0,6.2814059991103,0,20.9428500731786,0,0,0,0,0,0,0,21.7765658162806,47.3043920853559,5.63655872684514,3.17816018804591,14.3708610408018,20.2816327412923,0
19.2268615450178,0,6.06077480316162,0,11.0795372092638,0,0,0,21.4670954048634,0,32.3126682281494,0,0,0,6.06236743927002,0,35.6600802739461,0,53.276309967041,0,39.5154664993286,0,0,0,0,0,0,0,0,0,0,0,0,0,0,0,22.0939679898714,0,0,0,47.3574585914612,0,24.6431958752677,0,0,0,41.9611750708686,0,17.7472284126282,0,11.9563159454774,0,0,0,7.42706381180964,0,11.0248987066601,0,11.3928903202678,0,0,0,0,30.2086338424683,0,0,0,0,0,0,0,40.4120464324951,0,31.9336862201932,0,0,0,0,0,29.9964800227772,0,38.0461981637137,14.8470007111044,0,22.6458100550102,0,43.576229095459
0,0,0,0,0,0,0,0,0,0,0,0,0,0,0,0,0,0,0,0,0,0,0,0,0,0,0,0,0,0,0,0,0,0,0,0,0,0,0,0,0,0,0,0,0,0,0,0,0,0,0,0,0,0,0,0,0,0,0,0,0,0,0,0,0,0,0,0,0,0,0,0,0,0,0,0,0,0,0,0,0,0,0,0,0,0,0
0,15.7388870239258,0,0,59.3874015808105,12.5093625386556,0,12.9546605110168,0,0,0,0,0,0,0,0,73.7104666233063,99.158805847168,52.8061546325684,3.84071130799775,0,38.2428207397461,0,0,0,0,0,0,0,0,0,0,0,0,0,22.7964166005452,29.1348513972544,33.2938947677612,49.6073055267334,23.3767930245867,26.1410616176985,19.5896408157627,52.3609283447266,53.3954772949219,0,11.1998975147849,43.6712865829468,24.5553481705009,24.0420027757302,22.20327001515,0,0,0,0,0,0,74.6053581237793,10.0010487667725,0,9.96900644302368,0,0,0,0,0,0,0,0,0,0,0,0,15.8273987259184,0,0,0,0,0,27.8349133230583,27.4480185676039,33.7003136548129,52.1070251464844,38.313356477564,53.278694152832,10.7901214350132,21.2585455371488,0
31.057207796754,0,23.5764460612427,0,27.9604801209264,0,0,0,19.1486910978953,0,34.6416684184223,0,0,0,26.692310333252,0,53.5977071874282,49.5340385437012,39.149723498922,0,23.4474151738932,0,0,0,0,0,0,0,51.9494506835938,0,45.060905456543,0,0,0,0,0,20.4946932418553,0,3.1480051279068,0,25.7173313416078,56.0840378785745,45.3634351186043,53.6809480455187,43.281192779541,74.4315875203986,17.6294839490779,77.7932243347168,46.0815699100494,46.0308837890625,23.2366193437193,0,21.5219585618307,0,23.8861063758722,0,22.6798377511183,107.952407836914,25.4633075012072,0,30.2086338424683,0,0,0,0,0,0,86.3713684082031,0,0,0,34.4281981300998,0,34.8706561637526,0,0,0,0,82.4769617716471,23.0593536107951,0,42.493263413306,27.0151725519088,53.8838768005371,31.4069918052381,71.5931200299944,43.8563000996908
0,0,0,0,0,0,0,0,0,0,0,0,0,0,0,0,0,8.81062627838043,0,0,0,5.74370565437599,10.8287002593279,4.47044199286134,20.7841329574585,4.25420208439428,0,5.44240428507328,0,0,0,0,0,0,0,0,0,15.7204753272003,27.6873098373413,0,0,0,38.8249842808719,0,0,0,0,37.088550567627,41.4451049804687,7.9693933689076,0,0,0,0,0,0,0,48.1938209533691,0,39.3659019470215,0,0,0,0,0,15.2981493269811,3.8700432946496,0,4.42642590691966,0,6.13879658669904,0,56.0125541687012,0,0,0,0,0,0,0,13.5843102159824,43.8835129015373,9.77335243550312,7.28822328312466,31.3999317932129,0,0
0,0,0,0,0,0,0,0,0,0,0,0,0,0,0,0,0,0,0,0,0,10.8818014600446,6.72466929943426,40.2387428283691,11.6978843808174,0,6.49480685065774,0,8.39732307857937,0,44.0351409912109,0,0,0,0,0,0,33.0761773586273,8.27130407700811,0,0,0,72.1350593566895,0,0,0,0,16.6443328857422,0,34.980141321818,0,0,0,0,0,0,0,0,0,0,0,0,0,0,15.2981493269811,0,38.1481056213379,13.4747896194458,0,8.92075490951538,0,3.51820558309555,0,0,0,0,0,0,0,0,40.9216041564941,11.8818299693857,11.0998032308481,7.89029734650389,0,0,0
0,0,0,0,0,0,0,0,0,0,0,0,0,0,0,0,0,9.27128442128499,0,0,0,8.14768236660566,0,4.87702403372775,0,5.27254213227166,0,19.779532623291,0,0,0,0,0,0,0,0,0,6.07136638594903,0,0,0,3.55901432037354,37.7394676208496,0,0,0,0,28.8503437042236,0,6.67806948402713,0,0,0,0,0,0,0,19.6514155864716,0,13.6299579869146,0,0,0,0,3.8700432946496,38.1481056213379,0,0,11.0068243741989,0,19.3323343992233,0,0,0,0,0,0,0,0,0,7.62525144376253,0,6.87993901006637,6.17413176430596,6.22886507374466,0,0
29.2984199523926,0,23.3655548095703,0,33.0878124237061,0,0,0,29.2133372170585,0,0,0,0,0,0,0,23.769188272542,22.5436544418335,13.2997077873775,0,0,0,6.11613575617472,0,3.95642337281868,0,0,0,0,0,0,0,0,0,0,0,0,0,5.20774378902034,0,0,38.538551012675,8.8535777962569,0,0,42.3118667602539,76.0659942626953,0,5.99805508760306,0,27.643533706665,0,0,0,11.9981257915497,0,11.3607320352034,0,29.4524326324463,0,0,0,0,86.3713684082031,0,13.4747896194458,0,0,0,4.18210009976131,0,4.94661539793015,0,36.6305503845215,0,0,0,0,0,0,0,4.96191778676263,10.9578689933725,5.22667349838629,5.39300379995572,45.9884452819824,0
0,0,0,0,0,0,0,0,0,0,0,0,0,0,0,0,0,9.27432131767273,0,0,0,6.52220690727234,0,12.6071195927533,0,4.63268074691296,0,11.6510876549615,0,0,0,0,0,0,0,0,0,18.1092907587687,0,0,0,0,0,0,0,0,0,0,0,15.1741046905518,0,0,0,0,0,0,0,0,0,0,0,0,0,0,4.42642590691966,0,11.0068243741989,0,0,0,3.18661977657373,0,0,0,0,0,0,0,0,0,0,0,13.6161662737528,0,5.3438196182251,0,0
0,0,0,0,0,0,0,0,32.6265144348145,0,0,0,0,0,0,0,23.6710980733236,0,19.2054813558405,0,0,0,0,0,4.46538141140571,0,0,0,0,0,0,0,0,0,0,0,39.9981880187988,0,8.34720738728841,0,0,0,32.4600574970245,0,0,0,0,0,3.51936959136616,0,0,0,0,0,0,0,10.5319942702418,0,0,0,0,0,0,0,0,8.92075490951538,0,4.18210009976131,0,0,0,9.84176476796468,0,0,0,0,0,0,0,69.5516815185547,0,6.96486282348633,16.0537786483765,0,4.81761247771127,0,0
0,0,0,0,0,0,0,0,0,0,0,0,0,7.50315261500441,0,0,0,0,0,0,0,7.35415530927254,0,19.0654586156209,0,3.79319471783108,0,3.81791966429476,0,4.78306474659104,0,0,0,0,0,0,0,3.62816896968418,43.1898651123047,0,0,0,45.0517756144206,0,0,0,0,41.9791221618652,0,15.3667407989502,0,0,0,0,0,0,0,2.85262525081635,0,6.2814059991103,0,0,0,0,6.13879658669904,0,19.3323343992233,0,3.18661977657373,0,0,0,4.84868345744368,0,0,0,0,0,0,0,10.3001335095466,50.7345555623372,5.78954456103809,0,37.4834327697754,0,0
42.779171534947,0,41.1135437223646,0,44.1400021144322,0,0,0,40.8742797851562,0,19.0697760286002,0,8.90207405090332,0,0,0,52.7887705752724,0,47.4013733182635,114.818214416504,39.4912590026855,0,4.65466351807117,0,0,0,0,0,5.28113845932266,0,18.6518227713449,0,0,0,0,0,41.0994532022131,0,6.1109530712877,0,46.6544493175688,0,32.1441904523837,0,0,81.5710544586182,38.714664858441,62.3803329467773,3.7245915264002,0,56.3388387891981,0,40.9573554992676,0,44.8902298256203,0,8.86965112538935,0,38.4333469295502,0,40.4120464324951,0,0,34.4281981300998,0,3.51820558309555,0,4.94661539793015,0,9.84176476796468,0,0,0,24.7471282679336,0,0,0,0,0,37.8587042782839,0,15.0485684524371,38.2965132395426,4.53195465312285,36.8793132674526,0,26.5683517456055
0,22.3200182120005,0,0,0,0,0,20.2588832855225,0,0,0,10.1114075490014,0,0,0,0,76.4576835632324,0,58.6843095259233,0,0,56.8424034118652,0,0,0,0,0,4.65226246077906,0,6.10997198330375,0,0,0,0,0,0,0,14.3803044745797,62.5412673950195,0,69.6610946655273,28.3367026608165,61.4006620134626,0,0,24.4528209481921,43.4682540893555,0,0,7.19710234981595,0,0,0,0,0,0,0,8.89070560297002,0,20.9428500731786,0,0,15.8273987259184,0,56.0125541687012,0,0,0,0,0,4.84868345744368,0,0,0,0,0,0,0,47.6579483032227,0,12.4960551744136,57.711254119873,7.12320671753509,11.9577150344849,10.2729725031941,21.1716046333313,0
