0,0,157.781676858664,0,0,0,0,0,296.137302830815,0,0,0,0,0,30.1137969493866,0,0,0,3.71435204148293,0,0,0,0,0,6.9838148355484,0,0,0,0,0,0,0,0,0,0,0,0,0,0.979456499218941,0,0.157212868332863,0,73.1810884326696,0,0,0,5.88004039227962,0.224962815642357,392.772868454456,0.501440644264221,0,0,0,0,146.547893762589,0,0.704916268587112,0,40.43675519526,0,34.5451486557722,0,0,1.87464433908463,0,0,0,5.18585348129272,0,0,0,0,0,0.498036950826645,0,0,0,0,0,9.23391504585743,0,1.02348846197128,237.704672023654,0,529.000146836042,0,1.16730926930904
0,0,0,71.5462757945061,0,58.3544135987759,0,0,0,170.818741187453,0,0,0,0,0,155.365236461163,0,0,12.7614982575178,0,0,0,0,17.141363337636,0,6.21738865971565,0,0,0,0,0,0,0,1.57207331061363,0,0,0,1.09504981338978,0,0,0,64.5035615265369,0,0,0,0.74132913351059,0,2.50729919970036,0,944.469945624471,0,1.11212575435638,0,0,0,256.581337153912,0,0,0,0,0,57.8985742926598,1.13213574886322,0,0,0,95.0928130596876,0,0,0,0,0,0,0,0,0,1.91527695208788,0,0.85813844203949,0,0.628742173314095,0,140.502561584115,0,248.316290348768,1.67429545521736,0
157.781676858664,0,0,0,59.1906185150146,0,0,0,63.01009722054,0,0,0,0,0,0,0,0,0.243682742118835,1.93214645981789,0,6.84051413834095,0,0,0,0,0,0,0,0,0,0,0,0,0,0,0,1.85482221841812,0,0,0,16.70868832618,0,123.110539197922,0,0,0,65.2379291057587,0.364903405308723,27.7064883634448,0.535914331674576,5.99591815471649,0,0,0,87.3336505740881,0,40.7331351339817,0,64.4864031970501,0,10.8417299389839,0,0,55.6177453845739,0,0,0,0,0,0,0,0,0,0,0,0,0,0,0,30.681034758687,0,0,102.780822776258,2.32594799995422,515.487666212022,0,7.07975333929062
0,71.5462757945061,0,0,0,113.49425727129,0,0,0,7.09788823127747,0,0,0,0,0,0,0,0.203457415103912,11.6237231194973,24.9729722887278,0,0,0,0,0,0,0,0,0,0,0,0,0,0,0,1.30304157733917,0,0,0,5.74600937217474,0,180.043098308146,0.166173323988914,0,0,28.3962594345212,0,0,3.07573914527893,51.5500615239143,0,0.74472177028656,0,0,0,0,0,81.0554295703769,0,3.77156978845596,0,0,31.7363148927689,0,0,0,0,0,0,0,0,0,7.30722644925117,0,0,0,0,0,13.4476143345237,0,7.78366151452065,0,165.736804202199,2.61443495750427,307.419670030475,7.82323877513409,0
0,0,59.1906185150146,0,0,0,0,0,71.445773512125,0,0,0,0,0,0,0,3.42127966880798,0,3.65247046947479,0,129.583822086453,0,0,0,0,0,0,0,0,0,0,0,0,0,0,0,7.13311719894409,0,0,0,9.76363518834114,0,14.0274381935596,0,0,0,24.4018393009901,0,10.0061893463135,0,83.1065581440926,0,0,0,21.1954273581505,0,0.408729270100594,0,0,0,0,0,0,4.24654173851013,0,0,0,0,0,0,0,0,0,0,0,0,0,0,0,14.0627718642354,0,0,172.877239495516,0,393.025197416544,0,0
0,58.3544135987759,0,113.49425727129,0,0,0,35.8127580285072,0,39.5348371565342,0,5.31046283245087,0,0,0,0,0,0.202658161520958,0,297.773918554187,0,0,0,0,0,0,0,0,0,0,0,0,0,0,0,0.274342775344849,0,0,0,6.46393975615501,0,33.257812872529,0,0,0,0.891084775328636,0,0.164820849895477,1.57617127895355,0.642460882663727,0,20.1727032363415,0,0,0,18.1272030770779,0,15.3531211018562,0,0,0,0,11.7413773536682,0,0,0,0,0,0,0,0,0,0.603848710656166,0,0,0,0,0,2.91188013553619,0,1.36087016761303,0,173.079320207238,0,394.284444972873,0.825462475419044,0
0,0,0,0,0,0,0,0,0,0,59.3490773439407,0,43.2313492298126,0,0,0,0,0,0,0,31.8221997618675,0,0,0,0,0,0,0,0,0,0,0,0,0,0,0,6.45036673545837,0,0,0,0,0,0,0,0,0,0,0,0,0,0,0,10.8030099868774,0,0,0,3.49816060066223,0,0,0,0,0,0,4.0786828994751,0,0,0,0,0,0,0,0,0,0,0,0,0,0,0,0,0,0,80.3867911100388,3.73204779624939,0,0,0
0,0,0,0,0,35.8127580285072,0,0,0,0,0,3.61006635427475,0,24.2460467815399,0,0,0,0,0,28.1799585819244,0,0,0,0,0,0,0,0,0,0,0,0,0,0,0,0,0,0,0,0,0,0,0,0,0,0,0,0,0,0,0,0,0,15.0930292308331,0,0,0,0,0,24.9653940200806,0,0,0,0,0,0,0,0,0,0,0,0,0,0,0,0,0,0,0,0,0,0,304.73574206233,0,0,0,0
296.137302830815,0,63.01009722054,0,71.445773512125,0,0,0,0,0,0,0,65.0156605243683,0,97.4742615222931,0,0,0,0,0,0.890285462141037,0,0,0,100.229628607631,0,0,0,0,0,0,0,0,0,3.93441650271416,0,0,0,197.882845729589,0,0.151993334293365,0,11.352618560195,0,0,0,1.79817402362823,0,36.8751564025879,0,6.84203690290451,0,0,0,1162.52335347235,0,2.26379035413265,0,19.5370011180639,0,36.9123120009899,0,0,7.28016948699951,0,0,0,22.3797921836376,0,0,0,0,0,0,0,0,0,8.90594775974751,0,0,0,79.1816016584635,244.988089844584,0,228.349474191666,0,2.2647066116333
0,170.818741187453,0,7.09788823127747,0,39.5348371565342,0,0,0,0,0,0,0,0,0,15.0891994833946,0,0,0,0,0,0,0,66.270189344883,0,1.74285995960236,0,0,0,0,0,0,0,34.3503794893622,0,0,0,122.377878576517,1.7646484375,0,0,10.0784054100513,0,0,0,0,0,7.56341558694839,0,13.7934828698635,0,0,0,0,0,604.208866402507,0,0,0,0,0,109.048875689507,0,0,0,0,39.9910553693771,0,0,0,0,0,0,0,0,0,25.6739583164454,0,0,0,27.6533913016319,0,328.403719514608,0,11.3657585978508,0,0
0,0,0,0,0,0,59.3490773439407,0,0,0,0,0,365.588542699814,0,0,0,0,0,0,0,1327.22216132283,0,0,0,0,0,0,0,9.59760642051697,0,126.07762606442,0,0,0,0,0,592.045432239771,0,1400.78050851822,0,0,0,0,0,0,0,0,0,0,0,1.66268694400787,0,12.4662394523621,0,0,0,2171.37710663676,0,226.328063637018,0,0,0,0,95.8637512177229,0,0,0,0,0,0,0,9.25500619411469,0,20.8516485095024,0,0,0,0,0,40.2915548682213,0,1258.89317630231,1422.66196539998,118.803779482841,0,0,0
0,0,0,0,0,5.31046283245087,0,3.61006635427475,0,0,0,0,0,267.604428857565,0,0,0,0,0.503095373511314,2140.84505231678,0,0,0,0,0,0,0,1.25675237178802,0,184.517749875784,0,0,0,0,0,316.337808430195,0,612.718970566988,0,0.350363627076149,0,5.01510740816593,0,0,0,5.17669975757599,0,0,0,0,0,7.15106046199799,0,3.86129599809647,0,0,0,3716.56941445172,0,7.05631595849991,0,0,359.619863197207,0,0,0,0,0,0,0,0,0,582.845232918859,0,0,0,0,0,797.102185130119,0,712.718295454979,0,1069.40676371753,4.35538625717163,7.37947325408459,0.852578461170197,0
0,0,0,0,0,0,43.2313492298126,0,65.0156605243683,0,365.588542699814,0,0,0,412.675636470318,0,0,0,0,0,0,0,0,0,0,0,0,0,161.156667530537,0,0,0,0,0,0,0,0,0,0,0,0,0,0,0,0,0,0,0,0,0,0,0,5.65829372406006,0,5.36590981483459,0,509.562601327896,0,721.331740140915,0,83.2868074178696,0,0,0,0,0,0,0,0,0,0,27.3086589574814,0,0,0,0,0,0,0,0,0,0,907.288652718067,2051.6391107142,0,0,0
0,0,0,0,0,0,0,24.2460467815399,0,0,0,267.604428857565,0,0,0,53.2626831531525,0,0,0,0,0,0,0,0,0,0,0,166.735471725464,0,2.22227644920349,0,0,0,0,0,0,0,0,0,0,0,0,0,0,0,0,0,0,0,0,0,0,0,0,0,0,0,1164.49774241447,0,1446.95033746958,0,18.8960217833519,0,0,0,0,0,0,0,0,86.8840553164482,0,2.2485556602478,0,0,0,0,0,0,0,0,0,1183.634718135,4.52827858924866,0,0,0
30.1137969493866,0,0,0,0,0,0,0,97.4742615222931,0,0,0,412.675636470318,0,0,0,0.855930387973785,0,0,0,0,0,0,0,0,0,45.0938962697983,0,0,0,0,0,0,0,0,0,0,0,0,0,0,0,0,0,0,0,0,0,0,0,0,0,0,0,359.202594101429,0,0,0,186.261402487755,0,185.936442792416,0,0,0,0,0,0,0,0,53.1965243518353,0,2.38199263811111,0,0,0,0,0,0,0,0,0,0,40.8759099245071,0,0,0,0
0,155.365236461163,0,0,0,0,0,0,0,15.0891994833946,0,0,0,53.2626831531525,0,0,0,0,0,0,0,0,0,0,0,17.2145909070969,0,0,0,0,0,0,0,0,0,0,0,0,0,0,0,0,0,0,0,0,0,0,0,3.2430328130722,0,2.36807584762573,0,0,0,336.249939978123,0,0,0,366.550367712975,0,677.651601105928,0,0,0,0,0,0,71.0431780815125,0,0,0,0,0,0,0,0,0,0,0,0,0,18.0967665910721,0,0,0,0
0,0,0,0,3.42127966880798,0,0,0,0,0,0,0,0,0,0.855930387973785,0,0,7945.6325045526,5229.62664051354,0,0,0,0,0,0,0,0,0,0,0,0,0,0,0,0,0,0.157598257064819,0,0,40.8728649765253,45.6793428659439,76.0534547716379,152.117715291679,2.01152056455612,0.944382101297379,6.92950560152531,47.4349114373326,0,2.99854607880116,0.167554050683975,0,0,0,0,0,0,0.748690083622932,3.43287688493729,0,0,0,0,6.27317047119141,10.6303837448359,0,0,0,0,0,0,0,0,1.18737642467022,0,0,0,0,0,45.7524012029171,89.2270996719599,5.14134867489338,2.38490913808346,2737.83239528537,148.803340137005,160.589809089899,4.07827460765839,5.43620394170284
0,0,0.243682742118835,0.203457415103912,0,0.202658161520958,0,0,0,0,0,0,0,0,0,0,7945.6325045526,0,4276.84883110225,0,0,0,0,0,0,1,0,0,0,0,0,0,0,0,0,0.136298775672913,0,0,0,91.0759517252445,38.7482789307833,229.043070279062,114.542800799012,10.2419222891331,6.94115775823593,29.0611928924918,55.5454718992114,0,2.30684113502502,1.730702906847,0,0,0,0,0,0,0.413543969392776,8.67251865565777,0,0,0,0,12.0469293668866,7.01321419328451,0,0,0,0,0,0,0,0,3.29933033883572,0,0,0,0,0,93.9732484817505,85.4441558197141,14.4759739637375,1.16715061664581,2170.66012860835,230.723088949919,260.734106302261,31.9382380545139,3.47839757055044
3.71435204148293,12.7614982575178,1.93214645981789,11.6237231194973,3.65247046947479,0,0,0,0,0,0,0.503095373511314,0,0,0,0,5229.62664051354,4276.84883110225,0,4.66321777552366,1.43379990756512,0,0,0,0,0,0,0,0,0,0,0,0,0,0,0.76499730348587,2.58215129375458,0.109853193163872,0,715.914691507816,534.391868203878,1306.6097169742,1470.98427608609,39.241533562541,58.9130738377571,237.588963992894,628.520183257759,0.316723316907883,23.677307754755,12.322861507535,0,0,0,0,0,0,26.1709890216589,81.6834058463573,1.30386424064636,0,0,0,77.7974628955126,95.8306553810835,0,0,0,0,0,0,0,0,33.3067463189363,0,0,0,0,0,877.473340429366,1095.91771261394,128.052329316735,13.917194083333,4087.74722310901,3.89823300391436,2610.47056981921,232.647852621973,64.2950167059898
0,0,0,24.9729722887278,0,297.773918554187,0,28.1799585819244,0,0,0,2140.84505231678,0,0,0,0,0,0,4.66321777552366,0,0,0,0,0,0,0,0,0,0,0,0,0,0,0,0,897.415539488196,0,279.835319876671,0,4.97540709376335,0,26.2486738339067,0.200260370969772,0,0,6.33826504647732,0,0.312856405973434,2.10744582116604,9.74886544048786,0,58.5611301660538,0,0,0,0,0,108.2179428339,0,0,0,0,999.18572306633,0,0,0,0,0,0,0,0,0,7.47800016403198,0,0,0,0,0,2685.48686410487,0,192.440131798387,0,488.215297423303,0,128.064697258174,1.86363115906715,0
0,0,6.84051413834095,0,129.583822086453,0,31.8221997618675,0,0.890285462141037,0,1327.22216132283,0,0,0,0,0,0,0,1.43379990756512,0,0,0,0,0,0,0,0,0,0,0,0,0,0,0,0,0,2353.09494758397,0,765.769619122148,0,4.71441332995892,0,1.01083624362946,0,0,0,13.4729856103659,1.11494447290897,5.69916050136089,0.921330384910107,3.29178881645203,0,3.73581790924072,0,0,0,118.193091511726,0,0,0,0,0,0,532.628537133336,0,0,0,0,0,0,0,0,0,0,0,0,0,0,0,3473.64404626191,0,996.55226662755,596.829850807786,18.0350230336189,142.234983183444,0,0
0,0,0,0,0,0,0,0,0,0,0,0,0,0,0,0,0,0,0,0,0,0,2759.25325088203,370.248593777418,0,240.038916200399,0,492.767770856619,0,0,0,0,0,56.0164233446121,0,0,0,1595.45714089274,21.7442234754562,0,0,0,0,0,0,0,0,0,0,51.4280063658953,0,0,0,0,0,0,0,0,0,0,0,0,0,0,11499.1523749381,453.322042882442,220.060599625111,0,48.6921862959862,0,285.39339184761,0,0,0,0,0,6.70653533935547,0,0,0,2586.23452481627,0,2051.29671223462,152.263426035643,0,0,0
0,0,0,0,0,0,0,0,0,0,0,0,0,0,0,0,0,0,0,0,0,2759.25325088203,0,0,206.120647326112,0,203.37940633297,0,28.6870033740997,0,0,0,0,0.446178883314133,0,0,0,199.170120805502,1632.25905898213,0,0,0,0,0,0,0,0,2.06144461035728,190.495086155832,0,0,0,0,0,0.357549101114273,0,0,0,0,0,0,0,0,0,341.599592089653,12663.2381953746,0,68.6703016161919,0,201.780671194196,0,129.436206504703,0,0,0,0,0,7.76389530301094,0,0,21.0421717166901,1175.53627969325,1496.97207844257,20.5655925273895,1.75029753148556,0,0
0,17.141363337636,0,0,0,0,0,0,0,66.270189344883,0,0,0,0,0,0,0,0,0,0,0,370.248593777418,0,0,0,492.170107454062,0,0,0,0,0,0,0,0.999761283397675,0,0,0,198.065606415272,0.772358119487762,0,0,0,0,0,0,0,0,0.386318415403366,0,36.4873417317867,0,0,0,0,0,187.278042167425,0,0,0,0,0,0,0,0,346.509765952826,0,1744.23507454991,0,94.4201245307922,0,0,0,0,0,0,0,3.35226736217737,0,0,0,145.392216175795,0,570.770987987518,0,45.4124301671982,0,0
6.9838148355484,0,0,0,0,0,0,0,100.229628607631,0,0,0,0,0,0,0,0,0,0,0,0,0,206.120647326112,0,0,0,7.65099728107452,0,0,0,0,0,0,0,0,0,0,0,256.361866399646,0,0,0,0,0,0,0,0,0.160362511873245,174.826738789678,0,0,0,0,0,114.166977331042,0,0,0,0,0,0,0,0,0,0,194.12676127255,0,1534.4850590378,0,0,0,0,0,0,0,0,0,0.192709133028984,0,0,0,206.09814825654,195.523857563734,0,85.6266900599003,0,0
0,6.21738865971565,0,0,0,0,0,0,0,1.74285995960236,0,0,0,0,0,17.2145909070969,0,1,0,0,0,240.038916200399,0,492.170107454062,0,0,0,2.02139472961426,0,0,0,0,0,0,0,0,0,0,0,0,0,0,0,0,0,0,0,0,0,2.10183382034302,0,0,0,0,0,23.2474569380283,0,0,0,0,0,2,0,0,555.573248058558,0,190.412033230066,0,529.76276409626,0,70.9204690605402,0,0,0,0,0,0,0,0,0,0,0,308.201480805874,0,1.30989575386047,0,0
0,0,0,0,0,0,0,0,0,0,0,0,0,0,45.0938962697983,0,0,0,0,0,0,0,203.37940633297,0,7.65099728107452,0,0,0,0,0,0,0,0,0,0,0,0,0,0,0,0,0,0,0,0,0,0,0,0,0,0,0,0,0,0,0,0,0,0,0,3.28973382711411,0,0,0,0,0,0,10.2727527618408,0,268.578937828541,0,0,0,0,0,0,0,0,0,0,0,0,19.9929411411285,0,0,0,0
0,0,0,0,0,0,0,0,0,0,0,1.25675237178802,0,166.735471725464,0,0,0,0,0,0,0,492.767770856619,0,0,0,2.02139472961426,0,0,0,160.318684250116,0,0,0,0,0,0,0,343.339951455593,0,0,0,0,0,0,0,0,0,0,0,0,0,0,0,0,0,0,0,11.0182367563248,0,158.189811646938,0,0,0,0,386.674406319857,0,0,0,11.1441228687763,0,5277.86007991433,0,320.015727698803,0,0,0,0,0,0,0,246.320692837238,0,523.326315820217,107.88334017992,0,0,0
0,0,0,0,0,0,0,0,0,0,9.59760642051697,0,161.156667530537,0,0,0,0,0,0,0,0,0,28.6870033740997,0,0,0,0,0,0,0,663.71512119472,0,0,0,0,0,0,0,282.011116683483,0,0,0,0,0,0,0,0,0,0,0,0,0,0,0,0,0,6.77559566497803,0,225.976757645607,0,0,0,0,0,0,36.4680535048246,0,0,0,0,0,3957.88436798751,0,569.399246186018,0,0,0,0,0,0,0,342.807996124029,701.315874010324,344.081549942493,0,0,0
0,0,0,0,0,0,0,0,0,0,0,184.517749875784,0,2.22227644920349,0,0,0,0,0,0,0,0,0,0,0,0,0,160.318684250116,0,0,0,0,0,0,0,0,0,15.5193816423416,0,0,0,0,0,0,0,0,0,0,0,0,0,0,0,0,0,0,0,56.0889400243759,0,0,0,0,0,0,0,0,0,0,0,0,3.87758529186249,0,1618.75150042772,0,0,0,0,0,0,0,851.909120082855,0,260.127591967583,3.47519159317017,0,0,0
0,0,0,0,0,0,0,0,0,0,126.07762606442,0,0,0,0,0,0,0,0,0,0,0,0,0,0,0,0,0,663.71512119472,0,0,0,0,0,0,0,0,0,182.769116431475,0,0,0,0,0,0,0,0,0,0,0,0,0,0,0,0,0,15.6782827079296,0,0,0,0,0,0,0,0,0,0,0,0,0,0,48.8607767224312,0,706.661394193769,0,0,0,0,0,0,0,439.936471968889,104.300381451845,148.101704835892,0,0,0
0,0,0,0,0,0,0,0,0,0,0,0,0,0,0,0,0,0,0,0,0,0,0,0,0,0,0,0,0,0,0,0,3937.84916757047,45.349090769887,34.9971332252026,828.886865735054,121.337246358395,0,0,0,0,0,0,0,0,0,0,479.476642459631,0,0,0,0,0,0,0,0,0,0,0,0,0,0,0,0,0,0,0,0,0,0,0,0,0,0,1779.47125928104,2100.17998641729,84.6073458641768,39.4288777112961,1414.28242261708,99.8253960609436,0,0,816.901111155748,0,0,0,0
0,0,0,0,0,0,0,0,0,0,0,0,0,0,0,0,0,0,0,0,0,0,0,0,0,0,0,0,0,0,0,3937.84916757047,0,85.8439325094223,106.013953223825,234.331335812807,722.358532041311,0,0,0,0.415399551391602,0,0,0,0,0,0,1108.77050250769,2.49134081602097,0,0,0,0,0,0,0,0,0,0,0,0,0,0,0,0,0,0,0,0,0,0,0,0,0,2488.13708969951,3049.92855992913,14.5154977440834,147.008917570114,235.648810192943,1947.80609235168,0,0,1106.38993024826,0,0,0,0
0,1.57207331061363,0,0,0,0,0,0,0,34.3503794893622,0,0,0,0,0,0,0,0,0,0,0,56.0164233446121,0.446178883314133,0.999761283397675,0,0,0,0,0,0,0,45.349090769887,85.8439325094223,0,3858.74749943614,476.916195601225,91.1718218028545,604.505204722285,391.090279519558,0,0,72.14956266433,0,0,0,0,0,980.7061304003,5.3336578309536,0.845715403556824,0,0,0,0,0,16.0729500055313,0,0,0,0,0,0,0,0,17.4531731307507,0,5.53552153706551,0,0,0,0,0,0,0,147.543162330985,56.8650209605694,3209.27224557847,4646.014658086,338.493788868189,0.194632291793823,467.826435238123,186.185432657599,1418.99057476968,28.0801750719547,4.55924001336098,1.67461233586073,0
0,0,0,0,0,0,0,0,3.93441650271416,0,0,0,0,0,0,0,0,0,0,0,0,0,0,0,0,0,0,0,0,0,0,34.9971332252026,106.013953223825,3858.74749943614,0,29.6125575006008,540.822298705578,731.210115820169,215.674062728882,0,0,0,49.6537205725908,0,0,0,0,1028.69996841252,27.3206575512886,1.51038166880608,0,0,0,0,0,0,0,0,0,0,0,0,0,0,0,0,0,0,0,0,0,0,0,0,36.314247071743,55.30824264884,1074.98623336852,2075.01905417442,35.4131248891354,331.731670379639,221.04008603096,15.1793243661523,1771.19908857346,1.95139271020889,3.67674699425697,0,0
0,0,0,1.30304157733917,0,0.274342775344849,0,0,0,0,0,316.337808430195,0,0,0,0,0,0.136298775672913,0.76499730348587,897.415539488196,0,0,0,0,0,0,0,0,0,0,0,828.886865735054,234.331335812807,476.916195601225,29.6125575006008,0,5505.04194191098,1901.10900971293,0.702242732048035,39.2117970138788,4.13171100616455,18.4392978847027,0.424911707639694,0,0,82.9983478710055,0,36.1627510637045,23.3846401423216,65.2107213288546,0,0,0,0,0,0,0,0.533474326133728,0,0,0,0,812.58670321852,0,0,0,0,0,0,0,0,0,0,0,160.869573995471,117.807762920856,213.050817072392,4.2978800535202,27155.8283224478,1011.01048526168,155.379652142525,0,13872.4212715402,2880.3079662621,207.624660693109,0,0
0,0,1.85482221841812,0,7.13311719894409,0,6.45036673545837,0,0,0,592.045432239771,0,0,0,0,0,0.157598257064819,0,2.58215129375458,0,2353.09494758397,0,0,0,0,0,0,0,0,0,0,121.337246358395,722.358532041311,91.1718218028545,540.822298705578,5505.04194191098,0,0,2277.81366166472,0,39.9130758196115,0,12.6317891404033,0,0,0,39.6272329315543,214.760592341423,108.599100254476,17.0955135971308,0,0,0,0,0,0,54.1359882354736,0,0,0,0,0,0,1182.59645202011,0,0,0,0,0,0,0,0,0,0,12.6051553040743,183.157134413719,11.586452126503,165.900252118707,3490.42117702961,26662.9250319079,0,410.905421741307,10386.5237296298,2600.94459208846,267.638667806983,0,0.267120838165283
0,1.09504981338978,0,0,0,0,0,0,0,122.377878576517,0,612.718970566988,0,0,0,0,0,0,0.109853193163872,279.835319876671,0,1595.45714089274,199.170120805502,198.065606415272,0,0,0,343.339951455593,0,15.5193816423416,0,0,0,604.505204722285,731.210115820169,1901.10900971293,0,0,1300.05456405878,0,0,153.282789155841,0,0,0,0.16527584195137,0,2.7475026845932,0,1010.14832763374,0,0,0,0,0,78.4446690231562,0,22.8752620220184,0,0,0,0,28.2283924371004,0,728.026501625776,38.8872485458851,110.611928224564,0,0,0,32.2747089266777,0,23.8630281686783,0,0,0,943.201885931194,71.8179667592049,1853.99284602702,0,25649.4509656057,268.694127708673,6474.71626356244,494.425947397947,192.683271467686,1.83640319108963,0
0.979456499218941,0,0,0,0,0,0,0,197.882845729589,1.7646484375,1400.78050851822,0,0,0,0,0,0,0,0,0,765.769619122148,21.7442234754562,1632.25905898213,0.772358119487762,256.361866399646,0,0,0,282.011116683483,0,182.769116431475,0,0,391.090279519558,215.674062728882,0.702242732048035,2277.81366166472,1300.05456405878,0,0,0,2.09321308135986,184.244556516409,0,0,0,0,688.619073063135,1007.96958185732,0,0,0,0,0,38.6320758014917,0,229.19038054347,0,0,0,0,0,0,32.8364165276289,0,293.428294032812,0,67.7905830144882,0,0,0,30.0679954588413,0,18.8297961056232,0,0,18.8638401031494,263.876861542463,0.834027528762817,710.858339071274,261.705046892166,27022.1387184262,6246.11254864931,662.892256602645,227.819460391998,0,25.7384038567543
0,0,0,5.74600937217474,0,6.46393975615501,0,0,0,0,0,0.350363627076149,0,0,0,0,40.8728649765253,91.0759517252445,715.914691507816,4.97540709376335,0,0,0,0,0,0,0,0,0,0,0,0,0,0,0,39.2117970138788,0,0,0,0,4.12198083847761,1141.87652359903,28.8591367602348,93.5150474309921,0,368.096487544477,11.7472314089537,7.1145508736372,4.40469993650913,503.558587238193,0,0,0,0,0,0,0,27.3951681405306,0,0,0,0,615.370856910944,4.91305303573608,0,0,0,0,0,0,0,0,4.40149515867233,0,0,0,0,0,1720.1791851148,10.0820604488254,68.4153025597334,0,173.84910403192,0,1355.81427203119,109.400217369199,2.0771986246109
0.157212868332863,0,16.70868832618,0,9.76363518834114,0,0,0,0.151993334293365,0,0,0,0,0,0,0,45.6793428659439,38.7482789307833,534.391868203878,0,4.71441332995892,0,0,0,0,0,0,0,0,0,0,0,0.415399551391602,0,0,4.13171100616455,39.9130758196115,0,0,4.12198083847761,0,23.8353312313557,939.735119193792,0,12.4762507975101,3.79356959462166,324.091121219099,32.6840790435672,307.130368158221,2.96742005646229,0,0,0,0,0.205055564641953,0,9.35749782621861,0.941453158855438,0,0,0,0,0.734611742198467,475.646439306438,0,0,0,0,0,0,0,0,0.652030050754547,0,0,0,0,0,3.02108383178711,768.451135762036,0.651964485645294,118.535135351121,151.327619850636,3.63853067904711,975.634252771735,3.99392001330853,78.0753988921642
0,64.5035615265369,0,180.043098308146,0,33.257812872529,0,0,0,10.0784054100513,0,5.01510740816593,0,0,0,0,76.0534547716379,229.043070279062,1306.6097169742,26.2486738339067,0,0,0,0,0,0,0,0,0,0,0,0,0,72.14956266433,0,18.4392978847027,0,153.282789155841,2.09321308135986,1141.87652359903,23.8353312313557,0,361.051153689623,36.2303547412157,0.829213351011276,82.4977281913161,15.2978242337704,59.4290568977594,8.86044974625111,276.103847138584,0,0,0,0,0,0.255868554115295,0.934216141700745,1575.28635254502,0,0,0,0,612.270626619458,2.95629321783781,0,0,0,0,0,0,0,0,356.900114372373,0.141373187303543,0,0,22.617345251143,0,1693.84434375912,38.3622595667839,321.416043229401,1.25588326156139,845.746528960764,0.419434636831284,4265.61056943983,880.052554294467,3.4915788769722
73.1810884326696,0,123.110539197922,0.166173323988914,14.0274381935596,0,0,0,11.352618560195,0,0,0,0,0,0,0,152.117715291679,114.542800799012,1470.98427608609,0.200260370969772,1.01083624362946,0,0,0,0,0,0,0,0,0,0,0,0,0,49.6537205725908,0.424911707639694,12.6317891404033,0,184.244556516409,28.8591367602348,939.735119193792,361.051153689623,0,0.330230712890625,22.289523281157,5.96853210031986,209.724574141204,44.1525376215577,336.151348561049,12.8090923130512,0,0,0,0,2.3481408059597,0,487.291782170534,5.00430561602116,9.81412506103516,0,1.6364181637764,0,3.14732053130865,540.771875552833,0,0,0,0,0,0,0,0,0.347114235162735,28.3229277282953,0,0,0,29.3779503405094,28.9074553474784,1796.78203075379,7.51110416650772,173.448934614658,999.496877007186,7.16294385492802,6127.58037798107,23.2227572649717,1043.97820656747
0,0,0,0,0,0,0,0,0,0,0,0,0,0,0,0,2.01152056455612,10.2419222891331,39.241533562541,0,0,0,0,0,0,0,0,0,0,0,0,0,0,0,0,0,0,0,0,93.5150474309921,0,36.2303547412157,0.330230712890625,0,0,9.49853499233723,0.209435239434242,0,0,3.17624878883362,0,0,0,0,0,0,0,3.70514278113842,0,0,0,0,5.23702152073383,3.37697565555573,0,0,0,0,0,0,0,0,0,0,0,0,0,0,43.9071445092559,1.11584302783012,2.58990162611008,0,9.62574200332165,0,82.666532471776,3.06442688405514,0
0,0,0,0,0,0,0,0,0,0,0,0,0,0,0,0,0.944382101297379,6.94115775823593,58.9130738377571,0,0,0,0,0,0,0,0,0,0,0,0,0,0,0,0,0,0,0,0,0,12.4762507975101,0.829213351011276,22.289523281157,0,0,0,14.0085586756468,0,0,0,0,0,0,0,0,0,1.70948129892349,0,0,0,0,0,0,6.64024332165718,0,0,0,0,0,0,0,0,0,0,0,0,0,0,2.4287696480751,48.3192744106054,0,0.21151177585125,7.25436666607857,0,46.3999331220984,0,0.779461830854416
0,0.74132913351059,0,28.3962594345212,0,0.891084775328636,0,0,0,0,0,5.17669975757599,0,0,0,0,6.92950560152531,29.0611928924918,237.588963992894,6.33826504647732,0,0,0,0,0,0,0,0,0,0,0,0,0,0,0,82.9983478710055,0,0.16527584195137,0,368.096487544477,3.79356959462166,82.4977281913161,5.96853210031986,9.49853499233723,0,0,8.15389035642147,0.9438506513834,6.3203656822443,57.7317732647061,0,0,0,0,0,0,2.01851677894592,62.9116327762604,0,0,0,0,349.451576024294,12.0016050934792,0,0,0,0,0,0,0,0,11.3728883415461,0,0,0,0,0,718.498201832175,8.42222657799721,20.922961756587,0,55.9165653139353,0,809.223183229566,6.79125875234604,0.105458587408066
5.88004039227962,0,65.2379291057587,0,24.4018393009901,0,0,0,1.79817402362823,0,0,0,0,0,0,0,47.4349114373326,55.5454718992114,628.520183257759,0,13.4729856103659,0,0,0,0,0,0,0,0,0,0,0,0,0,0,0,39.6272329315543,0,0,11.7472314089537,324.091121219099,15.2978242337704,209.724574141204,0.209435239434242,14.0085586756468,8.15389035642147,0,4.2227370813489,42.6103072613478,3.41000179201365,0,0,0,0,5.10356140136719,0,11.4653003364801,0.295020997524261,4.80263364315033,0,0,0,7.71686813980341,781.166769869626,0,0,0,0,0,0,0,0,0.139969319105148,0,0,0,0,0,9.37023515999317,1328.06253445894,4.2861515879631,10.5404181182384,191.730042435229,3.46873813867569,939.950559437275,0.217945277690887,6.78684286773205
0.224962815642357,2.50729919970036,0.364903405308723,0,0,0.164820849895477,0,0,0,7.56341558694839,0,0,0,0,0,0,0,0,0.316723316907883,0.312856405973434,1.11494447290897,0,2.06144461035728,0.386318415403366,0.160362511873245,0,0,0,0,0,0,479.476642459631,1108.77050250769,980.7061304003,1028.69996841252,36.1627510637045,214.760592341423,2.7475026845932,688.619073063135,7.1145508736372,32.6840790435672,59.4290568977594,44.1525376215577,0,0,0.9438506513834,4.2227370813489,0,1645.67364911735,1025.11514016986,0,0,0,0,0,0.669729501008987,0.469539254903793,0,0,0,0,0,0.934610188007355,8.44546046108007,0,0,0,0.23739118874073,0,0,0,0,0,0.47972446680069,3232.73771286011,2256.48892968893,2044.41984362155,1680.84004028141,1410.94829717278,1314.54412052035,40.3316275030375,907.50251237303,471.991092599928,0,488.04905757308,1.11766372621059,0.321887850761414
392.772868454456,0,27.7064883634448,3.07573914527893,10.0061893463135,1.57617127895355,0,0,36.8751564025879,0,0,0,0,0,0,0,2.99854607880116,2.30684113502502,23.677307754755,2.10744582116604,5.69916050136089,0,190.495086155832,0,174.826738789678,0,0,0,0,0,0,0,2.49134081602097,5.3336578309536,27.3206575512886,23.3846401423216,108.599100254476,0,1007.96958185732,4.40469993650913,307.130368158221,8.86044974625111,336.151348561049,0,0,6.3203656822443,42.6103072613478,1645.67364911735,0,347.279460556805,0,0,0,0,54.7210403084755,0,2.84825133532286,0,16.8587186336517,0,21.4415290206671,0,5.22256438434124,83.8717103153467,0,224.258882910013,0,85.2030170857906,0,16.454037591815,0,32.2986603677273,0,0.350108958780766,1.24719978868961,0,81.6323101893067,2.53083015978336,17.0073575824499,302.38425437361,1.42337441444397,1069.9447952956,447.578818559647,1.82413601130247,1590.79644994438,0.215838521718979,2.63217528164387
0.501440644264221,944.469945624471,0.535914331674576,51.5500615239143,0,0.642460882663727,0,0,0,13.7934828698635,0,0,0,0,0,3.2430328130722,0.167554050683975,1.730702906847,12.322861507535,9.74886544048786,0.921330384910107,51.4280063658953,0,36.4873417317867,0,2.10183382034302,0,0,0,0,0,0,0,0.845715403556824,1.51038166880608,65.2107213288546,17.0955135971308,1010.14832763374,0,503.558587238193,2.96742005646229,276.103847138584,12.8090923130512,3.17624878883362,0,57.7317732647061,3.41000179201365,1025.11514016986,347.279460556805,0,0,0,0,0,0,9.66216312348843,0.119240939617157,24.6781060546637,0,0,0,27.2384526431561,32.3349053710699,6.25197637826204,0.701076865196228,0,77.3061407208443,0,1.83289659023285,0,31.2691156566143,0,76.4606262594461,0,4.18665988743305,0,2.63269385695457,20.7818586751819,451.827735960484,1.61080475151539,636.904397860169,15.242362998426,436.988252364099,0,2194.05746915191,0.683058872818947,0.207469299435616
0,0,5.99591815471649,0,83.1065581440926,0,0,0,6.84203690290451,0,1.66268694400787,0,0,0,0,0,0,0,0,0,3.29178881645203,0,0,0,0,0,0,0,0,0,0,0,0,0,0,0,0,0,0,0,0,0,0,0,0,0,0,0,0,0,0,0,1,0,81.5216380953789,0,0,0,0,0,0,0,0,0,0,0,0,0,0,0,0,0,0,0,0,0,0,0,0,0,0,0,72.7653086185455,0,0,0,0
0,1.11212575435638,0,0.74472177028656,0,20.1727032363415,0,0,0,0,0,7.15106046199799,0,0,0,2.36807584762573,0,0,0,58.5611301660538,0,0,0,0,0,0,0,0,0,0,0,0,0,0,0,0,0,0,0,0,0,0,0,0,0,0,0,0,0,0,0,0,0,0,0,0,0,50.2173793911934,0,0,0,0,0.33076024055481,0,0,0,0,0,0,0,0,0,0,0,0,0,0,0,0,0,0,0,0.167467013001442,0,41.0927115082741,0,0
0,0,0,0,0,0,10.8030099868774,0,0,0,12.4662394523621,0,5.65829372406006,0,0,0,0,0,0,0,3.73581790924072,0,0,0,0,0,0,0,0,0,0,0,0,0,0,0,0,0,0,0,0,0,0,0,0,0,0,0,0,0,1,0,0,0,0,0,0,0,0,0,0,0,0,0,0,0,0,0,0,0,0,0,0,0,0,0,0,0,0,0,0,0,118.47852230072,0,0,0,0
0,0,0,0,0,0,0,15.0930292308331,0,0,0,3.86129599809647,0,0,0,0,0,0,0,0,0,0,0,0,0,0,0,0,0,0,0,0,0,0,0,0,0,0,0,0,0,0,0,0,0,0,0,0,0,0,0,0,0,0,0,0,0,0,0,0,0,0,0,0,0,0,0,0,0,0,0,0,0,0,0,0,0,0,0,0,0,0,272.935079723597,0,0,0,0
146.547893762589,0,87.3336505740881,0,21.1954273581505,0,0,0,1162.52335347235,0,0,0,5.36590981483459,0,359.202594101429,0,0,0,0,0,0,0,0.357549101114273,0,114.166977331042,0,0,0,0,0,0,0,0,0,0,0,0,0,38.6320758014917,0,0.205055564641953,0,2.3481408059597,0,0,0,5.10356140136719,0,54.7210403084755,0,81.5216380953789,0,0,0,0,0,0.982072591781616,0,14.2223007082939,0,44.5284509658813,0,0,0.541594624519348,0,0,0,38.3345950841904,0,0,0,0,0,0,0,0,0,0,0,6.10449400544167,0,30.1689426451921,82.3775787055492,11.2763042449951,116.020988032222,0,0
0,256.581337153912,0,0,0,18.1272030770779,0,0,0,604.208866402507,0,0,0,0,0,336.249939978123,0,0,0,0,0,0,0,187.278042167425,0,23.2474569380283,0,0,0,0,0,0,0,16.0729500055313,0,0,0,78.4446690231562,0,0,0,0.255868554115295,0,0,0,0,0,0.669729501008987,0,9.66216312348843,0,0,0,0,0,0,0,0,0,0,0,262.090032398701,0,0,0,0,49.5620450079441,0,0,0,0,0,0,0,0,0,10.9093590527773,0,0,0,44.4659314006567,0,101.588129863143,0,1.50289615988731,0,0
0.704916268587112,0,40.7331351339817,0,0.408729270100594,0,3.49816060066223,0,2.26379035413265,0,2171.37710663676,0,509.562601327896,0,0,0,0.748690083622932,0.413543969392776,26.1709890216589,0,118.193091511726,0,0,0,0,0,0,0,6.77559566497803,0,15.6782827079296,0,0,0,0,0,54.1359882354736,0,229.19038054347,0,9.35749782621861,0.934216141700745,487.291782170534,0,1.70948129892349,2.01851677894592,11.4653003364801,0.469539254903793,2.84825133532286,0.119240939617157,0,0,0,0,0.982072591781616,0,0,0,39.0424389243126,0,0,0,0,258.35685877502,0,0,0,0,0,0,0,3.08296060562134,0,104.055191338062,0,0,0,0,0.476791530847549,13.1951449215412,0,50.9541100412607,899.245205447078,112.978605747223,668.559855207801,0,90.2103484272957
0,0,0,81.0554295703769,0,15.3531211018562,0,0,0,0,0,3716.56941445172,0,1164.49774241447,0,0,3.43287688493729,8.67251865565777,81.6834058463573,108.2179428339,0,0,0,0,0,0,0,11.0182367563248,0,56.0889400243759,0,0,0,0,0,0.533474326133728,0,22.8752620220184,0,27.3951681405306,0.941453158855438,1575.28635254502,5.00430561602116,3.70514278113842,0,62.9116327762604,0.295020997524261,0,0,24.6781060546637,0,50.2173793911934,0,0,0,0,0,0,0,0,0,0,646.471191912889,0,0,0,0,0,0,0,0,0,225.245003953576,0,0,0,0,0,21.4520912393928,2.82064567506313,35.7487821429968,0,286.624251060188,0,875.937046989799,102.937316045165,0.559915721416473
40.43675519526,0,64.4864031970501,0,0,0,0,0,19.5370011180639,0,226.328063637018,0,721.331740140915,0,186.261402487755,0,0,0,1.30386424064636,0,0,0,0,0,0,0,0,0,225.976757645607,0,0,0,0,0,0,0,0,0,0,0,0,0,9.81412506103516,0,0,0,4.80263364315033,0,16.8587186336517,0,0,0,0,0,14.2223007082939,0,39.0424389243126,0,0,0,24.042108297348,0,0,3.76614600419998,0,0,0,0,0,0,0,8.04045081138611,0,0,0,0,0,0,0,4.68060174584389,0,0,1065.57381115854,737.656951487064,37.1701091974974,0,0.717169716954231
0,0,0,3.77156978845596,0,0,0,24.9653940200806,0,0,0,7.05631595849991,0,1446.95033746958,0,366.550367712975,0,0,0,0,0,0,0,0,0,0,0,158.189811646938,0,0,0,0,0,0,0,0,0,0,0,0,0,0,0,0,0,0,0,0,0,0,0,0,0,0,0,0,0,0,0,0,0,593.392437189817,0,0,0,0,0,0,0,0,33.8764785528183,0,0,0,0,0,0,0,0,0,0,0,845.240949571133,2.05911564826965,1.21142789721489,0,0
34.5451486557722,0,10.8417299389839,0,0,0,0,0,36.9123120009899,0,0,0,83.2868074178696,0,185.936442792416,0,0,0,0,0,0,0,0,0,0,0,3.28973382711411,0,0,0,0,0,0,0,0,0,0,0,0,0,0,0,1.6364181637764,0,0,0,0,0,21.4415290206671,0,0,0,0,0,44.5284509658813,0,0,0,24.042108297348,0,0,0,0,0,0,0,0,0,0,34.1843158602715,0,0.858159065246582,0,0,0,0,0,0,0,2.0386004447937,0,0,17.8027322292328,0,3.37092351913452,0,0
0,57.8985742926598,0,0,0,0,0,0,0,109.048875689507,0,0,0,18.8960217833519,0,677.651601105928,0,0,0,0,0,0,0,0,0,2,0,0,0,0,0,0,0,0,0,0,0,0,0,0,0,0,0,0,0,0,0,0,0,27.2384526431561,0,0,0,0,0,262.090032398701,0,0,0,593.392437189817,0,0,0,0,0,0,0,0,0,0,0,0,0,0,0,0,0,0,0,0,0,0,109.895798683167,0,0,0,0
0,1.13213574886322,0,31.7363148927689,0,11.7413773536682,0,0,0,0,0,359.619863197207,0,0,0,0,6.27317047119141,12.0469293668866,77.7974628955126,999.18572306633,0,0,0,0,0,0,0,0,0,0,0,0,0,0,0,812.58670321852,0,28.2283924371004,0,615.370856910944,0.734611742198467,612.270626619458,3.14732053130865,5.23702152073383,0,349.451576024294,7.71686813980341,0.934610188007355,5.22256438434124,32.3349053710699,0,0.33076024055481,0,0,0,0,0,646.471191912889,0,0,0,0,0,11.955559194088,0,0,0,0,0,0,0,0,104.079196542501,0,0,0,0,0,2710.09177743644,6.80681195855141,553.259512931108,0,244.846042178571,0,919.181960098445,14.6349574252963,0.19965273141861
1.87464433908463,0,55.6177453845739,0,4.24654173851013,0,4.0786828994751,0,7.28016948699951,0,95.8637512177229,0,0,0,0,0,10.6303837448359,7.01321419328451,95.8306553810835,0,532.628537133336,0,0,0,0,0,0,0,0,0,0,0,0,0,0,0,1182.59645202011,0,32.8364165276289,4.91305303573608,475.646439306438,2.95629321783781,540.771875552833,3.37697565555573,6.64024332165718,12.0016050934792,781.166769869626,8.44546046108007,83.8717103153467,6.25197637826204,0,0,0,0,0.541594624519348,0,258.35685877502,0,3.76614600419998,0,0,0,11.955559194088,0,0,0,0,0,0,0,0,0,0,6.73988512158394,0,0,0,0,2.32573913037777,3169.46156925708,0,398.021021269262,411.310230240226,42.1084597781301,1483.85998757929,1.79400481283665,28.0823250412941
0,0,0,0,0,0,0,0,0,0,0,0,0,0,0,0,0,0,0,0,0,11499.1523749381,341.599592089653,346.509765952826,0,555.573248058558,0,386.674406319857,0,0,0,0,0,17.4531731307507,0,0,0,728.026501625776,0,0,0,0,0,0,0,0,0,0,0,0.701076865196228,0,0,0,0,0,0,0,0,0,0,0,0,0,0,0,6.69787469506264,181.522411078215,0,3.2695050239563,0,59.2979382276535,0,0,0,0,0,0,0,0,0,152.232333928347,0,1002.82543629408,171.165607094765,0,0,0
0,0,0,0,0,0,0,0,0,0,0,0,0,0,0,0,0,0,0,0,0,453.322042882442,12663.2381953746,0,194.12676127255,0,0,0,36.4680535048246,0,0,0,0,0,0,0,0,38.8872485458851,293.428294032812,0,0,0,0,0,0,0,0,0,224.258882910013,0,0,0,0,0,0,0,0,0,0,0,0,0,0,0,6.69787469506264,0,0,129.219927042723,0,126.008293971419,0,152.265476956964,0,0,0,0,1.12190103530884,2.43592515587807,0,0,2.54245552420616,151.681044533849,678.633254244924,6.54091423749924,0,0,0
0,95.0928130596876,0,0,0,0,0,0,0,39.9910553693771,0,0,0,0,0,0,0,0,0,0,0,220.060599625111,0,1744.23507454991,0,190.412033230066,0,0,0,0,0,0,0,5.53552153706551,0,0,0,110.611928224564,0,0,0,0,0,0,0,0,0,0,0,77.3061407208443,0,0,0,0,0,49.5620450079441,0,0,0,0,0,0,0,0,181.522411078215,0,0,0,1.52276280522346,0,0,0,0,0,0,0,10.0595455020666,0,0,0,153.506534732878,0,35.046568185091,0,94.7626160681248,0,0
5.18585348129272,0,0,0,0,0,0,0,22.3797921836376,0,0,0,0,0,0,0,0,0,0,0,0,0,68.6703016161919,0,1534.4850590378,0,10.2727527618408,0,0,0,0,0,0,0,0,0,0,0,67.7905830144882,0,0,0,0,0,0,0,0,0.23739118874073,85.2030170857906,0,0,0,0,0,38.3345950841904,0,0,0,0,0,0,0,0,0,0,129.219927042723,0,0,0,18.9072293639183,0,0.946795910596848,0,0,0,0,0,0,0,0,0,57.5140746533871,368.957359567285,0,110.667713806033,0,0
0,0,0,0,0,0,0,0,0,0,0,0,0,0,0,71.0431780815125,0,0,0,0,0,48.6921862959862,0,94.4201245307922,0,529.76276409626,0,11.1441228687763,0,0,0,0,0,0,0,0,0,0,0,0,0,0,0,0,0,0,0,0,0,1.83289659023285,0,0,0,0,0,0,0,0,0,0,0,0,0,0,3.2695050239563,0,1.52276280522346,0,0,0,333.407109484076,0,0,0,0,0,0,0,0,0,0,0,71.7670878171921,0,1.99914008378983,0,0
0,0,0,0,0,0,0,0,0,0,0,0,0,0,53.1965243518353,0,0,0,0,0,0,0,201.780671194196,0,0,0,268.578937828541,0,0,0,0,0,0,0,0,0,0,0,0,0,0,0,0,0,0,0,0,0,16.454037591815,0,0,0,0,0,0,0,0,0,0,0,34.1843158602715,0,0,0,0,126.008293971419,0,18.9072293639183,0,0,0,17.1461862921715,0,0,0,0,0,0,0,0,0,0,130.520446777344,0,0,0,0
0,0,0,0,0,0,0,0,0,0,0,0,0,86.8840553164482,0,0,0,0,0,0,0,285.39339184761,0,0,0,70.9204690605402,0,5277.86007991433,0,3.87758529186249,0,0,0,0,0,0,0,32.2747089266777,0,0,0,0,0,0,0,0,0,0,0,31.2691156566143,0,0,0,0,0,0,0,0,0,33.8764785528183,0,0,0,0,59.2979382276535,0,0,0,333.407109484076,0,0,0,205.243248790503,0,0,0,0,0,0,0,365.324388921261,0,545.013449728489,245.021148681641,0,0,0
0,0,0,0,0,0,0,0,0,0,9.25500619411469,0,27.3086589574814,0,2.38199263811111,0,0,0,0,0,0,0,129.436206504703,0,0,0,0,0,3957.88436798751,0,48.8607767224312,0,0,0,0,0,0,0,30.0679954588413,0,0,0,0,0,0,0,0,0,32.2986603677273,0,0,0,0,0,0,0,3.08296060562134,0,8.04045081138611,0,0.858159065246582,0,0,0,0,152.265476956964,0,0.946795910596848,0,17.1461862921715,0,0,0,6.12766736745834,0,0,0,0,0,0,0,231.338249281049,1044.22718922794,1085.66425389051,0,0,0
0,0,0,7.30722644925117,0,0.603848710656166,0,0,0,0,0,582.845232918859,0,2.2485556602478,0,0,1.18737642467022,3.29933033883572,33.3067463189363,7.47800016403198,0,0,0,0,0,0,0,320.015727698803,0,1618.75150042772,0,0,0,0,0,0,0,23.8630281686783,0,4.40149515867233,0.652030050754547,356.900114372373,0.347114235162735,0,0,11.3728883415461,0.139969319105148,0,0,76.4606262594461,0,0,0,0,0,0,0,225.245003953576,0,0,0,0,104.079196542501,0,0,0,0,0,0,0,205.243248790503,0,0,0,0,0,0,0,3.30018246173859,0,208.053140684962,0,179.339572958648,13.9831984043121,220.317300833762,13.3634245246649,0
0.498036950826645,0,0,0,0,0,0,0,0,0,20.8516485095024,0,0,0,0,0,0,0,0,0,0,0,0,0,0,0,0,0,569.399246186018,0,706.661394193769,0,0,0,0,0,0,0,18.8297961056232,0,0,0.141373187303543,28.3229277282953,0,0,0,0,0.47972446680069,0.350108958780766,0,0,0,0,0,0,0,104.055191338062,0,0,0,0,0,0,6.73988512158394,0,0,0,0,0,0,0,6.12766736745834,0,0,0,0,0,0,0,0.147903949022293,0,150.536075994372,100.183566197753,7.53102970123291,18.5993675887585,0,8.98553287982941
0,0,0,0,0,0,0,0,0,0,0,0,0,0,0,0,0,0,0,0,0,0,0,0,0,0,0,0,0,0,0,1779.47125928104,2488.13708969951,147.543162330985,36.314247071743,160.869573995471,12.6051553040743,0,0,0,0,0,0,0,0,0,0,3232.73771286011,1.24719978868961,4.18665988743305,0,0,0,0,0,0,0,0,0,0,0,0,0,0,0,0,0,0,0,0,0,0,0,0,0,4152.72086073458,123.032821893692,48.4960203170776,887.586422547698,89.6616898477077,0.17275182902813,0,599.992880359292,0,0,0,0
0,0,0,0,0,0,0,0,0,0,0,0,0,0,0,0,0,0,0,0,0,0,0,0,0,0,0,0,0,0,0,2100.17998641729,3049.92855992913,56.8650209605694,55.30824264884,117.807762920856,183.157134413719,0,0,0,0,0,0,0,0,0,0,2256.48892968893,0,0,0,0,0,0,0,0,0,0,0,0,0,0,0,0,0,0,0,0,0,0,0,0,0,0,4152.72086073458,0,50.4631689190865,284.967390522361,107.01478946209,931.699957132339,0,0,836.118168205023,0,0,0,0
0,1.91527695208788,0,0,0,0,0,0,0,25.6739583164454,0,0,0,0,0,0,0,0,0,0,0,6.70653533935547,0,3.35226736217737,0,0,0,0,0,0,0,84.6073458641768,14.5154977440834,3209.27224557847,1074.98623336852,213.050817072392,11.586452126503,943.201885931194,18.8638401031494,0,0,22.617345251143,0,0,0,0,0,2044.41984362155,81.6323101893067,2.63269385695457,0,0,0,0,0,10.9093590527773,0,0,0,0,0,0,0,0,0,1.12190103530884,10.0595455020666,0,0,0,0,0,0,0,123.032821893692,50.4631689190865,0,2508.33619873971,68.0472230911255,0,357.120268933475,122.238875031471,485.685868546367,24.3514470458031,9.49475634098053,1.35748758167028,0
0,0,0,0,0,0,0,0,8.90594775974751,0,0,0,0,0,0,0,0,0,0,0,0,0,7.76389530301094,0,0.192709133028984,0,0,0,0,0,0,39.4288777112961,147.008917570114,4646.014658086,2075.01905417442,4.2978800535202,165.900252118707,71.8179667592049,263.876861542463,0,0,0,29.3779503405094,0,0,0,0,1680.84004028141,2.53083015978336,20.7818586751819,0,0,0,0,0,0,0,0,0,0,0,0,0,0,0,2.43592515587807,0,0,0,0,0,0,0,0,48.4960203170776,284.967390522361,2508.33619873971,0,10.8966109752655,183.024835243821,22.1302977502346,111.992022961378,789.691143237054,6.52003952860832,4.60578341782093,0,0.125705868005753
0,0.85813844203949,0,13.4476143345237,0,2.91188013553619,0,0,0,0,0,797.102185130119,0,0,0,0,45.7524012029171,93.9732484817505,877.473340429366,2685.48686410487,0,0,0,0,0,0,0,0,0,0,0,1414.28242261708,235.648810192943,338.493788868189,35.4131248891354,27155.8283224478,3490.42117702961,1853.99284602702,0.834027528762817,1720.1791851148,3.02108383178711,1693.84434375912,28.9074553474784,43.9071445092559,2.4287696480751,718.498201832175,9.37023515999317,1410.94829717278,17.0073575824499,451.827735960484,0,0,0,0,0,0,0.476791530847549,21.4520912393928,0,0,0,0,2710.09177743644,2.32573913037777,0,0,0,0,0,0,0,0,3.30018246173859,0,887.586422547698,107.01478946209,68.0472230911255,10.8966109752655,0,685.812059469521,456.763684727252,0,10619.3122429326,618.746714040637,1935.84036181122,204.816900454462,4.0841878503561
