0,0,4.81468475781954,0,0,0,0,0,4.0054201798097,0,0,0,0,0,0,0,43.062126159668,0,16.0146204864278,0,0,0,0,0,0,0,0,0,0,0,0,0,0,0,0,0,0,0,0,0,0,0,12.7811195509774,0,0,0,22.1406440734863,0,9.20742001316764,0,0,0,0,0,5.04066248244891,0,0,0,0,0,5.14240266921672,0,0,33.068021774292,0,0,0,0,0,0,0,0,0,0,0,0,0,0,63.2374649047852,47.4228096008301,0,0,5.68768260636172,0,10.8063246273674,0,0
0,0,0,5.47284009721544,0,0,0,0,0,4.1276980468205,0,0,0,0,0,0,0,0,19.1079324025374,0,0,0,0,0,0,0,0,0,0,0,0,0,0,0,0,50.259880065918,0,0,0,32.1517702738444,0,14.6107726097107,0,0,0,19.0718250274658,0,0,0,5.22264902451459,0,0,0,0,0,4.27907622944225,0,20.5773029327393,0,0,0,6.16854524612427,0,0,0,0,0,0,0,0,0,0,24.2059445381165,0,0,0,0,0,45.9754577636719,0,34.4115724563599,0,7.94400906903403,0,11.8422353943189,0,0
4.81468475781954,0,0,0,14.9326028823853,0,0,0,6.78582832926796,0,0,0,0,0,0,0,0,0,30.7386911937169,0,15.3291964530945,0,0,0,0,0,0,0,0,0,0,0,0,0,0,0,0,0,58.2971878051758,0,57.2786521911621,0,22.1514866962906,0,0,0,56.7795562744141,50.1780471801758,9.40673685073853,0,6.98789963989614,0,0,0,12.2181418482463,0,23.9852467785197,0,4.89009569485982,0,3.65601763725281,0,0,39.9427375793457,0,0,0,0,0,0,0,30.8679801395961,0,27.6357682668246,0,0,0,0,0,46.4365086555481,0,38.7979465060764,18.8909068604694,29.1228202819824,16.4582289742546,0,16.1905034780502
0,5.47284009721544,0,0,0,10.2553466320038,0,0,0,3.93602373259408,0,0,0,0,0,0,0,0,38.1433465140206,0,0,0,0,0,0,0,0,0,0,0,0,0,0,0,0,17.3086387634277,0,0,0,39.229090584649,0,26.4013731846443,0,0,0,21.8190576553345,0,41.4104099273682,0,14.1187863447895,0,7.30153192058811,0,0,0,3.16808201869329,0,25.0811277447325,0,3.38042545318604,0,5.75359481573105,35.1890985488892,0,0,0,0,0,0,0,31.7965717315674,0,28.8835266308907,0,0,0,0,0,46.6826945543289,0,36.2654510366506,0,20.7218119407046,27.4506564670139,16.0008924300725,20.7876028060913,0
0,0,14.9326028823853,0,0,0,2.87476714452108,0,3.80371652898334,0,0,0,0,0,3.11596137285233,0,0,0,0,0,5.23915284976625,0,0,0,0,0,0,0,0,0,0,0,0,0,0,0,20.866769472758,0,0,0,0,0,36.1801751454671,0,0,0,48.548397064209,48.2966537475586,0,0,5.81538172218743,0,0,0,5.36409769058228,0,18.2336974143982,0,0,0,7.73976522997806,0,0,4.94205380931045,0,0,0,0,0,0,0,0,0,38.7573585510254,0,0,0,0,0,25.0567560195923,0,0,22.6530945454874,39.5724067687988,14.941004191031,0,0
0,0,0,10.2553466320038,0,0,0,2.84716033935547,0,2.7514842748642,0,7.38885269165039,0,0,0,2.74624681472778,0,0,0,6.89774866808544,0,0,0,0,0,0,0,0,0,0,0,0,0,0,0,26.2146924336751,0,0,0,44.5941314697266,0,48.7203369140625,0,0,0,18.893702507019,0,51.3540733337402,45.5916442871094,41.6973955107898,0,4.00088180084156,0,3.62235307693481,0,3.04061043262482,0,13.6389767328898,0,0,0,0,7.1563173559579,0,0,0,0,0,0,0,0,0,36.4011262257894,0,0,0,0,0,44.9861475626628,0,38.9413223266602,0,4.8460973723262,33.3265762329102,25.7138189136982,0,0
0,0,0,0,2.87476714452108,0,0,0,0,0,2.74792790412903,0,2.90841216842333,0,0,0,0,0,0,0,3.42024157047272,0,0,0,0,0,0,0,0,0,0,0,0,0,0,0,0,0,0,0,0,0,0,0,0,0,0,0,0,0,4.72689950827396,0,4.1332790602499,0,0,0,4.7261528968811,0,3.14983307930731,0,0,0,0,7.50840462171114,0,0,0,0,0,0,0,0,0,0,0,0,0,0,0,0,0,0,2.94724607467651,0,0,0,0
0,0,0,0,0,2.84716033935547,0,0,0,0,0,5.33603976964951,0,3.17862546805179,0,0,0,0,0,0,0,0,0,0,0,0,0,0,0,0,0,0,0,0,0,0,0,0,0,0,0,0,0,0,0,0,0,0,0,0,0,3.18973114831107,0,3.8163824648678,0,0,0,3.3270194000668,0,3.86939823627472,0,0,0,0,0,0,0,0,0,0,0,0,0,0,0,0,0,0,0,0,0,0,4.03779971599579,0,0,0,0
4.0054201798097,0,6.78582832926796,0,3.80371652898334,0,0,0,0,0,0,0,0,0,2.91315469741821,0,6.78813689405268,0,0,0,0,0,0,0,3.67404617761311,0,0,0,0,0,0,0,0,0,0,0,27.4243793487549,0,7.69510128100713,0,0,0,17.4868564605713,0,0,0,0,0,4.34858620166779,0,3.50073011219501,0,0,0,4.49010825005949,0,23.7592839633717,0,10.2635358174642,0,5.28398327205492,0,0,0,0,0,0,6.73453080654144,0,0,0,39.254150390625,0,40.0330219268799,0,0,0,0,0,0,0,10.9530069849907,6.40541882170252,3.00686502456665,14.8816253476673,0,0
0,4.1276980468205,0,3.93602373259408,0,2.7514842748642,0,0,0,0,0,0,0,0,0,2.92698080916154,0,8.73529125452042,0,0,0,0,0,4.91264240645074,0,0,0,0,0,0,0,0,0,0,0,0,0,3.95886672536532,0,0,0,0,0,0,0,0,0,0,0,3.58793932657975,0,3.92736091186751,0,0,0,4.66078515619736,0,0,0,0,0,0,0,0,0,0,6.89361047744751,0,0,0,0,0,0,0,0,0,0,0,0,0,8.84422175089518,0,4.51837762696402,0,7.74966326554616,0,0
0,0,0,0,0,0,2.74792790412903,0,0,0,0,0,3.11438191242707,0,0,0,0,0,0,0,7.96041321186792,0,0,0,0,0,0,0,3.57701754570007,0,6.95593166351318,0,0,0,0,0,3.01803200585502,0,5.14959875742594,0,0,0,0,0,0,0,0,0,0,0,0,0,4.34754157066345,0,0,0,7.71568585074697,0,3.62390474113849,0,0,0,0,5.30609567496028,0,0,0,0,0,0,0,0,0,12.6600064252104,0,0,0,0,0,0,0,5.35270482252452,2.8202539285024,0,0,0,0
0,0,0,0,0,7.38885269165039,0,5.33603976964951,0,0,0,0,0,2.91398700784754,0,0,0,0,0,6.70148633677384,0,0,0,0,0,0,0,0,0,6.74148695396654,0,0,0,0,0,24.0598983764648,0,3.44523517218503,0,0,0,0,0,0,0,17.6235752105713,0,0,0,0,0,7.54937169686803,0,4.63877886533737,0,0,0,7.28664228563768,0,3.02089679007437,0,0,5.84094013743205,0,0,0,0,0,0,0,0,0,8.97381232766544,0,0,0,0,0,0,0,10.7970875346142,0,4.82941423677931,0,7.43521921201186,0,0
0,0,0,0,0,0,2.90841216842333,0,0,0,3.11438191242707,0,0,0,2.93884456157684,0,0,0,0,0,0,0,0,0,0,0,0,0,0,0,0,0,0,0,0,0,0,0,0,0,0,0,0,0,0,0,0,0,0,0,0,0,3.37805426120758,0,0,0,4.52626649538676,0,3.39318623890479,0,3.08277349472046,0,0,0,0,0,0,0,0,0,0,0,0,0,0,0,0,0,0,0,0,0,3.25812473297119,2.96577548980713,0,0,0
0,0,0,0,0,0,0,3.17862546805179,0,0,0,2.91398700784754,0,0,0,0,0,0,0,0,0,0,0,0,0,0,0,2.8356739282608,0,0,0,0,0,0,0,0,0,0,0,0,0,0,0,0,0,0,0,0,0,0,0,3.91791968760283,0,3.36780676576826,0,0,0,3.07671678584555,0,3.37398922195037,0,0,0,0,0,0,0,0,0,0,0,0,0,0,0,0,0,0,0,0,0,0,2.84791433811188,0,0,0,0
0,0,0,0,3.11596137285233,0,0,0,2.91315469741821,0,0,0,2.93884456157684,0,0,0,7.73874624196221,0,0,0,0,0,0,0,14.1001396179199,0,0,0,0,0,0,0,0,0,0,0,0,0,0,0,0,0,0,0,0,0,0,0,0,0,3.17064607143402,0,0,0,3.0111038684845,0,0,0,2.95556712150574,0,2.95439469814301,0,0,0,0,0,0,0,0,0,0,0,0,0,0,0,0,0,0,0,0,0,4.84633918978133,3.06245477540152,0,0,0
0,0,0,0,0,2.74624681472778,0,0,0,2.92698080916154,0,0,0,0,0,0,0,0,0,0,0,0,0,0,0,0,0,0,0,0,0,0,0,0,0,0,0,0,0,0,0,0,0,0,0,0,0,0,0,0,0,3.36572082837423,0,0,0,3.33855399631319,0,0,0,0,0,3.05854989352979,0,0,0,0,0,0,0,0,0,0,0,0,0,0,0,0,0,0,0,0,3.0742153485616,0,0,0,0
43.062126159668,0,0,0,0,0,0,0,6.78813689405268,0,0,0,0,0,7.73874624196221,0,0,22.6733834950748,25.1043559468932,0,0,33.4044828414917,4.65453595027589,34.4203173773629,6.6423757036527,0,5.5575407141346,0,10.9933501879374,0,0,0,0,0,0,114.150905609131,0,0,177.945190429688,71.5852424621582,80.8850463231405,63.9542834374212,64.8943910598755,68.3763191223145,48.9764385223389,65.218711159446,61.638072543674,0,0,82.6834754943848,0,0,0,0,0,0,73.467903137207,0,0,0,3.76095665991306,0,89.1769302368164,70.7796093622843,0,9.89092493057251,0,8.0726295198713,0,6.23597017696926,0,69.9353179931641,82.3319900512695,58.1786823272705,0,0,0,0,88.7762003045333,80.309773127238,83.4404932657878,91.6661605834961,13.3404998855262,7.8840714931488,64.7653718245657,60.1315908432007,51.1476554870605
0,0,0,0,0,0,0,0,0,8.73529125452042,0,0,0,0,0,0,22.6733834950748,0,26.6584200643437,0,0,5.10712474663352,0,17.0045378095602,0,5.63295015316565,41.2598826090495,0,0,0,0,0,0,0,0,111.599060058594,0,95.4364700317383,95.3316955566406,67.7869635189281,76.8154627482096,47.3249826961093,71.7880382537842,47.8606163024902,49.0095729827881,63.0612109257625,62.9091096605573,0,84.352783203125,58.6677045822144,0,0,0,0,0,6.76748275756836,45.433048248291,46.0684013366699,0,0,0,0,79.0941886901855,74.9685745239258,3.37348201058128,0,16.8383353279858,0,3.87324579556783,0,0,50.7143516540527,53.115102594549,0,0,0,0,0,80.7649218122536,76.2584234449598,67.572858025046,83.8290261162652,14.7743542855683,6.56796724161353,62.9329857012121,44.5182100931803,0
16.0146204864278,19.1079324025374,30.7386911937169,38.1433465140206,0,0,0,0,0,0,0,0,0,0,0,0,25.1043559468932,26.6584200643437,0,0,0,36.0078773498535,0,31.7804760566125,0,0,0,0,0,0,0,0,0,0,0,67.1948338317871,78.9504065195719,63.5128650665283,68.9154983096653,46.2223440389164,53.2864987365599,22.8871647750348,23.3260842749334,23.8455235237877,24.1348185647618,38.4706110416498,47.5027779498732,50.810474395752,56.9686028957367,43.6365446774465,0,0,0,0,0,0,40.8736133575439,29.1744412642259,0,0,0,0,58.2987233621103,62.014161046346,0,0,45.2184772491455,0,40.9214897155762,0,24.766471862793,37.7549976348877,32.1562971604,43.0033297616927,0,0,54.8839645385742,0,59.9685860366919,64.0171991091197,47.1096754103806,58.6377493475304,15.5070754811521,48.288249697004,36.5485016464711,22.0832987692621,25.1120031616905
0,0,0,0,0,6.89774866808544,0,0,0,0,0,6.70148633677384,0,0,0,0,0,0,0,0,0,0,0,0,0,0,0,0,0,0,0,0,0,0,0,4.93717973915177,0,14.3888650361229,0,0,0,49.2074928283691,0,0,0,9.06664562225342,0,44.8428761164347,0,32.5571802139282,0,4.87913356278394,0,0,0,0,0,8.48570589299472,0,0,0,0,3.88765231465706,0,0,0,0,0,0,0,0,0,11.1632356643677,0,0,0,0,0,10.2399833722652,0,14.7416163497501,0,18.8378465516227,0,34.756420249939,0,0
0,0,15.3291964530945,0,5.23915284976625,0,3.42024157047272,0,0,0,7.96041321186792,0,0,0,0,0,0,0,0,0,0,0,0,0,0,0,0,0,0,0,0,0,0,0,0,0,7.35435118390329,0,4.20027231513907,0,0,0,0,0,0,0,9.41207523345947,59.8677597045898,0,0,4.28372315565745,0,0,0,0,0,10.7861104986884,0,0,0,0,0,0,6.46618260749042,0,0,0,0,0,0,0,0,0,0,0,0,0,0,0,13.8988912087006,0,7.92372916255678,9.56513381540106,26.3870143890381,8.03383997842377,0,46.5886650085449
0,0,0,0,0,0,0,0,0,0,0,0,0,0,0,0,33.4044828414917,5.10712474663352,36.0078773498535,0,0,0,4.07078414774956,7.51883882567996,0,3.70704338961634,0,3.7630078792572,0,0,0,0,0,0,0,0,0,7.46154751607559,0,0,0,25.5395679473877,0,0,0,0,0,0,0,11.965454117684,0,0,0,0,0,0,0,37.8569590250651,0,0,0,0,35.7047004699707,0,5.64112260459804,2.7370548248291,7.59305396080017,0,16.5187833044264,0,13.7923828154019,0,17.9781345887618,0,0,0,0,0,0,0,6.66834275367763,0,4.4253643625545,4.36405655860901,23.2670490145683,0,0
0,0,0,0,0,0,0,0,0,0,0,0,0,0,0,0,4.65453595027589,0,0,0,0,4.07078414774956,0,0,7.44543348418342,0,0,0,3.59091272950172,0,0,0,0,0,0,0,0,0,5.04444674772719,0,0,0,68.7954864501953,0,0,0,0,50.6599979400635,7.78542247805102,0,0,0,0,0,0,0,0,0,0,0,0,0,0,0,5.82102472441537,5.59473934340686,0,8.20087705765452,0,16.5721885737251,0,8.45036784807841,0,0,0,0,0,0,0,0,0,5.78552521870831,5.08647810602267,3.61584169450014,24.5495953030056,0,0
0,0,0,0,0,0,0,0,0,4.91264240645074,0,0,0,0,0,0,34.4203173773629,17.0045378095602,31.7804760566125,0,0,7.51883882567996,0,0,0,4.1785982131958,0,0,0,0,0,0,0,0,0,0,0,4.6082082703,0,0,0,0,0,0,0,0,0,0,0,7.1122099672045,0,0,0,0,0,6.47794363896052,0,0,0,0,0,0,0,0,10.277197676736,0,4.20353198146063,0,6.82838129997253,0,0,0,0,0,0,0,0,0,0,0,4.97494695025883,0,8.43968503203935,0,9.19845076611167,0,0
0,0,0,0,0,0,0,0,3.67404617761311,0,0,0,0,0,14.1001396179199,0,6.6423757036527,0,0,0,0,0,7.44543348418342,0,0,0,2.73958873748779,0,0,0,0,0,0,0,0,0,0,0,5.07759520544935,0,0,0,30.1352331978934,0,0,0,0,18.9544013341268,6.56868085407075,0,0,0,0,0,4.35191624543884,0,0,0,0,0,0,0,0,0,0,6.07589080116966,0,4.42427827824246,0,2.89568662643433,0,0,0,0,0,0,0,0,0,0,0,5.60959902155697,12.77884271206,0,11.5755889415741,0,0
0,0,0,0,0,0,0,0,0,0,0,0,0,0,0,0,0,5.63295015316565,0,0,0,3.70704338961634,0,4.1785982131958,0,0,0,0,0,0,0,0,0,0,0,0,0,0,0,0,0,0,0,0,0,0,0,0,0,0,0,0,0,0,0,0,0,0,0,0,0,2.73729038238525,0,0,3.48232841491699,0,5.76570108687589,0,2.9414936883109,0,0,0,0,0,0,0,0,0,0,0,0,0,6.60728793252598,0,0,0,0
0,0,0,0,0,0,0,0,0,0,0,0,0,0,0,0,5.5575407141346,41.2598826090495,0,0,0,0,0,0,2.73958873748779,0,0,0,0,0,0,0,0,0,0,0,0,0,0,0,0,0,0,0,0,0,0,0,0,0,0,0,0,0,3.4259067773819,0,0,0,0,0,0,0,0,0,0,0,0,3.24284873406092,0,4.08551591863999,0,0,0,0,0,0,0,0,0,0,0,0,6.09659123107007,0,0,0,0
0,0,0,0,0,0,0,0,0,0,0,0,0,2.8356739282608,0,0,0,0,0,0,0,3.7630078792572,0,0,0,0,0,0,0,3.32131418693497,0,0,0,0,0,0,0,2.90480486551921,0,0,0,0,0,0,0,0,0,0,0,0,0,0,0,0,0,0,0,0,0,2.93811105546497,0,0,0,0,7.64582105477651,0,0,0,2.93280720710754,0,5.72511513389442,0,14.3269955921173,0,0,0,0,0,0,0,2.95252084732056,0,0,2.7536678314209,0,0,0
0,0,0,0,0,0,0,0,0,0,3.57701754570007,0,0,0,0,0,10.9933501879374,0,0,0,0,0,3.59091272950172,0,0,0,0,0,0,0,2.73590219020844,0,0,0,0,0,0,0,11.6413059234619,0,0,0,0,0,0,0,0,0,0,0,0,0,0,0,0,0,0,0,0,0,0,0,0,0,0,3.725861231486,0,0,0,9.22079050129858,0,4.73708229916859,0,0,0,0,0,0,0,0,0,11.2068021032545,7.54386982321739,0,0,0,0
0,0,0,0,0,0,0,0,0,0,0,6.74148695396654,0,0,0,0,0,0,0,0,0,0,0,0,0,0,0,3.32131418693497,0,0,0,0,0,0,0,0,0,2.96245401207058,0,0,0,0,0,0,0,0,0,0,0,0,0,0,0,0,0,0,0,8.43033140897751,0,0,0,0,0,0,0,0,0,0,0,0,9.39637750841322,0,5.47307187497259,0,0,0,0,0,0,0,3.56120318389801,0,0,0,0,0,0
0,0,0,0,0,0,0,0,0,0,6.95593166351318,0,0,0,0,0,0,0,0,0,0,0,0,0,0,0,0,0,2.73590219020844,0,0,0,0,0,0,0,0,0,2.88491906060113,0,0,0,0,0,0,0,0,0,0,0,0,0,0,0,0,0,6.53698003292084,0,0,0,0,0,0,0,0,0,0,0,0,0,0,2.84497725963593,0,9.90638436172088,0,0,0,0,0,0,0,10.3026633591487,3.59021246433258,0,0,0,0
0,0,0,0,0,0,0,0,0,0,0,0,0,0,0,0,0,0,0,0,0,0,0,0,0,0,0,0,0,0,0,0,3.31728219060065,3.54233202934265,0,3.39249288983282,3.46201117038727,0,0,0,0,0,0,0,0,0,0,5.01721072801828,5.36183667182922,0,0,0,0,0,0,0,0,0,0,0,0,0,0,0,0,0,0,0,0,0,0,0,0,0,3.85780732844357,3.93396582603455,3.15955591201782,0,12.0875282710326,4.65838008177908,0,0,3.81494409773085,0,0,0,0
0,0,0,0,0,0,0,0,0,0,0,0,0,0,0,0,0,0,0,0,0,0,0,0,0,0,0,0,0,0,0,3.31728219060065,0,0,2.74366235733032,2.90806354416741,3.53572592635949,0,0,0,0,0,0,0,0,0,0,4.12740821889378,0,0,0,0,0,0,0,0,0,0,0,0,0,0,0,0,0,0,0,0,0,0,0,0,0,0,4.23468546347415,7.03630282181823,0,8.40159458584256,6.54389254252116,4.34260209551397,0,0,3.1408979177475,0,0,0,0
0,0,0,0,0,0,0,0,0,0,0,0,0,0,0,0,0,0,0,0,0,0,0,0,0,0,0,0,0,0,0,3.54233202934265,0,0,4.43776721562142,3.6280617255431,0,4.27361350636215,0,0,0,0,0,0,0,0,0,4.43097049997735,0,3.12089887655006,0,0,0,0,0,0,0,0,0,0,0,0,0,0,0,0,0,0,0,0,0,0,0,0,5.03160537120908,0,4.83813179921413,3.91608684403556,5.55734461497485,0,6.2108663064361,0,4.37320633729299,0,0,0,0
0,0,0,0,0,0,0,0,0,0,0,0,0,0,0,0,0,0,0,0,0,0,0,0,0,0,0,0,0,0,0,0,2.74366235733032,4.43776721562142,0,0,11.7653843936373,0,4.27251747977443,0,0,0,0,0,0,0,0,4.5099190481348,6.0812087059021,0,0,0,0,0,0,0,0,0,0,0,0,0,0,0,0,0,0,0,0,0,0,0,0,0,0,0,4.55231949913466,5.18428504748734,0,14.2722055473898,0,6.45238627098045,3.50232391556104,0,0,0,0
0,50.259880065918,0,17.3086387634277,0,26.2146924336751,0,0,0,0,0,24.0598983764648,0,0,0,0,114.150905609131,111.599060058594,67.1948338317871,4.93717973915177,0,0,0,0,0,0,0,0,0,0,0,3.39249288983282,2.90806354416741,3.6280617255431,0,0,3.67001979649978,8.01577185030172,0,12.4523238688707,0,45.8479393939583,0,50.6597914262251,0,40.6433740431263,32.2369766235352,7.50164307914414,7.72659826278687,25.0669706098495,0,32.7802513122559,0,0,0,0,0,50.8993072509766,0,0,0,0,6.50833163902773,0,0,0,0,0,0,0,0,0,90.8320217132568,0,4.45366951963742,3.46298331799714,10.3103751402635,0,6.6047990251085,5.15527540957766,15.5944611102821,0,7.32017502772596,6.98484297296894,22.6539302462623,42.8303000710227,0
0,0,0,0,20.866769472758,0,0,0,27.4243793487549,0,3.01803200585502,0,0,0,0,0,0,0,78.9504065195719,0,7.35435118390329,0,0,0,0,0,0,0,0,0,0,3.46201117038727,3.53572592635949,0,11.7653843936373,3.67001979649978,0,0,7.12051400587084,0,0,92.9061813354492,55.5714679811059,0,61.219783782959,0,46.4984498222669,13.4958736254619,24.0083401997884,0,0,0,0,0,25.4556083679199,0,2.9692379786418,0,0,0,0,0,0,9.96756306402107,0,0,0,0,0,0,0,0,0,0,4.07125660506162,7.82441085577011,0,12.2973679529357,3.73086309031154,6.93479646395792,0,13.2394861335524,6.83123000004657,4.15776270627975,16.7926326290254,0,42.4409495762416
0,0,0,0,0,0,0,0,0,3.95886672536532,0,3.44523517218503,0,0,0,0,0,95.4364700317383,63.5128650665283,14.3888650361229,0,7.46154751607559,0,4.6082082703,0,0,0,2.90480486551921,0,2.96245401207058,0,0,0,4.27361350636215,0,8.01577185030172,0,0,2.86027732102767,0,0,54.440747833252,0,0,0,43.1115538279215,0,5.76491318901817,0,6.60676603141655,0,0,0,0,0,14.1126346588135,0,6.54095235925454,0,0,0,0,10.6960098084493,0,8.24667056915063,0,8.59526784443161,0,0,0,5.76549504052347,0,4.1119658946991,0,0,0,4.84840400380442,7.38516566919726,10.9021757789054,0,5.2215834169225,3.32286882977332,6.04122792040989,0,5.4778100377635,46.4591954549154,0
0,0,58.2971878051758,0,0,0,0,0,7.69510128100713,0,5.14959875742594,0,0,0,0,0,177.945190429688,95.3316955566406,68.9154983096653,0,4.20027231513907,0,5.04444674772719,0,5.07759520544935,0,0,0,11.6413059234619,0,2.88491906060113,0,0,0,4.27251747977443,0,7.12051400587084,2.86027732102767,0,0,84.6093940734863,0,41.6916667659108,0,51.4473050435384,0,42.9448839967901,11.5658791629044,5.22600946580977,0,0,0,0,0,5.51579444452163,0,5.68093756711261,0,0,0,0,0,0,9.02889014085134,0,10.1841648324163,0,8.08201639771813,0,0,0,2.89116105666527,0,4.54318664132095,0,0,0,7.23937310065542,125.64168548584,13.3206435018394,4.22912979125977,5.70577442325485,8.83882355736843,6.62476689474923,12.1028500895902,0,45.160831451416
0,32.1517702738444,0,39.229090584649,0,44.5941314697266,0,0,0,0,0,0,0,0,0,0,71.5852424621582,67.7869635189281,46.2223440389164,0,0,0,0,0,0,0,0,0,0,0,0,0,0,0,0,12.4523238688707,0,0,0,0,0,19.3002917856506,29.0844566822052,27.6837934147228,54.0795936584473,16.3772099603925,73.1140213012695,4.16740441700769,0,5.92734103491812,0,44.6510342189244,0,0,0,0,0,42.539924621582,0,0,0,0,11.0555419654846,97.6765670776367,0,0,0,0,0,0,44.6402606964111,0,47.9569438695908,0,0,0,10.2897758483887,0,11.1410183369812,99.2529740767045,51.487214748676,82.0837783813477,42.021140073253,39.443904876709,14.1218721367091,18.4289940005855,0
0,0,57.2786521911621,0,0,0,0,0,0,0,0,0,0,0,0,0,80.8850463231405,76.8154627482096,53.2864987365599,0,0,0,0,0,0,0,0,0,0,0,0,0,0,0,0,0,0,0,84.6093940734863,0,0,60.6723823547363,24.8440243841879,61.1327056884766,30.7730295393202,72.2335968017578,16.2117636950392,16.250216378106,8.64378893821039,18.1085624694824,0,0,0,0,0,0,62.1286630630493,70.0067596435547,0,0,0,0,105.702285766602,10.549684244364,0,0,0,0,0,0,0,0,0,46.3891441345215,0,0,0,0,100.420457204183,17.1251020997462,0,61.0586006045341,47.4553828075014,42.3868568965367,17.4031526908518,66.8667297363281,27.0416715621948
0,14.6107726097107,0,26.4013731846443,0,48.7203369140625,0,0,0,0,0,0,0,0,0,0,63.9542834374212,47.3249826961093,22.8871647750348,49.2074928283691,0,25.5395679473877,0,0,0,0,0,0,0,0,0,0,0,0,0,45.8479393939583,92.9061813354492,54.440747833252,0,19.3002917856506,60.6723823547363,0,12.8742913412158,14.9433252427402,29.7165956497192,31.1705009626306,67.5162620544434,13.9735643049799,13.8053846359253,14.9690664657778,0,45.1727603565563,0,0,0,0,0,15.6576062164153,0,0,0,0,27.3463271040466,73.6417369842529,38.5798797607422,0,18.3529491424561,34.1833038330078,0,0,19.2652713551241,0,15.0287522526422,0,0,0,27.4682648976644,0,29.5711764442709,72.5184132119884,34.2054676545991,80.6206817626953,15.9273276738243,33.8630340385437,13.6090034968316,10.1880506320105,33.8547634124756
12.7811195509774,0,22.1514866962906,0,36.1801751454671,0,0,0,17.4868564605713,0,0,0,0,0,0,0,64.8943910598755,71.7880382537842,23.3260842749334,0,0,0,68.7954864501953,0,30.1352331978934,0,0,0,0,0,0,0,0,0,0,0,55.5714679811059,0,41.6916667659108,29.0844566822052,24.8440243841879,12.8742913412158,0,25.4094347000122,17.5945124199361,40.0031835382635,24.2406576337485,9.39735200790444,15.6662623280718,21.2763710021973,39.4664726257324,0,0,0,32.8447133232565,0,17.4066656118152,65.9281997680664,25.7570007869176,0,35.5946044921875,0,60.6563735961914,26.4934282667463,0,48.9883134024484,0,38.0623363086155,0,0,0,17.6089032453649,75.5542678833008,16.6480374559919,0,0,0,74.9926528930664,69.9373765833238,33.760941368066,0,37.7373993299758,16.8067934163165,33.141327305844,12.6638362858455,19.4295867919922,12.0992290458859
0,0,0,0,0,0,0,0,0,0,0,0,0,0,0,0,68.3763191223145,47.8606163024902,23.8455235237877,0,0,0,0,0,0,0,0,0,0,0,0,0,0,0,0,50.6597914262251,0,0,0,27.6837934147228,61.1327056884766,14.9433252427402,25.4094347000122,0,36.140323638916,30.8488763462413,47.1553726196289,33.392962773641,0,23.193933195538,0,0,0,0,0,0,0,0,0,0,0,0,31.4128436794529,64.2626266479492,0,0,0,0,0,0,0,0,27.7221521377563,0,0,0,0,0,37.3810621511589,81.0587463378906,38.6228118472629,57.0261840820312,16.7122294875397,21.1659898757935,14.3306907463074,14.853407490638,14.5639142990112
0,0,0,0,0,0,0,0,0,0,0,0,0,0,0,0,48.9764385223389,49.0095729827881,24.1348185647618,0,0,0,0,0,0,0,0,0,0,0,0,0,0,0,0,0,61.219783782959,0,51.4473050435384,54.0795936584473,30.7730295393202,29.7165956497192,17.5945124199361,36.140323638916,0,0,19.7604994773865,0,31.4739484786987,0,0,0,0,0,0,0,32.5968470573425,0,0,0,0,0,0,29.7810853448245,0,0,0,0,0,0,0,0,0,28.0588803972517,0,0,0,0,81.2349052429199,37.9796073184382,0,42.4245759885605,17.8108605944782,17.8848972320557,16.4545254635088,0,25.7354662729346
0,19.0718250274658,0,21.8190576553345,0,18.893702507019,0,0,0,0,0,17.6235752105713,0,0,0,0,65.218711159446,63.0612109257625,38.4706110416498,9.06664562225342,0,0,0,0,0,0,0,0,0,0,0,0,0,0,0,40.6433740431263,0,43.1115538279215,0,16.3772099603925,72.2335968017578,31.1705009626306,40.0031835382635,30.8488763462413,0,0,47.3545837402344,28.0032043457031,0,25.3277606964111,0,27.886909866333,0,0,0,0,0,31.0384322091153,0,0,0,0,12.0004944057576,0,0,0,0,0,0,0,37.2344661440168,0,28.3302964373574,86.1351928710938,0,0,21.3912582397461,0,26.8417604443126,86.8774095015092,21.9371566385529,88.2281799316406,47.7674414316813,37.6226673126221,15.5228265881538,37.9621091322465,45.9355697631836
22.1406440734863,0,56.7795562744141,0,48.548397064209,0,0,0,0,0,0,0,0,0,0,0,61.638072543674,62.9091096605573,47.5027779498732,0,9.41207523345947,0,0,0,0,0,0,0,0,0,0,0,0,0,0,32.2369766235352,46.4984498222669,0,42.9448839967901,73.1140213012695,16.2117636950392,67.5162620544434,24.2406576337485,47.1553726196289,19.7604994773865,47.3545837402344,0,42.7182939529419,26.5801047998316,0,0,0,0,0,0,0,21.1622356084677,0,0,0,0,0,0,11.2530473950541,0,0,0,0,0,0,0,0,76.0608062744141,25.0418917274475,0,0,0,0,73.2010199228923,30.4956662200154,105.913520812988,23.432729259361,46.0497460321549,31.747522354126,14.9098050459753,0,41.3343214988708
0,0,50.1780471801758,41.4104099273682,48.2966537475586,51.3540733337402,0,0,0,0,0,0,0,0,0,0,0,0,50.810474395752,44.8428761164347,59.8677597045898,0,50.6599979400635,0,18.9544013341268,0,0,0,0,0,0,5.01721072801828,4.12740821889378,4.43097049997735,4.5099190481348,7.50164307914414,13.4958736254619,5.76491318901817,11.5658791629044,4.16740441700769,16.250216378106,13.9735643049799,9.39735200790444,33.392962773641,0,28.0032043457031,42.7182939529419,0,9.52827762489768,8.46811739640302,76.0694198608398,58.5542749677386,0,0,0,0,56.693775177002,0,0,0,0,0,65.3503328959147,46.6166152954102,0,40.3189318066552,0,27.175111538655,0,0,0,0,0,0,5.2757919414254,4.56559129510526,3.88739286749451,4.83367840810256,8.01667731007968,5.8761160498812,6.29325879365206,18.2590395274915,7.48041018616124,35.3531810310152,11.5705161885098,16.7601671779857,16.5675898790359
9.20742001316764,0,9.40673685073853,0,0,45.5916442871094,0,0,4.34858620166779,0,0,0,0,0,0,0,0,84.352783203125,56.9686028957367,0,0,0,7.78542247805102,0,6.56868085407075,0,0,0,0,0,0,5.36183667182922,0,0,6.0812087059021,7.72659826278687,24.0083401997884,0,5.22600946580977,0,8.64378893821039,13.8053846359253,15.6662623280718,0,31.4739484786987,0,26.5801047998316,9.52827762489768,0,7.11795368943459,0,0,0,0,9.27858686447144,0,7.07169819374879,0,8.00661443173885,0,5.76343208345874,0,0,39.5651382446289,0,8.32560130057575,0,11.8508174945326,0,3.0629255090441,0,3.53380178351429,0,5.84546411037445,6.87366072336833,4.93914723396301,0,4.1967875868082,13.6420600073678,7.90698207561586,0,5.87835330780738,12.1764990228376,27.5463743209839,10.8016002133954,0,25.1731837817601
0,5.22264902451459,0,14.1187863447895,0,41.6973955107898,0,0,0,3.58793932657975,0,0,0,0,0,0,82.6834754943848,58.6677045822144,43.6365446774465,32.5571802139282,0,11.965454117684,0,7.1122099672045,0,0,0,0,0,0,0,0,0,3.12089887655006,0,25.0669706098495,0,6.60676603141655,0,5.92734103491812,18.1085624694824,14.9690664657778,21.2763710021973,23.193933195538,0,25.3277606964111,0,8.46811739640302,7.11795368943459,0,0,42.2490151723226,0,0,0,0,0,7.32526233792305,0,3.84509559699467,0,4.48072512447834,31.3360242843628,0,17.8290010742187,0,10.8821730038215,0,6.3257470925649,0,4.87782366956983,0,24.3760033448537,0,0,0,5.18380206425985,0,16.6867875026814,86.7713088989258,7.22365839992251,0,14.7827529754204,28.9817875986514,10.3883828459404,17.3714788650212,8.84763145446777
0,0,6.98789963989614,0,5.81538172218743,0,4.72689950827396,0,3.50073011219501,0,0,0,0,0,3.17064607143402,0,0,0,0,0,4.28372315565745,0,0,0,0,0,0,0,0,0,0,0,0,0,0,0,0,0,0,0,0,0,39.4664726257324,0,0,0,0,76.0694198608398,0,0,0,0,3.847052917594,0,8.11310182615768,0,6.08502664677933,0,3.24294601342617,0,4.48074793234104,0,0,5.12776904357107,0,0,0,0,0,0,0,0,0,0,0,0,0,0,0,0,0,0,3.91116086811943,0,9.76888465466707,0,0
0,0,0,7.30153192058811,0,4.00088180084156,0,3.18973114831107,0,3.92736091186751,0,7.54937169686803,0,3.91791968760283,0,3.36572082837423,0,0,0,4.87913356278394,0,0,0,0,0,0,0,0,0,0,0,0,0,0,0,32.7802513122559,0,0,0,44.6510342189244,0,45.1727603565563,0,0,0,27.886909866333,0,58.5542749677386,0,42.2490151723226,0,0,0,3.13576254390535,0,3.5914773526399,0,4.61166054734068,0,3.29349563121796,0,3.10054751804897,8.08791373534636,0,0,0,0,0,0,0,41.331111907959,0,36.938240814209,0,0,0,0,0,47.8664836883545,0,0,0,9.79151163921982,38.9956531524658,13.9912091963079,0,0
0,0,0,0,0,0,4.1332790602499,0,0,0,4.34754157066345,0,3.37805426120758,0,0,0,0,0,0,0,0,0,0,0,0,0,0,0,0,0,0,0,0,0,0,0,0,0,0,0,0,0,0,0,0,0,0,0,0,0,3.847052917594,0,0,0,0,0,5.12272199055621,0,0,0,0,0,0,9.55121161108432,0,0,0,0,0,0,0,0,0,0,0,0,0,0,0,0,0,0,2.81906303492459,0,0,0,0
0,0,0,0,0,3.62235307693481,0,3.8163824648678,0,0,0,4.63877886533737,0,3.36780676576826,0,0,0,0,0,0,0,0,0,0,0,0,0,0,0,0,0,0,0,0,0,0,0,0,0,0,0,0,0,0,0,0,0,0,0,0,0,3.13576254390535,0,0,0,0,0,3.39932509263357,0,3.20558313223032,0,0,0,0,0,0,0,0,0,0,0,0,0,0,0,0,0,0,0,0,0,0,4.39893458783627,0,0,0,0
5.04066248244891,0,12.2181418482463,0,5.36409769058228,0,0,0,4.49010825005949,0,0,0,0,0,3.0111038684845,0,0,0,0,0,0,0,0,0,4.35191624543884,0,3.4259067773819,0,0,0,0,0,0,0,0,0,25.4556083679199,0,5.51579444452163,0,0,0,32.8447133232565,0,0,0,0,0,9.27858686447144,0,8.11310182615768,0,0,0,0,0,25.3114935254294,0,8.98025183677673,0,5.30891299295907,0,0,0,0,0,0,5.13219493238171,0,0,0,39.6733830769857,0,39.0586344401042,0,0,0,0,0,72.5557823181152,0,9.30179221179451,23.2555284887552,38.5672047932943,15.7000283430784,0,29.4854927062988
0,4.27907622944225,0,3.16808201869329,0,3.04061043262482,0,0,0,4.66078515619736,0,0,0,0,0,3.33855399631319,0,6.76748275756836,0,0,0,0,0,6.47794363896052,0,0,0,0,0,0,0,0,0,0,0,0,0,14.1126346588135,0,0,0,0,0,0,0,0,0,0,0,0,0,3.5914773526399,0,0,0,0,0,0,0,0,0,3.43343718930295,0,0,0,0,6.55464874914963,0,0,0,0,0,0,0,0,0,0,0,0,0,9.89060378512111,0,5.18006853972163,0,6.72086687088013,0,0
0,0,23.9852467785197,0,18.2336974143982,0,4.7261528968811,0,23.7592839633717,0,7.71568585074697,0,4.52626649538676,0,0,0,73.467903137207,45.433048248291,40.8736133575439,0,10.7861104986884,0,0,0,0,0,0,0,0,0,6.53698003292084,0,0,0,0,0,2.9692379786418,0,5.68093756711261,0,62.1286630630493,0,17.4066656118152,0,32.5968470573425,0,21.1622356084677,56.693775177002,7.07169819374879,0,6.08502664677933,0,5.12272199055621,0,25.3114935254294,0,0,0,4.83876105887666,0,8.76867466521778,0,0,9.72249210853966,0,0,0,0,0,12.2621750831604,0,8.420177481288,0,9.0099043437692,0,0,0,0,87.1007614135742,47.8605202039083,0,9.42541131159154,30.4553505923297,35.7915128072103,10.1326499824773,0,16.4335464937934
0,20.5773029327393,0,25.0811277447325,0,13.6389767328898,0,3.3270194000668,0,0,0,7.28664228563768,0,3.07671678584555,0,0,0,46.0684013366699,29.1744412642259,8.48570589299472,0,37.8569590250651,0,0,0,0,0,0,0,8.43033140897751,0,0,0,0,0,50.8993072509766,0,6.54095235925454,0,42.539924621582,70.0067596435547,15.6576062164153,65.9281997680664,0,0,31.0384322091153,0,0,0,7.32526233792305,0,4.61166054734068,0,3.39932509263357,0,0,0,0,0,4.87639403507627,0,8.80253799756368,17.4389210109311,0,36.8509688059489,0,28.9852771759033,0,15.3900539224798,0,9.41385320239904,0,8.48249362876754,0,0,0,0,0,42.9281043158637,87.2332763671875,12.5214574462489,0,23.5590957322946,38.5195439656576,11.8821398293991,16.443975052866,0
0,0,4.89009569485982,0,0,0,3.14983307930731,0,10.2635358174642,0,3.62390474113849,0,3.39318623890479,0,2.95556712150574,0,0,0,0,0,0,0,0,0,0,0,0,0,0,0,0,0,0,0,0,0,0,0,0,0,0,0,25.7570007869176,0,0,0,0,0,8.00661443173885,0,3.24294601342617,0,0,0,8.98025183677673,0,4.83876105887666,0,0,0,4.30203522735996,0,0,0,0,0,0,0,0,4.81677913665771,0,4.9320064700883,0,17.8070201873779,0,0,0,0,0,85.4128799438477,0,0,30.1312544856753,0,27.5946916103363,0,21.8678817749023
0,0,0,3.38042545318604,0,0,0,3.86939823627472,0,0,0,3.02089679007437,0,3.37398922195037,0,0,0,0,0,0,0,0,0,0,0,0,0,2.93811105546497,0,0,0,0,0,0,0,0,0,0,0,0,0,0,0,0,0,0,0,0,0,3.84509559699467,0,3.29349563121796,0,3.20558313223032,0,0,0,4.87639403507627,0,0,0,4.93639862164855,0,0,31.4668228626251,0,0,0,5.83547182286039,0,5.99338188860302,0,0,0,0,0,0,0,0,0,0,0,3.64237237677855,0,17.297499537468,0,0
5.14240266921672,0,3.65601763725281,0,7.73976522997806,0,0,0,5.28398327205492,0,0,0,3.08277349472046,0,2.95439469814301,0,3.76095665991306,0,0,0,0,0,0,0,0,0,0,0,0,0,0,0,0,0,0,0,0,0,0,0,0,0,35.5946044921875,0,0,0,0,0,5.76343208345874,0,4.48074793234104,0,0,0,5.30891299295907,0,8.76867466521778,0,4.30203522735996,0,0,0,0,0,0,0,0,0,0,0,0,0,0,30.3541088104248,0,0,0,0,0,0,0,0,30.4830044060946,0,17.2232226530711,0,0
0,6.16854524612427,0,5.75359481573105,0,0,0,0,0,0,0,0,0,0,0,3.05854989352979,0,0,0,0,0,0,0,0,0,2.73729038238525,0,0,0,0,0,0,0,0,0,0,0,0,0,0,0,0,0,0,0,0,0,0,0,4.48072512447834,0,3.10054751804897,0,0,0,3.43343718930295,0,8.80253799756368,0,4.93639862164855,0,0,0,0,0,0,0,0,3.33100221554438,0,0,0,0,0,0,0,0,0,0,0,60.2795448303223,0,3.16654339432716,0,17.8202120174061,0,0
0,0,0,35.1890985488892,0,7.1563173559579,0,0,0,0,0,5.84094013743205,0,0,0,0,89.1769302368164,79.0941886901855,58.2987233621103,3.88765231465706,0,35.7047004699707,0,0,0,0,0,0,0,0,0,0,0,0,0,6.50833163902773,0,10.6960098084493,0,11.0555419654846,105.702285766602,27.3463271040466,60.6563735961914,31.4128436794529,0,12.0004944057576,0,65.3503328959147,0,31.3360242843628,0,8.08791373534636,0,0,0,0,0,17.4389210109311,0,0,0,0,0,96.9013290405273,48.3853664398193,0,0,0,0,0,26.3029765093102,0,22.0891608638889,0,0,0,0,0,14.7111207803583,102.030639648438,18.87718436374,0,28.4696638600138,60.3165473937988,17.0144703103593,32.4448864119394,0
33.068021774292,0,39.9427375793457,0,4.94205380931045,0,7.50840462171114,0,0,0,5.30609567496028,0,0,0,0,0,70.7796093622843,74.9685745239258,62.014161046346,0,6.46618260749042,0,0,0,0,0,0,0,0,0,0,0,0,0,0,0,9.96756306402107,0,9.02889014085134,97.6765670776367,10.549684244364,73.6417369842529,26.4934282667463,64.2626266479492,29.7810853448245,0,11.2530473950541,46.6166152954102,39.5651382446289,0,5.12776904357107,0,9.55121161108432,0,0,0,9.72249210853966,0,0,0,0,0,96.9013290405273,0,0,0,0,0,0,0,0,27.2342824935913,98.9969139099121,17.2790515668613,0,0,0,0,99.0358912150065,17.7507105305618,88.1401748657227,14.4563044513202,35.2943735794282,29.0809622870551,13.3031598754677,74.4842529296875,71.4400380452474
0,0,0,0,0,0,0,0,0,0,0,0,0,0,0,0,0,3.37348201058128,0,0,0,5.64112260459804,5.82102472441537,10.277197676736,0,3.48232841491699,0,7.64582105477651,0,0,0,0,0,0,0,0,0,8.24667056915063,0,0,0,38.5798797607422,0,0,0,0,0,0,0,17.8290010742187,0,0,0,0,0,0,0,36.8509688059489,0,31.4668228626251,0,0,48.3853664398193,0,0,0,10.5771053868158,0,15.3127757708232,0,12.9931691988655,0,18.8814105987549,0,0,0,0,0,0,0,10.8148099833509,0,5.31982731393405,2.96105074882507,25.1916619362916,0,0
0,0,0,0,0,0,0,0,0,0,0,0,0,0,0,0,9.89092493057251,0,0,0,0,2.7370548248291,5.59473934340686,0,6.07589080116966,0,0,0,3.725861231486,0,0,0,0,0,0,0,0,0,10.1841648324163,0,0,0,48.9883134024484,0,0,0,0,40.3189318066552,8.32560130057575,0,0,0,0,0,0,0,0,0,0,0,0,0,0,0,0,0,0,10.8749931411162,0,11.1420112284908,0,6.06267230369543,0,0,0,0,0,0,0,0,0,8.76693969749831,21.5864798988856,45.0631980895996,31.7289179907905,0,0
0,0,0,0,0,0,0,0,0,6.89361047744751,0,0,0,0,0,0,0,16.8383353279858,45.2184772491455,0,0,7.59305396080017,0,4.20353198146063,0,5.76570108687589,0,0,0,0,0,0,0,0,0,0,0,8.59526784443161,0,0,0,18.3529491424561,0,0,0,0,0,0,0,10.8821730038215,0,0,0,0,0,6.55464874914963,0,28.9852771759033,0,0,0,0,0,0,10.5771053868158,0,0,0,5.01071499846876,0,9.48126367422251,0,0,0,0,0,0,0,0,0,5.54849370329004,0,5.18699845245906,0,10.7210724465424,0,0
0,0,0,0,0,0,0,0,6.73453080654144,0,0,0,0,0,0,0,8.0726295198713,0,0,0,0,0,8.20087705765452,0,4.42427827824246,0,3.24284873406092,0,0,0,0,0,0,0,0,0,0,0,8.08201639771813,0,0,34.1833038330078,38.0623363086155,0,0,0,0,27.175111538655,11.8508174945326,0,0,0,0,0,5.13219493238171,0,0,0,0,0,0,0,0,0,0,10.8749931411162,0,0,0,4.52004387212354,0,8.55236381292343,0,0,0,0,0,0,0,0,0,7.44984599666216,25.8035805055073,25.0631262461344,18.6301915901048,0,0
0,0,0,0,0,0,0,0,0,0,0,0,0,0,0,0,0,3.87324579556783,40.9214897155762,0,0,16.5187833044264,0,6.82838129997253,0,2.9414936883109,0,2.93280720710754,0,0,0,0,0,0,0,0,0,0,0,0,0,0,0,0,0,0,0,0,0,6.3257470925649,0,0,0,0,0,0,0,15.3900539224798,0,5.83547182286039,0,3.33100221554438,0,0,15.3127757708232,0,5.01071499846876,0,0,0,6.32316348348629,0,0,0,0,0,0,0,0,0,0,0,2.85357248783112,0,13.2277145385742,0,0
0,0,0,0,0,0,0,0,0,0,0,0,0,0,0,0,6.23597017696926,0,0,0,0,0,16.5721885737251,0,2.89568662643433,0,4.08551591863999,0,9.22079050129858,0,0,0,0,0,0,0,0,0,0,0,0,0,0,0,0,0,0,0,3.0629255090441,0,0,0,0,0,0,0,12.2621750831604,0,4.81677913665771,0,0,0,0,0,0,11.1420112284908,0,4.52004387212354,0,0,0,5.09782195535112,0,0,0,0,0,0,0,0,0,0,4.88484866278512,0,0,0,0
0,0,0,31.7965717315674,0,0,0,0,0,0,0,0,0,0,0,0,0,0,24.766471862793,0,0,13.7923828154019,0,0,0,0,0,5.72511513389442,0,9.39637750841322,0,0,0,0,0,0,0,5.76549504052347,0,44.6402606964111,0,19.2652713551241,0,0,0,37.2344661440168,0,0,0,4.87782366956983,0,41.331111907959,0,0,0,0,0,9.41385320239904,0,5.99338188860302,0,0,26.3029765093102,0,12.9931691988655,0,9.48126367422251,0,6.32316348348629,0,0,0,7.11234162301295,0,0,0,0,0,45.530947465163,0,4.2562673746613,0,13.7450800643248,2.85377678275108,19.1218712528547,23.4144992828369,0
0,0,30.8679801395961,0,0,0,0,0,39.254150390625,0,0,0,0,0,0,0,69.9353179931641,50.7143516540527,37.7549976348877,0,0,0,8.45036784807841,0,0,0,0,0,4.73708229916859,0,2.84497725963593,0,0,0,0,0,0,0,2.89116105666527,0,0,0,17.6089032453649,0,0,0,0,0,3.53380178351429,0,0,0,0,0,39.6733830769857,0,8.420177481288,0,4.9320064700883,0,0,0,0,27.2342824935913,0,6.06267230369543,0,8.55236381292343,0,5.09782195535112,0,0,0,6.63340847684233,0,0,0,0,0,55.7652053833008,0,7.02604413412022,25.9902866388622,0,10.9143538425019,0,20.3706750869751
0,24.2059445381165,0,28.8835266308907,0,36.4011262257894,0,0,0,0,0,8.97381232766544,0,0,0,0,82.3319900512695,53.115102594549,32.1562971604,11.1632356643677,0,17.9781345887618,0,0,0,0,0,14.3269955921173,0,5.47307187497259,0,0,0,0,0,90.8320217132568,0,4.1119658946991,0,47.9569438695908,0,15.0287522526422,75.5542678833008,27.7221521377563,0,28.3302964373574,76.0608062744141,0,0,24.3760033448537,0,36.938240814209,0,0,0,0,0,8.48249362876754,0,0,0,0,22.0891608638889,98.9969139099121,18.8814105987549,0,0,0,0,0,7.11234162301295,0,0,0,0,0,0,0,49.1000779940758,0,5.09135165513662,94.960563659668,28.7411043575832,43.0560722351074,19.5896122860909,17.6695885179512,0
0,0,27.6357682668246,0,38.7573585510254,0,0,0,40.0330219268799,0,12.6600064252104,0,0,0,0,0,58.1786823272705,0,43.0033297616927,0,0,0,0,0,0,0,0,0,0,0,9.90638436172088,0,0,0,0,0,0,0,4.54318664132095,0,46.3891441345215,0,16.6480374559919,0,28.0588803972517,86.1351928710938,25.0418917274475,0,5.84546411037445,0,0,0,0,0,39.0586344401042,0,9.0099043437692,0,17.8070201873779,0,30.3541088104248,0,0,17.2790515668613,0,0,0,0,0,0,0,6.63340847684233,0,0,0,0,0,0,90.9735336303711,59.4750879075792,0,7.95936310925581,28.4840434492599,42.7461151123047,14.4937388064005,0,16.5565269352639
0,0,0,0,0,0,0,0,0,0,0,0,0,0,0,0,0,0,0,0,0,0,0,0,0,0,0,0,0,0,0,3.85780732844357,4.23468546347415,5.03160537120908,0,4.45366951963742,4.07125660506162,0,0,0,0,0,0,0,0,0,0,5.2757919414254,6.87366072336833,0,0,0,0,0,0,0,0,0,0,0,0,0,0,0,0,0,0,0,0,0,0,0,0,0,0,7.80790218516211,6.95039069996903,4.21054577827454,9.85550520010882,4.1274515282024,0,0,5.3738844061697,0,0,0,0
0,0,0,0,0,0,0,0,0,0,0,0,0,0,0,0,0,0,0,0,0,0,0,0,0,0,0,0,0,0,0,3.93396582603455,7.03630282181823,0,0,3.46298331799714,7.82441085577011,0,0,0,0,0,0,0,0,0,0,4.56559129510526,4.93914723396301,0,0,0,0,0,0,0,0,0,0,0,0,0,0,0,0,0,0,0,0,0,0,0,0,0,7.80790218516211,0,0,12.5713654026045,17.9227705001831,6.49945737102987,0,16.4327621459961,4.534160939953,0,0,0,0
0,0,0,0,0,0,0,0,0,0,0,0,0,0,0,0,0,0,54.8839645385742,0,0,0,0,0,0,0,0,0,0,0,0,3.15955591201782,0,4.83813179921413,4.55231949913466,10.3103751402635,0,4.84840400380442,0,10.2897758483887,0,27.4682648976644,0,0,0,21.3912582397461,0,3.88739286749451,0,5.18380206425985,0,0,0,0,0,0,0,0,0,0,0,0,0,0,0,0,0,0,0,0,0,0,0,0,6.95039069996903,0,0,5.11550528662545,8.8173007010884,0,6.08620470126124,0,5.35095855735597,0,48.7263107299805,0,0
0,0,0,0,0,0,0,0,0,0,0,0,0,0,0,0,0,0,0,0,0,0,0,0,0,0,0,0,0,0,0,0,8.40159458584256,3.91608684403556,5.18428504748734,0,12.2973679529357,7.38516566919726,7.23937310065542,0,0,0,74.9926528930664,0,0,0,0,4.83367840810256,4.1967875868082,0,0,0,0,0,0,0,0,0,0,0,0,0,0,0,0,0,0,0,0,0,0,0,0,0,4.21054577827454,12.5713654026045,5.11550528662545,0,0,8.84722546085715,0,6.11837622302027,5.22007111615913,15.4213972091675,0,0,70.1216583251953
63.2374649047852,45.9754577636719,0,46.6826945543289,0,44.9861475626628,0,0,0,0,0,0,0,0,0,0,88.7762003045333,80.7649218122536,59.9685860366919,10.2399833722652,0,0,0,0,0,0,0,0,0,0,0,12.0875282710326,6.54389254252116,5.55734461497485,0,6.6047990251085,3.73086309031154,10.9021757789054,125.64168548584,11.1410183369812,100.420457204183,29.5711764442709,69.9373765833238,37.3810621511589,81.2349052429199,26.8417604443126,73.2010199228923,8.01667731007968,13.6420600073678,16.6867875026814,0,47.8664836883545,0,0,0,0,87.1007614135742,42.9281043158637,0,0,0,0,14.7111207803583,99.0358912150065,0,0,0,0,0,0,45.530947465163,0,49.1000779940758,90.9735336303711,9.85550520010882,17.9227705001831,8.8173007010884,0,0,33.7921651613479,15.7641678539287,103.182301112584,17.3707218230836,19.178959222067,25.1777252141492,37.3862829762836,78.2930450439453
47.4228096008301,0,46.4365086555481,0,25.0567560195923,0,0,0,0,0,0,0,0,0,0,0,80.309773127238,76.2584234449598,64.0171991091197,0,13.8988912087006,0,0,0,0,0,0,0,0,0,0,4.65838008177908,4.34260209551397,0,14.2722055473898,5.15527540957766,6.93479646395792,0,13.3206435018394,99.2529740767045,17.1251020997462,72.5184132119884,33.760941368066,81.0587463378906,37.9796073184382,86.8774095015092,30.4956662200154,5.8761160498812,7.90698207561586,86.7713088989258,0,0,0,0,72.5557823181152,0,47.8605202039083,87.2332763671875,85.4128799438477,0,0,0,102.030639648438,17.7507105305618,0,0,0,0,0,0,0,55.7652053833008,0,59.4750879075792,4.1274515282024,6.49945737102987,0,8.84722546085715,33.7921651613479,0,124.34713490804,16.2092596262204,19.2141623392309,32.8701906637712,23.5938304186896,79.6438856124878,44.6703432479707
