0,0,0.0249603962779239,0,0,0,0,0,0.0255158594229577,0,0,0,0,0,0,0,4.07035943193827e-05,0,0.00180336130394493,0,0,0,0,0,0,0,0,0,0,0,0,0,0,0,0,0,7.02139739120942e-06,0,2.06446612052522e-05,0,0,0,0.000642178490420086,0,0,0,0,0.00108922650078915,0.0301270453799278,0,0,0,0,0,0.0130356776624629,0,0,0,0,0,0.00101332013531382,0,0,9.46936604711108e-05,0,0,0,0,0,0,0,0,0,0,0,0,0,0,0,1.79347333175972e-05,0,0,0.000111253670850371,0,0.0219272970760591,0,0.00038589478346585
0,0,0,0.0123024893400329,0,0,0,0,0,0.0313468569604278,0,0,0,0,0,0.00171567773449129,1.54971802026574e-05,0,0.00547362581760988,0,0,0,0,0.000270600099605182,0,0,0,0,0,0,0,0,0,0,0,4.23450784374502e-05,0,0.000162327304341422,0,0,0,0.0146468402522559,0,0,0,0.000101773149342348,0,1.66270083799143e-05,0,0.0187135477492156,0,0,0,0,0,0.029953946249301,0,0.000583520732938654,0,0,0,0.00700597399298896,0.000725399462856867,0,0,0,0.000876768781096582,0,0,0,0,0,0.00228587960575697,0,0,0,0,0,0.000103948550456477,0,6.29856455827116e-05,4.23208240401315e-06,0.000396424247112397,2.44339471892859e-06,0.0192969853012346,0.000106508730405453,0
0.0249603962779239,0,0,0,0.021921494260715,0,0,0,0.00786208032948196,0,0,0,0,0,0,0,0,0,0,0,5.79662894508231e-05,0,0,0,0,0,0,0,0,0,0,0,0,0,0,0,2.00276364689649e-05,0,0,0,0,0,0.00270096553247452,0,0,0,7.21724019201822e-05,0.000935779700668168,0.0147822870350603,2.37880246118207e-05,0.012982776806043,0,0,0,0.0715338020286675,0,0,0,0.00244836899232962,0,0.0237112929137814,0,0,1.70295195948608e-05,0,0,0,0,0,0,0,0,0,0,0,0,0,0,0,2.45239250417168e-06,0,0,0.000283842365651257,0,0.0127095112051997,0,0.00175530804352511
0,0.0123024893400329,0,0,0,0.0261343071512235,0,0,0,0.0515287174840087,0,0,0,0,0,0,0,2.59247916483836e-05,0.00073635583962573,0,0,0,0,0,0,0,0,0,0,0,0,0,0,0,0,0,0,8.47389489578784e-06,0,0.000871186754559871,0,0.00900138630592328,9.41581309133214e-05,0.00027004588955549,0,0.00063674206874894,0,0.00229264089408875,0.00019902665065125,0.0164628613018575,0,0.0415456728706585,0,0,0,0.0666261473863945,0,0.00346588842303447,0,0.000261503402444647,0,0.00350781088245357,0.000309090626903918,0,0,0,0,0,0,0,0,0,0.00365972520523115,0,0,0,0,0,0.000103842799688852,5.91616470920739e-06,0,0,0.00127706050193415,4.15719048438442e-05,0.0174537798085697,6.87100645694267e-05,0
0,0,0.021921494260715,0,0,0,0,0,0,0,0,0,0,0,0.00289893176387115,0,0,0,0,0,0,0,0,0,0,0,0,0,0,0,0,0,0,0,0,0,0,0,0,0,0,0,0,0,0,0,0,0,0,0,0.00140294615994208,0,0,0,0,0,0,0,0,0,0.00802091952199155,0,0,0,0,0,0,0,0,0,0,0,0,0,0,0,0,0,0,0,0,0,0.00017316731249015,0,7.82125847396484e-05,0,0
0,0,0,0.0261343071512235,0,0,0,0.0120175494540919,0,0.00177239275541116,0,0.000111611842586179,0,0,0,0,0,4.1945051397446e-06,6.27301073580694e-06,0.00190725799984344,0,0,0,0,0,0,0,0,0,0,0,0,0,0,0,1.14075067155746e-05,0,0,0,0,0,7.96799468890676e-05,0,0,0,0,0,0,0,0,0,0.0512319631022611,0,0,0,0,0,0.000320789268948573,0,0.000372677744307725,0,0.00108180490973619,0.000855628758116244,0,0,0,0,0,0,0,0,0,0,0,0,0,0,0,0,0,0,0,0.0028833315139663,0.000196333542190475,0.00423612469114824,0,0
0,0,0,0,0,0,0,0,0,0,0,0,0,0,0,0,0,0,0,0,0,0,0,0,0,0,0,0,0,0,0,0,0,0,0,0,0,0,0,0,0,0,0,0,0,0,0,0,0,0,0,0,0.000846471288241446,0,0,0,0.00300341659693972,0,8.18732587504201e-05,0,0,0,0,0,0,0,0,0,0,0,0,0,0,0,0,0,0,0,0,0,0,0,0.000291654606569578,0,0,0,0
0,0,0,0,0,0.0120175494540919,0,0,0,0,0,0.00150699280359381,0,0,0,0,0,0,0,0,0,0,0,0,0,0,0,0,0,0,0,0,0,0,0,0,0,0,0,0,0,0,0,0,0,0,0,0,0,0,0,0.00744801947192109,0,0.0566265158042323,0,0,0,0.0111613198274813,0,0.000616179535275541,0,0,0,0,0,0,0,0,0,0,0,0,0,0,0,0,0,0,0,0,0,0,0.00034985567510124,0,0,0,0
0.0255158594229577,0,0.00786208032948196,0,0,0,0,0,0,0,0,0,0,0,0.0220809615554451,0,7.55629210564975e-05,0,0,0,0,0,0,0,0.0352705387952588,0,0.000438032352703725,0,0,0,0,0,0,0,0,0,0,0,0.00053758220709611,0,0,0,4.76389635331887e-05,0,0,0,0,3.05685946504416e-05,0.00079184989083618,0,0,0,0,0,0.0838844557390674,0,0,0,0,0,0.0131850803219468,0,0,0,0,0,0,0.0142668178191655,0,0,0,0,0,0,0,0,0,0,0,0,0,4.09990082922185e-06,0.00163525946257782,0,0.00210941702066329,0,0
0,0.0313468569604278,0,0.0515287174840087,0,0.00177239275541116,0,0,0,0,0,0,0,0,0,0.0454744990112261,0,0.00103875936487881,0,0,0,0,0,0.00921396605180438,0,0.000929800109588541,0,0,0,0,0,0,0,0,0,0,0,0.000143707673819469,0,0,0,0.000803407811662438,0,0,0,0,0,0,0,0.0010135109612876,0,0,0,0,0,0.0506277187221346,0,0,0,0,0,0.0142011111441458,0,0,0,0,0.0168783269668621,0,0,0,0,0,0,0,0,0,0,0,0,0,1.00476115372113e-05,0,0.00450236454820624,0.00285655555898728,0.00262239971478568,0,0
0,0,0,0,0,0,0,0,0,0,0,0,0.00346473780577585,0,0,0,0,0,0,0,0.0440665840013065,0,0,0,0,0,0,0,0,0,0.00548579910377582,0,0,0,0,0,1.20643684496033e-05,0,0.00907996560319868,0,0,0,0,0,0,0,0,0,0,0,0,0,0,0,0,0,0.0768630840035214,0,5.51526354684029e-05,0,0,0,0,0.000608027598984566,0,0,0,0,0,0,0,0,0,0.0397164439334102,0,0,0,0,0,0,0,0.00136095915579891,0.000986021285917288,0,0.00160447115239196,0,0
0,0,0,0,0,0.000111611842586179,0,0.00150699280359381,0,0,0,0,0,0.00557363454253893,0,0,0,0,0,0.0193571462496202,0,0,0,0,0,0,0,0.000151496045325879,0,0.00299130850331981,0,0,0,0,0,0.00627223789058228,0,0.00264954572626019,0,0,0,5.54728610761663e-05,0,0,0,0,0,0,0,0,0,0.00253879897098103,0,0.00116897044287536,0,0,0,0.123731836289099,0,0.0141616167209956,0,0,0.00402506570752394,0,0,0,0,0,0,0,4.37828384747263e-05,0,0.00815804887922742,0,0,0,0,0,0.00241632954912752,0,0.000134595952482176,0,0.00204375956812546,0.00125348219362885,0.00047118903053609,9.15269153706384e-05,0
0,0,0,0,0,0,0,0,0,0,0.00346473780577585,0,0,0,0.00253883029078172,0,0,0,0,0,0,0,0,0,0,0,0,0,0,0,0,0,0,0,0,0,0,0,0,0,0,0,0,0,0,0,0,0,0,0,0,0,0,0,0,0,0.00165929588184748,0,0.0160446371620558,0,0.000633475873416566,0,0,0,0,0,0,0,0,0,0,0,0,0,0,0,0,0,0,0,0,0,0.000142215762112334,0,0,0,0
0,0,0,0,0,0,0,0,0,0,0,0.00557363454253893,0,0,0,0.00016394785779994,0,0,0,0,0,0,0,0,0,0,0,0.000963351419421818,0,0,0,0,0,0,0,0,0,0,0,0,0,0,0,0,0,0,0,0,0,0,0,0.000943667332610112,0,0,0,0,0,0.000969127663364996,0,0.0232402400267602,0,0.000577510101720691,0,0,0,0,0,0,0,0,0,0,0,0,0,0,0,0,0,0,0,0,0.000539024844044857,9.07050659984504e-05,0,0,0
0,0,0,0,0.00289893176387115,0,0,0,0.0220809615554451,0,0,0,0.00253883029078172,0,0,0,0,0,0,0,0,0,0,0,0,0,0.000187828700290993,0,0,0,0,0,0,0,0,0,0,0,0,0,0,0,0,0,0,0,0,0,0,0,0,0,0,0,0.000988408501976542,0,0,0,0.00153061585037148,0,0.00355553469811496,0,0,0,0,0,0,0,0,0,0,0,0,0,0,0,0,0,0,0,0,0,0.000130709739086365,7.54564289010932e-05,0,0,0
0,0.00171567773449129,0,0,0,0,0,0,0,0.0454744990112261,0,0,0,0.00016394785779994,0,0,0,0.00482160936793397,0,0,0,0,0,0,0,0,0,0,0,0,0,0,0,0,0,0,0,0,0,0,0,0,0,0,0,0,0,0,0,0.000554049523736282,0,0,0,0,0,0.01368530483915,0,0,0,0,0,0.0113973710142952,0,0,0,0,0,0,0,0,0,0,0,0,0,0,0,0,0,0,0,0,0.00155963990106457,0.000735307796938158,0.000301459494614099,0,0
4.07035943193827e-05,1.54971802026574e-05,0,0,0,0,0,0,7.55629210564975e-05,0,0,0,0,0,0,0,0,0.140376742274695,0.0621242974014013,4.00311864978548e-05,3.01072066387353e-06,0,0.0016145933669918,0,0.00795734447915874,0,0.00365160759361483,0,0,0,0,0,0,0,0,1.22346193428245e-05,0.000138068257226317,1.33610286842559e-06,0,0.000510038223726462,0.000864005553317301,0.000204926942091176,0.0016955386753882,0.000133009481628052,0.000131773975178229,0.000269191191177034,0.000296978535737158,0,0.000393459488409546,0,0,0,0,0,0,0,0,1.6999326296729e-05,0,0,0,0,0.000354981630560375,0.000394704763497591,0,0,0,0.000161550602769887,0,0.000497185807292369,0,0,1.11219467615807e-05,7.35446154619719e-05,0,0,0,0,0.000561343643346294,0.000561772453280721,1.1473830094243e-05,0.000188908995659826,0.0153168499757875,0.00459599561529773,0.0012499521387247,8.53272446511189e-05,0.000407758973725125
0,0,0,2.59247916483836e-05,0,4.1945051397446e-06,0,0,0,0.00103875936487881,0,0,0,0,0,0.00482160936793397,0.140376742274695,0,0.0595463165191914,6.09179343317944e-05,0,0.00208227114159703,4.74598786292938e-06,0.00307162575577724,2.59609216676504e-05,0.00876468031010396,3.50322794695761e-05,0,0,0,0,0,0,0,0,0,4.66381922676991e-05,0,1.4198562455442e-05,0.00027659075542626,0.000433895452633439,0.000363981273142201,0.000462985002369703,3.63081149112948e-05,7.55721759018702e-05,0.000139731188026368,0.000219603654766175,0,0.000274144695680395,0,0,0,0,0,0,2.66966044467679e-05,0,1.55834955518735e-05,0,0,0,0.000100076214451504,0.000377721056590958,0.000373137963759462,0,0,0.000130257081383212,0,0,0,0,0,2.03446847282318e-05,0.000142648887907524,0,0,0,0,0.000470481982580599,0.000414093594482358,8.64957122102488e-05,0.00010856734662434,0.020671567216219,0.01069606392103,0.000910385418858814,0.000214043619272648,8.3668243812728e-05
0.00180336130394493,0.00547362581760988,0,0.00073635583962573,0,6.27301073580694e-06,0,0,0,0,0,0,0,0,0,0,0.0621242974014013,0.0595463165191914,0,0.00133192366260156,0.000123008030289504,0,0,0,0,0,0,0,0,0,0,0,0,0,0,0.000473970010615409,0.00210653083346814,0.00026305971807238,7.85587400188898e-05,0.019822051114187,0.0217277801171175,0.0267406773070489,0.0550190323423155,0.00487135316124238,0.00165251445385446,0.00891952308416436,0.00969286063641471,0,0.0125757894811717,2.30383148289951e-05,0,0,0,0,0,0,3.91670462856633e-05,0.0010258398283705,0,0,0,0,0.0126614028666911,0.0110366348915934,0,0,0,0,0,0,0,0.000417121449515918,0.00386509707985812,0.00230989235985007,0,0,0,0,0.0178911130615295,0.00951533474832207,0.00408104642551651,0.00342297309108901,0.0132072273243176,0,0.038371475789568,0.0247768759630929,0.00525335560458566
0,0,0,0,0,0.00190725799984344,0,0,0,0,0,0.0193571462496202,0,0,0,0,4.00311864978548e-05,6.09179343317944e-05,0.00133192366260156,0,0,0,0,0,0,0,0,0,0,0,0,0,0,0,0,0.00744949083341437,0,0.00195089970472896,0,0,0.000148855520852678,0.0015197331685821,9.52221849118238e-06,0.000563748573698059,0,0.00175322228098923,0,5.67365482985428e-05,0,0,0,0.00664665820400522,0,0,0,0,0,0.0221819100709623,0,0,0,0,0.145178977045593,0,0,0,0,0,0,0,0,0,0.00166427058529875,0,0,0,0,0,0.00456396510934391,0,0.00142277887499612,0,0.00155005247269262,2.02610779678844e-05,0.00564419712819058,0.00321719352064404,0
0,0,5.79662894508231e-05,0,0,0,0,0,0,0,0.0440665840013065,0,0,0,0,0,3.01072066387353e-06,0,0.000123008030289504,0,0,0,0,0,0,0,0,0,0,0,0,0,0,0,0,0,0.0104890486253115,0,0.00129437293643691,0,0,0,2.58141095692987e-05,0,0,0,1.80931155160464e-05,0,0,0,0,0,0,0,0,0,0.0191764412755213,0,0,0,0,0,0,0.0679046373096513,0,0,0,0,0,0,0,0,0,0,0,0,0,0,0,0.000776745712127021,0,0.000164493649129179,0.00374608779797228,0,0.000623074884180677,0,0
0,0,0,0,0,0,0,0,0,0,0,0,0,0,0,0,0,0.00208227114159703,0,0,0,0,0.00282489273548844,0.000932323616202964,0,0.00455896219222375,0,0.000607068453599387,0,0,0,0,0,0,0,0,0,0.00939739387013055,0,0,0,0,0,0,0,0,0,0,0,0.00135275115603886,0,0,0,0,0,0,0,0,0,0,0,0,0,0,0.0708455598698128,0.000380473555710315,0,0,0.00104929167981759,0,0.00243099937940959,0,0,0,0,0,0,0,0,0,0.00409298613286587,0,0.00286361136641866,0.00030897937047275,0,0,0
0,0,0,0,0,0,0,0,0,0,0,0,0,0,0,0,0.0016145933669918,4.74598786292938e-06,0,0,0,0.00282489273548844,0,0,0.00521717514416078,0,0.000241732515160471,0,0.00113733486372652,0,0,0,0,0,1.01430674248908e-05,0,0,0,0.0110376020834816,0,0,0,0,0,0,0,0,0.000264044373880246,0.000202532638257324,0,0,0,0,0,0,0,0,0,0,0,0,0,0,0,0.000111048178405962,0.0993450215480817,0,0.00158230621279266,0,3.91457079162966e-05,0,1.75663025309162e-05,0,0,0,0,0,0,0,0,0,0.00572750792928397,0.00519543865136876,0.000873427445018913,0,0,0
0,0.000270600099605182,0,0,0,0,0,0,0,0.00921396605180438,0,0,0,0,0,0,0,0.00307162575577724,0,0,0,0.000932323616202964,0,0,0,0.0179960937443361,0,0,0,0,0,0,0,0,0,0,0,0.00468576190583137,0,0,0,1.84161447918199e-05,0,0,0,0,0,0,0,0.0262535892230139,0,0,0,0,0,0.0122739024888161,0,0,0,0,0,0,0,0,0.000323079312971096,0,0.222348939193872,0,0.068643423871541,0,0.00021618899168918,0,0,0,0,0,0,0,0,0,0.000578455245550438,0,0.000206294872761186,0,0.00132958895812926,0,0
0,0,0,0,0,0,0,0,0.0352705387952588,0,0,0,0,0,0,0,0.00795734447915874,2.59609216676504e-05,0,0,0,0,0.00521717514416078,0,0,0,0.0864835686353389,0,0,0,0,0,0,0,0,0,0,0,0.00527193465619953,0,0,0,0,0,0,0,0,0,0,0,0,0,0,0,0.0426109428764201,0,0,0,0,0,0,0,0,0,0,0.00602704590451207,0,0.235559742032486,0,0.0215905062211933,0,0,0,0,0,0,0,0,0,0,0,0.00521679680542233,0.00142616852618698,0,0,0,0
0,0,0,0,0,0,0,0,0,0.000929800109588541,0,0,0,0,0,0,0,0.00876468031010396,0,0,0,0.00455896219222375,0,0.0179960937443361,0,0,0,0,0,0,0,0,0,0,0,0,0,0,0,0,0,0,0,0,0,0,0,0,0,0.00156810125754459,0,0,0,0,0,0,0,0,0,0,0,0,0,0,0,0,0.00118792509887582,0,0.0703935788624121,0,0,0,0,0,0,0,0,0,0,0,0,0,9.24397091898671e-05,0,2.2858869278602e-05,0,0
0,0,0,0,0,0,0,0,0.000438032352703725,0,0,0,0,0,0.000187828700290993,0,0.00365160759361483,3.50322794695761e-05,0,0,0,0,0.000241732515160471,0,0.0864835686353389,0,0,0,0.000341620090173141,0,0,0,0,0,0,0,0,0,0,0,0,0,0,0,0,0,0,0,0,0,0,0,0,0,0,0,0,0,0,0,0,0,0,0,0,0.000671290585580852,0,0.0429804598281715,0,0.00927146356548266,0,0.000603971457173605,0,0,0,0,0,0,0,0,0,0,0.00094643638566981,0,0,0,0
0,0,0,0,0,0,0,0,0,0,0,0.000151496045325879,0,0.000963351419421818,0,0,0,0,0,0,0,0.000607068453599387,0,0,0,0,0,0,0,0.0281096369658856,0,0,0,0,0,0,0,0.00125877612153562,0,0,0,0,0,0,0,0,0,0,0,0,0,0,0,0,0,0,0,0,0,0,0,0,0,0,0.00181061186090147,0,0,0,0,0,0.024680229405745,0,0.000107726446870916,0,0,0,0,0,0,0,0,0,0.00170396384885253,0.00271121126892487,0,0,0
0,0,0,0,0,0,0,0,0,0,0,0,0,0,0,0,0,0,0,0,0,0,0.00113733486372652,0,0,0,0.000341620090173141,0,0,0,0.0159272298270119,0,0,0,0,0,0,0,0.00148025285513887,0,0,0,0,0,0,0,0,0,0,0,0,0,0,0,0,0,0,0,0,0,0,0,0,0,0,0.00236747017923267,0,0,0,0.00097302820104045,0,0.0239158383086083,0,0,0,0,0,0,0,0,0,0,0.000114320265123762,0,0,0,0
0,0,0,0,0,0,0,0,0,0,0,0.00299130850331981,0,0,0,0,0,0,0,0,0,0,0,0,0,0,0,0.0281096369658856,0,0,0,0,0,0,0,0,0,0,0,0,0,0,0,0,0,0,0,0,0,0,0,0,0,0,0,0,0,0.000346098889405543,0,0,0,0,0,0,0,0,0,0,0,0,0.00046111032826756,0,0.0586889821730984,0,0,0,0,0,0,0,0.000312429251878097,0,0.000104934826344343,0.000342704497622812,0,0,0
0,0,0,0,0,0,0,0,0,0,0.00548579910377582,0,0,0,0,0,0,0,0,0,0,0,0,0,0,0,0,0,0.0159272298270119,0,0,0,0,0,0,0,0,0,0.00519120585580922,0,0,0,0,0,0,0,0,0,0,0,0,0,0,0,0,0,0.000213140738936871,0,0,0,0,0,0,0,0,0,0,0,0,0,0,0.00426479919963397,0,0.103377937425541,0,0,0,0,0,0,0,0.00185765887712352,8.59549635716167e-06,0,0,0,0
0,0,0,0,0,0,0,0,0,0,0,0,0,0,0,0,0,0,0,0,0,0,0,0,0,0,0,0,0,0,0,0,0.00811383212014516,0.000163895261086125,0,0.00328083865502163,8.4809115640678e-06,0,0,0,0,0,0,0,0,0,0,0.0753653172509339,0.00020556099211139,0.000879248283117224,0,0,0,0,0,0,0,0,0,0,0,0,0,0,0,0,0,0,0,0,0,0,0,0,0.080313828718897,0.000879539548446606,0.00183522944456761,0,0.00185130368337837,0.000257327056944945,0,0,0.00100974601450084,0,0,0,0
0,0,0,0,0,0,0,0,0,0,0,0,0,0,0,0,0,0,0,0,0,0,0,0,0,0,0,0,0,0,0,0.00811383212014516,0,0,0.00296908189719814,0.000516220819333788,0.00171825798146604,0,0,9.75745958673368e-05,0,0,0,0,0,0,0,0.0778383318069534,0.00568310357605371,0.000313418463093194,0,0,0,0,0,0,0,0,0,0,0,0,0,0,0,0,0,0,0,0,0,0,0,0,0.00164683877801476,0.0400389656940716,0,0.0100456904378196,0.000218913129483479,0.00117819722914875,0,0,0.000664288204111216,0,0,0,0
0,0,0,0,0,0,0,0,0,0,0,0,0,0,0,0,0,0,0,0,0,0,0,0,0,0,0,0,0,0,0,0.000163895261086125,0,0,0.0444694646457032,0.00505593377693679,0.000268307383657696,0.00262545680025196,3.05166468024254e-05,0,0,0,0,0,0,0,0,0.0335042938799671,0,0.00375352707553188,0,0,0,0,0,0,0,0,0,0,0,0,0,0,0,0,0,0,0,0,0,0,0,0,0.00885744413982949,0,0.148871771003631,0.00342642977260608,0.00329182582818679,0,0.0051098120923351,0,0.000949621490862432,0,0,0,0
0,0,0,0,0,0,0,0,0,0,0,0,0,0,0,0,0,0,0,0,0,0,1.01430674248908e-05,0,0,0,0,0,0,0,0,0,0.00296908189719814,0.0444694646457032,0,1.92455254302654e-06,0.00284522967424175,0.000134916621704257,0.00158569979111429,6.68154179566983e-05,0,0,3.70535916107691e-05,0,0,0,0,0.179544375417425,0.000117448107823579,0.000109455909059901,0,0,0,0,0,0,0,0,0,0,0,0,0,0,0,0,0,0,0,0,0,0,0,0,0,0.0056189146099595,0.0108704566522995,0.181596082765824,0,0.000597982838202092,0,0.00129363764005448,0.00266173381544534,1.821996171229e-05,8.06934522448364e-05,0,0
0,4.23450784374502e-05,0,0,0,1.14075067155746e-05,0,0,0,0,0,0.00627223789058228,0,0,0,0,1.22346193428245e-05,0,0.000473970010615409,0.00744949083341437,0,0,0,0,0,0,0,0,0,0,0,0.00328083865502163,0.000516220819333788,0.00505593377693679,1.92455254302654e-06,0,0.00421783289047027,0.0181227829862056,6.63538844173352e-05,0.000131560120388827,1.80950129024065e-05,0.000106355330760272,1.07604504842023e-05,5.3140205184896e-05,0,0.000185484344210087,2.15038951386852e-05,0.00361305394742804,0,0.000249544678696421,0,0,0,0,0,0,0,0.00374267338518426,0,0,0,0,0.00562232219484275,0,0,0,0,0,0,0,0,0,2.42730640369339e-05,0,0.00497818300783663,1.71008974923353e-06,0.00222983083503825,4.18551819495103e-05,0.0849274869170011,0.00189803450765662,0.00697930051058248,2.74786153727034e-05,0.00880388221383305,0.000886087587576633,0.00131414710186603,0.000185966236378703,0
7.02139739120942e-06,0,2.00276364689649e-05,0,0,0,0,0,0,0,1.20643684496033e-05,0,0,0,0,0,0.000138068257226317,4.66381922676991e-05,0.00210653083346814,0,0.0104890486253115,0,0,0,0,0,0,0,0,0,0,8.4809115640678e-06,0.00171825798146604,0.000268307383657696,0.00284522967424175,0.00421783289047027,0,0.000319859236697608,0.0144726061412085,2.51762015954383e-05,0.000316593970048175,3.17375493752826e-05,0.00079673430987578,0,0.000331872283643629,4.69573618436763e-06,0.000884743832201435,0.00099670976718192,0.000139602346495624,0,0,0,0,0,0,0,0,0,0,0,0,0,0,0.00749383856684042,0,0,0,0,0,0,0,4.41247072678802e-06,0,1.65972132674354e-05,0,0.00342269732890099,0,0.00194501756316504,0.000561768469469341,0.0728402978762769,2.23322037794691e-06,0.0123384254070593,0.0136273372117338,0.00246304349859907,0.00281813066040539,0,0.000105061749309577
0,0.000162327304341422,0,8.47389489578784e-06,0,0,0,0,0,0.000143707673819469,0,0.00264954572626019,0,0,0,0,1.33610286842559e-06,0,0.00026305971807238,0.00195089970472896,0,0.00939739387013055,0,0.00468576190583137,0,0,0,0.00125877612153562,0,0,0,0,0,0.00262545680025196,0.000134916621704257,0.0181227829862056,0.000319859236697608,0,0.00490481923008964,1.22057118526706e-05,2.09917378775657e-06,0.000264477845399742,0,6.72844552071471e-05,0,0.000299614982534055,0,0.0189864153823147,0,0.0154932393533949,0,0,0,0,0,0.000851202154048548,0,0.00546553086405678,0,0,0,0,0.00496502933120469,0,0.002235128138295,0,0.00266580887102175,0,0,0,0.00420514980153165,0,3.37487616182015e-05,0,0,0,0.000268771483751339,2.53079157666478e-06,0.00787101191362437,6.71668757874815e-05,0.110132431287923,0.0055655446206294,0.00795406677836862,0.00143765993287395,0.00382740017729382,0.000257025366516896,0
2.06446612052522e-05,0,0,0,0,0,0,0,0.00053758220709611,0,0.00907996560319868,0,0,0,0,0,0,1.4198562455442e-05,7.85587400188898e-05,0,0.00129437293643691,0,0.0110376020834816,0,0.00527193465619953,0,0,0,0.00148025285513887,0,0.00519120585580922,0,0,3.05166468024254e-05,0.00158569979111429,6.63538844173352e-05,0.0144726061412085,0.00490481923008964,0,0,5.35407918611981e-06,5.49442137438478e-05,7.3913717081439e-05,0,0,0,5.59248291132942e-05,0.0081304036021039,0.000102653397999449,1.87841259815906e-05,0,0,0,0,0.000335877499900286,0,0.0030312418905908,0,0,0,0,0,0,0.0011888048229249,0,0.00389976425630965,0,0.00344823508722119,0,0,0,0,0,0.00381348671767257,0,4.33616291401325e-06,0,0.00156196240891708,0,0.00563171106306609,0.000189077467954979,0.135320378676133,0.00894363426684037,0.000760218311890971,0.000644271553335859,0,5.08019117135422e-06
0,0,0,0.000871186754559871,0,0,0,0,0,0,0,0,0,0,0,0,0.000510038223726462,0.00027659075542626,0.019822051114187,0,0,0,0,0,0,0,0,0,0,0,0,0,9.75745958673368e-05,0,6.68154179566983e-05,0.000131560120388827,2.51762015954383e-05,1.22057118526706e-05,0,0,0,0.0653708113623715,0.000503418202132341,0.0018758726656096,0,0.00450528670909267,0,0.0121107949817986,0.000481710042422315,0.0300559317473488,0,0.000136746985848462,0,0,0,4.80753877258782e-05,0,0.000398386832942696,0,0,0,0,0.0161729815372031,0.000374494296262046,0,0,0,0,0,0,0,0,0.00313480993249402,0,0,0,0,0,0.00321623132547105,5.37390606982403e-05,0.00132523032595964,7.32697358488658e-06,0.000323574321193426,0,0.0198395564446121,0.0148379578319608,0
0,0,0,0,0,0,0,0,0,0,0,0,0,0,0,0,0.000864005553317301,0.000433895452633439,0.0217277801171175,0.000148855520852678,0,0,0,0,0,0,0,0,0,0,0,0,0,0,0,1.80950129024065e-05,0.000316593970048175,2.09917378775657e-06,5.35407918611981e-06,0,0,0.000108029011535454,0.0528080959116484,0,0.0102590291819632,0.000242441019412823,0.00235576498826293,0.00192999791405814,0.0109986750786314,0,0,0,0,0,0,0,0,6.72486944657269e-05,0,0,0,0,0,0.00494566246423878,0,0,0,0,0,0,0,1.12602776417556e-05,0,0.000622087677275188,0,0,0,0,0.000123566855172677,0.00626942745342007,0,0.000642746818824892,0.000645127085779321,0,0.0120868658308311,0.000294681827223517,0.00435814942330266
0,0.0146468402522559,0,0.00900138630592328,0,7.96799468890676e-05,0,0,0,0.000803407811662438,0,5.54728610761663e-05,0,0,0,0,0.000204926942091176,0.000363981273142201,0.0267406773070489,0.0015197331685821,0,0,0,1.84161447918199e-05,0,0,0,0,0,0,0,0,0,0,0,0.000106355330760272,3.17375493752826e-05,0.000264477845399742,5.49442137438478e-05,0.0653708113623715,0.000108029011535454,0,0.0102434654553298,0.00100110980663532,0,0.00294939263958366,0.0003619896900643,0.00913240652231699,0.000183263134346203,0.0441470550998456,0,0.000840826680576003,0,0,0,0.000339058770865888,0,0.0154399823883382,0,0.000233423069133276,0,9.87770848241013e-05,0.016118228159962,6.09969343557193e-05,0,0,0,0,0,0,0.000135357433832891,0,0.0346519370000415,0,0,0,0,0,0.0107536155155128,7.57204723488665e-05,0.00302300286459123,5.63778151225583e-05,0.00837310311032923,4.90649615116131e-05,0.086457457338089,0.110519183479736,0
0.000642178490420086,0,0.00270096553247452,9.41581309133214e-05,0,0,0,0,4.76389635331887e-05,0,0,0,0,0,0,0,0.0016955386753882,0.000462985002369703,0.0550190323423155,9.52221849118238e-06,2.58141095692987e-05,0,0,0,0,0,0,0,0,0,0,0,0,0,3.70535916107691e-05,1.07604504842023e-05,0.00079673430987578,0,7.3913717081439e-05,0.000503418202132341,0.0528080959116484,0.0102434654553298,0,8.0163349901683e-05,0.00103570264703411,1.07083918953182e-05,0.0267467838437144,0.0093899667649181,0.111298194283301,0,0,0,0,0,0.000588614140047334,0,0.000873566316676965,1.06278859953954e-05,0,0,3.12468527346042e-05,0,0.000617679522669859,0.0209926894568924,0,0,0,0,0,0,0,0.00411366696200272,0,0.0159963931243281,0,0,0,0.000668910005929829,0.000212853148589077,0.00702946381319447,5.35206257238686e-06,0.00344102300658187,0.0123908507463364,8.13031124195264e-06,0.0558570842554792,0.000284675582574486,0.023563296841287
0,0,0,0.00027004588955549,0,0,0,0,0,0,0,0,0,0,0,0,0.000133009481628052,3.63081149112948e-05,0.00487135316124238,0.000563748573698059,0,0,0,0,0,0,0,0,0,0,0,0,0,0,0,5.3140205184896e-05,0,6.72844552071471e-05,0,0.0018758726656096,0,0.00100110980663532,8.0163349901683e-05,0,0,0.000330601027931185,0,0,0.000183588927513304,0,0,0,0,0,0,0,0,0.000444215962261345,0,0,0,0,0.000587097678178355,0.000266995886942425,0,0,0,0,0,0,0,0,0.00177981598353751,0,0,0,0,0,0.000714040131212673,9.19270589407918e-06,0.00026390623291683,0,0.000104252444617904,0,0.000868375214525811,0.000239950125611853,0
0,0,0,0,0,0,0,0,0,0,0,0,0,0,0,0,0.000131773975178229,7.55721759018702e-05,0.00165251445385446,0,0,0,0,0,0,0,0,0,0,0,0,0,0,0,0,0,0.000331872283643629,0,0,0,0.0102590291819632,0,0.00103570264703411,0,0,0,0.00151819474657064,0,0.000418025677302699,0,0,0,0,0,0,0,0,0,0,0,0,0,2.67347990961322e-05,0.00172345618459957,0,0,0,0,0,0,0,0,0,0.00189609358833998,0,0,0,0,0,0.000961768749608928,0,0.000236176873916751,0.000157661795108495,0,0.00165744541711411,0,0.00150982405420683
0,0.000101773149342348,0,0.00063674206874894,0,0,0,0,0,0,0,0,0,0,0,0,0.000269191191177034,0.000139731188026368,0.00891952308416436,0.00175322228098923,0,0,0,0,0,0,0,0,0,0,0,0,0,0,0,0.000185484344210087,4.69573618436763e-06,0.000299614982534055,0,0.00450528670909267,0.000242441019412823,0.00294939263958366,1.07083918953182e-05,0.000330601027931185,0,0,0.000129101061140354,0.000273662716671989,0,1.01612654660224e-05,0,0,0,0,0,0,0,0.00132645057519884,0,5.50467571082403e-06,0,0,0.0458910464071907,5.44501516166716e-05,0,0,0,0,0,0,8.02732811677276e-06,0,0.00202477397550598,0,0,0,0,0,0.00160294847699223,3.0711473186817e-05,0.0031336056181893,1.42755845195425e-05,0.000142368604333703,0,0.00417476945650742,0.000530956040652555,0
0,0,7.21724019201822e-05,0,0,0,0,0,0,0,0,0,0,0,0,0,0.000296978535737158,0.000219603654766175,0.00969286063641471,0,1.80931155160464e-05,0,0,0,0,0,0,0,0,0,0,0,0,0,0,2.15038951386852e-05,0.000884743832201435,0,5.59248291132942e-05,0,0.00235576498826293,0.0003619896900643,0.0267467838437144,0,0.00151819474657064,0.000129101061140354,0,0,0.00189816108440458,0,0,0,0,0,2.61440172090893e-05,0,0,0,0,0,0,0,0.00010879161702278,0.0569641859074883,0,0,0,0,0,0,0,1.85143342755862e-05,0,0.000889155089059425,0,0,0,0,7.99331329159341e-05,0.00419578318924316,6.52696542752292e-05,0.0015641598966431,0.000307865245786598,0,0.00907188134108217,0.000212949960434812,0.000948835870908683
0.00108922650078915,1.66270083799143e-05,0.000935779700668168,0.00229264089408875,0,0,0,0,3.05685946504416e-05,0,0,0,0,0,0,0,0,0,0,5.67365482985428e-05,0,0,0.000264044373880246,0,0,0,0,0,0,0,0,0.0753653172509339,0.0778383318069534,0.0335042938799671,0.179544375417425,0.00361305394742804,0.00099670976718192,0.0189864153823147,0.0081304036021039,0.0121107949817986,0.00192999791405814,0.00913240652231699,0.0093899667649181,0,0,0.000273662716671989,0,0,0.129042679985997,0.312503325401374,0,3.53127495040292e-05,0,0,0.00014468483166169,9.12593820231291e-05,1.34021936015261e-05,0.000452676176470504,0,7.9301636091712e-06,0,0,6.9156648476444e-05,0,0,2.17593620085652e-05,0,0,0,0,3.73222687771514e-05,2.532666399084e-05,0.000209371925764663,0.000460853907334299,0.0596476796829348,0.0486274474187399,0.00801426090497167,0.024002380050671,0.0142221290422569,0.0163417545932808,0.000825385549377302,0.0261828608049073,0.00801202530246677,0.000103845722915869,0.0171364104138623,8.21308073593641e-06,3.17533715125343e-05
0.0301270453799278,0,0.0147822870350603,0.00019902665065125,0,0,0,0,0.00079184989083618,0,0,0,0,0,0,0,0.000393459488409546,0.000274144695680395,0.0125757894811717,0,0,0,0.000202532638257324,0,0,0,0,0,0,0,0,0.00020556099211139,0.00568310357605371,0,0.000117448107823579,0,0.000139602346495624,0,0.000102653397999449,0.000481710042422315,0.0109986750786314,0.000183263134346203,0.111298194283301,0.000183588927513304,0.000418025677302699,0,0.00189816108440458,0.129042679985997,0,0.00713694719228872,0,0,0,0,0.00138919661457975,0,0.00388423637166857,1.33152917929901e-05,0.000401618488600328,0,0.000966422476317155,0,0,0.00446930555131859,0,0.00112787862123674,0,0.000804647431354734,0,0.0178235320147799,0,0.0224587931864015,0,0.00428841607907262,5.80122310612878e-05,0.00794095411335129,0,0.00377527426692066,4.86876125378684e-05,0.00476668616585414,6.39513960746011e-06,0.00283439877064848,0.00236636014572199,1.78053233076021e-06,0.0576403227801628,0,0.0158437615731333
0,0.0187135477492156,2.37880246118207e-05,0.0164628613018575,0,0,0,0,0,0.0010135109612876,0,0,0,0,0,0.000554049523736282,0,0,2.30383148289951e-05,0,0,0.00135275115603886,0,0.0262535892230139,0,0.00156810125754459,0,0,0,0,0,0.000879248283117224,0.000313418463093194,0.00375352707553188,0.000109455909059901,0.000249544678696421,0,0.0154932393533949,1.87841259815906e-05,0.0300559317473488,0,0.0441470550998456,0,0,0,1.01612654660224e-05,0,0.312503325401374,0.00713694719228872,0,0,0,0,0,0,0.00237961632969666,0,0.00447830905978687,0,0.00101781762272624,0,0.00774514362674975,3.21368270498378e-05,0,0.0189522836158061,0,0.0227976710032491,0,0.00242022139070092,0,0.0389737401654575,7.84456726339263e-06,0.00275249512939964,0,0.000345388358853414,7.99879816323831e-05,0.0054400678926799,4.13211428199303e-05,0.00881047501790245,2.74739702889429e-06,0.0176332088993591,5.75716139496448e-05,0.00335139567858163,3.23685543365106e-06,0.0622727948674893,8.7250014647491e-05,0
0,0,0.012982776806043,0,0.00140294615994208,0,0,0,0,0,0,0,0,0,0,0,0,0,0,0,0,0,0,0,0,0,0,0,0,0,0,0,0,0,0,0,0,0,0,0,0,0,0,0,0,0,0,0,0,0,0,0,0,0,0,0,0.0037794583528896,0,0.000288072916614216,0,0,0,0,0,0,0,0,0,0,0,0,0,0,0,0,0,0,0,0,0,0,0,0,0,0.00142169786283664,0,0
0,0,0,0.0415456728706585,0,0.0512319631022611,0,0.00744801947192109,0,0,0,0.00253879897098103,0,0.000943667332610112,0,0,0,0,0,0.00664665820400522,0,0,0,0,0,0,0,0,0,0,0,0,0,0,0,0,0,0,0,0.000136746985848462,0,0.000840826680576003,0,0,0,0,0,3.53127495040292e-05,0,0,0,0,0,0.00533671209306782,0,0,0,0.0115990630374517,0,0.00589219356266895,0,0.00279268648923916,0.00174995592680154,0,0,0,0,0,0,0,0,0,0,0,0,0,0,0,0,0,0,0,0.000538083300791435,0,0.00342638049680594,0,0
0,0,0,0,0,0,0.000846471288241446,0,0,0,0,0,0,0,0,0,0,0,0,0,0,0,0,0,0,0,0,0,0,0,0,0,0,0,0,0,0,0,0,0,0,0,0,0,0,0,0,0,0,0,0,0,0,0,0,0,0.026364044933741,0,0,0,0,0,0,0,0,0,0,0,0,0,0,0,0,0,0,0,0,0,0,0,0,0,1.12540854511474e-05,0,0,0,0
0,0,0,0,0,0,0,0.0566265158042323,0,0,0,0.00116897044287536,0,0,0,0,0,0,0,0,0,0,0,0,0,0,0,0,0,0,0,0,0,0,0,0,0,0,0,0,0,0,0,0,0,0,0,0,0,0,0,0.00533671209306782,0,0,0,0,0,0.00344299576484788,0,0,0,0,0,0,0,0,0,0,0,0,0,0,0,0,0,0,0,0,0,0,0,0,0.000202681584872724,0,0,0,0
0.0130356776624629,0,0.0715338020286675,0,0,0,0,0,0.0838844557390674,0,0,0,0,0,0.000988408501976542,0,0,0,0,0,0,0,0,0,0.0426109428764201,0,0,0,0,0,0,0,0,0,0,0,0,0,0.000335877499900286,0,0,0,0.000588614140047334,0,0,0,2.61440172090893e-05,0.00014468483166169,0.00138919661457975,0,0,0,0,0,0,0,0,0,0,0,0.0138716624420543,0,0,0,0,0,0,0.0993405967353001,0,0,0,0,0,0,0,0,0,0,0,0,0,0.00051476145787716,0.000268105208285338,0,0.00165656979445405,0,0.000353801167710353
0,0.029953946249301,0,0.0666261473863945,0,0,0,0,0,0.0506277187221346,0,0,0,0,0,0.01368530483915,0,2.66966044467679e-05,0,0,0,0,0,0.0122739024888161,0,0,0,0,0,0,0,0,0,0,0,0,0,0.000851202154048548,0,4.80753877258782e-05,0,0.000339058770865888,0,0,0,0,0,9.12593820231291e-05,0,0.00237961632969666,0,0,0,0,0,0,0,0,0,0,0,0.0175401469246568,0,0,0,0,0.0668850196056838,0,0,0,0,0,0,0,0,0,0,0,1.57786431272147e-05,0,0.000749893395291295,0,0.000318101518584223,3.98841317955168e-06,0.00169926749425852,0,0
0,0,0,0,0,0,0.00300341659693972,0,0,0,0.0768630840035214,0,0.00165929588184748,0,0,0,0,0,3.91670462856633e-05,0,0.0191764412755213,0,0,0,0,0,0,0,0,0,0.000213140738936871,0,0,0,0,0,0,0,0.0030312418905908,0,0,0,0.000873566316676965,0,0,0,0,1.34021936015261e-05,0.00388423637166857,0,0.0037794583528896,0,0.026364044933741,0,0,0,0,0,0.0116259512425271,0,0.00192571061838148,0,0,0.00606938067463215,0,0,0,0,0,0,0,0.00251666638096618,0,0.0350396978243106,0,0,0,0,0,5.40051175233476e-06,0,0.00114520136787069,0.000147081554912472,0,0.0118504241835017,0,0
0,0.000583520732938654,0,0.00346588842303447,0,0.000320789268948573,0,0.0111613198274813,0,0,0,0.123731836289099,0,0.000969127663364996,0,0,1.6999326296729e-05,1.55834955518735e-05,0.0010258398283705,0.0221819100709623,0,0,0,0,0,0,0,0,0,0.000346098889405543,0,0,0,0,0,0.00374267338518426,0,0.00546553086405678,0,0.000398386832942696,6.72486944657269e-05,0.0154399823883382,1.06278859953954e-05,0.000444215962261345,0,0.00132645057519884,0,0.000452676176470504,1.33152917929901e-05,0.00447830905978687,0,0.0115990630374517,0,0.00344299576484788,0,0,0,0,0,0.0195891216314432,0,0,0.0436569612170821,8.3133704411026e-05,0,0,0,0,0,0,0.00832091576682047,0,0.0505494775570424,0,0,0,0,0,0.000762308578743119,0,0.000312866896322758,0,0.00248160291842203,0,0.0336403897931209,0.0058157268648919,0
0,0,0.00244836899232962,0,0,0,8.18732587504201e-05,0,0,0,5.51526354684029e-05,0,0.0160446371620558,0,0.00153061585037148,0,0,0,0,0,0,0,0,0,0,0,0,0,0,0,0,0,0,0,0,0,0,0,0,0,0,0,0,0,0,0,0,0,0.000401618488600328,0,0.000288072916614216,0,0,0,0,0,0.0116259512425271,0,0,0,0.0034899986006423,0,0,7.43573606461038e-05,0,0,0,0,0,0.000137292455227031,0,0.000481900757439805,0,0.000168382947549143,0,0,0,0,0,0,0,2.3960672116153e-06,6.63896025798749e-06,0,0.00277218117354636,0,0
0,0,0,0.000261503402444647,0,0.000372677744307725,0,0.000616179535275541,0,0,0,0.0141616167209956,0,0.0232402400267602,0,0,0,0,0,0,0,0,0,0,0,0,0,0,0,0,0,0,0,0,0,0,0,0,0,0,0,0.000233423069133276,0,0,0,5.50467571082403e-06,0,7.9301636091712e-06,0,0.00101781762272624,0,0.00589219356266895,0,0,0,0,0,0.0195891216314432,0,0,0,0.0113222235654283,9.20422679625541e-05,0,0,0,0,0,0.00492127157442366,0,0.0312286233402624,0,0,0,0,0,0,0,0,0,0,0,0.000152925452818523,0,0.000622784661876372,0,0
0.00101332013531382,0,0.0237112929137814,0,0.00802091952199155,0,0,0,0.0131850803219468,0,0,0,0.000633475873416566,0,0.00355553469811496,0,0,0,0,0,0,0,0,0,0,0,0,0,0,0,0,0,0,0,0,0,0,0,0,0,0,0,3.12468527346042e-05,0,0,0,0,0,0.000966422476317155,0,0,0,0,0,0.0138716624420543,0,0.00192571061838148,0,0.0034899986006423,0,0,0,0,0,0,0,0,0.000525546663286601,0,0.0103110512537501,0,6.38504969555258e-05,0,0,0,0,0,0,0,0,0,0,9.9761903866891e-05,0.000101298051326611,0.000855611111316089,0,0
0,0.00700597399298896,0,0.00350781088245357,0,0.00108180490973619,0,0,0,0.0142011111441458,0,0,0,0.000577510101720691,0,0.0113973710142952,0,0.000100076214451504,0,0,0,0,0,0,0,0,0,0,0,0,0,0,0,0,0,0,0,0,0,0,0,9.87770848241013e-05,0,0,0,0,0,0,0,0.00774514362674975,0,0.00279268648923916,0,0,0,0.0175401469246568,0,0,0,0.0113222235654283,0,0,0,0,0,0,0,0,0.00208224951947841,0,0.000188022829158772,0,0,0,0,0,0,0,0,0,0,0,0.000267207800966882,0.000168843192981387,0.00110920042181492,0,0
0,0.000725399462856867,0,0.000309090626903918,0,0.000855628758116244,0,0,0,0,0,0.00402506570752394,0,0,0,0,0.000354981630560375,0.000377721056590958,0.0126614028666911,0.145178977045593,0,0,0,0,0,0,0,0,0,0,0,0,0,0,0,0.00562232219484275,0,0.00496502933120469,0,0.0161729815372031,0,0.016118228159962,0.000617679522669859,0.000587097678178355,2.67347990961322e-05,0.0458910464071907,0.00010879161702278,6.9156648476444e-05,0,3.21368270498378e-05,0,0.00174995592680154,0,0,0,0,0,0.0436569612170821,0,9.20422679625541e-05,0,0,0,0.000292708136572706,0,0,0,0,0,0,0.000134842777043897,0,0.0383758774352641,0,0,0,0,0,0.0136663592086179,2.58238198386464e-05,0.00933129706109784,0,0.000967561500153499,0,0.015965789994932,0.00601393204864035,0
9.46936604711108e-05,0,1.70295195948608e-05,0,0,0,0,0,0,0,0.000608027598984566,0,0,0,0,0,0.000394704763497591,0.000373137963759462,0.0110366348915934,0,0.0679046373096513,0,0,0,0,0,0,0,0,0,0,0,0,0,0,0,0.00749383856684042,0,0.0011888048229249,0.000374494296262046,0.00494566246423878,6.09969343557193e-05,0.0209926894568924,0.000266995886942425,0.00172345618459957,5.44501516166716e-05,0.0569641859074883,0,0.00446930555131859,0,0,0,0,0,0,0,0.00606938067463215,8.3133704411026e-05,7.43573606461038e-05,0,0,0,0.000292708136572706,0,0,0,0,0,0,0,0,0.000135362460680493,0,0.00775801690509061,0,0,0,0,3.33168998175762e-05,0.00616888954380369,0,0.00336734210772795,0.0032220028409147,0,0.0384847260271382,0,0.000396681622128777
0,0,0,0,0,0,0,0,0,0,0,0,0,0,0,0,0,0,0,0,0,0.0708455598698128,0.000111048178405962,0.000323079312971096,0,0,0,0.00181061186090147,0,0,0,0,0,0,0,0,0,0.002235128138295,0,0,0,0,0,0,0,0,0,0,0,0.0189522836158061,0,0,0,0,0,0,0,0,0,0,0,0,0,0,0,0,0.000201012944488366,0,0.0031393367238927,0,0.0227366267620497,0,0,0,0,0,0,0,0,0,0.00321255084280062,3.50726966089716e-06,0.00078108933739323,8.6394647916903e-05,2.36885560561597e-05,0,0
0,0,0,0,0,0,0,0,0,0,0,0,0,0,0,0,0,0,0,0,0,0.000380473555710315,0.0993450215480817,0,0.00602704590451207,0,0.000671290585580852,0,0.00236747017923267,0,0,0,0,0,0,0,0,0,0.00389976425630965,0,0,0,0,0,0,0,0,2.17593620085652e-05,0.00112787862123674,0,0,0,0,0,0,0,0,0,0,0,0,0,0,0,0,0,0,0.00465261745684139,0,0.00103932751868958,0,0.00012580513400978,0,0,0,0,0,0,0,0,0,0.00255070538793215,0.00129904140809445,0.000234319884855625,0,0,0
0,0.000876768781096582,0,0,0,0,0,0,0,0.0168783269668621,0,0,0,0,0,0,0,0.000130257081383212,0,0,0,0,0,0.222348939193872,0,0.00118792509887582,0,0,0,0,0,0,0,0,0,0,0,0.00266580887102175,0,0,0,0,0,0,0,0,0,0,0,0.0227976710032491,0,0,0,0,0,0.0668850196056838,0,0,0,0,0,0,0,0,0.000201012944488366,0,0,0,0.00271006549042822,0,0,0,0,0,0,0,0,0,0,0,0.00181629849562666,0,2.11088972025792e-05,0,0.0071147407431917,0,0
0,0,0,0,0,0,0,0,0.0142668178191655,0,0,0,0,0,0,0,0.000161550602769887,0,0,0,0,0,0.00158230621279266,0,0.235559742032486,0,0.0429804598281715,0,0,0,0,0,0,0,0,0,0,0,0.00344823508722119,0,0,0,0,0,0,0,0,0,0.000804647431354734,0,0,0,0,0,0.0993405967353001,0,0,0,0,0,0.000525546663286601,0,0,0,0,0.00465261745684139,0,0,0,0.0287379184096337,0,0,0,0,0,0,0,0,0,0,0,0.00507011245705952,0.000464832903153699,0,0,0,0
0,0,0,0,0,0,0,0,0,0,0,0,0,0,0,0,0,0,0,0,0,0.00104929167981759,0,0.068643423871541,0,0.0703935788624121,0,0,0,0,0,0,0,0,0,0,0,0,0,0,0,0,0,0,0,0,0,0,0,0.00242022139070092,0,0,0,0,0,0,0,0,0,0.00492127157442366,0,0.00208224951947841,0,0,0.0031393367238927,0,0.00271006549042822,0,0,0,0.013239172457188,0,0,0,0,0,0,0,0,0,1.2298290270022e-05,0,4.94890060673357e-06,0,2.57950303798014e-05,0,0
0,0,0,0,0,0,0,0,0,0,0,0,0,0,0,0,0.000497185807292369,0,0,0,0,0,3.91457079162966e-05,0,0.0215905062211933,0,0.00927146356548266,0,0.00097302820104045,0,0,0,0,0,0,0,0,0,0,0,0,0,0,0,0,0,0,0,0.0178235320147799,0,0,0,0,0,0,0,0,0,0.000137292455227031,0,0.0103110512537501,0,0,0,0,0.00103932751868958,0,0.0287379184096337,0,0,0,0.00300378688315848,0,0,0,0,0,0,0,0,0,0,0.000126848540876821,0,0,0,0
0,0,0,0,0,0,0,0,0,0,0,4.37828384747263e-05,0,0,0,0,0,0,0,0,0,0.00243099937940959,0,0.00021618899168918,0,0,0,0.024680229405745,0,0.00046111032826756,0,0,0,0,0,0,0,0.00420514980153165,0,0,0,0.000135357433832891,0,0,0,8.02732811677276e-06,0,3.73222687771514e-05,0,0.0389737401654575,0,0,0,0,0,0,0,0.00832091576682047,0,0.0312286233402624,0,0.000188022829158772,0.000134842777043897,0,0.0227366267620497,0,0,0,0.013239172457188,0,0,0,0.00104223120749571,0,0,0,0,0,0,0,0.00137972029853883,0,0.000286473516034331,0.000103803977644792,0.000959586239575236,0,0
0,0,0,0,0,0,0,0,0,0,0,0,0,0,0,0,0,0,0.000417121449515918,0,0,0,1.75663025309162e-05,0,0,0,0.000603971457173605,0,0.0239158383086083,0,0.00426479919963397,0,0,0,0,0,4.41247072678802e-06,0,0,0,1.12602776417556e-05,0,0.00411366696200272,0,0,0,1.85143342755862e-05,2.532666399084e-05,0.0224587931864015,7.84456726339263e-06,0,0,0,0,0,0,0.00251666638096618,0,0.000481900757439805,0,6.38504969555258e-05,0,0,0.000135362460680493,0,0.00012580513400978,0,0,0,0.00300378688315848,0,0,0,0.0113160559692884,0,0,0,0,0,1.01320921127256e-05,0,0.00195460615248172,0.000130962829599547,0,0.00542404758080533,0,0
0,0.00228587960575697,0,0.00365972520523115,0,0,0,0,0,0,0,0.00815804887922742,0,0,0,0,1.11219467615807e-05,2.03446847282318e-05,0.00386509707985812,0.00166427058529875,0,0,0,0,0,0,0,0.000107726446870916,0,0.0586889821730984,0,0,0,0,0,2.42730640369339e-05,0,3.37487616182015e-05,0,0.00313480993249402,0,0.0346519370000415,0,0.00177981598353751,0,0.00202477397550598,0,0.000209371925764663,0,0.00275249512939964,0,0,0,0,0,0,0,0.0505494775570424,0,0,0,0,0.0383758774352641,0,0,0,0,0,0,0,0.00104223120749571,0,0,0,0,0,0,0,0.000749688968977701,0,0.00346553943371741,0,0.001447588117936,3.78290904622103e-06,0.0153170805070865,0.032439252580896,0
0,0,0,0,0,0,0,0,0,0,0.0397164439334102,0,0,0,0,0,7.35446154619719e-05,0.000142648887907524,0.00230989235985007,0,0,0,0,0,0,0,0,0,0,0,0.103377937425541,0,0,0,0,0,1.65972132674354e-05,0,0.00381348671767257,0,0.000622087677275188,0,0.0159963931243281,0,0.00189609358833998,0,0.000889155089059425,0.000460853907334299,0.00428841607907262,0,0,0,0,0,0,0,0.0350396978243106,0,0.000168382947549143,0,0,0,0,0.00775801690509061,0,0,0,0,0,0,0,0.0113160559692884,0,0,0,0,0,0,2.79687140310946e-05,0.000317523788793647,1.23437317644374e-05,0.00704613949971845,0.000599959725385303,0,0.0236688101243561,0,0.00280710781766043
