0,0,0.151121382839804,0,0,0,0,0,0.142573910864811,0,0,0,0,0,0,0,0,0,0.278820689353678,0,0,0,0,0,0.197481966018677,0,0,0,0,0,0,0,0,0,0,0,0,0,0.163801808442388,0,0.436458796262741,0,0.311776126050032,0,0.419269248843193,0,0.371413541467566,0.322894842578815,0.180273521151141,0.363545686006546,0,0,0,0,0.187095065913782,0,0,0,0,0,0.198972155044718,0,0,0,0,0,0,0.193261419573138,0,0,0,0,0,0.376082557439804,0,0,0,0,0,0.429965051697261,0,0.409268021583557,0.207679081230328,0,0.26227193325758,0,0.346475630998611
0,0,0,0.163068939000368,0,0,0,0,0,0.216586486418165,0,0,0,0,0,0,0.250283598899841,0.302439987659454,0.37072030171752,0,0,0,0,0.212108488082886,0,0.234551936388016,0,0,0,0,0,0,0,0,0,0,0,0.498731076717377,0,0.396345435331265,0,0.242923310310659,0,0,0,0.393837640774839,0,0.261368185281754,0,0.201346679826752,0,0,0,0,0,0.15965133738451,0,0.342001584522864,0,0,0,0.205521068378781,0.411580778085268,0,0,0,0.209684527346066,0,0,0,0.338645309209824,0,0.362200232488768,0,0,0,0,0,0.425591345362085,0,0.447994578501274,0,0.325342125464956,0,0.275775010330475,0.263682786156149,0
0.151121382839804,0,0,0,0.200661927461624,0,0,0,0.144519707832666,0,0,0,0,0,0,0,0.266899516185125,0,0.273384700715542,0,0.241506069898605,0,0,0,0,0,0,0,0,0,0,0,0,0,0,0,0.229759873822331,0.406410604715347,0,0,0.261272540342981,0.279504990577698,0.299860836025597,0,0,0.291465282440186,0.228148514147621,0.280099327010768,0.213657283953514,0.282933394823756,0.232301689265819,0,0,0,0.179917090446562,0,0.268381747603416,0,0.265400857731854,0,0.265908207963495,0,0,0.305093815648242,0,0,0,0,0,0,0,0,0,0.311971098574158,0,0,0,0,0.26892501115799,0.25009608168791,0,0.249509273604913,0.198435972532395,0.238727733492851,0.247458498381788,0,0.304698623716831
0,0.163068939000368,0,0,0,0.154980933217674,0,0,0,0.146318407527433,0,0.282070308923721,0,0,0,0,0,0.282005906105042,0.352210400359971,0,0,0,0,0,0,0,0,0,0,0,0,0,0,0,0,0,0,0.315766973154885,0,0.256869887604433,0.293707579374313,0.273834921343594,0,0,0,0.356021327759933,0.265877912441889,0,0,0.202824507191263,0,0.164148174771448,0,0,0,0.142980153940312,0,0.227991079666505,0,0.161076268106699,0,0.142909791203415,0.253100365782395,0,0,0,0,0,0,0,0.279906401267419,0,0.288296448939946,0,0,0,0,0,0.335065407188315,0,0.294137354940176,0,0.314162081712252,0,0.203375548959321,0.279393464326859,0
0,0,0.200661927461624,0,0,0,0,0,0.156318253113164,0,0,0,0,0,0.157459422945976,0,0.26872177918752,0.25468510389328,0.241124263033271,0,0.209037526076689,0,0,0,0,0,0,0,0,0,0,0,0,0,0.319709748029709,0.286667570471764,0.18257074868679,0,0,0,0.238870984279966,0.257356572151184,0.258949449658394,0,0,0.250144675374031,0.215263157131824,0.261990582777394,0.253702868262063,0.275666826649716,0.171887931871143,0,0,0,0.16714094009883,0,0.24476892323721,0,0.209585326910019,0,0.248992547392845,0,0,0.242616743470232,0,0,0,0,0,0,0,0,0,0.284650894502799,0,0,0,0,0,0.212636800338505,0,0.243145780343758,0.169743517515051,0.248858883976936,0.218692006975572,0,0.243157982826233
0,0,0,0.154980933217674,0,0,0,0,0,0.134955644607544,0,0,0,0,0,0,0,0,0,0.161256040813345,0,0,0,0,0,0,0,0,0,0,0,0,0,0,0,0.203980908729136,0,0,0,0.254686668515205,0,0.266916711628437,0,0,0,0.262003282705943,0,0,0,0.253088500012051,0,0.166926276559631,0,0,0,0,0,0.107332016740526,0,0.173318363193955,0,0.129016753286123,0.225925579667091,0,0,0,0,0,0,0,0,0,0,0,0,0,0,0,0.20672948906819,0,0,0,0.167905845100413,0.237809543808301,0.161784172003821,0,0
0,0,0,0,0,0,0,0,0,0,0.180678272329339,0,0.139311178028584,0,0,0,0,0,0,0,0.161697083711624,0,0,0,0,0,0,0,0,0,0,0,0,0,0,0,0.178033992648125,0,0,0,0,0,0,0,0,0,0,0,0,0,0,0,0.113725307663637,0,0,0,0.158614408224821,0,0.148879950245221,0,0,0,0,0,0,0,0,0,0,0,0,0,0,0,0,0,0,0,0,0,0,0,0.146744160766497,0,0.161624357104301,0,0
0,0,0,0,0,0,0,0,0,0,0,0,0,0.125948995649815,0,0,0,0,0,0.157050709107092,0,0,0,0,0,0,0,0,0,0,0,0,0,0,0,0,0,0,0,0,0,0,0,0,0,0,0,0,0,0,0,0,0,0.127062363120226,0,0,0,0.146063321016052,0,0.124712410915111,0,0,0,0,0,0,0,0,0,0,0,0,0,0,0,0,0,0,0.194493651390076,0,0,0,0.149378588566413,0,0.142546474933624,0,0
0.142573910864811,0,0.144519707832666,0,0.156318253113164,0,0,0,0,0,0,0,0,0,0.153070386160504,0,0.143408041933308,0,0.212990111148939,0,0,0,0,0,0.161266909266861,0,0.190838379100197,0,0,0,0,0,0,0,0,0,0,0,0.246960185534131,0,0.249973458051682,0.253573596477509,0.178647664179848,0,0,0,0.213827075064182,0.28005373775959,0.156307157058761,0,0.162996723809663,0,0,0,0.181996306573803,0,0.25131393969059,0,0,0,0.179169862398079,0,0,0,0,0,0,0.177067893189053,0,0.18740653353078,0,0,0,0.298229736941201,0,0,0,0,0,0.218900166451931,0,0.347420087317005,0.205855060321177,0.221764867504438,0.167739490620715,0,0.194392681121826
0,0.216586486418165,0,0.146318407527433,0,0.134955644607544,0,0,0,0,0,0,0,0,0,0.184040510894791,0.170141407847404,0.179433879903471,0.245269992794746,0,0,0,0,0.203893794511494,0,0.177575420056071,0,0,0,0,0,0,0,0,0,0,0,0,0,0,0,0.200769406743348,0,0,0,0.264086544513702,0,0,0,0.156678887271641,0,0,0,0,0,0.18944184101102,0,0,0,0,0,0.190112844109535,0,0,0,0,0.237910123318727,0,0.134519938845187,0,0,0,0,0,0,0,0,0,0,0,0.200281559910676,0,0.228273631383975,0.195005521178246,0.214373916762168,0,0
0,0,0,0,0,0,0.180678272329339,0,0,0,0,0,0.132631723748313,0,0,0,0,0,0,0,0.119954344583675,0,0,0,0,0,0,0,0.149777790904045,0,0.0917432666305573,0,0,0,0,0,0.118955017163836,0,0.104470243517842,0,0,0,0,0,0,0,0,0,0,0,0,0,0,0,0,0,0.184617238499376,0,0,0,0,0,0,0.136130085758244,0,0,0,0,0,0,0,0.140266068279743,0,0.0948040325194597,0,0,0,0,0,0,0,0.100705042481422,0.10610796116873,0,0,0,0
0,0,0,0.282070308923721,0,0,0,0,0,0,0,0,0,0.177844333648682,0,0,0,0,0.34452223777771,0.169403718279327,0,0,0,0,0,0,0,0.177345082163811,0,0.199736264694867,0,0,0,0,0,0.119054940011766,0,0.115405669764561,0,0,0,0.327731803059578,0,0,0,0.358085066080093,0,0,0,0,0,0.107914701104164,0,0.115414075553417,0,0,0,0.192980025150025,0,0.157362855853528,0,0,0.259589696379557,0,0,0,0,0,0,0,0.165134828235652,0,0.111181766859123,0,0,0,0,0,0.310263884067535,0,0,0,0.1524438675493,0.10992556810379,0.193242231452907,0,0
0,0,0,0,0,0,0.139311178028584,0,0,0,0.132631723748313,0,0,0,0.21624408048742,0,0,0,0,0,0,0,0,0,0,0,0,0,0.2051015868783,0,0,0,0,0,0,0,0,0,0,0,0,0,0,0,0,0,0,0,0,0,0,0,0.107811268005106,0,0,0,0.13977900147438,0,0.165729672150633,0,0.190871698558331,0,0,0,0,0,0,0,0,0,0,0,0,0,0,0,0,0,0,0,0,0,0.153954869579701,0,0,0,0
0,0,0,0,0,0,0,0.125948995649815,0,0,0,0.177844333648682,0,0,0,0.163252735137939,0,0,0,0,0,0,0,0,0,0,0,0.126302739536321,0,0,0,0,0,0,0,0,0,0,0,0,0,0,0,0,0,0,0,0,0,0,0,0,0,0,0,0,0,0,0,0.170138583096349,0,0,0,0,0,0,0,0,0,0,0.164620624411674,0,0,0,0,0,0,0,0,0,0,0,0.143394616329008,0.148318884694206,0,0,0
0,0,0,0,0.157459422945976,0,0,0,0.153070386160504,0,0,0,0.21624408048742,0,0,0,0.133242389490438,0,0,0,0,0,0,0,0.185157215863955,0,0.207549481765255,0,0,0,0,0,0,0,0,0,0,0,0,0,0,0,0,0,0,0,0,0,0.189610213041306,0,0.183986019222967,0,0,0,0.146782986819744,0,0,0,0.226828586854292,0,0.160467694445354,0,0,0,0,0,0,0,0,0,0,0,0,0,0,0,0,0,0,0,0,0,0,0,0,0,0
0,0,0,0,0,0,0,0,0,0.184040510894791,0,0,0,0.163252735137939,0,0,0,0.165422063562081,0,0,0,0,0,0.156369224190712,0,0.136305287480354,0,0,0,0,0,0,0,0,0,0,0,0,0,0,0,0,0,0,0,0,0,0,0,0.181973524391651,0,0,0,0,0,0.184223969659162,0,0,0,0,0,0.180551562000785,0,0,0,0,0,0,0.135934245255258,0,0,0,0,0,0,0,0,0,0,0,0,0,0.158200538824083,0.182236622770627,0,0,0
0,0.250283598899841,0.266899516185125,0,0.26872177918752,0,0,0,0.143408041933308,0.170141407847404,0,0,0,0,0.133242389490438,0,0,0.155440188545941,0.302830440558762,0,0,0.181665897369385,0.130523046851158,0,0.131893299520016,0.144018969152655,0.140646198666409,0,0,0,0,0,0,0,0,0,0,0.324558476607005,0,0.281372159719467,0.326368738210104,0.254287817927658,0.276446990266875,0,0.328585386276245,0.309167679286364,0.306712423500262,0,0.314282146028497,0,0,0,0,0,0,0,0.254710227251053,0.261463284492493,0,0,0.131479355196158,0,0.306087111433347,0,0,0.0970364734530449,0,0.154292650969632,0,0.165559221059084,0,0,0.300345659255981,0.3293254503182,0,0,0,0,0.322381743305438,0.344453312203187,0.306219201873649,0.351659221217987,0.205658468111347,0.243009244769786,0.311244346225224,0.257859523408115,0.275083928423769
0,0.302439987659454,0,0.282005906105042,0.25468510389328,0,0,0,0,0.179433879903471,0,0,0,0,0,0.165422063562081,0.155440188545941,0,0.265083354535489,0,0,0.143203111297458,0,0.155371325029122,0,0.144304134609408,0,0,0,0,0,0,0,0,0,0,0,0.346246061846614,0,0.284149205046041,0.315205743802445,0.267024565594537,0.263076218217611,0,0.325765177607536,0.304305363793551,0.289433857973884,0,0.310507021406118,0,0,0,0,0,0,0.147870616420456,0,0.317395061254501,0.277824342250824,0,0,0.144467830657959,0.346089618850727,0.287993907928467,0.177157431840897,0,0,0,0.142662487924099,0,0.312967658042908,0,0.325086150318384,0.302525443956256,0,0,0,0,0.324702690545498,0.342945636704911,0.331666131850577,0.322274547356826,0.234193145889459,0.17227234490345,0.293902890384197,0.2780852090319,0.255695107703408
0.278820689353678,0.37072030171752,0.273384700715542,0.352210400359971,0.241124263033271,0,0,0,0.212990111148939,0.245269992794746,0,0.34452223777771,0,0,0,0,0.302830440558762,0.265083354535489,0,0.339441563401903,0,0,0,0,0,0.211119945560183,0,0,0,0,0,0,0,0,0,0,0.261107563972473,0.337268410694031,0,0.268186712555126,0.344208309546713,0.204139146329351,0.253052631229316,0,0.419201034792634,0.318863123800375,0.355778922952434,0.237257897853851,0.327932439257051,0.335783928632736,0.244217425584793,0,0,0,0.238473206758499,0,0.299196746945381,0.290766937313256,0.276066780090332,0,0,0,0.33608582171988,0.279328286647797,0,0,0,0,0,0,0.328947395086288,0,0.302733352768563,0.348697420460789,0,0,0,0,0.32465984236059,0.391395895573717,0.311649306082676,0.404576340371081,0.242737145028771,0.241849451603597,0.322984435578486,0.230674232526911,0.258472762223186
0,0,0,0,0,0.161256040813345,0,0.157050709107092,0,0,0,0.169403718279327,0,0,0,0,0,0,0.339441563401903,0,0,0,0,0,0,0,0,0,0,0,0,0,0,0,0,0.169114347039493,0,0.351284397649579,0,0,0.349620252847672,0.314447231590748,0,0,0,0.296060124678271,0,0,0,0,0,0.128455877304077,0,0,0,0,0,0.171962089851803,0,0,0,0,0.244934288784862,0,0,0,0,0,0,0,0,0,0.389224110227643,0,0,0,0,0,0.185993474794597,0,0.287598986426989,0,0.186709074372252,0,0.242482368407711,0.416771918535233,0
0,0,0.241506069898605,0,0.209037526076689,0,0.161697083711624,0,0,0,0.119954344583675,0,0,0,0,0,0,0,0,0,0,0,0,0,0,0,0,0,0,0,0,0,0,0,0,0,0.140391654080965,0,0.125249459014999,0,0,0,0,0,0,0,0.176666329304377,0,0.254247181117535,0,0.251538221724331,0,0,0,0,0,0,0,0,0,0,0,0,0.136827033221859,0,0,0,0,0,0,0,0,0,0.280171543359756,0,0,0,0,0,0.168692929000636,0,0.1482984257095,0.153342176949122,0,0.163409454020906,0,0
0,0,0,0,0,0,0,0,0,0,0,0,0,0,0,0,0.181665897369385,0.143203111297458,0,0,0,0,0.0830073240730498,0.141925858177619,0,0.133059501647949,0,0.202071305016677,0,0,0,0,0,0,0,0,0,0.12834810139296,0,0,0,0,0,0,0,0,0,0,0,0.194637177520555,0,0,0,0,0,0,0,0,0,0,0,0,0,0,0.201806991306104,0,0.142950704202373,0,0.231444312990004,0,0.255299393934623,0,0,0,0,0,0,0,0,0,0.212983899749815,0,0.130293218443146,0.136079869149724,0,0,0
0,0,0,0,0,0,0,0,0,0,0,0,0,0,0,0,0.130523046851158,0,0,0,0,0.0830073240730498,0,0,0.164309292290006,0,0.15337148308754,0,0.159741908527803,0,0,0,0,0,0,0,0,0.151468180119991,0.217196384665746,0,0,0,0,0,0,0,0,0,0.269170576115934,0.462615817785263,0,0,0,0,0,0,0,0,0,0,0,0,0,0,0.0970984175801277,0.234935989430793,0,0.20682751228412,0,0.239684818933407,0,0.363018348813057,0,0,0,0,0,0,0,0,0.123783607035875,0.290762082587198,0.152822937211983,0.114284512751243,0,0,0
0,0.212108488082886,0,0,0,0,0,0,0,0.203893794511494,0,0,0,0,0,0.156369224190712,0,0.155371325029122,0,0,0,0.141925858177619,0,0,0,0.162410331217211,0,0,0,0,0,0,0,0,0,0,0,0.129788298924417,0,0,0,0.196449514478445,0,0,0,0,0,0,0,0.143052658066154,0,0,0,0,0,0.229118725177885,0,0,0,0,0,0.201152720738475,0,0,0.175316732922358,0,0.201896040083147,0,0.146268116424999,0,0.271931976079941,0,0,0,0,0,0,0,0,0,0.256544813765101,0,0.155184511054572,0,0.25538657605648,0,0
0.197481966018677,0,0,0,0,0,0,0,0.161266909266861,0,0,0,0,0,0.185157215863955,0,0.131893299520016,0,0,0,0,0,0.164309292290006,0,0,0,0.184129180063393,0,0,0,0,0,0,0,0,0,0,0,0.209307682664481,0,0,0,0,0,0,0,0,0,0,0,0,0,0,0,0.19885874519639,0,0,0,0,0,0.20661006025646,0,0,0,0,0.171498109010004,0,0.162735682010651,0,0.195386176678672,0,0,0,0,0,0,0,0,0,0,0,0.252487364229517,0.141279057249385,0.134001168888062,0.29882204126228,0,0
0,0.234551936388016,0,0,0,0,0,0,0,0.177575420056071,0,0,0,0,0,0.136305287480354,0.144018969152655,0.144304134609408,0.211119945560183,0,0,0.133059501647949,0,0.162410331217211,0,0,0,0.190530624941434,0,0,0,0,0,0,0,0,0,0,0,0,0,0,0,0,0,0,0,0,0,0,0,0,0,0,0,0,0,0,0,0,0,0.172792390636776,0,0,0,0,0,0,0.218976952046866,0,0.165127524146528,0,0,0,0,0,0,0,0,0,0,0,0.173158140232166,0.154214352369308,0,0,0
0,0,0,0,0,0,0,0,0.190838379100197,0,0,0,0,0,0.207549481765255,0,0.140646198666409,0,0,0,0,0,0.15337148308754,0,0.184129180063393,0,0,0,0,0,0,0,0,0,0,0,0,0,0,0,0,0,0,0,0,0,0,0,0,0,0,0,0,0,0.191937492809434,0,0,0,0,0,0.22059564427896,0,0,0,0,0,0,0.188781710566988,0,0.194253449934343,0,0.137048383846002,0,0,0,0,0,0,0,0,0,0,0.1762765173496,0,0,0,0
0,0,0,0,0,0,0,0,0,0,0,0.177345082163811,0,0.126302739536321,0,0,0,0,0,0,0,0.202071305016677,0,0,0,0.190530624941434,0,0,0,0.154714801178796,0,0,0,0,0,0,0,0.141573199204036,0,0,0,0,0,0,0,0,0,0,0,0,0,0,0,0,0,0,0,0,0,0.183659344911575,0,0,0,0,0.190916852039449,0,0,0,0.195473980744956,0,0.210449976220116,0,0.201520345427773,0,0,0,0,0,0,0,0,0,0.128309803507706,0.148551324807238,0,0,0
0,0,0,0,0,0,0,0,0,0,0.149777790904045,0,0.2051015868783,0,0,0,0,0,0,0,0,0,0.159741908527803,0,0,0,0,0,0,0,0.149118941833531,0,0,0,0,0,0,0,0.12190536616577,0,0,0,0,0,0,0,0,0,0,0,0,0,0,0,0,0,0,0,0.101265981793404,0,0,0,0,0,0,0.160554873532262,0,0,0,0,0,0.192623040295609,0,0.152171121910214,0,0,0,0,0,0,0,0,0.147193053170391,0,0,0,0
0,0,0,0,0,0,0,0,0,0,0,0.199736264694867,0,0,0,0,0,0,0,0,0,0,0,0,0,0,0,0.154714801178796,0,0,0,0,0,0,0,0,0,0.144529270960225,0,0,0,0,0,0,0,0,0,0,0,0,0,0,0,0,0,0,0,0.188118889061517,0,0,0,0,0.333012972027063,0,0,0,0,0,0,0,0.130231699108013,0,0.193170032792313,0,0,0,0,0,0,0,0.145560063994848,0,0.137423686852509,0.143037717756249,0,0,0
0,0,0,0,0,0,0,0,0,0,0.0917432666305573,0,0,0,0,0,0,0,0,0,0,0,0,0,0,0,0,0,0.149118941833531,0,0,0,0,0,0,0,0,0,0.132413210502515,0,0,0,0,0,0,0,0,0,0,0,0,0,0,0,0,0,0.103410210460424,0,0,0,0,0,0,0,0,0,0,0,0,0,0,0.138742185408069,0,0.157514622641934,0,0,0,0,0,0,0,0.159365177154541,0.149065360426903,0,0,0,0
0,0,0,0,0,0,0,0,0,0,0,0,0,0,0,0,0,0,0,0,0,0,0,0,0,0,0,0,0,0,0,0,0.150312357063223,0.209240168333054,0.193259773155053,0.146412615440578,0.178348256889438,0,0,0,0,0,0,0,0,0,0,0.263376947900612,0,0.306622294442994,0,0,0,0,0,0,0,0,0,0,0,0,0,0,0,0,0,0,0,0,0,0,0,0,0.157501460717283,0.333860591505513,0,0.197660992924984,0.316052792904278,0.265276563794989,0,0,0.124088680460339,0,0,0,0
0,0,0,0,0,0,0,0,0,0,0,0,0,0,0,0,0,0,0,0,0,0,0,0,0,0,0,0,0,0,0,0.150312357063223,0,0.191633145598804,0.366622514220384,0.262217988006093,0.266429557917587,0,0,0,0,0,0,0,0,0,0,0.425317909200909,0,0,0,0,0,0,0,0,0,0,0,0,0,0,0,0,0,0,0,0,0,0,0,0,0,0,0.155311624647872,0.345356737063781,0,0.265310436487198,0.148065291345119,0.322283062694678,0,0,0.170862291540418,0,0,0,0
0,0,0,0,0,0,0,0,0,0,0,0,0,0,0,0,0,0,0,0,0,0,0,0,0,0,0,0,0,0,0,0.209240168333054,0.191633145598804,0,0.182295104515008,0.144682382132326,0,0.181337167819341,0.188593305647373,0,0,0,0,0,0,0,0,0.229578379349458,0,0.30531788382091,0,0,0,0,0,0,0,0,0,0,0,0,0,0,0,0,0,0,0,0,0,0,0,0,0.303558610379696,0,0.159693781461101,0.200798921319882,0.167381087123458,0,0.157535367446845,0,0.18241640683767,0,0,0,0
0,0,0,0,0.319709748029709,0,0,0,0,0,0,0,0,0,0,0,0,0,0,0,0,0,0,0,0,0,0,0,0,0,0,0.193259773155053,0.366622514220384,0.182295104515008,0,0,0.150586307965179,0,0.167868748307228,0,0.293284833431244,0.483456254005432,0,0,0,0,0.328495115041733,0.366841277953805,0.284870886994946,0.477827748490704,0,0,0,0,0,0,0,0,0,0,0,0,0,0,0,0,0,0,0,0,0,0,0,0,0,0.224725000028099,0.164252083174734,0.210523587944942,0,0.320687428116798,0,0.217741867899895,0.192335705737757,0,0.457619190216064,0,0
0,0,0,0,0.286667570471764,0.203980908729136,0,0,0,0,0,0.119054940011766,0,0,0,0,0,0,0,0.169114347039493,0,0,0,0,0,0,0,0,0,0,0,0.146412615440578,0.262217988006093,0.144682382132326,0,0,0.203875052591775,0.13890488602255,0.113969463855028,0.236451578736305,0.257554203271866,0.242521941661835,0,0,0,0.167922054143513,0.212942376732826,0.307430813020488,0,0.25792314303227,0,0,0,0,0,0,0.271944910287857,0.136353497735307,0,0,0,0,0.185789454073813,0,0,0,0,0,0,0,0,0,0,0,0.170544825494289,0.295909898785444,0.149739603262122,0,0.207939359179933,0.313188271653472,0.217329654694079,0.305401802062988,0.178796219467085,0.171477039406697,0.204299863399868,0,0
0,0,0.229759873822331,0,0.18257074868679,0,0.178033992648125,0,0,0,0.118955017163836,0,0,0,0,0,0,0,0.261107563972473,0,0.140391654080965,0,0,0,0,0,0,0,0,0,0,0.178348256889438,0.266429557917587,0,0.150586307965179,0.203875052591775,0,0,0.155526346965952,0.212265926599503,0.193143392602603,0.37713298201561,0.277333566120693,0,0,0,0.148467346996069,0.336302116969089,0.20602070622974,0.287199978317533,0.24192753973706,0,0,0,0,0,0.249818541757439,0,0.244004433353742,0,0,0,0,0.175577251998856,0,0,0,0,0,0,0,0,0,0.243003487586975,0.151747166924179,0.33258724230386,0,0.23270597755909,0.18167453964657,0.20959421501547,0,0.204119451930971,0.162991152743437,0.286579283240896,0.219565034689022,0,0
0,0.498731076717377,0.406410604715347,0.315766973154885,0,0,0,0,0,0,0,0.115405669764561,0,0,0,0,0.324558476607005,0.346246061846614,0.337268410694031,0.351284397649579,0,0.12834810139296,0.151468180119991,0.129788298924417,0,0,0,0.141573199204036,0,0.144529270960225,0,0,0,0.181337167819341,0,0.13890488602255,0,0,0.137876548248437,0.346151391665141,0.316299110651016,0.346805038360449,0.297554597258568,0,0,0.330427103317701,0,0.594397717519366,0,0.344567425705885,0,0,0,0,0,0,0,0.116006051281504,0,0,0,0,0.295114417235104,0,0.140465639098998,0,0.205462142486464,0,0,0,0.418751895427704,0,0.150013802611098,0,0,0,0.199391335248947,0,0.18638789144778,0,0.236584459406386,0,0.343840894528798,0.174413204193115,0.421091082921395,0.382885468006134,0
0.163801808442388,0,0,0,0,0,0,0,0.246960185534131,0,0.104470243517842,0,0,0,0,0,0,0,0,0,0.125249459014999,0,0.217196384665746,0,0.209307682664481,0,0,0,0.12190536616577,0,0.132413210502515,0,0,0.188593305647373,0.167868748307228,0.113969463855028,0.155526346965952,0.137876548248437,0,0,0,0,0.221718619267146,0,0,0,0.181783866137266,0.617109186604001,0.339365612308792,0.550408724695444,0,0,0,0,0.341880536209928,0,0.0987570084631443,0,0,0,0,0,0,0.132745731275442,0,0.399468146273176,0,0.299978021507126,0,0,0,0.130599760972872,0,0,0,0,0,0.234354630762496,0,0.209483172965363,0.147326663136482,0.253959003818339,0.321965375590187,0.130924026755726,0.357709835781608,0,0
0,0.396345435331265,0,0.256869887604433,0,0.254686668515205,0,0,0,0,0,0,0,0,0,0,0.281372159719467,0.284149205046041,0.268186712555126,0,0,0,0,0,0,0,0,0,0,0,0,0,0,0,0,0.236451578736305,0.212265926599503,0.346151391665141,0,0,0.2885010259019,0.271923771668212,0.291232092512978,0,0,0.224541552021798,0.288766478498777,0.221200439085563,0.347158998250961,0.23475753709122,0,0,0,0,0.260278582572937,0,0,0.261284456484848,0,0,0,0,0.199385703944746,0,0,0,0,0,0,0,0.262515157461166,0,0.247423891897325,0,0,0,0,0,0.283386522534481,0.314385287463665,0.228451788631588,0.284996852278709,0.2947591824587,0,0.210702445826688,0.245423173398844,0.321890860795975
0.436458796262741,0,0.261272540342981,0.293707579374313,0.238870984279966,0,0,0,0.249973458051682,0,0,0,0,0,0,0,0.326368738210104,0.315205743802445,0.344208309546713,0.349620252847672,0,0,0,0,0,0,0,0,0,0,0,0,0,0,0.293284833431244,0.257554203271866,0.193143392602603,0.316299110651016,0,0.2885010259019,0,0.272447007659235,0.275857481228713,0,0.417854909385954,0.320496101881943,0.284379003021988,0.173291529417038,0.163606360168254,0.272585468159782,0.244595388902558,0,0,0,0.230982966721058,0,0.259871760606766,0.316964715719223,0.254118181765079,0,0.259981226176023,0,0.341121527552605,0.252562983221905,0,0,0,0,0,0,0,0,0.324195886651675,0.281570999635209,0,0,0,0,0.337819594623787,0.260858225837265,0.330825092700812,0.304972762923415,0.302472732349673,0.290622098371387,0.286082040810038,0.263849264697025,0.342184475560983
0,0.242923310310659,0.279504990577698,0.273834921343594,0.257356572151184,0.266916711628437,0,0,0.253573596477509,0.200769406743348,0,0.327731803059578,0,0,0,0,0.254287817927658,0.267024565594537,0.204139146329351,0.314447231590748,0,0,0,0.196449514478445,0,0,0,0,0,0,0,0,0,0,0.483456254005432,0.242521941661835,0.37713298201561,0.346805038360449,0,0.271923771668212,0.272447007659235,0,0.222932571954639,0,0.352840512990952,0.285887405659463,0.262978328267733,0.428938422472246,0.279260046247925,0.367051170017589,0.255464980999629,0,0,0,0.282422408461571,0.189374037086964,0.242162153124809,0.294716421598611,0,0.280033600330353,0,0.232870057225227,0.30257086390846,0.236476212739944,0,0,0,0,0,0,0.297287106100056,0,0.292386941022981,0.282714713897024,0,0,0,0,0.283154584849696,0.293200646576128,0.282098856623526,0.311095110831722,0.280855958078339,0.294344640391714,0.281636516890721,0.235026949926697,0.20566266075689
0.311776126050032,0,0.299860836025597,0,0.258949449658394,0,0,0,0.178647664179848,0,0,0,0,0,0,0,0.276446990266875,0.263076218217611,0.253052631229316,0,0,0,0,0,0,0,0,0,0,0,0,0,0,0,0,0,0.277333566120693,0.297554597258568,0.221718619267146,0.291232092512978,0.275857481228713,0.222932571954639,0,0,0.341639474034309,0.279392858253461,0.29812756484167,0.387588101625442,0.282036859513867,0.36504016071558,0.256791774715696,0,0,0,0.248342297579113,0,0.299668298852749,0.27351526170969,0.272309522737156,0,0.257725238800049,0,0.338890865445137,0.275818357037173,0,0,0,0,0,0,0,0.293643295764923,0.272913716733456,0.316040349835182,0,0,0,0,0.298353013441418,0.317552267629968,0.290699967245261,0.342603253599788,0.281746836168454,0.291222127044902,0.313547042636004,0.206300880850815,0.268478692723323
0,0,0,0,0,0,0,0,0,0,0,0,0,0,0,0,0,0,0,0,0,0,0,0,0,0,0,0,0,0,0,0,0,0,0,0,0,0,0,0,0,0,0,0,0,0,0,0,0,0,0,0,0,0,0,0,0,0,0,0,0,0,0,0,0,0,0,0,0,0,0,0,0,0,0,0,0,0,0,0,0,0,0.192452609539032,0,0.190363720059395,0,0
0.419269248843193,0,0,0,0,0,0,0,0,0,0,0,0,0,0,0,0.328585386276245,0.325765177607536,0.419201034792634,0,0,0,0,0,0,0,0,0,0,0,0,0,0,0,0,0,0,0,0,0,0.417854909385954,0.352840512990952,0.341639474034309,0,0,0.31641885638237,0.334435573646,0,0.363668709993362,0,0,0,0,0,0,0,0,0,0,0,0,0,0,0,0,0,0,0,0,0,0,0,0,0.401506170630455,0,0,0,0,0.320294603705406,0.427666140927209,0.318118691444397,0.429498276776738,0.34222426712513,0,0.400504733125369,0,0.329339221119881
0,0.393837640774839,0.291465282440186,0.356021327759933,0.250144675374031,0.262003282705943,0,0,0,0.264086544513702,0,0.358085066080093,0,0,0,0,0.309167679286364,0.304305363793551,0.318863123800375,0.296060124678271,0,0,0,0,0,0,0,0,0,0,0,0,0,0,0,0.167922054143513,0,0.330427103317701,0,0.224541552021798,0.320496101881943,0.285887405659463,0.279392858253461,0,0.31641885638237,0,0.300416218337192,0.239999935030937,0.333288656547666,0.267549803317116,0.254445433616638,0,0,0,0,0,0,0.276026526422013,0,0,0,0.191018670797348,0.269131555158509,0,0,0,0,0,0,0,0.286902543334734,0,0.29344533345529,0.32352135181427,0,0,0,0,0.271537579458578,0.342157078859134,0.318609785984992,0.353351953128974,0.321859993322443,0.2885996773839,0.281175409812951,0.2657416938538,0.265879825750987
0.371413541467566,0,0.228148514147621,0.265877912441889,0.215263157131824,0,0,0,0.213827075064182,0,0,0,0,0,0,0,0.306712423500262,0.289433857973884,0.355778922952434,0,0.176666329304377,0,0,0,0,0,0,0,0,0,0,0,0,0,0.328495115041733,0.212942376732826,0.148467346996069,0,0.181783866137266,0.288766478498777,0.284379003021988,0.262978328267733,0.29812756484167,0,0.334435573646,0.300416218337192,0,0.255046645700932,0.275988043141291,0.272643702311648,0.218382295692104,0,0,0,0.213146507740021,0,0.255198043253687,0.287323743104935,0.234092575187484,0,0.233897974093755,0,0.301168471574783,0.249058758588687,0,0,0,0,0,0,0,0,0.292263083159924,0.302624018442246,0,0,0,0,0.314210212479035,0.242413595072953,0.319066785714206,0.266397894976231,0.356719750904701,0.276826736330986,0.27649660151981,0.25720964703295,0.288804543943241
0.322894842578815,0.261368185281754,0.280099327010768,0,0.261990582777394,0,0,0,0.28005373775959,0,0,0,0,0,0,0,0,0,0.237257897853851,0,0,0,0,0,0,0,0,0,0,0,0,0.263376947900612,0.425317909200909,0.229578379349458,0.366841277953805,0.307430813020488,0.336302116969089,0.594397717519366,0.617109186604001,0.221200439085563,0.173291529417038,0.428938422472246,0.387588101625442,0,0,0.239999935030937,0.255046645700932,0,0.302165763728078,0.532400128841326,0.266843372583389,0,0,0,0,0,0.283321460088094,0,0.282526721556981,0,0,0,0,0,0,0.329580888152122,0,0,0,0,0.372872938712438,0,0,0.297858208417892,0.314889081180056,0.400902116338589,0.138543982918446,0.26527250720107,0.400580578212631,0.357139820185227,0.492579223428454,0.303766358371188,0.448619142698275,0.283402997069061,0.47609720298924,0,0.327154338359833
0.180273521151141,0,0.213657283953514,0,0.253702868262063,0,0,0,0.156307157058761,0,0,0,0,0,0.189610213041306,0,0.314282146028497,0.310507021406118,0.327932439257051,0,0.254247181117535,0,0.269170576115934,0,0,0,0,0,0,0,0,0,0,0,0.284870886994946,0,0.20602070622974,0,0.339365612308792,0.347158998250961,0.163606360168254,0.279260046247925,0.282036859513867,0,0.363668709993362,0.333288656547666,0.275988043141291,0.302165763728078,0,0.358696475881955,0.258824187020461,0,0,0,0.186449082195759,0,0.281351432327058,0.27667635679245,0.266813975726736,0,0.205416582362807,0,0.299290627241135,0.268140057722727,0,0.279564773364634,0,0.304062220864195,0,0.27991038587112,0,0.350511797662801,0.266540259122849,0.319349970487715,0,0,0,0,0.328708806633949,0.183066450605062,0.322185486555099,0.340480385474055,0.280123357596723,0.282358251512051,0.275830321236259,0.260863112078773,0.323039155431658
0.363545686006546,0.201346679826752,0.282933394823756,0.202824507191263,0.275666826649716,0.253088500012051,0,0,0,0.156678887271641,0,0,0,0,0,0.181973524391651,0,0,0.335783928632736,0,0,0.194637177520555,0.462615817785263,0.143052658066154,0,0,0,0,0,0,0,0.306622294442994,0,0.30531788382091,0.477827748490704,0.25792314303227,0.287199978317533,0.344567425705885,0.550408724695444,0.23475753709122,0.272585468159782,0.367051170017589,0.36504016071558,0,0,0.267549803317116,0.272643702311648,0.532400128841326,0.358696475881955,0,0.277589177091916,0,0,0,0,0.158489214829527,0.285427026450634,0.34237548155444,0.299755603075027,0.258485853672028,0,0.184988266655377,0.248200075541224,0,0.233749941173679,0,0.284847268853525,0,0,0,0.329556659537943,0,0.286756883774485,0.298711016774178,0.377732233868705,0.405222743749619,0,0,0.298415397802493,0.269728786178998,0.343385910964498,0.381620238224665,0.479198465104027,0.287870898842812,0.336762064289599,0.240858316421509,0
0,0,0.232301689265819,0,0.171887931871143,0,0,0,0.162996723809663,0,0,0,0,0,0.183986019222967,0,0,0,0.244217425584793,0,0.251538221724331,0,0,0,0,0,0,0,0,0,0,0,0,0,0,0,0.24192753973706,0,0,0,0.244595388902558,0.255464980999629,0.256791774715696,0,0,0.254445433616638,0.218382295692104,0.266843372583389,0.258824187020461,0.277589177091916,0,0,0,0,0.155370693355799,0,0.285582959651947,0,0.162668158610662,0,0.159526386431285,0,0,0.279708968379448,0,0,0,0,0,0,0,0,0,0.283166944980621,0,0,0,0,0.324498742818832,0.247219433947043,0,0.228664941512621,0.224093183977147,0.261572003364563,0.259819728931538,0,0
0,0,0,0.164148174771448,0,0.166926276559631,0,0,0,0,0,0.107914701104164,0,0,0,0,0,0,0,0.128455877304077,0,0,0,0,0,0,0,0,0,0,0,0,0,0,0,0,0,0,0,0,0,0,0,0,0,0,0,0,0,0,0,0,0,0,0,0,0,0.128274880349636,0,0.177800880977884,0,0,0,0,0,0,0,0,0,0,0,0,0,0,0,0,0,0,0,0,0,0,0,0,0.165284104645252,0,0
0,0,0,0,0,0,0.113725307663637,0,0,0,0,0,0.107811268005106,0,0,0,0,0,0,0,0,0,0,0,0,0,0,0,0,0,0,0,0,0,0,0,0,0,0,0,0,0,0,0,0,0,0,0,0,0,0,0,0,0,0,0,0.184233788400888,0,0.172495685003955,0,0,0,0,0,0,0,0,0,0,0,0,0,0,0,0,0,0,0,0,0,0,0,0.151905479048615,0,0,0,0
0,0,0,0,0,0,0,0.127062363120226,0,0,0,0.115414075553417,0,0,0,0,0,0,0,0,0,0,0,0,0,0,0,0,0,0,0,0,0,0,0,0,0,0,0,0,0,0,0,0,0,0,0,0,0,0,0,0,0,0,0,0,0,0,0,0,0,0,0,0,0,0,0,0,0,0,0,0,0,0,0,0,0,0,0,0,0,0,0.138703113357569,0,0,0,0
0.187095065913782,0,0.179917090446562,0,0.16714094009883,0,0,0,0.181996306573803,0,0,0,0,0,0.146782986819744,0,0,0,0.238473206758499,0,0,0,0,0,0.19885874519639,0,0.191937492809434,0,0,0,0,0,0,0,0,0,0,0,0.341880536209928,0.260278582572937,0.230982966721058,0.282422408461571,0.248342297579113,0,0,0,0.213146507740021,0,0.186449082195759,0,0.155370693355799,0,0,0,0,0,0,0,0.182345567005021,0,0.211281350281622,0,0,0,0,0,0,0.22538987314164,0,0,0,0,0,0.286700288454692,0,0,0,0,0,0.23899166692387,0,0.393953457009047,0.221752175917992,0,0.188105514990994,0,0.259785920381546
0,0.15965133738451,0,0.142980153940312,0,0,0,0,0,0.18944184101102,0,0,0,0,0,0.184223969659162,0,0.147870616420456,0,0,0,0,0,0.229118725177885,0,0,0,0,0,0,0,0,0,0,0,0,0,0,0,0,0,0.189374037086964,0,0,0,0,0,0,0,0.158489214829527,0,0,0,0,0,0,0,0,0,0.157273465767503,0,0.218663631354348,0.271571606397629,0,0,0,0.300553451123692,0,0,0,0,0,0,0,0,0,0,0,0,0,0.203612737357616,0,0.189265936845914,0,0.183407009002708,0.212226688861847,0
0,0,0.268381747603416,0,0.24476892323721,0,0.158614408224821,0,0.25131393969059,0,0.184617238499376,0,0.13977900147438,0,0,0,0.254710227251053,0,0.299196746945381,0,0,0,0,0,0,0,0,0,0,0,0.103410210460424,0,0,0,0,0.271944910287857,0.249818541757439,0,0.0987570084631443,0,0.259871760606766,0.242162153124809,0.299668298852749,0,0,0,0.255198043253687,0.283321460088094,0.281351432327058,0.285427026450634,0.285582959651947,0,0.184233788400888,0,0,0,0,0,0.274965164214373,0,0.213491268455982,0,0,0.291111072509185,0,0,0,0,0,0,0,0.318139731884003,0,0.221773562550807,0,0,0,0,0,0.275003357893891,0,0.158877993002534,0.233115543975778,0,0.262354038527648,0,0.286868095397949
0,0.342001584522864,0,0.227991079666505,0,0.107332016740526,0,0.146063321016052,0,0,0,0.192980025150025,0,0,0,0,0.261463284492493,0.317395061254501,0.290766937313256,0.171962089851803,0,0,0,0,0,0,0,0,0,0.188118889061517,0,0,0,0,0,0.136353497735307,0,0.116006051281504,0,0.261284456484848,0.316964715719223,0.294716421598611,0.27351526170969,0,0,0.276026526422013,0.287323743104935,0,0.27667635679245,0.34237548155444,0,0.128274880349636,0,0,0,0,0,0,0,0.223732288967479,0,0.159197661611769,0.289694399602367,0,0,0,0,0,0.270917564630508,0,0.338396853038875,0,0.339817062683816,0,0,0,0,0,0.27322617233605,0.303476681311925,0.289618897831665,0,0.253017954310703,0.284293591976166,0.270470748675395,0.311928502310907,0.25097244977951
0,0,0.265400857731854,0,0.209585326910019,0,0.148879950245221,0,0,0,0,0,0.165729672150633,0,0.226828586854292,0,0,0.277824342250824,0.276066780090332,0,0,0,0,0,0,0,0,0,0.101265981793404,0,0,0,0,0,0,0,0.244004433353742,0,0,0,0.254118181765079,0,0.272309522737156,0,0,0,0.234092575187484,0.282526721556981,0.266813975726736,0.299755603075027,0.162668158610662,0,0.172495685003955,0,0.182345567005021,0,0.274965164214373,0,0,0,0.22264117124934,0,0,0.305761220554511,0,0,0,0,0,0,0,0.1978531802694,0,0.294618159532547,0,0,0,0,0,0.257134264310201,0,0.259239081293344,0.187581177921064,0,0.27836276029731,0,0
0,0,0,0.161076268106699,0,0.173318363193955,0,0.124712410915111,0,0,0,0.157362855853528,0,0.170138583096349,0,0,0,0,0,0,0,0,0,0,0,0,0,0.183659344911575,0,0,0,0,0,0,0,0,0,0,0,0,0,0.280033600330353,0,0,0,0,0,0,0,0.258485853672028,0,0.177800880977884,0,0,0,0.157273465767503,0,0.223732288967479,0,0,0,0.157968780824116,0.222713515162468,0,0,0,0,0,0.22819102704525,0,0.2795319366981,0,0.254258107807901,0,0,0,0,0,0.23035292327404,0,0.315022528171539,0,0.139871251176704,0.131952460855246,0.179967449334535,0,0
0.198972155044718,0,0.265908207963495,0,0.248992547392845,0,0,0,0.179169862398079,0,0,0,0.190871698558331,0,0.160467694445354,0,0.131479355196158,0,0,0,0,0,0,0,0.20661006025646,0,0.22059564427896,0,0,0,0,0,0,0,0,0,0,0,0,0,0.259981226176023,0,0.257725238800049,0,0,0,0.233897974093755,0,0.205416582362807,0,0.159526386431285,0,0,0,0.211281350281622,0,0.213491268455982,0,0.22264117124934,0,0,0,0,0,0,0,0,0.190805816475083,0,0,0,0,0,0.292672082781792,0,0,0,0,0,0.244878906011581,0,0.252277463674545,0.243881918489933,0,0.236662379465997,0,0
0,0.205521068378781,0,0.142909791203415,0,0.129016753286123,0,0,0,0.190112844109535,0,0,0,0,0,0.180551562000785,0,0.144467830657959,0,0,0,0,0,0.201152720738475,0,0.172792390636776,0,0,0,0,0,0,0,0,0,0,0,0,0,0,0,0.232870057225227,0,0,0,0.191018670797348,0,0,0,0.184988266655377,0,0,0,0,0,0.218663631354348,0,0.159197661611769,0,0.157968780824116,0,0,0.179908126592636,0,0,0,0.21571339070797,0,0.183549229055643,0,0,0,0.263303269942602,0,0,0,0,0,0,0,0,0,0.132746780912081,0,0.225096004513594,0,0
0,0.411580778085268,0,0.253100365782395,0,0.225925579667091,0,0,0,0,0,0.259589696379557,0,0,0,0,0.306087111433347,0.346089618850727,0.33608582171988,0.244934288784862,0,0,0,0,0,0,0,0,0,0.333012972027063,0,0,0,0,0,0.185789454073813,0,0.295114417235104,0,0.199385703944746,0.341121527552605,0.30257086390846,0.338890865445137,0,0,0.269131555158509,0.301168471574783,0,0.299290627241135,0.248200075541224,0,0,0,0,0,0.271571606397629,0,0.289694399602367,0,0.222713515162468,0,0.179908126592636,0,0,0,0,0,0,0,0,0.352818407663485,0,0.33586466027882,0,0,0,0,0,0.222319020801033,0.360573416948318,0.312346070385706,0.303449779748917,0.328908759528671,0.259605144460996,0.260274272665446,0.319437385481947,0.320810884237289
0,0,0.305093815648242,0,0.242616743470232,0,0,0,0,0,0.136130085758244,0,0,0,0,0,0,0.287993907928467,0.279328286647797,0,0.136827033221859,0,0,0,0,0,0,0,0,0,0,0,0,0,0,0,0.175577251998856,0,0.132745731275442,0,0.252562983221905,0.236476212739944,0.275818357037173,0,0,0,0.249058758588687,0,0.268140057722727,0,0.279708968379448,0,0,0,0,0,0.291111072509185,0,0.305761220554511,0,0,0,0,0,0,0,0,0,0,0,0,0,0,0.281222884144102,0,0,0,0,0,0.240002271139825,0,0.241669578024664,0.143927869092869,0,0.308853652730263,0,0.235274314880371
0,0,0,0,0,0,0,0,0,0,0,0,0,0,0,0,0,0.177157431840897,0,0,0,0.201806991306104,0.0970984175801277,0.175316732922358,0,0,0,0.190916852039449,0,0,0,0,0,0,0,0,0,0.140465639098998,0,0,0,0,0,0,0,0,0,0,0,0.233749941173679,0,0,0,0,0,0,0,0,0,0,0,0,0,0,0,0,0.199760106083973,0,0.263044105791756,0,0.25099785401462,0,0,0,0,0,0,0,0,0,0.262005147811408,0,0.149659086739825,0.0811612606048584,0,0,0
0,0,0,0,0,0,0,0,0,0,0,0,0,0,0,0,0.0970364734530449,0,0,0,0,0,0.234935989430793,0,0.171498109010004,0,0,0,0.160554873532262,0,0,0,0,0,0,0,0,0,0.399468146273176,0,0,0,0,0,0,0,0,0.329580888152122,0.279564773364634,0,0,0,0,0,0,0,0,0,0,0,0,0,0,0,0,0,0,0.228539642329353,0,0.277075351542467,0,0.31992462497153,0,0,0,0,0,0,0,0,0,0.398481119936759,0.201990570653887,0.125629146397114,0,0,0
0,0.209684527346066,0,0,0,0,0,0,0,0.237910123318727,0,0,0,0,0,0,0,0,0,0,0,0.142950704202373,0,0.201896040083147,0,0,0,0,0,0,0,0,0,0,0,0,0,0.205462142486464,0,0,0,0,0,0,0,0,0,0,0,0.284847268853525,0,0,0,0,0,0.300553451123692,0,0,0,0,0,0.21571339070797,0,0,0.199760106083973,0,0,0,0.259910613545397,0,0.267983352144559,0,0,0,0,0,0,0,0,0,0.304984000484297,0,0.166117424766223,0,0.334844374731183,0,0
0.193261419573138,0,0,0,0,0,0,0,0.177067893189053,0,0,0,0,0,0,0,0.154292650969632,0,0,0,0,0,0.20682751228412,0,0.162735682010651,0,0.188781710566988,0,0,0,0,0,0,0,0,0,0,0,0.299978021507126,0,0,0,0,0,0,0,0,0,0.304062220864195,0,0,0,0,0,0.22538987314164,0,0,0,0,0,0.190805816475083,0,0,0,0,0.228539642329353,0,0,0,0.273547966328878,0,0,0,0,0,0,0,0,0,0,0,0.342097798863748,0.145857889629327,0,0.293780962626139,0,0
0,0,0,0,0,0,0,0,0,0.134519938845187,0,0,0,0,0,0.135934245255258,0,0.142662487924099,0,0,0,0.231444312990004,0,0.146268116424999,0,0.218976952046866,0,0.195473980744956,0,0,0,0,0,0,0,0,0,0,0,0,0,0,0,0,0,0,0,0,0,0,0,0,0,0,0,0,0,0.270917564630508,0,0.22819102704525,0,0.183549229055643,0,0,0.263044105791756,0,0.259910613545397,0,0,0,0.279743603735418,0,0,0,0,0,0,0,0,0,0,0,0.121094001545793,0,0,0,0
0,0,0,0,0,0,0,0,0.18740653353078,0,0,0,0,0,0,0,0.165559221059084,0,0,0,0,0,0.239684818933407,0,0.195386176678672,0,0.194253449934343,0,0,0,0,0,0,0,0,0,0,0,0,0,0,0,0,0,0,0,0,0,0.27991038587112,0,0,0,0,0,0,0,0,0,0,0,0,0,0,0,0,0.277075351542467,0,0.273547966328878,0,0,0,0.233065221704149,0,0,0,0,0,0,0,0,0,0,0.169666874033588,0,0,0,0
0,0.338645309209824,0,0.279906401267419,0,0,0,0,0,0,0,0.165134828235652,0,0.164620624411674,0,0,0,0.312967658042908,0.328947395086288,0,0,0.255299393934623,0,0.271931976079941,0,0.165127524146528,0,0.210449976220116,0,0.130231699108013,0,0,0,0,0,0,0,0.418751895427704,0,0.262515157461166,0,0.297287106100056,0,0,0,0.286902543334734,0,0.372872938712438,0,0.329556659537943,0,0,0,0,0,0,0,0.338396853038875,0,0.2795319366981,0,0,0.352818407663485,0,0.25099785401462,0,0.267983352144559,0,0.279743603735418,0,0,0,0.362339907671724,0,0,0,0,0,0.290922540426254,0,0.262424580785385,0,0.297434235994632,0.157940191030502,0.325502604981999,0.330114847421646,0
0,0,0,0,0,0,0,0,0,0,0.140266068279743,0,0,0,0,0,0,0,0,0,0,0,0.363018348813057,0,0,0,0.137048383846002,0,0.192623040295609,0,0.138742185408069,0,0,0,0,0,0,0,0.130599760972872,0,0,0,0.293643295764923,0,0,0,0,0,0.350511797662801,0,0,0,0,0,0,0,0.318139731884003,0,0.1978531802694,0,0,0,0,0,0,0.31992462497153,0,0,0,0.233065221704149,0,0,0,0.209704767605838,0,0,0,0,0,0,0,0.249753221885754,0.153630837798119,0,0.347924533215436,0,0.323910519480705
0,0.362200232488768,0,0.288296448939946,0,0,0,0,0,0,0,0.111181766859123,0,0,0,0,0.300345659255981,0.325086150318384,0.302733352768563,0.389224110227643,0,0,0,0,0,0,0,0.201520345427773,0,0.193170032792313,0,0,0,0,0,0,0,0.150013802611098,0,0.247423891897325,0.324195886651675,0.292386941022981,0.272913716733456,0,0,0.29344533345529,0.292263083159924,0,0.266540259122849,0.286756883774485,0,0,0,0,0,0,0,0.339817062683816,0,0.254258107807901,0,0.263303269942602,0.33586466027882,0,0,0,0,0,0,0,0.362339907671724,0,0,0.295135825872421,0,0,0,0,0.287975662077467,0.334625345468521,0.265889829046586,0.385850459337234,0.363466752577052,0.319041609764099,0.330739638668125,0.329906300703684,0.28198678791523
0.376082557439804,0,0.311971098574158,0,0.284650894502799,0,0,0,0.298229736941201,0,0.0948040325194597,0,0,0,0,0,0.3293254503182,0.302525443956256,0.348697420460789,0,0.280171543359756,0,0,0,0,0,0,0,0.152171121910214,0,0.157514622641934,0,0,0,0,0,0.243003487586975,0,0,0,0.281570999635209,0.282714713897024,0.316040349835182,0,0.401506170630455,0.32352135181427,0.302624018442246,0.297858208417892,0.319349970487715,0.298711016774178,0.283166944980621,0,0,0,0.286700288454692,0,0.221773562550807,0,0.294618159532547,0,0.292672082781792,0,0,0.281222884144102,0,0,0,0,0,0,0,0.209704767605838,0.295135825872421,0,0,0,0,0,0.301880367100239,0.281057857691425,0.29246187210083,0.227834145784378,0.318309086622024,0.309957921504974,0.329273608513663,0.278914886713028,0.362997714745796
0,0,0,0,0,0,0,0,0,0,0,0,0,0,0,0,0,0,0,0,0,0,0,0,0,0,0,0,0,0,0,0.157501460717283,0.155311624647872,0.303558610379696,0,0.170544825494289,0.151747166924179,0,0,0,0,0,0,0,0,0,0,0.314889081180056,0,0.377732233868705,0,0,0,0,0,0,0,0,0,0,0,0,0,0,0,0,0,0,0,0,0,0,0,0,0,0.320030093193054,0,0,0.278337737403731,0.322066847483317,0,0,0.126504404445489,0,0,0,0
0,0,0,0,0,0,0,0,0,0,0,0,0,0,0,0,0,0,0,0,0,0,0,0,0,0,0,0,0,0,0,0.333860591505513,0.345356737063781,0,0.224725000028099,0.295909898785444,0.33258724230386,0,0,0,0,0,0,0,0,0,0,0.400902116338589,0,0.405222743749619,0,0,0,0,0,0,0,0,0,0,0,0,0,0,0,0,0,0,0,0,0,0,0,0,0.320030093193054,0,0,0.287288094618741,0.323982115983963,0.358795809296615,0,0,0.170651971868106,0,0,0,0
