0,0,5.19161972578834,0,0,0,0,0,4.5821005575018,0,0,0,0,0,0,0,43.1354560852051,0,13.4958670377731,0,0,0,0,0,0,0,0,0,0,0,0,0,0,0,0,0,0,0,0,0,26.3534679412842,0,12.789131946251,0,0,0,23.4977397918701,0,6.50354592032629,0,0,0,0,0,5.22351415395737,0,0,0,0,0,6.54987290395913,0,0,20.9799146652222,0,0,0,0,0,8.89541990416391,0,0,0,25.8176355361938,0,0,0,0,112.709648132324,38.5334117253621,0,27.6912714640299,7.69919328866182,0,8.2559193746887,0,0
0,0,0,3.99312802450997,0,0,0,0,0,4.21517077217931,0,0,0,0,0,0,0,0,0,0,0,0,0,12.2343533039093,0,0,0,0,0,0,0,0,0,0,0,0,0,0,0,0,0,21.3100285282383,0,0,0,0,0,0,0,4.78589302408321,0,0,0,0,0,3.84242252965944,0,9.14560174942017,0,0,0,2.95802140235901,13.0549345016479,0,0,0,0,0,0,0,0,0,0,0,0,0,0,0,40.6538092041016,0,0,0,7.84513076613931,5.98292811711629,15.7267473843764,18.5635070800781,0
5.19161972578834,0,0,0,5.34599296670211,0,0,0,4.25611550818185,0,30.0364990234375,0,0,0,0,0,45.719654083252,0,21.5450053215027,0,26.4213892618815,0,0,0,0,0,0,0,0,0,0,0,0,0,0,0,56.1763572692871,0,0,0,30.809380531311,0,25.7411345158975,0,0,0,21.6071147918701,0,14.944913962116,0,0,0,0,0,4.8413679728251,0,26.9887577859979,0,0,0,3.54498977661133,0,0,23.3411645889282,0,0,0,0,0,0,0,0,0,29.7632654630221,0,0,0,0,0,42.7716022838246,0,32.4652908325195,16.223913239784,0,12.1453517127311,0,21.8073414564133
0,3.99312802450997,0,0,0,6.1761259337899,0,0,0,4.62140710013253,0,33.711124420166,0,0,0,0,88.4600982666016,94.403574625651,44.556396484375,9.79632326960564,0,0,0,0,0,0,0,0,0,0,0,0,0,0,0,50.3525213135613,0,0,0,32.0393413253452,0,28.1443784979755,0,0,0,14.9591521655812,0,44.1981536229451,34.8671853918778,30.5797067542574,0,4.36010194525999,0,0,0,5.30460116442512,0,28.1629163382346,0,2.73636698722839,0,0,32.994270324707,0,0,0,0,0,0,0,0,0,32.2311536359611,0,0,0,69.6013259887695,0,42.4210755825043,0,38.4938251299736,0,9.67943882249122,4.81943325863944,18.9495551909081,20.4500858860631,0
0,0,5.34599296670211,0,0,0,4.3963957194126,0,4.51562680800756,0,0,0,0,0,0,0,0,0,0,0,6.58185505075573,0,0,0,0,0,0,0,0,0,0,0,0,0,0,0,30.7953758239746,0,0,0,46.2635545730591,0,39.8981857299805,0,0,0,21.7082738876343,47.9587564468384,42.4955428730358,0,3.87342950494358,0,6.07767224311829,0,2.95742297172546,0,7.25057397497461,0,7.97643664905003,0,0,0,0,11.2051796585906,0,0,0,0,0,0,0,0,0,42.1691805521647,0,0,0,0,0,48.7282250722249,0,0,4.25583173003038,3.69108247756958,12.5199118642515,0,39.7494049072266
0,0,0,6.1761259337899,0,0,0,2.84764134883881,0,0,0,0,0,0,0,0,0,0,0,10.4825479067289,0,0,0,0,0,0,0,0,0,0,0,0,0,0,0,0,0,0,0,37.8095881144206,0,38.242151260376,0,0,0,15.7911984125773,0,45.2575759887695,43.550537109375,40.0262906551361,0,0,0,0,0,0,0,0,0,0,0,0,0,0,0,0,0,0,0,0,0,0,37.8281533090692,0,0,0,0,0,47.8745946884155,0,43.1654052734375,0,6.37751985207582,0,15.1011585450805,70.8585910797119,0
0,0,0,0,4.3963957194126,0,0,0,0,0,3.92934482372724,0,3.89188235456293,0,0,0,0,0,0,0,8.634700151171,0,0,0,0,0,0,0,0,0,0,0,0,0,0,0,0,0,0,0,0,0,0,0,0,0,0,0,0,0,3.85288180045362,0,4.02126667123792,0,0,0,3.81014471735273,0,3.88425502410302,0,0,0,0,8.91092152984775,0,0,0,0,0,0,0,0,0,0,0,0,0,0,0,0,0,0,3.27773911125806,2.96209239959717,0,0,0
0,0,0,0,0,2.84764134883881,0,0,0,0,0,4.81070439371777,0,3.9122363726298,0,0,0,0,0,5.73471947511037,0,0,0,0,0,0,0,0,0,0,0,0,0,0,0,0,0,0,0,0,0,0,0,0,0,0,0,0,0,0,0,0,0,3.22826612260607,0,0,0,3.52897357940674,0,0,0,0,0,0,0,0,0,0,0,0,0,0,0,0,0,0,0,0,0,0,0,0,2.73858535289764,2.73641705513,0,0,0
4.5821005575018,0,4.25611550818185,0,4.51562680800756,0,0,0,0,0,0,0,0,0,8.06274313245501,0,22.2440888583976,43.474186261495,32.1393972669329,0,0,0,27.0789890289307,0,9.75947509841486,0,18.9253856585576,0,15.8603484813984,0,0,0,0,0,0,0,0,0,4.97552683600064,77.4569473266602,0,48.2177352905273,58.208122253418,0,0,0,0,0,9.30754555596246,0,0,0,0,0,3.79988444847397,0,0,0,0,0,7.45022592582102,0,0,0,0,26.8056964874268,0,13.343848425314,0,17.9289587941663,0,11.7981607437134,76.1859817504883,0,0,0,0,0,115.126889546712,55.0621337890625,0,5.68992381691933,8.01689375425182,9.57280000050863,8.22787471082475,0,0
0,4.21517077217931,0,4.62140710013253,0,0,0,0,0,0,0,0,0,0,0,4.00582957267761,40.6250896453857,14.1429381563857,24.1283845901489,0,0,0,0,4.7695056281927,24.2756614685059,2.87404081454644,0,0,0,0,0,0,0,0,0,0,0,7.12165983039213,0,36.8096694946289,0,16.5728302001953,0,0,0,0,0,0,0,39.1203022003174,0,0,0,0,0,4.10453817420281,0,0,0,0,0,0,0,0,0,0,4.6974519309351,0,0,0,0,0,36.9093952178955,0,0,0,0,0,67.5359573364258,0,11.3683119701738,0,6.51391784464592,0,7.17546072220191,0,0
0,0,30.0364990234375,0,0,0,3.92934482372724,0,0,0,0,0,3.06369778513908,0,0,0,0,0,34.2804597218831,0,3.94796124219233,0,0,0,0,0,0,0,0,0,6.04468371186938,0,0,0,0,0,3.03841484255261,0,3.61585629801705,0,37.4294853210449,0,28.1647631327311,0,0,0,19.196338891983,0,0,0,0,0,5.4624758497724,0,0,0,6.85704761916525,0,3.14538119236628,0,0,0,0,9.44588794989748,0,0,0,0,0,0,0,0,0,9.24896023954664,0,0,0,0,0,20.9586443271277,0,5.72014935032741,3.91371554309882,0,21.5551041126251,0,23.2035956382751
0,0,0,33.711124420166,0,0,0,4.81070439371777,0,0,0,0,0,2.95187525295076,0,0,0,0,0,3.88458547180082,0,0,0,0,0,0,0,2.74874877929688,0,4.17377561003297,0,0,0,0,0,4.02261408256448,0,3.96190520931336,0,0,0,0,0,0,0,8.64305305480957,0,0,0,0,0,0,0,4.12479158847228,0,0,0,5.53469098479928,0,5.61618198864702,0,0,6.15463459677029,0,0,0,0,0,0,0,0,0,7.42471907774607,0,0,0,0,0,4.00892086762648,0,4.55707614787955,0,4.3173712245796,0,4.84313607215881,0,0
0,0,0,0,0,0,3.89188235456293,0,0,0,3.06369778513908,0,0,0,3.40469359954198,0,10.7188115119934,0,0,0,0,0,0,0,0,0,4.74187648296356,0,3.49051378667355,0,0,0,0,0,0,0,0,0,0,0,0,0,0,0,0,0,0,0,0,0,7.37962579727173,0,4.11487242153713,0,0,0,6.96260192636716,0,4.57700371882495,0,4.75203779008653,0,0,0,0,0,0,0,0,0,0,0,0,0,0,0,0,0,0,0,0,0,3.8798997251611,3.56932729046519,0,0,0
0,0,0,0,0,0,0,3.9122363726298,0,0,0,2.95187525295076,0,0,0,0,0,0,0,0,0,0,0,0,0,0,0,0,0,0,0,0,0,0,0,0,0,0,0,0,0,0,0,0,0,0,0,0,0,0,0,0,0,0,0,0,0,3.51197947263718,0,3.73535097906223,0,3.72248186383929,0,0,0,0,0,0,0,0,5.23148155212402,0,0,0,0,0,0,0,0,0,0,0,2.95692086219788,0,0,0,0
0,0,0,0,0,0,0,0,8.06274313245501,0,0,0,3.40469359954198,0,0,0,17.6497857935524,43.6541365623474,32.7770156860352,0,0,0,22.7269039154053,0,20.8536361411766,0,8.14645424756137,0,3.91425668398539,0,0,0,0,0,0,0,0,0,0,0,0,0,0,0,0,0,0,0,0,0,0,0,0,0,6.06050030390422,0,0,0,3.97739327131812,0,3.80129294164305,0,0,0,0,0,0,0,0,5.48026936096058,0,4.77416947308709,0,0,0,0,0,0,126.664764404297,0,0,0,7.78574292191312,4.17912525177002,0,0,0
0,0,0,0,0,0,0,0,0,4.00582957267761,0,0,0,0,0,0,0,4.50459814071655,0,0,0,0,0,0,0,0,0,0,0,0,0,0,0,0,0,0,0,0,0,0,0,0,0,0,0,0,0,0,0,0,0,0,0,0,0,6.11143740018209,0,0,0,0,0,0,0,0,0,0,0,0,0,0,0,0,0,0,0,0,0,0,0,0,0,0,3.06921698649724,3.04722053940232,0,0,0
43.1354560852051,0,45.719654083252,88.4600982666016,0,0,0,0,22.2440888583976,40.6250896453857,0,0,10.7188115119934,0,17.6497857935524,0,0,26.9562494746197,27.8090790170023,0,0,0,6.17069437491804,30.4383788108826,14.6751277186375,32.6033872876848,7.30166060816982,0,10.078909832584,0,0,0,0,0,0,98.6976669311523,0,0,0,68.6331261923147,73.1435861587524,68.2605836602706,55.0591318285143,0,0,0,0,0,68.7265853881836,80.7940139770508,0,0,0,0,22.5012387885261,37.580379486084,0,0,0,0,22.1738259442921,0,71.312407060103,76.1095891206161,0,5.88992498471187,0,5.89269971847534,0,8.48470540975233,0,18.8362929026286,84.1281089782715,65.8267364501953,0,0,94.6568832397461,0,78.3419219287917,76.2463395070221,83.3649936544484,85.027843952179,18.416376902019,12.3458119896338,65.2536581651664,62.7290155622694,46.3328331947327
0,0,0,94.403574625651,0,0,0,0,43.474186261495,14.1429381563857,0,0,0,0,43.6541365623474,4.50459814071655,26.9562494746197,0,27.8872005277896,0,0,3.70719680786133,13.181544303894,6.42350919566937,34.4327413162382,6.04150787886087,51.3707759380341,0,0,0,0,0,0,0,0,93.1865875244141,102.157524108887,82.9982299804688,0,67.4208643211509,74.0135701497396,59.9628842123624,76.4140837987264,0,0,0,89.0858154296875,78.4034423828125,0,78.1119346618652,0,0,0,0,48.4911661148071,5.51771933833758,64.4501266479492,102.03547668457,0,0,41.7554585933685,0,64.6741858262282,73.226919386122,3.82516833032881,18.0732898712158,3.73289570543501,0,4.60985167821248,40.9743071469394,0,39.2773284912109,58.5925203959147,68.1769180297852,0,0,112.663558959961,0,79.1299463370596,83.2538985704121,78.0148068180791,70.2560997009277,16.0314458186004,18.0327355695325,68.0139367421468,51.9059448242188,81.9701461791992
13.4958670377731,0,21.5450053215027,44.556396484375,0,0,0,0,32.1393972669329,24.1283845901489,34.2804597218831,0,0,0,32.7770156860352,0,27.8090790170023,27.8872005277896,0,0,28.0059257745743,0,47.218469619751,3.59575235843658,35.8977250638215,20.6346232096354,46.5788990656535,0,0,0,0,0,0,0,0,63.1821599463894,58.7156764221191,71.7144265174866,34.7432060241699,41.255168064013,38.6344960358766,28.3066283063354,25.88959670699,0,16.2208080291748,64.0088033676147,38.5580965677897,45.4173069000244,39.2175438404083,32.2989517211914,48.0255012512207,0,0,0,57.333246866862,0,33.4563129061744,44.9447301228841,0,0,45.8888030052185,0,50.6273013128751,44.5467664854867,0,0,0,0,18.780969619751,50.63916015625,0,0,27.8223642913051,34.8266210311498,0,0,80.8398727416992,70.9702682495117,49.888048868985,45.212019753197,36.3649072669747,38.3859067861585,15.2808154739937,31.9619442621867,29.6773068551321,16.6917172512507,20.5207419124517
0,0,0,9.79632326960564,0,10.4825479067289,0,5.73471947511037,0,0,0,3.88458547180082,0,0,0,0,0,0,0,0,0,0,0,0,0,0,0,0,0,0,0,0,0,0,0,3.81942060398399,0,4.61805457022132,0,35.0664253234863,0,36.1495754241943,0,0,0,5.53444868326187,0,47.9087626139323,29.7217330932617,34.1025724411011,0,0,0,0,0,0,0,6.74207364838078,0,0,0,0,4.32923847310087,0,0,0,0,0,0,0,0,0,17.3573509563099,0,0,0,0,0,6.54250015913457,0,12.4350170874864,0,4.8367099517431,0,14.1545963962123,0,0
0,0,26.4213892618815,0,6.58185505075573,0,8.634700151171,0,0,0,3.94796124219233,0,0,0,0,0,0,0,28.0059257745743,0,0,0,0,0,0,0,0,0,0,0,0,0,0,0,0,0,3.98071781332428,0,5.02962986487243,0,38.8867946200901,0,23.1998794262226,0,0,0,12.4600735473633,37.5367202758789,30.7470739538019,30.4034614562988,5.0081248155662,0,9.23557246815075,0,0,0,7.72436251275526,0,26.7086067199707,0,0,0,0,6.41208001258399,0,0,0,0,0,0,0,0,0,13.4354836010351,0,0,0,0,70.1376571655273,9.18108011256507,0,8.01090746750764,7.77208971617809,4.55958890914917,13.0148492560667,0,18.4523250579834
0,0,0,0,0,0,0,0,0,0,0,0,0,0,0,0,0,3.70719680786133,0,0,0,0,4.2610382159551,5.30813299587795,0,4.90115442495236,0,4.48789308184669,0,0,0,0,0,0,0,0,0,5.41315761513331,0,0,0,0,0,0,0,0,0,12.4247055053711,0,5.65350855313815,0,0,0,0,0,0,0,0,0,0,0,0,0,0,5.00824172673358,6.16641521453857,9.09030101368728,0,14.2699838957271,0,5.74235141844976,0,0,0,0,0,0,0,0,0,7.57873563478457,0,4.72054419578231,2.97807496244257,0,0,0
0,0,0,0,0,0,0,0,27.0789890289307,0,0,0,0,0,22.7269039154053,0,6.17069437491804,13.181544303894,47.218469619751,0,0,4.2610382159551,0,0,6.01859470078203,0,6.53557613823149,0,3.685598040736,0,0,0,0,0,0,0,0,0,4.46316423931637,0,0,0,0,0,0,0,0,0,10.6200426278049,0,0,0,0,0,0,0,0,0,0,0,25.4131660461426,0,0,0,6.69192226727804,5.43445313392361,0,7.6592365767135,0,4.17158453805106,0,8.95750757988463,0,0,0,0,0,0,0,0,9.00164031982422,6.8464111319318,5.06340124875727,0,27.0808734893799,0,0
0,12.2343533039093,0,0,0,0,0,0,0,4.7695056281927,0,0,0,0,0,0,30.4383788108826,6.42350919566937,3.59575235843658,0,0,5.30813299587795,0,0,0,4.15054181339295,0,0,0,0,0,0,0,0,0,0,0,6.44168362555025,0,0,0,0,0,0,0,0,0,0,0,5.65442723612632,0,0,0,0,0,4.12660944859187,0,0,0,0,0,0,0,0,7.35214781041803,0,4.47862201380583,0,7.78748818621223,0,13.8804864883423,0,0,0,0,0,19.8435535430908,0,0,0,9.01532634528908,0,4.22566250107051,0,3.49481663703918,0,0
0,0,0,0,0,0,0,0,9.75947509841486,24.2756614685059,0,0,0,0,20.8536361411766,0,14.6751277186375,34.4327413162382,35.8977250638215,0,0,0,6.01859470078203,0,0,35.8162117004395,19.827215830485,0,27.0770797729492,0,0,0,0,0,0,0,0,0,6.06201507412332,0,0,56.8186111450195,53.6755167643229,0,0,0,0,0,6.21299457681772,0,0,0,0,0,5.26987940994735,0,0,0,0,0,34.0581066949027,0,0,0,0,5.9473158697064,0,5.772560901365,0,4.66135324057886,0,4.14285810788472,0,0,0,0,0,0,87.003490447998,0,0,14.3323488222338,13.6578054737857,0,8.19313969237081,0,0
0,0,0,0,0,0,0,0,0,2.87404081454644,0,0,0,0,0,0,32.6033872876848,6.04150787886087,20.6346232096354,0,0,4.90115442495236,0,4.15054181339295,35.8162117004395,0,60.2726173400879,0,0,0,0,0,0,0,0,0,0,0,0,0,0,0,0,0,0,0,0,0,0,0,0,0,0,0,0,2.90396279096603,0,0,0,0,0,0,0,0,6.05592265549828,0,4.89555911860839,0,5.1052168986154,0,0,0,0,0,0,0,0,0,0,0,0,0,12.1822685914881,0,0,0,0
0,0,0,0,0,0,0,0,18.9253856585576,0,0,0,4.74187648296356,0,8.14645424756137,0,7.30166060816982,51.3707759380341,46.5788990656535,0,0,0,6.53557613823149,0,19.827215830485,60.2726173400879,0,0,3.6589428072884,0,0,0,0,0,0,0,0,0,0,0,0,0,0,0,0,0,0,0,0,0,0,0,0,0,9.1817334651947,0,0,0,0,0,2.96056771278381,0,0,0,0,7.05547308921814,0,2.94652581214905,0,3.57044158182809,0,3.49110838770866,0,0,0,0,0,0,0,73.0918045043945,0,0,15.1916691727108,10.4700292348862,0,0,0
0,0,0,0,0,0,0,0,0,0,0,2.74874877929688,0,0,0,0,0,0,0,0,0,4.48789308184669,0,0,0,0,0,0,0,3.37369716097737,0,0,0,0,0,0,0,3.779241502285,0,0,0,0,0,0,0,0,0,0,0,0,0,0,0,0,0,0,0,0,0,3.67612828489122,0,0,0,0,3.04921108484268,0,0,0,3.35627583265305,0,4.1539838247829,0,2.73862171173096,0,0,0,0,0,0,0,7.38484651701791,0,2.86826234817505,0,0,0,0
0,0,0,0,0,0,0,0,15.8603484813984,0,0,0,3.49051378667355,0,3.91425668398539,0,10.078909832584,0,0,0,0,0,3.685598040736,0,27.0770797729492,0,3.6589428072884,0,0,0,3.96722628578307,0,0,0,0,0,0,0,3.28406784534454,0,0,74.2845687866211,0,0,0,0,0,0,5.95077625910441,0,0,0,0,0,14.611741065979,0,0,0,9.37614349275827,0,4.22460246086121,0,0,0,0,5.1493938330448,0,4.64439582824707,0,2.73336219787598,0,6.68832365400265,0,5.16571505619929,0,0,0,0,0,0,0,0,4.94637787783587,6.4899328549703,0,0,0
0,0,0,0,0,0,0,0,0,0,0,4.17377561003297,0,0,0,0,0,0,0,0,0,0,0,0,0,0,0,3.37369716097737,0,0,0,0,0,0,0,0,0,3.05185460799466,0,0,0,0,0,0,0,0,0,0,0,0,0,0,0,0,0,0,0,5.38139138550594,0,0,0,0,0,0,0,0,0,0,0,0,4.57255630303895,0,5.51758016204448,0,0,0,0,0,0,0,6.06251340923887,0,2.82404148578644,0,0,0,0
0,0,0,0,0,0,0,0,0,0,6.04468371186938,0,0,0,0,0,0,0,0,0,0,0,0,0,0,0,0,0,3.96722628578307,0,0,0,0,0,0,0,0,0,3.45987214004644,0,0,0,0,0,0,0,0,0,0,0,0,0,0,0,0,0,21.8856595357259,0,0,0,0,0,0,0,0,0,0,0,0,0,0,3.85627341661297,0,5.1205984886069,0,0,0,0,0,0,0,3.57267920176188,2.740909020106,0,0,0,0
0,0,0,0,0,0,0,0,0,0,0,0,0,0,0,0,0,0,0,0,0,0,0,0,0,0,0,0,0,0,0,0,4.41945904398721,4.15287658442622,0,3.95139287838266,0,0,0,0,0,0,0,0,0,0,0,4.17003790436491,5.61600074313936,4.32651251554489,0,0,0,0,0,0,0,0,0,0,0,0,0,0,0,0,0,0,0,0,0,0,0,0,4.57724479416119,7.66880291938782,3.89313162541857,0,5.02074616280567,16.6080150604248,0,0,3.90861088691219,0,0,0,0
0,0,0,0,0,0,0,0,0,0,0,0,0,0,0,0,0,0,0,0,0,0,0,0,0,0,0,0,0,0,0,4.41945904398721,0,0,5.42278763651848,0,4.89821130944335,0,0,0,0,0,0,0,0,0,0,4.22647265316968,0,4.60742092132568,0,0,0,0,0,0,0,0,0,0,0,0,0,0,0,0,0,0,0,0,0,0,0,0,6.02576069533825,4.06122491194052,0,5.97772166150022,0,5.40298593375418,0,0,5.55696256052364,0,0,0,0
0,0,0,0,0,0,0,0,0,0,0,0,0,0,0,0,0,0,0,0,0,0,0,0,0,0,0,0,0,0,0,4.15287658442622,0,0,3.40309114614244,5.20592094509979,0,3.21545741000074,7.42880941159797,0,0,46.3500366210938,0,0,0,0,0,4.51540604470036,0,0,0,0,0,0,0,0,0,0,0,0,0,0,0,0,0,0,0,0,0,0,0,0,0,0,5.29974239150439,0,6.07031261066913,4.48215700582016,8.42645284957385,0,4.22351568970232,7.3102753332683,3.92765798718457,4.28156941453206,11.0495672225952,0,0
0,0,0,0,0,0,0,0,0,0,0,0,0,0,0,0,0,0,0,0,0,0,0,0,0,0,0,0,0,0,0,0,5.42278763651848,3.40309114614244,0,0,3.75814709669905,0,4.6109713302607,0,0,0,0,0,0,0,0,3.76392432518336,0,0,0,0,0,0,0,0,0,0,0,0,0,0,0,0,0,0,0,0,0,0,0,0,0,0,0,4.91611037254333,7.6342089300725,5.75723777352736,0,5.67941743347637,0,4.97956495620191,4.96038947502772,0,0,0,0
0,0,0,50.3525213135613,0,0,0,0,0,0,0,4.02261408256448,0,0,0,0,98.6976669311523,93.1865875244141,63.1821599463894,3.81942060398399,0,0,0,0,0,0,0,0,0,0,0,3.95139287838266,0,5.20592094509979,0,0,3.45465240095343,6.57855855842387,0,66.9077757055109,0,44.5844934297645,94.9918212890625,0,0,37.2357858280803,0,11.5710393002159,8.39285105466843,23.7144312262535,0,0,0,0,0,0,0,9.75006624332909,0,0,0,0,8.15196242870937,102.70565032959,0,0,0,0,0,0,0,0,68.3672990481059,0,5.35119245991562,0,7.64923166869016,0,7.59673552395329,6.33917880058289,10.8202578847153,114.979042053223,7.30735747857527,4.1291811466217,44.5318659819089,40.3880020141602,0
0,0,56.1763572692871,0,30.7953758239746,0,0,0,0,0,3.03841484255261,0,0,0,0,0,0,102.157524108887,58.7156764221191,0,3.98071781332428,0,0,0,0,0,0,0,0,0,0,0,4.89821130944335,0,3.75814709669905,3.45465240095343,0,0,5.94539102210801,0,55.9430999755859,0,51.6242216746012,0,0,0,30.3157509277607,11.2029630286353,21.840129397331,0,0,0,0,0,0,0,35.6172611316045,0,0,0,0,0,0,14.319261057157,0,0,0,0,0,0,0,0,0,62.696657816569,0,6.46726601354538,0,8.09295947180854,9.78018578167619,7.01348525206428,0,8.25912616931466,6.75651590139233,5.59618852688716,31.0049194717407,0,47.6707392605868
0,0,0,0,0,0,0,0,0,7.12165983039213,0,3.96190520931336,0,0,0,0,0,82.9982299804688,71.7144265174866,4.61805457022132,0,5.41315761513331,0,6.44168362555025,0,0,0,3.779241502285,0,3.05185460799466,0,0,0,3.21545741000074,0,6.57855855842387,0,0,3.7435659481809,63.429984664917,0,47.8678255495818,22.2088623046875,0,0,44.346248626709,0,5.67678853678586,0,4.94620801736643,0,0,0,0,0,11.6890557242222,0,6.64963517562453,0,0,0,0,8.9337616407708,0,4.94291340301231,0,8.49355637092216,0,0,0,4.17846171752266,0,4.3879652278524,0,35.0890305836995,0,8.58849956168503,3.59966897964478,10.3186875766481,0,5.67940223999878,3.42993094112379,4.86353017842785,4.20053968385414,16.1426502128146,37.8972997665405,0
0,0,0,0,0,0,0,0,4.97552683600064,0,3.61585629801705,0,0,0,0,0,0,0,34.7432060241699,0,5.02962986487243,0,4.46316423931637,0,6.06201507412332,0,0,0,3.28406784534454,0,3.45987214004644,0,0,7.42880941159797,4.6109713302607,0,5.94539102210801,3.7435659481809,0,0,41.2203216552734,0,8.58557845245708,0,0,0,25.30126953125,5.43708647548123,6.39268206518169,0,70.905403137207,0,0,0,6.58583460570617,0,5.80997734418729,0,0,0,0,0,0,12.323872424089,0,5.17761359242109,0,7.22083218365299,0,16.8829571406047,0,3.26041791515966,0,6.73331392842593,0,0,0,5.10602036717666,0,8.93598013959268,3.5919307726848,5.64385604993503,5.14920988976621,6.29190758396597,5.59413722628041,0,20.6047086715698
0,0,0,32.0393413253452,0,37.8095881144206,0,0,77.4569473266602,36.8096694946289,0,0,0,0,0,0,68.6331261923147,67.4208643211509,41.255168064013,35.0664253234863,0,0,0,0,0,0,0,0,0,0,0,0,0,0,0,66.9077757055109,0,63.429984664917,0,0,68.5656997680664,24.1224360977603,61.1966047286987,46.2014808654785,0,13.799489928965,65.0560455322266,29.9898311174833,35.4160957336426,14.3478583292182,0,0,0,0,0,0,0,39.9773431051345,0,0,0,0,21.8181848276907,75.6916278839111,0,0,0,0,0,0,40.8303070068359,0,48.5953625004466,129.93034362793,0,0,75.1363983154297,0,20.2374186889743,79.8776903152466,41.9894375606017,117.576713562012,46.2019264631537,80.0181121826172,19.7784138060935,16.9789710701583,56.598804473877
26.3534679412842,0,30.809380531311,0,46.2635545730591,0,0,0,0,0,37.4294853210449,0,0,0,0,0,73.1435861587524,74.0135701497396,38.6344960358766,0,38.8867946200901,0,0,0,0,0,0,0,0,0,0,0,0,0,0,0,55.9430999755859,0,41.2203216552734,68.5656997680664,0,59.9141063690186,22.5446329190181,0,25.7285161018372,0,26.7747841199239,3.98396944999695,7.96281627421323,0,43.5625445048014,0,0,0,0,0,41.0948666810989,0,0,0,0,0,0,21.8557187525254,0,0,0,0,0,0,0,0,0,28.6720311023571,0,0,0,0,86.2388210296631,20.1868239369622,85.0876617431641,44.6864332812173,36.9413717346191,0,17.9906519219854,77.7699432373047,17.8718071113638
0,21.3100285282383,0,28.1443784979755,0,38.242151260376,0,0,48.2177352905273,16.5728302001953,0,0,0,0,0,0,68.2605836602706,59.9628842123624,28.3066283063354,36.1495754241943,0,0,0,0,56.8186111450195,0,0,0,74.2845687866211,0,0,0,0,46.3500366210938,0,44.5844934297645,0,47.8678255495818,0,24.1224360977603,59.9141063690186,0,12.6311255283845,11.8266086578369,0,33.1035172939301,0,11.067422366084,43.4481821060181,15.6838934364734,0,0,0,0,60.9032936096191,24.5133619308472,176.39485168457,21.1019208001309,0,0,0,0,28.349512616366,71.187223815918,0,0,0,0,0,0,0,0,21.7958124263942,0,0,0,45.4659675251354,0,28.0953377439898,74.1268587112427,33.0329586920915,0,15.2026437089784,12.3094940185547,18.8830431627549,10.4880252974511,24.3799960613251
12.789131946251,0,25.7411345158975,0,39.8981857299805,0,0,0,58.208122253418,0,28.1647631327311,0,0,0,0,0,55.0591318285143,76.4140837987264,25.88959670699,0,23.1998794262226,0,0,0,53.6755167643229,0,0,0,0,0,0,0,0,0,0,94.9918212890625,51.6242216746012,22.2088623046875,8.58557845245708,61.1966047286987,22.5446329190181,12.6311255283845,0,0,16.850155433019,0,19.118704997887,12.4622182090936,13.9291134421451,27.1511478424072,35.4788026809692,0,0,0,0,0,21.6364111133469,0,28.3467617034912,0,0,0,0,23.6991357181701,0,0,0,0,0,0,0,20.1180999279022,0,19.3035695475501,0,0,0,63.8620185852051,81.4887390136719,26.1132328329324,103.803283691406,33.1787490572248,13.5791303853149,0,13.8143199991141,78.0806427001953,7.87670281595809
0,0,0,0,0,0,0,0,0,0,0,0,0,0,0,0,0,0,0,0,0,0,0,0,0,0,0,0,0,0,0,0,0,0,0,0,0,0,0,46.2014808654785,0,11.8266086578369,0,0,0,0,0,0,0,0,0,0,0,0,0,0,0,0,0,0,0,0,0,0,0,0,0,0,0,0,0,0,0,0,0,0,0,0,27.070405960083,0,26.6738166809082,0,0,0,19.9527282714844,0,0
0,0,0,0,0,0,0,0,0,0,0,0,0,0,0,0,0,0,16.2208080291748,0,0,0,0,0,0,0,0,0,0,0,0,0,0,0,0,0,0,0,0,0,25.7285161018372,0,16.850155433019,0,0,0,0,0,0,0,0,0,0,0,0,0,0,0,0,0,0,0,0,0,0,0,0,0,0,0,0,0,0,0,0,0,0,0,0,30.9671697616577,0,32.5034294128418,0,0,7.7767641795309,0,0
0,0,0,14.9591521655812,0,15.7911984125773,0,0,0,0,0,8.64305305480957,0,0,0,0,0,0,64.0088033676147,5.53444868326187,0,0,0,0,0,0,0,0,0,0,0,0,0,0,0,37.2357858280803,0,44.346248626709,0,13.799489928965,0,33.1035172939301,0,0,0,0,0,34.3164596557617,0,32.1965255737305,0,0,0,0,0,0,0,19.2410273649255,0,0,0,0,14.2295917428693,0,0,0,0,0,0,0,0,0,19.4313832646922,0,0,0,0,0,20.343409138108,0,17.5763483415463,0,17.8753295135498,0,13.2806275226895,22.0237865447998,0
23.4977397918701,0,21.6071147918701,0,21.7082738876343,0,0,0,0,0,19.196338891983,0,0,0,0,0,0,89.0858154296875,38.5580965677897,0,12.4600735473633,0,0,0,0,0,0,0,0,0,0,0,0,0,0,0,30.3157509277607,0,25.30126953125,65.0560455322266,26.7747841199239,0,19.118704997887,0,0,0,0,0,24.4092506408691,0,15.5545806884766,0,0,0,0,0,19.0037532735754,0,0,0,0,0,0,15.8191904309152,0,0,0,0,0,0,0,0,0,20.2755266189575,0,0,0,0,0,21.6424655520071,61.7851867675781,15.7513978869416,19.8689027070999,0,14.3075861240688,0,14.0831671641423
0,0,0,44.1981536229451,47.9587564468384,45.2575759887695,0,0,0,0,0,0,0,0,0,0,0,78.4034423828125,45.4173069000244,47.9087626139323,37.5367202758789,12.4247055053711,0,0,0,0,0,0,0,0,0,4.17003790436491,4.22647265316968,4.51540604470036,3.76392432518336,11.5710393002159,11.2029630286353,5.67678853678586,5.43708647548123,29.9898311174833,3.98396944999695,11.067422366084,12.4622182090936,0,0,34.3164596557617,0,0,6.28642275814827,5.95636204942068,51.5418968200684,0,0,0,0,0,47.5052089691162,50.0679728190104,0,0,0,0,45.5379498799642,33.8025550842285,16.5727672576904,0,0,0,0,0,0,0,58.7812296549479,0,4.71193654033327,4.70195370323141,7.10279181960857,5.13823348319037,6.02428700223149,6.08691341853713,12.364239172502,5.88175952234748,7.44923217037669,4.13110017776489,7.98166756011822,59.4091110229492,48.8660163879395
6.50354592032629,0,14.944913962116,34.8671853918778,42.4955428730358,43.550537109375,0,0,9.30754555596246,0,0,0,0,0,0,0,68.7265853881836,0,39.2175438404083,29.7217330932617,30.7470739538019,0,10.6200426278049,0,6.21299457681772,0,0,0,5.95077625910441,0,0,5.61600074313936,0,0,0,8.39285105466843,21.840129397331,0,6.39268206518169,35.4160957336426,7.96281627421323,43.4481821060181,13.9291134421451,0,0,0,24.4092506408691,6.28642275814827,0,4.64080207527808,39.9224196539985,0,0,0,9.84084852842184,0,15.0630829048828,0,5.40975589411599,0,4.20275457221341,0,34.3585205078125,28.1007141906224,0,9.8866386064996,0,7.23976408744871,0,7.52841291225776,0,7.83956032537279,0,5.91527986526489,9.97297844519982,4.91370010375977,0,5.73042617525373,20.4940608342489,6.95422171728952,54.1821746826172,6.01606110669049,13.3262154483795,0,10.8845671321104,0,39.4970177544488
0,4.78589302408321,0,30.5797067542574,0,40.0262906551361,0,0,0,39.1203022003174,0,0,0,0,0,0,80.7940139770508,78.1119346618652,32.2989517211914,34.1025724411011,30.4034614562988,5.65350855313815,0,5.65442723612632,0,0,0,0,0,0,0,4.32651251554489,4.60742092132568,0,0,23.7144312262535,0,4.94620801736643,0,14.3478583292182,0,15.6838934364734,27.1511478424072,0,0,32.1965255737305,0,5.95636204942068,4.64080207527808,0,0,0,0,0,0,11.394370174408,0,11.8906194322249,0,3.9762008019856,0,3.1191801627477,34.7317401986373,0,5.06167271433049,0,5.1149440425815,0,5.34094750313532,0,3.95623478889465,0,36.7964281056608,0,9.60228395462036,11.1009731292725,5.43090506033464,0,20.1372439940624,96.0582809448242,8.77683179314072,0,22.0450888880041,0,12.0422222439463,19.6116521017892,39.6058578491211
0,0,0,0,3.87342950494358,0,3.85288180045362,0,0,0,0,0,7.37962579727173,0,0,0,0,0,48.0255012512207,0,5.0081248155662,0,0,0,0,0,0,0,0,0,0,0,0,0,0,0,0,0,70.905403137207,0,43.5625445048014,0,35.4788026809692,0,0,0,15.5545806884766,51.5418968200684,39.9224196539985,0,0,0,3.62812959409393,0,0,0,8.42743767174808,0,4.86439220967636,0,0,0,0,8.89038820044939,0,0,0,0,0,0,0,0,0,37.326584815979,0,0,0,0,0,45.3457178388323,0,44.3157456715902,3.95311246946186,0,7.85400734901428,0,31.7517013549805
0,0,0,4.36010194525999,0,0,0,0,0,0,0,0,0,0,0,0,0,0,0,0,0,0,0,0,0,0,0,0,0,0,0,0,0,0,0,0,0,0,0,0,0,0,0,0,0,0,0,0,0,0,0,0,0,0,0,0,0,0,0,0,0,0,0,0,0,0,0,0,0,0,0,0,0,0,0,0,0,0,0,0,0,0,0,0,8.08786792755127,0,0
0,0,0,0,6.07767224311829,0,4.02126667123792,0,0,0,5.4624758497724,0,4.11487242153713,0,0,0,0,0,0,0,9.23557246815075,0,0,0,0,0,0,0,0,0,0,0,0,0,0,0,0,0,0,0,0,0,0,0,0,0,0,0,0,0,3.62812959409393,0,0,0,0,0,7.99503525107537,0,4.03273354257856,0,0,0,0,8.90052064259847,0,0,0,0,0,0,0,0,0,0,0,0,0,0,0,0,0,0,4.18003263027687,3.41428091651515,0,0,0
0,0,0,0,0,0,0,3.22826612260607,0,0,0,4.12479158847228,0,0,0,0,0,0,0,0,0,0,0,0,0,0,0,0,0,0,0,0,0,0,0,0,0,0,0,0,0,0,0,0,0,0,0,0,0,0,0,0,0,0,0,0,0,3.54443285681985,0,0,0,0,0,0,0,0,0,0,0,0,0,0,0,0,0,0,0,0,0,0,0,0,0,0,0,0,0
5.22351415395737,0,4.8413679728251,0,2.95742297172546,0,0,0,3.79988444847397,0,0,0,0,0,6.06050030390422,0,22.5012387885261,48.4911661148071,57.333246866862,0,0,0,0,0,5.26987940994735,0,9.1817334651947,0,14.611741065979,0,0,0,0,0,0,0,0,0,6.58583460570617,0,0,60.9032936096191,0,0,0,0,0,0,9.84084852842184,0,0,0,0,0,0,0,0,0,0,0,6.63888722073798,0,0,0,0,0,0,8.67600241333547,0,14.2911535898844,0,0,0,0,0,0,0,0,0,0,0,5.67109130890988,10.240690967311,0,10.3249907741944,0,0
0,3.84242252965944,0,5.30460116442512,0,0,0,0,0,4.10453817420281,0,0,0,0,0,6.11143740018209,37.580379486084,5.51771933833758,0,0,0,0,0,4.12660944859187,0,2.90396279096603,0,0,0,0,0,0,0,0,0,0,0,11.6890557242222,0,0,0,24.5133619308472,0,0,0,0,0,0,0,11.394370174408,0,0,0,0,0,0,0,0,0,0,0,5.48363297326224,0,0,0,0,3.90400888905022,0,0,0,0,0,0,0,0,0,22.1213893890381,0,0,0,9.0328265640414,0,5.76302687745345,0,7.801274061203,0,0
0,0,26.9887577859979,0,7.25057397497461,0,3.81014471735273,0,0,0,6.85704761916525,0,6.96260192636716,0,0,0,0,64.4501266479492,33.4563129061744,0,7.72436251275526,0,0,0,0,0,0,0,0,0,21.8856595357259,0,0,0,0,0,35.6172611316045,0,5.80997734418729,0,41.0948666810989,176.39485168457,21.6364111133469,0,0,0,19.0037532735754,47.5052089691162,15.0630829048828,0,8.42743767174808,0,7.99503525107537,0,0,0,0,0,5.10896526697354,0,3.90954971313477,0,0,12.6190000791238,0,0,0,0,0,0,0,4.66897224409283,0,9.40303127131331,0,0,0,0,0,46.8556099866892,0,27.6688281496366,11.305280610461,0,12.4469487325005,0,19.9913969139258
0,9.14560174942017,0,28.1629163382346,0,0,0,3.52897357940674,0,0,0,5.53469098479928,0,3.51197947263718,0,0,0,102.03547668457,44.9447301228841,6.74207364838078,0,0,0,0,0,0,0,0,0,5.38139138550594,0,0,0,0,0,9.75006624332909,0,6.64963517562453,0,39.9773431051345,0,21.1019208001309,0,0,0,19.2410273649255,0,50.0679728190104,0,11.8906194322249,0,0,0,3.54443285681985,0,0,0,0,0,5.92139661550889,0,0,12.9168148209959,0,0,0,0,0,0,0,5.69860533305577,0,7.677728306401,0,0,0,0,0,47.02907736106,0,31.6359892023934,0,10.6021939694881,0,9.36239040682775,15.0281060934067,0
0,0,0,0,7.97643664905003,0,3.88425502410302,0,0,0,3.14538119236628,0,4.57700371882495,0,3.97739327131812,0,0,0,0,0,26.7086067199707,0,0,0,0,0,0,0,9.37614349275827,0,0,0,0,0,0,0,0,0,0,0,0,0,28.3467617034912,0,0,0,0,0,5.40975589411599,0,4.86439220967636,0,4.03273354257856,0,0,0,5.10896526697354,0,0,0,4.17272922992706,0,0,7.12433624267578,0,0,0,13.1636037826538,0,4.93002596828673,0,4.37269385761685,0,0,0,0,0,0,0,0,0,0,4.7887994494844,4.32185695171356,13.3924296696981,0,0
0,0,0,2.73636698722839,0,0,0,0,0,0,0,5.61618198864702,0,3.73535097906223,0,0,0,0,0,0,0,0,0,0,0,0,0,3.67612828489122,0,0,0,0,0,0,0,0,0,0,0,0,0,0,0,0,0,0,0,0,0,3.9762008019856,0,0,0,0,0,0,0,5.92139661550889,0,0,0,2.8432731628418,0,0,0,0,0,0,0,0,3.65951493613246,0,0,0,0,0,0,0,0,0,0,0,7.4077033996582,0,5.8166032632192,0,0
6.54987290395913,0,3.54498977661133,0,0,0,0,0,7.45022592582102,0,0,0,4.75203779008653,0,3.80129294164305,0,22.1738259442921,41.7554585933685,45.8888030052185,0,0,0,25.4131660461426,0,34.0581066949027,0,2.96056771278381,0,4.22460246086121,0,0,0,0,0,0,0,0,0,0,0,0,0,0,0,0,0,0,0,4.20275457221341,0,0,0,0,0,6.63888722073798,0,3.90954971313477,0,4.17272922992706,0,0,0,0,0,0,0,0,0,0,4.50426449179649,0,0,0,0,0,0,0,0,0,0,0,0,6.04135214265927,5.40181002351973,9.16483037812369,0,0
0,2.95802140235901,0,0,0,0,0,0,0,0,0,0,0,3.72248186383929,0,0,0,0,0,0,0,0,0,0,0,0,0,0,0,0,0,0,0,0,0,0,0,0,0,0,0,0,0,0,0,0,0,0,0,3.1191801627477,0,0,0,0,0,5.48363297326224,0,0,0,2.8432731628418,0,0,0,0,0,0,4.8748791747623,0,3.38026142120361,0,0,0,0,0,0,0,0,0,0,0,0,0,3.08379815174983,3.21775659647855,3.1591591835022,0,0
0,13.0549345016479,0,32.994270324707,0,0,0,0,0,0,0,6.15463459677029,0,0,0,0,71.312407060103,64.6741858262282,50.6273013128751,4.32923847310087,0,0,0,0,0,0,0,0,0,0,0,0,0,0,0,8.15196242870937,0,8.9337616407708,0,21.8181848276907,0,28.349512616366,0,0,0,14.2295917428693,0,45.5379498799642,34.3585205078125,34.7317401986373,0,0,0,0,0,0,0,12.9168148209959,0,0,0,0,0,77.7633361816406,0,0,0,0,0,0,0,0,22.8761203091319,0,0,0,101.378757476807,0,11.1029788468177,77.843773651123,16.9211198396875,0,16.1235375102137,0,17.5386777301062,25.6708555221558,0
20.9799146652222,0,23.3411645889282,0,11.2051796585906,0,8.91092152984775,0,0,0,9.44588794989748,0,0,0,0,0,76.1095891206161,73.226919386122,44.5467664854867,0,6.41208001258399,0,0,0,0,0,0,0,0,0,0,0,0,0,0,102.70565032959,14.319261057157,0,12.323872424089,75.6916278839111,21.8557187525254,71.187223815918,23.6991357181701,0,0,0,15.8191904309152,33.8025550842285,28.1007141906224,0,8.89038820044939,0,8.90052064259847,0,0,0,12.6190000791238,0,7.12433624267578,0,0,0,77.7633361816406,0,0,0,0,0,0,0,0,17.2078695297241,0,22.3575185182247,0,0,0,36.5352935791016,92.2056901719835,15.6423016602163,0,15.427983079597,22.2286081140525,45.7363243103027,16.3556156507897,58.3402290344238,22.6308428690984
0,0,0,0,0,0,0,0,0,0,0,0,0,0,0,0,0,3.82516833032881,0,0,0,5.00824172673358,6.69192226727804,7.35214781041803,0,6.05592265549828,0,3.04921108484268,0,0,0,0,0,0,0,0,0,4.94291340301231,0,0,0,0,0,0,0,0,0,16.5727672576904,0,5.06167271433049,0,0,0,0,0,0,0,0,0,0,0,0,0,0,0,0,9.70536342131353,0,12.2893123857065,0,7.0709785967399,0,0,0,0,0,0,0,0,0,6.58173510427131,0,5.56980959842595,0,0,0,0
0,0,0,0,0,0,0,0,26.8056964874268,0,0,0,0,0,0,0,5.88992498471187,18.0732898712158,0,0,0,6.16641521453857,5.43445313392361,0,5.9473158697064,0,7.05547308921814,0,5.1493938330448,0,0,0,0,0,0,0,0,0,5.17761359242109,0,0,0,0,0,0,0,0,0,9.8866386064996,0,0,0,0,0,0,0,0,0,0,0,0,0,0,0,0,0,0,4.3929108834515,0,6.37370987151079,0,5.70773348755807,0,0,0,0,0,0,0,0,0,6.31288717089893,5.69049280476196,0,23.0459744930267,0,0
0,0,0,0,0,0,0,0,0,4.6974519309351,0,0,0,0,0,0,0,3.73289570543501,0,0,0,9.09030101368728,0,4.47862201380583,0,4.89555911860839,0,0,0,0,0,0,0,0,0,0,0,8.49355637092216,0,0,0,0,0,0,0,0,0,0,0,5.1149440425815,0,0,0,0,0,3.90400888905022,0,0,0,0,0,4.8748791747623,0,0,9.70536342131353,0,0,0,6.29766741743182,0,3.91369305430232,0,0,0,0,0,20.6454712549845,0,0,0,7.89012312169888,0,4.05687659030611,0,4.68663832635591,0,0
0,0,0,0,0,0,0,0,13.343848425314,0,0,0,0,0,0,0,5.89269971847534,0,0,0,0,0,7.6592365767135,0,5.772560901365,0,2.94652581214905,0,4.64439582824707,0,0,0,0,0,0,0,0,0,7.22083218365299,0,0,0,0,0,0,0,0,0,7.23976408744871,0,0,0,0,0,8.67600241333547,0,0,0,13.1636037826538,0,0,0,0,0,0,4.3929108834515,0,0,0,5.95842048267149,0,8.89033133809159,0,0,0,0,0,0,0,0,0,8.33348028185547,5.05298492041501,0,11.8004928799563,0,0
0,0,0,0,0,0,0,0,0,0,0,0,0,0,0,0,0,4.60985167821248,18.780969619751,0,0,14.2699838957271,0,7.78748818621223,0,5.1052168986154,0,3.35627583265305,0,0,0,0,0,0,0,0,0,0,0,0,0,0,0,0,0,0,0,0,0,5.34094750313532,0,0,0,0,0,0,0,0,0,0,0,3.38026142120361,0,0,12.2893123857065,0,6.29766741743182,0,0,0,4.2477351047776,0,0,0,0,0,0,0,0,0,0,0,3.85887559722452,0,6.51510286331177,0,0
8.89541990416391,0,0,0,0,0,0,0,17.9289587941663,0,0,0,0,0,5.48026936096058,0,8.48470540975233,40.9743071469394,50.63916015625,0,0,0,4.17158453805106,0,4.66135324057886,0,3.57044158182809,0,2.73336219787598,0,0,0,0,0,0,0,0,0,16.8829571406047,0,0,0,0,0,0,0,0,0,7.52841291225776,0,0,0,0,0,14.2911535898844,0,0,0,4.93002596828673,0,4.50426449179649,0,0,0,0,6.37370987151079,0,5.95842048267149,0,0,0,4.79432812821928,0,0,0,0,0,0,0,0,0,0,15.770534254157,0,15.8453344597536,0,0
0,0,0,0,0,0,0,0,0,0,0,0,0,5.23148155212402,0,0,0,0,0,0,0,5.74235141844976,0,13.8804864883423,0,0,0,4.1539838247829,0,4.57255630303895,0,0,0,0,0,0,0,4.17846171752266,0,40.8303070068359,0,0,0,0,0,0,0,0,0,3.95623478889465,0,0,0,0,0,0,0,5.69860533305577,0,3.65951493613246,0,0,0,0,7.0709785967399,0,3.91369305430232,0,4.2477351047776,0,0,0,4.725448986617,0,0,0,0,0,0,0,7.38843589685662,0,3.12916244779314,3.59381651878357,8.66645777225494,0,0
0,0,0,0,0,0,0,0,11.7981607437134,0,0,0,0,0,4.77416947308709,0,18.8362929026286,39.2773284912109,0,0,0,0,8.95750757988463,0,4.14285810788472,0,3.49110838770866,0,6.68832365400265,0,3.85627341661297,0,0,0,0,0,0,0,3.26041791515966,0,0,0,20.1180999279022,0,0,0,0,0,7.83956032537279,0,0,0,0,0,0,0,4.66897224409283,0,4.37269385761685,0,0,0,0,17.2078695297241,0,5.70773348755807,0,8.89033133809159,0,4.79432812821928,0,0,0,6.17441589755397,0,0,0,0,0,0,0,4.14997888271625,8.21048992375533,5.55398011207581,8.61631714856183,0,17.0060043334961
0,0,0,32.2311536359611,0,37.8281533090692,0,0,76.1859817504883,36.9093952178955,0,7.42471907774607,0,0,0,0,84.1281089782715,58.5925203959147,27.8223642913051,17.3573509563099,0,0,0,0,0,0,0,2.73862171173096,0,5.51758016204448,0,0,0,0,0,68.3672990481059,0,4.3879652278524,0,48.5953625004466,0,21.7958124263942,0,0,0,19.4313832646922,0,58.7812296549479,0,36.7964281056608,0,0,0,0,0,0,0,7.677728306401,0,0,0,0,22.8761203091319,0,0,0,0,0,0,0,4.725448986617,0,0,0,0,0,78.6037826538086,0,54.327744382493,89.1919460296631,8.65522285926441,0,28.212954480648,0,26.0848914147196,20.5349807573401,0
25.8176355361938,0,29.7632654630221,0,42.1691805521647,0,0,0,0,0,9.24896023954664,0,0,0,0,0,65.8267364501953,68.1769180297852,34.8266210311498,0,13.4354836010351,0,0,0,0,0,0,0,5.16571505619929,0,5.1205984886069,0,0,0,0,0,62.696657816569,0,6.73331392842593,129.93034362793,28.6720311023571,0,19.3035695475501,0,0,0,20.2755266189575,0,5.91527986526489,0,37.326584815979,0,0,0,0,0,9.40303127131331,0,0,0,0,0,0,22.3575185182247,0,0,0,0,0,0,0,6.17441589755397,0,0,0,0,0,0,67.9903411865234,50.0002788070345,0,5.41932968755739,29.0526250118905,0,8.39036421343965,0,20.9022088372028
0,0,0,0,0,0,0,0,0,0,0,0,0,0,0,0,0,0,0,0,0,0,0,0,0,0,0,0,0,0,0,4.57724479416119,6.02576069533825,5.29974239150439,0,5.35119245991562,0,35.0890305836995,0,0,0,0,0,0,0,0,0,4.71193654033327,9.97297844519982,9.60228395462036,0,0,0,0,0,0,0,0,0,0,0,0,0,0,0,0,0,0,0,0,0,0,0,0,0,8.75657619476318,6.44849537954881,0,5.23948916746958,19.5381927490234,31.8328437805176,0,5.29140043705702,0,9.25258865356445,0,0
0,0,0,0,0,0,0,0,0,0,0,0,0,0,0,0,0,0,0,0,0,0,0,0,0,0,0,0,0,0,0,7.66880291938782,4.06122491194052,0,4.91611037254333,0,6.46726601354538,0,0,0,0,0,0,0,0,0,0,4.70195370323141,4.91370010375977,11.1009731292725,0,0,0,0,0,0,0,0,0,0,0,0,0,0,0,0,0,0,0,0,0,0,0,0,8.75657619476318,0,0,5.1452181539165,0,4.41976609942338,0,0,5.59789620784291,0,0,0,0
0,0,0,69.6013259887695,0,0,0,0,0,0,0,0,0,0,0,0,94.6568832397461,112.663558959961,80.8398727416992,0,0,0,0,19.8435535430908,0,0,0,0,0,0,0,3.89313162541857,0,6.07031261066913,7.6342089300725,7.64923166869016,0,8.58849956168503,0,75.1363983154297,0,45.4659675251354,0,0,0,0,0,7.10279181960857,0,5.43090506033464,0,0,0,0,0,22.1213893890381,0,0,0,0,0,0,101.378757476807,0,0,0,20.6454712549845,0,0,0,0,0,78.6037826538086,0,6.44849537954881,0,0,7.08001871109009,11.7111954772088,0,7.54924193491531,0,9.15865965727447,12.3360267792429,63.8121013641357,0,0
0,0,0,0,0,0,0,0,0,0,0,0,0,0,0,0,0,0,70.9702682495117,0,0,0,0,0,0,0,0,0,0,0,0,0,5.97772166150022,4.48215700582016,5.75723777352736,0,8.09295947180854,3.59966897964478,5.10602036717666,0,0,0,63.8620185852051,0,0,0,0,5.13823348319037,5.73042617525373,0,0,0,0,0,0,0,0,0,0,0,0,0,0,36.5352935791016,0,0,0,0,0,0,0,0,0,0,0,5.1452181539165,7.08001871109009,0,0,8.16007463819363,0,7.43357204662429,5.74723859628042,4.93972854614258,7.1171612739563,0,0
112.709648132324,40.6538092041016,0,42.4210755825043,0,47.8745946884155,0,0,115.126889546712,67.5359573364258,0,4.00892086762648,0,0,126.664764404297,0,78.3419219287917,79.1299463370596,49.888048868985,6.54250015913457,70.1376571655273,0,0,0,87.003490447998,0,0,0,0,0,0,5.02074616280567,0,8.42645284957385,0,7.59673552395329,9.78018578167619,10.3186875766481,0,20.2374186889743,86.2388210296631,28.0953377439898,81.4887390136719,27.070405960083,0,20.343409138108,0,6.02428700223149,20.4940608342489,20.1372439940624,0,0,0,0,0,0,0,47.02907736106,0,0,0,0,11.1029788468177,92.2056901719835,0,0,0,0,0,0,0,0,54.327744382493,67.9903411865234,5.23948916746958,0,11.7111954772088,0,0,92.6435060561458,13.3854530394054,0,17.1993003414952,0,32.38601313682,44.8673791018399,92.7739054361979
38.5334117253621,0,42.7716022838246,0,48.7282250722249,0,0,0,55.0621337890625,0,20.9586443271277,0,0,0,0,0,76.2463395070221,83.2538985704121,45.212019753197,0,9.18108011256507,0,0,0,0,0,73.0918045043945,0,0,0,0,16.6080150604248,5.40298593375418,0,5.67941743347637,6.33917880058289,7.01348525206428,0,8.93598013959268,79.8776903152466,20.1868239369622,74.1268587112427,26.1132328329324,0,30.9671697616577,0,21.6424655520071,6.08691341853713,6.95422171728952,96.0582809448242,45.3457178388323,0,0,0,0,0,46.8556099866892,0,0,0,0,0,77.843773651123,15.6423016602163,0,0,0,0,0,0,0,0,89.1919460296631,50.0002788070345,19.5381927490234,4.41976609942338,0,8.16007463819363,92.6435060561458,0,78.1025085449219,9.40257322313211,15.4725219633255,9.15742464600322,29.1159465604002,72.3129704793294,33.709391888401
