0,0,5.49918033182621,0,0,0,0,0,4.88199934851928,0,0,0,0,0,0,0,13.2163536718913,0,13.3872656654304,0,0,0,0,0,4.45882253646851,0,0,0,0,0,0,0,0,0,0,0,0,0,0,0,0,0,7.97374340972385,0,0,0,7.20214811960856,0,5.2142592171828,0,0,0,0,0,4.92631546250225,0,18.9670702616374,0,0,0,7.34099856111192,0,0,0,0,0,0,4.77984857559204,0,2.94341635704041,0,0,0,20.4165554046631,0,0,0,0,0,0,0,0,6.16092611255262,7.91971906026204,7.65713566412657,0,11.1216581463814
0,0,0,11.4439504369531,0,0,0,0,23.3842124938965,4.71827677730874,0,0,0,0,0,7.39254560470581,0,15.726230653127,11.8984060668425,0,0,0,0,0,0,0,0,0,0,0,0,0,0,0,0,0,0,0,0,22.1431382497152,0,9.53283266716514,0,0,0,11.4868817350049,0,0,0,5.10382798485372,0,0,0,0,0,5.29342087528555,0,4.86038086203491,0,7.94824298437651,0,8.73912945660678,0,0,0,0,0,0,17.2413851998069,0,9.8185621102651,0,0,0,0,0,0,0,0,0,0,0,7.33232560824854,0,6.35429359497188,8.75595998764038,0
5.49918033182621,0,0,0,3.698246717453,0,0,0,3.28596964197339,0,0,0,0,0,0,0,0,0,12.0636719067891,0,0,0,0,0,0,0,0,0,0,0,0,0,0,0,0,0,13.0020317501492,0,0,0,0,0,15.2986187501387,0,0,0,5.00971611421935,0,4.07435664490088,0,0,0,0,0,3.67272278358196,0,9.45170136420957,0,0,0,0,0,0,0,0,0,0,0,0,0,0,0,0,0,0,0,0,0,0,13.7627995808919,0,0,5.73080756444505,4.41991077769886,7.34925210391204,0,11.3520964709195
0,11.4439504369531,0,0,0,3.81583615628684,0,0,0,8.81624525917901,0,0,0,0,0,0,0,0,13.7880175908407,0,0,0,0,0,0,0,0,0,0,0,0,0,0,0,0,0,0,0,0,19.8856084006173,0,19.471087325703,0,0,0,10.0970444484327,0,0,0,4.64358169920493,0,0,0,0,0,13.871836066246,0,6.27321672439575,0,0,0,0,0,0,0,0,0,0,0,0,0,0,0,0,0,0,0,0,33.1738204956055,0,29.5073070526123,0,7.16367171921282,4.8754274447759,6.24617361616005,0,0
0,0,3.698246717453,0,0,0,0,0,3.3635719076116,0,0,0,0,0,3.09570164680481,0,0,0,0,0,0,0,0,0,0,0,0,0,0,0,0,0,0,0,0,0,2.78106707334518,0,0,0,0,0,0,0,0,0,0,0,0,0,4.73453661467336,0,4.76792526245117,0,2.84180265665054,0,0,0,5.92295518875122,0,3.47579409892742,0,0,0,0,0,0,0,0,0,0,0,0,0,0,0,0,0,0,0,0,0,3.77999208775016,3.65021975726297,2.94645023345947,0,0
0,0,0,3.81583615628684,0,0,0,5.57930811322652,0,2.95174757639567,0,0,0,0,0,0,0,0,0,4.53126724561055,0,0,0,0,0,0,0,0,0,0,0,0,0,0,0,10.5380716323853,0,0,0,0,0,0,0,0,0,0,0,0,0,0,0,4.70453801816397,0,6.05803295282217,0,3.15814558664958,0,5.58530463670429,0,11.4234189987183,0,3.64307414160834,0,0,0,0,0,0,0,0,0,0,0,0,0,0,0,0,9.38622665405273,0,0,0,3.67917227520838,4.6178424888187,3.21644868850708,0,0
0,0,0,0,0,0,0,0,0,0,3.89916601114803,0,8.69168920516968,0,0,0,0,0,0,0,3.39317097663879,0,0,0,0,0,0,0,0,0,0,0,0,0,0,0,0,0,0,0,0,0,0,0,0,0,0,0,0,0,6.13497672080994,0,3.0135765653668,0,0,0,7.11070391373201,0,9.104197540259,0,0,0,0,0,0,0,0,0,0,0,0,0,0,0,0,0,0,0,0,0,0,0,3.14279228990728,3.04540997743607,0,0,0
0,0,0,0,0,5.57930811322652,0,0,0,0,0,3.87639036969324,0,2.73403716087341,0,0,0,0,0,2.93199077019325,0,0,0,0,0,0,0,0,0,0,0,0,0,0,0,0,0,0,0,0,0,0,0,0,0,0,0,0,0,0,0,0,0,3.6788549694148,0,0,0,5.07945873016535,0,8.95832652112712,0,0,0,0,0,0,0,0,0,0,0,0,0,0,0,0,0,0,0,0,0,0,3.56869416425724,0,0,0,0
4.88199934851928,23.3842124938965,3.28596964197339,0,3.3635719076116,0,0,0,0,0,0,0,0,0,3.76779755731908,0,7.9304890932213,0,6.66176125433593,0,0,0,0,0,5.34881777543548,0,3.73701283335686,0,0,0,0,0,0,0,0,0,0,0,4.70353857676188,0,0,0,6.03839732466566,0,0,0,6.9995551109314,0,4.90325022605528,0,4.05075571272108,0,0,0,4.42929732875032,0,15.1178617477417,0,0,0,5.37986986147362,0,0,0,0,0,0,6.99787092910093,0,0,0,0,0,17.6144695281982,0,0,0,0,0,0,0,5.0947779417038,5.22872435624041,6.11325415729606,7.64141934148727,0,4.37359777672031
0,4.71827677730874,0,8.81624525917901,0,2.95174757639567,0,0,0,0,0,0,0,6.24085648854574,0,4.41658708521428,0,9.4128999710083,5.66661726757884,0,0,0,0,5.20292851340629,0,4.15877050161362,0,0,0,0,0,0,0,19.6586079597473,0,0,0,9.93453874588013,0,27.5582122802734,0,5.55710511963542,0,0,0,12.6995718479156,0,34.4571266174316,0,7.16025620240432,0,0,0,0,0,4.65370230003894,0,14.6455659866333,0,8.80420517921448,0,5.00421257501916,0,0,0,0,5.88812959194183,0,0,0,0,0,0,0,0,0,34.7086238861084,0,0,0,6.31556606292725,0,4.50748098087258,5.84102790380262,6.76764612243726,4.43699125202937,0
0,0,0,0,0,0,3.89916601114803,0,0,0,0,0,4.15855754485497,0,0,0,0,0,0,0,3.18850817791251,0,0,0,0,0,0,0,0,0,2.93350744247437,0,0,0,0,0,3.58834946540094,0,4.49973758896615,0,0,0,0,0,0,0,0,0,0,0,0,0,4.08902248510948,0,0,0,3.77675068448537,0,4.3870904302597,0,0,0,0,4.30365263621012,0,0,0,0,0,0,0,0,0,4.29057183048942,0,0,0,0,0,3.37556600570679,0,6.6400487947464,3.32227804953672,2.9609234199232,4.43948181735145,0,0
0,0,0,0,0,0,0,3.87639036969324,0,0,0,0,0,3.44346821222374,0,0,0,0,0,4.27424068992558,0,0,0,0,0,0,0,3.17332778193734,0,3.24132442474365,0,0,0,0,0,3.46568350106972,0,3.79443097969651,0,0,0,0,0,0,0,0,0,0,0,0,0,0,0,4.72636471241713,0,0,0,3.50140668987173,0,5.90389961346813,0,0,3.81894600906245,0,0,0,0,0,0,0,3.58079791069031,0,3.51672234237194,0,0,0,0,0,0,0,4.05493851268993,0,3.1824978950123,0,5.4807767868042,0,0
0,0,0,0,0,0,8.69168920516968,0,0,0,4.15855754485497,0,0,0,4.35864170960018,0,0,0,0,0,0,0,0,0,18.3838787078857,0,10.9040114123647,0,3.73935270309448,0,0,0,0,0,0,0,0,0,0,0,0,0,0,0,0,0,0,0,0,0,0,0,4.68215957283974,0,0,0,3.2565193772316,0,4.22857163610388,0,4.55639620125294,0,0,0,0,0,0,0,0,9.39824912950933,0,5.69534540176392,0,0,0,0,0,0,0,0,0,0,3.61598290510827,3.75208087005312,0,0,0
0,0,0,0,0,0,0,2.73403716087341,0,6.24085648854574,0,3.44346821222374,0,0,0,3.91492818800871,0,0,0,0,0,0,0,0,0,0,0,3.81347211371077,0,3.03256586194038,0,0,0,0,0,0,0,0,0,0,0,0,0,0,0,0,0,0,0,0,0,0,0,0,0,0,0,3.48127500764255,0,6.16673662482568,0,5.4404329536407,0,0,0,0,0,0,0,0,4.54983606934547,0,0,0,0,0,0,0,0,0,0,0,3.68484500594282,4.18073001298411,0,0,0
0,0,0,0,3.09570164680481,0,0,0,3.76779755731908,0,0,0,4.35864170960018,0,0,0,4.92220592498779,0,0,0,0,0,0,0,6.06839000856554,0,5.17236815000835,0,0,0,0,0,0,0,0,0,0,0,0,0,0,0,0,0,0,0,0,0,0,0,0,0,0,0,3.41504814832107,0,0,0,3.71073387578591,0,4.93810299427297,0,0,0,0,0,0,12.8859806060791,0,8.73923874295448,0,0,0,0,0,0,0,0,0,0,0,0,3.64525254042643,3.85308287673526,0,0,0
0,7.39254560470581,0,0,0,0,0,0,0,4.41658708521428,0,0,0,3.91492818800871,0,0,0,3.22361521222698,0,0,0,0,0,4.55736698423113,0,4.08324670791626,0,0,0,0,0,0,0,0,0,0,0,0,0,0,0,0,0,0,0,0,0,0,0,0,0,0,0,0,0,4.27726792747324,0,0,0,6.47405284349265,0,5.11792934083857,0,0,0,0,0,0,3.56468924354104,0,0,0,0,0,0,0,0,0,0,0,0,0,4.01530022226321,6.55343854013895,0,0,0
13.2163536718913,0,0,0,0,0,0,0,7.9304890932213,0,0,0,0,0,4.92220592498779,0,0,5.80545032847995,6.57082812657432,0,0,0,0,0,0,0,3.26113563776016,0,3.72628302075142,0,0,0,0,0,0,0,0,0,0,0,0,0,0,0,0,0,0,0,0,0,0,0,0,0,9.73918660481771,0,0,0,0,0,0,0,0,0,0,0,0,0,0,0,0,0,0,0,0,0,0,0,0,0,0,0,5.81825193090217,4.89455484373842,17.5941867828369,0,0
0,15.726230653127,0,0,0,0,0,0,0,9.4128999710083,0,0,0,0,0,3.22361521222698,5.80545032847995,0,7.60114113094914,0,0,2.79265952110291,0,2.95854771137238,0,0,0,0,0,0,0,0,0,0,0,0,0,0,0,0,0,19.4602000713348,0,0,0,0,0,0,0,12.6347026824951,0,0,0,0,0,0,0,0,0,0,0,3.91829310144697,0,0,0,0,0,0,3.01994204521179,0,0,0,0,0,0,0,0,0,0,0,0,0,6.14319984072989,10.5578997588375,17.6097029050191,15.255872408549,0
13.3872656654304,11.8984060668425,12.0636719067891,13.7880175908407,0,0,0,0,6.66176125433593,5.66661726757884,0,0,0,0,0,0,6.57082812657432,7.60114113094914,0,0,0,0,0,0,7.96477651596069,0,0,0,0,0,0,0,0,0,0,0,0,13.9103393554688,0,22.9956462799557,22.5139704924363,13.9899258024015,12.2282216331832,4.86304672183217,6.88088381290436,14.4264346134873,14.6794831683618,0,14.1770766639709,15.8095286393366,0,0,0,0,4.64125277637656,26.4503345489502,0,0,0,0,0,0,0,0,0,0,28.8267970879873,10.8533582401276,0,0,0,0,0,0,0,0,0,0,30.5434968312581,21.4697895050049,28.9990914084695,4.89937237330845,6.55707631958575,13.9157196008242,10.9882568183796,8.46124835179244,8.9347399745189
0,0,0,0,0,4.53126724561055,0,2.93199077019325,0,0,0,4.27424068992558,0,0,0,0,0,0,0,0,0,0,0,0,0,0,0,0,0,0,0,0,0,0,0,4.12142376409318,0,4.12641251714606,0,0,0,0,0,0,0,4.61486840248108,0,0,0,0,0,5.33690650646503,0,3.95280728340149,0,0,0,4.29033019436643,0,14.4511329426485,0,0,3.62513832135634,0,0,0,0,0,0,0,0,0,3.45822159449259,0,0,0,0,0,3.67874449098895,0,4.5832462310791,0,3.14478741710385,3.43380101025105,3.45795302589734,0,0
0,0,0,0,0,0,3.39317097663879,0,0,0,3.18850817791251,0,0,0,0,0,0,0,0,0,0,0,0,0,0,0,0,0,0,0,0,0,0,0,0,0,3.49855087412165,0,4.3326655311146,0,0,0,0,0,0,0,8.83979680321433,0,0,0,0,0,5.41036313551444,0,0,0,3.13974336534739,0,15.642783164978,0,0,0,0,4.73612452688157,0,0,0,0,0,0,0,0,0,0,0,0,0,0,0,3.74772752848539,0,17.0043919881185,2.92572257916133,2.872777312994,4.37765303669974,0,0
0,0,0,0,0,0,0,0,0,0,0,0,0,0,0,0,0,2.79265952110291,0,0,0,0,5.12240765960559,4.05911978326663,0,0,0,3.09090171438275,0,0,0,0,0,0,0,0,0,4.29947754380232,0,0,0,0,0,0,0,0,0,0,0,3.25367188453674,0,0,0,0,0,0,0,0,0,0,0,0,0,0,4.26040703338483,4.47685114792951,3.18762405713399,0,0,0,3.41616643697788,0,0,0,0,0,0,0,0,0,4.32912677984971,0,4.79551028252385,5.06025861697053,0,0,0
0,0,0,0,0,0,0,0,0,0,0,0,0,0,0,0,0,0,0,0,0,5.12240765960559,0,0,4.49337265251926,0,2.72853577136993,0,4.10015921034419,0,0,0,0,0,0,0,0,5.53388594090939,3.80797379924094,0,0,0,0,0,0,0,0,0,0,0,0,0,0,0,0,0,0,0,19.0015048980713,0,0,0,0,0,5.01272526154151,4.73135075082078,0,5.1748621863608,0,4.60111754267638,0,4.98768332229197,0,0,0,0,0,0,0,0,4.83291244506836,5.71041438335509,4.92582659465988,4.8961272813445,8.42845821380615,0,0
0,0,0,0,0,0,0,0,0,5.20292851340629,0,0,0,0,0,4.55736698423113,0,2.95854771137238,0,0,0,4.05911978326663,0,0,35.7321039835612,0,0,0,0,0,0,39.0448150634766,0,21.1479019838221,0,0,0,6.69116314629377,33.241204610685,0,53.8635101318359,0,0,0,0,0,0,35.2905908772643,39.0892987060547,26.662765648054,0,0,0,0,0,7.63908235232035,0,0,0,0,0,0,0,0,3.56515264511108,0,3.27452943608222,38.3549052344428,0,0,0,0,0,0,37.8860778808594,63.4641456604004,29.5455132484436,0,73.1260299682617,0,8.01101798775755,33.9098950747786,5.54553924683602,19.6494140625,27.4210882802163,0,0
4.45882253646851,0,0,0,0,0,0,0,5.34881777543548,0,0,0,18.3838787078857,0,6.06839000856554,0,0,0,7.96477651596069,0,0,0,4.49337265251926,35.7321039835612,0,0,3.04239979615578,0,0,0,0,0,59.9868202209473,0,0,0,0,30.6532041231791,5.41918932474576,0,0,0,0,0,0,0,0,56.1298179626465,14.1140671643344,35.1982345581055,0,0,0,0,4.69669766478486,0,0,0,18.203932762146,0,8.03087124871273,0,0,0,0,5.2748931312561,35.3625368638472,4.76709681218702,0,4.15616246549972,0,10.9963029225667,0,0,0,0,0,0,0,0,31.0850655160299,7.89402463740428,5.47172057828424,10.5135865833448,24.9673093689813,0,0
0,0,0,0,0,0,0,0,0,4.15877050161362,0,0,0,0,0,4.08324670791626,0,0,0,0,0,0,0,0,0,0,0,3.57859007517497,0,0,0,0,0,0,0,0,0,0,0,0,0,0,0,0,0,0,0,0,0,0,0,0,0,0,0,0,0,0,0,9.59015283584595,0,0,0,0,0,0,0,0,3.18945916106061,0,3.35288238525391,0,0,0,0,0,0,0,0,0,0,0,4.45809015631676,0,0,0,0
0,0,0,0,0,0,0,0,3.73701283335686,0,0,0,10.9040114123647,0,5.17236815000835,0,3.26113563776016,0,0,0,0,0,2.72853577136993,0,3.04239979615578,0,0,0,3.80290300195867,0,0,0,0,0,0,0,0,0,0,0,0,0,0,0,0,0,0,0,0,0,0,0,0,0,0,0,0,0,13.8100087201154,0,8.39647559497667,0,0,0,0,0,0,2.74433326721191,0,5.46792878944669,0,10.8279785895348,0,0,0,0,0,0,0,0,0,0,3.42770090469947,0,0,0,0
0,0,0,0,0,0,0,0,0,0,0,3.17332778193734,0,3.81347211371077,0,0,0,0,0,0,0,3.09090171438275,0,0,0,3.57859007517497,0,0,0,3.31165603796641,0,0,0,0,0,0,0,0,0,0,0,0,0,0,0,0,0,0,0,0,0,0,0,0,0,0,0,5.46747732162476,0,3.31111732221419,0,0,0,0,2.87262970209122,0,0,0,5.27282810211182,0,3.38719101774979,0,4.91950689882472,0,0,0,0,0,0,0,0,0,4.0443513977201,3.35907080688992,0,0,0
0,0,0,0,0,0,0,0,0,0,0,0,3.73935270309448,0,0,0,3.72628302075142,0,0,0,0,0,4.10015921034419,0,0,0,3.80290300195867,0,0,0,3.06189288695653,0,0,0,0,0,0,0,3.03535944537113,0,0,0,0,0,0,0,0,0,0,0,0,0,0,0,0,0,0,0,3.86497020721436,0,0,0,0,0,0,6.92847656186723,0,0,0,3.56860649585724,0,3.28367594775991,0,4.13721112410227,0,0,0,0,0,0,0,3.58854364875137,3.31407531983782,3.42756287807243,0,0,0
0,0,0,0,0,0,0,0,0,0,0,3.24132442474365,0,3.03256586194038,0,0,0,0,0,0,0,0,0,0,0,0,0,3.31165603796641,0,0,0,0,0,0,0,0,0,3.60593033044235,0,0,0,0,0,0,0,0,0,0,0,0,0,0,0,0,0,0,0,0,0,3.42346652348836,0,0,0,0,0,0,0,0,0,0,3.57201391551644,0,4.04738804772337,0,0,0,0,0,0,0,3.47536564756323,0,4.67804703712463,0,0,0,0
0,0,0,0,0,0,0,0,0,0,2.93350744247437,0,0,0,0,0,0,0,0,0,0,0,0,0,0,0,0,0,3.06189288695653,0,0,0,0,0,0,0,0,0,6.22275664657354,0,0,0,0,0,0,0,0,0,0,0,0,0,0,0,0,0,4.51420153293413,0,0,0,0,0,0,0,0,0,0,0,0,0,0,2.85502755641937,0,4.41325362421247,0,0,0,0,0,0,0,6.08372320069207,3.78424988401697,3.05845534801483,0,0,0
0,0,0,0,0,0,0,0,0,0,0,0,0,0,0,0,0,0,0,0,0,0,0,39.0448150634766,0,0,0,0,0,0,0,0,3.48454033929434,23.1610725334712,0,3.68695467827367,3.83219409524725,33.4819682439168,42.6983833312988,0,22.3432350158691,0,0,0,0,0,0,17.7932648590633,44.5928268432617,0,0,0,0,0,0,0,0,0,0,0,0,0,0,0,0,0,38.4744415283203,0,0,0,0,0,0,0,3.15608837082982,5.85547034709881,19.7953369468451,0,4.34326405924652,25.5517190297445,27.9440169334412,46.1251430511475,26.6527860845838,0,52.056224822998,0,0
0,0,0,0,0,0,0,0,0,0,0,0,0,0,0,0,0,0,0,0,0,0,0,0,59.9868202209473,0,0,0,0,0,0,3.48454033929434,0,0,0,4.01424884796143,3.46236937427521,0,49.4424090385437,22.1977052688599,0,0,0,0,0,0,0,17.479241166796,0,68.6295166015625,0,0,0,0,0,0,0,0,0,0,0,0,0,0,0,0,0,0,0,0,0,0,0,0,4.15562865521648,3.99653979448172,46.4675165812174,38.7213909237884,24.6128895878792,4.70247435371905,0,46.748755705984,55.2873336907589,54.1687009711015,0,0,0
0,0,0,0,0,0,0,0,0,19.6586079597473,0,0,0,0,0,0,0,0,0,0,0,0,0,21.1479019838221,0,0,0,0,0,0,0,23.1610725334712,0,0,3.66149095782527,3.85876762866974,5.74665148207482,11.949673398441,6.12002784152364,0,38.9619674682617,0,0,0,0,0,0,22.6708097288928,31.8866560618083,22.520241126036,0,0,0,0,0,0,0,0,0,0,0,0,0,0,0,0,20.8555196248568,29.7375106811523,0,0,0,0,0,36.9738597869873,8.22631935278575,45.9336395263672,6.89687591872524,5.19441117073156,4.71202552924722,43.1645278930664,10.4446137025439,29.0033064829676,10.5856658369303,79.8703536987305,19.8155422210693,0,0
0,0,0,0,0,0,0,0,0,0,0,0,0,0,0,0,0,0,0,0,0,0,0,0,0,0,0,0,0,0,0,0,0,3.66149095782527,0,3.62214379127209,4.46793760821379,80.3857727050781,3.43025916587305,0,0,0,0,0,0,0,0,6.65149559541182,0,42.675178527832,0,0,0,0,0,0,0,0,0,0,0,0,0,0,0,0,0,0,0,0,0,0,0,0,0,5.5376980645316,3.69745267005194,3.41914246232236,6.75303602218628,4.56741470615613,0,3.45374570208769,4.248927290623,8.86532592773438,32.4762306213379,0,0
0,0,0,0,0,10.5380716323853,0,0,0,0,0,3.46568350106972,0,0,0,0,0,0,0,4.12142376409318,0,0,0,0,0,0,0,0,0,0,0,3.68695467827367,4.01424884796143,3.85876762866974,3.62214379127209,0,3.53912589850571,4.04099992983646,4.17034091019049,5.01473875667738,0,0,0,0,0,3.81691400628341,0,3.02897219657898,0,0,0,0,0,0,0,0,0,6.04021261973553,0,0,0,0,4.52935037550988,0,0,0,0,0,0,0,0,0,0,0,3.45366948688185,0,4.34461528498952,0,4.79364072230871,6.02118855214301,4.79515878887603,0,3.86705750993341,4.48013024190407,3.42497724294662,0,0
0,0,13.0020317501492,0,2.78106707334518,0,0,0,0,0,3.58834946540094,0,0,0,0,0,0,0,0,0,3.49855087412165,0,0,0,0,0,0,0,0,0,0,3.83219409524725,3.46236937427521,5.74665148207482,4.46793760821379,3.53912589850571,0,4.00189669430256,4.81857274934947,0,7.2392492705378,33.3070964813232,23.6344547271729,0,0,0,3.52629636079073,10.8144502412705,8.22796765689192,35.0038419299655,0,0,0,0,0,0,4.47125469223928,0,0,0,0,0,0,3.98298936230796,0,0,0,0,0,0,0,0,48.2936624799456,0,4.49370145797729,3.93422263593816,38.9836196899414,4.52181729851845,3.92675697702472,5.17338541215143,32.5898990296481,8.56004911200226,4.69704916097972,4.41189769852875,14.0835952127681,0,0
0,0,0,0,0,0,0,0,0,9.93453874588013,0,3.79443097969651,0,0,0,0,0,0,13.9103393554688,4.12641251714606,0,4.29947754380232,5.53388594090939,6.69116314629377,30.6532041231791,0,0,0,0,3.60593033044235,0,33.4819682439168,0,11.949673398441,80.3857727050781,4.04099992983646,4.00189669430256,0,14.9950539006685,0,40.0838623046875,0,0,0,0,0,0,21.7753653973341,32.1298615735276,12.9905495607123,0,0,0,0,0,0,0,4.4491711767233,0,0,0,0,0,0,4.63151669293119,0,8.63042342531169,32.2232926149626,0,0,2.88442489079067,37.4540176391602,3.98102208119378,38.8324023760282,35.6414070129395,65.8273626055036,9.01131535106235,0,4.77831004440099,35.1589492162069,4.91629096921183,26.8802876297702,4.63482941157138,16.7486901226498,23.745589017213,0,0
0,0,0,0,0,0,0,0,4.70353857676188,0,4.49973758896615,0,0,0,0,0,0,0,0,0,4.3326655311146,0,3.80797379924094,33.241204610685,5.41918932474576,0,0,0,3.03535944537113,0,6.22275664657354,42.6983833312988,49.4424090385437,6.12002784152364,3.43025916587305,4.17034091019049,4.81857274934947,14.9950539006685,0,47.7445965935202,0,30.7767114639282,15.0200923283895,0,0,0,9.70894119956277,28.6520304295325,8.06237115592232,35.4443984802113,0,0,0,0,0,0,4.17113859959138,0,0,0,0,0,0,6.35833093500995,0,3.75665659084916,33.5174323623604,7.56959115583831,0,0,0,5.567098736763,45.2519607543945,4.20743261293999,0,46.0538839860396,5.40288157992893,4.59346051162548,49.7418220043182,6.23923366923573,27.9907044408374,5.55394689375595,5.31008851673348,7.39508257309596,12.2992085709118,0,0
0,22.1431382497152,0,19.8856084006173,0,0,0,0,0,27.5582122802734,0,0,0,0,0,0,0,0,22.9956462799557,0,0,0,0,0,0,0,0,0,0,0,0,0,22.1977052688599,0,0,5.01473875667738,0,0,47.7445965935202,0,16.4358215143496,14.2977245208379,0,16.9799652833205,0,7.00326591809207,0,19.1260531551867,14.8590360273014,14.0541353671781,0,0,0,0,0,0,0,0,0,0,0,0,5.74227845668793,0,0,0,0,57.7201309204102,0,0,0,0,17.419424533844,0,0,22.0337703227997,0,42.040279681866,5.0547444505854,18.3588961324384,9.00190183639526,47.0223136228674,38.5193243569341,44.4371749590028,7.55423824715859,16.1635693609715,0
0,0,0,0,0,0,0,0,0,0,0,0,0,0,0,0,0,0,22.5139704924363,0,0,0,0,53.8635101318359,0,0,0,0,0,0,0,22.3432350158691,0,38.9619674682617,0,0,7.2392492705378,40.0838623046875,0,16.4358215143496,0,18.321675802532,14.1243691017534,0,0,0,5.49113239694376,7.89339489456992,12.0361127131864,14.6738041296678,0,0,0,0,0,0,0,0,0,0,0,0,0,0,0,0,57.1157035827637,0,0,0,0,25.7236385345459,43.2905025482178,19.8131442599826,0,0,38.3276290893555,0,20.7287454751073,5.59546709727998,28.3301707819888,8.43319947902973,17.5995901964044,27.0169032601749,10.0770668565697,0,20.3374864083749
0,9.53283266716514,0,19.471087325703,0,0,0,0,0,5.55710511963542,0,0,0,0,0,0,0,19.4602000713348,13.9899258024015,0,0,0,0,0,0,0,0,0,0,0,0,0,0,0,0,0,33.3070964813232,0,30.7767114639282,14.2977245208379,18.321675802532,0,24.4868979454041,9.22658470936738,0,6.77717381852972,0,17.0796732902527,28.7823602131435,15.4673765519086,0,0,0,0,0,6.06903953604646,0,7.88202194067148,0,0,0,15.9589983622233,22.8370018005371,0,0,0,28.6433318745006,35.0854454040527,0,0,9.77516587575277,38.4887628555298,27.7434776814779,52.9269103240967,0,0,0,0,17.121667483223,39.9972284105089,19.8174512982368,38.934361038208,7.4438722504457,20.3663119673729,9.34244046381154,6.02864668231329,0
7.97374340972385,0,15.2986187501387,0,0,0,0,0,6.03839732466566,0,0,0,0,0,0,0,0,0,12.2282216331832,0,0,0,0,0,0,0,0,0,0,0,0,0,0,0,0,0,23.6344547271729,0,15.0200923283895,0,14.1243691017534,24.4868979454041,0,0,5.75933957675187,0,6.60073792800475,0,18.0834432704226,51.5929890019553,0,0,0,0,6.92714508033238,0,11.1878877014949,0,14.3246545791626,0,0,0,0,0,0,0,0,23.853544436003,0,0,0,29.6393175125122,66.0513124465942,31.1094399588449,0,0,0,0,15.3489923477173,20.582683853201,38.9157524108887,22.1815216081952,9.44447235313673,20.7864559173584,10.788320358939,56.7258453369141,9.30752824624094
0,0,0,0,0,0,0,0,0,0,0,0,0,0,0,0,0,0,4.86304672183217,0,0,0,0,0,0,0,0,0,0,0,0,0,0,0,0,0,0,0,0,16.9799652833205,0,9.22658470936738,0,0,0,6.96613613155245,0,0,0,0,0,0,0,0,0,0,0,0,0,0,0,0,0,0,0,0,0,0,0,0,0,0,0,0,0,0,0,0,21.5797873155786,0,23.5606932730045,0,7.56627009635748,14.4110680852618,8.30826858029454,22.8921697789972,0
0,0,0,0,0,0,0,0,0,0,0,0,0,0,0,0,0,0,6.88088381290436,0,0,0,0,0,0,0,0,0,0,0,0,0,0,0,0,0,0,0,0,0,0,0,5.75933957675187,0,0,0,7.4947408422146,0,0,0,0,0,0,0,0,0,0,0,0,0,0,0,0,0,0,0,0,0,0,0,0,0,0,0,0,0,0,0,0,35.3724632263184,0,25.5103694068061,9.5987982749939,16.9569112989638,6.35146748136017,0,11.1299581825733
0,11.4868817350049,0,10.0970444484327,0,0,0,0,0,12.6995718479156,0,0,0,0,0,0,0,0,14.4264346134873,4.61486840248108,0,0,0,0,0,0,0,0,0,0,0,0,0,0,0,3.81691400628341,0,0,0,7.00326591809207,0,6.77717381852972,0,6.96613613155245,0,0,0,0,0,15.4469981988271,0,0,0,0,0,0,0,22.5281581878662,0,0,0,0,4.66260482768509,0,0,0,0,0,0,0,0,0,0,0,0,0,0,0,14.0457933736624,0,14.8682347929235,0,10.7256381083864,22.5721191422552,7.15172389955897,0,0
7.20214811960856,0,5.00971611421935,0,0,0,0,0,6.9995551109314,0,0,0,0,0,0,0,0,0,14.6794831683618,0,8.83979680321433,0,0,0,0,0,0,0,0,0,0,0,0,0,0,0,3.52629636079073,0,9.70894119956277,0,5.49113239694376,0,6.60073792800475,0,7.4947408422146,0,0,0,5.17564851897103,0,0,0,0,0,0,0,0,0,0,0,0,0,0,4.71384934633428,0,0,0,0,0,0,0,0,0,0,0,0,0,0,0,9.97927291694953,0,13.4733681241095,9.51906554181974,22.5993003845215,6.07975413975781,0,12.5841543674469
0,0,0,0,0,0,0,0,0,34.4571266174316,0,0,0,0,0,0,0,0,0,0,0,0,0,35.2905908772643,56.1298179626465,0,0,0,0,0,0,17.7932648590633,17.479241166796,22.6708097288928,6.65149559541182,3.02897219657898,10.8144502412705,21.7753653973341,28.6520304295325,19.1260531551867,7.89339489456992,17.0796732902527,0,0,0,0,0,0,16.7453096529002,15.5318818211555,0,0,0,0,0,0,0,0,0,0,0,0,0,0,0,0,36.9847375519422,0,0,0,0,28.2970085144043,18.6665644645691,25.8382869615947,14.4568127734321,12.9273668766022,26.9931273306238,27.3253177574703,10.0582422213521,8.29082344913338,22.1818804725474,25.2267739657433,37.0429427080517,52.8436698913574,23.5323659479618,15.3456964492798,0
5.2142592171828,0,4.07435664490088,0,0,0,0,0,4.90325022605528,0,0,0,0,0,0,0,0,0,14.1770766639709,0,0,0,0,39.0892987060547,14.1140671643344,0,0,0,0,0,0,44.5928268432617,0,31.8866560618083,0,0,8.22796765689192,32.1298615735276,8.06237115592232,14.8590360273014,12.0361127131864,28.7823602131435,18.0834432704226,0,0,0,5.17564851897103,16.7453096529002,0,25.7201426037645,0,0,0,0,7.07544414202372,0,7.5365098180442,0,6.32517836491267,0,6.02954994386701,0,0,0,0,3.73631393909454,37.7946513775358,12.964443385601,0,4.59383676946163,0,6.62834790538171,45.5776709965297,9.05526704373567,45.1903266906738,5.95081284046173,26.2196922302246,96.8058319091797,18.6382274980898,5.60335565243019,33.3798537977147,8.24871509956249,15.6129718904724,17.650494786196,15.3589484730128,33.4501010894775,8.14581178216373
0,5.10382798485372,0,4.64358169920493,0,0,0,0,0,7.16025620240432,0,0,0,0,0,0,0,12.6347026824951,15.8095286393366,0,0,3.25367188453674,0,26.662765648054,35.1982345581055,0,0,0,0,0,0,0,68.6295166015625,22.520241126036,42.675178527832,0,35.0038419299655,12.9905495607123,35.4443984802113,14.0541353671781,14.6738041296678,15.4673765519086,51.5929890019553,0,0,15.4469981988271,0,15.5318818211555,25.7201426037645,0,0,0,0,0,0,7.53635680675507,0,5.41738182922889,0,4.21199539595959,0,3.0608720501857,17.6782341003418,0,0,0,26.0399386515984,37.54756363151,3.79384215672811,0,6.65533865806232,42.9869494747806,7.49145859907348,43.5997344337494,0,17.3202403187752,10.7199568242738,39.0792611066033,5.84714666023347,25.0670934810973,7.35591058193122,34.9330039851017,21.1311633901974,29.0288453420003,18.4677015468873,16.6560442606608,0
0,0,0,0,4.73453661467336,0,6.13497672080994,0,4.05075571272108,0,0,0,0,0,0,0,0,0,0,0,0,0,0,0,0,0,0,0,0,0,0,0,0,0,0,0,0,0,0,0,0,0,0,0,0,0,0,0,0,0,0,0,6.3193973435296,0,0,0,0,0,5.93442965639095,0,4.16335960916571,0,0,0,0,0,0,0,0,0,0,0,0,0,0,0,0,0,0,0,0,0,7.19546120150106,0,0,0,0
0,0,0,0,0,4.70453801816397,0,0,0,0,0,0,0,0,0,0,0,0,0,5.33690650646503,0,0,0,0,0,0,0,0,0,0,0,0,0,0,0,0,0,0,0,0,0,0,0,0,0,0,0,0,0,0,0,0,0,10.9768972396851,0,0,0,6.26852711809093,0,4.32734985640838,0,3.11079909279943,0,0,0,0,0,0,0,0,0,0,0,0,0,0,0,0,0,0,0,0,5.64218824379372,0,0,0,0
0,0,0,0,4.76792526245117,0,3.0135765653668,0,0,0,4.08902248510948,0,4.68215957283974,0,0,0,0,0,0,0,5.41036313551444,0,0,0,0,0,0,0,0,0,0,0,0,0,0,0,0,0,0,0,0,0,0,0,0,0,0,0,0,0,6.3193973435296,0,0,0,0,0,4.06199809488801,0,5.90834672110421,0,0,0,0,0,0,0,0,0,0,0,0,0,0,0,0,0,0,0,0,0,0,0,4.60200454732027,5.05042460986546,0,0,0
0,0,0,0,0,6.05803295282217,0,3.6788549694148,0,0,0,4.72636471241713,0,0,0,0,0,0,0,3.95280728340149,0,0,0,0,0,0,0,0,0,0,0,0,0,0,0,0,0,0,0,0,0,0,0,0,0,0,0,0,0,0,0,10.9768972396851,0,0,0,0,0,5.06183337220645,0,8.09649429364638,0,0,0,0,0,0,0,0,0,0,0,0,0,0,0,0,0,0,0,0,0,0,4.36015112905791,0,0,0,0
4.92631546250225,0,3.67272278358196,0,2.84180265665054,0,0,0,4.42929732875032,0,0,0,0,0,3.41504814832107,0,9.73918660481771,0,4.64125277637656,0,0,0,0,0,4.69669766478486,0,0,0,0,0,0,0,0,0,0,0,0,0,0,0,0,0,6.92714508033238,0,0,0,0,0,7.07544414202372,0,0,0,0,0,0,0,0,0,0,0,7.53274581670761,0,0,0,0,0,0,4.30706495157878,0,3.59245920181274,0,0,0,0,0,0,0,0,0,0,0,0,4.4584216334052,0,7.10015224665403,0,5.22124212637715
0,5.29342087528555,0,13.871836066246,0,3.15814558664958,0,0,0,4.65370230003894,0,0,0,0,0,4.27726792747324,0,0,26.4503345489502,0,0,0,0,7.63908235232035,0,0,0,0,0,0,0,0,0,0,0,0,0,0,0,0,0,6.06903953604646,0,0,0,0,0,0,0,7.53635680675507,0,0,0,0,0,0,0,14.7123627662659,0,10.1064853668213,0,4.67425094028511,0,0,0,0,6.74553941454206,0,0,0,0,0,0,0,0,0,0,0,0,0,0,0,4.89394931708063,0,5.30730031967163,5.33727963329995,0
18.9670702616374,0,9.45170136420957,0,0,0,7.11070391373201,0,15.1178617477417,0,3.77675068448537,0,3.2565193772316,0,0,0,0,0,0,0,3.13974336534739,0,0,0,0,0,0,0,0,0,4.51420153293413,0,0,0,0,0,4.47125469223928,0,4.17113859959138,0,0,0,11.1878877014949,0,0,0,0,0,7.5365098180442,0,0,0,4.06199809488801,0,0,0,0,0,4.01817359539293,0,4.9363386460713,0,0,3.51322301546733,0,0,0,0,0,4.72792744636536,0,2.94907905901079,0,4.46771098475719,0,0,0,0,0,0,0,7.91909194875647,5.00259578403305,3.14048757272608,4.35418827483811,0,12.8608648777008
0,4.86038086203491,0,6.27321672439575,0,5.58530463670429,0,5.07945873016535,0,14.6455659866333,0,3.50140668987173,0,3.48127500764255,0,0,0,0,0,4.29033019436643,0,0,0,0,0,0,0,5.46747732162476,0,0,0,0,0,0,0,6.04021261973553,0,4.4491711767233,0,0,0,7.88202194067148,0,0,0,22.5281581878662,0,0,0,5.41738182922889,0,6.26852711809093,0,5.06183337220645,0,14.7123627662659,0,0,0,5.31801245060798,0,7.72134395663658,5.73612431450069,0,0,0,0,0,17.1672043195231,0,8.34922081488435,0,3.44072566550986,0,0,0,0,0,0,0,9.84156161546707,48.2530059814453,5.6967092289188,0,4.94487581578651,12.1262175440788,0
0,0,0,0,5.92295518875122,0,9.104197540259,0,0,0,4.3870904302597,0,4.22857163610388,0,3.71073387578591,0,0,0,0,0,15.642783164978,0,19.0015048980713,0,18.203932762146,0,13.8100087201154,0,3.86497020721436,0,0,0,0,0,0,0,0,0,0,0,0,0,14.3246545791626,0,0,0,0,0,6.32517836491267,0,5.93442965639095,0,5.90834672110421,0,0,0,4.01817359539293,0,0,0,3.90771919598417,0,0,0,0,18.3835487365723,0,0,0,8.62099564688851,0,4.16833806431983,0,0,0,0,0,0,0,0,0,0,6.94651937703761,4.90679424256086,4.08389407655467,0,0
0,7.94824298437651,0,0,0,11.4234189987183,0,8.95832652112712,0,8.80420517921448,0,5.90389961346813,0,6.16673662482568,0,6.47405284349265,0,0,0,14.4511329426485,0,0,0,0,0,9.59015283584595,0,3.31111732221419,0,3.42346652348836,0,0,0,0,0,0,0,0,0,0,0,0,0,0,0,0,0,0,0,4.21199539595959,0,4.32734985640838,0,8.09649429364638,0,10.1064853668213,0,5.31801245060798,0,0,0,8.80016905259909,13.5080877542496,0,0,0,0,0,12.1374488580422,0,7.06010075453466,0,0,0,0,0,0,0,0,0,0,0,10.900397546262,4.3766495068868,6.95948571409498,0,0
7.34099856111192,0,0,0,3.47579409892742,0,0,0,5.37986986147362,0,0,0,4.55639620125294,0,4.93810299427297,0,0,0,0,0,0,0,0,0,8.03087124871273,0,8.39647559497667,0,0,0,0,0,0,0,0,0,0,0,0,0,0,0,0,0,0,0,0,0,6.02954994386701,0,4.16335960916571,0,0,0,7.53274581670761,0,4.9363386460713,0,3.90771919598417,0,0,0,0,0,0,0,0,3.9025291296152,0,8.08854761219172,0,3.72350287437439,0,0,0,0,0,0,0,0,0,0,4.46951496059244,0,5.55273979844399,0,0
0,8.73912945660678,0,0,0,3.64307414160834,0,0,0,5.00421257501916,0,0,0,5.4404329536407,0,5.11792934083857,0,3.91829310144697,0,0,0,0,0,0,0,0,0,0,0,0,0,0,0,0,0,0,0,0,0,0,0,15.9589983622233,0,0,0,0,0,0,0,3.0608720501857,0,3.11079909279943,0,0,0,4.67425094028511,0,7.72134395663658,0,8.80016905259909,0,0,0,0,0,0,0,0,0,0,2.72664403915405,0,0,0,0,0,0,0,0,0,0,0,5.12106220402949,8.65118680322977,5.5741423417714,0,0
0,0,0,0,0,0,0,0,0,0,0,3.81894600906245,0,0,0,0,0,0,0,3.62513832135634,0,0,0,0,0,0,0,0,0,0,0,0,0,0,0,4.52935037550988,0,0,0,5.74227845668793,0,22.8370018005371,0,0,0,4.66260482768509,0,0,0,17.6782341003418,0,0,0,0,0,0,0,5.73612431450069,0,13.5080877542496,0,0,0,0,0,0,0,0,24.7429900850568,0,17.1724772202341,0,11.2185418128967,0,0,0,0,0,4.40710651789997,0,5.1701910468035,0,3.39275245448105,0,6.10528404475007,0,0
0,0,0,0,0,0,0,0,0,0,4.30365263621012,0,0,0,0,0,0,0,0,0,4.73612452688157,0,0,0,0,0,0,0,0,0,0,0,0,0,0,0,3.98298936230796,0,6.35833093500995,0,0,0,0,0,0,0,4.71384934633428,0,0,0,0,0,0,0,0,0,3.51322301546733,0,0,0,0,0,0,0,0,0,0,0,0,0,0,0,0,0,0,0,0,0,0,8.89904681485971,0,14.5640304716381,3.71942940780095,0,4.52884545021279,0,0
0,0,0,0,0,0,0,0,0,0,0,0,0,0,0,0,0,0,0,0,0,4.26040703338483,5.01272526154151,3.56515264511108,0,0,0,2.87262970209122,0,0,0,0,0,0,0,0,0,4.63151669293119,0,0,0,0,0,0,0,0,0,0,0,0,0,0,0,0,0,0,0,0,0,0,0,0,0,0,0,5.44604195488824,3.19760545321873,0,0,0,0,0,0,0,0,0,0,0,0,0,4.60802499625994,0,4.87097162037361,5.568514258012,0,0,0
0,0,0,0,0,0,0,0,0,0,0,0,0,0,0,0,0,0,0,0,0,4.47685114792951,4.73135075082078,0,5.2748931312561,0,0,0,6.92847656186723,0,0,0,0,0,0,0,0,0,3.75665659084916,0,0,0,0,0,0,0,0,0,3.73631393909454,0,0,0,0,0,0,0,0,0,18.3835487365723,0,0,0,0,0,5.44604195488824,0,0,4.11870574228691,0,5.45688655501918,0,7.86554167957368,0,0,0,0,0,0,0,0,0,5.19704975579914,4.83191212086842,4.5600697624591,0,0,0
0,0,0,0,0,0,0,0,0,5.88812959194183,0,0,0,0,0,0,0,0,28.8267970879873,0,0,3.18762405713399,0,3.27452943608222,35.3625368638472,0,0,0,0,0,0,38.4744415283203,0,20.8555196248568,0,0,0,8.63042342531169,33.5174323623604,0,57.1157035827637,28.6433318745006,0,0,0,0,0,36.9847375519422,37.7946513775358,26.0399386515984,0,0,0,0,0,6.74553941454206,0,0,0,0,0,0,0,0,3.19760545321873,0,0,37.1422763760708,0,0,0,48.6642608642578,0,48.5693933963776,38.6165466308594,76.1819953918457,31.8737740834554,0,82.5752563476562,0,7.92957324003164,33.8068240113243,12.9114746226639,17.7421093819633,24.0547309672941,0,0
4.77984857559204,0,0,0,0,0,0,0,6.99787092910093,0,0,0,0,0,12.8859806060791,0,0,0,10.8533582401276,0,0,0,5.1748621863608,38.3549052344428,4.76709681218702,0,2.74433326721191,0,0,0,0,0,0,29.7375106811523,0,0,0,32.2232926149626,7.56959115583831,57.7201309204102,0,35.0854454040527,23.853544436003,0,0,0,0,0,12.964443385601,37.54756363151,0,0,0,0,4.30706495157878,0,0,0,0,0,3.9025291296152,0,0,0,0,4.11870574228691,37.1422763760708,0,0,3.89386019339928,0,0,52.842227935791,0,0,54.5763816833496,0,0,0,0,32.996205796411,8.4299085650062,8.22719779425778,12.2776329906813,28.0164605244813,0,0
0,17.2413851998069,0,0,0,0,0,0,0,0,0,0,0,0,0,3.56468924354104,0,3.01994204521179,0,0,0,0,0,0,0,3.18945916106061,0,5.27282810211182,0,0,0,0,0,0,0,0,0,0,0,0,0,0,0,0,0,0,0,0,0,3.79384215672811,0,0,0,0,0,0,0,17.1672043195231,0,12.1374488580422,0,0,24.7429900850568,0,0,0,0,0,0,0,7.16136263558317,0,0,0,0,0,0,0,0,0,0,0,2.74069952964783,0,20.3701378015371,0,0
2.94341635704041,0,0,0,0,0,0,0,0,0,0,0,9.39824912950933,0,8.73923874295448,0,0,0,0,0,0,0,4.60111754267638,0,4.15616246549972,0,5.46792878944669,0,3.56860649585724,0,0,0,0,0,0,0,0,0,0,0,0,0,0,0,0,0,0,0,4.59383676946163,0,0,0,0,0,3.59245920181274,0,4.72792744636536,0,8.62099564688851,0,8.08854761219172,0,0,0,0,5.45688655501918,0,3.89386019339928,0,0,0,6.68856207338025,0,0,0,0,0,0,0,0,0,0,3.29461733500163,0,0,0,0
0,9.8185621102651,0,0,0,0,0,0,0,0,0,3.58079791069031,0,4.54983606934547,0,0,0,0,0,0,0,3.41616643697788,0,0,0,3.35288238525391,0,3.38719101774979,0,3.57201391551644,0,0,0,0,0,0,0,2.88442489079067,0,0,0,9.77516587575277,0,0,0,0,0,0,0,6.65533865806232,0,0,0,0,0,0,0,8.34922081488435,0,7.06010075453466,0,2.72664403915405,17.1724772202341,0,0,0,0,0,7.16136263558317,0,0,0,4.27317494751242,0,0,0,0,0,0,0,4.72130390115109,0,6.19689326857527,0,11.1256308185284,15.1318330764771,0
0,0,0,0,0,0,0,0,0,0,0,0,5.69534540176392,0,0,0,0,0,0,0,0,0,4.98768332229197,0,10.9963029225667,0,10.8279785895348,0,3.28367594775991,0,2.85502755641937,0,0,0,0,0,0,37.4540176391602,5.567098736763,0,25.7236385345459,38.4887628555298,29.6393175125122,0,0,0,0,28.2970085144043,6.62834790538171,42.9869494747806,0,0,0,0,0,0,2.94907905901079,0,4.16833806431983,0,3.72350287437439,0,0,0,0,7.86554167957368,48.6642608642578,0,0,6.68856207338025,0,0,51.3682223728725,6.17998642658969,0,0,0,0,0,0,41.9329941042008,4.53692464209393,15.4413695759243,3.22909927368164,16.2744842857685,0,0
0,0,0,0,0,0,0,0,0,0,0,3.51672234237194,0,0,0,0,0,0,0,3.45822159449259,0,0,0,0,0,0,0,4.91950689882472,0,4.04738804772337,0,0,0,0,0,0,48.2936624799456,3.98102208119378,45.2519607543945,17.419424533844,43.2905025482178,27.7434776814779,66.0513124465942,0,0,0,0,18.6665644645691,45.5776709965297,7.49145859907348,0,0,0,0,0,0,0,3.44072566550986,0,0,0,0,11.2185418128967,0,0,0,0,52.842227935791,0,0,4.27317494751242,51.3682223728725,0,53.3871197056126,0,0,0,0,0,51.3419952392578,4.85670348381836,43.4030265808105,5.12442872841234,0,21.6390868739476,23.3348777770996,0
20.4165554046631,0,0,0,0,0,0,0,17.6144695281982,0,4.29057183048942,0,0,0,0,0,0,0,0,0,0,0,0,0,0,0,0,0,4.13721112410227,0,4.41325362421247,0,0,36.9738597869873,0,0,0,38.8324023760282,4.20743261293999,0,19.8131442599826,52.9269103240967,31.1094399588449,0,0,0,0,25.8382869615947,9.05526704373567,43.5997344337494,0,0,0,0,0,0,4.46771098475719,0,0,0,0,0,0,0,0,0,48.5693933963776,0,0,0,0,6.17998642658969,53.3871197056126,0,0,0,0,0,0,0,42.9276781779964,4.9864331053449,21.4810418613122,27.4333610534668,23.1525270307242,39.0012626647949,15.2131181444441
0,0,0,0,0,0,0,0,0,0,0,0,0,0,0,0,0,0,0,0,0,0,0,37.8860778808594,0,0,0,0,0,0,0,3.15608837082982,4.15562865521648,8.22631935278575,0,3.45366948688185,4.49370145797729,35.6414070129395,0,0,0,0,0,0,0,0,0,14.4568127734321,45.1903266906738,0,0,0,0,0,0,0,0,0,0,0,0,0,0,0,0,0,38.6165466308594,0,0,0,0,0,0,0,0,16.7934230736324,9.49189943828802,0,3.94367890088789,22.0516770680745,26.3671684265137,0,8.76779334247112,0,39.4080009460449,0,0
0,0,0,0,0,0,0,0,0,0,0,0,0,0,0,0,0,0,0,0,0,0,0,63.4641456604004,0,0,0,0,0,0,0,5.85547034709881,3.99653979448172,45.9336395263672,5.5376980645316,0,3.93422263593816,65.8273626055036,46.0538839860396,22.0337703227997,0,0,0,0,0,0,0,12.9273668766022,5.95081284046173,17.3202403187752,0,0,0,0,0,0,0,0,0,0,0,0,0,0,0,0,76.1819953918457,54.5763816833496,0,0,0,0,0,0,16.7934230736324,0,40.4643618265788,36.8439902328863,23.9896355528581,4.61833118657772,57.0765823364258,46.5784656351263,54.0326628981595,53.5567479744936,0,0,0
0,0,0,0,0,0,0,0,0,34.7086238861084,0,0,0,0,0,0,0,0,0,0,0,0,0,29.5455132484436,0,0,0,0,0,0,0,19.7953369468451,46.4675165812174,6.89687591872524,3.69745267005194,4.34461528498952,38.9836196899414,9.01131535106235,5.40288157992893,0,38.3276290893555,0,0,0,0,0,0,26.9931273306238,26.2196922302246,10.7199568242738,0,0,0,0,0,0,0,0,0,0,0,0,0,0,0,0,31.8737740834554,0,0,0,0,0,0,0,9.49189943828802,40.4643618265788,0,6.11894568598083,4.30556347089655,45.3182525634766,13.1293789836138,29.477819702842,16.9616837544101,78.231694539388,35.9223747253418,0,0
0,0,0,0,0,0,0,0,0,0,0,0,0,0,0,0,0,0,0,0,0,0,0,0,0,0,0,0,0,0,0,0,38.7213909237884,5.19441117073156,3.41914246232236,0,4.52181729851845,0,4.59346051162548,42.040279681866,0,0,0,0,0,0,0,27.3253177574703,96.8058319091797,39.0792611066033,0,0,0,0,0,0,0,0,0,0,0,0,0,0,0,0,0,0,0,0,0,0,0,0,0,36.8439902328863,6.11894568598083,0,45.959201286579,4.69874920965243,31.4802551269531,4.13515518175676,4.62977323567557,7.40766727223116,73.4953880310059,0,0
0,0,0,33.1738204956055,0,9.38622665405273,0,0,0,0,0,0,0,0,0,0,0,0,30.5434968312581,3.67874449098895,0,0,0,73.1260299682617,0,0,0,0,0,0,0,4.34326405924652,24.6128895878792,4.71202552924722,6.75303602218628,4.79364072230871,3.92675697702472,4.77831004440099,49.7418220043182,5.0547444505854,20.7287454751073,17.121667483223,15.3489923477173,21.5797873155786,0,14.0457933736624,0,10.0582422213521,18.6382274980898,5.84714666023347,0,0,0,0,0,0,0,0,0,0,0,0,4.40710651789997,0,0,0,82.5752563476562,0,0,0,0,0,0,0,3.94367890088789,23.9896355528581,4.30556347089655,45.959201286579,0,9.92538032106834,6.03906664413864,50.6562401791836,5.94238772864669,9.93835335331304,10.3621437755333,23.8284539137736,0
0,0,13.7627995808919,0,0,0,0,0,0,0,3.37556600570679,0,0,0,0,0,0,0,21.4697895050049,0,3.74772752848539,0,0,0,0,0,0,0,0,0,0,25.5517190297445,4.70247435371905,43.1645278930664,4.56741470615613,6.02118855214301,5.17338541215143,35.1589492162069,6.23923366923573,18.3588961324384,5.59546709727998,39.9972284105089,20.582683853201,0,35.3724632263184,0,9.97927291694953,8.29082344913338,5.60335565243019,25.0670934810973,0,0,0,0,0,0,0,0,0,0,0,0,0,8.89904681485971,0,0,0,0,0,0,0,0,51.3419952392578,0,22.0516770680745,4.61833118657772,45.3182525634766,4.69874920965243,9.92538032106834,0,32.6328936985561,7.43233235895265,6.44554504981408,7.28344402313232,8.77690315030084,0,27.6555943489075
0,0,0,29.5073070526123,0,0,0,0,0,6.31556606292725,0,4.05493851268993,0,0,0,0,0,0,28.9990914084695,4.5832462310791,0,4.32912677984971,4.83291244506836,8.01101798775755,31.0850655160299,0,0,0,0,3.47536564756323,0,27.9440169334412,0,10.4446137025439,0,4.79515878887603,32.5898990296481,4.91629096921183,27.9907044408374,9.00190183639526,28.3301707819888,19.8174512982368,38.9157524108887,23.5606932730045,0,14.8682347929235,0,22.1818804725474,33.3798537977147,7.35591058193122,0,0,0,0,0,0,0,9.84156161546707,0,0,0,0,5.1701910468035,0,4.60802499625994,0,7.92957324003164,32.996205796411,0,0,4.72130390115109,41.9329941042008,4.85670348381836,42.9276781779964,26.3671684265137,57.0765823364258,13.1293789836138,31.4802551269531,6.03906664413864,32.6328936985561,0,32.3486927891412,6.29423473764081,15.775033265772,19.0112581523865,18.9908444397432,0
0,0,0,0,0,0,0,0,5.0947779417038,0,6.6400487947464,0,0,0,0,0,0,0,4.89937237330845,0,17.0043919881185,0,5.71041438335509,33.9098950747786,7.89402463740428,0,0,0,3.58854364875137,0,6.08372320069207,46.1251430511475,46.748755705984,29.0033064829676,3.45374570208769,0,8.56004911200226,26.8802876297702,5.55394689375595,47.0223136228674,8.43319947902973,38.934361038208,22.1815216081952,0,25.5103694068061,0,13.4733681241095,25.2267739657433,8.24871509956249,34.9330039851017,0,0,0,0,0,0,7.91909194875647,48.2530059814453,0,0,0,0,0,14.5640304716381,0,5.19704975579914,33.8068240113243,8.4299085650062,0,0,0,4.53692464209393,43.4030265808105,4.9864331053449,0,46.5784656351263,29.477819702842,4.13515518175676,50.6562401791836,7.43233235895265,32.3486927891412,0,8.41577780860449,8.04151128764128,16.5337861013156,54.0843811035156,21.3802282015483
