0,0,162.145187079906,0,11.8735257089138,0,0,0,324.049638256431,0,0,0,0,0,0,0,23.5640544146299,0.412352278828621,371.178237557411,0,0,0,0,0,0,0,0,0,0,0,0,0,0,0,0,0,0,0,0,0,0,0,5.6390602439642,0,18.8087518811226,0,380.714828193188,0,285.342286497355,0,0,0,0,0,552.576888412237,0,0,0,0,0,6.2777359187603,0,0,0,0,0,0,0,0,0,0,0,0,0,0,0,0,0,0,0,0,0,301.397532254457,0,374.027828082442,0,2.72031465172768
0,0,0,21.7229139357805,0,0,0,0,0,171.13582123816,0,0,0,0,0,0,0,0.552508533000946,7.98350504040718,0,0,0,0,0,0,0,0,0,0,0,0,0,0,0,0,0,0,0.336519509553909,0,4.8206403106451,0,66.5405379682779,0,0,0,0,0,0,0,433.966387450695,0,0,0,0,0,216.735128700733,0,45.2043314725161,0,42.8747289776802,0,128.704602852464,0,0,0,0,19.8505561947823,0,3.31369835138321,0,0.471324384212494,0,0,0,0,0,0,0,0.428386226296425,0,1.23146024346352,0,338.430067390203,0,392.516647577286,1.47641789913177,0
162.145187079906,0,0,0,184.977665856481,0,0,0,220.071341127157,0,0,0,0,0,0,0,0.885272413492203,0,31.479584261775,0,0,0,0,0,0,0,0,0,0,0,0,0,0,0,0,0,0.616456985473633,0,0,0,0,0,72.7519114166498,0,0.563489079475403,0,71.2210087478161,0,82.3559429943562,0,0,0,0,0,125.807413965464,0,100.864816710353,0,77.4321350902319,0,92.9013002067804,0,0,0,0,0,0,0,0,0,0,0,0,0,0,0,0,0,0,0,0,0,277.357433885336,3.30294927954674,1221.75634308159,0,14.8088977783918
0,21.7229139357805,0,0,0,163.07577110827,0,0,0,163.198505431414,0,0.813711509108543,0,0,0,0,0,0,17.5746979638934,19.1829711198807,0,0,0,0,0,0,0,0,0,0,0,0,0,0,0,22.1477063298225,0.201508209109306,0,0,68.6664943024516,0.479233056306839,72.0900316759944,0,0,0,143.24988527596,1.81152658164501,0.738388061523438,0,182.334600195289,0,16.4279434382915,0,0,0,18.8192219883204,0,10.7732993662357,0,1.29854530096054,0,6.6697690486908,13.9580791592598,0,0,0,0,0,0.643198877573013,0,6.40623944997787,0,0.964185044169426,0,0,0,0,0,33.2147137820721,0,4.69147618114948,0,200.950085997581,20.3672231137753,1276.19090941548,2.22789695858955,0
11.8735257089138,0,184.977665856481,0,0,0,1,0,37.1503264904022,0,0,0,0,0,0,0,0,0,0,0,37.2736212313175,0,0,0,0,0,0,0,0,0,0,0,0,0,0,0,2.62761989235878,0,0,0,0,0,1.90701296925545,0,0,0,0.20415173470974,0,4.92879928648472,0,814.06355381012,0,22.6604125648737,0,2.04378688335419,0,0.443743720650673,0,1.4201432466507,0,2.17559361457825,0,0,1.12678597867489,0,0,0,0,0,0,0,0,0,0,0,0,0,0,0,0,0,0,275.228253036737,16.614715218544,90.9422052949667,0,0
0,0,0,163.07577110827,0,0,0,0,0,89.8441013246775,0,2.76551628112793,0,0,0,2.73396998643875,0,0,8.83745983242989,26.8736859709024,0,0,0,0,0,0,0,0,0,0,0,0,0,0,0,89.4642612934113,4.44005680084229,0,0,23.1520535796881,0,5.2536743581295,0.112890243530273,0,0,56.8690453022718,0.965437561273575,0,0,6.08418096601963,0,674.481685563922,0,0,0,35.7653651237488,0,43.7069471180439,0,3.30205892026424,0,0,121.844847500324,0,0,0,0,0,0,0,0.678932383656502,0,0,0,0,0,0,0,59.8802835047245,0,0.511740192770958,0,312.176777020097,4.66670814156532,454.183575332165,0,0
0,0,0,0,1,0,0,0,0,0,13.2310117036104,0,0,0,0,0,0,0,0,0,418.296595394611,0,0,0,0,0,0,0,0,0,0,0,0,0,0,0,0,0,0,0,0,0,0,0,0,0,0,0,0,0,2.95029599964619,0,133.048107981682,0,0,0,51.0475639998913,0,0,0,0,0,0,0.93654203414917,0,0,0,0,0,0,0,0,0,0,0,0,0,0,0,0,0,0,192.361982598901,1,0,0,0
0,0,0,0,0,0,0,0,0,0,0,2.40975594520569,0,0,0,0,0,0,0,0,0,0,0,0,0,0,0,0,0,0,0,0,0,0,0,0,0,0,0,0,0,0,0,0,0,0,0,0,0,0,0,71.6770792156458,0,0,0,0,0,77.873963624239,0,12.9074496179819,0,0,0,0,0,0,0,0,0,0,0,0,0,0,0,0,0,0,0,0,0,0,0,0,0,0,0
324.049638256431,0,220.071341127157,0,37.1503264904022,0,0,0,0,0,0,0,0,0,19.251462996006,0,543.815638542175,0.512397810816765,58.3715265542269,0,0,0,0,0,88.6128042638302,0,0,0,0,0,0,0,0,0,0,0,0,0,0,0,0,0,48.3399374336004,0,2.74918878078461,0,6.15509504079819,0,19.0096101462841,0,17.634782075882,0,0,0,688.966908246279,0,0,0,0,0,18.267392128706,0,0,0,0,0,0,10.8461577892303,0,0,0,0,0,0,0,0,0,0,0,0,0,0,1058.91220851243,14.0264553129673,275.792820736766,0,1.81581163406372
0,171.13582123816,0,163.198505431414,0,89.8441013246775,0,0,0,0,0,0,0,0,0,19.835865020752,0,394.987238720059,163.089669808745,0,0,0,0,0,0,7.33761548995972,0,0,0,0,0,0,0,0,0,1.43818432092667,0,0,0,12.8084750622511,0,123.845858365297,0,0,0,33.5946444571018,0.173447757959366,0.431182384490967,0,112.642997682095,0,78.4273944199085,0,0,0,923.878553763032,0,2.68040880560875,0,0,0,14.9350208193064,0,0,0,0,0,0,4.14359855651855,0,1.06732654571533,0,0,0,0,0,0,0,6.52178248018026,0,1.47456285357475,0,786.811403796077,62.1738226860762,161.560237452388,1.99258983135223,0
0,0,0,0,0,0,13.2310117036104,0,0,0,0,0,360.133596122265,0,0,0,0,0,0,0,1102.26680926979,0,0,0,0,0,0,0,79.9896458387375,0,91.3958931714296,0,0,0,0,0,215.674395829439,0,756.541007816792,0,0,0,0,0,0,0,0,0,0,0,0,0,14.3701764047146,0,0,0,1739.23473091424,0,518.562656760216,0,0,0,0,380.715016424656,0,0,0,0,0,0,0,8.95106768608093,0,12.5891827791929,0,0,0,0,0,502.739390522242,0,272.412848353386,679.922254234552,5.66076421737671,0,0,0
0,0,0,0.813711509108543,0,2.76551628112793,0,2.40975594520569,0,0,0,0,0,81.4584131240845,0,0,0,0,1.17754910886288,161.72750480473,0,0,0,0,0,0,0,0,0,48.2156023681164,0,0,0,0,0,1,0,757.493914544582,0,0,0,1.17278099060059,0,0,0,21.9966390579939,0,0,0,3.78507533669472,0,1.67496776580811,0,0,0,0,0,682.039462864399,0,0,0,0,417.821929186583,0,0,0,0,0,0.583013594150543,0,17.6702827364206,0,47.0650677084923,0,0,0,0,0,0,0,171.543386369944,0,85.1477033048868,0,22.3931990712881,0,0
0,0,0,0,0,0,0,0,0,0,360.133596122265,0,0,0,190.483999222517,0,0,0,0,0,0,0,0,0,0,0,0,0,2.98456227779388,0,0,0,0,0,0,0,0,0,0,0,0,0,0,0,0,0,0,0,0,0,0,0,0,0,0,0,274.617309033871,0,1644.76442468166,0,28.2118428349495,0,0,0,0,0,0,0,0,0,0,0,0,0,0,0,0,0,0,0,0,0,283.576504021883,191.318170905113,0,0,0
0,0,0,0,0,0,0,0,0,0,0,81.4584131240845,0,0,0,86.866955190897,0,53.2013719677925,0,0,0,0,0,0,0,18.8772889375687,0,0,0,0,0,0,0,0,0,0,0,0,0,0,0,0,0,0,0,0,0,0,0,0,0,0,0,0,0,0,0,40.3183183670044,0,329.480177998543,0,185.297981232405,0,0,0,0,0,0,6.85975897312164,0,5.40867638587952,0,0,0,0,0,0,0,0,0,0,0,33.786690056324,218.897928595543,0,0,0
0,0,0,0,0,0,0,0,19.251462996006,0,0,0,190.483999222517,0,0,0,291.746183440089,0,0,0,0,0,0,0,2.53675538301468,0,106.243087589741,0,2.31347331404686,0,0,0,0,0,0,0,0,0,0,0,0,0,0,0,0,0,0,0,0,0,0,0,0,0,38.8823304325342,0,0,0,970.762610629201,0,161.256010979414,0,0,0,0,0,0,0,0,2.07568269968033,0,0,0,0,0,0,0,0,0,0,0,0,118.631971895695,3.21902251243591,0,0,0
0,0,0,0,0,2.73396998643875,0,0,0,19.835865020752,0,0,0,86.866955190897,0,0,0,0,0,0,0,0,0,0,0,39.8787871599197,0,0,0,0,0,0,0,0,0,0,0,0,0,0,0,0,0,0,0,0,0,0,0,0.200107499957085,0,0,0,0,0,176.841812193394,0,0,0,62.3567752987146,0,637.981233179569,0,0,0,0,0,0,39.1810935735703,0,0,0,0,0,0,0,0,0,0,0,0,0,412.143344372511,71.9415792822838,0,0,0
23.5640544146299,0,0.885272413492203,0,0,0,0,0,543.815638542175,0,0,0,0,0,291.746183440089,0,0,4096.2054464072,5129.10495875776,0,0,0,0,0,60.6295809149742,0,494.586954042315,0,7.33058226108551,0,0,0,0,0,0,0,0,0,0,0.459173262119293,0,1.38465692102909,2.15179435908794,0,7.43991309404373,0,4.53585204482079,0,0,0,0,0,0,0,240.522543996572,0,0,0,0,0,100.554800748825,0,0,0,0,0,0,0,0,288.327257871628,0,16.5672239661217,0,0,0,0,0,0,0,0,0,0,5362.80308008194,21.3966212719679,47.014545597136,0,0
0.412352278828621,0.552508533000946,0,0,0,0,0,0,0.512397810816765,394.987238720059,0,0,0,53.2013719677925,0,0,4096.2054464072,0,1530.9335296154,0,0,0,0,12.5187758952379,0,144.255947232246,0,0,0,0,0,0,0,0,0,0,0,0,0,6.04445216059685,0,17.787080667913,0.529023289680481,0,0,0.262815654277802,0,0.849235862493515,0.242185637354851,1.62836502492428,0,0,0,0,1.4909815788269,59.1500228345394,0,0,0,14.9924068450928,0,12.8430553674698,0,0,0,0,0,0,304.070893287659,0,0.127267599105835,0,0,0,0,0,0,0,2.21010565757751,0,0.13466665148735,0,2861.50826551765,73.673676982522,19.5690381079912,0,0
371.178237557411,7.98350504040718,31.479584261775,17.5746979638934,0,8.83745983242989,0,0,58.3715265542269,163.089669808745,0,1.17754910886288,0,0,0,0,5129.10495875776,1530.9335296154,0,2.81851364672184,0,0,0,43.0585079789162,0,0,0,0,0,0,0,0.117512322962284,0.373167812824249,0,0,1.4779204800725,0,1.21450686454773,0,994.129529051483,29.203809350729,1634.87218400836,2499.6161441654,0,726.281605809927,627.817355707288,1600.04750721157,37.3397636860609,15.2168685495853,155.772358387709,0,0,0,0,2.10999059677124,18.5228113681078,0,42.436974838376,0,0.40691864490509,0,0,12.6276762261987,0,0,0,0.473123788833618,0,2.71917517483234,0,20.4438265040517,0,3.8606453537941,0,0,1.73148372769356,0,1.9440643787384,405.853372387588,1.84008949995041,30.6408555209637,0,6593.82551319152,43.8011630028486,5118.01449329406,39.3043310493231,98.066052749753
0,0,0,19.1829711198807,0,26.8736859709024,0,0,0,0,0,161.72750480473,0,0,0,0,0,0,2.81851364672184,0,0,0,0,0,0,0,0,0,0,0,0,0,0,0,0,517.359616145492,0,169.862633287907,0,2.25156809389591,0,0.37162446975708,0.880674540996552,0,0,23.6183236241341,0,0,0,0.644705936312675,0,8.68800084292889,0,0,0,0,0,32.9017022401094,0,0,0,0,1507.6291962415,0,0,0,0,0,0,0,1.52846270799637,0,1.25481200218201,0,0,0,0,0,575.115166783333,0,73.1329457312822,0,123.158076897264,0,261.25178027153,0,0
0,0,0,0,37.2736212313175,0,418.296595394611,0,0,0,1102.26680926979,0,0,0,0,0,0,0,0,0,0,0,0,0,0,0,0,0,0,0,2.68881447613239,0,0,0,0,0,477.104572862387,0,87.565321713686,0,0,0,0,0,0,0,0.651835411787033,0,0,0,101.68016975373,0,170.958825796843,0,0,0,634.145213186741,0,0,0,0,0,0,412.381869092584,0,0,0,0,0,0,0,0,0,32.5257376283407,0,0,0,0,0,1192.54406857491,0,206.927328303456,303.608540028334,2.40449023246765,26.7300654649734,0,0
0,0,0,0,0,0,0,0,0,0,0,0,0,0,0,0,0,0,0,0,0,0,1839.43309858441,43.7534854859114,0,294.603714108467,0,0,0,0,0,0,0,0,0,0,0,1142.91689619422,0,0.276237726211548,0,2.71198429167271,0,0,0,0.216074481606483,0,0,0,71.9039387702942,0,0,0,0,0,0,0,0.554809510707855,0,0,0,0,0,0,6350.53406774998,763.136273294687,96.0247508734465,0,0,0,4.74520444869995,0,0,0,0,0,0,0,0,0,1052.44855929911,4.84470927715302,1918.39585380256,33.7399160116911,9.71046344935894,0,0
0,0,0,0,0,0,0,0,0,0,0,0,0,0,0,0,0,0,0,0,0,1839.43309858441,0,0,157.1355022192,0,124.687922239304,0,159.975971788168,0,0,0,0,0,0,0,0,17.3296265006065,1812.60745818913,0,0,0,0,0,0,0,0,0,100.139213234186,0,0,0,0,0,0,0,0,0,0,0,0,0,0,0,167.346533507109,9727.039453879,0,295.047141969204,0,716.62932741642,0,262.26844060421,0,0,0,0,0,0,0,0,43.7335335016251,2685.89377948642,2851.76390983164,60.2891175448895,0,0,0
0,0,0,0,0,0,0,0,0,0,0,0,0,0,0,0,0,12.5187758952379,43.0585079789162,0,0,43.7534854859114,0,0,0,48.6276899278164,0,0,0,0,0,0,0,0,0.727403521537781,0,0,35.2729894369841,0,0,0,14.8013978600502,0,0,0,5.51254987716675,0,0.933752298355103,0,3.93989992141724,0,0,0,0,0,12.9956506639719,0,0,0,0,0,0,0,0,59.7179753631353,0,641.586506128311,0,8.46307730674744,0,0,0,0,0,0,0,0,0,0,0,139.372582986951,0,552.041338771582,11.7213310003281,2.97963443398476,0,0
0,0,0,0,0,0,0,0,88.6128042638302,0,0,0,0,0,2.53675538301468,0,60.6295809149742,0,0,0,0,0,157.1355022192,0,0,0,0,0,0,0,0,0,0,0,0,0,0,0,868.361155599356,0,0,0,18.0632549524307,0,0,0,0,0,2.41695374250412,0,0,0,0,0,39.8971836566925,0,0,0,0,0,0,0,0,0,0,109.61361014843,0,584.062691539526,0,0,0,0,0,0,0,0,0,0,0,0,0,281.085633248091,378.473938062787,3.37511736154556,65.5048932433128,0,0.920361042022705
0,0,0,0,0,0,0,0,0,7.33761548995972,0,0,0,18.8772889375687,0,39.8787871599197,0,144.255947232246,0,0,0,294.603714108467,0,48.6276899278164,0,0,0,9.5879317522049,0,0,0,0,0,0,0,0,0,0,0,0,0,0,0,0,0,0,0,0,0,0,0,0,0,0,0,123.540114164352,0,0,0,0,0,3.30455732345581,0,0,86.6655189990997,0,639.148358717561,0,86.2421841025352,0,0,0,0,0,0,0,0,0,0,0,0.230183586478233,0,42.9582415223122,0,0,0,0
0,0,0,0,0,0,0,0,0,0,0,0,0,0,106.243087589741,0,494.586954042315,0,0,0,0,0,124.687922239304,0,0,0,0,0,172.624852508307,0,0,0,0,0,0,0,0,0,0,0,0,0,0,0,0,0,0,0,0,0,0,0,0,0,0,0,0,0,0,0,7.84841406345367,0,0,0,0,9.09190398454666,0,0,0,185.798614501953,0,60.3300285935402,0,0,0,0,0,0,0,0,0,0,249.826675236225,0.592220544815063,0,0,0
0,0,0,0,0,0,0,0,0,0,0,0,0,0,0,0,0,0,0,0,0,0,0,0,0,9.5879317522049,0,0,0,204.074382483959,0,0,0,0,0,0,0,24.1415096223354,0,0,0,0,0,0,0,0,0,0,0,0,0,0,0,0,0,0,0,0,0,185.165411263704,0,0,0,0,0,0,0,0,196.512461990118,0,2935.81227690727,0,216.172864586115,0,0,0,0,0,0,0,525.786829471588,0,5.43888092041016,0,0,0,0
0,0,0,0,0,0,0,0,0,0,79.9896458387375,0,2.98456227779388,0,2.31347331404686,0,7.33058226108551,0,0,0,0,0,159.975971788168,0,0,0,172.624852508307,0,0,0,480.752142846584,0,0,0,0,0,0,0,21.685830116272,0,0,0,0,0,0,0,0,0,3.97266691923141,0,0,0,0,0,0,0,645.238594412804,0,193.108566850424,0,0,0,0,0,0,70.2002240419388,0,0,0,461.514712393284,0,2459.97455705702,0,471.682835310698,0,0,0,0,0,0,0,21.7641110420227,340.32639119029,98.4031817913055,0,0,0
0,0,0,0,0,0,0,0,0,0,0,48.2156023681164,0,0,0,0,0,0,0,0,0,0,0,0,0,0,0,204.074382483959,0,0,0,0,0,0,0,0,0,492.014690354466,0,0,0,0,0,0,0,0,0,0,0,0,0,0,0,0,0,0,0,142.760836184025,0,0,0,0,0,0,0,0,0,0,0,0,2.42817425727844,0,1121.87285213172,0,0,0,0,0,0,0,412.348364457488,0,71.6592832803726,0,0,0,0
0,0,0,0,0,0,0,0,0,0,91.3958931714296,0,0,0,0,0,0,0,0,0,2.68881447613239,0,0,0,0,0,0,0,480.752142846584,0,0,0,0,0,0,0,0,0,85.5526431500912,0,0,0,0,0,0,0,0,0,0,0,0,0,0,0,0,0,200.045456215739,0,0,0,0,0,0,5.14613299071789,0,0,0,0,0,0,0,267.51609390974,0,382.960706830025,0,0,0,0,0,0,0,68.2138957977295,11.3101537227631,0,0,0,0
0,0,0,0,0,0,0,0,0,0,0,0,0,0,0,0,0,0,0.117512322962284,0,0,0,0,0,0,0,0,0,0,0,0,0,1181.80598266423,26.1651067435741,0,685.497413188219,167.201212644577,0.358490794897079,0,1.21562048792839,0,1.0804740190506,0,0,0,0,0,604.115192145109,2.88885582983494,2.92059864103794,0,0,0,0,0,0,0,0,0,0,0,0,0,0,0,0,0,0,0,0,0,0,0,0,1392.39001213014,1083.88488064706,105.843232467771,54.8159720748663,2012.46708910912,129.833244740963,0.282403118908405,0,397.288834631443,0,0,0,0
0,0,0,0,0,0,0,0,0,0,0,0,0,0,0,0,0,0,0.373167812824249,0,0,0,0,0,0,0,0,0,0,0,0,1181.80598266423,0,0,0,145.003569334745,379.614834010601,0,0,1.10248184204102,0,0.769144713878632,0,0,0,0,0,788.090330421925,0,0,0,0,0,0,0,0,0,0,0,0,0,0,1.3865133523941,0,0,0,0,0,0,0,0,0,0,0,725.467791512609,1639.7255102247,11.1559310257435,104.624715045094,326.78141605854,565.705945402384,0.119125850498676,0,115.654867082834,0,0,0,0
0,0,0,0,0,0,0,0,0,0,0,0,0,0,0,0,0,0,0,0,0,0,0,0,0,0,0,0,0,0,0,26.1651067435741,0,0,766.869224876165,174.276631504297,0,119.202774897218,30.7521835565567,0,0,0,0,0,0,0,0,1100.93015101552,25.8241316974163,7.98563516885042,0,0,0,0,0,0,0,0,0,0,0,0,0,0,0,0,0,0,0,0,0,0,0,0,136.247932583094,0,1835.73219846934,1171.56913056225,89.6158214956522,0,473.341417238116,128.958606809378,674.806591957808,6.41773220896721,0,0,0
0,0,0,0,0,0,0,0,0,0,0,0,0,0,0,0,0,0,0,0,0,0,0,0.727403521537781,0,0,0,0,0,0,0,0,0,766.869224876165,0,4.05911755561829,371.930194139481,1.28031842410564,165.473850786686,5.0426440089941,0,1.70736008882523,0,0,0,0,0,366.584633171558,0,0.285254329442978,0,0,0,0,0,0,0,0,0,0,0,0,0,0,0,0,0,0,0,0,0,0,0,0,13.4016093015671,6.66069793701172,491.562943145633,1734.48122677207,208.80491116643,294.705214753747,6.38310485333204,111.562785863876,181.890383780003,0,0,0,0
0,0,0,22.1477063298225,0,89.4642612934113,0,0,0,1.43818432092667,0,1,0,0,0,0,0,0,1.4779204800725,517.359616145492,0,0,0,0,0,0,0,0,0,0,0,685.497413188219,145.003569334745,174.276631504297,4.05911755561829,0,1174.42193734646,974.152114376426,0,137.02844107151,3.13591133058071,3.10102950036526,0,0,0,90.0836728662252,8.76859354972839,36.8683466017246,0,23.1996864080429,0,5.9019059240818,0,0,0,0.883756086230278,0,12.5409370958805,0,0,0,0,269.864753484726,0,0,0,0,0,0,0,0.446360141038895,0,0,0,377.429451063275,31.9714747667313,639.440177157521,1.20512889325619,17459.5236738324,1901.14459218085,110.606089681387,0,5280.78905368596,19.1844898462296,411.238429889083,0,0
0,0,0.616456985473633,0.201508209109306,2.62761989235878,4.44005680084229,0,0,0,0,215.674395829439,0,0,0,0,0,0,0,0,0,477.104572862387,0,0,0,0,0,0,0,0,0,0,167.201212644577,379.614834010601,0,371.930194139481,1174.42193734646,0,0,1741.36825455725,0,115.517885446548,0.260934084653854,1.51550924777985,0,0,3.78949749469757,36.7952466011047,128.856423079967,0,1.09375934302807,0,0.190946936607361,0,0,0,0,221.071403160691,3.01402655243874,0,0,0,0,0.234969317913055,141.858078181744,0,0,0,0,0,0,0,0,0,0,98.5525185465813,87.9323469400406,0,132.407006919384,216.5281919837,17827.2992704883,0,191.367966786027,3551.75467503071,758.280807852745,378.884762719274,0,0
0,0.336519509553909,0,0,0,0,0,0,0,0,0,757.493914544582,0,0,0,0,0,0,1.21450686454773,169.862633287907,0,1142.91689619422,17.3296265006065,35.2729894369841,0,0,0,24.1415096223354,0,492.014690354466,0,0.358490794897079,0,119.202774897218,1.28031842410564,974.152114376426,0,0,504.122218161821,0,0,36.0065151751041,0,0,0,4.0158853083849,0,167.336231157184,0.103408671915531,265.721629112959,0,0,0,0,0,0,0,18.1524311304092,0,0,0,0,181.887199893594,0,175.534023702145,5.30447196960449,55.2595780193806,0,0,0,13.4751691520214,0,354.685965672135,0,1.26093347370625,0.266332142055035,169.515261024237,0,1113.64650449902,0,12355.2321330756,446.81515070796,1661.59917742014,0,300.981560021639,3.3217756152153,0
0,0,0,0,0,0,0,0,0,0,756.541007816792,0,0,0,0,0,0,0,0,0,87.565321713686,0,1812.60745818913,0,868.361155599356,0,0,0,21.685830116272,0,85.5526431500912,0,0,30.7521835565567,165.473850786686,0,1741.36825455725,504.122218161821,0,0,0,0,0,0,0,0,0,338.191587895155,352.76739102602,0,0,0,0,0,4.51532003283501,0,423.360608875751,0,0,0,0,0,0,56.3758295327425,0,460.904004067183,0,206.656362533569,0,0,0,0.383515655994415,0,8.68669044971466,0,0,0,393.416512191296,0,1229.25543057919,9.62987816333771,10824.8807493523,2799.22183287144,6.65627491474152,121.243549108505,0,0
0,4.8206403106451,0,68.6664943024516,0,23.1520535796881,0,0,0,12.8084750622511,0,0,0,0,0,0,0.459173262119293,6.04445216059685,994.129529051483,2.25156809389591,0,0.276237726211548,0,0,0,0,0,0,0,0,0,1.21562048792839,1.10248184204102,0,5.0426440089941,137.02844107151,0,0,0,0,27.9458634108305,897.981394186616,5.24008297920227,0.172726407647133,0.517754659056664,673.635626025498,42.1339098215103,75.7850262001157,2.72759056091309,763.227687060833,0,3.15360073745251,0,0,0,4.41238272190094,0,20.6755867004395,0,1.16159009933472,0,3.28019416332245,235.549595475197,0,0,0,2.25560140609741,0,0.664600342512131,0,3.529431656003,0,2.02644312381744,0,1.41474366188049,2.14379185438156,0,1.26226145029068,2622.00636700541,1.57716272771358,255.614834994078,0,276.367582604289,4.23609614372253,2552.41324733943,6.03050693869591,0
0,0,0,0.479233056306839,0,0,0,0,0,0,0,0,0,0,0,0,0,0,29.203809350729,0,0,0,0,0,0,0,0,0,0,0,0,0,0,0,0,3.13591133058071,115.517885446548,0,0,27.9458634108305,0,0.234368249773979,54.0668170452118,0,3.57187736034393,2.0075286924839,2226.43896220624,304.568255454302,494.552024394274,0.729691207408905,0,0.370818197727203,0,0,0,0,0,0.139370828866959,0,0.176214441657066,0,0,0,386.905575066805,0,0,0,0,0,0,0,0,0,6.00369165837765,0,0,0,0,12.3967458158731,2558.24357975274,0,40.7368068397045,21.1461248546839,0,1206.58408245444,0,0
0,66.5405379682779,0,72.0900316759944,0,5.2536743581295,0,0,0,123.845858365297,0,1.17278099060059,0,0,0,0,1.38465692102909,17.787080667913,1634.87218400836,0.37162446975708,0,2.71198429167271,0,14.8013978600502,0,0,0,0,0,0,0,1.0804740190506,0.769144713878632,0,1.70736008882523,3.10102950036526,0.260934084653854,36.0065151751041,0,897.981394186616,0.234368249773979,0,174.723180547357,0.337324306368828,10.3623386919498,105.3522387743,8.7993601411581,66.0662340000272,9.40001010149717,704.953044146299,0,0.510577842593193,0,0,0,16.0670742839575,0,36.7860873192549,0,3.1622259914875,0,0,80.1233898699284,0,1.56665663421154,0,0,0,13.8915814906359,0,35.2394096255302,0,26.0495531409979,0,4.67446979880333,0.942861676216125,0,0,756.878520667553,0,103.077267169952,0,1299.28216276318,1.43758141994476,3949.87681937963,138.354168862104,0
5.6390602439642,0,72.7519114166498,0,1.90701296925545,0.112890243530273,0,0,48.3399374336004,0,0,0,0,0,0,0,2.15179435908794,0.529023289680481,2499.6161441654,0.880674540996552,0,0,0,0,18.0632549524307,0,0,0,0,0,0,0,0,0,0,0,1.51550924777985,0,0,5.24008297920227,54.0668170452118,174.723180547357,0,0,230.578276410699,3.00701542198658,840.953624740243,36.4387660622597,312.505390934646,1.12171405553818,0,0,0,0,3.25935745239258,0,0,0,0,0,0,0,0.127002522349358,0,0,0,0,0,0,0,1.14450925588608,0,0.891291260719299,62.3463116437197,0,0,0,0,2.623884126544,11.8490489423275,0,18.0794064700603,1165.77144993097,1.33147006481886,4349.13023526967,0,557.129519149661
0,0,0,0,0,0,0,0,0,0,0,0,0,0,0,0,0,0,0,0,0,0,0,0,0,0,0,0,0,0,0,0,0,0,0,0,0,0,0,0.172726407647133,0,0.337324306368828,0,0,0,0,0,0,0,0,0,0,0,0,0,0,0,0,0,0,0,0,0,0,0,0,0,0,0,0,0,0,0,0,0,0,0,0,0,0,0,0,0.27567620575428,0,4.31644098460674,0,0
18.8087518811226,0,0.563489079475403,0,0,0,0,0,2.74918878078461,0,0,0,0,0,0,0,7.43991309404373,0,726.281605809927,0,0,0,0,0,0,0,0,0,0,0,0,0,0,0,0,0,0,0,0,0.517754659056664,3.57187736034393,10.3623386919498,230.578276410699,0,0,0,115.853337243199,0,0,0,0,0,0,0,0,0,0,0,0,0,0,0,0,0,0,0,0,0,0,0,0,0,0,0,0,0,0,0,0.210748478770256,0,0,0,91.612794958055,0,238.827554367483,0,9.66274923086166
0,0,0,143.24988527596,0,56.8690453022718,0,0,0,33.5946444571018,0,21.9966390579939,0,0,0,0,0,0.262815654277802,627.817355707288,23.6183236241341,0,0.216074481606483,0,5.51254987716675,0,0,0,0,0,0,0,0,0,0,0,90.0836728662252,3.78949749469757,4.0158853083849,0,673.635626025498,2.0075286924839,105.3522387743,3.00701542198658,0,0,0,9.11916300654411,0.4431993663311,0,132.542392835021,0,1.55967891216278,0,0,0,24.4895532876253,0,130.776899397373,0,1.59519957005978,0,0,485.039250388741,0,0.353786796331406,0,0,0,4.17782485485077,0,56.0119763016701,0,18.0629420876503,0,0,0,0,0,1623.60004708916,0,66.3631945848465,0,494.448321685195,1.34559372067451,2762.95605248958,1.13398027420044,0
380.714828193188,0,71.2210087478161,1.81152658164501,0.20415173470974,0.965437561273575,0,0,6.15509504079819,0.173447757959366,0,0,0,0,0,0,4.53585204482079,0,1600.04750721157,0,0.651835411787033,0,0,0,0,0,0,0,0,0,0,0,0,0,0,8.76859354972839,36.7952466011047,0,0,42.1339098215103,2226.43896220624,8.7993601411581,840.953624740243,0,115.853337243199,9.11916300654411,0,0,21.7409091889858,2.08980274200439,0,0.156791284680367,0,0,0,0.205912053585052,5.23402413725853,0.822654500603676,0,0,0,0,0.161723956465721,1302.34886957705,0,0,0,0,0,0,0,0,0,0,0,0,0,0,22.9813145399094,1860.34137843549,0,77.2093490660191,882.760863408446,0,5253.72865278274,0,8.88199365139008
0,0,0,0.738388061523438,0,0,0,0,0,0.431182384490967,0,0,0,0,0,0,0,0.849235862493515,37.3397636860609,0,0,0,0,0.933752298355103,0,0,0,0,0,0,0,604.115192145109,788.090330421925,1100.93015101552,366.584633171558,36.8683466017246,128.856423079967,167.336231157184,338.191587895155,75.7850262001157,304.568255454302,66.0662340000272,36.4387660622597,0,0,0.4431993663311,0,0,1062.50455532223,852.076595552266,0,0,0,0,0,0,0,0.156962215900421,0,0,0,0,0.726405143737793,0,0,0,0,0,0.31134220957756,0,0,5.62202207744122,0,0.389618754386902,1397.07841648906,1132.01414246857,1441.39902426302,216.405855149031,2320.61556875706,1560.06281790137,778.576528742909,885.072897210717,1210.70864034444,2.08419322967529,173.749619632959,0,0
285.342286497355,0,82.3559429943562,0,4.92879928648472,0,0,0,19.0096101462841,0,0,0,0,0,0,0,0,0.242185637354851,15.2168685495853,0,0,0,100.139213234186,0,2.41695374250412,0,0,0,3.97266691923141,0,0,2.88885582983494,0,25.8241316974163,0,0,0,0.103408671915531,352.76739102602,2.72759056091309,494.552024394274,9.40001010149717,312.505390934646,0,0,0,21.7409091889858,1062.50455532223,0,25.6912117674947,0,0,0,0,7.3198761343956,0,43.1061538159847,0,26.3277993500233,0,110.923686653376,0,0,0,0,332.896022632718,0,0.346201121807098,0,0,0.310467422008514,24.4117443561554,0,41.3930627852678,2.60599780082703,2.60518962144852,27.1847381293774,1.49799445271492,72.9482190832496,207.126243710518,1.50778521597385,1004.87211810797,784.959693141282,0,890.545329652727,0,0.631067395210266
0,433.966387450695,0,182.334600195289,0,6.08418096601963,0,0,0,112.642997682095,0,3.78507533669472,0,0,0,0.200107499957085,0,1.62836502492428,155.772358387709,0.644705936312675,0,71.9039387702942,0,3.93989992141724,0,0,0,0,0,0,0,2.92059864103794,0,7.98563516885042,0.285254329442978,23.1996864080429,1.09375934302807,265.721629112959,0,763.227687060833,0.729691207408905,704.953044146299,1.12171405553818,0,0,132.542392835021,2.08980274200439,852.076595552266,25.6912117674947,0,0,0.572295963764191,0,0,0,140.616198956966,0,477.595207333565,0,77.7552882432938,0,209.660594254732,106.775125548244,0,733.623382553458,0,132.045514151454,0,204.915815249085,0,7.58361543715,0,40.0304060727358,0,8.79874499887228,0,14.0012952983379,0,498.132457375526,0,698.089397028089,0.555299818515778,467.253290273249,5.88874387741089,2869.77737726271,25.018066316843,0
0,0,0,0,814.06355381012,0,2.95029599964619,0,17.634782075882,0,0,0,0,0,0,0,0,0,0,0,101.68016975373,0,0,0,0,0,0,0,0,0,0,0,0,0,0,0,0,0,0,0,0,0,0,0,0,0,0,0,0,0,0,0,10.4581252038479,0,0,0,32.5998225361109,0,12.728504806757,0,0,0,0,17.2786522209644,0,0,0,0,0,0,0,0,0,0,0,0,0,0,0,0,0,0,366.073366373777,1.57420235872269,6.39808930456638,0,0
0,0,0,16.4279434382915,0,674.481685563922,0,71.6770792156458,0,78.4273944199085,0,1.67496776580811,0,0,0,0,0,0,0,8.68800084292889,0,0,0,0,0,0,0,0,0,0,0,0,0,0,0,5.9019059240818,0.190946936607361,0,0,3.15360073745251,0.370818197727203,0.510577842593193,0,0,0,1.55967891216278,0.156791284680367,0,0,0.572295963764191,0,0,0,52.4352978616953,0,9.95875692367554,0,111.925772324204,0,6.74107612669468,0,0,67.2046031802893,0,0,0,0,0,0,0,0.25190657377243,0,0,0,0,0,0,0,3.25612869858742,0,0,0,526.505205459893,0,188.291932441294,0,0
0,0,0,0,22.6604125648737,0,133.048107981682,0,0,0,14.3701764047146,0,0,0,0,0,0,0,0,0,170.958825796843,0,0,0,0,0,0,0,0,0,0,0,0,0,0,0,0,0,0,0,0,0,0,0,0,0,0,0,0,0,10.4581252038479,0,0,0,0,0,274.978303976357,0,0,0,0,0,0,10.5097090452909,0,0,0,0,0,0,0,0,0,0,0,0,0,0,0,0,0,0,359.031464114785,2,0,0,0
0,0,0,0,0,0,0,0,0,0,0,0,0,0,0,0,0,0,0,0,0,0,0,0,0,0,0,0,0,0,0,0,0,0,0,0,0,0,0,0,0,0,0,0,0,0,0,0,0,0,0,52.4352978616953,0,0,0,0,0,83.2518248707056,0,2.82508388161659,0,0,0,0,0,0,0,0,0,0,0,0,0,0,0,0,0,0,0,0,0,0,0,0,0,0,0
552.576888412237,0,125.807413965464,0,2.04378688335419,0,0,0,688.966908246279,0,0,0,0,0,38.8823304325342,0,240.522543996572,1.4909815788269,2.10999059677124,0,0,0,0,0,39.8971836566925,0,0,0,0,0,0,0,0,0,0,0,0,0,4.51532003283501,0,0,0,3.25935745239258,0,0,0,0,0,7.3198761343956,0,0,0,0,0,0,0,5.10265851020813,0,2.36393785476685,0,69.4832727015018,0,0,0,0,0,0,178.30774089694,0,0,0,0,0,0,0,0,0,0,0,0,0,2.30962562561035,337.87005443871,26.4122873693705,47.3961418867111,0,0.915339052677155
0,216.735128700733,0,18.8192219883204,0,35.7653651237488,0,0,0,923.878553763032,0,0,0,0,0,176.841812193394,0,59.1500228345394,18.5228113681078,0,0,0,0,12.9956506639719,0,123.540114164352,0,0,0,0,0,0,0,0,0,0.883756086230278,0,0,0,4.41238272190094,0,16.0670742839575,0,0,0,24.4895532876253,0.205912053585052,0,0,140.616198956966,0,9.95875692367554,0,0,0,0,0,0.709640085697174,0,0.959749430418015,0,59.8102895617485,0,0,0,0,66.4153115302324,0,99.7009754776955,0,0,0,0,0,0,0,0,0,3.85487961769104,0,0.75512707233429,0,202.699383184314,0,71.8245346695185,0,0
0,0,100.864816710353,0,0.443743720650673,0,51.0475639998913,0,0,0,1739.23473091424,0,274.617309033871,0,0,0,0,0,0,0,634.145213186741,0,0,0,0,0,0,0,645.238594412804,0,200.045456215739,0,0,0,0,0,221.071403160691,0,423.360608875751,0,0,0,0,0,0,0,5.23402413725853,0,43.1061538159847,0,32.5998225361109,0,274.978303976357,0,5.10265851020813,0,0,0,791.860866844654,0,46.9770198017359,0,0,755.716311499476,0,0,0,0,0,0,0,199.325369983912,0,215.609725147486,0,0,0,0,0,22.921857714653,0,16.1257871687412,1925.53052639961,96.704550743103,1481.23061263561,0,0
0,45.2043314725161,0,10.7732993662357,0,43.7069471180439,0,77.873963624239,0,2.68040880560875,0,682.039462864399,0,40.3183183670044,0,0,0,0,42.436974838376,32.9017022401094,0,0.554809510707855,0,0,0,0,0,0,0,142.760836184025,0,0,0,0,0,12.5409370958805,3.01402655243874,18.1524311304092,0,20.6755867004395,0.139370828866959,36.7860873192549,0,0,0,130.776899397373,0.822654500603676,0.156962215900421,0,477.595207333565,0,111.925772324204,0,83.2518248707056,0,0.709640085697174,0,0,0,344.749086141586,0,59.5245094001293,663.540015794337,0,0.767949134111404,0,30.8575601577759,0,369.694124683738,0,234.430115409195,0,202.861806601286,0,0,0,0,0,11.0423308759928,0,454.70166965574,0,48.0493880137801,1.37372785806656,1262.27999682724,2.14974480867386,0
0,0,77.4321350902319,0,1.4201432466507,0,0,0,0,0,518.562656760216,0,1644.76442468166,0,970.762610629201,0,0,0,0,0,0,0,0,0,0,0,0,0,193.108566850424,0,0,0,0,0,0,0,0,0,0,0,0,0,0,0,0,0,0,0,26.3277993500233,0,12.728504806757,0,0,0,2.36393785476685,0,791.860866844654,0,0,0,281.684086337686,0,0,10.3579834550619,0,0,0,0,0,0,0,170.597501158714,0,0,0,0,0,0,0,0,0,0,524.231929570436,590.52527397871,1100.80957654119,0,0
0,42.8747289776802,0,1.29854530096054,0,3.30205892026424,0,12.9074496179819,0,0,0,0,0,329.480177998543,0,62.3567752987146,0,14.9924068450928,0.40691864490509,0,0,0,0,0,0,0,0,185.165411263704,0,0,0,0,0,0,0,0,0,0,0,1.16159009933472,0.176214441657066,3.1622259914875,0,0,0,1.59519957005978,0,0,0,77.7552882432938,0,6.74107612669468,0,2.82508388161659,0,0.959749430418015,0,344.749086141586,0,0,0,189.253879338503,1.23887056112289,0,0,0,1.3848822414875,0,137.409734472632,0,58.3856998607516,0,0,0,0,0,0,0,0.588647842407227,0,4.38134465366602,0,136.289294593036,138.638963520527,172.387141615152,0,0
6.2777359187603,0,92.9013002067804,0,2.17559361457825,0,0,0,18.267392128706,0,0,0,28.2118428349495,0,161.256010979414,0,100.554800748825,0,0,0,0,0,0,0,0,0,7.84841406345367,0,0,0,0,0,0,0,0,0,0,0,0,0,0,0,0,0,0,0,0,0,110.923686653376,0,0,0,0,0,69.4832727015018,0,46.9770198017359,0,281.684086337686,0,0,0,0,0,0,0,0,0,0,0,0,0,0,0,0,0,0,0,0,0,0,0,387.129342913628,84.8325603604317,1.40517330169678,0,0
0,128.704602852464,0,6.6697690486908,0,0,0,0,0,14.9350208193064,0,0,0,185.297981232405,0,637.981233179569,0,12.8430553674698,0,0,0,0,0,0,0,3.30455732345581,0,0,0,0,0,0,0,0,0,0,0,0,0,3.28019416332245,0,0,0,0,0,0,0,0,0,209.660594254732,0,0,0,0,0,59.8102895617485,0,59.5245094001293,0,189.253879338503,0,0,0,0,0,0,30.5771868824959,0,249.600016057491,0,0,0,0,0,0,0,0,0,0,0,0,0,350.016721457243,23.8269745707512,23.3187963813543,0,0
0,0,0,13.9580791592598,0,121.844847500324,0,0,0,0,0,417.821929186583,0,0,0,0,0,0,12.6276762261987,1507.6291962415,0,0,0,0,0,0,0,0,0,0,0,0,1.3865133523941,0,0,269.864753484726,0.234969317913055,181.887199893594,0,235.549595475197,0,80.1233898699284,0.127002522349358,0,0,485.039250388741,0.161723956465721,0.726405143737793,0,106.775125548244,0,67.2046031802893,0,0,0,0,0,663.540015794337,0,1.23887056112289,0,0,0,0,0.723841309547424,0,0.755237013101578,0,20.4056079387665,0,87.2339847907424,0,29.7546068131924,0,0,0,0,0,1350.02428516746,0,165.547498509288,0,174.054425492883,0,1417.89764992893,0,0
0,0,0,0,1.12678597867489,0,0.93654203414917,0,0,0,380.715016424656,0,0,0,0,0,0,0,0,0,412.381869092584,0,0,0,0,0,0,0,0,0,5.14613299071789,0,0,0,0,0,141.858078181744,0,56.3758295327425,0,386.905575066805,0,0,0,0,0,1302.34886957705,0,0,0,17.2786522209644,0,10.5097090452909,0,0,0,755.716311499476,0,10.3579834550619,0,0,0,0,0,0,0,0,0,0,0,0,0,0,44.647396594286,0,0,0,0,0,1998.09064403176,0,681.890314504504,85.4486707448959,0,561.562425523996,0,0
0,0,0,0,0,0,0,0,0,0,0,0,0,0,0,0,0,0,0,0,0,6350.53406774998,167.346533507109,59.7179753631353,0,86.6655189990997,0,0,0,0,0,0,0,0,0,0,0,175.534023702145,0,0,0,1.56665663421154,0,0,0,0.353786796331406,0,0,0,733.623382553458,0,0,0,0,0,0,0,0.767949134111404,0,0,0,0,0.723841309547424,0,0,29.5801116228104,353.069410696626,0,0,0,18.6759907007217,0,0,0,0,0,0,0,0,0,300.276826649904,0,992.54789608717,0,7.08398415148258,0,0
0,0,0,0,0,0,0,0,0,0,0,0,0,0,0,0,0,0,0,0,0,763.136273294687,9727.039453879,0,109.61361014843,0,9.09190398454666,0,70.2002240419388,0,0,0,0,0,0,0,0,5.30447196960449,460.904004067183,0,0,0,0,0,0,0,0,0,332.896022632718,0,0,0,0,0,0,0,0,0,0,0,0,0,0,0,29.5801116228104,0,0,384.352368697524,0,115.967865139246,0,456.710860669613,0,0,0,0,0,0,0,0,2.44449797272682,855.666107743979,1283.9896799922,31.0374349057674,0,0,0
0,19.8505561947823,0,0,0,0,0,0,0,0,0,0,0,0,0,0,0,0,0.473123788833618,0,0,96.0247508734465,0,641.586506128311,0,639.148358717561,0,0,0,0,0,0,0,0,0,0,0,55.2595780193806,0,2.25560140609741,0,0,0,0,0,0,0,0,0,132.045514151454,0,0,0,0,0,66.4153115302324,0,30.8575601577759,0,1.3848822414875,0,30.5771868824959,0.755237013101578,0,353.069410696626,0,0,0,89.3621387481689,0,0,0,0,0,0,0,0,0,0,0,267.902027562261,0,462.054918915033,4.70153421163559,77.9220006763935,0,0
0,0,0,0,0,0,0,0,10.8461577892303,0,0,0,0,0,0,0,0,0,0,0,0,0,295.047141969204,0,584.062691539526,0,0,0,0,0,0,0,0,0,0,0,0,0,206.656362533569,0,0,0,0,0,0,0,0,0,0.346201121807098,0,0,0,0,0,178.30774089694,0,0,0,0,0,0,0,0,0,0,384.352368697524,0,0,0,0,0,0,0,0,0,0,0,0,0,0,0,167.657684445381,247.431936115026,0,34.2717976570129,0,0
0,3.31369835138321,0,0.643198877573013,0,0,0,0,0,4.14359855651855,0,0.583013594150543,0,6.85975897312164,0,39.1810935735703,0,304.070893287659,2.71917517483234,0,0,0,0,8.46307730674744,0,86.2421841025352,0,196.512461990118,0,0,0,0,0,0,0,0,0,0,0,0.664600342512131,0,13.8915814906359,0,0,0,4.17782485485077,0,0.31134220957756,0,204.915815249085,0,0,0,0,0,99.7009754776955,0,369.694124683738,0,137.409734472632,0,249.600016057491,20.4056079387665,0,0,0,89.3621387481689,0,0,0,104.75383554399,0,0,0,0,0,0,0,0,0,0,0,418.761298641562,0,234.735066786408,0.870076656341553,0
0,0,0,0,0,0,0,0,0,0,0,0,0,0,2.07568269968033,0,288.327257871628,0,0,0,0,0,716.62932741642,0,0,0,185.798614501953,0,461.514712393284,0,0,0,0,0,0,0,0,0,0,0,0,0,0,0,0,0,0,0,0,0,0,0,0,0,0,0,0,0,0,0,0,0,0,0,0,115.967865139246,0,0,0,0,0,69.8334268927574,0,0,0,0,0,0,0,0,0,0,128.22186461091,0,0,0,0
0,0.471324384212494,0,6.40623944997787,0,0.678932383656502,0,0,0,1.06732654571533,0,17.6702827364206,0,5.40867638587952,0,0,0,0.127267599105835,20.4438265040517,1.52846270799637,0,4.74520444869995,0,0,0,0,0,2935.81227690727,0,2.42817425727844,0,0,0,0,0,0.446360141038895,0,13.4751691520214,0,3.529431656003,0,35.2394096255302,1.14450925588608,0,0,56.0119763016701,0,0,0.310467422008514,7.58361543715,0,0.25190657377243,0,0,0,0,0,234.430115409195,0,58.3856998607516,0,0,87.2339847907424,0,18.6759907007217,0,0,0,104.75383554399,0,0,0,55.7519732117653,0,0,0,0,0,3.98791393637657,0,1075.92111296952,0,81.8798602595925,0,146.038552373648,5.31521877646446,0
0,0,0,0,0,0,0,0,0,0,8.95106768608093,0,0,0,0,0,16.5672239661217,0,0,0,0,0,262.26844060421,0,0,0,60.3300285935402,0,2459.97455705702,0,267.51609390974,0,0,0,0,0,0,0,0.383515655994415,0,0,0,0,0,0,0,0,5.62202207744122,24.4117443561554,0,0,0,0,0,0,0,199.325369983912,0,170.597501158714,0,0,0,0,0,0,456.710860669613,0,0,0,69.8334268927574,0,0,0,75.9262076020241,0,0,0,0,0,0,0,699.287305578589,394.610500782728,278.932359516621,0,0,0
0,0,0,0.964185044169426,0,0,0,0,0,0,0,47.0650677084923,0,0,0,0,0,0,3.8606453537941,1.25481200218201,0,0,0,0,0,0,0,216.172864586115,0,1121.87285213172,0,0,0,0,0,0,0,354.685965672135,0,2.02644312381744,0,26.0495531409979,0.891291260719299,0,0,18.0629420876503,0,0,0,40.0304060727358,0,0,0,0,0,0,0,202.861806601286,0,0,0,0,29.7546068131924,0,0,0,0,0,0,0,55.7519732117653,0,0,0,0,0,0,0,0,0,907.32389434427,0,93.2756895422935,0,231.486872136593,4.61540859937668,0
0,0,0,0,0,0,0,0,0,0,12.5891827791929,0,0,0,0,0,0,0,0,0,32.5257376283407,0,0,0,0,0,0,0,471.682835310698,0,382.960706830025,0,0,0,0,0,0,0,8.68669044971466,0,6.00369165837765,0,62.3463116437197,0,0,0,0,0.389618754386902,41.3930627852678,0,0,0,0,0,0,0,215.609725147486,0,0,0,0,0,0,44.647396594286,0,0,0,0,0,0,0,75.9262076020241,0,0,0,0,0,0,0,0,0,651.717045813799,45.1002191305161,0,877.434982895851,0,0
0,0,0,0,0,0,0,0,0,0,0,0,0,0,0,0,0,0,0,0,0,0,0,0,0,0,0,0,0,0,0,1392.39001213014,725.467791512609,136.247932583094,13.4016093015671,377.429451063275,98.5525185465813,1.26093347370625,0,1.41474366188049,0,4.67446979880333,0,0,0,0,0,1397.07841648906,2.60599780082703,8.79874499887228,0,0,0,0,0,0,0,0,0,0,0,0,0,0,0,0,0,0,0,0,0,0,0,0,0,436.144538879395,1043.42787022889,44.2212347984314,2322.83364368975,57.1302218735218,5.59308984130621,0,692.053729176521,0,0,0,0
0,0,0,0,0,0,0,0,0,0,0,0,0,0,0,0,0,0,1.73148372769356,0,0,0,0,0,0,0,0,0,0,0,0,1083.88488064706,1639.7255102247,0,6.66069793701172,31.9714747667313,87.9323469400406,0.266332142055035,0,2.14379185438156,0,0.942861676216125,0,0,0,0,0,1132.01414246857,2.60518962144852,0,0,0,0,0,0,0,0,0,0,0,0,0,0,0,0,0,0,0,0,0,0,0,0,0,436.144538879395,0,44.1969670653343,213.548809736967,419.044934548438,1305.03698095679,0.301458723843098,0,200.908827528358,0,0.108867637813091,0,0
0,0,0,0,0,0,0,0,0,0,0,0,0,0,0,0,0,0,0,0,0,0,0,0,0,0,0,0,0,0,0,105.843232467771,11.1559310257435,1835.73219846934,491.562943145633,639.440177157521,0,169.515261024237,0,0,0,0,0,0,0,0,0,1441.39902426302,27.1847381293774,14.0012952983379,0,0,0,0,0,0,0,0,0,0,0,0,0,0,0,0,0,0,0,0,0,0,0,0,1043.42787022889,44.1969670653343,0,444.539151117206,197.575875893235,24.1483214795589,509.921678841114,77.2379919588566,695.214953161776,6.52137494087219,0,0,0
0,0,0,0,0,0,0,0,0,0,0,0,0,0,0,0,0,0,1.9440643787384,0,0,0,0,0,0,0,0,0,0,0,0,54.8159720748663,104.624715045094,1171.56913056225,1734.48122677207,1.20512889325619,132.407006919384,0,393.416512191296,1.26226145029068,0,0,0,0,0,0,0,216.405855149031,1.49799445271492,0,0,0,0,0,0,0,0,0,0,0,0,0,0,0,0,0,0,0,0,0,0,0,0,0,44.2212347984314,213.548809736967,444.539151117206,0,79.3707977607846,67.2211660444736,0.282287538051605,264.771149724722,270.170288607478,6.47555136680603,0,0,0
0,0.428386226296425,0,33.2147137820721,0,59.8802835047245,0,0,0,6.52178248018026,0,0,0,0,0,0,0,2.21010565757751,405.853372387588,575.115166783333,0,0,0,0,0,0,0,0,0,0,0,2012.46708910912,326.78141605854,89.6158214956522,208.80491116643,17459.5236738324,216.5281919837,1113.64650449902,0,2622.00636700541,12.3967458158731,756.878520667553,2.623884126544,0,0.210748478770256,1623.60004708916,22.9813145399094,2320.61556875706,72.9482190832496,498.132457375526,0,3.25612869858742,0,0,0,3.85487961769104,0,11.0423308759928,0,0.588647842407227,0,0,1350.02428516746,0,0,0,0,0,0,0,3.98791393637657,0,0,0,2322.83364368975,419.044934548438,197.575875893235,79.3707977607846,0,355.245688483119,1395.75961740315,0,3771.66325540841,1.05025859177113,2149.17474287003,2.01135386526585,0
0,0,0,0,0,0,0,0,0,0,502.739390522242,0,0,0,0,0,0,0,1.84008949995041,0,1192.54406857491,0,0,0,0,0,0,0,0,0,0,129.833244740963,565.705945402384,0,294.705214753747,1901.14459218085,17827.2992704883,0,1229.25543057919,1.57716272771358,2558.24357975274,0,11.8490489423275,0,0,0,1860.34137843549,1560.06281790137,207.126243710518,0,0,0,0,0,0,0,22.921857714653,0,0,0,0,0,0,1998.09064403176,0,0,0,0,0,0,0,0,0,0,57.1302218735218,1305.03698095679,24.1483214795589,67.2211660444736,355.245688483119,0,0,1061.06388553977,7483.63483474404,583.854722201824,804.49117834866,0,0
0,1.23146024346352,0,4.69147618114948,0,0.511740192770958,0,0,0,1.47456285357475,0,171.543386369944,0,0,0,0,0,0.13466665148735,30.6408555209637,73.1329457312822,0,1052.44855929911,43.7335335016251,139.372582986951,0,0.230183586478233,0,525.786829471588,0,412.348364457488,0,0.282403118908405,0.119125850498676,473.341417238116,6.38310485333204,110.606089681387,0,12355.2321330756,9.62987816333771,255.614834994078,0,103.077267169952,0,0,0,66.3631945848465,0,778.576528742909,1.50778521597385,698.089397028089,0,0,0,0,0,0.75512707233429,0,454.70166965574,0,4.38134465366602,0,0,165.547498509288,0,300.276826649904,2.44449797272682,267.902027562261,0,0,0,1075.92111296952,0,907.32389434427,0,5.59308984130621,0.301458723843098,509.921678841114,0.282287538051605,1395.75961740315,0,0,31.6242559105158,1873.1745692566,0,1715.35679657757,8.65683016180992,0
