0,0,6.11374481450315,0,0,0,0,0,5.9976143239201,0,29.3008079528809,0,0,0,0,0,75.0649197896322,0,31.4555874151342,0,23.8189105987549,0,0,0,15.9211363792419,0,0,0,0,0,0,0,0,0,0,62.8403816223145,55.2397108406856,0,46.5915641784668,0,27.8576011657715,0,23.6474448933321,0,0,72.4456253051758,22.8357502222061,36.5661926269531,5.46837995573878,0,0,0,0,0,6.97881153365162,0,10.8811812400818,0,6.43252491950989,0,6.84273524717851,0,0,24.2122503916423,0,0,0,0,0,0,0,0,0,0,0,0,0,40.5037078857422,0,40.597151448487,0,34.7537619850852,11.4049945153253,0,11.4390051709008,0,32.9002113342285
0,0,0,3.58962103899787,0,0,0,0,0,4.36115852479012,0,0,0,0,0,2.77854764461517,0,0,3.72785341739655,0,0,0,0,16.2977981567383,0,0,0,0,0,0,0,0,0,0,0,56.9493064880371,0,0,0,56.079158782959,0,16.2188255570152,0,0,0,0,0,0,0,5.84448953325098,0,0,0,0,0,4.36554551815641,0,0,0,0,0,3.35797158545918,0,0,0,0,0,0,0,0,0,0,0,0,0,0,0,0,40.9059513636998,0,40.68603515625,0,5.1174861902719,0,9.75468650756524,0,0
6.11374481450315,0,0,0,0,0,0,0,9.9736779386347,0,0,0,0,0,0,0,0,0,0,0,26.1193828582764,0,0,0,0,0,0,0,0,0,0,0,0,0,0,0,0,0,0,0,0,0,27.7313069053318,0,0,0,11.1863185167313,41.7328453063965,5.32200176811218,0,6.07469935417175,0,0,0,4.19110038795987,0,8.79427532851696,0,4.23849221467972,0,4.57448748179844,0,0,23.1395748138428,0,0,0,0,0,0,0,0,0,0,0,0,0,0,0,0,0,0,16.4232554244995,0,8.14890284155341,0,0
0,3.58962103899787,0,0,0,5.82506622632345,0,0,0,4.66567276000977,0,0,0,0,0,0,0,0,39.2754647391183,4.44074136870248,0,0,0,0,0,0,0,0,0,0,0,0,0,0,0,0,0,0,0,41.0038750171661,0,28.8261854439451,0,38.7799987792969,0,0,0,36.0644989013672,28.8407936096191,15.1735444342097,0,4.33432482569306,0,0,0,6.48704315478506,0,10.1711382468541,0,3.21649533823917,0,5.10433428247548,20.2254583154406,0,0,0,0,0,0,0,0,0,28.5448127322727,0,0,0,0,0,36.2934249531139,0,58.1967557271322,0,7.49770592053731,0,10.4492130840526,0,0
0,0,0,0,0,0,4.17169173558553,0,0,0,34.5240516662598,0,2.74914002418518,0,0,0,0,0,0,0,5.03616551116661,0,0,0,0,0,0,0,0,0,0,0,0,0,0,0,27.3247705965626,0,0,105.706703186035,44.2414213816325,0,39.2131227765764,0,0,0,15.7821977878439,41.806902885437,43.1703343625929,0,3.12772941837708,0,3.16474890708923,0,5.686457417228,0,13.9273657798767,0,3.64358964333167,0,3.02992836634318,0,0,7.76563047028922,0,0,0,0,0,0,0,0,0,0,0,0,0,0,0,22.6724367026823,0,0,5.4481373468512,7.51881347512299,15.1894748289077,0,31.9890213012695
0,0,0,5.82506622632345,0,0,0,6.40502700805664,0,0,0,2.74254870414734,0,0,0,0,0,0,0,4.41947908401489,0,0,0,0,0,0,0,0,0,0,0,0,0,0,0,25.5285596847534,0,0,0,0,0,46.6650619506836,0,0,0,0,0,0,0,37.1236763000488,0,4.04880204660638,0,5.04870992419363,0,4.13051103143131,0,7.54302043914795,0,2.93799710273743,0,0,6.3911817196088,0,0,0,0,0,0,0,0,0,0,0,0,0,0,0,15.9427007039388,0,0,0,3.89416711181402,0,7.89701108459954,0,0
0,0,0,0,4.17169173558553,0,0,0,0,0,3.76122636795044,0,3.07084035873413,0,0,0,0,0,0,0,0,0,0,0,0,0,0,0,0,0,0,0,0,0,0,0,0,0,0,0,0,0,0,0,0,0,0,0,0,0,3.60907087093446,0,3.06093975840282,0,0,0,3.19161384180188,0,3.21995166369847,0,0,0,0,0,0,0,0,0,0,0,0,0,0,0,0,0,0,0,0,0,0,0,3.8336776795426,5.53276654652187,0,0,0
0,0,0,0,0,6.40502700805664,0,0,0,0,0,4.84870033604758,0,0,0,0,0,0,0,0,0,0,0,0,0,0,0,0,0,0,0,0,0,0,0,0,0,0,0,0,0,0,0,0,0,0,0,0,0,0,0,4.40473948857364,0,3.27043589963093,0,0,0,5.70049177243458,0,6.60012881509189,0,0,10.2298653466361,0,0,0,0,0,0,0,0,0,0,0,0,0,0,0,0,0,0,0,3.26052892775763,0,0,0,0
5.9976143239201,0,9.9736779386347,0,0,0,0,0,0,0,0,0,0,0,6.75181641298182,0,20.2360441480828,40.416802406311,37.1257481972376,0,0,0,26.1067657470703,0,14.8537574079302,0,19.2328081800227,0,24.3691139221191,0,0,0,0,0,0,0,0,0,6.27181553840637,0,58.6565408706665,37.3060417175293,40.0421981811523,0,21.1601314544678,0,27.9163246154785,0,8.19251953987848,0,0,0,0,0,6.62173749313873,0,0,0,0,0,8.72449083328247,0,0,0,0,0,0,15.1023720961351,0,18.4170469870934,0,0,0,0,0,0,0,0,0,86.5717163085938,0,10.6198653098076,10.370469384983,6.29078093068353,4.89915178649614,0,0
0,4.36115852479012,0,4.66567276000977,0,0,0,0,0,0,0,0,0,0,0,3.7247728506724,0,4.81544144045223,0,0,0,0,0,4.74970079825176,0,0,0,0,0,0,0,0,0,0,0,0,0,10.7242077171803,0,0,0,42.626781463623,0,0,0,0,0,0,36.2588310241699,0,0,0,0,0,0,5.6141767011877,0,30.1280288696289,0,0,0,3.83501736323039,0,0,0,0,4.58308870184655,0,0,0,0,0,0,0,0,0,0,0,0,0,10.2869462013245,0,5.47324211028829,3.16982407569885,10.9400766213735,0,0
29.3008079528809,0,0,0,34.5240516662598,0,3.76122636795044,0,0,0,0,0,0,0,0,0,0,0,61.3335100809733,0,5.11363495626324,0,0,0,0,0,0,0,0,0,4.75889776742205,0,0,0,0,0,8.60354539462159,0,7.67710993924039,0,37.822021484375,0,23.6683510144552,0,22.9305458068848,0,18.8729243278503,0,55.009642967811,0,0,0,3.84314866293044,0,0,0,5.19904542460976,0,0,0,0,0,0,9.57289879638234,0,0,0,0,0,0,0,13.4816026687622,0,8.48181926847218,0,0,0,0,0,44.1886322498322,0,9.48811329059986,5.4154918502521,0,14.1260673965233,0,15.1853491465251
0,0,0,0,0,2.74254870414734,0,4.84870033604758,0,0,0,0,0,3.43814066917666,0,0,0,0,0,4.87445310631947,0,0,0,0,0,0,0,2.72517538070679,0,13.5364606523106,0,0,0,0,0,5.30479102710198,0,5.22453222452522,0,0,0,0,0,0,0,0,0,0,0,0,0,0,0,5.62937035767928,0,0,0,6.39269985505242,0,5.37343255515411,0,0,7.22527302152388,0,0,0,0,0,0,0,4.50401288416328,0,13.2004931729014,0,0,0,0,0,8.33224214153525,0,9.29165242960353,0,4.64152198231097,0,10.7622995376587,0,0
0,0,0,0,2.74914002418518,0,3.07084035873413,0,0,0,0,0,0,0,4.6264556015239,0,0,0,0,0,0,0,0,0,0,0,0,0,2.99323149522146,0,0,0,0,0,0,0,0,0,0,0,0,0,0,0,0,0,0,0,0,0,0,0,0,0,0,0,0,0,3.17697218862864,0,3.80927093029022,0,0,0,0,0,0,0,0,0,0,0,0,0,0,0,0,0,0,0,0,0,3.56994965672493,0,0,0,0
0,0,0,0,0,0,0,0,0,0,0,3.43814066917666,0,0,0,2.87772186597188,0,0,0,0,0,0,0,0,0,0,0,3.27769553661346,0,0,0,0,0,0,0,0,0,0,0,0,0,0,0,0,0,0,0,0,0,0,0,5.68153381347656,0,0,0,0,0,5.37424254417419,0,3.79401083601282,0,2.98209408919017,0,0,0,0,0,0,0,0,2.94538848996162,0,0,0,0,0,0,0,0,0,0,0,2.94326499792246,3.10138066609701,0,0,0
0,0,0,0,0,0,0,0,6.75181641298182,0,0,0,4.6264556015239,0,0,0,7.41980103320546,47.3727283477783,27.334400177002,0,0,0,24.0205345153809,0,13.1137968699137,0,6.78473167923781,0,4.73108519826617,0,0,0,0,0,0,0,0,0,0,0,0,0,0,0,26.4691143035889,0,0,0,0,0,0,0,0,0,10.8302299380302,0,2.95958483219147,0,2.89840146473476,0,3.45709564893142,0,0,0,0,0,0,0,0,4.80309532369886,0,2.80117789904277,0,0,0,0,0,0,0,0,0,0,5.53026206265841,6.87589587105645,15.3846752643585,0,0
0,2.77854764461517,0,0,0,0,0,0,0,3.7247728506724,0,0,0,2.87772186597188,0,0,0,0,0,0,0,0,0,2.74926161766052,0,2.74795484542847,0,0,0,0,0,0,0,0,0,0,0,0,0,0,0,0,0,0,0,0,0,0,0,0,0,3.27025405565898,0,0,0,4.64321804046631,0,0,0,3.02328737576803,0,3.07072677046566,0,0,0,0,0,0,0,0,0,0,0,0,0,0,0,0,0,0,0,0,2.80813423792521,0,0,0,0
75.0649197896322,0,0,0,0,0,0,0,20.2360441480828,0,0,0,0,0,7.41980103320546,0,0,16.4576790009613,24.4754111420509,0,0,0,12.4927008955666,0,11.226157469594,0,9.13863325470525,0,5.40698723416579,0,0,0,0,0,0,96.2639944893973,89.8132710340546,0,95.42919921875,66.0241802215576,55.4538209477409,49.88451127445,37.7576056560838,0,31.2889750220559,64.4966100056966,57.7318562098912,0,75.1167305537632,0,0,0,0,0,16.7661727758554,0,52.664176940918,65.9374980926514,0,0,9.67330699055283,0,74.7421166556222,53.1496755665746,0,0,0,11.9071093097566,0,9.32206243918492,0,2.95918774604797,77.7587776184082,0,0,0,0,0,84.3190071469262,66.5878976269772,85.4457817077637,65.0240862710135,15.7026489077559,10.6983082458456,47.0403621768951,0,34.038429661801
0,0,0,0,0,0,0,0,40.416802406311,4.81544144045223,0,0,0,0,47.3727283477783,0,16.4576790009613,0,17.7100576442609,0,0,3.25605405293978,0,5.13764207892948,23.6259568532308,4.77464078411911,31.8799235400032,3.26145231723785,0,0,0,0,0,0,0,100.109012256969,94.4117134094238,0,0,70.0396228790283,61.7721791760675,46.338324938065,50.3541799692007,0,49.0092887878418,60.893682161967,94.0919551849365,0,78.9589996337891,79.9980964660645,62.1315269470215,0,0,0,44.8966114044189,3.02181293169657,0,66.8456182479858,0,0,0,0,70.9223124980927,74.6665664672852,3.07370114326477,0,4.6019232310946,0,0,0,0,0,65.2298574447632,0,0,0,0,0,72.9800396409146,81.0519445737203,73.762302051891,69.489315032959,9.83983015604987,7.39133556652069,60.8409568399623,44.209903717041,58.4617074330648
31.4555874151342,3.72785341739655,0,39.2754647391183,0,0,0,0,37.1257481972376,0,61.3335100809733,0,0,0,27.334400177002,0,24.4754111420509,17.7100576442609,0,0,44.9826941490173,0,41.9522514343262,27.6119174957275,36.5292904376984,0,33.3447471141815,0,0,0,0,0,0,0,0,66.0526359207639,67.8202528005538,66.4669935563031,55.1931991577148,45.5508115162221,42.1765614850245,26.8873871511017,24.4250053736257,16.1514180633757,22.975372351706,27.4736451801668,34.7589537862321,78.5399856567383,49.813804405323,36.8473461090572,0,0,0,0,48.781078338623,0,46.7285919189453,36.1734995905558,0,0,27.517199925014,65.5927543640137,40.9576635230966,43.4014635269458,0,0,0,39.6300163269043,0,30.5813229878743,0,0,34.5651750598274,0,0,0,0,63.2282257080078,44.4501612815592,50.7189804167338,44.6334497531255,49.1665418885595,15.5975422365372,16.6796614907005,27.1810430887563,17.3677321326348,24.0173897249205
0,0,0,4.44074136870248,0,4.41947908401489,0,0,0,0,0,4.87445310631947,0,0,0,0,0,0,0,0,0,0,0,0,0,0,0,0,0,0,0,0,0,0,0,4.45229426290998,0,11.0667895666993,0,0,0,0,0,0,0,17.623514175415,0,0,0,0,0,0,0,11.7918539047241,0,0,0,5.52002508854598,0,0,0,0,6.78684043619564,0,0,0,0,0,0,0,0,0,0,0,0,0,0,0,5.50581835093123,0,13.4145377451374,0,6.48029914109603,0,9.20585488814574,0,0
23.8189105987549,0,26.1193828582764,0,5.03616551116661,0,0,0,0,0,5.11363495626324,0,0,0,0,0,0,0,44.9826941490173,0,0,0,0,0,0,0,0,0,0,0,10.1734612328666,0,0,0,0,58.6289520263672,8.67769786378897,0,5.31172054007863,82.8045806884766,35.1814057765863,0,28.7815753936768,0,22.2425036430359,0,14.4840202331543,47.7942721048991,47.5680743434973,0,27.0105266571045,0,0,0,0,0,9.80911458164333,0,0,0,0,0,0,7.29701020343897,0,0,0,0,0,0,0,22.405837059021,0,17.9479830524709,0,0,0,0,0,13.5105351383592,0,10.798944762193,4.67477508835376,0,24.8103170303898,0,14.4196627140045
0,0,0,0,0,0,0,0,0,0,0,0,0,0,0,0,0,3.25605405293978,0,0,0,0,4.72764332714713,6.5696512684226,0,3.96966969966888,0,3.71182980934779,0,0,0,0,0,0,0,0,0,4.78769198791036,5.38724769429958,0,0,0,0,0,0,0,0,0,0,5.83113373565674,0,0,0,0,0,0,0,0,0,0,0,0,0,0,5.30082173007771,3.39091170461554,7.71140787540338,0,4.26188223289721,0,3.59124680665823,0,0,0,0,0,0,0,0,0,6.03458627853685,0,5.89560041443402,4.48434389533997,0,0,0
0,0,0,0,0,0,0,0,26.1067657470703,0,0,0,0,0,24.0205345153809,0,12.4927008955666,0,41.9522514343262,0,0,4.72764332714713,0,0,4.12595601642833,0,6.1706197465113,0,0,0,0,0,0,0,0,0,0,3.6390897603262,4.08973052106585,0,0,0,0,0,0,0,0,0,6.48351435593473,0,0,0,0,0,19.2936906814575,0,0,0,0,0,0,0,0,0,6.82700843470437,4.94242646194779,0,9.69160747528076,0,10.7871913909912,0,3.0991244997297,0,0,0,0,0,0,0,0,0,4.8419688355689,4.93136706429597,5.09709063598088,18.5619926452637,0,0
0,16.2977981567383,0,0,0,0,0,0,0,4.74970079825176,0,0,0,0,0,2.74926161766052,0,5.13764207892948,27.6119174957275,0,0,6.5696512684226,0,0,0,3.05515500477382,0,0,0,0,0,0,0,0,0,0,0,3.73871021710553,0,0,0,0,0,0,0,0,0,0,0,0,0,0,0,0,0,10.2291785275064,0,0,0,0,0,4.84982913732529,0,0,7.41168466268801,0,4.04744451866974,0,3.52104657156426,0,0,0,0,0,0,0,0,0,0,0,6.16047389777202,0,3.62418420853153,0,0,0,0
15.9211363792419,0,0,0,0,0,0,0,14.8537574079302,0,0,0,0,0,13.1137968699137,0,11.226157469594,23.6259568532308,36.5292904376984,0,0,0,4.12595601642833,0,0,0,6.10165045451533,0,0,0,0,0,0,0,0,0,0,0,5.5599585036014,0,0,0,0,0,0,0,0,0,5.7528492558387,0,0,0,0,0,11.5611665979508,0,0,0,0,0,0,0,0,0,0,3.25920281807582,0,4.50019980221987,0,3.71241132418315,0,0,0,0,0,0,0,0,0,61.2833595275879,0,3.27431145906448,8.01802831979898,20.746513911656,3.87119820334695,0,0
0,0,0,0,0,0,0,0,0,0,0,0,0,0,0,2.74795484542847,0,4.77464078411911,0,0,0,3.96966969966888,0,3.05515500477382,0,0,0,3.11804054677486,0,0,0,0,0,0,0,0,0,0,0,0,0,0,0,0,0,0,0,0,0,0,0,0,0,0,0,0,0,0,0,0,0,3.57032096385956,0,0,5.0787376335689,0,4.4698361230619,0,4.11423029247512,0,7.98601651191711,0,0,0,0,0,0,0,0,0,0,0,2.90285711288452,0,0,0,0
0,0,0,0,0,0,0,0,19.2328081800227,0,0,0,0,0,6.78473167923781,0,9.13863325470525,31.8799235400032,33.3447471141815,0,0,0,6.1706197465113,0,6.10165045451533,0,0,0,4.46057161497414,0,0,0,0,0,0,0,0,0,0,0,66.6884460449219,0,38.289057413737,0,40.6858329772949,0,0,0,3.15878756841024,0,0,0,0,0,18.1258236920392,0,0,0,0,0,6.23762861706994,0,0,0,0,4.48267138004303,0,5.17949949559711,0,4.33912708282471,0,3.15127446651459,0,0,0,0,0,0,0,77.2952270507812,0,69.5663986206055,11.2996554649008,16.3059465334966,50.5110026836395,0,44.6688232421875
0,0,0,0,0,0,0,0,0,0,0,2.72517538070679,0,3.27769553661346,0,0,0,3.26145231723785,0,0,0,3.71182980934779,0,0,0,3.11804054677486,0,0,0,4.01775174548193,0,0,0,0,0,0,0,2.99054412047068,0,0,0,0,0,0,0,0,0,0,0,0,0,0,0,0,0,0,0,0,0,2.93692827224731,0,0,0,0,3.74530781110128,0,0,0,4.93495166301727,0,4.59674414995079,0,5.63062515566426,0,0,0,0,0,0,0,5.31464886665344,0,3.42553007266891,4.18502210315905,0,0,0
0,0,0,0,0,0,0,0,24.3691139221191,0,0,0,2.99323149522146,0,4.73108519826617,0,5.40698723416579,0,0,0,0,0,0,0,0,0,4.46057161497414,0,0,0,3.81883364915848,0,0,0,0,0,0,0,4.15724724531174,0,0,0,0,0,0,0,0,0,0,0,0,0,0,0,0,0,0,0,3.20884561538696,0,3.8852827946345,0,0,0,0,4.16216528800226,0,0,0,4.5937028725942,0,3.77916892951807,0,0,0,0,0,0,0,0,0,6.13886117935181,4.1945817896298,3.04406573091234,0,0,0
0,0,0,0,0,0,0,0,0,0,0,13.5364606523106,0,0,0,0,0,0,0,0,0,0,0,0,0,0,0,4.01775174548193,0,0,0,0,0,0,0,0,0,4.28669598502834,0,0,0,0,0,0,0,0,0,0,0,0,0,0,0,0,0,0,0,14.8297672702716,0,3.15770363807678,0,0,0,0,0,0,0,0,0,0,5.64139898671133,0,6.3061812024492,0,0,0,0,0,0,0,5.6015803130569,0,4.5728977509399,0,0,0,0
0,0,0,0,0,0,0,0,0,0,4.75889776742205,0,0,0,0,0,0,0,0,0,10.1734612328666,0,0,0,0,0,0,0,3.81883364915848,0,0,0,0,0,0,0,0,0,4.19128463485024,0,0,0,26.3774127960205,0,0,0,21.4477252960205,0,44.2040939331055,0,0,0,0,0,0,0,6.83463874305646,0,0,0,0,0,0,16.7978374817792,0,0,0,0,0,0,0,0,0,6.81754151843783,0,0,0,0,0,0,0,6.71902407623199,8.37124469184876,2.94962453842163,11.0481023788452,0,27.5269412994385
0,0,0,0,0,0,0,0,0,0,0,0,0,0,0,0,0,0,0,0,0,0,0,0,0,0,0,0,0,0,0,0,4.38561287992879,7.15626865114485,0,4.12648176416127,2.74231028556824,0,0,0,0,0,0,0,0,0,0,5.99387771559925,0,0,0,0,0,0,0,0,0,0,0,0,0,0,0,0,0,0,0,0,0,0,0,0,0,0,4.49189316003246,6.27409999789172,3.67167688299108,0,5.07738664294734,18.0924873352051,0,0,3.52671826047595,0,0,0,0
0,0,0,0,0,0,0,0,0,0,0,0,0,0,0,0,0,0,0,0,0,0,0,0,0,0,0,0,0,0,0,4.38561287992879,0,4.82420276105404,6.66776292613058,3.49012390349774,6.66357715870054,0,0,0,0,0,0,0,0,0,0,7.16022353921618,21.9776446024577,0,0,0,0,0,0,0,0,0,0,0,0,0,0,0,0,0,0,0,0,0,0,0,0,0,5.19644727578034,4.14890726492611,11.3734397888184,5.17590170591807,11.0174136482752,6.37167722917759,0,0,3.88518342318141,0,24.6355314850807,0,0
0,0,0,0,0,0,0,0,0,0,0,0,0,0,0,0,0,0,0,0,0,0,0,0,0,0,0,0,0,0,0,7.15626865114485,4.82420276105404,0,3.66808767053039,6.93567668914795,0,4.12790854115131,3.15572279691696,0,0,0,0,0,0,0,0,4.61600245554513,0,0,0,0,0,0,0,0,0,0,0,0,0,0,0,0,0,0,0,0,0,0,0,0,0,0,11.9697799803335,0,4.31715593519076,5.33861010320603,7.03917524952534,0,6.81950076421102,19.1953926086426,4.62588158828749,3.37622302770615,0,0,0
0,0,0,0,0,0,0,0,0,0,0,0,0,0,0,0,0,0,0,0,0,0,0,0,0,0,0,0,0,0,0,0,6.66776292613058,3.66808767053039,0,24.8116865158081,5.56083823034249,4.02733532587687,5.10818111796058,0,0,0,0,0,0,0,0,4.2418648230307,5.57879992326101,9.44306755065918,0,0,0,0,0,0,0,0,0,0,0,0,0,0,0,0,0,0,0,0,0,0,0,0,0,7.31070048468454,4.66951479728077,4.43756965204891,0,6.63068028254342,5.79386715267016,7.73657054631871,4.48991954589693,0,0,0,0
62.8403816223145,56.9493064880371,0,0,0,25.5285596847534,0,0,0,0,0,5.30479102710198,0,0,0,0,96.2639944893973,100.109012256969,66.0526359207639,4.45229426290998,58.6289520263672,0,0,0,0,0,0,0,0,0,0,4.12648176416127,3.49012390349774,6.93567668914795,24.8116865158081,0,4.05123784271049,6.34966429082269,0,60.8507175834811,108.401770019531,52.2982748234072,53.7628331184387,47.7950721067541,0,30.8771386441801,45.0323613484701,7.28136154623593,43.8496918678284,27.1293914953868,0,27.5552406311035,0,0,0,0,0,31.3886822518848,0,0,0,0,9.9618947484342,107.541763305664,0,0,0,0,0,0,0,0,93.1356929779053,0,12.6852813493394,9.80975645610264,7.21030200170186,15.3881066640218,6.53260295061152,8.01260871665422,10.1031171920435,86.5949440002441,5.95739297966402,3.7288846101721,30.1150951375786,43.3587578364781,90.3567810058594
55.2397108406856,0,0,0,27.3247705965626,0,0,0,0,0,8.60354539462159,0,0,0,0,0,89.8132710340546,94.4117134094238,67.8202528005538,0,8.67769786378897,0,0,0,0,0,0,0,0,0,0,2.74231028556824,6.66357715870054,0,5.56083823034249,4.05123784271049,0,9.97656248850995,7.59208619454608,96.9859619140625,67.1628869836981,23.6292133331299,46.8655627504472,0,57.2477526231246,101.576385498047,40.011618271492,5.9464688345238,30.422635896882,12.2128887176514,28.349369430542,0,0,0,0,0,13.1830403638441,110.907539367676,0,0,0,0,108.844396591187,27.0549014452732,0,0,0,0,0,0,0,0,0,73.0322494506836,30.0020503997803,16.5243732475899,0,8.76506788886233,16.0925917946375,7.52068868565124,117.997459411621,10.1978079677324,6.90358272868384,6.85330260095867,42.2264188508966,0,42.5348370869954
0,0,0,0,0,0,0,0,0,10.7242077171803,0,5.22453222452522,0,0,0,0,0,0,66.4669935563031,11.0667895666993,0,4.78769198791036,3.6390897603262,3.73871021710553,0,0,0,2.99054412047068,0,4.28669598502834,0,0,0,4.12790854115131,4.02733532587687,6.34966429082269,9.97656248850995,0,3.44265593991717,51.1044692993164,0,68.2128925323486,0,51.5601902008057,0,36.2402440655616,0,5.66628072565834,0,6.15715229022698,0,0,0,0,0,10.6154958103832,0,9.90971355010634,0,0,0,0,13.7129163688033,0,8.65243843038317,3.22749469015333,3.8358721765312,0,0,0,11.7481302064762,0,4.97627229613017,0,0,0,4.45113480953102,6.35460937023163,10.0498187202719,25.3288969312395,6.1937053661853,3.96050919294357,5.65092117984621,6.17047049885704,33.9766903671564,0,0
46.5915641784668,0,0,0,0,0,0,0,6.27181553840637,0,7.67710993924039,0,0,0,0,0,95.42919921875,0,55.1931991577148,0,5.31172054007863,5.38724769429958,4.08973052106585,0,5.5599585036014,0,0,0,4.15724724531174,0,4.19128463485024,0,0,3.15572279691696,5.10818111796058,0,7.59208619454608,3.44265593991717,0,0,0,0,39.2756538391113,0,22.4844951629639,0,40.9171504974365,4.13439168735426,5.63151411623715,0,0,0,0,0,9.2587595928547,0,11.5807532286033,0,0,0,0,0,0,12.1602876707911,0,4.67592605914193,0,2.9633594751358,0,0,0,4.96076266190101,0,8.74251236477677,0,0,3.93208757400513,5.34406301246327,135.431213378906,10.78549781386,3.8307699571576,5.91811730114347,5.05524005514074,5.09971748949379,4.89749772806425,0,38.8052139282227
0,56.079158782959,0,41.0038750171661,105.706703186035,0,0,0,0,0,0,0,0,0,0,0,66.0241802215576,70.0396228790283,45.5508115162221,0,82.8045806884766,0,0,0,0,0,0,0,0,0,0,0,0,0,0,60.8507175834811,96.9859619140625,51.1044692993164,0,0,70.8188311258952,23.6378457511081,45.5206422805786,35.5062663555145,0,17.8229005541853,59.5716921488444,3.16585516929626,0,26.2291419212635,0,0,0,0,0,63.2623891830444,68.7278289794922,48.5113677130805,0,61.248743057251,0,57.1801045735677,5.83214001776436,71.5577863057454,0,0,0,0,0,0,0,0,45.5947872161865,0,0,0,0,0,13.9415929804711,77.6217460632324,34.752263990083,92.3885726928711,38.514551781036,0,15.8070496608389,41.8578642576169,0
27.8576011657715,0,0,0,44.2414213816325,0,0,0,58.6565408706665,0,37.822021484375,0,0,0,0,0,55.4538209477409,61.7721791760675,42.1765614850245,0,35.1814057765863,0,0,0,0,0,66.6884460449219,0,0,0,0,0,0,0,0,108.401770019531,67.1628869836981,0,0,70.8188311258952,0,55.8698410987854,19.448237629287,51.8194694519043,25.9032145573543,71.9383828299386,16.0696123770948,8.29704734858345,13.5276805497911,0,53.3214015960693,0,0,0,0,0,55.0948899586995,0,0,0,0,0,70.5872148367075,11.2102509449268,0,0,0,0,0,0,0,0,81.7415568033854,73.4587860107422,0,0,0,0,78.2444247291202,14.039978261084,84.9449657864041,37.7289851403531,44.7699623756134,60.5564524332682,18.9642952026747,73.7562408447266,32.2852653927273
0,16.2188255570152,0,28.8261854439451,0,46.6650619506836,0,0,37.3060417175293,42.626781463623,0,0,0,0,0,0,49.88451127445,46.338324938065,26.8873871511017,0,0,0,0,0,0,0,0,0,0,0,0,0,0,0,0,52.2982748234072,23.6292133331299,68.2128925323486,0,23.6378457511081,55.8698410987854,0,8.87590479466223,69.6295471191406,0,36.2018801371256,54.4138739449637,18.2446569866604,53.2530771891276,19.7741665382076,0,35.5810012817383,0,0,0,41.3595052865835,0,20.6710109689214,0,34.5470614433289,0,34.5421136220296,26.2743760387293,53.3683032989502,0,0,0,0,0,0,0,0,25.3074320882854,0,0,0,0,0,27.4159435774464,71.734003339495,33.0401221632957,72.193187713623,16.8608966891307,28.3951652526855,16.7771090657023,12.6663456394012,0
23.6474448933321,0,27.7313069053318,0,39.2131227765764,0,0,0,40.0421981811523,0,23.6683510144552,0,0,0,0,0,37.7576056560838,50.3541799692007,24.4250053736257,0,28.7815753936768,0,0,0,0,0,38.289057413737,0,0,0,26.3774127960205,0,0,0,0,53.7628331184387,46.8655627504472,0,39.2756538391113,45.5206422805786,19.448237629287,8.87590479466223,0,0,19.6568424105644,59.1814206441244,25.7178602495055,11.5591761596741,20.9503895772371,26.6201453208923,45.1197003451261,0,0,0,0,0,18.6170735553819,40.5606498718262,0,0,0,0,59.0781434377035,17.9032098777879,0,0,0,0,0,0,0,0,50.7660121917725,21.8808188438416,0,0,0,19.6293803453445,75.438268141313,28.7655196682357,92.6445719401042,36.9102225530715,20.2144937165488,0,12.323232971712,43.4348068237305,6.36808658468312
0,0,0,38.7799987792969,0,0,0,0,0,0,0,0,0,0,0,0,0,0,16.1514180633757,0,0,0,0,0,0,0,0,0,0,0,0,0,0,0,0,47.7950721067541,0,51.5601902008057,0,35.5062663555145,51.8194694519043,69.6295471191406,0,0,0,31.1640503406525,0,0,0,51.0045356750488,0,0,0,0,0,0,0,30.8046598434448,0,0,0,0,43.1050745010376,44.3796615600586,0,0,0,0,0,0,0,0,30.1991421381632,0,0,0,0,0,39.6751622808985,0,31.3645535093365,0,42.574492931366,0,18.9361983239651,0,0
0,0,0,0,0,0,0,0,21.1601314544678,0,22.9305458068848,0,0,0,26.4691143035889,0,31.2889750220559,49.0092887878418,22.975372351706,0,22.2425036430359,0,0,0,0,0,40.6858329772949,0,0,0,0,0,0,0,0,0,57.2477526231246,0,22.4844951629639,0,25.9032145573543,0,19.6568424105644,0,0,54.3135976791382,30.7988026936849,0,42.6177775065104,0,38.8374862670898,0,0,0,0,0,22.732581615448,0,0,0,26.7855110168457,0,62.2139167785645,18.7988812128703,0,0,0,0,0,0,0,0,0,0,0,0,0,0,92.4201965332031,34.7037095779028,0,34.9157976717562,29.6545781639387,37.6308670043945,16.1533340763401,0,20.5599365234375
72.4456253051758,0,0,0,0,0,0,0,0,0,0,0,0,0,0,0,64.4966100056966,60.893682161967,27.4736451801668,17.623514175415,0,0,0,0,0,0,0,0,0,0,0,0,0,0,0,30.8771386441801,101.576385498047,36.2402440655616,0,17.8229005541853,71.9383828299386,36.2018801371256,59.1814206441244,31.1640503406525,54.3135976791382,0,60.7956809997559,26.7789878845215,45.4555444717407,26.2248888242812,0,0,0,0,0,0,0,26.7440665562948,0,0,0,0,8.8351712247227,73.7186965942383,0,0,0,0,0,0,0,0,38.4508862495422,0,0,0,0,0,20.3851293487982,0,24.7886109743486,81.8613777160645,28.8609140486944,23.1819012959798,14.0972210024342,62.9596223831177,0
22.8357502222061,0,11.1863185167313,0,15.7821977878439,0,0,0,27.9163246154785,0,18.8729243278503,0,0,0,0,0,57.7318562098912,94.0919551849365,34.7589537862321,0,14.4840202331543,0,0,0,0,0,0,0,0,0,21.4477252960205,0,0,0,0,45.0323613484701,40.011618271492,0,40.9171504974365,59.5716921488444,16.0696123770948,54.4138739449637,25.7178602495055,0,30.7988026936849,60.7956809997559,0,32.1127047538757,34.8969230710907,48.6169714927673,19.0567811330159,0,0,0,0,0,18.5076863314654,96.0866012573242,0,0,0,0,70.2884315490723,12.2857726087376,0,0,0,0,0,0,0,0,0,26.4968662261963,0,0,0,0,72.4598325093587,22.0847071896306,78.9242146809896,33.0538358059558,36.9012858455987,0,16.5574217146428,0,21.9661454094781
36.5661926269531,0,41.7328453063965,36.0644989013672,41.806902885437,0,0,0,0,0,0,0,0,0,0,0,0,0,78.5399856567383,0,47.7942721048991,0,0,0,0,0,0,0,0,0,0,5.99387771559925,7.16022353921618,4.61600245554513,4.2418648230307,7.28136154623593,5.9464688345238,5.66628072565834,4.13439168735426,3.16585516929626,8.29704734858345,18.2446569866604,11.5591761596741,0,0,26.7789878845215,32.1127047538757,0,6.7730629474321,5.18740461149409,44.3792457580566,0,0,0,0,0,49.3372344970703,49.5618286132812,0,0,0,0,0,35.0158091045561,0,0,0,0,0,0,0,0,55.3390769958496,0,7.082818878098,6.76086147647662,4.33468141569999,5.06142211862513,7.15197734034589,5.36558209610669,4.68699591195405,5.75852928747678,6.86387460841689,0,11.5741962085005,0,27.9399894714355
5.46837995573878,0,5.32200176811218,28.8407936096191,43.1703343625929,0,0,0,8.19251953987848,36.2588310241699,55.009642967811,0,0,0,0,0,75.1167305537632,78.9589996337891,49.813804405323,0,47.5680743434973,0,6.48351435593473,0,5.7528492558387,0,3.15878756841024,0,0,0,44.2040939331055,0,21.9776446024577,0,5.57879992326101,43.8496918678284,30.422635896882,0,5.63151411623715,0,13.5276805497911,53.2530771891276,20.9503895772371,0,42.6177775065104,45.4555444717407,34.8969230710907,6.7730629474321,0,4.46272176045638,43.2414806072529,0,0,0,4.27571311863986,0,9.70493813477229,44.1236991882324,5.5104089419047,0,4.45660681724548,0,0,41.2869818515844,0,5.40878165211161,0,6.13279589362766,0,8.3387421485597,0,3.69045960903168,0,65.0430908203125,0,44.3002090454102,0,12.6906457450655,38.4130043983459,23.2167624032449,0,7.94260196656006,14.8519854390103,0,16.565043380459,0,34.0014901161194
0,5.84448953325098,0,15.1735444342097,0,37.1236763000488,0,0,0,0,0,0,0,0,0,0,0,79.9980964660645,36.8473461090572,0,0,5.83113373565674,0,0,0,0,0,0,0,0,0,0,0,0,9.44306755065918,27.1293914953868,12.2128887176514,6.15715229022698,0,26.2291419212635,0,19.7741665382076,26.6201453208923,51.0045356750488,0,26.2248888242812,48.6169714927673,5.18740461149409,4.46272176045638,0,43.4365272521973,0,0,0,0,32.8688565422507,0,11.9504298272024,0,5.68528383270449,0,7.35095350682235,26.6168025135994,40.7663593292236,6.00268876783906,0,3.00096383690834,0,4.49055310518314,0,4.22106085777283,0,16.4044696613097,0,4.75391685962677,0,4.28952968251574,12.7776170730591,21.6544993926432,17.2052206993103,9.12766747636945,0,17.4215464556319,0,15.6560568581445,23.8885522255531,0
0,0,6.07469935417175,0,3.12772941837708,0,3.60907087093446,0,0,0,0,0,0,0,0,0,0,62.1315269470215,0,0,27.0105266571045,0,0,0,0,0,0,0,0,0,0,0,0,0,0,0,28.349369430542,0,0,0,53.3214015960693,0,45.1197003451261,0,38.8374862670898,0,19.0567811330159,44.3792457580566,43.2414806072529,43.4365272521973,0,0,3.05120148329899,0,0,0,4.52149315926222,0,3.37553536060245,0,2.73869776725769,0,0,7.34895160280425,0,0,0,0,0,0,0,0,0,0,0,0,0,0,0,22.5047494927231,0,0,6.14646003463052,8.47872242927551,13.0267709155877,0,0
0,0,0,4.33432482569306,0,4.04880204660638,0,4.40473948857364,0,0,0,0,0,5.68153381347656,0,3.27025405565898,0,0,0,0,0,0,0,0,0,0,0,0,0,0,0,0,0,0,0,27.5552406311035,0,0,0,0,0,35.5810012817383,0,0,0,0,0,0,0,0,0,0,0,4.37908621656484,0,4.21672184552465,0,3.5968448664691,0,3.94456455177731,0,3.75004911422729,6.16979243975728,0,0,0,0,0,0,0,0,0,0,0,0,0,0,0,0,0,0,0,3.90407387054328,0,4.99246382713318,0,0
0,0,0,0,3.16474890708923,0,3.06093975840282,0,0,0,3.84314866293044,0,0,0,0,0,0,0,0,0,0,0,0,0,0,0,0,0,0,0,0,0,0,0,0,0,0,0,0,0,0,0,0,0,0,0,0,0,0,0,3.05120148329899,0,0,0,0,0,4.61696538925171,0,2.90495285987854,0,0,0,0,0,0,0,0,0,0,0,0,0,0,0,0,0,0,0,0,0,0,0,3.51459294885069,0,0,0,0
0,0,0,0,0,5.04870992419363,0,3.27043589963093,0,0,0,5.62937035767928,0,0,0,0,0,0,0,11.7918539047241,0,0,0,0,0,0,0,0,0,0,0,0,0,0,0,0,0,0,0,0,0,0,0,0,0,0,0,0,0,0,0,4.37908621656484,0,0,0,0,0,5.01220864797161,0,7.070651948452,0,0,8.7206537948061,0,0,0,0,0,0,0,0,0,0,0,0,0,0,0,0,0,0,0,4.11838660095677,0,6.72676038742065,0,0
6.97881153365162,0,4.19110038795987,0,5.686457417228,0,0,0,6.62173749313873,0,0,0,0,0,10.8302299380302,0,16.7661727758554,44.8966114044189,48.781078338623,0,0,0,19.2936906814575,0,11.5611665979508,0,18.1258236920392,0,0,0,0,0,0,0,0,0,0,0,9.2587595928547,0,0,0,0,0,0,0,0,0,4.27571311863986,0,0,0,0,0,0,0,0,0,0,0,4.62190225389269,0,0,0,0,0,0,9.82226187304447,0,4.84020805358887,0,0,0,0,0,0,0,0,0,0,0,10.684332321356,11.9972871956072,19.5197852452596,12.0312662124634,0,0
0,4.36554551815641,0,6.48704315478506,0,4.13051103143131,0,0,0,5.6141767011877,0,0,0,0,0,4.64321804046631,0,3.02181293169657,0,0,0,0,0,10.2291785275064,0,0,0,0,0,0,0,0,0,0,0,0,0,10.6154958103832,0,63.2623891830444,0,41.3595052865835,0,0,0,0,0,0,0,32.8688565422507,0,4.21672184552465,0,0,0,0,0,28.7438316345215,0,0,0,3.44684536995426,0,0,0,0,7.56219734672372,0,0,0,0,0,34.1563320159912,0,0,0,0,0,40.4996662139893,0,17.15216588974,0,10.6184037199781,0,20.4480896718574,0,0
10.8811812400818,0,8.79427532851696,0,13.9273657798767,0,3.19161384180188,0,0,0,5.19904542460976,0,0,0,2.95958483219147,0,52.664176940918,0,46.7285919189453,0,9.80911458164333,0,0,0,0,0,0,0,0,0,6.83463874305646,0,0,0,0,0,13.1830403638441,0,11.5807532286033,68.7278289794922,55.0948899586995,0,18.6170735553819,0,22.732581615448,0,18.5076863314654,49.3372344970703,9.70493813477229,0,4.52149315926222,0,4.61696538925171,0,0,0,0,0,4.62185585050068,0,5.41634048874845,0,0,10.4800800647376,0,0,0,0,0,0,0,5.1794365523518,0,6.03513072057345,0,0,0,0,97.2626647949219,50.3527591459213,0,9.1307414282992,5.77067817627699,0,12.2630906105042,0,17.4774718718095
0,0,0,10.1711382468541,0,7.54302043914795,0,5.70049177243458,0,30.1280288696289,0,6.39269985505242,0,5.37424254417419,0,0,65.9374980926514,66.8456182479858,36.1734995905558,5.52002508854598,0,0,0,0,0,0,0,0,0,14.8297672702716,0,0,0,0,0,31.3886822518848,110.907539367676,9.90971355010634,0,48.5113677130805,0,20.6710109689214,40.5606498718262,30.8046598434448,0,26.7440665562948,96.0866012573242,49.5618286132812,44.1236991882324,11.9504298272024,0,3.5968448664691,0,5.01220864797161,0,28.7438316345215,0,0,0,5.69445649930444,0,0,6.28797235505448,0,0,0,0,0,0,0,6.16014912421025,0,9.42012136604947,0,0,0,0,0,49.1265680491924,97.0778121948242,23.6135219952156,0,8.86555749536997,0,13.9702657601155,16.6059898029674,0
6.43252491950989,0,4.23849221467972,0,3.64358964333167,0,3.21995166369847,0,0,0,0,0,3.17697218862864,0,2.89840146473476,0,0,0,0,0,0,0,0,0,0,0,0,0,3.20884561538696,0,0,0,0,0,0,0,0,0,0,0,0,0,0,0,0,0,0,0,5.5104089419047,0,3.37553536060245,0,2.90495285987854,0,0,0,4.62185585050068,0,0,0,6.48350943101419,0,0,0,0,0,0,0,0,0,0,2.90254491567612,0,0,0,0,0,0,0,0,0,0,0,0,14.5717232745627,0,0
0,0,0,3.21649533823917,0,2.93799710273743,0,6.60012881509189,0,0,0,5.37343255515411,0,3.79401083601282,0,3.02328737576803,0,0,0,0,0,0,0,0,0,0,0,2.93692827224731,0,3.15770363807678,0,0,0,0,0,0,0,0,0,61.248743057251,0,34.5470614433289,0,0,0,0,0,0,0,5.68528383270449,0,3.94456455177731,0,7.070651948452,0,0,0,5.69445649930444,0,0,0,3.40769691467285,0,0,0,0,0,0,0,0,7.30593745410442,0,0,0,0,0,0,0,0,0,41.7593650817871,0,5.0936234819478,0,11.4832482814789,0,0
6.84273524717851,0,4.57448748179844,0,3.02992836634318,0,0,0,8.72449083328247,0,0,0,3.80927093029022,0,3.45709564893142,0,9.67330699055283,0,27.517199925014,0,0,0,0,0,0,0,6.23762861706994,0,3.8852827946345,0,0,0,0,0,0,0,0,0,0,0,0,0,0,0,26.7855110168457,0,0,0,4.45660681724548,0,2.73869776725769,0,0,0,4.62190225389269,0,5.41634048874845,0,6.48350943101419,0,0,0,0,0,0,0,0,0,0,4.92608457141452,0,3.80292472243309,0,0,0,0,0,0,0,0,0,0,9.14989813891324,8.87589626312256,15.5113713741302,0,0
0,3.35797158545918,0,5.10433428247548,0,0,0,0,0,3.83501736323039,0,0,0,2.98209408919017,0,3.07072677046566,0,0,65.5927543640137,0,0,0,0,4.84982913732529,0,3.57032096385956,0,0,0,0,0,0,0,0,0,0,0,0,0,57.1801045735677,0,34.5421136220296,0,0,0,0,0,0,0,7.35095350682235,0,3.75004911422729,0,0,0,3.44684536995426,0,0,0,3.40769691467285,0,0,0,0,0,0,0,0,4.65779513536498,0,0,0,0,0,0,0,0,0,56.9548835754395,0,61.8095045089722,0,7.04191865239825,0,13.6616445041838,0,0
0,0,0,20.2254583154406,0,6.3911817196088,0,10.2298653466361,0,0,0,7.22527302152388,0,0,0,0,74.7421166556222,70.9223124980927,40.9576635230966,6.78684043619564,0,0,0,0,0,0,0,0,0,0,0,0,0,0,0,9.9618947484342,108.844396591187,13.7129163688033,0,5.83214001776436,70.5872148367075,26.2743760387293,59.0781434377035,43.1050745010376,62.2139167785645,8.8351712247227,70.2884315490723,0,0,26.6168025135994,0,6.16979243975728,0,8.7206537948061,0,0,0,6.28797235505448,0,0,0,0,0,76.3367910385132,0,0,0,0,0,0,0,0,15.1036371043471,0,0,0,0,0,13.1693445807154,96.9140561421712,15.1703174691778,99.1884117126465,25.6995957358448,0,12.0272521010632,43.3697280883789,0
24.2122503916423,0,23.1395748138428,0,7.76563047028922,0,0,0,0,0,9.57289879638234,0,0,0,0,0,53.1496755665746,74.6665664672852,43.4014635269458,0,7.29701020343897,0,0,0,0,0,0,0,0,0,16.7978374817792,0,0,0,0,107.541763305664,27.0549014452732,0,12.1602876707911,71.5577863057454,11.2102509449268,53.3683032989502,17.9032098777879,44.3796615600586,18.7988812128703,73.7186965942383,12.2857726087376,35.0158091045561,41.2869818515844,40.7663593292236,7.34895160280425,0,0,0,0,0,10.4800800647376,0,0,0,0,0,76.3367910385132,0,0,0,0,0,0,0,0,23.0476388931274,115.665267944336,22.7824351744218,0,0,0,0,76.8695953369141,14.2446599253377,92.4843215942383,14.5231756138879,15.5540948504819,0,14.4530194426386,0,11.2966748494951
0,0,0,0,0,0,0,0,0,0,0,0,0,0,0,0,0,3.07370114326477,0,0,0,5.30082173007771,6.82700843470437,7.41168466268801,0,5.0787376335689,0,3.74530781110128,0,0,0,0,0,0,0,0,0,8.65243843038317,0,0,0,0,0,0,0,0,0,0,0,6.00268876783906,0,0,0,0,0,0,0,0,0,0,0,0,0,0,0,0,6.11520286838404,0,4.51746567603081,0,4.74575406984544,0,0,0,0,0,0,0,0,0,9.19765980937222,0,7.13180180609008,5.07157410708341,0,0,0
0,0,0,0,0,0,0,0,0,0,0,0,0,0,0,0,0,0,0,0,0,3.39091170461554,4.94242646194779,0,3.25920281807582,0,4.48267138004303,0,4.16216528800226,0,0,0,0,0,0,0,0,3.22749469015333,4.67592605914193,0,0,0,0,0,0,0,0,0,5.40878165211161,0,0,0,0,0,0,0,0,0,0,0,0,0,0,0,0,0,0,4.04476732760668,0,5.3588326772054,0,3.15200547657567,0,0,0,0,0,0,0,0,0,4.73042862716272,5.12778395811717,6.53225188936506,0,0,0
0,0,0,0,0,0,0,0,0,4.58308870184655,0,0,0,0,0,0,0,4.6019232310946,0,0,0,7.71140787540338,0,4.04744451866974,0,4.4698361230619,0,0,0,0,0,0,0,0,0,0,0,3.8358721765312,0,0,0,0,0,0,0,0,0,0,0,3.00096383690834,0,0,0,0,0,7.56219734672372,0,0,0,0,0,0,0,0,6.11520286838404,0,0,0,3.98212775230408,0,6.20022892951965,0,0,0,0,0,0,0,0,0,5.22384293874105,0,3.31702348957323,0,0,0,0
0,0,0,0,0,0,0,0,15.1023720961351,0,0,0,0,0,0,0,11.9071093097566,0,39.6300163269043,0,0,0,9.69160747528076,0,4.50019980221987,0,5.17949949559711,0,0,0,0,0,0,0,0,0,0,0,2.9633594751358,0,0,0,0,0,0,0,0,0,6.13279589362766,0,0,0,0,0,9.82226187304447,0,0,0,0,0,0,0,0,0,0,4.04476732760668,0,0,0,6.57429904937744,0,0,0,0,0,0,0,0,0,0,0,3.21094584465027,9.25537565716526,0,3.22492122650146,0,0
0,0,0,0,0,0,0,0,0,0,0,0,0,0,0,0,0,0,0,0,0,4.26188223289721,0,3.52104657156426,0,4.11423029247512,0,4.93495166301727,0,0,0,0,0,0,0,0,0,0,0,0,0,0,0,0,0,0,0,0,0,4.49055310518314,0,0,0,0,0,0,0,0,0,0,0,4.65779513536498,0,0,4.51746567603081,0,3.98212775230408,0,0,0,4.94711308259713,0,0,0,0,0,0,0,0,0,0,0,0,0,0,0,0
0,0,0,0,0,0,0,0,18.4170469870934,0,0,0,0,0,4.80309532369886,0,9.32206243918492,0,30.5813229878743,0,0,0,10.7871913909912,0,3.71241132418315,0,4.33912708282471,0,4.5937028725942,0,0,0,0,0,0,0,0,0,0,0,0,0,0,0,0,0,0,0,8.3387421485597,0,0,0,0,0,4.84020805358887,0,0,0,0,0,4.92608457141452,0,0,0,0,5.3588326772054,0,6.57429904937744,0,0,0,3.94323699814933,0,0,0,0,0,0,0,0,0,0,10.0360648661484,18.1556545257568,0,0,0
0,0,0,0,0,0,0,0,0,0,0,4.50401288416328,0,2.94538848996162,0,0,0,0,0,0,0,3.59124680665823,0,0,0,7.98601651191711,0,4.59674414995079,0,5.64139898671133,0,0,0,0,0,0,0,11.7481302064762,0,0,0,0,0,0,0,0,0,0,0,4.22106085777283,0,0,0,0,0,0,0,6.16014912421025,0,7.30593745410442,0,0,0,0,4.74575406984544,0,6.20022892951965,0,4.94711308259713,0,0,0,4.97392751517119,0,0,0,0,0,0,0,7.58194236895617,0,7.20727794510978,3.6957855048003,0,0,0
0,0,0,0,0,0,0,0,0,0,13.4816026687622,0,0,0,2.80117789904277,0,2.95918774604797,0,0,0,22.405837059021,0,3.0991244997297,0,0,0,3.15127446651459,0,3.77916892951807,0,0,0,0,0,0,0,0,0,4.96076266190101,0,0,0,0,0,0,0,0,0,3.69045960903168,0,0,0,0,0,0,0,5.1794365523518,0,2.90254491567612,0,3.80292472243309,0,0,23.0476388931274,0,3.15200547657567,0,0,0,3.94323699814933,0,0,0,3.38735228776932,0,0,0,0,0,0,0,3.50411995928338,3.6586979230245,0,0,0,0
0,0,0,28.5448127322727,0,0,0,0,0,0,0,13.2004931729014,0,0,0,0,77.7587776184082,65.2298574447632,34.5651750598274,0,0,0,0,0,0,0,0,5.63062515566426,0,6.3061812024492,0,0,0,0,0,93.1356929779053,0,4.97627229613017,0,45.5947872161865,81.7415568033854,25.3074320882854,50.7660121917725,30.1991421381632,0,38.4508862495422,0,55.3390769958496,0,16.4044696613097,0,0,0,0,0,34.1563320159912,0,9.42012136604947,0,0,0,0,15.1036371043471,115.665267944336,0,0,0,0,0,0,4.97392751517119,0,0,0,0,0,0,0,54.4031396938276,0,9.22514502818768,0,27.4864901549427,0,19.4821162541215,20.8761639344065,0
0,0,0,0,0,0,0,0,0,0,8.48181926847218,0,0,0,0,0,0,0,0,0,17.9479830524709,0,0,0,0,0,0,0,0,0,6.81754151843783,0,0,0,0,0,73.0322494506836,0,8.74251236477677,0,73.4587860107422,0,21.8808188438416,0,0,0,26.4968662261963,0,65.0430908203125,0,0,0,0,0,0,0,6.03513072057345,0,0,0,0,0,0,22.7824351744218,0,0,0,0,0,0,0,3.38735228776932,0,0,0,0,0,0,0,44.085277557373,0,6.55731564183389,8.93751823648493,0,27.2570064544678,0,0
0,0,0,0,0,0,0,0,0,0,0,0,0,0,0,0,0,0,0,0,0,0,0,0,0,0,0,0,0,0,0,4.49189316003246,5.19644727578034,11.9697799803335,0,12.6852813493394,30.0020503997803,0,0,0,0,0,0,0,0,0,0,7.082818878098,0,4.75391685962677,0,0,0,0,0,0,0,0,0,0,0,0,0,0,0,0,0,0,0,0,0,0,0,0,0,10.0920831680298,9.36893970052773,0,9.39391661081616,0,0,0,5.39244772970062,0,28.2978954315186,0,0
0,0,0,0,0,0,0,0,0,0,0,0,0,0,0,0,0,0,0,0,0,0,0,0,0,0,0,0,0,0,0,6.27409999789172,4.14890726492611,0,7.31070048468454,9.80975645610264,16.5243732475899,0,0,0,0,0,0,0,0,0,0,6.76086147647662,44.3002090454102,0,0,0,0,0,0,0,0,0,0,0,0,0,0,0,0,0,0,0,0,0,0,0,0,0,10.0920831680298,0,0,4.99163533734881,13.4179770047547,16.3286798275434,0,0,4.72875388961991,0,26.5272004183601,0,0
0,0,0,0,0,0,0,0,0,0,0,0,0,0,0,0,0,0,0,0,0,0,0,0,0,0,0,0,0,0,0,3.67167688299108,11.3734397888184,4.31715593519076,4.66951479728077,7.21030200170186,0,4.45113480953102,3.93208757400513,0,0,0,0,0,0,0,0,4.33468141569999,0,4.28952968251574,0,0,0,0,0,0,0,0,0,0,0,0,0,0,0,0,0,0,0,0,0,0,0,0,9.36893970052773,0,0,8.47132641928537,5.75687964486353,0,4.66326553018197,0,3.84563914893402,6.0729769759708,0,0,0
40.5037078857422,0,0,0,0,0,0,0,0,0,0,0,0,0,0,0,0,0,63.2282257080078,0,0,0,0,0,0,0,0,0,0,0,0,0,5.17590170591807,5.33861010320603,4.43756965204891,15.3881066640218,8.76506788886233,6.35460937023163,5.34406301246327,0,0,0,19.6293803453445,0,0,0,0,5.06142211862513,12.6906457450655,12.7776170730591,0,0,0,0,0,0,0,0,0,0,0,0,0,0,0,0,0,0,0,0,0,0,0,0,0,4.99163533734881,8.47132641928537,0,0,6.71710282286674,0,6.35123432175866,5.7845319003687,0,12.7989904452593,0,0
0,40.9059513636998,0,36.2934249531139,0,15.9427007039388,0,0,0,0,0,8.33224214153525,0,0,0,0,84.3190071469262,72.9800396409146,44.4501612815592,5.50581835093123,0,0,0,0,0,0,0,0,0,0,0,5.07738664294734,11.0174136482752,7.03917524952534,0,6.53260295061152,16.0925917946375,10.0498187202719,135.431213378906,13.9415929804711,78.2444247291202,27.4159435774464,75.438268141313,39.6751622808985,92.4201965332031,20.3851293487982,72.4598325093587,7.15197734034589,38.4130043983459,21.6544993926432,0,0,0,0,0,40.4996662139893,97.2626647949219,49.1265680491924,0,0,0,56.9548835754395,13.1693445807154,76.8695953369141,0,0,0,0,0,0,0,0,54.4031396938276,0,9.39391661081616,13.4179770047547,5.75687964486353,0,0,97.8676971253895,13.8439413935404,85.185115814209,11.995295576142,4.87333990208354,26.0630401826241,37.6070574884829,122.317565917969
