0,0,0.221034490037709,0,0.193586056431135,0,0,0,0.281138688269915,0,0,0,0,0,0.233071757060987,0,0.397556723405917,0.33136397600174,0.430270325973493,0,0.512221259506125,0,0,0,0.436940201821218,0,0,0,0,0,0,0,0,0,0,0,0.447128329139489,0,0.507539530213063,0,0.492844372987747,0,0.374841873775478,0,0.360263168811798,0.347920000553131,0.403516178950667,0,0.371019959283142,0,0.201768264174461,0,0,0,0.196313533125814,0,0.366459019482136,0,0.334943492304195,0,0.266943347032741,0,0.273182153701782,0.436249421401457,0,0,0,0.276889884471893,0,0.337165728211403,0,0.373304200799842,0,0.425555609166622,0,0,0,0,0.421706467866898,0.460740921752793,0,0.529008698360673,0.31943408337105,0.268019258975983,0.396555641982443,0,0.481708139181137
0,0,0,0.224461669117964,0,0,0,0,0,0.19683524893195,0,0,0,0,0,0,0,0.447172352671623,0.413620446478167,0,0,0,0,0.243953361243441,0,0,0,0,0,0,0,0,0,0,0,0.430727771976415,0,0.341004038049329,0,0.451922438857032,0,0.369403787811471,0,0.524499459700151,0,0.400520534703025,0,0.436669141054153,0,0.352797821164131,0,0.295908212661743,0,0,0,0.16952008699276,0,0.419091346103754,0,0.391295805573463,0,0.178982813509158,0.468419167399406,0,0,0,0.20641048681938,0,0,0,0,0,0.453798426522149,0,0,0,0,0,0.440535121655042,0,0.5416221725444,0,0.303167961945795,0.308168356617292,0.362166003459636,0.41110834479332,0
0.221034490037709,0,0,0,0.187780125510125,0,0.184709921479225,0,0.210583901094211,0,0,0,0,0,0.178509742021561,0,0,0,0.328895112642875,0,0.300373978339709,0,0,0,0,0,0,0,0,0,0,0,0,0,0,0,0.267294417135417,0,0.343401770506586,0.340636074542999,0.31897463897864,0,0.290556070634297,0,0,0,0.255620171626409,0,0.296530964655605,0,0.236880625919862,0,0,0,0.183108960848246,0,0.282590426663135,0,0.277497751747861,0,0.252190553479724,0,0,0.298148130286824,0,0,0,0,0,0,0,0.333574967349277,0,0.372151386737823,0,0,0,0,0,0.285853304542028,0,0.370283101286207,0.274084237153812,0.248132079839706,0.26505957580131,0,0
0,0.224461669117964,0,0,0,0.22954229775228,0,0,0,0.258213092684746,0,0,0,0,0,0,0,0,0.29039444801984,0.22236097852389,0,0,0,0.310053130984306,0,0,0,0,0,0,0,0,0,0,0,0.327201376740749,0,0.315363484952185,0,0.28568308023007,0,0.317187304680164,0.253778408874165,0.360887694358826,0.253793403506279,0.272047774892458,0.279487533228738,0,0.26387709485633,0.284934361909961,0,0.237375279899446,0,0,0,0.294158645802074,0,0.329333816746286,0,0.293445467143445,0,0.276282574068632,0.264478219548861,0.320402354001999,0,0,0.317944486935933,0,0,0,0,0.286682486534119,0.353145530819893,0,0,0,0,0,0.323013500510892,0.301294524754797,0.400071648756663,0,0.299575147272527,0.277788672596216,0.28056728072588,0.283258065581322,0.262457894782225
0.193586056431135,0,0.187780125510125,0,0,0,0.239485885415758,0,0.202044293013486,0,0,0,0.220819025167397,0,0.103322656825185,0,0,0,0,0,0.20537555128336,0,0,0,0,0,0,0,0,0,0,0,0,0,0,0,0.202470025420189,0,0,0,0,0,0.247325739264488,0,0,0,0.213612720370293,0.222435340285301,0.21534489095211,0,0.206811227428892,0,0.199039629101753,0,0.183307349681854,0,0.271017043636395,0,0.230271439467158,0,0.202311038970947,0,0,0,0,0,0,0,0,0,0,0,0,0,0,0,0,0,0,0.223950053254763,0,0.282410929600398,0.186650586340681,0.203119397163391,0.214639565907419,0,0
0,0,0,0.22954229775228,0,0,0,0.141796566545963,0,0.205004243640339,0,0.310133869449298,0,0.153171896934509,0,0.192948922514915,0,0,0,0.232914010269774,0,0,0,0,0,0,0,0,0,0,0,0,0,0,0,0.243944885475295,0,0,0,0,0,0,0,0,0,0.258334845304489,0,0,0.239089787006378,0.175450250506401,0,0.231219619322128,0,0.213432210087776,0,0,0,0.320262484644589,0,0.145630478858948,0,0.181219565549067,0.235097392442379,0,0,0,0,0,0,0,0,0,0,0,0,0,0,0,0.263256648960321,0,0,0,0.193561561586179,0.179435606513705,0.246596298819663,0,0
0,0,0.184709921479225,0,0.239485885415758,0,0,0,0,0,0.22395672755582,0,0,0,0,0,0,0,0,0,0.189676357941194,0,0,0,0,0,0,0,0,0,0,0,0,0,0,0,0.215248894691467,0,0,0,0,0,0,0,0,0,0,0,0,0,0.24233803263417,0,0.199019489552078,0,0,0,0.224961809620095,0,0.163003218670686,0,0,0,0,0,0,0,0,0,0,0,0,0,0,0,0,0,0,0,0,0,0,0,0.169271739274263,0,0,0,0
0,0,0,0,0,0.141796566545963,0,0,0,0,0,0,0,0,0,0,0,0,0,0,0,0,0,0,0,0,0,0,0,0,0,0,0,0,0,0,0,0,0,0,0,0,0,0,0,0,0,0,0,0,0,0.173450195069971,0,0.205021971223517,0,0,0,0.225624769248746,0,0.218965413108949,0,0,0.236451062063376,0,0,0,0,0,0,0,0,0,0,0,0,0,0,0,0,0,0,0,0.173856775042338,0,0.252780298391978,0,0
0.281138688269915,0,0.210583901094211,0,0.202044293013486,0,0,0,0,0,0,0,0,0,0.239785621265045,0,0.18640581199101,0,0.45170733332634,0,0.232118842857225,0,0,0,0.257854855433106,0,0.318216015895208,0,0,0,0,0,0,0,0,0,0.234877182245255,0,0.419217556715012,0,0.470730558037758,0,0.223738779795581,0,0,0,0.382024811580777,0.223564326763153,0.342856939396133,0,0.208180031914642,0,0,0,0.253981749091496,0,0.289316644668579,0,0.305316870411237,0,0.221708994284272,0,0,0.379670798778534,0,0,0,0,0,0.172020946036686,0,0.364783996343613,0,0.384219318628311,0,0,0,0,0,0.372896583641277,0,0.465158951282501,0.238613297711935,0.214283332610742,0.281281450495385,0,0
0,0.19683524893195,0,0.258213092684746,0,0.205004243640339,0,0,0,0,0,0,0,0,0,0.200077576321423,0,0.159761942923069,0,0,0,0,0,0.245894071167591,0,0.235262338862275,0,0,0,0,0,0,0,0,0,0,0,0.218291039268176,0,0,0,0.226059910299173,0,0,0,0,0,0,0,0.311740151792765,0,0.228876752389032,0,0,0,0.258860461182345,0,0.35528978066785,0,0,0,0.19069923729193,0,0,0,0,0.160985936721166,0,0.222438136736552,0,0,0,0.323868200182915,0,0,0,0,0,0,0,0.243122927844524,0,0.213388785449061,0.194019234255899,0.265752954781055,0,0
0,0,0,0,0,0,0.22395672755582,0,0,0,0,0,0.238596408568481,0,0,0,0,0,0,0,0.156158117009961,0,0,0,0,0,0,0,0.231586629047728,0,0.194958002115629,0,0,0,0,0,0.173161868801278,0,0.161227088782095,0,0,0,0.4225073158741,0,0,0,0,0,0,0,0,0,0,0,0,0,0.189516569314114,0,0.212275405433886,0,0,0,0,0.191575549046199,0,0,0,0,0,0,0,0.268926565268243,0,0.183744743466377,0,0,0,0,0,0.233397081494331,0,0,0.177528515566716,0,0.130796082317829,0,0
0,0,0,0,0,0.310133869449298,0,0,0,0,0,0,0,0.141013074616591,0,0,0,0,0.468255370855331,0.14186806038022,0,0,0,0,0,0,0,0.14172917833695,0,0.146933448715852,0,0,0,0,0,0.162577868626994,0,0.182884632569292,0,0,0,0,0,0,0,0.249732084964451,0,0,0,0,0,0.315058164298534,0,0.213090054690838,0,0,0,0.236550753531802,0,0.16908387454637,0,0,0.204685219956769,0,0,0,0,0,0,0,0,0,0.230364578260985,0,0,0,0,0,0.193108617833682,0,0,0,0.160468275836437,0,0.204030636894075,0,0
0,0,0,0,0.220819025167397,0,0,0,0,0,0.238596408568481,0,0,0,0.204443545626669,0,0,0,0,0,0.335503607988358,0,0,0,0,0,0.243734497503907,0,0.228191517102413,0,0,0,0,0,0,0,0,0,0,0,0,0,0,0,0,0,0,0,0,0,0.219463333487511,0,0,0,0,0,0.332158433539527,0,0.251691320735211,0,0.223260155982441,0,0,0,0,0,0,0,0,0.271248906850815,0,0.216523264721036,0,0,0,0,0,0,0,0,0,0,0.241787167898131,0.176645560562611,0.316387495824269,0,0
0,0,0,0,0,0.153171896934509,0,0,0,0,0,0.141013074616591,0,0,0,0.225854815453736,0,0,0,0,0,0,0,0,0,0,0,0.155836934393102,0,0,0,0,0,0,0,0,0,0,0,0,0,0,0,0,0,0,0,0,0,0.319951750338078,0,0.164053779095411,0,0,0,0,0,0.175958399539408,0,0.239800092851455,0,0.156599251997534,0,0,0,0,0,0,0.349536180496216,0,0.341474890708923,0,0,0,0,0,0,0,0,0,0,0,0.161924769636244,0.342486798763275,0,0,0
0.233071757060987,0,0.178509742021561,0,0.103322656825185,0,0,0,0.239785621265045,0,0,0,0.204443545626669,0,0,0,0.242508918046951,0,0,0,0,0,0,0,0.29423556404729,0,0.262311516731393,0,0,0,0,0,0,0,0,0,0,0,0,0,0,0,0.325459128425967,0,0,0,0,0,0.246148534119129,0,0.203189899715093,0,0,0,0.196680287283564,0,0,0,0.258193450172742,0,0.231707941506101,0,0,0,0,0,0,0,0,0.256452466878626,0,0.315953224897385,0,0,0,0,0,0,0,0,0,0,0.177351291018891,0.188291961496527,0.336453608564428,0,0
0,0,0,0,0,0.192948922514915,0,0,0,0.200077576321423,0,0,0,0.225854815453736,0,0,0,0.186597254541185,0,0,0,0,0,0.25163431252752,0,0.22698613256216,0,0,0,0,0,0,0,0,0,0,0,0,0,0,0,0,0,0,0,0,0,0,0,0.311416257511486,0,0.183640617590684,0,0,0,0.266775699297212,0,0.310321465134621,0,0.297378696501255,0,0.206201184802034,0,0,0,0,0,0,0.155733339488506,0,0,0,0,0,0,0,0,0,0,0,0,0,0.145320077808421,0,0,0,0
0.397556723405917,0,0,0,0,0,0,0,0.18640581199101,0,0,0,0,0,0.242508918046951,0,0,0.166404888745551,0.297124267033301,0,0.426903047731944,0,0.192545362255753,0.155062854290009,0.176341730356216,0,0.172161050437694,0,0,0,0,0,0,0,0,0.347195019324621,0.399414275373731,0,0.399508553743362,0.355901683752353,0.412038090901497,0.298149207873004,0.318428490761739,0.312670338898897,0.351050223906835,0.344314662739635,0.390084149705809,0,0.351197220385075,0.362366788089275,0,0,0,0,0,0,0.34459325671196,0.321976199746132,0,0,0,0,0.323799900710583,0.359178109866817,0,0.205385628545169,0,0,0,0.17456386052072,0,0.341764479875565,0,0.344974954922994,0,0,0,0,0.344209512366968,0.401049424025972,0.381576220194499,0.437297425270081,0.208541555137982,0.147871447815228,0.394925409964487,0.293375584814284,0.333488552313712
0.33136397600174,0.447172352671623,0,0,0,0,0,0,0,0.159761942923069,0,0,0,0,0,0.186597254541185,0.166404888745551,0,0.296811432282919,0,0,0.159885511820694,0,0.160167259722948,0,0.171407060257413,0,0,0,0,0,0,0,0,0,0.363502882421017,0.384135186672211,0,0,0.333517160956506,0.327188476920128,0.292573963778878,0.285364942891257,0.308473858982325,0.30812486840619,0.333763115900628,0.34388194339616,0,0,0.34038026192609,0,0,0,0,0,0.163315836340189,0,0.32647567987442,0,0,0,0.195911188017238,0.341242839892705,0.343729619917117,0.162706284069045,0,0.17612353915518,0,0.162926098754426,0,0,0,0.351635068655014,0,0,0,0,0,0.354337434335188,0.356412101536989,0.372440068051219,0.356946298054286,0.198154009675649,0.149025653129163,0.342005847752849,0.295911276035688,0.297650889555613
0.430270325973493,0.413620446478167,0.328895112642875,0.29039444801984,0,0,0,0,0.45170733332634,0,0,0.468255370855331,0,0,0,0,0.297124267033301,0.296811432282919,0,0.470932126045227,0.427182680223046,0,0,0.215948298573494,0,0,0,0,0,0,0,0,0,0,0,0.387624110013371,0.391564497797508,0.398771629883693,0.431353988250097,0.363293484829075,0.363999622862173,0.25910330497715,0.281591495978545,0.319674993459123,0.31658192659653,0.392237915452254,0.407849786574623,0.355839252471924,0.393096947244235,0.362798401862708,0,0.238114282488823,0,0,0,0,0.365381988386313,0.345093341362782,0.281098894774914,0,0.284335166215897,0,0.354812452519262,0.366206183507875,0,0,0.303227990865707,0,0,0,0,0.429042413830757,0.316317401161151,0.409871775995601,0,0,0,0,0.382022384432859,0.381767798385851,0.445665929609766,0.461103182958171,0.267507515953389,0.255661001039106,0.386662201635492,0.265847209267891,0.293069501704745
0,0,0,0.22236097852389,0,0.232914010269774,0,0,0,0,0,0.14186806038022,0,0,0,0,0,0,0.470932126045227,0,0,0,0,0,0,0,0,0,0,0,0,0,0,0,0,0.192912034259528,0,0.276376588305212,0,0,0,0.263942191998164,0,0,0,0.278927833374058,0,0,0.221238390853008,0.239653058350086,0,0.259770898138665,0,0.179494855925441,0,0,0,0.214948662703142,0,0.346372336149216,0,0,0.199177876663316,0,0,0,0,0,0,0,0,0,0,0,0,0,0,0,0.253496816153733,0.27936115860939,0.307554066181183,0,0.187435217044525,0,0.286268295399074,0,0
0.512221259506125,0,0.300373978339709,0,0.20537555128336,0,0.189676357941194,0,0.232118842857225,0,0.156158117009961,0,0.335503607988358,0,0,0,0.426903047731944,0,0.427182680223046,0,0,0,0,0,0,0,0,0,0,0,0,0,0,0,0,0,0.227715860366718,0,0.212274498347216,0,0.311969768255949,0.264583230018616,0.43350014090538,0.307961940765381,0.563370123505592,0,0.362019532901348,0,0.326810851693153,0,0.209839672726743,0,0,0,0.172455608844757,0,0.207726423142306,0,0.338974404335022,0,0.301644999533892,0,0,0.257367422578313,0,0,0,0,0,0,0,0.320146694779396,0,0.323300048257365,0,0,0,0,0,0.277708567659407,0,0.282229681053887,0.19052987618722,0,0.346308326131695,0,0.527140185236931
0,0,0,0,0,0,0,0,0,0,0,0,0,0,0,0,0,0.159885511820694,0,0,0,0,0.106440400970834,0.184589987669545,0,0.208496915958661,0,0.193638098163482,0,0,0,0,0,0,0,0,0,0.322024596397912,0.131363877095282,0,0,0,0,0,0,0,0,0,0,0.234141914617448,0,0,0,0,0,0,0,0,0,0,0,0,0,0,0.210503007061022,0,0.182990192839343,0,0.253287119790912,0,0.208323983848095,0,0,0,0,0,0,0,0,0,0.313122413263021,0.134678661823273,0.149929971757366,0.119700801425747,0.32738763931369,0,0
0,0,0,0,0,0,0,0,0,0,0,0,0,0,0,0,0.192545362255753,0,0,0,0,0.106440400970834,0,0,0.279889650088041,0,0.233483107473988,0,0.190669695945668,0,0,0,0,0,0,0,0,0,0.3480662706586,0,0,0,0,0,0,0,0,0,0.349296478319366,0,0,0,0,0,0,0,0,0,0,0,0.262959599494934,0,0,0,0,0.22899726559457,0,0.25632383307101,0,0.233691398540269,0,0.359950750286496,0,0,0,0,0,0,0,0,0,0.270727288688168,0.152475182139642,0.131273023345891,0,0,0
0,0.243953361243441,0,0.310053130984306,0,0,0,0,0,0.245894071167591,0,0,0,0,0,0.25163431252752,0.155062854290009,0.160167259722948,0.215948298573494,0,0,0.184589987669545,0,0,0,0.238732701075859,0,0,0,0,0,0,0,0,0,0,0,0.195065426711853,0,0.351083546876907,0,0.200582228027857,0,0,0,0.3191879093647,0,0,0,0.331527324020863,0,0,0,0,0,0.298444988440349,0,0,0,0,0,0.256716607759396,0,0,0.145489109172062,0,0.264785731807933,0,0.272932844247647,0,0,0,0,0,0,0,0,0,0,0,0.276690059498455,0,0.170586396616941,0,0.346359377106031,0,0
0.436940201821218,0,0,0,0,0,0,0,0.257854855433106,0,0,0,0,0,0.29423556404729,0,0.176341730356216,0,0,0,0,0,0.279889650088041,0,0,0,0.267772930440768,0,0,0,0,0,0,0,0,0,0,0,0.272523950712985,0,0,0,0.379620224237442,0,0,0,0,0,0.330092594027519,0,0,0,0,0,0.250519276028726,0,0,0,0,0,0.243673395993949,0,0,0,0,0,0,0.253915916773535,0,0.282506035408005,0,0,0,0,0,0,0,0,0,0,0,0.282148426664727,0.175033752943656,0,0.198678594467969,0,0
0,0,0,0,0,0,0,0,0,0.235262338862275,0,0,0,0,0,0.22698613256216,0,0.171407060257413,0,0,0,0.208496915958661,0,0.238732701075859,0,0,0,0.226143596837154,0,0,0,0,0,0,0,0,0,0,0,0,0,0,0,0,0,0,0,0,0,0,0,0,0,0,0,0.279532167616241,0,0,0,0,0,0.231994534080679,0,0,0,0,0.304703272201798,0,0.250966288791752,0,0.238098055516419,0,0,0,0,0,0,0,0,0,0,0,0.169983589123277,0,0,0,0
0,0,0,0,0,0,0,0,0.318216015895208,0,0,0,0.243734497503907,0,0.262311516731393,0,0.172161050437694,0,0,0,0,0,0.233483107473988,0,0.267772930440768,0,0,0,0.247590463941119,0,0,0,0,0,0,0,0,0,0,0,0,0,0,0,0,0,0,0,0,0,0,0,0,0,0,0,0,0,0.251236289739609,0,0.270415828916533,0,0,0,0,0.303430736064911,0,0,0,0.232011330924628,0,0.272560054765028,0,0,0,0,0,0,0,0,0,0,0.155177577391384,0,0,0,0
0,0,0,0,0,0,0,0,0,0,0,0.14172917833695,0,0.155836934393102,0,0,0,0,0,0,0,0.193638098163482,0,0,0,0.226143596837154,0,0,0,0.175712860882135,0,0,0,0,0,0,0,0.234649075269699,0,0,0,0,0,0,0,0,0,0,0,0,0,0,0,0,0,0,0,0,0,0.215969641562377,0,0,0,0,0.253016052222011,0,0,0,0.264013784569363,0,0.215238181606436,0,0.189021496143606,0,0,0,0,0,0,0,0.224949881434441,0,0.165670675890786,0,0,0,0
0,0,0,0,0,0,0,0,0,0,0.231586629047728,0,0.228191517102413,0,0,0,0,0,0,0,0,0,0.190669695945668,0,0,0,0.247590463941119,0,0,0,0.249339595971963,0,0,0,0,0,0,0,0.199462903771743,0,0,0,0,0,0,0,0,0,0,0,0,0,0,0,0,0,0.266786679625511,0,0.235403630638791,0,0,0,0,0,0,0.200056146078867,0,0,0,0.285746401006525,0,0.231504230191633,0,0.24094259826576,0,0,0,0,0,0,0,0.215191519031158,0.200228453989615,0.177328087781605,0,0,0
0,0,0,0,0,0,0,0,0,0,0,0.146933448715852,0,0,0,0,0,0,0,0,0,0,0,0,0,0,0,0.175712860882135,0,0,0,0,0,0,0,0,0,0.178853426177006,0,0,0,0,0,0,0,0,0,0,0,0,0,0,0,0,0,0,0,0.146716579794884,0,0,0,0,0,0,0,0,0,0,0,0,0.199429684502636,0,0.200606355272505,0,0,0,0,0,0,0,0.216851831192062,0,0.160049610771239,0,0,0,0
0,0,0,0,0,0,0,0,0,0,0.194958002115629,0,0,0,0,0,0,0,0,0,0,0,0,0,0,0,0,0,0.249339595971963,0,0,0,0,0,0,0,0,0,0.231902446718585,0,0,0,0,0,0,0,0,0,0,0,0,0,0,0,0,0,0.145282273180783,0,0,0,0,0,0,0,0,0,0,0,0,0,0,0.257540028606509,0,0.172736068457773,0,0,0,0,0,0,0,0.204287138966362,0.193953126043309,0,0,0,0
0,0,0,0,0,0,0,0,0,0,0,0,0,0,0,0,0,0,0,0,0,0,0,0,0,0,0,0,0,0,0,0,0.145759591211875,0.192242952329772,0,0.224849019779099,0,0,0,0,0,0,0,0,0,0,0,0.381948701399602,0.414243580717029,0.451452325169857,0,0,0,0,0,0,0,0,0,0,0,0,0,0,0,0,0,0,0,0,0,0,0,0,0.204563417939327,0.144998682548805,0.130763689676921,0,0.284789391926357,0,0,0,0.170883490633564,0,0,0,0
0,0,0,0,0,0,0,0,0,0,0,0,0,0,0,0,0,0,0,0,0,0,0,0,0,0,0,0,0,0,0,0.145759591211875,0,0.166813805699348,0.229155731620267,0.196366590482217,0.161496830064999,0,0,0,0,0,0,0,0,0,0,0.219031110083063,0.315788720898768,0,0,0,0,0,0,0,0,0,0,0,0,0,0,0,0,0,0,0,0,0,0,0,0,0,0.154520426477705,0.192304214236335,0,0.222006916999817,0.150877416133881,0.194723479364761,0,0,0.149581933518251,0,0,0,0
0,0,0,0,0,0,0,0,0,0,0,0,0,0,0,0,0,0,0,0,0,0,0,0,0,0,0,0,0,0,0,0.192242952329772,0.166813805699348,0,0.163537147462137,0.211948639856365,0,0.181708333802155,0,0,0,0,0,0,0,0,0.323192685842514,0.252689640351965,0,0.355178558826447,0,0,0,0,0,0,0,0,0,0,0,0,0,0,0,0,0,0,0,0,0,0,0,0,0.157468990733226,0,0.260975699572553,0.192205330445653,0.295767540194718,0,0.232584329513611,0,0.170587726281239,0.229282214361079,0.362787306308746,0,0
0,0,0,0,0,0,0,0,0,0,0,0,0,0,0,0,0,0,0,0,0,0,0,0,0,0,0,0,0,0,0,0,0.229155731620267,0.163537147462137,0,0,0.206579639694907,0,0.207869683941587,0,0,0,0,0,0,0,0,0.260477464556694,0.3658156671351,0,0,0,0,0,0,0,0,0,0,0,0,0,0,0,0,0,0,0,0,0,0,0,0,0,0,0.333926137340696,0.162361865739028,0.253205107259445,0,0.231313736047796,0,0.266847240846702,0.177627603438768,0,0,0,0
0,0.430727771976415,0,0.327201376740749,0,0.243944885475295,0,0,0,0,0,0.162577868626994,0,0,0,0,0.347195019324621,0.363502882421017,0.387624110013371,0.192912034259528,0,0,0,0,0,0,0,0,0,0,0,0.224849019779099,0.196366590482217,0.211948639856365,0,0,0.155416645448316,0.191208101714009,0,0.334363383275491,0,0.342659987552821,0.355486787855625,0.427545979479763,0.309658100207647,0.335124164819717,0,0.327603101390581,0.223844823591849,0.344901832635514,0,0.280081789242104,0,0.341688334941864,0,0,0,0.201450470261849,0,0.344631195068359,0,0,0.234374733674044,0,0,0,0,0,0,0,0,0,0.309848457574844,0.323323577642441,0.225402100297415,0,0.223961175032451,0,0.238513473256484,0.151304492483968,0.274426078901803,0,0.192730255459731,0.174936716986257,0.319166897791763,0.355771256344659,0
0.447128329139489,0,0.267294417135417,0,0.202470025420189,0,0.215248894691467,0,0.234877182245255,0,0.173161868801278,0,0,0,0,0,0.399414275373731,0.384135186672211,0.391564497797508,0,0.227715860366718,0,0,0,0,0,0,0,0,0,0,0,0.161496830064999,0,0.206579639694907,0.155416645448316,0,0,0.212639645257296,0.326620638370514,0.268228676758314,0.34062984585762,0.332843324403889,0,0.409191087693781,0.350809186697006,0.327376691537483,0.271950674981907,0.287272354478345,0.341460824012756,0.221319950371981,0,0,0,0.237577334046364,0,0.17820122342636,0.302127212285995,0.338309094309807,0,0.267589668432872,0,0,0.261904632676152,0,0,0,0,0,0,0,0.32355505824089,0,0.324280943601362,0,0.15905637653435,0,0.184521908005141,0.179394884215247,0.249298508038163,0,0.225872644055868,0.230103006789715,0.178096255684485,0.290788184514424,0.357867330312729,0.360389160258429
0,0.341004038049329,0,0.315363484952185,0,0,0,0,0,0.218291039268176,0,0.182884632569292,0,0,0,0,0,0,0.398771629883693,0.276376588305212,0,0.322024596397912,0,0.195065426711853,0,0,0,0.234649075269699,0,0.178853426177006,0,0,0,0.181708333802155,0,0.191208101714009,0,0,0.138725409284234,0.29377024024725,0,0.2202978436694,0.299578040838242,0.498121865093708,0,0.344419367998451,0,0.289353745414856,0,0.340223949428262,0,0,0,0,0,0.191479668021202,0,0.198061558618167,0,0.425217032432556,0,0.397425532341003,0.307396317592689,0,0.25456340560317,0,0.280724809828896,0,0.158887998097473,0,0,0,0.238508428387139,0,0,0,0.247814884444453,0,0.256799334073444,0,0.228563838741925,0,0.180944866023125,0.32763258622417,0.335548623387391,0,0
0.507539530213063,0,0.343401770506586,0,0,0,0,0,0.419217556715012,0,0.161227088782095,0,0,0,0,0,0.399508553743362,0,0.431353988250097,0,0.212274498347216,0.131363877095282,0.3480662706586,0,0.272523950712985,0,0,0,0.199462903771743,0,0.231902446718585,0,0,0,0.207869683941587,0,0.212639645257296,0.138725409284234,0,0.433162003755569,0.365133881568909,0.348778605461121,0.267263336195832,0,0.493515145033598,0,0.369746110213348,0.642658359418481,0.298075895943598,0,0,0,0,0,0.248260462374398,0,0.201536660393079,0,0,0,0.341436952352524,0,0,0.290698150160329,0,0.287075590912034,0,0.290075911414374,0,0.283374900880613,0,0.207453194935367,0,0.211134710573945,0,0,0,0.157409900426865,0,0.250436082138058,0.142726181281937,0.249953056846334,0.25528539567633,0.596635435266714,0.391772506492479,0,0.511640447378159
0,0.451922438857032,0.340636074542999,0.28568308023007,0,0,0,0,0,0,0,0,0,0,0,0,0.355901683752353,0.333517160956506,0.363293484829075,0,0,0,0,0.351083546876907,0,0,0,0,0,0,0,0,0,0,0,0.334363383275491,0.326620638370514,0.29377024024725,0.433162003755569,0,0.339314865214484,0.321925741037503,0.292444428429008,0.408643822848182,0.29306598007679,0.343560342995548,0.330674716404506,0,0,0.239554516391622,0,0,0,0,0,0,0,0.295429899401608,0,0,0,0,0.318096016449618,0.295548939279148,0,0,0,0,0,0,0,0,0.311957843601704,0,0,0,0,0,0.308026837574445,0.321598719805479,0.340256349259132,0.329885579645634,0.343195041768814,0,0.318164919619191,0.321754869944291,0.28211140135924
0.492844372987747,0,0.31897463897864,0,0,0,0,0,0.470730558037758,0,0,0,0,0,0,0,0.412038090901497,0.327188476920128,0.363999622862173,0,0.311969768255949,0,0,0,0,0,0,0,0,0,0,0,0,0,0,0,0.268228676758314,0,0.365133881568909,0.339314865214484,0,0.294273579662496,0.291304007869776,0.296487224953515,0.389384445702207,0.277719700336456,0.304755323092536,0,0.293505658085148,0,0,0,0,0,0,0,0.293255433440208,0.303699588775635,0.269792020320892,0,0,0,0.296659429868062,0.287166233727897,0,0,0,0,0,0,0,0,0.320770710706711,0.331299682458242,0,0,0,0,0.318659073114395,0.233853717334569,0,0.393858311076959,0.355197965339118,0.26390714943409,0.325031807904323,0,0.317634539535412
0,0.369403787811471,0,0.317187304680164,0,0,0,0,0,0.226059910299173,0,0,0,0,0,0,0.298149207873004,0.292573963778878,0.25910330497715,0.263942191998164,0.264583230018616,0,0,0.200582228027857,0,0,0,0,0,0,0,0,0,0,0,0.342659987552821,0.34062984585762,0.2202978436694,0.348778605461121,0.321925741037503,0.294273579662496,0,0.261176022252551,0.276076255606447,0.251939561437158,0.322259756774942,0.28886668670636,0.482112927096231,0,0.341039089222485,0,0.277019601534395,0,0,0,0.238272538781166,0,0.361782803913176,0,0.373716590079394,0.26446595788002,0.318026232031675,0.350672619964214,0.318169084688028,0,0,0,0,0,0,0.347001284360886,0,0.3424198243131,0,0,0,0,0,0.33069680170235,0.310459551565787,0.410353064761126,0.356804043054581,0.275877319215167,0.34854690208263,0.318945741215078,0.226113287133752,0.258043692447245
0.374841873775478,0,0.290556070634297,0.253778408874165,0.247325739264488,0,0,0,0.223738779795581,0,0.4225073158741,0,0,0,0.325459128425967,0,0.318428490761739,0.285364942891257,0.281591495978545,0,0.43350014090538,0,0,0,0.379620224237442,0,0,0,0,0,0,0,0,0,0,0.355486787855625,0.332843324403889,0.299578040838242,0.267263336195832,0.292444428429008,0.291304007869776,0.261176022252551,0,0.255253424247106,0.268871418378587,0.265749354605322,0.28923123482535,0.49609003909703,0.430597207817277,0.337330356240273,0.252072965105375,0,0,0,0.1988289634298,0,0.326411473946493,0.306183632463217,0.30810613339802,0,0.335894519469249,0.260232925415039,0.301852467656136,0.338417287674204,0,0,0,0.221848493317763,0,0.352850161492825,0,0.346205200718231,0.307459652423859,0.393060720629162,0,0,0,0,0.311820425093174,0.32414181461387,0,0.456449839866386,0.30796462072353,0.314266371117397,0.344428057860839,0.249878073732058,0.27212555422749
0,0.524499459700151,0,0.360887694358826,0,0,0,0,0,0,0,0,0,0,0,0,0.312670338898897,0.308473858982325,0.319674993459123,0,0.307961940765381,0,0,0,0,0,0,0,0,0,0,0,0,0,0,0.427545979479763,0,0.498121865093708,0,0.408643822848182,0.296487224953515,0.276076255606447,0.255253424247106,0,0.288663019027029,0.406319566024174,0.301873754709959,0,0,0.435933034214162,0,0.299660265445709,0,0,0,0,0,0.349313029221126,0,0,0,0,0.37958458607847,0.286120051145554,0,0,0,0,0,0,0,0,0.255350984632969,0,0,0,0,0,0.433753660716076,0.316926219246604,0.530746233734218,0.382972419261932,0.312739748078557,0.319898724555969,0.439021689071436,0.232525902176366,0.283529017652784
0.360263168811798,0,0,0.253793403506279,0,0,0,0,0,0,0,0,0,0,0,0,0.351050223906835,0.30812486840619,0.31658192659653,0,0.563370123505592,0,0,0,0,0,0,0,0,0,0,0,0,0,0,0.309658100207647,0.409191087693781,0,0.493515145033598,0.29306598007679,0.389384445702207,0.251939561437158,0.268871418378587,0.288663019027029,0,0.258715293237141,0.43379027726955,0,0.422467976808548,0.360655590891838,0,0.236679032444954,0,0,0,0,0,0.297297080357869,0,0,0.269043236970901,0,0.293554246425629,0.385281096647183,0,0,0,0,0,0,0,0,0,0,0,0,0,0,0.335528094853674,0.415467241842967,0,0.523547744209116,0.301720718286701,0.300197899341583,0.418178157752597,0,0.279799466923116
0.347920000553131,0.400520534703025,0,0.272047774892458,0,0.258334845304489,0,0,0,0,0,0.249732084964451,0,0,0,0,0.344314662739635,0.333763115900628,0.392237915452254,0.278927833374058,0,0,0,0.3191879093647,0,0,0,0,0,0,0,0,0,0,0,0.335124164819717,0.350809186697006,0.344419367998451,0,0.343560342995548,0.277719700336456,0.322259756774942,0.265749354605322,0.406319566024174,0.258715293237141,0,0.302714844162648,0.366521149873734,0.215167517463366,0.357497956911358,0,0.267248416488821,0,0,0,0,0,0.306639669806633,0,0.262921318411827,0,0,0.295202939934135,0.306450559447209,0,0,0,0,0,0,0,0,0.365100778639317,0,0,0,0,0,0.318638682700168,0.319180281460285,0.405324600241201,0.37918646633625,0.360304959118366,0.319283097982407,0.321490189873437,0.292276005726308,0.277300140605523
0.403516178950667,0,0.255620171626409,0.279487533228738,0.213612720370293,0,0,0,0.382024811580777,0,0,0,0,0,0,0,0.390084149705809,0.34388194339616,0.407849786574623,0,0.362019532901348,0,0,0,0,0,0,0,0,0,0,0,0,0.323192685842514,0,0,0.327376691537483,0,0.369746110213348,0.330674716404506,0.304755323092536,0.28886668670636,0.28923123482535,0.301873754709959,0.43379027726955,0.302714844162648,0,0,0.281077472002883,0.249552577733994,0,0.267813444137573,0,0,0.256366208195686,0,0.302989365160465,0.329193368554115,0.307357887427012,0,0.267612110291209,0,0.331975370645523,0.337847466125349,0,0,0,0,0,0,0,0.323937475681305,0,0.340516427884231,0,0,0,0,0.341070747623841,0.3340477679826,0.303408026695251,0.400646744610427,0.361927596350775,0.29626911431551,0.323405986286675,0.268554203212261,0.317621915448796
0,0.436669141054153,0,0,0.222435340285301,0,0,0,0.223564326763153,0,0,0,0,0,0,0,0,0,0.355839252471924,0,0,0,0,0,0,0,0,0,0,0,0,0.381948701399602,0.219031110083063,0.252689640351965,0.260477464556694,0.327603101390581,0.271950674981907,0.289353745414856,0.642658359418481,0,0,0.482112927096231,0.49609003909703,0,0,0.366521149873734,0,0,0.387410989954034,0.474494357032385,0,0,0,0,0,0,0.252367109060287,0,0,0,0,0,0,0,0,0,0,0,0,0,0,0,0,0,0.394748217404582,0.3271936706298,0.310238866066491,0.301016484664765,0.33627373495247,0.322627376476337,0.315892907025086,0.277693743156235,0.492949637753623,0.687552425596449,0.634445961581047,0.326287150382996,0
0.371019959283142,0,0.296530964655605,0.26387709485633,0.21534489095211,0.239089787006378,0,0,0.342856939396133,0,0,0,0,0,0.246148534119129,0,0.351197220385075,0,0.393096947244235,0.221238390853008,0.326810851693153,0,0.349296478319366,0,0.330092594027519,0,0,0,0,0,0,0.414243580717029,0.315788720898768,0,0.3658156671351,0.223844823591849,0.287272354478345,0,0.298075895943598,0,0.293505658085148,0,0.430597207817277,0,0.422467976808548,0.215167517463366,0.281077472002883,0.387410989954034,0,0.498194921599782,0.231601536273956,0.2443518191576,0,0,0.24042518224035,0,0.328138209202073,0,0.33205518584985,0,0.33606235152739,0,0,0.306646161609226,0,0.337615560371797,0,0.244108488702256,0,0.368169263005257,0,0.344482450631627,0,0.349567897263027,0.484000980854034,0.343875809510549,0,0.322445187451584,0.235831265151501,0.331985240055254,0,0.292349032923555,0.469046160647037,0.277048880855242,0.413483478155775,0,0
0,0.352797821164131,0,0.284934361909961,0,0.175450250506401,0,0,0,0.311740151792765,0,0,0,0.319951750338078,0,0.311416257511486,0.362366788089275,0.34038026192609,0.362798401862708,0.239653058350086,0,0.234141914617448,0,0.331527324020863,0,0,0,0,0,0,0,0.451452325169857,0,0.355178558826447,0,0.344901832635514,0.341460824012756,0.340223949428262,0,0.239554516391622,0,0.341039089222485,0.337330356240273,0.435933034214162,0.360655590891838,0.357497956911358,0.249552577733994,0.474494357032385,0.498194921599782,0,0,0.25052086263895,0,0,0,0.235492053239242,0,0.369862786574995,0,0.355332820407496,0,0.294078163516063,0.331485416401516,0.309284180402756,0.273164328187704,0,0.303569840267301,0,0.199019501118788,0,0.259709950122568,0,0.326446865286146,0,0.453084647655487,0,0.355823659506,0,0.351056482163194,0.293719381093979,0.370326384114967,0.31512862443924,0.455286775493323,0.335211349385125,0.320490657260432,0.32640280753926,0.277238495647907
0.201768264174461,0,0.236880625919862,0,0.206811227428892,0,0.24233803263417,0,0.208180031914642,0,0,0,0.219463333487511,0,0.203189899715093,0,0,0,0,0,0.209839672726743,0,0,0,0,0,0,0,0,0,0,0,0,0,0,0,0.221319950371981,0,0,0,0,0,0.252072965105375,0,0,0,0,0,0.231601536273956,0,0,0,0.219746018946171,0,0.192126996815205,0,0.245607477799058,0,0.291349134468413,0,0.250547423411389,0,0,0,0,0,0,0,0,0,0,0,0,0,0,0,0,0,0,0.231957584619522,0,0,0.180674181106281,0.195554554462433,0.255399759542319,0,0
0,0.295908212661743,0,0.237375279899446,0,0.231219619322128,0,0.173450195069971,0,0.228876752389032,0,0.315058164298534,0,0.164053779095411,0,0.183640617590684,0,0,0.238114282488823,0.259770898138665,0,0,0,0,0,0,0,0,0,0,0,0,0,0,0,0.280081789242104,0,0,0,0,0,0.277019601534395,0,0.299660265445709,0.236679032444954,0.267248416488821,0.267813444137573,0,0.2443518191576,0.25052086263895,0,0,0,0.275217141414231,0,0,0,0.286514783578534,0,0.234720653430982,0,0.230687943928772,0.289639416969184,0.283329904079437,0,0,0,0,0,0,0,0,0,0,0,0,0,0,0.304483689633863,0.284711897373199,0.326871752738953,0,0.216853176983966,0.263690985739231,0.290349040709635,0.265237957239151,0
0,0,0,0,0.199039629101753,0,0.199019489552078,0,0,0,0,0,0,0,0,0,0,0,0,0,0,0,0,0,0,0,0,0,0,0,0,0,0,0,0,0,0,0,0,0,0,0,0,0,0,0,0,0,0,0,0.219746018946171,0,0,0,0,0,0.191574931998921,0,0,0,0,0,0,0,0,0,0,0,0,0,0,0,0,0,0,0,0,0,0,0,0,0,0.198198434451352,0,0,0,0
0,0,0,0,0,0.213432210087776,0,0.205021971223517,0,0,0,0.213090054690838,0,0,0,0,0,0,0,0.179494855925441,0,0,0,0,0,0,0,0,0,0,0,0,0,0,0,0.341688334941864,0,0,0,0,0,0,0,0,0,0,0,0,0,0,0,0.275217141414231,0,0,0,0,0,0.235020352351682,0,0.20813339146284,0,0,0.20616928962144,0,0,0,0,0,0,0,0,0,0,0,0,0,0,0,0,0,0,0,0.169896886843007,0,0.239925499946352,0,0
0.196313533125814,0,0.183108960848246,0,0.183307349681854,0,0,0,0.253981749091496,0,0,0,0,0,0.196680287283564,0,0,0,0,0,0.172455608844757,0,0,0,0.250519276028726,0,0,0,0,0,0,0,0,0,0,0,0.237577334046364,0,0.248260462374398,0,0,0,0.1988289634298,0,0,0,0.256366208195686,0,0.24042518224035,0,0.192126996815205,0,0,0,0,0,0.27419301867485,0,0,0,0.160745963888261,0,0,0,0,0,0,0.206419650185315,0,0.168361864984035,0,0.28679633140564,0,0,0,0,0,0,0,0.249692134559155,0,0.209485179781914,0.245334504251171,0.256964221596718,0.242718222119459,0,0
0,0.16952008699276,0,0.294158645802074,0,0,0,0,0,0.258860461182345,0,0,0,0,0,0.266775699297212,0,0.163315836340189,0,0,0,0,0,0.298444988440349,0,0.279532167616241,0,0,0,0,0,0,0,0,0,0,0,0.191479668021202,0,0,0,0.238272538781166,0,0,0,0,0,0,0,0.235492053239242,0,0,0,0,0,0,0,0,0,0,0,0.21735446462664,0,0,0,0,0.150124470190715,0,0.258987032598065,0,0,0,0,0,0,0,0,0,0,0,0.24601473659277,0,0.219683474124368,0,0.229590540802157,0,0
0.366459019482136,0,0.282590426663135,0,0.271017043636395,0,0.224961809620095,0,0.289316644668579,0,0.189516569314114,0,0.332158433539527,0,0,0,0.34459325671196,0,0.365381988386313,0,0.207726423142306,0,0,0,0,0,0,0,0.266786679625511,0,0.145282273180783,0,0,0,0,0,0.17820122342636,0,0.201536660393079,0,0.293255433440208,0,0.326411473946493,0,0,0,0.302989365160465,0.252367109060287,0.328138209202073,0,0.245607477799058,0,0.191574931998921,0,0.27419301867485,0,0,0,0.287810627894199,0,0.303433430056239,0,0,0.280396217367118,0,0,0,0,0,0,0,0.348674015866386,0,0.303811691572211,0,0,0,0,0,0.315946771254559,0,0.40962678194046,0.328008358205497,0.34439292550087,0.324305680059017,0,0.241630211472511
0,0.419091346103754,0,0.329333816746286,0,0.320262484644589,0,0.225624769248746,0,0.35528978066785,0,0.236550753531802,0,0.175958399539408,0,0.310321465134621,0.321976199746132,0.32647567987442,0.345093341362782,0.214948662703142,0,0,0,0,0,0,0,0,0,0.146716579794884,0,0,0,0,0,0.201450470261849,0.302127212285995,0.198061558618167,0,0.295429899401608,0.303699588775635,0.361782803913176,0.306183632463217,0.349313029221126,0.297297080357869,0.306639669806633,0.329193368554115,0,0,0.369862786574995,0,0.286514783578534,0,0.235020352351682,0,0,0,0,0,0.265389516305511,0,0.296316376728256,0.277352034392124,0.319821611046791,0,0,0,0,0,0,0,0,0.251415597216431,0,0,0,0,0,0.317947550531195,0.337244434489144,0.32471052929759,0,0.323190939049405,0.373684644699097,0.348522993542314,0.356299231449763,0.301997741063436
0.334943492304195,0,0.277497751747861,0,0.230271439467158,0,0.163003218670686,0,0.305316870411237,0,0.212275405433886,0,0.251691320735211,0,0.258193450172742,0,0,0,0.281098894774914,0,0.338974404335022,0,0,0,0,0,0.251236289739609,0,0.235403630638791,0,0,0,0,0,0,0,0.338309094309807,0,0,0,0.269792020320892,0,0.30810613339802,0,0,0,0.307357887427012,0,0.33205518584985,0,0.291349134468413,0,0,0,0,0,0.287810627894199,0,0,0,0.299503941629932,0,0,0.359455079069504,0,0,0,0,0,0,0,0.276305153369904,0,0.374870628118515,0,0,0,0,0,0.326558311840138,0,0,0.285631001184258,0.24638756364584,0.324162009802065,0,0
0,0.391295805573463,0,0.293445467143445,0,0.145630478858948,0,0.218965413108949,0,0,0,0.16908387454637,0,0.239800092851455,0,0.297378696501255,0,0,0,0.346372336149216,0,0,0,0,0,0,0,0.215969641562377,0,0,0,0,0,0,0,0.344631195068359,0,0.425217032432556,0,0,0,0.373716590079394,0,0,0,0.262921318411827,0,0,0,0.355332820407496,0,0.234720653430982,0,0.20813339146284,0,0,0,0.265389516305511,0,0,0,0.323498420488777,0.363075176874797,0,0,0,0,0,0.259254704822193,0,0.246568231025614,0,0,0,0,0,0,0,0.327105039358139,0,0,0,0.279467802008857,0.151969447731972,0.306780587197567,0,0
0.266943347032741,0,0.252190553479724,0,0.202311038970947,0,0,0,0.221708994284272,0,0,0,0.223260155982441,0,0.231707941506101,0,0,0,0.284335166215897,0,0.301644999533892,0,0.262959599494934,0,0.243673395993949,0,0.270415828916533,0,0,0,0,0,0,0,0,0,0.267589668432872,0,0.341436952352524,0,0,0.26446595788002,0.335894519469249,0,0.269043236970901,0,0.267612110291209,0,0.33606235152739,0,0.250547423411389,0,0,0,0.160745963888261,0,0.303433430056239,0,0.299503941629932,0,0,0,0,0.351759203523397,0,0,0,0.395589232444763,0,0.218188355713432,0,0.357087143442848,0,0,0,0,0,0,0,0.295378791874853,0,0,0.236052872548843,0.317571006715298,0.333559688893172,0,0
0,0.178982813509158,0,0.276282574068632,0,0.181219565549067,0,0,0,0.19069923729193,0,0,0,0.156599251997534,0,0.206201184802034,0,0.195911188017238,0,0,0,0,0,0.256716607759396,0,0.231994534080679,0,0,0,0,0,0,0,0,0,0,0,0.397425532341003,0,0,0,0.318026232031675,0.260232925415039,0,0,0,0,0,0,0.294078163516063,0,0.230687943928772,0,0,0,0.21735446462664,0,0.296316376728256,0,0.323498420488777,0,0,0,0,0,0,0,0,0.228666389078805,0,0.252993859350681,0,0,0,0,0,0,0,0,0.345645874738693,0,0,0.175155123025768,0,0.220710083842278,0,0
0.273182153701782,0.468419167399406,0,0.264478219548861,0,0.235097392442379,0,0.236451062063376,0,0,0,0.204685219956769,0,0,0,0,0.323799900710583,0.341242839892705,0.354812452519262,0.199177876663316,0,0,0,0,0,0,0,0,0,0,0,0,0,0,0,0.234374733674044,0,0.307396317592689,0,0.318096016449618,0.296659429868062,0.350672619964214,0.301852467656136,0.37958458607847,0.293554246425629,0.295202939934135,0.331975370645523,0,0,0.331485416401516,0,0.289639416969184,0,0.20616928962144,0,0,0,0.277352034392124,0,0.363075176874797,0,0,0,0.359499141573906,0,0,0,0,0,0,0,0,0.416295090317726,0,0,0,0,0,0.286803009371435,0.327540971338749,0.349853727148054,0,0.19536917456134,0.360351979732513,0.316843022038007,0.300531685352325,0.274280995130539
0.436249421401457,0,0.298148130286824,0.320402354001999,0,0,0,0,0.379670798778534,0,0.191575549046199,0,0,0,0,0,0.359178109866817,0.343729619917117,0.366206183507875,0,0.257367422578313,0,0,0,0,0,0,0,0,0,0,0,0,0,0,0,0.261904632676152,0,0.290698150160329,0.295548939279148,0.287166233727897,0.318169084688028,0.338417287674204,0.286120051145554,0.385281096647183,0.306450559447209,0.337847466125349,0,0.306646161609226,0.309284180402756,0,0.283329904079437,0,0,0,0,0.280396217367118,0.319821611046791,0.359455079069504,0,0.351759203523397,0,0.359499141573906,0,0,0,0,0,0,0.339928597211838,0,0.329149430212767,0,0.338380942087282,0,0,0,0,0.327901042997837,0.293957271234278,0.295498102903366,0.339480676450009,0.285909495323602,0.266122557222843,0.350002690772148,0.355028837919235,0.335485591607935
0,0,0,0,0,0,0,0,0,0,0,0,0,0,0,0,0,0.162706284069045,0,0,0,0.210503007061022,0,0.145489109172062,0,0,0,0.253016052222011,0,0,0,0,0,0,0,0,0,0.25456340560317,0,0,0,0,0,0,0,0,0,0,0,0.273164328187704,0,0,0,0,0,0,0,0,0,0,0,0,0,0,0,0,0.158296620241957,0,0.387869949282055,0,0.302723164946166,0,0,0,0,0,0,0,0,0,0.24011892574859,0,0.147214450233852,0,0,0,0
0,0,0,0,0,0,0,0,0,0,0,0,0,0,0,0,0.205385628545169,0,0,0,0,0,0.22899726559457,0,0,0,0.303430736064911,0,0.200056146078867,0,0,0,0,0,0,0,0,0,0.287075590912034,0,0,0,0,0,0,0,0,0,0.337615560371797,0,0,0,0,0,0,0,0,0,0,0,0,0,0,0,0,0,0,0.217921407520771,0,0.218646131247782,0,0.336054629904365,0,0,0,0,0,0,0,0,0,0.267490026030995,0.211245750058062,0,0,0,0
0,0.20641048681938,0,0.317944486935933,0,0,0,0,0,0.160985936721166,0,0,0,0,0,0,0,0.17612353915518,0.303227990865707,0,0,0.182990192839343,0,0.264785731807933,0,0.304703272201798,0,0,0,0,0,0,0,0,0,0,0,0.280724809828896,0,0,0,0,0,0,0,0,0,0,0,0.303569840267301,0,0,0,0,0,0.150124470190715,0,0,0,0,0,0,0,0,0.158296620241957,0,0,0,0.259646495854532,0,0,0,0,0,0,0,0,0,0,0,0.315365784887284,0,0.186009476080947,0,0.301490680144293,0,0
0.276889884471893,0,0,0,0,0,0,0,0,0,0,0,0,0,0,0,0,0,0,0,0,0,0.25632383307101,0,0.253915916773535,0,0,0,0,0,0,0,0,0,0,0,0,0,0.290075911414374,0,0,0,0.221848493317763,0,0,0,0,0,0.244108488702256,0,0,0,0,0,0.206419650185315,0,0,0,0,0,0.395589232444763,0,0,0,0,0.217921407520771,0,0,0,0.183783650398254,0,0,0,0,0,0,0,0,0,0,0,0.245762289413866,0.224680447272051,0,0.163541513106485,0,0
0,0,0,0,0,0,0,0,0,0.222438136736552,0,0,0,0.349536180496216,0,0.155733339488506,0,0.162926098754426,0,0,0,0.253287119790912,0,0.272932844247647,0,0.250966288791752,0,0.264013784569363,0,0,0,0,0,0,0,0,0,0.158887998097473,0,0,0,0,0,0,0,0,0,0,0,0.199019501118788,0,0,0,0,0,0.258987032598065,0,0,0,0.259254704822193,0,0.228666389078805,0,0,0.387869949282055,0,0.259646495854532,0,0,0,0.32474344922047,0,0,0,0,0,0,0,0,0,0.192127031087875,0,0.122390761971474,0,0.211333317976249,0,0
0.337165728211403,0,0,0,0,0,0,0,0.172020946036686,0,0,0,0.271248906850815,0,0.256452466878626,0,0.17456386052072,0,0,0,0,0,0.233691398540269,0,0.282506035408005,0,0.232011330924628,0,0.285746401006525,0,0,0,0,0,0,0,0,0,0.283374900880613,0,0,0,0.352850161492825,0,0,0,0,0,0.368169263005257,0,0,0,0,0,0.168361864984035,0,0,0,0,0,0.218188355713432,0,0,0.339928597211838,0,0.218646131247782,0,0.183783650398254,0,0,0,0.259977790216605,0,0,0,0,0,0,0,0,0,0.26660393178463,0.224606598416964,0,0.404318908850352,0,0
0,0,0,0,0,0,0,0,0,0,0,0,0,0.341474890708923,0,0,0,0,0,0,0,0.208323983848095,0,0,0,0.238098055516419,0,0.215238181606436,0,0.199429684502636,0,0,0,0,0,0,0,0,0,0,0,0.347001284360886,0,0,0,0,0,0,0,0.259709950122568,0,0,0,0,0,0,0,0,0,0.246568231025614,0,0.252993859350681,0,0,0.302723164946166,0,0,0,0.32474344922047,0,0,0,0.234421815897089,0,0,0,0,0,0,0,0.307306069880724,0,0.198698877294858,0,0.342496573925018,0,0
