0,0,3.88854484124617,0,0,0,0,0,5.90280843649258,0,0,0,0,0,5.46584028857095,0,0,0,0,0,0,0,0,0,0,0,0,0,0,0,0,0,0,0,43.3131484985352,0,0,0,0,0,0,0,24.281984601702,0,0,0,0,51.4643096923828,6.61647389711959,0,0,0,0,0,4.01594701835087,0,0,0,0,0,5.62632281912698,0,0,0,0,0,0,0,0,0,0,0,0,0,0,0,0,0,0,0,0,0,7.03393991069591,0,12.9853123937334,0,0
0,0,0,4.51313508640636,0,0,0,0,0,3.83429047622179,0,0,0,0,0,8.03168106079102,0,0,0,0,0,0,0,0,0,0,0,0,0,0,0,0,0,0,0,0,0,0,0,60.145751953125,0,24.9182025297188,0,0,0,0,0,35.0081611633301,0,25.1432668093479,0,0,0,0,0,4.75442227976133,0,0,0,0,0,3.88295440162931,0,0,0,0,0,0,0,0,0,0,11.5796823501587,0,0,0,0,0,57.3524208068848,0,0,0,8.96783498059148,0,6.43068333105607,0,0
3.88854484124617,0,0,0,8.15498061974843,0,0,0,6.69238699399508,0,0,0,0,0,8.14171295631223,0,67.7495918273926,0,64.6126518249512,0,0,0,0,0,0,0,0,0,0,0,0,0,0,0,52.2640609741211,0,0,0,0,0,43.8463439941406,0,31.6365485600063,0,0,75.7041244506836,13.6808469234369,47.5068635940552,44.0981062253316,0,5.93453269004822,0,0,0,11.8152394294739,0,21.2068472930363,0,3.38915773917889,0,4.07373307981799,0,0,29.5855859120687,0,0,0,0,0,0,0,0,0,33.176367855072,0,0,0,0,117.669105529785,44.6968937924034,0,42.5504150390625,25.9708659648895,0,11.3738908385502,0,33.1564302444458
0,4.51313508640636,0,0,0,12.6926834800027,0,0,0,5.99338698387146,0,0,0,0,0,0,0,0,44.3926868438721,12.2424297332764,0,0,0,0,0,0,0,0,0,0,0,0,0,0,0,0,0,0,0,35.574568049113,0,39.8805120256212,0,0,0,21.8275722704436,50.3995704650879,48.2239446640015,39.1798973083496,15.5417245574619,0,0,0,0,0,3.6573269367218,0,5.52690866936085,0,7.53816353191029,0,8.52902126312256,55.363208770752,0,0,0,0,0,0,0,0,0,0,0,0,0,0,0,69.4044303894043,0,0,0,23.9880678057671,0,8.81431512954908,0,0
0,0,8.15498061974843,0,0,0,0,0,4.270733014397,0,0,0,0,0,0,0,0,0,60.8566390991211,0,0,0,0,0,0,0,0,0,0,0,0,0,0,0,53.7535018920898,0,33.3456159814612,0,0,0,38.1568149839129,53.4572219848633,40.0333230825571,0,0,44.1988639831543,17.4700451458202,49.0065902074178,44.1705573586857,47.0412314278739,4.80524245961762,0,3.37431621551514,0,4.5715026039261,0,31.0387265132024,0,6.88194001395747,0,6.42655789284479,0,0,10.9563203619724,0,0,0,0,0,0,0,0,0,42.0199464162191,0,0,0,65.1395950317383,96.1757888793945,29.9796412785848,150.356597900391,51.5939843314035,5.43595904751175,7.37232593127659,16.8439951533702,0,37.5667304992676
0,0,0,12.6926834800027,0,0,0,3.01923697552782,0,9.04981003291365,0,0,0,3.66837874730428,0,7.10428198178609,0,140.248519897461,54.0543060302734,4.07162485803877,0,0,0,0,0,0,0,0,0,0,0,0,0,0,0,0,0,0,0,36.0163116455078,0,40.5140640034395,0,0,0,16.4058200418949,54.2111854553223,46.4000869750977,45.0398502349854,40.9495410919189,0,3.87091943819778,0,4.09587011072371,0,8.78164288761852,0,12.814159675078,0,4.68813388688224,0,4.2374615388758,37.569150686264,0,0,0,0,0,0,0,0,0,42.7049789428711,0,0,0,0,0,55.6322288513184,0,41.1413078308105,0,5.07803907100623,4.17437547445297,20.2654060333147,29.0932197570801,0
0,0,0,0,0,0,0,0,0,0,4.61888360075934,0,0,0,0,0,0,0,0,0,6.37352523575741,0,0,0,0,0,0,0,0,0,0,0,0,0,0,0,0,0,0,0,0,0,0,0,0,0,0,0,0,0,2.95198154449463,0,3.65417414718533,0,0,0,5.71507551085274,0,3.63056951436129,0,0,0,0,3.5811939239502,0,0,0,0,0,0,0,0,0,0,0,0,0,0,0,0,0,0,3.10472549761043,0,0,0,0
0,0,0,0,0,3.01923697552782,0,0,0,0,0,2.96555471420288,0,3.78188090546187,0,0,0,0,0,4.01594638824463,0,0,0,0,0,0,0,0,0,0,0,0,0,0,0,0,0,0,0,0,0,0,0,0,0,0,0,0,0,0,0,3.38246758545146,0,3.28175844817326,0,0,0,2.88513747851054,0,3.865205275385,0,0,0,0,0,0,0,0,0,0,0,0,0,0,0,0,0,0,0,0,0,0,3.6795468689293,0,0,0,0
5.90280843649258,0,6.69238699399508,0,4.270733014397,0,0,0,0,0,0,0,0,0,6.41080854155801,0,21.1988423774982,44.6576347351074,28.4070093848489,0,0,0,0,28.9839305877686,8.31453934895624,0,25.8463172912598,0,0,0,0,0,0,0,0,0,0,0,3.31355425715446,0,0,53.1229553222656,37.5354861153497,0,0,0,19.561254395379,48.1856384277344,23.9631532351176,0,4.8865242853932,0,0,0,5.64209756841825,0,32.3862106323242,0,5.18706444899241,0,5.53038259286147,0,0,0,0,0,0,8.38704381670271,0,27.8079700469971,0,0,0,35.1683298746745,0,0,0,0,0,54.2908767700195,0,5.95237690029722,7.26009941690294,9.55186449686686,5.43398543100383,0,0
0,3.83429047622179,0,5.99338698387146,0,9.04981003291365,0,0,0,0,0,0,0,0,0,5.38735083433298,45.4244060516357,16.6184309673848,21.1792159730738,0,0,0,0,10.404743415338,34.9605620702108,0,0,17.5496044158936,0,0,0,0,0,0,0,0,0,3.49519874125111,0,0,0,17.7547148895264,0,0,0,0,0,0,0,11.8782263924094,0,10.2757752447417,0,0,0,5.02270135111744,0,0,0,0,0,6.48751530680858,67.2403717041016,0,0,0,4.51353170077006,0,23.5711752573649,0,0,0,0,0,0,0,0,0,73.7370376586914,122.733627319336,18.2189712921778,0,9.51530250382186,4.05964823249433,6.71111485098495,0,52.6302871704102
0,0,0,0,0,0,4.61888360075934,0,0,0,0,0,3.4268162216459,0,0,0,81.1604537963867,0,0,0,4.49279873292954,0,0,0,0,0,0,0,2.85751509666443,0,3.14321947097778,0,0,0,0,0,6.13442615419626,0,3.22051543954263,0,39.1348571777344,0,50.8433990478516,0,0,0,20.4246078491211,48.9221572875977,46.0624160766602,0,0,0,3.06263403892517,0,0,0,4.71290553971292,0,0,0,0,0,0,6.22844244112634,0,0,0,0,0,0,0,0,0,21.3220558166504,0,0,0,0,0,26.0311129689217,0,5.41389468904156,3.54761038137519,0,13.1045528820583,0,0
0,0,0,0,0,0,0,2.96555471420288,0,0,0,0,0,2.86388277510802,0,0,0,0,0,3.06798863204824,0,0,0,0,0,0,0,2.9582576751709,0,2.96560907363892,0,0,0,0,0,5.72167566906322,0,3.29232773166787,0,30.4087569496848,0,0,0,0,0,16.8091205450205,0,0,0,37.6169548034668,0,3.91187763214111,0,0,0,0,0,4.44135337893044,0,2.95581475893656,0,0,6.28945267641986,0,0,0,0,0,0,0,0,0,0,0,0,0,0,0,11.2948984834883,0,3.76810807857699,0,2.97135382890701,0,6.14086397070634,0,0
0,0,0,0,0,0,0,0,0,0,3.4268162216459,0,0,0,4.74291937691825,0,0,0,0,0,0,0,0,0,0,0,0,0,0,0,0,0,0,0,0,0,0,0,0,0,0,0,0,0,0,0,0,0,8.71232011968439,0,0,0,0,0,0,0,8.39005587317727,0,3.05996026595434,0,3.73400171341435,0,0,0,0,0,0,0,0,0,0,2.9501650929451,0,0,0,0,0,0,0,0,0,0,3.30757629871368,0,0,0,0
0,0,0,0,0,3.66837874730428,0,3.78188090546187,0,0,0,2.86388277510802,0,0,0,3.67444771069747,0,12.1630793621666,0,0,0,0,0,0,0,4.01873683929443,0,3.37318325042725,0,0,0,0,0,0,0,0,0,0,0,0,0,0,0,0,0,0,0,0,0,0,0,3.99360880851746,0,4.60833806341345,0,0,0,2.9216196835041,0,3.37200832310713,0,3.16118693351746,0,0,0,0,0,0,23.7964191436768,0,3.79955506324768,0,0,0,0,0,0,0,0,0,0,0,3.56092705008804,2.85099756717682,0,0,0
5.46584028857095,0,8.14171295631223,0,0,0,0,0,6.41080854155801,0,0,0,4.74291937691825,0,0,0,13.1083595046908,39.2782771587372,32.795352935791,0,0,0,0,38.4577713012695,16.5205215045384,0,6.13571061528459,0,6.81779509602171,0,0,0,0,0,0,0,0,0,0,0,0,0,0,0,0,0,0,0,8.8916193305469,0,4.77812753783332,0,0,0,4.48445695180159,0,8.35504287481308,0,6.62543278532399,0,4.92060281126291,0,0,0,0,0,0,0,0,6.28489561875661,0,0,0,0,0,0,0,0,0,0,0,0,10.3645400028884,0,0,0,0
0,8.03168106079102,0,0,0,7.10428198178609,0,0,0,5.38735083433298,0,0,0,3.67444771069747,0,0,42.1036682128906,14.4280238339466,31.9680938720703,0,0,0,0,0,38.0402183532715,18.5095574515206,0,0,0,0,0,0,0,0,0,0,0,0,0,0,0,0,0,0,0,0,0,0,0,3.58986568450928,0,9.68181482950846,0,0,0,8.09823236745946,0,0,0,4.74709974802457,0,4.99931142443702,0,0,0,0,0,0,22.7865123748779,0,0,0,0,0,0,0,0,0,0,0,0,0,11.7183389577521,0,0,0,0
0,0,67.7495918273926,0,0,0,0,0,21.1988423774982,45.4244060516357,81.1604537963867,0,0,0,13.1083595046908,42.1036682128906,0,24.1620010726538,26.1886501278841,0,0,51.573292868478,11.7239451798526,33.1499848124957,21.629536052583,47.5959787368774,11.3712347326921,64.2689361572266,9.39935617966411,0,0,0,0,0,0,0,0,0,0,79.307452360789,64.1796474345246,66.9522836030419,49.2963228811297,51.696382522583,56.3542122840881,69.3039527103819,60.5494230997931,78.7989654541016,80.6272964477539,82.5499801635742,77.9425201416016,0,0,0,24.0956997546283,40.8937759399414,64.8644039916992,0,0,0,19.9649521610405,36.6630401611328,83.123311884263,74.311541557312,45.817937374115,3.53362361316023,32.7621003627777,13.5734374523163,41.7839842344585,8.47075470467185,0,9.37395193360069,116.743520736694,59.733556060791,0,0,0,0,84.4508172027336,73.0714227906128,85.6878224327451,65.6715976765062,18.4173797451838,6.58115087911689,59.8928034658785,36.8418464660645,47.655389988676
0,0,0,0,0,140.248519897461,0,0,44.6576347351074,16.6184309673848,0,0,0,12.1630793621666,39.2782771587372,14.4280238339466,24.1620010726538,0,23.1310247729397,0,0,8.78989334800575,34.2957597212358,18.3544394466384,31.3244239396827,10.1041344252067,40.6079175514087,8.75036787575689,62.2166233062744,0,0,0,0,0,0,87.3343658447266,0,0,0,64.7016725932082,74.3717221744725,60.1556453809633,64.2423684462061,60.3924903869629,34.9000463485718,61.6440900836075,73.0959119382112,65.2674465179443,86.8973636627197,78.971378326416,0,0,0,0,55.0971514383952,7.26819278882897,73.448356628418,69.1051025390625,0,0,47.1289850870768,15.2711396918577,70.4626905441284,89.0146408081055,23.6700749851408,49.9604797363281,19.0278931416963,0,12.2016105074457,39.8077850341797,0,0,61.9896252950033,74.5289416313171,0,0,0,0,71.1241921847316,81.4809173673217,66.1943332427139,78.7551046186878,17.1830308619894,4.94691210379366,65.8245749362679,50.1753834618462,60.8054743680087
0,0,64.6126518249512,44.3926868438721,60.8566390991211,54.0543060302734,0,0,28.4070093848489,21.1792159730738,0,0,0,0,32.795352935791,31.9680938720703,26.1886501278841,23.1310247729397,0,0,0,22.3644580841064,40.9419689178467,26.5999630713949,33.0694882363345,34.3757317860921,37.4347475687663,39.8880844116211,46.2977294921875,0,0,0,0,0,0,61.0451267787388,0,81.2220949445452,0,46.3648584055346,47.8667541855816,42.9711739941122,37.6500381524675,12.6510412417925,13.6711183956691,32.300578523226,39.4484198966989,55.9000072994748,65.5699585914612,60.1088856664197,0,66.9009971618652,0,0,70.6158437728882,19.7842407226562,48.5243967936589,56.0285448710124,0,46.5637512207031,38.8155364990234,70.7378082275391,51.323137004201,54.6372781613978,19.3363647460938,0,9.98181447386742,0,28.9035440172468,26.8369827270508,0,0,49.9140175410679,45.2618326829827,0,0,0,84.6277923583984,53.8242062628679,54.8915130540738,49.2246098488877,52.7015943977068,17.8382306322837,39.5959638357162,28.5015243654666,34.0758667578131,33.5937843610952
0,0,0,12.2424297332764,0,4.07162485803877,0,4.01594638824463,0,0,0,3.06798863204824,0,0,0,0,0,0,0,0,0,0,0,0,0,0,0,0,0,0,0,0,0,0,0,3.44340818170622,0,6.15805691480637,0,0,0,36.0014266967773,0,0,0,15.4491905065683,0,0,0,37.0657447814941,0,6.94834852218628,0,0,0,0,0,3.79746344956485,0,0,0,0,5.0468003972102,0,0,0,0,0,0,0,0,0,5.42724797725677,0,0,0,0,0,6.16805938175291,75.3745803833008,8.15646180214773,0,4.27429779676291,0,9.86352875653435,0,0
0,0,0,0,0,0,6.37352523575741,0,0,0,4.49279873292954,0,0,0,0,0,0,0,0,0,0,0,0,0,0,0,0,0,0,0,0,0,0,0,0,0,3.12172052944977,0,3.66253497682769,0,0,0,0,0,0,0,16.6977221488953,0,0,0,0,0,0,0,0,0,5.14797528667154,0,0,0,0,0,0,4.61235474014464,0,0,0,0,0,0,0,0,0,7.05468662161576,0,0,0,0,0,6.25911126179354,0,4.8436039856502,2.829543952431,0,5.89201654406155,0,0
0,0,0,0,0,0,0,0,0,0,0,0,0,0,0,0,51.573292868478,8.78989334800575,22.3644580841064,0,0,0,4.12976945456812,5.48469080407935,30.565559387207,5.2539428580891,0,3.44981670379639,0,0,0,0,0,0,0,0,0,5.3727428796287,2.75139164924622,0,0,0,0,0,0,0,0,19.1377820968628,0,10.0310941011325,0,0,0,0,0,0,0,24.4246237461384,0,0,0,0,0,0,4.80208210398267,4.85543084144592,7.51549944010648,0,10.2805647055308,0,13.9533757029761,0,20.2089771270752,0,0,0,0,0,72.9916076660156,0,6.75397724954827,0,4.28100721757397,4.27881366259431,33.1907768249512,0,0
0,0,0,0,0,0,0,0,0,0,0,0,0,0,0,0,11.7239451798526,34.2957597212358,40.9419689178467,0,0,4.12976945456812,0,0,9.91600797072701,0,3.58187190802781,0,3.92933300799794,0,0,0,0,0,0,0,0,0,5.7875130672266,0,60.8110427856445,0,0,0,0,95.2445526123047,0,0,8.04516491168487,0,0,0,0,0,0,0,22.6982460021973,0,0,0,0,0,0,0,3.54958789488849,5.13364967569832,0,3.91458096175358,0,4.62066597582024,0,7.7720308775085,0,0,0,0,0,0,0,0,0,6.67989064013628,4.44076547003884,6.56327639726492,16.6196222305298,0,0
0,0,0,0,0,0,0,0,28.9839305877686,10.404743415338,0,0,0,0,38.4577713012695,0,33.1499848124957,18.3544394466384,26.5999630713949,0,0,5.48469080407935,0,0,18.7495140348162,2.89488268466223,0,0,0,0,0,0,0,0,0,0,0,8.81300306774321,0,0,0,0,0,0,0,0,0,0,0,8.52677609262423,0,0,0,0,0,3.36087693602352,0,0,0,0,0,0,0,0,12.1486120863659,0,3.75645506955959,0,5.62589983940124,39.429386138916,8.52539516766866,0,0,0,0,0,0,0,105.265350341797,0,6.02974758829389,0,11.4935825086954,0,7.60946224795447,0,0
0,0,0,0,0,0,0,0,8.31453934895624,34.9605620702108,0,0,0,0,16.5205215045384,38.0402183532715,21.629536052583,31.3244239396827,33.0694882363345,0,0,30.565559387207,9.91600797072701,18.7495140348162,0,33.9706382751465,10.5927184852394,0,0,0,0,0,0,0,0,0,0,0,9.04530199259285,0,72.8587188720703,0,30.312074025472,0,0,0,81.5169219970703,26.74106495197,8.93002523818839,96.2376861572266,0,0,0,0,3.93500773663874,0,0,0,0,0,25.234721660614,0,82.4387664794922,0,0,14.5367788024571,32.4794025421143,3.71423115951044,36.1673210144043,9.65278776486715,0,12.5739264642039,129.975723266602,0,0,0,0,0,90.2607803344727,74.12431640625,0,10.7287689493389,12.6123942413108,22.6375806981867,9.78266377108438,0,0
0,0,0,0,0,0,0,0,0,0,0,0,0,4.01873683929443,0,18.5095574515206,47.5959787368774,10.1041344252067,34.3757317860921,0,0,5.2539428580891,0,2.89488268466223,33.9706382751465,0,0,7.8297251501391,0,0,0,0,0,0,0,0,0,0,0,0,0,0,0,0,0,0,0,0,0,3.59674787521362,0,0,0,0,0,0,0,0,0,0,0,0,0,0,2.86021115666344,0,3.93651906813982,0,5.77407936577324,0,0,0,0,0,0,0,0,0,0,0,0,0,8.34704346840198,13.733247756958,0,0,0
0,0,0,0,0,0,0,0,25.8463172912598,0,0,0,0,0,6.13571061528459,0,11.3712347326921,40.6079175514087,37.4347475687663,0,0,0,3.58187190802781,0,10.5927184852394,0,0,0,4.60070796044457,0,0,0,0,0,0,0,0,0,0,0,0,84.3121032714844,0,0,0,0,0,0,4.47814872264862,0,0,0,0,0,3.02353922029336,0,77.8654556274414,0,0,0,7.95939170973642,0,0,0,56.8380889892578,3.65974634034293,0,3.11394791833816,53.2561645507812,3.62257284980743,0,0,0,0,0,0,0,0,0,79.2326965332031,0,0,14.8298112145044,10.5151681900024,7.78787851333618,0,0
0,0,0,0,0,0,0,0,0,17.5496044158936,0,2.9582576751709,0,3.37318325042725,0,0,64.2689361572266,8.75036787575689,39.8880844116211,0,0,3.44981670379639,0,0,0,7.8297251501391,0,0,0,2.87337487322443,0,0,0,0,0,0,0,2.74655135472616,0,0,0,0,0,0,0,0,0,0,0,0,0,0,0,0,0,0,0,2.84700149297714,0,3.36860124270121,0,0,0,0,0,0,0,0,8.17777250982394,0,4.09012964455755,0,3.61983772199981,0,0,0,0,0,0,0,3.12356230947706,0,10.1865618824959,0,0,0,0
0,0,0,0,0,0,0,0,0,0,2.85751509666443,0,0,0,6.81779509602171,0,9.39935617966411,62.2166233062744,46.2977294921875,0,0,0,3.92933300799794,0,0,0,4.60070796044457,0,0,0,0,0,0,0,0,0,0,0,2.74968719482422,0,0,0,0,0,0,0,0,0,5.32712827410017,0,0,0,0,0,0,0,2.7521265745163,0,4.65639495849609,0,0,0,0,0,0,4.09483934442202,0,0,0,3.05097665506251,0,3.82862673159999,0,4.39343346868243,0,0,0,0,0,0,0,0,3.58867390775855,6.03221583366394,0,0,0
0,0,0,0,0,0,0,0,0,0,0,2.96560907363892,0,0,0,0,0,0,0,0,0,0,0,0,0,0,0,2.87337487322443,0,0,0,0,0,0,0,0,0,2.91882719575744,0,0,0,0,0,0,0,0,0,0,0,0,0,0,0,0,0,0,0,3.45668477671487,0,0,0,0,0,0,0,0,0,0,0,0,0,0,3.08027201459028,0,0,0,0,0,0,0,3.35940502087275,0,2.78884801864624,0,0,0,0
0,0,0,0,0,0,0,0,0,0,3.14321947097778,0,0,0,0,0,0,0,0,0,0,0,0,0,0,0,0,0,0,0,0,0,0,0,0,0,0,0,2.85148706255841,0,0,0,0,0,0,0,0,0,0,0,0,0,0,0,0,0,0,0,0,0,0,0,0,0,0,0,0,0,0,0,0,0,0,4.43329880351112,0,0,0,0,0,0,0,5.23927731056736,0,0,0,0,0
0,0,0,0,0,0,0,0,0,0,0,0,0,0,0,0,0,0,0,0,0,0,0,0,0,0,0,0,0,0,0,0,5.7932019873577,4.42127443790436,4.8786334461636,5.00548020771572,5.92233364582062,0,0,0,0,0,0,0,0,0,0,4.55503098067366,0,7.56385535460252,0,0,0,0,0,0,0,0,0,0,0,0,0,0,0,0,0,0,0,0,0,0,0,0,5.8940939334871,10.4610942394837,27.8807068174536,27.0399570465088,5.47108896665503,14.1425288915634,0,0,4.38468639055888,0,0,0,0
0,0,0,0,0,0,0,0,0,0,0,0,0,0,0,0,0,0,0,0,0,0,0,0,0,0,0,0,0,0,0,5.7932019873577,0,2.73157000541687,5.185889623104,6.80895578066508,5.16886821185073,0,0,0,0,0,0,0,0,0,0,6.24147713549502,6.41414700614081,13.3056108951569,0,0,0,0,0,0,0,0,0,0,0,0,0,0,0,0,0,0,0,0,0,0,0,0,7.91472452455531,5.83732023868349,0,15.7431782230812,5.61502378327506,5.17784750992577,0,74.4462585449219,2.82230261393956,0,0,0,0
0,0,0,0,0,0,0,0,0,0,0,0,0,0,0,0,0,0,0,0,0,0,0,0,0,0,0,0,0,0,0,4.42127443790436,2.73157000541687,0,7.7519911770272,3.17060876726271,0,3.9993887370283,0,25.5182418823242,0,0,24.3205089569092,0,0,35.3440704345703,0,5.89590050393515,22.0244683241233,10.8988196184469,0,0,0,0,0,0,0,0,0,0,0,0,0,0,0,0,0,0,0,0,0,0,0,0,6.71354017875813,0,4.44340151398979,15.0560512913323,5.88372516202497,18.9697311719259,3.18607748376912,23.7222020830427,5.1511726975441,3.05537873506546,37.0222533543905,0,0
43.3131484985352,0,52.2640609741211,0,53.7535018920898,0,0,0,0,0,0,0,0,0,0,0,0,0,0,0,0,0,0,0,0,0,0,0,0,0,0,4.8786334461636,5.185889623104,7.7519911770272,0,0,3.88795286133176,0,3.57413214683533,0,30.5854183832804,0,36.45498975118,0,0,0,46.2042041105383,7.78751305330448,11.0260848065013,21.4269185066223,55.8354530334473,0,0,0,0,0,60.1088600158691,0,0,0,0,0,0,52.8756249745687,0,0,0,0,0,0,0,0,0,68.4557647705078,2.95390295982361,29.1282784938812,4.22454147969336,5.04387235360987,0,9.15762548353158,13.414870262146,4.50663620984113,4.62641585087715,0,33.9504203796387,0,0
0,0,0,0,0,0,0,0,0,0,0,5.72167566906322,0,0,0,0,0,87.3343658447266,61.0451267787388,3.44340818170622,0,0,0,0,0,0,0,0,0,0,0,5.00548020771572,6.80895578066508,3.17060876726271,0,0,4.07835111427635,5.00652057213309,0,27.7972409725189,51.0690364837646,45.4585586547852,82.1046829223633,41.4457105000814,0,30.3624618906866,90.1209030151367,4.88657524926322,11.0145461559296,11.1806131005287,0,28.7986175135562,0,0,0,0,55.7209091186523,29.4338804776551,0,0,0,0,7.10814688461649,0,0,0,0,0,0,0,0,0,60.9339942932129,0,21.7919794088285,6.65298061900669,9.31530452834235,0,5.16079196813415,4.31214119511915,7.00163699609262,0,4.56362341922932,3.7596416666701,24.4984017182852,0,0
0,0,0,0,33.3456159814612,0,0,0,0,0,6.13442615419626,0,0,0,0,0,0,0,0,0,3.12172052944977,0,0,0,0,0,0,0,0,0,0,5.92233364582062,5.16886821185073,0,3.88795286133176,4.07835111427635,0,0,5.21597665512903,0,8.71711320877075,0,32.2343559265137,0,0,0,20.4787301746282,7.35827469520862,9.75648256029402,8.2056125025206,35.7386350631714,0,0,0,35.599983215332,0,31.5152540393904,0,0,0,0,0,0,10.1364171142672,0,0,0,0,0,0,0,0,0,45.8802623748779,5.47398342688878,15.5930322802984,0,9.03017733381979,4.47933279476454,4.69247713492432,0,7.3170727078422,5.22002876910119,3.37331547442171,23.5225136455046,0,0
0,0,0,0,0,0,0,0,0,3.49519874125111,0,3.29232773166787,0,0,0,0,0,0,81.2220949445452,6.15805691480637,0,5.3727428796287,0,8.81300306774321,0,0,0,2.74655135472616,0,2.91882719575744,0,0,0,3.9993887370283,0,5.00652057213309,0,0,5.7516884803772,69.3633600870768,0,45.0907846450806,14.7867379439505,44.7059771219889,0,44.9057930861369,0,6.36026269987853,26.4856290817261,5.79061009225092,0,0,0,0,0,0,0,6.71602490107218,0,0,0,0,20.1213190389234,0,8.56372240160553,0,9.22434215247631,0,0,0,5.63357497905863,0,4.02890217900276,0,0,0,7.43802056930683,0,10.6849323249501,0,4.77985680570137,11.1383391539256,5.15601058154585,3.03458293670504,11.0201840415234,0,0
0,0,0,0,0,0,0,0,3.31355425715446,0,3.22051543954263,0,0,0,0,0,0,0,0,0,3.66253497682769,2.75139164924622,5.7875130672266,0,9.04530199259285,0,0,0,2.74968719482422,0,2.85148706255841,0,0,0,3.57413214683533,0,5.21597665512903,5.7516884803772,0,0,0,20.2170543670654,8.7790334004314,0,0,0,33.780891418457,6.61419760051526,5.94016361123309,27.5829302469889,0,0,0,0,9.49323177337646,0,0,0,0,0,0,0,0,7.83289659023285,0,7.45303662704385,0,5.88164075111088,0,0,0,0,0,3.38963222503662,0,0,0,3.09002478599548,0,7.75033274732885,2.95912313461304,5.09231130351594,4.78419373310797,3.06978158441884,9.78858853269506,0,0
0,60.145751953125,0,35.574568049113,0,36.0163116455078,0,0,0,0,0,30.4087569496848,0,0,0,0,79.307452360789,64.7016725932082,46.3648584055346,0,0,0,0,0,0,0,0,0,0,0,0,0,0,25.5182418823242,0,27.7972409725189,0,69.3633600870768,0,0,60.6641879081726,25.4496494973107,57.3988599777222,30.4079270830341,0,18.6580648750704,51.0212309701102,21.8684565090772,17.5584129605974,11.4901848705341,53.9179496765137,34.8296256065369,0,0,0,0,65.2663758595784,44.1743909454346,0,37.7722201347351,0,38.2433891296387,11.9395912669379,43.2005767822266,0,0,0,0,0,0,0,0,46.5658419162412,104.878791809082,9.49975713094076,0,0,0,13.3810406162304,91.1404366926713,45.7660752811512,84.5960388183594,33.9031363027381,0,16.7077122060135,49.992853919665,0
0,0,43.8463439941406,0,38.1568149839129,0,0,0,0,0,39.1348571777344,0,0,0,0,0,64.1796474345246,74.3717221744725,47.8667541855816,0,0,0,60.8110427856445,0,72.8587188720703,0,0,0,0,0,0,0,0,0,30.5854183832804,51.0690364837646,8.71711320877075,0,0,60.6641879081726,0,63.3576649846257,22.0232779956767,38.2749592463175,26.9115274185525,45.1944183707237,22.4515366738425,15.7825901548741,13.1868311907502,8.02391844782336,33.5223245620728,0,0,0,44.6028561592102,0,44.6935609348157,103.042778015137,0,0,0,63.3553504943848,75.2510089874268,9.12311021508021,0,0,0,0,0,0,0,0,69.5466995239258,47.2225157849424,0,5.38837563991547,0,41.9880695343018,84.2353749429026,14.2635357748585,81.8767395019531,51.3159391762554,43.495634028874,0,18.7773045989745,0,42.2967461858477
0,24.9182025297188,0,39.8805120256212,53.4572219848633,40.5140640034395,0,0,53.1229553222656,17.7547148895264,0,0,0,0,0,0,66.9522836030419,60.1556453809633,42.9711739941122,36.0014266967773,0,0,0,0,0,0,84.3121032714844,0,0,0,0,0,0,0,0,45.4585586547852,0,45.0907846450806,20.2170543670654,25.4496494973107,63.3576649846257,0,18.2166406581212,26.959631562233,0,34.9347920099894,50.7910172289068,16.3516572335071,48.2256278991699,18.5339953534164,0,42.2278722127279,0,0,49.0634155273438,0,67.8619108200073,22.2601663210746,0,43.2250722249349,0,42.3301877975464,29.4517851679145,78.7648963928223,59.4879112243652,0,0,0,0,0,25.690804431313,0,24.7438438396565,63.8381061553955,0,0,0,0,31.5580920844302,78.5589487629552,28.1147654164255,70.5589558096493,19.2172417101232,25.7343101501465,22.616446533218,17.0079654153788,56.1685752868652
24.281984601702,0,31.6365485600063,0,40.0333230825571,0,0,0,37.5354861153497,0,50.8433990478516,0,0,0,0,0,49.2963228811297,64.2423684462061,37.6500381524675,0,0,0,0,0,30.312074025472,0,0,0,0,0,0,0,0,24.3205089569092,36.45498975118,82.1046829223633,32.2343559265137,14.7867379439505,8.7790334004314,57.3988599777222,22.0232779956767,18.2166406581212,0,33.2105601050637,19.2201519863946,51.4517602920532,32.0711131680245,14.0019660303908,15.5820341982081,49.6018185248742,45.1465762456258,0,0,0,41.395112070544,0,24.8699237899946,63.6460342407227,29.5364799499512,65.5418701171875,0,0,60.7095368125222,30.3627694706192,0,0,0,23.8172950744629,0,0,0,27.0840892791748,72.7696770562066,24.2623159660941,0,0,0,76.2319183349609,65.265763429495,31.6766707733762,66.4971117090296,32.3261876466839,16.9203917964739,7.10564239819845,15.6878289339129,44.7562966346741,10.4389403093738
0,0,0,0,0,0,0,0,0,0,0,0,0,0,0,0,51.696382522583,60.3924903869629,12.6510412417925,0,0,0,0,0,0,0,0,0,0,0,0,0,0,0,0,41.4457105000814,0,44.7059771219889,0,30.4079270830341,38.2749592463175,26.959631562233,33.2105601050637,0,0,19.4517881117369,0,26.9022040367126,0,38.3801097869873,0,0,0,0,0,0,180.931915283203,24.0624256134033,0,0,0,0,34.6407835279192,0,0,0,0,0,0,0,0,0,25.3836151123047,0,0,0,0,0,36.9501652678182,55.9437034130096,28.957804906091,43.5071773529053,23.851069010221,0,9.76963795045888,38.3488068580627,0
0,0,0,0,0,0,0,0,0,0,0,0,0,0,0,0,56.3542122840881,34.9000463485718,13.6711183956691,0,0,0,0,0,0,0,0,0,0,0,0,0,0,0,0,0,0,0,0,0,26.9115274185525,0,19.2201519863946,0,0,54.6837120056152,25.4487747192383,25.3717807769775,24.8428641955058,0,0,0,0,0,0,0,0,0,0,0,0,0,0,36.5473403930664,0,0,0,0,0,0,0,0,0,20.2889070510864,0,0,0,0,73.2821731567383,34.2454977709838,0,32.0291971588135,29.4108937467848,0,15.7258038720885,0,0
0,0,75.7041244506836,21.8275722704436,44.1988639831543,16.4058200418949,0,0,0,0,0,16.8091205450205,0,0,0,0,69.3039527103819,61.6440900836075,32.300578523226,15.4491905065683,0,0,95.2445526123047,0,0,0,0,0,0,0,0,0,0,35.3440704345703,0,30.3624618906866,0,44.9057930861369,0,18.6580648750704,45.1944183707237,34.9347920099894,51.4517602920532,19.4517881117369,54.6837120056152,0,45.894333632096,34.4855466607499,26.6777876124663,26.7988900423387,54.9623680114746,18.484351735366,0,0,51.776668548584,0,59.6171895980835,20.2748152664367,0,17.7591640538183,0,21.4177966551347,10.0742784186963,52.6078498840332,0,0,0,0,0,0,41.7549781799316,0,26.2073155670973,76.5797697703044,0,0,37.2152976989746,0,24.5352317875558,70.7836437225342,31.7619527525927,76.7007217407227,32.5925915749545,31.6424446105957,17.3913948646257,38.7691338062286,68.6883878707886
0,0,13.6808469234369,50.3995704650879,17.4700451458202,54.2111854553223,0,0,19.561254395379,0,20.4246078491211,0,0,0,0,0,60.5494230997931,73.0959119382112,39.4484198966989,0,16.6977221488953,0,0,0,81.5169219970703,0,0,0,0,0,0,0,0,0,46.2042041105383,90.1209030151367,20.4787301746282,0,33.780891418457,51.0212309701102,22.4515366738425,50.7910172289068,32.0711131680245,0,25.4487747192383,45.894333632096,0,41.2942261058614,33.2897066268328,37.1532398672665,20.9000259700574,0,0,0,24.6909481928899,0,20.9566075515747,64.2880477905273,0,0,0,54.685718536377,68.7199447631836,12.4054441455534,0,0,0,0,0,0,0,0,63.2066335678101,27.4430201188112,0,0,0,54.0700440406799,79.2727361825796,24.335184927379,79.4048986434937,29.8198908610811,35.5748636684265,0,21.9785237065292,61.2445220947266,23.6772706095378
51.4643096923828,35.0081611633301,47.5068635940552,48.2239446640015,49.0065902074178,46.4000869750977,0,0,48.1856384277344,0,48.9221572875977,0,0,0,0,0,78.7989654541016,65.2674465179443,55.9000072994748,0,0,19.1377820968628,0,0,26.74106495197,0,0,0,0,0,0,4.55503098067366,6.24147713549502,5.89590050393515,7.78751305330448,4.88657524926322,7.35827469520862,6.36026269987853,6.61419760051526,21.8684565090772,15.7825901548741,16.3516572335071,14.0019660303908,26.9022040367126,25.3717807769775,34.4855466607499,41.2942261058614,0,10.8934452020271,6.99631763539601,55.3969802856445,50.8983879089355,0,0,63.2529388427734,0,54.7732484382496,50.2196498446994,52.9936218261719,48.9454200744629,0,48.9240036010742,44.913924853007,48.1654279327393,21.7662823994954,0,0,27.251895904541,0,0,73.0239868164062,0,57.5093470982143,61.1880030314128,6.26294413772312,8.69704407665217,6.0365949940384,10.4581451379906,7.26089484880939,9.14389708110096,15.0633832143463,13.8701506131806,12.6577719084658,5.79495286941528,16.8943907782388,39.2767425775528,34.744931825002
6.61647389711959,0,44.0981062253316,39.1798973083496,44.1705573586857,45.0398502349854,0,0,23.9631532351176,0,46.0624160766602,0,8.71232011968439,0,8.8916193305469,0,80.6272964477539,86.8973636627197,65.5699585914612,0,0,0,8.04516491168487,0,8.93002523818839,0,4.47814872264862,0,5.32712827410017,0,0,0,6.41414700614081,22.0244683241233,11.0260848065013,11.0145461559296,9.75648256029402,26.4856290817261,5.94016361123309,17.5584129605974,13.1868311907502,48.2256278991699,15.5820341982081,0,24.8428641955058,26.6777876124663,33.2897066268328,10.8934452020271,0,22.1622603450503,45.9303855895996,0,0,0,30.146158229221,0,44.4698261987595,50.4252052307129,5.23688745275419,40.0262298583984,5.07934169490616,45.1212882995605,76.3857040405273,42.8064927187833,0,6.21619039600946,0,7.28708205167313,0,4.1274326746581,0,5.77326374010209,79.0435657501221,23.8367324693879,0,7.48730500539144,25.5054798126221,16.5060940630296,23.7776144634594,22.9812949631244,44.9162189483643,12.0779439778295,19.3670915481739,15.1332368850708,17.0794717596394,0,25.0456031869959
0,25.1432668093479,0,15.5417245574619,47.0412314278739,40.9495410919189,0,0,0,11.8782263924094,0,37.6169548034668,0,0,0,3.58986568450928,82.5499801635742,78.971378326416,60.1088856664197,37.0657447814941,0,10.0310941011325,0,8.52677609262423,96.2376861572266,3.59674787521362,0,0,0,0,0,7.56385535460252,13.3056108951569,10.8988196184469,21.4269185066223,11.1806131005287,8.2056125025206,5.79061009225092,27.5829302469889,11.4901848705341,8.02391844782336,18.5339953534164,49.6018185248742,38.3801097869873,0,26.7988900423387,37.1532398672665,6.99631763539601,22.1622603450503,0,0,47.2990312576294,0,0,45.095085144043,7.58460831642151,54.6932323455811,22.2260818578759,0,30.0768188521976,0,42.6270266420701,35.0413737642592,56.8481998443604,10.9284191177172,0,6.12597465515137,0,4.50859471353991,0,4.80790596405665,0,12.789940639754,61.2817249298096,6.53209266169318,35.4374461174011,29.7037181854248,41.068928360939,11.1557096743544,14.1325664726093,9.23123168018015,46.2723126844926,15.5508938681846,0,16.9003758388045,34.5655761346584,61.0446166992188
0,0,5.93453269004822,0,4.80524245961762,0,2.95198154449463,0,4.8865242853932,0,0,0,0,0,4.77812753783332,0,77.9425201416016,0,0,0,0,0,0,0,0,0,0,0,0,0,0,0,0,0,55.8354530334473,0,35.7386350631714,0,0,53.9179496765137,33.5223245620728,0,45.1465762456258,0,0,54.9623680114746,20.9000259700574,55.3969802856445,45.9303855895996,0,0,0,3.39662171734704,0,3.80600278907352,0,27.4391875948225,0,5.75073404691706,0,4.75262187132195,0,0,8.31272633066785,0,0,0,0,0,0,0,0,0,34.4750938415527,0,0,0,0,0,30.5430452900548,78.9109344482422,59.7128601074219,5.99539449138026,0,15.8851034099405,0,0
0,0,0,0,0,3.87091943819778,0,3.38246758545146,0,10.2757752447417,0,3.91187763214111,0,3.99360880851746,0,9.68181482950846,0,0,66.9009971618652,6.94834852218628,0,0,0,0,0,0,0,0,0,0,0,0,0,0,0,28.7986175135562,0,0,0,34.8296256065369,0,42.2278722127279,0,0,0,18.484351735366,0,50.8983879089355,0,47.2990312576294,0,0,0,3.58354252992674,0,9.88282700107522,0,4.32924507547925,0,4.82822962240739,0,3.36723475986057,9.08297402718488,0,0,0,0,0,0,0,0,0,0,0,0,0,0,0,23.6133403301239,0,0,0,4.58057379848743,4.02001436190172,10.9562816208807,31.1656551361084,0
0,0,0,0,3.37431621551514,0,3.65417414718533,0,0,0,3.06263403892517,0,0,0,0,0,0,0,0,0,0,0,0,0,0,0,0,0,0,0,0,0,0,0,0,0,0,0,0,0,0,0,0,0,0,0,0,0,0,0,3.39662171734704,0,0,0,0,0,4.22178176471165,0,3.78302063074979,0,0,0,0,0,0,0,0,0,0,0,0,0,0,0,0,0,0,0,0,0,0,0,4.42329692840576,0,0,0,0
0,0,0,0,0,4.09587011072371,0,3.28175844817326,0,0,0,0,0,4.60833806341345,0,0,0,0,0,0,0,0,0,0,0,0,0,0,0,0,0,0,0,0,0,0,0,0,0,0,0,0,0,0,0,0,0,0,0,0,0,3.58354252992674,0,0,0,0,0,3.2381118110248,0,3.83153019547462,0,0,0,0,0,0,0,0,0,0,0,0,0,0,0,0,0,0,0,0,0,0,2.78711271286011,0,0,0,0
4.01594701835087,0,11.8152394294739,0,4.5715026039261,0,0,0,5.64209756841825,0,0,0,0,0,4.48445695180159,0,24.0956997546283,55.0971514383952,70.6158437728882,0,0,0,0,0,3.93500773663874,0,3.02353922029336,0,0,0,0,0,0,0,0,0,35.599983215332,0,9.49323177337646,0,44.6028561592102,49.0634155273438,41.395112070544,0,0,51.776668548584,24.6909481928899,63.2529388427734,30.146158229221,45.095085144043,3.80600278907352,0,0,0,0,0,33.7184076309204,0,0,0,5.56674288148465,67.9689559936523,0,30.5974674224854,0,0,0,4.9750424035838,0,4.01438426971436,0,0,76.6195755004883,37.6290225982666,0,0,0,0,74.3563003540039,50.5029700429816,84.4818878173828,13.100257260104,11.881177681797,0,11.2900726682202,0,0
0,4.75442227976133,0,3.6573269367218,0,8.78164288761852,0,0,0,5.02270135111744,0,0,0,0,0,8.09823236745946,40.8937759399414,7.26819278882897,19.7842407226562,0,0,0,0,3.36087693602352,0,0,0,0,0,0,0,0,0,0,0,0,0,0,0,0,0,0,0,0,0,0,0,0,0,7.58460831642151,0,9.88282700107522,0,0,0,0,0,0,0,0,0,5.97557448647743,0,0,0,0,3.99670596816193,0,0,0,0,0,0,0,0,0,0,0,0,0,0,0,5.74120050961854,4.37170171737671,3.59186428810056,0,0
0,0,21.2068472930363,0,31.0387265132024,0,5.71507551085274,0,32.3862106323242,0,4.71290553971292,0,8.39005587317727,0,8.35504287481308,0,64.8644039916992,73.448356628418,48.5243967936589,0,5.14797528667154,0,22.6982460021973,0,0,0,77.8654556274414,0,2.7521265745163,0,0,0,0,0,60.1088600158691,55.7209091186523,31.5152540393904,0,0,65.2663758595784,44.6935609348157,67.8619108200073,24.8699237899946,180.931915283203,0,59.6171895980835,20.9566075515747,54.7732484382496,44.4698261987595,54.6932323455811,27.4391875948225,0,4.22178176471165,0,33.7184076309204,0,0,70.6951599121094,6.05314789401542,0,8.7485294342041,0,0,9.99551002733865,0,0,0,0,0,12.3191220283508,0,5.84990342770974,86.6973724365234,8.06967724798544,0,0,0,69.407346089681,79.6958236694336,40.021031227286,79.6603864034017,41.0270454883575,46.2723693475127,0,15.1291626407635,73.164192199707,15.3007430323848
0,0,0,5.52690866936085,0,12.814159675078,0,2.88513747851054,0,0,0,4.44135337893044,0,2.9216196835041,0,0,0,69.1051025390625,56.0285448710124,3.79746344956485,0,24.4246237461384,0,0,0,0,0,2.84700149297714,0,3.45668477671487,0,0,0,0,0,29.4338804776551,0,6.71602490107218,0,44.1743909454346,103.042778015137,22.2601663210746,63.6460342407227,24.0624256134033,0,20.2748152664367,64.2880477905273,50.2196498446994,50.4252052307129,22.2260818578759,0,4.32924507547925,0,3.2381118110248,0,0,70.6951599121094,0,0,3.38721570101651,0,13.3872283526829,7.73056484488478,64.26806640625,28.4075119712136,0,0,0,0,0,10.459255939752,0,6.73412472226319,77.8418579101562,0,0,0,0,42.3153315881141,54.4203758239746,13.6657938884767,78.4912719726562,46.1741163531939,0,15.1416028493429,16.0834174027314,0
0,0,3.38915773917889,0,6.88194001395747,0,3.63056951436129,0,5.18706444899241,0,0,0,3.05996026595434,0,6.62543278532399,0,0,0,0,0,0,0,0,0,0,0,0,0,4.65639495849609,0,0,0,0,0,0,0,0,0,0,0,0,0,29.5364799499512,0,0,0,0,52.9936218261719,5.23688745275419,0,5.75073404691706,0,3.78302063074979,0,0,0,6.05314789401542,0,0,0,4.57146570596053,0,0,40.9681930541992,0,0,0,0,0,0,0,4.68565491267613,0,34.526496887207,0,0,0,0,0,0,0,0,9.26062679290771,0,10.6062355394717,0,0
0,0,0,7.53816353191029,0,4.68813388688224,0,3.865205275385,0,0,0,2.95581475893656,0,3.37200832310713,0,4.74709974802457,0,0,46.5637512207031,0,0,0,0,0,0,0,0,3.36860124270121,0,0,0,0,0,0,0,0,0,0,0,37.7722201347351,0,43.2250722249349,65.5418701171875,0,0,17.7591640538183,0,48.9454200744629,40.0262298583984,30.0768188521976,0,4.82822962240739,0,3.83153019547462,0,0,0,3.38721570101651,0,0,0,4.95456791293713,9.02379989624023,0,0,0,0,0,0,0,8.15379386829539,0,0,0,0,0,0,0,51.7564929962158,66.3860626220703,0,0,5.67225702603658,6.55152854919434,22.5499254411726,0,0
5.62632281912698,0,4.07373307981799,0,6.42655789284479,0,0,0,5.53038259286147,0,0,0,3.73400171341435,0,4.92060281126291,0,19.9649521610405,47.1289850870768,38.8155364990234,0,0,0,0,0,25.234721660614,0,7.95939170973642,0,0,0,0,0,0,0,0,0,0,0,0,0,0,0,0,0,0,0,0,0,5.07934169490616,0,4.75262187132195,0,0,0,5.56674288148465,0,8.7485294342041,0,4.57146570596053,0,0,0,0,0,0,0,0,0,0,10.5465280214945,0,0,0,0,0,0,0,0,0,0,0,0,10.2316557827749,0,5.84114771419101,0,0
0,3.88295440162931,0,8.52902126312256,0,4.2374615388758,0,0,0,6.48751530680858,0,0,0,3.16118693351746,0,4.99931142443702,36.6630401611328,15.2711396918577,70.7378082275391,0,0,0,0,0,0,0,0,0,0,0,0,0,0,0,0,0,0,0,0,38.2433891296387,63.3553504943848,42.3301877975464,0,0,0,21.4177966551347,54.685718536377,48.9240036010742,45.1212882995605,42.6270266420701,0,3.36723475986057,0,0,67.9689559936523,5.97557448647743,0,13.3872283526829,0,4.95456791293713,0,0,58.7110481262207,72.4290084838867,0,0,0,0,0,0,0,0,35.4235763549805,0,0,0,0,0,55.9262237548828,0,74.2785797119141,0,14.0600392881193,0,20.0905883550644,0,0
0,0,0,55.363208770752,0,37.569150686264,0,0,0,67.2403717041016,0,6.28945267641986,0,0,0,0,83.123311884263,70.4626905441284,51.323137004201,5.0468003972102,0,0,0,0,82.4387664794922,0,0,0,0,0,0,0,0,0,0,7.10814688461649,0,20.1213190389234,0,11.9395912669379,75.2510089874268,29.4517851679145,60.7095368125222,34.6407835279192,0,10.0742784186963,68.7199447631836,44.913924853007,76.3857040405273,35.0413737642592,0,9.08297402718488,0,0,0,0,0,7.73056484488478,0,9.02379989624023,0,58.7110481262207,0,93.833137512207,0,0,0,0,0,0,24.9977798461914,0,14.9139009973277,0,0,0,0,0,9.76671224706279,99.12744140625,15.1147042364289,118.401532491048,47.096000344665,0,13.332064277279,30.568230205112,71.837272644043
0,0,29.5855859120687,0,10.9563203619724,0,3.5811939239502,0,0,0,6.22844244112634,0,0,0,0,0,74.311541557312,89.0146408081055,54.6372781613978,0,4.61235474014464,0,0,0,0,0,0,0,0,0,0,0,0,0,52.8756249745687,0,10.1364171142672,0,7.83289659023285,43.2005767822266,9.12311021508021,78.7648963928223,30.3627694706192,0,36.5473403930664,52.6078498840332,12.4054441455534,48.1654279327393,42.8064927187833,56.8481998443604,8.31272633066785,0,0,0,30.5974674224854,0,9.99551002733865,64.26806640625,40.9681930541992,0,0,72.4290084838867,93.833137512207,0,0,0,0,0,0,0,0,0,0,16.547932297644,0,0,0,66.4233627319336,85.5620346069336,12.2903156038934,104.803386688232,13.2562878596991,32.2134674756955,0,14.5664920098324,0,26.1078701019287
0,0,0,0,0,0,0,0,0,0,0,0,0,0,0,0,45.817937374115,23.6700749851408,19.3363647460938,0,0,4.80208210398267,3.54958789488849,12.1486120863659,0,2.86021115666344,56.8380889892578,0,0,0,0,0,0,0,0,0,0,8.56372240160553,0,0,0,59.4879112243652,0,0,0,0,0,21.7662823994954,0,10.9284191177172,0,0,0,0,0,0,0,28.4075119712136,0,0,0,0,0,0,0,0,4.82233949176601,0,9.7233753748882,0,8.79370161364412,0,19.5040940443675,0,0,0,0,0,0,0,8.27202631736945,0,4.24324616976515,4.79159461975098,37.0591659545898,0,0
0,0,0,0,0,0,0,0,0,0,0,0,0,0,0,0,3.53362361316023,49.9604797363281,0,0,0,4.85543084144592,5.13364967569832,0,14.5367788024571,0,3.65974634034293,0,4.09483934442202,0,0,0,0,0,0,0,0,0,7.45303662704385,0,0,0,0,0,0,0,0,0,6.21619039600946,0,0,0,0,0,0,0,0,0,0,0,0,0,0,0,0,0,0,8.71489890416463,0,3.36756325188805,0,6.44311939603914,0,0,0,0,0,0,0,0,0,5.3650043854934,4.02851177106692,3.26308583922502,0,0,0
0,0,0,0,0,0,0,0,0,4.51353170077006,0,0,0,0,0,0,32.7621003627777,19.0278931416963,9.98181447386742,0,0,7.51549944010648,0,3.75645506955959,32.4794025421143,3.93651906813982,0,0,0,0,0,0,0,0,0,0,0,9.22434215247631,0,0,0,0,0,0,0,0,0,0,0,6.12597465515137,0,0,0,0,0,3.99670596816193,0,0,0,0,0,0,0,0,4.82233949176601,0,0,0,4.41906012171791,0,7.79236449841329,0,18.5549354553223,0,0,0,0,0,0,73.8026885986328,6.07999081894903,65.1247482299805,7.06912932163332,0,6.23041668851325,0,0
0,0,0,0,0,0,0,0,8.38704381670271,0,0,0,0,0,0,0,13.5734374523163,0,0,0,0,0,3.91458096175358,0,3.71423115951044,0,3.11394791833816,0,0,0,0,0,0,0,0,0,0,0,5.88164075111088,0,0,0,23.8172950744629,0,0,0,0,27.251895904541,7.28708205167313,0,0,0,0,0,4.9750424035838,0,0,0,0,0,0,0,0,0,0,8.71489890416463,0,0,0,3.07036823138856,0,14.0974397659302,0,0,0,0,0,0,0,0,0,7.5683137442578,4.33382397182917,0,5.32855283130299,0,0
0,0,0,0,0,0,0,0,0,23.5711752573649,0,0,0,23.7964191436768,0,22.7865123748779,41.7839842344585,12.2016105074457,28.9035440172468,0,0,10.2805647055308,0,5.62589983940124,36.1673210144043,5.77407936577324,53.2561645507812,8.17777250982394,0,0,0,0,0,0,0,0,0,0,0,0,0,0,0,0,0,0,0,0,0,4.50859471353991,0,0,0,0,0,0,0,0,0,0,0,0,0,0,9.7233753748882,0,4.41906012171791,0,0,0,4.44794257954946,0,0,0,0,0,0,0,0,0,0,0,10.1574696022453,37.288761138916,4.39015465624192,0,0
0,0,0,0,0,0,0,0,27.8079700469971,0,0,0,0,0,6.28489561875661,0,8.47075470467185,39.8077850341797,26.8369827270508,0,0,0,4.62066597582024,39.429386138916,9.65278776486715,0,3.62257284980743,0,3.05097665506251,0,0,0,0,0,0,0,0,0,0,0,0,0,0,0,0,0,0,0,4.1274326746581,0,0,0,0,0,4.01438426971436,0,12.3191220283508,0,0,0,10.5465280214945,0,0,0,0,3.36756325188805,0,3.07036823138856,0,0,0,7.04234773344575,0,0,0,0,0,0,0,0,0,0,8.69171449343363,13.8913726806641,0,0,0
0,0,0,0,0,0,0,0,0,0,0,0,0,3.79955506324768,0,0,0,0,0,0,0,13.9533757029761,0,8.52539516766866,0,0,0,4.09012964455755,0,0,0,0,0,0,0,0,0,5.63357497905863,0,0,0,25.690804431313,0,0,0,41.7549781799316,0,73.0239868164062,0,4.80790596405665,0,0,0,0,0,0,0,10.459255939752,0,8.15379386829539,0,0,24.9977798461914,0,8.79370161364412,0,7.79236449841329,0,4.44794257954946,0,0,0,6.91285043719444,0,0,0,0,0,0,0,6.29505422500308,0,0,0,21.4668782458586,0,0
