0,0,71.466063529253,0,0,0,0,0,71.3425330072641,0,0,0,0,0,0,0,0.486829042434692,0,290.697583466768,0,0,0,0,0,10.6550876200199,0,0,0,0,0,0,0,0,0,0,0,0,1.14105451107025,27.7206536084414,0,7.75749917328358,0,49.6989503279328,0,0,0,12.9274985641241,1.73473747074604,414.221119880676,0,0,0,0,0,255.878655806184,0,5.34630601108074,0,0,0,0,0,0,7.42745542526245,0,0,0,0,0,0,0,1.11645943671465,0,3.59078745543957,0,0,0,0,0,9.07865892350674,0.383507162332535,19.7070220708847,230.122704789042,0,525.944354005158,0,0
0,0,0,38.8036266416311,0,0,0,0,0,101.387718334794,0,0,0,0,0,0,0,1.4709415435791,18.5870064496994,0,0,0.156769603490829,0,10.1393838822842,0,0.127732038497925,0,0,0,0,0,0,0,0,0,0,0,120.288919940591,0,2.13891974836588,0,117.769226446748,0.831723570823669,0,0,0.137764543294907,0,0,0,319.497161343694,0,0,0,0,0,208.146670222282,0,7.55848094820976,0,0,0,14.5481786578894,0.120561197400093,0,0,0,16.4017896950245,0,5.26167741417885,0,6.7468036711216,0,0.914476424455643,0,0,0,0,0,0.895418852567673,0,38.1815099641681,0,467.868744798005,0,720.692633576691,0.940731555223465,0
71.466063529253,0,0,0,0,0,0,0,0.722345471382141,0,0,0,0,0,0,0,0,0,0,0,0,0,0,0,0,0,0,0,0,0,0,0,0,0,0,0,0,0,0.258485436439514,0,0,0,2.41816532611847,0,0,0,0,0,67.9189949333668,0,0.201544299721718,0,0,0,6.68304961919785,0,0.178022354841232,0,4.21549627184868,0,4.9562204182148,0,0,0,0,0,0,0,0,0,0,1.17825561761856,0,0.143566831946373,0,0,0,0,0,0,0,0,11.7110061943531,0,4.13924164324999,0,0
0,38.8036266416311,0,0,0,26.8618171513081,0,0,0,1.53292155265808,0,0,0,0,0,0,0,0,0,4.24885410070419,0,0,0,0.20044319331646,0,0,0,0,0,0,0,0,0,0,0,21.9330565780401,0,0.194830492138863,0,4.9111614972353,0,23.3073219060898,0.241269886493683,0,0,1.82247741520405,0,0.169039040803909,0,114.499578908086,0,0,0,0,0,11.3021096587181,0,8.3806644231081,0,11.7751378417015,0.27446511387825,35.8195605129004,1.34819808602333,0,0,0,0.537732854485512,0,0.675566971302032,0,7.13094887137413,0.230583146214485,1.13658261299133,0,0,0,0,0,1.34549297392368,0,0.780153565108776,0,67.0853150188923,0,81.0415322110057,0.25478458404541,0
0,0,0,0,0,0,13.7770929336548,0,50.7529058009386,0,0,0,1,0,25.9291942566633,0,0,0,0,0,0,0,0,0,0,0,0,0,0,0,0,0,0,0,0,0,4.33651289343834,0,0,0,0.277689516544342,0,0,0,0,0,0,0,0.291068315505981,0,1099.63918285072,0,17.4622962474823,0,0.319243609905243,0,0,0,0,0,27.6214149445295,0,0,2.21122241020203,0,0,0,0,0,0,0,0,0,0,0,0,0,0,0,1.04789125919342,0,0,631.162492260337,20.9653289020061,15.5223490595818,0,0
0,0,0,26.8618171513081,0,0,0,124.519580200315,0,5.50899875164032,0,0,0,57.8821184039116,0,0,0,0,0,0,0,0,0,0,0,0,0,0,0,0,0,0,0,0,0,0,0,0,0,0.415083885192871,0,1.09384083747864,0,0,0,0,0,0,0,0,0,780.123219385743,0,72.8200559020042,0,0,0,17.7937349379063,0,8.66154563426971,0,3.7060918211937,0,0,0,0,0,0,0,0,0,0,0,0,0,0,0,0,0,0,0,0,743.186494499445,496.062594994903,16.7268323004246,0,0
0,0,0,0,13.7770929336548,0,0,0,0,0,17.3627403974533,0,69.6565629243851,0,0,0,0,0,0,0,0,0,0,0,0,0,0,0,0,0,0,0,0,0,0,0,0,0,0,0,0,0,0,0,0,0,0,0,0,0,0,0,475.670050859451,0,0,0,34.4881820082664,0,2.586794257164,0,0,0,0,0,0,0,0,0,0,0,0,0,0,0,0,0,0,0,0,0,0,0,114.195612132549,10.1210124492645,0,0,0
0,0,0,0,0,124.519580200315,0,0,0,0,0,14.8725943118334,0,22.1377134025097,0,0,0,0,0,0,0,0,0,0,0,0,0,0,0,0,0,0,0,0,0,0,0,0,0,0,0,0,0,0,0,0,0,0,0,0,0,29.54687038064,0,982.126839488745,0,0,0,196.476063236594,0,54.8003928661346,0,0,1.27014255523682,0,0,0,0,0,0,0,0,0,0,0,0,0,0,0,0,0,0,0,311.632236778736,123.290033519268,0,0,0
71.3425330072641,0,0.722345471382141,0,50.7529058009386,0,0,0,0,0,0,0,0,0,187.646184653044,0,0.397459000349045,0,5.80482698976994,0,0,0,0,0,124.347830206156,0,46.8054814934731,0,0,0,0,0,0,0,0,0,0.248367168009281,0.217470660805702,87.3550588786602,0,1.0043805539608,0,88.3423917293549,0,0,0,0,0.230937913060188,77.7400211691856,0,41.5650792717934,0,0,0,747.678643167019,0,69.8782086223364,0,0.237900257110596,0,650.380349591374,0,0,0.212582550942898,0,0,0,9.74044056236744,0,5.05299723148346,0,35.3781219571829,0,6.95482529699802,0,0,0,0,0,0.394060052931309,0,124.663064152002,794.083181530237,52.9471589922905,246.312015719712,0,0
0,101.387718334794,0,1.53292155265808,0,5.50899875164032,0,0,0,0,0,0,0,0,0,514.637272000313,0,150.358604952693,0.648225247859955,0,0,0.99559323489666,0,126.488458171487,0,10.2498098611832,0,0,0,0,0,0,0,0,0,0.268043465912342,0,52.2283315360546,0,3.07539376616478,0,106.955629721284,0,0,0,0.170391961932182,0,0,0,121.047685362399,0,0,0,0,0,373.893195196986,0,27.0370952785015,0,0.680985331535339,0,591.984337866306,0,0,2.18937593698502,0,73.8605194538832,0,34.9153401553631,0,151.80097822845,0,48.306399077177,0,0,0,0,0,3.82281362265348,0,42.914409071207,0,842.346783682704,211.480897665024,114.786283701658,3.6718006581068,0
0,0,0,0,0,0,17.3627403974533,0,0,0,0,0,210.207014843822,0,0,0,0,0,0,0,158.121982038021,0,0,0,0,0,0,0,8.66660483181477,0,160.518782958388,0,0,0,0,0,16.7783247232437,0,716.121507942677,0,0,0,0,0,0,0,0,0,0,0,0,0,35.6099252700806,0,0,0,3387.48481987417,0,107.433542683721,0,0,0,0,0,0,0,0,0,0,0,0,66.9576824605465,0,103.483542501926,0,0,0,0,0,0,0,18.7021539211273,41.3676137775183,0,0,0,0
0,0,0,0,0,0,0,14.8725943118334,0,0,0,0,0,113.444610655308,0,0,0,0,0,344.056036680937,0,0,0,0,0,0,0,94.9618085920811,0,326.088547989726,0,0,0,0,0,83.9912669062614,0,542.285605192184,0,0,0,0,0,0,0,0,0,0,0,0,0,0,0,4.14938163757324,0,0,0,3230.85197593272,0,367.433623403311,0,0,73.4953570514917,0,0,0,0,0,0,0,114.21876513958,0,86.9212680011988,0,0,0,0,0,9.45513772964478,0,0,0,160.365464344621,1,0.904027044773102,0,0
0,0,0,0,1,0,69.6565629243851,0,0,0,210.207014843822,0,0,0,168.232059240341,0,0,0,0,0,0,0,0,0,0,0,41.7656397819519,0,113.379564523697,0,12.3196401298046,0,0,0,0,0,0,0,0,0,0,0,0,0,0,0,0,0,0,0,0,0,30.8145107626915,0,0,0,19.5031057745218,0,113.477846637368,0,24.4336589276791,0,0,0,0,0,0,0,0,0,0,56.1566931903362,0,0.749142825603485,0,0,0,0,0,0,0,0,32.1550914049149,50.3806972503662,0,0,0
0,0,0,0,0,57.8821184039116,0,22.1377134025097,0,0,0,113.444610655308,0,0,0,65.8533865213394,0,0.554557502269745,0,0,0,0,0,0,0,0,0,56.3677260875702,0,0,0,0,0,0,0,0,0,0,0,0,0,0,0,0,0,0,0,0,0,0,0,0,0,3.68959492444992,0,0,0,17.2474611699581,0,1022.01481083035,0,2.1241238117218,0,0,0,0,0,0,3.50685912370682,0,4,0,0,0,0,0,0,0,0,0,0,0,420.730837792158,378.141988813877,0,0,0
0,0,0,0,25.9291942566633,0,0,0,187.646184653044,0,0,0,168.232059240341,0,0,0,65.2987794876099,0,0,0,0,0,0,0,2.27358603477478,0,91.4268520474434,0,0,0,0,0,0,0,0,0,0,0,0,0,0,0,0,0,0,0,0,0,0,0,46.7970856279135,0,0,0,11.6673469543457,0,0,0,54.0167846083641,0,753.513514325023,0,0,0,0,0,0,0,0,0,0,0,0,0,0,0,0,0,0,0,0,0,54.5874211788177,1,0,0,0
0,0,0,0,0,0,0,0,0,514.637272000313,0,0,0,65.8533865213394,0,0,0,66.0805477201939,0,0,0,0,0,7.70565783977509,0,8.76081037521362,0,0,0,0,0,0,0,0,0,0,0,0,0,0,0,0,0,0,0,0,0,0,0,0,0,0,0,0,0,152.681746602058,0,0,0,0,0,284.259801506996,0,0,0,0,1.53013557195663,0,0,0,0,0,0,0,0,0,0,0,0,0,0.355268031358719,0,18.5833614468575,26.3226959705353,0,0,0
0.486829042434692,0,0,0,0,0,0,0,0.397459000349045,0,0,0,0,0,65.2987794876099,0,0,9822.77806967497,3080.25771629065,0,0,0,214.267433643341,0,0.360549569129944,0,245.280822515488,0,83.5899143218994,0,0,0,0,0,0,5.74691582471132,1.74196828901768,2.03731822967529,8.23710739612579,16.7370042428374,8.21343878656626,29.3340966850519,26.7453842386603,0,0,4.4212007150054,5.58840398490429,0,2.37777972966433,0.298696078360081,0,0,0,0,0,0,4.35087044537067,0,0.0866567641496658,0,0,0,0.506751179695129,0.864458441734314,0,24.9487942457199,0,0,0,4.51244676113129,0,12.6781911998987,0.286654368042946,33.2908546477556,0,0,0,0,21.8624788820744,37.7300059944391,15.0174442157149,57.2797261402011,9092.15909521282,2066.39225316048,28.7110350802541,0.135394647717476,3.55454951524734
0,1.4709415435791,0,0,0,0,0,0,0,150.358604952693,0,0,0,0.554557502269745,0,66.0805477201939,9822.77806967497,0,2318.61343449354,0,0,895.267380341887,2.43825328350067,29.878355756402,0,1051.3719573319,0,0,0,0,0,0,0,0,0,3.98080652952194,3.01459282636642,0.206711307168007,0,37.6761708408594,3.17239864170551,48.7747624889016,6.81132864952087,0,0,13.6029936224222,1.44625180214643,0,0.622703462839127,1.57284265756607,0,0,0,0,0,1.25036466121674,0.272533260285854,0,0,0,0.252366274595261,22.6805337071419,1.03394103050232,0.871893815696239,31.0916937738657,0,0,0,235.887216225266,0,0,1.74530389904976,1.92976096272469,5.09744481742382,0,0,0,0,43.6706381812692,4.31196897476912,19.9020411074162,11.0147974044085,11612.4716031775,3778.55977486074,46.2492153942585,1.97350881993771,0.334837645292282
290.697583466768,18.5870064496994,0,0,0,0,0,0,5.80482698976994,0.648225247859955,0,0,0,0,0,0,3080.25771629065,2318.61343449354,0,0,0,0.383012413978577,0,0,0,0.560064375400543,0,0,0,0,0,0,0,0,0,46.135786626488,24.0860743522644,12.424473978579,36.7612406164408,303.677845157683,129.173734605312,472.457015518099,381.219062998891,0,0,160.155369497836,172.525506056845,0.295454397797585,44.0610565468669,26.9458733871579,0,0,0,0,0,0,13.5207501575351,0,0.559956088662148,0,1.84662414342165,0,10.8852147087455,113.287668138742,0,0,0,0,0,0,6.37034928053617,46.5848619043827,28.2971710041165,177.933870047331,0,0,0,0,295.507071606815,415.423910103738,396.840422108769,503.693809982389,7313.94619945064,123.950604900718,865.284639418125,25.2396697998047,17.9753664284945
0,0,0,4.24885410070419,0,0,0,0,0,0,0,344.056036680937,0,0,0,0,0,0,0,0,0,0,0,0,0,0,0,0,0,0,0,0,0,0,0,1315.70617829263,0,450.536245182157,0,0,0,0,0,0,0,2.0264219045639,0,0,0,0,0,36.3477594107389,0,0,0,0,0,342.76339289546,0,3.84867368638515,0,1.06302216649055,693.3913256675,0,0,0,0,0,0,0,0,0,0,0,0,0,0,0,79.323596701026,0,138.58863081038,0,197.425025239587,0,16.8903843313456,0,0
0,0,0,0,0,0,0,0,0,0,158.121982038021,0,0,0,0,0,0,0,0,0,0,0,0,0,0,0,0,0,0,0,0,0,0,0,0,0,504.437702894211,0,409.676575124264,0,0,0,0,0,0,0,0,0,0,0,0,0,0,0,0,0,344.854398071766,0,0,0,0,0,0,483.055117458105,0,0,0,0,0,0,0,0,0,0,0,0,0,0,0,48.9037505984306,0,196.023928835988,226.45470751822,0,1.56652057170868,0,0
0,0.156769603490829,0,0,0,0,0,0,0,0.99559323489666,0,0,0,0,0,0,0,895.267380341887,0.383012413978577,0,0,0,106.231014251709,100.097203224897,0,240.892923846841,0,10.5627608299255,0,0,0,0,0,0,0,0,0,623.19525411725,0,0,0,1.67873547226191,0,0,0,0,0,0,0,525.255383431911,0,0,0,0,0,0,0,0.202487975358963,0,0,0,2.42171497642994,0,0,7937.77840383351,0,101.550297066569,0,244.561457395554,0,87.5595181435347,0,0,0,0,0,0,0,0,0,247.224834814668,0,2238.27281069756,4693.1514198184,0.396576777100563,0,0
0,0,0,0,0,0,0,0,0,0,0,0,0,0,0,0,214.267433643341,2.43825328350067,0,0,0,106.231014251709,0,0,106.213200092316,0,94.9573592245579,0,85.4818893671036,0,0,0,0,0,0,0,0,2.55798861384392,1059.43809190392,0,0,0,0.562213100492954,0,0,0,0,2.07895696163177,327.717405229807,0,0,0,0,0,0,0,0,0,0,0,0,0,0,0,5.20167234539986,10086.1539674252,0,181.332568347454,0,19.1781075596809,0,85.2703883051872,0,0,0,0,0,0,0,0,0,359.542144849896,3200.81879872084,2926.1893787533,0.693516537547112,0,0
0,10.1393838822842,0,0.20044319331646,0,0,0,0,0,126.488458171487,0,0,0,0,0,7.70565783977509,0,29.878355756402,0,0,0,100.097203224897,0,0,0,160.998316898942,0,0,0,0,0,0,0,0,0,0,0,299.804614022374,0,0.261665344238281,0,9.04934646189213,0,0,0,0,0,0,0,3.02906596660614,0,0,0,0,0,63.8087532967329,0,0,0,0,0,1.20077818632126,0,0,53.4797284901142,0,685.167162328959,0,315.64331433177,0,0.976960718631744,0,0,0,0,0,0,0,0,0,191.804348155856,0,67.8169759362936,1.70340931415558,28.6368745416403,0,0
10.6550876200199,0,0,0,0,0,0,0,124.347830206156,0,0,0,0,0,2.27358603477478,0,0.360549569129944,0,0,0,0,0,106.213200092316,0,0,0,146.533171802759,0,0,0,0,0,0,0,0,0,0,6.3423125743866,172.435173720121,0,0,0,0.144254818558693,0,0,0,0,7.78877635300159,3.07464601099491,0,0,0,0,0,83.3834673911333,0,0.201825901865959,0,0,0,39.1563690006733,0,0,0,0,37.0731225460768,0,904.24552193284,0,145.443570822477,0,0,0,0,0,0,0,0,0,0,0.705678284168243,52.3251524865627,210.816033214331,0.53831422328949,18.8586244732141,0,0
0,0.127732038497925,0,0,0,0,0,0,0,10.2498098611832,0,0,0,0,0,8.76081037521362,0,1051.3719573319,0.560064375400543,0,0,240.892923846841,0,160.998316898942,0,0,0,0.927669495344162,0,0,0,0,0,0,0,0,0,0,0,0,0,1.38677906990051,0,0,0,0,0,0,0,0.431812718510628,0,0,0,0,0,2.82369792461395,0,0,0,0,0,38.4111894667149,0,0,188.604325279593,0,52.2514476180077,0,930.621368929744,0,8.40036262571812,0,0,0,0,0,0,0,0,0,0,0,160.559342309833,0,1.35982446372509,0,0
0,0,0,0,0,0,0,0,46.8054814934731,0,0,0,41.7656397819519,0,91.4268520474434,0,245.280822515488,0,0,0,0,0,94.9573592245579,0,146.533171802759,0,0,0,93.6749654263258,0,0,0,0,0,0,0,0,0,0,0,0,0,0,0,0,0,0,0,0,0,0,0,0,0,0,0,0,0,0,0,119.253128647804,0,0,0,0,245.654386565089,0,0,0,611.367556110024,0,17.6908109039068,0,0,0,0,0,0,0,0,0,0,234.003759205341,0,0,0,0
0,0,0,0,0,0,0,0,0,0,0,94.9618085920811,0,56.3677260875702,0,0,0,0,0,0,0,10.5627608299255,0,0,0,0.927669495344162,0,0,0,178.020996451378,0,0,0,0,0,0,0,0,0,0,0,0,0,0,0,0,0,0,0,0,0,0,0,0,0,0,0,0.327943474054337,0,40.5220311880112,0,0,0,0,4.47812843322754,0,0,0,113.878023788333,0,1223.60004773736,0,0,0,0,0,0,0,0,0,70.8356590270996,0,216.867505759001,71.0321058034897,0,0,0
0,0,0,0,0,0,0,0,0,0,8.66660483181477,0,113.379564523697,0,0,0,83.5899143218994,0,0,0,0,0,85.4818893671036,0,0,0,93.6749654263258,0,0,0,127.173734769225,0,0,0,0,0,0,0,5.31422835588455,0,0,0,0,0,0,0,0,0,0,0,0,0,0,0,0,0,0.369726464152336,0,73.8426076173782,0,0,0,0,0,0,29.475920021534,0,0,0,174.795139789581,0,693.284448087215,0,4.67420434951782,0,0,0,0,0,0,0,0,83.8344470262527,79.0209393501282,0,0,0
0,0,0,0,0,0,0,0,0,0,0,326.088547989726,0,0,0,0,0,0,0,0,0,0,0,0,0,0,0,178.020996451378,0,0,0,0,0,0,0,0,0,177.886965513229,0,0,0,0,0,0,0,0,0,0,0,0,0,0,0,0,0,0,0,40.3864422440529,0,0,0,0,0,0,0,0,0,0,0,0,269.870362743735,0,277.031571805477,0,0,0,0,0,0,0,14.518779233098,0,31.7544620037079,0,0,0,0
0,0,0,0,0,0,0,0,0,0,160.518782958388,0,12.3196401298046,0,0,0,0,0,0,0,0,0,0,0,0,0,0,0,127.173734769225,0,0,0,0,0,0,0,0,0,63.3991163671017,0,0,0,0,0,0,0,0,0,0,0,0,0,0,0,0,0,19.6082763075829,0,0,0,0,0,0,0,0,0,0,0,0,0,0,117.643784359097,0,426.111826479435,0,0,0,0,0,0,0,3.1040785908699,1.81473284959793,2,0,0,0
0,0,0,0,0,0,0,0,0,0,0,0,0,0,0,0,0,0,0,0,0,0,0,0,0,0,0,0,0,0,0,0,604.363488852978,22.879115909338,5.45485734939575,330.976732522249,15.6012524366379,0.12535847723484,0,0,0,0,0,0,0,0,0,430.19440163672,1.39970731735229,0.549379467964172,0,0,0,0,0,0,0,0,0,0,0,0,0,0,0,0,0,0,0,0,0,0,0,0,688.224981032312,204.10006287694,54.1019832864404,11.2863140106201,72.5672396570444,14.8273197412491,0.305312477052212,0,103.432067632675,0,0,0,0
0,0,0,0,0,0,0,0,0,0,0,0,0,0,0,0,0,0,0,0,0,0,0,0,0,0,0,0,0,0,0,604.363488852978,0,0.861982524394989,60.023046053946,15.660364151001,279.592803120613,0,0,0,0.181248739361763,0,0,0,0,0,0,341.117661714554,1.6830929517746,2.10427522659302,0,0,0,0,0,0,0,0,0,0,0,0,0,0,0,0,0,0,0,0,0,0,0,0,103.604879185557,763.542006671429,1.64431750774384,46.5184838622808,19.3290921151638,225.428379550576,0,1.22912959754467,136.355507791042,0,1.90280850231647,0,0
0,0,0,0,0,0,0,0,0,0,0,0,0,0,0,0,0,0,0,0,0,0,0,0,0,0,0,0,0,0,0,22.879115909338,0.861982524394989,0,190.569570541382,336.643387161195,0,558.912810429931,10.5910578668118,0,0,2.72558185458183,3.624935567379,0,0,0,0,2089.7212941125,19.9773154258728,5.34579259157181,0,0,0,0,0,0,0,0,0,0,0,0,0,0,0,0,0,0.488078892230988,0,0,0,0,0,0,55.7239452004433,2.95295722782612,2016.48768852651,75.1549063324928,36.1343332454562,0.677272349596024,281.230641975999,41.6515164524317,666.698705479503,276.930475741625,8.50369530916214,0,0
0,0,0,0,0,0,0,0,0,0,0,0,0,0,0,0,0,0,0,0,0,0,0,0,0,0,0,0,0,0,0,5.45485734939575,60.023046053946,190.569570541382,0,0,278.315357223153,2.69318288564682,121.440398648381,0,0,0,0,0,0,0,0,637.834403768182,0.413120314478874,0.705906689167023,0,0,0,0,0,0,0,0,0,0,0,0,0,0,0,0,0,0,0,0,0,0,0,0,0,136.404455378652,185.227996557951,2214.89076954871,0.808530241250992,139.825942292809,0,401.662088878453,228.1881082654,9.26561188697815,0.21529096364975,0,0
0,0,0,21.9330565780401,0,0,0,0,0,0.268043465912342,0,83.9912669062614,0,0,0,0,5.74691582471132,3.98080652952194,46.135786626488,1315.70617829263,0,0,0,0,0,0,0,0,0,0,0,330.976732522249,15.660364151001,336.643387161195,0,0,1716.26503847539,1559.95757168531,0,47.9587581567466,1.88866305351257,141.789252623916,2.87542320787907,0,0,63.0443057343364,2.44557696580887,154.788398571312,1.42443686723709,135.787116624415,0,23.8799194842577,0,0,0,0,0,266.567002311349,0,7.19082450866699,0,27.6153371334076,1644.76559955627,0.175556614995003,0,0,0,0,0,0,0.168595924973488,0.128717496991158,1.56532835960388,0,251.970631562173,0.823361277580261,347.727650336921,0,17221.1139634699,710.099796168506,2626.91306881979,1.92406293749809,2475.24988832325,472.613981604576,187.462235175073,23.9693096280098,0.0814550966024399
0,0,0,0,4.33651289343834,0,0,0,0.248367168009281,0,16.7783247232437,0,0,0,0,0,1.74196828901768,3.01459282636642,24.0860743522644,0,504.437702894211,0,0,0,0,0,0,0,0,0,0,15.6012524366379,279.592803120613,0,278.315357223153,1716.26503847539,0,0,2441.16226930171,0,14.8718871027231,0,92.4352089762688,0,0,0,260.910426102579,103.755894616246,20.2349044531584,1.63898888230324,19.0442850291729,0,0,0,1.48160207271576,0,64.2432975023985,0,15.5190630704165,0,6.01778899878263,0,0,1479.09528125823,0,0,0,0,0,0.113195225596428,0,9.24032363295555,0,17.9010943993926,93.0079523921013,235.118333518505,0,24.2178240418434,619.93622161448,21795.0957652107,0,3841.79400356859,1957.63677865267,302.172175332904,109.586546123028,0,3.52344815433025
1.14105451107025,120.288919940591,0,0.194830492138863,0,0,0,0,0.217470660805702,52.2283315360546,0,542.285605192184,0,0,0,0,2.03731822967529,0.206711307168007,12.424473978579,450.536245182157,0,623.19525411725,2.55798861384392,299.804614022374,6.3423125743866,0,0,0,0,177.886965513229,0,0.12535847723484,0,558.912810429931,2.69318288564682,1559.95757168531,0,0,133.488115936518,2.01201198250055,0,44.8995971083641,0.0768305286765099,0,0,75.3907882124186,0,414.886735498905,3.21031248569489,77.664117962122,0,0,0,0,0.320817530155182,127.030274644494,0,182.035239420831,0,0,0,16.2597800940275,452.850986145437,0.087563619017601,134.892532914877,3.6781519651413,234.927173912525,33.7456216812134,10.1724775731564,0,21.7199319750071,0,34.5971239507198,0,0.128575369715691,0,193.234814047813,1.55098301172256,242.165361121297,0,15306.7418529764,340.04288418591,2921.99301382154,1073.79995916784,170.593349426985,4.45948900282383,0
27.7206536084414,0,0.258485436439514,0,0,0,0,0,87.3550588786602,0,716.121507942677,0,0,0,0,0,8.23710739612579,0,36.7612406164408,0,409.676575124264,0,1059.43809190392,0,172.435173720121,0,0,0,5.31422835588455,0,63.3991163671017,0,0,10.5910578668118,121.440398648381,0,2441.16226930171,133.488115936518,0,0,3.06412218511105,0,37.4721343740821,0,0,0,37.3029806166887,347.261863991618,24.1582471951842,0,0,0,0,0,13.5742629170418,0,406.783783137798,0,0.208545297384262,0,1.23761679232121,0,0,296.088332518935,0,377.908063128591,0,255.575034722686,0,0,0,9.85384610295296,0,448.79041017592,0,1.03198499232531,0,114.268380314112,0,443.810551300645,23.6949762403965,14932.7430512458,3069.6509648338,457.471362948418,137.622388064861,0,0.394506573677063
0,2.13891974836588,0,4.9111614972353,0,0.415083885192871,0,0,0,3.07539376616478,0,0,0,0,0,0,16.7370042428374,37.6761708408594,303.677845157683,0,0,0,0,0.261665344238281,0,0,0,0,0,0,0,0,0,0,0,47.9587581567466,0,2.01201198250055,0,0,1.61928716301918,1345.9488542676,5.85814955085516,0,0,205.286811806262,0.0758627578616142,592.622194737196,2.59172397851944,1624.03432431072,0,0,0,0,0,0.249926283955574,0.339422136545181,4.42065098881721,1.31846082210541,0.631569027900696,1.06420838832855,4.55235209316015,8.8814115524292,0,0.138286203145981,0,0,0,0,0,6.72189138829708,0.123923353850842,4.68164969980717,0.145409062504768,0,0,0,0,1056.91665445641,5.02049327641726,43.1974576637149,5.0975316464901,220.118970125914,0,453.788616940379,43.1252323240042,0
7.75749917328358,0,0,0,0.277689516544342,0,0,0,1.0043805539608,0,0,0,0,0,0,0,8.21343878656626,3.17239864170551,129.173734605312,0,0,0,0,0,0,0,0,0,0,0,0,0,0.181248739361763,0,0,1.88866305351257,14.8718871027231,0,3.06412218511105,1.61928716301918,0,2.5846324339509,894.930024079978,0,0,0.188353389501572,175.187024891376,307.805652409792,778.571816504002,9.7859919667244,3.88726767897606,0,0,0,2.83874899148941,0,8.04200778901577,0,2.4748572781682,0,12.1083938926458,1.34581542015076,0,16.957017749548,0,0,0,0,0,0,0,6.40220149606466,1.59888458251953,22.9412673711777,0,4.3126568198204,0,0.758283674716949,29.139204762876,754.732927158475,0.6993368268013,42.9734969139099,93.888983309269,0.159778729081154,180.460947588086,0,5.53372528403997
0,117.769226446748,0,23.3073219060898,0,1.09384083747864,0,0,0,106.955629721284,0,0,0,0,0,0,29.3340966850519,48.7747624889016,472.457015518099,0,0,1.67873547226191,0,9.04934646189213,0,1.38677906990051,0,0,0,0,0,0,0,2.72558185458183,0,141.789252623916,0,44.8995971083641,0,1345.9488542676,2.5846324339509,0,82.5672727152705,0,0,484.570578329265,0.353360712528229,120.094186276197,1.64207001775503,572.549167916179,0,0,0,0,0,15.3268791735172,0.133750915527344,21.25243909657,0.150618657469749,5.03974241763353,0.151777222752571,45.9062774404883,15.0193149447441,2.13705436140299,0.876447543501854,0,8.18988973647356,0,41.4074576944113,0,201.660603709519,0.433414816856384,119.753965295851,4.09852105379105,0,0,0,0,671.027688827366,0.804353013634682,350.547076761723,5.33517395704985,1918.02259323373,12.3981005400419,1807.24639113992,105.979769356549,0.178071871399879
49.6989503279328,0.831723570823669,2.41816532611847,0.241269886493683,0,0,0,0,88.3423917293549,0,0,0,0,0,0,0,26.7453842386603,6.81132864952087,381.219062998891,0,0,0,0.562213100492954,0,0.144254818558693,0,0,0,0,0,0,0,0,3.624935567379,0,2.87542320787907,92.4352089762688,0.0768305286765099,37.4721343740821,5.85814955085516,894.930024079978,82.5672727152705,0,0,16.1676396131516,0.617391481995583,538.467158280313,170.476924963295,611.29523780942,0.560760572552681,64.8890478760004,0,0,0,86.0083876922727,0,247.382479131222,0,32.6492020264268,0,109.711423892528,0,0,225.46150688082,0,0,0,0.556859135627747,0,3.69730919599533,0,463.389245420694,1.59081327915192,319.186269074678,0,0,0.516515254974365,10.0989235341549,5.47586756944656,1053.75171395391,8.46318154036999,408.756765536964,1933.59814209491,6.1717144921422,1396.7806989029,1.51644302904606,55.3012364953756
0,0,0,0,0,0,0,0,0,0,0,0,0,0,0,0,0,0,0,0,0,0,0,0,0,0,0,0,0,0,0,0,0,0,0,0,0,0,0,0,0,0,0,0,0,0,0,0,0,0,0,0,0,0,0,0,0,0,0,0,0,0,0,0,0,0,0,0,0,0,0,0,0,0,0,0,0,0,0,0,0,0,0,0,0,0,0
0,0,0,0,0,0,0,0,0,0,0,0,0,0,0,0,0,0,0,0,0,0,0,0,0,0,0,0,0,0,0,0,0,0,0,0,0,0,0,0,0,0,16.1676396131516,0,0,0,0,0,0,0,0,0,0,0,0,0,0,0,0,0,0,0,0,0,0,0,0,0,0,0,0,0,0,0,0,0,0,0,0,0,0,0,1,0,0,0,0
0,0.137764543294907,0,1.82247741520405,0,0,0,0,0,0.170391961932182,0,0,0,0,0,0,4.4212007150054,13.6029936224222,160.155369497836,2.0264219045639,0,0,0,0,0,0,0,0,0,0,0,0,0,0,0,63.0443057343364,0,75.3907882124186,0,205.286811806262,0.188353389501572,484.570578329265,0.617391481995583,0,0,0,0,0,0,6.09213933348656,0,0.366799354553223,0,0,0,0,0,11.9810408949852,0,0.171961739659309,0,2.8494074344635,870.9509947896,0,0,0,0,0,0,0,0.633278667926788,0.163634955883026,3.14182212948799,0,0,0,0,0,415.472617357969,0,333.868667647243,0,57.432569257915,0.105358518660069,177.022628940642,5.10062240064144,0
12.9274985641241,0,0,0,0,0,0,0,0,0,0,0,0,0,0,0,5.58840398490429,1.44625180214643,172.525506056845,0,0,0,0,0,0,0,0,0,0,0,0,0,0,0,0,2.44557696580887,260.910426102579,0,37.3029806166887,0.0758627578616142,175.187024891376,0.353360712528229,538.467158280313,0,0,0,0,0,4.23290076851845,0.0992870479822159,2.03299526870251,0,0,0,1.53067994117737,0,4.760921433568,0,3.0492474809289,0,0.745197653770447,0,0,954.356129869819,0,0,0,0,0,0,0,6.1914245262742,0.1141172721982,12.7866658940911,0,0,0,0,3.21986839175224,897.873660378158,0,150.577965445817,98.8768601194024,0.899185329675674,128.802867561579,0,0.681895174086094
1.73473747074604,0,0,0.169039040803909,0,0,0,0,0.230937913060188,0,0,0,0,0,0,0,0,0,0.295454397797585,0,0,0,2.07895696163177,0,7.78877635300159,0,0,0,0,0,0,430.19440163672,341.117661714554,2089.7212941125,637.834403768182,154.788398571312,103.755894616246,414.886735498905,347.261863991618,592.622194737196,307.805652409792,120.094186276197,170.476924963295,0,0,0,0,0,1164.59847430885,1228.46078023314,0.192651584744453,0,0,0,0.502795666456223,0,0,0.131351590156555,0.407793506979942,0,0.815165594220161,0.14514496922493,0,0,0,2.09594197571278,0.403964519500732,45.1884051114321,0,0.215593665838242,0,0,0,0,864.534474812448,2234.30813840032,522.397342257202,1729.26898381859,1437.85490018874,1014.20629426837,403.184748232365,1452.7214449048,2047.56710891426,0,612.783687144518,0.464032739400864,0
414.221119880676,0,67.9189949333668,0,0.291068315505981,0,0,0,77.7400211691856,0,0,0,0,0,0,0,2.37777972966433,0.622703462839127,44.0610565468669,0,0,0,327.717405229807,0,3.07464601099491,0,0,0,0,0,0,1.39970731735229,1.6830929517746,19.9773154258728,0.413120314478874,1.42443686723709,20.2349044531584,3.21031248569489,24.1582471951842,2.59172397851944,778.571816504002,1.64207001775503,611.29523780942,0,0,0,4.23290076851845,1164.59847430885,0,141.114988058805,3.14262894541025,0,0,0,40.2512672021985,0,32.4916768744588,0,9.75995071232319,0,55.2608042359352,0,0,5.8747434169054,0,389.133160993457,0,12.9193718284369,0,3.42771250009537,0,130.785956885666,0,37.0519852936268,1.40560975670815,25.4813074469566,2.17643105983734,51.982350602746,120.687295198441,251.468114450574,1.00067456066608,504.809639886022,584.051951356232,0,734.55097489059,0,0.24329698830843
0,319.497161343694,0,114.499578908086,0,0,0,0,0,121.047685362399,0,0,0,0,0,0,0.298696078360081,1.57284265756607,26.9458733871579,0,0,525.255383431911,0,3.02906596660614,0,0.431812718510628,0,0,0,0,0,0.549379467964172,2.10427522659302,5.34579259157181,0.705906689167023,135.787116624415,1.63898888230324,77.664117962122,0,1624.03432431072,9.7859919667244,572.549167916179,0.560760572552681,0,0,6.09213933348656,0.0992870479822159,1228.46078023314,141.114988058805,0,0,0,0,0,0,28.4710094928741,0,18.3238116055727,0,14.4815586805344,0,94.7485813871026,5.0879064053297,0,434.146289609373,0,5.70502431690693,0,18.0002223104239,0,126.851389236748,0.0851521492004395,14.6898773163557,0.207732006907463,19.1372718513012,29.9819741845131,70.3517659306526,2.16198319196701,824.449609354138,116.319985054433,569.16912779212,0,498.375742554665,0,1036.64031594247,7.49929986149073,0
0,0,0.201544299721718,0,1099.63918285072,0,0,0,41.5650792717934,0,0,0,0,0,46.7970856279135,0,0,0,0,0,0,0,0,0,0,0,0,0,0,0,0,0,0,0,0,0,19.0442850291729,0,0,0,3.88726767897606,0,64.8890478760004,0,0,0,2.03299526870251,0.192651584744453,3.14262894541025,0,0,0,12.7778286933899,0,0.471246123313904,0,9.46104466915131,0.221804678440094,9.05980432033539,0,190.761825785041,0,0,227.621082618833,0,0,0,0,0,0,0,0.145952820777893,0,0.331736788153648,0,0,0,0,0,43.395572334528,0,0,467.446035921574,1.02761936187744,129.121039792895,0,0
0,0,0,0,0,780.123219385743,0,29.54687038064,0,0,0,0,0,0,0,0,0,0,0,36.3477594107389,0,0,0,0,0,0,0,0,0,0,0,0,0,0,0,23.8799194842577,0,0,0,0,0,0,0,0,0,0.366799354553223,0,0,0,0,0,0,0,3.3943558037281,0,0,0,154.776508748531,0,0.490512579679489,0,0.220131456851959,30.4509588778019,0,0,0,0,0,0,0,0,0,0,0,0,0,0,0,15.4149619042873,0,0,0,884.515483543277,182.470673516393,43.2203726321459,0,0
0,0,0,0,17.4622962474823,0,475.670050859451,0,0,0,35.6099252700806,0,30.8145107626915,0,0,0,0,0,0,0,0,0,0,0,0,0,0,0,0,0,0,0,0,0,0,0,0,0,0,0,0,0,0,0,0,0,0,0,0,0,12.7778286933899,0,0,0,0,0,76.4876108765602,0,74.4510652422905,0,0,0,0,2.83439999818802,0,0,0,0,0,0,0,0,0,0,0,0,0,0,0,0,0,0,385.240695655346,19.0041431188583,4.07957142591476,0,0
0,0,0,0,0,72.8200559020042,0,982.126839488745,0,0,0,4.14938163757324,0,3.68959492444992,0,0,0,0,0,0,0,0,0,0,0,0,0,0,0,0,0,0,0,0,0,0,0,0,0,0,0,0,0,0,0,0,0,0,0,0,0,3.3943558037281,0,0,0,0,0,15.931180998683,0,0,0,0,0,0,0,0,0,0,0,0,0,0,0,0,0,0,0,0,0,0,0,0,99.9396761655807,14.5539989471436,0,0,0
255.878655806184,0,6.68304961919785,0,0.319243609905243,0,0,0,747.678643167019,0,0,0,0,0,11.6673469543457,0,0,0,0,0,0,0,0,0,83.3834673911333,0,0,0,0,0,0,0,0,0,0,0,1.48160207271576,0.320817530155182,13.5742629170418,0,2.83874899148941,0,86.0083876922727,0,0,0,1.53067994117737,0.502795666456223,40.2512672021985,0,0.471246123313904,0,0,0,0,0,3.78631510585546,0,3.91423463821411,0,93.7446036413312,0,0,1.068364828825,0,0,0,20.0964359343052,0,0,0,4.90611094236374,0,2.30654868483543,0,0,0,0.707671225070953,0,3.19576974213123,0,80.6244518607855,253.718202263117,37.4122114181519,84.8182697147131,0,0
0,208.146670222282,0,11.3021096587181,0,0,0,0,0,373.893195196986,0,0,0,0,0,152.681746602058,0,1.25036466121674,0,0,0,0,0,63.8087532967329,0,2.82369792461395,0,0,0,0,0,0,0,0,0,0,0,127.030274644494,0,0.249926283955574,0,15.3268791735172,0,0,0,0,0,0,0,28.4710094928741,0,0,0,0,0,0,0,11.5505013167858,0,3.35030075907707,0,312.926996767521,0,0,0.963787004351616,0,201.624327763915,0,12.0670144110918,0,67.4938379526138,0,5.34707592427731,0,0,0,0,0,0.255945563316345,0,65.8710363954306,0,53.3124946504831,6.01636403799057,40.7537101879716,0.586519822478294,0
5.34630601108074,0,0.178022354841232,0,0,0,34.4881820082664,0,69.8782086223364,0,3387.48481987417,0,19.5031057745218,0,0,0,4.35087044537067,0.272533260285854,13.5207501575351,0,344.854398071766,0,0,0,0.201825901865959,0,0,0,0.369726464152336,0,19.6082763075829,0,0,0,0,0,64.2432975023985,0,406.783783137798,0.339422136545181,8.04200778901577,0.133750915527344,247.382479131222,0,0,0,4.760921433568,0,32.4916768744588,0,9.46104466915131,0,76.4876108765602,0,3.78631510585546,0,0,0,102.319584436715,0,18.3453273251653,0,0,248.562763340771,0,0,0,0,0,6.54494547843933,0,325.457055822015,0,206.496415317059,0,0,0,0,0.223367661237717,38.9516456797719,0,29.8344412744045,369.92469740659,0,1233.31498084962,0,0.909164577722549
0,7.55848094820976,0,8.3806644231081,0,17.7937349379063,0,196.476063236594,0,27.0370952785015,0,3230.85197593272,0,17.2474611699581,0,0,0,0,0,342.76339289546,0,0.202487975358963,0,0,0,0,0,0.327943474054337,0,40.3864422440529,0,0,0,0,0,266.567002311349,0,182.035239420831,0,4.42065098881721,0,21.25243909657,0,0,0,11.9810408949852,0,0.131351590156555,0,18.3238116055727,0.221804678440094,154.776508748531,0,15.931180998683,0,11.5505013167858,0,0,0,29.279703989625,0,1.06456585228443,890.544696599245,0,0,0,1.53361651301384,0,9.83153107762337,0,367.275619909167,0,367.775875300169,0,0,0,0,0,27.1440757513046,0,47.4690187871456,0,150.837315037847,0,509.035724878311,0.706220164895058,0
0,0,4.21549627184868,0,0,0,2.586794257164,0,0.237900257110596,0,107.433542683721,0,113.477846637368,0,54.0167846083641,0,0.0866567641496658,0,0.559956088662148,0,0,0,0,0,0,0,0,0,73.8426076173782,0,0,0,0,0,0,0,15.5190630704165,0,0.208545297384262,1.31846082210541,2.4748572781682,0.150618657469749,32.6492020264268,0,0,0,3.0492474809289,0.407793506979942,9.75995071232319,0,9.05980432033539,0,74.4510652422905,0,3.91423463821411,0,102.319584436715,0,0,0,51.7932247146964,0,0,74.6369796842337,0,0,0,0,0,10.4481994211674,0,12.5523339956999,0,0.511742457747459,0,0,0,0.161793902516365,0,45.5661781206727,0,0.396171487867832,42.1428672522306,0,158.563659586012,0,0
0,0,0,11.7751378417015,0,8.66154563426971,0,54.8003928661346,0,0.680985331535339,0,367.433623403311,0,1022.01481083035,0,0,0,0,0,3.84867368638515,0,0,0,0,0,0,0,40.5220311880112,0,0,0,0,0,0,0,7.19082450866699,0,0,0,0.631569027900696,0,5.03974241763353,0,0,0,0.171961739659309,0,0,0,14.4815586805344,0,0.490512579679489,0,0,0,3.35030075907707,0,29.279703989625,0,0,0,4.01420649886131,16.5677044987679,0,0,0,0.300929218530655,0,5.9816637635231,0,49.0279040634632,0,0,0,0,0,0,0,7.99602448940277,0,0,0,69.0417457669973,104.338636338711,43.7046561539173,0,0
0,0,4.9562204182148,0.27446511387825,27.6214149445295,0,0,0,650.380349591374,0,0,0,24.4336589276791,0,753.513514325023,0,0,0.252366274595261,1.84662414342165,0,0,0,0,0,39.1563690006733,0,119.253128647804,0,0,0,0,0,0,0,0,0,6.01778899878263,0,1.23761679232121,1.06420838832855,12.1083938926458,0.151777222752571,109.711423892528,0,0,0,0.745197653770447,0.815165594220161,55.2608042359352,0,190.761825785041,0,0,0,93.7446036413312,0,18.3453273251653,0,51.7932247146964,0,0,0,0,3.13408856093884,0,0,0,0,0,27.6796785518527,0,32.0234502255917,0,9.53195103257895,0,0,0,0.530316889286041,0.0681669861078262,15.0789217427373,0,4.6317877843976,113.554670028389,0,135.410234555602,0,0.925927452743053
0,14.5481786578894,0,35.8195605129004,0,3.7060918211937,0,0,0,591.984337866306,0,0,0,2.1241238117218,0,284.259801506996,0,22.6805337071419,0,1.06302216649055,0,2.42171497642994,0,1.20077818632126,0,38.4111894667149,0,0,0,0,0,0,0,0,0,27.6153371334076,0,16.2597800940275,0,4.55235209316015,1.34581542015076,45.9062774404883,0,0,0,2.8494074344635,0,0.14514496922493,0,94.7485813871026,0,0.220131456851959,0,0,0,312.926996767521,0,1.06456585228443,0,4.01420649886131,0,0,6.96726009249687,0,1.97371403872967,0,9.07041157782078,0,142.672116935253,0,2.73254154622555,0,0.97721540927887,0,0,0,0,0,7.90132875740528,0,12.555960059166,0,66.9615265727043,7.45935750007629,114.92367695272,0.171909883618355,0
0,0.120561197400093,0,1.34819808602333,0,0,0,1.27014255523682,0,0,0,73.4953570514917,0,0,0,0,0.506751179695129,1.03394103050232,10.8852147087455,693.3913256675,0,0,0,0,0,0,0,0,0,0,0,0,0,0,0,1644.76559955627,0,452.850986145437,0,8.8814115524292,0,15.0193149447441,0,0,0,870.9509947896,0,0,0,5.0879064053297,0,30.4509588778019,0,0,0,0,0,890.544696599245,0,16.5677044987679,0,6.96726009249687,0,0,0,0,0,0,0,0,6.46849004179239,0,65.5156528502703,0,0,0,0,0,262.284872800112,0.70091313123703,1140.98616178334,0,20.0106443837285,0,452.780593544245,0,0
7.42745542526245,0,0,0,2.21122241020203,0,0,0,0.212582550942898,0,0,0,0,0,0,0,0.864458441734314,0.871893815696239,113.287668138742,0,483.055117458105,0,0,0,0,0,0,0,0,0,0,0,0,0,0,0.175556614995003,1479.09528125823,0.087563619017601,296.088332518935,0,16.957017749548,2.13705436140299,225.46150688082,0,0,0,954.356129869819,0,5.8747434169054,0,227.621082618833,0,2.83439999818802,0,1.068364828825,0,248.562763340771,0,74.6369796842337,0,3.13408856093884,0,0,0,0,0,0,0,0,0,0,27.4695085659623,0,210.78601013869,0,0,0,0,1.55262830108404,703.07344892621,0,686.047259815037,66.6025308966637,0.551496177911758,559.088460788131,0,0
0,0,0,0,0,0,0,0,0,2.18937593698502,0,0,0,0,0,0,0,31.0916937738657,0,0,0,7937.77840383351,5.20167234539986,53.4797284901142,0,188.604325279593,0,4.47812843322754,0,0,0,0,0,0,0,0,0,134.892532914877,0,0.138286203145981,0,0.876447543501854,0,0,0,0,0,0,0,434.146289609373,0,0,0,0,0,0.963787004351616,0,0,0,0,0,1.97371403872967,0,0,0,0,107.588922634721,0,582.338848277926,0,454.377023264766,0,0,0,0,0,0,0,0.128488138318062,0,199.530138492584,0,481.707788027823,893.643040850759,1.3180003464222,0,0
0,0,0,0,0,0,0,0,0,0,0,0,0,0,0,0,24.9487942457199,0,0,0,0,0,10086.1539674252,0,37.0731225460768,0,245.654386565089,0,29.475920021534,0,0,0,0,0,0,0,0,3.6781519651413,377.908063128591,0,0,0,0,0,0,0,0,2.09594197571278,389.133160993457,0,0,0,0,0,0,0,0,0,0,0,0,0,0,0,0,0,0,204.590799733996,0,620.079585894942,0,204.427238821983,0,0,0,0,0,0,0,0,1.06183722615242,361.168057620525,1079.70060400665,474.374552428722,0.482888944447041,0,0
0,16.4017896950245,0,0.537732854485512,0,0,0,0,0,73.8605194538832,0,0,0,0,0,1.53013557195663,0,0,0,0,0,101.550297066569,0,685.167162328959,0,52.2514476180077,0,0,0,0,0,0,0,0,0,0,0,234.927173912525,0,0,0,8.18988973647356,0,0,0,0,0,0.403964519500732,0,5.70502431690693,0,0,0,0,0,201.624327763915,0,1.53361651301384,0,0.300929218530655,0,9.07041157782078,0,0,107.588922634721,0,0,0,75.247173756361,0,6.0558727234602,0,0,0,0,0,0,0,0,0,325.134994670749,0,17.0318098962307,0,20.7408513501287,0.649347126483917,0
0,0,0,0,0,0,0,0,9.74044056236744,0,0,0,0,0,0,0,0,0,0,0,0,0,181.332568347454,0,904.24552193284,0,0,0,0,0,0,0,0,0.488078892230988,0,0,0,33.7456216812134,255.575034722686,0,0,0,0.556859135627747,0,0,0,0,45.1884051114321,12.9193718284369,0,0,0,0,0,20.0964359343052,0,0,0,0,0,0,0,0,0,0,204.590799733996,0,0,0,51.6119236648083,0,0,0,0,0,0,0,0,0,0,2.33388724923134,211.987165227532,69.7706632316113,3.5935842692852,158.25079035759,0,0
0,5.26167741417885,0,0.675566971302032,0,0,0,0,0,34.9153401553631,0,0,0,3.50685912370682,0,0,0,235.887216225266,0,0,0,244.561457395554,0,315.64331433177,0,930.621368929744,0,113.878023788333,0,0,0,0,0,0,0,0,0,10.1724775731564,0,0,0,41.4074576944113,0,0,0,0,0,0,0,18.0002223104239,0,0,0,0,0,12.0670144110918,0,9.83153107762337,0,5.9816637635231,0,142.672116935253,0,0,582.338848277926,0,75.247173756361,0,0,0,278.028448611498,0,0.214095175266266,0,0,0,0,0,0.136028602719307,0,1.00192987918854,0,104.191181108356,0,55.5797395929694,0.802100732922554,0
0,0,0,0,0,0,0,0,5.05299723148346,0,0,0,0,0,0,0,4.51244676113129,0,0,0,0,0,19.1781075596809,0,145.443570822477,0,611.367556110024,0,174.795139789581,0,0,0,0,0,0,0,0.113195225596428,0,0,0,0,0,3.69730919599533,0,0,0,0,0.215593665838242,3.42771250009537,0,0,0,0,0,0,0,6.54494547843933,0,10.4481994211674,0,27.6796785518527,0,0,0,0,620.079585894942,0,51.6119236648083,0,0,0,90.9794900715351,0,0.0826467350125313,0,0,0,0,0,0,0,1.84441119432449,94.2016943693161,0,11.6113343685865,0,0
0,6.7468036711216,0,7.13094887137413,0,0,0,0,0,151.80097822845,0,114.21876513958,0,4,0,0,0,0,6.37034928053617,0,0,87.5595181435347,0,0.976960718631744,0,8.40036262571812,0,1223.60004773736,0,269.870362743735,0,0,0,0,0,0.168595924973488,0,21.7199319750071,0,6.72189138829708,0,201.660603709519,0,0,0,0.633278667926788,0,0,0,126.851389236748,0,0,0,0,0,67.4938379526138,0,367.275619909167,0,49.0279040634632,0,2.73254154622555,6.46849004179239,0,454.377023264766,0,6.0558727234602,0,278.028448611498,0,0,0,278.446137219667,0,0,0,0,0,4.42429952323437,0,9.78222943842411,0,381.233467020094,0,391.858534812927,15.820153594017,0
1.11645943671465,0,1.17825561761856,0.230583146214485,0,0,0,0,35.3781219571829,0,66.9576824605465,0,56.1566931903362,0,0,0,12.6781911998987,1.74530389904976,46.5848619043827,0,0,0,85.2703883051872,0,0,0,17.6908109039068,0,693.284448087215,0,117.643784359097,0,0,0,0,0.128717496991158,9.24032363295555,0,9.85384610295296,0.123923353850842,6.40220149606466,0.433414816856384,463.389245420694,0,0,0.163634955883026,6.1914245262742,0,130.785956885666,0.0851521492004395,0.145952820777893,0,0,0,4.90611094236374,0,325.457055822015,0,12.5523339956999,0,32.0234502255917,0,0,27.4695085659623,0,204.427238821983,0,0,0,90.9794900715351,0,0,1.42095839977264,127.101337097585,0,0,0,0,0,39.0115711987019,1.80412179231644,33.8736116811633,415.688431784511,53.5902073383331,444.368459761143,0,3.02886900305748
0,0.914476424455643,0,1.13658261299133,0,0,0,0,0,48.306399077177,0,86.9212680011988,0,0,0,0,0.286654368042946,1.92976096272469,28.2971710041165,0,0,0,0,0,0,0,0,0,0,277.031571805477,0,0,0,0,0,1.56532835960388,0,34.5971239507198,0,4.68164969980717,1.59888458251953,119.753965295851,1.59081327915192,0,0,3.14182212948799,0.1141172721982,0,0,14.6898773163557,0,0,0,0,0,5.34707592427731,0,367.775875300169,0,0,0,0.97721540927887,65.5156528502703,0,0,0,0,0,0.214095175266266,0,278.446137219667,1.42095839977264,0,0.180691197514534,0,0,0,0,6.51031505316496,0,339.148972325027,0,262.290065981448,0.317044109106064,369.653907716274,7.17885568737984,0
3.59078745543957,0,0.143566831946373,0,0,0,0,0,6.95482529699802,0,103.483542501926,0,0.749142825603485,0,0,0,33.2908546477556,5.09744481742382,177.933870047331,0,0,0,0,0,0,0,0,0,4.67420434951782,0,426.111826479435,0,0,0,0,0,17.9010943993926,0,448.79041017592,0.145409062504768,22.9412673711777,4.09852105379105,319.186269074678,0,0,0,12.7866658940911,0,37.0519852936268,0.207732006907463,0.331736788153648,0,0,0,2.30654868483543,0,206.496415317059,0,0.511742457747459,0,9.53195103257895,0,0,210.78601013869,0,0,0,0,0,0.0826467350125313,0,127.101337097585,0.180691197514534,0,0,0,0,0,1.25290489196777,69.0876184999943,2.07668189704418,121.114931218326,510.553721643984,2.28592926263809,913.328408561647,0,1.11147493124008
