0,0,0.116081126300352,0,0,0,0,0,0.131068172487053,0,0,0,0,0,0,0,0.279755972325802,0,0.310029552808936,0,0,0,0,0,0,0,0,0,0,0,0,0,0,0,0,0,0.394828371703625,0,0.160517161740707,0,0.306233095271247,0,0.320631869137287,0,0,0,0.333045150483808,0.254524797201157,0.300309600754523,0,0,0,0,0,0.161374033428729,0,0.278274138768514,0,0,0,0.142496280810412,0,0,0.439586013555527,0,0,0,0,0,0,0,0,0,0.37367196856661,0,0,0,0,0,0.392982753931276,0,0.446501284837723,0.237938210936903,0,0.287187645671959,0,0.300384728732158
0,0,0,0.124575147806824,0,0,0,0,0,0.164527126737518,0,0,0,0,0,0,0.257063984870911,0.272177159786224,0.239592997247682,0,0,0,0,0.27354757901695,0,0,0,0,0,0,0,0,0,0,0,0,0,0.260048665957791,0,0.232765272259712,0,0.309795764696019,0.300889581441879,0,0,0,0.329946592450142,0.276175723237506,0,0.188790586346121,0,0,0,0,0,0.158103349845152,0,0.250447093563921,0,0.255009216002443,0,0.157963301888935,0,0,0,0,0.21617428760613,0,0,0,0.267444182932377,0,0.265449512887884,0,0,0,0,0,0.333660746259349,0,0.301269590854645,0,0.229367381945532,0,0.236908232953322,0,0
0.116081126300352,0,0,0,0,0,0,0,0,0,0,0,0,0,0,0,0,0,0,0,0.191888593137264,0,0,0,0,0,0,0,0,0,0,0,0,0,0,0,0,0,0.214900548259417,0,0.254509031772614,0,0.235534071922302,0,0,0,0.211111788948377,0,0.124595007988123,0.245068371295929,0,0,0,0,0,0,0.222595055313671,0,0.17137284591794,0,0.177212045306251,0,0,0.163103530804316,0,0,0,0,0,0,0,0,0,0.290617841482162,0,0,0,0,0,0.277568744495511,0,0.306025248765945,0.243916418523558,0,0.175451696524775,0,0.241682879626751
0,0.124575147806824,0,0,0,0.152797080802195,0,0,0,0.199985311925411,0,0.15975534780459,0,0,0,0,0.240777283906937,0,0.22622096275582,0,0,0,0,0.254723782340686,0,0,0,0,0,0,0,0,0,0,0,0.211804658174515,0,0.248310457382883,0,0.236331169803937,0,0.26411662837964,0,0,0,0.238043335430762,0,0.339463382959366,0,0.174578167256471,0,0,0,0,0,0.187412886619568,0,0.204226194640224,0,0.238893951942672,0,0.232684247135147,0.248941972851753,0,0,0,0.245657616853714,0,0,0,0,0,0.27651942557302,0,0,0,0,0,0.304650411009789,0.20706307888031,0.291002197247563,0,0.220721520810592,0,0.236545456802586,0,0
0,0,0,0,0,0,0,0,0.189742054367803,0,0,0,0,0,0,0,0,0,0,0,0,0,0,0,0,0,0,0,0,0,0,0,0,0,0,0,0,0,0,0,0,0,0,0,0,0,0,0,0,0,0.147884979844093,0,0,0,0.154995515942574,0,0,0,0,0,0,0,0,0,0,0,0,0,0,0,0,0,0,0,0,0,0,0,0,0,0,0,0.136647676879709,0,0,0,0
0,0,0,0.152797080802195,0,0,0,0,0,0.15570305287838,0,0,0,0,0,0,0,0,0,0.125064660608768,0,0,0,0,0,0,0,0,0,0,0,0,0,0,0,0.176464401185513,0,0,0,0,0,0,0,0,0,0,0,0,0,0.166404833396276,0,0.150856037735939,0,0,0,0.142259676466908,0,0.140930160880089,0,0,0,0.180119550228119,0,0,0,0,0,0,0,0,0,0,0,0,0,0,0,0,0,0,0,0,0.193149610888213,0,0.180868891569284,0,0
0,0,0,0,0,0,0,0,0,0,0.177088543772697,0,0.152573227882385,0,0,0,0,0,0,0,0,0,0,0,0,0,0,0,0,0,0,0,0,0,0,0,0,0,0,0,0,0,0,0,0,0,0,0,0,0,0,0,0,0,0,0,0.211668566135424,0,0.187301747406585,0,0,0,0,0,0,0,0,0,0,0,0,0,0,0,0,0,0,0,0,0,0,0,0.143251404166222,0,0,0,0
0,0,0,0,0,0,0,0,0,0,0,0,0,0,0,0,0,0,0,0,0,0,0,0,0,0,0,0,0,0,0,0,0,0,0,0,0,0,0,0,0,0,0,0,0,0,0,0,0,0,0,0,0,0,0,0,0,0,0,0,0,0,0,0,0,0,0,0,0,0,0,0,0,0,0,0,0,0,0,0,0,0,0.10407443344593,0,0,0,0
0.131068172487053,0,0,0,0.189742054367803,0,0,0,0,0,0,0,0,0,0.242677505065997,0,0.183854051762157,0,0,0,0,0,0,0,0.179835130319451,0,0.140381917357445,0,0,0,0,0,0,0,0,0,0,0,0.154418143503209,0,0,0,0.14475931333644,0,0,0,0,0,0.156505614519119,0,0,0,0,0,0.235269461291454,0,0.237485975027084,0,0,0,0.187475528674466,0,0,0,0,0,0,0.226127349893854,0,0,0,0,0,0,0,0,0,0,0,0,0,0.155530075232188,0.184022084902797,0.168802542073467,0.194696229297754,0,0.150724760123662
0,0.164527126737518,0,0.199985311925411,0,0.15570305287838,0,0,0,0,0,0,0,0,0,0,0,0.252232104539871,0.30415603518486,0,0,0,0,0.216734772920609,0,0,0,0,0,0,0,0,0,0,0,0,0,0.205097269887726,0,0,0,0.245961785316467,0,0,0,0,0,0.26279469918121,0,0.25381688028574,0,0,0,0,0,0.205351303910808,0,0.307301209731535,0,0,0,0.164571289101551,0,0,0,0,0.176634418912706,0,0.168193817138672,0,0.299740105867386,0,0.292132351260919,0,0,0,0,0,0,0,0.185253350661611,0,0.194301211905531,0.171691276271891,0.200408863762151,0,0
0,0,0,0,0,0,0.177088543772697,0,0,0,0,0,0.172663306728715,0,0,0,0,0,0,0,0.143037066271063,0,0,0,0,0,0,0,0,0,0.180922381579876,0,0,0,0,0,0.156754022852074,0,0.144312159697954,0,0,0,0,0,0,0,0,0,0,0,0,0,0,0,0,0,0.203737106588595,0,0.181141954835723,0,0,0,0,0.159674993902445,0,0,0,0,0,0,0,0.159528019753369,0,0.217913386576316,0,0,0,0,0,0.175315182673874,0,0.155323013334992,0.162046887833654,0,0.257328446422304,0,0
0,0,0,0.15975534780459,0,0,0,0,0,0,0,0,0,0.148095637690603,0,0,0,0,0,0.14211833771247,0,0,0,0,0,0,0,0.151085101798469,0,0.137098804992788,0,0,0,0,0,0.152739302151733,0,0.160493629475812,0,0,0,0,0,0,0,0,0,0,0,0.163997977972031,0,0,0,0,0,0.157125234603882,0,0.179094830673017,0,0.156908355284741,0,0,0.139220251153547,0,0,0,0,0,0,0,0.160372376441956,0,0.188113868236542,0,0,0,0,0,0,0,0.159935619397025,0,0.13695697454696,0,0.167269766330719,0,0
0,0,0,0,0,0,0.152573227882385,0,0,0,0.172663306728715,0,0,0,0.20425682789401,0,0,0,0,0,0,0,0,0,0,0,0,0,0.218352219036647,0,0,0,0,0,0,0,0,0,0,0,0,0,0,0,0,0,0,0,0,0,0,0,0,0,0,0,0.230668540000916,0,0.188317892903631,0,0,0,0,0,0,0,0,0,0,0,0,0.216921247980174,0,0,0,0,0,0,0,0,0,0,0.158163252094435,0.146440742107538,0,0,0
0,0,0,0,0,0,0,0,0,0,0,0.148095637690603,0,0,0,0.18452000617981,0,0,0,0,0,0,0,0,0,0,0,0,0,0,0,0,0,0,0,0,0,0,0,0,0,0,0,0,0,0,0,0,0,0,0,0,0,0,0,0,0,0.192351654171944,0,0.171267043239035,0,0,0,0,0,0,0,0,0,0,0,0,0,0,0,0,0,0,0,0,0,0,0.209320449166828,0,0,0,0
0,0,0,0,0,0,0,0,0.242677505065997,0,0,0,0.20425682789401,0,0,0,0.19695264307989,0,0,0,0,0,0,0,0.219615504145622,0,0.17259887972644,0,0,0,0,0,0,0,0,0,0,0,0,0,0,0,0,0,0,0,0,0,0,0,0,0,0,0,0.249919132639964,0,0,0,0,0,0.21694349471865,0,0,0,0,0,0,0.233645500684226,0,0.159963708370924,0,0,0,0,0,0,0,0,0,0,0,0,0.198242757724573,0.184051519632339,0,0,0
0,0,0,0,0,0,0,0,0,0,0,0,0,0.18452000617981,0,0,0,0,0,0,0,0,0,0,0,0,0,0,0,0,0,0,0,0,0,0,0,0,0,0,0,0,0,0,0,0,0,0,0,0,0,0,0,0,0,0,0,0,0,0.215314195180933,0,0.195744586984317,0,0,0,0,0,0,0.140409216284752,0,0,0,0,0,0,0,0,0,0,0,0,0,0,0,0,0,0
0.279755972325802,0.257063984870911,0,0.240777283906937,0,0,0,0,0.183854051762157,0,0,0,0,0,0.19695264307989,0,0,0.187935979302858,0.249631021827646,0,0,0.138455655425787,0.156344592571259,0,0,0,0.163749872410999,0,0.171377547085285,0,0,0,0,0,0,0.364950776100159,0.290680095553398,0.309163421392441,0,0.293808177914671,0.270324874917666,0.246770937022545,0.243206984487123,0.242065846920013,0,0.255797768963708,0.281267871312153,0,0,0.258115897576014,0,0,0,0,0.137253105640411,0,0.308240538835525,0.272234315872192,0,0,0,0,0.272414996288717,0.273106455802917,0,0,0.277669847011566,0,0,0,0,0,0.308191334122214,0.328657797154258,0,0,0,0,0.34462907967322,0.311541592371343,0.357136690016113,0.332405644295803,0.179747588769206,0.142078374080845,0.293738647288945,0.244365419535076,0.267473828533421
0,0.272177159786224,0,0,0,0,0,0,0,0.252232104539871,0,0,0,0,0,0,0.187935979302858,0,0.303036513058312,0,0,0.147925469841136,0,0.173455160856247,0,0.122016672044992,0,0,0,0,0,0,0,0,0,0.318453967571259,0.335690513253212,0.284131437540054,0,0.292819270369958,0.27325667034496,0.251459510738318,0.234106903248292,0.271637144684792,0,0.271649409085512,0.289716370079828,0.269723981618881,0,0.305134455362956,0,0,0,0,0,0,0.317376621067524,0.294116304566463,0,0,0,0,0.294820180535316,0.293066680431366,0.15001330524683,0,0.252907305955887,0,0.112138799962498,0,0.310078769922256,0,0.313353657261612,0.305682553185357,0,0,0,0,0.334761754076444,0.325197580062653,0.351911034295177,0.32981842340425,0.16701547230742,0.131495258650134,0.293323041713483,0.255899431588857,0.264300432588373
0.310029552808936,0.239592997247682,0,0.22622096275582,0,0,0,0,0,0.30415603518486,0,0,0,0,0,0,0.249631021827646,0.303036513058312,0,0,0.368934512138367,0,0,0.307450965046883,0,0,0,0,0,0,0,0,0,0,0,0.349267913235558,0.310438949328202,0.27783494591713,0.278931538263957,0.304813465469232,0.308954948538475,0.211291650095238,0.199610771796318,0.238394381271468,0,0.260384012579918,0.32474222342801,0,0.217575252056122,0.264236044883728,0,0,0,0,0,0.326093651354313,0.299463650087516,0.320185314419974,0,0,0,0,0.287000500162443,0.311596694588661,0,0,0.297100882977247,0,0,0,0.331150025129318,0,0.353727111759467,0.325648256178413,0,0,0,0,0.381301414978478,0.362155670496955,0.401932694130264,0.366259522045531,0.260888143905425,0.228996709666469,0.313945804706149,0.221768436485163,0.267333883406787
0,0,0,0,0,0.125064660608768,0,0,0,0,0,0.14211833771247,0,0,0,0,0,0,0,0,0,0,0,0,0,0,0,0,0,0,0,0,0,0,0,0.164404057769799,0,0.145440248661483,0,0,0,0,0,0,0,0,0,0,0,0,0,0.135354245752096,0,0.109998807311058,0,0,0,0.157339197361753,0,0.228792533278465,0,0,0.160027304597844,0,0,0,0,0,0,0,0,0,0.225175648927689,0,0,0,0,0,0.236904738850855,0,0.218336558143298,0,0.145542041012427,0,0.189609430730343,0,0
0,0,0.191888593137264,0,0,0,0,0,0,0,0.143037066271063,0,0,0,0,0,0,0,0.368934512138367,0,0,0,0,0,0,0,0,0,0,0,0,0,0,0,0,0,0.155205826052857,0,0.151532430267125,0,0,0,0.32248592376709,0,0,0,0.234158719579379,0,0.220830455422401,0,0.142262689769268,0,0.181849882006645,0,0.120624892413616,0,0.17796471006472,0,0,0,0.123001396656036,0,0,0.198422494684717,0,0,0,0,0,0,0,0,0,0.426638239622116,0,0,0,0,0,0.179751615420854,0,0.240787926241669,0.161599620618747,0.158601373434067,0.252731922179905,0,0.440691232681274
0,0,0,0,0,0,0,0,0,0,0,0,0,0,0,0,0.138455655425787,0.147925469841136,0,0,0,0,0.0989472550818645,0.140239116973152,0,0.173229972782888,0,0.135537676943036,0,0,0,0,0,0,0,0,0,0.217142093963921,0,0,0,0,0,0,0,0,0,0,0,0.2611270996367,0,0,0,0,0,0,0,0,0,0,0,0,0,0,0.186905043286964,0.0800420293076472,0.199665478400646,0,0.199126958847046,0,0.207025905809249,0,0,0,0,0,0,0,0.326743721961975,0,0.262201277437005,0,0.120451720973051,0.111170580377802,0,0,0
0,0,0,0,0,0,0,0,0,0,0,0,0,0,0,0,0.156344592571259,0,0,0,0,0.0989472550818645,0,0,0.170870898850262,0,0.115215062417767,0,0.13811669183207,0,0,0,0,0,0,0,0,0.151039107640584,0.164624053034878,0,0,0,0,0,0,0,0,0,0.222311949526722,0,0,0,0,0,0,0,0,0,0,0,0,0,0,0,0.12589268758893,0.168413930254317,0,0.193640196488963,0,0,0,0.128818303346634,0,0,0,0,0,0,0,0,0.167165607213974,0.169128952587539,0.117073303258228,0.10298938996354,0,0,0
0,0.27354757901695,0,0.254723782340686,0,0,0,0,0,0.216734772920609,0,0,0,0,0,0,0,0.173455160856247,0.307450965046883,0,0,0.140239116973152,0,0,0,0.170671117912352,0,0,0,0,0,0,0,0,0,0,0,0.17166801152321,0,0,0,0.291942859068513,0,0,0,0,0.313070714473724,0,0,0.277499521772067,0,0,0,0,0,0.217287595455463,0,0.326528598864873,0,0,0,0,0,0,0.168760193191516,0,0.213662431617578,0,0.165979662092684,0,0,0,0.297271370887756,0,0,0,0,0,0,0,0.22391807509988,0,0.258781017363071,0,0.288550062570721,0,0
0,0,0,0,0,0,0,0,0.179835130319451,0,0,0,0,0,0.219615504145622,0,0,0,0,0,0,0,0.170870898850262,0,0,0,0.187710818762963,0,0,0,0,0,0,0,0,0,0,0,0.168482453879546,0,0,0,0.168149217963219,0,0,0,0,0,0.266187621014459,0,0,0,0,0,0.166447656896879,0,0,0,0,0,0.162860736250877,0,0,0,0,0.161023718057847,0,0.201744405274419,0,0.184020256454294,0,0,0,0,0,0,0,0,0,0,0,0.195653048510126,0.176787042267182,0,0.26011027152441,0,0
0,0,0,0,0,0,0,0,0,0,0,0,0,0,0,0,0,0.122016672044992,0,0,0,0.173229972782888,0,0.170671117912352,0,0,0,0,0,0,0,0,0,0,0,0,0,0,0,0,0,0,0,0,0,0,0,0,0,0,0,0,0,0,0,0,0,0,0,0,0,0,0,0,0.149041080507484,0,0.151022687501236,0,0.153611637259784,0,0.133063850023093,0,0,0,0,0,0,0,0,0,0,0,0.18198811635375,0,0,0,0
0,0,0,0,0,0,0,0,0.140381917357445,0,0,0,0,0,0.17259887972644,0,0.163749872410999,0,0,0,0,0,0.115215062417767,0,0.187710818762963,0,0,0,0.170303718216958,0,0,0,0,0,0,0,0,0,0,0,0,0,0,0,0,0,0,0,0.229253998564349,0,0,0,0,0,0.161995614568392,0,0,0,0,0,0.160573228460843,0,0,0,0,0.15897895756996,0,0.151508990359508,0,0.226932757917572,0,0.229492268392018,0,0,0,0,0,0,0,0,0,0,0.139828657832097,0.164851397275925,0,0,0
0,0,0,0,0,0,0,0,0,0,0,0.151085101798469,0,0,0,0,0,0,0,0,0,0.135537676943036,0,0,0,0,0,0,0,0.157125064797822,0,0,0,0,0,0,0,0.126616930464904,0,0,0,0,0,0,0,0,0,0,0,0,0,0,0,0,0,0,0,0,0,0,0,0,0,0,0.139502216662679,0,0,0,0,0,0.157232156448894,0,0.162323342128233,0,0,0,0,0,0,0,0.129641634913591,0,0.135971061208031,0,0,0,0
0,0,0,0,0,0,0,0,0,0,0,0,0.218352219036647,0,0,0,0.171377547085285,0,0,0,0,0,0.13811669183207,0,0,0,0.170303718216958,0,0,0,0.156060037401955,0,0,0,0,0,0,0,0.137508936226368,0,0,0,0,0,0,0,0,0,0.234125145607524,0,0,0,0,0,0,0,0,0,0,0,0,0,0,0,0,0.185130506498181,0,0,0,0.272868454456329,0,0.184196707773879,0,0.17240730218771,0,0,0,0,0,0,0,0.202299558242461,0.154948366654886,0,0,0,0
0,0,0,0,0,0,0,0,0,0,0,0.137098804992788,0,0,0,0,0,0,0,0,0,0,0,0,0,0,0,0.157125064797822,0,0,0,0,0,0,0,0,0,0.148671322458704,0,0,0,0,0,0,0,0,0,0,0,0,0,0,0,0,0,0,0,0.141093185624561,0,0.149648923812241,0,0,0,0,0,0,0,0,0,0,0.160216074503939,0,0.149842470147929,0,0,0,0,0,0,0,0.146888590758414,0,0.155545298010111,0,0,0,0
0,0,0,0,0,0,0,0,0,0,0.180922381579876,0,0,0,0,0,0,0,0,0,0,0,0,0,0,0,0,0,0.156060037401955,0,0,0,0,0,0,0,0,0,0.152882218398154,0,0,0,0,0,0,0,0,0,0,0,0,0,0,0,0,0,0.184188823323501,0,0,0,0,0,0,0,0,0,0,0,0,0,0,0.1398798826668,0,0.228333534990869,0,0,0,0,0,0,0,0.155053159183994,0.156245335936546,0,0,0,0
0,0,0,0,0,0,0,0,0,0,0,0,0,0,0,0,0,0,0,0,0,0,0,0,0,0,0,0,0,0,0,0,0.245961702489747,0.329149905592203,0.142496104041735,0.175152609784772,0,0,0,0,0,0,0,0,0,0,0,0.421494450064825,0.519523115652912,0.529229333323817,0,0,0,0,0,0,0,0,0,0,0,0,0,0,0,0,0,0,0,0,0,0,0,0,0.204803123905514,0.143966624794523,0.226298334495873,0.181862145662308,0.261176515365738,0,0,0,0.194789842917369,0,0,0,0
0,0,0,0,0,0,0,0,0,0,0,0,0,0,0,0,0,0,0,0,0,0,0,0,0,0,0,0,0,0,0,0.245961702489747,0,0.192574134096503,0,0.185804348852899,0.154169277126241,0,0,0,0,0,0,0,0,0,0,0.340944017805614,0,0,0,0,0,0,0,0,0,0,0,0,0,0,0,0,0,0,0,0,0,0,0,0,0,0,0.192546214004165,0.15000250506246,0.244484774768353,0.199733570218086,0,0.229476079661795,0,0,0.144729059562087,0,0,0,0
0,0,0,0,0,0,0,0,0,0,0,0,0,0,0,0,0,0,0,0,0,0,0,0,0,0,0,0,0,0,0,0.329149905592203,0.192574134096503,0,0.166591380736189,0.175451034789063,0,0.18144152178184,0.156625424769331,0,0,0.791197273466322,0,0,0,0,0,0.437951436406391,0,0,0,0,0,0,0,0,0,0,0,0,0,0,0,0,0,0,0,0,0,0,0,0,0,0,0.352111329634984,0,0.182433992647566,0.169870574760983,0.172998753838799,0,0.173143786593125,0.139141319671998,0.232792137774697,0,0,0,0
0,0,0,0,0,0,0,0,0,0,0,0,0,0,0,0,0,0,0,0,0,0,0,0,0,0,0,0,0,0,0,0.142496104041735,0,0.166591380736189,0,0,0.136165044185227,0,0.255776574867859,0,0,0,0.706168890563471,0,0,0,0,0.483151556879563,0.403134842713674,0.445418864488602,0,0,0,0,0,0,0,0,0,0,0,0,0,0,0,0,0,0,0,0,0,0,0,0,0,0,0.166298674363621,0.189075827673135,0,0.163487231597686,0,0.188660143315792,0.408700160742885,0,0.461001187562943,0,0
0,0,0,0.211804658174515,0,0.176464401185513,0,0,0,0,0,0.152739302151733,0,0,0,0,0.364950776100159,0.318453967571259,0.349267913235558,0.164404057769799,0,0,0,0,0,0,0,0,0,0,0,0.175152609784772,0.185804348852899,0.175451034789063,0,0,0.135292175328228,0.17130726798021,0,0.234041154384613,0,0.295951122587377,0,0,0,0.243618283420801,0.316165864467621,0.413120208065596,0,0,0,0,0,0,0,0.196718648076057,0,0.147928706005864,0,0.201738357543945,0,0.206189203593466,0.172023315853006,0,0,0,0,0,0,0,0,0,0.258312861124674,0,0.177220762384641,0.195647001266479,0.17888198783423,0,0.202799586679457,0.155580229571443,0.234997794183763,0,0.151529993675304,0.139766501803552,0.216941794655362,0,0
0.394828371703625,0,0,0,0,0,0,0,0,0,0.156754022852074,0,0,0,0,0,0.290680095553398,0.335690513253212,0.310438949328202,0,0.155205826052857,0,0,0,0,0,0,0,0,0,0,0,0.154169277126241,0,0.136165044185227,0.135292175328228,0,0,0.148711166731791,0,0.320661872625351,0,0.289462407881563,0.291808217763901,0,0,0.331328031420708,0.249160253363514,0,0,0,0,0,0,0,0,0.140208662871052,0,0,0,0,0,0,0.177479829771455,0,0,0,0,0,0,0,0,0,0.318661868572235,0,0.16197622879434,0,0.156272205130226,0.17845093837527,0.191262692976452,0,0.160500361862754,0.143213286037628,0.154023046195507,0.200136189606596,0,0.305046766996384
0,0.260048665957791,0,0.248310457382883,0,0,0,0,0,0.205097269887726,0,0.160493629475812,0,0,0,0,0.309163421392441,0.284131437540054,0.27783494591713,0.145440248661483,0,0.217142093963921,0.151039107640584,0.17166801152321,0,0,0,0.126616930464904,0,0.148671322458704,0,0,0,0.18144152178184,0,0.17130726798021,0,0,0.141384355632997,0.332532793283463,0,0.310690056284269,0.31167083978653,0,0,0.280877113342285,0,0.682669028255438,0,0.288423461538133,0,0,0,0,0,0.200478906432788,0,0.164644650403889,0,0,0,0,0.203121624359515,0,0.228621579322618,0,0.198980177913044,0,0,0,0.234187742134175,0,0.152473177084632,0,0,0,0.152943880015681,0,0.21112170572065,0.319173276424408,0.228005715497049,0.157899001156384,0.193783973946117,0,0.29317758935107,0,0
0.160517161740707,0,0.214900548259417,0,0,0,0,0,0.154418143503209,0,0.144312159697954,0,0,0,0,0,0,0,0.278931538263957,0,0.151532430267125,0,0.164624053034878,0,0.168482453879546,0,0,0,0.137508936226368,0,0.152882218398154,0,0,0.156625424769331,0.255776574867859,0,0.148711166731791,0.141384355632997,0,0,0,0.306032180786133,0.422343469749335,0,0,0,0,0.661497633952599,0.322974234599739,0,0,0,0,0,0.140590189336157,0,0.188181517818184,0,0,0,0,0,0,0.196127239863078,0,0.180649076448753,0,0.23262795267132,0,0,0,0.141019778303158,0.297230273485184,0.164074235150348,0,0,0.159171275794506,0.203324356804723,0,0.207672298030436,0.122804532063679,0.212429765236527,0.185889169200111,0.340448413044214,0.276544844167522,0,0.199399563757812
0,0.232765272259712,0,0.236331169803937,0,0,0,0,0,0,0,0,0,0,0,0,0.293808177914671,0.292819270369958,0.304813465469232,0,0,0,0,0,0,0,0,0,0,0,0,0,0,0,0,0.234041154384613,0,0.332532793283463,0,0,0.298659443855286,0.277522107777487,0.254863563392843,0.27464313235353,0,0.208160324895074,0.288355754954474,0.350473112965885,0.337438195943832,0.241235268467332,0,0,0,0,0,0,0,0.243882060128575,0,0,0,0,0.230697234430074,0.274879157543182,0,0,0,0,0,0,0,0,0.255199232409077,0,0,0,0,0,0.233136664576124,0.339611241085963,0.318087891356586,0.312325039080211,0.284553024429699,0.28124338388443,0.252433046072232,0.371895449236035,0.269419968128204
0.306233095271247,0,0.254509031772614,0,0,0,0,0,0,0,0,0,0,0,0,0,0.270324874917666,0.27325667034496,0.308954948538475,0,0,0,0,0,0,0,0,0,0,0,0,0,0,0,0,0,0.320661872625351,0,0,0.298659443855286,0,0.274532288312912,0.262541454798711,0.279624342918396,0,0,0.257817234592303,0.366259455680847,0.246259922988083,0,0,0,0,0,0,0,0,0,0,0,0,0,0,0.155083698763823,0,0,0,0,0,0,0,0,0,0.238448794273769,0,0,0,0,0.31868447860082,0.320294472502715,0.290249489247799,0.296478103258108,0.278569104545044,0.266786724328995,0.214034882986286,0,0.306710647419095
0,0.309795764696019,0,0.26411662837964,0,0,0,0,0,0.245961785316467,0,0,0,0,0,0,0.246770937022545,0.251459510738318,0.211291650095238,0,0,0,0,0.291942859068513,0,0,0,0,0,0,0,0,0,0.791197273466322,0,0.295951122587377,0,0.310690056284269,0.306032180786133,0.277522107777487,0.274532288312912,0,0.242947540834359,0.259121982934507,0,0.22911412508811,0.273610851003064,0.490515766117884,0.266591330369314,0.299902116227302,0,0,0,0,0,0.234325527080468,0,0.306856324527415,0,0.302838012576103,0,0.208181616934863,0.280069647819613,0,0,0,0.279476423676197,0,0,0,0.32542801758305,0,0.33379806720404,0,0,0,0.500850929816564,0,0.301940987490762,0.301084532569616,0.351424450965589,0.316457751393318,0.25039637675089,0.31067089860638,0.282964981023365,0.265408029111605,0.277494323253632
0.320631869137287,0.300889581441879,0.235534071922302,0,0,0,0,0,0.14475931333644,0,0,0,0,0,0,0,0.243206984487123,0.234106903248292,0.199610771796318,0,0.32248592376709,0,0,0,0.168149217963219,0,0,0,0,0,0,0,0,0,0.706168890563471,0,0.289462407881563,0.31167083978653,0.422343469749335,0.254863563392843,0.262541454798711,0.242947540834359,0,0.244066355956925,0,0.217280553919928,0.283670110296006,0.521878923409835,0.323198107455336,0.312371701002121,0,0,0,0,0.147266916102833,0,0.308472947506481,0.273152091673442,0,0,0,0,0,0.258419353850186,0,0,0,0,0,0,0,0,0.295531396803103,0.313411747615998,0,0,0,0.734299475496465,0.316402601294739,0.265574890580313,0.29656942146165,0.409201389762248,0.252956536932038,0.276571969000193,0.284293144542396,0.199538290500641,0.212085614630524
0,0,0,0,0,0,0,0,0,0,0,0,0,0,0,0,0.242065846920013,0.271637144684792,0.238394381271468,0,0,0,0,0,0,0,0,0,0,0,0,0,0,0,0,0,0.291808217763901,0,0,0.27464313235353,0.279624342918396,0.259121982934507,0.244066355956925,0,0,0.288370708624522,0.245749779045582,0.248292848467827,0,0.293490095271005,0,0,0,0,0,0,0,0.318205505609512,0,0,0,0,0.271723542558519,0,0,0,0,0,0,0,0,0,0.296906679868698,0,0,0,0,0,0.336573646403849,0.344683274626732,0.374425560235977,0,0.237837567736831,0,0.271453318301212,0,0
0,0,0,0,0,0,0,0,0,0,0,0,0,0,0,0,0,0,0,0,0,0,0,0,0,0,0,0,0,0,0,0,0,0,0,0,0,0,0,0,0,0,0,0,0,0,0,0,0,0,0,0,0,0,0,0,0,0,0,0,0,0,0,0,0,0,0,0,0,0,0,0,0,0,0,0,0,0,0,0,0,0,0,0,0,0,0
0,0,0,0.238043335430762,0,0,0,0,0,0,0,0,0,0,0,0,0.255797768963708,0.271649409085512,0.260384012579918,0,0,0,0,0,0,0,0,0,0,0,0,0,0,0,0,0.243618283420801,0,0.280877113342285,0,0.208160324895074,0,0.22911412508811,0.217280553919928,0.288370708624522,0,0,0.254501909017563,0,0,0.237506268545985,0,0,0,0,0,0,0,0.241254500734309,0,0,0,0,0.266354993579337,0,0,0,0,0,0,0,0,0,0.262992927827031,0,0,0,0,0,0.272333081330777,0.297280339258058,0.359038810406983,0,0.254847514421441,0,0.218654131438954,0.281204745173454,0
0.333045150483808,0.329946592450142,0.211111788948377,0,0,0,0,0,0,0,0,0,0,0,0,0,0.281267871312153,0.289716370079828,0.32474222342801,0,0.234158719579379,0,0,0.313070714473724,0,0,0,0,0,0,0,0,0,0,0,0.316165864467621,0.331328031420708,0,0,0.288355754954474,0.257817234592303,0.273610851003064,0.283670110296006,0.245749779045582,0,0.254501909017563,0,0.314808309078217,0.228047132492065,0.30447855591774,0,0,0,0,0,0,0.247679149111112,0.311739208442824,0,0,0,0,0.277114361524582,0.203527358627638,0,0,0,0,0,0,0,0,0.316724574565887,0.28970249414444,0,0,0,0,0.338632540356728,0.320429122695176,0.328580173579129,0.361835021099344,0.283880276715054,0.227138057351112,0.243016268025559,0.243696704506874,0.277557649782726
0.254524797201157,0.276175723237506,0,0.339463382959366,0,0,0,0,0,0.26279469918121,0,0,0,0,0,0,0,0.269723981618881,0,0,0,0,0,0,0,0,0,0,0,0,0,0.421494450064825,0.340944017805614,0.437951436406391,0.483151556879563,0.413120208065596,0.249160253363514,0.682669028255438,0.661497633952599,0.350473112965885,0.366259455680847,0.490515766117884,0.521878923409835,0.248292848467827,0,0,0.314808309078217,0,0.491156245650468,0.461207648741124,0,0,0,0,0,0.230367304866805,0,0.293189316987991,0,0,0,0,0,0,0,0,0,0,0,0,0.295138835906982,0,0,0.350102722644806,0.445313718040303,0.184493578280564,0.230021748516964,0.422608653460544,0.389981501744878,0.310477668818101,0.538207938273748,0.621060019731522,0.452175358553878,0.421747976541519,0.446188159250384,0,0.430144843459129
0.300309600754523,0,0.124595007988123,0,0,0,0,0,0.156505614519119,0,0,0,0,0,0,0,0,0,0.217575252056122,0,0.220830455422401,0,0.222311949526722,0,0.266187621014459,0,0.229253998564349,0,0.234125145607524,0,0,0.519523115652912,0,0,0.403134842713674,0,0,0,0.322974234599739,0.337438195943832,0.246259922988083,0.266591330369314,0.323198107455336,0,0,0,0.228047132492065,0.491156245650468,0,0.412215623001111,0,0,0,0,0.169727111235261,0,0.291697462777729,0,0.177867343551234,0,0.278932929039001,0,0,0.200012184106387,0,0.24206958849121,0,0.254291497781628,0,0.224191424688457,0,0.243523154188605,0,0.311515365150202,0.523658066987991,0.337404204266412,0,0.351591705679894,0,0.291200484787918,0,0.282972934015224,0.352457361240126,0,0.30187551817818,0,0.22632958739996
0,0.188790586346121,0.245068371295929,0.174578167256471,0,0.166404833396276,0,0,0,0.25381688028574,0,0.163997977972031,0,0,0,0,0.258115897576014,0.305134455362956,0.264236044883728,0,0,0.2611270996367,0,0.277499521772067,0,0,0,0,0,0,0,0.529229333323817,0,0,0.445418864488602,0,0,0.288423461538133,0,0.241235268467332,0,0.299902116227302,0.312371701002121,0.293490095271005,0,0.237506268545985,0.30447855591774,0.461207648741124,0.412215623001111,0,0,0,0,0,0,0.256373592294179,0,0.260526965021604,0,0.238842625973633,0,0.217135646953959,0.211840560659766,0,0.28280627733863,0,0.246694884714119,0,0.237182127975899,0,0.332943849925092,0,0.31231967653289,0,0.481460070444478,0.395385555922985,0.445938587188721,0.408636331558228,0.288625027214349,0.306877399484317,0.263660991754605,0,0.366733872874392,0,0.268017356438043,0,0
0,0,0,0,0.147884979844093,0,0,0,0,0,0,0,0,0,0,0,0,0,0,0,0.142262689769268,0,0,0,0,0,0,0,0,0,0,0,0,0,0,0,0,0,0,0,0,0,0,0,0,0,0,0,0,0,0,0,0,0,0,0,0,0,0,0,0,0,0,0.124156824416584,0,0,0,0,0,0,0,0,0,0,0,0,0,0,0,0,0,0,0.135844349861145,0,0.126107919402421,0,0
0,0,0,0,0,0.150856037735939,0,0,0,0,0,0,0,0,0,0,0,0,0,0.135354245752096,0,0,0,0,0,0,0,0,0,0,0,0,0,0,0,0,0,0,0,0,0,0,0,0,0,0,0,0,0,0,0,0,0,0,0,0,0,0.211907967925072,0,0.190342059731483,0,0.203343257308006,0,0,0,0,0,0,0,0,0,0,0,0,0,0,0,0,0,0,0,0,0.17095843454202,0,0.155847859111699,0,0
0,0,0,0,0,0,0,0,0,0,0,0,0,0,0,0,0,0,0,0,0.181849882006645,0,0,0,0,0,0,0,0,0,0,0,0,0,0,0,0,0,0,0,0,0,0,0,0,0,0,0,0,0,0,0,0,0,0,0,0.195148773039832,0,0.205676132211318,0,0,0,0,0,0,0,0,0,0,0,0,0,0,0,0,0,0,0,0,0,0,0,0,0,0,0,0
0,0,0,0,0,0,0,0,0,0,0,0,0,0,0,0,0,0,0,0.109998807311058,0,0,0,0,0,0,0,0,0,0,0,0,0,0,0,0,0,0,0,0,0,0,0,0,0,0,0,0,0,0,0,0,0,0,0,0,0,0,0,0,0,0,0,0,0,0,0,0,0,0,0,0,0,0,0,0,0,0,0,0,0,0,0.104478314518929,0,0,0,0
0.161374033428729,0,0,0,0.154995515942574,0,0,0,0.235269461291454,0,0,0,0,0,0.249919132639964,0,0.137253105640411,0,0,0,0.120624892413616,0,0,0,0.166447656896879,0,0.161995614568392,0,0,0,0,0,0,0,0,0,0,0,0.140590189336157,0,0,0,0.147266916102833,0,0,0,0,0,0.169727111235261,0,0,0,0,0,0,0,0,0,0,0,0.218089043071457,0,0,0.117734346006598,0,0,0,0.238704873503201,0,0,0,0,0,0,0,0,0,0,0,0,0,0.140828841924667,0.141283172098073,0.155789315700531,0.170187532931184,0,0
0,0.158103349845152,0,0.187412886619568,0,0.142259676466908,0,0,0,0.205351303910808,0,0.157125234603882,0,0,0,0,0,0,0.326093651354313,0,0,0,0,0.217287595455463,0,0,0,0,0,0,0,0,0,0,0,0.196718648076057,0,0.200478906432788,0,0,0,0.234325527080468,0,0,0,0,0,0.230367304866805,0,0.256373592294179,0,0,0,0,0,0,0,0.250493876636028,0,0,0,0.131849497556686,0.257438063621521,0,0,0,0.190464317347064,0,0,0,0,0,0.274421998858452,0,0,0,0,0,0,0.385360091924667,0.246518258603743,0,0.207687397046787,0,0.178053689411125,0,0
0.278274138768514,0,0.222595055313671,0,0,0,0.211668566135424,0,0.237485975027084,0,0.203737106588595,0,0.230668540000916,0,0,0,0.308240538835525,0.317376621067524,0.299463650087516,0,0.17796471006472,0,0,0,0,0,0,0,0,0,0.184188823323501,0,0,0,0,0,0.140208662871052,0,0.188181517818184,0,0,0,0.308472947506481,0,0,0,0.247679149111112,0,0.291697462777729,0,0,0,0.195148773039832,0,0,0,0,0,0.218620163249843,0,0.180212279781699,0,0,0.255106871340153,0,0,0,0,0,0,0,0.182828612432077,0.380036890506744,0.358667691260447,0,0,0,0,0,0.201756742203011,0,0.278024400394518,0.279379797813596,0,0.313962411054993,0,0.307761099003255
0,0.250447093563921,0,0.204226194640224,0,0.140930160880089,0,0,0,0.307301209731535,0,0.179094830673017,0,0.192351654171944,0,0,0.272234315872192,0.294116304566463,0.320185314419974,0.157339197361753,0,0,0,0.326528598864873,0,0,0,0,0,0.141093185624561,0,0,0,0,0,0.147928706005864,0,0.164644650403889,0,0.243882060128575,0,0.306856324527415,0.273152091673442,0.318205505609512,0,0.241254500734309,0.311739208442824,0.293189316987991,0,0.260526965021604,0,0.211907967925072,0,0,0,0.250493876636028,0,0,0,0.240562346411174,0,0.24731715535745,0.26561488169458,0,0,0,0.311850955088933,0,0,0,0.346719418708359,0,0.282551296322573,0.306706100702286,0,0,0,0,0.274699478954464,0.324801626113745,0.186275337969786,0.356870740652084,0.270561328564815,0,0.267461158192582,0.32260208328565,0.26349076628685
0,0,0.17137284591794,0,0,0,0.187301747406585,0,0,0,0.181141954835723,0,0.188317892903631,0,0,0,0,0,0,0,0,0,0,0,0,0,0,0,0,0,0,0,0,0,0,0,0,0,0,0,0,0,0,0,0,0,0,0,0.177867343551234,0,0,0,0.205676132211318,0,0,0,0.218620163249843,0,0,0,0.172797200225648,0,0,0.143832919949835,0,0,0,0,0,0,0,0.234101666758458,0,0.183812946081161,0,0,0,0,0,0.311500459909439,0,0,0.156021393835545,0.140020997737938,0.183029014723642,0,0
0,0.255009216002443,0,0.238893951942672,0,0,0,0,0,0,0,0.156908355284741,0,0.171267043239035,0,0.215314195180933,0,0,0,0.228792533278465,0,0,0,0,0,0,0,0,0,0.149648923812241,0,0,0,0,0,0.201738357543945,0,0,0,0,0,0.302838012576103,0,0,0,0,0,0,0,0.238842625973633,0,0.190342059731483,0,0,0,0,0,0.240562346411174,0,0,0,0.251700731424185,0.221680089831352,0,0,0,0,0,0,0,0.276546855767568,0,0.253416121006012,0,0,0,0,0,0,0,0,0,0.163147621634214,0,0.263924155232114,0,0
0.142496280810412,0,0.177212045306251,0,0,0,0,0,0.187475528674466,0,0,0,0,0,0.21694349471865,0,0,0,0,0,0.123001396656036,0,0,0,0.162860736250877,0,0.160573228460843,0,0,0,0,0,0,0,0,0,0,0,0,0,0,0,0,0,0,0,0,0,0.278932929039001,0,0,0,0,0,0.218089043071457,0,0.180212279781699,0,0.172797200225648,0,0,0,0,0.128130470884257,0,0,0,0.225472796505148,0,0.17008617023627,0,0.181148454546928,0,0.207591893151402,0,0,0,0,0,0,0,0,0.154231045395136,0,0.160022377690306,0,0
0,0.157963301888935,0,0.232684247135147,0,0.180119550228119,0,0,0,0.164571289101551,0,0,0,0,0,0.195744586984317,0,0,0,0,0,0,0,0,0,0,0,0,0,0,0,0,0,0,0,0.206189203593466,0,0,0,0,0,0.208181616934863,0,0,0,0,0,0,0,0.217135646953959,0,0.203343257308006,0,0,0,0.131849497556686,0,0.24731715535745,0,0.251700731424185,0,0,0,0,0,0,0,0,0,0,0,0,0,0,0,0,0,0,0.20887203514576,0,0,0,0.207050715584353,0,0.244864251345006,0,0
0,0,0,0.248941972851753,0,0,0,0,0,0,0,0.139220251153547,0,0,0,0,0.272414996288717,0.294820180535316,0.287000500162443,0.160027304597844,0,0,0,0,0,0,0,0,0,0,0,0,0,0,0,0.172023315853006,0,0.203121624359515,0,0.230697234430074,0,0.280069647819613,0,0.271723542558519,0,0.266354993579337,0.277114361524582,0,0,0.211840560659766,0,0,0,0,0,0.257438063621521,0,0.26561488169458,0,0.221680089831352,0,0,0,0.310945302248001,0,0,0,0,0,0,0.32513290643692,0,0.287832458595966,0,0,0,0,0,0.229776747844867,0.310254380106926,0.303067777660991,0,0.179044763761005,0.217740744352341,0.313652594908466,0,0
0.439586013555527,0,0.163103530804316,0,0,0,0,0,0,0,0.159674993902445,0,0,0,0,0,0.273106455802917,0.293066680431366,0.311596694588661,0,0.198422494684717,0,0,0,0,0,0,0,0,0,0,0,0,0,0,0,0.177479829771455,0,0.196127239863078,0.274879157543182,0.155083698763823,0,0.258419353850186,0,0,0,0.203527358627638,0,0.200012184106387,0,0.124156824416584,0,0,0,0.117734346006598,0,0.255106871340153,0,0.143832919949835,0,0.128130470884257,0,0.310945302248001,0,0,0,0,0,0,0,0,0,0,0.370548461137279,0,0,0,0,0,0.291371169155937,0.270028561353683,0.347311609528267,0.182106650216068,0,0.232855450414358,0.271093875169754,0.29145735502243
0,0,0,0,0,0,0,0,0,0,0,0,0,0,0,0,0,0.15001330524683,0,0,0,0.186905043286964,0.12589268758893,0.168760193191516,0,0.149041080507484,0,0.139502216662679,0,0,0,0,0,0,0,0,0,0.228621579322618,0,0,0,0,0,0,0,0,0,0,0,0.28280627733863,0,0,0,0,0,0,0,0,0,0,0,0,0,0,0,0.131944909691811,0.219628983134912,0,0.235905919611724,0,0.307945077878074,0,0,0,0,0,0,0,0,0,0.257741289991367,0,0.13787111824901,0.143544385830561,0,0,0
0,0,0,0,0,0,0,0,0,0,0,0,0,0,0,0,0,0,0,0,0,0.0800420293076472,0.168413930254317,0,0.161023718057847,0,0.15897895756996,0,0.185130506498181,0,0,0,0,0,0,0,0,0,0.180649076448753,0,0,0,0,0,0,0,0,0,0.24206958849121,0,0,0,0,0,0,0,0,0,0,0,0,0,0,0,0.131944909691811,0,0,0.253881126642227,0,0.248613983392715,0,0.243257634236408,0,0,0,0,0,0,0,0,0,0.199340720853162,0.117902478075599,0.103123779650088,0,0,0
0,0.21617428760613,0,0.245657616853714,0,0,0,0,0,0.176634418912706,0,0,0,0,0,0,0.277669847011566,0.252907305955887,0.297100882977247,0,0,0.199665478400646,0,0.213662431617578,0,0.151022687501236,0,0,0,0,0,0,0,0,0,0,0,0.198980177913044,0,0,0,0.279476423676197,0,0,0,0,0,0,0,0.246694884714119,0,0,0,0,0,0.190464317347064,0,0.311850955088933,0,0,0,0,0,0,0.219628983134912,0,0,0,0.20293414553082,0,0.306676030158997,0,0.294890565531594,0,0,0,0,0,0.352408349514008,0,0.314720313739817,0,0.25381302698092,0,0.224542877700434,0,0
0,0,0,0,0,0,0,0,0.226127349893854,0,0,0,0,0,0.233645500684226,0,0,0,0,0,0,0,0.193640196488963,0,0.201744405274419,0,0.151508990359508,0,0,0,0,0,0,0,0,0,0,0,0.23262795267132,0,0,0,0,0,0,0,0,0,0.254291497781628,0,0,0,0,0,0.238704873503201,0,0,0,0,0,0.225472796505148,0,0,0,0,0.253881126642227,0,0,0,0.119082130491734,0,0,0,0,0,0,0,0,0,0,0,0.299403112346442,0.157101631164551,0,0.259858847216324,0,0
0,0,0,0,0,0,0,0,0,0.168193817138672,0,0,0,0,0,0.140409216284752,0,0.112138799962498,0,0,0,0.199126958847046,0,0.165979662092684,0,0.153611637259784,0,0,0,0,0,0,0,0,0,0,0,0,0,0,0,0,0,0,0,0,0,0,0,0.237182127975899,0,0,0,0,0,0,0,0,0,0,0,0,0,0,0.235905919611724,0,0.20293414553082,0,0,0,0.347924083471298,0,0,0,0,0,0,0,0,0,0,0,0.103773973882198,0,0,0,0
0,0,0,0,0,0,0,0,0,0,0,0,0,0,0.159963708370924,0,0,0,0,0,0,0,0,0,0.184020256454294,0,0.226932757917572,0,0.272868454456329,0,0,0,0,0,0,0,0,0,0,0,0,0,0,0,0,0,0,0,0.224191424688457,0,0,0,0,0,0,0,0,0,0,0,0.17008617023627,0,0,0,0,0.248613983392715,0,0.119082130491734,0,0,0,0.237052021378821,0,0,0,0,0,0,0,0,0,0,0,0,0,0,0
0,0.267444182932377,0,0,0,0,0,0,0,0.299740105867386,0,0.160372376441956,0,0,0,0,0,0.310078769922256,0.331150025129318,0,0,0.207025905809249,0,0,0,0.133063850023093,0,0.157232156448894,0,0.160216074503939,0,0,0,0,0,0,0,0.234187742134175,0,0,0,0.32542801758305,0,0,0,0,0,0.295138835906982,0,0.332943849925092,0,0,0,0,0,0,0,0.346719418708359,0,0.276546855767568,0,0,0.32513290643692,0,0.307945077878074,0,0.306676030158997,0,0.347924083471298,0,0,0,0.33934210077451,0,0,0,0,0,0,0,0.219741342438897,0,0.313969164660999,0,0.313260698669097,0,0
0,0,0,0,0,0,0,0,0,0,0.159528019753369,0,0.216921247980174,0,0,0,0,0,0,0,0,0,0.128818303346634,0,0,0,0.229492268392018,0,0.184196707773879,0,0.1398798826668,0,0,0,0,0,0,0,0.141019778303158,0,0,0,0,0,0,0,0,0,0.243523154188605,0,0,0,0,0,0,0,0.182828612432077,0,0.234101666758458,0,0.181148454546928,0,0,0,0,0.243257634236408,0,0,0,0.237052021378821,0,0,0,0.199062013180456,0,0,0,0,0,0,0,0.230558764522638,0.14905948649373,0,0.165477775037289,0,0
0,0.265449512887884,0,0.27651942557302,0,0,0,0,0,0.292132351260919,0,0.188113868236542,0,0,0,0,0.308191334122214,0.313353657261612,0.353727111759467,0.225175648927689,0,0,0,0.297271370887756,0,0,0,0.162323342128233,0,0.149842470147929,0,0,0,0,0,0.258312861124674,0,0.152473177084632,0.297230273485184,0.255199232409077,0,0.33379806720404,0.295531396803103,0.296906679868698,0,0.262992927827031,0.316724574565887,0,0,0.31231967653289,0,0,0,0,0,0.274421998858452,0.380036890506744,0.282551296322573,0,0.253416121006012,0,0,0.287832458595966,0,0,0,0.294890565531594,0,0,0,0.33934210077451,0,0,0,0,0,0,0,0.339476041309536,0.35000178919119,0.30627851105024,0.343820258975029,0.326588149091443,0.261876612901688,0.342141690697656,0.381621457636356,0.323597302039464
0.37367196856661,0,0.290617841482162,0,0,0,0,0,0,0,0.217913386576316,0,0,0,0,0,0.328657797154258,0.305682553185357,0.325648256178413,0,0.426638239622116,0,0,0,0,0,0,0,0.17240730218771,0,0.228333534990869,0,0,0,0,0,0.318661868572235,0,0.164074235150348,0,0.238448794273769,0,0.313411747615998,0,0,0,0.28970249414444,0.350102722644806,0.311515365150202,0,0,0,0,0,0,0,0.358667691260447,0.306706100702286,0.183812946081161,0,0.207591893151402,0,0,0.370548461137279,0,0,0,0,0,0,0,0.199062013180456,0,0,0,0,0,0,0.306970447301865,0.263856048917487,0.358943670988083,0.276153592996194,0.365202437129971,0,0.360903239907034,0.256089597940445,0.343443454693003
0,0,0,0,0,0,0,0,0,0,0,0,0,0,0,0,0,0,0,0,0,0,0,0,0,0,0,0,0,0,0,0.204803123905514,0.192546214004165,0.352111329634984,0,0.177220762384641,0,0,0,0,0,0,0,0,0,0,0,0.445313718040303,0.523658066987991,0.481460070444478,0,0,0,0,0,0,0,0,0,0,0,0,0,0,0,0,0,0,0,0,0,0,0,0,0,0,0.247886553620252,0,0.263351446528553,0,0.25116331782192,0,0.173820907824937,0,0,0,0
0,0,0,0,0,0,0,0,0,0,0,0,0,0,0,0,0,0,0,0,0,0,0,0,0,0,0,0,0,0,0,0.143966624794523,0.15000250506246,0,0,0.195647001266479,0.16197622879434,0,0,0,0,0,0,0,0,0,0,0.184493578280564,0.337404204266412,0.395385555922985,0,0,0,0,0,0,0,0,0,0,0,0,0,0,0,0,0,0,0,0,0,0,0,0,0,0,0,0.335638482047937,0,0.202886738664425,0,0,0.184006884694099,0,0,0,0
0,0,0,0,0,0,0,0,0,0,0,0,0,0,0,0,0,0,0,0,0,0,0,0,0,0,0,0,0,0,0,0.226298334495873,0.244484774768353,0.182433992647566,0.166298674363621,0.17888198783423,0,0.152943880015681,0.159171275794506,0,0,0.500850929816564,0,0,0,0,0,0.230021748516964,0,0.445938587188721,0,0,0,0,0,0,0,0,0,0,0,0,0,0,0,0,0,0,0,0,0,0,0,0,0.247886553620252,0,0,0.177371484586616,0.336285595427421,0,0.264527701096554,0,0.1928867856757,0,0,0,0
0,0,0,0,0,0,0,0,0,0,0,0,0,0,0,0,0,0,0,0,0,0,0,0,0,0,0,0,0,0,0,0.181862145662308,0.199733570218086,0.169870574760983,0.189075827673135,0,0.156272205130226,0,0.203324356804723,0,0,0,0.734299475496465,0,0,0,0,0.422608653460544,0.351591705679894,0.408636331558228,0,0,0,0,0,0,0,0,0,0,0,0,0,0,0,0,0,0,0,0,0,0,0,0,0,0.335638482047937,0.177371484586616,0,0,0.335256462435986,0,0.281693435239658,0.179695589832087,0,0.378418453037739,0,0
0,0.333660746259349,0,0.304650411009789,0,0,0,0,0,0,0,0,0,0,0,0,0.34462907967322,0.334761754076444,0.381301414978478,0.236904738850855,0,0.326743721961975,0,0,0,0,0,0,0,0,0,0.261176515365738,0,0.172998753838799,0,0.202799586679457,0.17845093837527,0.21112170572065,0,0.233136664576124,0.31868447860082,0.301940987490762,0.316402601294739,0.336573646403849,0,0.272333081330777,0.338632540356728,0.389981501744878,0,0.288625027214349,0,0,0,0,0,0,0,0.274699478954464,0,0,0,0.20887203514576,0.229776747844867,0,0,0,0.352408349514008,0,0,0,0,0,0.339476041309536,0.306970447301865,0.263351446528553,0,0.336285595427421,0,0,0.321272806878443,0.275979694030912,0.387190477414565,0.240629131397706,0.291031438112259,0.288815285473539,0.416153907775879,0.311269621054331
0.392982753931276,0,0.277568744495511,0.20706307888031,0,0,0,0,0,0,0.175315182673874,0,0,0,0,0,0.311541592371343,0.325197580062653,0.362155670496955,0,0.179751615420854,0,0,0,0,0,0,0,0,0,0,0,0.229476079661795,0,0.163487231597686,0.155580229571443,0.191262692976452,0.319173276424408,0.207672298030436,0.339611241085963,0.320294472502715,0.301084532569616,0.265574890580313,0.344683274626732,0,0.297280339258058,0.320429122695176,0.310477668818101,0.291200484787918,0.306877399484317,0,0,0,0,0,0.385360091924667,0.201756742203011,0.324801626113745,0.311500459909439,0,0,0,0.310254380106926,0.291371169155937,0,0,0,0,0,0,0,0,0.35000178919119,0.263856048917487,0,0.202886738664425,0,0.335256462435986,0.321272806878443,0,0.368531203269958,0.248382498246496,0.236058401644963,0.175073889302619,0.292238091792859,0.298453271389008,0.382816243280725
0,0.301269590854645,0,0.291002197247563,0,0,0,0,0,0.185253350661611,0,0.159935619397025,0,0,0,0,0.357136690016113,0.351911034295177,0.401932694130264,0.218336558143298,0,0.262201277437005,0.167165607213974,0.22391807509988,0,0,0,0.129641634913591,0,0.146888590758414,0,0,0,0.173143786593125,0,0.234997794183763,0,0.228005715497049,0.122804532063679,0.318087891356586,0.290249489247799,0.351424450965589,0.29656942146165,0.374425560235977,0,0.359038810406983,0.328580173579129,0.538207938273748,0,0.263660991754605,0,0,0,0,0,0.246518258603743,0,0.186275337969786,0,0,0,0,0.303067777660991,0.270028561353683,0.257741289991367,0,0.314720313739817,0,0,0,0.219741342438897,0,0.30627851105024,0.358943670988083,0.25116331782192,0,0.264527701096554,0,0.275979694030912,0.368531203269958,0,0.377320155501366,0.238584092759497,0.34588834643364,0.324325963126065,0.411216627456704,0
