0,0,6.9397745425579e-05,0,0,0,0,0,0.0178924080664056,0,0,0,0,0,0.0139278267548615,0,1.58195268777394e-05,0,0.000103083918961897,0,0.000239306179304014,0,0,0,0.000835966962574677,0,0,0,0,0,0,0,0,0,0,0,1.4782777834859e-06,0,8.45897506190787e-05,0,0,0,0.00871280150814819,0,0,0,8.62503698493416e-06,0,0.00397748413147183,0,0,0,0,0,0.0163451193423993,0,0.00135055239469056,0,0,0,0.00894954250939729,0,0,4.76069655593861e-05,0,0,0,0,0,0,0,0.000391519983502345,0,0.00370790936713863,0,0,0,0,0,1.7481840628162e-05,0,0,0.000149219865377135,0,0.0184815272611878,0,8.93219241497644e-05
0,0,0,0.00401890445644816,0,0,0,0,0,0.00461705120194545,0,0,0,0,0,0.000382660835760952,4.67866377370047e-05,0.000110114694017393,0.000968481353611717,0,0,0,0,0.000268583194888965,0,0,0,0,0,0,0,0,0,0,0,1.45702045379553e-06,0,4.66091231417882e-05,0,0.000231191778705391,0,0.0389460196563921,0,0.000296167584129398,0,0,0,0,0,0.0173477350925023,0,0,0,0,0,0.00390415292777728,0,0.000370357250110388,0,0.000113067324958124,0,0.0188612988661999,0,0,0,0,0,0,0,0,0,0,0,0,0,0,0,0,5.51329371082127e-05,0,0,0,0.000220093819091167,1.11153339304892e-06,0.0181531153416642,0.0128582272105282,0
6.9397745425579e-05,0,0,0,0.0227640389645709,0,0,0,0.00233419419924427,0,0,0,0,0,0.00159346898347115,0,0,0,0,0,0.00142644704042924,0,0,0,0,0,0,0,0,0,0,0,0,0,0,0,1.00364950153563e-05,0,0,0,0,0,0,0,0,0,0,0,0.000108111082305736,0,0.0147698780660296,0,0,0,0.0786210132192431,0,0.00327287540779133,0,0.00202982993511546,0,0.0424685039783101,0,0,0,0,0,0,0,0,0,0,0,0,0,0,0,0,0,0,0,0,0,6.13892521092056e-06,0,0.000136464252169865,0,0
0,0.00401890445644816,0,0,0,0.024800406274866,0,0,0,0.0425745995953542,0,0,0,0,0,0.00126892909968472,0,8.48716115554122e-06,0.000403436111718402,0.000423024361365393,0,0,0,0,0,0,0,0,0,0,0,0,0,0,0,0.00120747339419501,0,0,0,0.000685382425893531,0,0.00153876400734859,0,0,0,0.000619288117997267,2.04004363776565e-05,0,0,0.00639978169323439,0,0.00640624792580904,0,0,0,0.00865346739826689,0,0.000994184727736871,0,0.000310572236459378,0,0.0162707847444418,0.00288346645843658,0,0,0,0,0,0,0,0,0,0,0,0,0,0,0,0.00158394294920316,0,0,0,0.000151814156862671,0.000111499479821212,0.0109483141458302,0.000392925647332383,0
0,0,0.0227640389645709,0,0,0,0.000554099753451444,0,0,0,0,0,0,0,0.000343660745929604,0,0,0,0,0,0,0,0,0,0,0,0,0,0,0,0,0,0,0,0,0,0.00108165680308736,0,0,0,0,0,0,0,0,0,0,0,0,0,0.00762018624879137,0,0,0,0.000170991595783033,0,0.000630817246665681,0,0.00212839126448298,0,0.00512588180039223,0,0,0,0,0,0,0,0,0,0,0,0,0,0,0,0,0,0,0.000391798545959858,0,0,0.00066382992611703,2.51478794929087e-05,1.32876458756159e-05,0,0
0,0,0,0.024800406274866,0,0,0,0.00431027688436166,0,0.000390155387290439,0,0,0,0,0,0,0,0,0,0.000593567075967498,0,0,0,0,0,0,0,0,0,0,0,0,0,0,0,0.00035394583421689,0,0,0,0,0,0,0,0,0,0,0,0,0,8.41957651592155e-05,0,0.031256744592609,0,0.000710236448258183,0,0.00256210058405953,0,0.00133036875535624,0,0.00561534079172252,0,0.00383922893253823,2.98857226932686e-05,0,0,0,0,0,0,0,0,0,0,0,0,0,0,0,0.000362855303266452,0,0,0,0.00137237292317959,0.000333693449649205,0.000924752976525814,0,0
0,0,0,0,0.000554099753451444,0,0,0,0,0,0,0,0.00125982570814215,0,0,0,0,0,0,0,0.000148740166259249,0,0,0,0,0,0,0,0,0,0,0,0,0,0,0,8.09338893484026e-05,0,0,0,0,0,0,0,0,0,0,0,0,0,0.00104528384913769,0,0.0386599275556271,0,0,0,0.00032073548479673,0,0.00498512690597712,0,0,0,0,0,0,0,0,0,0,0,0,0,0,0,0,0,0,0,0,0.0003207040448675,0,0,0.000481054798532588,0,0,0,0
0,0,0,0,0,0.00431027688436166,0,0,0,0,0,0.000320353566736018,0,0.00121731194924691,0,0,0,0,0,0,0,0,0,0,0,0,0,0,0,0,0,0,0,0,0,0.000105035800079665,0,0,0,0,0,0,0,0,0,0,0,0,0,0,0,0.00358320832072766,0,0.0378629250352454,0,0,0,0.00752924170846311,0,0.00621841243360539,0,0,0,0,0,0,0,0,0,0,0,0,0,0,0,0,0,0,3.58039465705374e-06,0,0,0,7.32788987479276e-05,0,0,0,0
0.0178924080664056,0,0.00233419419924427,0,0,0,0,0,0,0,0,0,0,0,0.0188414094840647,0,0.000221108207664494,0,0.000119814194402311,0,7.62329819644528e-05,0,0,0,0.00713926644828479,0,0.00511199262686231,0,0,0,0,0,0,0,0,0,1.33091277604633e-05,0,0.000860841221093446,0,6.03784613119095e-05,0,0.00551750922103997,0,0,0,8.40720883058804e-05,0,0.00742321014113915,0,0.0008640412207063,0,0,0,0.0327013866627891,0,0.00203706140242933,0,0.00140593536695243,0,0.0173293403286507,0,0,0.00043971250527617,0,0,0,0.00522666211195215,0,0.00740380349097217,0,0.00034822413549425,0,0.000575443350233256,0,0,0,0,0,1.97082582137667e-05,0,0.000103193400154862,0.001113877778875,0.000686317361137439,0.00697676463465471,0,0
0,0.00461705120194545,0,0.0425745995953542,0,0.000390155387290439,0,0,0,0,0,0,0,0,0,0.023693367552105,0,2.87346625746448e-05,0.000119610292244443,0,0,0,0,0.00572662570950092,0,0,0,0,0,0,0,0,0,0,0,0,0,0.000175160702267991,0,1.83315205075374e-05,0,0.00274721407591185,0,0,0,0,0,0,0,0.00169003932188253,0,9.90012428827517e-05,0,0,0,0.0628101045795409,0,3.02993097866395e-05,0,0.000549909586090341,0,0.018499941030899,0,0,0,0,0.00787935377285167,0,0,0,0,0,0,0,0,0,0,0,4.83573838174414e-06,0,6.59284383022056e-06,0,0.000940966276571771,0.000167412213989311,0.00235035853228424,0.00106648627603478,0
0,0,0,0,0,0,0,0,0,0,0,0,0.000949407671146848,0,0,0,0,0,0,0,0.00131294015132412,0,0,0,0,0,0,0,0,0,0,0,0,0,0,0,0.00139013003311835,0,0.00114537033386775,0,0,0,0,0,0,0,0,0,0,0,0,0,0,0,0,0,0.0952130920395665,0,0.0074934068230986,0,0,0,0,0,0,0,0,0,0,0,0,0.000506811422181111,0,0.00130001719302126,0,0,0,0,0,0.000696947357449045,0,8.48460357714292e-05,0.000687796930005768,0,0,0,0
0,0,0,0,0,0,0,0.000320353566736018,0,0,0,0,0,0.00819464681321517,0,0,0,0,0,0.0207187375511133,0,0,0,0,0,0,0,3.56499876943417e-05,0,0.00494827659584089,0,0,0,0,0,0.000722738833061661,0,0.00698654859846799,0,0,0,0,0,0,0,0.000116914965778447,0,0,0,0,0,0,0,0,0,0,0,0.104439330439625,0,0.00441669040011664,0,0,0.0034166218157846,0,0,0,0,0,0,0,0,0,0.00492796866389365,0,0,0,0,0,2.42009440334051e-05,0,2.22995948015781e-05,0,0.00266680687287573,0,3.32222708663608e-05,0,0
0,0,0,0,0,0,0.00125982570814215,0,0,0,0.000949407671146848,0,0,0,0.00471966017845512,0,0,0,0,0,0,0,0,0,0,0,0,0,0.00122591039640678,0,0,0,0,0,0,0,0,0,0,0,0,0,0,0,0,0,0,0,0,0,0,0,0,0,0,0,0.000497392060737981,0,0.00783204374512511,0,0.00042633589629585,0,0,0,0,0,0,0,0,0,0,0,0,0,0,0,0,0,0,0,0,0,0.000370105835242184,9.86911852361716e-06,0,0,0
0,0,0,0,0,0,0,0.00121731194924691,0,0,0,0.00819464681321517,0,0,0,0.00222731164886688,0,0,0,0,0,0,0,0,0,0,0,0.00241114170735021,0,0.00140006598081565,0,0,0,0,0,0,0,0,0,0,0,0,0,0,0,0,0,0,0,0,0,0.000136327139131965,0,0,0,0,0,0,0,0.0123125489969016,0,0.000248904928311051,0,0,0,0,0,0,0,0,0,0,0,0,0,0,0,0,0,0,0,0,0.000181724802944296,0.000225129426507705,0,0,0
0.0139278267548615,0,0.00159346898347115,0,0.000343660745929604,0,0,0,0.0188414094840647,0,0,0,0.00471966017845512,0,0,0,0.00109722145649232,0,0.000208939758884606,0,0,0,0,0,0.000451558947248854,0,0,0,0,0,0,0,0,0,0,0,4.29159856539165e-05,0,3.00753825563642e-05,0,1.23972870951635e-05,0,0.00162012823268088,0,0,0,0.000127426834593125,0,0.00270981356487281,0,9.44475917849089e-05,0,0,0,0.00194132010805271,0,0.00132511114080209,0,0.00263339413685109,0,0.036210031066479,0,0,0.000252671102395745,0,0,0,0.000173374002463462,0,8.20100536157858e-05,0,5.58340273320415e-05,0,0.00625884289390573,0,0,0,0,0,3.02429192945881e-05,0,0,0.000325003886064854,0.000117383820406845,0.00744485566301405,0,4.80050038580517e-05
0,0.000382660835760952,0,0.00126892909968472,0,0,0,0,0,0.023693367552105,0,0,0,0.00222731164886688,0,0,0,0.00125905717458577,0,0,0,0,0,0.000211167474366365,0,0,0,0,0,0,0,0,0,0,0,0,0,0,0,0,0,0,0,0,0,0,0,0,0,0.000448645950698236,0,0.00308713312463465,0,0,0,0.0242050600651997,0,0,0,0,0,0.0302984019817098,0,0,0,0,0.00581140184613548,0,0.000263469904894009,0,0,0,0,0,0,0,0,0,0,0,0,0,8.08039492041604e-05,0,0,0,0
1.58195268777394e-05,4.67866377370047e-05,0,0,0,0,0,0,0.000221108207664494,0,0,0,0,0,0.00109722145649232,0,0,0.0976938685237955,0.0399692607107263,0,0,0.00029872515375994,0.00845258974212714,0,1.67260750899392e-05,0.00208948692480668,0.0119645521766544,0,0,0,0,0,0,0,0,9.49597455287181e-06,0.00022485751723932,0,1.50979523524121e-05,0.000512669736910732,7.92601899015048e-05,7.52475141698828e-05,0.00148176226827091,6.44210293384666e-05,0.000271179724926672,0.000696790727577711,0.00318586917888939,0,9.03743559343277e-05,0,0,0,0,0,0.000133583537315111,0,0.000215405153758797,0,9.16450659398148e-06,0,4.30352062949439e-06,0,4.26651997083717e-05,0.00029116506189346,7.18965510119918e-05,0.00317159033687412,0,6.4447416574185e-05,0.000104149371444565,0.000251688105769021,0,6.39503884523735e-05,0,0.000925323658129455,0,0,0,0,8.52317266746451e-05,0.000419631856779986,0,2.8601382256949e-06,0.0319728839943996,0.0207320415870239,0.00393918803097955,3.21853875004074e-06,0.000192656871197576
0,0.000110114694017393,0,8.48716115554122e-06,0,0,0,0,0,2.87346625746448e-05,0,0,0,0,0,0.00125905717458577,0.0976938685237955,0,0.0252403544102613,0,0,0.00571661455468011,0.00108788674345879,0.000567907116400535,0,0.0332280955256839,0.00144104325917535,0.00110790819872686,0,0,0,0,0,0,0,0.000161077987139597,3.36272061973176e-05,0,0,0.0016355620079669,0,0.00126135261117663,4.49035368833486e-05,0.000398647037751614,3.50697244722622e-05,0.00144591735661331,0.000417409162426022,0,0,4.87342989448047e-05,0,0,0,0,0,2.42477967145616e-05,4.47884861730938e-06,6.05125046023156e-05,0,0,0,0,2.00511703711919e-05,7.71554685288976e-06,0.00126321450037063,0.000364530031494606,2.81806622251437e-05,0,0.00140671134417596,5.12466426857138e-05,0,0,0,4.1445170636267e-05,0,0,0,0,0.000423891160880085,8.18211350523653e-05,0,0,0.0357136128076092,0.0373042882994218,0.00213852374110617,0.000374599140426968,5.88900541552711e-05
0.000103083918961897,0.000968481353611717,0,0.000403436111718402,0,0,0,0,0.000119814194402311,0.000119610292244443,0,0,0,0,0.000208939758884606,0,0.0399692607107263,0.0252403544102613,0,0,1.65110301275588e-05,6.99695155320412e-06,9.96291351239412e-05,0,0,4.6295621156308e-05,8.1511812647046e-06,0,0,0,0,0,0,5.55068063288068e-06,0,0.00144573906137635,0.00441394135161616,0,0,0.0279780307773035,0.00190429290497253,0.0321118555798613,0.0157540769572735,0.00780205040998856,0.00785904246376846,0.0231540784777256,0.0391462726468047,0,0.000680737880845553,0.00112188567028846,0,0,0,0,0,0,0.0021925634174048,0.000379298951669529,8.91107181246213e-05,0,0,3.08936282372133e-05,0.000724175594315576,0.00452366869118254,2.09254293935448e-06,1.39314955661821e-05,0,0,1.22650481085491e-05,0,0,0.000416433181267417,0,0.0029960395195893,0,0,3.99180742617731e-06,0,0.00501960303556087,0.00636327258009169,0,2.81068555752208e-06,0.0135940079109372,0.000286891179682719,0.0618462365176806,0.0112546830200584,0.00512856504212645
0,0,0,0.000423024361365393,0,0.000593567075967498,0,0,0,0,0,0.0207187375511133,0,0,0,0,0,0,0,0,0,0,0,0,0,0,0,0,0,0,0,0,0,0,0,0.00361180615228182,0,0.000315213121329559,0,0.00218960700511476,0,0,0,0,0,0.00948496136499085,0,0,0,0,0,0.00193852564091436,0,0,0,0,0,0.00185569477087464,0,0,0,0,0.13464325265997,0,0,0,0,0,0,0,0,0,0,0,0,0,0,0,0.00393233031130188,0,3.45513713228985e-05,0,0.00252591144825277,0,0.00163503671131743,0,0
0.000239306179304014,0,0.00142644704042924,0,0,0,0.000148740166259249,0,7.62329819644528e-05,0,0.00131294015132412,0,0,0,0,0,0,0,1.65110301275588e-05,0,0,0,0,0,0,0,0,0,0,0,0,0,0,0,0,0,0.0106882104244911,0,0.000123220671018827,0,1.00386267851768e-05,0,3.54568381638369e-05,0,1.88756849007869e-05,0,0.000897894412056538,0,0.00052264555054452,0,0.00039579502779048,0,0,0,0,0,0.0133381009543357,0,0.000352431795209024,0,0.000324817662413273,0,0,0.0396280529557867,0,0,0,0,0,0,0,0,0,0.000206522788574552,0,0,0,0,0,0.00635361996755584,0,0,0.000631006285948166,0,0.000834124112043504,0,0
0,0,0,0,0,0,0,0,0,0,0,0,0,0,0,0,0.00029872515375994,0.00571661455468011,6.99695155320412e-06,0,0,0,0.00907125496486661,0.00561677425705459,0,0.0107629596000602,1.28597269030128e-05,0.0025624726733756,0,0,0,0,0,0,0,0,0,0.00704612268991191,0.000757933884128113,0,0,0,1.99484522852893e-06,0,0,0,0,0,0,0.00881768627520503,0,0,0,0,0,0,0,0,0,0,0,0,0,0,0.094221506445211,0.00156172387069634,0.00163482010960955,0,0.00414200045040581,0,0.000839258845609031,0,0,0,0,0,0,0,0,0,0.00417631370779383,0,0.00557517466486811,0.000579486700581492,2.47075671627181e-05,0,0
0,0,0,0,0,0,0,0,0,0,0,0,0,0,0,0,0.00845258974212714,0.00108788674345879,9.96291351239412e-05,0,0,0.00907125496486661,0,0,0.00201694847321669,0.000137063262063404,0.00227215564775431,0,0.00375868546258087,0,0,0,0,0,0,0,9.00963177938741e-07,0.000100684682259661,0.00513105421710403,0,0,0,0,0,0,0,4.04329787332498e-06,0,0.0010752607687548,0,0,0,0,0,0,0,0,0,0,0,0,0,0,0,0.000685524553511102,0.0726260326174401,0,0.000356667232307252,0,0.00034974911640542,0,0.000569882552232376,0,0,0,0,0,0,0,0,0,0.00339812051351524,0.00532536478594377,0.00293975202676743,1.37187527006866e-06,0,0
0,0.000268583194888965,0,0,0,0,0,0,0,0.00572662570950092,0,0,0,0,0,0.000211167474366365,0,0.000567907116400535,0,0,0,0.00561677425705459,0,0,0,0.0072024211255349,0,0,0,0,0,0,0,0,0,0,0,0.0060278400148599,0,0,0,5.89020581237185e-05,0,0,0,0,0,0,0,0.0133644922107798,0,0,0,0,0,0.010298176563446,0,0,0,0,0,0.000117297348737367,0,0,0.00600868824921565,0,0.0496471706980376,0,0.0213898267814536,0,0.000394658660975433,0,0,0,0,0,0,0,0,0,0.00381807008362716,0,0.0003891348420685,0,0.00158788547474029,0,0
0.000835966962574677,0,0,0,0,0,0,0,0.00713926644828479,0,0,0,0,0,0.000451558947248854,0,1.67260750899392e-05,0,0,0,0,0,0.00201694847321669,0,0,0,0.0179135137447341,0,0,0,0,0,0,0,0,0,0,0,0.00551767579242932,0,0,0,0.00112163175982988,0,0,0,0,0,0.000243497240270057,0,0,0,0,0,0.00950797204035034,0,0,0,0,0,0.000769102732082791,0,0,0,0,0.00112881977166016,0,0.081754984611461,0,0.0882123448822741,0,0,0,0,0,0,0,0,0,0,0,0.00317457941745134,0.000437238813243649,3.42535010257562e-05,0.000796721615659563,0,0
0,0,0,0,0,0,0,0,0,0,0,0,0,0,0,0,0.00208948692480668,0.0332280955256839,4.6295621156308e-05,0,0,0.0107629596000602,0.000137063262063404,0.0072024211255349,0,0,6.21316612250548e-05,0.000631689531891907,0,0,0,0,0,0,0,0,0,0,0,7.36402321121083e-06,0,0,0,0,0,0,0,0,0,0,0,0,0,0,0,0,0,0,0,0,0,0,0,0,0.0117241770119308,3.42543207423207e-05,0.00359246904532276,0,0.035082993707824,0,0.00277272883682208,0,0,0,0,0,0,0,0,9.3848836692326e-07,0,0,0.00125367401878133,0.000618179375343658,0,0,0
0,0,0,0,0,0,0,0,0.00511199262686231,0,0,0,0,0,0,0,0.0119645521766544,0.00144104325917535,8.1511812647046e-06,0,0,1.28597269030128e-05,0.00227215564775431,0,0.0179135137447341,6.21316612250548e-05,0,0,0,0,0,0,0,0,0,0,0,0,0,0,0,0,0,0,2.16745125575596e-05,0,0,0,0,0,0,0,0,0,0.000279727359707342,0,0,0,0,0,0,0,0,0,0,0.00170438367505043,0,0,0,0.0366086035678171,0,0,0,0,0,0,0,0,0,0,0,0,0.00050519807620065,0.00013017633048629,4.50130606054032e-06,0,0
0,0,0,0,0,0,0,0,0,0,0,3.56499876943417e-05,0,0.00241114170735021,0,0,0,0.00110790819872686,0,0,0,0.0025624726733756,0,0,0,0.000631689531891907,0,0,0,0.0202865893203053,0,0,0,0,0,0,0,0.00238461249007752,0,0,0,0,0,0,0,0,0,0,0,0.00028418050699456,0,0,0,0,0,0,0,0,0,3.40738733939361e-05,0,0,0,0,0.000659104676217462,0,7.40353607925691e-05,0,0.00159937820428008,0,0.045254499361913,0,0.00416524793829639,0,0,0,0,0,0,0,0.000277012701955921,0,0.000569841081134449,0.00225245584056418,0,0,0
0,0,0,0,0,0,0,0,0,0,0,0,0.00122591039640678,0,0,0,0,0,0,0,0,0,0.00375868546258087,0,0,0,0,0,0,0,0.00302822282404635,0,0,0,0,0,0,0,0,0,0,0,0,0,0,0,0,0,0.000155141182272034,0,0,0,0,0,0,0,0,0,0,0,0,0,0,0,0,0.00299932960678824,0,0,0,0,0,0.0292495144640698,0,3.72928155394961e-05,0,0,0,0,0,0,0,0.000266074410302717,0.000118117221491262,0.000236177318262728,0,0,0
0,0,0,0,0,0,0,0,0,0,0,0.00494827659584089,0,0.00140006598081565,0,0,0,0,0,0,0,0,0,0,0,0,0,0.0202865893203053,0,0,0,0,0,0,0,0,0,0.00174735227469666,0,0,0,0,0,0,0,0,0,0,0,0,0,0,0,0,0,0,0,0.00103793115046874,0,0,0,0,0,0,0,0,0,0,0,0,0.0133453317663525,0,0.0691564817061314,0,0,0,0,0,0,0,0.000127822114381972,0,0.000272570089474705,0,0,0,0
0,0,0,0,0,0,0,0,0,0,0,0,0,0,0,0,0,0,0,0,0,0,0,0,0,0,0,0,0.00302822282404635,0,0,0,0,0,0,0,0,0,0.00343194446324363,0,0,0,0,0,0,0,0,0,0,0,0,0,0,0,0,0,0,0,0,0,0,0,0,0,0,0,0,0,0,0,0,0.00466274225059382,0,0.0465120930388129,0,0,0,0,0,0,0,5.56651691153178e-05,9.88489797714364e-05,0,0,0,0
0,0,0,0,0,0,0,0,0,0,0,0,0,0,0,0,0,0,0,0,0,0,0,0,0,0,0,0,0,0,0,0,0.0566609224811913,0.0131263483098306,0.000580282947342561,0.00183683541154612,0.00136956646947662,0,0,0.000102411525695966,0,0.00020018159670036,0,0,0,0,0,0.0428424758739949,0,0.00426703420852804,0,0,0,0,0,0,0,0,0,0,0,0,0,0,0,0,0,0,0,0,0,0,0,0,0.132529073932999,0,0.00158148340026944,0,0.00328322063374508,0.000447410449628986,0,0,0.00039671096320011,0,0.000724702478398895,0,0
0,0,0,0,0,0,0,0,0,0,0,0,0,0,0,0,0,0,0,0,0,0,0,0,0,0,0,0,0,0,0,0.0566609224811913,0,0.00242304642498636,0.000225462608372853,0.0007580282105919,0.000658692863185228,0,0,0,0.000137430252902804,0,0,0,0,0,0,0.00106516355810895,4.02948790228467e-05,0.000145708871455305,0,0,0,0,0,0,0,0,0,0,0,0,0,0,0,0,0,0,0,0,0,0,0,0,0.000727269544803363,0.0296149030329286,0.000192958175638497,0.000401194895131895,9.94834574602177e-05,0.000520583918226663,0,0,9.64107391220265e-05,0,0.000410344181277306,0,0
0,0,0,0,0,0,0,0,0,0,0,0,0,0,0,0,0,0,5.55068063288068e-06,0,0,0,0,0,0,0,0,0,0,0,0,0.0131263483098306,0.00242304642498636,0,0.0163694003770138,0.00194023933846557,1.28861160729335e-05,0.00235702179811662,0,6.58747027197984e-05,0,0,0,0,0,0,0,0.0542004105323508,0,0.000866793370852281,0,0,0,0,0,0,0,0,0,0,0,0,0,0,0,0,0,0,0,0,0,0,0,0,0.0024964419491423,0,0.144281835186971,0.022305486608834,0.00150363935645001,0,0.00244189917918893,0,0.000465210945237636,0.000179426175399571,9.83720094006793e-05,0,0
0,0,0,0,0,0,0,0,0,0,0,0,0,0,0,0,0,0,0,0,0,0,0,0,0,0,0,0,0,0,0,0.000580282947342561,0.000225462608372853,0.0163694003770138,0,3.48674019449652e-05,0.00276198031697871,0.000618958850344254,0.00224704509850239,0,0.000352655408762653,0,0.000268787194507888,0,0,0,0,0.0326444252513656,0.00571983952914927,0,0,0,0,0,0,0,0,0,0,0,0,0,0,0,0,0,0,0,0,0,0,0,0,0,0,0,0.00140272885919022,0.131072253994951,3.15934917096436e-05,0.00137687094553159,0,0.00344478513446321,0.000755939557044201,2.83455233727628e-05,7.10328802622946e-05,0,0
0,1.45702045379553e-06,0,0.00120747339419501,0,0.00035394583421689,0,0.000105035800079665,0,0,0,0.000722738833061661,0,0,0,0,9.49597455287181e-06,0.000161077987139597,0.00144573906137635,0.00361180615228182,0,0,0,0,0,0,0,0,0,0,0,0.00183683541154612,0.0007580282105919,0.00194023933846557,3.48674019449652e-05,0,0.00607056309238601,0.00710688604119738,0.000316885118774939,0.00127994094627992,2.16843718504688e-05,0.0011201910322967,0,0.000137877761549858,9.88510474988775e-06,0.0027865663558796,1.04952511583012e-05,0.00262182302878712,1.97659333571598e-05,0.00229536329423113,0,6.99545185715109e-05,0,0,0,0,0,0.000562507744823981,0,4.76984998666667e-06,0,0,0.00381116521411363,0,0,0,0,0,0,0,0,0,0,0,0.00432760056959948,0,0.000537219863652523,0,0.0964750343559746,0.00379558916737046,0.0041280696979688,0,0.00581335432408897,0.000686725217698278,0.00456667081963956,0.000120382127148451,9.13668192774417e-06
1.4782777834859e-06,0,1.00364950153563e-05,0,0.00108165680308736,0,8.09338893484026e-05,0,1.33091277604633e-05,0,0.00139013003311835,0,0,0,4.29159856539165e-05,0,0.00022485751723932,3.36272061973176e-05,0.00441394135161616,0,0.0106882104244911,0,9.00963177938741e-07,0,0,0,0,0,0,0,0,0.00136956646947662,0.000658692863185228,1.28861160729335e-05,0.00276198031697871,0.00607056309238601,0,0,0.00720477544960321,0.000242485860834182,0.000804215408344184,2.71755044672358e-06,0.00145169077179204,1.82545794288243e-06,0.000555906002605646,2.45860131214185e-05,0.00163019954975792,0.00087292834686539,0.000490544854563874,9.22930720171767e-05,9.5194729929928e-05,0,0,0,0,0,0.00167984881504924,0,0.000295566228671552,0,0.000185648852350491,0,0,0.0106044488437603,0,0,0,0,0,0,0,0,0,1.61513560776732e-05,7.31689940613057e-06,0.00112651808351737,4.98231601803178e-06,0.0011404088654327,0.0044037553740673,0.0827492763338046,0,0.0046003251765302,0.00637080128608572,0.00141952478033623,0.0035903481765788,0,0.000268016072897163
0,4.66091231417882e-05,0,0,0,0,0,0,0,0.000175160702267991,0,0.00698654859846799,0,0,0,0,0,0,0,0.000315213121329559,0,0.00704612268991191,0.000100684682259661,0.0060278400148599,0,0,0,0.00238461249007752,0,0.00174735227469666,0,0,0,0.00235702179811662,0.000618958850344254,0.00710688604119738,0,0,0.00292840686538379,0,0,6.80312227096376e-05,0,0,0,0,0,0.00498911107954275,0,0.00671986253314469,0,0,0,0,0,4.38540978135803e-05,0,0.000142278258807808,0,0,0,2.44812929462542e-05,0.000123075027010564,0,0.00213720773087453,2.13897110312446e-05,0.00785236237552183,0,0,0,0.000399310594357573,0,0.00163589581828386,0,0,0,0.00067048962792034,0,0.00194679238476242,0,0.0792600361196922,0.000211748583680153,0.00334694142806064,0.000126974997343891,0.0033071832357936,0,0
8.45897506190787e-05,0,0,0,0,0,0,0,0.000860841221093446,0,0.00114537033386775,0,0,0,3.00753825563642e-05,0,1.50979523524121e-05,0,0,0,0.000123220671018827,0.000757933884128113,0.00513105421710403,0,0.00551767579242932,0,0,0,0,0,0.00343194446324363,0,0,0,0.00224704509850239,0.000316885118774939,0.00720477544960321,0.00292840686538379,0,0,0,0,0.000341306701935191,0,0,0,0.000110426763659191,0.00470754885078464,0.00201926030275076,0,0,0,0,0,0.000418772350398331,0,0.000130214993414448,0,1.1144987084221e-05,0,1.41953271214721e-05,0,0,0.000576168174094636,7.25151595940189e-05,0.00121899573619641,0,0.0084634903981703,0,0,0,0.000159560253550289,0,0.00348548362915376,0,0,0,0.000780848039798707,4.70330392725199e-05,0.0018512332208202,0,0.0621589985261872,0.00298314472446412,0.000154394347113102,0.00219384588807225,0,0
0,0.000231191778705391,0,0.000685382425893531,0,0,0,0,0,1.83315205075374e-05,0,0,0,0,0,0,0.000512669736910732,0.0016355620079669,0.0279780307773035,0.00218960700511476,0,0,0,0,0,7.36402321121083e-06,0,0,0,0,0,0.000102411525695966,0,6.58747027197984e-05,0,0.00127994094627992,0.000242485860834182,0,0,0,0,0.0441189227329316,7.20544471311411e-05,0.015458376678703,0.000223480059964744,0.0509018542737547,0.00040954297896111,0.000946827965907478,0.000740588212084305,0.0412601259167263,0,0,0,0,0,0,0,1.3926283049447e-05,0,0,0,0,0.00814114697205326,3.07365032304941e-05,0,0,0,0,0,0,0,0,0,0,0.00020505966763529,0,5.70877659835716e-05,0,0.00463816413758275,2.76938862388092e-05,1.11015141396749e-05,0,0.000897484813720846,4.85947391586966e-05,0.0502257354675767,0.0038312518752194,2.8103841080644e-05
0,0,0,0,0,0,0,0,6.03784613119095e-05,0,0,0,0,0,1.23972870951635e-05,0,7.92601899015048e-05,0,0.00190429290497253,0,1.00386267851768e-05,0,0,0,0,0,0,0,0,0,0,0,0.000137430252902804,0,0.000352655408762653,2.16843718504688e-05,0.000804215408344184,0,0,0,0,0,0.0115280881010867,0,0.000389917314319185,0,0.00189745243364286,0.0562123760121222,0.191588876309743,0.00348536949563491,0,0,0,0,0,0,0.000106537955444064,0,0,0,0,0,0,0.000547047214674055,0,0,0,0,0,0,0,0,0,0,0,0.00338474531615456,0,0.00121496422995128,4.06490587517223e-05,0.0164364055283145,0,0,0.000157615456755445,5.76130313938394e-05,0.0216715658333076,0,0.000594542855794452
0,0.0389460196563921,0,0.00153876400734859,0,0,0,0,0,0.00274721407591185,0,0,0,0,0,0,7.52475141698828e-05,0.00126135261117663,0.0321118555798613,0,0,0,0,5.89020581237185e-05,0,0,0,0,0,0,0,0.00020018159670036,0,0,0,0.0011201910322967,2.71755044672358e-06,6.80312227096376e-05,0,0.0441189227329316,0,0,0.0190379433729695,0.00368160257763454,0,0.00553297407565346,3.15642927054217e-05,0.00256382216193058,7.44585586868632e-05,0.0222228125080186,0,0,0,0,0,0.00131168540110839,0,0.000569225198963599,0,0,0,0.00259932286802237,0.00122456928105547,0,0,0,0.000391531288849097,0,0,0,0,0,7.81055609245609e-05,0,1.26256376922372e-05,0,0.000100944295299681,0,0.00315683336689399,1.87055501939059e-06,0,0,0.0107889013613796,0.00109092667582635,0.0939685650910815,0.0612295427699255,0.00028527468603029
0.00871280150814819,0,0,0,0,0,0,0,0.00551750922103997,0,0,0,0,0,0.00162012823268088,0,0.00148176226827091,4.49035368833486e-05,0.0157540769572735,0,3.54568381638369e-05,1.99484522852893e-06,0,0,0.00112163175982988,0,0,0,0,0,0,0,0,0,0.000268787194507888,0,0.00145169077179204,0,0.000341306701935191,7.20544471311411e-05,0.0115280881010867,0.0190379433729695,0,4.54338887742807e-05,0.00385987660523892,0.000107152997073456,0.0302487872330292,0.00401178842577744,0.0381904351022171,0,0,0,0,0,0.00051137594424432,0,0.00696345222997805,0,8.2518435583863e-05,0,0.00178433444707086,0,0,0.00389896584467177,0,0,0,4.13549211784859e-05,0,0,0,0.00193036247242708,0,0.00491261072517709,0,0,0,0.00019346567943291,1.36441169325472e-05,0.006050618101664,0,3.19943988214783e-06,0.0129810525420652,0.000629438015121824,0.117130263837639,0,0.0229246852284032
0,0.000296167584129398,0,0,0,0,0,0,0,0,0,0,0,0,0,0,6.44210293384666e-05,0.000398647037751614,0.00780205040998856,0,0,0,0,0,0,0,0,0,0,0,0,0,0,0,0,0.000137877761549858,1.82545794288243e-06,0,0,0.015458376678703,0,0.00368160257763454,4.54338887742807e-05,0,0,0.00895534024496053,0,0,0,0.000267218825358926,0,0,0,0,0,0,0,2.92052371793083e-05,0,0,0,0,0.0014213169374426,0,0,0,0,0,0,0,0,0,0,0,0,0,0,0,0.000619573049013763,3.88442550245026e-06,0,0,0.000162242914022559,2.7023434831763e-05,0.00272172165437954,0.00600463038357352,0.000618787836721632
0,0,0,0,0,0,0,0,0,0,0,0,0,0,0,0,0.000271179724926672,3.50697244722622e-05,0.00785904246376846,0,1.88756849007869e-05,0,0,0,0,0,2.16745125575596e-05,0,0,0,0,0,0,0,0,9.88510474988775e-06,0.000555906002605646,0,0,0.000223480059964744,0.000389917314319185,0,0.00385987660523892,0,0,5.96434138891102e-05,0.0176816242888275,0,0.00032235758159093,0,0,0,0,0,0,0,1.89189932179602e-05,0,0,0,0,0,0,0.00319442472023144,0,0,0,0,0,0,0,0,0,0.000144126425555015,0,0,0,0,3.21942225174821e-06,0.000735367533628957,0,4.61693105862798e-05,0.000171313998269127,5.29604370168171e-06,0.00298521544885084,0,0.013303897176487
0,0,0,0.000619288117997267,0,0,0,0,0,0,0,0.000116914965778447,0,0,0,0,0.000696790727577711,0.00144591735661331,0.0231540784777256,0.00948496136499085,0,0,0,0,0,0,0,0,0,0,0,0,0,0,0,0.0027865663558796,2.45860131214185e-05,0,0,0.0509018542737547,0,0.00553297407565346,0.000107152997073456,0.00895534024496053,5.96434138891102e-05,0,0.000670841320978134,0,0,0.000318159864872861,0,0,0,0,0,0,0,0.000175279914767204,0,0,0,0,0.0861880690487645,2.96168347990115e-05,0,0,0,0,0,0,0,0,0,0,0,0,0,0,0.00935418063194506,5.62159837707896e-05,0,0,0.00101357971309,5.29737202793278e-05,0.0388534531594513,0.000573350825842781,0.000192560079502728
8.62503698493416e-06,0,0,2.04004363776565e-05,0,0,0,0,8.40720883058804e-05,0,0,0,0,0,0.000127426834593125,0,0.00318586917888939,0.000417409162426022,0.0391462726468047,0,0.000897894412056538,0,4.04329787332498e-06,0,0,0,0,0,0,0,0,0,0,0,0,1.04952511583012e-05,0.00163019954975792,0,0.000110426763659191,0.00040954297896111,0.00189745243364286,3.15642927054217e-05,0.0302487872330292,0,0.0176816242888275,0.000670841320978134,0,0,0.00019661349160656,0,0,0,0,0,0,0,0.000287999649349533,0,0,0,1.62910541584974e-05,0,0,0.0446535494185664,0,0,0,0,0,0,0,0,0,6.65309755837535e-05,0,0,0,0,5.25214241841657e-05,0.00768693977766275,0,0.000102987451155983,0.00120327976875446,0.00016076806724102,0.0388447747914839,0,0.00335012149011637
0,0,0,0,0,0,0,0,0,0,0,0,0,0,0,0,0,0,0,0,0,0,0,0,0,0,0,0,0,0,0,0.0428424758739949,0.00106516355810895,0.0542004105323508,0.0326444252513656,0.00262182302878712,0.00087292834686539,0.00498911107954275,0.00470754885078464,0.000946827965907478,0.0562123760121222,0.00256382216193058,0.00401178842577744,0,0,0,0,0,0.119992904460843,0.0976528576059333,0,0,0,0,0,0,0,0,0,0,0,0,0,0,0,0,0,0,0,0,0,0,5.70674917805609e-05,0,0.0282711542929821,0.00963123689000735,0.0223251430598867,0.0126928243230987,0.00339821994280269,0.00668611037821383,0.00479227941385297,0.00139605622673089,0.00541943268023,5.18079855320809e-06,0.0168434483945738,0,0
0.00397748413147183,0,0.000108111082305736,0,0,0,0,0,0.00742321014113915,0,0,0,0,0,0.00270981356487281,0,9.03743559343277e-05,0,0.000680737880845553,0,0.00052264555054452,0,0.0010752607687548,0,0.000243497240270057,0,0,0,0.000155141182272034,0,0,0,4.02948790228467e-05,0,0.00571983952914927,1.97659333571598e-05,0.000490544854563874,0,0.00201926030275076,0.000740588212084305,0.191588876309743,7.44585586868632e-05,0.0381904351022171,0,0.00032235758159093,0,0.00019661349160656,0.119992904460843,0,0.0332201895276123,0,0,0,0,0.000585797541157113,0,0.00752392570635059,0,2.72649772402411e-05,0,0.00851138600408713,0,0,0.00173903012644501,0,0.00517845054964629,0,0.00448982831996718,0,0.00536142520793537,0,0.00645557971559608,0,0.00345689788796555,0,0.0076864135605398,0,0.00810480490655736,1.26858072840678e-05,0.00879588553875656,0,0.00849523412318189,0.000780593898715862,0,0.0594152307358462,0,0.000263697453352118
0,0.0173477350925023,0,0.00639978169323439,0,8.41957651592155e-05,0,0,0,0.00169003932188253,0,0,0,0,0,0.000448645950698236,0,4.87342989448047e-05,0.00112188567028846,0,0,0.00881768627520503,0,0.0133644922107798,0,0,0,0.00028418050699456,0,0,0,0.00426703420852804,0.000145708871455305,0.000866793370852281,0,0.00229536329423113,9.22930720171767e-05,0.00671986253314469,0,0.0412601259167263,0.00348536949563491,0.0222228125080186,0,0.000267218825358926,0,0.000318159864872861,0,0.0976528576059333,0.0332201895276123,0,0,0,0,0,0,0,0,0.00368455207032621,0,0.00288559840031218,0,0.00482512958931728,0.000111294486200632,0,0.00418821422701834,0,0.0248797052872403,0,0.000512863918209636,0,0.00807716293683252,0,0.011538699912303,0,0.0121222845888052,0,0.000570753161008935,0,0.00439344801951115,3.15495098970708e-06,0.00688427236132067,0,0.000479917102470492,2.49277680922433e-05,0.0547632127301358,0.00290506481922513,0
0,0,0.0147698780660296,0,0.00762018624879137,0,0.00104528384913769,0,0.0008640412207063,0,0,0,0,0,9.44475917849089e-05,0,0,0,0,0,0.00039579502779048,0,0,0,0,0,0,0,0,0,0,0,0,0,0,0,9.5194729929928e-05,0,0,0,0,0,0,0,0,0,0,0,0,0,0,0,0,0,0,0,0.000678105280586573,0,0.000647410940941051,0,0.00825431071613664,0,0,0,0,0,0,0,0,0,0,0,0,0,0,0,0,0,0,0.00060055499757453,0,0,0.000460345432050073,8.25568751202126e-05,1.83149406124494e-05,0,0
0,0,0,0.00640624792580904,0,0.031256744592609,0,0.00358320832072766,0,9.90012428827517e-05,0,0,0,0.000136327139131965,0,0.00308713312463465,0,0,0,0.00193852564091436,0,0,0,0,0,0,0,0,0,0,0,0,0,0,0,6.99545185715109e-05,0,0,0,0,0,0,0,0,0,0,0,0,0,0,0,0,0,0.00460611109438566,0,0,0,0.00626972400578771,0,0.00743423307383679,0,0.0267559026598525,0.00217771954940107,0,0,0,0,0,0,0,0,0,0,0,0,0,0,0,0,0,0,0,8.42518197814441e-05,2.95891691726349e-05,0.000107589307643204,0,0
0,0,0,0,0,0,0.0386599275556271,0,0,0,0,0,0,0,0,0,0,0,0,0,0,0,0,0,0,0,0,0,0,0,0,0,0,0,0,0,0,0,0,0,0,0,0,0,0,0,0,0,0,0,0,0,0,0,0,0,0,0,0.00156978983894207,0,0,0,0,0,0,0,0,0,0,0,0,0,0,0,0,0,0,0,0,0,0,0,0.000408916651241343,0,0,0,0
0,0,0,0,0,0.000710236448258183,0,0.0378629250352454,0,0,0,0,0,0,0,0,0,0,0,0,0,0,0,0,0,0,0,0,0,0,0,0,0,0,0,0,0,0,0,0,0,0,0,0,0,0,0,0,0,0,0,0.00460611109438566,0,0,0,0,0,0.00111944167852742,0,0.000743226848542197,0,0,0,0,0,0,0,0,0,0,0,0,0,0,0,0,0,0,0,0,0,0,3.32202326365559e-06,0,0,0,0
0.0163451193423993,0,0.0786210132192431,0,0.000170991595783033,0,0,0,0.0327013866627891,0,0,0,0,0,0.00194132010805271,0,0.000133583537315111,0,0,0,0,0,0,0,0.00950797204035034,0,0.000279727359707342,0,0,0,0,0,0,0,0,0,0,0,0.000418772350398331,0,0,0,0.00051137594424432,0,0,0,0,0,0.000585797541157113,0,0,0,0,0,0,0,4.62150976756736e-05,0,2.93523684781142e-05,0,0.00178563691974314,0,0,3.60239063476164e-05,0,0,0,0.0249810616346929,0,0,0,0.00017219114358376,0,0,0,0,0,0,0,2.9741220468205e-06,0,0.000193621988654555,0.000590343734239585,0.0001587554360392,0.00165327001098506,0,0
0,0.00390415292777728,0,0.00865346739826689,0,0.00256210058405953,0,0,0,0.0628101045795409,0,0,0,0,0,0.0242050600651997,0,2.42477967145616e-05,0,0,0,0,0,0.010298176563446,0,0,0,0,0,0,0,0,0,0,0,0,0,4.38540978135803e-05,0,0,0,0.00131168540110839,0,0,0,0,0,0,0,0,0,0,0,0,0,0,0,0,0,0,0,0.0186664878896107,0,0,0,0,0.0203085378980629,0,0,0,0,0,0,0,0,0,0,0,0,0,1.39621004188783e-05,0,0.00136921921258317,0.000137418788899441,0.00445991328432456,0,0
0.00135055239469056,0,0.00327287540779133,0,0.000630817246665681,0,0.00032073548479673,0,0.00203706140242933,0,0.0952130920395665,0,0.000497392060737981,0,0.00132511114080209,0,0.000215405153758797,4.47884861730938e-06,0.0021925634174048,0,0.0133381009543357,0,0,0,0,0,0,0,0,0,0,0,0,0,0,0,0.00167984881504924,0,0.000130214993414448,0,0.000106537955444064,0,0.00696345222997805,0,1.89189932179602e-05,0,0.000287999649349533,0,0.00752392570635059,0,0.000678105280586573,0,0,0,4.62150976756736e-05,0,0,0,0.00564297160134747,0,0.00186523248103812,0,0,0.01376127267895,0,0,0,0,0,0,0,0.000276870017961247,0,0.0120500740381654,0,0,0,0,0,0.00131916630633135,0,0,0.00189130588961541,6.24888261315654e-06,0.0138338726847375,0,0.000349114056125923
0,0.000370357250110388,0,0.000994184727736871,0,0.00133036875535624,0,0.00752924170846311,0,3.02993097866395e-05,0,0.104439330439625,0,0,0,0,0,6.05125046023156e-05,0.000379298951669529,0.00185569477087464,0,0,0,0,0,0,0,0,0,0.00103793115046874,0,0,0,0,0,0.000562507744823981,0,0.000142278258807808,0,1.3926283049447e-05,0,0.000569225198963599,0,2.92052371793083e-05,0,0.000175279914767204,0,0,0,0.00368455207032621,0,0.00626972400578771,0,0.00111944167852742,0,0,0,0,0,0.00897807255607955,0,0.000155641307443094,0.0152973874749019,0,0,0,0,0,0,0,0,0,0.00083676943323279,0,0,0,0,0,0.000215942121433845,0,0,0,0.000623641489173752,0.000215373103450619,0.0106044632040146,0,0
0,0,0.00202982993511546,0,0.00212839126448298,0,0.00498512690597712,0,0.00140593536695243,0,0.0074934068230986,0,0.00783204374512511,0,0.00263339413685109,0,9.16450659398148e-06,0,8.91107181246213e-05,0,0.000352431795209024,0,0,0,0,0,0,0,0,0,0,0,0,0,0,0,0.000295566228671552,0,1.1144987084221e-05,0,0,0,8.2518435583863e-05,0,0,0,0,0,2.72649772402411e-05,0,0.000647410940941051,0,0.00156978983894207,0,2.93523684781142e-05,0,0.00564297160134747,0,0,0,0.00242687708172399,0,0,0.000260549718996439,0,0,0,0,0,0,0,0,0,0,0,0,0,0,0,0.000123807635504839,0,0,0.000477697803557687,0.000284639933205151,0.00059700298079791,0,0
0,0.000113067324958124,0,0.000310572236459378,0,0.00561534079172252,0,0.00621841243360539,0,0.000549909586090341,0,0.00441669040011664,0,0.0123125489969016,0,0,0,0,0,0,0,0,0,0,0,0,0,3.40738733939361e-05,0,0,0,0,0,0,0,4.76984998666667e-06,0,0,0,0,0,0,0,0,0,0,0,0,0,0.00288559840031218,0,0.00743423307383679,0,0.000743226848542197,0,0,0,0.00897807255607955,0,0,0,9.46691130756833e-05,0,0,0,0,0,0,0,0,0,0,0,0,0,0,0,0,0,0,0,0,0.000153509697938237,7.66886945861859e-05,5.85216714925438e-05,0,0
0.00894954250939729,0,0.0424685039783101,0,0.00512588180039223,0,0,0,0.0173293403286507,0,0,0,0.00042633589629585,0,0.036210031066479,0,4.30352062949439e-06,0,0,0,0.000324817662413273,0,0,0,0.000769102732082791,0,0,0,0,0,0,0,0,0,0,0,0.000185648852350491,0,1.41953271214721e-05,0,0,0,0.00178433444707086,0,0,0,1.62910541584974e-05,0,0.00851138600408713,0,0.00825431071613664,0,0,0,0.00178563691974314,0,0.00186523248103812,0,0.00242687708172399,0,0,0,0,0.00032695850107262,0,0,0,0,0,0.00243700585373991,0,0.000253080723998204,0,0.000831136392864321,0,0,0,0,0,7.89312484073508e-05,0,0,0.000187809402079489,0,0.00542752490182144,0,6.63922368752097e-05
0,0.0188612988661999,0,0.0162707847444418,0,0.00383922893253823,0,0,0,0.018499941030899,0,0,0,0.000248904928311051,0,0.0302984019817098,0,0,3.08936282372133e-05,0,0,0,0,0.000117297348737367,0,0,0,0,0,0,0,0,0,0,0,0,0,2.44812929462542e-05,0,0,0,0.00259932286802237,0,0,0,0,0,0,0,0.00482512958931728,0,0.0267559026598525,0,0,0,0.0186664878896107,0,0.000155641307443094,0,9.46691130756833e-05,0,0,0,0,0,0,0.00610490978310193,0,0.000190794670571146,0,0,0,0,0,0,0,0,0,7.16434072463721e-06,0,0,0,0.000208686997767374,0.000104599253541023,0.00161942276776168,0.000900215266896084,0
0,0,0,0.00288346645843658,0,2.98857226932686e-05,0,0,0,0,0,0.0034166218157846,0,0,0,0,4.26651997083717e-05,2.00511703711919e-05,0.000724175594315576,0.13464325265997,0,0,0,0,0,0,0,0,0,0,0,0,0,0,0,0.00381116521411363,0,0.000123075027010564,0,0.00814114697205326,0,0.00122456928105547,0,0.0014213169374426,0,0.0861880690487645,0,0,0,0.000111294486200632,0,0.00217771954940107,0,0,0,0,0,0.0152973874749019,0,0,0,0,0,0,0,0,0,0,0,0,0,0,0,0,0,0,0,0,0.0056441100506445,0,3.90400398984198e-05,0,0.000497736691923232,2.40309832360002e-06,0.0304940242689402,8.34168470160252e-05,0
4.76069655593861e-05,0,0,0,0,0,0,0,0.00043971250527617,0,0,0,0,0,0.000252671102395745,0,0.00029116506189346,7.71554685288976e-06,0.00452366869118254,0,0.0396280529557867,0,0,0,0,0,0,0,0,0,0,0,0,0,0,0,0.0106044488437603,0,0.000576168174094636,3.07365032304941e-05,0.000547047214674055,0,0.00389896584467177,0,0.00319442472023144,2.96168347990115e-05,0.0446535494185664,0,0.00173903012644501,0,0,0,0,0,3.60239063476164e-05,0,0.01376127267895,0,0.000260549718996439,0,0.00032695850107262,0,0,0,0,0,0,0,0,0,0,0.000115924622992007,0,0.001807659000983,0,0,0,0,0,0.00722873984168455,0,5.71299302013427e-05,0.000248563343141179,6.16714383886569e-06,0.0228595645777729,0,0.000612983037580721
0,0,0,0,0,0,0,0,0,0,0,0,0,0,0,0,7.18965510119918e-05,0.00126321450037063,2.09254293935448e-06,0,0,0.094221506445211,0.000685524553511102,0.00600868824921565,0,0.0117241770119308,0,0.000659104676217462,0,0,0,0,0,0,0,0,0,0.00213720773087453,7.25151595940189e-05,0,0,0,0,0,0,0,0,0,0,0.00418821422701834,0,0,0,0,0,0,0,0,0,0,0,0,0,0,0,0,0.0128365363591869,0,0.0071544373905501,0,0.00654629042886568,0,0,0,0,0,0,0,0,0,0.00120359308475953,0,0.00254640797377075,0.000231882340735794,2.71545057607003e-05,0,0
0,0,0,0,0,0,0,0,0,0,0,0,0,0,0,0,0.00317159033687412,0.000364530031494606,1.39314955661821e-05,0,0,0.00156172387069634,0.0726260326174401,0,0.00112881977166016,3.42543207423207e-05,0.00170438367505043,0,0.00299932960678824,0,0,0,0,0,0,0,0,2.13897110312446e-05,0.00121899573619641,0,0,0,0,0,0,0,0,0,0.00517845054964629,0,0,0,0,0,0,0,0,0,0,0,0,0,0,0,0,0,0,0.00408218262481188,0,0.000751079251187434,0,0.00913707448526625,0,0,0,0,0,0,0,0,0,0.000511915805266446,0.0019939473960204,0.000308248747386561,0,0,0
0,0,0,0,0,0,0,0,0,0.00787935377285167,0,0,0,0,0,0.00581140184613548,0,2.81806622251437e-05,0,0,0,0.00163482010960955,0,0.0496471706980376,0,0.00359246904532276,0,7.40353607925691e-05,0,0,0,0,0,0,0,0,0,0.00785236237552183,0,0,0,0.000391531288849097,0,0,0,0,0,0,0,0.0248797052872403,0,0,0,0,0,0.0203085378980629,0,0,0,0,0,0.00610490978310193,0,0,0.0128365363591869,0,0,0,0.0122241703015921,0,0.00154796817547824,0,0.000430641943937404,0,0,0,0,0,0,0,0.00879833185573938,0,0.000327821756114836,2.15273320521757e-06,0.0149784824117794,0,0
0,0,0,0,0,0,0,0,0.00522666211195215,0,0,0,0,0,0.000173374002463462,0,6.4447416574185e-05,0,0,0,0,0,0.000356667232307252,0,0.081754984611461,0,0,0,0,0,0,0,0,0,0,0,0,0,0.0084634903981703,0,0,0,4.13549211784859e-05,0,0,0,0,0,0.00448982831996718,0,0,0,0,0,0.0249810616346929,0,0,0,0,0,0,0,0,0,0,0.00408218262481188,0,0,0,0.00260256478935243,0,0,0,0,0,0,0,0,0,0,0,0.00526536654916293,0.000864796372737771,4.62913554676189e-05,0.00920015976238443,0,0
0,0,0,0,0,0,0,0,0,0,0,0,0,0,0,0.000263469904894009,0.000104149371444565,0.00140671134417596,1.22650481085491e-05,0,0,0.00414200045040581,0,0.0213898267814536,0,0.035082993707824,0,0.00159937820428008,0,0,0,0,0,0,0,0,0,0,0,0,0,0,0,0,0,0,0,0,0,0.000512863918209636,0,0,0,0,0,0,0,0,0,0,0,0.000190794670571146,0,0,0.0071544373905501,0,0.0122241703015921,0,0,0,0.00911621886769984,0,0,0,0,0,0,0,0,0,0,0,0.000281696481867447,3.96311311801815e-05,0,0,0
0,0,0,0,0,0,0,0,0.00740380349097217,0,0,0,0,0,8.20100536157858e-05,0,0.000251688105769021,5.12466426857138e-05,0,0,0,0,0.00034974911640542,0,0.0882123448822741,0,0.0366086035678171,0,0,0,0,0,0,0,0,0,0,0,0,0,0,0,0,0,0,0,0,0,0.00536142520793537,0,0,0,0,0,0,0,0,0,0,0,0.00243700585373991,0,0,0,0,0.000751079251187434,0,0.00260256478935243,0,0,0,0.00261404816200353,0,0,0,0,0,0,0,0,0,0,0.000206300035593171,3.85342238923694e-05,5.84346838556672e-06,0,0
