0,0,7.481333152771,0,0,0,0,0,5.77567751856818,0,23.5355453491211,0,0,0,0,0,39.5797632217407,72.0420932769775,20.7693487514149,0,22.4751605987549,0,0,0,8.84278421354766,0,0,0,0,0,0,0,0,47.7372894287109,0,0,32.0916507427509,0,30.3642824346369,58.9390830993652,0,0,25.4299045476046,0,0,0,34.038018989563,0,8.02543070147915,0,0,0,0,0,4.62397953255536,0,10.1523033501967,0,11.6429220095719,0,8.49165604909261,0,0,24.741911479405,0,0,0,7.91714766242287,0,7.34396937915257,0,26.4368407866534,0,20.5962181091309,0,0,0,0,0,40.0983121054513,0,14.9658832550049,22.873864045408,38.5089146750314,9.27183656883878,0,56.4397468566895
0,0,0,6.2721737030917,0,12.103182043348,0,0,0,5.17775262029547,0,0,0,0,0,3.77732610702515,0,0,10.7109143593732,0,0,23.9496476178501,0,16.408143168404,0,20.6077197492123,0,0,0,0,0,0,0,36.9018173217773,0,66.5640563964844,0,18.7612640632773,0,44.738400777181,0,21.8405055205027,53.1122436523438,0,0,26.849449412028,0,36.5740781263872,0,6.8713062460512,0,19.6042022705078,0,0,0,8.10450410582044,0,13.1627474248409,0,14.2157280445099,0,5.5881362358729,0,0,33.7160921096802,0,14.8722484765514,0,8.27874779884163,0,6.43330973073056,0,0,0,0,0,0,0,61.5757942199707,0,18.805247730679,0,11.6510295456853,65.5715494155884,9.02240362666012,0,0
7.481333152771,0,0,42.1491851806641,5.19618789491982,0,0,0,13.6188159942627,0,0,0,0,0,0,0,0,0,28.8759417533875,0,33.0161361694336,0,0,0,0,0,0,0,0,0,0,0,0,0,0,0,19.3920127868652,0,53.5902280807495,0,0,0,23.2360191345215,0,0,0,23.368970381247,0,8.44339555256987,0,4.41746563311444,0,0,0,3.37299949472601,0,3.4463416446339,0,3.999749203523,0,7.38445377349854,0,0,32.430989074707,0,0,0,0,0,0,0,31.3903784751892,0,0,0,0,0,0,0,34.6018502371652,0,44.6156298319499,11.2644603878765,33.3412933349609,7.7137309552468,0,19.2508983612061
0,6.2721737030917,42.1491851806641,0,0,4.22377111830073,0,0,0,6.53519979501382,0,0,0,0,0,3.99625945091248,86.4384078979492,0,37.0560443969,0,0,45.7624446644502,0,26.3041387399038,0,0,0,0,0,0,0,0,0,53.7612800598145,0,50.9892886126483,32.9775508880615,34.5338678516325,0,30.4409957363436,0,25.6807975111337,29.2934025250948,0,0,15.539428905702,58.0479297637939,43.2183742523193,28.4441764538105,20.1641216807895,54.5401916503906,4.68645395623877,0,0,0,12.3433117970176,52.6060117085775,4.23259259859721,55.4423446655273,4.32677302052898,0,4.71042296483919,0,49.8073641459147,57.6123733520508,0,25.127116839091,0,38.8177318572998,0,0,0,0,0,38.6902961730957,0,40.1926879882812,0,41.481985783577,0,39.6033452929872,0,22.4741329550743,32.2718458175659,13.1827413675032,25.5448837280273,0
0,0,5.19618789491982,0,0,0,7.5344121167154,0,3.40080302694569,0,0,0,0,0,3.31108029683431,0,0,0,0,0,12.6836701901454,0,0,0,0,0,0,0,0,0,0,0,0,0,0,0,22.7287433544795,0,0,57.8268527984619,33.0145309448242,0,32.6556649208069,0,0,0,28.5628117075506,0,35.5521697998047,0,4.64307068002258,0,7.51875158811264,0,3.17913735183803,0,7.82213606834412,0,14.6893393198649,0,2.94740557670593,0,0,14.1163763674082,0,0,0,0,0,0,0,0,0,0,0,0,0,0,0,21.2010663151741,0,0,8.2549207569065,0,13.594547294229,0,0
0,12.103182043348,0,4.22377111830073,0,0,0,3.12598110345694,0,5.43100697332315,0,0,0,0,0,0,0,0,24.6082458496094,0,0,0,0,35.0758018493652,0,0,0,0,0,0,0,0,0,0,0,0,0,44.352424621582,0,40.8590977986654,0,34.3074649810791,35.274528503418,0,0,0,0,0,0,43.649545842951,0,3.1514363500807,0,3.33336471742199,0,8.79571278889974,0,0,0,0,0,3.51729011535645,6.36270732879639,0,0,0,0,0,46.0118446350098,0,0,0,0,0,0,0,0,0,41.4096908569336,0,49.6509170532227,0,4.74510060770354,5.6138455434279,8.33933309815888,0,0
0,0,0,0,7.5344121167154,0,0,0,0,0,7.10659797537711,0,4.48195372309004,0,3.17240381240845,0,0,0,0,0,12.1399094802993,0,0,0,0,0,0,0,0,0,0,0,0,0,0,0,4.05835691365329,0,0,0,0,0,0,0,0,0,43.5520680745443,0,0,0,4.09763089164359,0,4.88941031070216,0,0,0,8.14082515851045,0,5.40269545037696,0,0,0,0,13.8485665688148,0,0,0,0,0,0,0,0,0,0,0,0,0,0,0,8.97982692718506,0,0,4.42999408000322,5.92096674442291,29.5385743776957,0,0
0,0,0,0,0,3.12598110345694,0,0,0,0,0,3.36314781328266,0,3.29278939741629,0,0,0,0,0,7.4779794216156,0,0,0,0,0,0,0,0,0,0,0,0,0,0,0,0,0,0,0,0,0,0,0,0,0,0,0,0,0,0,0,3.76361052589562,0,3.41573991061034,0,0,0,8.33018743032697,0,0,0,0,6.1829674584525,0,0,0,0,0,0,0,0,0,0,0,0,0,0,0,0,0,0,0,3.20010373758715,0,17.5178813934326,0,0
5.77567751856818,0,13.6188159942627,0,3.40080302694569,0,0,0,0,0,33.9035530090332,0,0,0,4.02573531014579,0,13.9303717234424,43.5980485280355,15.3470365350897,0,35.2183036804199,0,0,0,5.50970115095882,0,0,0,0,0,0,0,0,0,0,0,49.3786529541016,0,14.7960904271979,0,0,0,7.28697849190148,0,0,0,32.6036241194781,0,16.6264325247871,0,13.3509593415768,0,0,0,5.47117186948703,0,23.0838148934501,0,9.29967434065682,0,4.49866861593528,0,0,31.5829343795776,0,0,0,6.18276690306335,0,3.23958255617242,0,20.5904683726174,0,31.2600429534912,0,0,0,0,0,39.9918661117554,0,12.0679459975938,7.23481709401584,34.0994644165039,11.8003882286025,0,4.85285146603217
0,5.17775262029547,0,6.53519979501382,0,5.43100697332315,0,0,0,0,0,0,0,0,0,2.73698782920837,0,3.70695008550371,10.0422150393327,0,0,0,0,5.53595498841384,0,8.91062961305891,0,0,0,0,0,0,0,0,0,0,39.3026390075684,10.0451425727533,0,46.4337196350098,0,11.6455905437469,0,0,0,0,0,0,0,17.0585865974426,0,2.88774625957012,0,0,0,6.06404949914535,0,0,0,0,0,3.46943747997284,0,0,0,0,5.10882650415103,0,2.72525715827942,0,0,0,0,0,0,0,0,0,0,0,10.8524168775051,0,5.2768468371144,5.86258894100524,13.7120822538932,0,0
23.5355453491211,0,0,0,0,0,7.10659797537711,0,33.9035530090332,0,0,0,7.07696658089047,0,0,0,60.5593098231724,72.1652252197266,42.7039323286577,0,11.8623008934068,0,22.4027543067932,0,0,0,0,0,3.83295782407125,0,7.01996931347004,0,0,0,0,88.574836730957,9.21995017994409,0,7.51640492929123,81.8873291015625,0,0,28.0841027100881,0,0,70.7595596313477,29.3710942178402,0,0,0,6.96079254150391,0,7.33721315402251,0,0,0,5.10621253463129,0,5.89906180195692,0,0,0,0,17.648430066231,0,24.2976678212484,0,0,0,0,0,10.7569390453141,0,9.53612324459718,0,0,0,0,95.4527206420898,28.007376909256,0,20.4165930080414,6.66219203191981,24.6967473469282,19.6728389114141,0,13.8726272583008
0,0,0,0,0,0,0,3.36314781328266,0,0,0,0,0,3.72434909218236,0,0,0,0,0,4.7251282045286,0,0,0,0,0,0,0,2.74288392066956,0,3.00656421044294,0,0,0,0,0,3.47448935756436,0,4.79122796421575,0,0,0,6.94871664047241,0,0,0,0,0,0,0,0,0,0,0,3.24390602111816,0,0,0,4.61036682605592,0,3.19855231305827,0,0,8.70645146071911,0,0,0,0,0,0,0,2.89688450098038,0,11.1287664359584,0,0,0,0,0,4.52084565162659,0,6.80215323332584,0,5.33279790589304,0,12.9645703065963,0,0
0,0,0,0,0,0,4.48195372309004,0,0,0,7.07696658089047,0,0,0,5.74063710677318,0,0,0,0,0,0,0,0,0,0,0,0,0,3.13628187775612,0,0,0,0,0,0,0,0,0,0,0,0,0,0,0,0,0,0,0,0,0,0,0,5.85889987945557,0,0,0,13.5184693336487,0,5.07886908155807,0,8.11261367797852,0,0,0,0,0,0,0,0,0,0,3.96277389159569,0,0,0,0,0,0,0,0,0,0,3.32188262855798,3.59039526666914,0,0,0
0,0,0,0,0,0,0,3.29278939741629,0,0,0,3.72434909218236,0,0,0,3.6344076532584,0,3.2295126914978,0,0,0,0,0,0,0,4.77857465455026,0,3.58907222747803,0,0,0,0,0,0,0,0,0,0,0,0,0,0,0,0,0,0,0,0,0,0,0,3.42638492584229,0,3.58502683099711,0,0,0,3.58359975814819,0,3.58728173427722,0,4.25878626899382,0,0,0,0,0,0,4.47926633982431,0,5.8584691082559,0,13.8476133346558,0,0,0,0,0,0,0,0,0,3.4364433019286,4.01423503191043,0,0,0
0,0,0,0,3.31108029683431,0,3.17240381240845,0,4.02573531014579,0,0,0,5.74063710677318,0,0,0,0,0,0,0,0,0,0,0,0,0,2.95606724421183,0,0,0,0,0,0,0,0,0,0,0,0,0,0,0,0,0,0,0,0,0,0,0,2.95371627807617,0,0,0,2.77903678417206,0,0,0,6.79942579085124,0,4.17831887696919,0,0,0,0,0,0,0,0,3.25043874351602,0,3.41160697407193,0,0,0,0,0,0,0,0,0,0,3.00487515661452,0,14.4787476062775,0,0
0,3.77732610702515,0,3.99625945091248,0,0,0,0,0,2.73698782920837,0,0,0,3.6344076532584,0,0,0,14.7383892536163,0,0,0,0,0,6.64080023765564,0,3.68607461695768,0,0,0,0,0,0,0,0,0,0,0,0,0,0,0,0,0,0,0,0,0,0,0,0,0,3.95437262904259,0,0,0,2.74742746353149,0,0,0,5.84528006773729,0,3.23222414016724,0,0,0,0,0,0,3.46625167528788,0,0,0,0,0,0,0,0,0,0,0,0,0,3.44836719830831,20.6696300506592,0,0,0
39.5797632217407,0,0,86.4384078979492,0,0,0,0,13.9303717234424,0,60.5593098231724,0,0,0,0,0,0,21.9449500750742,24.1245429386283,0,59.8879757563273,0,5.06139047135522,0,0,0,5.08216127028921,0,0,0,0,0,0,0,0,95.0870056152344,75.3387502034505,74.1592712402344,74.4445500276527,72.5319803382168,61.062068939209,61.3789686134883,48.2010011317882,0,43.8435026804606,86.2904884338379,60.008632130093,69.4896278381348,44.3954302469889,76.5892757292717,0,0,0,0,0,0,58.3584690093994,0,81.5632019042969,0,4.22491836547852,0,0,64.0357301787468,0,5.80940215204664,0,0,0,4.72542494034099,0,61.333300696479,0,60.4077088038127,82.0686073303223,0,0,0,80.7658794169523,70.5875061511993,111.534512329102,73.2445661949389,18.603076676426,14.1195586665243,54.0873507545108,66.5718841552734,38.182881627764
72.0420932769775,0,0,0,0,0,0,0,43.5980485280355,3.70695008550371,72.1652252197266,0,0,3.2295126914978,0,14.7383892536163,21.9449500750742,0,21.1402691161586,0,75.7493748135037,5.37724271687594,0,3.23163639008999,0,4.74197342809366,0,3.57656701191052,0,0,0,0,0,0,0,94.2006645202637,101.310764312744,104.147449493408,105.777715555827,82.1581073999405,0,61.912924712559,68.3556965098661,0,74.4331359863281,53.988826751709,75.5834186871846,0,58.5275840759277,74.3885628382365,0,0,0,0,0,8.24360370635986,80.5711040496826,0,0,0,0,2.98526991497387,0,88.2587381560227,7.53413504873003,0,0,0,4.19004730052418,0,3.59301937710155,82.1711235046387,0,72.4829349517822,100.448104858398,0,0,0,87.535852432251,84.3515783945719,93.7210083007812,92.1974667635831,16.9290070864799,12.6878657460295,74.7820140838623,48.3682250976562,67.1236663818359
20.7693487514149,10.7109143593732,28.8759417533875,37.0560443969,0,24.6082458496094,0,0,15.3470365350897,10.0422150393327,42.7039323286577,0,0,0,0,0,24.1245429386283,21.1402691161586,0,0,40.0054362160819,41.6801837574352,57.5350303649902,22.5326512654622,0,0,0,0,0,0,0,61.1265411376953,0,38.6767972310384,0,52.9282150828168,60.4838891983032,54.1779437899055,55.8558302022643,44.4869253227998,31.2770771026611,23.3900159965917,21.7279086283275,0,17.0368062768664,35.6079949121627,35.9548256902582,45.6425443281207,23.1947191102164,29.8873012180368,0,0,0,0,0,24.9072775840759,49.9644058490622,0,60.4729042053223,0,0,0,0,42.8333559927539,72.9805514017741,0,29.7966213226318,0,41.3029460906982,0,26.2677459716797,49.5453202989366,0,48.4229879379272,50.8649754731551,0,34.31160091824,0,47.5851159455876,43.380596786206,42.5818595138251,50.6114745694537,13.9136783985865,28.1365703417406,28.582544659944,12.5547457146489,15.1981865116345
0,0,0,0,0,0,0,7.4779794216156,0,0,0,4.7251282045286,0,0,0,0,0,0,0,0,0,0,0,0,0,0,0,0,0,0,0,0,0,0,0,3.66979662268406,0,4.01099649523244,0,11.8488084253718,0,10.023074899401,0,0,0,6.26831703715854,0,0,0,0,0,0,0,0,0,0,0,8.64978644738789,0,0,0,0,4.19875939241702,0,0,0,0,0,0,0,0,0,9.66462352059104,0,0,0,0,0,5.55979188531637,0,5.9048282122612,0,4.53788851748268,0,11.3381949324234,0,0
22.4751605987549,0,33.0161361694336,0,12.6836701901454,0,12.1399094802993,0,35.2183036804199,0,11.8623008934068,0,0,0,0,0,59.8879757563273,75.7493748135037,40.0054362160819,0,0,0,0,0,0,0,0,0,0,0,0,0,0,0,0,0,7.06573367818108,0,17.1690264236131,80.1863072713216,24.6034879684448,77.0966593424479,20.7929954428068,0,27.0442138671875,60.6545257568359,25.1806456177922,0,23.6812038421631,0,7.95657002925873,0,9.53772452453087,0,0,0,8.36757456221167,0,22.0508518483904,0,0,0,0,9.15213921789179,0,55.091121673584,0,0,0,0,0,33.966478387933,0,21.3797664899452,0,0,0,0,0,11.7178065542469,0,19.8557405616847,18.5993442913155,64.0745903859373,15.1881257324684,0,18.3517303774434
0,23.9496476178501,0,45.7624446644502,0,0,0,0,0,0,0,0,0,0,0,0,0,5.37724271687594,41.6801837574352,0,0,0,4.11765720083358,9.21765023087299,0,4.95753876836581,0,4.09984066934869,0,0,0,0,0,0,0,0,0,9.08435964886656,0,61.1398811340332,0,30.3189928973163,58.0003890991211,0,0,45.5697695922852,0,0,0,13.4105977621343,0,0,0,0,0,0,0,0,0,0,0,18.673885345459,0,0,4.85416776472158,7.38933086395264,13.7748225119524,0,9.34966727873174,0,5.99794712933627,0,0,0,0,0,0,0,68.2412294660296,0,13.8065975046795,117.16423034668,4.86049771208903,4.87224897097426,23.8324807936495,29.154354095459,0
0,0,0,0,0,0,0,0,0,0,22.4027543067932,0,0,0,0,0,5.06139047135522,0,57.5350303649902,0,0,4.11765720083358,0,0,7.5237233522719,0,4.81753376175842,0,5.06041434944653,0,0,0,0,0,0,0,0,4.26726326942444,7.95085175159954,0,0,0,0,0,0,0,52.366185760498,0,13.7476710097431,0,0,0,0,0,0,0,0,0,0,0,0,0,0,47.5871708209698,9.32747108595712,4.91618586538094,0,7.86860706408819,0,9.48796976684478,0,9.74445008472273,0,15.2768051624298,0,0,0,0,0,66.953742980957,6.98525199670901,4.82549259306371,5.03872740821233,5.56434512965123,24.6605782142052,0,0
0,16.408143168404,0,26.3041387399038,0,35.0758018493652,0,0,0,5.53595498841384,0,0,0,0,0,6.64080023765564,0,3.23163639008999,22.5326512654622,0,0,9.21765023087299,0,0,0,5.70527773230307,0,0,0,0,0,0,0,0,0,0,0,7.02246508637614,0,59.8362757364909,0,20.1114714940389,0,0,0,40.8327362060547,0,12.2324361801147,0,9.4015613195192,0,0,0,0,0,6.29023203160614,0,0,0,0,0,2.74645781517029,0,0,9.4621020152816,0,4.96897099141881,0,10.6465443584406,0,13.0619373321533,0,0,0,0,0,0,0,0,0,7.36607067099897,0,4.75210118847366,0,19.9424845066335,0,0
8.84278421354766,0,0,0,0,0,0,0,5.50970115095882,0,0,0,0,0,0,0,0,0,0,0,0,0,7.5237233522719,0,0,0,5.78889021623651,0,0,0,0,0,0,0,0,0,0,0,7.13137600916023,0,0,0,14.5807832082113,0,0,0,0,21.4670429229736,6.43311610935241,0,0,0,0,0,7.20501958396939,0,0,0,0,0,0,0,0,0,0,5.99586222892584,0,5.0544335881869,0,7.75733941941222,0,0,0,0,0,0,0,0,0,0,0,7.64655353523964,6.94634001443476,0,3.663236659986,0,0
0,20.6077197492123,0,0,0,0,0,0,0,8.91062961305891,0,0,0,4.77857465455026,0,3.68607461695768,0,4.74197342809366,0,0,0,4.95753876836581,0,5.70527773230307,0,0,0,3.22418982049693,0,0,0,0,0,0,0,0,0,10.9933673968682,0,0,0,34.1137619018555,0,0,0,54.3680953979492,0,0,0,20.3781357192993,0,0,0,0,0,9.48105889100295,0,0,0,7.18870892891517,0,4.0948152795751,0,0,5.26888251131859,0,11.1583041277799,0,6.16539459934941,0,7.32904558181763,0,0,0,0,0,0,0,0,0,12.7702925999959,0,3.4901732748205,0,30.9539345451023,0,0
0,0,0,0,0,0,0,0,0,0,0,0,0,0,2.95606724421183,0,5.08216127028921,0,0,0,0,0,4.81753376175842,0,5.78889021623651,0,0,0,5.24721174337426,0,0,0,0,0,0,0,0,0,9.82789242267609,0,0,0,0,0,0,0,0,0,7.67392959594727,0,0,0,0,0,0,0,0,0,7.59350445157006,0,0,0,0,0,0,6.4489666944895,0,7.40342070227084,0,3.79142600087939,0,3.89216961325592,0,0,0,0,0,0,0,0,0,8.19443798065186,5.18349375136911,3.64937600408282,0,0,0
0,0,0,0,0,0,0,0,0,0,0,2.74288392066956,0,3.58907222747803,0,0,0,3.57656701191052,0,0,0,4.09984066934869,0,0,0,3.22418982049693,0,0,0,3.47773765262805,0,0,0,0,0,0,0,5.19177048241914,0,0,0,0,0,0,0,0,0,0,0,3.85921049118042,0,0,0,0,0,0,0,0,0,4.17460321125231,0,0,0,0,6.5670789539814,0,0,0,6.27191044552491,0,4.30662405624618,0,4.9853982925415,0,0,0,0,0,0,0,6.6336085498333,0,4.82703937424554,3.50756845474243,0,0,0
0,0,0,0,0,0,0,0,0,0,3.83295782407125,0,3.13628187775612,0,0,0,0,0,0,0,0,0,5.06041434944653,0,0,0,5.24721174337426,0,0,0,3.1079444684178,0,0,0,0,0,0,0,6.06752141316732,0,0,0,0,0,0,0,46.083927154541,0,0,0,0,0,0,0,0,0,13.077291727066,0,6.94958446336829,0,0,0,0,33.9148006439209,0,5.73169405687423,0,0,0,3.10277209963117,0,4.44549776176467,0,3.28894773651572,0,0,0,0,0,48.0612449645996,0,2.74050140380859,3.4570289251281,3.86336650848389,20.3659715652466,0,0
0,0,0,0,0,0,0,0,0,0,0,3.00656421044294,0,0,0,0,0,0,0,0,0,0,0,0,0,0,0,3.47773765262805,0,0,0,0,0,0,0,0,0,3.93580639657895,0,0,0,0,0,0,0,0,0,0,0,0,0,0,0,0,0,0,0,2.95692210197449,0,2.74155759811401,0,0,0,0,0,0,0,0,0,0,3.29509960782939,0,6.04449612762754,0,0,0,0,0,0,0,3.81779095486029,0,3.10329344398097,0,0,0,0
0,0,0,0,0,0,0,0,0,0,7.01996931347004,0,0,0,0,0,0,0,0,0,0,0,0,0,0,0,0,0,3.1079444684178,0,0,0,0,0,0,0,0,0,3.41651655435562,83.1747436523438,0,0,0,0,0,0,0,0,0,0,0,0,0,0,0,0,7.56049337337926,0,0,0,0,0,0,0,0,0,0,0,0,0,0,5.3184019724528,0,4.73366476989561,0,0,0,0,0,0,0,0,5.38402662557714,3.54086643457413,0,0,0
0,0,0,0,0,0,0,0,0,0,0,0,0,0,0,0,0,0,61.1265411376953,0,0,0,0,0,0,0,0,0,0,0,0,0,6.32036144641336,5.75221031904221,3.81894366557782,4.31842789041235,5.62523294630505,0,0,6.65016937255859,10.0819878578186,31.0037940343221,0,0,0,42.0966491699219,0,6.47628997927658,13.003793631027,6.87636679410934,0,0,0,0,0,0,0,0,0,0,0,0,0,0,0,0,0,0,0,0,0,0,0,0,4.72102359108199,8.95671083314999,6.01736552374704,9.47936868667603,4.84576994236385,0,0,0,4.05817227387548,0,14.8822383085887,0,0
0,0,0,0,0,0,0,0,0,0,0,0,0,0,0,0,0,0,0,0,0,0,0,0,0,0,0,0,0,0,0,6.32036144641336,0,3.7710154397147,5.80129779838934,0,4.40119604503407,0,0,0,0,0,0,0,0,0,0,4.20476848849544,8.95753192901611,0,0,0,0,0,0,0,0,0,0,0,0,0,0,0,0,0,0,0,0,0,0,0,0,0,6.25978855266448,4.05724462521434,0,6.99717748661836,0,5.40160583221861,0,0,3.57582605826227,0,0,0,0
47.7372894287109,36.9018173217773,0,53.7612800598145,0,0,0,0,0,0,0,0,0,0,0,0,0,0,38.6767972310384,0,0,0,0,0,0,0,0,0,0,0,0,5.75221031904221,3.7710154397147,0,5.04797879433391,10.8579401983731,29.9643725156784,7.57911340094901,9.21831796227432,26.7622694373131,21.2861620585124,25.3733070492744,12.306536992391,0,0,0,0,5.60510939130416,8.34934786387852,15.8707237379892,0,0,0,0,0,0,0,0,0,0,0,0,0,0,0,0,0,0,0,0,0,0,0,0,8.42177748680115,0,5.14385667013631,6.22002351172617,10.2533059731508,30.4373450279236,5.68682341486494,8.38518807835823,6.26644473492958,7.82656024297078,18.7418451360477,0,0
0,0,0,0,0,0,0,0,0,0,0,0,0,0,0,0,0,0,0,0,0,0,0,0,0,0,0,0,0,0,0,3.81894366557782,5.80129779838934,5.04797879433391,0,9.80315313339233,3.55107518890141,2.7307288646698,8.63262783318031,0,0,0,0,0,0,0,0,4.35400871789428,6.29950481531571,0,0,0,0,0,0,0,0,0,0,0,0,0,0,0,0,0,0,0,0,0,0,0,0,0,0,8.80483727455139,5.97339597479392,4.13675861840217,0,4.1613562308825,20.5764255523682,7.73858921012687,3.38785964449247,4.18656963961465,0,0,0
0,66.5640563964844,0,50.9892886126483,0,0,0,0,0,0,88.574836730957,3.47448935756436,0,0,0,0,95.0870056152344,94.2006645202637,52.9282150828168,3.66979662268406,0,0,0,0,0,0,0,0,0,0,0,4.31842789041235,0,10.8579401983731,9.80315313339233,0,5.89311613209498,8.42023535123032,34.3347423553467,28.5655760867898,14.3296411514282,43.1641246995575,54.6866428179619,0,0,20.8941572178447,100.790574391683,12.001674838833,11.9999353284595,56.3918936737871,0,0,0,0,0,0,0,4.77614307403564,0,0,0,0,4.96815410446613,105.276392618815,0,0,95.4554595947266,0,65.6706314086914,0,0,70.1428604125977,0,0,48.4218078613281,0,14.6965643487645,0,5.82543737706998,8.14597515106201,9.4365648385047,0,10.648067163538,22.6958609786602,27.8244504943127,39.8575347137451,0
32.0916507427509,0,19.3920127868652,32.9775508880615,22.7287433544795,0,4.05835691365329,0,49.3786529541016,39.3026390075684,9.21995017994409,0,0,0,0,0,75.3387502034505,101.310764312744,60.4838891983032,0,7.06573367818108,0,0,0,0,0,0,0,0,0,0,5.62523294630505,4.40119604503407,29.9643725156784,3.55107518890141,5.89311613209498,0,10.9587650451905,10.2536171038813,42.6326629727386,5.83255971864212,48.9116697640255,29.3908099162916,0,37.0721216882978,32.5581876314603,23.8505819548358,4.94140995474167,22.1382858311688,38.6479824066162,31.8232984542847,0,3.64024421903822,0,0,0,7.89006883941011,0,54.3696601867676,0,0,0,24.2555255889893,13.4674392467996,0,0,0,0,0,0,0,59.3659689426422,0,51.6623373954527,46.4896354675293,3.15933322906494,28.4666796083804,3.48996418455373,14.0308962915545,5.13852859797926,16.852266959655,10.670352557174,6.23679138340897,10.103702972029,20.7442847373734,51.8813293457031,44.011322593689
0,18.7612640632773,0,34.5338678516325,0,44.352424621582,0,0,0,10.0451425727533,0,4.79122796421575,0,0,0,0,74.1592712402344,104.147449493408,54.1779437899055,4.01099649523244,0,9.08435964886656,4.26726326942444,7.02246508637614,0,10.9933673968682,0,5.19177048241914,0,3.93580639657895,0,0,0,7.57911340094901,2.7307288646698,8.42023535123032,10.9587650451905,0,6.19603697638358,52.0171580855379,0,38.2625822914971,61.9027810096741,0,0,40.2911179340803,120.370273590088,7.87792402328831,0,10.6216170200608,0,0,0,0,0,9.93055465727141,0,7.05491671901894,0,0,0,0,5.63141978733123,0,10.8963857877174,0,7.96001473446967,0,27.5703243414561,0,2.73012328147888,0,4.22610760894437,0,0,0,11.7945714476465,0,17.7220334085384,9.68672852516174,6.63003809349795,10.3249656616188,7.97822044295904,6.77124132484686,19.8137473929219,48.4885807037354,0
30.3642824346369,0,53.5902280807495,0,0,0,0,0,14.7960904271979,0,7.51640492929123,0,0,0,0,0,74.4445500276527,105.777715555827,55.8558302022643,0,17.1690264236131,0,7.95085175159954,0,7.13137600916023,0,9.82789242267609,0,6.06752141316732,0,3.41651655435562,0,0,9.21831796227432,8.63262783318031,34.3347423553467,10.2536171038813,6.19603697638358,0,92.0007011413574,0,89.3045085560192,27.7465895822716,0,41.8343052182879,76.0748825073242,40.16454813266,8.29949073521596,6.3559358407987,109.580032348633,0,0,0,0,14.0704305691597,0,21.500282897268,0,66.7944984436035,0,0,0,0,36.43133074806,0,11.2782373984442,0,7.55405878086348,0,10.2506900949681,0,44.7018318843842,0,54.018395503362,0,0,19.0989297003973,8.16104452363376,66.0508060455322,20.5858139860907,7.10234010024149,6.68968917466711,8.77259613710795,15.4579329024729,29.8028069202717,0,36.7892679486956
58.9390830993652,44.738400777181,0,30.4409957363436,57.8268527984619,40.8590977986654,0,0,0,46.4337196350098,81.8873291015625,0,0,0,0,0,72.5319803382168,82.1581073999405,44.4869253227998,11.8488084253718,80.1863072713216,61.1398811340332,0,59.8362757364909,0,0,0,0,0,0,83.1747436523438,6.65016937255859,0,26.7622694373131,0,28.5655760867898,42.6326629727386,52.0171580855379,92.0007011413574,0,0,20.7980874742639,25.3078106305816,0,45.8967609405518,10.7312498539357,64.652332003754,17.1369375366738,20.0881363280276,22.2421114992387,0,0,0,0,0,0,52.8742487980769,0,53.7256088256836,0,0,0,7.15024698552468,46.6207768122355,79.4718475341797,0,53.2630052566528,0,52.6397349039714,0,57.6585655212402,57.8722820281982,0,71.2490921020508,7.90824315661476,0,52.5487144470215,0,9.0123784613995,91.4927117483956,16.9296999944032,94.1087493896484,37.2860607722255,73.2234633478625,23.1413056131804,23.9280075519643,55.9839973449707
0,0,0,0,33.0145309448242,0,0,0,0,0,0,0,0,0,0,0,61.062068939209,0,31.2770771026611,0,24.6034879684448,0,0,0,0,0,0,0,0,0,0,10.0819878578186,0,21.2861620585124,0,14.3296411514282,5.83255971864212,0,0,0,0,0,9.73278430651428,0,28.1758346557617,21.9307041168213,5.93690273242817,8.76544894759816,6.50132077380589,0,0,0,0,0,0,0,36.2912273406982,0,48.2803230285645,0,0,0,0,10.0279775720376,0,0,0,0,0,0,0,0,0,12.1298494338989,0,7.35286737540189,0,0,16.1535720825195,5.7567542391408,0,8.33576752705202,34.0131213068962,69.5374425252279,8.15682465130039,0,19.0245913267136
0,21.8405055205027,0,25.6807975111337,0,34.3074649810791,0,0,0,11.6455905437469,0,6.94871664047241,0,0,0,0,61.3789686134883,61.912924712559,23.3900159965917,10.023074899401,77.0966593424479,30.3189928973163,0,20.1114714940389,0,34.1137619018555,0,0,0,0,0,31.0037940343221,0,25.3733070492744,0,43.1641246995575,48.9116697640255,38.2625822914971,89.3045085560192,20.7980874742639,0,0,20.6307643475258,0,53.9169502258301,19.726505754352,60.5440271010093,15.5900142017854,46.8685035705566,18.6992129423424,0,0,0,0,0,19.9570627212524,60.1322504679362,5.35763931274414,0,0,0,0,25.8854228773006,70.7218012655935,54.0811328887939,0,23.164199079786,0,19.0102308273315,0,48.123966217041,82.0785026550293,0,101.453914642334,31.0452042974607,0,30.812474451567,0,28.47548176656,71.5378892935959,31.2553651595817,90.1501700661399,16.3704417844699,54.635355901916,17.416259884184,15.3527946662903,49.04363377889
25.4299045476046,53.1122436523438,23.2360191345215,29.2934025250948,32.6556649208069,35.274528503418,0,0,7.28697849190148,0,28.0841027100881,0,0,0,0,0,48.2010011317882,68.3556965098661,21.7279086283275,0,20.7929954428068,58.0003890991211,0,0,14.5807832082113,0,0,0,0,0,0,0,0,12.306536992391,0,54.6866428179619,29.3908099162916,61.9027810096741,27.7465895822716,25.3078106305816,9.73278430651428,20.6307643475258,0,0,12.8717212879658,23.2894259503013,19.6379606820625,13.3509248630288,8.98384971793639,26.0852464301025,40.5346374511719,0,0,0,0,0,25.714981089817,0,35.0907088984614,0,0,0,29.728157043457,26.0220662228915,0,38.6387405395508,0,0,0,0,0,18.5804032007853,0,18.9965507388115,35.1320495605469,0,38.7778511047363,0,42.5106725016917,25.035311033576,52.0527631441752,29.6678598337486,16.1262992521212,51.8731250293919,12.2051416126801,21.5106148719788,11.9449638089323
0,0,0,0,0,0,0,0,0,0,0,0,0,0,0,0,0,0,0,0,0,0,0,0,0,0,0,0,0,0,0,0,0,0,0,0,0,0,0,0,0,0,0,0,0,0,0,0,0,0,0,0,0,0,0,0,0,0,0,0,0,0,0,0,0,0,0,0,0,0,0,0,0,0,0,0,0,0,0,0,0,0,0,0,0,0,0
0,0,0,0,0,0,0,0,0,0,0,0,0,0,0,0,43.8435026804606,74.4331359863281,17.0368062768664,0,27.0442138671875,0,0,0,0,0,0,0,0,0,0,0,0,0,0,0,37.0721216882978,0,41.8343052182879,45.8967609405518,28.1758346557617,53.9169502258301,12.8717212879658,0,0,0,18.1176839774391,0,15.1271252632141,0,0,0,0,0,0,0,32.3429787953695,0,44.6207733154297,0,0,0,0,26.9570243554037,0,0,0,0,0,0,0,50.9292106628418,0,0,0,0,0,0,57.1995315551758,29.6640827271714,0,38.0826931544713,15.0231898546219,53.7272672653198,12.8839719159057,0,21.3284219756271
0,26.849449412028,0,15.539428905702,0,0,0,0,0,0,70.7595596313477,0,0,0,0,0,86.2904884338379,53.988826751709,35.6079949121627,6.26831703715854,60.6545257568359,45.5697695922852,0,40.8327362060547,0,54.3680953979492,0,0,0,0,0,42.0966491699219,0,0,0,20.8941572178447,32.5581876314603,40.2911179340803,76.0748825073242,10.7312498539357,21.9307041168213,19.726505754352,23.2894259503013,0,0,0,60.9109579722087,16.6605559287713,23.0253722978675,22.9006779693422,0,0,0,0,0,32.1275405883789,46.5474548339844,0,57.2953071594238,0,0,0,5.65627348465731,67.6803749084473,58.2107639312744,0,42.3640696207682,0,38.6765546798706,0,28.823667049408,0,0,0,24.1268699645996,0,0,0,17.3161805606038,64.2091846466064,19.1491719546619,0,29.0420825416977,62.4269888741629,12.7905976433648,18.9798723856608,0
34.038018989563,0,23.368970381247,58.0479297637939,28.5628117075506,0,43.5520680745443,0,32.6036241194781,0,29.3710942178402,0,0,0,0,0,60.008632130093,75.5834186871846,35.9548256902582,0,25.1806456177922,0,52.366185760498,0,0,0,0,0,46.083927154541,0,0,0,0,0,0,100.790574391683,23.8505819548358,120.370273590088,40.16454813266,64.652332003754,5.93690273242817,60.5440271010093,19.6379606820625,0,18.1176839774391,60.9109579722087,0,35.7354717254639,11.2488475036621,65.2833990097046,29.5705714506261,0,34.6143760681152,0,0,0,27.7368585730839,0,36.1939881825619,0,0,0,0,15.9644781393439,0,54.3619506835937,0,0,0,0,0,40.6548837783092,0,32.9049564047174,0,0,0,0,80.4770779927572,17.8653339996869,85.9125595092773,38.6420120116203,35.12645282375,64.5601546821665,20.637069492722,61.4605274200439,34.6627702428334
0,36.5740781263872,0,43.2183742523193,0,0,0,0,0,0,0,0,0,0,0,0,69.4896278381348,0,45.6425443281207,0,0,0,0,12.2324361801147,21.4670429229736,0,0,0,0,0,0,6.47628997927658,4.20476848849544,5.60510939130416,4.35400871789428,12.001674838833,4.94140995474167,7.87792402328831,8.29949073521596,17.1369375366738,8.76544894759816,15.5900142017854,13.3509248630288,0,0,16.6605559287713,35.7354717254639,0,5.92297438841079,13.2735061549576,0,0,0,0,0,0,51.5748023986816,0,0,0,0,0,0,29.2490100860596,0,0,16.4050873650445,0,0,0,0,0,0,0,7.52202644362236,6.995433558436,5.15475632716177,5.09109081175863,20.5250190901414,6.57301851293879,10.1812172649669,8.50413261289182,8.32536775827887,84.3032826014927,13.4672789553276,40.5494861602783,0
8.02543070147915,0,8.44339555256987,28.4441764538105,35.5521697998047,0,0,0,16.6264325247871,0,0,0,0,0,0,0,44.3954302469889,58.5275840759277,23.1947191102164,0,23.6812038421631,0,13.7476710097431,0,6.43311610935241,0,7.67392959594727,0,0,0,0,13.003793631027,8.95753192901611,8.34934786387852,6.29950481531571,11.9999353284595,22.1382858311688,0,6.3559358407987,20.0881363280276,6.50132077380589,46.8685035705566,8.98384971793639,0,15.1271252632141,23.0253722978675,11.2488475036621,5.92297438841079,0,30.4795762379964,0,0,0,0,16.0311584472656,0,9.01285518918719,0,16.3794827231442,0,9.89973115921021,0,31.3992640177409,3.77930593490601,0,13.9271434418699,0,4.14720362680821,0,7.03859012310321,0,8.3200253089269,0,21.7770957946777,14.0483390022727,11.2537052377741,12.1816806793213,4.86886185290767,15.83857141281,7.09740348191333,0,6.44349729134732,9.32760918187636,38.6461991530198,9.63271196189307,0,13.4794410069784
0,6.8713062460512,0,20.1641216807895,0,43.649545842951,0,0,0,17.0585865974426,0,0,0,0,0,0,76.5892757292717,74.3885628382365,29.8873012180368,0,0,13.4105977621343,0,9.4015613195192,0,20.3781357192993,0,3.85921049118042,0,0,0,6.87636679410934,0,15.8707237379892,0,56.3918936737871,38.6479824066162,10.6216170200608,109.580032348633,22.2421114992387,0,18.6992129423424,26.0852464301025,0,0,22.9006779693422,65.2833990097046,13.2735061549576,30.4795762379964,0,0,0,0,0,0,10.6447704792023,50.0967038472494,9.19181678976331,0,6.63946485519409,0,10.4780224614673,30.4269272940499,54.4718933105469,28.8576149410672,0,8.11956109046936,0,10.6878537047993,0,4.28735200787934,82.3024597167969,3.86856198310852,110.302154541016,23.6966344584589,0,20.284627459266,0,36.5924695655704,112.936055501302,11.2858780491352,0,32.8301811315636,73.0695617789089,21.2288952827017,19.455160887345,93.2856826782227
0,0,4.41746563311444,54.5401916503906,4.64307068002258,0,4.09763089164359,0,13.3509593415768,0,6.96079254150391,0,0,0,2.95371627807617,0,0,0,0,0,7.95657002925873,0,0,0,0,0,0,0,0,0,0,0,0,0,0,0,31.8232984542847,0,0,0,0,0,40.5346374511719,0,0,0,29.5705714506261,0,0,0,0,0,6.13077916060725,0,4.74684100680881,0,9.02312939109341,0,5.86900325817398,0,9.21852788401813,0,0,10.2251864336431,0,0,0,0,0,0,0,0,0,0,0,0,0,0,0,0,0,0,5.82682006699698,0,10.745836243572,0,0
0,19.6042022705078,0,4.68645395623877,0,3.1514363500807,0,3.76361052589562,0,2.88774625957012,0,0,0,3.42638492584229,0,3.95437262904259,0,0,0,0,0,0,0,0,0,0,0,0,0,0,0,0,0,0,0,0,0,0,0,0,0,0,0,0,0,0,0,0,0,0,0,0,0,3.35524142655459,0,0,0,0,0,4.29643697088415,0,3.98176055815485,0,0,0,0,0,0,0,0,0,0,0,0,0,0,0,0,0,0,0,0,4.07812809944153,0,0,0,0
0,0,0,0,7.51875158811264,0,4.88941031070216,0,0,0,7.33721315402251,0,5.85889987945557,0,0,0,0,0,0,0,9.53772452453087,0,0,0,0,0,0,0,0,0,0,0,0,0,0,0,3.64024421903822,0,0,0,0,0,0,0,0,0,34.6143760681152,0,0,0,6.13077916060725,0,0,0,0,0,6.73483830210157,0,4.24513933237861,0,0,0,0,11.1845403525137,0,0,0,0,0,0,0,36.8454742431641,0,0,0,0,0,0,0,29.9245738983154,0,0,8.40786011011704,3.58939468860626,13.4754617373149,0,0
0,0,0,0,0,3.33336471742199,0,3.41573991061034,0,0,0,3.24390602111816,0,3.58502683099711,0,0,0,0,0,0,0,0,0,0,0,0,0,0,0,0,0,0,0,0,0,0,0,0,0,0,0,0,0,0,0,0,0,0,0,0,0,3.35524142655459,0,0,0,0,0,0,0,0,0,0,0,0,0,0,0,0,0,0,0,0,0,0,0,0,0,0,0,0,0,0,3.23550488551458,0,0,0,0
4.62397953255536,0,3.37299949472601,0,3.17913735183803,0,0,0,5.47117186948703,0,0,0,0,0,2.77903678417206,0,0,0,0,0,0,0,0,0,7.20501958396939,0,0,0,0,0,0,0,0,0,0,0,0,0,14.0704305691597,0,0,0,0,0,0,0,0,0,16.0311584472656,0,4.74684100680881,0,0,0,0,0,0,0,7.61631826920943,0,3.82283804860226,0,0,0,0,0,0,5.75343777120641,0,2.9267166852951,0,19.9473876953125,0,0,0,0,0,0,0,44.7197227478027,0,15.7026068231334,9.58922006316104,0,11.436150830725,0,4.37129497528076
0,8.10450410582044,0,12.3433117970176,0,8.79571278889974,0,0,0,6.06404949914535,0,0,0,0,0,2.74742746353149,0,8.24360370635986,24.9072775840759,0,0,0,0,6.29023203160614,0,9.48105889100295,0,0,0,0,0,0,0,0,0,0,0,9.93055465727141,0,0,0,19.9570627212524,0,0,0,32.1275405883789,0,0,0,10.6447704792023,0,0,0,0,0,0,0,0,0,0,0,4.7993194922595,0,0,0,0,4.67712199831583,0,0,0,0,0,0,0,0,0,0,0,0,0,10.0991809832585,0,7.89001255907038,0,19.3882729851197,0,0
10.1523033501967,0,3.4463416446339,52.6060117085775,7.82213606834412,0,8.14082515851045,0,23.0838148934501,0,5.10621253463129,0,13.5184693336487,0,0,0,58.3584690093994,80.5711040496826,49.9644058490622,0,8.36757456221167,0,0,0,0,0,0,0,13.077291727066,0,7.56049337337926,0,0,0,0,0,7.89006883941011,0,21.500282897268,52.8742487980769,36.2912273406982,60.1322504679362,25.714981089817,0,32.3429787953695,46.5474548339844,27.7368585730839,51.5748023986816,9.01285518918719,50.0967038472494,9.02312939109341,0,6.73483830210157,0,0,0,0,0,8.21602383015319,0,6.11026811599731,0,0,14.8586081402401,0,28.9415435791016,0,0,0,0,0,14.2206539483767,0,8.63600385452588,0,0,0,0,83.5845413208008,39.744879586356,0,18.1745080617395,9.51727122783661,67.0299904346466,15.2767311340736,0,28.0642766952515
0,13.1627474248409,0,4.23259259859721,0,0,0,8.33018743032697,0,0,0,4.61036682605592,0,3.58359975814819,0,0,0,0,0,8.64978644738789,0,0,0,0,0,0,0,0,0,2.95692210197449,0,0,0,0,0,4.77614307403564,0,7.05491671901894,0,0,0,5.35763931274414,0,0,0,0,0,0,0,9.19181678976331,0,0,0,0,0,0,0,0,0,3.19217746734619,0,11.1390865246455,5.48436654220193,0,0,0,0,0,0,0,0,0,7.79509614452815,0,0,0,0,0,0,0,7.70532392130958,0,9.43021011352539,0,7.1196920030699,0,0
11.6429220095719,0,3.999749203523,55.4423446655273,14.6893393198649,0,5.40269545037696,0,9.29967434065682,0,5.89906180195692,0,5.07886908155807,0,6.79942579085124,0,81.5632019042969,0,60.4729042053223,0,22.0508518483904,0,0,0,0,0,7.59350445157006,0,6.94958446336829,0,0,0,0,0,0,0,54.3696601867676,0,66.7944984436035,53.7256088256836,48.2803230285645,0,35.0907088984614,0,44.6207733154297,57.2953071594238,36.1939881825619,0,16.3794827231442,0,5.86900325817398,0,4.24513933237861,0,7.61631826920943,0,8.21602383015319,0,0,0,6.39219071232543,0,0,22.1746337977084,0,0,0,0,0,10.9777994155884,0,7.32668818068545,0,0,0,0,0,0,0,47.4941233680362,0,70.8284339904785,23.9473644403311,93.2743721008301,18.5587059487184,0,17.9923877716064
0,14.2157280445099,0,4.32677302052898,0,0,0,0,0,0,0,3.19855231305827,0,3.58728173427722,0,5.84528006773729,0,0,0,0,0,0,0,0,0,7.18870892891517,0,4.17460321125231,0,2.74155759811401,0,0,0,0,0,0,0,0,0,0,0,0,0,0,0,0,0,0,0,6.63946485519409,0,4.29643697088415,0,0,0,0,0,3.19217746734619,0,0,0,4.83103813264603,0,0,0,0,0,0,7.3532577008009,0,5.17095733393905,0,15.167652130127,0,0,0,0,0,0,0,0,0,3.84652306367685,4.84935688972473,0,0,0
8.49165604909261,0,7.38445377349854,0,2.94740557670593,0,0,0,4.49866861593528,0,0,0,8.11261367797852,0,4.17831887696919,0,4.22491836547852,0,0,0,0,0,0,0,0,0,0,0,0,0,0,0,0,0,0,0,0,0,0,0,0,0,0,0,0,0,0,0,9.89973115921021,0,9.21852788401813,0,0,0,3.82283804860226,0,6.11026811599731,0,6.39219071232543,0,0,0,0,0,0,0,0,0,0,3.49062295754751,0,7.64116047620773,0,0,0,0,0,0,0,0,0,0,4.85492420196533,0,13.2536855186384,0,0
0,5.5881362358729,0,4.71042296483919,0,3.51729011535645,0,0,0,3.46943747997284,0,0,0,4.25878626899382,0,3.23222414016724,0,2.98526991497387,0,0,0,18.673885345459,0,2.74645781517029,0,4.0948152795751,0,0,0,0,0,0,0,0,0,0,0,0,0,0,0,0,0,0,0,0,0,0,0,10.4780224614673,0,3.98176055815485,0,0,0,4.7993194922595,0,11.1390865246455,0,4.83103813264603,0,0,0,0,0,0,3.40173355911089,0,3.92194651834892,0,0,0,0,0,0,0,0,0,0,0,0,0,3.04527773857117,0,11.4860607147217,0,0
0,0,0,0,0,6.36270732879639,0,6.1829674584525,0,0,0,8.70645146071911,0,0,0,0,0,0,0,4.19875939241702,0,0,0,0,0,0,0,0,0,0,0,0,0,0,0,4.96815410446613,24.2555255889893,5.63141978733123,0,7.15024698552468,0,25.8854228773006,29.728157043457,0,0,5.65627348465731,0,0,31.3992640177409,30.4269272940499,0,0,0,0,0,0,0,5.48436654220193,0,0,0,0,0,0,0,0,0,0,0,0,0,0,13.3190653589037,0,0,0,0,0,5.01499625575939,0,12.088325814503,0,5.88013709156784,0,11.2573743887807,21.1535549163818,0
24.741911479405,0,32.430989074707,49.8073641459147,14.1163763674082,0,13.8485665688148,0,31.5829343795776,0,17.648430066231,0,0,0,0,0,64.0357301787468,88.2587381560227,42.8333559927539,0,9.15213921789179,0,47.5871708209698,0,0,0,0,0,33.9148006439209,0,0,0,0,0,0,105.276392618815,13.4674392467996,0,36.43133074806,46.6207768122355,10.0279775720376,70.7218012655935,26.0220662228915,0,26.9570243554037,67.6803749084473,15.9644781393439,29.2490100860596,3.77930593490601,54.4718933105469,10.2251864336431,0,11.1845403525137,0,0,0,14.8586081402401,0,22.1746337977084,0,0,0,0,0,0,48.1749458312988,0,0,0,0,0,32.3546632682699,0,28.0032467057185,0,0,0,0,88.7400207519531,14.7026924243896,0,31.6265719298981,32.0757924903114,70.8095605196046,23.4359564005247,0,27.0393696853093
0,33.7160921096802,0,57.6123733520508,0,0,0,0,0,0,0,0,0,0,0,0,0,7.53413504873003,72.9805514017741,0,0,4.85416776472158,9.32747108595712,9.4621020152816,0,5.26888251131859,0,6.5670789539814,0,0,0,0,0,0,0,0,0,10.8963857877174,0,79.4718475341797,0,54.0811328887939,0,0,0,58.2107639312744,0,0,0,28.8576149410672,0,0,0,0,0,0,0,0,0,0,0,0,0,0,0,0,7.82023405637897,0,6.49322209531898,0,5.51199250808287,0,0,0,0,0,0,0,0,0,19.6522964375131,0,6.45584085227734,4.52781349903828,36.5109050080583,0,0
0,0,0,0,0,0,0,0,0,0,24.2976678212484,0,0,0,0,0,5.80940215204664,0,0,0,55.091121673584,7.38933086395264,4.91618586538094,0,5.99586222892584,0,6.4489666944895,0,5.73169405687423,0,0,0,0,0,0,0,0,0,11.2782373984442,0,0,0,38.6387405395508,0,0,0,54.3619506835937,0,13.9271434418699,0,0,0,0,0,0,0,28.9415435791016,0,0,0,0,0,0,48.1749458312988,0,0,0,5.39663093884786,0,12.2683354106867,0,9.26879287144494,0,0,0,0,0,0,0,0,7.81586766242981,7.71148287622552,5.57857018030756,7.38994286327719,35.0237808227539,0,0
0,14.8722484765514,0,25.127116839091,0,0,0,0,0,5.10882650415103,0,0,0,0,0,0,0,0,29.7966213226318,0,0,13.7748225119524,0,4.96897099141881,0,11.1583041277799,0,0,0,0,0,0,0,0,0,95.4554595947266,0,7.96001473446967,0,53.2630052566528,0,23.164199079786,0,0,0,42.3640696207682,0,16.4050873650445,0,8.11956109046936,0,0,0,0,0,4.67712199831583,0,0,0,0,0,3.40173355911089,0,0,7.82023405637897,0,0,0,9.48095800298633,0,0,0,0,0,0,0,0,0,0,0,6.49652090027718,0,10.1826571914512,0,18.0233138819051,0,0
7.91714766242287,0,0,0,0,0,0,0,6.18276690306335,0,0,0,0,0,0,0,0,0,0,0,0,0,7.86860706408819,0,5.0544335881869,0,7.40342070227084,0,0,0,0,0,0,0,0,0,0,0,7.55405878086348,0,0,0,0,0,0,0,0,0,4.14720362680821,0,0,0,0,0,5.75343777120641,0,0,0,0,0,0,0,0,0,0,5.39663093884786,0,0,0,6.24646508553449,0,0,0,0,0,0,0,0,0,0,0,9.41818537391149,10.3202557122266,0,3.58982464472453,0,0
0,8.27874779884163,0,38.8177318572998,0,46.0118446350098,0,0,0,2.72525715827942,0,0,0,4.47926633982431,0,3.46625167528788,0,4.19004730052418,41.3029460906982,0,0,9.34966727873174,0,10.6465443584406,0,6.16539459934941,0,6.27191044552491,0,0,0,0,0,0,0,65.6706314086914,0,27.5703243414561,0,52.6397349039714,0,19.0102308273315,0,0,0,38.6765546798706,0,0,0,10.6878537047993,0,0,0,0,0,0,0,0,0,7.3532577008009,0,3.92194651834892,0,0,6.49322209531898,0,9.48095800298633,0,0,0,5.62190891098583,0,0,0,0,0,0,0,0,0,29.0531402587891,0,6.61499094963074,0,14.8134258756614,0,0
7.34396937915257,0,0,0,0,0,0,0,3.23958255617242,0,0,0,0,0,3.25043874351602,0,4.72542494034099,0,0,0,0,0,9.48796976684478,0,7.75733941941222,0,3.79142600087939,0,3.10277209963117,0,0,0,0,0,0,0,0,0,10.2506900949681,0,0,0,0,0,0,0,0,0,7.03859012310321,0,0,0,0,0,2.9267166852951,0,0,0,10.9777994155884,0,3.49062295754751,0,0,0,0,12.2683354106867,0,6.24646508553449,0,0,0,6.30383916334672,0,0,0,0,0,0,0,0,0,9.21126991907756,6.02238868026116,0,9.04035018739246,0,0
0,6.43330973073056,0,0,0,0,0,0,0,0,0,2.89688450098038,0,5.8584691082559,0,0,0,3.59301937710155,26.2677459716797,0,0,5.99794712933627,0,13.0619373321533,0,7.32904558181763,0,4.30662405624618,0,3.29509960782939,0,0,0,0,0,0,0,2.73012328147888,0,57.6585655212402,0,48.123966217041,0,0,0,28.823667049408,0,0,0,4.28735200787934,0,0,0,0,0,0,0,0,0,5.17095733393905,0,0,0,0,5.51199250808287,0,0,0,5.62190891098583,0,0,0,8.16940463370111,0,0,0,0,0,0,0,8.67344156116125,0,5.32679968266874,7.56051063537598,8.96386177241802,0,0
