0,0,4.96911034117574,0,10.3310050964355,0,0,0,6.56225915276518,0,0,0,0,0,5.4799844622612,0,0,36.1714935302734,8.61634816621479,0,0,0,0,0,20.3348161379496,0,0,0,0,0,0,0,0,0,0,0,0,0,0,0,0,0,15.5885398589959,0,11.3228950500488,0,8.49742603302002,0,5.61489410854888,0,0,0,0,0,7.83976564562418,0,9.39193058013916,0,0,0,5.45727839640209,0,0,0,0,0,0,15.2269468100175,0,0,0,0,0,0,0,0,0,0,0,40.7669532775879,0,0,5.47938243382937,0,6.53009945333546,0,10.831209786733
0,0,0,11.4407457958939,0,11.7538062163762,0,0,0,5.84903252694258,0,0,0,0,0,5.26615585778889,0,0,0,0,0,0,0,11.0573443499478,0,18.0861449241638,0,0,0,0,0,0,0,0,0,0,0,0,0,0,0,15.5889421304067,0,0,0,41.6577033996582,0,0,0,8.08156480789185,0,13.7545682243679,0,0,0,6.73885339314176,0,9.04914914237128,0,8.15413680076599,0,7.96324040339543,0,0,0,0,11.6721074151395,0,0,0,0,0,0,0,0,0,0,0,0,0,0,0,5.84129421397036,0,6.27758281843134,6.11309146881104,0
4.96911034117574,0,0,0,6.82482050099504,0,0,0,5.72100231226753,0,0,0,0,0,0,0,0,0,0,0,28.9810028076172,0,0,0,0,0,0,0,0,0,0,0,0,0,0,0,0,0,0,0,45.1109771728516,0,22.1768606401259,0,0,0,15.7147506713867,0,4.52980706426832,0,4.69778713522286,0,0,0,6.64901447005388,0,26.1916450500488,0,0,0,0,0,0,25.6989816938128,0,0,0,0,0,0,0,0,0,33.1354632907444,0,0,0,0,0,44.586597442627,0,36.5912857055664,8.72811051260067,12.6640939712524,9.22862364570344,0,20.6885802745819
0,11.4407457958939,0,0,0,6.66397958640428,0,0,0,4.40728787642259,0,0,0,0,0,0,0,0,48.2025883992513,0,0,0,0,0,0,0,0,0,0,0,0,0,0,0,0,28.9991636276245,0,0,0,40.5308675765991,0,30.3016565142579,0,23.7398986816406,0,14.0328065450074,0,0,0,7.90630433014228,0,7.97390562334368,0,0,0,3.5179085099799,0,3.29999337623368,0,3.74144644448251,0,4.18834829330444,29.3958165305001,0,0,0,30.8460331916809,0,0,0,29.6236457824707,0,33.1355336507161,0,0,0,0,0,36.5313241141183,0,35.8070335388184,0,9.60646615028381,32.9396600723267,13.3192805676718,0,0
10.3310050964355,0,6.82482050099504,0,0,0,3.07921435683966,0,3.93936800956726,0,0,0,3.8085076212883,0,0,0,0,0,46.6963996887207,0,6.8710490172764,0,0,0,0,0,0,0,0,0,0,0,0,0,0,0,0,0,0,0,41.8131280378862,0,32.605505657196,0,0,0,25.9637978076935,0,38.7025221188863,0,4.88131402359634,0,0,0,4.51258075864691,0,27.4048274993896,0,3.50610246509314,0,0,0,0,10.5647669742847,0,0,0,0,0,0,0,0,0,39.7363872528076,0,0,0,0,0,61.557181040446,0,0,5.20365905871085,3.47301149368286,12.8117939510889,0,38.8417587280273
0,11.7538062163762,0,6.66397958640428,0,0,0,2.77201162065778,0,5.92845693756552,0,3.83342712896842,0,3.705202460289,0,2.75196123123169,0,0,87.9746475219727,4.11307237532831,0,0,0,0,0,0,0,0,0,0,0,0,0,0,0,26.2362072467804,0,0,0,55.5804684956869,0,36.0994920349121,0,0,0,19.0083986488548,0,0,0,10.6218827605248,0,3.46306377922723,0,2.95342838764191,0,4.14928380713975,0,3.89274136983431,0,7.21630793809891,0,5.60541868209839,7.06957431306544,0,0,0,0,0,0,0,0,0,0,0,0,0,0,0,33.0489864349365,0,0,0,4.1587862580086,4.38489785194397,8.21649600261761,0,0
0,0,0,0,3.07921435683966,0,0,0,0,0,2.95985436439514,0,3.20277956912392,0,0,0,0,0,0,0,3.82311606407166,0,0,0,0,0,0,0,0,0,0,0,0,0,0,0,6.55741416889688,0,0,0,0,0,0,0,0,0,0,0,0,0,3.05435168743134,0,4.17467369303342,0,0,0,9.00134615898132,0,0,0,0,0,0,0,0,0,0,0,0,0,0,0,0,0,0,0,0,0,0,8.45623321533203,0,0,5.08086009985441,4.30596073014396,0,0,0
0,0,0,0,0,2.77201162065778,0,0,0,0,0,4.08108343450647,0,3.52533779825483,0,0,0,0,0,3.08783996105194,0,0,0,0,0,0,0,0,0,0,0,0,0,0,0,5.28397960662842,0,0,0,0,0,0,0,0,0,0,0,0,0,0,0,3.17616973320643,0,4.50788317122176,0,0,0,4.25297332333994,0,3.70414339005947,0,0,0,0,0,0,0,0,0,0,0,0,0,0,0,0,0,0,0,0,0,0,4.91362727115305,5.13670777214898,0,0,0
6.56225915276518,0,5.72100231226753,0,3.93936800956726,0,0,0,0,0,0,0,0,0,10.9439777115644,0,22.2868483375828,43.7568027425695,22.7554623283678,0,0,0,0,0,7.2919207440048,0,23.8795640865962,0,0,0,0,0,0,0,0,0,0,0,7.80535761581804,55.302008492606,67.2640438079834,78.2185249328613,34.7414915561676,0,0,43.7814788818359,27.3112468719482,0,10.8406928190544,0,0,0,0,0,6.17745937785257,0,19.127227306366,0,0,0,16.1789812533582,0,0,0,0,0,0,6.89759362344262,0,20.2178393554688,0,0,0,0,0,0,0,23.6006317138672,68.5458976745605,83.5457425798689,0,8.83420580107233,10.51850763244,13.7804701303698,8.93155101815019,38.740909576416,0
0,5.84903252694258,0,4.40728787642259,0,5.92845693756552,0,0,0,0,0,0,0,0,0,4.23753111362457,42.0915017809187,8.27902990063344,35.6048800150553,0,0,0,0,6.16563954118822,0,4.43967882279427,0,0,0,0,0,0,0,0,0,0,0,7.79006140605329,0,0,0,8.19412620213567,0,0,0,20.0418846607208,0,0,0,6.84833004291241,0,3.22128305435181,0,0,0,5.85583473279923,0,0,0,0,0,23.4296169281006,19.8663883209229,0,0,0,5.16186046984888,0,2.95230062802633,0,0,0,0,0,0,0,0,0,0,0,9.50362556952017,0,6.18755169206423,12.4148235321045,11.7164945602417,5.35917777906765,0
0,0,0,0,0,0,2.95985436439514,0,0,0,0,0,3.17469053268433,0,0,0,0,0,0,0,3.46803180794967,0,0,0,0,0,0,0,3.2137171571905,0,4.25147436724769,0,0,0,0,0,4.32584199309349,0,3.35943400261065,0,0,0,47.8532829284668,0,0,0,17.0329093933105,0,0,0,0,0,3.79208927154541,0,0,0,6.17516741629171,0,0,0,0,0,0,8.06687364488278,0,0,0,0,0,0,0,0,0,4.98319271632603,0,0,0,0,0,5.16872997511001,0,4.82172097426814,3.4120496884276,0,0,0,0
0,0,0,0,0,3.83342712896842,0,4.08108343450647,0,0,0,0,0,3.28687912027983,0,0,0,0,0,3.58362435768632,0,0,0,0,0,0,0,3.84758048057556,0,3.96662291997596,0,0,0,0,0,5.11141737302144,0,4.15148660442135,0,0,0,0,0,0,0,0,0,0,0,0,0,6.30818319320679,0,4.13126880877486,0,0,0,4.84176310445228,0,4.10240308986688,0,0,4.2447551061733,0,0,0,0,0,0,0,0,0,7.75210497631932,0,0,0,0,0,5.0273237423021,0,7.39480854967846,0,4.84411499562781,0,33.539311726888,0,0
0,0,0,0,3.8085076212883,0,3.20277956912392,0,0,0,3.17469053268433,0,0,0,3.91251309712728,0,15.3315153121948,0,0,0,0,0,0,0,0,0,0,0,0,0,0,0,0,0,0,0,0,0,0,0,0,0,0,0,0,0,0,0,0,0,0,0,3.0340815905867,0,0,0,0,0,3.57917371727306,0,4.69706334334153,0,0,0,0,0,0,0,0,0,0,2.74176168441772,0,0,0,0,0,0,0,0,0,0,2.90570668379466,2.91459345817566,0,0,0
0,0,0,0,0,3.705202460289,0,3.52533779825483,0,0,0,3.28687912027983,0,0,0,3.001717710495,0,0,0,0,0,0,0,0,0,0,0,3.27161066588901,0,0,0,0,0,0,0,0,0,0,0,0,0,0,0,0,0,0,0,0,0,0,0,0,0,0,0,0,0,3.41808782924305,0,3.88714625030662,0,4.18716788291931,0,0,0,0,0,0,10.1508798599243,0,3.67025232315063,0,0,0,0,0,0,0,0,0,0,0,4.08161046300881,7.47400705143809,0,0,0
5.4799844622612,0,0,0,0,0,0,0,10.9439777115644,0,0,0,3.91251309712728,0,0,0,14.7314812997599,49.3852819659046,38.3303661618914,0,0,0,0,0,32.4914684295654,0,9.82593217103378,0,0,0,0,0,0,0,0,0,0,0,0,0,0,0,0,0,0,0,0,0,0,0,0,0,0,0,6.15388503074646,0,0,0,3.38292465607325,0,5.55082985811066,0,0,0,0,0,0,0,0,12.3324686655631,0,0,0,0,0,0,0,0,0,0,0,0,12.2801911001092,7.993013344984,0,0,0
0,5.26615585778889,0,0,0,2.75196123123169,0,0,0,4.23753111362457,0,0,0,3.001717710495,0,0,0,7.20449997344107,64.4663391113281,0,0,0,0,6.0031238661872,0,0,0,0,0,0,0,0,0,0,0,0,0,0,0,0,0,0,0,0,0,0,0,0,0,0,0,0,0,0,0,4.28811588494674,0,0,0,3.25276431670556,0,3.28147367371453,0,0,0,0,10.0021790961425,0,0,0,0,0,0,0,0,0,0,0,0,0,0,0,3.81425795384816,0,0,0,0
0,0,0,0,0,0,0,0,22.2868483375828,42.0915017809187,0,0,15.3315153121948,0,14.7314812997599,0,0,23.175097825516,19.5030127385828,0,0,0,2.74579119682312,0,12.4699224323034,0,11.2698619184471,0,6.14942397390093,0,0,0,0,0,0,84.6040725708008,95.1290954589844,0,0,71.4648187536942,65.3164811470139,59.1403763953676,46.6498063729734,43.248950958252,13.8974990844727,57.7273933773949,56.8634636618874,0,84.011173248291,0,0,0,0,0,25.8119307125316,0,50.0280075073242,0,0,0,15.6380731532239,0,73.5508613586426,74.4260768890381,0,0,0,0,0,14.4519175628886,0,0,0,71.2944831848145,0,0,0,0,78.3233331574334,76.3826196579706,79.9739471435547,63.2466837565104,16.0721243479474,14.3440844759847,61.1149696377542,60.224747467041,40.993257522583
36.1714935302734,0,0,0,0,0,0,0,43.7568027425695,8.27902990063344,0,0,0,0,49.3852819659046,7.20449997344107,23.175097825516,0,16.6991611459908,0,0,3.09612997372945,0,3.46627248658074,30.4593259394169,5.324400806427,42.0827074505034,0,0,0,0,0,0,0,0,0,0,0,0,73.3338879479302,80.9215838524603,54.8730180740356,62.9922018051147,0,65.9260749816895,68.1282646179199,61.9105535234724,0,0,0,0,0,0,0,70.5242233276367,0,0,65.0901947021484,0,0,49.5438665043224,0,73.2603149414062,72.3626073201497,0,0,0,0,4.71865407625834,40.4137033161364,0,0,0,0,0,0,0,0,77.9928923924764,87.5771815708705,78.6626495948205,0,12.7054837211063,9.93347057752361,59.7129529953003,52.7172176654522,0
8.61634816621479,0,0,48.2025883992513,46.6963996887207,87.9746475219727,0,0,22.7554623283678,35.6048800150553,0,0,0,0,38.3303661618914,64.4663391113281,19.5030127385828,16.6991611459908,0,34.3821144104004,57.067699432373,0,0,0,21.0181182225545,0,33.8795325205876,0,0,0,0,0,0,0,0,70.3653320736355,71.9637298094921,0,0,46.5452188958688,46.6137437663103,28.5532485993781,26.1317812418275,20.9672930474375,27.070695570537,42.8748224631711,40.1755660858444,0,60.3116001084793,44.1856117248535,0,0,0,0,27.0318497744474,0,59.0853273603651,59.5441360473633,0,0,42.1017088137175,0,54.418474746077,54.8369880016939,0,0,0,10.7616548538208,0,34.690840959549,34.7875061035156,0,78.2433338165283,53.6392012437185,0,0,0,0,52.8764219709145,55.5774614997224,44.2428091768073,51.1375783129436,12.9628947646489,16.9364244792421,34.3242031225406,28.3711582367925,23.2373433048661
0,0,0,0,0,4.11307237532831,0,3.08783996105194,0,0,0,3.58362435768632,0,0,0,0,0,0,34.3821144104004,0,0,0,0,0,0,0,0,0,0,0,0,0,0,0,0,6.54247818554431,0,8.52474207176882,0,12.2633790969849,0,0,0,0,0,15.5440459012985,0,0,0,34.0125427246094,0,3.77999782562256,0,0,0,0,0,4.48366495279165,0,0,0,0,8.1502797177531,0,0,0,0,0,0,0,0,0,2.74035704135895,0,0,0,0,0,6.45043018163133,0,9.87835784367153,0,5.02670952327111,0,10.8569900718602,0,0
0,0,28.9810028076172,0,6.8710490172764,0,3.82311606407166,0,0,0,3.46803180794967,0,0,0,0,0,0,0,57.067699432373,0,0,0,0,0,0,0,0,0,0,0,0,0,0,0,0,0,5.43819048331172,0,3.41046694391652,0,34.6641656702215,0,27.8115553538005,0,0,0,19.5340074192394,0,35.0564645401975,0,0,0,0,0,0,0,5.83019023257143,0,0,0,0,0,0,6.42913187798405,0,0,0,0,0,0,0,0,0,6.24549234472215,0,0,0,0,76.3867492675781,9.16136087207041,0,5.14956916322803,6.76373038858576,4.02642790476481,10.4850465198823,0,0
0,0,0,0,0,0,0,0,0,0,0,0,0,0,0,0,0,3.09612997372945,0,0,0,0,4.19770493243248,5.94661571290256,0,4.37724691796526,0,3.29961652755737,0,0,0,0,0,0,0,0,0,6.69868205360166,0,0,0,0,0,0,0,0,0,0,0,4.15019515969537,0,0,0,0,0,0,0,0,0,0,0,0,0,0,4.61261392176889,4.31688638355421,6.380442051806,0,4.21173483775212,0,6.99915340968541,0,0,0,0,0,0,0,0,0,7.98289248023587,0,4.53308068545519,5.7888069172536,0,0,0
0,0,0,0,0,0,0,0,0,0,0,0,0,0,0,0,2.74579119682312,0,0,0,0,4.19770493243248,0,0,6.6999098546803,0,4.3431606180263,0,3.02450230039399,0,0,0,0,0,0,0,0,0,5.3121575249566,0,0,0,0,0,0,0,0,0,5.14703051058146,0,0,0,0,0,0,0,0,0,0,0,0,0,0,0,8.5108202000459,5.02249548874362,0,6.28839116120763,0,8.29868226465972,0,4.79848560245558,0,0,0,0,0,0,0,0,0,10.4939179407514,4.07523632482393,3.71136551588968,0,0,0
0,11.0573443499478,0,0,0,0,0,0,0,6.16563954118822,0,0,0,0,0,6.0031238661872,0,3.46627248658074,0,0,0,5.94661571290256,0,0,0,6.29986398395487,0,0,0,0,0,0,0,0,0,0,0,5.70166044806618,0,0,0,6.33022594451904,0,0,0,0,0,0,0,9.57712841033936,0,0,0,0,0,11.0859341276863,0,0,0,0,0,8.93453210942885,0,0,3.77881773370896,0,5.30759379230297,0,3.29438959468495,0,0,0,0,0,0,0,0,0,0,0,10.7719105116526,0,4.83852571560376,0,10.6160483225337,0,0
20.3348161379496,0,0,0,0,0,0,0,7.2919207440048,0,0,0,0,0,32.4914684295654,0,12.4699224323034,30.4593259394169,21.0181182225545,0,0,0,6.6999098546803,0,0,0,4.80402299661315,0,0,0,0,0,0,0,0,0,0,0,4.86494010799336,0,0,0,0,0,0,0,0,0,5.89086151541325,0,0,0,0,0,7.54464938329614,0,0,0,0,0,25.9936256408691,0,0,0,0,5.34035789555517,0,3.81965552487832,0,3.7585272125051,0,0,0,0,0,0,0,0,0,0,0,5.64076942867703,7.72054353302824,33.2998609542847,6.36195803682009,0,0
0,18.0861449241638,0,0,0,0,0,0,0,4.43967882279427,0,0,0,0,0,0,0,5.324400806427,0,0,0,4.37724691796526,0,6.29986398395487,0,0,0,4.31326434197633,0,0,0,0,0,0,0,0,0,0,0,0,0,0,0,0,0,0,0,0,0,0,0,0,0,0,0,13.4937918432828,0,0,0,0,0,5.3487229347229,0,0,7.92072466092232,0,8.37797070303296,0,4.30901163673131,0,3.66806570688883,0,0,0,0,0,0,0,0,0,0,0,4.73072979133576,0,0,0,0
0,0,0,0,0,0,0,0,23.8795640865962,0,0,0,0,0,9.82593217103378,0,11.2698619184471,42.0827074505034,33.8795325205876,0,0,0,4.3431606180263,0,4.80402299661315,0,0,0,0,0,0,0,0,0,0,0,0,0,0,0,0,0,0,0,0,0,0,0,0,0,0,0,0,0,9.87835514545441,0,0,0,0,0,10.847908598046,0,0,0,0,6.81946649707732,0,7.02047700148362,0,4.04145563209758,0,5.11950429280599,0,0,0,0,0,0,0,0,0,0,17.011395234328,22.6871033637754,24.6656036376953,0,0
0,0,0,0,0,0,0,0,0,0,0,3.84758048057556,0,3.27161066588901,0,0,0,0,0,0,0,3.29961652755737,0,0,0,4.31326434197633,0,0,0,5.11162099043528,0,0,0,0,0,0,0,6.66941017689912,0,0,0,0,0,0,0,0,0,0,0,0,0,0,0,0,0,0,0,0,0,0,0,0,0,0,0,0,0,0,2.81345717112223,0,7.32047512393389,0,2.85605537891388,0,0,0,0,0,0,0,17.451924754298,0,3.07105545202891,2.9570871591568,0,0,0
0,0,0,0,0,0,0,0,0,0,3.2137171571905,0,0,0,0,0,6.14942397390093,0,0,0,0,0,3.02450230039399,0,0,0,0,0,0,0,4.77463145857876,0,0,0,0,0,0,0,4.71478880517851,0,0,0,0,0,0,0,0,0,0,0,0,0,0,0,0,0,0,0,0,0,0,0,0,0,0,5.0127794444561,0,0,0,0,0,4.47529450879751,0,0,0,0,0,0,0,0,0,6.4542019367218,3.37364455631801,3.00597400135464,0,0,0
0,0,0,0,0,0,0,0,0,0,0,3.96662291997596,0,0,0,0,0,0,0,0,0,0,0,0,0,0,0,5.11162099043528,0,0,0,0,0,0,0,0,0,4.68975486187393,0,0,0,0,0,0,0,0,0,0,0,0,0,0,0,0,0,0,0,4.82694732441622,0,0,0,0,0,0,0,0,0,0,0,0,5.49487271308899,0,6.65883938683949,0,0,0,0,0,0,0,8.06046413158884,0,6.51156267753014,0,0,0,0
0,0,0,0,0,0,0,0,0,0,4.25147436724769,0,0,0,0,0,0,0,0,0,0,0,0,0,0,0,0,0,4.77463145857876,0,0,0,0,0,0,0,0,0,3.82058712055809,0,0,0,0,0,0,0,0,0,0,0,0,0,0,0,0,0,2.85369109463047,0,0,0,0,0,0,0,0,0,0,0,0,0,0,0,0,5.44294478260416,0,0,0,0,0,0,0,4.22137008110682,3.56073413576399,0,0,0,0
0,0,0,0,0,0,0,0,0,0,0,0,0,0,0,0,0,0,0,0,0,0,0,0,0,0,0,0,0,0,0,0,5.07826947951102,6.26300081923672,0,3.93751342043335,11.0327132542928,0,0,0,0,0,0,0,0,0,0,4.01349963236899,0,11.1492347717285,0,0,0,0,0,0,0,0,0,0,0,0,0,0,0,0,0,0,0,0,0,0,0,0,5.98424715097784,5.34137207785584,6.17456502515107,5.68132014274597,6.7274039545086,5.98830078682809,0,0,3.96137583195864,0,0,0,0
0,0,0,0,0,0,0,0,0,0,0,0,0,0,0,0,0,0,0,0,0,0,0,0,0,0,0,0,0,0,0,5.07826947951102,0,3.84429900318969,5.7232246326311,5.68110370635986,5.44962563044737,0,0,0,0,0,0,0,0,0,0,5.88381893562548,0,0,0,0,0,0,0,0,0,0,0,0,0,0,0,0,0,0,0,0,0,0,0,0,0,0,5.29168023389673,5.27969575290644,5.16476558916496,5.66781719310864,13.232216835022,5.86872024337451,0,0,4.56546617400717,0,0,0,0
0,0,0,0,0,0,0,0,0,0,0,0,0,0,0,0,0,0,0,0,0,0,0,0,0,0,0,0,0,0,0,6.26300081923672,3.84429900318969,0,4.52846592593098,4.05281103954414,0,5.87245568486511,2.84777421217698,0,0,18.8623046875,0,0,0,0,0,5.51918387982877,14.415623664856,11.6441244052935,0,0,0,0,0,0,0,0,0,0,0,0,0,0,0,0,28.9546175003052,0,26.9393444061279,0,0,0,0,0,5.32589889470845,4.12368667920431,4.69411706349024,4.92313964106909,4.89923421911491,0,4.50424691639937,0,4.68195423060008,3.92847071994435,22.5688786824544,0,0
0,0,0,0,0,0,0,0,0,0,0,0,0,0,0,0,0,0,0,0,0,0,0,0,0,0,0,0,0,0,0,0,5.7232246326311,4.52846592593098,0,0,5.12856106703204,0,7.24631104066218,0,0,0,22.7110381126404,0,0,0,0,5.57297871463329,13.5299896932628,0,0,0,0,0,21.2882423400879,0,0,0,0,0,0,0,0,0,0,0,0,0,0,0,0,0,0,0,4.81863454182943,4.80147513389587,5.01182968014419,4.50181194019602,0,6.81199931527015,0,6.11041069969682,5.62492716257975,0,20.1774096488953,0,0
0,0,0,28.9991636276245,0,26.2362072467804,0,5.28397960662842,0,0,0,5.11141737302144,0,0,0,0,84.6040725708008,0,70.3653320736355,6.54247818554431,0,0,0,0,0,0,0,0,0,0,0,3.93751342043335,5.68110370635986,4.05281103954414,0,0,4.10395759566124,5.05501499051898,0,39.9811149347024,0,38.7811260307785,77.1825714111328,12.6030721664429,0,24.9911641896328,85.8445434570312,3.27963047292497,23.863883972168,28.9003022193909,0,0,0,0,0,0,0,3.61338390244378,0,0,0,0,8.70143537073054,0,0,0,0,0,0,0,70.4276809692383,0,46.5750617980957,0,4.42194930975102,4.84386014938354,6.42576966347632,0,6.33290715788314,5.91560403678728,5.92635606968909,0,6.19500205380775,10.3074938817458,26.0284900665283,36.8114410747181,0
0,0,0,0,0,0,6.55741416889688,0,0,0,4.32584199309349,0,0,0,0,0,95.1290954589844,0,71.9637298094921,0,5.43819048331172,0,0,0,0,0,0,0,0,0,0,11.0327132542928,5.44962563044737,0,5.12856106703204,4.10395759566124,0,0,7.16765248145961,112.710525512695,24.2550594908126,80.6682586669922,45.0179166136117,0,59.563005065918,0,42.6493549828274,11.4236865160655,30.0083190345764,0,0,0,6.32771158218384,0,0,0,40.7166991600623,0,0,0,0,0,0,17.5623667109701,0,0,0,0,0,0,0,0,0,59.5914032676003,16.1530889783587,8.1958925312963,0,4.91653291565186,4.52360773086548,6.06430801565097,0,8.99675725658123,7.76515780486286,0,35.6939551388776,0,48.2115610296076
0,0,0,0,0,0,0,0,0,7.79006140605329,0,4.15148660442135,0,0,0,0,0,0,0,8.52474207176882,0,6.69868205360166,0,5.70166044806618,0,0,0,6.66941017689912,0,4.68975486187393,0,0,0,5.87245568486511,0,5.05501499051898,0,0,4.17890094085173,0,0,3.33974970304049,0,27.074743270874,0,16.5232419967651,0,4.27042891424169,0,10.4698113601511,0,0,0,0,0,8.33357446949656,0,5.40979097424981,0,0,0,0,12.0402383642742,0,4.60047398401996,0,8.26633211719795,0,16.5012055368566,0,8.28164970874786,0,7.48077858749189,0,0,0,8.92602301279704,0,7.4460215665264,0,6.05190219708656,0,5.41552082846403,4.00070221159193,6.43287062119035,14.3599309921265,0
0,0,0,0,0,0,0,0,7.80535761581804,0,3.35943400261065,0,0,0,0,0,0,0,0,0,3.41046694391652,0,5.3121575249566,0,4.86494010799336,0,0,0,4.71478880517851,0,3.82058712055809,0,0,2.84777421217698,7.24631104066218,0,7.16765248145961,4.17890094085173,0,0,0,0,0,0,0,0,0,5.03866909733114,7.53648335309637,0,0,0,0,0,9.68574011953253,0,12.422580766906,0,0,0,0,0,0,14.3775623761691,0,3.78573670185788,0,5.38814826277387,0,0,0,10.2551088060652,0,4.36809850760869,0,0,0,9.06892088798054,0,11.3430651987753,0,5.91559669503912,5.03929723668176,0,7.91377725139741,0,0
0,0,0,40.5308675765991,0,55.5804684956869,0,0,55.302008492606,0,0,0,0,0,0,0,71.4648187536942,73.3338879479302,46.5452188958688,12.2633790969849,0,0,0,0,0,0,0,0,0,0,0,0,0,0,0,39.9811149347024,112.710525512695,0,0,0,76.4987547738211,21.4089621434301,57.1393679550716,30.5468630218506,59.3040313720703,13.8349419464591,62.2381219361958,3.74335464028751,36.6639100483486,12.8110066448912,0,0,0,0,0,0,75.9143981933594,37.3710773468018,0,0,0,0,14.1548470706434,90.7976582845052,0,0,0,0,0,0,47.3988151550293,0,51.2982512882778,84.9825948079427,0,0,0,0,12.7855885457216,86.9367865285566,43.4819661958798,0,50.500083583675,49.7719404557172,18.314827931759,28.9131875991821,55.6715507507324
0,0,45.1109771728516,0,41.8131280378862,0,0,0,67.2640438079834,0,0,0,0,0,0,0,65.3164811470139,80.9215838524603,46.6137437663103,0,34.6641656702215,0,0,0,0,0,0,0,0,0,0,0,0,0,0,0,24.2550594908126,0,0,76.4987547738211,0,55.6604372544722,24.6113838241127,46.908571879069,29.7651266370501,68.7470340976467,21.5580975667157,6.89972543716431,16.4395536238128,0,0,0,0,0,0,0,40.5588529633313,0,0,0,0,0,78.8888592190213,25.6607019671708,0,0,0,0,0,0,0,0,70.6801605224609,51.4858529126203,0,0,0,0,82.4401716085581,17.1621993034831,77.4396971243399,31.2308272215036,54.9365949079825,63.189749399821,20.9350781383845,54.8158350492779,27.3020986735527
0,15.5889421304067,0,30.3016565142579,0,36.0994920349121,0,0,78.2185249328613,8.19412620213567,0,0,0,0,0,0,59.1403763953676,54.8730180740356,28.5532485993781,0,0,0,0,6.33022594451904,0,0,0,0,0,0,0,0,0,18.8623046875,0,38.7811260307785,80.6682586669922,3.33974970304049,0,21.4089621434301,55.6604372544722,0,15.5858662899275,16.3549678337943,35.8611888885498,22.7232403219208,44.7816710472107,13.2240422849786,43.2210922241211,17.1203105594572,0,35.372319539388,0,0,0,0,57.7563095092773,25.6388413906097,0,0,87.0651550292969,0,26.3599326525076,65.3425712585449,0,0,0,0,0,0,24.2364485068399,0,21.5351487758548,56.090404510498,0,0,0,0,26.4742455515838,67.5235576364729,24.7640898956376,65.0396995544434,15.4315468420226,37.5174510955811,16.6747928762829,11.8447665564321,0
15.5885398589959,0,22.1768606401259,0,32.605505657196,0,0,0,34.7414915561676,0,47.8532829284668,0,0,0,0,0,46.6498063729734,62.9922018051147,26.1317812418275,0,27.8115553538005,0,0,0,0,0,0,0,0,0,0,0,0,0,22.7110381126404,77.1825714111328,45.0179166136117,0,0,57.1393679550716,24.6113838241127,15.5858662899275,0,26.2798011302948,13.9240199771582,62.3299266590792,26.6188843517929,17.3857457592374,23.6797062590103,42.9858818054199,0,0,0,0,21.8433818817139,0,20.1950618800792,0,0,0,0,0,65.6059875488281,24.4713483761623,0,0,0,0,0,0,0,0,0,23.4870824958339,0,0,0,0,68.5777584330241,30.4490666555881,61.1267346468839,35.153326573998,17.94461116079,31.1193025906881,15.759986395163,41.6108021455653,9.10307128132057
0,0,0,23.7398986816406,0,0,0,0,0,0,0,0,0,0,0,0,43.248950958252,0,20.9672930474375,0,0,0,0,0,0,0,0,0,0,0,0,0,0,0,0,12.6030721664429,0,27.074743270874,0,30.5468630218506,46.908571879069,16.3549678337943,26.2798011302948,0,18.9115982055664,17.734131199973,30.2734847068787,0,0,43.2305545806885,0,0,0,0,0,0,0,0,0,0,0,0,31.6281541188558,40.2357330322266,0,0,0,0,0,0,0,0,25.3395226796468,0,0,0,0,0,40.4534903117589,48.7468746185303,29.7994526371811,0,35.3410283406576,43.9311656951904,17.4725018145853,15.5437265678688,0
11.3228950500488,0,0,0,0,0,0,0,0,0,0,0,0,0,0,0,13.8974990844727,65.9260749816895,27.070695570537,0,0,0,0,0,0,0,0,0,0,0,0,0,0,0,0,0,59.563005065918,0,0,59.3040313720703,29.7651266370501,35.8611888885498,13.9240199771582,18.9115982055664,0,50.7299003601074,29.6477911207411,0,0,0,0,0,0,0,0,0,24.2066036860148,0,0,0,0,0,72.9589157104492,24.7076517251822,0,0,0,0,0,0,0,0,0,27.8576672871908,0,0,0,0,57.6856517791748,39.4470390319824,59.5750541687012,29.4253973077845,44.0319565667046,42.110767364502,23.4665976872389,0,8.41226196289062
0,41.6577033996582,0,14.0328065450074,0,19.0083986488548,0,0,43.7814788818359,20.0418846607208,0,0,0,0,0,0,57.7273933773949,68.1282646179199,42.8748224631711,15.5440459012985,0,0,0,0,0,0,0,0,0,0,0,0,0,0,0,24.9911641896328,0,16.5232419967651,0,13.8349419464591,68.7470340976467,22.7232403219208,62.3299266590792,17.734131199973,50.7299003601074,0,56.167471991645,0,51.9094670613607,24.7102105841041,0,16.844046274821,0,0,0,0,57.1414833068848,21.5981240532615,0,0,0,0,19.5367371854771,71.2637775966099,0,0,0,0,0,0,27.9580886193684,0,23.9007550757378,91.0577774047852,0,0,0,0,24.8720912897875,80.6683709280831,24.7148857205828,93.4165573120117,39.3190672563952,34.7054211298625,16.8060318901305,24.0095498286761,61.099401473999
8.49742603302002,0,15.7147506713867,0,25.9637978076935,0,0,0,27.3112468719482,0,17.0329093933105,0,0,0,0,0,56.8634636618874,61.9105535234724,40.1755660858444,0,19.5340074192394,0,0,0,0,0,0,0,0,0,0,0,0,0,0,85.8445434570312,42.6493549828274,0,0,62.2381219361958,21.5580975667157,44.7816710472107,26.6188843517929,30.2734847068787,29.6477911207411,56.167471991645,0,0,32.9936260263718,32.9033966064453,0,0,0,0,0,0,27.5499048391978,0,0,0,0,0,74.1716791788737,15.8912003491787,0,0,0,0,0,0,0,0,75.7696762084961,29.7269094230932,0,0,0,0,74.5427052871041,28.7340061632354,74.0942386627197,17.5677807668117,30.6918742038893,34.3513321876526,21.4986041199374,47.7740686204698,22.0616992950439
0,0,0,0,0,0,0,0,0,0,0,0,0,0,0,0,0,0,0,0,0,0,0,0,0,0,0,0,0,0,0,4.01349963236899,5.88381893562548,5.51918387982877,5.57297871463329,3.27963047292497,11.4236865160655,4.27042891424169,5.03866909733114,3.74335464028751,6.89972543716431,13.2240422849786,17.3857457592374,0,0,0,0,0,10.1614557514223,7.22053892201873,0,0,0,0,0,0,0,0,0,0,0,0,47.6682395935059,0,0,0,19.5554456710815,0,0,0,0,0,0,0,7.68563861575553,7.55056888625977,5.74767632294362,7.04330257234825,6.48284397227302,8.0562513791353,11.5314751995934,10.6146500482188,8.28284569149755,3.57956910133362,8.89350578830082,0,0
5.61489410854888,0,4.52980706426832,0,38.7025221188863,0,0,0,10.8406928190544,0,0,0,0,0,0,0,84.011173248291,0,60.3116001084793,0,35.0564645401975,0,5.14703051058146,0,5.89086151541325,0,0,0,0,0,0,0,0,14.415623664856,13.5299896932628,23.863883972168,30.0083190345764,0,7.53648335309637,36.6639100483486,16.4395536238128,43.2210922241211,23.6797062590103,0,0,51.9094670613607,32.9936260263718,10.1614557514223,0,4.13109343192157,0,0,0,0,8.71396477401536,0,34.4438545593363,0,0,0,2.969614812306,0,35.7971076965332,36.6283523182293,0,4.02302954697737,0,4.7348637003836,0,3.35602948277496,0,4.55647416642848,0,32.3935055658221,0,0,0,8.78064835071564,9.92665863037109,24.705046509693,85.9333953857422,5.91991726112366,19.0149115337516,36.9407276153564,15.1888297838422,54.4503746032715,40.0276831785838
0,8.08156480789185,0,7.90630433014228,0,10.6218827605248,0,0,0,6.84833004291241,0,0,0,0,0,0,0,0,44.1856117248535,34.0125427246094,0,4.15019515969537,0,9.57712841033936,0,0,0,0,0,0,0,11.1492347717285,0,11.6441244052935,0,28.9003022193909,0,10.4698113601511,0,12.8110066448912,0,17.1203105594572,42.9858818054199,43.2305545806885,0,24.7102105841041,32.9033966064453,7.22053892201873,4.13109343192157,0,0,12.0287526384989,0,0,0,5.28033253381837,73.8387832641602,6.5541513276294,0,5.23228477804284,0,3.81382183595137,26.437970888047,0,4.09777996150706,0,7.94094771077734,0,4.04146837771356,0,5.09942484603209,0,5.57999300431575,0,11.0315979719162,0,12.1785826683044,0,16.2373051307101,0,11.2495872928546,0,13.711973303804,27.7833830515544,13.5507595389641,32.5218729972839,0
0,0,4.69778713522286,0,4.88131402359634,0,3.05435168743134,0,0,0,0,0,0,0,0,0,0,0,0,0,0,0,0,0,0,0,0,0,0,0,0,0,0,0,0,0,0,0,0,0,0,0,0,0,0,0,0,0,0,0,0,0,2.93934110800425,0,3.15110025622628,0,6.58548388310841,0,4.11907978057861,0,0,0,0,0,0,0,0,0,0,0,0,0,0,0,0,0,0,0,0,0,0,0,2.7491397857666,0,6.55244387738845,0,0
0,13.7545682243679,0,7.97390562334368,0,3.46306377922723,0,3.17616973320643,0,3.22128305435181,0,6.30818319320679,0,0,0,0,0,0,0,3.77999782562256,0,0,0,0,0,0,0,0,0,0,0,0,0,0,0,0,0,0,0,0,0,35.372319539388,0,0,0,16.844046274821,0,0,0,12.0287526384989,0,0,0,2.91349034309387,0,3.25677721542225,0,4.46941634586879,0,6.71495663036,0,8.55675727670843,6.9952620391188,0,0,0,0,0,0,0,0,0,0,0,0,0,0,0,0,0,0,0,3.92929080244783,0,6.27603022879865,0,0
0,0,0,0,0,0,4.17467369303342,0,0,0,3.79208927154541,0,3.0340815905867,0,0,0,0,0,0,0,0,0,0,0,0,0,0,0,0,0,0,0,0,0,0,0,6.32771158218384,0,0,0,0,0,0,0,0,0,0,0,0,0,2.93934110800425,0,0,0,0,0,4.39452834213647,0,2.81355273723602,0,0,0,0,0,0,0,0,0,0,0,0,0,0,0,0,0,0,0,0,0,0,0,4.29663723930318,5.90547190772163,0,0,0
0,0,0,0,0,2.95342838764191,0,4.50788317122176,0,0,0,4.13126880877486,0,0,0,0,0,0,0,0,0,0,0,0,0,0,0,0,0,0,0,0,0,0,0,0,0,0,0,0,0,0,0,0,0,0,0,0,0,0,0,2.91349034309387,0,0,0,0,0,4.24335730271261,0,4.52123759190242,0,0,0,0,0,0,0,0,0,0,0,0,0,0,0,0,0,0,0,0,0,0,5.10447536299239,3.85581903024153,0,0,0
7.83976564562418,0,6.64901447005388,0,4.51258075864691,0,0,0,6.17745937785257,0,0,0,0,0,6.15388503074646,0,25.8119307125316,70.5242233276367,27.0318497744474,0,0,0,0,0,7.54464938329614,0,9.87835514545441,0,0,0,0,0,0,0,21.2882423400879,0,0,0,9.68574011953253,0,0,0,21.8433818817139,0,0,0,0,0,8.71396477401536,0,3.15110025622628,0,0,0,0,0,29.0034685134888,0,0,0,9.92322791706432,0,0,0,0,0,0,6.93336079000035,0,9.30883228778839,0,0,0,0,0,0,0,21.8937854766846,0,0,0,9.95350339756676,9.0244255065918,10.4301190376282,14.6879303538522,0,23.2133636474609
0,6.73885339314176,0,3.5179085099799,0,4.14928380713975,0,0,0,5.85583473279923,0,0,0,0,0,4.28811588494674,0,0,0,0,0,0,0,11.0859341276863,0,13.4937918432828,0,0,0,0,0,0,0,0,0,0,0,8.33357446949656,0,0,0,0,0,0,0,0,0,0,0,5.28033253381837,0,3.25677721542225,0,0,0,0,0,0,0,0,0,8.94368739922841,0,0,0,0,6.67005580024323,0,0,0,0,0,0,0,0,0,0,0,0,0,7.43339937138108,0,9.25459471482497,0,15.6102893693107,0,0
9.39193058013916,0,26.1916450500488,0,27.4048274993896,0,9.00134615898132,0,19.127227306366,0,6.17516741629171,0,0,0,0,0,50.0280075073242,0,59.0853273603651,0,5.83019023257143,0,0,0,0,0,0,0,0,0,2.85369109463047,0,0,0,0,0,40.7166991600623,0,12.422580766906,75.9143981933594,40.5588529633313,57.7563095092773,20.1950618800792,0,24.2066036860148,57.1414833068848,27.5499048391978,0,34.4438545593363,73.8387832641602,6.58548388310841,0,4.39452834213647,0,29.0034685134888,0,0,0,3.22686478224668,0,0,0,0,10.467126423419,0,0,0,24.0449142456055,0,0,0,3.90192223947944,0,4.97400426681694,0,0,0,0,87.0558776855469,46.9617251764777,0,17.8618453617754,33.804609199365,29.7013259887695,14.1715147527773,0,18.5240736509624
0,9.04914914237128,0,3.29999337623368,0,3.89274136983431,0,4.25297332333994,0,0,0,4.84176310445228,0,3.41808782924305,0,0,0,65.0901947021484,59.5441360473633,4.48366495279165,0,0,0,0,0,0,0,0,0,4.82694732441622,0,0,0,0,0,3.61338390244378,0,5.40979097424981,0,37.3710773468018,0,25.6388413906097,0,0,0,21.5981240532615,0,0,0,6.5541513276294,0,4.46941634586879,0,4.24335730271261,0,0,0,0,0,5.44553751449423,0,6.05593079990811,10.250418073096,0,0,0,0,0,0,0,8.95934535004701,0,7.38975567357794,0,0,0,0,0,31.7197566350301,0,12.7921425651102,0,5.61413552914681,0,9.0140781565146,0,0
0,0,0,0,3.50610246509314,0,0,0,0,0,0,0,3.57917371727306,0,3.38292465607325,0,0,0,0,0,0,0,0,0,0,0,0,0,0,0,0,0,0,0,0,0,0,0,0,0,0,0,0,0,0,0,0,0,0,0,4.11907978057861,0,2.81355273723602,0,0,0,3.22686478224668,0,0,0,4.0179215490818,0,0,0,0,0,0,0,0,0,0,0,0,0,0,0,0,0,0,0,0,0,3.78243732452393,0,6.01538562774658,0,0
0,8.15413680076599,0,3.74144644448251,0,7.21630793809891,0,3.70414339005947,0,0,0,4.10240308986688,0,3.88714625030662,0,3.25276431670556,0,0,0,0,0,0,0,0,0,0,0,0,0,0,0,0,0,0,0,0,0,0,0,0,0,0,0,0,0,0,0,0,0,5.23228477804284,0,6.71495663036,0,4.52123759190242,0,0,0,5.44553751449423,0,0,0,4.01462829913069,15.3275377353032,0,0,0,0,0,6.1115821985098,0,4.08779386373667,0,0,0,0,0,0,0,43.9320125579834,0,0,0,4.12987439462117,11.580778500613,7.65017688751221,0,0
5.45727839640209,0,0,0,0,0,0,0,16.1789812533582,0,0,0,4.69706334334153,0,5.55082985811066,0,15.6380731532239,49.5438665043224,42.1017088137175,0,0,0,0,0,25.9936256408691,0,10.847908598046,0,0,0,0,0,0,0,0,0,0,0,0,0,0,87.0651550292969,0,0,0,0,0,0,2.969614812306,0,0,0,0,0,9.92322791706432,0,0,0,4.0179215490818,0,0,0,0,0,0,0,0,17.9442644119263,0,7.0703734479482,0,0,0,0,0,0,0,0,0,82.6400985717773,0,0,15.2437814291133,12.1511909480047,37.5374336242676,0,0
0,7.96324040339543,0,4.18834829330444,0,5.60541868209839,0,0,0,23.4296169281006,0,0,0,4.18716788291931,0,3.28147367371453,0,0,0,0,0,0,0,8.93453210942885,0,5.3487229347229,0,0,0,0,0,0,0,0,0,0,0,0,0,0,0,0,0,0,0,0,0,0,0,3.81382183595137,0,8.55675727670843,0,0,0,8.94368739922841,0,6.05593079990811,0,4.01462829913069,0,0,0,0,0,0,11.2387498610118,0,6.96088152891984,0,0,0,0,0,0,0,0,0,0,0,0,0,3.37664556503296,0,0,0,0
0,0,0,29.3958165305001,0,7.06957431306544,0,0,0,19.8663883209229,0,4.2447551061733,0,0,0,0,73.5508613586426,73.2603149414062,54.418474746077,8.1502797177531,0,0,0,0,0,0,0,0,0,0,0,0,0,0,0,8.70143537073054,0,12.0402383642742,0,14.1548470706434,78.8888592190213,26.3599326525076,65.6059875488281,31.6281541188558,72.9589157104492,19.5367371854771,74.1716791788737,47.6682395935059,35.7971076965332,26.437970888047,0,6.9952620391188,0,0,0,0,0,10.250418073096,0,15.3275377353032,0,0,0,0,0,0,0,0,0,0,17.1342005809481,0,17.9786771090448,0,0,0,0,0,15.7707883143868,95.2273178100586,11.2919087044591,0,16.180748077716,44.6487358638218,16.7172472547713,31.609958076477,0
0,0,25.6989816938128,0,10.5647669742847,0,0,0,0,0,8.06687364488278,0,0,0,0,0,74.4260768890381,72.3626073201497,54.8369880016939,0,6.42913187798405,0,0,0,0,0,0,0,0,0,0,0,0,0,0,0,17.5623667109701,0,14.3775623761691,90.7976582845052,25.6607019671708,65.3425712585449,24.4713483761623,40.2357330322266,24.7076517251822,71.2637775966099,15.8912003491787,0,36.6283523182293,0,0,0,0,0,0,0,10.467126423419,0,0,0,0,0,0,0,0,0,0,0,0,0,0,0,0,15.5623979049887,0,0,0,0,84.3152980804443,17.2040784672916,88.6212585449219,14.8545000293562,17.9217878894441,9.0015905040434,20.5999290752759,0,19.8695410389011
0,0,0,0,0,0,0,0,0,0,0,0,0,0,0,0,0,0,0,0,0,4.61261392176889,8.5108202000459,3.77881773370896,0,7.92072466092232,0,0,0,0,0,0,0,0,0,0,0,4.60047398401996,0,0,0,0,0,0,0,0,0,0,0,4.09777996150706,0,0,0,0,0,0,0,0,0,0,0,0,0,0,0,0,4.24653022241272,0,5.39411011692527,0,7.79119080690695,0,0,0,0,0,0,0,0,0,5.32658644448515,0,4.08000342796246,4.02374172210693,0,0,0
0,0,0,0,0,0,0,0,0,0,0,0,0,0,0,0,0,0,0,0,0,4.31688638355421,5.02249548874362,0,5.34035789555517,0,6.81946649707732,0,5.0127794444561,0,0,0,0,0,0,0,0,0,3.78573670185788,0,0,0,0,0,0,0,0,0,4.02302954697737,0,0,0,0,0,0,0,0,0,0,0,0,0,0,0,0,0,0,2.84997506141663,0,4.32064765570115,0,5.89063229155119,0,0,0,0,0,0,0,0,0,5.33015030686573,4.41637078745175,4.59028941392899,0,0,0
0,11.6721074151395,0,30.8460331916809,0,0,0,0,0,5.16186046984888,0,0,0,0,0,10.0021790961425,0,0,0,0,0,6.380442051806,0,5.30759379230297,0,8.37797070303296,0,0,0,0,0,0,0,28.9546175003052,0,0,0,8.26633211719795,0,0,0,0,0,0,0,0,0,19.5554456710815,0,7.94094771077734,0,0,0,0,0,6.67005580024323,0,0,0,0,0,11.2387498610118,0,0,4.24653022241272,0,0,0,6.02894282341003,0,5.25886678695679,0,0,0,0,0,0,0,0,0,6.04448155781103,0,5.895724747632,0,11.9114783124609,0,0
15.2269468100175,0,0,0,0,0,0,0,6.89759362344262,0,0,0,0,0,0,0,0,0,10.7616548538208,0,0,0,6.28839116120763,0,3.81965552487832,0,7.02047700148362,0,0,0,0,0,0,0,0,0,0,0,5.38814826277387,0,0,0,0,0,0,0,0,0,4.7348637003836,0,0,0,0,0,6.93336079000035,0,24.0449142456055,0,0,0,17.9442644119263,0,0,0,0,2.84997506141663,0,0,0,4.09717860429183,0,0,0,0,0,0,0,0,0,0,0,6.97534229202643,4.47630136440962,0,8.17220971555937,0,0
0,0,0,0,0,0,0,0,0,2.95230062802633,0,0,0,10.1508798599243,0,0,0,4.71865407625834,0,0,0,4.21173483775212,0,3.29438959468495,0,4.30901163673131,0,2.81345717112223,0,0,0,0,0,26.9393444061279,0,0,0,16.5012055368566,0,0,0,0,0,0,0,0,0,0,0,4.04146837771356,0,0,0,0,0,0,0,0,0,6.1115821985098,0,6.96088152891984,0,0,5.39411011692527,0,6.02894282341003,0,0,0,3.76438298175385,0,0,0,0,0,0,0,0,0,17.0573279062907,0,3.63209227153233,0,0,0,0
0,0,0,0,0,0,0,0,20.2178393554688,0,0,0,0,0,12.3324686655631,0,14.4519175628886,40.4137033161364,34.690840959549,0,0,0,8.29868226465972,0,3.7585272125051,0,4.04145563209758,0,0,0,0,0,0,0,0,0,0,0,0,0,0,0,0,0,0,0,0,0,3.35602948277496,0,0,0,0,0,9.30883228778839,0,0,0,0,0,7.0703734479482,0,0,0,0,4.32064765570115,0,4.09717860429183,0,0,0,4.86281634662666,0,0,0,0,0,0,0,0,0,0,22.3322485923767,25.1771233876546,0,0,53.9465942382812
0,0,0,29.6236457824707,0,0,0,0,0,0,0,0,0,3.67025232315063,0,0,0,0,34.7875061035156,0,0,6.99915340968541,0,0,0,3.66806570688883,0,7.32047512393389,0,5.49487271308899,0,0,0,0,0,70.4276809692383,0,8.28164970874786,0,47.3988151550293,0,24.2364485068399,0,0,0,27.9580886193684,0,0,0,5.09942484603209,0,0,0,0,0,0,0,8.95934535004701,0,4.08779386373667,0,0,17.1342005809481,0,7.79119080690695,0,5.25886678695679,0,3.76438298175385,0,0,0,5.05535128579211,0,0,0,0,0,52.5040825737847,0,12.4914054514014,0,7.99943494796753,0,14.2053047625386,25.4043952396938,0
0,0,0,0,0,0,0,0,0,0,0,0,2.74176168441772,0,0,0,0,0,0,0,0,0,4.79848560245558,0,0,0,5.11950429280599,0,4.47529450879751,0,0,0,0,0,0,0,0,0,10.2551088060652,0,0,0,0,0,0,0,0,0,4.55647416642848,0,0,0,0,0,0,0,3.90192223947944,0,0,0,0,0,0,0,0,5.89063229155119,0,0,0,4.86281634662666,0,0,0,2.90227237428938,0,0,0,0,0,0,0,5.10804353278093,3.79027629750116,0,10.2807178497314,0,0
0,0,0,33.1355336507161,0,0,0,0,0,0,0,7.75210497631932,0,0,0,0,0,0,78.2433338165283,2.74035704135895,0,0,0,0,0,0,0,2.85605537891388,0,6.65883938683949,0,0,0,0,0,46.5750617980957,0,7.48077858749189,0,51.2982512882778,70.6801605224609,21.5351487758548,0,25.3395226796468,0,23.9007550757378,75.7696762084961,0,0,5.57999300431575,0,0,0,0,0,0,0,7.38975567357794,0,0,0,0,17.9786771090448,0,0,0,0,0,0,0,5.05535128579211,0,0,0,0,0,0,0,53.1145625082862,103.782806396484,8.06464831631883,0,56.2226731436593,64.8715438842773,15.3002838735227,29.3477617899577,0
0,0,33.1354632907444,0,39.7363872528076,0,0,0,0,0,4.98319271632603,0,0,0,0,0,71.2944831848145,0,53.6392012437185,0,6.24549234472215,0,0,0,0,0,0,0,0,0,5.44294478260416,0,0,0,0,0,59.5914032676003,0,4.36809850760869,84.9825948079427,51.4858529126203,56.090404510498,23.4870824958339,0,27.8576672871908,91.0577774047852,29.7269094230932,0,32.3935055658221,0,0,0,0,0,0,0,4.97400426681694,0,0,0,0,0,0,15.5623979049887,0,0,0,0,0,0,0,2.90227237428938,0,0,0,0,0,0,97.2714042663574,54.5385630907933,80.5980758666992,4.94650961937161,47.6230735778809,42.0452537536621,18.777165595554,0,19.7649315643311
0,0,0,0,0,0,0,0,0,0,0,0,0,0,0,0,0,0,0,0,0,0,0,0,0,0,0,0,0,0,0,5.98424715097784,5.29168023389673,5.32589889470845,4.81863454182943,4.42194930975102,16.1530889783587,0,0,0,0,0,0,0,0,0,0,7.68563861575553,0,11.0315979719162,0,0,0,0,0,0,0,0,0,0,0,0,0,0,0,0,0,0,0,0,0,0,0,0,0,8.8362032951026,3.86282707058539,5.47689247131348,6.026699582796,16.8900378090995,0,0,5.25434673683984,0,0,0,0
0,0,0,0,0,0,0,0,0,0,0,0,0,0,0,0,0,0,0,0,0,0,0,0,0,0,0,0,0,0,0,5.34137207785584,5.27969575290644,4.12368667920431,4.80147513389587,4.84386014938354,8.1958925312963,0,0,0,0,0,0,0,0,0,0,7.55056888625977,0,0,0,0,0,0,0,0,0,0,0,0,0,0,0,0,0,0,0,0,0,0,0,0,0,0,8.8362032951026,0,5.87856960296631,4.14368399785411,20.2176761627197,7.88140450576683,0,0,6.53825914168358,0,0,0,0
0,0,0,0,0,0,0,0,0,0,0,0,0,0,0,0,0,0,0,0,0,0,0,0,0,0,0,0,0,0,0,6.17456502515107,5.16476558916496,4.69411706349024,5.01182968014419,6.42576966347632,0,8.92602301279704,0,0,0,0,0,0,0,0,0,5.74767632294362,0,12.1785826683044,0,0,0,0,0,0,0,0,0,0,0,0,0,0,0,0,0,0,0,0,0,0,0,0,3.86282707058539,5.87856960296631,0,5.29359373598291,5.37930169930185,0,4.85521446388612,0,5.93359124054343,5.82292094956274,0,0,0
0,0,0,0,0,0,0,0,23.6006317138672,0,0,0,0,0,0,0,0,0,0,0,0,0,0,0,0,0,0,0,0,0,0,5.68132014274597,5.66781719310864,4.92313964106909,4.50181194019602,0,4.91653291565186,0,9.06892088798054,0,0,0,0,0,0,0,0,7.04330257234825,8.78064835071564,0,0,0,0,0,21.8937854766846,0,0,0,0,0,0,0,0,0,0,0,0,0,0,0,0,0,0,0,5.47689247131348,4.14368399785411,5.29359373598291,0,0,5.03554016699171,0,8.5051260816169,7.77512465966375,0,0,0,0
0,0,0,36.5313241141183,0,33.0489864349365,0,0,68.5458976745605,0,0,5.0273237423021,0,0,0,0,78.3233331574334,77.9928923924764,52.8764219709145,6.45043018163133,76.3867492675781,0,0,0,0,0,0,0,0,0,0,6.7274039545086,13.232216835022,4.89923421911491,0,6.33290715788314,4.52360773086548,7.4460215665264,0,12.7855885457216,82.4401716085581,26.4742455515838,68.5777584330241,40.4534903117589,57.6856517791748,24.8720912897875,74.5427052871041,6.48284397227302,9.92665863037109,16.2373051307101,0,0,0,0,0,0,87.0558776855469,31.7197566350301,0,43.9320125579834,0,0,15.7707883143868,84.3152980804443,0,0,0,0,0,0,52.5040825737847,0,53.1145625082862,97.2714042663574,6.026699582796,20.2176761627197,5.37930169930185,0,0,99.7576104822293,12.9506608390623,105.76180267334,39.7765284187308,55.2397793531418,29.9596364144424,31.2173400724719,65.871898651123
40.7669532775879,0,44.586597442627,0,61.557181040446,0,8.45623321533203,0,83.5457425798689,0,5.16872997511001,0,0,0,0,0,76.3826196579706,87.5771815708705,55.5774614997224,0,9.16136087207041,0,0,0,0,0,0,0,0,0,0,5.98830078682809,5.86872024337451,0,6.81199931527015,5.91560403678728,6.06430801565097,0,11.3430651987753,86.9367865285566,17.1621993034831,67.5235576364729,30.4490666555881,48.7468746185303,39.4470390319824,80.6683709280831,28.7340061632354,8.0562513791353,24.705046509693,0,0,0,0,0,0,0,46.9617251764777,0,0,0,82.6400985717773,0,95.2273178100586,17.2040784672916,0,0,0,0,0,0,0,0,103.782806396484,54.5385630907933,16.8900378090995,7.88140450576683,0,5.03554016699171,99.7576104822293,0,89.7063413347517,7.65854877419824,43.5948331155209,62.4203507900238,32.9200644383003,67.9107391161796,36.8923942753763
