0,0,0.000435499480766495,0,0.000418009771209621,0,0,0,0.0437723395680132,0,0,0,0,0,0,0,0,0,0.00490234521193606,0,0,0,0,0,0,0,0,0,0,0,0,0,0,2.57338649989878e-05,0.000200471926898653,0,0,0,0,0,0,0,0.000312138819189201,0,0.000239691358360265,0,0,0,0.00224145103303665,0,0,0,0,0,0.0103620937033166,0,0,0,0,0,0.000433566751217234,0,0,0,0,0,0,0,0,0,0,0,0,0,0,0,0,3.12068301468221e-05,0,0,0,0,0.00153150772785627,0,0.00328698315813596,0,0.00130307729068362
0,0,0,0.0425126628029937,0,0.000476186675056199,0,0,0,0.0433606450853527,0,0,0,0,0,0.00344644140482011,0,0,0.0041749567148226,0,0,0,0,0,0,0,0,0,0,0,0,0,0,0,0,0,0,0,0,0,0,0.00141809404740683,0,0,0,0,0,0,0,0.0304702386036476,0,0.00250141173053446,0,0,0,0.0379504977365646,0,7.92675709817559e-05,0,0,0,0.0143977939420079,0,0,0,0,0,0,0,0,0,0,0.000621138857500205,0,0,0,0,0,0,0,0,0,0.00119384588016086,0,0.00547059091298782,0,0
0.000435499480766495,0,0,0,0,0,0,0,0,0,0,0,0,0,0,0,1.84238411480285e-05,6.06581617217214e-05,0.000348348417660127,0,0,0,0,0,0,0,0,0,0,0,0,0,0,0.00140720437173927,0.00396133483517814,0,9.79642106097607e-05,0,1.01374113699447e-05,0,0.00530786730749296,0,0.00196715208413849,0,0.00231432268562583,0,0.0340948153414719,0.00360303579195338,0.00554580772639875,0,0.00254315602966843,0,0,0,0.00681724523706168,0,0,0,0.000415958456835817,0,0,0,0,0.003177771281333,0,0,0,0,0,0,0,0,0,0.00183355817375449,0,0,6.63090194999586e-05,0.0116008742982229,0,0.000248497525879758,0,0.000364707734041303,0.000372012460150699,0,0.0225675504385486,0,0
0,0.0425126628029937,0,0,0,0.0348981680983535,0,0,0,0.029824432368194,0,0,0,0,0,0,2.87080108294204e-06,2.34725905196844e-06,0.000334099721458004,0.000212636343553656,0,0,0,0,0,0,0,0,0,0,0,0,0,0.000948244971085818,0,4.30689252383819e-05,0,1.5288535192291e-05,0,0.00480828254330898,0,0.00099903983723564,0.000205698451604234,0.00251340979354339,4.23924725359891e-05,0.036986872568945,0,0.00150379211610331,4.91477614891476e-05,0.00627861497476425,0,0.0271843114060754,0,0,0,0.0106101480809242,0,1.8817556768897e-05,0,0,0,0.0050548573743845,0.00460122966083572,0,0,0,0,0,0,0,1.14050584217743e-05,0,0.00308605116627103,0,0,0,0.0015737162610379,0,0.000313739240368324,0,0.000581984880611686,0,0.000400683213866176,0,0.0554770217317596,0.000367721383050676,0
0.000418009771209621,0,0,0,0,0,0,0,0.00344768341530066,0,0,0,0,0,0,0,0,0,0,0,0.00116969668972475,0,0,0,0,0,0,0,0,0,0,0,0,0,0,0,0,0,0,0,0,0,0,0,0,0,0,0,0,0,0.0120223449262555,0,0,0,0,0,0,0,7.41537223802879e-05,0,0.000615953176748008,0,0,0,0,0,0,0,0,0,0,0,0,0,0,0,0,0,0,0,0,0,0.00025624407542072,0,0,0,0
0,0.000476186675056199,0,0.0348981680983535,0,0,0,0.00852431989578009,0,0.0111873713190994,0,0,0,0.000972518337137968,0,0.00104865072662394,0,0,0,0,0,0,0,0,0,0,0,0,0,0,0,0,0,0,0,1.15718397583936e-05,0,0,0,0,0,0,0,0,0,0.000530267543125278,0,0,0,8.04909757273786e-05,0,0.144083447816095,0,0.00501575125738873,0,0.0192111227399498,0,0.0051014159697398,0,0.00424449110721822,0,0.00646027105650405,0,0,0,0,0,0,0,0,0,0,0,0,0,0,0,0,0,0,0,0,0.00160331063797567,0,6.37935537143573e-05,0,0
0,0,0,0,0,0,0,0,0,0,0,0,0,0,0,0,0,0,0,0,0,0,0,0,0,0,0,0,0,0,0,0,0,0,0,0,0,0,0,0,0,0,0,0,0,0,0,0,0,0,0,0,0,0,0,0,0,0,0,0,0,0,0,0,0,0,0,0,0,0,0,0,0,0,0,0,0,0,0,0,0,0,0,0,0,0,0
0,0,0,0,0,0.00852431989578009,0,0,0,0,0,0.00936089354802119,0,0.000894654242144053,0,0,0,0,0,0,0,0,0,0,0,0,0,0,0,0,0,0,0,0,0,0,0,0,0,0,0,0,0,0,0,0,0,0,0,0,0,0.0281989829471182,0,0.101065415823348,0,0,0,0.00609292480415701,0,0.00361208608592546,0,0,0,0,0,0,0,0,0,0,0,0,0,0,0,0,0,0,0,0,0,0,4.03723860069761e-05,0,0,0,0
0.0437723395680132,0,0,0,0.00344768341530066,0,0,0,0,0.000233357826370083,0,0,0,0,0.00145157104433834,0.000126615977316124,0.00343460221154376,0.00173081203165043,0.00262470029507495,0,0,0.000142978984449032,0.000245250092291129,0.000925921586940349,0.0067952455641061,0.000378957825706685,0.0027238301848517,0,0,0,0,0,0,0,0,0,0,0,2.44981087180267e-05,0,1.77345885986005e-05,0.000125094600934694,0.000200094554269004,0,4.45565678068383e-05,0,0,0,9.40398726746658e-05,0,0,0,0,0,0.0420501785096812,0,0,0,0,0,0.000144675165224992,0,0,0,0,7.53892673382528e-05,0.00158252779742984,0.000525803994134301,0.000619561884309758,0.00361027658666415,0,0,0,0,0,0,0,0,0,2.16982203128016e-05,3.84702820617408e-05,2.97744160763704e-06,0.00202069311155422,4.327682829291e-05,0.00224196302762268,0,0.000173182186073036
0,0.0433606450853527,0,0.029824432368194,0,0.0111873713190994,0,0,0.000233357826370083,0,0,0,0,0,0.000327618304682135,0.000809215656206798,0.00209797509511544,0.00804767410875881,0.0010040493173498,0,0,0.00132368346196767,0,0.0222542724504765,0.00142561128043887,0.000254609195005523,0.000943932098463183,0,0,0,0,0,0,0,0,0,0,0,0,4.17095362535804e-05,0,0.00450647061656733,0,6.01393644982092e-05,0,0,0,0,0,2.23915917917869e-05,0,0,0,0,0,0.0711199652619592,0,0,0,0,5.99705967860714e-05,0,0,0,0.000684873223102422,0.000113599831149266,0.0238184677192398,0,0.00278122736495861,0,0,0,0,0,0,0,0,0,1.35153910361469e-05,0,1.34496822479284e-05,0,0.00176244889397441,2.51171865721302e-05,0.00919159972133267,0,0
0,0,0,0,0,0,0,0,0,0,0,0,0.000202865470782854,0,0,0,0,0,0,0,5.4766012908658e-05,0,0,0,0,0,0,0,0,0,0.0044573623835752,0,0,0,0,0,0,0,0.000569680640091847,0,0,0,6.23893178455673e-05,0,0,0,0,0,0.00025428789933181,0,0,0,0,0,0,0,0.0243595192015327,0,0.00348841746944405,0,0,0,0,0.000283604405496332,0,0,0,0,0,0,0,0,0,0.000356647207412801,0,0,0,0,0,0,0,1.62828131919347e-05,0.000191276381428659,0,0.000462234504846243,0,0
0,0,0,0,0,0,0,0.00936089354802119,0,0,0,0,0,0.00164479920092676,0,0,0,0,0,0.00550505787341562,0,0,0,0,0,0,0,0.00114154500053905,0,0.00882022508915671,0,0,0,0,0,0.00010147839253933,0,0.00211714460237701,0,0,0,0,0,0,0,0,0,0,0,0,0,0,0,0,0,0,0,0.0913624025910086,0,0.000108919461818359,0,0,0.00154173080429915,0,0,0,0,0,0,0,0.00196022889967469,0,0.0167105147082953,0,0,0,0,0,0,0,0.00365405887789116,0,0.00116179666718248,0,0,0,0
0,0,0,0,0,0,0,0,0,0,0.000202865470782854,0,0,0,0,0,0,0,0,0,0,0,0,0,0,0,0,0,0,0,0,0,0,0,0,0,0,0,0,0,0,0,0,0,0,0,0,0,0,0,0,0,0,0,0,0,0,0,0.00780500512116729,0,0,0,0,0,0,0,0,0,0,0,0,0,0,0,0,0,0,0,0,0,0,0,0.000205461158281037,0,0,0,0
0,0,0,0,0,0.000972518337137968,0,0.000894654242144053,0,0,0,0.00164479920092676,0,0,0,0.0010382801796269,0,0.00143626139323054,8.49750171170234e-06,0,0,2.18425259626339e-05,0,0,0,0.000155886960720162,0,0,0,0,0,0,0,0,0,0,0,0,0,0,0,0,0,0,0,0,0,0,0,0,0,0.00573567818572108,0,0.00191902523843491,0,0,0,0.00279912308110281,0,0.0713019729364067,0,0.00490560797283529,0,0,0,0,0,0,0.000304602489086478,0,0.000660257078742288,0,0,0,0,0,0,0,0,0,0,0,0.000802722107119625,0.000106940057640025,0,0,0
0,0,0,0,0,0,0,0,0.00145157104433834,0.000327618304682135,0,0,0,0,0,0,0.00395207581923829,0.00108742200765663,0.000233431601317553,0,0,7.18054502355675e-05,0.000533580487136352,0.000301869988146594,0.000892865857836712,3.89227627863075e-05,0.0095037818241657,0,0,0,0,0,0,0,0,0,0,0,0,0,0,0,0,0,0,0,0,0,0,0,0,0,0,0,0,0,0,0,0,0,0.00100366252773419,0,0,0,0,4.74954335658787e-05,6.34857604523056e-05,0,0.000688579613883069,0.0162013342351057,0,0,0,0,0,0,0,0,0,0,1.77188826894987e-05,0,0.000386848918003713,0.000153536936848478,0,0,0
0,0.00344644140482011,0,0,0,0.00104865072662394,0,0,0.000126615977316124,0.000809215656206798,0,0,0,0.0010382801796269,0,0,0.000546916059564668,0.00681978693870859,0.000287767342025567,0,0,0.000696803994293269,0,0.00195030898987942,0,0.0258519124697108,6.94557586528757e-05,0.000231184912244618,0,0,0,0,0,0,0,0,0,0,0,0,0,0,0,0,0,0,0,0,0,0,0,0.00106592031118062,0,0,0,0.00264942975118394,0,0,0,0.00117095793924284,0,0.0126132986264825,0,0,0.000320832883424893,0,0.00115010725252629,0,0.00780356812439724,0.000243049991862421,0,0,0,0,0,0,0,0,0,0,0,0,0.000349489219276208,6.31754033625565e-05,0,0,0
0,0,1.84238411480285e-05,2.87080108294204e-06,0,0,0,0,0.00343460221154376,0.00209797509511544,0,0,0,0,0.00395207581923829,0.000546916059564668,0,0.139857250518205,0.0586915141401603,0,0,0.00232375797693697,0.00713468340948669,0.00385981420486957,0.0029329695198439,0.00057644920628866,0.0370371976298876,0,0,0,0,0,0,4.42366649619171e-06,0.000152918916055954,0.000125336232326662,9.46096200118052e-06,0,2.46513720457177e-05,0.000746482081987422,0.000981736221228625,0.0005707246039329,0.000658884672506599,7.46250281912444e-05,0.000297180721056509,3.76165692983993e-05,9.94152271249113e-05,0.000109195705323704,0.00045651116309013,9.11265754300424e-05,0,0,0,0,7.20715685158052e-05,0,0,0,0,0,0.000936759391072329,5.42225474143731e-05,2.79221160236074e-06,0,0.000838900059926382,0.000905729470914334,0.00275387647751592,3.59351106980217e-05,0.00198587372571205,0.0191059403070224,0,0,2.53199991449858e-05,7.91141142079138e-06,0,0,0,0.000317274026040644,0.000478112766519108,0.00125640532547867,0.000347183605085138,0.000341824827976845,0.0274256715066778,0.00786615960081462,0.000351074159491703,6.29311755186398e-05,0.000133450518007235
0,0,6.06581617217214e-05,2.34725905196844e-06,0,0,0,0,0.00173081203165043,0.00804767410875881,0,0,0,0.00143626139323054,0.00108742200765663,0.00681978693870859,0.139857250518205,0,0.0732934790684796,2.01078308543968e-06,0,0.0147035431878757,0.00193740034384587,0.0152227259937938,0.00165062782008112,0.0396482184299336,0.00304276316585612,0.00186040328765952,0,8.54492068919164e-06,0,0,0,7.18277869465769e-06,4.97221696785603e-05,0.000355275992837812,6.78055954878563e-06,0,0,0.00266957591452392,0.000739014624299049,0.00163227618652767,0.000245183745625229,0.000419608823395619,7.80535313217335e-05,7.5143969963416e-05,0.000117248109209031,0.000173399031271017,0.00024976683301772,0.000353157365062267,0,0,0,0,4.30493639566765e-05,0.000119055898364468,0,3.66074713648614e-06,0,0,0.000477577022635105,0.00427587577536905,0.00015031203274508,0,0.00406986479652514,0.000275099136283762,0.0133767172854027,0,0.0249349061332443,0.00281829622095105,0.000568327814436814,0,0.000105253531458236,0,0,0,0,4.34743602539342e-05,0.001680302649802,0.000671568013259271,0.00107395546577771,0.000165720382270012,0.0286824572818586,0.0092302204578125,0.000766197465977313,0.00042627133989096,6.38780667720629e-05
0.00490234521193606,0.0041749567148226,0.000348348417660127,0.000334099721458004,0,0,0,0,0.00262470029507495,0.0010040493173498,0,0,0,8.49750171170234e-06,0.000233431601317553,0.000287767342025567,0.0586915141401603,0.0732934790684796,0,0.000135358812020998,1.31431823578738e-05,0.000723417267301919,0.000309482809577491,0.0028990958366069,0.00059634572316958,0.000605446564311932,0.000718898504647475,0,0,0,0,0,0,0.000222940172821522,0.00117317883823455,0.00227186739865784,0.000429591415493883,4.38910178850359e-05,0.000149891152573757,0.0219875609439343,0.0167085359185127,0.021190546008817,0.0147631401598907,0.0158173379444666,0.00529511167853021,0.00100674250293907,0.00133480308613195,0.00279158299133078,0.00768657452987123,0.00266302522969756,0,0,0,0,0,0,0,3.08108753735201e-05,0,0,1.35863148789958e-05,0,0.00069006975616568,0.000151846152217868,0.0002551206094397,0.000210827907852348,0.00165339172574928,0,0.0005893702466023,0.00185091938096123,2.11910286502723e-05,0,0.00129728477779681,0.000911852703927281,0,0,0.000166463095996816,0.00349850443928037,0.0113096750900708,0.0156505609166362,0.00626799806569424,0.00586923534384163,0.0198136840626753,0.000626994755876747,0.02082379067579,0.00656507976965667,0.00966723271683422
0,0,0,0.000212636343553656,0,0,0,0,0,0,0,0.00550505787341562,0,0,0,0,0,2.01078308543968e-06,0.000135358812020998,0,0,0,0,0,0,0,0,1.41184456506284e-05,0,0.000825483714199914,0,0,0,0,0,0.00207366183657303,0,0.00255066386315345,0,0.000558321204515752,1.24716576755633e-05,0.000373755983357619,0,0.000569871197704306,0,0.00834066623645469,0,2.12970798887016e-05,2.18318100449681e-05,7.49626591224202e-05,0,0,0,0,0,0,0,0.00369100279168086,0,0,0,0,0.0822752646337547,0,0,0,0,0,0,0,0.000170018848779514,0,0.0151139364074085,0,0,0,1.86492946880623e-05,0,0.004946245571119,0,0.0132674578058796,0,0.00206762225959768,0,0.000638458880363715,0.000659568631560953,0
0,0,0,0,0.00116969668972475,0,0,0,0,0,5.4766012908658e-05,0,0,0,0,0,0,0,1.31431823578738e-05,0,0,0,0,0,0,0,0,0,0,0,0,0,0,0,1.96224254511083e-05,0,0.0019830855595442,0,1.97999816944441e-05,0,2.0550224991291e-05,0,0.000168520685209526,0,0,0,0.000477780421570593,6.90352291962858e-05,0.00311355603116166,0,0,0,0,0,0,0,0.000889180414777425,0,0,0,0,0,0,0.0214210569013205,0,0,0,0,0,0,0,0.000123855651916439,0,0.0104549805019755,0,0,0,1.84058588504152e-05,0,0.00230740427058089,0,0.0109875135861645,0.000689541169594394,0,0.00154390595487127,0,0
0,0,0,0,0,0,0,0,0.000142978984449032,0.00132368346196767,0,0,0,2.18425259626339e-05,7.18054502355675e-05,0.000696803994293269,0.00232375797693697,0.0147035431878757,0.000723417267301919,0,0,0,0.0019788905919324,0.00199924670543814,0.000140657486156747,0.00323117610597319,0.000406510896716699,0.00171327845284786,0,0,0,0,0,0,0,0,0,0.00154332253559292,0.000736586208372204,4.7336376641592e-05,5.91414456919568e-05,1.49568579017422e-05,1.00001403332628e-05,7.22420494505237e-05,0,0,0,0,1.19665446242736e-05,0.0076527357289459,0,0,0,0,1.08737147010939e-05,3.29943967885455e-05,0,2.25825049354409e-05,0,0,1.23954521348958e-05,1.73331247017257e-05,0,0,0.0776561330310128,0,0.00298396315864898,0,0.00680551285264611,0.000376074670581948,0.00808779719254315,0,7.35800768075865e-06,0,0,0,0,0,1.78271676225388e-05,6.72070735288632e-06,0.000884085954618726,0,0.00547026819109262,0.00182809986961796,1.34917249067603e-05,0,0
0,0,0,0,0,0,0,0,0.000245250092291129,0,0,0,0,0,0.000533580487136352,0,0.00713468340948669,0.00193740034384587,0.000309482809577491,0,0,0.0019788905919324,0,0.000118220703085134,0.000563265379337414,2.27010693950661e-05,0.00767660644329886,0,0,0,0,0,0,0,2.54996723805058e-05,0,0,0,0.0131748635804964,0,0,0,5.26035553026927e-06,0,0,0,0,9.28776513607252e-06,0.0054763180143577,0,0,0,0,0,5.87369884175567e-06,0,5.44247249279262e-05,0,0,0,0.000162657184559849,0,0,5.61204502730984e-06,0.000122899982678488,0.0780028940081948,7.61099698210217e-05,6.94095695951872e-05,1.05285874773211e-05,0.00291558355353592,0,2.28175010005252e-05,0,0.000683042943911157,0,0,0,0.00293217308556356,0,2.67376718521173e-06,0,0.00435225032299625,0.00717116411377921,0.00153346553223726,0,0,9.52347592260774e-06
0,0,0,0,0,0,0,0,0.000925921586940349,0.0222542724504765,0,0,0,0,0.000301869988146594,0.00195030898987942,0.00385981420486957,0.0152227259937938,0.0028990958366069,0,0,0.00199924670543814,0.000118220703085134,0,0.00125971265151081,0.0251463026086236,0.00303103019909743,0,0,0,0,0,0,0,1.67907365465827e-05,0,0,0.00136374945099052,0,3.20043054772103e-05,0,0.00047206349049584,0,7.03664439845259e-05,0,0,0,0,0,0.00724231623606329,0,0,0,0,0,0.00327330967001229,0,0,0,0,0,0.000177443420586361,0,0,0.00159635867897633,7.89792414695855e-05,0.0308877470279499,0,0.0178398966526479,0.000879003531509884,0,0,0,0,0,0,0,0,1.46419834551061e-05,1.69532539599953e-05,0.000558317564244213,0,0.00226357905050849,0.000181227856623091,0.00137316091595366,0,0
0,0,0,0,0,0,0,0,0.0067952455641061,0.00142561128043887,0,0,0,0,0.000892865857836712,0,0.0029329695198439,0.00165062782008112,0.00059634572316958,0,0,0.000140657486156747,0.000563265379337414,0.00125971265151081,0,0,0.00215700960919901,0,0,0,0,0,0,0,0,0,0,0,0.000472749279418384,0,0,0,0,0,0,0,0,0,0.00157934814590231,0,0,0,0,0,0.00115775229014357,0,0,0,0,0,0.000193717506935632,0,0,0,0,0.00093272938918569,0.000779614458343833,0.0633983029666666,0,0.00295955755547588,0,0,0,0,0,0,0,0,0,0,0,8.16686523545604e-05,0.00272070590936537,2.67111145004914e-05,0.00469208536233598,0,0
0,0,0,0,0,0,0,0,0.000378957825706685,0.000254609195005523,0,0,0,0.000155886960720162,3.89227627863075e-05,0.0258519124697108,0.00057644920628866,0.0396482184299336,0.000605446564311932,0,0,0.00323117610597319,2.27010693950661e-05,0.0251463026086236,0,0,4.51168272050002e-05,0.00866084814874984,0,0,0,0,0,0,0,0,0,0,0,0,0,0,0,0,0,0,0,0,0,0,0,0,0,0,0,0,0,0,0,0,0.000170742557782334,0.00146218534415189,0,0,0.000692802588913598,0,0.00410965336169652,0,0.0704608964398738,9.0798766958129e-05,0.00095386458395605,0,0,0,0,0,0,0,0,2.07889851400929e-06,0,0,0.00120749191451463,0.000176879927901115,0,0,0
0,0,0,0,0,0,0,0,0.0027238301848517,0.000943932098463183,0,0,0,0,0.0095037818241657,6.94557586528757e-05,0.0370371976298876,0.00304276316585612,0.000718898504647475,0,0,0.000406510896716699,0.00767660644329886,0.00303103019909743,0.00215700960919901,4.51168272050002e-05,0,0,0,0,0,0,0,0,0,0,0,0,0,0.000133300635728809,0,0,1.28781516330015e-05,0,0,0,0,0,0,0,0,0,0,0,0,0,0,0,0,0,0.00311435106128932,0,0,0,4.0607913779601e-05,0.000746270916295487,0.00296563136216567,0,0.000350952666073469,0.0496576326300548,0,0,0,0.00014156092447758,0,0,0,0.000131751545481822,0,4.52973126496297e-06,0,0,0.00181314106173925,0.00055523117392661,0,0,0
0,0,0,0,0,0,0,0,0,0,0,0.00114154500053905,0,0,0,0.000231184912244618,0,0.00186040328765952,0,1.41184456506284e-05,0,0.00171327845284786,0,0,0,0.00866084814874984,0,0,0,0.000477342779700682,0,0,0,0,0,0,0,0.000194553964320923,0,0,0,0,0,0,0,4.47394934603477e-05,0,0,0,0.000251687282036294,0,0,0,0,0,0,0,0.00409877144470723,0,3.06868671751826e-05,0,0,0.000151140094024883,0,0.00313407940990806,0,0,0,0.000941574989938534,0,0.0559057886911053,0,0.00862957822991283,0,0,0,0,0,0,0,0.00144252791535415,0,0.00113477740162699,0.000873077770590937,8.0735421708578e-05,0,0
0,0,0,0,0,0,0,0,0,0,0,0,0,0,0,0,0,0,0,0,0,0,0,0,0,0,0,0,0,0,0.00776752896017098,0,0,0,0,0,0,0,8.37666262951469e-05,0,0,0,0,0,0,0,0,0,0,0,0,0,0,0,0,0,0,0,0,0,0,0,0,0,0,0,0,0,0,7.96423869648118e-05,0,0.0162474393788962,0,0,0,0,0,0,0,0,0,0.000303663253049803,0,0,0,0,0
0,0,0,0,0,0,0,0,0,0,0,0.00882022508915671,0,0,0,0,0,8.54492068919164e-06,0,0.000825483714199914,0,0,0,0,0,0,0,0.000477342779700682,0,0,0,0,0,0,0,1.83576712303606e-06,0,0.000830420887512401,0,7.54803030214123e-05,0,0.00031486148562985,0,0.00028052890696364,0,0.000179949980184426,0,0,0,1.18252164341172e-05,0,0,0,0,0,0,0,0.00536164281977422,0,0,0,0,0.000176144071358497,0,0,0,0,0,0,0,0.000966783028712359,0,0.142371558030724,0,0,0,0,0,1.05641856967531e-05,0,0.00318034898558841,0,0.00127111477534381,0.000434983908953933,0.000148240258632549,0.000324863502189498,0
0,0,0,0,0,0,0,0,0,0,0.0044573623835752,0,0,0,0,0,0,0,0,0,0,0,0,0,0,0,0,0,0.00776752896017098,0,0,0,0,0,0,0,0,0,0.00187180159310785,0,0,0,0,0,0,0,0,0,0,0,0,0,0,0,0,0,0,0,0,0,0,0,0,0,0,0,0,0,0,0,0,0,0,0.00242092349795996,0,0,0,0,0,0,0,0.000841001511748689,8.67011718264906e-05,0,0,0,0
0,0,0,0,0,0,0,0,0,0,0,0,0,0,0,0,0,0,0,0,0,0,0,0,0,0,0,0,0,0,0,0,0.0801118252400141,0.00369853259871078,0.0107179558704601,0.00232248996079843,0.00358795344001499,1.1284592949598e-05,0,0.00316180053895051,2.64927049378374e-05,0,0,0,0,7.28202855391438e-05,2.62961105560689e-05,0.0101424936924521,0.00117918071499683,0.000347607127202984,0,0,0,0,0,0,0,0,0,0,0,0,0,0,0,0,0,0,0,0,0,0,0,0,0.251809609560909,0.0212684555445189,0.0138150071868266,0.000404145649280515,0.00541265219947231,0.000610550022965775,4.75811152774097e-05,0,0.00216976087001649,0,6.36982634239123e-05,0,0
0,0,0,0,0,0,0,0,0,0,0,0,0,0,0,0,0,0,0,0,0,0,0,0,0,0,0,0,0,0,0,0.0801118252400141,0,0.0020739517194235,0.0754519532032023,0.000873071126365873,0.0197500145041849,0,4.3819633493252e-06,0,0.000210510775479318,0,0,0,0,0,0,0.00334126849324123,0.0092357499903568,0,0,0,0,0,0,0,0,0,0,0,0,0,0,0,0,0,0,0,0,0,0,0,0,0,0.0632586797061168,0.289245671843044,0.00149604998275254,0.00343901795695715,0.000562586982174927,0.0071235872378145,0,2.18101081779281e-05,0.000840437282118442,0,0,0,0
2.57338649989878e-05,0,0.00140720437173927,0.000948244971085818,0,0,0,0,0,0,0,0,0,0,0,0,4.42366649619171e-06,7.18277869465769e-06,0.000222940172821522,0,0,0,0,0,0,0,0,0,0,0,0,0.00369853259871078,0.0020739517194235,0,0.464410502875405,0.00434113661242734,0.00109458952619089,0.00589394458822862,0.00175220224168138,0.00127710995906867,5.22870778336968e-05,0.00922777055771995,0.00430863091326208,0.00381730754360823,0.000734213067035683,0.00292486544061286,0.00198867632840478,0.0306090747133556,0.00169034621623523,0.0222924381485202,0,0,0,0,0,0,0,0,0,0,0,0,9.02820591614101e-05,7.18627514796305e-05,0,0,0,0,0,0,0,0,0.000282269923295748,0.000578113363392767,0.00346750174263713,1.52023362862521e-05,0.289686303978722,0.370080119697713,0.00184481932777317,7.7287701469314e-05,0.0348069643766377,0.00239002225640873,0.00217081679446953,0,0.015156770229405,0.00039710725533582,0.00211493915688578
0.000200471926898653,0,0.00396133483517814,0,0,0,0,0,0,0,0,0,0,0,0,0,0.000152918916055954,4.97221696785603e-05,0.00117317883823455,0,1.96224254511083e-05,0,2.54996723805058e-05,1.67907365465827e-05,0,0,0,0,0,0,0,0.0107179558704601,0.0754519532032023,0.464410502875405,0,0.000290291324339969,0.00267681879926432,0.000147260139907397,0.00306065362327849,1.965187774626e-05,0.0104210228033474,0.00198053587037079,0.013843627977052,0,0.00208827715794828,3.57065165001984e-05,0.00233694212979957,0.0531860825715957,0.00923495750790107,0.00345572830880578,0,0,0,0,0,0,0,0,0,0,0,0,0,0.00105188519393115,0,0,0,0,0,0,0,0,0,0.00135137314313743,0.0031468421524328,0.00681711634255612,0.115938806239356,0.264163694295173,0.000327264440503847,0.00204423889784727,0.000556439282181659,0.00901492394017186,0.00465062942673395,9.35027465183429e-05,0.0063468630148231,5.9168045530242e-05,0.00529781903446059
0,0,0,4.30689252383819e-05,0,1.15718397583936e-05,0,0,0,0,0,0.00010147839253933,0,0,0,0,0.000125336232326662,0.000355275992837812,0.00227186739865784,0.00207366183657303,0,0,0,0,0,0,0,0,0,1.83576712303606e-06,0,0.00232248996079843,0.000873071126365873,0.00434113661242734,0.000290291324339969,0,0.00215349365861718,0.00988188713381415,0,0.000792949281815899,3.44861885415281e-05,0.00221293522644972,9.10284287822889e-05,0.000517609502564213,0,0.000584395420242145,0,0.000609014079127383,1.55773745521949e-05,0.000428489113485353,0,0,0,0,0,0,0,1.17124736432239e-06,0,0,0,0,0.00197542307808857,0,0,0,1.22624759749557e-05,0,0,0,0,0,0.000149785732031998,0,0.00109932453385474,0,0.00896258799571418,2.86725533481624e-05,0.0746369318967503,0.000223096902701688,0.00403583060023735,5.89746375159964e-06,0.010192513752233,0.00151291641216454,0.000883052258382246,0.00112782273007601,0
0,0,9.79642106097607e-05,0,0,0,0,0,0,0,0,0,0,0,0,0,9.46096200118052e-06,6.78055954878563e-06,0.000429591415493883,0,0.0019830855595442,0,0,0,0,0,0,0,0,0,0,0.00358795344001499,0.0197500145041849,0.00109458952619089,0.00267681879926432,0.00215349365861718,0,1.15289077228356e-06,0.00593545662058832,1.06351087239991e-05,0.000780302897354765,4.85370298039181e-05,0.000428059058196929,0,1.83363902692517e-05,0,0.000514937159215335,0.000723811696988054,0.000576214818092711,0,0,0,0,0,0,0,0,0,0,0,0,0,0,0.00106559005669311,0,0,0,0,0,0,0,0,0,4.18260345071531e-05,0.00160526876331095,0.00603709432264697,0.00176977542242377,0.00143915645890197,0.000387722450111617,0.0535890265754894,5.94516914277117e-06,0.0125699892690584,0.00447440308508951,0.000715549095171275,0.000133468015549172,4.43211626651114e-06,0.000242856580982084
0,0,0,1.5288535192291e-05,0,0,0,0,0,0,0,0.00211714460237701,0,0,0,0,0,0,4.38910178850359e-05,0.00255066386315345,0,0.00154332253559292,0,0.00136374945099052,0,0,0,0.000194553964320923,0,0.000830420887512401,0,1.1284592949598e-05,0,0.00589394458822862,0.000147260139907397,0.00988188713381415,1.15289077228356e-06,0,0.00252831176068943,7.86384053776036e-05,0,0.000723159106744199,0,0,0,0.000178288366987734,6.98645373829623e-06,0.00957096885226782,0,0.00908052025189818,0,0,0,0,0,0,0,0.000225389237648502,0,0,0,0,0.00082059604828117,0,0.00354874450561695,0,0.000688230946234691,0,0,0,0.000647074257947503,0,0.00121906541961116,0,9.88669308733926e-06,0,0.00224344619898387,0.000186112905425891,0.00261393377116558,0,0.0898672695938674,0.00028223596073373,0.00640317409691262,0.00223680031506762,0.0017856289642396,0.000350970222887148,0
0,0,1.01374113699447e-05,0,0,0,0,0,2.44981087180267e-05,0,0.000569680640091847,0,0,0,0,0,2.46513720457177e-05,0,0.000149891152573757,0,1.97999816944441e-05,0.000736586208372204,0.0131748635804964,0,0.000472749279418384,0,0,0,8.37666262951469e-05,0,0.00187180159310785,0,4.3819633493252e-06,0.00175220224168138,0.00306065362327849,0,0.00593545662058832,0.00252831176068943,0,0,5.4682228233022e-05,5.87750659911514e-06,0.00100408755197041,0,6.51127909147733e-05,0,7.27501873792516e-05,0.00132074434634108,0.00468652880493978,0.000136988867387992,0,0,0,0,0,0,0.000129583695697838,0,0,0,0,0,0,0.000142586508585829,0,0.00165003997028266,0,0.00257004581681906,0,0,0,0.000340896280237839,0,0.00106883857389164,0,0,0.000133501487696925,0.00404416918780521,9.25032814846688e-07,0.00190013405667065,1.68337544613504e-05,0.0883854390545364,0.00716174438736011,0.00561980920158654,0.00228764616316662,0,0.000594096321523005
0,0,0,0.00480828254330898,0,0,0,0,0,4.17095362535804e-05,0,0,0,0,0,0,0.000746482081987422,0.00266957591452392,0.0219875609439343,0.000558321204515752,0,4.7336376641592e-05,0,3.20043054772103e-05,0,0,0.000133300635728809,0,0,7.54803030214123e-05,0,0.00316180053895051,0,0.00127710995906867,1.965187774626e-05,0.000792949281815899,1.06351087239991e-05,7.86384053776036e-05,0,0,0.000417779393911444,0.0411882419484334,0.000213015589893315,0.0171268446480843,0.000153631790123767,0.0404874788021405,8.27155305059768e-06,0.0128412924952824,9.15557229154805e-05,0.0663737922359111,0,0,0,0,0,0,0,0.000136925384785412,0,0,0,2.52662463623918e-05,0.00502066516544844,9.40023917838772e-06,0,0,1.95782615323537e-05,0,0.000121778088793458,0,0.000139661645362043,0,0.00810433363788351,8.3478395693946e-06,0,0,0.000859859551776574,0,0.00982347599968669,9.15850519680601e-05,0.00651053526538595,3.29098611249925e-05,0.000692323045075258,1.70730002048798e-05,0.0237805791832636,0.00822038747696373,7.6318372013412e-05
0,0,0.00530786730749296,0,0,0,0,0,1.77345885986005e-05,0,0,0,0,0,0,0,0.000981736221228625,0.000739014624299049,0.0167085359185127,1.24716576755633e-05,2.0550224991291e-05,5.91414456919568e-05,0,0,0,0,0,0,0,0,0,2.64927049378374e-05,0.000210510775479318,5.22870778336968e-05,0.0104210228033474,3.44861885415281e-05,0.000780302897354765,0,5.4682228233022e-05,0.000417779393911444,0,0.000892057532636476,0.0244336491650486,0.000516518312794221,0.0155570417176642,7.13289862548541e-06,0.0236882953321041,0.0141991791896653,0.0728157457599717,0.000115101996634931,0,0,0,0,0,0,5.03234697036174e-05,0,0,0,0,0,0,0.00273118450536174,0,0,0.000112796781189099,0,0,0,0,0,0,0.0045923737266208,1.77771084546442e-05,0.000190515439113933,0,0.0297367715204314,9.60421916013086e-05,0.0117998038439497,0.000155622260132525,0.00729646611217923,0.00129408809504016,0.000123507253099371,0.0143364856899447,0,0.00224390030307312
0,0.00141809404740683,0,0.00099903983723564,0,0,0,0,0.000125094600934694,0.00450647061656733,0,0,0,0,0,0,0.0005707246039329,0.00163227618652767,0.021190546008817,0.000373755983357619,0,1.49568579017422e-05,0,0.00047206349049584,0,0,0,0,0,0.00031486148562985,0,0,0,0.00922777055771995,0.00198053587037079,0.00221293522644972,4.85370298039181e-05,0.000723159106744199,5.87750659911514e-06,0.0411882419484334,0.000892057532636476,0,0.00320679251748071,0.00688435084097487,0.000292943676658138,0.0052364361000502,0.000100128579124905,0.0323132132500134,0.00116911836436157,0.0326449682386029,0,0,0,0,0,0.000394981660537125,0,0.00451510104653202,0,0,0,0,0.00881418343019268,0,6.56743539243581e-05,0,7.4909789809366e-05,0,5.71531604379969e-06,0,0.0017195300056992,0,0.0706282545048962,2.85116099984661e-05,0,0,0.00236315692505885,0.000640996650886209,0.0142162692790198,0.000891318680000969,0.0324804869699024,0.000300884353339466,0.00578562316450978,0.000131093515904413,0.0422274087362297,0.015554832499642,0.000606373513340685
0.000312138819189201,0,0.00196715208413849,0.000205698451604234,0,0,0,0,0.000200094554269004,0,6.23893178455673e-05,0,0,0,0,0,0.000658884672506599,0.000245183745625229,0.0147631401598907,0,0.000168520685209526,1.00001403332628e-05,5.26035553026927e-06,0,0,0,1.28781516330015e-05,0,0,0,0,0,0,0.00430863091326208,0.013843627977052,9.10284287822889e-05,0.000428059058196929,0,0.00100408755197041,0.000213015589893315,0.0244336491650486,0.00320679251748071,0,0.000359483891767541,0.0100039621268252,6.24873457226358e-05,0.00552062033427588,0.0207713486910162,0.0809354376724736,0.000142396664613278,0,0,0,0,0,0,0.000156854378080903,0,0,0,0,0,1.54143215611322e-05,0.00673349950989796,6.6368307256555e-06,3.24995663158467e-05,1.3244190364278e-05,0,0.000123326102602083,0,0,0,4.61349886208291e-05,0.0135007790591139,0,0,0.000318860459849228,0.0170019368300009,0.000150700567154415,0.0144902388950326,9.64187500134965e-05,0.0153760886086341,0.00480496682908627,0.00011206116562175,0.0255619416956966,0,0.0104423211793371
0,0,0,0.00251340979354339,0,0,0,0,0,6.01393644982092e-05,0,0,0,0,0,0,7.46250281912444e-05,0.000419608823395619,0.0158173379444666,0.000569871197704306,0,7.22420494505237e-05,0,7.03664439845259e-05,0,0,0,0,0,0.00028052890696364,0,0,0,0.00381730754360823,0,0.000517609502564213,0,0,0,0.0171268446480843,0.000516518312794221,0.00688435084097487,0.000359483891767541,0,0,0.00388112355328193,0,0.00224937299048433,0,0.00148982895445043,0,0,0,0,0,0,0,0,0,0,0,0,0.000207834797229326,0,1.7151552977467e-05,0,0,0,0,0.000260883457099691,0,0,0.00068703781162778,0,0,0,0.00262105138736941,0,0.00261056279283068,1.96042879030387e-05,0.00140449136422077,0,0.000126018677385711,0,0.0127872906151145,0.00937045044170061,0
0.000239691358360265,0,0.00231432268562583,4.23924725359891e-05,0,0,0,0,4.45565678068383e-05,0,0,0,0,0,0,0,0.000297180721056509,7.80535313217335e-05,0.00529511167853021,0,0,0,0,0,0,0,0,0,0,0,0,0,0,0.000734213067035683,0.00208827715794828,0,1.83363902692517e-05,0,6.51127909147733e-05,0.000153631790123767,0.0155570417176642,0.000292943676658138,0.0100039621268252,0,0,0,0.00157530647401375,0.00292295230699153,0.0086852574850364,2.75521621959801e-05,0,0,0,0,0,0,2.34009098593866e-05,0,0,0,0,0,0,0.000254407153141615,0,0,0,0,0,0,0,0,0.000226130420259998,0.00459970324595573,0,0,8.09345709554309e-05,0.00489471994520943,1.33013827701084e-06,0.00207986470192465,0.000153841195792169,0.00129907389765872,0.000202896992831666,1.19118538459974e-05,0.0113063969786566,0,0.0691678705481452
0,0,0,0.036986872568945,0,0.000530267543125278,0,0,0,0,0,0,0,0,0,0,3.76165692983993e-05,7.5143969963416e-05,0.00100674250293907,0.00834066623645469,0,0,0,0,0,0,0,4.47394934603477e-05,0,0.000179949980184426,0,7.28202855391438e-05,0,0.00292486544061286,3.57065165001984e-05,0.000584395420242145,0,0.000178288366987734,0,0.0404874788021405,7.13289862548541e-06,0.0052364361000502,6.24873457226358e-05,0.00388112355328193,0,0,0,0.00701122567975374,6.76644511454381e-05,0.0227365929144029,0,0,0,0,0,0,0,0.000235701040843842,0,0,0,0,0.118434590986774,0,0,0,0,0,0,0,0.000303408350676399,0,0.0186903716032883,0,0,0,0.00337726964937687,0,0.00870329513103193,4.72550705901307e-06,0.00579512369304195,1.69617813927405e-05,0.000237519141775138,0,0.0280150959963992,0.000899756129171742,0
0,0,0.0340948153414719,0,0,0,0,0,0,0,0,0,0,0,0,0,9.94152271249113e-05,0.000117248109209031,0.00133480308613195,0,0.000477780421570593,0,0,0,0,0,0,0,0,0,0,2.62961105560689e-05,0,0.00198867632840478,0.00233694212979957,0,0.000514937159215335,6.98645373829623e-06,7.27501873792516e-05,8.27155305059768e-06,0.0236882953321041,0.000100128579124905,0.00552062033427588,0,0.00157530647401375,0,0,0.00659906231303706,0.0114851635238857,9.14537908017247e-05,0,0,0,0,0,0,0.000410454567773354,0,0,0,0,0,0,0.0405696009511438,0,7.0565425909937e-06,0,0,0,0,0,0.000126458512959596,0,0.00897640711650476,0,0,0.000203767883133345,0.00609056588243349,2.60862044119131e-05,0.00644385480737145,0,0.00193468269096279,0.000553194617492749,4.35037830286604e-06,0.0262773612761503,0,0.000194193235725471
0,0,0.00360303579195338,0.00150379211610331,0,0,0,0,0,0,0,0,0,0,0,0,0.000109195705323704,0.000173399031271017,0.00279158299133078,2.12970798887016e-05,6.90352291962858e-05,0,9.28776513607252e-06,0,0,0,0,0,0,0,0,0.0101424936924521,0.00334126849324123,0.0306090747133556,0.0531860825715957,0.000609014079127383,0.000723811696988054,0.00957096885226782,0.00132074434634108,0.0128412924952824,0.0141991791896653,0.0323132132500134,0.0207713486910162,0.00224937299048433,0.00292295230699153,0.00701122567975374,0.00659906231303706,0,0.0431243393484658,0.0995881346181848,0,0,0,0,0,0,2.55341252232873e-05,0,0,0,0,0,0.000532447137210809,0.00123905317940421,0,0,0,0,0,0,1.61483720949326e-05,0,0.000906424423260126,0.00149823688355912,0.00397130240184205,0.00146903966936857,0.0238470733923125,0.0325654266693892,0.00216264030855559,0.00672261941762946,0.00734497564710478,0.00238131740872207,0.00323595418658896,4.09626825846741e-05,0.0254609621807914,0.000253020734833074,0.00163265308808785
0.00224145103303665,0,0.00554580772639875,4.91477614891476e-05,0,0,0,0,9.40398726746658e-05,0,0.00025428789933181,0,0,0,0,0,0.00045651116309013,0.00024976683301772,0.00768657452987123,2.18318100449681e-05,0.00311355603116166,1.19665446242736e-05,0.0054763180143577,0,0.00157934814590231,0,0,0,0,0,0,0.00117918071499683,0.0092357499903568,0.00169034621623523,0.00923495750790107,1.55773745521949e-05,0.000576214818092711,0,0.00468652880493978,9.15557229154805e-05,0.0728157457599717,0.00116911836436157,0.0809354376724736,0,0.0086852574850364,6.76644511454381e-05,0.0114851635238857,0.0431243393484658,0,0.00539878118588218,0,0,0,0,0.000453747076380129,0,0.0205319292327666,0,0,0,0.00487073976723082,0,0,0.0123765657371912,7.03487665648338e-06,0.00350711859526806,0,0.00523570338820548,0,0.00312055226858045,0,0.021184198785878,0,0.051786435771047,0.0017678961241541,0.00387011359130675,0.000129926238917731,0.0246072847441018,4.30584279185281e-05,0.0070136681785889,2.93425436255336e-05,0.0102326778267002,0.00131571289798777,1.99391286947884e-05,0.0357624799463755,1.48604458051274e-05,0.0236124029563533
0,0.0304702386036476,0,0.00627861497476425,0,8.04909757273786e-05,0,0,0,2.23915917917869e-05,0,0,0,0,0,0,9.11265754300424e-05,0.000353157365062267,0.00266302522969756,7.49626591224202e-05,0,0.0076527357289459,0,0.00724231623606329,0,0,0,0.000251687282036294,0,1.18252164341172e-05,0,0.000347607127202984,0,0.0222924381485202,0.00345572830880578,0.000428489113485353,0,0.00908052025189818,0.000136988867387992,0.0663737922359111,0.000115101996634931,0.0326449682386029,0.000142396664613278,0.00148982895445043,2.75521621959801e-05,0.0227365929144029,9.14537908017247e-05,0.0995881346181848,0.00539878118588218,0,0,0.000119299536576107,0,0,0,4.18967318215986e-05,0,0.00567748316929798,0,0.000175607444364218,0,0.00359725578093044,0.00823707733036229,0,0.0146918440714911,0,0.0201027613745569,0,0.00066200317062268,0,0.0236089338562025,0,0.00718199553424815,4.09706616084103e-05,0.000584918564328098,0,0.0142424284443565,0.0029312310171281,0.00662902463141697,1.51656045446811e-05,0.0191604479630813,0.000573042875243003,0.00107950101035687,0,0.0457449410273274,0.00106778017879122,0.000120403298798857
0,0,0.00254315602966843,0,0.0120223449262555,0,0,0,0,0,0,0,0,0,0,0,0,0,0,0,0,0,0,0,0,0,0,0,0,0,0,0,0,0,0,0,0,0,0,0,0,0,0,0,0,0,0,0,0,0,0,0,0,0,0.000361052955202772,0,0,0,0,0,0,0,0,0,0,0,0,0,0,0,0,0,0,0,0,0,0,0,0,0,0,0,0,0,0,0,0
0,0.00250141173053446,0,0.0271843114060754,0,0.144083447816095,0,0.0281989829471182,0,0,0,0,0,0.00573567818572108,0,0.00106592031118062,0,0,0,0,0,0,0,0,0,0,0,0,0,0,0,0,0,0,0,0,0,0,0,0,0,0,0,0,0,0,0,0,0,0.000119299536576107,0,0,0,0.0485342446463376,0,0,0,0.00941853848009119,0,0.012199459272232,0,0.0100588789627626,0,0,0,0,0,0,0,0,0,0,0,0,0,0,0,0,0,0,0,0,0.000858770473713698,0,0,0,0
0,0,0,0,0,0,0,0,0,0,0,0,0,0,0,0,0,0,0,0,0,0,0,0,0,0,0,0,0,0,0,0,0,0,0,0,0,0,0,0,0,0,0,0,0,0,0,0,0,0,0,0,0,0,0,0,0,0,0,0,0,0,0,0,0,0,0,0,0,0,0,0,0,0,0,0,0,0,0,0,0,0,0,0,0,0,0
0,0,0,0,0,0.00501575125738873,0,0.101065415823348,0,0,0,0,0,0.00191902523843491,0,0,0,0,0,0,0,0,0,0,0,0,0,0,0,0,0,0,0,0,0,0,0,0,0,0,0,0,0,0,0,0,0,0,0,0,0,0.0485342446463376,0,0,0,0,0,0.00582400972607258,0,0.00270306012009579,0,0,0,0,0,0,0,0,0,0,0,0,0,0,0,0,0,0,0,0,0,0,0,0,0,0,0
0.0103620937033166,0,0.00681724523706168,0,0,0,0,0,0.0420501785096812,0,0,0,0,0,0,0,7.20715685158052e-05,4.30493639566765e-05,0,0,0,1.08737147010939e-05,5.87369884175567e-06,0,0.00115775229014357,0,0,0,0,0,0,0,0,0,0,0,0,0,0,0,0,0,0,0,0,0,0,0,0.000453747076380129,0,0.000361052955202772,0,0,0,0,0,0,0,0,0,0,0,0,0,0,0,0,0.000337191640617921,0,0,0,0,0,0,0,0,0,0,0,0,0,0.000428453164485837,9.02186584742261e-05,0,0.000310441562216397,0,0
0,0.0379504977365646,0,0.0106101480809242,0,0.0192111227399498,0,0,0,0.0711199652619592,0,0,0,0,0,0.00264942975118394,0,0.000119055898364468,0,0,0,3.29943967885455e-05,0,0.00327330967001229,0,0,0,0,0,0,0,0,0,0,0,0,0,0,0,0,0,0.000394981660537125,0,0,0,0,0,0,0,4.18967318215986e-05,0,0,0,0,0,0,0,0,0,0,0,0,0,0,0,0,0,0,0,0,0,0,0,0,0,0,0,0,0,0,0,0,2.43583503345313e-05,0,0.00158261534019247,0,0
0,0,0,0,0,0,0,0,0,0,0.0243595192015327,0,0,0,0,0,0,0,0,0,0.000889180414777425,0,5.44247249279262e-05,0,0,0,0,0,0,0,0,0,0,0,0,0,0,0,0.000129583695697838,0,5.03234697036174e-05,0,0.000156854378080903,0,2.34009098593866e-05,0,0.000410454567773354,2.55341252232873e-05,0.0205319292327666,0,0,0,0,0,0,0,0,0,0.0112220538425851,0,0.00614883447336255,0,0,0.00581795015622874,0,0,0,0,0,0,0,0.0201066780215481,0,0.0251077878218005,0,0,0,3.07327237845901e-05,0,3.34697946898392e-05,0,0.00101636875645434,2.24206187567521e-05,0,0.0111353778485282,0,0
0,7.92675709817559e-05,0,1.8817556768897e-05,0,0.0051014159697398,0,0.00609292480415701,0,0,0,0.0913624025910086,0,0.00279912308110281,0,0,0,3.66074713648614e-06,3.08108753735201e-05,0.00369100279168086,0,2.25825049354409e-05,0,0,0,0,0,0.00409877144470723,0,0.00536164281977422,0,0,0,0,0,1.17124736432239e-06,0,0.000225389237648502,0,0.000136925384785412,0,0.00451510104653202,0,0,0,0.000235701040843842,0,0,0,0.00567748316929798,0,0.00941853848009119,0,0.00582400972607258,0,0,0,0,0,0.0188077956939419,0,0.000546483609914297,0.010045209394116,0,0.000360301179883645,0,0,0,0,0,0.0477393603522593,0,0.0957114007539832,0,0,0,0,0,2.52712852697734e-05,0,0.00113758849998495,0,6.82761083797321e-05,0,0.00365419632288531,0,0
0,0,0.000415958456835817,0,7.41537223802879e-05,0,0,0,0,0,0.00348841746944405,0,0.00780500512116729,0,0,0,0,0,0,0,0,0,0,0,0,0,0,0,0,0,0,0,0,0,0,0,0,0,0,0,0,0,0,0,0,0,0,0,0,0,0,0,0,0,0,0,0.0112220538425851,0,0,0,0,0,0,0,0,0,0,0,0,0,0,0.010653714863425,0,0,0,0,0,0,0,0,0,0,9.86996084929029e-05,0,0,0,0
0,0,0,0,0,0.00424449110721822,0,0.00361208608592546,0,0,0,0.000108919461818359,0,0.0713019729364067,0,0.00117095793924284,0,0,0,0,0,0,0,0,0,0,0,3.06868671751826e-05,0,0,0,0,0,0,0,0,0,0,0,0,0,0,0,0,0,0,0,0,0,0.000175607444364218,0,0.012199459272232,0,0.00270306012009579,0,0,0,0.0188077956939419,0,0,0,0.000754528543900901,3.71226043864417e-05,0,0,0,0,0,0,0,0.0112594789879412,0,0,0,0,0,0,0,0,0,0,0,0.000286742812005986,3.47540254322565e-05,0,0,0
0.000433566751217234,0,0,0,0.000615953176748008,0,0,0,0.000144675165224992,5.99705967860714e-05,0,0,0,0,0.00100366252773419,0,0.000936759391072329,0.000477577022635105,1.35863148789958e-05,0,0,1.23954521348958e-05,0.000162657184559849,0,0.000193717506935632,0.000170742557782334,0.00311435106128932,0,0,0,0,0,0,0,0,0,0,0,0,0,0,0,0,0,0,0,0,0,0.00487073976723082,0,0,0,0,0,0,0,0.00614883447336255,0,0,0,0,0,0,0,0,1.05658130496351e-05,0.000160735318883388,0,0.000112778817414872,0.0116046010609787,0,0,0,0,0,0,0,0,0,0,0,0,0.000102168223821648,3.48790068557595e-05,0.00028979417609161,0,0
0,0.0143977939420079,0,0.0050548573743845,0,0.00646027105650405,0,0,0,0,0,0,0,0.00490560797283529,0,0.0126132986264825,5.42225474143731e-05,0.00427587577536905,0,0,0,1.73331247017257e-05,0,0.000177443420586361,0,0.00146218534415189,0,0,0,0,0,0,0,0,0,0,0,0,0,2.52662463623918e-05,0,0,0,0,0,0,0,0,0,0.00359725578093044,0,0.0100588789627626,0,0,0,0,0,0.000546483609914297,0,0.000754528543900901,0,0,0,0,0,0,0.000437805622267688,0,0.00155246013540546,0,0,0,0,0,0,0,0,0,0,0,0,0,0.000187566737420129,0.000127603422203559,0,0,0
