0,0,0.253490946682326,0,0.256927758455276,0,0,0,0.151042543626672,0,0,0,0,0,0,0,0.316583812236786,0.376865317424138,0.401705718040466,0,0,0,0,0,0,0,0,0,0,0,0,0,0,0,0,0,0,0,0,0,0,0,0.344739214978004,0,0,0,0.446809966313212,0.342514961957932,0.251492416003236,0,0.200332272797823,0,0,0,0.156921901429693,0,0,0,0.19201598316431,0,0.167389995793798,0,0,0.469822764396667,0,0,0,0.180310872468081,0,0,0,0,0,0,0,0,0,0,0.318338960409164,0.444069747077791,0,0.372810810804367,0.302596743187208,0,0.333221590948307,0,0.247374102473259
0,0,0,0.159837553887789,0,0,0,0,0,0.160016839822612,0,0,0,0,0,0,0,0,0.290454089641571,0,0,0,0,0.294362485408783,0,0,0,0,0,0,0,0,0,0,0,0.385139092803001,0,0.244499443769455,0,0.368503431479136,0,0.385899117052327,0,0,0,0.370874628424644,0,0.286841633064406,0,0.222492933934254,0,0,0,0,0,0.184905950297317,0,0,0,0,0,0.138168654609017,0,0,0,0,0.181440791913441,0,0,0,0,0,0.407067507505417,0,0,0,0,0,0.423781727145358,0,0.495540507137775,0,0.306397723636338,0,0.289941232436334,0,0
0.253490946682326,0,0,0,0.154304089645545,0,0,0,0.133022951412826,0,0,0,0,0,0,0,0,0,0.24190491437912,0,0.152109201997519,0,0,0,0,0,0,0,0,0,0,0,0,0,0,0,0,0,0,0,0.252802419662476,0,0.291183204356446,0,0,0,0.260580724161683,0,0.192793778720356,0,0.194888016581535,0,0,0,0.156854715846155,0,0.206480224495349,0,0.210329197691037,0,0.205291594844311,0,0,0.248174098134041,0,0,0,0,0,0,0,0,0,0,0,0,0,0,0,0.261308513581753,0,0.268777243793011,0.272069785772389,0,0.233652934032382,0,0.25488660360376
0,0.159837553887789,0,0,0,0.170013544078057,0,0,0,0.173679284151943,0,0.234347835183144,0,0,0,0,0,0,0,0.178720537573099,0,0,0,0,0,0,0,0,0,0,0,0,0,0,0,0.25130283460021,0,0,0,0.263245143824153,0,0.241245978644916,0,0,0,0.223066073383777,0,0,0,0.175008035664048,0,0.268076642795845,0,0,0,0.175890489675841,0,0.223736061699807,0,0.212460214507233,0,0.267644359515263,0.257909886893772,0,0,0,0,0,0,0,0,0,0.319787790377935,0,0,0,0,0,0.268082255373398,0,0.307606131741495,0,0.178135667851463,0,0.206216505967854,0.255726337432861,0
0.256927758455276,0,0.154304089645545,0,0,0,0,0,0.216476526355379,0,0,0,0,0,0,0,0,0,0,0,0.202141102096614,0,0,0,0,0,0,0,0,0,0,0,0,0,0,0,0.214666567742825,0,0.278780311346054,0,0.260783225297928,0,0.238298580050468,0,0,0,0.219338625180917,0,0,0,0.225413829253169,0,0.237523746901545,0,0.242682018677394,0,0.169137045741081,0,0.284718281030655,0,0.27455988433212,0,0,0.232342546029637,0,0,0,0,0,0,0,0,0,0,0,0,0,0,0,0.224839389242314,0,0,0.189633647666166,0,0.184656926219098,0,0
0,0,0,0.170013544078057,0,0,0,0.168577559292316,0,0.182751994166109,0,0,0,0.200613364577293,0,0,0,0,0,0.191457880617574,0,0,0,0,0,0,0,0,0,0,0,0,0,0,0,0.155283009509246,0,0,0,0.276532709598541,0,0.242224305868149,0,0,0,0.216683572010388,0,0.232378467917442,0,0,0,0.234415973729802,0,0.196812756359577,0,0,0,0.195001526425282,0,0.205922808498144,0,0.15231084227562,0.294364946412629,0,0,0,0,0,0,0,0.328818202018738,0,0,0,0,0,0,0,0.254482533978788,0,0.284102167934179,0,0.175852020393501,0.141144514083862,0.192897065855321,0,0
0,0,0,0,0,0,0,0,0,0,0.223525205332982,0,0.204844892024994,0,0,0,0,0,0,0,0,0,0,0,0,0,0,0,0,0,0,0,0,0,0,0,0,0,0,0,0,0,0,0,0,0,0,0,0,0,0.268336802721024,0,0.195365298878063,0,0,0,0.262931169735061,0,0,0,0,0,0,0,0,0,0,0,0,0,0,0,0,0,0,0,0,0,0,0,0,0,0.153854921156046,0,0,0,0
0,0,0,0,0,0.168577559292316,0,0,0,0,0,0,0,0.153013038138549,0,0,0,0,0,0.126863062381744,0,0,0,0,0,0,0,0,0,0,0,0,0,0,0,0,0,0,0,0,0,0,0,0,0,0,0,0,0,0,0,0.197289660573006,0,0.198020900531513,0,0,0,0,0,0,0,0,0,0,0,0,0,0,0,0,0,0,0,0,0,0,0,0,0,0,0,0,0.153434794023633,0,0,0,0
0.151042543626672,0,0.133022951412826,0,0.216476526355379,0,0,0,0,0,0,0,0,0,0.176141300937161,0,0.257233244677385,0.173180304467678,0.243493718259475,0,0,0,0,0,0.244467720768209,0,0.121685318648815,0,0,0,0,0,0,0,0,0,0,0,0.236479284642618,0,0,0,0.260242051698945,0,0,0,0.211213457087676,0,0.159734502974628,0,0.236021746684905,0,0,0,0.230942499317224,0,0.211307644844055,0,0.21020199979345,0,0.2148934543731,0,0,0,0,0,0,0.247458317170018,0,0,0,0,0,0,0,0,0,0,0,0,0,0.261113316966937,0.239653186043563,0,0.184026082407455,0,0
0,0.160016839822612,0,0.173679284151943,0,0.182751994166109,0,0,0,0,0,0,0,0,0,0.172791519378488,0,0,0,0,0,0,0,0.179646202873799,0,0.235452983528376,0,0,0,0,0,0,0,0,0,0.282338812947273,0,0.273990639040004,0,0.226775854825974,0,0.260057827309957,0,0,0,0.215366561214129,0,0,0,0.21100340411067,0,0,0,0,0,0.297977261327851,0,0.198905726273855,0,0,0,0.187911111416657,0,0,0,0,0.176076546311378,0,0.234455749392509,0,0,0,0,0,0,0,0,0,0.277622602880001,0,0.248724105677778,0,0.159843665063381,0,0.24316195246798,0.216603293766578,0
0,0,0,0,0,0,0.223525205332982,0,0,0,0,0,0.163703582979537,0,0,0,0,0,0,0,0.164177855849266,0,0,0,0,0,0,0,0.185595113190188,0,0.253197495066203,0,0,0,0,0,0.0956859812140465,0,0.14932957020582,0,0,0,0,0,0,0,0,0,0,0,0,0,0.208966079200136,0,0,0,0.235327799471793,0,0.1197075175076,0,0,0,0,0.181300470516795,0,0,0,0,0,0,0,0,0,0.219765308421365,0,0,0,0,0,0.169274911284447,0,0.181293263304524,0.164073242247105,0.120162822306156,0,0,0
0,0,0,0.234347835183144,0,0,0,0,0,0,0,0,0,0.122899080947286,0,0,0,0,0,0.137730185153349,0,0,0,0,0,0,0,0.115048492327332,0,0.194373508190323,0,0,0,0,0,0.125379793790739,0,0.133185815651976,0,0,0,0,0,0,0,0.26688702735636,0,0,0,0,0,0,0,0,0,0,0,0.19919226456856,0,0.110525332631603,0,0,0.205101418264238,0,0,0,0,0,0,0,0,0,0.239423037026868,0,0,0,0,0,0.270837048999965,0,0.185661158710718,0,0.125555004813884,0,0.227653094313361,0,0
0,0,0,0,0,0,0.204844892024994,0,0,0,0.163703582979537,0,0,0,0.167139971007903,0,0,0,0,0,0,0,0,0,0,0,0,0,0.153588119894266,0,0.207851494352023,0,0,0,0,0,0,0,0,0,0,0,0,0,0,0,0,0,0,0,0,0,0.206189547479153,0,0,0,0,0,0.225459628019206,0,0,0,0,0,0,0,0,0,0,0,0,0.185039505362511,0,0,0,0,0,0,0,0,0,0,0.156231695579158,0.133038727156187,0,0,0
0,0,0,0,0,0.200613364577293,0,0.153013038138549,0,0,0,0.122899080947286,0,0,0,0.198406538201703,0,0,0,0,0,0,0,0,0,0.225124956667423,0,0.214928322604724,0,0.122244313359261,0,0,0,0,0,0,0,0,0,0,0,0,0,0,0,0,0,0,0,0,0,0.226961116705622,0,0,0,0,0,0,0,0.202487948738302,0,0.178422720432281,0,0,0,0,0,0,0.248935684561729,0,0.187587419524789,0,0,0,0,0,0,0,0,0,0,0,0.182252511382103,0,0,0,0
0,0,0,0,0,0,0,0,0.176141300937161,0,0,0,0.167139971007903,0,0,0,0.14730413825739,0,0,0,0,0,0,0,0,0,0,0,0,0,0,0,0,0,0,0,0,0,0,0,0,0,0,0,0,0,0,0,0,0,0.180769041180611,0,0,0,0.202794070597048,0,0,0,0.229964019900019,0,0.20460450111164,0,0,0,0,0,0,0,0,0,0,0,0,0,0,0,0,0,0,0,0,0,0,0,0,0,0
0,0,0,0,0,0,0,0,0,0.172791519378488,0,0,0,0.198406538201703,0,0,0,0.153255841737493,0,0,0,0,0,0.227309335555349,0,0.197758433719476,0,0.194946418205897,0,0,0,0,0,0,0,0,0,0,0,0,0,0,0,0,0,0,0,0,0,0,0,0.127267636358738,0,0,0,0.179093686398119,0,0,0,0.217723322298491,0,0.196565015579513,0,0,0,0,0.236412294209003,0,0.205861508846283,0,0,0,0,0,0,0,0,0,0,0,0,0,0.16071633528918,0,0,0,0
0.316583812236786,0,0,0,0,0,0,0,0.257233244677385,0,0,0,0,0,0.14730413825739,0,0,0.173067308009523,0.298696128139227,0,0,0,0,0,0,0,0.142504942204271,0,0,0,0,0,0,0,0,0.320728376507759,0.355321139097214,0,0.312567234039307,0.290707998550855,0.27739886655694,0.258125777271661,0.277504340435068,0.257324308156967,0.290417640524752,0.293740731477737,0.30409128025726,0,0,0.272830061614513,0,0,0,0,0,0,0,0,0,0,0,0,0.302317783236504,0.310760552684466,0,0,0,0,0,0,0,0,0,0.33516988158226,0,0,0,0,0.302128035020321,0.307250093191098,0.296479690231775,0.320024342331665,0.240342570033224,0.139184366820789,0.307373378377456,0.28671281678336,0.297201660902877
0.376865317424138,0,0,0,0,0,0,0,0.173180304467678,0,0,0,0,0,0,0.153255841737493,0.173067308009523,0,0.302713554850967,0,0,0.155715925774227,0,0.165999960899353,0,0.147827104072679,0,0,0,0,0,0,0,0,0,0.353124502632353,0.348739087581635,0.321152697006861,0,0.297804692061618,0.27750501781702,0.282143490323469,0.270951605268887,0.305933956589018,0.308883763849735,0.317463613137966,0.322584755145586,0.302441596984863,0,0.323900705034083,0,0,0,0,0,0,0,0,0,0,0,0,0.300035050937108,0.309730394019021,0.181195183003202,0,0,0,0.151698789730364,0,0,0,0,0.265697836875916,0,0,0,0,0.318420055641068,0.32047056114035,0.327373039391306,0.291999983436921,0.208552611068307,0.158801913699683,0.301392173726265,0.27928301692009,0.26968789473176
0.401705718040466,0.290454089641571,0.24190491437912,0,0,0,0,0,0.243493718259475,0,0,0,0,0,0,0,0.298696128139227,0.302713554850967,0,0,0,0,0,0,0,0,0,0,0,0,0,0,0,0,0,0.39078277384951,0.332757342552793,0.377734638750553,0.326295152306557,0.316331470058414,0.28708696047465,0.239595926239201,0.231278894798051,0.320931715584697,0.280734508451688,0.34542702024199,0.362298450268005,0.341497341791789,0,0.290128349636992,0,0,0,0,0,0,0,0,0,0,0,0,0.327913938475049,0.327468236141345,0.356624007225037,0,0,0,0,0,0.308313071727753,0.383258700370789,0.317968785762787,0.329683589247557,0,0,0,0,0.36123288535081,0.335870557473363,0.340713914258412,0.307363897039519,0.282240946962577,0.317312422725889,0.309353372761172,0.257356126570985,0.267396091115336
0,0,0,0.178720537573099,0,0.191457880617574,0,0.126863062381744,0,0,0,0.137730185153349,0,0,0,0,0,0,0,0,0,0,0,0,0,0,0,0,0,0,0,0,0,0,0,0.145193226297602,0,0.1616496930317,0,0,0,0,0,0,0,0.218273594975471,0,0,0,0,0,0,0,0,0,0,0,0.138773075897585,0,0,0,0,0.176015095755303,0,0,0,0,0,0,0,0,0,0,0,0,0,0,0,0.189128396538447,0,0.171807619432608,0,0.15572758724815,0,0.177137873345806,0,0
0,0,0.152109201997519,0,0.202141102096614,0,0,0,0,0,0.164177855849266,0,0,0,0,0,0,0,0,0,0,0,0,0,0,0,0,0,0,0,0,0,0,0,0,0,0.159822729833835,0,0.224925220111566,0,0,0,0,0,0.553867638111115,0,0.278664124699739,0,0,0,0.354978708550334,0,0,0,0,0,0.193957667691367,0,0,0,0,0,0,0.240512271646408,0,0,0,0,0,0,0,0,0,0.264281886767169,0,0,0,0,0,0.197952814230221,0,0.249208040547352,0.178598961626229,0.117698259651661,0.247291928266778,0,0
0,0,0,0,0,0,0,0,0,0,0,0,0,0,0,0,0,0.155715925774227,0,0,0,0,0.0922785498851898,0.19315253884896,0,0.211044065868992,0,0.145860848001769,0,0,0,0,0,0,0,0,0,0.258478926946816,0,0,0,0.325697749853134,0,0,0,0,0,0,0,0.298485306495765,0,0,0,0,0,0,0,0,0,0,0,0,0.341912001371384,0,0.200213530113072,0,0.181312560486166,0,0.368042664944517,0,0.20304499988286,0,0,0,0,0,0,0,0,0,0.280223360385052,0,0.157949693806937,0.113182229393706,0.355476543307304,0,0
0,0,0,0,0,0,0,0,0,0,0,0,0,0,0,0,0,0,0,0,0,0.0922785498851898,0,0,0.229471571675879,0,0.246343380227785,0,0.170330318764729,0,0,0,0,0,0,0,0,0,0.228642940445084,0,0,0,0,0,0,0,0,0,0.295810437490863,0,0,0,0,0,0,0,0,0,0,0,0,0,0,0,0,0.209520384754986,0,0.220307601406501,0,0.237174635066798,0,0.205307917308904,0,0,0,0,0,0,0,0,0,0.223530858318066,0.153716005181195,0.171800204344205,0.346139550209045,0,0
0,0.294362485408783,0,0,0,0,0,0,0,0.179646202873799,0,0,0,0,0,0.227309335555349,0,0.165999960899353,0,0,0,0.19315253884896,0,0,0,0.223784733921993,0,0,0,0,0,0,0,0,0,0,0,0.271183649042973,0,0,0,0.283547112345696,0,0,0,0,0,0.508665144443512,0,0.127768704046806,0,0,0,0,0,0.209265840404174,0,0,0,0,0,0.258440057436625,0,0,0.204008433272897,0,0.224411265202617,0,0.191834920300887,0,0,0,0,0,0,0,0,0,0,0,0.259485193516505,0,0.194683450806354,0,0.238333741681916,0.26569258607924,0
0,0,0,0,0,0,0,0,0.244467720768209,0,0,0,0,0,0,0,0,0,0,0,0,0,0.229471571675879,0,0,0,0.24318304123906,0,0,0,0,0,0,0,0,0,0,0,0.24950522257154,0,0,0,0,0,0,0,0,0,0,0,0,0,0,0,0.22721585913084,0,0,0,0,0,0.218802978043203,0,0,0,0,0.231453087271224,0,0.236770275993618,0,0.255884344096478,0,0,0,0,0,0,0,0,0,0,0,0.319045450538397,0.16686047822237,0,0.263824533820152,0,0
0,0,0,0,0,0,0,0,0,0.235452983528376,0,0,0,0.225124956667423,0,0.197758433719476,0,0.147827104072679,0,0,0,0.211044065868992,0,0.223784733921993,0,0,0,0.198181210458279,0,0,0,0,0,0,0,0,0,0,0,0,0,0,0,0,0,0,0,0,0,0,0,0,0,0,0,0.225146263837814,0,0,0,0.256010218709707,0,0.208345448148662,0,0,0.218110304941302,0,0.240790208457502,0,0.300973826230276,0,0.330296495358149,0,0,0,0,0,0,0,0,0,0,0,0.169563096249476,0.152793541550636,0,0,0
0,0,0,0,0,0,0,0,0.121685318648815,0,0,0,0,0,0,0,0.142504942204271,0,0,0,0,0,0.246343380227785,0,0.24318304123906,0,0,0,0.216027770457523,0,0,0,0,0,0,0,0,0,0,0,0,0,0,0,0,0,0,0,0,0,0,0,0,0,0,0,0,0,0.285729130109151,0,0.224618571499983,0,0,0,0,0.266838324048536,0,0.257864172406056,0,0.245183806247454,0,0.312046517455389,0,0,0,0,0,0,0,0,0,0,0.159521962205569,0.189423352479935,0,0,0
0,0,0,0,0,0,0,0,0,0,0,0.115048492327332,0,0.214928322604724,0,0.194946418205897,0,0,0,0,0,0.145860848001769,0,0,0,0.198181210458279,0,0,0,0.139633097366927,0,0,0,0,0,0,0,0.177994120121002,0,0,0,0,0,0,0,0,0,0,0,0,0,0,0,0,0,0,0,0,0,0.190743287107838,0,0.210641121393756,0,0,0.219331467422572,0,0,0,0.237263262110263,0,0.208379804329431,0,0.20723728883651,0,0,0,0,0,0,0,0.211594579142651,0,0.116819655895233,0,0,0,0
0,0,0,0,0,0,0,0,0,0,0.185595113190188,0,0.153588119894266,0,0,0,0,0,0,0,0,0,0.170330318764729,0,0,0,0.216027770457523,0,0,0,0.190488089277862,0,0,0,0,0,0,0,0.194630944660228,0,0,0,0,0,0,0,0,0,0,0,0,0,0,0,0,0,0,0,0.258870387031126,0,0,0,0,0,0,0.240789383649826,0,0,0,0.258108613209105,0,0.244555315385216,0,0.224403890967369,0,0,0,0,0,0,0,0.201428701231877,0.168736587994117,0.163268454372883,0,0,0
0,0,0,0,0,0,0,0,0,0,0,0.194373508190323,0,0.122244313359261,0,0,0,0,0,0,0,0,0,0,0,0,0,0.139633097366927,0,0,0,0,0,0,0,0,0,0.144392021311824,0,0,0,0,0,0,0,0,0,0,0,0,0,0,0,0,0,0,0,0.244009608314151,0,0,0,0,0,0,0,0,0,0,0,0,0.144685266911983,0,0.223862657893934,0,0,0,0,0,0,0,0.186240495402705,0,0.166957013309002,0,0,0,0
0,0,0,0,0,0,0,0,0,0,0.253197495066203,0,0.207851494352023,0,0,0,0,0,0,0,0,0,0,0,0,0,0,0,0.190488089277862,0,0,0,0,0,0,0,0,0,0.189065457105834,0,0,0,0,0,0,0,0,0,0,0,0,0,0,0,0,0,0.238593823662618,0,0,0,0,0,0,0,0,0,0,0,0,0,0,0.227255582809448,0,0.21813340901216,0,0,0,0,0,0,0,0.244330768964507,0.219736299241212,0,0,0,0
0,0,0,0,0,0,0,0,0,0,0,0,0,0,0,0,0,0,0,0,0,0,0,0,0,0,0,0,0,0,0,0,0.150617091730237,0.299958660245635,0.100591734051704,0.165040905408512,0.152364770571391,0,0,0,0,0,0,0,0,0,0,0.392544187828898,0,0,0,0,0,0,0,0,0,0,0,0,0,0,0,0,0,0,0,0,0,0,0,0,0,0,0.239642427230724,0.183506100266068,0.30548265961227,0.0865079239010811,0.314538423757569,0,0,0,0.142395569040225,0,0,0,0
0,0,0,0,0,0,0,0,0,0,0,0,0,0,0,0,0,0,0,0,0,0,0,0,0,0,0,0,0,0,0,0.150617091730237,0,0,0.216688772042592,0,0.193231158557549,0,0,0,0,0,0,0,0,0,0,0.266596445197131,0,0,0,0,0,0,0,0,0,0,0,0,0,0,0,0,0,0,0,0,0,0,0,0,0,0,0.37371055994715,0.196606291254384,0,0.240394599735737,0.36832887163529,0.184405594039708,0,0,0.147718824559951,0,0,0,0
0,0,0,0,0,0,0,0,0,0,0,0,0,0,0,0,0,0,0,0,0,0,0,0,0,0,0,0,0,0,0,0.299958660245635,0,0,0.177595493972673,0.182104636821247,0,0.215231524705887,0,0,0,0,0,0,0,0,0,0.344560886101561,0.366984724998474,0.334029012492725,0,0,0,0,0,0,0,0,0,0,0,0,0,0,0,0,0,0,0,0,0,0,0,0,0.304757480785041,0,0.254055047657843,0.192142008430762,0.185342023953868,0,0.304780503060799,0,0.176604214102483,0,0.406476358572642,0,0
0,0,0,0,0,0,0,0,0,0,0,0,0,0,0,0,0,0,0,0,0,0,0,0,0,0,0,0,0,0,0,0.100591734051704,0.216688772042592,0.177595493972673,0,0,0.174476346055473,0,0.164060077920531,0,0,0,0,0,0,0,0,0.36031132863758,0.325688030232083,0,0,0,0,0,0,0,0,0,0,0,0,0,0,0,0,0,0,0,0,0,0,0,0,0,0,0.300903598525945,0.185485980533934,0.238528583227316,0.235332116484642,0.170019847381849,0,0.244867583207878,0.182447535599613,0,0,0,0
0,0.385139092803001,0,0.25130283460021,0,0.155283009509246,0,0,0,0.282338812947273,0,0.125379793790739,0,0,0,0,0.320728376507759,0.353124502632353,0.39078277384951,0.145193226297602,0,0,0,0,0,0,0,0,0,0,0,0.165040905408512,0,0.182104636821247,0,0,0.137895150448465,0.186916286667279,0,0.314550922675566,0,0.321872304545508,0.285893931984901,0.435074892640114,0,0.294104449786117,0.350742638111115,0.41231392032634,0.475846841931343,0.241900719702244,0,0,0,0,0,0,0,0.124133817230662,0,0,0,0,0.174998858587901,0,0,0,0,0,0,0,0,0,0.29664272069931,0,0.160328205426534,0,0.202065597562229,0,0.214841584329051,0.12367030296644,0.23862924648965,0.309027671813965,0.180048189608721,0.288836409648259,0.333080823247026,0.332008720740028,0
0,0,0,0,0.214666567742825,0,0,0,0,0,0.0956859812140465,0,0,0,0,0,0.355321139097214,0.348739087581635,0.332757342552793,0,0.159822729833835,0,0,0,0,0,0,0,0,0,0,0.152364770571391,0.193231158557549,0,0.174476346055473,0.137895150448465,0,0,0.192575780610586,0,0.296762565771739,0.331504642963409,0.333497166852741,0,0.397280212778311,0.328332394361496,0.291946442550923,0.197545341800812,0.229354461861981,0,0.22375825420022,0,0,0,0,0,0.0898256046029757,0,0,0,0,0,0.332488089799881,0.223878022445285,0,0,0,0,0,0,0,0,0,0,0.196385636925697,0.159220760909178,0,0.161845969657103,0.170408429045762,0.214716603037672,0,0.240710813397889,0.18558068281244,0.327344789352876,0.361148435685594,0,0.350754815724588
0,0.244499443769455,0,0,0,0,0,0,0,0.273990639040004,0,0.133185815651976,0,0,0,0,0,0.321152697006861,0.377734638750553,0.1616496930317,0,0.258478926946816,0,0.271183649042973,0,0,0,0.177994120121002,0,0.144392021311824,0,0,0,0.215231524705887,0,0.186916286667279,0,0,0.526386976242065,0.33636549115181,0,0.308796631655207,0,0.41746003519405,0,0.285568280145526,0,0.588692447113991,0,0.288883100347141,0,0,0,0,0,0.280939400564005,0,0.136168571189046,0,0,0,0,0.194496273784076,0,0.265678753814799,0,0.26943695575763,0,0,0,0.183872860211592,0,0.213943345440212,0,0,0,0.220542787502591,0,0.21492447588118,0,0.240682434874398,0,0.263171327365485,0.191587725654244,0.279180318690263,0.308474373432898,0
0,0,0,0,0.278780311346054,0,0,0,0.236479284642618,0,0.14932957020582,0,0,0,0,0,0.312567234039307,0,0.326295152306557,0,0.224925220111566,0,0.228642940445084,0,0.24950522257154,0,0,0,0.194630944660228,0,0.189065457105834,0,0,0,0.164060077920531,0,0.192575780610586,0.526386976242065,0,0,0.304832324385643,0,0.36649647206068,0,0.418438762426376,0,0.330233249281134,0.651200122093187,0.325540831340902,0.43540033698082,0,0,0,0,0.277244500815868,0,0.133086945084359,0,0,0,0,0,0,0.309925627405906,0,0.234062923439618,0,0.270470874236884,0,0,0,0.222646037737528,0,0.228145854805943,0,0,0,0.161216943108655,0,0.241594440797635,0,0.244127431398839,0.250632648760878,0.140987077355385,0.415347752728681,0,0.340748675167561
0,0.368503431479136,0,0.263245143824153,0,0.276532709598541,0,0,0,0.226775854825974,0,0,0,0,0,0,0.290707998550855,0.297804692061618,0.316331470058414,0,0,0,0,0,0,0,0,0,0,0,0,0,0,0,0,0.314550922675566,0,0.33636549115181,0,0,0.274096637964249,0.286266945980186,0.256287173368037,0.331011479832982,0.259667401512464,0.260049052638994,0.298330953175371,0.392908411641275,0.374942481517792,0.186736065940931,0,0,0,0,0,0,0,0.204736813902855,0,0,0,0,0.286841056215427,0.311412334442139,0,0,0,0,0.307347640395164,0,0,0,0.315897107124329,0,0,0,0,0,0.271608082791014,0.311608589440584,0.280289664937585,0.293906897306442,0.282145178263089,0.305020332336426,0.263606841855366,0.282400045850698,0
0,0,0.252802419662476,0,0.260783225297928,0,0,0,0,0,0,0,0,0,0,0,0.27739886655694,0.27750501781702,0.28708696047465,0,0,0,0,0,0,0,0,0,0,0,0,0,0,0,0,0,0.296762565771739,0,0.304832324385643,0.274096637964249,0,0.266876104805205,0.257356114711526,0.269637313981851,0.300226380761999,0.262389600276947,0.277091971401012,0.347780518233776,0.276373633274146,0.234329029917717,0,0,0,0,0,0,0.217666178941727,0,0,0,0,0,0,0.257744201937237,0,0,0,0,0,0,0,0,0,0.278982232014338,0,0,0,0,0.311085745692253,0.242746355814662,0.289954572916031,0.230620702567954,0.253139501137118,0,0.233256753240306,0.256725966930389,0.261219551328753
0,0.385899117052327,0,0.241245978644916,0,0.242224305868149,0,0,0,0.260057827309957,0,0,0,0,0,0,0.258125777271661,0.282143490323469,0.239595926239201,0,0,0.325697749853134,0,0.283547112345696,0,0,0,0,0,0,0,0,0,0,0,0.321872304545508,0.331504642963409,0.308796631655207,0,0.286266945980186,0.266876104805205,0,0.216339858869712,0.273556535647196,0.233282018452883,0.296860167437846,0.285662706602703,0.29248478770256,0,0.281064949924248,0,0,0,0,0,0,0,0.352140957587644,0,0,0,0,0.328128764477325,0.324962735176086,0.35782394373771,0,0.370008766651154,0,0.384773154469097,0,0.396093910289503,0,0.381985436099163,0,0,0,0.33597417473793,0,0.296373645949628,0.287507339194417,0.35457038084008,0.277042267577989,0.252776362964695,0,0.30882629594982,0.284162543949037,0.260497987270355
0.344739214978004,0,0.291183204356446,0,0.238298580050468,0,0,0,0.260242051698945,0,0,0,0,0,0,0,0.277504340435068,0.270951605268887,0.231278894798051,0,0,0,0,0,0,0,0,0,0,0,0,0,0,0,0,0.285893931984901,0.333497166852741,0,0.36649647206068,0.256287173368037,0.257356114711526,0.216339858869712,0,0.245801014825702,0.225967862694473,0.266769853021417,0.289142027324022,0.345067623257637,0.277434497643476,0.219043895602226,0.247988573378987,0,0,0,0.289964133075305,0,0.254039913415909,0,0.251039676368237,0,0,0,0.312235325574875,0.296503421672271,0,0,0,0,0,0,0,0.460212484002113,0,0.378454989265828,0,0,0,0,0.294682080434127,0.289759876082667,0.301477832926644,0.353561263425414,0.270596550483702,0,0.30557796120674,0.257518857717514,0.26739672519016
0,0,0,0,0,0,0,0,0,0,0,0,0,0,0,0,0.257324308156967,0.305933956589018,0.320931715584697,0,0,0,0,0,0,0,0,0,0,0,0,0,0,0,0,0.435074892640114,0,0.41746003519405,0,0.331011479832982,0.269637313981851,0.273556535647196,0.245801014825702,0,0,0.317634250533271,0.303814712166786,0,0,0.348735427856445,0,0,0,0,0,0,0,0,0,0,0,0,0.337245951191737,0.338115319609642,0,0,0,0,0,0,0,0,0.461480609008244,0,0,0,0.449974447488785,0,0.419384506970442,0.298722424051341,0.50631117932245,0.31302484869957,0.2898652903937,0,0.349413888887589,0.277883969247341,0.237751614302397
0,0,0,0,0,0,0,0,0,0,0,0,0,0,0,0,0.290417640524752,0.308883763849735,0.280734508451688,0,0.553867638111115,0,0,0,0,0,0,0,0,0,0,0,0,0,0,0,0.397280212778311,0,0.418438762426376,0.259667401512464,0.300226380761999,0.233282018452883,0.225967862694473,0,0,0,0.340426468836053,0,0,0,0,0,0,0,0,0,0,0,0,0,0,0,0,0.326900591133931,0,0,0,0,0,0,0,0,0,0.421281546354294,0,0,0,0,0.313895144632884,0.339828616720929,0.363426566123962,0.431175135024663,0.302495325098232,0,0.303468501792764,0,0.271571266154448
0,0.370874628424644,0,0.223066073383777,0,0.216683572010388,0,0,0,0.215366561214129,0,0.26688702735636,0,0,0,0,0.293740731477737,0.317463613137966,0.34542702024199,0.218273594975471,0,0,0,0,0,0,0,0,0,0,0,0,0,0,0,0.294104449786117,0.328332394361496,0.285568280145526,0,0.260049052638994,0.262389600276947,0.296860167437846,0.266769853021417,0.317634250533271,0,0,0.311849643786748,0.27556644876798,0,0.217674558514992,0,0.250102400779724,0,0,0,0.204619163913386,0,0.257602665300776,0,0.222003519535065,0,0,0.273280767544869,0.277279734611511,0.333786025643349,0,0,0,0,0,0.372226133942604,0,0.32479147738721,0,0,0,0,0,0.268859414481803,0.335135109722614,0.323994404177646,0.286670472472906,0.287014980508824,0,0.277277399581893,0.270735152065754,0.281964588910341
0.446809966313212,0,0.260580724161683,0,0.219338625180917,0,0,0,0.211213457087676,0,0,0,0,0,0,0,0.30409128025726,0.322584755145586,0.362298450268005,0,0.278664124699739,0,0,0,0,0,0,0,0,0,0,0,0,0,0,0.350742638111115,0.291946442550923,0,0.330233249281134,0.298330953175371,0.277091971401012,0.285662706602703,0.289142027324022,0.303814712166786,0.340426468836053,0.311849643786748,0,0.254573941230774,0.237931197881699,0.290687561035156,0.234640265410801,0,0,0,0.218775317072868,0,0.251434413095315,0,0.244650106877089,0,0,0,0.327088564634323,0.267263942778653,0,0,0,0,0,0,0,0.374991536140442,0,0.310136403086819,0,0,0,0,0.325745144616003,0.287479107572301,0.301905050873756,0.335530291691608,0.290309542923971,0,0.306924354371082,0.308922663331032,0.279577142745256
0.342514961957932,0.286841633064406,0,0,0,0.232378467917442,0,0,0,0,0,0,0,0,0,0,0,0.302441596984863,0.341497341791789,0,0,0,0,0.508665144443512,0,0,0,0,0,0,0,0.392544187828898,0.266596445197131,0.344560886101561,0.36031132863758,0.41231392032634,0.197545341800812,0.588692447113991,0.651200122093187,0.392908411641275,0.347780518233776,0.29248478770256,0.345067623257637,0,0,0.27556644876798,0.254573941230774,0,0.464212351882469,0.31203500409921,0,0,0,0,0,0.427580267190933,0,0,0,0,0,0,0,0,0,0,0.257160395383835,0,0,0,0,0,0,0,0.453678634010845,0.286601560020989,0.449096261381029,0.331858389169337,0.40726428947297,0.387262556992252,0.498524714683749,0.423887200149378,0.478154101257407,0.587813198566437,0.322868867573953,0,0
0.251492416003236,0,0.192793778720356,0,0,0,0,0,0.159734502974628,0,0,0,0,0,0,0,0,0,0,0,0,0,0.295810437490863,0,0,0,0,0,0,0,0,0,0,0.366984724998474,0.325688030232083,0.475846841931343,0.229354461861981,0,0.325540831340902,0.374942481517792,0.276373633274146,0,0.277434497643476,0,0,0,0.237931197881699,0.464212351882469,0,0.250345163336096,0.248083226382732,0,0,0,0.182413966056298,0,0.24284315363663,0,0.219350116061313,0,0.239911233242467,0,0,0.209487353052412,0,0.35894119371898,0,0.225681101473478,0,0.288585150614381,0,0.335320702370475,0,0,0,0.395054849711331,0,0.436133110523224,0.315905962949214,0.334214638748998,0,0.298169327123083,0.322325646197388,0,0.276455304737738,0,0.274742595851421
0,0.222492933934254,0,0.175008035664048,0,0,0,0,0,0.21100340411067,0,0,0,0,0,0,0.272830061614513,0.323900705034083,0.290128349636992,0,0,0.298485306495765,0,0.127768704046806,0,0,0,0,0,0,0,0,0,0.334029012492725,0,0.241900719702244,0,0.288883100347141,0.43540033698082,0.186736065940931,0.234329029917717,0.281064949924248,0.219043895602226,0.348735427856445,0,0.217674558514992,0.290687561035156,0.31203500409921,0.250345163336096,0,0,0.277260804718191,0,0,0,0.171891160309315,0,0.377909422598102,0,0.350268337233313,0,0.242257428728044,0.354860179126263,0,0.317887686467132,0,0.188759016139167,0,0.339037139112355,0,0.383414481028721,0,0.419430751601855,0,0,0,0.338982241021262,0,0.234483665603352,0,0.311621908104363,0,0.250380506289416,0,0.25376272844863,0.332244526202741,0
0.200332272797823,0,0.194888016581535,0,0.225413829253169,0,0.268336802721024,0,0.236021746684905,0,0,0,0,0,0.180769041180611,0,0,0,0,0,0.354978708550334,0,0,0,0,0,0,0,0,0,0,0,0,0,0,0,0.22375825420022,0,0,0,0,0,0.247988573378987,0,0,0,0.234640265410801,0,0.248083226382732,0,0,0,0.292734803188415,0,0.23869338410872,0,0.25469117735823,0,0.248280279179837,0,0.272067507624626,0,0,0.327568865831821,0,0,0,0,0,0,0,0,0,0,0,0,0,0,0,0.248288859724998,0,0.242453783750534,0.168735105406355,0,0.259570392725222,0,0
0,0,0,0.268076642795845,0,0.234415973729802,0,0.197289660573006,0,0,0,0,0,0.226961116705622,0,0.127267636358738,0,0,0,0,0,0,0,0,0,0,0,0,0,0,0,0,0,0,0,0,0,0,0,0,0,0,0,0,0,0.250102400779724,0,0,0,0.277260804718191,0,0,0,0.285099370529254,0,0.217252817153931,0,0,0,0.269612940677096,0,0.250670435775324,0.190830543637276,0,0,0,0,0,0,0,0,0,0,0,0,0,0,0,0,0,0,0,0.206538301842813,0,0.216210922847191,0,0
0,0,0,0,0.237523746901545,0,0.195365298878063,0,0,0,0.208966079200136,0,0.206189547479153,0,0,0,0,0,0,0,0,0,0,0,0,0,0,0,0,0,0,0,0,0,0,0,0,0,0,0,0,0,0,0,0,0,0,0,0,0,0.292734803188415,0,0,0,0,0,0.237857473195278,0,0,0,0,0,0,0,0,0,0,0,0,0,0,0,0,0,0,0,0,0,0,0,0,0,0.152644493430853,0,0,0,0
0,0,0,0,0,0.196812756359577,0,0.198020900531513,0,0,0,0,0,0,0,0,0,0,0,0,0,0,0,0,0,0,0,0,0,0,0,0,0,0,0,0,0,0,0,0,0,0,0,0,0,0,0,0,0,0,0,0.285099370529254,0,0,0,0,0,0.183527575554074,0,0,0,0,0,0,0,0,0,0,0,0,0,0,0,0,0,0,0,0,0,0,0,0,0.162623955638378,0,0,0,0
0.156921901429693,0,0.156854715846155,0,0.242682018677394,0,0,0,0.230942499317224,0,0,0,0,0,0.202794070597048,0,0,0,0,0,0,0,0,0,0.22721585913084,0,0,0,0,0,0,0,0,0,0,0,0,0,0.277244500815868,0,0,0,0.289964133075305,0,0,0,0.218775317072868,0,0.182413966056298,0,0.23869338410872,0,0,0,0,0,0.219016049057245,0,0.222152493397395,0,0.210381600446569,0,0,0.248398914933205,0,0,0,0.211697840207332,0,0,0,0,0,0,0,0,0,0,0,0,0,0.258698461880518,0.216242957328047,0,0.18597428049102,0,0
0,0.184905950297317,0,0.175890489675841,0,0,0,0,0,0.297977261327851,0,0,0,0,0,0.179093686398119,0,0,0,0,0,0,0,0.209265840404174,0,0.225146263837814,0,0,0,0,0,0,0,0,0,0,0,0.280939400564005,0,0,0,0,0,0,0,0.204619163913386,0,0.427580267190933,0,0.171891160309315,0,0.217252817153931,0,0,0,0,0,0,0,0,0,0.180951658282345,0.228906080126762,0,0,0,0.203517510162459,0,0.219001245498657,0,0,0,0,0,0,0,0,0,0.251552581787109,0,0.242464760371617,0,0.234598643581072,0,0.190466623866197,0,0
0,0,0.206480224495349,0,0.169137045741081,0,0.262931169735061,0,0.211307644844055,0,0.235327799471793,0,0,0,0,0,0,0,0,0,0.193957667691367,0,0,0,0,0,0,0,0,0,0.238593823662618,0,0,0,0,0,0.0898256046029757,0,0.133086945084359,0,0.217666178941727,0,0.254039913415909,0,0,0,0.251434413095315,0,0.24284315363663,0,0.25469117735823,0,0.237857473195278,0,0.219016049057245,0,0,0,0.260461578002343,0,0.235612793236363,0,0,0.274904270649984,0,0,0,0,0,0,0,0.411303530329017,0,0.26283010693277,0,0,0,0,0,0.259139781412871,0,0.402503991840591,0.141799740493298,0,0.353105723038424,0,0
0,0,0,0.223736061699807,0,0.195001526425282,0,0,0,0.198905726273855,0,0.19919226456856,0,0,0,0,0,0,0,0.138773075897585,0,0,0,0,0,0,0,0,0,0.244009608314151,0,0,0,0,0,0.124133817230662,0,0.136168571189046,0,0.204736813902855,0,0.352140957587644,0,0,0,0.257602665300776,0,0,0,0.377909422598102,0,0,0,0.183527575554074,0,0,0,0,0,0.315000012872824,0,0.356805598735809,0.222423651157057,0,0.355685099325282,0,0.308348655700684,0,0.416711602926254,0,0.371000160200222,0,0.293831617741198,0,0,0,0,0,0.261378159125646,0,0.336021729059948,0,0.146469685249031,0,0.325211079364203,0.352478365103404,0
0.19201598316431,0,0.210329197691037,0,0.284718281030655,0,0,0,0.21020199979345,0,0.1197075175076,0,0.225459628019206,0,0.229964019900019,0,0,0,0,0,0,0,0,0,0,0,0.285729130109151,0,0.258870387031126,0,0,0,0,0,0,0,0,0,0,0,0,0,0.251039676368237,0,0,0,0.244650106877089,0,0.219350116061313,0,0.248280279179837,0,0,0,0.222152493397395,0,0.260461578002343,0,0,0,0.296153387410895,0,0,0,0,0,0,0,0,0.321959708817303,0,0.281937020220937,0,0,0,0,0,0,0,0,0,0,0.180719897150993,0,0.23898827450143,0,0
0,0,0,0.212460214507233,0,0.205922808498144,0,0,0,0,0,0.110525332631603,0,0.202487948738302,0,0.217723322298491,0,0,0,0,0,0,0,0,0,0.256010218709707,0,0.190743287107838,0,0,0,0,0,0,0,0,0,0,0,0,0,0,0,0,0,0.222003519535065,0,0,0,0.350268337233313,0,0.269612940677096,0,0,0,0,0,0.315000012872824,0,0,0,0.240095530403346,0,0,0.29114231467247,0,0,0,0.348500577401994,0,0.286397373573926,0,0.245630209644636,0,0,0,0,0,0,0,0.28423085808754,0,0.201957893868287,0,0.23417763073336,0,0
0.167389995793798,0,0.205291594844311,0,0.27455988433212,0,0,0,0.2148934543731,0,0,0,0,0,0.20460450111164,0,0,0,0,0,0,0,0,0,0.218802978043203,0,0.224618571499983,0,0,0,0,0,0,0,0,0,0,0,0,0,0,0,0,0,0,0,0,0,0.239911233242467,0,0.272067507624626,0,0,0,0.210381600446569,0,0.235612793236363,0,0.296153387410895,0,0,0,0,0,0,0,0,0.236970846609371,0,0.192275996133685,0,0.172913384934266,0,0,0,0,0,0,0,0,0,0,0,0,0.242247756857138,0,0
0,0.138168654609017,0,0.267644359515263,0,0.15231084227562,0,0,0,0.187911111416657,0,0,0,0.178422720432281,0,0.196565015579513,0,0,0,0,0,0,0,0.258440057436625,0,0.208345448148662,0,0.210641121393756,0,0,0,0,0,0,0,0,0,0,0,0,0,0,0,0,0,0,0,0,0,0.242257428728044,0,0.250670435775324,0,0,0,0.180951658282345,0,0.356805598735809,0,0.240095530403346,0,0,0,0,0,0,0.210661130729649,0,0.272905969156478,0,0.243756383657455,0,0,0,0,0,0,0,0,0,0,0,0.168496988713741,0,0.137815401742333,0,0
0,0,0,0.257909886893772,0,0.294364946412629,0,0,0,0,0,0.205101418264238,0,0,0,0,0.302317783236504,0.300035050937108,0.327913938475049,0.176015095755303,0,0.341912001371384,0,0,0,0,0,0,0,0,0,0,0,0,0,0.174998858587901,0.332488089799881,0.194496273784076,0,0.286841056215427,0,0.328128764477325,0.312235325574875,0.337245951191737,0,0.273280767544869,0.327088564634323,0,0,0.354860179126263,0,0.190830543637276,0,0,0,0.228906080126762,0,0.222423651157057,0,0,0,0,0,0.313263446092606,0,0,0,0,0,0,0.429834485054016,0,0.348944598504531,0,0,0,0,0,0.259212657536603,0.354165603717168,0.315236009496115,0,0.22779430821538,0,0.332899565664135,0.304913642505805,0.303103804588318
0.469822764396667,0,0.248174098134041,0,0.232342546029637,0,0,0,0,0,0.181300470516795,0,0,0,0,0,0.310760552684466,0.309730394019021,0.327468236141345,0,0.240512271646408,0,0,0,0,0,0,0,0,0,0,0,0,0,0,0,0.223878022445285,0,0.309925627405906,0.311412334442139,0.257744201937237,0.324962735176086,0.296503421672271,0.338115319609642,0.326900591133931,0.277279734611511,0.267263942778653,0,0.209487353052412,0,0.327568865831821,0,0,0,0.248398914933205,0,0.274904270649984,0,0,0,0,0,0.313263446092606,0,0,0,0,0,0,0,0,0.367278223528582,0,0.331340977874177,0,0,0,0,0.355874319871267,0.264135989756478,0.340952679514885,0.372984737973358,0.232788420752086,0,0.320492051816722,0.305901914834976,0.297304021815459
0,0,0,0,0,0,0,0,0,0,0,0,0,0,0,0,0,0.181195183003202,0.356624007225037,0,0,0.200213530113072,0,0.204008433272897,0,0.218110304941302,0,0.219331467422572,0,0,0,0,0,0,0,0,0,0.265678753814799,0,0,0,0.35782394373771,0,0,0,0.333786025643349,0,0,0,0.317887686467132,0,0,0,0,0,0,0,0.355685099325282,0,0.29114231467247,0,0,0,0,0,0,0.186618391193804,0,0.329316859494667,0,0.308884186010442,0,0.323504804074764,0,0,0,0,0,0,0,0.266749056193122,0,0.182410925258475,0.146404870753658,0.369628934850616,0.368557016054789,0
0,0,0,0,0,0,0,0,0,0,0,0,0,0,0,0,0,0,0,0,0,0,0.209520384754986,0,0.231453087271224,0,0.266838324048536,0,0.240789383649826,0,0,0,0,0,0,0,0,0,0.234062923439618,0,0,0,0,0,0,0,0,0,0.35894119371898,0,0,0,0,0,0,0,0,0,0,0,0,0,0,0,0,0,0,0.234274407195994,0,0.297874977831374,0,0.394857632735271,0,0.459849283099174,0,0,0,0,0,0,0,0.250260846519074,0.175400699935686,0.204506813125177,0.471016714970271,0,0
0,0.181440791913441,0,0,0,0,0,0,0,0.176076546311378,0,0,0,0,0,0.236412294209003,0,0,0,0,0,0.181312560486166,0,0.224411265202617,0,0.240790208457502,0,0,0,0,0,0,0,0,0,0,0,0.26943695575763,0,0,0,0.370008766651154,0,0,0,0,0,0.257160395383835,0,0.188759016139167,0,0,0,0,0,0.203517510162459,0,0.308348655700684,0,0,0,0.210661130729649,0,0,0.186618391193804,0,0,0,0.236127336258474,0,0.256410703063011,0,0,0,0,0,0,0,0,0,0.24334494071235,0,0.28688782453537,0,0.1783070460647,0,0
0.180310872468081,0,0,0,0,0,0,0,0.247458317170018,0,0,0,0,0,0,0,0,0,0,0,0,0,0.220307601406501,0,0.236770275993618,0,0.257864172406056,0,0,0,0,0,0,0,0,0,0,0,0.270470874236884,0,0,0,0,0,0,0,0,0,0.225681101473478,0,0,0,0,0,0.211697840207332,0,0,0,0,0,0.236970846609371,0,0,0,0,0.234274407195994,0,0,0,0.268634607241288,0,0,0,0,0,0,0,0,0,0,0,0.292002215928642,0.154805302619934,0,0.245898286777514,0,0
0,0,0,0,0,0,0,0,0,0.234455749392509,0,0,0,0.248935684561729,0,0.205861508846283,0,0.151698789730364,0,0,0,0.368042664944517,0,0.191834920300887,0,0.300973826230276,0,0.237263262110263,0,0,0,0,0,0,0,0,0,0,0,0.307347640395164,0,0.384773154469097,0,0,0,0,0,0,0,0.339037139112355,0,0,0,0,0,0.219001245498657,0,0.416711602926254,0,0.348500577401994,0,0.272905969156478,0,0,0.329316859494667,0,0.236127336258474,0,0,0,0.366550219257974,0,0.392760306596756,0,0,0,0,0,0.337938666343689,0,0.263225525617599,0,0.24340362350146,0,0.417811157208093,0.392767918961389,0
0,0,0,0,0,0,0,0,0,0,0,0,0,0,0,0,0,0,0,0,0,0,0.237174635066798,0,0.255884344096478,0,0.245183806247454,0,0.258108613209105,0,0,0,0,0,0,0,0,0,0,0,0,0,0,0,0,0,0,0,0.288585150614381,0,0,0,0,0,0,0,0,0,0.321959708817303,0,0.192275996133685,0,0,0,0,0.297874977831374,0,0.268634607241288,0,0,0,0.355038376993508,0,0,0,0,0,0,0,0,0,0,0.211958908608982,0.191804715328746,0.178937595337629,0,0
0,0,0,0,0,0.328818202018738,0,0,0,0,0,0,0,0.187587419524789,0,0,0,0,0.308313071727753,0,0,0.20304499988286,0,0,0,0.330296495358149,0,0.208379804329431,0,0.144685266911983,0,0,0,0,0,0,0,0.183872860211592,0,0,0,0.396093910289503,0,0,0,0.372226133942604,0,0,0,0.383414481028721,0,0,0,0,0,0,0,0.371000160200222,0,0.286397373573926,0,0.243756383657455,0.429834485054016,0,0.308884186010442,0,0.256410703063011,0,0.366550219257974,0,0,0,0.330218684963054,0,0,0,0,0,0.3005181401968,0,0.28397702020923,0,0.104103984311223,0,0.442329363995477,0.414864833156268,0
0,0,0,0,0,0,0,0,0,0,0,0,0.185039505362511,0,0,0,0,0,0.383258700370789,0,0,0,0.205307917308904,0,0,0,0.312046517455389,0,0.244555315385216,0,0.227255582809448,0,0,0,0,0,0,0,0.222646037737528,0,0,0,0.460212484002113,0,0,0,0.374991536140442,0,0.335320702370475,0,0,0,0,0,0,0,0.411303530329017,0,0.281937020220937,0,0.172913384934266,0,0,0.367278223528582,0,0.394857632735271,0,0,0,0.355038376993508,0,0,0,0.418756493940376,0,0,0,0,0,0,0,0.306855868214763,0.147554200211609,0.189856752753258,0.440311488274778,0,0.463238686323166
0,0.407067507505417,0,0.319787790377935,0,0,0,0,0,0,0,0.239423037026868,0,0,0,0,0,0,0.317968785762787,0,0,0,0,0,0,0,0,0.20723728883651,0,0.223862657893934,0,0,0,0,0,0.29664272069931,0,0.213943345440212,0,0.315897107124329,0,0.381985436099163,0,0.461480609008244,0,0.32479147738721,0,0,0,0.419430751601855,0,0,0,0,0,0,0,0.293831617741198,0,0.245630209644636,0,0,0.348944598504531,0,0.323504804074764,0,0,0,0.392760306596756,0,0.330218684963054,0,0,0,0,0,0,0,0.325911404358016,0,0.312268014511957,0,0.257717842857043,0,0.416298906131553,0.420213916566637,0
0,0,0,0,0,0,0,0,0,0,0.219765308421365,0,0,0,0,0,0.33516988158226,0.265697836875916,0.329683589247557,0,0.264281886767169,0,0,0,0,0,0,0,0.224403890967369,0,0.21813340901216,0,0,0,0,0,0,0,0.228145854805943,0,0.278982232014338,0,0.378454989265828,0,0.421281546354294,0,0.310136403086819,0,0,0,0,0,0,0,0,0,0.26283010693277,0,0,0,0,0,0,0.331340977874177,0,0.459849283099174,0,0,0,0,0,0.418756493940376,0,0,0,0,0,0,0,0.304427061391913,0,0.374780116699756,0.22866442528638,0,0.450400648474465,0,0.415037767453627
0,0,0,0,0,0,0,0,0,0,0,0,0,0,0,0,0,0,0,0,0,0,0,0,0,0,0,0,0,0,0,0.239642427230724,0.37371055994715,0.304757480785041,0,0.160328205426534,0.196385636925697,0,0,0,0,0,0,0,0,0,0,0.453678634010845,0,0,0,0,0,0,0,0,0,0,0,0,0,0,0,0,0,0,0,0,0,0,0,0,0,0,0,0.35406269133091,0.307580856730069,0,0.286899093813544,0,0,0,0.181416977040782,0,0,0,0
0,0,0,0,0,0,0,0,0,0,0,0,0,0,0,0,0,0,0,0,0,0,0,0,0,0,0,0,0,0,0,0.183506100266068,0.196606291254384,0,0.300903598525945,0,0.159220760909178,0,0,0,0,0,0,0,0,0,0,0.286601560020989,0.395054849711331,0,0,0,0,0,0,0,0,0,0,0,0,0,0,0,0,0,0,0,0,0,0,0,0,0,0.35406269133091,0,0,0.295437495646806,0.413389414548874,0.226710160736178,0,0.392891138792038,0.148576203540995,0,0,0,0
0,0,0,0,0,0,0,0,0,0,0,0,0,0,0,0,0,0,0,0,0,0,0,0,0,0,0,0,0,0,0,0.30548265961227,0,0.254055047657843,0.185485980533934,0.202065597562229,0,0.220542787502591,0,0,0,0.33597417473793,0,0.449974447488785,0,0,0,0.449096261381029,0,0.338982241021262,0,0,0,0,0,0,0,0,0,0,0,0,0,0,0,0,0,0,0,0,0,0,0,0,0.307580856730069,0,0,0.167611815035343,0.259011704188127,0,0.274470532696475,0,0.18057991748999,0,0.385270625352859,0,0
0,0,0,0,0,0,0,0,0,0,0,0,0,0,0,0,0,0,0,0,0,0,0,0,0,0,0,0,0,0,0,0.0865079239010811,0.240394599735737,0.192142008430762,0.238528583227316,0,0.161845969657103,0,0.161216943108655,0,0,0,0,0,0,0,0,0.331858389169337,0.436133110523224,0,0,0,0,0,0,0,0,0,0,0,0,0,0,0,0,0,0,0,0,0,0,0,0,0,0,0.295437495646806,0.167611815035343,0,0,0.234725637425636,0,0.254090277191877,0.164929042425421,0,0,0,0
0.318338960409164,0.423781727145358,0,0.268082255373398,0,0.254482533978788,0,0,0,0.277622602880001,0,0.270837048999965,0,0,0,0,0.302128035020321,0.318420055641068,0.36123288535081,0.189128396538447,0,0,0,0,0,0,0,0,0,0,0,0.314538423757569,0.36832887163529,0.185342023953868,0.235332116484642,0.214841584329051,0.170408429045762,0.21492447588118,0,0.271608082791014,0.311085745692253,0.296373645949628,0.294682080434127,0.419384506970442,0.313895144632884,0.268859414481803,0.325745144616003,0.40726428947297,0.315905962949214,0.234483665603352,0,0,0,0,0,0.251552581787109,0,0.261378159125646,0,0,0,0,0.259212657536603,0.355874319871267,0,0,0,0,0.337938666343689,0,0.3005181401968,0,0.325911404358016,0,0.286899093813544,0.413389414548874,0.259011704188127,0,0,0.318982926507791,0.285464551191043,0.33694007396698,0.236104797982644,0,0.336562807553545,0.314381167113781,0.28383621302518
