0,0,4.66735770281623,0,10.5369834899902,0,0,0,5.56280853990781,0,0,0,0,0,0,0,0,0,13.6818752288818,0,0,0,0,0,12.6557651587895,0,0,0,0,0,0,0,0,0,0,0,0,0,16.7979707717896,0,22.9686183929443,0,20.5378198906927,0,0,0,0,0,8.00231648553059,0,0,0,0,0,5.71622638320171,0,0,0,5.2289205789566,0,3.51880672265743,0,0,0,0,0,0,12.6105014174732,0,14.5884772936503,0,0,0,9.24526262283325,0,0,0,0,0,27.198205947876,0,0,6.40292258978565,0,8.48271037074568,0,21.411098241806
0,0,0,3.30574931817896,0,0,0,0,0,6.83408917297016,0,0,0,0,0,0,0,48.0205936431885,14.9378296136856,0,0,0,0,0,0,0,0,0,0,0,0,0,0,0,0,0,0,16.759493721856,0,30.3976173400879,0,23.3668684593696,0,0,0,16.3339383655124,0,29.9557902812958,0,17.1040746135044,0,0,0,0,0,6.24344500945165,0,27.8500194549561,0,6.70141207282223,0,5.33560138071577,22.9205258687337,0,0,0,0,0,0,0,0,0,28.0143311818441,0,0,0,0,0,28.7693356965718,0,30.6643657684326,0,15.2067777614493,0,14.3101385971285,9.46862592697144,0
4.66735770281623,0,0,0,5.06105093720295,0,0,0,6.78789152519123,0,0,0,0,0,0,0,0,0,54.1182588849749,0,0,0,0,0,0,0,0,0,0,0,0,0,0,0,0,0,32.2148666381836,0,0,0,35.6882916556464,0,27.5448179181838,0,0,87.9046020507812,18.2102958361308,31.8443990434919,22.1886017695069,43.593433380127,5.43286873431916,0,0,0,5.52513598286828,0,8.9921743285656,0,9.30819884936015,0,9.37150239944458,0,0,27.1435821706598,0,0,0,0,0,0,0,0,0,0,0,0,0,0,93.1999206542969,34.2177041027997,0,28.6278223310198,14.3661801918195,0,13.7301815330236,0,19.7721517653692
0,3.30574931817896,0,0,0,0,0,0,0,4.00648482640584,0,0,0,0,0,0,0,0,49.0006996154785,3.36736452579498,0,0,0,0,0,0,0,0,0,0,0,0,0,0,0,0,0,0,0,27.5161209106445,62.0780830383301,18.9927144161491,0,0,0,10.9556635806435,0,0,0,8.90628202052056,0,0,0,0,0,3.64378692553594,0,19.907584646013,0,13.3599947377255,0,8.76100107601711,20.5061964988708,0,0,0,0,0,0,0,32.5626748402913,0,29.5450708140498,0,0,0,0,0,30.8569633960724,0,31.9451353285048,0,7.85596083372067,0,10.3333767057454,19.0478858947754,0
10.5369834899902,0,5.06105093720295,0,0,0,0,0,3.69224826317684,0,0,0,3.95112587928772,0,5.77782836447667,0,0,0,0,0,7.69906226175601,0,0,0,0,0,0,0,0,0,0,0,0,0,0,0,0,0,0,0,0,0,49.2958526611328,0,0,0,0,41.4857711791992,40.9650001525879,0,4.30025544533363,0,0,0,0,0,4.8926005878964,0,4.14476105661103,0,6.13461981994518,0,0,8.82095767259598,0,0,0,0,0,0,0,0,0,0,0,0,0,0,0,0,0,0,3.98657124199553,0,8.32412503646301,0,0
0,0,0,0,0,0,0,3.37376047670841,0,0,0,5.76053905487061,0,0,0,0,0,0,0,0,0,0,0,0,0,0,0,0,0,0,0,0,0,0,0,0,0,0,0,0,0,0,0,0,0,0,0,0,0,0,0,2.89316773414612,0,3.03025846481323,0,0,0,16.7124418682522,0,0,0,0,0,0,0,0,0,0,0,0,0,0,0,0,0,0,0,0,0,0,0,0,4.17314591407776,0,3.67925125360489,0,0
0,0,0,0,0,0,0,0,0,0,3.53204351663589,0,3.84144975874159,0,0,0,0,0,0,0,0,0,0,0,0,0,0,0,0,0,0,0,0,0,0,0,0,0,0,0,0,0,0,0,0,0,0,0,0,0,0,0,3.11876137375832,0,0,0,3.5894474686803,0,3.041304063797,0,0,0,0,0,0,0,0,0,0,0,0,0,0,0,0,0,0,0,0,0,0,0,4.16106228968676,4.72110247612,0,0,0
0,0,0,0,0,3.37376047670841,0,0,0,0,0,0,0,0,0,0,0,0,0,0,0,0,0,0,0,0,0,0,0,0,0,0,0,0,0,0,0,0,0,0,0,0,0,0,0,0,0,0,0,0,0,0,0,3.73674253317026,0,0,0,4.01473967663877,0,0,0,0,0,0,0,0,0,0,0,0,0,0,0,0,0,0,0,0,0,0,0,0,3.30883224805196,0,0,0,0
5.56280853990781,0,6.78789152519123,0,3.69224826317684,0,0,0,0,0,0,0,10.1975597381592,0,3.3263207723697,0,11.8399829864502,0,0,0,0,0,0,0,6.34442945126887,0,3.3499760822374,0,0,0,0,0,0,0,0,0,0,0,5.47803315056695,0,26.3496761322021,0,28.672087260655,0,0,0,0,0,10.1994948916965,0,7.40018514792124,0,0,0,5.34629174409648,0,15.9929990768433,0,0,0,3.81165597855099,0,0,0,0,0,0,8.06408097754399,0,5.86099704783014,0,0,0,0,0,0,0,0,0,36.4175262451172,0,12.1025806544702,4.50455231565379,2.85387706756592,9.08550382887315,0,24.7207984924316
0,6.83408917297016,0,4.00648482640584,0,0,0,0,0,0,0,0,0,0,0,3.25073423752418,0,0,0,0,0,12.2191877365112,0,7.8338470082534,0,2.95030315717061,0,0,0,0,0,0,0,0,0,0,0,9.64419318040212,0,0,0,18.10218334198,0,0,0,0,0,26.7743701934814,0,8.23182169596354,0,0,0,0,0,6.18090196089311,0,0,0,0,0,5.12005023557351,0,0,0,0,6.61626241349766,0,3.1184321641922,0,0,0,0,0,0,0,0,0,0,0,10.9306465474042,0,4.47308152047548,0,8.08505663871765,0,0
0,0,0,0,0,0,3.53204351663589,0,0,0,0,0,3.4179789105127,0,0,0,0,0,0,0,4.3138628172152,0,0,0,0,0,0,0,4.05325997508302,0,3.32374602528761,0,0,0,0,0,3.43940706449012,0,4.54449512810763,0,0,0,0,0,0,0,0,0,0,0,0,0,0,0,0,0,4.12545175476726,0,4.29014919769608,0,0,0,0,5.63730332499645,0,0,0,0,0,0,0,4.45271778106689,0,5.56250842534579,0,0,0,0,0,4.17873837752614,0,6.40826023105652,4.02803107466231,4.55476437915455,0,0,0
0,0,0,0,0,5.76053905487061,0,0,0,0,0,0,0,4.55489332697033,0,0,0,0,0,4.34671901373097,0,0,0,0,0,0,0,0,0,4.9553009730119,0,0,0,0,0,4.89468161876385,0,4.3315617764643,0,0,0,0,0,0,0,0,0,0,0,0,0,6.13485383987427,0,0,0,0,0,5.4773110744565,0,5.63218206673666,0,0,4.52528677203439,0,0,0,0,0,0,0,0,0,3.06674890518188,0,0,0,0,0,5.27750521068332,0,4.5865918350385,0,4.40405670860234,0,7.60866321563721,0,0
0,0,0,0,3.95112587928772,0,3.84144975874159,0,10.1975597381592,0,3.4179789105127,0,0,0,3.29757772184707,0,0,0,0,0,0,0,0,0,0,0,2.7448638677597,0,2.95232621828715,0,0,0,0,0,0,0,0,0,0,0,0,0,0,0,0,0,0,0,0,0,4.73939971362843,0,0,0,8.81954288482666,0,5.59165947577533,0,3.20176613643916,0,5.77058865626653,0,0,0,0,0,0,0,0,0,0,0,0,0,0,0,0,0,0,0,0,0,3.61122424055215,4.01369381828226,0,0,0
0,0,0,0,0,0,0,0,0,0,0,4.55489332697033,0,0,0,3.21495270729065,0,0,0,0,0,0,0,0,0,5.1873460928599,0,4.25680289800885,0,0,0,0,0,0,0,0,0,0,0,0,0,0,0,0,0,0,0,0,0,0,0,0,0,0,0,0,0,4.72654512795535,0,4.88904068437519,0,3.80519913590473,0,0,0,0,0,0,5.04975843429565,0,5.24882686138153,0,0,0,0,0,0,0,0,0,0,0,3.31891377310186,3.21595583224701,0,0,0
0,0,0,0,5.77782836447667,0,0,0,3.3263207723697,0,0,0,3.29757772184707,0,0,0,9.27630002158029,0,0,0,0,0,0,0,2.95651960372925,0,3.15984725952148,0,0,0,0,0,0,0,0,0,0,0,0,0,0,0,0,0,0,0,0,0,0,0,7.22173611460061,0,0,0,3.7690794467926,0,0,0,4.20214249406542,0,4.00342364917845,0,0,0,0,0,0,0,0,2.94444251060486,0,0,0,0,0,0,0,0,0,0,0,0,5.03420700024867,0,0,0,0
0,0,0,0,0,0,0,0,0,3.25073423752418,0,0,0,3.21495270729065,0,0,0,0,0,0,0,0,0,3.06893471309117,0,3.54678554446609,0,0,0,0,0,0,0,0,0,0,0,0,0,0,0,0,0,0,0,0,0,0,0,0,0,0,0,0,0,3.94299966494242,0,0,0,3.51342327883289,0,4.54525950410393,0,0,0,0,0,0,3.38816592216492,0,0,0,0,0,0,0,0,0,0,0,0,0,3.44927226353998,3.31584450602531,0,0,0
0,0,0,0,0,0,0,0,11.8399829864502,0,0,0,0,0,9.27630002158029,0,0,18.3350570078376,16.4445316558287,0,0,0,0,0,4.3990397308812,0,6.45625992768119,0,0,0,0,0,0,0,0,0,0,0,0,68.8937342026654,55.1703503446759,54.8345280900786,46.5376334623857,37.0351734161377,25.3942279815674,58.1025683085124,57.0036337716239,0,0,72.2932090759277,0,0,0,0,0,0,69.6427707672119,58.2119795481364,0,0,6.92798757553101,0,56.2956695556641,57.6453911276425,0,0,0,4.00584936141968,0,8.4476698451572,0,0,66.4853768782182,0,0,0,0,0,65.736165026401,58.4229272740488,67.4523170626893,63.1944007873535,12.8479667062037,0,51.0437614223625,42.0984865824381,44.8787410442646
0,48.0205936431885,0,0,0,0,0,0,0,0,0,0,0,0,0,0,18.3350570078376,0,19.7717414288647,0,0,4.41614335775375,0,4.94453012943268,0,3.26510417461395,39.0326388432429,0,0,0,0,0,0,0,0,0,0,0,0,52.7975960540771,58.8989970533154,42.3532625436783,57.6929333530255,36.0537630227896,0,46.5923793441371,55.9783251532193,0,50.9802360534668,62.2972061157227,0,0,0,0,0,0,78.349967956543,44.0077286797601,0,0,0,0,59.6987346302379,65.3093780517578,0,0,0,0,4.0684369632176,38.2653853098551,41.5115852355957,0,47.7506539961871,0,0,0,0,0,54.7094574998065,64.8362320913395,53.0635051409404,84.4046325683594,9.41615659173115,8.25499754586023,47.3753758414847,27.1748263676961,47.0313316345215
13.6818752288818,14.9378296136856,54.1182588849749,49.0006996154785,0,0,0,0,0,0,0,0,0,0,0,0,16.4445316558287,19.7717414288647,0,0,0,0,0,0,0,0,20.8229026794434,0,0,0,0,0,0,0,0,81.4987754821777,0,0,0,40.8346525672432,39.1545035851325,36.4744174564326,38.8609248570033,21.8199914758856,15.8742803573608,27.9019409121384,35.0930881361808,69.0032196044922,54.075853729248,47.0660729181199,0,0,0,0,0,0,63.6208572387695,38.0838059989773,0,36.5507011413574,0,0,39.2582504272461,42.7163968041954,0,0,0,0,0,37.9073677062988,0,0,45.2572218071331,0,0,0,0,0,43.4325863623123,43.7379288739081,46.463197964303,50.3712777357835,17.7102748166666,0,34.7321646969493,22.890938068958,32.5015256573456
0,0,0,3.36736452579498,0,0,0,0,0,0,0,4.34671901373097,0,0,0,0,0,0,0,0,0,0,0,0,0,0,0,0,0,0,0,0,0,0,0,4.17346420806387,0,4.81198385118801,0,0,0,0,0,0,0,0,0,0,0,0,0,3.15128374099731,0,0,0,0,0,3.88674613128182,0,14.0045127868652,0,0,6.21372005742067,0,0,0,0,0,0,0,0,0,3.67736947536469,0,0,0,0,0,5.30919984844624,0,4.4648997594382,0,4.31860667798254,0,4.46003824977551,0,0
0,0,0,0,7.69906226175601,0,0,0,0,0,4.3138628172152,0,0,0,0,0,0,0,0,0,0,0,0,0,0,0,0,0,0,0,0,0,0,0,0,0,3.83914500229231,0,4.88688490698414,0,0,0,0,0,0,0,0,0,0,0,0,0,0,0,0,0,4.61710749435568,0,0,0,0,0,0,5.65111859923533,0,0,0,0,0,0,0,0,0,9.89766120910645,0,0,0,0,0,4.34431967606027,0,5.51383671998978,4.41309837663555,5.17434370517731,7.86937330722809,0,0
0,0,0,0,0,0,0,0,0,12.2191877365112,0,0,0,0,0,0,0,4.41614335775375,0,0,0,0,4.0558489426373,7.11264264909296,0,3.20554885733018,0,3.62396956941356,0,0,0,0,0,13.867307472229,0,0,0,4.37938049342181,0,0,0,0,0,0,0,0,0,0,0,4.30066862313644,0,0,0,0,0,16.6558284759521,0,0,0,0,0,0,0,0,4.78162418601242,3.8306036670253,7.10984765202546,0,3.49882683094512,0,4.03047316191626,0,0,0,0,0,0,0,0,0,5.31161896177452,0,4.70877130660269,4.49350425995976,0,0,0
0,0,0,0,0,0,0,0,0,0,0,0,0,0,0,0,0,0,0,0,0,4.0558489426373,0,0,6.42857428688601,0,0,0,3.51658821430336,0,0,0,0,0,0,0,0,0,4.18907797744042,0,0,0,0,0,0,0,0,0,5.32201130547613,0,0,0,0,0,0,0,0,0,0,0,0,0,0,0,4.14842187078659,4.8698885516394,0,7.89150726428399,0,0,0,5.54497086084806,0,0,0,0,0,0,0,0,0,4.9147960552491,4.34456107197539,3.69513878722986,0,0,0
0,0,0,0,0,0,0,0,0,7.8338470082534,0,0,0,0,0,3.06893471309117,0,4.94453012943268,0,0,0,7.11264264909296,0,0,0,3.17132185797655,0,0,0,0,0,0,0,13.5940191745758,0,0,0,4.16353192162462,16.6346797943115,0,0,0,0,0,0,0,0,0,0,0,0,0,0,0,0,6.38148928995002,0,0,0,0,0,7.31693957249324,0,0,6.93683258992321,0,5.0357335743706,0,3.3660160203658,0,0,0,0,0,0,0,0,0,0,0,5.40202646704424,21.0381202697754,5.58355998842735,6.4304575920105,4.02723867159623,0,0
12.6557651587895,0,0,0,0,0,0,0,6.34442945126887,0,0,0,0,0,2.95651960372925,0,4.3990397308812,0,0,0,0,0,6.42857428688601,0,0,0,4.41527573168278,0,0,0,0,0,0,0,0,0,0,0,4.20062050206701,0,0,0,0,0,0,0,0,0,10.3826224644979,0,0,0,0,0,7.45382388432821,0,0,0,0,0,14.3205947875977,0,0,0,0,7.42245850019288,0,5.03016133023732,0,3.44141475902581,0,0,0,0,0,0,0,0,0,0,0,6.81765977897454,4.48926274947699,0,3.21838145256042,0,0
0,0,0,0,0,0,0,0,0,2.95030315717061,0,0,0,5.1873460928599,0,3.54678554446609,0,3.26510417461395,0,0,0,3.20554885733018,0,3.17132185797655,0,0,0,3.36465124636406,0,0,0,0,0,0,0,0,0,0,0,0,0,0,0,0,0,0,0,0,0,0,0,0,0,0,0,0,0,0,0,4.21740198135376,0,6.4413574596621,0,0,0,0,3.22517075981061,0,3.09718738766167,0,4.1600867573704,0,0,0,0,0,0,0,0,0,0,0,3.16542405348558,0,0,0,0
0,0,0,0,0,0,0,0,3.3499760822374,0,0,0,2.7448638677597,0,3.15984725952148,0,6.45625992768119,39.0326388432429,20.8229026794434,0,0,0,0,0,4.41527573168278,0,0,0,3.20660059747443,0,0,0,0,0,0,0,0,0,0,0,0,0,0,0,0,0,0,0,0,0,0,0,0,0,2.93435859680176,0,0,0,0,0,0,0,0,0,0,0,0,3.37428736686707,0,3.04606725074149,0,3.70180716881385,0,0,0,0,0,0,0,0,0,0,13.8537832651383,0,0,0,0
0,0,0,0,0,0,0,0,0,0,0,0,0,4.25680289800885,0,0,0,0,0,0,0,3.62396956941356,0,0,0,3.36465124636406,0,0,0,4.64259369293204,0,0,0,0,0,0,0,3.70108377284512,0,0,0,0,0,0,0,0,0,0,0,0,0,0,0,0,0,0,0,0,0,4.15047829091048,0,0,0,0,3.66217868756025,0,0,0,3.59359972817557,0,3.79293685891178,0,5.11273155893598,0,0,0,0,0,0,0,6.31885025942767,0,3.44050313545462,3.28999953477059,0,0,0
0,0,0,0,0,0,0,0,0,0,4.05325997508302,0,2.95232621828715,0,0,0,0,0,0,0,0,0,3.51658821430336,0,0,0,3.20660059747443,0,0,0,4.28082387163005,0,0,0,0,0,0,0,3.32902706250912,0,0,0,0,0,0,0,0,0,0,0,0,0,0,0,0,0,4.51245522868726,0,2.84326195716858,0,0,0,0,0,0,4.92350423966099,0,0,0,3.00479389599391,0,4.05253620489897,0,7.35480074449019,0,0,0,0,0,0,0,7.07990625545698,4.0487520905102,3.28427230573333,0,0,0
0,0,0,0,0,0,0,0,0,0,0,4.9553009730119,0,0,0,0,0,0,0,0,0,0,0,0,0,0,0,4.64259369293204,0,0,0,0,0,0,0,0,0,3.7525127345118,0,0,0,0,0,0,0,0,0,0,0,0,0,0,0,0,0,0,0,4.3935694694519,0,0,0,0,0,0,0,0,0,0,0,0,4.40478197607721,0,4.04289077739967,0,0,0,0,0,0,0,4.73769357072414,0,4.95106963572964,0,0,0,0
0,0,0,0,0,0,0,0,0,0,3.32374602528761,0,0,0,0,0,0,0,0,0,0,0,0,0,0,0,0,0,4.28082387163005,0,0,0,0,0,0,0,0,0,4.5098937213216,0,0,0,0,0,0,0,0,0,0,0,0,0,0,0,0,0,3.78515039123065,0,0,0,0,0,0,0,0,0,0,0,0,0,0,3.89639764971438,0,5.71453277177589,0,0,0,0,0,0,0,5.80918899557209,5.5969775468111,0,0,0,0
0,0,0,0,0,0,0,0,0,0,0,0,0,0,0,0,0,0,0,0,0,0,0,0,0,0,0,0,0,0,0,0,4.71811334493802,11.7204854864823,15.4038004875183,3.28326647411021,3.88227854332616,30.7674388885498,0,0,0,0,0,0,0,0,0,8.08673387908935,27.1943092346191,0,0,0,0,0,0,0,0,0,0,0,0,0,0,0,0,0,0,0,0,0,0,0,0,0,5.55913651207949,10.0955687809375,8.33969058281134,2.79938874925886,5.9782236083215,4.1161295334785,34.2461366653442,0,4.57372774435661,0,0,0,0
0,0,0,0,0,0,0,0,0,0,0,0,0,0,0,0,0,0,0,0,0,0,0,0,0,0,0,0,0,0,0,4.71811334493802,0,8.43257104025947,6.38078276690315,0,3.38550644773041,0,0,0,0,0,0,0,0,0,0,6.75600817967387,7.35498046875,10.1614807446798,0,0,0,0,0,0,0,0,0,0,0,0,0,0,0,0,0,0,0,0,0,0,0,0,7.19276998124097,7.22132469211104,18.7768765687943,3.42773777452008,19.324135652229,4.71367551271732,32.9141006469727,0,7.08455088652019,0,0,0,0
0,0,0,0,0,0,0,0,0,0,0,0,0,0,0,0,0,0,0,0,0,13.867307472229,0,13.5940191745758,0,0,0,0,0,0,0,11.7204854864823,8.43257104025947,0,6.02017332312821,4.29706316822211,0,5.44561355788501,7.57851502702043,0,0,0,0,0,0,0,0,8.20167944648049,19.3123502731323,0,0,0,0,0,0,0,0,0,0,0,0,0,0,0,0,0,12.9113735198975,0,0,0,0,0,0,0,18.4416672043462,18.8839964866638,6.60015457593117,5.61145331022635,7.4439325845051,0,6.25456314013975,16.9501776662591,5.66058788218173,5.40791143689837,0,0,0
0,0,0,0,0,0,0,0,0,0,0,0,0,0,0,0,0,0,0,0,0,0,0,0,0,0,0,0,0,0,0,15.4038004875183,6.38078276690315,6.02017332312821,0,0,3.786608436393,6.23618832701131,4.15547007232755,0,0,0,0,0,0,0,0,4.66485555383499,4.28546774010909,14.7750926017761,0,0,0,0,0,0,0,0,0,0,0,0,0,0,0,0,0,0,0,0,0,0,0,0,19.9695555438166,12.6950772772721,8.26576424579122,5.03838786909355,19.8880126476288,8.89586368537048,14.1232725923047,6.31932678959185,5.26098532365881,7.31702136993408,0,0,0
0,0,0,0,0,0,0,0,0,0,0,4.89468161876385,0,0,0,0,0,0,81.4987754821777,4.17346420806387,0,0,0,0,0,0,0,0,0,0,0,3.28326647411021,0,4.29706316822211,0,0,4.78500511569362,5.37086438931466,0,10.4442448616028,4.97793893814087,0,0,0,0,21.0132703240036,0,7.76187514149865,11.5759767770767,14.3094081878662,0,0,0,0,0,0,0,20.0983332565853,0,19.1469771067301,0,0,10.9818851757312,0,0,0,0,0,0,0,35.7682876586914,0,33.8754196166992,0,5.60435439099511,0,3.89845159237201,0,6.22477147969179,4.95656290837532,8.82265020434449,0,4.86452041486314,2.96497464179993,14.2346291627203,0,0
0,0,32.2148666381836,0,0,0,0,0,0,0,3.43940706449012,0,0,0,0,0,0,0,0,0,3.83914500229231,0,0,0,0,0,0,0,0,0,0,3.88227854332616,3.38550644773041,0,3.786608436393,4.78500511569362,0,0,4.91702290954435,0,18.603230080706,0,43.0410873413086,0,0,0,20.9001300811768,7.20890796475294,22.750039971905,0,0,0,0,0,0,0,7.15573849100055,0,0,0,0,0,0,5.71637465164926,0,0,0,0,0,0,0,0,0,0,5.40473177872206,4.18820870145876,0,4.72683207603373,4.30398296884128,5.15308736117022,0,5.7673872868121,5.76712236504762,4.01747608184814,21.0691161120116,0,0
0,16.759493721856,0,0,0,0,0,0,0,9.64419318040212,0,4.3315617764643,0,0,0,0,0,0,0,4.81198385118801,0,4.37938049342181,0,4.16353192162462,0,0,0,3.70108377284512,0,3.7525127345118,0,30.7674388885498,0,5.44561355788501,6.23618832701131,5.37086438931466,0,0,4.54450680864112,0,0,9.47023137410482,0,0,0,0,0,9.94415404738449,0,5.81608708402052,0,0,0,0,0,7.44840673685074,0,4.80705115202472,0,0,0,0,5.35236423246322,0,4.61026592272908,0,4.8820983372002,0,0,0,3.95355352068442,0,3.67153585630021,0,33.2246543036567,0,11.5689082464834,5.77311631070068,6.39648705416238,0,5.01533189370932,6.14687967050762,5.12420365792357,6.52584656956908,6.13083031477518,0,0
16.7979707717896,0,0,0,0,0,0,0,5.47803315056695,0,4.54449512810763,0,0,0,0,0,0,0,0,0,4.88688490698414,0,4.18907797744042,16.6346797943115,4.20062050206701,0,0,0,3.32902706250912,0,4.5098937213216,0,0,7.57851502702043,4.15547007232755,0,4.91702290954435,4.54450680864112,0,0,0,0,3.31916526158651,0,0,0,0,5.10995832078972,6.26605516666641,0,0,0,0,0,8.3244697912365,0,5.18848034922455,0,0,0,0,0,0,5.18959013393947,0,5.31230897328151,0,5.28147469826464,0,5.66563868522644,0,3.59151554107666,0,5.48215010144689,0,0,9.84844983418783,4.20698757043907,0,6.53864665719291,5.76759216158448,4.8707889289643,4.23689321181795,3.85764396334269,5.25952214059376,0,0
0,30.3976173400879,0,27.5161209106445,0,0,0,0,0,0,0,0,0,0,0,0,68.8937342026654,52.7975960540771,40.8346525672432,0,0,0,0,0,0,0,0,0,0,0,0,0,0,0,0,10.4442448616028,0,0,0,0,65.1263821919759,19.6937265600513,54.3802648845472,29.8350063821544,0,12.2412352511777,25.3122218132019,0,0,19.2750573394063,0,0,0,0,0,0,37.9341735839844,28.3298835372925,0,32.6475513458252,0,0,13.9194112112445,95.4749526977539,0,0,0,0,0,0,39.3258476257324,0,36.9773133141654,0,0,0,0,0,17.3302508194086,70.7104517618815,25.3209992285286,0,33.0280281912606,0,12.0054217157603,25.7593215062068,50.053882598877
22.9686183929443,0,35.6882916556464,62.0780830383301,0,0,0,0,26.3496761322021,0,0,0,0,0,0,0,55.1703503446759,58.8989970533154,39.1545035851325,0,0,0,0,0,0,0,0,0,0,0,0,0,0,0,0,4.97793893814087,18.603230080706,0,0,65.1263821919759,0,58.5792332401982,20.1503130419088,39.8060087981047,30.1222283045451,62.0511283874512,15.0326290835666,40.777668317159,8.9244376004575,73.2339706420898,0,0,0,0,0,0,40.4242188135783,60.7152154710558,39.7971534729004,0,0,0,68.708366394043,5.18071382651057,0,0,0,0,0,0,0,0,84.6641712188721,14.495210647583,0,0,0,0,75.9574231234464,9.21145108231098,80.3773999895368,14.6503871698533,26.8018920205888,0,21.1653026495635,59.4630419413249,38.41630891312
0,23.3668684593696,0,18.9927144161491,0,0,0,0,0,18.10218334198,0,0,0,0,0,0,54.8345280900786,42.3532625436783,36.4744174564326,0,0,0,0,0,0,0,0,0,0,0,0,0,0,0,0,0,0,9.47023137410482,0,19.6937265600513,58.5792332401982,0,28.3348513261407,24.8699610710144,0,20.4607776072469,57.5706468423208,19.3314950466156,0,11.7442005975979,0,0,0,0,0,22.5235856374105,0,18.5477614662586,0,26.1401026248932,0,38.0380811691284,22.1284768865743,57.9543296269008,0,0,0,0,0,0,19.5242649078369,0,18.3481944977442,0,0,0,0,0,22.2573207339861,57.3603999372842,26.2239692887816,50.2442677815755,17.2362284377057,0,15.9926595491717,13.0066007803071,39.0389156341553
20.5378198906927,0,27.5448179181838,0,49.2958526611328,0,0,0,28.672087260655,0,0,0,0,0,0,0,46.5376334623857,57.6929333530255,38.8609248570033,0,0,0,0,0,0,0,0,0,0,0,0,0,0,0,0,0,43.0410873413086,0,3.31916526158651,54.3802648845472,20.1503130419088,28.3348513261407,0,34.0296813861744,23.027533531189,41.8768323262533,29.4703375357216,41.2837094016697,18.719480110753,90.532470703125,52.1303443908691,0,0,0,22.7147216796875,0,40.478685429891,45.3379447937012,0,0,0,0,68.6852607727051,23.7584153798621,0,0,0,0,0,0,0,0,48.7174201011658,0,0,0,0,0,58.7682818537173,22.243494698637,59.1940969987349,44.5116028547287,13.9134405129777,0,16.2819513532598,57.3956642150879,6.91483786116856
0,0,0,0,0,0,0,0,0,0,0,0,0,0,0,0,37.0351734161377,36.0537630227896,21.8199914758856,0,0,0,0,0,0,0,0,0,0,0,0,0,0,0,0,0,0,0,0,29.8350063821544,39.8060087981047,24.8699610710144,34.0296813861744,0,0,21.083724187768,40.1784492492676,0,0,27.477391242981,0,0,0,0,0,0,0,29.8963158925374,0,0,0,0,26.2001857757568,34.8938550949097,0,0,0,0,0,0,0,0,37.1551666259766,0,0,0,0,0,33.3583170572917,46.3184135578297,42.7237731388637,0,24.1902847290039,0,26.5557215502768,22.1877603530884,27.043380355835
0,0,0,0,0,0,0,0,0,0,0,0,0,0,0,0,25.3942279815674,0,15.8742803573608,0,0,0,0,0,0,0,0,0,0,0,0,0,0,0,0,0,0,0,0,0,30.1222283045451,0,23.027533531189,0,0,0,20.2648950219154,0,47.5086479187012,0,0,0,0,0,0,0,0,0,0,0,0,0,0,28.7271327972412,0,0,0,0,0,0,0,0,0,0,0,0,0,0,0,27.1789945642999,0,24.3027439117432,16.0102533764309,0,15.8436088562012,0,0
0,16.3339383655124,87.9046020507812,10.9556635806435,0,0,0,0,0,0,0,0,0,0,0,0,58.1025683085124,46.5923793441371,27.9019409121384,0,0,0,0,0,0,0,0,0,0,0,0,0,0,0,0,21.0132703240036,0,0,0,12.2412352511777,62.0511283874512,20.4607776072469,41.8768323262533,21.083724187768,0,0,40.2030434679629,34.7624588012695,0,21.1551595330238,0,0,0,0,0,0,41.9208709716797,23.4270356615812,0,28.5003476576372,0,0,15.8834045422127,96.964729309082,0,0,0,0,0,0,0,0,35.7250665823619,0,0,0,0,0,18.251505650474,77.5021953582764,20.4285564546495,69.8004379272461,21.3174255356058,0,20.3559328477931,26.9813354492188,60.4361625671387
0,0,18.2102958361308,0,0,0,0,0,0,0,0,0,0,0,0,0,57.0036337716239,55.9783251532193,35.0930881361808,0,0,0,0,0,0,0,0,0,0,0,0,0,0,0,0,0,20.9001300811768,0,0,25.3122218132019,15.0326290835666,57.5706468423208,29.4703375357216,40.1784492492676,20.2648950219154,40.2030434679629,0,36.048176574707,25.8289872505815,0,23.9225664138794,0,0,0,0,0,21.2025857699119,41.2797466077303,21.3043270111084,0,0,0,41.4537041608025,8.15937211361586,0,0,0,0,0,0,0,0,78.4492492675781,0,0,0,0,0,63.3502330780029,11.5077896760761,69.4215997695923,11.5772408992052,22.6208156547924,0,17.7028604929522,0,41.3118622189476
0,29.9557902812958,31.8443990434919,0,41.4857711791992,0,0,0,0,26.7743701934814,0,0,0,0,0,0,0,0,69.0032196044922,0,0,0,0,0,0,0,0,0,0,0,0,8.08673387908935,6.75600817967387,8.20167944648049,4.66485555383499,7.76187514149865,7.20890796475294,9.94415404738449,5.10995832078972,0,40.777668317159,19.3314950466156,41.2837094016697,0,0,34.7624588012695,36.048176574707,0,6.54988318494989,12.2522284058249,0,0,0,0,0,0,40.4574897402809,0,0,0,0,0,0,43.5499382019043,0,0,0,0,0,0,18.4759788513184,0,15.4382066726685,0,8.23919270742823,8.82759998026101,8.72997828660327,5.14107978927986,10.5255058165268,6.64367619313692,12.9271941745041,8.20624754943375,7.17524485287798,8.88359014193217,15.199858268102,0,0
8.00231648553059,0,22.1886017695069,0,40.9650001525879,0,0,0,10.1994948916965,0,0,0,0,0,0,0,0,50.9802360534668,54.075853729248,0,0,0,5.32201130547613,0,10.3826224644979,0,0,0,0,0,0,27.1943092346191,7.35498046875,19.3123502731323,4.28546774010909,11.5759767770767,22.750039971905,0,6.26605516666641,0,8.9244376004575,0,18.719480110753,0,47.5086479187012,0,25.8289872505815,6.54988318494989,0,13.7896220833063,0,0,0,0,7.28397507137722,0,28.4010777265123,83.8131790161133,3.93740767666272,0,2.92259594372341,0,0,28.7512815793355,0,4.99728658542659,0,5.02360355894444,0,5.07203128590303,0,4.27127377351125,0,6.83229046314955,20.2058143343244,5.01228156685829,20.1109415054321,2.94497048854828,22.8703347190482,13.9463605007221,25.5833015441895,5.64341832684079,14.3052207215484,0,13.9001557495523,0,17.5695335524423
0,17.1040746135044,43.593433380127,8.90628202052056,0,0,0,0,0,8.23182169596354,0,0,0,0,0,0,72.2932090759277,62.2972061157227,47.0660729181199,0,0,4.30066862313644,0,0,0,0,0,0,0,0,0,0,10.1614807446798,0,14.7750926017761,14.3094081878662,0,5.81608708402052,0,19.2750573394063,73.2339706420898,11.7442005975979,90.532470703125,27.477391242981,0,21.1551595330238,0,12.2522284058249,13.7896220833063,0,0,0,0,0,0,7.66241333030519,0,7.17156773532203,0,6.46193033761352,0,7.08539690357624,31.8742376963298,0,5.87325262000458,0,3.8851557970047,0,4.28803545573972,0,6.39140629768372,0,8.04221409109621,0,7.23350251804699,11.1986536681652,15.5583567619324,12.3230662345886,8.24791069165293,0,7.89805982764741,0,11.909270857749,0,12.753522048422,0,0
0,0,5.43286873431916,0,4.30025544533363,0,0,0,7.40018514792124,0,0,0,4.73939971362843,0,7.22173611460061,0,0,0,0,0,0,0,0,0,0,0,0,0,0,0,0,0,0,0,0,0,0,0,0,0,0,0,52.1303443908691,0,0,0,23.9225664138794,0,0,0,0,0,0,0,0,0,3.99511575087523,0,4.53878617684046,0,5.48173074902229,0,0,0,0,0,0,0,0,0,0,0,0,0,0,0,0,0,0,34.7740440368652,0,36.6424179077148,3.51055813137489,0,7.33054726335067,0,0
0,0,0,0,0,2.89316773414612,0,0,0,0,0,6.13485383987427,0,0,0,0,0,0,0,3.15128374099731,0,0,0,0,0,0,0,0,0,0,0,0,0,0,0,0,0,0,0,0,0,0,0,0,0,0,0,0,0,0,0,0,0,0,0,0,0,0,0,0,0,0,0,0,0,0,0,0,0,0,0,0,0,0,0,0,0,0,0,0,0,0,3.37274181842804,0,0,0,0
0,0,0,0,0,0,3.11876137375832,0,0,0,0,0,0,0,0,0,0,0,0,0,0,0,0,0,0,0,0,0,0,0,0,0,0,0,0,0,0,0,0,0,0,0,0,0,0,0,0,0,0,0,0,0,0,0,0,0,0,0,0,0,0,0,0,0,0,0,0,0,0,0,0,0,0,0,0,0,0,0,0,0,0,0,3.04182636855852,3.01024752855301,0,0,0
0,0,0,0,0,3.03025846481323,0,3.73674253317026,0,0,0,0,0,0,0,0,0,0,0,0,0,0,0,0,0,0,0,0,0,0,0,0,0,0,0,0,0,0,0,0,0,0,0,0,0,0,0,0,0,0,0,0,0,0,0,0,0,3.75539302695644,0,0,0,0,0,0,0,0,0,0,0,0,0,0,0,0,0,0,0,0,0,0,0,0,3.83355567455292,0,0,0,0
5.71622638320171,0,5.52513598286828,0,0,0,0,0,5.34629174409648,0,0,0,8.81954288482666,0,3.7690794467926,0,0,0,0,0,0,0,0,0,7.45382388432821,0,2.93435859680176,0,0,0,0,0,0,0,0,0,0,0,8.3244697912365,0,0,0,22.7147216796875,0,0,0,0,0,7.28397507137722,0,0,0,0,0,0,0,4.95821297168732,0,3.68243161114779,0,4.60112737178803,0,0,0,0,0,0,6.0915081889789,0,10.5569087200695,0,0,0,0,0,0,0,0,0,0,0,10.1888712568315,4.44606377232459,0,10.0884927556321,0,0
0,6.24344500945165,0,3.64378692553594,0,0,0,0,0,6.18090196089311,0,0,0,0,0,3.94299966494242,0,0,0,0,0,16.6558284759521,0,6.38148928995002,0,0,0,0,0,0,0,0,0,0,0,0,0,7.44840673685074,0,0,0,22.5235856374105,0,0,0,0,0,0,0,7.66241333030519,0,0,0,0,0,0,0,27.5794067382812,0,8.20906114578247,0,7.10208537336868,0,0,0,0,5.77115948091854,0,0,0,0,0,35.1334609985352,0,0,0,0,0,0,0,8.70114217336434,0,4.68823833018541,0,7.39773811379524,25.6440868377686,0
0,0,8.9921743285656,0,4.8926005878964,0,3.5894474686803,0,15.9929990768433,0,4.12545175476726,0,5.59165947577533,0,0,0,69.6427707672119,78.349967956543,63.6208572387695,0,4.61710749435568,0,0,0,0,0,0,0,4.51245522868726,0,3.78515039123065,0,0,0,0,0,7.15573849100055,0,5.18848034922455,37.9341735839844,40.4242188135783,0,40.478685429891,0,0,41.9208709716797,21.2025857699119,40.4574897402809,28.4010777265123,0,3.99511575087523,0,0,0,4.95821297168732,0,0,58.1046806335449,3.60068458683042,0,3.16349116615627,0,0,8.18829317411906,0,0,0,0,0,0,0,5.0258431341555,0,4.43608783935678,0,0,0,0,72.4234288533529,23.5856288420527,79.8611373901367,7.81073560662178,4.39169498113397,3.53608596665519,10.2093005239983,0,52.0685806274414
0,27.8500194549561,0,19.907584646013,0,16.7124418682522,0,4.01473967663877,0,0,0,5.4773110744565,0,4.72654512795535,0,0,58.2119795481364,44.0077286797601,38.0838059989773,3.88674613128182,0,0,0,0,0,0,0,0,0,4.3935694694519,0,0,0,0,0,20.0983332565853,0,4.80705115202472,0,28.3298835372925,60.7152154710558,18.5477614662586,45.3379447937012,29.8963158925374,0,23.4270356615812,41.2797466077303,0,83.8131790161133,7.17156773532203,0,0,0,3.75539302695644,0,27.5794067382812,58.1046806335449,0,0,4.9185126010984,0,12.7544614892257,11.4536811374539,0,0,0,0,0,0,0,5.45540456025581,0,5.34965354704088,0,0,0,0,0,24.0824566768411,61.820581817627,9.10660088954329,78.2031097412109,9.83994889061598,0,11.9091845342607,13.503673681846,0
5.2289205789566,0,9.30819884936015,0,4.14476105661103,0,3.041304063797,0,0,0,4.29014919769608,0,3.20176613643916,0,4.20214249406542,0,0,0,0,0,0,0,0,0,0,0,0,0,2.84326195716858,0,0,0,0,0,0,0,0,0,0,0,39.7971534729004,0,0,0,0,0,21.3043270111084,0,3.93740767666272,0,4.53878617684046,0,0,0,3.68243161114779,0,3.60068458683042,0,0,0,3.6610567504263,0,0,0,0,0,0,0,0,0,0,4.77704562499714,0,0,0,0,0,0,0,33.4888391494751,0,0,3.30632521083512,3.18192742899288,6.61551681641609,0,0
0,6.70141207282223,0,13.3599947377255,0,0,0,0,0,0,0,5.63218206673666,0,4.88904068437519,0,3.51342327883289,0,0,36.5507011413574,14.0045127868652,0,0,0,0,0,4.21740198135376,0,4.15047829091048,0,0,0,0,0,0,0,19.1469771067301,0,0,0,32.6475513458252,0,26.1401026248932,0,0,0,28.5003476576372,0,0,0,6.46193033761352,0,0,0,0,0,8.20906114578247,0,4.9185126010984,0,0,0,5.06289408630242,20.4389453266942,0,0,0,10.3306457996368,0,9.94035785870674,0,7.69453565090743,0,24.8209458986918,0,0,0,0,0,23.0816170828683,0,39.3579902648926,0,4.35374450378905,3.81344354278163,16.1368529016321,24.437219619751,0
3.51880672265743,0,9.37150239944458,0,6.13461981994518,0,0,0,3.81165597855099,0,0,0,5.77058865626653,0,4.00342364917845,0,6.92798757553101,0,0,0,0,0,0,0,14.3205947875977,0,0,0,0,0,0,0,0,0,0,0,0,0,0,0,0,0,0,0,0,0,0,0,2.92259594372341,0,5.48173074902229,0,0,0,4.60112737178803,0,3.16349116615627,0,3.6610567504263,0,0,0,0,0,0,0,0,0,0,0,0,0,0,0,0,0,0,0,0,0,0,0,8.26327482163906,0,7.18612949053446,0,0
0,5.33560138071577,0,8.76100107601711,0,0,0,0,0,5.12005023557351,0,0,0,3.80519913590473,0,4.54525950410393,0,0,0,0,0,0,0,7.31693957249324,0,6.4413574596621,0,0,0,0,0,0,0,0,0,0,0,0,0,0,0,38.0380811691284,0,0,0,0,0,0,0,7.08539690357624,0,0,0,0,0,7.10208537336868,0,12.7544614892257,0,5.06289408630242,0,0,23.9228992462158,0,0,0,0,0,4.46214919090271,0,0,0,36.9486980438232,0,0,0,0,0,36.5531792110867,0,24.0255603790283,0,3.8244132179963,0,17.8262423144446,0,0
0,22.9205258687337,0,20.5061964988708,0,0,0,0,0,0,0,4.52528677203439,0,0,0,0,56.2956695556641,59.6987346302379,39.2582504272461,6.21372005742067,0,0,0,0,0,0,0,0,0,0,0,0,0,0,0,10.9818851757312,0,5.35236423246322,0,13.9194112112445,68.708366394043,22.1284768865743,68.6852607727051,26.2001857757568,0,15.8834045422127,41.4537041608025,0,0,31.8742376963298,0,0,0,0,0,0,0,11.4536811374539,0,20.4389453266942,0,23.9228992462158,0,0,0,0,0,0,0,0,15.7187529910694,0,23.5752229299702,0,0,0,0,0,17.3026133417918,63.5349159240723,20.7465578020544,0,15.1800155368278,0,22.3328576347502,12.7147612571716,56.8391761779785
0,0,27.1435821706598,0,8.82095767259598,0,0,0,0,0,5.63730332499645,0,0,0,0,0,57.6453911276425,65.3093780517578,42.7163968041954,0,5.65111859923533,0,0,0,0,0,0,0,0,0,0,0,0,0,0,0,5.71637465164926,0,5.18959013393947,95.4749526977539,5.18071382651057,57.9543296269008,23.7584153798621,34.8938550949097,28.7271327972412,96.964729309082,8.15937211361586,43.5499382019043,28.7512815793355,0,0,0,0,0,0,0,8.18829317411906,0,0,0,0,0,0,0,0,0,0,0,0,0,0,16.4974214631289,0,13.063142645359,0,0,0,0,65.8005352020264,5.69573988961685,91.8486709594727,5.5898530809991,9.13087218162241,0,14.926197542644,53.8319721221924,43.0582661628723
0,0,0,0,0,0,0,0,0,0,0,0,0,0,0,0,0,0,0,0,0,4.78162418601242,4.14842187078659,6.93683258992321,0,0,0,3.66217868756025,0,0,0,0,0,0,0,0,0,4.61026592272908,0,0,0,0,0,0,0,0,0,0,0,5.87325262000458,0,0,0,0,0,0,0,0,0,0,0,0,0,0,0,6.63245887756348,7.22356612471086,0,11.9097026042316,0,6.34381831121275,0,0,0,0,0,0,0,0,0,5.143092789775,0,4.63669965013129,6.28353651832132,0,0,0
0,0,0,0,0,0,0,0,0,0,0,0,0,0,0,0,0,0,0,0,0,3.8306036670253,4.8698885516394,0,7.42245850019288,0,0,0,4.92350423966099,0,0,0,0,0,0,0,0,0,5.31230897328151,0,0,0,0,0,0,0,0,0,4.99728658542659,0,0,0,0,0,0,0,0,0,0,0,0,0,0,0,6.63245887756348,0,0,7.34369487523647,0,8.7123085363487,0,5.90781099067794,0,0,0,0,0,0,0,0,0,5.73530440705471,3.98238153921233,3.07471659183502,0,0,0
0,0,0,0,0,0,0,0,0,6.61626241349766,0,0,0,0,0,0,0,0,0,0,0,7.10984765202546,0,5.0357335743706,0,3.22517075981061,0,0,0,0,0,0,0,12.9113735198975,0,0,0,4.8820983372002,0,0,0,0,0,0,0,0,0,0,0,3.8851557970047,0,0,0,0,0,5.77115948091854,0,0,0,10.3306457996368,0,0,0,0,7.22356612471086,0,0,0,4.3304665630514,0,2.84376454353333,0,0,0,0,0,0,0,0,0,5.73341227976643,0,4.49941564030117,0,4.08939178157271,0,0
12.6105014174732,0,0,0,0,0,0,0,8.06408097754399,0,0,0,0,0,0,0,4.00584936141968,0,0,0,0,0,7.89150726428399,0,5.03016133023732,0,3.37428736686707,0,0,0,0,0,0,0,0,0,0,0,5.28147469826464,0,0,0,0,0,0,0,0,0,5.02360355894444,0,0,0,0,0,6.0915081889789,0,0,0,0,0,0,0,0,0,0,7.34369487523647,0,0,0,5.28914428920281,0,0,0,0,0,0,0,0,0,0,0,7.78885138623508,4.09784733057022,0,4.80454233102124,0,0
0,0,0,0,0,0,0,0,0,3.1184321641922,0,0,0,5.04975843429565,0,3.38816592216492,0,4.0684369632176,0,0,0,3.49882683094512,0,3.3660160203658,0,3.09718738766167,0,3.59359972817557,0,0,0,0,0,0,0,0,0,0,0,0,0,0,0,0,0,0,0,0,0,4.28803545573972,0,0,0,0,0,0,0,0,0,9.94035785870674,0,4.46214919090271,0,0,11.9097026042316,0,4.3304665630514,0,0,0,8.00152433868492,0,0,0,0,0,0,0,0,0,0,0,3.21849728705453,3.61877632141113,0,0,0
14.5884772936503,0,0,0,0,0,0,0,5.86099704783014,0,0,0,0,0,2.94444251060486,0,8.4476698451572,38.2653853098551,37.9073677062988,0,0,0,0,0,3.44141475902581,0,3.04606725074149,0,3.00479389599391,0,0,0,0,0,0,0,0,0,5.66563868522644,0,0,0,0,0,0,0,0,0,5.07203128590303,0,0,0,0,0,10.5569087200695,0,0,0,0,0,0,0,0,0,0,8.7123085363487,0,5.28914428920281,0,0,0,4.48899266476017,0,0,0,0,0,0,0,0,0,0,5.18365728726951,0,4.97094097893725,0,0
0,0,0,32.5626748402913,0,0,0,0,0,0,0,0,0,5.24882686138153,0,0,0,41.5115852355957,0,0,0,4.03047316191626,0,0,0,4.1600867573704,0,3.79293685891178,0,4.40478197607721,0,0,0,0,0,35.7682876586914,0,3.95355352068442,0,39.3258476257324,0,19.5242649078369,0,0,0,0,0,18.4759788513184,0,6.39140629768372,0,0,0,0,0,0,0,5.45540456025581,0,7.69453565090743,0,0,15.7187529910694,0,6.34381831121275,0,2.84376454353333,0,8.00152433868492,0,0,0,5.38322387851259,0,0,0,0,0,40.0169506072998,0,7.82657395040288,0,3.35971373680223,3.19633097146687,11.0560488235383,16.3976161956787,0
0,0,0,0,0,0,0,0,0,0,4.45271778106689,0,0,0,0,0,0,0,0,0,0,0,5.54497086084806,0,0,0,3.70180716881385,0,4.05253620489897,0,3.89639764971438,0,0,0,0,0,0,0,3.59151554107666,0,0,0,0,0,0,0,0,0,4.27127377351125,0,0,0,0,0,0,0,5.0258431341555,0,4.77704562499714,0,0,0,0,16.4974214631289,0,5.90781099067794,0,0,0,4.48899266476017,0,0,0,4.58083273133924,0,0,0,0,0,0,0,5.6739546632518,3.36041750036895,3.19181544380588,7.61564379930496,0,0
0,28.0143311818441,0,29.5450708140498,0,0,0,0,0,0,0,3.06674890518188,0,0,0,0,66.4853768782182,47.7506539961871,45.2572218071331,3.67736947536469,0,0,0,0,0,0,0,5.11273155893598,0,4.04289077739967,0,0,0,0,0,33.8754196166992,0,3.67153585630021,0,36.9773133141654,84.6641712188721,18.3481944977442,48.7174201011658,37.1551666259766,0,35.7250665823619,78.4492492675781,15.4382066726685,0,8.04221409109621,0,0,0,0,0,35.1334609985352,0,5.34965354704088,0,24.8209458986918,0,36.9486980438232,23.5752229299702,0,0,0,0,0,0,0,5.38322387851259,0,0,0,0,0,0,0,44.4279487291972,75.5470403035482,5.53022814828262,0,11.6525943758058,0,10.7197192534125,17.3001892140933,70.4746627807617
9.24526262283325,0,0,0,0,0,0,0,0,0,5.56250842534579,0,0,0,0,0,0,0,0,0,9.89766120910645,0,0,0,0,0,0,0,7.35480074449019,0,5.71453277177589,0,0,0,0,0,0,0,5.48215010144689,0,14.495210647583,0,0,0,0,0,0,0,6.83229046314955,0,0,0,0,0,0,0,4.43608783935678,0,0,0,0,0,0,13.063142645359,0,0,0,0,0,0,0,4.58083273133924,0,0,0,0,0,0,0,18.2566734949748,0,5.2028824071375,6.62528443336487,0,5.89822028577328,0,0
0,0,0,0,0,0,0,0,0,0,0,0,0,0,0,0,0,0,0,0,0,0,0,0,0,0,0,0,0,0,0,5.55913651207949,7.19276998124097,18.4416672043462,19.9695555438166,5.60435439099511,5.40473177872206,33.2246543036567,0,0,0,0,0,0,0,0,0,8.23919270742823,20.2058143343244,7.23350251804699,0,0,0,0,0,0,0,0,0,0,0,0,0,0,0,0,0,0,0,0,0,0,0,0,0,18.2201421224327,12.1647344658427,25.4891993999481,6.43900379646515,14.0734998096119,25.8572967847188,0,6.3769879847765,0,0,0,0
0,0,0,0,0,0,0,0,0,0,0,0,0,0,0,0,0,0,0,0,0,0,0,0,0,0,0,0,0,0,0,10.0955687809375,7.22132469211104,18.8839964866638,12.6950772772721,0,4.18820870145876,0,0,0,0,0,0,0,0,0,0,8.82759998026101,5.01228156685829,11.1986536681652,0,0,0,0,0,0,0,0,0,0,0,0,0,0,0,0,0,0,0,0,0,0,0,0,18.2201421224327,0,19.8279573917389,4.44395983070753,21.0286190072387,4.93659561947931,0,0,6.11099647891288,0,0,0,0
0,0,0,0,0,0,0,0,0,0,0,0,0,0,0,0,0,0,0,0,0,0,0,0,0,0,0,0,0,0,0,8.33969058281134,18.7768765687943,6.60015457593117,8.26576424579122,3.89845159237201,0,11.5689082464834,9.84844983418783,0,0,0,0,0,0,0,0,8.72997828660327,20.1109415054321,15.5583567619324,0,0,0,0,0,0,0,0,0,0,0,0,0,0,0,0,0,0,0,0,0,0,0,0,12.1647344658427,19.8279573917389,0,7.89488173668917,7.24198674413024,0,7.62328915438337,17.2649890268353,4.6353692687177,7.28008902072906,0,0,0
0,0,0,0,0,0,0,0,0,0,0,0,0,0,0,0,0,0,0,0,0,0,0,0,0,0,0,0,0,0,0,2.79938874925886,3.42773777452008,5.61145331022635,5.03838786909355,0,4.72683207603373,5.77311631070068,4.20698757043907,0,0,0,0,0,0,0,0,5.14107978927986,2.94497048854828,12.3230662345886,0,0,0,0,0,0,0,0,0,0,0,0,0,0,0,0,0,0,0,0,0,0,0,0,25.4891993999481,4.44395983070753,7.89488173668917,0,21.0760283470154,6.65269407897043,11.1997891344675,5.03367928543091,5.05556618351225,3.99926641583443,12.1761922836304,0,0
0,28.7693356965718,93.1999206542969,30.8569633960724,0,0,0,0,0,0,0,5.27750521068332,0,0,0,0,65.736165026401,54.7094574998065,43.4325863623123,5.30919984844624,0,0,0,0,0,0,0,0,0,0,0,5.9782236083215,19.324135652229,7.4439325845051,19.8880126476288,6.22477147969179,4.30398296884128,6.39648705416238,0,17.3302508194086,75.9574231234464,22.2573207339861,58.7682818537173,33.3583170572917,0,18.251505650474,63.3502330780029,10.5255058165268,22.8703347190482,8.24791069165293,0,0,0,0,0,0,72.4234288533529,24.0824566768411,0,23.0816170828683,0,36.5531792110867,17.3026133417918,65.8005352020264,0,0,0,0,0,0,40.0169506072998,0,44.4279487291972,0,6.43900379646515,21.0286190072387,7.24198674413024,21.0760283470154,0,45.190247048272,8.78917060648359,88.4071426391602,10.2605846432188,0,21.344995780333,24.0365976700416,59.8452875349257
27.198205947876,0,34.2177041027997,0,0,0,0,0,36.4175262451172,0,4.17873837752614,0,0,0,0,0,58.4229272740488,64.8362320913395,43.7379288739081,0,4.34431967606027,0,0,0,0,0,0,0,0,0,0,4.1161295334785,4.71367551271732,0,8.89586368537048,4.95656290837532,5.15308736117022,0,6.53864665719291,70.7104517618815,9.21145108231098,57.3603999372842,22.243494698637,46.3184135578297,27.1789945642999,77.5021953582764,11.5077896760761,6.64367619313692,13.9463605007221,0,34.7740440368652,0,0,0,0,0,23.5856288420527,61.820581817627,33.4888391494751,0,0,0,63.5349159240723,5.69573988961685,0,0,0,0,0,0,0,0,75.5470403035482,18.2566734949748,14.0734998096119,4.93659561947931,0,6.65269407897043,45.190247048272,0,82.5504353841146,7.77662581580806,7.96967209331669,0,16.734595071397,51.4579917907715,37.81881811034
0,30.6643657684326,0,31.9451353285048,0,0,0,0,0,10.9306465474042,0,4.5865918350385,0,0,0,0,67.4523170626893,53.0635051409404,46.463197964303,4.4648997594382,0,5.31161896177452,0,5.40202646704424,0,0,0,6.31885025942767,0,4.73769357072414,0,34.2461366653442,32.9141006469727,6.25456314013975,14.1232725923047,8.82265020434449,0,5.01533189370932,5.76759216158448,25.3209992285286,80.3773999895368,26.2239692887816,59.1940969987349,42.7237731388637,0,20.4285564546495,69.4215997695923,12.9271941745041,25.5833015441895,7.89805982764741,0,0,0,0,0,8.70114217336434,79.8611373901367,9.10660088954329,0,39.3579902648926,0,24.0255603790283,20.7465578020544,91.8486709594727,5.143092789775,0,5.73341227976643,0,0,0,7.82657395040288,0,5.53022814828262,0,25.8572967847188,0,7.62328915438337,11.1997891344675,8.78917060648359,82.5504353841146,0,10.3743325784093,10.2814216138984,7.49073749043968,17.551708081524,22.6493519514035,58.3801744249132
0,0,28.6278223310198,0,0,0,0,0,12.1025806544702,0,6.40826023105652,0,0,0,0,0,63.1944007873535,84.4046325683594,50.3712777357835,0,5.51383671998978,0,4.9147960552491,21.0381202697754,6.81765977897454,0,0,0,7.07990625545698,0,5.80918899557209,0,0,16.9501776662591,6.31932678959185,0,5.7673872868121,6.14687967050762,4.8707889289643,0,14.6503871698533,50.2442677815755,44.5116028547287,0,24.3027439117432,69.8004379272461,11.5772408992052,8.20624754943375,5.64341832684079,0,36.6424179077148,0,0,0,10.1888712568315,0,7.81073560662178,78.2031097412109,0,0,0,0,0,5.5898530809991,0,5.73530440705471,0,7.78885138623508,0,0,0,5.6739546632518,0,5.2028824071375,0,0,17.2649890268353,5.03367928543091,88.4071426391602,7.77662581580806,10.3743325784093,0,5.25693221828017,4.01380731789349,11.5251325449807,0,20.0754728317261
