0,0,4.00938809376497,0,0,0,0,0,4.34505543677635,0,0,0,0,0,0,0,0,0,15.4859615008036,0,0,0,0,0,8.01586961746216,0,0,0,0,0,0,0,0,0,0,0,0,43.9240709940592,0,0,22.4338506062826,58.437801361084,20.350019468056,0,0,0,15.5163040161133,37.2437629699707,12.7395291643547,45.0503109523228,0,0,0,0,4.53162533229923,56.0977363586426,28.8681659698486,0,0,0,6.2438591836573,0,0,24.2753400802612,0,0,0,7.17014026641846,0,0,0,0,0,49.7710735321045,0,0,46.074369430542,0,0,30.7925372760966,46.462757804177,38.3360598714728,20.0957618844356,0,11.9834189235884,0,10.095085144043
0,0,0,5.37639950960875,0,20.677191734314,0,0,0,5.60623284914431,0,0,0,0,0,3.63741132191249,0,0,86.4609848022461,0,0,0,75.4759521484375,0,0,0,0,0,0,0,0,0,0,0,0,0,0,21.3426688058036,51.8524987357003,61.5922109163724,106.092834472656,25.1262877629772,46.912036895752,0,0,79.3594741821289,0,30.9475206487319,48.9827461242676,17.8382634840747,0,20.8840084075928,0,0,0,5.14332841202185,0,15.3053848402841,0,0,0,5.55802488327026,33.4121880531311,0,0,0,8.50413632392883,0,0,0,20.1824789047241,0,16.6723442937507,0,0,0,0,0,46.9067024904139,139.768005371094,25.5585763295492,45.543258190155,14.2269764954823,83.8648020426432,13.7241401090528,0,0
4.00938809376497,0,0,0,4.96955621242523,0,0,0,4.44077888131142,0,0,0,0,0,0,0,60.7582912445068,0,60.5014317830404,0,11.8487651531513,0,0,0,0,0,0,0,0,0,0,0,0,0,0,0,21.2308713739569,0,29.7484188079834,0,30.3862572933765,75.6395874023438,33.575010572161,0,0,0,29.7221495310466,49.1011106317694,25.9731217913267,36.2869707743327,2.72296643257141,0,0,0,4.57487034797668,0,3.82953941822052,0,5.14431708057721,0,6.09579907881247,0,0,9.24077244960901,0,0,0,0,0,0,0,0,0,31.0017210642497,0,0,0,51.0455560684204,0,22.2206533639006,0,42.0869087806115,16.2197210553666,32.6407928466797,22.7221686478817,0,13.8080434799194
0,5.37639950960875,0,0,0,10.3323636982176,0,80.9637451171875,0,7.00639411022789,0,23.175313949585,0,0,0,0,0,68.5270042419434,51.1982207298279,13.8228244781494,0,0,0,0,0,0,0,0,0,0,0,0,0,0,0,48.8137397766113,0,42.8349800109863,0,31.0832595825195,0,28.6272219893753,55.7333164215088,0,0,22.6873565673828,0,46.0273692482396,27.5434322357178,17.8650713424898,0,16.9304180542628,0,0,0,5.0828723694597,0,5.8086951924951,0,4.85766982268064,0,5.69572651263365,18.8941316604614,0,0,0,0,0,0,0,0,0,30.2373465583438,0,0,0,50.8719418843587,0,40.7783633338081,73.1759872436523,55.6761771308051,62.1114273071289,17.0076280136108,40.4443031311035,13.6927306659394,22.0723867416382,0
0,0,4.96955621242523,0,0,0,5.5624902009964,0,3.09154266324537,0,0,0,3.58064426767065,0,3.33339860325768,0,0,0,0,0,10.2481383809856,0,0,0,0,0,0,0,0,0,0,0,0,0,0,0,0,0,0,0,0,0,38.2029710497175,0,0,0,0,42.4761524200439,40.6731745402018,0,4.05051307802255,0,4.00358211994171,0,3.16614449435267,0,0,0,3.96056185828315,0,3.23575061957041,0,0,10.2100499551507,0,0,0,0,0,0,0,0,0,0,0,0,0,0,0,29.6151642799377,0,35.091326713562,4.41896848781134,32.6954917907715,22.6275118721856,0,0
0,20.677191734314,0,10.3323636982176,0,0,0,3.64316521464167,0,0,0,3.97037270069122,0,3.54458284378052,0,2.95597032705943,0,0,0,7.3658985338713,0,0,0,0,0,0,0,0,0,0,0,0,0,0,0,0,0,0,0,0,0,30.7363939285278,0,0,0,0,0,0,0,18.5650809605916,0,3.92969857050678,0,3.50583091378212,0,17.2998025417328,0,4.45620822906494,0,3.25874311190385,0,2.83688795566559,5.7437063512348,0,0,0,0,0,0,0,0,0,0,0,0,0,58.7810668945312,0,31.9573392868042,0,0,0,4.37607896208763,0,7.11479058632484,0,0
0,0,0,0,5.5624902009964,0,0,0,0,0,3.12841030529567,0,3.31862750318315,0,0,0,0,0,0,0,6.48553943634033,0,0,0,0,0,0,0,0,0,0,0,0,0,0,0,0,0,0,0,0,0,53.3913917541504,0,0,0,0,0,53.6156845092773,0,5.82891384884715,0,3.09147636365082,0,0,0,4.57177607218425,0,3.35908983325958,0,0,0,0,5.98254251480103,0,0,0,0,0,0,0,0,0,0,0,0,0,0,0,0,0,0,6.42090635464109,3.69574892520905,25.9738746285439,0,0
0,0,0,80.9637451171875,0,3.64316521464167,0,0,0,0,0,4.57516229152679,0,4.44034439987606,0,0,0,0,0,5.53388963426862,0,0,0,0,0,0,0,0,0,0,0,0,0,0,0,12.5987024307251,0,0,0,0,0,0,0,0,0,0,0,0,0,0,0,3.04851751327515,0,3.58440161780052,0,18.3602848052979,0,4.06672132716459,0,3.3010368347168,0,28.989143371582,5.47832506895065,0,0,0,0,0,0,0,0,0,0,0,0,0,61.8983612060547,0,16.8218612670898,0,0,0,4.62182043107708,0,17.3975049257278,0,0
4.34505543677635,0,4.44077888131142,0,3.09154266324537,0,0,0,0,0,0,0,0,0,3.1273495641987,0,9.06408664158412,0,0,0,12.6023068274221,0,0,0,4.8165704936124,0,3.08537224133809,0,0,0,0,0,0,0,0,0,0,46.9460144042969,8.83523271624881,0,33.0067036946615,61.1368980407715,15.1811476804086,0,0,0,0,33.0465349469866,14.1234749503758,45.4828118218316,0,0,0,0,6.26570987701416,0,30.3307952880859,0,18.1253051757812,0,3.67242371941744,0,0,11.6202813316794,0,0,0,8.82803821563721,0,2.9760343347277,0,0,0,0,0,0,41.2472448348999,0,0,34.8119436899821,43.0299107687814,8.29752885914284,8.24945558638331,8.91041864874613,14.8521825364817,0,12.9367794036865
0,5.60623284914431,0,7.00639411022789,0,0,0,0,0,0,0,0,0,0,0,4.23584299478958,0,6.18825817108154,9.48114363352458,0,0,0,62.5691299438477,8.24368604369785,0,0,0,0,0,0,0,0,0,0,0,0,0,9.08562019182288,43.6301193237305,80.1224060058594,0,28.4748568241413,54.8609657287598,0,0,0,0,28.5202458699544,46.0633270263672,23.9555869181951,0,0,0,0,0,4.68668154095919,0,31.6087627410889,0,0,0,6.46580307483673,24.6104869842529,0,0,0,4.75495805958201,0,0,0,0,0,32.6105690002441,0,0,0,31.2241903940837,0,39.6694820110614,0,10.5189579417629,49.8704376220703,7.77796116447557,5.61641542193217,12.9615214463203,19.1371173858643,0
0,0,0,0,0,0,3.12841030529567,0,0,0,0,0,3.2141750014385,0,0,0,0,0,0,0,5.67290529792691,0,0,0,0,0,0,0,3.96422982960939,0,6.80237747828166,0,0,0,0,0,5.82235437393188,0,4.45722796753823,0,0,0,0,0,0,0,0,0,0,0,0,0,2.9279388487339,0,0,0,4.7501988520805,0,3.35173059384222,0,0,0,0,6.17877312789756,0,0,0,0,0,0,0,0,0,7.08105127985884,0,0,0,0,0,5.75561699732928,0,4.68389683788319,4.43671734302075,0,9.174587561534,0,0
0,0,0,23.175313949585,0,3.97037270069122,0,4.57516229152679,0,0,0,0,0,3.91954927089123,0,0,0,0,0,4.74518089051974,0,0,0,0,0,0,0,4.35197308328417,0,5.95247439543406,0,0,0,0,0,4.0836878377741,0,5.45278252693653,0,0,0,12.7940502166748,0,0,0,0,0,0,0,0,0,0,0,3.85832318200005,0,0,0,4.94962895770593,0,3.26019478434383,0,0,5.78609205159274,0,0,0,0,0,0,0,3.4627001815372,0,4.69227383726387,0,0,0,0,0,4.64343504180079,0,5.19074948683091,0,4.84213641222786,0,9.13461234019353,0,0
0,0,0,0,3.58064426767065,0,3.31862750318315,0,0,0,3.2141750014385,0,0,0,3.07562529819983,0,0,0,0,0,0,0,0,0,0,0,0,0,3.57714837850984,0,0,0,0,0,0,0,0,0,0,0,0,0,0,0,0,0,0,0,0,0,3.90037288930681,0,3.59132246176402,0,0,0,3.31711347118702,0,3.06529119448228,0,3.06381531442915,0,0,0,0,0,0,0,0,0,0,3.59161940742941,0,0,0,0,0,0,0,0,0,0,3.27903006783682,3.59199145317078,0,0,0
0,0,0,0,0,3.54458284378052,0,4.44034439987606,0,0,0,3.91954927089123,0,0,0,3.63236357509226,0,0,0,0,0,0,0,0,0,7.28485631942749,0,4.91977906588352,0,3.17400080570276,0,0,0,0,0,0,0,0,0,0,0,0,0,0,0,0,0,0,0,0,0,0,0,3.46204125439679,0,0,0,3.506873871947,0,3.31741285104103,0,3.65964463348977,0,0,0,0,0,0,0,0,4.774075642438,0,3.69269369306235,0,0,0,0,0,0,0,0,0,4.26555797830224,5.4681213537852,0,0,0
0,0,0,0,3.33339860325768,0,0,0,3.1273495641987,0,0,0,3.07562529819983,0,0,0,4.49839162826538,0,0,0,0,0,0,0,0,0,4.2460622517104,0,0,0,0,0,0,0,0,0,0,0,0,0,0,0,0,0,0,0,0,0,0,0,3.34354652298821,0,0,0,2.98632551547344,0,0,0,3.13190384449497,0,3.31554643064737,0,0,0,0,0,0,0,0,0,0,0,0,0,0,0,0,0,0,0,0,0,3.29417917945168,0,0,0,0
0,3.63741132191249,0,0,0,2.95597032705943,0,0,0,4.23584299478958,0,0,0,3.63236357509226,0,0,0,4.03524997417743,0,0,0,15.3374452590942,0,6.45477003800242,0,4.28017695744832,0,3.10205148556911,0,0,0,0,0,0,0,0,0,0,0,0,0,0,0,0,0,0,0,0,0,0,0,3.37099146842957,0,0,0,3.64809497849591,0,0,0,3.83968281745911,0,3.82335903094365,0,0,0,0,6.09774612245106,0,0,0,3.47521770000458,0,0,0,0,0,0,0,0,0,0,0,6.99816224791787,5.23630316752308,0,0,0
0,0,60.7582912445068,0,0,0,0,0,9.06408664158412,0,0,0,0,0,4.49839162826538,0,0,17.5398746512579,22.7953959107904,0,0,0,5.08091332695701,0,6.63016594106501,0,4.35850835981823,0,0,0,0,0,0,0,0,82.7248611450195,0,0,64.4813976287842,62.1114743291115,57.2175965525887,60.3167383588594,53.7144696154998,0,0,0,53.3738442375546,71.6592779159546,62.3527791640338,69.0188655853271,0,0,0,0,8.27425514567982,0,64.0186862945557,95.5626907348633,63.6913690567017,0,73.9264793395996,84.3498001098633,73.0784055164882,62.809614944458,0,7.16609520003909,0,10.1336124020238,0,0,0,0,84.97682762146,58.314393120843,0,0,0,57.8979949951172,72.2218733989831,62.2776519878491,69.736090631196,58.7063298923576,15.2628076254468,7.59223178131046,55.0487667601786,0,70.8838272094727
0,0,0,68.5270042419434,0,0,0,0,0,6.18825817108154,0,0,0,0,0,4.03524997417743,17.5398746512579,0,20.3759642772675,0,0,6.40825216941412,0,7.13200593498746,0,4.39764521931027,0,4.00904868330274,0,0,0,0,0,0,0,75.1786804199219,0,0,0,55.7335445942023,60.8766050338745,54.2925972396028,65.7399879830783,0,0,56.9167831965855,57.1238555908203,60.6800971984863,63.8627185821533,69.3789438520159,0,0,0,0,0,0,58.8233985900879,69.5254592895508,0,69.6647644042969,0,4.85692843422294,63.5438487906205,60.6857719421387,5.19895088195801,0,9.89871454238892,0,3.01101647339005,0,2.73268842697144,0,71.4640199116298,68.4569711685181,0,0,0,0,65.5232155253586,66.5678558349609,62.9720277854865,66.9131905826521,11.5941598141118,6.57514877681101,55.6628042887715,69.2373046875,64.6416969299316
15.4859615008036,86.4609848022461,60.5014317830404,51.1982207298279,0,0,0,0,0,9.48114363352458,0,0,0,0,0,0,22.7953959107904,20.3759642772675,0,0,0,0,0,8.30008912086487,0,0,0,0,0,0,0,0,0,54.6717720031738,0,50.7591140053489,0,49.1303379058838,0,42.3003359768126,39.8312037058784,36.5836933938468,45.5061920218427,0,0,49.9057214101156,32.5785457158493,55.799087199759,53.1366500854492,53.6794616297672,45.343204498291,0,0,0,50.9521003723145,85.7346458435059,56.0266750653585,52.0556165907118,63.5509122212728,44.4651107788086,56.2277472813924,0,44.7552055177234,44.6603101647419,0,0,0,0,0,0,0,0,34.5344514493589,44.9150112030354,0,0,48.2129203796387,63.1573057174683,43.6967190538005,44.8553432260521,37.3388575415009,51.3392337977722,17.3261802981924,41.9667755005852,33.670721224272,93.6081314086914,38.1741747174944
0,0,0,13.8228244781494,0,7.3658985338713,0,5.53388963426862,0,0,0,4.74518089051974,0,0,0,0,0,0,0,0,0,0,0,0,0,0,0,0,0,0,0,0,0,0,0,4.96478439406822,0,6.65897194862366,0,0,0,27.489090832797,0,0,0,0,0,47.7053260803223,0,29.2744060516357,0,5.7635596715487,0,4.10938334465027,0,13.4245647083629,0,4.56713814658915,0,18.8594741821289,0,0,5.2639232362067,0,0,0,0,0,0,0,0,0,0,0,0,0,0,0,6.23281913323836,0,9.24303550084432,0,8.04103111422233,0,10.0969176590443,28.3223667144775,0
0,0,11.8487651531513,0,10.2481383809856,0,6.48553943634033,0,12.6023068274221,0,5.67290529792691,0,0,0,0,0,0,0,0,0,0,0,0,0,0,0,0,0,0,0,0,0,0,0,0,0,5.67747548554409,0,7.13094527324041,0,27.3667542934418,0,43.6437408924103,0,0,0,0,42.2378715515137,39.8007522583008,39.399543762207,6.64773619501558,0,6.10509141286214,0,13.7693808873494,0,5.10585784022903,0,16.8394908905029,0,28.915548324585,0,0,4.43859214230672,0,0,0,0,0,0,0,0,0,8.39314436912537,0,0,56.3716011047363,0,0,5.67815916018357,0,6.06167951835381,11.0935990919761,0,13.4627500737415,0,30.5162448883057
0,0,0,0,0,0,0,0,0,0,0,0,0,0,0,15.3374452590942,0,6.40825216941412,0,0,0,0,5.16143612086479,9.00740141601398,0,6.62745222900853,0,3.44915083532197,0,0,0,0,0,0,0,0,0,5.99204493006435,32.6020749409994,0,0,0,0,0,0,0,0,26.4711022377014,0,9.11111769776409,0,0,0,0,0,0,0,0,0,0,0,0,0,0,4.2566805203366,4.72720889842257,6.15557846691618,0,4.28189080838369,0,3.90631824417665,0,0,0,0,0,0,0,0,0,5.14811010504704,49.6861152648926,5.52583788677721,5.82023415583691,31.8373045921326,0,0
0,75.4759521484375,0,0,0,0,0,0,0,62.5691299438477,0,0,0,0,0,0,5.08091332695701,0,0,0,0,5.16143612086479,0,0,6.7183152923584,0,3.86857231458028,0,3.31724542317506,0,0,0,0,0,0,0,0,44.2526901245117,5.61737310147101,0,0,0,0,0,0,0,0,33.6124899937556,8.86613212691413,42.0614975520543,0,0,0,0,0,61.6567726135254,0,0,0,0,0,0,0,0,5.98744751316632,4.29599171985967,0,5.87460451755339,0,5.43033246296208,0,3.55347008602594,0,0,0,0,39.6232032775879,0,0,0,44.6524443853469,4.78362852652273,6.40560587748133,5.60264838532943,37.5171794891357,0,0
0,0,0,0,0,0,0,0,0,8.24368604369785,0,0,0,0,0,6.45477003800242,0,7.13200593498746,8.30008912086487,0,0,9.00740141601398,0,0,48.9107360839844,4.8006729617518,0,0,0,0,0,0,0,0,0,0,0,6.29769112356943,41.2606382369995,0,0,0,0,0,0,0,0,20.8904328346252,41.5387573242188,5.22952368549097,0,0,0,0,0,5.74996043576135,0,0,0,0,0,0,0,0,5.54152822202566,0,4.44050540753392,0,5.80066691066908,0,8.18292668808338,0,0,0,0,0,0,0,0,0,5.12128560561168,37.4296909332275,6.44922572483111,17.2903062502543,11.9921207427979,0,0
8.01586961746216,0,0,0,0,0,0,0,4.8165704936124,0,0,0,0,0,0,0,6.63016594106501,0,0,0,0,0,6.7183152923584,48.9107360839844,0,0,5.78000999927521,0,0,0,0,0,0,0,0,0,0,38.3649749755859,6.82180631190317,0,0,32.7731475830078,13.861837717203,0,0,0,0,29.8182059067946,7.25645432390016,36.2917222976685,0,0,0,0,8.66755867004395,52.2559013366699,0,0,0,0,3.31895875930786,0,0,0,0,7.15103332306209,50.4023723602295,4.5624633334014,0,5.95670155347404,0,8.10880351066589,0,0,0,0,36.4535690307617,0,0,0,39.3867138453892,5.45245199482313,6.96925401849812,11.18199634552,6.04118058320248,0,0
0,0,0,0,0,0,0,0,0,0,0,0,0,7.28485631942749,0,4.28017695744832,0,4.39764521931027,0,0,0,6.62745222900853,0,4.8006729617518,0,0,0,3.20183590748539,0,0,0,0,0,0,0,0,0,0,0,0,0,0,0,0,0,0,0,0,0,0,0,0,0,0,0,3.64044108757606,0,0,0,0,0,0,0,0,5.915896532791,0,4.93842540050412,0,4.28092193279137,0,3.32537513707591,0,0,0,0,0,0,0,0,0,0,0,4.7348478709237,16.5179325739543,0,0,0
0,0,0,0,0,0,0,0,3.08537224133809,0,0,0,0,0,4.2460622517104,0,4.35850835981823,0,0,0,0,0,3.86857231458028,0,5.78000999927521,0,0,0,3.33510529155463,0,0,0,0,0,0,0,0,0,0,0,0,0,0,0,0,0,0,0,0,0,0,0,0,0,3.70860556076313,0,0,0,0,0,0,0,0,0,0,3.70000656004305,0,3.01055164710717,0,3.66926321691396,0,3.31329805047249,0,0,0,0,0,0,0,0,0,0,5.40892419472239,0,0,0,0
0,0,0,0,0,0,0,0,0,0,0,4.35197308328417,0,4.91977906588352,0,3.10205148556911,0,4.00904868330274,0,0,0,3.44915083532197,0,0,0,3.20183590748539,0,0,0,3.62338118843573,0,0,0,0,0,0,0,3.72947393000965,0,0,0,0,0,0,0,0,0,0,0,0,0,0,0,0,0,0,0,3.84351086616516,0,3.40846677524288,0,3.13816989244089,0,0,3.57772388544169,0,0,0,3.31427760797603,0,3.63338468960654,0,3.84191485985796,0,0,0,0,0,0,0,3.50452687928432,0,3.02852459107676,2.95876693725586,0,0,0
0,0,0,0,0,0,0,0,0,0,3.96422982960939,0,3.57714837850984,0,0,0,0,0,0,0,0,0,3.31724542317506,0,0,0,3.33510529155463,0,0,0,3.75686771649096,0,0,0,0,0,0,0,3.94210334313221,0,0,0,0,0,0,0,0,0,0,0,0,0,0,0,0,0,3.29557854533196,0,0,0,0,0,0,0,0,2.93682875062665,0,0,0,3.73081488268716,0,3.42125626860313,0,3.63427519363176,0,0,0,0,0,0,0,4.16383568892318,3.76668711031898,3.88466812504662,0,0,0
0,0,0,0,0,0,0,0,0,0,0,5.95247439543406,0,3.17400080570276,0,0,0,0,0,0,0,0,0,0,0,0,0,3.62338118843573,0,0,0,0,0,0,0,0,0,3.8217076339831,0,0,0,0,0,0,0,0,0,0,0,0,0,0,0,0,0,0,0,3.11361045837402,0,3.5582342810101,0,0,10.8162414844219,0,0,0,0,0,0,0,3.51753787199656,0,3.68656010379343,0,0,0,0,0,0,0,4.40760624161057,0,4.28664063392802,0,0,0,0
0,0,0,0,0,0,0,0,0,0,6.80237747828166,0,0,0,0,0,0,0,0,0,0,0,0,0,0,0,0,0,3.75686771649096,0,0,0,0,0,0,0,0,0,3.57885235373445,0,0,0,0,0,0,0,0,0,0,0,0,0,0,0,0,0,4.69250937718064,0,0,0,0,0,0,0,0,0,0,0,0,0,0,3.57435894012451,0,3.63811830553827,0,0,0,0,0,0,0,3.80879975553882,3.79555749893188,0,0,0,0
0,0,0,0,0,0,0,0,0,0,0,0,0,0,0,0,0,0,0,0,0,0,0,0,0,0,0,0,0,0,0,0,3.36926552435247,3.02153650919596,0,4.61230376002958,4.45611892268062,0,0,0,0,0,0,0,0,0,0,3.68218141685833,0,0,0,0,0,0,0,0,0,0,0,0,0,0,0,0,0,0,0,0,0,0,0,0,0,0,3.50283814718942,4.32943029780803,0,11.3343048095703,4.44887885547888,4.3749934330693,0,0,3.04452228546143,0,0,0,0
0,0,0,0,0,0,0,0,0,0,0,0,0,0,0,0,0,0,0,0,0,0,0,0,0,0,0,0,0,0,0,3.36926552435247,0,3.16560840606689,0,2.96150708198547,4.64885990227325,0,0,0,0,0,0,0,0,0,0,6.61402212489735,0,0,0,0,0,0,0,0,0,0,0,0,0,0,0,0,0,0,0,0,0,0,0,0,0,0,3.61764777693779,4.75082377592723,3.36478972434998,7.45083789671621,0,4.74656998345611,0,0,4.19505413621664,0,0,0,0
0,0,0,0,0,0,0,0,0,0,0,0,0,0,0,0,0,0,54.6717720031738,0,0,0,0,0,0,0,0,0,0,0,0,3.02153650919596,3.16560840606689,0,3.84355832588288,5.09547223396119,0,5.60499665339788,7.55167688926061,0,0,17.0990810394287,17.2020511627197,0,0,0,0,6.54667805167785,20.8272385877721,0,0,0,0,0,0,0,0,0,0,0,0,0,0,0,0,45.7603645324707,0,0,0,0,0,0,0,0,14.8432201743126,5.65412833473899,4.70536937798448,4.78948170395467,5.52533250127997,5.23637976517548,5.09624858066953,7.94165219542801,4.16626833638115,3.86587255001068,31.2717273712158,0,0
0,0,0,0,0,0,0,0,0,0,0,0,0,0,0,0,0,0,0,0,0,0,0,0,0,0,0,0,0,0,0,0,0,3.84355832588288,0,7.32156721750895,5.79492184815106,8.10552859306335,5.99335849041841,0,0,0,0,0,0,0,0,5.92872897386551,10.5345914363861,0,0,0,0,0,0,0,0,0,0,0,0,0,0,0,0,0,0,0,0,0,0,0,0,0,3.12009844841895,15.7523381880351,4.18205170587257,4.89530993718247,16.9313491185506,5.39071448194156,14.3833525180817,5.36431675996122,4.88311028707595,3.16248025894165,15.6075456142426,0,0
0,0,0,48.8137397766113,0,0,0,12.5987024307251,0,0,0,4.0836878377741,0,0,0,0,82.7248611450195,75.1786804199219,50.7591140053489,4.96478439406822,0,0,0,0,0,0,0,0,0,0,0,4.61230376002958,2.96150708198547,5.09547223396119,7.32156721750895,0,4.016367387727,7.19531501966102,5.80971482064989,0,0,59.172603062221,0,0,0,18.6724775632222,0,5.32186743361609,7.14548587799072,21.9870510101318,0,0,0,0,0,0,0,3.70321193985317,0,0,0,0,4.57801734607083,0,0,0,0,0,0,0,0,0,56.1574745178223,0,4.65520405647338,4.95248377323151,5.24832441903124,0,4.307428157045,4.2547239523849,9.31986777079588,7.57449388504028,5.36567686906865,6.03050587453556,18.1136373632094,0,0
0,0,21.2308713739569,0,0,0,0,0,0,0,5.82235437393188,0,0,0,0,0,0,0,0,0,5.67747548554409,0,0,0,0,0,0,0,0,0,0,4.45611892268062,4.64885990227325,0,5.79492184815106,4.016367387727,0,0,6.44165494702561,0,18.0322093963623,0,0,0,0,0,0,13.051617026329,24.4500992298126,16.4362468719482,0,0,0,0,0,0,8.03221776873566,0,0,0,0,0,0,6.49371672433106,0,0,0,0,0,0,0,0,0,0,4.38738149203611,4.46831055120988,0,5.52523601302639,4.42484225032937,4.45606721369697,0,8.03380986828132,5.21190284641392,5.49053496285289,14.2733377721268,0,0
43.9240709940592,21.3426688058036,0,42.8349800109863,0,0,0,0,46.9460144042969,9.08562019182288,0,5.45278252693653,0,0,0,0,0,0,49.1303379058838,6.65897194862366,0,5.99204493006435,44.2526901245117,6.29769112356943,38.3649749755859,0,0,3.72947393000965,0,3.8217076339831,0,0,0,5.60499665339788,8.10552859306335,7.19531501966102,0,0,6.65944015311784,0,0,17.9946803485646,40.9224090576172,0,0,16.6051259040833,0,11.0666742036297,28.5906977031542,4.87524249399862,0,0,0,0,53.3960494995117,9.33983761469523,0,4.34489966254724,0,32.5770835876465,0,0,7.76734848372486,0,6.89104374109792,46.0328826904297,9.08227436773239,0,0,0,3.63552395845282,0,3.68722738739698,0,40.7210273742676,0,4.80618464718847,18.9866775936551,6.69112413853816,0,4.20697508877743,7.78798707204668,4.9197565962341,4.18355604164473,22.8425636476941,0,43.6228103637695
0,51.8524987357003,29.7484188079834,0,0,0,0,0,8.83523271624881,43.6301193237305,4.45722796753823,0,0,0,0,0,64.4813976287842,0,0,0,7.13094527324041,32.6020749409994,5.61737310147101,41.2606382369995,6.82180631190317,0,0,0,3.94210334313221,0,3.57885235373445,0,0,7.55167688926061,5.99335849041841,5.80971482064989,6.44165494702561,6.65944015311784,0,0,53.2745380401611,32.6568489074707,11.9705450601667,0,0,61.3603897094727,0,10.0132469349894,6.88242906771208,29.5199336176333,0,0,0,0,7.39834094936063,47.8503424326579,5.3002286713012,0,0,0,0,0,0,8.88988345949521,47.0333971977234,7.88963098526001,36.2135246821812,8.99481489604577,0,0,0,3.58858185924896,0,3.79371503639221,0,35.9344863891602,18.360743188858,5.84176575155819,2.74232149124146,6.37994072155398,18.0285819690429,4.02853774606703,6.16073987237804,4.8650147761068,17.4763573079274,0,11.0595244831509
0,61.5922109163724,0,31.0832595825195,0,0,0,0,0,80.1224060058594,0,0,0,0,0,0,62.1114743291115,55.7335445942023,42.3003359768126,0,0,0,0,0,0,0,0,0,0,0,0,0,0,0,0,0,0,0,0,0,50.4321703910828,22.737298969657,57.1169797457181,0,0,20.73852416831,80.8302307128906,14.2001701521151,0,14.1278043900427,0,0,0,0,39.3898544311523,34.8312598334418,0,49.8619625785134,42.8430633544922,32.6048721313477,0,31.9920495351156,6.85941272871248,0,0,0,0,0,0,0,0,0,47.6888034731843,74.0400416056315,0,0,31.2000188827515,0,10.0898719082073,74.7014620039198,44.9787635545473,79.5781984329224,32.9153358487625,43.025394320488,14.5710502585581,73.2591044108073,0
22.4338506062826,106.092834472656,30.3862572933765,0,0,0,0,0,33.0067036946615,0,0,0,0,0,0,0,57.2175965525887,60.8766050338745,39.8312037058784,0,27.3667542934418,0,0,0,0,0,0,0,0,0,0,0,0,0,0,0,18.0322093963623,0,53.2745380401611,50.4321703910828,0,52.3693067232768,26.8181682248704,0,20.696494102478,24.1124251683553,7.77233587463929,27.2100009918213,21.2416173150774,40.6511116027832,0,0,0,0,32.3553051226067,38.902473449707,31.3289729054769,0,31.2944972468357,50.129711151123,30.2585802639232,0,78.9347941080729,6.49272611784017,0,0,0,0,0,0,0,0,58.1217625935872,34.1115560802162,0,0,0,32.5329111417135,73.7869302749634,10.0214056942736,88.091682434082,30.3766023606595,31.1185974505815,35.4586829523886,19.8760369107884,0,45.0608720779419
58.437801361084,25.1262877629772,75.6395874023438,28.6272219893753,0,30.7363939285278,0,0,61.1368980407715,28.4748568241413,0,12.7940502166748,0,0,0,0,60.3167383588594,54.2925972396028,36.5836933938468,27.489090832797,0,0,0,0,32.7731475830078,0,0,0,0,0,0,0,0,17.0990810394287,0,59.172603062221,0,17.9946803485646,32.6568489074707,22.737298969657,52.3693067232768,0,29.538739243851,0,0,40.5793154646711,62.5543308258057,16.020032567664,40.3949431313409,18.9546814455706,0,45.3185234069824,0,34.2759094238281,65.8687744140625,31.4991826151238,0,27.2002310398196,45.9516696929932,42.2012845993042,0,29.7335194297459,26.8562712573526,0,0,64.2174606323242,14.7978410720825,0,0,0,0,0,25.4512467048597,68.0855288505554,0,0,21.8709424972534,41.0989952087402,31.0101061191642,66.625242445204,30.6182789516004,65.1489826202393,17.7790122549964,41.3893933100243,18.7288335791667,13.0477254475866,0
20.350019468056,46.912036895752,33.575010572161,55.7333164215088,38.2029710497175,0,53.3913917541504,0,15.1811476804086,54.8609657287598,0,0,0,0,0,0,53.7144696154998,65.7399879830783,45.5061920218427,0,43.6437408924103,0,0,0,13.861837717203,0,0,0,0,0,0,0,0,17.2020511627197,0,0,0,40.9224090576172,11.9705450601667,57.1169797457181,26.8181682248704,29.538739243851,0,0,16.8504054205758,44.6688385009766,24.403661294637,16.8468879939932,16.005349754417,37.1506010691325,44.314302444458,0,35.1692123413086,0,21.2223491820078,82.6357879638672,29.1485494971275,0,41.3887119293213,0,38.0376612345378,0,67.2417971293132,25.9478550863938,0,0,40.6041507720947,14.4881235758464,0,0,0,0,50.8457102457682,26.6619825282491,0,0,26.8706388473511,19.6711671692984,76.1082308509133,28.458335846212,58.8825670102747,37.307463362792,19.6494323485545,37.0914625392522,18.4992825699984,22.8857116699219,11.3948659447202
0,0,0,0,0,0,0,0,0,0,0,0,0,0,0,0,0,0,0,0,0,0,0,0,0,0,0,0,0,0,0,0,0,0,0,0,0,0,0,0,0,0,0,0,0,0,0,0,0,0,0,0,0,0,0,0,0,0,0,0,0,0,0,0,0,0,0,0,0,0,0,0,0,0,0,0,0,0,0,0,0,0,0,0,0,0,0
0,0,0,0,0,0,0,0,0,0,0,0,0,0,0,0,0,0,0,0,0,0,0,0,0,0,0,0,0,0,0,0,0,0,0,0,0,0,0,0,20.696494102478,0,16.8504054205758,0,0,0,0,21.8634312947591,21.5687799453735,0,0,0,0,0,0,0,0,0,0,0,0,0,0,0,0,0,0,0,0,0,0,0,0,0,0,0,0,0,0,0,0,0,17.4954498291016,16.2343559265137,14.4799492359161,0,0
0,79.3594741821289,0,22.6873565673828,0,0,0,0,0,0,0,0,0,0,0,0,0,56.9167831965855,49.9057214101156,0,0,0,0,0,0,0,0,0,0,0,0,0,0,0,0,18.6724775632222,0,16.6051259040833,61.3603897094727,20.73852416831,24.1124251683553,40.5793154646711,44.6688385009766,0,0,0,44.7954330444336,39.7696283513849,30.1744136810303,27.2846273075451,0,0,0,0,0,50.3221632639567,0,21.2330433130264,0,0,44.3818130493164,24.6181373596191,6.3042782961545,0,0,0,0,0,0,0,0,0,28.9994244766235,0,0,0,43.0094443427192,0,13.0829844579209,79.2910385131836,26.9808468847218,0,16.7028994401296,30.7968807220459,19.1946162706614,72.8138580322266,0
15.5163040161133,0,29.7221495310466,0,0,0,0,0,0,0,0,0,0,0,0,0,53.3738442375546,57.1238555908203,32.5785457158493,0,0,0,0,0,0,0,0,0,0,0,0,0,0,0,0,0,0,0,0,80.8302307128906,7.77233587463929,62.5543308258057,24.403661294637,0,0,44.7954330444336,0,0,29.5604085757815,0,0,0,0,0,23.5043697357178,0,23.9081982203892,0,21.9163882391793,0,22.4641966819763,0,0,12.6324920135996,0,0,0,0,0,0,0,0,151.43864440918,31.9630462517173,0,0,0,22.7189693450928,74.3263473510742,21.9692555619778,0,35.3190695805238,27.106258347977,34.4798114776611,15.0398904099075,0,0
37.2437629699707,30.9475206487319,49.1011106317694,46.0273692482396,42.4761524200439,0,0,0,33.0465349469866,28.5202458699544,0,0,0,0,0,0,71.6592779159546,60.6800971984863,55.799087199759,47.7053260803223,42.2378715515137,26.4711022377014,33.6124899937556,20.8904328346252,29.8182059067946,0,0,0,0,0,0,3.68218141685833,6.61402212489735,6.54667805167785,5.92872897386551,5.32186743361609,13.051617026329,11.0666742036297,10.0132469349894,14.2001701521151,27.2100009918213,16.020032567664,16.8468879939932,0,21.8634312947591,39.7696283513849,0,0,11.575419935528,8.6764950068224,0,0,0,0,48.1427810668945,38.7230164210002,46.9315338134766,51.6750303904215,48.4916763305664,50.0650882720947,45.5240888595581,50.6532723563058,56.1340573628744,42.0745086669922,30.0529446321375,34.4062987736293,22.7290507422553,28.5445957183838,0,0,0,0,59.4849451700846,0,5.46601344121213,4.76193242609868,7.52267093392415,7.70028838827731,7.24982750802518,7.15352370313608,11.5296619861707,9.84711328316012,16.4437314330524,42.4090254704157,19.8068452028206,21.6917738233294,6.92282390594482
12.7395291643547,48.9827461242676,25.9731217913267,27.5434322357178,40.6731745402018,0,53.6156845092773,0,14.1234749503758,46.0633270263672,0,0,0,0,0,0,62.3527791640338,63.8627185821533,53.1366500854492,0,39.8007522583008,0,8.86613212691413,41.5387573242188,7.25645432390016,0,0,0,0,0,0,0,0,20.8272385877721,10.5345914363861,7.14548587799072,24.4500992298126,28.5906977031542,6.88242906771208,0,21.2416173150774,40.3949431313409,16.005349754417,0,21.5687799453735,30.1744136810303,29.5604085757815,11.575419935528,0,21.2248759065356,0,0,0,0,24.9112723864866,44.6922916412354,31.4073280668878,0,41.3554330797338,0,32.7782665777206,0,0,28.2236949648176,48.5479990641276,7.93920442232719,41.2373266220093,4.56377725727511,0,3.68760291735331,0,3.72959845526177,68.8402404785156,25.4038715475188,15.5727596282959,18.6888964176178,20.8645663871765,9.5300731860416,30.0566441218058,21.3005403387798,29.0528683561816,8.93878860324082,19.3151238787101,37.117312948131,16.0521496425162,0,34.1496503194173
45.0503109523228,17.8382634840747,36.2869707743327,17.8650713424898,0,18.5650809605916,0,0,45.4828118218316,23.9555869181951,0,0,0,0,0,0,69.0188655853271,69.3789438520159,53.6794616297672,29.2744060516357,39.399543762207,9.11111769776409,42.0614975520543,5.22952368549097,36.2917222976685,0,0,0,0,0,0,0,0,0,0,21.9870510101318,16.4362468719482,4.87524249399862,29.5199336176333,14.1278043900427,40.6511116027832,18.9546814455706,37.1506010691325,0,0,27.2846273075451,0,8.6764950068224,21.2248759065356,0,0,38.0787057876587,0,0,46.9765853881836,26.8623020595379,0,13.3902589817842,39.7903327941895,42.7050326665243,36.4832725524902,38.2256910536024,33.5668060666039,0,8.29706946309184,41.7212585449219,4.61630179297249,34.9975471496582,3.38292074884687,0,4.53395147654536,0,15.1109011205037,0,3.08948175112406,0,11.4767406110106,18.2143515632266,11.1778578696887,18.6049672365189,7.05984142578317,26.2564388563653,21.7258861724633,40.3144286589189,20.5521773886989,14.1444618842181,40.0649528503418
0,0,2.72296643257141,0,4.05051307802255,0,5.82891384884715,0,0,0,0,0,3.90037288930681,0,3.34354652298821,0,0,0,45.343204498291,0,6.64773619501558,0,0,0,0,0,0,0,0,0,0,0,0,0,0,0,0,0,0,0,0,0,44.314302444458,0,0,0,0,0,0,0,0,0,3.5833478314536,0,0,0,2.8048267364502,0,3.47701572117053,0,3.44556450843811,0,0,7.2916101961987,0,0,0,0,0,0,0,0,0,0,0,0,0,0,0,16.9960726499557,0,0,5.92822394615565,0,4.87484766265093,0,0
0,20.8840084075928,0,16.9304180542628,0,3.92969857050678,0,3.04851751327515,0,0,0,0,0,0,0,3.37099146842957,0,0,0,5.7635596715487,0,0,0,0,0,0,0,0,0,0,0,0,0,0,0,0,0,0,0,0,0,45.3185234069824,0,0,0,0,0,0,0,38.0787057876587,0,0,0,5.89212036132812,0,0,0,3.25146796828822,0,0,0,0,4.33750012516975,0,0,0,0,0,0,0,0,0,0,0,0,0,0,0,16.3290519714355,0,0,0,5.40154511854053,35.0391120910645,5.48304655001714,0,0
0,0,0,0,4.00358211994171,0,3.09147636365082,0,0,0,2.9279388487339,0,3.59132246176402,0,0,0,0,0,0,0,6.10509141286214,0,0,0,0,0,0,0,0,0,0,0,0,0,0,0,0,0,0,0,0,0,35.1692123413086,0,0,0,0,0,0,0,3.5833478314536,0,0,0,0,0,3.08144523075649,0,3.56416859797069,0,0,0,0,6.75739002227783,0,0,0,0,0,0,0,0,0,0,0,0,0,0,0,0,0,0,4.62058917284012,0,0,0,0
0,0,0,0,0,3.50583091378212,0,3.58440161780052,0,0,0,3.85832318200005,0,3.46204125439679,0,0,0,0,0,4.10938334465027,0,0,0,0,0,0,0,0,0,0,0,0,0,0,0,0,0,0,0,0,0,34.2759094238281,0,0,0,0,0,0,0,0,0,5.89212036132812,0,0,0,0,0,3.70631402068668,0,3.32455258899265,0,31.5945625305176,5.34605826031078,0,0,0,0,0,0,0,0,0,0,0,0,0,0,0,0,0,0,0,6.32980824422233,0,18.4817516678258,0,0
4.53162533229923,0,4.57487034797668,0,3.16614449435267,0,0,0,6.26570987701416,0,0,0,0,0,2.98632551547344,0,8.27425514567982,0,50.9521003723145,0,13.7693808873494,0,0,0,8.66755867004395,0,3.70860556076313,0,0,0,0,0,0,0,0,0,0,53.3960494995117,7.39834094936063,39.3898544311523,32.3553051226067,65.8687744140625,21.2223491820078,0,0,0,23.5043697357178,48.1427810668945,24.9112723864866,46.9765853881836,0,0,0,0,0,0,29.2290878295898,0,19.1588973999023,0,4.1453766482217,0,0,10.5572933832804,0,0,67.9201812744141,3.05512442733302,0,3.76018115878105,0,0,0,31.7060489654541,0,0,55.9586048126221,55.2468382517497,0,31.5414031346639,52.0786590576172,8.91140902005933,8.83016639381948,32.4904098510742,27.4816835309252,0,0
56.0977363586426,5.14332841202185,0,5.0828723694597,0,17.2998025417328,0,18.3602848052979,0,4.68668154095919,0,0,0,0,0,3.64809497849591,0,0,85.7346458435059,13.4245647083629,0,0,61.6567726135254,5.74996043576135,52.2559013366699,3.64044108757606,0,0,0,0,0,0,0,0,0,0,0,9.33983761469523,47.8503424326579,34.8312598334418,38.902473449707,31.4991826151238,82.6357879638672,0,0,50.3221632639567,0,38.7230164210002,44.6922916412354,26.8623020595379,0,0,0,0,0,0,0,28.3709602355957,0,0,0,4.32691506689245,48.4362392425537,0,0,72.5097351074219,4.08386782180505,50.7193565368652,0,0,0,0,40.8268838882446,0,0,0,52.5304260253906,0,52.3126434326172,73.4115676879883,17.9767051979348,45.0270982222124,14.8056896117061,37.9793228149414,17.965257031577,0,0
28.8681659698486,0,3.82953941822052,0,0,0,4.57177607218425,0,30.3307952880859,0,4.7501988520805,0,3.31711347118702,0,0,0,64.0186862945557,58.8233985900879,56.0266750653585,0,5.10585784022903,0,0,0,0,0,0,0,3.29557854533196,0,4.69250937718064,0,0,0,0,0,8.03221776873566,0,5.3002286713012,0,31.3289729054769,0,29.1485494971275,0,0,0,23.9081982203892,46.9315338134766,31.4073280668878,0,2.8048267364502,0,3.08144523075649,0,29.2290878295898,0,0,0,3.48570683780469,0,26.7063064575195,0,0,7.08213750060538,0,0,0,0,0,0,0,6.91949987411499,0,4.75999721535456,0,0,68.1762466430664,55.1748905181885,86.1225509643555,16.1911265959685,68.4133529663086,6.82366217054477,7.26284005308664,81.310791015625,7.07073026960854,54.7661933898926,15.8128417332967
0,15.3053848402841,0,5.8086951924951,0,4.45620822906494,0,4.06672132716459,0,31.6087627410889,0,4.94962895770593,0,3.506873871947,0,0,95.5626907348633,69.5254592895508,52.0556165907118,4.56713814658915,0,0,0,0,0,0,0,3.84351086616516,0,3.11361045837402,0,0,0,0,0,3.70321193985317,0,4.34489966254724,0,49.8619625785134,0,27.2002310398196,0,0,0,21.2330433130264,0,51.6750303904215,0,13.3902589817842,0,3.25146796828822,0,3.70631402068668,0,28.3709602355957,0,0,0,3.51586568141412,0,28.5130786895752,6.01281331239487,0,0,0,0,0,0,0,5.57272200519536,0,4.82857973437117,73.108757019043,0,0,55.418083190918,0,17.3866873209293,0,6.08480653099548,0,5.70071375903799,0,7.89635124774689,18.5966530713168,0
0,0,5.14431708057721,0,3.96056185828315,0,3.35908983325958,0,18.1253051757812,0,3.35173059384222,0,3.06529119448228,0,3.13190384449497,0,63.6913690567017,0,63.5509122212728,0,16.8394908905029,0,0,0,0,0,0,0,0,0,0,0,0,0,0,0,0,0,0,42.8430633544922,31.2944972468357,45.9516696929932,41.3887119293213,0,0,0,21.9163882391793,48.4916763305664,41.3554330797338,39.7903327941895,3.47701572117053,0,3.56416859797069,0,19.1588973999023,0,3.48570683780469,0,0,0,3.41333039240404,0,63.5348472595215,10.5597396659851,0,0,0,0,0,0,0,0,0,30.0482304890951,0,0,0,51.8615684509277,0,35.083383208827,0,32.0538597106934,9.73083727424209,8.80693793296814,21.8439381662168,0,47.9736261367798
0,0,0,4.85766982268064,0,3.25874311190385,0,3.3010368347168,0,0,0,3.26019478434383,0,3.31741285104103,0,3.83968281745911,0,69.6647644042969,44.4651107788086,18.8594741821289,0,0,0,0,0,0,0,3.40846677524288,0,3.5582342810101,0,0,0,0,0,0,0,32.5770835876465,0,32.6048721313477,50.129711151123,42.2012845993042,0,0,0,0,0,50.0650882720947,0,42.7050326665243,0,0,0,3.32455258899265,0,0,0,3.51586568141412,0,0,0,4.01402895007513,23.7925262451172,0,0,0,0,0,0,0,3.50326174336511,0,7.70168670486001,0,0,0,61.4050521850586,0,58.1211037635803,0,60.4893093109131,0,5.08437460918053,3.74824917518486,13.9531179045288,0,0
6.2438591836573,0,6.09579907881247,0,3.23575061957041,0,0,0,3.67242371941744,0,0,0,3.06381531442915,0,3.31554643064737,0,73.9264793395996,0,56.2277472813924,0,28.915548324585,0,0,0,3.31895875930786,0,0,0,0,0,0,0,0,0,0,0,0,0,0,0,30.2585802639232,0,38.0376612345378,0,0,44.3818130493164,22.4641966819763,45.5240888595581,32.7782665777206,36.4832725524902,3.44556450843811,0,0,0,4.1453766482217,0,26.7063064575195,0,3.41333039240404,0,0,0,0,41.1819534301758,0,0,0,3.79684708877043,0,2.7360668182373,0,0,0,46.3501507441203,0,0,0,49.658390045166,0,59.8878128051758,0,35.3413219451904,18.2815651535988,33.2527198791504,22.6743663686221,0,26.2616329193115
0,5.55802488327026,0,5.69572651263365,0,2.83688795566559,0,28.989143371582,0,6.46580307483673,0,0,0,3.65964463348977,0,3.82335903094365,84.3498001098633,4.85692843422294,0,0,0,0,0,0,0,0,0,3.13816989244089,0,0,0,0,0,0,0,0,0,0,0,31.9920495351156,0,29.7335194297459,0,0,0,24.6181373596191,0,50.6532723563058,0,38.2256910536024,0,0,0,31.5945625305176,0,4.32691506689245,0,28.5130786895752,0,4.01402895007513,0,0,0,0,0,0,7.88664317131042,0,2.95080296993256,0,3.17818579231341,0,31.4490852355957,0,0,0,61.8478851318359,0,60.92231798172,86.7919998168945,48.5676490783691,0,8.0839642683665,4.60237857818603,24.137053154133,0,0
0,33.4121880531311,0,18.8941316604614,0,5.7437063512348,0,5.47832506895065,0,24.6104869842529,0,5.78609205159274,0,0,0,0,73.0784055164882,63.5438487906205,44.7552055177234,5.2639232362067,0,0,0,0,0,0,0,0,0,10.8162414844219,0,0,0,0,0,4.57801734607083,0,7.76734848372486,0,6.85941272871248,78.9347941080729,26.8562712573526,67.2417971293132,0,0,6.3042782961545,0,56.1340573628744,0,33.5668060666039,0,4.33750012516975,0,5.34605826031078,0,48.4362392425537,0,6.01281331239487,63.5348472595215,23.7925262451172,0,0,0,0,0,0,0,0,0,0,0,0,14.5074549922793,79.1175918579102,0,0,0,0,7.57709664151788,90.4350674947103,12.2559090198985,83.3864192962646,24.9176492800584,44.7321484883626,9.75192384981782,0,0
24.2753400802612,0,9.24077244960901,0,10.2100499551507,0,5.98254251480103,0,11.6202813316794,0,6.17877312789756,0,0,0,0,0,62.809614944458,60.6857719421387,44.6603101647419,0,4.43859214230672,0,0,0,0,0,0,0,0,0,0,0,0,0,0,0,6.49371672433106,0,8.88988345949521,0,6.49272611784017,0,25.9478550863938,0,0,0,12.6324920135996,42.0745086669922,28.2236949648176,0,7.2916101961987,0,6.75739002227783,0,10.5572933832804,0,7.08213750060538,0,10.5597396659851,0,41.1819534301758,0,0,0,0,0,0,0,0,0,0,0,0,21.641590198431,0,0,0,47.3069267272949,0,9.27003536654499,83.2205200195312,12.7770352487864,16.5993631228805,42.2977905273438,11.9509454785977,0,48.8314781188965
0,0,0,0,0,0,0,0,0,0,0,0,0,0,0,0,0,5.19895088195801,0,0,0,4.2566805203366,5.98744751316632,5.54152822202566,0,5.915896532791,0,3.57772388544169,0,0,0,0,0,0,0,0,0,6.89104374109792,47.0333971977234,0,0,0,0,0,0,0,0,30.0529446321375,48.5479990641276,8.29706946309184,0,0,0,0,0,0,0,0,0,0,0,0,0,0,0,6.36703297884568,5.64646588440324,0,5.20107556194872,0,5.03581834128409,0,0,0,0,0,0,0,0,0,7.97359376376265,44.7259816256436,4.94645236400058,4.80280167651626,21.2160622278849,0,0
0,0,0,0,0,0,0,0,0,0,0,0,0,0,0,0,7.16609520003909,0,0,0,0,4.72720889842257,4.29599171985967,0,7.15103332306209,0,3.70000656004305,0,2.93682875062665,0,0,0,0,45.7603645324707,0,0,0,46.0328826904297,7.88963098526001,0,0,64.2174606323242,0,0,0,0,0,34.4062987736293,7.93920442232719,41.7212585449219,0,0,0,0,0,72.5097351074219,0,0,0,0,0,0,0,0,6.36703297884568,0,58.8107261657715,7.56099866185869,0,4.57352429086512,0,3.99792542035067,0,0,0,0,41.6133117675781,0,0,0,46.0084720187717,6.44002724531384,5.57151944134815,6.3118387697235,37.6619171142578,0,0
0,8.50413632392883,0,0,0,0,0,0,0,4.75495805958201,0,0,0,0,0,6.09774612245106,0,9.89871454238892,0,0,0,6.15557846691618,0,4.44050540753392,50.4023723602295,4.93842540050412,0,0,0,0,0,0,0,0,0,0,0,9.08227436773239,36.2135246821812,0,0,14.7978410720825,40.6041507720947,0,0,0,0,22.7290507422553,41.2373266220093,4.61630179297249,0,0,0,0,67.9201812744141,4.08386782180505,0,0,0,0,0,7.88664317131042,0,0,5.64646588440324,58.8107261657715,0,0,5.3636727835681,0,6.58789521640109,0,0,0,0,0,0,0,0,0,7.55331731203223,37.4217039191205,6.46006828226069,0,8.27390473408807,0,0
7.17014026641846,0,0,0,0,0,0,0,8.82803821563721,0,0,0,0,0,0,0,10.1336124020238,0,0,0,0,0,5.87460451755339,0,4.5624633334014,0,3.01055164710717,0,0,0,0,0,0,0,0,0,0,0,8.99481489604577,0,0,0,14.4881235758464,0,0,0,0,28.5445957183838,4.56377725727511,34.9975471496582,0,0,0,0,3.05512442733302,50.7193565368652,0,0,0,0,3.79684708877043,0,0,0,0,7.56099866185869,0,0,0,5.14382808035312,0,5.38594992955526,0,0,0,0,0,0,0,0,39.1221796671549,6.91760165463372,6.2588748381688,21.6827640533447,8.68160229410444,0,0
0,0,0,0,0,0,0,0,0,0,0,0,0,0,0,0,0,3.01101647339005,0,0,0,4.28189080838369,0,5.80066691066908,0,4.28092193279137,0,3.31427760797603,0,0,0,0,0,0,0,0,0,0,0,0,0,0,0,0,0,0,0,0,0,3.38292074884687,0,0,0,0,0,0,0,0,0,0,0,2.95080296993256,0,0,5.20107556194872,0,5.3636727835681,0,0,0,3.36744836134504,0,0,0,0,0,0,0,0,0,0,0,3.29000497258399,0,0,0,0
0,0,0,0,0,0,0,0,2.9760343347277,0,0,0,0,0,0,0,0,0,0,0,0,0,5.43033246296208,0,5.95670155347404,0,3.66926321691396,0,3.73081488268716,0,0,0,0,0,0,0,0,0,0,0,0,0,0,0,0,0,0,0,3.68760291735331,0,0,0,0,0,3.76018115878105,0,0,0,0,0,2.7360668182373,0,0,0,0,4.57352429086512,0,5.14382808035312,0,0,0,3.85203440536024,0,0,0,0,0,0,0,0,0,0,3.30675499255841,0,0,0,0
0,20.1824789047241,0,0,0,0,0,0,0,0,0,3.4627001815372,0,4.774075642438,0,3.47521770000458,0,2.73268842697144,0,0,0,3.90631824417665,0,8.18292668808338,0,3.32537513707591,0,3.63338468960654,0,3.51753787199656,0,0,0,0,0,0,0,3.63552395845282,0,0,0,0,0,0,0,0,0,0,0,4.53395147654536,0,0,0,0,0,0,0,5.57272200519536,0,3.50326174336511,0,3.17818579231341,0,0,5.03581834128409,0,6.58789521640109,0,3.36744836134504,0,0,0,4.46372843901602,0,0,0,0,0,0,0,3.89509218429034,0,3.18987511605332,3.00558347702026,9.71911764144897,0,0
0,0,0,0,0,0,0,0,0,0,0,0,3.59161940742941,0,0,0,0,0,0,0,0,0,3.55347008602594,0,8.10880351066589,0,3.31329805047249,0,3.42125626860313,0,3.57435894012451,0,0,0,0,0,0,0,3.58858185924896,0,0,0,0,0,0,0,0,0,3.72959845526177,0,0,0,0,0,0,0,6.91949987411499,0,0,0,0,0,0,0,0,3.99792542035067,0,5.38594992955526,0,3.85203440536024,0,0,0,3.78584879323056,0,0,0,0,0,0,0,4.3756664671549,2.96689686969835,3.06417054221744,5.23841691017151,0,0
