0,0,4.14347845248962,0,0,0,0,0,0,0,0,0,0,0,0,0,0,0,6.21104132409753,0,0,0,0,0,8.40015209638155,0,0,0,0,0,0,0,0,0,0,0,0,0,0,0,0,0,18.0911979675293,0,0,0,0,0,2.97405094570584,0,0,0,0,0,2.85116577148438,0,0,0,0,0,0,0,0,0,0,0,0,8.38251991271973,0,0,0,0,0,0,0,0,0,0,0,0,0,0,15.1050889094671,0,3.07829291479928,0,0
0,0,0,10.0014701286952,0,0,0,0,48.650118637085,7.60156390100422,0,0,0,26.5182467566596,0,14.5397934295036,39.1016319914709,31.6791442129025,21.1447289960901,0,0,34.973449673569,0,30.1077914896591,43.1670694765837,27.7134683253401,0,29.3589121011587,0,0,0,0,66.2401949564616,0,54.1432927449544,71.7532909393311,57.4822273254395,24.4049282651959,0,0,0,16.9793210257655,35.4189483261108,12.554361436678,20.0734901428223,11.7332154796237,0,47.1413629319933,42.3904506138393,6.96127624852317,0,0,0,0,76.8878402709961,6.15897216630536,0,8.87385892868042,0,27.4869012832642,0,15.3988360748472,91.5229797363281,0,37.5628280639648,0,31.2229246538739,47.4696632385254,26.5617063613165,0,22.9134559631348,0,0,0,132.773330688477,45.8490767478943,0,64.6281967163086,67.5285633087158,55.6522809346517,32.9099694956904,0,17.4012497342768,24.8186481195852,10.0267234754296,16.9173928358976,0
4.14347845248962,0,0,0,0,0,0,0,0,0,0,0,0,0,0,0,0,0,7.60113156946141,0,0,0,0,0,0,0,0,0,0,0,0,0,0,0,0,0,0,0,0,0,0,0,0,0,0,0,0,0,3.09240298800998,0,0,0,0,0,0,0,0,0,0,0,0,0,0,0,0,0,0,0,0,0,0,0,0,0,0,0,0,0,0,0,0,0,3.69398952867383,0,4.14959529264649,0,0
0,10.0014701286952,0,0,0,0,0,0,0,26.7597846984863,0,0,0,0,0,21.4336055119832,58.648255666097,37.9818559552802,35.5600929260254,0,0,47.4052886962891,0,41.6656716664632,0,32.1753371986183,0,33.5051422119141,0,0,0,0,0,0,0,0,0,27.2421588897705,0,0,0,15.17871012895,51.5899848937988,0,0,0,0,0,0,29.9471826553345,0,0,0,0,0,28.8565216064453,0,0,0,0,0,21.0806812806563,0,0,42.950080871582,0,38.5376595088414,0,27.9616195133754,0,0,0,0,0,0,0,0,0,0,0,0,0,29.1392671565215,28.0389957427979,4.08319827374958,25.0376332998276,0
0,0,0,0,0,0,5.02739696502686,0,0,0,0,0,0,0,0,0,0,0,0,0,6.1291360737365,0,0,0,0,0,0,0,0,0,0,0,0,0,0,0,6.89206139246623,0,0,0,0,0,0,0,0,0,0,0,0,0,3.8323613775652,0,3.32224784957038,0,0,0,4.85435795783997,0,0,0,0,0,0,0,0,0,0,0,0,0,0,0,0,0,0,0,0,0,0,0,0,0,3.87062687464435,3.84636359214783,4.42053201092795,0,0
0,0,0,0,0,0,0,0,0,0,0,0,0,0,0,0,0,0,0,0,0,0,0,0,0,0,0,0,0,0,0,0,0,0,0,0,0,0,0,0,0,0,0,0,0,0,0,0,0,0,0,0,0,0,0,0,0,0,0,0,0,0,0,0,0,0,0,0,0,0,0,0,0,0,0,0,0,0,0,0,0,0,0,0,0,0,0
0,0,0,0,5.02739696502686,0,0,0,0,0,3.66391396522522,0,0,0,0,0,0,0,0,0,5.71676063537598,0,0,0,0,0,0,0,0,0,0,0,0,0,0,0,0,0,0,0,0,0,0,0,0,0,0,0,0,0,3.86070183015639,0,3.33549519777298,0,0,0,4.21411317045038,0,0,0,0,0,0,0,0,0,0,0,0,0,0,0,0,0,0,0,0,0,0,0,0,0,2.85538554191589,0,0,0,0
0,0,0,0,0,0,0,0,0,0,0,3.03707268834114,0,0,0,0,0,0,0,0,0,0,0,0,0,0,0,0,0,0,0,0,0,0,0,0,0,0,0,0,0,0,0,0,0,0,0,0,0,0,0,0,0,3.35346388320128,0,0,0,2.84350419044495,0,0,0,0,0,0,0,0,0,0,0,0,0,0,0,0,0,0,0,0,0,0,0,0,3.00772447488746,3.01045519113541,0,0,0
0,48.650118637085,0,0,0,0,0,0,0,0,0,0,0,0,8.03609390387664,55.6643905639648,14.6841179827968,36.8039201993621,15.4132232086255,0,0,39.1125249862671,0,35.1950958714341,16.5108507275581,45.6013870239258,12.6911161124301,0,0,0,0,0,0,0,0,0,0,29.1011571884155,0,0,0,0,35.1933812754495,0,0,0,0,58.5406379699707,25.4620858828227,0,0,0,0,0,11.737514649668,84.6829299926758,0,0,0,0,8.2421536879106,0,0,0,0,0,51.4076995849609,18.8249820245279,44.6583843231201,9.5030804589498,0,0,0,0,0,65.3094126383464,0,0,72.7165870666504,134.414932250977,0,0,11.024552583877,12.73418372018,19.2829265594482,53.1104698181152,0
0,7.60156390100422,0,26.7597846984863,0,0,0,0,0,0,0,0,0,18.3525466918945,0,7.92798350986681,40.449793900302,16.0082986359884,28.8831542442585,0,0,36.4484480222066,0,30.4769339059529,41.294734954834,21.6934938058257,0,44.0135841369629,0,0,0,0,0,61.5010566711426,68.499153137207,74.2450121099299,0,0,0,0,0,27.12194507878,37.1008027076721,20.6347214525396,20.8204663594564,30.8917865753174,0,60.5773696899414,58.245156288147,14.2214622497559,0,0,0,0,0,5.54720210527119,0,0,0,23.8454513549805,0,8.66247306181037,0,0,0,0,29.0635236104329,60.7041168212891,23.0192921161652,0,0,0,0,0,0,62.8618354797363,0,62.5911827087402,73.4368827126243,74.6591059366862,61.8199707667033,0,15.3215554874194,22.3012788018515,27.7458511435467,27.1341598684138,0
0,0,0,0,0,0,3.66391396522522,0,0,0,0,0,3.12936642495069,0,0,0,0,0,0,0,5.27678168301436,0,0,0,0,0,0,0,0,0,9.05779907933201,0,0,0,0,0,10.0717487789336,0,6.08891168995083,0,0,0,0,0,0,0,12.0769466486844,0,0,0,0,0,4.75173497200012,0,0,0,5.62475326130447,0,0,0,0,0,0,8.53184715906779,0,0,0,0,0,0,0,7.19416856765747,0,7.55819897288861,0,0,0,0,0,11.3857291372199,0,5.29913770854473,6.61354504006632,0,0,0,0
0,0,0,0,0,0,0,3.03707268834114,0,0,0,0,0,3.92338865514387,0,0,63.5232429504395,0,46.6449584960938,7.11280570711408,0,0,0,0,0,0,0,6.3427166395687,0,7.81402377319336,0,0,0,50.6839122772217,0,34.9661810703767,0,6.06806249241698,0,35.6683444976807,0,10.3569379686476,0,0,0,12.8803381844768,0,0,0,13.7437504662408,0,0,0,0,0,0,0,5.52279981554554,0,3.51632044820363,0,0,10.8677458264107,0,0,0,0,0,12.845757484436,0,6.11463975543298,0,8.54339402175147,0,0,0,49.8891658782959,0,33.3297122872394,0,8.0507743024826,0,6.33559103312455,0,9.82653535543567,12.9424239034238,0
0,0,0,0,0,0,0,0,0,0,3.12936642495069,0,0,0,0,0,0,0,0,0,0,0,0,0,0,0,0,0,0,0,0,0,0,0,0,0,0,0,0,0,0,0,0,0,0,0,0,0,0,0,0,0,0,0,0,0,0,0,3.49452102184296,0,0,0,0,0,0,0,0,0,0,2.74237215518951,0,0,0,0,0,0,0,0,0,0,0,0,0,0,0,0,0
0,26.5182467566596,0,0,0,0,0,0,0,18.3525466918945,0,3.92338865514387,0,0,0,4.7653462719499,0,13.4516424245613,38.129093170166,0,0,0,0,0,0,6.2294718682766,0,6.96434668849592,0,5.96234799445944,0,0,0,0,0,0,0,0,0,0,0,33.9321222305298,69.0301971435547,39.4197807312012,0,0,0,0,0,0,0,0,0,0,0,17.4779014587402,0,8.232856909434,0,3.46973154624599,0,10.2071321890192,0,0,0,0,0,0,6.66816522236224,0,9.83121089277596,0,0,0,0,0,0,0,0,0,0,0,7.27500685711497,12.535735497872,48.6583995819092,0,0
0,0,0,0,0,0,0,0,8.03609390387664,0,0,0,0,0,0,0,7.64880890659343,44.8687242507935,23.4427527479223,0,0,35.9360694885254,13.8985729217529,40.3588943481445,15.6189045625574,57.5065612792969,8.54252446449555,0,0,0,0,0,0,0,0,0,0,0,0,0,0,0,43.6015338897705,0,0,0,0,0,0,0,0,0,0,0,9.66974944453086,0,0,0,0,0,3.8590221071406,47.894832611084,0,0,0,0,0,14.1653273105621,0,6.40333645560525,0,0,0,0,0,0,0,0,0,0,0,0,7.299081902253,57.9269599914551,60.3454933166504,0,0
0,14.5397934295036,0,21.4336055119832,0,0,0,0,55.6643905639648,7.92798350986681,0,0,0,4.7653462719499,0,0,51.0239574231599,19.027470607024,37.4391783100285,0,0,33.1757572174072,0,30.7534489240803,44.2981033325195,16.2833285890904,57.168327331543,11.498047363013,0,0,0,0,0,0,65.8835995992025,83.3462549845378,66.7860336303711,24.8051182883126,0,0,0,23.4018127441406,49.4996823703542,27.6556017615578,0,47.1508979797363,0,59.1876729329427,55.732027053833,8.20080794357672,0,0,0,0,74.1873931884766,6.86283104440996,0,29.3314743041992,0,3.88755078499134,0,6.82141216162121,0,0,32.5577211380005,0,32.0351120341908,0,13.4350342184112,0,18.0553612386858,0,0,0,0,73.524040222168,0,0,99.2284927368164,70.5700963338216,63.4195365905762,0,15.6729531659106,12.7380064936245,28.7549047055452,27.7208476433387,0
0,39.1016319914709,0,58.648255666097,0,0,0,0,14.6841179827968,40.449793900302,0,63.5232429504395,0,0,7.64880890659343,51.0239574231599,0,18.0198734430669,17.5101374127304,0,0,25.9285384359814,3.3329762617747,27.3185265831325,15.9622495917991,41.6200591582286,7.79631869897902,60.7453197479248,0,0,0,0,60.9514350891113,70.1730995178223,64.4280118942261,89.1871894836426,70.2342359754774,37.8878076993502,0,0,65.0809440612793,49.8057405731895,50.741705425715,48.543065071106,48.6074047088623,61.2340830289401,0,61.9821431477865,65.7816677093506,62.5777228219169,0,0,0,0,19.2740229530514,42.1239863804408,0,0,0,58.7201442718506,7.53743085132577,50.3483527314429,0,0,16.3525683879852,3.15349984169006,34.5343890666962,16.9790876828707,40.2804370607649,8.63311356656692,0,0,0,0,0,65.3598806063334,0,63.4327212742397,86.8412477142957,76.636313365056,58.430913734436,0,16.2136941987651,61.7348520379317,31.614178921047,53.1405392547152,0
0,31.6791442129025,0,37.9818559552802,0,0,0,0,36.8039201993621,16.0082986359884,0,0,0,13.4516424245613,44.8687242507935,19.027470607024,18.0198734430669,0,25.2489324785342,0,0,15.7313789359548,0,20.5638891801067,25.3880212704341,11.5070112416852,37.2250884662975,7.70165071072786,0,0,0,0,82.0337715148926,73.778076171875,72.833823521932,88.6685100131565,83.9256947835286,29.8161646669561,0,0,0,38.8359091997147,58.3475474193419,39.4680906436787,45.2171173095703,47.0370457822626,0,70.4585360118321,71.3382680939465,30.1457816508778,0,0,0,0,34.0605996979607,20.3139075939914,0,38.1656360626221,0,22.0995104653495,40.1115865707397,17.6429384053397,124.973861694336,0,16.3319375618644,0,24.0398264541758,26.8460409800212,15.0929840086957,28.8414839426676,15.1628245512644,0,0,0,0,75.9062510234554,78.8083190917969,73.1726055974546,88.7032787181713,82.6300347775829,35.4416159116305,0,11.8002820471488,12.6308509232159,40.4964288702152,37.4420431051681,0
6.21104132409753,21.1447289960901,7.60113156946141,35.5600929260254,0,0,0,0,15.4132232086255,28.8831542442585,0,46.6449584960938,0,38.129093170166,23.4427527479223,37.4391783100285,17.5101374127304,25.2489324785342,0,0,0,43.8364989207341,0,36.4063119054998,23.8593529803412,43.2975181184966,28.3099943109461,46.0169079120343,0,0,0,29.2744731903076,33.8564277648926,50.5497890340871,38.4614866234007,64.9518444449813,48.620880481175,42.1346923283168,10.5071295336181,77.4739608764648,41.4158401489258,17.8227221748783,13.7172127746707,27.373796600185,14.4050510099956,40.8533108752707,71.214542388916,35.9259865038063,42.1424884258861,40.2228334828427,0,0,0,0,17.7288894756981,30.6356081962585,0,0,0,44.5079562664032,25.3822707686313,33.9518331800188,76.1253331502279,0,94.1332778930664,0,45.1880072969379,21.3649296616063,45.611402797699,35.5352325439453,0,0,0,0,38.3976936340332,43.7506666730164,44.3390191396077,38.3260685066124,58.7097175386217,53.5089370909915,48.062387254503,15.7299840233543,12.9915564481851,29.5673174528482,12.2909256214401,33.8630335486032,23.1960852940877
0,0,0,0,0,0,0,0,0,0,0,7.11280570711408,0,0,0,0,0,0,0,0,0,0,0,0,0,0,0,0,0,13.3234761832124,0,0,0,47.9169960021973,0,16.4771262349542,0,14.2716695403352,0,0,0,10.4817537567632,0,0,0,6.45647492586089,0,0,0,16.9542363340204,0,0,0,0,0,0,0,7.74636894256501,0,0,0,0,5.80932067207426,0,0,0,0,0,0,0,0,0,10.2844151400384,0,0,0,0,0,23.773245727706,0,16.2267584131151,0,6.08567602477388,10.6943822966682,7.4743342086247,9.89517651557922,0
0,0,0,0,6.1291360737365,0,5.71676063537598,0,0,0,5.27678168301436,0,0,0,0,0,0,0,0,0,0,0,0,0,0,0,0,0,0,0,0,0,0,0,0,0,5.68328753515204,0,3.76659258348601,0,0,0,0,0,0,0,7.07055590057373,0,0,0,9.47943592071533,0,0,0,0,0,6.13025826268492,0,0,0,0,0,0,5.25365509922253,0,0,0,0,0,0,0,0,0,9.26219844818115,0,0,0,0,0,7.41455951103797,0,8.7106556892395,5.34491972719622,0,4.50729829161914,0,0
0,34.973449673569,0,47.4052886962891,0,0,0,0,39.1125249862671,36.4484480222066,0,0,0,0,35.9360694885254,33.1757572174072,25.9285384359814,15.7313789359548,43.8364989207341,0,0,0,3.93653165913064,9.41457582556683,32.3260307312012,14.6276550831333,0,3.28542904670422,0,0,0,0,0,0,0,0,0,3.32007577489404,4.75533726636101,0,0,37.4296441078186,64.0256314958845,49.2691459655762,0,0,0,0,0,5.7903121179397,0,0,0,0,0,34.1059773763021,0,0,0,0,0,27.9472867250443,0,0,4.40284409188538,6.56195831298828,16.3715919767107,0,18.0524276400369,0,3.5564397693774,0,0,0,0,79.4592628479004,0,79.8596267700195,0,87.391471862793,3.46435657775763,8.64940222104391,9.28257589370679,29.8683022090367,47.4960169110979,43.1697273254395,0
0,0,0,0,0,0,0,0,0,0,0,0,0,0,13.8985729217529,0,3.3329762617747,0,0,0,0,3.93653165913064,0,0,5.45629616799178,0,3.48365085808806,0,11.4799045632395,0,0,0,0,20.9733867645264,18.6499635989849,0,0,0,6.31372424747367,0,0,0,0,0,0,0,0,17.5426785151164,7.33876749104674,0,0,0,0,0,0,0,0,0,0,0,0,0,0,0,4.36029537518819,4.44873927669993,0,4.08865469694138,0,6.40964703048979,0,5.93149320080749,0,20.5940856933594,0,0,0,11.4899489236256,0,0,0,6.99040912861048,5.26076141353556,4.43335279788094,20.8900356292725,0,0
0,30.1077914896591,0,41.6656716664632,0,0,0,0,35.1950958714341,30.4769339059529,0,0,0,0,40.3588943481445,30.7534489240803,27.3185265831325,20.5638891801067,36.4063119054998,0,0,9.41457582556683,0,0,24.914717061179,21.5984133068878,0,0,0,0,0,0,0,0,76.6935806274414,116.072376251221,0,6.51843021579624,0,0,0,18.3631121509678,56.639978090922,55.7256408691406,0,0,0,78.2880630493164,65.6785583496094,42.1956851959228,0,0,0,0,42.8854429721832,28.2613718509674,0,9.94160556793213,0,48.9055519104004,0,30.9962112285473,0,0,18.5354671478271,0,12.1337021770685,24.922310590744,21.3364068667094,35.0857238769531,8.13183736801147,0,0,0,0,0,0,0,0,79.3272171020508,7.84813453840173,0,21.9779627199297,50.8796250479562,30.9816061576207,19.5343683737296,0
8.40015209638155,43.1670694765837,0,0,0,0,0,0,16.5108507275581,41.294734954834,0,0,0,0,15.6189045625574,44.2981033325195,15.9622495917991,25.3880212704341,23.8593529803412,0,0,32.3260307312012,5.45629616799178,24.914717061179,0,43.4634166717529,6.47186641881962,0,0,0,0,0,0,0,0,0,0,22.8915567398071,5.39196584178406,0,0,36.4085760116577,58.8177197774251,47.8116683959961,0,0,0,74.7546310424805,8.56605430210338,0,0,0,0,0,8.41177779436111,34.7606010437012,0,0,0,0,10.771781206131,49.9256477355957,0,0,0,5.26363833393671,33.6815641066607,3.92226362689106,42.4459247589111,9.54805517196655,0,0,0,0,0,0,0,0,0,0,0,6.65124905109406,22.7580426106999,59.1709537506104,4.85870008608874,46.8356513977051,0
0,27.7134683253401,0,32.1753371986183,0,0,0,0,45.6013870239258,21.6934938058257,0,0,0,6.2294718682766,57.5065612792969,16.2833285890904,41.6200591582286,11.5070112416852,43.2975181184966,0,0,14.6276550831333,0,21.5984133068878,43.4634166717529,0,0,4.33403106737538,0,0,0,0,67.612060546875,0,69.7904357910156,77.5344848632812,91.5803451538086,15.2781491279602,0,0,0,32.1529664825975,56.7586201398801,35.4351713280929,0,48.9275024414062,0,66.2573231288365,68.7366676330566,15.9455562949181,0,0,0,0,54.2376575469971,26.9844561609729,0,20.8770084381104,0,6.73732952955292,0,12.3722360216338,0,0,16.8232128620148,0,24.0095031572425,37.6743545532227,6.35110824913945,0,5.21548162671653,0,0,0,0,69.8473129272461,0,72.8973922729492,76.4899406433105,81.7417941623264,33.9384689331055,0,13.607108397498,30.8248904418945,37.0301586108261,32.732171758016,0
0,0,0,0,0,0,0,0,12.6911161124301,0,0,0,0,0,8.54252446449555,57.168327331543,7.79631869897902,37.2250884662975,28.3099943109461,0,0,0,3.48365085808806,0,6.47186641881962,0,0,0,3.05635253588359,0,0,0,0,0,0,0,0,27.6408863067627,0,0,0,0,0,0,0,0,0,0,0,0,0,0,0,0,15.1478802680969,0,0,0,0,0,5.2726528468548,0,0,0,0,4.49692992369334,0,13.5025518590754,0,3.97428365578329,0,2.92709019449022,0,0,0,0,0,0,0,0,66.5723190307617,0,13.9089230832143,0,0,63.4611434936523,0
0,29.3589121011587,0,33.5051422119141,0,0,0,0,0,44.0135841369629,0,6.3427166395687,0,6.96434668849592,0,11.498047363013,60.7453197479248,7.70165071072786,46.0169079120343,0,0,3.28542904670422,0,0,0,4.33403106737538,0,0,0,3.78820633848574,0,0,0,0,0,0,70.7171859741211,5.36366846300975,0,0,0,0,61.3943195343018,37.8426368713379,0,0,0,0,68.2870483398438,19.3361763954163,0,0,0,0,0,0,0,8.80693495791891,0,6.05169976136041,0,13.136365478156,0,0,3.1586256980896,0,33.6991472244263,0,4.66198380635335,0,4.95028860754761,0,3.7128489891688,0,0,0,0,0,0,0,6.34830246011863,0,4.95255731398527,4.00927734375,38.8444291523525,45.3921966552734,0
0,0,0,0,0,0,0,0,0,0,0,0,0,0,0,0,0,0,0,0,0,0,11.4799045632395,0,0,0,3.05635253588359,0,0,0,2.96240925788879,0,0,0,0,0,0,0,7.61713704621861,0,0,0,0,0,0,0,0,0,12.4529003143311,0,0,0,0,0,0,0,0,0,0,0,0,0,0,0,0,11.156047061225,0,10.8103115375225,0,7.38241343283921,0,4.75772104509208,0,0,0,0,0,0,0,0,0,11.8061827696287,0,0,0,0,0
0,0,0,0,0,0,0,0,0,0,0,7.81402377319336,0,5.96234799445944,0,0,0,0,0,13.3234761832124,0,0,0,0,0,0,0,3.78820633848574,0,0,0,0,0,56.5726337432861,0,53.0126129150391,0,4.93031855269687,0,40.6745223999023,0,44.353343963623,0,0,0,17.1374237465136,0,0,0,0,0,0,0,0,0,0,0,7.16700009955093,0,0,0,0,15.4057825168887,0,0,0,0,0,0,0,4.45810317873556,0,4.34227008442953,0,0,0,0,0,46.8340411009612,0,7.33728463838059,0,7.68102369039831,72.03173828125,30.2574397495815,0,0
0,0,0,0,0,0,0,0,0,0,9.05779907933201,0,0,0,0,0,0,0,0,0,0,0,0,0,0,0,0,0,2.96240925788879,0,0,0,0,0,0,0,0,0,8.43545069229909,0,0,0,0,0,0,0,0,0,0,0,0,0,0,0,0,0,9.18942280610402,0,0,0,0,0,0,0,0,0,0,0,0,0,0,4.98202571868896,0,5.95088215381051,0,0,0,0,0,0,0,11.4809598945691,8.53800184076483,0,0,0,0
0,0,0,0,0,0,0,0,0,0,0,0,0,0,0,0,0,0,29.2744731903076,0,0,0,0,0,0,0,0,0,0,0,0,0,4.50462770765754,9.44607067108154,0,6.81713713219957,6.91259559092483,55.4025650024414,0,23.5653999228226,33.9333381652832,14.0963110556969,33.5136919888583,0,0,31.2602248325526,32.8673339676071,6.24591840306918,27.4562473297119,11.6622444939439,0,0,0,0,0,0,0,46.1070461273193,0,0,0,0,39.1092220105623,43.4191398620605,0,0,0,0,0,0,0,0,0,53.5029487609863,3.89979875374807,10.1448121468226,4.46121766169866,39.5397891998291,8.15116091628308,10.7324199263566,57.3293294906616,57.6238692147391,5.91370422323955,0,28.2761892700195,0,47.9210982689491
0,66.2401949564616,0,0,0,0,0,0,0,0,0,0,0,0,0,0,60.9514350891113,82.0337715148926,33.8564277648926,0,0,0,0,0,0,67.612060546875,0,0,0,0,0,4.50462770765754,0,0,17.9908120351679,8.36883643821434,10.071869557454,0,0,0,12.7419912092613,42.9097962379456,32.1277499198914,0,0,0,44.7033195495605,15.550856843488,11.6887241671325,0,0,0,0,0,0,0,0,121.55396270752,0,0,0,54.6751518249512,0,0,0,0,0,0,0,0,0,0,0,0,5.63958237891973,8.03963490184556,0,16.9610730186105,12.1946112768991,10.5214992298694,0,0,6.09423056217509,0,40.8378987312317,0,0
0,0,0,0,0,0,0,0,0,61.5010566711426,0,50.6839122772217,0,0,0,0,70.1730995178223,73.778076171875,50.5497890340871,47.9169960021973,0,0,20.9733867645264,0,0,0,0,0,0,56.5726337432861,0,9.44607067108154,0,0,7.04254313247656,9.10221791228925,7.39572649653732,7.46956021186204,11.1369129260381,30.3869261060442,30.6993995666504,14.3449300679884,30.8252394430978,37.0602474212646,0,33.0908756570329,35.5782597218575,8.96390080496446,40.3093442183274,14.0433561646619,0,0,0,0,0,0,0,50.7226578848703,0,0,0,0,42.0442049887872,49.6681680679321,0,24.4125308990479,0,77.9502105712891,0,0,0,0,0,56.9838989257812,7.20684198008643,36.4783119360606,5.23467940558103,9.10948001289647,13.5877744389104,16.7112148997239,11.9176666479729,18.7480168236627,7.44780287009974,26.7158521050992,28.9866655730447,35.9538728925917,50.5925526338465
0,54.1432927449544,0,0,0,0,0,0,0,68.499153137207,0,0,0,0,0,65.8835995992025,64.4280118942261,72.833823521932,38.4614866234007,0,0,0,18.6499635989849,76.6935806274414,0,69.7904357910156,0,0,0,0,0,0,17.9908120351679,7.04254313247656,0,35.0906347794966,7.66401188724725,8.61021180586381,6.37075335437983,0,31.1533303941999,22.1791894652627,20.3853573898836,37.163013458252,0,53.3902549743652,37.0155419192268,7.99783819198608,7.93842627393438,43.2269539833069,0,0,0,0,0,0,0,0,0,0,0,57.760555267334,0,44.8945598602295,0,19.2739039028392,82.1773986816406,0,0,0,0,0,0,50.1414651870728,28.7412185668945,16.2468539408011,6.22442593851859,5.98506074543019,64.2795843396868,15.9629772178378,13.5522906951904,6.52666918144204,9.34627692532497,11.8822214781127,29.146304733835,29.7850606441498,46.7929153442383
0,71.7532909393311,0,0,0,0,0,0,0,74.2450121099299,0,34.9661810703767,0,0,0,83.3462549845378,89.1871894836426,88.6685100131565,64.9518444449813,16.4771262349542,0,0,0,116.072376251221,0,77.5344848632812,0,0,0,53.0126129150391,0,6.81713713219957,8.36883643821434,9.10221791228925,35.0906347794966,0,6.59188559347583,7.40604815503086,78.9488067626953,46.380424631053,77.802001953125,39.9306415828121,72.573819569179,47.9791549046834,58.3604278564453,32.4293518286793,48.033071245466,32.9594284072518,83.0572269984654,27.9901619648869,0,0,0,0,0,0,0,52.8842893327986,0,0,0,75.3908157348633,25.4134015287672,0,0,0,103.201179504395,0,119.075508117676,0,0,0,0,67.0622406005859,9.65309387255626,53.532948701278,13.0471931187211,77.6833231449127,7.6680279824996,15.4545710260218,13.9361432581524,0,7.47727512056532,7.0863198037976,38.4369665501164,39.4877561309121,0
0,57.4822273254395,0,0,6.89206139246623,0,0,0,0,0,10.0717487789336,0,0,0,0,66.7860336303711,70.2342359754774,83.9256947835286,48.620880481175,0,5.68328753515204,0,0,0,0,91.5803451538086,0,70.7171859741211,0,0,0,6.91259559092483,10.071869557454,7.39572649653732,7.66401188724725,6.59188559347583,0,3.81084370613098,6.01544882968648,0,13.7074596252538,44.8013569867169,22.9100669927462,64.7483673095703,0,0,37.1455450465246,17.859707521287,19.4495701847168,0,0,0,0,0,0,0,0,0,0,0,0,74.5629908243815,0,6.84504174972739,0,0,0,0,79.663200378418,0,0,0,0,58.8235466480255,8.87530104657437,16.302828026212,11.6404113154257,9.67653986920593,14.254483081542,6.82561016845108,43.1558882395426,8.22688265594846,5.67650968776292,6.04829103006929,31.88765669291,67.279369354248,54.2745273814482
0,24.4049282651959,0,27.2421588897705,0,0,0,0,29.1011571884155,0,0,6.06806249241698,0,0,0,24.8051182883126,37.8878076993502,29.8161646669561,42.1346923283168,14.2716695403352,0,3.32007577489404,0,6.51843021579624,22.8915567398071,15.2781491279602,27.6408863067627,5.36366846300975,0,4.93031855269687,0,55.4025650024414,0,7.46956021186204,8.61021180586381,7.40604815503086,3.81084370613098,0,3.62420019860995,38.3689384460449,0,13.7946048882048,0,0,0,19.310551854753,0,3.94077651626185,0,10.1867351393769,0,0,0,0,0,27.7010459899902,0,8.4155715378848,0,0,0,0,15.0772805642663,0,3.38084488756516,0,7.96271518353493,0,25.7084159851074,0,4.70234746190737,0,4.2674576391464,0,47.2916648864746,0,7.55178805396297,0,9.78988679206335,0,4.89728155308016,0,4.95960237300618,5.62457897432936,11.5419774570684,14.2934921865594,0
0,0,0,0,0,0,0,0,0,0,6.08891168995083,0,0,0,0,0,0,0,10.5071295336181,0,3.76659258348601,4.75533726636101,6.31372424747367,0,5.39196584178406,0,0,0,7.61713704621861,0,8.43545069229909,0,0,11.1369129260381,6.37075335437983,78.9488067626953,6.01544882968648,3.62420019860995,0,0,20.9692702293396,0,9.40495499847941,0,0,0,34.979035059611,8.1093772895261,6.86386626312532,0,0,0,0,0,0,0,8.69193348619673,0,0,0,0,0,0,3.09081807590666,0,7.83338510404905,0,5.06884908676147,0,6.39451526460193,0,14.5749845064082,0,15.0011423377745,0,66.1560363769531,0,5.90115932090554,0,8.23620279580487,6.44600448012352,5.52047982973961,5.87420631944642,6.35897294831464,6.9530182539248,0,0
0,0,0,0,0,0,0,0,0,0,0,35.6683444976807,0,0,0,0,0,0,77.4739608764648,0,0,0,0,0,0,0,0,0,0,40.6745223999023,0,23.5653999228226,0,30.3869261060442,0,46.380424631053,0,38.3689384460449,0,0,0,43.0753927230835,0,0,0,13.5035669649248,0,7.73159638364264,0,6.75231496493022,0,0,0,0,0,0,0,37.4813194274902,0,0,0,0,17.9764128235297,0,0,0,0,0,0,0,0,0,0,0,17.9540137342505,0,29.4128623008728,0,11.2924480723298,0,43.5380356528542,0,61.2981033325195,0,4.11346960067749,0,0
0,0,0,0,0,0,0,0,0,0,0,0,0,0,0,0,65.0809440612793,0,41.4158401489258,0,0,0,0,0,0,0,0,0,0,0,0,33.9333381652832,12.7419912092613,30.6993995666504,31.1533303941999,77.802001953125,13.7074596252538,0,20.9692702293396,0,0,27.2223930358887,30.7496999405526,0,0,42.3527870178223,11.3493221461612,5.62645791344723,9.16004446744919,0,0,0,0,0,0,0,0,0,0,0,0,0,0,14.7950122660779,0,0,0,0,0,0,0,0,0,35.4017118045262,0,9.08217919335437,33.8489513397217,38.5691146850586,0,9.18622717573054,0,18.8756528840615,43.3128494262695,74.0684852600098,27.7900559746216,63.0602569580078,30.5020160185985
0,16.9793210257655,0,15.17871012895,0,0,0,0,0,27.12194507878,0,10.3569379686476,0,33.9321222305298,0,23.4018127441406,49.8057405731895,38.8359091997147,17.8227221748783,10.4817537567632,0,37.4296441078186,0,18.3631121509678,36.4085760116577,32.1529664825975,0,0,0,44.353343963623,0,14.0963110556969,42.9097962379456,14.3449300679884,22.1791894652627,39.9306415828121,44.8013569867169,13.7946048882048,0,43.0753927230835,27.2223930358887,0,21.055199862682,21.7564146094852,36.8135452270508,22.4653728358886,33.6392189906194,14.6101847930127,36.1871045602335,8.50700014032921,0,0,0,0,70.1365051269531,21.4057917935508,0,8.50424861208598,0,0,0,29.8057358034195,14.9177701530342,0,0,0,19.0367136996725,0,34.2874389995228,0,13.4211881160736,0,8.19164049267257,0,19.8923270702362,30.940964442033,12.9388374033282,23.1691958330855,35.7729896492772,42.4320432394743,14.4262421271665,51.4822546641032,15.4630185078629,45.6697285926505,8.72881185909388,6.68097314022839,0
18.0911979675293,35.4189483261108,0,51.5899848937988,0,0,0,0,35.1933812754495,37.1008027076721,0,0,0,69.0301971435547,43.6015338897705,49.4996823703542,50.741705425715,58.3475474193419,13.7172127746707,0,0,64.0256314958845,0,56.639978090922,58.8177197774251,56.7586201398801,0,61.3943195343018,0,0,0,33.5136919888583,32.1277499198914,30.8252394430978,20.3853573898836,72.573819569179,22.9100669927462,0,9.40495499847941,0,30.7496999405526,21.055199862682,0,36.4903052647909,3.81304609067369,44.9384692907333,10.3234301028372,12.800532870086,10.4878835887853,52.3491611480713,0,0,0,0,40.0123519897461,40.5590703146798,0,0,0,63.8810768127441,0,46.4570424006535,82.0323206583659,11.4455541348925,0,0,72.8388481140137,0,56.0107639019306,0,0,0,0,14.3521900127331,38.2372159957886,26.2657658958435,28.8527811197134,16.7381712969351,70.4514563485478,21.4125825386687,67.7126239429821,15.6482819006887,15.0977242938033,54.4588341359739,10.6212091166156,36.3634807502522,6.08825449458893
0,12.554361436678,0,0,0,0,0,0,0,20.6347214525396,0,0,0,39.4197807312012,0,27.6556017615578,48.543065071106,39.4680906436787,27.373796600185,0,0,49.2691459655762,0,55.7256408691406,47.8116683959961,35.4351713280929,0,37.8426368713379,0,0,0,0,0,37.0602474212646,37.163013458252,47.9791549046834,64.7483673095703,0,0,0,0,21.7564146094852,36.4903052647909,0,0,11.2855338004328,0,35.1815280914307,50.0603170394897,38.9501263754708,0,0,0,0,0,15.1107065200806,0,0,0,34.5635452270508,0,25.0737464064259,0,0,0,0,44.7623710632324,0,34.4466110229492,0,0,0,0,0,0,0,0,46.0029888153076,49.2922983522768,76.159496307373,40.3112075805664,0,23.4274113326383,39.0414085388184,6.7891157277569,27.1270739078522,0
0,20.0734901428223,0,0,0,0,0,0,0,20.8204663594564,0,0,0,0,0,0,48.6074047088623,45.2171173095703,14.4050510099956,0,0,0,0,0,0,0,0,0,0,0,0,0,0,0,0,58.3604278564453,0,0,0,0,0,36.8135452270508,3.81304609067369,0,0,51.8300132751465,3.65636111630334,69.0456390380859,0,0,0,0,0,0,0,0,0,0,0,0,0,0,0,0,0,0,0,0,0,0,0,0,0,0,0,0,0,0,0,0,0,0,27.3088980317116,37.9018726348877,3.47438848162272,37.9159545898438,3.64304784025465
0,11.7332154796237,0,0,0,0,0,0,0,30.8917865753174,0,12.8803381844768,0,0,0,47.1508979797363,61.2340830289401,47.0370457822626,40.8533108752707,6.45647492586089,0,0,0,0,0,48.9275024414062,0,0,0,17.1374237465136,0,31.2602248325526,0,33.0908756570329,53.3902549743652,32.4293518286793,0,19.310551854753,0,13.5035669649248,42.3527870178223,22.4653728358886,44.9384692907333,11.2855338004328,51.8300132751465,0,45.8353177850897,30.1639433997018,44.7819166183472,25.3060249222649,0,0,0,0,0,0,0,11.792862887855,0,0,0,30.6766754786174,8.02057336376332,0,0,0,0,0,33.7169117927551,0,0,0,13.8048089858024,0,25.3047248078458,56.8597453435262,32.2555133968205,46.4283180236816,25.9606265755551,62.5890274047852,23.6807546283625,68.9950981140137,32.5524676550002,54.5325424194336,8.88898608788677,23.9079190142014,0
0,0,0,0,0,0,0,0,0,0,12.0769466486844,0,0,0,0,0,0,0,71.214542388916,0,7.07055590057373,0,0,0,0,0,0,0,0,0,0,32.8673339676071,44.7033195495605,35.5782597218575,37.0155419192268,48.033071245466,37.1455450465246,0,34.979035059611,0,11.3493221461612,33.6392189906194,10.3234301028372,0,3.65636111630334,45.8353177850897,0,27.9326683203379,21.572656200971,19.3955149650574,0,0,0,0,0,0,12.9599535281842,0,0,0,0,0,48.2481460571289,5.62343461278439,0,0,0,0,0,0,0,0,0,19.0252540615724,33.6120293265895,35.5711996078491,38.6898374557495,35.7180383171834,51.2359433855329,22.3725155122098,76.1936569213867,19.612521572113,32.4510071410073,0,10.759198353818,0,12.7292963280735
0,47.1413629319933,0,0,0,0,0,0,58.5406379699707,60.5773696899414,0,0,0,0,0,59.1876729329427,61.9821431477865,70.4585360118321,35.9259865038063,0,0,0,17.5426785151164,78.2880630493164,74.7546310424805,66.2573231288365,0,0,0,0,0,6.24591840306918,15.550856843488,8.96390080496446,7.99783819198608,32.9594284072518,17.859707521287,3.94077651626185,8.1093772895261,7.73159638364264,5.62645791344723,14.6101847930127,12.800532870086,35.1815280914307,69.0456390380859,30.1639433997018,27.9326683203379,0,6.57222346337636,8.20194648681301,0,0,0,0,0,48.8257255554199,0,0,0,0,0,56.8601881663005,35.3906967163086,0,0,23.8131332397461,0,0,69.9833119710286,0,0,0,0,44.3139572143555,13.0782207330068,13.3926747304698,8.35988281883356,9.4967569654408,31.4238227442199,20.0763225360144,10.3348502493356,8.10140895151183,9.39208763186436,47.7414500415325,10.8433377717165,21.1755333476596,32.391939163208
2.97405094570584,42.3904506138393,3.09240298800998,0,0,0,0,0,25.4620858828227,58.245156288147,0,0,0,0,0,55.732027053833,65.7816677093506,71.3382680939465,42.1424884258861,0,0,0,7.33876749104674,65.6785583496094,8.56605430210338,68.7366676330566,0,68.2870483398438,12.4529003143311,0,0,27.4562473297119,11.6887241671325,40.3093442183274,7.93842627393438,83.0572269984654,19.4495701847168,0,6.86386626312532,0,9.16004446744919,36.1871045602335,10.4878835887853,50.0603170394897,0,44.7819166183472,21.572656200971,6.57222346337636,0,71.0233764648438,0,0,0,0,0,49.8932113647461,0,0,0,0,0,54.9285629272461,54.1652297973633,17.7840737041674,0,14.4938733806977,0,7.8246375611829,72.7561340332031,9.47752917981615,0,5.42637098872143,0,4.82328494899678,60.9625205993652,10.085765434815,37.2590293884277,11.5840192029972,81.4334490740741,21.4237658638846,0,6.23819948408915,36.8425333626502,70.0428628187913,7.186864113217,58.3682994842529,18.2495909604159
0,6.96127624852317,0,29.9471826553345,0,0,0,0,0,14.2214622497559,0,13.7437504662408,0,0,0,8.20080794357672,62.5777228219169,30.1457816508778,40.2228334828427,16.9542363340204,0,5.7903121179397,0,42.1956851959228,0,15.9455562949181,0,19.3361763954163,0,0,0,11.6622444939439,0,14.0433561646619,43.2269539833069,27.9901619648869,0,10.1867351393769,0,6.75231496493022,0,8.50700014032921,52.3491611480713,38.9501263754708,0,25.3060249222649,19.3955149650574,8.20194648681301,71.0233764648438,0,0,0,0,0,0,6.78953978419304,0,9.84710837310215,0,5.11454021930695,0,6.88878879547119,23.8396612167358,0,4.19099590755303,0,4.84898290398357,0,9.25095531814977,0,7.69534352237796,0,5.42522501629709,0,9.46911671896961,68.085090637207,11.0980837064631,40.2212778727214,26.4400882533182,72.750373840332,8.14690345026778,0,17.2427417524159,65.6664556503296,7.75232030103886,14.9674491882324,0
0,0,0,0,3.8323613775652,0,3.86070183015639,0,0,0,0,0,0,0,0,0,0,0,0,0,9.47943592071533,0,0,0,0,0,0,0,0,0,0,0,0,0,0,0,0,0,0,0,0,0,0,0,0,0,0,0,0,0,0,0,3.12779667377472,0,0,0,4.29313769197105,0,3.21483206748962,0,0,0,0,0,0,0,0,0,0,0,0,0,0,0,0,0,0,0,0,0,0,0,5.20155193957877,0,4.66264899075031,0,0
0,0,0,0,0,0,0,0,0,0,0,0,0,0,0,0,0,0,0,0,0,0,0,0,0,0,0,0,0,0,0,0,0,0,0,0,0,0,0,0,0,0,0,0,0,0,0,0,0,0,0,0,0,0,0,0,0,0,0,0,0,0,0,0,0,0,0,0,0,0,0,0,0,0,0,0,0,0,0,0,0,0,0,0,0,0,0
0,0,0,0,3.32224784957038,0,3.33549519777298,0,0,0,4.75173497200012,0,0,0,0,0,0,0,0,0,0,0,0,0,0,0,0,0,0,0,0,0,0,0,0,0,0,0,0,0,0,0,0,0,0,0,0,0,0,0,3.12779667377472,0,0,0,0,0,4.24287836368267,0,0,0,0,0,0,0,0,0,0,0,0,0,0,0,0,0,0,0,0,0,0,0,0,0,4.43775745800563,0,0,0,0
0,0,0,0,0,0,0,3.35346388320128,0,0,0,0,0,0,0,0,0,0,0,0,0,0,0,0,0,0,0,0,0,0,0,0,0,0,0,0,0,0,0,0,0,0,0,0,0,0,0,0,0,0,0,0,0,0,0,0,0,0,0,0,0,0,0,0,0,0,0,0,0,0,0,0,0,0,0,0,0,0,0,0,0,0,3.15260136553219,3.4323673248291,0,0,0
2.85116577148438,76.8878402709961,0,0,0,0,0,0,11.737514649668,0,0,0,0,0,9.66974944453086,74.1873931884766,19.2740229530514,34.0605996979607,17.7288894756981,0,0,0,0,42.8854429721832,8.41177779436111,54.2376575469971,15.1478802680969,0,0,0,0,0,0,0,0,0,0,0,0,0,0,70.1365051269531,40.0123519897461,0,0,0,0,0,0,0,0,0,0,0,0,32.9740867614746,0,0,0,0,6.90541757236828,0,0,0,0,0,38.9784517288208,13.4732757012049,0,13.047612462725,0,0,0,0,0,50.9788436889648,0,0,0,0,0,0,17.3948286965362,0,0,0,0
0,6.15897216630536,0,28.8565216064453,0,0,0,0,84.6829299926758,5.54720210527119,0,0,0,17.4779014587402,0,6.86283104440996,42.1239863804408,20.3139075939914,30.6356081962585,0,0,34.1059773763021,0,28.2613718509674,34.7606010437012,26.9844561609729,0,0,0,0,0,0,0,0,0,0,0,27.7010459899902,0,0,0,21.4057917935508,40.5590703146798,15.1107065200806,0,0,0,48.8257255554199,49.8932113647461,6.78953978419304,0,0,0,0,32.9740867614746,0,0,0,0,21.0712223052979,0,7.81701803207397,0,0,0,0,37.7377378940582,0,35.1356841193305,0,0,0,0,0,0,61.3954162597656,0,0,76.6622670491536,67.3625869750977,42.6842188835144,0,12.6710679854377,17.3252267201742,29.8177294049944,18.7223163332258,0
0,0,0,0,4.85435795783997,0,4.21411317045038,0,0,0,5.62475326130447,0,0,0,0,0,0,0,0,0,6.13025826268492,0,0,0,0,0,0,0,0,0,9.18942280610402,0,0,0,0,0,0,0,8.69193348619673,0,0,0,0,0,0,0,12.9599535281842,0,0,0,4.29313769197105,0,4.24287836368267,0,0,0,0,0,3.3005267533389,0,0,0,0,8.98069667816162,0,0,0,0,0,0,0,5.26634628507826,0,4.44044112780738,0,0,0,0,0,0,0,6.04489578739289,6.34192969951224,0,2.94873118400574,0,0
0,8.87385892868042,0,0,0,0,0,2.84350419044495,0,0,0,5.52279981554554,0,8.232856909434,0,29.3314743041992,0,38.1656360626221,0,7.74636894256501,0,0,0,9.94160556793213,0,20.8770084381104,0,8.80693495791891,0,7.16700009955093,0,46.1070461273193,121.55396270752,50.7226578848703,0,52.8842893327986,0,8.4155715378848,0,37.4813194274902,0,8.50424861208598,0,0,0,11.792862887855,0,0,0,9.84710837310215,0,0,0,0,0,0,0,0,0,3.32773896626064,0,5.80254000425339,11.9046793365383,0,0,0,0,0,9.36284202337265,0,6.646988104437,0,5.9785095032824,0,44.5984840393066,0,44.712797164917,0,47.1158266957601,0,9.10204019235528,0,8.93606829843042,2.75106072425842,7.18351146080316,13.8967470169067,0
0,0,0,0,0,0,0,0,0,0,0,0,3.49452102184296,0,0,0,0,0,0,0,0,0,0,0,0,0,0,0,0,0,0,0,0,0,0,0,0,0,0,0,0,0,0,0,0,0,0,0,0,0,3.21483206748962,0,0,0,0,0,3.3005267533389,0,0,0,0,0,0,0,0,0,0,0,0,0,0,0,0,0,0,0,0,0,0,0,0,0,0,0,0,0,0
0,27.4869012832642,0,0,0,0,0,0,0,23.8454513549805,0,3.51632044820363,0,3.46973154624599,0,3.88755078499134,58.7201442718506,22.0995104653495,44.5079562664032,0,0,0,0,48.9055519104004,0,6.73732952955292,0,6.05169976136041,0,0,0,0,0,0,0,0,0,0,0,0,0,0,63.8810768127441,34.5635452270508,0,0,0,0,0,5.11454021930695,0,0,0,0,0,21.0712223052979,0,3.32773896626064,0,0,0,12.4283970218815,0,0,0,0,0,0,7.25136827167712,0,5.94402271906535,0,0,0,0,0,0,0,0,0,0,0,6.23898080847729,23.0509910583496,48.5637292861938,33.0517845153809,0
0,0,0,0,0,0,0,0,8.2421536879106,0,0,0,0,0,3.8590221071406,0,7.53743085132577,40.1115865707397,25.3822707686313,0,0,0,0,0,10.771781206131,0,5.2726528468548,0,0,0,0,0,0,0,0,0,0,0,0,0,0,0,0,0,0,0,0,0,0,0,0,0,0,0,6.90541757236828,0,0,0,0,0,0,0,0,0,0,0,0,11.7627862294515,0,6.14606585502625,0,0,0,0,0,0,0,0,0,0,0,0,8.96626196100038,0,0,0,0
0,15.3988360748472,0,21.0806812806563,0,0,0,0,0,8.66247306181037,0,0,0,10.2071321890192,47.894832611084,6.82141216162121,50.3483527314429,17.6429384053397,33.9518331800188,0,0,27.9472867250443,0,30.9962112285473,49.9256477355957,12.3722360216338,0,13.136365478156,0,0,0,0,54.6751518249512,0,57.760555267334,75.3908157348633,74.5629908243815,0,0,0,0,29.8057358034195,46.4570424006535,25.0737464064259,0,30.6766754786174,0,56.8601881663005,54.9285629272461,6.88878879547119,0,0,0,0,0,7.81701803207397,0,5.80254000425339,0,12.4283970218815,0,0,0,0,27.7022190093994,0,25.782702195017,0,9.35540786753083,0,13.701659232378,0,0,0,0,60.849513053894,0,61.4404716491699,69.1923528398786,72.8387654622396,0,0,14.5909611059293,10.7952988141131,27.4751519192471,21.87675942315,0
0,91.5229797363281,0,0,0,0,0,0,0,0,0,10.8677458264107,0,0,0,0,0,124.973861694336,76.1253331502279,5.80932067207426,0,0,0,0,0,0,0,0,0,15.4057825168887,0,39.1092220105623,0,42.0442049887872,0,25.4134015287672,0,15.0772805642663,0,17.9764128235297,0,14.9177701530342,82.0323206583659,0,0,8.02057336376332,48.2481460571289,35.3906967163086,54.1652297973633,23.8396612167358,0,0,0,0,0,0,0,11.9046793365383,0,0,0,0,0,0,0,0,0,0,0,0,0,0,15.1147130498982,0,26.4105280931445,95.8454818725586,40.2084758064964,0,25.5467100732583,70.887585957845,18.3901338525086,0,15.332972876552,73.5723876953125,9.05291656294807,13.6578824122747,0
0,0,0,0,0,0,0,0,0,0,8.53184715906779,0,0,0,0,0,0,0,0,0,5.25365509922253,0,0,0,0,0,0,0,0,0,0,43.4191398620605,0,49.6681680679321,44.8945598602295,0,6.84504174972739,0,3.09081807590666,0,14.7950122660779,0,11.4455541348925,0,0,0,5.62343461278439,0,17.7840737041674,0,0,0,0,0,0,0,8.98069667816162,0,0,0,0,0,0,0,0,0,0,0,0,0,0,0,0,10.7521084679498,0,0,47.2944946289062,0,0,9.80162085576491,0,13.6874666213989,8.15899850623276,0,6.15677027626038,0,19.578706741333
0,37.5628280639648,0,42.950080871582,0,0,0,0,0,0,0,0,0,0,0,32.5577211380005,16.3525683879852,16.3319375618644,94.1332778930664,0,0,4.40284409188538,4.36029537518819,18.5354671478271,0,16.8232128620148,0,3.1586256980896,0,0,0,0,0,0,0,0,0,3.38084488756516,0,0,0,0,0,0,0,0,0,0,0,4.19099590755303,0,0,0,0,0,0,0,0,0,0,0,27.7022190093994,0,0,0,0,3.65522125789097,0,19.3870146615165,0,4.98363411879238,0,0,0,0,0,0,0,0,0,3.38502196116107,0,7.12720871986227,0,0,0,0
0,0,0,0,0,0,0,0,0,0,0,0,0,0,0,0,3.15349984169006,0,0,0,0,6.56195831298828,4.44873927669993,0,5.26363833393671,0,4.49692992369334,0,11.156047061225,0,0,0,0,24.4125308990479,19.2739039028392,0,0,0,7.83338510404905,0,0,0,0,0,0,0,0,23.8131332397461,14.4938733806977,0,0,0,0,0,0,0,0,0,0,0,0,0,0,0,0,0,0,6.79725138921487,0,7.63544467572243,0,5.30930319032469,0,0,0,0,0,13.5141477130708,0,0,0,7.67360100565077,6.62228456021467,6.75687155811065,0,0,0
0,31.2229246538739,0,38.5376595088414,0,0,0,0,51.4076995849609,29.0635236104329,0,0,0,0,0,32.0351120341908,34.5343890666962,24.0398264541758,45.1880072969379,0,0,16.3715919767107,0,12.1337021770685,33.6815641066607,24.0095031572425,0,33.6991472244263,0,0,0,0,0,0,82.1773986816406,103.201179504395,0,7.96271518353493,0,0,0,19.0367136996725,72.8388481140137,44.7623710632324,0,0,0,0,0,4.84898290398357,0,0,0,0,38.9784517288208,37.7377378940582,0,0,0,0,0,25.782702195017,0,0,3.65522125789097,0,0,25.1813850402832,10.9379608886583,37.100658416748,5.93301580891465,0,0,0,0,83.3121871948242,0,79.6386108398438,0,0,7.52948474884033,0,22.5162920676745,48.4028503417969,9.36128736425329,22.4949919700623,0
8.38251991271973,47.4696632385254,0,0,0,0,0,0,18.8249820245279,60.7041168212891,0,0,0,0,14.1653273105621,0,16.9790876828707,26.8460409800212,21.3649296616063,0,0,0,4.08865469694138,24.922310590744,3.92226362689106,37.6743545532227,13.5025518590754,0,10.8103115375225,0,0,0,0,77.9502105712891,0,0,0,0,5.06884908676147,0,0,0,0,0,0,0,0,0,7.8246375611829,0,0,0,0,0,13.4732757012049,0,0,0,0,0,11.7627862294515,0,0,0,0,6.79725138921487,25.1813850402832,0,0,7.26416519854931,0,9.16887297232946,0,0,0,0,0,0,0,0,0,4.39343452453613,25.2212324695311,0,5.5961110789655,0,0
0,26.5617063613165,0,27.9616195133754,0,0,0,0,44.6583843231201,23.0192921161652,0,12.845757484436,0,6.66816522236224,0,13.4350342184112,40.2804370607649,15.0929840086957,45.611402797699,0,0,18.0524276400369,0,21.3364068667094,42.4459247589111,6.35110824913945,0,4.66198380635335,0,0,0,0,0,0,0,119.075508117676,79.663200378418,25.7084159851074,0,0,0,34.2874389995228,56.0107639019306,34.4466110229492,0,33.7169117927551,0,69.9833119710286,72.7561340332031,9.25095531814977,0,0,0,0,0,35.1356841193305,0,9.36284202337265,0,7.25136827167712,0,9.35540786753083,0,0,19.3870146615165,0,10.9379608886583,0,0,0,5.3459342438577,0,0,0,0,73.1078369140625,0,0,0,0,22.2691135406494,0,13.2559759543595,35.5629269282023,17.8281255337729,29.1381629943848,0
