0,0,62.1082734763622,0,0,0,0,0,390.638360351324,0,0,0,0,0,0,0,0,0,1.68732708692551,0,0,0,0,0,0.570024311542511,0,0,0,0,0,0,0,0,0,0.499745205044746,0,0,7.5582774579525,8.04189220070839,0,0,0,3.528245434165,0,0,0,0,15.6904755681753,168.842494353652,0,0,0,0,0,235.076637148857,0,0.34808337688446,0,0,0,29.2794923782349,0,0,0,0,0,0,0,0,0,0,0,0,0,0,0,0,0,0,0,0.506560474634171,0,19.739101305604,0,130.642104163766,0,1.56830118596554
0,0,0,11.6057682037354,0,0,0,0,0,179.447141885757,0,0,0,0,0,0,0,0,6.44363451004028,0,0,0,0,0,0,0,0,0,0,0,0,0,0,0,0,0,0,0,0,0.11589340865612,0,32.8753262460232,0,0,0,0,0,0,0,17.7046587765217,0,0,0,0,0,255.338604524732,0,0.209590658545494,0,0,0,33.1303938031197,0,0,0,0,0.534462332725525,0,0,0,0,0,2.32790160179138,0,0,0,0,0,0,0,1.17896319925785,0,17.715191334486,0,171.061964184046,0.680429935455322,0
62.1082734763622,0,0,0.131288707256317,0,0,0,0,8.79458463191986,0,0,0,0,0,0,0,0,0,0,0,0,0,0,0,0,0,0,0,0,0,0,0,0,0,0,0,0,0.890115201473236,0.385619252920151,0,0,0.160625040531158,18.8101285398006,0,0,0,0,0.730417549610138,116.800535589457,0.12396015226841,0.955538272857666,0,0,0,3.97613835334778,0,51.087387740612,0,26.6160129904747,0,0,0,0,2.48878619074821,0,0,0,0,0,0,0,0,0,5.54999049007893,0,0,0.434177652001381,0,0,0.862113535404205,0,6.98727050423622,34.9473241865635,0,434.067326180637,0,0
0,11.6057682037354,0.131288707256317,0,0,0,0,0,0,0,0,0,0,0,0,0,0,0,18.3216868489981,0,0,0,0,0,0,0,0,0,0,0,0,0,0,4.25938464701176,0,23.9096737056971,0,0,0,53.9274110421538,0.238110363483429,154.445207268,2.26987665146589,0,0,81.9254213795066,2.23872338980436,52.2989454865456,2.52928294986486,64.2929775565863,0,0,0,0,0,0,0,31.5284770429134,0,6.83678591251373,0,0,24.7073178142309,0.136994197964668,0,0,0,0,0,0,0.221127435564995,0,37.856270134449,0.120344132184982,0,0,6.51662045717239,0,60.4992068260908,0.409487970173359,60.6466429978609,0,54.1653412133455,0,460.625867068768,0.823496907949448,0.1445082873106
0,0,0,0,0,0,0,0,0,0,0,0,0,0,0,0,0,0,0,0,2.32776266336441,0,0,0,0,0,0,0,0,0,0,0,0,0,0,0,3.0578865557909,0,0,0.173379048705101,1.0215744972229,0.778376638889313,9.98508054018021,0,0,0,0,0,16.1324132829905,0,37.2248898744583,0,0,0,5,0,0,0,0,0,0,0,0,49.2318163365126,0,0,0,0,0,0,0,0,0,1.04521799087524,0,0,0,0,0,1.06769455969334,0,3.69695538282394,4.69697040319443,0,44.9520437568426,0,0
0,0,0,0,0,0,0,6.24935460090637,0,14.4521508812904,0,0,0,0,0,0,0,0,0,1.54287850856781,0,0,0,0,0,0,0,0,0,0,0,0,0,0.805419206619263,0,5.45470882952213,0,0,0,0,0,1.70539709925652,0,0,0,11.8618278503418,0,0,0,1.68086521327496,0,1,0,0,0,27.2182779312134,0,0,0,0,0,0,80.4926038086414,0,0,0,0,0,0,0,0,0,0,0,0,0,0,0,18.292564034462,0,0,0,717.010267227888,7.7587251663208,4.6608382165432,0,0
0,0,0,0,0,0,0,0,0,0,0,0,0,0,0,0,0,0,0,0,3.83200466632843,0,0,0,0,0,0,0,0,0,0,0,0,0,0,0,0,0,0,0,0,0,0,0,0,0,0,0,0,0,0,0,0,0,0,0,0,0,0,0,0,0,0,0,0,0,0,0,0,0,0,0,0,0,0,0,0,0,0,0,0,0,357.113142967224,0,0,0,0
0,0,0,0,0,6.24935460090637,0,0,0,0,0,41.8220386505127,0,97.5714960098267,0,0,0,0,0,0,0,0,0,0,0,0,0,0,0,0,0,0,0,0,0,0,0,0,0,0,0,0,0,0,0,0,0,0,0,0,0,3,0,396.110959112644,0,0,0,0,0,0,0,0,0,0,0,0,0,0,0,0,0,0,0,0,0,0,0,0,0,0,0,0,36.9453822374344,0,0,0,0
390.638360351324,0,8.79458463191986,0,0,0,0,0,0,0,0,0,0,0,8.27465024590492,0,544.592869713902,240.636743709445,62.8165828436613,0,0,4.32883888483047,13.557866320014,3.31659755110741,114.029383420944,1.01631760597229,21.4592888504267,0,0,0,0,0,0,0,0,0,0.230939030647278,0.623334035277367,6.06741565465927,0.412091493606567,0,0.50257483124733,0.243343666195869,0,0,0,0,0.506904125213623,23.4800654351711,0,0,0,0,0,366.885890901089,0,0,0,0,0,5.28046858310699,0,0,0,0.456077337265015,1.37591964006424,0,7.52405731379986,0,4.44827115535736,0,0,0,0,0,0,0,0,3.63143852353096,0.701401382684708,1.68236337602139,0,399.663961812854,0,89.8774055093527,1.16522872447968,1.33734440803528
0,179.447141885757,0,0,0,14.4521508812904,0,0,0,0,0,0,0,0,0,0,4.68270641565323,57.8870784044266,11.4428997635841,0,0,0,0,59.4351838827133,1.79497110843658,0,2.91437244415283,0,0,0,0,0,0,0,0,0,0,2.74902722239494,0,0,0,0,0,0,0,0,0,0,0.337539851665497,2.92457044124603,0,0,0,0,0,1251.95488771796,0,0,0,0,0,5.47502684593201,0,0,0,0,3.12992429733276,0,2.82889032363892,0,0,0,0,0,0,0,0,0,0,0,1.16979426145554,1.65750443935394,604.205280840397,12.63334441185,75.1429438889027,0,0
0,0,0,0,0,0,0,0,0,0,0,0,0,0,0,0,0,0,0,0,370.268252074718,0,0,0,0,0,0,0,0,0,101.866317152977,0,0,0,0,0,496.977950960398,0,839.632535785437,0,0,0,0,0,0,0,0.347071707248688,0,0,0,0,0,0,0,0,0,1065.97217693925,0,0,0,0,0,0,10.4200033396482,0,0,0,0,0,0,0,0,0,10.9891244322062,0,0,0,0,0,2.21409446001053,0,88.8224900066853,374.997794345021,79.9051111936569,0,0,0
0,0,0,0,0,0,0,41.8220386505127,0,0,0,0,0,257.629833042622,0,0,0,0,0,454.640887707472,0,0,0,0,0,0,0,23.1844170689583,0,44.3958941996098,0,0,0,0,0,391.590511217713,0,1383.0826690197,0,0.390469640493393,0,0,0,0,0,10.5478883236647,0,0.276084840297699,0,0,0,0,0,0,0,0,0,1683.15657123923,0,0,0,0,348.50713993609,0,0,0,0,0,0,0,0,0,242.62378205359,0,0,0,0,0,104.890534326434,0,219.970273092389,0,370.277686208487,0,2.66338215768337,0,0
0,0,0,0,0,0,0,0,0,0,0,0,0,0,89.3684743642807,0,0,0,0,0,0,0,0,0,0,0,0,0,0,0,0,0,0,0,0,0,0,0,0,0,0,0,0,0,0,0,0,0,0,0,0,0,7,0,0,0,0,0,150.80077278614,0,0,0,0,0,0,0,0,0,0,0,0,0,0,0,0,0,0,0,0,0,0,0,1,0,0,0,0
0,0,0,0,0,0,0,97.5714960098267,0,0,0,257.629833042622,0,0,0,0,0,3.45281177759171,0,0,0,0,0,0,0,0,0,0,0,0,0,0,0,0,0,0,0,0,0,0,0,0,0,0,0,0,0,0,0,0,0,0,0,0,0,0,0,538.941344022751,0,452.066297769547,0,12.9481873512268,0,0,0,0,0,0,25.9253128767014,0,18.9022030830383,0,0,0,0,0,0,0,0,0,0,0,0,0,0,0,0
0,0,0,0,0,0,0,0,8.27465024590492,0,0,0,89.3684743642807,0,0,0,482.473543554544,31.874289393425,4.54042945802212,0,0,0,7.25756591558456,4.10973501205444,11.8767778277397,0,105.916050463915,0,0,0,0,0,0,0,0,0,0,0,0,0,0,0,0,0,0,0,0,0,0,0,0,0,0,0,94.630841255188,0,0,0,2.48468565940857,0,1.33659556508064,0,0,0,0,0,0,0,0,25.2610090076923,0,0,0,0,0,0,0,0,0,0,0,2.11629271507263,51.0149303078651,0,0.259492486715317,0,0
0,0,0,0,0,0,0,0,0,0,0,0,0,0,0,0,2.79452466964722,99.3488408327103,2.47516632080078,0,0,0,0,0,0,16.2106426358223,0,0,0,0,0,0,0,0,0,0,0,0,0,5.20876574516296,0,0.633135378360748,0,0,0,0,0,0,0,0,0,0,0,0,0,0,0,0,0,0,0,37.6024262905121,0,0,0,0,0,0,55.5594398975372,0,0,0,0,0,0,0,0,0,1.88792836666107,0,1.60582756996155,0,6.9747716486454,0,0,0,0
0,0,0,0,0,0,0,0,544.592869713902,4.68270641565323,0,0,0,0,482.473543554544,2.79452466964722,0,15989.3804529533,3896.52659194171,0,0,65.4842451065779,740.72374266386,72.1651477515697,923.296580642462,17.7677269279957,1310.77129538357,2.83857876062393,0,0,0,0,0,0.486835509538651,0,11.8123704269528,3.52119795978069,0.198055401444435,13.3744057416916,46.2662933692336,46.042215295136,74.401418633759,102.566102229059,4.7601539939642,0,3.26265750080347,18.9730931147933,1.78015971183777,1.44254499673843,2.76068097352982,0,0,0,0,0.532678008079529,0,1.99011343717575,0,0,0,27.6993505209684,0,0,13.3698278144002,22.2229601740837,32.168089941144,0,13.5480440855026,29.7802156507969,79.1785999536514,0,0,12.0931612253189,9.25204013288021,0,0,0,0,114.762868463993,152.840318322182,101.599265418947,98.7603115364909,7421.08584515005,393.409783750772,84.0046862512827,14.1413421034813,20.4783409833908
0,0,0,0,0,0,0,0,240.636743709445,57.8870784044266,0,0,0,3.45281177759171,31.874289393425,99.3488408327103,15989.3804529533,0,4193.05673544109,0,0,418.466812193394,99.8454008102417,200.176931589842,431.088336065412,1496.87928938866,78.6060243993998,127.849442332983,0,0,0,0,0,0,0,11.4661138579249,0.291874498128891,2.8299146592617,0,32.0104865059257,10.5424544662237,64.9356777817011,30.082252651453,3.04727017879486,0,4.67881976813078,3.11903183162212,1.13691222667694,0.780791208148003,4.90552790462971,0,0,0,0,0,9.67054206132889,2.55025207996368,0,0,0,5.25604590773582,0,0.150640025734901,2.82416626811028,94.2115988731384,13.538972735405,30.5608723163605,28.0971326678991,398.53197285533,8.45147132873535,74.0266782939434,0,10.8897131085396,5.13241495192051,0,0,0.26503399014473,0,132.438785202801,50.9885977208614,109.122782811522,42.3271106183529,6831.55772507936,839.635597616434,41.370994053781,10.3313356935978,8.41042593121529
1.68732708692551,6.44363451004028,0,18.3216868489981,0,0,0,0,62.8165828436613,11.4428997635841,0,0,0,0,4.54042945802212,2.47516632080078,3896.52659194171,4193.05673544109,0,0,1.25923597812653,13.18193782866,26.9362327754498,3.51871985197067,105.457809045911,4.87566393613815,21.7608148753643,0.442454874515533,0,0,0,0,0,0.154913410544395,0,95.3598591163754,69.8149474337697,8.4362583681941,5.61898903548717,514.815227292478,352.415771484375,791.16648645699,627.230003386736,225.528265789151,5.31628003716469,74.6846513599157,199.536085143685,10.3266252353787,22.5737864896655,41.9728954136372,0,0,0,0,0,0,15.7606348991394,10.5570203214884,0.134020760655403,0,4.53464031219482,0,17.7846054062247,139.695712044835,2.58630573749542,0,0,6.66842526197433,14.858264952898,2.29991036653519,0,0,104.568565629423,122.798359669745,0,0,1.00931439548731,0,1513.64858750254,1828.31389986724,1151.83237478137,896.634376466274,3926.86981928349,1.05311344563961,1528.69354614615,54.3341072797775,95.9189643040299
0,0,0,0,0,1.54287850856781,0,0,0,0,0,454.640887707472,0,0,0,0,0,0,0,0,0,0,0,0,0,0,0,0,0,0,0,0,0,0,0,471.214509189129,0,20.3807594776154,0,0,0,0,0,0,0,0,0,0,0,0,0,0,0,0,0,0,0,69.3344320654869,0,0,0,0,1417.89199075103,0,0,0,0,0,0,0,0,0,0,0,0,0,0,0,125.74873931706,0,138.57431140542,0,37.9391183853149,0,0,0,0
0,0,0,0,2.32776266336441,0,3.83200466632843,0,0,0,370.268252074718,0,0,0,0,0,0,0,1.25923597812653,0,0,0,0,0,0,0,0,0,0,0,0.707766205072403,0,0,0,0,0,578.261594727635,0,146.585726648569,0,0.479690998792648,0,3.57375240325928,0,0,0,0,0,2.60426992177963,0,5.5369176864624,0,0,0,0,0,1368.1357140094,0,0,0,0,0,0,648.360902264714,0,0,0,0,0,0,0,0,0,239.660523161292,0,0,0,0,0,841.7116638273,0,737.336073949933,45.1006029695272,0.42954920232296,18.3855527639389,0,0
0,0,0,0,0,0,0,0,4.32883888483047,0,0,0,0,0,0,0,65.4842451065779,418.466812193394,13.18193782866,0,0,0,55.7887448072433,90.5320403575897,6.68422949314117,154.45843565464,0.292239844799042,0.48971226811409,0,0,0,0,0,0.622962772846222,0,0.23785325884819,0,943.60659262538,0,0,0,0,0,0,0,0,0,1.41838526725769,0.587720423936844,36.1487596333027,0,0,0,0,0,0,0,0,0,0,0,0,0,0,4706.16069458425,60.8882408738136,14.0410151183605,0,0,0,0,0,0,0,0,0,0,0,0,0,983.612596422434,0,1083.34300492704,301.78277605772,0.965149641036987,0,0
0,0,0,0,0,0,0,0,13.557866320014,0,0,0,0,0,7.25756591558456,0,740.72374266386,99.8454008102417,26.9362327754498,0,0,55.7887448072433,0,0,216.222166389227,0,153.65635189414,0,69.8738238811493,0,0,0,0,0,0,0,0,0,478.563540101051,0,0,0,2.55284214019775,0,0,0,0,0,12.6566812694073,0,0,0,0,0,0,0,0,0,0,0,3.40635630488396,0,0,2.37649774551392,1.89452624320984,4000.57772047818,0,28.4867529571056,0.458180785179138,41.1687589585781,0,0,0,0,0,0,0,0,0,0.275501400232315,0.115925550460815,38.955784291029,776.792518377304,599.698347747326,0,0,0
0,0,0,0,0,0,0,0,3.31659755110741,59.4351838827133,0,0,0,0,4.10973501205444,0,72.1651477515697,200.176931589842,3.51871985197067,0,0,90.5320403575897,0,0,7.24775847792625,79.2258454561234,0.447018831968307,0,0,0,0,0,0,0,0,0,0,63.8259564340115,0,0.484268575906754,0,0,0,0,0,0,0,0,0,16.1931331455708,0,0,0,0,0,0,0,0,0,0,1.42884230613708,0,0,0,36.6012310683727,0,275.63177844882,1.16084349155426,2.22881770133972,0,0,0,0,0,0,0,0,0,0.195923790335655,0,227.911510854959,0,291.293780088425,0,56.5937115252018,0,0
0.570024311542511,0,0,0,0,0,0,0,114.029383420944,1.79497110843658,0,0,0,0,11.8767778277397,0,923.296580642462,431.088336065412,105.457809045911,0,0,6.68422949314117,216.222166389227,7.24775847792625,0,0,277.328417420387,0,0,0,0,0,0,0,0,0.236485838890076,0.148732244968414,0,360.370170712471,0.963813982903957,1.34237015247345,2.11117465794086,3.71581190824509,0,0,0.241329520940781,3.79758773744106,0,0,0,0,0,0,0,2.32851541042328,0,0,0,0,0,5.58363652229309,0,0,0.142625525593758,1.65768110752106,6.52009582519531,0,154.136632174253,1.82585120201111,58.5182766914368,0,0,0,2.14348602294922,0,0,0,0,3.08124531060457,1.15828062593937,2.71111109852791,16.1742130368948,650.294810414314,0,2.36786550283432,0,0
0,0,0,0,0,0,0,0,1.01631760597229,0,0,0,0,0,0,16.2106426358223,17.7677269279957,1496.87928938866,4.87566393613815,0,0,154.45843565464,0,79.2258454561234,0,0,0,78.6291859745979,0,0,0,0,0,0,0,0,0,0,0,0,0,0,0,0,0,0,0,0,0,0,0,0,0,0,0,0,0,0,0,0,0,0,0,0,233.933365225792,0,32.8652726709843,0,32.7202591300011,0,26.3105725049973,0,0,0,0,0,0,0,0,0,1.70368975400925,0,76.9261590838432,0,0,0,0
0,0,0,0,0,0,0,0,21.4592888504267,2.91437244415283,0,0,0,0,105.916050463915,0,1310.77129538357,78.6060243993998,21.7608148753643,0,0,0.292239844799042,153.65635189414,0.447018831968307,277.328417420387,0,0,0,0,0,0,0,0,0,0,0.14899967610836,0,0,0.34871032834053,0,0,1.84230971336365,0,0,0,0,0,0,0,0,0,0,0,0,0,0,0,0,0,0,8.79055708646774,0,0,0,2.65289282798767,0.961892545223236,0,112.406396150589,1.48039948940277,72.6908695697784,0,0,0,0,0,0,0,0,0,0,0,0,304.653665691614,0,0,0,0
0,0,0,0,0,0,0,0,0,0,0,23.1844170689583,0,0,0,0,2.83857876062393,127.849442332983,0.442454874515533,0,0,0.48971226811409,0,0,0,78.6291859745979,0,0,0,468.250024020672,0,0,0,0,0,0,0,77.1610241532326,0,0,0,0,0,0,0,0,0,0,0,0,0,0,0,0,0,0,0,75.5804823637009,0,20.1027188301086,0,0,0,0,3.08972111344337,0,0,0,2.81428968906403,0,418.814992845058,0,24.761633515358,0,0,0,0,0,0,0,10.8469508290291,0,55.030908882618,8.271329164505,0,0,0
0,0,0,0,0,0,0,0,0,0,0,0,0,0,0,0,0,0,0,0,0,0,69.8738238811493,0,0,0,0,0,0,0,158.124450206757,0,0,0,0,0,0,0,300.865048885345,0,0,0,0,0,0,0,0,0,0,0,0,0,0,0,0,0,0,0,0,0,0,0,0,0,0,41.1059585213661,0,0,0,0,0,151.845571637154,0,29.2455868721008,0,0,0,0,0,0,0,10.8720138072968,85.9671812057495,3,0,0,0
0,0,0,0,0,0,0,0,0,0,0,44.3958941996098,0,0,0,0,0,0,0,0,0,0,0,0,0,0,0,468.250024020672,0,0,0,0,0,0,0,0,0,575.050402343273,0,0,0,0,0,0,0,0,0,0,0,0,0,0,0,0,0,0,0,2.4759164750576,0,0,0,0,0,0,0,0,0,0,0,0,16.8192143440247,0,520.658055275679,0,0,0,0,0,0,0,58.7797746062279,0,149.453050494194,0,0,0,0
0,0,0,0,0,0,0,0,0,0,101.866317152977,0,0,0,0,0,0,0,0,0,0.707766205072403,0,0,0,0,0,0,0,158.124450206757,0,0,0,0,0,0,0,0,0,868.090407192707,0,0,0,0,0,0,0,0,0,0,0,0,0,0,0,0,0,28.0385605841875,0,0,0,0,0,0,0.451460719108582,0,0,0,0,0,0,0,0,0,15.2213220894337,0,0,0,0,0,0,0,157.012239605188,209.160174518824,5,0,0,0
0,0,0,0,0,0,0,0,0,0,0,0,0,0,0,0,0,0,0,0,0,0,0,0,0,0,0,0,0,0,0,0,868.519081175327,37.6990728378296,1.98599076271057,603.529996395111,142.281365081668,0,0,0,0,0,0,0,0,0,0,1918.7394856438,0.984199345111847,0.493890285491943,0,0,0,0,0,0,0,0,0,0,0,0,0,0,0,0,0,0,0,0,0,0,0,0,2120.08369454741,521.854975879192,17.0538747161627,0,605.862568482757,38.1093848049641,0,0,547.01050311327,0,0,0,0
0,0,0,0,0,0,0,0,0,0,0,0,0,0,0,0,0,0,0,0,0,0,0,0,0,0,0,0,0,0,0,868.519081175327,0,0,0,0,95.4861994981766,0,0,0,0,0,0,0,0,0,0,1003.28922989964,0,0,0,0,0,0,0,0,0,0,0,0,0,0,0,0,0,0,0,0,0,0,0,0,0,0,1210.26416124403,4072.13804100454,7.02953445911407,101.82832211256,14.0169024169445,955.611418098211,0,0,1,0,0,0,0
0,0,0,4.25938464701176,0,0.805419206619263,0,0,0,0,0,0,0,0,0,0,0.486835509538651,0,0.154913410544395,0,0,0.622962772846222,0,0,0,0,0,0,0,0,0,37.6990728378296,0,0,2517.05536603928,214.00179463625,0,288.314347222447,84.1414946317673,1.51997762918472,0,5.45371384173632,3.76041290909052,0,0,6.87852475047112,0.202892981469631,2724.34874977916,41.7883482575417,29.6463815718889,0,0,0,0,0,0,0.220117762684822,0,0,0,0,0,1.58493196964264,0.276216574013233,0,0.632431417703629,0,0,0,0,0.14844211935997,0,1.26177385449409,0.316357642412186,16.1636289507151,0.1054772362113,4089.7893512249,1647.71512697637,106.831206478179,7.7838519141078,315.943519160151,90.6266038715839,1152.8182060644,62.0016120374203,37.1667337790132,0,0
0.499745205044746,0,0,0,0,0,0,0,0,0,0,0,0,0,0,0,0,0,0,0,0,0,0,0,0,0,0,0,0,0,0,1.98599076271057,0,2517.05536603928,0,0,365.924702227116,182.992951542139,100.375741243362,0,0.268749117851257,0.266584157943726,0,0,0,0,4.51234048604965,564.615429803729,105.81748354435,2.18678863346577,0,0,0,0,0,0,0,0,0,0,0,0,0,3.91761238873005,0,0,0,0,0,0,0,0,0,0,23.6572297215462,39.2367115616798,1061.16043069959,9092.67131692171,6.53506994247437,233.44969201088,34.8805001378059,1281.55688287318,331.271641582251,3.28515577316284,12.7636085748672,0,0
0,0,0,23.9096737056971,0,5.45470882952213,0,0,0,0,0,391.590511217713,0,0,0,0,11.8123704269528,11.4661138579249,95.3598591163754,471.214509189129,0,0.23785325884819,0,0,0.236485838890076,0,0.14899967610836,0,0,0,0,603.529996395111,0,214.00179463625,0,0,676.652191698551,3000.31432341039,0,7.52165242284536,0.18871696293354,120.076270014048,1.9012840911746,1.17616920173168,0,195.906357102096,0.0957857742905617,138.640653729439,53.5004373192787,23.6853455603123,0,0.865104809403419,0,0,0,0.285813599824905,0.156392633914948,24.8879127949476,0,1.82775524258614,0,0,620.703618355095,0,0,0,0,0,1.80336606502533,0,0,0,4.80361607670784,0,151.094426423311,0,13.6665671169758,0,18360.3224870339,615.652498275042,1832.76285577565,0.805623196065426,2653.59977769107,63.4521948248148,93.667886942625,17.0352170243859,0
0,0,0,0,3.0578865557909,0,0,0,0.230939030647278,0,496.977950960398,0,0,0,0,0,3.52119795978069,0.291874498128891,69.8149474337697,0,578.261594727635,0,0,0,0.148732244968414,0,0,0,0,0,0,142.281365081668,95.4861994981766,0,365.924702227116,676.652191698551,0,0,2873.49790148437,3.90671682357788,9.37369218468666,0.582301527261734,80.0791567116976,0,1.19878748059273,1.92746698856354,148.200472354889,3.21160903573036,3.7144877165556,0,1.03821937739849,0,0,0,0,0,73.8802683800459,0,0,0,0,0,0,534.462314575911,0,0,0,0,0,0,0,0,0,3.90499870479107,41.6593083143234,30.2758898139,0,1,36.3738039284945,15366.4262963086,1.01687252521515,2723.96804083884,3137.19105097651,875.101286992431,97.6578705087304,0,3.79068215191364
7.5582774579525,0,0.890115201473236,0,0,0,0,0,0.623334035277367,2.74902722239494,0,1383.0826690197,0,0,0,0,0.198055401444435,2.8299146592617,8.4362583681941,20.3807594776154,0,943.60659262538,0,63.8259564340115,0,0,0,77.1610241532326,0,575.050402343273,0,0,0,288.314347222447,182.992951542139,3000.31432341039,0,0,832.365184471011,0.623976767063141,0,40.9713413566351,21.8280518054962,1.95898032188416,0,21.192725174129,0.224175125360489,1422.57725161314,215.883851565421,100.257749468088,0,0,0,0,0,0,0.212063834071159,234.578500896692,0,0,0,0,127.297003954649,0,253.914729088545,3.06723241508007,45.9080126285553,0,0,0,36.5731606483459,0,13.9770280122757,0,0,0,28.2472653090954,6.30806669592857,881.790521495044,0.764545917510986,15077.9178635627,201.258213236928,2595.47794231772,579.559109181166,367.952055253088,17.0485074967146,5.62900949269533
8.04189220070839,0,0.385619252920151,0,0,0,0,0,6.06741565465927,0,839.632535785437,0,0,0,0,0,13.3744057416916,0,5.61898903548717,0,146.585726648569,0,478.563540101051,0,360.370170712471,0,0.34871032834053,0,300.865048885345,0,868.090407192707,0,0,84.1414946317673,100.375741243362,0,2873.49790148437,832.365184471011,0,0.534794092178345,1.28853565454483,0.142166703939438,25.5807039067149,0,0,0,8.37179978191853,221.25416585803,515.022338122129,1.81352519989014,0,0,0,0,0,0,156.144506722689,0,0.682225793600082,0,0,0,0,40.4564293622971,0,800.685658484697,0.259901940822601,72.1791722476482,0,0,0,5.97633409500122,0,1.60058283805847,0,0,3.53397172689438,15.7695227861404,0.157810181379318,731.912177711725,45.0660005658865,11232.9012586921,2359.63506869972,2679.48564764857,235.805150002241,0.309652209281921,10.6797155737877
0,0.11589340865612,0,53.9274110421538,0.173379048705101,0,0,0,0.412091493606567,0,0,0.390469640493393,0,0,0,5.20876574516296,46.2662933692336,32.0104865059257,514.815227292478,0,0,0,0,0.484268575906754,0.963813982903957,0,0,0,0,0,0,0,0,1.51997762918472,0,7.52165242284536,3.90671682357788,0.623976767063141,0.534794092178345,0,2.99252321571112,1245.50643789768,34.3736867830157,20.5185404568911,0.137186825275421,946.932889513671,2.42426360398531,79.5033561363816,9.90101457387209,424.568405769765,0.450172454118729,0.52239753305912,0,0,0,1.53079521656036,0.289064444601536,1.58166760206223,0,0,0,0,115.033993862569,0.769087672233582,0,0,0,0,0.95397025346756,0,0,0,16.6271568983793,2.69070537388325,0,0,10.9335058107972,0,359.094171255827,16.7917559295893,284.629147291183,12.2584211006761,206.536881178617,0,770.814801044762,10.0080132856965,0.769946366548538
0,0,0,0.238110363483429,1.0215744972229,0,0,0,0,0,0,0,0,0,0,0,46.042215295136,10.5424544662237,352.415771484375,0,0.479690998792648,0,0,0,1.34237015247345,0,0,0,0,0,0,0,0,0,0.268749117851257,0.18871696293354,9.37369218468666,0,1.28853565454483,2.99252321571112,0,15.424771040678,553.968545921147,0,17.8726098760962,2.43801631033421,837.442583650351,24.1999875456095,610.528290197253,2.63252352923155,3.2057763338089,0,0,0,0,0,3.03446571528912,0,2.57554849982262,0,0,0,0,96.6393175721169,0,0,0,0,1.23522508144379,0,0,0,0.656062386929989,27.0421178787947,0,0,0.370805904269218,0.285106986761093,14.894295334816,517.430029258132,11.1744235157967,130.216831825674,77.3199979811907,0,1014.79580820352,0.631856262683868,18.8517224043608
0,32.8753262460232,0.160625040531158,154.445207268,0.778376638889313,1.70539709925652,0,0,0.50257483124733,0,0,0,0,0,0,0.633135378360748,74.401418633759,64.9356777817011,791.16648645699,0,0,0,0,0,2.11117465794086,0,1.84230971336365,0,0,0,0,0,0,5.45371384173632,0.266584157943726,120.076270014048,0.582301527261734,40.9713413566351,0.142166703939438,1245.50643789768,15.424771040678,0,126.512875907123,28.3418447375298,0.108432337641716,247.125074565411,7.04913392663002,427.355190336704,4.78504908084869,457.320771634579,0.316387630999088,0,0,0,0,0.129451334476471,0.521663583815098,253.216789916158,0.118132747709751,0,0,0,154.865273699164,3.87955469638109,0,0,0,0,3.78051337599754,0,7.3056942075491,0,851.065014690161,9.39864671230316,0,0,25.1294729411602,0,1969.81727813184,52.0274440646172,1649.41544133425,31.099278010428,1294.81815943122,16.113986775279,2017.20888011158,328.996234178543,9.83683014661074
3.528245434165,0,18.8101285398006,2.26987665146589,9.98508054018021,0,0,0,0.243343666195869,0,0,0,0,0,0,0,102.566102229059,30.082252651453,627.230003386736,0,3.57375240325928,0,2.55284214019775,0,3.71581190824509,0,0,0,0,0,0,0,0,3.76041290909052,0,1.9012840911746,80.0791567116976,21.8280518054962,25.5807039067149,34.3736867830157,553.968545921147,126.512875907123,0,0.211313851177692,24.8814764693379,18.7246954888105,199.70148987323,94.0249011442065,510.385752417147,5.36305985599756,15.0592385828495,0,0,0,0,0,254.402260780334,0,24.0243888348341,0,0,0,0.36042220890522,301.678761743009,0,0,0,0,0,0,0,0,6.47655309736729,746.662513047457,0,0,6.27678233385086,0.159559816122055,43.5078649893403,1533.9383277595,39.8125064373016,1139.52406246215,898.82800719142,5.26879608631134,3256.24625024199,10.3686166927218,339.291655883193
0,0,0,0,0,0,0,0,0,0,0,0,0,0,0,0,4.7601539939642,3.04727017879486,225.528265789151,0,0,0,0,0,0,0,0,0,0,0,0,0,0,0,0,1.17616920173168,0,1.95898032188416,0,20.5185404568911,0,28.3418447375298,0.211313851177692,0,0,5.66690057516098,0,0.338877618312836,0,0.153706789016724,0,0,0,0,0,0,0,0,0,0,0,0,0.585291147232056,0,0,0,0,0,0,0,0,0,3.24003677070141,0,0,0,0.157224774360657,0,19.0455339848995,0.273960925638676,96.9256071299314,0,1.82122997939587,0,75.417138889432,0.139831498265266,0
0,0,0,0,0,0,0,0,0,0,0,0,0,0,0,0,0,0,5.31628003716469,0,0,0,0,0,0,0,0,0,0,0,0,0,0,0,0,0,1.19878748059273,0,0,0.137186825275421,17.8726098760962,0.108432337641716,24.8814764693379,0,0,0.117630757391453,1.67974132299423,0.692121505737305,0.949945062398911,0,0,0,0,0,0,0,0,0,0,0,0,0,0,5.36976884305477,0,0,0,0,0,0,0,0,0,0.379134476184845,0,0,0,0,0.171548441052437,43.6605480834842,0,6.11763489246368,2.78251759707928,0,14.8544552326202,0,0.421629287302494
0,0,0,81.9254213795066,0,11.8618278503418,0,0,0,0,0,10.5478883236647,0,0,0,0,3.26265750080347,4.67881976813078,74.6846513599157,0,0,0,0,0,0.241329520940781,0,0,0,0,0,0,0,0,6.87852475047112,0,195.906357102096,1.92746698856354,21.192725174129,0,946.932889513671,2.43801631033421,247.125074565411,18.7246954888105,5.66690057516098,0.117630757391453,0,8.07592437416315,47.7599964141846,8.01567451655865,78.0478810146451,0,0.499628275632858,0,0,0,0.752471342682838,0,35.1670708954334,0,1.00586453080177,0,0,2144.75141867995,0.677445121109486,0,0,0,0,0,0,2.70035824179649,0,212.229607619345,0.782273307442665,0,0,7.87934250384569,0,1920.55386238545,11.256105363369,1022.58677362651,5.89839576929808,517.114822141826,0,813.352641411126,2.00671052187681,0.271434128284454
0,0,0,2.23872338980436,0,0,0,0,0,0,0.347071707248688,0,0,0,0,0,18.9730931147933,3.11903183162212,199.536085143685,0,0,0,0,0,3.79758773744106,0,0,0,0,0,0,0,0,0.202892981469631,4.51234048604965,0.0957857742905617,148.200472354889,0.224175125360489,8.37179978191853,2.42426360398531,837.442583650351,7.04913392663002,199.70148987323,0,1.67974132299423,8.07592437416315,0,34.1926751956344,200.313507243991,0.22287567704916,2.9632468521595,0,0,0,2.34088110923767,0,37.1855763792992,0,0.151548728346825,0,0,0,0.0956559255719185,557.701064072549,0,0,0,0,0,0,0,0,0.351257756352425,73.3862295299768,0,0,1.8311265707016,3.81340770423412,8.97186295688152,979.092234447598,4.38392113894224,363.118874430656,73.8549674451351,2.63505917787552,883.825830623507,0,3.92891559004784
15.6904755681753,0,0.730417549610138,52.2989454865456,0,0,0,0,0.506904125213623,0,0,0.276084840297699,0,0,0,0,1.78015971183777,1.13691222667694,10.3266252353787,0,0,1.41838526725769,0,0,0,0,0,0,0,0,0,1918.7394856438,1003.28922989964,2724.34874977916,564.615429803729,138.640653729439,3.21160903573036,1422.57725161314,221.25416585803,79.5033561363816,24.1999875456095,427.355190336704,94.0249011442065,0.338877618312836,0.692121505737305,47.7599964141846,34.1926751956344,0,1549.70421572775,359.061565175653,2.40691766142845,0,0,0,0,0,1.61623181402683,0.843099012970924,1.37245480716228,0.138730362057686,0,0,6.80289708077908,8.77134437859058,0.252015113830566,3.85808479785919,0,0,0,0,0,0,7.74613991379738,5.11162164062262,3520.40960305929,2618.42722307146,4950.98939459771,1930.45251424611,1782.78737641126,991.0062943995,511.355997279286,3131.69348985702,359.366789467633,0,737.068682067096,5.17711827158928,6.57478661835194
168.842494353652,0,116.800535589457,2.52928294986486,16.1324132829905,0,0,0,23.4800654351711,0.337539851665497,0,0,0,0,0,0,1.44254499673843,0.780791208148003,22.5737864896655,0,2.60426992177963,0.587720423936844,12.6566812694073,0,0,0,0,0,0,0,0,0.984199345111847,0,41.7883482575417,105.81748354435,53.5004373192787,3.7144877165556,215.883851565421,515.022338122129,9.90101457387209,610.528290197253,4.78504908084869,510.385752417147,0,0.949945062398911,8.01567451655865,200.313507243991,1549.70421572775,0,24.5991614237428,8.08669736981392,0.287552446126938,0,0,5.41027727723122,0,17.3808817788959,0.172333508729935,9.12804974615574,0,1.48675772547722,0,1.64272809028625,61.2244572117925,0,275.662366345525,0,95.679046690464,0,41.3322730958462,0,0,1.57065892964602,47.2942972034216,1.62210288643837,0,43.6792945638299,49.396304666996,89.9927173703909,238.942010261118,15.618819616735,585.20102480799,200.401416152716,0,1592.44149111956,0.376137942075729,31.7041792422533
0,17.7046587765217,0.12396015226841,64.2929775565863,0,1.68086521327496,0,0,0,2.92457044124603,0,0,0,0,0,0,2.76068097352982,4.90552790462971,41.9728954136372,0,0,36.1487596333027,0,16.1931331455708,0,0,0,0,0,0,0,0.493890285491943,0,29.6463815718889,2.18678863346577,23.6853455603123,0,100.257749468088,1.81352519989014,424.568405769765,2.63252352923155,457.320771634579,5.36305985599756,0.153706789016724,0,78.0478810146451,0.22287567704916,359.061565175653,24.5991614237428,0,0,0,0,0,0,0,0.170989476144314,609.140396475792,0,93.7955727577209,0,86.0723677277565,85.5401224642992,0.309877537190914,304.758585125208,0,70.8829905688763,0,52.6525889635086,0,165.707244634628,0,99.2960144579411,0.635872222483158,0,0,32.6771716475487,5.02485537528992,962.444080159068,1.78970024734735,535.899802446365,6.73976621031761,60.0920696184039,0,787.727353349328,57.3958340063691,0
0,0,0.955538272857666,0,37.2248898744583,0,0,0,0,0,0,0,0,0,0,0,0,0,0,0,5.5369176864624,0,0,0,0,0,0,0,0,0,0,0,0,0,0,0,1.03821937739849,0,0,0.450172454118729,3.2057763338089,0.316387630999088,15.0592385828495,0,0,0,2.9632468521595,2.40691766142845,8.08669736981392,0,0,0,0,0,0,0,1.14687657356262,0,0,0,0,0,0,222.934765011072,0,0,0,0,0,0,0,0,0,2.12877635657787,0,0,0,0.49392931163311,0.13335970044136,22.170322239399,0,10.3958019316196,1.03159040957689,0,78.5532007962465,0,0
0,0,0,0,0,1,0,3,0,0,0,0,0,0,0,0,0,0,0,0,0,0,0,0,0,0,0,0,0,0,0,0,0,0,0,0.865104809403419,0,0,0,0.52239753305912,0,0,0,0,0,0.499628275632858,0,0,0.287552446126938,0,0,0,0,5.81295955181122,0,0,0,0,0,0,0,0,0,0,0,0,0,0,0,0,0,0,0,0,0,0,0,0,1.48187410831451,0,0,0,45.6569948792458,0,3.75734657049179,0,0
0,0,0,0,0,0,0,0,0,0,0,0,7,0,0,0,0,0,0,0,0,0,0,0,0,0,0,0,0,0,0,0,0,0,0,0,0,0,0,0,0,0,0,0,0,0,0,0,0,0,0,0,0,0,0,0,0,0,0,0,0,0,0,0,0,0,0,0,0,0,0,0,0,0,0,0,0,0,0,0,0,0,0,0,0,0,0
0,0,0,0,0,0,0,396.110959112644,0,0,0,0,0,0,0,0,0,0,0,0,0,0,0,0,0,0,0,0,0,0,0,0,0,0,0,0,0,0,0,0,0,0,0,0,0,0,0,0,0,0,0,5.81295955181122,0,0,0,0,0,0,0,44.9021116495132,0,0,0,0,0,0,0,0,0,0,0,0,0,0,0,0,0,0,0,0,0,0,0.496682584285736,0,0,0,0
235.076637148857,0,3.97613835334778,0,5,0,0,0,366.885890901089,0,0,0,0,0,94.630841255188,0,0.532678008079529,0,0,0,0,0,0,0,2.32851541042328,0,0,0,0,0,0,0,0,0,0,0,0,0,0,0,0,0,0,0,0,0,2.34088110923767,0,5.41027727723122,0,0,0,0,0,0,0,0,0,0,0,170.587345659733,0,0,0.698192715644836,0,0,0,254.769170701504,0,5.50146859884262,0,0,0,0.248330503702164,0,0,0,0.150973573327065,0,0,0,0.468644589185715,6.2420437335968,0,53.043377250433,0,0
0,255.338604524732,0,0,0,27.2182779312134,0,0,0,1251.95488771796,0,0,0,0,0,0,0,9.67054206132889,0,0,0,0,0,0,0,0,0,0,0,0,0,0,0,0,0,0.285813599824905,0,0,0,1.53079521656036,0,0.129451334476471,0,0,0,0.752471342682838,0,0,0,0,0,0,0,0,0,0,0,0,0,0,0,70.9659741222858,0,0,0,0,284.939202696085,0,0,0,0,0,0,0,0,0,0,0,0.279605060815811,0,0,0,81.0975785851479,0,7.63708898425102,0,0
0.34808337688446,0,51.087387740612,0,0,0,0,0,0,0,1065.97217693925,0,0,0,0,0,1.99011343717575,2.55025207996368,15.7606348991394,0,1368.1357140094,0,0,0,0,0,0,0,0,0,28.0385605841875,0,0,0.220117762684822,0,0.156392633914948,73.8802683800459,0.212063834071159,156.144506722689,0.289064444601536,3.03446571528912,0.521663583815098,254.402260780334,0,0,0,37.1855763792992,1.61623181402683,17.3808817788959,0.170989476144314,1.14687657356262,0,0,0,0,0,0,0,73.0682881325483,0,16.7546014785767,0,0,666.547127470374,0,0,0,0,0,0,0,0.785481184720993,0,687.952196672559,0,0,0.0922169089317322,0.582734525203705,0.208141408860683,32.5698384046555,0.259526483714581,48.0363770127296,157.857697710395,0,977.482512898743,0,19.1274800598621
0,0.209590658545494,0,31.5284770429134,0,0,0,0,0,0,0,1683.15657123923,0,538.941344022751,0,0,0,0,10.5570203214884,69.3344320654869,0,0,0,0,0,0,0,75.5804823637009,0,2.4759164750576,0,0,0,0,0,24.8879127949476,0,234.578500896692,0,1.58166760206223,0,253.216789916158,0,0,0,35.1670708954334,0,0.843099012970924,0.172333508729935,609.140396475792,0,0,0,0,0,0,0,0,0,317.478784769773,0,4.86277696490288,316.356570839882,0,21.4995639920235,0,15.5161270052195,0,27.5011052936316,0,424.929905757308,0,645.362612038851,0,0,0,0.152032941579819,0,10.4819768667221,0,291.166478946805,0,226.084366455674,0,200.095719955862,1.61989215016365,0
0,0,26.6160129904747,0,0,0,0,0,0,0,0,0,150.80077278614,0,2.48468565940857,0,0,0,0.134020760655403,0,0,0,0,0,0,0,0,0,0,0,0,0,0,0,0,0,0,0,0.682225793600082,0,2.57554849982262,0.118132747709751,24.0243888348341,0,0,0,0.151548728346825,1.37245480716228,9.12804974615574,0,0,0,0,0,0,0,73.0682881325483,0,0,0,0,0,0,0.786771848797798,0,0,0,0,0,0,0,0,0,19.0911075770855,0,0,0,0,0,5.54305639863014,0.32082112133503,20.7573923766613,3.34398785233498,0,107.934489607811,0,0
0,0,0,6.83678591251373,0,0,0,0,0,0,0,0,0,452.066297769547,0,0,0,0,0,0,0,0,0,0,0,0,0,20.1027188301086,0,0,0,0,0,0,0,1.82775524258614,0,0,0,0,0,0,0,0,0,1.00586453080177,0,0.138730362057686,0,93.7955727577209,0,0,0,44.9021116495132,0,0,0,317.478784769773,0,0,0,188.344645023346,0.547358870506287,0,10.8849727064371,0,21.0496953874826,0,100.664891019464,0,158.94301879406,0,8.52679848670959,0,0,0,0,0,0.469426676630974,0,0,0,0,0,5.37386487424374,0,0
29.2794923782349,0,0,0,0,0,0,0,5.28046858310699,0,0,0,0,0,1.33659556508064,0,27.6993505209684,5.25604590773582,4.53464031219482,0,0,0,3.40635630488396,1.42884230613708,5.58363652229309,0,8.79055708646774,0,0,0,0,0,0,0,0,0,0,0,0,0,0,0,0,0,0,0,0,0,1.48675772547722,0,0,0,0,0,170.587345659733,0,16.7546014785767,0,0,0,0,0,0,0,0,0,0,13.6224462091923,0,0,0,0,0,0,0,0,0,0,0,0,0,0,31.1255245506763,0,4.44904685020447,0,0
0,33.1303938031197,0,0,0,0,0,0,0,5.47502684593201,0,0,0,12.9481873512268,0,37.6024262905121,0,0,0,0,0,0,0,0,0,0,0,0,0,0,0,0,0,0,0,0,0,0,0,0,0,0,0,0,0,0,0,0,0,86.0723677277565,0,0,0,0,0,70.9659741222858,0,4.86277696490288,0,188.344645023346,0,0,0,0,0.214173838496208,0,24.6867974102497,0,117.724445343018,0,0,0,0,0,0,0,0,0,0,0,0,0,33.3825476169586,0,28.3721832334995,0,0
0,0,0,24.7073178142309,0,80.4926038086414,0,0,0,0,0,348.50713993609,0,0,0,0,0,0.150640025734901,17.7846054062247,1417.89199075103,0,0,0,0,0,0,0,0,0,0,0,0,0,1.58493196964264,0,620.703618355095,0,127.297003954649,0,115.033993862569,0,154.865273699164,0.36042220890522,0.585291147232056,0,2144.75141867995,0.0956559255719185,6.80289708077908,1.64272809028625,85.5401224642992,0,0,0,0,0,0,0,316.356570839882,0,0.547358870506287,0,0,0,0,0.835441559553146,0,0.429435387253761,0,0,0,18.585075199604,0,399.440607398748,0.330327749252319,0,0,1.23973642289639,0,1264.28693372011,2.51986568421125,2412.80308457464,0,58.4747807532549,0,547.375557243824,6.5089740306139,0
0,0,2.48878619074821,0.136994197964668,49.2318163365126,0,0,0,0,0,10.4200033396482,0,0,0,0,0,13.3698278144002,2.82416626811028,139.695712044835,0,648.360902264714,0,2.37649774551392,0,0.142625525593758,0,0,0,0,0,0.451460719108582,0,0,0.276216574013233,3.91761238873005,0,534.462314575911,0,40.4564293622971,0.769087672233582,96.6393175721169,3.87955469638109,301.678761743009,0,5.36976884305477,0.677445121109486,557.701064072549,8.77134437859058,61.2244572117925,0.309877537190914,222.934765011072,0,0,0,0.698192715644836,0,666.547127470374,0,0.786771848797798,0,0,0,0,0,0,0,0,0,0,0,0,0,0,653.046297043562,0,0,0.345423638820648,3.76126651465893,2.09947237372398,3027.85367318243,0.981140218675137,1459.22225542367,191.870129868388,0.538110166788101,1180.56898704171,0,11.3093831017613
0,0,0,0,0,0,0,0,0.456077337265015,0,0,0,0,0,0,0,22.2229601740837,94.2115988731384,2.58630573749542,0,0,4706.16069458425,1.89452624320984,36.6012310683727,1.65768110752106,233.933365225792,2.65289282798767,3.08972111344337,0,0,0,0,0,0,0,0,0,253.914729088545,0,0,0,0,0,0,0,0,0,0.252015113830566,0,304.758585125208,0,0,0,0,0,0,0,21.4995639920235,0,10.8849727064371,0,0.214173838496208,0.835441559553146,0,0,0,268.072445213795,0,29.0641785860062,0,664.3144082129,0,0,0,0,0,0,0,0,0,346.196798369288,0,264.060896083713,0,1.38806594908237,0,0
0,0,0,0,0,0,0,0,1.37591964006424,0,0,0,0,0,0,0,32.168089941144,13.538972735405,0,0,0,60.8882408738136,4000.57772047818,0,6.52009582519531,0,0.961892545223236,0,41.1059585213661,0,0,0,0,0.632431417703629,0,0,0,3.06723241508007,800.685658484697,0,0,0,0,0,0,0,0,3.85808479785919,275.662366345525,0,0,0,0,0,0,0,0,0,0,0,0,0,0,0,0,0,0,76.9582381248474,0,160.935877144337,0,0,0,0,0,0,0,0,0,0,0.200546130537987,312.344119995832,46.2337579131126,70.0526192784309,0.358537584543228,0,0
0,0.534462332725525,0,0,0,0,0,0,0,3.12992429733276,0,0,0,0,0,0,0,30.5608723163605,0,0,0,14.0410151183605,0,275.63177844882,0,32.8652726709843,0,0,0,0,0,0,0,0,0,0,0,45.9080126285553,0.259901940822601,0,0,0,0,0,0,0,0,0,0,70.8829905688763,0,0,0,0,0,284.939202696085,0,15.5161270052195,0,21.0496953874826,0,24.6867974102497,0.429435387253761,0,268.072445213795,0,0,0,553.443656399846,0,80.0535054504871,0,0,0,0,0,0,0,0,0,116.577698022127,0,3.83876025676727,0,47.4244147539139,0,0
0,0,0,0,0,0,0,0,7.52405731379986,0,0,0,0,0,0,0,13.5480440855026,28.0971326678991,6.66842526197433,0,0,0,28.4867529571056,1.16084349155426,154.136632174253,0,112.406396150589,0,0,0,0,0,0,0,0,0,0,0,72.1791722476482,0,0,0,0,0,0,0,0,0,95.679046690464,0,0,0,0,0,254.769170701504,0,0,0,0,0,13.6224462091923,0,0,0,0,76.9582381248474,0,0,0,839.130325913429,0,0,0,0,0,0,0,0,0.408437877893448,0,0,895.519848003983,21.2618165016174,0,71.7142231166363,0,0
0,0,0,0,0,0,0,0,0,2.82889032363892,0,0,0,25.9253128767014,0,55.5594398975372,29.7802156507969,398.53197285533,14.858264952898,0,0,0,0.458180785179138,2.22881770133972,1.82585120201111,32.7202591300011,1.48039948940277,2.81428968906403,0,0,0,0,0,0,0,1.80336606502533,0,0,0,0.95397025346756,1.23522508144379,3.78051337599754,0,0,0,0,0,0,0,52.6525889635086,0,0,0,0,0,0,0,27.5011052936316,0,100.664891019464,0,117.724445343018,0,0,29.0641785860062,0,553.443656399846,0,0,0,391.869696617126,0,0,0,0,0,0,0,0,0,3.2764168381691,0,79.4768037199974,0,6.8473304361105,0,0
0,0,0,0,0,0,0,0,4.44827115535736,0,0,0,0,0,25.2610090076923,0,79.1785999536514,8.45147132873535,2.29991036653519,0,0,0,41.1687589585781,0,58.5182766914368,0,72.6908695697784,0,0,0,0,0,0,0,0,0,0,0,0,0,0,0,0,0,0,0,0,0,41.3322730958462,0,0,0,0,0,5.50146859884262,0,0,0,0,0,0,0,0,0,0,160.935877144337,0,839.130325913429,0,0,0,0,0,0,0,0,0,0,0,0,0,0,229.610212802887,0,12.8987891077995,0,0
0,0,0,0.221127435564995,0,0,0,0,0,0,0,0,0,18.9022030830383,0,0,0,74.0266782939434,0,0,0,0,0,0,0,26.3105725049973,0,418.814992845058,0,16.8192143440247,0,0,0,0.14844211935997,0,0,0,36.5731606483459,0,0,0,7.3056942075491,0,0,0,2.70035824179649,0,0,0,165.707244634628,0,0,0,0,0,0,0,424.929905757308,0,158.94301879406,0,0,18.585075199604,0,664.3144082129,0,80.0535054504871,0,391.869696617126,0,0,0,271.199617654085,0,0,0,0,0,0,0,70.808876812458,0,75.7532131075859,0,23.9605489820242,0,0
0,0,0,0,0,0,0,0,0,0,0,0,0,0,0,0,0,0,0,0,0,0,0,0,0,0,0,0,151.845571637154,0,0,0,0,0,0,0,0,0,5.97633409500122,0,0,0,0,0,0,0,0,0,0,0,0,0,0,0,0,0,0.785481184720993,0,0,0,0,0,0,0,0,0,0,0,0,0,0,0,0,0,0,0,0,0,0,0,0,0,1,0,0,0,0
0,2.32790160179138,0,37.856270134449,0,0,0,0,0,0,0,242.62378205359,0,0,0,0,12.0931612253189,10.8897131085396,104.568565629423,0,0,0,0,0,0,0,0,24.761633515358,0,520.658055275679,0,0,0,1.26177385449409,0,4.80361607670784,0,13.9770280122757,0,16.6271568983793,0.656062386929989,851.065014690161,6.47655309736729,3.24003677070141,0,212.229607619345,0.351257756352425,7.74613991379738,1.57065892964602,99.2960144579411,0,0,0,0,0,0,0,645.362612038851,0,8.52679848670959,0,0,399.440607398748,0,0,0,0,0,0,0,271.199617654085,0,0,2.10333463549614,0,0,0.888187393546104,0,56.9725765138865,7.67750962823629,536.876656189561,2.89297511428595,113.646135628223,0,399.950078308582,79.9254274070263,1.70512384176254
0,0,5.54999049007893,0.120344132184982,1.04521799087524,0,0,0,0,0,10.9891244322062,0,0,0,0,0,9.25204013288021,5.13241495192051,122.798359669745,0,239.660523161292,0,0,0,2.14348602294922,0,0,0,29.2455868721008,0,15.2213220894337,0,0,0.316357642412186,0,0,3.90499870479107,0,1.60058283805847,2.69070537388325,27.0421178787947,9.39864671230316,746.662513047457,0,0.379134476184845,0.782273307442665,73.3862295299768,5.11162164062262,47.2942972034216,0.635872222483158,2.12877635657787,0,0,0,0.248330503702164,0,687.952196672559,0,19.0911075770855,0,0,0,0.330327749252319,653.046297043562,0,0,0,0,0,0,0,0,2.10333463549614,0,0,0,0.711984723806381,0.432735502719879,2.30100378394127,121.169199869037,1.39018819481134,101.008401840925,184.929002411664,1,1187.80274411291,0.378542006015778,59.4615872353315
