0,0,1,0,0,0,0,0,593.494156107306,0.760663211345673,0,0,0,0,7.74624669551849,0,0,0,17.8719174861908,0,0,0,0,0.216453209519386,8.78250896930695,0,0,0,0,0,0,0,0,0,0,0,0,0,0,0,0,0,2.95394949615002,0,0,0,0,2.42939712107182,119.268171712756,1.10908505320549,0,0,0,0,240.551592215896,0,0,0,0,0,57.234801530838,0,0,0,0,0,0,0,0,0,0,0,0,0,0,0,0,0,0,0,0,0,160.339088231325,0,65.908306017518,0,0
0,0,0,33.5182191878557,0,0,0,0,0.414065107703209,238.189830094576,0,0,0,0,0,0,0,0,1.16859446465969,0.20659065246582,0,0,0,0,0.2157182097435,0,0,0,0,0,0,0,0,0,0,0,0,0.434562563896179,1.10334800183773,0,0,36.4209259003401,0.262171596288681,0,0,1.37561360001564,0,12.5921924859285,3.69737732410431,713.890939384699,0,0,0,0,0,160.422797694802,0,35.9405723810196,0,14.9009062945843,0,228.141791313887,1.53099875152111,0,0,0,85.4404905438423,0,15.4769049882889,0,0,0,3.12033967673779,0,0,0,0,0,5.81533606350422,0,0.425802871584892,0,277.883621484041,0,260.494577139616,0.984948545694351,0.215886443853378
1,0,0,0,21.5854868590832,0,0,0,0,0,0,0,0,0,0,0,0,1.04337751865387,1.91935077309608,0,0,0,0,0,0,0,0,0,0,0,0,0,0,0,0,0,0.224298670887947,0,0,0,6.86621471494436,1.29942089319229,64.4082311838865,0,0,0,3.3272160589695,2.68808101117611,21.1686871722341,1.18715324997902,36.8063569366932,0,0,0,48.1208456158638,0,31.1866286993027,0,9.84545812010765,0,0,0,0,1.21001070737839,0,0,0,0,0,0,0,0,0,2.38689851760864,0,0,0,0,0,2.32115206122398,0.192402973771095,1.89712232351303,52.9592171162367,0,286.777881883085,0,0
0,33.5182191878557,0,0,0,4.61412909626961,0,0,0,0.950767636299133,0,0.607280075550079,0,0,0,0,0,2.41223353147507,8.65628507733345,68.3872752785683,0,0,0,0,0,0,0,0,0,0,0,0,0,0,0,1.80198600888252,0,1.15894395112991,0,2.15518048405647,0.787901520729065,53.8025522902608,0,0,0,6.26455372571945,0,0,1.31991815567017,285.336690887809,0,2.44334149360657,0,0,0,9.11866676807404,0,112.857304662466,0,119.233121320605,0,90.7728560864925,51.1655650436878,0,0,0,0,0,0,0,2.75243581831455,0,17.8032715767622,0,0,0,0,0,6.41801416873932,0,5.1885781288147,0,79.8400107100606,0,624.326428338885,0.283114939928055,0
0,0,21.5854868590832,0,0,0,80.1036489009857,0,33.688684463501,0,0,0,1,0,0,0,0,1.01822173595428,4.03114968538284,0,17.8085399568081,0,0,0,0,0,0,0,0,0,0,0,0,0,0,0,0,0,0,0,3.27286154031754,0,8.43510749191046,0,0,0,7.01544715464115,3.21379270404577,7.80697552114725,0.142258316278458,69.9606881737709,0,0,0,21.4735439419746,0,0,0,4,0,8.2404351234436,0,0,272.324188902974,0,0,0,0,0,0,0,0,0,1.59211699664593,0,0,0,0,0.107003420591354,5.05337837338448,0,0.302955716848373,174.365535229445,0,417.266877040267,0,0
0,0,0,4.61412909626961,0,0,0,18.4429896473885,0,1.2259316444397,0,0,0,0,0,0,0,0,0,19.6352326869965,0,0,0,0,0,0,0,0,0,0,0,0,0,0,0,36.5612113028765,0,0,0,0.415140360593796,0,3.19559614360332,0,0,0,0.25005379319191,0,0,0,2.18024724721909,0,273.815150618553,0,0,0,2.34369874000549,0,3.45957636833191,0,2.48854041099548,0,41.5620021820068,47.5870819091797,0,0,0,0,0,0,0,0,0,0.232230469584465,0,0,0,0,0,8.19373816251755,0,0,0,45.8496158272028,3.07620403170586,185.195672884583,0,0
0,0,0,0,80.1036489009857,0,0,0,0,0,89.6378343105316,0,0,0,0,0,0,0,0,0,32.4252785295248,0,0,0,0,0,0,0,0,0,0,0,0,0,0,0,0,0,0,0,0,0,0,0,0,0,0,0,0,0,49.3067629784346,0,846.78983271122,0,0,0,60.0913348793983,0,52.588231921196,0,0,0,0,124.537849962711,0,0,0,0,0,0,0,0,0,0,0,0,0,0,0,0,0,0,66.4646279215813,0,1.14451143145561,0,0
0,0,0,0,0,18.4429896473885,0,0,0,0,0,14.0845137834549,0,0,0,0,0,0,0,0,0,0,0,0,0,0,0,0,0,0,0,0,0,0,0,0.994969964027405,0,0,0,0,0,0,0,0,0,0,0,0,0,0,0,1,0,113.104334652424,0,0,0,195.126154214144,0,1,0,0,0,0,0,0,0,0,0,0,0,0,0,0,0,0,0,0,0,0,0,0,97.5791219174862,0.817333579063416,18.0672208070755,0,0
593.494156107306,0.414065107703209,0,0,33.688684463501,0,0,0,0,0,0,0,0,0,18.2006649971008,0,3.30140709877014,0,0,0,0,0,0.600475311279297,0,0,0,6.1436066031456,0,0,0,0,0,0,0,0.345285326242447,0,0,0.353423625230789,0,0,0,0,189.429717615247,0,0,0,0,9.62836775183678,60.1493407636881,1.89770978689194,0,0,0,0,265.332112789154,0,0,0.349085628986359,0,0,2.3426787853241,0,0,0,0,0,0.230518996715546,12.5973848104477,0,0,0,0,0,0,0,0,0,0,0,0,0.411421179771423,1.70828691124916,689.249934114516,0,282.968757882714,0,32.7266457080841
0.760663211345673,238.189830094576,0,0.950767636299133,0,1.2259316444397,0,0,0,0,0,0,0,0,0,493.156778424978,0,9.60596832633018,5.52272203564644,3.22192096710205,0,0,0,0,0,53.401201069355,0,0,0,0,0,0,0,0,0,0,0,0,0,0,0,113.552134588361,0,0,0,0,0,2.99122640490532,0,115.271801561117,0,0,0,0,0,938.666484251618,0,3.63520087301731,0,2.74113067984581,0,1532.5191539079,8.19120401144028,0,0,0,22.6832966953516,0,183.598628103733,0,0,0,0,0,0,0,0,0,0.306949824094772,0,4.7506061643362,0,67.8120294362307,5.68508744239807,124.648402795196,6.11591112613678,0
0,0,0,0,0,0,89.6378343105316,0,0,0,0,0,204.956850171089,0,0,0,0,0,0,0,187.536149203777,0,0,0,0,0,0,0,1.84348291158676,0,340.940864294767,0,0,0,0,0,100.162525296211,0,626.981397360563,0,0,0,0,0,0,0,0,0,0,0,0,0,0,0,0,0,2285.35147637129,0,8.24438667297363,0,0,0,0,24.5836987942457,0,0,0,0,0,0,0,0,0,214.731576859951,0,0,0,0,0,41.2616882920265,0,361.75391638279,297.746919453144,0,0,0,0
0,0,0,0.607280075550079,0,0,0,14.0845137834549,0,0,0,0,0,278.896202653646,0,0,0,0,1.55805148184299,295.406181484461,0,0,0,0,0,0,0,27.0437958091497,0,492.066713064909,0,0,0,0,0,182.748369663954,0,2963.20783534646,0,0,0,0,0,0,0,0.583133563399315,0,0,0,1.736208319664,0,0,0,5.4450318813324,0,0,0,3382.69363327324,0,1051.22791346908,0,0,15.3940299153328,0,0,0,0,0,0,0,0,0,419.024211809039,0,0,0,0,0,1,0,205.173045456409,0,1654.43651545048,19.4296932220459,14.9721071720123,0,0
0,0,0,0,1,0,0,0,0,0,204.956850171089,0,0,0,63.2475122213364,0,0,0,0,0,0,0,0,0,0,0,0,0,0,0,0,0,0,0,0,0,0,0,0,0,0,0,0,0,0,0,0,0,0,0,1,0,0,0,0,0,89.4893715530634,0,907.840367972851,0,268.445894002914,0,0,0,0,0,0,0,0,0,0,83.487718462944,0,0,0,0,0,0,0,0,0,0,12.8335665166378,0,0,0,0
0,0,0,0,0,0,0,0,0,0,0,278.896202653646,0,0,0,111.68767619133,0,0,0,0,0,0,0,0,0,0,0,6.60034012794495,0,0,0,0,0,0,0,0,0,0,0,0,0,0,0,0,0,0,0,0,0,0,0,0,0,0,0,0,0,0,0,1724.81941980124,0,68.5555299520493,0,0,0,0,0,0,0,0,56.2700690031052,0,0,0,0,0,0,0,0,0,0,0,458.5196377635,9,0,0,0
7.74624669551849,0,0,0,0,0,0,0,18.2006649971008,0,0,0,63.2475122213364,0,0,0,123.497200727463,15.8409174531698,0.187584951519966,0,0,0,3.55603860318661,0,0,0,149.573514074087,0,0,0,0,0,0,0,0,0,0,0,0,0,0,0.260801613330841,1.06037902832031,0,0,0,0,0,1.55593729019165,0,0,0,0,0,57.1543974876404,0,0,0,76.1756064295769,0,667.259092211723,0,0,0,0,0,0,0,0,123.272879570723,0,0,0,0,0,0,0,0,0,0,0,0,131.657679498196,0,0.64328134059906,0,0
0,0,0,0,0,0,0,0,0,493.156778424978,0,0,0,111.68767619133,0,0,0,0,0,0,0,0,0,0.841290414333344,0,9.14510869979858,0,0,0,0,0,0,0,0,0,0,0,0,0,0,0,0,0,0,0,0,0,0,0,4.94295817613602,0,0,0,0,0,122.611388355494,0,0,0,15.683089017868,0,1175.28201305866,0,0,0,0,0,0,0,0,0,0,0,0,0,0,0,0,0,0,0,0,186.661089420319,57.6242077350616,0,0,0
0,0,0,0,0,0,0,0,3.30140709877014,0,0,0,0,0,123.497200727463,0,0,12037.6981469914,3220.97774969041,5.58761405944824,0,0,59.895429417491,6.59676104784012,11.9287164211273,19.3650533407927,1720.99740970135,0,0,0,0,0,0,0,0,0,0,2.72417259216309,0,1.91789346188307,312.2585657686,97.0985537394881,359.222231581807,0.334059447050095,0.309383779764175,41.2877228781581,27.4131420999765,0.28449472784996,37.9829946756363,1.13838736712933,0.603812158107758,0,0,0,0.195716306567192,0,3.24339555203915,6.62064202129841,0,1.27572441101074,13.2447419464588,0,37.4077561497688,4.18907825648785,0,69.0374354422092,0,0,0,466.871644482017,0,0,16.9341912865639,16.3352146297693,0,0,0,0,53.5534687116742,89.293087400496,38.8317679911852,26.1105188652873,6797.14054702967,30.1177657842636,515.190295770764,11.0524537935853,44.6664756536484
0,0,1.04337751865387,2.41223353147507,1.01822173595428,0,0,0,0,9.60596832633018,0,0,0,0,15.8409174531698,0,12037.6981469914,0,4143.29254180938,11.4501864537597,0,0,3.25923147797585,102.87871915102,0,409.517810866237,123.698382392526,0,0,0,0,0,0,0,0,0,0,7.24399469792843,0,5.22944413870573,150.365264452994,281.425261251628,139.597810931504,0.974101215600967,0,158.451052986085,20.3403218239546,0,15.4379005581141,4.9688588231802,0,0,0,0,0,0,2.44355021417141,17.7445733472705,0,3.82331895828247,1.21638971567154,0.169538915157318,93.5088163688779,4.33906337618828,0,9.4807550907135,0,0,0,18.171279117465,0.679793111979961,0,45.7961373329163,6.34751281142235,0,0,0,0,154.753690980375,37.8005429506302,186.098877370358,5.83731975406408,6459.98968169093,16.2550856769085,651.001442864537,24.2273435220122,22.8370142057538
17.8719174861908,1.16859446465969,1.91935077309608,8.65628507733345,4.03114968538284,0,0,0,0,5.52272203564644,0,1.55805148184299,0,0,0.187584951519966,0,3220.97774969041,4143.29254180938,0,50.8549875468016,0,0,0.694083452224731,0.575303807854652,0,0.371519505977631,40.5190863907337,0,0,0,0,0,0,0,0,0,0,14.4952423870564,0.653198659420013,20.1606506705284,1367.96571612358,773.90404163301,1028.40795340389,4.27510786056519,10.3536303639412,593.906965188682,110.978833384812,0.757912330329418,108.434485264122,24.541771940887,0,0,0,0,0,2.64805901050568,12.3481820523739,74.2672060206532,0,4.51325362920761,0,4.41683864593506,382.506553895772,21.4249648079276,0,1.94498383998871,0.212568640708923,0,0,0,3.99418744444847,0,174.714598312974,56.1120485067368,0,0,0,0,792.406711369753,451.825806796551,514.536614783108,82.9274886623025,1352.78398802131,0,3598.42546852678,56.3674993440509,115.380263604224
0,0.20659065246582,0,68.3872752785683,0,19.6352326869965,0,0,0,3.22192096710205,0,295.406181484461,0,0,0,0,5.58761405944824,11.4501864537597,50.8549875468016,0,0,0,0,0,0,0,0,0,0,2.43293750286102,0,0,0,0,0,3313.37593665719,0,740.904308199883,0,1.49722772836685,0.470810979604721,43.6346996575594,0.763424649834633,0,0,42.4812124297023,1.10358768701553,0,0,4.42919862270355,0,8.44292759895325,0,0,0,2.6587233543396,0,1483.94226519763,0,3.81833091378212,0,1.11266049742699,1202.16999388486,0,0,0,0,0,0,0,0,0,152.486206762493,0,0,0,0,0,2738.33155329525,0,620.416294336319,0,391.621344737709,0,298.818827554584,6.29666367173195,0
0,0,0,0,17.8085399568081,0,32.4252785295248,0,0,0,187.536149203777,0,0,0,0,0,0,0,0,0,0,0,0,0,0,0,0,0,0,0,0,0,0,0,0,0,1873.94121327996,0,869.88209438324,0,0,0,0,0,0,0,0,0,1.96833348274231,0,0,0,0,0,0,0,0,0,0,0,0,0,0,2133.27457095683,0,0,0,0,0,0,0,0,0,0,0,0,0,0,0,1613.34626372159,0,526.149006396532,421.362130314112,1,52.1712159663439,0,0
0,0,0,0,0,0,0,0,0,0,0,0,0,0,0,0,0,0,0,0,0,0,636.277334541082,126.237122401595,0,260.053098738194,0,196.734904259443,0,0,0,0,0,0,0.493385463953018,0,0,1527.34709063172,0,0,0,0,0,0,0,0,0,2.91011765599251,0,111.559381753206,0,0,0,0,0,0,0,0,0,0,0,0,0,0,6554.50871537626,47.1991391777992,67.4479636102915,0,44.7028730511665,0,95.5591201633215,0,0,0,0,0,0,0,0,0,494.075094595551,0,2641.56572633982,306.826950341463,0,0,0
0,0,0,0,0,0,0,0,0.600475311279297,0,0,0,0,0,3.55603860318661,0,59.895429417491,3.25923147797585,0.694083452224731,0,0,636.277334541082,0,0,132.083263978362,0,117.617064103484,0,211.807449787855,0,0,0,0,0,0,0,0,0.300729542970657,2644.02718751132,0,0,0,0,0,0,0,0,0.666591852903366,101.095252171159,0,0,0,0,0,0,0,0,0,0,0,0,0,0,0,62.6896305084229,6912.53329317272,0,72.3436621129513,0,68.5742830187082,0,125.851199030876,0,0,0,0,0,0,0,0,0,449.123683765531,2122.13445016742,452.224970847368,0.601845741271973,0,0
0.216453209519386,0,0,0,0,0,0,0,0,0,0,0,0,0,0,0.841290414333344,6.59676104784012,102.87871915102,0.575303807854652,0,0,126.237122401595,0,0,0,499.292534887791,0,0,0,0,0,0,0,0,1.35806226730347,0,0,644.147050648928,0.490852773189545,0,0,10.0257437378168,0,0,0,0,0,5.3283329308033,1.43545806407928,127.967970713973,0,0,0,0,0,7.55215093493462,0,0,0,0,0,20.4009935855865,0,0,227.883949995041,0,1266.44106470048,0,429.874952554703,0,0.37379589676857,0,0,0,0,0,0,0,0,0,302.169749304652,0.669117093086243,85.0755291432142,0,14.4677076041698,1.2541366815567,0.219907283782959
8.78250896930695,0.2157182097435,0,0,0,0,0,0,0,0,0,0,0,0,0,0,11.9287164211273,0,0,0,0,0,132.083263978362,0,0,0,105.220357552171,0,0,0,0,0,0,0,1.58937585353851,0,0,0.983623862266541,377.991645887494,0,0,0,1.78366649150848,0,0,0,0,8.51345998048782,101.413979798555,3.51778592169285,0,0,0,0,34.0454666614532,0,0,0,0,0,0,0,0,0,0,235.49588675797,0.290765881538391,1335.71752801538,0,310.625784531236,0,0,0,0,0,0,0,0,0,0,0.904969930648804,102.933820366859,101.416611492634,25.1400274932384,188.875941172242,0,0
0,0,0,0,0,0,0,0,0,53.401201069355,0,0,0,0,0,9.14510869979858,19.3650533407927,409.517810866237,0.371519505977631,0,0,260.053098738194,0,499.292534887791,0,0,0,492.729877114296,0,0,0,0,0,0,0,0,0,0,0,0,0,0.40580278635025,0,0,0,0,0,0,0,0,0,0,0,0,0,17.1114057302475,0,0,0,0,0,11.5856705904007,0,0,4.07617950439453,0,38.6754523217678,0,255.969785958529,0,21.4480450153351,0,0,0,0,0,0,0,0,0,0,0,155.309754490852,0,0,0,0
0,0,0,0,0,0,0,0,6.1436066031456,0,0,0,0,0,149.573514074087,0,1720.99740970135,123.698382392526,40.5190863907337,0,0,0,117.617064103484,0,105.220357552171,0,0,0,413.019793570042,0,0,0,0,0,0,0,0,0,3.77671527862549,0,0,2.18433123826981,0.255434691905975,0,0,0,0,0,0,0,0,0,0,0,0,0,0,0,0,0,50.0683289468288,0,0.714285492897034,0,0,44.2415951937437,0,35.2529060840607,0,77.1316618919373,0,654.937505722046,0,0,0,0,0,0,0,0,0.359386831521988,3.74281680583954,541.30410811305,0,1.97509880363941,0,0
0,0,0,0,0,0,0,0,0,0,0,27.0437958091497,0,6.60034012794495,0,0,0,0,0,0,0,196.734904259443,0,0,0,492.729877114296,0,0,0,2028.00066789985,0,0,0,0,0,0,0,68.6037697866559,0,0,0,0,0,0,0,0,0,0,0,0,0,0,0,0,0,0,0,0.363969936966896,0,9.3316285610199,0,0,0,0,402.009375810623,0,0,0,133.650508642197,0,2179.25253854692,0,12.3790744245052,0,0,0,0,0,0,0,0,0,1173.08302816749,403.024549543858,0,0,0
0,0,0,0,0,0,0,0,0,0,1.84348291158676,0,0,0,0,0,0,0,0,0,0,0,211.807449787855,0,0,0,413.019793570042,0,0,0,272.298278674483,0,0,0,0,0,0,0,22.5739372968674,0,0,0,0,0,0,0,0,0,0,0,0,0,0,0,0,0,1.60935086011887,0,64.9058824777603,0,0,0,0,0,0,121.189569890499,0,0,0,72.3790211677551,0,2874.81140756607,0,468.916298806667,0,0,0,0,0,0,0,79.6792881637812,34.9214173853397,0,0,0,0
0,0,0,0,0,0,0,0,0,0,0,492.066713064909,0,0,0,0,0,0,0,2.43293750286102,0,0,0,0,0,0,0,2028.00066789985,0,0,0,0,0,0,0,0,0,1919.72004750371,0,0,0,0,0,0,0,0,0,0,0,0,0,0,0,0,0,0,0,106.967129155993,0,0,0,0,0.389838367700577,0,0,0,0,0,0,0,57.3816543221474,0,352.767080411315,0,0,0,0,0,0,0,168.028890579939,0,392.890157610178,131.141059279442,2.34767895936966,0,0
0,0,0,0,0,0,0,0,0,0,340.940864294767,0,0,0,0,0,0,0,0,0,0,0,0,0,0,0,0,0,272.298278674483,0,0,0,0,0,0,0,0,0,347.032945692539,0,0,0,0,0,0,0,0,0,0,0,0,0,0,0,0,0,295.956537604332,0,0,0,0,0,0,0,0,0,0,0,0,0,0,26.2274329662323,0,871.3113745749,0,0,0,0,0,0,0,361.723920822144,177.905375689268,0,0,0,0
0,0,0,0,0,0,0,0,0,0,0,0,0,0,0,0,0,0,0,0,0,0,0,0,0,0,0,0,0,0,0,0,952.428887873888,5.38222935795784,12.8861547410488,139.610135734081,34.7037318944931,0,0,0,0,0,0,0,0,0,0,123.308139801025,0,0.794155538082123,0,0,0,0,0,0,0,0,0,0,0,0,0,0,0,0,0,0,0,0,0,0,0,0,2930.61029629409,657.284935504198,30.5967500507832,20.9287827908993,1966.10514706373,0,0,0,552.918758571148,0,0,0,0
0,0,0,0,0,0,0,0,0,0,0,0,0,0,0,0,0,0,0,0,0,0,0,0,0,0,0,0,0,0,0,952.428887873888,0,3.32994765043259,102.952811256051,113.284295231104,993.22171369195,0,0,0,0,0,0,0,0,0,0,2113.80670626462,0,0,0,0,0,0,0,0,0,0,0,0,0,0,0,0,0,0,0,0,0,0,0,0,0,0,509.419239729643,542.152218699455,4.73540940880775,64.8403086662292,14.0825708210468,55.2464604079723,0,0,1117.95512244105,0,0,0,0
0,0,0,0,0,0,0,0,0,0,0,0,0,0,0,0,0,0,0,0,0,0,0,0,0,0,0,0,0,0,0,5.38222935795784,3.32994765043259,0,3201.43565568328,33.8737540245056,0,166.188093870878,39.4199852049351,0,0,0,0,0,0,0,0,2244.2983147949,0.627671301364899,89.9140116274357,0,0,0,0,0,0,0,0,0,0,0,0,0,0,0,0,0,0,0,0,0,0,0,0,65.9172848165035,7.04789084196091,5445.69860100746,1023.74921329319,539.220787405968,0,1398.64448435605,17.883066534996,271.150018811226,0,0,0,0
0,0,0,0,0,0,0,0,0.345285326242447,0,0,0,0,0,0,0,0,0,0,0,0,0.493385463953018,0,1.35806226730347,1.58937585353851,0,0,0,0,0,0,12.8861547410488,102.952811256051,3201.43565568328,0,0,266.008668541908,94.2911228388548,126.366396397352,0,0,0,0,0,0,0,0,3978.0683529675,0,19.4677732437849,0,0,0,0,0,0,0,0,0,0,0,0,0,0,0.744225278496742,0,0.187299802899361,0,0.1714848279953,0,0.219246566295624,0,0,0,18.4034400880337,59.3293938785791,365.950050771236,1021.63481426239,18.6626941263676,223.253992289305,173.357841670513,319.260855004191,2234.72723478079,0,0,0,0
0,0,0,1.80198600888252,0,36.5612113028765,0,0.994969964027405,0,0,0,182.748369663954,0,0,0,0,0,0,0,3313.37593665719,0,0,0,0,0,0,0,0,0,0,0,139.610135734081,113.284295231104,33.8737540245056,0,0,1209.67272299528,1757.0981143564,3.08472791314125,29.1410232409835,0,0,0,0,0,1.76419496536255,0,138.429537564516,0,58.7965039163828,0,5.39062932133675,0,0,0,2.19327874481678,0,438.135802820325,0,3.97730869054794,0,0.545994937419891,379.792559094727,0,0,0,0,0,0,0,0,0,0.891119047999382,0,198.938235059381,0,0,0,17741.8128004372,111.151878267527,804.442060112953,0,8693.98083284497,471.338395088911,454.164621837437,0,0
0,0,0.224298670887947,0,0,0,0,0,0,0,100.162525296211,0,0,0,0,0,0,0,0,0,1873.94121327996,0,0,0,0,0,0,0,0,0,0,34.7037318944931,993.22171369195,0,266.008668541908,1209.67272299528,0,8.12960183620453,4210.71780993044,0,0,0,0,0,0,0,188.14514310658,30.515379935503,32.1263052821159,8.17254321277142,0,0,0,0,0,0,0,0,0,0,0,0,0,1606.41417388618,0,0,0,0,0,0,0,0,0,0,0,197.655947163701,0,40.8006201684475,324.362530440092,19641.7639394626,0,677.376936271787,4242.0825746581,166.041151762009,177.994367346168,0,0
0,0.434562563896179,0,1.15894395112991,0,0,0,0,0.353423625230789,0,0,2963.20783534646,0,0,0,0,2.72417259216309,7.24399469792843,14.4952423870564,740.904308199883,0,1527.34709063172,0.300729542970657,644.147050648928,0.983623862266541,0,0,68.6037697866559,0,1919.72004750371,0,0,0,166.188093870878,94.2911228388548,1757.0981143564,8.12960183620453,0,130.150822609663,0,0,49.9990400820971,0.898112654685974,0,0,4.4569103717804,0,1422.17424534261,13.5398596078157,393.093455135822,0,0,0,0,0,2.80395317077637,0,539.419250696898,0,0,0,0.214427292346954,714.083115875721,0,1822.01012562215,0,329.533232212067,0,0.212500438094139,0,75.251464240253,0,43.0132482945919,0,0,0,51.483851313591,2.46375343203545,135.535779729486,1.42750650644302,16623.40350651,33.8840146362782,4214.94970088452,199.89273622632,327.692650966346,2.69246263802052,0.585239976644516
0,1.10334800183773,0,0,0,0,0,0,0,0,626.981397360563,0,0,0,0,0,0,0,0.653198659420013,0,869.88209438324,0,2644.02718751132,0.490852773189545,377.991645887494,0,3.77671527862549,0,22.5739372968674,0,347.032945692539,0,0,39.4199852049351,126.366396397352,3.08472791314125,4210.71780993044,130.150822609663,0,0,0.967199385166168,0.505288422107697,1.97884476184845,0,0,0,0.442769646644592,606.901781119406,253.04315598309,20.557288967073,0,0,0,0,0,0,124.630051106215,0,0,0,0,0,0,257.961997777224,0,2049.93291084468,3.93986064195633,55.0605121552944,1.04124443978071,5.09176076948643,0,0.46126201748848,0,276.511176675558,0,0,1.69841784238815,84.6165489852428,0,1528.80862106383,116.434807419777,17036.5058820993,4372.90904404223,183.95495480299,124.153007596731,0,1.29472893476486
0,0,0,2.15518048405647,0,0.415140360593796,0,0,0,0,0,0,0,0,0,0,1.91789346188307,5.22944413870573,20.1606506705284,1.49722772836685,0,0,0,0,0,0,0,0,0,0,0,0,0,0,0,29.1410232409835,0,0,0,0,0.402763575315475,193.032408893108,0.412748880684376,0.194120451807976,0,121.174248158932,0,417.644338667393,0,698.362189427018,0,0.147977262735367,0,0,0,0,0,3.84623381495476,0,0.545319795608521,0,0.352013498544693,146.834280744195,0,0,0,0,0,0,0,0.212542027235031,0,2.94742724299431,0,0,0,0,0,715.664529658854,0,19.4065200984478,0,7.17535954713821,0,913.833287142217,1.72149033844471,0
0,0,6.86621471494436,0.787901520729065,3.27286154031754,0,0,0,0,0,0,0,0,0,0,0,312.2585657686,150.365264452994,1367.96571612358,0.470810979604721,0,0,0,0,0,0,0,0,0,0,0,0,0,0,0,0,0,0,0.967199385166168,0.402763575315475,0,74.9057720601559,2260.08527247608,0.24388325214386,3.36560800671577,15.3760041743517,467.283159911633,39.4392272680998,939.613027311862,3.42451197654009,1.34965109825134,0,0,0,4.92353948950768,0,3.50148763507605,1.91398520767689,0,0,0,0,5.82921919226646,296.727791540325,0,0,0,0,0,0,0,0,7.72172755002975,10.473074272275,0,17.8346417844296,0,0,11.8999889791012,571.130163043737,11.9761356562376,159.968481794,564.469761442393,0,2223.23209973052,2.5995674431324,135.682770855725
0,36.4209259003401,1.29942089319229,53.8025522902608,0,3.19559614360332,0,0,0,113.552134588361,0,0,0,0,0.260801613330841,0,97.0985537394881,281.425261251628,773.90404163301,43.6346996575594,0,0,0,10.0257437378168,0,0.40580278635025,2.18433123826981,0,0,0,0,0,0,0,0,0,0,49.9990400820971,0.505288422107697,193.032408893108,74.9057720601559,0,243.13806746155,16.6658943295479,0,714.663738586009,17.1835852488875,9.71113708615303,22.452069401741,420.938346706331,0,1.25253635644913,0,0,0,12.6601539105177,0.305243790149689,394.337791852653,0,34.8126070573926,0,12.5083926320076,285.497192509472,0,0,0,0,0,0,0,81.7486528679729,0,582.290639512241,1.01552693545818,0,0,0,0,883.652499936521,13.8652079477906,517.642600893974,2.9361676722765,770.647174030542,0.562712758779526,5188.33867082745,184.05650369823,6.32645945250988
2.95394949615002,0.262171596288681,64.4082311838865,0,8.43510749191046,0,0,0,189.429717615247,0,0,0,0,0,1.06037902832031,0,359.222231581807,139.597810931504,1028.40795340389,0.763424649834633,0,0,0,0,1.78366649150848,0,0.255434691905975,0,0,0,0,0,0,0,0,0,0,0.898112654685974,1.97884476184845,0.412748880684376,2260.08527247608,243.13806746155,0,0.408083915710449,10.5826463997364,21.6939605176449,206.326958984137,47.6484552100301,805.839802823961,6.5815361738205,5.26123617589474,0,0,0,11.0574130341411,0,127.228328034282,2.18951451778412,1.89710676670074,2.07189989089966,0,0,12.0493239611387,124.061024345458,0,0,0.199781209230423,0,0,0,0.466826409101486,0,9.56231869757175,221.742514640093,0,0,0,0,17.408957503736,369.078879848123,22.7969011813402,262.406489416957,1228.25781071931,0.328465551137924,5273.01322130859,3.91951638460159,614.975283004344
0,0,0,0,0,0,0,0,0,0,0,0,0,0,0,0,0.334059447050095,0.974101215600967,4.27510786056519,0,0,0,0,0,0,0,0,0,0,0,0,0,0,0,0,0,0,0,0,0.194120451807976,0.24388325214386,16.6658943295479,0.408083915710449,0,0,1.30348551273346,0,0,0.239179514348507,0,0,0,0,0,0,0,0,0,0,0,0,0,2.65458855032921,0,0,0,0,0,0,0,0,0,0,0,0,0,0,0,4.87076894938946,0.381836593151093,4.29819640517235,0,2.3427379578352,0,33.2738780900836,0.145079985260963,0
0,0,0,0,0,0,0,0,0,0,0,0,0,0,0,0,0.309383779764175,0,10.3536303639412,0,0,0,0,0,0,0,0,0,0,0,0,0,0,0,0,0,0,0,0,0,3.36560800671577,0,10.5826463997364,0,0,0,0,0,0.970797777175903,0,0,0,0,0,0,0,0.452679485082626,0,0,0,0,0,0,1.91759610176086,0,0,0,0,0,0,0,0,0,2.75319215655327,0,0,0,0,0,0.447892069816589,0,1.96098521351814,0,0,16.399842530489,0,0
0,1.37561360001564,0,6.26455372571945,0,0.25005379319191,0,0,0,0,0,0.583133563399315,0,0,0,0,41.2877228781581,158.451052986085,593.906965188682,42.4812124297023,0,0,0,0,0,0,0,0,0,0,0,0,0,0,0,1.76419496536255,0,4.4569103717804,0,121.174248158932,15.3760041743517,714.663738586009,21.6939605176449,1.30348551273346,0,0,0.389286547899246,0,0.422636270523071,13.1801347434521,0,0,0,0,0,0.96156433224678,0,18.3700740933418,0,4.5074377655983,0,4.32904295623302,675.87393219769,0,0,0,0,0,0,0,0.450095474720001,0,29.2567208781838,2.3674418926239,0,0,0,0,771.768078058958,4.46517167985439,122.52681594342,2.68330080807209,147.823373287916,0,889.326188031584,8.78902316838503,1.35631529986858
0,0,3.3272160589695,0,7.01544715464115,0,0,0,0,0,0,0,0,0,0,0,27.4131420999765,20.3403218239546,110.978833384812,1.10358768701553,0,0,0,0,0,0,0,0,0,0,0,0,0,0,0,0,188.14514310658,0,0.442769646644592,0,467.283159911633,17.1835852488875,206.326958984137,0,0,0.389286547899246,0,17.9963803142309,101.264556385577,12.4929414689541,0.599388048052788,0,0,0,0,0,1.57570403814316,0.90643572807312,0,0,0,0,0,1489.97260664403,0,0,0,0,0,0,0,0,0.439288198947906,1.92523474246264,0,0,0,0,4.93827320635319,1129.01103352755,0.808962196111679,227.825046300888,208.016891445965,0,1077.17453320324,0.196974247694016,8.77433194220066
2.42939712107182,12.5921924859285,2.68808101117611,0,3.21379270404577,0,0,0,9.62836775183678,2.99122640490532,0,0,0,0,0,0,0.28449472784996,0,0.757912330329418,0,0,2.91011765599251,0.666591852903366,5.3283329308033,8.51345998048782,0,0,0,0,0,0,123.308139801025,2113.80670626462,2244.2983147949,3978.0683529675,138.429537564516,30.515379935503,1422.17424534261,606.901781119406,417.644338667393,39.4392272680998,9.71113708615303,47.6484552100301,0,0,0,17.9963803142309,0,421.417731843889,2163.13774616271,0.287824600934982,0,0,0,0.208628162741661,1.12493275105953,0.152226373553276,0.917578756809235,0,0,0,0,0.61602646112442,0.619372189044952,1.76937040686607,1.8105544000864,24.3686669766903,0,5.88343800604343,0,1.60609397292137,0,0,0,427.017316073179,5484.99660624564,2027.04793129861,3359.05847989023,6213.08384765685,382.829267315567,3015.6033578217,318.836243920028,321.217588655651,0,563.429862834513,0,20.4900620430708
119.268171712756,3.69737732410431,21.1686871722341,1.31991815567017,7.80697552114725,0,0,0,60.1493407636881,0,0,0,0,0,1.55593729019165,0,37.9829946756363,15.4379005581141,108.434485264122,0,1.96833348274231,0,101.095252171159,1.43545806407928,101.413979798555,0,0,0,0,0,0,0,0,0.627671301364899,0,0,32.1263052821159,13.5398596078157,253.04315598309,0,939.613027311862,22.452069401741,805.839802823961,0.239179514348507,0.970797777175903,0.422636270523071,101.264556385577,421.417731843889,0,70.9577750116587,0.737709708511829,0,0,0,3.91765009611845,0,1.15288223326206,0,0,0,88.0988208055496,0,1.42168819904327,1.61146675795317,0,172.849002495408,5.28785210847855,171.312409251928,1.9954622387886,80.0856833308935,0,0,1.11442455649376,1.43835058063269,0,74.7703806757927,0,0,1.17342390120029,829.594203736633,9.32803112268448,249.379462048411,454.654324352741,0,1461.67392347008,0.288363464176655,54.9754395931959
1.10908505320549,713.890939384699,1.18715324997902,285.336690887809,0.142258316278458,2.18024724721909,0,0,1.89770978689194,115.271801561117,0,1.736208319664,0,0,0,4.94295817613602,1.13838736712933,4.9688588231802,24.541771940887,4.42919862270355,0,111.559381753206,0,127.967970713973,3.51778592169285,0,0,0,0,0,0,0.794155538082123,0,89.9140116274357,19.4677732437849,58.7965039163828,8.17254321277142,393.093455135822,20.557288967073,698.362189427018,3.42451197654009,420.938346706331,6.5815361738205,0,0,13.1801347434521,12.4929414689541,2163.13774616271,70.9577750116587,0,0.326932042837143,1.77247226238251,0,0,0.234955251216888,218.095615461469,0,277.498302787542,0,300.289486959577,0,140.922842353582,45.2165625020862,0.403930425643921,163.06408162415,0,301.134287923574,0,168.070892050862,0,27.2204230725765,0,12.675389751792,0.10382791608572,0,0,3.76065528392792,14.1268941611052,963.088330350816,6.43537341803312,154.876703172922,11.562369890511,248.291302718222,0,1857.19797544181,9.25389415025711,2.97332027554512
0,0,36.8063569366932,0,69.9606881737709,0,49.3067629784346,0,0,0,0,0,1,0,0,0,0.603812158107758,0,0,0,0,0,0,0,0,0,0,0,0,0,0,0,0,0,0,0,0,0,0,0,1.34965109825134,0,5.26123617589474,0,0,0,0.599388048052788,0.287824600934982,0.737709708511829,0.326932042837143,0,0,82.3075404167175,0,0,0,1.1147908270359,0,0,0,18.1200311183929,0,0,32.4229949712753,0,0,0,0,0,0,0,0,0,1.28772388398647,0,0,0,0,0,0.0981215611100197,0,0,4.37637430429459,0,280.156102836132,0,0
0,0,0,2.44334149360657,0,273.815150618553,0,1,0,0,0,0,0,0,0,0,0,0,0,8.44292759895325,0,0,0,0,0,0,0,0,0,0,0,0,0,0,0,5.39062932133675,0,0,0,0.147977262735367,0,1.25253635644913,0,0,0,0,0,0,0,1.77247226238251,0,0,0,0,0,0,0,51.5564847588539,0,3.64691472053528,0,0,14.3290252387524,0,0,0,0,0,0,0,0,0,1.18297708034515,0,0,0,0,0,0.305811911821365,0,0.361682027578354,0,5.29583835601807,0,63.4438965842128,0,0
0,0,0,0,0,0,846.78983271122,0,0,0,0,0,0,0,0,0,0,0,0,0,0,0,0,0,0,0,0,0,0,0,0,0,0,0,0,0,0,0,0,0,0,0,0,0,0,0,0,0,0,0,82.3075404167175,0,0,0,0,0,0,0,2.56934809684753,0,0,0,0,0,0,0,0,0,0,0,0,0,0,0,0,0,0,0,0,0,0,0,6.26796698570251,0,0,0,0
0,0,0,0,0,0,0,113.104334652424,0,0,0,5.4450318813324,0,0,0,0,0,0,0,0,0,0,0,0,0,0,0,0,0,0,0,0,0,0,0,0,0,0,0,0,0,0,0,0,0,0,0,0,0,0,0,0,0,0,0,0,0,548.747998729348,0,0,0,0,0,0,0,0,0,0,0,0,0,0,0,0,0,0,0,0,0,0,0,0,0,0,0,0,0
240.551592215896,0,48.1208456158638,0,21.4735439419746,0,0,0,265.332112789154,0,0,0,0,0,57.1543974876404,0,0.195716306567192,0,0,0,0,0,0,0,34.0454666614532,0,0,0,0,0,0,0,0,0,0,0,0,0,0,0,4.92353948950768,0,11.0574130341411,0,0,0,0,0.208628162741661,3.91765009611845,0.234955251216888,0,0,0,0,0,0,0,0,0,0,42.8042392134666,0,0,0,0,0,0,152.044384896755,0,0,0,0,0,0,0,0,0,0,0,0.492202922701836,0,3.22736658155918,10.6132982671261,0,45.598084770143,0,1.57511174678802
0,160.422797694802,0,9.11866676807404,0,2.34369874000549,0,0,0,938.666484251618,0,0,0,0,0,122.611388355494,0,0,2.64805901050568,2.6587233543396,0,0,0,7.55215093493462,0,17.1114057302475,0,0,0,0,0,0,0,0,0,2.19327874481678,0,2.80395317077637,0,0,0,12.6601539105177,0,0,0,0.96156433224678,0,1.12493275105953,0,218.095615461469,0,0,0,0,0,0,0,17.3056216537952,0,5.00401681661606,0,732.253264695406,48.6172521561384,0,0,0,409.720991268754,0,71.6989558339119,0,0,0,2.02199450135231,0,0,0,0,0,0.657513156533241,0,25.8470187261701,0,176.374838531017,0,188.259333789349,0,0
0,0,31.1866286993027,0,0,0,60.0913348793983,0,0,0,2285.35147637129,0,89.4893715530634,0,0,0,3.24339555203915,2.44355021417141,12.3481820523739,0,0,0,0,0,0,0,0,0,1.60935086011887,0,295.956537604332,0,0,0,0,0,0,0,124.630051106215,0,3.50148763507605,0.305243790149689,127.228328034282,0,0.452679485082626,0,1.57570403814316,0.152226373553276,1.15288223326206,0,1.1147908270359,0,0,0,0,0,0,0,2.94158101081848,0,10.3814482688904,0,0,17.7407542467117,0,0,0,0,0,0,0,0,0,160.436020463705,0,0,0,0,0,0.135626703500748,0,61.4223916232586,22.750062212348,0,742.95151463151,0,8.84400510787964
0,35.9405723810196,0,112.857304662466,0,3.45957636833191,0,195.126154214144,0.349085628986359,3.63520087301731,0,3382.69363327324,0,0,0,0,6.62064202129841,17.7445733472705,74.2672060206532,1483.94226519763,0,0,0,0,0,0,0,0.363969936966896,0,106.967129155993,0,0,0,0,0,438.135802820325,0,539.419250696898,0,3.84623381495476,1.91398520767689,394.337791852653,2.18951451778412,0,0,18.3700740933418,0.90643572807312,0.917578756809235,0,277.498302787542,0,51.5564847588539,0,548.747998729348,0,17.3056216537952,0,0,0,105.198951527476,0,120.23888464272,659.344318255782,0,0,0,0,0,0,0,77.0730993896723,0,871.539591632783,0,0,0,0,0,13.3899265676737,0.965895712375641,38.9492997825146,0,303.166105717421,2,1717.42873915285,27.3528794944286,0.34219890832901
0,0,9.84545812010765,0,4,0,52.588231921196,0,0,0,8.24438667297363,0,907.840367972851,0,76.1756064295769,0,0,0,0,0,0,0,0,0,0,0,0,0,64.9058824777603,0,0,0,0,0,0,0,0,0,0,0,0,0,1.89710676670074,0,0,0,0,0,0,0,0,0,2.56934809684753,0,0,0,2.94158101081848,0,0,0,184.215889692307,0,0,0,0,0,0,0,0,0,0,22.5352518558502,0,0,0,0,0,0,0,0.140577405691147,0,0,0.954380109906197,0,2.03227736055851,0,0
0,14.9009062945843,0,119.233121320605,0,2.48854041099548,0,1,0,2.74113067984581,0,1051.22791346908,0,1724.81941980124,0,15.683089017868,1.27572441101074,3.82331895828247,4.51325362920761,3.81833091378212,0,0,0,0,0,0,0,9.3316285610199,0,0,0,0,0,0,0,3.97730869054794,0,0,0,0.545319795608521,0,34.8126070573926,2.07189989089966,0,0,4.5074377655983,0,0,0,300.289486959577,0,3.64691472053528,0,0,0,5.00401681661606,0,105.198951527476,0,0,0,144.4568400383,41.8136170804501,0,0,0,0,0,0,0,40.6060779690742,0,13.6839635670185,0,0,0,0,0,1.89913094043732,0,1.90617805719376,0,375.94905462116,10,261.151662550867,0,0
57.234801530838,0,0,0,8.2404351234436,0,0,0,2.3426787853241,0,0,0,268.445894002914,0,667.259092211723,0,13.2447419464588,1.21638971567154,0,0,0,0,0,0,0,0,50.0683289468288,0,0,0,0,0,0,0,0,0,0,0,0,0,0,0,0,0,0,0,0,0,88.0988208055496,0,18.1200311183929,0,0,0,42.8042392134666,0,10.3814482688904,0,184.215889692307,0,0,0,0,0,0,0,0,0,0,156.981603264809,0,0,0,0,0,0,0,0,0,0,0,0,5.52237591147423,0,0,0,0
0,228.141791313887,0,90.7728560864925,0,41.5620021820068,0,0,0,1532.5191539079,0,0,0,68.5555299520493,0,1175.28201305866,0,0.169538915157318,4.41683864593506,1.11266049742699,0,0,0,20.4009935855865,0,11.5856705904007,0,0,0,0,0,0,0,0,0,0.545994937419891,0,0.214427292346954,0,0.352013498544693,0,12.5083926320076,0,0,0,4.32904295623302,0,0,0,140.922842353582,0,0,0,0,0,732.253264695406,0,120.23888464272,0,144.4568400383,0,0,4.93093097954988,0,0,0,25.9513278007507,0,4.55756723880768,0,0,0,4.31970392167568,0,0,0,0,0,0.427630171179771,0,1.07912284135818,0,376.815833762288,7.52398824691772,70.9597798809409,0,0
0,1.53099875152111,0,51.1655650436878,0,47.5870819091797,0,0,0,8.19120401144028,0,15.3940299153328,0,0,0,0,37.4077561497688,93.5088163688779,382.506553895772,1202.16999388486,0,0,0,0,0,0,0.714285492897034,0,0,0.389838367700577,0,0,0,0,0,379.792559094727,0,714.083115875721,0,146.834280744195,5.82921919226646,285.497192509472,12.0493239611387,2.65458855032921,0,675.87393219769,0,0.61602646112442,1.42168819904327,45.2165625020862,0,14.3290252387524,0,0,0,48.6172521561384,0,659.344318255782,0,41.8136170804501,0,4.93093097954988,0,0.0974817425012589,0,0,0,0,0,0,2.81585112214088,0,405.583338156343,0.455827653408051,0,0,0,0,1154.79408036172,0.926784098148346,519.24514580518,0,222.013627003878,0,1221.59718681872,47.5781582221389,1.41988337039948
0,0,1.21001070737839,0,272.324188902974,0,124.537849962711,0,0,0,24.5836987942457,0,0,0,0,0,4.18907825648785,4.33906337618828,21.4249648079276,0,2133.27457095683,0,0,0,0,0,0,0,0,0,0,0,0,0,0,0,1606.41417388618,0,257.961997777224,0,296.727791540325,0,124.061024345458,0,1.91759610176086,0,1489.97260664403,0.619372189044952,1.61146675795317,0.403930425643921,32.4229949712753,0,0,0,0,0,17.7407542467117,0,0,0,0,0,0.0974817425012589,0,0,0,0,0,0,0,0,0,0,5.17194401472807,0,0,0,0,0.620849147439003,2145.36169677973,0,201.888537034392,386.590974703431,0,499.23403005302,0.118125334382057,5.07697184383869
0,0,0,0,0,0,0,0,0,0,0,0,0,0,0,0,0,0,0,0,0,6554.50871537626,62.6896305084229,227.883949995041,0,4.07617950439453,0,402.009375810623,0,0,0,0,0,0,0.744225278496742,0,0,1822.01012562215,0,0,0,0,0,0,0,0,0,1.76937040686607,0,163.06408162415,0,0,0,0,0,0,0,0,0,0,0,0,0,0,0,7.56085515022278,422.266948401928,0,116.942852273583,0,103.083981730044,0,0,0,0,0,0,0.239653334021568,0,0,1143.25007294863,0,787.34928907454,84.1386407613754,0.182169511914253,0,0
0,0,0,0,0,0,0,0,0,0,0,0,0,0,0,0,69.0374354422092,9.4807550907135,1.94498383998871,0,0,47.1991391777992,6912.53329317272,0,235.49588675797,0,44.2415951937437,0,121.189569890499,0,0,0,0,0,0,0,0,0,2049.93291084468,0,0,0,0,0,0,0,0,1.8105544000864,172.849002495408,0,0,0,0,0,0,0,0,0,0,0,0,0,0,0,7.56085515022278,0,0,4.84804770350456,0,182.946871086955,0,607.165102995932,0,0,0,0,0,0,0,0,0.1659284979105,1005.90018539131,579.952977210283,80.3028239309788,0.275815486907959,0,0
0,85.4404905438423,0,0,0,0,0,0,0.230518996715546,22.6832966953516,0,0,0,0,0,0,0,0,0.212568640708923,0,0,67.4479636102915,0,1266.44106470048,0.290765881538391,38.6754523217678,0,0,0,0,0,0,0,0,0.187299802899361,0,0,329.533232212067,3.93986064195633,0,0,0,0.199781209230423,0,0,0,0,24.3686669766903,5.28785210847855,301.134287923574,0,0,0,0,0,409.720991268754,0,0,0,0,0,25.9513278007507,0,0,422.266948401928,0,0,0,950.468993082643,0,0,0,0,0,0,0,0,0,0,0,503.321502581239,0.564401507377625,9.07885819673538,0,65.2017127126455,0,0.990240484476089
0,0,0,0,0,0,0,0,12.5973848104477,0,0,0,0,0,0,0,0,0,0,0,0,0,72.3436621129513,0,1335.71752801538,0,35.2529060840607,0,0,0,0,0,0,0,0,0,0,0,55.0605121552944,0,0,0,0,0,0,0,0,0,171.312409251928,0,0,0,0,0,152.044384896755,0,0,0,0,0,0,0,0,0,0,4.84804770350456,0,0,0,389.344381868839,0,0,0,0,0,0,0,0,0,0,0.192677393555641,170.754707813263,28.4142120927572,4.31725400686264,104.724152714014,0,0
0,15.4769049882889,0,0,0,0,0,0,0,183.598628103733,0,0,0,0,0,0,0,0,0,0,0,44.7028730511665,0,429.874952554703,0,255.969785958529,0,133.650508642197,0,0,0,0,0,0,0.1714848279953,0,0,0.212500438094139,1.04124443978071,0,0,0,0,0,0,0,0,5.88343800604343,1.9954622387886,168.070892050862,0,0,0,0,0,71.6989558339119,0,0,0,0,0,4.55756723880768,0,0,116.942852273583,0,950.468993082643,0,0,0,9.24238601326942,0,0,0,0,0,0,0,0,0,0.31888422369957,0,23.6238476037979,0,19.06645219028,0,0
0,0,0,0,0,0,0,0,0,0,0,0,0,0,123.272879570723,0,466.871644482017,18.171279117465,0,0,0,0,68.5742830187082,0,310.625784531236,0,77.1316618919373,0,72.3790211677551,0,0,0,0,0,0,0,0,0,5.09176076948643,0,0,0,0,0,0,0,0,0,80.0856833308935,0,0,0,0,0,0,0,0,0,0,0,156.981603264809,0,0,0,0,182.946871086955,0,389.344381868839,0,0,0,409.583664923906,0,0,0,0,0,0,0,0,0,4.08925011754036,67.3874659240246,0,14.9993889331818,0,0
0,0,0,2.75243581831455,0,0,0,0,0,0,0,0,0,56.2700690031052,0,0,0,0.679793111979961,3.99418744444847,0,0,95.5591201633215,0,0.37379589676857,0,21.4480450153351,0,2179.25253854692,0,57.3816543221474,0,0,0,0,0.219246566295624,0,0,75.251464240253,0,0.212542027235031,0,81.7486528679729,0.466826409101486,0,0,0.450095474720001,0,1.60609397292137,0,27.2204230725765,0,0,0,0,0,0,0,77.0730993896723,0,40.6060779690742,0,0,2.81585112214088,0,103.083981730044,0,0,0,9.24238601326942,0,0,0,247.008297652006,0,0,0,0,0,2.0207067579031,0,388.419125318527,0,339.633702218533,3.22978413105011,51.2986381724477,2.30828027427197,0
0,0,0,0,0,0,0,0,0,0,0,0,83.487718462944,0,0,0,0,0,0,0,0,0,125.851199030876,0,0,0,654.937505722046,0,2874.81140756607,0,26.2274329662323,0,0,0,0,0,0,0,0.46126201748848,0,0,0,0,0,0,0,0,0,0,0,0,0,0,0,0,0,0,0,22.5352518558502,0,0,0,0,0,0,607.165102995932,0,0,0,409.583664923906,0,0,0,175.740925699472,0,0,0,0,0,0,0,270.258699499071,189.072133243084,0,0,0,0
0,3.12033967673779,0,17.8032715767622,0,0.232230469584465,0,0,0,0,0,419.024211809039,0,0,0,0,16.9341912865639,45.7961373329163,174.714598312974,152.486206762493,0,0,0,0,0,0,0,12.3790744245052,0,352.767080411315,0,0,0,0,0,0.891119047999382,0,43.0132482945919,0,2.94742724299431,7.72172755002975,582.290639512241,9.56231869757175,0,0,29.2567208781838,0.439288198947906,0,1.11442455649376,12.675389751792,0,1.18297708034515,0,0,0,2.02199450135231,0,871.539591632783,0,13.6839635670185,0,4.31970392167568,405.583338156343,0,0,0,0,0,0,0,247.008297652006,0,0,0.185782626271248,0,0,0,0,33.3223683387041,2.30611610412598,98.7428193837404,3.29134926199913,218.425504900515,3,967.46605617553,19.915199816227,2.12117382884026
0,0,2.38689851760864,0,1.59211699664593,0,0,0,0,0,214.731576859951,0,0,0,0,0,16.3352146297693,6.34751281142235,56.1120485067368,0,0,0,0,0,0,0,0,0,468.916298806667,0,871.3113745749,0,0,0,0,0,0,0,276.511176675558,0,10.473074272275,1.01552693545818,221.742514640093,0,2.75319215655327,2.3674418926239,1.92523474246264,0,1.43835058063269,0.10382791608572,1.28772388398647,0,0,0,0,0,160.436020463705,0,0,0,0,0,0.455827653408051,5.17194401472807,0,0,0,0,0,0,0,175.740925699472,0.185782626271248,0,0,0,0,0,1.16610360145569,2.12169234454632,1.10283975303173,182.215294703841,56.6886706203222,0,668.988396555185,0,20.0942182093859
0,0,0,0,0,0,0,0,0,0,0,0,0,0,0,0,0,0,0,0,0,0,0,0,0,0,0,0,0,0,0,2930.61029629409,509.419239729643,65.9172848165035,18.4034400880337,198.938235059381,0,0,0,0,0,0,0,0,0,0,0,427.017316073179,0,0,0,0,0,0,0,0,0,0,0,0,0,0,0,0,0,0,0,0,0,0,0,0,0,0,0,8.07163822650909,135.714037567377,18.7114694714546,676.905541926622,0,0,0,1428.52202019095,0,0,0,0
0,0,0,0,0,0,0,0,0,0,0,0,0,0,0,0,0,0,0,0,0,0,0,0,0,0,0,0,0,0,0,657.284935504198,542.152218699455,7.04789084196091,59.3293938785791,0,197.655947163701,0,0,0,17.8346417844296,0,0,0,0,0,0,5484.99660624564,74.7703806757927,0,0,0,0,0,0,0,0,0,0,0,0,0,0,0,0,0,0,0,0,0,0,0,0,0,8.07163822650909,0,3.15618818998337,103.073590829968,0.428483158349991,15.4743169695139,0,0,257.541604876518,0,0,0,0
