0,0,4.34810806723202,0,28.4297771453857,0,0,0,5.76739977812541,21.5837879180908,0,0,0,0,0,0,23.7940735533686,23.0217571258545,15.3377163585296,0,0,0,0,0,14.0342645645142,0,0,0,0,0,0,0,0,0,0,0,0,0,17.122280438741,49.5949317932129,52.0400591828769,31.7755718231201,28.9635183531097,21.0414485931396,54.3308696746826,0,61.3286366955987,33.2186943292618,12.1311890011494,0,6.23170048849923,0,0,0,5.34687445257321,0,36.7402943174044,0,8.69026178601962,0,5.92750031019734,0,45.0261001586914,58.0703326738798,0,0,0,6.79079770219737,0,8.20854616165161,0,0,41.4566440582275,44.2595220712515,0,0,0,0,57.894082069397,33.0872755552593,46.3547248840332,49.8473613136693,15.2543829226723,12.4272117614746,13.6083095688299,0,38.5038426717122
0,0,0,5.02033564343172,0,8.3569023654146,0,0,0,8.32498938155965,0,0,0,0,0,3.95498432354494,0,45.1662241617839,13.5526296615601,0,0,0,0,0,0,0,0,0,0,0,0,63.0950489044189,64.4946136474609,48.3258797781808,0,66.5610046386719,58.250072479248,21.8412313461304,0,53.2523105621338,0,19.5210433724208,65.7941741943359,0,0,48.2748343149821,0,35.0049585041247,0,16.4681045221772,0,0,0,0,0,6.67668552900178,0,0,0,7.4357228628019,0,5.57093252674226,34.8967583974202,0,0,0,7.58756685948026,0,0,0,0,0,22.4657554626465,0,66.8370460510254,69.5403823852539,45.2048266484187,62.1289596557617,41.8172878623009,0,25.1981946883663,0,10.6195299213356,6.93956915537516,15.2788392132621,4.82093351682027,0
4.34810806723202,0,0,0,6.75081002835146,0,0,0,5.21109263102214,0,25.8889789581299,0,0,0,0,0,0,0,43.7233015696208,0,11.8515593788841,0,0,0,0,0,0,0,0,0,0,0,0,0,0,80.0689010620117,11.7725515365601,0,0,76.594612121582,55.4895505504448,0,51.3615200555147,0,0,0,30.1865547597408,40.1572494506836,10.8611309713231,0,3.6454779671841,0,0,0,5.62638754347351,0,10.7195337176323,0,0,0,0,0,0,34.4581259987571,0,0,0,0,0,0,0,0,0,28.0677335045554,0,0,0,0,0,28.3146461731072,0,29.4541351454599,13.8097403583855,0,9.2095431855662,0,52.1512413024902
0,5.02033564343172,0,0,0,5.40380956757579,0,0,0,6.14197811484337,0,0,0,0,0,0,0,0,46.4864355723063,4.67681868871053,0,0,0,0,0,0,0,0,0,0,0,0,0,0,0,8.75250137479682,0,0,0,36.3537517275129,0,23.5604412607903,107.674781799316,0,0,11.3285849593407,23.0274486541748,0,0,12.4645789682865,0,4.79981653032632,0,0,0,5.33404275487048,0,0,0,0,0,0,20.3049017058478,0,0,0,0,0,0,0,0,0,24.5559234619141,0,0,0,0,0,22.2411796906415,0,25.5910497145219,0,8.49443647381668,7.09230732917786,7.82872740920933,0,0
28.4297771453857,0,6.75081002835146,0,0,0,4.30505369769202,0,3.22607834264636,0,8.93734176515594,0,0,0,0,0,0,0,0,0,9.37966925861271,0,0,0,0,0,0,0,0,0,0,0,0,0,0,0,0,0,0,0,0,0,0,0,0,0,16.2281436920166,0,15.4592893600464,0,4.22952288445972,0,2.9588714838028,0,3.61261971373307,0,13.0664540103504,0,0,0,0,0,0,9.40712908598093,0,0,0,0,0,0,0,0,0,0,0,0,0,0,0,31.0548777329294,0,31.9580974578857,6.55894815921783,4.92626369916476,7.26180737315329,0,0
0,8.3569023654146,0,5.40380956757579,0,0,0,5.69983744621277,0,4.86208823875145,0,0,0,11.6777655861594,0,10.0133283615112,0,0,22.6099948883057,4.50706032226826,0,0,0,0,0,0,0,0,0,0,0,0,0,0,0,5.05390664509365,0,0,0,35.8803714116414,0,31.1968308766683,0,0,0,13.9328822356004,0,0,0,13.3533711433411,0,3.04828994803958,0,4.10387614369392,0,5.69551265239716,0,5.88662719726562,0,4.24822458179518,0,2.97009415239901,9.32101163864136,0,0,0,0,0,0,0,0,0,0,0,0,0,0,0,28.5374517440796,0,33.0434101104736,0,7.70229630646068,0,9.13352639294784,0,0
0,0,0,0,4.30505369769202,0,0,0,0,0,7.948106944561,0,0,0,0,0,0,0,0,0,6.44870350867745,0,0,0,0,0,0,0,0,0,0,0,0,0,0,0,20.0041961669922,0,24.4375686645508,0,0,0,0,0,0,0,0,0,0,0,6.97232294082642,0,6.07553392040486,0,0,0,8.78229516605998,0,0,0,0,0,0,7.77069877175724,0,0,0,0,0,0,0,0,0,0,0,0,0,0,0,20.2426624298096,0,0,3.37787667725437,0,10.1066513061523,0,0
0,0,0,0,0,5.69983744621277,0,0,0,0,0,7.05181028445562,0,8.14421322445075,0,0,0,0,0,4.07272756844759,0,0,0,0,0,0,0,0,0,0,0,0,0,0,0,0,0,0,0,0,0,0,0,0,0,0,0,0,0,0,0,4.60312569141388,0,4.18487440815821,0,0,0,3.73746941946997,0,8.17734981755741,0,0,4.40001561286602,0,0,0,0,0,0,0,0,0,0,0,0,0,0,0,0,0,0,0,6.04071783363272,6.10884082317352,0,0,0
5.76739977812541,0,5.21109263102214,0,3.22607834264636,0,0,0,0,0,0,0,0,0,5.43634362654252,0,6.90692502426702,0,16.7787389755249,0,0,0,0,0,12.4024391174316,0,0,0,0,0,0,0,0,0,22.3272714614868,0,0,0,6.09961377188217,0,60.3381786346436,0,8.64438355596442,0,0,0,0,17.7740726470947,14.3614617824554,0,0,0,0,0,4.26209518982975,0,27.5125017166138,0,13.9205374950316,0,6.01355662135958,0,0,0,0,22.1248378753662,0,6.77875110507011,0,11.7967164516449,0,0,0,0,0,0,0,31.5493545532227,0,35.6738554636637,0,20.3341869711876,7.0555448058169,10.0152657628059,6.62555795824024,0,0
21.5837879180908,8.32498938155965,0,6.14197811484337,0,4.86208823875145,0,0,0,0,0,0,0,0,0,5.39471777734302,30.9090032577515,5.36281064237358,10.7695597846743,0,0,15.5558881759644,0,6.54775346969736,0,7.47271020497595,0,0,0,0,0,58.6509675979614,0,33.9200896195003,38.3534812927246,65.9055252075195,0,11.9378460934288,0,52.1096410017747,0,22.4895040914994,0,0,0,31.1886028289795,0,28.3248620821735,0,21.2419356921362,0,0,0,0,0,4.21941113242736,0,0,0,7.44684910774231,0,6.40085345455724,29.0864973068237,0,24.7134258270264,0,12.3443128080929,0,0,0,0,0,32.0356852213542,0,54.4314712285995,0,33.8565611405806,0,39.1645623257286,75.4803924560547,14.9606041453331,50.5620288848877,7.17032605223964,3.86421872553278,20.0185784993246,0,0
0,0,25.8889789581299,0,8.93734176515594,0,7.948106944561,0,0,0,0,0,0,0,0,0,0,0,0,0,5.41476936095028,0,0,0,0,0,0,0,5.47491161201311,0,5.73249667031424,0,0,0,0,0,4.13805936375481,0,5.53241847396327,0,0,0,15.3437042236328,0,0,0,0,0,0,0,12.0651688241655,0,4.12921872138977,0,0,0,5.99737155587105,0,0,0,0,0,0,7.18996205049403,0,0,0,0,0,0,0,6.28622607084421,0,6.13416474515742,0,0,0,0,0,4.22997988306958,0,6.89452215092523,5.45580659706377,3.40209549832567,10.937994025849,0,0
0,0,0,0,0,0,0,7.05181028445562,0,0,0,0,0,4.88578989681782,0,0,0,0,0,8.7849651313982,0,0,0,0,0,0,0,4.58585704836929,0,9.02714650416642,0,0,0,0,0,4.73595199471877,0,9.26227322718982,0,0,0,0,0,0,0,9.50676441192627,0,0,0,0,0,0,0,7.74914623896281,0,0,0,5.0214739885036,0,4.29637592854092,0,0,5.37761734910452,0,0,0,0,0,0,0,4.35081491185658,0,7.59121220821461,0,0,0,0,0,11.5847692673023,0,12.0368587475175,0,4.78132664614791,7.74049387659345,8.58195743537302,0,0
0,0,0,0,0,0,0,0,0,0,0,0,0,0,3.37842177351316,0,0,0,0,0,0,0,0,0,0,0,0,0,2.77264866232872,0,0,0,0,0,0,0,0,0,0,0,0,0,0,0,0,0,0,0,0,0,0,0,0,0,0,0,6.98403835296631,0,3.91911973370065,0,3.75073312719663,0,0,0,0,0,0,0,0,0,0,0,0,0,0,0,0,0,0,0,0,0,4.58900541137247,4.07748602926731,0,0,0
0,0,0,0,0,11.6777655861594,0,8.14421322445075,0,0,0,4.88578989681782,0,0,0,0,0,3.66338201931545,0,0,0,0,0,0,0,0,0,5.23637782398023,0,11.3512954711914,0,0,0,0,0,0,0,0,0,0,0,0,0,0,0,0,0,0,0,0,0,10.1420204639435,0,0,0,0,0,5.12197625118753,0,4.35262440621543,0,0,0,0,0,0,0,0,0,0,3.19025435814491,0,0,0,0,0,0,0,0,0,0,0,4.93618743611382,4.16497487136998,0,0,0
0,0,0,0,0,0,0,0,5.43634362654252,0,0,0,3.37842177351316,0,0,0,0,0,0,0,0,0,0,0,0,0,0,0,0,0,0,0,0,0,0,0,0,0,0,0,0,0,0,0,0,0,0,0,0,0,0,0,0,0,4.04196535216437,0,0,0,6.82067226821726,0,4.20105532768669,0,0,0,0,0,0,13.2842769622803,0,0,0,0,0,0,0,0,0,0,0,0,0,0,3.61752544130598,0,0,0,0
0,3.95498432354494,0,0,0,10.0133283615112,0,0,0,5.39471777734302,0,0,0,0,0,0,0,6.16480556188845,0,0,0,0,0,0,0,0,0,0,0,0,0,0,0,0,0,0,0,0,0,0,0,0,0,0,0,0,0,0,0,0,0,0,0,0,0,6.01488391090842,0,0,0,4.10851236184438,0,4.01554355939803,0,0,0,0,0,0,0,0,0,0,0,0,0,0,0,0,0,0,0,0,4.08452597984901,5.15167284011841,0,0,0
23.7940735533686,0,0,0,0,0,0,0,6.90692502426702,30.9090032577515,0,0,0,0,0,0,0,10.3480751343935,19.7941257639055,0,0,3.6645921866099,3.61490063907719,0,0,0,0,0,0,0,0,0,0,0,0,0,0,0,0,55.6022126814898,51.0440196301564,49.3095706939697,33.8854632936675,30.4408810933431,37.7306795853835,57.098089490618,48.4930186271667,0,40.8809432983398,57.2017421722412,0,0,0,0,0,0,40.2780298303675,0,0,0,0,0,81.5624904632568,44.7674510955811,0,3.45802074008518,0,0,0,0,0,0,54.7892710367839,45.7443356043856,0,0,0,0,51.791256859189,49.8247159159602,52.8386416435242,47.5404331019667,12.5570302447376,8.9533589146165,35.868717556908,94.9492874145508,29.4924049377441
23.0217571258545,45.1662241617839,0,0,0,0,0,0,0,5.36281064237358,0,0,0,3.66338201931545,0,6.16480556188845,10.3480751343935,0,10.3054915462336,0,0,15.255178146113,12.2463521957397,3.50337673342505,0,4.75542465644547,0,9.35142102389756,0,0,0,0,0,0,0,46.4683723449707,0,0,0,51.2093495030557,50.9636559919877,33.1967400670052,32.4536723417394,0,36.0384183883667,45.5695025126139,53.1317818959554,52.4782676696777,78.9644584655762,55.482115427653,0,0,0,0,82.8493728637695,4.39196215735541,62.8816394805908,27.5800838470459,0,0,0,12.2942504644394,50.6652371088664,53.0629723866781,0,0,0,0,13.1974754333496,0,15.9682719924233,0,36.1634859085083,61.5527717590332,0,0,0,0,48.1744744150262,52.4756525887383,46.3267402648926,52.5458867754255,9.17264751351945,16.785632208774,41.9049666866269,16.3068265914917,0
15.3377163585296,13.5526296615601,43.7233015696208,46.4864355723063,0,22.6099948883057,0,0,16.7787389755249,10.7695597846743,0,0,0,0,0,0,19.7941257639055,10.3054915462336,0,0,0,0,0,0,0,0,0,0,0,0,0,0,0,0,0,24.4636707305908,41.497428894043,0,0,31.0857667350118,37.0375981903076,23.9036047535293,24.7111699930249,13.2750954103994,26.593681789026,33.9018893753741,31.9400787315671,52.5368341718401,54.1512591622093,48.2084389667885,0,0,0,0,15.4837979316711,24.4696712493896,33.6601452412813,34.0511065891811,0,0,0,0,29.6448171000835,35.8886506822374,0,0,0,0,0,0,0,0,28.8242439370406,40.5093505048105,0,0,0,0,28.9274212264335,39.5345086629815,30.6885076061502,40.8878079553775,13.3443139013654,23.2739702860514,25.0454078784508,35.4841376940409,26.6917306293141
0,0,0,4.67681868871053,0,4.50706032226826,0,4.07272756844759,0,0,0,8.7849651313982,0,0,0,0,0,0,0,0,0,0,0,0,0,0,0,0,0,0,0,0,0,0,0,5.54477056793988,0,7.40900276978192,0,0,0,0,0,0,0,12.8012792807359,0,0,0,0,0,0,0,6.16824497495379,0,0,0,10.7858625521935,0,0,0,0,7.37000187666001,0,0,0,0,0,0,0,0,0,14.829773247242,0,0,0,0,0,7.31946793992423,0,8.20021475062651,0,7.86318004461435,0,9.48267099646961,0,0
0,0,11.8515593788841,0,9.37966925861271,0,6.44870350867745,0,0,0,5.41476936095028,0,0,0,0,0,0,0,0,0,0,0,0,0,0,0,0,0,0,0,6.23958697685829,0,0,0,0,0,4.00800060629845,0,5.28034857302222,0,32.2986192703247,0,0,0,0,0,0,0,0,0,9.02331149704242,0,4.27121475764683,0,0,0,4.50734178359899,0,0,0,0,0,0,6.15716115950673,0,0,0,0,0,0,0,0,0,7.2336100431589,0,0,0,0,0,7.32608129287678,0,10.3697360354008,5.94763498306274,0,5.96681540826741,0,0
0,0,0,0,0,0,0,0,0,15.5558881759644,0,0,0,0,0,0,3.6645921866099,15.255178146113,0,0,0,0,6.33883794763014,7.92738600869974,0,4.12342205839144,0,12.0692609884068,0,29.5650959014893,0,51.8745079040527,0,0,0,0,0,6.29140968885062,0,0,0,0,0,0,0,0,0,25.8478879928589,0,10.1415120220184,0,0,0,0,0,0,0,0,0,0,0,0,0,0,4.7889950354397,6.26386109773238,6.39484416144235,0,0,0,4.92422538815123,0,0,0,0,0,0,0,0,0,5.23998870646081,12.6440240315029,6.89804859309191,7.34254545031619,0,0,0
0,0,0,0,0,0,0,0,0,0,0,0,0,0,0,0,3.61490063907719,12.2463521957397,0,0,0,6.33883794763014,0,0,6.06729855701841,0,4.42371845245361,0,5.98755468079384,0,0,0,0,17.0765198071798,20.3850625356038,0,0,23.4511795043945,6.43323237349937,0,0,0,0,0,0,0,0,0,8.75936727109163,0,0,0,0,0,24.1104822158813,0,0,0,0,0,0,0,0,0,4.60310022793889,4.74724090143699,0,11.1788241580381,0,7.92244682592504,0,6.70083718498548,0,0,0,0,30.8264217376709,0,0,0,15.7948815027873,5.45918132482466,4.92664812298594,6.30625227741229,0,0,0
0,0,0,0,0,0,0,0,0,6.54775346969736,0,0,0,0,0,0,0,3.50337673342505,0,0,0,7.92738600869974,0,0,0,4.13655889667942,0,0,0,0,0,51.0738021850586,38.5946350097656,26.9988716329847,32.8376808166504,0,0,6.54967871060956,0,0,0,0,0,0,0,0,0,19.062659346539,0,7.96368722915649,0,0,0,0,0,7.3919325404697,0,0,0,0,0,0,0,0,8.10516380233529,20.2439670562744,4.45342915872073,0,0,0,0,0,0,0,48.6643386114211,61.4936676025391,23.2019244163267,0,0,0,6.81447947800878,25.1042900085449,4.49064478364781,5.47585093975067,0,0,0
14.0342645645142,0,0,0,0,0,0,0,12.4024391174316,0,0,0,0,0,0,0,0,0,0,0,0,0,6.06729855701841,0,0,0,3.2873154481252,0,0,0,0,0,0,0,18.2157163619995,0,0,0,5.00344462486218,0,0,0,0,0,0,0,0,13.5996773478749,11.0608514503196,0,0,0,0,0,7.79015087198328,0,0,0,0,0,0,0,0,0,0,11.3942109930749,0,5.08715429367728,0,7.4753103826357,0,0,0,0,0,48.4928760528564,0,22.9673028522068,0,0,32.6337156295776,6.3543506413342,6.39389346667698,0,9.13347991943359,0,0
0,0,0,0,0,0,0,0,0,7.47271020497595,0,0,0,0,0,0,0,4.75542465644547,0,0,0,4.12342205839144,0,4.13655889667942,0,0,0,8.07159501213138,0,0,0,0,0,0,0,0,0,0,0,0,0,0,0,0,0,0,0,0,0,0,0,0,0,0,0,8.52139782905579,0,0,0,0,0,0,0,0,5.24215016336668,0,4.15147404998313,0,11.1593070030212,0,10.5015939530872,0,0,0,0,0,0,0,0,0,0,0,4.26776939436672,0,0,0,0
0,0,0,0,0,0,0,0,0,0,0,0,0,0,0,0,0,0,0,0,0,0,4.42371845245361,0,3.2873154481252,0,0,0,0,0,0,0,0,0,0,0,0,0,0,0,0,0,0,0,0,0,0,0,0,0,0,0,0,0,0,0,0,0,0,0,0,0,0,0,0,0,0,3.63538714249929,0,0,0,0,0,0,0,0,0,0,0,0,0,0,3.57847380638123,0,0,0,0
0,0,0,0,0,0,0,0,0,0,0,4.58585704836929,0,5.23637782398023,0,0,0,9.35142102389756,0,0,0,12.0692609884068,0,0,0,8.07159501213138,0,0,0,5.58898219628768,0,0,0,0,0,0,0,5.67301038960319,0,0,0,0,0,0,0,0,0,0,0,0,0,0,0,0,0,0,0,4.72922001346465,0,3.74847011924197,0,0,0,0,7.724749147892,0,0,0,6.45949379603068,0,3.48667901661883,0,7.17100990931193,0,0,0,0,0,0,0,4.71135864939008,0,4.67789212071991,5.46470156565369,0,0,0
0,0,0,0,0,0,0,0,0,0,5.47491161201311,0,2.77264866232872,0,0,0,0,0,0,0,0,0,5.98755468079384,0,0,0,0,0,0,0,3.99707740035087,0,0,0,0,0,0,0,4.67956168591222,0,0,0,0,0,0,0,0,0,0,0,0,0,0,0,0,0,4.5731018270765,0,2.88955459594727,0,0,0,0,0,0,5.59973269104958,0,0,0,0,0,2.9661620593071,0,4.359056641793,0,0,0,0,0,0,0,3.96634809806429,3.83585710436176,3.17754451144825,0,0,0
0,0,0,0,0,0,0,0,0,0,0,9.02714650416642,0,11.3512954711914,0,0,0,0,0,0,0,29.5650959014893,0,0,0,0,0,5.58898219628768,0,0,0,0,0,0,0,0,0,5.79897518745228,0,0,0,0,0,0,0,0,0,0,0,0,0,0,0,0,0,0,0,6.92122360603097,0,6.93107485771179,0,0,13.0429105758667,0,0,0,0,0,0,0,4.51531837440482,0,4.67284249035728,0,0,0,0,0,0,0,6.65214690827487,0,5.55821554945863,6.00679489374161,0,0,0
0,0,0,0,0,0,0,0,0,0,5.73249667031424,0,0,0,0,0,0,0,0,0,6.23958697685829,0,0,0,0,0,0,0,3.99707740035087,0,0,0,0,0,0,0,0,0,5.70878099961714,0,0,0,0,0,0,0,0,0,0,0,0,0,0,0,0,0,4.54520733015878,0,0,0,0,0,0,20.8320045471191,0,0,0,0,0,0,0,3.93631369836869,0,3.33869231852672,0,0,0,0,0,0,0,5.18831791000805,3.62758618086771,3.06074792338956,0,0,0
0,63.0950489044189,0,0,0,0,0,0,0,58.6509675979614,0,0,0,0,0,0,0,0,0,0,0,51.8745079040527,0,51.0738021850586,0,0,0,0,0,0,0,0,7.0180187355113,20.3617940927807,24.1915584433502,5.37596803587495,7.67338600474827,40.2771374838693,45.0288269519806,0,13.440370724119,0,0,0,0,0,0,10.5401872795528,10.4207324981689,4.46677979757619,0,0,0,0,0,52.5420239766439,0,0,0,0,0,0,0,0,0,0,53.750707244873,0,0,0,0,0,0,0,5.76711842588275,7.90356620543848,22.9711594408837,28.479527742632,5.74833457538339,10.7145251168548,37.2999720573425,51.1526855019962,6.43667233459754,0,39.6996917724609,0,0
0,64.4946136474609,0,0,0,0,0,0,0,0,0,0,0,0,0,0,0,0,0,0,0,0,0,38.5946350097656,0,0,0,0,0,0,0,7.0180187355113,0,17.0012383732253,17.4939627086794,6.06403689123505,8.32101112710578,32.3067283630371,45.5321146312513,0,20.2923110723495,0,35.381046295166,0,0,0,0,11.3871809900445,0,0,0,0,0,0,0,0,0,0,0,0,0,0,0,0,0,0,46.9075622558594,0,0,0,0,0,0,0,7.44503390941085,7.67920290331046,17.2829660924144,18.3488405273142,7.09482435005299,9.66926352634574,47.4138514200846,40.0976924598217,10.2292691346717,43.9525051116943,0,0,0
0,48.3258797781808,0,0,0,0,0,0,0,33.9200896195003,0,0,0,0,0,0,0,0,0,0,0,0,17.0765198071798,26.9988716329847,0,0,0,0,0,0,0,20.3617940927807,17.0012383732253,0,7.25236938268332,4.31664932811842,10.7878732031042,11.3884564189983,7.82319389690052,0,0,23.245964050293,0,0,0,0,0,11.0359621103563,30.9755115509033,41.7650756835938,0,0,0,0,0,33.9646490786938,0,0,0,0,0,0,0,0,41.3942565917969,16.4286842346191,24.6374511168553,0,0,0,0,0,0,0,27.7459548306844,26.5322794038422,5.51515224841579,8.48517060472638,26.5875123496194,33.5606354161313,13.8192922920761,9.40440615266562,9.45419989540463,7.94757982400747,31.0578071049282,33.6668485005697,0
0,0,0,0,0,0,0,0,22.3272714614868,38.3534812927246,0,0,0,0,0,0,0,0,0,0,0,0,20.3850625356038,32.8376808166504,18.2157163619995,0,0,0,0,0,0,24.1915584433502,17.4939627086794,7.25236938268332,0,36.5230578184128,6.83466345061014,12.7642813110027,11.3333337692938,0,55.2649078369141,0,22.4530782699585,0,0,0,0,12.169999223869,16.0745533307393,0,0,0,0,0,25.5626693453108,32.8388519287109,0,0,0,0,0,0,0,0,50.7447090148926,24.8032035827637,27.8373184204102,19.005582705411,0,0,0,0,0,0,25.8489683866501,20.9847557336381,6.17876079946947,9.70467771443328,45.9790951410929,7.01299691716314,12.7573677450418,12.6789451391854,8.04305967914499,14.5920563024633,18.3946916668914,0,0
0,66.5610046386719,80.0689010620117,8.75250137479682,0,5.05390664509365,0,0,0,65.9055252075195,0,4.73595199471877,0,0,0,0,0,46.4683723449707,24.4636707305908,5.54477056793988,0,0,0,0,0,0,0,0,0,0,0,5.37596803587495,6.06403689123505,4.31664932811842,36.5230578184128,0,4.34242517634743,5.27010091798582,6.08829173871449,12.2048098591139,10.4493901431561,35.3755841663906,14.6753427842084,0,0,7.87256752773797,17.1624940525402,8.08894498473719,9.43332283496857,15.7130749612004,0,5.19805272420247,0,0,0,39.1923859119415,0,4.08590335971984,0,0,0,0,7.02806700580062,22.4661502838135,0,0,0,0,0,0,0,0,40.6497925349644,0,6.04724541577426,10.8723623323441,9.53988369168906,38.1001249551773,5.22949475046594,5.30052125081332,8.76029114364889,18.5273131302425,5.8119277896647,6.34042408961274,9.90704031306577,0,0
0,58.250072479248,11.7725515365601,0,0,0,20.0041961669922,0,0,0,4.13805936375481,0,0,0,0,0,0,0,41.497428894043,0,4.00800060629845,0,0,0,0,0,0,0,0,0,0,7.67338600474827,8.32101112710578,10.7878732031042,6.83466345061014,4.34242517634743,0,15.0282767613729,4.92586473311514,9.68825178146362,6.72217286957635,31.8984994888306,15.4788687825203,0,0,15.0648443048651,15.5931959152222,6.4271139725265,14.8770169681973,19.4848846912384,18.4356532096863,0,0,0,0,0,4.16017214384946,0,0,0,0,0,16.9354923793248,6.95617145962185,0,0,0,0,0,0,0,0,0,0,10.1334793397358,12.4100631120357,7.85528640781791,13.4119933470186,6.69992902647696,5.84765310712813,36.5215797424316,7.55354467566166,5.92094379903256,4.43144119389449,9.21605431332308,0,0
0,21.8412313461304,0,0,0,0,0,0,0,11.9378460934288,0,9.26227322718982,0,0,0,0,0,0,0,7.40900276978192,0,6.29140968885062,23.4511795043945,6.54967871060956,0,0,0,5.67301038960319,0,5.79897518745228,0,40.2771374838693,32.3067283630371,11.3884564189983,12.7642813110027,5.27010091798582,15.0282767613729,0,3.52932040499435,0,0,13.6134990056356,0,0,0,0,0,9.64581627483609,0,5.82228473932655,0,0,0,0,0,14.0462373415629,0,6.46071057208425,0,0,0,0,6.25446024219397,0,4.48373565308029,18.0700507164001,5.28441066087461,41.2300262451172,0,0,4.2353494522478,0,6.58621663963484,0,44.5541053185096,0,11.8891574334816,10.2407188415527,5.93765486164141,7.53255893502917,4.76570222412644,4.38985402593625,5.38629519614978,8.44551169353983,6.70922146304961,0,0
17.122280438741,0,0,0,0,0,24.4375686645508,0,6.09961377188217,0,5.53241847396327,0,0,0,0,0,0,0,0,0,5.28034857302222,0,6.43323237349937,0,5.00344462486218,0,0,0,4.67956168591222,0,5.70878099961714,45.0288269519806,45.5321146312513,7.82319389690052,11.3333337692938,6.08829173871449,4.92586473311514,3.52932040499435,0,0,0,0,9.39240988095601,0,0,0,0,14.8453052349389,9.03045240725119,0,0,0,0,0,8.80447723399634,0,5.45732878940861,0,26.1666126251221,0,20.1130275726318,0,0,13.8934229479896,41.2433700561523,4.49221373158162,0,5.65002724642746,0,13.7994091510773,0,5.06638288497925,0,3.03040300860549,54.074609375,40.2591684910289,11.3527469576859,19.0098619555371,0,6.71228095707655,5.05985244362746,4.86617376035458,5.21194389335501,5.12377107321326,5.92948526633929,0,0
49.5949317932129,53.2523105621338,76.594612121582,36.3537517275129,0,35.8803714116414,0,0,0,52.1096410017747,0,0,0,0,0,0,55.6022126814898,51.2093495030557,31.0857667350118,0,0,0,0,0,0,0,0,0,0,0,0,0,0,0,0,12.2048098591139,9.68825178146362,0,0,0,25.3686896310726,28.1655149768439,39.1416180431843,20.7911018271195,26.4932743195565,12.9845762028862,19.1239184279468,17.4873293422419,35.9203867912292,21.157864542821,0,0,0,0,84.5086669921875,58.8616572788783,43.8325038486057,52.8662808736165,0,0,0,0,35.3015475990952,35.5512986936067,0,0,0,0,0,0,0,0,37.8122123462051,63.944652557373,0,0,0,0,19.0034798764235,57.7475159123259,28.0690090255973,65.8575871276855,28.3000890024479,40.7527236938477,20.5155856984539,41.4726590050591,49.4552173614502
52.0400591828769,0,55.4895505504448,0,0,0,0,0,60.3381786346436,0,0,0,0,0,0,0,51.0440196301564,50.9636559919877,37.0375981903076,0,32.2986192703247,0,0,0,0,0,0,0,0,0,0,13.440370724119,20.2923110723495,0,55.2649078369141,10.4493901431561,6.72217286957635,0,0,25.3686896310726,0,49.6697647912162,21.6432362405427,45.2381477355957,19.1266964073468,20.9547877157888,10.9173920613767,6.60293194785047,21.8607603643594,45.4432680606842,0,0,0,0,63.4934725607595,0,43.4777474370943,61.0648231506348,0,0,0,0,37.5541076660156,12.7936222063825,0,0,0,0,0,0,0,0,60.9764315287272,37.0677667442073,15.0239686551301,28.5290994644165,0,50.0766906738281,27.2045803070068,9.80863054889815,63.3018468221029,32.6504887853026,33.7766886875306,0,23.5596252656275,0,30.0756254902592
31.7755718231201,19.5210433724208,0,23.5604412607903,0,31.1968308766683,0,0,0,22.4895040914994,0,0,0,0,0,0,49.3095706939697,33.1967400670052,23.9036047535293,0,0,0,0,0,0,0,0,0,0,0,0,0,0,23.245964050293,0,35.3755841663906,31.8984994888306,13.6134990056356,0,28.1655149768439,49.6697647912162,0,39.2223971598857,9.26502683162689,30.7448886983535,31.2428982296422,38.4329109191895,34.3019685193527,0,20.5437691629662,0,25.6093921661377,0,0,0,20.591698700324,39.2401786804199,18.2115354537964,0,0,0,0,35.4504741250652,52.4544927423651,0,0,8.50236887931824,0,0,0,0,0,10.2739662799146,40.9783554077148,50.5168704986572,0,36.3159692764282,0,34.8111411585482,61.6915540927794,21.3293245999924,52.5858167012533,14.3125037198377,0,17.7589527226625,10.5136251031738,31.6402983665466
28.9635183531097,65.7941741943359,51.3615200555147,107.674781799316,0,0,0,0,8.64438355596442,0,15.3437042236328,0,0,0,0,0,33.8854632936675,32.4536723417394,24.7111699930249,0,0,0,0,0,0,0,0,0,0,0,0,0,35.381046295166,0,22.4530782699585,14.6753427842084,15.4788687825203,0,9.39240988095601,39.1416180431843,21.6432362405427,39.2223971598857,0,0,19.1458488098987,31.8923187851906,22.9221630628944,10.4913541462462,20.9056277228295,27.2208659832294,0,0,0,0,25.0691046263721,0,23.4373371292152,0,50.603889465332,0,35.4299094676971,0,47.4260368347168,31.7086121297516,0,0,0,0,0,0,0,0,41.8090576171875,23.9440339683147,0,0,0,26.143364906311,35.5283853282099,26.660031990962,40.0310849276456,29.4048672146993,17.088203554866,22.3013370513916,15.3922965544467,42.1070327758789,12.693108602446
21.0414485931396,0,0,0,0,0,0,0,0,0,0,0,0,0,0,0,30.4408810933431,0,13.2750954103994,0,0,0,0,0,0,0,0,0,0,0,0,0,0,0,0,0,0,0,0,20.7911018271195,45.2381477355957,9.26502683162689,0,0,0,15.4713666779654,0,0,0,56.0783882141113,0,0,0,0,0,0,0,0,0,0,0,0,18.1005835930506,0,0,0,0,0,0,0,0,0,18.653039932251,0,0,0,0,0,17.317171116774,51.9990139007568,20.4436144002279,0,11.1172903323996,0,12.0593504258271,0,0
54.3308696746826,0,0,0,0,0,0,0,0,0,0,0,0,0,0,0,37.7306795853835,36.0384183883667,26.593681789026,0,0,0,0,0,0,0,0,0,0,0,0,0,0,0,0,0,0,0,0,26.4932743195565,19.1266964073468,30.7448886983535,19.1458488098987,0,0,18.4104111989339,15.0196211312407,25.9454555511475,30.2935099601746,27.7591123580933,0,0,0,0,72.3056030273438,0,35.7612166934543,0,0,0,0,0,26.442174911499,21.7785411756866,0,0,0,0,0,0,0,0,33.1723518371582,39.8308378060659,0,0,0,0,31.7462092505561,25.8089493723097,39.1941876411438,30.1931394773109,24.0924842614394,0,20.3274953288828,0,0
0,48.2748343149821,0,11.3285849593407,0,13.9328822356004,0,0,0,31.1886028289795,0,9.50676441192627,0,0,0,0,57.098089490618,45.5695025126139,33.9018893753741,12.8012792807359,0,0,0,0,0,0,0,0,0,0,0,0,0,0,0,7.87256752773797,15.0648443048651,0,0,12.9845762028862,20.9547877157888,31.2428982296422,31.8923187851906,15.4713666779654,18.4104111989339,0,19.7171053844216,35.2364445854636,0,34.3741089285706,0,0,0,0,0,19.0539845228195,41.1983386993408,0,0,0,0,0,8.14852019382429,35.0897271955335,0,0,0,0,0,0,0,0,45.4460620350308,68.7917289733887,0,0,0,0,10.2498590254646,52.4124915179084,18.5256520214996,64.8886311848958,25.7676304324354,0,9.67067646068648,47.7983341217041,45.4255867004395
61.3286366955987,0,30.1865547597408,23.0274486541748,16.2281436920166,0,0,0,0,0,0,0,0,0,0,0,48.4930186271667,53.1317818959554,31.9400787315671,0,0,0,0,0,0,0,0,0,0,0,0,0,0,0,0,17.1624940525402,15.5931959152222,0,0,19.1239184279468,10.9173920613767,38.4329109191895,22.9221630628944,0,15.0196211312407,19.7171053844216,0,19.7395856039865,37.6731705888112,37.8370599746704,0,0,0,0,69.5720520019531,0,31.2115204220726,0,0,0,65.0794067382812,0,0,14.2752388233834,0,0,0,0,0,0,0,0,52.8298746744792,48.1897988959925,0,0,0,0,19.9121602814773,18.6906938571239,53.3532155354818,34.9405746953241,31.9139577911561,0,22.8389310795361,52.4557075500488,19.4477297465007
33.2186943292618,35.0049585041247,40.1572494506836,0,0,0,0,0,17.7740726470947,28.3248620821735,0,0,0,0,0,0,0,52.4782676696777,52.5368341718401,0,0,25.8478879928589,0,19.062659346539,13.5996773478749,0,0,0,0,0,0,10.5401872795528,11.3871809900445,11.0359621103563,12.169999223869,8.08894498473719,6.4271139725265,9.64581627483609,14.8453052349389,17.4873293422419,6.60293194785047,34.3019685193527,10.4913541462462,0,25.9454555511475,35.2364445854636,19.7395856039865,0,6.24248577982402,14.0126991902201,0,0,0,0,27.0723527272542,25.5391985148918,39.6389465332031,0,0,0,40.5065536499023,0,38.100622177124,20.3094236254692,23.1723573652364,20.4951054816153,14.9087960862706,13.828750928243,0,0,0,0,36.1226756686256,44.2444114685059,18.87719438632,11.2515815635897,6.19935896620299,22.4282934314326,10.0559605562501,8.23140070193523,9.23991457258337,11.2442763202008,9.58853911383504,10.4425158596039,17.6590381834437,21.9780335426331,0
12.1311890011494,0,10.8611309713231,0,15.4592893600464,0,0,0,14.3614617824554,0,0,0,0,0,0,0,40.8809432983398,78.9644584655762,54.1512591622093,0,0,0,8.75936727109163,0,11.0608514503196,0,0,0,0,0,0,10.4207324981689,0,30.9755115509033,16.0745533307393,9.43332283496857,14.8770169681973,0,9.03045240725119,35.9203867912292,21.8607603643594,0,20.9056277228295,0,30.2935099601746,0,37.6731705888112,6.24248577982402,0,4.9054930276804,4.90731805165609,0,0,0,12.7885413556032,0,8.61793214653644,0,6.88026278680532,0,6.15129249892841,0,0,45.2554189907877,33.0770378112793,4.51003961138023,0,11.1499103085939,0,4.82738889930069,0,0,0,21.7195317982861,0,0,18.4272422790527,10.7802908221881,10.4582409177508,12.2466218314155,23.9943370819092,11.7851039656599,13.3635109585935,0,12.7922819174013,0,39.2321004867554
0,16.4681045221772,0,12.4645789682865,0,13.3533711433411,0,0,0,21.2419356921362,0,0,0,0,0,0,57.2017421722412,55.482115427653,48.2084389667885,0,0,10.1415120220184,0,7.96368722915649,0,0,0,0,0,0,0,4.46677979757619,0,41.7650756835938,0,15.7130749612004,19.4848846912384,5.82228473932655,0,21.157864542821,45.4432680606842,20.5437691629662,27.2208659832294,56.0783882141113,27.7591123580933,34.3741089285706,37.8370599746704,14.0126991902201,4.9054930276804,0,0,0,0,0,0,17.0496860309883,49.7502422332764,0,0,0,0,3.14366221427917,41.9887724483714,47.2448434829712,6.17860487857497,21.6832733154297,9.33449479738871,0,0,0,4.702472448349,0,9.37747279776109,0,4.62040892243385,0,7.58447416623433,0,18.5705527938111,22.3781228272811,6.34958624349546,37.576662676675,13.8216138241864,0,21.6141870087071,19.126962852478,0
6.23170048849923,0,3.6454779671841,0,4.22952288445972,0,6.97232294082642,0,0,0,12.0651688241655,0,0,0,0,0,0,0,0,0,9.02331149704242,0,0,0,0,0,0,0,0,0,0,0,0,0,0,0,18.4356532096863,0,0,0,0,0,0,0,0,0,0,0,4.90731805165609,0,0,0,10.3400750160217,0,4.21004049777985,0,9.4356949504684,0,2.95859052005567,0,3.76066874574732,0,0,8.25394358547456,0,0,0,0,0,0,0,0,0,0,0,0,0,0,0,21.8756351470947,0,0,11.0041928213151,0,5.47116785715608,0,0
0,0,0,4.79981653032632,0,3.04828994803958,0,4.60312569141388,0,0,0,0,0,10.1420204639435,0,0,0,0,0,0,0,0,0,0,0,0,0,0,0,0,0,0,0,0,0,5.19805272420247,0,0,0,0,0,25.6093921661377,0,0,0,0,0,0,0,0,0,0,0,0,0,0,0,0,0,6.16870125134786,0,0,0,0,0,0,0,0,0,0,0,0,0,0,0,0,0,0,0,0,32.6462821960449,0,3.95255635552487,0,11.0989347371188,0,0
0,0,0,0,2.9588714838028,0,6.07553392040486,0,0,0,4.12921872138977,0,0,0,0,0,0,0,0,0,4.27121475764683,0,0,0,0,0,0,0,0,0,0,0,0,0,0,0,0,0,0,0,0,0,0,0,0,0,0,0,0,0,10.3400750160217,0,0,0,0,0,0,0,0,0,0,0,0,9.28085327148438,0,0,0,0,0,0,0,0,0,0,0,0,0,0,0,0,0,0,3.04979927062988,0,10.5986169179281,0,0
0,0,0,0,0,4.10387614369392,0,4.18487440815821,0,0,0,7.74914623896281,0,0,0,0,0,0,0,6.16824497495379,0,0,0,0,0,0,0,0,0,0,0,0,0,0,0,0,0,0,0,0,0,0,0,0,0,0,0,0,0,0,0,0,0,0,0,0,0,5.05285039544106,0,4.88219904899597,0,0,6.77718658447266,0,0,0,0,0,0,0,0,0,0,0,0,0,0,0,0,0,0,0,3.76464825887529,0,0,0,0
5.34687445257321,0,5.62638754347351,0,3.61261971373307,0,0,0,4.26209518982975,0,0,0,0,0,4.04196535216437,0,0,82.8493728637695,15.4837979316711,0,0,0,24.1104822158813,0,7.79015087198328,0,0,0,0,0,0,0,0,0,25.5626693453108,0,0,0,8.80447723399634,84.5086669921875,63.4934725607595,0,25.0691046263721,0,72.3056030273438,0,69.5720520019531,27.0723527272542,12.7885413556032,0,4.21004049777985,0,0,0,0,0,12.1606187960681,0,9.28037453477856,0,6.72214424282039,0,0,83.0730438232422,0,23.677297928754,0,6.03307906964336,0,12.2724138709296,0,0,0,28.7024307250977,0,67.219970703125,0,30.1625276293073,0,42.6742855418812,45.1963691711426,13.4882715281907,5.18354554997375,0,8.83822505051037,0,0
0,6.67668552900178,0,5.33404275487048,0,5.69551265239716,0,0,0,4.21941113242736,0,0,0,0,0,6.01488391090842,0,4.39196215735541,24.4696712493896,0,0,0,0,7.3919325404697,0,8.52139782905579,0,0,0,0,0,52.5420239766439,0,33.9646490786938,32.8388519287109,39.1923859119415,0,14.0462373415629,0,58.8616572788783,0,20.591698700324,0,0,0,19.0539845228195,0,25.5391985148918,0,17.0496860309883,0,0,0,0,0,0,0,0,0,9.18549986960183,0,7.31752867646017,26.4508724212646,0,24.2249813079834,44.8684577941895,6.56232085952947,0,0,0,0,0,0,0,55.5604692346909,0,32.6199964707898,0,33.4590020179749,0,14.3887321792468,38.0811457633972,14.1637671793762,0,14.9796762677207,0,0
36.7402943174044,0,10.7195337176323,0,13.0664540103504,0,8.78229516605998,0,27.5125017166138,0,5.99737155587105,0,6.98403835296631,0,0,0,40.2780298303675,62.8816394805908,33.6601452412813,0,4.50734178359899,0,0,0,0,0,0,0,4.5731018270765,0,4.54520733015878,0,0,0,0,0,4.16017214384946,0,5.45732878940861,43.8325038486057,43.4777474370943,39.2401786804199,23.4373371292152,0,35.7612166934543,41.1983386993408,31.2115204220726,39.6389465332031,8.61793214653644,49.7502422332764,9.4356949504684,0,0,0,12.1606187960681,0,0,0,6.97925757338136,0,8.20986081640101,0,57.6507797241211,7.01923552351286,0,0,0,19.4845991134644,0,0,0,4.58268053635307,57.2159652709961,6.4426098307245,0,0,0,0,36.0384302139282,25.8456552775107,57.3185443878174,19.3695341862119,4.63622149437302,3.73816283491274,10.5593310048637,0,13.3834549033124
0,0,0,0,0,5.88662719726562,0,3.73746941946997,0,0,0,5.0214739885036,0,5.12197625118753,0,0,0,27.5800838470459,34.0511065891811,10.7858625521935,0,0,0,0,0,0,0,4.72922001346465,0,6.92122360603097,0,0,0,0,0,4.08590335971984,0,6.46071057208425,0,52.8662808736165,61.0648231506348,18.2115354537964,0,0,0,0,0,0,0,0,0,0,0,5.05285039544106,0,0,0,0,0,4.65480065902383,0,0,6.8394718040708,0,0,0,0,0,0,0,4.51553669230629,0,4.5352467030895,0,0,0,0,0,9.51366015275319,0,5.74920057162586,52.5597267150879,4.12463274322417,3.25481817673664,4.72626120703561,0,0
8.69026178601962,0,0,0,0,0,0,0,13.9205374950316,0,0,0,3.91911973370065,0,6.82067226821726,0,0,0,0,0,0,0,0,0,0,0,0,0,2.88955459594727,0,0,0,0,0,0,0,0,0,26.1666126251221,0,0,0,50.603889465332,0,0,0,0,0,6.88026278680532,0,2.95859052005567,0,0,0,9.28037453477856,0,6.97925757338136,0,0,0,4.77282030425386,0,0,0,0,0,0,15.0930633862813,0,7.14559101654311,0,0,0,0,0,0,0,0,0,0,0,26.6416568756104,4.09978418880039,3.22137966425596,10.7240779274388,0,0
0,7.4357228628019,0,0,0,4.24822458179518,0,8.17734981755741,0,7.44684910774231,0,4.29637592854092,0,4.35262440621543,0,4.10851236184438,0,0,0,0,0,0,0,0,0,0,0,3.74847011924197,0,6.93107485771179,0,0,0,0,0,0,0,0,0,0,0,0,0,0,0,0,0,0,0,0,0,6.16870125134786,0,4.88219904899597,0,9.18549986960183,0,4.65480065902383,0,0,0,3.97820876384604,0,0,0,0,0,0,0,0,6.5382813673753,0,4.12840534959521,0,0,0,0,0,0,0,0,0,4.30611966762623,3.67990292171707,0,0,0
5.92750031019734,0,0,0,0,0,0,0,6.01355662135958,0,0,0,3.75073312719663,0,4.20105532768669,0,0,0,0,0,0,0,0,0,0,0,0,0,0,0,0,0,0,0,0,0,0,0,20.1130275726318,0,0,0,35.4299094676971,0,0,0,65.0794067382812,40.5065536499023,6.15129249892841,0,3.76066874574732,0,0,0,6.72214424282039,0,8.20986081640101,0,4.77282030425386,0,0,0,0,0,0,0,0,11.2220821910434,0,11.533941442902,0,0,0,0,0,0,0,44.6978454589844,0,0,0,0,16.7074392863682,0,8.5734728273304,0,0
0,5.57093252674226,0,0,0,2.97009415239901,0,0,0,6.40085345455724,0,0,0,0,0,4.01554355939803,0,12.2942504644394,0,0,0,0,0,0,0,0,0,0,0,0,0,0,0,0,0,0,0,0,0,0,0,0,0,0,0,0,0,0,0,3.14366221427917,0,0,0,0,0,7.31752867646017,0,0,0,3.97820876384604,0,0,0,0,0,0,0,0,0,0,0,0,0,0,0,0,0,0,0,0,0,0,4.30584504334569,7.51493787765503,0,0,0
45.0261001586914,34.8967583974202,0,20.3049017058478,0,9.32101163864136,0,4.40001561286602,0,29.0864973068237,0,5.37761734910452,0,0,0,0,81.5624904632568,50.6652371088664,29.6448171000835,7.37000187666001,0,0,0,0,0,0,0,0,0,13.0429105758667,0,0,0,0,0,7.02806700580062,16.9354923793248,6.25446024219397,0,35.3015475990952,37.5541076660156,35.4504741250652,47.4260368347168,18.1005835930506,26.442174911499,8.14852019382429,0,38.100622177124,0,41.9887724483714,0,0,0,6.77718658447266,0,26.4508724212646,57.6507797241211,6.8394718040708,0,0,0,0,0,0,0,0,0,0,0,0,0,0,10.047759579074,0,0,0,0,0,5.42128868508065,65.8229665756226,5.73268473689223,61.9315032958984,16.2108104443282,0,11.861526706801,0,72.7917709350586
58.0703326738798,0,34.4581259987571,0,9.40712908598093,0,7.77069877175724,0,0,0,7.18996205049403,0,0,0,0,0,44.7674510955811,53.0629723866781,35.8886506822374,0,6.15716115950673,0,0,0,0,0,0,0,0,0,20.8320045471191,0,0,0,0,22.4661502838135,6.95617145962185,0,13.8934229479896,35.5512986936067,12.7936222063825,52.4544927423651,31.7086121297516,0,21.7785411756866,35.0897271955335,14.2752388233834,20.3094236254692,45.2554189907877,47.2448434829712,8.25394358547456,0,9.28085327148438,0,83.0730438232422,0,7.01923552351286,0,0,0,0,0,0,0,0,0,0,0,0,0,0,0,53.2409184773763,12.3889315480917,0,0,0,0,45.1276348114014,8.87669177504928,65.8444766998291,14.429547113504,8.16121712197428,0,10.9272409622521,0,17.0678533713023
0,0,0,0,0,0,0,0,0,24.7134258270264,0,0,0,0,0,0,0,0,0,0,0,4.7889950354397,4.60310022793889,8.10516380233529,0,5.24215016336668,0,7.724749147892,0,0,0,0,0,41.3942565917969,50.7447090148926,0,0,4.48373565308029,41.2433700561523,0,0,0,0,0,0,0,0,23.1723573652364,33.0770378112793,6.17860487857497,0,0,0,0,0,24.2249813079834,0,0,0,0,0,0,0,0,0,5.05093700895843,7.03893454331928,0,0,0,8.34755513497761,0,0,0,58.6759452819824,0,40.244758605957,0,0,0,7.66050703637818,35.0265344536823,4.87920059906952,3.35622592289101,0,0,0
0,0,0,0,0,0,0,0,22.1248378753662,0,0,0,0,0,0,0,3.45802074008518,0,0,0,0,6.26386109773238,4.74724090143699,20.2439670562744,11.3942109930749,0,0,0,5.59973269104958,0,0,0,0,16.4286842346191,24.8032035827637,0,0,18.0700507164001,4.49221373158162,0,0,0,0,0,0,0,0,20.4951054816153,4.51003961138023,21.6832733154297,0,0,0,0,23.677297928754,44.8684577941895,0,0,0,0,0,0,0,0,5.05093700895843,0,0,5.93584602134154,0,5.03436886535143,0,5.74806487560272,0,0,0,0,0,29.4922466278076,0,0,29.0550940036774,5.47219415554285,4.14305069380734,5.57773146962607,19.2099859237671,0,0
0,7.58756685948026,0,0,0,0,0,0,0,12.3443128080929,0,0,0,0,0,0,0,0,0,0,0,6.39484416144235,0,4.45342915872073,0,4.15147404998313,0,0,0,0,0,53.750707244873,46.9075622558594,24.6374511168553,27.8373184204102,0,0,5.28441066087461,0,0,0,8.50236887931824,0,0,0,0,0,14.9087960862706,0,9.33449479738871,0,0,0,0,0,6.56232085952947,0,0,0,0,0,0,0,0,7.03893454331928,0,0,0,0,0,0,0,0,0,50.3024496459961,62.930004119873,24.370783290863,0,70.5986557006836,65.0808563232422,6.51639521700665,31.7625789642334,5.22081708647657,0,8.67727255475694,0,0
6.79079770219737,0,0,0,0,0,0,0,6.77875110507011,0,0,0,0,0,13.2842769622803,0,0,0,0,0,0,0,11.1788241580381,0,5.08715429367728,0,3.63538714249929,0,0,0,0,0,0,0,19.005582705411,0,0,41.2300262451172,5.65002724642746,0,0,0,0,0,0,0,0,13.828750928243,11.1499103085939,0,0,0,0,0,6.03307906964336,0,19.4845991134644,0,15.0930633862813,0,11.2220821910434,0,0,0,0,5.93584602134154,0,0,0,4.82260069360015,0,0,0,0,0,49.4834569295247,0,23.7979784300833,0,0,35.0801855723063,8.30744367640048,6.35041316839365,0,6.90608008154507,0,0
0,0,0,0,0,0,0,0,0,0,0,0,0,0,0,0,0,13.1974754333496,0,0,0,0,0,0,0,11.1593070030212,0,6.45949379603068,0,0,0,0,0,0,0,0,0,0,0,0,0,0,0,0,0,0,0,0,0,0,0,0,0,0,0,0,0,0,0,0,0,0,0,0,0,0,0,0,0,0,0,0,0,0,0,0,0,0,0,0,0,0,11.2992639541626,0,0,0,0
8.20854616165161,0,0,0,0,0,0,0,11.7967164516449,0,0,0,0,0,0,0,0,0,0,0,0,0,7.92244682592504,0,7.4753103826357,0,0,0,0,0,0,0,0,0,0,0,0,0,13.7994091510773,0,0,0,0,0,0,0,0,0,4.82738889930069,0,0,0,0,0,12.2724138709296,0,0,0,7.14559101654311,0,11.533941442902,0,0,0,0,5.03436886535143,0,4.82260069360015,0,0,0,0,0,0,0,0,0,0,0,0,0,20.665599822998,0,0,7.02340257268273,0,0
0,0,0,0,0,0,0,0,0,0,0,4.35081491185658,0,3.19025435814491,0,0,0,15.9682719924233,0,0,0,4.92422538815123,0,0,0,10.5015939530872,0,3.48667901661883,0,4.51531837440482,0,0,0,0,0,0,0,4.2353494522478,0,0,0,0,0,0,0,0,0,0,0,4.702472448349,0,0,0,0,0,0,0,4.51553669230629,0,6.5382813673753,0,0,0,0,8.34755513497761,0,0,0,0,0,0,0,3.80049797793008,0,0,0,0,0,0,0,6.53132472435633,0,3.40398445837971,3.7353588139591,0,0,0
0,0,0,0,0,0,0,0,0,0,6.28622607084421,0,0,0,0,0,0,0,0,0,0,0,6.70083718498548,0,0,0,0,0,2.9661620593071,0,3.93631369836869,0,0,0,0,0,0,0,5.06638288497925,0,0,0,0,0,0,0,0,0,0,0,0,0,0,0,0,0,4.58268053635307,0,0,0,0,0,0,0,0,5.74806487560272,0,0,0,0,0,0,0,3.97456688147325,0,0,0,0,0,0,0,0,3.37850123689843,3.52350549366038,0,0,0
41.4566440582275,22.4657554626465,0,24.5559234619141,0,0,0,0,0,32.0356852213542,0,7.59121220821461,0,0,0,0,54.7892710367839,36.1634859085083,28.8242439370406,14.829773247242,0,0,0,0,0,0,0,7.17100990931193,0,4.67284249035728,0,0,0,0,0,40.6497925349644,0,6.58621663963484,0,37.8122123462051,60.9764315287272,10.2739662799146,41.8090576171875,18.653039932251,33.1723518371582,45.4460620350308,52.8298746744792,36.1226756686256,0,9.37747279776109,0,0,0,0,0,0,57.2159652709961,4.5352467030895,0,4.12840534959521,0,0,10.047759579074,53.2409184773763,0,0,0,0,0,0,3.80049797793008,0,0,53.4435729980469,0,0,0,0,40.5976362705231,64.0125498090472,5.38561069266416,58.1089496612549,6.55852953236916,3.4081583139373,9.64575527710129,17.1425062550439,33.9395027160645
44.2595220712515,0,28.0677335045554,0,0,0,0,0,0,0,6.13416474515742,0,0,0,0,0,45.7443356043856,61.5527717590332,40.5093505048105,0,7.2336100431589,0,0,0,0,0,0,0,4.359056641793,0,3.33869231852672,0,0,0,0,0,0,0,3.03040300860549,63.944652557373,37.0677667442073,40.9783554077148,23.9440339683147,0,39.8308378060659,68.7917289733887,48.1897988959925,44.2444114685059,21.7195317982861,0,0,0,0,0,28.7024307250977,0,6.4426098307245,0,0,0,0,0,0,12.3889315480917,0,0,0,0,0,0,0,3.97456688147325,53.4435729980469,0,0,0,0,0,63.6949195861816,33.9255526054527,70.9285758972168,7.86590459291133,6.88541616945584,3.74538440778852,17.0388444972639,0,15.5233216762543
