0,0,0.21053419865313,0,0,0,0,0,0.3072279804028,0,0,0,0.345199927687645,0,0.351343329463686,0,0.282391250133514,0.258742332458496,0.32443159360152,0,0,0,0,0,0.345301978290081,0,0,0,0,0,0,0,0,0,0,0,0.222816401720047,0,0.246041789650917,0,0,0.193272903561592,0.341516764064873,0,0.409221619367599,0.278211265802383,0.239784368059852,0,0.27171569339987,0,0,0,0,0,0.263280982046985,0,0.273587534825007,0,0.341942750745349,0,0.300869052573074,0,0,0.288095921278,0,0,0,0.271387022576834,0,0.271680021037658,0,0.304492370384495,0,0.351438939571381,0,0,0,0,0,0.236170556396246,0,0.295347571372986,0.235224215443744,0,0.389545302780061,0,0
0,0,0,0.270603545837932,0,0,0,0,0,0.195153308766229,0,0,0,0,0,0,0,0,0.294757395982742,0,0,0,0,0,0,0,0,0,0,0,0,0,0,0,0,0,0,0,0.346300810575485,0,0,0.355529296578783,0,0,0,0,0,0,0,0.28198010395281,0,0,0,0,0,0.176648256090498,0,0.349413151090795,0,0.370056619246801,0,0.271242693066597,0,0,0,0,0.226978102610225,0,0,0,0,0,0.242046187321345,0,0,0,0,0,0,0,0,0,0.269382281104724,0.242798060178757,0.274384804045727,0,0
0.21053419865313,0,0,0,0.176846250182106,0,0,0,0.243880295091205,0,0,0,0.268225997686386,0,0,0,0,0.260911136865616,0.251023472286761,0,0.22436191017429,0,0,0,0.26223286986351,0,0,0,0,0,0,0,0,0,0,0,0.219051368142429,0,0.272361449897289,0,0.227780653880193,0,0.265032773674057,0,0.245366334915161,0,0.19375484186661,0,0.181978533393703,0,0.173172026872635,0,0,0,0.231520294211805,0,0.196078461011251,0,0.224462891618411,0,0.204320481302691,0,0,0.208004152503881,0,0,0,0.228090325991313,0,0.25761200984319,0,0.256831144373263,0,0.275622102347287,0,0,0,0,0,0.218972511447159,0,0.272744049628576,0.204032299084387,0,0.20681312585529,0.243482068181038,0.16565727442503
0,0.270603545837932,0,0,0,0.186586107480465,0,0,0,0.223139468799619,0,0,0,0,0,0.183345314115286,0,0,0.248538995427745,0.25345504283905,0,0,0,0.337098717689514,0,0,0,0,0,0,0,0,0,0,0,0.201378798577935,0,0.251464415341616,0,0.214355945587158,0,0.242447682495775,0,0,0,0.208328051519567,0,0,0,0.18046025753771,0,0.195658355808029,0,0,0,0.1567468278877,0,0.286601477456324,0,0.247673996583079,0,0.198567204266608,0.255219253897667,0,0,0,0.229665455009256,0,0,0,0,0,0.294773875790484,0,0,0,0,0,0.219646289116806,0,0.291476264595985,0,0.202113531000627,0,0.219590770211767,0,0
0,0,0.176846250182106,0,0,0,0,0,0.175519779324532,0,0,0,0,0,0,0,0,0,0,0,0.179647445678711,0,0,0,0,0,0,0,0,0,0,0,0,0,0,0,0,0,0,0,0,0,0.224499493837357,0,0,0,0,0,0.179891006304668,0,0.162754087590835,0,0,0,0,0,0.186448310812314,0,0.189120081563791,0,0.182744890451431,0,0,0.184739947319031,0,0,0,0,0,0,0,0,0,0,0,0,0,0,0,0,0,0,0.16814029538164,0.146460697054863,0.199433805545171,0,0
0,0,0,0.186586107480465,0,0,0,0,0,0.167174682021141,0,0,0,0,0,0,0,0,0,0.175983395167561,0,0,0,0,0,0,0,0,0,0,0,0,0,0,0,0.200792191092108,0,0,0,0,0,0,0,0,0,0.226293757557869,0,0,0,0,0,0.193420655957368,0,0,0,0.185773804783821,0,0.210101599494616,0,0,0,0,0.232851471751928,0,0,0,0,0,0,0,0,0,0,0,0,0,0,0,0.200054703723817,0,0,0,0.196455583700703,0.171347183485826,0.217230386379677,0,0
0,0,0,0,0,0,0,0,0,0,0,0,0.17529459297657,0,0,0,0,0,0,0,0,0,0,0,0,0,0,0,0,0,0,0,0,0,0,0,0,0,0,0,0,0,0,0,0,0,0,0,0,0,0,0,0,0,0,0,0,0,0.184024184942245,0,0,0,0,0,0,0,0,0,0,0,0,0,0,0,0,0,0,0,0,0,0,0,0,0,0,0,0
0,0,0,0,0,0,0,0,0,0,0,0,0,0,0,0,0,0,0,0,0,0,0,0,0,0,0,0,0,0,0,0,0,0,0,0,0,0,0,0,0,0,0,0,0,0,0,0,0,0,0,0,0,0.173734840911788,0,0,0,0.19053299512182,0,0,0,0,0,0,0,0,0,0,0,0,0,0,0,0,0,0,0,0,0,0,0,0,0.143350295722485,0,0,0,0
0.3072279804028,0,0.243880295091205,0,0.175519779324532,0,0,0,0,0,0,0,0.356043092906475,0,0.269196718028097,0,0.20774426679068,0,0.239997224101807,0,0,0,0,0,0.256827306525766,0,0.166568353772163,0,0,0,0,0,0,0,0,0,0.207339510321617,0,0.196110809888737,0,0,0.232274919748306,0.284605801105499,0,0,0,0,0,0.304134297779162,0,0,0,0,0,0.214128018118179,0,0.275644595424334,0,0.318989133834839,0,0.274225088181319,0,0,0,0,0,0,0.255774450623072,0,0.203260701663968,0,0.300690134366353,0,0.331247642636299,0,0,0,0,0,0,0,0.185670035884535,0.226231135699871,0.184512507170439,0.297417613885386,0,0
0,0.195153308766229,0,0.223139468799619,0,0.167174682021141,0,0,0,0,0,0,0,0,0,0.194300920753689,0,0.241444645559087,0.223973672335538,0,0,0,0,0.248666224837714,0,0,0,0,0,0,0,0,0,0,0,0,0,0.233585968613625,0,0.524221181869507,0,0.274349796059339,0,0,0,0.248952031135559,0,0,0,0.264218320303103,0,0.181718168159326,0,0,0,0.215951015302573,0,0.312538811038522,0,0.317890213595496,0,0.200894827338365,0.302220702171326,0,0,0,0.213512882671278,0,0.243100807070732,0,0,0,0.300677560062872,0,0,0,0,0,0,0,0.354340006907781,0,0.200431089710962,0.189955450799487,0.303328535386494,0.213834092020988,0
0,0,0,0,0,0,0,0,0,0,0,0,0.190974856619952,0,0,0,0,0,0,0,0.13821606176055,0,0,0,0,0,0,0,0,0,0.132296674990956,0,0,0,0,0,0.18779398553244,0,0.146788897903967,0,0,0,0,0,0,0,0,0,0,0,0,0,0,0,0,0,0.161713665946912,0,0.137441233545542,0,0,0,0,0.145222848902146,0,0,0,0,0,0,0,0.235188643867371,0,0.147674535963741,0,0,0,0,0,0.217851042747498,0,0.137304072578748,0.153959592284799,0,0.132727212139538,0,0
0,0,0,0,0,0,0,0,0,0,0,0,0,0.151532717373844,0,0,0,0,0,0.147406196931778,0,0,0,0,0,0,0,0.157971814274788,0,0.16102796540422,0,0,0,0,0,0.139408569721902,0,0.157878577681603,0,0,0,0,0,0,0,0,0,0,0,0,0,0.195509508252144,0,0.163221128284931,0,0,0,0.18094750491762,0,0.152467241854261,0,0,0.173592458314755,0,0,0,0,0,0,0,0,0,0.180179637170622,0,0,0,0,0,0.165815155953169,0,0.169341969375427,0,0.135466661950633,0.153345074195687,0,0,0
0.345199927687645,0,0.268225997686386,0,0,0,0.17529459297657,0,0.356043092906475,0,0.190974856619952,0,0,0,0.19999535381794,0,0,0,0,0,0,0,0,0,0.361158937215805,0,0,0,0.198142118752003,0,0,0,0,0,0,0,0,0,0,0,0,0,0.321057551182233,0,0,0,0,0,0.276992536253399,0,0,0,0,0,0.310043228524072,0,0.215529757354764,0,0.187455544291541,0,0.20894980430603,0,0,0,0,0,0,0.277389854192734,0,0,0,0.2164754986763,0,0.177713523117396,0,0,0,0,0,0,0,0,0.308470994234085,0.209439739584923,0.349670873747932,0,0
0,0,0,0,0,0,0,0,0,0,0,0.151532717373844,0,0,0,0.136000835895538,0,0.139961652457714,0,0,0,0,0,0,0,0,0,0.13686173089913,0,0.155654966831207,0,0,0,0,0,0,0,0,0,0,0,0,0,0,0,0,0,0,0,0,0,0,0,0.171723020076752,0,0,0,0,0,0.154715934824965,0,0.199850469827652,0,0,0,0,0,0,0.21685953438282,0,0.187028872966766,0,0,0,0,0,0,0,0,0,0,0,0.159562466239057,0.149768159521181,0,0,0
0.351343329463686,0,0,0,0,0,0,0,0.269196718028097,0,0,0,0.19999535381794,0,0,0,0,0,0.301329284906387,0,0,0,0,0,0,0,0.175092511943408,0,0,0,0,0,0,0,0,0,0,0,0,0,0,0,0.339651229480902,0,0,0,0.349850237369537,0,0.273074501711461,0,0,0,0,0,0.222569766735274,0,0,0,0.171030163764954,0,0.201012091475949,0,0,0,0,0,0,0.26274457361017,0,0.214758419069565,0,0.323682576417923,0,0,0,0,0,0,0,0,0,0.296173602342606,0.203782716833324,0.121249428526922,0.362834355954466,0,0.296967089176178
0,0,0,0.183345314115286,0,0,0,0,0,0.194300920753689,0,0,0,0.136000835895538,0,0,0,0,0.270845979452133,0,0,0,0,0.214505301221557,0,0,0,0,0,0,0,0,0,0,0,0,0,0,0,0,0,0.234473906457424,0,0,0,0.20313610509038,0,0,0,0.175210227966309,0,0.186247358503549,0,0,0,0.194695942447736,0,0.254838425862162,0,0.167999061090606,0,0.185209018455611,0,0,0,0,0.254788994789124,0,0.187685610218482,0,0.201308071613312,0,0.252776947617531,0,0,0,0,0,0,0,0.262303665280342,0,0.170004526661201,0.150022257651602,0.214859775062335,0,0
0.282391250133514,0,0,0,0,0,0,0,0.20774426679068,0,0,0,0,0,0,0,0,0.155747935057401,0.232652775966904,0,0,0.130506601184607,0.169174820184708,0,0.135635789465961,0.146574566246204,0.149149073660374,0,0,0,0,0,0,0,0,0.297249387949705,0.304296409775471,0,0.24528132379055,0.257898041180202,0.327146050930023,0.238337944066802,0.274464886479693,0.23763266833205,0.270486503668215,0.260506737977266,0.284665535993248,0,0.294144143164158,0,0,0,0,0,0,0,0,0.293775573372841,0,0,0.285125434398651,0,0,0,0,0,0,0.157110404811407,0,0.188871464133263,0,0.272626882791519,0.272320576012135,0.276881461342176,0,0,0,0.314490258693695,0.278953294787142,0.309950326569378,0.338721387088299,0.317872852087021,0.150272176466286,0.140642611883339,0.303983200873647,0.23708258734809,0.258913206037625
0.258742332458496,0,0.260911136865616,0,0,0,0,0,0,0.241444645559087,0,0,0,0.139961652457714,0,0,0.155747935057401,0,0.232002001197154,0.407153993844986,0,0.157430101008642,0,0.154653993767241,0,0.157412888802061,0,0,0,0,0,0,0,0,0,0.323149003859224,0.304127722978592,0.340815111994743,0,0.292633027300029,0.317426607012749,0.280569453562002,0.233720333594829,0.256042491973323,0.248432903510073,0.285304801986817,0.271489927693019,0,0.259639771147208,0.281549699604511,0,0,0,0,0,0,0,0.347381748063,0,0,0,0,0.423410564661026,0,0.166447535157204,0,0,0,0.155296319888698,0,0.347377061843872,0.241744035056659,0.336409582495689,0.261655423790216,0,0,0,0,0.318591182944418,0.306480722501874,0.40841707508815,0.295314520597458,0.181983083744679,0.148077665744026,0.318449840899912,0.252823629649356,0.217625247077508
0.32443159360152,0.294757395982742,0.251023472286761,0.248538995427745,0,0,0,0,0.239997224101807,0.223973672335538,0,0,0,0,0.301329284906387,0.270845979452133,0.232652775966904,0.232002001197154,0,0.439145222306252,0,0,0,0,0.25955568999052,0.197699032723904,0,0,0,0,0,0,0,0,0,0.339965351326491,0.333484312019697,0.406118700901667,0.329316753149033,0.302195872450936,0.36926615791894,0.225708526407656,0.249327647026608,0.252049254230883,0.287272132660753,0.317836096548829,0.307705813970914,0,0.30923401316007,0.250153128443093,0,0,0,0,0.262211193178975,0.263119532980702,0.333676447470983,0.327321284337015,0.294856683909893,0.305116852124532,0.27242574095726,0.24764529367288,0.385443329811096,0.371317140758038,0,0,0.302755206823349,0.256646332832483,0,0.288451360804694,0,0.302474934365842,0.312387009218054,0.330451920032501,0,0,0,0,0.338675084724015,0.335841237024652,0.421725861395348,0.375992297249682,0.215385139598849,0.213873422664145,0.340013690027998,0.226349456408131,0.253361806127779
0,0,0,0.25345504283905,0,0.175983395167561,0,0,0,0,0,0.147406196931778,0,0,0,0,0,0.407153993844986,0.439145222306252,0,0,0,0,0,0,0,0,0,0,0.164747282862663,0,0,0,0,0,0.167927472746681,0,0.162726794982829,0,0,0,0,0,0,0,0.288913280153886,0,0,0,0,0,0.215201942715794,0,0,0,0,0,0.168074112023626,0,0,0,0.243372589349747,0.220856274993634,0,0,0,0,0,0,0,0,0,0,0,0,0,0,0,0.203692120980275,0,0.258468439181646,0,0.17656820082251,0.174031093716621,0.319524004652693,0,0
0,0,0.22436191017429,0,0.179647445678711,0,0,0,0,0,0.13821606176055,0,0,0,0,0,0,0,0,0,0,0,0,0,0,0,0,0,0,0,0,0,0,0,0,0,0.206428081611861,0,0.172893063165247,0,0,0,0,0,0,0,0.258239539547099,0,0.215208142995834,0,0.186971604824066,0,0,0,0,0,0.187883298189656,0,0,0,0,0,0,0.174359010010076,0,0,0,0,0,0,0,0,0,0.139750301837921,0,0,0,0,0,0.257449309770391,0,0.244457796729844,0.202641138380083,0,0.224110326551376,0,0
0,0,0,0,0,0,0,0,0,0,0,0,0,0,0,0,0.130506601184607,0.157430101008642,0,0,0,0,0.110661981062418,0.149102606638162,0,0.135211474755231,0,0.131160650373429,0,0,0,0,0,0,0,0,0,0.163717269821749,0.163415193557739,0,0,0,0,0,0,0,0,0,0,0.343843877315521,0,0,0,0,0,0,0,0,0,0,0,0,0,0,0.177128695724494,0.108576484416661,0.127352935438221,0,0.140644481139524,0,0.223194803373936,0,0,0,0,0,0,0,0,0,0.186283245008588,0,0.135115003653667,0.13117055473279,0,0,0
0,0,0,0,0,0,0,0,0,0,0,0,0,0,0,0,0.169174820184708,0,0,0,0,0.110661981062418,0,0,0.151682946771856,0,0.16895447174708,0,0.174548251774367,0,0,0,0,0,0,0,0,0,0.294337662832924,0,0,0,0,0,0,0,0,0,0.239873677492142,0,0,0,0,0,0,0,0,0,0,0,0,0,0,0,0.117702595889568,0.191774676414001,0,0.149435337632895,0,0.183161414095334,0,0.206773403499808,0,0,0,0,0,0,0,0,0,0.320349475000378,0.152265574579567,0.134044218861631,0,0,0
0,0,0,0.337098717689514,0,0,0,0,0,0.248666224837714,0,0,0,0,0,0.214505301221557,0,0.154653993767241,0,0,0,0.149102606638162,0,0,0,0.176487514972687,0,0,0,0,0,0,0,0,0,0,0,0.210830515247574,0,0,0,0.295081868767738,0,0,0,0,0,0,0,0.314421024705683,0,0,0,0,0,0.268747146920531,0,0.329097081507955,0,0.345876157283783,0,0.247542191296816,0,0,0.128318705096875,0,0.162063704911439,0,0.203812537951903,0,0.370256966600815,0,0.288328856229782,0,0,0,0.234967534740766,0,0,0,0.306602257883774,0,0.165343592278144,0.265489528576533,0.238348414655775,0,0
0.345301978290081,0,0.26223286986351,0,0,0,0,0,0.256827306525766,0,0,0,0.361158937215805,0,0,0,0.135635789465961,0,0.25955568999052,0,0,0,0.151682946771856,0,0,0,0.17073917156964,0,0,0,0,0,0,0,0,0,0,0,0.242730292662069,0,0,0,0.23324900922867,0,0,0,0,0.318639755249023,0.293801099061966,0,0,0,0,0,0.232145149838324,0,0,0,0.361328944563866,0,0.366271644830704,0,0,0,0,0.202122423392036,0,0.183502507560393,0,0.234014510715858,0,0,0,0,0,0,0,0,0,0,0,0.174155836304029,0.181182930619872,0,0.245821485561984,0,0
0,0,0,0,0,0,0,0,0,0,0,0,0,0,0,0,0.146574566246204,0.157412888802061,0.197699032723904,0,0,0.135211474755231,0,0.176487514972687,0,0,0,0.200417045217294,0,0,0,0,0,0,0,0,0,0,0,0,0,0,0,0,0,0,0,0,0,0,0,0,0,0,0,0,0,0,0,0.102158755064011,0,0,0,0,0.162827728425755,0,0,0,0.183309130589752,0,0.220490300229618,0,0,0,0,0,0,0,0,0,0,0,0.158819809556007,0.14169405400753,0,0,0
0,0,0,0,0,0,0,0,0.166568353772163,0,0,0,0,0,0.175092511943408,0,0.149149073660374,0,0,0,0,0,0.16895447174708,0,0.17073917156964,0,0,0,0.214089423418045,0,0,0,0,0,0,0,0,0,0,0,0,0,0,0,0,0,0,0,0,0,0,0,0,0,0.182278145104647,0,0,0,0,0,0.162215437529222,0,0,0,0,0.261299252510071,0,0,0,0.192022537327793,0,0,0,0,0,0,0,0,0,0,0,0,0.141901459917426,0,0,0,0
0,0,0,0,0,0,0,0,0,0,0,0.157971814274788,0,0.13686173089913,0,0,0,0,0,0,0,0.131160650373429,0,0,0,0.200417045217294,0,0,0,0.156395509839058,0,0,0,0,0,0,0,0.167114719748497,0,0,0,0,0,0,0,0,0,0,0,0,0,0,0,0,0,0,0,0,0,0.138262997814051,0,0,0,0,0.254714007585727,0,0,0,0.235608266932624,0,0.183399374279454,0,0.168722858031591,0,0,0,0,0,0,0,0.196798617641131,0,0.159085159997145,0.173655773809485,0,0,0
0,0,0,0,0,0,0,0,0,0,0,0,0.198142118752003,0,0,0,0,0,0,0,0,0,0.174548251774367,0,0,0,0.214089423418045,0,0,0,0.169039078056812,0,0,0,0,0,0,0,0.216524027965286,0,0,0,0,0,0,0,0,0,0,0,0,0,0,0,0,0,0,0,0.153391113877296,0,0,0,0,0,0,0.18649834394455,0,0,0,0,0,0.155750213181827,0,0.158245608210564,0,0,0,0,0,0,0,0.194624505005777,0.153727926752147,0.206311821937561,0,0,0
0,0,0,0,0,0,0,0,0,0,0,0.16102796540422,0,0.155654966831207,0,0,0,0,0,0.164747282862663,0,0,0,0,0,0,0,0.156395509839058,0,0,0,0,0,0,0,0,0,0.154400561864559,0,0,0,0,0,0,0,0,0,0,0,0,0,0,0,0,0,0,0,0.169644678135713,0,0.145904748234898,0,0,0,0,0,0,0,0,0,0,0.164039299494353,0,0.191170554028617,0,0,0,0,0,0,0,0.190356149717613,0,0.170498748394576,0,0,0,0
0,0,0,0,0,0,0,0,0,0,0.132296674990956,0,0,0,0,0,0,0,0,0,0,0,0,0,0,0,0,0,0.169039078056812,0,0,0,0,0,0,0,0,0,0.143245597385754,0,0,0,0,0,0,0,0,0,0,0,0,0,0,0,0,0,0.122147843724972,0,0,0,0,0,0,0,0,0,0,0,0,0,0,0.142426624894142,0,0.136531388516573,0,0,0,0,0,0,0,0.146575240260464,0.134227125062829,0,0,0,0
0,0,0,0,0,0,0,0,0,0,0,0,0,0,0,0,0,0,0,0,0,0,0,0,0,0,0,0,0,0,0,0,0.141484633864214,0.329772493395667,0,0.205328420838041,0.142532182546953,0,0,0.405532764536994,0,0,0,0,0,0,0,0.291013510349624,0.315918917839344,0.377000886269591,0,0,0,0,0,0,0,0,0,0,0,0,0,0,0,0,0,0,0,0,0,0,0,0,0.248345823311437,0.131365872919559,0.288421427119412,0,0.251268313104558,0,0,0,0.143463984555142,0,0,0,0
0,0,0,0,0,0,0,0,0,0,0,0,0,0,0,0,0,0,0,0,0,0,0,0,0,0,0,0,0,0,0,0.141484633864214,0,0,0.303938733316162,0.10930900555104,0.172971987344611,0,0,0,0,0,0,0,0,0,0,0.291011118265356,0.328568285952012,0,0,0,0,0,0,0,0,0,0,0,0,0,0,0,0,0,0,0,0,0,0,0,0,0,0.144159859554334,0.184815348644364,0.163126427842223,0.310079339267981,0,0.249556825623486,0,0,0.143897533416748,0,0,0,0
0,0,0,0,0,0,0,0,0,0,0,0,0,0,0,0,0,0,0,0,0,0,0,0,0,0,0,0,0,0,0,0.329772493395667,0,0,0.155029551780298,0.176657784552801,0.0835728421807289,0.192662705512832,0,0,0,0,0.258144378662109,0,0,0,0,0.252716649908125,0.32243525236845,0.240571165368671,0,0,0,0,0,0,0,0,0,0,0,0,0,0,0,0,0,0,0,0,0,0,0,0,0.321178478526545,0,0.215042168457134,0.166202317923307,0.218386384164405,0.265609085559845,0.19974371912734,0,0.170889407819378,0.210969035239781,0.260767063498497,0,0
0,0,0,0,0,0,0,0,0,0,0,0,0,0,0,0,0,0,0,0,0,0,0,0,0,0,0,0,0,0,0,0,0.303938733316162,0.155029551780298,0,0,0.191699330648868,0.236774297783504,0.270443626431399,0,0,0.205568626523018,0.255318716168404,0,0,0,0,0.247354827789175,0.247649863362312,0,0,0,0,0,0,0,0,0,0,0,0,0,0,0,0,0,0,0,0,0,0,0,0,0,0,0.291104308697356,0.172951462696183,0.228346636479705,0.228991135954857,0.223097305496534,0.154686541606983,0.276056818288625,0.174232126632705,0.21784735818704,0.219625398516655,0,0
0,0,0,0.201378798577935,0,0.200792191092108,0,0,0,0,0,0.139408569721902,0,0,0,0,0.297249387949705,0.323149003859224,0.339965351326491,0.167927472746681,0,0,0,0,0,0,0,0,0,0,0,0.205328420838041,0.10930900555104,0.176657784552801,0,0,0.23471869906038,0.163446775386741,0,0.305621020736233,0.501833578944206,0.291854527542147,0.28440181016922,0.327618193626404,0.358173489570618,0.28212614423333,0,0.387706010322808,0.345875879128774,0.284344731794346,0,0.222723120549584,0,0.131314029917121,0.278763055801392,0,0,0.175116146043983,0,0.286633282899857,0,0.244530386158398,0.205177014044713,0,0,0,0,0,0,0,0,0,0.295754027366638,0,0.224559291050984,0,0.203324391327289,0,0.239098537472804,0.209205042104126,0.212882093019709,0,0.182060641763444,0.192904556076304,0.260989454430925,0.306558636518625,0
0.222816401720047,0,0.219051368142429,0,0,0,0,0,0.207339510321617,0,0.18779398553244,0,0,0,0,0,0.304296409775471,0.304127722978592,0.333484312019697,0,0.206428081611861,0,0,0,0,0,0,0,0,0,0,0.142532182546953,0.172971987344611,0.0835728421807289,0.191699330648868,0.23471869906038,0,0.127690186724067,0.195305839370331,0.585407660342753,0.307694031246777,0.29562321305275,0.301451057075493,0.318418860435486,0.331731413641284,0,0.257932482241245,0.330232337505246,0.266186502046329,0,0,0,0,0,0,0,0.213511928739841,0,0.228958895573249,0,0,0,0,0.237682931085463,0,0,0,0,0,0.241773024201393,0,0.261324147383372,0,0,0.148148904244105,0.159211482935482,0,0.198252347633243,0.289743484777093,0.233852058918345,0,0.200155482383035,0.186724567577839,0.139943536630897,0.254934312052176,0,0.332806387543678
0,0,0,0.251464415341616,0,0,0,0,0,0.233585968613625,0,0.157878577681603,0,0,0,0,0,0.340815111994743,0.406118700901667,0.162726794982829,0,0.163717269821749,0,0.210830515247574,0,0,0,0.167114719748497,0,0.154400561864559,0,0,0,0.192662705512832,0.236774297783504,0.163446775386741,0.127690186724067,0,0.380100845832731,0.276481181383133,0,0.27487198356539,0,0.251833736896515,0,0.294270240027329,0,0.634136459047008,0,0.390813807660544,0,0.243872240185738,0,0,0,0.239700503647327,0,0.164856173860517,0,0,0,0.264651954174042,0.270478991423286,0,0.197866852961135,0,0.220602491684789,0.442564263939857,0,0,0.365525293275245,0,0.170875019632107,0,0,0,0.182033188812349,0.236579904282415,0.216028608625616,0,0.222820285618009,0.404045862024245,0.348053124768309,0.252518246308542,0.473872069915762,0,0
0.246041789650917,0.346300810575485,0.272361449897289,0,0,0,0,0,0.196110809888737,0,0.146788897903967,0,0,0,0,0,0.24528132379055,0,0.329316753149033,0,0.172893063165247,0.163415193557739,0.294337662832924,0,0.242730292662069,0,0,0,0.216524027965286,0,0.143245597385754,0,0,0,0.270443626431399,0,0.195305839370331,0.380100845832731,0,0,0.302453048767582,0.482407987117767,0.293618800533805,0,0.367181539535522,0,0.270975603125034,0.558897095663538,0.273691354691982,0.489692789316177,0,0,0,0,0.186743006263812,0.353326618671417,0.145144891459495,0,0,0,0,0,0,0.254607019679887,0,0.321461709109318,0,0.243469108681353,0,0,0,0,0,0.122035874674718,0,0,0.310968048870564,0.218872477065076,0,0.251003364845444,0.178468183728687,0.220245335526506,0.319127233355137,0.495836887045286,0.392926423603709,0,0.328154250979424
0,0,0,0.214355945587158,0,0,0,0,0,0.524221181869507,0,0,0,0,0,0,0.257898041180202,0.292633027300029,0.302195872450936,0,0,0,0,0,0,0,0,0,0,0,0,0.405532764536994,0,0,0,0.305621020736233,0.585407660342753,0.276481181383133,0,0,0.472640372964801,0.286482095433023,0.301699684560299,0.281754503773893,0.280103608965874,0.255708127961221,0.2623251080513,0.4239472335733,0.366994008421898,0.33706430323034,0,0.196453340351582,0,0,0,0,0,0.24356947094202,0,0,0,0.299484342336655,0.358842998743057,0,0,0,0,0,0,0,0,0,0.301194662849108,0.289308875799179,0.340980511445266,0,0,0,0.349932056171047,0.506750367581844,0.374593671560288,0,0.265098447887906,0.245569802820683,0.226614353315541,0.29437198107307,0.30034402012825
0,0,0.227780653880193,0,0,0,0,0,0,0,0,0,0,0,0,0,0.327146050930023,0.317426607012749,0.36926615791894,0,0,0,0,0,0,0,0,0,0,0,0,0,0,0,0,0.501833578944206,0.307694031246777,0,0.302453048767582,0.472640372964801,0,0.360899299383163,0.321859471228001,0,0.393341676696487,0,0.213236592637259,0.375272917911152,0.281759410523145,0.457222471634547,0,0,0,0,0,0,0.210914120078087,0,0.236298799514771,0,0,0,0,0.259709964195887,0,0,0,0,0,0,0,0,0,0,0,0.29147395822737,0,0,0.464607500112974,0.278196504106195,0,0.307671816150347,0.200356028565805,0,0.23765213249223,0,0.378673030734062
0.193272903561592,0.355529296578783,0,0.242447682495775,0,0,0,0,0.232274919748306,0.274349796059339,0,0,0,0,0,0.234473906457424,0.238337944066802,0.280569453562002,0.225708526407656,0,0,0,0,0.295081868767738,0,0,0,0,0,0,0,0,0,0,0.205568626523018,0.291854527542147,0.29562321305275,0.27487198356539,0.482407987117767,0.286482095433023,0.360899299383163,0,0.32710198250423,0.258216542130928,0.248895965516567,0.33521386406354,0.305922678538731,0.407721434202459,0.357603129531656,0.333394782885851,0,0.227463938295841,0,0,0,0.265390755544449,0,0.333863556282627,0,0.2876920374957,0.257368385791779,0.257207213640213,0.338494674725966,0,0,0,0.237803786993027,0,0,0,0.305112204617924,0.241381953159968,0.310498152420581,0,0,0,0,0.301809042692184,0.303957835352131,0.29852546112878,0.388345212306616,0.376430918773015,0.301522763932645,0.260425274138865,0.305256505119711,0.247378243682321,0.273062902574356
0.341516764064873,0,0.265032773674057,0,0.224499493837357,0,0,0,0.284605801105499,0,0,0,0.321057551182233,0,0.339651229480902,0,0.274464886479693,0.233720333594829,0.249327647026608,0,0,0,0,0,0.23324900922867,0,0,0,0,0,0,0,0,0.258144378662109,0.255318716168404,0.28440181016922,0.301451057075493,0,0.293618800533805,0.301699684560299,0.321859471228001,0.32710198250423,0,0.256663129975398,0.279720827607089,0.260597270727158,0.302289853194055,0.352032541031284,0.321120018742539,0.382429763674736,0,0,0,0,0.269068426053439,0,0.28241972790824,0.262134078145027,0.300088578352222,0,0.317530095467268,0,0.296730816364288,0.257847641085841,0,0,0,0.237513887286186,0,0.306253877726007,0,0.314140786760605,0.251684371381998,0.367608097466555,0,0,0,0.321749737449721,0.294517746928966,0.323508977430875,0.331924229860306,0.285524491358686,0.261996026306033,0.253793638282352,0.290333676552472,0.21857164055109,0.28509992034071
0,0,0,0,0,0,0,0,0,0,0,0,0,0,0,0,0.23763266833205,0.256042491973323,0.252049254230883,0,0,0,0,0,0,0,0,0,0,0,0,0,0,0,0,0.327618193626404,0.318418860435486,0.251833736896515,0,0.281754503773893,0,0.258216542130928,0.256663129975398,0,0.249441668391228,0.333772148611962,0.287388818604606,0,0.305041193962097,0,0,0,0,0,0,0,0,0.316694481298327,0,0,0,0,0,0,0,0,0,0,0,0,0,0,0.330534063279629,0.239093646407127,0,0,0,0,0.345810675836471,0.290132015943527,0.420135730788821,0,0.267806781616522,0.222667172551155,0.325771536913854,0.23495142268283,0.218153754870097
0.409221619367599,0,0.245366334915161,0,0,0,0,0,0,0,0,0,0,0,0,0,0.270486503668215,0.248432903510073,0.287272132660753,0,0,0,0,0,0,0,0,0,0,0,0,0,0,0,0,0.358173489570618,0.331731413641284,0,0.367181539535522,0.280103608965874,0.393341676696487,0.248895965516567,0.279720827607089,0.249441668391228,0,0.270815032720566,0.335195963394704,0,0.319692637771368,0.266833394765854,0,0,0,0,0,0,0,0.249623611569405,0.246513605117798,0,0,0,0,0.381548583507538,0,0,0,0,0,0,0,0,0,0,0,0,0,0,0.300181973725557,0.356088054562927,0,0.434177607297897,0.260622377293262,0,0.372952814403078,0.253843426704407,0.321547815110534
0.278211265802383,0,0,0.208328051519567,0,0.226293757557869,0,0,0,0.248952031135559,0,0,0,0,0,0.20313610509038,0.260506737977266,0.285304801986817,0.317836096548829,0.288913280153886,0,0,0,0,0,0,0,0,0,0,0,0,0,0,0,0.28212614423333,0,0.294270240027329,0,0.255708127961221,0,0.33521386406354,0.260597270727158,0.333772148611962,0.270815032720566,0,0.280288368463516,0,0,0.175233989953995,0,0.230288384854794,0,0,0,0.271693646907806,0,0.228963371879124,0,0.21107261441648,0,0.210636205172964,0.248730386057463,0,0,0,0.269829481840134,0,0,0,0,0,0.275611694505874,0,0,0,0,0,0.25548898564301,0,0.319994245453885,0,0.274545212459564,0.26816434264183,0.286759059979044,0.308171978476001,0.266366839408875
0.239784368059852,0,0.19375484186661,0,0,0,0,0,0,0,0,0,0,0,0.349850237369537,0,0.284665535993248,0.271489927693019,0.307705813970914,0,0.258239539547099,0,0,0,0,0,0,0,0,0,0,0,0,0,0,0,0.257932482241245,0,0.270975603125034,0.2623251080513,0.213236592637259,0.305922678538731,0.302289853194055,0.287388818604606,0.335195963394704,0.280288368463516,0,0,0.24620556853667,0,0.196783274412155,0,0,0,0.245779246091843,0,0.27005239813656,0,0.20380340245637,0,0.172974109649658,0,0,0.228093723731534,0,0,0,0.300699681043625,0,0.26921338836352,0,0.263185454798596,0.299602329730988,0.261272303613962,0,0,0,0.288580715656281,0.349599003791809,0.234315798263651,0.300643742084503,0.265509744316845,0.273102712197737,0,0.238678305528501,0,0.298368747213057
0,0,0,0,0,0,0,0,0,0,0,0,0,0,0,0,0,0,0,0,0,0,0,0,0.318639755249023,0,0,0,0,0,0,0.291013510349624,0.291011118265356,0.252716649908125,0.247354827789175,0.387706010322808,0.330232337505246,0.634136459047008,0.558897095663538,0.4239472335733,0.375272917911152,0.407721434202459,0.352032541031284,0,0,0,0,0,0.389742391898541,0.428846864070683,0,0,0,0,0,0.403553426265717,0,0,0,0,0,0,0,0,0,0,0,0.283728390932083,0,0,0,0,0,0,0.275505151134637,0.27996593658517,0.266969537196888,0.267271654255137,0.32814176146103,0.277093960045449,0.600357989470164,0.302541170467213,0.442302935927207,0.45692122893201,0.415780039559606,0,0.390154838562012
0.27171569339987,0,0.181978533393703,0,0.179891006304668,0,0,0,0.304134297779162,0,0,0,0.276992536253399,0,0.273074501711461,0,0.294144143164158,0.259639771147208,0.30923401316007,0,0.215208142995834,0,0.239873677492142,0,0.293801099061966,0,0,0,0,0,0,0.315918917839344,0.328568285952012,0.32243525236845,0.247649863362312,0.345875879128774,0.266186502046329,0,0.273691354691982,0.366994008421898,0.281759410523145,0.357603129531656,0.321120018742539,0.305041193962097,0.319692637771368,0,0.24620556853667,0.389742391898541,0,0.477608241003443,0.171616028462137,0,0,0,0.273972839567236,0,0.245786545342869,0.292868405580521,0.251092708497136,0,0.243221538337284,0,0,0.303208186238442,0,0.2679054922071,0,0.274322029668838,0,0.281091726204353,0,0.287423205678351,0.279995381832123,0.284933408722281,0.330724451102709,0.272692681879413,0.340755000710487,0.262001553177834,0.364326285198331,0.286269002233052,0,0.274751211829514,0.292576921382282,0,0.346987533085823,0.236239746212959,0.315606380636628
0,0.28198010395281,0,0.18046025753771,0,0,0,0,0,0.264218320303103,0,0,0,0,0,0.175210227966309,0,0.281549699604511,0.250153128443093,0,0,0.343843877315521,0,0.314421024705683,0,0,0,0,0,0,0,0.377000886269591,0,0.240571165368671,0,0.284344731794346,0,0.390813807660544,0.489692789316177,0.33706430323034,0.457222471634547,0.333394782885851,0.382429763674736,0,0.266833394765854,0.175233989953995,0,0.428846864070683,0.477608241003443,0,0,0.264701366424561,0,0,0,0.232327856625734,0,0.292008471827135,0,0.276499375028718,0,0.20884850874262,0,0,0.234673662111163,0,0.267698699147394,0,0.197726531823476,0,0.340274930738847,0,0.266479078108671,0,0.32494534417573,0,0.306847450307437,0,0.286227418973392,0,0.355106457813288,0.29029905796051,0.385233381479756,0.311514645814896,0.328614894483595,0.225763410329819,0
0,0,0.173172026872635,0,0.162754087590835,0,0,0,0,0,0,0,0,0,0,0,0,0,0,0,0.186971604824066,0,0,0,0,0,0,0,0,0,0,0,0,0,0,0,0,0,0,0,0,0,0,0,0,0,0.196783274412155,0,0.171616028462137,0,0,0,0,0,0,0,0.188376880250871,0,0.193562026386475,0,0.185236909559795,0,0,0,0,0,0,0,0,0,0,0,0,0,0,0,0,0,0,0,0,0,0.149461053311825,0,0.221720911562443,0,0
0,0,0,0.195658355808029,0,0.193420655957368,0,0,0,0.181718168159326,0,0.195509508252144,0,0,0,0.186247358503549,0,0,0,0.215201942715794,0,0,0,0,0,0,0,0,0,0,0,0,0,0,0,0.222723120549584,0,0.243872240185738,0,0.196453340351582,0,0.227463938295841,0,0,0,0.230288384854794,0,0,0,0.264701366424561,0,0,0,0.257699728733109,0,0.183013334870338,0,0.233724593450981,0,0.23352759929769,0,0,0.27896626145519,0,0,0,0.241302952170372,0,0,0,0,0,0.271771858135859,0,0,0,0,0,0.218394635823266,0,0.263783605769277,0,0.216719919889509,0,0.232537435921463,0,0
0,0,0,0,0,0,0,0,0,0,0,0,0,0,0,0,0,0,0,0,0,0,0,0,0,0,0,0,0,0,0,0,0,0,0,0,0,0,0,0,0,0,0,0,0,0,0,0,0,0,0,0,0,0,0,0,0,0,0.188793256878853,0,0,0,0,0,0,0,0,0,0,0,0,0,0,0,0,0,0,0,0,0,0,0,0,0,0,0,0
0,0,0,0,0,0,0,0.173734840911788,0,0,0,0.163221128284931,0,0.171723020076752,0,0,0,0,0,0,0,0,0,0,0,0,0,0,0,0,0,0,0,0,0,0.131314029917121,0,0,0,0,0,0,0,0,0,0,0,0,0,0,0,0.257699728733109,0,0,0,0,0,0.212940758094192,0,0.225371545244908,0,0,0.211681262774615,0,0,0,0,0,0,0,0,0,0,0,0,0,0,0,0,0,0,0,0.168224632988373,0,0.208242667757947,0,0
0.263280982046985,0,0.231520294211805,0,0,0,0,0,0.214128018118179,0,0,0,0.310043228524072,0,0.222569766735274,0,0,0,0.262211193178975,0,0,0,0,0,0.232145149838324,0,0.182278145104647,0,0,0,0,0,0,0,0,0.278763055801392,0,0,0.186743006263812,0,0,0,0.269068426053439,0,0,0,0.245779246091843,0,0.273972839567236,0,0,0,0,0,0,0,0.29903644323349,0,0.29478024159159,0,0.255179765376639,0,0,0,0,0,0,0.183343523752433,0,0.197916862192184,0,0.285301158825556,0,0.334117333094279,0,0,0,0,0,0,0,0.187605131192495,0.239037063579227,0,0.28637668175426,0,0.261642724275589
0,0.176648256090498,0,0.1567468278877,0,0.185773804783821,0,0,0,0.215951015302573,0,0,0,0,0,0.194695942447736,0,0,0.263119532980702,0,0,0,0,0.268747146920531,0,0,0,0,0,0,0,0,0,0,0,0,0,0.239700503647327,0.353326618671417,0,0,0.265390755544449,0,0,0,0.271693646907806,0,0.403553426265717,0,0.232327856625734,0,0.183013334870338,0,0,0,0,0,0.301129984968113,0,0.325877338647842,0,0.201523005604443,0.276069700717926,0,0,0,0.234036368806081,0,0,0,0,0,0.274236153153812,0,0,0,0,0,0.206861436367035,0,0.2148040437952,0,0.225113875964746,0.23998162150383,0.218268745436388,0,0
0.273587534825007,0,0.196078461011251,0,0.186448310812314,0,0,0,0.275644595424334,0,0.161713665946912,0,0.215529757354764,0,0,0,0,0,0.333676447470983,0,0.187883298189656,0,0,0,0,0,0,0,0,0,0.122147843724972,0,0,0,0,0,0.213511928739841,0,0.145144891459495,0,0.210914120078087,0,0.28241972790824,0,0,0,0.27005239813656,0,0.245786545342869,0,0.188376880250871,0,0,0,0.29903644323349,0,0,0,0.203085105203842,0,0.253055289387703,0,0,0.290709410320248,0,0,0,0.276922106742859,0,0.335975223117405,0,0.247923624599376,0,0.200465839488704,0,0,0,0,0,0.259348743591186,0,0,0.207036618212563,0,0.228095306386781,0,0
0,0.349413151090795,0,0.286601477456324,0,0.210101599494616,0,0.19053299512182,0,0.312538811038522,0,0.18094750491762,0,0,0,0.254838425862162,0.293775573372841,0.347381748063,0.327321284337015,0.168074112023626,0,0,0,0.329097081507955,0,0,0,0,0,0.169644678135713,0,0,0,0,0,0.175116146043983,0,0.164856173860517,0,0.24356947094202,0,0.333863556282627,0.262134078145027,0.316694481298327,0.249623611569405,0.228963371879124,0,0,0.292868405580521,0.292008471827135,0,0.233724593450981,0,0.212940758094192,0,0.301129984968113,0,0,0,0.225773661628724,0,0.258321852236986,0.287732068975296,0,0,0,0.326881769456361,0,0,0,0.327368017044856,0,0.272751743215331,0,0,0,0,0,0.267011083386562,0.332451105117798,0.207514713733242,0,0.23746087406695,0.133005422181808,0.319850353976446,0.363878785073757,0.2612911850214
0.341942750745349,0,0.224462891618411,0,0.189120081563791,0,0.184024184942245,0,0.318989133834839,0,0.137441233545542,0,0.187455544291541,0,0.171030163764954,0,0,0,0.294856683909893,0,0,0,0,0,0.361328944563866,0,0,0,0.153391113877296,0,0,0,0,0,0,0,0.228958895573249,0,0,0,0.236298799514771,0,0.300088578352222,0,0.246513605117798,0,0.20380340245637,0,0.251092708497136,0,0.193562026386475,0,0.188793256878853,0,0.29478024159159,0,0.203085105203842,0,0,0,0.192250613528903,0,0,0.208259359002113,0,0,0,0.288553565740585,0,0,0,0.230656258761883,0,0.222431829571724,0,0,0,0,0,0.232770066459974,0,0,0.216249133149783,0.172982230782509,0.23047577287301,0,0.296121999621391
0,0.370056619246801,0,0.247673996583079,0,0,0,0,0,0.317890213595496,0,0.152467241854261,0,0.154715934824965,0,0.167999061090606,0,0,0.305116852124532,0,0,0,0,0.345876157283783,0,0.102158755064011,0,0.138262997814051,0,0.145904748234898,0,0,0,0,0,0.286633282899857,0,0,0,0,0,0.2876920374957,0,0,0,0.21107261441648,0,0,0,0.276499375028718,0,0.23352759929769,0,0.225371545244908,0,0.325877338647842,0,0.225773661628724,0,0,0,0.200322159472853,0.247280750009749,0,0,0,0.307749330997467,0,0.202579642093279,0,0.215086777395797,0,0.231529138293587,0,0,0,0,0,0.256705443064372,0,0.276039266815552,0,0.170853459348915,0.153656091344984,0.217213099754256,0,0
0.300869052573074,0,0.204320481302691,0,0.182744890451431,0,0,0,0.274225088181319,0,0,0,0.20894980430603,0,0.201012091475949,0,0.285125434398651,0,0.27242574095726,0,0,0,0,0,0.366271644830704,0,0.162215437529222,0,0,0,0,0,0,0,0,0,0,0,0,0,0,0.257368385791779,0.317530095467268,0,0,0,0.172974109649658,0,0.243221538337284,0,0.185236909559795,0,0,0,0.255179765376639,0,0.253055289387703,0,0.192250613528903,0,0,0,0,0.235385701060295,0,0,0,0.213571012020111,0,0.206322243425855,0,0.293888284100427,0,0.285978575547536,0,0,0,0,0,0,0,0,0.283972208698591,0,0.305364521415709,0,0
0,0.271242693066597,0,0.198567204266608,0,0,0,0,0,0.200894827338365,0,0,0,0.199850469827652,0,0.185209018455611,0,0,0.24764529367288,0.243372589349747,0,0,0,0.247542191296816,0,0,0,0,0,0,0,0,0,0,0,0.244530386158398,0,0.264651954174042,0,0.299484342336655,0,0.257207213640213,0,0,0,0.210636205172964,0,0,0,0.20884850874262,0,0,0,0,0,0.201523005604443,0,0.258321852236986,0,0.200322159472853,0,0,0.261659554072789,0,0,0,0.322217553853989,0,0.185914031756941,0,0.196833834052086,0,0.248772775961293,0,0,0,0,0,0.257021807630857,0,0.274463442595381,0,0.226782638993528,0,0.234149090990335,0,0
0,0,0,0.255219253897667,0,0.232851471751928,0,0,0,0.302220702171326,0,0.173592458314755,0,0,0,0,0,0.423410564661026,0.385443329811096,0.220856274993634,0,0,0,0,0,0,0,0,0,0,0,0,0,0,0,0.205177014044713,0,0.270478991423286,0,0.358842998743057,0,0.338494674725966,0.296730816364288,0,0,0.248730386057463,0,0,0,0,0,0.27896626145519,0,0.211681262774615,0,0.276069700717926,0,0.287732068975296,0,0.247280750009749,0,0.261659554072789,0,0,0,0,0,0,0,0,0,0,0.352453988905136,0,0,0,0,0,0.261199640889392,0,0.337880343932372,0,0.179282088379065,0,0.31377070362395,0,0
0.288095921278,0,0.208004152503881,0,0.184739947319031,0,0,0,0,0,0.145222848902146,0,0,0,0,0,0,0,0.371317140758038,0,0.174359010010076,0,0,0,0,0,0,0,0,0,0,0,0,0,0,0,0.237682931085463,0,0.254607019679887,0,0.259709964195887,0,0.257847641085841,0,0.381548583507538,0,0.228093723731534,0,0.303208186238442,0,0,0,0,0,0,0,0.290709410320248,0,0.208259359002113,0,0.235385701060295,0,0,0,0,0,0,0,0,0,0,0.290635578474909,0,0.283746698498726,0,0,0,0,0,0.242547532786494,0,0.230964630598726,0.183670321364462,0,0.300484259101622,0,0
0,0,0,0,0,0,0,0,0,0,0,0,0,0,0,0,0,0.166447535157204,0,0,0,0.177128695724494,0.117702595889568,0.128318705096875,0,0.162827728425755,0,0.254714007585727,0,0,0,0,0,0,0,0,0,0.197866852961135,0,0,0,0,0,0,0,0,0,0,0,0.234673662111163,0,0,0,0,0,0,0,0,0,0,0,0,0,0,0,0,0.155748716173846,0,0.198390062898397,0,0.231513253754758,0,0,0,0,0,0,0,0,0,0.227549913267677,0,0.143206951132722,0.106682397425175,0,0,0
0,0,0,0,0,0,0,0,0,0,0,0,0,0,0,0,0,0,0,0,0,0.108576484416661,0.191774676414001,0,0.202122423392036,0,0.261299252510071,0,0.18649834394455,0,0,0,0,0,0,0,0,0,0.321461709109318,0,0,0,0,0,0,0,0,0,0.2679054922071,0,0,0,0,0,0,0,0,0,0,0,0,0,0,0,0,0,0,0.188706296309829,0,0.179405853152275,0,0.188214848438899,0,0,0,0,0,0,0,0,0,0.331659511854972,0.157576177318109,0.147087598388845,0,0,0
0,0.226978102610225,0,0.229665455009256,0,0,0,0,0,0.213512882671278,0,0,0,0,0,0.254788994789124,0,0,0.302755206823349,0,0,0.127352935438221,0,0.162063704911439,0,0,0,0,0,0,0,0,0,0,0,0,0,0.220602491684789,0,0,0,0.237803786993027,0,0,0,0.269829481840134,0,0,0,0.267698699147394,0,0.241302952170372,0,0,0,0.234036368806081,0,0.326881769456361,0,0.307749330997467,0,0.322217553853989,0,0,0.155748716173846,0,0,0,0.214229482935514,0,0.349114950268696,0,0.271569728851318,0,0,0,0.235913808147113,0,0,0,0.273514614216352,0,0.218555467443006,0.247914291918278,0.244878856308999,0,0
0.271387022576834,0,0.228090325991313,0,0,0,0,0,0.255774450623072,0,0,0,0.277389854192734,0,0.26274457361017,0,0.157110404811407,0,0.256646332832483,0,0,0,0.149435337632895,0,0.183502507560393,0,0,0,0,0,0,0,0,0,0,0,0,0.442564263939857,0.243469108681353,0,0,0,0.237513887286186,0,0,0,0.300699681043625,0.283728390932083,0.274322029668838,0,0,0,0,0,0.183343523752433,0,0.276922106742859,0,0.288553565740585,0,0.213571012020111,0,0,0,0,0.188706296309829,0,0,0,0.246273984014988,0,0,0,0,0,0,0,0,0,0,0,0.184391557258003,0.208618179339546,0.262923010757991,0.284019981661151,0,0
0,0,0,0,0,0,0,0,0,0.243100807070732,0,0,0,0.21685953438282,0,0.187685610218482,0,0.155296319888698,0,0,0,0.140644481139524,0,0.203812537951903,0,0.183309130589752,0,0.235608266932624,0,0,0,0,0,0,0,0,0,0,0,0,0,0,0,0,0,0,0,0,0,0.197726531823476,0,0,0,0,0,0,0,0,0,0.202579642093279,0,0.185914031756941,0,0,0.198390062898397,0,0.214229482935514,0,0,0,0.213157986477017,0,0.207856275141239,0,0,0,0,0,0,0,0,0,0.150783807039261,0,0.179499265044294,0,0
0.271680021037658,0,0.25761200984319,0,0,0,0,0,0.203260701663968,0,0,0,0,0,0.214758419069565,0,0.188871464133263,0,0.288451360804694,0,0,0,0.183161414095334,0,0.234014510715858,0,0.192022537327793,0,0,0,0,0,0,0,0,0,0.241773024201393,0,0,0,0,0,0.306253877726007,0,0,0,0.26921338836352,0,0.281091726204353,0,0,0,0,0,0.197916862192184,0,0.335975223117405,0,0,0,0.206322243425855,0,0,0,0,0.179405853152275,0,0.246273984014988,0,0,0,0.31546226143837,0,0,0,0,0,0,0,0,0,0,0.260659428313375,0,0.312279831618071,0,0
0,0,0,0,0,0,0,0,0,0,0,0,0,0.187028872966766,0,0.201308071613312,0,0.347377061843872,0,0,0,0.223194803373936,0,0.370256966600815,0,0.220490300229618,0,0.183399374279454,0,0.164039299494353,0,0,0,0,0,0,0,0.365525293275245,0,0,0,0.305112204617924,0,0,0,0,0,0,0,0.340274930738847,0,0,0,0,0,0,0,0.327368017044856,0,0.215086777395797,0,0.196833834052086,0,0,0.231513253754758,0,0.349114950268696,0,0.213157986477017,0,0,0,0.243114868310136,0,0,0,0,0,0,0,0.410126419010147,0,0.192744068077041,0.155926054486862,0.222289617489843,0,0
0.304492370384495,0,0.256831144373263,0,0,0,0,0,0.300690134366353,0,0.235188643867371,0,0.2164754986763,0,0.323682576417923,0,0.272626882791519,0.241744035056659,0.302474934365842,0,0,0,0.206773403499808,0,0,0,0,0,0.155750213181827,0,0.142426624894142,0,0,0,0,0,0.261324147383372,0,0,0,0,0.241381953159968,0.314140786760605,0,0,0,0.263185454798596,0,0.287423205678351,0,0,0,0,0,0.285301158825556,0,0.247923624599376,0,0.230656258761883,0,0.293888284100427,0,0,0.290635578474909,0,0.188214848438899,0,0,0,0.31546226143837,0,0,0,0.242155007210123,0,0,0,0,0.283137005567551,0.273139160413008,0,0.217708963574025,0.294168252443922,0,0.304275546473851,0.222407087683678,0.321734329064687
