0,0,4.28004348278046,0,8.87267017364502,0,0,0,5.99806603831702,0,0,0,0,0,15.6367962519328,0,0,0,41.5998840332031,0,0,0,0,0,0,0,0,0,0,0,0,0,0,0,0,0,26.2946739196777,0,24.3145313262939,0,0,0,37.6762355859729,0,0,0,81.403636932373,27.7686623164586,18.2699944347912,0,0,0,0,0,7.01509784097257,0,18.4491262435913,0,14.0742689165576,0,10.702989867057,0,0,14.7312564849854,0,0,0,0,0,0,0,0,0,27.4828330993652,0,0,0,0,0,0,0,0,33.6773757852357,24.0450019836426,20.2433199532178,0,0
0,0,0,9.3744283321707,0,24.1793632507324,0,0,0,9.30338184110719,0,0,0,0,0,14.5699863433838,50.5033912658691,0,18.4619078755379,0,0,0,0,0,0,0,0,0,0,0,0,0,0,0,0,0,0,17.4665843367577,0,60.140175819397,0,28.7416326768639,49.5276031494141,25.9047472476959,0,27.3168367039074,31.7299009958903,26.3406713695849,54.769198735555,14.1270933364147,0,0,0,0,0,10.4926775912849,0,12.1386779497067,0,0,0,6.35890777989438,0,0,0,0,3.60789219538371,42.4171180725098,7.4702689773158,0,0,0,29.2074003072885,0,0,0,39.3548011779785,0,0,0,30.908992767334,0,33.1979981861283,36.3263664245605,20.3919594654771,0,0
4.28004348278046,0,0,0,6.48684516270955,0,0,0,10.9303428126233,0,0,0,0,0,0,0,34.485523223877,0,34.5529695657583,0,5.35181513699618,0,0,0,0,0,0,0,0,0,0,0,0,0,0,0,19.0531234096836,0,31.5940628051758,0,30.6948471069336,71.3584899902344,31.363217068598,0,39.5388387044271,36.3944301605225,23.162981076674,40.1194048794833,20.2414991902833,0,5.37467551231384,0,0,0,13.9669163227081,0,18.0875521339737,0,8.57365420071975,0,5.72796765327454,0,0,9.30618612582867,0,0,0,34.7237176895142,0,0,0,26.161773954119,67.3738250732422,27.2788497422871,0,0,0,0,0,21.2785774757122,0,32.4388830396864,26.9555936614386,28.3010411943708,17.3996199332585,0,51.1493453979492
0,9.3744283321707,0,0,42.1243057250977,10.5141416935618,0,0,51.9105491638184,12.6498571357925,0,0,0,0,0,0,50.7155456542969,0,34.1609643634997,8.19502409299215,0,0,0,34.294358253479,0,0,0,0,0,0,0,0,0,0,0,15.9882001296894,0,29.4306335449219,0,30.9954167604446,0,29.1505969730389,31.61474609375,25.9614455611617,0,18.9847620201938,31.7696924209595,40.7280727733265,0,9.9517606102401,0,7.31483851495336,0,0,0,9.15884460752661,45.7003898620605,16.1736500425404,0,5.55314680337906,0,4.63884879924633,16.4846116821721,0,0,0,0,57.6230983734131,0,0,0,0,30.123909059675,0,0,0,0,0,19.5620084740858,0,36.0724258422852,0,19.6555385285467,24.6010036468506,18.8700085183026,25.1751183596524,0
8.87267017364502,0,6.48684516270955,42.1243057250977,0,0,0,0,4.02146651235859,0,0,0,0,0,0,0,0,0,0,0,7.78900390863419,0,0,0,0,0,0,0,0,0,0,0,0,0,0,0,19.3190919331142,0,0,0,0,0,39.6791989462716,0,0,0,26.6662690298898,0,8.98155244191488,0,3.51221133653934,0,6.09610652923584,0,3.04627273928735,0,4.99382731980748,0,3.14739099295452,0,4.52541918130148,0,0,13.9126979916595,0,0,0,0,0,0,0,0,0,38.5707950592041,0,0,0,0,0,29.3499574661255,0,42.637882232666,10.2937714692057,33.2795524597168,13.7439177352935,0,0
0,24.1793632507324,0,10.5141416935618,0,0,0,4.2809955739975,0,5.43763360523042,0,0,0,0,0,0,0,0,37.1402473449707,5.18244830353,0,0,0,34.3218574523926,0,0,0,0,0,0,0,0,0,0,0,15.2123193237517,0,0,0,0,0,36.1954080986254,0,53.4833717346191,0,20.8606820717836,34.4472045898438,0,0,19.6039554339189,0,4.1380013912843,0,3.60689941048622,0,8.43669283390045,0,17.6410437160068,0,7.98799562454224,0,0,6.44638905402039,0,0,0,0,0,0,0,0,0,36.149095882069,0,0,0,0,0,19.1378925111559,0,0,0,8.5213781472743,3.26908987760544,16.6303501874481,0,0
0,0,0,0,0,0,0,0,0,0,0,0,0,0,0,0,0,0,0,0,3.14864206314087,0,0,0,0,0,0,0,0,0,0,0,0,0,0,0,0,0,0,0,0,0,0,0,0,0,0,0,0,0,3.94937601089478,0,3.75032291006535,0,0,0,4.76900152621731,0,5.62181223902786,0,0,0,0,0,0,0,0,0,0,0,0,0,0,0,0,0,0,0,0,0,0,0,3.03842749595642,0,0,0,0
0,0,0,0,0,4.2809955739975,0,0,0,0,0,3.60063545520489,0,2.87616364161173,0,0,0,0,0,0,0,0,0,0,0,0,0,0,0,0,0,0,0,0,0,4.20162200927734,0,0,0,0,0,0,0,0,0,0,0,0,0,0,0,4.10380714587425,0,3.30364926728831,0,0,0,4.55464813851903,0,6.07501744937438,0,0,4.96065258979797,0,0,0,0,0,0,0,0,0,0,0,0,0,0,0,0,0,0,0,3.91575675144374,0,0,0,0
5.99806603831702,0,10.9303428126233,51.9105491638184,4.02146651235859,0,0,0,0,0,0,0,13.9262256622314,0,9.79878331744482,0,7.91137883409541,23.9881466759576,24.4702547661802,0,15.6796624925401,0,0,0,3.98634981567209,0,2.79680794477463,0,0,0,0,0,0,0,19.7478141784668,0,26.746337890625,0,4.43605470292794,58.6614513397217,30.1723831176758,46.1783003030821,24.6597524270322,41.1405442555745,26.8437623977661,51.1241427103678,35.6426060065795,40.8737881978353,8.11251756035048,50.8182601928711,0,0,0,0,5.68096512564098,0,21.2629461077462,0,15.0326203296059,0,9.00155531837884,0,0,18.2775014947962,0,0,0,5.39427857100964,0,3.3565544684728,0,17.2156829833984,49.5382537841797,23.105806319413,0,0,0,21.169038772583,0,0,0,12.9783036725162,13.5699155247401,32.7761027018229,22.9444593010845,38.2613000869751,19.9711892604828
0,9.30338184110719,0,12.6498571357925,0,5.43763360523042,0,0,0,0,0,0,0,0,0,4.28277538260635,46.3951835632324,6.82811159683486,11.9950175678607,13.389178276062,0,0,0,6.36259875297546,0,3.06107974052429,0,0,0,0,0,0,0,0,0,22.1724235780777,0,5.23299209543523,0,0,0,28.871130797863,43.0966472625732,29.1110124588013,0,23.1277060111364,37.3737201690674,37.5442671298981,0,21.7640074084264,0,2.7412576675415,0,0,0,5.8847423980644,0,22.7978978951772,0,0,0,7.21151519225816,17.9087665557861,0,0,0,3.10364251012926,0,0,0,0,0,25.956405035207,45.0966911315918,0,0,48.2782936096191,0,25.2975383085363,0,5.00407089160967,0,9.67711827918444,4.58560372265902,21.3633490557837,23.7514540354411,0
0,0,0,0,0,0,0,0,0,0,0,0,3.59951854446559,0,0,0,0,0,0,0,3.93077310480813,0,0,0,0,0,0,0,2.89179920518635,0,0,0,0,0,0,0,4.50713502270419,0,3.96017286956845,0,0,0,0,0,0,0,0,0,0,0,0,0,0,0,0,0,4.5901591634868,0,5.15636724233627,0,0,0,0,3.02081054106526,0,0,0,0,0,0,0,0,0,5.43154207865397,0,0,0,0,0,5.35491961240768,0,4.95128989517689,4.63950954195797,3.38082415532399,0,0,0
0,0,0,0,0,0,0,3.60063545520489,0,0,0,0,0,3.33400151145317,0,0,0,0,0,4.00620534249907,0,0,0,0,0,0,0,0,0,3.52946829795837,0,0,0,0,0,4.1416864836235,0,3.96599431677814,0,0,0,0,0,0,0,0,0,0,0,0,0,0,0,4.52753651804394,0,0,0,4.24613398720719,0,4.54727937172726,0,0,4.40232202789294,0,0,0,0,0,0,0,0,0,3.90366688641635,0,0,0,0,0,7.92737023489816,0,5.97205255461521,0,3.39594405378614,2.83809328079224,4.2274714840783,0,0
0,0,0,0,0,0,0,0,13.9262256622314,0,3.59951854446559,0,0,0,3.8788914148872,0,0,0,0,0,0,0,0,0,0,0,0,0,4.22518575191498,0,0,0,0,0,0,0,0,0,0,0,0,0,0,0,0,0,0,0,0,0,0,0,0,0,0,0,4.07099368261254,0,3.99930376536918,0,6.45791842226397,0,0,0,0,0,0,0,0,2.95512175559998,0,5.33189384072228,0,0,0,0,0,0,0,0,0,0,2.93705675153449,3.07152953939548,0,0,0
0,0,0,0,0,0,0,2.87616364161173,0,0,0,3.33400151145317,0,0,0,3.47112094272267,0,0,0,0,0,0,0,0,0,0,0,3.45054027438164,0,3.15563650564714,0,0,0,0,0,0,0,0,0,0,0,0,0,0,0,0,0,0,0,0,0,5.31765998734368,0,3.36888610521952,0,0,0,4.24546839913418,0,4.4772919763624,0,3.03195645732264,0,0,0,0,0,0,0,0,4.55741126913773,0,0,0,0,0,0,0,0,0,0,0,3.21369829631987,2.73997330665588,0,0,0
15.6367962519328,0,0,0,0,0,0,0,9.79878331744482,0,0,0,3.8788914148872,0,0,0,4.22452769393013,0,0,0,0,0,0,0,0,0,2.95309376716614,0,0,0,0,0,0,0,0,0,0,0,0,0,0,0,0,0,0,0,0,0,10.8890310111253,0,0,0,0,0,10.9177691025463,0,5.75533803304036,0,4.06492646535238,0,4.5615865172823,0,0,0,0,0,0,0,0,4.23836261535359,0,0,0,19.9576831817627,0,0,0,0,0,0,0,0,4.11740631323594,0,17.4506239891052,0,0
0,14.5699863433838,0,0,0,0,0,0,0,4.28277538260635,0,0,0,3.47112094272267,0,0,0,5.13926538075406,0,0,0,0,0,0,0,0,0,0,0,0,0,0,0,0,0,0,0,0,0,0,0,0,0,0,0,0,0,0,0,0,0,0,0,0,0,5.41994780824895,0,0,0,0,0,3.14714365035483,0,0,0,0,0,0,2.95779538154602,0,0,0,0,0,0,0,0,0,0,0,0,0,3.71422850942037,3.00920049349467,0,0,0
0,50.5033912658691,34.485523223877,50.7155456542969,0,0,0,0,7.91137883409541,46.3951835632324,0,0,0,0,4.22452769393013,0,0,13.1508910245253,7.69402197046736,0,0,19.8584620157878,7.58787232767753,22.4034042358398,10.8616413612558,10.3420925140381,6.2589387055345,0,3.0542083978653,0,0,0,0,0,0,0,0,0,0,57.7048263549805,41.3789326349894,42.5891997659807,31.3961502383515,50.6719341278076,25.570063999721,51.7761900160048,38.8767322468308,0,0,41.6807963053385,0,0,0,0,6.03675507491743,0,40.5724721908569,44.1680595397949,0,0,13.482213973999,0,0,36.6032867431641,38.9739685058594,7.0188353061676,31.3893604278564,10.4052610303841,24.0052743911743,5.58461480990938,0,0,45.2277306065415,35.5604344928075,0,0,0,0,0,0,0,40.8273229598999,9.23934360087962,8.09403002990518,39.096664679071,38.3363907272751,26.0740252070957
0,0,0,0,0,0,0,0,23.9881466759576,6.82811159683486,0,0,0,0,0,5.13926538075406,13.1508910245253,0,5.77508151659914,0,0,6.96423120207749,16.6621073642409,5.60339864524635,18.2737506953153,4.1443980229312,19.5278951544915,0,0,0,0,0,0,0,0,0,0,0,0,43.0469902038574,0,33.0937932642495,39.7725542916192,35.1067705154419,40.5754766464233,39.839276013309,48.5381570113333,0,0,0,0,0,0,0,20.2600345015526,4.96184924784923,43.7110036214193,28.3600654602051,0,0,0,6.75429342079722,0,0,9.36656681621244,0,5.13471785960374,17.3474468231201,4.11535791216491,21.1798452195667,0,0,34.1480757849557,44.425276184082,0,0,0,0,0,0,0,0,7.01198275779893,8.04421896762676,39.1576939890207,32.8459690856934,36.6418724060059
41.5998840332031,18.4619078755379,34.5529695657583,34.1609643634997,0,37.1402473449707,0,0,24.4702547661802,11.9950175678607,0,0,0,0,0,0,7.69402197046736,5.77508151659914,0,0,0,0,0,12.9505091042354,18.1248162342952,0,0,0,0,0,0,0,0,0,0,0,0,33.1750144958496,0,33.0165616362339,35.0063670527059,27.0297159821839,28.6376338307957,14.6025631961723,18.8494932363322,28.3779781761879,29.2348503822283,45.8170776367188,40.1785116195679,45.2886207580566,0,0,0,0,24.3855434099833,26.5863117490496,34.4140338182449,29.3824615089261,48.4346961975098,0,0,0,0,43.0144424438477,0,0,23.1336688995361,27.7820790506178,0,0,0,0,31.3756493185506,34.4673912707103,0,0,0,0,36.2152394381436,0,33.7645554175744,40.1115228519883,15.0835002931272,40.021842956543,29.947564585252,21.7358077145242,23.8311668533877
0,0,0,8.19502409299215,0,5.18244830353,0,0,0,13.389178276062,0,4.00620534249907,0,0,0,0,0,0,0,0,0,0,0,0,0,0,0,0,0,0,0,0,0,0,0,4.7779004070241,0,5.5978225532331,0,0,0,32.1336669921875,0,0,0,11.1155959335533,0,0,0,19.6969661712646,0,6.51989444248549,0,0,0,0,0,6.9213439699518,0,0,0,24.4021072387695,5.25606972594554,0,0,0,0,0,0,0,0,0,0,0,0,0,0,0,6.62750174782493,0,0,0,11.2193276551833,0,9.04180687182658,0,0
0,0,5.35181513699618,0,7.78900390863419,0,3.14864206314087,0,15.6796624925401,0,3.93077310480813,0,0,0,0,0,0,0,0,0,0,0,0,0,0,0,0,0,0,0,0,0,0,0,0,0,4.64910937190056,0,3.58582268973528,0,36.7044944763184,0,28.5868768692017,0,0,0,21.132394472758,0,26.5038585662842,0,0,0,3.36247424645857,0,0,0,4.54309359041464,0,10.3119843800863,0,9.64305210113525,0,0,6.61875980123709,0,0,0,0,0,0,0,0,0,7.82145677747685,0,0,0,0,0,5.7893888544529,0,8.03356978914759,5.60564042622926,0,6.43501763934389,0,0
0,0,0,0,0,0,0,0,0,0,0,0,0,0,0,0,19.8584620157878,6.96423120207749,0,0,0,0,4.43241911296603,7.97093194347244,0,6.59600991249085,0,3.50565805731778,0,0,0,0,0,0,0,0,0,5.37785470378858,4.76318450535045,0,0,0,0,0,0,0,0,0,0,7.52952843548292,0,0,0,0,0,0,0,0,0,0,0,0,0,0,4.37488290638982,0,6.73436001796348,0,6.10616798911776,0,4.24082917674606,0,0,0,0,0,0,0,0,0,3.27407791250843,0,3.74297064078482,8.86458035877773,0,0,0
0,0,0,0,0,0,0,0,0,0,0,0,0,0,0,0,7.58787232767753,16.6621073642409,0,0,0,4.43241911296603,0,0,6.21324226080653,0,5.49459350033171,0,0,0,0,0,0,0,0,0,0,15.4077382087708,6.1289777723591,0,0,0,52.2109565734863,0,0,0,0,0,6.38098482750169,0,0,0,0,0,0,0,0,0,0,0,0,0,0,0,4.89899129668872,4.45022228290911,0,3.65110687205666,0,5.50408902860457,0,2.997578561306,67.7796325683594,0,0,0,0,0,0,0,0,5.72938827604367,4.25835635084094,3.96394794180214,0,0,0
0,0,0,34.294358253479,0,34.3218574523926,0,0,0,6.36259875297546,0,0,0,0,0,0,22.4034042358398,5.60339864524635,12.9505091042354,0,0,7.97093194347244,0,0,0,3.37006676799119,20.4120788574219,0,0,0,0,0,0,18.2416181564331,0,0,0,5.69544400345195,0,36.7720184326172,0,27.998598217142,0,80.7552261352539,0,43.3890476226807,0,15.593620300293,0,13.6903062839257,0,0,0,0,0,4.33366395205986,0,28.4383296966553,0,0,0,0,0,0,18.7686729562049,0,4.0545694342715,0,3.14035450012234,0,0,0,30.8488976405217,43.7500381469727,0,0,21.1554946899414,0,0,0,7.29176267292379,0,16.2813379639073,0,28.2291402879514,22.514351606369,0
0,0,0,0,0,0,0,0,3.98634981567209,0,0,0,0,0,0,0,10.8616413612558,18.2737506953153,18.1248162342952,0,0,0,6.21324226080653,0,0,0,3.16178754806519,0,0,0,0,0,0,0,0,0,0,0,4.74835490989685,0,36.0938339233398,38.418987420889,23.1567470660576,0,0,45.9311752319336,32.0106353759766,0,4.32382311344147,0,0,0,0,0,4.67431554613234,0,26.1527220408122,0,0,0,8.42979621887207,0,0,0,0,10.2035707701807,0,4.05806403091731,0,3.30333328854506,0,0,0,26.4000752188943,0,0,0,19.1574994325638,0,0,0,7.92921580106784,14.6539524694284,0,11.1353769081155,34.0657844543457,0
0,0,0,0,0,0,0,0,0,3.06107974052429,0,0,0,0,0,0,10.3420925140381,4.1443980229312,0,0,0,6.59600991249085,0,3.37006676799119,0,0,25.0789089202881,0,0,0,0,0,0,0,0,0,0,0,0,0,0,0,0,0,0,0,0,0,0,0,0,0,0,0,0,3.38755300309923,0,0,0,0,0,0,0,0,3.98799610137939,0,4.32573862128205,0,2.9188724972985,0,0,0,0,0,0,0,0,0,0,0,0,0,4.00334525108337,10.7764139175415,0,0,0
0,0,0,0,0,0,0,0,2.79680794477463,0,0,0,0,0,2.95309376716614,0,6.2589387055345,19.5278951544915,0,0,0,0,5.49459350033171,20.4120788574219,3.16178754806519,25.0789089202881,0,0,3.94001750151316,0,0,0,0,0,0,0,0,0,0,0,0,0,0,0,0,0,0,0,0,0,0,0,0,0,0,0,0,0,0,0,0,0,0,0,0,12.2171480178833,31.1839447021484,3.43570144971212,23.8320446014404,3.58120089132809,0,6.10512709617615,0,0,0,0,0,0,0,0,0,0,8.16470260489477,13.1930189885591,0,0,0
0,0,0,0,0,0,0,0,0,0,0,0,0,3.45054027438164,0,0,0,0,0,0,0,3.50565805731778,0,0,0,0,0,0,0,3.05691795993496,0,0,0,0,0,0,0,3.04033929681125,0,0,0,0,0,0,0,0,0,0,0,0,0,0,0,0,0,0,0,0,0,3.43146955966949,0,0,0,0,3.92756415318166,0,0,0,0,0,3.50823443934603,0,3.52851088841756,0,0,0,0,0,0,0,3.59116929685566,0,3.39924486701408,3.48726896444956,0,0,0
0,0,0,0,0,0,0,0,0,0,2.89179920518635,0,4.22518575191498,0,0,0,3.0542083978653,0,0,0,0,0,0,0,0,0,3.94001750151316,0,0,0,3.32236170700423,0,0,0,0,0,0,0,0,0,0,0,0,0,0,0,0,0,0,0,0,0,0,0,0,0,3.0256010055542,0,0,0,0,0,0,0,0,4.26784090995789,0,0,0,2.75266814231873,0,3.86453986072115,0,3.27696877176111,0,0,0,0,0,0,0,3.75199045169921,3.55439406525005,3.29271988706681,0,0,0
0,0,0,0,0,0,0,0,0,0,0,3.52946829795837,0,3.15563650564714,0,0,0,0,0,0,0,0,0,0,0,0,0,3.05691795993496,0,0,0,0,0,0,0,0,0,3.46051764043962,0,0,0,0,0,0,0,0,0,0,0,0,0,0,0,0,0,0,0,2.9316464732675,0,3.1008819937706,0,0,0,0,0,0,0,0,0,0,3.39802398776491,0,2.89667129055146,0,0,0,0,0,0,0,4.08470044583082,0,0,0,0,0,0
0,0,0,0,0,0,0,0,0,0,0,0,0,0,0,0,0,0,0,0,0,0,0,0,0,0,0,0,3.32236170700423,0,0,0,0,0,0,0,0,0,3.57864767767505,0,0,0,0,0,0,0,0,0,0,0,0,0,0,0,0,0,0,0,0,0,0,0,0,0,0,0,0,0,0,0,0,3.45725392006539,0,3.22987739741802,0,0,0,0,0,0,0,4.01434686427214,2.94979354213266,3.04123980800311,0,0,0
0,0,0,0,0,0,0,0,0,0,0,0,0,0,0,0,0,0,0,0,0,0,0,0,0,0,0,0,0,0,0,0,5.07151364261781,3.30701394379139,8.51531393631645,10.986021985993,4.66666275262833,0,0,0,0,0,0,0,0,0,0,4.31359176057758,8.50174808502197,0,0,0,0,0,0,0,0,0,0,0,0,0,0,0,0,0,0,0,0,0,0,0,0,0,6.08690662070435,8.47255649733962,4.84914394525381,10.9211072921753,8.50609017249238,16.3053126413314,0,0,3.38373418152332,0,22.494836807251,0,0
0,0,0,0,0,0,0,0,0,0,0,0,0,0,0,0,0,0,0,0,0,0,0,0,0,0,0,0,0,0,0,5.07151364261781,0,3.62831590050145,5.5144513778805,2.94420211655753,3.19724436104298,0,0,0,0,0,0,0,0,0,0,5.81682567193475,6.63293838500977,0,0,0,0,0,0,0,0,0,0,0,0,0,0,0,0,0,0,0,0,0,0,0,0,0,6.39913985133171,4.0054366573574,3.41533203125,9.53289613636529,0,14.0444927873681,0,0,3.24301625887553,0,0,0,0
0,0,0,0,0,0,0,0,0,0,0,0,0,0,0,0,0,0,0,0,0,0,0,18.2416181564331,0,0,0,0,0,0,0,3.30701394379139,3.62831590050145,0,3.50394602178332,3.48962410881713,0,7.83966725939986,0,0,0,19.8415946960449,0,0,0,0,0,5.13029760041836,12.9481427510579,6.30569355054335,0,0,0,0,0,19.7582437727186,0,0,0,0,0,0,0,0,0,0,22.2861185073853,0,0,0,0,0,0,0,4.02370119094849,0,4.87209588292753,8.64054523053623,4.29310933521816,0,5.5190688378831,0,3.62325838751763,0,14.4728316201104,0,0
0,0,0,0,0,0,0,0,19.7478141784668,0,0,0,0,0,0,0,0,0,0,0,0,0,0,0,0,0,0,0,0,0,0,8.51531393631645,5.5144513778805,3.50394602178332,0,0,3.51902206351117,0,6.91419369026467,0,0,0,0,0,0,0,0,4.74711935397371,13.1969750348259,15.8826452255249,0,0,0,0,21.5029525756836,0,0,0,0,0,0,0,0,0,0,0,0,0,0,0,0,0,0,0,8.01156234741211,9.68222363040132,3.67253263824062,4.05124898699624,0,4.21544329403082,0,7.14379509850017,3.1043223581816,4.23304799199104,13.3924069404602,0,0
0,0,0,15.9882001296894,0,15.2123193237517,0,4.20162200927734,0,22.1724235780777,0,4.1416864836235,0,0,0,0,0,0,0,4.7779004070241,0,0,0,0,0,0,0,0,0,0,0,10.986021985993,2.94420211655753,3.48962410881713,0,0,3.92458212707932,3.56427653630575,0,0,6.16859787966298,0,0,0,0,13.042326136532,0,6.06006370926951,8.60790715614955,8.62033987045288,0,17.5387311327285,0,0,0,18.3861473628453,0,5.97041714511892,0,17.0404983096653,0,17.7851048222295,6.08687898363823,0,0,0,0,0,0,0,0,0,0,0,14.3678231978295,0,4.40829399506823,0,4.54323476338413,4.32810333131968,5.1113721980262,0,4.70567734416945,3.04209987322489,8.90921193809919,0,0
26.2946739196777,0,19.0531234096836,0,19.3190919331142,0,0,0,26.746337890625,0,4.50713502270419,0,0,0,0,0,0,0,0,0,4.64910937190056,0,0,0,0,0,0,0,0,0,0,4.66666275262833,3.19724436104298,0,3.51902206351117,3.92458212707932,0,0,3.93593622592912,0,3.91687337719664,0,0,0,0,0,10.1024982351245,4.00862848758698,3.36605954170227,0,0,0,0,0,0,0,13.1649160352536,0,21.3283964670621,0,21.1519076869173,0,0,8.02205919684851,0,0,0,0,0,0,0,0,0,0,0,3.14768955258072,0,4.61962429376749,4.45929030628947,4.18293792770241,0,4.25421768942418,3.8177282470952,3.97533777143274,6.35944944598615,0,0
0,17.4665843367577,0,29.4306335449219,0,0,0,0,0,5.23299209543523,0,3.96599431677814,0,0,0,0,0,0,33.1750144958496,5.5978225532331,0,5.37785470378858,15.4077382087708,5.69544400345195,0,0,0,3.04033929681125,0,3.46051764043962,0,0,0,7.83966725939986,0,3.56427653630575,0,0,3.06553253474509,0,0,12.0860614180565,0,46.4497032165527,0,28.3301086425781,0,6.07891270861448,0,5.36004000704177,0,0,0,0,0,7.29446355758175,0,4.41441297919011,0,0,0,0,6.80906470962193,0,14.2382186388855,0,6.36467429389799,0,0,0,3.39033737863813,0,3.06199714407191,0,0,0,11.7105003228752,12.0368772506714,5.68544097156794,0,4.3272526973447,5.15353233981551,3.94958959897708,3.5235431989034,7.3367476928032,0,0
24.3145313262939,0,31.5940628051758,0,0,0,0,0,4.43605470292794,0,3.96017286956845,0,0,0,0,0,0,0,0,0,3.58582268973528,4.76318450535045,6.1289777723591,0,4.74835490989685,0,0,0,0,0,3.57864767767505,0,0,0,6.91419369026467,0,3.93593622592912,3.06553253474509,0,0,0,0,3.3083484172821,0,0,0,0,5.8462591654306,6.01173908319745,0,0,0,0,0,4.22828938744285,0,4.53839918904539,0,0,0,32.5019054412842,0,0,0,0,9.66225566033651,0,6.49652689573716,0,0,0,0,0,3.70514094645351,0,45.0796852111816,0,9.72040793703015,0,3.98428466392286,3.57035473932573,4.32602196891382,3.57950554655764,3.46488619971479,4.96629992102789,0,0
0,60.140175819397,0,30.9954167604446,0,0,0,0,58.6614513397217,0,0,0,0,0,0,0,57.7048263549805,43.0469902038574,33.0165616362339,0,0,0,0,36.7720184326172,0,0,0,0,0,0,0,0,0,0,0,0,0,0,0,0,10.200058221817,20.6804918997698,67.920125579834,21.727876569018,48.0283991495768,7.85629112988232,24.5995864868164,8.2912344267202,10.9666113058726,7.11538636847718,0,71.754035949707,0,0,58.1366735185896,0,0,49.0119037628174,0,0,0,0,0,0,0,0,0,0,0,0,0,0,50.7975181911303,65.5605392456055,0,0,0,0,4.37222689354491,0,4.06694927422897,0,32.8753276917993,0,18.1568309079856,38.5796713601975,0
0,0,30.6948471069336,0,0,0,0,0,30.1723831176758,0,0,0,0,0,0,0,41.3789326349894,0,35.0063670527059,0,36.7044944763184,0,0,0,36.0938339233398,0,0,0,0,0,0,0,0,0,0,6.16859787966298,3.91687337719664,0,0,10.200058221817,0,55.6091747283936,26.0087237993159,0,32.1780788834031,62.7737483978271,29.83360127745,4.99234147078361,5.65232273448029,0,0,0,0,0,0,0,34.5052507573908,83.9815902709961,27.7187223434448,0,69.0029296875,0,0,29.6456985473633,0,0,0,0,0,0,0,0,70.2892990112305,45.9765253628001,19.1997747421265,0,0,29.2811412811279,11.9236656294929,3.91697612561678,0,12.3865778262799,31.4055259389392,0,14.0609779746986,0,17.35610815684
0,28.7416326768639,71.3584899902344,29.1505969730389,0,36.1954080986254,0,0,46.1783003030821,28.871130797863,0,0,0,0,0,0,42.5891997659807,33.0937932642495,27.0297159821839,32.1336669921875,0,0,0,27.998598217142,38.418987420889,0,0,0,0,0,0,0,0,19.8415946960449,0,0,0,12.0860614180565,0,20.6804918997698,55.6091747283936,0,31.2329227075797,22.3266003813725,43.2875242710113,23.3033793527343,50.8919706821442,20.6690602408515,58.8617655436198,21.2170530374521,0,33.7324649810791,0,0,42.6943269195557,35.4213227967958,62.0821426391602,21.2316295412871,0,35.5149264865451,0,30.9309280940465,35.6395682144165,79.452766418457,0,0,0,40.6959456410901,0,0,0,0,23.7569793759166,61.7184238073961,0,0,0,0,32.9381525802612,0,26.9600527503274,70.7831405639648,23.1582655562883,42.7703780219668,22.200819712489,21.5798029997023,42.0007844652448
37.6762355859729,49.5276031494141,31.363217068598,31.61474609375,39.6791989462716,0,0,0,24.6597524270322,43.0966472625732,0,0,0,0,0,0,31.3961502383515,39.7725542916192,28.6376338307957,0,28.5868768692017,0,52.2109565734863,0,23.1567470660576,0,0,0,0,0,0,0,0,0,0,0,0,0,3.3083484172821,67.920125579834,26.0087237993159,31.2329227075797,0,31.1954437143662,14.7120617283177,54.4657588799795,20.893661663358,17.6089288440682,29.366039059092,49.15771484375,0,0,0,0,28.5025710455979,0,26.1743863225568,0,34.9139538123959,0,43.2095384597778,0,0,38.6594816970825,0,0,0,25.8793195088704,0,0,0,20.7077009677887,60.0762157440186,29.5876817357576,0,0,0,20.9813938140869,0,45.6021003723145,70.5326309204102,44.6384402841761,22.2167380757006,45.439403590034,23.6738063117509,46.563497543335,19.7995115261899
0,25.9047472476959,0,25.9614455611617,0,53.4833717346191,0,0,41.1405442555745,29.1110124588013,0,0,0,0,0,0,50.6719341278076,35.1067705154419,14.6025631961723,0,0,0,0,80.7552261352539,0,0,0,0,0,0,0,0,0,0,0,0,0,46.4497032165527,0,21.727876569018,0,22.3266003813725,31.1954437143662,0,15.1757123470306,18.4745145337231,37.4033597310384,46.9371337890625,0,25.6431772232056,0,0,0,0,37.7069778442383,28.3277912139893,0,31.9665284837995,0,0,0,27.2222003936768,0,0,0,0,0,0,0,0,0,0,35.0211178509157,0,0,0,0,0,23.6752163569132,0,0,0,15.0778451655646,0,26.0947285614249,24.6197506820454,0
0,0,39.5388387044271,0,0,0,0,0,26.8437623977661,0,0,0,0,0,0,0,25.570063999721,40.5754766464233,18.8494932363322,0,0,0,0,0,0,0,0,0,0,0,0,0,0,0,0,0,0,0,0,48.0283991495768,32.1780788834031,43.2875242710113,14.7120617283177,15.1757123470306,0,37.93076171875,20.6709953218181,0,46.712646484375,0,0,0,0,0,28.2175153096517,0,28.3670475006104,55.4295082092285,38.3171119689941,0,0,0,0,31.8628997802734,0,0,0,0,0,0,0,0,44.5564451217651,34.9183027744293,0,0,0,0,0,0,0,30.0179735819499,12.0614861093495,0,23.1575366396989,52.7089996337891,22.317315419515
0,27.3168367039074,36.3944301605225,18.9847620201938,0,20.8606820717836,0,0,51.1241427103678,23.1277060111364,0,0,0,0,0,0,51.7761900160048,39.839276013309,28.3779781761879,11.1155959335533,0,0,0,43.3890476226807,45.9311752319336,0,0,0,0,0,0,0,0,0,0,13.042326136532,0,28.3301086425781,0,7.85629112988232,62.7737483978271,23.3033793527343,54.4657588799795,18.4745145337231,37.93076171875,0,26.0557625283499,49.3140630722046,0,19.9326471985812,0,20.7215574012612,0,0,57.4219779968262,22.7555237176283,44.1667026720549,21.8957423089256,0,18.9004150935582,0,20.6189467665078,8.5028572600606,86.3987236022949,0,0,0,51.7214938572475,0,0,0,0,31.5491442891349,65.2225947909885,0,0,0,0,7.5271684719108,0,31.1765318976508,78.0938835144043,26.1292519744002,39.9283044521625,17.0122408154066,37.5862848947215,56.514170328776
81.403636932373,31.7299009958903,23.162981076674,31.7696924209595,26.6662690298898,34.4472045898438,0,0,35.6426060065795,37.3737201690674,0,0,0,0,0,0,38.8767322468308,48.5381570113333,29.2348503822283,0,21.132394472758,0,0,0,32.0106353759766,0,0,0,0,0,0,0,0,0,0,0,10.1024982351245,0,0,24.5995864868164,29.83360127745,50.8919706821442,20.893661663358,37.4033597310384,20.6709953218181,26.0557625283499,0,45.7479686737061,20.5045556918434,30.9386611235769,28.1633377075195,0,0,0,54.3957595825195,48.845573425293,20.8495084535968,46.2322273254395,22.0941628047398,33.6100730895996,25.2977340221405,37.8836463928223,0,10.2887866192793,0,0,0,50.8868019104004,0,0,0,28.3354142506917,50.1671492258708,31.9509891828644,0,0,0,0,0,4.03433096303349,0,32.6335903139257,27.0080240658631,35.0873936739835,18.7134560991314,56.8651268698952,39.3067797071794
27.7686623164586,26.3406713695849,40.1194048794833,40.7280727733265,0,0,0,0,40.8737881978353,37.5442671298981,0,0,0,0,0,0,0,0,45.8170776367188,0,0,0,0,15.593620300293,0,0,0,0,0,0,0,4.31359176057758,5.81682567193475,5.13029760041836,4.74711935397371,6.06006370926951,4.00862848758698,6.07891270861448,5.8462591654306,8.2912344267202,4.99234147078361,20.6690602408515,17.6089288440682,46.9371337890625,0,49.3140630722046,45.7479686737061,0,6.49869479403878,8.06128473266097,0,0,0,0,0,36.2620451790946,34.9573976993561,39.7211227416992,33.1059989929199,42.8808403015137,37.3729522228241,0,0,0,0,0,16.9327211380005,19.3586101531982,0,0,0,22.4805212020874,67.5559692382812,0,6.05266659928166,9.23764192019404,5.6934078084173,5.98417197320288,6.20402435274477,8.77674592129571,9.20137377173837,7.84491222702509,8.23377599381973,59.1624603271484,11.3464604106041,0,0
18.2699944347912,54.769198735555,20.2414991902833,0,8.98155244191488,0,0,0,8.11251756035048,0,0,0,0,0,10.8890310111253,0,0,0,40.1785116195679,0,26.5038585662842,0,6.38098482750169,0,4.32382311344147,0,0,0,0,0,0,8.50174808502197,6.63293838500977,12.9481427510579,13.1969750348259,8.60790715614955,3.36605954170227,0,6.01173908319745,10.9666113058726,5.65232273448029,58.8617655436198,29.366039059092,0,46.712646484375,0,20.5045556918434,6.49869479403878,0,5.85416821694106,0,0,0,0,14.7201565607435,0,14.7526151995249,0,12.604268650734,0,17.2014864286987,0,0,32.2306823730469,0,6.73291052937124,0,6.29231735538034,0,6.15807359100234,0,8.85937323872472,0,14.6802615840156,17.5070125238219,5.30506486478059,18.9528491973877,15.6379982906839,10.963791583297,5.87788460746227,0,5.9955466355363,19.8404444381797,34.5425367355347,13.7050142974047,0,0
0,14.1270933364147,0,9.9517606102401,0,19.6039554339189,0,0,50.8182601928711,21.7640074084264,0,0,0,0,0,0,41.6807963053385,0,45.2886207580566,19.6969661712646,0,7.52952843548292,0,13.6903062839257,0,0,0,0,0,0,0,0,0,6.30569355054335,15.8826452255249,8.62033987045288,0,5.36004000704177,0,7.11538636847718,0,21.2170530374521,49.15771484375,25.6431772232056,0,19.9326471985812,30.9386611235769,8.06128473266097,5.85416821694106,0,0,19.0447788238525,0,0,41.2992248535156,21.8999131151608,0,10.5901223760663,0,5.78885984420776,0,4.37012036641439,17.9955110549927,0,6.27709514220556,0,7.47648741276328,36.6043281555176,0,0,0,0,27.0275946066413,71.6817016601562,2.95083165168762,11.9749240875244,20.6450828313828,18.2993821461995,7.16158358282165,12.3453000386556,5.37913632539024,20.6992809589093,23.9452892602795,0,14.501379818765,0,0
0,0,5.37467551231384,0,3.51221133653934,0,3.94937601089478,0,0,0,0,0,0,0,0,0,0,0,0,0,0,0,0,0,0,0,0,0,0,0,0,0,0,0,0,0,0,0,0,0,0,0,0,0,0,0,28.1633377075195,0,0,0,0,0,5.68109955032952,0,2.85330493109567,0,3.7358067376273,0,3.62514776063253,0,3.45649863619661,0,0,12.7635931015015,0,0,0,0,0,0,0,0,0,0,0,0,0,0,0,0,0,0,0,0,18.1322686672211,0,0
0,0,0,7.31483851495336,0,4.1380013912843,0,4.10380714587425,0,2.7412576675415,0,0,0,5.31765998734368,0,0,0,0,0,6.51989444248549,0,0,0,0,0,0,0,0,0,0,0,0,0,0,0,17.5387311327285,0,0,0,71.754035949707,0,33.7324649810791,0,0,0,20.7215574012612,0,0,0,19.0447788238525,0,0,0,3.9150372472797,0,0,0,3.23332094755329,0,4.91202997664611,0,2.84977811574936,11.4091079580611,0,0,0,0,0,0,0,0,0,33.8482418060303,0,0,0,0,0,19.8021629714966,0,38.259593963623,0,11.5339443003706,0,12.3650410015409,0,0
0,0,0,0,6.09610652923584,0,3.75032291006535,0,0,0,0,0,0,0,0,0,0,0,0,0,3.36247424645857,0,0,0,0,0,0,0,0,0,0,0,0,0,0,0,0,0,0,0,0,0,0,0,0,0,0,0,0,0,5.68109955032952,0,0,0,0,0,4.39780795354785,0,4.39868029244512,0,0,0,0,0,0,0,0,0,0,0,0,0,0,0,0,0,0,0,0,0,0,0,3.78983881473541,0,0,0,0
0,0,0,0,0,3.60689941048622,0,3.30364926728831,0,0,0,4.52753651804394,0,3.36888610521952,0,0,0,0,0,0,0,0,0,0,0,0,0,0,0,0,0,0,0,0,0,0,0,0,0,0,0,0,0,0,0,0,0,0,0,0,0,3.9150372472797,0,0,0,0,0,5.41732489796559,0,5.78505495980255,0,0,0,0,0,0,0,0,0,0,0,0,0,0,0,0,0,0,0,0,0,0,4.00879448147143,0,0,0,0
7.01509784097257,0,13.9669163227081,0,3.04627273928735,0,0,0,5.68096512564098,0,0,0,0,0,10.9177691025463,0,6.03675507491743,20.2600345015526,24.3855434099833,0,0,0,0,0,4.67431554613234,0,0,0,0,0,0,0,0,0,21.5029525756836,0,0,0,4.22828938744285,58.1366735185896,0,42.6943269195557,28.5025710455979,37.7069778442383,28.2175153096517,57.4219779968262,54.3957595825195,0,14.7201565607435,41.2992248535156,2.85330493109567,0,0,0,0,0,23.2900424957275,0,15.0563113348825,0,9.64454940222043,0,0,23.8541588783264,0,0,0,4.82329832872253,0,5.63923692703247,0,28.9222564697266,45.0221357345581,25.8250701210716,0,0,0,23.0792070388794,0,0,0,4.89899389053646,25.8776461974434,0,34.1132844017773,39.0213691166469,34.2156791687012
0,10.4926775912849,0,9.15884460752661,0,8.43669283390045,0,0,0,5.8847423980644,0,0,0,0,0,5.41994780824895,0,4.96184924784923,26.5863117490496,0,0,0,0,4.33366395205986,0,3.38755300309923,0,0,0,0,0,0,0,19.7582437727186,0,18.3861473628453,0,7.29446355758175,0,0,0,35.4213227967958,0,28.3277912139893,0,22.7555237176283,48.845573425293,36.2620451790946,0,21.8999131151608,0,0,0,0,0,0,0,30.6337375640869,0,0,0,8.68555114091,18.9051985740662,0,0,0,3.73580759261995,0,5.13695597648621,0,0,0,33.8704885906643,0,0,0,22.1602931413494,0,23.0762958526611,0,7.35168468272601,0,21.7509374916553,3.76641488075256,20.0534704984487,0,0
18.4491262435913,0,18.0875521339737,45.7003898620605,4.99382731980748,0,4.76900152621731,0,21.2629461077462,0,4.5901591634868,0,4.07099368261254,0,5.75533803304036,0,40.5724721908569,43.7110036214193,34.4140338182449,0,4.54309359041464,0,0,0,26.1527220408122,0,0,0,3.0256010055542,0,0,0,0,0,0,0,13.1649160352536,0,4.53839918904539,0,34.5052507573908,62.0821426391602,26.1743863225568,0,28.3670475006104,44.1667026720549,20.8495084535968,34.9573976993561,14.7526151995249,0,3.7358067376273,0,4.39780795354785,0,23.2900424957275,0,0,0,4.44504145442784,0,5.45756979686458,0,0,11.2356200004013,0,0,0,29.6330483754476,0,0,0,4.83796258182604,0,10.8790139679171,0,0,0,0,0,20.4159108538768,0,16.3731045289473,17.0611239016851,7.40660486699923,14.0020946792526,61.7082614898682,46.9150463104248
0,12.1386779497067,0,16.1736500425404,0,17.6410437160068,0,4.55464813851903,0,22.7978978951772,0,4.24613398720719,0,4.24546839913418,0,0,44.1680595397949,28.3600654602051,29.3824615089261,6.9213439699518,0,0,0,28.4383296966553,0,0,0,0,0,2.9316464732675,0,0,0,0,0,5.97041714511892,0,4.41441297919011,0,49.0119037628174,83.9815902709961,21.2316295412871,0,31.9665284837995,55.4295082092285,21.8957423089256,46.2322273254395,39.7211227416992,0,10.5901223760663,0,3.23332094755329,0,5.41732489796559,0,30.6337375640869,0,0,0,5.60175960786061,0,5.4229812335968,10.738607016185,0,0,0,0,0,0,0,0,0,4.93671463052792,0,0,0,0,0,19.3354035846436,0,7.55466109308703,0,18.4284475196912,41.3845329284668,8.37925298598649,42.7216377258301,0
14.0742689165576,0,8.57365420071975,0,3.14739099295452,0,5.62181223902786,0,15.0326203296059,0,5.15636724233627,0,3.99930376536918,0,4.06492646535238,0,0,0,48.4346961975098,0,10.3119843800863,0,0,0,0,0,0,0,0,0,0,0,0,0,0,0,21.3283964670621,0,0,0,27.7187223434448,0,34.9139538123959,0,38.3171119689941,0,22.0941628047398,33.1059989929199,12.604268650734,0,3.62514776063253,0,4.39868029244512,0,15.0563113348825,0,4.44504145442784,0,0,0,3.96200976317579,0,0,11.8823278649838,0,0,0,0,0,3.47464497884115,0,4.80493444697301,0,22.5990026502898,0,0,0,0,0,23.7775710966529,0,34.9800224304199,19.5997248398509,2.9490389184254,17.7170380958924,0,0
0,0,0,5.55314680337906,0,7.98799562454224,0,6.07501744937438,0,0,0,4.54727937172726,0,4.4772919763624,0,0,0,0,0,0,0,0,0,0,0,0,0,3.43146955966949,0,3.1008819937706,0,0,0,0,0,17.0404983096653,0,0,0,0,0,35.5149264865451,0,0,0,18.9004150935582,33.6100730895996,42.8808403015137,0,5.78885984420776,0,4.91202997664611,0,5.78505495980255,0,0,0,5.60175960786061,0,0,0,2.74814963340759,15.3422749146171,0,0,0,0,0,0,0,3.4729937058908,0,33.1223907470703,0,0,0,0,0,19.6435007132017,0,0,0,8.70661428332329,4.33232321410344,14.4764497009191,0,0
10.702989867057,0,5.72796765327454,0,4.52541918130148,0,0,0,9.00155531837884,0,0,0,6.45791842226397,0,4.5615865172823,0,13.482213973999,0,0,0,9.64305210113525,0,0,0,8.42979621887207,0,0,0,0,0,0,0,0,0,0,0,21.1519076869173,0,32.5019054412842,0,69.0029296875,0,43.2095384597778,0,0,0,25.2977340221405,37.3729522228241,17.2014864286987,0,3.45649863619661,0,0,0,9.64454940222043,0,5.45756979686458,0,3.96200976317579,0,0,0,0,13.0007206175062,0,0,0,6.44047864420073,0,4.11727994046313,0,18.1064705848694,0,24.0438915729523,0,0,0,0,0,23.8015993903665,0,0,25.6753436677596,31.7977828979492,23.0638782258304,0,0
0,6.35890777989438,0,4.63884879924633,0,0,0,0,0,7.21151519225816,0,0,0,3.03195645732264,0,3.14714365035483,0,6.75429342079722,0,24.4021072387695,0,0,0,0,0,0,0,0,0,0,0,0,0,0,0,17.7851048222295,0,0,0,0,0,30.9309280940465,0,27.2222003936768,0,20.6189467665078,37.8836463928223,0,0,4.37012036641439,0,2.84977811574936,0,0,0,8.68555114091,0,5.4229812335968,0,2.74814963340759,0,0,20.4102037603205,0,0,0,4.74220443765322,0,4.44329730833278,0,0,0,34.0158104366726,0,0,0,0,0,22.5202096472395,0,0,0,15.6835565873242,3.94846711158752,19.6955762795642,0,0
0,0,0,16.4846116821721,0,6.44638905402039,0,4.96065258979797,0,17.9087665557861,0,4.40232202789294,0,0,0,0,0,0,0,5.25606972594554,0,0,0,0,0,0,0,0,0,0,0,0,0,0,0,6.08687898363823,0,6.80906470962193,0,0,0,35.6395682144165,0,0,0,8.5028572600606,0,0,0,17.9955110549927,0,11.4091079580611,0,0,0,18.9051985740662,0,10.738607016185,0,15.3422749146171,0,20.4102037603205,0,0,0,0,0,0,0,0,0,0,19.4762659481927,0,0,0,0,0,6.36711701251244,0,9.39874500386855,0,11.844548770675,0,13.1635897094842,77.8875503540039,0
14.7312564849854,0,9.30618612582867,0,13.9126979916595,0,0,0,18.2775014947962,0,3.02081054106526,0,0,0,0,0,36.6032867431641,0,43.0144424438477,0,6.61875980123709,0,0,0,0,0,0,0,0,0,0,0,0,0,0,0,8.02205919684851,0,0,0,29.6456985473633,79.452766418457,38.6594816970825,0,31.8628997802734,86.3987236022949,10.2887866192793,0,32.2306823730469,0,12.7635931015015,0,0,0,23.8541588783264,0,11.2356200004013,0,11.8823278649838,0,13.0007206175062,0,0,0,0,0,0,0,0,0,0,23.7729501724243,0,15.3063002726442,0,0,0,0,0,8.53616961801917,0,16.0020454573805,13.4589580062295,0,12.2114057324873,0,0
0,0,0,0,0,0,0,0,0,0,0,0,0,0,0,0,38.9739685058594,9.36656681621244,0,0,0,4.37488290638982,4.89899129668872,18.7686729562049,0,3.98799610137939,0,3.92756415318166,0,0,0,0,0,0,0,0,0,14.2382186388855,0,0,0,0,0,0,0,0,0,0,0,6.27709514220556,0,0,0,0,0,0,0,0,0,0,0,0,0,0,0,0,9.38067144968045,0,6.68476009745347,0,5.56503595265005,0,0,0,0,0,0,0,0,0,4.35838416155507,0,6.27633450789885,0,0,0,0
0,0,0,0,0,0,0,0,0,0,0,0,0,0,0,0,7.0188353061676,0,0,0,0,0,4.45022228290911,0,10.2035707701807,0,12.2171480178833,0,4.26784090995789,0,0,0,0,0,0,0,0,0,9.66225566033651,0,0,0,0,0,0,0,0,0,6.73291052937124,0,0,0,0,0,0,0,0,0,0,0,0,0,0,0,0,0,0,8.85376323051653,0,8.07307778101872,0,7.18634272890983,0,0,0,0,0,0,0,0,0,5.19482721405468,3.38341008008473,3.23293692834916,0,0,0
0,3.60789219538371,0,0,0,0,0,0,0,3.10364251012926,0,0,0,0,0,0,31.3893604278564,5.13471785960374,23.1336688995361,0,0,6.73436001796348,0,4.0545694342715,0,4.32573862128205,31.1839447021484,0,0,0,0,0,0,22.2861185073853,0,0,0,6.36467429389799,0,0,0,0,0,0,0,0,0,16.9327211380005,0,7.47648741276328,0,0,0,0,0,3.73580759261995,0,0,0,0,0,4.74220443765322,0,0,9.38067144968045,0,0,0,4.03276801484776,0,0,0,0,0,0,0,21.3911326864491,0,0,0,7.07827045576079,0,2.95606243610382,0,3.94033325019003,0,0
0,42.4171180725098,34.7237176895142,57.6230983734131,0,0,0,0,5.39427857100964,0,0,0,0,0,0,0,10.4052610303841,17.3474468231201,27.7820790506178,0,0,0,3.65110687205666,0,4.05806403091731,0,3.43570144971212,0,0,0,0,0,0,0,0,0,0,0,6.49652689573716,0,0,40.6959456410901,25.8793195088704,0,0,51.7214938572475,50.8868019104004,19.3586101531982,6.29231735538034,36.6043281555176,0,0,0,0,4.82329832872253,0,29.6330483754476,0,0,0,6.44047864420073,0,0,0,0,8.85376323051653,0,0,0,4.381056879842,0,0,40.0574011369185,24.7249597549438,0,0,0,21.3666709899902,0,0,0,6.33515565650804,16.2192603911994,0,40.7781534906644,35.5597852071126,0
0,7.4702689773158,0,0,0,0,0,0,0,0,0,0,0,0,0,2.95779538154602,24.0052743911743,4.11535791216491,0,0,0,6.10616798911776,0,3.14035450012234,0,2.9188724972985,23.8320446014404,0,0,0,0,0,0,0,0,0,0,0,0,0,0,0,0,0,0,0,0,0,0,0,0,0,0,0,0,5.13695597648621,0,0,0,0,0,4.44329730833278,0,0,6.68476009745347,0,4.03276801484776,0,0,24.2321281433105,4.65615633480689,0,0,0,0,0,0,0,0,0,0,0,0,0,0,0,0
0,0,0,0,0,0,0,0,3.3565544684728,0,0,0,2.95512175559998,0,4.23836261535359,0,5.58461480990938,21.1798452195667,0,0,0,0,5.50408902860457,0,3.30333328854506,0,3.58120089132809,0,2.75266814231873,0,0,0,0,0,0,0,0,0,0,0,0,0,0,0,0,0,0,0,6.15807359100234,0,0,0,0,0,5.63923692703247,0,0,0,3.47464497884115,0,4.11727994046313,0,0,0,0,8.07307778101872,0,4.381056879842,24.2321281433105,0,0,5.38201245164671,0,0,0,0,0,0,0,0,0,0,6.70480493704478,13.4592154026031,16.5203432355608,0,0
0,0,0,0,0,0,0,0,0,0,0,0,0,4.55741126913773,0,0,0,0,0,0,0,4.24082917674606,0,0,0,0,0,3.50823443934603,0,3.39802398776491,0,0,0,0,0,0,0,3.39033737863813,0,0,0,0,0,0,0,0,0,0,0,0,0,0,0,0,0,0,0,0,0,3.4729937058908,0,0,0,0,5.56503595265005,0,0,0,4.65615633480689,0,0,0,4.78930514737179,0,0,0,0,0,0,0,3.27279376983643,0,3.42050129132913,4.0324574930478,0,0,0
0,0,26.161773954119,0,0,0,0,0,17.2156829833984,0,0,0,5.33189384072228,0,0,0,0,0,0,0,0,0,2.997578561306,0,0,0,6.10512709617615,0,3.86453986072115,0,3.45725392006539,0,0,0,0,0,0,0,0,0,0,0,20.7077009677887,0,0,0,28.3354142506917,22.4805212020874,8.85937323872472,0,0,0,0,0,28.9222564697266,0,4.83796258182604,0,4.80493444697301,0,18.1064705848694,0,0,23.7729501724243,0,7.18634272890983,0,0,0,5.38201245164671,0,0,0,17.201150894165,0,0,0,0,0,0,0,5.77440380173571,4.27848348825439,3.99527254527295,10.625547062267,0,0
0,29.2074003072885,67.3738250732422,30.123909059675,0,36.149095882069,0,0,49.5382537841797,25.956405035207,0,3.90366688641635,0,0,0,0,45.2277306065415,34.1480757849557,31.3756493185506,0,0,0,67.7796325683594,30.8488976405217,0,0,0,3.52851088841756,0,2.89667129055146,0,0,0,0,0,0,0,3.06199714407191,0,50.7975181911303,70.2892990112305,23.7569793759166,60.0762157440186,35.0211178509157,44.5564451217651,31.5491442891349,50.1671492258708,67.5559692382812,0,27.0275946066413,0,33.8482418060303,0,0,45.0221357345581,33.8704885906643,0,4.93671463052792,0,33.1223907470703,0,34.0158104366726,19.4762659481927,0,0,0,0,40.0574011369185,0,0,4.78930514737179,0,0,68.0424352373396,0,0,0,0,43.9779413011339,0,4.8302845735299,0,27.554292037779,47.0289421081543,21.0815025487899,46.4573718479701,54.9134101867676
