0,0,22.7076657613118,0,13.5590846197946,0,0,0,13.6832135333571,0,0,0,0,0,4.07423061794705,0,30.7305998802185,71.6459350585938,27.6191927293936,0,0,0,0,0,19.1648219116335,0,0,0,0,0,0,0,0,0,0,0,0,0,25.5873654105447,0,0,0,25.2840042381643,0,0,0,30.5217088631221,0,16.0402971251627,0,0,0,0,0,19.4657523498535,0,15.5285044978647,0,8.99571700890859,0,12.3672006563707,0,0,29.7130041334364,0,0,0,16.6376378163102,0,0,77.4587020874023,23.6521820569172,0,26.8350353460202,0,0,0,0,0,33.4395521321428,76.7030639648438,26.319180394267,10.9903033927083,0,17.2671682258219,0,0
0,0,0,7.8032085458073,0,0,0,0,0,5.06973324541487,0,0,0,0,0,0,0,0,12.7603662695204,0,0,0,0,13.4098098707199,0,0,0,0,0,0,0,0,0,0,0,0,0,23.3552236430616,0,39.9799799237932,0,18.4700830446163,0,7.38144826889038,0,0,0,28.8142610157237,0,18.1962452383123,0,0,0,0,0,4.41181716784625,0,5.84099555015564,0,3.08543154928419,0,0,0,0,0,0,9.27919391068545,0,0,0,11.5629158849302,0,32.585884809494,0,0,0,0,0,32.6814994812012,0,17.7093642183713,0,6.37644370794296,0,13.3717269403402,14.3319485982259,0
22.7076657613118,0,0,42.1354846954346,8.74315302446485,58.1723899841309,0,0,26.4586868286133,0,0,0,0,0,0,0,70.7803039550781,69.1137313842773,35.8522581481934,0,0,0,0,0,27.38196345738,0,0,0,0,0,0,0,0,0,0,0,0,0,30.198974609375,76.0116348266602,0,0,34.882715467617,0,24.596830143648,37.43346824646,15.9015089209753,0,9.78078980385503,0,7.69546323447,0,0,0,11.8347733937777,0,11.6429835113825,0,13.1090622984845,0,11.9008143941561,0,0,0,0,0,0,26.1698055744171,0,0,0,28.3342194923988,0,30.417743249373,0,0,0,0,77.4632186889648,66.7231254577637,87.2491683959961,36.168636057112,13.4455885194963,0,20.699705021722,0,0
0,7.8032085458073,42.1354846954346,0,0,8.61823276775639,0,0,0,31.0904430976281,0,0,0,0,0,0,0,0,40.4698931066001,0,0,0,0,33.6125088741905,0,0,0,0,0,0,0,0,0,57.2481969197591,0,21.2360248565674,0,32.4436083634694,0,48.5827835083008,0,36.3961800494347,34.5727263493324,25.3126570383708,0,20.2015880154025,32.4902587618147,52.0484358469645,46.916332244873,18.1357528393247,58.7820339202881,13.6809206008911,0,0,0,14.6951983213425,0,11.2053366406759,57.8269195556641,0,62.3031673431396,0,11.11305809021,0,0,0,27.4103717803955,59.1113510131836,0,0,34.7774992078264,0,33.5830170734819,0,0,0,0,0,74.5607299804688,0,32.204769821167,99.7288589477539,28.9597556157546,0,19.484820487291,19.6425538361073,0
13.5590846197946,0,8.74315302446485,0,0,0,3.16465792655945,0,6.23706265034214,0,0,0,0,0,3.64769052267075,0,0,0,29.631462097168,0,4.22667837142944,0,0,0,0,0,0,0,0,0,0,0,0,0,0,0,3.42895050048828,0,0,0,0,0,39.3081701432151,0,25.8561654090881,48.1195602416992,27.1512025197347,0,0,0,3.06206104082939,0,3.31711831237331,0,3.63357090950012,0,0,0,3.26035081015693,0,3.97208625620062,0,0,66.6767196655273,0,0,0,0,0,0,0,0,0,0,0,0,0,0,0,35.8286552429199,0,0,4.90711365038888,6.78775243405943,23.6604794389833,0,0
0,0,58.1723899841309,8.61823276775639,0,0,0,2.8983161015944,0,3.000621342659,0,0,0,0,0,2.76178101392893,0,0,0,16.7428283691406,0,0,0,0,0,0,0,0,0,0,0,0,0,62.0870475769043,0,21.7130699659649,0,0,0,0,0,39.2970374305293,39.0836422660134,26.5974531173706,97.3191223144531,25.0555748939514,39.41033299764,58.1434010096959,0,0,0,3.69152252639041,0,3.00361612108019,0,0,0,2.9529275894165,0,0,62.5649833679199,0,10.536190032959,0,0,0,0,0,0,0,43.4081268310547,0,0,0,0,0,0,0,0,0,0,0,14.9568897569683,3.57812727507898,20.8969200814472,44.191577911377,0
0,0,0,0,3.16465792655945,0,0,0,0,0,0,0,0,0,0,0,0,0,0,0,2.81536475817362,0,0,0,0,0,0,0,0,0,0,0,0,0,0,0,0,0,0,0,0,0,0,0,0,0,0,0,0,0,2.95979495048523,0,3.91889512680265,0,0,0,0,0,0,0,0,0,0,0,0,0,0,0,0,0,0,0,0,0,0,0,0,0,0,0,0,0,3.48796402346598,3.66296700045869,0,0,0
0,0,0,0,0,2.8983161015944,0,0,0,0,0,0,0,2.79169214688815,0,0,0,0,0,0,0,0,0,0,0,0,0,0,0,0,0,0,0,0,0,0,0,0,0,0,0,0,0,0,0,0,0,0,0,0,0,3.05458176136017,0,3.11071517799474,0,0,0,0,0,2.91850939663974,0,0,0,0,0,0,0,0,0,0,0,0,0,0,0,0,0,0,0,0,0,0,0,0,0,0,0
13.6832135333571,0,26.4586868286133,0,6.23706265034214,0,0,0,0,0,0,0,0,0,3.19791960716248,0,17.191444905599,39.0129745006561,23.520827036852,0,0,0,0,0,6.15781465397086,0,0,0,0,0,0,0,0,0,0,0,0,0,26.7510720888774,58.6455230712891,0,48.9538816972212,31.1714275515809,0,31.5979890823364,60.0272369384766,59.9654731750488,0,19.4407087152654,55.8623835245768,0,0,0,0,8.62180078639087,0,20.1679419969258,0,28.7758274078369,0,7.17764630913734,0,0,0,0,0,0,6.75826365118441,0,0,0,24.5108205290402,51.6440563201904,25.319882873843,0,0,0,0,0,51.9498138427734,61.0838713645935,30.3811602802277,5.98178881337403,3.43200060786033,20.2707757200085,73.8785629272461,0
0,5.06973324541487,0,31.0904430976281,0,3.000621342659,0,0,0,0,0,0,0,0,0,3.85116472759762,0,2.91497597911141,9.75009412729918,0,0,0,0,11.9839744739926,0,2.73331260681152,0,0,0,0,0,0,0,65.787956237793,0,0,0,19.5443126360575,0,0,0,28.3196562925975,42.212345123291,44.6904907226562,0,0,0,20.0463428497314,0,24.9069548431708,0,0,0,0,0,5.28502562157131,0,0,0,0,0,3.51401906217483,0,0,0,0,10.2050105807602,0,0,0,25.3879100254604,0,24.1990420137133,0,0,0,0,0,0,0,14.6935949857953,0,6.73555120084207,3.89908216698852,20.2995298199537,14.5189065933228,0
0,0,0,0,0,0,0,0,0,0,0,0,4.49868447505511,0,0,0,0,0,0,0,4.54510299105575,0,0,0,0,0,0,0,0,0,3.66147541999817,0,0,0,0,0,2.92810673713684,0,3.25357773812745,0,0,0,0,0,0,0,0,0,0,0,0,0,2.78253388404846,0,0,0,3.85271541204365,0,3.65086847543716,0,0,0,0,10.1612668037415,0,0,0,0,0,0,0,0,0,3.48578977584839,0,0,0,0,0,0,0,3.46638535570215,3.86025575854562,3.3047105776958,8.39507389068604,0,0
0,0,0,0,0,0,0,0,0,0,0,0,0,2.88040976813345,0,0,0,0,0,4.22472187822515,0,0,0,0,0,0,0,0,0,4.9077667221427,0,0,0,0,0,4.55452069933985,0,6.12644647748283,0,0,0,0,0,0,0,0,0,0,0,0,0,0,0,0,0,0,0,4.79307782507228,0,2.98851430056543,0,0,3.91691181480244,0,0,0,0,0,0,0,2.92624366283417,0,8.56441175937653,0,0,0,0,0,3.59064994539533,0,5.05527321497599,0,4.663984179921,0,19.5734839439392,0,0
0,0,0,0,0,0,0,0,0,0,4.49868447505511,0,0,0,2.9507440328598,0,0,0,0,0,0,0,0,0,0,0,0,0,2.91796565055847,0,0,0,0,0,0,0,0,0,0,0,0,0,0,0,0,0,0,0,0,0,0,0,0,0,0,0,6.44585391749506,0,3.1445789763802,0,3.44709838605395,0,0,0,0,0,0,0,0,0,0,3.77950024604797,0,0,0,0,0,0,0,0,0,0,2.93397964813091,2.87633056441943,0,0,0
0,0,0,0,0,0,0,2.79169214688815,0,0,0,2.88040976813345,0,0,0,3.01231558010226,0,0,0,0,0,0,0,0,0,3.04599606579748,0,2.85703161784581,0,0,0,0,0,0,0,0,0,0,0,0,0,0,0,0,0,0,0,0,0,0,0,0,0,0,0,0,0,3.02582589785258,0,3.02627653978309,0,2.93625484423691,0,0,0,0,0,0,0,0,2.91849805690624,0,0,0,0,0,0,0,0,0,0,0,3.02765195470461,3.21181694071145,0,0,0
4.07423061794705,0,0,0,3.64769052267075,0,0,0,3.19791960716248,0,0,0,2.9507440328598,0,0,0,3.92521557807922,0,36.2016658782959,0,0,0,0,0,30.4108057022095,0,0,0,0,0,0,0,0,0,0,0,0,0,0,0,0,0,39.0278654098511,0,0,0,0,0,22.7992356618245,0,4.42074348926544,0,0,0,14.422047773997,0,0,0,3.0605456829071,0,3.62080235333787,0,0,0,0,0,0,31.5564403533936,0,9.6099599202474,0,29.1653624640571,0,25.506690343221,0,0,0,0,0,0,0,25.4596347808838,12.0826112627983,2.89411652088165,27.9613122940063,0,0
0,0,0,0,0,2.76178101392893,0,0,0,3.85116472759762,0,0,0,3.01231558010226,0,0,0,2.8703345809664,0,0,0,0,0,0,0,3.44637322425842,0,3.40356507897377,0,0,0,0,0,0,0,0,0,0,0,0,0,0,0,0,0,0,0,0,0,0,0,0,0,0,0,3.91113185882568,0,0,0,2.97386100292206,0,2.8479138396003,0,0,0,0,0,0,0,0,0,0,0,0,0,0,0,0,0,0,0,0,3.12599242036113,3.53638509479729,0,0,0
30.7305998802185,0,70.7803039550781,0,0,0,0,0,17.191444905599,0,0,0,0,0,3.92521557807922,0,0,20.2640418848118,17.3031421846667,0,0,0,3.36855388570715,0,0,0,3.77564040097323,0,0,0,0,0,0,0,0,85.8164031982422,0,114.730125427246,0,73.2831476996927,0,56.4804444380209,47.4398654254515,53.3113546660452,45.8652469090053,73.5643492478591,61.6196316278469,0,30.4827686945597,73.9769686994881,0,0,0,0,35.2136001586914,0,40.8575183323451,0,60.9585647583008,0,0,0,0,68.3993240594864,0,0,0,0,0,3.238150035418,0,46.4915927648544,64.1789991590712,49.0273952847435,0,0,0,0,80.0494373155677,67.0100235849057,73.281157266526,61.5162879359779,9.64689739255906,5.1071963454787,56.7465370314462,64.4319596290588,0
71.6459350585938,0,69.1137313842773,0,0,0,0,0,39.0129745006561,2.91497597911141,0,0,0,0,0,2.8703345809664,20.2640418848118,0,20.5741257152213,0,0,3.39699533229738,0,5.10686489513942,0,3.59905514717102,0,0,0,0,0,0,0,0,0,89.6332448323568,0,90.992992401123,0,71.4092879201852,0,51.0676050739012,48.9223633624138,52.9813609455907,47.33410403603,58.6446462358747,70.4699396629856,0,0,61.0375789144765,0,0,0,0,40.0452270507812,0,66.4579582214355,0,0,0,0,0,0,75.2729022686298,3.25672307440905,0,0,0,0,0,0,69.3594179153442,58.7242314265325,66.7854632624873,0,0,0,0,81.618212223053,78.2061304276989,64.8108259347769,75.4347773274099,10.4657578626374,6.73857459300653,60.5443898081779,45.2996664047241,0
27.6191927293936,12.7603662695204,35.8522581481934,40.4698931066001,29.631462097168,0,0,0,23.520827036852,9.75009412729918,0,0,0,0,36.2016658782959,0,17.3031421846667,20.5741257152213,0,0,0,0,0,49.7886174519857,44.7492961883545,0,0,0,0,0,0,0,0,0,0,54.1882484219086,57.8401858342158,55.5882632685643,57.3661704343908,34.2580426630118,28.4151840209961,16.9562266671759,17.7105673597136,19.1848670487971,17.8266818043011,37.2202905039633,35.0421925866363,32.6433715820312,30.9268908781164,34.5734054737971,57.7196025848389,0,0,0,24.3657493917909,42.7765426635742,31.9232448051716,46.1238110860189,52.5392088456587,0,42.3444479665449,0,0,40.2623745951933,0,0,47.1104316711426,58.2614417076111,0,0,40.1758451461792,38.8663328909659,35.6701051124505,39.347629348437,0,0,0,0,40.9013588943607,39.7776675658949,39.2908425947632,40.7352370250563,14.1502130710599,32.8079532623291,29.052241119337,12.6876455658257,7.85056051753816
0,0,0,0,0,16.7428283691406,0,0,0,0,0,4.22472187822515,0,0,0,0,0,0,0,0,0,0,0,0,0,0,0,0,0,0,0,0,0,0,0,3.33493864853792,0,17.51344871521,0,0,0,0,0,0,0,6.01416850090027,0,0,0,0,0,16.3860615950364,0,0,0,0,0,8.02354726337251,0,0,0,0,3.51480037738115,0,0,0,0,0,0,0,0,0,0,0,0,0,0,0,3.60879897359592,0,2.96052944660187,0,2.86472504138947,0,6.50488688151042,0,0
0,0,0,0,4.22667837142944,0,2.81536475817362,0,0,0,4.54510299105575,0,0,0,0,0,0,0,0,0,0,0,0,0,0,0,0,0,0,0,0,0,0,0,0,0,4.08775523029064,0,8.77364131539431,0,0,0,0,0,0,0,0,0,0,0,15.0262663841248,0,0,0,0,0,5.27216861645381,0,10.7922497855292,0,0,0,0,4.75160129751153,0,0,0,0,0,0,0,0,0,8.80745448006524,0,0,0,0,0,8.69067690197598,0,13.5024740770725,3.63356290235148,4.44426798820496,3.36728307119025,0,0
0,0,0,0,0,0,0,0,0,0,0,0,0,0,0,0,0,3.39699533229738,0,0,0,0,5.00034534471918,3.05530838171641,0,2.97064694404602,0,0,0,0,0,0,0,0,0,0,0,5.36775809600465,34.2810796101888,0,0,0,0,0,0,0,0,21.6785713195801,0,0,0,0,0,0,0,0,0,0,0,0,0,0,0,0,4.96794013480772,5.90370356664062,4.15239609768188,0,3.87699843561927,0,3.08279852867126,0,0,0,0,0,0,0,0,0,8.41229373396954,37.8889005388532,4.31677917970836,4.37976278084623,0,0,0
0,0,0,0,0,0,0,0,0,0,0,0,0,0,0,0,3.36855388570715,0,0,0,0,5.00034534471918,0,0,5.84150174482545,0,3.31093096909482,0,2.85634311040243,0,0,0,0,0,0,0,0,9.10708167552948,8.74306780575944,0,0,0,0,0,0,0,0,32.4321594238281,6.10314975435084,0,0,0,0,0,0,0,0,0,0,0,0,0,0,0,7.92032459474379,4.65313079512437,0,4.38852256711792,0,3.7843800644699,0,4.1044995876459,0,0,0,0,0,0,0,0,39.1219926834106,10.037028735489,4.41833158836464,4.94505310835492,0,0,0
0,13.4098098707199,0,33.6125088741905,0,0,0,0,0,11.9839744739926,0,0,0,0,0,0,0,5.10686489513942,49.7886174519857,0,0,3.05530838171641,0,0,0,3.70421671867371,0,0,0,0,0,0,0,0,0,0,0,6.50125955349833,0,0,0,37.2050544131886,51.5571422576904,0,0,0,0,16.9135180473328,0,26.1559638410512,0,0,0,0,0,7.254178110383,0,0,0,0,0,0,0,0,3.49967188835144,0,3.8129050665374,0,2.95840960078769,0,26.7250398000081,0,21.0036277770996,0,0,0,0,0,0,0,7.71484830196087,32.5330619812012,8.67863337158857,0,22.8229481975238,0,0
19.1648219116335,0,27.38196345738,0,0,0,0,0,6.15781465397086,0,0,0,0,0,30.4108057022095,0,0,0,44.7492961883545,0,0,0,5.84150174482545,0,0,0,4.83943104060988,0,0,0,0,0,0,0,0,0,0,31.8114242553711,7.7012980534005,0,0,0,44.9326161543528,0,53.9098510742188,0,0,21.7903530597687,20.8955048878988,0,0,0,0,0,8.49729536788564,0,0,0,29.4963245391846,0,30.7024780511856,0,0,0,0,4.26786883060749,0,4.22400188970042,0,4.15152422281412,0,26.3088417053223,0,31.0848636627197,0,0,0,0,0,0,40.9764111836751,9.71898606618245,6.87199264480954,0,17.0199049313863,0,0
0,0,0,0,0,0,0,0,0,2.73331260681152,0,0,0,3.04599606579748,0,3.44637322425842,0,3.59905514717102,0,0,0,2.97064694404602,0,3.70421671867371,0,0,0,3.45271250476008,0,0,0,0,0,0,0,0,0,0,0,0,0,0,0,0,0,0,0,0,0,0,0,0,0,0,0,0,0,0,0,2.84401243925095,0,0,0,0,2.99935827255249,0,2.84700429439545,0,3.06080877184868,0,0,0,0,0,0,0,0,0,0,0,0,0,3.39269223825892,3.20242723396846,0,0,0
0,0,0,0,0,0,0,0,0,0,0,0,0,0,0,0,3.77564040097323,0,0,0,0,0,3.31093096909482,0,4.83943104060988,0,0,0,4.07020952317022,0,0,0,0,0,0,0,0,0,15.5489072799683,0,0,0,0,0,0,0,0,0,0,0,0,0,0,0,0,0,0,0,0,0,2.89744361639023,0,0,0,0,3.24273867878625,0,6.2194565709432,0,3.36707965761638,0,6.10467667877674,0,0,0,0,0,0,0,0,0,0,3.26988781016806,2.74007546901703,0,0,0
0,0,0,0,0,0,0,0,0,0,0,0,0,2.85703161784581,0,3.40356507897377,0,0,0,0,0,0,0,0,0,3.45271250476008,0,0,0,2.82311475276947,0,0,0,0,0,0,0,2.87189325865577,0,0,0,0,0,0,0,0,0,0,0,0,0,0,0,0,0,0,0,0,0,0,0,0,0,0,0,0,0,0,2.9760597370289,0,3.01622624126906,0,0,0,0,0,0,0,0,0,0,0,3.9633817798213,5.16466148276078,0,0,0
0,0,0,0,0,0,0,0,0,0,0,0,2.91796565055847,0,0,0,0,0,0,0,0,0,2.85634311040243,0,0,0,4.07020952317022,0,0,0,0,0,0,0,0,0,0,0,0,0,0,0,0,0,0,0,0,0,0,0,0,0,0,0,0,0,0,0,0,0,0,0,0,0,0,0,0,0,0,4.82185656033205,0,3.62982093294462,0,0,0,0,0,0,0,0,0,0,2.87669024013338,2.83681427107917,0,0,0
0,0,0,0,0,0,0,0,0,0,0,4.9077667221427,0,0,0,0,0,0,0,0,0,0,0,0,0,0,0,2.82311475276947,0,0,0,0,0,0,0,0,0,2.96562744009084,0,0,0,0,0,0,0,0,0,0,0,0,0,0,0,0,0,0,0,5.23814631870815,0,0,0,0,0,0,0,0,0,0,0,0,3.51077684221497,0,3.11674767308891,0,0,0,0,0,0,0,3.00057232379913,0,0,0,0,0,0
0,0,0,0,0,0,0,0,0,0,3.66147541999817,0,0,0,0,0,0,0,0,0,0,0,0,0,0,0,0,0,0,0,0,0,0,0,0,0,0,0,2.86099475622177,0,0,0,0,0,0,0,0,0,0,0,0,0,0,0,0,0,3.66082687561329,0,0,0,0,0,0,0,0,0,0,0,0,0,0,0,0,3.69060056550162,0,0,0,0,0,0,0,3.10564047949655,0,0,0,0,0
0,0,0,0,0,0,0,0,0,0,0,0,0,0,0,0,0,0,0,0,0,0,0,0,0,0,0,0,0,0,0,0,5.84253551165263,9.49398316406622,7.10875852108002,3.070487894663,2.77663091818492,0,0,0,14.2865145038914,0,0,0,0,0,0,6.37934252475224,9.36500560595439,5.40549320923655,0,0,0,0,0,0,0,0,0,0,0,0,0,0,0,0,0,0,0,0,0,0,0,0,5.1393013378469,5.27323974881853,8.69422221594843,0,3.05443810161791,17.105142665946,0,0,4.16615779600411,0,16.649621963501,0,0
0,0,0,0,0,0,0,0,0,0,0,0,0,0,0,0,0,0,0,0,0,0,0,0,0,0,0,0,0,0,0,5.84253551165263,0,11.1643857955933,3.57964899142583,3.58480024337769,3.92576906998033,0,0,0,8.70222294330597,0,0,0,0,0,0,5.16775460256253,7.43448971413277,0,0,0,0,0,0,0,0,0,0,0,0,0,0,0,0,0,0,0,0,0,0,0,0,0,9.89455413818359,3.84895356608975,0,3.96237975900823,0,5.17571616172791,0,0,3.33273671955042,0,0,0,0
0,0,0,57.2481969197591,0,62.0870475769043,0,0,0,65.787956237793,0,0,0,0,0,0,0,0,0,0,0,0,0,0,0,0,0,0,0,0,0,9.49398316406622,11.1643857955933,0,4.6122066105803,4.91946172793883,3.02874580477223,5.32298025722903,13.4430069476366,0,16.2340570177351,0,16.4213703427996,0,0,0,0,7.70104135682919,15.1731374820112,7.37496496622379,0,0,0,0,0,0,0,0,0,0,0,0,0,0,0,0,0,36.0631484985352,0,0,0,0,0,0,4.63847698484148,0,5.18965844937958,4.95846824267583,6.24266109545587,3.2170410580831,7.65587264781185,21.1346657027609,6.12382842157723,6.8253867830549,12.6047346179302,0,0
0,0,0,0,0,0,0,0,0,0,0,0,0,0,0,0,0,0,0,0,0,0,0,0,0,0,0,0,0,0,0,7.10875852108002,3.57964899142583,4.6122066105803,0,3.87404760860261,2.94931923601616,3.19741937899477,3.80843692366411,0,30.8644618988037,0,0,0,0,0,0,4.8051105947576,9.66091206062462,0,0,0,0,0,0,0,0,0,0,0,0,0,0,0,0,0,0,0,0,0,0,0,0,0,9.46037292480469,4.12905656849896,6.63408439803194,3.69379813274653,0,2.91982196807861,0,7.44544386116705,4.03038763772254,2.84157357215881,0,0,0
0,0,0,21.2360248565674,0,21.7130699659649,0,0,0,0,0,4.55452069933985,0,0,0,0,85.8164031982422,89.6332448323568,54.1882484219086,3.33493864853792,0,0,0,0,0,0,0,0,0,0,0,3.070487894663,3.58480024337769,4.91946172793883,3.87404760860261,0,4.05154513180685,8.9001146893999,6.19507009163499,59.3527553264911,14.0776254480535,45.4598504545543,18.4314856529236,61.298461327186,0,31.0269196880135,17.9785766601562,4.62431985497475,15.2882303144874,35.3104221170599,0,19.5546776652336,0,0,0,0,117.339073181152,9.0255748796463,0,0,0,0,4.62183648514581,0,0,0,0,0,0,0,0,0,89.1255340576172,0,3.38841401934624,0,7.50955389980301,0,5.21631217050356,5.13663235329036,11.4008316613368,113.336212158203,7.00317884127299,4.29948976426314,15.4379755555998,40.7045971552531,0
0,0,0,0,3.42895050048828,0,0,0,0,0,2.92810673713684,0,0,0,0,0,0,0,57.8401858342158,0,4.08775523029064,0,0,0,0,0,0,0,0,0,0,2.77663091818492,3.92576906998033,3.02874580477223,2.94931923601616,4.05154513180685,0,17.4502853575875,4.63386147316591,0,4.90180046283282,0,44.2599021524623,77.3290252685547,54.3146533966064,0,0,3.05606560958059,13.2529758453369,0,0,0,0,0,0,0,4.25894424915314,0,17.9749336242676,0,0,0,0,24.9565345248821,0,0,0,0,0,0,0,0,0,0,0,4.16407607330216,0,3.93703119985519,5.76214102624168,4.91849317092852,18.7781610488892,8.36722008284645,4.24315257126329,5.22770726826943,7.35490653453729,0,49.4693632125854
0,23.3552236430616,0,32.4436083634694,0,0,0,0,0,19.5443126360575,0,6.12644647748283,0,0,0,0,114.730125427246,90.992992401123,55.5882632685643,17.51344871521,0,5.36775809600465,9.10708167552948,6.50125955349833,31.8114242553711,0,0,2.87189325865577,0,2.96562744009084,0,0,0,5.32298025722903,3.19741937899477,8.9001146893999,17.4502853575875,0,7.36582715823628,61.8466033935547,0,24.9340345490546,51.2490196228027,49.2236404418945,0,38.2129821491241,0,7.87176337282536,25.0785427093506,21.5240422671603,0,0,0,0,46.4050178527832,14.0815874105992,0,5.18938123244865,0,0,0,24.5914182662964,7.89016753274041,0,5.55389466959868,3.87592551708221,7.16394209785947,33.855541229248,0,0,5.28422833030874,0,3.55489807327588,0,0,0,5.7902587738699,3.77815842628479,12.2212689465705,0,5.46196862228105,18.4277882800728,7.74606487942838,4.39965444454116,16.8922648148845,45.153263092041,0
25.5873654105447,0,30.198974609375,0,0,0,0,0,26.7510720888774,0,3.25357773812745,0,0,0,0,0,0,0,57.3661704343908,0,8.77364131539431,34.2810796101888,8.74306780575944,0,7.7012980534005,0,15.5489072799683,0,0,0,2.86099475622177,0,0,13.4430069476366,3.80843692366411,6.19507009163499,4.63386147316591,7.36582715823628,0,0,0,0,38.0718295608248,0,59.8332424163818,0,0,11.1334529771205,5.65225031634801,0,0,0,0,0,21.2287724255696,41.3766956329346,3.93265117131747,0,0,0,30.6661195755005,0,0,35.3917646120736,35.0874738693237,7.11687451748809,38.0065841674805,9.96367572397782,0,5.69420243740082,0,8.3206532213423,0,0,0,0,17.5949675995007,6.51171498298645,13.7449827194214,7.03334241961858,22.3333843664689,5.94472796038003,5.51387395030561,3.71957297604453,6.88521048640678,0,49.8151541815864
0,39.9799799237932,76.0116348266602,48.5827835083008,0,0,0,0,58.6455230712891,0,0,0,0,0,0,0,73.2831476996927,71.4092879201852,34.2580426630118,0,0,0,0,0,0,0,0,0,0,0,0,0,0,0,0,59.3527553264911,0,61.8466033935547,0,0,0,17.7274628755956,73.2276811599731,22.6236989120719,63.7993297576904,9.53056676205942,50.8821271260579,0,0,18.7792797413739,75.0674438476562,0,0,0,128.770584106445,37.8236751556396,0,0,0,0,0,0,21.8640281677246,86.1516265869141,0,0,0,0,0,0,58.4574584960938,87.3311411539714,76.8611026340061,99.5310440063477,0,0,0,0,9.22276296077236,110.177896118164,50.9440564327553,95.7336991628011,52.7042989279094,0,12.8064400574709,21.9848626454671,0
0,0,0,0,0,0,0,0,0,0,0,0,0,0,0,0,0,0,28.4151840209961,0,0,0,0,0,0,0,0,0,0,0,0,14.2865145038914,8.70222294330597,16.2340570177351,30.8644618988037,14.0776254480535,4.90180046283282,0,0,0,0,0,8.15944676352019,0,27.1653060913086,0,0,8.69491627607096,5.57451649948147,7.9254573088676,0,0,0,0,0,0,0,0,30.3647537231445,0,0,0,0,0,0,0,0,0,0,0,0,0,0,0,15.1370183626811,6.1368342966869,16.0953451792399,22.5185790061951,15.6473618984222,4.48773454239105,0,11.7134852409363,8.09837167672437,0,6.37022895437397,0,0
0,18.4700830446163,0,36.3961800494347,0,39.2970374305293,0,0,48.9538816972212,28.3196562925975,0,0,0,0,0,0,56.4804444380209,51.0676050739012,16.9562266671759,0,0,0,0,37.2050544131886,0,0,0,0,0,0,0,0,0,0,0,45.4598504545543,0,24.9340345490546,0,17.7274628755956,0,0,10.1613679462657,13.6680891072477,24.7425331115723,15.7507137378312,26.7671950097178,9.16988628271854,52.9507369995117,18.7747400908463,51.4930877685547,45.0258270899455,0,0,49.7470104217529,40.9580620205592,37.9056930541992,29.2678883292458,55.6670684814453,0,58.5738201141357,0,15.2483061552048,94.0669479370117,0,0,33.9081363677979,70.4246978759766,0,0,33.216105644017,75.186066309611,27.4424441518455,67.020928309514,0,0,0,0,29.9998543486258,97.2229766845703,33.3821479579312,79.9366353352865,14.7854736188986,0,14.9120562161958,17.5152567114149,0
25.2840042381643,0,34.882715467617,34.5727263493324,39.3081701432151,39.0836422660134,0,0,31.1714275515809,42.212345123291,0,0,0,0,39.0278654098511,0,47.4398654254515,48.9223633624138,17.7105673597136,0,0,0,0,51.5571422576904,44.9326161543528,0,0,0,0,0,0,0,0,16.4213703427996,0,18.4314856529236,44.2599021524623,51.2490196228027,38.0718295608248,73.2276811599731,8.15944676352019,10.1613679462657,0,30.0480534235636,13.0241409428418,26.8834915161133,16.4228377273917,8.95608678310037,7.74207395722833,60.2157084655762,40.9283283059367,40.0299949645996,0,0,36.0315397785556,40.0533515930176,33.4050428930082,45.0063343048096,40.949958562851,0,38.9902830268397,0,0,18.7241790369937,0,0,0,36.6930744217103,0,18.5470485687256,57.2947741917201,30.7039443613068,56.8072116088867,17.8070244819954,0,0,0,0,101.327926635742,21.4360645236909,70.5665362221854,30.4064742339026,14.2987816882072,0,13.2531819728364,48.7264461517334,4.17811008956697
0,7.38144826889038,0,25.3126570383708,0,26.5974531173706,0,0,0,44.6904907226562,0,0,0,0,0,0,53.3113546660452,52.9813609455907,19.1848670487971,0,0,0,0,0,0,0,0,0,0,0,0,0,0,0,0,61.298461327186,77.3290252685547,49.2236404418945,0,22.6236989120719,0,13.6680891072477,30.0480534235636,0,30.7752857208252,18.7161598205566,68.281530380249,0,88.0100173950195,40.8787061179557,0,0,0,0,40.9234085083008,28.3980617523193,0,0,53.9248886108398,0,0,0,0,0,0,0,0,0,0,0,45.9666805267334,0,50.4661021762424,79.3635692596436,0,0,0,0,37.1578865361408,79.5799598693848,46.5438755642284,86.4478912353516,23.5798968222083,0,16.1441518366337,30.6071723302205,0
0,0,24.596830143648,0,25.8561654090881,97.3191223144531,0,0,31.5979890823364,0,0,0,0,0,0,0,45.8652469090053,47.33410403603,17.8266818043011,0,0,0,0,0,53.9098510742188,0,0,0,0,0,0,0,0,0,0,0,54.3146533966064,0,59.8332424163818,63.7993297576904,27.1653060913086,24.7425331115723,13.0241409428418,30.7752857208252,0,99.6998825073242,17.3147313363655,0,68.7145385742188,0,0,0,0,0,28.3041852315267,0,30.8118286132812,0,28.7862119674683,0,28.9605051040649,0,0,24.1601368166366,0,0,0,38.929922921317,0,0,0,42.1389926030086,103.897026062012,40.2395814259847,0,0,0,0,55.9096654256185,29.3276857328014,94.1547241210938,46.3844067382812,30.8714278730853,0,8.04112337827683,0,0
0,0,37.43346824646,20.2015880154025,48.1195602416992,25.0555748939514,0,0,60.0272369384766,0,0,0,0,0,0,0,73.5643492478591,58.6446462358747,37.2202905039633,6.01416850090027,0,0,0,0,0,0,0,0,0,0,0,0,0,0,0,31.0269196880135,0,38.2129821491241,0,9.53056676205942,0,15.7507137378312,26.8834915161133,18.7161598205566,99.6998825073242,0,23.4903985178748,48.1338748931885,48.2529754638672,24.6792507171631,0,14.0932924747467,0,0,0,0,43.199010848999,12.4963418289467,45.4509195600237,0,51.4547996520996,0,6.07147346702401,0,0,0,0,64.3006286621094,0,0,0,0,20.1002714267144,0,0,0,0,0,27.9433138167444,65.2386016845703,25.7263676713969,102.807746887207,34.8199998018693,0,9.0629470154979,33.161724726359,0
30.5217088631221,0,15.9015089209753,32.4902587618147,27.1512025197347,39.41033299764,0,0,59.9654731750488,0,0,0,0,0,0,0,61.6196316278469,70.4699396629856,35.0421925866363,0,0,0,0,0,0,0,0,0,0,0,0,0,0,0,0,17.9785766601562,0,0,0,50.8821271260579,0,26.7671950097178,16.4228377273917,68.281530380249,17.3147313363655,23.4903985178748,0,39.0336990356445,29.5273441738553,96.6562775505914,25.1695575714111,43.9978675842285,0,0,36.0419916788737,40.5652866363525,44.6705471841912,38.1161394119263,28.4025327170767,0,32.9170172461148,0,0,7.43579366088589,0,0,0,37.1377639770508,0,0,0,57.1290965080261,94.4439811706543,35.6707978475661,0,0,0,0,93.9150225321452,51.3956894985465,98.1671180725098,58.1630115843656,34.4870354065225,0,12.5036126856929,56.0491905212402,17.4208208719889
0,28.8142610157237,0,52.0484358469645,0,58.1434010096959,0,0,0,20.0463428497314,0,0,0,0,0,0,0,0,32.6433715820312,0,0,21.6785713195801,32.4321594238281,16.9135180473328,21.7903530597687,0,0,0,0,0,0,6.37934252475224,5.16775460256253,7.70104135682919,4.8051105947576,4.62431985497475,3.05606560958059,7.87176337282536,11.1334529771205,0,8.69491627607096,9.16988628271854,8.95608678310037,0,0,48.1338748931885,39.0336990356445,0,8.12568746325937,4.47148147005051,0,0,0,0,42.6189708709717,34.7570607321603,0,0,0,0,0,0,0,0,22.306324005127,0,18.4407017148774,27.2665381961399,0,0,0,0,72.6528453826904,0,7.50794053428313,7.60741361383384,8.55806387097256,8.38813383095109,5.59854404755608,8.6585517766792,10.4567034037347,10.24337089022,6.67071645510824,4.62272596359253,8.5134044401452,0,0
16.0402971251627,0,9.78078980385503,46.916332244873,0,0,0,0,19.4407087152654,0,0,0,0,0,22.7992356618245,0,30.4827686945597,0,30.9268908781164,0,0,0,6.10314975435084,0,20.8955048878988,0,0,0,0,0,0,9.36500560595439,7.43448971413277,15.1731374820112,9.66091206062462,15.2882303144874,13.2529758453369,25.0785427093506,5.65225031634801,0,5.57451649948147,52.9507369995117,7.74207395722833,88.0100173950195,68.7145385742188,48.2529754638672,29.5273441738553,8.12568746325937,0,4.63250099119623,38.6322011947632,0,0,0,22.429095548742,0,16.5986141644272,0,9.83847507374399,0,21.8423454803757,0,0,0,0,5.97400042036889,35.2542572021484,20.7821856695063,0,8.44569885879755,0,12.3386614375062,0,18.7748901234733,13.1599742041694,5.91206400436268,14.3587677395564,3.6924488061591,16.3584471795617,6.01578183803293,25.5093607469039,15.7906149827462,8.83370987353502,0,11.3415870877527,0,0
0,18.1962452383123,0,18.1357528393247,0,0,0,0,55.8623835245768,24.9069548431708,0,0,0,0,0,0,73.9769686994881,61.0375789144765,34.5734054737971,0,0,0,0,26.1559638410512,0,0,0,0,0,0,0,5.40549320923655,0,7.37496496622379,0,35.3104221170599,0,21.5240422671603,0,18.7792797413739,7.9254573088676,18.7747400908463,60.2157084655762,40.8787061179557,0,24.6792507171631,96.6562775505914,4.47148147005051,4.63250099119623,0,0,0,0,0,59.1424682617187,36.8346099853516,0,7.68884244605676,0,4.8128045861353,0,8.53499622121184,22.7220205068588,107.918037414551,0,0,21.3855304718018,0,6.27534161222742,0,14.4332690862509,80.7982363019671,30.6319255594696,89.0705820719401,0,0,15.1451482406029,0,40.1730635417135,46.533639272054,18.3579520044788,104.262226104736,30.3228232972808,0,18.0359162200484,21.1230112811712,0
0,0,7.69546323447,58.7820339202881,3.06206104082939,0,2.95979495048523,0,0,0,0,0,0,0,4.42074348926544,0,0,0,57.7196025848389,0,15.0262663841248,0,0,0,0,0,0,0,0,0,0,0,0,0,0,0,0,0,0,75.0674438476562,0,51.4930877685547,40.9283283059367,0,0,0,25.1695575714111,0,38.6322011947632,0,0,0,0,0,3.11228062046899,0,4.38096381859346,0,4.05319819537302,0,3.96474875282768,0,0,10.6576413287911,0,0,0,0,0,0,0,32.8858413696289,0,0,0,0,0,0,0,37.1841812133789,0,0,14.9705458231594,0,25.4185070423853,0,0
0,0,0,13.6809206008911,0,3.69152252639041,0,3.05458176136017,0,0,0,0,0,0,0,0,0,0,0,16.3860615950364,0,0,0,0,0,0,0,0,0,0,0,0,0,0,0,19.5546776652336,0,0,0,0,0,45.0258270899455,40.0299949645996,0,0,14.0932924747467,43.9978675842285,0,0,0,0,0,0,0,0,0,0,6.26995881398519,70.3711013793945,0,0,0,13.9608441132766,0,0,0,0,0,0,0,0,0,0,0,0,0,0,0,0,0,0,0,25.0354852994283,0,15.6236649501224,0,0
0,0,0,0,3.31711831237331,0,3.91889512680265,0,0,0,2.78253388404846,0,0,0,0,0,0,0,0,0,0,0,0,0,0,0,0,0,0,0,0,0,0,0,0,0,0,0,0,0,0,0,0,0,0,0,0,0,0,0,0,0,0,0,0,0,0,0,0,0,0,0,0,0,0,0,0,0,0,0,0,0,0,0,0,0,0,0,0,0,0,0,3.53886478477054,3.58611420790354,0,0,0
0,0,0,0,0,3.00361612108019,0,3.11071517799474,0,0,0,0,0,0,0,0,0,0,0,0,0,0,0,0,0,0,0,0,0,0,0,0,0,0,0,0,0,0,0,0,0,0,0,0,0,0,0,0,0,0,0,0,0,0,0,0,0,0,0,0,0,0,0,0,0,0,0,0,0,0,0,0,0,0,0,0,0,0,0,0,0,0,0,0,0,0,0
19.4657523498535,0,11.8347733937777,0,3.63357090950012,0,0,0,8.62180078639087,0,0,0,0,0,14.422047773997,0,35.2136001586914,40.0452270507812,24.3657493917909,0,0,0,0,0,8.49729536788564,0,0,0,0,0,0,0,0,0,0,0,0,46.4050178527832,21.2287724255696,128.770584106445,0,49.7470104217529,36.0315397785556,40.9234085083008,28.3041852315267,0,36.0419916788737,42.6189708709717,22.429095548742,59.1424682617187,3.11228062046899,0,0,0,0,0,23.9987173080444,0,0,0,9.85300340208896,0,0,0,0,0,0,7.36456175767836,0,0,0,28.3865010878619,48.2585906982422,25.9007223510742,0,0,0,0,0,46.9501628875732,54.6636117299398,21.7603056147947,10.9826556190116,0,25.1502901154923,0,0
0,4.41181716784625,0,14.6951983213425,0,0,0,0,0,5.28502562157131,0,0,0,0,0,3.91113185882568,0,0,42.7765426635742,0,0,0,0,7.254178110383,0,0,0,0,0,0,0,0,0,0,0,0,0,14.0815874105992,41.3766956329346,37.8236751556396,0,40.9580620205592,40.0533515930176,28.3980617523193,0,0,40.5652866363525,34.7570607321603,0,36.8346099853516,0,0,0,0,0,0,0,32.4593706130981,0,0,0,4.20843591860362,0,0,0,0,6.52062404437883,0,0,0,38.8720436096191,106.712173461914,34.4288547515869,95.2109222412109,0,0,0,0,0,0,13.8832412235892,46.4454116821289,18.4110289547178,10.9515228271484,24.8200723073062,0,0
15.5285044978647,0,11.6429835113825,0,0,0,0,0,20.1679419969258,0,3.85271541204365,0,6.44585391749506,0,0,0,40.8575183323451,66.4579582214355,31.9232448051716,0,5.27216861645381,0,0,0,0,0,0,0,0,0,3.66082687561329,0,0,0,0,117.339073181152,4.25894424915314,0,3.93265117131747,0,0,37.9056930541992,33.4050428930082,0,30.8118286132812,43.199010848999,44.6705471841912,0,16.5986141644272,0,4.38096381859346,0,0,0,23.9987173080444,0,0,0,5.56188930655425,0,25.5173545855063,0,0,7.0644149321826,0,0,0,0,0,7.46379673480988,0,5.24759428297227,0,9.26846805466941,0,0,0,0,0,52.4665575027466,81.5631256103516,12.6591076378775,12.5220817945622,2.96630907058716,7.86644349605726,0,0
0,5.84099555015564,0,11.2053366406759,0,2.9529275894165,0,0,0,0,0,4.79307782507228,0,3.02582589785258,0,0,0,0,46.1238110860189,8.02354726337251,0,0,0,0,0,0,0,0,0,5.23814631870815,0,0,0,0,0,9.0255748796463,0,5.18938123244865,0,0,0,29.2678883292458,45.0063343048096,0,0,12.4963418289467,38.1161394119263,0,0,7.68884244605676,0,6.26995881398519,0,0,0,32.4593706130981,0,0,0,3.33813757162828,0,3.12002251364968,7.29827603858536,0,0,0,0,0,8.41351127624512,0,6.60734500162278,0,5.79827715563543,0,0,0,0,0,0,0,5.45839084204981,0,12.8333926229942,0,6.53531938653049,13.9692312876383,0
8.99571700890859,0,13.1090622984845,57.8269195556641,3.26035081015693,0,0,0,28.7758274078369,0,3.65086847543716,0,3.1445789763802,0,3.0605456829071,0,60.9585647583008,0,52.5392088456587,0,10.7922497855292,0,0,0,29.4963245391846,0,0,0,0,0,0,0,0,0,0,0,17.9749336242676,0,0,0,30.3647537231445,55.6670684814453,40.949958562851,53.9248886108398,28.7862119674683,45.4509195600237,28.4025327170767,0,9.83847507374399,0,4.05319819537302,70.3711013793945,0,0,0,0,5.56188930655425,0,0,0,3.59106733248784,0,0,10.6109054883321,0,0,0,29.521364847819,0,3.83345831673721,0,6.07309469269829,0,30.4681689398629,0,0,0,0,0,0,0,36.4333833694458,12.7978590809066,0,18.4342198708739,0,0
0,3.08543154928419,0,0,0,0,0,2.91850939663974,0,0,0,2.98851430056543,0,3.02627653978309,0,2.97386100292206,0,0,0,0,0,0,0,0,0,2.84401243925095,0,0,0,0,0,0,0,0,0,0,0,0,0,0,0,0,0,0,0,0,0,0,0,4.8128045861353,0,0,0,0,0,0,0,3.33813757162828,0,0,0,3.7265077619997,0,0,0,0,0,0,8.8096814250946,0,4.00050449624975,0,0,0,0,0,0,0,0,0,0,0,3.00815367698669,4.68992881774902,4.65799176692963,0,0
12.3672006563707,0,11.9008143941561,62.3031673431396,3.97208625620062,62.5649833679199,0,0,7.17764630913734,0,0,0,3.44709838605395,0,3.62080235333787,0,0,0,42.3444479665449,0,0,0,0,0,30.7024780511856,0,2.89744361639023,0,0,0,0,0,0,0,0,0,0,0,30.6661195755005,0,0,58.5738201141357,38.9902830268397,0,28.9605051040649,51.4547996520996,32.9170172461148,0,21.8423454803757,0,3.96474875282768,0,0,0,9.85300340208896,0,25.5173545855063,0,3.59106733248784,0,0,0,0,11.1674118041992,0,0,0,30.491310075272,0,5.52730499207973,0,14.1364763731929,0,24.0526286293479,0,0,0,0,0,51.9120915730794,0,27.3623476545212,26.6065847223455,0,29.2252210705347,0,0
0,0,0,0,0,0,0,0,0,3.51401906217483,0,0,0,2.93625484423691,0,2.8479138396003,0,0,0,0,0,0,0,0,0,0,0,0,0,0,0,0,0,0,0,0,0,24.5914182662964,0,0,0,0,0,0,0,0,0,0,0,8.53499622121184,0,0,0,0,0,4.20843591860362,0,3.12002251364968,0,3.7265077619997,0,0,0,0,0,0,0,0,6.89713499220935,0,7.13529555956523,0,0,0,0,0,0,0,0,0,0,0,4.58880609273911,3.75647798868326,15.3218281666438,0,0
0,0,0,11.11305809021,0,10.536190032959,0,0,0,0,0,3.91691181480244,0,0,0,0,0,0,0,3.51480037738115,0,0,0,0,0,0,0,0,0,0,0,0,0,0,0,4.62183648514581,0,7.89016753274041,0,21.8640281677246,0,15.2483061552048,0,0,0,6.07147346702401,0,0,0,22.7220205068588,0,13.9608441132766,0,0,0,0,0,7.29827603858536,0,0,0,0,0,0,0,0,0,0,0,0,0,0,14.335611528971,0,0,0,0,0,11.5896889276283,0,11.1767083611753,0,16.6758181935265,0,7.10905687463146,0,0
29.7130041334364,0,0,0,66.6767196655273,0,0,0,0,0,10.1612668037415,0,0,0,0,0,68.3993240594864,75.2729022686298,40.2623745951933,0,4.75160129751153,0,0,0,0,0,0,0,0,0,0,0,0,0,0,0,24.9565345248821,0,35.3917646120736,86.1516265869141,0,94.0669479370117,18.7241790369937,0,24.1601368166366,0,7.43579366088589,0,0,107.918037414551,10.6576413287911,0,0,0,0,0,7.0644149321826,0,10.6109054883321,0,11.1674118041992,0,0,0,0,0,0,0,0,0,123.581680297852,13.240761756897,0,17.2230384305318,0,0,0,0,109.529678344727,12.8629916370305,0,24.7214193441238,37.2375536556902,0,7.80867221620348,0,0
0,0,0,0,0,0,0,0,0,0,0,0,0,0,0,0,0,3.25672307440905,0,0,0,4.96794013480772,7.92032459474379,3.49967188835144,0,2.99935827255249,0,0,0,0,0,0,0,0,0,0,0,5.55389466959868,35.0874738693237,0,0,0,0,0,0,0,0,22.306324005127,0,0,0,0,0,0,0,0,0,0,0,0,0,0,0,0,0,8.35380039896284,6.18044761671074,55.7919273376465,4.505868955092,0,3.81386251386567,0,0,0,0,0,0,0,0,0,8.07125676220114,38.0299243060025,6.88963221260375,5.11359144093698,0,0,0
0,0,0,0,0,0,0,0,0,0,0,0,0,0,0,0,0,0,0,0,0,5.90370356664062,4.65313079512437,0,4.26786883060749,0,3.24273867878625,0,0,0,0,0,0,0,0,0,0,3.87592551708221,7.11687451748809,0,0,0,0,0,0,0,0,0,5.97400042036889,0,0,0,0,0,0,0,0,0,0,0,0,0,0,0,8.35380039896284,0,0,5.1735954284668,0,5.04071241133922,0,3.3085701451069,0,0,0,0,0,0,0,0,48.4420623779297,6.10926001539854,4.80944401220951,5.36278421556982,0,0,0
0,9.27919391068545,0,27.4103717803955,0,0,0,0,0,10.2050105807602,0,0,0,0,0,0,0,0,47.1104316711426,0,0,4.15239609768188,0,3.8129050665374,0,2.84700429439545,0,0,0,0,0,0,0,0,0,0,0,7.16394209785947,38.0065841674805,0,0,33.9081363677979,0,0,0,0,0,18.4407017148774,35.2542572021484,21.3855304718018,0,0,0,0,0,6.52062404437883,0,0,0,0,0,0,0,0,6.18044761671074,0,0,0,3.59359673851902,0,25.2630004882812,0,0,0,0,0,0,0,0,0,8.27255090731609,38.1481742858887,4.68185792687821,26.5992393493652,15.8639328479767,0,0
16.6376378163102,0,26.1698055744171,59.1113510131836,0,0,0,0,6.75826365118441,0,0,0,0,0,31.5564403533936,0,0,0,58.2614417076111,0,0,0,4.38852256711792,0,4.22400188970042,0,6.2194565709432,0,0,0,0,0,0,36.0631484985352,0,0,0,33.855541229248,9.96367572397782,0,0,70.4246978759766,36.6930744217103,0,38.929922921317,64.3006286621094,37.1377639770508,27.2665381961399,20.7821856695063,0,0,0,0,0,7.36456175767836,0,0,0,29.521364847819,0,30.491310075272,0,0,0,55.7919273376465,5.1735954284668,0,0,0,6.31041574478149,0,25.5957396825155,0,27.63747215271,0,0,40.0869369506836,0,0,0,38.8785722255707,7.19168860616248,18.8956968327091,0,18.6666122590296,0,0
0,0,0,0,0,0,0,0,0,0,0,0,0,0,0,0,0,0,0,0,0,3.87699843561927,0,2.95840960078769,0,3.06080877184868,0,2.9760597370289,0,0,0,0,0,0,0,0,0,0,0,0,0,0,0,0,0,0,0,0,0,6.27534161222742,0,0,0,0,0,0,0,8.41351127624512,0,8.8096814250946,0,6.89713499220935,0,0,4.505868955092,0,3.59359673851902,0,0,0,4.32382390876262,0,0,0,0,0,0,0,0,0,0,0,0,0,0,0,0
0,0,0,0,0,0,0,0,0,0,0,0,0,0,9.6099599202474,0,3.238150035418,0,0,0,0,0,3.7843800644699,0,4.15152422281412,0,3.36707965761638,0,4.82185656033205,0,0,0,0,0,0,0,0,0,5.69420243740082,0,0,0,18.5470485687256,0,0,0,0,0,8.44569885879755,0,0,0,0,0,0,0,7.46379673480988,0,3.83345831673721,0,5.52730499207973,0,0,0,0,5.04071241133922,0,6.31041574478149,0,0,0,5.70765343507131,0,14.575294303894,0,0,0,0,0,0,0,16.7132438222567,3.37032598873665,0,25.3182954286274,0,0
77.4587020874023,11.5629158849302,0,34.7774992078264,0,43.4081268310547,0,0,0,25.3879100254604,0,2.92624366283417,0,2.91849805690624,0,0,0,0,40.1758451461792,0,0,3.08279852867126,0,26.7250398000081,0,0,0,3.01622624126906,0,3.51077684221497,0,0,0,0,0,0,0,5.28422833030874,0,58.4574584960938,0,33.216105644017,57.2947741917201,45.9666805267334,0,0,0,0,0,14.4332690862509,0,0,0,0,0,38.8720436096191,0,6.60734500162278,0,4.00050449624975,0,7.13529555956523,0,123.581680297852,3.81386251386567,0,25.2630004882812,0,4.32382390876262,0,0,0,5.09371306737264,0,0,0,0,0,0,0,67.7223987579346,106.859504699707,31.481087457566,0,12.1616759598579,20.439715385437,0
23.6521820569172,0,28.3342194923988,0,0,0,0,0,24.5108205290402,0,0,0,3.77950024604797,0,29.1653624640571,0,46.4915927648544,69.3594179153442,38.8663328909659,0,0,0,4.1044995876459,0,26.3088417053223,0,6.10467667877674,0,3.62982093294462,0,0,0,0,0,0,0,0,0,8.3206532213423,87.3311411539714,0,75.186066309611,30.7039443613068,0,42.1389926030086,0,57.1290965080261,0,12.3386614375062,80.7982363019671,32.8858413696289,0,0,0,28.3865010878619,106.712173461914,5.24759428297227,0,6.07309469269829,0,14.1364763731929,0,0,13.240761756897,0,3.3085701451069,0,25.5957396825155,0,5.70765343507131,0,0,85.5520604451497,7.20898122976466,0,0,0,0,93.9845581054688,51.5736122131348,97.875563621521,13.7830289259231,32.3667235723356,0,12.9645011222152,68.1831970214844,0
0,32.585884809494,0,33.5830170734819,0,0,0,0,51.6440563201904,24.1990420137133,0,8.56441175937653,0,0,0,0,64.1789991590712,58.7242314265325,35.6701051124505,0,0,0,0,21.0036277770996,0,0,0,0,0,3.11674767308891,0,0,0,0,0,89.1255340576172,0,3.55489807327588,0,76.8611026340061,0,27.4424441518455,56.8072116088867,50.4661021762424,103.897026062012,20.1002714267144,94.4439811706543,72.6528453826904,0,30.6319255594696,0,0,0,0,48.2585906982422,34.4288547515869,0,5.79827715563543,0,0,0,0,14.335611528971,0,0,0,0,0,0,0,5.09371306737264,85.5520604451497,0,77.9824091593425,0,0,0,0,47.4559682210286,143.004684448242,10.8283544527857,86.4271965026855,30.6226689708579,0,13.3533092469064,19.702857883353,0
26.8350353460202,0,30.417743249373,0,0,0,0,0,25.319882873843,0,3.48578977584839,0,0,0,25.506690343221,0,49.0273952847435,66.7854632624873,39.347629348437,0,8.80745448006524,0,0,0,31.0848636627197,0,0,0,0,0,3.69060056550162,0,0,0,0,0,0,0,0,99.5310440063477,0,67.020928309514,17.8070244819954,79.3635692596436,40.2395814259847,0,35.6707978475661,0,18.7748901234733,89.0705820719401,0,0,0,0,25.9007223510742,95.2109222412109,9.26846805466941,0,30.4681689398629,0,24.0526286293479,0,0,17.2230384305318,0,0,0,27.63747215271,0,14.575294303894,0,7.20898122976466,77.9824091593425,0,0,0,0,0,108.537666320801,31.4762305294175,85.0118465423584,5.52620339002124,36.6938085322477,0,14.4729754484247,62.6513252258301,0
0,0,0,0,0,0,0,0,0,0,0,0,0,0,0,0,0,0,0,0,0,0,0,0,0,0,0,0,0,0,0,5.1393013378469,9.89455413818359,4.63847698484148,9.46037292480469,3.38841401934624,0,0,0,0,15.1370183626811,0,0,0,0,0,0,7.50794053428313,13.1599742041694,0,0,0,0,0,0,0,0,0,0,0,0,0,0,0,0,0,0,0,0,0,0,0,0,0,0,4.50191044807434,3.37306332588196,0,0,19.311692237854,0,0,0,0,0,0,0
