0,0,0.166807554529693,0,0,0,0,0,0.189779763745799,0,0,0,0,0,5.47641979428432e-05,0,0.0200590142349213,0.000365099278346308,0.0647438412938424,0,0,0,0,0,0,0,0,0,0,0,0,0,0,0,0,0,0,0,0,3.99980024112512e-05,8.72770696387858e-05,0.000222701169799136,0.0383184494035138,0,6.64640205310487e-05,3.84584683814412e-05,0.0311443551300675,1.80633484406674e-05,0.0364090643397352,0,0,0,0,0,0.189719880417327,0,0.00125888019065902,0,0,0,0.0120154808005894,0,0,0.0108342224356251,0,0,0,0.00534103389302719,0,0,0,1.5079635343123e-05,0,0.00125321513211873,0,0,0,0,0,0.000492005392183324,0,0.000236742277809485,0.00081854026789488,1.01960223213379e-06,0.0561597600816714,0,0.0181618289812666
0,0,0,0.0697155846645375,0,0,0,0,0,0.0867710901786137,0,0,0,0,0,0.0263293763515304,4.71147636774572e-06,3.93361793888424e-06,0.0111830516491076,0,0,0,0,0.000528515726680558,0,0,0,0,0,0,0,0,0,0,0,6.79405085040555e-06,3.08103889183761e-06,0.00155111601872984,0,0.000743294866568882,0,0.0303165102159379,0.000456959016013999,0.000291321973499354,0,0.000356993753434794,0,0.021611600423863,7.25586220976849e-05,0.0390661050641394,0,0,0,0,0,0.0778617079550408,0,0,0,0,0,0.039925555825101,0,0,0,0,0.0111481568207857,0,0,0,0,0,0,0,0,0,0,0,0,0,0.000844595989108541,0,0.00467267628409711,0,0.0278320737573165,0.00430724277973655,0
0.166807554529693,0,0,0,0.0242721958208195,0,0,0,0.00712102002643489,0,0,0,0,0,0,0,0,0,0,0,0,0,0,0,0,0,0,0,0,0,0,0,0,0,0,0,0,0,0,0,0,0,0.0120056851296726,0,0.000100291181017072,0,0.00162630162036153,0,0.028525998112704,0,0,0,0,0,0.037980566739468,0,0.0198374593184933,0,0.00550709250351768,0,0,0,0,7.02440586173659e-05,0,0,0,0,0,0,0,6.4174344260551e-05,0,0.00206338749581135,0,0,0,0,0,1.27731577857383e-05,0,0,0.00115414716204473,0,0.075864007896373,0,0
0,0.0697155846645375,0,0,0,0.166492158756213,0,0,0,0.000846392641305617,0,0,0,0,0,0,0,0,0.00186742318180773,0.00377903399430552,0,0,0,0.000169826245222228,0,0,0,0,0,0,0,0,0,0,0,0.00104936357317826,0,9.05043729342879e-05,0,0,0,9.99570050279981e-05,0,0,0,0.00729555297609737,0,0.00012420430597217,0,0.064457007461298,0,0,0,0,0,0,0,0,0,0,0,0,0.000457562002017598,0,0,0,0.000297206908384428,0,0,0,0,0,0,0,0,0,0,0,0,0,3.20135675032057e-05,0,0.00244802451329534,0,0.0258174549877729,0.000108935405825827,0
0,0,0.0242721958208195,0,0,0,0,0,0,0,0,0,0,0,0,0,0,0,0,0,0,0,0,0,0,0,0,0,0,0,0,0,0,0,0,0,6.04777472399823e-05,0,0,0,0,0,4.04286985999057e-05,0,0,0,0,0,5.12771800215478e-05,0,0.218401647854376,0,0,0,0.00248138961615041,0,0.0073041125819532,0,0.00193393389208088,0,0,0,0,0,0,0,0,0,0,0,0,0,0,4.90942427741814e-05,0,0,0,0,0,0,0,0,6.25134503909029e-05,0,0.00105617284467389,0,0
0,0,0,0.166492158756213,0,0,0,0,0,0.00608243833840269,0,0,0,0,0,0,0,0,0,0.0303051679789402,0,0,0,0,0,0,0,0,0,0,0,0,0,0,0,0.000543393192486232,0,0,0,0,0,0,0,0,0,0,0,0,0,0.000213371591626673,0,0.00132333478541113,0,0,0,0.0365567166435611,0,0,0,0,0,0,0.0116564465065051,0,0,0,0,0,0,0,0,0,0,0,0,0,0,0,0,0,0,0,0.00210131560928753,0,0.00217556737553562,0,0
0,0,0,0,0,0,0,0,0,0,0.0146641540722913,0,0,0,0,0,0,0,0,0,0,0,0,0,0,0,0,0,0,0,0,0,0,0,0,0,0,0,0,0,0,0,0,0,0,0,0,0,0,0,0,0,0.102833711065131,0,0,0,0.035585461765132,0,0,0,0,0,0,0,0,0,0,0,0,0,0,0,0,0,0,0,0,0,0,0,0,0,0.00138620426700216,0.00175471409144329,0,0,0
0,0,0,0,0,0,0,0,0,0,0,0.0994758304182054,0,0.0481603221323888,0,0,0,0,0,0,0,0,0,0,0,0,0,0,0,0,0,0,0,0,0,0,0,0,0,0,0,0,0,0,0,0,0,0,0,0,0,0,0,0.338685761206767,0,0,0,0.0471509124502595,0,0.0324681209097781,0,0,0,0,0,0,0,0,0,0,0,0,0,0,0,0,0,0,0,0,0,0,0.00131876995706126,0.000239908641316648,0,0,0
0.189779763745799,0,0.00712102002643489,0,0,0,0,0,0,0,0,0,0,0,0.00677832670941503,0,0.0284123151832095,0.00256468432191503,0.0360695602124665,0,0.000397187531658905,0,0,0,0.000901538431491506,0,0,0,0,0,0,0,0,0,0,0,0,0,5.74635390202883e-06,0.000128439304833268,0.000214396180260479,0.000125059218639862,0.0256294376642278,0.000108858469407095,0.00385607993704407,0,0.00242827859798864,0,0.00139018889393418,0,0.0309437085916441,0,0,0,0.0836503777069098,0,0,0,0.00129004308034007,0,0.0747714346299128,0,0,0.000816447454441127,0,0,0,0.00936315544304193,0,0,0,0,0,0.00108512185970548,0,0,0,0,0,0.000284000455553329,0,0.0015749871563756,0.00230378816277078,1.68605388618937e-05,0.0048784639653029,0,0.162311486842623
0,0.0867710901786137,0,0.000846392641305617,0,0.00608243833840269,0,0,0,0,0,0,0,0,0,0.00252669800253216,0,0.00150530835224456,0.0126898979042603,0,0,0,0,0.0881756141972976,0,0,0,0,0,0,0,0,0,0,0,0,0,0.000940550404671284,0,0.000205763340139243,0,0.00704344716841654,6.94520974951041e-05,0,0,3.03444572443695e-05,0,0.00156080555427067,0,0.0182575222141209,0,0,0,0,0,0.0499557748060004,0,0,0,0,0,0.00919123826869283,0,0,0,0,0.0247904801328113,0,0,0,0,0,0.000385450318578927,0,0,0,0,0,0,0,0.000283913454810504,0,0.00347902304852807,0.000469334200498983,0.00965159130143972,0.0122395826131866,0
0,0,0,0,0,0,0.0146641540722913,0,0,0,0,0,0,0,0,0,1.24197691517836e-05,0,1.7920767677915e-05,0,0.0313053655287058,0,0,0,0,0,0,0,0,0,0.000791185883696293,0,0,0,0,0,0.0178902381874228,0,0.0528443670304655,0,0.000153244269223056,0,0.000386206395186893,0,0,0,8.44140553825883e-05,0,0,0,0,0,0.0108853600500226,0,0,0,0.836742851859373,0,0,0,0,0,0,0.00112854426042221,0,0,0,0,0,0,0,0,0,0.00136275674765879,0,0,0,0,0,0,0,1.68967642983865e-05,0.00313229494213686,0.0403373587394446,0.00078540843170935,0,0.000196274863500233
0,0,0,0,0,0,0,0.0994758304182054,0,0,0,0,0,0.0233373403653795,0,0,0,0,0,0.0202264162656269,0,0,0,0,0,0,0,0.000109162409566246,0,0.023421671762273,0,0,0,0,0,0.0289436434864944,0,0.191957499040699,0,0,0,0.000107553241166162,0,0,0,0.0250851763817691,0,0,0,0,0,0,0,0.0834243711137121,0,0,0,0.443990941939485,0,0.00871015392123302,0,0,0.0253243427706302,0,0,0,0,0,0,0,0.000237034138782018,0,0.0842376734132914,0,0,0,0,0,0.00157854234844337,0,0.00975787142750542,0,0.00453823825020352,0.000266315078811842,0.000380085869703839,0,0
0,0,0,0,0,0,0,0,0,0,0,0,0,0,0,0,0,0,0,0,0,0,0,0,0,0,0,0,0.0244013588680096,0,0,0,0,0,0,0,0,0,0,0,0,0,0,0,0,0,0,0,0.000121703627488013,0,0,0,0,0,0,0,9.12291370603648e-05,0,0.0166813338285696,0,0.0136044932066954,0,0,0,0,0,0,0,0,0,0,0.0135536950277984,0,0,0,0,0,0,0,0,0,0,0.000895588693035368,0.0818466523184993,0,0,0
0,0,0,0,0,0,0,0.0481603221323888,0,0,0,0.0233373403653795,0,0,0,0,0,0.00243833756527429,0,0,0,0,0,0,0,0,0,0.105397459137847,0,0,0,0,0,0,0,0,0,0,0,0,0,0,0,0,0,0,0,0,0,0,0,0,0,0.00422748130310529,0,0,0,0.262867303467475,0,0.751085670317915,0,0,0,0,0,0,0,0,0,0,0.045052408569216,0,0,0,0,0,0,0,0,0,0,0,0.0030410157974533,0.0100050282622034,0,0,0
5.47641979428432e-05,0,0,0,0,0,0,0,0.00677832670941503,0,0,0,0,0,0,0,0.000153270298146093,9.62109009209034e-05,0.000268827547328233,0,0,0,0,0,0,0,0,0,0,0,0,0,0,0,0,0,0,0,0,0,0,0,0.00023793510393357,0,0,0,6.45907420140121e-05,0,0.00161091561490569,0,0,0,0,0,0.000121531288299341,0,0,0,0.00299320188955094,0,0.051663736037788,0,0,0,0,0,0,0,0,0,0,0,0,0,0,0,0,0,0,0,0,6.88688642515396e-05,8.76452914284866e-06,0,4.97425538826356e-05,0,0.000108736645266079
0,0.0263293763515304,0,0,0,0,0,0,0,0.00252669800253216,0,0,0,0,0,0,0,0.0202978502024082,0,0,0,0,0,0,0,0,0,0,0,0,0,0,0,0,0,0,0,0,0,0,0,0,0,0,0,0,0,0,0,0.000562820982356743,0,0,0,0,0,0.00438934210021243,0,0,0,0,0,0.110445989280352,0,0,0,0,0,0,0,0,0,0,0,0,0,0,0,0,0,0,0,0,6.48522756709839e-05,8.03010394896096e-05,0,0,0
0.0200590142349213,4.71147636774572e-06,0,0,0,0,0,0,0.0284123151832095,0,1.24197691517836e-05,0,0,0,0.000153270298146093,0,0,0.164144774108996,0.0757029747869418,0,1.12704492608418e-05,0,0,0,0,0,0,0,0,0,0,0,0,0,0,0,0,0,7.75184172671699e-05,0.000376241608976942,0.000471443032253895,0.00114124134135903,0.00906751115845094,7.65741387711793e-05,0.00222247075601167,0.000263622451200451,0.00740586264737529,2.89327797936652e-05,0,8.1698568613565e-05,0,0,0,0,0.00959003039554601,0,0,0,0,0,0,0,0,0.00317998074038929,0,0,0,0,0,0,0,0,0,0.000694056114101322,0,0,0,0,7.72799186645776e-05,0.00394960462970754,8.66964043279031e-05,0.00596484295519086,0.014949556331899,0.0304119855555902,0.00747011972232034,0,0.00114209825826958
0.000365099278346308,3.93361793888424e-06,0,0,0,0,0,0,0.00256468432191503,0.00150530835224456,0,0,0,0.00243833756527429,9.62109009209034e-05,0.0202978502024082,0.164144774108996,0,0.142665965579708,0,0,0.00108335329403041,0,0.0162492394728791,0,0.0110307095518526,0,0.00550493089254627,0,0,0,0,0,0,0,0,0,0,0,0.00229224216953798,0,0.00810040570112308,0.00143416747277799,0.000508822959544754,0.000178564997660251,0.000611690888635273,0.000562775875082022,8.21341144681729e-06,0,0.00110575534964368,0,0,0,0,0.00122378866721983,0,0,0,0,0.000829384837859106,0,0,0,0.000226067883846128,0,0,0,0,0,0,0.000465302703150003,0,0,3.77043259545869e-06,0,0,0,0,0.000543396245030232,0.00020291019161889,0.0010124887161685,0.00040063247613646,0.0381845381563728,0.0687241276596092,0.00737187879579937,0,0.000181097863714069
0.0647438412938424,0.0111830516491076,0,0.00186742318180773,0,0,0,0,0.0360695602124665,0.0126898979042603,1.7920767677915e-05,0,0,0,0.000268827547328233,0,0.0757029747869418,0.142665965579708,0,0,0.000184896399148634,0,0,0.00253309858187247,0,0,0,0,0,0,0,0,0,0,0,3.39456212541511e-06,6.31911480528384e-06,0.000769026342822896,8.78698547035213e-05,0.0470741449353669,0.00142409339911712,0.164910996401732,0.0279882048164137,0.0237965085678527,0.00720571149395485,0.0199286498223469,0.0570451393416535,0.00075099805713085,0.00011865222159638,0.0394401262304459,0,0,0,0,0.00834194434687693,0.00169697007718852,0.000125660450757711,0,0,0,0,0,0,0.0104210715681702,0,0,0.00388056525398079,0,0,0,0,1.37881733654013e-05,0.000524891610122809,0.00115918843709543,0,0,7.2546027741541e-06,0,0.00454944434950503,0.00721394116961379,0.0167934688181516,0.00944802651787431,0.025229453338234,0.000179253719113953,0.117026652410163,0.0207505897663809,0.00202821919898719
0,0,0,0.00377903399430552,0,0.0303051679789402,0,0,0,0,0,0.0202264162656269,0,0,0,0,0,0,0,0,0,0,0,0,0,0,0,0,0,0,0,0,0,0,0,0.00604715056642844,0,0.00152309931054365,0,0,0,0.00744406569255111,0,0,0,0.167078685116275,0,0,0,0,0,0,0,0,0,0,0,0,0,0,0,0,0.417156403081401,0,0,0,0,0,0,0,0,0,0,0,0,0,0,0,0.000109884676337155,0,0.00856098882958526,0,0.00234003558843557,0,0.0939597191470758,0,0
0,0,0,0,0,0,0,0,0.000397187531658905,0,0.0313053655287058,0,0,0,0,0,1.12704492608418e-05,0,0.000184896399148634,0,0,0,0,0,0,0,0,0,0,0,0.00161080768997686,0,0,0,0,0,0.0314249637630561,0,0.0696611907057376,0,0.00148231602621248,0,0.00112212117359692,0,0,0,0.00864228172787787,0,9.3969657406627e-05,0,0.00144977683125321,0,0,0,0,0,0.719157274116579,0,0.000713691633486419,0,0,0,0,0.0469289197324924,0,0,0,0,0,0,0,0,0,0.0027041322355228,0,0,0,0,0,0.00322781819729128,0,0.00347876235570256,0.00147684111912642,0,0.012002221502421,0,0.000472202397680296
0,0,0,0,0,0,0,0,0,0,0,0,0,0,0,0,0,0.00108335329403041,0,0,0,0,0.0273594296342962,0.000137221271870658,0,0.00963090847719991,0,0.000455019531553129,0,0,0,0,0,0,0,0,0,0.0536034616630093,0.0102653866584002,0,0,0,0,0,0,0,0,0,0,0.000269044507149374,0,0,0,0,0,0,0,0,0,0,0,0,0,0,0.233560213725767,0.0128931729980818,0,0,0,0,0.000311970234024867,0,0,0,0,0,0,0,0,0,0.00116168118136764,0.0026513358388174,0.0143052832983079,0.00583862940621989,0,0,0
0,0,0,0,0,0,0,0,0,0,0,0,0,0,0,0,0,0,0,0,0,0.0273594296342962,0,0,0.000103851583780398,0,0.000231943213293562,0,0,0,0,0,0,0,0,0,0,0,0.0246161132785368,0,0,0,0,0,0,0,0,0,0.0273952691905092,0,0,0,0,0,0,0,0,0,0,0,0,0,0,0,0.000590907809253416,0.239121792317079,0,0.00605863311073921,0,0,0,0.00176051419103,0,0,0,0,0,0,0,0,0,0.00177452889535807,0.020340273831669,0.0014971521949326,0,0,0
0,0.000528515726680558,0,0.000169826245222228,0,0,0,0,0,0.0881756141972976,0,0,0,0,0,0,0,0.0162492394728791,0.00253309858187247,0,0,0.000137221271870658,0,0,0,0.0433163732799186,0,0,0,0,0,0,0,0,0,0,0,0.000510796859831072,0,0,0,0.000192949242685235,0,0,0,0,0,0,0,6.1472035060655e-05,0,0,0,0,0,0.0418620566960704,0,0,0,0,0,0,0,0,0,0,0.0148227470763651,0,0,0,0,0,0,0,0,0,0,0,0,0,4.28444597314955e-05,0,0.0011683780818582,0,0.000586319216511352,0.00113063637253822,0
0,0,0,0,0,0,0,0,0.000901538431491506,0,0,0,0,0,0,0,0,0,0,0,0,0,0.000103851583780398,0,0,0,0,0,0,0,0,0,0,0,0,0,0,0,0.000472754547973735,0,0,0,8.13583792152323e-05,0,0,0,0,0,0,0,0,0,0,0,0.000840504717951676,0,0,0,0,0,0,0,0,0,0,0.0086331199792537,0,0.186852713268,0,0.0509331846715645,0,0,0,0,0,0,0,0,0,0,0,0.000404860603963965,0,0,1.1572584326502e-05,0,0
0,0,0,0,0,0,0,0,0,0,0,0,0,0,0,0,0,0.0110307095518526,0,0,0,0.00963090847719991,0,0.0433163732799186,0,0,0,0,0,0,0,0,0,0,0,0,0,0,0,0,0,0,0,0,0,0,0,0,0,0,0,0,0,0,0,0,0,0,0,0,0,0.0322453911908699,0,0,0.000788950203582954,0,0,0,0.0307395997658928,0,0,0,0,0,0,0,0,0,0,0,0,0,0.000312620575730991,0,0,0,0
0,0,0,0,0,0,0,0,0,0,0,0,0,0,0,0,0,0,0,0,0,0,0.000231943213293562,0,0,0,0,0,0,0,0,0,0,0,0,0,0,0,0,0,0,0,0,0,0,0,0,0,0,0,0,0,0,0,0,0,0,0,0,0,0,0,0,0,0,0.00023034574041958,0,0,0,0.0717428069947807,0,0,0,0,0,0,0,0,0,0,0,0,0,0,0,0,0
0,0,0,0,0,0,0,0,0,0,0,0.000109162409566246,0,0.105397459137847,0,0,0,0.00550493089254627,0,0,0,0.000455019531553129,0,0,0,0,0,0,0,0.106047940339494,0,0,0,0,0,0,0,0.000163696161510356,0,0,0,0,0,0,0,0,0,0,0,0,0,0,0,0,0,0,0,0.00600999341792026,0,0.0442952783794487,0,0,0,0,0.0206905730640782,0,0,0,0,0,0.966547828257117,0,0.0583058355464997,0,0,0,0,0,0,0,0.00329776064287392,0,0.00836656690078773,0.00543623177606913,0,0,0
0,0,0,0,0,0,0,0,0,0,0,0,0.0244013588680096,0,0,0,0,0,0,0,0,0,0,0,0,0,0,0,0,0,0.0296353606737996,0,0,0,0,0,0,0,0.00127761116860632,0,0,0,0,0,0,0,0,0,0,0,0,0,0,0,0,0,0,0,0,0,0,0,0,0,0,8.66535801395309e-05,0,0,0,0,0,0.14151545352173,0,0,0,0,0,0,0,0,0,0,0.0129038128414232,0.0239190252474891,0,0,0
0,0,0,0,0,0,0,0,0,0,0,0.023421671762273,0,0,0,0,0,0,0,0,0,0,0,0,0,0,0,0.106047940339494,0,0,0,0,0,0,0,0.000179573312875643,0,0.0693912752322498,0,0,0,0,0,0,0,0,0,0,0,0,0,0,0,0,0,0,0,0.00378726748969189,0,0,0,0,0,0,0,0,0,0,0,0,0.148243090432959,0,0.699318150950307,0,0,0,0,0,2.97096624893405e-05,0,0.0135315718791399,0,0.00279313288920865,0,0,0,0
0,0,0,0,0,0,0,0,0,0,0.000791185883696293,0,0,0,0,0,0,0,0,0,0.00161080768997686,0,0,0,0,0,0,0,0.0296353606737996,0,0,0,0,0,0,0,0,0,0.000276376697001979,0,3.06770320247021e-05,0,0.000285121417590489,0,0,0,0.000117955315268458,0,0,0,0,0,0,0,0,0,0.014796216918995,0,0,0,0,0,0,0.000394076478385755,0,0,0,0,0,0,0,0,0,0.00696717896753962,0,0,0,0,0,0,0,5.48228005839901e-06,0.00243383489401442,0.0180481333401693,0.000497408121302844,0,0
0,0,0,0,0,0,0,0,0,0,0,0,0,0,0,0,0,0,0,0,0,0,0,0,0,0,0,0,0,0,0,0,0.0254151567231596,0.0363540431913387,0,0.000203330424417295,0.0158116652161511,0,0,0.000899259081015979,4.28085667067519e-05,0.00019361854471802,0,0,0,4.8324605946784e-05,0,0.0369286198523026,0.00116809440953812,0.0112230662552202,0,0,0,0,0,0,0,0,0,0,0,0,0,0,0,0,0,0,0,0,0,0,0,0,0.011188363160189,0.0484003435319387,0.031859358260887,0,2.68797931798196e-05,0.00339477574315873,2.62291167108236e-05,0,0.00127974805726589,0,5.05302215386115e-05,0,0
0,0,0,0,0,0,0,0,0,0,0,0,0,0,0,0,0,0,0,0,0,0,0,0,0,0,0,0,0,0,0,0.0254151567231596,0,0.00786109447687354,0.000722513283535717,0,0.0171469344762118,0,0,0,0,0,0,0,0,0,0,0.0421501671277899,0,0,0,0,0,0,0,0,0,0,0,0,0,0,0,0,0,0,0,0,0,0,0,0,0,0,0,0.410921713575504,0,0.00610919207342568,0,0.0278048867198007,0,3.73267582018754e-06,0.00241879090363078,0,0,0,0
0,0,0,0,0,0,0,0,0,0,0,0,0,0,0,0,0,0,0,0,0,0,0,0,0,0,0,0,0,0,0,0.0363540431913387,0.00786109447687354,0,0.134162988019572,0.000129819357807288,0.00249185672260913,0.000120752040487411,0.00625307954384762,2.12078732776825e-05,0.000100531307949504,4.8797831212291e-05,0.000448117564183696,0,0,1.43880536184835e-05,0,0.0402569514254296,0.0186769869318118,0.000379611070581908,0,0,0,0,0,0,0,0,0,0,0,0,0,0,0,0,0,0,0,0,0,0,0,0,0.00909015846383773,0.00231283332150171,0.0623401434052773,0.326247383824212,3.88384428305047e-06,0.00206712460317077,0.000701211534797267,0.0098617941419866,0.0030647105229728,0.0013052589556756,0.0023917963405613,0,0
0,0,0,0,0,0,0,0,0,0,0,0,0,0,0,0,0,0,0,0,0,0,0,0,0,0,0,0,0,0,0,0,0.000722513283535717,0.134162988019572,0,0,0.00322914162502279,0.00560504869296563,0.00337258015775105,0,0,0,0,0,0,0,0,0.0281289161069377,0.00367572198886814,0,0,0,0,0,0,0,0,0,0,0,0,0,0,0,0,0,0,0,0,0,0,0,0,0,0,0.0112462002192078,0.0116018242971513,0.897184235674768,0,0.00124834644544754,0,0.0243916656502607,0.00105366025970369,0,0,0,0
0,6.79405085040555e-06,0,0.00104936357317826,0,0.000543393192486232,0,0,0,0,0,0.0289436434864944,0,0,0,0,0,0,3.39456212541511e-06,0.00604715056642844,0,0,0,0,0,0,0,0,0,0.000179573312875643,0,0.000203330424417295,0,0.000129819357807288,0,0,0.0157136797541584,0.0426272754213265,0,0,0.00364132097795687,4.62909859678038e-05,0.000256266371163164,0,0,0.000240058692336909,0.000146988939342917,0.0239239265414265,0.00507482059089538,0.00484373189784998,0,0,0,0,0,0,0,0.0195774028251093,0,0,0,0,0.00587889546598531,0,0,0,0,0,0,0,0,0,1.04578890884571e-05,0,6.44150022708345e-05,0,0,0,0.267882240009997,0.00541548535279566,0.0437014721410588,0,0.0128038174651939,0.000145818018081788,0.00186220330524467,0,0
0,3.08103889183761e-06,0,0,6.04777472399823e-05,0,0,0,0,0,0.0178902381874228,0,0,0,0,0,0,0,6.31911480528384e-06,0,0.0314249637630561,0,0,0,0,0,0,0,0,0,0,0.0158116652161511,0.0171469344762118,0.00249185672260913,0.00322914162502279,0.0157136797541584,0,0,0.0725376083733928,0,0.0099577522645484,5.1167686686131e-05,0.000727341947717512,0,0,0,0.00245564971458006,0.00328454702382054,0.00498859517039475,0.000660433539054952,0,0,0,0,0,0,0.015087623048347,0,1.71629899239694e-05,0,0,0,0,0.00478406609149269,0,0,0,0,0,0,0,0,0,5.33701259362083e-05,0,0.0017523627521317,0,0.00974030966548687,9.19809484399778e-05,0.312849967251939,5.39339450882363e-06,0.0946342816085882,0.0479266917057117,0.00946974060278578,0.00232316327080619,0,0
0,0.00155111601872984,0,9.05043729342879e-05,0,0,0,0,0,0.000940550404671284,0,0.191957499040699,0,0,0,0,0,0,0.000769026342822896,0.00152309931054365,0,0.0536034616630093,0,0.000510796859831072,0,0,0,0.000163696161510356,0,0.0693912752322498,0,0,0,0.000120752040487411,0.00560504869296563,0.0426272754213265,0,0,0.044985651014518,0,0,0.000324674633700682,0,0,0,0,0,0.0120930183811819,0.000309881367749388,0.000300379572955383,0,0,0,0,0,0.000422216680181194,0,0.112742691812254,0,0,0,0,0,0,0.0167264850541405,0,0.000858023578069962,0,0,0,0.0261979393741253,0,0.029765407401311,0,0,0,0,0.00257997748270689,0.0573738208666823,0,0.440313816533077,0.0222622519317898,0.0167613145220796,0.00113781868558971,0.00147179682754489,0.000619492020105232,0
0,0,0,0,0,0,0,0,5.74635390202883e-06,0,0.0528443670304655,0,0,0,0,0,7.75184172671699e-05,0,8.78698547035213e-05,0,0.0696611907057376,0.0102653866584002,0.0246161132785368,0,0.000472754547973735,0,0,0,0.00127761116860632,0,0.000276376697001979,0,0,0.00625307954384762,0.00337258015775105,0,0.0725376083733928,0.044985651014518,0,0,0.000130905805112567,0,0.000851235033424142,0,0,0,0.000665538019940006,0.00297846395213538,0.0166566517921018,0,0,0,0,0,0.000576088863609696,0,0.052935273728602,0,0,0,0,0,0,0.00789882975121477,0,0.0583488023067772,0,0.00825550122595818,0,0.000155897038761225,0,0.000112559695134287,0,1.84625219482516e-05,0,0,0.000284684800162164,0.00597271330450432,0,0.000348697728969539,0.000133202897514539,0.297888534759902,0.0342331582329055,0.00641288622935006,0.00654403165762527,0,0.00184941281319318
3.99980024112512e-05,0.000743294866568882,0,0,0,0,0,0,0.000128439304833268,0.000205763340139243,0,0,0,0,0,0,0.000376241608976942,0.00229224216953798,0.0470741449353669,0,0,0,0,0,0,0,0,0,0,0,0,0.000899259081015979,0,2.12078732776825e-05,0,0,0,0,0,0,0,0.0429117409119252,0.000560171913428025,0.0992111277592281,0.00105648350466058,0.0318805140242355,2.55524411160273e-05,0.00936680458760871,0.000527451067454723,0.0652219687576079,0,0,0,0,5.92628201799518e-05,0,0,0,0,0,0,0,0,0,0,0,0,0,0,0,0,0,1.92868208459338e-05,0,0,0,0.000248966544507558,0,0.00124761862613442,2.88660640901991e-06,0.00688988056609988,0,0.000439353531986786,0,0.0510900780941289,0.00473988646551084,0
8.72770696387858e-05,0,0,0,0,0,0,0,0.000214396180260479,0,0.000153244269223056,0,0,0,0,0,0.000471443032253895,0,0.00142409339911712,0,0.00148231602621248,0,0,0,0,0,0,0,0,0,3.06770320247021e-05,4.28085667067519e-05,0,0.000100531307949504,0,0.00364132097795687,0.0099577522645484,0,0.000130905805112567,0,0,0,0.00884614525381117,0,0.00165937530011121,0,0.076145284906691,0.0500781599306061,0.0726009207070667,7.73782301831665e-05,0,0,0,0,0,0,0.00123998712242298,0,0,0,0,0,0,0.00449217401556813,0,0,0,0,0,0,0,0.000252244520190028,0,0.0118663398788199,0,0,0,0,3.38498936706837e-05,0.00946882218782512,3.49176044310678e-05,0.0145103871677375,0.000615835425470997,0.000129943789573345,0.044907601179059,0,0
0.000222701169799136,0.0303165102159379,0,9.99570050279981e-05,0,0,0,0,0.000125059218639862,0.00704344716841654,0,0.000107553241166162,0,0,0,0,0.00114124134135903,0.00810040570112308,0.164910996401732,0.00744406569255111,0,0,0,0.000192949242685235,0,0,0,0,0,0,0,0.00019361854471802,0,4.8797831212291e-05,0,4.62909859678038e-05,5.1167686686131e-05,0.000324674633700682,0,0.0429117409119252,0,0,0.00276255551750906,0.0498608925743121,0.0013433822288122,0.0448783841825266,5.08282593000529e-05,0.0123280113961182,0.000688293441916012,0.231013175126678,0,0,0,0,7.55743787116472e-06,2.47541506617552e-05,0,0,0,0,0,0,0,1.14318186273868e-05,0,0,0.000239865504222785,0,0,0,0,0,0.00646466126453624,0,1.15702899370271e-05,0,6.96427700152741e-05,0,0.00296163256181673,2.38138313695321e-06,0.0141968624744145,2.0814327812164e-05,0.0055104696400838,0,0.210148224365608,0.0702682214152986,0
0.0383184494035138,0.000456959016013999,0.0120056851296726,0,4.04286985999057e-05,0,0,0,0.0256294376642278,6.94520974951041e-05,0.000386206395186893,0,0,0,0.00023793510393357,0,0.00906751115845094,0.00143416747277799,0.0279882048164137,0,0.00112212117359692,0,0,0,8.13583792152323e-05,0,0,0,0,0,0.000285121417590489,0,0,0.000448117564183696,0,0.000256266371163164,0.000727341947717512,0,0.000851235033424142,0.000560171913428025,0.00884614525381117,0.00276255551750906,0,0.00116439760966467,0.0203940183253467,0.00216609938449077,0.0586246718516623,0.0100679183066836,0.0665790978629164,0.00130502118765307,0,0,0,0,0.0123927945670466,0,0.0222432325636872,0,3.69156639476336e-05,0,0.000658312161589007,0,0,0.00661513126722154,0,0,0,0.000218306866163578,0,0,0,0.000653574832307477,0,0.0777544683496825,0,0,0,0,6.42958179713425e-05,0.00466733114662211,2.90227919248224e-05,0.00495302759956268,0.00602157452948507,3.03881813430392e-05,0.173523454763589,2.53577665995746e-05,0.00429435130467602
0,0.000291321973499354,0,0,0,0,0,0,0.000108858469407095,0,0,0,0,0,0,0,7.65741387711793e-05,0.000508822959544754,0.0237965085678527,0,0,0,0,0,0,0,0,0,0,0,0,0,0,0,0,0,0,0,0,0.0992111277592281,0,0.0498608925743121,0.00116439760966467,0,0.000246676579634267,0.00966652665446359,0,0.000383867776694812,0.00012938423701675,0.00318249986620713,0,0,0,0,0,0,0,0,0,0,0,0,0,0,0,0,0,0,0,0,0,0,0,0,0,0,0,0,0.00424231834194635,1.67549811190123e-06,0.00238543452653354,0,0.000276962065815748,4.07565885959135e-06,0.076476681167073,0.00184103440075009,0
6.64640205310487e-05,0,0.000100291181017072,0,0,0,0,0,0.00385607993704407,0,0,0,0,0,0,0,0.00222247075601167,0.000178564997660251,0.00720571149395485,0,0,0,0,0,0,0,0,0,0,0,0,0,0,0,0,0,0,0,0,0.00105648350466058,0.00165937530011121,0.0013433822288122,0.0203940183253467,0.000246676579634267,0,0.000444553657553825,0.0215778915623887,2.83513418554973e-05,1.43118390052953e-05,0,0,0,0,0,0.00133648073846266,0,6.38744254938782e-05,0,0,0,0,0,0,0.00692002584291466,0,0,0,0,0,0,0,0,0,0.000154361483060595,0,0,0,0,0,0.002841187537898,7.24634557591622e-05,0.000915940829319627,0.000117568837899563,0,0.0184899872208185,0,0.00142307352338871
3.84584683814412e-05,0.000356993753434794,0,0.00729555297609737,0,0,0,0,0,3.03444572443695e-05,0,0.0250851763817691,0,0,0,0,0.000263622451200451,0.000611690888635273,0.0199286498223469,0.167078685116275,0,0,0,0,0,0,0,0,0,0,0,4.8324605946784e-05,0,1.43880536184835e-05,0,0.000240058692336909,0,0,0,0.0318805140242355,0,0.0448783841825266,0.00216609938449077,0.00966652665446359,0.000444553657553825,0,1.33061459740317e-05,0.00124564134530254,4.94984533120976e-05,0.00782064126330743,0,0,0,0,5.14854936157062e-05,0,0,0,0,0,0,0,0.0960454216066948,0,0,0,0,0,0,0,0,0,4.57316062420564e-05,0,0,0,0,0,0.00196481345163042,3.25911435813416e-06,0.000773137936827241,0,0.000628723493011841,3.79182404549978e-06,0.112457634226894,0.0011705060170639,8.4165238773316e-05
0.0311443551300675,0,0.00162630162036153,0,0,0,0,0,0.00242827859798864,0,8.44140553825883e-05,0,0,0,6.45907420140121e-05,0,0.00740586264737529,0.000562775875082022,0.0570451393416535,0,0.00864228172787787,0,0,0,0,0,0,0,0,0,0.000117955315268458,0,0,0,0,0.000146988939342917,0.00245564971458006,0,0.000665538019940006,2.55524411160273e-05,0.076145284906691,5.08282593000529e-05,0.0586246718516623,0,0.0215778915623887,1.33061459740317e-05,0,0.00280623557951697,0.0217983607504708,0,0,0,0,0,0.000468244819532103,0,0.00444148497525794,0,0,0,8.10644425099917e-05,0,0,0.0198857419428321,0,0,0,0,0,0,0,0.000380519097686348,0,0.0319079184972657,0,0,0,0,6.93000889167626e-06,0.00941201907397356,0,0.00992707031272854,0.00338965350684278,0,0.161589050340463,0,0.00113645166089
1.80633484406674e-05,0.021611600423863,0,0.00012420430597217,0,0,0,0,0,0.00156080555427067,0,0,0,0,0,0,2.89327797936652e-05,8.21341144681729e-06,0.00075099805713085,0,0,0,0,0,0,0,0,0,0,0,0,0.0369286198523026,0.0421501671277899,0.0402569514254296,0.0281289161069377,0.0239239265414265,0.00328454702382054,0.0120930183811819,0.00297846395213538,0.00936680458760871,0.0500781599306061,0.0123280113961182,0.0100679183066836,0.000383867776694812,2.83513418554973e-05,0.00124564134530254,0.00280623557951697,0,0.186757323354589,0.132865105340053,0,0,0,0,0,0.00358871793179865,1.00539702095107e-05,0,0,0,0,0,0,0,0,0,0.00447288581181661,0,0,0,0,0,0,0,0,0.044085339511351,0.0874325535515277,0.0126273322078664,0.00644964824699698,0.015691509808248,0.0175163692450465,0.020344507815728,0.0026321287624175,0.00222756449406208,0.0497060590888801,0.000336937572033229,0
0.0364090643397352,7.25586220976849e-05,0.028525998112704,0,5.12771800215478e-05,0,0,0,0.00139018889393418,0,0,0,0.000121703627488013,0,0.00161091561490569,0,0,0,0.00011865222159638,0,9.3969657406627e-05,0,0.0273952691905092,0,0,0,0,0,0,0,0,0.00116809440953812,0,0.0186769869318118,0.00367572198886814,0.00507482059089538,0.00498859517039475,0.000309881367749388,0.0166566517921018,0.000527451067454723,0.0726009207070667,0.000688293441916012,0.0665790978629164,0.00012938423701675,1.43118390052953e-05,4.94984533120976e-05,0.0217983607504708,0.186757323354589,0,0.00782319176918426,0,0,0,0,0.00381191522897236,0,0.00540323703477608,0,0.00486314388508032,0,0.0125020623412339,0,0,0.00332762139989441,0,0.0208234594950949,0,0.0689278561613249,0,0.00694978089679966,0,0.0182343286949384,0,0.00399936515851813,3.23744997868247e-05,0,0.0176787683413377,0.000671202150428702,0.000593702868361805,0.00169797549764123,0.0019753549904034,0.00860338183549146,0.000790033359421671,2.36765496977782e-05,0.0596900307908699,1.55353328121454e-05,5.49285606103928e-05
0,0.0390661050641394,0,0.064457007461298,0,0.000213371591626673,0,0,0,0.0182575222141209,0,0,0,0,0,0.000562820982356743,8.1698568613565e-05,0.00110575534964368,0.0394401262304459,0,0,0.000269044507149374,0,6.1472035060655e-05,0,0,0,0,0,0,0,0.0112230662552202,0,0.000379611070581908,0,0.00484373189784998,0.000660433539054952,0.000300379572955383,0,0.0652219687576079,7.73782301831665e-05,0.231013175126678,0.00130502118765307,0.00318249986620713,0,0.00782064126330743,0,0.132865105340053,0.00782319176918426,0,0,0,0,0,0,0.00519073880224576,0,0,0,0,0,0.000795961468050121,0,0,0,0,0.000213464008825875,0,0,0,0,0,0,0,5.0395385456039e-05,0,0.000755044598564033,0,0.00991121990046993,0,0.00962924288153051,0,0.00363119158746407,0,0.0807378732660003,0.0782027751569832,0
0,0,0,0,0.218401647854376,0,0,0,0.0309437085916441,0,0,0,0,0,0,0,0,0,0,0,0.00144977683125321,0,0,0,0,0,0,0,0,0,0,0,0,0,0,0,0,0,0,0,0,0,0,0,0,0,0,0,0,0,0,0,0,0,0,0,0.000783867349110105,0,6.04948925630516e-05,0,0,0,0,0,0,0,0,0,0,0,0,0,0,0,0,0,0,0,0,0,0,0,7.42211432225304e-06,0,0.000346288669724826,0,0
0,0,0,0,0,0.00132333478541113,0,0,0,0,0,0,0,0,0,0,0,0,0,0,0,0,0,0,0,0,0,0,0,0,0,0,0,0,0,0,0,0,0,0,0,0,0,0,0,0,0,0,0,0,0,0,0,0,0,0,0,0,0,0,0,0,0,0,0,0,0,0,0,0,0,0,0,0,0,0,0,0,0,0,0,0,1.48421631820383e-05,0,0,0,0
0,0,0,0,0,0,0.102833711065131,0,0,0,0.0108853600500226,0,0,0,0,0,0,0,0,0,0,0,0,0,0,0,0,0,0,0,0,0,0,0,0,0,0,0,0,0,0,0,0,0,0,0,0,0,0,0,0,0,0,0,0,0,0.0261493628164271,0,0,0,0,0,0,0,0,0,0,0,0,0,0,0,0,0,0,0,0,0,0,0,0,0,0.000224191619456597,0,0,0,0
0,0,0,0,0,0,0,0.338685761206767,0,0,0,0.0834243711137121,0,0.00422748130310529,0,0,0,0,0,0,0,0,0,0,0,0,0,0,0,0,0,0,0,0,0,0,0,0,0,0,0,0,0,0,0,0,0,0,0,0,0,0,0,0,0,0,0,0.0503727558800503,0,0.00367405413952551,0,0,0,0,0,0,0,0,0,0,0,0,0,0,0,0,0,0,0,0,0,0,0.000320184255670101,3.28380152113203e-05,0,0,0
0.189719880417327,0,0.037980566739468,0,0.00248138961615041,0,0,0,0.0836503777069098,0,0,0,0,0,0.000121531288299341,0,0.00959003039554601,0.00122378866721983,0.00834194434687693,0,0,0,0,0,0.000840504717951676,0,0,0,0,0,0,0,0,0,0,0,0,0,0.000576088863609696,5.92628201799518e-05,0,7.55743787116472e-06,0.0123927945670466,0,0.00133648073846266,5.14854936157062e-05,0.000468244819532103,0,0.00381191522897236,0,0,0,0,0,0,0,0.00010200799826912,0,0,0,0.0067514550396802,0,0,0,0,0,0,0.124347045045122,0,0,0,0.000134606370497583,0,0.000593522238894575,0,0,0,0,0,0.000144264304970515,0,0.00330663891399961,0.000517327094346807,3.20545827523319e-06,0.0115743520937601,0,0.0551891047626346
0,0.0778617079550408,0,0,0,0.0365567166435611,0,0,0,0.0499557748060004,0,0,0,0,0,0.00438934210021243,0,0,0.00169697007718852,0,0,0,0,0.0418620566960704,0,0,0,0,0,0,0,0,0,0,0,0,0,0.000422216680181194,0,0,0,2.47541506617552e-05,0,0,0,0,0,0.00358871793179865,0,0.00519073880224576,0,0,0,0,0,0,0,0,0,0,0,0.01008650221967,0,0,0,0,0.15767893845151,0,0,0,0,0,0,0,0,0,0,0,0,0,0.000766417250772861,0,0.000529469170605941,0,0.00141156175221375,0,0
0.00125888019065902,0,0.0198374593184933,0,0.0073041125819532,0,0.035585461765132,0,0,0,0.836742851859373,0,9.12291370603648e-05,0,0,0,0,0,0.000125660450757711,0,0.719157274116579,0,0,0,0,0,0,0,0,0,0.014796216918995,0,0,0,0,0,0.015087623048347,0,0.052935273728602,0,0.00123998712242298,0,0.0222432325636872,0,6.38744254938782e-05,0,0.00444148497525794,1.00539702095107e-05,0.00540323703477608,0,0.000783867349110105,0,0.0261493628164271,0,0.00010200799826912,0,0,0,0.0156876713564112,0,0.000396214079289858,0,0,0.0288977873118556,0,0,0,0,0,0,0,0.00555579088948462,0,0.0111195841955938,0,0,0,0,0,0.000117647669616929,0,0.000131007544944067,0.0016941640396823,0.000599612414765598,0.0498790540530861,0,0.00371064492708026
0,0,0,0,0,0,0,0.0471509124502595,0,0,0,0.443990941939485,0,0.262867303467475,0,0,0,0,0,0,0,0,0,0,0,0,0,0.00600999341792026,0,0.00378726748969189,0,0,0,0,0,0.0195774028251093,0,0.112742691812254,0,0,0,0,0,0,0,0,0,0,0,0,0,0,0,0.0503727558800503,0,0,0,0,0,0.0728080929008689,0,0,0,0,0,0,0,0,0,0,0,0,0.0212782124894744,0,0,0,0,0,0.000270057121242349,0,0.00105483529738124,0,0.00290213724301826,0.000174873205936501,0,0,0
0,0,0.00550709250351768,0,0.00193393389208088,0,0,0,0.00129004308034007,0,0,0,0.0166813338285696,0,0.00299320188955094,0,0,0,0,0,0.000713691633486419,0,0,0,0,0,0,0,0,0,0,0,0,0,0,0,1.71629899239694e-05,0,0,0,0,0,3.69156639476336e-05,0,0,0,0,0,0.00486314388508032,0,6.04948925630516e-05,0,0,0,0,0,0.0156876713564112,0,0,0,0.00160913553374178,0,0,3.3778205683354e-05,0,0,0,0,0,0,0,0,0,0,0,0,0,0,0,0,0,0,0.000101041350397547,0.00011703333201427,0.00198116090551693,0,0
0,0,0,0,0,0,0,0.0324681209097781,0,0,0,0.00871015392123302,0,0.751085670317915,0,0,0,0.000829384837859106,0,0,0,0,0,0,0,0,0,0.0442952783794487,0,0,0,0,0,0,0,0,0,0,0,0,0,0,0,0,0,0,0,0,0,0,0,0,0,0.00367405413952551,0,0,0,0.0728080929008689,0,0,0,0,0,0,0,0,0,0,0,0,0.0439959026989699,0,0,0,0,0,0,0,0,0,0,0,0.00573331693824386,0.000760927612611466,0,0,0
0.0120154808005894,0,0,0,0,0,0,0,0.0747714346299128,0,0,0,0.0136044932066954,0,0.051663736037788,0,0,0,0,0,0,0,0,0,0,0,0,0,0,0,0,0,0,0,0,0,0,0,0,0,0,0,0.000658312161589007,0,0,0,8.10644425099917e-05,0,0.0125020623412339,0,0,0,0,0,0.0067514550396802,0,0.000396214079289858,0,0.00160913553374178,0,0,0,0,0,0,0,0,0,0,0,0,0,0,0,0,0,0,0,0,2.10459614695201e-06,0,0,1.33938375777221e-06,0,0.000273459249493686,0,0
0,0.039925555825101,0,0,0,0,0,0,0,0.00919123826869283,0,0,0,0,0,0.110445989280352,0,0,0,0,0,0,0,0,0,0.0322453911908699,0,0,0,0,0,0,0,0,0,0,0,0,0,0,0,0,0,0,0,0,0,0,0,0.000795961468050121,0,0,0,0,0,0.01008650221967,0,0,0,0,0,0,0,0,0,0,0,0,0.00210640061524175,0,0,0,0,0,0,0,0,0,0,0,0,0,0,0,0,0,0
0,0,0,0.000457562002017598,0,0.0116564465065051,0,0,0,0,0,0.0253243427706302,0,0,0,0,0,0,0,0.417156403081401,0,0,0,0,0,0,0,0,0,0,0,0,0,0,0,0.00587889546598531,0,0,0,0,0,0,0,0,0,0.0960454216066948,0,0,0,0,0,0,0,0,0,0,0,0,0,0,0,0,0,0,0,0,0,0,0,0,0,0,0,0,0,0,0,0,0.00231270425407354,0,0,0,0.00114434313481112,0,0.0129883851290028,0,0
0.0108342224356251,0,7.02440586173659e-05,0,0,0,0,0,0.000816447454441127,0,0.00112854426042221,0,0,0,0,0,0.00317998074038929,0.000226067883846128,0.0104210715681702,0,0.0469289197324924,0,0,0,0,0,0,0,0,0,0.000394076478385755,0,0,0,0,0,0.00478406609149269,0,0.00789882975121477,0,0.00449217401556813,1.14318186273868e-05,0.00661513126722154,0,0.00692002584291466,0,0.0198857419428321,0,0.00332762139989441,0,0,0,0,0,0,0,0.0288977873118556,0,3.3778205683354e-05,0,0,0,0,0,0,0,0,0,0,0,0,7.59400428505417e-06,0,0.0146314543194994,0,0,0,0,2.37710487682953e-05,0.0058906748620639,2.51389383459775e-06,0.00654384485647189,0.00199529454453884,0,0.0408895056525313,0,0.000628342997367294
0,0,0,0,0,0,0,0,0,0,0,0,0,0,0,0,0,0,0,0,0,0.233560213725767,0.000590907809253416,0,0,0.000788950203582954,0,0.0206905730640782,0,0,0,0,0,0,0,0,0,0.0167264850541405,0,0,0,0,0,0,0,0,0,0,0,0,0,0,0,0,0,0,0,0,0,0,0,0,0,0,0,0,0,0,0,0,0.0272265173595919,0,0,0,0,0,0,0,0,0,3.18535560065933e-05,0,0.0046708373411829,0.00030507490776885,0,0,0
0,0,0,0,0,0,0,0,0,0,0,0,0,0,0,0,0,0,0,0,0,0.0128931729980818,0.239121792317079,0,0.0086331199792537,0,0.00023034574041958,0,8.66535801395309e-05,0,0,0,0,0,0,0,0,0,0.0583488023067772,0,0,0,0,0,0,0,0,0,0.0208234594950949,0,0,0,0,0,0,0,0,0,0,0,0,0,0,0,0,0,0,0.0013683880105143,0,0.00471898266478612,0,0.00148576787176322,0,0,0,0,0,0,0,0,0,0.000137935826480499,0.0110116829605557,0.000117498697193211,0,0,0
0,0.0111481568207857,0,0.000297206908384428,0,0,0,0,0,0.0247904801328113,0,0,0,0,0,0,0,0,0.00388056525398079,0,0,0,0,0.0148227470763651,0,0,0,0,0,0,0,0,0,0,0,0,0,0.000858023578069962,0,0,0,0.000239865504222785,0,0,0,0,0,0.00447288581181661,0,0.000213464008825875,0,0,0,0,0,0.15767893845151,0,0,0,0,0,0,0,0,0,0,0,0,0,0,0,0,0,0,0,0,0,0,0,0,0.00268187465759814,0,0.000268972123631239,0,0.00308366510575816,0.00264593154488347,0
0.00534103389302719,0,0,0,0,0,0,0,0.00936315544304193,0,0,0,0,0,0,0,0,0,0,0,0,0,0.00605863311073921,0,0.186852713268,0,0,0,0,0,0,0,0,0,0,0,0,0,0.00825550122595818,0,0,0,0.000218306866163578,0,0,0,0,0,0.0689278561613249,0,0,0,0,0,0.124347045045122,0,0,0,0,0,0,0,0,0,0,0.0013683880105143,0,0,0,0.00451188370613386,0,0,0,0,0,0,0,0,0,0,0,0.0100622817019106,1.0580532252787e-05,0,0.00423862846078409,0,0.00736816940481785
0,0,0,0,0,0,0,0,0,0,0,0,0,0,0,0,0,0,0,0,0,0,0,0,0,0.0307395997658928,0,0,0,0,0,0,0,0,0,0,0,0,0,0,0,0,0,0,0,0,0,0,0,0,0,0,0,0,0,0,0,0,0,0,0,0.00210640061524175,0,0,0,0,0,0,0,0,0,0,0,0,0,0,0,0,0,0,0,0,1.25600598612184e-05,0,0,0,0
0,0,0,0,0,0,0,0,0,0,0,0,0,0,0,0,0,0,0,0,0,0,0,0,0.0509331846715645,0,0.0717428069947807,0,0,0,0,0,0,0,0,0,0,0,0.000155897038761225,0,0,0,0,0,0,0,0,0,0.00694978089679966,0,0,0,0,0,0,0,0,0,0,0,0,0,0,0,0,0.00471898266478612,0,0.00451188370613386,0,0,0,0,0,0,0,0,0,0,0,0,0,0,0,0,0,0,0
0,0,0,0,0,0,0,0,0,0,0,0.000237034138782018,0,0.045052408569216,0,0,0,0.000465302703150003,0,0,0,0.000311970234024867,0,0,0,0,0,0.966547828257117,0,0.148243090432959,0,0,0,0,0,0,0,0.0261979393741253,0,0,0,0,0,0,0,0,0,0,0,0,0,0,0,0,0,0,0,0,0,0.0439959026989699,0,0,0,0,0.0272265173595919,0,0,0,0,0,0,0,0.0176547689602186,0,0,0,0,0,0,0,0.0137742635458683,0,0.00734200643202608,0.00325275581387503,0,0,0
1.5079635343123e-05,0,6.4174344260551e-05,0,0,0,0,0,0,0,0,0,0.0135536950277984,0,0,0,0,0,1.37881733654013e-05,0,0,0,0.00176051419103,0,0,0,0,0,0.14151545352173,0,0,0,0,0,0,0,0,0,0.000112559695134287,0,0.000252244520190028,0,0.000653574832307477,0,0,0,0.000380519097686348,0,0.0182343286949384,0,0,0,0,0,0.000134606370497583,0,0.00555579088948462,0,0,0,0,0,0,7.59400428505417e-06,0,0.00148576787176322,0,0,0,0,0,0,0,0.000291178532757569,0,0,0,0,0,2.00428735405342e-06,0,0.00139301574001434,0.00439930978906607,0.000537121658510902,0.00275766811735748,0,0
0,0,0,0,0,0,0,0,0,0.000385450318578927,0,0.0842376734132914,0,0,0,0,0,0,0.000524891610122809,0,0,0,0,0,0,0,0,0.0583058355464997,0,0.699318150950307,0,0,0,0,0,1.04578890884571e-05,0,0.029765407401311,0,1.92868208459338e-05,0,0.00646466126453624,0,0,0,4.57316062420564e-05,0,0,0,0,0,0,0,0,0,0,0,0.0212782124894744,0,0,0,0,0,0,0,0,0,0,0,0,0.0176547689602186,0,0,0,0,0,0,0,0,0,0.00358335149463046,0,0.00134290331177922,0,0.000647874656534505,0.00695338971242457,0
0.00125321513211873,0,0.00206338749581135,0,4.90942427741814e-05,0,0,0,0.00108512185970548,0,0.00136275674765879,0,0,0,0,0,0.000694056114101322,3.77043259545869e-06,0.00115918843709543,0,0.0027041322355228,0,0,0,0,0,0,0,0,0,0.00696717896753962,0,0,0,0,0,5.33701259362083e-05,0,1.84625219482516e-05,0,0.0118663398788199,0,0.0777544683496825,0,0.000154361483060595,0,0.0319079184972657,0,0.00399936515851813,0,0,0,0,0,0.000593522238894575,0,0.0111195841955938,0,0,0,0,0,0,0.0146314543194994,0,0,0,0,0,0,0,0.000291178532757569,0,0,0,0,0,0,0,0.00195284781984979,0,0.000611798049240247,0.000200215083765429,0.00250473660301892,0.0648073810164642,0,0.0986363306257839
0,0,0,0,0,0,0,0,0,0,0,0,0,0,0,0,0,0,0,0,0,0,0,0,0,0,0,0,0,0,0,0.011188363160189,0,0.00909015846383773,0,6.44150022708345e-05,0,0,0,0,0,1.15702899370271e-05,0,0,0,0,0,0,3.23744997868247e-05,5.0395385456039e-05,0,0,0,0,0,0,0,0,0,0,0,0,0,0,0,0,0,0,0,0,0,0,0,0,0,0,0.013636187422682,0,0,0,0,0,1.03571006078418e-05,0,0,0,0
0,0,0,0,0,0,0,0,0,0,0,0,0,0,0,0,0,0,0,0,0,0,0,0,0,0,0,0,0,0,0,0.0484003435319387,0.410921713575504,0.00231283332150171,0.0112462002192078,0,0.0017523627521317,0,0,0,0,0,0,0,0,0,0,0.044085339511351,0,0,0,0,0,0,0,0,0,0,0,0,0,0,0,0,0,0,0,0,0,0,0,0,0,0,0,0,0,0.0860440657075308,0,0.00406875294603629,0,0.000304877163072939,0.000992529291934922,0,0,0,0
0,0,0,0,0,0,0,0,0,0,0,0,0,0,0,0,0,0,7.2546027741541e-06,0,0,0,0,0,0,0,0,0,0,0,0,0.031859358260887,0,0.0623401434052773,0.0116018242971513,0,0,0,0.000284684800162164,0.000248966544507558,0,6.96427700152741e-05,0,0,0,0,0,0.0874325535515277,0.0176787683413377,0.000755044598564033,0,0,0,0,0,0,0,0,0,0,0,0,0,0,0,0,0,0,0,0,0,0,0,0,0.013636187422682,0,0,0.000532662404777381,6.03711490534434e-06,0,0.000119353031675113,0.0035040252676649,0.000254255277958113,0.00173258419434559,4.20849354915284e-05,0,0
0,0,0,0,0,0,0,0,0,0,0,0,0,0,0,0,0,0,0,0,0,0,0,0,0,0,0,0,0,0,0,0,0.00610919207342568,0.326247383824212,0.897184235674768,0,0.00974030966548687,0.00257997748270689,0.00597271330450432,0,0,0,0,0,0,0,0,0.0126273322078664,0.000671202150428702,0,0,0,0,0,0,0,0,0,0,0,0,0,0,0,0,0,0,0,0,0,0,0,0,0,0,0.0860440657075308,0.000532662404777381,0,0,0.00309753744220691,0,0.00775621788310679,0.00539300871940757,1.15074013289921e-05,0,0,0
