0,0.000749263228605864,0.00411938616047025,0,0,0,0,0,0.0461749933692,0.000307981729233003,0,0,0,0,0.00118167521923747,0,0.00278338416613852,0.000705467426676331,0.00308406414660782,0,0,2.30215122503999e-05,0.000344949262800845,0.00188451046255877,0.00974803178908352,0,0.0021709150706251,0,0,0,0,0,0,0,0,0,0,7.4520198883543e-05,0.00032045146768235,0,0,0.000185067916220558,0.00336543121434692,0,0.000205829281824187,0,3.59653381162403e-05,0,0.000757155652685742,0,0,0,0,0,0.0167879924270601,0.000594365060075264,0,0,0,0,0,0,0,0,0,9.0513333664442e-05,0.000316714895765906,0.0123547361454373,0,0.00145521567800845,0,0,0,0,0,0,0,0,2.06308280172024e-06,0,4.64473721503958e-05,0.000151116694063988,0.00301485134359642,0.000157735492318513,0.00349202779626705,0,0.00697038214561881
0.000749263228605864,0,0.000291821754979815,0.012007138655019,0,0,0,0,0.000670213889107944,0.0715337590308183,0,0,0,7.05007174337695e-05,4.22480920053668e-05,0.0177097215767598,0.000969803443595509,0.00380039564459902,0.0100274599732204,0,0,0.0010981084888346,9.52371692904017e-06,0.0428415211861603,0.000134438366030677,0.0118709245223131,4.40958066154941e-05,0,0,0,0,0,0,0,0,0,0,0.00147623218080785,0,0,2.2146627291984e-05,0.00540802165814922,2.0939298739903e-05,0.00176494190205201,0.00126970933261095,8.17419202338047e-05,0.000112930112261179,0,0,0.00218710581365886,0,0,0,0,0.000651048022387414,0.0821050623103127,0,0,0,0.00332712376722306,0,0.0347795284024477,0,0,0.000317457384965913,6.80886142576413e-05,0.0230012403284922,0,0.00884887713533004,0.000330196732803833,0,0,0,0,0,0,0,0,1.18583681820109e-06,2.88680933464876e-06,0.000424475105967624,0,0.00249373354789562,0.000175573764508567,0.00896105774519566,0.000651015465275538,0
0.00411938616047025,0.000291821754979815,0,0,0.00579897836495934,0,0,0,0.00195708868426669,3.13806408543985e-05,0,0,0,0,0,0,0.000163215792001981,8.21193033753186e-05,0.000237287799857831,0,0,3.19640945916442e-06,1.15097651333361e-05,0,0.00102859874011613,0,0.00102124039551549,0,0,0,0,0,0,0,0,0,0.000313121939975,0,0.000158063747264879,0,0,1.2121157459064e-05,0.000816844870408472,0,0.0026845595129397,0,5.0350867694733e-05,0,0.00448106339836397,0,0,0,0,0,0.00237860465973541,0.00036934480109617,0.0031138916103543,0,0,0,0,0,0,4.44917485943747e-05,0,0.000140727844600359,0,0.00134716340994008,0,0,0,0,0,0,0,0,0,0,0,0.000117775900212667,0,7.57792675455909e-06,0.000888503406696666,6.88272216546524e-05,0.0127925993864171,0,0.00289071301267519
0,0.012007138655019,0,0,0,0,0,0,0.000311153823543877,0.00190883398687374,0,0,0,0,0,0.00022480681155482,3.04904478991388e-05,0.000289145565114019,0.000451849213428854,0,0,9.44001403904845e-05,0,0.00333712721666381,0.000495381471037712,0.000583371648135263,0,0,0,0,0,0,0,0,0,6.53578461205665e-05,0,0.000120853566943006,0,0,0,0.000598393573894725,0,0.000105310478908197,0.000128072964097014,0.000129639707648449,0,0,0,0.00366808108992902,0,0,0,0,0,0.00132827351546212,0,0,0,0,0,0,0,0,4.1099671430994e-05,0,0.00203593038808501,0,0.000432478234871764,0,0,0,0,0,0,0,0,0,0,0,3.89627367745741e-05,0,0.0003465413346668,1.95996819250006e-05,0.0150928753812205,6.60529748146071e-05,0
0,0,0.00579897836495934,0,0,0,0.00569702752142748,0,0,0,0,0,0,0,0,0,0,0,0,0,0.00217177547729153,0,0,0,0,0,0,0,0,0,0,0,0,0,0,0,9.75595346264249e-05,0,0,0,0,0,0,0,0,0,0,0,0,0,0.000951351176249147,0,0.002380351853972,0,0,0,0,0,0,0,0,0,0,0.00087563325502141,0,0,0,0,0,0,0,0,0,0,0,0,0,0,0,0.000159910152334636,0,0,0.000814046077544216,2.82926831107646e-06,0.000191543431126472,0,0
0,0,0,0,0,0,0,0,0,0,0,0,0,0,0,0,0,0,0,0,0,0,0,0,0,0,0,0,0,0,0,0,0,0,0,0,0,0,0,0,0,0,0,0,0,0,0,0,0,0,0,0,0,0,0,0,0,0,0,0,0,0,0,0,0,0,0,0,0,0,0,0,0,0,0,0,0,0,0,0,0,0,0,0,0,0,0
0,0,0,0,0.00569702752142748,0,0,0,0,0,0.000300846153060625,0,0,0,0,0,0,0,0,0,0.00362939703935986,0,0,0,0,0,0,0,0,0,0,0,0,0,0,0,0,0,0,0,0,0,0,0,0,0,0,0,0,0,0.00395947386053279,0,0.0198113344860039,0,0,0,0.000407362024384722,0,0,0,0,0,0,0.000916083384719358,0,0,0,0,0,0,0,0,0,0,0,0,0,0,0,0,0,0,0.00056642879814295,0,0,0,0
0,0,0,0,0,0,0,0,0,0,0,0,0,0,0,0,0,0,0,0.000541691441191574,0,0,0,0,0,0,0,0,0,0,0,0,0,0,0,0,0,0,0,0,0,0,0,0,0,0,0,0,0,0,0,0,0,0.00490140032717928,0,0,0,0,0,0,0,0,0,0,0,0,0,0,0,0,0,0,0,0,0,0,0,0,0,0,0,0,0.000249933077402795,3.91597673866216e-05,0,0,0
0.0461749933692,0.000670213889107944,0.00195708868426669,0.000311153823543877,0,0,0,0,0,0.000702833139545036,0,0,0,0,0.0303398273256701,0,0.0175307841020764,0.0012939314427792,0.00645002032147423,0,0,2.8489955270864e-05,0.000731239196233778,0.000586491532554643,0.0281661774775907,0,0.0219255826488845,0,0,0,0,0,0,0,0,0,1.19145153011576e-06,5.53857698358903e-05,0.000312121026028945,0,6.84525620448407e-05,0.000301985812530728,0.00186070248420496,0.000415914991252233,0.000930095464906325,0,0,0,0.000905640845173684,2.12389677813627e-05,0,0,0,0,0.0882934787230496,0.000488937120689543,0,0,0,0,0.028648466696263,0,0,0,0,0.000705508097420648,0,0.0287238312239596,0,0.0204140174714229,0,0,0,0,0,0,0,0,0,0,1.94612125193711e-05,0.000299793682919362,0.00498915225907202,0.000296706052794,0.00021877591254752,0,0.000910987039052733
0.000307981729233003,0.0715337590308183,3.13806408543985e-05,0.00190883398687374,0,0,0,0,0.000702833139545036,0,0,0,0,0.00200844520020726,0,0.0724574167073938,0.000779477109553857,0.0164376755761405,0.00699096971444147,0,0,0.00110245453783356,0,0.0548915094162577,0.00019804050913145,0.0209566564585277,0.000162798591386532,0,0,0,0,0,0,0,0,0,0,0.000833724164454675,0,0,6.34292767554639e-05,0.00226660123350024,0.000257725209888106,0.00229155068028122,0.00108484580580996,2.87828199605628e-05,5.19621088280977e-05,0,0,0.000161589508124976,0,0,0,0,0,0.11052735030593,0,0,0,0.000110525339227192,0,0.0459281579858941,0,0,0.000406229800451884,1.04630950691242e-05,0.0145755728402037,0,0.013904641233398,6.17552058025939e-05,0,0,0,0,0,0,0,0,0,0,0.000214585306382753,2.78584967218169e-05,0.00500578764572467,0.000209096960472789,0.00393427853250128,0.0013727900262956,0.000217598397787042
0,0,0,0,0,0,0.000300846153060625,0,0,0,0,0,0.000616842451988708,0,0,0,0,0,0,0,0.00763908530258416,0,0,0,0,0,0,0,0.00175488874667497,0,0.0181002147887076,0,0,0,0,0,0.00179850992565451,0,0.00511173827444993,0,7.64264234873397e-06,0,0,0,0,0,1.83201080847284e-05,0,8.89282533226591e-05,0,0,0,7.61555385722576e-05,0,0,0,0.0317587493448909,0,0.00548718712197207,0,0,0,0,0.00152645945625385,0,1.81619819525488e-05,0,0,0,0,0,0.00142055812723157,0,0.0128065074923164,0,0,0,0,0,0.000688854970404042,0,0.00484408124517598,0.00296654021645672,0,9.78559207600368e-06,0,0
0,0,0,0,0,0,0,0,0,0,0,0,0,0.00566590441548534,0,0,0,0,0,0.0381269269637924,0,0,0,0,0,0,0,0,0,0.00977154817477976,0,0,0,0,0,6.0523111196121e-06,0,0.00206223460247896,0,0,0,1.87088177324368e-05,0,0,0,0.000712647477837091,0,0,0,0.000250559480908119,0,0,0,0.000714630042100015,0,0,0,0.0322105180155192,0,0.00733474404006183,0,0,0.0135149107376249,0,0,0,0,0,0,0,8.60182471943837e-05,0,0.0202776588859623,0,0,0,0,0,3.17443540787773e-05,0,0.00252670125114442,0,0.00156198709581094,0,0,0,0
0,0,0,0,0,0,0,0,0,0,0.000616842451988708,0,0,0,0.00416173018127459,0,0.000106439762746796,0,0,0,0,0,0,0,0,0,0.000901903129237613,0,0,0,0,0,0,0,0,0,0,0,0,0,0,0,0,0,0,0,0,0,0,0,0,0,0,0,0,0,0.000496245434159779,0,0.00751524946057016,0,0.000686848376992197,0,0,0,0,0,0,0,0,0.000307366183408021,0,3.76647840312216e-05,0,0,0,0,0,0,0,0,0,0,0.000118544728683853,0,0,0,0
0,7.05007174337695e-05,0,0,0,0,0,0,0,0.00200844520020726,0,0.00566590441548534,0,0,0,0.0276675116894306,0,0.00332301515092968,6.18956097424289e-06,0,0,0,0,0,0,0.0123712750036228,0,0.00140176707267534,0,0,0,0,0,0,0,0,0,0,0,0,0,0,0,0,0,0,0,0,0,0,0,0,0,0,0,0.000945457465898442,0,0.000481019625105462,0,0.00598747845340406,0,0.00791500038007777,0,0,0,0,0,0,0.00615528371221614,0,0,0,0,0,0,0,0,0,0,0,0,0,0.000102403097901185,0,0,0,0
0.00118167521923747,4.22480920053668e-05,0,0,0,0,0,0,0.0303398273256701,0,0,0,0.00416173018127459,0,0,0,0.00905308169935054,0.000138509658134572,0.000291091657395556,0,0,0,0.000285497116030123,0,0.0143595440994469,0,0.0397918357943937,0,0.0004256439154335,0,0,0,0,0,0,0,0,1.39840036991765e-05,0,0,0.00010381113453908,7.86120396145716e-06,0.000143158421271447,0,0,0,0,8.7396279364754e-06,0,0,0,0,0,0,0.0372552425121197,0.000153561911429323,0,0,0.00248375212851162,0,0.075938573490728,0,0,0,0,1.48108964589928e-05,0,0.00693620323038317,0,0.0204905462596726,0,0,0,0,0,0,0,0,0,0,0,0,0.00164733816416596,0.000129582355503133,5.53400271012437e-05,0,0
0,0.0177097215767598,0,0.00022480681155482,0,0,0,0,0,0.0724574167073938,0,0,0,0.0276675116894306,0,0,6.61147039950556e-05,0.0149147441408947,0.000505766298835474,0,0,0.000302640267773384,0,0.00933092508244279,0,0.0655971968534753,0,0.000385306994431763,0,0,0,0,0,0,0,0,4.1913911374484e-06,5.42898198773254e-05,0,0,0,0.000242697454899017,0,0.000138770948469348,0.000610927908475927,0,4.22642628581616e-05,0,0,0,0,0,0,0,0,0.0810898705445801,0,0,0,0.00830230171791727,0,0.151988415712868,0,0,0.000325136720379604,0,0.00164108008714873,0,0.0841630897573417,0,0,0,0,0,0,0,0,0,0,0,5.92170019430823e-06,0,0.0012027400517059,9.55508539217877e-06,0.000386284716587054,0,0
0.00278338416613852,0.000969803443595509,0.000163215792001981,3.04904478991388e-05,0,0,0,0,0.0175307841020764,0.000779477109553857,0,0,0.000106439762746796,0,0.00905308169935054,6.61147039950556e-05,0,0.0361889362515243,0.0580989040407106,0,0,1.99993589802263e-05,0.00253323619497167,0.000670535525138348,0.00611324574190033,9.98784618938398e-05,0.0260854148272335,0,0,0,0,2.80835919166338e-05,0,0,0,1.06174310919626e-06,3.604914670595e-06,0.000244625305593037,0.000432491318369288,0,0.000128514305180136,0.00133693328798368,0.00401826589449343,0.000542139625944473,0.000513673498752703,0,4.96864287292468e-05,3.77280725141393e-05,0.000155237797805465,5.11037909765113e-05,0,0,0,0,0.00352967374236343,0.000726242948822891,0,0,0,0,0.00378251837213379,0,0,2.49584990076666e-06,4.87699916835017e-06,0.00081788960121271,6.66262853935708e-05,0.00211960649008048,4.23054193282601e-05,0.00537972938036934,0,0,0,0,4.31151268544741e-05,0,2.43031709571689e-06,0,2.56837339792318e-05,2.05493731985593e-05,0.000105962379983702,2.03162913647412e-05,0.0234976780004182,0.00144053801247147,0.000553533957971845,0,0.000388866934801989
0.000705467426676331,0.00380039564459902,8.21193033753186e-05,0.000289145565114019,0,0,0,0,0.0012939314427792,0.0164376755761405,0,0,0,0.00332301515092968,0.000138509658134572,0.0149147441408947,0.0361889362515243,0,0.0492708409319406,0,0,0.00851361618744234,0.000108859067667005,0.00858561302394087,0.000540611012332138,0.0285442243287128,0.000251720096403845,0.00245686603813596,0,0,0,2.53673708900759e-06,0,0,0,5.60887474918188e-06,0,0.000630629259224542,0.000145368520108632,0,0.000126513450097345,0.00203952303600261,0.00132974956314289,0.000129491961075744,0.000199794139623053,0,9.71116292684858e-06,3.1146781750213e-05,7.97204996318395e-06,4.44252680216228e-05,0,0,0,0,0.000441577094983576,0.00372675579986056,0,0,0,0.000369094563116285,2.00045573984257e-05,0.00489219542915182,0,0,0.00347401405744221,0.000126787551327502,0.00196844251813028,0.000307735343451973,0.00660781816976846,0,3.3781821093746e-05,0,0,0,0,0,0,0,5.47684986763575e-05,7.07858181714447e-06,0.000177176669558083,2.40132748287824e-05,0.0186780450068371,0.00391027840459392,0.000744162914724994,0,0.000115990990991749
0.00308406414660782,0.0100274599732204,0.000237287799857831,0.000451849213428854,0,0,0,0,0.00645002032147423,0.00699096971444147,0,0,0,6.18956097424289e-06,0.000291091657395556,0.000505766298835474,0.0580989040407106,0.0492708409319406,0,0,0,5.17365563502621e-05,0.000189980566727245,0.00213802530230639,0.00177622830848491,5.62317221482973e-05,0.000456462501756758,0,0,0,0,0.000833927108228365,0,7.12280746783633e-05,0,0.000161848917543529,0.000179896523444191,0.000881463753762538,0.00011770564088522,0.00017677545074947,0.00332187711665667,0.0282869070438867,0.0238672911190541,0.0141327667803137,0.0215669768368117,0.000175544328778375,0.00164097896391108,0.00132522223717494,0.000115506890241977,0.000815973790973494,0,0,0,0,0.00212696935885648,0.0030488283870329,0,0,0,0,0,3.37439395783063e-05,2.78777337052658e-05,0.000133758090616058,0,0.000300126629702128,0.000594554411331151,0.000925984569658668,0.000179034933373092,0.000176925353445243,0,0,0,0,0.00078862488286812,0,4.64766021043481e-05,0,0.00120831504463093,0.00021759811886137,0.000250057657592974,8.89280755975714e-05,0.0245612694110655,0.00193962882317303,0.0104913912880456,0,0.00271101674555316
0,0,0,0,0,0,0,0.000541691441191574,0,0,0,0.0381269269637924,0,0,0,0,0,0,0,0,0,0,0,0,0,0,0,0,0,0.0366906826003115,0,0,0,0,0,0.00430079309737638,0,0.00336633408924075,0,0.0034301657037472,0,0,0,0,0,0.00593380448111426,0,1.03029518453164e-05,0,0.000116691548689108,0,0,0,0,0,0,0,0.0167082274280248,0,0,0,0,0.0889339255487004,0,0,0,0,0,0,0,0.000108952926188349,0,0.00936758353511698,0,0,0,0,0,0.000932440053142883,0,0.00489937567639662,0,0.00126850529625961,0,0.000120098437163536,0,0
0,0,0,0,0.00217177547729153,0,0.00362939703935986,0,0,0,0.00763908530258416,0,0,0,0,0,0,0,0,0,0,0,0,0,0,0,0,0,0,0,0.00162978866636824,0,0,0,0,0,0.00645543225934455,0,0.000646872117296232,0,0.00252235216795894,5.28034885921898e-05,0.00354109455791017,0,0,0,0.0232147046521446,0,0.000602749934551465,4.22507654358371e-05,0,0,0,0,0,0,0.00722303214232182,0,0,0,0,0,0,0.171930640015023,0,0,0,0,0,0,0,0,0,0.00173757113795038,0,0,0,0,5.82753295487537e-06,0.00903140322668877,0,0.001726618540591,0.00234106811216981,2.91902725143553e-05,0.00435688686338111,0,0.00802180384896139
2.30215122503999e-05,0.0010981084888346,3.19640945916442e-06,9.44001403904845e-05,0,0,0,0,2.8489955270864e-05,0.00110245453783356,0,0,0,0,0,0.000302640267773384,1.99993589802263e-05,0.00851361618744234,5.17365563502621e-05,0,0,0,0,0.00840015764597629,0,0.00936170130441324,0,0.00236851123455943,0,9.88117865874104e-06,0,0,0,0,0,0,0,0.00495682472129081,4.9475714439152e-05,0,0,5.3783513098408e-05,3.77355949321895e-06,0,0,0,0,0,0,0.00381214862428131,0,0,0,0,0,0.00113833126628828,0,1.24755495824238e-05,0,0,0,0.000130246426604753,0,0,0.0325662988708547,0,0.00328642420008191,0,0.00254323002179431,0,0.00111441940429148,0,0.00102687790818586,0,0,0,4.85297713572462e-06,0,0,1.16983097693275e-06,0.00298394803995122,0,0.00211680924952802,0.000245481242700862,0.000282923998342189,4.27906124673267e-06,0
0.000344949262800845,9.52371692904017e-06,1.15097651333361e-05,0,0,0,0,0,0.000731239196233778,0,0,0,0,0,0.000285497116030123,0,0.00253323619497167,0.000108859067667005,0.000189980566727245,0,0,0,0,0,0.0085591607503929,0,0.00100320679651242,0,0.000467995410214666,0,1.30617326723992e-05,0,0,0,3.30749872550404e-05,0,0,4.69744848664256e-05,0.0104558788087528,0,0,3.98836803619685e-05,0.000102922164685177,0,0,0,0,0,0.000523914994735494,0,0,0,0,0,0.000482727334895857,4.22387412255558e-05,0,0,0,0,0.000112727269311785,0,0,0,0,0.038724446814008,0,0.00368592340883466,0,0.000642032010250869,0,0.000247608990100516,0,4.05244805477457e-05,0,0,0,0,0,0,0,0.00830416942705999,0.00209857754408738,1.54355610401515e-06,4.56848002115631e-05,0,0
0.00188451046255877,0.0428415211861603,0,0.00333712721666381,0,0,0,0,0.000586491532554643,0.0548915094162577,0,0,0,0,0,0.00933092508244279,0.000670535525138348,0.00858561302394087,0.00213802530230639,0,0,0.00840015764597629,0,0,6.49200336277061e-05,0.052957462802845,9.12687427657235e-05,0,0,0,0,0,0,0,0,0,0,0.00234294289011329,0,0,1.10869323987489e-05,0.00135225283170451,0.000235812707745726,0.000264325767559259,0.000369427849010941,0,9.13487506990851e-06,0,0,0.00164768150150384,0,0,0,0,0,0.0495371461330057,0,0,0,0,0,0.00171733389526661,0,0,0.00804258113335925,4.57281590914328e-05,0.0889909450739494,0.000214818698240955,0.0293998770208077,0.000233805964022324,0,0,5.15123648244485e-05,0,3.7939920962187e-05,0,0,0,9.1470876403128e-06,3.30692517961018e-06,0.00110320104081074,0,0.0031654329912257,0.000449084341989299,0.00501565829238845,0.00124473006215232,0
0.00974803178908352,0.000134438366030677,0.00102859874011613,0.000495381471037712,0,0,0,0,0.0281661774775907,0.00019804050913145,0,0,0,0,0.0143595440994469,0,0.00611324574190033,0.000540611012332138,0.00177622830848491,0,0,0,0.0085591607503929,6.49200336277061e-05,0,0,0.0248254943816747,0,0,0,0,0,0,0,0,6.29741976435229e-06,0,3.46547425605718e-05,0.00357888533461845,0,8.04737988819599e-05,0.000167240694739001,0.000814179853916861,0,0.000620445892853143,0,0,0,9.56303313181015e-05,0,0,0,0,0,0.0473360575944112,7.67585169192554e-05,0,0,0,0,0.0103191447006472,0,0,0,0,0.00700337251490857,0,0.065683491172852,0,0.0176301844659136,0,0,0,0,0,0,0,0,0,0,6.28531445914484e-06,0.00114308483400148,0.00239006639742196,9.61366089217107e-05,0.000276600218618364,0,0
0,0.0118709245223131,0,0.000583371648135263,0,0,0,0,0,0.0209566564585277,0,0,0,0.0123712750036228,0,0.0655971968534753,9.98784618938398e-05,0.0285442243287128,5.62317221482973e-05,0,0,0.00936170130441324,0,0.052957462802845,0,0,0,0.00218549927914838,0,0,0,0,0,0,0,0,0,0.00020636720309188,0,0,0,3.68164688904174e-05,0,0.000116068674938848,0,0,0,0,0,0.000150588592834697,0,0,0,0,0,0.0146085790943407,0,0,0,0.00364843341114819,0,0.040108407592606,0,0,0.00922751206474984,0,0.00875844784900398,0,0.310919296141555,0,0,0,0,0,0,0,0,0,0,0,4.33598171149627e-05,0,0.00123450038631721,2.26410328361447e-05,0.001031743732706,0.00105472482622454,0
0.0021709150706251,4.40958066154941e-05,0.00102124039551549,0,0,0,0,0,0.0219255826488845,0.000162798591386532,0,0,0.000901903129237613,0,0.0397918357943937,0,0.0260854148272335,0.000251720096403845,0.000456462501756758,0,0,0,0.00100320679651242,9.12687427657235e-05,0.0248254943816747,0,0,0,0.00290241770759528,0,0,0,0,0,0,0,0,1.46670422826872e-05,5.53815452530139e-05,0,0,0.000412915762247917,0.000250612493831633,0,0,0,0,0,0.000565753642077236,0,0,0,0,0,0.0300423731765079,0,0,0,0,0,0.0416653944116926,0,0,0,0,0.000866288417957027,0.000126924751664804,0.0151963906015511,0,0.111942830631059,0,0.000337123550859283,0,0,0,0,0,0,0,3.62058951699609e-06,0,1.52503714098646e-05,0.00301039598621664,5.34039680278114e-05,5.90905577329338e-05,0,0.000323353632741451
0,0,0,0,0,0,0,0,0,0,0,0,0,0.00140176707267534,0,0.000385306994431763,0,0.00245686603813596,0,0,0,0.00236851123455943,0,0,0,0.00218549927914838,0,0,0,0.00383602769568797,0,0,0,0,0,0,0,9.91317624710313e-05,0,0,0,0,0,0,0,0,0,0,0,0,0,0,0,0,0,0,0,0,0,0.00150733643738908,0,0.000373112832491951,0,0,3.26062088901867e-05,0,0,0,0.00165634443282259,0,0.0208287631505854,0,0.00569156594387262,0,0,0,0,0,0,0,0,0,0.000734140860000527,5.93155344774036e-06,0,0,0
0,0,0,0,0,0,0,0,0,0,0.00175488874667497,0,0,0,0.0004256439154335,0,0,0,0,0,0,0,0.000467995410214666,0,0,0,0.00290241770759528,0,0,0,0.0079111902197971,0,0,0,0,0,0,0,0.000112959850268906,0,0,0,0,0,0,0,0,0,0,0,0,0,0,0,0,0,0.000149795751815763,0,0,0,0,0,0,0,0,0.000174013175855959,0,0,0,0.00278462451123347,0,0.0141229277368599,0,0.00143049491093013,0,0,0,0,0,0,0,0.00291672189935723,2.75665320187444e-05,0,0,0,0
0,0,0,0,0,0,0,0,0,0,0,0.00977154817477976,0,0,0,0,0,0,0,0.0366906826003115,0,9.88117865874104e-06,0,0,0,0,0,0.00383602769568797,0,0,0,0,0,0,0,0,0,0.00104702649645169,0,0,0,0,0,0,0,0.0002537331066146,0,0,0,0,0,0,0,0,0,0,0,0.00748323016378382,0,0,0,0,0.00425614690191906,0,0,0,0,0,0,0,0.00964328848852412,0,0.0488501108217524,0,0,0,0,0,0,0,0.00179923466223502,0,0.000123570690518406,0,0,0,0
0,0,0,0,0,0,0,0,0,0,0.0181002147887076,0,0,0,0,0,0,0,0,0,0.00162978866636824,0,1.30617326723992e-05,0,0,0,0,0,0.0079111902197971,0,0,0,0,0,0,0,3.54057837722874e-06,0,0.00196336727179002,0,3.7864527060735e-05,0,0,0,0,0,6.24075228840092e-06,0,0.00017229397713696,0,0,0,0,0,0,0,0.0127646096297481,0,0,0,0,0,0,0.000418546873711007,0,0.000161158259900946,0,0,0,0,0,0.0140375114250749,0,0.0331973428391243,0,0,0,0,0,1.81832933669701e-05,0,0.00886237075280672,0.000132992043275068,0,0,0,0
0,0,0,0,0,0,0,0,0,0,0,0,0,0,0,0,2.80835919166338e-05,2.53673708900759e-06,0.000833927108228365,0,0,0,0,0,0,0,0,0,0,0,0,0,0.00920956715925217,0.0260516044591375,0,0.00688257522152897,0.000767013946988346,0,0,0.00862802239133453,0.000245894117455896,0.00362273840734638,0.000485486820915522,0.000177973280821438,0.00060813435456122,0.00339003095141475,5.5430253124489e-05,0.0212735471548163,0.000306353411314882,0.00896772390517339,0,0,0,0,0,0,0,0,0,0,0,0,0.00028182389728417,0,0,0,0,0,0,0,0,0,0,0,0.211409428435826,0.000227799261318686,0.00946948714658501,0,0.01348008983991,6.76797249917271e-05,5.32684076497828e-06,0,0.00228794504940684,0,0.00125613887610777,0,0
0,0,0,0,0,0,0,0,0,0,0,0,0,0,0,0,0,0,0,0,0,0,0,0,0,0,0,0,0,0,0,0.00920956715925217,0,0.000210668395194971,0.0163217647276438,0,0.00571366313260905,2.63746618753979e-06,0,0.000154013053286078,0.00612537105681414,0,5.01572921744052e-05,0,0,5.89634339359995e-05,0.000996482334397008,0.0458929505269465,0.0273904128271534,0.000446783778063204,0,0,0,0,0,0,0,0,0,0,0,0,0,9.98909449826877e-05,0,0,0,0,0,0,0,0,0,0,0.000318765974219449,0.20888946927862,9.7783259017172e-05,0.00380334412500325,2.08047851314703e-06,0.00267607264085935,2.29315691037862e-06,5.59097732322793e-05,0.00171740514046336,0,0.00198997067623604,0,0
0,0,0,0,0,0,0,0,0,0,0,0,0,0,0,0,0,0,7.12280746783633e-05,0,0,0,0,0,0,0,0,0,0,0,0,0.0260516044591375,0.000210668395194971,0,0.0356186602726514,0.00221405854505315,0,0.00579773392151634,0,0.000247171064912474,0,0.00634103167140631,0.000155345537582459,0,0,7.44174739102324e-05,0,0.0344924253943967,0,0.0305891785932993,0,0,0,0,0,0,0,0,0,0,0,0,0,0,0,0,0,0,0,0,0,0,0,0,0.0231983249732266,0,0.244944266892588,0.0155084898916811,0.00463468237708864,0,0.00725212215314388,0,0.00182891263221788,0,0.0011365704356126,9.60347617445824e-05,0
0,0,0,0,0,0,0,0,0,0,0,0,0,0,0,0,0,0,0,0,0,0,3.30749872550404e-05,0,0,0,0,0,0,0,0,0,0.0163217647276438,0.0356186602726514,0,0,0.00597158015904607,8.61114647048768e-05,0.00445680774465163,0,0.000170003381426218,0,0.00554821374481942,0,0,0,0,0.0440527778037086,0.013855204296563,3.7936641304893e-05,0,0,0,0,0,0,0,0,0,0,0,0,0,0,0,0,0,0,0,0,0,0,0,0,4.9059795350621e-05,0.0169516590295818,0.00364282633213939,0.32389906397531,0,0.00311665166358986,4.80789832400609e-06,0.0195152274198765,0.000655307332628829,0,0.00407671365015198,0,0.00027491257100541
0,0,0,6.53578461205665e-05,0,0,0,0,0,0,0,6.0523111196121e-06,0,0,0,0,1.06174310919626e-06,5.60887474918188e-06,0.000161848917543529,0.00430079309737638,0,0,0,0,6.29741976435229e-06,0,0,0,0,0,0,0.00688257522152897,0,0.00221405854505315,0,0,9.91509871676353e-05,0.00194424113507439,0,0.000402236728255917,3.64476402841485e-05,0.00362779477447525,0.000287347848797483,5.24469681643051e-05,2.3997336522328e-05,0.00133417523232886,1.71204031102597e-05,0.00103054446655444,1.01850607769123e-05,0.00149835111290732,0,0,0,0,0,0,0,0,0,0,0,0,0.00153338852142618,3.99002642277215e-06,0,0,0,0,0,0,0,0,0,0,0.0117297775403727,0,0.000743149865615891,0,0.0697072422644814,6.10283110626074e-06,0.00203422480300369,0,0.00484830915019316,0.00117093606198072,0.00187962655743052,0,0
0,0,0.000313121939975,0,9.75595346264249e-05,0,0,0,1.19145153011576e-06,0,0.00179850992565451,0,0,0,0,4.1913911374484e-06,3.604914670595e-06,0,0.000179896523444191,0,0.00645543225934455,0,0,0,0,0,0,0,0,0,3.54057837722874e-06,0.000767013946988346,0.00571366313260905,0,0.00597158015904607,9.91509871676353e-05,0,0,0.00253532016579373,1.33526850242314e-06,0.00300817708377822,0.000123831226898435,0.00328861204395572,1.9912060903538e-05,2.8037543202944e-05,0,0.00339334213740997,0.0006292130568611,0.000606054549941232,1.15849934868394e-05,0,0,0,0,0,2.69929288627328e-06,0.000456186662857804,0,0,0,0,0,0,0.00288430309331213,0,1.80114614346872e-06,0,0,0,0,0,0,0,0,0,0.0021745616351748,0,0.00159750872517208,5.03612054340432e-05,0.0966642262889685,0,0.0041512256835277,0.00673539603403199,0.00111452867597721,0.00438220196281724,0,0
7.4520198883543e-05,0.00147623218080785,0,0.000120853566943006,0,0,0,0,5.53857698358903e-05,0.000833724164454675,0,0.00206223460247896,0,0,1.39840036991765e-05,5.42898198773254e-05,0.000244625305593037,0.000630629259224542,0.000881463753762538,0.00336633408924075,0,0.00495682472129081,4.69744848664256e-05,0.00234294289011329,3.46547425605718e-05,0.00020636720309188,1.46670422826872e-05,9.91317624710313e-05,0,0.00104702649645169,0,0,2.63746618753979e-06,0.00579773392151634,8.61114647048768e-05,0.00194424113507439,0,0,0.000245801408343122,6.61944144395341e-06,1.68864396764702e-06,0.000603452651207532,6.97854318318079e-05,2.28492048337414e-06,2.57973109366775e-05,0.000873664149616016,2.0367184389716e-05,5.93852403051836e-05,2.15908181286831e-06,0.00362494450157809,0,0,0,0,0,0.00102594971171062,0,2.43676935002199e-05,0,0,0,3.95195252526497e-06,0.00419072860849739,0,0.00178926976523514,1.65641010378868e-05,0.000895748205762797,6.9181328172532e-05,1.43760758061841e-05,2.53228049636357e-06,2.52723331650559e-05,0,0.00221119233765046,0,2.31897729647239e-06,0,0.00533115143214844,0.000116932346472306,0.00130964236976966,2.8715693743299e-06,0.0446035896708337,0,0.00298945980828786,0.000182182515515298,0.000414458427774354,6.23012256861308e-05,0
0.00032045146768235,0,0.000158063747264879,0,0,0,0,0,0.000312121026028945,0,0.00511173827444993,0,0,0,0,0,0.000432491318369288,0.000145368520108632,0.00011770564088522,0,0.000646872117296232,4.9475714439152e-05,0.0104558788087528,0,0.00357888533461845,0,5.53815452530139e-05,0,0.000112959850268906,0,0.00196336727179002,0,0,0,0.00445680774465163,0,0.00253532016579373,0.000245801408343122,0,0,3.13361566501069e-06,1.75845932842166e-05,0.000220012864291013,0,0,0,1.04468487650212e-06,0.000134798457141675,0.00282318902873108,0,0,0,0,0,0.000221117025270035,0,0.000609060730174327,0,0,0,4.36983873194127e-06,0,0,5.38353079997807e-05,0,0.00368721228241236,0,0.000213049230921802,0,5.47023096976608e-05,0,0.000771497975055885,0,9.18398013672114e-05,0,6.1468630099762e-06,0,0.00359961381690863,0,0.000950836865497684,0,0.042833911874487,0.00251207745580301,9.96178135513591e-05,5.39012824699896e-05,0,1.45754572204883e-06
0,0,0,0,0,0,0,0,0,0,0,0,0,0,0,0,0,0,0.00017677545074947,0.0034301657037472,0,0,0,0,0,0,0,0,0,0,0,0.00862802239133453,0.000154013053286078,0.000247171064912474,0,0.000402236728255917,1.33526850242314e-06,6.61944144395341e-06,0,0,0.000136165738653801,0.0153609918313777,0.000729037638993039,0,0.000254904722271314,0.0516556782812208,4.6587888385902e-05,0.0515708435646967,0.00049972709404008,0.0441387804726719,0,0,0,0,0,0,0,0,0,0,0,0,0.0338762809693472,0,0,0,0,0,0,0,0,0,0,0,0.0221752178118492,0,0.000865516429083345,0,0.0104395937959603,1.28587401950709e-05,0.00143767903727177,0,8.91361133088032e-05,0,0.00538902177911252,0.00125825122250004,0
0,2.2146627291984e-05,0,0,0,0,0,0,6.84525620448407e-05,6.34292767554639e-05,7.64264234873397e-06,0,0,0,0.00010381113453908,0,0.000128514305180136,0.000126513450097345,0.00332187711665667,0,0.00252235216795894,0,0,1.10869323987489e-05,8.04737988819599e-05,0,0,0,0,0,3.7864527060735e-05,0.000245894117455896,0.00612537105681414,0,0.000170003381426218,3.64476402841485e-05,0.00300817708377822,1.68864396764702e-06,3.13361566501069e-06,0.000136165738653801,0,0.00248005030876028,0.085886631574147,0.00240540072795393,0.000763266769199788,0.000185731556741385,0.110148788287504,0.0195505648600289,0.118490328697932,0.000631504971100863,0,0,0,0,0,0,6.36290340788744e-06,0,0,0,0,0,9.46496401594416e-06,0.0425279860355929,0,0,0,0,0,0,0,0,0,0,3.77664525425639e-05,0.00709143680386443,6.68424975937372e-05,0.000495931318521469,0.000224904417312689,0.018565114934466,1.78144588625476e-05,4.71971749079807e-05,0.000218607609921236,4.33099205784373e-06,0.0363794137386898,0,0.000209179719202743
0.000185067916220558,0.00540802165814922,1.2121157459064e-05,0.000598393573894725,0,0,0,0,0.000301985812530728,0.00226660123350024,0,1.87088177324368e-05,0,0,7.86120396145716e-06,0.000242697454899017,0.00133693328798368,0.00203952303600261,0.0282869070438867,0,5.28034885921898e-05,5.3783513098408e-05,3.98836803619685e-05,0.00135225283170451,0.000167240694739001,3.68164688904174e-05,0.000412915762247917,0,0,0,0,0.00362273840734638,0,0.00634103167140631,0,0.00362779477447525,0.000123831226898435,0.000603452651207532,1.75845932842166e-05,0.0153609918313777,0.00248005030876028,0,0.0238001080620729,0.0067020548395968,0.00203088977291143,0.0127956123375857,0.000766383728212426,0.0189684608035793,0.000124049309452792,0.0820707636176686,0,0,0,0,0.000242355044214772,0.00257766447843215,0,0,0,0,0,0,0.013686382293403,0.000235163864256687,0,4.5973727739792e-06,0.000531523091837284,0.000226944184298429,0,1.32570671146885e-05,0,0,0,0,0.00452221031443261,0,0.0157927450737477,0,0.0377178996876843,0.000164871935357995,0.00359848222960337,1.53777765371461e-06,0.00451082233709822,0.000136391057746471,0.0672159712949792,0.0770756034699532,0
0.00336543121434692,2.0939298739903e-05,0.000816844870408472,0,0,0,0,0,0.00186070248420496,0.000257725209888106,0,0,0,0,0.000143158421271447,0,0.00401826589449343,0.00132974956314289,0.0238672911190541,0,0.00354109455791017,3.77355949321895e-06,0.000102922164685177,0.000235812707745726,0.000814179853916861,0,0.000250612493831633,0,0,0,0,0.000485486820915522,5.01572921744052e-05,0.000155345537582459,0.00554821374481942,0.000287347848797483,0.00328861204395572,6.97854318318079e-05,0.000220012864291013,0.000729037638993039,0.085886631574147,0.0238001080620729,0,0.000116445536953531,0.000519900954090464,0.000767612259575014,0.00621337924978948,0.00673787353152125,0.0523220604353565,0.0030566284670002,0,0,0,0,0.000497395907037235,0.000143076384257465,0,0,0,0,0,0,0.000238470645986423,0.0210493783779267,0,1.19947227416544e-05,0,0.00114458835702334,0,0.000164414595913614,0,0,0,0,0.000514621059868721,0.00045661672391819,4.9114609811804e-05,0.00314974592339728,0.00199130044781949,0.0150813038620169,7.09822610653736e-05,0.000347694448224454,0.00303348457754184,4.09660773699564e-05,0.151455558821299,0,0.0750612442029673
0,0.00176494190205201,0,0.000105310478908197,0,0,0,0,0.000415914991252233,0.00229155068028122,0,0,0,0,0,0.000138770948469348,0.000542139625944473,0.000129491961075744,0.0141327667803137,0,0,0,0,0.000264325767559259,0,0.000116068674938848,0,0,0,0,0,0.000177973280821438,0,0,0,5.24469681643051e-05,1.9912060903538e-05,2.28492048337414e-06,0,0,0.00240540072795393,0.0067020548395968,0.000116445536953531,0,0.0174336197002725,0.00103588465316671,0.001026471532851,0.00011215969315901,0,0.000607997232899482,0,0,0,0,0,0.00116991823151122,0,0,0,0,0,0,0,0,0,0,0,0,0,0,0,0,0,0,0.000539221499388384,0,0,0,0.000181241812803902,4.62591637606198e-05,1.12673353866107e-05,0,0.00153611703498095,1.91573760431516e-05,0.0138142426330577,0.0550813235888683,0.000639327520449346
0.000205829281824187,0.00126970933261095,0.0026845595129397,0.000128072964097014,0,0,0,0,0.000930095464906325,0.00108484580580996,0,0,0,0,0,0.000610927908475927,0.000513673498752703,0.000199794139623053,0.0215669768368117,0,0,0,0,0.000369427849010941,0.000620445892853143,0,0,0,0,0,0,0.00060813435456122,0,0,0,2.3997336522328e-05,2.8037543202944e-05,2.57973109366775e-05,0,0.000254904722271314,0.000763266769199788,0.00203088977291143,0.000519900954090464,0.0174336197002725,0,9.64096066681039e-05,0.0012502660757175,0.000128145955132825,0,0.000139297336853647,0,0,0,0,0.000921393919449314,0.00172185447602931,0,0,0,0,0,0,0,0,0,0,0.000456574986641415,0,0,0,0,0,0,0,0,0,0.00021253730004428,0,0.000143756310040534,3.65713386700113e-05,3.28612354797033e-06,0,0.000879023853448018,6.54081067286323e-06,0.00985915425628199,0,0.00230648677183276
0,8.17419202338047e-05,0,0.000129639707648449,0,0,0,0,0,2.87828199605628e-05,0,0.000712647477837091,0,0,0,0,0,0,0.000175544328778375,0.00593380448111426,0,0,0,0,0,0,0,0,0,0.0002537331066146,0,0.00339003095141475,5.89634339359995e-05,7.44174739102324e-05,0,0.00133417523232886,0,0.000873664149616016,0,0.0516556782812208,0.000185731556741385,0.0127956123375857,0.000767612259575014,0.00103588465316671,9.64096066681039e-05,0,1.37427610060069e-05,0.0243158569152733,0.000741993379185577,0.0289266496881523,0,0,0,0,0,0,0,4.5592830264685e-05,0,0,0,0,0.125171556656484,1.90093910651941e-05,0,0,0,0,0,0,1.28572962358059e-05,0,5.36374722244731e-05,0,0.0045178204983748,9.19397357317705e-05,4.58068871348396e-05,0,0.0115513952435211,3.31696734791461e-06,0.00185717938906835,0,0.000159258259089959,0,0.0399810784919848,0.00701462903840569,0
3.59653381162403e-05,0.000112930112261179,5.0350867694733e-05,0,0,0,0,0,0,5.19621088280977e-05,1.83201080847284e-05,0,0,0,0,4.22642628581616e-05,4.96864287292468e-05,9.71116292684858e-06,0.00164097896391108,0,0.0232147046521446,0,0,9.13487506990851e-06,0,0,0,0,0,0,6.24075228840092e-06,5.5430253124489e-05,0.000996482334397008,0,0,1.71204031102597e-05,0.00339334213740997,2.0367184389716e-05,1.04468487650212e-06,4.6587888385902e-05,0.110148788287504,0.000766383728212426,0.00621337924978948,0.001026471532851,0.0012502660757175,1.37427610060069e-05,0,0.000947517823941562,0.0145679172528715,0.00025239147489221,0,0,0,0,0,3.17823607690452e-05,0.000222876500021778,0,0,0,0,0,0,0.133918495570021,0,0,0,0,0,0,0,0,0,0,3.57008501514605e-05,0.0003156911173361,0,0,0.000159330284989632,0.0117261061940451,0,7.39999570378507e-05,0.000292988290980724,9.9501847962072e-07,0.0415485267394611,0,0.00719605290477983
0,0,0,0,0,0,0,0,0,0,0,0,0,0,8.7396279364754e-06,0,3.77280725141393e-05,3.1146781750213e-05,0.00132522223717494,1.03029518453164e-05,0,0,0,0,0,0,0,0,0,0,0,0.0212735471548163,0.0458929505269465,0.0344924253943967,0.0440527778037086,0.00103054446655444,0.0006292130568611,5.93852403051836e-05,0.000134798457141675,0.0515708435646967,0.0195505648600289,0.0189684608035793,0.00673787353152125,0.00011215969315901,0.000128145955132825,0.0243158569152733,0.000947517823941562,0,0.0650641927333771,0.084325247286759,0,0,0,0,0,0,0,0,0,0,0,0,0.00191122630573212,4.14998114677896e-05,0,0,0,0,0,0,0,0,0,0.000443785835632482,0.0439758091074579,0.0432623812108089,0.0335670947869822,0.0383853187537345,0.00585008115473281,0.00191061985700881,0.000338708056403188,0.00209371457601129,0.00168951581441096,0,0.0213180242542559,0.000132070303242211,0
0.000757155652685742,0,0.00448106339836397,0,0,0,0,0,0.000905640845173684,0,8.89282533226591e-05,0,0,0,0,0,0.000155237797805465,7.97204996318395e-06,0.000115506890241977,0,0.000602749934551465,0,0.000523914994735494,0,9.56303313181015e-05,0,0.000565753642077236,0,0,0,0.00017229397713696,0.000306353411314882,0.0273904128271534,0,0.013855204296563,1.01850607769123e-05,0.000606054549941232,2.15908181286831e-06,0.00282318902873108,0.00049972709404008,0.118490328697932,0.000124049309452792,0.0523220604353565,0,0,0.000741993379185577,0.0145679172528715,0.0650641927333771,0,0.00245659550316343,0,0,0,0,0.000372152870660014,0,0.00249048084387327,0,0,0,0.00313712836304608,0,1.15968687049695e-05,0.00155282706047448,0,0.000308372493412425,0,0.0192250230566705,0,0.002140747937584,0,0.00824462888643173,0,0.00903119125594307,1.54061438592692e-05,0.0296402302148785,0,0.0205805569002849,5.91505497496867e-05,0.00678049788655609,0,0.00734647121438583,0.000899945551316102,3.46372257664711e-06,0.0507516794945314,0,0.00442550353000391
0,0.00218710581365886,0,0.00366808108992902,0,0,0,0,2.12389677813627e-05,0.000161589508124976,0,0.000250559480908119,0,0,0,0,5.11037909765113e-05,4.44252680216228e-05,0.000815973790973494,0.000116691548689108,4.22507654358371e-05,0.00381214862428131,0,0.00164768150150384,0,0.000150588592834697,0,0,0,0,0,0.00896772390517339,0.000446783778063204,0.0305891785932993,3.7936641304893e-05,0.00149835111290732,1.15849934868394e-05,0.00362494450157809,0,0.0441387804726719,0.000631504971100863,0.0820707636176686,0.0030566284670002,0.000607997232899482,0.000139297336853647,0.0289266496881523,0.00025239147489221,0.084325247286759,0.00245659550316343,0,0,0,0,0,2.56949315003319e-05,0.000317123130960083,0,0.00283512891311421,0,0.000116412295357562,0,0.000285795028703816,0.00400984928016049,9.58278113415229e-05,0.00269968433656863,0,0.0075178305387889,0,0.00959449327262361,0,0.00234639109623837,0,0.0525115347968631,0,0.0200198885809335,0.000454554844238288,0.0554309907693216,0,0.0112631116521377,3.66329399009982e-05,0.00517976113200298,0,0.000739418455193042,2.63367151209093e-06,0.0363385666743136,0.00350362219042868,0
0,0,0,0,0.000951351176249147,0,0.00395947386053279,0,0,0,0,0,0,0,0,0,0,0,0,0,0,0,0,0,0,0,0,0,0,0,0,0,0,0,0,0,0,0,0,0,0,0,0,0,0,0,0,0,0,0,0,0,0.00193031493919971,0,0,0,0,0,0,0,0,0,0,0,0,0,0,0,0,0,0,0,0,0,0,0,0,0,0,0,0,0,3.121367379648e-06,0,0,0,0
0,0,0,0,0,0,0,0,0,0,0,0,0,0,0,0,0,0,0,0,0,0,0,0,0,0,0,0,0,0,0,0,0,0,0,0,0,0,0,0,0,0,0,0,0,0,0,0,0,0,0,0,0,0,0,0,0,0,0,0,0,0,0,0,0,0,0,0,0,0,0,0,0,0,0,0,0,0,0,0,0,0,0,0,0,0,0
0,0,0,0,0.002380351853972,0,0.0198113344860039,0,0,0,7.61555385722576e-05,0,0,0,0,0,0,0,0,0,0,0,0,0,0,0,0,0,0,0,0,0,0,0,0,0,0,0,0,0,0,0,0,0,0,0,0,0,0,0,0.00193031493919971,0,0,0,0,0,0.00250184275539907,0,0.00411948452396034,0,0,0,0,0,0,0,0,0,0,0,0,0,0,0,0,0,0,0,0,0,0,0,0.00029720160908512,0,0,0,0
0,0,0,0,0,0,0,0.00490140032717928,0,0,0,0.000714630042100015,0,0,0,0,0,0,0,0,0,0,0,0,0,0,0,0,0,0,0,0,0,0,0,0,0,0,0,0,0,0,0,0,0,0,0,0,0,0,0,0,0,0,0,0,0,0,0,0,0,0,0,0,0,0,0,0,0,0,0,0,0,0,0,0,0,0,0,0,0,0,0,0,0,0,0
0.0167879924270601,0.000651048022387414,0.00237860465973541,0,0,0,0,0,0.0882934787230496,0,0,0,0,0,0.0372552425121197,0,0.00352967374236343,0.000441577094983576,0.00212696935885648,0,0,0,0.000482727334895857,0,0.0473360575944112,0,0.0300423731765079,0,0,0,0,0,0,0,0,0,0,0,0.000221117025270035,0,0,0.000242355044214772,0.000497395907037235,0,0.000921393919449314,0,0,0,0.000372152870660014,2.56949315003319e-05,0,0,0,0,0,0,0,0,0,0,0.0320187727075149,0,0,0,0,0.000571784997431016,0.000349666691914444,0.0257781134554314,0,0.0273011800917911,0,0,0,0,0,0,0,0,0,1.47340724903054e-06,3.0657195119045e-05,6.56310823049837e-05,0.00154008337330346,3.94199008148864e-05,0.000140075884515544,0,0.00140109555126389
0.000594365060075264,0.0821050623103127,0.00036934480109617,0.00132827351546212,0,0,0,0,0.000488937120689543,0.11052735030593,0,0,0,0.000945457465898442,0.000153561911429323,0.0810898705445801,0.000726242948822891,0.00372675579986056,0.0030488283870329,0,0,0.00113833126628828,4.22387412255558e-05,0.0495371461330057,7.67585169192554e-05,0.0146085790943407,0,0,0,0,0,0,0,0,0,0,2.69929288627328e-06,0.00102594971171062,0,0,0,0.00257766447843215,0.000143076384257465,0.00116991823151122,0.00172185447602931,0,3.17823607690452e-05,0,0,0.000317123130960083,0,0,0,0,0,0,0,0,0,0,0,0.0512933205093439,0,0,0.000276784982857718,0,0.0198314476549317,0.000584220766603936,0.0142161504456002,0,0,0,0,0,0,0,0,0,5.36243610011513e-06,8.51186095464948e-06,0.000396300766940014,0,0.00219439907670618,0.000210216890203567,0.00362660881984165,0.00129122510512668,0
0,0,0.0031138916103543,0,0,0,0.000407362024384722,0,0,0,0.0317587493448909,0,0.000496245434159779,0,0,0,0,0,0,0,0.00722303214232182,0,0,0,0,0,0,0,0.000149795751815763,0,0.0127646096297481,0,0,0,0,0,0.000456186662857804,0,0.000609060730174327,0,6.36290340788744e-06,0,0,0,0,0,0.000222876500021778,0,0.00249048084387327,0,0,0,0.00250184275539907,0,0,0,0,0,0.0123027013986763,0,0.00386518142765813,0,0,0.00386277379547742,0,5.28658284151471e-06,0,0,0,0,0,0.0104505792311876,0,0.0188503746387713,0,0,0,0,0,2.96142119512479e-05,0,0.00301313666475351,0.00176223184461883,0,0.0017454049465693,0,0
0,0,0,0,0,0,0,0,0,0,0,0.0322105180155192,0,0.000481019625105462,0,0,0,0,0,0.0167082274280248,0,1.24755495824238e-05,0,0,0,0,0,0,0,0.00748323016378382,0,0,0,0,0,0,0,2.43676935002199e-05,0,0,0,0,0,0,0,4.5592830264685e-05,0,0,0,0.00283512891311421,0,0,0,0,0,0,0,0,0,0.00307560474419639,0,0,0.00851074607268878,0,0,0,0.000755274121173765,0,0.00163592031510713,0,1.47694741635482e-05,0,0.0198805508204355,0,0,0,0,0,0,0,6.48134491195278e-05,0,0.000298028108214941,0,0.00384106742551331,0,0
0,0,0,0,0,0,0,0,0,0,0.00548718712197207,0,0.00751524946057016,0,0.00248375212851162,0,0,0,0,0,0,0,0,0,0,0,0,0,0,0,0,0,0,0,0,0,0,0,0,0,0,0,0,0,0,0,0,0,0,0,0,0,0.00411948452396034,0,0,0,0.0123027013986763,0,0,0,0.000343359424732625,0,0,0,0,0,0,0,0,0,0,0.00517919304683689,0,0,0,0,0,0,0,0,0,0,1.05022614276273e-05,0,0,0,0
