0,0,82.0320480316877,0,0,0,0,0,314.072273910046,0,0,0,0,0,0,0,0.302798792719841,0.527919195592403,21.113798469305,0,0,0,0,0,0.8400539457798,0,0,0,0,0,0,0,0,0,0,0,0,0,0,0,13.5055568665266,0,121.700056254864,0.170483186841011,0,0.677689045667648,0.847950547933578,0,139.658308431506,0,0,0,0,0,201.13319247961,0,1.44743525981903,0,0,0,43.1330074816942,0,0,0.165979102253914,0,0,0,0,0,0,0,0,0,0,0,0,0,0,0.882417783141136,17.0148478746414,0,0.237775251269341,138.828966535628,0,247.746070921421,0.507417917251587,1.04977811127901
0,0,0,144.92128841579,0,0,0,0,0,162.862068802118,0,0,0,0,0,0,1.94406676292419,0.219585418701172,1.48280826210976,0,0,0,0,0,0,0,0,0,0,0,0,0,0,0,0,0,0,0,0,0,0,8.81591491401196,0,0,0,0.165653988718987,0,0,0,222.192405968904,0,0,0,0,0,295.372319117188,0,26.3104754537344,0,12.3300888538361,0,92.1800501048565,2.01848769187927,0,0,0,0,0,0,0,0,0,0,0,0,0,0,0,0,0,0,0,63.2791867107153,0,159.580664232373,0,0
82.0320480316877,0,0,0,4.41689515113831,0,0,0,194.400511980057,0,0,0,0,0,0,0,0,0,5.77301542460918,0,20.8526646569371,0,0,0,0,0,0,0,0,0,0,0,0,0,0,0,0.171195715665817,0,0,0,19.0053153932095,3.40607869625092,334.599261783063,0,0,3.24150565266609,42.1990617215633,0.600901901721954,56.1265554949641,3.47375400364399,15.7787501215935,0,0,0,3.80341467261314,0,46.2316403836012,0,0,0,11.3060236275196,0,1.36810100078583,4.09066005051136,0,0,0,0,0,0,0,0,0,0.182158321142197,0,0,0,0,1.93839679658413,40.5293558761477,0,0.967600166797638,138.938128016889,0,665.176121652126,0,6.38592380285263
0,144.92128841579,0,0,0,49.5804048478603,0,0,0,95.019430026412,0,0,0,0,0,0,1.55635170638561,0.453320682048798,38.7165703624487,0,0.601463377475739,0,0,0,0,0,0,0,0,0,0,0,0,0,0,0.271613895893097,0,0,0,10.8141909614205,0.394495293498039,288.012653626502,5.34013490378857,9.78283070772886,0,54.8913374990225,0,0,8.7916726320982,88.2386639416218,0,5.94993814826012,0,0,0,24.3759494423866,0,141.117374099791,0,0,0,0,114.250362679362,0.624071776866913,0,0,0,0,0,0,0,0,0,0,0,0,0,0,49.9630416557193,0.274633496999741,0,0,134.871899798512,1.34306812286377,626.215744130313,15.5363858640194,0
0,0,4.41689515113831,0,0,0,0,0,26.4137787818909,0,0,0,12.2443037033081,0,30.2599023580551,0,0,0,0,0,148.275711536407,0,0,0,0,0,0,0,0,0,0,0,0,0,0,0,0,0,0,0,0,0,0.239518687129021,0,0,0,0,0,2.39363932609558,0.294568330049515,389.622924983501,0,0,0,0,0,0,0,0,0,1.8751894235611,0,0,2.26685231924057,0,0,0,0,0,0,0,0,0,0,0,0,0,0,0,0,0,0,399.887892052531,0,55.4717175960541,0,0
0,0,0,49.5804048478603,0,0,0,13.0571196675301,0,58.2563418149948,0,12.0051495730877,0,1.89114451408386,0,56.9690504670143,0,0,0,0,0,0,0,0,0,0,0,0,0,0,0,0,0,0,0,0.882447451353073,0,0,0,0,0,21.3383114337921,0,2.01542130112648,0,1.58797681331635,0,0,0,0,0,691.648323208094,0,5.3834981918335,0,0,0,20.8942900896072,0,0,0,13.4810167551041,0,0,0,0,0,0,0,0,0,0,0,0,0,0,0,0,0,0,0,0,287.906795203686,5.96602302789688,44.9440288692713,0,0
0,0,0,0,0,0,0,0,0,0,19.2420987486839,0,110.41915589571,0,1.48722434043884,0,0,0,0,0,119.848851174116,0,0,0,0,0,0,0,0,0,0,0,0,0,0,0,0.84780541062355,0,0,0,0,0,0,0,0,0,0,0,0,0,0,0,0,0,0,0,76.2898701429367,0,24.6787157058716,0,0,0,0,16.8966961503029,0,0,0,0,0,0,0,0,0,0,0,0,0,0,0,210.132217034698,0,0.3677092269063,6.02215778827667,0,0,0,0
0,0,0,0,0,13.0571196675301,0,0,0,0,0,0,0,9.45864796638489,0,0,0,0,0,218.693616211414,0,0,0,0,0,0,0,0,0,0,0,0,0,0,0,0,0,0,0,0,0,0,0,0,0,0,0,0,0,0,0,0,0,81.9421099722385,0,0,0,0.327876091003418,0,2,0,0,0,0,0,0,0,0,0,0,0,0,0,0,0,0,0,0,0,0,0,0,531.403658509254,0,0,0,0
314.072273910046,0,194.400511980057,0,26.4137787818909,0,0,0,0,0,0,0,0,0,264.252694427967,0,638.367138162255,1.3253625780344,0.130432069301605,0,0,0,0,0,48.8983302861452,0,207.803579390049,0,0,0,0,0,0,0,0,0,0,0,35.3077763393521,0,0,0,32.5950217843056,0,0,0,0,0,101.674622088671,0,0,0,0,0,453.684558212757,0,5.83920322358608,0,0,0,241.741813153028,0,0,0,0,0,0,19.8698227405548,0,69.892069786787,0,0,0,0,0,0,0,2.9866069406271,0.106793358922005,0,0,89.1321490481496,1430.75612983853,44.6702272891998,102.866255819798,0,2.78636047244072
0,162.862068802118,0,95.019430026412,0,58.2563418149948,0,0,0,0,0,0,0,0,0,376.889414355159,2.76935693621635,320.93907867372,18.194386690855,0,0,0.170824229717255,0,66.3040305227041,0,0,0,0,0,0,0,0,0,0,0,0,0,11.8082446604967,0.278923332691193,0,0,48.9640812948346,0,0,0,0.141312196850777,0,0,0,21.8995413631201,0,0,0,0,0,621.468845054507,0,31.56310531497,0,2.20100744068623,0,480.898151293397,3.32882863283157,0,0,0,3.08987049758434,0,2.70683574676514,0,0,0,0,0,0,0,0.577341616153717,0,1.95210555195808,0.151918947696686,46.1062585413456,0,1188.32187467068,157.811261445284,95.4516713172197,5.55665603280067,0
0,0,0,0,0,0,19.2420987486839,0,0,0,0,0,382.539630055428,0,0,0,0,0,0,0,1007.47672040761,0,0,0,0,0,0,0,114.479428648949,0,61.9067792892456,0,0,0,0,0,854.335881948471,0,2455.23364325613,0,0.255825631320477,0,0,0,0,0,0.453044831752777,0,0,0,0,0,0,0,0,0,2281.94815641642,0,179.362949430943,0,0,0,0,414.830366969109,0,0,0,0,0,0,0,0,0,0,0,0,0,0,0,339.680971831083,0,444.555618293583,366.88483530283,0,1.46347614377737,0,0
0,0,0,0,0,12.0051495730877,0,0,0,0,0,0,0,352.362717241049,0,0,0,0,0,1048.40491728485,0,0,0,0,0,0,0,323.798590421677,0,12.4681995511055,0,0,0,0,0,420.061838835478,0,973.325779229403,0,0,0,0,0,0,0,0,0,0,0,0,0,33.0084002912045,0,0,0,0,0,4604.45641124249,0,1588.34066042304,0,0,453.072511583567,0,0,0,0,0,0,0,235.2351154387,0,25.8292458951473,0,0,0,0,0,1.74233341217041,0,3.45346683263779,0,624.12101124227,137.587533712387,0,0,0
0,0,0,0,12.2443037033081,0,110.41915589571,0,0,0,382.539630055428,0,0,0,408.771826714277,0,0,0,0,0,0,0,0,0,0,0,3.90440368652344,0,99.0753756165504,0,0,0,0,0,0,0,0,0,0,0,0,0,0,0,0,0,0,0,0,0,7.28436613082886,0,0,0,0,0,203.361312031746,0,2396.22535927594,0,117.882046848536,0,0,0,0,0,0,0,0,0,0,4.42322611808777,0,0,0,0,0,0,0,0,0,0,555.879920363426,231.989946842194,0,0,0
0,0,0,0,0,1.89114451408386,0,9.45864796638489,0,0,0,352.362717241049,0,0,0,411.881237760186,0,0,0,0,0,0,0,0,0,1.92891943454742,0,100.763521820307,0,0,0,0,0,0,0,0,0,0,0,0,0,0,0,0,0,0,0,0,0,1.04562076926231,0,0,0,0,0,0,0,96.2967287302017,0,928.437458157539,0,143.709405317903,0,0,0,0,0,0,16.6381081342697,0,39.8263466954231,0,0,0,0,0,0,0,0,0,0,0,827.410789310932,1440.14293566346,0,0,0
0,0,0,0,30.2599023580551,0,1.48722434043884,0,264.252694427967,0,0,0,408.771826714277,0,0,0,64.3734696507454,0,0,0,0,0,0,0,0.924480438232422,0,0.607999086380005,0,0,0,0,0,0,0,0,0,0,0,0,0,0,0,0,0,0,0,0,0,0,0,52.936661362648,0,10.3396300077438,0,43.8644870817661,0,0,0,18.3923165798187,0,166.01166331768,0,0,0,0,0,0,0,0,0,0,0,0,0,0,0,0,0,0,0,0,0.198560625314713,627.158145219088,49.2605240345001,0,0,0
0,0,0,0,0,56.9690504670143,0,0,0,376.889414355159,0,0,0,411.881237760186,0,0,0,147.675861999393,0,0,0,0,0,17.8173271417618,0,0,0,0,0,0,0,0,0,0,0,0,0,0,0,0,0,0,0,0,0,0,0,0,0,0.75070133805275,0,0,0,0,0,157.418650001287,0,0,0,22.1805624365807,0,316.950089111924,0,0,0,0,0,0,1.18158841133118,0,0,0,0,0,0,0,0,0,0,0,0,0,772.575145497918,274.885028973222,0,0,0
0.302798792719841,1.94406676292419,0,1.55635170638561,0,0,0,0,638.367138162255,2.76935693621635,0,0,0,0,64.3734696507454,0,0,10827.0701139346,3526.21117010713,0,0,3.37649412453175,390.449485570192,0,200.755996972322,1.26494494080544,1208.63762995601,0,17.7784495353699,0,0,0,0,0,0,0,0,0,0,2.5940724760294,21.6203923225403,12.918676301837,2.53029480576515,20.0352967679501,0,53.1409244015813,1.97259138524532,0,0,0,0,0,0,0,3.53133517503738,0,0,1.98805251717567,0,0,18.6205090284348,0,22.4560064524412,4.81184703111649,0,29.0709563493729,0,14.6615018248558,0,386.971110418439,0,0,0,0,0,0,0,0,158.731909565628,43.911526799202,0,0.163403987884521,9674.15941999853,3315.10860006511,133.203504130244,3.32524981349707,0.580936849117279
0.527919195592403,0.219585418701172,0,0.453320682048798,0,0,0,0,1.3253625780344,320.93907867372,0,0,0,0,0,147.675861999393,10827.0701139346,0,4461.75635356456,0,0,518.46634426713,1.13473848998547,362.229397907853,0,1489.22121410072,6.0565730035305,45.466543674469,0,0,0,0,0,0,0,0,0,1.94388774037361,0,0,47.8051596134901,13.3538663461804,19.1894824504852,9.07197237014771,0,22.570967964828,2.39720074832439,0,0,0,0,0,0,0,0,40.8820576965809,0,0.187081918120384,0,0,0,51.1568595767021,8.99625900387764,10.7231477424502,0.979591697454453,0,15.1652332246304,0,299.107836216688,9.01219445466995,0,0,0,0,0,0,0,0,58.5358046367764,67.73214186728,11.6466299295425,0,11892.0236397535,1783.84586313367,109.995773695409,4.80241189152002,2.22787371277809
21.113798469305,1.48280826210976,5.77301542460918,38.7165703624487,0,0,0,0,0.130432069301605,18.194386690855,0,0,0,0,0,0,3526.21117010713,4461.75635356456,0,0,0,0,0,0,0,0,0.516939759254456,0,0,0,0,0,0,0,0,0,0,0,0,49.4298688918352,1073.00023683906,1224.22606287897,1060.28751610219,510.041729316115,0,977.059201046824,101.43370795995,0,0,0,0,0,0,0,0,0,20.5801087617874,49.0280272513628,0,0,0,0,189.669921904802,212.211935564876,0,0,0,0,0,0,0,0,0,0,0,0,0,0,1065.4590729624,1268.54917483777,0,0.817131578922272,4120.43069700897,16.2220902293921,4215.24219752848,422.546409457922,257.892272330821
0,0,0,0,0,0,0,218.693616211414,0,0,0,1048.40491728485,0,0,0,0,0,0,0,0,0,0,0,0,0,0,0,0,0,0,0,0,0,0,0,2449.95247226954,0,583.422761872411,0,7.12076616287231,0,0.673310577869415,0,0,0,0,0,0,0,7.00349363684654,0,0,0,19.2427394092083,0,0,0,492.754007071257,0,0,0,0,750.802314639091,0,0,0,0,0,0,0,0,0,0,0,0,0,0,0,112.58638754487,0,18.0760343670845,0,619.634115830064,1.87181916832924,27.9304444342852,0,0
0,0,20.8526646569371,0.601463377475739,148.275711536407,0,119.848851174116,0,0,0,1007.47672040761,0,0,0,0,0,0,0,0,0,0,0,0,0,0,0,0,0,0,0,0,0,0,0,0,0,1818.20637324452,0,809.582245007157,0,2.32391262799501,0.307605318725109,23.9925966262817,0,0,0,11.7923456951976,1.54687601327896,26.2821956500411,6.9980192258954,16.1186347603798,0,0,0,0,0,4.38628959655762,0,0,0,0,0,0.632771193981171,2022.72793672979,0,0,0,0,0,0,0,0,0,0,0,0,0,0,0,1142.8492026031,0,59.0085887983441,382.090093910694,0.995090782642365,345.46534833312,0,0.452152639627457
0,0,0,0,0,0,0,0,0,0.170824229717255,0,0,0,0,0,0,3.37649412453175,518.46634426713,0,0,0,0,2401.2212164104,188.656361326575,0,57.5588492453098,0,343.609998196363,0,0,0,0,0,0,0,0,0,2484.52227495611,116.852616399527,0,0,0,0,0,0,0,0,4.0679544210434,0,3.4713944196701,0,0,0,0,0,0.198973774909973,0,0,0,0,0,0,0,0,4986.30791884661,234.612079143524,12.0221648961306,0,168.060400262475,0,55.0794835090637,0,0,0,0,0,0,0.349900454282761,0,0,580.452394172549,0.654473975300789,2569.58904604614,1403.84447769821,8.59127996861935,0,0
0,0,0,0,0,0,0,0,0,0,0,0,0,0,0,0,390.449485570192,1.13473848998547,0,0,0,2401.2212164104,0,1.81514425575733,41.6108652949333,0,32.0110782086849,0,365.260401770473,0,0,0,0,0,0.421039164066315,0,0,93.8464933335781,1948.55335344374,0,0,0,0,0,0,0,0,0,2.25414347648621,0,0,0,0,0,0,0,0,0,0,0,0,0,0,0,110.800612092018,5425.99047973752,0,5.13647073507309,0,0.783718824386597,0,107.045279383659,0,0,0,0,0,2.2809399664402,0,0,0,411.901275113225,2160.41733062267,1239.03435519338,0,0,0
0,0,0,0,0,0,0,0,0,66.3040305227041,0,0,0,0,0,17.8173271417618,0,362.229397907853,0,0,0,188.656361326575,1.81514425575733,0,0,284.205675438046,0,0,0,0,0,0,0,0,0,0,0,187.084555476904,5.2176838517189,0,0,0,0,0,0,0,0,1.45424649119377,0,4.95491613447666,0,0,0,0,0,21.1459684669971,0,0,0,0,0,14.0626147091389,0,0,98.5855301767588,0,382.258712410927,0,214.713155850768,0,0,0,0,0,0,0,1.96628856658936,0,0,0,158.98750513792,2.07355523109436,1105.51409600675,4.88531917333603,11.7509779185057,0,0
0.8400539457798,0,0,0,0,0,0,0,48.8983302861452,0,0,0,0,0,0.924480438232422,0,200.755996972322,0,0,0,0,0,41.6108652949333,0,0,0,222.675700724125,0,0,0,0,0,0,0,0,0,0,0,53.5646338164806,0,0,0,0,0,0,0,0,0,4.97543609142303,0,0,0,0,0,56.9238492771983,0,0,0,0,0,0,0,0,0,0,3.14670902490616,0,154.98303809762,0,546.695555776358,0,0,0,0,0,0,0,1.58075907081366,0,0,0,24.7662129178643,511.162346720695,74.068597137928,50.5054131299257,0,0
0,0,0,0,0,0,0,0,0,0,0,0,0,1.92891943454742,0,0,1.26494494080544,1489.22121410072,0,0,0,57.5588492453098,0,284.205675438046,0,0,0,440.22455534339,0,0,0,0,0,0,0,0,0,0,0,0,0,0,0,0,0,0,0,0,0,0,0,0,0,0,0,0,0,0,0,0,0,0,0,0,0,0,34.6520620286465,0,679.556077212095,0,38.0661847293377,0,0,0,0,0,0,0,0,0,0,0,438.064954653382,245.896188393235,0,0,0
0,0,0,0,0,0,0,0,207.803579390049,0,0,0,3.90440368652344,0,0.607999086380005,0,1208.63762995601,6.0565730035305,0.516939759254456,0,0,0,32.0110782086849,0,222.675700724125,0,0,0,77.2144181728363,0,0,0,0,0,0,0,0,0,0,0,0,0,0,0,0,0,0,0,0,0,0,0,0,0,162.886679545045,0,0,0,0,0,0,0,0,0,0,0,0,26.1647419333458,0,289.615576356649,0,0.867994725704193,0,0,0,0,0,0,0,0,0,0,254.118141382933,35.9809889793396,0,0,0
0,0,0,0,0,0,0,0,0,0,0,323.798590421677,0,100.763521820307,0,0,0,45.466543674469,0,0,0,343.609998196363,0,0,0,440.22455534339,0,0,0,548.645047456026,0,0,0,0,0,0,0,145.320202156901,0,0,0,0,0,0,0,0,0,0,0,0,0,0,0,0,0,0,0,0,0,52.7840965986252,0,85.8619456291199,0,0,257.04394441843,0,0,0,1394.24984899163,0,2151.06036068499,0,7.65390777587891,0,0,0,0,0,0,0,1.06820023059845,0,904.3557254076,898.340070277452,0,0,0
0,0,0,0,0,0,0,0,0,0,114.479428648949,0,99.0753756165504,0,0,0,17.7784495353699,0,0,0,0,0,365.260401770473,0,0,0,77.2144181728363,0,0,0,924.948350220919,0,0,0,0,0,0,0,33.1290845870972,0,0,0,0,0,0,0,0,0,0,0,0,0,0,0,0,0,205.721396267414,0,147.309015750885,0,0,0,0,0,0,164.166122227907,0,0,0,10.0051583647728,0,1261.57835198939,0,97.0704325139523,0,0,0,0,0,0,0,0,272.289337366819,532.729868799448,0,0,0
0,0,0,0,0,0,0,0,0,0,0,12.4681995511055,0,0,0,0,0,0,0,0,0,0,0,0,0,0,0,548.645047456026,0,0,0,0,0,0,0,0,0,919.710338324308,0,0,0,0,0,0,0,0,0,0,0,0,0,0,0,0,0,0,0,18.1472651958466,0,0,0,0,0,0,0,0,0,0,0,0,422.717497706413,0,323.002619549632,0,0,0,0,0,0,0,10.7651747465134,0,670.701421737671,139.446219563484,0,0,0
0,0,0,0,0,0,0,0,0,0,61.9067792892456,0,0,0,0,0,0,0,0,0,0,0,0,0,0,0,0,0,924.948350220919,0,0,0,0,0,0,0,0,0,233.318069815636,0,0,0,0,0,0,0,0,0,0,0,0,0,0,0,0,0,36.462733745575,0,0,0,0,0,0,0,0,0,0,0,0,0,0,621.319177001715,0,174.239485085011,0,0,0,0,0,0,0,177.044613480568,99.130273938179,1.01168704032898,0,0,0
0,0,0,0,0,0,0,0,0,0,0,0,0,0,0,0,0,0,0,0,0,0,0,0,0,0,0,0,0,0,0,0,1421.12118728459,83.3552575856447,26.6207983493805,1533.88755235076,90.126869559288,0,0,0,0,0,0,0,0,0,0,148.511251986027,0,0,0,0,0,0,0,0,0,0,0,0,0,0,0,0,0,0,0,0,0,0,0,0,0,0,1458.46873766184,13.7169672250748,40.4572787284851,0,1586.6297955513,5.1177271604538,0,0,67.1066291034222,0,0,0,0
0,0,0,0,0,0,0,0,0,0,0,0,0,0,0,0,0,0,0,0,0,0,0,0,0,0,0,0,0,0,0,1421.12118728459,0,26.3002644330263,119.922578796744,125.553826898336,277.478050112724,0,0,0,0,0,0,0,0,0,0,675.253786489367,0,0,0,0,0,0,0,0,0,0,0,0,0,0,0,0,0,0,0,0,0,0,0,0,0,0,1119.8929682374,189.89560392499,40.3313938379288,50.0076424926519,310.36990904808,193.834322571754,0,0,448.082433193922,0,0,0,0
0,0,0,0,0,0,0,0,0,0,0,0,0,0,0,0,0,0,0,0,0,0,0,0,0,0,0,0,0,0,0,83.3552575856447,26.3002644330263,0,1395.42756561935,943.042938023806,45.2839477062225,83.0244171619415,27.3636967539787,0,0,0,0,0,0,0,0,1073.04995560646,0,2.45812831819057,0,0,0,0,0,0,0,0,0,0,0,0,0,0,0,0,0,0,0,0,0,0,0,0,21.3949666470289,0,3640.88587507606,203.399462357163,349.617245540023,0,355.314551115036,0,304.490075856447,15.5749253332615,0,0,0
0,0,0,0,0,0,0,0,0,0,0,0,0,0,0,0,0,0,0,0,0,0,0.421039164066315,0,0,0,0,0,0,0,0,26.6207983493805,119.922578796744,1395.42756561935,0,0,678.806132465601,46.3971626311541,382.627888813615,0,0,0,0,0,0,0,0,861.866632908583,0,35.8351804316044,0,0,0,0,0,0,0,0,0,0,0,0,0,0,0,0,0,0,0,0,0,0,0,0,0,51.1151348799467,1563.73651254177,520.102000236511,0,424.139475822449,140.799676865339,533.182982228696,331.173684954643,38.8790234476328,0,0,0
0,0,0,0.271613895893097,0,0.882447451353073,0,0,0,0,0,420.061838835478,0,0,0,0,0,0,0,2449.95247226954,0,0,0,0,0,0,0,0,0,0,0,1533.88755235076,125.553826898336,943.042938023806,0,0,4237.16540378332,2358.36145557463,41.9619621038437,37.9603730738163,0,9.64917010068893,0,0,0,2.61882577836514,0.602453112602234,0,0,8.65090434253216,0,0,0,0,0,0,0,554.384420543909,0,0,0,0,2058.94147227705,0,0,0,0,0,0,0,0,0,0,0,1093.65713533759,0,478.033717542887,0,22228.1059576869,474.340974450111,3316.51698337495,0,4137.73266044259,481.247620344162,252.976406395435,0,0
0,0,0.171195715665817,0,0,0,0.84780541062355,0,0,0,854.335881948471,0,0,0,0,0,0,0,0,0,1818.20637324452,0,0,0,0,0,0,0,0,0,0,90.126869559288,277.478050112724,45.2839477062225,678.806132465601,4237.16540378332,0,0,3048.50361815095,0,0,0,0.769003644585609,0,0,0,34.6561136245728,173.787004768848,5.68949235975742,2.05642980337143,0,0,0,0,0,0,77.0842671394348,0,0,0,0,0,0,1035.33589364588,0,0,0,0,0,0,0,0,0,0,13.0393431186676,99.7750155925751,0,266.89429217577,3761.37345293164,22622.2536027357,0,196.414561569691,5223.58638674021,360.590193510056,65.6038835793734,0,0
0,0,0,0,0,0,0,0,0,11.8082446604967,0,973.325779229403,0,0,0,0,0,1.94388774037361,0,583.422761872411,0,2484.52227495611,93.8464933335781,187.084555476904,0,0,0,145.320202156901,0,919.710338324308,0,0,0,83.0244171619415,46.3971626311541,2358.36145557463,0,0,1592.73974944651,0,0,0,0,0,0,0,0,159.156661525369,0,147.169119641185,0,0,0,0,0,107.499120295048,0,1074.26963229477,0,0,0,0,140.827053800225,0,1606.53438386321,2.1303808093071,193.076795876026,0,0,0,30.648689687252,0,508.066180735826,0,0,0,226.515881881118,7.2677867859602,319.347767151892,5.64381515979767,13822.6578399539,72.7158958762884,3633.60883323848,508.067688494921,208.04516723752,0,0
0,0,0,0,0,0,0,0,35.3077763393521,0.278923332691193,2455.23364325613,0,0,0,0,0,0,0,0,0,809.582245007157,116.852616399527,1948.55335344374,5.2176838517189,53.5646338164806,0,0,0,33.1290845870972,0,233.318069815636,0,0,27.3636967539787,382.627888813615,41.9619621038437,3048.50361815095,1592.73974944651,0,0,0,0,6.31599712371826,0,0,0,0,169.538196027279,11.9302644282579,6.81569808721542,0,0,0,0,57.0683398991823,0,401.767905518413,0,0,0,0,0,0,307.020315669477,10.7722422778606,960.60814166069,2.76149697601795,485.108118727803,0,0,0,288.541799902916,0,1,0,0,96.0399951338768,326.528442025185,6.14677834510803,1676.51818270981,1210.92296105623,13383.6998915002,3852.47891060263,645.8345092237,396.223301067948,0,0
0,0,0,10.8141909614205,0,0,0,0,0,0,0,0,0,0,0,0,2.5940724760294,0,49.4298688918352,7.12076616287231,0,0,0,0,0,0,0,0,0,0,0,0,0,0,0,37.9603730738163,0,0,0,0,3.60984516143799,333.550615876913,0.138642281293869,10.0157275050879,0,215.454708486795,0.359288662672043,0,0,194.059812963009,0,0,0,0,0,0,0,3.42447984218597,0,0,0,0,72.3901386409998,0,0,0,0,0,0,0,0,0,0,0,0,0,0,0,156.927796781063,1.63621118664742,0,0,17.3185670822859,0,877.062004126608,5.49882501363754,0
13.5055568665266,0,19.0053153932095,0.394495293498039,0,0,0,0,0,0,0.255825631320477,0,0,0,0,0,21.6203923225403,47.8051596134901,1073.00023683906,0,2.32391262799501,0,0,0,0,0,0,0,0,0,0,0,0,0,0,0,0,0,0,3.60984516143799,0,16.426287278533,2194.33166222274,12.1413791179657,0,62.3327563479543,54.4930615276098,0,109.869933344424,0,0,0,0,0,0,0,0.123716928064823,3.67537635564804,0,0,0,0,4.73786944150925,57.5513108149171,0,0,0,0,0,0,0,0,0,0,0,0,0,0,79.1814083606005,409.900922246277,0,0,347.238867409527,0,755.622656151652,4.13792587816715,19.4719035029411
0,8.81591491401196,3.40607869625092,288.012653626502,0,21.3383114337921,0,0,0,48.9640812948346,0,0,0,0,0,0,12.918676301837,13.3538663461804,1224.22606287897,0.673310577869415,0.307605318725109,0,0,0,0,0,0,0,0,0,0,0,0,0,0,9.64917010068893,0,0,0,333.550615876913,16.426287278533,0,317.530623629689,220.51432672143,0,360.074428223073,1.08966965973377,14.2924260944128,0,141.795852586627,0,0,0,0,0,0.246894389390945,0,867.272304132581,0,12.2342501282692,0,2.54733398556709,178.029361516237,0.147463798522949,0,0,0,0,0,0,0,0,0,0,0,0,0,0,1354.73352304846,16.5962460786104,0,0,1705.54310896993,0.594320774078369,5260.59893081337,2588.67112965137,1.49777474999428
121.700056254864,0,334.599261783063,5.34013490378857,0.239518687129021,0,0,0,32.5950217843056,0,0,0,0,0,0,0,2.53029480576515,19.1894824504852,1060.28751610219,0,23.9925966262817,0,0,0,0,0,0,0,0,0,0,0,0,0,0,0,0.769003644585609,0,6.31599712371826,0.138642281293869,2194.33166222274,317.530623629689,0,5.98625440895557,0,15.3468258082867,42.613738976419,35.7831560224295,131.23899307102,5.41953018307686,0,0,0,0,0.907213270664215,0,474.364699348807,0.103950597345829,0,0,2.73206570744514,0,2.36920291185379,112.498501263559,0,0,0,0,0,0,0,0,0,0.345587849617004,0,0,0,0,23.1323028802872,913.947825618088,0,0.630414128303528,1795.47084955871,0,5683.60825068504,3.44841039180756,1383.70417431742
0.170483186841011,0,0,9.78283070772886,0,2.01542130112648,0,0,0,0,0,0,0,0,0,0,20.0352967679501,9.07197237014771,510.041729316115,0,0,0,0,0,0,0,0,0,0,0,0,0,0,0,0,0,0,0,0,10.0157275050879,12.1413791179657,220.51432672143,5.98625440895557,0,0,130.509569846094,2.37288671731949,0,0.124477900564671,0,0,0,0,0,0,0,0.110148899257183,4.69806981086731,0,0,0,0,20.8885803893209,4.88638961315155,0,0,0,0,0,0,0,0,0,0,0,0,0,0,269.568926356733,14.7102616131306,0,0,168.722448594868,0,316.25125592947,45.3588627204299,1.02851767838001
0,0,0,0,0,0,0,0,0,0,0,0,0,0,0,0,0,0,0,0,0,0,0,0,0,0,0,0,0,0,0,0,0,0,0,0,0,0,0,0,0,0,0,0,0,0,0,0,0,0,0,0,0,0,0,0,0,0,0,0,0,0,0,0,0,0,0,0,0,0,0,0,0,0,0,0,0,0,0,0,0,0,0,0,0,0,0
0.677689045667648,0.165653988718987,3.24150565266609,54.8913374990225,0,1.58797681331635,0,0,0,0.141312196850777,0,0,0,0,0,0,53.1409244015813,22.570967964828,977.059201046824,0,0,0,0,0,0,0,0,0,0,0,0,0,0,0,0,2.61882577836514,0,0,0,215.454708486795,62.3327563479543,360.074428223073,15.3468258082867,130.509569846094,0,0,5.23417383432388,0,2.77244019508362,3.05470506846905,0,0,0,0,0,0,0,25.5868029147387,0,0,0,0,758.318606451154,10.0631524845958,0,0,0,0,0,0,0,0,0,0,0,0,0,0,987.095990568399,49.4289813563228,0,0,120.510826952755,0,978.517052777112,26.6226998046041,0.181894645094872
0.847950547933578,0,42.1990617215633,0,0,0,0,0,0,0,0.453044831752777,0,0,0,0,0,1.97259138524532,2.39720074832439,101.43370795995,0,11.7923456951976,0,0,0,0,0,0,0,0,0,0,0,0,0,0,0.602453112602234,34.6561136245728,0,0,0.359288662672043,54.4930615276098,1.08966965973377,42.613738976419,2.37288671731949,0,5.23417383432388,0,0.0841130986809731,67.8316026218235,2.21195392310619,0,0,0,0,0,0,12.9117624983191,0,0,0,0,0,0,822.02716396004,0,0,0,0,0,0,0,0,0,0,0,0,0,0,19.2001751214266,1366.85112865269,0,79.9196684807539,128.057887405157,0,604.055594008416,0,1.07311913371086
0,0,0.600901901721954,0,0,0,0,0,0,0,0,0,0,0,0,0,0,0,0,0,1.54687601327896,4.0679544210434,0,1.45424649119377,0,0,0,0,0,0,0,148.511251986027,675.253786489367,1073.04995560646,861.866632908583,0,173.787004768848,159.156661525369,169.538196027279,0,0,14.2924260944128,35.7831560224295,0,0,0,0.0841130986809731,0,85.119460940361,1944.28696921468,0,0,0,0,0,1.18080645799637,0,0,0,0,0,0,0,0,0,0,15.8399772793055,0,0,0,1.25920385122299,0,0,0,794.427225992084,109.966653198004,1097.33530384302,416.272464841604,1884.21765811741,1356.38925729692,2586.10798685253,17.3195725232363,1106.53947533667,16.9126797616482,61.5899370163679,0,0
139.658308431506,0,56.1265554949641,8.7916726320982,2.39363932609558,0,0,0,101.674622088671,0,0,0,0,0,0,0,0,0,0,0,26.2821956500411,0,2.25414347648621,0,4.97543609142303,0,0,0,0,0,0,0,0,0,0,0,5.68949235975742,0,11.9302644282579,0,109.869933344424,0,131.23899307102,0.124477900564671,0,2.77244019508362,67.8316026218235,85.119460940361,0,213.411988914013,0,0,0,0,39.6346427351236,0,0.706789940595627,0.215906977653503,0.33778190612793,0,48.5121910870075,0,12.9306669682264,4.05869652330875,0,16.7189772427082,0,17.7796054333448,0,0,0,3.56231379508972,0,0,0,0.373996704816818,1.20853710174561,0,17.3519205451012,395.99916690588,0,50.8590062558651,245.738588377833,0,650.227527871728,0,0
0,222.192405968904,3.47375400364399,88.2386639416218,0.294568330049515,0,0,0,0,21.8995413631201,0,0,0,1.04562076926231,0,0.75070133805275,0,0,0,7.00349363684654,6.9980192258954,3.4713944196701,0,4.95491613447666,0,0,0,0,0,0,0,0,0,2.45812831819057,35.8351804316044,8.65090434253216,2.05642980337143,147.169119641185,6.81569808721542,194.059812963009,0,141.795852586627,5.41953018307686,0,0,3.05470506846905,2.21195392310619,1944.28696921468,213.411988914013,0,0,0,0,0,0,13.9812939465046,0.149781197309494,105.665628477931,0,174.613775268197,0,70.0770962685347,2.091293618083,0,0,0,66.2027848064899,0,12.5304700732231,0,42.7791036963463,0,4.35970604419708,0,1.05200600624084,0,17.7693514972925,5.67874220013618,38.8795936256647,1.78198279440403,914.823175534606,1.81724479794502,264.271561205387,10.7801366895437,1171.07757122815,2.71374325454235,0
0,0,15.7787501215935,0,389.622924983501,0,0,0,0,0,0,0,7.28436613082886,0,52.936661362648,0,0,0,0,0,16.1186347603798,0,0,0,0,0,0,0,0,0,0,0,0,0,0,0,0,0,0,0,0,0,0,0,0,0,0,0,0,0,0,0,1.43778419494629,0,0,0,116.480645060539,0,0,0,0,0,0,0,0,0,0,0,0,0,0,0,0,0,0,0,0,0,0,0,0,0,382.463219642639,0,3.70845377445221,0,0
0,0,0,5.94993814826012,0,691.648323208094,0,0,0,0,0,33.0084002912045,0,0,0,0,0,0,0,0,0,0,0,0,0,0,0,0,0,0,0,0,0,0,0,0,0,0,0,0,0,0,0,0,0,0,0,0,0,0,0,0,0,55.8032078742981,0,0,0,380.31454578042,0,31.1819157898426,0,102.320432186127,0,0,0,0,0,0,0,0,0,0,0,0,0,0,0,0,0,0,0,0,463.816636621952,0,12.440216511488,0,0
0,0,0,0,0,0,0,0,0,0,0,0,0,0,10.3396300077438,0,0,0,0,0,0,0,0,0,0,0,0,0,0,0,0,0,0,0,0,0,0,0,0,0,0,0,0,0,0,0,0,0,0,0,1.43778419494629,0,0,0,0,0,0,0,0,0,0,0,0,0,0,0,0,0,0,0,0,0,0,0,0,0,0,0,0,0,0,0,2,0,0,0,0
0,0,0,0,0,5.3834981918335,0,81.9421099722385,0,0,0,0,0,0,0,0,0,0,0,19.2427394092083,0,0,0,0,0,0,0,0,0,0,0,0,0,0,0,0,0,0,0,0,0,0,0,0,0,0,0,0,0,0,0,55.8032078742981,0,0,0,0,0,224.680341392756,0,0.480082646012306,0,0,0,0,0,0,0,0,0,0,0,0,0,0,0,0,0,0,0,0,0,0,176.225652933121,18.9924879074097,0,0,0
201.13319247961,0,3.80341467261314,0,0,0,0,0,453.684558212757,0,0,0,0,0,43.8644870817661,0,3.53133517503738,0,0,0,0,0,0,0,56.9238492771983,0,162.886679545045,0,0,0,0,0,0,0,0,0,0,0,57.0683398991823,0,0,0,0.907213270664215,0,0,0,0,0,39.6346427351236,0,0,0,0,0,0,0,0,0,0,0,283.718987569213,0,0,0,0,0,0,244.799673877656,0,0.152409315109253,0,0,0,0,0,0,0,4.64846587181091,0,0,0,373.47752674669,25.2448268532753,0,126.760036692023,0,0
0,295.372319117188,0,24.3759494423866,0,0,0,0,0,621.468845054507,0,0,0,0,0,157.418650001287,0,40.8820576965809,0,0,0,0.198973774909973,0,21.1459684669971,0,0,0,0,0,0,0,0,0,0,0,0,0,107.499120295048,0,0,0,0.246894389390945,0,0,0,0,0,1.18080645799637,0,13.9812939465046,0,0,0,0,0,0,0,0.205201745033264,0,0,0,618.527534604073,0,0,0,0,190.90443085134,0,4.04188397526741,0,0,0,0,0,0,0,0.350871562957764,0,1.14578855037689,0,604.594790443778,0,141.262590795755,3.91759030520916,315.146413862705,0,0
1.44743525981903,0,46.2316403836012,0,0,0,76.2898701429367,0,5.83920322358608,0,2281.94815641642,0,203.361312031746,0,0,0,0,0,20.5801087617874,0,4.38628959655762,0,0,0,0,0,0,0,205.721396267414,0,36.462733745575,0,0,0,0,0,77.0842671394348,0,401.767905518413,0,0.123716928064823,0,474.364699348807,0.110148899257183,0,0,12.9117624983191,0,0.706789940595627,0.149781197309494,116.480645060539,0,0,0,0,0,0,0,174.879183515906,0,29.9042789041996,0,0,115.131895259023,0,0,0,0,0,0,0,0,0,89.4340033531189,0,0,0,0,0,14.6289855390787,0,13.3802103102207,360.559205047786,0,474.310990400612,0,20.3620800673962
0,26.3104754537344,0,141.117374099791,0,20.8942900896072,0,0.327876091003418,0,31.56310531497,0,4604.45641124249,0,96.2967287302017,0,0,1.98805251717567,0.187081918120384,49.0280272513628,492.754007071257,0,0,0,0,0,0,0,0,0,18.1472651958466,0,0,0,0,0,554.384420543909,0,1074.26963229477,0,3.42447984218597,3.67537635564804,867.272304132581,0.103950597345829,4.69806981086731,0,25.5868029147387,0,0,0.215906977653503,105.665628477931,0,380.31454578042,0,224.680341392756,0,0.205201745033264,0,0,0,222.865144938231,0,2.61262604594231,675.484896101058,0,0,0,0,0,0,0,0,0,18.0088109970093,0,0,0,0,0,37.4977024570107,1.86147955060005,0,0,867.723998434842,11.0887694358826,1066.34213108569,75.3369224220514,0
0,0,0,0,0,0,24.6787157058716,0,0,0,179.362949430943,0,2396.22535927594,0,18.3923165798187,0,0,0,0,0,0,0,0,0,0,0,0,0,147.309015750885,0,0,0,0,0,0,0,0,0,0,0,0,0,0,0,0,0,0,0,0.33778190612793,0,0,0,0,0,0,0,174.879183515906,0,0,0,200.155180752277,0,0,0,0,0,0,0,0,0,0,0,0,0,0,0,0,0,0,0,0,0,804.325879618526,97.1444915533066,0,0,0
0,12.3300888538361,0,0,0,0,0,2,0,2.20100744068623,0,1588.34066042304,0,928.437458157539,0,22.1805624365807,0,0,0,0,0,0,0,0,0,0,0,52.7840965986252,0,0,0,0,0,0,0,0,0,0,0,0,0,12.2342501282692,0,0,0,0,0,0,0,174.613775268197,0,31.1819157898426,0,0.480082646012306,0,0,0,222.865144938231,0,0,0,47.6066546738148,0.189495846629143,0,0,0,0,0,0,0,4.55638289451599,0,0,0,0,0,0,0,0,0,0,0,142.044300973415,99.2065772414207,90.0434813499451,0,0
43.1330074816942,0,11.3060236275196,0,1.8751894235611,0,0,0,241.741813153028,0,0,0,117.882046848536,0,166.01166331768,0,18.6205090284348,0,0,0,0,0,0,0,0,0,0,0,0,0,0,0,0,0,0,0,0,0,0,0,0,0,2.73206570744514,0,0,0,0,0,48.5121910870075,0,0,0,0,0,283.718987569213,0,29.9042789041996,0,200.155180752277,0,0,0,0,0,0,0,0,0.899447068572044,0,0,0,0,0,0,0,0,0,0,0,0,0,0,532.047137320042,90.8250751495361,10.0551872998476,0,0
0,92.1800501048565,0,0,0,13.4810167551041,0,0,0,480.898151293397,0,0,0,143.709405317903,0,316.950089111924,0,51.1568595767021,0,0,0,0,0,14.0626147091389,0,0,0,85.8619456291199,0,0,0,0,0,0,0,0,0,0,0,0,0,2.54733398556709,0,0,0,0,0,0,0,70.0770962685347,0,102.320432186127,0,0,0,618.527534604073,0,2.61262604594231,0,47.6066546738148,0,0,0,0,0,0,116.395511746407,0,9.50204327702522,0,0.848195910453796,0,0,0,0,0,0,0,0,0,0,0,549.699216201901,45.8736140429974,12.9187520295382,0,0
0,2.01848769187927,1.36810100078583,114.250362679362,0,0,0,0,0,3.32882863283157,0,453.072511583567,0,0,0,0,22.4560064524412,8.99625900387764,189.669921904802,750.802314639091,0.632771193981171,0,0,0,0,0,0,0,0,0,0,0,0,0,0,2058.94147227705,0,140.827053800225,0,72.3901386409998,4.73786944150925,178.029361516237,2.36920291185379,20.8885803893209,0,758.318606451154,0,0,12.9306669682264,2.091293618083,0,0,0,0,0,0,0,675.484896101058,0,0.189495846629143,0,0,0,0.993154004216194,0,0,0,0,0,0,0,0,0,0,0,0,0,0,1020.17355805635,12.6093450784683,0,0,786.72192261368,0,701.928754620254,18.0016966238618,0
0.165979102253914,0,4.09066005051136,0.624071776866913,2.26685231924057,0,16.8966961503029,0,0,0,414.830366969109,0,0,0,0,0,4.81184703111649,10.7231477424502,212.211935564876,0,2022.72793672979,0,0,0,0,0,0,0,0,0,0,0,0,0,0,0,1035.33589364588,0,307.020315669477,0,57.5513108149171,0.147463798522949,112.498501263559,4.88638961315155,0,10.0631524845958,822.02716396004,0,4.05869652330875,0,0,0,0,0,0,0,115.131895259023,0,0,0,0,0,0.993154004216194,0,0,0,0,0,0,0,0,0,0,0.949293613433838,0,0,0,0,7.215934664011,2924.76593981683,0,254.011683002114,667.902453437448,0,630.203987933695,0.787784114480019,3.07804174721241
0,0,0,0,0,0,0,0,0,0,0,0,0,0,0,0,0,0.979591697454453,0,0,0,4986.30791884661,110.800612092018,98.5855301767588,0,0,0,257.04394441843,0,0,0,0,0,0,0,0,0,1606.53438386321,10.7722422778606,0,0,0,0,0,0,0,0,0,0,0,0,0,0,0,0,0,0,0,0,0,0,0,0,0,0,39.7915889620781,15.6250431388617,0,14.8217408061028,0,0.509013831615448,0,0,0,0,0,0,0,0,0,196.041575372219,0,515.315839484334,222.363120168447,0,0,0
0,0,0,0,0,0,0,0,0,0,0,0,0,0,0,0,29.0709563493729,0,0,0,0,234.612079143524,5425.99047973752,0,3.14670902490616,0,0,0,164.166122227907,0,0,0,0,0,0,0,0,2.1303808093071,960.60814166069,0,0,0,0,0,0,0,0,0,16.7189772427082,0,0,0,0,0,0,0,0,0,0,0,0,0,0,0,39.7915889620781,0,0,23.7634626477957,0,8.7513202726841,0,60.7723302990198,0,0,0,0,0,0,0,0,0,582.508435487747,472.800737604499,231.413424879313,0,0,0
0,0,0,0,0,0,0,0,0,3.08987049758434,0,0,0,0,0,0,0,15.1652332246304,0,0,0,12.0221648961306,0,382.258712410927,0,34.6520620286465,0,0,0,0,0,0,0,0,0,0,0,193.076795876026,2.76149697601795,0,0,0,0,0,0,0,0,15.8399772793055,0,66.2027848064899,0,0,0,0,0,190.90443085134,0,0,0,0,0,116.395511746407,0,0,15.6250431388617,0,0,0,53.7722714543343,0,0,0,0,0,0,0,0.347672134637833,0,0,0,359.160984545946,0,132.262772276998,8.8145839124918,177.505573481321,0,0
0,0,0,0,0,0,0,0,19.8698227405548,0,0,0,0,0,0,0,14.6615018248558,0,0,0,0,0,5.13647073507309,0,154.98303809762,0,26.1647419333458,0,0,0,0,0,0,0,0,0,0,0,485.108118727803,0,0,0,0,0,0,0,0,0,17.7796054333448,0,0,0,0,0,244.799673877656,0,0,0,0,0,0.899447068572044,0,0,0,0,23.7634626477957,0,0,0,33.5720562338829,0,0,0,0,0,0,0,0,0,0,0,207.951272159815,24.6387652605772,0,56.2205779701471,0,0
0,0,0,0,0,0,0,0,0,2.70683574676514,0,0,0,16.6381081342697,0,1.18158841133118,0,299.107836216688,0,0,0,168.060400262475,0,214.713155850768,0,679.556077212095,0,1394.24984899163,0,0,0,0,0,0,0,0,0,0,0,0,0,0,0,0,0,0,0,0,0,12.5304700732231,0,0,0,0,0,4.04188397526741,0,0,0,0,0,9.50204327702522,0,0,14.8217408061028,0,53.7722714543343,0,0,0,172.867826998234,0,0,0,0,0,0,0,0,0,0,0,195.930299729109,13.614945679903,0,0,0
0,0,0,0,0,0,0,0,69.892069786787,0,0,0,0,0,0,0,386.971110418439,9.01219445466995,0,0,0,0,0.783718824386597,0,546.695555776358,0,289.615576356649,0,10.0051583647728,0,0,0,0,0,0,0,0,0,0,0,0,0,0,0,0,0,0,0,0,0,0,0,0,0,0.152409315109253,0,0,0,0,0,0,0,0,0,0,8.7513202726841,0,33.5720562338829,0,0,0,301.225989833474,0,0,0,0,0,0,0,0,0,0,258.323310017586,0,0.725956857204437,0,0
0,0,0,0,0,0,0,0,0,0,0,235.2351154387,0,39.8263466954231,0,0,0,0,0,0,0,55.0794835090637,0,0,0,38.0661847293377,0,2151.06036068499,0,422.717497706413,0,0,0,0,0,0,0,30.648689687252,0,0,0,0,0,0,0,0,0,1.25920385122299,0,42.7791036963463,0,0,0,0,0,0,0,0,0,4.55638289451599,0,0.848195910453796,0,0,0.509013831615448,0,0,0,172.867826998234,0,0,0,46.5364261716604,0,0,0,0,0,0,0,1,0,643.466661348939,145.373725533485,0,0,0
0,0,0,0,0,0,0,0,0,0,0,0,4.42322611808777,0,0,0,0,0,0,0,0,0,107.045279383659,0,0,0,0.867994725704193,0,1261.57835198939,0,621.319177001715,0,0,0,0,0,0,0,288.541799902916,0,0,0,0,0,0,0,0,0,3.56231379508972,0,0,0,0,0,0,0,0,0,0,0,0,0,0,0,0,60.7723302990198,0,0,0,301.225989833474,0,0,0,26.1933773756027,0,0,0,0,0,0,0,138.735273912549,275.47142803669,392.892532855272,1,0,0
0,0,0,0,0,0,0,0,0,0,0,25.8292458951473,0,0,0,0,0,0,0,0,0,0,0,0,0,0,0,7.65390777587891,0,323.002619549632,0,0,0,0,0,0,0,508.066180735826,0,0,0,0,0,0,0,0,0,0,0,4.35970604419708,0,0,0,0,0,0,0,18.0088109970093,0,0,0,0,0,0,0,0,0,0,0,0,46.5364261716604,0,0,0,0,0,0,0,0,0,4.15841054916382,0,80.4173413515091,7.99186396598816,0,0,0
0,0,0.182158321142197,0,0,0,0,0,0,0,0,0,0,0,0,0,0,0,0,0,0,0,0,0,0,0,0,0,97.0704325139523,0,174.239485085011,0,0,0,0,0,0,0,1,0,0,0,0.345587849617004,0,0,0,0,0,0,0,0,0,0,0,0,0,89.4340033531189,0,0,0,0,0,0,0.949293613433838,0,0,0,0,0,0,0,26.1933773756027,0,0,0,0,0,0,0,0,0,29.889587521553,1.64920008182526,0,29.2370144128799,0,0
0,0,0,0,0,0,0,0,0,0,0,0,0,0,0,0,0,0,0,0,0,0,0,0,0,0,0,0,0,0,0,1458.46873766184,1119.8929682374,21.3949666470289,0,1093.65713533759,13.0393431186676,0,0,0,0,0,0,0,0,0,0,794.427225992084,0,1.05200600624084,0,0,0,0,0,0,0,0,0,0,0,0,0,0,0,0,0,0,0,0,0,0,0,0,0,7.46656727790833,695.940583094954,0,1004.88761165738,0,0,0,232.06800326705,0,0,0,0
0,0,0,0,0,0,0,0,0,0,0,0,0,0,0,0,0,0,0,0,0,0,0,0,0,0,0,0,0,0,0,13.7169672250748,189.89560392499,0,51.1151348799467,0,99.7750155925751,0,0,0,0,0,0,0,0,0,0,109.966653198004,0.373996704816818,0,0,0,0,0,0,0,0,0,0,0,0,0,0,0,0,0,0,0,0,0,0,0,0,0,7.46656727790833,0,1.13399195671082,944.423020750284,0,31.0357431471348,0,0,155.659593880177,0,0,0,0
0,0,0,0,0,0,0,0,0,0.577341616153717,0,0,0,0,0,0,0,0,0,0,0,0,0,1.96628856658936,0,0,0,0,0,0,0,40.4572787284851,40.3313938379288,3640.88587507606,1563.73651254177,478.033717542887,0,226.515881881118,96.0399951338768,0,0,0,0,0,0,0,0,1097.33530384302,1.20853710174561,17.7693514972925,0,0,0,0,0,0.350871562957764,0,0,0,0,0,0,0,0,0,0,0.347672134637833,0,0,0,0,0,0,0,695.940583094954,1.13399195671082,0,102.567724004388,416.747699931264,0,670.600951313972,1.62251037359238,429.262944340706,5.65063858032227,0,0,0
0,0,0,0,0,0,0,0,2.9866069406271,0,0,0,0,0,0,0,0,0,0,0,0,0.349900454282761,2.2809399664402,0,1.58075907081366,0,0,0,0,0,0,0,50.0076424926519,203.399462357163,520.102000236511,0,266.89429217577,7.2677867859602,326.528442025185,0,0,0,0,0,0,0,0,416.272464841604,0,5.67874220013618,0,0,0,0,4.64846587181091,0,0,0,0,0,0,0,0,0,0,0,0,0,0,0,0,0,0,0,0,944.423020750284,102.567724004388,0,0,246.604845613241,43.4805496633053,406.732679881155,193.454736486077,94.7313757687807,0,0,0
0.882417783141136,0,1.93839679658413,49.9630416557193,0,0,0,0,0.106793358922005,1.95210555195808,0,1.74233341217041,0,0,0,0,158.731909565628,58.5358046367764,1065.4590729624,112.58638754487,0,0,0,0,0,0,0,0,0,0,0,1586.6297955513,310.36990904808,349.617245540023,0,22228.1059576869,3761.37345293164,319.347767151892,6.14677834510803,156.927796781063,79.1814083606005,1354.73352304846,23.1323028802872,269.568926356733,0,987.095990568399,19.2001751214266,1884.21765811741,17.3519205451012,38.8795936256647,0,0,0,0,0,1.14578855037689,0,37.4977024570107,0,0,0,0,1020.17355805635,7.215934664011,0,0,0,0,0,0,0,0,0,0,1004.88761165738,0,416.747699931264,0,0,161.453684851527,998.930643595755,0,4599.12144517899,249.208074346185,1958.26950999349,120.980516068637,0.572368115186691
17.0148478746414,0,40.5293558761477,0.274633496999741,0,0,210.132217034698,0,0,0.151918947696686,339.680971831083,0,0,0,0,0,43.911526799202,67.73214186728,1268.54917483777,0,1142.8492026031,0,0,0,0,0,0,0,0,0,0,5.1177271604538,193.834322571754,0,424.139475822449,474.340974450111,22622.2536027357,5.64381515979767,1676.51818270981,1.63621118664742,409.900922246277,16.5962460786104,913.947825618088,14.7102616131306,0,49.4289813563228,1366.85112865269,1356.38925729692,395.99916690588,1.78198279440403,0,0,0,0,0,0,14.6289855390787,1.86147955060005,0,0,0,0,12.6093450784683,2924.76593981683,0,0,0,0,0,0,0,0,0,0,0,31.0357431471348,0,246.604845613241,161.453684851527,0,0,263.256313443184,6748.21569814533,787.931480899453,647.698050558567,3.86679965257645,15.061996370554
0,0,0,0,0,0,0,0,0,46.1062585413456,0,3.45346683263779,0,0,0,0,0,11.6466299295425,0,18.0760343670845,0,580.452394172549,0,158.98750513792,0,0,0,1.06820023059845,0,10.7651747465134,0,0,0,355.314551115036,140.799676865339,3316.51698337495,0,13822.6578399539,1210.92296105623,0,0,0,0,0,0,0,0,2586.10798685253,0,914.823175534606,0,0,0,0,0,604.594790443778,0,0,0,0,0,0,0,0,196.041575372219,0,359.160984545946,0,0,0,1,0,4.15841054916382,0,0,0,670.600951313972,43.4805496633053,998.930643595755,0,0,8.05217388272285,1940.7805814743,132.02003967762,591.345033988357,0,0
0.237775251269341,0,0.967600166797638,0,0,0,0.3677092269063,0,89.1321490481496,0,444.555618293583,0,0,0,0.198560625314713,0,0.163403987884521,0,0.817131578922272,0,59.0085887983441,0.654473975300789,411.901275113225,2.07355523109436,24.7662129178643,0,0,0,0,0,177.044613480568,0,0,0,533.182982228696,0,196.414561569691,72.7158958762884,13383.6998915002,0,0,0,0.630414128303528,0,0,0,79.9196684807539,17.3195725232363,50.8590062558651,1.81724479794502,0,0,0,0,373.47752674669,0,13.3802103102207,0,0,0,0,0,0,254.011683002114,0,582.508435487747,0,207.951272159815,0,0,0,138.735273912549,0,29.889587521553,0,0,1.62251037359238,406.732679881155,0,263.256313443184,8.05217388272285,0,1876.54753528535,269.7785230726,170.197490215302,0,0
