0,0,0.00183389563660799,0,0.000468784262958512,0,0,0,0.0353906852931309,0,0,0,0,0,0,0,0,0,0.00284279445097256,0,0,0,0,0,0.000233646734036929,0,0,0,0,0,0,0,0,0,0,0,0,0,0.000452885960489926,0,0,0,0.0112580177918726,0,0,0,0,0,0.0255851996521809,0,0,0,0,0,0.013683813741651,0,0,0,0,0,0.000214595539416981,0,0,0,0,0,0,0.00578692572042777,0,0,0,0,0,0.000109295073950863,0,0,0,0,0,0,0,0.00124492183269278,0.00131138432163021,0,0.0541693240277522,0,0
0,0,0,0.0104724854438939,0,0.00216145296394466,0,0,0,0.0935644568448142,0,0,0,0,0,0,0,4.1991743372099e-06,0.00686394412212658,0,0,0,0,0.00391687998234764,0,0,0,0,0,0,0,0,0,0,0,0,0,0.000212010592458439,0,1.59441361117234e-05,0,0.0533656309567022,0,0,0,0,0,0,0,0.00316191582093548,0,0,0,0,0,0.150349329259923,0,1.12176341066235e-05,0,0,0,0,0,0,0,0,0.0135197025447028,0,0,0,0,0,0,0,0,0,0,0,0,0,0,0,0.00199345681553968,2.53925806203707e-05,0.0325328821667793,0.000943182787015336,0
0.00183389563660799,0,0,0.00345402251661434,0.0516665471643422,0.000250429738683442,0,0,0.00356892050222982,0,0,0,0,0,0,0,5.78165410748534e-06,0,0.000261411034834124,0,0,0,0,0,0,0,0,0,0,0,0,0,0,0,0,0,0.00102694293065273,0,0,0,0.00566761425433196,0,0.0228877686082921,0,0,0,0.00242161866474112,0,0.00972217779464034,0,0.0614215981519501,0,0,0,0.00581768845097932,0,1.83169212714823e-05,0,0.000995166997746674,0,0.0196954107835672,0,0,0.000961660761794982,0,0,0,9.5000113093195e-05,0,0,0,0.000440496807071707,0,0.00192969455967665,0,0,0,0,0,1.03964020182228e-05,0,6.14221176330504e-05,0.00075567715173121,1.74139612034785e-05,0.0614356277523886,0,0
0,0.0104724854438939,0.00345402251661434,0,0,0.00582428025027867,0,0,0,0.00548333640676756,0,0,0,0,0,0,3.80721528518884e-05,0.000388541775223778,0.00147904824521092,0,0,0,0,0.000353303814632858,0,0,0,0,0,0,0,0,0,0,0,1.0593930423995e-05,0,2.20690999630518e-05,0,0.000943594304048975,0,0.0615775578247674,7.30995876802094e-05,0,0,0.000388333169124452,0.00040018499817786,0,5.05962122677263e-05,0.00142007868207346,0,0.0101011758098365,0,0,0,0.0214417827245458,0,0.00359977403200134,0,0,0,0,7.99186261865254e-05,2.47084373424663e-05,0,0,0.00131421535799099,0,0,0,0,0,0.000632656204124382,0,0,0,0,0,0.00027063782925369,1.10005233728534e-05,0,0,0.000871613272396641,8.22133049638902e-05,0.0341378600820127,0.0104453368560027,0
0.000468784262958512,0,0.0516665471643422,0,0,0,0.00109046821536698,0,0.00313271686179558,0,0.0294236478014091,0,0,0,0,0,0,0,1.32837675032225e-05,0,0.00441757451130858,0,0,0,0,0,0,0,0,0,0,0,0,0,0,0,0.000651779545677638,0,0,0,0,0,0.000533276831373173,0,0,0,0,0,0,0,0.0311558445874505,0,0.153722570849584,0,0.00961782029427175,0,0.000727196056987021,0,0,0,0,0,0,0.000134728175312842,0,0,0,4.1336937561802e-05,0,0,0,8.72032706785339e-05,0,0.000302617882283269,0,0,0,0,0,6.88181968609496e-06,0,5.06803511169628e-05,0.00479158556779968,1.67048844592325e-05,0.00954735887215988,0,0
0,0.00216145296394466,0.000250429738683442,0.00582428025027867,0,0,0,0,0,0.00160093172991701,0,0,0,0,0,0.000604610126717873,0,0,0,0.00728452731440382,0,0,0,0,0,0,0,0,0,0,0,0,0,0,0,1.29201369827156e-05,0,0,0,0.000200310551690545,0,0.00772983440942863,9.51187173510867e-05,0,0,0,0,0,0,0,0,0.00186868299414317,0,0,0,4.40473602546284e-05,0,0.000193622708659819,0,0,0,0.00499629266501111,0,0,0,0,0,0,0,0,0,0,0,0,0,0,0,0,1.92569617173538e-05,0,0,0,0.00260678494742216,0,0.00932054799491998,0.000883909508823764,0
0,0,0,0,0.00109046821536698,0,0,0,0,0,0.00204559826612612,0,0.000772584280639421,0,0,0,0,0,0,0,0.00693684102271919,0,0,0,0,0,0,0,0,0,0,0,0,0,0,0,1.46922702697339e-05,0,0,0,0,0,0,0,0,0,0,0,0,0,0,0,0.122129470063915,0,0,0,0,0,0,0,0,0,0,0,0,0,0,0,0,0,0,0,0,0,0,0,0,0,0,0,0,0,1.96025451724667e-05,1.69168182042557e-05,0.000376858805576105,0,0
0,0,0,0,0,0,0,0,0,0,0,0,0,0,0,0,0,0,0,0.00311029360821691,0,0,0,0,0,0,0,0,0,0,0,0,0,0,0,0,0,0,0,0,0,0,0,0,0,0,0,0,0,0,0,0,0,0,0,0,0,0,0,0,0,0,0,0,0,0,0,0,0,0,0,0,0,0,0,0,0,0,0,0,0,0,0.00019862097565187,0,0,0,0
0.0353906852931309,0,0.00356892050222982,0,0.00313271686179558,0,0,0,0,0,0,0,0,0,0.0655471840544458,0,0.000329402388640362,0,0.00352815538252323,0,0,0,0,0,0.009551525362976,0,0.0117282194544115,0,0,0,0,0,0,0,0,0,1.72800022496729e-06,0,7.54905421867862e-06,0,0,0,0.00176550167235291,0,0,0,0,0,0.00377167535749793,0,0,0,0,0,0.208812492775019,0,0,0,0,0,0.0487080140888708,0,0,0.000123189046861861,0,0,0,0.0171977490077829,0,0,0,4.86127176197162e-05,0,0.000444087610492712,0,0,0,0,0,1.38812824213783e-05,0,0.002085169664696,0.00466201577782834,0.0020911720299642,0.0112186430762919,0,0
0,0.0935644568448142,0,0.00548333640676756,0,0.00160093172991701,0,0,0,0,0,0,0,0,0,0,0,0.0003361382393713,0.00105462653874572,0,0,0,0,0.00527234532614224,0,0,0,0,0,0,0,0,0,0,0,0,0,0.000839068167137411,0,0,0,0.00576253485699161,0.000135969473256306,0,0,0,0,0,0,0.00129288467834965,0,0,0,0,0,0.172960569761066,0,3.61246255331472e-05,0,0,0,0.00371917054064894,0,0,0,0,0.000365057832553378,0,0,0,0,0,0,0,0,0,0,0,0,0,0.00114506312474887,0,0.00648344125687787,0.00302024336333159,0.0029656338564644,0.0022014357439614,0
0,0,0,0,0.0294236478014091,0,0.00204559826612612,0,0,0,0,0,0.0464393060965461,0,0,0,0,0,0,0,0.109767771356008,0,0,0,0,0,0,0,0,0,0.00297836978269388,0,0,0,0,0,0,0,0.00136444366998868,0,0,0,0,0,0,0,0,0,0,0,0,0,0.00416450587316852,0,0,0,0.396321184521969,0,0.121966573970831,0,0,0,0,0.00281163868664673,0,0,0,0,0,0,0,0,0,0.0104361752735734,0,0,0,0,0,0,0,0,9.84399177237019e-05,8.34709824931929e-06,0.000230158622669051,0,0
0,0,0,0,0,0,0,0,0,0,0,0,0,0.100019775829054,0,0,0,0,0,0.0816806611284162,0,0,0,0,0,0,0,0.00663948616552195,0,0,0,0,0,0,0,0.0249406891953424,0,0.0156655442556589,0,0,0,0,0,0,0,0,0,0,0,0,0,0,0,0,0,0,0,0.0154807124720444,0,0.335159337133801,0,0,0.00164431940644737,0,0,0,0,0,0,0,0.058894457072011,0,0,0,0,0,0,0,0.000153510349422348,0,0,0,0.00399801849159965,0,0,0,0
0,0,0,0,0,0,0.000772584280639421,0,0,0,0.0464393060965461,0,0,0,0.0796292613357251,0,0,0,0,0,0,0,0,0,0,0,0,0,0.0314069841961581,0,0,0,0,0,0,0,0,0,0,0,0,0,0,0,0,0,0,0,0,0,0,0,0,0,0,0,0,0,0.350154335981867,0,0,0,0,0,0,0,0,0,0,0,0,0.000227590671832819,0,0,0,0,0,0,0,0,0,0,0.00465879687934882,0.00900643915198429,0,0,0
0,0,0,0,0,0,0,0,0,0,0,0.100019775829054,0,0,0,0.0890937475584402,0,0,0,0,0,0,0,0,0,0,0,0.00436870976496425,0,0,0,0,0,0,0,0,0,0,0,0,0,0,0,0,0,0,0,0,0,0,0,0,0,0,0,0,0,0.0122410299494297,0,0.028844476325938,0,0.508135559815221,0,0,0,0,0,0,0,0,0.00693439307461859,0,0,0,0,0,0,0,0,0,0,0,0.013419571613402,0.0195215448956217,0,0,0
0,0,0,0,0,0,0,0,0.0655471840544458,0,0,0,0.0796292613357251,0,0,0,0.000484583106706798,0,0,0,0,0,0,0,0,0,0.0130433585017839,0,0.00663298255902021,0,0,0,0,0,0,0,0,0,0,0,0,0,0,0,0,0,0,0,0.000117848267682664,0,0,0,0,0,0.0306260956969725,0,0,0,0.00278204030438766,0,0.0295948489381592,0,0,0,0,0,0,0,0,0,0,0,0,0,0,0,0,0,0,0,0,0,0.00317741751281901,0.000734381174215559,0,0,0
0,0,0,0,0,0.000604610126717873,0,0,0,0,0,0,0,0.0890937475584402,0,0,0,0.000350284334947629,0,0,0,0,0,0,0,0.0264505351546451,0,0.0142753294276312,0,0,0,0,0,0,0,0,0,0,0,0,0,0,0,0,0,0,0,0,0,0,0,0,0,0,0,0,0,0,0,0.135298016616145,0,0.174545941604381,0,0,0,0,0,0,0.00170406040708393,0,0.0421963193653147,0,0,0,0,0,0,0,0,0,0,0,0.00515445615708251,0.000657609532410254,0,0,0
0,0,5.78165410748534e-06,3.80721528518884e-05,0,0,0,0,0.000329402388640362,0,0,0,0,0,0.000484583106706798,0,0,0.260864193038249,0.181495729158479,0,0,0,0.000945113869765585,0,0,0,0.000197223803272731,0,0.00120503837162193,0,0,0,0,0,0,0,0,0,0,0.00018396336109954,0.00012081374636857,0.000222334393617877,0.00239060816906896,1.82726025517255e-05,0,0.000252536163408162,0.00162760515738337,0,0,0,0,0,0,0,0,0,0,0,0,0,0,0,0,0.000288632646750323,0,0,0,0,0,0,0,0,0,0,0,0,0,0,2.86371913521005e-05,0.000576958050093805,0,0,0.0582528884514678,0.005411026716044,0.00591105628111072,8.80513327816905e-05,0.00074054692109554
0,4.1991743372099e-06,0,0.000388541775223778,0,0,0,0,0,0.0003361382393713,0,0,0,0,0,0.000350284334947629,0.260864193038249,0,0.16565864223666,0,0,0.00153216329888496,0,0,0,0.000522810558597387,0,0,0,0,0,0,0,0,0,0,0,0,0,0.00201919182700811,0.000117379026132134,0.00531660937394657,0.000114230759593267,0.00093182624762924,0,0.0026594047604208,0.000569137547497664,0,0,0,0,0,0,0,0,0,0,1.12618162042028e-05,0,0,0,0,0,7.37349289399017e-05,0,0,0,0,0,0,0,0,0,0,0,0,0,0,0.000899028511958171,0.000124700987963778,0,0,0.0718127334714626,0.0402581811928235,0.0172461858849425,0.00265539603991971,2.42987681447874e-05
0.00284279445097256,0.00686394412212658,0.000261411034834124,0.00147904824521092,1.32837675032225e-05,0,0,0,0.00352815538252323,0.00105462653874572,0,0,0,0,0,0,0.181495729158479,0.16565864223666,0,0,0,0,0,3.68710730570507e-05,0,0,0,0,0,0,0,0,0,0,0,0,0,0,0,0.0116633970504628,0.00745443704762892,0.0978944105828235,0.102510759058808,0.0141975487432186,0.00155993694243939,0.024566044532848,0.0916341704738607,0,2.27535972061197e-05,0.000290064318690344,0,0,0,0,0.00196406981474455,0.000369282096155613,2.27961034290866e-05,0.000235449445324513,0,0,0,0,5.19666575430109e-06,0.011144206076811,0,0,0.000210267448760326,2.1388255988235e-05,0,0,0,2.57285921978168e-05,1.42949410878026e-05,0.000218671140685087,0,0,0,0,0.00700362341420903,0.0126234691486661,0,6.35684738195828e-06,0.0562697151925902,0.0124847565650709,0.355354986680307,0.0229868869770459,0.0147229798975572
0,0,0,0,0,0.00728452731440382,0,0.00311029360821691,0,0,0,0.0816806611284162,0,0,0,0,0,0,0,0,0,0,0,0,0,0,0,0,0,0,0,0,0,0,0,0.0052986367161384,0,0.00532198029096142,0,0,0,4.33365458646548e-05,0,0,0,0,0,0,0,8.03014715245916e-05,0,0,0,0.000324136498648415,0,0,0,0.00139017584121689,0,0,0,0,0.000343653849048652,0,0,0,0,0,0,0,0,0,0,0,0,0,0,0,0.000109894425012526,0,0,0,0.00179087125877995,0.000166964864677954,0.0106368762589328,0,0
0,0,0,0,0.00441757451130858,0,0.00693684102271919,0,0,0,0.109767771356008,0,0,0,0,0,0,0,0,0,0,0,0,0,0,0,0,0,0,0,0,0,0,0,0,0,0.0165346664523791,0,0.00448167915783823,0,0,0,0,0,0,0,0,0,0,0,0,0,0.00770383621911186,0,0,0,0.0341249654660591,0,0,0,0,0,0,0.018287021890209,0,0,0,0,0,0,0,0,0,0,0,0,0,0,0,3.41355582168148e-05,0,0,0.00393537038206241,0,0,0,0
0,0,0,0,0,0,0,0,0,0,0,0,0,0,0,0,0,0.00153216329888496,0,0,0,0,0.0531889521461675,0.0102735619803282,0,0.0117870303924843,0,0.00433054046772195,0,0,0,0,0,0,0,0,0,0.000456773899904916,0,0,0,0,0,0,0,0,0,0,0,0,0,0,0,0,0,0,0,0,0,0,0,0,0,0,0.0779091971517755,0.000295770038881158,0.0421142092432885,0,0,0,0.000366379787726488,0,0,0,0,0,0,0,0,0,2.72586512272243e-05,0,0.00817586769198757,0.0019964629612921,0,0,0
0,0,0,0,0,0,0,0,0,0,0,0,0,0,0,0,0.000945113869765585,0,0,0,0,0.0531889521461675,0,0,0,0,0,0,0.00456834623282877,0,0,0,0,0,0,0,0,0,0.000187195419397697,0,0,0,0,0,0,0,0,0,0,0,0,0,0,0,0,0,0,0,0,0,0,0,0,0,0.00153091145513437,0.0650541556425495,0,0.00149518220623887,0,0,0,0,0,0,0,0,0,0,0,0,0,0,0.00218594539040404,0.00451911014718921,0,0,0
0,0.00391687998234764,0,0.000353303814632858,0,0,0,0,0,0.00527234532614224,0,0,0,0,0,0,0,0,3.68710730570507e-05,0,0,0.0102735619803282,0,0,0,0,0,0,0,0,0,0,0,0,0,0,0,0.000154033636822044,0,0,0,5.29097327691437e-05,0,0,0,0,0,0,0,0.00016792591939445,0,0,0,0,0,0.0146223721836314,0,0,0,0,0,0,0,0,0.00819024022314177,0,0.217111744842523,0,0.022847870812224,0,0,0,0,0,0,0,0,0,0,0,0.000114793094004978,0,0.000124113361850417,0,0.00029001960014049,0.000113703602211911,0
0.000233646734036929,0,0,0,0,0,0,0,0.009551525362976,0,0,0,0,0,0,0,0,0,0,0,0,0,0,0,0,0,0.000413541805852542,0,0,0,0,0,0,0,0,0,0,0,0.000150057904802374,0,0,0,0,0,0,0,0,0,0,0,0,0,0,0,0.01412186063729,0,0,0,0,0,0,0,0,0,0,0.00043524868081138,0,0.0838565791957496,0,0,0,0,0,0,0,0,0,0,0,0,0,0.000117003885677552,1.77304585069306e-05,0,0,0,0
0,0,0,0,0,0,0,0,0,0,0,0,0,0,0,0.0264505351546451,0,0.000522810558597387,0,0,0,0.0117870303924843,0,0,0,0,0,0.0616472081433594,0,0,0,0,0,0,0,0,0,0,0,0,0,0,0,0,0,0,0,0,0,0,0,0,0,0,0,0,0,0,0,0,0,0.00137111846642598,0,0,0.00402910583904085,0,0,0,0.0564173250598431,0,0.151675617854719,0,0,0,0,0,0,0,0,0,0,0,3.59978594133281e-05,0,0,0,0
0,0,0,0,0,0,0,0,0.0117282194544115,0,0,0,0,0,0.0130433585017839,0,0.000197223803272731,0,0,0,0,0,0,0,0.000413541805852542,0,0,0,0.07133861231956,0,0,0,0,0,0,0,0,0,0,0,0,0,0,0,0,0,0,0,0,0,0,0,0,0,0,0,0,0,0,0,0,0,0,0,0,0,0,0,0,0.00185865990700362,0,0.000684016997404342,0,0,0,0,0,0,0,0,0,0,0.000160828519557764,0,0,0,0
0,0,0,0,0,0,0,0,0,0,0,0.00663948616552195,0,0.00436870976496425,0,0.0142753294276312,0,0,0,0,0,0.00433054046772195,0,0,0,0.0616472081433594,0,0,0,0.000936183496378362,0,0,0,0,0,0,0,0,0,0,0,0,0,0,0,0,0,0,0,0,0,0,0,0,0,0,0,0,0,0.000252204348571599,0,0,0,0,0,0,0,0,0,0,0.189335612094011,0,0,0,0,0,0,0,0,0,0,0,0.000754258725390266,9.04063767848129e-05,0,0,0
0,0,0,0,0,0,0,0,0,0,0,0,0.0314069841961581,0,0.00663298255902021,0,0.00120503837162193,0,0,0,0,0,0.00456834623282877,0,0,0,0.07133861231956,0,0,0,0.0158917419211101,0,0,0,0,0,0,0,0,0,0,0,0,0,0,0,0,0,0,0,0,0,0,0,0,0,0,0,0.038033753692373,0,0,0,0,0,0,0,0,0,0,6.28634297754616e-05,0,0.0981118211074966,0,0,0,0,0,0,0,0,0,0,0.0104347237192448,0.000131789202834318,0,0,0
0,0,0,0,0,0,0,0,0,0,0,0,0,0,0,0,0,0,0,0,0,0,0,0,0,0,0,0.000936183496378362,0,0,0,0,0,0,0,0,0,0.00242217183609935,0,0,0,0,0,0,0,0,0,0,0,0,0,0,0,0,0,0,0,0.0129347499033668,0,0,0,0,0,0,0,0,0,0,0,0,0.00313540474445628,0,0.00993084424676019,0,0,0,0,0,0,0,0,0,0,0,0,0,0
0,0,0,0,0,0,0,0,0,0,0.00297836978269388,0,0,0,0,0,0,0,0,0,0,0,0,0,0,0,0,0,0.0158917419211101,0,0,0,0,0,0,0,0,0,0,0,0,0,0,0,0,0,0,0,0,0,0,0,0,0,0,0,0.00997850617224239,0,0,0,0,0,0,0,0,0,0,0,0,0,0,0,0,0.00770893578816622,0,0,0,0,0,0,0,0,0,0,0,0,0
0,0,0,0,0,0,0,0,0,0,0,0,0,0,0,0,0,0,0,0,0,0,0,0,0,0,0,0,0,0,0,0,0.134956589205509,0.0343346299852497,0.000283032226434443,0,4.2287173528166e-05,0,0,0,0,0,0,0,0,0,0,0.15965383956554,0.00308343321593972,0,0,0,0,0,0,0,0,0,0,0,0,0,0,0,0,0,0,0,0,0,0,0,0,0,0.00836177744157262,0.159159745924805,0.00524426809404449,0.000559975484913964,0,1.11503745247323e-05,0,0,3.59749619731414e-05,0,0,0,0
0,0,0,0,0,0,0,0,0,0,0,0,0,0,0,0,0,0,0,0,0,0,0,0,0,0,0,0,0,0,0,0.134956589205509,0,0,0,0.000114724033750593,0.000138326929761585,0,0,0,0,0,0,0,0,0,0,0.0291265060216224,0,0,0,0,0,0,0,0,0,0,0,0,0,0,0,0,0,0,0,0,0,0,0,0,0,0,0,0.231035142530347,0,0.0024277187445812,0,0,0,0,0.00197818454018578,0,0,0,0
0,0,0,0,0,0,0,0,0,0,0,0,0,0,0,0,0,0,0,0,0,0,0,0,0,0,0,0,0,0,0,0.0343346299852497,0,0,0.214284067512933,0.00157105618997401,0,0.0182164803903725,0.00653257089485842,0,0,0,0,0,0,0,0,0.0534832000763745,0.0020549065415684,0.000320079923835377,0,0,0,0,0,0,0,0,0,0,0,0,0,0,0,0,0,0,0,0,0,0,0,0,0.00123591543414081,0,0.273391841629206,0.0947278869184761,0.00195907999365951,0,0.00607083400865944,0.00295793171126501,0.00315010669260628,0.000144686612755476,0,0,0
0,0,0,0,0,0,0,0,0,0,0,0,0,0,0,0,0,0,0,0,0,0,0,0,0,0,0,0,0,0,0,0.000283032226434443,0,0.214284067512933,0,0,0.000242510699536069,0.00232616253873588,0.00311398975982054,0,0,0,0,0,0,0,0,0.0664494866051425,0,0,0,0,0,0,0,0,0,0,0,0,0,0,0,0,0,0,0,0,0,0,0,0,0,0,0,0,0.038670007262981,0.179343682328766,0,0,0.000152394731822389,0.00292851350786549,0.00230945228732587,0.000304274193477029,0,0,0
0,0,0,1.0593930423995e-05,0,1.29201369827156e-05,0,0,0,0,0,0.0249406891953424,0,0,0,0,0,0,0,0.0052986367161384,0,0,0,0,0,0,0,0,0,0,0,0,0.000114724033750593,0.00157105618997401,0,0,4.60436161641418e-05,0.0108773945516834,0,0.000254334021799138,0,0.00023887737071192,0,0,0,0,0,0,0,2.76584998588443e-05,0,0,0,0,0,0,0,0.00769117807682397,0,0,0,0,0.00760035895327533,0,0,0,0,0,0,0,0,0,0,0,0,0,0,0,0.0154800671549751,0,0.0313198254706075,0,0.00328326899938769,0,0.00379331925414512,3.59757891651462e-06,0
0,0,0.00102694293065273,0,0.000651779545677638,0,1.46922702697339e-05,0,1.72800022496729e-06,0,0,0,0,0,0,0,0,0,0,0,0.0165346664523791,0,0,0,0,0,0,0,0,0,0,4.2287173528166e-05,0.000138326929761585,0,0.000242510699536069,4.60436161641418e-05,0,0,0.0144243884666692,0,0,9.69868347565876e-06,0,0,0,0,0,0,5.63018668486826e-06,0,5.67633344109631e-05,0,0,0,2.60981810659958e-05,0,0,0,0,0,0,0,0,0.00348730172137806,0,0,0,0,0,0,0,0,0,0,0,0.00116912973454378,0,0,0,0.00512009584087294,0,0.0180368447106277,0.00107180880455061,0,0.0029853791525462,6.84245531476391e-06,0
0,0.000212010592458439,0,2.20690999630518e-05,0,0,0,0,0,0.000839068167137411,0,0.0156655442556589,0,0,0,0,0,0,0,0.00532198029096142,0,0.000456773899904916,0,0.000154033636822044,0,0,0,0,0,0.00242217183609935,0,0,0,0.0182164803903725,0.00232616253873588,0.0108773945516834,0,0,0.0261526699129784,0,0,0.000213712778547697,0,0,0,0,0,0.0019674269379064,0,0.000106272494231835,0,0,0,0,0,0.00173299243063721,0,0.0180329658920739,0,0,0,0,0.000247141762004832,0,7.29492148821009e-05,0,0.000887120509462736,0,0,0,0,0,0.00279308159714997,0,0,0,0.00734739768824264,0.000173682402443817,2.30971545533976e-05,0,0.115581002381013,0.0110625482274119,0.00642083799781333,0.000245362253756735,0.000248609628358604,0.000151283647160792,0
0.000452885960489926,0,0,0,0,0,0,0,7.54905421867862e-06,0,0.00136444366998868,0,0,0,0,0,0,0,0,0,0.00448167915783823,0,0.000187195419397697,0,0.000150057904802374,0,0,0,0,0,0,0,0,0.00653257089485842,0.00311398975982054,0,0.0144243884666692,0.0261526699129784,0,0,0,0,0,0,0,0,0,0.0200831888418674,0,0,0,0,0,0,4.18364245588019e-06,0,0.00137166663109521,0,0,0,0,0,0,0,0,0,0,0.000311173852968525,0,0,0,0,0,0,0,0,0,0.0144816581034035,0,0,0.00379415425119516,0.117993457369798,0.0113353429510455,6.95173757776502e-05,0.00487829990291617,0,0
0,1.59441361117234e-05,0,0.000943594304048975,0,0.000200310551690545,0,0,0,0,0,0,0,0,0,0,0.00018396336109954,0.00201919182700811,0.0116633970504628,0,0,0,0,0,0,0,0,0,0,0,0,0,0,0,0,0.000254334021799138,0,0,0,0,1.66578163916425e-05,0.00720840438829743,5.93641903356154e-06,0.000239155422083497,0,0.0078219217976762,0.000162257421372653,0,0,0.0340395775819514,0,0,0,0,0,1.93271448086885e-05,0,2.27176691297879e-05,0,0,0,0,0,6.06388986462139e-06,0,0,0,0,0,0,0,0,0,0,0,0,0,0,0.00295193490987369,9.04322811766177e-06,0,0,0.00159703185359416,0.000611681803949311,0.0515987491209444,0.000433702191201603,0
0,0,0.00566761425433196,0,0,0,0,0,0,0,0,0,0,0,0,0,0.00012081374636857,0.000117379026132134,0.00745443704762892,0,0,0,0,0,0,0,0,0,0,0,0,0,0,0,0,0,0,0,0,1.66578163916425e-05,0,2.01651159300809e-05,0.00405197377742848,0,0.000136413496022478,9.31317542180296e-05,0.0517324240613839,0.0025800937548455,0.0788527256200657,0.00011878651563609,0,0,0,0,0,0,0,0,0,0,0,0,0,0.000352208745013364,0,0,0,0,0,0,0,0,0,0,0,0,0,0,1.08937171595064e-05,0.000675763844726021,0,0,0.000841960040400062,0.000227270051931681,0.0171021647098693,0,0.000108450946099168
0,0.0533656309567022,0,0.0615775578247674,0,0.00772983440942863,0,0,0,0.00576253485699161,0,0,0,0,0,0,0.000222334393617877,0.00531660937394657,0.0978944105828235,4.33365458646548e-05,0,0,0,5.29097327691437e-05,0,0,0,0,0,0,0,0,0,0,0,0.00023887737071192,9.69868347565876e-06,0.000213712778547697,0,0.00720840438829743,2.01651159300809e-05,0,0.000221369832299919,0.00061783254903182,0,0.00175523282078555,0.000394768540183472,0,0.001166490512389,0.0148932916887115,0,0.000332647408657379,0,0,0,0.0105721461027588,0,0.00110369247066252,0,0,0,0,0,1.72637896176178e-05,0,0,9.84885639399534e-06,0,0,0,0,0,0.000135824511342107,0,0,0,0,0,0.00126348302903431,4.7264674514419e-06,0,0,0.00907626745526371,0.00046391174648148,0.167826661581191,0.0297529671451828,0
0.0112580177918726,0,0.0228877686082921,7.30995876802094e-05,0.000533276831373173,9.51187173510867e-05,0,0,0.00176550167235291,0.000135969473256306,0,0,0,0,0,0,0.00239060816906896,0.000114230759593267,0.102510759058808,0,0,0,0,0,0,0,0,0,0,0,0,0,0,0,0,0,0,0,0,5.93641903356154e-06,0.00405197377742848,0.000221369832299919,0,0,0.000945982057680806,5.88625720750657e-06,0.0418788454068305,0,0.00682606921528621,0,0.000814388205567231,0,0,0,0.00258644460717914,0.000115528748358735,4.85675722389629e-06,0,0,0,4.07549549737462e-05,0,0,0.00992713931222684,0,0,0,7.97573295395395e-06,0,0,0,4.60870162236338e-05,0,0.000182292381701434,0,0,0,0,1.17013176611164e-05,0.00326163103492244,0,1.43442783649894e-06,0.00657968494122722,0.00104703876000296,0.174452995191287,0,0.0110983149532955
0,0,0,0,0,0,0,0,0,0,0,0,0,0,0,0,1.82726025517255e-05,0.00093182624762924,0.0141975487432186,0,0,0,0,0,0,0,0,0,0,0,0,0,0,0,0,0,0,0,0,0.000239155422083497,0,0.00061783254903182,0,0,0,0.00261123307618288,0.00016208636648823,0,0,0,0,0,0,0,0,0,0,7.59817752315779e-05,0,0,0,0,0,0,0,0,0,0,0,0,0,0,0,0,0,0,0,0,8.39912326639771e-05,0,0,0,0.000755986537603067,2.74009340202922e-05,0.00971922771245939,0.000629932580139025,0
0,0,0,0,0,0,0,0,0,0,0,0,0,0,0,0,0,0,0.00155993694243939,0,0,0,0,0,0,0,0,0,0,0,0,0,0,0,0,0,0,0,0,0,0.000136413496022478,0,0.000945982057680806,0,0,0,0.00254049855413601,0,0,0,0,0,0,0,0,0,0,0,0,0,0,0,0,0,0,0,0,0,0,0,0,0,0,0,0,0,0,0,0,0,0,0,0.000618199162255836,9.95492899380999e-07,0.0012878932040963,0,0
0,0,0,0.000388333169124452,0,0,0,0,0,0,0,0,0,0,0,0,0.000252536163408162,0.0026594047604208,0.024566044532848,0,0,0,0,0,0,0,0,0,0,0,0,0,0,0,0,0,0,0,0,0.0078219217976762,9.31317542180296e-05,0.00175523282078555,5.88625720750657e-06,0.00261123307618288,0,0,0.000859311314169982,0,0,0,0,0,0,0,0,0,0,7.81129467265137e-05,0,0,0,0,0.00966773246548524,6.02666832376256e-05,0,0,0,0,0,0,0,0,0,0,0,0,0,0,0.000304791251592341,1.71568136683443e-05,0,0,0.00454107145891946,0.00217172851812526,0.0257310125383483,0.000413590553387438,0
0,0,0.00242161866474112,0.00040018499817786,0,0,0,0,0,0,0,0,0,0,0,0,0.00162760515738337,0.000569137547497664,0.0916341704738607,0,0,0,0,0,0,0,0,0,0,0,0,0,0,0,0,0,0,0,0,0.000162257421372653,0.0517324240613839,0.000394768540183472,0.0418788454068305,0.00016208636648823,0.00254049855413601,0.000859311314169982,0,0,9.58242293001366e-05,0,0,0,0,0,0.000182767441342699,0,0,0,0,0,0,0,0,0.0111335448841235,0,0,0,0,0,0,0,1.33078219953717e-05,0,0,0,0,0,0,2.13903097256128e-05,0.00141748610035357,0,0,0.0107143743894008,0.0025708464769115,0.0338642758423851,0,0
0,0,0,0,0,0,0,0,0,0,0,0,0,0,0,0,0,0,0,0,0,0,0,0,0,0,0,0,0,0,0,0.15965383956554,0.0291265060216224,0.0534832000763745,0.0664494866051425,0,0,0.0019674269379064,0.0200831888418674,0,0.0025800937548455,0,0,0,0,0,0,0,0.402220895593468,0.0228642812439245,0,0,0,0,0,0,0,0,0,0,0,0,0,0,0,0,0,0,0,0,0,0,0,0,0,0.0085423797629012,0.00114160455175723,0.00360519241319724,0,0.00662998567131074,0.00117697501969567,0.000492578544352182,0.00904461495473436,0,0.000238401097335628,0,0
0.0255851996521809,0,0.00972217779464034,5.05962122677263e-05,0,0,0,0,0.00377167535749793,0,0,0,0,0,0.000117848267682664,0,0,0,2.27535972061197e-05,0,0,0,0,0,0,0,0,0,0,0,0,0.00308343321593972,0,0.0020549065415684,0,0,5.63018668486826e-06,0,0,0,0.0788527256200657,0.001166490512389,0.00682606921528621,0,0,0,9.58242293001366e-05,0.402220895593468,0,0.106665354205005,0,0,0,0,0.00217156069158402,0,4.57278729300015e-05,0,0,0,0.000606553549826572,0,0,0,0,0,0,0,0,0,0,0,0,0,0,0.00354528754223846,0,0,0,0.000730093121175619,0,1.76402310062602e-05,0.027651192433979,1.36468844833645e-06,0.0223383009316755,0.000702777877112998,0
0,0.00316191582093548,0,0.00142007868207346,0,0,0,0,0,0.00129288467834965,0,0,0,0,0,0,0,0,0.000290064318690344,8.03014715245916e-05,0,0,0,0.00016792591939445,0,0,0,0,0,0,0,0,0,0.000320079923835377,0,2.76584998588443e-05,0,0.000106272494231835,0,0.0340395775819514,0.00011878651563609,0.0148932916887115,0,0,0,0,0,0.0228642812439245,0.106665354205005,0,0,0,0,0,0,0.000814678719788918,0,0.000363550969629545,0,0,0,0,0,0,0,0,0.000170483994717951,0,0,0,0,0,0,0,0,0,0,0,0.000835447075618448,0,0,0,0.011048560014516,1.78822429132102e-06,0.0144656967114124,0.00202773032152384,0
0,0,0.0614215981519501,0,0.0311558445874505,0,0,0,0,0,0,0,0,0,0,0,0,0,0,0,0,0,0,0,0,0,0,0,0,0,0,0,0,0,0,0,5.67633344109631e-05,0,0,0,0,0,0.000814388205567231,0,0,0,0,0,0,0,0,0,0,0,0,0,0.00295611947664823,0,0,0,0,0,0,0,0,0,0,0,0,0,0,0,0,0,0,0,0,0,0,0,0,0,1.0503104096535e-05,0,0.0127417005334787,0,0
0,0,0,0.0101011758098365,0,0.00186868299414317,0,0,0,0,0,0,0,0,0,0,0,0,0,0,0,0,0,0,0,0,0,0,0,0,0,0,0,0,0,0,0,0,0,0,0,0.000332647408657379,0,0,0,0,0,0,0,0,0,0,0,0,0,0,0,0,0,0,0,0,0,0,0,0,0,0,0,0,0,0,2.77305600311145e-05,0,0,0,0,0,0,0,0,0,0.000953125113445367,0,0.000512694159131751,0,0
0,0,0,0,0.153722570849584,0,0.122129470063915,0,0,0,0.00416450587316852,0,0,0,0,0,0,0,0,0,0.00770383621911186,0,0,0,0,0,0,0,0,0,0,0,0,0,0,0,0,0,0,0,0,0,0,0,0,0,0,0,0,0,0,0,0,0,0,0,0,0,0,0,0,0,0,0,0,0,0,0,0,0,0,0,0,0,0,0,0,0,0,0,0,0,3.53923068841218e-05,9.60801899052311e-05,0.00148177530055997,0,0
0,0,0,0,0,0,0,0,0,0,0,0,0,0,0,0,0,0,0,0.000324136498648415,0,0,0,0,0,0,0,0,0,0,0,0,0,0,0,0,0,0,0,0,0,0,0,0,0,0,0,0,0,0,0,0,0,0,0,0,0,0,0,0,0,0,0,0,0,0,0,0,0,0,0,0,0,0,0,0,0,0,0,0,0,0,1.02751275183834e-05,0,0,0,0
0.013683813741651,0,0.00581768845097932,0,0.00961782029427175,0,0,0,0.208812492775019,0,0,0,0,0,0.0306260956969725,0,0,0,0.00196406981474455,0,0,0,0,0,0.01412186063729,0,0,0,0,0,0,0,0,0,0,0,2.60981810659958e-05,0,4.18364245588019e-06,0,0,0,0.00258644460717914,0,0,0,0.000182767441342699,0,0.00217156069158402,0,0,0,0,0,0,0,0,0,0,0,0.0545202763321778,0,0,0.000127401752599524,0,0,0,0.0751122355393104,0,0,0,6.82561660466807e-05,0,0.000611432081191486,0,0,0,0,0,0,0,0.000177587480361036,0.000682591511504378,3.07682452920532e-06,0.00638448946171363,0,0
0,0.150349329259923,0,0.0214417827245458,0,4.40473602546284e-05,0,0,0,0.172960569761066,0,0,0,0,0,0,0,0,0.000369282096155613,0,0,0,0,0.0146223721836314,0,0,0,0,0,0,0,0,0,0,0,0,0,0.00173299243063721,0,1.93271448086885e-05,0,0.0105721461027588,0.000115528748358735,0,0,0,0,0,0,0.000814678719788918,0,0,0,0,0,0,0,0.000891826117008908,0,0,0,0,0,0,0,0,0.00930765895973292,0,0,0,0,0,7.4086078482823e-05,0,0,0,0,0,0,0,0.00830012504308018,0,0.000847049365877548,1.53310979733877e-06,0.00616987632602803,0.00240752744466237,0
0,0,1.83169212714823e-05,0,0.000727196056987021,0,0,0,0,0,0.396321184521969,0,0,0,0,0,0,0,2.27961034290866e-05,0,0.0341249654660591,0,0,0,0,0,0,0,0,0,0.00997850617224239,0,0,0,0,0,0,0,0.00137166663109521,0,0,0,4.85675722389629e-06,0,0,0,0,0,4.57278729300015e-05,0,0.00295611947664823,0,0,0,0,0,0,0,0.000390353831783305,0,6.44039391772822e-05,0,0,0.00497871126505062,0,0,0,0,0,0,0,0,0,0.00441253442701111,0,0,0,0,0,0,0,0,6.30666787316531e-05,0,0.000147099530990645,0,0
0,1.12176341066235e-05,0,0.00359977403200134,0,0.000193622708659819,0,0,0,3.61246255331472e-05,0,0.0154807124720444,0,0.0122410299494297,0,0,0,1.12618162042028e-05,0.000235449445324513,0.00139017584121689,0,0,0,0,0,0,0,0,0,0.0129347499033668,0,0,0,0,0,0.00769117807682397,0,0.0180329658920739,0,2.27176691297879e-05,0,0.00110369247066252,0,7.59817752315779e-05,0,7.81129467265137e-05,0,0,0,0.000363550969629545,0,0,0,0,0,0.000891826117008908,0,0,0,0.0310800224644673,0,0,0.000260070752288699,0,0,0,0,0,0,0,0,0,0.00360095755858658,0,0,0,0,0,0.000201318642941753,9.58546205076292e-07,0,0,0.00216871941658478,7.24602834934177e-06,0.00518234764451059,5.5555922435088e-05,4.99126197980691e-06
0,0,0.000995166997746674,0,0,0,0,0,0,0,0.121966573970831,0,0.350154335981867,0,0.00278204030438766,0,0,0,0,0,0,0,0,0,0,0,0,0,0.038033753692373,0,0,0,0,0,0,0,0,0,0,0,0,0,0,0,0,0,0,0,0,0,0,0,0,0,0,0,0.000390353831783305,0,0,0,0,0,0,0,0,0,0,0,0,0,0,0,0,0,0,0,0,0,0,0,0,0,0.000440587219727788,0.00022569368137651,0,0,0
0,0,0,0,0,0,0,0,0,0,0,0.335159337133801,0,0.028844476325938,0,0.135298016616145,0,0,0,0,0,0,0,0,0,0,0,0.000252204348571599,0,0,0,0,0,0,0,0,0,0,0,0,0,0,0,0,0,0,0,0,0,0,0,0,0,0,0,0,0,0.0310800224644673,0,0,0,0.014140072241514,0,0,0,0,0,0,0,0,0,0,0,0,0,0,0,0,0,0,0,0,0.00336193851126879,0.00115794358909253,0,0,0
0.000214595539416981,0,0.0196954107835672,0,0,0,0,0,0.0487080140888708,0,0,0,0,0,0.0295948489381592,0,0,0,0,0,0,0,0,0,0,0,0,0,0,0,0,0,0,0,0,0,0,0,0,0,0,0,4.07549549737462e-05,0,0,0,0,0,0.000606553549826572,0,0,0,0,0,0.0545202763321778,0,6.44039391772822e-05,0,0,0,0,0,0,0,0,0,0,0,0,0,0,0,0,0,0,0,0,0,0,0,0,0,2.5278211600199e-05,0.000951223948013803,0.000155054297550092,0,0
0,0,0,0,0,0.00499629266501111,0,0,0,0.00371917054064894,0,0,0,0.508135559815221,0,0.174545941604381,0,0,0,0,0,0,0,0,0,0.00137111846642598,0,0,0,0,0,0,0,0,0,0,0,0,0,0,0,0,0,0,0,0,0,0,0,0,0,0,0,0,0,0,0,0,0,0.014140072241514,0,0,0,0,0,0,0,0,0,0,0,0,0,0,0,0,0,0,0,0,0,0,0.00337838204367341,0.000351028803831433,0,0,0
0,0,0,7.99186261865254e-05,0,0,0,0,0,0,0,0.00164431940644737,0,0,0,0,0,0,5.19666575430109e-06,0.000343653849048652,0,0,0,0,0,0,0,0,0,0,0,0,0,0,0,0.00760035895327533,0,0.000247141762004832,0,0,0,0,0,0,0,0.00966773246548524,0,0,0,0,0,0,0,0,0,0,0,0.000260070752288699,0,0,0,0,0,0,0,0,0,0,0,0,0,0,0,0,0,0,0,0,7.28740815247875e-06,0,0,0,4.94249507068285e-05,0,0.00804453894513376,0,0
0,0,0.000961660761794982,2.47084373424663e-05,0.000134728175312842,0,0,0,0.000123189046861861,0,0.00281163868664673,0,0,0,0,0,0.000288632646750323,7.37349289399017e-05,0.011144206076811,0,0.018287021890209,0,0,0,0,0,0,0,0,0,0,0,0,0,0,0,0.00348730172137806,0,0,6.06388986462139e-06,0.000352208745013364,1.72637896176178e-05,0.00992713931222684,0,0,6.02666832376256e-05,0.0111335448841235,0,0,0,0,0,0,0,0.000127401752599524,0,0.00497871126505062,0,0,0,0,0,0,0,0,0,0,0,0,0,0,0,0,0,0,0,0,0,0,7.23857758240511e-05,0,0,0.00377486580403532,7.5309349012163e-05,0.0111293692454571,0,4.40999907238091e-05
0,0,0,0,0,0,0,0,0,0,0,0,0,0,0,0,0,0,0,0,0,0.0779091971517755,0.00153091145513437,0.00819024022314177,0,0.00402910583904085,0,0,0,0,0,0,0,0,0,0,0,7.29492148821009e-05,0,0,0,0,0,0,0,0,0,0,0,0,0,0,0,0,0,0,0,0,0,0,0,0,0,0,0,0,0.000274528337899935,0,0,0,0,0,0,0,0,0,0,0,0,0,0,0,0.000175609267575327,0,0,0,0
0,0,0,0,0,0,0,0,0,0,0,0,0,0,0,0,0,0,0,0,0,0.000295770038881158,0.0650541556425495,0,0.00043524868081138,0,0,0,0,0,0,0,0,0,0,0,0,0,0,0,0,0,0,0,0,0,0,0,0,0,0,0,0,0,0,0,0,0,0,0,0,0,0,0,0,0,0,0.00312035966160523,0,0,0,0,0,0,0,0,0,0,0,0,0,0,0.000224671487404489,0,0,0,0
0,0.0135197025447028,0,0.00131421535799099,0,0,0,0,0,0.000365057832553378,0,0,0,0,0,0,0,0,0.000210267448760326,0,0,0.0421142092432885,0,0.217111744842523,0,0,0,0,0,0,0,0,0,0,0,0,0,0.000887120509462736,0,0,0,9.84885639399534e-06,0,0,0,0,0,0,0,0.000170483994717951,0,0,0,0,0,0.00930765895973292,0,0,0,0,0,0,0,0,0.000274528337899935,0,0,0,0,0,0,0,0,0,0,0,0,0,0,0,0.00477597804226548,0,0.000905801569119546,0,0.0026239611262162,0,0
0.00578692572042777,0,9.5000113093195e-05,0,4.1336937561802e-05,0,0,0,0.0171977490077829,0,0,0,0,0,0,0,0,0,2.1388255988235e-05,0,0,0,0.00149518220623887,0,0.0838565791957496,0,0,0,0,0,0,0,0,0,0,0,0,0,0.000311173852968525,0,0,0,7.97573295395395e-06,0,0,0,0,0,0,0,0,0,0,0,0.0751122355393104,0,0,0,0,0,0,0,0,0,0,0.00312035966160523,0,0,0,0,0,0,0,0,0,0,0,0,0,0,0,0.0130121828092728,3.65544023976923e-06,0,3.04962872716261e-05,0,0
0,0,0,0,0,0,0,0,0,0,0,0,0,0,0,0.00170406040708393,0,0,0,0,0,0,0,0.022847870812224,0,0.0564173250598431,0,0,0,0,0,0,0,0,0,0,0,0,0,0,0,0,0,0,0,0,0,0,0,0,0,0,0,0,0,0,0,0,0,0,0,0,0,0,0,0,0,0,0,0,0,0,0,0,0,0,0,0,0,0,0,0,0,0,0,0,0
0,0,0,0,0,0,0,0,0,0,0,0,0,0,0,0,0,0,0,0,0,0,0,0,0,0,0.00185865990700362,0,6.28634297754616e-05,0,0,0,0,0,0,0,0,0,0,0,0,0,0,0,0,0,0,0,0,0,0,0,0,0,0,0,0,0,0,0,0,0,0,0,0,0,0,0,0,0,0,0,0,0,0,0,0,0,0,0,0,0,0,0,0,0,0
0,0,0,0,0,0,0,0,0,0,0,0.058894457072011,0,0.00693439307461859,0,0.0421963193653147,0,0,0,0,0,0.000366379787726488,0,0,0,0.151675617854719,0,0.189335612094011,0,0.00313540474445628,0,0,0,0,0,0,0,0,0,0,0,0,0,0,0,0,0,0,0,0,0,0,0,0,0,0,0,0,0,0,0,0,0,0,0,0,0,0,0,0,0,0,0,0,0,0,0,0,0,0,0,0,3.6167490991831e-05,0,0,0,0
0,0,0.000440496807071707,0,8.72032706785339e-05,0,0,0,4.86127176197162e-05,0,0,0,0.000227590671832819,0,0,0,0,0,2.57285921978168e-05,0,0,0,0,0,0,0,0.000684016997404342,0,0.0981118211074966,0,0,0,0,0,0,0,0,0,0,0,0,0,4.60870162236338e-05,0,0,0,1.33078219953717e-05,0,0,0,0,0,0,0,6.82561660466807e-05,0,0,0,0,0,0,0,0,0,0,0,0,0,0,0,0,0,0,2.43513554645922e-05,0,0,0,0,0,0,0,0,0.000889119895279437,0,0.00323753225387664,0,0
0,0,0,0.000632656204124382,0,0,0,0,0,0,0,0,0,0,0,0,0,0,1.42949410878026e-05,0,0,0,0,0,0,0,0,0,0,0.00993084424676019,0,0,0,0,0,0,0,0.00279308159714997,0,0,0,0.000135824511342107,0,0,0,0,0,0,0,0,0,2.77305600311145e-05,0,0,0,7.4086078482823e-05,0,0.00360095755858658,0,0,0,0,0,0,0,0,0,0,0,0,0,0,0,0,0,0,0,0,0,0,0,0,4.03785681707317e-06,0,9.43968430795555e-05,0,0
0.000109295073950863,0,0.00192969455967665,0,0.000302617882283269,0,0,0,0.000444087610492712,0,0.0104361752735734,0,0,0,0,0,0,0,0.000218671140685087,0,0,0,0,0,0,0,0,0,0,0,0.00770893578816622,0,0,0,0,0,0,0,0,0,0,0,0.000182292381701434,0,0,0,0,0,0,0,0,0,0,0,0.000611432081191486,0,0.00441253442701111,0,0,0,0,0,0,0,0,0,0,0,0,0,0,2.43513554645922e-05,0,0,0,0,0,0,0,0,0,0,0.000125635599941798,1.80438105368427e-06,0.0038587530763832,0,0
0,0,0,0,0,0,0,0,0,0,0,0,0,0,0,0,0,0,0,0,0,0,0,0,0,0,0,0,0,0,0,0.00836177744157262,0,0.00123591543414081,0,0,0,0,0,0,0,0,0,0,0,0,0,0,0,0,0,0,0,0,0,0,0,0,0,0,0,0,0,0,0,0,0,0,0,0,0,0,0,0,0,0,0.00418907132100231,0,0,0,0,0,3.66500448126051e-05,0,0,0,0
0,0,0,0,0,0,0,0,0,0,0,0,0,0,0,0,0,0,0,0,0,0,0,0,0,0,0,0,0,0,0,0.159159745924805,0.231035142530347,0,0,0,0.00116912973454378,0,0,0,0,0,0,0,0,0,0,0.0085423797629012,0.00354528754223846,0,0,0,0,0,0,0,0,0,0,0,0,0,0,0,0,0,0,0,0,0,0,0,0,0,0,0,0,0.00150684675759544,0,0,0,0,0,0,0,0,0
0,0,0,0,0,0,0,0,0,0,0,0,0,0,0,0,0,0,0,0,0,0,0,0,0,0,0,0,0,0,0,0.00524426809404449,0,0.273391841629206,0.038670007262981,0,0,0.00734739768824264,0,0,0,0,0,0,0,0,0,0.00114160455175723,0,0,0,0,0,0,0,0,0,0,0,0,0,0,0,0,0,0,0,0,0,0,0,0,0,0,0.00418907132100231,0,0,0.000787490156653803,0,0,0,0,0.000639675492934758,0,0,0,0
0,0,0,0,0,0,0,0,0,0,0,0,0,0,0,0,0,0,0,0,0,0,0,0,0,0,0,0,0,0,0,0.000559975484913964,0.0024277187445812,0.0947278869184761,0.179343682328766,0,0,0.000173682402443817,0.0144816581034035,0,0,0,0,0,0,0,0,0.00360519241319724,0,0,0,0,0,0,0,0,0,0,0,0,0,0,0,0,0,0,0,0,0,0,0,0,0,0,0,0.00150684675759544,0.000787490156653803,0,0,0,2.69215407122777e-05,0.00487121084752474,0.0009086076923427,0.00152227401697559,0,0,0
0,0,0,0.00027063782925369,0,1.92569617173538e-05,0,0,0,0,0,0.000153510349422348,0,0,0,0,2.86371913521005e-05,0.000899028511958171,0.00700362341420903,0.000109894425012526,0,0,0,0,0,0,0,0,0,0,0,0,0,0.00195907999365951,0,0.0154800671549751,0,2.30971545533976e-05,0,0.00295193490987369,1.08937171595064e-05,0.00126348302903431,1.17013176611164e-05,8.39912326639771e-05,0,0.000304791251592341,2.13903097256128e-05,0,0,0.000835447075618448,0,0,0,0,0,0,0,0.000201318642941753,0,0,0,0,7.28740815247875e-06,0,0,0,0,0,0,0,0,0,0,0,0,0,0,0,0,1.33982141002794e-05,0.000339210756071197,0,0.00210402887062465,0.000246525740342176,0.00298630240462806,2.3717038226846e-05,6.80143591173701e-06
0,0,1.03964020182228e-05,1.10005233728534e-05,6.88181968609496e-06,0,0,0,1.38812824213783e-05,0,0,0,0,0,0,0,0.000576958050093805,0.000124700987963778,0.0126234691486661,0,3.41355582168148e-05,0,0,0,0,0,0,0,0,0,0,1.11503745247323e-05,0,0,0,0,0.00512009584087294,0,0,9.04322811766177e-06,0.000675763844726021,4.7264674514419e-06,0.00326163103492244,0,0,1.71568136683443e-05,0.00141748610035357,0.00662998567131074,0.000730093121175619,0,0,0,0,0,0,0,0,9.58546205076292e-07,0,0,0,0,0,7.23857758240511e-05,0,0,0,0,0,0,0,0,0,0,0,0,0,0,1.33982141002794e-05,0,0,0.00165766002158612,0.00224746755705906,0.000179910838401656,0.00388904780586882,0,2.26429669092977e-05
0,0,0,0,0,0,0,0,0,0.00114506312474887,0,0,0,0,0,0,0,0,0,0,0,2.72586512272243e-05,0,0.000114793094004978,0,0,0,0,0,0,0,0,0,0.00607083400865944,0.000152394731822389,0.0313198254706075,0,0.115581002381013,0.00379415425119516,0,0,0,0,0,0,0,0,0.00117697501969567,0,0,0,0,0,0,0,0.00830012504308018,0,0,0,0,0,0,0,0,0,0,0.00477597804226548,0,0,0,0,0,0,0,0,0,0,2.69215407122777e-05,0.000339210756071197,0,0,0.00280609345668951,0.0017538452993004,0.000142747216159478,1.81406913688241e-05,0,0
0.00124492183269278,0,6.14221176330504e-05,0,5.06803511169628e-05,0,0,0,0.002085169664696,0,0,0,0,0,0,0,0,0,6.35684738195828e-06,0,0,0,0,0,0.000117003885677552,0,0,0,0,0,0,0,0,0.00295793171126501,0.00292851350786549,0,0.0180368447106277,0.0110625482274119,0.117993457369798,0,0,0,1.43442783649894e-06,0,0,0,0,0.000492578544352182,1.76402310062602e-05,0,0,0,0,0,0.000177587480361036,0,0,0,0,0,0,0,0,0,0,0,0,0.0130121828092728,0,0,0,0,0,0,0,0,0,0.00487121084752474,0,0.00165766002158612,0.00280609345668951,0,0.00259710233424935,0,0.000282542001711466,0,0
0.00131138432163021,0.00199345681553968,0.00075567715173121,0.000871613272396641,0.00479158556779968,0.00260678494742216,1.96025451724667e-05,0.00019862097565187,0.00466201577782834,0.00648344125687787,9.84399177237019e-05,0.00399801849159965,0.00465879687934882,0.013419571613402,0.00317741751281901,0.00515445615708251,0.0582528884514678,0.0718127334714626,0.0562697151925902,0.00179087125877995,0.00393537038206241,0.00817586769198757,0.00218594539040404,0.000124113361850417,1.77304585069306e-05,3.59978594133281e-05,0.000160828519557764,0.000754258725390266,0.0104347237192448,0,0,3.59749619731414e-05,0.00197818454018578,0.00315010669260628,0.00230945228732587,0.00328326899938769,0.00107180880455061,0.00642083799781333,0.0113353429510455,0.00159703185359416,0.000841960040400062,0.00907626745526371,0.00657968494122722,0.000755986537603067,0.000618199162255836,0.00454107145891946,0.0107143743894008,0.00904461495473436,0.027651192433979,0.011048560014516,1.0503104096535e-05,0.000953125113445367,3.53923068841218e-05,1.02751275183834e-05,0.000682591511504378,0.000847049365877548,6.30666787316531e-05,0.00216871941658478,0.000440587219727788,0.00336193851126879,2.5278211600199e-05,0.00337838204367341,4.94249507068285e-05,0.00377486580403532,0.000175609267575327,0.000224671487404489,0.000905801569119546,3.65544023976923e-06,0,0,3.6167490991831e-05,0.000889119895279437,4.03785681707317e-06,0.000125635599941798,3.66500448126051e-05,0,0.000639675492934758,0.0009086076923427,0.00210402887062465,0.00224746755705906,0.0017538452993004,0.00259710233424935,0,0.0798135241651399,0.0498092416426862,0.000756605128696184,0.000176175969382433
0,2.53925806203707e-05,1.74139612034785e-05,8.22133049638902e-05,1.67048844592325e-05,0,1.69168182042557e-05,0,0.0020911720299642,0.00302024336333159,8.34709824931929e-06,0,0.00900643915198429,0.0195215448956217,0.000734381174215559,0.000657609532410254,0.005411026716044,0.0402581811928235,0.0124847565650709,0.000166964864677954,0,0.0019964629612921,0.00451911014718921,0,0,0,0,9.04063767848129e-05,0.000131789202834318,0,0,0,0,0.000144686612755476,0.000304274193477029,0,0,0.000245362253756735,6.95173757776502e-05,0.000611681803949311,0.000227270051931681,0.00046391174648148,0.00104703876000296,2.74009340202922e-05,9.95492899380999e-07,0.00217172851812526,0.0025708464769115,0,1.36468844833645e-06,1.78822429132102e-06,0,0,9.60801899052311e-05,0,3.07682452920532e-06,1.53310979733877e-06,0,7.24602834934177e-06,0.00022569368137651,0.00115794358909253,0.000951223948013803,0.000351028803831433,0,7.5309349012163e-05,0,0,0,0,0,0,0,0,0,1.80438105368427e-06,0,0,0,0.00152227401697559,0.000246525740342176,0.000179910838401656,0.000142747216159478,0,0.0798135241651399,0,0.00372384308206559,0.000132923720765913,4.67670402837225e-06
0.0541693240277522,0.0325328821667793,0.0614356277523886,0.0341378600820127,0.00954735887215988,0.00932054799491998,0.000376858805576105,0,0.0112186430762919,0.0029656338564644,0.000230158622669051,0,0,0,0,0,0.00591105628111072,0.0172461858849425,0.355354986680307,0.0106368762589328,0,0,0,0.00029001960014049,0,0,0,0,0,0,0,0,0,0,0,0.00379331925414512,0.0029853791525462,0.000248609628358604,0.00487829990291617,0.0515987491209444,0.0171021647098693,0.167826661581191,0.174452995191287,0.00971922771245939,0.0012878932040963,0.0257310125383483,0.0338642758423851,0.000238401097335628,0.0223383009316755,0.0144656967114124,0.0127417005334787,0.000512694159131751,0.00148177530055997,0,0.00638448946171363,0.00616987632602803,0.000147099530990645,0.00518234764451059,0,0,0.000155054297550092,0,0.00804453894513376,0.0111293692454571,0,0,0.0026239611262162,3.04962872716261e-05,0,0,0,0.00323753225387664,9.43968430795555e-05,0.0038587530763832,0,0,0,0,0.00298630240462806,0.00388904780586882,1.81406913688241e-05,0.000282542001711466,0.0498092416426862,0.00372384308206559,0,0.0183644807576236,0.00829837442208992
