0,1.66050539910793,118.600204139948,0.516882479190826,2.15594401955605,0,0,0,438.520319551229,0,0,0,0,0,0,0,8.79171295464039,1.83563044667244,29.9431544542313,0,4.1189161837101,0,0,0,4.07603213191032,0,0,0,0,0,0,0,0,0.281273484230042,0,0,0.916958749294281,2.82229486107826,3.86954885721207,0,91.2998075485229,1.05056369304657,667.442786261439,0,0.211408540606499,1.14310944080353,325.04474017024,8.4607430100441,98.1893239915371,9.0871484875679,3.90818651020527,0,0,0,151.65672314167,0.18266636133194,28.4380730092525,0,8.01846733689308,0,137.975260943174,0,0,35.6128668636084,0,0,0,2.68935835361481,0,0,0,0,0,26.724015429616,0,0,0,0,0,788.992180168629,0,115.001199796796,345.296693980694,1.08753149211407,618.205071881413,0,0
1.66050539910793,0,0,52.4556296318769,0,43.1653216183186,0,0,0,228.276866912842,0,0,0,0,0,0,1.91613042354584,0.437449008226395,42.2961919754744,0,0,0,0,1.66051805019379,0,0,0,0,0,0,0,0,0,0,0,1.12139344215393,0,63.5971655249596,0.650773584842682,68.7194589227438,0,367.608233913779,3.70156246423721,0,0,52.9522621482611,0.153289631009102,0,2.45590907335281,410.20164783299,0,0.549678206443787,0,0,0,238.96706520021,0,8.20443874597549,0,0.262851029634476,0,34.3321275413036,0.235256299376488,0,0,0,6.09078228473663,0,1.73488135635853,0,0.91778689622879,0,8.75740154087543,0,0,0,0,0,100.458238273859,0,20.9062451273203,0,477.429919183254,2.07608082890511,758.402154415846,0,0
118.600204139948,0,0,0,303.720199033618,0,0,0,446.983452528715,0,0,0,0,0,0,0,0.580910950899124,0.171994864940643,6.35753040015697,0,1.73317509889603,0,0,0,0,0,0,0,0,0,0,0,0,0,0,0,27.5199880897999,0,0.242173418402672,0.679073855280876,11.8173009157181,0.298903256654739,64.3457321673632,0,0,0,46.6209084540606,0,51.734963953495,0,80.6896343529224,0,0,0,507.36874344945,0,32.5973842442036,0,41.2435173690319,0,10.3293585181236,0,0,15.7314646691084,0,0,0,0,0,0,0,0,0,11.9744225293398,0,0,0,0,0,148.719721898437,0,19.4097724407911,168.892560809851,0.410880267620087,496.076514035463,0,4.76522853970528
0.516882479190826,52.4556296318769,0,0,0,267.007071822882,0,0,0,199.570855751634,0,0,0,0,0,0.928918302059174,0.230403557419777,2.09215869009495,16.2390069290996,2.83437332510948,0,0,0,3.17035163938999,0,0,0,0,0,0,0,0,0,0,0,5.47565217316151,3.00266289710999,22.3200448155403,0.413065791130066,74.3267020359635,0,242.452413782477,4.87136922776699,0,0,101.709650926292,0.152189418673515,0.27721107006073,3.76033888757229,409.666741192341,0,149.672575414181,0,0,0,229.113019883633,0,35.7996458485723,0,14.868962675333,0,137.916286170483,15.4184174239635,0,0,0,5.31844265758991,0,3.45949178934097,0,3.8559465110302,0,57.9511735737324,0,0,0,0,0,92.3105196431279,0.14789704978466,65.652782946825,0,563.780711188912,3.31706515699625,714.167135961354,0.827928483486176,0
2.15594401955605,0,303.720199033618,0,0,0,1.97118014097214,0,36.5564563572407,0,4.10966604948044,0,0,0,0,0,5.41932040452957,0,4.43974377214909,0,271.784392282367,0,0,0,0,0,0,0,0,0,0,0,0,0,0,0,82.1719713956118,0,1.60101971030235,0.755592852830887,36.532712161541,0.194578319787979,161.350040487945,0,0,0,64.915082141757,0.999970495700836,60.4650101065636,0,204.59144680202,0,11.1675035357475,0,8.25376635789871,0,26.5218082591891,0,0.430002361536026,0,0,0,0,135.382355570793,0,0,0,0,0,0,0,0,0,12.0466359853745,0,0,0,0,0,133.14741756022,0,21.4651301801205,39.8250824138522,2.79605066776276,318.378192901611,0,2.94478914141655
0,43.1653216183186,0,267.007071822882,0,0,0,0,0,189.828849866986,0,6.02561694383621,0,0,0,3.64421892166138,3.04650104045868,0.376326233148575,7.05059742927551,190.489312320948,0,0,0,0,0,0,0,0,0,0,0,0,0,0,0,21.7336332798004,0,4.66292038559914,0,27.5243296474218,0,105.390203468502,2.90326955914497,0,0,77.7400340139866,0,0,0.905091688036919,59.9563056603074,0,88.6213401705027,0,11.1444881409407,0,6.50180381536484,0,5.15836472809315,0,0,0,0,57.0277045965195,0,0,0,0.543334767222404,0,0,0,0.202262878417969,0,15.9514184817672,0,0,0,0,0,89.622280433774,0,16.2462130635977,0,1025.76174854487,101.429211735725,610.734275445342,0,0
0,0,0,0,1.97118014097214,0,0,0,0,0,101.616735041142,0,129.735926151276,0,0,0,0,0,0,0,54.6839801669121,0,0,0,0,0,0,0,0,0,0,0,0,0,0,0,0,0,0,0,0,0,0,0,0,0,0,0,0,0,0.584746420383453,0,38.7560670375824,0,0,0,0,0,0,0,0,0,0,0,0,0,0,0,0,0,0,0,0,0,0,0,0,0,0,0,0,0,163.200311660767,102.75957775116,0,0,0
0,0,0,0,0,0,0,0,0,0,0,1,0,0,0,0,0,0,0,10.6588664054871,0,0,0,0,0,0,0,0,0,0,0,0,0,0,0,0,0,0,0,0,0,0,0,0,0,0,0,0,0,0,0,0.299903035163879,0,95.8604069948196,0,0,0,41.4648488759995,0,30.6850743293762,0,0,0.85088124871254,0,0,0,0,0,0,0,0,0,0,0,0,0,0,0,0,0,0,0,54.4023422002792,0,2.00066357851028,0,0
438.520319551229,0,446.983452528715,0,36.5564563572407,0,0,0,0,0,0,0,0,0,160.016524344683,0,294.308122187853,88.5680571272969,28.6022573113441,0,0,0,0,0,16.3277249038219,0,0,0,0,0,0,0,0,0,0,0,0.205842077732086,0,21.4319038242102,0,0.30634930729866,0,146.262262761593,0,0,0,1.43080599606037,0,40.8608683049679,0,1,0,0,0,1286.13240341842,0,1.14362165331841,0,0,0,406.467382743955,0,0,1.60526095330715,0,0,0,10.2823399454355,0,54.5710067749023,0,0,0,1.50505319237709,0,0,0,0,0,7.37966358661652,0,19.656249627471,273.348482474685,5.27921625971794,155.345785394311,0,8.40966427326202
0,228.276866912842,0,199.570855751634,0,189.828849866986,0,0,0,0,0,0,0,0,0,234.822494477034,0.627101063728333,213.048783287406,36.4351271912456,0,0,0,0,502.524328529835,0,0.603044986724854,0,0,0,0,0,0,0,0,0,1.74083006381989,0,156.266788691282,0,1.85739317536354,0,57.8396470993757,0.180809259414673,0,0,0.520514070987701,0,0,0,63.4296725541353,0,14.1539544016123,0,0,0,1355.65552324057,0,4.58377104997635,0,0,0,32.9729628264904,0,0,0,0,68.9968114346266,0,0,0,1.41519242525101,0,1.43396364152431,0,0,0,0,0,1.3664732426405,0,34.0879093706608,0,2120.2323436439,24.4609808325768,101.14895939827,0,0
0,0,0,0,4.10966604948044,0,101.616735041142,0,0,0,0,0,309.638498663902,0,0,0,0,0,0,0,1616.65297903121,0,0,0,0,0,0,0,8.10755081474781,0,191.130311459303,0,0,0,0,0,701.963920116425,0,1355.54451829195,0,0,0,0,0,0,0,0,0,0,0,10.6101812422276,0,262.354111552238,0,0,0,983.253420904279,0,0,0,0,0,0,28.9938427358866,0,0,0,0,0,0,0,0,0,11.0354533195496,0,0,0,0,0,32.8970980644226,0,26.9931814074516,450.577523171902,0,3.49724195897579,0,0
0,0,0,0,0,6.02561694383621,0,1,0,0,0,0,0,429.049486368895,0,0,0,0,0,1224.01250556111,0,0,0,0,0,0,0,0,0,1,0,0,0,0,0,100.905594289303,0,226.311401367188,0,0,0,0,0,0,0,0,0,0,0,0,0,0,0,65.6573365926743,0,0,0,2925.19851827621,0,34.1230747103691,0,0,434.806260317564,0,0,0,0,0,0,0,0,0,265.154508188367,0,0,0,0,0,0.399018138647079,0,0,0,57.913002371788,0,25.2822597771883,0,0
0,0,0,0,0,0,129.735926151276,0,0,0,309.638498663902,0,0,0,8,0,0,0,0,0,0,0,0,0,0,0,0,0,221.53335916996,0,0,0,0,0,0,0,0,0,0,0,0,0,0,0,0,0,0,0,0,0,0,0,0,0,0,0,214.747643172741,0,1263.16824872792,0,0,0,0,0,0,0,0,0,0,0,0,39.8307564258575,0,0,0,0,0,0,0,0,0,0,101.410025715828,184.281804561615,0,0,0
0,0,0,0,0,0,0,0,0,0,0,429.049486368895,0,0,0,8.4532904624939,0,0,0,0,0,0,0,0,0,0,0,4.18318033218384,0,0,0,0,0,0,0,0,0,0,0,0,0,0,0,0,0,0,0,0,0,0,0,0,0,49.7646410763264,0,0,0,342.497733771801,0,596.028077960014,0,0,0,0,0,0,0,0,0,0,15.2850482463837,0,0,0,0,0,0,0,0,0,0,0,273.905086994171,258.367124795914,0,0,0
0,0,0,0,0,0,0,0,160.016524344683,0,0,0,8,0,0,0,50.3741848021746,12.9983544200659,1.17339797317982,0,0,0,0,0,0,0,0,0,0,0,0,0,0,0,0,0,0,0,0,0,0,0,0,0,0,0,0,0,0,0,0,0,0,0,0.245753929018974,0,0,0,16.8303318172693,0,2.67856568098068,0,0,0,0,0,0,0,0,0,0,0,0,0,0,0,0,0,0,0,0,0,14.6661979705095,2.62348113954067,0,0,0
0,0,0,0.928918302059174,0,3.64421892166138,0,0,0,234.822494477034,0,0,0,8.4532904624939,0,0,0,33.9776690006256,0,0,0,0,0,65.7893038988113,0,4.05280342698097,0,0,0,0,0,0,0,0,0,0,0,0,0,0,0,0,0,0,0,0,0,0,0,0,0,0,0,0,0,33.7282842099667,0,0,0,1,0,256.654406189919,0,0,0,0,0,0,0,0,0,0,0,0,0,0,0,0,0,0,0,0,113.998330950737,112.878852128983,0,0,0
8.79171295464039,1.91613042354584,0.580910950899124,0.230403557419777,5.41932040452957,3.04650104045868,0,0,294.308122187853,0.627101063728333,0,0,0,0,50.3741848021746,0,0,10042.8046386763,4739.18856973201,0,3.01928178966045,0,1,0,0,0,19.0890207290649,0,0,0,0,0,0,0,0,0,3.32856102287769,0,1.91412569582462,45.6777796372771,86.0631220564246,31.6945663765073,104.131353907287,0,1.20680107176304,20.6871697455645,163.941227659583,0,2.27797663211823,0.542656302452087,0.441226869821548,0,0,0,0,0,10.6986670345068,0,0.380642682313919,0,0,0,0,14.7833421826363,0,0,0,0,0,0,0,0,0.626078426837921,20.6985596567392,0,0,0,0,20.1739629730582,223.59719311446,3.01597172021866,67.3102694153786,12077.4361041263,2206.84684804082,398.385272301733,1.28249648213387,5.63680982589722
1.83563044667244,0.437449008226395,0.171994864940643,2.09215869009495,0,0.376326233148575,0,0,88.5680571272969,213.048783287406,0,0,0,0,12.9983544200659,33.9776690006256,10042.8046386763,0,5147.79305710644,0,0,51.1503434181213,0,0,0,7.4328179359436,0,0,0,0,0,0,0,0,0,0,0,0,0.282649487257004,134.706503510475,10.4225481152534,111.151312015951,24.0593925565481,0,0,33.6341785937548,34.2987413108349,0,0,2.04002387821674,0,0,0,0,0,3,1.94942206144333,0.104704923927784,0.879848212003708,0,0,3.47274208068848,1.30845296382904,3.60385097563267,3.37725806236267,0,0,0,0,0,0,0,6.73560619354248,3.23544183373451,0,0,0,0,70.82788117975,48.3990782275796,9.8878605812788,16.4632356911898,16907.6249761283,1576.96690401435,301.616273202002,2.90433213114738,0
29.9431544542313,42.2961919754744,6.35753040015697,16.2390069290996,4.43974377214909,7.05059742927551,0,0,28.6022573113441,36.4351271912456,0,0,0,0,1.17339797317982,0,4739.18856973201,5147.79305710644,0,0,9.03996428847313,0,0,0,0,0,0,0,0,0,0,0,0,0,0,0.572413384914398,20.1445088386536,5.49391430616379,5.62257555127144,1249.02577044815,326.394817307591,1440.37360329926,576.00284524262,2.19608664512634,3.01154416799545,622.125952519476,581.776313193142,0,1.38255572319031,117.415988743305,2.46970054507256,0.518118798732758,0,0,0,0,35.3744835704565,5.6810761988163,0.655402109026909,0,0,0,16.9857947081327,72.7495397776365,0,0,0,0,0,0,3.1381696164608,0,70.2603142410517,73.4579520970583,0,0,0,0,779.240984514356,990.835296675563,157.639271363616,310.096106946468,13043.20265048,437.94448646158,4067.61316362023,21.8355619460344,25.8034763783216
0,0,0,2.83437332510948,0,190.489312320948,0,10.6588664054871,0,0,0,1224.01250556111,0,0,0,0,0,0,0,0,0,0,0,0,0,0,0,0,0,0,0,0,0,0,0,1060.18548706174,0,300.437897026539,0,0.496792361140251,0,2.08759090304375,0,0,0,2.51990070939064,0,1.54910588264465,0,0,0,49.0673853904009,0,1.77064362168312,0,0,0,63.5103703439236,0,0,0,0,1310.23312240839,0,0,0,0,0,0,0,0,0,0,0,0,0,0,0,146.953664973378,0,2.95726126432419,0,191.741914480925,0,296.494966611266,0,0
4.1189161837101,0,1.73317509889603,0,271.784392282367,0,54.6839801669121,0,0,0,1616.65297903121,0,0,0,0,0,3.01928178966045,0,9.03996428847313,0,0,0,0,0,0,0,0,0,0,0,0,0,0,0,0,0,1914.86201584339,0,701.749308660626,0.159278720617294,18.1796884536743,0,3.55703458935022,0,2.46878051757812,0,10.82734297961,0.86798483133316,36.6908324211836,0,212.46580247581,0,29.9251649081707,0,0.326329499483109,0,1560.5505181998,0,0,0,0,0,0,1116.23642893136,0,0,0,0,0,0,0,0,0,58.6015850454569,0,0,0,0,0,1077.92364483327,0,249.448744446039,407.631642624736,60.01368278265,162.843541458249,0,0
0,0,0,0,0,0,0,0,0,0,0,0,0,0,0,0,0,51.1503434181213,0,0,0,0,338.850382566452,183.264697134495,0,38.3848756998777,0,1,0,0,0,0,0,0,0,0,0,878.094768151641,0,0,0,0,0,0,0,0,0,0,0,37.09715539217,0,0,0,0,0,0,0,0,0,0,0,0,0,0,3089.15959437191,107.242049455643,82.3787552118301,0,196.6250397861,0,145.798683449626,0,0,0,0,0,0,0,0,0,921.940948590636,0,287.846274480224,21.92302942276,0,0,0
0,0,0,0,0,0,0,0,0,0,0,0,0,0,0,0,1,0,0,0,0,338.850382566452,0,0,118.562073633075,0,11.4725446403027,0,1,0,0,0,0,0,0,0,0,0,963.260937139392,0,0,0,1.72665777802467,0,0,0,0,0,46.4354728609324,0,0,0,0,0,0,0,0,0,0,0,0,0,0,0,72.1770403385162,3583.63201035559,0,30.573402017355,0,352.850857496262,0,119.661586582661,0,0,0,0,0,0,0,0,0,298.812899276614,424.565692663193,21.7059024572372,9.1532240062952,0,0
0,1.66051805019379,0,3.17035163938999,0,0,0,0,0,502.524328529835,0,0,0,0,0,65.7893038988113,0,0,0,0,0,183.264697134495,0,0,0,129.355327516794,0,0,0,0,0,0,0,0,0,0,0,652.251827552915,0,0,0,0.373999208211899,0,0,0,0,0,0,0,3.05397674441338,0,0,0,0,0,335.998174846172,0,0,0,0,0,0,0,0,66.3169847726822,0,790.046135723591,0,4.43154540657997,0,0,0,0,0,0,0,0,0,0,0,327.738878384233,0,173.010161221027,0.116753533482552,5.59066464006901,0,0
4.07603213191032,0,0,0,0,0,0,0,16.3277249038219,0,0,0,0,0,0,0,0,0,0,0,0,0,118.562073633075,0,0,0,118.833970457315,0,0,0,0,0,0,0,0,0,0,0,16.6953014582396,0,0,0,0.739333391189575,0,0,0,0,0,0.876448214054108,0,0,0,0,0,269.865753293037,0,0,0,0,0,10.0413910448551,0,0,0,0,53.8758193850517,0,591.922621831298,0,91.1172179430723,0,0,0,0,0,0,0,0,0,0,0,6.26978877186775,256.257186233997,0,8.40228797495365,0,0
0,0,0,0,0,0,0,0,0,0.603044986724854,0,0,0,0,0,4.05280342698097,0,7.4328179359436,0,0,0,38.3848756998777,0,129.355327516794,0,0,0,0,0,0,0,0,0,0,0,0,0,2.69458046555519,0,0,0,0,0,0,0,0,0,0,0,0,0,0,0,0,0,0,0,0,0,0,0,9.6042048484087,0,0,0.382578313350677,0,151.708351492882,0,338.463269293308,0,0,0,0,0,0,0,0,0,0,0,3.19688013195992,0,53.018684387207,0,0,0,0
0,0,0,0,0,0,0,0,0,0,0,0,0,0,0,0,19.0890207290649,0,0,0,0,0,11.4725446403027,0,118.833970457315,0,0,0,0,0,0,0,0,0,0,0,0,0,0,0,0,0,0,0,0,0,0,0,0,0,0,0,0,0,0,0,0,0,0,0,0,0,0,0,0,1.08006870746613,0,47.0361526161432,0,682.531870812178,0,0,0,0,0,0,0,0,0,0,0,0,112.775897979736,0,0,0,0
0,0,0,0,0,0,0,0,0,0,0,0,0,4.18318033218384,0,0,0,0,0,0,0,1,0,0,0,0,0,0,0,48.6631531715393,0,0,0,0,0,0,0,0,0,0,0,0,0,0,0,0,0,0,0,0,0,0,0,0,0,0,0,0,0,183.544283151627,0,0,0,0,0,0,0,0,0,0,852.203496932983,0,53.5690340995789,0,0,0,0,0,0,0,0,0,0,0,0,0,0
0,0,0,0,0,0,0,0,0,0,8.10755081474781,0,221.53335916996,0,0,0,0,0,0,0,0,0,1,0,0,0,0,0,0,0,34.3993370831013,0,0,0,0,0,0,0,0,0,0,0,0,0,0,0,0,0,0,0,0,0,0,0,0,0,0,0,13.1753450036049,0,0,0,0,0,0,1,0,0,0,0,0,434.561977207661,0,0,0,0,0,0,0,0,0,45.0528185367584,81.3205373287201,20.2000806331635,0,0,0
0,0,0,0,0,0,0,0,0,0,0,1,0,0,0,0,0,0,0,0,0,0,0,0,0,0,0,48.6631531715393,0,0,0,0,0,0,0,0,0,2,0,0,0,0,0,0,0,0,0,0,0,0,0,0,0,0,0,0,0,23.8294205665588,0,0,0,0,0,0,0,0,0,0,0,0,0,0,319.832626968622,0,0,0,0,0,0,0,6.13002610206604,0,147.480134010315,0,0,0,0
0,0,0,0,0,0,0,0,0,0,191.130311459303,0,0,0,0,0,0,0,0,0,0,0,0,0,0,0,0,0,34.3993370831013,0,0,0,0,0,0,0,0,0,128.22026515007,0,0,0,0,0,0,0,0,0,0,0,0,0,0,0,0,0,23.4102312028408,0,0,0,0,0,0,0,0,0,0,0,0,0,0,5.19955885410309,0,323.52804929018,0,0,0,0,0,0,0,371.050968050957,2.26850175857544,0,0,0,0
0,0,0,0,0,0,0,0,0,0,0,0,0,0,0,0,0,0,0,0,0,0,0,0,0,0,0,0,0,0,0,0,2390.60053104162,90.831849694252,14.3429704904556,457.549064815044,0,0,0,0,0,0,0,0,0,0,0,3823.92247956991,115.656014770269,0,0,0,0,0,0,0,0,0,0,0,0,0,0,0,0,0,0,0,0,0,0,0,0,0,1251.79652935266,974.408547192812,0,4.8940908908844,114.021291792393,3.90526688098907,0,0,366.480772674084,0,0,0,0
0,0,0,0,0,0,0,0,0,0,0,0,0,0,0,0,0,0,0,0,0,0,0,0,0,0,0,0,0,0,0,2390.60053104162,0,51.5257048606873,40.1253231167793,2,372.412083908916,0,0,0,0,0,0,0,0,0,0,1691.50252307951,0.764320373535156,20.5612197816372,0,0,0,0,0,0,0,0,0,0,0,0,0,0,0,0,0,0,0,0,0,0,0,0,1197.61424711347,2752.92007143795,0.787111937999725,0,0,374.147476047277,0,0,357.847250580788,0,0,0,0
0.281273484230042,0,0,0,0,0,0,0,0,0,0,0,0,0,0,0,0,0,0,0,0,0,0,0,0,0,0,0,0,0,0,90.831849694252,51.5257048606873,0,1509.29642370343,106.141774892807,0,66.4044122695923,44.7522276043892,0,0,0,1.97003228962421,0,0,0,0,2205.95918917656,15.3609412014484,0,0,0,0,0,0,0,0,0,0,0,0,0,0,0,0,0,0,0,0,0,0,0,0,0,0,1.57353222370148,2098.74203783274,719.098085492849,0.352720886468887,0,331.864475339651,0,367.892104744911,57.8238636255264,7.9367713779211,0,0
0,0,0,0,0,0,0,0,0,0,0,0,0,0,0,0,0,0,0,0,0,0,0,0,0,0,0,0,0,0,0,14.3429704904556,40.1253231167793,1509.29642370343,0,0,1040.68162459135,24.8511855304241,26.7120836675167,0,0,0,0.553462982177734,0,0,0,0,2186.76829688251,5.51828002929688,1.57445323467255,0,0,0,0,0,0,0,0,0,0,0,0,0,0,0,0,0,0,0,0,0,0,0,0,0,26.8426779359579,798.302471756935,2653.67277088761,0,10.0512548685074,0,424.728708982468,764.23191845417,0,0,0,0
0,1.12139344215393,0,5.47565217316151,0,21.7336332798004,0,0,0,1.74083006381989,0,100.905594289303,0,0,0,0,0,0,0.572413384914398,1060.18548706174,0,0,0,0,0,0,0,0,0,0,0,457.549064815044,2,106.141774892807,0,0,2048.73117259145,223.236756339669,0,7.71243031322956,0,35.5435397103429,0.991452813148499,0,0,82.485480517149,0,4.30891890823841,76.2079945206642,51.3159509897232,0,0,0,0,0,0,0,288.484103530645,0,0,0,0,2319.92598301172,0,0,0,0,0,0,0,0,0,0.533736169338226,0,244.240465819836,0,93.131893992424,0,12434.4960166141,1809.81306290627,230.740334734321,0,1100.22857047617,64.0385266840458,351.356669403613,0,0
0.916958749294281,0,27.5199880897999,3.00266289710999,82.1719713956118,0,0,0,0.205842077732086,0,701.963920116425,0,0,0,0,0,3.32856102287769,0,20.1445088386536,0,1914.86201584339,0,0,0,0,0,0,0,0,0,0,0,372.412083908916,0,1040.68162459135,2048.73117259145,0,0,687.213397994637,13.9500605165958,34.9891649261117,7.05299514532089,158.134615853429,0,0.160414859652519,2.93838903307915,69.5039037540555,8.77013638615608,131.883263081312,5.64532354474068,51.5111453831196,0,0,0,0,0,121.466728918254,0,1.87900042533875,0,0,0,0,366.571612969041,0,0,0,0,0,0,0,0,0,3.54105417430401,0,160.383643075824,0,192.287434458733,16.8603945225477,8731.21496994048,1.912468791008,398.047509714961,1541.99753875285,343.425856500864,610.417730256915,0,3.01345044374466
2.82229486107826,63.5971655249596,0,22.3200448155403,0,4.66292038559914,0,0,0,156.266788691282,0,226.311401367188,0,0,0,0,0,0,5.49391430616379,300.437897026539,0,878.094768151641,0,652.251827552915,0,2.69458046555519,0,0,0,2,0,0,0,66.4044122695923,24.8511855304241,223.236756339669,0,0,327.154332771897,0.687347218394279,0,37.6527280956507,17.5602950453758,0,0,10.0865254551172,0,928.370280563831,17.6961754113436,233.861013710499,0,1.01365360617638,0,0,0,175.642075583339,0.37470355629921,389.074690252542,0,0,0,0,425.602907404304,0,181.508649930358,0,513.958398044109,0,2.22501301765442,0,2.99875295162201,0,11.5772690474987,0,0,0,7.61743441224098,0,238.512968376279,0,11450.7860420793,174.660531044006,2816.8161341697,496.555219329894,188.55573271215,0,0
3.86954885721207,0.650773584842682,0.242173418402672,0.413065791130066,1.60101971030235,0,0,0,21.4319038242102,0,1355.54451829195,0,0,0,0,0,1.91412569582462,0.282649487257004,5.62257555127144,0,701.749308660626,0,963.260937139392,0,16.6953014582396,0,0,0,0,0,128.22026515007,0,0,44.7522276043892,26.7120836675167,0,687.213397994637,327.154332771897,0,0,0.199738547205925,0,94.6192181557417,0,0,0,4.80614924430847,422.671824574471,162.672270461917,1.47667923569679,0.236900880932808,0,0,0,316.267450109124,0.215162053704262,191.933121159673,0,0,0,0,0,0,878.962149530649,0,30.9666209965944,0,932.05907651782,0,0,0,39.6259876787663,0,0,0,0,0,27.6151218414307,0,414.427065260708,2.0709677785635,9197.85193730891,1985.60414625704,268.946700334549,137.450211718678,0,3.47975516319275
0,68.7194589227438,0.679073855280876,74.3267020359635,0.755592852830887,27.5243296474218,0,0,0,1.85739317536354,0,0,0,0,0,0,45.6777796372771,134.706503510475,1249.02577044815,0.496792361140251,0.159278720617294,0,0,0,0,0,0,0,0,0,0,0,0,0,0,7.71243031322956,13.9500605165958,0.687347218394279,0,0,4.46231819689274,3320.40534557402,35.7151082158089,0,2.27878466248512,994.208757326007,17.7398502528667,1.6100569665432,1.199148863554,336.169408671558,0.930407226085663,4.98702225089073,0,0,0,0,1.78830251097679,3.49550507217646,0.319806963205338,0,0,0,86.9837215021253,1.07191810756922,0,0,0.234028965234756,0,0,0,2.6763361915946,0,27.1667178347707,1.13698905706406,0,0,0,0,417.319513648748,21.6336395442486,50.5721545740962,9.93462707102299,1298.84720411897,55.4524936228991,3075.14313486218,15.1053731292486,3.39788007736206
91.2998075485229,0,11.8173009157181,0,36.532712161541,0,0,0,0.30634930729866,0,0,0,0,0,0,0,86.0631220564246,10.4225481152534,326.394817307591,0,18.1796884536743,0,0,0,0,0,0,0,0,0,0,0,0,0,0,0,34.9891649261117,0,0.199738547205925,4.46231819689274,0,9.5248481631279,1155.00642114133,0,25.5653271153569,1.85366675257683,1015.6559759602,0,128.350065007806,0,26.3337912708521,0,0,0,0,0,29.5421840697527,0,3.63421893119812,0,0,0,0,730.178308099508,0,0,0,0,0,0,0,0,0.249525830149651,13.537894256413,0,0,0,0,3.07789021730423,1591.18988702446,0,67.7898749262094,384.888499870896,22.1307278722525,1195.24280440807,2.57416200637817,16.7824159860611
1.05056369304657,367.608233913779,0.298903256654739,242.452413782477,0.194578319787979,105.390203468502,0,0,0,57.8396470993757,0,0,0,0,0,0,31.6945663765073,111.151312015951,1440.37360329926,2.08759090304375,0,0,0,0.373999208211899,0,0,0,0,0,0,0,0,0,0,0,35.5435397103429,7.05299514532089,37.6527280956507,0,3320.40534557402,9.5248481631279,0,232.662587337196,0,0.13101264834404,470.164667315781,15.9929051697254,9.51635155081749,2.66554422676563,666.323930263519,0,7.92582154273987,0,0,0,12.1403497904539,1.57115405797958,69.1255751177669,0,6.00865966081619,0,0.83155132830143,21.1300586163998,0,0,0,2.22124391049147,0,19.3466779589653,0,39.7699923664331,0,74.8625647202134,1.61021208763123,0,0,0,0,404.599288836122,21.7232974171638,32.0352498739958,11.0753175616264,2280.78205949813,34.2440592050552,4268.3172949329,41.4606387913227,0.354754120111465
667.442786261439,3.70156246423721,64.3457321673632,4.87136922776699,161.350040487945,2.90326955914497,0,0,146.262262761593,0.180809259414673,0,0,0,0,0,0,104.131353907287,24.0593925565481,576.00284524262,0,3.55703458935022,0,1.72665777802467,0,0.739333391189575,0,0,0,0,0,0,0,0,1.97003228962421,0.553462982177734,0.991452813148499,158.134615853429,17.5602950453758,94.6192181557417,35.7151082158089,1155.00642114133,232.662587337196,0,0,47.5136837661266,11.0821024924517,1108.52020240575,25.9362061619759,348.232135340571,18.7330104857683,83.0887203589082,0.951987937092781,0,0,2.26744690537453,1.02804271876812,884.512839891016,0.170083463191986,25.4958117455244,0,1.5674244761467,0,0.570858180522919,207.945594675839,0,0,0.232630833983421,9.87949216365814,0,0,0.199860990047455,0.748325228691101,0.806539058685303,176.589739225805,0,0,0,0,23.1052375584841,1494.24032268673,1.13562452793121,270.208810023963,1807.60078354925,25.8158115372062,5397.35889898986,0.693317726254463,140.57268987596
0,0,0,0,0,0,0,0,0,0,0,0,0,0,0,0,0,0,2.19608664512634,0,0,0,0,0,0,0,0,0,0,0,0,0,0,0,0,0,0,0,0,0,0,0,0,0,0,0,0,0,0,0,0,0,0,0,0,0,0,0,0,0,0,0,0,0,0,0,0,0,0,0,0,0,0,0,0,0,0,0,0.413906753063202,0,0,0,0,0,0.99207216501236,0,0
0.211408540606499,0,0,0,0,0,0,0,0,0,0,0,0,0,0,0,1.20680107176304,0,3.01154416799545,0,2.46878051757812,0,0,0,0,0,0,0,0,0,0,0,0,0,0,0,0.160414859652519,0,0,2.27878466248512,25.5653271153569,0.13101264834404,47.5136837661266,0,0,0,28.2785940542817,0,0,0,0,0,0,0,0,0,0,0,0,0,0,0,0,0.976881995797157,0,0,0,0,0,0,0,0,0,0,0,0,0,0,0,44.5693318620324,0,1.44755053520203,5.98197630047798,0.164001598954201,24.8402518630028,0,0.583331808447838
1.14310944080353,52.9522621482611,0,101.709650926292,0,77.7400340139866,0,0,0,0.520514070987701,0,0,0,0,0,0,20.6871697455645,33.6341785937548,622.125952519476,2.51990070939064,0,0,0,0,0,0,0,0,0,0,0,0,0,0,0,82.485480517149,2.93838903307915,10.0865254551172,0,994.208757326007,1.85366675257683,470.164667315781,11.0821024924517,0,0,0,13.9561616405845,0.233720764517784,28.9975938498974,74.9664560258389,0,2.62054152786732,0,0,0,1.87074738740921,0.385370001196861,5.62194546312094,0,0,0,0,1278.60100474209,2.07658648490906,0,0,0,0,0,0,1.19939285516739,0,41.9857782870531,1.44353830814362,0,0,0,0,1084.49344979972,10.9841165319085,425.531307198107,4.75445368885994,917.430825076997,31.5429503768682,2179.45222011581,4.77815048396587,4.64806795120239
325.04474017024,0.153289631009102,46.6209084540606,0.152189418673515,64.915082141757,0,0,0,1.43080599606037,0,0,0,0,0,0,0,163.941227659583,34.2987413108349,581.776313193142,0,10.82734297961,0,0,0,0,0,0,0,0,0,0,0,0,0,0,0,69.5039037540555,0,4.80614924430847,17.7398502528667,1015.6559759602,15.9929051697254,1108.52020240575,0,28.2785940542817,13.9561616405845,0,0.713141262531281,53.2841966301203,2.58692121505737,24.8251200914383,0,0,0,0,0,64.8824635222554,0,8.62170387804508,0,0,0,0,1068.81635800749,0,0,0,0,0,0,0,0,0,43.4345047175884,0,0,0,0,14.8861763477325,1666.13056044281,1.56744763255119,313.970975250006,1299.24043996632,37.7929030805826,1137.60577274859,0.413860023021698,13.1224930882454
8.4607430100441,0,0,0.27721107006073,0.999970495700836,0,0,0,0,0,0,0,0,0,0,0,0,0,0,1.54910588264465,0.86798483133316,0,0,0,0,0,0,0,0,0,0,3823.92247956991,1691.50252307951,2205.95918917656,2186.76829688251,4.30891890823841,8.77013638615608,928.370280563831,422.671824574471,1.6100569665432,0,9.51635155081749,25.9362061619759,0,0,0.233720764517784,0.713141262531281,0,3636.00977426767,1789.28198844194,0,0,0,0,0,0.297166258096695,1.30639353394508,0,0,0,0,0,0,0.32244661450386,0,0,0,0,0,0,0,0,0,0,3493.51636376977,6931.20127446949,62.8741951882839,122.213623613119,718.839843004942,97.3913123160601,11.8562082052231,8.44473034143448,2746.13638669252,0.960711300373077,230.077693328261,0,0
98.1893239915371,2.45590907335281,51.734963953495,3.76033888757229,60.4650101065636,0.905091688036919,0,0,40.8608683049679,0,0,0,0,0,0,0,2.27797663211823,0,1.38255572319031,0,36.6908324211836,0,46.4354728609324,0,0.876448214054108,0,0,0,0,0,0,115.656014770269,0.764320373535156,15.3609412014484,5.51828002929688,76.2079945206642,131.883263081312,17.6961754113436,162.672270461917,1.199148863554,128.350065007806,2.66554422676563,348.232135340571,0,0,28.9975938498974,53.2841966301203,3636.00977426767,0,1072.93777419627,42.771561011672,0,0,0,7.63576671481133,0,57.0731835514307,0,10.9566408991814,0,39.7430971562862,0,0.217879205942154,14.9343569129705,0,140.818169981241,0,30.7340578138828,0,0,0,295.828278958797,0,130.353602781892,2.33261984586716,20.2579814791679,0,0,7.65594917535782,244.059010498226,0,384.86277872324,2457.85024068505,1.13002792000771,1720.61768300086,0,0
9.0871484875679,410.20164783299,0,409.666741192341,0,59.9563056603074,0,0,0,63.4296725541353,0,0,0,0,0,0,0.542656302452087,2.04002387821674,117.415988743305,0,0,37.09715539217,0,3.05397674441338,0,0,0,0,0,0,0,0,20.5612197816372,0,1.57445323467255,51.3159509897232,5.64532354474068,233.861013710499,1.47667923569679,336.169408671558,0,666.323930263519,18.7330104857683,0,0,74.9664560258389,2.58692121505737,1789.28198844194,1072.93777419627,0,0,3.42638313770294,0,0,0,127.371221274137,1.59170949459076,109.287236407399,0.301760792732239,53.726696446538,0.543346047401428,232.281980663538,19.4378312528133,0.287002354860306,113.831559091806,0,5.98092848062515,0,133.757958501577,0,107.813618004322,0,187.028544947505,0.324735999107361,0,14.6253640651703,0,0,343.073132202029,0,209.742304190993,0.218137249350548,1790.09651074558,6.77926695346832,1685.95591660589,2.12936997413635,0
3.90818651020527,0,80.6896343529224,0,204.59144680202,0,0.584746420383453,0,1,0,10.6101812422276,0,0,0,0,0,0.441226869821548,0,2.46970054507256,0,212.46580247581,0,0,0,0,0,0,0,0,0,0,0,0,0,0,0,51.5111453831196,0,0.236900880932808,0.930407226085663,26.3337912708521,0,83.0887203589082,0,0,0,24.8251200914383,0,42.771561011672,0,0,0,0,0,0,0,91.5843916088343,0,5.53881332278252,0,0.507319450378418,0,0,378.670726448298,0,0,0,0,0,0,0,0,0,7.62591615319252,0,0,0,0,0,109.261922694743,0,17.4515847414732,13.7435334771872,0,232.063385382295,0,1.36344073712826
0,0.549678206443787,0,149.672575414181,0,88.6213401705027,0,0.299903035163879,0,14.1539544016123,0,0,0,0,0,0,0,0,0.518118798732758,49.0673853904009,0,0,0,0,0,0,0,0,0,0,0,0,0,0,0,0,0,1.01365360617638,0,4.98702225089073,0,7.92582154273987,0.951987937092781,0,0,2.62054152786732,0,0,0,3.42638313770294,0,0,0,19.5536695122719,0,2.21707499027252,0,16.0749628692865,0,0,0,0,11.3704510182142,0,0,0,0,0,0,0,0,0,1.24201099574566,0,0,0,0,0,2.21528044342995,0,0.581766501069069,0,9.54986153542995,0,40.2454702705145,0,0
0,0,0,0,11.1675035357475,0,38.7560670375824,0,0,0,262.354111552238,0,0,0,0,0,0,0,0,0,29.9251649081707,0,0,0,0,0,0,0,0,0,0,0,0,0,0,0,0,0,0,0,0,0,0,0,0,0,0,0,0,0,0,0,0,0,0,0,90.095286667347,0,0,0,0,0,0,1.38574162125587,0,0,0,0,0,0,0,0,0,0,0,0,0,0,0,0,0,0,8.10556840896606,0,0,0,0
0,0,0,0,0,11.1444881409407,0,95.8604069948196,0,0,0,65.6573365926743,0,49.7646410763264,0,0,0,0,0,1.77064362168312,0,0,0,0,0,0,0,0,0,0,0,0,0,0,0,0,0,0,0,0,0,0,0,0,0,0,0,0,0,0,0,19.5536695122719,0,0,0,0,0,177.63606376946,0,18.6345086097717,0,0,18.5007028132677,0,0,0,0,0,0,0,0,0,0,0,0,0,0,0,0,0,0,0,45.0996047258377,0,111.33032387495,0,0
151.65672314167,0,507.36874344945,0,8.25376635789871,0,0,0,1286.13240341842,0,0,0,0,0,0.245753929018974,0,0,0,0,0,0.326329499483109,0,0,0,269.865753293037,0,0,0,0,0,0,0,0,0,0,0,0,0,316.267450109124,0,0,0,2.26744690537453,0,0,0,0,0,7.63576671481133,0,0,0,0,0,0,0,16.2630469799042,0,0,0,557.59396956861,0,0,0.397474139928818,0,0,0,614.562662944198,0,33.3424037545919,0,0,0,1.21980202198029,0,0,0,0,0,0,0,403.488501697779,4.86739739775658,0,12.7149474024773,0,0
0.18266636133194,238.96706520021,0,229.113019883633,0,6.50180381536484,0,0,0,1355.65552324057,0,0,0,0,0,33.7282842099667,0,3,0,0,0,0,0,335.998174846172,0,0,0,0,0,0,0,0,0,0,0,0,0,175.642075583339,0.215162053704262,0,0,12.1403497904539,1.02804271876812,0,0,1.87074738740921,0,0.297166258096695,0,127.371221274137,0,2.21707499027252,0,0,0,0,0,0,0,0,0,608.281919300556,0.27951392531395,0,0,0,245.369207024574,0,0,0,0,0,0.717095196247101,0,0,0,0,0,0,0,79.5698752105236,0,132.9037906304,0.098020151257515,48.3939664065838,0,0
28.4380730092525,0,32.5973842442036,0,26.5218082591891,0,0,0,1.14362165331841,0,983.253420904279,0,214.747643172741,0,0,0,10.6986670345068,1.94942206144333,35.3744835704565,0,1560.5505181998,0,0,0,0,0,0,0,0,0,23.4102312028408,0,0,0,0,0,121.466728918254,0.37470355629921,191.933121159673,1.78830251097679,29.5421840697527,1.57115405797958,884.512839891016,0,0,0.385370001196861,64.8824635222554,1.30639353394508,57.0731835514307,1.59170949459076,91.5843916088343,0,90.095286667347,0,16.2630469799042,0,0,0,363.059770464897,0,46.9676816910505,0,0,1613.06258253753,0,0,0,0,0,0,0,0.487481623888016,0,293.579926908016,0,0,0,0,0.222239717841148,150.142613336444,0.538476169109344,21.1244402527809,495.43328011781,0.635721921920776,2229.58951867372,0,65.5604194998741
0,8.20443874597549,0,35.7996458485723,0,5.15836472809315,0,41.4648488759995,0,4.58377104997635,0,2925.19851827621,0,342.497733771801,0,0,0,0.104704923927784,5.6810761988163,63.5103703439236,0,0,0,0,0,0,0,0,0,23.8294205665588,0,0,0,0,0,288.484103530645,0,389.074690252542,0,3.49550507217646,0,69.1255751177669,0.170083463191986,0,0,5.62194546312094,0,0,0,109.287236407399,0,16.0749628692865,0,177.63606376946,0,0,0,0,0,260.117735087872,0,17.4394245147705,212.93539365381,0,0,0,0,0,2.27822631597519,0,7.20686136186123,0,158.189818292856,0,0,0,0,0,1.13293980062008,0.539946317672729,1.30969369411469,0,350.115308962762,0.240446388721466,487.253806807101,0,0
8.01846733689308,0,41.2435173690319,0,0.430002361536026,0,0,0,0,0,0,0,1263.16824872792,0,16.8303318172693,0,0.380642682313919,0.879848212003708,0.655402109026909,0,0,0,0,0,0,0,0,0,13.1753450036049,0,0,0,0,0,0,0,1.87900042533875,0,0,0.319806963205338,3.63421893119812,0,25.4958117455244,0,0,0,8.62170387804508,0,10.9566408991814,0.301760792732239,5.53881332278252,0,0,0,0,0,363.059770464897,0,0,0,214.424770250916,0,0,7.00133681297302,0,0,0,0,0,0,0,16,0,3.27087973058224,0,0,0,0,0,10.4708745032549,0,5.80934402346611,4.53348782658577,0,113.794157989323,0,0.681240200996399
0,0.262851029634476,0,14.868962675333,0,0,0,30.6850743293762,0,0,0,34.1230747103691,0,596.028077960014,0,1,0,0,0,0,0,0,0,0,0,0,0,183.544283151627,0,0,0,0,0,0,0,0,0,0,0,0,0,6.00865966081619,0,0,0,0,0,0,0,53.726696446538,0,0,0,18.6345086097717,0,0,0,260.117735087872,0,0,0,70.9901779294014,0,0,0,0,0,0,13.3014940023422,0,30.1279627084732,0,1.38007974624634,0,0,0,0,0,0.389909416437149,0,0,0,150.856943190098,27.1903324127197,11.1397804021835,0,0
137.975260943174,0,10.3293585181236,0,0,0,0,0,406.467382743955,0,0,0,0,0,2.67856568098068,0,0,0,0,0,0,0,0,0,10.0413910448551,0,0,0,0,0,0,0,0,0,0,0,0,0,0,0,0,0,1.5674244761467,0,0,0,0,0,39.7430971562862,0.543346047401428,0.507319450378418,0,0,0,557.59396956861,0,46.9676816910505,0,214.424770250916,0,0,0,0,0,0,0,0,6.90640440583229,0,6.95310831069946,0,0,0,0,0,0,0,0,0,0,0,0,0.265488713979721,0,6.21666951477528,0,0
0,34.3321275413036,0,137.916286170483,0,0,0,0,0,32.9729628264904,0,0,0,0,0,256.654406189919,0,3.47274208068848,0,0,0,0,0,0,0,9.6042048484087,0,0,0,0,0,0,0,0,0,0,0,0,0,0,0,0.83155132830143,0,0,0,0,0,0,0,232.281980663538,0,0,0,0,0,608.281919300556,0,17.4394245147705,0,70.9901779294014,0,0,0,0,0,0,0,0,190.298345848918,0,11.411657512188,0,0,0,0,0,0,0,0,0,0,0,120.353784680367,7.22133183479309,1.24941894412041,0,0
0,0.235256299376488,0,15.4184174239635,0,57.0277045965195,0,0.85088124871254,0,0,0,434.806260317564,0,0,0,0,0,1.30845296382904,16.9857947081327,1310.23312240839,0,0,0,0,0,0,0,0,0,0,0,0,0,0,0,2319.92598301172,0,425.602907404304,0,86.9837215021253,0,21.1300586163998,0.570858180522919,0,0,1278.60100474209,0,0,0.217879205942154,19.4378312528133,0,11.3704510182142,0,18.5007028132677,0,0.27951392531395,0,212.93539365381,0,0,0,0,0,0,0,0,0,0,0,0,1.27437105029821,0,73.9891484305263,0,0,0,0,0,446.414577260613,0,341.349329702556,0,176.420045651495,1.2155651897192,2160.29780994356,0,0
35.6128668636084,0,15.7314646691084,0,135.382355570793,0,0,0,1.60526095330715,0,28.9938427358866,0,0,0,0,0,14.7833421826363,3.60385097563267,72.7495397776365,0,1116.23642893136,0,0,0,0,0,0,0,0,0,0,0,0,0,0,0,366.571612969041,0,878.962149530649,1.07191810756922,730.178308099508,0,207.945594675839,0,0.976881995797157,2.07658648490906,1068.81635800749,0.32244661450386,14.9343569129705,0.287002354860306,378.670726448298,0,1.38574162125587,0,0.397474139928818,0,1613.06258253753,0,7.00133681297302,0,0,0,0,0,0,0,0,0,0,0,0,0,0,398.013463973999,0,0,0,0,0.469111979007721,1559.89555746317,0,531.806271158159,198.514105290174,3.49781940877438,1351.12501790375,0,10.8063660115004
0,0,0,0,0,0,0,0,0,0,0,0,0,0,0,0,0,3.37725806236267,0,0,0,3089.15959437191,72.1770403385162,66.3169847726822,0,0.382578313350677,0,0,0,0,0,0,0,0,0,0,0,181.508649930358,0,0,0,0,0,0,0,0,0,0,0,113.831559091806,0,0,0,0,0,0,0,0,0,0,0,0,0,0,0,0,76.3167176246643,0,76.9340975880623,0,412.812117829919,0,0,0,0,0,0,0,0,0,234.737406760454,0,3,2,0,0,0
0,0,0,0,0,0,0,0,0,0,0,0,0,0,0,0,0,0,0,0,0,107.242049455643,3583.63201035559,0,53.8758193850517,0,1.08006870746613,0,1,0,0,0,0,0,0,0,0,0,30.9666209965944,0,0,0,0,0,0,0,0,0,140.818169981241,0,0,0,0,0,0,0,0,0,0,0,0,0,0,0,0,0,0,1,0,2.62773430347443,0,20.3783690035343,0,0,0,0,0,0,0,0,0,182.919356673956,383.96188685298,0,0,0,0
0,6.09078228473663,0,5.31844265758991,0,0.543334767222404,0,0,0,68.9968114346266,0,0,0,0,0,0,0,0,0,0,0,82.3787552118301,0,790.046135723591,0,151.708351492882,0,0,0,0,0,0,0,0,0,0,0,513.958398044109,0,0.234028965234756,0,2.22124391049147,0.232630833983421,0,0,0,0,0,0,5.98092848062515,0,0,0,0,0,245.369207024574,0,0,0,0,0,0,0,0,76.3167176246643,0,0,0,9.87273389101028,0,0,0,0,0,0,0,0,0,0,0,555.609659165144,0,105.56355009228,0,46.6608083695173,0,0
2.68935835361481,0,0,0,0,0,0,0,10.2823399454355,0,0,0,0,0,0,0,0,0,0,0,0,0,30.573402017355,0,591.922621831298,0,47.0361526161432,0,0,0,0,0,0,0,0,0,0,0,932.05907651782,0,0,0,9.87949216365814,0,0,0,0,0,30.7340578138828,0,0,0,0,0,614.562662944198,0,0,0,0,0,6.90640440583229,0,0,0,0,1,0,0,0,215.453691571951,0,0,0,0,0,0,0,0,0,0,0,333.906695961952,89.7331497073174,0,421.100603014231,0,0
0,1.73488135635853,0,3.45949178934097,0,0,0,0,0,0,0,0,0,0,0,0,0,0,0,0,0,196.6250397861,0,4.43154540657997,0,338.463269293308,0,0,0,0,0,0,0,0,0,0,0,2.22501301765442,0,0,0,19.3466779589653,0,0,0,0,0,0,0,133.757958501577,0,0,0,0,0,0,0,2.27822631597519,0,13.3014940023422,0,190.298345848918,0,0,76.9340975880623,0,9.87273389101028,0,0,0,61.5686034411192,0,0,0,0,0,0,0,0.128123372793198,0,0,0,6.88990022242069,0,20.8516741394997,0,0
0,0,0,0,0,0,0,0,54.5710067749023,0,0,0,0,0,0,0,0,0,0,0,0,0,352.850857496262,0,91.1172179430723,0,682.531870812178,0,0,0,0,0,0,0,0,0,0,0,0,0,0,0,0,0,0,0,0,0,0,0,0,0,0,0,33.3424037545919,0,0,0,0,0,6.95310831069946,0,0,0,0,2.62773430347443,0,215.453691571951,0,0,0,0,0,0,0,0,0,0,0,0,0,0,0,0,0,0,0
0,0.91778689622879,0,3.8559465110302,0,0.202262878417969,0,0,0,1.41519242525101,0,0,0,15.2850482463837,0,0,0,0,3.1381696164608,0,0,145.798683449626,0,0,0,0,0,852.203496932983,0,0,0,0,0,0,0,0,0,2.99875295162201,0,2.6763361915946,0,39.7699923664331,0.199860990047455,0,0,1.19939285516739,0,0,0,107.813618004322,0,0,0,0,0,0,0,7.20686136186123,0,30.1279627084732,0,11.411657512188,1.27437105029821,0,412.812117829919,0,0,0,61.5686034411192,0,0,0,194.525417476892,0,0,0,0,0,0.349030345678329,0,0,0,26.0796101987362,0,104.440342776477,0,0
0,0,0,0,0,0,0,0,0,0,0,0,39.8307564258575,0,0,0,0,0,0,0,0,0,119.661586582661,0,0,0,0,0,434.561977207661,0,5.19955885410309,0,0,0,0,0,0,0,39.6259876787663,0,0,0,0.748325228691101,0,0,0,0,0,295.828278958797,0,0,0,0,0,0,0,0.487481623888016,0,16,0,0,0,0,0,0,20.3783690035343,0,0,0,0,0,0,0,0,0,0,0,0,0,0,0,193.486321598291,0,0,0.2973393201828,0,0
0,8.75740154087543,0,57.9511735737324,0,15.9514184817672,0,0,0,1.43396364152431,0,265.154508188367,0,0,0,0,0.626078426837921,6.73560619354248,70.2603142410517,0,0,0,0,0,0,0,0,53.5690340995789,0,319.832626968622,0,0,0,0,0,0.533736169338226,0,11.5772690474987,0,27.1667178347707,0.249525830149651,74.8625647202134,0.806539058685303,0,0,41.9857782870531,0,0,0,187.028544947505,0,1.24201099574566,0,0,0,0.717095196247101,0,158.189818292856,0,1.38007974624634,0,0,73.9891484305263,0,0,0,0,0,0,0,194.525417476892,0,0,0,0,0,0,0,31.3713007122278,0.13012307882309,28.5411032065749,0,205.462098605931,0.673995524644852,806.674202464521,1.02676105499268,0
26.724015429616,0,11.9744225293398,0,12.0466359853745,0,0,0,1.50505319237709,0,11.0354533195496,0,0,0,0,0,20.6985596567392,3.23544183373451,73.4579520970583,0,58.6015850454569,0,0,0,0,0,0,0,0,0,323.52804929018,0,0,0,0,0,3.54105417430401,0,0,1.13698905706406,13.537894256413,1.61021208763123,176.589739225805,0,0,1.44353830814362,43.4345047175884,0,130.353602781892,0.324735999107361,7.62591615319252,0,0,0,1.21980202198029,0,293.579926908016,0,3.27087973058224,0,0,0,0,398.013463973999,0,0,0,0,0,0,0,0,0,0,0,0,0,0,0,79.3611703887582,0,143.405198827386,143.119855061173,0,1947.16233241558,0,17.8186193108559
0,0,0,0,0,0,0,0,0,0,0,0,0,0,0,0,0,0,0,0,0,0,0,0,0,0,0,0,0,0,0,1251.79652935266,1197.61424711347,0,0,244.240465819836,0,0,0,0,0,0,0,0,0,0,0,3493.51636376977,2.33261984586716,0,0,0,0,0,0,0,0,0,0,0,0,0,0,0,0,0,0,0,0,0,0,0,0,0,0,793.221089601517,64.9184725284576,0,394.549838021398,5.2507675588131,0,0,363.793242245913,0,0,0,0
0,0,0,0,0,0,0,0,0,0,0,0,0,0,0,0,0,0,0,0,0,0,0,0,0,0,0,0,0,0,0,974.408547192812,2752.92007143795,1.57353222370148,26.8426779359579,0,160.383643075824,0,0,0,0,0,0,0,0,0,0,6931.20127446949,20.2579814791679,14.6253640651703,0,0,0,0,0,0,0,0,0,0,0,0,0,0,0,0,0,0,0,0,0,0,0,0,793.221089601517,0,12.094551384449,233.386200487614,0,653.923537358642,0,0,403.038778617978,0,0,0,0
0,0,0,0,0,0,0,0,0,0,0,0,0,0,0,0,0,0,0,0,0,0,0,0,0,0,0,0,0,0,0,0,0.787111937999725,2098.74203783274,798.302471756935,93.131893992424,0,7.61743441224098,0,0,0,0,0,0,0,0,0,62.8741951882839,0,0,0,0,0,0,0,0,0,0,0,0,0,0,0,0,0,0,0,0,0,0,0,0,0,0,64.9184725284576,12.094551384449,0,187.155458271503,601.187705427408,0,438.488316655159,0,112.685740292072,0,0,0,0
0,0,0,0,0,0,0,0,0,0,0,0,0,0,0,0,0,0,0,0,0,0,0,0,0,0,0,0,0,0,0,4.8940908908844,0,719.098085492849,2653.67277088761,0,192.287434458733,0,27.6151218414307,0,0,0,0,0,0,0,0,122.213623613119,0,0,0,0,0,0,0,0,0,0,0,0,0,0,0,0,0,0,0,0,0,0,0,0,0,0,0,233.386200487614,187.155458271503,0,0,360.859205693007,0,363.859304666519,326.190660476685,0,0,0,0
