0,0,3.87509222591625,0,0,0,0,0,5.83536080880599,0,0,0,0,0,0,0,25.3211750984192,39.1044654846191,14.2389652568138,0,0,0,0,0,15.281861448288,0,0,0,0,0,0,0,0,0,0,0,0,40.5156536102295,19.3853776973227,48.4692344665527,37.8655738830566,67.7485790252686,18.4001404898507,0,0,44.9160785675049,20.4085460964002,0,5.87939682654803,49.1059277852376,0,0,0,0,5.16181688077414,0,16.9962232112885,0,0,0,3.71648779900178,0,0,30.6744976043701,0,0,0,14.6447789452293,0,0,0,0,0,20.7968242645264,0,0,0,0,58.5353368123372,27.223840193315,0,17.7478680959562,12.6762535918472,15.6054391860962,13.1798489873002,0,10.0639092922211
0,0,0,7.63372003026755,0,0,0,0,0,5.94703144782629,0,0,0,0,0,3.16588155428569,46.0749187469482,0,11.8270072937012,0,0,0,0,0,49.8330764770508,0,0,0,0,0,0,0,0,0,0,0,0,18.7296039581299,44.8856169732062,26.2623850958688,0,16.8025003739379,0,0,0,20.6685570610894,58.128556060791,23.4503955841064,67.8647994995117,9.10463337751402,0,0,0,0,0,4.6693982289532,0,18.9990940521012,0,0,0,4.09251395796166,0,0,0,54.7001266479492,0,51.2447299957275,0,0,0,0,21.8203627904256,0,0,0,0,0,30.4647867862995,96.2356185913086,28.5531327620797,44.8876613270153,8.72933030912395,0,13.2154064612874,10.8639630079269,0
3.87509222591625,0,0,0,12.4368096227231,0,0,0,3.73459012884843,0,0,0,0,0,0,0,54.8078956604004,58.5872688293457,46.7528084202817,0,8.36777405738831,0,0,0,0,0,0,0,0,0,0,0,0,0,0,34.2724609375,32.3112340654646,0,0,51.3536415100098,36.6878839111328,37.0155029296875,34.545296014524,0,0,0,22.2038547448945,60.2231044769287,20.7449292463201,0,8.3789554266105,0,0,0,11.1240169507153,0,22.7019400389298,0,4.68878674649481,0,5.56984266035396,0,0,9.70741844177246,0,0,0,23.0704070499965,0,0,0,0,0,23.8320896495472,0,0,0,0,82.8139724731445,35.760294702318,0,33.3393855828505,15.3092719746022,17.4078338623047,25.6018076010248,0,43.9492282867432
0,7.63372003026755,0,0,0,5.89797700846873,0,0,0,5.04019406304431,0,0,0,0,0,0,69.2993812561035,60.9091674259731,47.538419311111,7.84339853587904,0,0,0,0,0,0,0,0,0,0,0,0,0,0,0,17.2305082321167,0,27.6047446511009,55.5030290704024,32.5761787323725,0,29.2345979448775,53.6477851867676,22.3527191162109,0,17.8331859642916,81.7783050537109,53.752010345459,63.6380786895752,10.3256336316934,0,6.30088415213511,0,0,0,6.19373447554452,0,20.8009102358761,0,3.95726595761684,0,3.62879854181538,29.7687816619873,0,0,0,0,65.6564903259277,0,0,0,0,24.8035681724548,0,0,0,0,0,34.1396341323853,59.2874221801758,31.7420400096252,54.1950435638428,16.4195472103598,0,19.5143575380524,23.6425224824385,84.4421310424805
0,0,12.4368096227231,0,0,0,0,0,4.14869690471225,0,0,0,0,0,5.33435697775467,0,0,0,0,0,8.06766222772144,0,0,0,0,0,0,0,0,0,0,0,0,0,0,0,38.1743392944336,0,0,0,27.966344833374,0,38.1899578696803,0,0,0,29.1577796936035,0,27.5203540802002,0,3.28422030254647,0,0,0,0,0,13.7680925369263,0,5.65586566925049,0,4.6643961250782,0,0,0,0,0,0,35.0951461791992,0,0,0,0,0,31.9528973897298,0,0,0,0,0,37.8028526306152,0,39.8346271514893,3.7381848927988,0,15.7535392975807,0,0
0,0,0,5.89797700846873,0,0,0,0,0,0,0,3.98912471532822,0,0,0,3.67576935623266,0,63.5474739074707,0,6.55186576795096,0,0,0,0,0,0,0,0,0,0,0,0,0,0,0,21.857702255249,0,0,0,39.2092132568359,0,38.2810211181641,0,0,0,24.870849609375,0,0,0,58.0433731079102,0,4.16223708980055,0,0,0,0,0,4.85851427985401,0,0,0,3.91151756317385,3.82227435112,0,0,0,0,0,0,0,0,0,0,0,0,0,0,0,40.6411399841309,0,0,0,4.64124701553857,0,6.83845194215587,0,0
0,0,0,0,0,0,0,0,0,0,0,0,0,0,0,0,0,0,0,0,0,0,0,0,0,0,0,0,0,0,0,0,0,0,0,0,0,0,0,0,0,0,0,0,0,0,0,0,0,0,0,0,0,0,0,0,0,0,0,0,0,0,0,0,0,0,0,0,0,0,0,0,0,0,0,0,0,0,0,0,0,0,0,0,0,0,0
0,0,0,0,0,0,0,0,0,0,0,2.84818748633067,0,3.38264286518097,0,0,0,0,0,0,0,0,0,0,0,0,0,0,0,0,0,0,0,0,0,0,0,0,0,0,0,0,0,0,0,0,0,0,0,0,0,0,0,2.86900186538696,0,0,0,0,0,2.86747430801392,0,4.84930467605591,0,0,0,0,0,0,0,0,0,0,0,0,0,0,0,0,0,0,0,0,2.95549863576889,0,0,0,0
5.83536080880599,0,3.73459012884843,0,4.14869690471225,0,0,0,0,0,0,0,0,0,3.01422607457196,0,2.7450578212738,0,44.6530178615025,0,0,0,0,0,3.90016850558194,0,3.87480688095093,0,0,0,0,0,0,0,0,0,0,0,8.89640517234802,0,42.6783981323242,0,12.6524543062846,0,0,0,32.6280250549316,0,14.1286657582159,0,0,0,0,0,3.8365289691925,0,21.1859661102295,0,0,0,3.65842241958036,0,0,0,0,0,0,4.55512307240413,0,0,0,0,0,16.8124623298645,0,0,0,0,0,0,0,34.5657157897949,5.26773184612795,4.03099554777145,10.0449656060905,0,0
0,5.94703144782629,0,5.04019406304431,0,0,0,0,0,0,0,0,0,0,0,0,0,0,8.7493971824646,0,0,0,0,0,0,0,0,0,0,0,0,0,0,0,0,0,0,9.53099080972504,41.0503477616744,56.0317401885986,0,6.37885465245498,0,0,0,23.5858790079753,0,32.0759811401367,0,8.31363102793694,0,0,0,0,0,3.82633254969008,0,20.1039736270905,0,0,0,4.03014985794245,0,0,0,0,0,49.325984954834,3.56166005134583,0,0,0,27.7905187606812,0,0,0,0,0,40.3416061401367,0,37.9368705749512,45.7723770141602,4.04784059047244,0,9.68662652957071,3.34519459803899,0
0,0,0,0,0,0,0,0,0,0,0,0,3.43610810936558,0,0,0,0,0,0,0,3.04557155955922,0,0,0,0,0,0,0,0,0,2.87542835871379,0,0,0,0,0,2.94975070158641,0,3.29741789469602,0,0,0,0,0,0,0,0,0,0,0,0,0,0,0,0,0,3.77640022181698,0,3.07077485022785,0,0,0,0,2.92727159227644,0,0,0,0,0,0,0,3.09651443082043,0,6.26472864548365,0,0,0,0,0,0,0,4.06477121457662,2.88535616859313,0,0,0,0
0,0,0,0,0,3.98912471532822,0,2.84818748633067,0,0,0,0,0,3.16808660667722,0,0,0,0,0,4.21082575089402,0,0,0,0,0,0,0,3.09858178098996,0,4.33590661525726,0,0,0,0,0,4.21549294236001,0,3.71026573688574,0,0,0,0,0,0,0,0,0,0,0,0,0,5.61720468401909,0,0,0,0,0,4.69286961280921,0,3.13258987102868,0,0,4.75143402863324,0,0,0,0,0,0,0,3.59209144115448,0,3.63477284113566,0,0,0,0,0,5.09271305935983,0,4.73413217067719,0,3.4664595865068,0,5.24373354117076,0,0
0,0,0,0,0,0,0,0,0,0,3.43610810936558,0,0,0,3.24693591064877,0,0,0,0,0,0,0,0,0,0,0,0,0,0,0,0,0,0,0,0,0,0,0,0,0,0,0,0,0,0,0,0,0,0,0,0,0,0,0,0,0,0,0,2.97602432250977,0,3.00920402302462,0,0,0,0,0,0,0,0,0,0,6.09600114822388,0,0,0,0,0,0,0,0,0,0,3.30220543636995,3.87158898303383,0,0,0
0,0,0,0,0,0,0,3.38264286518097,0,0,0,3.16808660667722,0,0,0,3.27981405991774,0,4.01264616012573,0,0,0,0,0,0,0,0,0,3.61717496162806,0,2.84740495681763,0,0,0,0,0,0,0,0,0,0,0,0,0,0,0,0,0,0,0,0,0,0,0,0,0,0,0,3.53329081741791,0,3.51439897067583,0,3.09070712327957,0,0,0,0,0,0,0,0,0,0,0,0,0,0,0,0,0,0,0,0,3.0888568138367,2.99956225024329,0,0,0
0,0,0,0,5.33435697775467,0,0,0,3.01422607457196,0,0,0,3.24693591064877,0,0,0,2.95982789993286,0,0,0,0,0,0,0,0,0,4.39440536499023,0,0,0,0,0,0,0,0,0,0,0,0,0,0,0,0,0,0,0,0,0,0,0,3.99102560182412,0,0,0,0,0,0,0,0,0,3.38900551924834,0,0,0,0,0,0,0,0,0,0,0,0,0,0,0,0,0,0,0,0,0,3.76210311986506,0,0,0,0
0,3.16588155428569,0,0,0,3.67576935623266,0,0,0,0,0,0,0,3.27981405991774,0,0,0,12.5397418645712,0,0,0,0,0,0,0,0,0,4.30364727973938,0,0,0,0,0,0,0,0,0,0,0,0,0,0,0,0,0,0,0,0,0,0,0,0,0,0,0,0,0,0,0,3.10436494533832,0,2.87883071104685,0,0,0,0,0,0,0,0,0,0,0,0,0,0,0,0,0,0,0,0,3.28664921459399,3.08917147929852,0,0,0
25.3211750984192,46.0749187469482,54.8078956604004,69.2993812561035,0,0,0,0,2.7450578212738,0,0,0,0,0,2.95982789993286,0,0,17.4956479470658,18.8680379650631,0,0,0,5.98244682892219,14.2802572250366,0,0,3.4756886717202,48.1064682006836,0,0,0,0,0,0,0,0,0,0,0,66.4198774927082,60.1019377376944,57.649935363175,47.4547006777017,80.1888707478841,0,57.3695674636989,57.3742613250956,0,59.7443513870239,0,0,77.3080291748047,0,0,0,0,55.491820199149,76.1634916825728,0,0,3.15995311737061,0,68.7071094512939,64.749005317688,0,0,0,73.7807312011719,110.311599731445,2.96603488922119,0,0,66.7808849334717,60.1245407777674,0,0,0,0,66.5714993316136,63.8525599115545,67.4094118188929,62.1042546953474,12.3150422971221,5.47749335611021,56.3033555415693,54.3996721903483,41.4801735496521
39.1044654846191,0,58.5872688293457,60.9091674259731,0,63.5474739074707,0,0,0,0,0,0,0,4.01264616012573,0,12.5397418645712,17.4956479470658,0,18.9085507915445,0,0,4.74119924765367,0,3.56077083674344,0,5.43187500465484,0,6.59392577150594,0,0,0,0,0,0,0,0,0,0,0,58.5285812073768,64.9940149784088,48.4080594851149,53.3630796238996,0,0,55.205847027658,56.8193443163369,0,58.4474296569824,0,65.7032699584961,0,0,0,0,0,50.1448389689128,60.2315741402762,0,0,0,13.1742855460898,61.6952082316081,64.3106899261475,0,0,0,144.886947631836,4.67852955545698,0,3.2095063328743,0,58.7238661937225,69.0795631408691,0,0,0,0,63.0244052391353,67.8084106844757,58.1079408897544,66.7261439429389,12.923018976317,4.99335951404037,56.782444057265,39.787479340221,52.0457131958008
14.2389652568138,11.8270072937012,46.7528084202817,47.538419311111,0,0,0,0,44.6530178615025,8.7493971824646,0,0,0,0,0,0,18.8680379650631,18.9085507915445,0,35.1129582722982,0,0,0,0,43.4324645996094,0,0,26.1296501159668,0,0,0,0,0,0,0,0,0,72.2476437886556,64.7788619995117,41.8712748582481,40.9573501974849,30.7964935895868,24.6511799703313,21.7359371185303,0,36.4429350533087,40.7486055183145,0,39.9086960383824,54.0221633911133,46.482479095459,66.8927040100098,0,0,56.5065822601318,0,41.8386247781607,34.2475901522879,71.0112228393555,0,0,58.3917770385742,50.3565823127484,55.3221165583684,0,0,0,59.6146183013916,0,0,0,0,33.424480610324,37.0064715357388,0,0,0,0,45.0239444348972,44.7530211393048,43.5499978026083,48.3746132346673,16.4792453684005,39.3371086120605,35.7554819608487,24.4452559913989,21.4919461388198
0,0,0,7.84339853587904,0,6.55186576795096,0,0,0,0,0,4.21082575089402,0,0,0,0,0,0,35.1129582722982,0,0,0,0,0,0,0,0,0,0,0,0,0,0,0,0,4.60577772024299,0,3.38043852017317,0,36.6249940872192,0,40.7740947723389,0,0,0,18.3618859291077,0,60.8445281982422,0,38.2672403653463,0,8.19233435903277,0,0,0,0,0,5.43587905395402,0,0,0,0,5.61559265396614,0,0,0,0,0,0,0,0,0,6.96139883995056,0,0,0,0,0,4.95834181979745,0,29.6695472399394,0,12.7939160182283,0,8.36464927057547,51.1449775695801,0
0,0,8.36777405738831,0,8.06766222772144,0,0,0,0,0,3.04557155955922,0,0,0,0,0,0,0,0,0,0,0,0,0,0,0,0,0,0,0,0,0,0,0,0,0,3.95649820223974,0,4.94527922465107,0,37.6823959350586,0,38.4139808307995,0,0,0,28.2304101270788,0,27.3202419281006,0,12.6121237796286,0,0,0,13.7477460861206,0,3.93793005488997,0,0,0,0,0,0,4.56284182629205,0,0,0,0,0,0,0,0,0,32.0568646022252,0,0,0,0,0,8.3036426243844,0,19.7698716836817,10.9571641423915,0,13.6599847612338,0,0
0,0,0,0,0,0,0,0,0,0,0,0,0,0,0,0,0,4.74119924765367,0,0,0,0,4.6083309103231,4.99843456496054,0,3.15403401851654,0,0,0,0,0,0,0,0,0,0,0,3.86420360065642,0,0,0,0,0,0,0,0,0,0,0,5.16358901247566,0,0,0,0,0,0,0,0,0,0,0,0,0,0,3.8511059921169,0,8.59292654823839,0,3.98047374627169,0,0,0,0,0,0,0,0,0,0,0,3.34478514146805,0,4.81493845294946,4.5150723530471,13.234977722168,0,0
0,0,0,0,0,0,0,0,0,0,0,0,0,0,0,0,5.98244682892219,0,0,0,0,4.6083309103231,0,0,5.88623917393568,0,3.39591165750968,0,2.83513267636299,0,0,0,0,0,0,0,0,0,6.78321984769969,0,0,0,0,0,0,0,0,19.98977394104,0,38.7376461029053,0,0,0,0,0,0,0,0,0,0,0,0,0,0,0,3.84731321861825,0,10.7343685483574,0,0,0,2.96121883392334,0,0,0,0,0,0,0,0,0,5.85274440050125,4.32008067333185,3.77649047970772,32.5405426025391,0,0
0,0,0,0,0,0,0,0,0,0,0,0,0,0,0,0,14.2802572250366,3.56077083674344,0,0,0,4.99843456496054,0,0,0,4.2721266430967,0,0,0,0,0,0,0,0,0,0,0,5.13556051482268,36.9478009541829,0,0,28.0040245056152,0,0,0,0,0,23.6505352656047,0,7.41958948988352,0,0,0,0,0,3.09858793478746,0,0,0,0,0,3.77707516992247,0,0,9.27106454372406,0,3.72262680101738,0,3.69573373007774,0,0,0,0,0,0,0,0,0,0,0,7.81609571714537,37.6228866577148,3.98178315783079,0,7.63805034444049,0,0
15.281861448288,49.8330764770508,0,0,0,0,0,0,3.90016850558194,0,0,0,0,0,0,0,0,0,43.4324645996094,0,0,0,5.88623917393568,0,0,0,3.23027852376302,0,0,0,0,0,0,0,0,0,0,0,4.68502410047195,0,0,0,46.8936971028646,0,0,0,0,22.0452480316162,18.4007353101458,38.2576055526733,0,0,0,0,3.57836843293045,0,22.9011096954346,0,0,0,0,0,0,0,0,6.87816468433098,0,3.06981208281308,0,6.522705078125,0,0,0,0,0,0,0,0,0,58.13818359375,0,5.97911239465078,4.5300147408505,4.32016279962328,29.1107929229736,0,0
0,0,0,0,0,0,0,0,0,0,0,0,0,0,0,0,0,5.43187500465484,0,0,0,3.15403401851654,0,4.2721266430967,0,0,0,3.70190917877924,0,0,0,0,0,0,0,0,0,0,0,0,0,0,0,0,0,0,0,0,0,0,0,0,0,0,0,0,0,0,0,0,0,2.79793584346771,0,0,0,0,0,0,3.16212162701225,0,3.58517067432404,0,0,0,0,0,0,0,0,0,0,0,4.04834133928472,0,0,0,0
0,0,0,0,0,0,0,0,3.87480688095093,0,0,0,0,0,4.39440536499023,0,3.4756886717202,0,0,0,0,0,3.39591165750968,0,3.23027852376302,0,0,0,2.73338294029236,0,0,0,0,0,0,0,0,0,0,0,0,0,0,0,0,0,0,0,0,0,0,0,0,0,3.57524752616882,0,0,0,0,0,4.42881560325623,0,0,0,0,2.94767940044403,0,3.45552486419678,0,3.05641149956247,0,0,0,0,0,0,0,0,0,0,0,0,2.95394335428874,0,0,0,0
0,0,0,0,0,0,0,0,0,0,0,3.09858178098996,0,3.61717496162806,0,4.30364727973938,48.1064682006836,6.59392577150594,26.1296501159668,0,0,0,0,0,0,3.70190917877924,0,0,0,3.24564466427366,0,0,0,0,0,0,0,3.53542999331631,0,0,0,0,0,0,0,0,0,0,0,0,0,0,0,0,0,0,0,3.67210886819022,0,0,0,0,0,0,0,0,0,0,3.76372909545898,0,3.36463676152691,0,3.89935600757599,0,0,0,0,0,0,0,3.63823384046555,0,3.85823470975724,4.44074773788452,0,0,0
0,0,0,0,0,0,0,0,0,0,0,0,0,0,0,0,0,0,0,0,0,0,2.83513267636299,0,0,0,2.73338294029236,0,0,0,2.86893536909571,0,0,0,0,0,0,0,4.91776847839355,0,0,0,0,0,0,0,0,0,0,0,0,0,0,0,0,0,0,0,0,0,0,0,0,0,0,2.96139032093447,0,0,0,3.07965619685286,0,3.1414864402771,0,2.84797865152359,0,0,0,0,0,0,0,3.06227283477783,3.01186676458879,0,0,0,0
0,0,0,0,0,0,0,0,0,0,0,4.33590661525726,0,2.84740495681763,0,0,0,0,0,0,0,0,0,0,0,0,0,3.24564466427366,0,0,0,0,0,0,0,0,0,3.1196190839722,0,0,0,0,0,0,0,0,0,0,0,0,0,0,0,0,0,0,0,5.08619212020527,0,0,0,0,0,0,0,0,0,0,0,0,3.43949845858983,0,3.05699456154883,0,0,0,0,0,0,0,3.3862728966607,0,3.03457772081549,0,0,0,0
0,0,0,0,0,0,0,0,0,0,2.87542835871379,0,0,0,0,0,0,0,0,0,0,0,0,0,0,0,0,0,2.86893536909571,0,0,0,0,0,0,0,0,0,3.36984256085228,0,0,0,0,0,0,0,0,0,0,0,0,0,0,0,0,0,3.02954928080241,0,0,0,0,0,0,0,0,0,0,0,0,0,0,5.76749667888734,0,2.85322394967079,0,0,0,0,0,0,0,3.01253259181976,3.02158487637838,0,0,0,0
0,0,0,0,0,0,0,0,0,0,0,0,0,0,0,0,0,0,0,0,0,0,0,0,0,0,0,0,0,0,0,0,5.52475963111629,8.49777700350835,5.7491382984888,6.57893679779151,0,0,0,0,0,0,0,0,0,0,0,6.82377337981575,12.2942448398523,7.5474703839717,0,0,0,0,0,0,0,0,0,0,0,0,0,0,0,0,0,0,0,0,0,0,0,0,5.62501670128454,4.82607281760122,4.2264501452446,4.69427352481418,3.67595233415302,0,0,0,4.75674332212657,0,11.5735521316528,0,0
0,0,0,0,0,0,0,0,0,0,0,0,0,0,0,0,0,0,0,0,0,0,0,0,0,0,0,0,0,0,0,5.52475963111629,0,7.94089637784397,0,0,2.90473648829338,0,0,0,0,0,0,0,0,0,0,5.32036268114049,0,4.62750029563904,0,0,0,0,0,0,0,0,0,0,0,0,0,0,0,0,0,0,0,0,0,0,0,0,3.05527741318449,3.85892457432217,2.77603248755137,14.4967489242554,2.83353522845677,2.8671662012736,0,0,6.54690424601237,0,0,0,0
0,0,0,0,0,0,0,0,0,0,0,0,0,0,0,0,0,0,0,0,0,0,0,0,0,0,0,0,0,0,0,8.49777700350835,7.94089637784397,0,5.14864301145199,5.31141555419675,0,5.12302552972521,5.83603092218057,20.6020288467407,0,0,0,0,0,0,0,5.62776090887226,14.8432752169096,10.03632796329,0,0,0,0,0,0,0,0,0,0,0,0,0,0,0,0,0,33.233757019043,0,0,0,0,0,0,14.8622973987034,0,4.59958724178666,4.43176037967963,7.30665837672719,0,6.03582877901536,23.0711498260498,5.50944925248623,0,32.1101086934408,0,0
0,0,0,0,0,0,0,0,0,0,0,0,0,0,0,0,0,0,0,0,0,0,0,0,0,0,0,0,0,0,0,5.7491382984888,0,5.14864301145199,0,0,3.70771538905608,7.15011356274287,3.62975467954363,0,0,0,18.3901425770351,0,0,0,0,5.01316641331778,26.2109274069468,17.875026345253,77.2076416015625,0,0,0,0,0,0,0,0,0,0,0,0,0,0,0,0,0,0,0,0,0,0,0,4.30466103553772,0,5.18063932526185,3.62555484624173,0,5.98796263161828,6.62453023971073,4.79569339752197,5.83533816295106,0,38.9627379637498,0,0
0,0,34.2724609375,17.2305082321167,0,21.857702255249,0,0,0,0,0,4.21549294236001,0,0,0,0,0,0,0,4.60577772024299,0,0,0,0,0,0,0,0,0,0,0,6.57893679779151,0,5.31141555419675,0,0,3.39292896388545,5.42913451711665,0,8.08577084541321,0,0,0,0,0,12.4982063293457,0,3.11804908116659,0,5.24534585399012,0,0,0,0,0,0,0,7.29393467611196,0,0,0,0,4.53159278203043,0,0,0,0,0,0,0,0,0,0,0,5.75885246843698,0,10.2939482469432,0,5.15404077833279,4.36303714307097,7.4912779504219,0,4.17802668427324,3.608628207987,11.9467391259599,0,0
0,0,32.3112340654646,0,38.1743392944336,0,0,0,0,0,2.94975070158641,0,0,0,0,0,0,0,0,0,3.95649820223974,0,0,0,0,0,0,0,0,0,0,0,2.90473648829338,0,3.70771538905608,3.39292896388545,0,0,5.00681326204679,0,0,0,0,0,0,0,43.6940498352051,2.84506773948669,30.7004127502441,0,35.0831862858364,0,0,0,36.7361297607422,0,3.92411186369203,0,0,0,41.1423034667969,0,0,5.21734670149412,0,0,0,0,0,0,0,0,0,48.5424575805664,0,3.77258510059781,0,3.59576271999365,3.12654059410095,5.48831071355986,0,4.90242554840402,3.88091476709226,2.88526776858739,16.8483659522174,0,0
40.5156536102295,18.7296039581299,0,27.6047446511009,0,0,0,0,0,9.53099080972504,0,3.71026573688574,0,0,0,0,0,0,72.2476437886556,3.38043852017317,0,3.86420360065642,0,5.13556051482268,0,0,0,3.53542999331631,0,3.1196190839722,0,0,0,5.12302552972521,7.15011356274287,5.42913451711665,0,0,9.04860463001631,53.7062225341797,0,11.0269557670627,0,0,0,18.937556330363,0,8.33499421513378,34.1999282836914,5.52076339419536,0,0,0,0,40.9524002075195,12.0943660259247,0,4.6543335391013,0,0,0,0,9.67655643930403,0,3.74776958389047,0,5.722246023215,34.0897346072727,10.4582002379678,0,3.62090798941526,0,3.4921062412262,0,0,0,5.32217542330424,0,8.77934347920948,0,5.14173281950921,25.5403320139105,7.21073554956605,3.02746184666952,9.49629927418896,9.67435661951701,0
19.3853776973227,44.8856169732062,0,55.5030290704024,0,0,0,0,8.89640517234802,41.0503477616744,3.29741789469602,0,0,0,0,0,0,0,64.7788619995117,0,4.94527922465107,0,6.78321984769969,36.9478009541829,4.68502410047195,0,0,0,4.91776847839355,0,3.36984256085228,0,0,5.83603092218057,3.62975467954363,0,5.00681326204679,9.04860463001631,0,80.6587956746419,0,50.098753122183,22.8444913673401,0,0,62.4311774117606,9.13588094711304,8.81070412348947,9.18588206195092,26.174589320364,0,0,0,0,8.23195095289321,60.1984329223633,4.07038444578301,46.0923628807068,0,0,0,0,0,7.68573205349809,0,4.62332059277429,34.5998331069946,5.80257566114557,0,0,0,3.01160456195022,0,3.6705471249442,0,0,4.48369003811928,3.04081123126181,75.5822830200195,5.27790184963581,6.02114389570136,5.02560134611869,7.60676961157319,3.66787686347961,26.0397795685722,0,0
48.4692344665527,26.2623850958688,51.3536415100098,32.5761787323725,0,39.2092132568359,0,0,0,56.0317401885986,0,0,0,0,0,0,66.4198774927082,58.5285812073768,41.8712748582481,36.6249940872192,0,0,0,0,0,0,0,0,0,0,0,0,0,20.6020288467407,0,8.08577084541321,0,53.7062225341797,80.6587956746419,0,70.8807468414307,19.9505319086934,60.9769647932544,19.1846607949999,0,15.9239740327341,66.1895943973841,17.4158332711559,51.3263053894043,13.8381989804159,0,36.1190936565399,0,0,76.835693359375,0,135.339706420898,44.1745692158605,0,0,0,0,11.9268671834571,75.1202697753906,0,0,0,0,59.4410972595215,0,0,0,47.2026574666263,77.3839233398437,0,0,0,0,36.1699173624152,78.3958320617676,54.0666712624686,84.07839012146,40.825729637409,0,13.7763431847174,22.4282989341286,58.2458805508084
37.8655738830566,0,36.6878839111328,0,27.966344833374,0,0,0,42.6783981323242,0,0,0,0,0,0,0,60.1019377376944,64.9940149784088,40.9573501974849,0,37.6823959350586,0,0,0,0,0,0,0,0,0,0,0,0,0,0,0,0,0,0,70.8807468414307,0,58.2713055080838,17.311397147164,0,0,66.0069911263206,9.79303373794556,0,6.28526244032274,0,37.6300853729248,0,0,0,50.0973973955427,0,43.8970276832581,63.2044194539388,0,0,0,0,111.203475952148,4.76139120226321,0,0,0,49.9750938415527,0,0,0,0,86.2400588989258,44.9417687291684,0,0,0,0,76.109006727064,8.07586935650219,71.5861759185791,38.9081329345703,38.966664632851,34.3038101196289,15.300103065841,51.3486983776093,17.3131894526509
67.7485790252686,16.8025003739379,37.0155029296875,29.2345979448775,0,38.2810211181641,0,0,0,6.37885465245498,0,0,0,0,0,0,57.649935363175,48.4080594851149,30.7964935895868,40.7740947723389,0,0,0,28.0040245056152,0,0,0,0,0,0,0,0,0,0,0,0,0,11.0269557670627,50.098753122183,19.9505319086934,58.2713055080838,0,14.6643141430268,15.1252897024155,0,28.7021458715547,58.5781800196721,17.2669550975164,15.7623972390827,11.8211046778338,0,40.6617747715541,0,0,0,19.4137246608734,111.03995513916,15.2226468344798,0,0,0,22.9004039764404,23.2975258425479,0,0,0,0,50.1883125305176,37.7278823852539,0,0,0,16.0888976763084,59.4356600443522,0,0,0,0,24.0819515933642,62.878815536499,40.7400581095852,62.0212720235189,20.9363387296205,0,17.6753149581148,13.1083495637645,45.1634962081909
18.4001404898507,0,34.545296014524,53.6477851867676,38.1899578696803,0,0,0,12.6524543062846,0,0,0,0,0,0,0,47.4547006777017,53.3630796238996,24.6511799703313,0,38.4139808307995,0,0,0,46.8936971028646,0,0,0,0,0,0,0,0,0,18.3901425770351,0,0,0,22.8444913673401,60.9769647932544,17.311397147164,14.6643141430268,0,0,0,55.6561773892107,19.6721433071842,10.0281831070229,13.9778797470831,53.4498023986816,43.1039767861366,0,0,0,32.3679902126049,0,20.8667080001769,67.3295538766044,37.5459747314453,0,38.2571105957031,0,0,22.6568665462991,0,37.8628845214844,0,26.6226754692885,0,0,0,0,56.3845497131348,21.2439613533504,0,0,0,0,66.2686461407205,19.8313707931378,66.966175503201,33.8551652754924,17.0728227208509,27.9849985524228,16.8101524541068,43.7529744098061,17.8177552117366
0,0,0,22.3527191162109,0,0,0,0,0,0,0,0,0,0,0,0,80.1888707478841,0,21.7359371185303,0,0,0,0,0,0,0,0,0,0,0,0,0,0,0,0,0,0,0,0,19.1846607949999,0,15.1252897024155,0,0,0,14.6966284199765,0,0,0,0,0,0,0,0,0,0,0,27.1514720916748,0,0,0,0,23.6791543960571,0,0,0,0,0,0,0,0,0,32.9471130371094,0,0,0,0,0,27.5519766807556,0,34.7322470347087,0,26.8038209676743,0,16.9636654315456,17.6306556065877,0
0,0,0,0,0,0,0,0,0,0,0,0,0,0,0,0,0,0,0,0,0,0,0,0,0,0,0,0,0,0,0,0,0,0,0,0,0,0,0,0,0,0,0,0,0,0,0,0,0,0,0,0,0,0,0,0,0,0,0,0,0,0,0,0,0,0,0,0,0,0,0,0,0,0,0,0,0,0,0,0,0,0,0,0,20.3091077804565,0,0
44.9160785675049,20.6685570610894,0,17.8331859642916,0,24.870849609375,0,0,0,23.5858790079753,0,0,0,0,0,0,57.3695674636989,55.205847027658,36.4429350533087,18.3618859291077,0,0,0,0,0,0,0,0,0,0,0,0,0,0,0,12.4982063293457,0,18.937556330363,62.4311774117606,15.9239740327341,66.0069911263206,28.7021458715547,55.6561773892107,14.6966284199765,0,0,59.2485323319068,0,0,35.0634882080723,0,26.1362634546616,0,0,0,26.1192102432251,0,26.7584869760045,0,0,0,61.5009117126465,6.82084503969063,63.6436386108398,0,0,0,66.2756881713867,0,0,0,0,30.8761233949661,0,0,0,0,0,18.7525659178272,67.6248620351156,16.8666866129159,78.4035780770438,30.5473808915349,0,18.2037540448265,32.6258942286173,65.9411754608154
20.4085460964002,58.128556060791,22.2038547448945,81.7783050537109,29.1577796936035,0,0,0,32.6280250549316,0,0,0,0,0,0,0,57.3742613250956,56.8193443163369,40.7486055183145,0,28.2304101270788,0,0,0,0,0,0,0,0,0,0,0,0,0,0,0,43.6940498352051,0,9.13588094711304,66.1895943973841,9.79303373794556,58.5781800196721,19.6721433071842,0,0,59.2485323319068,0,64.1382751464844,29.1929828807561,0,30.0403554836909,0,0,0,37.023960980502,0,32.1467986497723,66.201880645752,0,0,0,0,65.9046783447266,11.5754467060602,0,0,0,42.4496849060059,0,0,0,0,68.6790017022027,34.367717494626,0,0,0,0,72.0797241834494,16.7108095691918,71.9347395645945,23.1179077588311,35.3728517760461,31.9346367972238,21.2559906931704,60.8389515686035,37.3289982143201
0,23.4503955841064,60.2231044769287,53.752010345459,0,0,0,0,0,32.0759811401367,0,0,0,0,0,0,0,0,0,60.8445281982422,0,0,19.98977394104,23.6505352656047,22.0452480316162,0,0,0,0,0,0,6.82377337981575,5.32036268114049,5.62776090887226,5.01316641331778,3.11804908116659,2.84506773948669,8.33499421513378,8.81070412348947,17.4158332711559,0,17.2669550975164,10.0281831070229,0,0,0,64.1382751464844,0,9.21214397705311,9.35644038144721,63.6396217346191,0,0,0,63.7714767456055,0,0,0,0,0,0,0,47.5628089904785,0,24.1136531829834,18.5675917125884,23.6968002319336,22.0607016245524,24.9667072296143,0,0,0,0,0,6.06221934860068,5.38728038260811,5.8447863591851,5.94823808407565,5.21776974654337,2.72655200958252,14.8403924374353,11.9106094872398,6.53535757213652,0,15.6846018767651,0,0
5.87939682654803,67.8647994995117,20.7449292463201,63.6380786895752,27.5203540802002,0,0,0,14.1286657582159,0,0,0,0,0,0,0,59.7443513870239,58.4474296569824,39.9086960383824,0,27.3202419281006,0,0,0,18.4007353101458,0,0,0,0,0,0,12.2942448398523,0,14.8432752169096,26.2109274069468,0,30.7004127502441,34.1999282836914,9.18588206195092,51.3263053894043,6.28526244032274,15.7623972390827,13.9778797470831,0,0,0,29.1929828807561,9.21214397705311,0,11.5266671218974,33.8074244623599,0,0,0,25.3317491231963,0,11.5512827396393,0,0,0,5.48865461349487,0,0,40.1048650741577,0,17.7410049438477,36.9026298522949,19.4466726889977,0,0,0,0,0,23.9270923851043,11.909601688385,0,0,0,84.8827260335286,9.86088295530474,37.2737102508545,10.9716625252327,7.34850272967599,19.213524500529,14.6498168128909,56.1535835266113,23.458084487915
49.1059277852376,9.10463337751402,0,10.3256336316934,0,58.0433731079102,0,0,0,8.31363102793694,0,0,0,0,0,0,0,0,54.0221633911133,38.2672403653463,0,5.16358901247566,38.7376461029053,7.41958948988352,38.2576055526733,0,0,0,0,0,0,7.5474703839717,4.62750029563904,10.03632796329,17.875026345253,5.24534585399012,0,5.52076339419536,26.174589320364,13.8381989804159,0,11.8211046778338,53.4498023986816,0,0,35.0634882080723,0,9.35644038144721,11.5266671218974,0,0,41.8165111541748,0,0,0,5.07706781796047,56.4463958740234,8.43844718982776,0,2.9653373559316,0,4.13906237012462,39.1906585693359,0,4.41939101521931,34.3753719329834,7.51032027167891,36.1939016229966,10.4940924363978,0,0,0,23.2483396828175,0,8.31345715522766,0,0,0,8.09307817428228,0,5.5876469453517,27.4133679473284,10.7954813248389,0,13.6521570448365,15.7778186798096,0
0,0,8.3789554266105,0,3.28422030254647,0,0,0,0,0,0,0,0,0,3.99102560182412,0,0,65.7032699584961,46.482479095459,0,12.6121237796286,0,0,0,0,0,0,0,0,0,0,0,0,0,77.2076416015625,0,35.0831862858364,0,0,0,37.6300853729248,0,43.1039767861366,0,0,0,30.0403554836909,63.6396217346191,33.8074244623599,0,0,0,0,0,0,0,6.23096607903303,0,2.96243207931519,0,3.71487679746416,0,0,0,0,0,0,34.5992279052734,0,0,0,0,0,32.9500242233276,0,0,0,0,0,42.4875042324974,0,39.8086347579956,10.1093813336414,30.7537746429443,12.352688657073,0,0
0,0,0,6.30088415213511,0,4.16223708980055,0,0,0,0,0,5.61720468401909,0,0,0,0,77.3080291748047,0,66.8927040100098,8.19233435903277,0,0,0,0,0,0,0,0,0,0,0,0,0,0,0,0,0,0,0,36.1190936565399,0,40.6617747715541,0,0,0,26.1362634546616,0,0,0,41.8165111541748,0,0,0,0,0,0,0,4.64333417098646,0,2.75145792961121,0,3.78073734173672,0,0,0,0,0,0,0,0,0,0,35.4984753926595,0,0,0,0,0,41.5446846008301,0,41.4369888305664,0,6.06324414597001,0,7.76486408798522,62.932445526123,0
0,0,0,0,0,0,0,0,0,0,0,0,0,0,0,0,0,0,0,0,0,0,0,0,0,0,0,0,0,0,0,0,0,0,0,0,0,0,0,0,0,0,0,0,0,0,0,0,0,0,0,0,0,0,0,0,0,0,0,0,0,0,0,0,0,0,0,0,0,0,0,0,0,0,0,0,0,0,0,0,0,0,0,0,0,0,0
0,0,0,0,0,0,0,2.86900186538696,0,0,0,0,0,0,0,0,0,0,0,0,0,0,0,0,0,0,0,0,0,0,0,0,0,0,0,0,0,0,0,0,0,0,0,0,0,0,0,0,0,0,0,0,0,0,0,0,0,0,0,0,0,0,0,0,0,0,0,0,0,0,0,0,0,0,0,0,0,0,0,0,0,0,2.91489570281085,0,0,0,0
5.16181688077414,0,11.1240169507153,0,0,0,0,0,3.8365289691925,0,0,0,0,0,0,0,0,0,56.5065822601318,0,13.7477460861206,0,0,0,3.57836843293045,0,3.57524752616882,0,0,0,0,0,0,0,0,0,36.7361297607422,40.9524002075195,8.23195095289321,76.835693359375,50.0973973955427,0,32.3679902126049,0,0,0,37.023960980502,63.7714767456055,25.3317491231963,0,0,0,0,0,0,0,26.7208701542446,0,0,0,3.50250582134022,0,0,0,0,0,0,4.640869351453,0,0,0,0,0,30.8191515604655,0,0,0,0,98.8221893310547,44.8917857276069,0,19.5672690357481,10.634073081689,35.2172088623047,12.6163280627257,0,0
0,4.6693982289532,0,6.19373447554452,0,0,0,0,0,3.82633254969008,0,0,0,0,0,0,0,0,0,0,0,0,0,3.09858793478746,0,0,0,0,0,0,0,0,0,0,0,0,0,12.0943660259247,60.1984329223633,0,0,19.4137246608734,0,0,0,26.1192102432251,0,0,0,5.07706781796047,0,0,0,0,0,0,0,28.2078762054443,0,0,0,4.35564173749975,0,0,0,0,3.43883986792094,0,3.58009403944016,0,0,0,0,0,0,0,0,0,38.5468254089355,0,7.96047408516343,0,4.52711733182271,0,16.8962072815214,0,0
16.9962232112885,0,22.7019400389298,0,13.7680925369263,0,0,0,21.1859661102295,0,3.77640022181698,0,0,0,0,0,55.491820199149,50.1448389689128,41.8386247781607,0,3.93793005488997,0,0,0,22.9011096954346,0,0,0,0,0,3.02954928080241,0,0,0,0,0,3.92411186369203,0,4.07038444578301,135.339706420898,43.8970276832581,111.03995513916,20.8667080001769,0,0,0,32.1467986497723,0,11.5512827396393,56.4463958740234,6.23096607903303,0,0,0,26.7208701542446,0,0,0,3.42886497390767,0,4.68463681725895,0,0,7.48171568272719,0,0,0,21.7746596085398,0,0,0,0,0,10.2899005784617,0,0,0,0,74.5585536956787,43.6182555244082,0,23.3057087085865,19.5163425567339,26.9008407592773,10.9718448347067,49.0091857910156,28.1354988945855
0,18.9990940521012,0,20.8009102358761,0,4.85851427985401,0,0,0,20.1039736270905,0,4.69286961280921,0,3.53329081741791,0,0,76.1634916825728,60.2315741402762,34.2475901522879,5.43587905395402,0,0,0,0,0,0,0,3.67210886819022,0,5.08619212020527,0,0,0,0,0,7.29393467611196,0,4.6543335391013,46.0923628807068,44.1745692158605,63.2044194539388,15.2226468344798,67.3295538766044,27.1514720916748,0,26.7584869760045,66.201880645752,0,0,8.43844718982776,0,4.64333417098646,0,0,0,28.2078762054443,0,0,0,3.34872602621714,0,2.75227904319763,6.78145354386411,0,0,0,0,55.6501398086548,0,0,4.21125586827596,0,7.3159323260005,0,0,0,0,0,44.2294954492691,83.7855224609375,42.1465967178345,53.9767150878906,15.7180790687299,0,14.5251121767273,14.3510417562642,50.3161354064941
0,0,4.68878674649481,0,5.65586566925049,0,0,0,0,0,3.07077485022785,0,2.97602432250977,0,0,0,0,0,71.0112228393555,0,0,0,0,0,0,0,0,0,0,0,0,0,0,0,0,0,0,0,0,0,0,0,37.5459747314453,0,0,0,0,0,0,0,2.96243207931519,0,0,0,0,0,3.42886497390767,0,0,0,0,0,0,0,0,0,0,0,0,0,0,0,0,0,0,0,0,0,0,38.7575607299805,0,0,0,0,9.9539812233137,0,0
0,0,0,3.95726595761684,0,0,0,2.86747430801392,0,0,0,3.13258987102868,0,3.51439897067583,0,3.10436494533832,0,0,0,0,0,0,0,0,0,0,0,0,0,0,0,0,0,0,0,0,0,0,0,0,0,0,0,0,0,0,0,0,0,2.9653373559316,0,2.75145792961121,0,0,0,0,0,3.34872602621714,0,0,0,2.96184015274048,0,0,0,0,0,0,0,0,0,0,0,0,0,0,0,0,0,0,0,0,3.2707300932944,3.45894277095795,4.57923536300659,0,0
3.71648779900178,0,5.56984266035396,0,4.6643961250782,0,0,0,3.65842241958036,0,0,0,3.00920402302462,0,3.38900551924834,0,3.15995311737061,0,0,0,0,0,0,0,0,0,4.42881560325623,0,0,0,0,0,0,0,0,0,41.1423034667969,0,0,0,0,0,38.2571105957031,0,0,0,0,0,5.48865461349487,0,3.71487679746416,0,0,0,3.50250582134022,0,4.68463681725895,0,0,0,0,0,0,0,0,0,0,0,0,0,0,0,0,0,0,0,0,0,0,39.2144470214844,0,39.1521263122559,3.19778443872929,0,7.20260620117188,0,0
0,4.09251395796166,0,3.62879854181538,0,3.91151756317385,0,4.84930467605591,0,4.03014985794245,0,0,0,3.09070712327957,0,2.87883071104685,0,13.1742855460898,58.3917770385742,0,0,0,0,3.77707516992247,0,2.79793584346771,0,0,0,0,0,0,0,0,0,0,0,0,0,0,0,22.9004039764404,0,0,0,61.5009117126465,0,0,0,4.13906237012462,0,3.78073734173672,0,0,0,4.35564173749975,0,2.75227904319763,0,2.96184015274048,0,0,0,0,0,0,2.73794031143188,0,0,0,0,0,0,0,0,0,0,0,0,0,0,0,8.27759476502736,3.16325684251456,20.8677612304688,0,0
0,0,0,29.7687816619873,0,3.82227435112,0,0,0,0,0,4.75143402863324,0,0,0,0,68.7071094512939,61.6952082316081,50.3565823127484,5.61559265396614,0,0,0,0,0,0,0,0,0,0,0,0,0,0,0,4.53159278203043,0,9.67655643930403,0,11.9268671834571,111.203475952148,23.2975258425479,0,23.6791543960571,0,6.82084503969063,65.9046783447266,47.5628089904785,0,39.1906585693359,0,0,0,0,0,0,0,6.78145354386411,0,0,0,0,0,0,0,0,0,0,0,0,0,0,8.91932315255684,0,0,0,0,0,6.12278942858516,0,10.2438627476514,0,14.6188601780963,0,7.51956538202403,13.7542957392606,0
30.6744976043701,0,9.70741844177246,0,0,0,0,0,0,0,2.92727159227644,0,0,0,0,0,64.749005317688,64.3106899261475,55.3221165583684,0,4.56284182629205,0,0,0,0,0,0,0,0,0,0,0,0,0,0,0,5.21734670149412,0,7.68573205349809,75.1202697753906,4.76139120226321,0,22.6568665462991,0,0,63.6436386108398,11.5754467060602,0,40.1048650741577,0,0,0,0,0,0,0,7.48171568272719,0,0,0,0,0,0,0,0,0,0,0,0,0,0,0,80.4271011352539,8.61947069030542,0,0,0,0,77.6879577636719,10.1143573798965,0,10.1601066749153,5.78969222155744,29.5362644195557,10.6704572389374,0,76.3550109863281
0,0,0,0,0,0,0,0,0,0,0,0,0,0,0,0,0,0,0,0,0,3.8511059921169,0,9.27106454372406,0,0,0,0,0,0,0,0,0,0,0,0,0,3.74776958389047,0,0,0,0,0,0,0,0,0,24.1136531829834,0,4.41939101521931,0,0,0,0,0,0,0,0,0,0,0,0,0,0,0,0,9.2816801071167,0,0,0,0,0,0,0,0,0,0,0,0,0,3.51134802518266,0,4.519863538253,7.284667337642,0,0,0
0,54.7001266479492,0,0,0,0,0,0,0,0,0,0,0,0,0,0,0,0,0,0,0,0,3.84731321861825,0,6.87816468433098,0,2.94767940044403,0,2.96139032093447,0,0,0,0,0,0,0,0,0,4.62332059277429,0,0,0,37.8628845214844,0,0,0,0,18.5675917125884,17.7410049438477,34.3753719329834,0,0,0,0,0,0,0,0,0,0,0,0,0,0,0,0,0,5.81094820129011,0,0,0,2.73596382141113,0,98.0473098754883,0,0,0,0,0,0,0,5.36318138227688,5.27849222616716,8.31876894143912,40.0683078765869,0,0
0,0,0,0,0,0,0,0,0,0,0,0,0,0,0,0,0,0,0,0,0,8.59292654823839,0,3.72262680101738,0,0,0,0,0,0,0,0,0,0,0,0,0,5.722246023215,34.5998331069946,0,0,0,0,0,0,0,0,23.6968002319336,36.9026298522949,7.51032027167891,0,0,0,0,0,3.43883986792094,0,0,0,0,0,2.73794031143188,0,0,9.2816801071167,0,0,45.98046875,3.10538179928084,0,0,0,0,0,0,0,0,0,0,0,6.04451286445544,38.4241800308228,19.6002734689152,0,7.58794110335103,0,0
14.6447789452293,51.2447299957275,23.0704070499965,65.6564903259277,35.0951461791992,0,0,0,4.55512307240413,49.325984954834,0,0,0,0,0,0,73.7807312011719,144.886947631836,59.6146183013916,0,0,0,10.7343685483574,0,3.06981208281308,0,3.45552486419678,0,0,0,0,0,0,33.233757019043,0,0,0,34.0897346072727,5.80257566114557,0,49.9750938415527,50.1883125305176,26.6226754692885,0,0,66.2756881713867,42.4496849060059,22.0607016245524,19.4466726889977,36.1939016229966,34.5992279052734,0,0,0,4.640869351453,0,21.7746596085398,55.6501398086548,0,0,0,0,0,0,0,5.81094820129011,45.98046875,0,0,6.75702953338623,0,0,0,0,0,0,0,0,0,71.8513412475586,36.9310994148254,6.75218113464489,10.6955221611776,35.9126358032227,25.2781962156296,0,9.24307060241699
0,0,0,0,0,0,0,0,0,3.56166005134583,0,0,0,0,0,0,110.311599731445,4.67852955545698,0,0,0,3.98047374627169,0,3.69573373007774,0,3.16212162701225,0,3.76372909545898,0,0,0,0,0,0,0,0,0,10.4582002379678,0,59.4410972595215,0,37.7278823852539,0,0,0,0,0,24.9667072296143,0,10.4940924363978,0,0,0,0,0,3.58009403944016,0,0,0,0,0,0,0,0,0,0,3.10538179928084,0,0,0,3.15207349976828,0,0,0,0,0,0,0,0,0,10.6386381387711,0,7.08960236693328,0,10.4896672793797,0,0
0,0,0,0,0,0,0,0,0,0,0,0,0,0,0,0,2.96603488922119,0,0,0,0,0,0,0,6.522705078125,0,3.05641149956247,0,3.07965619685286,0,0,0,0,0,0,0,0,0,0,0,0,0,0,0,0,0,0,0,0,0,0,0,0,0,0,0,0,0,0,0,0,0,0,0,0,0,0,6.75702953338623,0,0,0,4.23365604877472,0,0,0,0,0,0,0,0,0,0,3.49040871858597,0,0,0,0
0,0,0,0,0,0,0,0,0,0,0,3.59209144115448,0,0,0,0,0,3.2095063328743,0,0,0,0,0,0,0,3.58517067432404,0,3.36463676152691,0,3.43949845858983,0,0,0,0,0,0,0,3.62090798941526,0,0,0,0,0,0,0,0,0,0,0,0,0,0,0,0,0,0,0,4.21125586827596,0,0,0,0,0,0,0,0,0,0,3.15207349976828,0,0,0,4.21641826629639,0,0,0,0,0,0,0,0,0,2.922862008214,0,0,0,0
0,0,0,0,0,0,0,0,0,0,3.09651443082043,0,6.09600114822388,0,0,0,0,0,0,0,0,0,2.96121883392334,0,0,0,0,0,3.1414864402771,0,5.76749667888734,0,0,0,0,0,0,0,3.01160456195022,0,0,0,0,0,0,0,0,0,0,0,0,0,0,0,0,0,0,0,0,0,0,0,0,0,0,2.73596382141113,0,0,0,4.23365604877472,0,0,0,3.09573837069722,0,0,0,0,0,0,0,3.27689265069507,3.1738431930542,0,0,0,0
0,21.8203627904256,0,24.8035681724548,0,0,0,0,0,27.7905187606812,0,3.63477284113566,0,0,0,0,66.7808849334717,58.7238661937225,33.424480610324,6.96139883995056,0,0,0,0,0,0,0,3.89935600757599,0,3.05699456154883,0,0,0,0,0,0,0,3.4921062412262,0,47.2026574666263,86.2400588989258,16.0888976763084,56.3845497131348,32.9471130371094,0,30.8761233949661,68.6790017022027,0,0,23.2483396828175,0,35.4984753926595,0,0,0,0,0,7.3159323260005,0,0,0,0,8.91932315255684,80.4271011352539,0,0,0,0,0,0,4.21641826629639,0,0,70.0489501953125,0,0,0,0,49.4511378267978,97.0209465026855,15.9962319486281,0,21.5593882340651,0,20.4304760219666,17.0447621832799,51.5879077911377
20.7968242645264,0,23.8320896495472,0,31.9528973897298,0,0,0,16.8124623298645,0,6.26472864548365,0,0,0,0,0,60.1245407777674,69.0795631408691,37.0064715357388,0,32.0568646022252,0,0,0,0,0,0,0,2.84797865152359,0,2.85322394967079,0,0,0,0,0,48.5424575805664,0,3.6705471249442,77.3839233398437,44.9417687291684,59.4356600443522,21.2439613533504,0,0,0,34.367717494626,0,23.9270923851043,0,32.9500242233276,0,0,0,30.8191515604655,0,10.2899005784617,0,0,0,0,0,0,8.61947069030542,0,98.0473098754883,0,0,0,0,0,3.09573837069722,70.0489501953125,0,0,0,0,0,75.0163497924805,49.6534569446857,0,72.6893742879232,21.1406106371069,0,12.1697703628333,0,18.6806515234488
0,0,0,0,0,0,0,0,0,0,0,0,0,0,0,0,0,0,0,0,0,0,0,0,0,0,0,0,0,0,0,5.62501670128454,3.05527741318449,14.8622973987034,4.30466103553772,5.75885246843698,0,0,0,0,0,0,0,0,0,0,0,6.06221934860068,11.909601688385,8.31345715522766,0,0,0,0,0,0,0,0,0,0,0,0,0,0,0,0,0,0,0,0,0,0,0,0,0,4.90515880621681,6.97401931745197,4.454907851749,3.26081556998766,0,0,0,3.40974995084837,0,0,0,0
0,0,0,0,0,0,0,0,0,0,0,0,0,0,0,0,0,0,0,0,0,0,0,0,0,0,0,0,0,0,0,4.82607281760122,3.85892457432217,0,0,0,3.77258510059781,0,0,0,0,0,0,0,0,0,0,5.38728038260811,0,0,0,0,0,0,0,0,0,0,0,0,0,0,0,0,0,0,0,0,0,0,0,0,0,0,4.90515880621681,0,4.42551727294922,6.8383969682954,0,5.94728599179466,0,0,0,0,0,0,0
0,0,0,0,0,0,0,0,0,0,0,0,0,0,0,0,0,0,0,0,0,0,0,0,0,0,0,0,0,0,0,4.2264501452446,2.77603248755137,4.59958724178666,5.18063932526185,10.2939482469432,0,5.32217542330424,4.48369003811928,0,0,0,0,0,0,0,0,5.8447863591851,0,0,0,0,0,0,0,0,0,0,0,0,0,0,0,0,0,0,0,0,0,0,0,0,0,0,6.97401931745197,4.42551727294922,0,4.77637837054956,6.3131335570969,0,5.09197410263798,0,5.23823501185367,0,0,0,0
0,0,0,0,0,0,0,0,0,0,0,0,0,0,0,0,0,0,0,0,0,0,0,0,0,0,0,0,0,0,0,4.69427352481418,14.4967489242554,4.43176037967963,3.62555484624173,0,3.59576271999365,0,3.04081123126181,0,0,0,0,0,0,0,0,5.94823808407565,0,0,0,0,0,0,0,0,0,0,0,0,0,0,0,0,0,0,0,0,0,0,0,0,0,0,4.454907851749,6.8383969682954,4.77637837054956,0,0,3.94114186334953,0,3.43234022042548,3.314844068728,0,0,0,0
58.5353368123372,30.4647867862995,82.8139724731445,34.1396341323853,0,40.6411399841309,0,0,0,40.3416061401367,0,5.09271305935983,0,0,0,0,66.5714993316136,63.0244052391353,45.0239444348972,4.95834181979745,0,0,0,0,0,0,0,0,0,0,0,3.67595233415302,2.83353522845677,7.30665837672719,0,5.15404077833279,3.12654059410095,8.77934347920948,75.5822830200195,36.1699173624152,76.109006727064,24.0819515933642,66.2686461407205,27.5519766807556,0,18.7525659178272,72.0797241834494,5.21776974654337,84.8827260335286,8.09307817428228,0,41.5446846008301,0,0,98.8221893310547,38.5468254089355,74.5585536956787,44.2294954492691,0,0,0,0,6.12278942858516,77.6879577636719,0,0,0,0,0,0,0,0,49.4511378267978,75.0163497924805,3.26081556998766,0,6.3131335570969,0,0,82.2453746795654,6.7246095564785,84.7195816040039,35.7815224829873,3.3017520374722,27.0564953613612,23.696333490569,69.3044429578279
27.223840193315,96.2356185913086,35.760294702318,59.2874221801758,37.8028526306152,0,0,0,0,0,0,0,0,0,0,0,63.8525599115545,67.8084106844757,44.7530211393048,0,8.3036426243844,0,0,0,58.13818359375,0,0,0,0,0,0,0,2.8671662012736,0,5.98796263161828,4.36303714307097,5.48831071355986,0,5.27790184963581,78.3958320617676,8.07586935650219,62.878815536499,19.8313707931378,0,0,67.6248620351156,16.7108095691918,2.72655200958252,9.86088295530474,0,42.4875042324974,0,0,0,44.8917857276069,0,43.6182555244082,83.7855224609375,38.7575607299805,0,39.2144470214844,0,0,10.1143573798965,0,0,0,71.8513412475586,0,0,0,0,97.0209465026855,49.6534569446857,0,5.94728599179466,0,3.94114186334953,82.2453746795654,0,75.6612396240234,7.04237029527538,37.302140456527,23.4793172942268,16.7416387725721,59.8498458862305,21.7249662191218
