0,0,0.149254417279735,0,0,0,0,0,0.138747616511517,0,0,0,0,0,0,0,0.294251799583435,0.333852455019951,0.270671976718513,0,0,0,0,0,0,0,0,0,0,0,0,0,0,0,0,0,0,0,0,0,0.356852404773235,0,0,0,0,0,0.350081436699483,0,0.204556575096161,0,0,0,0,0,0.148486077826961,0,0,0,0,0,0.157185898472865,0,0,0.313139116764069,0,0,0,0,0,0,0,0,0,0,0,0,0,0,0,0.353823603391647,0,0,0.288204673936952,0,0.299469325610477,0,0
0,0,0,0.197239429073434,0,0,0,0,0,0.136498930167269,0,0,0,0,0,0,0,0,0,0,0,0,0,0.127161219716072,0,0,0,0,0,0,0,0,0,0,0,0,0,0.133761743704478,0,0,0,0.483380361665766,0,0,0,0.435617685317993,0,0,0,0.223541252501309,0,0,0,0,0,0.16778918666747,0,0,0,0,0,0.15502384508198,0,0,0,0,0.109319491311908,0,0,0,0,0,0.388721853494644,0,0,0,0,0,0,0,0,0,0.184050213251617,0,0.279311740009988,0.286469846963882,0
0.149254417279735,0,0,0,0.160212221518889,0,0,0,0.137966101299089,0,0,0,0,0,0,0,0,0,0,0,0.169550970196724,0,0,0,0,0,0,0,0,0,0,0,0,0,0,0,0.214735599664541,0,0,0,0.26239344663918,0,0.269597135484219,0,0,0,0.253774608884539,0.273378252983093,0.142676940434668,0,0.185655038356781,0,0,0,0.141688228485749,0,0,0,0.168802093714476,0,0.115231946110725,0,0,0,0,0,0,0,0,0,0,0,0,0,0,0,0,0,0,0.275912335515022,0,0.233509495854378,0.232467916419451,0,0.194057807010614,0,0.240476049482822
0,0.197239429073434,0,0,0,0.189333081232963,0,0,0,0.14092997478751,0,0,0,0,0,0,0,0.292791396379471,0.289356008172035,0.253434156998992,0,0,0,0,0,0,0,0,0,0,0,0,0,0,0,0.213205620646477,0,0,0,0.240127381525542,0,0.311797525641347,0,0.306684225797653,0,0.239672051535712,0,0,0,0.18799171353012,0,0.255485411443396,0,0,0,0.169068220630288,0,0.280997921313558,0,0.276263598691333,0,0.216326427053322,0.280637323856354,0,0,0,0,0,0,0,0,0,0,0,0,0,0,0,0.260334412966456,0,0.264129012823105,0,0.222687565235912,0.167606353759766,0.246830724658413,0.330322111646334,0
0,0,0.160212221518889,0,0,0,0,0,0.174888856709003,0,0,0,0,0,0.163966745138168,0,0,0,0,0,0.159266361168453,0,0,0,0,0,0,0,0,0,0,0,0,0,0,0,0.214655465201328,0,0,0,0,0,0,0,0,0,0,0,0,0,0.199513560688158,0,0.169599968526098,0,0.179573441545169,0,0,0,0,0,0.175915915518999,0,0,0,0,0,0,0,0,0,0,0,0,0,0,0,0,0,0,0.20572312772274,0,0,0.179074872817312,0,0.18508709029914,0,0
0,0,0,0.189333081232963,0,0,0,0,0,0.181474936162603,0,0,0,0,0,0.173002482187457,0,0,0,0.194786916427974,0,0,0,0,0,0,0,0,0,0,0,0,0,0,0,0.198843594817888,0,0,0,0,0,0,0,0,0,0.244227111339569,0,0,0,0.137505739927292,0,0.209930767484924,0,0,0,0.201342798769474,0,0.243935910718782,0,0,0,0,0.205197293024797,0,0,0,0,0,0,0,0,0,0,0,0,0,0,0,0.226116024395999,0,0,0,0.180528578802041,0,0.193203339384774,0,0
0,0,0,0,0,0,0,0,0,0,0.118491843342781,0,0,0,0,0,0,0,0,0,0,0,0,0,0,0,0,0,0,0,0,0,0,0,0,0,0,0,0,0,0,0,0,0,0,0,0,0,0,0,0,0,0.141090354662601,0,0,0,0.122957100470861,0,0,0,0,0,0,0,0,0,0,0,0,0,0,0,0,0,0,0,0,0,0,0,0,0,0,0,0,0,0
0,0,0,0,0,0,0,0,0,0,0,0,0,0,0,0,0,0,0,0,0,0,0,0,0,0,0,0,0,0,0,0,0,0,0,0,0,0,0,0,0,0,0,0,0,0,0,0,0,0,0,0,0,0.197349537991815,0,0,0,0,0,0,0,0,0,0,0,0,0,0,0,0,0,0,0,0,0,0,0,0,0,0,0,0,0,0,0,0,0
0.138747616511517,0,0.137966101299089,0,0.174888856709003,0,0,0,0,0,0,0,0,0,0.154315318912268,0,0.183985346361347,0.164823871850967,0,0,0,0,0,0,0.171736158124388,0,0.144156178832054,0,0,0,0,0,0,0,0,0,0.213084451854229,0,0.194315507104903,0,0,0,0.154325798153877,0,0,0,0,0,0.177547752857208,0,0.159113464941239,0,0,0,0.197276752514598,0,0,0,0,0,0.16907614916563,0,0,0.227125689387321,0,0,0,0.207892150259935,0,0,0,0,0,0,0,0,0,0,0,0,0,0.226271992673477,0.16451821816199,0,0.158684868276526,0,0
0,0.136498930167269,0,0.14092997478751,0,0.181474936162603,0,0,0,0,0,0,0,0,0,0.154113522233212,0,0,0,0,0,0,0,0.196086893150629,0,0.126202471554279,0,0,0,0,0,0,0,0,0,0,0,0.192425651171433,0,0,0,0.187497744602816,0,0,0,0,0,0,0,0.160061402275012,0,0,0,0,0,0.188866533986525,0,0,0,0,0,0.140651665189687,0,0,0,0,0.242179325853403,0,0.119414238631725,0,0,0,0,0,0,0,0,0,0,0,0.272376695226249,0,0.158432178393654,0.165953107178211,0.140895073115826,0,0
0,0,0,0,0,0,0.118491843342781,0,0,0,0,0,0.15109252764119,0,0,0,0,0,0,0,0.129739695980365,0,0,0,0,0,0,0,0,0,0.130095064640045,0,0,0,0,0,0.120417786496026,0,0.114888729561459,0,0,0,0,0,0,0,0,0,0,0,0,0,0,0,0,0,0.18058338309554,0,0.142864501476288,0,0,0,0,0.15564112636176,0,0,0,0,0,0,0,0,0,0.17367827706039,0,0,0,0,0,0,0,0.116156081504682,0.13150290646187,0,0,0,0
0,0,0,0,0,0,0,0,0,0,0,0,0,0.15047439301418,0,0,0,0,0,0,0,0,0,0,0,0,0,0,0,0.151255032290583,0,0,0,0,0,0.141828471528632,0,0.140845874865209,0,0,0,0,0,0,0,0,0,0,0,0,0,0,0,0,0,0,0,0.197820848046847,0,0.140727251194991,0,0,0,0,0,0,0,0,0,0,0,0,0.230535607252802,0,0,0,0,0,0.162193086743355,0,0.134496799537114,0,0.152835342478245,0,0.248037911951542,0,0
0,0,0,0,0,0,0,0,0,0,0.15109252764119,0,0,0,0.185218378562819,0,0,0,0,0,0,0,0,0,0,0,0,0,0.134580984711647,0,0,0,0,0,0,0,0,0,0,0,0,0,0,0,0,0,0,0,0,0,0,0,0,0,0,0,0,0,0.164743201834136,0,0.216136691142928,0,0,0,0,0,0,0,0,0.223347514867783,0,0,0,0,0,0,0,0,0,0,0,0,0.145508155226707,0,0,0,0
0,0,0,0,0,0,0,0,0,0,0,0.15047439301418,0,0,0,0.142871384225462,0,0,0,0,0,0,0,0,0,0,0,0.124764449894428,0,0,0,0,0,0,0,0,0,0,0,0,0,0,0,0,0,0,0,0,0,0,0,0,0,0,0,0,0,0.166100189089775,0,0.138301533392885,0,0.159508563139859,0,0,0,0,0,0,0.189297532041868,0,0,0,0,0,0,0,0,0,0,0,0,0,0.123653829097748,0.151938130458196,0,0,0
0,0,0,0,0.163966745138168,0,0,0,0.154315318912268,0,0,0,0.185218378562819,0,0,0,0,0,0,0,0,0,0,0,0,0,0,0,0,0,0,0,0,0,0,0,0,0,0,0,0,0,0,0,0,0,0,0,0,0,0.169678866863251,0,0,0,0.197184160351753,0,0,0,0.203736422917782,0,0.207827849922204,0,0,0,0,0,0,0,0,0,0,0.152036845684052,0,0,0,0,0,0,0,0,0,0,0,0,0,0,0
0,0,0,0,0,0.173002482187457,0,0,0,0.154113522233212,0,0,0,0.142871384225462,0,0,0,0.159751242958009,0,0,0,0,0,0,0,0,0,0,0,0,0,0,0,0,0,0,0,0,0,0,0,0,0,0,0,0,0,0,0,0.201804229058325,0,0,0,0,0,0,0,0,0,0.187999220056967,0,0.173713242099301,0,0,0,0,0,0,0.184255197644234,0,0,0,0,0,0,0,0,0,0,0,0,0,0.146408873506718,0,0,0,0
0.294251799583435,0,0,0,0,0,0,0,0.183985346361347,0,0,0,0,0,0,0,0,0.177834908648237,0.312592668232275,0,0,0,0.100696812694271,0.185232624411583,0,0.165583893656731,0.108093677989898,0,0,0,0,0,0,0,0,0,0,0,0,0.281163971622785,0.321365281487956,0.235263257686581,0.275592761348795,0.266073029774886,0.2865828565721,0.266127477089564,0.331552624150559,0,0.258997410535812,0,0,0,0,0,0,0,0,0,0,0,0,0,0.300952479243279,0.306311719119549,0,0,0,0,0,0,0,0,0,0,0,0,0,0,0.285349412096871,0.336293849815317,0.317809745669365,0.367402739822865,0.183520764883451,0.153761335855683,0.311957704806262,0.204672609766324,0.285190439886517
0.333852455019951,0,0,0.292791396379471,0,0,0,0,0.164823871850967,0,0,0,0,0,0,0.159751242958009,0.177834908648237,0,0.333779813373275,0,0,0,0,0.191017001867294,0,0.145634665489197,0,0,0,0,0,0,0,0,0,0,0,0,0,0.305813922467878,0.311509944498539,0.266647383639658,0.286931986920536,0.299299235973093,0.270121021403207,0.318304700510842,0.321957121789455,0,0,0,0,0,0,0,0,0,0,0,0,0,0,0,0.309828843921423,0,0,0,0,0,0.144394558980877,0,0,0,0,0,0,0,0,0,0.322113500701057,0.337491905689239,0.336177863180637,0.354296952486038,0.187210309048174,0.137744955740367,0.315761664454241,0.272492244191792,0.332135915756226
0.270671976718513,0,0,0.289356008172035,0,0,0,0,0,0,0,0,0,0,0,0,0.312592668232275,0.333779813373275,0,0,0,0,0,0,0,0.316856652498245,0,0,0,0,0,0,0,0,0,0.24719550460577,0,0,0,0.340515526827802,0.321628957986832,0.245339691367614,0.256023172107752,0.30294845282333,0.268566025528189,0.372052601577456,0.356316047114702,0.301746726036072,0.272201806306839,0.250147972255945,0,0,0,0,0,0,0,0,0,0,0,0,0.338228101702407,0.305426796817261,0,0,0,0,0,0,0,0,0,0,0,0,0,0,0.337996196743165,0.351688043334042,0.356407405648913,0.363798220415373,0.273004423424038,0.267084132324266,0.32849093679783,0.244313655168779,0.252116310032638
0,0,0,0.253434156998992,0,0.194786916427974,0,0,0,0,0,0,0,0,0,0,0,0,0,0,0,0,0,0,0,0,0,0,0,0,0,0,0,0,0,0.179311159112834,0,0.17570274769418,0,0,0,0,0,0,0,0,0,0,0,0,0,0.204245063993666,0,0,0,0,0,0.234246727079153,0,0.276578277349472,0,0,0.200414102105802,0,0,0,0,0,0,0,0,0,0,0,0,0,0,0,0.228879734474633,0,0.21869520097971,0,0.160746754577724,0.151092238724232,0.264718167129017,0,0
0,0,0.169550970196724,0,0.159266361168453,0,0,0,0,0,0.129739695980365,0,0,0,0,0,0,0,0,0,0,0,0,0,0,0,0,0,0,0,0,0,0,0,0,0,0.15102270906687,0,0.215160751851594,0,0.213663190603256,0,0.245661333203316,0,0.302986606955528,0,0.287760659120977,0,0,0,0.208140620873088,0,0.142601951956749,0,0.157458618283272,0,0,0,0,0,0,0,0,0.231992965080461,0,0,0,0,0,0,0,0,0,0,0,0,0,0,0,0.18872020818213,0,0.224771957608718,0.157153115157158,0,0.228401766581969,0,0
0,0,0,0,0,0,0,0,0,0,0,0,0,0,0,0,0,0,0,0,0,0,0.077331505715847,0.176562870015638,0,0.198443338550903,0,0.155517311559783,0,0,0,0,0,0,0,0,0,0.123160960333199,0,0,0,0,0,0,0,0,0,0,0,0.114615666369597,0,0,0,0,0,0,0,0,0,0.269626438617706,0,0,0,0,0.183872674498668,0,0.206665508781693,0,0.258516469142016,0,0.246187191456556,0,0,0,0,0,0,0,0,0,0.15313329716975,0,0.107248209359992,0.119013414780299,0,0,0
0,0,0,0,0,0,0,0,0,0,0,0,0,0,0,0,0.100696812694271,0,0,0,0,0.077331505715847,0,0,0.158836187587844,0,0.140776095103543,0,0.126515723866959,0,0,0,0,0,0,0,0,0,0.188673681504541,0,0,0,0,0,0,0,0,0,0.28973263502121,0,0,0,0,0,0,0,0,0,0,0,0,0,0,0,0,0.179630944690596,0,0.219842781623205,0,0.232779945232323,0,0.315578031378823,0,0,0,0,0,0,0,0,0,0.308121675329331,0.088814364396967,0.103929494818052,0,0,0
0,0.127161219716072,0,0,0,0,0,0,0,0.196086893150629,0,0,0,0,0,0,0.185232624411583,0.191017001867294,0,0,0,0.176562870015638,0,0,0,0.196300845534082,0,0,0,0,0,0,0,0,0,0,0,0.172687844035973,0,0,0,0.167795360088348,0,0,0,0,0,0,0,0.178412649780512,0,0,0,0,0,0.212100696164308,0,0,0,0,0,0,0,0,0.197223386038905,0,0.198438720852137,0,0.180695374245926,0,0,0,0,0,0,0,0,0,0,0,0.233406544927462,0,0.161849803545258,0,0.178144989742173,0,0
0,0,0,0,0,0,0,0,0.171736158124388,0,0,0,0,0,0,0,0,0,0,0,0,0,0.158836187587844,0,0,0,0.126334274808566,0,0,0,0,0,0,0,0,0,0,0,0.233015587835601,0,0,0,0,0,0,0,0,0,0.279411263763905,0,0,0,0,0,0.217079446865962,0,0,0,0,0,0,0,0,0,0,0.182119774263959,0,0.215819954141131,0,0.181392182348245,0,0,0,0,0,0,0,0,0,0,0,0.234113269094108,0.199305976430575,0,0.219375875827513,0,0
0,0,0,0,0,0,0,0,0,0.126202471554279,0,0,0,0,0,0,0.165583893656731,0.145634665489197,0.316856652498245,0,0,0.198443338550903,0,0.196300845534082,0,0,0,0.155241764852634,0,0,0,0,0,0,0,0,0,0,0,0,0,0,0,0,0,0,0,0,0,0,0,0,0,0,0,0,0,0,0,0.289700716733932,0,0.259896039962769,0,0,0.214016936719418,0,0.223181650042534,0,0.209836312095004,0,0,0,0,0,0,0,0,0,0,0,0,0,0.133492433945789,0,0,0,0
0,0,0,0,0,0,0,0,0.144156178832054,0,0,0,0,0,0,0,0.108093677989898,0,0,0,0,0,0.140776095103543,0,0.126334274808566,0,0,0,0.128342732787132,0,0,0,0,0,0,0,0,0,0,0,0,0,0,0,0,0,0,0,0,0,0,0,0,0,0,0,0,0,0,0,0,0,0,0,0,0.132785755739762,0,0,0,0.174109937975536,0,0.149039661511779,0,0,0,0,0,0,0,0,0,0,0.125587571944509,0,0,0,0
0,0,0,0,0,0,0,0,0,0,0,0,0,0.124764449894428,0,0,0,0,0,0,0,0.155517311559783,0,0,0,0.155241764852634,0,0,0,0.121404247668882,0,0,0,0,0,0,0,0.144353169202805,0,0,0,0,0,0,0,0,0,0,0,0,0,0,0,0,0,0,0,0,0,0.102563723921776,0,0.107389826327562,0,0,0,0,0,0,0.159969532919442,0,0.169759806627382,0,0.131685096770525,0,0,0,0,0,0,0,0,0,0.131042294204235,0.104843601584435,0,0,0
0,0,0,0,0,0,0,0,0,0,0,0,0.134580984711647,0,0,0,0,0,0,0,0,0,0.126515723866959,0,0,0,0.128342732787132,0,0,0,0.144495427767013,0,0,0,0,0,0,0,0.141588504293135,0,0,0,0,0,0,0,0,0,0,0,0,0,0,0,0,0,0,0,0.235341966152191,0,0,0,0,0,0,0,0,0,0,0,0,0.171965018846095,0,0,0,0,0,0,0,0,0,0.138077678699647,0.140448253315229,0,0,0,0
0,0,0,0,0,0,0,0,0,0,0,0.151255032290583,0,0,0,0,0,0,0,0,0,0,0,0,0,0,0,0.121404247668882,0,0,0,0,0,0,0,0,0,0.150750728352136,0,0,0,0,0,0,0,0,0,0,0,0,0,0,0,0,0,0,0,0.128237076724569,0,0,0,0,0,0,0,0,0,0,0,0,0.117204677313566,0,0.201421031348444,0,0,0,0,0,0,0,0.173620032986211,0,0.153034807705298,0,0,0,0
0,0,0,0,0,0,0,0,0,0,0.130095064640045,0,0,0,0,0,0,0,0,0,0,0,0,0,0,0,0,0,0.144495427767013,0,0,0,0,0,0,0,0,0,0.143797265232385,0,0,0,0,0,0,0,0,0,0,0,0,0,0,0,0,0,0,0,0,0,0,0,0,0,0,0,0,0,0,0,0,0.156062320481206,0,0.167649904427969,0,0,0,0,0,0,0,0.150036366166253,0.145521065592766,0,0,0,0
0,0,0,0,0,0,0,0,0,0,0,0,0,0,0,0,0,0,0,0,0,0,0,0,0,0,0,0,0,0,0,0,0.167582337586385,0.299640466459095,0,0.199590287331877,0,0,0,0,0,0,0,0,0,0,0,0.184012321173213,0.151671481984002,0,0,0,0,0,0,0,0,0,0,0,0,0,0,0,0,0,0,0,0,0,0,0,0,0,0.196913741702856,0.269800171256065,0.320694111009067,0,0.211016647191378,0,0,0,0.174868201459204,0,0,0,0
0,0,0,0,0,0,0,0,0,0,0,0,0,0,0,0,0,0,0,0,0,0,0,0,0,0,0,0,0,0,0,0.167582337586385,0,0,0.20154108714791,0,0.180895290822906,0,0,0,0,0,0,0,0,0,0,0.269791754316061,0.205788314342499,0,0,0,0,0,0,0,0,0,0,0,0,0,0,0,0,0,0,0,0,0,0,0,0,0,0.175306303302447,0.225331594131302,0,0.215043454066567,0,0.213405731647091,0,0,0.176181265152991,0,0,0,0
0,0,0,0,0,0,0,0,0,0,0,0,0,0,0,0,0,0,0,0,0,0,0,0,0,0,0,0,0,0,0,0.299640466459095,0,0,0.152370808943026,0.176594009273796,0,0.345360271375755,0.436097115278244,0,0,0,0.291588604450226,0,0,0,0,0.27148718162914,0.327486759051681,0.310364231467247,0,0,0,0,0,0,0,0,0,0,0,0,0,0,0,0,0,0,0,0,0,0,0,0,0.315643143195372,0,0.218300306521141,0.141799301422876,0.200720218843535,0.32185427347819,0.31843725666798,0.320860773324966,0.163626106733337,0.123015079647303,0.332252651453018,0,0
0,0,0,0,0,0,0,0,0,0,0,0,0,0,0,0,0,0,0,0,0,0,0,0,0,0,0,0,0,0,0,0,0.20154108714791,0.152370808943026,0,0,0.18336566422312,0,0.227434021472931,0,0,0,0,0,0,0,0,0.28968198228816,0.366101037839363,0.318983152508736,0,0,0,0,0,0,0,0,0,0,0,0,0,0,0,0,0,0,0,0,0,0,0,0,0,0.297870070950405,0.147861847783079,0.258927832778783,0,0.213365776464343,0,0.245553685919098,0.176450374451551,0,0.312220245599747,0,0
0,0,0,0.213205620646477,0,0.198843594817888,0,0,0,0,0,0.141828471528632,0,0,0,0,0,0,0.24719550460577,0.179311159112834,0,0,0,0,0,0,0,0,0,0,0,0.199590287331877,0,0.176594009273796,0,0,0.132564058616822,0.139380524897161,0,0.248797958095868,0,0.298755168914795,0,0,0,0.223847182182705,0,0.187500673532486,0,0,0,0.220460858941078,0,0,0,0,0,0.152439131812994,0,0,0,0.247384294867516,0.193122142163484,0,0,0,0,0,0,0,0,0,0,0,0.193678398627833,0,0.20390677400986,0,0.210458661253342,0.160400526757751,0.185833195755274,0,0.172476073078028,0.223634447902441,0.227741540335629,0.381959497928619,0
0,0,0.214735599664541,0,0.214655465201328,0,0,0,0.213084451854229,0,0.120417786496026,0,0,0,0,0,0,0,0,0,0.15102270906687,0,0,0,0,0,0,0,0,0,0,0,0.180895290822906,0,0.18336566422312,0.132564058616822,0,0,0.163901645265854,0,0.243660882115364,0,0,0,0,0,0.202643022650764,0.168132312595844,0,0,0.226159481511962,0,0,0,0.208585366606712,0,0.136252158851016,0,0.232239188419448,0,0,0,0,0.170674815001575,0,0,0,0,0,0,0,0,0,0,0,0.199868323934364,0,0.172729174470344,0.130442380905151,0.199795153216069,0,0.239027842112775,0.172430594546987,0,0.23299948560155,0,0
0,0.133761743704478,0,0,0,0,0,0,0,0.192425651171433,0,0.140845874865209,0,0,0,0,0,0,0,0.17570274769418,0,0.123160960333199,0,0.172687844035973,0,0,0,0.144353169202805,0,0.150750728352136,0,0,0,0.345360271375755,0,0.139380524897161,0,0,0.106919591232102,0,0,0.452192813158035,0,0,0,0.308179497718811,0,0.550715128482856,0,0.389316104659958,0,0,0,0,0,0.244886364475847,0,0.157924339365776,0,0,0,0,0.205667910650647,0,0.126826646427313,0,0.203097083621765,0,0,0,0.132787225954235,0,0.168206515672619,0,0,0,0.236369424154249,0,0.191260562075788,0,0.21914155271251,0,0.2053714444613,0.207687057162586,0.193716351781528,0,0
0,0,0,0,0,0,0,0,0.194315507104903,0,0.114888729561459,0,0,0,0,0,0,0,0,0,0.215160751851594,0,0.188673681504541,0,0.233015587835601,0,0,0,0.141588504293135,0,0.143797265232385,0,0,0.436097115278244,0.227434021472931,0,0.163901645265854,0.106919591232102,0,0,0,0,0.152943670749664,0,0,0,0.288813807070255,0.527387103438377,0.411468789520624,0.620752573013306,0,0,0,0,0.239911265671253,0,0.131089750822488,0,0,0,0,0,0,0.261587309209924,0,0.265791039303904,0,0.257168674304441,0,0,0,0,0,0.147881248754821,0,0,0,0.167979945513335,0,0.227368775663485,0.157031466417453,0.216369569646406,0.219952296826643,0.137892618775368,0.359214569094046,0,0
0,0,0,0.240127381525542,0,0,0,0,0,0,0,0,0,0,0,0,0.281163971622785,0.305813922467878,0.340515526827802,0,0,0,0,0,0,0,0,0,0,0,0,0,0,0,0,0.248797958095868,0,0,0,0,0.331558126211166,0.296736898545211,0.30017380664746,0.495377568701501,0.320191180881332,0.346057485035915,0.33416560292244,0,0.291572213172913,0.184604771156887,0,0,0,0,0,0,0,0,0,0,0,0,0.267184175515627,0,0,0,0,0,0,0,0,0,0,0,0,0,0,0,0.316651915518208,0.299086675047874,0.277220158113374,0,0.323062837965744,0.304333663192289,0.342037142038671,0.346222468044447,0.263294865687688
0.356852404773235,0,0.26239344663918,0,0,0,0,0,0,0,0,0,0,0,0,0,0.321365281487956,0.311509944498539,0.321628957986832,0,0.213663190603256,0,0,0,0,0,0,0,0,0,0,0,0,0,0,0,0.243660882115364,0,0,0.331558126211166,0,0.268615900115533,0.285579805073124,0.262472212314606,0.35413240271957,0,0.296222181174349,0,0.161091972575631,0,0.220705464482307,0,0,0,0,0,0,0,0,0,0,0,0,0.225267667789012,0,0,0,0,0,0,0,0,0,0,0,0,0,0,0.305684730410576,0.269524479355779,0,0.277366300041859,0.310435433317436,0.312232911586761,0.280021273124107,0,0.327853553351902
0,0.483380361665766,0,0.311797525641347,0,0,0,0,0,0.187497744602816,0,0,0,0,0,0,0.235263257686581,0.266647383639658,0.245339691367614,0,0,0,0,0.167795360088348,0,0,0,0,0,0,0,0,0,0,0,0.298755168914795,0,0.452192813158035,0,0.296736898545211,0.268615900115533,0,0.24965778586723,0.426129134262309,0.247154432748045,0.278122322837802,0.29883231928474,0.342199489474297,0.343560576438904,0.294130567825378,0,0,0,0,0,0.171673387289047,0,0,0,0,0,0,0.294335054550889,0,0,0,0,0,0,0,0,0,0.358714796602726,0,0,0,0,0,0.313262677869083,0.309269824624062,0.363805782853388,0,0.280449351660283,0.28266966390382,0.309706803137429,0.25330384916385,0.257558554410934
0,0,0.269597135484219,0,0,0,0,0,0.154325798153877,0,0,0,0,0,0,0,0.275592761348795,0.286931986920536,0.256023172107752,0,0.245661333203316,0,0,0,0,0,0,0,0,0,0,0,0,0.291588604450226,0,0,0,0,0.152943670749664,0.30017380664746,0.285579805073124,0.24965778586723,0,0.266292117143932,0.259849229341821,0.290842577815056,0.267068823558152,0.3126374527812,0.280270620805662,0.321901173754172,0.254234313964844,0,0,0,0.247330479323864,0,0.344592989910217,0,0,0,0,0,0.293988652527332,0.25697816009797,0,0,0,0.201243720948696,0,0,0,0,0,0,0,0,0.290608793497086,0.424193412065506,0.292702073603868,0.326653244406963,0,0.345616599255138,0.278807302445972,0.276020538547765,0.308448376897687,0.242278166115284,0.271323929115693
0,0,0,0.306684225797653,0,0,0,0,0,0,0,0,0,0,0,0,0.266073029774886,0.299299235973093,0.30294845282333,0,0,0,0,0,0,0,0,0,0,0,0,0,0,0,0,0,0,0,0,0.495377568701501,0.262472212314606,0.426129134262309,0.266292117143932,0,0.270787975617817,0.443206995270634,0.334684228897095,0,0,0,0,0,0,0,0,0,0,0,0,0,0,0,0.325451791286469,0,0,0,0,0,0,0,0,0,0,0,0,0,0,0,0.437249796133739,0.336370180050532,0.516375896831354,0,0.321781846449563,0.308253765106201,0.486555862210653,0.337708823382854,0
0,0,0,0,0,0,0,0,0,0,0,0,0,0,0,0,0.2865828565721,0.270121021403207,0.268566025528189,0,0.302986606955528,0,0,0,0,0,0,0,0,0,0,0,0,0,0,0,0,0,0,0.320191180881332,0.35413240271957,0.247154432748045,0.259849229341821,0.270787975617817,0,0,0.399610401619048,0,0.296070173382759,0,0,0,0,0,0,0,0,0,0,0,0,0,0.298962821563085,0.295602377918031,0,0,0,0,0,0,0,0,0,0,0,0,0,0,0.300780349721511,0.405519815424996,0.349425286054611,0.503201799548191,0.269255780592197,0.246137619018555,0.390246444378848,0.242579966783524,0.253317835830873
0,0.435617685317993,0,0.239672051535712,0,0.244227111339569,0,0,0,0,0,0,0,0,0,0,0.266127477089564,0.318304700510842,0.372052601577456,0,0,0,0,0,0,0,0,0,0,0,0,0,0,0,0,0.223847182182705,0,0.308179497718811,0,0.346057485035915,0,0.278122322837802,0.290842577815056,0.443206995270634,0,0,0.352817371487617,0,0,0.214883729815483,0,0,0,0,0,0,0,0.332400312854184,0,0,0,0,0.271048988520477,0,0,0,0,0,0,0,0,0,0.345555451862952,0,0,0,0,0,0.336311124834165,0.312377429008484,0.381831709194828,0,0.243637508597528,0.277629286050797,0.280071783698886,0.32561531662941,0
0.350081436699483,0,0.253774608884539,0,0,0,0,0,0,0,0,0,0,0,0,0,0.331552624150559,0.321957121789455,0.356316047114702,0,0.287760659120977,0,0,0,0,0,0,0,0,0,0,0,0,0,0,0,0.202643022650764,0,0.288813807070255,0.33416560292244,0.296222181174349,0.29883231928474,0.267068823558152,0.334684228897095,0.399610401619048,0.352817371487617,0,0,0.226676890101188,0,0,0,0,0,0,0,0,0,0,0,0,0,0,0.279315773222255,0,0,0,0,0,0,0,0,0,0,0,0,0,0,0.288929879665375,0.30256310746986,0,0.356237226743852,0.267203248402398,0.323645934462547,0.30275005428545,0.279869437217712,0.291000608801842
0,0,0.273378252983093,0,0,0,0,0,0,0,0,0,0,0,0,0,0,0,0.301746726036072,0,0,0,0,0,0,0,0,0,0,0,0,0.184012321173213,0.269791754316061,0.27148718162914,0.28968198228816,0.187500673532486,0.168132312595844,0.550715128482856,0.527387103438377,0,0,0.342199489474297,0.3126374527812,0,0,0,0,0,0.390423677826762,0.37204355990698,0,0,0,0,0,0,0,0,0,0,0,0,0,0,0,0.572662711143494,0,0,0,0,0,0,0,0,0.274266264090935,0.338218330106604,0.326647651689609,0.347863553061491,0.389469476080889,0.343573034878854,0.415370301097128,0.447814225947603,0.475409074316895,0.293682426214218,0.426881192520607,0,0
0.204556575096161,0,0.142676940434668,0,0,0,0,0,0.177547752857208,0,0,0,0,0,0,0,0.258997410535812,0,0.272201806306839,0,0,0,0.28973263502121,0,0.279411263763905,0,0,0,0,0,0,0.151671481984002,0.205788314342499,0.327486759051681,0.366101037839363,0,0,0,0.411468789520624,0.291572213172913,0.161091972575631,0.343560576438904,0.280270620805662,0,0.296070173382759,0,0.226676890101188,0.390423677826762,0,0.333098785384842,0,0,0,0,0.128839296881448,0,0.258250026892011,0,0,0,0.199166918226651,0,0,0.229241394996643,0,0.269364727422839,0,0.26249915207586,0,0.258968752298959,0,0.288522005865448,0,0.258452797377551,0,0.357847123791318,0.330004495051172,0.366578290539403,0.269142657518387,0.30505583935581,0.390726258357366,0.340694772411686,0.37101235513182,0.220144867897034,0.266134246078989,0,0.335949346423149
0,0.223541252501309,0,0.18799171353012,0,0.137505739927292,0,0,0,0.160061402275012,0,0,0,0,0,0.201804229058325,0,0,0.250147972255945,0,0,0.114615666369597,0,0.178412649780512,0,0,0,0,0,0,0,0,0,0.310364231467247,0.318983152508736,0,0,0.389316104659958,0.620752573013306,0.184604771156887,0,0.294130567825378,0.321901173754172,0,0,0.214883729815483,0,0.37204355990698,0.333098785384842,0,0,0,0,0,0,0.135736234486103,0,0.420016471828733,0,0.253065490829093,0,0.208289218445619,0.268605723977089,0,0.272826695980752,0,0.228836766250853,0,0,0,0.249858582615852,0,0.355779529913612,0,0,0,0.350822687149048,0.317229124632749,0.282048171368715,0.326817800601323,0.307855240099372,0.442270904779434,0.321092191449451,0.250675557475341,0.292283766142011,0.368349512738566,0
0,0,0.185655038356781,0,0.199513560688158,0,0,0,0.159113464941239,0,0,0,0,0,0.169678866863251,0,0,0,0,0,0.208140620873088,0,0,0,0,0,0,0,0,0,0,0,0,0,0,0,0.226159481511962,0,0,0,0.220705464482307,0,0.254234313964844,0,0,0,0,0,0,0,0,0,0.183167679002509,0,0.169328328222036,0,0.254722082238088,0,0,0,0.201331487457667,0,0,0.244675256311893,0,0,0,0,0,0,0,0,0,0,0,0,0,0,0,0.232802125540647,0,0,0.200629043242624,0,0.238886019769054,0,0
0,0,0,0.255485411443396,0,0.209930767484924,0,0,0,0,0,0,0,0,0,0,0,0,0,0.204245063993666,0,0,0,0,0,0,0,0,0,0,0,0,0,0,0,0.220460858941078,0,0,0,0,0,0,0,0,0,0,0,0,0,0,0,0,0,0,0,0,0,0.272380056977272,0,0,0,0,0.207223898598126,0,0,0,0,0,0,0,0,0,0,0,0,0,0,0,0.237231060862541,0,0,0,0.186082787811756,0,0.239815003023698,0,0
0,0,0,0,0.169599968526098,0,0.141090354662601,0,0,0,0,0,0,0,0,0,0,0,0,0,0.142601951956749,0,0,0,0,0,0,0,0,0,0,0,0,0,0,0,0,0,0,0,0,0,0,0,0,0,0,0,0,0,0.183167679002509,0,0,0,0,0,0.189553658167521,0,0,0,0,0,0,0,0,0,0,0,0,0,0,0,0,0,0,0,0,0,0,0,0,0,0.153873636505821,0,0,0,0
0,0,0,0,0,0,0,0.197349537991815,0,0,0,0,0,0,0,0,0,0,0,0,0,0,0,0,0,0,0,0,0,0,0,0,0,0,0,0,0,0,0,0,0,0,0,0,0,0,0,0,0,0,0,0,0,0,0,0,0,0.188392999395728,0,0,0,0,0,0,0,0,0,0,0,0,0,0,0,0,0,0,0,0,0,0,0,0,0,0,0,0,0
0.148486077826961,0,0.141688228485749,0,0.179573441545169,0,0,0,0.197276752514598,0,0,0,0,0,0.197184160351753,0,0,0,0,0,0.157458618283272,0,0,0,0.217079446865962,0,0,0,0,0,0,0,0,0,0,0,0.208585366606712,0,0.239911265671253,0,0,0,0.247330479323864,0,0,0,0,0,0.128839296881448,0,0.169328328222036,0,0,0,0,0,0,0,0,0,0.203994198736967,0,0,0,0,0,0,0.208050294319789,0,0,0,0,0,0,0,0,0,0,0,0,0,0.28505615816258,0.201961886747317,0,0.165566964265634,0,0.232974834740162
0,0.16778918666747,0,0.169068220630288,0,0.201342798769474,0,0,0,0.188866533986525,0,0,0,0,0,0,0,0,0,0,0,0,0,0.212100696164308,0,0,0,0,0,0,0,0,0,0,0,0,0,0.244886364475847,0,0,0,0.171673387289047,0,0,0,0,0,0,0,0.135736234486103,0,0,0,0,0,0,0,0,0,0,0,0.236897438832614,0,0,0,0,0.309015866219997,0,0,0,0,0,0,0,0,0,0,0,0,0,0.320550233561259,0,0.192845517626176,0,0.170729087371575,0,0
0,0,0,0,0,0,0.122957100470861,0,0,0,0.18058338309554,0,0,0,0,0,0,0,0,0,0,0,0,0,0,0,0,0,0,0,0,0,0,0,0,0,0.136252158851016,0,0.131089750822488,0,0,0,0.344592989910217,0,0,0,0,0,0.258250026892011,0,0.254722082238088,0,0.189553658167521,0,0,0,0,0,0.263531703811425,0,0.258066745932962,0,0,0,0,0,0,0,0,0.286332376205768,0,0.381716643782563,0,0.292937918536125,0,0,0,0,0,0.12886369228363,0,0.295758128166199,0.133734046983691,0,0.298676236644387,0,0.328385237190459
0,0,0,0.280997921313558,0,0.243935910718782,0,0,0,0,0,0.197820848046847,0,0.166100189089775,0,0,0,0,0,0.234246727079153,0,0,0,0,0,0,0,0,0,0.128237076724569,0,0,0,0,0,0.152439131812994,0,0.157924339365776,0,0,0,0,0,0,0,0.332400312854184,0,0,0,0.420016471828733,0,0.272380056977272,0,0.188392999395728,0,0,0,0,0,0.237577959895134,0,0,0.283744670908255,0,0,0,0,0,0,0,0.41237199637625,0,0.443399003897253,0,0,0,0,0,0.252295944672912,0,0.311431037528174,0,0.141058288408177,0,0.358112894943965,0,0
0,0,0.168802093714476,0,0,0,0,0,0,0,0.142864501476288,0,0.164743201834136,0,0.203736422917782,0,0,0,0,0,0,0,0,0,0,0,0,0,0.235341966152191,0,0,0,0,0,0,0,0.232239188419448,0,0,0,0,0,0,0,0,0,0,0,0,0,0,0,0,0,0,0,0.263531703811425,0,0,0,0.247516400816208,0,0,0.248404741287231,0,0,0,0,0,0.25266838396193,0,0.260114588556868,0,0,0,0,0,0,0,0.235341727733612,0,0,0.178211646420615,0,0.234668738726113,0,0
0,0,0,0.276263598691333,0,0,0,0,0,0,0,0.140727251194991,0,0.138301533392885,0,0.187999220056967,0,0,0,0.276578277349472,0,0.269626438617706,0,0,0,0.289700716733932,0,0.102563723921776,0,0,0,0,0,0,0,0,0,0,0,0,0,0,0,0,0,0,0,0,0,0.253065490829093,0,0,0,0,0,0,0,0.237577959895134,0,0,0,0.19823861376065,0,0,0,0,0,0,0.291301101284884,0,0.292355275125731,0,0,0,0,0,0,0,0,0,0,0,0.195912797003984,0,0.275352659324805,0,0
0.157185898472865,0,0.115231946110725,0,0.175915915518999,0,0,0,0.16907614916563,0,0,0,0.216136691142928,0,0.207827849922204,0,0,0,0,0,0,0,0,0,0,0,0,0,0,0,0,0,0,0,0,0,0,0,0,0,0,0,0,0,0,0,0,0,0.199166918226651,0,0.201331487457667,0,0,0,0.203994198736967,0,0.258066745932962,0,0.247516400816208,0,0,0,0,0,0,0,0,0,0,0.217947002221309,0,0.245881674321074,0,0,0,0,0,0,0,0,0,0,0,0,0.130043169053701,0,0
0,0.15502384508198,0,0.216326427053322,0,0,0,0,0,0.140651665189687,0,0,0,0.159508563139859,0,0.173713242099301,0,0,0,0,0,0,0,0,0,0.259896039962769,0,0.107389826327562,0,0,0,0,0,0,0,0.247384294867516,0,0,0,0,0,0,0,0,0,0,0,0,0,0.208289218445619,0,0,0,0,0,0.236897438832614,0,0,0,0.19823861376065,0,0,0.264454752206802,0,0,0,0,0,0.282104657124408,0,0.364175574137614,0,0,0,0,0,0,0,0,0,0,0,0.17974415377659,0,0.261533049866557,0,0
0,0,0,0.280637323856354,0,0.205197293024797,0,0,0,0,0,0,0,0,0,0,0.300952479243279,0.309828843921423,0.338228101702407,0.200414102105802,0,0,0,0,0,0,0,0,0,0,0,0,0,0,0,0.193122142163484,0,0.205667910650647,0,0.267184175515627,0,0.294335054550889,0.293988652527332,0.325451791286469,0.298962821563085,0.271048988520477,0,0,0,0.268605723977089,0,0.207223898598126,0,0,0,0,0,0.283744670908255,0,0,0,0.264454752206802,0,0,0,0,0,0,0,0,0,0,0.326064742252797,0,0,0,0,0,0.256746935873003,0.321899379293124,0.303535781483181,0,0.249505350706526,0,0.315126341081461,0.325503796339035,0.279791116714478
0.313139116764069,0,0,0,0,0,0,0,0.227125689387321,0,0.15564112636176,0,0,0,0,0,0.306311719119549,0,0.305426796817261,0,0.231992965080461,0,0,0,0,0,0,0,0,0,0,0,0,0,0,0,0.170674815001575,0,0.261587309209924,0,0.225267667789012,0,0.25697816009797,0,0.295602377918031,0,0.279315773222255,0,0.229241394996643,0,0.244675256311893,0,0,0,0,0,0,0,0.248404741287231,0,0,0,0,0,0,0,0,0,0,0,0,0,0,0,0,0,0,0,0,0.269523927041729,0,0.308670648812563,0.228752989622747,0,0.313620064464622,0,0.29409908503294
0,0,0,0,0,0,0,0,0,0,0,0,0,0,0,0,0,0,0,0,0,0.183872674498668,0,0.197223386038905,0,0.214016936719418,0,0,0,0,0,0,0,0,0,0,0,0.126826646427313,0,0,0,0,0,0,0,0,0,0,0,0.272826695980752,0,0,0,0,0,0,0,0,0,0,0,0,0,0,0,0,0.245945876871252,0,0.352119091637789,0,0.257897702307629,0,0,0,0,0,0,0,0,0,0.242132863335955,0,0.122546942638499,0,0,0,0
0,0,0,0,0,0,0,0,0,0,0,0,0,0,0,0,0,0,0,0,0,0,0.179630944690596,0,0.182119774263959,0,0.132785755739762,0,0,0,0,0,0,0,0,0,0,0,0.265791039303904,0,0,0,0,0,0,0,0,0.572662711143494,0.269364727422839,0,0,0,0,0,0,0,0,0,0,0,0,0,0,0,0,0,0,0.215316179811646,0,0.336774214825565,0,0.357157990120655,0,0,0,0,0,0,0,0,0,0.312396095927618,0.0626079458743334,0,0,0,0
0,0.109319491311908,0,0,0,0,0,0,0,0.242179325853403,0,0,0,0,0,0,0,0,0,0,0,0.206665508781693,0,0.198438720852137,0,0.223181650042534,0,0,0,0,0,0,0,0,0,0,0,0.203097083621765,0,0,0,0,0,0,0,0,0,0,0,0.228836766250853,0,0,0,0,0,0.309015866219997,0,0,0,0,0,0,0,0,0.245945876871252,0,0,0,0.271635165320167,0,0.304523825645447,0,0,0,0,0,0,0,0,0,0.291867650230061,0,0.158219018330177,0,0.215737238387081,0,0
0,0,0,0,0,0,0,0,0.207892150259935,0,0,0,0,0,0,0,0,0,0,0,0,0,0.219842781623205,0,0.215819954141131,0,0,0,0,0,0,0,0,0,0,0,0,0,0.257168674304441,0,0,0,0.201243720948696,0,0,0,0,0,0.26249915207586,0,0,0,0,0,0.208050294319789,0,0,0,0,0,0,0,0,0,0,0.215316179811646,0,0,0,0.248386363510962,0,0,0,0,0,0,0,0,0,0,0,0.320402053855454,0.226837441325188,0,0.254437247042282,0,0
0,0,0,0,0,0,0,0,0,0.119414238631725,0,0,0,0.189297532041868,0,0.184255197644234,0,0.144394558980877,0,0,0,0.258516469142016,0,0.180695374245926,0,0.209836312095004,0,0.159969532919442,0,0,0,0,0,0,0,0,0,0,0,0,0,0,0,0,0,0,0,0,0,0,0,0,0,0,0,0,0,0,0,0.291301101284884,0,0.282104657124408,0,0,0.352119091637789,0,0.271635165320167,0,0,0,0.325022163493997,0,0,0,0,0,0,0,0,0,0,0,0.147642895579338,0,0,0,0
0,0,0,0,0,0,0,0,0,0,0,0,0.223347514867783,0,0,0,0,0,0,0,0,0,0.232779945232323,0,0.181392182348245,0,0.174109937975536,0,0,0,0,0,0,0,0,0,0,0,0,0,0,0,0,0,0,0,0,0,0.258968752298959,0,0,0,0,0,0,0,0.286332376205768,0,0.25266838396193,0,0.217947002221309,0,0,0,0,0.336774214825565,0,0.248386363510962,0,0,0,0.322048339384411,0,0,0,0,0,0,0,0,0,0.308999300003052,0.116350737173815,0,0.346239360896024,0,0
0,0,0,0,0,0,0,0,0,0,0,0,0,0,0,0,0,0,0,0,0,0.246187191456556,0,0,0,0,0,0.169759806627382,0,0.117204677313566,0,0,0,0,0,0,0,0.132787225954235,0,0,0,0,0,0,0,0,0,0,0,0.249858582615852,0,0,0,0,0,0,0,0.41237199637625,0,0.292355275125731,0,0.364175574137614,0,0,0.257897702307629,0,0.304523825645447,0,0.325022163493997,0,0,0,0,0,0,0,0,0,0,0,0,0,0,0,0,0,0
0,0,0,0,0,0,0,0,0,0,0,0,0,0,0.152036845684052,0,0,0,0,0,0,0,0.315578031378823,0,0,0,0.149039661511779,0,0.171965018846095,0,0.156062320481206,0,0,0,0,0,0,0,0,0,0,0,0,0,0,0,0,0,0.288522005865448,0,0,0,0,0,0,0,0.381716643782563,0,0.260114588556868,0,0.245881674321074,0,0,0,0,0.357157990120655,0,0,0,0.322048339384411,0,0,0,0.28866839826107,0,0,0,0,0,0,0,0.297183778207257,0.153399832546711,0,0.400765439352164,0,0
0,0.388721853494644,0,0,0,0,0,0,0,0,0,0.230535607252802,0,0,0,0,0,0,0,0,0,0,0,0,0,0,0,0.131685096770525,0,0.201421031348444,0,0,0,0,0,0,0,0.168206515672619,0,0,0,0.358714796602726,0,0,0,0.345555451862952,0,0,0,0.355779529913612,0,0,0,0,0,0,0,0.443399003897253,0,0,0,0,0.326064742252797,0,0,0,0,0,0,0,0,0,0,0,0,0,0,0,0,0,0.284329934445181,0,0.160773903131485,0,0.419104989330561,0,0
0,0,0,0,0,0,0,0,0,0,0.17367827706039,0,0,0,0,0,0,0,0,0,0,0,0,0,0,0,0,0,0,0,0.167649904427969,0,0,0,0,0,0,0,0.147881248754821,0,0,0,0,0,0,0,0,0,0.258452797377551,0,0,0,0,0,0,0,0.292937918536125,0,0,0,0,0,0,0,0,0,0,0,0,0,0,0.28866839826107,0,0,0,0,0,0,0,0,0,0.258509790275824,0.14407753944397,0,0.379757143030263,0,0
0,0,0,0,0,0,0,0,0,0,0,0,0,0,0,0,0,0,0,0,0,0,0,0,0,0,0,0,0,0,0,0.196913741702856,0.175306303302447,0.315643143195372,0,0.193678398627833,0,0,0,0,0,0,0,0,0,0,0,0.274266264090935,0,0,0,0,0,0,0,0,0,0,0,0,0,0,0,0,0,0,0,0,0,0,0,0,0,0,0,0,0.314337075370681,0,0.262103976810287,0,0,0,0.193978589056998,0,0,0,0
0,0,0,0,0,0,0,0,0,0,0,0,0,0,0,0,0,0,0,0,0,0,0,0,0,0,0,0,0,0,0,0.269800171256065,0.225331594131302,0,0.297870070950405,0,0.199868323934364,0,0,0,0,0,0,0,0,0,0,0.338218330106604,0.357847123791318,0,0,0,0,0,0,0,0,0,0,0,0,0,0,0,0,0,0,0,0,0,0,0,0,0,0,0,0,0.29018837445893,0,0.254797269726051,0,0,0.194943892066939,0,0,0,0
0,0,0,0,0,0,0,0,0,0,0,0,0,0,0,0,0,0,0,0,0,0,0,0,0,0,0,0,0,0,0,0.320694111009067,0,0.218300306521141,0.147861847783079,0.20390677400986,0,0.236369424154249,0,0,0,0,0.290608793497086,0,0,0,0,0.326647651689609,0.330004495051172,0.350822687149048,0,0,0,0,0,0,0,0,0,0,0,0,0,0,0,0,0,0,0,0,0,0,0,0,0.314337075370681,0,0,0.315604984760284,0.253016616868261,0.321397021412849,0.288092074991746,0,0.185294340991852,0,0.332925945520401,0,0
0,0,0,0,0,0,0,0,0,0,0,0,0,0,0,0,0,0,0,0,0,0,0,0,0,0,0,0,0,0,0,0,0.215043454066567,0.141799301422876,0.258927832778783,0,0.172729174470344,0,0.167979945513335,0,0,0,0.424193412065506,0,0,0,0,0.347863553061491,0.366578290539403,0.317229124632749,0,0,0,0,0,0,0,0,0,0,0,0,0,0,0,0,0,0,0,0,0,0,0,0,0,0.29018837445893,0.315604984760284,0,0,0.277446747757494,0,0.242968294118149,0.153304373047182,0,0.334626570343971,0,0
0,0,0,0.260334412966456,0,0.226116024395999,0,0,0,0,0,0.162193086743355,0,0,0,0,0.285349412096871,0.322113500701057,0.337996196743165,0.228879734474633,0,0,0,0,0,0,0,0,0,0,0,0.211016647191378,0,0.200720218843535,0,0.210458661253342,0.130442380905151,0.191260562075788,0,0.316651915518208,0.305684730410576,0.313262677869083,0.292702073603868,0.437249796133739,0.300780349721511,0.336311124834165,0.288929879665375,0.389469476080889,0.269142657518387,0.282048171368715,0,0.237231060862541,0,0,0,0,0,0.252295944672912,0,0,0,0,0.256746935873003,0,0,0,0,0,0,0,0,0,0,0,0.262103976810287,0,0.253016616868261,0,0,0.290543347597122,0.29185317894092,0.334787219762802,0.217971747571125,0.294034997622172,0.354993394030918,0.316351469499724,0.256605833768845
0.353823603391647,0,0.275912335515022,0,0.20572312772274,0,0,0,0,0,0,0,0,0,0,0,0.336293849815317,0.337491905689239,0.351688043334042,0,0.18872020818213,0,0,0,0,0,0,0,0,0,0,0,0.213405731647091,0.32185427347819,0.213365776464343,0.160400526757751,0.199795153216069,0,0.227368775663485,0.299086675047874,0.269524479355779,0.309269824624062,0.326653244406963,0.336370180050532,0.405519815424996,0.312377429008484,0.30256310746986,0.343573034878854,0.30505583935581,0.326817800601323,0.232802125540647,0,0,0,0,0,0.12886369228363,0,0.235341727733612,0,0,0,0.321899379293124,0.269523927041729,0,0,0,0,0,0,0,0,0,0,0,0.254797269726051,0.321397021412849,0.277446747757494,0.290543347597122,0,0,0.315984039362511,0.232153086243275,0.299557321394483,0.323302313889832,0.311955213546753,0.341464902361234
0,0,0,0.264129012823105,0,0,0,0,0,0.272376695226249,0,0.134496799537114,0,0,0,0,0.317809745669365,0.336177863180637,0.356407405648913,0.21869520097971,0,0.15313329716975,0,0.233406544927462,0,0,0,0,0,0.173620032986211,0,0,0,0.31843725666798,0,0.185833195755274,0,0.21914155271251,0.157031466417453,0.277220158113374,0,0.363805782853388,0,0.516375896831354,0.349425286054611,0.381831709194828,0,0.415370301097128,0.390726258357366,0.307855240099372,0,0,0,0,0,0.320550233561259,0,0.311431037528174,0,0,0,0,0.303535781483181,0,0.242132863335955,0,0.291867650230061,0,0,0,0,0,0.284329934445181,0,0,0,0.288092074991746,0,0.29185317894092,0,0,0.56124871969223,0.354346904087148,0.260462873925765,0.40192322352731,0.377203921882474,0
0,0,0.233509495854378,0,0,0,0,0,0.226271992673477,0,0.116156081504682,0,0,0,0,0,0.367402739822865,0.354296952486038,0.363798220415373,0,0.224771957608718,0,0.308121675329331,0,0.234113269094108,0,0,0,0.138077678699647,0,0.150036366166253,0,0,0.320860773324966,0.245553685919098,0,0.239027842112775,0,0.216369569646406,0,0.277366300041859,0,0.345616599255138,0,0.503201799548191,0,0.356237226743852,0.447814225947603,0.340694772411686,0.442270904779434,0,0,0,0,0.28505615816258,0,0.295758128166199,0,0,0,0,0,0,0.308670648812563,0,0.312396095927618,0,0.320402053855454,0,0.308999300003052,0,0.297183778207257,0,0.258509790275824,0,0,0,0.242968294118149,0.334787219762802,0.315984039362511,0.56124871969223,0,0.233693445170367,0.13698323071003,0.428863113064906,0,0.444817805662751
0.288204673936952,0.184050213251617,0.232467916419451,0.222687565235912,0.179074872817312,0.180528578802041,0,0,0.16451821816199,0.158432178393654,0.13150290646187,0.152835342478245,0.145508155226707,0.123653829097748,0,0.146408873506718,0.183520764883451,0.187210309048174,0.273004423424038,0.160746754577724,0.157153115157158,0.107248209359992,0.088814364396967,0.161849803545258,0.199305976430575,0.133492433945789,0.125587571944509,0.131042294204235,0.140448253315229,0.153034807705298,0.145521065592766,0.174868201459204,0.176181265152991,0.163626106733337,0.176450374451551,0.172476073078028,0.172430594546987,0.2053714444613,0.219952296826643,0.323062837965744,0.310435433317436,0.280449351660283,0.278807302445972,0.321781846449563,0.269255780592197,0.243637508597528,0.267203248402398,0.475409074316895,0.37101235513182,0.321092191449451,0.200629043242624,0.186082787811756,0.153873636505821,0,0.201961886747317,0.192845517626176,0.133734046983691,0.141058288408177,0.178211646420615,0.195912797003984,0,0.17974415377659,0.249505350706526,0.228752989622747,0.122546942638499,0.0626079458743334,0.158219018330177,0.226837441325188,0.147642895579338,0.116350737173815,0,0.153399832546711,0.160773903131485,0.14407753944397,0.193978589056998,0.194943892066939,0.185294340991852,0.153304373047182,0.217971747571125,0.232153086243275,0.354346904087148,0.233693445170367,0,0.154475273102124,0.314987662463562,0.28500007112389,0.238677265225378
0,0,0,0.167606353759766,0,0,0,0,0,0.165953107178211,0,0,0,0.151938130458196,0,0,0.153761335855683,0.137744955740367,0.267084132324266,0.151092238724232,0,0.119013414780299,0.103929494818052,0,0,0,0,0.104843601584435,0,0,0,0,0,0.123015079647303,0,0.223634447902441,0,0.207687057162586,0.137892618775368,0.304333663192289,0.312232911586761,0.28266966390382,0.276020538547765,0.308253765106201,0.246137619018555,0.277629286050797,0.323645934462547,0.293682426214218,0.220144867897034,0.250675557475341,0,0,0,0,0,0,0,0,0,0,0,0,0,0,0,0,0,0,0,0,0,0,0,0,0,0,0,0,0.294034997622172,0.299557321394483,0.260462873925765,0.13698323071003,0.154475273102124,0,0.31002518783013,0.256168480962515,0.248528659343719
0.299469325610477,0.279311740009988,0.194057807010614,0.246830724658413,0.18508709029914,0.193203339384774,0,0,0.158684868276526,0.140895073115826,0,0.248037911951542,0,0,0,0,0.311957704806262,0.315761664454241,0.32849093679783,0.264718167129017,0.228401766581969,0,0,0.178144989742173,0.219375875827513,0,0,0,0,0,0,0,0,0.332252651453018,0.312220245599747,0.227741540335629,0.23299948560155,0.193716351781528,0.359214569094046,0.342037142038671,0.280021273124107,0.309706803137429,0.308448376897687,0.486555862210653,0.390246444378848,0.280071783698886,0.30275005428545,0.426881192520607,0.266134246078989,0.292283766142011,0.238886019769054,0.239815003023698,0,0,0.165566964265634,0.170729087371575,0.298676236644387,0.358112894943965,0.234668738726113,0.275352659324805,0.130043169053701,0.261533049866557,0.315126341081461,0.313620064464622,0,0,0.215737238387081,0.254437247042282,0,0.346239360896024,0,0.400765439352164,0.419104989330561,0.379757143030263,0,0,0.332925945520401,0.334626570343971,0.354993394030918,0.323302313889832,0.40192322352731,0.428863113064906,0.314987662463562,0.31002518783013,0,0.346230048785343,0.354963886503442
