0,0,3.5102747820474,0,0,0,0,0,6.55551470778042,0,0,0,0,0,0,0,7.02447369224147,0,5.07190694910957,0,0,0,0,0,0,0,0,0,0,0,0,0,0,47.7965049743652,40.719958114624,0,0,0,0,0,0,0,14.5214921385743,0,0,0,20.6074776649475,36.6231863233778,8.10861161565254,52.9093449910482,0,0,0,0,5.03108424271057,0,32.4752616882324,0,0,0,2.94248259067535,0,0,22.3422222137451,78.9671478271484,0,0,0,0,0,0,0,0,31.4026193618774,0,0,0,0,0,0,57.8335227966309,37.352466583252,8.45033701031636,0,11.4850713089246,0,11.5771887339078
0,0,0,3.71833717160755,0,0,0,0,0,7.0047679132606,0,0,0,0,0,0,102.118743896484,0,0,0,0,0,0,0,0,0,0,0,0,0,0,0,0,46.6875820159912,0,0,0,0,48.2632637023926,53.9130401611328,0,12.8944697145299,0,0,0,0,0,35.5407132339478,59.8508949279785,19.9632587112836,0,0,0,0,0,5.4238537833542,0,4.66455755735698,0,7.73113084876019,0,3.22424310796401,0,0,0,0,2.92907892227173,0,0,0,0,0,28.1721360015869,0,0,0,0,0,58.5390090942383,0,60.1089215278625,0,10.5230679144228,0,11.3677683847802,10.740704536438,0
3.5102747820474,0,0,0,0,0,0,0,0,0,0,0,0,0,0,0,0,0,50.8868064880371,0,6.65748868669782,0,0,0,0,0,0,0,0,0,0,0,0,0,50.732795715332,0,0,0,0,0,34.7012157440186,0,29.6685084755539,0,0,0,11.0140857696533,45.0276593526204,34.6078989739003,0,3.68932008743286,0,0,0,0,0,17.9064057751706,0,0,0,0,0,0,13.7583078101829,0,0,0,0,0,0,0,0,0,32.1727745707442,0,0,0,0,0,35.453941491934,65.1383438110352,37.8294069199335,31.421946823597,0,8.44807823709568,0,22.8846214294434
0,3.71833717160755,0,0,0,8.24046350660778,0,0,0,6.18052923111689,0,0,0,0,0,0,59.8894443511963,61.4225546029898,45.7360828187731,0,0,0,0,0,0,0,0,0,0,0,0,0,0,50.1420319875081,0,20.6628913879395,0,0,54.796028137207,37.4080269991697,0,31.240772152995,35.9645569801331,0,0,19.4633383590184,0,46.3502180549536,36.4279178272594,30.3628314485566,0,4.62876176834106,0,0,0,4.39904001672217,0,28.6869296310394,0,2.76295515469142,0,0,23.6989696198615,0,0,0,0,0,0,0,0,0,30.4958942240648,0,0,0,0,0,36.5696303889437,0,37.5371572805005,0,29.2449302058066,0,12.1744086808088,46.5161988394601,0
0,0,0,0,0,0,0,0,0,0,0,0,0,0,0,0,0,0,0,0,6.23653549792162,0,0,0,0,0,0,0,0,0,0,0,0,0,0,0,3.09907956684337,0,0,0,47.104471206665,0,31.5143194198608,0,0,0,24.2006866455078,46.516716003418,46.3388795852661,0,3.82136332988739,0,0,0,4.22441959381104,0,5.14899819587993,0,4.65029573440552,0,0,0,0,12.9999547423297,0,0,0,0,0,0,0,0,0,31.679349899292,0,0,0,0,0,53.8349609375,0,37.1266021728516,3.225454470941,8.45182514190674,10.4737594209027,0,0
0,0,0,8.24046350660778,0,0,0,3.21023238332648,0,0,0,6.18827145150367,0,0,0,0,0,63.1283416748047,47.7454528808594,7.8890710219945,0,0,0,0,0,0,0,0,0,0,0,0,0,53.8985328674316,0,3.66030042469502,0,0,0,33.2777819633484,41.4102783203125,32.1797780501537,0,0,0,14.3372226715088,0,44.8195372687446,36.9282312393188,41.5331679634426,0,3.58123636466485,0,2.74337196350098,0,2.99365701675415,0,5.57644751978136,0,5.49481105804443,0,0,11.9661903132616,0,0,0,0,0,0,0,0,0,31.4788952703061,0,0,0,0,0,12.6337915206778,0,44.1425380706787,0,24.9422748088837,0,14.8636730705608,33.1533584594727,0
0,0,0,0,0,0,0,0,0,0,0,0,0,0,0,0,0,0,0,0,2.85267293453217,0,0,0,0,0,0,0,0,0,0,0,0,0,0,0,0,0,0,0,0,0,0,0,0,0,0,0,0,0,0,0,0,0,0,0,4.4480082988739,0,0,0,0,0,0,7.94046082703964,0,0,0,0,0,0,0,0,0,0,0,0,0,0,0,0,0,0,0,0,0,0,0
0,0,0,0,0,3.21023238332648,0,0,0,0,0,4.93629707892736,0,0,0,0,0,0,0,3.80638885498047,0,0,0,0,0,0,0,0,0,0,0,0,0,0,0,0,0,0,0,0,0,0,0,0,0,0,0,0,0,0,0,0,0,3.04776323542875,0,0,0,3.62416982650757,0,0,0,0,0,0,0,0,0,0,0,0,0,0,0,0,0,0,0,0,0,0,0,0,5.97052117756435,6.1297550201416,0,0,0
6.55551470778042,0,0,0,0,0,0,0,0,0,0,0,0,0,3.92334049429212,0,5.99103127002716,0,5.34238483355595,0,17.4452929496765,0,0,0,3.85234087340686,0,0,0,0,0,0,0,0,0,0,0,0,0,0,0,32.6178436279297,21.7067699432373,7.56575152526299,0,0,89.8011474609375,46.3626441955566,54.7481269836426,57.0047569274902,0,0,0,0,0,4.0979698594837,0,0,0,0,0,3.125906773642,0,0,15.1300084590912,0,0,0,4.10987257957458,0,0,0,0,0,30.5273265838623,0,0,0,0,0,40.0466279422536,0,37.0480376879374,4.88471889565157,0,13.5277733104985,0,7.78081622864436
0,7.0047679132606,0,6.18052923111689,0,0,0,0,0,0,0,0,0,0,0,4.96833407878876,29.061672443652,12.0961721148491,13.7570600108096,0,0,17.458441734314,31.9726495742798,7.47228937123411,22.3188296318054,0,0,0,0,0,0,0,0,0,0,21.9377536773682,0,0,0,41.3093738555908,0,9.47194447015461,28.8787835439046,0,0,15.5999050140381,0,0,0,34.3550373713175,0,0,0,0,0,5.97784552232883,0,7.19580411911011,0,0,0,4.30241288989782,19.6694936275482,0,23.9361584981283,0,9.42502874135971,0,17.8251121838888,0,0,0,0,0,0,0,0,0,48.6132825215658,0,33.1072306315104,57.5693588256836,9.15608340405476,25.4971942901611,7.43551799434203,7.7668262720108,0
0,0,0,0,0,0,0,0,0,0,0,0,2.89132524403659,0,0,0,0,0,0,0,4.39013662653393,0,0,0,0,0,0,0,3.83877044253879,0,3.27817378802733,0,0,0,0,0,3.2386543675314,0,3.63229389985402,0,0,0,0,0,0,0,0,0,0,0,0,0,0,0,0,0,3.90946943165341,0,3.26209759712219,0,0,0,0,4.12509746328201,0,0,0,0,0,0,0,0,0,4.17045589657717,0,0,0,0,0,4.72092351784577,0,6.33694439927737,3.13524074287888,3.29480687777201,10.7332830429077,0,0
0,0,0,0,0,6.18827145150367,0,4.93629707892736,0,0,0,0,0,3.30848589284609,0,0,0,0,0,4.51078878299824,0,0,0,0,0,0,0,3.66000693722775,0,5.41821043529818,0,0,0,0,0,7.24434117421712,0,3.26169176948698,0,0,0,47.4184150695801,0,0,0,0,0,0,0,0,0,5.69960165023804,0,0,0,11.1783418655396,0,3.84573082433291,0,3.69804167292973,0,0,5.05949389085002,0,0,0,0,0,0,0,5.57405636674267,0,10.1545974917639,0,0,0,0,0,6.5953563708885,0,5.03754073701369,0,3.54144828623226,3.59806944075085,2.73213044802348,0,0
0,0,0,0,0,0,0,0,0,0,2.89132524403659,0,0,0,4.34012234454252,0,0,0,0,0,0,0,0,0,0,0,0,0,0,0,0,0,0,0,0,0,0,0,0,0,0,0,0,0,0,0,0,0,0,0,0,0,0,0,0,0,2.93821692466736,0,3.0732686535624,0,4.32963441062148,0,0,0,0,0,0,0,0,5.05241680145264,0,3.46568091891029,0,0,0,0,0,0,0,0,0,0,2.89407711151319,2.82326264381409,0,0,0
0,0,0,0,0,0,0,0,0,0,0,3.30848589284609,0,0,0,0,0,0,0,0,0,0,0,0,0,0,0,3.48753883990836,0,2.9397292137146,0,0,0,0,0,0,0,0,0,0,0,0,0,0,0,0,0,0,0,0,0,0,0,0,0,0,0,4.26949063826927,0,3.07186883926392,0,3.57579064369202,0,0,0,0,0,0,0,0,4.24523719110637,0,0,0,0,0,0,0,0,0,0,0,3.22701316500363,3.51130145993726,0,0,0
0,0,0,0,0,0,0,0,3.92334049429212,0,0,0,4.34012234454252,0,0,0,3.37741819965212,0,0,0,0,0,0,0,4.66476271702693,0,3.03748921192054,0,6.70291863547431,0,0,0,0,0,0,0,0,0,0,0,0,0,0,0,0,0,0,0,2.96050441265106,0,0,0,0,0,3.51902103424072,0,0,0,4.21324195861816,0,3.78295075175274,0,0,0,0,0,0,0,0,3.41842796802521,0,3.65445319811503,0,0,0,0,0,0,0,0,0,0,3.71342356814895,0,0,0,0
0,0,0,0,0,0,0,0,0,4.96833407878876,0,0,0,0,0,0,29.0576395193736,7.64549166174496,14.25378841824,0,0,16.1507099999322,24.0731320381165,8.59559923229796,0,3.33166541951768,29.7383251190186,0,0,0,0,0,0,0,0,0,0,0,0,0,0,0,0,0,0,0,0,0,0,0,0,0,0,0,0,3.00826716423035,0,0,0,0,0,3.68090534210205,0,0,22.6289172172546,0,4.53200006484985,0,5.79598264694214,0,0,0,0,0,0,0,0,0,52.8766098022461,0,0,0,22.7461057123931,0,48.6251888275146,0,0
7.02447369224147,102.118743896484,0,59.8894443511963,0,0,0,0,5.99103127002716,29.061672443652,0,0,0,0,3.37741819965212,29.0576395193736,0,16.4006148367854,18.4592923763779,0,0,13.6873343732177,6.06819400953692,24.1021927515666,11.468044144457,19.1253644837273,4.39262673772615,0,4.65736399826251,0,0,0,0,0,0,0,0,0,0,52.713751721738,47.099656461938,40.7373468748486,37.1251854355271,0,0,49.6382631574358,47.9412343925405,57.2354965209961,52.7211774190267,58.9200863838196,0,0,0,0,8.21676989396413,29.3336610794067,67.6479682922363,75.1347885131836,0,0,3.94872147896711,27.9294944763184,57.1329934861925,56.2015390396118,17.5188865809861,5.68104994297028,29.0931647618612,0,23.8007372075861,4.00076285998027,0,0,63.3734003702799,53.0383535112653,0,0,0,0,56.9871430692838,53.8860288221673,58.2156147766113,53.0899271075235,13.2415802088726,8.0762264415866,46.379010461886,36.6135528271015,38.6044352849325
0,0,0,61.4225546029898,0,63.1283416748047,0,0,0,12.0961721148491,0,0,0,0,0,7.64549166174496,16.4006148367854,0,18.9895183428205,0,0,10.6526430832161,21.3361642595748,12.8319086721965,20.4873487331249,8.5328687473879,27.3795852661133,2.74230360984802,0,0,0,0,0,0,0,0,0,0,0,49.6121061561752,52.9552603149414,37.4453808786643,42.0934282380181,40.8543395996094,45.1336097717285,45.8664265573025,50.178960118975,52.4923324584961,51.3245697021484,61.3273432696307,0,0,0,0,0,13.9252292633057,0,60.1698627471924,0,0,0,7.78880921602249,52.581227774932,58.5003209795271,11.7653431903382,0,9.11259482210914,0,10.4059450912216,0,0,0,60.4064162572225,87.714412689209,62.1523361206055,0,0,0,52.7139731208807,59.7327739823032,50.7992543768375,61.7464218717633,13.3890135220119,9.41791212703242,46.9359881854974,31.1212970560247,0
5.07190694910957,0,50.8868064880371,45.7360828187731,0,47.7454528808594,0,0,5.34238483355595,13.7570600108096,0,0,0,0,0,14.25378841824,18.4592923763779,18.9895183428205,0,0,0,31.0560061136882,30.0015525817871,27.4321146011353,18.1085366862161,30.0995240644975,0,0,0,0,0,0,0,0,46.6142196655273,70.4505081176758,0,0,0,29.8322449561288,27.4695960867496,24.157533708693,20.3003997888467,8.22850805521011,5.88788853883743,24.5491018797222,23.9541555122801,38.5039185744065,38.1901029709282,47.8688764095306,0,0,0,0,4.89403709049883,20.0046156247457,39.1725587844849,57.2882316589355,0,0,0,27.80419921875,31.6235796181458,37.9338684755213,35.8948380396916,0,25.9073514938354,0,32.8149132728577,0,0,0,42.006663222062,37.9170982088361,70.7577381134033,0,0,0,35.9290023538892,36.8179882695568,38.5009382835961,38.450289359655,14.6197393223243,29.6692361831665,22.2191096177871,20.9544015661016,8.44366378670647
0,0,0,0,0,7.8890710219945,0,3.80638885498047,0,0,0,4.51078878299824,0,0,0,0,0,0,0,0,0,0,0,0,0,0,0,0,0,3.37056255340576,0,0,0,0,0,4.10542592781092,0,5.42329891161485,0,35.4233570098877,0,43.3645324707031,0,0,0,24.2370910644531,0,56.309196472168,36.9336090087891,45.1162803649902,0,7.52738587061564,0,0,0,9.05332517623901,0,4.47575771808624,0,0,0,0,5.50021560069842,0,0,0,0,0,0,0,0,0,3.24474736622402,0,0,0,0,0,3.89062873329318,0,6.50607126538116,0,6.74935698509216,0,10.463402951636,0,0
0,0,6.65748868669782,0,6.23653549792162,0,2.85267293453217,0,17.4452929496765,0,4.39013662653393,0,0,0,0,0,0,0,0,0,0,0,0,0,0,0,0,0,0,0,0,0,0,0,0,0,3.84565864903953,0,4.8226826272692,0,0,0,30.6742477416992,0,0,0,27.5336618423462,0,43.4662780761719,0,11.0447522699833,0,0,0,0,0,6.41020293909728,0,0,0,0,0,0,3.89012932821071,0,0,0,0,0,0,0,0,0,6.44661331176758,0,0,0,0,0,4.11522543032669,0,6.16368749644022,4.70464782913526,0,4.80101085419351,0,0
0,0,0,0,0,0,0,0,0,17.458441734314,0,0,0,0,0,16.1507099999322,13.6873343732177,10.6526430832161,31.0560061136882,0,0,0,4.59848852286646,3.19794406340672,0,7.41890041033427,0,3.60774730282389,0,0,0,0,0,19.3274826636681,30.7574642181396,0,0,6.25187201712144,5.08001659998715,0,0,26.6906681060791,63.0843067169189,0,0,0,0,23.3465668360392,0,6.20636413939557,0,0,0,0,0,0,0,0,0,0,0,0,0,0,4.46939441625813,4.87867963146829,3.55528376128647,0,10.2706517080466,0,4.39746307452936,0,0,0,0,0,7.60644924640656,0,0,65.7089424133301,6.54423815168226,6.00162383734462,4.16469612173211,7.16803946570745,25.9651396274567,0,0
0,0,0,0,0,0,0,0,0,31.9726495742798,0,0,0,0,0,24.0731320381165,6.06819400953692,21.3361642595748,30.0015525817871,0,0,4.59848852286646,0,17.8421471913656,4.06049326370502,21.8248038291931,4.08039919535319,0,3.74925148550839,0,0,0,0,0,0,0,0,6.74832116882756,5.62162849171899,0,57.4915428161621,43.8419647216797,54.939022064209,0,0,0,0,29.3322696685791,7.83319491425944,0,0,0,0,0,0,0,0,0,0,0,0,31.641429901123,0,0,5.54968265210464,4.17967686003157,29.8994235992432,4.33430985927582,20.3373776949369,0,0,7.78200817997776,0,0,0,0,0,0,77.8624877929688,0,8.36356083552043,4.86859061705504,3.90376556252973,3.4020239784293,14.3881106376648,0,0
0,0,0,0,0,0,0,0,0,7.47228937123411,0,0,0,0,0,8.59559923229796,24.1021927515666,12.8319086721965,27.4321146011353,0,0,3.19794406340672,17.8421471913656,0,10.7731375694275,7.22176951169968,0,0,0,0,0,0,0,0,0,0,0,3.62948515120241,0,0,0,12.1397249257123,0,0,0,0,0,0,0,4.19511604309082,0,0,0,0,0,11.4603809356689,0,0,0,0,0,3.48592221736908,0,0,7.339550892512,0,4.58601570311393,0,11.4976575167283,0,0,0,0,0,0,0,0,0,41.6333391666412,0,5.07229615489243,0,5.68297703514607,0,25.2012478021475,22.1652140617371,0
0,0,0,0,0,0,0,0,3.85234087340686,22.3188296318054,0,0,0,0,4.66476271702693,0,11.468044144457,20.4873487331249,18.1085366862161,0,0,0,4.06049326370502,10.7731375694275,0,0,3.32560412578673,0,0,0,0,0,0,0,0,0,0,0,3.95271091714931,68.2731399536133,0,0,10.7154888908068,0,0,0,0,0,5.98309350013733,0,0,0,0,0,3.27670333935664,0,0,0,0,0,6.28177999413532,0,73.5135345458984,0,0,3.40393810987473,0,3.28102752113034,17.9478015899658,4.10804131031036,0,0,0,0,0,0,0,0,71.419921875,0,0,4.52504472474794,4.65906542369298,3.78041073387744,13.8102355003357,0,7.28825998306274
0,0,0,0,0,0,0,0,0,0,0,0,0,0,0,3.33166541951768,19.1253644837273,8.5328687473879,30.0995240644975,0,0,7.41890041033427,21.8248038291931,7.22176951169968,0,0,0,3.25001347064972,0,0,0,0,0,0,0,0,0,0,0,0,0,0,0,0,0,0,75.9161529541016,0,0,0,0,0,0,0,0,0,0,0,0,0,0,3.58515858650208,0,0,8.08872794335888,0,0,0,3.99346140478597,0,2.75154328346252,0,0,0,0,0,0,0,0,0,53.9588050842285,74.3799896240234,8.12942054892788,14.6513987117343,0,32.7769622802734,0
0,0,0,0,0,0,0,0,0,0,0,0,0,0,3.03748921192054,29.7383251190186,4.39262673772615,27.3795852661133,0,0,0,0,4.08039919535319,0,3.32560412578673,0,0,0,3.4137726864394,0,0,0,0,0,0,0,0,0,0,0,0,0,0,0,0,0,0,0,0,0,0,0,0,0,0,0,0,0,0,0,3.84623687649951,0,0,0,0,4.30316865444183,0,3.51622836930411,0,3.30126411039002,0,3.17087918096973,0,0,0,0,0,0,0,0,0,0,3.47092866897583,0,0,0,0
0,0,0,0,0,0,0,0,0,0,0,3.66000693722775,0,3.48753883990836,0,0,0,2.74230360984802,0,0,0,3.60774730282389,0,0,0,3.25001347064972,0,0,0,3.36860943025111,0,0,0,0,0,0,0,4.62651937862612,0,0,0,0,0,0,0,0,0,0,0,0,0,0,0,0,0,0,0,4.36386807381161,0,2.97233994305134,0,0,0,0,4.05130172136148,0,0,0,3.49955905808343,0,3.53500615000473,0,4.42740989062809,0,0,0,0,0,0,0,5.3671676381429,0,3.37739945486972,5.72948145866394,0,0,0
0,0,0,0,0,0,0,0,0,0,3.83877044253879,0,0,0,6.70291863547431,0,4.65736399826251,0,0,0,0,0,3.74925148550839,0,0,0,3.4137726864394,0,0,0,4.00478897615168,0,0,0,0,0,0,0,4.41213659342233,0,0,0,0,0,0,0,0,0,0,0,0,0,0,0,0,0,3.25205481052399,0,0,0,5.02023390928904,0,0,0,0,3.88237452507019,0,0,0,3.53260494825002,0,4.70190521751869,0,8.14408768149855,0,0,0,0,0,0,0,12.5424695364926,4.49775205070811,4.8709340776716,0,0,0
0,0,0,0,0,0,0,0,0,0,0,5.41821043529818,0,2.9397292137146,0,0,0,0,0,3.37056255340576,0,0,0,0,0,0,0,3.36860943025111,0,0,0,0,0,0,0,0,0,4.8693289924788,0,0,0,0,0,0,0,0,0,0,0,0,0,0,0,0,0,0,0,6.27408373709952,0,0,0,0,0,0,0,0,0,0,0,0,3.27031236779904,0,3.95941444667064,0,0,0,0,0,0,0,6.43334947228432,0,2.74641513824463,0,0,0,0
0,0,0,0,0,0,0,0,0,0,3.27817378802733,0,0,0,0,0,0,0,0,0,0,0,0,0,0,0,0,0,4.00478897615168,0,0,0,0,0,0,0,0,0,3.91784173669949,0,0,0,0,0,0,0,0,0,0,0,0,0,0,0,0,0,4.35055796983765,0,0,0,0,0,0,0,0,0,0,0,0,0,0,0,0,5.35140519410219,0,0,0,0,0,0,0,6.81461916237234,2.89136191931638,3.0420880317688,0,0,0
0,0,0,0,0,0,0,0,0,0,0,0,0,0,0,0,0,0,0,0,0,0,0,0,0,0,0,0,0,0,0,0,3.76349066191696,10.1649270161338,5.90323761105537,4.11076131663457,4.26695079545062,0,0,9.05208079020182,0,43.4230575561523,0,0,0,0,0,4.05240278137154,7.81835720274183,8.42328211601744,0,0,0,0,0,0,0,0,0,0,0,0,0,0,0,0,0,0,0,0,0,0,0,0,4.40730248340636,7.45411265081054,11.8975437117405,9.93515259759468,4.30441536810719,4.63262633737085,23.8166285923549,0,3.20458899927835,0,24.2865331967672,42.5781288146973,0
0,0,0,0,0,0,0,0,0,0,0,0,0,0,0,0,0,0,0,0,0,0,0,0,0,0,0,0,0,0,0,3.76349066191696,0,6.73574159776463,13.2018790410625,4.35934760546115,4.83428291082382,0,23.0493583679199,0,16.7754096984863,0,0,0,0,0,0,4.61198918483964,8.87480447292328,0,0,0,0,0,0,0,0,0,0,0,0,0,0,0,0,0,0,0,0,0,0,0,0,0,5.89063047776285,6.17952537134296,7.45901711151083,13.4151197419464,8.50144450532066,5.35033500482986,24.9735446506076,21.3689619261643,3.75511288376706,0,23.9545345306396,0,0
47.7965049743652,46.6875820159912,0,50.1420319875081,0,53.8985328674316,0,0,0,0,0,0,0,0,0,0,0,0,0,0,0,19.3274826636681,0,0,0,0,0,0,0,0,0,10.1649270161338,6.73574159776463,0,5.3140058143414,7.35081979262927,4.92900425195694,4.92362334023969,5.12823559211779,31.3631768756443,33.1369355519613,16.207298766735,19.1119225819906,0,0,41.966890335083,49.4515431722005,6.1863176436105,20.7216868752601,13.6267282460865,0,0,0,0,0,57.406436920166,0,52.295652117048,0,0,0,0,46.104377746582,0,24.1305695702048,0,0,0,0,0,0,0,61.5836181640625,0,17.6279201012391,18.0260769658619,6.02018953664103,7.44353494905249,15.9122793445848,0,7.12656811836853,16.1432305619791,3.7238376339444,4.50587233771449,24.3490752346111,21.2605628967285,0
40.719958114624,0,50.732795715332,0,0,0,0,0,0,0,0,0,0,0,0,0,0,0,46.6142196655273,0,0,30.7574642181396,0,0,0,0,0,0,0,0,0,5.90323761105537,13.2018790410625,5.3140058143414,0,0,6.30066239608909,8.36163780865846,5.37502177089653,0,21.1969171793033,30.1298637390137,14.3647942341549,0,0,0,40.9257789187961,5.96263688633767,12.3530874934253,17.8755103279563,0,0,0,0,0,0,31.9566556930542,0,0,0,0,0,0,32.0291767120361,30.5064881642659,0,0,0,0,0,0,0,0,26.278660093035,9.52938557904342,23.1646090793784,5.924633104626,6.05328657743533,0,5.83145642848242,13.1230870502055,7.9221750744048,4.25732833419165,5.03710596470893,27.221192507069,0,0
0,0,0,20.6628913879395,0,3.66030042469502,0,0,0,21.9377536773682,0,7.24434117421712,0,0,0,0,0,0,70.4505081176758,4.10542592781092,0,0,0,0,0,0,0,0,0,0,0,4.11076131663457,4.35934760546115,7.35081979262927,0,0,4.16040066187635,5.1611526996906,2.94944047927856,17.8811183525966,29.905481338501,23.3158967494965,18.6662823503668,0,0,9.42297895068214,0,9.72616880750258,15.8352231786058,18.998056564802,0,0,0,0,0,23.8439884185791,0,32.4415903091431,0,0,0,0,4.52135483227293,0,0,0,0,0,0,0,0,0,0,0,10.0929740518332,5.74256531041411,3.22401094436646,0,4.67635490552506,4.26338583955935,5.80906299845495,0,4.69904604167383,3.67474905426583,13.2669114444567,0,0
0,0,0,0,3.09907956684337,0,0,0,0,0,3.2386543675314,0,0,0,0,0,0,0,0,0,3.84565864903953,0,0,0,0,0,0,0,0,0,0,4.26695079545062,4.83428291082382,4.92900425195694,6.30066239608909,4.16040066187635,0,0,5.184132960686,0,13.4592570024093,0,21.2166351675987,0,0,0,12.4882495869761,23.3857866504736,23.3796670209071,34.2811393737793,3.38345623016357,0,0,0,0,0,28.6943111419678,0,0,0,0,0,0,6.38430404254835,0,0,0,0,0,0,0,0,0,36.811671257019,5.16308882773629,5.82859677341249,5.61291170120239,15.5640287524775,4.51277135936623,4.84767660418091,60.1648406982422,7.0666125226183,4.48848927596617,4.1700514793396,12.2545459753059,0,0
0,0,0,0,0,0,0,0,0,0,0,3.26169176948698,0,0,0,0,0,0,0,5.42329891161485,0,6.25187201712144,6.74832116882756,3.62948515120241,0,0,0,4.62651937862612,0,4.8693289924788,0,0,0,4.92362334023969,8.36163780865846,5.1611526996906,0,0,4.42010208935731,0,0,12.2598857058768,37.7154960632324,0,0,0,0,6.41273835011018,18.6202929360526,7.55330779155095,0,0,0,0,0,0,0,6.08752163973722,0,0,0,0,5.69240707159042,0,9.09665527416803,12.4389476776123,4.84420191614251,0,0,0,7.15741238743067,0,6.18968724069141,0,0,0,9.75856148815719,16.500369015862,4.95124167293199,0,5.02964317276455,4.45982226210649,3.8569843925772,3.19004261799889,10.9985569529608,6.75483798980713,0
0,48.2632637023926,0,54.796028137207,0,0,0,0,0,0,3.63229389985402,0,0,0,0,0,0,0,0,0,4.8226826272692,5.08001659998715,5.62162849171899,0,3.95271091714931,0,0,0,4.41213659342233,0,3.91784173669949,0,23.0493583679199,5.12823559211779,5.37502177089653,2.94944047927856,5.184132960686,4.42010208935731,0,0,0,0,9.90689396629699,0,0,0,0,7.87099972643966,6.58528901713017,17.5042547746138,0,0,0,0,0,0,8.32375526428223,0,0,0,0,0,0,10.6602607748725,6.70758239295748,8.09278834636013,0,4.78991181737795,0,0,0,7.50440703497993,0,15.0324551283595,0,36.873908996582,6.07724604904652,5.55980830860936,2.95180654525757,6.43709308055501,6.02433501677894,4.80880220180858,4.12593261161884,3.22573216295473,6.91516592060075,0,0
0,53.9130401611328,0,37.4080269991697,0,33.2777819633484,0,0,0,41.3093738555908,0,0,0,0,0,0,52.713751721738,49.6121061561752,29.8322449561288,35.4233570098877,0,0,0,0,68.2731399536133,0,0,0,0,0,0,9.05208079020182,0,31.3631768756443,0,17.8811183525966,0,0,0,0,25.2527732849121,19.1444440457624,29.2420315393587,28.4767036437988,0,12.243792473384,29.7329016598788,14.4017029295455,8.55603133572473,16.8721219644663,0,0,0,0,0,54.8578605651855,0,45.6422134160996,0,0,0,0,7.65791782024332,37.999683380127,0,0,0,0,0,0,0,0,43.7181286428167,0,16.3948020935059,0,40.8830718994141,0,11.0115517327698,64.2005189259847,34.2833512793853,53.6672859191895,29.6640930504634,60.9269790649414,16.9496942518564,35.0734275711907,0
0,0,34.7012157440186,0,47.104471206665,41.4102783203125,0,0,32.6178436279297,0,0,0,0,0,0,0,47.099656461938,52.9552603149414,27.4695960867496,0,0,0,57.4915428161621,0,0,0,0,0,0,0,0,0,16.7754096984863,33.1369355519613,21.1969171793033,29.905481338501,13.4592570024093,0,0,25.2527732849121,0,45.1693960825602,19.6000149445296,0,22.0042193276542,17.0538425445557,16.1046165312404,15.5000550536009,15.0750898650145,22.4995596225445,49.0054416656494,0,0,0,0,0,45.8212575912476,38.957145690918,0,0,0,0,49.9223899841309,13.8244014325207,0,0,0,0,0,0,0,0,85.9996585845947,42.5212618410587,0,0,0,28.0314104660698,59.2935874938965,8.96131403825125,72.5737260182699,33.6894098356658,29.8587997864033,0,16.8584922662737,0,27.367733001709
0,12.8944697145299,0,31.240772152995,0,32.1797780501537,0,0,21.7067699432373,9.47194447015461,0,47.4184150695801,0,0,0,0,40.7373468748486,37.4453808786643,24.157533708693,43.3645324707031,0,26.6906681060791,43.8419647216797,12.1397249257123,0,0,0,0,0,0,0,43.4230575561523,0,16.207298766735,30.1298637390137,23.3158967494965,0,12.2598857058768,0,19.1444440457624,45.1693960825602,0,16.0878116245001,46.1835746765137,0,26.0329681433641,45.6349893297468,15.5243573402181,36.0076266697475,16.1153109065657,0,0,0,0,0,10.3411098750862,0,18.2091578647095,0,0,0,0,20.7679735385296,49.2664604187012,34.5795707702637,0,6.51278209686279,0,77.8721885681152,0,0,0,15.3800426163745,34.282299041748,48.4366099039714,0,18.4266331110682,0,24.5778577112169,63.1343317339497,21.3954553440997,63.6406323115031,12.567040925522,49.3271293640137,18.9073154789872,7.62331009499475,0
14.5214921385743,0,29.6685084755539,35.9645569801331,31.5143194198608,0,0,0,7.56575152526299,28.8787835439046,0,0,0,0,0,0,37.1251854355271,42.0934282380181,20.3003997888467,0,30.6742477416992,63.0843067169189,54.939022064209,0,10.7154888908068,0,0,0,0,0,0,0,0,19.1119225819906,14.3647942341549,18.6662823503668,21.2166351675987,37.7154960632324,9.90689396629699,29.2420315393587,19.6000149445296,16.0878116245001,0,0,36.9686703681946,30.8661290274726,27.6147511099558,14.4238818373983,13.4348690654067,19.6235902426673,39.2028058369954,0,0,0,11.2230543030633,0,14.6607979742244,35.8843374252319,0,0,0,0,38.9080058506557,21.2720454047961,0,0,0,0,55.4612503051758,0,0,0,47.0894985198975,19.7898500711238,26.3798198699951,0,0,14.0376909800938,39.5362839083518,25.1219371841417,51.0091834890431,25.0586724826673,13.0672565073987,0,18.5745982392618,12.2674456664494,9.30054596869532
0,0,0,0,0,0,0,0,0,0,0,0,0,0,0,0,0,40.8543395996094,8.22850805521011,0,0,0,0,0,0,0,0,0,0,0,0,0,0,0,0,0,0,0,0,28.4767036437988,0,46.1835746765137,0,0,0,23.2781095504761,0,34.7077293395996,0,0,0,0,0,0,0,0,0,0,0,0,0,0,21.5890124184745,0,0,0,0,0,0,0,0,0,18.4894523620605,0,0,0,0,0,23.152604450899,0,21.409343123436,0,0,0,10.0092534147776,0,0
0,0,0,0,0,0,0,0,0,0,0,0,0,0,0,0,0,45.1336097717285,5.88788853883743,0,0,0,0,0,0,0,0,0,0,0,0,0,0,0,0,0,0,0,0,0,22.0042193276542,0,36.9686703681946,0,0,0,21.7052753766378,0,59.3967666625977,0,0,0,0,0,0,0,17.21653175354,0,0,0,0,0,0,15.9904594421387,0,0,0,0,0,0,0,0,0,23.0232594807943,0,0,0,0,0,26.9936474561691,0,28.7198173205058,24.3881959915161,0,18.7965588958896,0,0
0,0,0,19.4633383590184,0,14.3372226715088,0,0,89.8011474609375,15.5999050140381,0,0,0,0,0,0,49.6382631574358,45.8664265573025,24.5491018797222,24.2370910644531,0,0,0,0,0,0,0,0,0,0,0,0,0,41.966890335083,0,9.42297895068214,0,0,0,12.243792473384,17.0538425445557,26.0329681433641,30.8661290274726,23.2781095504761,0,0,0,37.6458456546445,39.7565234048026,33.9034290219917,0,0,0,0,0,21.6641419728597,0,17.463518725939,0,0,0,0,7.04389012902022,0,0,0,0,0,0,0,0,0,23.7383739247042,0,0,0,0,0,12.2825782734004,0,30.8092760242177,0,31.1333530393697,0,11.1280926646983,44.92067527771,0
20.6074776649475,0,11.0140857696533,0,24.2006866455078,0,0,0,46.3626441955566,0,0,0,0,0,0,0,47.9412343925405,50.178960118975,23.9541555122801,0,27.5336618423462,0,0,0,0,75.9161529541016,0,0,0,0,0,0,0,49.4515431722005,40.9257789187961,0,12.4882495869761,0,0,29.7329016598788,16.1046165312404,45.6349893297468,27.6147511099558,0,21.7052753766378,0,0,36.6948220084695,33.0908692793319,36.3019035339355,30.9989070892334,0,0,0,0,0,28.0355103199299,47.3908996582031,0,0,0,0,0,15.2458871211513,72.6748123168945,0,0,0,0,0,0,0,0,30.8930395299738,0,0,0,52.1234893798828,64.2505836486816,25.1056568091203,75.3556722005208,37.7018497594645,29.8053166252488,0,19.5021276588836,0,36.7023143768311
36.6231863233778,35.5407132339478,45.0276593526204,46.3502180549536,46.516716003418,44.8195372687446,0,0,54.7481269836426,0,0,0,0,0,0,0,57.2354965209961,52.4923324584961,38.5039185744065,56.309196472168,0,23.3465668360392,29.3322696685791,0,0,0,0,0,0,0,0,4.05240278137154,4.61198918483964,6.1863176436105,5.96263688633767,9.72616880750258,23.3857866504736,6.41273835011018,7.87099972643966,14.4017029295455,15.5000550536009,15.5243573402181,14.4238818373983,34.7077293395996,0,37.6458456546445,36.6948220084695,0,9.72404816922433,8.29942884386139,0,0,0,0,34.6512017250061,51.1772944132487,33.5289753913879,46.9146277687766,0,0,0,0,42.0805110197801,32.8393944899241,28.4672122001648,0,0,0,0,0,0,0,56.7819399998106,34.439623037974,4.91383726567595,5.7661991999776,8.78736390227481,7.56671801685964,7.67807738554117,5.70142617423579,16.8491236348695,12.0372733591538,16.4868311864424,0,20.2968275220589,12.5629549291399,22.0737028121948
8.10861161565254,59.8508949279785,34.6078989739003,36.4279178272594,46.3388795852661,36.9282312393188,0,0,57.0047569274902,0,0,0,0,0,2.96050441265106,0,52.7211774190267,51.3245697021484,38.1901029709282,36.9336090087891,43.4662780761719,0,7.83319491425944,0,5.98309350013733,0,0,0,0,0,0,7.81835720274183,8.87480447292328,20.7216868752601,12.3530874934253,15.8352231786058,23.3796670209071,18.6202929360526,6.58528901713017,8.55603133572473,15.0750898650145,36.0076266697475,13.4348690654067,0,59.3967666625977,39.7565234048026,33.0908692793319,9.72404816922433,0,20.2195113597093,42.4471940994263,0,0,0,0,40.2012748718262,19.6343307817304,37.7090977260045,0,0,2.89840441942215,0,35.4143311182658,23.6560820296959,0,8.41825507966812,0,7.05771112442017,0,4.06710558255514,49.6630439758301,4.22378673510892,54.6334355672201,27.1862170867498,28.6990175247192,0,25.4241278966268,20.3228806327371,15.189681570214,20.3462728070508,30.0687640705747,8.16407032052727,22.1900571305249,0,18.5344668403288,41.2692375183105,19.2854412396749
52.9093449910482,19.9632587112836,0,30.3628314485566,0,41.5331679634426,0,0,0,34.3550373713175,0,0,0,0,0,0,58.9200863838196,61.3273432696307,47.8688764095306,45.1162803649902,0,6.20636413939557,0,4.19511604309082,0,0,0,0,0,0,0,8.42328211601744,0,13.6267282460865,17.8755103279563,18.998056564802,34.2811393737793,7.55330779155095,17.5042547746138,16.8721219644663,22.4995596225445,16.1153109065657,19.6235902426673,0,0,33.9034290219917,36.3019035339355,8.29942884386139,20.2195113597093,0,0,0,0,0,0,8.55011375670163,51.3775316874186,23.5004592832237,0,0,0,3.49756318872625,30.5923759636759,0,9.51052584944579,0,3.63790553857472,0,0,0,5.14760328244826,0,33.4754918523324,0,12.1539730230967,0,11.7853134473165,20.1942856939215,21.0748531954929,43.2211856842041,14.7234766651026,23.6619299767723,21.4616984017251,0,22.1760555692845,15.6018204276378,0
0,0,3.68932008743286,0,3.82136332988739,0,0,0,0,0,0,0,0,0,0,0,0,0,0,0,11.0447522699833,0,0,0,0,0,0,0,0,0,0,0,0,0,0,0,3.38345623016357,0,0,0,49.0054416656494,0,39.2028058369954,0,0,0,30.9989070892334,0,42.4471940994263,0,0,0,3.01998655001322,0,0,0,5.46644364270297,0,5.06989351908366,0,0,0,0,10.4275961956346,0,0,0,0,0,0,0,0,0,0,0,0,0,0,0,0,0,0,39.4037704467773,0,11.2405550110508,0,0
0,0,0,4.62876176834106,0,3.58123636466485,0,0,0,0,0,5.69960165023804,0,0,0,0,0,0,0,7.52738587061564,0,0,0,0,0,0,0,0,0,0,0,0,0,0,0,0,0,0,0,0,0,0,0,0,0,0,0,0,0,0,0,0,0,0,0,0,0,4.49177698067256,0,0,0,0,11.2276281356812,0,0,0,0,0,0,0,0,0,0,0,0,0,0,0,0,0,0,0,0,0,5.69310776392619,0,0
0,0,0,0,0,0,0,0,0,0,0,0,0,0,0,0,0,0,0,0,0,0,0,0,0,0,0,0,0,0,0,0,0,0,0,0,0,0,0,0,0,0,0,0,0,0,0,0,0,0,3.01998655001322,0,0,0,0,0,3.64300980567932,0,0,0,0,0,0,7.37460743996405,0,0,0,0,0,0,0,0,0,0,0,0,0,0,0,0,0,0,0,0,0,0,0
0,0,0,0,0,2.74337196350098,0,3.04776323542875,0,0,0,0,0,0,0,0,0,0,0,0,0,0,0,0,0,0,0,0,0,0,0,0,0,0,0,0,0,0,0,0,0,0,0,0,0,0,0,0,0,0,0,0,0,0,0,0,0,0,0,0,0,0,0,0,0,0,0,0,0,0,0,0,0,0,0,0,0,0,0,0,0,0,3.14598989486694,0,0,0,0
5.03108424271057,0,0,0,4.22441959381104,0,0,0,4.0979698594837,0,0,0,0,0,3.51902103424072,0,8.21676989396413,0,4.89403709049883,0,0,0,0,0,3.27670333935664,0,0,0,0,0,0,0,0,0,0,0,0,0,0,0,0,0,11.2230543030633,0,0,0,0,34.6512017250061,0,0,0,0,0,0,0,0,0,0,0,0,3.08302248716354,0,0,13.7035388946533,0,0,0,2.85799920558929,0,0,0,0,0,0,0,0,0,0,0,0,0,0,4.55477399324116,0,16.8299553108215,0,10.2879816784578
0,5.4238537833542,0,4.39904001672217,0,2.99365701675415,0,0,0,5.97784552232883,0,11.1783418655396,0,0,0,3.00826716423035,29.3336610794067,13.9252292633057,20.0046156247457,9.05332517623901,0,0,0,11.4603809356689,0,0,0,0,0,0,0,0,0,57.406436920166,0,23.8439884185791,0,0,0,54.8578605651855,0,10.3411098750862,0,0,0,21.6641419728597,0,51.1772944132487,40.2012748718262,8.55011375670163,0,0,0,0,0,0,0,4.66269715513502,0,4.23442943096161,0,5.17604635607812,15.402247651418,0,0,0,3.83730499744415,0,0,0,2.94985342025757,0,0,0,0,0,0,0,22.8238875071208,0,7.79391548037529,0,13.170839369297,0,9.69659094285157,8.11762857437134,0
32.4752616882324,0,17.9064057751706,0,5.14899819587993,0,4.4480082988739,0,0,0,3.90946943165341,0,2.93821692466736,0,0,0,67.6479682922363,0,39.1725587844849,0,6.41020293909728,0,0,0,0,0,0,0,3.25205481052399,0,4.35055796983765,0,0,0,31.9566556930542,0,28.6943111419678,0,8.32375526428223,0,45.8212575912476,0,14.6607979742244,0,17.21653175354,0,28.0355103199299,33.5289753913879,19.6343307817304,51.3775316874186,5.46644364270297,0,3.64300980567932,0,0,0,0,0,0,0,0,0,0,4.88961149860004,0,0,0,0,0,0,0,0,0,6.69887772486048,0,0,0,0,0,40.6756899907039,49.2805976867676,9.99273931980133,17.7537964167802,0,9.56935844976001,0,11.2524859564645
0,4.66455755735698,0,28.6869296310394,0,5.57644751978136,0,3.62416982650757,0,7.19580411911011,0,3.84573082433291,0,4.26949063826927,0,0,75.1347885131836,60.1698627471924,57.2882316589355,4.47575771808624,0,0,0,0,0,0,0,4.36386807381161,0,6.27408373709952,0,0,0,52.295652117048,0,32.4415903091431,0,6.08752163973722,0,45.6422134160996,38.957145690918,18.2091578647095,35.8843374252319,0,0,17.463518725939,47.3908996582031,46.9146277687766,37.7090977260045,23.5004592832237,0,4.49177698067256,0,0,0,4.66269715513502,0,0,0,5.7385703444916,0,3.71906272570292,9.18953551009849,0,0,0,3.05164387042706,0,0,0,6.62848729400311,0,8.46345977718814,0,0,0,0,0,43.8556666166886,0,10.5861384310621,83.1782608032227,7.90393426872435,3.00557748476664,10.881538788542,0,0
0,0,0,0,4.65029573440552,0,0,0,0,0,3.26209759712219,0,3.0732686535624,0,4.21324195861816,0,0,0,0,0,0,0,0,0,0,0,0,0,0,0,0,0,0,0,0,0,0,0,0,0,0,0,0,0,0,0,0,0,0,0,5.06989351908366,0,0,0,0,0,0,0,0,0,4.9731240272522,0,0,0,0,0,0,0,0,0,0,4.03230628100308,0,0,0,0,0,0,0,0,0,0,0,0,0,0,0
0,7.73113084876019,0,2.76295515469142,0,5.49481105804443,0,0,0,0,0,3.69804167292973,0,3.07186883926392,0,0,0,0,0,0,0,0,0,0,0,0,0,2.97233994305134,0,0,0,0,0,0,0,0,0,0,0,0,0,0,0,0,0,0,0,0,0,0,0,0,0,0,0,4.23442943096161,0,5.7385703444916,0,0,0,4.62383490800858,12.3445158004761,0,0,0,0,0,0,0,3.56424491609161,0,0,0,0,0,0,0,16.2485637664795,0,0,0,3.05722965524529,3.42549387644382,0,0,0
2.94248259067535,0,0,0,0,0,0,0,3.125906773642,0,0,0,4.32963441062148,0,3.78295075175274,0,3.94872147896711,0,0,0,0,0,0,0,6.28177999413532,0,3.84623687649951,0,5.02023390928904,0,0,0,0,0,0,0,0,0,0,0,0,0,0,0,0,0,0,0,2.89840441942215,0,0,0,0,0,3.08302248716354,0,0,0,4.9731240272522,0,0,0,0,0,0,0,0,0,0,4.97344396901982,0,3.65354100863139,0,0,0,0,0,0,0,0,0,0,4.46142132793154,0,0,0,0
0,3.22424310796401,0,0,0,0,0,0,0,4.30241288989782,0,0,0,3.57579064369202,0,3.68090534210205,27.9294944763184,7.78880921602249,27.80419921875,0,0,0,31.641429901123,3.48592221736908,0,3.58515858650208,0,0,0,0,0,0,0,0,0,0,0,0,0,0,0,0,0,0,0,0,0,0,0,3.49756318872625,0,0,0,0,0,5.17604635607812,0,3.71906272570292,0,4.62383490800858,0,0,0,0,27.1916599273682,0,3.40665644511842,0,0,0,2.94567275047302,0,0,0,0,0,0,0,0,0,0,0,3.29092701276143,0,0,0,0
0,0,0,23.6989696198615,0,11.9661903132616,0,0,0,19.6694936275482,0,5.05949389085002,0,0,0,0,57.1329934861925,52.581227774932,31.6235796181458,5.50021560069842,0,0,0,0,73.5135345458984,0,0,0,0,0,0,0,0,46.104377746582,0,4.52135483227293,0,5.69240707159042,0,7.65791782024332,49.9223899841309,20.7679735385296,38.9080058506557,21.5890124184745,0,7.04389012902022,0,42.0805110197801,35.4143311182658,30.5923759636759,0,11.2276281356812,0,0,0,15.402247651418,0,9.18953551009849,0,12.3445158004761,0,0,0,0,0,0,0,0,0,0,0,0,11.9128979827439,0,46.6132469177246,0,0,0,6.55411507391526,0,9.72261744834903,81.0617828369141,32.8846037617097,0,13.2963509046298,24.777571105957,0
22.3422222137451,0,13.7583078101829,0,12.9999547423297,0,7.94046082703964,0,15.1300084590912,0,4.12509746328201,0,0,0,0,0,56.2015390396118,58.5003209795271,37.9338684755213,0,3.89012932821071,0,0,0,0,0,0,0,0,0,0,0,0,0,32.0291767120361,0,6.38430404254835,0,10.6602607748725,37.999683380127,13.8244014325207,49.2664604187012,21.2720454047961,0,15.9904594421387,0,15.2458871211513,32.8393944899241,23.6560820296959,0,10.4275961956346,0,7.37460743996405,0,13.7035388946533,0,4.88961149860004,0,0,0,0,0,0,0,0,0,0,0,0,0,0,0,0,12.184659132491,0,0,0,50.8212013244629,0,9.38160342473921,69.6729888916016,9.67152216395002,31.1106716735022,0,11.3630433033841,0,11.3377339045207
78.9671478271484,0,0,0,0,0,0,0,0,23.9361584981283,0,0,0,0,0,22.6289172172546,17.5188865809861,11.7653431903382,35.8948380396916,0,0,4.46939441625813,5.54968265210464,7.339550892512,0,8.08872794335888,0,4.05130172136148,0,0,0,0,0,24.1305695702048,30.5064881642659,0,0,9.09665527416803,6.70758239295748,0,0,34.5795707702637,0,0,0,0,72.6748123168945,28.4672122001648,0,9.51052584944579,0,0,0,0,0,0,0,0,0,0,0,27.1916599273682,0,0,0,5.96102691478417,3.77179741695009,0,4.46024319444384,0,5.7499500642766,0,0,0,0,72.3655776977539,17.4139633178711,34.9134674072266,0,0,9.95937462752247,10.3336592750116,5.70259943931588,5.80439046791622,30.0942813410903,39.6310577392578,0
0,0,0,0,0,0,0,0,0,0,0,0,0,0,0,0,5.68104994297028,0,0,0,0,4.87867963146829,4.17967686003157,0,3.40393810987473,0,4.30316865444183,0,3.88237452507019,0,0,0,0,0,0,0,0,12.4389476776123,8.09278834636013,0,0,0,0,0,0,0,0,0,8.41825507966812,0,0,0,0,0,0,0,0,0,0,0,0,0,0,0,5.96102691478417,0,0,3.2709342633094,0,2.94270404179891,0,3.63278851685701,0,0,0,0,0,0,0,0,50.1908111572266,7.64193043799995,3.59829641256518,3.07296077104715,14.3241793314616,0,0
0,2.92907892227173,0,0,0,0,0,0,0,9.42502874135971,0,0,0,0,0,4.53200006484985,29.0931647618612,9.11259482210914,25.9073514938354,0,0,3.55528376128647,29.8994235992432,4.58601570311393,0,0,0,0,0,0,0,0,0,0,0,0,0,4.84420191614251,0,0,0,6.51278209686279,0,0,0,0,0,0,0,3.63790553857472,0,0,0,0,0,3.83730499744415,0,3.05164387042706,0,0,0,3.40665644511842,0,0,3.77179741695009,0,0,0,3.37663645588833,0,3.82949719964996,0,0,0,0,0,0,0,0,0,4.88788498166096,0,3.70059727629026,0,4.44256111114256,0,0
0,0,0,0,0,0,0,0,4.10987257957458,0,0,0,0,0,0,0,0,0,0,0,0,0,4.33430985927582,0,3.28102752113034,0,3.51622836930411,0,0,0,0,0,0,0,0,0,0,0,4.78991181737795,0,0,0,0,0,0,0,0,0,7.05771112442017,0,0,0,0,0,2.85799920558929,0,0,0,0,0,0,0,0,0,0,3.2709342633094,0,0,0,0,0,0,0,0,0,0,0,0,0,0,0,6.11934768146193,6.7119317150116,0,4.21375404085432,0,0
0,0,0,0,0,0,0,0,0,17.8251121838888,0,0,0,0,0,5.79598264694214,23.8007372075861,10.4059450912216,32.8149132728577,0,0,10.2706517080466,20.3373776949369,11.4976575167283,17.9478015899658,3.99346140478597,0,3.49955905808343,0,0,0,0,0,0,0,0,0,0,0,0,0,77.8721885681152,55.4612503051758,0,0,0,0,0,0,0,0,0,0,0,0,0,0,0,0,0,0,0,0,0,4.46024319444384,0,3.37663645588833,0,0,0,4.71123916930829,0,0,0,0,0,0,0,65.7456979751587,84.061767578125,73.5287551879883,88.7137680053711,10.805877533826,16.5659189224243,71.7939453125,0,0
0,0,0,0,0,0,0,0,0,0,0,0,5.05241680145264,0,3.41842796802521,0,4.00076285998027,0,0,0,0,0,0,0,4.10804131031036,0,3.30126411039002,0,3.53260494825002,0,0,0,0,0,0,0,0,0,0,0,0,0,0,0,0,0,0,0,4.06710558255514,0,0,0,0,0,0,0,0,0,0,0,4.97344396901982,0,0,0,0,2.94270404179891,0,0,0,0,0,5.4146200093356,0,0,0,0,0,0,0,0,0,0,3.5018902908672,0,0,0,0
0,0,0,0,0,0,0,0,0,0,0,5.57405636674267,0,4.24523719110637,0,0,0,0,0,0,0,4.39746307452936,0,0,0,2.75154328346252,0,3.53500615000473,0,3.27031236779904,0,0,0,0,0,0,0,7.15741238743067,0,0,0,0,0,0,0,0,0,0,49.6630439758301,5.14760328244826,0,0,0,0,0,2.94985342025757,0,6.62848729400311,0,3.56424491609161,0,2.94567275047302,0,0,5.7499500642766,0,3.82949719964996,0,4.71123916930829,0,0,0,5.71109456400717,0,0,0,16.9836235046387,0,0,0,4.79344453927434,0,3.71505112087941,4.45785171321676,8.2550971291282,0,0
0,0,0,0,0,0,0,0,0,0,0,0,3.46568091891029,0,3.65445319811503,0,0,0,0,0,0,0,7.78200817997776,0,0,0,3.17087918096973,0,4.70190521751869,0,0,0,0,0,0,0,0,0,7.50440703497993,0,0,0,0,0,0,0,0,0,4.22378673510892,0,0,0,0,0,0,0,0,0,4.03230628100308,0,3.65354100863139,0,0,0,0,3.63278851685701,0,0,0,5.4146200093356,0,0,0,2.81325761477152,0,0,0,0,0,0,0,13.9340224266052,6.51652965247631,7.36830854415894,0,0,0
0,28.1721360015869,0,30.4958942240648,0,31.4788952703061,0,0,0,0,0,10.1545974917639,0,0,0,0,63.3734003702799,60.4064162572225,42.006663222062,3.24474736622402,0,0,0,0,0,0,0,4.42740989062809,0,3.95941444667064,0,0,0,61.5836181640625,0,0,0,6.18968724069141,0,43.7181286428167,85.9996585845947,15.3800426163745,47.0894985198975,18.4894523620605,0,23.7383739247042,0,56.7819399998106,54.6334355672201,33.4754918523324,0,0,0,0,0,0,0,8.46345977718814,0,0,0,0,11.9128979827439,0,0,0,0,0,0,0,5.71109456400717,0,0,0,0,0,0,0,39.0489270727062,94.3870735168457,6.91228620555156,63.7891044616699,35.9751306056976,0,17.2329690236861,16.7951373538455,0
31.4026193618774,0,32.1727745707442,0,31.679349899292,0,0,0,30.5273265838623,0,4.17045589657717,0,0,0,0,0,53.0383535112653,87.714412689209,37.9170982088361,0,6.44661331176758,0,0,0,0,0,0,0,8.14408768149855,0,5.35140519410219,0,0,0,26.278660093035,0,36.811671257019,0,15.0324551283595,0,42.5212618410587,34.282299041748,19.7898500711238,0,23.0232594807943,0,30.8930395299738,34.439623037974,27.1862170867498,0,0,0,0,0,0,0,6.69887772486048,0,0,0,0,0,0,12.184659132491,0,0,0,0,0,0,0,2.81325761477152,0,0,0,0,0,0,0,44.673301783475,39.8362617492676,8.68968933884037,38.931583292344,16.9228458404541,14.3988055593436,0,18.7195647103446
0,0,0,0,0,0,0,0,0,0,0,0,0,0,0,0,0,62.1523361206055,70.7577381134033,0,0,0,0,0,0,0,0,0,0,0,0,4.40730248340636,5.89063047776285,17.6279201012391,9.52938557904342,10.0929740518332,5.16308882773629,0,0,16.3948020935059,0,48.4366099039714,26.3798198699951,0,0,0,0,4.91383726567595,28.6990175247192,12.1539730230967,0,0,0,0,0,0,0,0,0,0,0,0,46.6132469177246,0,0,0,0,0,0,0,0,0,0,0,0,9.66311672798258,16.9952925563506,12.7196399194223,7.11916933979904,16.5689693230849,27.8281017303467,0,4.06770295761097,0,27.4121808138761,49.1178321838379,0
