0,0,4.60810463453951,0,0,0,0,0,4.09924801021603,0,0,0,0,0,3.00793927907944,0,0,0,9.2734205275774,0,0,0,0,0,0,0,0,0,0,0,0,0,0,0,0,0,55.0723253885905,0,48.0260721842448,0,30.9885381062826,0,27.7097851889474,0,0,75.2985992431641,29.8806908130646,0,4.0654342468874,0,0,0,0,0,3.65784745866602,0,25.8945615556505,0,4.09600634234292,0,3.77258380930474,0,0,41.3866195678711,0,0,0,0,0,0,0,0,0,29.4713370983417,0,0,0,0,72.3274383544922,39.7398126548696,0,35.0065404940874,9.54689249565931,0,10.5933408903521,0,46.5487713813782
0,0,0,5.21594518270248,0,0,0,0,0,4.68926432557926,0,0,0,0,0,4.21851539611816,0,0,0,0,0,0,0,0,0,0,0,0,0,0,0,0,0,0,0,0,0,0,0,0,0,12.8376638412476,0,0,0,0,0,0,0,5.96493607103679,0,0,0,0,0,5.52039760299351,0,4.69896159853254,0,0,0,3.72331868635642,0,0,0,0,0,0,0,0,2.74007892608643,0,0,0,0,0,0,0,0,0,0,0,6.70772381895753,0,7.36871260557419,0,0
4.60810463453951,0,0,0,0,0,0,0,3.38486555644444,0,0,0,0,0,0,0,0,0,0,0,0,0,0,0,0,0,0,0,0,0,0,0,0,0,0,0,0,0,0,0,0,0,25.2094366963704,0,0,0,31.3508255004883,0,3.29757444262505,0,7.89320985031128,0,0,0,0,0,21.060390575512,0,6.11232352256775,0,0,0,0,23.7744674682617,0,0,0,0,0,0,0,0,0,28.1540165344874,0,0,0,0,0,42.6641654968262,0,31.1340901511056,14.8117655974168,0,10.9149215043148,0,20.6539855957031
0,5.21594518270248,0,0,0,5.5494502009007,0,0,0,0,0,2.72659611701965,0,0,0,0,0,0,45.8363346099854,0,0,0,0,0,0,0,0,0,0,0,0,0,0,0,0,0,0,0,0,35.2977901697159,0,29.3607993836099,0,0,0,20.8199774424235,0,31.5375747680664,34.8329191207886,34.1240294738249,0,6.05665552250447,0,0,0,0,0,24.1848990613764,0,3.91270089149475,0,0,30.4946164449056,0,0,0,0,0,0,0,0,0,30.7128465713993,0,0,0,0,0,55.9495385976938,0,35.3757214546204,0,15.5650403855861,4.04454387318004,19.8342081603513,23.8069165547689,57.9236946105957
0,0,0,0,0,0,3.73727167353911,0,5.6307692187173,0,0,0,0,0,0,0,0,0,0,0,9.57808075178237,0,0,0,0,0,0,0,0,0,0,0,0,0,0,0,34.1024178096226,0,0,0,34.4069385528564,0,0,0,0,0,25.1228917439779,0,43.3481784820557,0,3.54716386333589,0,0,0,4.23780823945999,0,0,0,0,0,0,0,0,11.5145887598467,0,0,0,0,0,0,0,0,0,0,0,0,0,0,0,24.7190849304199,0,0,6.76841962739323,0,16.4813227388594,0,0
0,0,0,5.5494502009007,0,0,0,3.69686128682104,0,2.89158424735069,0,3.01890667279561,0,0,0,0,0,0,36.5496578216553,6.04813301563263,0,0,0,0,0,0,0,0,0,0,0,0,0,0,0,0,0,0,0,40.2508369445801,0,30.9467960993449,0,0,0,11.8736065626144,0,36.4928894042969,0,38.2729133108388,0,3.54738176523984,0,3.1122132323005,0,3.55082868084763,0,29.6383075714111,0,0,0,5.49498217446463,6.78686789462441,0,0,0,0,0,0,0,0,0,34.8262100219727,0,0,0,0,0,44.9361343383789,0,0,0,5.31321647354201,0,7.6374477551097,0,0
0,0,0,0,3.73727167353911,0,0,0,0,0,4.54775762557983,0,0,0,0,0,0,0,0,0,3.37064242362976,0,0,0,0,0,0,0,0,0,0,0,0,0,0,0,0,0,0,0,0,0,0,0,0,0,0,0,0,0,3.41857677698135,0,3.15191049836761,0,0,0,3.54251472473145,0,0,0,0,0,0,0,0,0,0,0,0,0,0,0,0,0,0,0,0,0,0,0,0,0,2.84355443456899,0,0,0,0
0,0,0,0,0,3.69686128682104,0,0,0,0,0,3.29948755930055,0,0,0,0,0,0,0,5.65992349811963,0,0,0,0,0,0,0,0,0,0,0,0,0,0,0,0,0,0,0,0,0,0,0,0,0,0,0,0,0,0,0,0,0,2.96236467671085,0,0,0,4.12278811633587,0,4.54598808288574,0,0,7.22227584520976,0,0,0,0,0,0,0,0,0,0,0,0,0,0,0,0,0,0,0,3.26664003344143,0,0,0,0
4.09924801021603,0,3.38486555644444,0,5.6307692187173,0,0,0,0,0,0,0,0,0,3.93095699946086,0,24.176858959911,37.6879240337171,41.3477046489716,0,0,0,23.2164154052734,0,16.738666733106,0,11.069347454154,0,0,0,0,0,0,0,0,0,0,0,5.91826001840217,0,0,0,0,0,0,0,0,0,8.7705975514424,0,0,0,0,0,6.74690149154048,0,0,0,0,0,7.68080071873135,0,0,0,0,28.4457855224609,0,6.48424588597339,0,20.1626668506198,0,0,0,0,0,0,0,0,0,0,0,6.738440990448,11.7110604440465,0,6.57340389237259,0,0
0,4.68926432557926,0,0,0,2.89158424735069,0,0,0,0,0,0,0,0,0,4.14941474369594,38.4830224355062,20.0878738905667,22.4338530699412,0,0,29.9837474822998,0,26.5425720214844,0,10.4622787237167,0,0,0,0,0,0,0,0,0,0,0,0,0,0,0,12.4219434738159,0,0,0,0,0,0,0,14.5629776886531,0,0,0,0,0,4.44113007470882,0,0,0,0,0,8.80379474163055,0,0,0,0,3.03941316604614,0,23.1075871785482,0,0,0,0,0,0,0,0,0,70.0432186126709,0,4.34381527900696,0,8.69084437974065,0,4.86213112710625,7.83241128921509,0
0,0,0,0,0,0,4.54775762557983,0,0,0,0,0,4.36614486520941,0,0,0,0,0,49.2716026306152,0,3.45066518609779,0,0,0,0,0,0,0,0,0,4.1722197800755,0,0,0,0,0,3.23425493811327,0,3.31694005360113,0,51.7941627502441,0,0,0,0,0,29.0183842182159,0,0,0,0,0,0,0,0,0,4.58349368651848,0,4.71919242195461,0,0,0,0,11.9927631636797,0,0,0,0,0,0,0,0,0,4.99108133616957,0,0,0,0,84.6255340576172,32.5649080673854,0,4.05732025040521,3.63226457056792,0,38.3211915757921,0,0
0,0,0,2.72659611701965,0,3.01890667279561,0,3.29948755930055,0,0,0,0,0,2.94466722011566,0,0,0,0,0,4.32531694432239,0,0,0,0,0,0,0,0,0,11.911418223119,0,0,0,0,0,7.25091477235158,0,4.71290061917416,0,41.7337398529053,0,0,0,33.6806192398071,0,20.8770010471344,0,0,0,40.2765426635742,0,5.26594018936157,0,3.05535981655121,0,0,0,8.18917879752179,0,2.74229192733765,0,0,5.12341240247091,0,0,0,0,0,0,0,0,0,10.0496293299126,0,0,0,0,0,52.7436351776123,0,5.97478688843606,0,3.85620476658811,0,3.5909428331587,0,0
0,0,0,0,0,0,0,0,0,0,4.36614486520941,0,0,0,2.8259699344635,0,0,0,0,0,0,0,0,0,0,0,0,0,0,0,0,0,0,0,0,0,0,0,0,0,0,0,0,0,0,0,0,0,0,0,0,0,0,0,0,0,4.98509481373955,0,3.61242221231046,0,0,0,0,0,0,0,0,0,0,0,0,0,0,0,0,0,0,0,0,0,0,0,0,0,0,0,0
0,0,0,0,0,0,0,0,0,0,0,2.94466722011566,0,0,0,3.3694925904274,0,0,0,0,0,0,0,0,0,0,0,3.14385443720324,0,0,0,0,0,0,0,0,0,0,0,0,0,0,0,0,0,0,0,0,0,0,0,0,0,0,0,0,0,4.55453512498311,0,4.22725889315972,0,0,0,0,0,0,0,0,0,0,3.64795315650202,0,0,0,0,0,0,0,0,0,0,0,2.73859477043152,0,0,0,0
3.00793927907944,0,0,0,0,0,0,0,3.93095699946086,0,0,0,2.8259699344635,0,0,0,9.58783785658823,29.967960357666,0,0,0,0,0,0,0,0,6.48803740077549,0,0,0,0,0,0,0,0,0,0,0,0,0,0,0,0,0,0,0,0,0,0,0,0,0,0,0,3.66693738102913,0,0,0,0,0,2.86104907095432,0,0,0,0,0,0,0,0,16.8671722412109,0,0,0,0,0,0,0,0,0,0,0,0,5.89728758479125,0,0,0,0
0,4.21851539611816,0,0,0,0,0,0,0,4.14941474369594,0,0,0,3.3694925904274,0,0,62.7771415710449,7.75584322174123,0,0,0,0,0,0,0,6.52746939659119,0,0,0,0,0,0,0,0,0,0,0,0,0,0,0,0,0,0,0,0,0,0,0,0,0,0,0,0,0,3.56182388023094,0,0,0,3.50006025487726,0,3.16588466203035,0,0,0,0,0,0,4.59051287174225,0,0,0,0,0,0,0,0,0,0,0,0,0,7.33168598225242,0,0,0,0
0,0,0,0,0,0,0,0,24.176858959911,38.4830224355062,0,0,0,0,9.58783785658823,62.7771415710449,0,19.6069113867768,23.8550981741412,0,89.002555847168,28.6149274110794,10.3445922563661,29.3100260325841,14.6528541668352,35.8622879981995,9.4806248011462,0,0,0,0,0,0,0,0,97.5917205810547,93.4645853678385,0,81.6057612101237,70.3689665360884,60.4247425624302,64.9144220624651,44.0756652314784,53.952575138637,0,58.2645371754964,55.0212755268123,0,0,0,0,0,0,0,0,0,67.9874797821045,66.2688636779785,0,0,20.2516790344602,0,71.2397932572798,63.7067479220304,0,10.7672564047946,0,0,42.4102714061737,10.6334193486834,0,0,103.191402435303,62.2256633022375,0,0,0,0,81.453943515646,68.2444056696936,73.4186622619629,64.0894154420833,14.7060734559415,10.3217566172282,51.7297431440914,53.2527336120605,36.3554583339826
0,0,0,0,0,0,0,0,37.6879240337171,20.0878738905667,0,0,0,0,29.967960357666,7.75584322174123,19.6069113867768,0,19.0433494417751,0,0,11.5031275191135,40.2117500305176,12.6645774975252,24.8045460383097,8.08327338383813,29.5648474693298,6.04031082586194,0,0,0,0,0,0,0,78.2161026000977,112.761180877686,0,106.641792297363,64.1087834092437,66.7007923126221,48.7591749605925,58.1396930578983,42.4934682846069,0,55.4385566711426,69.3012293940005,0,0,54.9761791229248,0,0,0,0,0,0,73.1120643615723,79.2564061482747,0,0,40.8280029296875,17.8828869176948,66.8211812239427,78.573828288487,10.0877380900913,0,14.3450219631195,0,10.4645053196416,32.5575818148526,0,0,63.5554326375326,69.8421166737874,0,0,0,0,72.4335230251908,76.3684829640611,69.6819682121277,71.0877464026736,13.5969861476109,6.75948203237433,64.1373382337166,40.1189318205181,47.9259522177956
9.2734205275774,0,0,45.8363346099854,0,36.5496578216553,0,0,41.3477046489716,22.4338530699412,49.2716026306152,0,0,0,0,0,23.8550981741412,19.0433494417751,0,0,33.8756370544434,31.2362690501743,55.4149856567383,36.0101776123047,33.9812320073446,26.9212377797002,36.4366134643555,0,0,0,0,0,0,0,0,67.7099812467333,75.485719534067,78.7256450653076,69.311762883113,45.8881601137728,44.5942113922863,32.3710422798957,28.0108212523007,17.6979501419757,0,34.2570305862683,42.3128972153671,43.2690811157227,64.1335914611816,45.2409325327192,48.4883918762207,0,0,0,0,0,48.0362630571638,28.6036020497807,47.1003379821777,0,15.3802947998047,18.0116968154907,50.0051318211342,52.4389739019469,28.5400249481201,64.3093109130859,0,0,25.4895724094275,44.1711893948642,0,0,29.2757445153473,49.612452365565,0,0,0,0,52.1282006642438,52.4982873459917,41.3102464282636,51.4168822912288,15.7387289927302,13.6527846654256,33.5775595420404,12.9273717314528,29.7867504710501
0,0,0,0,0,6.04813301563263,0,5.65992349811963,0,0,0,4.32531694432239,0,0,0,0,0,0,0,0,0,0,0,0,0,0,0,0,0,0,0,0,0,0,0,5.30381323119341,0,4.05227618071498,0,45.9987277984619,0,0,0,0,0,7.33972905120071,0,33.9531339009603,31.9849058787028,35.9421810737023,0,0,0,0,0,0,0,3.91791030963262,0,0,0,0,5.94887139298033,0,0,0,0,0,0,0,0,0,4.91284894943237,0,0,0,0,0,8.64700762287684,0,10.7236833400333,0,5.73999013275397,0,7.23845332653826,0,0
0,0,0,0,9.57808075178237,0,3.37064242362976,0,0,0,3.45066518609779,0,0,0,0,0,89.002555847168,0,33.8756370544434,0,0,0,0,0,0,0,0,0,0,0,0,0,0,0,0,0,4.86409013416184,0,12.6556853694575,63.1617851257324,33.7792549133301,89.8359298706055,53.607873916626,0,0,0,23.3837492682717,47.7963008880615,36.1849390029907,0,6.36824510995289,0,0,0,0,0,6.7421111576799,0,0,0,0,0,0,8.7644258588213,0,0,0,0,0,0,0,0,0,42.6433329582214,0,0,0,0,0,7.39851751740368,0,13.4106400802292,22.7864505393165,0,18.0969979860345,0,21.028003692627
0,0,0,0,0,0,0,0,0,29.9837474822998,0,0,0,0,0,0,28.6149274110794,11.5031275191135,31.2362690501743,0,0,0,3.35813104129228,5.08450403493993,0,8.24876274560627,0,4.87505701128042,0,0,0,0,0,0,0,0,0,6.63189959010709,4.23780659607479,0,0,0,0,0,0,0,0,0,0,4.63215945506918,0,0,0,0,0,0,0,0,0,0,0,0,0,0,5.35535834191032,0,0,0,17.4007606506348,0,8.78443590799967,0,0,0,0,0,12.2667226791382,0,0,0,8.8365599573475,4.39836602944594,7.5520631868844,4.80513392268,8.73783270517985,0,0
0,0,0,0,0,0,0,0,23.2164154052734,0,0,0,0,0,0,0,10.3445922563661,40.2117500305176,55.4149856567383,0,0,3.35813104129228,0,0,3.32371502886704,0,5.63763137786619,0,3.30901544324813,0,0,0,0,0,0,0,0,0,6.36440208236104,0,0,0,0,0,0,0,0,0,9.49886361384217,0,0,0,0,0,0,0,0,0,0,0,0,0,0,0,5.14690218473736,5.32504726145093,0,3.99008989334106,0,6.2455192373154,0,4.85154983491609,0,0,0,0,0,0,112.812606811523,0,0,5.54493984412321,6.18422572721135,6.5231893658638,16.300796176448,0,0
0,0,0,0,0,0,0,0,0,26.5425720214844,0,0,0,0,0,0,29.3100260325841,12.6645774975252,36.0101776123047,0,0,5.08450403493993,0,0,0,4.87227140773426,0,0,0,0,0,0,0,0,0,0,0,4.871879473951,0,0,0,0,0,0,0,0,0,0,0,4.64608538150787,0,0,0,0,0,2.950170285774,0,0,0,0,0,0,0,0,3.38012780862696,0,5.03492662485908,0,4.85040903091431,0,0,0,0,0,0,0,16.7802861531576,0,0,0,7.31463848513526,0,5.8594218749832,12.6134812281682,6.76132270597642,0,0
0,0,0,0,0,0,0,0,16.738666733106,0,0,0,0,0,0,0,14.6528541668352,24.8045460383097,33.9812320073446,0,0,0,3.32371502886704,0,0,0,5.97029809951782,0,0,0,0,0,0,0,0,0,0,0,6.08448211708411,0,0,0,18.5631141662598,0,0,0,58.6366081237793,0,9.00333276059892,0,0,0,0,0,5.16466380776586,0,0,0,0,0,0,0,0,0,0,7.12773284912109,0,5.95575772057073,0,10.0280083656311,0,0,0,0,0,0,0,0,0,0,0,6.09490606736164,9.36829693344003,0,7.42687312508844,0,0
0,0,0,0,0,0,0,0,0,10.4622787237167,0,0,0,0,0,6.52746939659119,35.8622879981995,8.08327338383813,26.9212377797002,0,0,8.24876274560627,0,4.87227140773426,0,0,0,3.79211010932922,0,0,0,0,0,0,0,0,0,0,0,0,0,0,0,0,0,66.1538772583008,56.4885482788086,0,0,0,0,0,0,0,0,2.95375994841258,0,0,0,0,0,2.74845290184021,0,0,0,0,0,0,3.95471127827962,0,0,0,0,0,0,0,0,0,0,0,0,0,8.26342250381768,0,0,0,0
0,0,0,0,0,0,0,0,11.069347454154,0,0,0,0,0,6.48803740077549,0,9.4806248011462,29.5648474693298,36.4366134643555,0,0,0,5.63763137786619,0,5.97029809951782,0,0,0,2.91393303871155,0,0,0,0,0,0,0,0,0,0,0,0,0,0,0,0,0,0,0,0,0,0,0,0,0,3.04883107542992,0,0,0,3.1594877243042,0,0,0,0,0,0,7.97308317097751,0,3.41837010118696,0,4.65768205551874,0,3.18818804621696,0,0,0,0,0,0,76.4451675415039,69.1821517944336,0,0,11.1816452136768,19.7737050056458,0,0,0
0,0,0,0,0,0,0,0,0,0,0,0,0,3.14385443720324,0,0,0,6.04031082586194,0,0,0,4.87505701128042,0,0,0,3.79211010932922,0,0,0,2.89462337493896,0,0,0,0,0,0,0,3.63154656546456,0,0,0,0,0,0,0,0,0,0,0,0,0,0,0,0,0,0,0,2.98245112712567,0,3.74134603568486,0,0,0,0,0,0,0,0,0,0,3.63036291304225,0,3.50688932940017,0,0,0,0,0,0,0,3.73222221068616,0,4.16209330331712,3.87488517590932,0,0,0
0,0,0,0,0,0,0,0,0,0,0,0,0,0,0,0,0,0,0,0,0,0,3.30901544324813,0,0,0,2.91393303871155,0,0,0,3.76492998864916,0,0,0,0,0,0,0,5.56447358358474,0,0,0,0,0,0,0,0,0,0,0,0,0,0,0,0,0,0,0,0,0,0,0,0,0,0,3.65780790646871,0,0,0,0,0,4.75092960696623,0,0,0,0,0,0,0,0,0,7.24037491042038,0,0,0,0,0
0,0,0,0,0,0,0,0,0,0,0,11.911418223119,0,0,0,0,0,0,0,0,0,0,0,0,0,0,0,2.89462337493896,0,0,0,0,0,0,0,0,0,4.07992601394653,0,0,0,0,0,0,0,0,0,0,0,0,0,0,0,0,0,0,0,6.19310084388063,0,0,0,0,0,0,0,0,0,0,0,0,0,0,7.15410675825896,0,0,0,0,0,0,0,5.37499302625656,0,3.8884842480932,0,0,0,0
0,0,0,0,0,0,0,0,0,0,4.1722197800755,0,0,0,0,0,0,0,0,0,0,0,0,0,0,0,0,0,3.76492998864916,0,0,0,0,0,0,0,0,0,5.47505444950528,0,0,0,0,0,0,0,29.8401699066162,0,0,0,0,0,0,0,0,0,6.760851874496,0,0,0,0,0,0,14.8856728871663,0,0,0,0,0,0,0,4.75651077926159,0,4.22067265485594,0,0,0,0,0,43.477414449056,0,3.33557613193989,0,2.95278453826904,29.1912899017334,0,0
0,0,0,0,0,0,0,0,0,0,0,0,0,0,0,0,0,0,0,0,0,0,0,0,0,0,0,0,0,0,0,0,4.02098269874985,0,3.24333915114403,4.79446000211379,3.58930953025818,0,0,0,0,0,0,0,0,0,0,5.10230577852308,0,9.90274429321289,0,0,0,0,0,0,0,0,0,0,0,0,0,0,0,0,0,0,0,0,0,0,0,0,4.83537676418496,12.8108849367675,4.7957435783587,4.5507635474205,5.62776526042393,12.7963605244954,0,0,3.36730490887866,0,0,0,0
0,0,0,0,0,0,0,0,0,0,0,0,0,0,0,0,0,0,0,0,0,0,0,0,0,0,0,0,0,0,0,4.02098269874985,0,0,0,2.96075201034546,3.94539011694708,0,0,0,0,0,0,0,0,0,0,4.47955054610946,7.4623920917511,0,0,0,0,0,0,0,0,0,0,0,0,0,0,0,0,0,0,0,0,0,0,0,0,0,6.07321522620945,4.67194223146026,6.47865340288948,5.0380778204311,0,4.89624158494336,0,0,3.4621517374799,0,0,0,0
0,0,0,0,0,0,0,0,0,0,0,0,0,0,0,0,0,0,0,0,0,0,0,0,0,0,0,0,0,0,0,0,0,0,4.35613201028394,5.0699970358894,0,4.01328420026137,3.68724896907806,0,0,0,0,0,0,0,0,5.94448171258148,24.0295054117839,16.6787183718248,0,0,0,0,0,0,0,0,0,0,0,0,0,0,0,0,0,0,0,0,0,0,0,0,5.2164116364259,0,5.29264192139528,6.15904027820581,5.75654495925438,0,5.72198801215102,3.69964624853695,5.13242812956494,0,0,0,0
0,0,0,0,0,0,0,0,0,0,0,0,0,0,0,0,0,0,0,0,0,0,0,0,0,0,0,0,0,0,0,3.24333915114403,0,4.35613201028394,0,0,3.35330611672895,6.30797964075337,5.37393197767875,0,0,0,0,0,0,0,0,4.83779339430233,10.7161733627319,0,0,0,0,0,0,0,0,0,0,0,0,0,0,0,0,0,0,0,0,0,0,0,0,0,6.69686996936798,4.66487312316895,7.07509102451203,4.26584373263595,0,6.28916621307948,0,6.60954218229988,4.00288195673837,0,0,0,0
0,0,0,0,0,0,0,0,0,0,0,7.25091477235158,0,0,0,0,97.5917205810547,78.2161026000977,67.7099812467333,5.30381323119341,0,0,0,0,0,0,0,0,0,0,0,4.79446000211379,2.96075201034546,5.0699970358894,0,0,3.28729132983996,6.55874948848183,0,75.7826182842255,85.2729072570801,60.4259670883862,0,50.8887403488159,0,24.9102324373895,0,4.70301673513778,0,52.0656504631042,0,0,0,0,0,0,0,20.0449523925781,0,0,0,0,12.9734893894738,0,0,0,0,0,0,0,0,0,0,0,3.80748781451473,0,3.13975763320923,0,7.08379195984808,4.84553005453199,11.5474022913187,0,5.33080097949108,4.04850312641689,28.6989466530936,52.7763061523438,0
55.0723253885905,0,0,0,34.1024178096226,0,0,0,0,0,3.23425493811327,0,0,0,0,0,93.4645853678385,112.761180877686,75.485719534067,0,4.86409013416184,0,0,0,0,0,0,0,0,0,0,3.58930953025818,3.94539011694708,0,3.35330611672895,3.28729132983996,0,0,6.24432636002763,89.8021430969238,47.3944351673126,81.068613688151,51.7531032979923,0,0,110.713348388672,49.5729850914219,4.71400940895081,24.4216415977478,11.615733555385,30.8579088846842,0,0,0,0,0,8.55627249754392,108.643615722656,0,0,0,0,111.567504882812,24.9161462706904,0,0,0,0,0,0,0,0,0,50.0798187255859,6.63909387588501,13.2477832181113,0,4.56619866264058,102.975601196289,7.48336448899782,0,15.7027011990987,6.07748792083377,4.45509030710117,28.1172327740987,0,52.164994089227
0,0,0,0,0,0,0,0,0,0,0,4.71290061917416,0,0,0,0,0,0,78.7256450653076,4.05227618071498,0,6.63189959010709,0,4.871879473951,0,0,0,3.63154656546456,0,4.07992601394653,0,0,0,4.01328420026137,6.30797964075337,6.55874948848183,0,0,3.05822901203208,73.3638153076172,0,62.5595855712891,0,51.1365648905436,0,57.0207195281982,0,6.55976452293067,0,4.97300034253004,0,0,0,0,0,5.46352635111128,0,6.14815418784683,0,0,0,0,4.49357391865023,0,9.49452206712827,0,5.98326681317954,0,0,0,3.60135998725891,0,2.73745465278625,0,0,0,5.93049400048621,0,8.88940689073942,0,5.73114957626614,4.63850983257951,4.07374659574257,3.41613953643375,5.37919956392946,0,0
48.0260721842448,0,0,0,0,0,0,0,5.91826001840217,0,3.31694005360113,0,0,0,0,0,81.6057612101237,106.641792297363,69.311762883113,0,12.6556853694575,4.23780659607479,6.36440208236104,0,6.08448211708411,0,0,0,5.56447358358474,0,5.47505444950528,0,0,3.68724896907806,5.37393197767875,0,6.24432636002763,3.05822901203208,0,0,59.8038940429688,18.7774028778076,29.7390717789531,160.685668945312,0,0,42.1633608818054,4.68331940474443,5.19040185015348,0,38.4607086181641,0,0,0,8.38479478074157,0,25.6371872027715,0,0,0,0,0,0,17.1506820105336,5.5865441102248,5.57960657302491,0,7.0982415817193,0,0,0,6.13256549835205,0,2.81368446350098,0,0,10.6834639769334,4.66258273234946,79.9912261962891,11.9462025860778,3.53761581716866,5.71924585440516,6.07888903992601,3.09988204638163,11.2364549126928,0,15.1612105369568
0,0,0,35.2977901697159,0,40.2508369445801,0,0,0,0,0,41.7337398529053,0,0,0,0,70.3689665360884,64.1087834092437,45.8881601137728,45.9987277984619,63.1617851257324,0,0,0,0,0,0,0,0,0,0,0,0,0,0,75.7826182842255,89.8021430969238,73.3638153076172,0,0,66.2273921966553,21.7811381101041,47.8341224484327,30.5189661077551,0,21.875346116417,59.5778470611572,5.49425774432243,61.9488201141357,17.6268428880148,84.3548889160156,38.6853904724121,0,0,0,0,69.8090705871582,47.1304581470979,0,0,0,0,17.7973704419521,70.9653031485421,0,0,0,0,0,0,0,0,47.5460253755252,80.8666537891735,0,0,0,0,23.983662106784,75.2260089450412,29.6917681570406,84.9898974769994,37.7783637012705,0,18.7588519350374,22.6885662945834,65.0640151977539
30.9885381062826,0,0,0,34.4069385528564,0,0,0,0,0,51.7941627502441,0,0,0,0,0,60.4247425624302,66.7007923126221,44.5942113922863,0,33.7792549133301,0,0,0,0,0,0,0,0,0,0,0,0,0,0,85.2729072570801,47.3944351673126,0,59.8038940429688,66.2273921966553,0,44.0127155640546,21.2695772796869,54.9415645599365,22.0239086151123,58.7301466805594,14.252269124085,12.8020147596087,8.65467228137862,0,40.7118086678641,0,0,0,0,0,41.8930137460882,0,0,0,0,0,64.8998858133952,11.2910392591466,0,0,0,0,0,0,0,0,60.4253921508789,49.2508644712144,0,0,0,0,74.5397685822986,15.9556254432095,83.3336563110352,29.07897432817,41.947003633289,25.9864139556885,16.6700819801968,0,28.1540160569988
0,12.8376638412476,0,29.3607993836099,0,30.9467960993449,0,0,0,12.4219434738159,0,0,0,0,0,0,64.9144220624651,48.7591749605925,32.3710422798957,0,89.8359298706055,0,0,0,0,0,0,0,0,0,0,0,0,0,0,60.4259670883862,81.068613688151,62.5595855712891,18.7774028778076,21.7811381101041,44.0127155640546,0,13.1797841843769,22.5249969401258,0,33.1771858410958,40.2307174117477,16.8143325873784,91.4750061035156,9.78305814166192,0,0,0,0,0,0,65.1667073567708,15.9302562175438,0,0,0,0,20.6047413214799,53.4078225355882,0,0,0,0,0,0,0,0,18.3892705370778,77.6293655395508,0,0,0,0,31.5126111398356,55.9164162793206,35.2685557582922,60.7023338035301,17.8375624794452,0,17.2457922034577,11.388595549594,45.9694829940796
27.7097851889474,0,25.2094366963704,0,0,0,0,0,0,0,0,0,0,0,0,0,44.0756652314784,58.1396930578983,28.0108212523007,0,53.607873916626,0,0,0,18.5631141662598,0,0,0,0,0,0,0,0,0,0,0,51.7531032979923,0,29.7390717789531,47.8341224484327,21.2695772796869,13.1797841843769,0,0,0,56.7662563323975,25.1058843640858,12.5158545550905,13.4884710379526,0,40.8733920303046,0,0,0,0,0,20.1084513026142,0,0,0,30.5448932647705,0,54.2319940839495,27.078788066549,0,0,0,0,0,0,0,16.3144855499268,56.5072250366211,20.8041380635735,0,0,0,8.44104719161987,56.1771088600159,26.7066581868061,54.3663482666016,28.1594295900259,14.544893241612,23.9509140423366,14.1779132789421,36.7869421641032,10.774879018806
0,0,0,0,0,0,0,0,0,0,0,33.6806192398071,0,0,0,0,53.952575138637,42.4934682846069,17.6979501419757,0,0,0,0,0,0,0,0,0,0,0,0,0,0,0,0,50.8887403488159,0,51.1365648905436,160.685668945312,30.5189661077551,54.9415645599365,22.5249969401258,0,0,0,16.0129832029343,50.1157718234592,0,0,39.1243717193604,0,0,0,0,0,0,0,19.3893573094928,0,0,0,0,30.1243215288435,60.4484710693359,0,0,0,0,0,0,0,0,21.5017118395472,0,0,0,0,0,39.1116627707171,61.9630222320557,29.152012141064,82.2835693359375,28.8187687711896,0,17.5181862708294,32.5436807632446,0
0,0,0,0,0,0,0,0,0,0,0,0,0,0,0,0,0,0,0,0,0,0,0,0,0,0,0,0,0,0,0,0,0,0,0,0,0,0,0,0,22.0239086151123,0,0,0,0,0,18.9165687561035,0,0,0,0,0,0,0,0,0,0,0,0,0,0,0,0,0,0,0,0,0,0,0,0,0,0,0,0,0,0,0,0,25.8259353637695,42.9177093505859,0,6.72237014770508,0,6.1000919342041,0,0
75.2985992431641,0,0,20.8199774424235,0,11.8736065626144,0,0,0,0,0,20.8770010471344,0,0,0,0,58.2645371754964,55.4385566711426,34.2570305862683,7.33972905120071,0,0,0,0,0,66.1538772583008,0,0,0,0,0,0,0,0,0,24.9102324373895,110.713348388672,57.0207195281982,0,21.875346116417,58.7301466805594,33.1771858410958,56.7662563323975,16.0129832029343,0,0,52.6672163009644,25.5642709732056,25.8076032911028,26.9626502689424,0,47.7895355224609,0,0,0,0,64.9206390380859,18.6327113348015,0,0,0,0,9.14545073849277,61.2342300415039,0,0,0,0,0,0,0,0,20.4962827463945,0,0,0,0,0,22.8211138621897,67.7766116749157,21.5725375675488,83.6221160888672,26.7476198539305,0,17.248962800886,41.4762656348092,50.8021926879883
29.8806908130646,0,31.3508255004883,0,25.1228917439779,0,0,0,0,0,29.0183842182159,0,0,0,0,0,55.0212755268123,69.3012293940005,42.3128972153671,0,23.3837492682717,0,0,0,58.6366081237793,56.4885482788086,0,0,0,0,29.8401699066162,0,0,0,0,0,49.5729850914219,0,42.1633608818054,59.5778470611572,14.252269124085,40.2307174117477,25.1058843640858,50.1157718234592,18.9165687561035,52.6672163009644,0,46.0642486572266,24.3308687486956,70.7451858520508,24.4810277153464,0,0,0,0,0,27.448174358604,88.3480110168457,0,0,0,0,68.3998453049433,12.6133406853893,0,0,0,0,0,0,0,35.852087020874,75.2267549302843,36.4274685378563,0,46.3213310241699,0,0,68.8823551539957,24.0918730972339,61.8775291442871,32.3018783067288,38.0824752556937,23.649401473999,20.0987092703671,47.4012184143066,30.2398016982608
0,0,0,31.5375747680664,0,36.4928894042969,0,0,0,0,0,0,0,0,0,0,0,0,43.2690811157227,33.9531339009603,47.7963008880615,0,0,0,0,0,0,0,0,0,0,5.10230577852308,4.47955054610946,5.94448171258148,4.83779339430233,4.70301673513778,4.71400940895081,6.55976452293067,4.68331940474443,5.49425774432243,12.8020147596087,16.8143325873784,12.5158545550905,0,0,25.5642709732056,46.0642486572266,0,9.70276507449423,8.2393210924564,43.3531059265137,0,0,0,0,0,41.6444320678711,48.0133590698242,0,0,0,0,0,46.9936940329415,0,0,0,0,0,0,0,0,51.2518510818481,72.4086685180664,6.22890877786568,9.09778803862535,6.47689205087438,6.55129094589679,6.55433828249913,6.3219753715237,8.49010362123188,8.39883085886637,7.58626225223814,0,8.1873503143748,0,0
4.0654342468874,0,3.29757444262505,34.8329191207886,43.3481784820557,0,0,0,8.7705975514424,0,0,0,0,0,0,0,0,0,64.1335914611816,31.9849058787028,36.1849390029907,0,9.49886361384217,0,9.00333276059892,0,0,0,0,0,0,0,7.4623920917511,24.0295054117839,10.7161733627319,0,24.4216415977478,0,5.19040185015348,61.9488201141357,8.65467228137862,91.4750061035156,13.4884710379526,0,0,25.8076032911028,24.3308687486956,9.70276507449423,0,2.79944837093353,41.6523711745803,0,0,0,10.102395366978,0,32.8870518312735,0,8.50216829454577,0,5.38115704059601,0,28.1137046813965,32.6128272189889,0,6.87215712899747,0,7.37436838123752,0,5.03781271784493,0,3.5201787630717,0,39.1064869631892,18.0437908172607,10.2505279949733,20.6503791809082,12.8995823048531,53.6957130432129,7.43425266872877,62.5888557434082,9.76176971986013,11.9997359790184,0,13.7075529960607,0,51.7071253458659
0,5.96493607103679,0,34.1240294738249,0,38.2729133108388,0,0,0,14.5629776886531,0,40.2765426635742,0,0,0,0,0,54.9761791229248,45.2409325327192,35.9421810737023,0,4.63215945506918,0,4.64608538150787,0,0,0,0,0,0,0,9.90274429321289,0,16.6787183718248,0,52.0656504631042,11.615733555385,4.97300034253004,0,17.6268428880148,0,9.78305814166192,0,39.1243717193604,0,26.9626502689424,70.7451858520508,8.2393210924564,2.79944837093353,0,39.0403289794922,41.6026153564453,0,0,0,13.1369856014138,0,35.262133323484,0,4.84764432907104,0,3.53995399177074,34.0107815102355,0,5.05472048123678,0,3.66422430011961,0,2.95151786009471,0,4.4318323135376,0,19.2909110839793,0,10.8703165054321,0,19.2586636543274,0,20.0896914576756,0,7.77591813714416,69.283447265625,15.1460101631351,0,12.7415210589641,38.3099243981498,0
0,0,7.89320985031128,0,3.54716386333589,0,3.41857677698135,0,0,0,0,0,0,0,0,0,0,0,48.4883918762207,0,6.36824510995289,0,0,0,0,0,0,0,0,0,0,0,0,0,0,0,30.8579088846842,0,38.4607086181641,84.3548889160156,40.7118086678641,0,40.8733920303046,0,0,0,24.4810277153464,43.3531059265137,41.6523711745803,39.0403289794922,0,0,3.79443621635437,0,0,0,5.63871471211314,0,3.09079014460246,0,0,0,0,9.21935312068614,0,0,0,0,0,0,0,0,0,38.5694129943848,0,0,0,67.0194091796875,0,24.1697947351556,0,47.5247535705566,12.9473720788956,0,14.1897656451101,0,26.7578449249268
0,0,0,6.05665552250447,0,3.54738176523984,0,0,0,0,0,5.26594018936157,0,0,0,0,0,0,0,0,0,0,0,0,0,0,0,0,0,0,0,0,0,0,0,0,0,0,0,38.6853904724121,0,0,0,0,0,47.7895355224609,0,0,0,41.6026153564453,0,0,0,0,0,4.30663981437683,0,0,0,0,0,5.18718036015828,0,0,0,0,0,0,0,0,0,0,36.1077785491943,0,0,0,0,0,44.5288619995117,0,0,0,42.4181594848633,0,8.29370176273843,0,0
0,0,0,0,0,0,3.15191049836761,0,0,0,0,0,0,0,0,0,0,0,0,0,0,0,0,0,0,0,0,0,0,0,0,0,0,0,0,0,0,0,0,0,0,0,0,0,0,0,0,0,0,0,3.79443621635437,0,0,0,0,0,4.28470065243436,0,0,0,0,0,0,0,0,0,0,0,0,0,0,0,0,0,0,0,0,0,0,0,0,0,2.86772342289195,0,0,0,0
0,0,0,0,0,3.1122132323005,0,2.96236467671085,0,0,0,3.05535981655121,0,0,0,0,0,0,0,0,0,0,0,0,0,0,0,0,0,0,0,0,0,0,0,0,0,0,0,0,0,0,0,0,0,0,0,0,0,0,0,0,0,0,0,0,0,3.14852473952553,0,2.75373554229736,0,0,0,0,0,0,0,0,0,0,0,0,0,0,0,0,0,0,0,0,0,0,3.17206546068192,0,0,0,0
3.65784745866602,0,0,0,4.23780823945999,0,0,0,6.74690149154048,0,0,0,0,0,3.66693738102913,0,0,0,0,0,0,0,0,0,5.16466380776586,0,3.04883107542992,0,0,0,0,0,0,0,0,0,0,0,8.38479478074157,0,0,0,0,0,0,0,0,0,10.102395366978,0,0,0,0,0,0,0,0,0,0,0,3.51005278031031,0,0,0,0,0,0,4.64999609552948,0,0,0,0,0,0,0,0,0,0,0,0,0,7.8567403541421,4.23473596572876,0,9.92345956961314,0,0
0,5.52039760299351,0,0,0,3.55082868084763,0,0,0,4.44113007470882,0,0,0,0,0,3.56182388023094,0,0,0,0,0,0,0,2.950170285774,0,2.95375994841258,0,0,0,0,0,0,0,0,0,0,0,5.46352635111128,0,0,0,0,0,0,0,0,0,0,0,13.1369856014138,0,4.30663981437683,0,0,0,0,0,0,0,0,0,9.04036953893758,0,0,0,0,3.8476719668037,0,0,0,0,0,0,0,0,0,19.335768699646,0,0,0,8.27996166911694,0,3.58748793266189,0,24.3992156982422,0,0
25.8945615556505,0,21.060390575512,0,0,0,3.54251472473145,0,0,0,4.58349368651848,0,4.98509481373955,0,0,0,67.9874797821045,73.1120643615723,48.0362630571638,0,6.7421111576799,0,0,0,0,0,0,0,0,0,6.760851874496,0,0,0,0,0,8.55627249754392,0,25.6371872027715,69.8090705871582,41.8930137460882,65.1667073567708,20.1084513026142,0,0,64.9206390380859,27.448174358604,41.6444320678711,32.8870518312735,0,5.63871471211314,0,4.28470065243436,0,0,0,0,0,4.54660104060995,0,0,0,0,13.7098191052243,0,0,0,0,0,0,0,6.06988064340643,0,7.90392913229904,0,0,0,0,88.6082331339518,40.0805844602914,0,19.8884496326032,20.5440970827269,0,18.2484164306026,0,16.2825030297348
0,4.69896159853254,0,24.1848990613764,0,29.6383075714111,0,4.12278811633587,0,0,0,8.18917879752179,0,4.55453512498311,0,0,66.2688636779785,79.2564061482747,28.6036020497807,3.91791030963262,0,0,0,0,0,0,0,2.98245112712567,0,6.19310084388063,0,0,0,0,0,20.0449523925781,108.643615722656,6.14815418784683,0,47.1304581470979,0,15.9302562175438,0,19.3893573094928,0,18.6327113348015,88.3480110168457,48.0133590698242,0,35.262133323484,0,0,0,3.14852473952553,0,0,0,0,0,5.19786767249412,0,0,6.79254244420395,80.827392578125,0,0,0,0,0,0,0,0,8.36601838314246,0,0,0,0,0,50.6617191747292,91.9696731567383,6.94076019458556,0,31.5572457510171,0,12.0522874350137,16.7706455919478,0
4.09600634234292,0,6.11232352256775,0,0,0,0,0,0,0,4.71919242195461,0,3.61242221231046,0,0,0,0,0,47.1003379821777,0,0,0,0,0,0,0,3.1594877243042,0,0,0,0,0,0,0,0,0,0,0,0,0,0,0,0,0,0,0,0,0,8.50216829454577,0,3.09079014460246,0,0,0,0,0,4.54660104060995,0,0,0,3.18095052719116,0,0,0,0,0,0,0,0,0,0,0,0,0,0,0,0,0,0,0,0,0,0,0,7.63612516977454,0,0
0,0,0,3.91270089149475,0,0,0,4.54598808288574,0,0,0,2.74229192733765,0,4.22725889315972,0,3.50006025487726,0,0,0,0,0,0,0,0,0,0,0,3.74134603568486,0,0,0,0,0,0,0,0,0,0,0,0,0,0,0,0,0,0,0,0,0,4.84764432907104,0,0,0,2.75373554229736,0,0,0,5.19786767249412,0,0,0,4.37607451847621,0,0,0,0,0,0,2.98054261207581,0,4.26024923263452,0,0,0,0,0,0,0,0,0,0,0,4.88878835950579,0,0,0,0
3.77258380930474,0,0,0,0,0,0,0,7.68080071873135,0,0,0,0,0,2.86104907095432,0,20.2516790344602,40.8280029296875,15.3802947998047,0,0,0,0,0,0,0,0,0,0,0,0,0,0,0,0,0,0,0,0,0,0,0,30.5448932647705,0,0,0,0,0,5.38115704059601,0,0,0,0,0,3.51005278031031,0,0,0,3.18095052719116,0,0,0,0,0,0,0,0,10.4117845791142,0,4.03131208921734,0,0,0,0,0,0,0,0,0,0,0,0,10.4034847542644,0,9.51849315332812,0,0
0,3.72331868635642,0,0,0,5.49498217446463,0,0,0,8.80379474163055,0,0,0,0,0,3.16588466203035,0,17.8828869176948,18.0116968154907,0,0,0,0,0,0,2.74845290184021,0,0,0,0,0,0,0,0,0,0,0,0,0,0,0,0,0,0,0,0,0,0,0,3.53995399177074,0,5.18718036015828,0,0,0,9.04036953893758,0,0,0,4.37607451847621,0,0,0,0,0,0,0,0,0,0,0,0,0,0,0,0,0,0,0,0,0,0,7.17602368195852,0,0,0,0
0,0,0,30.4946164449056,0,6.78686789462441,0,7.22227584520976,0,0,0,5.12341240247091,0,0,0,0,71.2397932572798,66.8211812239427,50.0051318211342,5.94887139298033,0,0,0,0,0,0,0,0,0,0,0,0,0,0,0,12.9734893894738,111.567504882812,4.49357391865023,0,17.7973704419521,64.8998858133952,20.6047413214799,54.2319940839495,30.1243215288435,0,9.14545073849277,68.3998453049433,0,28.1137046813965,34.0107815102355,0,0,0,0,0,0,0,6.79254244420395,0,0,0,0,0,77.7671381632487,0,0,0,0,0,0,0,0,13.0093086304001,70.3192367553711,0,0,0,0,11.4574435781346,86.9466091337658,15.278398175601,86.1541163126628,28.7641235115136,0,14.2707810799012,38.6930289268494,69.906063079834
41.3866195678711,0,23.7744674682617,0,11.5145887598467,0,0,0,0,0,11.9927631636797,0,0,0,0,0,63.7067479220304,78.573828288487,52.4389739019469,0,8.7644258588213,0,0,0,0,0,0,0,0,0,14.8856728871663,0,0,0,0,0,24.9161462706904,0,17.1506820105336,70.9653031485421,11.2910392591466,53.4078225355882,27.078788066549,60.4484710693359,0,61.2342300415039,12.6133406853893,46.9936940329415,32.6128272189889,0,9.21935312068614,0,0,0,0,0,13.7098191052243,80.827392578125,0,0,0,0,77.7671381632487,0,0,0,0,0,0,0,0,19.4494781494141,73.8296012878418,23.9062798775036,0,0,0,0,83.2914881025042,17.3725110436684,0,18.905944989046,45.9433982331529,30.5170392990112,18.5347683006515,69.4660949707031,30.8432196448831
0,0,0,0,0,0,0,0,0,0,0,0,0,0,0,0,0,10.0877380900913,28.5400249481201,0,0,5.35535834191032,5.14690218473736,3.38012780862696,0,0,0,0,0,0,0,0,0,0,0,0,0,9.49452206712827,5.5865441102248,0,0,0,0,0,0,0,0,0,0,5.05472048123678,0,0,0,0,0,0,0,0,0,0,0,0,0,0,0,0,0,0,2.75244808197021,0,5.49593292583119,0,0,0,0,0,15.1939220428467,0,0,0,11.0563394649768,6.74779796600342,5.05877530047324,2.73919463157654,10.7282123565674,0,0
0,0,0,0,0,0,0,0,28.4457855224609,0,0,0,0,0,0,0,10.7672564047946,0,64.3093109130859,0,0,0,5.32504726145093,0,7.12773284912109,0,7.97308317097751,0,3.65780790646871,0,0,0,0,0,0,0,0,0,5.57960657302491,0,0,0,0,0,0,0,0,0,6.87215712899747,0,0,0,0,0,0,0,0,0,0,0,0,0,0,0,0,0,0,3.66447796577062,0,4.91149268291093,0,4.71717253655039,0,0,0,0,0,0,0,0,0,7.47481263914834,6.13958002126753,5.06526660919189,15.4628408976964,0,0
0,0,0,0,0,0,0,0,0,3.03941316604614,0,0,0,0,0,0,0,14.3450219631195,0,0,0,0,0,5.03492662485908,0,0,0,0,0,0,0,0,0,0,0,0,0,5.98326681317954,0,0,0,0,0,0,0,0,0,0,0,3.66422430011961,0,0,0,0,0,3.8476719668037,0,0,0,0,0,0,0,0,0,0,0,0,2.87356587818691,0,0,0,0,0,0,0,18.5758758121067,0,0,0,8.22658901497469,0,2.74332809448242,0,5.71937210857868,0,0
0,0,0,0,0,0,0,0,6.48424588597339,0,0,0,0,0,0,0,0,0,0,0,0,0,3.99008989334106,0,5.95575772057073,0,3.41837010118696,0,0,0,0,0,0,0,0,0,0,0,7.0982415817193,0,0,0,0,0,0,0,0,0,7.37436838123752,0,0,0,0,0,4.64999609552948,0,0,0,0,0,10.4117845791142,0,0,0,0,3.66447796577062,0,0,0,5.94197043680376,0,0,0,0,0,0,0,0,0,0,0,6.92467944341547,3.13827387491862,0,9.09885957310054,0,0
0,0,0,0,0,0,0,0,0,23.1075871785482,0,0,0,0,0,4.59051287174225,42.4102714061737,10.4645053196416,25.4895724094275,0,0,17.4007606506348,0,4.85040903091431,0,3.95471127827962,0,0,0,0,0,0,0,0,0,0,0,0,0,0,0,0,0,0,0,0,0,0,0,2.95151786009471,0,0,0,0,0,0,0,0,0,2.98054261207581,0,0,0,0,2.75244808197021,0,2.87356587818691,0,0,0,2.86051430702209,0,0,0,0,0,0,0,66.580696105957,0,0,0,11.5589605288777,0,3.16615605354309,0,0
0,0,0,0,0,0,0,0,20.1626668506198,0,0,0,0,0,16.8671722412109,0,10.6334193486834,32.5575818148526,44.1711893948642,0,0,0,6.2455192373154,0,10.0280083656311,0,4.65768205551874,0,0,0,0,0,0,0,0,0,0,0,0,0,0,0,0,0,0,0,0,0,5.03781271784493,0,0,0,0,0,0,0,0,0,0,0,4.03131208921734,0,0,0,0,4.91149268291093,0,5.94197043680376,0,0,0,3.39292209288653,0,0,0,0,0,0,0,0,0,0,21.035276109264,0,7.47154749200699,0,0
0,2.74007892608643,0,0,0,0,0,0,0,0,0,0,0,3.64795315650202,0,0,0,0,0,0,0,8.78443590799967,0,0,0,0,0,3.63036291304225,0,0,0,0,0,0,0,0,0,3.60135998725891,0,0,0,0,0,0,0,0,0,0,0,4.4318323135376,0,0,0,0,0,0,0,0,0,4.26024923263452,0,0,0,0,5.49593292583119,0,0,0,2.86051430702209,0,0,0,3.43828022480011,0,0,0,0,0,0,0,5.89867941496884,0,0,0,2.93886876106262,0,0
0,0,0,0,0,0,0,0,0,0,0,0,0,0,0,0,0,0,0,0,0,0,4.85154983491609,0,0,0,3.18818804621696,0,4.75092960696623,0,4.75651077926159,0,0,0,0,0,0,0,6.13256549835205,0,0,0,16.3144855499268,0,0,0,35.852087020874,0,3.5201787630717,0,0,0,0,0,0,0,6.06988064340643,0,0,0,0,0,0,19.4494781494141,0,4.71717253655039,0,0,0,3.39292209288653,0,0,0,4.44841811486653,0,0,0,0,0,0,0,8.36111037213425,0,0,25.8392805523343,0,0
0,0,0,30.7128465713993,0,34.8262100219727,0,0,0,0,0,10.0496293299126,0,0,0,0,103.191402435303,63.5554326375326,29.2757445153473,4.91284894943237,0,0,0,0,0,0,0,3.50688932940017,0,7.15410675825896,0,0,0,0,0,0,0,2.73745465278625,0,47.5460253755252,60.4253921508789,18.3892705370778,56.5072250366211,21.5017118395472,0,20.4962827463945,75.2267549302843,51.2518510818481,0,19.2909110839793,0,36.1077785491943,0,0,0,0,0,8.36601838314246,0,0,0,0,13.0093086304001,73.8296012878418,0,0,0,0,0,0,3.43828022480011,0,0,0,0,0,0,0,51.2912962535429,100.279791259766,7.82864249203656,0,44.7147401776807,0,17.851504024113,18.6941836124811,72.1965408325195
29.4713370983417,0,28.1540165344874,0,0,0,0,0,0,0,4.99108133616957,0,0,0,0,0,62.2256633022375,69.8421166737874,49.612452365565,0,42.6433329582214,0,0,0,0,0,0,0,0,0,4.22067265485594,0,0,0,0,0,50.0798187255859,0,2.81368446350098,80.8666537891735,49.2508644712144,77.6293655395508,20.8041380635735,0,0,0,36.4274685378563,72.4086685180664,39.1064869631892,0,38.5694129943848,0,0,0,0,0,7.90392913229904,0,0,0,0,0,70.3192367553711,23.9062798775036,0,0,0,0,0,0,0,4.44841811486653,0,0,0,0,0,0,83.4870747460259,47.8553911878888,0,6.76238958070199,43.6977107702418,10.4887956513299,20.6859162233314,0,18.69541139625
0,0,0,0,0,0,0,0,0,0,0,0,0,0,0,0,0,0,0,0,0,0,0,0,0,0,0,0,0,0,0,4.83537676418496,6.07321522620945,5.2164116364259,6.69686996936798,3.80748781451473,6.63909387588501,0,0,0,0,0,0,0,0,0,0,6.22890877786568,18.0437908172607,10.8703165054321,0,0,0,0,0,0,0,0,0,0,0,0,0,0,0,0,0,0,0,0,0,0,0,0,0,18.372085155697,9.62101576426258,10.528351851872,4.43543243902976,15.3121291399002,0,0,5.51960301618635,0,0,0,0
0,0,0,0,0,0,0,0,0,0,0,0,0,0,0,0,0,0,0,0,0,0,0,0,0,0,0,0,0,0,0,12.8108849367675,4.67194223146026,0,4.66487312316895,0,13.2477832181113,0,0,0,0,0,0,0,0,0,46.3213310241699,9.09778803862535,10.2505279949733,0,0,0,0,0,0,0,0,0,0,0,0,0,0,0,0,0,0,0,0,0,0,0,0,0,18.372085155697,0,9.27510929107666,4.47624962609093,20.3742847442627,7.30362245005751,0,0,16.7183686119236,0,8.59422492980957,0,0
0,0,0,0,0,0,0,0,0,0,0,0,0,0,0,0,0,0,0,0,0,12.2667226791382,0,16.7802861531576,0,0,0,0,0,0,0,4.7957435783587,6.47865340288948,5.29264192139528,7.07509102451203,3.13975763320923,0,5.93049400048621,10.6834639769334,0,0,0,0,0,0,0,0,6.47689205087438,20.6503791809082,19.2586636543274,0,0,0,0,0,19.335768699646,0,0,0,0,0,0,0,0,15.1939220428467,0,18.5758758121067,0,0,0,0,0,0,0,9.62101576426258,9.27510929107666,0,10.6369790600007,4.32764332635062,0,6.69985228069062,0,5.32448801522727,0,0,0,0
0,0,0,0,0,0,0,0,0,0,0,0,0,0,0,0,0,0,0,0,0,0,0,0,0,0,0,0,0,0,0,4.5507635474205,5.0380778204311,6.15904027820581,4.26584373263595,0,4.56619866264058,0,4.66258273234946,0,0,0,8.44104719161987,0,0,0,0,6.55129094589679,12.8995823048531,0,67.0194091796875,0,0,0,0,0,0,0,0,0,0,0,0,0,0,0,0,0,0,0,0,0,0,0,10.528351851872,4.47624962609093,10.6369790600007,0,0,9.3161316315333,0,7.00942915718462,3.50585819516226,0,13.0565746013935,0,0
72.3274383544922,0,0,55.9495385976938,0,44.9361343383789,0,0,0,70.0432186126709,84.6255340576172,52.7436351776123,0,0,0,0,81.453943515646,72.4335230251908,52.1282006642438,8.64700762287684,0,0,112.812606811523,0,0,0,76.4451675415039,0,0,0,0,5.62776526042393,0,5.75654495925438,0,7.08379195984808,102.975601196289,8.88940689073942,79.9912261962891,23.983662106784,74.5397685822986,31.5126111398356,56.1771088600159,39.1116627707171,0,22.8211138621897,68.8823551539957,6.55433828249913,53.6957130432129,20.0896914576756,0,44.5288619995117,0,0,0,0,88.6082331339518,50.6617191747292,0,0,0,0,11.4574435781346,83.2914881025042,0,0,0,0,66.580696105957,0,0,0,51.2912962535429,83.4870747460259,4.43543243902976,20.3742847442627,4.32764332635062,0,0,85.2355379452363,12.2437449527468,86.3003549575806,24.3616813975808,4.05163617928823,33.0071111235668,35.5952512058643,79.7508707046509
39.7398126548696,0,42.6641654968262,0,24.7190849304199,0,0,0,0,0,32.5649080673854,0,0,0,0,0,68.2444056696936,76.3684829640611,52.4982873459917,0,7.39851751740368,0,0,0,0,0,69.1821517944336,0,0,0,43.477414449056,12.7963605244954,4.89624158494336,0,6.28916621307948,4.84553005453199,7.48336448899782,0,11.9462025860778,75.2260089450412,15.9556254432095,55.9164162793206,26.7066581868061,61.9630222320557,25.8259353637695,67.7766116749157,24.0918730972339,6.3219753715237,7.43425266872877,0,24.1697947351556,0,0,0,0,0,40.0805844602914,91.9696731567383,0,0,0,0,86.9466091337658,17.3725110436684,0,0,0,0,0,0,0,0,100.279791259766,47.8553911878888,15.3121291399002,7.30362245005751,0,9.3161316315333,85.2355379452363,0,75.9347190856934,18.616519959631,17.2099488866606,8.91255076653367,21.1677420277424,58.9381739298503,29.6982618336264
