0,0,2.95495843887329,0,0,0,0,0,4.55643637812867,0,0,0,0,0,0,0,58.1482963562012,36.0910732448101,20.9075893499676,0,0,0,0,0,0,0,0,0,0,0,0,0,0,0,0,0,0,0,0,0,0,0,7.27267168817066,0,0,0,14.0318828582764,0,5.07231858344305,0,0,0,0,0,4.02750281911147,0,0,0,0,0,3.57192213718708,0,0,0,0,0,0,0,0,0,0,0,0,0,0,0,0,0,0,30.7043266296387,0,0,8.32862905323331,0,5.65085951202467,0,0
0,0,0,4.1307917095366,0,0,0,0,0,4.78263460265266,0,0,0,0,0,0,0,0,10.1570270671401,0,0,0,0,0,0,0,0,0,0,0,0,0,0,0,0,0,0,0,0,0,0,17.8140916752636,0,0,0,11.2537772314889,0,0,0,10.1457363385421,0,0,0,23.7638168334961,0,5.40759300302576,0,10.7418900103796,0,13.3188254356384,0,4.48419175048669,0,0,0,0,0,0,0,0,0,0,0,0,0,0,0,0,0,0,0,0,18.2484360337257,0,13.048006771161,0,0
2.95495843887329,0,0,0,16.131046295166,0,0,0,0,0,0,0,0,0,0,0,0,0,24.3202018737793,0,0,0,0,0,0,0,0,0,0,0,0,0,0,0,0,38.1314849853516,26.1684818267822,0,0,0,31.7656373977661,0,23.0922982957628,0,15.866005897522,33.565575281779,30.3638273874919,37.5459136962891,16.8538938696895,41.5239295959473,7.15611266120663,0,0,0,4.22132205963135,0,5.13906695842743,0,4.27207536002,0,6.18678002772124,0,0,46.6019821166992,0,0,0,0,0,0,0,0,0,0,0,0,0,0,0,0,0,0,21.4417686922395,0,11.8530022064472,0,0
0,4.1307917095366,0,0,0,3.06464310125871,0,0,0,3.82021767868955,0,0,0,0,0,4.28733205795288,0,0,25.6738786697388,0,0,0,0,26.8365198771159,0,0,0,0,0,0,0,0,0,0,0,0,0,0,0,0,0,27.8408097627252,0,0,0,12.5484920619714,0,0,0,11.8057370158861,0,5.01884365081787,0,0,0,3.91629188855489,0,17.6124489984729,0,5.14060822196473,0,5.1723458647728,30.3812928880964,0,0,0,0,0,0,0,39.5459970092773,0,36.0929200588129,0,0,0,0,0,0,0,46.8664162953695,0,9.13283721758769,0,13.1410364774557,22.798498740563,0
0,0,16.131046295166,0,0,0,0,0,6.57729296684265,0,0,0,0,0,4.33988285064697,0,0,0,0,0,14.2928895269121,0,0,0,0,0,0,0,0,0,0,0,0,0,0,0,19.0190285169161,0,0,0,0,0,43.8362948099772,0,0,0,34.4740085601807,49.5386009216309,48.2929449081421,0,9.29493041137854,0,0,0,7.78009408712387,0,25.2900161904804,0,6.46554815292358,0,7.81785184996469,0,0,16.5750004249283,0,0,0,0,0,0,0,0,0,0,0,0,0,0,0,19.7929051522728,0,0,6.83244089921315,0,44.5758720125471,0,0
0,0,0,3.06464310125871,0,0,0,5.30439673194402,0,0,0,0,0,0,0,0,0,0,0,0,0,0,0,0,0,0,0,0,0,0,0,0,0,0,0,13.2884922027588,0,0,0,0,0,0,0,0,0,12.2421868516387,0,0,0,0,0,3.78061237127885,0,0,0,0,0,5.5139811207929,0,0,0,0,9.60435870429066,0,0,0,0,0,0,0,0,0,0,0,0,0,0,0,10.55626475811,0,0,0,4.26481395652614,0,9.10102032400241,0,0
0,0,0,0,0,0,0,0,0,0,0,0,0,0,0,0,0,0,0,0,0,0,0,0,0,0,0,0,0,0,0,0,0,0,0,0,3.12502632141113,0,0,0,0,0,0,0,0,0,0,0,0,0,0,0,3.59442056179047,0,0,0,4.85454634257725,0,0,0,0,0,0,15.1856746673584,0,0,0,0,0,0,0,0,0,0,0,0,0,0,0,4.32589069008827,0,0,5.43245742871211,0,0,0,0
0,0,0,0,0,5.30439673194402,0,0,0,0,0,6.31805961179418,0,0,0,0,0,0,0,0,0,0,0,0,0,0,0,0,0,0,0,0,0,0,0,0,0,0,0,0,0,0,0,0,0,0,0,0,0,0,0,4.77294573030974,0,4.0746263318987,0,0,0,6.86946555148904,0,0,0,0,18.9230598022378,0,0,0,0,0,0,0,0,0,0,0,0,0,0,0,29.5759153366089,0,0,0,3.33468416567599,0,5.92163991928101,0,0
4.55643637812867,0,0,0,6.57729296684265,0,0,0,0,0,0,0,0,0,3.43399554140428,0,16.680102279692,38.9064260298206,35.6415784358978,0,0,0,21.0192089080811,0,6.87009516027239,0,0,0,0,0,0,0,0,0,0,0,0,0,13.1047724352943,0,0,0,10.5446745872498,0,0,0,0,0,9.11385253270467,0,5.48313016550882,0,0,0,4.81105162613875,0,0,0,0,0,3.88101246777703,0,0,0,0,0,0,6.13543798077491,0,6.84702688455582,0,0,0,0,0,0,0,0,0,0,0,15.1764934642895,7.41036386489868,10.5688934326172,5.61345019561565,0,0
0,4.78263460265266,0,3.82021767868955,0,0,0,0,0,0,0,0,0,0,0,10.1579518318176,0,7.29163932800293,0,0,0,0,0,12.1765988111496,0,0,0,0,0,0,0,0,0,0,0,0,0,0,0,0,0,11.8197731104764,0,0,0,0,0,0,0,0,0,4.36668047152067,0,0,0,7.91634911385978,0,0,0,0,0,10.2193959712982,0,0,0,0,11.2743853561638,0,0,0,0,0,0,0,0,0,0,0,0,0,0,0,9.16828382224367,4.6872035185496,15.4267303603036,0,0
0,0,0,0,0,0,0,0,0,0,0,0,2.92617630958557,0,0,0,0,0,0,0,3.44715493796808,0,0,0,0,0,0,0,0,0,8.8861669699351,0,0,0,0,0,0,0,3.21678527023481,0,0,0,0,0,0,0,0,0,0,0,12.083659362793,0,0,0,0,0,4.33336855461133,0,2.86754390772651,0,0,0,0,7.54810341199239,0,0,0,0,0,0,0,0,0,12.8008881438346,0,0,0,0,0,0,0,5.62626188993454,2.93631098144933,0,35.4037628173828,0,0
0,0,0,0,0,0,0,6.31805961179418,0,0,0,0,0,3.6237770318985,0,0,0,0,0,3.26273856560389,0,0,0,0,0,0,0,0,0,0,0,0,0,0,0,5.89980610987035,0,6.07078187605914,0,0,0,0,0,0,0,0,0,0,0,34.8379936218262,0,0,0,6.86945268172252,0,0,0,10.3997848863141,0,0,0,0,4.70252489865716,0,0,0,0,0,0,0,37.3298427793715,0,22.0826312279215,0,0,0,0,0,8.00575160980225,0,3.00002312660217,0,6.57647112918937,0,0,0,0
0,0,0,0,0,0,0,0,0,0,2.92617630958557,0,0,0,0,0,0,0,0,0,0,0,0,0,0,0,0,0,3.42987975478172,0,0,0,0,0,0,0,0,0,0,0,0,0,0,0,0,0,0,0,0,0,0,0,0,0,0,0,0,0,2.96801491405653,0,0,0,0,0,0,0,0,0,0,0,0,3.89556020498276,0,0,0,0,0,0,0,0,0,0,0,0,0,0,0
0,0,0,0,0,0,0,0,0,0,0,3.6237770318985,0,0,0,0,0,4.65211057662964,0,0,0,0,0,0,0,0,0,0,0,0,0,0,0,0,0,0,0,0,0,0,0,0,0,0,0,0,0,0,0,0,0,0,0,3.59758651256561,0,0,0,0,0,2.82466144561768,0,0,0,0,0,0,0,0,0,0,0,0,0,0,0,0,0,0,0,0,0,0,2.95226883888245,2.95581889152527,0,0,0
0,0,0,0,4.33988285064697,0,0,0,3.43399554140428,0,0,0,0,0,0,0,15.6500458621979,50.8795337677002,61.5331535339355,0,0,0,0,0,0,0,0,0,5.13623677939177,0,0,0,0,0,0,0,0,0,0,0,0,0,0,0,0,0,0,0,0,0,5.58123807112376,0,0,0,3.9247247832162,0,0,0,0,0,3.31936404109001,0,0,0,0,0,0,0,0,5.58590650558472,0,5.230219373703,0,0,0,0,0,0,0,0,0,0,6.59956867165036,0,0,0,0
0,0,0,4.28733205795288,0,0,0,0,0,10.1579518318176,0,0,0,0,0,0,0,0,0,0,0,0,0,0,0,0,0,0,0,0,0,0,0,0,0,0,0,0,0,0,0,0,0,0,0,0,0,0,0,0,0,4.8182602028052,0,0,0,12.485386390686,0,0,0,0,0,3.82001250982285,0,0,0,0,26.8874963124593,0,0,0,0,0,0,0,0,0,0,0,0,0,0,0,11.7899013625251,0,0,0,0
58.1482963562012,0,0,0,0,0,0,0,16.680102279692,0,0,0,0,0,15.6500458621979,0,0,18.6869125536226,27.4062761024216,0,0,32.8447341918945,13.3082891927105,0,15.7897223865285,0,12.1586911180745,0,0,0,0,0,0,0,0,0,0,0,0,0,0,0,35.1753370285034,38.8248710632324,34.118968963623,0,58.5641825058881,0,0,0,0,0,0,0,31.745387395223,0,0,0,0,0,0,0,0,0,0,64.5316696166992,0,0,0,0,0,0,0,0,0,0,0,0,0,0,0,0,15.1074015812241,7.70465210505894,41.4002670560564,0,35.8190536499023
36.0910732448101,0,0,0,0,0,0,0,38.9064260298206,7.29163932800293,0,0,0,4.65211057662964,50.8795337677002,0,18.6869125536226,0,13.4697100067416,0,0,6.03201562800306,39.4746875762939,3.4962448423559,59.8123664855957,4.14387464523315,0,4.4610555122296,0,0,0,0,0,0,0,0,0,0,0,0,0,0,38.2575016021729,0,37.2236480712891,0,47.8047476977837,0,29.733850479126,0,0,0,0,0,59.2344779968262,0,0,0,0,0,0,0,0,64.4339838027954,0,0,0,0,4.44335416116213,0,0,0,0,0,0,0,0,0,0,85.2721290588379,0,0,10.0992561656021,4.72569215700822,34.749637148597,0,36.6471710205078
20.9075893499676,10.1570270671401,24.3202018737793,25.6738786697388,0,0,0,0,35.6415784358978,0,0,0,0,0,61.5331535339355,0,27.4062761024216,13.4697100067416,0,0,0,0,48.4367570877075,0,0,0,40.8784122467041,0,0,0,0,0,0,0,0,0,0,0,0,0,29.259289527426,14.9262603159304,7.2122156257736,10.0852697943965,6.73913827626256,8.30176124664453,22.1851765435266,52.9037742614746,25.434490442276,29.3463598334271,0,0,0,0,0,0,30.0016593933105,22.7066803412004,0,0,0,0,28.2402381896973,38.6768610028253,0,0,0,0,0,0,31.9416436392163,0,26.907509691575,0,0,0,0,0,0,46.8304734547933,36.7436752319336,0,13.1944147878891,33.6093479156494,12.0736291912447,12.5681508928537,6.19831611595902
0,0,0,0,0,0,0,0,0,0,0,3.26273856560389,0,0,0,0,0,0,0,0,0,0,0,0,0,0,0,0,0,0,0,0,0,0,0,3.67648296119177,0,4.18692485491435,0,0,0,0,0,0,0,14.1243187535194,0,0,0,0,0,0,0,0,0,0,0,0,0,0,0,0,5.7034974506416,0,0,0,0,0,0,0,0,0,0,0,0,0,0,0,4.83771821149846,0,32.3173913955688,0,2.92677967037473,0,11.6971029134897,0,0
0,0,0,0,14.2928895269121,0,0,0,0,0,3.44715493796808,0,0,0,0,0,0,0,0,0,0,0,0,0,0,0,0,0,0,0,4.53201203876072,0,0,0,0,0,3.81097892920176,0,4.321001365267,0,0,0,0,0,0,0,8.37099722453526,0,0,0,15.3256183770987,0,0,0,0,0,4.77972637492604,0,0,0,0,0,0,5.55857395817424,0,0,0,0,0,0,0,0,0,5.48832060216547,0,0,0,0,0,9.37783386547681,0,6.65075204261514,4.61295465765328,0,5.18912976438349,0,0
0,0,0,0,0,0,0,0,0,0,0,0,0,0,0,0,32.8447341918945,6.03201562800306,0,0,0,0,3.98896703375391,3.75830879665556,0,5.21948937936263,0,0,0,0,0,0,0,0,0,0,0,3.99241861122758,0,0,0,0,0,0,0,0,0,0,0,4.52035061828792,0,0,0,0,0,0,0,0,0,0,0,0,0,0,4.36427949444417,0,4.89905152525953,0,3.83140277862549,0,3.79433554952795,0,0,0,0,0,0,0,0,0,5.43881461136323,0,4.28897918122155,3.41476209958394,0,0,0
0,0,0,0,0,0,0,0,21.0192089080811,0,0,0,0,0,0,0,13.3082891927105,39.4746875762939,48.4367570877075,0,0,3.98896703375391,0,0,4.50440348216466,0,3.28255926478993,0,2.9915858927895,0,0,0,0,0,0,0,0,0,8.86523801042128,0,0,0,0,0,0,0,0,0,8.20529250015247,0,0,0,0,0,0,0,0,0,0,0,0,0,0,0,4.35100783751561,4.49367533914602,0,5.67436992004514,0,4.83925466595983,0,8.00768806934357,0,0,0,0,0,0,0,0,0,6.8345820519232,16.4211945044689,0,17.8979845046997,0,0
0,0,0,26.8365198771159,0,0,0,0,0,12.1765988111496,0,0,0,0,0,0,0,3.4962448423559,0,0,0,3.75830879665556,0,0,0,3.09442893777575,0,0,0,0,0,0,0,0,0,0,0,3.51474149888303,0,0,0,0,0,0,0,25.7320999145508,0,0,0,3.07407834794786,0,0,0,0,0,11.6161258816719,0,0,0,0,0,0,0,0,4.77108234743918,0,4.57910587153304,0,3.64687246509961,0,0,0,0,0,0,0,0,0,0,0,6.55304365891677,0,3.20252813100815,0,7.44852377414703,0,0
0,0,0,0,0,0,0,0,6.87009516027239,0,0,0,0,0,0,0,15.7897223865285,59.8123664855957,0,0,0,0,4.50440348216466,0,0,0,2.96202990883275,0,0,0,0,0,0,0,0,0,0,0,13.619531664355,0,0,0,0,0,0,0,0,0,13.7495020808596,0,0,0,0,0,15.5857954328022,0,0,0,0,0,0,0,0,0,0,6.2310286634457,0,10.3086371963674,0,3.16121022011104,0,0,0,0,0,0,0,0,0,0,0,11.9737823486328,8.77366189298959,0,13.4980266176421,0,0
0,0,0,0,0,0,0,0,0,0,0,0,0,0,0,0,0,4.14387464523315,0,0,0,5.21948937936263,0,3.09442893777575,0,0,0,4.09205629825592,0,0,0,0,0,0,0,0,0,0,0,0,0,0,0,0,0,0,0,0,0,0,0,0,0,0,0,0,0,0,0,0,0,0,0,0,0,0,3.11660075187683,0,4.42887663344542,0,0,0,0,0,0,0,0,0,0,0,0,0,3.62710869312286,0,0,0,0
0,0,0,0,0,0,0,0,0,0,0,0,0,0,0,0,12.1586911180745,0,40.8784122467041,0,0,0,3.28255926478993,0,2.96202990883275,0,0,0,0,0,0,0,0,0,0,0,0,0,0,0,0,0,0,0,0,0,0,0,0,0,0,0,0,0,0,0,0,0,0,0,0,0,0,0,0,3.01518862588065,0,0,0,3.08338689804077,0,0,0,0,0,0,0,0,0,0,0,0,28.099204381307,0,0,0,0
0,0,0,0,0,0,0,0,0,0,0,0,0,0,0,0,0,4.4610555122296,0,0,0,0,0,0,0,4.09205629825592,0,0,0,3.20992569128672,0,0,0,0,0,0,0,0,0,0,0,0,0,0,0,0,0,0,0,0,0,0,0,0,0,0,0,0,0,0,0,0,0,0,0,0,0,0,4.4278733253479,0,3.52464688038398,0,3.47177028656006,0,0,0,0,0,0,0,3.68866917822096,0,4.59097228731428,0,0,0,0
0,0,0,0,0,0,0,0,0,0,0,0,3.42987975478172,0,5.13623677939177,0,0,0,0,0,0,0,2.9915858927895,0,0,0,0,0,0,0,2.90664629709153,0,0,0,0,0,0,0,2.73493456840515,0,0,0,0,0,0,0,0,0,0,0,0,0,0,0,0,0,0,0,4.54657292366028,0,5.44231643279393,0,0,0,0,2.90502696037292,0,0,0,2.91864705085754,0,3.23828639177715,0,0,0,0,0,0,0,0,0,0,2.74230194091797,2.89248450597127,0,0,0
0,0,0,0,0,0,0,0,0,0,0,0,0,0,0,0,0,0,0,0,0,0,0,0,0,0,0,3.20992569128672,0,0,0,0,0,0,0,0,0,2.96936888385702,0,0,0,0,0,0,0,0,0,0,0,0,0,0,0,0,0,0,0,9.49764442443848,0,0,0,0,0,0,0,0,0,0,0,0,3.96274909106168,0,4.64327942883527,0,0,0,0,0,0,0,4.30267043908437,0,2.72931146621704,0,0,0,0
0,0,0,0,0,0,0,0,0,0,8.8861669699351,0,0,0,0,0,0,0,0,0,4.53201203876072,0,0,0,0,0,0,0,2.90664629709153,0,0,0,0,0,0,0,0,0,2.9779703678544,0,0,0,0,0,0,0,0,0,0,0,0,0,0,0,0,0,4.60023294687271,0,0,0,0,0,0,0,0,0,0,0,0,0,0,3.0207915191467,0,4.10606672492208,0,0,0,0,0,0,0,5.02498165885014,2.99597663879395,0,0,0,0
0,0,0,0,0,0,0,0,0,0,0,0,0,0,0,0,0,0,0,0,0,0,0,0,0,0,0,0,0,0,0,0,4.19368583895266,8.46808015649969,0,3.52141147851944,0,0,0,0,0,0,0,0,0,0,0,5.36735698591199,12.158650636673,4.37273722603208,0,0,0,0,0,0,0,0,0,0,0,0,0,0,0,0,0,0,0,0,0,0,0,0,4.27624862437898,4.21907486234392,12.9036640215685,0,5.00472769336166,0,0,0,3.78103475247399,0,7.59106779098511,0,0
0,0,0,0,0,0,0,0,0,0,0,0,0,0,0,0,0,0,0,0,0,0,0,0,0,0,0,0,0,0,0,4.19368583895266,0,0,0,0,3.61171771324787,0,0,0,0,0,0,0,0,0,0,4.49611077266457,3.1585305929184,0,0,0,0,0,0,0,0,0,0,0,0,0,0,0,0,0,0,0,0,0,0,0,0,0,7.64349864079402,3.47092139178069,0,0,5.06700038909912,4.91231658709677,0,0,3.93301815954269,0,0,0,0
0,0,0,0,0,0,0,0,0,0,0,0,0,0,0,0,0,0,0,0,0,0,0,0,0,0,0,0,0,0,0,8.46808015649969,0,0,3.68856098282505,3.67258009851715,0,4.2728644906284,0,0,0,0,0,0,0,0,0,5.51606863929605,15.5930376052856,9.46892838191269,0,0,0,0,0,0,0,0,0,0,0,0,0,0,0,0,0,0,0,0,0,0,16.0178337097168,0,10.4749494714474,0,4.77868456334744,4.16394851528681,8.40316009120781,0,6.43915020988648,0,5.840863515349,2.73563671112061,11.0284504890442,0,0
0,0,0,0,0,0,0,0,0,0,0,0,0,0,0,0,0,0,0,0,0,0,0,0,0,0,0,0,0,0,0,0,0,3.68856098282505,0,0,3.24260846241233,0,3.70523858070374,0,0,0,0,0,0,0,0,5.26120403495249,4.51647913455963,0,0,0,0,0,0,0,0,0,0,0,0,0,0,0,0,0,0,0,0,0,0,0,0,0,0,0,4.07219943205516,4.8310027066688,0,4.76023766901586,0,7.08763864305284,2.97715131441752,0,0,0,0
0,0,38.1314849853516,0,0,13.2884922027588,0,0,0,0,0,5.89980610987035,0,0,0,0,0,0,0,3.67648296119177,0,0,0,0,0,0,0,0,0,0,0,3.52141147851944,0,3.67258009851715,0,0,3.25714737635392,4.57659860672285,4.06014190117518,0,22.282299041748,0,0,0,0,7.63587768872579,20.8818588256836,4.93997601674951,14.167691859332,13.2328760551684,0,0,0,0,0,0,0,6.04423975944519,0,0,0,0,6.14623579747996,0,0,0,0,0,0,0,0,0,0,0,3.64540066688683,0,5.28187792938393,0,4.58448954330822,3.47446502078663,5.41919697045893,0,4.51019090579476,3.35990386404749,9.57821217666973,0,0
0,0,26.1684818267822,0,19.0190285169161,0,3.12502632141113,0,0,0,0,0,0,0,0,0,0,0,0,0,3.81097892920176,0,0,0,0,0,0,0,0,0,0,0,3.61171771324787,0,3.24260846241233,3.25714737635392,0,0,6.37813385867377,0,8.79546990394592,0,0,0,0,0,0,21.2461023514087,25.0837308488241,0,31.9544777174791,0,32.0708236694336,0,0,0,27.9368357849121,0,33.0444744655064,0,0,0,0,7.70735828465429,0,0,0,0,0,0,0,0,0,0,0,4.61744347072783,0,5.184196508292,4.13146497986533,5.34916013171792,0,7.45275987688163,4.27300502586794,3.1036567226533,22.0491125651768,0,0
0,0,0,0,0,0,0,0,0,0,0,6.07078187605914,0,0,0,0,0,0,0,4.18692485491435,0,3.99241861122758,0,3.51474149888303,0,0,0,0,0,2.96936888385702,0,0,0,4.2728644906284,0,4.57659860672285,0,0,3.24668509309942,0,0,15.6056607818604,0,0,0,18.4821844930234,0,5.62160792040402,0,8.59456034014302,0,0,0,0,0,0,0,10.0297837670033,0,0,0,0,10.5558851001755,0,4.79672072122967,0,4.66738271713257,0,0,0,7.96229439973831,0,3.38235488725365,0,0,0,5.62705496100129,0,7.44056773366945,0,4.96114954133176,3.29081690752948,5.10069259712773,5.71136474609375,6.42643751282441,0,0
0,0,0,0,0,0,0,0,13.1047724352943,0,3.21678527023481,0,0,0,0,0,0,0,0,0,4.321001365267,0,8.86523801042128,0,13.619531664355,0,0,0,2.73493456840515,0,2.9779703678544,0,0,0,3.70523858070374,4.06014190117518,6.37813385867377,3.24668509309942,0,0,0,0,0,0,0,0,0,4.91352127134045,8.05836069951823,0,0,0,0,0,20.2974756110428,0,5.2684685989302,0,0,0,0,0,0,6.32897532336852,0,8.84459753380608,0,14.0579199591719,0,19.4064159393311,0,5.06267662133489,0,3.715432343562,0,0,0,2.96290361881256,2.95226109027863,6.87942460499581,0,4.94018625169165,3.72298221731391,0,3.84532758735475,0,0
0,0,0,0,0,0,0,0,0,0,0,0,0,0,0,0,0,0,0,0,0,0,0,0,0,0,0,0,0,0,0,0,0,0,0,0,0,0,0,0,0,9.21078401908803,20.8300151824951,17.2151317596436,0,6.82531019871384,33.3897380828857,4.11023569107056,14.2380433082581,8.61185128951505,56.8100280761719,0,0,0,0,0,47.3158683776855,0,0,0,0,0,5.17298403231897,0,0,0,0,0,0,0,0,0,0,0,0,0,0,0,5.15943225245482,0,4.6754298210144,0,12.3616254329681,0,5.45437997095687,11.240242626356,0
0,0,31.7656373977661,0,0,0,0,0,0,0,0,0,0,0,0,0,0,0,29.259289527426,0,0,0,0,0,0,0,0,0,0,0,0,0,0,0,0,22.282299041748,8.79546990394592,0,0,0,0,0,15.4435061118781,28.2320785522461,21.2758529011796,23.6889991760254,8.37908832075382,4.66094222068787,5.88790153450922,0,34.9263744354248,0,0,0,0,0,23.3621287345886,0,0,0,0,0,0,6.42139047882946,0,0,0,0,0,0,0,0,0,0,0,0,0,0,20.0855155944824,8.55104699652324,0,8.80476723647699,29.5778629779816,0,9.74946398666955,0,11.1514476748074
0,17.8140916752636,0,27.8408097627252,0,0,0,0,0,11.8197731104764,0,0,0,0,0,0,0,0,14.9262603159304,0,0,0,0,0,0,0,0,0,0,0,0,0,0,0,0,0,0,15.6056607818604,0,9.21078401908803,0,0,6.53015630120455,5.1835844854338,15.4613186518351,23.223026000759,18.237943649292,11.1472156206767,0,12.5358265783685,0,0,0,37.6150321960449,0,21.9291663169861,0,20.0410792025578,0,32.0262457370758,0,34.3387544583052,23.1400014301918,0,0,0,0,0,0,0,27.4658747692497,0,20.0877719776971,0,0,0,0,0,12.6887630415814,0,11.2666947442379,0,10.2060455288998,0,9.59366452272626,6.15719928374942,0
7.27267168817066,0,23.0922982957628,0,43.8362948099772,0,0,0,10.5446745872498,0,0,0,0,0,0,0,35.1753370285034,38.2575016021729,7.2122156257736,0,0,0,0,0,0,0,0,0,0,0,0,0,0,0,0,0,0,0,0,20.8300151824951,15.4435061118781,6.53015630120455,0,16.061866124471,7.48554118706362,0,15.226612993706,5.81095068729841,5.15833420395233,10.5247659683228,41.2899112701416,0,0,0,0,0,18.5513265927633,0,35.3027776082357,0,0,0,0,24.3777416573196,0,0,0,0,0,0,0,0,0,14.1992602348328,0,0,0,0,0,25.0094603300095,0,11.9551252047221,8.65597629731084,28.7124474843343,6.40479695293869,0,4.85032231481776
0,0,0,0,0,0,0,0,0,0,0,0,0,0,0,0,38.8248710632324,0,10.0852697943965,0,0,0,0,0,0,0,0,0,0,0,0,0,0,0,0,0,0,0,0,17.2151317596436,28.2320785522461,5.1835844854338,16.061866124471,0,7.94778907299042,5.02728824534659,19.8725624084473,0,0,31.7133522033691,0,0,0,0,0,0,0,22.0897779464722,0,0,0,0,0,0,0,0,0,0,0,0,33.5635461807251,0,29.07945728302,0,0,0,0,0,0,0,0,0,7.53495005245866,0,6.99644658322907,9.88080370075562,0
0,0,15.866005897522,0,0,0,0,0,0,0,0,0,0,0,0,0,34.118968963623,37.2236480712891,6.73913827626256,0,0,0,0,0,0,0,0,0,0,0,0,0,0,0,0,0,0,0,0,0,21.2758529011796,15.4613186518351,7.48554118706362,7.94778907299042,0,0,11.8877289542904,0,0,0,0,0,0,0,0,0,0,0,0,0,0,0,0,26.9153520649877,0,0,0,0,0,0,0,0,0,0,0,0,0,0,0,34.5635442137718,0,0,16.4324754894554,24.4225605858697,7.97096897071263,0,6.3032504717509
0,11.2537772314889,33.565575281779,12.5484920619714,0,12.2421868516387,0,0,0,0,0,0,0,0,0,0,0,0,8.30176124664453,14.1243187535194,0,0,0,25.7320999145508,0,0,0,0,0,0,0,0,0,0,0,7.63587768872579,0,18.4821844930234,0,6.82531019871384,23.6889991760254,23.223026000759,0,5.02728824534659,0,0,29.1613556543986,0,16.5192151750837,18.5729632427038,58.1176376342773,22.1123129526774,0,25.4729681015015,0,0,47.7953186035156,23.2295827970834,0,19.66827272114,0,18.7074432373047,8.58657732708016,39.5368995666504,0,0,0,0,0,0,40.3781559446938,0,35.7872096971534,0,0,0,0,0,9.72758427126912,0,14.2582794949412,0,13.117083344661,0,9.2926798797228,25.2876198291779,0
14.0318828582764,0,30.3638273874919,0,34.4740085601807,0,0,0,0,0,0,0,0,0,0,0,58.5641825058881,47.8047476977837,22.1851765435266,0,8.37099722453526,0,0,0,0,0,0,0,0,0,0,0,0,0,0,20.8818588256836,0,0,0,33.3897380828857,8.37908832075382,18.237943649292,15.226612993706,19.8725624084473,11.8877289542904,29.1613556543986,0,36.4819157918294,23.4430119310107,0,33.425087928772,0,0,0,0,0,23.6653552335851,0,0,0,0,0,0,8.76019924741813,0,0,0,0,0,0,0,0,0,0,0,0,0,0,22.4967861175537,10.1819091345446,0,13.3289179163655,25.2154841416736,41.3303750356038,9.23729253175797,0,0
0,0,37.5459136962891,0,49.5386009216309,0,0,0,0,0,0,0,0,0,0,0,0,0,52.9037742614746,0,0,0,0,0,0,0,0,0,0,0,0,5.36735698591199,4.49611077266457,5.51606863929605,5.26120403495249,4.93997601674951,21.2461023514087,5.62160792040402,4.91352127134045,4.11023569107056,4.66094222068787,11.1472156206767,5.81095068729841,0,0,0,36.4819157918294,0,5.29872432177216,9.13879733297329,48.0147482065054,0,0,0,0,0,37.9138425191244,42.6545726231166,42.9888603210449,0,0,0,0,38.8131008148193,0,0,0,0,0,0,17.9140739440918,0,18.1392860412598,0,6.81927832521573,4.22985042419684,6.1937847342385,6.01605642408379,9.88042955469562,7.63660425385582,9.89338249740601,6.34927064180374,5.45160983057019,5.87170077908424,6.88352045927729,0,0
5.07231858344305,0,16.8538938696895,0,48.2929449081421,0,0,0,9.11385253270467,0,0,0,0,0,0,0,0,29.733850479126,25.434490442276,0,0,0,8.20529250015247,0,13.7495020808596,0,0,0,0,0,0,12.158650636673,3.1585305929184,15.5930376052856,4.51647913455963,14.167691859332,25.0837308488241,0,8.05836069951823,14.2380433082581,5.88790153450922,0,5.15833420395233,0,0,16.5192151750837,23.4430119310107,5.29872432177216,0,8.39288381429819,47.293687693278,0,0,0,17.0603562990824,0,16.2331942065009,0,12.4000539985196,0,4.16549959859333,0,0,36.5023789978027,0,9.60695502744454,0,12.3585164744551,0,13.3256995894692,0,10.1692514181137,0,5.94017216117903,14.4200347900391,0,0,4.31807541654956,14.5340092331171,8.0594816050118,0,5.65836202560298,12.027846773912,30.1584634780884,7.00512836991597,0,0
0,10.1457363385421,41.5239295959473,11.8057370158861,0,0,0,0,0,0,0,34.8379936218262,0,0,0,0,0,0,29.3463598334271,0,0,4.52035061828792,0,3.07407834794786,0,0,0,0,0,0,0,4.37273722603208,0,9.46892838191269,0,13.2328760551684,0,8.59456034014302,0,8.61185128951505,0,12.5358265783685,10.5247659683228,31.7133522033691,0,18.5729632427038,0,9.13879733297329,8.39288381429819,0,0,6.69802803039551,0,29.2437993685404,0,9.35129110162908,0,13.4850888817001,0,11.3184980473705,0,8.72848064345417,29.7010836093984,0,4.87556660747945,0,5.08622968426118,0,5.86775881213111,0,6.36692305786969,0,4.59725209484752,0,8.05871548581479,0,6.18971762818805,0,8.48530576698273,0,5.43114007946743,0,8.83748263859552,0,9.39977797608062,23.225677702162,0
0,0,7.15611266120663,0,9.29493041137854,0,0,0,5.48313016550882,0,12.083659362793,0,0,0,5.58123807112376,0,0,0,0,0,15.3256183770987,0,0,0,0,0,0,0,0,0,0,0,0,0,0,0,31.9544777174791,0,0,56.8100280761719,34.9263744354248,0,41.2899112701416,0,0,58.1176376342773,33.425087928772,48.0147482065054,47.293687693278,0,0,0,7.28563157717387,0,6.83656509944371,0,7.33209940198586,0,5.82723111897996,0,6.73860470697565,0,0,18.2801733715781,0,0,0,0,0,0,0,0,0,0,0,0,0,0,0,29.9806650677328,0,0,16.4067474076005,0,31.7576450986484,0,0
0,0,0,5.01884365081787,0,3.78061237127885,0,4.77294573030974,0,4.36668047152067,0,0,0,0,0,4.8182602028052,0,0,0,0,0,0,0,0,0,0,0,0,0,0,0,0,0,0,0,0,0,0,0,0,0,0,0,0,0,22.1123129526774,0,0,0,6.69802803039551,0,0,0,2.90161614947849,0,4.56776705655185,0,4.90142807481009,0,3.53609735505623,0,4.74904776754833,19.9431336975098,0,0,0,0,0,0,0,0,0,0,0,0,0,0,0,0,0,0,0,6.74656581878662,0,17.1833000183105,0,0
0,0,0,0,0,0,3.59442056179047,0,0,0,0,0,0,0,0,0,0,0,0,0,0,0,0,0,0,0,0,0,0,0,0,0,0,0,0,0,32.0708236694336,0,0,0,0,0,0,0,0,0,0,0,0,0,7.28563157717387,0,0,0,0,0,5.32682205197659,0,3.36665268333591,0,0,0,0,19.5715500087273,0,0,0,0,0,0,0,0,0,0,0,0,0,0,0,29.779595375061,0,0,3.98785763919944,0,0,0,0
0,23.7638168334961,0,0,0,0,0,4.0746263318987,0,0,0,6.86945268172252,0,3.59758651256561,0,0,0,0,0,0,0,0,0,0,0,0,0,0,0,0,0,0,0,0,0,0,0,0,0,0,0,37.6150321960449,0,0,0,25.4729681015015,0,0,0,29.2437993685404,0,2.90161614947849,0,0,0,0,0,8.22674525351123,0,10.6626774539118,0,17.7347393035889,19.9982576710837,0,0,0,0,0,0,0,38.0932350158691,0,0,0,0,0,0,0,0,0,0,0,3.57037281692028,0,0,0,0
4.02750281911147,0,4.22132205963135,0,7.78009408712387,0,0,0,4.81105162613875,0,0,0,0,0,3.9247247832162,0,31.745387395223,59.2344779968262,0,0,0,0,0,0,15.5857954328022,0,0,0,0,0,0,0,0,0,0,0,0,0,20.2974756110428,0,0,0,0,0,0,0,0,0,17.0603562990824,0,6.83656509944371,0,0,0,0,0,0,0,0,0,3.56937424161217,0,0,0,0,29.4366517748152,0,15.1050720885679,0,7.69215232133865,0,0,0,0,0,0,0,0,0,0,0,18.0916436189099,9.58048839569092,0,14.4211202556804,0,0
0,5.40759300302576,0,3.91629188855489,0,0,0,0,0,7.91634911385978,0,0,0,0,0,12.485386390686,0,0,0,0,0,0,0,11.6161258816719,0,0,0,0,0,0,0,0,0,0,0,0,0,0,0,0,0,21.9291663169861,0,0,0,0,0,0,0,9.35129110162908,0,4.56776705655185,0,0,0,0,0,0,0,0,0,10.6763029495875,0,0,0,0,11.2541148327767,0,0,0,0,0,0,0,0,0,0,0,0,0,0,0,9.52427798509598,0,14.6933234078544,0,0
0,0,5.13906695842743,0,25.2900161904804,0,4.85454634257725,0,0,0,4.33336855461133,0,0,0,0,0,0,0,30.0016593933105,0,4.77972637492604,0,0,0,0,0,0,0,0,0,4.60023294687271,0,0,0,0,0,27.9368357849121,0,5.2684685989302,47.3158683776855,23.3621287345886,0,18.5513265927633,0,0,47.7953186035156,23.6653552335851,37.9138425191244,16.2331942065009,0,7.33209940198586,0,5.32682205197659,0,0,0,0,0,4.84441739599962,0,9.00499589876695,0,0,9.91434212343238,0,0,0,0,0,0,0,3.90664820100778,0,7.64641416472174,0,0,0,0,38.5022926330566,22.2620112622855,0,17.4829043460727,23.81402727085,0,12.0879609835461,0,0
0,10.7418900103796,0,17.6124489984729,0,5.5139811207929,0,6.86946555148904,0,0,0,10.3997848863141,0,0,0,0,0,0,22.7066803412004,0,0,0,0,0,0,0,0,0,0,9.49764442443848,0,0,0,0,0,6.04423975944519,0,10.0297837670033,0,0,0,20.0410792025578,0,22.0897779464722,0,23.2295827970834,0,42.6545726231166,0,13.4850888817001,0,4.90142807481009,0,8.22674525351123,0,0,0,0,0,5.52348905328569,0,7.66532942923633,13.0124599263258,0,0,0,0,0,14.535266789523,0,18.217328613624,0,8.41416040344984,0,0,0,0,0,28.8311141967773,0,6.85517284775364,0,12.5039336280067,0,9.54583841440629,18.0850900288286,0
0,0,4.27207536002,0,6.46554815292358,0,0,0,0,0,2.86754390772651,0,2.96801491405653,0,0,0,0,0,0,0,0,0,0,0,0,0,0,0,4.54657292366028,0,0,0,0,0,0,0,33.0444744655064,0,0,0,0,0,35.3027776082357,0,0,0,0,42.9888603210449,12.4000539985196,0,5.82723111897996,0,3.36665268333591,0,0,0,4.84441739599962,0,0,0,3.70616957570753,0,0,44.0647268295288,0,0,0,0,0,0,0,5.22921748306756,0,0,0,0,0,0,0,25.634129524231,0,0,36.2334916591644,0,17.9221055228135,0,0
0,13.3188254356384,0,5.14060822196473,0,0,0,0,0,0,0,0,0,2.82466144561768,0,0,0,0,0,0,0,0,0,0,0,0,0,0,0,0,0,0,0,0,0,0,0,0,0,0,0,32.0262457370758,0,0,0,19.66827272114,0,0,0,11.3184980473705,0,3.53609735505623,0,10.6626774539118,0,0,0,5.52348905328569,0,0,0,5.19174247940644,0,0,0,0,12.9575886726379,0,12.0210249264236,0,9.75477792203617,0,39.9507331848145,0,0,0,0,0,0,0,0,0,33.0775680541992,0,13.6733355846535,28.4614582061768,0
3.57192213718708,0,6.18678002772124,0,7.81785184996469,0,0,0,3.88101246777703,0,0,0,0,0,3.31936404109001,0,0,0,0,0,0,0,0,0,0,0,0,0,5.44231643279393,0,0,0,0,0,0,0,0,0,0,0,0,0,0,0,0,0,0,0,4.16549959859333,0,6.73860470697565,0,0,0,3.56937424161217,0,9.00499589876695,0,3.70616957570753,0,0,0,0,0,0,0,0,0,0,5.40971875578407,0,6.10051730711512,0,0,0,0,0,0,39.3140449523926,0,0,0,5.05243193308512,6.20319390296936,24.0852549552917,0,0
0,4.48419175048669,0,5.1723458647728,0,0,0,0,0,10.2193959712982,0,0,0,0,0,3.82001250982285,0,0,0,0,0,0,0,0,0,0,0,0,0,0,0,0,0,0,0,0,0,0,0,0,0,34.3387544583052,0,0,0,18.7074432373047,0,0,0,8.72848064345417,0,4.74904776754833,0,17.7347393035889,0,10.6763029495875,0,7.66532942923633,0,5.19174247940644,0,0,0,0,0,0,24.2068833112717,0,12.088791622918,0,16.5423027767855,0,42.0784797668457,0,0,0,0,0,0,0,0,0,12.5845769246419,0,14.9752321243286,0,0
0,0,0,30.3812928880964,0,9.60435870429066,0,18.9230598022378,0,0,0,4.70252489865716,0,0,0,0,0,0,28.2402381896973,5.7034974506416,0,0,0,0,0,0,0,0,0,0,0,0,0,0,0,6.14623579747996,0,10.5558851001755,0,5.17298403231897,0,23.1400014301918,0,0,0,8.58657732708016,0,0,0,29.7010836093984,0,19.9431336975098,0,19.9982576710837,0,0,0,13.0124599263258,0,0,0,0,0,0,0,0,0,0,28.9655265808105,0,29.2403465906779,0,28.9039361850888,0,0,0,0,0,7.0485814362714,0,13.7916376995064,0,4.6036244253569,0,13.7902162468799,21.3922436237335,0
0,0,46.6019821166992,0,16.5750004249283,0,15.1856746673584,0,0,0,7.54810341199239,0,0,0,0,0,0,64.4339838027954,38.6768610028253,0,5.55857395817424,0,0,0,0,0,0,0,0,0,0,0,0,0,0,0,7.70735828465429,0,6.32897532336852,0,6.42139047882946,0,24.3777416573196,0,26.9153520649877,39.5368995666504,8.76019924741813,38.8131008148193,36.5023789978027,0,18.2801733715781,0,19.5715500087273,0,0,0,9.91434212343238,0,44.0647268295288,0,0,0,0,0,0,0,0,0,0,0,0,0,0,8.19782473380307,0,0,0,0,0,9.87344955018027,0,8.19249350188738,12.3580269084658,53.0817756652832,13.4779475152651,0,0
0,0,0,0,0,0,0,0,0,0,0,0,0,0,0,0,0,0,0,0,0,4.36427949444417,4.35100783751561,4.77108234743918,0,0,0,0,0,0,0,0,0,0,0,0,0,4.79672072122967,0,0,0,0,0,0,0,0,0,0,0,4.87556660747945,0,0,0,0,0,0,0,0,0,0,0,0,0,0,0,0,4.88243875706118,0,4.29098192812723,0,5.23711670083659,0,0,0,0,0,0,0,0,0,5.78354980975143,0,4.79091776759775,5.63199353218079,0,0,0
0,0,0,0,0,0,0,0,0,0,0,0,0,0,0,0,64.5316696166992,0,0,0,0,0,4.49367533914602,0,6.2310286634457,0,3.01518862588065,0,2.90502696037292,0,0,0,0,0,0,0,0,0,8.84459753380608,0,0,0,0,0,0,0,0,0,9.60695502744454,0,0,0,0,0,29.4366517748152,0,0,0,0,0,0,0,0,0,0,0,0,6.80756475935421,0,7.18951259181215,0,9.58441089830641,0,18.3000822067261,0,0,0,0,0,0,0,5.3409624624726,6.86916816234589,0,19.3942401123047,0,0
0,0,0,0,0,0,0,0,0,11.2743853561638,0,0,0,0,0,26.8874963124593,0,0,0,0,0,4.89905152525953,0,4.57910587153304,0,3.11660075187683,0,0,0,0,0,0,0,0,0,0,0,4.66738271713257,0,0,0,0,0,0,0,0,0,0,0,5.08622968426118,0,0,0,0,0,11.2541148327767,0,0,0,12.9575886726379,0,24.2068833112717,0,0,4.88243875706118,0,0,0,5.56666954358419,0,3.88911008834839,0,0,0,0,0,0,0,0,0,6.37807566125549,0,3.29797854423523,0,4.70701403328867,0,0
0,0,0,0,0,0,0,0,6.13543798077491,0,0,0,0,0,0,0,0,0,0,0,0,0,5.67436992004514,0,10.3086371963674,0,0,0,0,0,0,0,0,0,0,0,0,0,14.0579199591719,0,0,0,0,0,0,0,0,0,12.3585164744551,0,0,0,0,0,15.1050720885679,0,0,0,0,0,0,0,0,0,0,6.80756475935421,0,0,0,5.95572626590729,0,0,0,0,0,0,0,0,0,0,0,15.1974782422425,0,0,13.3829755534296,0,0
0,0,0,0,0,0,0,0,0,0,0,0,0,0,0,0,0,4.44335416116213,0,0,0,3.83140277862549,0,3.64687246509961,0,4.42887663344542,0,4.4278733253479,0,0,0,0,0,0,0,0,0,0,0,0,0,0,0,0,0,0,0,0,0,5.86775881213111,0,0,0,0,0,0,0,14.535266789523,0,12.0210249264236,0,12.088791622918,28.9655265808105,0,4.29098192812723,0,5.56666954358419,0,0,0,4.25303153829848,0,0,0,0,0,0,0,0,0,0,0,2.83807754516602,0,21.0042006174723,0,0
0,0,0,0,0,0,0,0,6.84702688455582,0,0,0,0,0,5.58590650558472,0,0,0,0,0,0,0,4.83925466595983,0,3.16121022011104,0,3.08338689804077,0,2.91864705085754,0,0,0,0,0,0,0,0,0,19.4064159393311,0,0,0,0,0,0,0,0,0,13.3256995894692,0,0,0,0,0,7.69215232133865,0,0,0,0,0,5.40971875578407,0,0,0,0,7.18951259181215,0,5.95572626590729,0,0,0,4.6063762911005,0,0,0,0,0,0,0,0,0,11.2858818599156,4.22290134429932,0,13.1700520515442,0,0
0,0,0,39.5459970092773,0,0,0,0,0,0,0,37.3298427793715,0,0,0,0,0,0,31.9416436392163,0,0,3.79433554952795,0,0,0,0,0,3.52464688038398,0,3.96274909106168,0,0,0,0,0,0,0,7.96229439973831,0,0,0,27.4658747692497,0,33.5635461807251,0,40.3781559446938,0,17.9140739440918,0,6.36692305786969,0,0,0,38.0932350158691,0,0,0,18.217328613624,0,9.75477792203617,0,16.5423027767855,29.2403465906779,0,5.23711670083659,0,3.88911008834839,0,4.25303153829848,0,0,0,6.18107192487944,0,0,0,0,0,43.869743347168,0,5.5746643521303,0,33.1047371758355,0,31.2171099381904,27.2443007826805,0
0,0,0,0,0,0,0,0,0,0,0,0,3.89556020498276,0,5.230219373703,0,0,0,0,0,0,0,8.00768806934357,0,0,0,0,0,3.23828639177715,0,3.0207915191467,0,0,0,0,0,0,0,5.06267662133489,0,0,0,0,0,0,0,0,0,10.1692514181137,0,0,0,0,0,0,0,3.90664820100778,0,5.22921748306756,0,6.10051730711512,0,0,0,0,9.58441089830641,0,0,0,4.6063762911005,0,0,0,4.84414813981802,0,0,0,0,0,0,0,7.73597423865063,2.75153970718384,0,3.98324203491211,0,0
0,0,0,36.0929200588129,0,0,0,0,0,0,0,22.0826312279215,0,0,0,0,0,0,26.907509691575,0,0,0,0,0,0,0,0,3.47177028656006,0,4.64327942883527,0,0,0,16.0178337097168,0,0,0,3.38235488725365,0,0,0,20.0877719776971,0,29.07945728302,0,35.7872096971534,0,18.1392860412598,0,4.59725209484752,0,0,0,0,0,0,0,8.41416040344984,0,39.9507331848145,0,42.0784797668457,28.9039361850888,0,0,0,0,0,0,0,6.18107192487944,0,0,0,0,0,12.233941078186,0,44.1818332672119,0,5.6832396230054,0,24.2191238800685,0,15.1499203421369,21.9248940294439,0
0,0,0,0,0,0,0,0,0,0,12.8008881438346,0,0,0,0,0,0,0,0,0,5.48832060216547,0,0,0,0,0,0,0,0,0,4.10606672492208,0,0,0,0,0,0,0,3.715432343562,0,0,0,14.1992602348328,0,0,0,0,0,5.94017216117903,0,0,0,0,0,0,0,7.64641416472174,0,0,0,0,0,0,8.19782473380307,0,18.3000822067261,0,0,0,0,0,4.84414813981802,0,0,0,0,0,0,0,0,0,7.79770051057908,2.9836859703064,0,5.76170533071978,0,19.0971527099609
0,0,0,0,0,0,0,0,0,0,0,0,0,0,0,0,0,0,0,0,0,0,0,0,0,0,0,0,0,0,0,4.27624862437898,7.64349864079402,10.4749494714474,0,3.64540066688683,0,0,0,0,0,0,0,0,0,0,0,6.81927832521573,14.4200347900391,8.05871548581479,0,0,0,0,0,0,0,0,0,0,0,0,0,0,0,0,0,0,0,0,0,0,0,0,0,5.70494079589844,7.8736055687386,0,4.75425994216271,0,0,0,4.79369704602128,0,8.63773679733276,0,0
0,0,0,0,0,0,0,0,0,0,0,0,0,0,0,0,0,0,0,0,0,0,0,0,0,0,0,0,0,0,0,4.21907486234392,3.47092139178069,0,0,0,4.61744347072783,0,0,0,0,0,0,0,0,0,0,4.22985042419684,0,0,0,0,0,0,0,0,0,0,0,0,0,0,0,0,0,0,0,0,0,0,0,0,0,0,5.70494079589844,0,0,0,0,6.02945918556072,0,0,3.68976174997834,0,0,0,0
0,0,0,0,0,0,0,0,0,0,0,0,0,0,0,0,0,0,0,0,0,0,0,0,0,0,0,0,0,0,0,12.9036640215685,0,4.77868456334744,4.07219943205516,5.28187792938393,0,5.62705496100129,0,0,0,0,0,0,0,0,0,6.1937847342385,0,6.18971762818805,0,0,0,0,0,0,0,0,0,0,0,0,0,0,0,0,0,0,0,0,0,0,12.233941078186,0,7.8736055687386,0,0,8.33734712600708,9.91240874514347,0,6.4895350933075,0,7.28176273493206,4.64665222167969,10.352798514896,0,0
0,0,0,0,0,0,0,0,0,0,0,0,0,0,0,0,0,0,0,0,0,0,0,0,0,0,0,0,0,0,0,0,0,4.16394851528681,4.8310027066688,0,5.184196508292,0,2.96290361881256,0,0,0,0,0,0,0,0,6.01605642408379,4.31807541654956,0,0,0,0,0,0,0,0,0,0,0,0,0,0,0,0,0,0,0,0,0,0,0,0,0,0,0,8.33734712600708,0,0,5.17249303580092,0,6.8062090357689,4.07878635146401,0,0,0,0
0,0,0,0,0,10.55626475811,0,29.5759153366089,0,0,0,8.00575160980225,0,0,0,0,0,0,0,4.83771821149846,0,0,0,0,0,0,0,0,0,0,0,5.00472769336166,5.06700038909912,8.40316009120781,0,4.58448954330822,4.13146497986533,7.44056773366945,2.95226109027863,5.15943225245482,20.0855155944824,12.6887630415814,0,0,0,9.72758427126912,22.4967861175537,9.88042955469562,14.5340092331171,8.48530576698273,0,0,0,0,0,0,38.5022926330566,28.8311141967773,0,0,39.3140449523926,0,7.0485814362714,0,0,0,0,0,0,0,43.869743347168,0,44.1818332672119,0,4.75425994216271,0,9.91240874514347,0,0,21.5042705535889,6.67835652277775,0,5.57056641987515,6.55056002934774,7.21773012415785,18.0948923428853,0
30.7043266296387,0,0,0,19.7929051522728,0,4.32589069008827,0,0,0,0,0,0,0,0,0,0,85.2721290588379,46.8304734547933,0,9.37783386547681,0,0,0,0,0,0,0,0,0,0,0,4.91231658709677,0,4.76023766901586,3.47446502078663,5.34916013171792,0,6.87942460499581,0,8.55104699652324,0,25.0094603300095,0,34.5635442137718,0,10.1819091345446,7.63660425385582,8.0594816050118,0,29.9806650677328,0,29.779595375061,0,0,0,22.2620112622855,0,25.634129524231,0,0,0,0,9.87344955018027,0,0,0,0,0,0,0,0,0,0,0,6.02945918556072,0,5.17249303580092,21.5042705535889,0,0,6.3164302262133,6.24058485634338,4.22993659973145,10.3226055758738,0,18.1481024424235
0,0,0,46.8664162953695,0,0,0,0,0,0,0,3.00002312660217,0,0,0,0,0,0,36.7436752319336,32.3173913955688,0,5.43881461136323,0,6.55304365891677,0,0,0,3.68866917822096,0,4.30267043908437,0,0,0,6.43915020988648,0,5.41919697045893,0,4.96114954133176,0,4.6754298210144,0,11.2666947442379,0,0,0,14.2582794949412,0,9.89338249740601,0,5.43114007946743,0,0,0,0,0,0,0,6.85517284775364,0,0,0,0,13.7916376995064,0,5.78354980975143,0,6.37807566125549,0,0,0,5.5746643521303,0,5.6832396230054,0,0,0,6.4895350933075,0,6.67835652277775,0,0,0,7.57153367737534,4.22135615348816,6.90083623914294,17.2357561928885,0
0,0,0,0,0,0,0,0,15.1764934642895,0,5.62626188993454,0,0,0,0,0,0,0,0,0,6.65075204261514,0,6.8345820519232,0,11.9737823486328,0,0,0,0,0,5.02498165885014,0,0,0,7.08763864305284,0,7.45275987688163,3.29081690752948,4.94018625169165,0,8.80476723647699,0,11.9551252047221,0,0,0,13.3289179163655,6.34927064180374,5.65836202560298,0,0,0,0,0,18.0916436189099,0,17.4829043460727,0,0,0,0,0,0,8.19249350188738,0,5.3409624624726,0,15.1974782422425,0,11.2858818599156,0,7.73597423865063,0,7.79770051057908,0,0,0,6.8062090357689,0,6.3164302262133,0,0,3.92717894186845,3.78549575805664,6.85820845026705,0,15.0029982884725
8.32862905323331,18.2484360337257,21.4417686922395,9.13283721758769,6.83244089921315,4.26481395652614,5.43245742871211,3.33468416567599,7.41036386489868,9.16828382224367,2.93631098144933,6.57647112918937,0,2.95226883888245,6.59956867165036,11.7899013625251,15.1074015812241,10.0992561656021,13.1944147878891,2.92677967037473,4.61295465765328,4.28897918122155,16.4211945044689,3.20252813100815,8.77366189298959,3.62710869312286,28.099204381307,4.59097228731428,2.74230194091797,2.72931146621704,2.99597663879395,3.78103475247399,3.93301815954269,5.840863515349,2.97715131441752,4.51019090579476,4.27300502586794,5.10069259712773,3.72298221731391,12.3616254329681,29.5778629779816,10.2060455288998,8.65597629731084,7.53495005245866,16.4324754894554,13.117083344661,25.2154841416736,5.45160983057019,12.027846773912,8.83748263859552,16.4067474076005,6.74656581878662,3.98785763919944,3.57037281692028,9.58048839569092,9.52427798509598,23.81402727085,12.5039336280067,36.2334916591644,33.0775680541992,5.05243193308512,12.5845769246419,4.6036244253569,12.3580269084658,4.79091776759775,6.86916816234589,3.29797854423523,0,2.83807754516602,4.22290134429932,33.1047371758355,2.75153970718384,24.2191238800685,2.9836859703064,4.79369704602128,3.68976174997834,7.28176273493206,4.07878635146401,5.57056641987515,6.24058485634338,7.57153367737534,3.92717894186845,0,4.92976081421546,10.5470113107685,12.8108782450358,4.25739166356515
0,0,0,0,0,0,0,0,10.5688934326172,4.6872035185496,0,0,0,2.95581889152527,0,0,7.70465210505894,4.72569215700822,33.6093479156494,0,0,3.41476209958394,0,0,0,0,0,0,2.89248450597127,0,0,0,0,2.73563671112061,0,3.35990386404749,3.1036567226533,5.71136474609375,0,0,0,0,28.7124474843343,0,24.4225605858697,0,41.3303750356038,5.87170077908424,30.1584634780884,0,0,0,0,0,0,0,0,0,0,0,6.20319390296936,0,0,53.0817756652832,5.63199353218079,0,0,0,0,0,0,0,0,0,0,0,4.64665222167969,0,6.55056002934774,4.22993659973145,4.22135615348816,3.78549575805664,4.92976081421546,0,23.4817704336984,0,0
5.65085951202467,13.048006771161,11.8530022064472,13.1410364774557,44.5758720125471,9.10102032400241,0,5.92163991928101,5.61345019561565,15.4267303603036,35.4037628173828,0,0,0,0,0,41.4002670560564,34.749637148597,12.0736291912447,11.6971029134897,5.18912976438349,0,17.8979845046997,7.44852377414703,13.4980266176421,0,0,0,0,0,0,7.59106779098511,0,11.0284504890442,0,9.57821217666973,22.0491125651768,6.42643751282441,3.84532758735475,5.45437997095687,9.74946398666955,9.59366452272626,6.40479695293869,6.99644658322907,7.97096897071263,9.2926798797228,9.23729253175797,6.88352045927729,7.00512836991597,9.39977797608062,31.7576450986484,17.1833000183105,0,0,14.4211202556804,14.6933234078544,12.0879609835461,9.54583841440629,17.9221055228135,13.6733355846535,24.0852549552917,14.9752321243286,13.7902162468799,13.4779475152651,0,19.3942401123047,4.70701403328867,13.3829755534296,21.0042006174723,13.1700520515442,31.2171099381904,3.98324203491211,15.1499203421369,5.76170533071978,8.63773679733276,0,10.352798514896,0,7.21773012415785,10.3226055758738,6.90083623914294,6.85820845026705,10.5470113107685,23.4817704336984,0,10.1476884678934,5.69461258171932
0,0,0,22.798498740563,0,0,0,0,0,0,0,0,0,0,0,0,0,0,12.5681508928537,0,0,0,0,0,0,0,0,0,0,0,0,0,0,0,0,0,0,0,0,11.240242626356,0,6.15719928374942,0,9.88080370075562,0,25.2876198291779,0,0,0,23.225677702162,0,0,0,0,0,0,0,18.0850900288286,0,28.4614582061768,0,0,21.3922436237335,0,0,0,0,0,0,0,27.2443007826805,0,21.9248940294439,0,0,0,0,0,18.0948923428853,0,17.2357561928885,0,12.8108782450358,0,10.1476884678934,0,0
0,0,0,0,0,0,0,0,0,0,0,0,0,0,0,0,35.8190536499023,36.6471710205078,6.19831611595902,0,0,0,0,0,0,0,0,0,0,0,0,0,0,0,0,0,0,0,0,0,11.1514476748074,0,4.85032231481776,0,6.3032504717509,0,0,0,0,0,0,0,0,0,0,0,0,0,0,0,0,0,0,0,0,0,0,0,0,0,0,0,0,19.0971527099609,0,0,0,0,0,18.1481024424235,0,15.0029982884725,4.25739166356515,0,5.69461258171932,0,0
