0,0,0.0638251404541957,0,0,0,0,0,0.0649869239761397,0,0,0,0,0,0,0,0.00019280816704853,0,0.00101832195156107,0,0,0,0,0,0,0,0,0,0,0,0,0,0,0,0,0,2.01844464634617e-05,0,0.000127932594747752,1.63382253931172e-05,0.00033067318455318,0,0.00101099522369868,0,0,0,0.00102395414487511,0.000321878968194446,0.00124543269873565,0,0,0,0,0,0.0719466498712922,0,0.000320574876591321,0,0.000240237715075316,0,0.00772998746471264,0,0,0.000398648155847176,0,0,0,0,0,0,0,0,0,8.55590784290801e-05,0,0,0,0,0,0.000852953755828164,0,0.000211375573946872,0.000427450948129821,2.55454010942595e-06,0.00816111604563193,0,0.000906756492806938
0,0,0,0.0126656925119974,0,0.000292224457422267,0,0,0,0.0887921857619181,0,3.13778483236695e-05,0,0,0,0.00387637313935325,1.14682099552367e-05,0,0.000421741636942148,0,0,0,0,0,0,5.73999690096231e-05,0,0,0,0,0,0,0,0,0,1.90530524010616e-06,0,4.61553741332138e-05,0,0.000566858956162344,0,0.0104538952518366,1.02820585762135e-05,0,0,0.000409051891040614,0,0.00090037771607999,0,0.0320025868925942,0,0,0,0,0,0.0152090120513017,0,1.69831282007007e-05,0,0,0,0.0338306840085329,0,0,0,0,0.0014913951050343,0,0,0,0,0,3.09781410928129e-05,0,0,0,0,0,0.00023031605574406,9.10013752688257e-06,0.000164054292704563,6.11808263480479e-06,0.00100446195869568,9.63002905928281e-06,0.0142829213079585,8.64253867158293e-05,0
0.0638251404541957,0,0,0,0.00866665558854288,0,0,0,0.0079520419080307,0,0,0,0,0,0,0,0,0,3.62320224997089e-05,0,0.000255687596870639,0,0,0,0,0,0,0,0,0,0,0,0,0,0.000333581730829868,0,0.000110003562282702,0,0,0,0,0,0.00161416003595276,0,0,0,0.00177010608019412,9.74545785069124e-05,0.0150646289731763,0,0.00990554589155366,0,0,0,0.00816247603257736,0,0.00779957433881392,0,0.0021566128106593,0,0.00305363520720435,0,0,0.000383788592156606,0,0,0,0,0,0,0,0,0,0.000186572098702819,0,0,0,0,0,1.8739723337304e-05,1.90553427481201e-05,2.53441347248809e-06,0.000297774248537157,0,0.0166133617758308,0,0.000101620843483741
0,0.0126656925119974,0,0,0,0.0177498619803217,0,0,0,0.0138116471982033,0,0,0,0,0,0,0,3.76097098295602e-06,0.000171423529577111,0,0,0,0,0,0,0,0,0,0,0,0,0,0,0,0,1.91887601633319e-05,5.24409773527181e-06,0,0,0.000322548133972428,0,0.0013786618748121,0,0,0,0.00140859396804166,0,0,0.00019669281303868,0.00115482559051533,0,0.0137388911212912,0,0,0,0.0255494609015889,0,0.0175723088972995,0,0.00381302749517504,0,0.000900626291504329,0.000583703399227996,0,0,0,0,0,0,0,7.37777883081536e-05,0,0.000836712372971807,0,0,0,0,0,2.64059270329807e-05,5.74579538339107e-06,2.65177921371373e-06,0,0.000294691596205383,0,0.0247725984623694,0.000333356924244463,0
0,0,0.00866665558854288,0,0,0,0,0,0.0154061042992049,0,0,0,0,0,0,0,0,0,0,0,0.0135946826427553,0,0,0,0,0,0,0,0,0,0,0,0,0,0,0,0.000120460491800655,0,0,0,0.000134677212090098,0,0.000417656578552556,0,0,0,0.00205306382482002,0.000357448571383857,0.00306442702383726,0,0.0324663940310525,0,0,0,0.0111326582989372,0,0,0,0,0,0,0,0,0.0115206462393148,0,0,0,0,0,0,0,0,0,0,0,0,0,5.45300128721761e-05,0,4.67559269171454e-05,0,2.34100724073009e-06,0.000987503162987513,0,0.00651805871454032,0,0
0,0.000292224457422267,0,0.0177498619803217,0,0,0,0.00520915676149619,0,0.0271210085801499,0,0,0,0,0,0,0,0,2.32786346305689e-05,0.000255760455261217,0,0,0,0,0,0,0,0,0,0,0,0,0,0,0,2.57979767184232e-05,0,0,0,0.000326126019816339,0,0.000293415106361459,0,0,0,0.000752651529692591,0,0.000142661600736179,0.000566370605079074,0.0011054484472456,0,0.0574449233798245,0,0.00485119417540306,0,0.0181910438371002,0,0.000207194047999007,0,0,0,0,0.000226353183765704,0,0,0,0,0,0,0,7.07241869185398e-05,0,0.000112169295854011,0,0,0,5.43967464062904e-05,0,6.43064664431263e-06,1.24351624608198e-05,0,1.3455692171769e-05,0.00208422088378328,0,0.0038408219558485,0,0
0,0,0,0,0,0,0,0,0,0,0,0,0,0,0,0,0,0,0,0,0,0,0,0,0,0,0,0,0,0,0,0,0,0,0,0,1.80042206020964e-05,0,0,0,0,0,0,0,0,0,0,0,0,0,0,0,0.0773145492812615,0,0,0,0,0,0.00417892540834897,0,0,0,0,0,0,0,0,0,0,0,0,0,0,0,0,0,0,0,0,0,0,0,0.00105404777790733,2.30425489941468e-05,0,0,0
0,0,0,0,0,0.00520915676149619,0,0,0,0,0,0.0166720489498706,0,0,0,0,0,0,0,0,0,0,0,0,0,0,0,0,0,0,0,0,0,0,0,5.77852387496112e-05,0,0,0,0,0,0,0,0,0,0,0,0,0,0,0,0,0,0.0120675380904635,0,0,0,0.00645546551470458,0,0,0,0,0,0,0,0,0,0,0,0,0,0,0,0,0,0,0,0,0,0,0,0,0.000813980648433473,0,0,0,0
0.0649869239761397,0,0.0079520419080307,0,0.0154061042992049,0,0,0,0,0,0,0,0,0,0.0161782271299943,0,0.00183835850612826,0.000147328455292212,0.000409152130359461,0,0,0,0,0,0.00594194365427436,0,0.00391674762327192,0,0,0,0,0,0,0,0,0,0,0,0.000917907671714489,0,0,1.77078645281276e-05,0.000472707608426221,0,0,0,0,0.000637885571629961,5.4277024671083e-05,0,0.00334973369919593,0,0,0,0.142169748725427,0,0,0,0,0,0.000433999897195937,0,0,0,0,0,0,0.00135678392692438,0,0,0,0,0,0,0,0,0,0,0,7.37748652350967e-06,0,0.000604735319543453,0.000545925792812652,3.93339714156336e-06,0.00132359596739516,0,0
0,0.0887921857619181,0,0.0138116471982033,0,0.0271210085801499,0,0,0,0,0,0,0,0,0,0.0189997269785606,0.000177262290128147,0.00976404985088153,0.00116488674826376,0,0,0,0,0.0145376014875107,0,0.00843068272952806,0,0,0,0,0,0,0,0,0,0,0,0.00278529263678042,0,0,0,1.92224252027408e-05,0,0,0,2.3696694199298e-05,0,0,0,0.00109396531526909,0,0.00257260619810356,0,0,0,0.0840133780941346,0,6.82972531291168e-05,0,4.97692712307565e-05,0,0.0204917013058921,0,0,0,0,0.00961195907458221,0,0.00337617765502,0,0,0,0,0,0,0,0,0,0,0,0.00208615702721969,0,0.00095004833403542,0,0.00373186415949647,0,0
0,0,0,0,0,0,0,0,0,0,0,0,0.000276485712763296,0,0,0,0,0,0,0,0.0265948842592356,0,0,0,0,0,0,0,5.42358880676838e-05,0,0,0,0,0,0,0,0,0,0.0140312106362624,0,0,0,0,0,0,0,0,0,0,0,0,0,0.000227721269766334,0,0,0,0.0834310387860969,0,0.00733092233711031,0,0,0,0,0.000179009148851828,0,0,0,0,0,0,0,0.00206173765230036,0,0.0066018125366906,0,0,0,0,0,0,0,0.00105603440752194,0.000503291373691089,4.03005913863252e-05,0.000132087470868812,0,0
0,3.13778483236695e-05,0,0,0,0,0,0.0166720489498706,0,0,0,0,0,0.0177540429263361,0,0,0,0,1.67409240719379e-05,0.0349595708453855,0,0,0,0,0,0,0,0,0,0.00350277418867398,0,0,0,0,0,0.000447998701661851,0,0.0243877881389433,0,7.49275702729609e-05,0,1.93595834948931e-05,3.38853201449186e-05,0,0,0.000516632207580424,0,0,0,1.65250236051876e-05,0,0,0,0.000903058576727985,0,0,0,0.083082370064095,0,0.00430818263096593,0,0,0.0142255015979695,0,0,0,0,0,0,0,0,0,0.00117427752448978,0,0,0,0,0,0.00019672603173962,0,0.010623241828541,0,0.00145571741403413,0,0.000189400679626436,0,0
0,0,0,0,0,0,0,0,0,0,0.000276485712763296,0,0,0,0,0,0,0,0,0,0,0,0,0,0,0,0,0,3.9285012462642e-05,0,0,0,0,0,0,0,0,0,0,0,0,0,0,0,0,0,0,0,0,0,0,0,0,0,0,0,0,0,0.0158193881953767,0,0,0,0,0,0,0,0,0,0,0,0,0.000190621662082363,0,0,0,0,0,0,0,0,0,0,0.000157795891119686,8.66276211995102e-06,0,0,0
0,0,0,0,0,0,0,0,0,0,0,0.0177540429263361,0,0,0,0,0,0,0,0,0,0,0,0,0,0,0,0,0,0,0,0,0,0,0,0,0,0,0,0,0,0,0,0,0,0,0,0,0,0,0,0,0,0,0,0,0,0.00375349068936936,0,0.0396265547100747,0,0,0,0,0,0,0,0,0,0,0.00015186190550107,0,0,0,0,0,0,0,0,0,0,0,0.000131954744435612,0,0,0,0
0,0,0,0,0,0,0,0,0.0161782271299943,0,0,0,0,0,0,0,0.00732056566521127,4.06331484841446e-05,0,0,0,0,0,0,0,0,0,0,0,0,0,0,0,0,0,0,0,0,0,0,0,0,0,0,0,0,0,0,0,0,0,0,0,0,0,0,0,0,0.000612069277833973,0,0.00491001832742607,0,0,0,0,0,0,0,0,0,0,0,0,0,0,0,0,0,0,0,0,0,9.91124251775826e-05,0,0,0,0
0,0.00387637313935325,0,0,0,0,0,0,0,0.0189997269785606,0,0,0,0,0,0,0,0.000182119372801104,0,0,0,0,0,0,0,0.00254800786082764,0,0,0,0,0,0,0,0,0,0,0,0,0,0,0,0,0,0,0,0,0,0,0,0,0,0.00360821300438619,0,0,0,0.0233956823903743,0,0,0,0,0,0.0304219831889394,0,0,0,0,0,0,0,0,0,0,0,0,0,0,0,0,0,0,0,0,7.08562162379191e-05,0,0,0,0
0.00019280816704853,1.14682099552367e-05,0,0,0,0,0,0,0.00183835850612826,0.000177262290128147,0,0,0,0,0.00732056566521127,0,0,0.0834418988611843,0.0606202658735406,7.56636482893142e-06,0,0,0.00182527730309506,0,0,0,0.00897569983526933,0,0,0,0,0,0,0,0,2.88362913372612e-05,2.60366865940102e-05,1.27996357391036e-05,2.45088153266474e-05,0.000734498124965844,6.86814129887347e-05,0.000154555813742552,0.000498644948693639,0,4.32998236497882e-06,0.000187396726347393,0.000532961432164282,0,0.000110285401502149,2.71984377391425e-06,0,0,0,0,0,0,2.2914798296872e-05,3.71170955799343e-05,0,0,0,0,2.49026275170036e-05,0.000207790261879902,0,0,0,0,0,0.00124408272083674,5.59332983885314e-06,0,8.94698848868088e-05,1.34521370385305e-05,0,0,0,0,0.000412988493061533,0.00069386323351043,0.000247332983398085,0.00030668599475732,0.0297114222674083,5.41241838162347e-05,0.00106190158902794,7.58208054487582e-05,0.000140282035914783
0,0,0,3.76097098295602e-06,0,0,0,0,0.000147328455292212,0.00976404985088153,0,0,0,0,4.06331484841446e-05,0.000182119372801104,0.0834418988611843,0,0.058119157237736,0,0,0.00406841181937069,0,0,0,0.00401929780039322,0,0.00037523466811059,0,0,0,0,0,0,0,2.86687111989441e-05,1.51890205088375e-05,4.86818844344373e-05,2.85063997922482e-06,0.00061209708771385,6.34957950711927e-06,0.000413314095665532,0.000193640427521513,0,4.56907502936646e-06,0.000273518671397624,0.000361232032984453,0,3.223289790436e-05,0,0,0,0,0,0,0,0,3.35768464906506e-06,0,0,0,0,0.000143145450073117,0.000223945330033147,0.000750498591814791,0,0,0,0,0,1.80523603480936e-05,0,5.51464248168903e-05,4.01486340665194e-06,0,0,0,0,0.000382774352707548,0.000370301765830117,0.000196515777051314,5.01942094123109e-05,0.0477718144041483,0.00308557137157001,0.000672751644446081,0.000136825903817676,1.01714933039785e-05
0.00101832195156107,0.000421741636942148,3.62320224997089e-05,0.000171423529577111,0,2.32786346305689e-05,0,0,0.000409152130359461,0.00116488674826376,0,1.67409240719379e-05,0,0,0,0,0.0606202658735406,0.058119157237736,0,8.2469420796866e-05,0,0,0,0,0,0,0,0,0,8.6086718729902e-06,0,0,0,0,0,0.000546201114703345,0.000364592179903247,0.000522904929693637,0.000635050659179418,0.0189809190301827,0.00351092350604354,0.024222120678437,0.0250711833098911,0,0.000525483654467491,0.00683674397982321,0.0123566466773809,2.08130742663607e-05,0.00681789866169949,9.66933731835515e-05,1.42812063786133e-05,0,0,0,0,0,0.000131969600679344,0.00305407417912734,0,0.000121798144406205,0,0,0.00221772105390472,0.00521134805360623,0,0,0,0,0,0,0.0010084720831397,0,0.00708114305697319,0.000917122036544786,0,0,8.29569254466464e-06,0,0.00842325410735839,0.0117154560103206,0.00721280712358784,0.00863302413737839,0.0137837289992792,0.00035466697541758,0.0360083528841376,0.00807653554482602,0.00703797862698154
0,0,0,0,0,0.000255760455261217,0,0,0,0,0,0.0349595708453855,0,0,0,0,7.56636482893142e-06,0,8.2469420796866e-05,0,0,0,0,0,0,0,0,0,0,0,0,0,0,0,0,0.0168679108938462,0,0.0121903529861733,0,0.000237016716681076,0,3.70095002941344e-05,0,0,3.90961597095652e-05,0.00225390210095089,0,0,0.000144965208374735,5.64599170440236e-05,0,0,0,0,0,0,0,0.000391308711243757,0,0,0,0,0.084346226358176,0,0,0,0,0,0,0,0,0,0.00153292636254328,0,0,0,1.85378875459876e-05,0,0.00474055473500468,0,0.00539364833703692,0,0.00121089060028732,4.22056041249591e-05,0.000158072607839944,0.000191698551816709,0
0,0,0.000255687596870639,0,0.0135946826427553,0,0,0,0,0,0.0265948842592356,0,0,0,0,0,0,0,0,0,0,0,0,0,0,0,0,0,0,0,0,0,0,0,0,0,0.00927536285528372,0,0.00696554076848304,0,0,0,1.01805180964035e-05,0,0,0,0,0,0.000675614255898422,0,0.0042591007200295,0,0,0,0,0,0.0569579610373217,0,0,0,0,0,0,0.0708212283519674,0,0,0,0,0,0,0,0,0,0.00467018920291726,0,0,0,0,0,0.00876021209882414,0,0.00672582967658468,0.00324731544632148,0,0.000508152936151118,0,0
0,0,0,0,0,0,0,0,0,0,0,0,0,0,0,0,0,0.00406841181937069,0,0,0,0,0.00035399834478011,0.00235722120356119,0,0.00090893743666142,0,0.0020899836345781,0,0,0,0,0,0,0,0,0,0.00696660798752289,0,0,0,0,0,0,0,0,0,0,0,0.00773899220281922,0,0,0,0,0,0,0,0,0,0,0,0,0,0,0.101242076962171,5.81503500887094e-05,0.00268405597875971,0,0.00223477169068388,0,1.040902951128e-05,0,0,0,0,0,0,0,0,0,0.000967362937715548,0,0.00389946668324236,0.000555312702778024,7.96186888603697e-05,0,0
0,0,0,0,0,0,0,0,0,0,0,0,0,0,0,0,0.00182527730309506,0,0,0,0,0.00035399834478011,0,0,0.00583623320967432,0,0.00194909275868232,0,0.00307696745010445,0,0,0,0,0,0,0,0,0,0.00676602612486222,0,0,0,0,0,0,0,0,3.47882303535606e-05,0.00141771546596689,0,0,0,0,0,0,0,0,0,0,0,0,0,0,0,0,0.0937104713350254,0,0.000798404164041135,0,0.00291921851473447,0,0.00044495968727477,0,0,0,0,0,0,0,0,0,0.000894279752957581,0.00387585920874288,0.00488701667180441,0,0,0
0,0,0,0,0,0,0,0,0,0.0145376014875107,0,0,0,0,0,0,0,0,0,0,0,0.00235722120356119,0,0,0,0.0699849886095525,0,0,0,0,0,0,0,0,0,0,0,0.00981939535865291,0,0,0,0,0,0,0,0,0,0,0,0.025658158015058,0,0,0,0,0,0.0187064099402157,0,0,0,0,0,0,0,0,0.0100816394585304,0,0.20633959630777,0,0.023731045180403,0,0,0,0,0,0,0,0,0,0,0,0.00162052349772061,0,0.00069138097960382,0,0.00487429690839199,0,0
0,0,0,0,0,0,0,0,0.00594194365427436,0,0,0,0,0,0,0,0,0,0,0,0,0,0.00583623320967432,0,0,0,0.0304165049623655,0,0,0,0,0,0,0,0,0,0,0,0.00618826273370645,0,0,0,0.000124465504396545,0,0,0,0,0.000553706283805966,0,0,0,0,0,0,0.0553800760837111,0,0,0,0,0,0,0,0,0,0,0.00381838756576651,0,0.263193794405334,0,0.0260226610456101,0,0,0,0,0,0,0,0,0,0,0,0.00112450231901445,0.000628757458817511,0,1.90468751122552e-05,0,0
0,5.73999690096231e-05,0,0,0,0,0,0,0,0.00843068272952806,0,0,0,0,0,0.00254800786082764,0,0.00401929780039322,0,0,0,0.00090893743666142,0,0.0699849886095525,0,0,0,8.60316814592775e-05,0,0,0,0,0,0,0,0,0,0,0,0,0,0,0,0,0,0,0,0,0,0.00251589042788322,0,0,0,0,0,0.0126884350893639,0,0,0,0,0,0.000781727032205755,0,0,0.00251606368725684,0,0.0249291822338389,0,0.0585727739252475,0,0.00288578478158617,0,0,0,0,0,0,0,0,0,0,0,0.000341399126294475,0,0.00160243841969165,0,0
0,0,0,0,0,0,0,0,0.00391674762327192,0,0,0,0,0,0,0,0.00897569983526933,0,0,0,0,0,0.00194909275868232,0,0.0304165049623655,0,0,0,0.00911457129870883,0,0,0,0,0,0,0,0,0,0,0,0,0,0,0,0,0,0,0,0,0,0,0,0,0,0.00020236001059187,0,0,0,0,0,0,0,0,0,0,0.00247846871830896,0,0.00731582350589627,0,0.0170375578531198,0,0.00184452674115965,0,0,0,0,0,0,0,0,0,0,0.00144113191322983,0,0,0,0
0,0,0,0,0,0,0,0,0,0,0,0,0,0,0,0,0,0.00037523466811059,0,0,0,0.0020899836345781,0,0,0,8.60316814592775e-05,0,0,0,0.0236493003429084,0,0,0,0,0,0,0,0.00151219996527549,0,0,0,0,0,0,0,0,0,0,0,0.000103517633500136,0,0,0,0,0,0,0,8.62570886965841e-05,0,0.00058542275929979,0,0,0,0,6.27046453736567e-05,0,0,0,0,0,0.023063241509294,0,0.0027450688594538,0,0,0,0,0,0,0,0,0,0.00173913193412535,0.0003515462275183,0,0,0
0,0,0,0,0,0,0,0,0,0,5.42358880676838e-05,0,3.9285012462642e-05,0,0,0,0,0,0,0,0,0,0.00307696745010445,0,0,0,0.00911457129870883,0,0,0,0.00397609715393789,0,0,0,0,0,0,0,0.000857760699229403,0,0,0,0,0,0,0,0,0,0,0,0,0,0,0,0,0,0,0,0,0,0,0,0,0,0,0.00356344698003736,0,0,0,0.00569447677139136,0,0.0156631798881288,0,0.00223946055450757,0,0,0,0,0,0,0,0.00104719839077779,6.47426837265469e-05,0,0,0,0
0,0,0,0,0,0,0,0,0,0,0,0.00350277418867398,0,0,0,0,0,0,8.6086718729902e-06,0,0,0,0,0,0,0,0,0.0236493003429084,0,0,0,0,0,0,0,0,0,0.00229206733659231,0,0,0,0,0,0,0,1.92895990253484e-05,0,0,0,0,0,0,0,0,0,0,0,0,0,0,0,0,0.000187575499732539,0,0,0,0,0,0,0,0.00152118567245299,0,0.070546445268394,0,0,0,0,0,0,0,4.95030864678077e-05,0,0.000748418046496043,0.000850546612023846,0,0,0
0,0,0,0,0,0,0,0,0,0,0,0,0,0,0,0,0,0,0,0,0,0,0,0,0,0,0,0,0.00397609715393789,0,0,0,0,0,0,0,0,0,0.00114417789199178,0,0,0,0,0,0,0,0,0,0,0,0,0,0,0,0,0,5.00208525645012e-05,0,0,0,0,0,0,0,0,0,0,0,0,0,0,0.00724329641345585,0,0.0898255222413747,0,0,0,0,0,0,0,0.000694270986124327,8.54214614513729e-06,0,0,0,0
0,0,0,0,0,0,0,0,0,0,0,0,0,0,0,0,0,0,0,0,0,0,0,0,0,0,0,0,0,0,0,0,0.0299726497781463,0.000935367656257782,0,0.000216395553902834,0.000990429366358742,0,0,0,0,0,0,0,0,5.0153775027475e-05,0,0.0483734822432294,8.53840582608224e-05,0.00211963830780743,0,0,0,0,0,0,0,0,0,0,0,0,2.27233633853551e-05,0,0,0,0,0,0,0,0,0,7.481275258672e-05,0,0.503224211405901,0.0206702702272059,0.0352635391622674,0.000640468813264709,0.00481705324690621,3.86934508811364e-06,3.06510509080261e-05,0,0.00155105077067471,0,0.000144165465559437,0,0
0,0,0,0,0,0,0,0,0,0,0,0,0,0,0,0,0,0,0,0,0,0,0,0,0,0,0,0,0,0,0,0.0299726497781463,0,0,0.0110803508062129,0,0.00272815611144248,0,0,0,0.000157414203121763,0,0,0,0,0,0,0.0123615267615744,0.000591505651224861,0,0,0,0,0,0,0,0,0,0,0,0,0,0,0,0,0,0,0,0,0,0,0,0,0,0.147407415628269,0.448574771288708,0.000438922072630412,0.0380096831322257,0.00116910314610563,0.00171101753216963,0,0,0.00143734820855136,0,0,0,0
0,0,0,0,0,0,0,0,0,0,0,0,0,0,0,0,0,0,0,0,0,0,0,0,0,0,0,0,0,0,0,0.000935367656257782,0,0,0.178889389930609,0.0077778741080743,0,0.00484541851809884,0.000277660910955528,0,0,8.31327029285345e-06,0,0,0,0,0,0.0768509513312692,0,0.000874828998113313,0,0,0,0,0,0,0,0,0,0,0,0,0,0,0,0,0,0,0,0,0,0,0,0,0.00620148393103593,0,0.262226528601725,0.0329817943325434,0.00390561049352196,0,0.0109937835408253,0,0.000611463393375959,0,0.000163122947249233,0,0
0,0,0.000333581730829868,0,0,0,0,0,0,0,0,0,0,0,0,0,0,0,0,0,0,0,0,0,0,0,0,0,0,0,0,0,0.0110803508062129,0.178889389930609,0,0,0.00596324981630693,0.000119993648769775,0.00158748579162142,0,0.000482838023151137,0,0.000356417450878031,0,0,0,8.00745550069283e-05,0.385969290082405,0.00171014433609252,2.67867129059469e-05,5.70066745387379e-05,0,0,0,0,0,6.10745984755274e-05,0,0,0,0,0,0,0.000102202160401311,0,0,0,0,0,0,0,0,0,0,0,0.0010101411482245,0.0681029837286889,0.237481615170627,0,0.00219629045345791,0,0.00147382513471264,0.00316729496375721,0,0.00249370121522234,0,0
0,1.90530524010616e-06,0,1.91887601633319e-05,0,2.57979767184232e-05,0,5.77852387496112e-05,0,0,0,0.000447998701661851,0,0,0,0,2.88362913372612e-05,2.86687111989441e-05,0.000546201114703345,0.0168679108938462,0,0,0,0,0,0,0,0,0,0,0,0.000216395553902834,0,0.0077778741080743,0,0,0.00444887757295606,0.0123249771540448,0,0.000304389442797682,0,0.00066134858072673,2.07476756780639e-05,0,0,0.00152146019101835,1.31810345948617e-06,0.00129248126526153,0.000121318687908384,0.000727166340920722,0,0,0,0,0,0,0,7.08965766452454e-05,0,1.46707410376736e-05,0,0,0.00239748549985084,1.10228673683732e-05,0,0,0,0,0,0,1.9537181037154e-05,0,9.50521127770374e-05,0,0.000151304735758634,0.00011691097240371,0.00119497095912972,0,0.0988404006489023,0.000191842124472396,0.00776681895811383,1.38468301130336e-05,0.00749555525406289,4.14863698530311e-05,0.000779454239917193,0.000158339050391624,0
2.01844464634617e-05,0,0.000110003562282702,5.24409773527181e-06,0.000120460491800655,0,1.80042206020964e-05,0,0,0,0,0,0,0,0,0,2.60366865940102e-05,1.51890205088375e-05,0.000364592179903247,0,0.00927536285528372,0,0,0,0,0,0,0,0,0,0,0.000990429366358742,0.00272815611144248,0,0.00596324981630693,0.00444887757295606,0,1.03332729315497e-06,0.0071729148675946,0.000102461346554764,0.000155157851635827,8.69488964827997e-05,0.00150007641692326,0,1.68972521757901e-05,0.000117640603318089,0.00057691816986544,0.000307452117202687,0.00120931293299424,0.000147562464017304,1.94148721627727e-05,0,0,0,0,0,3.29489530471096e-05,2.78883781833242e-05,0,0,0,0,3.62866725438074e-05,0.00383203448180368,0,0,0,0,0,0,2.86579728021898e-06,0,9.01165244778453e-06,8.05090916646319e-06,0.00013110072627964,0.00191159785238632,0,0.00319914060289603,0.000509401879266515,0.0902549203306721,9.38476961815228e-07,0.00472133425139096,0.00698915803163705,0.00361150157147358,0.00253911343804336,0,0.000131784712329928
0,4.61553741332138e-05,0,0,0,0,0,0,0,0.00278529263678042,0,0.0243877881389433,0,0,0,0,1.27996357391036e-05,4.86818844344373e-05,0.000522904929693637,0.0121903529861733,0,0.00696660798752289,0,0.00981939535865291,0,0,0,0.00151219996527549,0,0.00229206733659231,0,0,0,0.00484541851809884,0.000119993648769775,0.0123249771540448,1.03332729315497e-06,0,0.0041282949802307,0.000262792793121223,0,0.000477240084009503,1.98280956640589e-05,0,0,0.00072354515618488,2.52153359180849e-06,0.00294693350260013,0,0.00771357501708099,0,0,0,0,0,0.000544878575593604,0,0.00197841104056987,0,0,0,0,0.00695068329164604,2.71112918369016e-06,0.00222729899709494,0,0.00240335117672886,0,0,0,1.1059859999387e-05,0,0.000380661400335158,0,0,0,0.000781668344661846,0,0.00266089047263928,1.36004789008028e-05,0.111109678824237,0.000960465050766989,0.00776490114874592,0.000578198048803024,0.0027562401881355,0.000454281185997336,1.4131914892365e-05
0.000127932594747752,0,0,0,0,0,0,0,0.000917907671714489,0,0.0140312106362624,0,0,0,0,0,2.45088153266474e-05,2.85063997922482e-06,0.000635050659179418,0,0.00696554076848304,0,0.00676602612486222,0,0.00618826273370645,0,0,0,0.000857760699229403,0,0.00114417789199178,0,0,0.000277660910955528,0.00158748579162142,0,0.0071729148675946,0.0041282949802307,0,1.30320489377615e-05,8.27222872502147e-06,3.96384956517922e-05,0.00149895068722704,0,0,5.01544794179561e-06,0.000387265033986666,0.0184797710531039,0.000449274248528487,0,0,0,0,0,0.000765296111015447,0,0.00997248779015681,0,0,0,0,0,5.21448216229224e-06,0.00137184086131424,0,0.00249966622033544,0,0.0115554974161732,0,0,0,0.00373536127259601,0,0.00306505808295618,0,0,0,0.00165630181212966,1.00078284852522e-05,0.00188877991050754,0.00042486173166165,0.130800707012361,0.00970661470572011,0.000445208654252425,0.00305335324347877,0,0.00011735736905677
1.63382253931172e-05,0.000566858956162344,0,0.000322548133972428,0,0.000326126019816339,0,0,0,0,0,7.49275702729609e-05,0,0,0,0,0.000734498124965844,0.00061209708771385,0.0189809190301827,0.000237016716681076,0,0,0,0,0,0,0,0,0,0,0,0,0,0,0,0.000304389442797682,0.000102461346554764,0.000262792793121223,1.30320489377615e-05,0,0.000304677439596965,0.0679213097648952,0.00118319558098199,0,0.000113196230938773,0.0383217104465724,0.000692459761231527,0.000886857622591084,0.00317582024366777,0.0214843658634234,0,0,0,0,0,0,1.04566717216948e-05,0.004271449659068,0,9.88701834770755e-05,0,0,0.0133305655516009,0.000732818522374329,0,0,0,0,0,0,0.000301748431577745,0,0.00576155378920129,0,2.46297536005732e-05,0,1.73787508625238e-05,0,0.0103259745576336,0.000541299585667122,0.0026973941768716,0.000148444240994071,0.00125357111709255,5.92276546325341e-06,0.0331647791051629,0.00422595392940841,0.000286434016995804
0.00033067318455318,0,0,0,0.000134677212090098,0,0,0,0,0,0,0,0,0,0,0,6.86814129887347e-05,6.34957950711927e-06,0.00351092350604354,0,0,0,0,0,0,0,0,0,0,0,0,0,0.000157414203121763,0,0.000482838023151137,0,0.000155157851635827,0,8.27222872502147e-06,0.000304677439596965,0,0.000197688840204991,0.0227230047391533,0,0.000160193086782889,0.000154345628258526,0.0366549048918418,0.00292483553470291,0.0289500802096566,0,0.000395661828493125,0,0,0,0,0,0.000313618893056166,0,0,0,0,0,8.35348990568471e-06,0.00604522367276143,0,0,0,0,0,0,0,0,7.68148877535041e-05,0,0,0.00139391524655318,0,7.01179443454913e-05,5.94193452113248e-05,0.00466285001730762,3.03554007503269e-05,0.000219670487335701,0.00015771915143724,0,0.00852329953520349,5.27467084212816e-05,0.000387560106500405
0,0.0104538952518366,0,0.0013786618748121,0,0.000293415106361459,0,0,1.77078645281276e-05,1.92224252027408e-05,0,1.93595834948931e-05,0,0,0,0,0.000154555813742552,0.000413314095665532,0.024222120678437,3.70095002941344e-05,0,0,0,0,0,0,0,0,0,0,0,0,0,8.31327029285345e-06,0,0.00066134858072673,8.69488964827997e-05,0.000477240084009503,3.96384956517922e-05,0.0679213097648952,0.000197688840204991,0,0.0203159650574321,0,0,0.014546769173872,0.000303014675023341,0.00964789700675679,0.000148935174189262,0.0216027578506009,0,0,0,0,1.04219715100887e-05,0,8.72092147165661e-06,0.0372674335554011,0,0.00106090372295312,0,0,0.00776542489399426,0.000144473282478463,0,0,8.23371670505132e-05,0,1.75439218660937e-05,0,0.00369039532525373,0,0.0186140599607995,0,0,0,4.12599312011357e-05,0,0.0184953118206627,0.00035143231152085,0.00649949144769811,0.000124102394450167,0.002549045091654,2.6950279045008e-05,0.0980439498483304,0.0623779869875419,0.000754219400704437
0.00101099522369868,1.02820585762135e-05,0.00161416003595276,0,0.000417656578552556,0,0,0,0.000472707608426221,0,0,3.38853201449186e-05,0,0,0,0,0.000498644948693639,0.000193640427521513,0.0250711833098911,0,1.01805180964035e-05,0,0,0,0.000124465504396545,0,0,0,0,0,0,0,0,0,0.000356417450878031,2.07476756780639e-05,0.00150007641692326,1.98280956640589e-05,0.00149895068722704,0.00118319558098199,0.0227230047391533,0.0203159650574321,0,0,0.000399356394740247,0.000683401235753494,0.0349340253862314,0.00961293766663355,0.0625809885978805,9.67101922489936e-05,0.000667205073757337,0,0,0,9.8084384351646e-05,0,0.00607852780046479,0.00010426200095848,4.34710029536545e-05,0,0,0,1.34571504504944e-05,0.00873303614839921,0,0,0,0,0,0,3.05394793042981e-05,0.000561763192756982,0.000163544607470714,0.00337344355076735,0,0,0,0.000279880410946984,0.000297545175384039,0.0198182676290266,0.000198591516902557,0.00921629923772787,0.00350822827348492,1.05119669864704e-05,0.111717407481489,0.00065858284920027,0.0399602156262844
0,0,0,0,0,0,0,0,0,0,0,0,0,0,0,0,0,0,0,0,0,0,0,0,0,0,0,0,0,0,0,0,0,0,0,0,0,0,0,0,0,0,0,0,0,0,0,0,0,0,0,0,0,0,0,0,0,0,0,0,0,0,0,0,0,0,0,0,0,0,0,0,0,0,0,0,0,0,0,0,0,0,0,0,0,0,0
0,0,0,0,0,0,0,0,0,0,0,0,0,0,0,0,4.32998236497882e-06,4.56907502936646e-06,0.000525483654467491,3.90961597095652e-05,0,0,0,0,0,0,0,0,0,0,0,0,0,0,0,0,1.68972521757901e-05,0,0,0.000113196230938773,0.000160193086782889,0,0.000399356394740247,0,0,0,0.000740788868308474,0,0.00027684680421684,0,0,0,0,0,0,0,0,0,0,0,0,0,0,5.92005389954001e-05,0,0,0,0,0,0,0,0,0,0,0,0,0,0,3.98917778007777e-06,0.000156924554401866,0,0.000305687333901145,1.24896834655323e-05,0,0.000422708794904217,0,0.000123282554782903
0,0.000409051891040614,0,0.00140859396804166,0,0.000752651529692591,0,0,0,2.3696694199298e-05,0,0.000516632207580424,0,0,0,0,0.000187396726347393,0.000273518671397624,0.00683674397982321,0.00225390210095089,0,0,0,0,0,0,0,0,0,1.92895990253484e-05,0,5.0153775027475e-05,0,0,0,0.00152146019101835,0.000117640603318089,0.00072354515618488,5.01544794179561e-06,0.0383217104465724,0.000154345628258526,0.014546769173872,0.000683401235753494,0,0,0,0.000568825586963755,0.00125424215779991,0.00100762077356255,0.00582594710471393,0,0,0,0,0,0,9.73398072391207e-06,0.0091360370666806,0,0.000299171172305006,0,0,0.049377588272264,0.000239266502604751,0,0,0,0,0,0,0.00146168812166036,0,0.0113062546733204,0,5.52065577586526e-05,0,0.000584931233273084,0,0.0142942632852392,0.00029630061777829,0.0117602470649756,0.00012821943491973,0.00088481652631179,1.46146105665956e-05,0.0259431519027534,0.00334524847146976,0.000125868811254965
0.00102395414487511,0,0.00177010608019412,0,0.00205306382482002,0,0,0,0,0,0,0,0,0,0,0,0.000532961432164282,0.000361232032984453,0.0123566466773809,0,0,0,0,0,0,0,0,0,0,0,0,0,0,0,8.00745550069283e-05,1.31810345948617e-06,0.00057691816986544,2.52153359180849e-06,0.000387265033986666,0.000692459761231527,0.0366549048918418,0.000303014675023341,0.0349340253862314,0,0.000740788868308474,0.000568825586963755,0,0.00140629641638659,0.0156488217463854,1.67362194723884e-05,0.00235322569289508,0,0,0,0,0,0.00289899437563251,1.58028051425549e-05,0,1.58415344177471e-05,0,0,7.22447208820597e-05,0.0480694096585278,0,0,0,0,0,0,0,0,4.8918845070582e-05,0.00253381502042723,0,0,0,0.000300880724582483,0.000161478908079692,0.0102079214765591,6.53932476871273e-05,0.00520122159379772,0.000776988680952583,1.09262241381738e-06,0.034994068700318,3.24082559216115e-05,0.000698377782564355
0.000321878968194446,0.00090037771607999,9.74545785069124e-05,0,0.000357448571383857,0.000142661600736179,0,0,0.000637885571629961,0,0,0,0,0,0,0,0,0,2.08130742663607e-05,0,0,0,3.47882303535606e-05,0,0.000553706283805966,0,0,0,0,0,0,0.0483734822432294,0.0123615267615744,0.0768509513312692,0.385969290082405,0.00129248126526153,0.000307452117202687,0.00294693350260013,0.0184797710531039,0.000886857622591084,0.00292483553470291,0.00964789700675679,0.00961293766663355,0,0,0.00125424215779991,0.00140629641638659,0,0.0596995296186528,0.0931341716544508,0.000427046988041363,0,0,0,2.70058492314942e-05,0,0.000389768878341225,1.66735372359164e-05,0,4.95526714732201e-05,0,0,0.000191865540731435,0.000332407016584681,0,7.12260313650456e-05,0,0.00067491553556136,0,0,6.65004927684679e-06,0,0,0,0.0533819970526819,0.0228917425673994,0.0553247879502435,0.0902065953594903,0.00614577203544039,0.00763453147362647,0.00584851786956351,0.0121039428821765,0.00314680628946966,5.88096632068412e-06,0.0461429865889817,1.64517508962933e-05,0.000139422407441174
0.00124543269873565,0,0.0150646289731763,0.00019669281303868,0.00306442702383726,0.000566370605079074,0,0,5.4277024671083e-05,0,0,0,0,0,0,0,0.000110285401502149,3.223289790436e-05,0.00681789866169949,0.000144965208374735,0.000675614255898422,0,0.00141771546596689,0,0,0,0,0,0,0,0,8.53840582608224e-05,0.000591505651224861,0,0.00171014433609252,0.000121318687908384,0.00120931293299424,0,0.000449274248528487,0.00317582024366777,0.0289500802096566,0.000148935174189262,0.0625809885978805,0,0.00027684680421684,0.00100762077356255,0.0156488217463854,0.0596995296186528,0,0.00419559654242471,0.00260582047261355,0,0,0,0.00122235395503493,0,0.0046918722630752,0.000397922101638352,0.000235197594873805,2.05339870065537e-05,0.0104229650016771,0,0.00147017938364491,0.00592739443795243,0,0.000576931108002006,0,0.00310791945756317,0,0.00120570916930135,2.5108900089636e-05,3.51392069905913e-05,7.11833010553207e-05,0.00098567373852182,8.29866913489138e-05,0.0098865065544197,0.000159302417191008,0.00707337565611799,0.00122034845344424,0.00593973864003792,9.20845419540546e-05,0.00116681262022823,0.000320110581008047,3.01835459480274e-06,0.054683062704263,0,0.0180830034255801
0,0.0320025868925942,0,0.00115482559051533,0,0.0011054484472456,0,0,0,0.00109396531526909,0,1.65250236051876e-05,0,0,0,0,2.71984377391425e-06,0,9.66933731835515e-05,5.64599170440236e-05,0,0.00773899220281922,0,0.025658158015058,0,0.00251589042788322,0,0.000103517633500136,0,0,0,0.00211963830780743,0,0.000874828998113313,2.67867129059469e-05,0.000727166340920722,0.000147562464017304,0.00771357501708099,0,0.0214843658634234,0,0.0216027578506009,9.67101922489936e-05,0,0,0.00582594710471393,1.67362194723884e-05,0.0931341716544508,0.00419559654242471,0,2.02899970587023e-05,0,0,0,0,0.00421640588014853,0,0.00745622832682122,0,7.16838241484078e-05,0,0,0.00324578806197841,1.64996401101021e-05,0.0253408444503399,0,0.0295638017632944,0,0.00552164234340467,0,0.00808676817057076,0,0.00433322383322055,0,0.00080856334455974,5.37424168966486e-05,0.00263084318557421,0,0.00259983866939759,1.58930283474548e-06,0.0215672086473748,0,0.00137595792766412,0,0.031392549999972,0.00013271674305298,0
0,0,0.00990554589155366,0,0.0324663940310525,0,0,0,0.00334973369919593,0,0,0,0,0,0,0,0,0,1.42812063786133e-05,0,0.0042591007200295,0,0,0,0,0,0,0,0,0,0,0,0,0,5.70066745387379e-05,0,1.94148721627727e-05,0,0,0,0.000395661828493125,0,0.000667205073757337,0,0,0,0.00235322569289508,0.000427046988041363,0.00260582047261355,2.02899970587023e-05,0,0,0,0,0,0,0.00476169838092885,0,0.00661712516586284,0,0,0,0,0.00838797639132098,0,0,0,0,0,0,0,0,0,0,0,0,0,0,0,1.0854888194735e-05,0,0,0.000208943163615438,0,0.00520489123578733,0,0
0,0,0,0.0137388911212912,0,0.0574449233798245,0,0,0,0.00257260619810356,0,0,0,0,0,0.00360821300438619,0,0,0,0,0,0,0,0,0,0,0,0,0,0,0,0,0,0,0,0,0,0,0,0,0,0,0,0,0,0,0,0,0,0,0,0,0,0,0,0.0185760020046059,0,0,0,0.00304471511284399,0,0,0,0,0,0,0,0,0,0,0,0,0,0,0,0,0,0,0,0,0,0,2.67476250381081e-05,0,0,0,0
0,0,0,0,0,0,0.0773145492812615,0,0,0,0.000227721269766334,0,0,0,0,0,0,0,0,0,0,0,0,0,0,0,0,0,0,0,0,0,0,0,0,0,0,0,0,0,0,0,0,0,0,0,0,0,0,0,0,0,0,0,0,0,0,0,0.000320887166147203,0,0,0,0,0,0,0,0,0,0,0,0,0,0,0,0,0,0,0,0,0,0,0,0.000957808154733998,0,0,0,0
0,0,0,0,0,0.00485119417540306,0,0.0120675380904635,0,0,0,0.000903058576727985,0,0,0,0,0,0,0,0,0,0,0,0,0,0,0,0,0,0,0,0,0,0,0,0,0,0,0,0,0,0,0,0,0,0,0,0,0,0,0,0,0,0,0,0,0,0.00778487294600275,0,0,0,0,0,0,0,0,0,0,0,0,0,0,0,0,0,0,0,0,0,0,0,0,0.000164367559122436,0,0,0,0
0.0719466498712922,0,0.00816247603257736,0,0.0111326582989372,0,0,0,0.142169748725427,0,0,0,0,0,0,0,0,0,0,0,0,0,0,0,0.0553800760837111,0,0.00020236001059187,0,0,0,0,0,0,0,0,0,0,0,0.000765296111015447,0,0,1.04219715100887e-05,9.8084384351646e-05,0,0,0,0,2.70058492314942e-05,0.00122235395503493,0,0,0,0,0,0,0,0.000103502896446665,0,0.000107407727610621,0,0.0339944242763595,0,0,0,0,0,0,0.0467548039565328,0,0,0,0,0,0,0,0,0,0,0,0,0,0.00101122251694054,0.000121707831188626,0,3.25834087674861e-05,0,0
0,0.0152090120513017,0,0.0255494609015889,0,0.0181910438371002,0,0,0,0.0840133780941346,0,0,0,0,0,0.0233956823903743,0,0,0,0,0,0,0,0.0187064099402157,0,0.0126884350893639,0,0,0,0,0,0,0,0,0,0,0,0.000544878575593604,0,0,0,0,0,0,0,0,0,0,0,0.00421640588014853,0,0.0185760020046059,0,0,0,0,0,0.00157514701146423,0,0.000368762278427234,0,0.0505692956436928,0,0,0,0,0.0641610192864644,0,0.0225432377715083,0,0,0,0,0,0,0,0,0,0,0,0.00196278562722096,0,0.000179993856734589,0,0.00656294323635132,0,0
0.000320574876591321,0,0.00779957433881392,0,0,0,0,0,0,0,0.0834310387860969,0,0,0,0,0,2.2914798296872e-05,0,0.000131969600679344,0,0.0569579610373217,0,0,0,0,0,0,0,0,0,5.00208525645012e-05,0,0,0,6.10745984755274e-05,0,3.29489530471096e-05,0,0.00997248779015681,1.04566717216948e-05,0.000313618893056166,8.72092147165661e-06,0.00607852780046479,0,0,9.73398072391207e-06,0.00289899437563251,0.000389768878341225,0.0046918722630752,0,0.00476169838092885,0,0,0,0.000103502896446665,0,0,0,0.000519025851942735,0,0.00113530454738608,0,0,0.0136991697793604,0,0,0,0,0,0,0,0,0,0.00283044643255249,0,0,0,0,0,0.000110885212864636,0,0.00238999459451861,0.000726276012097163,6.94795291609766e-06,0.0119946255774932,0,0.000641397290474734
0,1.69831282007007e-05,0,0.0175723088972995,0,0.000207194047999007,0,0.00645546551470458,0,6.82972531291168e-05,0,0.083082370064095,0,0.00375349068936936,0,0,3.71170955799343e-05,3.35768464906506e-06,0.00305407417912734,0.000391308711243757,0,0,0,0,0,0,0,8.62570886965841e-05,0,0,0,0,0,0,0,7.08965766452454e-05,2.78883781833242e-05,0.00197841104056987,0,0.004271449659068,0,0.0372674335554011,0.00010426200095848,0,0,0.0091360370666806,1.58028051425549e-05,1.66735372359164e-05,0.000397922101638352,0.00745622832682122,0,0,0,0.00778487294600275,0,0.00157514701146423,0,0,0,0.019670931237881,0,0,0.0235958716256519,4.95913929104196e-05,0,0,0,0,0,0,0.0194208075486369,0,0.0195562134876974,0,0,0,2.86393240153714e-05,0,0.00106463392140718,2.49643430834248e-05,0.00108732285378462,1.61664528217418e-05,0.000840462462932233,1.49090208227443e-06,0.0215041715865088,0.0167319649389588,0.000139009004575316
0.000240237715075316,0,0.0021566128106593,0,0,0,0.00417892540834897,0,0,0,0.00733092233711031,0,0.0158193881953767,0,0.000612069277833973,0,0,0,0,0,0,0,0,0,0,0,0,0,0,0,0,0,0,0,0,0,0,0,0,0,0,0,4.34710029536545e-05,0,0,0,0,0,0.000235197594873805,0,0.00661712516586284,0,0.000320887166147203,0,0.000107407727610621,0,0.000519025851942735,0,0,0,0.00547467000220879,0,0,0,0,0,0,0,0,0,0,0,0,0,0,0,0,0,0,0,0,0,0.000353763511350771,0,0.000110860887000519,0,0
0,0,0,0.00381302749517504,0,0,0,0,0,4.97692712307565e-05,0,0.00430818263096593,0,0.0396265547100747,0,0,0,0,0.000121798144406205,0,0,0,0,0,0,0,0,0.00058542275929979,0,0,0,0,0,0,0,1.46707410376736e-05,0,0,0,9.88701834770755e-05,0,0.00106090372295312,0,0,0,0.000299171172305006,1.58415344177471e-05,4.95526714732201e-05,2.05339870065537e-05,7.16838241484078e-05,0,0.00304471511284399,0,0,0,0.000368762278427234,0,0.019670931237881,0,0,0,0.000216758213224588,0.000897661167724569,0,0,0,0,0,0.00441292054633301,0,0.00909362080283059,0,4.90245770165253e-05,0,0,0,1.28170202770474e-05,0,1.02836890765256e-05,1.16016696376751e-06,8.1014690960562e-06,0,0.000155341502497744,0,0.000628886966491115,0.000407327127188533,0
0.00772998746471264,0,0.00305363520720435,0,0,0,0,0,0.000433999897195937,0,0,0,0,0,0.00491001832742607,0,0,0,0,0,0,0,0,0,0,0,0,0,0,0,0,0,0,0,0,0,0,0,0,0,0,0,0,0,0,0,0,0,0.0104229650016771,0,0,0,0,0,0.0339944242763595,0,0.00113530454738608,0,0.00547467000220879,0,0,0,0,0,0,0,0,0,0,0,0,0,0,0,0,0,0,0,0,0,0,0,5.83579883700393e-05,0,0,0,0
0,0.0338306840085329,0,0.000900626291504329,0,0,0,0,0,0.0204917013058921,0,0,0,0,0,0.0304219831889394,0,0,0,0,0,0,0,0,0,0.000781727032205755,0,0,0,0,0,0,0,0,0,0,0,0,0,0,0,0,0,0,0,0,0,0,0,0,0,0,0,0,0,0.0505692956436928,0,0,0,0.000216758213224588,0,0,0,0,0,0,0,0,0.00805977245380741,0,0,0,0,0,0,0,0,0,0,0,0,0,0.00010729723219266,0,0,0,0
0,0,0,0.000583703399227996,0,0.000226353183765704,0,0,0,0,0,0.0142255015979695,0,0,0,0,2.49026275170036e-05,0.000143145450073117,0.00221772105390472,0.084346226358176,0,0,0,0,0,0,0,0,0,0.000187575499732539,0,2.27233633853551e-05,0,0,0,0.00239748549985084,3.62866725438074e-05,0.00695068329164604,5.21448216229224e-06,0.0133305655516009,8.35348990568471e-06,0.00776542489399426,1.34571504504944e-05,0,0,0.049377588272264,7.22447208820597e-05,0.000191865540731435,0.00147017938364491,0.00324578806197841,0,0,0,0,0,0,0,0.0235958716256519,0,0.000897661167724569,0,0,0,5.03041022714657e-05,0,0,0,0,0,0,0.0022934372239345,0,0.0206074295723836,0,0,0,0.000144325960329784,0,0.0346424703017394,1.52898208389743e-05,0.0132648070642222,0,0.00109074595414417,8.76594565975131e-06,0.0109800691184894,0.00288070899708323,0.000230072019921106
0.000398648155847176,0,0.000383788592156606,0,0.0115206462393148,0,0,0,0,0,0.000179009148851828,0,0,0,0,0,0.000207790261879902,0.000223945330033147,0.00521134805360623,0,0.0708212283519674,0,0,0,0,0,0,0,0,0,0,0,0,0,0.000102202160401311,1.10228673683732e-05,0.00383203448180368,2.71112918369016e-06,0.00137184086131424,0.000732818522374329,0.00604522367276143,0.000144473282478463,0.00873303614839921,0,5.92005389954001e-05,0.000239266502604751,0.0480694096585278,0.000332407016584681,0.00592739443795243,1.64996401101021e-05,0.00838797639132098,0,0,0,0,0,0.0136991697793604,4.95913929104196e-05,0,0,0,0,5.03041022714657e-05,0,0,0,0,0,0,0,4.76265118545946e-06,2.12691491687388e-05,2.45110578157917e-05,0.0131744492374288,0,0,0,0,0.000104131590430077,0.0129301651318941,8.70182902805296e-05,0.0249726957502809,0.00189557815689805,0,0.0436591804634837,0.000133105026699777,0.000423917879576235
0,0,0,0,0,0,0,0,0,0,0,0,0,0,0,0,0,0.000750498591814791,0,0,0,0.101242076962171,0,0.0100816394585304,0,0.00251606368725684,0,6.27046453736567e-05,0,0,0,0,0,0,0,0,0,0.00222729899709494,0,0,0,0,0,0,0,0,0,0,0,0.0253408444503399,0,0,0,0,0,0,0,0,0,0,0,0,0,0,0,0,0.00574790806774063,0,0.00648306757463851,0,0.0108119745004806,0,0,0,0,0,0,0,0,0,0.00275791379210907,0,0.000912988653058075,0.000392039993191636,0.000168762939543156,0,0
0,0,0,0,0,0,0,0,0,0,0,0,0,0,0,0,0,0,0,0,0,5.81503500887094e-05,0.0937104713350254,0,0.00381838756576651,0,0.00247846871830896,0,0.00356344698003736,0,0,0,0,0,0,0,0,0,0.00249966622033544,0,0,0,0,0,0,0,0,7.12260313650456e-05,0.000576931108002006,0,0,0,0,0,0,0,0,0,0,0,0,0,0,0,0,0,0,0.000159513701018145,0,0.00484715251491223,0,0.00687030061867549,0,0,0,0,0,0,0,0,0,0.000425103137610597,0.000608918268636267,0.000972669728330846,0,0,0
0,0.0014913951050343,0,0,0,0,0,0,0,0.00961195907458221,0,0,0,0,0,0,0,0,0,0,0,0.00268405597875971,0,0.20633959630777,0,0.0249291822338389,0,0,0,0,0,0,0,0,0,0,0,0.00240335117672886,0,0,0,8.23371670505132e-05,0,0,0,0,0,0,0,0.0295638017632944,0,0,0,0,0,0.0641610192864644,0,0,0,0,0,0,0,0,0.00574790806774063,0,0,0,0.0280074048043025,0,0,0,0,0,0,0,0,0,0,0,0.00439288175601399,0,0.000243594694849134,0,0.00717688280711201,0,0
0,0,0,0,0,0,0,0,0.00135678392692438,0,0,0,0,0,0,0,0,0,0,0,0,0,0.000798404164041135,0,0.263193794405334,0,0.00731582350589627,0,0,0,0,0,0,0,0,0,0,0,0.0115554974161732,0,0,0,0,0,0,0,0,0.00067491553556136,0.00310791945756317,0,0,0,0,0,0.0467548039565328,0,0,0,0,0,0,0,0,0,0,0.000159513701018145,0,0,0,0.00628555797671984,0,0,0,0,0,0,0,0,0,0,0,0.00350751440980125,0.00017059983517307,0,0,0,0
0,0,0,0,0,0,0,0,0,0.00337617765502,0,0,0,0,0,0,0,0,0,0,0,0.00223477169068388,0,0.023731045180403,0,0.0585727739252475,0,0,0,0,0,0,0,0,0,0,0,0,0,0,0,1.75439218660937e-05,0,0,0,0,0,0,0,0.00552164234340467,0,0,0,0,0,0.0225432377715083,0,0,0,0.00441292054633301,0,0.00805977245380741,0,0,0.00648306757463851,0,0.0280074048043025,0,0,0,0.0424553946472345,0,0,0,0,0,0,0,0,0,0,0,8.3586794071574e-06,0,0.00223874743516288,0,0
